HA|PP755589.1|A/cattle/Texas/24-008749-003/2024(H5N1)	1	287
HA|PP755589.1|A/cattle/Texas/24-008749-003/2024(H5N1)	2	288
HA|PP755589.1|A/cattle/Texas/24-008749-003/2024(H5N1)	3	290
HA|PP755589.1|A/cattle/Texas/24-008749-003/2024(H5N1)	4	290
HA|PP755589.1|A/cattle/Texas/24-008749-003/2024(H5N1)	5	291
HA|PP755589.1|A/cattle/Texas/24-008749-003/2024(H5N1)	6	294
HA|PP755589.1|A/cattle/Texas/24-008749-003/2024(H5N1)	7	296
HA|PP755589.1|A/cattle/Texas/24-008749-003/2024(H5N1)	8	329
HA|PP755589.1|A/cattle/Texas/24-008749-003/2024(H5N1)	9	331
HA|PP755589.1|A/cattle/Texas/24-008749-003/2024(H5N1)	10	331
HA|PP755589.1|A/cattle/Texas/24-008749-003/2024(H5N1)	11	353
HA|PP755589.1|A/cattle/Texas/24-008749-003/2024(H5N1)	12	353
HA|PP755589.1|A/cattle/Texas/24-008749-003/2024(H5N1)	13	389
HA|PP755589.1|A/cattle/Texas/24-008749-003/2024(H5N1)	14	389
HA|PP755589.1|A/cattle/Texas/24-008749-003/2024(H5N1)	15	390
HA|PP755589.1|A/cattle/Texas/24-008749-003/2024(H5N1)	16	390
HA|PP755589.1|A/cattle/Texas/24-008749-003/2024(H5N1)	17	390
HA|PP755589.1|A/cattle/Texas/24-008749-003/2024(H5N1)	18	393
HA|PP755589.1|A/cattle/Texas/24-008749-003/2024(H5N1)	19	400
HA|PP755589.1|A/cattle/Texas/24-008749-003/2024(H5N1)	20	400
HA|PP755589.1|A/cattle/Texas/24-008749-003/2024(H5N1)	21	400
HA|PP755589.1|A/cattle/Texas/24-008749-003/2024(H5N1)	22	394
HA|PP755589.1|A/cattle/Texas/24-008749-003/2024(H5N1)	23	397
HA|PP755589.1|A/cattle/Texas/24-008749-003/2024(H5N1)	24	401
HA|PP755589.1|A/cattle/Texas/24-008749-003/2024(H5N1)	25	404
HA|PP755589.1|A/cattle/Texas/24-008749-003/2024(H5N1)	26	405
HA|PP755589.1|A/cattle/Texas/24-008749-003/2024(H5N1)	27	405
HA|PP755589.1|A/cattle/Texas/24-008749-003/2024(H5N1)	28	412
HA|PP755589.1|A/cattle/Texas/24-008749-003/2024(H5N1)	29	419
HA|PP755589.1|A/cattle/Texas/24-008749-003/2024(H5N1)	30	433
HA|PP755589.1|A/cattle/Texas/24-008749-003/2024(H5N1)	31	433
HA|PP755589.1|A/cattle/Texas/24-008749-003/2024(H5N1)	32	433
HA|PP755589.1|A/cattle/Texas/24-008749-003/2024(H5N1)	33	434
HA|PP755589.1|A/cattle/Texas/24-008749-003/2024(H5N1)	34	434
HA|PP755589.1|A/cattle/Texas/24-008749-003/2024(H5N1)	35	434
HA|PP755589.1|A/cattle/Texas/24-008749-003/2024(H5N1)	36	444
HA|PP755589.1|A/cattle/Texas/24-008749-003/2024(H5N1)	37	442
HA|PP755589.1|A/cattle/Texas/24-008749-003/2024(H5N1)	38	445
HA|PP755589.1|A/cattle/Texas/24-008749-003/2024(H5N1)	39	479
HA|PP755589.1|A/cattle/Texas/24-008749-003/2024(H5N1)	40	482
HA|PP755589.1|A/cattle/Texas/24-008749-003/2024(H5N1)	41	483
HA|PP755589.1|A/cattle/Texas/24-008749-003/2024(H5N1)	42	484
HA|PP755589.1|A/cattle/Texas/24-008749-003/2024(H5N1)	43	486
HA|PP755589.1|A/cattle/Texas/24-008749-003/2024(H5N1)	44	491
HA|PP755589.1|A/cattle/Texas/24-008749-003/2024(H5N1)	45	493
HA|PP755589.1|A/cattle/Texas/24-008749-003/2024(H5N1)	46	493
HA|PP755589.1|A/cattle/Texas/24-008749-003/2024(H5N1)	47	493
HA|PP755589.1|A/cattle/Texas/24-008749-003/2024(H5N1)	48	493
HA|PP755589.1|A/cattle/Texas/24-008749-003/2024(H5N1)	49	494
HA|PP755589.1|A/cattle/Texas/24-008749-003/2024(H5N1)	50	495
HA|PP755589.1|A/cattle/Texas/24-008749-003/2024(H5N1)	51	495
HA|PP755589.1|A/cattle/Texas/24-008749-003/2024(H5N1)	52	495
HA|PP755589.1|A/cattle/Texas/24-008749-003/2024(H5N1)	53	495
HA|PP755589.1|A/cattle/Texas/24-008749-003/2024(H5N1)	54	513
HA|PP755589.1|A/cattle/Texas/24-008749-003/2024(H5N1)	55	513
HA|PP755589.1|A/cattle/Texas/24-008749-003/2024(H5N1)	56	514
HA|PP755589.1|A/cattle/Texas/24-008749-003/2024(H5N1)	57	515
HA|PP755589.1|A/cattle/Texas/24-008749-003/2024(H5N1)	58	523
HA|PP755589.1|A/cattle/Texas/24-008749-003/2024(H5N1)	59	527
HA|PP755589.1|A/cattle/Texas/24-008749-003/2024(H5N1)	60	528
HA|PP755589.1|A/cattle/Texas/24-008749-003/2024(H5N1)	61	529
HA|PP755589.1|A/cattle/Texas/24-008749-003/2024(H5N1)	62	531
HA|PP755589.1|A/cattle/Texas/24-008749-003/2024(H5N1)	63	529
HA|PP755589.1|A/cattle/Texas/24-008749-003/2024(H5N1)	64	533
HA|PP755589.1|A/cattle/Texas/24-008749-003/2024(H5N1)	65	533
HA|PP755589.1|A/cattle/Texas/24-008749-003/2024(H5N1)	66	538
HA|PP755589.1|A/cattle/Texas/24-008749-003/2024(H5N1)	67	538
HA|PP755589.1|A/cattle/Texas/24-008749-003/2024(H5N1)	68	549
HA|PP755589.1|A/cattle/Texas/24-008749-003/2024(H5N1)	69	558
HA|PP755589.1|A/cattle/Texas/24-008749-003/2024(H5N1)	70	562
HA|PP755589.1|A/cattle/Texas/24-008749-003/2024(H5N1)	71	563
HA|PP755589.1|A/cattle/Texas/24-008749-003/2024(H5N1)	72	561
HA|PP755589.1|A/cattle/Texas/24-008749-003/2024(H5N1)	73	562
HA|PP755589.1|A/cattle/Texas/24-008749-003/2024(H5N1)	74	578
HA|PP755589.1|A/cattle/Texas/24-008749-003/2024(H5N1)	75	581
HA|PP755589.1|A/cattle/Texas/24-008749-003/2024(H5N1)	76	591
HA|PP755589.1|A/cattle/Texas/24-008749-003/2024(H5N1)	77	600
HA|PP755589.1|A/cattle/Texas/24-008749-003/2024(H5N1)	78	621
HA|PP755589.1|A/cattle/Texas/24-008749-003/2024(H5N1)	79	620
HA|PP755589.1|A/cattle/Texas/24-008749-003/2024(H5N1)	80	627
HA|PP755589.1|A/cattle/Texas/24-008749-003/2024(H5N1)	81	629
HA|PP755589.1|A/cattle/Texas/24-008749-003/2024(H5N1)	82	629
HA|PP755589.1|A/cattle/Texas/24-008749-003/2024(H5N1)	83	630
HA|PP755589.1|A/cattle/Texas/24-008749-003/2024(H5N1)	84	630
HA|PP755589.1|A/cattle/Texas/24-008749-003/2024(H5N1)	85	630
HA|PP755589.1|A/cattle/Texas/24-008749-003/2024(H5N1)	86	630
HA|PP755589.1|A/cattle/Texas/24-008749-003/2024(H5N1)	87	624
HA|PP755589.1|A/cattle/Texas/24-008749-003/2024(H5N1)	88	655
HA|PP755589.1|A/cattle/Texas/24-008749-003/2024(H5N1)	89	658
HA|PP755589.1|A/cattle/Texas/24-008749-003/2024(H5N1)	90	659
HA|PP755589.1|A/cattle/Texas/24-008749-003/2024(H5N1)	91	660
HA|PP755589.1|A/cattle/Texas/24-008749-003/2024(H5N1)	92	660
HA|PP755589.1|A/cattle/Texas/24-008749-003/2024(H5N1)	93	663
HA|PP755589.1|A/cattle/Texas/24-008749-003/2024(H5N1)	94	664
HA|PP755589.1|A/cattle/Texas/24-008749-003/2024(H5N1)	95	665
HA|PP755589.1|A/cattle/Texas/24-008749-003/2024(H5N1)	96	672
HA|PP755589.1|A/cattle/Texas/24-008749-003/2024(H5N1)	97	662
HA|PP755589.1|A/cattle/Texas/24-008749-003/2024(H5N1)	98	667
HA|PP755589.1|A/cattle/Texas/24-008749-003/2024(H5N1)	99	667
HA|PP755589.1|A/cattle/Texas/24-008749-003/2024(H5N1)	100	667
HA|PP755589.1|A/cattle/Texas/24-008749-003/2024(H5N1)	101	673
HA|PP755589.1|A/cattle/Texas/24-008749-003/2024(H5N1)	102	672
HA|PP755589.1|A/cattle/Texas/24-008749-003/2024(H5N1)	103	672
HA|PP755589.1|A/cattle/Texas/24-008749-003/2024(H5N1)	104	673
HA|PP755589.1|A/cattle/Texas/24-008749-003/2024(H5N1)	105	673
HA|PP755589.1|A/cattle/Texas/24-008749-003/2024(H5N1)	106	674
HA|PP755589.1|A/cattle/Texas/24-008749-003/2024(H5N1)	107	674
HA|PP755589.1|A/cattle/Texas/24-008749-003/2024(H5N1)	108	677
HA|PP755589.1|A/cattle/Texas/24-008749-003/2024(H5N1)	109	678
HA|PP755589.1|A/cattle/Texas/24-008749-003/2024(H5N1)	110	679
HA|PP755589.1|A/cattle/Texas/24-008749-003/2024(H5N1)	111	685
HA|PP755589.1|A/cattle/Texas/24-008749-003/2024(H5N1)	112	685
HA|PP755589.1|A/cattle/Texas/24-008749-003/2024(H5N1)	113	685
HA|PP755589.1|A/cattle/Texas/24-008749-003/2024(H5N1)	114	690
HA|PP755589.1|A/cattle/Texas/24-008749-003/2024(H5N1)	115	693
HA|PP755589.1|A/cattle/Texas/24-008749-003/2024(H5N1)	116	705
HA|PP755589.1|A/cattle/Texas/24-008749-003/2024(H5N1)	117	709
HA|PP755589.1|A/cattle/Texas/24-008749-003/2024(H5N1)	118	709
HA|PP755589.1|A/cattle/Texas/24-008749-003/2024(H5N1)	119	710
HA|PP755589.1|A/cattle/Texas/24-008749-003/2024(H5N1)	120	710
HA|PP755589.1|A/cattle/Texas/24-008749-003/2024(H5N1)	121	712
HA|PP755589.1|A/cattle/Texas/24-008749-003/2024(H5N1)	122	659
HA|PP755589.1|A/cattle/Texas/24-008749-003/2024(H5N1)	123	664
HA|PP755589.1|A/cattle/Texas/24-008749-003/2024(H5N1)	124	665
HA|PP755589.1|A/cattle/Texas/24-008749-003/2024(H5N1)	125	664
HA|PP755589.1|A/cattle/Texas/24-008749-003/2024(H5N1)	126	666
HA|PP755589.1|A/cattle/Texas/24-008749-003/2024(H5N1)	127	667
HA|PP755589.1|A/cattle/Texas/24-008749-003/2024(H5N1)	128	667
HA|PP755589.1|A/cattle/Texas/24-008749-003/2024(H5N1)	129	669
HA|PP755589.1|A/cattle/Texas/24-008749-003/2024(H5N1)	130	666
HA|PP755589.1|A/cattle/Texas/24-008749-003/2024(H5N1)	131	649
HA|PP755589.1|A/cattle/Texas/24-008749-003/2024(H5N1)	132	651
HA|PP755589.1|A/cattle/Texas/24-008749-003/2024(H5N1)	133	670
HA|PP755589.1|A/cattle/Texas/24-008749-003/2024(H5N1)	134	724
HA|PP755589.1|A/cattle/Texas/24-008749-003/2024(H5N1)	135	651
HA|PP755589.1|A/cattle/Texas/24-008749-003/2024(H5N1)	136	651
HA|PP755589.1|A/cattle/Texas/24-008749-003/2024(H5N1)	137	651
HA|PP755589.1|A/cattle/Texas/24-008749-003/2024(H5N1)	138	661
HA|PP755589.1|A/cattle/Texas/24-008749-003/2024(H5N1)	139	667
HA|PP755589.1|A/cattle/Texas/24-008749-003/2024(H5N1)	140	677
HA|PP755589.1|A/cattle/Texas/24-008749-003/2024(H5N1)	141	677
HA|PP755589.1|A/cattle/Texas/24-008749-003/2024(H5N1)	142	659
HA|PP755589.1|A/cattle/Texas/24-008749-003/2024(H5N1)	143	659
HA|PP755589.1|A/cattle/Texas/24-008749-003/2024(H5N1)	144	660
HA|PP755589.1|A/cattle/Texas/24-008749-003/2024(H5N1)	145	647
HA|PP755589.1|A/cattle/Texas/24-008749-003/2024(H5N1)	146	648
HA|PP755589.1|A/cattle/Texas/24-008749-003/2024(H5N1)	147	655
HA|PP755589.1|A/cattle/Texas/24-008749-003/2024(H5N1)	148	656
HA|PP755589.1|A/cattle/Texas/24-008749-003/2024(H5N1)	149	655
HA|PP755589.1|A/cattle/Texas/24-008749-003/2024(H5N1)	150	654
HA|PP755589.1|A/cattle/Texas/24-008749-003/2024(H5N1)	151	656
HA|PP755589.1|A/cattle/Texas/24-008749-003/2024(H5N1)	152	679
HA|PP755589.1|A/cattle/Texas/24-008749-003/2024(H5N1)	153	678
HA|PP755589.1|A/cattle/Texas/24-008749-003/2024(H5N1)	154	678
HA|PP755589.1|A/cattle/Texas/24-008749-003/2024(H5N1)	155	678
HA|PP755589.1|A/cattle/Texas/24-008749-003/2024(H5N1)	156	672
HA|PP755589.1|A/cattle/Texas/24-008749-003/2024(H5N1)	157	674
HA|PP755589.1|A/cattle/Texas/24-008749-003/2024(H5N1)	158	674
HA|PP755589.1|A/cattle/Texas/24-008749-003/2024(H5N1)	159	649
HA|PP755589.1|A/cattle/Texas/24-008749-003/2024(H5N1)	160	651
HA|PP755589.1|A/cattle/Texas/24-008749-003/2024(H5N1)	161	671
HA|PP755589.1|A/cattle/Texas/24-008749-003/2024(H5N1)	162	652
HA|PP755589.1|A/cattle/Texas/24-008749-003/2024(H5N1)	163	652
HA|PP755589.1|A/cattle/Texas/24-008749-003/2024(H5N1)	164	622
HA|PP755589.1|A/cattle/Texas/24-008749-003/2024(H5N1)	165	623
HA|PP755589.1|A/cattle/Texas/24-008749-003/2024(H5N1)	166	623
HA|PP755589.1|A/cattle/Texas/24-008749-003/2024(H5N1)	167	623
HA|PP755589.1|A/cattle/Texas/24-008749-003/2024(H5N1)	168	626
HA|PP755589.1|A/cattle/Texas/24-008749-003/2024(H5N1)	169	631
HA|PP755589.1|A/cattle/Texas/24-008749-003/2024(H5N1)	170	622
HA|PP755589.1|A/cattle/Texas/24-008749-003/2024(H5N1)	171	624
HA|PP755589.1|A/cattle/Texas/24-008749-003/2024(H5N1)	172	622
HA|PP755589.1|A/cattle/Texas/24-008749-003/2024(H5N1)	173	623
HA|PP755589.1|A/cattle/Texas/24-008749-003/2024(H5N1)	174	652
HA|PP755589.1|A/cattle/Texas/24-008749-003/2024(H5N1)	175	651
HA|PP755589.1|A/cattle/Texas/24-008749-003/2024(H5N1)	176	669
HA|PP755589.1|A/cattle/Texas/24-008749-003/2024(H5N1)	177	682
HA|PP755589.1|A/cattle/Texas/24-008749-003/2024(H5N1)	178	678
HA|PP755589.1|A/cattle/Texas/24-008749-003/2024(H5N1)	179	679
HA|PP755589.1|A/cattle/Texas/24-008749-003/2024(H5N1)	180	684
HA|PP755589.1|A/cattle/Texas/24-008749-003/2024(H5N1)	181	672
HA|PP755589.1|A/cattle/Texas/24-008749-003/2024(H5N1)	182	672
HA|PP755589.1|A/cattle/Texas/24-008749-003/2024(H5N1)	183	676
HA|PP755589.1|A/cattle/Texas/24-008749-003/2024(H5N1)	184	675
HA|PP755589.1|A/cattle/Texas/24-008749-003/2024(H5N1)	185	673
HA|PP755589.1|A/cattle/Texas/24-008749-003/2024(H5N1)	186	676
HA|PP755589.1|A/cattle/Texas/24-008749-003/2024(H5N1)	187	676
HA|PP755589.1|A/cattle/Texas/24-008749-003/2024(H5N1)	188	683
HA|PP755589.1|A/cattle/Texas/24-008749-003/2024(H5N1)	189	678
HA|PP755589.1|A/cattle/Texas/24-008749-003/2024(H5N1)	190	664
HA|PP755589.1|A/cattle/Texas/24-008749-003/2024(H5N1)	191	661
HA|PP755589.1|A/cattle/Texas/24-008749-003/2024(H5N1)	192	662
HA|PP755589.1|A/cattle/Texas/24-008749-003/2024(H5N1)	193	663
HA|PP755589.1|A/cattle/Texas/24-008749-003/2024(H5N1)	194	659
HA|PP755589.1|A/cattle/Texas/24-008749-003/2024(H5N1)	195	656
HA|PP755589.1|A/cattle/Texas/24-008749-003/2024(H5N1)	196	658
HA|PP755589.1|A/cattle/Texas/24-008749-003/2024(H5N1)	197	663
HA|PP755589.1|A/cattle/Texas/24-008749-003/2024(H5N1)	198	668
HA|PP755589.1|A/cattle/Texas/24-008749-003/2024(H5N1)	199	674
HA|PP755589.1|A/cattle/Texas/24-008749-003/2024(H5N1)	200	687
HA|PP755589.1|A/cattle/Texas/24-008749-003/2024(H5N1)	201	686
HA|PP755589.1|A/cattle/Texas/24-008749-003/2024(H5N1)	202	686
HA|PP755589.1|A/cattle/Texas/24-008749-003/2024(H5N1)	203	686
HA|PP755589.1|A/cattle/Texas/24-008749-003/2024(H5N1)	204	689
HA|PP755589.1|A/cattle/Texas/24-008749-003/2024(H5N1)	205	680
HA|PP755589.1|A/cattle/Texas/24-008749-003/2024(H5N1)	206	680
HA|PP755589.1|A/cattle/Texas/24-008749-003/2024(H5N1)	207	692
HA|PP755589.1|A/cattle/Texas/24-008749-003/2024(H5N1)	208	695
HA|PP755589.1|A/cattle/Texas/24-008749-003/2024(H5N1)	209	688
HA|PP755589.1|A/cattle/Texas/24-008749-003/2024(H5N1)	210	696
HA|PP755589.1|A/cattle/Texas/24-008749-003/2024(H5N1)	211	700
HA|PP755589.1|A/cattle/Texas/24-008749-003/2024(H5N1)	212	706
HA|PP755589.1|A/cattle/Texas/24-008749-003/2024(H5N1)	213	713
HA|PP755589.1|A/cattle/Texas/24-008749-003/2024(H5N1)	214	713
HA|PP755589.1|A/cattle/Texas/24-008749-003/2024(H5N1)	215	729
HA|PP755589.1|A/cattle/Texas/24-008749-003/2024(H5N1)	216	725
HA|PP755589.1|A/cattle/Texas/24-008749-003/2024(H5N1)	217	734
HA|PP755589.1|A/cattle/Texas/24-008749-003/2024(H5N1)	218	734
HA|PP755589.1|A/cattle/Texas/24-008749-003/2024(H5N1)	219	720
HA|PP755589.1|A/cattle/Texas/24-008749-003/2024(H5N1)	220	718
HA|PP755589.1|A/cattle/Texas/24-008749-003/2024(H5N1)	221	719
HA|PP755589.1|A/cattle/Texas/24-008749-003/2024(H5N1)	222	717
HA|PP755589.1|A/cattle/Texas/24-008749-003/2024(H5N1)	223	724
HA|PP755589.1|A/cattle/Texas/24-008749-003/2024(H5N1)	224	707
HA|PP755589.1|A/cattle/Texas/24-008749-003/2024(H5N1)	225	705
HA|PP755589.1|A/cattle/Texas/24-008749-003/2024(H5N1)	226	724
HA|PP755589.1|A/cattle/Texas/24-008749-003/2024(H5N1)	227	713
HA|PP755589.1|A/cattle/Texas/24-008749-003/2024(H5N1)	228	711
HA|PP755589.1|A/cattle/Texas/24-008749-003/2024(H5N1)	229	683
HA|PP755589.1|A/cattle/Texas/24-008749-003/2024(H5N1)	230	682
HA|PP755589.1|A/cattle/Texas/24-008749-003/2024(H5N1)	231	683
HA|PP755589.1|A/cattle/Texas/24-008749-003/2024(H5N1)	232	680
HA|PP755589.1|A/cattle/Texas/24-008749-003/2024(H5N1)	233	682
HA|PP755589.1|A/cattle/Texas/24-008749-003/2024(H5N1)	234	684
HA|PP755589.1|A/cattle/Texas/24-008749-003/2024(H5N1)	235	684
HA|PP755589.1|A/cattle/Texas/24-008749-003/2024(H5N1)	236	684
HA|PP755589.1|A/cattle/Texas/24-008749-003/2024(H5N1)	237	684
HA|PP755589.1|A/cattle/Texas/24-008749-003/2024(H5N1)	238	691
HA|PP755589.1|A/cattle/Texas/24-008749-003/2024(H5N1)	239	664
HA|PP755589.1|A/cattle/Texas/24-008749-003/2024(H5N1)	240	665
HA|PP755589.1|A/cattle/Texas/24-008749-003/2024(H5N1)	241	664
HA|PP755589.1|A/cattle/Texas/24-008749-003/2024(H5N1)	242	664
HA|PP755589.1|A/cattle/Texas/24-008749-003/2024(H5N1)	243	662
HA|PP755589.1|A/cattle/Texas/24-008749-003/2024(H5N1)	244	662
HA|PP755589.1|A/cattle/Texas/24-008749-003/2024(H5N1)	245	667
HA|PP755589.1|A/cattle/Texas/24-008749-003/2024(H5N1)	246	668
HA|PP755589.1|A/cattle/Texas/24-008749-003/2024(H5N1)	247	677
HA|PP755589.1|A/cattle/Texas/24-008749-003/2024(H5N1)	248	677
HA|PP755589.1|A/cattle/Texas/24-008749-003/2024(H5N1)	249	672
HA|PP755589.1|A/cattle/Texas/24-008749-003/2024(H5N1)	250	672
HA|PP755589.1|A/cattle/Texas/24-008749-003/2024(H5N1)	251	673
HA|PP755589.1|A/cattle/Texas/24-008749-003/2024(H5N1)	252	667
HA|PP755589.1|A/cattle/Texas/24-008749-003/2024(H5N1)	253	668
HA|PP755589.1|A/cattle/Texas/24-008749-003/2024(H5N1)	254	667
HA|PP755589.1|A/cattle/Texas/24-008749-003/2024(H5N1)	255	682
HA|PP755589.1|A/cattle/Texas/24-008749-003/2024(H5N1)	256	682
HA|PP755589.1|A/cattle/Texas/24-008749-003/2024(H5N1)	257	687
HA|PP755589.1|A/cattle/Texas/24-008749-003/2024(H5N1)	258	691
HA|PP755589.1|A/cattle/Texas/24-008749-003/2024(H5N1)	259	691
HA|PP755589.1|A/cattle/Texas/24-008749-003/2024(H5N1)	260	694
HA|PP755589.1|A/cattle/Texas/24-008749-003/2024(H5N1)	261	694
HA|PP755589.1|A/cattle/Texas/24-008749-003/2024(H5N1)	262	688
HA|PP755589.1|A/cattle/Texas/24-008749-003/2024(H5N1)	263	691
HA|PP755589.1|A/cattle/Texas/24-008749-003/2024(H5N1)	264	688
HA|PP755589.1|A/cattle/Texas/24-008749-003/2024(H5N1)	265	705
HA|PP755589.1|A/cattle/Texas/24-008749-003/2024(H5N1)	266	708
HA|PP755589.1|A/cattle/Texas/24-008749-003/2024(H5N1)	267	696
HA|PP755589.1|A/cattle/Texas/24-008749-003/2024(H5N1)	268	696
HA|PP755589.1|A/cattle/Texas/24-008749-003/2024(H5N1)	269	695
HA|PP755589.1|A/cattle/Texas/24-008749-003/2024(H5N1)	270	697
HA|PP755589.1|A/cattle/Texas/24-008749-003/2024(H5N1)	271	699
HA|PP755589.1|A/cattle/Texas/24-008749-003/2024(H5N1)	272	702
HA|PP755589.1|A/cattle/Texas/24-008749-003/2024(H5N1)	273	646
HA|PP755589.1|A/cattle/Texas/24-008749-003/2024(H5N1)	274	637
HA|PP755589.1|A/cattle/Texas/24-008749-003/2024(H5N1)	275	638
HA|PP755589.1|A/cattle/Texas/24-008749-003/2024(H5N1)	276	723
HA|PP755589.1|A/cattle/Texas/24-008749-003/2024(H5N1)	277	723
HA|PP755589.1|A/cattle/Texas/24-008749-003/2024(H5N1)	278	731
HA|PP755589.1|A/cattle/Texas/24-008749-003/2024(H5N1)	279	733
HA|PP755589.1|A/cattle/Texas/24-008749-003/2024(H5N1)	280	732
HA|PP755589.1|A/cattle/Texas/24-008749-003/2024(H5N1)	281	750
HA|PP755589.1|A/cattle/Texas/24-008749-003/2024(H5N1)	282	744
HA|PP755589.1|A/cattle/Texas/24-008749-003/2024(H5N1)	283	747
HA|PP755589.1|A/cattle/Texas/24-008749-003/2024(H5N1)	284	739
HA|PP755589.1|A/cattle/Texas/24-008749-003/2024(H5N1)	285	661
HA|PP755589.1|A/cattle/Texas/24-008749-003/2024(H5N1)	286	681
HA|PP755589.1|A/cattle/Texas/24-008749-003/2024(H5N1)	287	689
HA|PP755589.1|A/cattle/Texas/24-008749-003/2024(H5N1)	288	690
HA|PP755589.1|A/cattle/Texas/24-008749-003/2024(H5N1)	289	692
HA|PP755589.1|A/cattle/Texas/24-008749-003/2024(H5N1)	290	684
HA|PP755589.1|A/cattle/Texas/24-008749-003/2024(H5N1)	291	685
HA|PP755589.1|A/cattle/Texas/24-008749-003/2024(H5N1)	292	702
HA|PP755589.1|A/cattle/Texas/24-008749-003/2024(H5N1)	293	703
HA|PP755589.1|A/cattle/Texas/24-008749-003/2024(H5N1)	294	737
HA|PP755589.1|A/cattle/Texas/24-008749-003/2024(H5N1)	295	738
HA|PP755589.1|A/cattle/Texas/24-008749-003/2024(H5N1)	296	750
HA|PP755589.1|A/cattle/Texas/24-008749-003/2024(H5N1)	297	749
HA|PP755589.1|A/cattle/Texas/24-008749-003/2024(H5N1)	298	753
HA|PP755589.1|A/cattle/Texas/24-008749-003/2024(H5N1)	299	760
HA|PP755589.1|A/cattle/Texas/24-008749-003/2024(H5N1)	300	763
HA|PP755589.1|A/cattle/Texas/24-008749-003/2024(H5N1)	301	762
HA|PP755589.1|A/cattle/Texas/24-008749-003/2024(H5N1)	302	763
HA|PP755589.1|A/cattle/Texas/24-008749-003/2024(H5N1)	303	726
HA|PP755589.1|A/cattle/Texas/24-008749-003/2024(H5N1)	304	733
HA|PP755589.1|A/cattle/Texas/24-008749-003/2024(H5N1)	305	746
HA|PP755589.1|A/cattle/Texas/24-008749-003/2024(H5N1)	306	746
HA|PP755589.1|A/cattle/Texas/24-008749-003/2024(H5N1)	307	746
HA|PP755589.1|A/cattle/Texas/24-008749-003/2024(H5N1)	308	744
HA|PP755589.1|A/cattle/Texas/24-008749-003/2024(H5N1)	309	749
HA|PP755589.1|A/cattle/Texas/24-008749-003/2024(H5N1)	310	752
HA|PP755589.1|A/cattle/Texas/24-008749-003/2024(H5N1)	311	778
HA|PP755589.1|A/cattle/Texas/24-008749-003/2024(H5N1)	312	760
HA|PP755589.1|A/cattle/Texas/24-008749-003/2024(H5N1)	313	757
HA|PP755589.1|A/cattle/Texas/24-008749-003/2024(H5N1)	314	778
HA|PP755589.1|A/cattle/Texas/24-008749-003/2024(H5N1)	315	816
HA|PP755589.1|A/cattle/Texas/24-008749-003/2024(H5N1)	316	817
HA|PP755589.1|A/cattle/Texas/24-008749-003/2024(H5N1)	317	834
HA|PP755589.1|A/cattle/Texas/24-008749-003/2024(H5N1)	318	841
HA|PP755589.1|A/cattle/Texas/24-008749-003/2024(H5N1)	319	854
HA|PP755589.1|A/cattle/Texas/24-008749-003/2024(H5N1)	320	867
HA|PP755589.1|A/cattle/Texas/24-008749-003/2024(H5N1)	321	874
HA|PP755589.1|A/cattle/Texas/24-008749-003/2024(H5N1)	322	874
HA|PP755589.1|A/cattle/Texas/24-008749-003/2024(H5N1)	323	873
HA|PP755589.1|A/cattle/Texas/24-008749-003/2024(H5N1)	324	834
HA|PP755589.1|A/cattle/Texas/24-008749-003/2024(H5N1)	325	837
HA|PP755589.1|A/cattle/Texas/24-008749-003/2024(H5N1)	326	840
HA|PP755589.1|A/cattle/Texas/24-008749-003/2024(H5N1)	327	822
HA|PP755589.1|A/cattle/Texas/24-008749-003/2024(H5N1)	328	807
HA|PP755589.1|A/cattle/Texas/24-008749-003/2024(H5N1)	329	827
HA|PP755589.1|A/cattle/Texas/24-008749-003/2024(H5N1)	330	826
HA|PP755589.1|A/cattle/Texas/24-008749-003/2024(H5N1)	331	837
HA|PP755589.1|A/cattle/Texas/24-008749-003/2024(H5N1)	332	839
HA|PP755589.1|A/cattle/Texas/24-008749-003/2024(H5N1)	333	842
HA|PP755589.1|A/cattle/Texas/24-008749-003/2024(H5N1)	334	837
HA|PP755589.1|A/cattle/Texas/24-008749-003/2024(H5N1)	335	836
HA|PP755589.1|A/cattle/Texas/24-008749-003/2024(H5N1)	336	830
HA|PP755589.1|A/cattle/Texas/24-008749-003/2024(H5N1)	337	828
HA|PP755589.1|A/cattle/Texas/24-008749-003/2024(H5N1)	338	818
HA|PP755589.1|A/cattle/Texas/24-008749-003/2024(H5N1)	339	827
HA|PP755589.1|A/cattle/Texas/24-008749-003/2024(H5N1)	340	824
HA|PP755589.1|A/cattle/Texas/24-008749-003/2024(H5N1)	341	829
HA|PP755589.1|A/cattle/Texas/24-008749-003/2024(H5N1)	342	833
HA|PP755589.1|A/cattle/Texas/24-008749-003/2024(H5N1)	343	832
HA|PP755589.1|A/cattle/Texas/24-008749-003/2024(H5N1)	344	834
HA|PP755589.1|A/cattle/Texas/24-008749-003/2024(H5N1)	345	833
HA|PP755589.1|A/cattle/Texas/24-008749-003/2024(H5N1)	346	838
HA|PP755589.1|A/cattle/Texas/24-008749-003/2024(H5N1)	347	844
HA|PP755589.1|A/cattle/Texas/24-008749-003/2024(H5N1)	348	842
HA|PP755589.1|A/cattle/Texas/24-008749-003/2024(H5N1)	349	836
HA|PP755589.1|A/cattle/Texas/24-008749-003/2024(H5N1)	350	828
HA|PP755589.1|A/cattle/Texas/24-008749-003/2024(H5N1)	351	831
HA|PP755589.1|A/cattle/Texas/24-008749-003/2024(H5N1)	352	829
HA|PP755589.1|A/cattle/Texas/24-008749-003/2024(H5N1)	353	831
HA|PP755589.1|A/cattle/Texas/24-008749-003/2024(H5N1)	354	831
HA|PP755589.1|A/cattle/Texas/24-008749-003/2024(H5N1)	355	833
HA|PP755589.1|A/cattle/Texas/24-008749-003/2024(H5N1)	356	830
HA|PP755589.1|A/cattle/Texas/24-008749-003/2024(H5N1)	357	823
HA|PP755589.1|A/cattle/Texas/24-008749-003/2024(H5N1)	358	821
HA|PP755589.1|A/cattle/Texas/24-008749-003/2024(H5N1)	359	820
HA|PP755589.1|A/cattle/Texas/24-008749-003/2024(H5N1)	360	820
HA|PP755589.1|A/cattle/Texas/24-008749-003/2024(H5N1)	361	809
HA|PP755589.1|A/cattle/Texas/24-008749-003/2024(H5N1)	362	804
HA|PP755589.1|A/cattle/Texas/24-008749-003/2024(H5N1)	363	802
HA|PP755589.1|A/cattle/Texas/24-008749-003/2024(H5N1)	364	794
HA|PP755589.1|A/cattle/Texas/24-008749-003/2024(H5N1)	365	795
HA|PP755589.1|A/cattle/Texas/24-008749-003/2024(H5N1)	366	780
HA|PP755589.1|A/cattle/Texas/24-008749-003/2024(H5N1)	367	772
HA|PP755589.1|A/cattle/Texas/24-008749-003/2024(H5N1)	368	785
HA|PP755589.1|A/cattle/Texas/24-008749-003/2024(H5N1)	369	788
HA|PP755589.1|A/cattle/Texas/24-008749-003/2024(H5N1)	370	812
HA|PP755589.1|A/cattle/Texas/24-008749-003/2024(H5N1)	371	813
HA|PP755589.1|A/cattle/Texas/24-008749-003/2024(H5N1)	372	805
HA|PP755589.1|A/cattle/Texas/24-008749-003/2024(H5N1)	373	804
HA|PP755589.1|A/cattle/Texas/24-008749-003/2024(H5N1)	374	803
HA|PP755589.1|A/cattle/Texas/24-008749-003/2024(H5N1)	375	803
HA|PP755589.1|A/cattle/Texas/24-008749-003/2024(H5N1)	376	803
HA|PP755589.1|A/cattle/Texas/24-008749-003/2024(H5N1)	377	783
HA|PP755589.1|A/cattle/Texas/24-008749-003/2024(H5N1)	378	784
HA|PP755589.1|A/cattle/Texas/24-008749-003/2024(H5N1)	379	783
HA|PP755589.1|A/cattle/Texas/24-008749-003/2024(H5N1)	380	783
HA|PP755589.1|A/cattle/Texas/24-008749-003/2024(H5N1)	381	785
HA|PP755589.1|A/cattle/Texas/24-008749-003/2024(H5N1)	382	786
HA|PP755589.1|A/cattle/Texas/24-008749-003/2024(H5N1)	383	801
HA|PP755589.1|A/cattle/Texas/24-008749-003/2024(H5N1)	384	799
HA|PP755589.1|A/cattle/Texas/24-008749-003/2024(H5N1)	385	800
HA|PP755589.1|A/cattle/Texas/24-008749-003/2024(H5N1)	386	800
HA|PP755589.1|A/cattle/Texas/24-008749-003/2024(H5N1)	387	811
HA|PP755589.1|A/cattle/Texas/24-008749-003/2024(H5N1)	388	832
HA|PP755589.1|A/cattle/Texas/24-008749-003/2024(H5N1)	389	821
HA|PP755589.1|A/cattle/Texas/24-008749-003/2024(H5N1)	390	821
HA|PP755589.1|A/cattle/Texas/24-008749-003/2024(H5N1)	391	818
HA|PP755589.1|A/cattle/Texas/24-008749-003/2024(H5N1)	392	818
HA|PP755589.1|A/cattle/Texas/24-008749-003/2024(H5N1)	393	823
HA|PP755589.1|A/cattle/Texas/24-008749-003/2024(H5N1)	394	838
HA|PP755589.1|A/cattle/Texas/24-008749-003/2024(H5N1)	395	839
HA|PP755589.1|A/cattle/Texas/24-008749-003/2024(H5N1)	396	827
HA|PP755589.1|A/cattle/Texas/24-008749-003/2024(H5N1)	397	817
HA|PP755589.1|A/cattle/Texas/24-008749-003/2024(H5N1)	398	866
HA|PP755589.1|A/cattle/Texas/24-008749-003/2024(H5N1)	399	871
HA|PP755589.1|A/cattle/Texas/24-008749-003/2024(H5N1)	400	874
HA|PP755589.1|A/cattle/Texas/24-008749-003/2024(H5N1)	401	874
HA|PP755589.1|A/cattle/Texas/24-008749-003/2024(H5N1)	402	875
HA|PP755589.1|A/cattle/Texas/24-008749-003/2024(H5N1)	403	875
HA|PP755589.1|A/cattle/Texas/24-008749-003/2024(H5N1)	404	873
HA|PP755589.1|A/cattle/Texas/24-008749-003/2024(H5N1)	405	874
HA|PP755589.1|A/cattle/Texas/24-008749-003/2024(H5N1)	406	859
HA|PP755589.1|A/cattle/Texas/24-008749-003/2024(H5N1)	407	864
HA|PP755589.1|A/cattle/Texas/24-008749-003/2024(H5N1)	408	859
HA|PP755589.1|A/cattle/Texas/24-008749-003/2024(H5N1)	409	855
HA|PP755589.1|A/cattle/Texas/24-008749-003/2024(H5N1)	410	853
HA|PP755589.1|A/cattle/Texas/24-008749-003/2024(H5N1)	411	849
HA|PP755589.1|A/cattle/Texas/24-008749-003/2024(H5N1)	412	849
HA|PP755589.1|A/cattle/Texas/24-008749-003/2024(H5N1)	413	853
HA|PP755589.1|A/cattle/Texas/24-008749-003/2024(H5N1)	414	853
HA|PP755589.1|A/cattle/Texas/24-008749-003/2024(H5N1)	415	836
HA|PP755589.1|A/cattle/Texas/24-008749-003/2024(H5N1)	416	834
HA|PP755589.1|A/cattle/Texas/24-008749-003/2024(H5N1)	417	839
HA|PP755589.1|A/cattle/Texas/24-008749-003/2024(H5N1)	418	839
HA|PP755589.1|A/cattle/Texas/24-008749-003/2024(H5N1)	419	850
HA|PP755589.1|A/cattle/Texas/24-008749-003/2024(H5N1)	420	854
HA|PP755589.1|A/cattle/Texas/24-008749-003/2024(H5N1)	421	890
HA|PP755589.1|A/cattle/Texas/24-008749-003/2024(H5N1)	422	886
HA|PP755589.1|A/cattle/Texas/24-008749-003/2024(H5N1)	423	892
HA|PP755589.1|A/cattle/Texas/24-008749-003/2024(H5N1)	424	892
HA|PP755589.1|A/cattle/Texas/24-008749-003/2024(H5N1)	425	893
HA|PP755589.1|A/cattle/Texas/24-008749-003/2024(H5N1)	426	897
HA|PP755589.1|A/cattle/Texas/24-008749-003/2024(H5N1)	427	823
HA|PP755589.1|A/cattle/Texas/24-008749-003/2024(H5N1)	428	834
HA|PP755589.1|A/cattle/Texas/24-008749-003/2024(H5N1)	429	843
HA|PP755589.1|A/cattle/Texas/24-008749-003/2024(H5N1)	430	849
HA|PP755589.1|A/cattle/Texas/24-008749-003/2024(H5N1)	431	869
HA|PP755589.1|A/cattle/Texas/24-008749-003/2024(H5N1)	432	872
HA|PP755589.1|A/cattle/Texas/24-008749-003/2024(H5N1)	433	877
HA|PP755589.1|A/cattle/Texas/24-008749-003/2024(H5N1)	434	876
HA|PP755589.1|A/cattle/Texas/24-008749-003/2024(H5N1)	435	875
HA|PP755589.1|A/cattle/Texas/24-008749-003/2024(H5N1)	436	881
HA|PP755589.1|A/cattle/Texas/24-008749-003/2024(H5N1)	437	864
HA|PP755589.1|A/cattle/Texas/24-008749-003/2024(H5N1)	438	879
HA|PP755589.1|A/cattle/Texas/24-008749-003/2024(H5N1)	439	872
HA|PP755589.1|A/cattle/Texas/24-008749-003/2024(H5N1)	440	848
HA|PP755589.1|A/cattle/Texas/24-008749-003/2024(H5N1)	441	851
HA|PP755589.1|A/cattle/Texas/24-008749-003/2024(H5N1)	442	835
HA|PP755589.1|A/cattle/Texas/24-008749-003/2024(H5N1)	443	836
HA|PP755589.1|A/cattle/Texas/24-008749-003/2024(H5N1)	444	805
HA|PP755589.1|A/cattle/Texas/24-008749-003/2024(H5N1)	445	804
HA|PP755589.1|A/cattle/Texas/24-008749-003/2024(H5N1)	446	809
HA|PP755589.1|A/cattle/Texas/24-008749-003/2024(H5N1)	447	801
HA|PP755589.1|A/cattle/Texas/24-008749-003/2024(H5N1)	448	803
HA|PP755589.1|A/cattle/Texas/24-008749-003/2024(H5N1)	449	813
HA|PP755589.1|A/cattle/Texas/24-008749-003/2024(H5N1)	450	803
HA|PP755589.1|A/cattle/Texas/24-008749-003/2024(H5N1)	451	809
HA|PP755589.1|A/cattle/Texas/24-008749-003/2024(H5N1)	452	858
HA|PP755589.1|A/cattle/Texas/24-008749-003/2024(H5N1)	453	861
HA|PP755589.1|A/cattle/Texas/24-008749-003/2024(H5N1)	454	874
HA|PP755589.1|A/cattle/Texas/24-008749-003/2024(H5N1)	455	866
HA|PP755589.1|A/cattle/Texas/24-008749-003/2024(H5N1)	456	884
HA|PP755589.1|A/cattle/Texas/24-008749-003/2024(H5N1)	457	891
HA|PP755589.1|A/cattle/Texas/24-008749-003/2024(H5N1)	458	889
HA|PP755589.1|A/cattle/Texas/24-008749-003/2024(H5N1)	459	892
HA|PP755589.1|A/cattle/Texas/24-008749-003/2024(H5N1)	460	881
HA|PP755589.1|A/cattle/Texas/24-008749-003/2024(H5N1)	461	842
HA|PP755589.1|A/cattle/Texas/24-008749-003/2024(H5N1)	462	843
HA|PP755589.1|A/cattle/Texas/24-008749-003/2024(H5N1)	463	848
HA|PP755589.1|A/cattle/Texas/24-008749-003/2024(H5N1)	464	849
HA|PP755589.1|A/cattle/Texas/24-008749-003/2024(H5N1)	465	820
HA|PP755589.1|A/cattle/Texas/24-008749-003/2024(H5N1)	466	790
HA|PP755589.1|A/cattle/Texas/24-008749-003/2024(H5N1)	467	780
HA|PP755589.1|A/cattle/Texas/24-008749-003/2024(H5N1)	468	775
HA|PP755589.1|A/cattle/Texas/24-008749-003/2024(H5N1)	469	769
HA|PP755589.1|A/cattle/Texas/24-008749-003/2024(H5N1)	470	751
HA|PP755589.1|A/cattle/Texas/24-008749-003/2024(H5N1)	471	746
HA|PP755589.1|A/cattle/Texas/24-008749-003/2024(H5N1)	472	746
HA|PP755589.1|A/cattle/Texas/24-008749-003/2024(H5N1)	473	750
HA|PP755589.1|A/cattle/Texas/24-008749-003/2024(H5N1)	474	750
HA|PP755589.1|A/cattle/Texas/24-008749-003/2024(H5N1)	475	744
HA|PP755589.1|A/cattle/Texas/24-008749-003/2024(H5N1)	476	745
HA|PP755589.1|A/cattle/Texas/24-008749-003/2024(H5N1)	477	748
HA|PP755589.1|A/cattle/Texas/24-008749-003/2024(H5N1)	478	747
HA|PP755589.1|A/cattle/Texas/24-008749-003/2024(H5N1)	479	747
HA|PP755589.1|A/cattle/Texas/24-008749-003/2024(H5N1)	480	725
HA|PP755589.1|A/cattle/Texas/24-008749-003/2024(H5N1)	481	725
HA|PP755589.1|A/cattle/Texas/24-008749-003/2024(H5N1)	482	718
HA|PP755589.1|A/cattle/Texas/24-008749-003/2024(H5N1)	483	716
HA|PP755589.1|A/cattle/Texas/24-008749-003/2024(H5N1)	484	717
HA|PP755589.1|A/cattle/Texas/24-008749-003/2024(H5N1)	485	720
HA|PP755589.1|A/cattle/Texas/24-008749-003/2024(H5N1)	486	721
HA|PP755589.1|A/cattle/Texas/24-008749-003/2024(H5N1)	487	726
HA|PP755589.1|A/cattle/Texas/24-008749-003/2024(H5N1)	488	725
HA|PP755589.1|A/cattle/Texas/24-008749-003/2024(H5N1)	489	732
HA|PP755589.1|A/cattle/Texas/24-008749-003/2024(H5N1)	490	731
HA|PP755589.1|A/cattle/Texas/24-008749-003/2024(H5N1)	491	732
HA|PP755589.1|A/cattle/Texas/24-008749-003/2024(H5N1)	492	725
HA|PP755589.1|A/cattle/Texas/24-008749-003/2024(H5N1)	493	724
HA|PP755589.1|A/cattle/Texas/24-008749-003/2024(H5N1)	494	722
HA|PP755589.1|A/cattle/Texas/24-008749-003/2024(H5N1)	495	724
HA|PP755589.1|A/cattle/Texas/24-008749-003/2024(H5N1)	496	719
HA|PP755589.1|A/cattle/Texas/24-008749-003/2024(H5N1)	497	719
HA|PP755589.1|A/cattle/Texas/24-008749-003/2024(H5N1)	498	714
HA|PP755589.1|A/cattle/Texas/24-008749-003/2024(H5N1)	499	714
HA|PP755589.1|A/cattle/Texas/24-008749-003/2024(H5N1)	500	710
HA|PP755589.1|A/cattle/Texas/24-008749-003/2024(H5N1)	501	708
HA|PP755589.1|A/cattle/Texas/24-008749-003/2024(H5N1)	502	709
HA|PP755589.1|A/cattle/Texas/24-008749-003/2024(H5N1)	503	709
HA|PP755589.1|A/cattle/Texas/24-008749-003/2024(H5N1)	504	710
HA|PP755589.1|A/cattle/Texas/24-008749-003/2024(H5N1)	505	710
HA|PP755589.1|A/cattle/Texas/24-008749-003/2024(H5N1)	506	708
HA|PP755589.1|A/cattle/Texas/24-008749-003/2024(H5N1)	507	718
HA|PP755589.1|A/cattle/Texas/24-008749-003/2024(H5N1)	508	715
HA|PP755589.1|A/cattle/Texas/24-008749-003/2024(H5N1)	509	714
HA|PP755589.1|A/cattle/Texas/24-008749-003/2024(H5N1)	510	714
HA|PP755589.1|A/cattle/Texas/24-008749-003/2024(H5N1)	511	715
HA|PP755589.1|A/cattle/Texas/24-008749-003/2024(H5N1)	512	739
HA|PP755589.1|A/cattle/Texas/24-008749-003/2024(H5N1)	513	742
HA|PP755589.1|A/cattle/Texas/24-008749-003/2024(H5N1)	514	738
HA|PP755589.1|A/cattle/Texas/24-008749-003/2024(H5N1)	515	737
HA|PP755589.1|A/cattle/Texas/24-008749-003/2024(H5N1)	516	746
HA|PP755589.1|A/cattle/Texas/24-008749-003/2024(H5N1)	517	759
HA|PP755589.1|A/cattle/Texas/24-008749-003/2024(H5N1)	518	759
HA|PP755589.1|A/cattle/Texas/24-008749-003/2024(H5N1)	519	749
HA|PP755589.1|A/cattle/Texas/24-008749-003/2024(H5N1)	520	746
HA|PP755589.1|A/cattle/Texas/24-008749-003/2024(H5N1)	521	723
HA|PP755589.1|A/cattle/Texas/24-008749-003/2024(H5N1)	522	731
HA|PP755589.1|A/cattle/Texas/24-008749-003/2024(H5N1)	523	734
HA|PP755589.1|A/cattle/Texas/24-008749-003/2024(H5N1)	524	784
HA|PP755589.1|A/cattle/Texas/24-008749-003/2024(H5N1)	525	776
HA|PP755589.1|A/cattle/Texas/24-008749-003/2024(H5N1)	526	777
HA|PP755589.1|A/cattle/Texas/24-008749-003/2024(H5N1)	527	783
HA|PP755589.1|A/cattle/Texas/24-008749-003/2024(H5N1)	528	780
HA|PP755589.1|A/cattle/Texas/24-008749-003/2024(H5N1)	529	817
HA|PP755589.1|A/cattle/Texas/24-008749-003/2024(H5N1)	530	817
HA|PP755589.1|A/cattle/Texas/24-008749-003/2024(H5N1)	531	818
HA|PP755589.1|A/cattle/Texas/24-008749-003/2024(H5N1)	532	817
HA|PP755589.1|A/cattle/Texas/24-008749-003/2024(H5N1)	533	798
HA|PP755589.1|A/cattle/Texas/24-008749-003/2024(H5N1)	534	798
HA|PP755589.1|A/cattle/Texas/24-008749-003/2024(H5N1)	535	809
HA|PP755589.1|A/cattle/Texas/24-008749-003/2024(H5N1)	536	843
HA|PP755589.1|A/cattle/Texas/24-008749-003/2024(H5N1)	537	821
HA|PP755589.1|A/cattle/Texas/24-008749-003/2024(H5N1)	538	820
HA|PP755589.1|A/cattle/Texas/24-008749-003/2024(H5N1)	539	819
HA|PP755589.1|A/cattle/Texas/24-008749-003/2024(H5N1)	540	854
HA|PP755589.1|A/cattle/Texas/24-008749-003/2024(H5N1)	541	855
HA|PP755589.1|A/cattle/Texas/24-008749-003/2024(H5N1)	542	856
HA|PP755589.1|A/cattle/Texas/24-008749-003/2024(H5N1)	543	856
HA|PP755589.1|A/cattle/Texas/24-008749-003/2024(H5N1)	544	838
HA|PP755589.1|A/cattle/Texas/24-008749-003/2024(H5N1)	545	843
HA|PP755589.1|A/cattle/Texas/24-008749-003/2024(H5N1)	546	839
HA|PP755589.1|A/cattle/Texas/24-008749-003/2024(H5N1)	547	844
HA|PP755589.1|A/cattle/Texas/24-008749-003/2024(H5N1)	548	830
HA|PP755589.1|A/cattle/Texas/24-008749-003/2024(H5N1)	549	790
HA|PP755589.1|A/cattle/Texas/24-008749-003/2024(H5N1)	550	790
HA|PP755589.1|A/cattle/Texas/24-008749-003/2024(H5N1)	551	786
HA|PP755589.1|A/cattle/Texas/24-008749-003/2024(H5N1)	552	787
HA|PP755589.1|A/cattle/Texas/24-008749-003/2024(H5N1)	553	790
HA|PP755589.1|A/cattle/Texas/24-008749-003/2024(H5N1)	554	789
HA|PP755589.1|A/cattle/Texas/24-008749-003/2024(H5N1)	555	794
HA|PP755589.1|A/cattle/Texas/24-008749-003/2024(H5N1)	556	795
HA|PP755589.1|A/cattle/Texas/24-008749-003/2024(H5N1)	557	797
HA|PP755589.1|A/cattle/Texas/24-008749-003/2024(H5N1)	558	792
HA|PP755589.1|A/cattle/Texas/24-008749-003/2024(H5N1)	559	794
HA|PP755589.1|A/cattle/Texas/24-008749-003/2024(H5N1)	560	800
HA|PP755589.1|A/cattle/Texas/24-008749-003/2024(H5N1)	561	818
HA|PP755589.1|A/cattle/Texas/24-008749-003/2024(H5N1)	562	826
HA|PP755589.1|A/cattle/Texas/24-008749-003/2024(H5N1)	563	843
HA|PP755589.1|A/cattle/Texas/24-008749-003/2024(H5N1)	564	856
HA|PP755589.1|A/cattle/Texas/24-008749-003/2024(H5N1)	565	855
HA|PP755589.1|A/cattle/Texas/24-008749-003/2024(H5N1)	566	856
HA|PP755589.1|A/cattle/Texas/24-008749-003/2024(H5N1)	567	856
HA|PP755589.1|A/cattle/Texas/24-008749-003/2024(H5N1)	568	859
HA|PP755589.1|A/cattle/Texas/24-008749-003/2024(H5N1)	569	862
HA|PP755589.1|A/cattle/Texas/24-008749-003/2024(H5N1)	570	857
HA|PP755589.1|A/cattle/Texas/24-008749-003/2024(H5N1)	571	868
HA|PP755589.1|A/cattle/Texas/24-008749-003/2024(H5N1)	572	847
HA|PP755589.1|A/cattle/Texas/24-008749-003/2024(H5N1)	573	870
HA|PP755589.1|A/cattle/Texas/24-008749-003/2024(H5N1)	574	872
HA|PP755589.1|A/cattle/Texas/24-008749-003/2024(H5N1)	575	873
HA|PP755589.1|A/cattle/Texas/24-008749-003/2024(H5N1)	576	872
HA|PP755589.1|A/cattle/Texas/24-008749-003/2024(H5N1)	577	864
HA|PP755589.1|A/cattle/Texas/24-008749-003/2024(H5N1)	578	876
HA|PP755589.1|A/cattle/Texas/24-008749-003/2024(H5N1)	579	863
HA|PP755589.1|A/cattle/Texas/24-008749-003/2024(H5N1)	580	864
HA|PP755589.1|A/cattle/Texas/24-008749-003/2024(H5N1)	581	857
HA|PP755589.1|A/cattle/Texas/24-008749-003/2024(H5N1)	582	821
HA|PP755589.1|A/cattle/Texas/24-008749-003/2024(H5N1)	583	807
HA|PP755589.1|A/cattle/Texas/24-008749-003/2024(H5N1)	584	807
HA|PP755589.1|A/cattle/Texas/24-008749-003/2024(H5N1)	585	830
HA|PP755589.1|A/cattle/Texas/24-008749-003/2024(H5N1)	586	824
HA|PP755589.1|A/cattle/Texas/24-008749-003/2024(H5N1)	587	812
HA|PP755589.1|A/cattle/Texas/24-008749-003/2024(H5N1)	588	815
HA|PP755589.1|A/cattle/Texas/24-008749-003/2024(H5N1)	589	807
HA|PP755589.1|A/cattle/Texas/24-008749-003/2024(H5N1)	590	863
HA|PP755589.1|A/cattle/Texas/24-008749-003/2024(H5N1)	591	864
HA|PP755589.1|A/cattle/Texas/24-008749-003/2024(H5N1)	592	862
HA|PP755589.1|A/cattle/Texas/24-008749-003/2024(H5N1)	593	862
HA|PP755589.1|A/cattle/Texas/24-008749-003/2024(H5N1)	594	867
HA|PP755589.1|A/cattle/Texas/24-008749-003/2024(H5N1)	595	869
HA|PP755589.1|A/cattle/Texas/24-008749-003/2024(H5N1)	596	891
HA|PP755589.1|A/cattle/Texas/24-008749-003/2024(H5N1)	597	870
HA|PP755589.1|A/cattle/Texas/24-008749-003/2024(H5N1)	598	867
HA|PP755589.1|A/cattle/Texas/24-008749-003/2024(H5N1)	599	868
HA|PP755589.1|A/cattle/Texas/24-008749-003/2024(H5N1)	600	862
HA|PP755589.1|A/cattle/Texas/24-008749-003/2024(H5N1)	601	865
HA|PP755589.1|A/cattle/Texas/24-008749-003/2024(H5N1)	602	882
HA|PP755589.1|A/cattle/Texas/24-008749-003/2024(H5N1)	603	838
HA|PP755589.1|A/cattle/Texas/24-008749-003/2024(H5N1)	604	842
HA|PP755589.1|A/cattle/Texas/24-008749-003/2024(H5N1)	605	821
HA|PP755589.1|A/cattle/Texas/24-008749-003/2024(H5N1)	606	820
HA|PP755589.1|A/cattle/Texas/24-008749-003/2024(H5N1)	607	802
HA|PP755589.1|A/cattle/Texas/24-008749-003/2024(H5N1)	608	803
HA|PP755589.1|A/cattle/Texas/24-008749-003/2024(H5N1)	609	807
HA|PP755589.1|A/cattle/Texas/24-008749-003/2024(H5N1)	610	807
HA|PP755589.1|A/cattle/Texas/24-008749-003/2024(H5N1)	611	815
HA|PP755589.1|A/cattle/Texas/24-008749-003/2024(H5N1)	612	814
HA|PP755589.1|A/cattle/Texas/24-008749-003/2024(H5N1)	613	809
HA|PP755589.1|A/cattle/Texas/24-008749-003/2024(H5N1)	614	808
HA|PP755589.1|A/cattle/Texas/24-008749-003/2024(H5N1)	615	809
HA|PP755589.1|A/cattle/Texas/24-008749-003/2024(H5N1)	616	838
HA|PP755589.1|A/cattle/Texas/24-008749-003/2024(H5N1)	617	833
HA|PP755589.1|A/cattle/Texas/24-008749-003/2024(H5N1)	618	834
HA|PP755589.1|A/cattle/Texas/24-008749-003/2024(H5N1)	619	833
HA|PP755589.1|A/cattle/Texas/24-008749-003/2024(H5N1)	620	836
HA|PP755589.1|A/cattle/Texas/24-008749-003/2024(H5N1)	621	836
HA|PP755589.1|A/cattle/Texas/24-008749-003/2024(H5N1)	622	836
HA|PP755589.1|A/cattle/Texas/24-008749-003/2024(H5N1)	623	835
HA|PP755589.1|A/cattle/Texas/24-008749-003/2024(H5N1)	624	834
HA|PP755589.1|A/cattle/Texas/24-008749-003/2024(H5N1)	625	830
HA|PP755589.1|A/cattle/Texas/24-008749-003/2024(H5N1)	626	834
HA|PP755589.1|A/cattle/Texas/24-008749-003/2024(H5N1)	627	838
HA|PP755589.1|A/cattle/Texas/24-008749-003/2024(H5N1)	628	834
HA|PP755589.1|A/cattle/Texas/24-008749-003/2024(H5N1)	629	833
HA|PP755589.1|A/cattle/Texas/24-008749-003/2024(H5N1)	630	833
HA|PP755589.1|A/cattle/Texas/24-008749-003/2024(H5N1)	631	836
HA|PP755589.1|A/cattle/Texas/24-008749-003/2024(H5N1)	632	837
HA|PP755589.1|A/cattle/Texas/24-008749-003/2024(H5N1)	633	838
HA|PP755589.1|A/cattle/Texas/24-008749-003/2024(H5N1)	634	838
HA|PP755589.1|A/cattle/Texas/24-008749-003/2024(H5N1)	635	839
HA|PP755589.1|A/cattle/Texas/24-008749-003/2024(H5N1)	636	830
HA|PP755589.1|A/cattle/Texas/24-008749-003/2024(H5N1)	637	828
HA|PP755589.1|A/cattle/Texas/24-008749-003/2024(H5N1)	638	836
HA|PP755589.1|A/cattle/Texas/24-008749-003/2024(H5N1)	639	837
HA|PP755589.1|A/cattle/Texas/24-008749-003/2024(H5N1)	640	832
HA|PP755589.1|A/cattle/Texas/24-008749-003/2024(H5N1)	641	830
HA|PP755589.1|A/cattle/Texas/24-008749-003/2024(H5N1)	642	821
HA|PP755589.1|A/cattle/Texas/24-008749-003/2024(H5N1)	643	821
HA|PP755589.1|A/cattle/Texas/24-008749-003/2024(H5N1)	644	813
HA|PP755589.1|A/cattle/Texas/24-008749-003/2024(H5N1)	645	812
HA|PP755589.1|A/cattle/Texas/24-008749-003/2024(H5N1)	646	815
HA|PP755589.1|A/cattle/Texas/24-008749-003/2024(H5N1)	647	811
HA|PP755589.1|A/cattle/Texas/24-008749-003/2024(H5N1)	648	808
HA|PP755589.1|A/cattle/Texas/24-008749-003/2024(H5N1)	649	808
HA|PP755589.1|A/cattle/Texas/24-008749-003/2024(H5N1)	650	811
HA|PP755589.1|A/cattle/Texas/24-008749-003/2024(H5N1)	651	840
HA|PP755589.1|A/cattle/Texas/24-008749-003/2024(H5N1)	652	849
HA|PP755589.1|A/cattle/Texas/24-008749-003/2024(H5N1)	653	849
HA|PP755589.1|A/cattle/Texas/24-008749-003/2024(H5N1)	654	850
HA|PP755589.1|A/cattle/Texas/24-008749-003/2024(H5N1)	655	847
HA|PP755589.1|A/cattle/Texas/24-008749-003/2024(H5N1)	656	855
HA|PP755589.1|A/cattle/Texas/24-008749-003/2024(H5N1)	657	867
HA|PP755589.1|A/cattle/Texas/24-008749-003/2024(H5N1)	658	872
HA|PP755589.1|A/cattle/Texas/24-008749-003/2024(H5N1)	659	881
HA|PP755589.1|A/cattle/Texas/24-008749-003/2024(H5N1)	660	879
HA|PP755589.1|A/cattle/Texas/24-008749-003/2024(H5N1)	661	879
HA|PP755589.1|A/cattle/Texas/24-008749-003/2024(H5N1)	662	870
HA|PP755589.1|A/cattle/Texas/24-008749-003/2024(H5N1)	663	850
HA|PP755589.1|A/cattle/Texas/24-008749-003/2024(H5N1)	664	854
HA|PP755589.1|A/cattle/Texas/24-008749-003/2024(H5N1)	665	855
HA|PP755589.1|A/cattle/Texas/24-008749-003/2024(H5N1)	666	857
HA|PP755589.1|A/cattle/Texas/24-008749-003/2024(H5N1)	667	851
HA|PP755589.1|A/cattle/Texas/24-008749-003/2024(H5N1)	668	835
HA|PP755589.1|A/cattle/Texas/24-008749-003/2024(H5N1)	669	837
HA|PP755589.1|A/cattle/Texas/24-008749-003/2024(H5N1)	670	837
HA|PP755589.1|A/cattle/Texas/24-008749-003/2024(H5N1)	671	856
HA|PP755589.1|A/cattle/Texas/24-008749-003/2024(H5N1)	672	850
HA|PP755589.1|A/cattle/Texas/24-008749-003/2024(H5N1)	673	841
HA|PP755589.1|A/cattle/Texas/24-008749-003/2024(H5N1)	674	838
HA|PP755589.1|A/cattle/Texas/24-008749-003/2024(H5N1)	675	787
HA|PP755589.1|A/cattle/Texas/24-008749-003/2024(H5N1)	676	791
HA|PP755589.1|A/cattle/Texas/24-008749-003/2024(H5N1)	677	792
HA|PP755589.1|A/cattle/Texas/24-008749-003/2024(H5N1)	678	792
HA|PP755589.1|A/cattle/Texas/24-008749-003/2024(H5N1)	679	795
HA|PP755589.1|A/cattle/Texas/24-008749-003/2024(H5N1)	680	753
HA|PP755589.1|A/cattle/Texas/24-008749-003/2024(H5N1)	681	759
HA|PP755589.1|A/cattle/Texas/24-008749-003/2024(H5N1)	682	763
HA|PP755589.1|A/cattle/Texas/24-008749-003/2024(H5N1)	683	763
HA|PP755589.1|A/cattle/Texas/24-008749-003/2024(H5N1)	684	763
HA|PP755589.1|A/cattle/Texas/24-008749-003/2024(H5N1)	685	761
HA|PP755589.1|A/cattle/Texas/24-008749-003/2024(H5N1)	686	754
HA|PP755589.1|A/cattle/Texas/24-008749-003/2024(H5N1)	687	724
HA|PP755589.1|A/cattle/Texas/24-008749-003/2024(H5N1)	688	724
HA|PP755589.1|A/cattle/Texas/24-008749-003/2024(H5N1)	689	706
HA|PP755589.1|A/cattle/Texas/24-008749-003/2024(H5N1)	690	705
HA|PP755589.1|A/cattle/Texas/24-008749-003/2024(H5N1)	691	728
HA|PP755589.1|A/cattle/Texas/24-008749-003/2024(H5N1)	692	726
HA|PP755589.1|A/cattle/Texas/24-008749-003/2024(H5N1)	693	724
HA|PP755589.1|A/cattle/Texas/24-008749-003/2024(H5N1)	694	724
HA|PP755589.1|A/cattle/Texas/24-008749-003/2024(H5N1)	695	726
HA|PP755589.1|A/cattle/Texas/24-008749-003/2024(H5N1)	696	744
HA|PP755589.1|A/cattle/Texas/24-008749-003/2024(H5N1)	697	743
HA|PP755589.1|A/cattle/Texas/24-008749-003/2024(H5N1)	698	738
HA|PP755589.1|A/cattle/Texas/24-008749-003/2024(H5N1)	699	740
HA|PP755589.1|A/cattle/Texas/24-008749-003/2024(H5N1)	700	732
HA|PP755589.1|A/cattle/Texas/24-008749-003/2024(H5N1)	701	734
HA|PP755589.1|A/cattle/Texas/24-008749-003/2024(H5N1)	702	733
HA|PP755589.1|A/cattle/Texas/24-008749-003/2024(H5N1)	703	739
HA|PP755589.1|A/cattle/Texas/24-008749-003/2024(H5N1)	704	738
HA|PP755589.1|A/cattle/Texas/24-008749-003/2024(H5N1)	705	730
HA|PP755589.1|A/cattle/Texas/24-008749-003/2024(H5N1)	706	731
HA|PP755589.1|A/cattle/Texas/24-008749-003/2024(H5N1)	707	730
HA|PP755589.1|A/cattle/Texas/24-008749-003/2024(H5N1)	708	730
HA|PP755589.1|A/cattle/Texas/24-008749-003/2024(H5N1)	709	721
HA|PP755589.1|A/cattle/Texas/24-008749-003/2024(H5N1)	710	723
HA|PP755589.1|A/cattle/Texas/24-008749-003/2024(H5N1)	711	722
HA|PP755589.1|A/cattle/Texas/24-008749-003/2024(H5N1)	712	710
HA|PP755589.1|A/cattle/Texas/24-008749-003/2024(H5N1)	713	713
HA|PP755589.1|A/cattle/Texas/24-008749-003/2024(H5N1)	714	776
HA|PP755589.1|A/cattle/Texas/24-008749-003/2024(H5N1)	715	783
HA|PP755589.1|A/cattle/Texas/24-008749-003/2024(H5N1)	716	787
HA|PP755589.1|A/cattle/Texas/24-008749-003/2024(H5N1)	717	784
HA|PP755589.1|A/cattle/Texas/24-008749-003/2024(H5N1)	718	779
HA|PP755589.1|A/cattle/Texas/24-008749-003/2024(H5N1)	719	782
HA|PP755589.1|A/cattle/Texas/24-008749-003/2024(H5N1)	720	783
HA|PP755589.1|A/cattle/Texas/24-008749-003/2024(H5N1)	721	778
HA|PP755589.1|A/cattle/Texas/24-008749-003/2024(H5N1)	722	780
HA|PP755589.1|A/cattle/Texas/24-008749-003/2024(H5N1)	723	760
HA|PP755589.1|A/cattle/Texas/24-008749-003/2024(H5N1)	724	734
HA|PP755589.1|A/cattle/Texas/24-008749-003/2024(H5N1)	725	746
HA|PP755589.1|A/cattle/Texas/24-008749-003/2024(H5N1)	726	745
HA|PP755589.1|A/cattle/Texas/24-008749-003/2024(H5N1)	727	752
HA|PP755589.1|A/cattle/Texas/24-008749-003/2024(H5N1)	728	748
HA|PP755589.1|A/cattle/Texas/24-008749-003/2024(H5N1)	729	732
HA|PP755589.1|A/cattle/Texas/24-008749-003/2024(H5N1)	730	726
HA|PP755589.1|A/cattle/Texas/24-008749-003/2024(H5N1)	731	725
HA|PP755589.1|A/cattle/Texas/24-008749-003/2024(H5N1)	732	793
HA|PP755589.1|A/cattle/Texas/24-008749-003/2024(H5N1)	733	793
HA|PP755589.1|A/cattle/Texas/24-008749-003/2024(H5N1)	734	793
HA|PP755589.1|A/cattle/Texas/24-008749-003/2024(H5N1)	735	781
HA|PP755589.1|A/cattle/Texas/24-008749-003/2024(H5N1)	736	767
HA|PP755589.1|A/cattle/Texas/24-008749-003/2024(H5N1)	737	776
HA|PP755589.1|A/cattle/Texas/24-008749-003/2024(H5N1)	738	776
HA|PP755589.1|A/cattle/Texas/24-008749-003/2024(H5N1)	739	782
HA|PP755589.1|A/cattle/Texas/24-008749-003/2024(H5N1)	740	782
HA|PP755589.1|A/cattle/Texas/24-008749-003/2024(H5N1)	741	714
HA|PP755589.1|A/cattle/Texas/24-008749-003/2024(H5N1)	742	724
HA|PP755589.1|A/cattle/Texas/24-008749-003/2024(H5N1)	743	738
HA|PP755589.1|A/cattle/Texas/24-008749-003/2024(H5N1)	744	751
HA|PP755589.1|A/cattle/Texas/24-008749-003/2024(H5N1)	745	764
HA|PP755589.1|A/cattle/Texas/24-008749-003/2024(H5N1)	746	773
HA|PP755589.1|A/cattle/Texas/24-008749-003/2024(H5N1)	747	751
HA|PP755589.1|A/cattle/Texas/24-008749-003/2024(H5N1)	748	754
HA|PP755589.1|A/cattle/Texas/24-008749-003/2024(H5N1)	749	756
HA|PP755589.1|A/cattle/Texas/24-008749-003/2024(H5N1)	750	753
HA|PP755589.1|A/cattle/Texas/24-008749-003/2024(H5N1)	751	749
HA|PP755589.1|A/cattle/Texas/24-008749-003/2024(H5N1)	752	734
HA|PP755589.1|A/cattle/Texas/24-008749-003/2024(H5N1)	753	731
HA|PP755589.1|A/cattle/Texas/24-008749-003/2024(H5N1)	754	732
HA|PP755589.1|A/cattle/Texas/24-008749-003/2024(H5N1)	755	731
HA|PP755589.1|A/cattle/Texas/24-008749-003/2024(H5N1)	756	732
HA|PP755589.1|A/cattle/Texas/24-008749-003/2024(H5N1)	757	732
HA|PP755589.1|A/cattle/Texas/24-008749-003/2024(H5N1)	758	759
HA|PP755589.1|A/cattle/Texas/24-008749-003/2024(H5N1)	759	756
HA|PP755589.1|A/cattle/Texas/24-008749-003/2024(H5N1)	760	754
HA|PP755589.1|A/cattle/Texas/24-008749-003/2024(H5N1)	761	762
HA|PP755589.1|A/cattle/Texas/24-008749-003/2024(H5N1)	762	751
HA|PP755589.1|A/cattle/Texas/24-008749-003/2024(H5N1)	763	755
HA|PP755589.1|A/cattle/Texas/24-008749-003/2024(H5N1)	764	754
HA|PP755589.1|A/cattle/Texas/24-008749-003/2024(H5N1)	765	753
HA|PP755589.1|A/cattle/Texas/24-008749-003/2024(H5N1)	766	758
HA|PP755589.1|A/cattle/Texas/24-008749-003/2024(H5N1)	767	726
HA|PP755589.1|A/cattle/Texas/24-008749-003/2024(H5N1)	768	728
HA|PP755589.1|A/cattle/Texas/24-008749-003/2024(H5N1)	769	728
HA|PP755589.1|A/cattle/Texas/24-008749-003/2024(H5N1)	770	729
HA|PP755589.1|A/cattle/Texas/24-008749-003/2024(H5N1)	771	725
HA|PP755589.1|A/cattle/Texas/24-008749-003/2024(H5N1)	772	725
HA|PP755589.1|A/cattle/Texas/24-008749-003/2024(H5N1)	773	725
HA|PP755589.1|A/cattle/Texas/24-008749-003/2024(H5N1)	774	726
HA|PP755589.1|A/cattle/Texas/24-008749-003/2024(H5N1)	775	726
HA|PP755589.1|A/cattle/Texas/24-008749-003/2024(H5N1)	776	726
HA|PP755589.1|A/cattle/Texas/24-008749-003/2024(H5N1)	777	723
HA|PP755589.1|A/cattle/Texas/24-008749-003/2024(H5N1)	778	721
HA|PP755589.1|A/cattle/Texas/24-008749-003/2024(H5N1)	779	728
HA|PP755589.1|A/cattle/Texas/24-008749-003/2024(H5N1)	780	727
HA|PP755589.1|A/cattle/Texas/24-008749-003/2024(H5N1)	781	727
HA|PP755589.1|A/cattle/Texas/24-008749-003/2024(H5N1)	782	730
HA|PP755589.1|A/cattle/Texas/24-008749-003/2024(H5N1)	783	731
HA|PP755589.1|A/cattle/Texas/24-008749-003/2024(H5N1)	784	783
HA|PP755589.1|A/cattle/Texas/24-008749-003/2024(H5N1)	785	782
HA|PP755589.1|A/cattle/Texas/24-008749-003/2024(H5N1)	786	776
HA|PP755589.1|A/cattle/Texas/24-008749-003/2024(H5N1)	787	783
HA|PP755589.1|A/cattle/Texas/24-008749-003/2024(H5N1)	788	783
HA|PP755589.1|A/cattle/Texas/24-008749-003/2024(H5N1)	789	775
HA|PP755589.1|A/cattle/Texas/24-008749-003/2024(H5N1)	790	775
HA|PP755589.1|A/cattle/Texas/24-008749-003/2024(H5N1)	791	775
HA|PP755589.1|A/cattle/Texas/24-008749-003/2024(H5N1)	792	790
HA|PP755589.1|A/cattle/Texas/24-008749-003/2024(H5N1)	793	824
HA|PP755589.1|A/cattle/Texas/24-008749-003/2024(H5N1)	794	835
HA|PP755589.1|A/cattle/Texas/24-008749-003/2024(H5N1)	795	835
HA|PP755589.1|A/cattle/Texas/24-008749-003/2024(H5N1)	796	849
HA|PP755589.1|A/cattle/Texas/24-008749-003/2024(H5N1)	797	848
HA|PP755589.1|A/cattle/Texas/24-008749-003/2024(H5N1)	798	858
HA|PP755589.1|A/cattle/Texas/24-008749-003/2024(H5N1)	799	882
HA|PP755589.1|A/cattle/Texas/24-008749-003/2024(H5N1)	800	933
HA|PP755589.1|A/cattle/Texas/24-008749-003/2024(H5N1)	801	934
HA|PP755589.1|A/cattle/Texas/24-008749-003/2024(H5N1)	802	901
HA|PP755589.1|A/cattle/Texas/24-008749-003/2024(H5N1)	803	891
HA|PP755589.1|A/cattle/Texas/24-008749-003/2024(H5N1)	804	893
HA|PP755589.1|A/cattle/Texas/24-008749-003/2024(H5N1)	805	892
HA|PP755589.1|A/cattle/Texas/24-008749-003/2024(H5N1)	806	899
HA|PP755589.1|A/cattle/Texas/24-008749-003/2024(H5N1)	807	892
HA|PP755589.1|A/cattle/Texas/24-008749-003/2024(H5N1)	808	881
HA|PP755589.1|A/cattle/Texas/24-008749-003/2024(H5N1)	809	869
HA|PP755589.1|A/cattle/Texas/24-008749-003/2024(H5N1)	810	862
HA|PP755589.1|A/cattle/Texas/24-008749-003/2024(H5N1)	811	868
HA|PP755589.1|A/cattle/Texas/24-008749-003/2024(H5N1)	812	875
HA|PP755589.1|A/cattle/Texas/24-008749-003/2024(H5N1)	813	875
HA|PP755589.1|A/cattle/Texas/24-008749-003/2024(H5N1)	814	876
HA|PP755589.1|A/cattle/Texas/24-008749-003/2024(H5N1)	815	869
HA|PP755589.1|A/cattle/Texas/24-008749-003/2024(H5N1)	816	868
HA|PP755589.1|A/cattle/Texas/24-008749-003/2024(H5N1)	817	865
HA|PP755589.1|A/cattle/Texas/24-008749-003/2024(H5N1)	818	863
HA|PP755589.1|A/cattle/Texas/24-008749-003/2024(H5N1)	819	864
HA|PP755589.1|A/cattle/Texas/24-008749-003/2024(H5N1)	820	864
HA|PP755589.1|A/cattle/Texas/24-008749-003/2024(H5N1)	821	865
HA|PP755589.1|A/cattle/Texas/24-008749-003/2024(H5N1)	822	849
HA|PP755589.1|A/cattle/Texas/24-008749-003/2024(H5N1)	823	848
HA|PP755589.1|A/cattle/Texas/24-008749-003/2024(H5N1)	824	849
HA|PP755589.1|A/cattle/Texas/24-008749-003/2024(H5N1)	825	849
HA|PP755589.1|A/cattle/Texas/24-008749-003/2024(H5N1)	826	853
HA|PP755589.1|A/cattle/Texas/24-008749-003/2024(H5N1)	827	851
HA|PP755589.1|A/cattle/Texas/24-008749-003/2024(H5N1)	828	856
HA|PP755589.1|A/cattle/Texas/24-008749-003/2024(H5N1)	829	850
HA|PP755589.1|A/cattle/Texas/24-008749-003/2024(H5N1)	830	848
HA|PP755589.1|A/cattle/Texas/24-008749-003/2024(H5N1)	831	850
HA|PP755589.1|A/cattle/Texas/24-008749-003/2024(H5N1)	832	844
HA|PP755589.1|A/cattle/Texas/24-008749-003/2024(H5N1)	833	847
HA|PP755589.1|A/cattle/Texas/24-008749-003/2024(H5N1)	834	847
HA|PP755589.1|A/cattle/Texas/24-008749-003/2024(H5N1)	835	851
HA|PP755589.1|A/cattle/Texas/24-008749-003/2024(H5N1)	836	850
HA|PP755589.1|A/cattle/Texas/24-008749-003/2024(H5N1)	837	845
HA|PP755589.1|A/cattle/Texas/24-008749-003/2024(H5N1)	838	843
HA|PP755589.1|A/cattle/Texas/24-008749-003/2024(H5N1)	839	842
HA|PP755589.1|A/cattle/Texas/24-008749-003/2024(H5N1)	840	834
HA|PP755589.1|A/cattle/Texas/24-008749-003/2024(H5N1)	841	837
HA|PP755589.1|A/cattle/Texas/24-008749-003/2024(H5N1)	842	821
HA|PP755589.1|A/cattle/Texas/24-008749-003/2024(H5N1)	843	825
HA|PP755589.1|A/cattle/Texas/24-008749-003/2024(H5N1)	844	825
HA|PP755589.1|A/cattle/Texas/24-008749-003/2024(H5N1)	845	826
HA|PP755589.1|A/cattle/Texas/24-008749-003/2024(H5N1)	846	826
HA|PP755589.1|A/cattle/Texas/24-008749-003/2024(H5N1)	847	800
HA|PP755589.1|A/cattle/Texas/24-008749-003/2024(H5N1)	848	806
HA|PP755589.1|A/cattle/Texas/24-008749-003/2024(H5N1)	849	813
HA|PP755589.1|A/cattle/Texas/24-008749-003/2024(H5N1)	850	819
HA|PP755589.1|A/cattle/Texas/24-008749-003/2024(H5N1)	851	820
HA|PP755589.1|A/cattle/Texas/24-008749-003/2024(H5N1)	852	819
HA|PP755589.1|A/cattle/Texas/24-008749-003/2024(H5N1)	853	832
HA|PP755589.1|A/cattle/Texas/24-008749-003/2024(H5N1)	854	836
HA|PP755589.1|A/cattle/Texas/24-008749-003/2024(H5N1)	855	838
HA|PP755589.1|A/cattle/Texas/24-008749-003/2024(H5N1)	856	905
HA|PP755589.1|A/cattle/Texas/24-008749-003/2024(H5N1)	857	913
HA|PP755589.1|A/cattle/Texas/24-008749-003/2024(H5N1)	858	913
HA|PP755589.1|A/cattle/Texas/24-008749-003/2024(H5N1)	859	924
HA|PP755589.1|A/cattle/Texas/24-008749-003/2024(H5N1)	860	921
HA|PP755589.1|A/cattle/Texas/24-008749-003/2024(H5N1)	861	919
HA|PP755589.1|A/cattle/Texas/24-008749-003/2024(H5N1)	862	917
HA|PP755589.1|A/cattle/Texas/24-008749-003/2024(H5N1)	863	917
HA|PP755589.1|A/cattle/Texas/24-008749-003/2024(H5N1)	864	884
HA|PP755589.1|A/cattle/Texas/24-008749-003/2024(H5N1)	865	823
HA|PP755589.1|A/cattle/Texas/24-008749-003/2024(H5N1)	866	801
HA|PP755589.1|A/cattle/Texas/24-008749-003/2024(H5N1)	867	819
HA|PP755589.1|A/cattle/Texas/24-008749-003/2024(H5N1)	868	826
HA|PP755589.1|A/cattle/Texas/24-008749-003/2024(H5N1)	869	827
HA|PP755589.1|A/cattle/Texas/24-008749-003/2024(H5N1)	870	823
HA|PP755589.1|A/cattle/Texas/24-008749-003/2024(H5N1)	871	819
HA|PP755589.1|A/cattle/Texas/24-008749-003/2024(H5N1)	872	820
HA|PP755589.1|A/cattle/Texas/24-008749-003/2024(H5N1)	873	824
HA|PP755589.1|A/cattle/Texas/24-008749-003/2024(H5N1)	874	828
HA|PP755589.1|A/cattle/Texas/24-008749-003/2024(H5N1)	875	830
HA|PP755589.1|A/cattle/Texas/24-008749-003/2024(H5N1)	876	813
HA|PP755589.1|A/cattle/Texas/24-008749-003/2024(H5N1)	877	813
HA|PP755589.1|A/cattle/Texas/24-008749-003/2024(H5N1)	878	809
HA|PP755589.1|A/cattle/Texas/24-008749-003/2024(H5N1)	879	808
HA|PP755589.1|A/cattle/Texas/24-008749-003/2024(H5N1)	880	817
HA|PP755589.1|A/cattle/Texas/24-008749-003/2024(H5N1)	881	818
HA|PP755589.1|A/cattle/Texas/24-008749-003/2024(H5N1)	882	814
HA|PP755589.1|A/cattle/Texas/24-008749-003/2024(H5N1)	883	754
HA|PP755589.1|A/cattle/Texas/24-008749-003/2024(H5N1)	884	754
HA|PP755589.1|A/cattle/Texas/24-008749-003/2024(H5N1)	885	757
HA|PP755589.1|A/cattle/Texas/24-008749-003/2024(H5N1)	886	758
HA|PP755589.1|A/cattle/Texas/24-008749-003/2024(H5N1)	887	766
HA|PP755589.1|A/cattle/Texas/24-008749-003/2024(H5N1)	888	766
HA|PP755589.1|A/cattle/Texas/24-008749-003/2024(H5N1)	889	760
HA|PP755589.1|A/cattle/Texas/24-008749-003/2024(H5N1)	890	764
HA|PP755589.1|A/cattle/Texas/24-008749-003/2024(H5N1)	891	763
HA|PP755589.1|A/cattle/Texas/24-008749-003/2024(H5N1)	892	764
HA|PP755589.1|A/cattle/Texas/24-008749-003/2024(H5N1)	893	758
HA|PP755589.1|A/cattle/Texas/24-008749-003/2024(H5N1)	894	744
HA|PP755589.1|A/cattle/Texas/24-008749-003/2024(H5N1)	895	726
HA|PP755589.1|A/cattle/Texas/24-008749-003/2024(H5N1)	896	731
HA|PP755589.1|A/cattle/Texas/24-008749-003/2024(H5N1)	897	718
HA|PP755589.1|A/cattle/Texas/24-008749-003/2024(H5N1)	898	718
HA|PP755589.1|A/cattle/Texas/24-008749-003/2024(H5N1)	899	732
HA|PP755589.1|A/cattle/Texas/24-008749-003/2024(H5N1)	900	732
HA|PP755589.1|A/cattle/Texas/24-008749-003/2024(H5N1)	901	732
HA|PP755589.1|A/cattle/Texas/24-008749-003/2024(H5N1)	902	730
HA|PP755589.1|A/cattle/Texas/24-008749-003/2024(H5N1)	903	738
HA|PP755589.1|A/cattle/Texas/24-008749-003/2024(H5N1)	904	737
HA|PP755589.1|A/cattle/Texas/24-008749-003/2024(H5N1)	905	749
HA|PP755589.1|A/cattle/Texas/24-008749-003/2024(H5N1)	906	749
HA|PP755589.1|A/cattle/Texas/24-008749-003/2024(H5N1)	907	748
HA|PP755589.1|A/cattle/Texas/24-008749-003/2024(H5N1)	908	725
HA|PP755589.1|A/cattle/Texas/24-008749-003/2024(H5N1)	909	735
HA|PP755589.1|A/cattle/Texas/24-008749-003/2024(H5N1)	910	733
HA|PP755589.1|A/cattle/Texas/24-008749-003/2024(H5N1)	911	733
HA|PP755589.1|A/cattle/Texas/24-008749-003/2024(H5N1)	912	725
HA|PP755589.1|A/cattle/Texas/24-008749-003/2024(H5N1)	913	726
HA|PP755589.1|A/cattle/Texas/24-008749-003/2024(H5N1)	914	720
HA|PP755589.1|A/cattle/Texas/24-008749-003/2024(H5N1)	915	721
HA|PP755589.1|A/cattle/Texas/24-008749-003/2024(H5N1)	916	798
HA|PP755589.1|A/cattle/Texas/24-008749-003/2024(H5N1)	917	799
HA|PP755589.1|A/cattle/Texas/24-008749-003/2024(H5N1)	918	801
HA|PP755589.1|A/cattle/Texas/24-008749-003/2024(H5N1)	919	800
HA|PP755589.1|A/cattle/Texas/24-008749-003/2024(H5N1)	920	795
HA|PP755589.1|A/cattle/Texas/24-008749-003/2024(H5N1)	921	801
HA|PP755589.1|A/cattle/Texas/24-008749-003/2024(H5N1)	922	801
HA|PP755589.1|A/cattle/Texas/24-008749-003/2024(H5N1)	923	801
HA|PP755589.1|A/cattle/Texas/24-008749-003/2024(H5N1)	924	804
HA|PP755589.1|A/cattle/Texas/24-008749-003/2024(H5N1)	925	803
HA|PP755589.1|A/cattle/Texas/24-008749-003/2024(H5N1)	926	858
HA|PP755589.1|A/cattle/Texas/24-008749-003/2024(H5N1)	927	876
HA|PP755589.1|A/cattle/Texas/24-008749-003/2024(H5N1)	928	882
HA|PP755589.1|A/cattle/Texas/24-008749-003/2024(H5N1)	929	889
HA|PP755589.1|A/cattle/Texas/24-008749-003/2024(H5N1)	930	888
HA|PP755589.1|A/cattle/Texas/24-008749-003/2024(H5N1)	931	891
HA|PP755589.1|A/cattle/Texas/24-008749-003/2024(H5N1)	932	891
HA|PP755589.1|A/cattle/Texas/24-008749-003/2024(H5N1)	933	891
HA|PP755589.1|A/cattle/Texas/24-008749-003/2024(H5N1)	934	903
HA|PP755589.1|A/cattle/Texas/24-008749-003/2024(H5N1)	935	849
HA|PP755589.1|A/cattle/Texas/24-008749-003/2024(H5N1)	936	854
HA|PP755589.1|A/cattle/Texas/24-008749-003/2024(H5N1)	937	853
HA|PP755589.1|A/cattle/Texas/24-008749-003/2024(H5N1)	938	848
HA|PP755589.1|A/cattle/Texas/24-008749-003/2024(H5N1)	939	852
HA|PP755589.1|A/cattle/Texas/24-008749-003/2024(H5N1)	940	858
HA|PP755589.1|A/cattle/Texas/24-008749-003/2024(H5N1)	941	906
HA|PP755589.1|A/cattle/Texas/24-008749-003/2024(H5N1)	942	906
HA|PP755589.1|A/cattle/Texas/24-008749-003/2024(H5N1)	943	895
HA|PP755589.1|A/cattle/Texas/24-008749-003/2024(H5N1)	944	880
HA|PP755589.1|A/cattle/Texas/24-008749-003/2024(H5N1)	945	876
HA|PP755589.1|A/cattle/Texas/24-008749-003/2024(H5N1)	946	879
HA|PP755589.1|A/cattle/Texas/24-008749-003/2024(H5N1)	947	863
HA|PP755589.1|A/cattle/Texas/24-008749-003/2024(H5N1)	948	865
HA|PP755589.1|A/cattle/Texas/24-008749-003/2024(H5N1)	949	857
HA|PP755589.1|A/cattle/Texas/24-008749-003/2024(H5N1)	950	778
HA|PP755589.1|A/cattle/Texas/24-008749-003/2024(H5N1)	951	782
HA|PP755589.1|A/cattle/Texas/24-008749-003/2024(H5N1)	952	781
HA|PP755589.1|A/cattle/Texas/24-008749-003/2024(H5N1)	953	789
HA|PP755589.1|A/cattle/Texas/24-008749-003/2024(H5N1)	954	804
HA|PP755589.1|A/cattle/Texas/24-008749-003/2024(H5N1)	955	807
HA|PP755589.1|A/cattle/Texas/24-008749-003/2024(H5N1)	956	812
HA|PP755589.1|A/cattle/Texas/24-008749-003/2024(H5N1)	957	819
HA|PP755589.1|A/cattle/Texas/24-008749-003/2024(H5N1)	958	827
HA|PP755589.1|A/cattle/Texas/24-008749-003/2024(H5N1)	959	831
HA|PP755589.1|A/cattle/Texas/24-008749-003/2024(H5N1)	960	844
HA|PP755589.1|A/cattle/Texas/24-008749-003/2024(H5N1)	961	859
HA|PP755589.1|A/cattle/Texas/24-008749-003/2024(H5N1)	962	853
HA|PP755589.1|A/cattle/Texas/24-008749-003/2024(H5N1)	963	847
HA|PP755589.1|A/cattle/Texas/24-008749-003/2024(H5N1)	964	847
HA|PP755589.1|A/cattle/Texas/24-008749-003/2024(H5N1)	965	850
HA|PP755589.1|A/cattle/Texas/24-008749-003/2024(H5N1)	966	851
HA|PP755589.1|A/cattle/Texas/24-008749-003/2024(H5N1)	967	856
HA|PP755589.1|A/cattle/Texas/24-008749-003/2024(H5N1)	968	863
HA|PP755589.1|A/cattle/Texas/24-008749-003/2024(H5N1)	969	864
HA|PP755589.1|A/cattle/Texas/24-008749-003/2024(H5N1)	970	862
HA|PP755589.1|A/cattle/Texas/24-008749-003/2024(H5N1)	971	862
HA|PP755589.1|A/cattle/Texas/24-008749-003/2024(H5N1)	972	862
HA|PP755589.1|A/cattle/Texas/24-008749-003/2024(H5N1)	973	877
HA|PP755589.1|A/cattle/Texas/24-008749-003/2024(H5N1)	974	876
HA|PP755589.1|A/cattle/Texas/24-008749-003/2024(H5N1)	975	876
HA|PP755589.1|A/cattle/Texas/24-008749-003/2024(H5N1)	976	880
HA|PP755589.1|A/cattle/Texas/24-008749-003/2024(H5N1)	977	882
HA|PP755589.1|A/cattle/Texas/24-008749-003/2024(H5N1)	978	882
HA|PP755589.1|A/cattle/Texas/24-008749-003/2024(H5N1)	979	911
HA|PP755589.1|A/cattle/Texas/24-008749-003/2024(H5N1)	980	920
HA|PP755589.1|A/cattle/Texas/24-008749-003/2024(H5N1)	981	920
HA|PP755589.1|A/cattle/Texas/24-008749-003/2024(H5N1)	982	915
HA|PP755589.1|A/cattle/Texas/24-008749-003/2024(H5N1)	983	917
HA|PP755589.1|A/cattle/Texas/24-008749-003/2024(H5N1)	984	932
HA|PP755589.1|A/cattle/Texas/24-008749-003/2024(H5N1)	985	943
HA|PP755589.1|A/cattle/Texas/24-008749-003/2024(H5N1)	986	944
HA|PP755589.1|A/cattle/Texas/24-008749-003/2024(H5N1)	987	943
HA|PP755589.1|A/cattle/Texas/24-008749-003/2024(H5N1)	988	944
HA|PP755589.1|A/cattle/Texas/24-008749-003/2024(H5N1)	989	970
HA|PP755589.1|A/cattle/Texas/24-008749-003/2024(H5N1)	990	970
HA|PP755589.1|A/cattle/Texas/24-008749-003/2024(H5N1)	991	970
HA|PP755589.1|A/cattle/Texas/24-008749-003/2024(H5N1)	992	963
HA|PP755589.1|A/cattle/Texas/24-008749-003/2024(H5N1)	993	956
HA|PP755589.1|A/cattle/Texas/24-008749-003/2024(H5N1)	994	962
HA|PP755589.1|A/cattle/Texas/24-008749-003/2024(H5N1)	995	962
HA|PP755589.1|A/cattle/Texas/24-008749-003/2024(H5N1)	996	966
HA|PP755589.1|A/cattle/Texas/24-008749-003/2024(H5N1)	997	963
HA|PP755589.1|A/cattle/Texas/24-008749-003/2024(H5N1)	998	957
HA|PP755589.1|A/cattle/Texas/24-008749-003/2024(H5N1)	999	961
HA|PP755589.1|A/cattle/Texas/24-008749-003/2024(H5N1)	1000	960
HA|PP755589.1|A/cattle/Texas/24-008749-003/2024(H5N1)	1001	968
HA|PP755589.1|A/cattle/Texas/24-008749-003/2024(H5N1)	1002	968
HA|PP755589.1|A/cattle/Texas/24-008749-003/2024(H5N1)	1003	966
HA|PP755589.1|A/cattle/Texas/24-008749-003/2024(H5N1)	1004	956
HA|PP755589.1|A/cattle/Texas/24-008749-003/2024(H5N1)	1005	940
HA|PP755589.1|A/cattle/Texas/24-008749-003/2024(H5N1)	1006	934
HA|PP755589.1|A/cattle/Texas/24-008749-003/2024(H5N1)	1007	879
HA|PP755589.1|A/cattle/Texas/24-008749-003/2024(H5N1)	1008	871
HA|PP755589.1|A/cattle/Texas/24-008749-003/2024(H5N1)	1009	874
HA|PP755589.1|A/cattle/Texas/24-008749-003/2024(H5N1)	1010	867
HA|PP755589.1|A/cattle/Texas/24-008749-003/2024(H5N1)	1011	859
HA|PP755589.1|A/cattle/Texas/24-008749-003/2024(H5N1)	1012	852
HA|PP755589.1|A/cattle/Texas/24-008749-003/2024(H5N1)	1013	851
HA|PP755589.1|A/cattle/Texas/24-008749-003/2024(H5N1)	1014	855
HA|PP755589.1|A/cattle/Texas/24-008749-003/2024(H5N1)	1015	856
HA|PP755589.1|A/cattle/Texas/24-008749-003/2024(H5N1)	1016	856
HA|PP755589.1|A/cattle/Texas/24-008749-003/2024(H5N1)	1017	861
HA|PP755589.1|A/cattle/Texas/24-008749-003/2024(H5N1)	1018	840
HA|PP755589.1|A/cattle/Texas/24-008749-003/2024(H5N1)	1019	835
HA|PP755589.1|A/cattle/Texas/24-008749-003/2024(H5N1)	1020	834
HA|PP755589.1|A/cattle/Texas/24-008749-003/2024(H5N1)	1021	835
HA|PP755589.1|A/cattle/Texas/24-008749-003/2024(H5N1)	1022	835
HA|PP755589.1|A/cattle/Texas/24-008749-003/2024(H5N1)	1023	835
HA|PP755589.1|A/cattle/Texas/24-008749-003/2024(H5N1)	1024	827
HA|PP755589.1|A/cattle/Texas/24-008749-003/2024(H5N1)	1025	826
HA|PP755589.1|A/cattle/Texas/24-008749-003/2024(H5N1)	1026	833
HA|PP755589.1|A/cattle/Texas/24-008749-003/2024(H5N1)	1027	832
HA|PP755589.1|A/cattle/Texas/24-008749-003/2024(H5N1)	1028	834
HA|PP755589.1|A/cattle/Texas/24-008749-003/2024(H5N1)	1029	851
HA|PP755589.1|A/cattle/Texas/24-008749-003/2024(H5N1)	1030	851
HA|PP755589.1|A/cattle/Texas/24-008749-003/2024(H5N1)	1031	845
HA|PP755589.1|A/cattle/Texas/24-008749-003/2024(H5N1)	1032	844
HA|PP755589.1|A/cattle/Texas/24-008749-003/2024(H5N1)	1033	844
HA|PP755589.1|A/cattle/Texas/24-008749-003/2024(H5N1)	1034	844
HA|PP755589.1|A/cattle/Texas/24-008749-003/2024(H5N1)	1035	852
HA|PP755589.1|A/cattle/Texas/24-008749-003/2024(H5N1)	1036	860
HA|PP755589.1|A/cattle/Texas/24-008749-003/2024(H5N1)	1037	864
HA|PP755589.1|A/cattle/Texas/24-008749-003/2024(H5N1)	1038	855
HA|PP755589.1|A/cattle/Texas/24-008749-003/2024(H5N1)	1039	866
HA|PP755589.1|A/cattle/Texas/24-008749-003/2024(H5N1)	1040	866
HA|PP755589.1|A/cattle/Texas/24-008749-003/2024(H5N1)	1041	890
HA|PP755589.1|A/cattle/Texas/24-008749-003/2024(H5N1)	1042	892
HA|PP755589.1|A/cattle/Texas/24-008749-003/2024(H5N1)	1043	893
HA|PP755589.1|A/cattle/Texas/24-008749-003/2024(H5N1)	1044	893
HA|PP755589.1|A/cattle/Texas/24-008749-003/2024(H5N1)	1045	878
HA|PP755589.1|A/cattle/Texas/24-008749-003/2024(H5N1)	1046	881
HA|PP755589.1|A/cattle/Texas/24-008749-003/2024(H5N1)	1047	899
HA|PP755589.1|A/cattle/Texas/24-008749-003/2024(H5N1)	1048	909
HA|PP755589.1|A/cattle/Texas/24-008749-003/2024(H5N1)	1049	911
HA|PP755589.1|A/cattle/Texas/24-008749-003/2024(H5N1)	1050	896
HA|PP755589.1|A/cattle/Texas/24-008749-003/2024(H5N1)	1051	923
HA|PP755589.1|A/cattle/Texas/24-008749-003/2024(H5N1)	1052	929
HA|PP755589.1|A/cattle/Texas/24-008749-003/2024(H5N1)	1053	995
HA|PP755589.1|A/cattle/Texas/24-008749-003/2024(H5N1)	1054	995
HA|PP755589.1|A/cattle/Texas/24-008749-003/2024(H5N1)	1055	988
HA|PP755589.1|A/cattle/Texas/24-008749-003/2024(H5N1)	1056	978
HA|PP755589.1|A/cattle/Texas/24-008749-003/2024(H5N1)	1057	1112
HA|PP755589.1|A/cattle/Texas/24-008749-003/2024(H5N1)	1058	1211
HA|PP755589.1|A/cattle/Texas/24-008749-003/2024(H5N1)	1059	1217
HA|PP755589.1|A/cattle/Texas/24-008749-003/2024(H5N1)	1060	1207
HA|PP755589.1|A/cattle/Texas/24-008749-003/2024(H5N1)	1061	1210
HA|PP755589.1|A/cattle/Texas/24-008749-003/2024(H5N1)	1062	1211
HA|PP755589.1|A/cattle/Texas/24-008749-003/2024(H5N1)	1063	1222
HA|PP755589.1|A/cattle/Texas/24-008749-003/2024(H5N1)	1064	1222
HA|PP755589.1|A/cattle/Texas/24-008749-003/2024(H5N1)	1065	1222
HA|PP755589.1|A/cattle/Texas/24-008749-003/2024(H5N1)	1066	1233
HA|PP755589.1|A/cattle/Texas/24-008749-003/2024(H5N1)	1067	1141
HA|PP755589.1|A/cattle/Texas/24-008749-003/2024(H5N1)	1068	1146
HA|PP755589.1|A/cattle/Texas/24-008749-003/2024(H5N1)	1069	1155
HA|PP755589.1|A/cattle/Texas/24-008749-003/2024(H5N1)	1070	1173
HA|PP755589.1|A/cattle/Texas/24-008749-003/2024(H5N1)	1071	1172
HA|PP755589.1|A/cattle/Texas/24-008749-003/2024(H5N1)	1072	1181
HA|PP755589.1|A/cattle/Texas/24-008749-003/2024(H5N1)	1073	1182
HA|PP755589.1|A/cattle/Texas/24-008749-003/2024(H5N1)	1074	1186
HA|PP755589.1|A/cattle/Texas/24-008749-003/2024(H5N1)	1075	1196
HA|PP755589.1|A/cattle/Texas/24-008749-003/2024(H5N1)	1076	1208
HA|PP755589.1|A/cattle/Texas/24-008749-003/2024(H5N1)	1077	1192
HA|PP755589.1|A/cattle/Texas/24-008749-003/2024(H5N1)	1078	1182
HA|PP755589.1|A/cattle/Texas/24-008749-003/2024(H5N1)	1079	1176
HA|PP755589.1|A/cattle/Texas/24-008749-003/2024(H5N1)	1080	1179
HA|PP755589.1|A/cattle/Texas/24-008749-003/2024(H5N1)	1081	1191
HA|PP755589.1|A/cattle/Texas/24-008749-003/2024(H5N1)	1082	1213
HA|PP755589.1|A/cattle/Texas/24-008749-003/2024(H5N1)	1083	1213
HA|PP755589.1|A/cattle/Texas/24-008749-003/2024(H5N1)	1084	1209
HA|PP755589.1|A/cattle/Texas/24-008749-003/2024(H5N1)	1085	1199
HA|PP755589.1|A/cattle/Texas/24-008749-003/2024(H5N1)	1086	1227
HA|PP755589.1|A/cattle/Texas/24-008749-003/2024(H5N1)	1087	1240
HA|PP755589.1|A/cattle/Texas/24-008749-003/2024(H5N1)	1088	1241
HA|PP755589.1|A/cattle/Texas/24-008749-003/2024(H5N1)	1089	1240
HA|PP755589.1|A/cattle/Texas/24-008749-003/2024(H5N1)	1090	1235
HA|PP755589.1|A/cattle/Texas/24-008749-003/2024(H5N1)	1091	1263
HA|PP755589.1|A/cattle/Texas/24-008749-003/2024(H5N1)	1092	1229
HA|PP755589.1|A/cattle/Texas/24-008749-003/2024(H5N1)	1093	1246
HA|PP755589.1|A/cattle/Texas/24-008749-003/2024(H5N1)	1094	1254
HA|PP755589.1|A/cattle/Texas/24-008749-003/2024(H5N1)	1095	1241
HA|PP755589.1|A/cattle/Texas/24-008749-003/2024(H5N1)	1096	1242
HA|PP755589.1|A/cattle/Texas/24-008749-003/2024(H5N1)	1097	1260
HA|PP755589.1|A/cattle/Texas/24-008749-003/2024(H5N1)	1098	1303
HA|PP755589.1|A/cattle/Texas/24-008749-003/2024(H5N1)	1099	1314
HA|PP755589.1|A/cattle/Texas/24-008749-003/2024(H5N1)	1100	1326
HA|PP755589.1|A/cattle/Texas/24-008749-003/2024(H5N1)	1101	1325
HA|PP755589.1|A/cattle/Texas/24-008749-003/2024(H5N1)	1102	1374
HA|PP755589.1|A/cattle/Texas/24-008749-003/2024(H5N1)	1103	1388
HA|PP755589.1|A/cattle/Texas/24-008749-003/2024(H5N1)	1104	1381
HA|PP755589.1|A/cattle/Texas/24-008749-003/2024(H5N1)	1105	1368
HA|PP755589.1|A/cattle/Texas/24-008749-003/2024(H5N1)	1106	1358
HA|PP755589.1|A/cattle/Texas/24-008749-003/2024(H5N1)	1107	1374
HA|PP755589.1|A/cattle/Texas/24-008749-003/2024(H5N1)	1108	1387
HA|PP755589.1|A/cattle/Texas/24-008749-003/2024(H5N1)	1109	1388
HA|PP755589.1|A/cattle/Texas/24-008749-003/2024(H5N1)	1110	1438
HA|PP755589.1|A/cattle/Texas/24-008749-003/2024(H5N1)	1111	1427
HA|PP755589.1|A/cattle/Texas/24-008749-003/2024(H5N1)	1112	1404
HA|PP755589.1|A/cattle/Texas/24-008749-003/2024(H5N1)	1113	1410
HA|PP755589.1|A/cattle/Texas/24-008749-003/2024(H5N1)	1114	1408
HA|PP755589.1|A/cattle/Texas/24-008749-003/2024(H5N1)	1115	1450
HA|PP755589.1|A/cattle/Texas/24-008749-003/2024(H5N1)	1116	1446
HA|PP755589.1|A/cattle/Texas/24-008749-003/2024(H5N1)	1117	1449
HA|PP755589.1|A/cattle/Texas/24-008749-003/2024(H5N1)	1118	1450
HA|PP755589.1|A/cattle/Texas/24-008749-003/2024(H5N1)	1119	1442
HA|PP755589.1|A/cattle/Texas/24-008749-003/2024(H5N1)	1120	1581
HA|PP755589.1|A/cattle/Texas/24-008749-003/2024(H5N1)	1121	1773
HA|PP755589.1|A/cattle/Texas/24-008749-003/2024(H5N1)	1122	1808
HA|PP755589.1|A/cattle/Texas/24-008749-003/2024(H5N1)	1123	1812
HA|PP755589.1|A/cattle/Texas/24-008749-003/2024(H5N1)	1124	1795
HA|PP755589.1|A/cattle/Texas/24-008749-003/2024(H5N1)	1125	1858
HA|PP755589.1|A/cattle/Texas/24-008749-003/2024(H5N1)	1126	1861
HA|PP755589.1|A/cattle/Texas/24-008749-003/2024(H5N1)	1127	1903
HA|PP755589.1|A/cattle/Texas/24-008749-003/2024(H5N1)	1128	1922
HA|PP755589.1|A/cattle/Texas/24-008749-003/2024(H5N1)	1129	1908
HA|PP755589.1|A/cattle/Texas/24-008749-003/2024(H5N1)	1130	1996
HA|PP755589.1|A/cattle/Texas/24-008749-003/2024(H5N1)	1131	2013
HA|PP755589.1|A/cattle/Texas/24-008749-003/2024(H5N1)	1132	2054
HA|PP755589.1|A/cattle/Texas/24-008749-003/2024(H5N1)	1133	2072
HA|PP755589.1|A/cattle/Texas/24-008749-003/2024(H5N1)	1134	2073
HA|PP755589.1|A/cattle/Texas/24-008749-003/2024(H5N1)	1135	2056
HA|PP755589.1|A/cattle/Texas/24-008749-003/2024(H5N1)	1136	2039
HA|PP755589.1|A/cattle/Texas/24-008749-003/2024(H5N1)	1137	2033
HA|PP755589.1|A/cattle/Texas/24-008749-003/2024(H5N1)	1138	2045
HA|PP755589.1|A/cattle/Texas/24-008749-003/2024(H5N1)	1139	2058
HA|PP755589.1|A/cattle/Texas/24-008749-003/2024(H5N1)	1140	2027
HA|PP755589.1|A/cattle/Texas/24-008749-003/2024(H5N1)	1141	2051
HA|PP755589.1|A/cattle/Texas/24-008749-003/2024(H5N1)	1142	2045
HA|PP755589.1|A/cattle/Texas/24-008749-003/2024(H5N1)	1143	2046
HA|PP755589.1|A/cattle/Texas/24-008749-003/2024(H5N1)	1144	2071
HA|PP755589.1|A/cattle/Texas/24-008749-003/2024(H5N1)	1145	2066
HA|PP755589.1|A/cattle/Texas/24-008749-003/2024(H5N1)	1146	2098
HA|PP755589.1|A/cattle/Texas/24-008749-003/2024(H5N1)	1147	2099
HA|PP755589.1|A/cattle/Texas/24-008749-003/2024(H5N1)	1148	2096
HA|PP755589.1|A/cattle/Texas/24-008749-003/2024(H5N1)	1149	2097
HA|PP755589.1|A/cattle/Texas/24-008749-003/2024(H5N1)	1150	2129
HA|PP755589.1|A/cattle/Texas/24-008749-003/2024(H5N1)	1151	2133
HA|PP755589.1|A/cattle/Texas/24-008749-003/2024(H5N1)	1152	2119
HA|PP755589.1|A/cattle/Texas/24-008749-003/2024(H5N1)	1153	2129
HA|PP755589.1|A/cattle/Texas/24-008749-003/2024(H5N1)	1154	2141
HA|PP755589.1|A/cattle/Texas/24-008749-003/2024(H5N1)	1155	2141
HA|PP755589.1|A/cattle/Texas/24-008749-003/2024(H5N1)	1156	2179
HA|PP755589.1|A/cattle/Texas/24-008749-003/2024(H5N1)	1157	2225
HA|PP755589.1|A/cattle/Texas/24-008749-003/2024(H5N1)	1158	2229
HA|PP755589.1|A/cattle/Texas/24-008749-003/2024(H5N1)	1159	2222
HA|PP755589.1|A/cattle/Texas/24-008749-003/2024(H5N1)	1160	2220
HA|PP755589.1|A/cattle/Texas/24-008749-003/2024(H5N1)	1161	2228
HA|PP755589.1|A/cattle/Texas/24-008749-003/2024(H5N1)	1162	2229
HA|PP755589.1|A/cattle/Texas/24-008749-003/2024(H5N1)	1163	2251
HA|PP755589.1|A/cattle/Texas/24-008749-003/2024(H5N1)	1164	2276
HA|PP755589.1|A/cattle/Texas/24-008749-003/2024(H5N1)	1165	2339
HA|PP755589.1|A/cattle/Texas/24-008749-003/2024(H5N1)	1166	2339
HA|PP755589.1|A/cattle/Texas/24-008749-003/2024(H5N1)	1167	2340
HA|PP755589.1|A/cattle/Texas/24-008749-003/2024(H5N1)	1168	2361
HA|PP755589.1|A/cattle/Texas/24-008749-003/2024(H5N1)	1169	2464
HA|PP755589.1|A/cattle/Texas/24-008749-003/2024(H5N1)	1170	2479
HA|PP755589.1|A/cattle/Texas/24-008749-003/2024(H5N1)	1171	2486
HA|PP755589.1|A/cattle/Texas/24-008749-003/2024(H5N1)	1172	2553
HA|PP755589.1|A/cattle/Texas/24-008749-003/2024(H5N1)	1173	2552
HA|PP755589.1|A/cattle/Texas/24-008749-003/2024(H5N1)	1174	2552
HA|PP755589.1|A/cattle/Texas/24-008749-003/2024(H5N1)	1175	2584
HA|PP755589.1|A/cattle/Texas/24-008749-003/2024(H5N1)	1176	2579
HA|PP755589.1|A/cattle/Texas/24-008749-003/2024(H5N1)	1177	2600
HA|PP755589.1|A/cattle/Texas/24-008749-003/2024(H5N1)	1178	2614
HA|PP755589.1|A/cattle/Texas/24-008749-003/2024(H5N1)	1179	2621
HA|PP755589.1|A/cattle/Texas/24-008749-003/2024(H5N1)	1180	2636
HA|PP755589.1|A/cattle/Texas/24-008749-003/2024(H5N1)	1181	2696
HA|PP755589.1|A/cattle/Texas/24-008749-003/2024(H5N1)	1182	2712
HA|PP755589.1|A/cattle/Texas/24-008749-003/2024(H5N1)	1183	2704
HA|PP755589.1|A/cattle/Texas/24-008749-003/2024(H5N1)	1184	2705
HA|PP755589.1|A/cattle/Texas/24-008749-003/2024(H5N1)	1185	2726
HA|PP755589.1|A/cattle/Texas/24-008749-003/2024(H5N1)	1186	2728
HA|PP755589.1|A/cattle/Texas/24-008749-003/2024(H5N1)	1187	2721
HA|PP755589.1|A/cattle/Texas/24-008749-003/2024(H5N1)	1188	2800
HA|PP755589.1|A/cattle/Texas/24-008749-003/2024(H5N1)	1189	2806
HA|PP755589.1|A/cattle/Texas/24-008749-003/2024(H5N1)	1190	2782
HA|PP755589.1|A/cattle/Texas/24-008749-003/2024(H5N1)	1191	2760
HA|PP755589.1|A/cattle/Texas/24-008749-003/2024(H5N1)	1192	2760
HA|PP755589.1|A/cattle/Texas/24-008749-003/2024(H5N1)	1193	2814
HA|PP755589.1|A/cattle/Texas/24-008749-003/2024(H5N1)	1194	2835
HA|PP755589.1|A/cattle/Texas/24-008749-003/2024(H5N1)	1195	2835
HA|PP755589.1|A/cattle/Texas/24-008749-003/2024(H5N1)	1196	2817
HA|PP755589.1|A/cattle/Texas/24-008749-003/2024(H5N1)	1197	2799
HA|PP755589.1|A/cattle/Texas/24-008749-003/2024(H5N1)	1198	2841
HA|PP755589.1|A/cattle/Texas/24-008749-003/2024(H5N1)	1199	2815
HA|PP755589.1|A/cattle/Texas/24-008749-003/2024(H5N1)	1200	2823
HA|PP755589.1|A/cattle/Texas/24-008749-003/2024(H5N1)	1201	2825
HA|PP755589.1|A/cattle/Texas/24-008749-003/2024(H5N1)	1202	2791
HA|PP755589.1|A/cattle/Texas/24-008749-003/2024(H5N1)	1203	2789
HA|PP755589.1|A/cattle/Texas/24-008749-003/2024(H5N1)	1204	2797
HA|PP755589.1|A/cattle/Texas/24-008749-003/2024(H5N1)	1205	2820
HA|PP755589.1|A/cattle/Texas/24-008749-003/2024(H5N1)	1206	2825
HA|PP755589.1|A/cattle/Texas/24-008749-003/2024(H5N1)	1207	2817
HA|PP755589.1|A/cattle/Texas/24-008749-003/2024(H5N1)	1208	2710
HA|PP755589.1|A/cattle/Texas/24-008749-003/2024(H5N1)	1209	2653
HA|PP755589.1|A/cattle/Texas/24-008749-003/2024(H5N1)	1210	2669
HA|PP755589.1|A/cattle/Texas/24-008749-003/2024(H5N1)	1211	2677
HA|PP755589.1|A/cattle/Texas/24-008749-003/2024(H5N1)	1212	2673
HA|PP755589.1|A/cattle/Texas/24-008749-003/2024(H5N1)	1213	2768
HA|PP755589.1|A/cattle/Texas/24-008749-003/2024(H5N1)	1214	2765
HA|PP755589.1|A/cattle/Texas/24-008749-003/2024(H5N1)	1215	2791
HA|PP755589.1|A/cattle/Texas/24-008749-003/2024(H5N1)	1216	2791
HA|PP755589.1|A/cattle/Texas/24-008749-003/2024(H5N1)	1217	2817
HA|PP755589.1|A/cattle/Texas/24-008749-003/2024(H5N1)	1218	2802
HA|PP755589.1|A/cattle/Texas/24-008749-003/2024(H5N1)	1219	2814
HA|PP755589.1|A/cattle/Texas/24-008749-003/2024(H5N1)	1220	2812
HA|PP755589.1|A/cattle/Texas/24-008749-003/2024(H5N1)	1221	2846
HA|PP755589.1|A/cattle/Texas/24-008749-003/2024(H5N1)	1222	2843
HA|PP755589.1|A/cattle/Texas/24-008749-003/2024(H5N1)	1223	2831
HA|PP755589.1|A/cattle/Texas/24-008749-003/2024(H5N1)	1224	2816
HA|PP755589.1|A/cattle/Texas/24-008749-003/2024(H5N1)	1225	2815
HA|PP755589.1|A/cattle/Texas/24-008749-003/2024(H5N1)	1226	2791
HA|PP755589.1|A/cattle/Texas/24-008749-003/2024(H5N1)	1227	2782
HA|PP755589.1|A/cattle/Texas/24-008749-003/2024(H5N1)	1228	2754
HA|PP755589.1|A/cattle/Texas/24-008749-003/2024(H5N1)	1229	2800
HA|PP755589.1|A/cattle/Texas/24-008749-003/2024(H5N1)	1230	2771
HA|PP755589.1|A/cattle/Texas/24-008749-003/2024(H5N1)	1231	2886
HA|PP755589.1|A/cattle/Texas/24-008749-003/2024(H5N1)	1232	2894
HA|PP755589.1|A/cattle/Texas/24-008749-003/2024(H5N1)	1233	2879
HA|PP755589.1|A/cattle/Texas/24-008749-003/2024(H5N1)	1234	2888
HA|PP755589.1|A/cattle/Texas/24-008749-003/2024(H5N1)	1235	2909
HA|PP755589.1|A/cattle/Texas/24-008749-003/2024(H5N1)	1236	2944
HA|PP755589.1|A/cattle/Texas/24-008749-003/2024(H5N1)	1237	2918
HA|PP755589.1|A/cattle/Texas/24-008749-003/2024(H5N1)	1238	2907
HA|PP755589.1|A/cattle/Texas/24-008749-003/2024(H5N1)	1239	2936
HA|PP755589.1|A/cattle/Texas/24-008749-003/2024(H5N1)	1240	2992
HA|PP755589.1|A/cattle/Texas/24-008749-003/2024(H5N1)	1241	2930
HA|PP755589.1|A/cattle/Texas/24-008749-003/2024(H5N1)	1242	2957
HA|PP755589.1|A/cattle/Texas/24-008749-003/2024(H5N1)	1243	2955
HA|PP755589.1|A/cattle/Texas/24-008749-003/2024(H5N1)	1244	2947
HA|PP755589.1|A/cattle/Texas/24-008749-003/2024(H5N1)	1245	2969
HA|PP755589.1|A/cattle/Texas/24-008749-003/2024(H5N1)	1246	2966
HA|PP755589.1|A/cattle/Texas/24-008749-003/2024(H5N1)	1247	2962
HA|PP755589.1|A/cattle/Texas/24-008749-003/2024(H5N1)	1248	2943
HA|PP755589.1|A/cattle/Texas/24-008749-003/2024(H5N1)	1249	2891
HA|PP755589.1|A/cattle/Texas/24-008749-003/2024(H5N1)	1250	2917
HA|PP755589.1|A/cattle/Texas/24-008749-003/2024(H5N1)	1251	2894
HA|PP755589.1|A/cattle/Texas/24-008749-003/2024(H5N1)	1252	2894
HA|PP755589.1|A/cattle/Texas/24-008749-003/2024(H5N1)	1253	2897
HA|PP755589.1|A/cattle/Texas/24-008749-003/2024(H5N1)	1254	2874
HA|PP755589.1|A/cattle/Texas/24-008749-003/2024(H5N1)	1255	2893
HA|PP755589.1|A/cattle/Texas/24-008749-003/2024(H5N1)	1256	2911
HA|PP755589.1|A/cattle/Texas/24-008749-003/2024(H5N1)	1257	2932
HA|PP755589.1|A/cattle/Texas/24-008749-003/2024(H5N1)	1258	2902
HA|PP755589.1|A/cattle/Texas/24-008749-003/2024(H5N1)	1259	2897
HA|PP755589.1|A/cattle/Texas/24-008749-003/2024(H5N1)	1260	2925
HA|PP755589.1|A/cattle/Texas/24-008749-003/2024(H5N1)	1261	2873
HA|PP755589.1|A/cattle/Texas/24-008749-003/2024(H5N1)	1262	2929
HA|PP755589.1|A/cattle/Texas/24-008749-003/2024(H5N1)	1263	3011
HA|PP755589.1|A/cattle/Texas/24-008749-003/2024(H5N1)	1264	3009
HA|PP755589.1|A/cattle/Texas/24-008749-003/2024(H5N1)	1265	2949
HA|PP755589.1|A/cattle/Texas/24-008749-003/2024(H5N1)	1266	2889
HA|PP755589.1|A/cattle/Texas/24-008749-003/2024(H5N1)	1267	2842
HA|PP755589.1|A/cattle/Texas/24-008749-003/2024(H5N1)	1268	2846
HA|PP755589.1|A/cattle/Texas/24-008749-003/2024(H5N1)	1269	2859
HA|PP755589.1|A/cattle/Texas/24-008749-003/2024(H5N1)	1270	2975
HA|PP755589.1|A/cattle/Texas/24-008749-003/2024(H5N1)	1271	2838
HA|PP755589.1|A/cattle/Texas/24-008749-003/2024(H5N1)	1272	2831
HA|PP755589.1|A/cattle/Texas/24-008749-003/2024(H5N1)	1273	2809
HA|PP755589.1|A/cattle/Texas/24-008749-003/2024(H5N1)	1274	2871
HA|PP755589.1|A/cattle/Texas/24-008749-003/2024(H5N1)	1275	2874
HA|PP755589.1|A/cattle/Texas/24-008749-003/2024(H5N1)	1276	2814
HA|PP755589.1|A/cattle/Texas/24-008749-003/2024(H5N1)	1277	2812
HA|PP755589.1|A/cattle/Texas/24-008749-003/2024(H5N1)	1278	2752
HA|PP755589.1|A/cattle/Texas/24-008749-003/2024(H5N1)	1279	2886
HA|PP755589.1|A/cattle/Texas/24-008749-003/2024(H5N1)	1280	2902
HA|PP755589.1|A/cattle/Texas/24-008749-003/2024(H5N1)	1281	2837
HA|PP755589.1|A/cattle/Texas/24-008749-003/2024(H5N1)	1282	2825
HA|PP755589.1|A/cattle/Texas/24-008749-003/2024(H5N1)	1283	2789
HA|PP755589.1|A/cattle/Texas/24-008749-003/2024(H5N1)	1284	2774
HA|PP755589.1|A/cattle/Texas/24-008749-003/2024(H5N1)	1285	2795
HA|PP755589.1|A/cattle/Texas/24-008749-003/2024(H5N1)	1286	2804
HA|PP755589.1|A/cattle/Texas/24-008749-003/2024(H5N1)	1287	2796
HA|PP755589.1|A/cattle/Texas/24-008749-003/2024(H5N1)	1288	2851
HA|PP755589.1|A/cattle/Texas/24-008749-003/2024(H5N1)	1289	2840
HA|PP755589.1|A/cattle/Texas/24-008749-003/2024(H5N1)	1290	2831
HA|PP755589.1|A/cattle/Texas/24-008749-003/2024(H5N1)	1291	2837
HA|PP755589.1|A/cattle/Texas/24-008749-003/2024(H5N1)	1292	2905
HA|PP755589.1|A/cattle/Texas/24-008749-003/2024(H5N1)	1293	2957
HA|PP755589.1|A/cattle/Texas/24-008749-003/2024(H5N1)	1294	2945
HA|PP755589.1|A/cattle/Texas/24-008749-003/2024(H5N1)	1295	2967
HA|PP755589.1|A/cattle/Texas/24-008749-003/2024(H5N1)	1296	2975
HA|PP755589.1|A/cattle/Texas/24-008749-003/2024(H5N1)	1297	2960
HA|PP755589.1|A/cattle/Texas/24-008749-003/2024(H5N1)	1298	3018
HA|PP755589.1|A/cattle/Texas/24-008749-003/2024(H5N1)	1299	3043
HA|PP755589.1|A/cattle/Texas/24-008749-003/2024(H5N1)	1300	3021
HA|PP755589.1|A/cattle/Texas/24-008749-003/2024(H5N1)	1301	3019
HA|PP755589.1|A/cattle/Texas/24-008749-003/2024(H5N1)	1302	3017
HA|PP755589.1|A/cattle/Texas/24-008749-003/2024(H5N1)	1303	3019
HA|PP755589.1|A/cattle/Texas/24-008749-003/2024(H5N1)	1304	3032
HA|PP755589.1|A/cattle/Texas/24-008749-003/2024(H5N1)	1305	3108
HA|PP755589.1|A/cattle/Texas/24-008749-003/2024(H5N1)	1306	3108
HA|PP755589.1|A/cattle/Texas/24-008749-003/2024(H5N1)	1307	3069
HA|PP755589.1|A/cattle/Texas/24-008749-003/2024(H5N1)	1308	3034
HA|PP755589.1|A/cattle/Texas/24-008749-003/2024(H5N1)	1309	3027
HA|PP755589.1|A/cattle/Texas/24-008749-003/2024(H5N1)	1310	3046
HA|PP755589.1|A/cattle/Texas/24-008749-003/2024(H5N1)	1311	3073
HA|PP755589.1|A/cattle/Texas/24-008749-003/2024(H5N1)	1312	3078
HA|PP755589.1|A/cattle/Texas/24-008749-003/2024(H5N1)	1313	3078
HA|PP755589.1|A/cattle/Texas/24-008749-003/2024(H5N1)	1314	3154
HA|PP755589.1|A/cattle/Texas/24-008749-003/2024(H5N1)	1315	3143
HA|PP755589.1|A/cattle/Texas/24-008749-003/2024(H5N1)	1316	3150
HA|PP755589.1|A/cattle/Texas/24-008749-003/2024(H5N1)	1317	3147
HA|PP755589.1|A/cattle/Texas/24-008749-003/2024(H5N1)	1318	3142
HA|PP755589.1|A/cattle/Texas/24-008749-003/2024(H5N1)	1319	3203
HA|PP755589.1|A/cattle/Texas/24-008749-003/2024(H5N1)	1320	3104
HA|PP755589.1|A/cattle/Texas/24-008749-003/2024(H5N1)	1321	3097
HA|PP755589.1|A/cattle/Texas/24-008749-003/2024(H5N1)	1322	3094
HA|PP755589.1|A/cattle/Texas/24-008749-003/2024(H5N1)	1323	3013
HA|PP755589.1|A/cattle/Texas/24-008749-003/2024(H5N1)	1324	3019
HA|PP755589.1|A/cattle/Texas/24-008749-003/2024(H5N1)	1325	3056
HA|PP755589.1|A/cattle/Texas/24-008749-003/2024(H5N1)	1326	3042
HA|PP755589.1|A/cattle/Texas/24-008749-003/2024(H5N1)	1327	3053
HA|PP755589.1|A/cattle/Texas/24-008749-003/2024(H5N1)	1328	3032
HA|PP755589.1|A/cattle/Texas/24-008749-003/2024(H5N1)	1329	3041
HA|PP755589.1|A/cattle/Texas/24-008749-003/2024(H5N1)	1330	2965
HA|PP755589.1|A/cattle/Texas/24-008749-003/2024(H5N1)	1331	2967
HA|PP755589.1|A/cattle/Texas/24-008749-003/2024(H5N1)	1332	2969
HA|PP755589.1|A/cattle/Texas/24-008749-003/2024(H5N1)	1333	2957
HA|PP755589.1|A/cattle/Texas/24-008749-003/2024(H5N1)	1334	2964
HA|PP755589.1|A/cattle/Texas/24-008749-003/2024(H5N1)	1335	3013
HA|PP755589.1|A/cattle/Texas/24-008749-003/2024(H5N1)	1336	2992
HA|PP755589.1|A/cattle/Texas/24-008749-003/2024(H5N1)	1337	3030
HA|PP755589.1|A/cattle/Texas/24-008749-003/2024(H5N1)	1338	2967
HA|PP755589.1|A/cattle/Texas/24-008749-003/2024(H5N1)	1339	2968
HA|PP755589.1|A/cattle/Texas/24-008749-003/2024(H5N1)	1340	2973
HA|PP755589.1|A/cattle/Texas/24-008749-003/2024(H5N1)	1341	2971
HA|PP755589.1|A/cattle/Texas/24-008749-003/2024(H5N1)	1342	2993
HA|PP755589.1|A/cattle/Texas/24-008749-003/2024(H5N1)	1343	2992
HA|PP755589.1|A/cattle/Texas/24-008749-003/2024(H5N1)	1344	2953
HA|PP755589.1|A/cattle/Texas/24-008749-003/2024(H5N1)	1345	2985
HA|PP755589.1|A/cattle/Texas/24-008749-003/2024(H5N1)	1346	3001
HA|PP755589.1|A/cattle/Texas/24-008749-003/2024(H5N1)	1347	3030
HA|PP755589.1|A/cattle/Texas/24-008749-003/2024(H5N1)	1348	3030
HA|PP755589.1|A/cattle/Texas/24-008749-003/2024(H5N1)	1349	2985
HA|PP755589.1|A/cattle/Texas/24-008749-003/2024(H5N1)	1350	2989
HA|PP755589.1|A/cattle/Texas/24-008749-003/2024(H5N1)	1351	2976
HA|PP755589.1|A/cattle/Texas/24-008749-003/2024(H5N1)	1352	2997
HA|PP755589.1|A/cattle/Texas/24-008749-003/2024(H5N1)	1353	3027
HA|PP755589.1|A/cattle/Texas/24-008749-003/2024(H5N1)	1354	3057
HA|PP755589.1|A/cattle/Texas/24-008749-003/2024(H5N1)	1355	3142
HA|PP755589.1|A/cattle/Texas/24-008749-003/2024(H5N1)	1356	3116
HA|PP755589.1|A/cattle/Texas/24-008749-003/2024(H5N1)	1357	3133
HA|PP755589.1|A/cattle/Texas/24-008749-003/2024(H5N1)	1358	3137
HA|PP755589.1|A/cattle/Texas/24-008749-003/2024(H5N1)	1359	3151
HA|PP755589.1|A/cattle/Texas/24-008749-003/2024(H5N1)	1360	3132
HA|PP755589.1|A/cattle/Texas/24-008749-003/2024(H5N1)	1361	3189
HA|PP755589.1|A/cattle/Texas/24-008749-003/2024(H5N1)	1362	3203
HA|PP755589.1|A/cattle/Texas/24-008749-003/2024(H5N1)	1363	3182
HA|PP755589.1|A/cattle/Texas/24-008749-003/2024(H5N1)	1364	3188
HA|PP755589.1|A/cattle/Texas/24-008749-003/2024(H5N1)	1365	3180
HA|PP755589.1|A/cattle/Texas/24-008749-003/2024(H5N1)	1366	3177
HA|PP755589.1|A/cattle/Texas/24-008749-003/2024(H5N1)	1367	3177
HA|PP755589.1|A/cattle/Texas/24-008749-003/2024(H5N1)	1368	3140
HA|PP755589.1|A/cattle/Texas/24-008749-003/2024(H5N1)	1369	3139
HA|PP755589.1|A/cattle/Texas/24-008749-003/2024(H5N1)	1370	3246
HA|PP755589.1|A/cattle/Texas/24-008749-003/2024(H5N1)	1371	3291
HA|PP755589.1|A/cattle/Texas/24-008749-003/2024(H5N1)	1372	3236
HA|PP755589.1|A/cattle/Texas/24-008749-003/2024(H5N1)	1373	3256
HA|PP755589.1|A/cattle/Texas/24-008749-003/2024(H5N1)	1374	3255
HA|PP755589.1|A/cattle/Texas/24-008749-003/2024(H5N1)	1375	3260
HA|PP755589.1|A/cattle/Texas/24-008749-003/2024(H5N1)	1376	3356
HA|PP755589.1|A/cattle/Texas/24-008749-003/2024(H5N1)	1377	3357
HA|PP755589.1|A/cattle/Texas/24-008749-003/2024(H5N1)	1378	3408
HA|PP755589.1|A/cattle/Texas/24-008749-003/2024(H5N1)	1379	3405
HA|PP755589.1|A/cattle/Texas/24-008749-003/2024(H5N1)	1380	3389
HA|PP755589.1|A/cattle/Texas/24-008749-003/2024(H5N1)	1381	3390
HA|PP755589.1|A/cattle/Texas/24-008749-003/2024(H5N1)	1382	3275
HA|PP755589.1|A/cattle/Texas/24-008749-003/2024(H5N1)	1383	3278
HA|PP755589.1|A/cattle/Texas/24-008749-003/2024(H5N1)	1384	3296
HA|PP755589.1|A/cattle/Texas/24-008749-003/2024(H5N1)	1385	3294
HA|PP755589.1|A/cattle/Texas/24-008749-003/2024(H5N1)	1386	3320
HA|PP755589.1|A/cattle/Texas/24-008749-003/2024(H5N1)	1387	3295
HA|PP755589.1|A/cattle/Texas/24-008749-003/2024(H5N1)	1388	3266
HA|PP755589.1|A/cattle/Texas/24-008749-003/2024(H5N1)	1389	3264
HA|PP755589.1|A/cattle/Texas/24-008749-003/2024(H5N1)	1390	3263
HA|PP755589.1|A/cattle/Texas/24-008749-003/2024(H5N1)	1391	3207
HA|PP755589.1|A/cattle/Texas/24-008749-003/2024(H5N1)	1392	3212
HA|PP755589.1|A/cattle/Texas/24-008749-003/2024(H5N1)	1393	3212
HA|PP755589.1|A/cattle/Texas/24-008749-003/2024(H5N1)	1394	3230
HA|PP755589.1|A/cattle/Texas/24-008749-003/2024(H5N1)	1395	3216
HA|PP755589.1|A/cattle/Texas/24-008749-003/2024(H5N1)	1396	3186
HA|PP755589.1|A/cattle/Texas/24-008749-003/2024(H5N1)	1397	3188
HA|PP755589.1|A/cattle/Texas/24-008749-003/2024(H5N1)	1398	3205
HA|PP755589.1|A/cattle/Texas/24-008749-003/2024(H5N1)	1399	3219
HA|PP755589.1|A/cattle/Texas/24-008749-003/2024(H5N1)	1400	3218
HA|PP755589.1|A/cattle/Texas/24-008749-003/2024(H5N1)	1401	3154
HA|PP755589.1|A/cattle/Texas/24-008749-003/2024(H5N1)	1402	3152
HA|PP755589.1|A/cattle/Texas/24-008749-003/2024(H5N1)	1403	3252
HA|PP755589.1|A/cattle/Texas/24-008749-003/2024(H5N1)	1404	3279
HA|PP755589.1|A/cattle/Texas/24-008749-003/2024(H5N1)	1405	3287
HA|PP755589.1|A/cattle/Texas/24-008749-003/2024(H5N1)	1406	3271
HA|PP755589.1|A/cattle/Texas/24-008749-003/2024(H5N1)	1407	3250
HA|PP755589.1|A/cattle/Texas/24-008749-003/2024(H5N1)	1408	3234
HA|PP755589.1|A/cattle/Texas/24-008749-003/2024(H5N1)	1409	3217
HA|PP755589.1|A/cattle/Texas/24-008749-003/2024(H5N1)	1410	3347
HA|PP755589.1|A/cattle/Texas/24-008749-003/2024(H5N1)	1411	3356
HA|PP755589.1|A/cattle/Texas/24-008749-003/2024(H5N1)	1412	3259
HA|PP755589.1|A/cattle/Texas/24-008749-003/2024(H5N1)	1413	3259
HA|PP755589.1|A/cattle/Texas/24-008749-003/2024(H5N1)	1414	3247
HA|PP755589.1|A/cattle/Texas/24-008749-003/2024(H5N1)	1415	3256
HA|PP755589.1|A/cattle/Texas/24-008749-003/2024(H5N1)	1416	3311
HA|PP755589.1|A/cattle/Texas/24-008749-003/2024(H5N1)	1417	3309
HA|PP755589.1|A/cattle/Texas/24-008749-003/2024(H5N1)	1418	3302
HA|PP755589.1|A/cattle/Texas/24-008749-003/2024(H5N1)	1419	3168
HA|PP755589.1|A/cattle/Texas/24-008749-003/2024(H5N1)	1420	3146
HA|PP755589.1|A/cattle/Texas/24-008749-003/2024(H5N1)	1421	3304
HA|PP755589.1|A/cattle/Texas/24-008749-003/2024(H5N1)	1422	3312
HA|PP755589.1|A/cattle/Texas/24-008749-003/2024(H5N1)	1423	3314
HA|PP755589.1|A/cattle/Texas/24-008749-003/2024(H5N1)	1424	3347
HA|PP755589.1|A/cattle/Texas/24-008749-003/2024(H5N1)	1425	3276
HA|PP755589.1|A/cattle/Texas/24-008749-003/2024(H5N1)	1426	3274
HA|PP755589.1|A/cattle/Texas/24-008749-003/2024(H5N1)	1427	3275
HA|PP755589.1|A/cattle/Texas/24-008749-003/2024(H5N1)	1428	3295
HA|PP755589.1|A/cattle/Texas/24-008749-003/2024(H5N1)	1429	3328
HA|PP755589.1|A/cattle/Texas/24-008749-003/2024(H5N1)	1430	3151
HA|PP755589.1|A/cattle/Texas/24-008749-003/2024(H5N1)	1431	3134
HA|PP755589.1|A/cattle/Texas/24-008749-003/2024(H5N1)	1432	3160
HA|PP755589.1|A/cattle/Texas/24-008749-003/2024(H5N1)	1433	3226
HA|PP755589.1|A/cattle/Texas/24-008749-003/2024(H5N1)	1434	3331
HA|PP755589.1|A/cattle/Texas/24-008749-003/2024(H5N1)	1435	3366
HA|PP755589.1|A/cattle/Texas/24-008749-003/2024(H5N1)	1436	3355
HA|PP755589.1|A/cattle/Texas/24-008749-003/2024(H5N1)	1437	3343
HA|PP755589.1|A/cattle/Texas/24-008749-003/2024(H5N1)	1438	3388
HA|PP755589.1|A/cattle/Texas/24-008749-003/2024(H5N1)	1439	3383
HA|PP755589.1|A/cattle/Texas/24-008749-003/2024(H5N1)	1440	3394
HA|PP755589.1|A/cattle/Texas/24-008749-003/2024(H5N1)	1441	3394
HA|PP755589.1|A/cattle/Texas/24-008749-003/2024(H5N1)	1442	3400
HA|PP755589.1|A/cattle/Texas/24-008749-003/2024(H5N1)	1443	3285
HA|PP755589.1|A/cattle/Texas/24-008749-003/2024(H5N1)	1444	3302
HA|PP755589.1|A/cattle/Texas/24-008749-003/2024(H5N1)	1445	3323
HA|PP755589.1|A/cattle/Texas/24-008749-003/2024(H5N1)	1446	3324
HA|PP755589.1|A/cattle/Texas/24-008749-003/2024(H5N1)	1447	3333
HA|PP755589.1|A/cattle/Texas/24-008749-003/2024(H5N1)	1448	3331
HA|PP755589.1|A/cattle/Texas/24-008749-003/2024(H5N1)	1449	3253
HA|PP755589.1|A/cattle/Texas/24-008749-003/2024(H5N1)	1450	3256
HA|PP755589.1|A/cattle/Texas/24-008749-003/2024(H5N1)	1451	3250
HA|PP755589.1|A/cattle/Texas/24-008749-003/2024(H5N1)	1452	3280
HA|PP755589.1|A/cattle/Texas/24-008749-003/2024(H5N1)	1453	3287
HA|PP755589.1|A/cattle/Texas/24-008749-003/2024(H5N1)	1454	3254
HA|PP755589.1|A/cattle/Texas/24-008749-003/2024(H5N1)	1455	3188
HA|PP755589.1|A/cattle/Texas/24-008749-003/2024(H5N1)	1456	3170
HA|PP755589.1|A/cattle/Texas/24-008749-003/2024(H5N1)	1457	3184
HA|PP755589.1|A/cattle/Texas/24-008749-003/2024(H5N1)	1458	3193
HA|PP755589.1|A/cattle/Texas/24-008749-003/2024(H5N1)	1459	3187
HA|PP755589.1|A/cattle/Texas/24-008749-003/2024(H5N1)	1460	3209
HA|PP755589.1|A/cattle/Texas/24-008749-003/2024(H5N1)	1461	3182
HA|PP755589.1|A/cattle/Texas/24-008749-003/2024(H5N1)	1462	3181
HA|PP755589.1|A/cattle/Texas/24-008749-003/2024(H5N1)	1463	3188
HA|PP755589.1|A/cattle/Texas/24-008749-003/2024(H5N1)	1464	3167
HA|PP755589.1|A/cattle/Texas/24-008749-003/2024(H5N1)	1465	3062
HA|PP755589.1|A/cattle/Texas/24-008749-003/2024(H5N1)	1466	3062
HA|PP755589.1|A/cattle/Texas/24-008749-003/2024(H5N1)	1467	3063
HA|PP755589.1|A/cattle/Texas/24-008749-003/2024(H5N1)	1468	3067
HA|PP755589.1|A/cattle/Texas/24-008749-003/2024(H5N1)	1469	3068
HA|PP755589.1|A/cattle/Texas/24-008749-003/2024(H5N1)	1470	3000
HA|PP755589.1|A/cattle/Texas/24-008749-003/2024(H5N1)	1471	2998
HA|PP755589.1|A/cattle/Texas/24-008749-003/2024(H5N1)	1472	3002
HA|PP755589.1|A/cattle/Texas/24-008749-003/2024(H5N1)	1473	2990
HA|PP755589.1|A/cattle/Texas/24-008749-003/2024(H5N1)	1474	2993
HA|PP755589.1|A/cattle/Texas/24-008749-003/2024(H5N1)	1475	2959
HA|PP755589.1|A/cattle/Texas/24-008749-003/2024(H5N1)	1476	2960
HA|PP755589.1|A/cattle/Texas/24-008749-003/2024(H5N1)	1477	3007
HA|PP755589.1|A/cattle/Texas/24-008749-003/2024(H5N1)	1478	2991
HA|PP755589.1|A/cattle/Texas/24-008749-003/2024(H5N1)	1479	3002
HA|PP755589.1|A/cattle/Texas/24-008749-003/2024(H5N1)	1480	3146
HA|PP755589.1|A/cattle/Texas/24-008749-003/2024(H5N1)	1481	3150
HA|PP755589.1|A/cattle/Texas/24-008749-003/2024(H5N1)	1482	3145
HA|PP755589.1|A/cattle/Texas/24-008749-003/2024(H5N1)	1483	3145
HA|PP755589.1|A/cattle/Texas/24-008749-003/2024(H5N1)	1484	3132
HA|PP755589.1|A/cattle/Texas/24-008749-003/2024(H5N1)	1485	3139
HA|PP755589.1|A/cattle/Texas/24-008749-003/2024(H5N1)	1486	3085
HA|PP755589.1|A/cattle/Texas/24-008749-003/2024(H5N1)	1487	3124
HA|PP755589.1|A/cattle/Texas/24-008749-003/2024(H5N1)	1488	3068
HA|PP755589.1|A/cattle/Texas/24-008749-003/2024(H5N1)	1489	3064
HA|PP755589.1|A/cattle/Texas/24-008749-003/2024(H5N1)	1490	3070
HA|PP755589.1|A/cattle/Texas/24-008749-003/2024(H5N1)	1491	3069
HA|PP755589.1|A/cattle/Texas/24-008749-003/2024(H5N1)	1492	3075
HA|PP755589.1|A/cattle/Texas/24-008749-003/2024(H5N1)	1493	3072
HA|PP755589.1|A/cattle/Texas/24-008749-003/2024(H5N1)	1494	3081
HA|PP755589.1|A/cattle/Texas/24-008749-003/2024(H5N1)	1495	3079
HA|PP755589.1|A/cattle/Texas/24-008749-003/2024(H5N1)	1496	3073
HA|PP755589.1|A/cattle/Texas/24-008749-003/2024(H5N1)	1497	3057
HA|PP755589.1|A/cattle/Texas/24-008749-003/2024(H5N1)	1498	3020
HA|PP755589.1|A/cattle/Texas/24-008749-003/2024(H5N1)	1499	3029
HA|PP755589.1|A/cattle/Texas/24-008749-003/2024(H5N1)	1500	3017
HA|PP755589.1|A/cattle/Texas/24-008749-003/2024(H5N1)	1501	3056
HA|PP755589.1|A/cattle/Texas/24-008749-003/2024(H5N1)	1502	3031
HA|PP755589.1|A/cattle/Texas/24-008749-003/2024(H5N1)	1503	3034
HA|PP755589.1|A/cattle/Texas/24-008749-003/2024(H5N1)	1504	3041
HA|PP755589.1|A/cattle/Texas/24-008749-003/2024(H5N1)	1505	3020
HA|PP755589.1|A/cattle/Texas/24-008749-003/2024(H5N1)	1506	3086
HA|PP755589.1|A/cattle/Texas/24-008749-003/2024(H5N1)	1507	3086
HA|PP755589.1|A/cattle/Texas/24-008749-003/2024(H5N1)	1508	3090
HA|PP755589.1|A/cattle/Texas/24-008749-003/2024(H5N1)	1509	3071
HA|PP755589.1|A/cattle/Texas/24-008749-003/2024(H5N1)	1510	3011
HA|PP755589.1|A/cattle/Texas/24-008749-003/2024(H5N1)	1511	3084
HA|PP755589.1|A/cattle/Texas/24-008749-003/2024(H5N1)	1512	3109
HA|PP755589.1|A/cattle/Texas/24-008749-003/2024(H5N1)	1513	3142
HA|PP755589.1|A/cattle/Texas/24-008749-003/2024(H5N1)	1514	3137
HA|PP755589.1|A/cattle/Texas/24-008749-003/2024(H5N1)	1515	3082
HA|PP755589.1|A/cattle/Texas/24-008749-003/2024(H5N1)	1516	3087
HA|PP755589.1|A/cattle/Texas/24-008749-003/2024(H5N1)	1517	3076
HA|PP755589.1|A/cattle/Texas/24-008749-003/2024(H5N1)	1518	3143
HA|PP755589.1|A/cattle/Texas/24-008749-003/2024(H5N1)	1519	3139
HA|PP755589.1|A/cattle/Texas/24-008749-003/2024(H5N1)	1520	3145
HA|PP755589.1|A/cattle/Texas/24-008749-003/2024(H5N1)	1521	3085
HA|PP755589.1|A/cattle/Texas/24-008749-003/2024(H5N1)	1522	3040
HA|PP755589.1|A/cattle/Texas/24-008749-003/2024(H5N1)	1523	3040
HA|PP755589.1|A/cattle/Texas/24-008749-003/2024(H5N1)	1524	3023
HA|PP755589.1|A/cattle/Texas/24-008749-003/2024(H5N1)	1525	3041
HA|PP755589.1|A/cattle/Texas/24-008749-003/2024(H5N1)	1526	3156
HA|PP755589.1|A/cattle/Texas/24-008749-003/2024(H5N1)	1527	3045
HA|PP755589.1|A/cattle/Texas/24-008749-003/2024(H5N1)	1528	3049
HA|PP755589.1|A/cattle/Texas/24-008749-003/2024(H5N1)	1529	3018
HA|PP755589.1|A/cattle/Texas/24-008749-003/2024(H5N1)	1530	3015
HA|PP755589.1|A/cattle/Texas/24-008749-003/2024(H5N1)	1531	3013
HA|PP755589.1|A/cattle/Texas/24-008749-003/2024(H5N1)	1532	3016
HA|PP755589.1|A/cattle/Texas/24-008749-003/2024(H5N1)	1533	3017
HA|PP755589.1|A/cattle/Texas/24-008749-003/2024(H5N1)	1534	3001
HA|PP755589.1|A/cattle/Texas/24-008749-003/2024(H5N1)	1535	3005
HA|PP755589.1|A/cattle/Texas/24-008749-003/2024(H5N1)	1536	3124
HA|PP755589.1|A/cattle/Texas/24-008749-003/2024(H5N1)	1537	3094
HA|PP755589.1|A/cattle/Texas/24-008749-003/2024(H5N1)	1538	3076
HA|PP755589.1|A/cattle/Texas/24-008749-003/2024(H5N1)	1539	3143
HA|PP755589.1|A/cattle/Texas/24-008749-003/2024(H5N1)	1540	3144
HA|PP755589.1|A/cattle/Texas/24-008749-003/2024(H5N1)	1541	3152
HA|PP755589.1|A/cattle/Texas/24-008749-003/2024(H5N1)	1542	3152
HA|PP755589.1|A/cattle/Texas/24-008749-003/2024(H5N1)	1543	3117
HA|PP755589.1|A/cattle/Texas/24-008749-003/2024(H5N1)	1544	3120
HA|PP755589.1|A/cattle/Texas/24-008749-003/2024(H5N1)	1545	3117
HA|PP755589.1|A/cattle/Texas/24-008749-003/2024(H5N1)	1546	3123
HA|PP755589.1|A/cattle/Texas/24-008749-003/2024(H5N1)	1547	3138
HA|PP755589.1|A/cattle/Texas/24-008749-003/2024(H5N1)	1548	3136
HA|PP755589.1|A/cattle/Texas/24-008749-003/2024(H5N1)	1549	3163
HA|PP755589.1|A/cattle/Texas/24-008749-003/2024(H5N1)	1550	3169
HA|PP755589.1|A/cattle/Texas/24-008749-003/2024(H5N1)	1551	3182
HA|PP755589.1|A/cattle/Texas/24-008749-003/2024(H5N1)	1552	3183
HA|PP755589.1|A/cattle/Texas/24-008749-003/2024(H5N1)	1553	3163
HA|PP755589.1|A/cattle/Texas/24-008749-003/2024(H5N1)	1554	3080
HA|PP755589.1|A/cattle/Texas/24-008749-003/2024(H5N1)	1555	3068
HA|PP755589.1|A/cattle/Texas/24-008749-003/2024(H5N1)	1556	3064
HA|PP755589.1|A/cattle/Texas/24-008749-003/2024(H5N1)	1557	3069
HA|PP755589.1|A/cattle/Texas/24-008749-003/2024(H5N1)	1558	2981
HA|PP755589.1|A/cattle/Texas/24-008749-003/2024(H5N1)	1559	2986
HA|PP755589.1|A/cattle/Texas/24-008749-003/2024(H5N1)	1560	2972
HA|PP755589.1|A/cattle/Texas/24-008749-003/2024(H5N1)	1561	2837
HA|PP755589.1|A/cattle/Texas/24-008749-003/2024(H5N1)	1562	2853
HA|PP755589.1|A/cattle/Texas/24-008749-003/2024(H5N1)	1563	2853
HA|PP755589.1|A/cattle/Texas/24-008749-003/2024(H5N1)	1564	2862
HA|PP755589.1|A/cattle/Texas/24-008749-003/2024(H5N1)	1565	2863
HA|PP755589.1|A/cattle/Texas/24-008749-003/2024(H5N1)	1566	2864
HA|PP755589.1|A/cattle/Texas/24-008749-003/2024(H5N1)	1567	2810
HA|PP755589.1|A/cattle/Texas/24-008749-003/2024(H5N1)	1568	2804
HA|PP755589.1|A/cattle/Texas/24-008749-003/2024(H5N1)	1569	2799
HA|PP755589.1|A/cattle/Texas/24-008749-003/2024(H5N1)	1570	2797
HA|PP755589.1|A/cattle/Texas/24-008749-003/2024(H5N1)	1571	2843
HA|PP755589.1|A/cattle/Texas/24-008749-003/2024(H5N1)	1572	2716
HA|PP755589.1|A/cattle/Texas/24-008749-003/2024(H5N1)	1573	2708
HA|PP755589.1|A/cattle/Texas/24-008749-003/2024(H5N1)	1574	2706
HA|PP755589.1|A/cattle/Texas/24-008749-003/2024(H5N1)	1575	2671
HA|PP755589.1|A/cattle/Texas/24-008749-003/2024(H5N1)	1576	2680
HA|PP755589.1|A/cattle/Texas/24-008749-003/2024(H5N1)	1577	2729
HA|PP755589.1|A/cattle/Texas/24-008749-003/2024(H5N1)	1578	2729
HA|PP755589.1|A/cattle/Texas/24-008749-003/2024(H5N1)	1579	2707
HA|PP755589.1|A/cattle/Texas/24-008749-003/2024(H5N1)	1580	2719
HA|PP755589.1|A/cattle/Texas/24-008749-003/2024(H5N1)	1581	2711
HA|PP755589.1|A/cattle/Texas/24-008749-003/2024(H5N1)	1582	2706
HA|PP755589.1|A/cattle/Texas/24-008749-003/2024(H5N1)	1583	2637
HA|PP755589.1|A/cattle/Texas/24-008749-003/2024(H5N1)	1584	2557
HA|PP755589.1|A/cattle/Texas/24-008749-003/2024(H5N1)	1585	2554
HA|PP755589.1|A/cattle/Texas/24-008749-003/2024(H5N1)	1586	2544
HA|PP755589.1|A/cattle/Texas/24-008749-003/2024(H5N1)	1587	2556
HA|PP755589.1|A/cattle/Texas/24-008749-003/2024(H5N1)	1588	2556
HA|PP755589.1|A/cattle/Texas/24-008749-003/2024(H5N1)	1589	2450
HA|PP755589.1|A/cattle/Texas/24-008749-003/2024(H5N1)	1590	2450
HA|PP755589.1|A/cattle/Texas/24-008749-003/2024(H5N1)	1591	2442
HA|PP755589.1|A/cattle/Texas/24-008749-003/2024(H5N1)	1592	2431
HA|PP755589.1|A/cattle/Texas/24-008749-003/2024(H5N1)	1593	2524
HA|PP755589.1|A/cattle/Texas/24-008749-003/2024(H5N1)	1594	2504
HA|PP755589.1|A/cattle/Texas/24-008749-003/2024(H5N1)	1595	2406
HA|PP755589.1|A/cattle/Texas/24-008749-003/2024(H5N1)	1596	2408
HA|PP755589.1|A/cattle/Texas/24-008749-003/2024(H5N1)	1597	2819
HA|PP755589.1|A/cattle/Texas/24-008749-003/2024(H5N1)	1598	2826
HA|PP755589.1|A/cattle/Texas/24-008749-003/2024(H5N1)	1599	2848
HA|PP755589.1|A/cattle/Texas/24-008749-003/2024(H5N1)	1600	2847
HA|PP755589.1|A/cattle/Texas/24-008749-003/2024(H5N1)	1601	2850
HA|PP755589.1|A/cattle/Texas/24-008749-003/2024(H5N1)	1602	2871
HA|PP755589.1|A/cattle/Texas/24-008749-003/2024(H5N1)	1603	2835
HA|PP755589.1|A/cattle/Texas/24-008749-003/2024(H5N1)	1604	2847
HA|PP755589.1|A/cattle/Texas/24-008749-003/2024(H5N1)	1605	2839
HA|PP755589.1|A/cattle/Texas/24-008749-003/2024(H5N1)	1606	2832
HA|PP755589.1|A/cattle/Texas/24-008749-003/2024(H5N1)	1607	2825
HA|PP755589.1|A/cattle/Texas/24-008749-003/2024(H5N1)	1608	2817
HA|PP755589.1|A/cattle/Texas/24-008749-003/2024(H5N1)	1609	2804
HA|PP755589.1|A/cattle/Texas/24-008749-003/2024(H5N1)	1610	2804
HA|PP755589.1|A/cattle/Texas/24-008749-003/2024(H5N1)	1611	2769
HA|PP755589.1|A/cattle/Texas/24-008749-003/2024(H5N1)	1612	2764
HA|PP755589.1|A/cattle/Texas/24-008749-003/2024(H5N1)	1613	2751
HA|PP755589.1|A/cattle/Texas/24-008749-003/2024(H5N1)	1614	2749
HA|PP755589.1|A/cattle/Texas/24-008749-003/2024(H5N1)	1615	2743
HA|PP755589.1|A/cattle/Texas/24-008749-003/2024(H5N1)	1616	2721
HA|PP755589.1|A/cattle/Texas/24-008749-003/2024(H5N1)	1617	2706
HA|PP755589.1|A/cattle/Texas/24-008749-003/2024(H5N1)	1618	2687
HA|PP755589.1|A/cattle/Texas/24-008749-003/2024(H5N1)	1619	2701
HA|PP755589.1|A/cattle/Texas/24-008749-003/2024(H5N1)	1620	2702
HA|PP755589.1|A/cattle/Texas/24-008749-003/2024(H5N1)	1621	2688
HA|PP755589.1|A/cattle/Texas/24-008749-003/2024(H5N1)	1622	2741
HA|PP755589.1|A/cattle/Texas/24-008749-003/2024(H5N1)	1623	2728
HA|PP755589.1|A/cattle/Texas/24-008749-003/2024(H5N1)	1624	2720
HA|PP755589.1|A/cattle/Texas/24-008749-003/2024(H5N1)	1625	2718
HA|PP755589.1|A/cattle/Texas/24-008749-003/2024(H5N1)	1626	2715
HA|PP755589.1|A/cattle/Texas/24-008749-003/2024(H5N1)	1627	2713
HA|PP755589.1|A/cattle/Texas/24-008749-003/2024(H5N1)	1628	2642
HA|PP755589.1|A/cattle/Texas/24-008749-003/2024(H5N1)	1629	2621
HA|PP755589.1|A/cattle/Texas/24-008749-003/2024(H5N1)	1630	2593
HA|PP755589.1|A/cattle/Texas/24-008749-003/2024(H5N1)	1631	2419
HA|PP755589.1|A/cattle/Texas/24-008749-003/2024(H5N1)	1632	2425
HA|PP755589.1|A/cattle/Texas/24-008749-003/2024(H5N1)	1633	2425
HA|PP755589.1|A/cattle/Texas/24-008749-003/2024(H5N1)	1634	2427
HA|PP755589.1|A/cattle/Texas/24-008749-003/2024(H5N1)	1635	2424
HA|PP755589.1|A/cattle/Texas/24-008749-003/2024(H5N1)	1636	2408
HA|PP755589.1|A/cattle/Texas/24-008749-003/2024(H5N1)	1637	2404
HA|PP755589.1|A/cattle/Texas/24-008749-003/2024(H5N1)	1638	2383
HA|PP755589.1|A/cattle/Texas/24-008749-003/2024(H5N1)	1639	2382
HA|PP755589.1|A/cattle/Texas/24-008749-003/2024(H5N1)	1640	2375
HA|PP755589.1|A/cattle/Texas/24-008749-003/2024(H5N1)	1641	2360
HA|PP755589.1|A/cattle/Texas/24-008749-003/2024(H5N1)	1642	2344
HA|PP755589.1|A/cattle/Texas/24-008749-003/2024(H5N1)	1643	2344
HA|PP755589.1|A/cattle/Texas/24-008749-003/2024(H5N1)	1644	2331
HA|PP755589.1|A/cattle/Texas/24-008749-003/2024(H5N1)	1645	2325
HA|PP755589.1|A/cattle/Texas/24-008749-003/2024(H5N1)	1646	2320
HA|PP755589.1|A/cattle/Texas/24-008749-003/2024(H5N1)	1647	2250
HA|PP755589.1|A/cattle/Texas/24-008749-003/2024(H5N1)	1648	2262
HA|PP755589.1|A/cattle/Texas/24-008749-003/2024(H5N1)	1649	2267
HA|PP755589.1|A/cattle/Texas/24-008749-003/2024(H5N1)	1650	2264
HA|PP755589.1|A/cattle/Texas/24-008749-003/2024(H5N1)	1651	2230
HA|PP755589.1|A/cattle/Texas/24-008749-003/2024(H5N1)	1652	2220
HA|PP755589.1|A/cattle/Texas/24-008749-003/2024(H5N1)	1653	2221
HA|PP755589.1|A/cattle/Texas/24-008749-003/2024(H5N1)	1654	2215
HA|PP755589.1|A/cattle/Texas/24-008749-003/2024(H5N1)	1655	2136
HA|PP755589.1|A/cattle/Texas/24-008749-003/2024(H5N1)	1656	2134
HA|PP755589.1|A/cattle/Texas/24-008749-003/2024(H5N1)	1657	2061
HA|PP755589.1|A/cattle/Texas/24-008749-003/2024(H5N1)	1658	2033
HA|PP755589.1|A/cattle/Texas/24-008749-003/2024(H5N1)	1659	2028
HA|PP755589.1|A/cattle/Texas/24-008749-003/2024(H5N1)	1660	2027
HA|PP755589.1|A/cattle/Texas/24-008749-003/2024(H5N1)	1661	2025
HA|PP755589.1|A/cattle/Texas/24-008749-003/2024(H5N1)	1662	1929
HA|PP755589.1|A/cattle/Texas/24-008749-003/2024(H5N1)	1663	1897
HA|PP755589.1|A/cattle/Texas/24-008749-003/2024(H5N1)	1664	1830
HA|PP755589.1|A/cattle/Texas/24-008749-003/2024(H5N1)	1665	1836
HA|PP755589.1|A/cattle/Texas/24-008749-003/2024(H5N1)	1666	1761
HA|PP755589.1|A/cattle/Texas/24-008749-003/2024(H5N1)	1667	1765
HA|PP755589.1|A/cattle/Texas/24-008749-003/2024(H5N1)	1668	1725
HA|PP755589.1|A/cattle/Texas/24-008749-003/2024(H5N1)	1669	1725
HA|PP755589.1|A/cattle/Texas/24-008749-003/2024(H5N1)	1670	1707
HA|PP755589.1|A/cattle/Texas/24-008749-003/2024(H5N1)	1671	1679
HA|PP755589.1|A/cattle/Texas/24-008749-003/2024(H5N1)	1672	1675
HA|PP755589.1|A/cattle/Texas/24-008749-003/2024(H5N1)	1673	1674
HA|PP755589.1|A/cattle/Texas/24-008749-003/2024(H5N1)	1674	1650
HA|PP755589.1|A/cattle/Texas/24-008749-003/2024(H5N1)	1675	1644
HA|PP755589.1|A/cattle/Texas/24-008749-003/2024(H5N1)	1676	1547
HA|PP755589.1|A/cattle/Texas/24-008749-003/2024(H5N1)	1677	1533
HA|PP755589.1|A/cattle/Texas/24-008749-003/2024(H5N1)	1678	1533
HA|PP755589.1|A/cattle/Texas/24-008749-003/2024(H5N1)	1679	1472
HA|PP755589.1|A/cattle/Texas/24-008749-003/2024(H5N1)	1680	1471
HA|PP755589.1|A/cattle/Texas/24-008749-003/2024(H5N1)	1681	1470
HA|PP755589.1|A/cattle/Texas/24-008749-003/2024(H5N1)	1682	1469
HA|PP755589.1|A/cattle/Texas/24-008749-003/2024(H5N1)	1683	1469
HA|PP755589.1|A/cattle/Texas/24-008749-003/2024(H5N1)	1684	1460
HA|PP755589.1|A/cattle/Texas/24-008749-003/2024(H5N1)	1685	1336
HA|PP755589.1|A/cattle/Texas/24-008749-003/2024(H5N1)	1686	1330
HA|PP755589.1|A/cattle/Texas/24-008749-003/2024(H5N1)	1687	1319
HA|PP755589.1|A/cattle/Texas/24-008749-003/2024(H5N1)	1688	1319
HA|PP755589.1|A/cattle/Texas/24-008749-003/2024(H5N1)	1689	1317
HA|PP755589.1|A/cattle/Texas/24-008749-003/2024(H5N1)	1690	1236
HA|PP755589.1|A/cattle/Texas/24-008749-003/2024(H5N1)	1691	1236
HA|PP755589.1|A/cattle/Texas/24-008749-003/2024(H5N1)	1692	1226
HA|PP755589.1|A/cattle/Texas/24-008749-003/2024(H5N1)	1693	1225
HA|PP755589.1|A/cattle/Texas/24-008749-003/2024(H5N1)	1694	1223
HA|PP755589.1|A/cattle/Texas/24-008749-003/2024(H5N1)	1695	1199
HA|PP755589.1|A/cattle/Texas/24-008749-003/2024(H5N1)	1696	1198
HA|PP755589.1|A/cattle/Texas/24-008749-003/2024(H5N1)	1697	1191
HA|PP755589.1|A/cattle/Texas/24-008749-003/2024(H5N1)	1698	1180
HA|PP755589.1|A/cattle/Texas/24-008749-003/2024(H5N1)	1699	1180
HA|PP755589.1|A/cattle/Texas/24-008749-003/2024(H5N1)	1700	1136
HA|PP755589.1|A/cattle/Texas/24-008749-003/2024(H5N1)	1701	1133
HA|PP755589.1|A/cattle/Texas/24-008749-003/2024(H5N1)	1702	1127
HA|PP755589.1|A/cattle/Texas/24-008749-003/2024(H5N1)	1703	1126
HA|PP755589.1|A/cattle/Texas/24-008749-003/2024(H5N1)	1704	1121
