PA|PP755594.1|A/cattle/Texas/24-008749-003/2024(H5N1)	1	331
PA|PP755594.1|A/cattle/Texas/24-008749-003/2024(H5N1)	2	331
PA|PP755594.1|A/cattle/Texas/24-008749-003/2024(H5N1)	3	333
PA|PP755594.1|A/cattle/Texas/24-008749-003/2024(H5N1)	4	333
PA|PP755594.1|A/cattle/Texas/24-008749-003/2024(H5N1)	5	333
PA|PP755594.1|A/cattle/Texas/24-008749-003/2024(H5N1)	6	333
PA|PP755594.1|A/cattle/Texas/24-008749-003/2024(H5N1)	7	338
PA|PP755594.1|A/cattle/Texas/24-008749-003/2024(H5N1)	8	342
PA|PP755594.1|A/cattle/Texas/24-008749-003/2024(H5N1)	9	342
PA|PP755594.1|A/cattle/Texas/24-008749-003/2024(H5N1)	10	342
PA|PP755594.1|A/cattle/Texas/24-008749-003/2024(H5N1)	11	349
PA|PP755594.1|A/cattle/Texas/24-008749-003/2024(H5N1)	12	349
PA|PP755594.1|A/cattle/Texas/24-008749-003/2024(H5N1)	13	358
PA|PP755594.1|A/cattle/Texas/24-008749-003/2024(H5N1)	14	358
PA|PP755594.1|A/cattle/Texas/24-008749-003/2024(H5N1)	15	358
PA|PP755594.1|A/cattle/Texas/24-008749-003/2024(H5N1)	16	361
PA|PP755594.1|A/cattle/Texas/24-008749-003/2024(H5N1)	17	361
PA|PP755594.1|A/cattle/Texas/24-008749-003/2024(H5N1)	18	366
PA|PP755594.1|A/cattle/Texas/24-008749-003/2024(H5N1)	19	369
PA|PP755594.1|A/cattle/Texas/24-008749-003/2024(H5N1)	20	369
PA|PP755594.1|A/cattle/Texas/24-008749-003/2024(H5N1)	21	374
PA|PP755594.1|A/cattle/Texas/24-008749-003/2024(H5N1)	22	374
PA|PP755594.1|A/cattle/Texas/24-008749-003/2024(H5N1)	23	385
PA|PP755594.1|A/cattle/Texas/24-008749-003/2024(H5N1)	24	398
PA|PP755594.1|A/cattle/Texas/24-008749-003/2024(H5N1)	25	398
PA|PP755594.1|A/cattle/Texas/24-008749-003/2024(H5N1)	26	398
PA|PP755594.1|A/cattle/Texas/24-008749-003/2024(H5N1)	27	398
PA|PP755594.1|A/cattle/Texas/24-008749-003/2024(H5N1)	28	399
PA|PP755594.1|A/cattle/Texas/24-008749-003/2024(H5N1)	29	409
PA|PP755594.1|A/cattle/Texas/24-008749-003/2024(H5N1)	30	410
PA|PP755594.1|A/cattle/Texas/24-008749-003/2024(H5N1)	31	410
PA|PP755594.1|A/cattle/Texas/24-008749-003/2024(H5N1)	32	410
PA|PP755594.1|A/cattle/Texas/24-008749-003/2024(H5N1)	33	410
PA|PP755594.1|A/cattle/Texas/24-008749-003/2024(H5N1)	34	412
PA|PP755594.1|A/cattle/Texas/24-008749-003/2024(H5N1)	35	412
PA|PP755594.1|A/cattle/Texas/24-008749-003/2024(H5N1)	36	412
PA|PP755594.1|A/cattle/Texas/24-008749-003/2024(H5N1)	37	415
PA|PP755594.1|A/cattle/Texas/24-008749-003/2024(H5N1)	38	416
PA|PP755594.1|A/cattle/Texas/24-008749-003/2024(H5N1)	39	419
PA|PP755594.1|A/cattle/Texas/24-008749-003/2024(H5N1)	40	419
PA|PP755594.1|A/cattle/Texas/24-008749-003/2024(H5N1)	41	419
PA|PP755594.1|A/cattle/Texas/24-008749-003/2024(H5N1)	42	420
PA|PP755594.1|A/cattle/Texas/24-008749-003/2024(H5N1)	43	420
PA|PP755594.1|A/cattle/Texas/24-008749-003/2024(H5N1)	44	421
PA|PP755594.1|A/cattle/Texas/24-008749-003/2024(H5N1)	45	422
PA|PP755594.1|A/cattle/Texas/24-008749-003/2024(H5N1)	46	422
PA|PP755594.1|A/cattle/Texas/24-008749-003/2024(H5N1)	47	423
PA|PP755594.1|A/cattle/Texas/24-008749-003/2024(H5N1)	48	423
PA|PP755594.1|A/cattle/Texas/24-008749-003/2024(H5N1)	49	424
PA|PP755594.1|A/cattle/Texas/24-008749-003/2024(H5N1)	50	426
PA|PP755594.1|A/cattle/Texas/24-008749-003/2024(H5N1)	51	428
PA|PP755594.1|A/cattle/Texas/24-008749-003/2024(H5N1)	52	430
PA|PP755594.1|A/cattle/Texas/24-008749-003/2024(H5N1)	53	431
PA|PP755594.1|A/cattle/Texas/24-008749-003/2024(H5N1)	54	431
PA|PP755594.1|A/cattle/Texas/24-008749-003/2024(H5N1)	55	431
PA|PP755594.1|A/cattle/Texas/24-008749-003/2024(H5N1)	56	433
PA|PP755594.1|A/cattle/Texas/24-008749-003/2024(H5N1)	57	437
PA|PP755594.1|A/cattle/Texas/24-008749-003/2024(H5N1)	58	437
PA|PP755594.1|A/cattle/Texas/24-008749-003/2024(H5N1)	59	442
PA|PP755594.1|A/cattle/Texas/24-008749-003/2024(H5N1)	60	440
PA|PP755594.1|A/cattle/Texas/24-008749-003/2024(H5N1)	61	442
PA|PP755594.1|A/cattle/Texas/24-008749-003/2024(H5N1)	62	445
PA|PP755594.1|A/cattle/Texas/24-008749-003/2024(H5N1)	63	450
PA|PP755594.1|A/cattle/Texas/24-008749-003/2024(H5N1)	64	454
PA|PP755594.1|A/cattle/Texas/24-008749-003/2024(H5N1)	65	456
PA|PP755594.1|A/cattle/Texas/24-008749-003/2024(H5N1)	66	456
PA|PP755594.1|A/cattle/Texas/24-008749-003/2024(H5N1)	67	461
PA|PP755594.1|A/cattle/Texas/24-008749-003/2024(H5N1)	68	464
PA|PP755594.1|A/cattle/Texas/24-008749-003/2024(H5N1)	69	497
PA|PP755594.1|A/cattle/Texas/24-008749-003/2024(H5N1)	70	497
PA|PP755594.1|A/cattle/Texas/24-008749-003/2024(H5N1)	71	498
PA|PP755594.1|A/cattle/Texas/24-008749-003/2024(H5N1)	72	500
PA|PP755594.1|A/cattle/Texas/24-008749-003/2024(H5N1)	73	500
PA|PP755594.1|A/cattle/Texas/24-008749-003/2024(H5N1)	74	502
PA|PP755594.1|A/cattle/Texas/24-008749-003/2024(H5N1)	75	502
PA|PP755594.1|A/cattle/Texas/24-008749-003/2024(H5N1)	76	502
PA|PP755594.1|A/cattle/Texas/24-008749-003/2024(H5N1)	77	502
PA|PP755594.1|A/cattle/Texas/24-008749-003/2024(H5N1)	78	498
PA|PP755594.1|A/cattle/Texas/24-008749-003/2024(H5N1)	79	498
PA|PP755594.1|A/cattle/Texas/24-008749-003/2024(H5N1)	80	498
PA|PP755594.1|A/cattle/Texas/24-008749-003/2024(H5N1)	81	498
PA|PP755594.1|A/cattle/Texas/24-008749-003/2024(H5N1)	82	498
PA|PP755594.1|A/cattle/Texas/24-008749-003/2024(H5N1)	83	498
PA|PP755594.1|A/cattle/Texas/24-008749-003/2024(H5N1)	84	497
PA|PP755594.1|A/cattle/Texas/24-008749-003/2024(H5N1)	85	497
PA|PP755594.1|A/cattle/Texas/24-008749-003/2024(H5N1)	86	497
PA|PP755594.1|A/cattle/Texas/24-008749-003/2024(H5N1)	87	497
PA|PP755594.1|A/cattle/Texas/24-008749-003/2024(H5N1)	88	497
PA|PP755594.1|A/cattle/Texas/24-008749-003/2024(H5N1)	89	497
PA|PP755594.1|A/cattle/Texas/24-008749-003/2024(H5N1)	90	361
PA|PP755594.1|A/cattle/Texas/24-008749-003/2024(H5N1)	91	361
PA|PP755594.1|A/cattle/Texas/24-008749-003/2024(H5N1)	92	361
PA|PP755594.1|A/cattle/Texas/24-008749-003/2024(H5N1)	93	361
PA|PP755594.1|A/cattle/Texas/24-008749-003/2024(H5N1)	94	361
PA|PP755594.1|A/cattle/Texas/24-008749-003/2024(H5N1)	95	361
PA|PP755594.1|A/cattle/Texas/24-008749-003/2024(H5N1)	96	361
PA|PP755594.1|A/cattle/Texas/24-008749-003/2024(H5N1)	97	365
PA|PP755594.1|A/cattle/Texas/24-008749-003/2024(H5N1)	98	365
PA|PP755594.1|A/cattle/Texas/24-008749-003/2024(H5N1)	99	365
PA|PP755594.1|A/cattle/Texas/24-008749-003/2024(H5N1)	100	365
PA|PP755594.1|A/cattle/Texas/24-008749-003/2024(H5N1)	101	365
PA|PP755594.1|A/cattle/Texas/24-008749-003/2024(H5N1)	102	365
PA|PP755594.1|A/cattle/Texas/24-008749-003/2024(H5N1)	103	366
PA|PP755594.1|A/cattle/Texas/24-008749-003/2024(H5N1)	104	366
PA|PP755594.1|A/cattle/Texas/24-008749-003/2024(H5N1)	105	366
PA|PP755594.1|A/cattle/Texas/24-008749-003/2024(H5N1)	106	366
PA|PP755594.1|A/cattle/Texas/24-008749-003/2024(H5N1)	107	373
PA|PP755594.1|A/cattle/Texas/24-008749-003/2024(H5N1)	108	373
PA|PP755594.1|A/cattle/Texas/24-008749-003/2024(H5N1)	109	431
PA|PP755594.1|A/cattle/Texas/24-008749-003/2024(H5N1)	110	437
PA|PP755594.1|A/cattle/Texas/24-008749-003/2024(H5N1)	111	445
PA|PP755594.1|A/cattle/Texas/24-008749-003/2024(H5N1)	112	447
PA|PP755594.1|A/cattle/Texas/24-008749-003/2024(H5N1)	113	447
PA|PP755594.1|A/cattle/Texas/24-008749-003/2024(H5N1)	114	452
PA|PP755594.1|A/cattle/Texas/24-008749-003/2024(H5N1)	115	452
PA|PP755594.1|A/cattle/Texas/24-008749-003/2024(H5N1)	116	453
PA|PP755594.1|A/cattle/Texas/24-008749-003/2024(H5N1)	117	453
PA|PP755594.1|A/cattle/Texas/24-008749-003/2024(H5N1)	118	445
PA|PP755594.1|A/cattle/Texas/24-008749-003/2024(H5N1)	119	445
PA|PP755594.1|A/cattle/Texas/24-008749-003/2024(H5N1)	120	442
PA|PP755594.1|A/cattle/Texas/24-008749-003/2024(H5N1)	121	464
PA|PP755594.1|A/cattle/Texas/24-008749-003/2024(H5N1)	122	464
PA|PP755594.1|A/cattle/Texas/24-008749-003/2024(H5N1)	123	464
PA|PP755594.1|A/cattle/Texas/24-008749-003/2024(H5N1)	124	464
PA|PP755594.1|A/cattle/Texas/24-008749-003/2024(H5N1)	125	464
PA|PP755594.1|A/cattle/Texas/24-008749-003/2024(H5N1)	126	463
PA|PP755594.1|A/cattle/Texas/24-008749-003/2024(H5N1)	127	547
PA|PP755594.1|A/cattle/Texas/24-008749-003/2024(H5N1)	128	558
PA|PP755594.1|A/cattle/Texas/24-008749-003/2024(H5N1)	129	560
PA|PP755594.1|A/cattle/Texas/24-008749-003/2024(H5N1)	130	563
PA|PP755594.1|A/cattle/Texas/24-008749-003/2024(H5N1)	131	557
PA|PP755594.1|A/cattle/Texas/24-008749-003/2024(H5N1)	132	470
PA|PP755594.1|A/cattle/Texas/24-008749-003/2024(H5N1)	133	470
PA|PP755594.1|A/cattle/Texas/24-008749-003/2024(H5N1)	134	481
PA|PP755594.1|A/cattle/Texas/24-008749-003/2024(H5N1)	135	481
PA|PP755594.1|A/cattle/Texas/24-008749-003/2024(H5N1)	136	483
PA|PP755594.1|A/cattle/Texas/24-008749-003/2024(H5N1)	137	482
PA|PP755594.1|A/cattle/Texas/24-008749-003/2024(H5N1)	138	445
PA|PP755594.1|A/cattle/Texas/24-008749-003/2024(H5N1)	139	445
PA|PP755594.1|A/cattle/Texas/24-008749-003/2024(H5N1)	140	466
PA|PP755594.1|A/cattle/Texas/24-008749-003/2024(H5N1)	141	471
PA|PP755594.1|A/cattle/Texas/24-008749-003/2024(H5N1)	142	471
PA|PP755594.1|A/cattle/Texas/24-008749-003/2024(H5N1)	143	470
PA|PP755594.1|A/cattle/Texas/24-008749-003/2024(H5N1)	144	468
PA|PP755594.1|A/cattle/Texas/24-008749-003/2024(H5N1)	145	467
PA|PP755594.1|A/cattle/Texas/24-008749-003/2024(H5N1)	146	473
PA|PP755594.1|A/cattle/Texas/24-008749-003/2024(H5N1)	147	474
PA|PP755594.1|A/cattle/Texas/24-008749-003/2024(H5N1)	148	477
PA|PP755594.1|A/cattle/Texas/24-008749-003/2024(H5N1)	149	482
PA|PP755594.1|A/cattle/Texas/24-008749-003/2024(H5N1)	150	471
PA|PP755594.1|A/cattle/Texas/24-008749-003/2024(H5N1)	151	474
PA|PP755594.1|A/cattle/Texas/24-008749-003/2024(H5N1)	152	451
PA|PP755594.1|A/cattle/Texas/24-008749-003/2024(H5N1)	153	453
PA|PP755594.1|A/cattle/Texas/24-008749-003/2024(H5N1)	154	455
PA|PP755594.1|A/cattle/Texas/24-008749-003/2024(H5N1)	155	455
PA|PP755594.1|A/cattle/Texas/24-008749-003/2024(H5N1)	156	455
PA|PP755594.1|A/cattle/Texas/24-008749-003/2024(H5N1)	157	450
PA|PP755594.1|A/cattle/Texas/24-008749-003/2024(H5N1)	158	446
PA|PP755594.1|A/cattle/Texas/24-008749-003/2024(H5N1)	159	400
PA|PP755594.1|A/cattle/Texas/24-008749-003/2024(H5N1)	160	400
PA|PP755594.1|A/cattle/Texas/24-008749-003/2024(H5N1)	161	400
PA|PP755594.1|A/cattle/Texas/24-008749-003/2024(H5N1)	162	393
PA|PP755594.1|A/cattle/Texas/24-008749-003/2024(H5N1)	163	396
PA|PP755594.1|A/cattle/Texas/24-008749-003/2024(H5N1)	164	398
PA|PP755594.1|A/cattle/Texas/24-008749-003/2024(H5N1)	165	404
PA|PP755594.1|A/cattle/Texas/24-008749-003/2024(H5N1)	166	411
PA|PP755594.1|A/cattle/Texas/24-008749-003/2024(H5N1)	167	411
PA|PP755594.1|A/cattle/Texas/24-008749-003/2024(H5N1)	168	411
PA|PP755594.1|A/cattle/Texas/24-008749-003/2024(H5N1)	169	411
PA|PP755594.1|A/cattle/Texas/24-008749-003/2024(H5N1)	170	410
PA|PP755594.1|A/cattle/Texas/24-008749-003/2024(H5N1)	171	417
PA|PP755594.1|A/cattle/Texas/24-008749-003/2024(H5N1)	172	417
PA|PP755594.1|A/cattle/Texas/24-008749-003/2024(H5N1)	173	417
PA|PP755594.1|A/cattle/Texas/24-008749-003/2024(H5N1)	174	417
PA|PP755594.1|A/cattle/Texas/24-008749-003/2024(H5N1)	175	416
PA|PP755594.1|A/cattle/Texas/24-008749-003/2024(H5N1)	176	416
PA|PP755594.1|A/cattle/Texas/24-008749-003/2024(H5N1)	177	424
PA|PP755594.1|A/cattle/Texas/24-008749-003/2024(H5N1)	178	425
PA|PP755594.1|A/cattle/Texas/24-008749-003/2024(H5N1)	179	421
PA|PP755594.1|A/cattle/Texas/24-008749-003/2024(H5N1)	180	426
PA|PP755594.1|A/cattle/Texas/24-008749-003/2024(H5N1)	181	425
PA|PP755594.1|A/cattle/Texas/24-008749-003/2024(H5N1)	182	426
PA|PP755594.1|A/cattle/Texas/24-008749-003/2024(H5N1)	183	426
PA|PP755594.1|A/cattle/Texas/24-008749-003/2024(H5N1)	184	427
PA|PP755594.1|A/cattle/Texas/24-008749-003/2024(H5N1)	185	425
PA|PP755594.1|A/cattle/Texas/24-008749-003/2024(H5N1)	186	427
PA|PP755594.1|A/cattle/Texas/24-008749-003/2024(H5N1)	187	428
PA|PP755594.1|A/cattle/Texas/24-008749-003/2024(H5N1)	188	426
PA|PP755594.1|A/cattle/Texas/24-008749-003/2024(H5N1)	189	425
PA|PP755594.1|A/cattle/Texas/24-008749-003/2024(H5N1)	190	422
PA|PP755594.1|A/cattle/Texas/24-008749-003/2024(H5N1)	191	436
PA|PP755594.1|A/cattle/Texas/24-008749-003/2024(H5N1)	192	437
PA|PP755594.1|A/cattle/Texas/24-008749-003/2024(H5N1)	193	436
PA|PP755594.1|A/cattle/Texas/24-008749-003/2024(H5N1)	194	434
PA|PP755594.1|A/cattle/Texas/24-008749-003/2024(H5N1)	195	437
PA|PP755594.1|A/cattle/Texas/24-008749-003/2024(H5N1)	196	437
PA|PP755594.1|A/cattle/Texas/24-008749-003/2024(H5N1)	197	438
PA|PP755594.1|A/cattle/Texas/24-008749-003/2024(H5N1)	198	437
PA|PP755594.1|A/cattle/Texas/24-008749-003/2024(H5N1)	199	437
PA|PP755594.1|A/cattle/Texas/24-008749-003/2024(H5N1)	200	440
PA|PP755594.1|A/cattle/Texas/24-008749-003/2024(H5N1)	201	445
PA|PP755594.1|A/cattle/Texas/24-008749-003/2024(H5N1)	202	442
PA|PP755594.1|A/cattle/Texas/24-008749-003/2024(H5N1)	203	443
PA|PP755594.1|A/cattle/Texas/24-008749-003/2024(H5N1)	204	443
PA|PP755594.1|A/cattle/Texas/24-008749-003/2024(H5N1)	205	445
PA|PP755594.1|A/cattle/Texas/24-008749-003/2024(H5N1)	206	450
PA|PP755594.1|A/cattle/Texas/24-008749-003/2024(H5N1)	207	450
PA|PP755594.1|A/cattle/Texas/24-008749-003/2024(H5N1)	208	446
PA|PP755594.1|A/cattle/Texas/24-008749-003/2024(H5N1)	209	444
PA|PP755594.1|A/cattle/Texas/24-008749-003/2024(H5N1)	210	441
PA|PP755594.1|A/cattle/Texas/24-008749-003/2024(H5N1)	211	390
PA|PP755594.1|A/cattle/Texas/24-008749-003/2024(H5N1)	212	390
PA|PP755594.1|A/cattle/Texas/24-008749-003/2024(H5N1)	213	390
PA|PP755594.1|A/cattle/Texas/24-008749-003/2024(H5N1)	214	384
PA|PP755594.1|A/cattle/Texas/24-008749-003/2024(H5N1)	215	389
PA|PP755594.1|A/cattle/Texas/24-008749-003/2024(H5N1)	216	389
PA|PP755594.1|A/cattle/Texas/24-008749-003/2024(H5N1)	217	388
PA|PP755594.1|A/cattle/Texas/24-008749-003/2024(H5N1)	218	383
PA|PP755594.1|A/cattle/Texas/24-008749-003/2024(H5N1)	219	383
PA|PP755594.1|A/cattle/Texas/24-008749-003/2024(H5N1)	220	388
PA|PP755594.1|A/cattle/Texas/24-008749-003/2024(H5N1)	221	388
PA|PP755594.1|A/cattle/Texas/24-008749-003/2024(H5N1)	222	388
PA|PP755594.1|A/cattle/Texas/24-008749-003/2024(H5N1)	223	449
PA|PP755594.1|A/cattle/Texas/24-008749-003/2024(H5N1)	224	449
PA|PP755594.1|A/cattle/Texas/24-008749-003/2024(H5N1)	225	455
PA|PP755594.1|A/cattle/Texas/24-008749-003/2024(H5N1)	226	462
PA|PP755594.1|A/cattle/Texas/24-008749-003/2024(H5N1)	227	462
PA|PP755594.1|A/cattle/Texas/24-008749-003/2024(H5N1)	228	462
PA|PP755594.1|A/cattle/Texas/24-008749-003/2024(H5N1)	229	462
PA|PP755594.1|A/cattle/Texas/24-008749-003/2024(H5N1)	230	471
PA|PP755594.1|A/cattle/Texas/24-008749-003/2024(H5N1)	231	471
PA|PP755594.1|A/cattle/Texas/24-008749-003/2024(H5N1)	232	471
PA|PP755594.1|A/cattle/Texas/24-008749-003/2024(H5N1)	233	468
PA|PP755594.1|A/cattle/Texas/24-008749-003/2024(H5N1)	234	467
PA|PP755594.1|A/cattle/Texas/24-008749-003/2024(H5N1)	235	467
PA|PP755594.1|A/cattle/Texas/24-008749-003/2024(H5N1)	236	467
PA|PP755594.1|A/cattle/Texas/24-008749-003/2024(H5N1)	237	463
PA|PP755594.1|A/cattle/Texas/24-008749-003/2024(H5N1)	238	462
PA|PP755594.1|A/cattle/Texas/24-008749-003/2024(H5N1)	239	461
PA|PP755594.1|A/cattle/Texas/24-008749-003/2024(H5N1)	240	461
PA|PP755594.1|A/cattle/Texas/24-008749-003/2024(H5N1)	241	461
PA|PP755594.1|A/cattle/Texas/24-008749-003/2024(H5N1)	242	461
PA|PP755594.1|A/cattle/Texas/24-008749-003/2024(H5N1)	243	456
PA|PP755594.1|A/cattle/Texas/24-008749-003/2024(H5N1)	244	454
PA|PP755594.1|A/cattle/Texas/24-008749-003/2024(H5N1)	245	453
PA|PP755594.1|A/cattle/Texas/24-008749-003/2024(H5N1)	246	453
PA|PP755594.1|A/cattle/Texas/24-008749-003/2024(H5N1)	247	452
PA|PP755594.1|A/cattle/Texas/24-008749-003/2024(H5N1)	248	448
PA|PP755594.1|A/cattle/Texas/24-008749-003/2024(H5N1)	249	424
PA|PP755594.1|A/cattle/Texas/24-008749-003/2024(H5N1)	250	423
PA|PP755594.1|A/cattle/Texas/24-008749-003/2024(H5N1)	251	432
PA|PP755594.1|A/cattle/Texas/24-008749-003/2024(H5N1)	252	441
PA|PP755594.1|A/cattle/Texas/24-008749-003/2024(H5N1)	253	444
PA|PP755594.1|A/cattle/Texas/24-008749-003/2024(H5N1)	254	527
PA|PP755594.1|A/cattle/Texas/24-008749-003/2024(H5N1)	255	530
PA|PP755594.1|A/cattle/Texas/24-008749-003/2024(H5N1)	256	531
PA|PP755594.1|A/cattle/Texas/24-008749-003/2024(H5N1)	257	531
PA|PP755594.1|A/cattle/Texas/24-008749-003/2024(H5N1)	258	587
PA|PP755594.1|A/cattle/Texas/24-008749-003/2024(H5N1)	259	589
PA|PP755594.1|A/cattle/Texas/24-008749-003/2024(H5N1)	260	562
PA|PP755594.1|A/cattle/Texas/24-008749-003/2024(H5N1)	261	557
PA|PP755594.1|A/cattle/Texas/24-008749-003/2024(H5N1)	262	553
PA|PP755594.1|A/cattle/Texas/24-008749-003/2024(H5N1)	263	561
PA|PP755594.1|A/cattle/Texas/24-008749-003/2024(H5N1)	264	561
PA|PP755594.1|A/cattle/Texas/24-008749-003/2024(H5N1)	265	556
PA|PP755594.1|A/cattle/Texas/24-008749-003/2024(H5N1)	266	556
PA|PP755594.1|A/cattle/Texas/24-008749-003/2024(H5N1)	267	508
PA|PP755594.1|A/cattle/Texas/24-008749-003/2024(H5N1)	268	513
PA|PP755594.1|A/cattle/Texas/24-008749-003/2024(H5N1)	269	511
PA|PP755594.1|A/cattle/Texas/24-008749-003/2024(H5N1)	270	507
PA|PP755594.1|A/cattle/Texas/24-008749-003/2024(H5N1)	271	507
PA|PP755594.1|A/cattle/Texas/24-008749-003/2024(H5N1)	272	483
PA|PP755594.1|A/cattle/Texas/24-008749-003/2024(H5N1)	273	482
PA|PP755594.1|A/cattle/Texas/24-008749-003/2024(H5N1)	274	481
PA|PP755594.1|A/cattle/Texas/24-008749-003/2024(H5N1)	275	481
PA|PP755594.1|A/cattle/Texas/24-008749-003/2024(H5N1)	276	481
PA|PP755594.1|A/cattle/Texas/24-008749-003/2024(H5N1)	277	453
PA|PP755594.1|A/cattle/Texas/24-008749-003/2024(H5N1)	278	453
PA|PP755594.1|A/cattle/Texas/24-008749-003/2024(H5N1)	279	440
PA|PP755594.1|A/cattle/Texas/24-008749-003/2024(H5N1)	280	441
PA|PP755594.1|A/cattle/Texas/24-008749-003/2024(H5N1)	281	440
PA|PP755594.1|A/cattle/Texas/24-008749-003/2024(H5N1)	282	423
PA|PP755594.1|A/cattle/Texas/24-008749-003/2024(H5N1)	283	423
PA|PP755594.1|A/cattle/Texas/24-008749-003/2024(H5N1)	284	423
PA|PP755594.1|A/cattle/Texas/24-008749-003/2024(H5N1)	285	423
PA|PP755594.1|A/cattle/Texas/24-008749-003/2024(H5N1)	286	423
PA|PP755594.1|A/cattle/Texas/24-008749-003/2024(H5N1)	287	421
PA|PP755594.1|A/cattle/Texas/24-008749-003/2024(H5N1)	288	419
PA|PP755594.1|A/cattle/Texas/24-008749-003/2024(H5N1)	289	419
PA|PP755594.1|A/cattle/Texas/24-008749-003/2024(H5N1)	290	419
PA|PP755594.1|A/cattle/Texas/24-008749-003/2024(H5N1)	291	397
PA|PP755594.1|A/cattle/Texas/24-008749-003/2024(H5N1)	292	397
PA|PP755594.1|A/cattle/Texas/24-008749-003/2024(H5N1)	293	397
PA|PP755594.1|A/cattle/Texas/24-008749-003/2024(H5N1)	294	382
PA|PP755594.1|A/cattle/Texas/24-008749-003/2024(H5N1)	295	382
PA|PP755594.1|A/cattle/Texas/24-008749-003/2024(H5N1)	296	382
PA|PP755594.1|A/cattle/Texas/24-008749-003/2024(H5N1)	297	374
PA|PP755594.1|A/cattle/Texas/24-008749-003/2024(H5N1)	298	374
PA|PP755594.1|A/cattle/Texas/24-008749-003/2024(H5N1)	299	374
PA|PP755594.1|A/cattle/Texas/24-008749-003/2024(H5N1)	300	374
PA|PP755594.1|A/cattle/Texas/24-008749-003/2024(H5N1)	301	374
PA|PP755594.1|A/cattle/Texas/24-008749-003/2024(H5N1)	302	371
PA|PP755594.1|A/cattle/Texas/24-008749-003/2024(H5N1)	303	370
PA|PP755594.1|A/cattle/Texas/24-008749-003/2024(H5N1)	304	370
PA|PP755594.1|A/cattle/Texas/24-008749-003/2024(H5N1)	305	368
PA|PP755594.1|A/cattle/Texas/24-008749-003/2024(H5N1)	306	368
PA|PP755594.1|A/cattle/Texas/24-008749-003/2024(H5N1)	307	365
PA|PP755594.1|A/cattle/Texas/24-008749-003/2024(H5N1)	308	364
PA|PP755594.1|A/cattle/Texas/24-008749-003/2024(H5N1)	309	363
PA|PP755594.1|A/cattle/Texas/24-008749-003/2024(H5N1)	310	363
PA|PP755594.1|A/cattle/Texas/24-008749-003/2024(H5N1)	311	363
PA|PP755594.1|A/cattle/Texas/24-008749-003/2024(H5N1)	312	363
PA|PP755594.1|A/cattle/Texas/24-008749-003/2024(H5N1)	313	364
PA|PP755594.1|A/cattle/Texas/24-008749-003/2024(H5N1)	314	361
PA|PP755594.1|A/cattle/Texas/24-008749-003/2024(H5N1)	315	359
PA|PP755594.1|A/cattle/Texas/24-008749-003/2024(H5N1)	316	351
PA|PP755594.1|A/cattle/Texas/24-008749-003/2024(H5N1)	317	351
PA|PP755594.1|A/cattle/Texas/24-008749-003/2024(H5N1)	318	351
PA|PP755594.1|A/cattle/Texas/24-008749-003/2024(H5N1)	319	351
PA|PP755594.1|A/cattle/Texas/24-008749-003/2024(H5N1)	320	349
PA|PP755594.1|A/cattle/Texas/24-008749-003/2024(H5N1)	321	342
PA|PP755594.1|A/cattle/Texas/24-008749-003/2024(H5N1)	322	342
PA|PP755594.1|A/cattle/Texas/24-008749-003/2024(H5N1)	323	342
PA|PP755594.1|A/cattle/Texas/24-008749-003/2024(H5N1)	324	342
PA|PP755594.1|A/cattle/Texas/24-008749-003/2024(H5N1)	325	342
PA|PP755594.1|A/cattle/Texas/24-008749-003/2024(H5N1)	326	342
PA|PP755594.1|A/cattle/Texas/24-008749-003/2024(H5N1)	327	342
PA|PP755594.1|A/cattle/Texas/24-008749-003/2024(H5N1)	328	336
PA|PP755594.1|A/cattle/Texas/24-008749-003/2024(H5N1)	329	334
PA|PP755594.1|A/cattle/Texas/24-008749-003/2024(H5N1)	330	330
PA|PP755594.1|A/cattle/Texas/24-008749-003/2024(H5N1)	331	325
PA|PP755594.1|A/cattle/Texas/24-008749-003/2024(H5N1)	332	325
PA|PP755594.1|A/cattle/Texas/24-008749-003/2024(H5N1)	333	303
PA|PP755594.1|A/cattle/Texas/24-008749-003/2024(H5N1)	334	303
PA|PP755594.1|A/cattle/Texas/24-008749-003/2024(H5N1)	335	302
PA|PP755594.1|A/cattle/Texas/24-008749-003/2024(H5N1)	336	301
PA|PP755594.1|A/cattle/Texas/24-008749-003/2024(H5N1)	337	300
PA|PP755594.1|A/cattle/Texas/24-008749-003/2024(H5N1)	338	299
PA|PP755594.1|A/cattle/Texas/24-008749-003/2024(H5N1)	339	299
PA|PP755594.1|A/cattle/Texas/24-008749-003/2024(H5N1)	340	299
PA|PP755594.1|A/cattle/Texas/24-008749-003/2024(H5N1)	341	299
PA|PP755594.1|A/cattle/Texas/24-008749-003/2024(H5N1)	342	299
PA|PP755594.1|A/cattle/Texas/24-008749-003/2024(H5N1)	343	299
PA|PP755594.1|A/cattle/Texas/24-008749-003/2024(H5N1)	344	299
PA|PP755594.1|A/cattle/Texas/24-008749-003/2024(H5N1)	345	299
PA|PP755594.1|A/cattle/Texas/24-008749-003/2024(H5N1)	346	296
PA|PP755594.1|A/cattle/Texas/24-008749-003/2024(H5N1)	347	296
PA|PP755594.1|A/cattle/Texas/24-008749-003/2024(H5N1)	348	296
PA|PP755594.1|A/cattle/Texas/24-008749-003/2024(H5N1)	349	296
PA|PP755594.1|A/cattle/Texas/24-008749-003/2024(H5N1)	350	296
PA|PP755594.1|A/cattle/Texas/24-008749-003/2024(H5N1)	351	286
PA|PP755594.1|A/cattle/Texas/24-008749-003/2024(H5N1)	352	286
PA|PP755594.1|A/cattle/Texas/24-008749-003/2024(H5N1)	353	285
PA|PP755594.1|A/cattle/Texas/24-008749-003/2024(H5N1)	354	281
PA|PP755594.1|A/cattle/Texas/24-008749-003/2024(H5N1)	355	281
PA|PP755594.1|A/cattle/Texas/24-008749-003/2024(H5N1)	356	278
PA|PP755594.1|A/cattle/Texas/24-008749-003/2024(H5N1)	357	272
PA|PP755594.1|A/cattle/Texas/24-008749-003/2024(H5N1)	358	270
PA|PP755594.1|A/cattle/Texas/24-008749-003/2024(H5N1)	359	265
PA|PP755594.1|A/cattle/Texas/24-008749-003/2024(H5N1)	360	264
PA|PP755594.1|A/cattle/Texas/24-008749-003/2024(H5N1)	361	263
PA|PP755594.1|A/cattle/Texas/24-008749-003/2024(H5N1)	362	233
PA|PP755594.1|A/cattle/Texas/24-008749-003/2024(H5N1)	363	232
PA|PP755594.1|A/cattle/Texas/24-008749-003/2024(H5N1)	364	230
PA|PP755594.1|A/cattle/Texas/24-008749-003/2024(H5N1)	365	214
PA|PP755594.1|A/cattle/Texas/24-008749-003/2024(H5N1)	366	1
PA|PP755594.1|A/cattle/Texas/24-008749-003/2024(H5N1)	367	1
PA|PP755594.1|A/cattle/Texas/24-008749-003/2024(H5N1)	368	1
PA|PP755594.1|A/cattle/Texas/24-008749-003/2024(H5N1)	369	1
PA|PP755594.1|A/cattle/Texas/24-008749-003/2024(H5N1)	370	1
PA|PP755594.1|A/cattle/Texas/24-008749-003/2024(H5N1)	371	1
PA|PP755594.1|A/cattle/Texas/24-008749-003/2024(H5N1)	372	1
PA|PP755594.1|A/cattle/Texas/24-008749-003/2024(H5N1)	373	1
PA|PP755594.1|A/cattle/Texas/24-008749-003/2024(H5N1)	374	1
PA|PP755594.1|A/cattle/Texas/24-008749-003/2024(H5N1)	375	1
PA|PP755594.1|A/cattle/Texas/24-008749-003/2024(H5N1)	376	1
PA|PP755594.1|A/cattle/Texas/24-008749-003/2024(H5N1)	377	1
PA|PP755594.1|A/cattle/Texas/24-008749-003/2024(H5N1)	378	1
PA|PP755594.1|A/cattle/Texas/24-008749-003/2024(H5N1)	379	1
PA|PP755594.1|A/cattle/Texas/24-008749-003/2024(H5N1)	380	1
PA|PP755594.1|A/cattle/Texas/24-008749-003/2024(H5N1)	381	1
PA|PP755594.1|A/cattle/Texas/24-008749-003/2024(H5N1)	382	1
PA|PP755594.1|A/cattle/Texas/24-008749-003/2024(H5N1)	383	1
PA|PP755594.1|A/cattle/Texas/24-008749-003/2024(H5N1)	384	1
PA|PP755594.1|A/cattle/Texas/24-008749-003/2024(H5N1)	385	1
PA|PP755594.1|A/cattle/Texas/24-008749-003/2024(H5N1)	386	1
PA|PP755594.1|A/cattle/Texas/24-008749-003/2024(H5N1)	387	1
PA|PP755594.1|A/cattle/Texas/24-008749-003/2024(H5N1)	388	1
PA|PP755594.1|A/cattle/Texas/24-008749-003/2024(H5N1)	389	1
PA|PP755594.1|A/cattle/Texas/24-008749-003/2024(H5N1)	390	1
PA|PP755594.1|A/cattle/Texas/24-008749-003/2024(H5N1)	391	1
PA|PP755594.1|A/cattle/Texas/24-008749-003/2024(H5N1)	392	1
PA|PP755594.1|A/cattle/Texas/24-008749-003/2024(H5N1)	393	1
PA|PP755594.1|A/cattle/Texas/24-008749-003/2024(H5N1)	394	1
PA|PP755594.1|A/cattle/Texas/24-008749-003/2024(H5N1)	395	1
PA|PP755594.1|A/cattle/Texas/24-008749-003/2024(H5N1)	396	1
PA|PP755594.1|A/cattle/Texas/24-008749-003/2024(H5N1)	397	3
PA|PP755594.1|A/cattle/Texas/24-008749-003/2024(H5N1)	398	3
PA|PP755594.1|A/cattle/Texas/24-008749-003/2024(H5N1)	399	3
PA|PP755594.1|A/cattle/Texas/24-008749-003/2024(H5N1)	400	474
PA|PP755594.1|A/cattle/Texas/24-008749-003/2024(H5N1)	401	474
PA|PP755594.1|A/cattle/Texas/24-008749-003/2024(H5N1)	402	475
PA|PP755594.1|A/cattle/Texas/24-008749-003/2024(H5N1)	403	475
PA|PP755594.1|A/cattle/Texas/24-008749-003/2024(H5N1)	404	482
PA|PP755594.1|A/cattle/Texas/24-008749-003/2024(H5N1)	405	483
PA|PP755594.1|A/cattle/Texas/24-008749-003/2024(H5N1)	406	483
PA|PP755594.1|A/cattle/Texas/24-008749-003/2024(H5N1)	407	489
PA|PP755594.1|A/cattle/Texas/24-008749-003/2024(H5N1)	408	489
PA|PP755594.1|A/cattle/Texas/24-008749-003/2024(H5N1)	409	500
PA|PP755594.1|A/cattle/Texas/24-008749-003/2024(H5N1)	410	500
PA|PP755594.1|A/cattle/Texas/24-008749-003/2024(H5N1)	411	508
PA|PP755594.1|A/cattle/Texas/24-008749-003/2024(H5N1)	412	510
PA|PP755594.1|A/cattle/Texas/24-008749-003/2024(H5N1)	413	510
PA|PP755594.1|A/cattle/Texas/24-008749-003/2024(H5N1)	414	543
PA|PP755594.1|A/cattle/Texas/24-008749-003/2024(H5N1)	415	558
PA|PP755594.1|A/cattle/Texas/24-008749-003/2024(H5N1)	416	560
PA|PP755594.1|A/cattle/Texas/24-008749-003/2024(H5N1)	417	560
PA|PP755594.1|A/cattle/Texas/24-008749-003/2024(H5N1)	418	560
PA|PP755594.1|A/cattle/Texas/24-008749-003/2024(H5N1)	419	533
PA|PP755594.1|A/cattle/Texas/24-008749-003/2024(H5N1)	420	516
PA|PP755594.1|A/cattle/Texas/24-008749-003/2024(H5N1)	421	516
PA|PP755594.1|A/cattle/Texas/24-008749-003/2024(H5N1)	422	519
PA|PP755594.1|A/cattle/Texas/24-008749-003/2024(H5N1)	423	519
PA|PP755594.1|A/cattle/Texas/24-008749-003/2024(H5N1)	424	520
PA|PP755594.1|A/cattle/Texas/24-008749-003/2024(H5N1)	425	521
PA|PP755594.1|A/cattle/Texas/24-008749-003/2024(H5N1)	426	520
PA|PP755594.1|A/cattle/Texas/24-008749-003/2024(H5N1)	427	543
PA|PP755594.1|A/cattle/Texas/24-008749-003/2024(H5N1)	428	548
PA|PP755594.1|A/cattle/Texas/24-008749-003/2024(H5N1)	429	548
PA|PP755594.1|A/cattle/Texas/24-008749-003/2024(H5N1)	430	549
PA|PP755594.1|A/cattle/Texas/24-008749-003/2024(H5N1)	431	548
PA|PP755594.1|A/cattle/Texas/24-008749-003/2024(H5N1)	432	532
PA|PP755594.1|A/cattle/Texas/24-008749-003/2024(H5N1)	433	532
PA|PP755594.1|A/cattle/Texas/24-008749-003/2024(H5N1)	434	531
PA|PP755594.1|A/cattle/Texas/24-008749-003/2024(H5N1)	435	529
PA|PP755594.1|A/cattle/Texas/24-008749-003/2024(H5N1)	436	552
PA|PP755594.1|A/cattle/Texas/24-008749-003/2024(H5N1)	437	567
PA|PP755594.1|A/cattle/Texas/24-008749-003/2024(H5N1)	438	560
PA|PP755594.1|A/cattle/Texas/24-008749-003/2024(H5N1)	439	559
PA|PP755594.1|A/cattle/Texas/24-008749-003/2024(H5N1)	440	559
PA|PP755594.1|A/cattle/Texas/24-008749-003/2024(H5N1)	441	546
PA|PP755594.1|A/cattle/Texas/24-008749-003/2024(H5N1)	442	547
PA|PP755594.1|A/cattle/Texas/24-008749-003/2024(H5N1)	443	546
PA|PP755594.1|A/cattle/Texas/24-008749-003/2024(H5N1)	444	542
PA|PP755594.1|A/cattle/Texas/24-008749-003/2024(H5N1)	445	542
PA|PP755594.1|A/cattle/Texas/24-008749-003/2024(H5N1)	446	540
PA|PP755594.1|A/cattle/Texas/24-008749-003/2024(H5N1)	447	545
PA|PP755594.1|A/cattle/Texas/24-008749-003/2024(H5N1)	448	545
PA|PP755594.1|A/cattle/Texas/24-008749-003/2024(H5N1)	449	544
PA|PP755594.1|A/cattle/Texas/24-008749-003/2024(H5N1)	450	544
PA|PP755594.1|A/cattle/Texas/24-008749-003/2024(H5N1)	451	544
PA|PP755594.1|A/cattle/Texas/24-008749-003/2024(H5N1)	452	550
PA|PP755594.1|A/cattle/Texas/24-008749-003/2024(H5N1)	453	550
PA|PP755594.1|A/cattle/Texas/24-008749-003/2024(H5N1)	454	552
PA|PP755594.1|A/cattle/Texas/24-008749-003/2024(H5N1)	455	552
PA|PP755594.1|A/cattle/Texas/24-008749-003/2024(H5N1)	456	549
PA|PP755594.1|A/cattle/Texas/24-008749-003/2024(H5N1)	457	545
PA|PP755594.1|A/cattle/Texas/24-008749-003/2024(H5N1)	458	540
PA|PP755594.1|A/cattle/Texas/24-008749-003/2024(H5N1)	459	539
PA|PP755594.1|A/cattle/Texas/24-008749-003/2024(H5N1)	460	550
PA|PP755594.1|A/cattle/Texas/24-008749-003/2024(H5N1)	461	553
PA|PP755594.1|A/cattle/Texas/24-008749-003/2024(H5N1)	462	553
PA|PP755594.1|A/cattle/Texas/24-008749-003/2024(H5N1)	463	552
PA|PP755594.1|A/cattle/Texas/24-008749-003/2024(H5N1)	464	551
PA|PP755594.1|A/cattle/Texas/24-008749-003/2024(H5N1)	465	552
PA|PP755594.1|A/cattle/Texas/24-008749-003/2024(H5N1)	466	550
PA|PP755594.1|A/cattle/Texas/24-008749-003/2024(H5N1)	467	551
PA|PP755594.1|A/cattle/Texas/24-008749-003/2024(H5N1)	468	551
PA|PP755594.1|A/cattle/Texas/24-008749-003/2024(H5N1)	469	547
PA|PP755594.1|A/cattle/Texas/24-008749-003/2024(H5N1)	470	546
PA|PP755594.1|A/cattle/Texas/24-008749-003/2024(H5N1)	471	538
PA|PP755594.1|A/cattle/Texas/24-008749-003/2024(H5N1)	472	540
PA|PP755594.1|A/cattle/Texas/24-008749-003/2024(H5N1)	473	534
PA|PP755594.1|A/cattle/Texas/24-008749-003/2024(H5N1)	474	533
PA|PP755594.1|A/cattle/Texas/24-008749-003/2024(H5N1)	475	537
PA|PP755594.1|A/cattle/Texas/24-008749-003/2024(H5N1)	476	537
PA|PP755594.1|A/cattle/Texas/24-008749-003/2024(H5N1)	477	528
PA|PP755594.1|A/cattle/Texas/24-008749-003/2024(H5N1)	478	588
PA|PP755594.1|A/cattle/Texas/24-008749-003/2024(H5N1)	479	605
PA|PP755594.1|A/cattle/Texas/24-008749-003/2024(H5N1)	480	614
PA|PP755594.1|A/cattle/Texas/24-008749-003/2024(H5N1)	481	620
PA|PP755594.1|A/cattle/Texas/24-008749-003/2024(H5N1)	482	618
PA|PP755594.1|A/cattle/Texas/24-008749-003/2024(H5N1)	483	605
PA|PP755594.1|A/cattle/Texas/24-008749-003/2024(H5N1)	484	605
PA|PP755594.1|A/cattle/Texas/24-008749-003/2024(H5N1)	485	614
PA|PP755594.1|A/cattle/Texas/24-008749-003/2024(H5N1)	486	621
PA|PP755594.1|A/cattle/Texas/24-008749-003/2024(H5N1)	487	583
PA|PP755594.1|A/cattle/Texas/24-008749-003/2024(H5N1)	488	579
PA|PP755594.1|A/cattle/Texas/24-008749-003/2024(H5N1)	489	582
PA|PP755594.1|A/cattle/Texas/24-008749-003/2024(H5N1)	490	582
PA|PP755594.1|A/cattle/Texas/24-008749-003/2024(H5N1)	491	590
PA|PP755594.1|A/cattle/Texas/24-008749-003/2024(H5N1)	492	587
PA|PP755594.1|A/cattle/Texas/24-008749-003/2024(H5N1)	493	591
PA|PP755594.1|A/cattle/Texas/24-008749-003/2024(H5N1)	494	583
PA|PP755594.1|A/cattle/Texas/24-008749-003/2024(H5N1)	495	583
PA|PP755594.1|A/cattle/Texas/24-008749-003/2024(H5N1)	496	583
PA|PP755594.1|A/cattle/Texas/24-008749-003/2024(H5N1)	497	594
PA|PP755594.1|A/cattle/Texas/24-008749-003/2024(H5N1)	498	595
PA|PP755594.1|A/cattle/Texas/24-008749-003/2024(H5N1)	499	595
PA|PP755594.1|A/cattle/Texas/24-008749-003/2024(H5N1)	500	596
PA|PP755594.1|A/cattle/Texas/24-008749-003/2024(H5N1)	501	596
PA|PP755594.1|A/cattle/Texas/24-008749-003/2024(H5N1)	502	592
PA|PP755594.1|A/cattle/Texas/24-008749-003/2024(H5N1)	503	600
PA|PP755594.1|A/cattle/Texas/24-008749-003/2024(H5N1)	504	602
PA|PP755594.1|A/cattle/Texas/24-008749-003/2024(H5N1)	505	603
PA|PP755594.1|A/cattle/Texas/24-008749-003/2024(H5N1)	506	601
PA|PP755594.1|A/cattle/Texas/24-008749-003/2024(H5N1)	507	598
PA|PP755594.1|A/cattle/Texas/24-008749-003/2024(H5N1)	508	598
PA|PP755594.1|A/cattle/Texas/24-008749-003/2024(H5N1)	509	598
PA|PP755594.1|A/cattle/Texas/24-008749-003/2024(H5N1)	510	595
PA|PP755594.1|A/cattle/Texas/24-008749-003/2024(H5N1)	511	601
PA|PP755594.1|A/cattle/Texas/24-008749-003/2024(H5N1)	512	593
PA|PP755594.1|A/cattle/Texas/24-008749-003/2024(H5N1)	513	582
PA|PP755594.1|A/cattle/Texas/24-008749-003/2024(H5N1)	514	632
PA|PP755594.1|A/cattle/Texas/24-008749-003/2024(H5N1)	515	636
PA|PP755594.1|A/cattle/Texas/24-008749-003/2024(H5N1)	516	638
PA|PP755594.1|A/cattle/Texas/24-008749-003/2024(H5N1)	517	632
PA|PP755594.1|A/cattle/Texas/24-008749-003/2024(H5N1)	518	613
PA|PP755594.1|A/cattle/Texas/24-008749-003/2024(H5N1)	519	590
PA|PP755594.1|A/cattle/Texas/24-008749-003/2024(H5N1)	520	592
PA|PP755594.1|A/cattle/Texas/24-008749-003/2024(H5N1)	521	592
PA|PP755594.1|A/cattle/Texas/24-008749-003/2024(H5N1)	522	578
PA|PP755594.1|A/cattle/Texas/24-008749-003/2024(H5N1)	523	587
PA|PP755594.1|A/cattle/Texas/24-008749-003/2024(H5N1)	524	584
PA|PP755594.1|A/cattle/Texas/24-008749-003/2024(H5N1)	525	600
PA|PP755594.1|A/cattle/Texas/24-008749-003/2024(H5N1)	526	615
PA|PP755594.1|A/cattle/Texas/24-008749-003/2024(H5N1)	527	615
PA|PP755594.1|A/cattle/Texas/24-008749-003/2024(H5N1)	528	600
PA|PP755594.1|A/cattle/Texas/24-008749-003/2024(H5N1)	529	599
PA|PP755594.1|A/cattle/Texas/24-008749-003/2024(H5N1)	530	630
PA|PP755594.1|A/cattle/Texas/24-008749-003/2024(H5N1)	531	625
PA|PP755594.1|A/cattle/Texas/24-008749-003/2024(H5N1)	532	625
PA|PP755594.1|A/cattle/Texas/24-008749-003/2024(H5N1)	533	624
PA|PP755594.1|A/cattle/Texas/24-008749-003/2024(H5N1)	534	614
PA|PP755594.1|A/cattle/Texas/24-008749-003/2024(H5N1)	535	615
PA|PP755594.1|A/cattle/Texas/24-008749-003/2024(H5N1)	536	621
PA|PP755594.1|A/cattle/Texas/24-008749-003/2024(H5N1)	537	619
PA|PP755594.1|A/cattle/Texas/24-008749-003/2024(H5N1)	538	606
PA|PP755594.1|A/cattle/Texas/24-008749-003/2024(H5N1)	539	581
PA|PP755594.1|A/cattle/Texas/24-008749-003/2024(H5N1)	540	581
PA|PP755594.1|A/cattle/Texas/24-008749-003/2024(H5N1)	541	589
PA|PP755594.1|A/cattle/Texas/24-008749-003/2024(H5N1)	542	597
PA|PP755594.1|A/cattle/Texas/24-008749-003/2024(H5N1)	543	586
PA|PP755594.1|A/cattle/Texas/24-008749-003/2024(H5N1)	544	586
PA|PP755594.1|A/cattle/Texas/24-008749-003/2024(H5N1)	545	579
PA|PP755594.1|A/cattle/Texas/24-008749-003/2024(H5N1)	546	591
PA|PP755594.1|A/cattle/Texas/24-008749-003/2024(H5N1)	547	593
PA|PP755594.1|A/cattle/Texas/24-008749-003/2024(H5N1)	548	594
PA|PP755594.1|A/cattle/Texas/24-008749-003/2024(H5N1)	549	597
PA|PP755594.1|A/cattle/Texas/24-008749-003/2024(H5N1)	550	592
PA|PP755594.1|A/cattle/Texas/24-008749-003/2024(H5N1)	551	592
PA|PP755594.1|A/cattle/Texas/24-008749-003/2024(H5N1)	552	590
PA|PP755594.1|A/cattle/Texas/24-008749-003/2024(H5N1)	553	590
PA|PP755594.1|A/cattle/Texas/24-008749-003/2024(H5N1)	554	591
PA|PP755594.1|A/cattle/Texas/24-008749-003/2024(H5N1)	555	600
PA|PP755594.1|A/cattle/Texas/24-008749-003/2024(H5N1)	556	659
PA|PP755594.1|A/cattle/Texas/24-008749-003/2024(H5N1)	557	685
PA|PP755594.1|A/cattle/Texas/24-008749-003/2024(H5N1)	558	683
PA|PP755594.1|A/cattle/Texas/24-008749-003/2024(H5N1)	559	691
PA|PP755594.1|A/cattle/Texas/24-008749-003/2024(H5N1)	560	680
PA|PP755594.1|A/cattle/Texas/24-008749-003/2024(H5N1)	561	690
PA|PP755594.1|A/cattle/Texas/24-008749-003/2024(H5N1)	562	703
PA|PP755594.1|A/cattle/Texas/24-008749-003/2024(H5N1)	563	701
PA|PP755594.1|A/cattle/Texas/24-008749-003/2024(H5N1)	564	705
PA|PP755594.1|A/cattle/Texas/24-008749-003/2024(H5N1)	565	670
PA|PP755594.1|A/cattle/Texas/24-008749-003/2024(H5N1)	566	651
PA|PP755594.1|A/cattle/Texas/24-008749-003/2024(H5N1)	567	650
PA|PP755594.1|A/cattle/Texas/24-008749-003/2024(H5N1)	568	649
PA|PP755594.1|A/cattle/Texas/24-008749-003/2024(H5N1)	569	673
PA|PP755594.1|A/cattle/Texas/24-008749-003/2024(H5N1)	570	670
PA|PP755594.1|A/cattle/Texas/24-008749-003/2024(H5N1)	571	665
PA|PP755594.1|A/cattle/Texas/24-008749-003/2024(H5N1)	572	664
PA|PP755594.1|A/cattle/Texas/24-008749-003/2024(H5N1)	573	662
PA|PP755594.1|A/cattle/Texas/24-008749-003/2024(H5N1)	574	670
PA|PP755594.1|A/cattle/Texas/24-008749-003/2024(H5N1)	575	669
PA|PP755594.1|A/cattle/Texas/24-008749-003/2024(H5N1)	576	680
PA|PP755594.1|A/cattle/Texas/24-008749-003/2024(H5N1)	577	677
PA|PP755594.1|A/cattle/Texas/24-008749-003/2024(H5N1)	578	652
PA|PP755594.1|A/cattle/Texas/24-008749-003/2024(H5N1)	579	673
PA|PP755594.1|A/cattle/Texas/24-008749-003/2024(H5N1)	580	701
PA|PP755594.1|A/cattle/Texas/24-008749-003/2024(H5N1)	581	704
PA|PP755594.1|A/cattle/Texas/24-008749-003/2024(H5N1)	582	692
PA|PP755594.1|A/cattle/Texas/24-008749-003/2024(H5N1)	583	694
PA|PP755594.1|A/cattle/Texas/24-008749-003/2024(H5N1)	584	694
PA|PP755594.1|A/cattle/Texas/24-008749-003/2024(H5N1)	585	694
PA|PP755594.1|A/cattle/Texas/24-008749-003/2024(H5N1)	586	695
PA|PP755594.1|A/cattle/Texas/24-008749-003/2024(H5N1)	587	695
PA|PP755594.1|A/cattle/Texas/24-008749-003/2024(H5N1)	588	692
PA|PP755594.1|A/cattle/Texas/24-008749-003/2024(H5N1)	589	699
PA|PP755594.1|A/cattle/Texas/24-008749-003/2024(H5N1)	590	701
PA|PP755594.1|A/cattle/Texas/24-008749-003/2024(H5N1)	591	701
PA|PP755594.1|A/cattle/Texas/24-008749-003/2024(H5N1)	592	701
PA|PP755594.1|A/cattle/Texas/24-008749-003/2024(H5N1)	593	702
PA|PP755594.1|A/cattle/Texas/24-008749-003/2024(H5N1)	594	702
PA|PP755594.1|A/cattle/Texas/24-008749-003/2024(H5N1)	595	702
PA|PP755594.1|A/cattle/Texas/24-008749-003/2024(H5N1)	596	702
PA|PP755594.1|A/cattle/Texas/24-008749-003/2024(H5N1)	597	701
PA|PP755594.1|A/cattle/Texas/24-008749-003/2024(H5N1)	598	695
PA|PP755594.1|A/cattle/Texas/24-008749-003/2024(H5N1)	599	698
PA|PP755594.1|A/cattle/Texas/24-008749-003/2024(H5N1)	600	699
PA|PP755594.1|A/cattle/Texas/24-008749-003/2024(H5N1)	601	700
PA|PP755594.1|A/cattle/Texas/24-008749-003/2024(H5N1)	602	700
PA|PP755594.1|A/cattle/Texas/24-008749-003/2024(H5N1)	603	694
PA|PP755594.1|A/cattle/Texas/24-008749-003/2024(H5N1)	604	697
PA|PP755594.1|A/cattle/Texas/24-008749-003/2024(H5N1)	605	706
PA|PP755594.1|A/cattle/Texas/24-008749-003/2024(H5N1)	606	706
PA|PP755594.1|A/cattle/Texas/24-008749-003/2024(H5N1)	607	706
PA|PP755594.1|A/cattle/Texas/24-008749-003/2024(H5N1)	608	708
PA|PP755594.1|A/cattle/Texas/24-008749-003/2024(H5N1)	609	708
PA|PP755594.1|A/cattle/Texas/24-008749-003/2024(H5N1)	610	703
PA|PP755594.1|A/cattle/Texas/24-008749-003/2024(H5N1)	611	701
PA|PP755594.1|A/cattle/Texas/24-008749-003/2024(H5N1)	612	709
PA|PP755594.1|A/cattle/Texas/24-008749-003/2024(H5N1)	613	709
PA|PP755594.1|A/cattle/Texas/24-008749-003/2024(H5N1)	614	709
PA|PP755594.1|A/cattle/Texas/24-008749-003/2024(H5N1)	615	710
PA|PP755594.1|A/cattle/Texas/24-008749-003/2024(H5N1)	616	709
PA|PP755594.1|A/cattle/Texas/24-008749-003/2024(H5N1)	617	708
PA|PP755594.1|A/cattle/Texas/24-008749-003/2024(H5N1)	618	706
PA|PP755594.1|A/cattle/Texas/24-008749-003/2024(H5N1)	619	700
PA|PP755594.1|A/cattle/Texas/24-008749-003/2024(H5N1)	620	719
PA|PP755594.1|A/cattle/Texas/24-008749-003/2024(H5N1)	621	736
PA|PP755594.1|A/cattle/Texas/24-008749-003/2024(H5N1)	622	736
PA|PP755594.1|A/cattle/Texas/24-008749-003/2024(H5N1)	623	739
PA|PP755594.1|A/cattle/Texas/24-008749-003/2024(H5N1)	624	739
PA|PP755594.1|A/cattle/Texas/24-008749-003/2024(H5N1)	625	742
PA|PP755594.1|A/cattle/Texas/24-008749-003/2024(H5N1)	626	749
PA|PP755594.1|A/cattle/Texas/24-008749-003/2024(H5N1)	627	750
PA|PP755594.1|A/cattle/Texas/24-008749-003/2024(H5N1)	628	759
PA|PP755594.1|A/cattle/Texas/24-008749-003/2024(H5N1)	629	720
PA|PP755594.1|A/cattle/Texas/24-008749-003/2024(H5N1)	630	696
PA|PP755594.1|A/cattle/Texas/24-008749-003/2024(H5N1)	631	696
PA|PP755594.1|A/cattle/Texas/24-008749-003/2024(H5N1)	632	693
PA|PP755594.1|A/cattle/Texas/24-008749-003/2024(H5N1)	633	700
PA|PP755594.1|A/cattle/Texas/24-008749-003/2024(H5N1)	634	699
PA|PP755594.1|A/cattle/Texas/24-008749-003/2024(H5N1)	635	696
PA|PP755594.1|A/cattle/Texas/24-008749-003/2024(H5N1)	636	687
PA|PP755594.1|A/cattle/Texas/24-008749-003/2024(H5N1)	637	680
PA|PP755594.1|A/cattle/Texas/24-008749-003/2024(H5N1)	638	702
PA|PP755594.1|A/cattle/Texas/24-008749-003/2024(H5N1)	639	709
PA|PP755594.1|A/cattle/Texas/24-008749-003/2024(H5N1)	640	702
PA|PP755594.1|A/cattle/Texas/24-008749-003/2024(H5N1)	641	696
PA|PP755594.1|A/cattle/Texas/24-008749-003/2024(H5N1)	642	693
PA|PP755594.1|A/cattle/Texas/24-008749-003/2024(H5N1)	643	696
PA|PP755594.1|A/cattle/Texas/24-008749-003/2024(H5N1)	644	710
PA|PP755594.1|A/cattle/Texas/24-008749-003/2024(H5N1)	645	710
PA|PP755594.1|A/cattle/Texas/24-008749-003/2024(H5N1)	646	713
PA|PP755594.1|A/cattle/Texas/24-008749-003/2024(H5N1)	647	717
PA|PP755594.1|A/cattle/Texas/24-008749-003/2024(H5N1)	648	711
PA|PP755594.1|A/cattle/Texas/24-008749-003/2024(H5N1)	649	711
PA|PP755594.1|A/cattle/Texas/24-008749-003/2024(H5N1)	650	711
PA|PP755594.1|A/cattle/Texas/24-008749-003/2024(H5N1)	651	657
PA|PP755594.1|A/cattle/Texas/24-008749-003/2024(H5N1)	652	668
PA|PP755594.1|A/cattle/Texas/24-008749-003/2024(H5N1)	653	668
PA|PP755594.1|A/cattle/Texas/24-008749-003/2024(H5N1)	654	660
PA|PP755594.1|A/cattle/Texas/24-008749-003/2024(H5N1)	655	654
PA|PP755594.1|A/cattle/Texas/24-008749-003/2024(H5N1)	656	654
PA|PP755594.1|A/cattle/Texas/24-008749-003/2024(H5N1)	657	661
PA|PP755594.1|A/cattle/Texas/24-008749-003/2024(H5N1)	658	710
PA|PP755594.1|A/cattle/Texas/24-008749-003/2024(H5N1)	659	710
PA|PP755594.1|A/cattle/Texas/24-008749-003/2024(H5N1)	660	710
PA|PP755594.1|A/cattle/Texas/24-008749-003/2024(H5N1)	661	711
PA|PP755594.1|A/cattle/Texas/24-008749-003/2024(H5N1)	662	710
PA|PP755594.1|A/cattle/Texas/24-008749-003/2024(H5N1)	663	711
PA|PP755594.1|A/cattle/Texas/24-008749-003/2024(H5N1)	664	714
PA|PP755594.1|A/cattle/Texas/24-008749-003/2024(H5N1)	665	716
PA|PP755594.1|A/cattle/Texas/24-008749-003/2024(H5N1)	666	717
PA|PP755594.1|A/cattle/Texas/24-008749-003/2024(H5N1)	667	712
PA|PP755594.1|A/cattle/Texas/24-008749-003/2024(H5N1)	668	720
PA|PP755594.1|A/cattle/Texas/24-008749-003/2024(H5N1)	669	721
PA|PP755594.1|A/cattle/Texas/24-008749-003/2024(H5N1)	670	722
PA|PP755594.1|A/cattle/Texas/24-008749-003/2024(H5N1)	671	720
PA|PP755594.1|A/cattle/Texas/24-008749-003/2024(H5N1)	672	720
PA|PP755594.1|A/cattle/Texas/24-008749-003/2024(H5N1)	673	703
PA|PP755594.1|A/cattle/Texas/24-008749-003/2024(H5N1)	674	709
PA|PP755594.1|A/cattle/Texas/24-008749-003/2024(H5N1)	675	708
PA|PP755594.1|A/cattle/Texas/24-008749-003/2024(H5N1)	676	708
PA|PP755594.1|A/cattle/Texas/24-008749-003/2024(H5N1)	677	701
PA|PP755594.1|A/cattle/Texas/24-008749-003/2024(H5N1)	678	705
PA|PP755594.1|A/cattle/Texas/24-008749-003/2024(H5N1)	679	705
PA|PP755594.1|A/cattle/Texas/24-008749-003/2024(H5N1)	680	768
PA|PP755594.1|A/cattle/Texas/24-008749-003/2024(H5N1)	681	730
PA|PP755594.1|A/cattle/Texas/24-008749-003/2024(H5N1)	682	732
PA|PP755594.1|A/cattle/Texas/24-008749-003/2024(H5N1)	683	731
PA|PP755594.1|A/cattle/Texas/24-008749-003/2024(H5N1)	684	746
PA|PP755594.1|A/cattle/Texas/24-008749-003/2024(H5N1)	685	756
PA|PP755594.1|A/cattle/Texas/24-008749-003/2024(H5N1)	686	756
PA|PP755594.1|A/cattle/Texas/24-008749-003/2024(H5N1)	687	749
PA|PP755594.1|A/cattle/Texas/24-008749-003/2024(H5N1)	688	749
PA|PP755594.1|A/cattle/Texas/24-008749-003/2024(H5N1)	689	749
PA|PP755594.1|A/cattle/Texas/24-008749-003/2024(H5N1)	690	749
PA|PP755594.1|A/cattle/Texas/24-008749-003/2024(H5N1)	691	766
PA|PP755594.1|A/cattle/Texas/24-008749-003/2024(H5N1)	692	757
PA|PP755594.1|A/cattle/Texas/24-008749-003/2024(H5N1)	693	748
PA|PP755594.1|A/cattle/Texas/24-008749-003/2024(H5N1)	694	747
PA|PP755594.1|A/cattle/Texas/24-008749-003/2024(H5N1)	695	759
PA|PP755594.1|A/cattle/Texas/24-008749-003/2024(H5N1)	696	759
PA|PP755594.1|A/cattle/Texas/24-008749-003/2024(H5N1)	697	752
PA|PP755594.1|A/cattle/Texas/24-008749-003/2024(H5N1)	698	746
PA|PP755594.1|A/cattle/Texas/24-008749-003/2024(H5N1)	699	746
PA|PP755594.1|A/cattle/Texas/24-008749-003/2024(H5N1)	700	736
PA|PP755594.1|A/cattle/Texas/24-008749-003/2024(H5N1)	701	742
PA|PP755594.1|A/cattle/Texas/24-008749-003/2024(H5N1)	702	728
PA|PP755594.1|A/cattle/Texas/24-008749-003/2024(H5N1)	703	721
PA|PP755594.1|A/cattle/Texas/24-008749-003/2024(H5N1)	704	743
PA|PP755594.1|A/cattle/Texas/24-008749-003/2024(H5N1)	705	741
PA|PP755594.1|A/cattle/Texas/24-008749-003/2024(H5N1)	706	733
PA|PP755594.1|A/cattle/Texas/24-008749-003/2024(H5N1)	707	701
PA|PP755594.1|A/cattle/Texas/24-008749-003/2024(H5N1)	708	675
PA|PP755594.1|A/cattle/Texas/24-008749-003/2024(H5N1)	709	676
PA|PP755594.1|A/cattle/Texas/24-008749-003/2024(H5N1)	710	677
PA|PP755594.1|A/cattle/Texas/24-008749-003/2024(H5N1)	711	677
PA|PP755594.1|A/cattle/Texas/24-008749-003/2024(H5N1)	712	669
PA|PP755594.1|A/cattle/Texas/24-008749-003/2024(H5N1)	713	647
PA|PP755594.1|A/cattle/Texas/24-008749-003/2024(H5N1)	714	648
PA|PP755594.1|A/cattle/Texas/24-008749-003/2024(H5N1)	715	645
PA|PP755594.1|A/cattle/Texas/24-008749-003/2024(H5N1)	716	645
PA|PP755594.1|A/cattle/Texas/24-008749-003/2024(H5N1)	717	653
PA|PP755594.1|A/cattle/Texas/24-008749-003/2024(H5N1)	718	652
PA|PP755594.1|A/cattle/Texas/24-008749-003/2024(H5N1)	719	682
PA|PP755594.1|A/cattle/Texas/24-008749-003/2024(H5N1)	720	658
PA|PP755594.1|A/cattle/Texas/24-008749-003/2024(H5N1)	721	656
PA|PP755594.1|A/cattle/Texas/24-008749-003/2024(H5N1)	722	670
PA|PP755594.1|A/cattle/Texas/24-008749-003/2024(H5N1)	723	679
PA|PP755594.1|A/cattle/Texas/24-008749-003/2024(H5N1)	724	678
PA|PP755594.1|A/cattle/Texas/24-008749-003/2024(H5N1)	725	671
PA|PP755594.1|A/cattle/Texas/24-008749-003/2024(H5N1)	726	659
PA|PP755594.1|A/cattle/Texas/24-008749-003/2024(H5N1)	727	659
PA|PP755594.1|A/cattle/Texas/24-008749-003/2024(H5N1)	728	642
PA|PP755594.1|A/cattle/Texas/24-008749-003/2024(H5N1)	729	654
PA|PP755594.1|A/cattle/Texas/24-008749-003/2024(H5N1)	730	628
PA|PP755594.1|A/cattle/Texas/24-008749-003/2024(H5N1)	731	625
PA|PP755594.1|A/cattle/Texas/24-008749-003/2024(H5N1)	732	619
PA|PP755594.1|A/cattle/Texas/24-008749-003/2024(H5N1)	733	620
PA|PP755594.1|A/cattle/Texas/24-008749-003/2024(H5N1)	734	619
PA|PP755594.1|A/cattle/Texas/24-008749-003/2024(H5N1)	735	622
PA|PP755594.1|A/cattle/Texas/24-008749-003/2024(H5N1)	736	624
PA|PP755594.1|A/cattle/Texas/24-008749-003/2024(H5N1)	737	621
PA|PP755594.1|A/cattle/Texas/24-008749-003/2024(H5N1)	738	613
PA|PP755594.1|A/cattle/Texas/24-008749-003/2024(H5N1)	739	617
PA|PP755594.1|A/cattle/Texas/24-008749-003/2024(H5N1)	740	614
PA|PP755594.1|A/cattle/Texas/24-008749-003/2024(H5N1)	741	614
PA|PP755594.1|A/cattle/Texas/24-008749-003/2024(H5N1)	742	615
PA|PP755594.1|A/cattle/Texas/24-008749-003/2024(H5N1)	743	613
PA|PP755594.1|A/cattle/Texas/24-008749-003/2024(H5N1)	744	616
PA|PP755594.1|A/cattle/Texas/24-008749-003/2024(H5N1)	745	616
PA|PP755594.1|A/cattle/Texas/24-008749-003/2024(H5N1)	746	616
PA|PP755594.1|A/cattle/Texas/24-008749-003/2024(H5N1)	747	615
PA|PP755594.1|A/cattle/Texas/24-008749-003/2024(H5N1)	748	615
PA|PP755594.1|A/cattle/Texas/24-008749-003/2024(H5N1)	749	612
PA|PP755594.1|A/cattle/Texas/24-008749-003/2024(H5N1)	750	612
PA|PP755594.1|A/cattle/Texas/24-008749-003/2024(H5N1)	751	626
PA|PP755594.1|A/cattle/Texas/24-008749-003/2024(H5N1)	752	625
PA|PP755594.1|A/cattle/Texas/24-008749-003/2024(H5N1)	753	625
PA|PP755594.1|A/cattle/Texas/24-008749-003/2024(H5N1)	754	625
PA|PP755594.1|A/cattle/Texas/24-008749-003/2024(H5N1)	755	622
PA|PP755594.1|A/cattle/Texas/24-008749-003/2024(H5N1)	756	610
PA|PP755594.1|A/cattle/Texas/24-008749-003/2024(H5N1)	757	641
PA|PP755594.1|A/cattle/Texas/24-008749-003/2024(H5N1)	758	651
PA|PP755594.1|A/cattle/Texas/24-008749-003/2024(H5N1)	759	652
PA|PP755594.1|A/cattle/Texas/24-008749-003/2024(H5N1)	760	725
PA|PP755594.1|A/cattle/Texas/24-008749-003/2024(H5N1)	761	725
PA|PP755594.1|A/cattle/Texas/24-008749-003/2024(H5N1)	762	720
PA|PP755594.1|A/cattle/Texas/24-008749-003/2024(H5N1)	763	712
PA|PP755594.1|A/cattle/Texas/24-008749-003/2024(H5N1)	764	713
PA|PP755594.1|A/cattle/Texas/24-008749-003/2024(H5N1)	765	713
PA|PP755594.1|A/cattle/Texas/24-008749-003/2024(H5N1)	766	712
PA|PP755594.1|A/cattle/Texas/24-008749-003/2024(H5N1)	767	715
PA|PP755594.1|A/cattle/Texas/24-008749-003/2024(H5N1)	768	807
PA|PP755594.1|A/cattle/Texas/24-008749-003/2024(H5N1)	769	807
PA|PP755594.1|A/cattle/Texas/24-008749-003/2024(H5N1)	770	807
PA|PP755594.1|A/cattle/Texas/24-008749-003/2024(H5N1)	771	786
PA|PP755594.1|A/cattle/Texas/24-008749-003/2024(H5N1)	772	761
PA|PP755594.1|A/cattle/Texas/24-008749-003/2024(H5N1)	773	758
PA|PP755594.1|A/cattle/Texas/24-008749-003/2024(H5N1)	774	751
PA|PP755594.1|A/cattle/Texas/24-008749-003/2024(H5N1)	775	775
PA|PP755594.1|A/cattle/Texas/24-008749-003/2024(H5N1)	776	765
PA|PP755594.1|A/cattle/Texas/24-008749-003/2024(H5N1)	777	765
PA|PP755594.1|A/cattle/Texas/24-008749-003/2024(H5N1)	778	763
PA|PP755594.1|A/cattle/Texas/24-008749-003/2024(H5N1)	779	752
PA|PP755594.1|A/cattle/Texas/24-008749-003/2024(H5N1)	780	752
PA|PP755594.1|A/cattle/Texas/24-008749-003/2024(H5N1)	781	752
PA|PP755594.1|A/cattle/Texas/24-008749-003/2024(H5N1)	782	758
PA|PP755594.1|A/cattle/Texas/24-008749-003/2024(H5N1)	783	754
PA|PP755594.1|A/cattle/Texas/24-008749-003/2024(H5N1)	784	747
PA|PP755594.1|A/cattle/Texas/24-008749-003/2024(H5N1)	785	758
PA|PP755594.1|A/cattle/Texas/24-008749-003/2024(H5N1)	786	761
PA|PP755594.1|A/cattle/Texas/24-008749-003/2024(H5N1)	787	756
PA|PP755594.1|A/cattle/Texas/24-008749-003/2024(H5N1)	788	744
PA|PP755594.1|A/cattle/Texas/24-008749-003/2024(H5N1)	789	742
PA|PP755594.1|A/cattle/Texas/24-008749-003/2024(H5N1)	790	744
PA|PP755594.1|A/cattle/Texas/24-008749-003/2024(H5N1)	791	762
PA|PP755594.1|A/cattle/Texas/24-008749-003/2024(H5N1)	792	765
PA|PP755594.1|A/cattle/Texas/24-008749-003/2024(H5N1)	793	762
PA|PP755594.1|A/cattle/Texas/24-008749-003/2024(H5N1)	794	750
PA|PP755594.1|A/cattle/Texas/24-008749-003/2024(H5N1)	795	746
PA|PP755594.1|A/cattle/Texas/24-008749-003/2024(H5N1)	796	742
PA|PP755594.1|A/cattle/Texas/24-008749-003/2024(H5N1)	797	725
PA|PP755594.1|A/cattle/Texas/24-008749-003/2024(H5N1)	798	723
PA|PP755594.1|A/cattle/Texas/24-008749-003/2024(H5N1)	799	725
PA|PP755594.1|A/cattle/Texas/24-008749-003/2024(H5N1)	800	689
PA|PP755594.1|A/cattle/Texas/24-008749-003/2024(H5N1)	801	689
PA|PP755594.1|A/cattle/Texas/24-008749-003/2024(H5N1)	802	687
PA|PP755594.1|A/cattle/Texas/24-008749-003/2024(H5N1)	803	687
PA|PP755594.1|A/cattle/Texas/24-008749-003/2024(H5N1)	804	694
PA|PP755594.1|A/cattle/Texas/24-008749-003/2024(H5N1)	805	696
PA|PP755594.1|A/cattle/Texas/24-008749-003/2024(H5N1)	806	691
PA|PP755594.1|A/cattle/Texas/24-008749-003/2024(H5N1)	807	691
PA|PP755594.1|A/cattle/Texas/24-008749-003/2024(H5N1)	808	686
PA|PP755594.1|A/cattle/Texas/24-008749-003/2024(H5N1)	809	681
PA|PP755594.1|A/cattle/Texas/24-008749-003/2024(H5N1)	810	688
PA|PP755594.1|A/cattle/Texas/24-008749-003/2024(H5N1)	811	687
PA|PP755594.1|A/cattle/Texas/24-008749-003/2024(H5N1)	812	682
PA|PP755594.1|A/cattle/Texas/24-008749-003/2024(H5N1)	813	676
PA|PP755594.1|A/cattle/Texas/24-008749-003/2024(H5N1)	814	676
PA|PP755594.1|A/cattle/Texas/24-008749-003/2024(H5N1)	815	676
PA|PP755594.1|A/cattle/Texas/24-008749-003/2024(H5N1)	816	675
PA|PP755594.1|A/cattle/Texas/24-008749-003/2024(H5N1)	817	674
PA|PP755594.1|A/cattle/Texas/24-008749-003/2024(H5N1)	818	673
PA|PP755594.1|A/cattle/Texas/24-008749-003/2024(H5N1)	819	542
PA|PP755594.1|A/cattle/Texas/24-008749-003/2024(H5N1)	820	536
PA|PP755594.1|A/cattle/Texas/24-008749-003/2024(H5N1)	821	535
PA|PP755594.1|A/cattle/Texas/24-008749-003/2024(H5N1)	822	535
PA|PP755594.1|A/cattle/Texas/24-008749-003/2024(H5N1)	823	535
PA|PP755594.1|A/cattle/Texas/24-008749-003/2024(H5N1)	824	535
PA|PP755594.1|A/cattle/Texas/24-008749-003/2024(H5N1)	825	535
PA|PP755594.1|A/cattle/Texas/24-008749-003/2024(H5N1)	826	523
PA|PP755594.1|A/cattle/Texas/24-008749-003/2024(H5N1)	827	523
PA|PP755594.1|A/cattle/Texas/24-008749-003/2024(H5N1)	828	523
PA|PP755594.1|A/cattle/Texas/24-008749-003/2024(H5N1)	829	523
PA|PP755594.1|A/cattle/Texas/24-008749-003/2024(H5N1)	830	523
PA|PP755594.1|A/cattle/Texas/24-008749-003/2024(H5N1)	831	522
PA|PP755594.1|A/cattle/Texas/24-008749-003/2024(H5N1)	832	522
PA|PP755594.1|A/cattle/Texas/24-008749-003/2024(H5N1)	833	521
PA|PP755594.1|A/cattle/Texas/24-008749-003/2024(H5N1)	834	521
PA|PP755594.1|A/cattle/Texas/24-008749-003/2024(H5N1)	835	505
PA|PP755594.1|A/cattle/Texas/24-008749-003/2024(H5N1)	836	495
PA|PP755594.1|A/cattle/Texas/24-008749-003/2024(H5N1)	837	495
PA|PP755594.1|A/cattle/Texas/24-008749-003/2024(H5N1)	838	495
PA|PP755594.1|A/cattle/Texas/24-008749-003/2024(H5N1)	839	495
PA|PP755594.1|A/cattle/Texas/24-008749-003/2024(H5N1)	840	495
PA|PP755594.1|A/cattle/Texas/24-008749-003/2024(H5N1)	841	495
PA|PP755594.1|A/cattle/Texas/24-008749-003/2024(H5N1)	842	495
PA|PP755594.1|A/cattle/Texas/24-008749-003/2024(H5N1)	843	495
PA|PP755594.1|A/cattle/Texas/24-008749-003/2024(H5N1)	844	495
PA|PP755594.1|A/cattle/Texas/24-008749-003/2024(H5N1)	845	494
PA|PP755594.1|A/cattle/Texas/24-008749-003/2024(H5N1)	846	484
PA|PP755594.1|A/cattle/Texas/24-008749-003/2024(H5N1)	847	484
PA|PP755594.1|A/cattle/Texas/24-008749-003/2024(H5N1)	848	484
PA|PP755594.1|A/cattle/Texas/24-008749-003/2024(H5N1)	849	487
PA|PP755594.1|A/cattle/Texas/24-008749-003/2024(H5N1)	850	493
PA|PP755594.1|A/cattle/Texas/24-008749-003/2024(H5N1)	851	493
PA|PP755594.1|A/cattle/Texas/24-008749-003/2024(H5N1)	852	493
PA|PP755594.1|A/cattle/Texas/24-008749-003/2024(H5N1)	853	493
PA|PP755594.1|A/cattle/Texas/24-008749-003/2024(H5N1)	854	493
PA|PP755594.1|A/cattle/Texas/24-008749-003/2024(H5N1)	855	467
PA|PP755594.1|A/cattle/Texas/24-008749-003/2024(H5N1)	856	467
PA|PP755594.1|A/cattle/Texas/24-008749-003/2024(H5N1)	857	467
PA|PP755594.1|A/cattle/Texas/24-008749-003/2024(H5N1)	858	461
PA|PP755594.1|A/cattle/Texas/24-008749-003/2024(H5N1)	859	461
PA|PP755594.1|A/cattle/Texas/24-008749-003/2024(H5N1)	860	460
PA|PP755594.1|A/cattle/Texas/24-008749-003/2024(H5N1)	861	343
PA|PP755594.1|A/cattle/Texas/24-008749-003/2024(H5N1)	862	343
PA|PP755594.1|A/cattle/Texas/24-008749-003/2024(H5N1)	863	343
PA|PP755594.1|A/cattle/Texas/24-008749-003/2024(H5N1)	864	343
PA|PP755594.1|A/cattle/Texas/24-008749-003/2024(H5N1)	865	346
PA|PP755594.1|A/cattle/Texas/24-008749-003/2024(H5N1)	866	346
PA|PP755594.1|A/cattle/Texas/24-008749-003/2024(H5N1)	867	346
PA|PP755594.1|A/cattle/Texas/24-008749-003/2024(H5N1)	868	348
PA|PP755594.1|A/cattle/Texas/24-008749-003/2024(H5N1)	869	348
PA|PP755594.1|A/cattle/Texas/24-008749-003/2024(H5N1)	870	348
PA|PP755594.1|A/cattle/Texas/24-008749-003/2024(H5N1)	871	564
PA|PP755594.1|A/cattle/Texas/24-008749-003/2024(H5N1)	872	571
PA|PP755594.1|A/cattle/Texas/24-008749-003/2024(H5N1)	873	571
PA|PP755594.1|A/cattle/Texas/24-008749-003/2024(H5N1)	874	571
PA|PP755594.1|A/cattle/Texas/24-008749-003/2024(H5N1)	875	574
PA|PP755594.1|A/cattle/Texas/24-008749-003/2024(H5N1)	876	574
PA|PP755594.1|A/cattle/Texas/24-008749-003/2024(H5N1)	877	579
PA|PP755594.1|A/cattle/Texas/24-008749-003/2024(H5N1)	878	583
PA|PP755594.1|A/cattle/Texas/24-008749-003/2024(H5N1)	879	583
PA|PP755594.1|A/cattle/Texas/24-008749-003/2024(H5N1)	880	583
PA|PP755594.1|A/cattle/Texas/24-008749-003/2024(H5N1)	881	590
PA|PP755594.1|A/cattle/Texas/24-008749-003/2024(H5N1)	882	595
PA|PP755594.1|A/cattle/Texas/24-008749-003/2024(H5N1)	883	597
PA|PP755594.1|A/cattle/Texas/24-008749-003/2024(H5N1)	884	598
PA|PP755594.1|A/cattle/Texas/24-008749-003/2024(H5N1)	885	600
PA|PP755594.1|A/cattle/Texas/24-008749-003/2024(H5N1)	886	606
PA|PP755594.1|A/cattle/Texas/24-008749-003/2024(H5N1)	887	613
PA|PP755594.1|A/cattle/Texas/24-008749-003/2024(H5N1)	888	616
PA|PP755594.1|A/cattle/Texas/24-008749-003/2024(H5N1)	889	617
PA|PP755594.1|A/cattle/Texas/24-008749-003/2024(H5N1)	890	618
PA|PP755594.1|A/cattle/Texas/24-008749-003/2024(H5N1)	891	656
PA|PP755594.1|A/cattle/Texas/24-008749-003/2024(H5N1)	892	657
PA|PP755594.1|A/cattle/Texas/24-008749-003/2024(H5N1)	893	657
PA|PP755594.1|A/cattle/Texas/24-008749-003/2024(H5N1)	894	663
PA|PP755594.1|A/cattle/Texas/24-008749-003/2024(H5N1)	895	685
PA|PP755594.1|A/cattle/Texas/24-008749-003/2024(H5N1)	896	685
PA|PP755594.1|A/cattle/Texas/24-008749-003/2024(H5N1)	897	667
PA|PP755594.1|A/cattle/Texas/24-008749-003/2024(H5N1)	898	668
PA|PP755594.1|A/cattle/Texas/24-008749-003/2024(H5N1)	899	671
PA|PP755594.1|A/cattle/Texas/24-008749-003/2024(H5N1)	900	697
PA|PP755594.1|A/cattle/Texas/24-008749-003/2024(H5N1)	901	699
PA|PP755594.1|A/cattle/Texas/24-008749-003/2024(H5N1)	902	760
PA|PP755594.1|A/cattle/Texas/24-008749-003/2024(H5N1)	903	732
PA|PP755594.1|A/cattle/Texas/24-008749-003/2024(H5N1)	904	734
PA|PP755594.1|A/cattle/Texas/24-008749-003/2024(H5N1)	905	734
PA|PP755594.1|A/cattle/Texas/24-008749-003/2024(H5N1)	906	734
PA|PP755594.1|A/cattle/Texas/24-008749-003/2024(H5N1)	907	844
PA|PP755594.1|A/cattle/Texas/24-008749-003/2024(H5N1)	908	849
PA|PP755594.1|A/cattle/Texas/24-008749-003/2024(H5N1)	909	770
PA|PP755594.1|A/cattle/Texas/24-008749-003/2024(H5N1)	910	772
PA|PP755594.1|A/cattle/Texas/24-008749-003/2024(H5N1)	911	772
PA|PP755594.1|A/cattle/Texas/24-008749-003/2024(H5N1)	912	797
PA|PP755594.1|A/cattle/Texas/24-008749-003/2024(H5N1)	913	797
PA|PP755594.1|A/cattle/Texas/24-008749-003/2024(H5N1)	914	797
PA|PP755594.1|A/cattle/Texas/24-008749-003/2024(H5N1)	915	706
PA|PP755594.1|A/cattle/Texas/24-008749-003/2024(H5N1)	916	710
PA|PP755594.1|A/cattle/Texas/24-008749-003/2024(H5N1)	917	724
PA|PP755594.1|A/cattle/Texas/24-008749-003/2024(H5N1)	918	725
PA|PP755594.1|A/cattle/Texas/24-008749-003/2024(H5N1)	919	729
PA|PP755594.1|A/cattle/Texas/24-008749-003/2024(H5N1)	920	733
PA|PP755594.1|A/cattle/Texas/24-008749-003/2024(H5N1)	921	714
PA|PP755594.1|A/cattle/Texas/24-008749-003/2024(H5N1)	922	720
PA|PP755594.1|A/cattle/Texas/24-008749-003/2024(H5N1)	923	720
PA|PP755594.1|A/cattle/Texas/24-008749-003/2024(H5N1)	924	720
PA|PP755594.1|A/cattle/Texas/24-008749-003/2024(H5N1)	925	720
PA|PP755594.1|A/cattle/Texas/24-008749-003/2024(H5N1)	926	726
PA|PP755594.1|A/cattle/Texas/24-008749-003/2024(H5N1)	927	728
PA|PP755594.1|A/cattle/Texas/24-008749-003/2024(H5N1)	928	728
PA|PP755594.1|A/cattle/Texas/24-008749-003/2024(H5N1)	929	727
PA|PP755594.1|A/cattle/Texas/24-008749-003/2024(H5N1)	930	728
PA|PP755594.1|A/cattle/Texas/24-008749-003/2024(H5N1)	931	724
PA|PP755594.1|A/cattle/Texas/24-008749-003/2024(H5N1)	932	725
PA|PP755594.1|A/cattle/Texas/24-008749-003/2024(H5N1)	933	725
PA|PP755594.1|A/cattle/Texas/24-008749-003/2024(H5N1)	934	725
PA|PP755594.1|A/cattle/Texas/24-008749-003/2024(H5N1)	935	725
PA|PP755594.1|A/cattle/Texas/24-008749-003/2024(H5N1)	936	713
PA|PP755594.1|A/cattle/Texas/24-008749-003/2024(H5N1)	937	710
PA|PP755594.1|A/cattle/Texas/24-008749-003/2024(H5N1)	938	701
PA|PP755594.1|A/cattle/Texas/24-008749-003/2024(H5N1)	939	699
PA|PP755594.1|A/cattle/Texas/24-008749-003/2024(H5N1)	940	699
PA|PP755594.1|A/cattle/Texas/24-008749-003/2024(H5N1)	941	697
PA|PP755594.1|A/cattle/Texas/24-008749-003/2024(H5N1)	942	678
PA|PP755594.1|A/cattle/Texas/24-008749-003/2024(H5N1)	943	675
PA|PP755594.1|A/cattle/Texas/24-008749-003/2024(H5N1)	944	675
PA|PP755594.1|A/cattle/Texas/24-008749-003/2024(H5N1)	945	674
PA|PP755594.1|A/cattle/Texas/24-008749-003/2024(H5N1)	946	674
PA|PP755594.1|A/cattle/Texas/24-008749-003/2024(H5N1)	947	674
PA|PP755594.1|A/cattle/Texas/24-008749-003/2024(H5N1)	948	666
PA|PP755594.1|A/cattle/Texas/24-008749-003/2024(H5N1)	949	665
PA|PP755594.1|A/cattle/Texas/24-008749-003/2024(H5N1)	950	665
PA|PP755594.1|A/cattle/Texas/24-008749-003/2024(H5N1)	951	665
PA|PP755594.1|A/cattle/Texas/24-008749-003/2024(H5N1)	952	665
PA|PP755594.1|A/cattle/Texas/24-008749-003/2024(H5N1)	953	662
PA|PP755594.1|A/cattle/Texas/24-008749-003/2024(H5N1)	954	662
PA|PP755594.1|A/cattle/Texas/24-008749-003/2024(H5N1)	955	654
PA|PP755594.1|A/cattle/Texas/24-008749-003/2024(H5N1)	956	652
PA|PP755594.1|A/cattle/Texas/24-008749-003/2024(H5N1)	957	652
PA|PP755594.1|A/cattle/Texas/24-008749-003/2024(H5N1)	958	652
PA|PP755594.1|A/cattle/Texas/24-008749-003/2024(H5N1)	959	648
PA|PP755594.1|A/cattle/Texas/24-008749-003/2024(H5N1)	960	644
PA|PP755594.1|A/cattle/Texas/24-008749-003/2024(H5N1)	961	638
PA|PP755594.1|A/cattle/Texas/24-008749-003/2024(H5N1)	962	638
PA|PP755594.1|A/cattle/Texas/24-008749-003/2024(H5N1)	963	402
PA|PP755594.1|A/cattle/Texas/24-008749-003/2024(H5N1)	964	401
PA|PP755594.1|A/cattle/Texas/24-008749-003/2024(H5N1)	965	401
PA|PP755594.1|A/cattle/Texas/24-008749-003/2024(H5N1)	966	401
PA|PP755594.1|A/cattle/Texas/24-008749-003/2024(H5N1)	967	401
PA|PP755594.1|A/cattle/Texas/24-008749-003/2024(H5N1)	968	401
PA|PP755594.1|A/cattle/Texas/24-008749-003/2024(H5N1)	969	401
PA|PP755594.1|A/cattle/Texas/24-008749-003/2024(H5N1)	970	401
PA|PP755594.1|A/cattle/Texas/24-008749-003/2024(H5N1)	971	401
PA|PP755594.1|A/cattle/Texas/24-008749-003/2024(H5N1)	972	401
PA|PP755594.1|A/cattle/Texas/24-008749-003/2024(H5N1)	973	402
PA|PP755594.1|A/cattle/Texas/24-008749-003/2024(H5N1)	974	429
PA|PP755594.1|A/cattle/Texas/24-008749-003/2024(H5N1)	975	429
PA|PP755594.1|A/cattle/Texas/24-008749-003/2024(H5N1)	976	445
PA|PP755594.1|A/cattle/Texas/24-008749-003/2024(H5N1)	977	445
PA|PP755594.1|A/cattle/Texas/24-008749-003/2024(H5N1)	978	448
PA|PP755594.1|A/cattle/Texas/24-008749-003/2024(H5N1)	979	448
PA|PP755594.1|A/cattle/Texas/24-008749-003/2024(H5N1)	980	448
PA|PP755594.1|A/cattle/Texas/24-008749-003/2024(H5N1)	981	448
PA|PP755594.1|A/cattle/Texas/24-008749-003/2024(H5N1)	982	451
PA|PP755594.1|A/cattle/Texas/24-008749-003/2024(H5N1)	983	451
PA|PP755594.1|A/cattle/Texas/24-008749-003/2024(H5N1)	984	452
PA|PP755594.1|A/cattle/Texas/24-008749-003/2024(H5N1)	985	590
PA|PP755594.1|A/cattle/Texas/24-008749-003/2024(H5N1)	986	608
PA|PP755594.1|A/cattle/Texas/24-008749-003/2024(H5N1)	987	608
PA|PP755594.1|A/cattle/Texas/24-008749-003/2024(H5N1)	988	608
PA|PP755594.1|A/cattle/Texas/24-008749-003/2024(H5N1)	989	608
PA|PP755594.1|A/cattle/Texas/24-008749-003/2024(H5N1)	990	612
PA|PP755594.1|A/cattle/Texas/24-008749-003/2024(H5N1)	991	613
PA|PP755594.1|A/cattle/Texas/24-008749-003/2024(H5N1)	992	617
PA|PP755594.1|A/cattle/Texas/24-008749-003/2024(H5N1)	993	639
PA|PP755594.1|A/cattle/Texas/24-008749-003/2024(H5N1)	994	639
PA|PP755594.1|A/cattle/Texas/24-008749-003/2024(H5N1)	995	639
PA|PP755594.1|A/cattle/Texas/24-008749-003/2024(H5N1)	996	639
PA|PP755594.1|A/cattle/Texas/24-008749-003/2024(H5N1)	997	656
PA|PP755594.1|A/cattle/Texas/24-008749-003/2024(H5N1)	998	656
PA|PP755594.1|A/cattle/Texas/24-008749-003/2024(H5N1)	999	656
PA|PP755594.1|A/cattle/Texas/24-008749-003/2024(H5N1)	1000	656
PA|PP755594.1|A/cattle/Texas/24-008749-003/2024(H5N1)	1001	659
PA|PP755594.1|A/cattle/Texas/24-008749-003/2024(H5N1)	1002	662
PA|PP755594.1|A/cattle/Texas/24-008749-003/2024(H5N1)	1003	676
PA|PP755594.1|A/cattle/Texas/24-008749-003/2024(H5N1)	1004	679
PA|PP755594.1|A/cattle/Texas/24-008749-003/2024(H5N1)	1005	679
PA|PP755594.1|A/cattle/Texas/24-008749-003/2024(H5N1)	1006	684
PA|PP755594.1|A/cattle/Texas/24-008749-003/2024(H5N1)	1007	725
PA|PP755594.1|A/cattle/Texas/24-008749-003/2024(H5N1)	1008	729
PA|PP755594.1|A/cattle/Texas/24-008749-003/2024(H5N1)	1009	735
PA|PP755594.1|A/cattle/Texas/24-008749-003/2024(H5N1)	1010	752
PA|PP755594.1|A/cattle/Texas/24-008749-003/2024(H5N1)	1011	752
PA|PP755594.1|A/cattle/Texas/24-008749-003/2024(H5N1)	1012	752
PA|PP755594.1|A/cattle/Texas/24-008749-003/2024(H5N1)	1013	753
PA|PP755594.1|A/cattle/Texas/24-008749-003/2024(H5N1)	1014	766
PA|PP755594.1|A/cattle/Texas/24-008749-003/2024(H5N1)	1015	770
PA|PP755594.1|A/cattle/Texas/24-008749-003/2024(H5N1)	1016	769
PA|PP755594.1|A/cattle/Texas/24-008749-003/2024(H5N1)	1017	769
PA|PP755594.1|A/cattle/Texas/24-008749-003/2024(H5N1)	1018	762
PA|PP755594.1|A/cattle/Texas/24-008749-003/2024(H5N1)	1019	761
PA|PP755594.1|A/cattle/Texas/24-008749-003/2024(H5N1)	1020	764
PA|PP755594.1|A/cattle/Texas/24-008749-003/2024(H5N1)	1021	775
PA|PP755594.1|A/cattle/Texas/24-008749-003/2024(H5N1)	1022	777
PA|PP755594.1|A/cattle/Texas/24-008749-003/2024(H5N1)	1023	773
PA|PP755594.1|A/cattle/Texas/24-008749-003/2024(H5N1)	1024	815
PA|PP755594.1|A/cattle/Texas/24-008749-003/2024(H5N1)	1025	815
PA|PP755594.1|A/cattle/Texas/24-008749-003/2024(H5N1)	1026	814
PA|PP755594.1|A/cattle/Texas/24-008749-003/2024(H5N1)	1027	817
PA|PP755594.1|A/cattle/Texas/24-008749-003/2024(H5N1)	1028	822
PA|PP755594.1|A/cattle/Texas/24-008749-003/2024(H5N1)	1029	818
PA|PP755594.1|A/cattle/Texas/24-008749-003/2024(H5N1)	1030	819
PA|PP755594.1|A/cattle/Texas/24-008749-003/2024(H5N1)	1031	818
PA|PP755594.1|A/cattle/Texas/24-008749-003/2024(H5N1)	1032	835
PA|PP755594.1|A/cattle/Texas/24-008749-003/2024(H5N1)	1033	829
PA|PP755594.1|A/cattle/Texas/24-008749-003/2024(H5N1)	1034	827
PA|PP755594.1|A/cattle/Texas/24-008749-003/2024(H5N1)	1035	808
PA|PP755594.1|A/cattle/Texas/24-008749-003/2024(H5N1)	1036	802
PA|PP755594.1|A/cattle/Texas/24-008749-003/2024(H5N1)	1037	798
PA|PP755594.1|A/cattle/Texas/24-008749-003/2024(H5N1)	1038	793
PA|PP755594.1|A/cattle/Texas/24-008749-003/2024(H5N1)	1039	794
PA|PP755594.1|A/cattle/Texas/24-008749-003/2024(H5N1)	1040	795
PA|PP755594.1|A/cattle/Texas/24-008749-003/2024(H5N1)	1041	795
PA|PP755594.1|A/cattle/Texas/24-008749-003/2024(H5N1)	1042	749
PA|PP755594.1|A/cattle/Texas/24-008749-003/2024(H5N1)	1043	842
PA|PP755594.1|A/cattle/Texas/24-008749-003/2024(H5N1)	1044	844
PA|PP755594.1|A/cattle/Texas/24-008749-003/2024(H5N1)	1045	846
PA|PP755594.1|A/cattle/Texas/24-008749-003/2024(H5N1)	1046	831
PA|PP755594.1|A/cattle/Texas/24-008749-003/2024(H5N1)	1047	831
PA|PP755594.1|A/cattle/Texas/24-008749-003/2024(H5N1)	1048	835
PA|PP755594.1|A/cattle/Texas/24-008749-003/2024(H5N1)	1049	831
PA|PP755594.1|A/cattle/Texas/24-008749-003/2024(H5N1)	1050	836
PA|PP755594.1|A/cattle/Texas/24-008749-003/2024(H5N1)	1051	827
PA|PP755594.1|A/cattle/Texas/24-008749-003/2024(H5N1)	1052	825
PA|PP755594.1|A/cattle/Texas/24-008749-003/2024(H5N1)	1053	767
PA|PP755594.1|A/cattle/Texas/24-008749-003/2024(H5N1)	1054	770
PA|PP755594.1|A/cattle/Texas/24-008749-003/2024(H5N1)	1055	779
PA|PP755594.1|A/cattle/Texas/24-008749-003/2024(H5N1)	1056	779
PA|PP755594.1|A/cattle/Texas/24-008749-003/2024(H5N1)	1057	792
PA|PP755594.1|A/cattle/Texas/24-008749-003/2024(H5N1)	1058	698
PA|PP755594.1|A/cattle/Texas/24-008749-003/2024(H5N1)	1059	693
PA|PP755594.1|A/cattle/Texas/24-008749-003/2024(H5N1)	1060	688
PA|PP755594.1|A/cattle/Texas/24-008749-003/2024(H5N1)	1061	689
PA|PP755594.1|A/cattle/Texas/24-008749-003/2024(H5N1)	1062	665
PA|PP755594.1|A/cattle/Texas/24-008749-003/2024(H5N1)	1063	665
PA|PP755594.1|A/cattle/Texas/24-008749-003/2024(H5N1)	1064	665
PA|PP755594.1|A/cattle/Texas/24-008749-003/2024(H5N1)	1065	667
PA|PP755594.1|A/cattle/Texas/24-008749-003/2024(H5N1)	1066	667
PA|PP755594.1|A/cattle/Texas/24-008749-003/2024(H5N1)	1067	667
PA|PP755594.1|A/cattle/Texas/24-008749-003/2024(H5N1)	1068	647
PA|PP755594.1|A/cattle/Texas/24-008749-003/2024(H5N1)	1069	647
PA|PP755594.1|A/cattle/Texas/24-008749-003/2024(H5N1)	1070	642
PA|PP755594.1|A/cattle/Texas/24-008749-003/2024(H5N1)	1071	644
PA|PP755594.1|A/cattle/Texas/24-008749-003/2024(H5N1)	1072	673
PA|PP755594.1|A/cattle/Texas/24-008749-003/2024(H5N1)	1073	673
PA|PP755594.1|A/cattle/Texas/24-008749-003/2024(H5N1)	1074	674
PA|PP755594.1|A/cattle/Texas/24-008749-003/2024(H5N1)	1075	674
PA|PP755594.1|A/cattle/Texas/24-008749-003/2024(H5N1)	1076	686
PA|PP755594.1|A/cattle/Texas/24-008749-003/2024(H5N1)	1077	675
PA|PP755594.1|A/cattle/Texas/24-008749-003/2024(H5N1)	1078	675
PA|PP755594.1|A/cattle/Texas/24-008749-003/2024(H5N1)	1079	675
PA|PP755594.1|A/cattle/Texas/24-008749-003/2024(H5N1)	1080	686
PA|PP755594.1|A/cattle/Texas/24-008749-003/2024(H5N1)	1081	686
PA|PP755594.1|A/cattle/Texas/24-008749-003/2024(H5N1)	1082	686
PA|PP755594.1|A/cattle/Texas/24-008749-003/2024(H5N1)	1083	688
PA|PP755594.1|A/cattle/Texas/24-008749-003/2024(H5N1)	1084	691
PA|PP755594.1|A/cattle/Texas/24-008749-003/2024(H5N1)	1085	694
PA|PP755594.1|A/cattle/Texas/24-008749-003/2024(H5N1)	1086	701
PA|PP755594.1|A/cattle/Texas/24-008749-003/2024(H5N1)	1087	701
PA|PP755594.1|A/cattle/Texas/24-008749-003/2024(H5N1)	1088	699
PA|PP755594.1|A/cattle/Texas/24-008749-003/2024(H5N1)	1089	692
PA|PP755594.1|A/cattle/Texas/24-008749-003/2024(H5N1)	1090	692
PA|PP755594.1|A/cattle/Texas/24-008749-003/2024(H5N1)	1091	689
PA|PP755594.1|A/cattle/Texas/24-008749-003/2024(H5N1)	1092	709
PA|PP755594.1|A/cattle/Texas/24-008749-003/2024(H5N1)	1093	729
PA|PP755594.1|A/cattle/Texas/24-008749-003/2024(H5N1)	1094	728
PA|PP755594.1|A/cattle/Texas/24-008749-003/2024(H5N1)	1095	728
PA|PP755594.1|A/cattle/Texas/24-008749-003/2024(H5N1)	1096	730
PA|PP755594.1|A/cattle/Texas/24-008749-003/2024(H5N1)	1097	736
PA|PP755594.1|A/cattle/Texas/24-008749-003/2024(H5N1)	1098	728
PA|PP755594.1|A/cattle/Texas/24-008749-003/2024(H5N1)	1099	739
PA|PP755594.1|A/cattle/Texas/24-008749-003/2024(H5N1)	1100	746
PA|PP755594.1|A/cattle/Texas/24-008749-003/2024(H5N1)	1101	747
PA|PP755594.1|A/cattle/Texas/24-008749-003/2024(H5N1)	1102	730
PA|PP755594.1|A/cattle/Texas/24-008749-003/2024(H5N1)	1103	729
PA|PP755594.1|A/cattle/Texas/24-008749-003/2024(H5N1)	1104	730
PA|PP755594.1|A/cattle/Texas/24-008749-003/2024(H5N1)	1105	735
PA|PP755594.1|A/cattle/Texas/24-008749-003/2024(H5N1)	1106	743
PA|PP755594.1|A/cattle/Texas/24-008749-003/2024(H5N1)	1107	740
PA|PP755594.1|A/cattle/Texas/24-008749-003/2024(H5N1)	1108	732
PA|PP755594.1|A/cattle/Texas/24-008749-003/2024(H5N1)	1109	734
PA|PP755594.1|A/cattle/Texas/24-008749-003/2024(H5N1)	1110	733
PA|PP755594.1|A/cattle/Texas/24-008749-003/2024(H5N1)	1111	758
PA|PP755594.1|A/cattle/Texas/24-008749-003/2024(H5N1)	1112	758
PA|PP755594.1|A/cattle/Texas/24-008749-003/2024(H5N1)	1113	762
PA|PP755594.1|A/cattle/Texas/24-008749-003/2024(H5N1)	1114	762
PA|PP755594.1|A/cattle/Texas/24-008749-003/2024(H5N1)	1115	758
PA|PP755594.1|A/cattle/Texas/24-008749-003/2024(H5N1)	1116	782
PA|PP755594.1|A/cattle/Texas/24-008749-003/2024(H5N1)	1117	772
PA|PP755594.1|A/cattle/Texas/24-008749-003/2024(H5N1)	1118	785
PA|PP755594.1|A/cattle/Texas/24-008749-003/2024(H5N1)	1119	786
PA|PP755594.1|A/cattle/Texas/24-008749-003/2024(H5N1)	1120	763
PA|PP755594.1|A/cattle/Texas/24-008749-003/2024(H5N1)	1121	763
PA|PP755594.1|A/cattle/Texas/24-008749-003/2024(H5N1)	1122	762
PA|PP755594.1|A/cattle/Texas/24-008749-003/2024(H5N1)	1123	762
PA|PP755594.1|A/cattle/Texas/24-008749-003/2024(H5N1)	1124	759
PA|PP755594.1|A/cattle/Texas/24-008749-003/2024(H5N1)	1125	725
PA|PP755594.1|A/cattle/Texas/24-008749-003/2024(H5N1)	1126	714
PA|PP755594.1|A/cattle/Texas/24-008749-003/2024(H5N1)	1127	710
PA|PP755594.1|A/cattle/Texas/24-008749-003/2024(H5N1)	1128	711
PA|PP755594.1|A/cattle/Texas/24-008749-003/2024(H5N1)	1129	797
PA|PP755594.1|A/cattle/Texas/24-008749-003/2024(H5N1)	1130	797
PA|PP755594.1|A/cattle/Texas/24-008749-003/2024(H5N1)	1131	797
PA|PP755594.1|A/cattle/Texas/24-008749-003/2024(H5N1)	1132	796
PA|PP755594.1|A/cattle/Texas/24-008749-003/2024(H5N1)	1133	801
PA|PP755594.1|A/cattle/Texas/24-008749-003/2024(H5N1)	1134	801
PA|PP755594.1|A/cattle/Texas/24-008749-003/2024(H5N1)	1135	800
PA|PP755594.1|A/cattle/Texas/24-008749-003/2024(H5N1)	1136	784
PA|PP755594.1|A/cattle/Texas/24-008749-003/2024(H5N1)	1137	769
PA|PP755594.1|A/cattle/Texas/24-008749-003/2024(H5N1)	1138	770
PA|PP755594.1|A/cattle/Texas/24-008749-003/2024(H5N1)	1139	792
PA|PP755594.1|A/cattle/Texas/24-008749-003/2024(H5N1)	1140	791
PA|PP755594.1|A/cattle/Texas/24-008749-003/2024(H5N1)	1141	787
PA|PP755594.1|A/cattle/Texas/24-008749-003/2024(H5N1)	1142	787
PA|PP755594.1|A/cattle/Texas/24-008749-003/2024(H5N1)	1143	787
PA|PP755594.1|A/cattle/Texas/24-008749-003/2024(H5N1)	1144	762
PA|PP755594.1|A/cattle/Texas/24-008749-003/2024(H5N1)	1145	766
PA|PP755594.1|A/cattle/Texas/24-008749-003/2024(H5N1)	1146	766
PA|PP755594.1|A/cattle/Texas/24-008749-003/2024(H5N1)	1147	768
PA|PP755594.1|A/cattle/Texas/24-008749-003/2024(H5N1)	1148	751
PA|PP755594.1|A/cattle/Texas/24-008749-003/2024(H5N1)	1149	773
PA|PP755594.1|A/cattle/Texas/24-008749-003/2024(H5N1)	1150	794
PA|PP755594.1|A/cattle/Texas/24-008749-003/2024(H5N1)	1151	794
PA|PP755594.1|A/cattle/Texas/24-008749-003/2024(H5N1)	1152	792
PA|PP755594.1|A/cattle/Texas/24-008749-003/2024(H5N1)	1153	791
PA|PP755594.1|A/cattle/Texas/24-008749-003/2024(H5N1)	1154	780
PA|PP755594.1|A/cattle/Texas/24-008749-003/2024(H5N1)	1155	776
PA|PP755594.1|A/cattle/Texas/24-008749-003/2024(H5N1)	1156	793
PA|PP755594.1|A/cattle/Texas/24-008749-003/2024(H5N1)	1157	793
PA|PP755594.1|A/cattle/Texas/24-008749-003/2024(H5N1)	1158	749
PA|PP755594.1|A/cattle/Texas/24-008749-003/2024(H5N1)	1159	747
PA|PP755594.1|A/cattle/Texas/24-008749-003/2024(H5N1)	1160	725
PA|PP755594.1|A/cattle/Texas/24-008749-003/2024(H5N1)	1161	725
PA|PP755594.1|A/cattle/Texas/24-008749-003/2024(H5N1)	1162	725
PA|PP755594.1|A/cattle/Texas/24-008749-003/2024(H5N1)	1163	725
PA|PP755594.1|A/cattle/Texas/24-008749-003/2024(H5N1)	1164	711
PA|PP755594.1|A/cattle/Texas/24-008749-003/2024(H5N1)	1165	709
PA|PP755594.1|A/cattle/Texas/24-008749-003/2024(H5N1)	1166	707
PA|PP755594.1|A/cattle/Texas/24-008749-003/2024(H5N1)	1167	706
PA|PP755594.1|A/cattle/Texas/24-008749-003/2024(H5N1)	1168	706
PA|PP755594.1|A/cattle/Texas/24-008749-003/2024(H5N1)	1169	706
PA|PP755594.1|A/cattle/Texas/24-008749-003/2024(H5N1)	1170	705
PA|PP755594.1|A/cattle/Texas/24-008749-003/2024(H5N1)	1171	702
PA|PP755594.1|A/cattle/Texas/24-008749-003/2024(H5N1)	1172	689
PA|PP755594.1|A/cattle/Texas/24-008749-003/2024(H5N1)	1173	687
PA|PP755594.1|A/cattle/Texas/24-008749-003/2024(H5N1)	1174	686
PA|PP755594.1|A/cattle/Texas/24-008749-003/2024(H5N1)	1175	636
PA|PP755594.1|A/cattle/Texas/24-008749-003/2024(H5N1)	1176	636
PA|PP755594.1|A/cattle/Texas/24-008749-003/2024(H5N1)	1177	633
PA|PP755594.1|A/cattle/Texas/24-008749-003/2024(H5N1)	1178	630
PA|PP755594.1|A/cattle/Texas/24-008749-003/2024(H5N1)	1179	490
PA|PP755594.1|A/cattle/Texas/24-008749-003/2024(H5N1)	1180	490
PA|PP755594.1|A/cattle/Texas/24-008749-003/2024(H5N1)	1181	488
PA|PP755594.1|A/cattle/Texas/24-008749-003/2024(H5N1)	1182	486
PA|PP755594.1|A/cattle/Texas/24-008749-003/2024(H5N1)	1183	486
PA|PP755594.1|A/cattle/Texas/24-008749-003/2024(H5N1)	1184	486
PA|PP755594.1|A/cattle/Texas/24-008749-003/2024(H5N1)	1185	455
PA|PP755594.1|A/cattle/Texas/24-008749-003/2024(H5N1)	1186	455
PA|PP755594.1|A/cattle/Texas/24-008749-003/2024(H5N1)	1187	455
PA|PP755594.1|A/cattle/Texas/24-008749-003/2024(H5N1)	1188	455
PA|PP755594.1|A/cattle/Texas/24-008749-003/2024(H5N1)	1189	455
PA|PP755594.1|A/cattle/Texas/24-008749-003/2024(H5N1)	1190	454
PA|PP755594.1|A/cattle/Texas/24-008749-003/2024(H5N1)	1191	454
PA|PP755594.1|A/cattle/Texas/24-008749-003/2024(H5N1)	1192	573
PA|PP755594.1|A/cattle/Texas/24-008749-003/2024(H5N1)	1193	573
PA|PP755594.1|A/cattle/Texas/24-008749-003/2024(H5N1)	1194	573
PA|PP755594.1|A/cattle/Texas/24-008749-003/2024(H5N1)	1195	573
PA|PP755594.1|A/cattle/Texas/24-008749-003/2024(H5N1)	1196	573
PA|PP755594.1|A/cattle/Texas/24-008749-003/2024(H5N1)	1197	573
PA|PP755594.1|A/cattle/Texas/24-008749-003/2024(H5N1)	1198	573
PA|PP755594.1|A/cattle/Texas/24-008749-003/2024(H5N1)	1199	616
PA|PP755594.1|A/cattle/Texas/24-008749-003/2024(H5N1)	1200	624
PA|PP755594.1|A/cattle/Texas/24-008749-003/2024(H5N1)	1201	624
PA|PP755594.1|A/cattle/Texas/24-008749-003/2024(H5N1)	1202	624
PA|PP755594.1|A/cattle/Texas/24-008749-003/2024(H5N1)	1203	624
PA|PP755594.1|A/cattle/Texas/24-008749-003/2024(H5N1)	1204	624
PA|PP755594.1|A/cattle/Texas/24-008749-003/2024(H5N1)	1205	612
PA|PP755594.1|A/cattle/Texas/24-008749-003/2024(H5N1)	1206	597
PA|PP755594.1|A/cattle/Texas/24-008749-003/2024(H5N1)	1207	597
PA|PP755594.1|A/cattle/Texas/24-008749-003/2024(H5N1)	1208	597
PA|PP755594.1|A/cattle/Texas/24-008749-003/2024(H5N1)	1209	597
PA|PP755594.1|A/cattle/Texas/24-008749-003/2024(H5N1)	1210	597
PA|PP755594.1|A/cattle/Texas/24-008749-003/2024(H5N1)	1211	592
PA|PP755594.1|A/cattle/Texas/24-008749-003/2024(H5N1)	1212	592
PA|PP755594.1|A/cattle/Texas/24-008749-003/2024(H5N1)	1213	592
PA|PP755594.1|A/cattle/Texas/24-008749-003/2024(H5N1)	1214	592
PA|PP755594.1|A/cattle/Texas/24-008749-003/2024(H5N1)	1215	592
PA|PP755594.1|A/cattle/Texas/24-008749-003/2024(H5N1)	1216	638
PA|PP755594.1|A/cattle/Texas/24-008749-003/2024(H5N1)	1217	638
PA|PP755594.1|A/cattle/Texas/24-008749-003/2024(H5N1)	1218	638
PA|PP755594.1|A/cattle/Texas/24-008749-003/2024(H5N1)	1219	638
PA|PP755594.1|A/cattle/Texas/24-008749-003/2024(H5N1)	1220	639
PA|PP755594.1|A/cattle/Texas/24-008749-003/2024(H5N1)	1221	634
PA|PP755594.1|A/cattle/Texas/24-008749-003/2024(H5N1)	1222	634
PA|PP755594.1|A/cattle/Texas/24-008749-003/2024(H5N1)	1223	634
PA|PP755594.1|A/cattle/Texas/24-008749-003/2024(H5N1)	1224	636
PA|PP755594.1|A/cattle/Texas/24-008749-003/2024(H5N1)	1225	648
PA|PP755594.1|A/cattle/Texas/24-008749-003/2024(H5N1)	1226	648
PA|PP755594.1|A/cattle/Texas/24-008749-003/2024(H5N1)	1227	637
PA|PP755594.1|A/cattle/Texas/24-008749-003/2024(H5N1)	1228	637
PA|PP755594.1|A/cattle/Texas/24-008749-003/2024(H5N1)	1229	637
PA|PP755594.1|A/cattle/Texas/24-008749-003/2024(H5N1)	1230	637
PA|PP755594.1|A/cattle/Texas/24-008749-003/2024(H5N1)	1231	626
PA|PP755594.1|A/cattle/Texas/24-008749-003/2024(H5N1)	1232	625
PA|PP755594.1|A/cattle/Texas/24-008749-003/2024(H5N1)	1233	622
PA|PP755594.1|A/cattle/Texas/24-008749-003/2024(H5N1)	1234	619
PA|PP755594.1|A/cattle/Texas/24-008749-003/2024(H5N1)	1235	619
PA|PP755594.1|A/cattle/Texas/24-008749-003/2024(H5N1)	1236	614
PA|PP755594.1|A/cattle/Texas/24-008749-003/2024(H5N1)	1237	603
PA|PP755594.1|A/cattle/Texas/24-008749-003/2024(H5N1)	1238	603
PA|PP755594.1|A/cattle/Texas/24-008749-003/2024(H5N1)	1239	601
PA|PP755594.1|A/cattle/Texas/24-008749-003/2024(H5N1)	1240	601
PA|PP755594.1|A/cattle/Texas/24-008749-003/2024(H5N1)	1241	599
PA|PP755594.1|A/cattle/Texas/24-008749-003/2024(H5N1)	1242	574
PA|PP755594.1|A/cattle/Texas/24-008749-003/2024(H5N1)	1243	574
PA|PP755594.1|A/cattle/Texas/24-008749-003/2024(H5N1)	1244	559
PA|PP755594.1|A/cattle/Texas/24-008749-003/2024(H5N1)	1245	246
PA|PP755594.1|A/cattle/Texas/24-008749-003/2024(H5N1)	1246	246
PA|PP755594.1|A/cattle/Texas/24-008749-003/2024(H5N1)	1247	244
PA|PP755594.1|A/cattle/Texas/24-008749-003/2024(H5N1)	1248	238
PA|PP755594.1|A/cattle/Texas/24-008749-003/2024(H5N1)	1249	236
PA|PP755594.1|A/cattle/Texas/24-008749-003/2024(H5N1)	1250	236
PA|PP755594.1|A/cattle/Texas/24-008749-003/2024(H5N1)	1251	228
PA|PP755594.1|A/cattle/Texas/24-008749-003/2024(H5N1)	1252	226
PA|PP755594.1|A/cattle/Texas/24-008749-003/2024(H5N1)	1253	225
PA|PP755594.1|A/cattle/Texas/24-008749-003/2024(H5N1)	1254	223
PA|PP755594.1|A/cattle/Texas/24-008749-003/2024(H5N1)	1255	223
PA|PP755594.1|A/cattle/Texas/24-008749-003/2024(H5N1)	1256	223
PA|PP755594.1|A/cattle/Texas/24-008749-003/2024(H5N1)	1257	205
PA|PP755594.1|A/cattle/Texas/24-008749-003/2024(H5N1)	1258	205
PA|PP755594.1|A/cattle/Texas/24-008749-003/2024(H5N1)	1259	205
PA|PP755594.1|A/cattle/Texas/24-008749-003/2024(H5N1)	1260	205
PA|PP755594.1|A/cattle/Texas/24-008749-003/2024(H5N1)	1261	205
PA|PP755594.1|A/cattle/Texas/24-008749-003/2024(H5N1)	1262	205
PA|PP755594.1|A/cattle/Texas/24-008749-003/2024(H5N1)	1263	205
PA|PP755594.1|A/cattle/Texas/24-008749-003/2024(H5N1)	1264	206
PA|PP755594.1|A/cattle/Texas/24-008749-003/2024(H5N1)	1265	261
PA|PP755594.1|A/cattle/Texas/24-008749-003/2024(H5N1)	1266	281
PA|PP755594.1|A/cattle/Texas/24-008749-003/2024(H5N1)	1267	281
PA|PP755594.1|A/cattle/Texas/24-008749-003/2024(H5N1)	1268	281
PA|PP755594.1|A/cattle/Texas/24-008749-003/2024(H5N1)	1269	281
PA|PP755594.1|A/cattle/Texas/24-008749-003/2024(H5N1)	1270	292
PA|PP755594.1|A/cattle/Texas/24-008749-003/2024(H5N1)	1271	293
PA|PP755594.1|A/cattle/Texas/24-008749-003/2024(H5N1)	1272	293
PA|PP755594.1|A/cattle/Texas/24-008749-003/2024(H5N1)	1273	293
PA|PP755594.1|A/cattle/Texas/24-008749-003/2024(H5N1)	1274	293
PA|PP755594.1|A/cattle/Texas/24-008749-003/2024(H5N1)	1275	293
PA|PP755594.1|A/cattle/Texas/24-008749-003/2024(H5N1)	1276	293
PA|PP755594.1|A/cattle/Texas/24-008749-003/2024(H5N1)	1277	293
PA|PP755594.1|A/cattle/Texas/24-008749-003/2024(H5N1)	1278	293
PA|PP755594.1|A/cattle/Texas/24-008749-003/2024(H5N1)	1279	293
PA|PP755594.1|A/cattle/Texas/24-008749-003/2024(H5N1)	1280	306
PA|PP755594.1|A/cattle/Texas/24-008749-003/2024(H5N1)	1281	306
PA|PP755594.1|A/cattle/Texas/24-008749-003/2024(H5N1)	1282	531
PA|PP755594.1|A/cattle/Texas/24-008749-003/2024(H5N1)	1283	532
PA|PP755594.1|A/cattle/Texas/24-008749-003/2024(H5N1)	1284	535
PA|PP755594.1|A/cattle/Texas/24-008749-003/2024(H5N1)	1285	549
PA|PP755594.1|A/cattle/Texas/24-008749-003/2024(H5N1)	1286	570
PA|PP755594.1|A/cattle/Texas/24-008749-003/2024(H5N1)	1287	580
PA|PP755594.1|A/cattle/Texas/24-008749-003/2024(H5N1)	1288	583
PA|PP755594.1|A/cattle/Texas/24-008749-003/2024(H5N1)	1289	583
PA|PP755594.1|A/cattle/Texas/24-008749-003/2024(H5N1)	1290	583
PA|PP755594.1|A/cattle/Texas/24-008749-003/2024(H5N1)	1291	583
PA|PP755594.1|A/cattle/Texas/24-008749-003/2024(H5N1)	1292	608
PA|PP755594.1|A/cattle/Texas/24-008749-003/2024(H5N1)	1293	608
PA|PP755594.1|A/cattle/Texas/24-008749-003/2024(H5N1)	1294	608
PA|PP755594.1|A/cattle/Texas/24-008749-003/2024(H5N1)	1295	621
PA|PP755594.1|A/cattle/Texas/24-008749-003/2024(H5N1)	1296	621
PA|PP755594.1|A/cattle/Texas/24-008749-003/2024(H5N1)	1297	621
PA|PP755594.1|A/cattle/Texas/24-008749-003/2024(H5N1)	1298	621
PA|PP755594.1|A/cattle/Texas/24-008749-003/2024(H5N1)	1299	621
PA|PP755594.1|A/cattle/Texas/24-008749-003/2024(H5N1)	1300	621
PA|PP755594.1|A/cattle/Texas/24-008749-003/2024(H5N1)	1301	621
PA|PP755594.1|A/cattle/Texas/24-008749-003/2024(H5N1)	1302	621
PA|PP755594.1|A/cattle/Texas/24-008749-003/2024(H5N1)	1303	629
PA|PP755594.1|A/cattle/Texas/24-008749-003/2024(H5N1)	1304	632
PA|PP755594.1|A/cattle/Texas/24-008749-003/2024(H5N1)	1305	632
PA|PP755594.1|A/cattle/Texas/24-008749-003/2024(H5N1)	1306	642
PA|PP755594.1|A/cattle/Texas/24-008749-003/2024(H5N1)	1307	644
PA|PP755594.1|A/cattle/Texas/24-008749-003/2024(H5N1)	1308	644
PA|PP755594.1|A/cattle/Texas/24-008749-003/2024(H5N1)	1309	644
PA|PP755594.1|A/cattle/Texas/24-008749-003/2024(H5N1)	1310	645
PA|PP755594.1|A/cattle/Texas/24-008749-003/2024(H5N1)	1311	651
PA|PP755594.1|A/cattle/Texas/24-008749-003/2024(H5N1)	1312	651
PA|PP755594.1|A/cattle/Texas/24-008749-003/2024(H5N1)	1313	651
PA|PP755594.1|A/cattle/Texas/24-008749-003/2024(H5N1)	1314	651
PA|PP755594.1|A/cattle/Texas/24-008749-003/2024(H5N1)	1315	651
PA|PP755594.1|A/cattle/Texas/24-008749-003/2024(H5N1)	1316	624
PA|PP755594.1|A/cattle/Texas/24-008749-003/2024(H5N1)	1317	568
PA|PP755594.1|A/cattle/Texas/24-008749-003/2024(H5N1)	1318	568
PA|PP755594.1|A/cattle/Texas/24-008749-003/2024(H5N1)	1319	568
PA|PP755594.1|A/cattle/Texas/24-008749-003/2024(H5N1)	1320	568
PA|PP755594.1|A/cattle/Texas/24-008749-003/2024(H5N1)	1321	568
PA|PP755594.1|A/cattle/Texas/24-008749-003/2024(H5N1)	1322	596
PA|PP755594.1|A/cattle/Texas/24-008749-003/2024(H5N1)	1323	597
PA|PP755594.1|A/cattle/Texas/24-008749-003/2024(H5N1)	1324	599
PA|PP755594.1|A/cattle/Texas/24-008749-003/2024(H5N1)	1325	599
PA|PP755594.1|A/cattle/Texas/24-008749-003/2024(H5N1)	1326	599
PA|PP755594.1|A/cattle/Texas/24-008749-003/2024(H5N1)	1327	599
PA|PP755594.1|A/cattle/Texas/24-008749-003/2024(H5N1)	1328	599
PA|PP755594.1|A/cattle/Texas/24-008749-003/2024(H5N1)	1329	620
PA|PP755594.1|A/cattle/Texas/24-008749-003/2024(H5N1)	1330	621
PA|PP755594.1|A/cattle/Texas/24-008749-003/2024(H5N1)	1331	622
PA|PP755594.1|A/cattle/Texas/24-008749-003/2024(H5N1)	1332	626
PA|PP755594.1|A/cattle/Texas/24-008749-003/2024(H5N1)	1333	631
PA|PP755594.1|A/cattle/Texas/24-008749-003/2024(H5N1)	1334	631
PA|PP755594.1|A/cattle/Texas/24-008749-003/2024(H5N1)	1335	635
PA|PP755594.1|A/cattle/Texas/24-008749-003/2024(H5N1)	1336	635
PA|PP755594.1|A/cattle/Texas/24-008749-003/2024(H5N1)	1337	635
PA|PP755594.1|A/cattle/Texas/24-008749-003/2024(H5N1)	1338	634
PA|PP755594.1|A/cattle/Texas/24-008749-003/2024(H5N1)	1339	634
PA|PP755594.1|A/cattle/Texas/24-008749-003/2024(H5N1)	1340	650
PA|PP755594.1|A/cattle/Texas/24-008749-003/2024(H5N1)	1341	650
PA|PP755594.1|A/cattle/Texas/24-008749-003/2024(H5N1)	1342	645
PA|PP755594.1|A/cattle/Texas/24-008749-003/2024(H5N1)	1343	644
PA|PP755594.1|A/cattle/Texas/24-008749-003/2024(H5N1)	1344	570
PA|PP755594.1|A/cattle/Texas/24-008749-003/2024(H5N1)	1345	574
PA|PP755594.1|A/cattle/Texas/24-008749-003/2024(H5N1)	1346	574
PA|PP755594.1|A/cattle/Texas/24-008749-003/2024(H5N1)	1347	574
PA|PP755594.1|A/cattle/Texas/24-008749-003/2024(H5N1)	1348	579
PA|PP755594.1|A/cattle/Texas/24-008749-003/2024(H5N1)	1349	588
PA|PP755594.1|A/cattle/Texas/24-008749-003/2024(H5N1)	1350	599
PA|PP755594.1|A/cattle/Texas/24-008749-003/2024(H5N1)	1351	613
PA|PP755594.1|A/cattle/Texas/24-008749-003/2024(H5N1)	1352	615
PA|PP755594.1|A/cattle/Texas/24-008749-003/2024(H5N1)	1353	618
PA|PP755594.1|A/cattle/Texas/24-008749-003/2024(H5N1)	1354	622
PA|PP755594.1|A/cattle/Texas/24-008749-003/2024(H5N1)	1355	633
PA|PP755594.1|A/cattle/Texas/24-008749-003/2024(H5N1)	1356	667
PA|PP755594.1|A/cattle/Texas/24-008749-003/2024(H5N1)	1357	669
PA|PP755594.1|A/cattle/Texas/24-008749-003/2024(H5N1)	1358	669
PA|PP755594.1|A/cattle/Texas/24-008749-003/2024(H5N1)	1359	671
PA|PP755594.1|A/cattle/Texas/24-008749-003/2024(H5N1)	1360	664
PA|PP755594.1|A/cattle/Texas/24-008749-003/2024(H5N1)	1361	666
PA|PP755594.1|A/cattle/Texas/24-008749-003/2024(H5N1)	1362	669
PA|PP755594.1|A/cattle/Texas/24-008749-003/2024(H5N1)	1363	672
PA|PP755594.1|A/cattle/Texas/24-008749-003/2024(H5N1)	1364	671
PA|PP755594.1|A/cattle/Texas/24-008749-003/2024(H5N1)	1365	667
PA|PP755594.1|A/cattle/Texas/24-008749-003/2024(H5N1)	1366	677
PA|PP755594.1|A/cattle/Texas/24-008749-003/2024(H5N1)	1367	672
PA|PP755594.1|A/cattle/Texas/24-008749-003/2024(H5N1)	1368	672
PA|PP755594.1|A/cattle/Texas/24-008749-003/2024(H5N1)	1369	674
PA|PP755594.1|A/cattle/Texas/24-008749-003/2024(H5N1)	1370	680
PA|PP755594.1|A/cattle/Texas/24-008749-003/2024(H5N1)	1371	680
PA|PP755594.1|A/cattle/Texas/24-008749-003/2024(H5N1)	1372	680
PA|PP755594.1|A/cattle/Texas/24-008749-003/2024(H5N1)	1373	677
PA|PP755594.1|A/cattle/Texas/24-008749-003/2024(H5N1)	1374	679
PA|PP755594.1|A/cattle/Texas/24-008749-003/2024(H5N1)	1375	668
PA|PP755594.1|A/cattle/Texas/24-008749-003/2024(H5N1)	1376	667
PA|PP755594.1|A/cattle/Texas/24-008749-003/2024(H5N1)	1377	663
PA|PP755594.1|A/cattle/Texas/24-008749-003/2024(H5N1)	1378	662
PA|PP755594.1|A/cattle/Texas/24-008749-003/2024(H5N1)	1379	653
PA|PP755594.1|A/cattle/Texas/24-008749-003/2024(H5N1)	1380	653
PA|PP755594.1|A/cattle/Texas/24-008749-003/2024(H5N1)	1381	653
PA|PP755594.1|A/cattle/Texas/24-008749-003/2024(H5N1)	1382	650
PA|PP755594.1|A/cattle/Texas/24-008749-003/2024(H5N1)	1383	649
PA|PP755594.1|A/cattle/Texas/24-008749-003/2024(H5N1)	1384	633
PA|PP755594.1|A/cattle/Texas/24-008749-003/2024(H5N1)	1385	633
PA|PP755594.1|A/cattle/Texas/24-008749-003/2024(H5N1)	1386	629
PA|PP755594.1|A/cattle/Texas/24-008749-003/2024(H5N1)	1387	629
PA|PP755594.1|A/cattle/Texas/24-008749-003/2024(H5N1)	1388	624
PA|PP755594.1|A/cattle/Texas/24-008749-003/2024(H5N1)	1389	611
PA|PP755594.1|A/cattle/Texas/24-008749-003/2024(H5N1)	1390	609
PA|PP755594.1|A/cattle/Texas/24-008749-003/2024(H5N1)	1391	609
PA|PP755594.1|A/cattle/Texas/24-008749-003/2024(H5N1)	1392	606
PA|PP755594.1|A/cattle/Texas/24-008749-003/2024(H5N1)	1393	605
PA|PP755594.1|A/cattle/Texas/24-008749-003/2024(H5N1)	1394	603
PA|PP755594.1|A/cattle/Texas/24-008749-003/2024(H5N1)	1395	594
PA|PP755594.1|A/cattle/Texas/24-008749-003/2024(H5N1)	1396	587
PA|PP755594.1|A/cattle/Texas/24-008749-003/2024(H5N1)	1397	583
PA|PP755594.1|A/cattle/Texas/24-008749-003/2024(H5N1)	1398	582
PA|PP755594.1|A/cattle/Texas/24-008749-003/2024(H5N1)	1399	582
PA|PP755594.1|A/cattle/Texas/24-008749-003/2024(H5N1)	1400	582
PA|PP755594.1|A/cattle/Texas/24-008749-003/2024(H5N1)	1401	541
PA|PP755594.1|A/cattle/Texas/24-008749-003/2024(H5N1)	1402	538
PA|PP755594.1|A/cattle/Texas/24-008749-003/2024(H5N1)	1403	538
PA|PP755594.1|A/cattle/Texas/24-008749-003/2024(H5N1)	1404	382
PA|PP755594.1|A/cattle/Texas/24-008749-003/2024(H5N1)	1405	377
PA|PP755594.1|A/cattle/Texas/24-008749-003/2024(H5N1)	1406	346
PA|PP755594.1|A/cattle/Texas/24-008749-003/2024(H5N1)	1407	346
PA|PP755594.1|A/cattle/Texas/24-008749-003/2024(H5N1)	1408	346
PA|PP755594.1|A/cattle/Texas/24-008749-003/2024(H5N1)	1409	346
PA|PP755594.1|A/cattle/Texas/24-008749-003/2024(H5N1)	1410	346
PA|PP755594.1|A/cattle/Texas/24-008749-003/2024(H5N1)	1411	346
PA|PP755594.1|A/cattle/Texas/24-008749-003/2024(H5N1)	1412	346
PA|PP755594.1|A/cattle/Texas/24-008749-003/2024(H5N1)	1413	346
PA|PP755594.1|A/cattle/Texas/24-008749-003/2024(H5N1)	1414	346
PA|PP755594.1|A/cattle/Texas/24-008749-003/2024(H5N1)	1415	346
PA|PP755594.1|A/cattle/Texas/24-008749-003/2024(H5N1)	1416	345
PA|PP755594.1|A/cattle/Texas/24-008749-003/2024(H5N1)	1417	345
PA|PP755594.1|A/cattle/Texas/24-008749-003/2024(H5N1)	1418	345
PA|PP755594.1|A/cattle/Texas/24-008749-003/2024(H5N1)	1419	345
PA|PP755594.1|A/cattle/Texas/24-008749-003/2024(H5N1)	1420	345
PA|PP755594.1|A/cattle/Texas/24-008749-003/2024(H5N1)	1421	345
PA|PP755594.1|A/cattle/Texas/24-008749-003/2024(H5N1)	1422	345
PA|PP755594.1|A/cattle/Texas/24-008749-003/2024(H5N1)	1423	345
PA|PP755594.1|A/cattle/Texas/24-008749-003/2024(H5N1)	1424	345
PA|PP755594.1|A/cattle/Texas/24-008749-003/2024(H5N1)	1425	345
PA|PP755594.1|A/cattle/Texas/24-008749-003/2024(H5N1)	1426	591
PA|PP755594.1|A/cattle/Texas/24-008749-003/2024(H5N1)	1427	591
PA|PP755594.1|A/cattle/Texas/24-008749-003/2024(H5N1)	1428	592
PA|PP755594.1|A/cattle/Texas/24-008749-003/2024(H5N1)	1429	597
PA|PP755594.1|A/cattle/Texas/24-008749-003/2024(H5N1)	1430	598
PA|PP755594.1|A/cattle/Texas/24-008749-003/2024(H5N1)	1431	603
PA|PP755594.1|A/cattle/Texas/24-008749-003/2024(H5N1)	1432	605
PA|PP755594.1|A/cattle/Texas/24-008749-003/2024(H5N1)	1433	605
PA|PP755594.1|A/cattle/Texas/24-008749-003/2024(H5N1)	1434	605
PA|PP755594.1|A/cattle/Texas/24-008749-003/2024(H5N1)	1435	584
PA|PP755594.1|A/cattle/Texas/24-008749-003/2024(H5N1)	1436	573
PA|PP755594.1|A/cattle/Texas/24-008749-003/2024(H5N1)	1437	569
PA|PP755594.1|A/cattle/Texas/24-008749-003/2024(H5N1)	1438	564
PA|PP755594.1|A/cattle/Texas/24-008749-003/2024(H5N1)	1439	564
PA|PP755594.1|A/cattle/Texas/24-008749-003/2024(H5N1)	1440	564
PA|PP755594.1|A/cattle/Texas/24-008749-003/2024(H5N1)	1441	560
PA|PP755594.1|A/cattle/Texas/24-008749-003/2024(H5N1)	1442	558
PA|PP755594.1|A/cattle/Texas/24-008749-003/2024(H5N1)	1443	526
PA|PP755594.1|A/cattle/Texas/24-008749-003/2024(H5N1)	1444	526
PA|PP755594.1|A/cattle/Texas/24-008749-003/2024(H5N1)	1445	576
PA|PP755594.1|A/cattle/Texas/24-008749-003/2024(H5N1)	1446	576
PA|PP755594.1|A/cattle/Texas/24-008749-003/2024(H5N1)	1447	576
PA|PP755594.1|A/cattle/Texas/24-008749-003/2024(H5N1)	1448	581
PA|PP755594.1|A/cattle/Texas/24-008749-003/2024(H5N1)	1449	581
PA|PP755594.1|A/cattle/Texas/24-008749-003/2024(H5N1)	1450	598
PA|PP755594.1|A/cattle/Texas/24-008749-003/2024(H5N1)	1451	599
PA|PP755594.1|A/cattle/Texas/24-008749-003/2024(H5N1)	1452	596
PA|PP755594.1|A/cattle/Texas/24-008749-003/2024(H5N1)	1453	593
PA|PP755594.1|A/cattle/Texas/24-008749-003/2024(H5N1)	1454	584
PA|PP755594.1|A/cattle/Texas/24-008749-003/2024(H5N1)	1455	581
PA|PP755594.1|A/cattle/Texas/24-008749-003/2024(H5N1)	1456	581
PA|PP755594.1|A/cattle/Texas/24-008749-003/2024(H5N1)	1457	579
PA|PP755594.1|A/cattle/Texas/24-008749-003/2024(H5N1)	1458	579
PA|PP755594.1|A/cattle/Texas/24-008749-003/2024(H5N1)	1459	579
PA|PP755594.1|A/cattle/Texas/24-008749-003/2024(H5N1)	1460	578
PA|PP755594.1|A/cattle/Texas/24-008749-003/2024(H5N1)	1461	564
PA|PP755594.1|A/cattle/Texas/24-008749-003/2024(H5N1)	1462	564
PA|PP755594.1|A/cattle/Texas/24-008749-003/2024(H5N1)	1463	564
PA|PP755594.1|A/cattle/Texas/24-008749-003/2024(H5N1)	1464	552
PA|PP755594.1|A/cattle/Texas/24-008749-003/2024(H5N1)	1465	552
PA|PP755594.1|A/cattle/Texas/24-008749-003/2024(H5N1)	1466	552
PA|PP755594.1|A/cattle/Texas/24-008749-003/2024(H5N1)	1467	552
PA|PP755594.1|A/cattle/Texas/24-008749-003/2024(H5N1)	1468	548
PA|PP755594.1|A/cattle/Texas/24-008749-003/2024(H5N1)	1469	545
PA|PP755594.1|A/cattle/Texas/24-008749-003/2024(H5N1)	1470	544
PA|PP755594.1|A/cattle/Texas/24-008749-003/2024(H5N1)	1471	558
PA|PP755594.1|A/cattle/Texas/24-008749-003/2024(H5N1)	1472	561
PA|PP755594.1|A/cattle/Texas/24-008749-003/2024(H5N1)	1473	556
PA|PP755594.1|A/cattle/Texas/24-008749-003/2024(H5N1)	1474	609
PA|PP755594.1|A/cattle/Texas/24-008749-003/2024(H5N1)	1475	621
PA|PP755594.1|A/cattle/Texas/24-008749-003/2024(H5N1)	1476	621
PA|PP755594.1|A/cattle/Texas/24-008749-003/2024(H5N1)	1477	622
PA|PP755594.1|A/cattle/Texas/24-008749-003/2024(H5N1)	1478	621
PA|PP755594.1|A/cattle/Texas/24-008749-003/2024(H5N1)	1479	607
PA|PP755594.1|A/cattle/Texas/24-008749-003/2024(H5N1)	1480	600
PA|PP755594.1|A/cattle/Texas/24-008749-003/2024(H5N1)	1481	599
PA|PP755594.1|A/cattle/Texas/24-008749-003/2024(H5N1)	1482	598
PA|PP755594.1|A/cattle/Texas/24-008749-003/2024(H5N1)	1483	589
PA|PP755594.1|A/cattle/Texas/24-008749-003/2024(H5N1)	1484	584
PA|PP755594.1|A/cattle/Texas/24-008749-003/2024(H5N1)	1485	591
PA|PP755594.1|A/cattle/Texas/24-008749-003/2024(H5N1)	1486	588
PA|PP755594.1|A/cattle/Texas/24-008749-003/2024(H5N1)	1487	588
PA|PP755594.1|A/cattle/Texas/24-008749-003/2024(H5N1)	1488	588
PA|PP755594.1|A/cattle/Texas/24-008749-003/2024(H5N1)	1489	586
PA|PP755594.1|A/cattle/Texas/24-008749-003/2024(H5N1)	1490	473
PA|PP755594.1|A/cattle/Texas/24-008749-003/2024(H5N1)	1491	452
PA|PP755594.1|A/cattle/Texas/24-008749-003/2024(H5N1)	1492	452
PA|PP755594.1|A/cattle/Texas/24-008749-003/2024(H5N1)	1493	456
PA|PP755594.1|A/cattle/Texas/24-008749-003/2024(H5N1)	1494	458
PA|PP755594.1|A/cattle/Texas/24-008749-003/2024(H5N1)	1495	462
PA|PP755594.1|A/cattle/Texas/24-008749-003/2024(H5N1)	1496	457
PA|PP755594.1|A/cattle/Texas/24-008749-003/2024(H5N1)	1497	457
PA|PP755594.1|A/cattle/Texas/24-008749-003/2024(H5N1)	1498	470
PA|PP755594.1|A/cattle/Texas/24-008749-003/2024(H5N1)	1499	471
PA|PP755594.1|A/cattle/Texas/24-008749-003/2024(H5N1)	1500	478
PA|PP755594.1|A/cattle/Texas/24-008749-003/2024(H5N1)	1501	555
PA|PP755594.1|A/cattle/Texas/24-008749-003/2024(H5N1)	1502	557
PA|PP755594.1|A/cattle/Texas/24-008749-003/2024(H5N1)	1503	593
PA|PP755594.1|A/cattle/Texas/24-008749-003/2024(H5N1)	1504	596
PA|PP755594.1|A/cattle/Texas/24-008749-003/2024(H5N1)	1505	599
PA|PP755594.1|A/cattle/Texas/24-008749-003/2024(H5N1)	1506	610
PA|PP755594.1|A/cattle/Texas/24-008749-003/2024(H5N1)	1507	612
PA|PP755594.1|A/cattle/Texas/24-008749-003/2024(H5N1)	1508	613
PA|PP755594.1|A/cattle/Texas/24-008749-003/2024(H5N1)	1509	613
PA|PP755594.1|A/cattle/Texas/24-008749-003/2024(H5N1)	1510	623
PA|PP755594.1|A/cattle/Texas/24-008749-003/2024(H5N1)	1511	630
PA|PP755594.1|A/cattle/Texas/24-008749-003/2024(H5N1)	1512	627
PA|PP755594.1|A/cattle/Texas/24-008749-003/2024(H5N1)	1513	629
PA|PP755594.1|A/cattle/Texas/24-008749-003/2024(H5N1)	1514	630
PA|PP755594.1|A/cattle/Texas/24-008749-003/2024(H5N1)	1515	659
PA|PP755594.1|A/cattle/Texas/24-008749-003/2024(H5N1)	1516	661
PA|PP755594.1|A/cattle/Texas/24-008749-003/2024(H5N1)	1517	662
PA|PP755594.1|A/cattle/Texas/24-008749-003/2024(H5N1)	1518	665
PA|PP755594.1|A/cattle/Texas/24-008749-003/2024(H5N1)	1519	665
PA|PP755594.1|A/cattle/Texas/24-008749-003/2024(H5N1)	1520	665
PA|PP755594.1|A/cattle/Texas/24-008749-003/2024(H5N1)	1521	667
PA|PP755594.1|A/cattle/Texas/24-008749-003/2024(H5N1)	1522	665
PA|PP755594.1|A/cattle/Texas/24-008749-003/2024(H5N1)	1523	665
PA|PP755594.1|A/cattle/Texas/24-008749-003/2024(H5N1)	1524	628
PA|PP755594.1|A/cattle/Texas/24-008749-003/2024(H5N1)	1525	631
PA|PP755594.1|A/cattle/Texas/24-008749-003/2024(H5N1)	1526	631
PA|PP755594.1|A/cattle/Texas/24-008749-003/2024(H5N1)	1527	635
PA|PP755594.1|A/cattle/Texas/24-008749-003/2024(H5N1)	1528	664
PA|PP755594.1|A/cattle/Texas/24-008749-003/2024(H5N1)	1529	680
PA|PP755594.1|A/cattle/Texas/24-008749-003/2024(H5N1)	1530	681
PA|PP755594.1|A/cattle/Texas/24-008749-003/2024(H5N1)	1531	681
PA|PP755594.1|A/cattle/Texas/24-008749-003/2024(H5N1)	1532	681
PA|PP755594.1|A/cattle/Texas/24-008749-003/2024(H5N1)	1533	681
PA|PP755594.1|A/cattle/Texas/24-008749-003/2024(H5N1)	1534	684
PA|PP755594.1|A/cattle/Texas/24-008749-003/2024(H5N1)	1535	684
PA|PP755594.1|A/cattle/Texas/24-008749-003/2024(H5N1)	1536	714
PA|PP755594.1|A/cattle/Texas/24-008749-003/2024(H5N1)	1537	715
PA|PP755594.1|A/cattle/Texas/24-008749-003/2024(H5N1)	1538	712
PA|PP755594.1|A/cattle/Texas/24-008749-003/2024(H5N1)	1539	718
PA|PP755594.1|A/cattle/Texas/24-008749-003/2024(H5N1)	1540	716
PA|PP755594.1|A/cattle/Texas/24-008749-003/2024(H5N1)	1541	716
PA|PP755594.1|A/cattle/Texas/24-008749-003/2024(H5N1)	1542	665
PA|PP755594.1|A/cattle/Texas/24-008749-003/2024(H5N1)	1543	668
PA|PP755594.1|A/cattle/Texas/24-008749-003/2024(H5N1)	1544	680
PA|PP755594.1|A/cattle/Texas/24-008749-003/2024(H5N1)	1545	680
PA|PP755594.1|A/cattle/Texas/24-008749-003/2024(H5N1)	1546	680
PA|PP755594.1|A/cattle/Texas/24-008749-003/2024(H5N1)	1547	680
PA|PP755594.1|A/cattle/Texas/24-008749-003/2024(H5N1)	1548	653
PA|PP755594.1|A/cattle/Texas/24-008749-003/2024(H5N1)	1549	652
PA|PP755594.1|A/cattle/Texas/24-008749-003/2024(H5N1)	1550	652
PA|PP755594.1|A/cattle/Texas/24-008749-003/2024(H5N1)	1551	426
PA|PP755594.1|A/cattle/Texas/24-008749-003/2024(H5N1)	1552	426
PA|PP755594.1|A/cattle/Texas/24-008749-003/2024(H5N1)	1553	426
PA|PP755594.1|A/cattle/Texas/24-008749-003/2024(H5N1)	1554	426
PA|PP755594.1|A/cattle/Texas/24-008749-003/2024(H5N1)	1555	426
PA|PP755594.1|A/cattle/Texas/24-008749-003/2024(H5N1)	1556	426
PA|PP755594.1|A/cattle/Texas/24-008749-003/2024(H5N1)	1557	426
PA|PP755594.1|A/cattle/Texas/24-008749-003/2024(H5N1)	1558	426
PA|PP755594.1|A/cattle/Texas/24-008749-003/2024(H5N1)	1559	430
PA|PP755594.1|A/cattle/Texas/24-008749-003/2024(H5N1)	1560	430
PA|PP755594.1|A/cattle/Texas/24-008749-003/2024(H5N1)	1561	430
PA|PP755594.1|A/cattle/Texas/24-008749-003/2024(H5N1)	1562	430
PA|PP755594.1|A/cattle/Texas/24-008749-003/2024(H5N1)	1563	430
PA|PP755594.1|A/cattle/Texas/24-008749-003/2024(H5N1)	1564	431
PA|PP755594.1|A/cattle/Texas/24-008749-003/2024(H5N1)	1565	431
PA|PP755594.1|A/cattle/Texas/24-008749-003/2024(H5N1)	1566	431
PA|PP755594.1|A/cattle/Texas/24-008749-003/2024(H5N1)	1567	431
PA|PP755594.1|A/cattle/Texas/24-008749-003/2024(H5N1)	1568	431
PA|PP755594.1|A/cattle/Texas/24-008749-003/2024(H5N1)	1569	431
PA|PP755594.1|A/cattle/Texas/24-008749-003/2024(H5N1)	1570	431
PA|PP755594.1|A/cattle/Texas/24-008749-003/2024(H5N1)	1571	431
PA|PP755594.1|A/cattle/Texas/24-008749-003/2024(H5N1)	1572	431
PA|PP755594.1|A/cattle/Texas/24-008749-003/2024(H5N1)	1573	432
PA|PP755594.1|A/cattle/Texas/24-008749-003/2024(H5N1)	1574	432
PA|PP755594.1|A/cattle/Texas/24-008749-003/2024(H5N1)	1575	432
PA|PP755594.1|A/cattle/Texas/24-008749-003/2024(H5N1)	1576	434
PA|PP755594.1|A/cattle/Texas/24-008749-003/2024(H5N1)	1577	434
PA|PP755594.1|A/cattle/Texas/24-008749-003/2024(H5N1)	1578	434
PA|PP755594.1|A/cattle/Texas/24-008749-003/2024(H5N1)	1579	437
PA|PP755594.1|A/cattle/Texas/24-008749-003/2024(H5N1)	1580	436
PA|PP755594.1|A/cattle/Texas/24-008749-003/2024(H5N1)	1581	436
PA|PP755594.1|A/cattle/Texas/24-008749-003/2024(H5N1)	1582	437
PA|PP755594.1|A/cattle/Texas/24-008749-003/2024(H5N1)	1583	445
PA|PP755594.1|A/cattle/Texas/24-008749-003/2024(H5N1)	1584	445
PA|PP755594.1|A/cattle/Texas/24-008749-003/2024(H5N1)	1585	445
PA|PP755594.1|A/cattle/Texas/24-008749-003/2024(H5N1)	1586	476
PA|PP755594.1|A/cattle/Texas/24-008749-003/2024(H5N1)	1587	478
PA|PP755594.1|A/cattle/Texas/24-008749-003/2024(H5N1)	1588	504
PA|PP755594.1|A/cattle/Texas/24-008749-003/2024(H5N1)	1589	505
PA|PP755594.1|A/cattle/Texas/24-008749-003/2024(H5N1)	1590	505
PA|PP755594.1|A/cattle/Texas/24-008749-003/2024(H5N1)	1591	505
PA|PP755594.1|A/cattle/Texas/24-008749-003/2024(H5N1)	1592	543
PA|PP755594.1|A/cattle/Texas/24-008749-003/2024(H5N1)	1593	559
PA|PP755594.1|A/cattle/Texas/24-008749-003/2024(H5N1)	1594	562
PA|PP755594.1|A/cattle/Texas/24-008749-003/2024(H5N1)	1595	562
PA|PP755594.1|A/cattle/Texas/24-008749-003/2024(H5N1)	1596	562
PA|PP755594.1|A/cattle/Texas/24-008749-003/2024(H5N1)	1597	585
PA|PP755594.1|A/cattle/Texas/24-008749-003/2024(H5N1)	1598	589
PA|PP755594.1|A/cattle/Texas/24-008749-003/2024(H5N1)	1599	589
PA|PP755594.1|A/cattle/Texas/24-008749-003/2024(H5N1)	1600	699
PA|PP755594.1|A/cattle/Texas/24-008749-003/2024(H5N1)	1601	700
PA|PP755594.1|A/cattle/Texas/24-008749-003/2024(H5N1)	1602	700
PA|PP755594.1|A/cattle/Texas/24-008749-003/2024(H5N1)	1603	705
PA|PP755594.1|A/cattle/Texas/24-008749-003/2024(H5N1)	1604	707
PA|PP755594.1|A/cattle/Texas/24-008749-003/2024(H5N1)	1605	708
PA|PP755594.1|A/cattle/Texas/24-008749-003/2024(H5N1)	1606	708
PA|PP755594.1|A/cattle/Texas/24-008749-003/2024(H5N1)	1607	710
PA|PP755594.1|A/cattle/Texas/24-008749-003/2024(H5N1)	1608	710
PA|PP755594.1|A/cattle/Texas/24-008749-003/2024(H5N1)	1609	727
PA|PP755594.1|A/cattle/Texas/24-008749-003/2024(H5N1)	1610	729
PA|PP755594.1|A/cattle/Texas/24-008749-003/2024(H5N1)	1611	730
PA|PP755594.1|A/cattle/Texas/24-008749-003/2024(H5N1)	1612	733
PA|PP755594.1|A/cattle/Texas/24-008749-003/2024(H5N1)	1613	740
PA|PP755594.1|A/cattle/Texas/24-008749-003/2024(H5N1)	1614	749
PA|PP755594.1|A/cattle/Texas/24-008749-003/2024(H5N1)	1615	735
PA|PP755594.1|A/cattle/Texas/24-008749-003/2024(H5N1)	1616	735
PA|PP755594.1|A/cattle/Texas/24-008749-003/2024(H5N1)	1617	746
PA|PP755594.1|A/cattle/Texas/24-008749-003/2024(H5N1)	1618	747
PA|PP755594.1|A/cattle/Texas/24-008749-003/2024(H5N1)	1619	741
PA|PP755594.1|A/cattle/Texas/24-008749-003/2024(H5N1)	1620	726
PA|PP755594.1|A/cattle/Texas/24-008749-003/2024(H5N1)	1621	710
PA|PP755594.1|A/cattle/Texas/24-008749-003/2024(H5N1)	1622	710
PA|PP755594.1|A/cattle/Texas/24-008749-003/2024(H5N1)	1623	709
PA|PP755594.1|A/cattle/Texas/24-008749-003/2024(H5N1)	1624	709
PA|PP755594.1|A/cattle/Texas/24-008749-003/2024(H5N1)	1625	726
PA|PP755594.1|A/cattle/Texas/24-008749-003/2024(H5N1)	1626	712
PA|PP755594.1|A/cattle/Texas/24-008749-003/2024(H5N1)	1627	711
PA|PP755594.1|A/cattle/Texas/24-008749-003/2024(H5N1)	1628	710
PA|PP755594.1|A/cattle/Texas/24-008749-003/2024(H5N1)	1629	710
PA|PP755594.1|A/cattle/Texas/24-008749-003/2024(H5N1)	1630	709
PA|PP755594.1|A/cattle/Texas/24-008749-003/2024(H5N1)	1631	707
PA|PP755594.1|A/cattle/Texas/24-008749-003/2024(H5N1)	1632	531
PA|PP755594.1|A/cattle/Texas/24-008749-003/2024(H5N1)	1633	531
PA|PP755594.1|A/cattle/Texas/24-008749-003/2024(H5N1)	1634	532
PA|PP755594.1|A/cattle/Texas/24-008749-003/2024(H5N1)	1635	532
PA|PP755594.1|A/cattle/Texas/24-008749-003/2024(H5N1)	1636	595
PA|PP755594.1|A/cattle/Texas/24-008749-003/2024(H5N1)	1637	600
PA|PP755594.1|A/cattle/Texas/24-008749-003/2024(H5N1)	1638	606
PA|PP755594.1|A/cattle/Texas/24-008749-003/2024(H5N1)	1639	608
PA|PP755594.1|A/cattle/Texas/24-008749-003/2024(H5N1)	1640	627
PA|PP755594.1|A/cattle/Texas/24-008749-003/2024(H5N1)	1641	627
PA|PP755594.1|A/cattle/Texas/24-008749-003/2024(H5N1)	1642	629
PA|PP755594.1|A/cattle/Texas/24-008749-003/2024(H5N1)	1643	638
PA|PP755594.1|A/cattle/Texas/24-008749-003/2024(H5N1)	1644	639
PA|PP755594.1|A/cattle/Texas/24-008749-003/2024(H5N1)	1645	682
PA|PP755594.1|A/cattle/Texas/24-008749-003/2024(H5N1)	1646	682
PA|PP755594.1|A/cattle/Texas/24-008749-003/2024(H5N1)	1647	682
PA|PP755594.1|A/cattle/Texas/24-008749-003/2024(H5N1)	1648	667
PA|PP755594.1|A/cattle/Texas/24-008749-003/2024(H5N1)	1649	662
PA|PP755594.1|A/cattle/Texas/24-008749-003/2024(H5N1)	1650	662
PA|PP755594.1|A/cattle/Texas/24-008749-003/2024(H5N1)	1651	664
PA|PP755594.1|A/cattle/Texas/24-008749-003/2024(H5N1)	1652	721
PA|PP755594.1|A/cattle/Texas/24-008749-003/2024(H5N1)	1653	729
PA|PP755594.1|A/cattle/Texas/24-008749-003/2024(H5N1)	1654	732
PA|PP755594.1|A/cattle/Texas/24-008749-003/2024(H5N1)	1655	740
PA|PP755594.1|A/cattle/Texas/24-008749-003/2024(H5N1)	1656	742
PA|PP755594.1|A/cattle/Texas/24-008749-003/2024(H5N1)	1657	776
PA|PP755594.1|A/cattle/Texas/24-008749-003/2024(H5N1)	1658	776
PA|PP755594.1|A/cattle/Texas/24-008749-003/2024(H5N1)	1659	776
PA|PP755594.1|A/cattle/Texas/24-008749-003/2024(H5N1)	1660	776
PA|PP755594.1|A/cattle/Texas/24-008749-003/2024(H5N1)	1661	768
PA|PP755594.1|A/cattle/Texas/24-008749-003/2024(H5N1)	1662	763
PA|PP755594.1|A/cattle/Texas/24-008749-003/2024(H5N1)	1663	771
PA|PP755594.1|A/cattle/Texas/24-008749-003/2024(H5N1)	1664	774
PA|PP755594.1|A/cattle/Texas/24-008749-003/2024(H5N1)	1665	773
PA|PP755594.1|A/cattle/Texas/24-008749-003/2024(H5N1)	1666	742
PA|PP755594.1|A/cattle/Texas/24-008749-003/2024(H5N1)	1667	741
PA|PP755594.1|A/cattle/Texas/24-008749-003/2024(H5N1)	1668	740
PA|PP755594.1|A/cattle/Texas/24-008749-003/2024(H5N1)	1669	739
PA|PP755594.1|A/cattle/Texas/24-008749-003/2024(H5N1)	1670	739
PA|PP755594.1|A/cattle/Texas/24-008749-003/2024(H5N1)	1671	738
PA|PP755594.1|A/cattle/Texas/24-008749-003/2024(H5N1)	1672	735
PA|PP755594.1|A/cattle/Texas/24-008749-003/2024(H5N1)	1673	683
PA|PP755594.1|A/cattle/Texas/24-008749-003/2024(H5N1)	1674	683
PA|PP755594.1|A/cattle/Texas/24-008749-003/2024(H5N1)	1675	684
PA|PP755594.1|A/cattle/Texas/24-008749-003/2024(H5N1)	1676	684
PA|PP755594.1|A/cattle/Texas/24-008749-003/2024(H5N1)	1677	685
PA|PP755594.1|A/cattle/Texas/24-008749-003/2024(H5N1)	1678	734
PA|PP755594.1|A/cattle/Texas/24-008749-003/2024(H5N1)	1679	738
PA|PP755594.1|A/cattle/Texas/24-008749-003/2024(H5N1)	1680	738
PA|PP755594.1|A/cattle/Texas/24-008749-003/2024(H5N1)	1681	747
PA|PP755594.1|A/cattle/Texas/24-008749-003/2024(H5N1)	1682	747
PA|PP755594.1|A/cattle/Texas/24-008749-003/2024(H5N1)	1683	751
PA|PP755594.1|A/cattle/Texas/24-008749-003/2024(H5N1)	1684	749
PA|PP755594.1|A/cattle/Texas/24-008749-003/2024(H5N1)	1685	751
PA|PP755594.1|A/cattle/Texas/24-008749-003/2024(H5N1)	1686	732
PA|PP755594.1|A/cattle/Texas/24-008749-003/2024(H5N1)	1687	721
PA|PP755594.1|A/cattle/Texas/24-008749-003/2024(H5N1)	1688	720
PA|PP755594.1|A/cattle/Texas/24-008749-003/2024(H5N1)	1689	723
PA|PP755594.1|A/cattle/Texas/24-008749-003/2024(H5N1)	1690	715
PA|PP755594.1|A/cattle/Texas/24-008749-003/2024(H5N1)	1691	715
PA|PP755594.1|A/cattle/Texas/24-008749-003/2024(H5N1)	1692	707
PA|PP755594.1|A/cattle/Texas/24-008749-003/2024(H5N1)	1693	705
PA|PP755594.1|A/cattle/Texas/24-008749-003/2024(H5N1)	1694	702
PA|PP755594.1|A/cattle/Texas/24-008749-003/2024(H5N1)	1695	660
PA|PP755594.1|A/cattle/Texas/24-008749-003/2024(H5N1)	1696	657
PA|PP755594.1|A/cattle/Texas/24-008749-003/2024(H5N1)	1697	656
PA|PP755594.1|A/cattle/Texas/24-008749-003/2024(H5N1)	1698	654
PA|PP755594.1|A/cattle/Texas/24-008749-003/2024(H5N1)	1699	654
PA|PP755594.1|A/cattle/Texas/24-008749-003/2024(H5N1)	1700	655
PA|PP755594.1|A/cattle/Texas/24-008749-003/2024(H5N1)	1701	648
PA|PP755594.1|A/cattle/Texas/24-008749-003/2024(H5N1)	1702	639
PA|PP755594.1|A/cattle/Texas/24-008749-003/2024(H5N1)	1703	639
PA|PP755594.1|A/cattle/Texas/24-008749-003/2024(H5N1)	1704	638
PA|PP755594.1|A/cattle/Texas/24-008749-003/2024(H5N1)	1705	638
PA|PP755594.1|A/cattle/Texas/24-008749-003/2024(H5N1)	1706	633
PA|PP755594.1|A/cattle/Texas/24-008749-003/2024(H5N1)	1707	630
PA|PP755594.1|A/cattle/Texas/24-008749-003/2024(H5N1)	1708	631
PA|PP755594.1|A/cattle/Texas/24-008749-003/2024(H5N1)	1709	634
PA|PP755594.1|A/cattle/Texas/24-008749-003/2024(H5N1)	1710	638
PA|PP755594.1|A/cattle/Texas/24-008749-003/2024(H5N1)	1711	693
PA|PP755594.1|A/cattle/Texas/24-008749-003/2024(H5N1)	1712	695
PA|PP755594.1|A/cattle/Texas/24-008749-003/2024(H5N1)	1713	695
PA|PP755594.1|A/cattle/Texas/24-008749-003/2024(H5N1)	1714	695
PA|PP755594.1|A/cattle/Texas/24-008749-003/2024(H5N1)	1715	705
PA|PP755594.1|A/cattle/Texas/24-008749-003/2024(H5N1)	1716	691
PA|PP755594.1|A/cattle/Texas/24-008749-003/2024(H5N1)	1717	699
PA|PP755594.1|A/cattle/Texas/24-008749-003/2024(H5N1)	1718	699
PA|PP755594.1|A/cattle/Texas/24-008749-003/2024(H5N1)	1719	702
PA|PP755594.1|A/cattle/Texas/24-008749-003/2024(H5N1)	1720	703
PA|PP755594.1|A/cattle/Texas/24-008749-003/2024(H5N1)	1721	700
PA|PP755594.1|A/cattle/Texas/24-008749-003/2024(H5N1)	1722	700
PA|PP755594.1|A/cattle/Texas/24-008749-003/2024(H5N1)	1723	702
PA|PP755594.1|A/cattle/Texas/24-008749-003/2024(H5N1)	1724	703
PA|PP755594.1|A/cattle/Texas/24-008749-003/2024(H5N1)	1725	712
PA|PP755594.1|A/cattle/Texas/24-008749-003/2024(H5N1)	1726	713
PA|PP755594.1|A/cattle/Texas/24-008749-003/2024(H5N1)	1727	719
PA|PP755594.1|A/cattle/Texas/24-008749-003/2024(H5N1)	1728	721
PA|PP755594.1|A/cattle/Texas/24-008749-003/2024(H5N1)	1729	729
PA|PP755594.1|A/cattle/Texas/24-008749-003/2024(H5N1)	1730	763
PA|PP755594.1|A/cattle/Texas/24-008749-003/2024(H5N1)	1731	795
PA|PP755594.1|A/cattle/Texas/24-008749-003/2024(H5N1)	1732	799
PA|PP755594.1|A/cattle/Texas/24-008749-003/2024(H5N1)	1733	816
PA|PP755594.1|A/cattle/Texas/24-008749-003/2024(H5N1)	1734	809
PA|PP755594.1|A/cattle/Texas/24-008749-003/2024(H5N1)	1735	816
PA|PP755594.1|A/cattle/Texas/24-008749-003/2024(H5N1)	1736	816
PA|PP755594.1|A/cattle/Texas/24-008749-003/2024(H5N1)	1737	789
PA|PP755594.1|A/cattle/Texas/24-008749-003/2024(H5N1)	1738	810
PA|PP755594.1|A/cattle/Texas/24-008749-003/2024(H5N1)	1739	795
PA|PP755594.1|A/cattle/Texas/24-008749-003/2024(H5N1)	1740	801
PA|PP755594.1|A/cattle/Texas/24-008749-003/2024(H5N1)	1741	809
PA|PP755594.1|A/cattle/Texas/24-008749-003/2024(H5N1)	1742	792
PA|PP755594.1|A/cattle/Texas/24-008749-003/2024(H5N1)	1743	757
PA|PP755594.1|A/cattle/Texas/24-008749-003/2024(H5N1)	1744	759
PA|PP755594.1|A/cattle/Texas/24-008749-003/2024(H5N1)	1745	769
PA|PP755594.1|A/cattle/Texas/24-008749-003/2024(H5N1)	1746	771
PA|PP755594.1|A/cattle/Texas/24-008749-003/2024(H5N1)	1747	752
PA|PP755594.1|A/cattle/Texas/24-008749-003/2024(H5N1)	1748	752
PA|PP755594.1|A/cattle/Texas/24-008749-003/2024(H5N1)	1749	751
PA|PP755594.1|A/cattle/Texas/24-008749-003/2024(H5N1)	1750	752
PA|PP755594.1|A/cattle/Texas/24-008749-003/2024(H5N1)	1751	772
PA|PP755594.1|A/cattle/Texas/24-008749-003/2024(H5N1)	1752	771
PA|PP755594.1|A/cattle/Texas/24-008749-003/2024(H5N1)	1753	779
PA|PP755594.1|A/cattle/Texas/24-008749-003/2024(H5N1)	1754	774
PA|PP755594.1|A/cattle/Texas/24-008749-003/2024(H5N1)	1755	778
PA|PP755594.1|A/cattle/Texas/24-008749-003/2024(H5N1)	1756	789
PA|PP755594.1|A/cattle/Texas/24-008749-003/2024(H5N1)	1757	789
PA|PP755594.1|A/cattle/Texas/24-008749-003/2024(H5N1)	1758	791
PA|PP755594.1|A/cattle/Texas/24-008749-003/2024(H5N1)	1759	791
PA|PP755594.1|A/cattle/Texas/24-008749-003/2024(H5N1)	1760	775
PA|PP755594.1|A/cattle/Texas/24-008749-003/2024(H5N1)	1761	773
PA|PP755594.1|A/cattle/Texas/24-008749-003/2024(H5N1)	1762	773
PA|PP755594.1|A/cattle/Texas/24-008749-003/2024(H5N1)	1763	847
PA|PP755594.1|A/cattle/Texas/24-008749-003/2024(H5N1)	1764	842
PA|PP755594.1|A/cattle/Texas/24-008749-003/2024(H5N1)	1765	853
PA|PP755594.1|A/cattle/Texas/24-008749-003/2024(H5N1)	1766	895
PA|PP755594.1|A/cattle/Texas/24-008749-003/2024(H5N1)	1767	895
PA|PP755594.1|A/cattle/Texas/24-008749-003/2024(H5N1)	1768	904
PA|PP755594.1|A/cattle/Texas/24-008749-003/2024(H5N1)	1769	903
PA|PP755594.1|A/cattle/Texas/24-008749-003/2024(H5N1)	1770	903
PA|PP755594.1|A/cattle/Texas/24-008749-003/2024(H5N1)	1771	904
PA|PP755594.1|A/cattle/Texas/24-008749-003/2024(H5N1)	1772	873
PA|PP755594.1|A/cattle/Texas/24-008749-003/2024(H5N1)	1773	876
PA|PP755594.1|A/cattle/Texas/24-008749-003/2024(H5N1)	1774	868
PA|PP755594.1|A/cattle/Texas/24-008749-003/2024(H5N1)	1775	868
PA|PP755594.1|A/cattle/Texas/24-008749-003/2024(H5N1)	1776	852
PA|PP755594.1|A/cattle/Texas/24-008749-003/2024(H5N1)	1777	853
PA|PP755594.1|A/cattle/Texas/24-008749-003/2024(H5N1)	1778	852
PA|PP755594.1|A/cattle/Texas/24-008749-003/2024(H5N1)	1779	862
PA|PP755594.1|A/cattle/Texas/24-008749-003/2024(H5N1)	1780	859
PA|PP755594.1|A/cattle/Texas/24-008749-003/2024(H5N1)	1781	866
PA|PP755594.1|A/cattle/Texas/24-008749-003/2024(H5N1)	1782	857
PA|PP755594.1|A/cattle/Texas/24-008749-003/2024(H5N1)	1783	854
PA|PP755594.1|A/cattle/Texas/24-008749-003/2024(H5N1)	1784	850
PA|PP755594.1|A/cattle/Texas/24-008749-003/2024(H5N1)	1785	865
PA|PP755594.1|A/cattle/Texas/24-008749-003/2024(H5N1)	1786	868
PA|PP755594.1|A/cattle/Texas/24-008749-003/2024(H5N1)	1787	864
PA|PP755594.1|A/cattle/Texas/24-008749-003/2024(H5N1)	1788	851
PA|PP755594.1|A/cattle/Texas/24-008749-003/2024(H5N1)	1789	852
PA|PP755594.1|A/cattle/Texas/24-008749-003/2024(H5N1)	1790	845
PA|PP755594.1|A/cattle/Texas/24-008749-003/2024(H5N1)	1791	838
PA|PP755594.1|A/cattle/Texas/24-008749-003/2024(H5N1)	1792	850
PA|PP755594.1|A/cattle/Texas/24-008749-003/2024(H5N1)	1793	848
PA|PP755594.1|A/cattle/Texas/24-008749-003/2024(H5N1)	1794	833
PA|PP755594.1|A/cattle/Texas/24-008749-003/2024(H5N1)	1795	833
PA|PP755594.1|A/cattle/Texas/24-008749-003/2024(H5N1)	1796	790
PA|PP755594.1|A/cattle/Texas/24-008749-003/2024(H5N1)	1797	790
PA|PP755594.1|A/cattle/Texas/24-008749-003/2024(H5N1)	1798	784
PA|PP755594.1|A/cattle/Texas/24-008749-003/2024(H5N1)	1799	782
PA|PP755594.1|A/cattle/Texas/24-008749-003/2024(H5N1)	1800	775
PA|PP755594.1|A/cattle/Texas/24-008749-003/2024(H5N1)	1801	846
PA|PP755594.1|A/cattle/Texas/24-008749-003/2024(H5N1)	1802	840
PA|PP755594.1|A/cattle/Texas/24-008749-003/2024(H5N1)	1803	838
PA|PP755594.1|A/cattle/Texas/24-008749-003/2024(H5N1)	1804	838
PA|PP755594.1|A/cattle/Texas/24-008749-003/2024(H5N1)	1805	835
PA|PP755594.1|A/cattle/Texas/24-008749-003/2024(H5N1)	1806	834
PA|PP755594.1|A/cattle/Texas/24-008749-003/2024(H5N1)	1807	833
PA|PP755594.1|A/cattle/Texas/24-008749-003/2024(H5N1)	1808	800
PA|PP755594.1|A/cattle/Texas/24-008749-003/2024(H5N1)	1809	799
PA|PP755594.1|A/cattle/Texas/24-008749-003/2024(H5N1)	1810	799
PA|PP755594.1|A/cattle/Texas/24-008749-003/2024(H5N1)	1811	799
PA|PP755594.1|A/cattle/Texas/24-008749-003/2024(H5N1)	1812	720
PA|PP755594.1|A/cattle/Texas/24-008749-003/2024(H5N1)	1813	718
PA|PP755594.1|A/cattle/Texas/24-008749-003/2024(H5N1)	1814	709
PA|PP755594.1|A/cattle/Texas/24-008749-003/2024(H5N1)	1815	707
PA|PP755594.1|A/cattle/Texas/24-008749-003/2024(H5N1)	1816	707
PA|PP755594.1|A/cattle/Texas/24-008749-003/2024(H5N1)	1817	707
PA|PP755594.1|A/cattle/Texas/24-008749-003/2024(H5N1)	1818	706
PA|PP755594.1|A/cattle/Texas/24-008749-003/2024(H5N1)	1819	700
PA|PP755594.1|A/cattle/Texas/24-008749-003/2024(H5N1)	1820	688
PA|PP755594.1|A/cattle/Texas/24-008749-003/2024(H5N1)	1821	682
PA|PP755594.1|A/cattle/Texas/24-008749-003/2024(H5N1)	1822	670
PA|PP755594.1|A/cattle/Texas/24-008749-003/2024(H5N1)	1823	669
PA|PP755594.1|A/cattle/Texas/24-008749-003/2024(H5N1)	1824	667
PA|PP755594.1|A/cattle/Texas/24-008749-003/2024(H5N1)	1825	667
PA|PP755594.1|A/cattle/Texas/24-008749-003/2024(H5N1)	1826	667
PA|PP755594.1|A/cattle/Texas/24-008749-003/2024(H5N1)	1827	667
PA|PP755594.1|A/cattle/Texas/24-008749-003/2024(H5N1)	1828	697
PA|PP755594.1|A/cattle/Texas/24-008749-003/2024(H5N1)	1829	697
PA|PP755594.1|A/cattle/Texas/24-008749-003/2024(H5N1)	1830	697
PA|PP755594.1|A/cattle/Texas/24-008749-003/2024(H5N1)	1831	697
PA|PP755594.1|A/cattle/Texas/24-008749-003/2024(H5N1)	1832	697
PA|PP755594.1|A/cattle/Texas/24-008749-003/2024(H5N1)	1833	697
PA|PP755594.1|A/cattle/Texas/24-008749-003/2024(H5N1)	1834	697
PA|PP755594.1|A/cattle/Texas/24-008749-003/2024(H5N1)	1835	697
PA|PP755594.1|A/cattle/Texas/24-008749-003/2024(H5N1)	1836	697
PA|PP755594.1|A/cattle/Texas/24-008749-003/2024(H5N1)	1837	697
PA|PP755594.1|A/cattle/Texas/24-008749-003/2024(H5N1)	1838	694
PA|PP755594.1|A/cattle/Texas/24-008749-003/2024(H5N1)	1839	693
PA|PP755594.1|A/cattle/Texas/24-008749-003/2024(H5N1)	1840	693
PA|PP755594.1|A/cattle/Texas/24-008749-003/2024(H5N1)	1841	693
PA|PP755594.1|A/cattle/Texas/24-008749-003/2024(H5N1)	1842	693
PA|PP755594.1|A/cattle/Texas/24-008749-003/2024(H5N1)	1843	693
PA|PP755594.1|A/cattle/Texas/24-008749-003/2024(H5N1)	1844	684
PA|PP755594.1|A/cattle/Texas/24-008749-003/2024(H5N1)	1845	684
PA|PP755594.1|A/cattle/Texas/24-008749-003/2024(H5N1)	1846	684
PA|PP755594.1|A/cattle/Texas/24-008749-003/2024(H5N1)	1847	684
PA|PP755594.1|A/cattle/Texas/24-008749-003/2024(H5N1)	1848	680
PA|PP755594.1|A/cattle/Texas/24-008749-003/2024(H5N1)	1849	750
PA|PP755594.1|A/cattle/Texas/24-008749-003/2024(H5N1)	1850	750
PA|PP755594.1|A/cattle/Texas/24-008749-003/2024(H5N1)	1851	750
PA|PP755594.1|A/cattle/Texas/24-008749-003/2024(H5N1)	1852	750
PA|PP755594.1|A/cattle/Texas/24-008749-003/2024(H5N1)	1853	740
PA|PP755594.1|A/cattle/Texas/24-008749-003/2024(H5N1)	1854	738
PA|PP755594.1|A/cattle/Texas/24-008749-003/2024(H5N1)	1855	750
PA|PP755594.1|A/cattle/Texas/24-008749-003/2024(H5N1)	1856	751
PA|PP755594.1|A/cattle/Texas/24-008749-003/2024(H5N1)	1857	753
PA|PP755594.1|A/cattle/Texas/24-008749-003/2024(H5N1)	1858	768
PA|PP755594.1|A/cattle/Texas/24-008749-003/2024(H5N1)	1859	771
PA|PP755594.1|A/cattle/Texas/24-008749-003/2024(H5N1)	1860	771
PA|PP755594.1|A/cattle/Texas/24-008749-003/2024(H5N1)	1861	776
PA|PP755594.1|A/cattle/Texas/24-008749-003/2024(H5N1)	1862	776
PA|PP755594.1|A/cattle/Texas/24-008749-003/2024(H5N1)	1863	776
PA|PP755594.1|A/cattle/Texas/24-008749-003/2024(H5N1)	1864	777
PA|PP755594.1|A/cattle/Texas/24-008749-003/2024(H5N1)	1865	783
PA|PP755594.1|A/cattle/Texas/24-008749-003/2024(H5N1)	1866	773
PA|PP755594.1|A/cattle/Texas/24-008749-003/2024(H5N1)	1867	773
PA|PP755594.1|A/cattle/Texas/24-008749-003/2024(H5N1)	1868	768
PA|PP755594.1|A/cattle/Texas/24-008749-003/2024(H5N1)	1869	768
PA|PP755594.1|A/cattle/Texas/24-008749-003/2024(H5N1)	1870	767
PA|PP755594.1|A/cattle/Texas/24-008749-003/2024(H5N1)	1871	772
PA|PP755594.1|A/cattle/Texas/24-008749-003/2024(H5N1)	1872	813
PA|PP755594.1|A/cattle/Texas/24-008749-003/2024(H5N1)	1873	812
PA|PP755594.1|A/cattle/Texas/24-008749-003/2024(H5N1)	1874	814
PA|PP755594.1|A/cattle/Texas/24-008749-003/2024(H5N1)	1875	804
PA|PP755594.1|A/cattle/Texas/24-008749-003/2024(H5N1)	1876	798
PA|PP755594.1|A/cattle/Texas/24-008749-003/2024(H5N1)	1877	800
PA|PP755594.1|A/cattle/Texas/24-008749-003/2024(H5N1)	1878	803
PA|PP755594.1|A/cattle/Texas/24-008749-003/2024(H5N1)	1879	809
PA|PP755594.1|A/cattle/Texas/24-008749-003/2024(H5N1)	1880	818
PA|PP755594.1|A/cattle/Texas/24-008749-003/2024(H5N1)	1881	765
PA|PP755594.1|A/cattle/Texas/24-008749-003/2024(H5N1)	1882	758
PA|PP755594.1|A/cattle/Texas/24-008749-003/2024(H5N1)	1883	781
PA|PP755594.1|A/cattle/Texas/24-008749-003/2024(H5N1)	1884	766
PA|PP755594.1|A/cattle/Texas/24-008749-003/2024(H5N1)	1885	770
PA|PP755594.1|A/cattle/Texas/24-008749-003/2024(H5N1)	1886	764
PA|PP755594.1|A/cattle/Texas/24-008749-003/2024(H5N1)	1887	767
PA|PP755594.1|A/cattle/Texas/24-008749-003/2024(H5N1)	1888	756
PA|PP755594.1|A/cattle/Texas/24-008749-003/2024(H5N1)	1889	733
PA|PP755594.1|A/cattle/Texas/24-008749-003/2024(H5N1)	1890	724
PA|PP755594.1|A/cattle/Texas/24-008749-003/2024(H5N1)	1891	714
PA|PP755594.1|A/cattle/Texas/24-008749-003/2024(H5N1)	1892	713
PA|PP755594.1|A/cattle/Texas/24-008749-003/2024(H5N1)	1893	710
PA|PP755594.1|A/cattle/Texas/24-008749-003/2024(H5N1)	1894	706
PA|PP755594.1|A/cattle/Texas/24-008749-003/2024(H5N1)	1895	701
PA|PP755594.1|A/cattle/Texas/24-008749-003/2024(H5N1)	1896	697
PA|PP755594.1|A/cattle/Texas/24-008749-003/2024(H5N1)	1897	714
PA|PP755594.1|A/cattle/Texas/24-008749-003/2024(H5N1)	1898	714
PA|PP755594.1|A/cattle/Texas/24-008749-003/2024(H5N1)	1899	713
PA|PP755594.1|A/cattle/Texas/24-008749-003/2024(H5N1)	1900	715
PA|PP755594.1|A/cattle/Texas/24-008749-003/2024(H5N1)	1901	714
PA|PP755594.1|A/cattle/Texas/24-008749-003/2024(H5N1)	1902	693
PA|PP755594.1|A/cattle/Texas/24-008749-003/2024(H5N1)	1903	698
PA|PP755594.1|A/cattle/Texas/24-008749-003/2024(H5N1)	1904	690
PA|PP755594.1|A/cattle/Texas/24-008749-003/2024(H5N1)	1905	719
PA|PP755594.1|A/cattle/Texas/24-008749-003/2024(H5N1)	1906	717
PA|PP755594.1|A/cattle/Texas/24-008749-003/2024(H5N1)	1907	706
PA|PP755594.1|A/cattle/Texas/24-008749-003/2024(H5N1)	1908	726
PA|PP755594.1|A/cattle/Texas/24-008749-003/2024(H5N1)	1909	724
PA|PP755594.1|A/cattle/Texas/24-008749-003/2024(H5N1)	1910	729
PA|PP755594.1|A/cattle/Texas/24-008749-003/2024(H5N1)	1911	728
PA|PP755594.1|A/cattle/Texas/24-008749-003/2024(H5N1)	1912	727
PA|PP755594.1|A/cattle/Texas/24-008749-003/2024(H5N1)	1913	729
PA|PP755594.1|A/cattle/Texas/24-008749-003/2024(H5N1)	1914	650
PA|PP755594.1|A/cattle/Texas/24-008749-003/2024(H5N1)	1915	647
PA|PP755594.1|A/cattle/Texas/24-008749-003/2024(H5N1)	1916	631
PA|PP755594.1|A/cattle/Texas/24-008749-003/2024(H5N1)	1917	495
PA|PP755594.1|A/cattle/Texas/24-008749-003/2024(H5N1)	1918	493
PA|PP755594.1|A/cattle/Texas/24-008749-003/2024(H5N1)	1919	493
PA|PP755594.1|A/cattle/Texas/24-008749-003/2024(H5N1)	1920	493
PA|PP755594.1|A/cattle/Texas/24-008749-003/2024(H5N1)	1921	498
PA|PP755594.1|A/cattle/Texas/24-008749-003/2024(H5N1)	1922	498
PA|PP755594.1|A/cattle/Texas/24-008749-003/2024(H5N1)	1923	500
PA|PP755594.1|A/cattle/Texas/24-008749-003/2024(H5N1)	1924	547
PA|PP755594.1|A/cattle/Texas/24-008749-003/2024(H5N1)	1925	560
PA|PP755594.1|A/cattle/Texas/24-008749-003/2024(H5N1)	1926	635
PA|PP755594.1|A/cattle/Texas/24-008749-003/2024(H5N1)	1927	636
PA|PP755594.1|A/cattle/Texas/24-008749-003/2024(H5N1)	1928	638
PA|PP755594.1|A/cattle/Texas/24-008749-003/2024(H5N1)	1929	639
PA|PP755594.1|A/cattle/Texas/24-008749-003/2024(H5N1)	1930	641
PA|PP755594.1|A/cattle/Texas/24-008749-003/2024(H5N1)	1931	641
PA|PP755594.1|A/cattle/Texas/24-008749-003/2024(H5N1)	1932	641
PA|PP755594.1|A/cattle/Texas/24-008749-003/2024(H5N1)	1933	664
PA|PP755594.1|A/cattle/Texas/24-008749-003/2024(H5N1)	1934	671
PA|PP755594.1|A/cattle/Texas/24-008749-003/2024(H5N1)	1935	677
PA|PP755594.1|A/cattle/Texas/24-008749-003/2024(H5N1)	1936	678
PA|PP755594.1|A/cattle/Texas/24-008749-003/2024(H5N1)	1937	679
PA|PP755594.1|A/cattle/Texas/24-008749-003/2024(H5N1)	1938	680
PA|PP755594.1|A/cattle/Texas/24-008749-003/2024(H5N1)	1939	680
PA|PP755594.1|A/cattle/Texas/24-008749-003/2024(H5N1)	1940	680
PA|PP755594.1|A/cattle/Texas/24-008749-003/2024(H5N1)	1941	680
PA|PP755594.1|A/cattle/Texas/24-008749-003/2024(H5N1)	1942	680
PA|PP755594.1|A/cattle/Texas/24-008749-003/2024(H5N1)	1943	680
PA|PP755594.1|A/cattle/Texas/24-008749-003/2024(H5N1)	1944	668
PA|PP755594.1|A/cattle/Texas/24-008749-003/2024(H5N1)	1945	675
PA|PP755594.1|A/cattle/Texas/24-008749-003/2024(H5N1)	1946	675
PA|PP755594.1|A/cattle/Texas/24-008749-003/2024(H5N1)	1947	675
PA|PP755594.1|A/cattle/Texas/24-008749-003/2024(H5N1)	1948	675
PA|PP755594.1|A/cattle/Texas/24-008749-003/2024(H5N1)	1949	675
PA|PP755594.1|A/cattle/Texas/24-008749-003/2024(H5N1)	1950	573
PA|PP755594.1|A/cattle/Texas/24-008749-003/2024(H5N1)	1951	573
PA|PP755594.1|A/cattle/Texas/24-008749-003/2024(H5N1)	1952	573
PA|PP755594.1|A/cattle/Texas/24-008749-003/2024(H5N1)	1953	573
PA|PP755594.1|A/cattle/Texas/24-008749-003/2024(H5N1)	1954	573
PA|PP755594.1|A/cattle/Texas/24-008749-003/2024(H5N1)	1955	573
PA|PP755594.1|A/cattle/Texas/24-008749-003/2024(H5N1)	1956	480
PA|PP755594.1|A/cattle/Texas/24-008749-003/2024(H5N1)	1957	480
PA|PP755594.1|A/cattle/Texas/24-008749-003/2024(H5N1)	1958	480
PA|PP755594.1|A/cattle/Texas/24-008749-003/2024(H5N1)	1959	480
PA|PP755594.1|A/cattle/Texas/24-008749-003/2024(H5N1)	1960	480
PA|PP755594.1|A/cattle/Texas/24-008749-003/2024(H5N1)	1961	489
PA|PP755594.1|A/cattle/Texas/24-008749-003/2024(H5N1)	1962	489
PA|PP755594.1|A/cattle/Texas/24-008749-003/2024(H5N1)	1963	489
PA|PP755594.1|A/cattle/Texas/24-008749-003/2024(H5N1)	1964	489
PA|PP755594.1|A/cattle/Texas/24-008749-003/2024(H5N1)	1965	489
PA|PP755594.1|A/cattle/Texas/24-008749-003/2024(H5N1)	1966	489
PA|PP755594.1|A/cattle/Texas/24-008749-003/2024(H5N1)	1967	489
PA|PP755594.1|A/cattle/Texas/24-008749-003/2024(H5N1)	1968	489
PA|PP755594.1|A/cattle/Texas/24-008749-003/2024(H5N1)	1969	490
PA|PP755594.1|A/cattle/Texas/24-008749-003/2024(H5N1)	1970	492
PA|PP755594.1|A/cattle/Texas/24-008749-003/2024(H5N1)	1971	493
PA|PP755594.1|A/cattle/Texas/24-008749-003/2024(H5N1)	1972	611
PA|PP755594.1|A/cattle/Texas/24-008749-003/2024(H5N1)	1973	611
PA|PP755594.1|A/cattle/Texas/24-008749-003/2024(H5N1)	1974	616
PA|PP755594.1|A/cattle/Texas/24-008749-003/2024(H5N1)	1975	618
PA|PP755594.1|A/cattle/Texas/24-008749-003/2024(H5N1)	1976	618
PA|PP755594.1|A/cattle/Texas/24-008749-003/2024(H5N1)	1977	618
PA|PP755594.1|A/cattle/Texas/24-008749-003/2024(H5N1)	1978	618
PA|PP755594.1|A/cattle/Texas/24-008749-003/2024(H5N1)	1979	618
PA|PP755594.1|A/cattle/Texas/24-008749-003/2024(H5N1)	1980	618
PA|PP755594.1|A/cattle/Texas/24-008749-003/2024(H5N1)	1981	620
PA|PP755594.1|A/cattle/Texas/24-008749-003/2024(H5N1)	1982	623
PA|PP755594.1|A/cattle/Texas/24-008749-003/2024(H5N1)	1983	624
PA|PP755594.1|A/cattle/Texas/24-008749-003/2024(H5N1)	1984	624
PA|PP755594.1|A/cattle/Texas/24-008749-003/2024(H5N1)	1985	624
PA|PP755594.1|A/cattle/Texas/24-008749-003/2024(H5N1)	1986	624
PA|PP755594.1|A/cattle/Texas/24-008749-003/2024(H5N1)	1987	625
PA|PP755594.1|A/cattle/Texas/24-008749-003/2024(H5N1)	1988	625
PA|PP755594.1|A/cattle/Texas/24-008749-003/2024(H5N1)	1989	625
PA|PP755594.1|A/cattle/Texas/24-008749-003/2024(H5N1)	1990	625
PA|PP755594.1|A/cattle/Texas/24-008749-003/2024(H5N1)	1991	626
PA|PP755594.1|A/cattle/Texas/24-008749-003/2024(H5N1)	1992	626
PA|PP755594.1|A/cattle/Texas/24-008749-003/2024(H5N1)	1993	633
PA|PP755594.1|A/cattle/Texas/24-008749-003/2024(H5N1)	1994	655
PA|PP755594.1|A/cattle/Texas/24-008749-003/2024(H5N1)	1995	657
PA|PP755594.1|A/cattle/Texas/24-008749-003/2024(H5N1)	1996	658
PA|PP755594.1|A/cattle/Texas/24-008749-003/2024(H5N1)	1997	658
PA|PP755594.1|A/cattle/Texas/24-008749-003/2024(H5N1)	1998	661
PA|PP755594.1|A/cattle/Texas/24-008749-003/2024(H5N1)	1999	671
PA|PP755594.1|A/cattle/Texas/24-008749-003/2024(H5N1)	2000	672
PA|PP755594.1|A/cattle/Texas/24-008749-003/2024(H5N1)	2001	687
PA|PP755594.1|A/cattle/Texas/24-008749-003/2024(H5N1)	2002	686
PA|PP755594.1|A/cattle/Texas/24-008749-003/2024(H5N1)	2003	691
PA|PP755594.1|A/cattle/Texas/24-008749-003/2024(H5N1)	2004	688
PA|PP755594.1|A/cattle/Texas/24-008749-003/2024(H5N1)	2005	692
PA|PP755594.1|A/cattle/Texas/24-008749-003/2024(H5N1)	2006	693
PA|PP755594.1|A/cattle/Texas/24-008749-003/2024(H5N1)	2007	692
PA|PP755594.1|A/cattle/Texas/24-008749-003/2024(H5N1)	2008	692
PA|PP755594.1|A/cattle/Texas/24-008749-003/2024(H5N1)	2009	677
PA|PP755594.1|A/cattle/Texas/24-008749-003/2024(H5N1)	2010	671
PA|PP755594.1|A/cattle/Texas/24-008749-003/2024(H5N1)	2011	676
PA|PP755594.1|A/cattle/Texas/24-008749-003/2024(H5N1)	2012	670
PA|PP755594.1|A/cattle/Texas/24-008749-003/2024(H5N1)	2013	670
PA|PP755594.1|A/cattle/Texas/24-008749-003/2024(H5N1)	2014	673
PA|PP755594.1|A/cattle/Texas/24-008749-003/2024(H5N1)	2015	665
PA|PP755594.1|A/cattle/Texas/24-008749-003/2024(H5N1)	2016	665
PA|PP755594.1|A/cattle/Texas/24-008749-003/2024(H5N1)	2017	665
PA|PP755594.1|A/cattle/Texas/24-008749-003/2024(H5N1)	2018	668
PA|PP755594.1|A/cattle/Texas/24-008749-003/2024(H5N1)	2019	682
PA|PP755594.1|A/cattle/Texas/24-008749-003/2024(H5N1)	2020	681
PA|PP755594.1|A/cattle/Texas/24-008749-003/2024(H5N1)	2021	687
PA|PP755594.1|A/cattle/Texas/24-008749-003/2024(H5N1)	2022	657
PA|PP755594.1|A/cattle/Texas/24-008749-003/2024(H5N1)	2023	651
PA|PP755594.1|A/cattle/Texas/24-008749-003/2024(H5N1)	2024	653
PA|PP755594.1|A/cattle/Texas/24-008749-003/2024(H5N1)	2025	651
PA|PP755594.1|A/cattle/Texas/24-008749-003/2024(H5N1)	2026	648
PA|PP755594.1|A/cattle/Texas/24-008749-003/2024(H5N1)	2027	638
PA|PP755594.1|A/cattle/Texas/24-008749-003/2024(H5N1)	2028	638
PA|PP755594.1|A/cattle/Texas/24-008749-003/2024(H5N1)	2029	658
PA|PP755594.1|A/cattle/Texas/24-008749-003/2024(H5N1)	2030	662
PA|PP755594.1|A/cattle/Texas/24-008749-003/2024(H5N1)	2031	643
PA|PP755594.1|A/cattle/Texas/24-008749-003/2024(H5N1)	2032	655
PA|PP755594.1|A/cattle/Texas/24-008749-003/2024(H5N1)	2033	631
PA|PP755594.1|A/cattle/Texas/24-008749-003/2024(H5N1)	2034	643
PA|PP755594.1|A/cattle/Texas/24-008749-003/2024(H5N1)	2035	643
PA|PP755594.1|A/cattle/Texas/24-008749-003/2024(H5N1)	2036	643
PA|PP755594.1|A/cattle/Texas/24-008749-003/2024(H5N1)	2037	646
PA|PP755594.1|A/cattle/Texas/24-008749-003/2024(H5N1)	2038	645
PA|PP755594.1|A/cattle/Texas/24-008749-003/2024(H5N1)	2039	644
PA|PP755594.1|A/cattle/Texas/24-008749-003/2024(H5N1)	2040	642
PA|PP755594.1|A/cattle/Texas/24-008749-003/2024(H5N1)	2041	636
PA|PP755594.1|A/cattle/Texas/24-008749-003/2024(H5N1)	2042	665
PA|PP755594.1|A/cattle/Texas/24-008749-003/2024(H5N1)	2043	666
PA|PP755594.1|A/cattle/Texas/24-008749-003/2024(H5N1)	2044	666
PA|PP755594.1|A/cattle/Texas/24-008749-003/2024(H5N1)	2045	667
PA|PP755594.1|A/cattle/Texas/24-008749-003/2024(H5N1)	2046	662
PA|PP755594.1|A/cattle/Texas/24-008749-003/2024(H5N1)	2047	664
PA|PP755594.1|A/cattle/Texas/24-008749-003/2024(H5N1)	2048	657
PA|PP755594.1|A/cattle/Texas/24-008749-003/2024(H5N1)	2049	663
PA|PP755594.1|A/cattle/Texas/24-008749-003/2024(H5N1)	2050	661
PA|PP755594.1|A/cattle/Texas/24-008749-003/2024(H5N1)	2051	658
PA|PP755594.1|A/cattle/Texas/24-008749-003/2024(H5N1)	2052	661
PA|PP755594.1|A/cattle/Texas/24-008749-003/2024(H5N1)	2053	669
PA|PP755594.1|A/cattle/Texas/24-008749-003/2024(H5N1)	2054	663
PA|PP755594.1|A/cattle/Texas/24-008749-003/2024(H5N1)	2055	664
PA|PP755594.1|A/cattle/Texas/24-008749-003/2024(H5N1)	2056	632
PA|PP755594.1|A/cattle/Texas/24-008749-003/2024(H5N1)	2057	631
PA|PP755594.1|A/cattle/Texas/24-008749-003/2024(H5N1)	2058	672
PA|PP755594.1|A/cattle/Texas/24-008749-003/2024(H5N1)	2059	660
PA|PP755594.1|A/cattle/Texas/24-008749-003/2024(H5N1)	2060	664
PA|PP755594.1|A/cattle/Texas/24-008749-003/2024(H5N1)	2061	659
PA|PP755594.1|A/cattle/Texas/24-008749-003/2024(H5N1)	2062	635
PA|PP755594.1|A/cattle/Texas/24-008749-003/2024(H5N1)	2063	647
PA|PP755594.1|A/cattle/Texas/24-008749-003/2024(H5N1)	2064	641
PA|PP755594.1|A/cattle/Texas/24-008749-003/2024(H5N1)	2065	641
PA|PP755594.1|A/cattle/Texas/24-008749-003/2024(H5N1)	2066	641
PA|PP755594.1|A/cattle/Texas/24-008749-003/2024(H5N1)	2067	627
PA|PP755594.1|A/cattle/Texas/24-008749-003/2024(H5N1)	2068	633
PA|PP755594.1|A/cattle/Texas/24-008749-003/2024(H5N1)	2069	632
PA|PP755594.1|A/cattle/Texas/24-008749-003/2024(H5N1)	2070	632
PA|PP755594.1|A/cattle/Texas/24-008749-003/2024(H5N1)	2071	632
PA|PP755594.1|A/cattle/Texas/24-008749-003/2024(H5N1)	2072	628
PA|PP755594.1|A/cattle/Texas/24-008749-003/2024(H5N1)	2073	628
PA|PP755594.1|A/cattle/Texas/24-008749-003/2024(H5N1)	2074	626
PA|PP755594.1|A/cattle/Texas/24-008749-003/2024(H5N1)	2075	610
PA|PP755594.1|A/cattle/Texas/24-008749-003/2024(H5N1)	2076	614
PA|PP755594.1|A/cattle/Texas/24-008749-003/2024(H5N1)	2077	537
PA|PP755594.1|A/cattle/Texas/24-008749-003/2024(H5N1)	2078	537
PA|PP755594.1|A/cattle/Texas/24-008749-003/2024(H5N1)	2079	535
PA|PP755594.1|A/cattle/Texas/24-008749-003/2024(H5N1)	2080	534
PA|PP755594.1|A/cattle/Texas/24-008749-003/2024(H5N1)	2081	532
PA|PP755594.1|A/cattle/Texas/24-008749-003/2024(H5N1)	2082	536
PA|PP755594.1|A/cattle/Texas/24-008749-003/2024(H5N1)	2083	536
PA|PP755594.1|A/cattle/Texas/24-008749-003/2024(H5N1)	2084	516
PA|PP755594.1|A/cattle/Texas/24-008749-003/2024(H5N1)	2085	506
PA|PP755594.1|A/cattle/Texas/24-008749-003/2024(H5N1)	2086	500
PA|PP755594.1|A/cattle/Texas/24-008749-003/2024(H5N1)	2087	500
PA|PP755594.1|A/cattle/Texas/24-008749-003/2024(H5N1)	2088	499
PA|PP755594.1|A/cattle/Texas/24-008749-003/2024(H5N1)	2089	498
PA|PP755594.1|A/cattle/Texas/24-008749-003/2024(H5N1)	2090	498
PA|PP755594.1|A/cattle/Texas/24-008749-003/2024(H5N1)	2091	492
PA|PP755594.1|A/cattle/Texas/24-008749-003/2024(H5N1)	2092	491
PA|PP755594.1|A/cattle/Texas/24-008749-003/2024(H5N1)	2093	436
PA|PP755594.1|A/cattle/Texas/24-008749-003/2024(H5N1)	2094	428
PA|PP755594.1|A/cattle/Texas/24-008749-003/2024(H5N1)	2095	428
PA|PP755594.1|A/cattle/Texas/24-008749-003/2024(H5N1)	2096	430
PA|PP755594.1|A/cattle/Texas/24-008749-003/2024(H5N1)	2097	430
PA|PP755594.1|A/cattle/Texas/24-008749-003/2024(H5N1)	2098	429
PA|PP755594.1|A/cattle/Texas/24-008749-003/2024(H5N1)	2099	428
PA|PP755594.1|A/cattle/Texas/24-008749-003/2024(H5N1)	2100	412
PA|PP755594.1|A/cattle/Texas/24-008749-003/2024(H5N1)	2101	411
PA|PP755594.1|A/cattle/Texas/24-008749-003/2024(H5N1)	2102	411
PA|PP755594.1|A/cattle/Texas/24-008749-003/2024(H5N1)	2103	412
PA|PP755594.1|A/cattle/Texas/24-008749-003/2024(H5N1)	2104	410
PA|PP755594.1|A/cattle/Texas/24-008749-003/2024(H5N1)	2105	399
PA|PP755594.1|A/cattle/Texas/24-008749-003/2024(H5N1)	2106	401
PA|PP755594.1|A/cattle/Texas/24-008749-003/2024(H5N1)	2107	396
PA|PP755594.1|A/cattle/Texas/24-008749-003/2024(H5N1)	2108	396
PA|PP755594.1|A/cattle/Texas/24-008749-003/2024(H5N1)	2109	396
PA|PP755594.1|A/cattle/Texas/24-008749-003/2024(H5N1)	2110	396
PA|PP755594.1|A/cattle/Texas/24-008749-003/2024(H5N1)	2111	396
PA|PP755594.1|A/cattle/Texas/24-008749-003/2024(H5N1)	2112	384
PA|PP755594.1|A/cattle/Texas/24-008749-003/2024(H5N1)	2113	384
PA|PP755594.1|A/cattle/Texas/24-008749-003/2024(H5N1)	2114	383
PA|PP755594.1|A/cattle/Texas/24-008749-003/2024(H5N1)	2115	382
PA|PP755594.1|A/cattle/Texas/24-008749-003/2024(H5N1)	2116	381
PA|PP755594.1|A/cattle/Texas/24-008749-003/2024(H5N1)	2117	380
PA|PP755594.1|A/cattle/Texas/24-008749-003/2024(H5N1)	2118	380
PA|PP755594.1|A/cattle/Texas/24-008749-003/2024(H5N1)	2119	378
PA|PP755594.1|A/cattle/Texas/24-008749-003/2024(H5N1)	2120	377
PA|PP755594.1|A/cattle/Texas/24-008749-003/2024(H5N1)	2121	377
PA|PP755594.1|A/cattle/Texas/24-008749-003/2024(H5N1)	2122	376
PA|PP755594.1|A/cattle/Texas/24-008749-003/2024(H5N1)	2123	376
PA|PP755594.1|A/cattle/Texas/24-008749-003/2024(H5N1)	2124	376
PA|PP755594.1|A/cattle/Texas/24-008749-003/2024(H5N1)	2125	371
PA|PP755594.1|A/cattle/Texas/24-008749-003/2024(H5N1)	2126	369
PA|PP755594.1|A/cattle/Texas/24-008749-003/2024(H5N1)	2127	355
PA|PP755594.1|A/cattle/Texas/24-008749-003/2024(H5N1)	2128	355
PA|PP755594.1|A/cattle/Texas/24-008749-003/2024(H5N1)	2129	355
PA|PP755594.1|A/cattle/Texas/24-008749-003/2024(H5N1)	2130	355
PA|PP755594.1|A/cattle/Texas/24-008749-003/2024(H5N1)	2131	353
PA|PP755594.1|A/cattle/Texas/24-008749-003/2024(H5N1)	2132	351
PA|PP755594.1|A/cattle/Texas/24-008749-003/2024(H5N1)	2133	349
PA|PP755594.1|A/cattle/Texas/24-008749-003/2024(H5N1)	2134	349
PA|PP755594.1|A/cattle/Texas/24-008749-003/2024(H5N1)	2135	347
PA|PP755594.1|A/cattle/Texas/24-008749-003/2024(H5N1)	2136	347
PA|PP755594.1|A/cattle/Texas/24-008749-003/2024(H5N1)	2137	346
PA|PP755594.1|A/cattle/Texas/24-008749-003/2024(H5N1)	2138	344
PA|PP755594.1|A/cattle/Texas/24-008749-003/2024(H5N1)	2139	343
PA|PP755594.1|A/cattle/Texas/24-008749-003/2024(H5N1)	2140	343
PA|PP755594.1|A/cattle/Texas/24-008749-003/2024(H5N1)	2141	343
PA|PP755594.1|A/cattle/Texas/24-008749-003/2024(H5N1)	2142	342
PA|PP755594.1|A/cattle/Texas/24-008749-003/2024(H5N1)	2143	338
PA|PP755594.1|A/cattle/Texas/24-008749-003/2024(H5N1)	2144	331
PA|PP755594.1|A/cattle/Texas/24-008749-003/2024(H5N1)	2145	331
PA|PP755594.1|A/cattle/Texas/24-008749-003/2024(H5N1)	2146	330
PA|PP755594.1|A/cattle/Texas/24-008749-003/2024(H5N1)	2147	330
PA|PP755594.1|A/cattle/Texas/24-008749-003/2024(H5N1)	2148	330
PA|PP755594.1|A/cattle/Texas/24-008749-003/2024(H5N1)	2149	327
PA|PP755594.1|A/cattle/Texas/24-008749-003/2024(H5N1)	2150	317
PA|PP755594.1|A/cattle/Texas/24-008749-003/2024(H5N1)	2151	316
