MP|PP755590.1|A/cattle/Texas/24-008749-003/2024(H5N1)	1	14020
MP|PP755590.1|A/cattle/Texas/24-008749-003/2024(H5N1)	2	14150
MP|PP755590.1|A/cattle/Texas/24-008749-003/2024(H5N1)	3	14174
MP|PP755590.1|A/cattle/Texas/24-008749-003/2024(H5N1)	4	14234
MP|PP755590.1|A/cattle/Texas/24-008749-003/2024(H5N1)	5	14801
MP|PP755590.1|A/cattle/Texas/24-008749-003/2024(H5N1)	6	15244
MP|PP755590.1|A/cattle/Texas/24-008749-003/2024(H5N1)	7	18280
MP|PP755590.1|A/cattle/Texas/24-008749-003/2024(H5N1)	8	22991
MP|PP755590.1|A/cattle/Texas/24-008749-003/2024(H5N1)	9	23520
MP|PP755590.1|A/cattle/Texas/24-008749-003/2024(H5N1)	10	23555
MP|PP755590.1|A/cattle/Texas/24-008749-003/2024(H5N1)	11	23672
MP|PP755590.1|A/cattle/Texas/24-008749-003/2024(H5N1)	12	23881
MP|PP755590.1|A/cattle/Texas/24-008749-003/2024(H5N1)	13	24046
MP|PP755590.1|A/cattle/Texas/24-008749-003/2024(H5N1)	14	24048
MP|PP755590.1|A/cattle/Texas/24-008749-003/2024(H5N1)	15	24050
MP|PP755590.1|A/cattle/Texas/24-008749-003/2024(H5N1)	16	24055
MP|PP755590.1|A/cattle/Texas/24-008749-003/2024(H5N1)	17	24192
MP|PP755590.1|A/cattle/Texas/24-008749-003/2024(H5N1)	18	24316
MP|PP755590.1|A/cattle/Texas/24-008749-003/2024(H5N1)	19	25198
MP|PP755590.1|A/cattle/Texas/24-008749-003/2024(H5N1)	20	25210
MP|PP755590.1|A/cattle/Texas/24-008749-003/2024(H5N1)	21	25228
MP|PP755590.1|A/cattle/Texas/24-008749-003/2024(H5N1)	22	25230
MP|PP755590.1|A/cattle/Texas/24-008749-003/2024(H5N1)	23	25692
MP|PP755590.1|A/cattle/Texas/24-008749-003/2024(H5N1)	24	25727
MP|PP755590.1|A/cattle/Texas/24-008749-003/2024(H5N1)	25	25778
MP|PP755590.1|A/cattle/Texas/24-008749-003/2024(H5N1)	26	26314
MP|PP755590.1|A/cattle/Texas/24-008749-003/2024(H5N1)	27	26371
MP|PP755590.1|A/cattle/Texas/24-008749-003/2024(H5N1)	28	26448
MP|PP755590.1|A/cattle/Texas/24-008749-003/2024(H5N1)	29	26490
MP|PP755590.1|A/cattle/Texas/24-008749-003/2024(H5N1)	30	26594
MP|PP755590.1|A/cattle/Texas/24-008749-003/2024(H5N1)	31	26700
MP|PP755590.1|A/cattle/Texas/24-008749-003/2024(H5N1)	32	26776
MP|PP755590.1|A/cattle/Texas/24-008749-003/2024(H5N1)	33	27361
MP|PP755590.1|A/cattle/Texas/24-008749-003/2024(H5N1)	34	27727
MP|PP755590.1|A/cattle/Texas/24-008749-003/2024(H5N1)	35	27720
MP|PP755590.1|A/cattle/Texas/24-008749-003/2024(H5N1)	36	28279
MP|PP755590.1|A/cattle/Texas/24-008749-003/2024(H5N1)	37	28282
MP|PP755590.1|A/cattle/Texas/24-008749-003/2024(H5N1)	38	28978
MP|PP755590.1|A/cattle/Texas/24-008749-003/2024(H5N1)	39	29066
MP|PP755590.1|A/cattle/Texas/24-008749-003/2024(H5N1)	40	29186
MP|PP755590.1|A/cattle/Texas/24-008749-003/2024(H5N1)	41	29189
MP|PP755590.1|A/cattle/Texas/24-008749-003/2024(H5N1)	42	29380
MP|PP755590.1|A/cattle/Texas/24-008749-003/2024(H5N1)	43	29448
MP|PP755590.1|A/cattle/Texas/24-008749-003/2024(H5N1)	44	31915
MP|PP755590.1|A/cattle/Texas/24-008749-003/2024(H5N1)	45	32279
MP|PP755590.1|A/cattle/Texas/24-008749-003/2024(H5N1)	46	32550
MP|PP755590.1|A/cattle/Texas/24-008749-003/2024(H5N1)	47	32997
MP|PP755590.1|A/cattle/Texas/24-008749-003/2024(H5N1)	48	33056
MP|PP755590.1|A/cattle/Texas/24-008749-003/2024(H5N1)	49	33058
MP|PP755590.1|A/cattle/Texas/24-008749-003/2024(H5N1)	50	33030
MP|PP755590.1|A/cattle/Texas/24-008749-003/2024(H5N1)	51	32989
MP|PP755590.1|A/cattle/Texas/24-008749-003/2024(H5N1)	52	33762
MP|PP755590.1|A/cattle/Texas/24-008749-003/2024(H5N1)	53	34457
MP|PP755590.1|A/cattle/Texas/24-008749-003/2024(H5N1)	54	34445
MP|PP755590.1|A/cattle/Texas/24-008749-003/2024(H5N1)	55	34465
MP|PP755590.1|A/cattle/Texas/24-008749-003/2024(H5N1)	56	34750
MP|PP755590.1|A/cattle/Texas/24-008749-003/2024(H5N1)	57	36262
MP|PP755590.1|A/cattle/Texas/24-008749-003/2024(H5N1)	58	36310
MP|PP755590.1|A/cattle/Texas/24-008749-003/2024(H5N1)	59	36528
MP|PP755590.1|A/cattle/Texas/24-008749-003/2024(H5N1)	60	36554
MP|PP755590.1|A/cattle/Texas/24-008749-003/2024(H5N1)	61	36743
MP|PP755590.1|A/cattle/Texas/24-008749-003/2024(H5N1)	62	36780
MP|PP755590.1|A/cattle/Texas/24-008749-003/2024(H5N1)	63	37083
MP|PP755590.1|A/cattle/Texas/24-008749-003/2024(H5N1)	64	37159
MP|PP755590.1|A/cattle/Texas/24-008749-003/2024(H5N1)	65	37344
MP|PP755590.1|A/cattle/Texas/24-008749-003/2024(H5N1)	66	37165
MP|PP755590.1|A/cattle/Texas/24-008749-003/2024(H5N1)	67	37163
MP|PP755590.1|A/cattle/Texas/24-008749-003/2024(H5N1)	68	37264
MP|PP755590.1|A/cattle/Texas/24-008749-003/2024(H5N1)	69	37282
MP|PP755590.1|A/cattle/Texas/24-008749-003/2024(H5N1)	70	38299
MP|PP755590.1|A/cattle/Texas/24-008749-003/2024(H5N1)	71	38313
MP|PP755590.1|A/cattle/Texas/24-008749-003/2024(H5N1)	72	38278
MP|PP755590.1|A/cattle/Texas/24-008749-003/2024(H5N1)	73	38431
MP|PP755590.1|A/cattle/Texas/24-008749-003/2024(H5N1)	74	38630
MP|PP755590.1|A/cattle/Texas/24-008749-003/2024(H5N1)	75	38646
MP|PP755590.1|A/cattle/Texas/24-008749-003/2024(H5N1)	76	39206
MP|PP755590.1|A/cattle/Texas/24-008749-003/2024(H5N1)	77	39190
MP|PP755590.1|A/cattle/Texas/24-008749-003/2024(H5N1)	78	39293
MP|PP755590.1|A/cattle/Texas/24-008749-003/2024(H5N1)	79	40210
MP|PP755590.1|A/cattle/Texas/24-008749-003/2024(H5N1)	80	41776
MP|PP755590.1|A/cattle/Texas/24-008749-003/2024(H5N1)	81	41940
MP|PP755590.1|A/cattle/Texas/24-008749-003/2024(H5N1)	82	42257
MP|PP755590.1|A/cattle/Texas/24-008749-003/2024(H5N1)	83	42800
MP|PP755590.1|A/cattle/Texas/24-008749-003/2024(H5N1)	84	42970
MP|PP755590.1|A/cattle/Texas/24-008749-003/2024(H5N1)	85	43313
MP|PP755590.1|A/cattle/Texas/24-008749-003/2024(H5N1)	86	43403
MP|PP755590.1|A/cattle/Texas/24-008749-003/2024(H5N1)	87	43391
MP|PP755590.1|A/cattle/Texas/24-008749-003/2024(H5N1)	88	43418
MP|PP755590.1|A/cattle/Texas/24-008749-003/2024(H5N1)	89	43029
MP|PP755590.1|A/cattle/Texas/24-008749-003/2024(H5N1)	90	43048
MP|PP755590.1|A/cattle/Texas/24-008749-003/2024(H5N1)	91	43074
MP|PP755590.1|A/cattle/Texas/24-008749-003/2024(H5N1)	92	43059
MP|PP755590.1|A/cattle/Texas/24-008749-003/2024(H5N1)	93	43091
MP|PP755590.1|A/cattle/Texas/24-008749-003/2024(H5N1)	94	42999
MP|PP755590.1|A/cattle/Texas/24-008749-003/2024(H5N1)	95	43211
MP|PP755590.1|A/cattle/Texas/24-008749-003/2024(H5N1)	96	43502
MP|PP755590.1|A/cattle/Texas/24-008749-003/2024(H5N1)	97	43517
MP|PP755590.1|A/cattle/Texas/24-008749-003/2024(H5N1)	98	43541
MP|PP755590.1|A/cattle/Texas/24-008749-003/2024(H5N1)	99	43497
MP|PP755590.1|A/cattle/Texas/24-008749-003/2024(H5N1)	100	43671
MP|PP755590.1|A/cattle/Texas/24-008749-003/2024(H5N1)	101	43740
MP|PP755590.1|A/cattle/Texas/24-008749-003/2024(H5N1)	102	44314
MP|PP755590.1|A/cattle/Texas/24-008749-003/2024(H5N1)	103	44313
MP|PP755590.1|A/cattle/Texas/24-008749-003/2024(H5N1)	104	44230
MP|PP755590.1|A/cattle/Texas/24-008749-003/2024(H5N1)	105	44325
MP|PP755590.1|A/cattle/Texas/24-008749-003/2024(H5N1)	106	45972
MP|PP755590.1|A/cattle/Texas/24-008749-003/2024(H5N1)	107	46059
MP|PP755590.1|A/cattle/Texas/24-008749-003/2024(H5N1)	108	46228
MP|PP755590.1|A/cattle/Texas/24-008749-003/2024(H5N1)	109	46176
MP|PP755590.1|A/cattle/Texas/24-008749-003/2024(H5N1)	110	46465
MP|PP755590.1|A/cattle/Texas/24-008749-003/2024(H5N1)	111	46218
MP|PP755590.1|A/cattle/Texas/24-008749-003/2024(H5N1)	112	46217
MP|PP755590.1|A/cattle/Texas/24-008749-003/2024(H5N1)	113	48240
MP|PP755590.1|A/cattle/Texas/24-008749-003/2024(H5N1)	114	48545
MP|PP755590.1|A/cattle/Texas/24-008749-003/2024(H5N1)	115	50181
MP|PP755590.1|A/cattle/Texas/24-008749-003/2024(H5N1)	116	50302
MP|PP755590.1|A/cattle/Texas/24-008749-003/2024(H5N1)	117	50250
MP|PP755590.1|A/cattle/Texas/24-008749-003/2024(H5N1)	118	50254
MP|PP755590.1|A/cattle/Texas/24-008749-003/2024(H5N1)	119	50218
MP|PP755590.1|A/cattle/Texas/24-008749-003/2024(H5N1)	120	50219
MP|PP755590.1|A/cattle/Texas/24-008749-003/2024(H5N1)	121	50236
MP|PP755590.1|A/cattle/Texas/24-008749-003/2024(H5N1)	122	49319
MP|PP755590.1|A/cattle/Texas/24-008749-003/2024(H5N1)	123	49303
MP|PP755590.1|A/cattle/Texas/24-008749-003/2024(H5N1)	124	46119
MP|PP755590.1|A/cattle/Texas/24-008749-003/2024(H5N1)	125	46132
MP|PP755590.1|A/cattle/Texas/24-008749-003/2024(H5N1)	126	45416
MP|PP755590.1|A/cattle/Texas/24-008749-003/2024(H5N1)	127	45423
MP|PP755590.1|A/cattle/Texas/24-008749-003/2024(H5N1)	128	46547
MP|PP755590.1|A/cattle/Texas/24-008749-003/2024(H5N1)	129	46678
MP|PP755590.1|A/cattle/Texas/24-008749-003/2024(H5N1)	130	46697
MP|PP755590.1|A/cattle/Texas/24-008749-003/2024(H5N1)	131	46548
MP|PP755590.1|A/cattle/Texas/24-008749-003/2024(H5N1)	132	46948
MP|PP755590.1|A/cattle/Texas/24-008749-003/2024(H5N1)	133	46513
MP|PP755590.1|A/cattle/Texas/24-008749-003/2024(H5N1)	134	47190
MP|PP755590.1|A/cattle/Texas/24-008749-003/2024(H5N1)	135	47841
MP|PP755590.1|A/cattle/Texas/24-008749-003/2024(H5N1)	136	47130
MP|PP755590.1|A/cattle/Texas/24-008749-003/2024(H5N1)	137	46756
MP|PP755590.1|A/cattle/Texas/24-008749-003/2024(H5N1)	138	46719
MP|PP755590.1|A/cattle/Texas/24-008749-003/2024(H5N1)	139	46708
MP|PP755590.1|A/cattle/Texas/24-008749-003/2024(H5N1)	140	47472
MP|PP755590.1|A/cattle/Texas/24-008749-003/2024(H5N1)	141	47652
MP|PP755590.1|A/cattle/Texas/24-008749-003/2024(H5N1)	142	47945
MP|PP755590.1|A/cattle/Texas/24-008749-003/2024(H5N1)	143	47500
MP|PP755590.1|A/cattle/Texas/24-008749-003/2024(H5N1)	144	46799
MP|PP755590.1|A/cattle/Texas/24-008749-003/2024(H5N1)	145	46833
MP|PP755590.1|A/cattle/Texas/24-008749-003/2024(H5N1)	146	48073
MP|PP755590.1|A/cattle/Texas/24-008749-003/2024(H5N1)	147	52150
MP|PP755590.1|A/cattle/Texas/24-008749-003/2024(H5N1)	148	52132
MP|PP755590.1|A/cattle/Texas/24-008749-003/2024(H5N1)	149	51615
MP|PP755590.1|A/cattle/Texas/24-008749-003/2024(H5N1)	150	51553
MP|PP755590.1|A/cattle/Texas/24-008749-003/2024(H5N1)	151	51724
MP|PP755590.1|A/cattle/Texas/24-008749-003/2024(H5N1)	152	51810
MP|PP755590.1|A/cattle/Texas/24-008749-003/2024(H5N1)	153	52357
MP|PP755590.1|A/cattle/Texas/24-008749-003/2024(H5N1)	154	46009
MP|PP755590.1|A/cattle/Texas/24-008749-003/2024(H5N1)	155	46112
MP|PP755590.1|A/cattle/Texas/24-008749-003/2024(H5N1)	156	46146
MP|PP755590.1|A/cattle/Texas/24-008749-003/2024(H5N1)	157	46263
MP|PP755590.1|A/cattle/Texas/24-008749-003/2024(H5N1)	158	46235
MP|PP755590.1|A/cattle/Texas/24-008749-003/2024(H5N1)	159	46240
MP|PP755590.1|A/cattle/Texas/24-008749-003/2024(H5N1)	160	47003
MP|PP755590.1|A/cattle/Texas/24-008749-003/2024(H5N1)	161	46840
MP|PP755590.1|A/cattle/Texas/24-008749-003/2024(H5N1)	162	46835
MP|PP755590.1|A/cattle/Texas/24-008749-003/2024(H5N1)	163	46883
MP|PP755590.1|A/cattle/Texas/24-008749-003/2024(H5N1)	164	47064
MP|PP755590.1|A/cattle/Texas/24-008749-003/2024(H5N1)	165	47663
MP|PP755590.1|A/cattle/Texas/24-008749-003/2024(H5N1)	166	48490
MP|PP755590.1|A/cattle/Texas/24-008749-003/2024(H5N1)	167	48343
MP|PP755590.1|A/cattle/Texas/24-008749-003/2024(H5N1)	168	48331
MP|PP755590.1|A/cattle/Texas/24-008749-003/2024(H5N1)	169	47834
MP|PP755590.1|A/cattle/Texas/24-008749-003/2024(H5N1)	170	47638
MP|PP755590.1|A/cattle/Texas/24-008749-003/2024(H5N1)	171	47677
MP|PP755590.1|A/cattle/Texas/24-008749-003/2024(H5N1)	172	47737
MP|PP755590.1|A/cattle/Texas/24-008749-003/2024(H5N1)	173	47809
MP|PP755590.1|A/cattle/Texas/24-008749-003/2024(H5N1)	174	47501
MP|PP755590.1|A/cattle/Texas/24-008749-003/2024(H5N1)	175	47639
MP|PP755590.1|A/cattle/Texas/24-008749-003/2024(H5N1)	176	47639
MP|PP755590.1|A/cattle/Texas/24-008749-003/2024(H5N1)	177	47324
MP|PP755590.1|A/cattle/Texas/24-008749-003/2024(H5N1)	178	47306
MP|PP755590.1|A/cattle/Texas/24-008749-003/2024(H5N1)	179	47281
MP|PP755590.1|A/cattle/Texas/24-008749-003/2024(H5N1)	180	47228
MP|PP755590.1|A/cattle/Texas/24-008749-003/2024(H5N1)	181	47282
MP|PP755590.1|A/cattle/Texas/24-008749-003/2024(H5N1)	182	47388
MP|PP755590.1|A/cattle/Texas/24-008749-003/2024(H5N1)	183	47342
MP|PP755590.1|A/cattle/Texas/24-008749-003/2024(H5N1)	184	46909
MP|PP755590.1|A/cattle/Texas/24-008749-003/2024(H5N1)	185	46672
MP|PP755590.1|A/cattle/Texas/24-008749-003/2024(H5N1)	186	46647
MP|PP755590.1|A/cattle/Texas/24-008749-003/2024(H5N1)	187	46556
MP|PP755590.1|A/cattle/Texas/24-008749-003/2024(H5N1)	188	46551
MP|PP755590.1|A/cattle/Texas/24-008749-003/2024(H5N1)	189	46071
MP|PP755590.1|A/cattle/Texas/24-008749-003/2024(H5N1)	190	46737
MP|PP755590.1|A/cattle/Texas/24-008749-003/2024(H5N1)	191	46640
MP|PP755590.1|A/cattle/Texas/24-008749-003/2024(H5N1)	192	46622
MP|PP755590.1|A/cattle/Texas/24-008749-003/2024(H5N1)	193	46645
MP|PP755590.1|A/cattle/Texas/24-008749-003/2024(H5N1)	194	45373
MP|PP755590.1|A/cattle/Texas/24-008749-003/2024(H5N1)	195	45370
MP|PP755590.1|A/cattle/Texas/24-008749-003/2024(H5N1)	196	44212
MP|PP755590.1|A/cattle/Texas/24-008749-003/2024(H5N1)	197	43947
MP|PP755590.1|A/cattle/Texas/24-008749-003/2024(H5N1)	198	44587
MP|PP755590.1|A/cattle/Texas/24-008749-003/2024(H5N1)	199	44704
MP|PP755590.1|A/cattle/Texas/24-008749-003/2024(H5N1)	200	45018
MP|PP755590.1|A/cattle/Texas/24-008749-003/2024(H5N1)	201	44955
MP|PP755590.1|A/cattle/Texas/24-008749-003/2024(H5N1)	202	44982
MP|PP755590.1|A/cattle/Texas/24-008749-003/2024(H5N1)	203	44224
MP|PP755590.1|A/cattle/Texas/24-008749-003/2024(H5N1)	204	44256
MP|PP755590.1|A/cattle/Texas/24-008749-003/2024(H5N1)	205	44491
MP|PP755590.1|A/cattle/Texas/24-008749-003/2024(H5N1)	206	44481
MP|PP755590.1|A/cattle/Texas/24-008749-003/2024(H5N1)	207	43327
MP|PP755590.1|A/cattle/Texas/24-008749-003/2024(H5N1)	208	42877
MP|PP755590.1|A/cattle/Texas/24-008749-003/2024(H5N1)	209	43105
MP|PP755590.1|A/cattle/Texas/24-008749-003/2024(H5N1)	210	43257
MP|PP755590.1|A/cattle/Texas/24-008749-003/2024(H5N1)	211	43418
MP|PP755590.1|A/cattle/Texas/24-008749-003/2024(H5N1)	212	44093
MP|PP755590.1|A/cattle/Texas/24-008749-003/2024(H5N1)	213	44081
MP|PP755590.1|A/cattle/Texas/24-008749-003/2024(H5N1)	214	46104
MP|PP755590.1|A/cattle/Texas/24-008749-003/2024(H5N1)	215	46202
MP|PP755590.1|A/cattle/Texas/24-008749-003/2024(H5N1)	216	46129
MP|PP755590.1|A/cattle/Texas/24-008749-003/2024(H5N1)	217	46794
MP|PP755590.1|A/cattle/Texas/24-008749-003/2024(H5N1)	218	46925
MP|PP755590.1|A/cattle/Texas/24-008749-003/2024(H5N1)	219	46667
MP|PP755590.1|A/cattle/Texas/24-008749-003/2024(H5N1)	220	48207
MP|PP755590.1|A/cattle/Texas/24-008749-003/2024(H5N1)	221	47327
MP|PP755590.1|A/cattle/Texas/24-008749-003/2024(H5N1)	222	47377
MP|PP755590.1|A/cattle/Texas/24-008749-003/2024(H5N1)	223	47263
MP|PP755590.1|A/cattle/Texas/24-008749-003/2024(H5N1)	224	47186
MP|PP755590.1|A/cattle/Texas/24-008749-003/2024(H5N1)	225	47880
MP|PP755590.1|A/cattle/Texas/24-008749-003/2024(H5N1)	226	47370
MP|PP755590.1|A/cattle/Texas/24-008749-003/2024(H5N1)	227	47424
MP|PP755590.1|A/cattle/Texas/24-008749-003/2024(H5N1)	228	47692
MP|PP755590.1|A/cattle/Texas/24-008749-003/2024(H5N1)	229	46404
MP|PP755590.1|A/cattle/Texas/24-008749-003/2024(H5N1)	230	46403
MP|PP755590.1|A/cattle/Texas/24-008749-003/2024(H5N1)	231	45300
MP|PP755590.1|A/cattle/Texas/24-008749-003/2024(H5N1)	232	45004
MP|PP755590.1|A/cattle/Texas/24-008749-003/2024(H5N1)	233	45026
MP|PP755590.1|A/cattle/Texas/24-008749-003/2024(H5N1)	234	44093
MP|PP755590.1|A/cattle/Texas/24-008749-003/2024(H5N1)	235	44449
MP|PP755590.1|A/cattle/Texas/24-008749-003/2024(H5N1)	236	44447
MP|PP755590.1|A/cattle/Texas/24-008749-003/2024(H5N1)	237	44437
MP|PP755590.1|A/cattle/Texas/24-008749-003/2024(H5N1)	238	44427
MP|PP755590.1|A/cattle/Texas/24-008749-003/2024(H5N1)	239	44399
MP|PP755590.1|A/cattle/Texas/24-008749-003/2024(H5N1)	240	44324
MP|PP755590.1|A/cattle/Texas/24-008749-003/2024(H5N1)	241	44219
MP|PP755590.1|A/cattle/Texas/24-008749-003/2024(H5N1)	242	44027
MP|PP755590.1|A/cattle/Texas/24-008749-003/2024(H5N1)	243	44017
MP|PP755590.1|A/cattle/Texas/24-008749-003/2024(H5N1)	244	43966
MP|PP755590.1|A/cattle/Texas/24-008749-003/2024(H5N1)	245	43827
MP|PP755590.1|A/cattle/Texas/24-008749-003/2024(H5N1)	246	43682
MP|PP755590.1|A/cattle/Texas/24-008749-003/2024(H5N1)	247	43273
MP|PP755590.1|A/cattle/Texas/24-008749-003/2024(H5N1)	248	43222
MP|PP755590.1|A/cattle/Texas/24-008749-003/2024(H5N1)	249	43210
MP|PP755590.1|A/cattle/Texas/24-008749-003/2024(H5N1)	250	43062
MP|PP755590.1|A/cattle/Texas/24-008749-003/2024(H5N1)	251	42988
MP|PP755590.1|A/cattle/Texas/24-008749-003/2024(H5N1)	252	32842
MP|PP755590.1|A/cattle/Texas/24-008749-003/2024(H5N1)	253	32604
MP|PP755590.1|A/cattle/Texas/24-008749-003/2024(H5N1)	254	32596
MP|PP755590.1|A/cattle/Texas/24-008749-003/2024(H5N1)	255	32581
MP|PP755590.1|A/cattle/Texas/24-008749-003/2024(H5N1)	256	32599
MP|PP755590.1|A/cattle/Texas/24-008749-003/2024(H5N1)	257	32596
MP|PP755590.1|A/cattle/Texas/24-008749-003/2024(H5N1)	258	32507
MP|PP755590.1|A/cattle/Texas/24-008749-003/2024(H5N1)	259	32505
MP|PP755590.1|A/cattle/Texas/24-008749-003/2024(H5N1)	260	32498
MP|PP755590.1|A/cattle/Texas/24-008749-003/2024(H5N1)	261	32452
MP|PP755590.1|A/cattle/Texas/24-008749-003/2024(H5N1)	262	32528
MP|PP755590.1|A/cattle/Texas/24-008749-003/2024(H5N1)	263	32529
MP|PP755590.1|A/cattle/Texas/24-008749-003/2024(H5N1)	264	32508
MP|PP755590.1|A/cattle/Texas/24-008749-003/2024(H5N1)	265	32869
MP|PP755590.1|A/cattle/Texas/24-008749-003/2024(H5N1)	266	33059
MP|PP755590.1|A/cattle/Texas/24-008749-003/2024(H5N1)	267	33202
MP|PP755590.1|A/cattle/Texas/24-008749-003/2024(H5N1)	268	43922
MP|PP755590.1|A/cattle/Texas/24-008749-003/2024(H5N1)	269	43990
MP|PP755590.1|A/cattle/Texas/24-008749-003/2024(H5N1)	270	44101
MP|PP755590.1|A/cattle/Texas/24-008749-003/2024(H5N1)	271	44132
MP|PP755590.1|A/cattle/Texas/24-008749-003/2024(H5N1)	272	44212
MP|PP755590.1|A/cattle/Texas/24-008749-003/2024(H5N1)	273	44716
MP|PP755590.1|A/cattle/Texas/24-008749-003/2024(H5N1)	274	45066
MP|PP755590.1|A/cattle/Texas/24-008749-003/2024(H5N1)	275	45129
MP|PP755590.1|A/cattle/Texas/24-008749-003/2024(H5N1)	276	45177
MP|PP755590.1|A/cattle/Texas/24-008749-003/2024(H5N1)	277	45331
MP|PP755590.1|A/cattle/Texas/24-008749-003/2024(H5N1)	278	45337
MP|PP755590.1|A/cattle/Texas/24-008749-003/2024(H5N1)	279	44791
MP|PP755590.1|A/cattle/Texas/24-008749-003/2024(H5N1)	280	44822
MP|PP755590.1|A/cattle/Texas/24-008749-003/2024(H5N1)	281	44814
MP|PP755590.1|A/cattle/Texas/24-008749-003/2024(H5N1)	282	44798
MP|PP755590.1|A/cattle/Texas/24-008749-003/2024(H5N1)	283	43569
MP|PP755590.1|A/cattle/Texas/24-008749-003/2024(H5N1)	284	43696
MP|PP755590.1|A/cattle/Texas/24-008749-003/2024(H5N1)	285	43063
MP|PP755590.1|A/cattle/Texas/24-008749-003/2024(H5N1)	286	42429
MP|PP755590.1|A/cattle/Texas/24-008749-003/2024(H5N1)	287	43604
MP|PP755590.1|A/cattle/Texas/24-008749-003/2024(H5N1)	288	42873
MP|PP755590.1|A/cattle/Texas/24-008749-003/2024(H5N1)	289	42843
MP|PP755590.1|A/cattle/Texas/24-008749-003/2024(H5N1)	290	42825
MP|PP755590.1|A/cattle/Texas/24-008749-003/2024(H5N1)	291	36468
MP|PP755590.1|A/cattle/Texas/24-008749-003/2024(H5N1)	292	36275
MP|PP755590.1|A/cattle/Texas/24-008749-003/2024(H5N1)	293	35788
MP|PP755590.1|A/cattle/Texas/24-008749-003/2024(H5N1)	294	34615
MP|PP755590.1|A/cattle/Texas/24-008749-003/2024(H5N1)	295	34156
MP|PP755590.1|A/cattle/Texas/24-008749-003/2024(H5N1)	296	37168
MP|PP755590.1|A/cattle/Texas/24-008749-003/2024(H5N1)	297	37745
MP|PP755590.1|A/cattle/Texas/24-008749-003/2024(H5N1)	298	38051
MP|PP755590.1|A/cattle/Texas/24-008749-003/2024(H5N1)	299	38051
MP|PP755590.1|A/cattle/Texas/24-008749-003/2024(H5N1)	300	38043
MP|PP755590.1|A/cattle/Texas/24-008749-003/2024(H5N1)	301	37902
MP|PP755590.1|A/cattle/Texas/24-008749-003/2024(H5N1)	302	37669
MP|PP755590.1|A/cattle/Texas/24-008749-003/2024(H5N1)	303	37578
MP|PP755590.1|A/cattle/Texas/24-008749-003/2024(H5N1)	304	36980
MP|PP755590.1|A/cattle/Texas/24-008749-003/2024(H5N1)	305	36910
MP|PP755590.1|A/cattle/Texas/24-008749-003/2024(H5N1)	306	34238
MP|PP755590.1|A/cattle/Texas/24-008749-003/2024(H5N1)	307	34097
MP|PP755590.1|A/cattle/Texas/24-008749-003/2024(H5N1)	308	34068
MP|PP755590.1|A/cattle/Texas/24-008749-003/2024(H5N1)	309	34067
MP|PP755590.1|A/cattle/Texas/24-008749-003/2024(H5N1)	310	35339
MP|PP755590.1|A/cattle/Texas/24-008749-003/2024(H5N1)	311	35640
MP|PP755590.1|A/cattle/Texas/24-008749-003/2024(H5N1)	312	35641
MP|PP755590.1|A/cattle/Texas/24-008749-003/2024(H5N1)	313	35498
MP|PP755590.1|A/cattle/Texas/24-008749-003/2024(H5N1)	314	35468
MP|PP755590.1|A/cattle/Texas/24-008749-003/2024(H5N1)	315	35304
MP|PP755590.1|A/cattle/Texas/24-008749-003/2024(H5N1)	316	34880
MP|PP755590.1|A/cattle/Texas/24-008749-003/2024(H5N1)	317	35115
MP|PP755590.1|A/cattle/Texas/24-008749-003/2024(H5N1)	318	35079
MP|PP755590.1|A/cattle/Texas/24-008749-003/2024(H5N1)	319	39541
MP|PP755590.1|A/cattle/Texas/24-008749-003/2024(H5N1)	320	39574
MP|PP755590.1|A/cattle/Texas/24-008749-003/2024(H5N1)	321	39562
MP|PP755590.1|A/cattle/Texas/24-008749-003/2024(H5N1)	322	39679
MP|PP755590.1|A/cattle/Texas/24-008749-003/2024(H5N1)	323	39693
MP|PP755590.1|A/cattle/Texas/24-008749-003/2024(H5N1)	324	39684
MP|PP755590.1|A/cattle/Texas/24-008749-003/2024(H5N1)	325	39684
MP|PP755590.1|A/cattle/Texas/24-008749-003/2024(H5N1)	326	39602
MP|PP755590.1|A/cattle/Texas/24-008749-003/2024(H5N1)	327	39744
MP|PP755590.1|A/cattle/Texas/24-008749-003/2024(H5N1)	328	39643
MP|PP755590.1|A/cattle/Texas/24-008749-003/2024(H5N1)	329	39606
MP|PP755590.1|A/cattle/Texas/24-008749-003/2024(H5N1)	330	39592
MP|PP755590.1|A/cattle/Texas/24-008749-003/2024(H5N1)	331	39445
MP|PP755590.1|A/cattle/Texas/24-008749-003/2024(H5N1)	332	39702
MP|PP755590.1|A/cattle/Texas/24-008749-003/2024(H5N1)	333	39742
MP|PP755590.1|A/cattle/Texas/24-008749-003/2024(H5N1)	334	39713
MP|PP755590.1|A/cattle/Texas/24-008749-003/2024(H5N1)	335	39668
MP|PP755590.1|A/cattle/Texas/24-008749-003/2024(H5N1)	336	39505
MP|PP755590.1|A/cattle/Texas/24-008749-003/2024(H5N1)	337	39520
MP|PP755590.1|A/cattle/Texas/24-008749-003/2024(H5N1)	338	39316
MP|PP755590.1|A/cattle/Texas/24-008749-003/2024(H5N1)	339	39314
MP|PP755590.1|A/cattle/Texas/24-008749-003/2024(H5N1)	340	39250
MP|PP755590.1|A/cattle/Texas/24-008749-003/2024(H5N1)	341	38235
MP|PP755590.1|A/cattle/Texas/24-008749-003/2024(H5N1)	342	37557
MP|PP755590.1|A/cattle/Texas/24-008749-003/2024(H5N1)	343	37459
MP|PP755590.1|A/cattle/Texas/24-008749-003/2024(H5N1)	344	37361
MP|PP755590.1|A/cattle/Texas/24-008749-003/2024(H5N1)	345	36667
MP|PP755590.1|A/cattle/Texas/24-008749-003/2024(H5N1)	346	37292
MP|PP755590.1|A/cattle/Texas/24-008749-003/2024(H5N1)	347	37644
MP|PP755590.1|A/cattle/Texas/24-008749-003/2024(H5N1)	348	37671
MP|PP755590.1|A/cattle/Texas/24-008749-003/2024(H5N1)	349	37496
MP|PP755590.1|A/cattle/Texas/24-008749-003/2024(H5N1)	350	37435
MP|PP755590.1|A/cattle/Texas/24-008749-003/2024(H5N1)	351	37814
MP|PP755590.1|A/cattle/Texas/24-008749-003/2024(H5N1)	352	37765
MP|PP755590.1|A/cattle/Texas/24-008749-003/2024(H5N1)	353	39942
MP|PP755590.1|A/cattle/Texas/24-008749-003/2024(H5N1)	354	39716
MP|PP755590.1|A/cattle/Texas/24-008749-003/2024(H5N1)	355	39441
MP|PP755590.1|A/cattle/Texas/24-008749-003/2024(H5N1)	356	39459
MP|PP755590.1|A/cattle/Texas/24-008749-003/2024(H5N1)	357	39429
MP|PP755590.1|A/cattle/Texas/24-008749-003/2024(H5N1)	358	39527
MP|PP755590.1|A/cattle/Texas/24-008749-003/2024(H5N1)	359	39326
MP|PP755590.1|A/cattle/Texas/24-008749-003/2024(H5N1)	360	38793
MP|PP755590.1|A/cattle/Texas/24-008749-003/2024(H5N1)	361	38965
MP|PP755590.1|A/cattle/Texas/24-008749-003/2024(H5N1)	362	38139
MP|PP755590.1|A/cattle/Texas/24-008749-003/2024(H5N1)	363	35271
MP|PP755590.1|A/cattle/Texas/24-008749-003/2024(H5N1)	364	35481
MP|PP755590.1|A/cattle/Texas/24-008749-003/2024(H5N1)	365	35543
MP|PP755590.1|A/cattle/Texas/24-008749-003/2024(H5N1)	366	35365
MP|PP755590.1|A/cattle/Texas/24-008749-003/2024(H5N1)	367	35431
MP|PP755590.1|A/cattle/Texas/24-008749-003/2024(H5N1)	368	34837
MP|PP755590.1|A/cattle/Texas/24-008749-003/2024(H5N1)	369	34921
MP|PP755590.1|A/cattle/Texas/24-008749-003/2024(H5N1)	370	34109
MP|PP755590.1|A/cattle/Texas/24-008749-003/2024(H5N1)	371	33629
MP|PP755590.1|A/cattle/Texas/24-008749-003/2024(H5N1)	372	33763
MP|PP755590.1|A/cattle/Texas/24-008749-003/2024(H5N1)	373	33688
MP|PP755590.1|A/cattle/Texas/24-008749-003/2024(H5N1)	374	33659
MP|PP755590.1|A/cattle/Texas/24-008749-003/2024(H5N1)	375	33061
MP|PP755590.1|A/cattle/Texas/24-008749-003/2024(H5N1)	376	32927
MP|PP755590.1|A/cattle/Texas/24-008749-003/2024(H5N1)	377	33217
MP|PP755590.1|A/cattle/Texas/24-008749-003/2024(H5N1)	378	32941
MP|PP755590.1|A/cattle/Texas/24-008749-003/2024(H5N1)	379	33518
MP|PP755590.1|A/cattle/Texas/24-008749-003/2024(H5N1)	380	34023
MP|PP755590.1|A/cattle/Texas/24-008749-003/2024(H5N1)	381	33914
MP|PP755590.1|A/cattle/Texas/24-008749-003/2024(H5N1)	382	35369
MP|PP755590.1|A/cattle/Texas/24-008749-003/2024(H5N1)	383	35366
MP|PP755590.1|A/cattle/Texas/24-008749-003/2024(H5N1)	384	35294
MP|PP755590.1|A/cattle/Texas/24-008749-003/2024(H5N1)	385	35332
MP|PP755590.1|A/cattle/Texas/24-008749-003/2024(H5N1)	386	34031
MP|PP755590.1|A/cattle/Texas/24-008749-003/2024(H5N1)	387	34107
MP|PP755590.1|A/cattle/Texas/24-008749-003/2024(H5N1)	388	35064
MP|PP755590.1|A/cattle/Texas/24-008749-003/2024(H5N1)	389	34432
MP|PP755590.1|A/cattle/Texas/24-008749-003/2024(H5N1)	390	34600
MP|PP755590.1|A/cattle/Texas/24-008749-003/2024(H5N1)	391	36510
MP|PP755590.1|A/cattle/Texas/24-008749-003/2024(H5N1)	392	36525
MP|PP755590.1|A/cattle/Texas/24-008749-003/2024(H5N1)	393	36596
MP|PP755590.1|A/cattle/Texas/24-008749-003/2024(H5N1)	394	36420
MP|PP755590.1|A/cattle/Texas/24-008749-003/2024(H5N1)	395	36129
MP|PP755590.1|A/cattle/Texas/24-008749-003/2024(H5N1)	396	37276
MP|PP755590.1|A/cattle/Texas/24-008749-003/2024(H5N1)	397	36766
MP|PP755590.1|A/cattle/Texas/24-008749-003/2024(H5N1)	398	36790
MP|PP755590.1|A/cattle/Texas/24-008749-003/2024(H5N1)	399	35274
MP|PP755590.1|A/cattle/Texas/24-008749-003/2024(H5N1)	400	34415
MP|PP755590.1|A/cattle/Texas/24-008749-003/2024(H5N1)	401	34481
MP|PP755590.1|A/cattle/Texas/24-008749-003/2024(H5N1)	402	34884
MP|PP755590.1|A/cattle/Texas/24-008749-003/2024(H5N1)	403	35739
MP|PP755590.1|A/cattle/Texas/24-008749-003/2024(H5N1)	404	35751
MP|PP755590.1|A/cattle/Texas/24-008749-003/2024(H5N1)	405	35402
MP|PP755590.1|A/cattle/Texas/24-008749-003/2024(H5N1)	406	35308
MP|PP755590.1|A/cattle/Texas/24-008749-003/2024(H5N1)	407	33538
MP|PP755590.1|A/cattle/Texas/24-008749-003/2024(H5N1)	408	32621
MP|PP755590.1|A/cattle/Texas/24-008749-003/2024(H5N1)	409	32289
MP|PP755590.1|A/cattle/Texas/24-008749-003/2024(H5N1)	410	32188
MP|PP755590.1|A/cattle/Texas/24-008749-003/2024(H5N1)	411	31562
MP|PP755590.1|A/cattle/Texas/24-008749-003/2024(H5N1)	412	31587
MP|PP755590.1|A/cattle/Texas/24-008749-003/2024(H5N1)	413	31849
MP|PP755590.1|A/cattle/Texas/24-008749-003/2024(H5N1)	414	31874
MP|PP755590.1|A/cattle/Texas/24-008749-003/2024(H5N1)	415	32122
MP|PP755590.1|A/cattle/Texas/24-008749-003/2024(H5N1)	416	31763
MP|PP755590.1|A/cattle/Texas/24-008749-003/2024(H5N1)	417	31637
MP|PP755590.1|A/cattle/Texas/24-008749-003/2024(H5N1)	418	30961
MP|PP755590.1|A/cattle/Texas/24-008749-003/2024(H5N1)	419	30955
MP|PP755590.1|A/cattle/Texas/24-008749-003/2024(H5N1)	420	30989
MP|PP755590.1|A/cattle/Texas/24-008749-003/2024(H5N1)	421	33370
MP|PP755590.1|A/cattle/Texas/24-008749-003/2024(H5N1)	422	33394
MP|PP755590.1|A/cattle/Texas/24-008749-003/2024(H5N1)	423	33398
MP|PP755590.1|A/cattle/Texas/24-008749-003/2024(H5N1)	424	33138
MP|PP755590.1|A/cattle/Texas/24-008749-003/2024(H5N1)	425	32917
MP|PP755590.1|A/cattle/Texas/24-008749-003/2024(H5N1)	426	32941
MP|PP755590.1|A/cattle/Texas/24-008749-003/2024(H5N1)	427	32954
MP|PP755590.1|A/cattle/Texas/24-008749-003/2024(H5N1)	428	32897
MP|PP755590.1|A/cattle/Texas/24-008749-003/2024(H5N1)	429	30007
MP|PP755590.1|A/cattle/Texas/24-008749-003/2024(H5N1)	430	29691
MP|PP755590.1|A/cattle/Texas/24-008749-003/2024(H5N1)	431	29689
MP|PP755590.1|A/cattle/Texas/24-008749-003/2024(H5N1)	432	29618
MP|PP755590.1|A/cattle/Texas/24-008749-003/2024(H5N1)	433	30201
MP|PP755590.1|A/cattle/Texas/24-008749-003/2024(H5N1)	434	33037
MP|PP755590.1|A/cattle/Texas/24-008749-003/2024(H5N1)	435	32911
MP|PP755590.1|A/cattle/Texas/24-008749-003/2024(H5N1)	436	31341
MP|PP755590.1|A/cattle/Texas/24-008749-003/2024(H5N1)	437	31315
MP|PP755590.1|A/cattle/Texas/24-008749-003/2024(H5N1)	438	29805
MP|PP755590.1|A/cattle/Texas/24-008749-003/2024(H5N1)	439	29939
MP|PP755590.1|A/cattle/Texas/24-008749-003/2024(H5N1)	440	30197
MP|PP755590.1|A/cattle/Texas/24-008749-003/2024(H5N1)	441	30049
MP|PP755590.1|A/cattle/Texas/24-008749-003/2024(H5N1)	442	31656
MP|PP755590.1|A/cattle/Texas/24-008749-003/2024(H5N1)	443	31356
MP|PP755590.1|A/cattle/Texas/24-008749-003/2024(H5N1)	444	31874
MP|PP755590.1|A/cattle/Texas/24-008749-003/2024(H5N1)	445	31895
MP|PP755590.1|A/cattle/Texas/24-008749-003/2024(H5N1)	446	31842
MP|PP755590.1|A/cattle/Texas/24-008749-003/2024(H5N1)	447	30957
MP|PP755590.1|A/cattle/Texas/24-008749-003/2024(H5N1)	448	30914
MP|PP755590.1|A/cattle/Texas/24-008749-003/2024(H5N1)	449	31690
MP|PP755590.1|A/cattle/Texas/24-008749-003/2024(H5N1)	450	31258
MP|PP755590.1|A/cattle/Texas/24-008749-003/2024(H5N1)	451	32346
MP|PP755590.1|A/cattle/Texas/24-008749-003/2024(H5N1)	452	32339
MP|PP755590.1|A/cattle/Texas/24-008749-003/2024(H5N1)	453	32067
MP|PP755590.1|A/cattle/Texas/24-008749-003/2024(H5N1)	454	32073
MP|PP755590.1|A/cattle/Texas/24-008749-003/2024(H5N1)	455	32154
MP|PP755590.1|A/cattle/Texas/24-008749-003/2024(H5N1)	456	31698
MP|PP755590.1|A/cattle/Texas/24-008749-003/2024(H5N1)	457	31562
MP|PP755590.1|A/cattle/Texas/24-008749-003/2024(H5N1)	458	31111
MP|PP755590.1|A/cattle/Texas/24-008749-003/2024(H5N1)	459	31334
MP|PP755590.1|A/cattle/Texas/24-008749-003/2024(H5N1)	460	31281
MP|PP755590.1|A/cattle/Texas/24-008749-003/2024(H5N1)	461	31847
MP|PP755590.1|A/cattle/Texas/24-008749-003/2024(H5N1)	462	31592
MP|PP755590.1|A/cattle/Texas/24-008749-003/2024(H5N1)	463	32183
MP|PP755590.1|A/cattle/Texas/24-008749-003/2024(H5N1)	464	32301
MP|PP755590.1|A/cattle/Texas/24-008749-003/2024(H5N1)	465	32230
MP|PP755590.1|A/cattle/Texas/24-008749-003/2024(H5N1)	466	32239
MP|PP755590.1|A/cattle/Texas/24-008749-003/2024(H5N1)	467	32271
MP|PP755590.1|A/cattle/Texas/24-008749-003/2024(H5N1)	468	31990
MP|PP755590.1|A/cattle/Texas/24-008749-003/2024(H5N1)	469	32056
MP|PP755590.1|A/cattle/Texas/24-008749-003/2024(H5N1)	470	31984
MP|PP755590.1|A/cattle/Texas/24-008749-003/2024(H5N1)	471	31890
MP|PP755590.1|A/cattle/Texas/24-008749-003/2024(H5N1)	472	31829
MP|PP755590.1|A/cattle/Texas/24-008749-003/2024(H5N1)	473	31794
MP|PP755590.1|A/cattle/Texas/24-008749-003/2024(H5N1)	474	31906
MP|PP755590.1|A/cattle/Texas/24-008749-003/2024(H5N1)	475	31875
MP|PP755590.1|A/cattle/Texas/24-008749-003/2024(H5N1)	476	31845
MP|PP755590.1|A/cattle/Texas/24-008749-003/2024(H5N1)	477	31824
MP|PP755590.1|A/cattle/Texas/24-008749-003/2024(H5N1)	478	31647
MP|PP755590.1|A/cattle/Texas/24-008749-003/2024(H5N1)	479	31641
MP|PP755590.1|A/cattle/Texas/24-008749-003/2024(H5N1)	480	31424
MP|PP755590.1|A/cattle/Texas/24-008749-003/2024(H5N1)	481	31410
MP|PP755590.1|A/cattle/Texas/24-008749-003/2024(H5N1)	482	31086
MP|PP755590.1|A/cattle/Texas/24-008749-003/2024(H5N1)	483	30949
MP|PP755590.1|A/cattle/Texas/24-008749-003/2024(H5N1)	484	30870
MP|PP755590.1|A/cattle/Texas/24-008749-003/2024(H5N1)	485	30735
MP|PP755590.1|A/cattle/Texas/24-008749-003/2024(H5N1)	486	30694
MP|PP755590.1|A/cattle/Texas/24-008749-003/2024(H5N1)	487	30598
MP|PP755590.1|A/cattle/Texas/24-008749-003/2024(H5N1)	488	30545
MP|PP755590.1|A/cattle/Texas/24-008749-003/2024(H5N1)	489	15027
MP|PP755590.1|A/cattle/Texas/24-008749-003/2024(H5N1)	490	14992
MP|PP755590.1|A/cattle/Texas/24-008749-003/2024(H5N1)	491	14957
MP|PP755590.1|A/cattle/Texas/24-008749-003/2024(H5N1)	492	8600
MP|PP755590.1|A/cattle/Texas/24-008749-003/2024(H5N1)	493	8596
MP|PP755590.1|A/cattle/Texas/24-008749-003/2024(H5N1)	494	8595
MP|PP755590.1|A/cattle/Texas/24-008749-003/2024(H5N1)	495	8510
MP|PP755590.1|A/cattle/Texas/24-008749-003/2024(H5N1)	496	8511
MP|PP755590.1|A/cattle/Texas/24-008749-003/2024(H5N1)	497	8509
MP|PP755590.1|A/cattle/Texas/24-008749-003/2024(H5N1)	498	8509
MP|PP755590.1|A/cattle/Texas/24-008749-003/2024(H5N1)	499	8545
MP|PP755590.1|A/cattle/Texas/24-008749-003/2024(H5N1)	500	8545
MP|PP755590.1|A/cattle/Texas/24-008749-003/2024(H5N1)	501	8545
MP|PP755590.1|A/cattle/Texas/24-008749-003/2024(H5N1)	502	8604
MP|PP755590.1|A/cattle/Texas/24-008749-003/2024(H5N1)	503	8950
MP|PP755590.1|A/cattle/Texas/24-008749-003/2024(H5N1)	504	9040
MP|PP755590.1|A/cattle/Texas/24-008749-003/2024(H5N1)	505	12257
MP|PP755590.1|A/cattle/Texas/24-008749-003/2024(H5N1)	506	12324
MP|PP755590.1|A/cattle/Texas/24-008749-003/2024(H5N1)	507	12328
MP|PP755590.1|A/cattle/Texas/24-008749-003/2024(H5N1)	508	12511
MP|PP755590.1|A/cattle/Texas/24-008749-003/2024(H5N1)	509	12541
MP|PP755590.1|A/cattle/Texas/24-008749-003/2024(H5N1)	510	12583
MP|PP755590.1|A/cattle/Texas/24-008749-003/2024(H5N1)	511	12759
MP|PP755590.1|A/cattle/Texas/24-008749-003/2024(H5N1)	512	12760
MP|PP755590.1|A/cattle/Texas/24-008749-003/2024(H5N1)	513	12760
MP|PP755590.1|A/cattle/Texas/24-008749-003/2024(H5N1)	514	12865
MP|PP755590.1|A/cattle/Texas/24-008749-003/2024(H5N1)	515	12865
MP|PP755590.1|A/cattle/Texas/24-008749-003/2024(H5N1)	516	13033
MP|PP755590.1|A/cattle/Texas/24-008749-003/2024(H5N1)	517	13197
MP|PP755590.1|A/cattle/Texas/24-008749-003/2024(H5N1)	518	13358
MP|PP755590.1|A/cattle/Texas/24-008749-003/2024(H5N1)	519	13359
MP|PP755590.1|A/cattle/Texas/24-008749-003/2024(H5N1)	520	13363
MP|PP755590.1|A/cattle/Texas/24-008749-003/2024(H5N1)	521	13770
MP|PP755590.1|A/cattle/Texas/24-008749-003/2024(H5N1)	522	13771
MP|PP755590.1|A/cattle/Texas/24-008749-003/2024(H5N1)	523	14242
MP|PP755590.1|A/cattle/Texas/24-008749-003/2024(H5N1)	524	14751
MP|PP755590.1|A/cattle/Texas/24-008749-003/2024(H5N1)	525	14811
MP|PP755590.1|A/cattle/Texas/24-008749-003/2024(H5N1)	526	14845
MP|PP755590.1|A/cattle/Texas/24-008749-003/2024(H5N1)	527	14849
MP|PP755590.1|A/cattle/Texas/24-008749-003/2024(H5N1)	528	15109
MP|PP755590.1|A/cattle/Texas/24-008749-003/2024(H5N1)	529	20833
MP|PP755590.1|A/cattle/Texas/24-008749-003/2024(H5N1)	530	21413
MP|PP755590.1|A/cattle/Texas/24-008749-003/2024(H5N1)	531	21625
MP|PP755590.1|A/cattle/Texas/24-008749-003/2024(H5N1)	532	21632
MP|PP755590.1|A/cattle/Texas/24-008749-003/2024(H5N1)	533	22474
MP|PP755590.1|A/cattle/Texas/24-008749-003/2024(H5N1)	534	23258
MP|PP755590.1|A/cattle/Texas/24-008749-003/2024(H5N1)	535	23872
MP|PP755590.1|A/cattle/Texas/24-008749-003/2024(H5N1)	536	23880
MP|PP755590.1|A/cattle/Texas/24-008749-003/2024(H5N1)	537	23880
MP|PP755590.1|A/cattle/Texas/24-008749-003/2024(H5N1)	538	23882
MP|PP755590.1|A/cattle/Texas/24-008749-003/2024(H5N1)	539	23882
MP|PP755590.1|A/cattle/Texas/24-008749-003/2024(H5N1)	540	23882
MP|PP755590.1|A/cattle/Texas/24-008749-003/2024(H5N1)	541	23950
MP|PP755590.1|A/cattle/Texas/24-008749-003/2024(H5N1)	542	30135
MP|PP755590.1|A/cattle/Texas/24-008749-003/2024(H5N1)	543	31485
MP|PP755590.1|A/cattle/Texas/24-008749-003/2024(H5N1)	544	31514
MP|PP755590.1|A/cattle/Texas/24-008749-003/2024(H5N1)	545	31578
MP|PP755590.1|A/cattle/Texas/24-008749-003/2024(H5N1)	546	31655
MP|PP755590.1|A/cattle/Texas/24-008749-003/2024(H5N1)	547	31665
MP|PP755590.1|A/cattle/Texas/24-008749-003/2024(H5N1)	548	32959
MP|PP755590.1|A/cattle/Texas/24-008749-003/2024(H5N1)	549	33147
MP|PP755590.1|A/cattle/Texas/24-008749-003/2024(H5N1)	550	33240
MP|PP755590.1|A/cattle/Texas/24-008749-003/2024(H5N1)	551	34496
MP|PP755590.1|A/cattle/Texas/24-008749-003/2024(H5N1)	552	34496
MP|PP755590.1|A/cattle/Texas/24-008749-003/2024(H5N1)	553	34512
MP|PP755590.1|A/cattle/Texas/24-008749-003/2024(H5N1)	554	34588
MP|PP755590.1|A/cattle/Texas/24-008749-003/2024(H5N1)	555	34731
MP|PP755590.1|A/cattle/Texas/24-008749-003/2024(H5N1)	556	35462
MP|PP755590.1|A/cattle/Texas/24-008749-003/2024(H5N1)	557	35504
MP|PP755590.1|A/cattle/Texas/24-008749-003/2024(H5N1)	558	35504
MP|PP755590.1|A/cattle/Texas/24-008749-003/2024(H5N1)	559	35504
MP|PP755590.1|A/cattle/Texas/24-008749-003/2024(H5N1)	560	35448
MP|PP755590.1|A/cattle/Texas/24-008749-003/2024(H5N1)	561	35431
MP|PP755590.1|A/cattle/Texas/24-008749-003/2024(H5N1)	562	35492
MP|PP755590.1|A/cattle/Texas/24-008749-003/2024(H5N1)	563	35452
MP|PP755590.1|A/cattle/Texas/24-008749-003/2024(H5N1)	564	34989
MP|PP755590.1|A/cattle/Texas/24-008749-003/2024(H5N1)	565	34822
MP|PP755590.1|A/cattle/Texas/24-008749-003/2024(H5N1)	566	34846
MP|PP755590.1|A/cattle/Texas/24-008749-003/2024(H5N1)	567	34769
MP|PP755590.1|A/cattle/Texas/24-008749-003/2024(H5N1)	568	34830
MP|PP755590.1|A/cattle/Texas/24-008749-003/2024(H5N1)	569	34804
MP|PP755590.1|A/cattle/Texas/24-008749-003/2024(H5N1)	570	34783
MP|PP755590.1|A/cattle/Texas/24-008749-003/2024(H5N1)	571	34596
MP|PP755590.1|A/cattle/Texas/24-008749-003/2024(H5N1)	572	34579
MP|PP755590.1|A/cattle/Texas/24-008749-003/2024(H5N1)	573	34529
MP|PP755590.1|A/cattle/Texas/24-008749-003/2024(H5N1)	574	34560
MP|PP755590.1|A/cattle/Texas/24-008749-003/2024(H5N1)	575	34729
MP|PP755590.1|A/cattle/Texas/24-008749-003/2024(H5N1)	576	34717
MP|PP755590.1|A/cattle/Texas/24-008749-003/2024(H5N1)	577	34628
MP|PP755590.1|A/cattle/Texas/24-008749-003/2024(H5N1)	578	34524
MP|PP755590.1|A/cattle/Texas/24-008749-003/2024(H5N1)	579	31580
MP|PP755590.1|A/cattle/Texas/24-008749-003/2024(H5N1)	580	31623
MP|PP755590.1|A/cattle/Texas/24-008749-003/2024(H5N1)	581	31612
MP|PP755590.1|A/cattle/Texas/24-008749-003/2024(H5N1)	582	31607
MP|PP755590.1|A/cattle/Texas/24-008749-003/2024(H5N1)	583	31637
MP|PP755590.1|A/cattle/Texas/24-008749-003/2024(H5N1)	584	31857
MP|PP755590.1|A/cattle/Texas/24-008749-003/2024(H5N1)	585	31845
MP|PP755590.1|A/cattle/Texas/24-008749-003/2024(H5N1)	586	32998
MP|PP755590.1|A/cattle/Texas/24-008749-003/2024(H5N1)	587	33035
MP|PP755590.1|A/cattle/Texas/24-008749-003/2024(H5N1)	588	33264
MP|PP755590.1|A/cattle/Texas/24-008749-003/2024(H5N1)	589	33371
MP|PP755590.1|A/cattle/Texas/24-008749-003/2024(H5N1)	590	33277
MP|PP755590.1|A/cattle/Texas/24-008749-003/2024(H5N1)	591	33984
MP|PP755590.1|A/cattle/Texas/24-008749-003/2024(H5N1)	592	33963
MP|PP755590.1|A/cattle/Texas/24-008749-003/2024(H5N1)	593	33937
MP|PP755590.1|A/cattle/Texas/24-008749-003/2024(H5N1)	594	33844
MP|PP755590.1|A/cattle/Texas/24-008749-003/2024(H5N1)	595	33531
MP|PP755590.1|A/cattle/Texas/24-008749-003/2024(H5N1)	596	33497
MP|PP755590.1|A/cattle/Texas/24-008749-003/2024(H5N1)	597	33416
MP|PP755590.1|A/cattle/Texas/24-008749-003/2024(H5N1)	598	33393
MP|PP755590.1|A/cattle/Texas/24-008749-003/2024(H5N1)	599	30977
MP|PP755590.1|A/cattle/Texas/24-008749-003/2024(H5N1)	600	30459
MP|PP755590.1|A/cattle/Texas/24-008749-003/2024(H5N1)	601	30473
MP|PP755590.1|A/cattle/Texas/24-008749-003/2024(H5N1)	602	30475
MP|PP755590.1|A/cattle/Texas/24-008749-003/2024(H5N1)	603	30477
MP|PP755590.1|A/cattle/Texas/24-008749-003/2024(H5N1)	604	30663
MP|PP755590.1|A/cattle/Texas/24-008749-003/2024(H5N1)	605	31068
MP|PP755590.1|A/cattle/Texas/24-008749-003/2024(H5N1)	606	31229
MP|PP755590.1|A/cattle/Texas/24-008749-003/2024(H5N1)	607	38144
MP|PP755590.1|A/cattle/Texas/24-008749-003/2024(H5N1)	608	39090
MP|PP755590.1|A/cattle/Texas/24-008749-003/2024(H5N1)	609	39235
MP|PP755590.1|A/cattle/Texas/24-008749-003/2024(H5N1)	610	39349
MP|PP755590.1|A/cattle/Texas/24-008749-003/2024(H5N1)	611	39551
MP|PP755590.1|A/cattle/Texas/24-008749-003/2024(H5N1)	612	39615
MP|PP755590.1|A/cattle/Texas/24-008749-003/2024(H5N1)	613	39942
MP|PP755590.1|A/cattle/Texas/24-008749-003/2024(H5N1)	614	40492
MP|PP755590.1|A/cattle/Texas/24-008749-003/2024(H5N1)	615	40489
MP|PP755590.1|A/cattle/Texas/24-008749-003/2024(H5N1)	616	40493
MP|PP755590.1|A/cattle/Texas/24-008749-003/2024(H5N1)	617	40837
MP|PP755590.1|A/cattle/Texas/24-008749-003/2024(H5N1)	618	40817
MP|PP755590.1|A/cattle/Texas/24-008749-003/2024(H5N1)	619	41182
MP|PP755590.1|A/cattle/Texas/24-008749-003/2024(H5N1)	620	41096
MP|PP755590.1|A/cattle/Texas/24-008749-003/2024(H5N1)	621	41779
MP|PP755590.1|A/cattle/Texas/24-008749-003/2024(H5N1)	622	41777
MP|PP755590.1|A/cattle/Texas/24-008749-003/2024(H5N1)	623	41865
MP|PP755590.1|A/cattle/Texas/24-008749-003/2024(H5N1)	624	44613
MP|PP755590.1|A/cattle/Texas/24-008749-003/2024(H5N1)	625	45034
MP|PP755590.1|A/cattle/Texas/24-008749-003/2024(H5N1)	626	45646
MP|PP755590.1|A/cattle/Texas/24-008749-003/2024(H5N1)	627	45651
MP|PP755590.1|A/cattle/Texas/24-008749-003/2024(H5N1)	628	45542
MP|PP755590.1|A/cattle/Texas/24-008749-003/2024(H5N1)	629	45992
MP|PP755590.1|A/cattle/Texas/24-008749-003/2024(H5N1)	630	45989
MP|PP755590.1|A/cattle/Texas/24-008749-003/2024(H5N1)	631	45988
MP|PP755590.1|A/cattle/Texas/24-008749-003/2024(H5N1)	632	45284
MP|PP755590.1|A/cattle/Texas/24-008749-003/2024(H5N1)	633	45032
MP|PP755590.1|A/cattle/Texas/24-008749-003/2024(H5N1)	634	43583
MP|PP755590.1|A/cattle/Texas/24-008749-003/2024(H5N1)	635	43007
MP|PP755590.1|A/cattle/Texas/24-008749-003/2024(H5N1)	636	43169
MP|PP755590.1|A/cattle/Texas/24-008749-003/2024(H5N1)	637	43502
MP|PP755590.1|A/cattle/Texas/24-008749-003/2024(H5N1)	638	43825
MP|PP755590.1|A/cattle/Texas/24-008749-003/2024(H5N1)	639	43439
MP|PP755590.1|A/cattle/Texas/24-008749-003/2024(H5N1)	640	43395
MP|PP755590.1|A/cattle/Texas/24-008749-003/2024(H5N1)	641	43359
MP|PP755590.1|A/cattle/Texas/24-008749-003/2024(H5N1)	642	43809
MP|PP755590.1|A/cattle/Texas/24-008749-003/2024(H5N1)	643	44699
MP|PP755590.1|A/cattle/Texas/24-008749-003/2024(H5N1)	644	45120
MP|PP755590.1|A/cattle/Texas/24-008749-003/2024(H5N1)	645	44818
MP|PP755590.1|A/cattle/Texas/24-008749-003/2024(H5N1)	646	44744
MP|PP755590.1|A/cattle/Texas/24-008749-003/2024(H5N1)	647	44623
MP|PP755590.1|A/cattle/Texas/24-008749-003/2024(H5N1)	648	44752
MP|PP755590.1|A/cattle/Texas/24-008749-003/2024(H5N1)	649	44658
MP|PP755590.1|A/cattle/Texas/24-008749-003/2024(H5N1)	650	44983
MP|PP755590.1|A/cattle/Texas/24-008749-003/2024(H5N1)	651	45363
MP|PP755590.1|A/cattle/Texas/24-008749-003/2024(H5N1)	652	45126
MP|PP755590.1|A/cattle/Texas/24-008749-003/2024(H5N1)	653	46301
MP|PP755590.1|A/cattle/Texas/24-008749-003/2024(H5N1)	654	47018
MP|PP755590.1|A/cattle/Texas/24-008749-003/2024(H5N1)	655	47068
MP|PP755590.1|A/cattle/Texas/24-008749-003/2024(H5N1)	656	47384
MP|PP755590.1|A/cattle/Texas/24-008749-003/2024(H5N1)	657	47309
MP|PP755590.1|A/cattle/Texas/24-008749-003/2024(H5N1)	658	47319
MP|PP755590.1|A/cattle/Texas/24-008749-003/2024(H5N1)	659	47509
MP|PP755590.1|A/cattle/Texas/24-008749-003/2024(H5N1)	660	47813
MP|PP755590.1|A/cattle/Texas/24-008749-003/2024(H5N1)	661	48622
MP|PP755590.1|A/cattle/Texas/24-008749-003/2024(H5N1)	662	48193
MP|PP755590.1|A/cattle/Texas/24-008749-003/2024(H5N1)	663	47335
MP|PP755590.1|A/cattle/Texas/24-008749-003/2024(H5N1)	664	47768
MP|PP755590.1|A/cattle/Texas/24-008749-003/2024(H5N1)	665	47938
MP|PP755590.1|A/cattle/Texas/24-008749-003/2024(H5N1)	666	50173
MP|PP755590.1|A/cattle/Texas/24-008749-003/2024(H5N1)	667	49989
MP|PP755590.1|A/cattle/Texas/24-008749-003/2024(H5N1)	668	49824
MP|PP755590.1|A/cattle/Texas/24-008749-003/2024(H5N1)	669	49701
MP|PP755590.1|A/cattle/Texas/24-008749-003/2024(H5N1)	670	49691
MP|PP755590.1|A/cattle/Texas/24-008749-003/2024(H5N1)	671	49755
MP|PP755590.1|A/cattle/Texas/24-008749-003/2024(H5N1)	672	51033
MP|PP755590.1|A/cattle/Texas/24-008749-003/2024(H5N1)	673	50597
MP|PP755590.1|A/cattle/Texas/24-008749-003/2024(H5N1)	674	50622
MP|PP755590.1|A/cattle/Texas/24-008749-003/2024(H5N1)	675	49250
MP|PP755590.1|A/cattle/Texas/24-008749-003/2024(H5N1)	676	49134
MP|PP755590.1|A/cattle/Texas/24-008749-003/2024(H5N1)	677	49115
MP|PP755590.1|A/cattle/Texas/24-008749-003/2024(H5N1)	678	49010
MP|PP755590.1|A/cattle/Texas/24-008749-003/2024(H5N1)	679	46842
MP|PP755590.1|A/cattle/Texas/24-008749-003/2024(H5N1)	680	46286
MP|PP755590.1|A/cattle/Texas/24-008749-003/2024(H5N1)	681	44096
MP|PP755590.1|A/cattle/Texas/24-008749-003/2024(H5N1)	682	46045
MP|PP755590.1|A/cattle/Texas/24-008749-003/2024(H5N1)	683	46254
MP|PP755590.1|A/cattle/Texas/24-008749-003/2024(H5N1)	684	46382
MP|PP755590.1|A/cattle/Texas/24-008749-003/2024(H5N1)	685	46420
MP|PP755590.1|A/cattle/Texas/24-008749-003/2024(H5N1)	686	45548
MP|PP755590.1|A/cattle/Texas/24-008749-003/2024(H5N1)	687	45640
MP|PP755590.1|A/cattle/Texas/24-008749-003/2024(H5N1)	688	45905
MP|PP755590.1|A/cattle/Texas/24-008749-003/2024(H5N1)	689	44847
MP|PP755590.1|A/cattle/Texas/24-008749-003/2024(H5N1)	690	44919
MP|PP755590.1|A/cattle/Texas/24-008749-003/2024(H5N1)	691	44498
MP|PP755590.1|A/cattle/Texas/24-008749-003/2024(H5N1)	692	44534
MP|PP755590.1|A/cattle/Texas/24-008749-003/2024(H5N1)	693	44430
MP|PP755590.1|A/cattle/Texas/24-008749-003/2024(H5N1)	694	43419
MP|PP755590.1|A/cattle/Texas/24-008749-003/2024(H5N1)	695	43874
MP|PP755590.1|A/cattle/Texas/24-008749-003/2024(H5N1)	696	44427
MP|PP755590.1|A/cattle/Texas/24-008749-003/2024(H5N1)	697	43428
MP|PP755590.1|A/cattle/Texas/24-008749-003/2024(H5N1)	698	43278
MP|PP755590.1|A/cattle/Texas/24-008749-003/2024(H5N1)	699	43339
MP|PP755590.1|A/cattle/Texas/24-008749-003/2024(H5N1)	700	42286
MP|PP755590.1|A/cattle/Texas/24-008749-003/2024(H5N1)	701	42322
MP|PP755590.1|A/cattle/Texas/24-008749-003/2024(H5N1)	702	42419
MP|PP755590.1|A/cattle/Texas/24-008749-003/2024(H5N1)	703	42424
MP|PP755590.1|A/cattle/Texas/24-008749-003/2024(H5N1)	704	42409
MP|PP755590.1|A/cattle/Texas/24-008749-003/2024(H5N1)	705	42333
MP|PP755590.1|A/cattle/Texas/24-008749-003/2024(H5N1)	706	41930
MP|PP755590.1|A/cattle/Texas/24-008749-003/2024(H5N1)	707	41691
MP|PP755590.1|A/cattle/Texas/24-008749-003/2024(H5N1)	708	42437
MP|PP755590.1|A/cattle/Texas/24-008749-003/2024(H5N1)	709	42989
MP|PP755590.1|A/cattle/Texas/24-008749-003/2024(H5N1)	710	42988
MP|PP755590.1|A/cattle/Texas/24-008749-003/2024(H5N1)	711	42969
MP|PP755590.1|A/cattle/Texas/24-008749-003/2024(H5N1)	712	42984
MP|PP755590.1|A/cattle/Texas/24-008749-003/2024(H5N1)	713	42981
MP|PP755590.1|A/cattle/Texas/24-008749-003/2024(H5N1)	714	43332
MP|PP755590.1|A/cattle/Texas/24-008749-003/2024(H5N1)	715	43532
MP|PP755590.1|A/cattle/Texas/24-008749-003/2024(H5N1)	716	43596
MP|PP755590.1|A/cattle/Texas/24-008749-003/2024(H5N1)	717	43451
MP|PP755590.1|A/cattle/Texas/24-008749-003/2024(H5N1)	718	43681
MP|PP755590.1|A/cattle/Texas/24-008749-003/2024(H5N1)	719	44652
MP|PP755590.1|A/cattle/Texas/24-008749-003/2024(H5N1)	720	45167
MP|PP755590.1|A/cattle/Texas/24-008749-003/2024(H5N1)	721	45163
MP|PP755590.1|A/cattle/Texas/24-008749-003/2024(H5N1)	722	45088
MP|PP755590.1|A/cattle/Texas/24-008749-003/2024(H5N1)	723	44938
MP|PP755590.1|A/cattle/Texas/24-008749-003/2024(H5N1)	724	45147
MP|PP755590.1|A/cattle/Texas/24-008749-003/2024(H5N1)	725	45229
MP|PP755590.1|A/cattle/Texas/24-008749-003/2024(H5N1)	726	45522
MP|PP755590.1|A/cattle/Texas/24-008749-003/2024(H5N1)	727	45569
MP|PP755590.1|A/cattle/Texas/24-008749-003/2024(H5N1)	728	45482
MP|PP755590.1|A/cattle/Texas/24-008749-003/2024(H5N1)	729	45467
MP|PP755590.1|A/cattle/Texas/24-008749-003/2024(H5N1)	730	45485
MP|PP755590.1|A/cattle/Texas/24-008749-003/2024(H5N1)	731	45515
MP|PP755590.1|A/cattle/Texas/24-008749-003/2024(H5N1)	732	44683
MP|PP755590.1|A/cattle/Texas/24-008749-003/2024(H5N1)	733	45280
MP|PP755590.1|A/cattle/Texas/24-008749-003/2024(H5N1)	734	45559
MP|PP755590.1|A/cattle/Texas/24-008749-003/2024(H5N1)	735	45304
MP|PP755590.1|A/cattle/Texas/24-008749-003/2024(H5N1)	736	46187
MP|PP755590.1|A/cattle/Texas/24-008749-003/2024(H5N1)	737	46252
MP|PP755590.1|A/cattle/Texas/24-008749-003/2024(H5N1)	738	46254
MP|PP755590.1|A/cattle/Texas/24-008749-003/2024(H5N1)	739	46524
MP|PP755590.1|A/cattle/Texas/24-008749-003/2024(H5N1)	740	46898
MP|PP755590.1|A/cattle/Texas/24-008749-003/2024(H5N1)	741	46485
MP|PP755590.1|A/cattle/Texas/24-008749-003/2024(H5N1)	742	45752
MP|PP755590.1|A/cattle/Texas/24-008749-003/2024(H5N1)	743	45526
MP|PP755590.1|A/cattle/Texas/24-008749-003/2024(H5N1)	744	45389
MP|PP755590.1|A/cattle/Texas/24-008749-003/2024(H5N1)	745	45248
MP|PP755590.1|A/cattle/Texas/24-008749-003/2024(H5N1)	746	44652
MP|PP755590.1|A/cattle/Texas/24-008749-003/2024(H5N1)	747	44483
MP|PP755590.1|A/cattle/Texas/24-008749-003/2024(H5N1)	748	45514
MP|PP755590.1|A/cattle/Texas/24-008749-003/2024(H5N1)	749	45667
MP|PP755590.1|A/cattle/Texas/24-008749-003/2024(H5N1)	750	47605
MP|PP755590.1|A/cattle/Texas/24-008749-003/2024(H5N1)	751	47608
MP|PP755590.1|A/cattle/Texas/24-008749-003/2024(H5N1)	752	47603
MP|PP755590.1|A/cattle/Texas/24-008749-003/2024(H5N1)	753	46997
MP|PP755590.1|A/cattle/Texas/24-008749-003/2024(H5N1)	754	47457
MP|PP755590.1|A/cattle/Texas/24-008749-003/2024(H5N1)	755	47478
MP|PP755590.1|A/cattle/Texas/24-008749-003/2024(H5N1)	756	47219
MP|PP755590.1|A/cattle/Texas/24-008749-003/2024(H5N1)	757	49166
MP|PP755590.1|A/cattle/Texas/24-008749-003/2024(H5N1)	758	48899
MP|PP755590.1|A/cattle/Texas/24-008749-003/2024(H5N1)	759	48456
MP|PP755590.1|A/cattle/Texas/24-008749-003/2024(H5N1)	760	48351
MP|PP755590.1|A/cattle/Texas/24-008749-003/2024(H5N1)	761	48744
MP|PP755590.1|A/cattle/Texas/24-008749-003/2024(H5N1)	762	48348
MP|PP755590.1|A/cattle/Texas/24-008749-003/2024(H5N1)	763	48541
MP|PP755590.1|A/cattle/Texas/24-008749-003/2024(H5N1)	764	48773
MP|PP755590.1|A/cattle/Texas/24-008749-003/2024(H5N1)	765	48662
MP|PP755590.1|A/cattle/Texas/24-008749-003/2024(H5N1)	766	49263
MP|PP755590.1|A/cattle/Texas/24-008749-003/2024(H5N1)	767	49253
MP|PP755590.1|A/cattle/Texas/24-008749-003/2024(H5N1)	768	48807
MP|PP755590.1|A/cattle/Texas/24-008749-003/2024(H5N1)	769	48966
MP|PP755590.1|A/cattle/Texas/24-008749-003/2024(H5N1)	770	48492
MP|PP755590.1|A/cattle/Texas/24-008749-003/2024(H5N1)	771	48342
MP|PP755590.1|A/cattle/Texas/24-008749-003/2024(H5N1)	772	47884
MP|PP755590.1|A/cattle/Texas/24-008749-003/2024(H5N1)	773	47723
MP|PP755590.1|A/cattle/Texas/24-008749-003/2024(H5N1)	774	45283
MP|PP755590.1|A/cattle/Texas/24-008749-003/2024(H5N1)	775	44761
MP|PP755590.1|A/cattle/Texas/24-008749-003/2024(H5N1)	776	44759
MP|PP755590.1|A/cattle/Texas/24-008749-003/2024(H5N1)	777	44537
MP|PP755590.1|A/cattle/Texas/24-008749-003/2024(H5N1)	778	44578
MP|PP755590.1|A/cattle/Texas/24-008749-003/2024(H5N1)	779	44426
MP|PP755590.1|A/cattle/Texas/24-008749-003/2024(H5N1)	780	44815
MP|PP755590.1|A/cattle/Texas/24-008749-003/2024(H5N1)	781	47441
MP|PP755590.1|A/cattle/Texas/24-008749-003/2024(H5N1)	782	47451
MP|PP755590.1|A/cattle/Texas/24-008749-003/2024(H5N1)	783	47587
MP|PP755590.1|A/cattle/Texas/24-008749-003/2024(H5N1)	784	48694
MP|PP755590.1|A/cattle/Texas/24-008749-003/2024(H5N1)	785	48809
MP|PP755590.1|A/cattle/Texas/24-008749-003/2024(H5N1)	786	49950
MP|PP755590.1|A/cattle/Texas/24-008749-003/2024(H5N1)	787	49659
MP|PP755590.1|A/cattle/Texas/24-008749-003/2024(H5N1)	788	49174
MP|PP755590.1|A/cattle/Texas/24-008749-003/2024(H5N1)	789	48356
MP|PP755590.1|A/cattle/Texas/24-008749-003/2024(H5N1)	790	48482
MP|PP755590.1|A/cattle/Texas/24-008749-003/2024(H5N1)	791	51170
MP|PP755590.1|A/cattle/Texas/24-008749-003/2024(H5N1)	792	51065
MP|PP755590.1|A/cattle/Texas/24-008749-003/2024(H5N1)	793	50431
MP|PP755590.1|A/cattle/Texas/24-008749-003/2024(H5N1)	794	50904
MP|PP755590.1|A/cattle/Texas/24-008749-003/2024(H5N1)	795	51142
MP|PP755590.1|A/cattle/Texas/24-008749-003/2024(H5N1)	796	51716
MP|PP755590.1|A/cattle/Texas/24-008749-003/2024(H5N1)	797	51619
MP|PP755590.1|A/cattle/Texas/24-008749-003/2024(H5N1)	798	51949
MP|PP755590.1|A/cattle/Texas/24-008749-003/2024(H5N1)	799	51863
MP|PP755590.1|A/cattle/Texas/24-008749-003/2024(H5N1)	800	51313
MP|PP755590.1|A/cattle/Texas/24-008749-003/2024(H5N1)	801	51529
MP|PP755590.1|A/cattle/Texas/24-008749-003/2024(H5N1)	802	51454
MP|PP755590.1|A/cattle/Texas/24-008749-003/2024(H5N1)	803	52200
MP|PP755590.1|A/cattle/Texas/24-008749-003/2024(H5N1)	804	51057
MP|PP755590.1|A/cattle/Texas/24-008749-003/2024(H5N1)	805	50361
MP|PP755590.1|A/cattle/Texas/24-008749-003/2024(H5N1)	806	50144
MP|PP755590.1|A/cattle/Texas/24-008749-003/2024(H5N1)	807	49821
MP|PP755590.1|A/cattle/Texas/24-008749-003/2024(H5N1)	808	50118
MP|PP755590.1|A/cattle/Texas/24-008749-003/2024(H5N1)	809	49982
MP|PP755590.1|A/cattle/Texas/24-008749-003/2024(H5N1)	810	49648
MP|PP755590.1|A/cattle/Texas/24-008749-003/2024(H5N1)	811	49445
MP|PP755590.1|A/cattle/Texas/24-008749-003/2024(H5N1)	812	48630
MP|PP755590.1|A/cattle/Texas/24-008749-003/2024(H5N1)	813	48689
MP|PP755590.1|A/cattle/Texas/24-008749-003/2024(H5N1)	814	48496
MP|PP755590.1|A/cattle/Texas/24-008749-003/2024(H5N1)	815	46414
MP|PP755590.1|A/cattle/Texas/24-008749-003/2024(H5N1)	816	46359
MP|PP755590.1|A/cattle/Texas/24-008749-003/2024(H5N1)	817	45989
MP|PP755590.1|A/cattle/Texas/24-008749-003/2024(H5N1)	818	45960
MP|PP755590.1|A/cattle/Texas/24-008749-003/2024(H5N1)	819	46369
MP|PP755590.1|A/cattle/Texas/24-008749-003/2024(H5N1)	820	46312
MP|PP755590.1|A/cattle/Texas/24-008749-003/2024(H5N1)	821	46162
MP|PP755590.1|A/cattle/Texas/24-008749-003/2024(H5N1)	822	46021
MP|PP755590.1|A/cattle/Texas/24-008749-003/2024(H5N1)	823	43873
MP|PP755590.1|A/cattle/Texas/24-008749-003/2024(H5N1)	824	46454
MP|PP755590.1|A/cattle/Texas/24-008749-003/2024(H5N1)	825	46575
MP|PP755590.1|A/cattle/Texas/24-008749-003/2024(H5N1)	826	46579
MP|PP755590.1|A/cattle/Texas/24-008749-003/2024(H5N1)	827	46618
MP|PP755590.1|A/cattle/Texas/24-008749-003/2024(H5N1)	828	45719
MP|PP755590.1|A/cattle/Texas/24-008749-003/2024(H5N1)	829	46755
MP|PP755590.1|A/cattle/Texas/24-008749-003/2024(H5N1)	830	46690
MP|PP755590.1|A/cattle/Texas/24-008749-003/2024(H5N1)	831	46680
MP|PP755590.1|A/cattle/Texas/24-008749-003/2024(H5N1)	832	45982
MP|PP755590.1|A/cattle/Texas/24-008749-003/2024(H5N1)	833	45841
MP|PP755590.1|A/cattle/Texas/24-008749-003/2024(H5N1)	834	45885
MP|PP755590.1|A/cattle/Texas/24-008749-003/2024(H5N1)	835	45885
MP|PP755590.1|A/cattle/Texas/24-008749-003/2024(H5N1)	836	45906
MP|PP755590.1|A/cattle/Texas/24-008749-003/2024(H5N1)	837	46094
MP|PP755590.1|A/cattle/Texas/24-008749-003/2024(H5N1)	838	46594
MP|PP755590.1|A/cattle/Texas/24-008749-003/2024(H5N1)	839	46513
MP|PP755590.1|A/cattle/Texas/24-008749-003/2024(H5N1)	840	46430
MP|PP755590.1|A/cattle/Texas/24-008749-003/2024(H5N1)	841	46364
MP|PP755590.1|A/cattle/Texas/24-008749-003/2024(H5N1)	842	46639
MP|PP755590.1|A/cattle/Texas/24-008749-003/2024(H5N1)	843	46638
MP|PP755590.1|A/cattle/Texas/24-008749-003/2024(H5N1)	844	46743
MP|PP755590.1|A/cattle/Texas/24-008749-003/2024(H5N1)	845	46559
MP|PP755590.1|A/cattle/Texas/24-008749-003/2024(H5N1)	846	46260
MP|PP755590.1|A/cattle/Texas/24-008749-003/2024(H5N1)	847	46272
MP|PP755590.1|A/cattle/Texas/24-008749-003/2024(H5N1)	848	46292
MP|PP755590.1|A/cattle/Texas/24-008749-003/2024(H5N1)	849	46427
MP|PP755590.1|A/cattle/Texas/24-008749-003/2024(H5N1)	850	46960
MP|PP755590.1|A/cattle/Texas/24-008749-003/2024(H5N1)	851	50682
MP|PP755590.1|A/cattle/Texas/24-008749-003/2024(H5N1)	852	50904
MP|PP755590.1|A/cattle/Texas/24-008749-003/2024(H5N1)	853	51397
MP|PP755590.1|A/cattle/Texas/24-008749-003/2024(H5N1)	854	51484
MP|PP755590.1|A/cattle/Texas/24-008749-003/2024(H5N1)	855	51522
MP|PP755590.1|A/cattle/Texas/24-008749-003/2024(H5N1)	856	52005
MP|PP755590.1|A/cattle/Texas/24-008749-003/2024(H5N1)	857	51983
MP|PP755590.1|A/cattle/Texas/24-008749-003/2024(H5N1)	858	51587
MP|PP755590.1|A/cattle/Texas/24-008749-003/2024(H5N1)	859	50537
MP|PP755590.1|A/cattle/Texas/24-008749-003/2024(H5N1)	860	50033
MP|PP755590.1|A/cattle/Texas/24-008749-003/2024(H5N1)	861	50315
MP|PP755590.1|A/cattle/Texas/24-008749-003/2024(H5N1)	862	50079
MP|PP755590.1|A/cattle/Texas/24-008749-003/2024(H5N1)	863	50011
MP|PP755590.1|A/cattle/Texas/24-008749-003/2024(H5N1)	864	49989
MP|PP755590.1|A/cattle/Texas/24-008749-003/2024(H5N1)	865	49745
MP|PP755590.1|A/cattle/Texas/24-008749-003/2024(H5N1)	866	49652
MP|PP755590.1|A/cattle/Texas/24-008749-003/2024(H5N1)	867	49629
MP|PP755590.1|A/cattle/Texas/24-008749-003/2024(H5N1)	868	49627
MP|PP755590.1|A/cattle/Texas/24-008749-003/2024(H5N1)	869	49315
MP|PP755590.1|A/cattle/Texas/24-008749-003/2024(H5N1)	870	48512
MP|PP755590.1|A/cattle/Texas/24-008749-003/2024(H5N1)	871	47749
MP|PP755590.1|A/cattle/Texas/24-008749-003/2024(H5N1)	872	47745
MP|PP755590.1|A/cattle/Texas/24-008749-003/2024(H5N1)	873	47745
MP|PP755590.1|A/cattle/Texas/24-008749-003/2024(H5N1)	874	47746
MP|PP755590.1|A/cattle/Texas/24-008749-003/2024(H5N1)	875	47626
MP|PP755590.1|A/cattle/Texas/24-008749-003/2024(H5N1)	876	47001
MP|PP755590.1|A/cattle/Texas/24-008749-003/2024(H5N1)	877	46967
MP|PP755590.1|A/cattle/Texas/24-008749-003/2024(H5N1)	878	47067
MP|PP755590.1|A/cattle/Texas/24-008749-003/2024(H5N1)	879	46675
MP|PP755590.1|A/cattle/Texas/24-008749-003/2024(H5N1)	880	46609
MP|PP755590.1|A/cattle/Texas/24-008749-003/2024(H5N1)	881	46662
MP|PP755590.1|A/cattle/Texas/24-008749-003/2024(H5N1)	882	46658
MP|PP755590.1|A/cattle/Texas/24-008749-003/2024(H5N1)	883	46026
MP|PP755590.1|A/cattle/Texas/24-008749-003/2024(H5N1)	884	45865
MP|PP755590.1|A/cattle/Texas/24-008749-003/2024(H5N1)	885	45255
MP|PP755590.1|A/cattle/Texas/24-008749-003/2024(H5N1)	886	45227
MP|PP755590.1|A/cattle/Texas/24-008749-003/2024(H5N1)	887	44267
MP|PP755590.1|A/cattle/Texas/24-008749-003/2024(H5N1)	888	43890
MP|PP755590.1|A/cattle/Texas/24-008749-003/2024(H5N1)	889	43458
MP|PP755590.1|A/cattle/Texas/24-008749-003/2024(H5N1)	890	43595
MP|PP755590.1|A/cattle/Texas/24-008749-003/2024(H5N1)	891	43076
MP|PP755590.1|A/cattle/Texas/24-008749-003/2024(H5N1)	892	43257
MP|PP755590.1|A/cattle/Texas/24-008749-003/2024(H5N1)	893	43033
MP|PP755590.1|A/cattle/Texas/24-008749-003/2024(H5N1)	894	42972
MP|PP755590.1|A/cattle/Texas/24-008749-003/2024(H5N1)	895	42683
MP|PP755590.1|A/cattle/Texas/24-008749-003/2024(H5N1)	896	42686
MP|PP755590.1|A/cattle/Texas/24-008749-003/2024(H5N1)	897	42111
MP|PP755590.1|A/cattle/Texas/24-008749-003/2024(H5N1)	898	42569
MP|PP755590.1|A/cattle/Texas/24-008749-003/2024(H5N1)	899	41349
MP|PP755590.1|A/cattle/Texas/24-008749-003/2024(H5N1)	900	40363
MP|PP755590.1|A/cattle/Texas/24-008749-003/2024(H5N1)	901	39375
MP|PP755590.1|A/cattle/Texas/24-008749-003/2024(H5N1)	902	39419
MP|PP755590.1|A/cattle/Texas/24-008749-003/2024(H5N1)	903	39426
MP|PP755590.1|A/cattle/Texas/24-008749-003/2024(H5N1)	904	38998
MP|PP755590.1|A/cattle/Texas/24-008749-003/2024(H5N1)	905	38448
MP|PP755590.1|A/cattle/Texas/24-008749-003/2024(H5N1)	906	38393
MP|PP755590.1|A/cattle/Texas/24-008749-003/2024(H5N1)	907	35714
MP|PP755590.1|A/cattle/Texas/24-008749-003/2024(H5N1)	908	35716
MP|PP755590.1|A/cattle/Texas/24-008749-003/2024(H5N1)	909	35517
MP|PP755590.1|A/cattle/Texas/24-008749-003/2024(H5N1)	910	35052
MP|PP755590.1|A/cattle/Texas/24-008749-003/2024(H5N1)	911	35051
MP|PP755590.1|A/cattle/Texas/24-008749-003/2024(H5N1)	912	34671
MP|PP755590.1|A/cattle/Texas/24-008749-003/2024(H5N1)	913	34022
MP|PP755590.1|A/cattle/Texas/24-008749-003/2024(H5N1)	914	33677
MP|PP755590.1|A/cattle/Texas/24-008749-003/2024(H5N1)	915	33140
MP|PP755590.1|A/cattle/Texas/24-008749-003/2024(H5N1)	916	33110
MP|PP755590.1|A/cattle/Texas/24-008749-003/2024(H5N1)	917	33158
MP|PP755590.1|A/cattle/Texas/24-008749-003/2024(H5N1)	918	33183
MP|PP755590.1|A/cattle/Texas/24-008749-003/2024(H5N1)	919	33108
MP|PP755590.1|A/cattle/Texas/24-008749-003/2024(H5N1)	920	32866
MP|PP755590.1|A/cattle/Texas/24-008749-003/2024(H5N1)	921	32727
MP|PP755590.1|A/cattle/Texas/24-008749-003/2024(H5N1)	922	32695
MP|PP755590.1|A/cattle/Texas/24-008749-003/2024(H5N1)	923	33024
MP|PP755590.1|A/cattle/Texas/24-008749-003/2024(H5N1)	924	32949
MP|PP755590.1|A/cattle/Texas/24-008749-003/2024(H5N1)	925	32916
MP|PP755590.1|A/cattle/Texas/24-008749-003/2024(H5N1)	926	32978
MP|PP755590.1|A/cattle/Texas/24-008749-003/2024(H5N1)	927	32583
MP|PP755590.1|A/cattle/Texas/24-008749-003/2024(H5N1)	928	32675
MP|PP755590.1|A/cattle/Texas/24-008749-003/2024(H5N1)	929	32590
MP|PP755590.1|A/cattle/Texas/24-008749-003/2024(H5N1)	930	32545
MP|PP755590.1|A/cattle/Texas/24-008749-003/2024(H5N1)	931	31963
MP|PP755590.1|A/cattle/Texas/24-008749-003/2024(H5N1)	932	28756
MP|PP755590.1|A/cattle/Texas/24-008749-003/2024(H5N1)	933	28860
MP|PP755590.1|A/cattle/Texas/24-008749-003/2024(H5N1)	934	28651
MP|PP755590.1|A/cattle/Texas/24-008749-003/2024(H5N1)	935	27635
MP|PP755590.1|A/cattle/Texas/24-008749-003/2024(H5N1)	936	27484
MP|PP755590.1|A/cattle/Texas/24-008749-003/2024(H5N1)	937	26061
MP|PP755590.1|A/cattle/Texas/24-008749-003/2024(H5N1)	938	26061
MP|PP755590.1|A/cattle/Texas/24-008749-003/2024(H5N1)	939	26013
MP|PP755590.1|A/cattle/Texas/24-008749-003/2024(H5N1)	940	25916
MP|PP755590.1|A/cattle/Texas/24-008749-003/2024(H5N1)	941	25837
MP|PP755590.1|A/cattle/Texas/24-008749-003/2024(H5N1)	942	22718
MP|PP755590.1|A/cattle/Texas/24-008749-003/2024(H5N1)	943	22666
MP|PP755590.1|A/cattle/Texas/24-008749-003/2024(H5N1)	944	21778
MP|PP755590.1|A/cattle/Texas/24-008749-003/2024(H5N1)	945	20812
MP|PP755590.1|A/cattle/Texas/24-008749-003/2024(H5N1)	946	20404
MP|PP755590.1|A/cattle/Texas/24-008749-003/2024(H5N1)	947	20019
MP|PP755590.1|A/cattle/Texas/24-008749-003/2024(H5N1)	948	19916
MP|PP755590.1|A/cattle/Texas/24-008749-003/2024(H5N1)	949	19467
MP|PP755590.1|A/cattle/Texas/24-008749-003/2024(H5N1)	950	19249
MP|PP755590.1|A/cattle/Texas/24-008749-003/2024(H5N1)	951	19009
MP|PP755590.1|A/cattle/Texas/24-008749-003/2024(H5N1)	952	18809
MP|PP755590.1|A/cattle/Texas/24-008749-003/2024(H5N1)	953	18642
MP|PP755590.1|A/cattle/Texas/24-008749-003/2024(H5N1)	954	18260
MP|PP755590.1|A/cattle/Texas/24-008749-003/2024(H5N1)	955	18228
MP|PP755590.1|A/cattle/Texas/24-008749-003/2024(H5N1)	956	18088
MP|PP755590.1|A/cattle/Texas/24-008749-003/2024(H5N1)	957	18066
MP|PP755590.1|A/cattle/Texas/24-008749-003/2024(H5N1)	958	18031
MP|PP755590.1|A/cattle/Texas/24-008749-003/2024(H5N1)	959	17864
MP|PP755590.1|A/cattle/Texas/24-008749-003/2024(H5N1)	960	17813
MP|PP755590.1|A/cattle/Texas/24-008749-003/2024(H5N1)	961	17718
MP|PP755590.1|A/cattle/Texas/24-008749-003/2024(H5N1)	962	17700
MP|PP755590.1|A/cattle/Texas/24-008749-003/2024(H5N1)	963	17411
MP|PP755590.1|A/cattle/Texas/24-008749-003/2024(H5N1)	964	17351
MP|PP755590.1|A/cattle/Texas/24-008749-003/2024(H5N1)	965	17257
MP|PP755590.1|A/cattle/Texas/24-008749-003/2024(H5N1)	966	17211
MP|PP755590.1|A/cattle/Texas/24-008749-003/2024(H5N1)	967	17194
MP|PP755590.1|A/cattle/Texas/24-008749-003/2024(H5N1)	968	17141
MP|PP755590.1|A/cattle/Texas/24-008749-003/2024(H5N1)	969	17135
MP|PP755590.1|A/cattle/Texas/24-008749-003/2024(H5N1)	970	16433
MP|PP755590.1|A/cattle/Texas/24-008749-003/2024(H5N1)	971	16418
MP|PP755590.1|A/cattle/Texas/24-008749-003/2024(H5N1)	972	16199
MP|PP755590.1|A/cattle/Texas/24-008749-003/2024(H5N1)	973	16184
MP|PP755590.1|A/cattle/Texas/24-008749-003/2024(H5N1)	974	16113
MP|PP755590.1|A/cattle/Texas/24-008749-003/2024(H5N1)	975	12398
MP|PP755590.1|A/cattle/Texas/24-008749-003/2024(H5N1)	976	12242
MP|PP755590.1|A/cattle/Texas/24-008749-003/2024(H5N1)	977	12233
MP|PP755590.1|A/cattle/Texas/24-008749-003/2024(H5N1)	978	12178
MP|PP755590.1|A/cattle/Texas/24-008749-003/2024(H5N1)	979	12164
MP|PP755590.1|A/cattle/Texas/24-008749-003/2024(H5N1)	980	10876
MP|PP755590.1|A/cattle/Texas/24-008749-003/2024(H5N1)	981	10843
MP|PP755590.1|A/cattle/Texas/24-008749-003/2024(H5N1)	982	10815
