PA|PP755594.1|A/cattle/Texas/24-008749-003/2024(H5N1)	1	91
PA|PP755594.1|A/cattle/Texas/24-008749-003/2024(H5N1)	2	92
PA|PP755594.1|A/cattle/Texas/24-008749-003/2024(H5N1)	3	94
PA|PP755594.1|A/cattle/Texas/24-008749-003/2024(H5N1)	4	94
PA|PP755594.1|A/cattle/Texas/24-008749-003/2024(H5N1)	5	95
PA|PP755594.1|A/cattle/Texas/24-008749-003/2024(H5N1)	6	97
PA|PP755594.1|A/cattle/Texas/24-008749-003/2024(H5N1)	7	98
PA|PP755594.1|A/cattle/Texas/24-008749-003/2024(H5N1)	8	101
PA|PP755594.1|A/cattle/Texas/24-008749-003/2024(H5N1)	9	102
PA|PP755594.1|A/cattle/Texas/24-008749-003/2024(H5N1)	10	102
PA|PP755594.1|A/cattle/Texas/24-008749-003/2024(H5N1)	11	103
PA|PP755594.1|A/cattle/Texas/24-008749-003/2024(H5N1)	12	103
PA|PP755594.1|A/cattle/Texas/24-008749-003/2024(H5N1)	13	106
PA|PP755594.1|A/cattle/Texas/24-008749-003/2024(H5N1)	14	106
PA|PP755594.1|A/cattle/Texas/24-008749-003/2024(H5N1)	15	106
PA|PP755594.1|A/cattle/Texas/24-008749-003/2024(H5N1)	16	106
PA|PP755594.1|A/cattle/Texas/24-008749-003/2024(H5N1)	17	106
PA|PP755594.1|A/cattle/Texas/24-008749-003/2024(H5N1)	18	108
PA|PP755594.1|A/cattle/Texas/24-008749-003/2024(H5N1)	19	108
PA|PP755594.1|A/cattle/Texas/24-008749-003/2024(H5N1)	20	108
PA|PP755594.1|A/cattle/Texas/24-008749-003/2024(H5N1)	21	109
PA|PP755594.1|A/cattle/Texas/24-008749-003/2024(H5N1)	22	109
PA|PP755594.1|A/cattle/Texas/24-008749-003/2024(H5N1)	23	109
PA|PP755594.1|A/cattle/Texas/24-008749-003/2024(H5N1)	24	113
PA|PP755594.1|A/cattle/Texas/24-008749-003/2024(H5N1)	25	113
PA|PP755594.1|A/cattle/Texas/24-008749-003/2024(H5N1)	26	113
PA|PP755594.1|A/cattle/Texas/24-008749-003/2024(H5N1)	27	113
PA|PP755594.1|A/cattle/Texas/24-008749-003/2024(H5N1)	28	113
PA|PP755594.1|A/cattle/Texas/24-008749-003/2024(H5N1)	29	114
PA|PP755594.1|A/cattle/Texas/24-008749-003/2024(H5N1)	30	115
PA|PP755594.1|A/cattle/Texas/24-008749-003/2024(H5N1)	31	115
PA|PP755594.1|A/cattle/Texas/24-008749-003/2024(H5N1)	32	115
PA|PP755594.1|A/cattle/Texas/24-008749-003/2024(H5N1)	33	115
PA|PP755594.1|A/cattle/Texas/24-008749-003/2024(H5N1)	34	116
PA|PP755594.1|A/cattle/Texas/24-008749-003/2024(H5N1)	35	119
PA|PP755594.1|A/cattle/Texas/24-008749-003/2024(H5N1)	36	120
PA|PP755594.1|A/cattle/Texas/24-008749-003/2024(H5N1)	37	120
PA|PP755594.1|A/cattle/Texas/24-008749-003/2024(H5N1)	38	121
PA|PP755594.1|A/cattle/Texas/24-008749-003/2024(H5N1)	39	121
PA|PP755594.1|A/cattle/Texas/24-008749-003/2024(H5N1)	40	122
PA|PP755594.1|A/cattle/Texas/24-008749-003/2024(H5N1)	41	122
PA|PP755594.1|A/cattle/Texas/24-008749-003/2024(H5N1)	42	122
PA|PP755594.1|A/cattle/Texas/24-008749-003/2024(H5N1)	43	122
PA|PP755594.1|A/cattle/Texas/24-008749-003/2024(H5N1)	44	122
PA|PP755594.1|A/cattle/Texas/24-008749-003/2024(H5N1)	45	122
PA|PP755594.1|A/cattle/Texas/24-008749-003/2024(H5N1)	46	123
PA|PP755594.1|A/cattle/Texas/24-008749-003/2024(H5N1)	47	123
PA|PP755594.1|A/cattle/Texas/24-008749-003/2024(H5N1)	48	123
PA|PP755594.1|A/cattle/Texas/24-008749-003/2024(H5N1)	49	123
PA|PP755594.1|A/cattle/Texas/24-008749-003/2024(H5N1)	50	123
PA|PP755594.1|A/cattle/Texas/24-008749-003/2024(H5N1)	51	125
PA|PP755594.1|A/cattle/Texas/24-008749-003/2024(H5N1)	52	124
PA|PP755594.1|A/cattle/Texas/24-008749-003/2024(H5N1)	53	122
PA|PP755594.1|A/cattle/Texas/24-008749-003/2024(H5N1)	54	121
PA|PP755594.1|A/cattle/Texas/24-008749-003/2024(H5N1)	55	121
PA|PP755594.1|A/cattle/Texas/24-008749-003/2024(H5N1)	56	119
PA|PP755594.1|A/cattle/Texas/24-008749-003/2024(H5N1)	57	118
PA|PP755594.1|A/cattle/Texas/24-008749-003/2024(H5N1)	58	114
PA|PP755594.1|A/cattle/Texas/24-008749-003/2024(H5N1)	59	112
PA|PP755594.1|A/cattle/Texas/24-008749-003/2024(H5N1)	60	112
PA|PP755594.1|A/cattle/Texas/24-008749-003/2024(H5N1)	61	112
PA|PP755594.1|A/cattle/Texas/24-008749-003/2024(H5N1)	62	104
PA|PP755594.1|A/cattle/Texas/24-008749-003/2024(H5N1)	63	104
PA|PP755594.1|A/cattle/Texas/24-008749-003/2024(H5N1)	64	101
PA|PP755594.1|A/cattle/Texas/24-008749-003/2024(H5N1)	65	98
PA|PP755594.1|A/cattle/Texas/24-008749-003/2024(H5N1)	66	97
PA|PP755594.1|A/cattle/Texas/24-008749-003/2024(H5N1)	67	101
PA|PP755594.1|A/cattle/Texas/24-008749-003/2024(H5N1)	68	99
PA|PP755594.1|A/cattle/Texas/24-008749-003/2024(H5N1)	69	98
PA|PP755594.1|A/cattle/Texas/24-008749-003/2024(H5N1)	70	93
PA|PP755594.1|A/cattle/Texas/24-008749-003/2024(H5N1)	71	92
PA|PP755594.1|A/cattle/Texas/24-008749-003/2024(H5N1)	72	87
PA|PP755594.1|A/cattle/Texas/24-008749-003/2024(H5N1)	73	84
PA|PP755594.1|A/cattle/Texas/24-008749-003/2024(H5N1)	74	84
PA|PP755594.1|A/cattle/Texas/24-008749-003/2024(H5N1)	75	82
PA|PP755594.1|A/cattle/Texas/24-008749-003/2024(H5N1)	76	81
PA|PP755594.1|A/cattle/Texas/24-008749-003/2024(H5N1)	77	82
PA|PP755594.1|A/cattle/Texas/24-008749-003/2024(H5N1)	78	82
PA|PP755594.1|A/cattle/Texas/24-008749-003/2024(H5N1)	79	81
PA|PP755594.1|A/cattle/Texas/24-008749-003/2024(H5N1)	80	80
PA|PP755594.1|A/cattle/Texas/24-008749-003/2024(H5N1)	81	76
PA|PP755594.1|A/cattle/Texas/24-008749-003/2024(H5N1)	82	72
PA|PP755594.1|A/cattle/Texas/24-008749-003/2024(H5N1)	83	71
PA|PP755594.1|A/cattle/Texas/24-008749-003/2024(H5N1)	84	68
PA|PP755594.1|A/cattle/Texas/24-008749-003/2024(H5N1)	85	68
PA|PP755594.1|A/cattle/Texas/24-008749-003/2024(H5N1)	86	67
PA|PP755594.1|A/cattle/Texas/24-008749-003/2024(H5N1)	87	66
PA|PP755594.1|A/cattle/Texas/24-008749-003/2024(H5N1)	88	66
PA|PP755594.1|A/cattle/Texas/24-008749-003/2024(H5N1)	89	62
PA|PP755594.1|A/cattle/Texas/24-008749-003/2024(H5N1)	90	61
PA|PP755594.1|A/cattle/Texas/24-008749-003/2024(H5N1)	91	60
PA|PP755594.1|A/cattle/Texas/24-008749-003/2024(H5N1)	92	60
PA|PP755594.1|A/cattle/Texas/24-008749-003/2024(H5N1)	93	58
PA|PP755594.1|A/cattle/Texas/24-008749-003/2024(H5N1)	94	58
PA|PP755594.1|A/cattle/Texas/24-008749-003/2024(H5N1)	95	54
PA|PP755594.1|A/cattle/Texas/24-008749-003/2024(H5N1)	96	53
PA|PP755594.1|A/cattle/Texas/24-008749-003/2024(H5N1)	97	53
PA|PP755594.1|A/cattle/Texas/24-008749-003/2024(H5N1)	98	53
PA|PP755594.1|A/cattle/Texas/24-008749-003/2024(H5N1)	99	49
PA|PP755594.1|A/cattle/Texas/24-008749-003/2024(H5N1)	100	49
PA|PP755594.1|A/cattle/Texas/24-008749-003/2024(H5N1)	101	50
PA|PP755594.1|A/cattle/Texas/24-008749-003/2024(H5N1)	102	50
PA|PP755594.1|A/cattle/Texas/24-008749-003/2024(H5N1)	103	45
PA|PP755594.1|A/cattle/Texas/24-008749-003/2024(H5N1)	104	43
PA|PP755594.1|A/cattle/Texas/24-008749-003/2024(H5N1)	105	41
PA|PP755594.1|A/cattle/Texas/24-008749-003/2024(H5N1)	106	38
PA|PP755594.1|A/cattle/Texas/24-008749-003/2024(H5N1)	107	36
PA|PP755594.1|A/cattle/Texas/24-008749-003/2024(H5N1)	108	34
PA|PP755594.1|A/cattle/Texas/24-008749-003/2024(H5N1)	109	34
PA|PP755594.1|A/cattle/Texas/24-008749-003/2024(H5N1)	110	36
PA|PP755594.1|A/cattle/Texas/24-008749-003/2024(H5N1)	111	37
PA|PP755594.1|A/cattle/Texas/24-008749-003/2024(H5N1)	112	40
PA|PP755594.1|A/cattle/Texas/24-008749-003/2024(H5N1)	113	40
PA|PP755594.1|A/cattle/Texas/24-008749-003/2024(H5N1)	114	49
PA|PP755594.1|A/cattle/Texas/24-008749-003/2024(H5N1)	115	49
PA|PP755594.1|A/cattle/Texas/24-008749-003/2024(H5N1)	116	49
PA|PP755594.1|A/cattle/Texas/24-008749-003/2024(H5N1)	117	49
PA|PP755594.1|A/cattle/Texas/24-008749-003/2024(H5N1)	118	48
PA|PP755594.1|A/cattle/Texas/24-008749-003/2024(H5N1)	119	45
PA|PP755594.1|A/cattle/Texas/24-008749-003/2024(H5N1)	120	44
PA|PP755594.1|A/cattle/Texas/24-008749-003/2024(H5N1)	121	54
PA|PP755594.1|A/cattle/Texas/24-008749-003/2024(H5N1)	122	54
PA|PP755594.1|A/cattle/Texas/24-008749-003/2024(H5N1)	123	55
PA|PP755594.1|A/cattle/Texas/24-008749-003/2024(H5N1)	124	54
PA|PP755594.1|A/cattle/Texas/24-008749-003/2024(H5N1)	125	54
PA|PP755594.1|A/cattle/Texas/24-008749-003/2024(H5N1)	126	55
PA|PP755594.1|A/cattle/Texas/24-008749-003/2024(H5N1)	127	55
PA|PP755594.1|A/cattle/Texas/24-008749-003/2024(H5N1)	128	56
PA|PP755594.1|A/cattle/Texas/24-008749-003/2024(H5N1)	129	56
PA|PP755594.1|A/cattle/Texas/24-008749-003/2024(H5N1)	130	55
PA|PP755594.1|A/cattle/Texas/24-008749-003/2024(H5N1)	131	54
PA|PP755594.1|A/cattle/Texas/24-008749-003/2024(H5N1)	132	54
PA|PP755594.1|A/cattle/Texas/24-008749-003/2024(H5N1)	133	51
PA|PP755594.1|A/cattle/Texas/24-008749-003/2024(H5N1)	134	54
PA|PP755594.1|A/cattle/Texas/24-008749-003/2024(H5N1)	135	55
PA|PP755594.1|A/cattle/Texas/24-008749-003/2024(H5N1)	136	54
PA|PP755594.1|A/cattle/Texas/24-008749-003/2024(H5N1)	137	54
PA|PP755594.1|A/cattle/Texas/24-008749-003/2024(H5N1)	138	54
PA|PP755594.1|A/cattle/Texas/24-008749-003/2024(H5N1)	139	52
PA|PP755594.1|A/cattle/Texas/24-008749-003/2024(H5N1)	140	52
PA|PP755594.1|A/cattle/Texas/24-008749-003/2024(H5N1)	141	53
PA|PP755594.1|A/cattle/Texas/24-008749-003/2024(H5N1)	142	54
PA|PP755594.1|A/cattle/Texas/24-008749-003/2024(H5N1)	143	54
PA|PP755594.1|A/cattle/Texas/24-008749-003/2024(H5N1)	144	53
PA|PP755594.1|A/cattle/Texas/24-008749-003/2024(H5N1)	145	52
PA|PP755594.1|A/cattle/Texas/24-008749-003/2024(H5N1)	146	51
PA|PP755594.1|A/cattle/Texas/24-008749-003/2024(H5N1)	147	52
PA|PP755594.1|A/cattle/Texas/24-008749-003/2024(H5N1)	148	54
PA|PP755594.1|A/cattle/Texas/24-008749-003/2024(H5N1)	149	56
PA|PP755594.1|A/cattle/Texas/24-008749-003/2024(H5N1)	150	56
PA|PP755594.1|A/cattle/Texas/24-008749-003/2024(H5N1)	151	57
PA|PP755594.1|A/cattle/Texas/24-008749-003/2024(H5N1)	152	57
PA|PP755594.1|A/cattle/Texas/24-008749-003/2024(H5N1)	153	57
PA|PP755594.1|A/cattle/Texas/24-008749-003/2024(H5N1)	154	58
PA|PP755594.1|A/cattle/Texas/24-008749-003/2024(H5N1)	155	58
PA|PP755594.1|A/cattle/Texas/24-008749-003/2024(H5N1)	156	59
PA|PP755594.1|A/cattle/Texas/24-008749-003/2024(H5N1)	157	60
PA|PP755594.1|A/cattle/Texas/24-008749-003/2024(H5N1)	158	59
PA|PP755594.1|A/cattle/Texas/24-008749-003/2024(H5N1)	159	59
PA|PP755594.1|A/cattle/Texas/24-008749-003/2024(H5N1)	160	60
PA|PP755594.1|A/cattle/Texas/24-008749-003/2024(H5N1)	161	60
PA|PP755594.1|A/cattle/Texas/24-008749-003/2024(H5N1)	162	59
PA|PP755594.1|A/cattle/Texas/24-008749-003/2024(H5N1)	163	59
PA|PP755594.1|A/cattle/Texas/24-008749-003/2024(H5N1)	164	57
PA|PP755594.1|A/cattle/Texas/24-008749-003/2024(H5N1)	165	56
PA|PP755594.1|A/cattle/Texas/24-008749-003/2024(H5N1)	166	56
PA|PP755594.1|A/cattle/Texas/24-008749-003/2024(H5N1)	167	57
PA|PP755594.1|A/cattle/Texas/24-008749-003/2024(H5N1)	168	57
PA|PP755594.1|A/cattle/Texas/24-008749-003/2024(H5N1)	169	58
PA|PP755594.1|A/cattle/Texas/24-008749-003/2024(H5N1)	170	58
PA|PP755594.1|A/cattle/Texas/24-008749-003/2024(H5N1)	171	61
PA|PP755594.1|A/cattle/Texas/24-008749-003/2024(H5N1)	172	60
PA|PP755594.1|A/cattle/Texas/24-008749-003/2024(H5N1)	173	60
PA|PP755594.1|A/cattle/Texas/24-008749-003/2024(H5N1)	174	62
PA|PP755594.1|A/cattle/Texas/24-008749-003/2024(H5N1)	175	62
PA|PP755594.1|A/cattle/Texas/24-008749-003/2024(H5N1)	176	62
PA|PP755594.1|A/cattle/Texas/24-008749-003/2024(H5N1)	177	64
PA|PP755594.1|A/cattle/Texas/24-008749-003/2024(H5N1)	178	65
PA|PP755594.1|A/cattle/Texas/24-008749-003/2024(H5N1)	179	67
PA|PP755594.1|A/cattle/Texas/24-008749-003/2024(H5N1)	180	67
PA|PP755594.1|A/cattle/Texas/24-008749-003/2024(H5N1)	181	67
PA|PP755594.1|A/cattle/Texas/24-008749-003/2024(H5N1)	182	68
PA|PP755594.1|A/cattle/Texas/24-008749-003/2024(H5N1)	183	68
PA|PP755594.1|A/cattle/Texas/24-008749-003/2024(H5N1)	184	69
PA|PP755594.1|A/cattle/Texas/24-008749-003/2024(H5N1)	185	72
PA|PP755594.1|A/cattle/Texas/24-008749-003/2024(H5N1)	186	72
PA|PP755594.1|A/cattle/Texas/24-008749-003/2024(H5N1)	187	74
PA|PP755594.1|A/cattle/Texas/24-008749-003/2024(H5N1)	188	72
PA|PP755594.1|A/cattle/Texas/24-008749-003/2024(H5N1)	189	71
PA|PP755594.1|A/cattle/Texas/24-008749-003/2024(H5N1)	190	73
PA|PP755594.1|A/cattle/Texas/24-008749-003/2024(H5N1)	191	72
PA|PP755594.1|A/cattle/Texas/24-008749-003/2024(H5N1)	192	72
PA|PP755594.1|A/cattle/Texas/24-008749-003/2024(H5N1)	193	72
PA|PP755594.1|A/cattle/Texas/24-008749-003/2024(H5N1)	194	70
PA|PP755594.1|A/cattle/Texas/24-008749-003/2024(H5N1)	195	68
PA|PP755594.1|A/cattle/Texas/24-008749-003/2024(H5N1)	196	68
PA|PP755594.1|A/cattle/Texas/24-008749-003/2024(H5N1)	197	68
PA|PP755594.1|A/cattle/Texas/24-008749-003/2024(H5N1)	198	70
PA|PP755594.1|A/cattle/Texas/24-008749-003/2024(H5N1)	199	70
PA|PP755594.1|A/cattle/Texas/24-008749-003/2024(H5N1)	200	70
PA|PP755594.1|A/cattle/Texas/24-008749-003/2024(H5N1)	201	71
PA|PP755594.1|A/cattle/Texas/24-008749-003/2024(H5N1)	202	68
PA|PP755594.1|A/cattle/Texas/24-008749-003/2024(H5N1)	203	68
PA|PP755594.1|A/cattle/Texas/24-008749-003/2024(H5N1)	204	68
PA|PP755594.1|A/cattle/Texas/24-008749-003/2024(H5N1)	205	67
PA|PP755594.1|A/cattle/Texas/24-008749-003/2024(H5N1)	206	68
PA|PP755594.1|A/cattle/Texas/24-008749-003/2024(H5N1)	207	67
PA|PP755594.1|A/cattle/Texas/24-008749-003/2024(H5N1)	208	69
PA|PP755594.1|A/cattle/Texas/24-008749-003/2024(H5N1)	209	67
PA|PP755594.1|A/cattle/Texas/24-008749-003/2024(H5N1)	210	66
PA|PP755594.1|A/cattle/Texas/24-008749-003/2024(H5N1)	211	64
PA|PP755594.1|A/cattle/Texas/24-008749-003/2024(H5N1)	212	63
PA|PP755594.1|A/cattle/Texas/24-008749-003/2024(H5N1)	213	64
PA|PP755594.1|A/cattle/Texas/24-008749-003/2024(H5N1)	214	65
PA|PP755594.1|A/cattle/Texas/24-008749-003/2024(H5N1)	215	64
PA|PP755594.1|A/cattle/Texas/24-008749-003/2024(H5N1)	216	64
PA|PP755594.1|A/cattle/Texas/24-008749-003/2024(H5N1)	217	63
PA|PP755594.1|A/cattle/Texas/24-008749-003/2024(H5N1)	218	62
PA|PP755594.1|A/cattle/Texas/24-008749-003/2024(H5N1)	219	63
PA|PP755594.1|A/cattle/Texas/24-008749-003/2024(H5N1)	220	61
PA|PP755594.1|A/cattle/Texas/24-008749-003/2024(H5N1)	221	60
PA|PP755594.1|A/cattle/Texas/24-008749-003/2024(H5N1)	222	59
PA|PP755594.1|A/cattle/Texas/24-008749-003/2024(H5N1)	223	57
PA|PP755594.1|A/cattle/Texas/24-008749-003/2024(H5N1)	224	56
PA|PP755594.1|A/cattle/Texas/24-008749-003/2024(H5N1)	225	56
PA|PP755594.1|A/cattle/Texas/24-008749-003/2024(H5N1)	226	55
PA|PP755594.1|A/cattle/Texas/24-008749-003/2024(H5N1)	227	55
PA|PP755594.1|A/cattle/Texas/24-008749-003/2024(H5N1)	228	55
PA|PP755594.1|A/cattle/Texas/24-008749-003/2024(H5N1)	229	54
PA|PP755594.1|A/cattle/Texas/24-008749-003/2024(H5N1)	230	55
PA|PP755594.1|A/cattle/Texas/24-008749-003/2024(H5N1)	231	54
PA|PP755594.1|A/cattle/Texas/24-008749-003/2024(H5N1)	232	54
PA|PP755594.1|A/cattle/Texas/24-008749-003/2024(H5N1)	233	53
PA|PP755594.1|A/cattle/Texas/24-008749-003/2024(H5N1)	234	53
PA|PP755594.1|A/cattle/Texas/24-008749-003/2024(H5N1)	235	54
PA|PP755594.1|A/cattle/Texas/24-008749-003/2024(H5N1)	236	52
PA|PP755594.1|A/cattle/Texas/24-008749-003/2024(H5N1)	237	51
PA|PP755594.1|A/cattle/Texas/24-008749-003/2024(H5N1)	238	52
PA|PP755594.1|A/cattle/Texas/24-008749-003/2024(H5N1)	239	49
PA|PP755594.1|A/cattle/Texas/24-008749-003/2024(H5N1)	240	49
PA|PP755594.1|A/cattle/Texas/24-008749-003/2024(H5N1)	241	51
PA|PP755594.1|A/cattle/Texas/24-008749-003/2024(H5N1)	242	52
PA|PP755594.1|A/cattle/Texas/24-008749-003/2024(H5N1)	243	52
PA|PP755594.1|A/cattle/Texas/24-008749-003/2024(H5N1)	244	51
PA|PP755594.1|A/cattle/Texas/24-008749-003/2024(H5N1)	245	52
PA|PP755594.1|A/cattle/Texas/24-008749-003/2024(H5N1)	246	52
PA|PP755594.1|A/cattle/Texas/24-008749-003/2024(H5N1)	247	53
PA|PP755594.1|A/cattle/Texas/24-008749-003/2024(H5N1)	248	55
PA|PP755594.1|A/cattle/Texas/24-008749-003/2024(H5N1)	249	58
PA|PP755594.1|A/cattle/Texas/24-008749-003/2024(H5N1)	250	56
PA|PP755594.1|A/cattle/Texas/24-008749-003/2024(H5N1)	251	57
PA|PP755594.1|A/cattle/Texas/24-008749-003/2024(H5N1)	252	57
PA|PP755594.1|A/cattle/Texas/24-008749-003/2024(H5N1)	253	61
PA|PP755594.1|A/cattle/Texas/24-008749-003/2024(H5N1)	254	60
PA|PP755594.1|A/cattle/Texas/24-008749-003/2024(H5N1)	255	59
PA|PP755594.1|A/cattle/Texas/24-008749-003/2024(H5N1)	256	59
PA|PP755594.1|A/cattle/Texas/24-008749-003/2024(H5N1)	257	58
PA|PP755594.1|A/cattle/Texas/24-008749-003/2024(H5N1)	258	59
PA|PP755594.1|A/cattle/Texas/24-008749-003/2024(H5N1)	259	59
PA|PP755594.1|A/cattle/Texas/24-008749-003/2024(H5N1)	260	59
PA|PP755594.1|A/cattle/Texas/24-008749-003/2024(H5N1)	261	60
PA|PP755594.1|A/cattle/Texas/24-008749-003/2024(H5N1)	262	60
PA|PP755594.1|A/cattle/Texas/24-008749-003/2024(H5N1)	263	62
PA|PP755594.1|A/cattle/Texas/24-008749-003/2024(H5N1)	264	62
PA|PP755594.1|A/cattle/Texas/24-008749-003/2024(H5N1)	265	62
PA|PP755594.1|A/cattle/Texas/24-008749-003/2024(H5N1)	266	62
PA|PP755594.1|A/cattle/Texas/24-008749-003/2024(H5N1)	267	53
PA|PP755594.1|A/cattle/Texas/24-008749-003/2024(H5N1)	268	59
PA|PP755594.1|A/cattle/Texas/24-008749-003/2024(H5N1)	269	57
PA|PP755594.1|A/cattle/Texas/24-008749-003/2024(H5N1)	270	60
PA|PP755594.1|A/cattle/Texas/24-008749-003/2024(H5N1)	271	60
PA|PP755594.1|A/cattle/Texas/24-008749-003/2024(H5N1)	272	55
PA|PP755594.1|A/cattle/Texas/24-008749-003/2024(H5N1)	273	55
PA|PP755594.1|A/cattle/Texas/24-008749-003/2024(H5N1)	274	55
PA|PP755594.1|A/cattle/Texas/24-008749-003/2024(H5N1)	275	54
PA|PP755594.1|A/cattle/Texas/24-008749-003/2024(H5N1)	276	54
PA|PP755594.1|A/cattle/Texas/24-008749-003/2024(H5N1)	277	50
PA|PP755594.1|A/cattle/Texas/24-008749-003/2024(H5N1)	278	52
PA|PP755594.1|A/cattle/Texas/24-008749-003/2024(H5N1)	279	52
PA|PP755594.1|A/cattle/Texas/24-008749-003/2024(H5N1)	280	53
PA|PP755594.1|A/cattle/Texas/24-008749-003/2024(H5N1)	281	53
PA|PP755594.1|A/cattle/Texas/24-008749-003/2024(H5N1)	282	54
PA|PP755594.1|A/cattle/Texas/24-008749-003/2024(H5N1)	283	56
PA|PP755594.1|A/cattle/Texas/24-008749-003/2024(H5N1)	284	56
PA|PP755594.1|A/cattle/Texas/24-008749-003/2024(H5N1)	285	54
PA|PP755594.1|A/cattle/Texas/24-008749-003/2024(H5N1)	286	53
PA|PP755594.1|A/cattle/Texas/24-008749-003/2024(H5N1)	287	55
PA|PP755594.1|A/cattle/Texas/24-008749-003/2024(H5N1)	288	55
PA|PP755594.1|A/cattle/Texas/24-008749-003/2024(H5N1)	289	54
PA|PP755594.1|A/cattle/Texas/24-008749-003/2024(H5N1)	290	56
PA|PP755594.1|A/cattle/Texas/24-008749-003/2024(H5N1)	291	53
PA|PP755594.1|A/cattle/Texas/24-008749-003/2024(H5N1)	292	54
PA|PP755594.1|A/cattle/Texas/24-008749-003/2024(H5N1)	293	53
PA|PP755594.1|A/cattle/Texas/24-008749-003/2024(H5N1)	294	53
PA|PP755594.1|A/cattle/Texas/24-008749-003/2024(H5N1)	295	53
PA|PP755594.1|A/cattle/Texas/24-008749-003/2024(H5N1)	296	50
PA|PP755594.1|A/cattle/Texas/24-008749-003/2024(H5N1)	297	52
PA|PP755594.1|A/cattle/Texas/24-008749-003/2024(H5N1)	298	52
PA|PP755594.1|A/cattle/Texas/24-008749-003/2024(H5N1)	299	51
PA|PP755594.1|A/cattle/Texas/24-008749-003/2024(H5N1)	300	51
PA|PP755594.1|A/cattle/Texas/24-008749-003/2024(H5N1)	301	51
PA|PP755594.1|A/cattle/Texas/24-008749-003/2024(H5N1)	302	52
PA|PP755594.1|A/cattle/Texas/24-008749-003/2024(H5N1)	303	52
PA|PP755594.1|A/cattle/Texas/24-008749-003/2024(H5N1)	304	53
PA|PP755594.1|A/cattle/Texas/24-008749-003/2024(H5N1)	305	51
PA|PP755594.1|A/cattle/Texas/24-008749-003/2024(H5N1)	306	53
PA|PP755594.1|A/cattle/Texas/24-008749-003/2024(H5N1)	307	52
PA|PP755594.1|A/cattle/Texas/24-008749-003/2024(H5N1)	308	52
PA|PP755594.1|A/cattle/Texas/24-008749-003/2024(H5N1)	309	52
PA|PP755594.1|A/cattle/Texas/24-008749-003/2024(H5N1)	310	52
PA|PP755594.1|A/cattle/Texas/24-008749-003/2024(H5N1)	311	52
PA|PP755594.1|A/cattle/Texas/24-008749-003/2024(H5N1)	312	52
PA|PP755594.1|A/cattle/Texas/24-008749-003/2024(H5N1)	313	52
PA|PP755594.1|A/cattle/Texas/24-008749-003/2024(H5N1)	314	52
PA|PP755594.1|A/cattle/Texas/24-008749-003/2024(H5N1)	315	52
PA|PP755594.1|A/cattle/Texas/24-008749-003/2024(H5N1)	316	52
PA|PP755594.1|A/cattle/Texas/24-008749-003/2024(H5N1)	317	52
PA|PP755594.1|A/cattle/Texas/24-008749-003/2024(H5N1)	318	53
PA|PP755594.1|A/cattle/Texas/24-008749-003/2024(H5N1)	319	53
PA|PP755594.1|A/cattle/Texas/24-008749-003/2024(H5N1)	320	53
PA|PP755594.1|A/cattle/Texas/24-008749-003/2024(H5N1)	321	53
PA|PP755594.1|A/cattle/Texas/24-008749-003/2024(H5N1)	322	53
PA|PP755594.1|A/cattle/Texas/24-008749-003/2024(H5N1)	323	53
PA|PP755594.1|A/cattle/Texas/24-008749-003/2024(H5N1)	324	53
PA|PP755594.1|A/cattle/Texas/24-008749-003/2024(H5N1)	325	52
PA|PP755594.1|A/cattle/Texas/24-008749-003/2024(H5N1)	326	51
PA|PP755594.1|A/cattle/Texas/24-008749-003/2024(H5N1)	327	52
PA|PP755594.1|A/cattle/Texas/24-008749-003/2024(H5N1)	328	52
PA|PP755594.1|A/cattle/Texas/24-008749-003/2024(H5N1)	329	52
PA|PP755594.1|A/cattle/Texas/24-008749-003/2024(H5N1)	330	52
PA|PP755594.1|A/cattle/Texas/24-008749-003/2024(H5N1)	331	52
PA|PP755594.1|A/cattle/Texas/24-008749-003/2024(H5N1)	332	60
PA|PP755594.1|A/cattle/Texas/24-008749-003/2024(H5N1)	333	60
PA|PP755594.1|A/cattle/Texas/24-008749-003/2024(H5N1)	334	59
PA|PP755594.1|A/cattle/Texas/24-008749-003/2024(H5N1)	335	58
PA|PP755594.1|A/cattle/Texas/24-008749-003/2024(H5N1)	336	57
PA|PP755594.1|A/cattle/Texas/24-008749-003/2024(H5N1)	337	56
PA|PP755594.1|A/cattle/Texas/24-008749-003/2024(H5N1)	338	56
PA|PP755594.1|A/cattle/Texas/24-008749-003/2024(H5N1)	339	55
PA|PP755594.1|A/cattle/Texas/24-008749-003/2024(H5N1)	340	56
PA|PP755594.1|A/cattle/Texas/24-008749-003/2024(H5N1)	341	54
PA|PP755594.1|A/cattle/Texas/24-008749-003/2024(H5N1)	342	55
PA|PP755594.1|A/cattle/Texas/24-008749-003/2024(H5N1)	343	54
PA|PP755594.1|A/cattle/Texas/24-008749-003/2024(H5N1)	344	54
PA|PP755594.1|A/cattle/Texas/24-008749-003/2024(H5N1)	345	54
PA|PP755594.1|A/cattle/Texas/24-008749-003/2024(H5N1)	346	52
PA|PP755594.1|A/cattle/Texas/24-008749-003/2024(H5N1)	347	53
PA|PP755594.1|A/cattle/Texas/24-008749-003/2024(H5N1)	348	53
PA|PP755594.1|A/cattle/Texas/24-008749-003/2024(H5N1)	349	53
PA|PP755594.1|A/cattle/Texas/24-008749-003/2024(H5N1)	350	50
PA|PP755594.1|A/cattle/Texas/24-008749-003/2024(H5N1)	351	48
PA|PP755594.1|A/cattle/Texas/24-008749-003/2024(H5N1)	352	48
PA|PP755594.1|A/cattle/Texas/24-008749-003/2024(H5N1)	353	48
PA|PP755594.1|A/cattle/Texas/24-008749-003/2024(H5N1)	354	46
PA|PP755594.1|A/cattle/Texas/24-008749-003/2024(H5N1)	355	46
PA|PP755594.1|A/cattle/Texas/24-008749-003/2024(H5N1)	356	46
PA|PP755594.1|A/cattle/Texas/24-008749-003/2024(H5N1)	357	46
PA|PP755594.1|A/cattle/Texas/24-008749-003/2024(H5N1)	358	46
PA|PP755594.1|A/cattle/Texas/24-008749-003/2024(H5N1)	359	47
PA|PP755594.1|A/cattle/Texas/24-008749-003/2024(H5N1)	360	47
PA|PP755594.1|A/cattle/Texas/24-008749-003/2024(H5N1)	361	47
PA|PP755594.1|A/cattle/Texas/24-008749-003/2024(H5N1)	362	48
PA|PP755594.1|A/cattle/Texas/24-008749-003/2024(H5N1)	363	48
PA|PP755594.1|A/cattle/Texas/24-008749-003/2024(H5N1)	364	49
PA|PP755594.1|A/cattle/Texas/24-008749-003/2024(H5N1)	365	47
PA|PP755594.1|A/cattle/Texas/24-008749-003/2024(H5N1)	366	46
PA|PP755594.1|A/cattle/Texas/24-008749-003/2024(H5N1)	367	46
PA|PP755594.1|A/cattle/Texas/24-008749-003/2024(H5N1)	368	46
PA|PP755594.1|A/cattle/Texas/24-008749-003/2024(H5N1)	369	46
PA|PP755594.1|A/cattle/Texas/24-008749-003/2024(H5N1)	370	45
PA|PP755594.1|A/cattle/Texas/24-008749-003/2024(H5N1)	371	44
PA|PP755594.1|A/cattle/Texas/24-008749-003/2024(H5N1)	372	43
PA|PP755594.1|A/cattle/Texas/24-008749-003/2024(H5N1)	373	43
PA|PP755594.1|A/cattle/Texas/24-008749-003/2024(H5N1)	374	43
PA|PP755594.1|A/cattle/Texas/24-008749-003/2024(H5N1)	375	43
PA|PP755594.1|A/cattle/Texas/24-008749-003/2024(H5N1)	376	43
PA|PP755594.1|A/cattle/Texas/24-008749-003/2024(H5N1)	377	42
PA|PP755594.1|A/cattle/Texas/24-008749-003/2024(H5N1)	378	42
PA|PP755594.1|A/cattle/Texas/24-008749-003/2024(H5N1)	379	41
PA|PP755594.1|A/cattle/Texas/24-008749-003/2024(H5N1)	380	41
PA|PP755594.1|A/cattle/Texas/24-008749-003/2024(H5N1)	381	40
PA|PP755594.1|A/cattle/Texas/24-008749-003/2024(H5N1)	382	42
PA|PP755594.1|A/cattle/Texas/24-008749-003/2024(H5N1)	383	41
PA|PP755594.1|A/cattle/Texas/24-008749-003/2024(H5N1)	384	39
PA|PP755594.1|A/cattle/Texas/24-008749-003/2024(H5N1)	385	39
PA|PP755594.1|A/cattle/Texas/24-008749-003/2024(H5N1)	386	39
PA|PP755594.1|A/cattle/Texas/24-008749-003/2024(H5N1)	387	39
PA|PP755594.1|A/cattle/Texas/24-008749-003/2024(H5N1)	388	39
PA|PP755594.1|A/cattle/Texas/24-008749-003/2024(H5N1)	389	39
PA|PP755594.1|A/cattle/Texas/24-008749-003/2024(H5N1)	390	38
PA|PP755594.1|A/cattle/Texas/24-008749-003/2024(H5N1)	391	37
PA|PP755594.1|A/cattle/Texas/24-008749-003/2024(H5N1)	392	37
PA|PP755594.1|A/cattle/Texas/24-008749-003/2024(H5N1)	393	37
PA|PP755594.1|A/cattle/Texas/24-008749-003/2024(H5N1)	394	37
PA|PP755594.1|A/cattle/Texas/24-008749-003/2024(H5N1)	395	37
PA|PP755594.1|A/cattle/Texas/24-008749-003/2024(H5N1)	396	37
PA|PP755594.1|A/cattle/Texas/24-008749-003/2024(H5N1)	397	38
PA|PP755594.1|A/cattle/Texas/24-008749-003/2024(H5N1)	398	37
PA|PP755594.1|A/cattle/Texas/24-008749-003/2024(H5N1)	399	37
PA|PP755594.1|A/cattle/Texas/24-008749-003/2024(H5N1)	400	38
PA|PP755594.1|A/cattle/Texas/24-008749-003/2024(H5N1)	401	38
PA|PP755594.1|A/cattle/Texas/24-008749-003/2024(H5N1)	402	38
PA|PP755594.1|A/cattle/Texas/24-008749-003/2024(H5N1)	403	39
PA|PP755594.1|A/cattle/Texas/24-008749-003/2024(H5N1)	404	39
PA|PP755594.1|A/cattle/Texas/24-008749-003/2024(H5N1)	405	39
PA|PP755594.1|A/cattle/Texas/24-008749-003/2024(H5N1)	406	39
PA|PP755594.1|A/cattle/Texas/24-008749-003/2024(H5N1)	407	39
PA|PP755594.1|A/cattle/Texas/24-008749-003/2024(H5N1)	408	38
PA|PP755594.1|A/cattle/Texas/24-008749-003/2024(H5N1)	409	38
PA|PP755594.1|A/cattle/Texas/24-008749-003/2024(H5N1)	410	38
PA|PP755594.1|A/cattle/Texas/24-008749-003/2024(H5N1)	411	42
PA|PP755594.1|A/cattle/Texas/24-008749-003/2024(H5N1)	412	42
PA|PP755594.1|A/cattle/Texas/24-008749-003/2024(H5N1)	413	41
PA|PP755594.1|A/cattle/Texas/24-008749-003/2024(H5N1)	414	39
PA|PP755594.1|A/cattle/Texas/24-008749-003/2024(H5N1)	415	40
PA|PP755594.1|A/cattle/Texas/24-008749-003/2024(H5N1)	416	39
PA|PP755594.1|A/cattle/Texas/24-008749-003/2024(H5N1)	417	39
PA|PP755594.1|A/cattle/Texas/24-008749-003/2024(H5N1)	418	38
PA|PP755594.1|A/cattle/Texas/24-008749-003/2024(H5N1)	419	37
PA|PP755594.1|A/cattle/Texas/24-008749-003/2024(H5N1)	420	36
PA|PP755594.1|A/cattle/Texas/24-008749-003/2024(H5N1)	421	36
PA|PP755594.1|A/cattle/Texas/24-008749-003/2024(H5N1)	422	36
PA|PP755594.1|A/cattle/Texas/24-008749-003/2024(H5N1)	423	36
PA|PP755594.1|A/cattle/Texas/24-008749-003/2024(H5N1)	424	36
PA|PP755594.1|A/cattle/Texas/24-008749-003/2024(H5N1)	425	37
PA|PP755594.1|A/cattle/Texas/24-008749-003/2024(H5N1)	426	37
PA|PP755594.1|A/cattle/Texas/24-008749-003/2024(H5N1)	427	37
PA|PP755594.1|A/cattle/Texas/24-008749-003/2024(H5N1)	428	37
PA|PP755594.1|A/cattle/Texas/24-008749-003/2024(H5N1)	429	38
PA|PP755594.1|A/cattle/Texas/24-008749-003/2024(H5N1)	430	38
PA|PP755594.1|A/cattle/Texas/24-008749-003/2024(H5N1)	431	38
PA|PP755594.1|A/cattle/Texas/24-008749-003/2024(H5N1)	432	37
PA|PP755594.1|A/cattle/Texas/24-008749-003/2024(H5N1)	433	37
PA|PP755594.1|A/cattle/Texas/24-008749-003/2024(H5N1)	434	37
PA|PP755594.1|A/cattle/Texas/24-008749-003/2024(H5N1)	435	37
PA|PP755594.1|A/cattle/Texas/24-008749-003/2024(H5N1)	436	42
PA|PP755594.1|A/cattle/Texas/24-008749-003/2024(H5N1)	437	40
PA|PP755594.1|A/cattle/Texas/24-008749-003/2024(H5N1)	438	39
PA|PP755594.1|A/cattle/Texas/24-008749-003/2024(H5N1)	439	37
PA|PP755594.1|A/cattle/Texas/24-008749-003/2024(H5N1)	440	37
PA|PP755594.1|A/cattle/Texas/24-008749-003/2024(H5N1)	441	37
PA|PP755594.1|A/cattle/Texas/24-008749-003/2024(H5N1)	442	38
PA|PP755594.1|A/cattle/Texas/24-008749-003/2024(H5N1)	443	37
PA|PP755594.1|A/cattle/Texas/24-008749-003/2024(H5N1)	444	38
PA|PP755594.1|A/cattle/Texas/24-008749-003/2024(H5N1)	445	36
PA|PP755594.1|A/cattle/Texas/24-008749-003/2024(H5N1)	446	36
PA|PP755594.1|A/cattle/Texas/24-008749-003/2024(H5N1)	447	36
PA|PP755594.1|A/cattle/Texas/24-008749-003/2024(H5N1)	448	35
PA|PP755594.1|A/cattle/Texas/24-008749-003/2024(H5N1)	449	36
PA|PP755594.1|A/cattle/Texas/24-008749-003/2024(H5N1)	450	35
PA|PP755594.1|A/cattle/Texas/24-008749-003/2024(H5N1)	451	32
PA|PP755594.1|A/cattle/Texas/24-008749-003/2024(H5N1)	452	33
PA|PP755594.1|A/cattle/Texas/24-008749-003/2024(H5N1)	453	32
PA|PP755594.1|A/cattle/Texas/24-008749-003/2024(H5N1)	454	33
PA|PP755594.1|A/cattle/Texas/24-008749-003/2024(H5N1)	455	33
PA|PP755594.1|A/cattle/Texas/24-008749-003/2024(H5N1)	456	33
PA|PP755594.1|A/cattle/Texas/24-008749-003/2024(H5N1)	457	33
PA|PP755594.1|A/cattle/Texas/24-008749-003/2024(H5N1)	458	33
PA|PP755594.1|A/cattle/Texas/24-008749-003/2024(H5N1)	459	32
PA|PP755594.1|A/cattle/Texas/24-008749-003/2024(H5N1)	460	32
PA|PP755594.1|A/cattle/Texas/24-008749-003/2024(H5N1)	461	32
PA|PP755594.1|A/cattle/Texas/24-008749-003/2024(H5N1)	462	31
PA|PP755594.1|A/cattle/Texas/24-008749-003/2024(H5N1)	463	32
PA|PP755594.1|A/cattle/Texas/24-008749-003/2024(H5N1)	464	35
PA|PP755594.1|A/cattle/Texas/24-008749-003/2024(H5N1)	465	35
PA|PP755594.1|A/cattle/Texas/24-008749-003/2024(H5N1)	466	36
PA|PP755594.1|A/cattle/Texas/24-008749-003/2024(H5N1)	467	36
PA|PP755594.1|A/cattle/Texas/24-008749-003/2024(H5N1)	468	35
PA|PP755594.1|A/cattle/Texas/24-008749-003/2024(H5N1)	469	35
PA|PP755594.1|A/cattle/Texas/24-008749-003/2024(H5N1)	470	36
PA|PP755594.1|A/cattle/Texas/24-008749-003/2024(H5N1)	471	36
PA|PP755594.1|A/cattle/Texas/24-008749-003/2024(H5N1)	472	36
PA|PP755594.1|A/cattle/Texas/24-008749-003/2024(H5N1)	473	36
PA|PP755594.1|A/cattle/Texas/24-008749-003/2024(H5N1)	474	37
PA|PP755594.1|A/cattle/Texas/24-008749-003/2024(H5N1)	475	37
PA|PP755594.1|A/cattle/Texas/24-008749-003/2024(H5N1)	476	37
PA|PP755594.1|A/cattle/Texas/24-008749-003/2024(H5N1)	477	41
PA|PP755594.1|A/cattle/Texas/24-008749-003/2024(H5N1)	478	41
PA|PP755594.1|A/cattle/Texas/24-008749-003/2024(H5N1)	479	41
PA|PP755594.1|A/cattle/Texas/24-008749-003/2024(H5N1)	480	41
PA|PP755594.1|A/cattle/Texas/24-008749-003/2024(H5N1)	481	41
PA|PP755594.1|A/cattle/Texas/24-008749-003/2024(H5N1)	482	41
PA|PP755594.1|A/cattle/Texas/24-008749-003/2024(H5N1)	483	41
PA|PP755594.1|A/cattle/Texas/24-008749-003/2024(H5N1)	484	41
PA|PP755594.1|A/cattle/Texas/24-008749-003/2024(H5N1)	485	46
PA|PP755594.1|A/cattle/Texas/24-008749-003/2024(H5N1)	486	46
PA|PP755594.1|A/cattle/Texas/24-008749-003/2024(H5N1)	487	44
PA|PP755594.1|A/cattle/Texas/24-008749-003/2024(H5N1)	488	45
PA|PP755594.1|A/cattle/Texas/24-008749-003/2024(H5N1)	489	44
PA|PP755594.1|A/cattle/Texas/24-008749-003/2024(H5N1)	490	44
PA|PP755594.1|A/cattle/Texas/24-008749-003/2024(H5N1)	491	45
PA|PP755594.1|A/cattle/Texas/24-008749-003/2024(H5N1)	492	44
PA|PP755594.1|A/cattle/Texas/24-008749-003/2024(H5N1)	493	46
PA|PP755594.1|A/cattle/Texas/24-008749-003/2024(H5N1)	494	47
PA|PP755594.1|A/cattle/Texas/24-008749-003/2024(H5N1)	495	48
PA|PP755594.1|A/cattle/Texas/24-008749-003/2024(H5N1)	496	49
PA|PP755594.1|A/cattle/Texas/24-008749-003/2024(H5N1)	497	49
PA|PP755594.1|A/cattle/Texas/24-008749-003/2024(H5N1)	498	52
PA|PP755594.1|A/cattle/Texas/24-008749-003/2024(H5N1)	499	52
PA|PP755594.1|A/cattle/Texas/24-008749-003/2024(H5N1)	500	52
PA|PP755594.1|A/cattle/Texas/24-008749-003/2024(H5N1)	501	52
PA|PP755594.1|A/cattle/Texas/24-008749-003/2024(H5N1)	502	51
PA|PP755594.1|A/cattle/Texas/24-008749-003/2024(H5N1)	503	53
PA|PP755594.1|A/cattle/Texas/24-008749-003/2024(H5N1)	504	53
PA|PP755594.1|A/cattle/Texas/24-008749-003/2024(H5N1)	505	54
PA|PP755594.1|A/cattle/Texas/24-008749-003/2024(H5N1)	506	53
PA|PP755594.1|A/cattle/Texas/24-008749-003/2024(H5N1)	507	52
PA|PP755594.1|A/cattle/Texas/24-008749-003/2024(H5N1)	508	52
PA|PP755594.1|A/cattle/Texas/24-008749-003/2024(H5N1)	509	52
PA|PP755594.1|A/cattle/Texas/24-008749-003/2024(H5N1)	510	51
PA|PP755594.1|A/cattle/Texas/24-008749-003/2024(H5N1)	511	52
PA|PP755594.1|A/cattle/Texas/24-008749-003/2024(H5N1)	512	52
PA|PP755594.1|A/cattle/Texas/24-008749-003/2024(H5N1)	513	53
PA|PP755594.1|A/cattle/Texas/24-008749-003/2024(H5N1)	514	53
PA|PP755594.1|A/cattle/Texas/24-008749-003/2024(H5N1)	515	53
PA|PP755594.1|A/cattle/Texas/24-008749-003/2024(H5N1)	516	53
PA|PP755594.1|A/cattle/Texas/24-008749-003/2024(H5N1)	517	53
PA|PP755594.1|A/cattle/Texas/24-008749-003/2024(H5N1)	518	50
PA|PP755594.1|A/cattle/Texas/24-008749-003/2024(H5N1)	519	50
PA|PP755594.1|A/cattle/Texas/24-008749-003/2024(H5N1)	520	50
PA|PP755594.1|A/cattle/Texas/24-008749-003/2024(H5N1)	521	50
PA|PP755594.1|A/cattle/Texas/24-008749-003/2024(H5N1)	522	50
PA|PP755594.1|A/cattle/Texas/24-008749-003/2024(H5N1)	523	51
PA|PP755594.1|A/cattle/Texas/24-008749-003/2024(H5N1)	524	50
PA|PP755594.1|A/cattle/Texas/24-008749-003/2024(H5N1)	525	51
PA|PP755594.1|A/cattle/Texas/24-008749-003/2024(H5N1)	526	53
PA|PP755594.1|A/cattle/Texas/24-008749-003/2024(H5N1)	527	53
PA|PP755594.1|A/cattle/Texas/24-008749-003/2024(H5N1)	528	52
PA|PP755594.1|A/cattle/Texas/24-008749-003/2024(H5N1)	529	50
PA|PP755594.1|A/cattle/Texas/24-008749-003/2024(H5N1)	530	53
PA|PP755594.1|A/cattle/Texas/24-008749-003/2024(H5N1)	531	53
PA|PP755594.1|A/cattle/Texas/24-008749-003/2024(H5N1)	532	53
PA|PP755594.1|A/cattle/Texas/24-008749-003/2024(H5N1)	533	53
PA|PP755594.1|A/cattle/Texas/24-008749-003/2024(H5N1)	534	51
PA|PP755594.1|A/cattle/Texas/24-008749-003/2024(H5N1)	535	50
PA|PP755594.1|A/cattle/Texas/24-008749-003/2024(H5N1)	536	50
PA|PP755594.1|A/cattle/Texas/24-008749-003/2024(H5N1)	537	50
PA|PP755594.1|A/cattle/Texas/24-008749-003/2024(H5N1)	538	49
PA|PP755594.1|A/cattle/Texas/24-008749-003/2024(H5N1)	539	47
PA|PP755594.1|A/cattle/Texas/24-008749-003/2024(H5N1)	540	47
PA|PP755594.1|A/cattle/Texas/24-008749-003/2024(H5N1)	541	47
PA|PP755594.1|A/cattle/Texas/24-008749-003/2024(H5N1)	542	47
PA|PP755594.1|A/cattle/Texas/24-008749-003/2024(H5N1)	543	48
PA|PP755594.1|A/cattle/Texas/24-008749-003/2024(H5N1)	544	49
PA|PP755594.1|A/cattle/Texas/24-008749-003/2024(H5N1)	545	45
PA|PP755594.1|A/cattle/Texas/24-008749-003/2024(H5N1)	546	46
PA|PP755594.1|A/cattle/Texas/24-008749-003/2024(H5N1)	547	46
PA|PP755594.1|A/cattle/Texas/24-008749-003/2024(H5N1)	548	44
PA|PP755594.1|A/cattle/Texas/24-008749-003/2024(H5N1)	549	44
PA|PP755594.1|A/cattle/Texas/24-008749-003/2024(H5N1)	550	44
PA|PP755594.1|A/cattle/Texas/24-008749-003/2024(H5N1)	551	47
PA|PP755594.1|A/cattle/Texas/24-008749-003/2024(H5N1)	552	47
PA|PP755594.1|A/cattle/Texas/24-008749-003/2024(H5N1)	553	47
PA|PP755594.1|A/cattle/Texas/24-008749-003/2024(H5N1)	554	46
PA|PP755594.1|A/cattle/Texas/24-008749-003/2024(H5N1)	555	46
PA|PP755594.1|A/cattle/Texas/24-008749-003/2024(H5N1)	556	51
PA|PP755594.1|A/cattle/Texas/24-008749-003/2024(H5N1)	557	54
PA|PP755594.1|A/cattle/Texas/24-008749-003/2024(H5N1)	558	53
PA|PP755594.1|A/cattle/Texas/24-008749-003/2024(H5N1)	559	53
PA|PP755594.1|A/cattle/Texas/24-008749-003/2024(H5N1)	560	51
PA|PP755594.1|A/cattle/Texas/24-008749-003/2024(H5N1)	561	51
PA|PP755594.1|A/cattle/Texas/24-008749-003/2024(H5N1)	562	52
PA|PP755594.1|A/cattle/Texas/24-008749-003/2024(H5N1)	563	52
PA|PP755594.1|A/cattle/Texas/24-008749-003/2024(H5N1)	564	52
PA|PP755594.1|A/cattle/Texas/24-008749-003/2024(H5N1)	565	48
PA|PP755594.1|A/cattle/Texas/24-008749-003/2024(H5N1)	566	47
PA|PP755594.1|A/cattle/Texas/24-008749-003/2024(H5N1)	567	45
PA|PP755594.1|A/cattle/Texas/24-008749-003/2024(H5N1)	568	45
PA|PP755594.1|A/cattle/Texas/24-008749-003/2024(H5N1)	569	46
PA|PP755594.1|A/cattle/Texas/24-008749-003/2024(H5N1)	570	45
PA|PP755594.1|A/cattle/Texas/24-008749-003/2024(H5N1)	571	45
PA|PP755594.1|A/cattle/Texas/24-008749-003/2024(H5N1)	572	45
PA|PP755594.1|A/cattle/Texas/24-008749-003/2024(H5N1)	573	45
PA|PP755594.1|A/cattle/Texas/24-008749-003/2024(H5N1)	574	45
PA|PP755594.1|A/cattle/Texas/24-008749-003/2024(H5N1)	575	46
PA|PP755594.1|A/cattle/Texas/24-008749-003/2024(H5N1)	576	45
PA|PP755594.1|A/cattle/Texas/24-008749-003/2024(H5N1)	577	45
PA|PP755594.1|A/cattle/Texas/24-008749-003/2024(H5N1)	578	44
PA|PP755594.1|A/cattle/Texas/24-008749-003/2024(H5N1)	579	43
PA|PP755594.1|A/cattle/Texas/24-008749-003/2024(H5N1)	580	42
PA|PP755594.1|A/cattle/Texas/24-008749-003/2024(H5N1)	581	42
PA|PP755594.1|A/cattle/Texas/24-008749-003/2024(H5N1)	582	42
PA|PP755594.1|A/cattle/Texas/24-008749-003/2024(H5N1)	583	42
PA|PP755594.1|A/cattle/Texas/24-008749-003/2024(H5N1)	584	42
PA|PP755594.1|A/cattle/Texas/24-008749-003/2024(H5N1)	585	42
PA|PP755594.1|A/cattle/Texas/24-008749-003/2024(H5N1)	586	42
PA|PP755594.1|A/cattle/Texas/24-008749-003/2024(H5N1)	587	41
PA|PP755594.1|A/cattle/Texas/24-008749-003/2024(H5N1)	588	42
PA|PP755594.1|A/cattle/Texas/24-008749-003/2024(H5N1)	589	43
PA|PP755594.1|A/cattle/Texas/24-008749-003/2024(H5N1)	590	44
PA|PP755594.1|A/cattle/Texas/24-008749-003/2024(H5N1)	591	42
PA|PP755594.1|A/cattle/Texas/24-008749-003/2024(H5N1)	592	42
PA|PP755594.1|A/cattle/Texas/24-008749-003/2024(H5N1)	593	41
PA|PP755594.1|A/cattle/Texas/24-008749-003/2024(H5N1)	594	42
PA|PP755594.1|A/cattle/Texas/24-008749-003/2024(H5N1)	595	41
PA|PP755594.1|A/cattle/Texas/24-008749-003/2024(H5N1)	596	40
PA|PP755594.1|A/cattle/Texas/24-008749-003/2024(H5N1)	597	41
PA|PP755594.1|A/cattle/Texas/24-008749-003/2024(H5N1)	598	42
PA|PP755594.1|A/cattle/Texas/24-008749-003/2024(H5N1)	599	42
PA|PP755594.1|A/cattle/Texas/24-008749-003/2024(H5N1)	600	42
PA|PP755594.1|A/cattle/Texas/24-008749-003/2024(H5N1)	601	42
PA|PP755594.1|A/cattle/Texas/24-008749-003/2024(H5N1)	602	43
PA|PP755594.1|A/cattle/Texas/24-008749-003/2024(H5N1)	603	43
PA|PP755594.1|A/cattle/Texas/24-008749-003/2024(H5N1)	604	43
PA|PP755594.1|A/cattle/Texas/24-008749-003/2024(H5N1)	605	42
PA|PP755594.1|A/cattle/Texas/24-008749-003/2024(H5N1)	606	42
PA|PP755594.1|A/cattle/Texas/24-008749-003/2024(H5N1)	607	42
PA|PP755594.1|A/cattle/Texas/24-008749-003/2024(H5N1)	608	42
PA|PP755594.1|A/cattle/Texas/24-008749-003/2024(H5N1)	609	42
PA|PP755594.1|A/cattle/Texas/24-008749-003/2024(H5N1)	610	43
PA|PP755594.1|A/cattle/Texas/24-008749-003/2024(H5N1)	611	45
PA|PP755594.1|A/cattle/Texas/24-008749-003/2024(H5N1)	612	44
PA|PP755594.1|A/cattle/Texas/24-008749-003/2024(H5N1)	613	42
PA|PP755594.1|A/cattle/Texas/24-008749-003/2024(H5N1)	614	42
PA|PP755594.1|A/cattle/Texas/24-008749-003/2024(H5N1)	615	42
PA|PP755594.1|A/cattle/Texas/24-008749-003/2024(H5N1)	616	42
PA|PP755594.1|A/cattle/Texas/24-008749-003/2024(H5N1)	617	42
PA|PP755594.1|A/cattle/Texas/24-008749-003/2024(H5N1)	618	42
PA|PP755594.1|A/cattle/Texas/24-008749-003/2024(H5N1)	619	42
PA|PP755594.1|A/cattle/Texas/24-008749-003/2024(H5N1)	620	42
PA|PP755594.1|A/cattle/Texas/24-008749-003/2024(H5N1)	621	43
PA|PP755594.1|A/cattle/Texas/24-008749-003/2024(H5N1)	622	43
PA|PP755594.1|A/cattle/Texas/24-008749-003/2024(H5N1)	623	43
PA|PP755594.1|A/cattle/Texas/24-008749-003/2024(H5N1)	624	43
PA|PP755594.1|A/cattle/Texas/24-008749-003/2024(H5N1)	625	43
PA|PP755594.1|A/cattle/Texas/24-008749-003/2024(H5N1)	626	43
PA|PP755594.1|A/cattle/Texas/24-008749-003/2024(H5N1)	627	43
PA|PP755594.1|A/cattle/Texas/24-008749-003/2024(H5N1)	628	44
PA|PP755594.1|A/cattle/Texas/24-008749-003/2024(H5N1)	629	43
PA|PP755594.1|A/cattle/Texas/24-008749-003/2024(H5N1)	630	42
PA|PP755594.1|A/cattle/Texas/24-008749-003/2024(H5N1)	631	42
PA|PP755594.1|A/cattle/Texas/24-008749-003/2024(H5N1)	632	41
PA|PP755594.1|A/cattle/Texas/24-008749-003/2024(H5N1)	633	42
PA|PP755594.1|A/cattle/Texas/24-008749-003/2024(H5N1)	634	41
PA|PP755594.1|A/cattle/Texas/24-008749-003/2024(H5N1)	635	41
PA|PP755594.1|A/cattle/Texas/24-008749-003/2024(H5N1)	636	40
PA|PP755594.1|A/cattle/Texas/24-008749-003/2024(H5N1)	637	38
PA|PP755594.1|A/cattle/Texas/24-008749-003/2024(H5N1)	638	39
PA|PP755594.1|A/cattle/Texas/24-008749-003/2024(H5N1)	639	39
PA|PP755594.1|A/cattle/Texas/24-008749-003/2024(H5N1)	640	39
PA|PP755594.1|A/cattle/Texas/24-008749-003/2024(H5N1)	641	38
PA|PP755594.1|A/cattle/Texas/24-008749-003/2024(H5N1)	642	36
PA|PP755594.1|A/cattle/Texas/24-008749-003/2024(H5N1)	643	36
PA|PP755594.1|A/cattle/Texas/24-008749-003/2024(H5N1)	644	36
PA|PP755594.1|A/cattle/Texas/24-008749-003/2024(H5N1)	645	36
PA|PP755594.1|A/cattle/Texas/24-008749-003/2024(H5N1)	646	37
PA|PP755594.1|A/cattle/Texas/24-008749-003/2024(H5N1)	647	37
PA|PP755594.1|A/cattle/Texas/24-008749-003/2024(H5N1)	648	34
PA|PP755594.1|A/cattle/Texas/24-008749-003/2024(H5N1)	649	33
PA|PP755594.1|A/cattle/Texas/24-008749-003/2024(H5N1)	650	33
PA|PP755594.1|A/cattle/Texas/24-008749-003/2024(H5N1)	651	33
PA|PP755594.1|A/cattle/Texas/24-008749-003/2024(H5N1)	652	33
PA|PP755594.1|A/cattle/Texas/24-008749-003/2024(H5N1)	653	32
PA|PP755594.1|A/cattle/Texas/24-008749-003/2024(H5N1)	654	30
PA|PP755594.1|A/cattle/Texas/24-008749-003/2024(H5N1)	655	29
PA|PP755594.1|A/cattle/Texas/24-008749-003/2024(H5N1)	656	31
PA|PP755594.1|A/cattle/Texas/24-008749-003/2024(H5N1)	657	32
PA|PP755594.1|A/cattle/Texas/24-008749-003/2024(H5N1)	658	34
PA|PP755594.1|A/cattle/Texas/24-008749-003/2024(H5N1)	659	34
PA|PP755594.1|A/cattle/Texas/24-008749-003/2024(H5N1)	660	33
PA|PP755594.1|A/cattle/Texas/24-008749-003/2024(H5N1)	661	34
PA|PP755594.1|A/cattle/Texas/24-008749-003/2024(H5N1)	662	34
PA|PP755594.1|A/cattle/Texas/24-008749-003/2024(H5N1)	663	33
PA|PP755594.1|A/cattle/Texas/24-008749-003/2024(H5N1)	664	32
PA|PP755594.1|A/cattle/Texas/24-008749-003/2024(H5N1)	665	32
PA|PP755594.1|A/cattle/Texas/24-008749-003/2024(H5N1)	666	31
PA|PP755594.1|A/cattle/Texas/24-008749-003/2024(H5N1)	667	28
PA|PP755594.1|A/cattle/Texas/24-008749-003/2024(H5N1)	668	29
PA|PP755594.1|A/cattle/Texas/24-008749-003/2024(H5N1)	669	30
PA|PP755594.1|A/cattle/Texas/24-008749-003/2024(H5N1)	670	30
PA|PP755594.1|A/cattle/Texas/24-008749-003/2024(H5N1)	671	30
PA|PP755594.1|A/cattle/Texas/24-008749-003/2024(H5N1)	672	30
PA|PP755594.1|A/cattle/Texas/24-008749-003/2024(H5N1)	673	29
PA|PP755594.1|A/cattle/Texas/24-008749-003/2024(H5N1)	674	29
PA|PP755594.1|A/cattle/Texas/24-008749-003/2024(H5N1)	675	29
PA|PP755594.1|A/cattle/Texas/24-008749-003/2024(H5N1)	676	29
PA|PP755594.1|A/cattle/Texas/24-008749-003/2024(H5N1)	677	28
PA|PP755594.1|A/cattle/Texas/24-008749-003/2024(H5N1)	678	28
PA|PP755594.1|A/cattle/Texas/24-008749-003/2024(H5N1)	679	28
PA|PP755594.1|A/cattle/Texas/24-008749-003/2024(H5N1)	680	28
PA|PP755594.1|A/cattle/Texas/24-008749-003/2024(H5N1)	681	28
PA|PP755594.1|A/cattle/Texas/24-008749-003/2024(H5N1)	682	28
PA|PP755594.1|A/cattle/Texas/24-008749-003/2024(H5N1)	683	26
PA|PP755594.1|A/cattle/Texas/24-008749-003/2024(H5N1)	684	25
PA|PP755594.1|A/cattle/Texas/24-008749-003/2024(H5N1)	685	25
PA|PP755594.1|A/cattle/Texas/24-008749-003/2024(H5N1)	686	25
PA|PP755594.1|A/cattle/Texas/24-008749-003/2024(H5N1)	687	26
PA|PP755594.1|A/cattle/Texas/24-008749-003/2024(H5N1)	688	26
PA|PP755594.1|A/cattle/Texas/24-008749-003/2024(H5N1)	689	26
PA|PP755594.1|A/cattle/Texas/24-008749-003/2024(H5N1)	690	26
PA|PP755594.1|A/cattle/Texas/24-008749-003/2024(H5N1)	691	28
PA|PP755594.1|A/cattle/Texas/24-008749-003/2024(H5N1)	692	27
PA|PP755594.1|A/cattle/Texas/24-008749-003/2024(H5N1)	693	26
PA|PP755594.1|A/cattle/Texas/24-008749-003/2024(H5N1)	694	26
PA|PP755594.1|A/cattle/Texas/24-008749-003/2024(H5N1)	695	26
PA|PP755594.1|A/cattle/Texas/24-008749-003/2024(H5N1)	696	26
PA|PP755594.1|A/cattle/Texas/24-008749-003/2024(H5N1)	697	26
PA|PP755594.1|A/cattle/Texas/24-008749-003/2024(H5N1)	698	26
PA|PP755594.1|A/cattle/Texas/24-008749-003/2024(H5N1)	699	26
PA|PP755594.1|A/cattle/Texas/24-008749-003/2024(H5N1)	700	24
PA|PP755594.1|A/cattle/Texas/24-008749-003/2024(H5N1)	701	25
PA|PP755594.1|A/cattle/Texas/24-008749-003/2024(H5N1)	702	25
PA|PP755594.1|A/cattle/Texas/24-008749-003/2024(H5N1)	703	25
PA|PP755594.1|A/cattle/Texas/24-008749-003/2024(H5N1)	704	26
PA|PP755594.1|A/cattle/Texas/24-008749-003/2024(H5N1)	705	25
PA|PP755594.1|A/cattle/Texas/24-008749-003/2024(H5N1)	706	25
PA|PP755594.1|A/cattle/Texas/24-008749-003/2024(H5N1)	707	25
PA|PP755594.1|A/cattle/Texas/24-008749-003/2024(H5N1)	708	23
PA|PP755594.1|A/cattle/Texas/24-008749-003/2024(H5N1)	709	23
PA|PP755594.1|A/cattle/Texas/24-008749-003/2024(H5N1)	710	23
PA|PP755594.1|A/cattle/Texas/24-008749-003/2024(H5N1)	711	23
PA|PP755594.1|A/cattle/Texas/24-008749-003/2024(H5N1)	712	24
PA|PP755594.1|A/cattle/Texas/24-008749-003/2024(H5N1)	713	23
PA|PP755594.1|A/cattle/Texas/24-008749-003/2024(H5N1)	714	24
PA|PP755594.1|A/cattle/Texas/24-008749-003/2024(H5N1)	715	24
PA|PP755594.1|A/cattle/Texas/24-008749-003/2024(H5N1)	716	24
PA|PP755594.1|A/cattle/Texas/24-008749-003/2024(H5N1)	717	25
PA|PP755594.1|A/cattle/Texas/24-008749-003/2024(H5N1)	718	25
PA|PP755594.1|A/cattle/Texas/24-008749-003/2024(H5N1)	719	27
PA|PP755594.1|A/cattle/Texas/24-008749-003/2024(H5N1)	720	28
PA|PP755594.1|A/cattle/Texas/24-008749-003/2024(H5N1)	721	29
PA|PP755594.1|A/cattle/Texas/24-008749-003/2024(H5N1)	722	30
PA|PP755594.1|A/cattle/Texas/24-008749-003/2024(H5N1)	723	31
PA|PP755594.1|A/cattle/Texas/24-008749-003/2024(H5N1)	724	32
PA|PP755594.1|A/cattle/Texas/24-008749-003/2024(H5N1)	725	32
PA|PP755594.1|A/cattle/Texas/24-008749-003/2024(H5N1)	726	31
PA|PP755594.1|A/cattle/Texas/24-008749-003/2024(H5N1)	727	32
PA|PP755594.1|A/cattle/Texas/24-008749-003/2024(H5N1)	728	32
PA|PP755594.1|A/cattle/Texas/24-008749-003/2024(H5N1)	729	32
PA|PP755594.1|A/cattle/Texas/24-008749-003/2024(H5N1)	730	31
PA|PP755594.1|A/cattle/Texas/24-008749-003/2024(H5N1)	731	29
PA|PP755594.1|A/cattle/Texas/24-008749-003/2024(H5N1)	732	29
PA|PP755594.1|A/cattle/Texas/24-008749-003/2024(H5N1)	733	29
PA|PP755594.1|A/cattle/Texas/24-008749-003/2024(H5N1)	734	29
PA|PP755594.1|A/cattle/Texas/24-008749-003/2024(H5N1)	735	30
PA|PP755594.1|A/cattle/Texas/24-008749-003/2024(H5N1)	736	30
PA|PP755594.1|A/cattle/Texas/24-008749-003/2024(H5N1)	737	31
PA|PP755594.1|A/cattle/Texas/24-008749-003/2024(H5N1)	738	31
PA|PP755594.1|A/cattle/Texas/24-008749-003/2024(H5N1)	739	31
PA|PP755594.1|A/cattle/Texas/24-008749-003/2024(H5N1)	740	31
PA|PP755594.1|A/cattle/Texas/24-008749-003/2024(H5N1)	741	31
PA|PP755594.1|A/cattle/Texas/24-008749-003/2024(H5N1)	742	31
PA|PP755594.1|A/cattle/Texas/24-008749-003/2024(H5N1)	743	32
PA|PP755594.1|A/cattle/Texas/24-008749-003/2024(H5N1)	744	32
PA|PP755594.1|A/cattle/Texas/24-008749-003/2024(H5N1)	745	32
PA|PP755594.1|A/cattle/Texas/24-008749-003/2024(H5N1)	746	34
PA|PP755594.1|A/cattle/Texas/24-008749-003/2024(H5N1)	747	34
PA|PP755594.1|A/cattle/Texas/24-008749-003/2024(H5N1)	748	34
PA|PP755594.1|A/cattle/Texas/24-008749-003/2024(H5N1)	749	34
PA|PP755594.1|A/cattle/Texas/24-008749-003/2024(H5N1)	750	34
PA|PP755594.1|A/cattle/Texas/24-008749-003/2024(H5N1)	751	34
PA|PP755594.1|A/cattle/Texas/24-008749-003/2024(H5N1)	752	34
PA|PP755594.1|A/cattle/Texas/24-008749-003/2024(H5N1)	753	34
PA|PP755594.1|A/cattle/Texas/24-008749-003/2024(H5N1)	754	36
PA|PP755594.1|A/cattle/Texas/24-008749-003/2024(H5N1)	755	35
PA|PP755594.1|A/cattle/Texas/24-008749-003/2024(H5N1)	756	35
PA|PP755594.1|A/cattle/Texas/24-008749-003/2024(H5N1)	757	35
PA|PP755594.1|A/cattle/Texas/24-008749-003/2024(H5N1)	758	34
PA|PP755594.1|A/cattle/Texas/24-008749-003/2024(H5N1)	759	34
PA|PP755594.1|A/cattle/Texas/24-008749-003/2024(H5N1)	760	34
PA|PP755594.1|A/cattle/Texas/24-008749-003/2024(H5N1)	761	34
PA|PP755594.1|A/cattle/Texas/24-008749-003/2024(H5N1)	762	36
PA|PP755594.1|A/cattle/Texas/24-008749-003/2024(H5N1)	763	36
PA|PP755594.1|A/cattle/Texas/24-008749-003/2024(H5N1)	764	36
PA|PP755594.1|A/cattle/Texas/24-008749-003/2024(H5N1)	765	35
PA|PP755594.1|A/cattle/Texas/24-008749-003/2024(H5N1)	766	35
PA|PP755594.1|A/cattle/Texas/24-008749-003/2024(H5N1)	767	35
PA|PP755594.1|A/cattle/Texas/24-008749-003/2024(H5N1)	768	34
PA|PP755594.1|A/cattle/Texas/24-008749-003/2024(H5N1)	769	34
PA|PP755594.1|A/cattle/Texas/24-008749-003/2024(H5N1)	770	34
PA|PP755594.1|A/cattle/Texas/24-008749-003/2024(H5N1)	771	32
PA|PP755594.1|A/cattle/Texas/24-008749-003/2024(H5N1)	772	33
PA|PP755594.1|A/cattle/Texas/24-008749-003/2024(H5N1)	773	33
PA|PP755594.1|A/cattle/Texas/24-008749-003/2024(H5N1)	774	33
PA|PP755594.1|A/cattle/Texas/24-008749-003/2024(H5N1)	775	33
PA|PP755594.1|A/cattle/Texas/24-008749-003/2024(H5N1)	776	33
PA|PP755594.1|A/cattle/Texas/24-008749-003/2024(H5N1)	777	33
PA|PP755594.1|A/cattle/Texas/24-008749-003/2024(H5N1)	778	34
PA|PP755594.1|A/cattle/Texas/24-008749-003/2024(H5N1)	779	34
PA|PP755594.1|A/cattle/Texas/24-008749-003/2024(H5N1)	780	34
PA|PP755594.1|A/cattle/Texas/24-008749-003/2024(H5N1)	781	34
PA|PP755594.1|A/cattle/Texas/24-008749-003/2024(H5N1)	782	34
PA|PP755594.1|A/cattle/Texas/24-008749-003/2024(H5N1)	783	34
PA|PP755594.1|A/cattle/Texas/24-008749-003/2024(H5N1)	784	34
PA|PP755594.1|A/cattle/Texas/24-008749-003/2024(H5N1)	785	36
PA|PP755594.1|A/cattle/Texas/24-008749-003/2024(H5N1)	786	36
PA|PP755594.1|A/cattle/Texas/24-008749-003/2024(H5N1)	787	33
PA|PP755594.1|A/cattle/Texas/24-008749-003/2024(H5N1)	788	34
PA|PP755594.1|A/cattle/Texas/24-008749-003/2024(H5N1)	789	34
PA|PP755594.1|A/cattle/Texas/24-008749-003/2024(H5N1)	790	35
PA|PP755594.1|A/cattle/Texas/24-008749-003/2024(H5N1)	791	36
PA|PP755594.1|A/cattle/Texas/24-008749-003/2024(H5N1)	792	36
PA|PP755594.1|A/cattle/Texas/24-008749-003/2024(H5N1)	793	36
PA|PP755594.1|A/cattle/Texas/24-008749-003/2024(H5N1)	794	34
PA|PP755594.1|A/cattle/Texas/24-008749-003/2024(H5N1)	795	33
PA|PP755594.1|A/cattle/Texas/24-008749-003/2024(H5N1)	796	34
PA|PP755594.1|A/cattle/Texas/24-008749-003/2024(H5N1)	797	34
PA|PP755594.1|A/cattle/Texas/24-008749-003/2024(H5N1)	798	35
PA|PP755594.1|A/cattle/Texas/24-008749-003/2024(H5N1)	799	36
PA|PP755594.1|A/cattle/Texas/24-008749-003/2024(H5N1)	800	41
PA|PP755594.1|A/cattle/Texas/24-008749-003/2024(H5N1)	801	41
PA|PP755594.1|A/cattle/Texas/24-008749-003/2024(H5N1)	802	41
PA|PP755594.1|A/cattle/Texas/24-008749-003/2024(H5N1)	803	41
PA|PP755594.1|A/cattle/Texas/24-008749-003/2024(H5N1)	804	42
PA|PP755594.1|A/cattle/Texas/24-008749-003/2024(H5N1)	805	41
PA|PP755594.1|A/cattle/Texas/24-008749-003/2024(H5N1)	806	42
PA|PP755594.1|A/cattle/Texas/24-008749-003/2024(H5N1)	807	43
PA|PP755594.1|A/cattle/Texas/24-008749-003/2024(H5N1)	808	43
PA|PP755594.1|A/cattle/Texas/24-008749-003/2024(H5N1)	809	41
PA|PP755594.1|A/cattle/Texas/24-008749-003/2024(H5N1)	810	41
PA|PP755594.1|A/cattle/Texas/24-008749-003/2024(H5N1)	811	42
PA|PP755594.1|A/cattle/Texas/24-008749-003/2024(H5N1)	812	42
PA|PP755594.1|A/cattle/Texas/24-008749-003/2024(H5N1)	813	40
PA|PP755594.1|A/cattle/Texas/24-008749-003/2024(H5N1)	814	40
PA|PP755594.1|A/cattle/Texas/24-008749-003/2024(H5N1)	815	40
PA|PP755594.1|A/cattle/Texas/24-008749-003/2024(H5N1)	816	40
PA|PP755594.1|A/cattle/Texas/24-008749-003/2024(H5N1)	817	41
PA|PP755594.1|A/cattle/Texas/24-008749-003/2024(H5N1)	818	41
PA|PP755594.1|A/cattle/Texas/24-008749-003/2024(H5N1)	819	44
PA|PP755594.1|A/cattle/Texas/24-008749-003/2024(H5N1)	820	42
PA|PP755594.1|A/cattle/Texas/24-008749-003/2024(H5N1)	821	42
PA|PP755594.1|A/cattle/Texas/24-008749-003/2024(H5N1)	822	45
PA|PP755594.1|A/cattle/Texas/24-008749-003/2024(H5N1)	823	47
PA|PP755594.1|A/cattle/Texas/24-008749-003/2024(H5N1)	824	51
PA|PP755594.1|A/cattle/Texas/24-008749-003/2024(H5N1)	825	51
PA|PP755594.1|A/cattle/Texas/24-008749-003/2024(H5N1)	826	52
PA|PP755594.1|A/cattle/Texas/24-008749-003/2024(H5N1)	827	54
PA|PP755594.1|A/cattle/Texas/24-008749-003/2024(H5N1)	828	54
PA|PP755594.1|A/cattle/Texas/24-008749-003/2024(H5N1)	829	54
PA|PP755594.1|A/cattle/Texas/24-008749-003/2024(H5N1)	830	53
PA|PP755594.1|A/cattle/Texas/24-008749-003/2024(H5N1)	831	47
PA|PP755594.1|A/cattle/Texas/24-008749-003/2024(H5N1)	832	47
PA|PP755594.1|A/cattle/Texas/24-008749-003/2024(H5N1)	833	47
PA|PP755594.1|A/cattle/Texas/24-008749-003/2024(H5N1)	834	49
PA|PP755594.1|A/cattle/Texas/24-008749-003/2024(H5N1)	835	50
PA|PP755594.1|A/cattle/Texas/24-008749-003/2024(H5N1)	836	46
PA|PP755594.1|A/cattle/Texas/24-008749-003/2024(H5N1)	837	46
PA|PP755594.1|A/cattle/Texas/24-008749-003/2024(H5N1)	838	44
PA|PP755594.1|A/cattle/Texas/24-008749-003/2024(H5N1)	839	44
PA|PP755594.1|A/cattle/Texas/24-008749-003/2024(H5N1)	840	45
PA|PP755594.1|A/cattle/Texas/24-008749-003/2024(H5N1)	841	45
PA|PP755594.1|A/cattle/Texas/24-008749-003/2024(H5N1)	842	45
PA|PP755594.1|A/cattle/Texas/24-008749-003/2024(H5N1)	843	45
PA|PP755594.1|A/cattle/Texas/24-008749-003/2024(H5N1)	844	45
PA|PP755594.1|A/cattle/Texas/24-008749-003/2024(H5N1)	845	45
PA|PP755594.1|A/cattle/Texas/24-008749-003/2024(H5N1)	846	45
PA|PP755594.1|A/cattle/Texas/24-008749-003/2024(H5N1)	847	44
PA|PP755594.1|A/cattle/Texas/24-008749-003/2024(H5N1)	848	44
PA|PP755594.1|A/cattle/Texas/24-008749-003/2024(H5N1)	849	44
PA|PP755594.1|A/cattle/Texas/24-008749-003/2024(H5N1)	850	44
PA|PP755594.1|A/cattle/Texas/24-008749-003/2024(H5N1)	851	44
PA|PP755594.1|A/cattle/Texas/24-008749-003/2024(H5N1)	852	45
PA|PP755594.1|A/cattle/Texas/24-008749-003/2024(H5N1)	853	45
PA|PP755594.1|A/cattle/Texas/24-008749-003/2024(H5N1)	854	45
PA|PP755594.1|A/cattle/Texas/24-008749-003/2024(H5N1)	855	45
PA|PP755594.1|A/cattle/Texas/24-008749-003/2024(H5N1)	856	45
PA|PP755594.1|A/cattle/Texas/24-008749-003/2024(H5N1)	857	47
PA|PP755594.1|A/cattle/Texas/24-008749-003/2024(H5N1)	858	47
PA|PP755594.1|A/cattle/Texas/24-008749-003/2024(H5N1)	859	47
PA|PP755594.1|A/cattle/Texas/24-008749-003/2024(H5N1)	860	50
PA|PP755594.1|A/cattle/Texas/24-008749-003/2024(H5N1)	861	50
PA|PP755594.1|A/cattle/Texas/24-008749-003/2024(H5N1)	862	50
PA|PP755594.1|A/cattle/Texas/24-008749-003/2024(H5N1)	863	49
PA|PP755594.1|A/cattle/Texas/24-008749-003/2024(H5N1)	864	49
PA|PP755594.1|A/cattle/Texas/24-008749-003/2024(H5N1)	865	50
PA|PP755594.1|A/cattle/Texas/24-008749-003/2024(H5N1)	866	50
PA|PP755594.1|A/cattle/Texas/24-008749-003/2024(H5N1)	867	50
PA|PP755594.1|A/cattle/Texas/24-008749-003/2024(H5N1)	868	50
PA|PP755594.1|A/cattle/Texas/24-008749-003/2024(H5N1)	869	47
PA|PP755594.1|A/cattle/Texas/24-008749-003/2024(H5N1)	870	46
PA|PP755594.1|A/cattle/Texas/24-008749-003/2024(H5N1)	871	46
PA|PP755594.1|A/cattle/Texas/24-008749-003/2024(H5N1)	872	47
PA|PP755594.1|A/cattle/Texas/24-008749-003/2024(H5N1)	873	47
PA|PP755594.1|A/cattle/Texas/24-008749-003/2024(H5N1)	874	46
PA|PP755594.1|A/cattle/Texas/24-008749-003/2024(H5N1)	875	47
PA|PP755594.1|A/cattle/Texas/24-008749-003/2024(H5N1)	876	47
PA|PP755594.1|A/cattle/Texas/24-008749-003/2024(H5N1)	877	47
PA|PP755594.1|A/cattle/Texas/24-008749-003/2024(H5N1)	878	47
PA|PP755594.1|A/cattle/Texas/24-008749-003/2024(H5N1)	879	47
PA|PP755594.1|A/cattle/Texas/24-008749-003/2024(H5N1)	880	47
PA|PP755594.1|A/cattle/Texas/24-008749-003/2024(H5N1)	881	47
PA|PP755594.1|A/cattle/Texas/24-008749-003/2024(H5N1)	882	48
PA|PP755594.1|A/cattle/Texas/24-008749-003/2024(H5N1)	883	49
PA|PP755594.1|A/cattle/Texas/24-008749-003/2024(H5N1)	884	49
PA|PP755594.1|A/cattle/Texas/24-008749-003/2024(H5N1)	885	48
PA|PP755594.1|A/cattle/Texas/24-008749-003/2024(H5N1)	886	49
PA|PP755594.1|A/cattle/Texas/24-008749-003/2024(H5N1)	887	49
PA|PP755594.1|A/cattle/Texas/24-008749-003/2024(H5N1)	888	49
PA|PP755594.1|A/cattle/Texas/24-008749-003/2024(H5N1)	889	49
PA|PP755594.1|A/cattle/Texas/24-008749-003/2024(H5N1)	890	48
PA|PP755594.1|A/cattle/Texas/24-008749-003/2024(H5N1)	891	46
PA|PP755594.1|A/cattle/Texas/24-008749-003/2024(H5N1)	892	46
PA|PP755594.1|A/cattle/Texas/24-008749-003/2024(H5N1)	893	46
PA|PP755594.1|A/cattle/Texas/24-008749-003/2024(H5N1)	894	46
PA|PP755594.1|A/cattle/Texas/24-008749-003/2024(H5N1)	895	47
PA|PP755594.1|A/cattle/Texas/24-008749-003/2024(H5N1)	896	44
PA|PP755594.1|A/cattle/Texas/24-008749-003/2024(H5N1)	897	45
PA|PP755594.1|A/cattle/Texas/24-008749-003/2024(H5N1)	898	45
PA|PP755594.1|A/cattle/Texas/24-008749-003/2024(H5N1)	899	43
PA|PP755594.1|A/cattle/Texas/24-008749-003/2024(H5N1)	900	44
PA|PP755594.1|A/cattle/Texas/24-008749-003/2024(H5N1)	901	43
PA|PP755594.1|A/cattle/Texas/24-008749-003/2024(H5N1)	902	45
PA|PP755594.1|A/cattle/Texas/24-008749-003/2024(H5N1)	903	46
PA|PP755594.1|A/cattle/Texas/24-008749-003/2024(H5N1)	904	46
PA|PP755594.1|A/cattle/Texas/24-008749-003/2024(H5N1)	905	46
PA|PP755594.1|A/cattle/Texas/24-008749-003/2024(H5N1)	906	46
PA|PP755594.1|A/cattle/Texas/24-008749-003/2024(H5N1)	907	48
PA|PP755594.1|A/cattle/Texas/24-008749-003/2024(H5N1)	908	47
PA|PP755594.1|A/cattle/Texas/24-008749-003/2024(H5N1)	909	47
PA|PP755594.1|A/cattle/Texas/24-008749-003/2024(H5N1)	910	48
PA|PP755594.1|A/cattle/Texas/24-008749-003/2024(H5N1)	911	47
PA|PP755594.1|A/cattle/Texas/24-008749-003/2024(H5N1)	912	49
PA|PP755594.1|A/cattle/Texas/24-008749-003/2024(H5N1)	913	48
PA|PP755594.1|A/cattle/Texas/24-008749-003/2024(H5N1)	914	48
PA|PP755594.1|A/cattle/Texas/24-008749-003/2024(H5N1)	915	48
PA|PP755594.1|A/cattle/Texas/24-008749-003/2024(H5N1)	916	44
PA|PP755594.1|A/cattle/Texas/24-008749-003/2024(H5N1)	917	46
PA|PP755594.1|A/cattle/Texas/24-008749-003/2024(H5N1)	918	46
PA|PP755594.1|A/cattle/Texas/24-008749-003/2024(H5N1)	919	46
PA|PP755594.1|A/cattle/Texas/24-008749-003/2024(H5N1)	920	45
PA|PP755594.1|A/cattle/Texas/24-008749-003/2024(H5N1)	921	45
PA|PP755594.1|A/cattle/Texas/24-008749-003/2024(H5N1)	922	45
PA|PP755594.1|A/cattle/Texas/24-008749-003/2024(H5N1)	923	43
PA|PP755594.1|A/cattle/Texas/24-008749-003/2024(H5N1)	924	44
PA|PP755594.1|A/cattle/Texas/24-008749-003/2024(H5N1)	925	43
PA|PP755594.1|A/cattle/Texas/24-008749-003/2024(H5N1)	926	43
PA|PP755594.1|A/cattle/Texas/24-008749-003/2024(H5N1)	927	43
PA|PP755594.1|A/cattle/Texas/24-008749-003/2024(H5N1)	928	42
PA|PP755594.1|A/cattle/Texas/24-008749-003/2024(H5N1)	929	42
PA|PP755594.1|A/cattle/Texas/24-008749-003/2024(H5N1)	930	44
PA|PP755594.1|A/cattle/Texas/24-008749-003/2024(H5N1)	931	42
PA|PP755594.1|A/cattle/Texas/24-008749-003/2024(H5N1)	932	42
PA|PP755594.1|A/cattle/Texas/24-008749-003/2024(H5N1)	933	42
PA|PP755594.1|A/cattle/Texas/24-008749-003/2024(H5N1)	934	42
PA|PP755594.1|A/cattle/Texas/24-008749-003/2024(H5N1)	935	42
PA|PP755594.1|A/cattle/Texas/24-008749-003/2024(H5N1)	936	41
PA|PP755594.1|A/cattle/Texas/24-008749-003/2024(H5N1)	937	40
PA|PP755594.1|A/cattle/Texas/24-008749-003/2024(H5N1)	938	41
PA|PP755594.1|A/cattle/Texas/24-008749-003/2024(H5N1)	939	40
PA|PP755594.1|A/cattle/Texas/24-008749-003/2024(H5N1)	940	39
PA|PP755594.1|A/cattle/Texas/24-008749-003/2024(H5N1)	941	39
PA|PP755594.1|A/cattle/Texas/24-008749-003/2024(H5N1)	942	39
PA|PP755594.1|A/cattle/Texas/24-008749-003/2024(H5N1)	943	38
PA|PP755594.1|A/cattle/Texas/24-008749-003/2024(H5N1)	944	38
PA|PP755594.1|A/cattle/Texas/24-008749-003/2024(H5N1)	945	39
PA|PP755594.1|A/cattle/Texas/24-008749-003/2024(H5N1)	946	40
PA|PP755594.1|A/cattle/Texas/24-008749-003/2024(H5N1)	947	40
PA|PP755594.1|A/cattle/Texas/24-008749-003/2024(H5N1)	948	40
PA|PP755594.1|A/cattle/Texas/24-008749-003/2024(H5N1)	949	40
PA|PP755594.1|A/cattle/Texas/24-008749-003/2024(H5N1)	950	40
PA|PP755594.1|A/cattle/Texas/24-008749-003/2024(H5N1)	951	40
PA|PP755594.1|A/cattle/Texas/24-008749-003/2024(H5N1)	952	40
PA|PP755594.1|A/cattle/Texas/24-008749-003/2024(H5N1)	953	40
PA|PP755594.1|A/cattle/Texas/24-008749-003/2024(H5N1)	954	40
PA|PP755594.1|A/cattle/Texas/24-008749-003/2024(H5N1)	955	39
PA|PP755594.1|A/cattle/Texas/24-008749-003/2024(H5N1)	956	39
PA|PP755594.1|A/cattle/Texas/24-008749-003/2024(H5N1)	957	40
PA|PP755594.1|A/cattle/Texas/24-008749-003/2024(H5N1)	958	40
PA|PP755594.1|A/cattle/Texas/24-008749-003/2024(H5N1)	959	40
PA|PP755594.1|A/cattle/Texas/24-008749-003/2024(H5N1)	960	40
PA|PP755594.1|A/cattle/Texas/24-008749-003/2024(H5N1)	961	40
PA|PP755594.1|A/cattle/Texas/24-008749-003/2024(H5N1)	962	41
PA|PP755594.1|A/cattle/Texas/24-008749-003/2024(H5N1)	963	41
PA|PP755594.1|A/cattle/Texas/24-008749-003/2024(H5N1)	964	41
PA|PP755594.1|A/cattle/Texas/24-008749-003/2024(H5N1)	965	42
PA|PP755594.1|A/cattle/Texas/24-008749-003/2024(H5N1)	966	38
PA|PP755594.1|A/cattle/Texas/24-008749-003/2024(H5N1)	967	38
PA|PP755594.1|A/cattle/Texas/24-008749-003/2024(H5N1)	968	39
PA|PP755594.1|A/cattle/Texas/24-008749-003/2024(H5N1)	969	39
PA|PP755594.1|A/cattle/Texas/24-008749-003/2024(H5N1)	970	39
PA|PP755594.1|A/cattle/Texas/24-008749-003/2024(H5N1)	971	39
PA|PP755594.1|A/cattle/Texas/24-008749-003/2024(H5N1)	972	40
PA|PP755594.1|A/cattle/Texas/24-008749-003/2024(H5N1)	973	39
PA|PP755594.1|A/cattle/Texas/24-008749-003/2024(H5N1)	974	38
PA|PP755594.1|A/cattle/Texas/24-008749-003/2024(H5N1)	975	38
PA|PP755594.1|A/cattle/Texas/24-008749-003/2024(H5N1)	976	37
PA|PP755594.1|A/cattle/Texas/24-008749-003/2024(H5N1)	977	37
PA|PP755594.1|A/cattle/Texas/24-008749-003/2024(H5N1)	978	36
PA|PP755594.1|A/cattle/Texas/24-008749-003/2024(H5N1)	979	36
PA|PP755594.1|A/cattle/Texas/24-008749-003/2024(H5N1)	980	35
PA|PP755594.1|A/cattle/Texas/24-008749-003/2024(H5N1)	981	36
PA|PP755594.1|A/cattle/Texas/24-008749-003/2024(H5N1)	982	36
PA|PP755594.1|A/cattle/Texas/24-008749-003/2024(H5N1)	983	36
PA|PP755594.1|A/cattle/Texas/24-008749-003/2024(H5N1)	984	36
PA|PP755594.1|A/cattle/Texas/24-008749-003/2024(H5N1)	985	34
PA|PP755594.1|A/cattle/Texas/24-008749-003/2024(H5N1)	986	37
PA|PP755594.1|A/cattle/Texas/24-008749-003/2024(H5N1)	987	36
PA|PP755594.1|A/cattle/Texas/24-008749-003/2024(H5N1)	988	36
PA|PP755594.1|A/cattle/Texas/24-008749-003/2024(H5N1)	989	36
PA|PP755594.1|A/cattle/Texas/24-008749-003/2024(H5N1)	990	35
PA|PP755594.1|A/cattle/Texas/24-008749-003/2024(H5N1)	991	35
PA|PP755594.1|A/cattle/Texas/24-008749-003/2024(H5N1)	992	34
PA|PP755594.1|A/cattle/Texas/24-008749-003/2024(H5N1)	993	35
PA|PP755594.1|A/cattle/Texas/24-008749-003/2024(H5N1)	994	33
PA|PP755594.1|A/cattle/Texas/24-008749-003/2024(H5N1)	995	30
PA|PP755594.1|A/cattle/Texas/24-008749-003/2024(H5N1)	996	30
PA|PP755594.1|A/cattle/Texas/24-008749-003/2024(H5N1)	997	31
PA|PP755594.1|A/cattle/Texas/24-008749-003/2024(H5N1)	998	31
PA|PP755594.1|A/cattle/Texas/24-008749-003/2024(H5N1)	999	31
PA|PP755594.1|A/cattle/Texas/24-008749-003/2024(H5N1)	1000	31
PA|PP755594.1|A/cattle/Texas/24-008749-003/2024(H5N1)	1001	31
PA|PP755594.1|A/cattle/Texas/24-008749-003/2024(H5N1)	1002	32
PA|PP755594.1|A/cattle/Texas/24-008749-003/2024(H5N1)	1003	31
PA|PP755594.1|A/cattle/Texas/24-008749-003/2024(H5N1)	1004	31
PA|PP755594.1|A/cattle/Texas/24-008749-003/2024(H5N1)	1005	31
PA|PP755594.1|A/cattle/Texas/24-008749-003/2024(H5N1)	1006	30
PA|PP755594.1|A/cattle/Texas/24-008749-003/2024(H5N1)	1007	28
PA|PP755594.1|A/cattle/Texas/24-008749-003/2024(H5N1)	1008	28
PA|PP755594.1|A/cattle/Texas/24-008749-003/2024(H5N1)	1009	28
PA|PP755594.1|A/cattle/Texas/24-008749-003/2024(H5N1)	1010	29
PA|PP755594.1|A/cattle/Texas/24-008749-003/2024(H5N1)	1011	28
PA|PP755594.1|A/cattle/Texas/24-008749-003/2024(H5N1)	1012	28
PA|PP755594.1|A/cattle/Texas/24-008749-003/2024(H5N1)	1013	28
PA|PP755594.1|A/cattle/Texas/24-008749-003/2024(H5N1)	1014	28
PA|PP755594.1|A/cattle/Texas/24-008749-003/2024(H5N1)	1015	30
PA|PP755594.1|A/cattle/Texas/24-008749-003/2024(H5N1)	1016	31
PA|PP755594.1|A/cattle/Texas/24-008749-003/2024(H5N1)	1017	29
PA|PP755594.1|A/cattle/Texas/24-008749-003/2024(H5N1)	1018	29
PA|PP755594.1|A/cattle/Texas/24-008749-003/2024(H5N1)	1019	29
PA|PP755594.1|A/cattle/Texas/24-008749-003/2024(H5N1)	1020	29
PA|PP755594.1|A/cattle/Texas/24-008749-003/2024(H5N1)	1021	29
PA|PP755594.1|A/cattle/Texas/24-008749-003/2024(H5N1)	1022	27
PA|PP755594.1|A/cattle/Texas/24-008749-003/2024(H5N1)	1023	26
PA|PP755594.1|A/cattle/Texas/24-008749-003/2024(H5N1)	1024	26
PA|PP755594.1|A/cattle/Texas/24-008749-003/2024(H5N1)	1025	26
PA|PP755594.1|A/cattle/Texas/24-008749-003/2024(H5N1)	1026	30
PA|PP755594.1|A/cattle/Texas/24-008749-003/2024(H5N1)	1027	30
PA|PP755594.1|A/cattle/Texas/24-008749-003/2024(H5N1)	1028	30
PA|PP755594.1|A/cattle/Texas/24-008749-003/2024(H5N1)	1029	27
PA|PP755594.1|A/cattle/Texas/24-008749-003/2024(H5N1)	1030	27
PA|PP755594.1|A/cattle/Texas/24-008749-003/2024(H5N1)	1031	27
PA|PP755594.1|A/cattle/Texas/24-008749-003/2024(H5N1)	1032	27
PA|PP755594.1|A/cattle/Texas/24-008749-003/2024(H5N1)	1033	30
PA|PP755594.1|A/cattle/Texas/24-008749-003/2024(H5N1)	1034	30
PA|PP755594.1|A/cattle/Texas/24-008749-003/2024(H5N1)	1035	31
PA|PP755594.1|A/cattle/Texas/24-008749-003/2024(H5N1)	1036	33
PA|PP755594.1|A/cattle/Texas/24-008749-003/2024(H5N1)	1037	33
PA|PP755594.1|A/cattle/Texas/24-008749-003/2024(H5N1)	1038	33
PA|PP755594.1|A/cattle/Texas/24-008749-003/2024(H5N1)	1039	32
PA|PP755594.1|A/cattle/Texas/24-008749-003/2024(H5N1)	1040	33
PA|PP755594.1|A/cattle/Texas/24-008749-003/2024(H5N1)	1041	33
PA|PP755594.1|A/cattle/Texas/24-008749-003/2024(H5N1)	1042	32
PA|PP755594.1|A/cattle/Texas/24-008749-003/2024(H5N1)	1043	31
PA|PP755594.1|A/cattle/Texas/24-008749-003/2024(H5N1)	1044	32
PA|PP755594.1|A/cattle/Texas/24-008749-003/2024(H5N1)	1045	32
PA|PP755594.1|A/cattle/Texas/24-008749-003/2024(H5N1)	1046	32
PA|PP755594.1|A/cattle/Texas/24-008749-003/2024(H5N1)	1047	31
PA|PP755594.1|A/cattle/Texas/24-008749-003/2024(H5N1)	1048	31
PA|PP755594.1|A/cattle/Texas/24-008749-003/2024(H5N1)	1049	31
PA|PP755594.1|A/cattle/Texas/24-008749-003/2024(H5N1)	1050	30
PA|PP755594.1|A/cattle/Texas/24-008749-003/2024(H5N1)	1051	30
PA|PP755594.1|A/cattle/Texas/24-008749-003/2024(H5N1)	1052	30
PA|PP755594.1|A/cattle/Texas/24-008749-003/2024(H5N1)	1053	30
PA|PP755594.1|A/cattle/Texas/24-008749-003/2024(H5N1)	1054	31
PA|PP755594.1|A/cattle/Texas/24-008749-003/2024(H5N1)	1055	31
PA|PP755594.1|A/cattle/Texas/24-008749-003/2024(H5N1)	1056	31
PA|PP755594.1|A/cattle/Texas/24-008749-003/2024(H5N1)	1057	32
PA|PP755594.1|A/cattle/Texas/24-008749-003/2024(H5N1)	1058	32
PA|PP755594.1|A/cattle/Texas/24-008749-003/2024(H5N1)	1059	32
PA|PP755594.1|A/cattle/Texas/24-008749-003/2024(H5N1)	1060	32
PA|PP755594.1|A/cattle/Texas/24-008749-003/2024(H5N1)	1061	32
PA|PP755594.1|A/cattle/Texas/24-008749-003/2024(H5N1)	1062	32
PA|PP755594.1|A/cattle/Texas/24-008749-003/2024(H5N1)	1063	32
PA|PP755594.1|A/cattle/Texas/24-008749-003/2024(H5N1)	1064	32
PA|PP755594.1|A/cattle/Texas/24-008749-003/2024(H5N1)	1065	33
PA|PP755594.1|A/cattle/Texas/24-008749-003/2024(H5N1)	1066	35
PA|PP755594.1|A/cattle/Texas/24-008749-003/2024(H5N1)	1067	35
PA|PP755594.1|A/cattle/Texas/24-008749-003/2024(H5N1)	1068	35
PA|PP755594.1|A/cattle/Texas/24-008749-003/2024(H5N1)	1069	36
PA|PP755594.1|A/cattle/Texas/24-008749-003/2024(H5N1)	1070	37
PA|PP755594.1|A/cattle/Texas/24-008749-003/2024(H5N1)	1071	37
PA|PP755594.1|A/cattle/Texas/24-008749-003/2024(H5N1)	1072	37
PA|PP755594.1|A/cattle/Texas/24-008749-003/2024(H5N1)	1073	37
PA|PP755594.1|A/cattle/Texas/24-008749-003/2024(H5N1)	1074	37
PA|PP755594.1|A/cattle/Texas/24-008749-003/2024(H5N1)	1075	37
PA|PP755594.1|A/cattle/Texas/24-008749-003/2024(H5N1)	1076	39
PA|PP755594.1|A/cattle/Texas/24-008749-003/2024(H5N1)	1077	39
PA|PP755594.1|A/cattle/Texas/24-008749-003/2024(H5N1)	1078	39
PA|PP755594.1|A/cattle/Texas/24-008749-003/2024(H5N1)	1079	38
PA|PP755594.1|A/cattle/Texas/24-008749-003/2024(H5N1)	1080	39
PA|PP755594.1|A/cattle/Texas/24-008749-003/2024(H5N1)	1081	39
PA|PP755594.1|A/cattle/Texas/24-008749-003/2024(H5N1)	1082	39
PA|PP755594.1|A/cattle/Texas/24-008749-003/2024(H5N1)	1083	39
PA|PP755594.1|A/cattle/Texas/24-008749-003/2024(H5N1)	1084	39
PA|PP755594.1|A/cattle/Texas/24-008749-003/2024(H5N1)	1085	40
PA|PP755594.1|A/cattle/Texas/24-008749-003/2024(H5N1)	1086	39
PA|PP755594.1|A/cattle/Texas/24-008749-003/2024(H5N1)	1087	40
PA|PP755594.1|A/cattle/Texas/24-008749-003/2024(H5N1)	1088	40
PA|PP755594.1|A/cattle/Texas/24-008749-003/2024(H5N1)	1089	39
PA|PP755594.1|A/cattle/Texas/24-008749-003/2024(H5N1)	1090	43
PA|PP755594.1|A/cattle/Texas/24-008749-003/2024(H5N1)	1091	42
PA|PP755594.1|A/cattle/Texas/24-008749-003/2024(H5N1)	1092	42
PA|PP755594.1|A/cattle/Texas/24-008749-003/2024(H5N1)	1093	44
PA|PP755594.1|A/cattle/Texas/24-008749-003/2024(H5N1)	1094	44
PA|PP755594.1|A/cattle/Texas/24-008749-003/2024(H5N1)	1095	46
PA|PP755594.1|A/cattle/Texas/24-008749-003/2024(H5N1)	1096	46
PA|PP755594.1|A/cattle/Texas/24-008749-003/2024(H5N1)	1097	46
PA|PP755594.1|A/cattle/Texas/24-008749-003/2024(H5N1)	1098	46
PA|PP755594.1|A/cattle/Texas/24-008749-003/2024(H5N1)	1099	44
PA|PP755594.1|A/cattle/Texas/24-008749-003/2024(H5N1)	1100	44
PA|PP755594.1|A/cattle/Texas/24-008749-003/2024(H5N1)	1101	43
PA|PP755594.1|A/cattle/Texas/24-008749-003/2024(H5N1)	1102	43
PA|PP755594.1|A/cattle/Texas/24-008749-003/2024(H5N1)	1103	43
PA|PP755594.1|A/cattle/Texas/24-008749-003/2024(H5N1)	1104	42
PA|PP755594.1|A/cattle/Texas/24-008749-003/2024(H5N1)	1105	43
PA|PP755594.1|A/cattle/Texas/24-008749-003/2024(H5N1)	1106	43
PA|PP755594.1|A/cattle/Texas/24-008749-003/2024(H5N1)	1107	43
PA|PP755594.1|A/cattle/Texas/24-008749-003/2024(H5N1)	1108	45
PA|PP755594.1|A/cattle/Texas/24-008749-003/2024(H5N1)	1109	45
PA|PP755594.1|A/cattle/Texas/24-008749-003/2024(H5N1)	1110	48
PA|PP755594.1|A/cattle/Texas/24-008749-003/2024(H5N1)	1111	48
PA|PP755594.1|A/cattle/Texas/24-008749-003/2024(H5N1)	1112	50
PA|PP755594.1|A/cattle/Texas/24-008749-003/2024(H5N1)	1113	50
PA|PP755594.1|A/cattle/Texas/24-008749-003/2024(H5N1)	1114	49
PA|PP755594.1|A/cattle/Texas/24-008749-003/2024(H5N1)	1115	49
PA|PP755594.1|A/cattle/Texas/24-008749-003/2024(H5N1)	1116	53
PA|PP755594.1|A/cattle/Texas/24-008749-003/2024(H5N1)	1117	51
PA|PP755594.1|A/cattle/Texas/24-008749-003/2024(H5N1)	1118	51
PA|PP755594.1|A/cattle/Texas/24-008749-003/2024(H5N1)	1119	51
PA|PP755594.1|A/cattle/Texas/24-008749-003/2024(H5N1)	1120	49
PA|PP755594.1|A/cattle/Texas/24-008749-003/2024(H5N1)	1121	50
PA|PP755594.1|A/cattle/Texas/24-008749-003/2024(H5N1)	1122	50
PA|PP755594.1|A/cattle/Texas/24-008749-003/2024(H5N1)	1123	50
PA|PP755594.1|A/cattle/Texas/24-008749-003/2024(H5N1)	1124	50
PA|PP755594.1|A/cattle/Texas/24-008749-003/2024(H5N1)	1125	45
PA|PP755594.1|A/cattle/Texas/24-008749-003/2024(H5N1)	1126	45
PA|PP755594.1|A/cattle/Texas/24-008749-003/2024(H5N1)	1127	45
PA|PP755594.1|A/cattle/Texas/24-008749-003/2024(H5N1)	1128	44
PA|PP755594.1|A/cattle/Texas/24-008749-003/2024(H5N1)	1129	44
PA|PP755594.1|A/cattle/Texas/24-008749-003/2024(H5N1)	1130	44
PA|PP755594.1|A/cattle/Texas/24-008749-003/2024(H5N1)	1131	44
PA|PP755594.1|A/cattle/Texas/24-008749-003/2024(H5N1)	1132	42
PA|PP755594.1|A/cattle/Texas/24-008749-003/2024(H5N1)	1133	42
PA|PP755594.1|A/cattle/Texas/24-008749-003/2024(H5N1)	1134	42
PA|PP755594.1|A/cattle/Texas/24-008749-003/2024(H5N1)	1135	43
PA|PP755594.1|A/cattle/Texas/24-008749-003/2024(H5N1)	1136	43
PA|PP755594.1|A/cattle/Texas/24-008749-003/2024(H5N1)	1137	44
PA|PP755594.1|A/cattle/Texas/24-008749-003/2024(H5N1)	1138	44
PA|PP755594.1|A/cattle/Texas/24-008749-003/2024(H5N1)	1139	45
PA|PP755594.1|A/cattle/Texas/24-008749-003/2024(H5N1)	1140	48
PA|PP755594.1|A/cattle/Texas/24-008749-003/2024(H5N1)	1141	46
PA|PP755594.1|A/cattle/Texas/24-008749-003/2024(H5N1)	1142	46
PA|PP755594.1|A/cattle/Texas/24-008749-003/2024(H5N1)	1143	46
PA|PP755594.1|A/cattle/Texas/24-008749-003/2024(H5N1)	1144	46
PA|PP755594.1|A/cattle/Texas/24-008749-003/2024(H5N1)	1145	46
PA|PP755594.1|A/cattle/Texas/24-008749-003/2024(H5N1)	1146	47
PA|PP755594.1|A/cattle/Texas/24-008749-003/2024(H5N1)	1147	47
PA|PP755594.1|A/cattle/Texas/24-008749-003/2024(H5N1)	1148	47
PA|PP755594.1|A/cattle/Texas/24-008749-003/2024(H5N1)	1149	50
PA|PP755594.1|A/cattle/Texas/24-008749-003/2024(H5N1)	1150	49
PA|PP755594.1|A/cattle/Texas/24-008749-003/2024(H5N1)	1151	51
PA|PP755594.1|A/cattle/Texas/24-008749-003/2024(H5N1)	1152	51
PA|PP755594.1|A/cattle/Texas/24-008749-003/2024(H5N1)	1153	51
PA|PP755594.1|A/cattle/Texas/24-008749-003/2024(H5N1)	1154	50
PA|PP755594.1|A/cattle/Texas/24-008749-003/2024(H5N1)	1155	50
PA|PP755594.1|A/cattle/Texas/24-008749-003/2024(H5N1)	1156	51
PA|PP755594.1|A/cattle/Texas/24-008749-003/2024(H5N1)	1157	51
PA|PP755594.1|A/cattle/Texas/24-008749-003/2024(H5N1)	1158	48
PA|PP755594.1|A/cattle/Texas/24-008749-003/2024(H5N1)	1159	48
PA|PP755594.1|A/cattle/Texas/24-008749-003/2024(H5N1)	1160	47
PA|PP755594.1|A/cattle/Texas/24-008749-003/2024(H5N1)	1161	46
PA|PP755594.1|A/cattle/Texas/24-008749-003/2024(H5N1)	1162	46
PA|PP755594.1|A/cattle/Texas/24-008749-003/2024(H5N1)	1163	47
PA|PP755594.1|A/cattle/Texas/24-008749-003/2024(H5N1)	1164	46
PA|PP755594.1|A/cattle/Texas/24-008749-003/2024(H5N1)	1165	44
PA|PP755594.1|A/cattle/Texas/24-008749-003/2024(H5N1)	1166	50
PA|PP755594.1|A/cattle/Texas/24-008749-003/2024(H5N1)	1167	51
PA|PP755594.1|A/cattle/Texas/24-008749-003/2024(H5N1)	1168	51
PA|PP755594.1|A/cattle/Texas/24-008749-003/2024(H5N1)	1169	52
PA|PP755594.1|A/cattle/Texas/24-008749-003/2024(H5N1)	1170	52
PA|PP755594.1|A/cattle/Texas/24-008749-003/2024(H5N1)	1171	53
PA|PP755594.1|A/cattle/Texas/24-008749-003/2024(H5N1)	1172	53
PA|PP755594.1|A/cattle/Texas/24-008749-003/2024(H5N1)	1173	53
PA|PP755594.1|A/cattle/Texas/24-008749-003/2024(H5N1)	1174	54
PA|PP755594.1|A/cattle/Texas/24-008749-003/2024(H5N1)	1175	46
PA|PP755594.1|A/cattle/Texas/24-008749-003/2024(H5N1)	1176	48
PA|PP755594.1|A/cattle/Texas/24-008749-003/2024(H5N1)	1177	48
PA|PP755594.1|A/cattle/Texas/24-008749-003/2024(H5N1)	1178	48
PA|PP755594.1|A/cattle/Texas/24-008749-003/2024(H5N1)	1179	48
PA|PP755594.1|A/cattle/Texas/24-008749-003/2024(H5N1)	1180	48
PA|PP755594.1|A/cattle/Texas/24-008749-003/2024(H5N1)	1181	48
PA|PP755594.1|A/cattle/Texas/24-008749-003/2024(H5N1)	1182	49
PA|PP755594.1|A/cattle/Texas/24-008749-003/2024(H5N1)	1183	48
PA|PP755594.1|A/cattle/Texas/24-008749-003/2024(H5N1)	1184	48
PA|PP755594.1|A/cattle/Texas/24-008749-003/2024(H5N1)	1185	44
PA|PP755594.1|A/cattle/Texas/24-008749-003/2024(H5N1)	1186	45
PA|PP755594.1|A/cattle/Texas/24-008749-003/2024(H5N1)	1187	46
PA|PP755594.1|A/cattle/Texas/24-008749-003/2024(H5N1)	1188	44
PA|PP755594.1|A/cattle/Texas/24-008749-003/2024(H5N1)	1189	43
PA|PP755594.1|A/cattle/Texas/24-008749-003/2024(H5N1)	1190	43
PA|PP755594.1|A/cattle/Texas/24-008749-003/2024(H5N1)	1191	43
PA|PP755594.1|A/cattle/Texas/24-008749-003/2024(H5N1)	1192	45
PA|PP755594.1|A/cattle/Texas/24-008749-003/2024(H5N1)	1193	43
PA|PP755594.1|A/cattle/Texas/24-008749-003/2024(H5N1)	1194	43
PA|PP755594.1|A/cattle/Texas/24-008749-003/2024(H5N1)	1195	44
PA|PP755594.1|A/cattle/Texas/24-008749-003/2024(H5N1)	1196	44
PA|PP755594.1|A/cattle/Texas/24-008749-003/2024(H5N1)	1197	48
PA|PP755594.1|A/cattle/Texas/24-008749-003/2024(H5N1)	1198	48
PA|PP755594.1|A/cattle/Texas/24-008749-003/2024(H5N1)	1199	48
PA|PP755594.1|A/cattle/Texas/24-008749-003/2024(H5N1)	1200	48
PA|PP755594.1|A/cattle/Texas/24-008749-003/2024(H5N1)	1201	48
PA|PP755594.1|A/cattle/Texas/24-008749-003/2024(H5N1)	1202	48
PA|PP755594.1|A/cattle/Texas/24-008749-003/2024(H5N1)	1203	48
PA|PP755594.1|A/cattle/Texas/24-008749-003/2024(H5N1)	1204	48
PA|PP755594.1|A/cattle/Texas/24-008749-003/2024(H5N1)	1205	50
PA|PP755594.1|A/cattle/Texas/24-008749-003/2024(H5N1)	1206	50
PA|PP755594.1|A/cattle/Texas/24-008749-003/2024(H5N1)	1207	50
PA|PP755594.1|A/cattle/Texas/24-008749-003/2024(H5N1)	1208	50
PA|PP755594.1|A/cattle/Texas/24-008749-003/2024(H5N1)	1209	50
PA|PP755594.1|A/cattle/Texas/24-008749-003/2024(H5N1)	1210	50
PA|PP755594.1|A/cattle/Texas/24-008749-003/2024(H5N1)	1211	49
PA|PP755594.1|A/cattle/Texas/24-008749-003/2024(H5N1)	1212	49
PA|PP755594.1|A/cattle/Texas/24-008749-003/2024(H5N1)	1213	50
PA|PP755594.1|A/cattle/Texas/24-008749-003/2024(H5N1)	1214	50
PA|PP755594.1|A/cattle/Texas/24-008749-003/2024(H5N1)	1215	49
PA|PP755594.1|A/cattle/Texas/24-008749-003/2024(H5N1)	1216	49
PA|PP755594.1|A/cattle/Texas/24-008749-003/2024(H5N1)	1217	49
PA|PP755594.1|A/cattle/Texas/24-008749-003/2024(H5N1)	1218	50
PA|PP755594.1|A/cattle/Texas/24-008749-003/2024(H5N1)	1219	50
PA|PP755594.1|A/cattle/Texas/24-008749-003/2024(H5N1)	1220	48
PA|PP755594.1|A/cattle/Texas/24-008749-003/2024(H5N1)	1221	48
PA|PP755594.1|A/cattle/Texas/24-008749-003/2024(H5N1)	1222	48
PA|PP755594.1|A/cattle/Texas/24-008749-003/2024(H5N1)	1223	47
PA|PP755594.1|A/cattle/Texas/24-008749-003/2024(H5N1)	1224	49
PA|PP755594.1|A/cattle/Texas/24-008749-003/2024(H5N1)	1225	49
PA|PP755594.1|A/cattle/Texas/24-008749-003/2024(H5N1)	1226	49
PA|PP755594.1|A/cattle/Texas/24-008749-003/2024(H5N1)	1227	48
PA|PP755594.1|A/cattle/Texas/24-008749-003/2024(H5N1)	1228	48
PA|PP755594.1|A/cattle/Texas/24-008749-003/2024(H5N1)	1229	49
PA|PP755594.1|A/cattle/Texas/24-008749-003/2024(H5N1)	1230	50
PA|PP755594.1|A/cattle/Texas/24-008749-003/2024(H5N1)	1231	50
PA|PP755594.1|A/cattle/Texas/24-008749-003/2024(H5N1)	1232	50
PA|PP755594.1|A/cattle/Texas/24-008749-003/2024(H5N1)	1233	52
PA|PP755594.1|A/cattle/Texas/24-008749-003/2024(H5N1)	1234	52
PA|PP755594.1|A/cattle/Texas/24-008749-003/2024(H5N1)	1235	52
PA|PP755594.1|A/cattle/Texas/24-008749-003/2024(H5N1)	1236	52
PA|PP755594.1|A/cattle/Texas/24-008749-003/2024(H5N1)	1237	50
PA|PP755594.1|A/cattle/Texas/24-008749-003/2024(H5N1)	1238	50
PA|PP755594.1|A/cattle/Texas/24-008749-003/2024(H5N1)	1239	49
PA|PP755594.1|A/cattle/Texas/24-008749-003/2024(H5N1)	1240	49
PA|PP755594.1|A/cattle/Texas/24-008749-003/2024(H5N1)	1241	50
PA|PP755594.1|A/cattle/Texas/24-008749-003/2024(H5N1)	1242	47
PA|PP755594.1|A/cattle/Texas/24-008749-003/2024(H5N1)	1243	46
PA|PP755594.1|A/cattle/Texas/24-008749-003/2024(H5N1)	1244	46
PA|PP755594.1|A/cattle/Texas/24-008749-003/2024(H5N1)	1245	46
PA|PP755594.1|A/cattle/Texas/24-008749-003/2024(H5N1)	1246	46
PA|PP755594.1|A/cattle/Texas/24-008749-003/2024(H5N1)	1247	46
PA|PP755594.1|A/cattle/Texas/24-008749-003/2024(H5N1)	1248	47
PA|PP755594.1|A/cattle/Texas/24-008749-003/2024(H5N1)	1249	48
PA|PP755594.1|A/cattle/Texas/24-008749-003/2024(H5N1)	1250	47
PA|PP755594.1|A/cattle/Texas/24-008749-003/2024(H5N1)	1251	47
PA|PP755594.1|A/cattle/Texas/24-008749-003/2024(H5N1)	1252	47
PA|PP755594.1|A/cattle/Texas/24-008749-003/2024(H5N1)	1253	50
PA|PP755594.1|A/cattle/Texas/24-008749-003/2024(H5N1)	1254	50
PA|PP755594.1|A/cattle/Texas/24-008749-003/2024(H5N1)	1255	51
PA|PP755594.1|A/cattle/Texas/24-008749-003/2024(H5N1)	1256	51
PA|PP755594.1|A/cattle/Texas/24-008749-003/2024(H5N1)	1257	50
PA|PP755594.1|A/cattle/Texas/24-008749-003/2024(H5N1)	1258	50
PA|PP755594.1|A/cattle/Texas/24-008749-003/2024(H5N1)	1259	50
PA|PP755594.1|A/cattle/Texas/24-008749-003/2024(H5N1)	1260	51
PA|PP755594.1|A/cattle/Texas/24-008749-003/2024(H5N1)	1261	52
PA|PP755594.1|A/cattle/Texas/24-008749-003/2024(H5N1)	1262	52
PA|PP755594.1|A/cattle/Texas/24-008749-003/2024(H5N1)	1263	50
PA|PP755594.1|A/cattle/Texas/24-008749-003/2024(H5N1)	1264	50
PA|PP755594.1|A/cattle/Texas/24-008749-003/2024(H5N1)	1265	52
PA|PP755594.1|A/cattle/Texas/24-008749-003/2024(H5N1)	1266	52
PA|PP755594.1|A/cattle/Texas/24-008749-003/2024(H5N1)	1267	52
PA|PP755594.1|A/cattle/Texas/24-008749-003/2024(H5N1)	1268	51
PA|PP755594.1|A/cattle/Texas/24-008749-003/2024(H5N1)	1269	48
PA|PP755594.1|A/cattle/Texas/24-008749-003/2024(H5N1)	1270	49
PA|PP755594.1|A/cattle/Texas/24-008749-003/2024(H5N1)	1271	49
PA|PP755594.1|A/cattle/Texas/24-008749-003/2024(H5N1)	1272	50
PA|PP755594.1|A/cattle/Texas/24-008749-003/2024(H5N1)	1273	48
PA|PP755594.1|A/cattle/Texas/24-008749-003/2024(H5N1)	1274	45
PA|PP755594.1|A/cattle/Texas/24-008749-003/2024(H5N1)	1275	46
PA|PP755594.1|A/cattle/Texas/24-008749-003/2024(H5N1)	1276	46
PA|PP755594.1|A/cattle/Texas/24-008749-003/2024(H5N1)	1277	45
PA|PP755594.1|A/cattle/Texas/24-008749-003/2024(H5N1)	1278	46
PA|PP755594.1|A/cattle/Texas/24-008749-003/2024(H5N1)	1279	48
PA|PP755594.1|A/cattle/Texas/24-008749-003/2024(H5N1)	1280	49
PA|PP755594.1|A/cattle/Texas/24-008749-003/2024(H5N1)	1281	50
PA|PP755594.1|A/cattle/Texas/24-008749-003/2024(H5N1)	1282	51
PA|PP755594.1|A/cattle/Texas/24-008749-003/2024(H5N1)	1283	50
PA|PP755594.1|A/cattle/Texas/24-008749-003/2024(H5N1)	1284	49
PA|PP755594.1|A/cattle/Texas/24-008749-003/2024(H5N1)	1285	51
PA|PP755594.1|A/cattle/Texas/24-008749-003/2024(H5N1)	1286	51
PA|PP755594.1|A/cattle/Texas/24-008749-003/2024(H5N1)	1287	51
PA|PP755594.1|A/cattle/Texas/24-008749-003/2024(H5N1)	1288	51
PA|PP755594.1|A/cattle/Texas/24-008749-003/2024(H5N1)	1289	49
PA|PP755594.1|A/cattle/Texas/24-008749-003/2024(H5N1)	1290	50
PA|PP755594.1|A/cattle/Texas/24-008749-003/2024(H5N1)	1291	50
PA|PP755594.1|A/cattle/Texas/24-008749-003/2024(H5N1)	1292	53
PA|PP755594.1|A/cattle/Texas/24-008749-003/2024(H5N1)	1293	52
PA|PP755594.1|A/cattle/Texas/24-008749-003/2024(H5N1)	1294	52
PA|PP755594.1|A/cattle/Texas/24-008749-003/2024(H5N1)	1295	51
PA|PP755594.1|A/cattle/Texas/24-008749-003/2024(H5N1)	1296	51
PA|PP755594.1|A/cattle/Texas/24-008749-003/2024(H5N1)	1297	52
PA|PP755594.1|A/cattle/Texas/24-008749-003/2024(H5N1)	1298	52
PA|PP755594.1|A/cattle/Texas/24-008749-003/2024(H5N1)	1299	52
PA|PP755594.1|A/cattle/Texas/24-008749-003/2024(H5N1)	1300	52
PA|PP755594.1|A/cattle/Texas/24-008749-003/2024(H5N1)	1301	53
PA|PP755594.1|A/cattle/Texas/24-008749-003/2024(H5N1)	1302	53
PA|PP755594.1|A/cattle/Texas/24-008749-003/2024(H5N1)	1303	54
PA|PP755594.1|A/cattle/Texas/24-008749-003/2024(H5N1)	1304	54
PA|PP755594.1|A/cattle/Texas/24-008749-003/2024(H5N1)	1305	53
PA|PP755594.1|A/cattle/Texas/24-008749-003/2024(H5N1)	1306	53
PA|PP755594.1|A/cattle/Texas/24-008749-003/2024(H5N1)	1307	54
PA|PP755594.1|A/cattle/Texas/24-008749-003/2024(H5N1)	1308	55
PA|PP755594.1|A/cattle/Texas/24-008749-003/2024(H5N1)	1309	55
PA|PP755594.1|A/cattle/Texas/24-008749-003/2024(H5N1)	1310	55
PA|PP755594.1|A/cattle/Texas/24-008749-003/2024(H5N1)	1311	59
PA|PP755594.1|A/cattle/Texas/24-008749-003/2024(H5N1)	1312	54
PA|PP755594.1|A/cattle/Texas/24-008749-003/2024(H5N1)	1313	55
PA|PP755594.1|A/cattle/Texas/24-008749-003/2024(H5N1)	1314	55
PA|PP755594.1|A/cattle/Texas/24-008749-003/2024(H5N1)	1315	55
PA|PP755594.1|A/cattle/Texas/24-008749-003/2024(H5N1)	1316	55
PA|PP755594.1|A/cattle/Texas/24-008749-003/2024(H5N1)	1317	54
PA|PP755594.1|A/cattle/Texas/24-008749-003/2024(H5N1)	1318	55
PA|PP755594.1|A/cattle/Texas/24-008749-003/2024(H5N1)	1319	55
PA|PP755594.1|A/cattle/Texas/24-008749-003/2024(H5N1)	1320	53
PA|PP755594.1|A/cattle/Texas/24-008749-003/2024(H5N1)	1321	53
PA|PP755594.1|A/cattle/Texas/24-008749-003/2024(H5N1)	1322	52
PA|PP755594.1|A/cattle/Texas/24-008749-003/2024(H5N1)	1323	53
PA|PP755594.1|A/cattle/Texas/24-008749-003/2024(H5N1)	1324	53
PA|PP755594.1|A/cattle/Texas/24-008749-003/2024(H5N1)	1325	53
PA|PP755594.1|A/cattle/Texas/24-008749-003/2024(H5N1)	1326	52
PA|PP755594.1|A/cattle/Texas/24-008749-003/2024(H5N1)	1327	52
PA|PP755594.1|A/cattle/Texas/24-008749-003/2024(H5N1)	1328	52
PA|PP755594.1|A/cattle/Texas/24-008749-003/2024(H5N1)	1329	54
PA|PP755594.1|A/cattle/Texas/24-008749-003/2024(H5N1)	1330	53
PA|PP755594.1|A/cattle/Texas/24-008749-003/2024(H5N1)	1331	52
PA|PP755594.1|A/cattle/Texas/24-008749-003/2024(H5N1)	1332	50
PA|PP755594.1|A/cattle/Texas/24-008749-003/2024(H5N1)	1333	50
PA|PP755594.1|A/cattle/Texas/24-008749-003/2024(H5N1)	1334	49
PA|PP755594.1|A/cattle/Texas/24-008749-003/2024(H5N1)	1335	48
PA|PP755594.1|A/cattle/Texas/24-008749-003/2024(H5N1)	1336	48
PA|PP755594.1|A/cattle/Texas/24-008749-003/2024(H5N1)	1337	48
PA|PP755594.1|A/cattle/Texas/24-008749-003/2024(H5N1)	1338	47
PA|PP755594.1|A/cattle/Texas/24-008749-003/2024(H5N1)	1339	47
PA|PP755594.1|A/cattle/Texas/24-008749-003/2024(H5N1)	1340	48
PA|PP755594.1|A/cattle/Texas/24-008749-003/2024(H5N1)	1341	46
PA|PP755594.1|A/cattle/Texas/24-008749-003/2024(H5N1)	1342	46
PA|PP755594.1|A/cattle/Texas/24-008749-003/2024(H5N1)	1343	44
PA|PP755594.1|A/cattle/Texas/24-008749-003/2024(H5N1)	1344	44
PA|PP755594.1|A/cattle/Texas/24-008749-003/2024(H5N1)	1345	44
PA|PP755594.1|A/cattle/Texas/24-008749-003/2024(H5N1)	1346	45
PA|PP755594.1|A/cattle/Texas/24-008749-003/2024(H5N1)	1347	45
PA|PP755594.1|A/cattle/Texas/24-008749-003/2024(H5N1)	1348	46
PA|PP755594.1|A/cattle/Texas/24-008749-003/2024(H5N1)	1349	45
PA|PP755594.1|A/cattle/Texas/24-008749-003/2024(H5N1)	1350	45
PA|PP755594.1|A/cattle/Texas/24-008749-003/2024(H5N1)	1351	46
PA|PP755594.1|A/cattle/Texas/24-008749-003/2024(H5N1)	1352	46
PA|PP755594.1|A/cattle/Texas/24-008749-003/2024(H5N1)	1353	47
PA|PP755594.1|A/cattle/Texas/24-008749-003/2024(H5N1)	1354	46
PA|PP755594.1|A/cattle/Texas/24-008749-003/2024(H5N1)	1355	45
PA|PP755594.1|A/cattle/Texas/24-008749-003/2024(H5N1)	1356	44
PA|PP755594.1|A/cattle/Texas/24-008749-003/2024(H5N1)	1357	44
PA|PP755594.1|A/cattle/Texas/24-008749-003/2024(H5N1)	1358	44
PA|PP755594.1|A/cattle/Texas/24-008749-003/2024(H5N1)	1359	45
PA|PP755594.1|A/cattle/Texas/24-008749-003/2024(H5N1)	1360	43
PA|PP755594.1|A/cattle/Texas/24-008749-003/2024(H5N1)	1361	43
PA|PP755594.1|A/cattle/Texas/24-008749-003/2024(H5N1)	1362	42
PA|PP755594.1|A/cattle/Texas/24-008749-003/2024(H5N1)	1363	42
PA|PP755594.1|A/cattle/Texas/24-008749-003/2024(H5N1)	1364	43
PA|PP755594.1|A/cattle/Texas/24-008749-003/2024(H5N1)	1365	42
PA|PP755594.1|A/cattle/Texas/24-008749-003/2024(H5N1)	1366	44
PA|PP755594.1|A/cattle/Texas/24-008749-003/2024(H5N1)	1367	46
PA|PP755594.1|A/cattle/Texas/24-008749-003/2024(H5N1)	1368	47
PA|PP755594.1|A/cattle/Texas/24-008749-003/2024(H5N1)	1369	48
PA|PP755594.1|A/cattle/Texas/24-008749-003/2024(H5N1)	1370	47
PA|PP755594.1|A/cattle/Texas/24-008749-003/2024(H5N1)	1371	46
PA|PP755594.1|A/cattle/Texas/24-008749-003/2024(H5N1)	1372	45
PA|PP755594.1|A/cattle/Texas/24-008749-003/2024(H5N1)	1373	45
PA|PP755594.1|A/cattle/Texas/24-008749-003/2024(H5N1)	1374	44
PA|PP755594.1|A/cattle/Texas/24-008749-003/2024(H5N1)	1375	44
PA|PP755594.1|A/cattle/Texas/24-008749-003/2024(H5N1)	1376	43
PA|PP755594.1|A/cattle/Texas/24-008749-003/2024(H5N1)	1377	44
PA|PP755594.1|A/cattle/Texas/24-008749-003/2024(H5N1)	1378	44
PA|PP755594.1|A/cattle/Texas/24-008749-003/2024(H5N1)	1379	43
PA|PP755594.1|A/cattle/Texas/24-008749-003/2024(H5N1)	1380	42
PA|PP755594.1|A/cattle/Texas/24-008749-003/2024(H5N1)	1381	41
PA|PP755594.1|A/cattle/Texas/24-008749-003/2024(H5N1)	1382	41
PA|PP755594.1|A/cattle/Texas/24-008749-003/2024(H5N1)	1383	41
PA|PP755594.1|A/cattle/Texas/24-008749-003/2024(H5N1)	1384	42
PA|PP755594.1|A/cattle/Texas/24-008749-003/2024(H5N1)	1385	44
PA|PP755594.1|A/cattle/Texas/24-008749-003/2024(H5N1)	1386	46
PA|PP755594.1|A/cattle/Texas/24-008749-003/2024(H5N1)	1387	48
PA|PP755594.1|A/cattle/Texas/24-008749-003/2024(H5N1)	1388	46
PA|PP755594.1|A/cattle/Texas/24-008749-003/2024(H5N1)	1389	45
PA|PP755594.1|A/cattle/Texas/24-008749-003/2024(H5N1)	1390	46
PA|PP755594.1|A/cattle/Texas/24-008749-003/2024(H5N1)	1391	46
PA|PP755594.1|A/cattle/Texas/24-008749-003/2024(H5N1)	1392	50
PA|PP755594.1|A/cattle/Texas/24-008749-003/2024(H5N1)	1393	49
PA|PP755594.1|A/cattle/Texas/24-008749-003/2024(H5N1)	1394	50
PA|PP755594.1|A/cattle/Texas/24-008749-003/2024(H5N1)	1395	50
PA|PP755594.1|A/cattle/Texas/24-008749-003/2024(H5N1)	1396	48
PA|PP755594.1|A/cattle/Texas/24-008749-003/2024(H5N1)	1397	52
PA|PP755594.1|A/cattle/Texas/24-008749-003/2024(H5N1)	1398	52
PA|PP755594.1|A/cattle/Texas/24-008749-003/2024(H5N1)	1399	51
PA|PP755594.1|A/cattle/Texas/24-008749-003/2024(H5N1)	1400	51
PA|PP755594.1|A/cattle/Texas/24-008749-003/2024(H5N1)	1401	48
PA|PP755594.1|A/cattle/Texas/24-008749-003/2024(H5N1)	1402	56
PA|PP755594.1|A/cattle/Texas/24-008749-003/2024(H5N1)	1403	56
PA|PP755594.1|A/cattle/Texas/24-008749-003/2024(H5N1)	1404	57
PA|PP755594.1|A/cattle/Texas/24-008749-003/2024(H5N1)	1405	57
PA|PP755594.1|A/cattle/Texas/24-008749-003/2024(H5N1)	1406	57
PA|PP755594.1|A/cattle/Texas/24-008749-003/2024(H5N1)	1407	59
PA|PP755594.1|A/cattle/Texas/24-008749-003/2024(H5N1)	1408	58
PA|PP755594.1|A/cattle/Texas/24-008749-003/2024(H5N1)	1409	58
PA|PP755594.1|A/cattle/Texas/24-008749-003/2024(H5N1)	1410	61
PA|PP755594.1|A/cattle/Texas/24-008749-003/2024(H5N1)	1411	60
PA|PP755594.1|A/cattle/Texas/24-008749-003/2024(H5N1)	1412	59
PA|PP755594.1|A/cattle/Texas/24-008749-003/2024(H5N1)	1413	59
PA|PP755594.1|A/cattle/Texas/24-008749-003/2024(H5N1)	1414	57
PA|PP755594.1|A/cattle/Texas/24-008749-003/2024(H5N1)	1415	57
PA|PP755594.1|A/cattle/Texas/24-008749-003/2024(H5N1)	1416	56
PA|PP755594.1|A/cattle/Texas/24-008749-003/2024(H5N1)	1417	57
PA|PP755594.1|A/cattle/Texas/24-008749-003/2024(H5N1)	1418	57
PA|PP755594.1|A/cattle/Texas/24-008749-003/2024(H5N1)	1419	57
PA|PP755594.1|A/cattle/Texas/24-008749-003/2024(H5N1)	1420	54
PA|PP755594.1|A/cattle/Texas/24-008749-003/2024(H5N1)	1421	53
PA|PP755594.1|A/cattle/Texas/24-008749-003/2024(H5N1)	1422	53
PA|PP755594.1|A/cattle/Texas/24-008749-003/2024(H5N1)	1423	53
PA|PP755594.1|A/cattle/Texas/24-008749-003/2024(H5N1)	1424	53
PA|PP755594.1|A/cattle/Texas/24-008749-003/2024(H5N1)	1425	52
PA|PP755594.1|A/cattle/Texas/24-008749-003/2024(H5N1)	1426	57
PA|PP755594.1|A/cattle/Texas/24-008749-003/2024(H5N1)	1427	56
PA|PP755594.1|A/cattle/Texas/24-008749-003/2024(H5N1)	1428	55
PA|PP755594.1|A/cattle/Texas/24-008749-003/2024(H5N1)	1429	57
PA|PP755594.1|A/cattle/Texas/24-008749-003/2024(H5N1)	1430	57
PA|PP755594.1|A/cattle/Texas/24-008749-003/2024(H5N1)	1431	57
PA|PP755594.1|A/cattle/Texas/24-008749-003/2024(H5N1)	1432	58
PA|PP755594.1|A/cattle/Texas/24-008749-003/2024(H5N1)	1433	58
PA|PP755594.1|A/cattle/Texas/24-008749-003/2024(H5N1)	1434	59
PA|PP755594.1|A/cattle/Texas/24-008749-003/2024(H5N1)	1435	58
PA|PP755594.1|A/cattle/Texas/24-008749-003/2024(H5N1)	1436	59
PA|PP755594.1|A/cattle/Texas/24-008749-003/2024(H5N1)	1437	60
PA|PP755594.1|A/cattle/Texas/24-008749-003/2024(H5N1)	1438	59
PA|PP755594.1|A/cattle/Texas/24-008749-003/2024(H5N1)	1439	59
PA|PP755594.1|A/cattle/Texas/24-008749-003/2024(H5N1)	1440	59
PA|PP755594.1|A/cattle/Texas/24-008749-003/2024(H5N1)	1441	59
PA|PP755594.1|A/cattle/Texas/24-008749-003/2024(H5N1)	1442	60
PA|PP755594.1|A/cattle/Texas/24-008749-003/2024(H5N1)	1443	60
PA|PP755594.1|A/cattle/Texas/24-008749-003/2024(H5N1)	1444	61
PA|PP755594.1|A/cattle/Texas/24-008749-003/2024(H5N1)	1445	59
PA|PP755594.1|A/cattle/Texas/24-008749-003/2024(H5N1)	1446	58
PA|PP755594.1|A/cattle/Texas/24-008749-003/2024(H5N1)	1447	58
PA|PP755594.1|A/cattle/Texas/24-008749-003/2024(H5N1)	1448	58
PA|PP755594.1|A/cattle/Texas/24-008749-003/2024(H5N1)	1449	58
PA|PP755594.1|A/cattle/Texas/24-008749-003/2024(H5N1)	1450	58
PA|PP755594.1|A/cattle/Texas/24-008749-003/2024(H5N1)	1451	57
PA|PP755594.1|A/cattle/Texas/24-008749-003/2024(H5N1)	1452	57
PA|PP755594.1|A/cattle/Texas/24-008749-003/2024(H5N1)	1453	57
PA|PP755594.1|A/cattle/Texas/24-008749-003/2024(H5N1)	1454	58
PA|PP755594.1|A/cattle/Texas/24-008749-003/2024(H5N1)	1455	57
PA|PP755594.1|A/cattle/Texas/24-008749-003/2024(H5N1)	1456	57
PA|PP755594.1|A/cattle/Texas/24-008749-003/2024(H5N1)	1457	56
PA|PP755594.1|A/cattle/Texas/24-008749-003/2024(H5N1)	1458	56
PA|PP755594.1|A/cattle/Texas/24-008749-003/2024(H5N1)	1459	56
PA|PP755594.1|A/cattle/Texas/24-008749-003/2024(H5N1)	1460	57
PA|PP755594.1|A/cattle/Texas/24-008749-003/2024(H5N1)	1461	57
PA|PP755594.1|A/cattle/Texas/24-008749-003/2024(H5N1)	1462	57
PA|PP755594.1|A/cattle/Texas/24-008749-003/2024(H5N1)	1463	57
PA|PP755594.1|A/cattle/Texas/24-008749-003/2024(H5N1)	1464	60
PA|PP755594.1|A/cattle/Texas/24-008749-003/2024(H5N1)	1465	58
PA|PP755594.1|A/cattle/Texas/24-008749-003/2024(H5N1)	1466	58
PA|PP755594.1|A/cattle/Texas/24-008749-003/2024(H5N1)	1467	57
PA|PP755594.1|A/cattle/Texas/24-008749-003/2024(H5N1)	1468	58
PA|PP755594.1|A/cattle/Texas/24-008749-003/2024(H5N1)	1469	59
PA|PP755594.1|A/cattle/Texas/24-008749-003/2024(H5N1)	1470	59
PA|PP755594.1|A/cattle/Texas/24-008749-003/2024(H5N1)	1471	60
PA|PP755594.1|A/cattle/Texas/24-008749-003/2024(H5N1)	1472	58
PA|PP755594.1|A/cattle/Texas/24-008749-003/2024(H5N1)	1473	55
PA|PP755594.1|A/cattle/Texas/24-008749-003/2024(H5N1)	1474	55
PA|PP755594.1|A/cattle/Texas/24-008749-003/2024(H5N1)	1475	56
PA|PP755594.1|A/cattle/Texas/24-008749-003/2024(H5N1)	1476	56
PA|PP755594.1|A/cattle/Texas/24-008749-003/2024(H5N1)	1477	55
PA|PP755594.1|A/cattle/Texas/24-008749-003/2024(H5N1)	1478	54
PA|PP755594.1|A/cattle/Texas/24-008749-003/2024(H5N1)	1479	50
PA|PP755594.1|A/cattle/Texas/24-008749-003/2024(H5N1)	1480	49
PA|PP755594.1|A/cattle/Texas/24-008749-003/2024(H5N1)	1481	49
PA|PP755594.1|A/cattle/Texas/24-008749-003/2024(H5N1)	1482	48
PA|PP755594.1|A/cattle/Texas/24-008749-003/2024(H5N1)	1483	46
PA|PP755594.1|A/cattle/Texas/24-008749-003/2024(H5N1)	1484	46
PA|PP755594.1|A/cattle/Texas/24-008749-003/2024(H5N1)	1485	47
PA|PP755594.1|A/cattle/Texas/24-008749-003/2024(H5N1)	1486	46
PA|PP755594.1|A/cattle/Texas/24-008749-003/2024(H5N1)	1487	46
PA|PP755594.1|A/cattle/Texas/24-008749-003/2024(H5N1)	1488	46
PA|PP755594.1|A/cattle/Texas/24-008749-003/2024(H5N1)	1489	46
PA|PP755594.1|A/cattle/Texas/24-008749-003/2024(H5N1)	1490	43
PA|PP755594.1|A/cattle/Texas/24-008749-003/2024(H5N1)	1491	45
PA|PP755594.1|A/cattle/Texas/24-008749-003/2024(H5N1)	1492	46
PA|PP755594.1|A/cattle/Texas/24-008749-003/2024(H5N1)	1493	47
PA|PP755594.1|A/cattle/Texas/24-008749-003/2024(H5N1)	1494	47
PA|PP755594.1|A/cattle/Texas/24-008749-003/2024(H5N1)	1495	47
PA|PP755594.1|A/cattle/Texas/24-008749-003/2024(H5N1)	1496	46
PA|PP755594.1|A/cattle/Texas/24-008749-003/2024(H5N1)	1497	46
PA|PP755594.1|A/cattle/Texas/24-008749-003/2024(H5N1)	1498	45
PA|PP755594.1|A/cattle/Texas/24-008749-003/2024(H5N1)	1499	43
PA|PP755594.1|A/cattle/Texas/24-008749-003/2024(H5N1)	1500	45
PA|PP755594.1|A/cattle/Texas/24-008749-003/2024(H5N1)	1501	45
PA|PP755594.1|A/cattle/Texas/24-008749-003/2024(H5N1)	1502	45
PA|PP755594.1|A/cattle/Texas/24-008749-003/2024(H5N1)	1503	44
PA|PP755594.1|A/cattle/Texas/24-008749-003/2024(H5N1)	1504	44
PA|PP755594.1|A/cattle/Texas/24-008749-003/2024(H5N1)	1505	44
PA|PP755594.1|A/cattle/Texas/24-008749-003/2024(H5N1)	1506	46
PA|PP755594.1|A/cattle/Texas/24-008749-003/2024(H5N1)	1507	43
PA|PP755594.1|A/cattle/Texas/24-008749-003/2024(H5N1)	1508	42
PA|PP755594.1|A/cattle/Texas/24-008749-003/2024(H5N1)	1509	38
PA|PP755594.1|A/cattle/Texas/24-008749-003/2024(H5N1)	1510	40
PA|PP755594.1|A/cattle/Texas/24-008749-003/2024(H5N1)	1511	41
PA|PP755594.1|A/cattle/Texas/24-008749-003/2024(H5N1)	1512	40
PA|PP755594.1|A/cattle/Texas/24-008749-003/2024(H5N1)	1513	42
PA|PP755594.1|A/cattle/Texas/24-008749-003/2024(H5N1)	1514	42
PA|PP755594.1|A/cattle/Texas/24-008749-003/2024(H5N1)	1515	42
PA|PP755594.1|A/cattle/Texas/24-008749-003/2024(H5N1)	1516	42
PA|PP755594.1|A/cattle/Texas/24-008749-003/2024(H5N1)	1517	42
PA|PP755594.1|A/cattle/Texas/24-008749-003/2024(H5N1)	1518	42
PA|PP755594.1|A/cattle/Texas/24-008749-003/2024(H5N1)	1519	43
PA|PP755594.1|A/cattle/Texas/24-008749-003/2024(H5N1)	1520	45
PA|PP755594.1|A/cattle/Texas/24-008749-003/2024(H5N1)	1521	45
PA|PP755594.1|A/cattle/Texas/24-008749-003/2024(H5N1)	1522	45
PA|PP755594.1|A/cattle/Texas/24-008749-003/2024(H5N1)	1523	46
PA|PP755594.1|A/cattle/Texas/24-008749-003/2024(H5N1)	1524	46
PA|PP755594.1|A/cattle/Texas/24-008749-003/2024(H5N1)	1525	47
PA|PP755594.1|A/cattle/Texas/24-008749-003/2024(H5N1)	1526	45
PA|PP755594.1|A/cattle/Texas/24-008749-003/2024(H5N1)	1527	44
PA|PP755594.1|A/cattle/Texas/24-008749-003/2024(H5N1)	1528	45
PA|PP755594.1|A/cattle/Texas/24-008749-003/2024(H5N1)	1529	46
PA|PP755594.1|A/cattle/Texas/24-008749-003/2024(H5N1)	1530	46
PA|PP755594.1|A/cattle/Texas/24-008749-003/2024(H5N1)	1531	46
PA|PP755594.1|A/cattle/Texas/24-008749-003/2024(H5N1)	1532	46
PA|PP755594.1|A/cattle/Texas/24-008749-003/2024(H5N1)	1533	46
PA|PP755594.1|A/cattle/Texas/24-008749-003/2024(H5N1)	1534	47
PA|PP755594.1|A/cattle/Texas/24-008749-003/2024(H5N1)	1535	47
PA|PP755594.1|A/cattle/Texas/24-008749-003/2024(H5N1)	1536	48
PA|PP755594.1|A/cattle/Texas/24-008749-003/2024(H5N1)	1537	47
PA|PP755594.1|A/cattle/Texas/24-008749-003/2024(H5N1)	1538	47
PA|PP755594.1|A/cattle/Texas/24-008749-003/2024(H5N1)	1539	46
PA|PP755594.1|A/cattle/Texas/24-008749-003/2024(H5N1)	1540	46
PA|PP755594.1|A/cattle/Texas/24-008749-003/2024(H5N1)	1541	48
PA|PP755594.1|A/cattle/Texas/24-008749-003/2024(H5N1)	1542	48
PA|PP755594.1|A/cattle/Texas/24-008749-003/2024(H5N1)	1543	46
PA|PP755594.1|A/cattle/Texas/24-008749-003/2024(H5N1)	1544	48
PA|PP755594.1|A/cattle/Texas/24-008749-003/2024(H5N1)	1545	47
PA|PP755594.1|A/cattle/Texas/24-008749-003/2024(H5N1)	1546	47
PA|PP755594.1|A/cattle/Texas/24-008749-003/2024(H5N1)	1547	47
PA|PP755594.1|A/cattle/Texas/24-008749-003/2024(H5N1)	1548	48
PA|PP755594.1|A/cattle/Texas/24-008749-003/2024(H5N1)	1549	46
PA|PP755594.1|A/cattle/Texas/24-008749-003/2024(H5N1)	1550	45
PA|PP755594.1|A/cattle/Texas/24-008749-003/2024(H5N1)	1551	46
PA|PP755594.1|A/cattle/Texas/24-008749-003/2024(H5N1)	1552	46
PA|PP755594.1|A/cattle/Texas/24-008749-003/2024(H5N1)	1553	49
PA|PP755594.1|A/cattle/Texas/24-008749-003/2024(H5N1)	1554	49
PA|PP755594.1|A/cattle/Texas/24-008749-003/2024(H5N1)	1555	49
PA|PP755594.1|A/cattle/Texas/24-008749-003/2024(H5N1)	1556	49
PA|PP755594.1|A/cattle/Texas/24-008749-003/2024(H5N1)	1557	49
PA|PP755594.1|A/cattle/Texas/24-008749-003/2024(H5N1)	1558	48
PA|PP755594.1|A/cattle/Texas/24-008749-003/2024(H5N1)	1559	48
PA|PP755594.1|A/cattle/Texas/24-008749-003/2024(H5N1)	1560	48
PA|PP755594.1|A/cattle/Texas/24-008749-003/2024(H5N1)	1561	49
PA|PP755594.1|A/cattle/Texas/24-008749-003/2024(H5N1)	1562	48
PA|PP755594.1|A/cattle/Texas/24-008749-003/2024(H5N1)	1563	48
PA|PP755594.1|A/cattle/Texas/24-008749-003/2024(H5N1)	1564	47
PA|PP755594.1|A/cattle/Texas/24-008749-003/2024(H5N1)	1565	49
PA|PP755594.1|A/cattle/Texas/24-008749-003/2024(H5N1)	1566	51
PA|PP755594.1|A/cattle/Texas/24-008749-003/2024(H5N1)	1567	52
PA|PP755594.1|A/cattle/Texas/24-008749-003/2024(H5N1)	1568	53
PA|PP755594.1|A/cattle/Texas/24-008749-003/2024(H5N1)	1569	53
PA|PP755594.1|A/cattle/Texas/24-008749-003/2024(H5N1)	1570	54
PA|PP755594.1|A/cattle/Texas/24-008749-003/2024(H5N1)	1571	54
PA|PP755594.1|A/cattle/Texas/24-008749-003/2024(H5N1)	1572	55
PA|PP755594.1|A/cattle/Texas/24-008749-003/2024(H5N1)	1573	58
PA|PP755594.1|A/cattle/Texas/24-008749-003/2024(H5N1)	1574	58
PA|PP755594.1|A/cattle/Texas/24-008749-003/2024(H5N1)	1575	62
PA|PP755594.1|A/cattle/Texas/24-008749-003/2024(H5N1)	1576	62
PA|PP755594.1|A/cattle/Texas/24-008749-003/2024(H5N1)	1577	62
PA|PP755594.1|A/cattle/Texas/24-008749-003/2024(H5N1)	1578	62
PA|PP755594.1|A/cattle/Texas/24-008749-003/2024(H5N1)	1579	63
PA|PP755594.1|A/cattle/Texas/24-008749-003/2024(H5N1)	1580	63
PA|PP755594.1|A/cattle/Texas/24-008749-003/2024(H5N1)	1581	62
PA|PP755594.1|A/cattle/Texas/24-008749-003/2024(H5N1)	1582	62
PA|PP755594.1|A/cattle/Texas/24-008749-003/2024(H5N1)	1583	64
PA|PP755594.1|A/cattle/Texas/24-008749-003/2024(H5N1)	1584	60
PA|PP755594.1|A/cattle/Texas/24-008749-003/2024(H5N1)	1585	60
PA|PP755594.1|A/cattle/Texas/24-008749-003/2024(H5N1)	1586	58
PA|PP755594.1|A/cattle/Texas/24-008749-003/2024(H5N1)	1587	60
PA|PP755594.1|A/cattle/Texas/24-008749-003/2024(H5N1)	1588	61
PA|PP755594.1|A/cattle/Texas/24-008749-003/2024(H5N1)	1589	60
PA|PP755594.1|A/cattle/Texas/24-008749-003/2024(H5N1)	1590	60
PA|PP755594.1|A/cattle/Texas/24-008749-003/2024(H5N1)	1591	61
PA|PP755594.1|A/cattle/Texas/24-008749-003/2024(H5N1)	1592	70
PA|PP755594.1|A/cattle/Texas/24-008749-003/2024(H5N1)	1593	69
PA|PP755594.1|A/cattle/Texas/24-008749-003/2024(H5N1)	1594	65
PA|PP755594.1|A/cattle/Texas/24-008749-003/2024(H5N1)	1595	65
PA|PP755594.1|A/cattle/Texas/24-008749-003/2024(H5N1)	1596	63
PA|PP755594.1|A/cattle/Texas/24-008749-003/2024(H5N1)	1597	63
PA|PP755594.1|A/cattle/Texas/24-008749-003/2024(H5N1)	1598	62
PA|PP755594.1|A/cattle/Texas/24-008749-003/2024(H5N1)	1599	62
PA|PP755594.1|A/cattle/Texas/24-008749-003/2024(H5N1)	1600	62
PA|PP755594.1|A/cattle/Texas/24-008749-003/2024(H5N1)	1601	59
PA|PP755594.1|A/cattle/Texas/24-008749-003/2024(H5N1)	1602	59
PA|PP755594.1|A/cattle/Texas/24-008749-003/2024(H5N1)	1603	58
PA|PP755594.1|A/cattle/Texas/24-008749-003/2024(H5N1)	1604	58
PA|PP755594.1|A/cattle/Texas/24-008749-003/2024(H5N1)	1605	59
PA|PP755594.1|A/cattle/Texas/24-008749-003/2024(H5N1)	1606	59
PA|PP755594.1|A/cattle/Texas/24-008749-003/2024(H5N1)	1607	59
PA|PP755594.1|A/cattle/Texas/24-008749-003/2024(H5N1)	1608	60
PA|PP755594.1|A/cattle/Texas/24-008749-003/2024(H5N1)	1609	61
PA|PP755594.1|A/cattle/Texas/24-008749-003/2024(H5N1)	1610	60
PA|PP755594.1|A/cattle/Texas/24-008749-003/2024(H5N1)	1611	61
PA|PP755594.1|A/cattle/Texas/24-008749-003/2024(H5N1)	1612	61
PA|PP755594.1|A/cattle/Texas/24-008749-003/2024(H5N1)	1613	61
PA|PP755594.1|A/cattle/Texas/24-008749-003/2024(H5N1)	1614	60
PA|PP755594.1|A/cattle/Texas/24-008749-003/2024(H5N1)	1615	62
PA|PP755594.1|A/cattle/Texas/24-008749-003/2024(H5N1)	1616	62
PA|PP755594.1|A/cattle/Texas/24-008749-003/2024(H5N1)	1617	66
PA|PP755594.1|A/cattle/Texas/24-008749-003/2024(H5N1)	1618	67
PA|PP755594.1|A/cattle/Texas/24-008749-003/2024(H5N1)	1619	67
PA|PP755594.1|A/cattle/Texas/24-008749-003/2024(H5N1)	1620	68
PA|PP755594.1|A/cattle/Texas/24-008749-003/2024(H5N1)	1621	63
PA|PP755594.1|A/cattle/Texas/24-008749-003/2024(H5N1)	1622	63
PA|PP755594.1|A/cattle/Texas/24-008749-003/2024(H5N1)	1623	63
PA|PP755594.1|A/cattle/Texas/24-008749-003/2024(H5N1)	1624	64
PA|PP755594.1|A/cattle/Texas/24-008749-003/2024(H5N1)	1625	65
PA|PP755594.1|A/cattle/Texas/24-008749-003/2024(H5N1)	1626	62
PA|PP755594.1|A/cattle/Texas/24-008749-003/2024(H5N1)	1627	62
PA|PP755594.1|A/cattle/Texas/24-008749-003/2024(H5N1)	1628	63
PA|PP755594.1|A/cattle/Texas/24-008749-003/2024(H5N1)	1629	63
PA|PP755594.1|A/cattle/Texas/24-008749-003/2024(H5N1)	1630	62
PA|PP755594.1|A/cattle/Texas/24-008749-003/2024(H5N1)	1631	65
PA|PP755594.1|A/cattle/Texas/24-008749-003/2024(H5N1)	1632	65
PA|PP755594.1|A/cattle/Texas/24-008749-003/2024(H5N1)	1633	63
PA|PP755594.1|A/cattle/Texas/24-008749-003/2024(H5N1)	1634	64
PA|PP755594.1|A/cattle/Texas/24-008749-003/2024(H5N1)	1635	62
PA|PP755594.1|A/cattle/Texas/24-008749-003/2024(H5N1)	1636	64
PA|PP755594.1|A/cattle/Texas/24-008749-003/2024(H5N1)	1637	64
PA|PP755594.1|A/cattle/Texas/24-008749-003/2024(H5N1)	1638	64
PA|PP755594.1|A/cattle/Texas/24-008749-003/2024(H5N1)	1639	66
PA|PP755594.1|A/cattle/Texas/24-008749-003/2024(H5N1)	1640	64
PA|PP755594.1|A/cattle/Texas/24-008749-003/2024(H5N1)	1641	62
PA|PP755594.1|A/cattle/Texas/24-008749-003/2024(H5N1)	1642	62
PA|PP755594.1|A/cattle/Texas/24-008749-003/2024(H5N1)	1643	61
PA|PP755594.1|A/cattle/Texas/24-008749-003/2024(H5N1)	1644	60
PA|PP755594.1|A/cattle/Texas/24-008749-003/2024(H5N1)	1645	66
PA|PP755594.1|A/cattle/Texas/24-008749-003/2024(H5N1)	1646	66
PA|PP755594.1|A/cattle/Texas/24-008749-003/2024(H5N1)	1647	67
PA|PP755594.1|A/cattle/Texas/24-008749-003/2024(H5N1)	1648	67
PA|PP755594.1|A/cattle/Texas/24-008749-003/2024(H5N1)	1649	66
PA|PP755594.1|A/cattle/Texas/24-008749-003/2024(H5N1)	1650	66
PA|PP755594.1|A/cattle/Texas/24-008749-003/2024(H5N1)	1651	67
PA|PP755594.1|A/cattle/Texas/24-008749-003/2024(H5N1)	1652	66
PA|PP755594.1|A/cattle/Texas/24-008749-003/2024(H5N1)	1653	67
PA|PP755594.1|A/cattle/Texas/24-008749-003/2024(H5N1)	1654	63
PA|PP755594.1|A/cattle/Texas/24-008749-003/2024(H5N1)	1655	64
PA|PP755594.1|A/cattle/Texas/24-008749-003/2024(H5N1)	1656	63
PA|PP755594.1|A/cattle/Texas/24-008749-003/2024(H5N1)	1657	66
PA|PP755594.1|A/cattle/Texas/24-008749-003/2024(H5N1)	1658	66
PA|PP755594.1|A/cattle/Texas/24-008749-003/2024(H5N1)	1659	66
PA|PP755594.1|A/cattle/Texas/24-008749-003/2024(H5N1)	1660	66
PA|PP755594.1|A/cattle/Texas/24-008749-003/2024(H5N1)	1661	66
PA|PP755594.1|A/cattle/Texas/24-008749-003/2024(H5N1)	1662	65
PA|PP755594.1|A/cattle/Texas/24-008749-003/2024(H5N1)	1663	66
PA|PP755594.1|A/cattle/Texas/24-008749-003/2024(H5N1)	1664	66
PA|PP755594.1|A/cattle/Texas/24-008749-003/2024(H5N1)	1665	65
PA|PP755594.1|A/cattle/Texas/24-008749-003/2024(H5N1)	1666	62
PA|PP755594.1|A/cattle/Texas/24-008749-003/2024(H5N1)	1667	63
PA|PP755594.1|A/cattle/Texas/24-008749-003/2024(H5N1)	1668	63
PA|PP755594.1|A/cattle/Texas/24-008749-003/2024(H5N1)	1669	64
PA|PP755594.1|A/cattle/Texas/24-008749-003/2024(H5N1)	1670	64
PA|PP755594.1|A/cattle/Texas/24-008749-003/2024(H5N1)	1671	67
PA|PP755594.1|A/cattle/Texas/24-008749-003/2024(H5N1)	1672	65
PA|PP755594.1|A/cattle/Texas/24-008749-003/2024(H5N1)	1673	63
PA|PP755594.1|A/cattle/Texas/24-008749-003/2024(H5N1)	1674	63
PA|PP755594.1|A/cattle/Texas/24-008749-003/2024(H5N1)	1675	63
PA|PP755594.1|A/cattle/Texas/24-008749-003/2024(H5N1)	1676	64
PA|PP755594.1|A/cattle/Texas/24-008749-003/2024(H5N1)	1677	63
PA|PP755594.1|A/cattle/Texas/24-008749-003/2024(H5N1)	1678	62
PA|PP755594.1|A/cattle/Texas/24-008749-003/2024(H5N1)	1679	61
PA|PP755594.1|A/cattle/Texas/24-008749-003/2024(H5N1)	1680	60
PA|PP755594.1|A/cattle/Texas/24-008749-003/2024(H5N1)	1681	60
PA|PP755594.1|A/cattle/Texas/24-008749-003/2024(H5N1)	1682	63
PA|PP755594.1|A/cattle/Texas/24-008749-003/2024(H5N1)	1683	64
PA|PP755594.1|A/cattle/Texas/24-008749-003/2024(H5N1)	1684	65
PA|PP755594.1|A/cattle/Texas/24-008749-003/2024(H5N1)	1685	66
PA|PP755594.1|A/cattle/Texas/24-008749-003/2024(H5N1)	1686	66
PA|PP755594.1|A/cattle/Texas/24-008749-003/2024(H5N1)	1687	65
PA|PP755594.1|A/cattle/Texas/24-008749-003/2024(H5N1)	1688	65
PA|PP755594.1|A/cattle/Texas/24-008749-003/2024(H5N1)	1689	65
PA|PP755594.1|A/cattle/Texas/24-008749-003/2024(H5N1)	1690	64
PA|PP755594.1|A/cattle/Texas/24-008749-003/2024(H5N1)	1691	65
PA|PP755594.1|A/cattle/Texas/24-008749-003/2024(H5N1)	1692	63
PA|PP755594.1|A/cattle/Texas/24-008749-003/2024(H5N1)	1693	64
PA|PP755594.1|A/cattle/Texas/24-008749-003/2024(H5N1)	1694	64
PA|PP755594.1|A/cattle/Texas/24-008749-003/2024(H5N1)	1695	64
PA|PP755594.1|A/cattle/Texas/24-008749-003/2024(H5N1)	1696	64
PA|PP755594.1|A/cattle/Texas/24-008749-003/2024(H5N1)	1697	63
PA|PP755594.1|A/cattle/Texas/24-008749-003/2024(H5N1)	1698	59
PA|PP755594.1|A/cattle/Texas/24-008749-003/2024(H5N1)	1699	59
PA|PP755594.1|A/cattle/Texas/24-008749-003/2024(H5N1)	1700	59
PA|PP755594.1|A/cattle/Texas/24-008749-003/2024(H5N1)	1701	57
PA|PP755594.1|A/cattle/Texas/24-008749-003/2024(H5N1)	1702	57
PA|PP755594.1|A/cattle/Texas/24-008749-003/2024(H5N1)	1703	56
PA|PP755594.1|A/cattle/Texas/24-008749-003/2024(H5N1)	1704	55
PA|PP755594.1|A/cattle/Texas/24-008749-003/2024(H5N1)	1705	54
PA|PP755594.1|A/cattle/Texas/24-008749-003/2024(H5N1)	1706	53
PA|PP755594.1|A/cattle/Texas/24-008749-003/2024(H5N1)	1707	55
PA|PP755594.1|A/cattle/Texas/24-008749-003/2024(H5N1)	1708	55
PA|PP755594.1|A/cattle/Texas/24-008749-003/2024(H5N1)	1709	54
PA|PP755594.1|A/cattle/Texas/24-008749-003/2024(H5N1)	1710	53
PA|PP755594.1|A/cattle/Texas/24-008749-003/2024(H5N1)	1711	54
PA|PP755594.1|A/cattle/Texas/24-008749-003/2024(H5N1)	1712	54
PA|PP755594.1|A/cattle/Texas/24-008749-003/2024(H5N1)	1713	55
PA|PP755594.1|A/cattle/Texas/24-008749-003/2024(H5N1)	1714	55
PA|PP755594.1|A/cattle/Texas/24-008749-003/2024(H5N1)	1715	54
PA|PP755594.1|A/cattle/Texas/24-008749-003/2024(H5N1)	1716	54
PA|PP755594.1|A/cattle/Texas/24-008749-003/2024(H5N1)	1717	56
PA|PP755594.1|A/cattle/Texas/24-008749-003/2024(H5N1)	1718	56
PA|PP755594.1|A/cattle/Texas/24-008749-003/2024(H5N1)	1719	57
PA|PP755594.1|A/cattle/Texas/24-008749-003/2024(H5N1)	1720	57
PA|PP755594.1|A/cattle/Texas/24-008749-003/2024(H5N1)	1721	57
PA|PP755594.1|A/cattle/Texas/24-008749-003/2024(H5N1)	1722	59
PA|PP755594.1|A/cattle/Texas/24-008749-003/2024(H5N1)	1723	57
PA|PP755594.1|A/cattle/Texas/24-008749-003/2024(H5N1)	1724	55
PA|PP755594.1|A/cattle/Texas/24-008749-003/2024(H5N1)	1725	55
PA|PP755594.1|A/cattle/Texas/24-008749-003/2024(H5N1)	1726	56
PA|PP755594.1|A/cattle/Texas/24-008749-003/2024(H5N1)	1727	56
PA|PP755594.1|A/cattle/Texas/24-008749-003/2024(H5N1)	1728	56
PA|PP755594.1|A/cattle/Texas/24-008749-003/2024(H5N1)	1729	54
PA|PP755594.1|A/cattle/Texas/24-008749-003/2024(H5N1)	1730	52
PA|PP755594.1|A/cattle/Texas/24-008749-003/2024(H5N1)	1731	56
PA|PP755594.1|A/cattle/Texas/24-008749-003/2024(H5N1)	1732	57
PA|PP755594.1|A/cattle/Texas/24-008749-003/2024(H5N1)	1733	57
PA|PP755594.1|A/cattle/Texas/24-008749-003/2024(H5N1)	1734	55
PA|PP755594.1|A/cattle/Texas/24-008749-003/2024(H5N1)	1735	55
PA|PP755594.1|A/cattle/Texas/24-008749-003/2024(H5N1)	1736	56
PA|PP755594.1|A/cattle/Texas/24-008749-003/2024(H5N1)	1737	55
PA|PP755594.1|A/cattle/Texas/24-008749-003/2024(H5N1)	1738	61
PA|PP755594.1|A/cattle/Texas/24-008749-003/2024(H5N1)	1739	60
PA|PP755594.1|A/cattle/Texas/24-008749-003/2024(H5N1)	1740	60
PA|PP755594.1|A/cattle/Texas/24-008749-003/2024(H5N1)	1741	59
PA|PP755594.1|A/cattle/Texas/24-008749-003/2024(H5N1)	1742	58
PA|PP755594.1|A/cattle/Texas/24-008749-003/2024(H5N1)	1743	58
PA|PP755594.1|A/cattle/Texas/24-008749-003/2024(H5N1)	1744	58
PA|PP755594.1|A/cattle/Texas/24-008749-003/2024(H5N1)	1745	60
PA|PP755594.1|A/cattle/Texas/24-008749-003/2024(H5N1)	1746	60
PA|PP755594.1|A/cattle/Texas/24-008749-003/2024(H5N1)	1747	57
PA|PP755594.1|A/cattle/Texas/24-008749-003/2024(H5N1)	1748	58
PA|PP755594.1|A/cattle/Texas/24-008749-003/2024(H5N1)	1749	56
PA|PP755594.1|A/cattle/Texas/24-008749-003/2024(H5N1)	1750	56
PA|PP755594.1|A/cattle/Texas/24-008749-003/2024(H5N1)	1751	57
PA|PP755594.1|A/cattle/Texas/24-008749-003/2024(H5N1)	1752	56
PA|PP755594.1|A/cattle/Texas/24-008749-003/2024(H5N1)	1753	55
PA|PP755594.1|A/cattle/Texas/24-008749-003/2024(H5N1)	1754	54
PA|PP755594.1|A/cattle/Texas/24-008749-003/2024(H5N1)	1755	55
PA|PP755594.1|A/cattle/Texas/24-008749-003/2024(H5N1)	1756	56
PA|PP755594.1|A/cattle/Texas/24-008749-003/2024(H5N1)	1757	57
PA|PP755594.1|A/cattle/Texas/24-008749-003/2024(H5N1)	1758	58
PA|PP755594.1|A/cattle/Texas/24-008749-003/2024(H5N1)	1759	57
PA|PP755594.1|A/cattle/Texas/24-008749-003/2024(H5N1)	1760	54
PA|PP755594.1|A/cattle/Texas/24-008749-003/2024(H5N1)	1761	55
PA|PP755594.1|A/cattle/Texas/24-008749-003/2024(H5N1)	1762	54
PA|PP755594.1|A/cattle/Texas/24-008749-003/2024(H5N1)	1763	57
PA|PP755594.1|A/cattle/Texas/24-008749-003/2024(H5N1)	1764	56
PA|PP755594.1|A/cattle/Texas/24-008749-003/2024(H5N1)	1765	57
PA|PP755594.1|A/cattle/Texas/24-008749-003/2024(H5N1)	1766	57
PA|PP755594.1|A/cattle/Texas/24-008749-003/2024(H5N1)	1767	58
PA|PP755594.1|A/cattle/Texas/24-008749-003/2024(H5N1)	1768	58
PA|PP755594.1|A/cattle/Texas/24-008749-003/2024(H5N1)	1769	58
PA|PP755594.1|A/cattle/Texas/24-008749-003/2024(H5N1)	1770	58
PA|PP755594.1|A/cattle/Texas/24-008749-003/2024(H5N1)	1771	58
PA|PP755594.1|A/cattle/Texas/24-008749-003/2024(H5N1)	1772	56
PA|PP755594.1|A/cattle/Texas/24-008749-003/2024(H5N1)	1773	56
PA|PP755594.1|A/cattle/Texas/24-008749-003/2024(H5N1)	1774	55
PA|PP755594.1|A/cattle/Texas/24-008749-003/2024(H5N1)	1775	54
PA|PP755594.1|A/cattle/Texas/24-008749-003/2024(H5N1)	1776	55
PA|PP755594.1|A/cattle/Texas/24-008749-003/2024(H5N1)	1777	57
PA|PP755594.1|A/cattle/Texas/24-008749-003/2024(H5N1)	1778	57
PA|PP755594.1|A/cattle/Texas/24-008749-003/2024(H5N1)	1779	57
PA|PP755594.1|A/cattle/Texas/24-008749-003/2024(H5N1)	1780	57
PA|PP755594.1|A/cattle/Texas/24-008749-003/2024(H5N1)	1781	57
PA|PP755594.1|A/cattle/Texas/24-008749-003/2024(H5N1)	1782	56
PA|PP755594.1|A/cattle/Texas/24-008749-003/2024(H5N1)	1783	56
PA|PP755594.1|A/cattle/Texas/24-008749-003/2024(H5N1)	1784	56
PA|PP755594.1|A/cattle/Texas/24-008749-003/2024(H5N1)	1785	56
PA|PP755594.1|A/cattle/Texas/24-008749-003/2024(H5N1)	1786	56
PA|PP755594.1|A/cattle/Texas/24-008749-003/2024(H5N1)	1787	55
PA|PP755594.1|A/cattle/Texas/24-008749-003/2024(H5N1)	1788	52
PA|PP755594.1|A/cattle/Texas/24-008749-003/2024(H5N1)	1789	52
PA|PP755594.1|A/cattle/Texas/24-008749-003/2024(H5N1)	1790	53
PA|PP755594.1|A/cattle/Texas/24-008749-003/2024(H5N1)	1791	54
PA|PP755594.1|A/cattle/Texas/24-008749-003/2024(H5N1)	1792	54
PA|PP755594.1|A/cattle/Texas/24-008749-003/2024(H5N1)	1793	54
PA|PP755594.1|A/cattle/Texas/24-008749-003/2024(H5N1)	1794	51
PA|PP755594.1|A/cattle/Texas/24-008749-003/2024(H5N1)	1795	51
PA|PP755594.1|A/cattle/Texas/24-008749-003/2024(H5N1)	1796	52
PA|PP755594.1|A/cattle/Texas/24-008749-003/2024(H5N1)	1797	52
PA|PP755594.1|A/cattle/Texas/24-008749-003/2024(H5N1)	1798	56
PA|PP755594.1|A/cattle/Texas/24-008749-003/2024(H5N1)	1799	56
PA|PP755594.1|A/cattle/Texas/24-008749-003/2024(H5N1)	1800	52
PA|PP755594.1|A/cattle/Texas/24-008749-003/2024(H5N1)	1801	51
PA|PP755594.1|A/cattle/Texas/24-008749-003/2024(H5N1)	1802	52
PA|PP755594.1|A/cattle/Texas/24-008749-003/2024(H5N1)	1803	53
PA|PP755594.1|A/cattle/Texas/24-008749-003/2024(H5N1)	1804	54
PA|PP755594.1|A/cattle/Texas/24-008749-003/2024(H5N1)	1805	54
PA|PP755594.1|A/cattle/Texas/24-008749-003/2024(H5N1)	1806	53
PA|PP755594.1|A/cattle/Texas/24-008749-003/2024(H5N1)	1807	53
PA|PP755594.1|A/cattle/Texas/24-008749-003/2024(H5N1)	1808	52
PA|PP755594.1|A/cattle/Texas/24-008749-003/2024(H5N1)	1809	52
PA|PP755594.1|A/cattle/Texas/24-008749-003/2024(H5N1)	1810	53
PA|PP755594.1|A/cattle/Texas/24-008749-003/2024(H5N1)	1811	53
PA|PP755594.1|A/cattle/Texas/24-008749-003/2024(H5N1)	1812	53
PA|PP755594.1|A/cattle/Texas/24-008749-003/2024(H5N1)	1813	53
PA|PP755594.1|A/cattle/Texas/24-008749-003/2024(H5N1)	1814	52
PA|PP755594.1|A/cattle/Texas/24-008749-003/2024(H5N1)	1815	53
PA|PP755594.1|A/cattle/Texas/24-008749-003/2024(H5N1)	1816	53
PA|PP755594.1|A/cattle/Texas/24-008749-003/2024(H5N1)	1817	52
PA|PP755594.1|A/cattle/Texas/24-008749-003/2024(H5N1)	1818	49
PA|PP755594.1|A/cattle/Texas/24-008749-003/2024(H5N1)	1819	45
PA|PP755594.1|A/cattle/Texas/24-008749-003/2024(H5N1)	1820	45
PA|PP755594.1|A/cattle/Texas/24-008749-003/2024(H5N1)	1821	42
PA|PP755594.1|A/cattle/Texas/24-008749-003/2024(H5N1)	1822	40
PA|PP755594.1|A/cattle/Texas/24-008749-003/2024(H5N1)	1823	40
PA|PP755594.1|A/cattle/Texas/24-008749-003/2024(H5N1)	1824	38
PA|PP755594.1|A/cattle/Texas/24-008749-003/2024(H5N1)	1825	39
PA|PP755594.1|A/cattle/Texas/24-008749-003/2024(H5N1)	1826	39
PA|PP755594.1|A/cattle/Texas/24-008749-003/2024(H5N1)	1827	39
PA|PP755594.1|A/cattle/Texas/24-008749-003/2024(H5N1)	1828	42
PA|PP755594.1|A/cattle/Texas/24-008749-003/2024(H5N1)	1829	41
PA|PP755594.1|A/cattle/Texas/24-008749-003/2024(H5N1)	1830	41
PA|PP755594.1|A/cattle/Texas/24-008749-003/2024(H5N1)	1831	42
PA|PP755594.1|A/cattle/Texas/24-008749-003/2024(H5N1)	1832	42
PA|PP755594.1|A/cattle/Texas/24-008749-003/2024(H5N1)	1833	43
PA|PP755594.1|A/cattle/Texas/24-008749-003/2024(H5N1)	1834	40
PA|PP755594.1|A/cattle/Texas/24-008749-003/2024(H5N1)	1835	40
PA|PP755594.1|A/cattle/Texas/24-008749-003/2024(H5N1)	1836	40
PA|PP755594.1|A/cattle/Texas/24-008749-003/2024(H5N1)	1837	40
PA|PP755594.1|A/cattle/Texas/24-008749-003/2024(H5N1)	1838	40
PA|PP755594.1|A/cattle/Texas/24-008749-003/2024(H5N1)	1839	41
PA|PP755594.1|A/cattle/Texas/24-008749-003/2024(H5N1)	1840	41
PA|PP755594.1|A/cattle/Texas/24-008749-003/2024(H5N1)	1841	40
PA|PP755594.1|A/cattle/Texas/24-008749-003/2024(H5N1)	1842	40
PA|PP755594.1|A/cattle/Texas/24-008749-003/2024(H5N1)	1843	40
PA|PP755594.1|A/cattle/Texas/24-008749-003/2024(H5N1)	1844	40
PA|PP755594.1|A/cattle/Texas/24-008749-003/2024(H5N1)	1845	41
PA|PP755594.1|A/cattle/Texas/24-008749-003/2024(H5N1)	1846	41
PA|PP755594.1|A/cattle/Texas/24-008749-003/2024(H5N1)	1847	41
PA|PP755594.1|A/cattle/Texas/24-008749-003/2024(H5N1)	1848	40
PA|PP755594.1|A/cattle/Texas/24-008749-003/2024(H5N1)	1849	41
PA|PP755594.1|A/cattle/Texas/24-008749-003/2024(H5N1)	1850	41
PA|PP755594.1|A/cattle/Texas/24-008749-003/2024(H5N1)	1851	41
PA|PP755594.1|A/cattle/Texas/24-008749-003/2024(H5N1)	1852	43
PA|PP755594.1|A/cattle/Texas/24-008749-003/2024(H5N1)	1853	41
PA|PP755594.1|A/cattle/Texas/24-008749-003/2024(H5N1)	1854	45
PA|PP755594.1|A/cattle/Texas/24-008749-003/2024(H5N1)	1855	45
PA|PP755594.1|A/cattle/Texas/24-008749-003/2024(H5N1)	1856	46
PA|PP755594.1|A/cattle/Texas/24-008749-003/2024(H5N1)	1857	49
PA|PP755594.1|A/cattle/Texas/24-008749-003/2024(H5N1)	1858	48
PA|PP755594.1|A/cattle/Texas/24-008749-003/2024(H5N1)	1859	48
PA|PP755594.1|A/cattle/Texas/24-008749-003/2024(H5N1)	1860	48
PA|PP755594.1|A/cattle/Texas/24-008749-003/2024(H5N1)	1861	49
PA|PP755594.1|A/cattle/Texas/24-008749-003/2024(H5N1)	1862	49
PA|PP755594.1|A/cattle/Texas/24-008749-003/2024(H5N1)	1863	49
PA|PP755594.1|A/cattle/Texas/24-008749-003/2024(H5N1)	1864	48
PA|PP755594.1|A/cattle/Texas/24-008749-003/2024(H5N1)	1865	50
PA|PP755594.1|A/cattle/Texas/24-008749-003/2024(H5N1)	1866	50
PA|PP755594.1|A/cattle/Texas/24-008749-003/2024(H5N1)	1867	52
PA|PP755594.1|A/cattle/Texas/24-008749-003/2024(H5N1)	1868	51
PA|PP755594.1|A/cattle/Texas/24-008749-003/2024(H5N1)	1869	51
PA|PP755594.1|A/cattle/Texas/24-008749-003/2024(H5N1)	1870	53
PA|PP755594.1|A/cattle/Texas/24-008749-003/2024(H5N1)	1871	53
PA|PP755594.1|A/cattle/Texas/24-008749-003/2024(H5N1)	1872	54
PA|PP755594.1|A/cattle/Texas/24-008749-003/2024(H5N1)	1873	57
PA|PP755594.1|A/cattle/Texas/24-008749-003/2024(H5N1)	1874	56
PA|PP755594.1|A/cattle/Texas/24-008749-003/2024(H5N1)	1875	56
PA|PP755594.1|A/cattle/Texas/24-008749-003/2024(H5N1)	1876	57
PA|PP755594.1|A/cattle/Texas/24-008749-003/2024(H5N1)	1877	60
PA|PP755594.1|A/cattle/Texas/24-008749-003/2024(H5N1)	1878	60
PA|PP755594.1|A/cattle/Texas/24-008749-003/2024(H5N1)	1879	62
PA|PP755594.1|A/cattle/Texas/24-008749-003/2024(H5N1)	1880	63
PA|PP755594.1|A/cattle/Texas/24-008749-003/2024(H5N1)	1881	62
PA|PP755594.1|A/cattle/Texas/24-008749-003/2024(H5N1)	1882	63
PA|PP755594.1|A/cattle/Texas/24-008749-003/2024(H5N1)	1883	62
PA|PP755594.1|A/cattle/Texas/24-008749-003/2024(H5N1)	1884	62
PA|PP755594.1|A/cattle/Texas/24-008749-003/2024(H5N1)	1885	65
PA|PP755594.1|A/cattle/Texas/24-008749-003/2024(H5N1)	1886	65
PA|PP755594.1|A/cattle/Texas/24-008749-003/2024(H5N1)	1887	65
PA|PP755594.1|A/cattle/Texas/24-008749-003/2024(H5N1)	1888	64
PA|PP755594.1|A/cattle/Texas/24-008749-003/2024(H5N1)	1889	64
PA|PP755594.1|A/cattle/Texas/24-008749-003/2024(H5N1)	1890	62
PA|PP755594.1|A/cattle/Texas/24-008749-003/2024(H5N1)	1891	61
PA|PP755594.1|A/cattle/Texas/24-008749-003/2024(H5N1)	1892	61
PA|PP755594.1|A/cattle/Texas/24-008749-003/2024(H5N1)	1893	61
PA|PP755594.1|A/cattle/Texas/24-008749-003/2024(H5N1)	1894	61
PA|PP755594.1|A/cattle/Texas/24-008749-003/2024(H5N1)	1895	62
PA|PP755594.1|A/cattle/Texas/24-008749-003/2024(H5N1)	1896	62
PA|PP755594.1|A/cattle/Texas/24-008749-003/2024(H5N1)	1897	65
PA|PP755594.1|A/cattle/Texas/24-008749-003/2024(H5N1)	1898	67
PA|PP755594.1|A/cattle/Texas/24-008749-003/2024(H5N1)	1899	68
PA|PP755594.1|A/cattle/Texas/24-008749-003/2024(H5N1)	1900	69
PA|PP755594.1|A/cattle/Texas/24-008749-003/2024(H5N1)	1901	70
PA|PP755594.1|A/cattle/Texas/24-008749-003/2024(H5N1)	1902	72
PA|PP755594.1|A/cattle/Texas/24-008749-003/2024(H5N1)	1903	73
PA|PP755594.1|A/cattle/Texas/24-008749-003/2024(H5N1)	1904	72
PA|PP755594.1|A/cattle/Texas/24-008749-003/2024(H5N1)	1905	73
PA|PP755594.1|A/cattle/Texas/24-008749-003/2024(H5N1)	1906	74
PA|PP755594.1|A/cattle/Texas/24-008749-003/2024(H5N1)	1907	74
PA|PP755594.1|A/cattle/Texas/24-008749-003/2024(H5N1)	1908	77
PA|PP755594.1|A/cattle/Texas/24-008749-003/2024(H5N1)	1909	78
PA|PP755594.1|A/cattle/Texas/24-008749-003/2024(H5N1)	1910	81
PA|PP755594.1|A/cattle/Texas/24-008749-003/2024(H5N1)	1911	82
PA|PP755594.1|A/cattle/Texas/24-008749-003/2024(H5N1)	1912	81
PA|PP755594.1|A/cattle/Texas/24-008749-003/2024(H5N1)	1913	85
PA|PP755594.1|A/cattle/Texas/24-008749-003/2024(H5N1)	1914	84
PA|PP755594.1|A/cattle/Texas/24-008749-003/2024(H5N1)	1915	84
PA|PP755594.1|A/cattle/Texas/24-008749-003/2024(H5N1)	1916	85
PA|PP755594.1|A/cattle/Texas/24-008749-003/2024(H5N1)	1917	83
PA|PP755594.1|A/cattle/Texas/24-008749-003/2024(H5N1)	1918	83
PA|PP755594.1|A/cattle/Texas/24-008749-003/2024(H5N1)	1919	83
PA|PP755594.1|A/cattle/Texas/24-008749-003/2024(H5N1)	1920	83
PA|PP755594.1|A/cattle/Texas/24-008749-003/2024(H5N1)	1921	87
PA|PP755594.1|A/cattle/Texas/24-008749-003/2024(H5N1)	1922	87
PA|PP755594.1|A/cattle/Texas/24-008749-003/2024(H5N1)	1923	86
PA|PP755594.1|A/cattle/Texas/24-008749-003/2024(H5N1)	1924	88
PA|PP755594.1|A/cattle/Texas/24-008749-003/2024(H5N1)	1925	88
PA|PP755594.1|A/cattle/Texas/24-008749-003/2024(H5N1)	1926	88
PA|PP755594.1|A/cattle/Texas/24-008749-003/2024(H5N1)	1927	87
PA|PP755594.1|A/cattle/Texas/24-008749-003/2024(H5N1)	1928	90
PA|PP755594.1|A/cattle/Texas/24-008749-003/2024(H5N1)	1929	93
PA|PP755594.1|A/cattle/Texas/24-008749-003/2024(H5N1)	1930	92
PA|PP755594.1|A/cattle/Texas/24-008749-003/2024(H5N1)	1931	93
PA|PP755594.1|A/cattle/Texas/24-008749-003/2024(H5N1)	1932	93
PA|PP755594.1|A/cattle/Texas/24-008749-003/2024(H5N1)	1933	95
PA|PP755594.1|A/cattle/Texas/24-008749-003/2024(H5N1)	1934	96
PA|PP755594.1|A/cattle/Texas/24-008749-003/2024(H5N1)	1935	97
PA|PP755594.1|A/cattle/Texas/24-008749-003/2024(H5N1)	1936	97
PA|PP755594.1|A/cattle/Texas/24-008749-003/2024(H5N1)	1937	96
PA|PP755594.1|A/cattle/Texas/24-008749-003/2024(H5N1)	1938	95
PA|PP755594.1|A/cattle/Texas/24-008749-003/2024(H5N1)	1939	96
PA|PP755594.1|A/cattle/Texas/24-008749-003/2024(H5N1)	1940	99
PA|PP755594.1|A/cattle/Texas/24-008749-003/2024(H5N1)	1941	100
PA|PP755594.1|A/cattle/Texas/24-008749-003/2024(H5N1)	1942	97
PA|PP755594.1|A/cattle/Texas/24-008749-003/2024(H5N1)	1943	99
PA|PP755594.1|A/cattle/Texas/24-008749-003/2024(H5N1)	1944	100
PA|PP755594.1|A/cattle/Texas/24-008749-003/2024(H5N1)	1945	100
PA|PP755594.1|A/cattle/Texas/24-008749-003/2024(H5N1)	1946	102
PA|PP755594.1|A/cattle/Texas/24-008749-003/2024(H5N1)	1947	105
PA|PP755594.1|A/cattle/Texas/24-008749-003/2024(H5N1)	1948	105
PA|PP755594.1|A/cattle/Texas/24-008749-003/2024(H5N1)	1949	107
PA|PP755594.1|A/cattle/Texas/24-008749-003/2024(H5N1)	1950	107
PA|PP755594.1|A/cattle/Texas/24-008749-003/2024(H5N1)	1951	107
PA|PP755594.1|A/cattle/Texas/24-008749-003/2024(H5N1)	1952	93
PA|PP755594.1|A/cattle/Texas/24-008749-003/2024(H5N1)	1953	88
PA|PP755594.1|A/cattle/Texas/24-008749-003/2024(H5N1)	1954	92
PA|PP755594.1|A/cattle/Texas/24-008749-003/2024(H5N1)	1955	93
PA|PP755594.1|A/cattle/Texas/24-008749-003/2024(H5N1)	1956	87
PA|PP755594.1|A/cattle/Texas/24-008749-003/2024(H5N1)	1957	88
PA|PP755594.1|A/cattle/Texas/24-008749-003/2024(H5N1)	1958	89
PA|PP755594.1|A/cattle/Texas/24-008749-003/2024(H5N1)	1959	88
PA|PP755594.1|A/cattle/Texas/24-008749-003/2024(H5N1)	1960	89
PA|PP755594.1|A/cattle/Texas/24-008749-003/2024(H5N1)	1961	86
PA|PP755594.1|A/cattle/Texas/24-008749-003/2024(H5N1)	1962	87
PA|PP755594.1|A/cattle/Texas/24-008749-003/2024(H5N1)	1963	87
PA|PP755594.1|A/cattle/Texas/24-008749-003/2024(H5N1)	1964	87
PA|PP755594.1|A/cattle/Texas/24-008749-003/2024(H5N1)	1965	88
PA|PP755594.1|A/cattle/Texas/24-008749-003/2024(H5N1)	1966	86
PA|PP755594.1|A/cattle/Texas/24-008749-003/2024(H5N1)	1967	85
PA|PP755594.1|A/cattle/Texas/24-008749-003/2024(H5N1)	1968	84
PA|PP755594.1|A/cattle/Texas/24-008749-003/2024(H5N1)	1969	85
PA|PP755594.1|A/cattle/Texas/24-008749-003/2024(H5N1)	1970	84
PA|PP755594.1|A/cattle/Texas/24-008749-003/2024(H5N1)	1971	87
PA|PP755594.1|A/cattle/Texas/24-008749-003/2024(H5N1)	1972	88
PA|PP755594.1|A/cattle/Texas/24-008749-003/2024(H5N1)	1973	88
PA|PP755594.1|A/cattle/Texas/24-008749-003/2024(H5N1)	1974	88
PA|PP755594.1|A/cattle/Texas/24-008749-003/2024(H5N1)	1975	88
PA|PP755594.1|A/cattle/Texas/24-008749-003/2024(H5N1)	1976	89
PA|PP755594.1|A/cattle/Texas/24-008749-003/2024(H5N1)	1977	87
PA|PP755594.1|A/cattle/Texas/24-008749-003/2024(H5N1)	1978	87
PA|PP755594.1|A/cattle/Texas/24-008749-003/2024(H5N1)	1979	89
PA|PP755594.1|A/cattle/Texas/24-008749-003/2024(H5N1)	1980	85
PA|PP755594.1|A/cattle/Texas/24-008749-003/2024(H5N1)	1981	85
PA|PP755594.1|A/cattle/Texas/24-008749-003/2024(H5N1)	1982	87
PA|PP755594.1|A/cattle/Texas/24-008749-003/2024(H5N1)	1983	88
PA|PP755594.1|A/cattle/Texas/24-008749-003/2024(H5N1)	1984	89
PA|PP755594.1|A/cattle/Texas/24-008749-003/2024(H5N1)	1985	88
PA|PP755594.1|A/cattle/Texas/24-008749-003/2024(H5N1)	1986	89
PA|PP755594.1|A/cattle/Texas/24-008749-003/2024(H5N1)	1987	89
PA|PP755594.1|A/cattle/Texas/24-008749-003/2024(H5N1)	1988	89
PA|PP755594.1|A/cattle/Texas/24-008749-003/2024(H5N1)	1989	90
PA|PP755594.1|A/cattle/Texas/24-008749-003/2024(H5N1)	1990	91
PA|PP755594.1|A/cattle/Texas/24-008749-003/2024(H5N1)	1991	91
PA|PP755594.1|A/cattle/Texas/24-008749-003/2024(H5N1)	1992	92
PA|PP755594.1|A/cattle/Texas/24-008749-003/2024(H5N1)	1993	95
PA|PP755594.1|A/cattle/Texas/24-008749-003/2024(H5N1)	1994	93
PA|PP755594.1|A/cattle/Texas/24-008749-003/2024(H5N1)	1995	94
PA|PP755594.1|A/cattle/Texas/24-008749-003/2024(H5N1)	1996	94
PA|PP755594.1|A/cattle/Texas/24-008749-003/2024(H5N1)	1997	93
PA|PP755594.1|A/cattle/Texas/24-008749-003/2024(H5N1)	1998	94
PA|PP755594.1|A/cattle/Texas/24-008749-003/2024(H5N1)	1999	93
PA|PP755594.1|A/cattle/Texas/24-008749-003/2024(H5N1)	2000	94
PA|PP755594.1|A/cattle/Texas/24-008749-003/2024(H5N1)	2001	96
PA|PP755594.1|A/cattle/Texas/24-008749-003/2024(H5N1)	2002	96
PA|PP755594.1|A/cattle/Texas/24-008749-003/2024(H5N1)	2003	97
PA|PP755594.1|A/cattle/Texas/24-008749-003/2024(H5N1)	2004	96
PA|PP755594.1|A/cattle/Texas/24-008749-003/2024(H5N1)	2005	97
PA|PP755594.1|A/cattle/Texas/24-008749-003/2024(H5N1)	2006	96
PA|PP755594.1|A/cattle/Texas/24-008749-003/2024(H5N1)	2007	96
PA|PP755594.1|A/cattle/Texas/24-008749-003/2024(H5N1)	2008	95
PA|PP755594.1|A/cattle/Texas/24-008749-003/2024(H5N1)	2009	92
PA|PP755594.1|A/cattle/Texas/24-008749-003/2024(H5N1)	2010	93
PA|PP755594.1|A/cattle/Texas/24-008749-003/2024(H5N1)	2011	92
PA|PP755594.1|A/cattle/Texas/24-008749-003/2024(H5N1)	2012	97
PA|PP755594.1|A/cattle/Texas/24-008749-003/2024(H5N1)	2013	97
PA|PP755594.1|A/cattle/Texas/24-008749-003/2024(H5N1)	2014	98
PA|PP755594.1|A/cattle/Texas/24-008749-003/2024(H5N1)	2015	92
PA|PP755594.1|A/cattle/Texas/24-008749-003/2024(H5N1)	2016	92
PA|PP755594.1|A/cattle/Texas/24-008749-003/2024(H5N1)	2017	92
PA|PP755594.1|A/cattle/Texas/24-008749-003/2024(H5N1)	2018	92
PA|PP755594.1|A/cattle/Texas/24-008749-003/2024(H5N1)	2019	91
PA|PP755594.1|A/cattle/Texas/24-008749-003/2024(H5N1)	2020	91
PA|PP755594.1|A/cattle/Texas/24-008749-003/2024(H5N1)	2021	92
PA|PP755594.1|A/cattle/Texas/24-008749-003/2024(H5N1)	2022	93
PA|PP755594.1|A/cattle/Texas/24-008749-003/2024(H5N1)	2023	83
PA|PP755594.1|A/cattle/Texas/24-008749-003/2024(H5N1)	2024	88
PA|PP755594.1|A/cattle/Texas/24-008749-003/2024(H5N1)	2025	88
PA|PP755594.1|A/cattle/Texas/24-008749-003/2024(H5N1)	2026	87
PA|PP755594.1|A/cattle/Texas/24-008749-003/2024(H5N1)	2027	85
PA|PP755594.1|A/cattle/Texas/24-008749-003/2024(H5N1)	2028	83
PA|PP755594.1|A/cattle/Texas/24-008749-003/2024(H5N1)	2029	83
PA|PP755594.1|A/cattle/Texas/24-008749-003/2024(H5N1)	2030	84
PA|PP755594.1|A/cattle/Texas/24-008749-003/2024(H5N1)	2031	84
PA|PP755594.1|A/cattle/Texas/24-008749-003/2024(H5N1)	2032	86
PA|PP755594.1|A/cattle/Texas/24-008749-003/2024(H5N1)	2033	82
PA|PP755594.1|A/cattle/Texas/24-008749-003/2024(H5N1)	2034	79
PA|PP755594.1|A/cattle/Texas/24-008749-003/2024(H5N1)	2035	78
PA|PP755594.1|A/cattle/Texas/24-008749-003/2024(H5N1)	2036	78
PA|PP755594.1|A/cattle/Texas/24-008749-003/2024(H5N1)	2037	78
PA|PP755594.1|A/cattle/Texas/24-008749-003/2024(H5N1)	2038	78
PA|PP755594.1|A/cattle/Texas/24-008749-003/2024(H5N1)	2039	78
PA|PP755594.1|A/cattle/Texas/24-008749-003/2024(H5N1)	2040	78
PA|PP755594.1|A/cattle/Texas/24-008749-003/2024(H5N1)	2041	79
PA|PP755594.1|A/cattle/Texas/24-008749-003/2024(H5N1)	2042	79
PA|PP755594.1|A/cattle/Texas/24-008749-003/2024(H5N1)	2043	80
PA|PP755594.1|A/cattle/Texas/24-008749-003/2024(H5N1)	2044	82
PA|PP755594.1|A/cattle/Texas/24-008749-003/2024(H5N1)	2045	82
PA|PP755594.1|A/cattle/Texas/24-008749-003/2024(H5N1)	2046	84
PA|PP755594.1|A/cattle/Texas/24-008749-003/2024(H5N1)	2047	84
PA|PP755594.1|A/cattle/Texas/24-008749-003/2024(H5N1)	2048	82
PA|PP755594.1|A/cattle/Texas/24-008749-003/2024(H5N1)	2049	80
PA|PP755594.1|A/cattle/Texas/24-008749-003/2024(H5N1)	2050	80
PA|PP755594.1|A/cattle/Texas/24-008749-003/2024(H5N1)	2051	79
PA|PP755594.1|A/cattle/Texas/24-008749-003/2024(H5N1)	2052	80
PA|PP755594.1|A/cattle/Texas/24-008749-003/2024(H5N1)	2053	81
PA|PP755594.1|A/cattle/Texas/24-008749-003/2024(H5N1)	2054	79
PA|PP755594.1|A/cattle/Texas/24-008749-003/2024(H5N1)	2055	81
PA|PP755594.1|A/cattle/Texas/24-008749-003/2024(H5N1)	2056	83
PA|PP755594.1|A/cattle/Texas/24-008749-003/2024(H5N1)	2057	84
PA|PP755594.1|A/cattle/Texas/24-008749-003/2024(H5N1)	2058	86
PA|PP755594.1|A/cattle/Texas/24-008749-003/2024(H5N1)	2059	85
PA|PP755594.1|A/cattle/Texas/24-008749-003/2024(H5N1)	2060	85
PA|PP755594.1|A/cattle/Texas/24-008749-003/2024(H5N1)	2061	86
PA|PP755594.1|A/cattle/Texas/24-008749-003/2024(H5N1)	2062	78
PA|PP755594.1|A/cattle/Texas/24-008749-003/2024(H5N1)	2063	80
PA|PP755594.1|A/cattle/Texas/24-008749-003/2024(H5N1)	2064	80
PA|PP755594.1|A/cattle/Texas/24-008749-003/2024(H5N1)	2065	81
PA|PP755594.1|A/cattle/Texas/24-008749-003/2024(H5N1)	2066	85
PA|PP755594.1|A/cattle/Texas/24-008749-003/2024(H5N1)	2067	81
PA|PP755594.1|A/cattle/Texas/24-008749-003/2024(H5N1)	2068	82
PA|PP755594.1|A/cattle/Texas/24-008749-003/2024(H5N1)	2069	82
PA|PP755594.1|A/cattle/Texas/24-008749-003/2024(H5N1)	2070	83
PA|PP755594.1|A/cattle/Texas/24-008749-003/2024(H5N1)	2071	83
PA|PP755594.1|A/cattle/Texas/24-008749-003/2024(H5N1)	2072	82
PA|PP755594.1|A/cattle/Texas/24-008749-003/2024(H5N1)	2073	83
PA|PP755594.1|A/cattle/Texas/24-008749-003/2024(H5N1)	2074	84
PA|PP755594.1|A/cattle/Texas/24-008749-003/2024(H5N1)	2075	85
PA|PP755594.1|A/cattle/Texas/24-008749-003/2024(H5N1)	2076	85
PA|PP755594.1|A/cattle/Texas/24-008749-003/2024(H5N1)	2077	73
PA|PP755594.1|A/cattle/Texas/24-008749-003/2024(H5N1)	2078	73
PA|PP755594.1|A/cattle/Texas/24-008749-003/2024(H5N1)	2079	74
PA|PP755594.1|A/cattle/Texas/24-008749-003/2024(H5N1)	2080	77
PA|PP755594.1|A/cattle/Texas/24-008749-003/2024(H5N1)	2081	78
PA|PP755594.1|A/cattle/Texas/24-008749-003/2024(H5N1)	2082	78
PA|PP755594.1|A/cattle/Texas/24-008749-003/2024(H5N1)	2083	79
PA|PP755594.1|A/cattle/Texas/24-008749-003/2024(H5N1)	2084	80
PA|PP755594.1|A/cattle/Texas/24-008749-003/2024(H5N1)	2085	77
PA|PP755594.1|A/cattle/Texas/24-008749-003/2024(H5N1)	2086	78
PA|PP755594.1|A/cattle/Texas/24-008749-003/2024(H5N1)	2087	78
PA|PP755594.1|A/cattle/Texas/24-008749-003/2024(H5N1)	2088	82
PA|PP755594.1|A/cattle/Texas/24-008749-003/2024(H5N1)	2089	83
PA|PP755594.1|A/cattle/Texas/24-008749-003/2024(H5N1)	2090	85
PA|PP755594.1|A/cattle/Texas/24-008749-003/2024(H5N1)	2091	86
PA|PP755594.1|A/cattle/Texas/24-008749-003/2024(H5N1)	2092	90
PA|PP755594.1|A/cattle/Texas/24-008749-003/2024(H5N1)	2093	91
PA|PP755594.1|A/cattle/Texas/24-008749-003/2024(H5N1)	2094	92
PA|PP755594.1|A/cattle/Texas/24-008749-003/2024(H5N1)	2095	92
PA|PP755594.1|A/cattle/Texas/24-008749-003/2024(H5N1)	2096	95
PA|PP755594.1|A/cattle/Texas/24-008749-003/2024(H5N1)	2097	99
PA|PP755594.1|A/cattle/Texas/24-008749-003/2024(H5N1)	2098	101
PA|PP755594.1|A/cattle/Texas/24-008749-003/2024(H5N1)	2099	108
PA|PP755594.1|A/cattle/Texas/24-008749-003/2024(H5N1)	2100	109
PA|PP755594.1|A/cattle/Texas/24-008749-003/2024(H5N1)	2101	114
PA|PP755594.1|A/cattle/Texas/24-008749-003/2024(H5N1)	2102	113
PA|PP755594.1|A/cattle/Texas/24-008749-003/2024(H5N1)	2103	113
PA|PP755594.1|A/cattle/Texas/24-008749-003/2024(H5N1)	2104	114
PA|PP755594.1|A/cattle/Texas/24-008749-003/2024(H5N1)	2105	114
PA|PP755594.1|A/cattle/Texas/24-008749-003/2024(H5N1)	2106	114
PA|PP755594.1|A/cattle/Texas/24-008749-003/2024(H5N1)	2107	114
PA|PP755594.1|A/cattle/Texas/24-008749-003/2024(H5N1)	2108	115
PA|PP755594.1|A/cattle/Texas/24-008749-003/2024(H5N1)	2109	117
PA|PP755594.1|A/cattle/Texas/24-008749-003/2024(H5N1)	2110	118
PA|PP755594.1|A/cattle/Texas/24-008749-003/2024(H5N1)	2111	122
PA|PP755594.1|A/cattle/Texas/24-008749-003/2024(H5N1)	2112	120
PA|PP755594.1|A/cattle/Texas/24-008749-003/2024(H5N1)	2113	121
PA|PP755594.1|A/cattle/Texas/24-008749-003/2024(H5N1)	2114	122
PA|PP755594.1|A/cattle/Texas/24-008749-003/2024(H5N1)	2115	123
PA|PP755594.1|A/cattle/Texas/24-008749-003/2024(H5N1)	2116	122
PA|PP755594.1|A/cattle/Texas/24-008749-003/2024(H5N1)	2117	120
PA|PP755594.1|A/cattle/Texas/24-008749-003/2024(H5N1)	2118	123
PA|PP755594.1|A/cattle/Texas/24-008749-003/2024(H5N1)	2119	124
PA|PP755594.1|A/cattle/Texas/24-008749-003/2024(H5N1)	2120	124
PA|PP755594.1|A/cattle/Texas/24-008749-003/2024(H5N1)	2121	124
PA|PP755594.1|A/cattle/Texas/24-008749-003/2024(H5N1)	2122	123
PA|PP755594.1|A/cattle/Texas/24-008749-003/2024(H5N1)	2123	123
PA|PP755594.1|A/cattle/Texas/24-008749-003/2024(H5N1)	2124	123
PA|PP755594.1|A/cattle/Texas/24-008749-003/2024(H5N1)	2125	121
PA|PP755594.1|A/cattle/Texas/24-008749-003/2024(H5N1)	2126	121
PA|PP755594.1|A/cattle/Texas/24-008749-003/2024(H5N1)	2127	115
PA|PP755594.1|A/cattle/Texas/24-008749-003/2024(H5N1)	2128	115
PA|PP755594.1|A/cattle/Texas/24-008749-003/2024(H5N1)	2129	115
PA|PP755594.1|A/cattle/Texas/24-008749-003/2024(H5N1)	2130	114
PA|PP755594.1|A/cattle/Texas/24-008749-003/2024(H5N1)	2131	114
PA|PP755594.1|A/cattle/Texas/24-008749-003/2024(H5N1)	2132	112
PA|PP755594.1|A/cattle/Texas/24-008749-003/2024(H5N1)	2133	112
PA|PP755594.1|A/cattle/Texas/24-008749-003/2024(H5N1)	2134	112
PA|PP755594.1|A/cattle/Texas/24-008749-003/2024(H5N1)	2135	112
PA|PP755594.1|A/cattle/Texas/24-008749-003/2024(H5N1)	2136	111
PA|PP755594.1|A/cattle/Texas/24-008749-003/2024(H5N1)	2137	111
PA|PP755594.1|A/cattle/Texas/24-008749-003/2024(H5N1)	2138	109
PA|PP755594.1|A/cattle/Texas/24-008749-003/2024(H5N1)	2139	106
PA|PP755594.1|A/cattle/Texas/24-008749-003/2024(H5N1)	2140	105
PA|PP755594.1|A/cattle/Texas/24-008749-003/2024(H5N1)	2141	105
PA|PP755594.1|A/cattle/Texas/24-008749-003/2024(H5N1)	2142	104
PA|PP755594.1|A/cattle/Texas/24-008749-003/2024(H5N1)	2143	103
PA|PP755594.1|A/cattle/Texas/24-008749-003/2024(H5N1)	2144	101
PA|PP755594.1|A/cattle/Texas/24-008749-003/2024(H5N1)	2145	100
PA|PP755594.1|A/cattle/Texas/24-008749-003/2024(H5N1)	2146	100
PA|PP755594.1|A/cattle/Texas/24-008749-003/2024(H5N1)	2147	100
PA|PP755594.1|A/cattle/Texas/24-008749-003/2024(H5N1)	2148	99
PA|PP755594.1|A/cattle/Texas/24-008749-003/2024(H5N1)	2149	98
PA|PP755594.1|A/cattle/Texas/24-008749-003/2024(H5N1)	2150	94
PA|PP755594.1|A/cattle/Texas/24-008749-003/2024(H5N1)	2151	94
