PB1|PP755595.1|A/cattle/Texas/24-008749-003/2024(H5N1)	1	999
PB1|PP755595.1|A/cattle/Texas/24-008749-003/2024(H5N1)	2	1008
PB1|PP755595.1|A/cattle/Texas/24-008749-003/2024(H5N1)	3	1009
PB1|PP755595.1|A/cattle/Texas/24-008749-003/2024(H5N1)	4	1020
PB1|PP755595.1|A/cattle/Texas/24-008749-003/2024(H5N1)	5	1060
PB1|PP755595.1|A/cattle/Texas/24-008749-003/2024(H5N1)	6	1081
PB1|PP755595.1|A/cattle/Texas/24-008749-003/2024(H5N1)	7	1081
PB1|PP755595.1|A/cattle/Texas/24-008749-003/2024(H5N1)	8	1085
PB1|PP755595.1|A/cattle/Texas/24-008749-003/2024(H5N1)	9	1108
PB1|PP755595.1|A/cattle/Texas/24-008749-003/2024(H5N1)	10	1116
PB1|PP755595.1|A/cattle/Texas/24-008749-003/2024(H5N1)	11	1119
PB1|PP755595.1|A/cattle/Texas/24-008749-003/2024(H5N1)	12	1119
PB1|PP755595.1|A/cattle/Texas/24-008749-003/2024(H5N1)	13	1119
PB1|PP755595.1|A/cattle/Texas/24-008749-003/2024(H5N1)	14	1129
PB1|PP755595.1|A/cattle/Texas/24-008749-003/2024(H5N1)	15	1137
PB1|PP755595.1|A/cattle/Texas/24-008749-003/2024(H5N1)	16	1162
PB1|PP755595.1|A/cattle/Texas/24-008749-003/2024(H5N1)	17	1166
PB1|PP755595.1|A/cattle/Texas/24-008749-003/2024(H5N1)	18	1166
PB1|PP755595.1|A/cattle/Texas/24-008749-003/2024(H5N1)	19	1172
PB1|PP755595.1|A/cattle/Texas/24-008749-003/2024(H5N1)	20	1173
PB1|PP755595.1|A/cattle/Texas/24-008749-003/2024(H5N1)	21	1173
PB1|PP755595.1|A/cattle/Texas/24-008749-003/2024(H5N1)	22	1173
PB1|PP755595.1|A/cattle/Texas/24-008749-003/2024(H5N1)	23	1173
PB1|PP755595.1|A/cattle/Texas/24-008749-003/2024(H5N1)	24	1174
PB1|PP755595.1|A/cattle/Texas/24-008749-003/2024(H5N1)	25	1177
PB1|PP755595.1|A/cattle/Texas/24-008749-003/2024(H5N1)	26	1214
PB1|PP755595.1|A/cattle/Texas/24-008749-003/2024(H5N1)	27	1216
PB1|PP755595.1|A/cattle/Texas/24-008749-003/2024(H5N1)	28	1221
PB1|PP755595.1|A/cattle/Texas/24-008749-003/2024(H5N1)	29	1222
PB1|PP755595.1|A/cattle/Texas/24-008749-003/2024(H5N1)	30	1221
PB1|PP755595.1|A/cattle/Texas/24-008749-003/2024(H5N1)	31	1222
PB1|PP755595.1|A/cattle/Texas/24-008749-003/2024(H5N1)	32	1229
PB1|PP755595.1|A/cattle/Texas/24-008749-003/2024(H5N1)	33	1229
PB1|PP755595.1|A/cattle/Texas/24-008749-003/2024(H5N1)	34	1222
PB1|PP755595.1|A/cattle/Texas/24-008749-003/2024(H5N1)	35	1220
PB1|PP755595.1|A/cattle/Texas/24-008749-003/2024(H5N1)	36	1208
PB1|PP755595.1|A/cattle/Texas/24-008749-003/2024(H5N1)	37	1221
PB1|PP755595.1|A/cattle/Texas/24-008749-003/2024(H5N1)	38	1223
PB1|PP755595.1|A/cattle/Texas/24-008749-003/2024(H5N1)	39	1224
PB1|PP755595.1|A/cattle/Texas/24-008749-003/2024(H5N1)	40	1272
PB1|PP755595.1|A/cattle/Texas/24-008749-003/2024(H5N1)	41	1294
PB1|PP755595.1|A/cattle/Texas/24-008749-003/2024(H5N1)	42	1325
PB1|PP755595.1|A/cattle/Texas/24-008749-003/2024(H5N1)	43	1339
PB1|PP755595.1|A/cattle/Texas/24-008749-003/2024(H5N1)	44	1339
PB1|PP755595.1|A/cattle/Texas/24-008749-003/2024(H5N1)	45	1340
PB1|PP755595.1|A/cattle/Texas/24-008749-003/2024(H5N1)	46	1341
PB1|PP755595.1|A/cattle/Texas/24-008749-003/2024(H5N1)	47	1369
PB1|PP755595.1|A/cattle/Texas/24-008749-003/2024(H5N1)	48	1456
PB1|PP755595.1|A/cattle/Texas/24-008749-003/2024(H5N1)	49	1488
PB1|PP755595.1|A/cattle/Texas/24-008749-003/2024(H5N1)	50	1491
PB1|PP755595.1|A/cattle/Texas/24-008749-003/2024(H5N1)	51	1506
PB1|PP755595.1|A/cattle/Texas/24-008749-003/2024(H5N1)	52	1509
PB1|PP755595.1|A/cattle/Texas/24-008749-003/2024(H5N1)	53	1523
PB1|PP755595.1|A/cattle/Texas/24-008749-003/2024(H5N1)	54	1556
PB1|PP755595.1|A/cattle/Texas/24-008749-003/2024(H5N1)	55	1560
PB1|PP755595.1|A/cattle/Texas/24-008749-003/2024(H5N1)	56	1597
PB1|PP755595.1|A/cattle/Texas/24-008749-003/2024(H5N1)	57	1602
PB1|PP755595.1|A/cattle/Texas/24-008749-003/2024(H5N1)	58	1627
PB1|PP755595.1|A/cattle/Texas/24-008749-003/2024(H5N1)	59	1651
PB1|PP755595.1|A/cattle/Texas/24-008749-003/2024(H5N1)	60	1653
PB1|PP755595.1|A/cattle/Texas/24-008749-003/2024(H5N1)	61	1662
PB1|PP755595.1|A/cattle/Texas/24-008749-003/2024(H5N1)	62	1672
PB1|PP755595.1|A/cattle/Texas/24-008749-003/2024(H5N1)	63	1675
PB1|PP755595.1|A/cattle/Texas/24-008749-003/2024(H5N1)	64	1693
PB1|PP755595.1|A/cattle/Texas/24-008749-003/2024(H5N1)	65	1693
PB1|PP755595.1|A/cattle/Texas/24-008749-003/2024(H5N1)	66	1893
PB1|PP755595.1|A/cattle/Texas/24-008749-003/2024(H5N1)	67	1894
PB1|PP755595.1|A/cattle/Texas/24-008749-003/2024(H5N1)	68	1894
PB1|PP755595.1|A/cattle/Texas/24-008749-003/2024(H5N1)	69	1894
PB1|PP755595.1|A/cattle/Texas/24-008749-003/2024(H5N1)	70	1915
PB1|PP755595.1|A/cattle/Texas/24-008749-003/2024(H5N1)	71	2000
PB1|PP755595.1|A/cattle/Texas/24-008749-003/2024(H5N1)	72	2025
PB1|PP755595.1|A/cattle/Texas/24-008749-003/2024(H5N1)	73	2052
PB1|PP755595.1|A/cattle/Texas/24-008749-003/2024(H5N1)	74	2071
PB1|PP755595.1|A/cattle/Texas/24-008749-003/2024(H5N1)	75	2083
PB1|PP755595.1|A/cattle/Texas/24-008749-003/2024(H5N1)	76	2104
PB1|PP755595.1|A/cattle/Texas/24-008749-003/2024(H5N1)	77	2125
PB1|PP755595.1|A/cattle/Texas/24-008749-003/2024(H5N1)	78	2132
PB1|PP755595.1|A/cattle/Texas/24-008749-003/2024(H5N1)	79	2135
PB1|PP755595.1|A/cattle/Texas/24-008749-003/2024(H5N1)	80	2178
PB1|PP755595.1|A/cattle/Texas/24-008749-003/2024(H5N1)	81	2187
PB1|PP755595.1|A/cattle/Texas/24-008749-003/2024(H5N1)	82	2269
PB1|PP755595.1|A/cattle/Texas/24-008749-003/2024(H5N1)	83	2273
PB1|PP755595.1|A/cattle/Texas/24-008749-003/2024(H5N1)	84	2280
PB1|PP755595.1|A/cattle/Texas/24-008749-003/2024(H5N1)	85	2328
PB1|PP755595.1|A/cattle/Texas/24-008749-003/2024(H5N1)	86	2345
PB1|PP755595.1|A/cattle/Texas/24-008749-003/2024(H5N1)	87	2350
PB1|PP755595.1|A/cattle/Texas/24-008749-003/2024(H5N1)	88	2350
PB1|PP755595.1|A/cattle/Texas/24-008749-003/2024(H5N1)	89	2350
PB1|PP755595.1|A/cattle/Texas/24-008749-003/2024(H5N1)	90	2353
PB1|PP755595.1|A/cattle/Texas/24-008749-003/2024(H5N1)	91	2353
PB1|PP755595.1|A/cattle/Texas/24-008749-003/2024(H5N1)	92	2415
PB1|PP755595.1|A/cattle/Texas/24-008749-003/2024(H5N1)	93	2427
PB1|PP755595.1|A/cattle/Texas/24-008749-003/2024(H5N1)	94	2407
PB1|PP755595.1|A/cattle/Texas/24-008749-003/2024(H5N1)	95	2419
PB1|PP755595.1|A/cattle/Texas/24-008749-003/2024(H5N1)	96	2419
PB1|PP755595.1|A/cattle/Texas/24-008749-003/2024(H5N1)	97	2418
PB1|PP755595.1|A/cattle/Texas/24-008749-003/2024(H5N1)	98	2417
PB1|PP755595.1|A/cattle/Texas/24-008749-003/2024(H5N1)	99	2413
PB1|PP755595.1|A/cattle/Texas/24-008749-003/2024(H5N1)	100	2413
PB1|PP755595.1|A/cattle/Texas/24-008749-003/2024(H5N1)	101	2388
PB1|PP755595.1|A/cattle/Texas/24-008749-003/2024(H5N1)	102	2375
PB1|PP755595.1|A/cattle/Texas/24-008749-003/2024(H5N1)	103	2377
PB1|PP755595.1|A/cattle/Texas/24-008749-003/2024(H5N1)	104	2377
PB1|PP755595.1|A/cattle/Texas/24-008749-003/2024(H5N1)	105	2377
PB1|PP755595.1|A/cattle/Texas/24-008749-003/2024(H5N1)	106	2524
PB1|PP755595.1|A/cattle/Texas/24-008749-003/2024(H5N1)	107	2552
PB1|PP755595.1|A/cattle/Texas/24-008749-003/2024(H5N1)	108	2542
PB1|PP755595.1|A/cattle/Texas/24-008749-003/2024(H5N1)	109	2542
PB1|PP755595.1|A/cattle/Texas/24-008749-003/2024(H5N1)	110	2545
PB1|PP755595.1|A/cattle/Texas/24-008749-003/2024(H5N1)	111	2545
PB1|PP755595.1|A/cattle/Texas/24-008749-003/2024(H5N1)	112	2541
PB1|PP755595.1|A/cattle/Texas/24-008749-003/2024(H5N1)	113	2535
PB1|PP755595.1|A/cattle/Texas/24-008749-003/2024(H5N1)	114	2372
PB1|PP755595.1|A/cattle/Texas/24-008749-003/2024(H5N1)	115	2372
PB1|PP755595.1|A/cattle/Texas/24-008749-003/2024(H5N1)	116	2373
PB1|PP755595.1|A/cattle/Texas/24-008749-003/2024(H5N1)	117	2315
PB1|PP755595.1|A/cattle/Texas/24-008749-003/2024(H5N1)	118	2558
PB1|PP755595.1|A/cattle/Texas/24-008749-003/2024(H5N1)	119	2560
PB1|PP755595.1|A/cattle/Texas/24-008749-003/2024(H5N1)	120	2567
PB1|PP755595.1|A/cattle/Texas/24-008749-003/2024(H5N1)	121	2581
PB1|PP755595.1|A/cattle/Texas/24-008749-003/2024(H5N1)	122	2594
PB1|PP755595.1|A/cattle/Texas/24-008749-003/2024(H5N1)	123	2590
PB1|PP755595.1|A/cattle/Texas/24-008749-003/2024(H5N1)	124	2588
PB1|PP755595.1|A/cattle/Texas/24-008749-003/2024(H5N1)	125	2573
PB1|PP755595.1|A/cattle/Texas/24-008749-003/2024(H5N1)	126	2569
PB1|PP755595.1|A/cattle/Texas/24-008749-003/2024(H5N1)	127	2263
PB1|PP755595.1|A/cattle/Texas/24-008749-003/2024(H5N1)	128	2207
PB1|PP755595.1|A/cattle/Texas/24-008749-003/2024(H5N1)	129	2137
PB1|PP755595.1|A/cattle/Texas/24-008749-003/2024(H5N1)	130	2273
PB1|PP755595.1|A/cattle/Texas/24-008749-003/2024(H5N1)	131	2290
PB1|PP755595.1|A/cattle/Texas/24-008749-003/2024(H5N1)	132	2275
PB1|PP755595.1|A/cattle/Texas/24-008749-003/2024(H5N1)	133	2271
PB1|PP755595.1|A/cattle/Texas/24-008749-003/2024(H5N1)	134	2300
PB1|PP755595.1|A/cattle/Texas/24-008749-003/2024(H5N1)	135	2285
PB1|PP755595.1|A/cattle/Texas/24-008749-003/2024(H5N1)	136	2272
PB1|PP755595.1|A/cattle/Texas/24-008749-003/2024(H5N1)	137	2252
PB1|PP755595.1|A/cattle/Texas/24-008749-003/2024(H5N1)	138	2219
PB1|PP755595.1|A/cattle/Texas/24-008749-003/2024(H5N1)	139	2383
PB1|PP755595.1|A/cattle/Texas/24-008749-003/2024(H5N1)	140	2380
PB1|PP755595.1|A/cattle/Texas/24-008749-003/2024(H5N1)	141	2406
PB1|PP755595.1|A/cattle/Texas/24-008749-003/2024(H5N1)	142	2392
PB1|PP755595.1|A/cattle/Texas/24-008749-003/2024(H5N1)	143	2372
PB1|PP755595.1|A/cattle/Texas/24-008749-003/2024(H5N1)	144	2355
PB1|PP755595.1|A/cattle/Texas/24-008749-003/2024(H5N1)	145	2349
PB1|PP755595.1|A/cattle/Texas/24-008749-003/2024(H5N1)	146	2339
PB1|PP755595.1|A/cattle/Texas/24-008749-003/2024(H5N1)	147	2319
PB1|PP755595.1|A/cattle/Texas/24-008749-003/2024(H5N1)	148	2271
PB1|PP755595.1|A/cattle/Texas/24-008749-003/2024(H5N1)	149	2253
PB1|PP755595.1|A/cattle/Texas/24-008749-003/2024(H5N1)	150	2227
PB1|PP755595.1|A/cattle/Texas/24-008749-003/2024(H5N1)	151	2225
PB1|PP755595.1|A/cattle/Texas/24-008749-003/2024(H5N1)	152	2210
PB1|PP755595.1|A/cattle/Texas/24-008749-003/2024(H5N1)	153	2167
PB1|PP755595.1|A/cattle/Texas/24-008749-003/2024(H5N1)	154	2165
PB1|PP755595.1|A/cattle/Texas/24-008749-003/2024(H5N1)	155	2181
PB1|PP755595.1|A/cattle/Texas/24-008749-003/2024(H5N1)	156	2163
PB1|PP755595.1|A/cattle/Texas/24-008749-003/2024(H5N1)	157	2201
PB1|PP755595.1|A/cattle/Texas/24-008749-003/2024(H5N1)	158	2203
PB1|PP755595.1|A/cattle/Texas/24-008749-003/2024(H5N1)	159	2204
PB1|PP755595.1|A/cattle/Texas/24-008749-003/2024(H5N1)	160	2409
PB1|PP755595.1|A/cattle/Texas/24-008749-003/2024(H5N1)	161	2409
PB1|PP755595.1|A/cattle/Texas/24-008749-003/2024(H5N1)	162	2411
PB1|PP755595.1|A/cattle/Texas/24-008749-003/2024(H5N1)	163	2412
PB1|PP755595.1|A/cattle/Texas/24-008749-003/2024(H5N1)	164	2415
PB1|PP755595.1|A/cattle/Texas/24-008749-003/2024(H5N1)	165	2406
PB1|PP755595.1|A/cattle/Texas/24-008749-003/2024(H5N1)	166	2397
PB1|PP755595.1|A/cattle/Texas/24-008749-003/2024(H5N1)	167	2396
PB1|PP755595.1|A/cattle/Texas/24-008749-003/2024(H5N1)	168	2398
PB1|PP755595.1|A/cattle/Texas/24-008749-003/2024(H5N1)	169	2401
PB1|PP755595.1|A/cattle/Texas/24-008749-003/2024(H5N1)	170	2412
PB1|PP755595.1|A/cattle/Texas/24-008749-003/2024(H5N1)	171	2410
PB1|PP755595.1|A/cattle/Texas/24-008749-003/2024(H5N1)	172	2410
PB1|PP755595.1|A/cattle/Texas/24-008749-003/2024(H5N1)	173	2437
PB1|PP755595.1|A/cattle/Texas/24-008749-003/2024(H5N1)	174	2448
PB1|PP755595.1|A/cattle/Texas/24-008749-003/2024(H5N1)	175	2445
PB1|PP755595.1|A/cattle/Texas/24-008749-003/2024(H5N1)	176	2430
PB1|PP755595.1|A/cattle/Texas/24-008749-003/2024(H5N1)	177	2423
PB1|PP755595.1|A/cattle/Texas/24-008749-003/2024(H5N1)	178	2425
PB1|PP755595.1|A/cattle/Texas/24-008749-003/2024(H5N1)	179	2441
PB1|PP755595.1|A/cattle/Texas/24-008749-003/2024(H5N1)	180	2456
PB1|PP755595.1|A/cattle/Texas/24-008749-003/2024(H5N1)	181	2458
PB1|PP755595.1|A/cattle/Texas/24-008749-003/2024(H5N1)	182	2462
PB1|PP755595.1|A/cattle/Texas/24-008749-003/2024(H5N1)	183	2454
PB1|PP755595.1|A/cattle/Texas/24-008749-003/2024(H5N1)	184	2456
PB1|PP755595.1|A/cattle/Texas/24-008749-003/2024(H5N1)	185	2458
PB1|PP755595.1|A/cattle/Texas/24-008749-003/2024(H5N1)	186	2441
PB1|PP755595.1|A/cattle/Texas/24-008749-003/2024(H5N1)	187	2443
PB1|PP755595.1|A/cattle/Texas/24-008749-003/2024(H5N1)	188	2478
PB1|PP755595.1|A/cattle/Texas/24-008749-003/2024(H5N1)	189	2468
PB1|PP755595.1|A/cattle/Texas/24-008749-003/2024(H5N1)	190	2582
PB1|PP755595.1|A/cattle/Texas/24-008749-003/2024(H5N1)	191	2574
PB1|PP755595.1|A/cattle/Texas/24-008749-003/2024(H5N1)	192	2575
PB1|PP755595.1|A/cattle/Texas/24-008749-003/2024(H5N1)	193	2596
PB1|PP755595.1|A/cattle/Texas/24-008749-003/2024(H5N1)	194	2587
PB1|PP755595.1|A/cattle/Texas/24-008749-003/2024(H5N1)	195	2624
PB1|PP755595.1|A/cattle/Texas/24-008749-003/2024(H5N1)	196	2623
PB1|PP755595.1|A/cattle/Texas/24-008749-003/2024(H5N1)	197	2612
PB1|PP755595.1|A/cattle/Texas/24-008749-003/2024(H5N1)	198	2604
PB1|PP755595.1|A/cattle/Texas/24-008749-003/2024(H5N1)	199	2516
PB1|PP755595.1|A/cattle/Texas/24-008749-003/2024(H5N1)	200	2516
PB1|PP755595.1|A/cattle/Texas/24-008749-003/2024(H5N1)	201	2515
PB1|PP755595.1|A/cattle/Texas/24-008749-003/2024(H5N1)	202	2502
PB1|PP755595.1|A/cattle/Texas/24-008749-003/2024(H5N1)	203	2529
PB1|PP755595.1|A/cattle/Texas/24-008749-003/2024(H5N1)	204	2507
PB1|PP755595.1|A/cattle/Texas/24-008749-003/2024(H5N1)	205	2524
PB1|PP755595.1|A/cattle/Texas/24-008749-003/2024(H5N1)	206	2525
PB1|PP755595.1|A/cattle/Texas/24-008749-003/2024(H5N1)	207	2489
PB1|PP755595.1|A/cattle/Texas/24-008749-003/2024(H5N1)	208	2483
PB1|PP755595.1|A/cattle/Texas/24-008749-003/2024(H5N1)	209	2407
PB1|PP755595.1|A/cattle/Texas/24-008749-003/2024(H5N1)	210	2377
PB1|PP755595.1|A/cattle/Texas/24-008749-003/2024(H5N1)	211	2375
PB1|PP755595.1|A/cattle/Texas/24-008749-003/2024(H5N1)	212	2363
PB1|PP755595.1|A/cattle/Texas/24-008749-003/2024(H5N1)	213	1937
PB1|PP755595.1|A/cattle/Texas/24-008749-003/2024(H5N1)	214	1924
PB1|PP755595.1|A/cattle/Texas/24-008749-003/2024(H5N1)	215	1924
PB1|PP755595.1|A/cattle/Texas/24-008749-003/2024(H5N1)	216	1920
PB1|PP755595.1|A/cattle/Texas/24-008749-003/2024(H5N1)	217	1784
PB1|PP755595.1|A/cattle/Texas/24-008749-003/2024(H5N1)	218	1792
PB1|PP755595.1|A/cattle/Texas/24-008749-003/2024(H5N1)	219	1815
PB1|PP755595.1|A/cattle/Texas/24-008749-003/2024(H5N1)	220	1931
PB1|PP755595.1|A/cattle/Texas/24-008749-003/2024(H5N1)	221	1931
PB1|PP755595.1|A/cattle/Texas/24-008749-003/2024(H5N1)	222	1931
PB1|PP755595.1|A/cattle/Texas/24-008749-003/2024(H5N1)	223	1945
PB1|PP755595.1|A/cattle/Texas/24-008749-003/2024(H5N1)	224	1941
PB1|PP755595.1|A/cattle/Texas/24-008749-003/2024(H5N1)	225	1931
PB1|PP755595.1|A/cattle/Texas/24-008749-003/2024(H5N1)	226	1961
PB1|PP755595.1|A/cattle/Texas/24-008749-003/2024(H5N1)	227	1965
PB1|PP755595.1|A/cattle/Texas/24-008749-003/2024(H5N1)	228	1988
PB1|PP755595.1|A/cattle/Texas/24-008749-003/2024(H5N1)	229	1952
PB1|PP755595.1|A/cattle/Texas/24-008749-003/2024(H5N1)	230	1952
PB1|PP755595.1|A/cattle/Texas/24-008749-003/2024(H5N1)	231	1946
PB1|PP755595.1|A/cattle/Texas/24-008749-003/2024(H5N1)	232	1948
PB1|PP755595.1|A/cattle/Texas/24-008749-003/2024(H5N1)	233	1957
PB1|PP755595.1|A/cattle/Texas/24-008749-003/2024(H5N1)	234	1989
PB1|PP755595.1|A/cattle/Texas/24-008749-003/2024(H5N1)	235	2205
PB1|PP755595.1|A/cattle/Texas/24-008749-003/2024(H5N1)	236	2205
PB1|PP755595.1|A/cattle/Texas/24-008749-003/2024(H5N1)	237	2215
PB1|PP755595.1|A/cattle/Texas/24-008749-003/2024(H5N1)	238	2218
PB1|PP755595.1|A/cattle/Texas/24-008749-003/2024(H5N1)	239	2225
PB1|PP755595.1|A/cattle/Texas/24-008749-003/2024(H5N1)	240	2320
PB1|PP755595.1|A/cattle/Texas/24-008749-003/2024(H5N1)	241	2327
PB1|PP755595.1|A/cattle/Texas/24-008749-003/2024(H5N1)	242	2409
PB1|PP755595.1|A/cattle/Texas/24-008749-003/2024(H5N1)	243	2410
PB1|PP755595.1|A/cattle/Texas/24-008749-003/2024(H5N1)	244	2416
PB1|PP755595.1|A/cattle/Texas/24-008749-003/2024(H5N1)	245	2438
PB1|PP755595.1|A/cattle/Texas/24-008749-003/2024(H5N1)	246	2480
PB1|PP755595.1|A/cattle/Texas/24-008749-003/2024(H5N1)	247	2490
PB1|PP755595.1|A/cattle/Texas/24-008749-003/2024(H5N1)	248	2490
PB1|PP755595.1|A/cattle/Texas/24-008749-003/2024(H5N1)	249	2489
PB1|PP755595.1|A/cattle/Texas/24-008749-003/2024(H5N1)	250	2486
PB1|PP755595.1|A/cattle/Texas/24-008749-003/2024(H5N1)	251	2432
PB1|PP755595.1|A/cattle/Texas/24-008749-003/2024(H5N1)	252	2431
PB1|PP755595.1|A/cattle/Texas/24-008749-003/2024(H5N1)	253	2428
PB1|PP755595.1|A/cattle/Texas/24-008749-003/2024(H5N1)	254	2400
PB1|PP755595.1|A/cattle/Texas/24-008749-003/2024(H5N1)	255	1926
PB1|PP755595.1|A/cattle/Texas/24-008749-003/2024(H5N1)	256	1926
PB1|PP755595.1|A/cattle/Texas/24-008749-003/2024(H5N1)	257	1926
PB1|PP755595.1|A/cattle/Texas/24-008749-003/2024(H5N1)	258	1925
PB1|PP755595.1|A/cattle/Texas/24-008749-003/2024(H5N1)	259	1925
PB1|PP755595.1|A/cattle/Texas/24-008749-003/2024(H5N1)	260	1925
PB1|PP755595.1|A/cattle/Texas/24-008749-003/2024(H5N1)	261	1924
PB1|PP755595.1|A/cattle/Texas/24-008749-003/2024(H5N1)	262	1924
PB1|PP755595.1|A/cattle/Texas/24-008749-003/2024(H5N1)	263	1924
PB1|PP755595.1|A/cattle/Texas/24-008749-003/2024(H5N1)	264	1923
PB1|PP755595.1|A/cattle/Texas/24-008749-003/2024(H5N1)	265	1923
PB1|PP755595.1|A/cattle/Texas/24-008749-003/2024(H5N1)	266	1927
PB1|PP755595.1|A/cattle/Texas/24-008749-003/2024(H5N1)	267	1928
PB1|PP755595.1|A/cattle/Texas/24-008749-003/2024(H5N1)	268	2135
PB1|PP755595.1|A/cattle/Texas/24-008749-003/2024(H5N1)	269	2146
PB1|PP755595.1|A/cattle/Texas/24-008749-003/2024(H5N1)	270	2152
PB1|PP755595.1|A/cattle/Texas/24-008749-003/2024(H5N1)	271	2160
PB1|PP755595.1|A/cattle/Texas/24-008749-003/2024(H5N1)	272	2186
PB1|PP755595.1|A/cattle/Texas/24-008749-003/2024(H5N1)	273	2188
PB1|PP755595.1|A/cattle/Texas/24-008749-003/2024(H5N1)	274	2194
PB1|PP755595.1|A/cattle/Texas/24-008749-003/2024(H5N1)	275	2196
PB1|PP755595.1|A/cattle/Texas/24-008749-003/2024(H5N1)	276	2210
PB1|PP755595.1|A/cattle/Texas/24-008749-003/2024(H5N1)	277	2213
PB1|PP755595.1|A/cattle/Texas/24-008749-003/2024(H5N1)	278	2247
PB1|PP755595.1|A/cattle/Texas/24-008749-003/2024(H5N1)	279	2247
PB1|PP755595.1|A/cattle/Texas/24-008749-003/2024(H5N1)	280	2247
PB1|PP755595.1|A/cattle/Texas/24-008749-003/2024(H5N1)	281	2328
PB1|PP755595.1|A/cattle/Texas/24-008749-003/2024(H5N1)	282	2359
PB1|PP755595.1|A/cattle/Texas/24-008749-003/2024(H5N1)	283	2328
PB1|PP755595.1|A/cattle/Texas/24-008749-003/2024(H5N1)	284	2327
PB1|PP755595.1|A/cattle/Texas/24-008749-003/2024(H5N1)	285	2317
PB1|PP755595.1|A/cattle/Texas/24-008749-003/2024(H5N1)	286	2330
PB1|PP755595.1|A/cattle/Texas/24-008749-003/2024(H5N1)	287	2330
PB1|PP755595.1|A/cattle/Texas/24-008749-003/2024(H5N1)	288	2267
PB1|PP755595.1|A/cattle/Texas/24-008749-003/2024(H5N1)	289	2269
PB1|PP755595.1|A/cattle/Texas/24-008749-003/2024(H5N1)	290	2103
PB1|PP755595.1|A/cattle/Texas/24-008749-003/2024(H5N1)	291	2245
PB1|PP755595.1|A/cattle/Texas/24-008749-003/2024(H5N1)	292	2544
PB1|PP755595.1|A/cattle/Texas/24-008749-003/2024(H5N1)	293	2552
PB1|PP755595.1|A/cattle/Texas/24-008749-003/2024(H5N1)	294	2528
PB1|PP755595.1|A/cattle/Texas/24-008749-003/2024(H5N1)	295	2720
PB1|PP755595.1|A/cattle/Texas/24-008749-003/2024(H5N1)	296	2758
PB1|PP755595.1|A/cattle/Texas/24-008749-003/2024(H5N1)	297	2765
PB1|PP755595.1|A/cattle/Texas/24-008749-003/2024(H5N1)	298	2775
PB1|PP755595.1|A/cattle/Texas/24-008749-003/2024(H5N1)	299	2767
PB1|PP755595.1|A/cattle/Texas/24-008749-003/2024(H5N1)	300	2613
PB1|PP755595.1|A/cattle/Texas/24-008749-003/2024(H5N1)	301	2612
PB1|PP755595.1|A/cattle/Texas/24-008749-003/2024(H5N1)	302	2609
PB1|PP755595.1|A/cattle/Texas/24-008749-003/2024(H5N1)	303	2611
PB1|PP755595.1|A/cattle/Texas/24-008749-003/2024(H5N1)	304	2639
PB1|PP755595.1|A/cattle/Texas/24-008749-003/2024(H5N1)	305	2638
PB1|PP755595.1|A/cattle/Texas/24-008749-003/2024(H5N1)	306	2612
PB1|PP755595.1|A/cattle/Texas/24-008749-003/2024(H5N1)	307	2601
PB1|PP755595.1|A/cattle/Texas/24-008749-003/2024(H5N1)	308	2607
PB1|PP755595.1|A/cattle/Texas/24-008749-003/2024(H5N1)	309	2615
PB1|PP755595.1|A/cattle/Texas/24-008749-003/2024(H5N1)	310	2616
PB1|PP755595.1|A/cattle/Texas/24-008749-003/2024(H5N1)	311	2628
PB1|PP755595.1|A/cattle/Texas/24-008749-003/2024(H5N1)	312	2629
PB1|PP755595.1|A/cattle/Texas/24-008749-003/2024(H5N1)	313	2625
PB1|PP755595.1|A/cattle/Texas/24-008749-003/2024(H5N1)	314	2625
PB1|PP755595.1|A/cattle/Texas/24-008749-003/2024(H5N1)	315	2649
PB1|PP755595.1|A/cattle/Texas/24-008749-003/2024(H5N1)	316	2647
PB1|PP755595.1|A/cattle/Texas/24-008749-003/2024(H5N1)	317	2652
PB1|PP755595.1|A/cattle/Texas/24-008749-003/2024(H5N1)	318	2646
PB1|PP755595.1|A/cattle/Texas/24-008749-003/2024(H5N1)	319	2783
PB1|PP755595.1|A/cattle/Texas/24-008749-003/2024(H5N1)	320	2804
PB1|PP755595.1|A/cattle/Texas/24-008749-003/2024(H5N1)	321	2802
PB1|PP755595.1|A/cattle/Texas/24-008749-003/2024(H5N1)	322	2802
PB1|PP755595.1|A/cattle/Texas/24-008749-003/2024(H5N1)	323	2804
PB1|PP755595.1|A/cattle/Texas/24-008749-003/2024(H5N1)	324	2760
PB1|PP755595.1|A/cattle/Texas/24-008749-003/2024(H5N1)	325	2749
PB1|PP755595.1|A/cattle/Texas/24-008749-003/2024(H5N1)	326	2750
PB1|PP755595.1|A/cattle/Texas/24-008749-003/2024(H5N1)	327	2752
PB1|PP755595.1|A/cattle/Texas/24-008749-003/2024(H5N1)	328	2761
PB1|PP755595.1|A/cattle/Texas/24-008749-003/2024(H5N1)	329	2748
PB1|PP755595.1|A/cattle/Texas/24-008749-003/2024(H5N1)	330	2761
PB1|PP755595.1|A/cattle/Texas/24-008749-003/2024(H5N1)	331	2751
PB1|PP755595.1|A/cattle/Texas/24-008749-003/2024(H5N1)	332	2751
PB1|PP755595.1|A/cattle/Texas/24-008749-003/2024(H5N1)	333	2748
PB1|PP755595.1|A/cattle/Texas/24-008749-003/2024(H5N1)	334	2772
PB1|PP755595.1|A/cattle/Texas/24-008749-003/2024(H5N1)	335	2779
PB1|PP755595.1|A/cattle/Texas/24-008749-003/2024(H5N1)	336	2765
PB1|PP755595.1|A/cattle/Texas/24-008749-003/2024(H5N1)	337	2764
PB1|PP755595.1|A/cattle/Texas/24-008749-003/2024(H5N1)	338	2763
PB1|PP755595.1|A/cattle/Texas/24-008749-003/2024(H5N1)	339	2732
PB1|PP755595.1|A/cattle/Texas/24-008749-003/2024(H5N1)	340	2732
PB1|PP755595.1|A/cattle/Texas/24-008749-003/2024(H5N1)	341	2600
PB1|PP755595.1|A/cattle/Texas/24-008749-003/2024(H5N1)	342	2602
PB1|PP755595.1|A/cattle/Texas/24-008749-003/2024(H5N1)	343	2600
PB1|PP755595.1|A/cattle/Texas/24-008749-003/2024(H5N1)	344	2594
PB1|PP755595.1|A/cattle/Texas/24-008749-003/2024(H5N1)	345	2621
PB1|PP755595.1|A/cattle/Texas/24-008749-003/2024(H5N1)	346	2668
PB1|PP755595.1|A/cattle/Texas/24-008749-003/2024(H5N1)	347	2697
PB1|PP755595.1|A/cattle/Texas/24-008749-003/2024(H5N1)	348	2701
PB1|PP755595.1|A/cattle/Texas/24-008749-003/2024(H5N1)	349	2693
PB1|PP755595.1|A/cattle/Texas/24-008749-003/2024(H5N1)	350	2677
PB1|PP755595.1|A/cattle/Texas/24-008749-003/2024(H5N1)	351	2678
PB1|PP755595.1|A/cattle/Texas/24-008749-003/2024(H5N1)	352	2680
PB1|PP755595.1|A/cattle/Texas/24-008749-003/2024(H5N1)	353	2684
PB1|PP755595.1|A/cattle/Texas/24-008749-003/2024(H5N1)	354	2645
PB1|PP755595.1|A/cattle/Texas/24-008749-003/2024(H5N1)	355	2645
PB1|PP755595.1|A/cattle/Texas/24-008749-003/2024(H5N1)	356	2595
PB1|PP755595.1|A/cattle/Texas/24-008749-003/2024(H5N1)	357	2591
PB1|PP755595.1|A/cattle/Texas/24-008749-003/2024(H5N1)	358	2591
PB1|PP755595.1|A/cattle/Texas/24-008749-003/2024(H5N1)	359	2581
PB1|PP755595.1|A/cattle/Texas/24-008749-003/2024(H5N1)	360	2576
PB1|PP755595.1|A/cattle/Texas/24-008749-003/2024(H5N1)	361	2541
PB1|PP755595.1|A/cattle/Texas/24-008749-003/2024(H5N1)	362	2539
PB1|PP755595.1|A/cattle/Texas/24-008749-003/2024(H5N1)	363	1783
PB1|PP755595.1|A/cattle/Texas/24-008749-003/2024(H5N1)	364	1739
PB1|PP755595.1|A/cattle/Texas/24-008749-003/2024(H5N1)	365	1739
PB1|PP755595.1|A/cattle/Texas/24-008749-003/2024(H5N1)	366	1739
PB1|PP755595.1|A/cattle/Texas/24-008749-003/2024(H5N1)	367	1748
PB1|PP755595.1|A/cattle/Texas/24-008749-003/2024(H5N1)	368	1761
PB1|PP755595.1|A/cattle/Texas/24-008749-003/2024(H5N1)	369	1761
PB1|PP755595.1|A/cattle/Texas/24-008749-003/2024(H5N1)	370	1761
PB1|PP755595.1|A/cattle/Texas/24-008749-003/2024(H5N1)	371	1773
PB1|PP755595.1|A/cattle/Texas/24-008749-003/2024(H5N1)	372	1774
PB1|PP755595.1|A/cattle/Texas/24-008749-003/2024(H5N1)	373	1778
PB1|PP755595.1|A/cattle/Texas/24-008749-003/2024(H5N1)	374	1778
PB1|PP755595.1|A/cattle/Texas/24-008749-003/2024(H5N1)	375	1778
PB1|PP755595.1|A/cattle/Texas/24-008749-003/2024(H5N1)	376	1826
PB1|PP755595.1|A/cattle/Texas/24-008749-003/2024(H5N1)	377	1826
PB1|PP755595.1|A/cattle/Texas/24-008749-003/2024(H5N1)	378	1829
PB1|PP755595.1|A/cattle/Texas/24-008749-003/2024(H5N1)	379	2102
PB1|PP755595.1|A/cattle/Texas/24-008749-003/2024(H5N1)	380	2102
PB1|PP755595.1|A/cattle/Texas/24-008749-003/2024(H5N1)	381	2117
PB1|PP755595.1|A/cattle/Texas/24-008749-003/2024(H5N1)	382	2186
PB1|PP755595.1|A/cattle/Texas/24-008749-003/2024(H5N1)	383	2204
PB1|PP755595.1|A/cattle/Texas/24-008749-003/2024(H5N1)	384	2206
PB1|PP755595.1|A/cattle/Texas/24-008749-003/2024(H5N1)	385	2210
PB1|PP755595.1|A/cattle/Texas/24-008749-003/2024(H5N1)	386	2216
PB1|PP755595.1|A/cattle/Texas/24-008749-003/2024(H5N1)	387	2239
PB1|PP755595.1|A/cattle/Texas/24-008749-003/2024(H5N1)	388	2241
PB1|PP755595.1|A/cattle/Texas/24-008749-003/2024(H5N1)	389	2248
PB1|PP755595.1|A/cattle/Texas/24-008749-003/2024(H5N1)	390	2250
PB1|PP755595.1|A/cattle/Texas/24-008749-003/2024(H5N1)	391	2250
PB1|PP755595.1|A/cattle/Texas/24-008749-003/2024(H5N1)	392	2250
PB1|PP755595.1|A/cattle/Texas/24-008749-003/2024(H5N1)	393	2250
PB1|PP755595.1|A/cattle/Texas/24-008749-003/2024(H5N1)	394	2250
PB1|PP755595.1|A/cattle/Texas/24-008749-003/2024(H5N1)	395	2239
PB1|PP755595.1|A/cattle/Texas/24-008749-003/2024(H5N1)	396	2221
PB1|PP755595.1|A/cattle/Texas/24-008749-003/2024(H5N1)	397	2165
PB1|PP755595.1|A/cattle/Texas/24-008749-003/2024(H5N1)	398	2165
PB1|PP755595.1|A/cattle/Texas/24-008749-003/2024(H5N1)	399	2165
PB1|PP755595.1|A/cattle/Texas/24-008749-003/2024(H5N1)	400	2165
PB1|PP755595.1|A/cattle/Texas/24-008749-003/2024(H5N1)	401	2141
PB1|PP755595.1|A/cattle/Texas/24-008749-003/2024(H5N1)	402	2141
PB1|PP755595.1|A/cattle/Texas/24-008749-003/2024(H5N1)	403	2141
PB1|PP755595.1|A/cattle/Texas/24-008749-003/2024(H5N1)	404	2141
PB1|PP755595.1|A/cattle/Texas/24-008749-003/2024(H5N1)	405	2119
PB1|PP755595.1|A/cattle/Texas/24-008749-003/2024(H5N1)	406	2104
PB1|PP755595.1|A/cattle/Texas/24-008749-003/2024(H5N1)	407	2095
PB1|PP755595.1|A/cattle/Texas/24-008749-003/2024(H5N1)	408	2092
PB1|PP755595.1|A/cattle/Texas/24-008749-003/2024(H5N1)	409	2086
PB1|PP755595.1|A/cattle/Texas/24-008749-003/2024(H5N1)	410	2074
PB1|PP755595.1|A/cattle/Texas/24-008749-003/2024(H5N1)	411	2072
PB1|PP755595.1|A/cattle/Texas/24-008749-003/2024(H5N1)	412	2072
PB1|PP755595.1|A/cattle/Texas/24-008749-003/2024(H5N1)	413	2071
PB1|PP755595.1|A/cattle/Texas/24-008749-003/2024(H5N1)	414	2059
PB1|PP755595.1|A/cattle/Texas/24-008749-003/2024(H5N1)	415	2079
PB1|PP755595.1|A/cattle/Texas/24-008749-003/2024(H5N1)	416	2079
PB1|PP755595.1|A/cattle/Texas/24-008749-003/2024(H5N1)	417	2079
PB1|PP755595.1|A/cattle/Texas/24-008749-003/2024(H5N1)	418	2079
PB1|PP755595.1|A/cattle/Texas/24-008749-003/2024(H5N1)	419	2072
PB1|PP755595.1|A/cattle/Texas/24-008749-003/2024(H5N1)	420	2072
PB1|PP755595.1|A/cattle/Texas/24-008749-003/2024(H5N1)	421	2064
PB1|PP755595.1|A/cattle/Texas/24-008749-003/2024(H5N1)	422	2054
PB1|PP755595.1|A/cattle/Texas/24-008749-003/2024(H5N1)	423	2039
PB1|PP755595.1|A/cattle/Texas/24-008749-003/2024(H5N1)	424	2037
PB1|PP755595.1|A/cattle/Texas/24-008749-003/2024(H5N1)	425	2032
PB1|PP755595.1|A/cattle/Texas/24-008749-003/2024(H5N1)	426	1158
PB1|PP755595.1|A/cattle/Texas/24-008749-003/2024(H5N1)	427	1152
PB1|PP755595.1|A/cattle/Texas/24-008749-003/2024(H5N1)	428	1152
PB1|PP755595.1|A/cattle/Texas/24-008749-003/2024(H5N1)	429	1152
PB1|PP755595.1|A/cattle/Texas/24-008749-003/2024(H5N1)	430	1197
PB1|PP755595.1|A/cattle/Texas/24-008749-003/2024(H5N1)	431	1197
PB1|PP755595.1|A/cattle/Texas/24-008749-003/2024(H5N1)	432	1197
PB1|PP755595.1|A/cattle/Texas/24-008749-003/2024(H5N1)	433	1210
PB1|PP755595.1|A/cattle/Texas/24-008749-003/2024(H5N1)	434	1421
PB1|PP755595.1|A/cattle/Texas/24-008749-003/2024(H5N1)	435	1438
PB1|PP755595.1|A/cattle/Texas/24-008749-003/2024(H5N1)	436	1964
PB1|PP755595.1|A/cattle/Texas/24-008749-003/2024(H5N1)	437	2231
PB1|PP755595.1|A/cattle/Texas/24-008749-003/2024(H5N1)	438	2234
PB1|PP755595.1|A/cattle/Texas/24-008749-003/2024(H5N1)	439	2257
PB1|PP755595.1|A/cattle/Texas/24-008749-003/2024(H5N1)	440	2259
PB1|PP755595.1|A/cattle/Texas/24-008749-003/2024(H5N1)	441	2259
PB1|PP755595.1|A/cattle/Texas/24-008749-003/2024(H5N1)	442	2263
PB1|PP755595.1|A/cattle/Texas/24-008749-003/2024(H5N1)	443	2263
PB1|PP755595.1|A/cattle/Texas/24-008749-003/2024(H5N1)	444	2267
PB1|PP755595.1|A/cattle/Texas/24-008749-003/2024(H5N1)	445	2275
PB1|PP755595.1|A/cattle/Texas/24-008749-003/2024(H5N1)	446	2280
PB1|PP755595.1|A/cattle/Texas/24-008749-003/2024(H5N1)	447	2269
PB1|PP755595.1|A/cattle/Texas/24-008749-003/2024(H5N1)	448	2264
PB1|PP755595.1|A/cattle/Texas/24-008749-003/2024(H5N1)	449	2269
PB1|PP755595.1|A/cattle/Texas/24-008749-003/2024(H5N1)	450	2271
PB1|PP755595.1|A/cattle/Texas/24-008749-003/2024(H5N1)	451	2270
PB1|PP755595.1|A/cattle/Texas/24-008749-003/2024(H5N1)	452	2301
PB1|PP755595.1|A/cattle/Texas/24-008749-003/2024(H5N1)	453	2296
PB1|PP755595.1|A/cattle/Texas/24-008749-003/2024(H5N1)	454	2298
PB1|PP755595.1|A/cattle/Texas/24-008749-003/2024(H5N1)	455	2297
PB1|PP755595.1|A/cattle/Texas/24-008749-003/2024(H5N1)	456	2240
PB1|PP755595.1|A/cattle/Texas/24-008749-003/2024(H5N1)	457	2238
PB1|PP755595.1|A/cattle/Texas/24-008749-003/2024(H5N1)	458	2238
PB1|PP755595.1|A/cattle/Texas/24-008749-003/2024(H5N1)	459	2256
PB1|PP755595.1|A/cattle/Texas/24-008749-003/2024(H5N1)	460	2248
PB1|PP755595.1|A/cattle/Texas/24-008749-003/2024(H5N1)	461	2396
PB1|PP755595.1|A/cattle/Texas/24-008749-003/2024(H5N1)	462	2421
PB1|PP755595.1|A/cattle/Texas/24-008749-003/2024(H5N1)	463	2423
PB1|PP755595.1|A/cattle/Texas/24-008749-003/2024(H5N1)	464	2434
PB1|PP755595.1|A/cattle/Texas/24-008749-003/2024(H5N1)	465	2433
PB1|PP755595.1|A/cattle/Texas/24-008749-003/2024(H5N1)	466	2443
PB1|PP755595.1|A/cattle/Texas/24-008749-003/2024(H5N1)	467	2439
PB1|PP755595.1|A/cattle/Texas/24-008749-003/2024(H5N1)	468	2425
PB1|PP755595.1|A/cattle/Texas/24-008749-003/2024(H5N1)	469	2437
PB1|PP755595.1|A/cattle/Texas/24-008749-003/2024(H5N1)	470	2386
PB1|PP755595.1|A/cattle/Texas/24-008749-003/2024(H5N1)	471	2395
PB1|PP755595.1|A/cattle/Texas/24-008749-003/2024(H5N1)	472	2395
PB1|PP755595.1|A/cattle/Texas/24-008749-003/2024(H5N1)	473	2396
PB1|PP755595.1|A/cattle/Texas/24-008749-003/2024(H5N1)	474	2399
PB1|PP755595.1|A/cattle/Texas/24-008749-003/2024(H5N1)	475	2432
PB1|PP755595.1|A/cattle/Texas/24-008749-003/2024(H5N1)	476	2431
PB1|PP755595.1|A/cattle/Texas/24-008749-003/2024(H5N1)	477	2429
PB1|PP755595.1|A/cattle/Texas/24-008749-003/2024(H5N1)	478	2425
PB1|PP755595.1|A/cattle/Texas/24-008749-003/2024(H5N1)	479	2407
PB1|PP755595.1|A/cattle/Texas/24-008749-003/2024(H5N1)	480	2364
PB1|PP755595.1|A/cattle/Texas/24-008749-003/2024(H5N1)	481	2353
PB1|PP755595.1|A/cattle/Texas/24-008749-003/2024(H5N1)	482	2347
PB1|PP755595.1|A/cattle/Texas/24-008749-003/2024(H5N1)	483	2345
PB1|PP755595.1|A/cattle/Texas/24-008749-003/2024(H5N1)	484	2345
PB1|PP755595.1|A/cattle/Texas/24-008749-003/2024(H5N1)	485	2423
PB1|PP755595.1|A/cattle/Texas/24-008749-003/2024(H5N1)	486	2439
PB1|PP755595.1|A/cattle/Texas/24-008749-003/2024(H5N1)	487	2506
PB1|PP755595.1|A/cattle/Texas/24-008749-003/2024(H5N1)	488	2509
PB1|PP755595.1|A/cattle/Texas/24-008749-003/2024(H5N1)	489	2523
PB1|PP755595.1|A/cattle/Texas/24-008749-003/2024(H5N1)	490	2562
PB1|PP755595.1|A/cattle/Texas/24-008749-003/2024(H5N1)	491	2559
PB1|PP755595.1|A/cattle/Texas/24-008749-003/2024(H5N1)	492	2560
PB1|PP755595.1|A/cattle/Texas/24-008749-003/2024(H5N1)	493	2564
PB1|PP755595.1|A/cattle/Texas/24-008749-003/2024(H5N1)	494	2514
PB1|PP755595.1|A/cattle/Texas/24-008749-003/2024(H5N1)	495	2531
PB1|PP755595.1|A/cattle/Texas/24-008749-003/2024(H5N1)	496	2462
PB1|PP755595.1|A/cattle/Texas/24-008749-003/2024(H5N1)	497	2473
PB1|PP755595.1|A/cattle/Texas/24-008749-003/2024(H5N1)	498	2475
PB1|PP755595.1|A/cattle/Texas/24-008749-003/2024(H5N1)	499	2476
PB1|PP755595.1|A/cattle/Texas/24-008749-003/2024(H5N1)	500	2475
PB1|PP755595.1|A/cattle/Texas/24-008749-003/2024(H5N1)	501	2495
PB1|PP755595.1|A/cattle/Texas/24-008749-003/2024(H5N1)	502	2493
PB1|PP755595.1|A/cattle/Texas/24-008749-003/2024(H5N1)	503	2493
PB1|PP755595.1|A/cattle/Texas/24-008749-003/2024(H5N1)	504	2502
PB1|PP755595.1|A/cattle/Texas/24-008749-003/2024(H5N1)	505	2563
PB1|PP755595.1|A/cattle/Texas/24-008749-003/2024(H5N1)	506	2557
PB1|PP755595.1|A/cattle/Texas/24-008749-003/2024(H5N1)	507	2519
PB1|PP755595.1|A/cattle/Texas/24-008749-003/2024(H5N1)	508	2546
PB1|PP755595.1|A/cattle/Texas/24-008749-003/2024(H5N1)	509	2608
PB1|PP755595.1|A/cattle/Texas/24-008749-003/2024(H5N1)	510	2613
PB1|PP755595.1|A/cattle/Texas/24-008749-003/2024(H5N1)	511	2615
PB1|PP755595.1|A/cattle/Texas/24-008749-003/2024(H5N1)	512	2614
PB1|PP755595.1|A/cattle/Texas/24-008749-003/2024(H5N1)	513	2559
PB1|PP755595.1|A/cattle/Texas/24-008749-003/2024(H5N1)	514	2520
PB1|PP755595.1|A/cattle/Texas/24-008749-003/2024(H5N1)	515	2545
PB1|PP755595.1|A/cattle/Texas/24-008749-003/2024(H5N1)	516	2541
PB1|PP755595.1|A/cattle/Texas/24-008749-003/2024(H5N1)	517	2495
PB1|PP755595.1|A/cattle/Texas/24-008749-003/2024(H5N1)	518	2515
PB1|PP755595.1|A/cattle/Texas/24-008749-003/2024(H5N1)	519	2506
PB1|PP755595.1|A/cattle/Texas/24-008749-003/2024(H5N1)	520	2573
PB1|PP755595.1|A/cattle/Texas/24-008749-003/2024(H5N1)	521	2573
PB1|PP755595.1|A/cattle/Texas/24-008749-003/2024(H5N1)	522	2577
PB1|PP755595.1|A/cattle/Texas/24-008749-003/2024(H5N1)	523	2586
PB1|PP755595.1|A/cattle/Texas/24-008749-003/2024(H5N1)	524	2572
PB1|PP755595.1|A/cattle/Texas/24-008749-003/2024(H5N1)	525	2603
PB1|PP755595.1|A/cattle/Texas/24-008749-003/2024(H5N1)	526	2603
PB1|PP755595.1|A/cattle/Texas/24-008749-003/2024(H5N1)	527	2599
PB1|PP755595.1|A/cattle/Texas/24-008749-003/2024(H5N1)	528	2597
PB1|PP755595.1|A/cattle/Texas/24-008749-003/2024(H5N1)	529	2599
PB1|PP755595.1|A/cattle/Texas/24-008749-003/2024(H5N1)	530	2683
PB1|PP755595.1|A/cattle/Texas/24-008749-003/2024(H5N1)	531	2652
PB1|PP755595.1|A/cattle/Texas/24-008749-003/2024(H5N1)	532	2639
PB1|PP755595.1|A/cattle/Texas/24-008749-003/2024(H5N1)	533	2607
PB1|PP755595.1|A/cattle/Texas/24-008749-003/2024(H5N1)	534	2595
PB1|PP755595.1|A/cattle/Texas/24-008749-003/2024(H5N1)	535	2598
PB1|PP755595.1|A/cattle/Texas/24-008749-003/2024(H5N1)	536	2598
PB1|PP755595.1|A/cattle/Texas/24-008749-003/2024(H5N1)	537	2603
PB1|PP755595.1|A/cattle/Texas/24-008749-003/2024(H5N1)	538	2587
PB1|PP755595.1|A/cattle/Texas/24-008749-003/2024(H5N1)	539	2612
PB1|PP755595.1|A/cattle/Texas/24-008749-003/2024(H5N1)	540	2608
PB1|PP755595.1|A/cattle/Texas/24-008749-003/2024(H5N1)	541	2615
PB1|PP755595.1|A/cattle/Texas/24-008749-003/2024(H5N1)	542	2658
PB1|PP755595.1|A/cattle/Texas/24-008749-003/2024(H5N1)	543	2657
PB1|PP755595.1|A/cattle/Texas/24-008749-003/2024(H5N1)	544	2657
PB1|PP755595.1|A/cattle/Texas/24-008749-003/2024(H5N1)	545	2647
PB1|PP755595.1|A/cattle/Texas/24-008749-003/2024(H5N1)	546	2637
PB1|PP755595.1|A/cattle/Texas/24-008749-003/2024(H5N1)	547	2641
PB1|PP755595.1|A/cattle/Texas/24-008749-003/2024(H5N1)	548	2642
PB1|PP755595.1|A/cattle/Texas/24-008749-003/2024(H5N1)	549	2642
PB1|PP755595.1|A/cattle/Texas/24-008749-003/2024(H5N1)	550	2630
PB1|PP755595.1|A/cattle/Texas/24-008749-003/2024(H5N1)	551	2597
PB1|PP755595.1|A/cattle/Texas/24-008749-003/2024(H5N1)	552	2609
PB1|PP755595.1|A/cattle/Texas/24-008749-003/2024(H5N1)	553	2608
PB1|PP755595.1|A/cattle/Texas/24-008749-003/2024(H5N1)	554	2609
PB1|PP755595.1|A/cattle/Texas/24-008749-003/2024(H5N1)	555	2590
PB1|PP755595.1|A/cattle/Texas/24-008749-003/2024(H5N1)	556	2586
PB1|PP755595.1|A/cattle/Texas/24-008749-003/2024(H5N1)	557	2580
PB1|PP755595.1|A/cattle/Texas/24-008749-003/2024(H5N1)	558	2410
PB1|PP755595.1|A/cattle/Texas/24-008749-003/2024(H5N1)	559	2410
PB1|PP755595.1|A/cattle/Texas/24-008749-003/2024(H5N1)	560	2410
PB1|PP755595.1|A/cattle/Texas/24-008749-003/2024(H5N1)	561	2400
PB1|PP755595.1|A/cattle/Texas/24-008749-003/2024(H5N1)	562	2426
PB1|PP755595.1|A/cattle/Texas/24-008749-003/2024(H5N1)	563	2435
PB1|PP755595.1|A/cattle/Texas/24-008749-003/2024(H5N1)	564	2446
PB1|PP755595.1|A/cattle/Texas/24-008749-003/2024(H5N1)	565	2472
PB1|PP755595.1|A/cattle/Texas/24-008749-003/2024(H5N1)	566	2481
PB1|PP755595.1|A/cattle/Texas/24-008749-003/2024(H5N1)	567	2489
PB1|PP755595.1|A/cattle/Texas/24-008749-003/2024(H5N1)	568	2487
PB1|PP755595.1|A/cattle/Texas/24-008749-003/2024(H5N1)	569	2586
PB1|PP755595.1|A/cattle/Texas/24-008749-003/2024(H5N1)	570	2544
PB1|PP755595.1|A/cattle/Texas/24-008749-003/2024(H5N1)	571	2584
PB1|PP755595.1|A/cattle/Texas/24-008749-003/2024(H5N1)	572	2580
PB1|PP755595.1|A/cattle/Texas/24-008749-003/2024(H5N1)	573	2561
PB1|PP755595.1|A/cattle/Texas/24-008749-003/2024(H5N1)	574	2563
PB1|PP755595.1|A/cattle/Texas/24-008749-003/2024(H5N1)	575	2545
PB1|PP755595.1|A/cattle/Texas/24-008749-003/2024(H5N1)	576	2622
PB1|PP755595.1|A/cattle/Texas/24-008749-003/2024(H5N1)	577	2645
PB1|PP755595.1|A/cattle/Texas/24-008749-003/2024(H5N1)	578	2644
PB1|PP755595.1|A/cattle/Texas/24-008749-003/2024(H5N1)	579	2604
PB1|PP755595.1|A/cattle/Texas/24-008749-003/2024(H5N1)	580	2581
PB1|PP755595.1|A/cattle/Texas/24-008749-003/2024(H5N1)	581	2586
PB1|PP755595.1|A/cattle/Texas/24-008749-003/2024(H5N1)	582	2582
PB1|PP755595.1|A/cattle/Texas/24-008749-003/2024(H5N1)	583	2581
PB1|PP755595.1|A/cattle/Texas/24-008749-003/2024(H5N1)	584	2560
PB1|PP755595.1|A/cattle/Texas/24-008749-003/2024(H5N1)	585	2367
PB1|PP755595.1|A/cattle/Texas/24-008749-003/2024(H5N1)	586	2413
PB1|PP755595.1|A/cattle/Texas/24-008749-003/2024(H5N1)	587	2260
PB1|PP755595.1|A/cattle/Texas/24-008749-003/2024(H5N1)	588	2185
PB1|PP755595.1|A/cattle/Texas/24-008749-003/2024(H5N1)	589	2192
PB1|PP755595.1|A/cattle/Texas/24-008749-003/2024(H5N1)	590	2173
PB1|PP755595.1|A/cattle/Texas/24-008749-003/2024(H5N1)	591	2176
PB1|PP755595.1|A/cattle/Texas/24-008749-003/2024(H5N1)	592	2209
PB1|PP755595.1|A/cattle/Texas/24-008749-003/2024(H5N1)	593	2208
PB1|PP755595.1|A/cattle/Texas/24-008749-003/2024(H5N1)	594	2223
PB1|PP755595.1|A/cattle/Texas/24-008749-003/2024(H5N1)	595	2221
PB1|PP755595.1|A/cattle/Texas/24-008749-003/2024(H5N1)	596	2218
PB1|PP755595.1|A/cattle/Texas/24-008749-003/2024(H5N1)	597	2218
PB1|PP755595.1|A/cattle/Texas/24-008749-003/2024(H5N1)	598	2200
PB1|PP755595.1|A/cattle/Texas/24-008749-003/2024(H5N1)	599	2191
PB1|PP755595.1|A/cattle/Texas/24-008749-003/2024(H5N1)	600	2181
PB1|PP755595.1|A/cattle/Texas/24-008749-003/2024(H5N1)	601	2181
PB1|PP755595.1|A/cattle/Texas/24-008749-003/2024(H5N1)	602	2145
PB1|PP755595.1|A/cattle/Texas/24-008749-003/2024(H5N1)	603	2138
PB1|PP755595.1|A/cattle/Texas/24-008749-003/2024(H5N1)	604	2136
PB1|PP755595.1|A/cattle/Texas/24-008749-003/2024(H5N1)	605	2129
PB1|PP755595.1|A/cattle/Texas/24-008749-003/2024(H5N1)	606	2128
PB1|PP755595.1|A/cattle/Texas/24-008749-003/2024(H5N1)	607	1791
PB1|PP755595.1|A/cattle/Texas/24-008749-003/2024(H5N1)	608	1791
PB1|PP755595.1|A/cattle/Texas/24-008749-003/2024(H5N1)	609	1787
PB1|PP755595.1|A/cattle/Texas/24-008749-003/2024(H5N1)	610	1787
PB1|PP755595.1|A/cattle/Texas/24-008749-003/2024(H5N1)	611	1787
PB1|PP755595.1|A/cattle/Texas/24-008749-003/2024(H5N1)	612	1787
PB1|PP755595.1|A/cattle/Texas/24-008749-003/2024(H5N1)	613	2015
PB1|PP755595.1|A/cattle/Texas/24-008749-003/2024(H5N1)	614	2017
PB1|PP755595.1|A/cattle/Texas/24-008749-003/2024(H5N1)	615	2017
PB1|PP755595.1|A/cattle/Texas/24-008749-003/2024(H5N1)	616	2017
PB1|PP755595.1|A/cattle/Texas/24-008749-003/2024(H5N1)	617	2016
PB1|PP755595.1|A/cattle/Texas/24-008749-003/2024(H5N1)	618	2011
PB1|PP755595.1|A/cattle/Texas/24-008749-003/2024(H5N1)	619	2007
PB1|PP755595.1|A/cattle/Texas/24-008749-003/2024(H5N1)	620	1975
PB1|PP755595.1|A/cattle/Texas/24-008749-003/2024(H5N1)	621	1983
PB1|PP755595.1|A/cattle/Texas/24-008749-003/2024(H5N1)	622	1999
PB1|PP755595.1|A/cattle/Texas/24-008749-003/2024(H5N1)	623	1998
PB1|PP755595.1|A/cattle/Texas/24-008749-003/2024(H5N1)	624	1997
PB1|PP755595.1|A/cattle/Texas/24-008749-003/2024(H5N1)	625	1993
PB1|PP755595.1|A/cattle/Texas/24-008749-003/2024(H5N1)	626	1972
PB1|PP755595.1|A/cattle/Texas/24-008749-003/2024(H5N1)	627	1972
PB1|PP755595.1|A/cattle/Texas/24-008749-003/2024(H5N1)	628	1965
PB1|PP755595.1|A/cattle/Texas/24-008749-003/2024(H5N1)	629	1957
PB1|PP755595.1|A/cattle/Texas/24-008749-003/2024(H5N1)	630	1951
PB1|PP755595.1|A/cattle/Texas/24-008749-003/2024(H5N1)	631	1942
PB1|PP755595.1|A/cattle/Texas/24-008749-003/2024(H5N1)	632	1940
PB1|PP755595.1|A/cattle/Texas/24-008749-003/2024(H5N1)	633	1857
PB1|PP755595.1|A/cattle/Texas/24-008749-003/2024(H5N1)	634	1798
PB1|PP755595.1|A/cattle/Texas/24-008749-003/2024(H5N1)	635	1798
PB1|PP755595.1|A/cattle/Texas/24-008749-003/2024(H5N1)	636	1798
PB1|PP755595.1|A/cattle/Texas/24-008749-003/2024(H5N1)	637	1798
PB1|PP755595.1|A/cattle/Texas/24-008749-003/2024(H5N1)	638	1797
PB1|PP755595.1|A/cattle/Texas/24-008749-003/2024(H5N1)	639	1791
PB1|PP755595.1|A/cattle/Texas/24-008749-003/2024(H5N1)	640	1784
PB1|PP755595.1|A/cattle/Texas/24-008749-003/2024(H5N1)	641	1746
PB1|PP755595.1|A/cattle/Texas/24-008749-003/2024(H5N1)	642	1746
PB1|PP755595.1|A/cattle/Texas/24-008749-003/2024(H5N1)	643	1746
PB1|PP755595.1|A/cattle/Texas/24-008749-003/2024(H5N1)	644	1741
PB1|PP755595.1|A/cattle/Texas/24-008749-003/2024(H5N1)	645	1719
PB1|PP755595.1|A/cattle/Texas/24-008749-003/2024(H5N1)	646	1692
PB1|PP755595.1|A/cattle/Texas/24-008749-003/2024(H5N1)	647	1691
PB1|PP755595.1|A/cattle/Texas/24-008749-003/2024(H5N1)	648	1650
PB1|PP755595.1|A/cattle/Texas/24-008749-003/2024(H5N1)	649	1648
PB1|PP755595.1|A/cattle/Texas/24-008749-003/2024(H5N1)	650	1642
PB1|PP755595.1|A/cattle/Texas/24-008749-003/2024(H5N1)	651	1381
PB1|PP755595.1|A/cattle/Texas/24-008749-003/2024(H5N1)	652	1383
PB1|PP755595.1|A/cattle/Texas/24-008749-003/2024(H5N1)	653	1383
PB1|PP755595.1|A/cattle/Texas/24-008749-003/2024(H5N1)	654	1383
PB1|PP755595.1|A/cattle/Texas/24-008749-003/2024(H5N1)	655	1575
PB1|PP755595.1|A/cattle/Texas/24-008749-003/2024(H5N1)	656	1579
PB1|PP755595.1|A/cattle/Texas/24-008749-003/2024(H5N1)	657	1585
PB1|PP755595.1|A/cattle/Texas/24-008749-003/2024(H5N1)	658	1586
PB1|PP755595.1|A/cattle/Texas/24-008749-003/2024(H5N1)	659	1591
PB1|PP755595.1|A/cattle/Texas/24-008749-003/2024(H5N1)	660	1591
PB1|PP755595.1|A/cattle/Texas/24-008749-003/2024(H5N1)	661	1591
PB1|PP755595.1|A/cattle/Texas/24-008749-003/2024(H5N1)	662	1582
PB1|PP755595.1|A/cattle/Texas/24-008749-003/2024(H5N1)	663	1575
PB1|PP755595.1|A/cattle/Texas/24-008749-003/2024(H5N1)	664	1545
PB1|PP755595.1|A/cattle/Texas/24-008749-003/2024(H5N1)	665	1647
PB1|PP755595.1|A/cattle/Texas/24-008749-003/2024(H5N1)	666	1649
PB1|PP755595.1|A/cattle/Texas/24-008749-003/2024(H5N1)	667	1664
PB1|PP755595.1|A/cattle/Texas/24-008749-003/2024(H5N1)	668	1655
PB1|PP755595.1|A/cattle/Texas/24-008749-003/2024(H5N1)	669	1649
PB1|PP755595.1|A/cattle/Texas/24-008749-003/2024(H5N1)	670	1632
PB1|PP755595.1|A/cattle/Texas/24-008749-003/2024(H5N1)	671	1564
PB1|PP755595.1|A/cattle/Texas/24-008749-003/2024(H5N1)	672	1568
PB1|PP755595.1|A/cattle/Texas/24-008749-003/2024(H5N1)	673	1559
PB1|PP755595.1|A/cattle/Texas/24-008749-003/2024(H5N1)	674	1558
PB1|PP755595.1|A/cattle/Texas/24-008749-003/2024(H5N1)	675	1554
PB1|PP755595.1|A/cattle/Texas/24-008749-003/2024(H5N1)	676	1596
PB1|PP755595.1|A/cattle/Texas/24-008749-003/2024(H5N1)	677	1597
PB1|PP755595.1|A/cattle/Texas/24-008749-003/2024(H5N1)	678	1564
PB1|PP755595.1|A/cattle/Texas/24-008749-003/2024(H5N1)	679	1568
PB1|PP755595.1|A/cattle/Texas/24-008749-003/2024(H5N1)	680	1566
PB1|PP755595.1|A/cattle/Texas/24-008749-003/2024(H5N1)	681	1486
PB1|PP755595.1|A/cattle/Texas/24-008749-003/2024(H5N1)	682	1495
PB1|PP755595.1|A/cattle/Texas/24-008749-003/2024(H5N1)	683	1491
PB1|PP755595.1|A/cattle/Texas/24-008749-003/2024(H5N1)	684	1488
PB1|PP755595.1|A/cattle/Texas/24-008749-003/2024(H5N1)	685	1489
PB1|PP755595.1|A/cattle/Texas/24-008749-003/2024(H5N1)	686	1484
PB1|PP755595.1|A/cattle/Texas/24-008749-003/2024(H5N1)	687	1483
PB1|PP755595.1|A/cattle/Texas/24-008749-003/2024(H5N1)	688	1471
PB1|PP755595.1|A/cattle/Texas/24-008749-003/2024(H5N1)	689	1461
PB1|PP755595.1|A/cattle/Texas/24-008749-003/2024(H5N1)	690	1430
PB1|PP755595.1|A/cattle/Texas/24-008749-003/2024(H5N1)	691	1427
PB1|PP755595.1|A/cattle/Texas/24-008749-003/2024(H5N1)	692	1376
PB1|PP755595.1|A/cattle/Texas/24-008749-003/2024(H5N1)	693	1375
PB1|PP755595.1|A/cattle/Texas/24-008749-003/2024(H5N1)	694	1436
PB1|PP755595.1|A/cattle/Texas/24-008749-003/2024(H5N1)	695	1454
PB1|PP755595.1|A/cattle/Texas/24-008749-003/2024(H5N1)	696	1451
PB1|PP755595.1|A/cattle/Texas/24-008749-003/2024(H5N1)	697	1451
PB1|PP755595.1|A/cattle/Texas/24-008749-003/2024(H5N1)	698	1441
PB1|PP755595.1|A/cattle/Texas/24-008749-003/2024(H5N1)	699	1430
PB1|PP755595.1|A/cattle/Texas/24-008749-003/2024(H5N1)	700	1426
PB1|PP755595.1|A/cattle/Texas/24-008749-003/2024(H5N1)	701	1421
PB1|PP755595.1|A/cattle/Texas/24-008749-003/2024(H5N1)	702	1409
PB1|PP755595.1|A/cattle/Texas/24-008749-003/2024(H5N1)	703	1406
PB1|PP755595.1|A/cattle/Texas/24-008749-003/2024(H5N1)	704	1406
PB1|PP755595.1|A/cattle/Texas/24-008749-003/2024(H5N1)	705	1406
PB1|PP755595.1|A/cattle/Texas/24-008749-003/2024(H5N1)	706	1406
PB1|PP755595.1|A/cattle/Texas/24-008749-003/2024(H5N1)	707	1401
PB1|PP755595.1|A/cattle/Texas/24-008749-003/2024(H5N1)	708	1399
PB1|PP755595.1|A/cattle/Texas/24-008749-003/2024(H5N1)	709	1424
PB1|PP755595.1|A/cattle/Texas/24-008749-003/2024(H5N1)	710	1425
PB1|PP755595.1|A/cattle/Texas/24-008749-003/2024(H5N1)	711	1419
PB1|PP755595.1|A/cattle/Texas/24-008749-003/2024(H5N1)	712	1387
PB1|PP755595.1|A/cattle/Texas/24-008749-003/2024(H5N1)	713	1387
PB1|PP755595.1|A/cattle/Texas/24-008749-003/2024(H5N1)	714	1370
PB1|PP755595.1|A/cattle/Texas/24-008749-003/2024(H5N1)	715	1349
PB1|PP755595.1|A/cattle/Texas/24-008749-003/2024(H5N1)	716	1349
PB1|PP755595.1|A/cattle/Texas/24-008749-003/2024(H5N1)	717	1334
PB1|PP755595.1|A/cattle/Texas/24-008749-003/2024(H5N1)	718	1334
PB1|PP755595.1|A/cattle/Texas/24-008749-003/2024(H5N1)	719	1236
PB1|PP755595.1|A/cattle/Texas/24-008749-003/2024(H5N1)	720	1234
PB1|PP755595.1|A/cattle/Texas/24-008749-003/2024(H5N1)	721	1255
PB1|PP755595.1|A/cattle/Texas/24-008749-003/2024(H5N1)	722	1246
PB1|PP755595.1|A/cattle/Texas/24-008749-003/2024(H5N1)	723	1245
PB1|PP755595.1|A/cattle/Texas/24-008749-003/2024(H5N1)	724	1247
PB1|PP755595.1|A/cattle/Texas/24-008749-003/2024(H5N1)	725	1214
PB1|PP755595.1|A/cattle/Texas/24-008749-003/2024(H5N1)	726	1194
PB1|PP755595.1|A/cattle/Texas/24-008749-003/2024(H5N1)	727	1145
PB1|PP755595.1|A/cattle/Texas/24-008749-003/2024(H5N1)	728	1146
PB1|PP755595.1|A/cattle/Texas/24-008749-003/2024(H5N1)	729	1146
PB1|PP755595.1|A/cattle/Texas/24-008749-003/2024(H5N1)	730	1111
PB1|PP755595.1|A/cattle/Texas/24-008749-003/2024(H5N1)	731	1065
PB1|PP755595.1|A/cattle/Texas/24-008749-003/2024(H5N1)	732	787
PB1|PP755595.1|A/cattle/Texas/24-008749-003/2024(H5N1)	733	789
PB1|PP755595.1|A/cattle/Texas/24-008749-003/2024(H5N1)	734	786
PB1|PP755595.1|A/cattle/Texas/24-008749-003/2024(H5N1)	735	786
PB1|PP755595.1|A/cattle/Texas/24-008749-003/2024(H5N1)	736	786
PB1|PP755595.1|A/cattle/Texas/24-008749-003/2024(H5N1)	737	786
PB1|PP755595.1|A/cattle/Texas/24-008749-003/2024(H5N1)	738	781
PB1|PP755595.1|A/cattle/Texas/24-008749-003/2024(H5N1)	739	778
PB1|PP755595.1|A/cattle/Texas/24-008749-003/2024(H5N1)	740	778
PB1|PP755595.1|A/cattle/Texas/24-008749-003/2024(H5N1)	741	778
PB1|PP755595.1|A/cattle/Texas/24-008749-003/2024(H5N1)	742	779
PB1|PP755595.1|A/cattle/Texas/24-008749-003/2024(H5N1)	743	779
PB1|PP755595.1|A/cattle/Texas/24-008749-003/2024(H5N1)	744	779
PB1|PP755595.1|A/cattle/Texas/24-008749-003/2024(H5N1)	745	1015
PB1|PP755595.1|A/cattle/Texas/24-008749-003/2024(H5N1)	746	1015
PB1|PP755595.1|A/cattle/Texas/24-008749-003/2024(H5N1)	747	1015
PB1|PP755595.1|A/cattle/Texas/24-008749-003/2024(H5N1)	748	1016
PB1|PP755595.1|A/cattle/Texas/24-008749-003/2024(H5N1)	749	1016
PB1|PP755595.1|A/cattle/Texas/24-008749-003/2024(H5N1)	750	1016
PB1|PP755595.1|A/cattle/Texas/24-008749-003/2024(H5N1)	751	1099
PB1|PP755595.1|A/cattle/Texas/24-008749-003/2024(H5N1)	752	1109
PB1|PP755595.1|A/cattle/Texas/24-008749-003/2024(H5N1)	753	1112
PB1|PP755595.1|A/cattle/Texas/24-008749-003/2024(H5N1)	754	1117
PB1|PP755595.1|A/cattle/Texas/24-008749-003/2024(H5N1)	755	1120
PB1|PP755595.1|A/cattle/Texas/24-008749-003/2024(H5N1)	756	1121
PB1|PP755595.1|A/cattle/Texas/24-008749-003/2024(H5N1)	757	1122
PB1|PP755595.1|A/cattle/Texas/24-008749-003/2024(H5N1)	758	1119
PB1|PP755595.1|A/cattle/Texas/24-008749-003/2024(H5N1)	759	1113
PB1|PP755595.1|A/cattle/Texas/24-008749-003/2024(H5N1)	760	1049
PB1|PP755595.1|A/cattle/Texas/24-008749-003/2024(H5N1)	761	1050
PB1|PP755595.1|A/cattle/Texas/24-008749-003/2024(H5N1)	762	1042
PB1|PP755595.1|A/cattle/Texas/24-008749-003/2024(H5N1)	763	1039
PB1|PP755595.1|A/cattle/Texas/24-008749-003/2024(H5N1)	764	1039
PB1|PP755595.1|A/cattle/Texas/24-008749-003/2024(H5N1)	765	1032
PB1|PP755595.1|A/cattle/Texas/24-008749-003/2024(H5N1)	766	1032
PB1|PP755595.1|A/cattle/Texas/24-008749-003/2024(H5N1)	767	1032
PB1|PP755595.1|A/cattle/Texas/24-008749-003/2024(H5N1)	768	1032
PB1|PP755595.1|A/cattle/Texas/24-008749-003/2024(H5N1)	769	1032
PB1|PP755595.1|A/cattle/Texas/24-008749-003/2024(H5N1)	770	1032
PB1|PP755595.1|A/cattle/Texas/24-008749-003/2024(H5N1)	771	1030
PB1|PP755595.1|A/cattle/Texas/24-008749-003/2024(H5N1)	772	989
PB1|PP755595.1|A/cattle/Texas/24-008749-003/2024(H5N1)	773	989
PB1|PP755595.1|A/cattle/Texas/24-008749-003/2024(H5N1)	774	992
PB1|PP755595.1|A/cattle/Texas/24-008749-003/2024(H5N1)	775	1093
PB1|PP755595.1|A/cattle/Texas/24-008749-003/2024(H5N1)	776	1150
PB1|PP755595.1|A/cattle/Texas/24-008749-003/2024(H5N1)	777	1153
PB1|PP755595.1|A/cattle/Texas/24-008749-003/2024(H5N1)	778	1154
PB1|PP755595.1|A/cattle/Texas/24-008749-003/2024(H5N1)	779	1155
PB1|PP755595.1|A/cattle/Texas/24-008749-003/2024(H5N1)	780	1179
PB1|PP755595.1|A/cattle/Texas/24-008749-003/2024(H5N1)	781	1182
PB1|PP755595.1|A/cattle/Texas/24-008749-003/2024(H5N1)	782	1182
PB1|PP755595.1|A/cattle/Texas/24-008749-003/2024(H5N1)	783	1116
PB1|PP755595.1|A/cattle/Texas/24-008749-003/2024(H5N1)	784	1116
PB1|PP755595.1|A/cattle/Texas/24-008749-003/2024(H5N1)	785	1123
PB1|PP755595.1|A/cattle/Texas/24-008749-003/2024(H5N1)	786	1082
PB1|PP755595.1|A/cattle/Texas/24-008749-003/2024(H5N1)	787	1088
PB1|PP755595.1|A/cattle/Texas/24-008749-003/2024(H5N1)	788	1120
PB1|PP755595.1|A/cattle/Texas/24-008749-003/2024(H5N1)	789	1122
PB1|PP755595.1|A/cattle/Texas/24-008749-003/2024(H5N1)	790	1122
PB1|PP755595.1|A/cattle/Texas/24-008749-003/2024(H5N1)	791	1128
PB1|PP755595.1|A/cattle/Texas/24-008749-003/2024(H5N1)	792	1105
PB1|PP755595.1|A/cattle/Texas/24-008749-003/2024(H5N1)	793	1123
PB1|PP755595.1|A/cattle/Texas/24-008749-003/2024(H5N1)	794	1129
PB1|PP755595.1|A/cattle/Texas/24-008749-003/2024(H5N1)	795	1131
PB1|PP755595.1|A/cattle/Texas/24-008749-003/2024(H5N1)	796	1135
PB1|PP755595.1|A/cattle/Texas/24-008749-003/2024(H5N1)	797	1135
PB1|PP755595.1|A/cattle/Texas/24-008749-003/2024(H5N1)	798	1132
PB1|PP755595.1|A/cattle/Texas/24-008749-003/2024(H5N1)	799	1136
PB1|PP755595.1|A/cattle/Texas/24-008749-003/2024(H5N1)	800	1136
PB1|PP755595.1|A/cattle/Texas/24-008749-003/2024(H5N1)	801	1104
PB1|PP755595.1|A/cattle/Texas/24-008749-003/2024(H5N1)	802	1123
PB1|PP755595.1|A/cattle/Texas/24-008749-003/2024(H5N1)	803	1184
PB1|PP755595.1|A/cattle/Texas/24-008749-003/2024(H5N1)	804	1203
PB1|PP755595.1|A/cattle/Texas/24-008749-003/2024(H5N1)	805	1208
PB1|PP755595.1|A/cattle/Texas/24-008749-003/2024(H5N1)	806	1208
PB1|PP755595.1|A/cattle/Texas/24-008749-003/2024(H5N1)	807	1208
PB1|PP755595.1|A/cattle/Texas/24-008749-003/2024(H5N1)	808	1212
PB1|PP755595.1|A/cattle/Texas/24-008749-003/2024(H5N1)	809	1213
PB1|PP755595.1|A/cattle/Texas/24-008749-003/2024(H5N1)	810	1214
PB1|PP755595.1|A/cattle/Texas/24-008749-003/2024(H5N1)	811	1194
PB1|PP755595.1|A/cattle/Texas/24-008749-003/2024(H5N1)	812	1131
PB1|PP755595.1|A/cattle/Texas/24-008749-003/2024(H5N1)	813	1145
PB1|PP755595.1|A/cattle/Texas/24-008749-003/2024(H5N1)	814	1141
PB1|PP755595.1|A/cattle/Texas/24-008749-003/2024(H5N1)	815	1187
PB1|PP755595.1|A/cattle/Texas/24-008749-003/2024(H5N1)	816	1143
PB1|PP755595.1|A/cattle/Texas/24-008749-003/2024(H5N1)	817	1171
PB1|PP755595.1|A/cattle/Texas/24-008749-003/2024(H5N1)	818	1175
PB1|PP755595.1|A/cattle/Texas/24-008749-003/2024(H5N1)	819	1178
PB1|PP755595.1|A/cattle/Texas/24-008749-003/2024(H5N1)	820	1181
PB1|PP755595.1|A/cattle/Texas/24-008749-003/2024(H5N1)	821	1231
PB1|PP755595.1|A/cattle/Texas/24-008749-003/2024(H5N1)	822	1214
PB1|PP755595.1|A/cattle/Texas/24-008749-003/2024(H5N1)	823	1190
PB1|PP755595.1|A/cattle/Texas/24-008749-003/2024(H5N1)	824	1220
PB1|PP755595.1|A/cattle/Texas/24-008749-003/2024(H5N1)	825	1218
PB1|PP755595.1|A/cattle/Texas/24-008749-003/2024(H5N1)	826	1244
PB1|PP755595.1|A/cattle/Texas/24-008749-003/2024(H5N1)	827	1260
PB1|PP755595.1|A/cattle/Texas/24-008749-003/2024(H5N1)	828	1262
PB1|PP755595.1|A/cattle/Texas/24-008749-003/2024(H5N1)	829	1265
PB1|PP755595.1|A/cattle/Texas/24-008749-003/2024(H5N1)	830	1267
PB1|PP755595.1|A/cattle/Texas/24-008749-003/2024(H5N1)	831	1249
PB1|PP755595.1|A/cattle/Texas/24-008749-003/2024(H5N1)	832	1290
PB1|PP755595.1|A/cattle/Texas/24-008749-003/2024(H5N1)	833	1290
PB1|PP755595.1|A/cattle/Texas/24-008749-003/2024(H5N1)	834	1290
PB1|PP755595.1|A/cattle/Texas/24-008749-003/2024(H5N1)	835	1304
PB1|PP755595.1|A/cattle/Texas/24-008749-003/2024(H5N1)	836	1314
PB1|PP755595.1|A/cattle/Texas/24-008749-003/2024(H5N1)	837	1312
PB1|PP755595.1|A/cattle/Texas/24-008749-003/2024(H5N1)	838	1309
PB1|PP755595.1|A/cattle/Texas/24-008749-003/2024(H5N1)	839	1301
PB1|PP755595.1|A/cattle/Texas/24-008749-003/2024(H5N1)	840	1211
PB1|PP755595.1|A/cattle/Texas/24-008749-003/2024(H5N1)	841	1220
PB1|PP755595.1|A/cattle/Texas/24-008749-003/2024(H5N1)	842	1220
PB1|PP755595.1|A/cattle/Texas/24-008749-003/2024(H5N1)	843	1220
PB1|PP755595.1|A/cattle/Texas/24-008749-003/2024(H5N1)	844	1220
PB1|PP755595.1|A/cattle/Texas/24-008749-003/2024(H5N1)	845	1222
PB1|PP755595.1|A/cattle/Texas/24-008749-003/2024(H5N1)	846	1260
PB1|PP755595.1|A/cattle/Texas/24-008749-003/2024(H5N1)	847	1355
PB1|PP755595.1|A/cattle/Texas/24-008749-003/2024(H5N1)	848	1359
PB1|PP755595.1|A/cattle/Texas/24-008749-003/2024(H5N1)	849	1365
PB1|PP755595.1|A/cattle/Texas/24-008749-003/2024(H5N1)	850	1370
PB1|PP755595.1|A/cattle/Texas/24-008749-003/2024(H5N1)	851	1370
PB1|PP755595.1|A/cattle/Texas/24-008749-003/2024(H5N1)	852	1373
PB1|PP755595.1|A/cattle/Texas/24-008749-003/2024(H5N1)	853	1381
PB1|PP755595.1|A/cattle/Texas/24-008749-003/2024(H5N1)	854	1493
PB1|PP755595.1|A/cattle/Texas/24-008749-003/2024(H5N1)	855	1493
PB1|PP755595.1|A/cattle/Texas/24-008749-003/2024(H5N1)	856	1494
PB1|PP755595.1|A/cattle/Texas/24-008749-003/2024(H5N1)	857	1493
PB1|PP755595.1|A/cattle/Texas/24-008749-003/2024(H5N1)	858	1494
PB1|PP755595.1|A/cattle/Texas/24-008749-003/2024(H5N1)	859	1496
PB1|PP755595.1|A/cattle/Texas/24-008749-003/2024(H5N1)	860	1511
PB1|PP755595.1|A/cattle/Texas/24-008749-003/2024(H5N1)	861	1516
PB1|PP755595.1|A/cattle/Texas/24-008749-003/2024(H5N1)	862	1512
PB1|PP755595.1|A/cattle/Texas/24-008749-003/2024(H5N1)	863	1516
PB1|PP755595.1|A/cattle/Texas/24-008749-003/2024(H5N1)	864	1588
PB1|PP755595.1|A/cattle/Texas/24-008749-003/2024(H5N1)	865	1593
PB1|PP755595.1|A/cattle/Texas/24-008749-003/2024(H5N1)	866	1602
PB1|PP755595.1|A/cattle/Texas/24-008749-003/2024(H5N1)	867	1602
PB1|PP755595.1|A/cattle/Texas/24-008749-003/2024(H5N1)	868	1602
PB1|PP755595.1|A/cattle/Texas/24-008749-003/2024(H5N1)	869	1611
PB1|PP755595.1|A/cattle/Texas/24-008749-003/2024(H5N1)	870	1627
PB1|PP755595.1|A/cattle/Texas/24-008749-003/2024(H5N1)	871	1681
PB1|PP755595.1|A/cattle/Texas/24-008749-003/2024(H5N1)	872	1653
PB1|PP755595.1|A/cattle/Texas/24-008749-003/2024(H5N1)	873	1649
PB1|PP755595.1|A/cattle/Texas/24-008749-003/2024(H5N1)	874	1648
PB1|PP755595.1|A/cattle/Texas/24-008749-003/2024(H5N1)	875	1645
PB1|PP755595.1|A/cattle/Texas/24-008749-003/2024(H5N1)	876	1542
PB1|PP755595.1|A/cattle/Texas/24-008749-003/2024(H5N1)	877	1578
PB1|PP755595.1|A/cattle/Texas/24-008749-003/2024(H5N1)	878	1609
PB1|PP755595.1|A/cattle/Texas/24-008749-003/2024(H5N1)	879	1679
PB1|PP755595.1|A/cattle/Texas/24-008749-003/2024(H5N1)	880	1787
PB1|PP755595.1|A/cattle/Texas/24-008749-003/2024(H5N1)	881	1790
PB1|PP755595.1|A/cattle/Texas/24-008749-003/2024(H5N1)	882	1796
PB1|PP755595.1|A/cattle/Texas/24-008749-003/2024(H5N1)	883	1800
PB1|PP755595.1|A/cattle/Texas/24-008749-003/2024(H5N1)	884	1976
PB1|PP755595.1|A/cattle/Texas/24-008749-003/2024(H5N1)	885	1978
PB1|PP755595.1|A/cattle/Texas/24-008749-003/2024(H5N1)	886	1989
PB1|PP755595.1|A/cattle/Texas/24-008749-003/2024(H5N1)	887	1989
PB1|PP755595.1|A/cattle/Texas/24-008749-003/2024(H5N1)	888	1989
PB1|PP755595.1|A/cattle/Texas/24-008749-003/2024(H5N1)	889	2075
PB1|PP755595.1|A/cattle/Texas/24-008749-003/2024(H5N1)	890	2079
PB1|PP755595.1|A/cattle/Texas/24-008749-003/2024(H5N1)	891	2086
PB1|PP755595.1|A/cattle/Texas/24-008749-003/2024(H5N1)	892	2016
PB1|PP755595.1|A/cattle/Texas/24-008749-003/2024(H5N1)	893	1962
PB1|PP755595.1|A/cattle/Texas/24-008749-003/2024(H5N1)	894	2009
PB1|PP755595.1|A/cattle/Texas/24-008749-003/2024(H5N1)	895	2007
PB1|PP755595.1|A/cattle/Texas/24-008749-003/2024(H5N1)	896	2018
PB1|PP755595.1|A/cattle/Texas/24-008749-003/2024(H5N1)	897	1946
PB1|PP755595.1|A/cattle/Texas/24-008749-003/2024(H5N1)	898	1947
PB1|PP755595.1|A/cattle/Texas/24-008749-003/2024(H5N1)	899	1948
PB1|PP755595.1|A/cattle/Texas/24-008749-003/2024(H5N1)	900	1950
PB1|PP755595.1|A/cattle/Texas/24-008749-003/2024(H5N1)	901	1950
PB1|PP755595.1|A/cattle/Texas/24-008749-003/2024(H5N1)	902	1960
PB1|PP755595.1|A/cattle/Texas/24-008749-003/2024(H5N1)	903	1952
PB1|PP755595.1|A/cattle/Texas/24-008749-003/2024(H5N1)	904	1952
PB1|PP755595.1|A/cattle/Texas/24-008749-003/2024(H5N1)	905	1945
PB1|PP755595.1|A/cattle/Texas/24-008749-003/2024(H5N1)	906	1848
PB1|PP755595.1|A/cattle/Texas/24-008749-003/2024(H5N1)	907	1853
PB1|PP755595.1|A/cattle/Texas/24-008749-003/2024(H5N1)	908	1861
PB1|PP755595.1|A/cattle/Texas/24-008749-003/2024(H5N1)	909	1862
PB1|PP755595.1|A/cattle/Texas/24-008749-003/2024(H5N1)	910	1891
PB1|PP755595.1|A/cattle/Texas/24-008749-003/2024(H5N1)	911	1892
PB1|PP755595.1|A/cattle/Texas/24-008749-003/2024(H5N1)	912	1944
PB1|PP755595.1|A/cattle/Texas/24-008749-003/2024(H5N1)	913	1954
PB1|PP755595.1|A/cattle/Texas/24-008749-003/2024(H5N1)	914	1984
PB1|PP755595.1|A/cattle/Texas/24-008749-003/2024(H5N1)	915	1988
PB1|PP755595.1|A/cattle/Texas/24-008749-003/2024(H5N1)	916	1994
PB1|PP755595.1|A/cattle/Texas/24-008749-003/2024(H5N1)	917	2277
PB1|PP755595.1|A/cattle/Texas/24-008749-003/2024(H5N1)	918	2423
PB1|PP755595.1|A/cattle/Texas/24-008749-003/2024(H5N1)	919	2425
PB1|PP755595.1|A/cattle/Texas/24-008749-003/2024(H5N1)	920	2431
PB1|PP755595.1|A/cattle/Texas/24-008749-003/2024(H5N1)	921	2429
PB1|PP755595.1|A/cattle/Texas/24-008749-003/2024(H5N1)	922	2439
PB1|PP755595.1|A/cattle/Texas/24-008749-003/2024(H5N1)	923	2442
PB1|PP755595.1|A/cattle/Texas/24-008749-003/2024(H5N1)	924	2448
PB1|PP755595.1|A/cattle/Texas/24-008749-003/2024(H5N1)	925	2421
PB1|PP755595.1|A/cattle/Texas/24-008749-003/2024(H5N1)	926	2386
PB1|PP755595.1|A/cattle/Texas/24-008749-003/2024(H5N1)	927	2409
PB1|PP755595.1|A/cattle/Texas/24-008749-003/2024(H5N1)	928	2414
PB1|PP755595.1|A/cattle/Texas/24-008749-003/2024(H5N1)	929	2415
PB1|PP755595.1|A/cattle/Texas/24-008749-003/2024(H5N1)	930	2418
PB1|PP755595.1|A/cattle/Texas/24-008749-003/2024(H5N1)	931	2394
PB1|PP755595.1|A/cattle/Texas/24-008749-003/2024(H5N1)	932	2394
PB1|PP755595.1|A/cattle/Texas/24-008749-003/2024(H5N1)	933	2402
PB1|PP755595.1|A/cattle/Texas/24-008749-003/2024(H5N1)	934	2427
PB1|PP755595.1|A/cattle/Texas/24-008749-003/2024(H5N1)	935	2426
PB1|PP755595.1|A/cattle/Texas/24-008749-003/2024(H5N1)	936	2403
PB1|PP755595.1|A/cattle/Texas/24-008749-003/2024(H5N1)	937	2403
PB1|PP755595.1|A/cattle/Texas/24-008749-003/2024(H5N1)	938	2404
PB1|PP755595.1|A/cattle/Texas/24-008749-003/2024(H5N1)	939	2400
PB1|PP755595.1|A/cattle/Texas/24-008749-003/2024(H5N1)	940	2426
PB1|PP755595.1|A/cattle/Texas/24-008749-003/2024(H5N1)	941	2431
PB1|PP755595.1|A/cattle/Texas/24-008749-003/2024(H5N1)	942	2423
PB1|PP755595.1|A/cattle/Texas/24-008749-003/2024(H5N1)	943	2435
PB1|PP755595.1|A/cattle/Texas/24-008749-003/2024(H5N1)	944	2422
PB1|PP755595.1|A/cattle/Texas/24-008749-003/2024(H5N1)	945	2442
PB1|PP755595.1|A/cattle/Texas/24-008749-003/2024(H5N1)	946	2441
PB1|PP755595.1|A/cattle/Texas/24-008749-003/2024(H5N1)	947	2443
PB1|PP755595.1|A/cattle/Texas/24-008749-003/2024(H5N1)	948	2466
PB1|PP755595.1|A/cattle/Texas/24-008749-003/2024(H5N1)	949	2467
PB1|PP755595.1|A/cattle/Texas/24-008749-003/2024(H5N1)	950	2463
PB1|PP755595.1|A/cattle/Texas/24-008749-003/2024(H5N1)	951	2476
PB1|PP755595.1|A/cattle/Texas/24-008749-003/2024(H5N1)	952	2459
PB1|PP755595.1|A/cattle/Texas/24-008749-003/2024(H5N1)	953	2459
PB1|PP755595.1|A/cattle/Texas/24-008749-003/2024(H5N1)	954	2400
PB1|PP755595.1|A/cattle/Texas/24-008749-003/2024(H5N1)	955	2415
PB1|PP755595.1|A/cattle/Texas/24-008749-003/2024(H5N1)	956	2427
PB1|PP755595.1|A/cattle/Texas/24-008749-003/2024(H5N1)	957	2430
PB1|PP755595.1|A/cattle/Texas/24-008749-003/2024(H5N1)	958	2432
PB1|PP755595.1|A/cattle/Texas/24-008749-003/2024(H5N1)	959	2429
PB1|PP755595.1|A/cattle/Texas/24-008749-003/2024(H5N1)	960	2421
PB1|PP755595.1|A/cattle/Texas/24-008749-003/2024(H5N1)	961	2431
PB1|PP755595.1|A/cattle/Texas/24-008749-003/2024(H5N1)	962	2450
PB1|PP755595.1|A/cattle/Texas/24-008749-003/2024(H5N1)	963	2467
PB1|PP755595.1|A/cattle/Texas/24-008749-003/2024(H5N1)	964	2458
PB1|PP755595.1|A/cattle/Texas/24-008749-003/2024(H5N1)	965	2458
PB1|PP755595.1|A/cattle/Texas/24-008749-003/2024(H5N1)	966	2409
PB1|PP755595.1|A/cattle/Texas/24-008749-003/2024(H5N1)	967	2408
PB1|PP755595.1|A/cattle/Texas/24-008749-003/2024(H5N1)	968	2388
PB1|PP755595.1|A/cattle/Texas/24-008749-003/2024(H5N1)	969	2388
PB1|PP755595.1|A/cattle/Texas/24-008749-003/2024(H5N1)	970	2384
PB1|PP755595.1|A/cattle/Texas/24-008749-003/2024(H5N1)	971	2327
PB1|PP755595.1|A/cattle/Texas/24-008749-003/2024(H5N1)	972	2235
PB1|PP755595.1|A/cattle/Texas/24-008749-003/2024(H5N1)	973	2181
PB1|PP755595.1|A/cattle/Texas/24-008749-003/2024(H5N1)	974	2172
PB1|PP755595.1|A/cattle/Texas/24-008749-003/2024(H5N1)	975	2160
PB1|PP755595.1|A/cattle/Texas/24-008749-003/2024(H5N1)	976	2250
PB1|PP755595.1|A/cattle/Texas/24-008749-003/2024(H5N1)	977	2249
PB1|PP755595.1|A/cattle/Texas/24-008749-003/2024(H5N1)	978	2236
PB1|PP755595.1|A/cattle/Texas/24-008749-003/2024(H5N1)	979	2234
PB1|PP755595.1|A/cattle/Texas/24-008749-003/2024(H5N1)	980	2229
PB1|PP755595.1|A/cattle/Texas/24-008749-003/2024(H5N1)	981	2182
PB1|PP755595.1|A/cattle/Texas/24-008749-003/2024(H5N1)	982	2217
PB1|PP755595.1|A/cattle/Texas/24-008749-003/2024(H5N1)	983	2218
PB1|PP755595.1|A/cattle/Texas/24-008749-003/2024(H5N1)	984	2241
PB1|PP755595.1|A/cattle/Texas/24-008749-003/2024(H5N1)	985	2238
PB1|PP755595.1|A/cattle/Texas/24-008749-003/2024(H5N1)	986	2237
PB1|PP755595.1|A/cattle/Texas/24-008749-003/2024(H5N1)	987	2234
PB1|PP755595.1|A/cattle/Texas/24-008749-003/2024(H5N1)	988	2247
PB1|PP755595.1|A/cattle/Texas/24-008749-003/2024(H5N1)	989	2241
PB1|PP755595.1|A/cattle/Texas/24-008749-003/2024(H5N1)	990	2218
PB1|PP755595.1|A/cattle/Texas/24-008749-003/2024(H5N1)	991	2223
PB1|PP755595.1|A/cattle/Texas/24-008749-003/2024(H5N1)	992	2223
PB1|PP755595.1|A/cattle/Texas/24-008749-003/2024(H5N1)	993	2223
PB1|PP755595.1|A/cattle/Texas/24-008749-003/2024(H5N1)	994	2211
PB1|PP755595.1|A/cattle/Texas/24-008749-003/2024(H5N1)	995	2199
PB1|PP755595.1|A/cattle/Texas/24-008749-003/2024(H5N1)	996	2196
PB1|PP755595.1|A/cattle/Texas/24-008749-003/2024(H5N1)	997	2147
PB1|PP755595.1|A/cattle/Texas/24-008749-003/2024(H5N1)	998	2145
PB1|PP755595.1|A/cattle/Texas/24-008749-003/2024(H5N1)	999	2123
PB1|PP755595.1|A/cattle/Texas/24-008749-003/2024(H5N1)	1000	2116
PB1|PP755595.1|A/cattle/Texas/24-008749-003/2024(H5N1)	1001	2114
PB1|PP755595.1|A/cattle/Texas/24-008749-003/2024(H5N1)	1002	2114
PB1|PP755595.1|A/cattle/Texas/24-008749-003/2024(H5N1)	1003	2202
PB1|PP755595.1|A/cattle/Texas/24-008749-003/2024(H5N1)	1004	2202
PB1|PP755595.1|A/cattle/Texas/24-008749-003/2024(H5N1)	1005	2075
PB1|PP755595.1|A/cattle/Texas/24-008749-003/2024(H5N1)	1006	2075
PB1|PP755595.1|A/cattle/Texas/24-008749-003/2024(H5N1)	1007	2075
PB1|PP755595.1|A/cattle/Texas/24-008749-003/2024(H5N1)	1008	2074
PB1|PP755595.1|A/cattle/Texas/24-008749-003/2024(H5N1)	1009	2178
PB1|PP755595.1|A/cattle/Texas/24-008749-003/2024(H5N1)	1010	2168
PB1|PP755595.1|A/cattle/Texas/24-008749-003/2024(H5N1)	1011	2155
PB1|PP755595.1|A/cattle/Texas/24-008749-003/2024(H5N1)	1012	2154
PB1|PP755595.1|A/cattle/Texas/24-008749-003/2024(H5N1)	1013	2154
PB1|PP755595.1|A/cattle/Texas/24-008749-003/2024(H5N1)	1014	2148
PB1|PP755595.1|A/cattle/Texas/24-008749-003/2024(H5N1)	1015	2128
PB1|PP755595.1|A/cattle/Texas/24-008749-003/2024(H5N1)	1016	2123
PB1|PP755595.1|A/cattle/Texas/24-008749-003/2024(H5N1)	1017	2101
PB1|PP755595.1|A/cattle/Texas/24-008749-003/2024(H5N1)	1018	2101
PB1|PP755595.1|A/cattle/Texas/24-008749-003/2024(H5N1)	1019	2101
PB1|PP755595.1|A/cattle/Texas/24-008749-003/2024(H5N1)	1020	2077
PB1|PP755595.1|A/cattle/Texas/24-008749-003/2024(H5N1)	1021	2192
PB1|PP755595.1|A/cattle/Texas/24-008749-003/2024(H5N1)	1022	2161
PB1|PP755595.1|A/cattle/Texas/24-008749-003/2024(H5N1)	1023	2166
PB1|PP755595.1|A/cattle/Texas/24-008749-003/2024(H5N1)	1024	2177
PB1|PP755595.1|A/cattle/Texas/24-008749-003/2024(H5N1)	1025	2178
PB1|PP755595.1|A/cattle/Texas/24-008749-003/2024(H5N1)	1026	2168
PB1|PP755595.1|A/cattle/Texas/24-008749-003/2024(H5N1)	1027	2162
PB1|PP755595.1|A/cattle/Texas/24-008749-003/2024(H5N1)	1028	2117
PB1|PP755595.1|A/cattle/Texas/24-008749-003/2024(H5N1)	1029	2093
PB1|PP755595.1|A/cattle/Texas/24-008749-003/2024(H5N1)	1030	2004
PB1|PP755595.1|A/cattle/Texas/24-008749-003/2024(H5N1)	1031	1903
PB1|PP755595.1|A/cattle/Texas/24-008749-003/2024(H5N1)	1032	1894
PB1|PP755595.1|A/cattle/Texas/24-008749-003/2024(H5N1)	1033	1878
PB1|PP755595.1|A/cattle/Texas/24-008749-003/2024(H5N1)	1034	1751
PB1|PP755595.1|A/cattle/Texas/24-008749-003/2024(H5N1)	1035	1746
PB1|PP755595.1|A/cattle/Texas/24-008749-003/2024(H5N1)	1036	1787
PB1|PP755595.1|A/cattle/Texas/24-008749-003/2024(H5N1)	1037	1782
PB1|PP755595.1|A/cattle/Texas/24-008749-003/2024(H5N1)	1038	1780
PB1|PP755595.1|A/cattle/Texas/24-008749-003/2024(H5N1)	1039	1777
PB1|PP755595.1|A/cattle/Texas/24-008749-003/2024(H5N1)	1040	1711
PB1|PP755595.1|A/cattle/Texas/24-008749-003/2024(H5N1)	1041	1707
PB1|PP755595.1|A/cattle/Texas/24-008749-003/2024(H5N1)	1042	1701
PB1|PP755595.1|A/cattle/Texas/24-008749-003/2024(H5N1)	1043	1700
PB1|PP755595.1|A/cattle/Texas/24-008749-003/2024(H5N1)	1044	1698
PB1|PP755595.1|A/cattle/Texas/24-008749-003/2024(H5N1)	1045	1668
PB1|PP755595.1|A/cattle/Texas/24-008749-003/2024(H5N1)	1046	1649
PB1|PP755595.1|A/cattle/Texas/24-008749-003/2024(H5N1)	1047	1494
PB1|PP755595.1|A/cattle/Texas/24-008749-003/2024(H5N1)	1048	1490
PB1|PP755595.1|A/cattle/Texas/24-008749-003/2024(H5N1)	1049	1490
PB1|PP755595.1|A/cattle/Texas/24-008749-003/2024(H5N1)	1050	1489
PB1|PP755595.1|A/cattle/Texas/24-008749-003/2024(H5N1)	1051	1487
PB1|PP755595.1|A/cattle/Texas/24-008749-003/2024(H5N1)	1052	1487
PB1|PP755595.1|A/cattle/Texas/24-008749-003/2024(H5N1)	1053	1480
PB1|PP755595.1|A/cattle/Texas/24-008749-003/2024(H5N1)	1054	1480
PB1|PP755595.1|A/cattle/Texas/24-008749-003/2024(H5N1)	1055	1480
PB1|PP755595.1|A/cattle/Texas/24-008749-003/2024(H5N1)	1056	1480
PB1|PP755595.1|A/cattle/Texas/24-008749-003/2024(H5N1)	1057	1663
PB1|PP755595.1|A/cattle/Texas/24-008749-003/2024(H5N1)	1058	1663
PB1|PP755595.1|A/cattle/Texas/24-008749-003/2024(H5N1)	1059	1663
PB1|PP755595.1|A/cattle/Texas/24-008749-003/2024(H5N1)	1060	1663
PB1|PP755595.1|A/cattle/Texas/24-008749-003/2024(H5N1)	1061	1664
PB1|PP755595.1|A/cattle/Texas/24-008749-003/2024(H5N1)	1062	1664
PB1|PP755595.1|A/cattle/Texas/24-008749-003/2024(H5N1)	1063	1894
PB1|PP755595.1|A/cattle/Texas/24-008749-003/2024(H5N1)	1064	1902
PB1|PP755595.1|A/cattle/Texas/24-008749-003/2024(H5N1)	1065	1904
PB1|PP755595.1|A/cattle/Texas/24-008749-003/2024(H5N1)	1066	1906
PB1|PP755595.1|A/cattle/Texas/24-008749-003/2024(H5N1)	1067	1906
PB1|PP755595.1|A/cattle/Texas/24-008749-003/2024(H5N1)	1068	1664
PB1|PP755595.1|A/cattle/Texas/24-008749-003/2024(H5N1)	1069	1534
PB1|PP755595.1|A/cattle/Texas/24-008749-003/2024(H5N1)	1070	1531
PB1|PP755595.1|A/cattle/Texas/24-008749-003/2024(H5N1)	1071	1522
PB1|PP755595.1|A/cattle/Texas/24-008749-003/2024(H5N1)	1072	1600
PB1|PP755595.1|A/cattle/Texas/24-008749-003/2024(H5N1)	1073	1597
PB1|PP755595.1|A/cattle/Texas/24-008749-003/2024(H5N1)	1074	1608
PB1|PP755595.1|A/cattle/Texas/24-008749-003/2024(H5N1)	1075	1606
PB1|PP755595.1|A/cattle/Texas/24-008749-003/2024(H5N1)	1076	1612
PB1|PP755595.1|A/cattle/Texas/24-008749-003/2024(H5N1)	1077	1592
PB1|PP755595.1|A/cattle/Texas/24-008749-003/2024(H5N1)	1078	1584
PB1|PP755595.1|A/cattle/Texas/24-008749-003/2024(H5N1)	1079	1583
PB1|PP755595.1|A/cattle/Texas/24-008749-003/2024(H5N1)	1080	1596
PB1|PP755595.1|A/cattle/Texas/24-008749-003/2024(H5N1)	1081	1612
PB1|PP755595.1|A/cattle/Texas/24-008749-003/2024(H5N1)	1082	1641
PB1|PP755595.1|A/cattle/Texas/24-008749-003/2024(H5N1)	1083	1626
PB1|PP755595.1|A/cattle/Texas/24-008749-003/2024(H5N1)	1084	1620
PB1|PP755595.1|A/cattle/Texas/24-008749-003/2024(H5N1)	1085	1617
PB1|PP755595.1|A/cattle/Texas/24-008749-003/2024(H5N1)	1086	1614
PB1|PP755595.1|A/cattle/Texas/24-008749-003/2024(H5N1)	1087	1614
PB1|PP755595.1|A/cattle/Texas/24-008749-003/2024(H5N1)	1088	1611
PB1|PP755595.1|A/cattle/Texas/24-008749-003/2024(H5N1)	1089	1608
PB1|PP755595.1|A/cattle/Texas/24-008749-003/2024(H5N1)	1090	1506
PB1|PP755595.1|A/cattle/Texas/24-008749-003/2024(H5N1)	1091	1484
PB1|PP755595.1|A/cattle/Texas/24-008749-003/2024(H5N1)	1092	1479
PB1|PP755595.1|A/cattle/Texas/24-008749-003/2024(H5N1)	1093	1518
PB1|PP755595.1|A/cattle/Texas/24-008749-003/2024(H5N1)	1094	1518
PB1|PP755595.1|A/cattle/Texas/24-008749-003/2024(H5N1)	1095	1526
PB1|PP755595.1|A/cattle/Texas/24-008749-003/2024(H5N1)	1096	1666
PB1|PP755595.1|A/cattle/Texas/24-008749-003/2024(H5N1)	1097	1735
PB1|PP755595.1|A/cattle/Texas/24-008749-003/2024(H5N1)	1098	1772
PB1|PP755595.1|A/cattle/Texas/24-008749-003/2024(H5N1)	1099	1797
PB1|PP755595.1|A/cattle/Texas/24-008749-003/2024(H5N1)	1100	1869
PB1|PP755595.1|A/cattle/Texas/24-008749-003/2024(H5N1)	1101	1868
PB1|PP755595.1|A/cattle/Texas/24-008749-003/2024(H5N1)	1102	1857
PB1|PP755595.1|A/cattle/Texas/24-008749-003/2024(H5N1)	1103	1903
PB1|PP755595.1|A/cattle/Texas/24-008749-003/2024(H5N1)	1104	1901
PB1|PP755595.1|A/cattle/Texas/24-008749-003/2024(H5N1)	1105	1903
PB1|PP755595.1|A/cattle/Texas/24-008749-003/2024(H5N1)	1106	1864
PB1|PP755595.1|A/cattle/Texas/24-008749-003/2024(H5N1)	1107	1835
PB1|PP755595.1|A/cattle/Texas/24-008749-003/2024(H5N1)	1108	1865
PB1|PP755595.1|A/cattle/Texas/24-008749-003/2024(H5N1)	1109	1869
PB1|PP755595.1|A/cattle/Texas/24-008749-003/2024(H5N1)	1110	1869
PB1|PP755595.1|A/cattle/Texas/24-008749-003/2024(H5N1)	1111	1869
PB1|PP755595.1|A/cattle/Texas/24-008749-003/2024(H5N1)	1112	1869
PB1|PP755595.1|A/cattle/Texas/24-008749-003/2024(H5N1)	1113	1848
PB1|PP755595.1|A/cattle/Texas/24-008749-003/2024(H5N1)	1114	1828
PB1|PP755595.1|A/cattle/Texas/24-008749-003/2024(H5N1)	1115	1809
PB1|PP755595.1|A/cattle/Texas/24-008749-003/2024(H5N1)	1116	1807
PB1|PP755595.1|A/cattle/Texas/24-008749-003/2024(H5N1)	1117	1781
PB1|PP755595.1|A/cattle/Texas/24-008749-003/2024(H5N1)	1118	1766
PB1|PP755595.1|A/cattle/Texas/24-008749-003/2024(H5N1)	1119	1476
PB1|PP755595.1|A/cattle/Texas/24-008749-003/2024(H5N1)	1120	1476
PB1|PP755595.1|A/cattle/Texas/24-008749-003/2024(H5N1)	1121	1476
PB1|PP755595.1|A/cattle/Texas/24-008749-003/2024(H5N1)	1122	1476
PB1|PP755595.1|A/cattle/Texas/24-008749-003/2024(H5N1)	1123	1476
PB1|PP755595.1|A/cattle/Texas/24-008749-003/2024(H5N1)	1124	1476
PB1|PP755595.1|A/cattle/Texas/24-008749-003/2024(H5N1)	1125	1476
PB1|PP755595.1|A/cattle/Texas/24-008749-003/2024(H5N1)	1126	1476
PB1|PP755595.1|A/cattle/Texas/24-008749-003/2024(H5N1)	1127	1476
PB1|PP755595.1|A/cattle/Texas/24-008749-003/2024(H5N1)	1128	1476
PB1|PP755595.1|A/cattle/Texas/24-008749-003/2024(H5N1)	1129	1476
PB1|PP755595.1|A/cattle/Texas/24-008749-003/2024(H5N1)	1130	1476
PB1|PP755595.1|A/cattle/Texas/24-008749-003/2024(H5N1)	1131	1461
PB1|PP755595.1|A/cattle/Texas/24-008749-003/2024(H5N1)	1132	1476
PB1|PP755595.1|A/cattle/Texas/24-008749-003/2024(H5N1)	1133	1476
PB1|PP755595.1|A/cattle/Texas/24-008749-003/2024(H5N1)	1134	1481
PB1|PP755595.1|A/cattle/Texas/24-008749-003/2024(H5N1)	1135	2172
PB1|PP755595.1|A/cattle/Texas/24-008749-003/2024(H5N1)	1136	2172
PB1|PP755595.1|A/cattle/Texas/24-008749-003/2024(H5N1)	1137	2186
PB1|PP755595.1|A/cattle/Texas/24-008749-003/2024(H5N1)	1138	2200
PB1|PP755595.1|A/cattle/Texas/24-008749-003/2024(H5N1)	1139	2215
PB1|PP755595.1|A/cattle/Texas/24-008749-003/2024(H5N1)	1140	2223
PB1|PP755595.1|A/cattle/Texas/24-008749-003/2024(H5N1)	1141	2223
PB1|PP755595.1|A/cattle/Texas/24-008749-003/2024(H5N1)	1142	2229
PB1|PP755595.1|A/cattle/Texas/24-008749-003/2024(H5N1)	1143	2241
PB1|PP755595.1|A/cattle/Texas/24-008749-003/2024(H5N1)	1144	2241
PB1|PP755595.1|A/cattle/Texas/24-008749-003/2024(H5N1)	1145	2252
PB1|PP755595.1|A/cattle/Texas/24-008749-003/2024(H5N1)	1146	2254
PB1|PP755595.1|A/cattle/Texas/24-008749-003/2024(H5N1)	1147	2268
PB1|PP755595.1|A/cattle/Texas/24-008749-003/2024(H5N1)	1148	2268
PB1|PP755595.1|A/cattle/Texas/24-008749-003/2024(H5N1)	1149	2277
PB1|PP755595.1|A/cattle/Texas/24-008749-003/2024(H5N1)	1150	2280
PB1|PP755595.1|A/cattle/Texas/24-008749-003/2024(H5N1)	1151	2311
PB1|PP755595.1|A/cattle/Texas/24-008749-003/2024(H5N1)	1152	2313
PB1|PP755595.1|A/cattle/Texas/24-008749-003/2024(H5N1)	1153	2316
PB1|PP755595.1|A/cattle/Texas/24-008749-003/2024(H5N1)	1154	2323
PB1|PP755595.1|A/cattle/Texas/24-008749-003/2024(H5N1)	1155	2322
PB1|PP755595.1|A/cattle/Texas/24-008749-003/2024(H5N1)	1156	2312
PB1|PP755595.1|A/cattle/Texas/24-008749-003/2024(H5N1)	1157	2261
PB1|PP755595.1|A/cattle/Texas/24-008749-003/2024(H5N1)	1158	2274
PB1|PP755595.1|A/cattle/Texas/24-008749-003/2024(H5N1)	1159	2285
PB1|PP755595.1|A/cattle/Texas/24-008749-003/2024(H5N1)	1160	2285
PB1|PP755595.1|A/cattle/Texas/24-008749-003/2024(H5N1)	1161	2285
PB1|PP755595.1|A/cattle/Texas/24-008749-003/2024(H5N1)	1162	2299
PB1|PP755595.1|A/cattle/Texas/24-008749-003/2024(H5N1)	1163	2306
PB1|PP755595.1|A/cattle/Texas/24-008749-003/2024(H5N1)	1164	2253
PB1|PP755595.1|A/cattle/Texas/24-008749-003/2024(H5N1)	1165	2253
PB1|PP755595.1|A/cattle/Texas/24-008749-003/2024(H5N1)	1166	2251
PB1|PP755595.1|A/cattle/Texas/24-008749-003/2024(H5N1)	1167	1997
PB1|PP755595.1|A/cattle/Texas/24-008749-003/2024(H5N1)	1168	1997
PB1|PP755595.1|A/cattle/Texas/24-008749-003/2024(H5N1)	1169	1997
PB1|PP755595.1|A/cattle/Texas/24-008749-003/2024(H5N1)	1170	1997
PB1|PP755595.1|A/cattle/Texas/24-008749-003/2024(H5N1)	1171	2005
PB1|PP755595.1|A/cattle/Texas/24-008749-003/2024(H5N1)	1172	2014
PB1|PP755595.1|A/cattle/Texas/24-008749-003/2024(H5N1)	1173	2035
PB1|PP755595.1|A/cattle/Texas/24-008749-003/2024(H5N1)	1174	2096
PB1|PP755595.1|A/cattle/Texas/24-008749-003/2024(H5N1)	1175	2096
PB1|PP755595.1|A/cattle/Texas/24-008749-003/2024(H5N1)	1176	2100
PB1|PP755595.1|A/cattle/Texas/24-008749-003/2024(H5N1)	1177	2100
PB1|PP755595.1|A/cattle/Texas/24-008749-003/2024(H5N1)	1178	2139
PB1|PP755595.1|A/cattle/Texas/24-008749-003/2024(H5N1)	1179	2153
PB1|PP755595.1|A/cattle/Texas/24-008749-003/2024(H5N1)	1180	2225
PB1|PP755595.1|A/cattle/Texas/24-008749-003/2024(H5N1)	1181	2241
PB1|PP755595.1|A/cattle/Texas/24-008749-003/2024(H5N1)	1182	2247
PB1|PP755595.1|A/cattle/Texas/24-008749-003/2024(H5N1)	1183	2377
PB1|PP755595.1|A/cattle/Texas/24-008749-003/2024(H5N1)	1184	2396
PB1|PP755595.1|A/cattle/Texas/24-008749-003/2024(H5N1)	1185	2461
PB1|PP755595.1|A/cattle/Texas/24-008749-003/2024(H5N1)	1186	2488
PB1|PP755595.1|A/cattle/Texas/24-008749-003/2024(H5N1)	1187	2491
PB1|PP755595.1|A/cattle/Texas/24-008749-003/2024(H5N1)	1188	2496
PB1|PP755595.1|A/cattle/Texas/24-008749-003/2024(H5N1)	1189	2504
PB1|PP755595.1|A/cattle/Texas/24-008749-003/2024(H5N1)	1190	2507
PB1|PP755595.1|A/cattle/Texas/24-008749-003/2024(H5N1)	1191	2541
PB1|PP755595.1|A/cattle/Texas/24-008749-003/2024(H5N1)	1192	2541
PB1|PP755595.1|A/cattle/Texas/24-008749-003/2024(H5N1)	1193	2485
PB1|PP755595.1|A/cattle/Texas/24-008749-003/2024(H5N1)	1194	2478
PB1|PP755595.1|A/cattle/Texas/24-008749-003/2024(H5N1)	1195	2480
PB1|PP755595.1|A/cattle/Texas/24-008749-003/2024(H5N1)	1196	2480
PB1|PP755595.1|A/cattle/Texas/24-008749-003/2024(H5N1)	1197	2382
PB1|PP755595.1|A/cattle/Texas/24-008749-003/2024(H5N1)	1198	2382
PB1|PP755595.1|A/cattle/Texas/24-008749-003/2024(H5N1)	1199	2388
PB1|PP755595.1|A/cattle/Texas/24-008749-003/2024(H5N1)	1200	2389
PB1|PP755595.1|A/cattle/Texas/24-008749-003/2024(H5N1)	1201	2584
PB1|PP755595.1|A/cattle/Texas/24-008749-003/2024(H5N1)	1202	2600
PB1|PP755595.1|A/cattle/Texas/24-008749-003/2024(H5N1)	1203	2625
PB1|PP755595.1|A/cattle/Texas/24-008749-003/2024(H5N1)	1204	2629
PB1|PP755595.1|A/cattle/Texas/24-008749-003/2024(H5N1)	1205	2681
PB1|PP755595.1|A/cattle/Texas/24-008749-003/2024(H5N1)	1206	2694
PB1|PP755595.1|A/cattle/Texas/24-008749-003/2024(H5N1)	1207	2703
PB1|PP755595.1|A/cattle/Texas/24-008749-003/2024(H5N1)	1208	2700
PB1|PP755595.1|A/cattle/Texas/24-008749-003/2024(H5N1)	1209	2457
PB1|PP755595.1|A/cattle/Texas/24-008749-003/2024(H5N1)	1210	2456
PB1|PP755595.1|A/cattle/Texas/24-008749-003/2024(H5N1)	1211	2590
PB1|PP755595.1|A/cattle/Texas/24-008749-003/2024(H5N1)	1212	2607
PB1|PP755595.1|A/cattle/Texas/24-008749-003/2024(H5N1)	1213	2619
PB1|PP755595.1|A/cattle/Texas/24-008749-003/2024(H5N1)	1214	2629
PB1|PP755595.1|A/cattle/Texas/24-008749-003/2024(H5N1)	1215	2634
PB1|PP755595.1|A/cattle/Texas/24-008749-003/2024(H5N1)	1216	2643
PB1|PP755595.1|A/cattle/Texas/24-008749-003/2024(H5N1)	1217	2663
PB1|PP755595.1|A/cattle/Texas/24-008749-003/2024(H5N1)	1218	2664
PB1|PP755595.1|A/cattle/Texas/24-008749-003/2024(H5N1)	1219	2671
PB1|PP755595.1|A/cattle/Texas/24-008749-003/2024(H5N1)	1220	2635
PB1|PP755595.1|A/cattle/Texas/24-008749-003/2024(H5N1)	1221	2654
PB1|PP755595.1|A/cattle/Texas/24-008749-003/2024(H5N1)	1222	2683
PB1|PP755595.1|A/cattle/Texas/24-008749-003/2024(H5N1)	1223	2690
PB1|PP755595.1|A/cattle/Texas/24-008749-003/2024(H5N1)	1224	2692
PB1|PP755595.1|A/cattle/Texas/24-008749-003/2024(H5N1)	1225	2682
PB1|PP755595.1|A/cattle/Texas/24-008749-003/2024(H5N1)	1226	2676
PB1|PP755595.1|A/cattle/Texas/24-008749-003/2024(H5N1)	1227	2670
PB1|PP755595.1|A/cattle/Texas/24-008749-003/2024(H5N1)	1228	2703
PB1|PP755595.1|A/cattle/Texas/24-008749-003/2024(H5N1)	1229	2715
PB1|PP755595.1|A/cattle/Texas/24-008749-003/2024(H5N1)	1230	2701
PB1|PP755595.1|A/cattle/Texas/24-008749-003/2024(H5N1)	1231	2706
PB1|PP755595.1|A/cattle/Texas/24-008749-003/2024(H5N1)	1232	2697
PB1|PP755595.1|A/cattle/Texas/24-008749-003/2024(H5N1)	1233	2723
PB1|PP755595.1|A/cattle/Texas/24-008749-003/2024(H5N1)	1234	2743
PB1|PP755595.1|A/cattle/Texas/24-008749-003/2024(H5N1)	1235	2786
PB1|PP755595.1|A/cattle/Texas/24-008749-003/2024(H5N1)	1236	2784
PB1|PP755595.1|A/cattle/Texas/24-008749-003/2024(H5N1)	1237	2768
PB1|PP755595.1|A/cattle/Texas/24-008749-003/2024(H5N1)	1238	2746
PB1|PP755595.1|A/cattle/Texas/24-008749-003/2024(H5N1)	1239	2743
PB1|PP755595.1|A/cattle/Texas/24-008749-003/2024(H5N1)	1240	2759
PB1|PP755595.1|A/cattle/Texas/24-008749-003/2024(H5N1)	1241	2754
PB1|PP755595.1|A/cattle/Texas/24-008749-003/2024(H5N1)	1242	2745
PB1|PP755595.1|A/cattle/Texas/24-008749-003/2024(H5N1)	1243	2790
PB1|PP755595.1|A/cattle/Texas/24-008749-003/2024(H5N1)	1244	2748
PB1|PP755595.1|A/cattle/Texas/24-008749-003/2024(H5N1)	1245	2788
PB1|PP755595.1|A/cattle/Texas/24-008749-003/2024(H5N1)	1246	2810
PB1|PP755595.1|A/cattle/Texas/24-008749-003/2024(H5N1)	1247	2947
PB1|PP755595.1|A/cattle/Texas/24-008749-003/2024(H5N1)	1248	2885
PB1|PP755595.1|A/cattle/Texas/24-008749-003/2024(H5N1)	1249	2846
PB1|PP755595.1|A/cattle/Texas/24-008749-003/2024(H5N1)	1250	2823
PB1|PP755595.1|A/cattle/Texas/24-008749-003/2024(H5N1)	1251	2738
PB1|PP755595.1|A/cattle/Texas/24-008749-003/2024(H5N1)	1252	2737
PB1|PP755595.1|A/cattle/Texas/24-008749-003/2024(H5N1)	1253	2733
PB1|PP755595.1|A/cattle/Texas/24-008749-003/2024(H5N1)	1254	2140
PB1|PP755595.1|A/cattle/Texas/24-008749-003/2024(H5N1)	1255	2136
PB1|PP755595.1|A/cattle/Texas/24-008749-003/2024(H5N1)	1256	2219
PB1|PP755595.1|A/cattle/Texas/24-008749-003/2024(H5N1)	1257	2219
PB1|PP755595.1|A/cattle/Texas/24-008749-003/2024(H5N1)	1258	2770
PB1|PP755595.1|A/cattle/Texas/24-008749-003/2024(H5N1)	1259	2788
PB1|PP755595.1|A/cattle/Texas/24-008749-003/2024(H5N1)	1260	2789
PB1|PP755595.1|A/cattle/Texas/24-008749-003/2024(H5N1)	1261	2792
PB1|PP755595.1|A/cattle/Texas/24-008749-003/2024(H5N1)	1262	2802
PB1|PP755595.1|A/cattle/Texas/24-008749-003/2024(H5N1)	1263	2802
PB1|PP755595.1|A/cattle/Texas/24-008749-003/2024(H5N1)	1264	2846
PB1|PP755595.1|A/cattle/Texas/24-008749-003/2024(H5N1)	1265	2841
PB1|PP755595.1|A/cattle/Texas/24-008749-003/2024(H5N1)	1266	2841
PB1|PP755595.1|A/cattle/Texas/24-008749-003/2024(H5N1)	1267	2851
PB1|PP755595.1|A/cattle/Texas/24-008749-003/2024(H5N1)	1268	2858
PB1|PP755595.1|A/cattle/Texas/24-008749-003/2024(H5N1)	1269	2869
PB1|PP755595.1|A/cattle/Texas/24-008749-003/2024(H5N1)	1270	2881
PB1|PP755595.1|A/cattle/Texas/24-008749-003/2024(H5N1)	1271	2882
PB1|PP755595.1|A/cattle/Texas/24-008749-003/2024(H5N1)	1272	2892
PB1|PP755595.1|A/cattle/Texas/24-008749-003/2024(H5N1)	1273	2895
PB1|PP755595.1|A/cattle/Texas/24-008749-003/2024(H5N1)	1274	2913
PB1|PP755595.1|A/cattle/Texas/24-008749-003/2024(H5N1)	1275	2916
PB1|PP755595.1|A/cattle/Texas/24-008749-003/2024(H5N1)	1276	2854
PB1|PP755595.1|A/cattle/Texas/24-008749-003/2024(H5N1)	1277	2843
PB1|PP755595.1|A/cattle/Texas/24-008749-003/2024(H5N1)	1278	2828
PB1|PP755595.1|A/cattle/Texas/24-008749-003/2024(H5N1)	1279	2839
PB1|PP755595.1|A/cattle/Texas/24-008749-003/2024(H5N1)	1280	2913
PB1|PP755595.1|A/cattle/Texas/24-008749-003/2024(H5N1)	1281	2899
PB1|PP755595.1|A/cattle/Texas/24-008749-003/2024(H5N1)	1282	2888
PB1|PP755595.1|A/cattle/Texas/24-008749-003/2024(H5N1)	1283	2888
PB1|PP755595.1|A/cattle/Texas/24-008749-003/2024(H5N1)	1284	2895
PB1|PP755595.1|A/cattle/Texas/24-008749-003/2024(H5N1)	1285	2895
PB1|PP755595.1|A/cattle/Texas/24-008749-003/2024(H5N1)	1286	2885
PB1|PP755595.1|A/cattle/Texas/24-008749-003/2024(H5N1)	1287	2914
PB1|PP755595.1|A/cattle/Texas/24-008749-003/2024(H5N1)	1288	2903
PB1|PP755595.1|A/cattle/Texas/24-008749-003/2024(H5N1)	1289	2888
PB1|PP755595.1|A/cattle/Texas/24-008749-003/2024(H5N1)	1290	2882
PB1|PP755595.1|A/cattle/Texas/24-008749-003/2024(H5N1)	1291	2885
PB1|PP755595.1|A/cattle/Texas/24-008749-003/2024(H5N1)	1292	2886
PB1|PP755595.1|A/cattle/Texas/24-008749-003/2024(H5N1)	1293	2902
PB1|PP755595.1|A/cattle/Texas/24-008749-003/2024(H5N1)	1294	2902
PB1|PP755595.1|A/cattle/Texas/24-008749-003/2024(H5N1)	1295	2907
PB1|PP755595.1|A/cattle/Texas/24-008749-003/2024(H5N1)	1296	2897
PB1|PP755595.1|A/cattle/Texas/24-008749-003/2024(H5N1)	1297	2895
PB1|PP755595.1|A/cattle/Texas/24-008749-003/2024(H5N1)	1298	2885
PB1|PP755595.1|A/cattle/Texas/24-008749-003/2024(H5N1)	1299	2886
PB1|PP755595.1|A/cattle/Texas/24-008749-003/2024(H5N1)	1300	2960
PB1|PP755595.1|A/cattle/Texas/24-008749-003/2024(H5N1)	1301	3049
PB1|PP755595.1|A/cattle/Texas/24-008749-003/2024(H5N1)	1302	3005
PB1|PP755595.1|A/cattle/Texas/24-008749-003/2024(H5N1)	1303	3026
PB1|PP755595.1|A/cattle/Texas/24-008749-003/2024(H5N1)	1304	3027
PB1|PP755595.1|A/cattle/Texas/24-008749-003/2024(H5N1)	1305	3039
PB1|PP755595.1|A/cattle/Texas/24-008749-003/2024(H5N1)	1306	3082
PB1|PP755595.1|A/cattle/Texas/24-008749-003/2024(H5N1)	1307	3079
PB1|PP755595.1|A/cattle/Texas/24-008749-003/2024(H5N1)	1308	3114
PB1|PP755595.1|A/cattle/Texas/24-008749-003/2024(H5N1)	1309	3035
PB1|PP755595.1|A/cattle/Texas/24-008749-003/2024(H5N1)	1310	3058
PB1|PP755595.1|A/cattle/Texas/24-008749-003/2024(H5N1)	1311	3073
PB1|PP755595.1|A/cattle/Texas/24-008749-003/2024(H5N1)	1312	3061
PB1|PP755595.1|A/cattle/Texas/24-008749-003/2024(H5N1)	1313	3067
PB1|PP755595.1|A/cattle/Texas/24-008749-003/2024(H5N1)	1314	3064
PB1|PP755595.1|A/cattle/Texas/24-008749-003/2024(H5N1)	1315	3071
PB1|PP755595.1|A/cattle/Texas/24-008749-003/2024(H5N1)	1316	3103
PB1|PP755595.1|A/cattle/Texas/24-008749-003/2024(H5N1)	1317	3070
PB1|PP755595.1|A/cattle/Texas/24-008749-003/2024(H5N1)	1318	3082
PB1|PP755595.1|A/cattle/Texas/24-008749-003/2024(H5N1)	1319	3069
PB1|PP755595.1|A/cattle/Texas/24-008749-003/2024(H5N1)	1320	3072
PB1|PP755595.1|A/cattle/Texas/24-008749-003/2024(H5N1)	1321	3190
PB1|PP755595.1|A/cattle/Texas/24-008749-003/2024(H5N1)	1322	3177
PB1|PP755595.1|A/cattle/Texas/24-008749-003/2024(H5N1)	1323	3153
PB1|PP755595.1|A/cattle/Texas/24-008749-003/2024(H5N1)	1324	3154
PB1|PP755595.1|A/cattle/Texas/24-008749-003/2024(H5N1)	1325	3153
PB1|PP755595.1|A/cattle/Texas/24-008749-003/2024(H5N1)	1326	3162
PB1|PP755595.1|A/cattle/Texas/24-008749-003/2024(H5N1)	1327	3158
PB1|PP755595.1|A/cattle/Texas/24-008749-003/2024(H5N1)	1328	3113
PB1|PP755595.1|A/cattle/Texas/24-008749-003/2024(H5N1)	1329	3099
PB1|PP755595.1|A/cattle/Texas/24-008749-003/2024(H5N1)	1330	3015
PB1|PP755595.1|A/cattle/Texas/24-008749-003/2024(H5N1)	1331	2917
PB1|PP755595.1|A/cattle/Texas/24-008749-003/2024(H5N1)	1332	2905
PB1|PP755595.1|A/cattle/Texas/24-008749-003/2024(H5N1)	1333	2905
PB1|PP755595.1|A/cattle/Texas/24-008749-003/2024(H5N1)	1334	2905
PB1|PP755595.1|A/cattle/Texas/24-008749-003/2024(H5N1)	1335	2886
PB1|PP755595.1|A/cattle/Texas/24-008749-003/2024(H5N1)	1336	2843
PB1|PP755595.1|A/cattle/Texas/24-008749-003/2024(H5N1)	1337	2801
PB1|PP755595.1|A/cattle/Texas/24-008749-003/2024(H5N1)	1338	2294
PB1|PP755595.1|A/cattle/Texas/24-008749-003/2024(H5N1)	1339	2289
PB1|PP755595.1|A/cattle/Texas/24-008749-003/2024(H5N1)	1340	2283
PB1|PP755595.1|A/cattle/Texas/24-008749-003/2024(H5N1)	1341	2252
PB1|PP755595.1|A/cattle/Texas/24-008749-003/2024(H5N1)	1342	2252
PB1|PP755595.1|A/cattle/Texas/24-008749-003/2024(H5N1)	1343	2252
PB1|PP755595.1|A/cattle/Texas/24-008749-003/2024(H5N1)	1344	2248
PB1|PP755595.1|A/cattle/Texas/24-008749-003/2024(H5N1)	1345	2271
PB1|PP755595.1|A/cattle/Texas/24-008749-003/2024(H5N1)	1346	2271
PB1|PP755595.1|A/cattle/Texas/24-008749-003/2024(H5N1)	1347	2333
PB1|PP755595.1|A/cattle/Texas/24-008749-003/2024(H5N1)	1348	2333
PB1|PP755595.1|A/cattle/Texas/24-008749-003/2024(H5N1)	1349	2333
PB1|PP755595.1|A/cattle/Texas/24-008749-003/2024(H5N1)	1350	2327
PB1|PP755595.1|A/cattle/Texas/24-008749-003/2024(H5N1)	1351	2361
PB1|PP755595.1|A/cattle/Texas/24-008749-003/2024(H5N1)	1352	2411
PB1|PP755595.1|A/cattle/Texas/24-008749-003/2024(H5N1)	1353	2411
PB1|PP755595.1|A/cattle/Texas/24-008749-003/2024(H5N1)	1354	2416
PB1|PP755595.1|A/cattle/Texas/24-008749-003/2024(H5N1)	1355	2417
PB1|PP755595.1|A/cattle/Texas/24-008749-003/2024(H5N1)	1356	2422
PB1|PP755595.1|A/cattle/Texas/24-008749-003/2024(H5N1)	1357	2430
PB1|PP755595.1|A/cattle/Texas/24-008749-003/2024(H5N1)	1358	2430
PB1|PP755595.1|A/cattle/Texas/24-008749-003/2024(H5N1)	1359	2419
PB1|PP755595.1|A/cattle/Texas/24-008749-003/2024(H5N1)	1360	2422
PB1|PP755595.1|A/cattle/Texas/24-008749-003/2024(H5N1)	1361	2422
PB1|PP755595.1|A/cattle/Texas/24-008749-003/2024(H5N1)	1362	2427
PB1|PP755595.1|A/cattle/Texas/24-008749-003/2024(H5N1)	1363	2653
PB1|PP755595.1|A/cattle/Texas/24-008749-003/2024(H5N1)	1364	2661
PB1|PP755595.1|A/cattle/Texas/24-008749-003/2024(H5N1)	1365	2679
PB1|PP755595.1|A/cattle/Texas/24-008749-003/2024(H5N1)	1366	2683
PB1|PP755595.1|A/cattle/Texas/24-008749-003/2024(H5N1)	1367	2684
PB1|PP755595.1|A/cattle/Texas/24-008749-003/2024(H5N1)	1368	2691
PB1|PP755595.1|A/cattle/Texas/24-008749-003/2024(H5N1)	1369	2695
PB1|PP755595.1|A/cattle/Texas/24-008749-003/2024(H5N1)	1370	2713
PB1|PP755595.1|A/cattle/Texas/24-008749-003/2024(H5N1)	1371	2722
PB1|PP755595.1|A/cattle/Texas/24-008749-003/2024(H5N1)	1372	2792
PB1|PP755595.1|A/cattle/Texas/24-008749-003/2024(H5N1)	1373	2816
PB1|PP755595.1|A/cattle/Texas/24-008749-003/2024(H5N1)	1374	2810
PB1|PP755595.1|A/cattle/Texas/24-008749-003/2024(H5N1)	1375	2954
PB1|PP755595.1|A/cattle/Texas/24-008749-003/2024(H5N1)	1376	2952
PB1|PP755595.1|A/cattle/Texas/24-008749-003/2024(H5N1)	1377	2963
PB1|PP755595.1|A/cattle/Texas/24-008749-003/2024(H5N1)	1378	2935
PB1|PP755595.1|A/cattle/Texas/24-008749-003/2024(H5N1)	1379	2947
PB1|PP755595.1|A/cattle/Texas/24-008749-003/2024(H5N1)	1380	2954
PB1|PP755595.1|A/cattle/Texas/24-008749-003/2024(H5N1)	1381	2954
PB1|PP755595.1|A/cattle/Texas/24-008749-003/2024(H5N1)	1382	3010
PB1|PP755595.1|A/cattle/Texas/24-008749-003/2024(H5N1)	1383	2992
PB1|PP755595.1|A/cattle/Texas/24-008749-003/2024(H5N1)	1384	3033
PB1|PP755595.1|A/cattle/Texas/24-008749-003/2024(H5N1)	1385	3040
PB1|PP755595.1|A/cattle/Texas/24-008749-003/2024(H5N1)	1386	3000
PB1|PP755595.1|A/cattle/Texas/24-008749-003/2024(H5N1)	1387	2999
PB1|PP755595.1|A/cattle/Texas/24-008749-003/2024(H5N1)	1388	2971
PB1|PP755595.1|A/cattle/Texas/24-008749-003/2024(H5N1)	1389	2611
PB1|PP755595.1|A/cattle/Texas/24-008749-003/2024(H5N1)	1390	2632
PB1|PP755595.1|A/cattle/Texas/24-008749-003/2024(H5N1)	1391	2603
PB1|PP755595.1|A/cattle/Texas/24-008749-003/2024(H5N1)	1392	2602
PB1|PP755595.1|A/cattle/Texas/24-008749-003/2024(H5N1)	1393	2608
PB1|PP755595.1|A/cattle/Texas/24-008749-003/2024(H5N1)	1394	2637
PB1|PP755595.1|A/cattle/Texas/24-008749-003/2024(H5N1)	1395	2880
PB1|PP755595.1|A/cattle/Texas/24-008749-003/2024(H5N1)	1396	3103
PB1|PP755595.1|A/cattle/Texas/24-008749-003/2024(H5N1)	1397	3105
PB1|PP755595.1|A/cattle/Texas/24-008749-003/2024(H5N1)	1398	3232
PB1|PP755595.1|A/cattle/Texas/24-008749-003/2024(H5N1)	1399	3233
PB1|PP755595.1|A/cattle/Texas/24-008749-003/2024(H5N1)	1400	3237
PB1|PP755595.1|A/cattle/Texas/24-008749-003/2024(H5N1)	1401	3234
PB1|PP755595.1|A/cattle/Texas/24-008749-003/2024(H5N1)	1402	3216
PB1|PP755595.1|A/cattle/Texas/24-008749-003/2024(H5N1)	1403	2981
PB1|PP755595.1|A/cattle/Texas/24-008749-003/2024(H5N1)	1404	2765
PB1|PP755595.1|A/cattle/Texas/24-008749-003/2024(H5N1)	1405	2771
PB1|PP755595.1|A/cattle/Texas/24-008749-003/2024(H5N1)	1406	2865
PB1|PP755595.1|A/cattle/Texas/24-008749-003/2024(H5N1)	1407	2784
PB1|PP755595.1|A/cattle/Texas/24-008749-003/2024(H5N1)	1408	2771
PB1|PP755595.1|A/cattle/Texas/24-008749-003/2024(H5N1)	1409	2788
PB1|PP755595.1|A/cattle/Texas/24-008749-003/2024(H5N1)	1410	2803
PB1|PP755595.1|A/cattle/Texas/24-008749-003/2024(H5N1)	1411	2806
PB1|PP755595.1|A/cattle/Texas/24-008749-003/2024(H5N1)	1412	2817
PB1|PP755595.1|A/cattle/Texas/24-008749-003/2024(H5N1)	1413	2808
PB1|PP755595.1|A/cattle/Texas/24-008749-003/2024(H5N1)	1414	2816
PB1|PP755595.1|A/cattle/Texas/24-008749-003/2024(H5N1)	1415	2766
PB1|PP755595.1|A/cattle/Texas/24-008749-003/2024(H5N1)	1416	2794
PB1|PP755595.1|A/cattle/Texas/24-008749-003/2024(H5N1)	1417	2799
PB1|PP755595.1|A/cattle/Texas/24-008749-003/2024(H5N1)	1418	2789
PB1|PP755595.1|A/cattle/Texas/24-008749-003/2024(H5N1)	1419	2764
PB1|PP755595.1|A/cattle/Texas/24-008749-003/2024(H5N1)	1420	2764
PB1|PP755595.1|A/cattle/Texas/24-008749-003/2024(H5N1)	1421	2891
PB1|PP755595.1|A/cattle/Texas/24-008749-003/2024(H5N1)	1422	2895
PB1|PP755595.1|A/cattle/Texas/24-008749-003/2024(H5N1)	1423	3016
PB1|PP755595.1|A/cattle/Texas/24-008749-003/2024(H5N1)	1424	3034
PB1|PP755595.1|A/cattle/Texas/24-008749-003/2024(H5N1)	1425	3033
PB1|PP755595.1|A/cattle/Texas/24-008749-003/2024(H5N1)	1426	3035
PB1|PP755595.1|A/cattle/Texas/24-008749-003/2024(H5N1)	1427	3055
PB1|PP755595.1|A/cattle/Texas/24-008749-003/2024(H5N1)	1428	3055
PB1|PP755595.1|A/cattle/Texas/24-008749-003/2024(H5N1)	1429	3090
PB1|PP755595.1|A/cattle/Texas/24-008749-003/2024(H5N1)	1430	2993
PB1|PP755595.1|A/cattle/Texas/24-008749-003/2024(H5N1)	1431	2987
PB1|PP755595.1|A/cattle/Texas/24-008749-003/2024(H5N1)	1432	2983
PB1|PP755595.1|A/cattle/Texas/24-008749-003/2024(H5N1)	1433	2985
PB1|PP755595.1|A/cattle/Texas/24-008749-003/2024(H5N1)	1434	2983
PB1|PP755595.1|A/cattle/Texas/24-008749-003/2024(H5N1)	1435	3024
PB1|PP755595.1|A/cattle/Texas/24-008749-003/2024(H5N1)	1436	3027
PB1|PP755595.1|A/cattle/Texas/24-008749-003/2024(H5N1)	1437	3030
PB1|PP755595.1|A/cattle/Texas/24-008749-003/2024(H5N1)	1438	3011
PB1|PP755595.1|A/cattle/Texas/24-008749-003/2024(H5N1)	1439	3005
PB1|PP755595.1|A/cattle/Texas/24-008749-003/2024(H5N1)	1440	3004
PB1|PP755595.1|A/cattle/Texas/24-008749-003/2024(H5N1)	1441	3021
PB1|PP755595.1|A/cattle/Texas/24-008749-003/2024(H5N1)	1442	3015
PB1|PP755595.1|A/cattle/Texas/24-008749-003/2024(H5N1)	1443	3122
PB1|PP755595.1|A/cattle/Texas/24-008749-003/2024(H5N1)	1444	3175
PB1|PP755595.1|A/cattle/Texas/24-008749-003/2024(H5N1)	1445	3172
PB1|PP755595.1|A/cattle/Texas/24-008749-003/2024(H5N1)	1446	3205
PB1|PP755595.1|A/cattle/Texas/24-008749-003/2024(H5N1)	1447	3221
PB1|PP755595.1|A/cattle/Texas/24-008749-003/2024(H5N1)	1448	3264
PB1|PP755595.1|A/cattle/Texas/24-008749-003/2024(H5N1)	1449	3264
PB1|PP755595.1|A/cattle/Texas/24-008749-003/2024(H5N1)	1450	3265
PB1|PP755595.1|A/cattle/Texas/24-008749-003/2024(H5N1)	1451	3208
PB1|PP755595.1|A/cattle/Texas/24-008749-003/2024(H5N1)	1452	3105
PB1|PP755595.1|A/cattle/Texas/24-008749-003/2024(H5N1)	1453	3120
PB1|PP755595.1|A/cattle/Texas/24-008749-003/2024(H5N1)	1454	3112
PB1|PP755595.1|A/cattle/Texas/24-008749-003/2024(H5N1)	1455	3104
PB1|PP755595.1|A/cattle/Texas/24-008749-003/2024(H5N1)	1456	3090
PB1|PP755595.1|A/cattle/Texas/24-008749-003/2024(H5N1)	1457	3069
PB1|PP755595.1|A/cattle/Texas/24-008749-003/2024(H5N1)	1458	3103
PB1|PP755595.1|A/cattle/Texas/24-008749-003/2024(H5N1)	1459	3108
PB1|PP755595.1|A/cattle/Texas/24-008749-003/2024(H5N1)	1460	3092
PB1|PP755595.1|A/cattle/Texas/24-008749-003/2024(H5N1)	1461	3079
PB1|PP755595.1|A/cattle/Texas/24-008749-003/2024(H5N1)	1462	3083
PB1|PP755595.1|A/cattle/Texas/24-008749-003/2024(H5N1)	1463	3134
PB1|PP755595.1|A/cattle/Texas/24-008749-003/2024(H5N1)	1464	3131
PB1|PP755595.1|A/cattle/Texas/24-008749-003/2024(H5N1)	1465	3188
PB1|PP755595.1|A/cattle/Texas/24-008749-003/2024(H5N1)	1466	3190
PB1|PP755595.1|A/cattle/Texas/24-008749-003/2024(H5N1)	1467	3165
PB1|PP755595.1|A/cattle/Texas/24-008749-003/2024(H5N1)	1468	3170
PB1|PP755595.1|A/cattle/Texas/24-008749-003/2024(H5N1)	1469	3153
PB1|PP755595.1|A/cattle/Texas/24-008749-003/2024(H5N1)	1470	3144
PB1|PP755595.1|A/cattle/Texas/24-008749-003/2024(H5N1)	1471	3134
PB1|PP755595.1|A/cattle/Texas/24-008749-003/2024(H5N1)	1472	3048
PB1|PP755595.1|A/cattle/Texas/24-008749-003/2024(H5N1)	1473	3057
PB1|PP755595.1|A/cattle/Texas/24-008749-003/2024(H5N1)	1474	3106
PB1|PP755595.1|A/cattle/Texas/24-008749-003/2024(H5N1)	1475	3097
PB1|PP755595.1|A/cattle/Texas/24-008749-003/2024(H5N1)	1476	3099
PB1|PP755595.1|A/cattle/Texas/24-008749-003/2024(H5N1)	1477	3095
PB1|PP755595.1|A/cattle/Texas/24-008749-003/2024(H5N1)	1478	3139
PB1|PP755595.1|A/cattle/Texas/24-008749-003/2024(H5N1)	1479	3139
PB1|PP755595.1|A/cattle/Texas/24-008749-003/2024(H5N1)	1480	3150
PB1|PP755595.1|A/cattle/Texas/24-008749-003/2024(H5N1)	1481	3155
PB1|PP755595.1|A/cattle/Texas/24-008749-003/2024(H5N1)	1482	3168
PB1|PP755595.1|A/cattle/Texas/24-008749-003/2024(H5N1)	1483	3171
PB1|PP755595.1|A/cattle/Texas/24-008749-003/2024(H5N1)	1484	3168
PB1|PP755595.1|A/cattle/Texas/24-008749-003/2024(H5N1)	1485	3167
PB1|PP755595.1|A/cattle/Texas/24-008749-003/2024(H5N1)	1486	3190
PB1|PP755595.1|A/cattle/Texas/24-008749-003/2024(H5N1)	1487	3184
PB1|PP755595.1|A/cattle/Texas/24-008749-003/2024(H5N1)	1488	3203
PB1|PP755595.1|A/cattle/Texas/24-008749-003/2024(H5N1)	1489	3172
PB1|PP755595.1|A/cattle/Texas/24-008749-003/2024(H5N1)	1490	3173
PB1|PP755595.1|A/cattle/Texas/24-008749-003/2024(H5N1)	1491	3186
PB1|PP755595.1|A/cattle/Texas/24-008749-003/2024(H5N1)	1492	3193
PB1|PP755595.1|A/cattle/Texas/24-008749-003/2024(H5N1)	1493	3210
PB1|PP755595.1|A/cattle/Texas/24-008749-003/2024(H5N1)	1494	3199
PB1|PP755595.1|A/cattle/Texas/24-008749-003/2024(H5N1)	1495	3200
PB1|PP755595.1|A/cattle/Texas/24-008749-003/2024(H5N1)	1496	3212
PB1|PP755595.1|A/cattle/Texas/24-008749-003/2024(H5N1)	1497	3214
PB1|PP755595.1|A/cattle/Texas/24-008749-003/2024(H5N1)	1498	3163
PB1|PP755595.1|A/cattle/Texas/24-008749-003/2024(H5N1)	1499	3235
PB1|PP755595.1|A/cattle/Texas/24-008749-003/2024(H5N1)	1500	3240
PB1|PP755595.1|A/cattle/Texas/24-008749-003/2024(H5N1)	1501	3239
PB1|PP755595.1|A/cattle/Texas/24-008749-003/2024(H5N1)	1502	3195
PB1|PP755595.1|A/cattle/Texas/24-008749-003/2024(H5N1)	1503	3158
PB1|PP755595.1|A/cattle/Texas/24-008749-003/2024(H5N1)	1504	3155
PB1|PP755595.1|A/cattle/Texas/24-008749-003/2024(H5N1)	1505	3148
PB1|PP755595.1|A/cattle/Texas/24-008749-003/2024(H5N1)	1506	2755
PB1|PP755595.1|A/cattle/Texas/24-008749-003/2024(H5N1)	1507	2760
PB1|PP755595.1|A/cattle/Texas/24-008749-003/2024(H5N1)	1508	2741
PB1|PP755595.1|A/cattle/Texas/24-008749-003/2024(H5N1)	1509	2735
PB1|PP755595.1|A/cattle/Texas/24-008749-003/2024(H5N1)	1510	2742
PB1|PP755595.1|A/cattle/Texas/24-008749-003/2024(H5N1)	1511	2746
PB1|PP755595.1|A/cattle/Texas/24-008749-003/2024(H5N1)	1512	2892
PB1|PP755595.1|A/cattle/Texas/24-008749-003/2024(H5N1)	1513	2934
PB1|PP755595.1|A/cattle/Texas/24-008749-003/2024(H5N1)	1514	2954
PB1|PP755595.1|A/cattle/Texas/24-008749-003/2024(H5N1)	1515	2958
PB1|PP755595.1|A/cattle/Texas/24-008749-003/2024(H5N1)	1516	2959
PB1|PP755595.1|A/cattle/Texas/24-008749-003/2024(H5N1)	1517	3107
PB1|PP755595.1|A/cattle/Texas/24-008749-003/2024(H5N1)	1518	3171
PB1|PP755595.1|A/cattle/Texas/24-008749-003/2024(H5N1)	1519	3181
PB1|PP755595.1|A/cattle/Texas/24-008749-003/2024(H5N1)	1520	3188
PB1|PP755595.1|A/cattle/Texas/24-008749-003/2024(H5N1)	1521	3189
PB1|PP755595.1|A/cattle/Texas/24-008749-003/2024(H5N1)	1522	3251
PB1|PP755595.1|A/cattle/Texas/24-008749-003/2024(H5N1)	1523	3233
PB1|PP755595.1|A/cattle/Texas/24-008749-003/2024(H5N1)	1524	3210
PB1|PP755595.1|A/cattle/Texas/24-008749-003/2024(H5N1)	1525	3321
PB1|PP755595.1|A/cattle/Texas/24-008749-003/2024(H5N1)	1526	3325
PB1|PP755595.1|A/cattle/Texas/24-008749-003/2024(H5N1)	1527	3367
PB1|PP755595.1|A/cattle/Texas/24-008749-003/2024(H5N1)	1528	3402
PB1|PP755595.1|A/cattle/Texas/24-008749-003/2024(H5N1)	1529	3417
PB1|PP755595.1|A/cattle/Texas/24-008749-003/2024(H5N1)	1530	3410
PB1|PP755595.1|A/cattle/Texas/24-008749-003/2024(H5N1)	1531	3322
PB1|PP755595.1|A/cattle/Texas/24-008749-003/2024(H5N1)	1532	3484
PB1|PP755595.1|A/cattle/Texas/24-008749-003/2024(H5N1)	1533	3405
PB1|PP755595.1|A/cattle/Texas/24-008749-003/2024(H5N1)	1534	3398
PB1|PP755595.1|A/cattle/Texas/24-008749-003/2024(H5N1)	1535	3398
PB1|PP755595.1|A/cattle/Texas/24-008749-003/2024(H5N1)	1536	3350
PB1|PP755595.1|A/cattle/Texas/24-008749-003/2024(H5N1)	1537	3350
PB1|PP755595.1|A/cattle/Texas/24-008749-003/2024(H5N1)	1538	3315
PB1|PP755595.1|A/cattle/Texas/24-008749-003/2024(H5N1)	1539	3368
PB1|PP755595.1|A/cattle/Texas/24-008749-003/2024(H5N1)	1540	3344
PB1|PP755595.1|A/cattle/Texas/24-008749-003/2024(H5N1)	1541	3292
PB1|PP755595.1|A/cattle/Texas/24-008749-003/2024(H5N1)	1542	3299
PB1|PP755595.1|A/cattle/Texas/24-008749-003/2024(H5N1)	1543	3320
PB1|PP755595.1|A/cattle/Texas/24-008749-003/2024(H5N1)	1544	3091
PB1|PP755595.1|A/cattle/Texas/24-008749-003/2024(H5N1)	1545	3073
PB1|PP755595.1|A/cattle/Texas/24-008749-003/2024(H5N1)	1546	3076
PB1|PP755595.1|A/cattle/Texas/24-008749-003/2024(H5N1)	1547	3099
PB1|PP755595.1|A/cattle/Texas/24-008749-003/2024(H5N1)	1548	3109
PB1|PP755595.1|A/cattle/Texas/24-008749-003/2024(H5N1)	1549	3035
PB1|PP755595.1|A/cattle/Texas/24-008749-003/2024(H5N1)	1550	3031
PB1|PP755595.1|A/cattle/Texas/24-008749-003/2024(H5N1)	1551	3066
PB1|PP755595.1|A/cattle/Texas/24-008749-003/2024(H5N1)	1552	3054
PB1|PP755595.1|A/cattle/Texas/24-008749-003/2024(H5N1)	1553	3060
PB1|PP755595.1|A/cattle/Texas/24-008749-003/2024(H5N1)	1554	3060
PB1|PP755595.1|A/cattle/Texas/24-008749-003/2024(H5N1)	1555	3053
PB1|PP755595.1|A/cattle/Texas/24-008749-003/2024(H5N1)	1556	3053
PB1|PP755595.1|A/cattle/Texas/24-008749-003/2024(H5N1)	1557	2991
PB1|PP755595.1|A/cattle/Texas/24-008749-003/2024(H5N1)	1558	2988
PB1|PP755595.1|A/cattle/Texas/24-008749-003/2024(H5N1)	1559	2970
PB1|PP755595.1|A/cattle/Texas/24-008749-003/2024(H5N1)	1560	2937
PB1|PP755595.1|A/cattle/Texas/24-008749-003/2024(H5N1)	1561	2981
PB1|PP755595.1|A/cattle/Texas/24-008749-003/2024(H5N1)	1562	2986
PB1|PP755595.1|A/cattle/Texas/24-008749-003/2024(H5N1)	1563	2981
PB1|PP755595.1|A/cattle/Texas/24-008749-003/2024(H5N1)	1564	3060
PB1|PP755595.1|A/cattle/Texas/24-008749-003/2024(H5N1)	1565	3069
PB1|PP755595.1|A/cattle/Texas/24-008749-003/2024(H5N1)	1566	3078
PB1|PP755595.1|A/cattle/Texas/24-008749-003/2024(H5N1)	1567	3085
PB1|PP755595.1|A/cattle/Texas/24-008749-003/2024(H5N1)	1568	3063
PB1|PP755595.1|A/cattle/Texas/24-008749-003/2024(H5N1)	1569	3078
PB1|PP755595.1|A/cattle/Texas/24-008749-003/2024(H5N1)	1570	3044
PB1|PP755595.1|A/cattle/Texas/24-008749-003/2024(H5N1)	1571	3085
PB1|PP755595.1|A/cattle/Texas/24-008749-003/2024(H5N1)	1572	2982
PB1|PP755595.1|A/cattle/Texas/24-008749-003/2024(H5N1)	1573	2932
PB1|PP755595.1|A/cattle/Texas/24-008749-003/2024(H5N1)	1574	2923
PB1|PP755595.1|A/cattle/Texas/24-008749-003/2024(H5N1)	1575	2905
PB1|PP755595.1|A/cattle/Texas/24-008749-003/2024(H5N1)	1576	2898
PB1|PP755595.1|A/cattle/Texas/24-008749-003/2024(H5N1)	1577	2891
PB1|PP755595.1|A/cattle/Texas/24-008749-003/2024(H5N1)	1578	2860
PB1|PP755595.1|A/cattle/Texas/24-008749-003/2024(H5N1)	1579	2861
PB1|PP755595.1|A/cattle/Texas/24-008749-003/2024(H5N1)	1580	2828
PB1|PP755595.1|A/cattle/Texas/24-008749-003/2024(H5N1)	1581	2830
PB1|PP755595.1|A/cattle/Texas/24-008749-003/2024(H5N1)	1582	2894
PB1|PP755595.1|A/cattle/Texas/24-008749-003/2024(H5N1)	1583	2920
PB1|PP755595.1|A/cattle/Texas/24-008749-003/2024(H5N1)	1584	2918
PB1|PP755595.1|A/cattle/Texas/24-008749-003/2024(H5N1)	1585	3018
PB1|PP755595.1|A/cattle/Texas/24-008749-003/2024(H5N1)	1586	3022
PB1|PP755595.1|A/cattle/Texas/24-008749-003/2024(H5N1)	1587	3022
PB1|PP755595.1|A/cattle/Texas/24-008749-003/2024(H5N1)	1588	3022
PB1|PP755595.1|A/cattle/Texas/24-008749-003/2024(H5N1)	1589	3022
PB1|PP755595.1|A/cattle/Texas/24-008749-003/2024(H5N1)	1590	3020
PB1|PP755595.1|A/cattle/Texas/24-008749-003/2024(H5N1)	1591	3027
PB1|PP755595.1|A/cattle/Texas/24-008749-003/2024(H5N1)	1592	3003
PB1|PP755595.1|A/cattle/Texas/24-008749-003/2024(H5N1)	1593	3005
PB1|PP755595.1|A/cattle/Texas/24-008749-003/2024(H5N1)	1594	2903
PB1|PP755595.1|A/cattle/Texas/24-008749-003/2024(H5N1)	1595	2902
PB1|PP755595.1|A/cattle/Texas/24-008749-003/2024(H5N1)	1596	2903
PB1|PP755595.1|A/cattle/Texas/24-008749-003/2024(H5N1)	1597	2856
PB1|PP755595.1|A/cattle/Texas/24-008749-003/2024(H5N1)	1598	2845
PB1|PP755595.1|A/cattle/Texas/24-008749-003/2024(H5N1)	1599	2928
PB1|PP755595.1|A/cattle/Texas/24-008749-003/2024(H5N1)	1600	2931
PB1|PP755595.1|A/cattle/Texas/24-008749-003/2024(H5N1)	1601	2930
PB1|PP755595.1|A/cattle/Texas/24-008749-003/2024(H5N1)	1602	2907
PB1|PP755595.1|A/cattle/Texas/24-008749-003/2024(H5N1)	1603	2904
PB1|PP755595.1|A/cattle/Texas/24-008749-003/2024(H5N1)	1604	2888
PB1|PP755595.1|A/cattle/Texas/24-008749-003/2024(H5N1)	1605	2881
PB1|PP755595.1|A/cattle/Texas/24-008749-003/2024(H5N1)	1606	2901
PB1|PP755595.1|A/cattle/Texas/24-008749-003/2024(H5N1)	1607	2896
PB1|PP755595.1|A/cattle/Texas/24-008749-003/2024(H5N1)	1608	2849
PB1|PP755595.1|A/cattle/Texas/24-008749-003/2024(H5N1)	1609	2836
PB1|PP755595.1|A/cattle/Texas/24-008749-003/2024(H5N1)	1610	2835
PB1|PP755595.1|A/cattle/Texas/24-008749-003/2024(H5N1)	1611	2813
PB1|PP755595.1|A/cattle/Texas/24-008749-003/2024(H5N1)	1612	2811
PB1|PP755595.1|A/cattle/Texas/24-008749-003/2024(H5N1)	1613	2807
PB1|PP755595.1|A/cattle/Texas/24-008749-003/2024(H5N1)	1614	2764
PB1|PP755595.1|A/cattle/Texas/24-008749-003/2024(H5N1)	1615	2836
PB1|PP755595.1|A/cattle/Texas/24-008749-003/2024(H5N1)	1616	2782
PB1|PP755595.1|A/cattle/Texas/24-008749-003/2024(H5N1)	1617	2783
PB1|PP755595.1|A/cattle/Texas/24-008749-003/2024(H5N1)	1618	2785
PB1|PP755595.1|A/cattle/Texas/24-008749-003/2024(H5N1)	1619	2782
PB1|PP755595.1|A/cattle/Texas/24-008749-003/2024(H5N1)	1620	2832
PB1|PP755595.1|A/cattle/Texas/24-008749-003/2024(H5N1)	1621	2835
PB1|PP755595.1|A/cattle/Texas/24-008749-003/2024(H5N1)	1622	2790
PB1|PP755595.1|A/cattle/Texas/24-008749-003/2024(H5N1)	1623	2715
PB1|PP755595.1|A/cattle/Texas/24-008749-003/2024(H5N1)	1624	2708
PB1|PP755595.1|A/cattle/Texas/24-008749-003/2024(H5N1)	1625	2764
PB1|PP755595.1|A/cattle/Texas/24-008749-003/2024(H5N1)	1626	2764
PB1|PP755595.1|A/cattle/Texas/24-008749-003/2024(H5N1)	1627	2759
PB1|PP755595.1|A/cattle/Texas/24-008749-003/2024(H5N1)	1628	2755
PB1|PP755595.1|A/cattle/Texas/24-008749-003/2024(H5N1)	1629	2675
PB1|PP755595.1|A/cattle/Texas/24-008749-003/2024(H5N1)	1630	2675
PB1|PP755595.1|A/cattle/Texas/24-008749-003/2024(H5N1)	1631	2641
PB1|PP755595.1|A/cattle/Texas/24-008749-003/2024(H5N1)	1632	2636
PB1|PP755595.1|A/cattle/Texas/24-008749-003/2024(H5N1)	1633	2631
PB1|PP755595.1|A/cattle/Texas/24-008749-003/2024(H5N1)	1634	2626
PB1|PP755595.1|A/cattle/Texas/24-008749-003/2024(H5N1)	1635	2626
PB1|PP755595.1|A/cattle/Texas/24-008749-003/2024(H5N1)	1636	2625
PB1|PP755595.1|A/cattle/Texas/24-008749-003/2024(H5N1)	1637	2591
PB1|PP755595.1|A/cattle/Texas/24-008749-003/2024(H5N1)	1638	2580
PB1|PP755595.1|A/cattle/Texas/24-008749-003/2024(H5N1)	1639	2537
PB1|PP755595.1|A/cattle/Texas/24-008749-003/2024(H5N1)	1640	2528
PB1|PP755595.1|A/cattle/Texas/24-008749-003/2024(H5N1)	1641	2343
PB1|PP755595.1|A/cattle/Texas/24-008749-003/2024(H5N1)	1642	2305
PB1|PP755595.1|A/cattle/Texas/24-008749-003/2024(H5N1)	1643	2301
PB1|PP755595.1|A/cattle/Texas/24-008749-003/2024(H5N1)	1644	2301
PB1|PP755595.1|A/cattle/Texas/24-008749-003/2024(H5N1)	1645	2301
PB1|PP755595.1|A/cattle/Texas/24-008749-003/2024(H5N1)	1646	2301
PB1|PP755595.1|A/cattle/Texas/24-008749-003/2024(H5N1)	1647	2288
PB1|PP755595.1|A/cattle/Texas/24-008749-003/2024(H5N1)	1648	2482
PB1|PP755595.1|A/cattle/Texas/24-008749-003/2024(H5N1)	1649	2484
PB1|PP755595.1|A/cattle/Texas/24-008749-003/2024(H5N1)	1650	2521
PB1|PP755595.1|A/cattle/Texas/24-008749-003/2024(H5N1)	1651	2522
PB1|PP755595.1|A/cattle/Texas/24-008749-003/2024(H5N1)	1652	2519
PB1|PP755595.1|A/cattle/Texas/24-008749-003/2024(H5N1)	1653	2521
PB1|PP755595.1|A/cattle/Texas/24-008749-003/2024(H5N1)	1654	2495
PB1|PP755595.1|A/cattle/Texas/24-008749-003/2024(H5N1)	1655	2490
PB1|PP755595.1|A/cattle/Texas/24-008749-003/2024(H5N1)	1656	2485
PB1|PP755595.1|A/cattle/Texas/24-008749-003/2024(H5N1)	1657	2482
PB1|PP755595.1|A/cattle/Texas/24-008749-003/2024(H5N1)	1658	2475
PB1|PP755595.1|A/cattle/Texas/24-008749-003/2024(H5N1)	1659	2462
PB1|PP755595.1|A/cattle/Texas/24-008749-003/2024(H5N1)	1660	2506
PB1|PP755595.1|A/cattle/Texas/24-008749-003/2024(H5N1)	1661	2511
PB1|PP755595.1|A/cattle/Texas/24-008749-003/2024(H5N1)	1662	2508
PB1|PP755595.1|A/cattle/Texas/24-008749-003/2024(H5N1)	1663	2367
PB1|PP755595.1|A/cattle/Texas/24-008749-003/2024(H5N1)	1664	2367
PB1|PP755595.1|A/cattle/Texas/24-008749-003/2024(H5N1)	1665	2352
PB1|PP755595.1|A/cattle/Texas/24-008749-003/2024(H5N1)	1666	2349
PB1|PP755595.1|A/cattle/Texas/24-008749-003/2024(H5N1)	1667	2348
PB1|PP755595.1|A/cattle/Texas/24-008749-003/2024(H5N1)	1668	2213
PB1|PP755595.1|A/cattle/Texas/24-008749-003/2024(H5N1)	1669	2143
PB1|PP755595.1|A/cattle/Texas/24-008749-003/2024(H5N1)	1670	2141
PB1|PP755595.1|A/cattle/Texas/24-008749-003/2024(H5N1)	1671	2135
PB1|PP755595.1|A/cattle/Texas/24-008749-003/2024(H5N1)	1672	2134
PB1|PP755595.1|A/cattle/Texas/24-008749-003/2024(H5N1)	1673	2067
PB1|PP755595.1|A/cattle/Texas/24-008749-003/2024(H5N1)	1674	1893
PB1|PP755595.1|A/cattle/Texas/24-008749-003/2024(H5N1)	1675	1892
PB1|PP755595.1|A/cattle/Texas/24-008749-003/2024(H5N1)	1676	1863
PB1|PP755595.1|A/cattle/Texas/24-008749-003/2024(H5N1)	1677	1824
PB1|PP755595.1|A/cattle/Texas/24-008749-003/2024(H5N1)	1678	2143
PB1|PP755595.1|A/cattle/Texas/24-008749-003/2024(H5N1)	1679	2143
PB1|PP755595.1|A/cattle/Texas/24-008749-003/2024(H5N1)	1680	2108
PB1|PP755595.1|A/cattle/Texas/24-008749-003/2024(H5N1)	1681	2104
PB1|PP755595.1|A/cattle/Texas/24-008749-003/2024(H5N1)	1682	2096
PB1|PP755595.1|A/cattle/Texas/24-008749-003/2024(H5N1)	1683	1957
PB1|PP755595.1|A/cattle/Texas/24-008749-003/2024(H5N1)	1684	2020
PB1|PP755595.1|A/cattle/Texas/24-008749-003/2024(H5N1)	1685	2021
PB1|PP755595.1|A/cattle/Texas/24-008749-003/2024(H5N1)	1686	2020
PB1|PP755595.1|A/cattle/Texas/24-008749-003/2024(H5N1)	1687	2023
PB1|PP755595.1|A/cattle/Texas/24-008749-003/2024(H5N1)	1688	2022
PB1|PP755595.1|A/cattle/Texas/24-008749-003/2024(H5N1)	1689	1955
PB1|PP755595.1|A/cattle/Texas/24-008749-003/2024(H5N1)	1690	1955
PB1|PP755595.1|A/cattle/Texas/24-008749-003/2024(H5N1)	1691	1947
PB1|PP755595.1|A/cattle/Texas/24-008749-003/2024(H5N1)	1692	1858
PB1|PP755595.1|A/cattle/Texas/24-008749-003/2024(H5N1)	1693	1922
PB1|PP755595.1|A/cattle/Texas/24-008749-003/2024(H5N1)	1694	1920
PB1|PP755595.1|A/cattle/Texas/24-008749-003/2024(H5N1)	1695	1914
PB1|PP755595.1|A/cattle/Texas/24-008749-003/2024(H5N1)	1696	1916
PB1|PP755595.1|A/cattle/Texas/24-008749-003/2024(H5N1)	1697	1887
PB1|PP755595.1|A/cattle/Texas/24-008749-003/2024(H5N1)	1698	1887
PB1|PP755595.1|A/cattle/Texas/24-008749-003/2024(H5N1)	1699	1882
PB1|PP755595.1|A/cattle/Texas/24-008749-003/2024(H5N1)	1700	1841
PB1|PP755595.1|A/cattle/Texas/24-008749-003/2024(H5N1)	1701	1845
PB1|PP755595.1|A/cattle/Texas/24-008749-003/2024(H5N1)	1702	1822
PB1|PP755595.1|A/cattle/Texas/24-008749-003/2024(H5N1)	1703	1829
PB1|PP755595.1|A/cattle/Texas/24-008749-003/2024(H5N1)	1704	1823
PB1|PP755595.1|A/cattle/Texas/24-008749-003/2024(H5N1)	1705	1825
PB1|PP755595.1|A/cattle/Texas/24-008749-003/2024(H5N1)	1706	1816
PB1|PP755595.1|A/cattle/Texas/24-008749-003/2024(H5N1)	1707	1815
PB1|PP755595.1|A/cattle/Texas/24-008749-003/2024(H5N1)	1708	1815
PB1|PP755595.1|A/cattle/Texas/24-008749-003/2024(H5N1)	1709	1792
PB1|PP755595.1|A/cattle/Texas/24-008749-003/2024(H5N1)	1710	1787
PB1|PP755595.1|A/cattle/Texas/24-008749-003/2024(H5N1)	1711	1792
PB1|PP755595.1|A/cattle/Texas/24-008749-003/2024(H5N1)	1712	1751
PB1|PP755595.1|A/cattle/Texas/24-008749-003/2024(H5N1)	1713	1751
PB1|PP755595.1|A/cattle/Texas/24-008749-003/2024(H5N1)	1714	1740
PB1|PP755595.1|A/cattle/Texas/24-008749-003/2024(H5N1)	1715	1706
PB1|PP755595.1|A/cattle/Texas/24-008749-003/2024(H5N1)	1716	1693
PB1|PP755595.1|A/cattle/Texas/24-008749-003/2024(H5N1)	1717	1731
PB1|PP755595.1|A/cattle/Texas/24-008749-003/2024(H5N1)	1718	1731
PB1|PP755595.1|A/cattle/Texas/24-008749-003/2024(H5N1)	1719	1724
PB1|PP755595.1|A/cattle/Texas/24-008749-003/2024(H5N1)	1720	1720
PB1|PP755595.1|A/cattle/Texas/24-008749-003/2024(H5N1)	1721	1727
PB1|PP755595.1|A/cattle/Texas/24-008749-003/2024(H5N1)	1722	1685
PB1|PP755595.1|A/cattle/Texas/24-008749-003/2024(H5N1)	1723	1684
PB1|PP755595.1|A/cattle/Texas/24-008749-003/2024(H5N1)	1724	1671
PB1|PP755595.1|A/cattle/Texas/24-008749-003/2024(H5N1)	1725	1671
PB1|PP755595.1|A/cattle/Texas/24-008749-003/2024(H5N1)	1726	1626
PB1|PP755595.1|A/cattle/Texas/24-008749-003/2024(H5N1)	1727	1611
PB1|PP755595.1|A/cattle/Texas/24-008749-003/2024(H5N1)	1728	1611
PB1|PP755595.1|A/cattle/Texas/24-008749-003/2024(H5N1)	1729	1609
PB1|PP755595.1|A/cattle/Texas/24-008749-003/2024(H5N1)	1730	1604
PB1|PP755595.1|A/cattle/Texas/24-008749-003/2024(H5N1)	1731	1343
PB1|PP755595.1|A/cattle/Texas/24-008749-003/2024(H5N1)	1732	1339
PB1|PP755595.1|A/cattle/Texas/24-008749-003/2024(H5N1)	1733	1327
PB1|PP755595.1|A/cattle/Texas/24-008749-003/2024(H5N1)	1734	1303
PB1|PP755595.1|A/cattle/Texas/24-008749-003/2024(H5N1)	1735	1221
PB1|PP755595.1|A/cattle/Texas/24-008749-003/2024(H5N1)	1736	1221
PB1|PP755595.1|A/cattle/Texas/24-008749-003/2024(H5N1)	1737	1204
PB1|PP755595.1|A/cattle/Texas/24-008749-003/2024(H5N1)	1738	1398
PB1|PP755595.1|A/cattle/Texas/24-008749-003/2024(H5N1)	1739	1400
PB1|PP755595.1|A/cattle/Texas/24-008749-003/2024(H5N1)	1740	1400
PB1|PP755595.1|A/cattle/Texas/24-008749-003/2024(H5N1)	1741	1401
PB1|PP755595.1|A/cattle/Texas/24-008749-003/2024(H5N1)	1742	1401
PB1|PP755595.1|A/cattle/Texas/24-008749-003/2024(H5N1)	1743	1401
PB1|PP755595.1|A/cattle/Texas/24-008749-003/2024(H5N1)	1744	1401
PB1|PP755595.1|A/cattle/Texas/24-008749-003/2024(H5N1)	1745	1400
PB1|PP755595.1|A/cattle/Texas/24-008749-003/2024(H5N1)	1746	1400
PB1|PP755595.1|A/cattle/Texas/24-008749-003/2024(H5N1)	1747	1400
PB1|PP755595.1|A/cattle/Texas/24-008749-003/2024(H5N1)	1748	1400
PB1|PP755595.1|A/cattle/Texas/24-008749-003/2024(H5N1)	1749	1400
PB1|PP755595.1|A/cattle/Texas/24-008749-003/2024(H5N1)	1750	1397
PB1|PP755595.1|A/cattle/Texas/24-008749-003/2024(H5N1)	1751	1397
PB1|PP755595.1|A/cattle/Texas/24-008749-003/2024(H5N1)	1752	1378
PB1|PP755595.1|A/cattle/Texas/24-008749-003/2024(H5N1)	1753	1378
PB1|PP755595.1|A/cattle/Texas/24-008749-003/2024(H5N1)	1754	1378
PB1|PP755595.1|A/cattle/Texas/24-008749-003/2024(H5N1)	1755	1378
PB1|PP755595.1|A/cattle/Texas/24-008749-003/2024(H5N1)	1756	1378
PB1|PP755595.1|A/cattle/Texas/24-008749-003/2024(H5N1)	1757	1378
PB1|PP755595.1|A/cattle/Texas/24-008749-003/2024(H5N1)	1758	1110
PB1|PP755595.1|A/cattle/Texas/24-008749-003/2024(H5N1)	1759	1109
PB1|PP755595.1|A/cattle/Texas/24-008749-003/2024(H5N1)	1760	1327
PB1|PP755595.1|A/cattle/Texas/24-008749-003/2024(H5N1)	1761	1327
PB1|PP755595.1|A/cattle/Texas/24-008749-003/2024(H5N1)	1762	1361
PB1|PP755595.1|A/cattle/Texas/24-008749-003/2024(H5N1)	1763	1375
PB1|PP755595.1|A/cattle/Texas/24-008749-003/2024(H5N1)	1764	1375
PB1|PP755595.1|A/cattle/Texas/24-008749-003/2024(H5N1)	1765	1376
PB1|PP755595.1|A/cattle/Texas/24-008749-003/2024(H5N1)	1766	1376
PB1|PP755595.1|A/cattle/Texas/24-008749-003/2024(H5N1)	1767	1376
PB1|PP755595.1|A/cattle/Texas/24-008749-003/2024(H5N1)	1768	1376
PB1|PP755595.1|A/cattle/Texas/24-008749-003/2024(H5N1)	1769	1376
PB1|PP755595.1|A/cattle/Texas/24-008749-003/2024(H5N1)	1770	1376
PB1|PP755595.1|A/cattle/Texas/24-008749-003/2024(H5N1)	1771	1376
PB1|PP755595.1|A/cattle/Texas/24-008749-003/2024(H5N1)	1772	1376
PB1|PP755595.1|A/cattle/Texas/24-008749-003/2024(H5N1)	1773	1376
PB1|PP755595.1|A/cattle/Texas/24-008749-003/2024(H5N1)	1774	1493
PB1|PP755595.1|A/cattle/Texas/24-008749-003/2024(H5N1)	1775	1496
PB1|PP755595.1|A/cattle/Texas/24-008749-003/2024(H5N1)	1776	1499
PB1|PP755595.1|A/cattle/Texas/24-008749-003/2024(H5N1)	1777	1501
PB1|PP755595.1|A/cattle/Texas/24-008749-003/2024(H5N1)	1778	1518
PB1|PP755595.1|A/cattle/Texas/24-008749-003/2024(H5N1)	1779	1508
PB1|PP755595.1|A/cattle/Texas/24-008749-003/2024(H5N1)	1780	1489
PB1|PP755595.1|A/cattle/Texas/24-008749-003/2024(H5N1)	1781	1477
PB1|PP755595.1|A/cattle/Texas/24-008749-003/2024(H5N1)	1782	1455
PB1|PP755595.1|A/cattle/Texas/24-008749-003/2024(H5N1)	1783	1455
PB1|PP755595.1|A/cattle/Texas/24-008749-003/2024(H5N1)	1784	1444
PB1|PP755595.1|A/cattle/Texas/24-008749-003/2024(H5N1)	1785	1428
PB1|PP755595.1|A/cattle/Texas/24-008749-003/2024(H5N1)	1786	1430
PB1|PP755595.1|A/cattle/Texas/24-008749-003/2024(H5N1)	1787	1430
PB1|PP755595.1|A/cattle/Texas/24-008749-003/2024(H5N1)	1788	1430
PB1|PP755595.1|A/cattle/Texas/24-008749-003/2024(H5N1)	1789	1431
PB1|PP755595.1|A/cattle/Texas/24-008749-003/2024(H5N1)	1790	1484
PB1|PP755595.1|A/cattle/Texas/24-008749-003/2024(H5N1)	1791	1472
PB1|PP755595.1|A/cattle/Texas/24-008749-003/2024(H5N1)	1792	1468
PB1|PP755595.1|A/cattle/Texas/24-008749-003/2024(H5N1)	1793	1437
PB1|PP755595.1|A/cattle/Texas/24-008749-003/2024(H5N1)	1794	1437
PB1|PP755595.1|A/cattle/Texas/24-008749-003/2024(H5N1)	1795	1433
PB1|PP755595.1|A/cattle/Texas/24-008749-003/2024(H5N1)	1796	1425
PB1|PP755595.1|A/cattle/Texas/24-008749-003/2024(H5N1)	1797	1423
PB1|PP755595.1|A/cattle/Texas/24-008749-003/2024(H5N1)	1798	1374
PB1|PP755595.1|A/cattle/Texas/24-008749-003/2024(H5N1)	1799	1373
PB1|PP755595.1|A/cattle/Texas/24-008749-003/2024(H5N1)	1800	559
PB1|PP755595.1|A/cattle/Texas/24-008749-003/2024(H5N1)	1801	559
PB1|PP755595.1|A/cattle/Texas/24-008749-003/2024(H5N1)	1802	559
PB1|PP755595.1|A/cattle/Texas/24-008749-003/2024(H5N1)	1803	559
PB1|PP755595.1|A/cattle/Texas/24-008749-003/2024(H5N1)	1804	559
PB1|PP755595.1|A/cattle/Texas/24-008749-003/2024(H5N1)	1805	559
PB1|PP755595.1|A/cattle/Texas/24-008749-003/2024(H5N1)	1806	559
PB1|PP755595.1|A/cattle/Texas/24-008749-003/2024(H5N1)	1807	559
PB1|PP755595.1|A/cattle/Texas/24-008749-003/2024(H5N1)	1808	559
PB1|PP755595.1|A/cattle/Texas/24-008749-003/2024(H5N1)	1809	559
PB1|PP755595.1|A/cattle/Texas/24-008749-003/2024(H5N1)	1810	560
PB1|PP755595.1|A/cattle/Texas/24-008749-003/2024(H5N1)	1811	560
PB1|PP755595.1|A/cattle/Texas/24-008749-003/2024(H5N1)	1812	560
PB1|PP755595.1|A/cattle/Texas/24-008749-003/2024(H5N1)	1813	560
PB1|PP755595.1|A/cattle/Texas/24-008749-003/2024(H5N1)	1814	560
PB1|PP755595.1|A/cattle/Texas/24-008749-003/2024(H5N1)	1815	560
PB1|PP755595.1|A/cattle/Texas/24-008749-003/2024(H5N1)	1816	560
PB1|PP755595.1|A/cattle/Texas/24-008749-003/2024(H5N1)	1817	560
PB1|PP755595.1|A/cattle/Texas/24-008749-003/2024(H5N1)	1818	560
PB1|PP755595.1|A/cattle/Texas/24-008749-003/2024(H5N1)	1819	560
PB1|PP755595.1|A/cattle/Texas/24-008749-003/2024(H5N1)	1820	560
PB1|PP755595.1|A/cattle/Texas/24-008749-003/2024(H5N1)	1821	560
PB1|PP755595.1|A/cattle/Texas/24-008749-003/2024(H5N1)	1822	560
PB1|PP755595.1|A/cattle/Texas/24-008749-003/2024(H5N1)	1823	560
PB1|PP755595.1|A/cattle/Texas/24-008749-003/2024(H5N1)	1824	560
PB1|PP755595.1|A/cattle/Texas/24-008749-003/2024(H5N1)	1825	652
PB1|PP755595.1|A/cattle/Texas/24-008749-003/2024(H5N1)	1826	652
PB1|PP755595.1|A/cattle/Texas/24-008749-003/2024(H5N1)	1827	652
PB1|PP755595.1|A/cattle/Texas/24-008749-003/2024(H5N1)	1828	652
PB1|PP755595.1|A/cattle/Texas/24-008749-003/2024(H5N1)	1829	655
PB1|PP755595.1|A/cattle/Texas/24-008749-003/2024(H5N1)	1830	655
PB1|PP755595.1|A/cattle/Texas/24-008749-003/2024(H5N1)	1831	655
PB1|PP755595.1|A/cattle/Texas/24-008749-003/2024(H5N1)	1832	655
PB1|PP755595.1|A/cattle/Texas/24-008749-003/2024(H5N1)	1833	655
PB1|PP755595.1|A/cattle/Texas/24-008749-003/2024(H5N1)	1834	656
PB1|PP755595.1|A/cattle/Texas/24-008749-003/2024(H5N1)	1835	664
PB1|PP755595.1|A/cattle/Texas/24-008749-003/2024(H5N1)	1836	664
PB1|PP755595.1|A/cattle/Texas/24-008749-003/2024(H5N1)	1837	674
PB1|PP755595.1|A/cattle/Texas/24-008749-003/2024(H5N1)	1838	677
PB1|PP755595.1|A/cattle/Texas/24-008749-003/2024(H5N1)	1839	687
PB1|PP755595.1|A/cattle/Texas/24-008749-003/2024(H5N1)	1840	707
PB1|PP755595.1|A/cattle/Texas/24-008749-003/2024(H5N1)	1841	707
PB1|PP755595.1|A/cattle/Texas/24-008749-003/2024(H5N1)	1842	707
PB1|PP755595.1|A/cattle/Texas/24-008749-003/2024(H5N1)	1843	716
PB1|PP755595.1|A/cattle/Texas/24-008749-003/2024(H5N1)	1844	717
PB1|PP755595.1|A/cattle/Texas/24-008749-003/2024(H5N1)	1845	724
PB1|PP755595.1|A/cattle/Texas/24-008749-003/2024(H5N1)	1846	1758
PB1|PP755595.1|A/cattle/Texas/24-008749-003/2024(H5N1)	1847	1761
PB1|PP755595.1|A/cattle/Texas/24-008749-003/2024(H5N1)	1848	1772
PB1|PP755595.1|A/cattle/Texas/24-008749-003/2024(H5N1)	1849	1803
PB1|PP755595.1|A/cattle/Texas/24-008749-003/2024(H5N1)	1850	1982
PB1|PP755595.1|A/cattle/Texas/24-008749-003/2024(H5N1)	1851	1982
PB1|PP755595.1|A/cattle/Texas/24-008749-003/2024(H5N1)	1852	1982
PB1|PP755595.1|A/cattle/Texas/24-008749-003/2024(H5N1)	1853	2041
PB1|PP755595.1|A/cattle/Texas/24-008749-003/2024(H5N1)	1854	2044
PB1|PP755595.1|A/cattle/Texas/24-008749-003/2024(H5N1)	1855	2070
PB1|PP755595.1|A/cattle/Texas/24-008749-003/2024(H5N1)	1856	2070
PB1|PP755595.1|A/cattle/Texas/24-008749-003/2024(H5N1)	1857	2070
PB1|PP755595.1|A/cattle/Texas/24-008749-003/2024(H5N1)	1858	2096
PB1|PP755595.1|A/cattle/Texas/24-008749-003/2024(H5N1)	1859	2097
PB1|PP755595.1|A/cattle/Texas/24-008749-003/2024(H5N1)	1860	2119
PB1|PP755595.1|A/cattle/Texas/24-008749-003/2024(H5N1)	1861	2120
PB1|PP755595.1|A/cattle/Texas/24-008749-003/2024(H5N1)	1862	2132
PB1|PP755595.1|A/cattle/Texas/24-008749-003/2024(H5N1)	1863	2165
PB1|PP755595.1|A/cattle/Texas/24-008749-003/2024(H5N1)	1864	2188
PB1|PP755595.1|A/cattle/Texas/24-008749-003/2024(H5N1)	1865	2188
PB1|PP755595.1|A/cattle/Texas/24-008749-003/2024(H5N1)	1866	2188
PB1|PP755595.1|A/cattle/Texas/24-008749-003/2024(H5N1)	1867	2193
PB1|PP755595.1|A/cattle/Texas/24-008749-003/2024(H5N1)	1868	2211
PB1|PP755595.1|A/cattle/Texas/24-008749-003/2024(H5N1)	1869	2247
PB1|PP755595.1|A/cattle/Texas/24-008749-003/2024(H5N1)	1870	2249
PB1|PP755595.1|A/cattle/Texas/24-008749-003/2024(H5N1)	1871	2249
PB1|PP755595.1|A/cattle/Texas/24-008749-003/2024(H5N1)	1872	2249
PB1|PP755595.1|A/cattle/Texas/24-008749-003/2024(H5N1)	1873	2275
PB1|PP755595.1|A/cattle/Texas/24-008749-003/2024(H5N1)	1874	2281
PB1|PP755595.1|A/cattle/Texas/24-008749-003/2024(H5N1)	1875	2286
PB1|PP755595.1|A/cattle/Texas/24-008749-003/2024(H5N1)	1876	2286
PB1|PP755595.1|A/cattle/Texas/24-008749-003/2024(H5N1)	1877	2286
PB1|PP755595.1|A/cattle/Texas/24-008749-003/2024(H5N1)	1878	2286
PB1|PP755595.1|A/cattle/Texas/24-008749-003/2024(H5N1)	1879	2286
PB1|PP755595.1|A/cattle/Texas/24-008749-003/2024(H5N1)	1880	2286
PB1|PP755595.1|A/cattle/Texas/24-008749-003/2024(H5N1)	1881	1893
PB1|PP755595.1|A/cattle/Texas/24-008749-003/2024(H5N1)	1882	1893
PB1|PP755595.1|A/cattle/Texas/24-008749-003/2024(H5N1)	1883	1910
PB1|PP755595.1|A/cattle/Texas/24-008749-003/2024(H5N1)	1884	1911
PB1|PP755595.1|A/cattle/Texas/24-008749-003/2024(H5N1)	1885	1920
PB1|PP755595.1|A/cattle/Texas/24-008749-003/2024(H5N1)	1886	1920
PB1|PP755595.1|A/cattle/Texas/24-008749-003/2024(H5N1)	1887	1920
PB1|PP755595.1|A/cattle/Texas/24-008749-003/2024(H5N1)	1888	1924
PB1|PP755595.1|A/cattle/Texas/24-008749-003/2024(H5N1)	1889	1927
PB1|PP755595.1|A/cattle/Texas/24-008749-003/2024(H5N1)	1890	1937
PB1|PP755595.1|A/cattle/Texas/24-008749-003/2024(H5N1)	1891	2516
PB1|PP755595.1|A/cattle/Texas/24-008749-003/2024(H5N1)	1892	2519
PB1|PP755595.1|A/cattle/Texas/24-008749-003/2024(H5N1)	1893	2519
PB1|PP755595.1|A/cattle/Texas/24-008749-003/2024(H5N1)	1894	2519
PB1|PP755595.1|A/cattle/Texas/24-008749-003/2024(H5N1)	1895	2522
PB1|PP755595.1|A/cattle/Texas/24-008749-003/2024(H5N1)	1896	2522
PB1|PP755595.1|A/cattle/Texas/24-008749-003/2024(H5N1)	1897	2536
PB1|PP755595.1|A/cattle/Texas/24-008749-003/2024(H5N1)	1898	2578
PB1|PP755595.1|A/cattle/Texas/24-008749-003/2024(H5N1)	1899	2598
PB1|PP755595.1|A/cattle/Texas/24-008749-003/2024(H5N1)	1900	2606
PB1|PP755595.1|A/cattle/Texas/24-008749-003/2024(H5N1)	1901	2606
PB1|PP755595.1|A/cattle/Texas/24-008749-003/2024(H5N1)	1902	2610
PB1|PP755595.1|A/cattle/Texas/24-008749-003/2024(H5N1)	1903	2630
PB1|PP755595.1|A/cattle/Texas/24-008749-003/2024(H5N1)	1904	2650
PB1|PP755595.1|A/cattle/Texas/24-008749-003/2024(H5N1)	1905	2652
PB1|PP755595.1|A/cattle/Texas/24-008749-003/2024(H5N1)	1906	2682
PB1|PP755595.1|A/cattle/Texas/24-008749-003/2024(H5N1)	1907	2684
PB1|PP755595.1|A/cattle/Texas/24-008749-003/2024(H5N1)	1908	2688
PB1|PP755595.1|A/cattle/Texas/24-008749-003/2024(H5N1)	1909	2709
PB1|PP755595.1|A/cattle/Texas/24-008749-003/2024(H5N1)	1910	2710
PB1|PP755595.1|A/cattle/Texas/24-008749-003/2024(H5N1)	1911	2708
PB1|PP755595.1|A/cattle/Texas/24-008749-003/2024(H5N1)	1912	2708
PB1|PP755595.1|A/cattle/Texas/24-008749-003/2024(H5N1)	1913	2708
PB1|PP755595.1|A/cattle/Texas/24-008749-003/2024(H5N1)	1914	2731
PB1|PP755595.1|A/cattle/Texas/24-008749-003/2024(H5N1)	1915	2790
PB1|PP755595.1|A/cattle/Texas/24-008749-003/2024(H5N1)	1916	2789
PB1|PP755595.1|A/cattle/Texas/24-008749-003/2024(H5N1)	1917	2699
PB1|PP755595.1|A/cattle/Texas/24-008749-003/2024(H5N1)	1918	2701
PB1|PP755595.1|A/cattle/Texas/24-008749-003/2024(H5N1)	1919	2736
PB1|PP755595.1|A/cattle/Texas/24-008749-003/2024(H5N1)	1920	2796
PB1|PP755595.1|A/cattle/Texas/24-008749-003/2024(H5N1)	1921	2875
PB1|PP755595.1|A/cattle/Texas/24-008749-003/2024(H5N1)	1922	2902
PB1|PP755595.1|A/cattle/Texas/24-008749-003/2024(H5N1)	1923	2915
PB1|PP755595.1|A/cattle/Texas/24-008749-003/2024(H5N1)	1924	2917
PB1|PP755595.1|A/cattle/Texas/24-008749-003/2024(H5N1)	1925	3028
PB1|PP755595.1|A/cattle/Texas/24-008749-003/2024(H5N1)	1926	3037
PB1|PP755595.1|A/cattle/Texas/24-008749-003/2024(H5N1)	1927	3066
PB1|PP755595.1|A/cattle/Texas/24-008749-003/2024(H5N1)	1928	3069
PB1|PP755595.1|A/cattle/Texas/24-008749-003/2024(H5N1)	1929	3058
PB1|PP755595.1|A/cattle/Texas/24-008749-003/2024(H5N1)	1930	3075
PB1|PP755595.1|A/cattle/Texas/24-008749-003/2024(H5N1)	1931	3090
PB1|PP755595.1|A/cattle/Texas/24-008749-003/2024(H5N1)	1932	3139
PB1|PP755595.1|A/cattle/Texas/24-008749-003/2024(H5N1)	1933	3138
PB1|PP755595.1|A/cattle/Texas/24-008749-003/2024(H5N1)	1934	3120
PB1|PP755595.1|A/cattle/Texas/24-008749-003/2024(H5N1)	1935	3093
PB1|PP755595.1|A/cattle/Texas/24-008749-003/2024(H5N1)	1936	3087
PB1|PP755595.1|A/cattle/Texas/24-008749-003/2024(H5N1)	1937	3087
PB1|PP755595.1|A/cattle/Texas/24-008749-003/2024(H5N1)	1938	3087
PB1|PP755595.1|A/cattle/Texas/24-008749-003/2024(H5N1)	1939	3003
PB1|PP755595.1|A/cattle/Texas/24-008749-003/2024(H5N1)	1940	2995
PB1|PP755595.1|A/cattle/Texas/24-008749-003/2024(H5N1)	1941	2931
PB1|PP755595.1|A/cattle/Texas/24-008749-003/2024(H5N1)	1942	2929
PB1|PP755595.1|A/cattle/Texas/24-008749-003/2024(H5N1)	1943	2887
PB1|PP755595.1|A/cattle/Texas/24-008749-003/2024(H5N1)	1944	2372
PB1|PP755595.1|A/cattle/Texas/24-008749-003/2024(H5N1)	1945	2360
PB1|PP755595.1|A/cattle/Texas/24-008749-003/2024(H5N1)	1946	2334
PB1|PP755595.1|A/cattle/Texas/24-008749-003/2024(H5N1)	1947	2333
PB1|PP755595.1|A/cattle/Texas/24-008749-003/2024(H5N1)	1948	2333
PB1|PP755595.1|A/cattle/Texas/24-008749-003/2024(H5N1)	1949	2333
PB1|PP755595.1|A/cattle/Texas/24-008749-003/2024(H5N1)	1950	2321
PB1|PP755595.1|A/cattle/Texas/24-008749-003/2024(H5N1)	1951	2321
PB1|PP755595.1|A/cattle/Texas/24-008749-003/2024(H5N1)	1952	2321
PB1|PP755595.1|A/cattle/Texas/24-008749-003/2024(H5N1)	1953	2321
PB1|PP755595.1|A/cattle/Texas/24-008749-003/2024(H5N1)	1954	2321
PB1|PP755595.1|A/cattle/Texas/24-008749-003/2024(H5N1)	1955	2319
PB1|PP755595.1|A/cattle/Texas/24-008749-003/2024(H5N1)	1956	2316
PB1|PP755595.1|A/cattle/Texas/24-008749-003/2024(H5N1)	1957	2316
PB1|PP755595.1|A/cattle/Texas/24-008749-003/2024(H5N1)	1958	2316
PB1|PP755595.1|A/cattle/Texas/24-008749-003/2024(H5N1)	1959	2316
PB1|PP755595.1|A/cattle/Texas/24-008749-003/2024(H5N1)	1960	2316
PB1|PP755595.1|A/cattle/Texas/24-008749-003/2024(H5N1)	1961	2316
PB1|PP755595.1|A/cattle/Texas/24-008749-003/2024(H5N1)	1962	2316
PB1|PP755595.1|A/cattle/Texas/24-008749-003/2024(H5N1)	1963	2622
PB1|PP755595.1|A/cattle/Texas/24-008749-003/2024(H5N1)	1964	2624
PB1|PP755595.1|A/cattle/Texas/24-008749-003/2024(H5N1)	1965	2630
PB1|PP755595.1|A/cattle/Texas/24-008749-003/2024(H5N1)	1966	2827
PB1|PP755595.1|A/cattle/Texas/24-008749-003/2024(H5N1)	1967	2829
PB1|PP755595.1|A/cattle/Texas/24-008749-003/2024(H5N1)	1968	2930
PB1|PP755595.1|A/cattle/Texas/24-008749-003/2024(H5N1)	1969	2931
PB1|PP755595.1|A/cattle/Texas/24-008749-003/2024(H5N1)	1970	2894
PB1|PP755595.1|A/cattle/Texas/24-008749-003/2024(H5N1)	1971	2892
PB1|PP755595.1|A/cattle/Texas/24-008749-003/2024(H5N1)	1972	2892
PB1|PP755595.1|A/cattle/Texas/24-008749-003/2024(H5N1)	1973	2890
PB1|PP755595.1|A/cattle/Texas/24-008749-003/2024(H5N1)	1974	2886
PB1|PP755595.1|A/cattle/Texas/24-008749-003/2024(H5N1)	1975	2757
PB1|PP755595.1|A/cattle/Texas/24-008749-003/2024(H5N1)	1976	2754
PB1|PP755595.1|A/cattle/Texas/24-008749-003/2024(H5N1)	1977	2701
PB1|PP755595.1|A/cattle/Texas/24-008749-003/2024(H5N1)	1978	2699
PB1|PP755595.1|A/cattle/Texas/24-008749-003/2024(H5N1)	1979	2692
PB1|PP755595.1|A/cattle/Texas/24-008749-003/2024(H5N1)	1980	2665
PB1|PP755595.1|A/cattle/Texas/24-008749-003/2024(H5N1)	1981	2665
PB1|PP755595.1|A/cattle/Texas/24-008749-003/2024(H5N1)	1982	2662
PB1|PP755595.1|A/cattle/Texas/24-008749-003/2024(H5N1)	1983	2460
PB1|PP755595.1|A/cattle/Texas/24-008749-003/2024(H5N1)	1984	2445
PB1|PP755595.1|A/cattle/Texas/24-008749-003/2024(H5N1)	1985	2437
PB1|PP755595.1|A/cattle/Texas/24-008749-003/2024(H5N1)	1986	2431
PB1|PP755595.1|A/cattle/Texas/24-008749-003/2024(H5N1)	1987	2431
PB1|PP755595.1|A/cattle/Texas/24-008749-003/2024(H5N1)	1988	2431
PB1|PP755595.1|A/cattle/Texas/24-008749-003/2024(H5N1)	1989	2429
PB1|PP755595.1|A/cattle/Texas/24-008749-003/2024(H5N1)	1990	2720
PB1|PP755595.1|A/cattle/Texas/24-008749-003/2024(H5N1)	1991	2727
PB1|PP755595.1|A/cattle/Texas/24-008749-003/2024(H5N1)	1992	2964
PB1|PP755595.1|A/cattle/Texas/24-008749-003/2024(H5N1)	1993	2968
PB1|PP755595.1|A/cattle/Texas/24-008749-003/2024(H5N1)	1994	2974
PB1|PP755595.1|A/cattle/Texas/24-008749-003/2024(H5N1)	1995	2966
PB1|PP755595.1|A/cattle/Texas/24-008749-003/2024(H5N1)	1996	2982
PB1|PP755595.1|A/cattle/Texas/24-008749-003/2024(H5N1)	1997	2982
PB1|PP755595.1|A/cattle/Texas/24-008749-003/2024(H5N1)	1998	2981
PB1|PP755595.1|A/cattle/Texas/24-008749-003/2024(H5N1)	1999	2947
PB1|PP755595.1|A/cattle/Texas/24-008749-003/2024(H5N1)	2000	2943
PB1|PP755595.1|A/cattle/Texas/24-008749-003/2024(H5N1)	2001	2698
PB1|PP755595.1|A/cattle/Texas/24-008749-003/2024(H5N1)	2002	2735
PB1|PP755595.1|A/cattle/Texas/24-008749-003/2024(H5N1)	2003	2687
PB1|PP755595.1|A/cattle/Texas/24-008749-003/2024(H5N1)	2004	2686
PB1|PP755595.1|A/cattle/Texas/24-008749-003/2024(H5N1)	2005	2686
PB1|PP755595.1|A/cattle/Texas/24-008749-003/2024(H5N1)	2006	2664
PB1|PP755595.1|A/cattle/Texas/24-008749-003/2024(H5N1)	2007	2654
PB1|PP755595.1|A/cattle/Texas/24-008749-003/2024(H5N1)	2008	2650
PB1|PP755595.1|A/cattle/Texas/24-008749-003/2024(H5N1)	2009	2632
PB1|PP755595.1|A/cattle/Texas/24-008749-003/2024(H5N1)	2010	2631
PB1|PP755595.1|A/cattle/Texas/24-008749-003/2024(H5N1)	2011	2601
PB1|PP755595.1|A/cattle/Texas/24-008749-003/2024(H5N1)	2012	2600
PB1|PP755595.1|A/cattle/Texas/24-008749-003/2024(H5N1)	2013	2198
PB1|PP755595.1|A/cattle/Texas/24-008749-003/2024(H5N1)	2014	2158
PB1|PP755595.1|A/cattle/Texas/24-008749-003/2024(H5N1)	2015	2158
PB1|PP755595.1|A/cattle/Texas/24-008749-003/2024(H5N1)	2016	2157
PB1|PP755595.1|A/cattle/Texas/24-008749-003/2024(H5N1)	2017	2163
PB1|PP755595.1|A/cattle/Texas/24-008749-003/2024(H5N1)	2018	2165
PB1|PP755595.1|A/cattle/Texas/24-008749-003/2024(H5N1)	2019	2130
PB1|PP755595.1|A/cattle/Texas/24-008749-003/2024(H5N1)	2020	2154
PB1|PP755595.1|A/cattle/Texas/24-008749-003/2024(H5N1)	2021	2192
PB1|PP755595.1|A/cattle/Texas/24-008749-003/2024(H5N1)	2022	2307
PB1|PP755595.1|A/cattle/Texas/24-008749-003/2024(H5N1)	2023	2412
PB1|PP755595.1|A/cattle/Texas/24-008749-003/2024(H5N1)	2024	2385
PB1|PP755595.1|A/cattle/Texas/24-008749-003/2024(H5N1)	2025	2385
PB1|PP755595.1|A/cattle/Texas/24-008749-003/2024(H5N1)	2026	2395
PB1|PP755595.1|A/cattle/Texas/24-008749-003/2024(H5N1)	2027	2424
PB1|PP755595.1|A/cattle/Texas/24-008749-003/2024(H5N1)	2028	2427
PB1|PP755595.1|A/cattle/Texas/24-008749-003/2024(H5N1)	2029	2427
PB1|PP755595.1|A/cattle/Texas/24-008749-003/2024(H5N1)	2030	2372
PB1|PP755595.1|A/cattle/Texas/24-008749-003/2024(H5N1)	2031	2311
PB1|PP755595.1|A/cattle/Texas/24-008749-003/2024(H5N1)	2032	2328
PB1|PP755595.1|A/cattle/Texas/24-008749-003/2024(H5N1)	2033	2362
PB1|PP755595.1|A/cattle/Texas/24-008749-003/2024(H5N1)	2034	2444
PB1|PP755595.1|A/cattle/Texas/24-008749-003/2024(H5N1)	2035	3062
PB1|PP755595.1|A/cattle/Texas/24-008749-003/2024(H5N1)	2036	3065
PB1|PP755595.1|A/cattle/Texas/24-008749-003/2024(H5N1)	2037	3077
PB1|PP755595.1|A/cattle/Texas/24-008749-003/2024(H5N1)	2038	3086
PB1|PP755595.1|A/cattle/Texas/24-008749-003/2024(H5N1)	2039	3118
PB1|PP755595.1|A/cattle/Texas/24-008749-003/2024(H5N1)	2040	3175
PB1|PP755595.1|A/cattle/Texas/24-008749-003/2024(H5N1)	2041	3164
PB1|PP755595.1|A/cattle/Texas/24-008749-003/2024(H5N1)	2042	3140
PB1|PP755595.1|A/cattle/Texas/24-008749-003/2024(H5N1)	2043	3167
PB1|PP755595.1|A/cattle/Texas/24-008749-003/2024(H5N1)	2044	3174
PB1|PP755595.1|A/cattle/Texas/24-008749-003/2024(H5N1)	2045	3193
PB1|PP755595.1|A/cattle/Texas/24-008749-003/2024(H5N1)	2046	3188
PB1|PP755595.1|A/cattle/Texas/24-008749-003/2024(H5N1)	2047	3164
PB1|PP755595.1|A/cattle/Texas/24-008749-003/2024(H5N1)	2048	3148
PB1|PP755595.1|A/cattle/Texas/24-008749-003/2024(H5N1)	2049	3148
PB1|PP755595.1|A/cattle/Texas/24-008749-003/2024(H5N1)	2050	3146
PB1|PP755595.1|A/cattle/Texas/24-008749-003/2024(H5N1)	2051	3138
PB1|PP755595.1|A/cattle/Texas/24-008749-003/2024(H5N1)	2052	3109
PB1|PP755595.1|A/cattle/Texas/24-008749-003/2024(H5N1)	2053	3132
PB1|PP755595.1|A/cattle/Texas/24-008749-003/2024(H5N1)	2054	3133
PB1|PP755595.1|A/cattle/Texas/24-008749-003/2024(H5N1)	2055	3122
PB1|PP755595.1|A/cattle/Texas/24-008749-003/2024(H5N1)	2056	3297
PB1|PP755595.1|A/cattle/Texas/24-008749-003/2024(H5N1)	2057	3299
PB1|PP755595.1|A/cattle/Texas/24-008749-003/2024(H5N1)	2058	3300
PB1|PP755595.1|A/cattle/Texas/24-008749-003/2024(H5N1)	2059	3308
PB1|PP755595.1|A/cattle/Texas/24-008749-003/2024(H5N1)	2060	3286
PB1|PP755595.1|A/cattle/Texas/24-008749-003/2024(H5N1)	2061	3309
PB1|PP755595.1|A/cattle/Texas/24-008749-003/2024(H5N1)	2062	3335
PB1|PP755595.1|A/cattle/Texas/24-008749-003/2024(H5N1)	2063	3336
PB1|PP755595.1|A/cattle/Texas/24-008749-003/2024(H5N1)	2064	3336
PB1|PP755595.1|A/cattle/Texas/24-008749-003/2024(H5N1)	2065	3268
PB1|PP755595.1|A/cattle/Texas/24-008749-003/2024(H5N1)	2066	3254
PB1|PP755595.1|A/cattle/Texas/24-008749-003/2024(H5N1)	2067	2902
PB1|PP755595.1|A/cattle/Texas/24-008749-003/2024(H5N1)	2068	2883
PB1|PP755595.1|A/cattle/Texas/24-008749-003/2024(H5N1)	2069	2861
PB1|PP755595.1|A/cattle/Texas/24-008749-003/2024(H5N1)	2070	2842
PB1|PP755595.1|A/cattle/Texas/24-008749-003/2024(H5N1)	2071	2857
PB1|PP755595.1|A/cattle/Texas/24-008749-003/2024(H5N1)	2072	2859
PB1|PP755595.1|A/cattle/Texas/24-008749-003/2024(H5N1)	2073	2837
PB1|PP755595.1|A/cattle/Texas/24-008749-003/2024(H5N1)	2074	3048
PB1|PP755595.1|A/cattle/Texas/24-008749-003/2024(H5N1)	2075	3075
PB1|PP755595.1|A/cattle/Texas/24-008749-003/2024(H5N1)	2076	3082
PB1|PP755595.1|A/cattle/Texas/24-008749-003/2024(H5N1)	2077	3102
PB1|PP755595.1|A/cattle/Texas/24-008749-003/2024(H5N1)	2078	3103
PB1|PP755595.1|A/cattle/Texas/24-008749-003/2024(H5N1)	2079	3104
PB1|PP755595.1|A/cattle/Texas/24-008749-003/2024(H5N1)	2080	3106
PB1|PP755595.1|A/cattle/Texas/24-008749-003/2024(H5N1)	2081	3137
PB1|PP755595.1|A/cattle/Texas/24-008749-003/2024(H5N1)	2082	3144
PB1|PP755595.1|A/cattle/Texas/24-008749-003/2024(H5N1)	2083	3168
PB1|PP755595.1|A/cattle/Texas/24-008749-003/2024(H5N1)	2084	3206
PB1|PP755595.1|A/cattle/Texas/24-008749-003/2024(H5N1)	2085	3227
PB1|PP755595.1|A/cattle/Texas/24-008749-003/2024(H5N1)	2086	3232
PB1|PP755595.1|A/cattle/Texas/24-008749-003/2024(H5N1)	2087	3234
PB1|PP755595.1|A/cattle/Texas/24-008749-003/2024(H5N1)	2088	3131
PB1|PP755595.1|A/cattle/Texas/24-008749-003/2024(H5N1)	2089	3138
PB1|PP755595.1|A/cattle/Texas/24-008749-003/2024(H5N1)	2090	3139
PB1|PP755595.1|A/cattle/Texas/24-008749-003/2024(H5N1)	2091	3139
PB1|PP755595.1|A/cattle/Texas/24-008749-003/2024(H5N1)	2092	3371
PB1|PP755595.1|A/cattle/Texas/24-008749-003/2024(H5N1)	2093	3437
PB1|PP755595.1|A/cattle/Texas/24-008749-003/2024(H5N1)	2094	3439
PB1|PP755595.1|A/cattle/Texas/24-008749-003/2024(H5N1)	2095	3470
PB1|PP755595.1|A/cattle/Texas/24-008749-003/2024(H5N1)	2096	3512
PB1|PP755595.1|A/cattle/Texas/24-008749-003/2024(H5N1)	2097	3521
PB1|PP755595.1|A/cattle/Texas/24-008749-003/2024(H5N1)	2098	3566
PB1|PP755595.1|A/cattle/Texas/24-008749-003/2024(H5N1)	2099	3580
PB1|PP755595.1|A/cattle/Texas/24-008749-003/2024(H5N1)	2100	3552
PB1|PP755595.1|A/cattle/Texas/24-008749-003/2024(H5N1)	2101	3546
PB1|PP755595.1|A/cattle/Texas/24-008749-003/2024(H5N1)	2102	3528
PB1|PP755595.1|A/cattle/Texas/24-008749-003/2024(H5N1)	2103	3439
PB1|PP755595.1|A/cattle/Texas/24-008749-003/2024(H5N1)	2104	3440
PB1|PP755595.1|A/cattle/Texas/24-008749-003/2024(H5N1)	2105	3472
PB1|PP755595.1|A/cattle/Texas/24-008749-003/2024(H5N1)	2106	3714
PB1|PP755595.1|A/cattle/Texas/24-008749-003/2024(H5N1)	2107	3882
PB1|PP755595.1|A/cattle/Texas/24-008749-003/2024(H5N1)	2108	3889
PB1|PP755595.1|A/cattle/Texas/24-008749-003/2024(H5N1)	2109	3936
PB1|PP755595.1|A/cattle/Texas/24-008749-003/2024(H5N1)	2110	4014
PB1|PP755595.1|A/cattle/Texas/24-008749-003/2024(H5N1)	2111	4015
PB1|PP755595.1|A/cattle/Texas/24-008749-003/2024(H5N1)	2112	4059
PB1|PP755595.1|A/cattle/Texas/24-008749-003/2024(H5N1)	2113	4075
PB1|PP755595.1|A/cattle/Texas/24-008749-003/2024(H5N1)	2114	4062
PB1|PP755595.1|A/cattle/Texas/24-008749-003/2024(H5N1)	2115	4102
PB1|PP755595.1|A/cattle/Texas/24-008749-003/2024(H5N1)	2116	4015
PB1|PP755595.1|A/cattle/Texas/24-008749-003/2024(H5N1)	2117	3925
PB1|PP755595.1|A/cattle/Texas/24-008749-003/2024(H5N1)	2118	3989
PB1|PP755595.1|A/cattle/Texas/24-008749-003/2024(H5N1)	2119	3887
PB1|PP755595.1|A/cattle/Texas/24-008749-003/2024(H5N1)	2120	3887
PB1|PP755595.1|A/cattle/Texas/24-008749-003/2024(H5N1)	2121	3796
PB1|PP755595.1|A/cattle/Texas/24-008749-003/2024(H5N1)	2122	3842
PB1|PP755595.1|A/cattle/Texas/24-008749-003/2024(H5N1)	2123	3849
PB1|PP755595.1|A/cattle/Texas/24-008749-003/2024(H5N1)	2124	3847
PB1|PP755595.1|A/cattle/Texas/24-008749-003/2024(H5N1)	2125	3870
PB1|PP755595.1|A/cattle/Texas/24-008749-003/2024(H5N1)	2126	3920
PB1|PP755595.1|A/cattle/Texas/24-008749-003/2024(H5N1)	2127	3926
PB1|PP755595.1|A/cattle/Texas/24-008749-003/2024(H5N1)	2128	3933
PB1|PP755595.1|A/cattle/Texas/24-008749-003/2024(H5N1)	2129	3936
PB1|PP755595.1|A/cattle/Texas/24-008749-003/2024(H5N1)	2130	3947
PB1|PP755595.1|A/cattle/Texas/24-008749-003/2024(H5N1)	2131	3962
PB1|PP755595.1|A/cattle/Texas/24-008749-003/2024(H5N1)	2132	3954
PB1|PP755595.1|A/cattle/Texas/24-008749-003/2024(H5N1)	2133	3895
PB1|PP755595.1|A/cattle/Texas/24-008749-003/2024(H5N1)	2134	4027
PB1|PP755595.1|A/cattle/Texas/24-008749-003/2024(H5N1)	2135	3978
PB1|PP755595.1|A/cattle/Texas/24-008749-003/2024(H5N1)	2136	3974
PB1|PP755595.1|A/cattle/Texas/24-008749-003/2024(H5N1)	2137	3970
PB1|PP755595.1|A/cattle/Texas/24-008749-003/2024(H5N1)	2138	3978
PB1|PP755595.1|A/cattle/Texas/24-008749-003/2024(H5N1)	2139	3984
PB1|PP755595.1|A/cattle/Texas/24-008749-003/2024(H5N1)	2140	4120
PB1|PP755595.1|A/cattle/Texas/24-008749-003/2024(H5N1)	2141	4121
PB1|PP755595.1|A/cattle/Texas/24-008749-003/2024(H5N1)	2142	4139
PB1|PP755595.1|A/cattle/Texas/24-008749-003/2024(H5N1)	2143	4018
PB1|PP755595.1|A/cattle/Texas/24-008749-003/2024(H5N1)	2144	4017
PB1|PP755595.1|A/cattle/Texas/24-008749-003/2024(H5N1)	2145	4005
PB1|PP755595.1|A/cattle/Texas/24-008749-003/2024(H5N1)	2146	4018
PB1|PP755595.1|A/cattle/Texas/24-008749-003/2024(H5N1)	2147	4004
PB1|PP755595.1|A/cattle/Texas/24-008749-003/2024(H5N1)	2148	4016
PB1|PP755595.1|A/cattle/Texas/24-008749-003/2024(H5N1)	2149	4033
PB1|PP755595.1|A/cattle/Texas/24-008749-003/2024(H5N1)	2150	4042
PB1|PP755595.1|A/cattle/Texas/24-008749-003/2024(H5N1)	2151	4008
PB1|PP755595.1|A/cattle/Texas/24-008749-003/2024(H5N1)	2152	3829
PB1|PP755595.1|A/cattle/Texas/24-008749-003/2024(H5N1)	2153	3793
PB1|PP755595.1|A/cattle/Texas/24-008749-003/2024(H5N1)	2154	3825
PB1|PP755595.1|A/cattle/Texas/24-008749-003/2024(H5N1)	2155	3844
PB1|PP755595.1|A/cattle/Texas/24-008749-003/2024(H5N1)	2156	3815
PB1|PP755595.1|A/cattle/Texas/24-008749-003/2024(H5N1)	2157	3831
PB1|PP755595.1|A/cattle/Texas/24-008749-003/2024(H5N1)	2158	3803
PB1|PP755595.1|A/cattle/Texas/24-008749-003/2024(H5N1)	2159	3761
PB1|PP755595.1|A/cattle/Texas/24-008749-003/2024(H5N1)	2160	3763
PB1|PP755595.1|A/cattle/Texas/24-008749-003/2024(H5N1)	2161	3743
PB1|PP755595.1|A/cattle/Texas/24-008749-003/2024(H5N1)	2162	3745
PB1|PP755595.1|A/cattle/Texas/24-008749-003/2024(H5N1)	2163	3767
PB1|PP755595.1|A/cattle/Texas/24-008749-003/2024(H5N1)	2164	3763
PB1|PP755595.1|A/cattle/Texas/24-008749-003/2024(H5N1)	2165	3706
PB1|PP755595.1|A/cattle/Texas/24-008749-003/2024(H5N1)	2166	4084
PB1|PP755595.1|A/cattle/Texas/24-008749-003/2024(H5N1)	2167	4102
PB1|PP755595.1|A/cattle/Texas/24-008749-003/2024(H5N1)	2168	4110
PB1|PP755595.1|A/cattle/Texas/24-008749-003/2024(H5N1)	2169	4233
PB1|PP755595.1|A/cattle/Texas/24-008749-003/2024(H5N1)	2170	4239
PB1|PP755595.1|A/cattle/Texas/24-008749-003/2024(H5N1)	2171	4279
PB1|PP755595.1|A/cattle/Texas/24-008749-003/2024(H5N1)	2172	4138
PB1|PP755595.1|A/cattle/Texas/24-008749-003/2024(H5N1)	2173	4112
PB1|PP755595.1|A/cattle/Texas/24-008749-003/2024(H5N1)	2174	4032
PB1|PP755595.1|A/cattle/Texas/24-008749-003/2024(H5N1)	2175	4024
PB1|PP755595.1|A/cattle/Texas/24-008749-003/2024(H5N1)	2176	4015
PB1|PP755595.1|A/cattle/Texas/24-008749-003/2024(H5N1)	2177	3981
PB1|PP755595.1|A/cattle/Texas/24-008749-003/2024(H5N1)	2178	3979
PB1|PP755595.1|A/cattle/Texas/24-008749-003/2024(H5N1)	2179	3975
PB1|PP755595.1|A/cattle/Texas/24-008749-003/2024(H5N1)	2180	3959
PB1|PP755595.1|A/cattle/Texas/24-008749-003/2024(H5N1)	2181	3969
PB1|PP755595.1|A/cattle/Texas/24-008749-003/2024(H5N1)	2182	3971
PB1|PP755595.1|A/cattle/Texas/24-008749-003/2024(H5N1)	2183	3950
PB1|PP755595.1|A/cattle/Texas/24-008749-003/2024(H5N1)	2184	3791
PB1|PP755595.1|A/cattle/Texas/24-008749-003/2024(H5N1)	2185	3809
PB1|PP755595.1|A/cattle/Texas/24-008749-003/2024(H5N1)	2186	3805
PB1|PP755595.1|A/cattle/Texas/24-008749-003/2024(H5N1)	2187	3806
PB1|PP755595.1|A/cattle/Texas/24-008749-003/2024(H5N1)	2188	3783
PB1|PP755595.1|A/cattle/Texas/24-008749-003/2024(H5N1)	2189	3783
PB1|PP755595.1|A/cattle/Texas/24-008749-003/2024(H5N1)	2190	3715
PB1|PP755595.1|A/cattle/Texas/24-008749-003/2024(H5N1)	2191	3715
PB1|PP755595.1|A/cattle/Texas/24-008749-003/2024(H5N1)	2192	3741
PB1|PP755595.1|A/cattle/Texas/24-008749-003/2024(H5N1)	2193	3734
PB1|PP755595.1|A/cattle/Texas/24-008749-003/2024(H5N1)	2194	3692
PB1|PP755595.1|A/cattle/Texas/24-008749-003/2024(H5N1)	2195	3646
PB1|PP755595.1|A/cattle/Texas/24-008749-003/2024(H5N1)	2196	3632
PB1|PP755595.1|A/cattle/Texas/24-008749-003/2024(H5N1)	2197	3634
PB1|PP755595.1|A/cattle/Texas/24-008749-003/2024(H5N1)	2198	3629
PB1|PP755595.1|A/cattle/Texas/24-008749-003/2024(H5N1)	2199	3617
PB1|PP755595.1|A/cattle/Texas/24-008749-003/2024(H5N1)	2200	3572
PB1|PP755595.1|A/cattle/Texas/24-008749-003/2024(H5N1)	2201	3522
PB1|PP755595.1|A/cattle/Texas/24-008749-003/2024(H5N1)	2202	3493
PB1|PP755595.1|A/cattle/Texas/24-008749-003/2024(H5N1)	2203	3483
PB1|PP755595.1|A/cattle/Texas/24-008749-003/2024(H5N1)	2204	3462
PB1|PP755595.1|A/cattle/Texas/24-008749-003/2024(H5N1)	2205	3457
PB1|PP755595.1|A/cattle/Texas/24-008749-003/2024(H5N1)	2206	3454
PB1|PP755595.1|A/cattle/Texas/24-008749-003/2024(H5N1)	2207	3411
PB1|PP755595.1|A/cattle/Texas/24-008749-003/2024(H5N1)	2208	3407
PB1|PP755595.1|A/cattle/Texas/24-008749-003/2024(H5N1)	2209	3418
PB1|PP755595.1|A/cattle/Texas/24-008749-003/2024(H5N1)	2210	3418
PB1|PP755595.1|A/cattle/Texas/24-008749-003/2024(H5N1)	2211	3379
PB1|PP755595.1|A/cattle/Texas/24-008749-003/2024(H5N1)	2212	3354
PB1|PP755595.1|A/cattle/Texas/24-008749-003/2024(H5N1)	2213	3349
PB1|PP755595.1|A/cattle/Texas/24-008749-003/2024(H5N1)	2214	3347
PB1|PP755595.1|A/cattle/Texas/24-008749-003/2024(H5N1)	2215	3355
PB1|PP755595.1|A/cattle/Texas/24-008749-003/2024(H5N1)	2216	3325
PB1|PP755595.1|A/cattle/Texas/24-008749-003/2024(H5N1)	2217	3325
PB1|PP755595.1|A/cattle/Texas/24-008749-003/2024(H5N1)	2218	3279
PB1|PP755595.1|A/cattle/Texas/24-008749-003/2024(H5N1)	2219	3271
PB1|PP755595.1|A/cattle/Texas/24-008749-003/2024(H5N1)	2220	3262
PB1|PP755595.1|A/cattle/Texas/24-008749-003/2024(H5N1)	2221	3250
PB1|PP755595.1|A/cattle/Texas/24-008749-003/2024(H5N1)	2222	3221
PB1|PP755595.1|A/cattle/Texas/24-008749-003/2024(H5N1)	2223	3219
PB1|PP755595.1|A/cattle/Texas/24-008749-003/2024(H5N1)	2224	3222
PB1|PP755595.1|A/cattle/Texas/24-008749-003/2024(H5N1)	2225	3159
PB1|PP755595.1|A/cattle/Texas/24-008749-003/2024(H5N1)	2226	3142
PB1|PP755595.1|A/cattle/Texas/24-008749-003/2024(H5N1)	2227	3139
PB1|PP755595.1|A/cattle/Texas/24-008749-003/2024(H5N1)	2228	3137
PB1|PP755595.1|A/cattle/Texas/24-008749-003/2024(H5N1)	2229	3137
PB1|PP755595.1|A/cattle/Texas/24-008749-003/2024(H5N1)	2230	3135
PB1|PP755595.1|A/cattle/Texas/24-008749-003/2024(H5N1)	2231	3137
PB1|PP755595.1|A/cattle/Texas/24-008749-003/2024(H5N1)	2232	3118
PB1|PP755595.1|A/cattle/Texas/24-008749-003/2024(H5N1)	2233	3116
PB1|PP755595.1|A/cattle/Texas/24-008749-003/2024(H5N1)	2234	3095
PB1|PP755595.1|A/cattle/Texas/24-008749-003/2024(H5N1)	2235	3046
PB1|PP755595.1|A/cattle/Texas/24-008749-003/2024(H5N1)	2236	3006
PB1|PP755595.1|A/cattle/Texas/24-008749-003/2024(H5N1)	2237	3001
PB1|PP755595.1|A/cattle/Texas/24-008749-003/2024(H5N1)	2238	2985
PB1|PP755595.1|A/cattle/Texas/24-008749-003/2024(H5N1)	2239	2926
PB1|PP755595.1|A/cattle/Texas/24-008749-003/2024(H5N1)	2240	2930
PB1|PP755595.1|A/cattle/Texas/24-008749-003/2024(H5N1)	2241	2926
PB1|PP755595.1|A/cattle/Texas/24-008749-003/2024(H5N1)	2242	2926
PB1|PP755595.1|A/cattle/Texas/24-008749-003/2024(H5N1)	2243	2921
PB1|PP755595.1|A/cattle/Texas/24-008749-003/2024(H5N1)	2244	2832
PB1|PP755595.1|A/cattle/Texas/24-008749-003/2024(H5N1)	2245	2830
PB1|PP755595.1|A/cattle/Texas/24-008749-003/2024(H5N1)	2246	2823
PB1|PP755595.1|A/cattle/Texas/24-008749-003/2024(H5N1)	2247	2761
PB1|PP755595.1|A/cattle/Texas/24-008749-003/2024(H5N1)	2248	2758
PB1|PP755595.1|A/cattle/Texas/24-008749-003/2024(H5N1)	2249	2689
PB1|PP755595.1|A/cattle/Texas/24-008749-003/2024(H5N1)	2250	2677
PB1|PP755595.1|A/cattle/Texas/24-008749-003/2024(H5N1)	2251	2656
PB1|PP755595.1|A/cattle/Texas/24-008749-003/2024(H5N1)	2252	2652
PB1|PP755595.1|A/cattle/Texas/24-008749-003/2024(H5N1)	2253	2643
PB1|PP755595.1|A/cattle/Texas/24-008749-003/2024(H5N1)	2254	2626
PB1|PP755595.1|A/cattle/Texas/24-008749-003/2024(H5N1)	2255	2317
PB1|PP755595.1|A/cattle/Texas/24-008749-003/2024(H5N1)	2256	2294
PB1|PP755595.1|A/cattle/Texas/24-008749-003/2024(H5N1)	2257	2194
PB1|PP755595.1|A/cattle/Texas/24-008749-003/2024(H5N1)	2258	2160
PB1|PP755595.1|A/cattle/Texas/24-008749-003/2024(H5N1)	2259	2160
PB1|PP755595.1|A/cattle/Texas/24-008749-003/2024(H5N1)	2260	2123
PB1|PP755595.1|A/cattle/Texas/24-008749-003/2024(H5N1)	2261	2083
PB1|PP755595.1|A/cattle/Texas/24-008749-003/2024(H5N1)	2262	2080
PB1|PP755595.1|A/cattle/Texas/24-008749-003/2024(H5N1)	2263	2039
PB1|PP755595.1|A/cattle/Texas/24-008749-003/2024(H5N1)	2264	2020
PB1|PP755595.1|A/cattle/Texas/24-008749-003/2024(H5N1)	2265	1927
PB1|PP755595.1|A/cattle/Texas/24-008749-003/2024(H5N1)	2266	1907
PB1|PP755595.1|A/cattle/Texas/24-008749-003/2024(H5N1)	2267	1905
PB1|PP755595.1|A/cattle/Texas/24-008749-003/2024(H5N1)	2268	41
PB1|PP755595.1|A/cattle/Texas/24-008749-003/2024(H5N1)	2269	41
PB1|PP755595.1|A/cattle/Texas/24-008749-003/2024(H5N1)	2270	39
PB1|PP755595.1|A/cattle/Texas/24-008749-003/2024(H5N1)	2271	37
PB1|PP755595.1|A/cattle/Texas/24-008749-003/2024(H5N1)	2272	35
PB1|PP755595.1|A/cattle/Texas/24-008749-003/2024(H5N1)	2273	35
PB1|PP755595.1|A/cattle/Texas/24-008749-003/2024(H5N1)	2274	32
