MP|PP755590.1|A/cattle/Texas/24-008749-003/2024(H5N1)	1	4520
MP|PP755590.1|A/cattle/Texas/24-008749-003/2024(H5N1)	2	4566
MP|PP755590.1|A/cattle/Texas/24-008749-003/2024(H5N1)	3	4574
MP|PP755590.1|A/cattle/Texas/24-008749-003/2024(H5N1)	4	4583
MP|PP755590.1|A/cattle/Texas/24-008749-003/2024(H5N1)	5	4832
MP|PP755590.1|A/cattle/Texas/24-008749-003/2024(H5N1)	6	4948
MP|PP755590.1|A/cattle/Texas/24-008749-003/2024(H5N1)	7	5363
MP|PP755590.1|A/cattle/Texas/24-008749-003/2024(H5N1)	8	5525
MP|PP755590.1|A/cattle/Texas/24-008749-003/2024(H5N1)	9	5562
MP|PP755590.1|A/cattle/Texas/24-008749-003/2024(H5N1)	10	5564
MP|PP755590.1|A/cattle/Texas/24-008749-003/2024(H5N1)	11	5585
MP|PP755590.1|A/cattle/Texas/24-008749-003/2024(H5N1)	12	5628
MP|PP755590.1|A/cattle/Texas/24-008749-003/2024(H5N1)	13	5666
MP|PP755590.1|A/cattle/Texas/24-008749-003/2024(H5N1)	14	5667
MP|PP755590.1|A/cattle/Texas/24-008749-003/2024(H5N1)	15	5667
MP|PP755590.1|A/cattle/Texas/24-008749-003/2024(H5N1)	16	5668
MP|PP755590.1|A/cattle/Texas/24-008749-003/2024(H5N1)	17	5708
MP|PP755590.1|A/cattle/Texas/24-008749-003/2024(H5N1)	18	5774
MP|PP755590.1|A/cattle/Texas/24-008749-003/2024(H5N1)	19	6006
MP|PP755590.1|A/cattle/Texas/24-008749-003/2024(H5N1)	20	6006
MP|PP755590.1|A/cattle/Texas/24-008749-003/2024(H5N1)	21	6015
MP|PP755590.1|A/cattle/Texas/24-008749-003/2024(H5N1)	22	6017
MP|PP755590.1|A/cattle/Texas/24-008749-003/2024(H5N1)	23	6142
MP|PP755590.1|A/cattle/Texas/24-008749-003/2024(H5N1)	24	6155
MP|PP755590.1|A/cattle/Texas/24-008749-003/2024(H5N1)	25	6170
MP|PP755590.1|A/cattle/Texas/24-008749-003/2024(H5N1)	26	6375
MP|PP755590.1|A/cattle/Texas/24-008749-003/2024(H5N1)	27	6397
MP|PP755590.1|A/cattle/Texas/24-008749-003/2024(H5N1)	28	6421
MP|PP755590.1|A/cattle/Texas/24-008749-003/2024(H5N1)	29	6434
MP|PP755590.1|A/cattle/Texas/24-008749-003/2024(H5N1)	30	6496
MP|PP755590.1|A/cattle/Texas/24-008749-003/2024(H5N1)	31	6533
MP|PP755590.1|A/cattle/Texas/24-008749-003/2024(H5N1)	32	6553
MP|PP755590.1|A/cattle/Texas/24-008749-003/2024(H5N1)	33	6756
MP|PP755590.1|A/cattle/Texas/24-008749-003/2024(H5N1)	34	6887
MP|PP755590.1|A/cattle/Texas/24-008749-003/2024(H5N1)	35	6890
MP|PP755590.1|A/cattle/Texas/24-008749-003/2024(H5N1)	36	7182
MP|PP755590.1|A/cattle/Texas/24-008749-003/2024(H5N1)	37	7188
MP|PP755590.1|A/cattle/Texas/24-008749-003/2024(H5N1)	38	7545
MP|PP755590.1|A/cattle/Texas/24-008749-003/2024(H5N1)	39	7552
MP|PP755590.1|A/cattle/Texas/24-008749-003/2024(H5N1)	40	7596
MP|PP755590.1|A/cattle/Texas/24-008749-003/2024(H5N1)	41	7602
MP|PP755590.1|A/cattle/Texas/24-008749-003/2024(H5N1)	42	7609
MP|PP755590.1|A/cattle/Texas/24-008749-003/2024(H5N1)	43	7661
MP|PP755590.1|A/cattle/Texas/24-008749-003/2024(H5N1)	44	7665
MP|PP755590.1|A/cattle/Texas/24-008749-003/2024(H5N1)	45	7674
MP|PP755590.1|A/cattle/Texas/24-008749-003/2024(H5N1)	46	7736
MP|PP755590.1|A/cattle/Texas/24-008749-003/2024(H5N1)	47	7831
MP|PP755590.1|A/cattle/Texas/24-008749-003/2024(H5N1)	48	7879
MP|PP755590.1|A/cattle/Texas/24-008749-003/2024(H5N1)	49	7891
MP|PP755590.1|A/cattle/Texas/24-008749-003/2024(H5N1)	50	7914
MP|PP755590.1|A/cattle/Texas/24-008749-003/2024(H5N1)	51	7916
MP|PP755590.1|A/cattle/Texas/24-008749-003/2024(H5N1)	52	7985
MP|PP755590.1|A/cattle/Texas/24-008749-003/2024(H5N1)	53	8093
MP|PP755590.1|A/cattle/Texas/24-008749-003/2024(H5N1)	54	8103
MP|PP755590.1|A/cattle/Texas/24-008749-003/2024(H5N1)	55	8100
MP|PP755590.1|A/cattle/Texas/24-008749-003/2024(H5N1)	56	8188
MP|PP755590.1|A/cattle/Texas/24-008749-003/2024(H5N1)	57	8778
MP|PP755590.1|A/cattle/Texas/24-008749-003/2024(H5N1)	58	8791
MP|PP755590.1|A/cattle/Texas/24-008749-003/2024(H5N1)	59	8844
MP|PP755590.1|A/cattle/Texas/24-008749-003/2024(H5N1)	60	8845
MP|PP755590.1|A/cattle/Texas/24-008749-003/2024(H5N1)	61	8912
MP|PP755590.1|A/cattle/Texas/24-008749-003/2024(H5N1)	62	8923
MP|PP755590.1|A/cattle/Texas/24-008749-003/2024(H5N1)	63	9026
MP|PP755590.1|A/cattle/Texas/24-008749-003/2024(H5N1)	64	9062
MP|PP755590.1|A/cattle/Texas/24-008749-003/2024(H5N1)	65	9117
MP|PP755590.1|A/cattle/Texas/24-008749-003/2024(H5N1)	66	9070
MP|PP755590.1|A/cattle/Texas/24-008749-003/2024(H5N1)	67	9069
MP|PP755590.1|A/cattle/Texas/24-008749-003/2024(H5N1)	68	9104
MP|PP755590.1|A/cattle/Texas/24-008749-003/2024(H5N1)	69	9115
MP|PP755590.1|A/cattle/Texas/24-008749-003/2024(H5N1)	70	9363
MP|PP755590.1|A/cattle/Texas/24-008749-003/2024(H5N1)	71	9365
MP|PP755590.1|A/cattle/Texas/24-008749-003/2024(H5N1)	72	9348
MP|PP755590.1|A/cattle/Texas/24-008749-003/2024(H5N1)	73	9389
MP|PP755590.1|A/cattle/Texas/24-008749-003/2024(H5N1)	74	9454
MP|PP755590.1|A/cattle/Texas/24-008749-003/2024(H5N1)	75	9457
MP|PP755590.1|A/cattle/Texas/24-008749-003/2024(H5N1)	76	9558
MP|PP755590.1|A/cattle/Texas/24-008749-003/2024(H5N1)	77	9556
MP|PP755590.1|A/cattle/Texas/24-008749-003/2024(H5N1)	78	9582
MP|PP755590.1|A/cattle/Texas/24-008749-003/2024(H5N1)	79	9802
MP|PP755590.1|A/cattle/Texas/24-008749-003/2024(H5N1)	80	10406
MP|PP755590.1|A/cattle/Texas/24-008749-003/2024(H5N1)	81	10444
MP|PP755590.1|A/cattle/Texas/24-008749-003/2024(H5N1)	82	10528
MP|PP755590.1|A/cattle/Texas/24-008749-003/2024(H5N1)	83	10660
MP|PP755590.1|A/cattle/Texas/24-008749-003/2024(H5N1)	84	10728
MP|PP755590.1|A/cattle/Texas/24-008749-003/2024(H5N1)	85	10845
MP|PP755590.1|A/cattle/Texas/24-008749-003/2024(H5N1)	86	10867
MP|PP755590.1|A/cattle/Texas/24-008749-003/2024(H5N1)	87	10864
MP|PP755590.1|A/cattle/Texas/24-008749-003/2024(H5N1)	88	10865
MP|PP755590.1|A/cattle/Texas/24-008749-003/2024(H5N1)	89	10786
MP|PP755590.1|A/cattle/Texas/24-008749-003/2024(H5N1)	90	10819
MP|PP755590.1|A/cattle/Texas/24-008749-003/2024(H5N1)	91	10820
MP|PP755590.1|A/cattle/Texas/24-008749-003/2024(H5N1)	92	10854
MP|PP755590.1|A/cattle/Texas/24-008749-003/2024(H5N1)	93	10868
MP|PP755590.1|A/cattle/Texas/24-008749-003/2024(H5N1)	94	10844
MP|PP755590.1|A/cattle/Texas/24-008749-003/2024(H5N1)	95	10899
MP|PP755590.1|A/cattle/Texas/24-008749-003/2024(H5N1)	96	11034
MP|PP755590.1|A/cattle/Texas/24-008749-003/2024(H5N1)	97	11057
MP|PP755590.1|A/cattle/Texas/24-008749-003/2024(H5N1)	98	11070
MP|PP755590.1|A/cattle/Texas/24-008749-003/2024(H5N1)	99	11066
MP|PP755590.1|A/cattle/Texas/24-008749-003/2024(H5N1)	100	11230
MP|PP755590.1|A/cattle/Texas/24-008749-003/2024(H5N1)	101	11249
MP|PP755590.1|A/cattle/Texas/24-008749-003/2024(H5N1)	102	11527
MP|PP755590.1|A/cattle/Texas/24-008749-003/2024(H5N1)	103	11533
MP|PP755590.1|A/cattle/Texas/24-008749-003/2024(H5N1)	104	11532
MP|PP755590.1|A/cattle/Texas/24-008749-003/2024(H5N1)	105	11598
MP|PP755590.1|A/cattle/Texas/24-008749-003/2024(H5N1)	106	11632
MP|PP755590.1|A/cattle/Texas/24-008749-003/2024(H5N1)	107	11665
MP|PP755590.1|A/cattle/Texas/24-008749-003/2024(H5N1)	108	11710
MP|PP755590.1|A/cattle/Texas/24-008749-003/2024(H5N1)	109	11685
MP|PP755590.1|A/cattle/Texas/24-008749-003/2024(H5N1)	110	11761
MP|PP755590.1|A/cattle/Texas/24-008749-003/2024(H5N1)	111	11697
MP|PP755590.1|A/cattle/Texas/24-008749-003/2024(H5N1)	112	11714
MP|PP755590.1|A/cattle/Texas/24-008749-003/2024(H5N1)	113	12027
MP|PP755590.1|A/cattle/Texas/24-008749-003/2024(H5N1)	114	12044
MP|PP755590.1|A/cattle/Texas/24-008749-003/2024(H5N1)	115	12121
MP|PP755590.1|A/cattle/Texas/24-008749-003/2024(H5N1)	116	12121
MP|PP755590.1|A/cattle/Texas/24-008749-003/2024(H5N1)	117	12122
MP|PP755590.1|A/cattle/Texas/24-008749-003/2024(H5N1)	118	12123
MP|PP755590.1|A/cattle/Texas/24-008749-003/2024(H5N1)	119	12156
MP|PP755590.1|A/cattle/Texas/24-008749-003/2024(H5N1)	120	12170
MP|PP755590.1|A/cattle/Texas/24-008749-003/2024(H5N1)	121	12196
MP|PP755590.1|A/cattle/Texas/24-008749-003/2024(H5N1)	122	12178
MP|PP755590.1|A/cattle/Texas/24-008749-003/2024(H5N1)	123	12248
MP|PP755590.1|A/cattle/Texas/24-008749-003/2024(H5N1)	124	11102
MP|PP755590.1|A/cattle/Texas/24-008749-003/2024(H5N1)	125	11202
MP|PP755590.1|A/cattle/Texas/24-008749-003/2024(H5N1)	126	10833
MP|PP755590.1|A/cattle/Texas/24-008749-003/2024(H5N1)	127	10843
MP|PP755590.1|A/cattle/Texas/24-008749-003/2024(H5N1)	128	10468
MP|PP755590.1|A/cattle/Texas/24-008749-003/2024(H5N1)	129	10457
MP|PP755590.1|A/cattle/Texas/24-008749-003/2024(H5N1)	130	10463
MP|PP755590.1|A/cattle/Texas/24-008749-003/2024(H5N1)	131	10431
MP|PP755590.1|A/cattle/Texas/24-008749-003/2024(H5N1)	132	10826
MP|PP755590.1|A/cattle/Texas/24-008749-003/2024(H5N1)	133	10560
MP|PP755590.1|A/cattle/Texas/24-008749-003/2024(H5N1)	134	10833
MP|PP755590.1|A/cattle/Texas/24-008749-003/2024(H5N1)	135	11009
MP|PP755590.1|A/cattle/Texas/24-008749-003/2024(H5N1)	136	10665
MP|PP755590.1|A/cattle/Texas/24-008749-003/2024(H5N1)	137	10942
MP|PP755590.1|A/cattle/Texas/24-008749-003/2024(H5N1)	138	10948
MP|PP755590.1|A/cattle/Texas/24-008749-003/2024(H5N1)	139	10941
MP|PP755590.1|A/cattle/Texas/24-008749-003/2024(H5N1)	140	11253
MP|PP755590.1|A/cattle/Texas/24-008749-003/2024(H5N1)	141	11334
MP|PP755590.1|A/cattle/Texas/24-008749-003/2024(H5N1)	142	11470
MP|PP755590.1|A/cattle/Texas/24-008749-003/2024(H5N1)	143	11323
MP|PP755590.1|A/cattle/Texas/24-008749-003/2024(H5N1)	144	11209
MP|PP755590.1|A/cattle/Texas/24-008749-003/2024(H5N1)	145	11223
MP|PP755590.1|A/cattle/Texas/24-008749-003/2024(H5N1)	146	11609
MP|PP755590.1|A/cattle/Texas/24-008749-003/2024(H5N1)	147	11828
MP|PP755590.1|A/cattle/Texas/24-008749-003/2024(H5N1)	148	11820
MP|PP755590.1|A/cattle/Texas/24-008749-003/2024(H5N1)	149	11734
MP|PP755590.1|A/cattle/Texas/24-008749-003/2024(H5N1)	150	11733
MP|PP755590.1|A/cattle/Texas/24-008749-003/2024(H5N1)	151	11799
MP|PP755590.1|A/cattle/Texas/24-008749-003/2024(H5N1)	152	11811
MP|PP755590.1|A/cattle/Texas/24-008749-003/2024(H5N1)	153	11945
MP|PP755590.1|A/cattle/Texas/24-008749-003/2024(H5N1)	154	11220
MP|PP755590.1|A/cattle/Texas/24-008749-003/2024(H5N1)	155	11481
MP|PP755590.1|A/cattle/Texas/24-008749-003/2024(H5N1)	156	11487
MP|PP755590.1|A/cattle/Texas/24-008749-003/2024(H5N1)	157	11492
MP|PP755590.1|A/cattle/Texas/24-008749-003/2024(H5N1)	158	11481
MP|PP755590.1|A/cattle/Texas/24-008749-003/2024(H5N1)	159	11487
MP|PP755590.1|A/cattle/Texas/24-008749-003/2024(H5N1)	160	11801
MP|PP755590.1|A/cattle/Texas/24-008749-003/2024(H5N1)	161	11753
MP|PP755590.1|A/cattle/Texas/24-008749-003/2024(H5N1)	162	11794
MP|PP755590.1|A/cattle/Texas/24-008749-003/2024(H5N1)	163	11784
MP|PP755590.1|A/cattle/Texas/24-008749-003/2024(H5N1)	164	11796
MP|PP755590.1|A/cattle/Texas/24-008749-003/2024(H5N1)	165	12014
MP|PP755590.1|A/cattle/Texas/24-008749-003/2024(H5N1)	166	12027
MP|PP755590.1|A/cattle/Texas/24-008749-003/2024(H5N1)	167	11955
MP|PP755590.1|A/cattle/Texas/24-008749-003/2024(H5N1)	168	11958
MP|PP755590.1|A/cattle/Texas/24-008749-003/2024(H5N1)	169	11827
MP|PP755590.1|A/cattle/Texas/24-008749-003/2024(H5N1)	170	11710
MP|PP755590.1|A/cattle/Texas/24-008749-003/2024(H5N1)	171	11723
MP|PP755590.1|A/cattle/Texas/24-008749-003/2024(H5N1)	172	11732
MP|PP755590.1|A/cattle/Texas/24-008749-003/2024(H5N1)	173	11762
MP|PP755590.1|A/cattle/Texas/24-008749-003/2024(H5N1)	174	11740
MP|PP755590.1|A/cattle/Texas/24-008749-003/2024(H5N1)	175	11912
MP|PP755590.1|A/cattle/Texas/24-008749-003/2024(H5N1)	176	11902
MP|PP755590.1|A/cattle/Texas/24-008749-003/2024(H5N1)	177	11812
MP|PP755590.1|A/cattle/Texas/24-008749-003/2024(H5N1)	178	11799
MP|PP755590.1|A/cattle/Texas/24-008749-003/2024(H5N1)	179	11776
MP|PP755590.1|A/cattle/Texas/24-008749-003/2024(H5N1)	180	11776
MP|PP755590.1|A/cattle/Texas/24-008749-003/2024(H5N1)	181	11816
MP|PP755590.1|A/cattle/Texas/24-008749-003/2024(H5N1)	182	11833
MP|PP755590.1|A/cattle/Texas/24-008749-003/2024(H5N1)	183	11845
MP|PP755590.1|A/cattle/Texas/24-008749-003/2024(H5N1)	184	11679
MP|PP755590.1|A/cattle/Texas/24-008749-003/2024(H5N1)	185	11598
MP|PP755590.1|A/cattle/Texas/24-008749-003/2024(H5N1)	186	11591
MP|PP755590.1|A/cattle/Texas/24-008749-003/2024(H5N1)	187	11473
MP|PP755590.1|A/cattle/Texas/24-008749-003/2024(H5N1)	188	11472
MP|PP755590.1|A/cattle/Texas/24-008749-003/2024(H5N1)	189	11171
MP|PP755590.1|A/cattle/Texas/24-008749-003/2024(H5N1)	190	11359
MP|PP755590.1|A/cattle/Texas/24-008749-003/2024(H5N1)	191	11486
MP|PP755590.1|A/cattle/Texas/24-008749-003/2024(H5N1)	192	11529
MP|PP755590.1|A/cattle/Texas/24-008749-003/2024(H5N1)	193	11531
MP|PP755590.1|A/cattle/Texas/24-008749-003/2024(H5N1)	194	11840
MP|PP755590.1|A/cattle/Texas/24-008749-003/2024(H5N1)	195	11839
MP|PP755590.1|A/cattle/Texas/24-008749-003/2024(H5N1)	196	11720
MP|PP755590.1|A/cattle/Texas/24-008749-003/2024(H5N1)	197	11681
MP|PP755590.1|A/cattle/Texas/24-008749-003/2024(H5N1)	198	11939
MP|PP755590.1|A/cattle/Texas/24-008749-003/2024(H5N1)	199	12071
MP|PP755590.1|A/cattle/Texas/24-008749-003/2024(H5N1)	200	12161
MP|PP755590.1|A/cattle/Texas/24-008749-003/2024(H5N1)	201	12198
MP|PP755590.1|A/cattle/Texas/24-008749-003/2024(H5N1)	202	12208
MP|PP755590.1|A/cattle/Texas/24-008749-003/2024(H5N1)	203	12106
MP|PP755590.1|A/cattle/Texas/24-008749-003/2024(H5N1)	204	12113
MP|PP755590.1|A/cattle/Texas/24-008749-003/2024(H5N1)	205	12204
MP|PP755590.1|A/cattle/Texas/24-008749-003/2024(H5N1)	206	12196
MP|PP755590.1|A/cattle/Texas/24-008749-003/2024(H5N1)	207	11709
MP|PP755590.1|A/cattle/Texas/24-008749-003/2024(H5N1)	208	11633
MP|PP755590.1|A/cattle/Texas/24-008749-003/2024(H5N1)	209	11735
MP|PP755590.1|A/cattle/Texas/24-008749-003/2024(H5N1)	210	12134
MP|PP755590.1|A/cattle/Texas/24-008749-003/2024(H5N1)	211	12195
MP|PP755590.1|A/cattle/Texas/24-008749-003/2024(H5N1)	212	12353
MP|PP755590.1|A/cattle/Texas/24-008749-003/2024(H5N1)	213	12349
MP|PP755590.1|A/cattle/Texas/24-008749-003/2024(H5N1)	214	12413
MP|PP755590.1|A/cattle/Texas/24-008749-003/2024(H5N1)	215	12456
MP|PP755590.1|A/cattle/Texas/24-008749-003/2024(H5N1)	216	12453
MP|PP755590.1|A/cattle/Texas/24-008749-003/2024(H5N1)	217	12705
MP|PP755590.1|A/cattle/Texas/24-008749-003/2024(H5N1)	218	12739
MP|PP755590.1|A/cattle/Texas/24-008749-003/2024(H5N1)	219	12687
MP|PP755590.1|A/cattle/Texas/24-008749-003/2024(H5N1)	220	13230
MP|PP755590.1|A/cattle/Texas/24-008749-003/2024(H5N1)	221	13028
MP|PP755590.1|A/cattle/Texas/24-008749-003/2024(H5N1)	222	13041
MP|PP755590.1|A/cattle/Texas/24-008749-003/2024(H5N1)	223	13003
MP|PP755590.1|A/cattle/Texas/24-008749-003/2024(H5N1)	224	12987
MP|PP755590.1|A/cattle/Texas/24-008749-003/2024(H5N1)	225	13246
MP|PP755590.1|A/cattle/Texas/24-008749-003/2024(H5N1)	226	13287
MP|PP755590.1|A/cattle/Texas/24-008749-003/2024(H5N1)	227	13316
MP|PP755590.1|A/cattle/Texas/24-008749-003/2024(H5N1)	228	13393
MP|PP755590.1|A/cattle/Texas/24-008749-003/2024(H5N1)	229	13132
MP|PP755590.1|A/cattle/Texas/24-008749-003/2024(H5N1)	230	13135
MP|PP755590.1|A/cattle/Texas/24-008749-003/2024(H5N1)	231	12737
MP|PP755590.1|A/cattle/Texas/24-008749-003/2024(H5N1)	232	12660
MP|PP755590.1|A/cattle/Texas/24-008749-003/2024(H5N1)	233	12696
MP|PP755590.1|A/cattle/Texas/24-008749-003/2024(H5N1)	234	12448
MP|PP755590.1|A/cattle/Texas/24-008749-003/2024(H5N1)	235	12584
MP|PP755590.1|A/cattle/Texas/24-008749-003/2024(H5N1)	236	12693
MP|PP755590.1|A/cattle/Texas/24-008749-003/2024(H5N1)	237	12706
MP|PP755590.1|A/cattle/Texas/24-008749-003/2024(H5N1)	238	12915
MP|PP755590.1|A/cattle/Texas/24-008749-003/2024(H5N1)	239	13069
MP|PP755590.1|A/cattle/Texas/24-008749-003/2024(H5N1)	240	13044
MP|PP755590.1|A/cattle/Texas/24-008749-003/2024(H5N1)	241	13014
MP|PP755590.1|A/cattle/Texas/24-008749-003/2024(H5N1)	242	12986
MP|PP755590.1|A/cattle/Texas/24-008749-003/2024(H5N1)	243	13067
MP|PP755590.1|A/cattle/Texas/24-008749-003/2024(H5N1)	244	13214
MP|PP755590.1|A/cattle/Texas/24-008749-003/2024(H5N1)	245	13024
MP|PP755590.1|A/cattle/Texas/24-008749-003/2024(H5N1)	246	13366
MP|PP755590.1|A/cattle/Texas/24-008749-003/2024(H5N1)	247	13256
MP|PP755590.1|A/cattle/Texas/24-008749-003/2024(H5N1)	248	13266
MP|PP755590.1|A/cattle/Texas/24-008749-003/2024(H5N1)	249	13591
MP|PP755590.1|A/cattle/Texas/24-008749-003/2024(H5N1)	250	13618
MP|PP755590.1|A/cattle/Texas/24-008749-003/2024(H5N1)	251	13676
MP|PP755590.1|A/cattle/Texas/24-008749-003/2024(H5N1)	252	13761
MP|PP755590.1|A/cattle/Texas/24-008749-003/2024(H5N1)	253	13529
MP|PP755590.1|A/cattle/Texas/24-008749-003/2024(H5N1)	254	13741
MP|PP755590.1|A/cattle/Texas/24-008749-003/2024(H5N1)	255	13798
MP|PP755590.1|A/cattle/Texas/24-008749-003/2024(H5N1)	256	13706
MP|PP755590.1|A/cattle/Texas/24-008749-003/2024(H5N1)	257	13787
MP|PP755590.1|A/cattle/Texas/24-008749-003/2024(H5N1)	258	13796
MP|PP755590.1|A/cattle/Texas/24-008749-003/2024(H5N1)	259	14027
MP|PP755590.1|A/cattle/Texas/24-008749-003/2024(H5N1)	260	14075
MP|PP755590.1|A/cattle/Texas/24-008749-003/2024(H5N1)	261	14043
MP|PP755590.1|A/cattle/Texas/24-008749-003/2024(H5N1)	262	14044
MP|PP755590.1|A/cattle/Texas/24-008749-003/2024(H5N1)	263	14098
MP|PP755590.1|A/cattle/Texas/24-008749-003/2024(H5N1)	264	13824
MP|PP755590.1|A/cattle/Texas/24-008749-003/2024(H5N1)	265	13855
MP|PP755590.1|A/cattle/Texas/24-008749-003/2024(H5N1)	266	13827
MP|PP755590.1|A/cattle/Texas/24-008749-003/2024(H5N1)	267	13964
MP|PP755590.1|A/cattle/Texas/24-008749-003/2024(H5N1)	268	14006
MP|PP755590.1|A/cattle/Texas/24-008749-003/2024(H5N1)	269	13993
MP|PP755590.1|A/cattle/Texas/24-008749-003/2024(H5N1)	270	14024
MP|PP755590.1|A/cattle/Texas/24-008749-003/2024(H5N1)	271	14011
MP|PP755590.1|A/cattle/Texas/24-008749-003/2024(H5N1)	272	13999
MP|PP755590.1|A/cattle/Texas/24-008749-003/2024(H5N1)	273	14306
MP|PP755590.1|A/cattle/Texas/24-008749-003/2024(H5N1)	274	14473
MP|PP755590.1|A/cattle/Texas/24-008749-003/2024(H5N1)	275	13935
MP|PP755590.1|A/cattle/Texas/24-008749-003/2024(H5N1)	276	13818
MP|PP755590.1|A/cattle/Texas/24-008749-003/2024(H5N1)	277	13810
MP|PP755590.1|A/cattle/Texas/24-008749-003/2024(H5N1)	278	13803
MP|PP755590.1|A/cattle/Texas/24-008749-003/2024(H5N1)	279	14116
MP|PP755590.1|A/cattle/Texas/24-008749-003/2024(H5N1)	280	14147
MP|PP755590.1|A/cattle/Texas/24-008749-003/2024(H5N1)	281	14126
MP|PP755590.1|A/cattle/Texas/24-008749-003/2024(H5N1)	282	14115
MP|PP755590.1|A/cattle/Texas/24-008749-003/2024(H5N1)	283	13663
MP|PP755590.1|A/cattle/Texas/24-008749-003/2024(H5N1)	284	13909
MP|PP755590.1|A/cattle/Texas/24-008749-003/2024(H5N1)	285	13626
MP|PP755590.1|A/cattle/Texas/24-008749-003/2024(H5N1)	286	13492
MP|PP755590.1|A/cattle/Texas/24-008749-003/2024(H5N1)	287	13586
MP|PP755590.1|A/cattle/Texas/24-008749-003/2024(H5N1)	288	13275
MP|PP755590.1|A/cattle/Texas/24-008749-003/2024(H5N1)	289	13414
MP|PP755590.1|A/cattle/Texas/24-008749-003/2024(H5N1)	290	13426
MP|PP755590.1|A/cattle/Texas/24-008749-003/2024(H5N1)	291	12958
MP|PP755590.1|A/cattle/Texas/24-008749-003/2024(H5N1)	292	12917
MP|PP755590.1|A/cattle/Texas/24-008749-003/2024(H5N1)	293	12699
MP|PP755590.1|A/cattle/Texas/24-008749-003/2024(H5N1)	294	12193
MP|PP755590.1|A/cattle/Texas/24-008749-003/2024(H5N1)	295	11907
MP|PP755590.1|A/cattle/Texas/24-008749-003/2024(H5N1)	296	13143
MP|PP755590.1|A/cattle/Texas/24-008749-003/2024(H5N1)	297	13462
MP|PP755590.1|A/cattle/Texas/24-008749-003/2024(H5N1)	298	13646
MP|PP755590.1|A/cattle/Texas/24-008749-003/2024(H5N1)	299	13678
MP|PP755590.1|A/cattle/Texas/24-008749-003/2024(H5N1)	300	13912
MP|PP755590.1|A/cattle/Texas/24-008749-003/2024(H5N1)	301	13895
MP|PP755590.1|A/cattle/Texas/24-008749-003/2024(H5N1)	302	13781
MP|PP755590.1|A/cattle/Texas/24-008749-003/2024(H5N1)	303	13782
MP|PP755590.1|A/cattle/Texas/24-008749-003/2024(H5N1)	304	14014
MP|PP755590.1|A/cattle/Texas/24-008749-003/2024(H5N1)	305	14010
MP|PP755590.1|A/cattle/Texas/24-008749-003/2024(H5N1)	306	13685
MP|PP755590.1|A/cattle/Texas/24-008749-003/2024(H5N1)	307	14010
MP|PP755590.1|A/cattle/Texas/24-008749-003/2024(H5N1)	308	14096
MP|PP755590.1|A/cattle/Texas/24-008749-003/2024(H5N1)	309	14114
MP|PP755590.1|A/cattle/Texas/24-008749-003/2024(H5N1)	310	14157
MP|PP755590.1|A/cattle/Texas/24-008749-003/2024(H5N1)	311	13869
MP|PP755590.1|A/cattle/Texas/24-008749-003/2024(H5N1)	312	13887
MP|PP755590.1|A/cattle/Texas/24-008749-003/2024(H5N1)	313	13813
MP|PP755590.1|A/cattle/Texas/24-008749-003/2024(H5N1)	314	13900
MP|PP755590.1|A/cattle/Texas/24-008749-003/2024(H5N1)	315	13911
MP|PP755590.1|A/cattle/Texas/24-008749-003/2024(H5N1)	316	13798
MP|PP755590.1|A/cattle/Texas/24-008749-003/2024(H5N1)	317	13886
MP|PP755590.1|A/cattle/Texas/24-008749-003/2024(H5N1)	318	13935
MP|PP755590.1|A/cattle/Texas/24-008749-003/2024(H5N1)	319	14024
MP|PP755590.1|A/cattle/Texas/24-008749-003/2024(H5N1)	320	14048
MP|PP755590.1|A/cattle/Texas/24-008749-003/2024(H5N1)	321	14048
MP|PP755590.1|A/cattle/Texas/24-008749-003/2024(H5N1)	322	14145
MP|PP755590.1|A/cattle/Texas/24-008749-003/2024(H5N1)	323	14187
MP|PP755590.1|A/cattle/Texas/24-008749-003/2024(H5N1)	324	14128
MP|PP755590.1|A/cattle/Texas/24-008749-003/2024(H5N1)	325	14149
MP|PP755590.1|A/cattle/Texas/24-008749-003/2024(H5N1)	326	13987
MP|PP755590.1|A/cattle/Texas/24-008749-003/2024(H5N1)	327	14062
MP|PP755590.1|A/cattle/Texas/24-008749-003/2024(H5N1)	328	13980
MP|PP755590.1|A/cattle/Texas/24-008749-003/2024(H5N1)	329	13966
MP|PP755590.1|A/cattle/Texas/24-008749-003/2024(H5N1)	330	13994
MP|PP755590.1|A/cattle/Texas/24-008749-003/2024(H5N1)	331	13916
MP|PP755590.1|A/cattle/Texas/24-008749-003/2024(H5N1)	332	14044
MP|PP755590.1|A/cattle/Texas/24-008749-003/2024(H5N1)	333	14251
MP|PP755590.1|A/cattle/Texas/24-008749-003/2024(H5N1)	334	14249
MP|PP755590.1|A/cattle/Texas/24-008749-003/2024(H5N1)	335	14240
MP|PP755590.1|A/cattle/Texas/24-008749-003/2024(H5N1)	336	14222
MP|PP755590.1|A/cattle/Texas/24-008749-003/2024(H5N1)	337	14246
MP|PP755590.1|A/cattle/Texas/24-008749-003/2024(H5N1)	338	14214
MP|PP755590.1|A/cattle/Texas/24-008749-003/2024(H5N1)	339	14207
MP|PP755590.1|A/cattle/Texas/24-008749-003/2024(H5N1)	340	14193
MP|PP755590.1|A/cattle/Texas/24-008749-003/2024(H5N1)	341	14107
MP|PP755590.1|A/cattle/Texas/24-008749-003/2024(H5N1)	342	13950
MP|PP755590.1|A/cattle/Texas/24-008749-003/2024(H5N1)	343	13961
MP|PP755590.1|A/cattle/Texas/24-008749-003/2024(H5N1)	344	13988
MP|PP755590.1|A/cattle/Texas/24-008749-003/2024(H5N1)	345	13663
MP|PP755590.1|A/cattle/Texas/24-008749-003/2024(H5N1)	346	13744
MP|PP755590.1|A/cattle/Texas/24-008749-003/2024(H5N1)	347	13802
MP|PP755590.1|A/cattle/Texas/24-008749-003/2024(H5N1)	348	13882
MP|PP755590.1|A/cattle/Texas/24-008749-003/2024(H5N1)	349	13506
MP|PP755590.1|A/cattle/Texas/24-008749-003/2024(H5N1)	350	13535
MP|PP755590.1|A/cattle/Texas/24-008749-003/2024(H5N1)	351	13931
MP|PP755590.1|A/cattle/Texas/24-008749-003/2024(H5N1)	352	13860
MP|PP755590.1|A/cattle/Texas/24-008749-003/2024(H5N1)	353	13983
MP|PP755590.1|A/cattle/Texas/24-008749-003/2024(H5N1)	354	13971
MP|PP755590.1|A/cattle/Texas/24-008749-003/2024(H5N1)	355	13916
MP|PP755590.1|A/cattle/Texas/24-008749-003/2024(H5N1)	356	13980
MP|PP755590.1|A/cattle/Texas/24-008749-003/2024(H5N1)	357	13963
MP|PP755590.1|A/cattle/Texas/24-008749-003/2024(H5N1)	358	13944
MP|PP755590.1|A/cattle/Texas/24-008749-003/2024(H5N1)	359	13887
MP|PP755590.1|A/cattle/Texas/24-008749-003/2024(H5N1)	360	13440
MP|PP755590.1|A/cattle/Texas/24-008749-003/2024(H5N1)	361	13633
MP|PP755590.1|A/cattle/Texas/24-008749-003/2024(H5N1)	362	13516
MP|PP755590.1|A/cattle/Texas/24-008749-003/2024(H5N1)	363	13349
MP|PP755590.1|A/cattle/Texas/24-008749-003/2024(H5N1)	364	13310
MP|PP755590.1|A/cattle/Texas/24-008749-003/2024(H5N1)	365	13378
MP|PP755590.1|A/cattle/Texas/24-008749-003/2024(H5N1)	366	13290
MP|PP755590.1|A/cattle/Texas/24-008749-003/2024(H5N1)	367	13352
MP|PP755590.1|A/cattle/Texas/24-008749-003/2024(H5N1)	368	13123
MP|PP755590.1|A/cattle/Texas/24-008749-003/2024(H5N1)	369	13215
MP|PP755590.1|A/cattle/Texas/24-008749-003/2024(H5N1)	370	12908
MP|PP755590.1|A/cattle/Texas/24-008749-003/2024(H5N1)	371	12706
MP|PP755590.1|A/cattle/Texas/24-008749-003/2024(H5N1)	372	12886
MP|PP755590.1|A/cattle/Texas/24-008749-003/2024(H5N1)	373	12868
MP|PP755590.1|A/cattle/Texas/24-008749-003/2024(H5N1)	374	12874
MP|PP755590.1|A/cattle/Texas/24-008749-003/2024(H5N1)	375	12602
MP|PP755590.1|A/cattle/Texas/24-008749-003/2024(H5N1)	376	12523
MP|PP755590.1|A/cattle/Texas/24-008749-003/2024(H5N1)	377	12765
MP|PP755590.1|A/cattle/Texas/24-008749-003/2024(H5N1)	378	12806
MP|PP755590.1|A/cattle/Texas/24-008749-003/2024(H5N1)	379	12745
MP|PP755590.1|A/cattle/Texas/24-008749-003/2024(H5N1)	380	12907
MP|PP755590.1|A/cattle/Texas/24-008749-003/2024(H5N1)	381	12823
MP|PP755590.1|A/cattle/Texas/24-008749-003/2024(H5N1)	382	12823
MP|PP755590.1|A/cattle/Texas/24-008749-003/2024(H5N1)	383	12803
MP|PP755590.1|A/cattle/Texas/24-008749-003/2024(H5N1)	384	12765
MP|PP755590.1|A/cattle/Texas/24-008749-003/2024(H5N1)	385	12859
MP|PP755590.1|A/cattle/Texas/24-008749-003/2024(H5N1)	386	12770
MP|PP755590.1|A/cattle/Texas/24-008749-003/2024(H5N1)	387	12693
MP|PP755590.1|A/cattle/Texas/24-008749-003/2024(H5N1)	388	12867
MP|PP755590.1|A/cattle/Texas/24-008749-003/2024(H5N1)	389	12688
MP|PP755590.1|A/cattle/Texas/24-008749-003/2024(H5N1)	390	12771
MP|PP755590.1|A/cattle/Texas/24-008749-003/2024(H5N1)	391	13172
MP|PP755590.1|A/cattle/Texas/24-008749-003/2024(H5N1)	392	13183
MP|PP755590.1|A/cattle/Texas/24-008749-003/2024(H5N1)	393	13244
MP|PP755590.1|A/cattle/Texas/24-008749-003/2024(H5N1)	394	13146
MP|PP755590.1|A/cattle/Texas/24-008749-003/2024(H5N1)	395	12962
MP|PP755590.1|A/cattle/Texas/24-008749-003/2024(H5N1)	396	13710
MP|PP755590.1|A/cattle/Texas/24-008749-003/2024(H5N1)	397	13242
MP|PP755590.1|A/cattle/Texas/24-008749-003/2024(H5N1)	398	13225
MP|PP755590.1|A/cattle/Texas/24-008749-003/2024(H5N1)	399	13198
MP|PP755590.1|A/cattle/Texas/24-008749-003/2024(H5N1)	400	12828
MP|PP755590.1|A/cattle/Texas/24-008749-003/2024(H5N1)	401	13096
MP|PP755590.1|A/cattle/Texas/24-008749-003/2024(H5N1)	402	13346
MP|PP755590.1|A/cattle/Texas/24-008749-003/2024(H5N1)	403	13266
MP|PP755590.1|A/cattle/Texas/24-008749-003/2024(H5N1)	404	13326
MP|PP755590.1|A/cattle/Texas/24-008749-003/2024(H5N1)	405	13104
MP|PP755590.1|A/cattle/Texas/24-008749-003/2024(H5N1)	406	13100
MP|PP755590.1|A/cattle/Texas/24-008749-003/2024(H5N1)	407	13864
MP|PP755590.1|A/cattle/Texas/24-008749-003/2024(H5N1)	408	13861
MP|PP755590.1|A/cattle/Texas/24-008749-003/2024(H5N1)	409	13915
MP|PP755590.1|A/cattle/Texas/24-008749-003/2024(H5N1)	410	13624
MP|PP755590.1|A/cattle/Texas/24-008749-003/2024(H5N1)	411	13606
MP|PP755590.1|A/cattle/Texas/24-008749-003/2024(H5N1)	412	13616
MP|PP755590.1|A/cattle/Texas/24-008749-003/2024(H5N1)	413	13980
MP|PP755590.1|A/cattle/Texas/24-008749-003/2024(H5N1)	414	14032
MP|PP755590.1|A/cattle/Texas/24-008749-003/2024(H5N1)	415	14023
MP|PP755590.1|A/cattle/Texas/24-008749-003/2024(H5N1)	416	14102
MP|PP755590.1|A/cattle/Texas/24-008749-003/2024(H5N1)	417	13944
MP|PP755590.1|A/cattle/Texas/24-008749-003/2024(H5N1)	418	13942
MP|PP755590.1|A/cattle/Texas/24-008749-003/2024(H5N1)	419	13943
MP|PP755590.1|A/cattle/Texas/24-008749-003/2024(H5N1)	420	13933
MP|PP755590.1|A/cattle/Texas/24-008749-003/2024(H5N1)	421	13946
MP|PP755590.1|A/cattle/Texas/24-008749-003/2024(H5N1)	422	14253
MP|PP755590.1|A/cattle/Texas/24-008749-003/2024(H5N1)	423	14246
MP|PP755590.1|A/cattle/Texas/24-008749-003/2024(H5N1)	424	13918
MP|PP755590.1|A/cattle/Texas/24-008749-003/2024(H5N1)	425	13721
MP|PP755590.1|A/cattle/Texas/24-008749-003/2024(H5N1)	426	13661
MP|PP755590.1|A/cattle/Texas/24-008749-003/2024(H5N1)	427	13916
MP|PP755590.1|A/cattle/Texas/24-008749-003/2024(H5N1)	428	13933
MP|PP755590.1|A/cattle/Texas/24-008749-003/2024(H5N1)	429	13960
MP|PP755590.1|A/cattle/Texas/24-008749-003/2024(H5N1)	430	13578
MP|PP755590.1|A/cattle/Texas/24-008749-003/2024(H5N1)	431	13576
MP|PP755590.1|A/cattle/Texas/24-008749-003/2024(H5N1)	432	13614
MP|PP755590.1|A/cattle/Texas/24-008749-003/2024(H5N1)	433	14538
MP|PP755590.1|A/cattle/Texas/24-008749-003/2024(H5N1)	434	14748
MP|PP755590.1|A/cattle/Texas/24-008749-003/2024(H5N1)	435	14501
MP|PP755590.1|A/cattle/Texas/24-008749-003/2024(H5N1)	436	14222
MP|PP755590.1|A/cattle/Texas/24-008749-003/2024(H5N1)	437	14208
MP|PP755590.1|A/cattle/Texas/24-008749-003/2024(H5N1)	438	14453
MP|PP755590.1|A/cattle/Texas/24-008749-003/2024(H5N1)	439	14636
MP|PP755590.1|A/cattle/Texas/24-008749-003/2024(H5N1)	440	14539
MP|PP755590.1|A/cattle/Texas/24-008749-003/2024(H5N1)	441	14668
MP|PP755590.1|A/cattle/Texas/24-008749-003/2024(H5N1)	442	13557
MP|PP755590.1|A/cattle/Texas/24-008749-003/2024(H5N1)	443	13576
MP|PP755590.1|A/cattle/Texas/24-008749-003/2024(H5N1)	444	13696
MP|PP755590.1|A/cattle/Texas/24-008749-003/2024(H5N1)	445	13697
MP|PP755590.1|A/cattle/Texas/24-008749-003/2024(H5N1)	446	13661
MP|PP755590.1|A/cattle/Texas/24-008749-003/2024(H5N1)	447	13171
MP|PP755590.1|A/cattle/Texas/24-008749-003/2024(H5N1)	448	12997
MP|PP755590.1|A/cattle/Texas/24-008749-003/2024(H5N1)	449	13329
MP|PP755590.1|A/cattle/Texas/24-008749-003/2024(H5N1)	450	13302
MP|PP755590.1|A/cattle/Texas/24-008749-003/2024(H5N1)	451	13007
MP|PP755590.1|A/cattle/Texas/24-008749-003/2024(H5N1)	452	13031
MP|PP755590.1|A/cattle/Texas/24-008749-003/2024(H5N1)	453	12918
MP|PP755590.1|A/cattle/Texas/24-008749-003/2024(H5N1)	454	12923
MP|PP755590.1|A/cattle/Texas/24-008749-003/2024(H5N1)	455	12842
MP|PP755590.1|A/cattle/Texas/24-008749-003/2024(H5N1)	456	12866
MP|PP755590.1|A/cattle/Texas/24-008749-003/2024(H5N1)	457	12962
MP|PP755590.1|A/cattle/Texas/24-008749-003/2024(H5N1)	458	12570
MP|PP755590.1|A/cattle/Texas/24-008749-003/2024(H5N1)	459	12615
MP|PP755590.1|A/cattle/Texas/24-008749-003/2024(H5N1)	460	12596
MP|PP755590.1|A/cattle/Texas/24-008749-003/2024(H5N1)	461	12627
MP|PP755590.1|A/cattle/Texas/24-008749-003/2024(H5N1)	462	12783
MP|PP755590.1|A/cattle/Texas/24-008749-003/2024(H5N1)	463	12805
MP|PP755590.1|A/cattle/Texas/24-008749-003/2024(H5N1)	464	12802
MP|PP755590.1|A/cattle/Texas/24-008749-003/2024(H5N1)	465	12774
MP|PP755590.1|A/cattle/Texas/24-008749-003/2024(H5N1)	466	12835
MP|PP755590.1|A/cattle/Texas/24-008749-003/2024(H5N1)	467	12856
MP|PP755590.1|A/cattle/Texas/24-008749-003/2024(H5N1)	468	12773
MP|PP755590.1|A/cattle/Texas/24-008749-003/2024(H5N1)	469	12762
MP|PP755590.1|A/cattle/Texas/24-008749-003/2024(H5N1)	470	12751
MP|PP755590.1|A/cattle/Texas/24-008749-003/2024(H5N1)	471	12738
MP|PP755590.1|A/cattle/Texas/24-008749-003/2024(H5N1)	472	12721
MP|PP755590.1|A/cattle/Texas/24-008749-003/2024(H5N1)	473	12668
MP|PP755590.1|A/cattle/Texas/24-008749-003/2024(H5N1)	474	12705
MP|PP755590.1|A/cattle/Texas/24-008749-003/2024(H5N1)	475	12746
MP|PP755590.1|A/cattle/Texas/24-008749-003/2024(H5N1)	476	12719
MP|PP755590.1|A/cattle/Texas/24-008749-003/2024(H5N1)	477	12880
MP|PP755590.1|A/cattle/Texas/24-008749-003/2024(H5N1)	478	12823
MP|PP755590.1|A/cattle/Texas/24-008749-003/2024(H5N1)	479	12848
MP|PP755590.1|A/cattle/Texas/24-008749-003/2024(H5N1)	480	12933
MP|PP755590.1|A/cattle/Texas/24-008749-003/2024(H5N1)	481	12979
MP|PP755590.1|A/cattle/Texas/24-008749-003/2024(H5N1)	482	13160
MP|PP755590.1|A/cattle/Texas/24-008749-003/2024(H5N1)	483	13044
MP|PP755590.1|A/cattle/Texas/24-008749-003/2024(H5N1)	484	13042
MP|PP755590.1|A/cattle/Texas/24-008749-003/2024(H5N1)	485	13038
MP|PP755590.1|A/cattle/Texas/24-008749-003/2024(H5N1)	486	13042
MP|PP755590.1|A/cattle/Texas/24-008749-003/2024(H5N1)	487	12995
MP|PP755590.1|A/cattle/Texas/24-008749-003/2024(H5N1)	488	13054
MP|PP755590.1|A/cattle/Texas/24-008749-003/2024(H5N1)	489	12918
MP|PP755590.1|A/cattle/Texas/24-008749-003/2024(H5N1)	490	12989
MP|PP755590.1|A/cattle/Texas/24-008749-003/2024(H5N1)	491	12875
MP|PP755590.1|A/cattle/Texas/24-008749-003/2024(H5N1)	492	13028
MP|PP755590.1|A/cattle/Texas/24-008749-003/2024(H5N1)	493	13053
MP|PP755590.1|A/cattle/Texas/24-008749-003/2024(H5N1)	494	12999
MP|PP755590.1|A/cattle/Texas/24-008749-003/2024(H5N1)	495	12970
MP|PP755590.1|A/cattle/Texas/24-008749-003/2024(H5N1)	496	12081
MP|PP755590.1|A/cattle/Texas/24-008749-003/2024(H5N1)	497	12006
MP|PP755590.1|A/cattle/Texas/24-008749-003/2024(H5N1)	498	12033
MP|PP755590.1|A/cattle/Texas/24-008749-003/2024(H5N1)	499	13302
MP|PP755590.1|A/cattle/Texas/24-008749-003/2024(H5N1)	500	13403
MP|PP755590.1|A/cattle/Texas/24-008749-003/2024(H5N1)	501	13445
MP|PP755590.1|A/cattle/Texas/24-008749-003/2024(H5N1)	502	13464
MP|PP755590.1|A/cattle/Texas/24-008749-003/2024(H5N1)	503	13713
MP|PP755590.1|A/cattle/Texas/24-008749-003/2024(H5N1)	504	13350
MP|PP755590.1|A/cattle/Texas/24-008749-003/2024(H5N1)	505	13321
MP|PP755590.1|A/cattle/Texas/24-008749-003/2024(H5N1)	506	13256
MP|PP755590.1|A/cattle/Texas/24-008749-003/2024(H5N1)	507	13138
MP|PP755590.1|A/cattle/Texas/24-008749-003/2024(H5N1)	508	13150
MP|PP755590.1|A/cattle/Texas/24-008749-003/2024(H5N1)	509	13165
MP|PP755590.1|A/cattle/Texas/24-008749-003/2024(H5N1)	510	13183
MP|PP755590.1|A/cattle/Texas/24-008749-003/2024(H5N1)	511	13307
MP|PP755590.1|A/cattle/Texas/24-008749-003/2024(H5N1)	512	13288
MP|PP755590.1|A/cattle/Texas/24-008749-003/2024(H5N1)	513	13263
MP|PP755590.1|A/cattle/Texas/24-008749-003/2024(H5N1)	514	13304
MP|PP755590.1|A/cattle/Texas/24-008749-003/2024(H5N1)	515	13266
MP|PP755590.1|A/cattle/Texas/24-008749-003/2024(H5N1)	516	13359
MP|PP755590.1|A/cattle/Texas/24-008749-003/2024(H5N1)	517	13458
MP|PP755590.1|A/cattle/Texas/24-008749-003/2024(H5N1)	518	13388
MP|PP755590.1|A/cattle/Texas/24-008749-003/2024(H5N1)	519	13352
MP|PP755590.1|A/cattle/Texas/24-008749-003/2024(H5N1)	520	13233
MP|PP755590.1|A/cattle/Texas/24-008749-003/2024(H5N1)	521	13209
MP|PP755590.1|A/cattle/Texas/24-008749-003/2024(H5N1)	522	13331
MP|PP755590.1|A/cattle/Texas/24-008749-003/2024(H5N1)	523	13283
MP|PP755590.1|A/cattle/Texas/24-008749-003/2024(H5N1)	524	13616
MP|PP755590.1|A/cattle/Texas/24-008749-003/2024(H5N1)	525	13563
MP|PP755590.1|A/cattle/Texas/24-008749-003/2024(H5N1)	526	13556
MP|PP755590.1|A/cattle/Texas/24-008749-003/2024(H5N1)	527	13580
MP|PP755590.1|A/cattle/Texas/24-008749-003/2024(H5N1)	528	13446
MP|PP755590.1|A/cattle/Texas/24-008749-003/2024(H5N1)	529	13352
MP|PP755590.1|A/cattle/Texas/24-008749-003/2024(H5N1)	530	13361
MP|PP755590.1|A/cattle/Texas/24-008749-003/2024(H5N1)	531	13243
MP|PP755590.1|A/cattle/Texas/24-008749-003/2024(H5N1)	532	13148
MP|PP755590.1|A/cattle/Texas/24-008749-003/2024(H5N1)	533	13302
MP|PP755590.1|A/cattle/Texas/24-008749-003/2024(H5N1)	534	13747
MP|PP755590.1|A/cattle/Texas/24-008749-003/2024(H5N1)	535	13901
MP|PP755590.1|A/cattle/Texas/24-008749-003/2024(H5N1)	536	13807
MP|PP755590.1|A/cattle/Texas/24-008749-003/2024(H5N1)	537	13644
MP|PP755590.1|A/cattle/Texas/24-008749-003/2024(H5N1)	538	14368
MP|PP755590.1|A/cattle/Texas/24-008749-003/2024(H5N1)	539	14039
MP|PP755590.1|A/cattle/Texas/24-008749-003/2024(H5N1)	540	14033
MP|PP755590.1|A/cattle/Texas/24-008749-003/2024(H5N1)	541	14097
MP|PP755590.1|A/cattle/Texas/24-008749-003/2024(H5N1)	542	13739
MP|PP755590.1|A/cattle/Texas/24-008749-003/2024(H5N1)	543	14102
MP|PP755590.1|A/cattle/Texas/24-008749-003/2024(H5N1)	544	14049
MP|PP755590.1|A/cattle/Texas/24-008749-003/2024(H5N1)	545	14090
MP|PP755590.1|A/cattle/Texas/24-008749-003/2024(H5N1)	546	13997
MP|PP755590.1|A/cattle/Texas/24-008749-003/2024(H5N1)	547	13371
MP|PP755590.1|A/cattle/Texas/24-008749-003/2024(H5N1)	548	14411
MP|PP755590.1|A/cattle/Texas/24-008749-003/2024(H5N1)	549	14621
MP|PP755590.1|A/cattle/Texas/24-008749-003/2024(H5N1)	550	14636
MP|PP755590.1|A/cattle/Texas/24-008749-003/2024(H5N1)	551	14425
MP|PP755590.1|A/cattle/Texas/24-008749-003/2024(H5N1)	552	14104
MP|PP755590.1|A/cattle/Texas/24-008749-003/2024(H5N1)	553	14108
MP|PP755590.1|A/cattle/Texas/24-008749-003/2024(H5N1)	554	14174
MP|PP755590.1|A/cattle/Texas/24-008749-003/2024(H5N1)	555	14414
MP|PP755590.1|A/cattle/Texas/24-008749-003/2024(H5N1)	556	14579
MP|PP755590.1|A/cattle/Texas/24-008749-003/2024(H5N1)	557	13769
MP|PP755590.1|A/cattle/Texas/24-008749-003/2024(H5N1)	558	13717
MP|PP755590.1|A/cattle/Texas/24-008749-003/2024(H5N1)	559	13703
MP|PP755590.1|A/cattle/Texas/24-008749-003/2024(H5N1)	560	13677
MP|PP755590.1|A/cattle/Texas/24-008749-003/2024(H5N1)	561	13828
MP|PP755590.1|A/cattle/Texas/24-008749-003/2024(H5N1)	562	13845
MP|PP755590.1|A/cattle/Texas/24-008749-003/2024(H5N1)	563	13965
MP|PP755590.1|A/cattle/Texas/24-008749-003/2024(H5N1)	564	13589
MP|PP755590.1|A/cattle/Texas/24-008749-003/2024(H5N1)	565	13613
MP|PP755590.1|A/cattle/Texas/24-008749-003/2024(H5N1)	566	13620
MP|PP755590.1|A/cattle/Texas/24-008749-003/2024(H5N1)	567	13528
MP|PP755590.1|A/cattle/Texas/24-008749-003/2024(H5N1)	568	13672
MP|PP755590.1|A/cattle/Texas/24-008749-003/2024(H5N1)	569	13615
MP|PP755590.1|A/cattle/Texas/24-008749-003/2024(H5N1)	570	13487
MP|PP755590.1|A/cattle/Texas/24-008749-003/2024(H5N1)	571	13467
MP|PP755590.1|A/cattle/Texas/24-008749-003/2024(H5N1)	572	13286
MP|PP755590.1|A/cattle/Texas/24-008749-003/2024(H5N1)	573	13306
MP|PP755590.1|A/cattle/Texas/24-008749-003/2024(H5N1)	574	13321
MP|PP755590.1|A/cattle/Texas/24-008749-003/2024(H5N1)	575	13528
MP|PP755590.1|A/cattle/Texas/24-008749-003/2024(H5N1)	576	13529
MP|PP755590.1|A/cattle/Texas/24-008749-003/2024(H5N1)	577	13436
MP|PP755590.1|A/cattle/Texas/24-008749-003/2024(H5N1)	578	13404
MP|PP755590.1|A/cattle/Texas/24-008749-003/2024(H5N1)	579	13384
MP|PP755590.1|A/cattle/Texas/24-008749-003/2024(H5N1)	580	13390
MP|PP755590.1|A/cattle/Texas/24-008749-003/2024(H5N1)	581	13444
MP|PP755590.1|A/cattle/Texas/24-008749-003/2024(H5N1)	582	13435
MP|PP755590.1|A/cattle/Texas/24-008749-003/2024(H5N1)	583	13408
MP|PP755590.1|A/cattle/Texas/24-008749-003/2024(H5N1)	584	12455
MP|PP755590.1|A/cattle/Texas/24-008749-003/2024(H5N1)	585	12481
MP|PP755590.1|A/cattle/Texas/24-008749-003/2024(H5N1)	586	12498
MP|PP755590.1|A/cattle/Texas/24-008749-003/2024(H5N1)	587	12507
MP|PP755590.1|A/cattle/Texas/24-008749-003/2024(H5N1)	588	12589
MP|PP755590.1|A/cattle/Texas/24-008749-003/2024(H5N1)	589	12378
MP|PP755590.1|A/cattle/Texas/24-008749-003/2024(H5N1)	590	12230
MP|PP755590.1|A/cattle/Texas/24-008749-003/2024(H5N1)	591	12240
MP|PP755590.1|A/cattle/Texas/24-008749-003/2024(H5N1)	592	12502
MP|PP755590.1|A/cattle/Texas/24-008749-003/2024(H5N1)	593	12503
MP|PP755590.1|A/cattle/Texas/24-008749-003/2024(H5N1)	594	12438
MP|PP755590.1|A/cattle/Texas/24-008749-003/2024(H5N1)	595	12340
MP|PP755590.1|A/cattle/Texas/24-008749-003/2024(H5N1)	596	12455
MP|PP755590.1|A/cattle/Texas/24-008749-003/2024(H5N1)	597	12432
MP|PP755590.1|A/cattle/Texas/24-008749-003/2024(H5N1)	598	12596
MP|PP755590.1|A/cattle/Texas/24-008749-003/2024(H5N1)	599	12471
MP|PP755590.1|A/cattle/Texas/24-008749-003/2024(H5N1)	600	12485
MP|PP755590.1|A/cattle/Texas/24-008749-003/2024(H5N1)	601	12509
MP|PP755590.1|A/cattle/Texas/24-008749-003/2024(H5N1)	602	12529
MP|PP755590.1|A/cattle/Texas/24-008749-003/2024(H5N1)	603	12522
MP|PP755590.1|A/cattle/Texas/24-008749-003/2024(H5N1)	604	12736
MP|PP755590.1|A/cattle/Texas/24-008749-003/2024(H5N1)	605	12904
MP|PP755590.1|A/cattle/Texas/24-008749-003/2024(H5N1)	606	12918
MP|PP755590.1|A/cattle/Texas/24-008749-003/2024(H5N1)	607	12791
MP|PP755590.1|A/cattle/Texas/24-008749-003/2024(H5N1)	608	13025
MP|PP755590.1|A/cattle/Texas/24-008749-003/2024(H5N1)	609	13029
MP|PP755590.1|A/cattle/Texas/24-008749-003/2024(H5N1)	610	13041
MP|PP755590.1|A/cattle/Texas/24-008749-003/2024(H5N1)	611	13029
MP|PP755590.1|A/cattle/Texas/24-008749-003/2024(H5N1)	612	13069
MP|PP755590.1|A/cattle/Texas/24-008749-003/2024(H5N1)	613	13093
MP|PP755590.1|A/cattle/Texas/24-008749-003/2024(H5N1)	614	13050
MP|PP755590.1|A/cattle/Texas/24-008749-003/2024(H5N1)	615	13019
MP|PP755590.1|A/cattle/Texas/24-008749-003/2024(H5N1)	616	13023
MP|PP755590.1|A/cattle/Texas/24-008749-003/2024(H5N1)	617	13143
MP|PP755590.1|A/cattle/Texas/24-008749-003/2024(H5N1)	618	13146
MP|PP755590.1|A/cattle/Texas/24-008749-003/2024(H5N1)	619	13294
MP|PP755590.1|A/cattle/Texas/24-008749-003/2024(H5N1)	620	13269
MP|PP755590.1|A/cattle/Texas/24-008749-003/2024(H5N1)	621	13396
MP|PP755590.1|A/cattle/Texas/24-008749-003/2024(H5N1)	622	13362
MP|PP755590.1|A/cattle/Texas/24-008749-003/2024(H5N1)	623	13249
MP|PP755590.1|A/cattle/Texas/24-008749-003/2024(H5N1)	624	13705
MP|PP755590.1|A/cattle/Texas/24-008749-003/2024(H5N1)	625	13743
MP|PP755590.1|A/cattle/Texas/24-008749-003/2024(H5N1)	626	13764
MP|PP755590.1|A/cattle/Texas/24-008749-003/2024(H5N1)	627	13756
MP|PP755590.1|A/cattle/Texas/24-008749-003/2024(H5N1)	628	13622
MP|PP755590.1|A/cattle/Texas/24-008749-003/2024(H5N1)	629	13862
MP|PP755590.1|A/cattle/Texas/24-008749-003/2024(H5N1)	630	13850
MP|PP755590.1|A/cattle/Texas/24-008749-003/2024(H5N1)	631	13800
MP|PP755590.1|A/cattle/Texas/24-008749-003/2024(H5N1)	632	13751
MP|PP755590.1|A/cattle/Texas/24-008749-003/2024(H5N1)	633	13264
MP|PP755590.1|A/cattle/Texas/24-008749-003/2024(H5N1)	634	13276
MP|PP755590.1|A/cattle/Texas/24-008749-003/2024(H5N1)	635	13279
MP|PP755590.1|A/cattle/Texas/24-008749-003/2024(H5N1)	636	13330
MP|PP755590.1|A/cattle/Texas/24-008749-003/2024(H5N1)	637	13541
MP|PP755590.1|A/cattle/Texas/24-008749-003/2024(H5N1)	638	13529
MP|PP755590.1|A/cattle/Texas/24-008749-003/2024(H5N1)	639	13464
MP|PP755590.1|A/cattle/Texas/24-008749-003/2024(H5N1)	640	13391
MP|PP755590.1|A/cattle/Texas/24-008749-003/2024(H5N1)	641	13378
MP|PP755590.1|A/cattle/Texas/24-008749-003/2024(H5N1)	642	13538
MP|PP755590.1|A/cattle/Texas/24-008749-003/2024(H5N1)	643	13656
MP|PP755590.1|A/cattle/Texas/24-008749-003/2024(H5N1)	644	13720
MP|PP755590.1|A/cattle/Texas/24-008749-003/2024(H5N1)	645	13754
MP|PP755590.1|A/cattle/Texas/24-008749-003/2024(H5N1)	646	13672
MP|PP755590.1|A/cattle/Texas/24-008749-003/2024(H5N1)	647	13632
MP|PP755590.1|A/cattle/Texas/24-008749-003/2024(H5N1)	648	13592
MP|PP755590.1|A/cattle/Texas/24-008749-003/2024(H5N1)	649	13570
MP|PP755590.1|A/cattle/Texas/24-008749-003/2024(H5N1)	650	13641
MP|PP755590.1|A/cattle/Texas/24-008749-003/2024(H5N1)	651	13769
MP|PP755590.1|A/cattle/Texas/24-008749-003/2024(H5N1)	652	13731
MP|PP755590.1|A/cattle/Texas/24-008749-003/2024(H5N1)	653	13871
MP|PP755590.1|A/cattle/Texas/24-008749-003/2024(H5N1)	654	14033
MP|PP755590.1|A/cattle/Texas/24-008749-003/2024(H5N1)	655	14000
MP|PP755590.1|A/cattle/Texas/24-008749-003/2024(H5N1)	656	14170
MP|PP755590.1|A/cattle/Texas/24-008749-003/2024(H5N1)	657	14108
MP|PP755590.1|A/cattle/Texas/24-008749-003/2024(H5N1)	658	14106
MP|PP755590.1|A/cattle/Texas/24-008749-003/2024(H5N1)	659	14196
MP|PP755590.1|A/cattle/Texas/24-008749-003/2024(H5N1)	660	14144
MP|PP755590.1|A/cattle/Texas/24-008749-003/2024(H5N1)	661	14313
MP|PP755590.1|A/cattle/Texas/24-008749-003/2024(H5N1)	662	14124
MP|PP755590.1|A/cattle/Texas/24-008749-003/2024(H5N1)	663	13885
MP|PP755590.1|A/cattle/Texas/24-008749-003/2024(H5N1)	664	13988
MP|PP755590.1|A/cattle/Texas/24-008749-003/2024(H5N1)	665	13948
MP|PP755590.1|A/cattle/Texas/24-008749-003/2024(H5N1)	666	14544
MP|PP755590.1|A/cattle/Texas/24-008749-003/2024(H5N1)	667	14463
MP|PP755590.1|A/cattle/Texas/24-008749-003/2024(H5N1)	668	14545
MP|PP755590.1|A/cattle/Texas/24-008749-003/2024(H5N1)	669	14560
MP|PP755590.1|A/cattle/Texas/24-008749-003/2024(H5N1)	670	14534
MP|PP755590.1|A/cattle/Texas/24-008749-003/2024(H5N1)	671	14543
MP|PP755590.1|A/cattle/Texas/24-008749-003/2024(H5N1)	672	14997
MP|PP755590.1|A/cattle/Texas/24-008749-003/2024(H5N1)	673	14910
MP|PP755590.1|A/cattle/Texas/24-008749-003/2024(H5N1)	674	14956
MP|PP755590.1|A/cattle/Texas/24-008749-003/2024(H5N1)	675	14551
MP|PP755590.1|A/cattle/Texas/24-008749-003/2024(H5N1)	676	14531
MP|PP755590.1|A/cattle/Texas/24-008749-003/2024(H5N1)	677	14731
MP|PP755590.1|A/cattle/Texas/24-008749-003/2024(H5N1)	678	14708
MP|PP755590.1|A/cattle/Texas/24-008749-003/2024(H5N1)	679	14653
MP|PP755590.1|A/cattle/Texas/24-008749-003/2024(H5N1)	680	14627
MP|PP755590.1|A/cattle/Texas/24-008749-003/2024(H5N1)	681	14160
MP|PP755590.1|A/cattle/Texas/24-008749-003/2024(H5N1)	682	14251
MP|PP755590.1|A/cattle/Texas/24-008749-003/2024(H5N1)	683	14416
MP|PP755590.1|A/cattle/Texas/24-008749-003/2024(H5N1)	684	14319
MP|PP755590.1|A/cattle/Texas/24-008749-003/2024(H5N1)	685	14327
MP|PP755590.1|A/cattle/Texas/24-008749-003/2024(H5N1)	686	14139
MP|PP755590.1|A/cattle/Texas/24-008749-003/2024(H5N1)	687	14206
MP|PP755590.1|A/cattle/Texas/24-008749-003/2024(H5N1)	688	14284
MP|PP755590.1|A/cattle/Texas/24-008749-003/2024(H5N1)	689	13791
MP|PP755590.1|A/cattle/Texas/24-008749-003/2024(H5N1)	690	13777
MP|PP755590.1|A/cattle/Texas/24-008749-003/2024(H5N1)	691	13782
MP|PP755590.1|A/cattle/Texas/24-008749-003/2024(H5N1)	692	13704
MP|PP755590.1|A/cattle/Texas/24-008749-003/2024(H5N1)	693	13674
MP|PP755590.1|A/cattle/Texas/24-008749-003/2024(H5N1)	694	13343
MP|PP755590.1|A/cattle/Texas/24-008749-003/2024(H5N1)	695	13410
MP|PP755590.1|A/cattle/Texas/24-008749-003/2024(H5N1)	696	13454
MP|PP755590.1|A/cattle/Texas/24-008749-003/2024(H5N1)	697	12482
MP|PP755590.1|A/cattle/Texas/24-008749-003/2024(H5N1)	698	12296
MP|PP755590.1|A/cattle/Texas/24-008749-003/2024(H5N1)	699	12362
MP|PP755590.1|A/cattle/Texas/24-008749-003/2024(H5N1)	700	12237
MP|PP755590.1|A/cattle/Texas/24-008749-003/2024(H5N1)	701	12234
MP|PP755590.1|A/cattle/Texas/24-008749-003/2024(H5N1)	702	12237
MP|PP755590.1|A/cattle/Texas/24-008749-003/2024(H5N1)	703	12236
MP|PP755590.1|A/cattle/Texas/24-008749-003/2024(H5N1)	704	12232
MP|PP755590.1|A/cattle/Texas/24-008749-003/2024(H5N1)	705	12166
MP|PP755590.1|A/cattle/Texas/24-008749-003/2024(H5N1)	706	11878
MP|PP755590.1|A/cattle/Texas/24-008749-003/2024(H5N1)	707	11807
MP|PP755590.1|A/cattle/Texas/24-008749-003/2024(H5N1)	708	11939
MP|PP755590.1|A/cattle/Texas/24-008749-003/2024(H5N1)	709	12083
MP|PP755590.1|A/cattle/Texas/24-008749-003/2024(H5N1)	710	12083
MP|PP755590.1|A/cattle/Texas/24-008749-003/2024(H5N1)	711	12053
MP|PP755590.1|A/cattle/Texas/24-008749-003/2024(H5N1)	712	11915
MP|PP755590.1|A/cattle/Texas/24-008749-003/2024(H5N1)	713	11908
MP|PP755590.1|A/cattle/Texas/24-008749-003/2024(H5N1)	714	11832
MP|PP755590.1|A/cattle/Texas/24-008749-003/2024(H5N1)	715	11865
MP|PP755590.1|A/cattle/Texas/24-008749-003/2024(H5N1)	716	11777
MP|PP755590.1|A/cattle/Texas/24-008749-003/2024(H5N1)	717	11628
MP|PP755590.1|A/cattle/Texas/24-008749-003/2024(H5N1)	718	11672
MP|PP755590.1|A/cattle/Texas/24-008749-003/2024(H5N1)	719	11862
MP|PP755590.1|A/cattle/Texas/24-008749-003/2024(H5N1)	720	12001
MP|PP755590.1|A/cattle/Texas/24-008749-003/2024(H5N1)	721	11976
MP|PP755590.1|A/cattle/Texas/24-008749-003/2024(H5N1)	722	11969
MP|PP755590.1|A/cattle/Texas/24-008749-003/2024(H5N1)	723	11947
MP|PP755590.1|A/cattle/Texas/24-008749-003/2024(H5N1)	724	11948
MP|PP755590.1|A/cattle/Texas/24-008749-003/2024(H5N1)	725	11962
MP|PP755590.1|A/cattle/Texas/24-008749-003/2024(H5N1)	726	11848
MP|PP755590.1|A/cattle/Texas/24-008749-003/2024(H5N1)	727	11830
MP|PP755590.1|A/cattle/Texas/24-008749-003/2024(H5N1)	728	11716
MP|PP755590.1|A/cattle/Texas/24-008749-003/2024(H5N1)	729	11713
MP|PP755590.1|A/cattle/Texas/24-008749-003/2024(H5N1)	730	11733
MP|PP755590.1|A/cattle/Texas/24-008749-003/2024(H5N1)	731	11738
MP|PP755590.1|A/cattle/Texas/24-008749-003/2024(H5N1)	732	11689
MP|PP755590.1|A/cattle/Texas/24-008749-003/2024(H5N1)	733	11864
MP|PP755590.1|A/cattle/Texas/24-008749-003/2024(H5N1)	734	12165
MP|PP755590.1|A/cattle/Texas/24-008749-003/2024(H5N1)	735	12132
MP|PP755590.1|A/cattle/Texas/24-008749-003/2024(H5N1)	736	12191
MP|PP755590.1|A/cattle/Texas/24-008749-003/2024(H5N1)	737	12187
MP|PP755590.1|A/cattle/Texas/24-008749-003/2024(H5N1)	738	12167
MP|PP755590.1|A/cattle/Texas/24-008749-003/2024(H5N1)	739	12370
MP|PP755590.1|A/cattle/Texas/24-008749-003/2024(H5N1)	740	12393
MP|PP755590.1|A/cattle/Texas/24-008749-003/2024(H5N1)	741	12361
MP|PP755590.1|A/cattle/Texas/24-008749-003/2024(H5N1)	742	12324
MP|PP755590.1|A/cattle/Texas/24-008749-003/2024(H5N1)	743	11951
MP|PP755590.1|A/cattle/Texas/24-008749-003/2024(H5N1)	744	11968
MP|PP755590.1|A/cattle/Texas/24-008749-003/2024(H5N1)	745	11958
MP|PP755590.1|A/cattle/Texas/24-008749-003/2024(H5N1)	746	11940
MP|PP755590.1|A/cattle/Texas/24-008749-003/2024(H5N1)	747	11933
MP|PP755590.1|A/cattle/Texas/24-008749-003/2024(H5N1)	748	12592
MP|PP755590.1|A/cattle/Texas/24-008749-003/2024(H5N1)	749	12615
MP|PP755590.1|A/cattle/Texas/24-008749-003/2024(H5N1)	750	12909
MP|PP755590.1|A/cattle/Texas/24-008749-003/2024(H5N1)	751	12960
MP|PP755590.1|A/cattle/Texas/24-008749-003/2024(H5N1)	752	12960
MP|PP755590.1|A/cattle/Texas/24-008749-003/2024(H5N1)	753	12983
MP|PP755590.1|A/cattle/Texas/24-008749-003/2024(H5N1)	754	13076
MP|PP755590.1|A/cattle/Texas/24-008749-003/2024(H5N1)	755	12880
MP|PP755590.1|A/cattle/Texas/24-008749-003/2024(H5N1)	756	12723
MP|PP755590.1|A/cattle/Texas/24-008749-003/2024(H5N1)	757	12941
MP|PP755590.1|A/cattle/Texas/24-008749-003/2024(H5N1)	758	12913
MP|PP755590.1|A/cattle/Texas/24-008749-003/2024(H5N1)	759	12862
MP|PP755590.1|A/cattle/Texas/24-008749-003/2024(H5N1)	760	12853
MP|PP755590.1|A/cattle/Texas/24-008749-003/2024(H5N1)	761	12931
MP|PP755590.1|A/cattle/Texas/24-008749-003/2024(H5N1)	762	12726
MP|PP755590.1|A/cattle/Texas/24-008749-003/2024(H5N1)	763	12817
MP|PP755590.1|A/cattle/Texas/24-008749-003/2024(H5N1)	764	12829
MP|PP755590.1|A/cattle/Texas/24-008749-003/2024(H5N1)	765	12799
MP|PP755590.1|A/cattle/Texas/24-008749-003/2024(H5N1)	766	12959
MP|PP755590.1|A/cattle/Texas/24-008749-003/2024(H5N1)	767	12953
MP|PP755590.1|A/cattle/Texas/24-008749-003/2024(H5N1)	768	12778
MP|PP755590.1|A/cattle/Texas/24-008749-003/2024(H5N1)	769	12871
MP|PP755590.1|A/cattle/Texas/24-008749-003/2024(H5N1)	770	12641
MP|PP755590.1|A/cattle/Texas/24-008749-003/2024(H5N1)	771	12782
MP|PP755590.1|A/cattle/Texas/24-008749-003/2024(H5N1)	772	12714
MP|PP755590.1|A/cattle/Texas/24-008749-003/2024(H5N1)	773	12677
MP|PP755590.1|A/cattle/Texas/24-008749-003/2024(H5N1)	774	12266
MP|PP755590.1|A/cattle/Texas/24-008749-003/2024(H5N1)	775	12147
MP|PP755590.1|A/cattle/Texas/24-008749-003/2024(H5N1)	776	12150
MP|PP755590.1|A/cattle/Texas/24-008749-003/2024(H5N1)	777	12272
MP|PP755590.1|A/cattle/Texas/24-008749-003/2024(H5N1)	778	12280
MP|PP755590.1|A/cattle/Texas/24-008749-003/2024(H5N1)	779	12239
MP|PP755590.1|A/cattle/Texas/24-008749-003/2024(H5N1)	780	12112
MP|PP755590.1|A/cattle/Texas/24-008749-003/2024(H5N1)	781	12915
MP|PP755590.1|A/cattle/Texas/24-008749-003/2024(H5N1)	782	12910
MP|PP755590.1|A/cattle/Texas/24-008749-003/2024(H5N1)	783	12916
MP|PP755590.1|A/cattle/Texas/24-008749-003/2024(H5N1)	784	13166
MP|PP755590.1|A/cattle/Texas/24-008749-003/2024(H5N1)	785	13188
MP|PP755590.1|A/cattle/Texas/24-008749-003/2024(H5N1)	786	13567
MP|PP755590.1|A/cattle/Texas/24-008749-003/2024(H5N1)	787	13497
MP|PP755590.1|A/cattle/Texas/24-008749-003/2024(H5N1)	788	13298
MP|PP755590.1|A/cattle/Texas/24-008749-003/2024(H5N1)	789	13067
MP|PP755590.1|A/cattle/Texas/24-008749-003/2024(H5N1)	790	13079
MP|PP755590.1|A/cattle/Texas/24-008749-003/2024(H5N1)	791	13759
MP|PP755590.1|A/cattle/Texas/24-008749-003/2024(H5N1)	792	13743
MP|PP755590.1|A/cattle/Texas/24-008749-003/2024(H5N1)	793	13585
MP|PP755590.1|A/cattle/Texas/24-008749-003/2024(H5N1)	794	13769
MP|PP755590.1|A/cattle/Texas/24-008749-003/2024(H5N1)	795	13895
MP|PP755590.1|A/cattle/Texas/24-008749-003/2024(H5N1)	796	13893
MP|PP755590.1|A/cattle/Texas/24-008749-003/2024(H5N1)	797	13829
MP|PP755590.1|A/cattle/Texas/24-008749-003/2024(H5N1)	798	13908
MP|PP755590.1|A/cattle/Texas/24-008749-003/2024(H5N1)	799	13863
MP|PP755590.1|A/cattle/Texas/24-008749-003/2024(H5N1)	800	13701
MP|PP755590.1|A/cattle/Texas/24-008749-003/2024(H5N1)	801	13759
MP|PP755590.1|A/cattle/Texas/24-008749-003/2024(H5N1)	802	13712
MP|PP755590.1|A/cattle/Texas/24-008749-003/2024(H5N1)	803	13805
MP|PP755590.1|A/cattle/Texas/24-008749-003/2024(H5N1)	804	13493
MP|PP755590.1|A/cattle/Texas/24-008749-003/2024(H5N1)	805	13297
MP|PP755590.1|A/cattle/Texas/24-008749-003/2024(H5N1)	806	13269
MP|PP755590.1|A/cattle/Texas/24-008749-003/2024(H5N1)	807	13110
MP|PP755590.1|A/cattle/Texas/24-008749-003/2024(H5N1)	808	13157
MP|PP755590.1|A/cattle/Texas/24-008749-003/2024(H5N1)	809	13132
MP|PP755590.1|A/cattle/Texas/24-008749-003/2024(H5N1)	810	13040
MP|PP755590.1|A/cattle/Texas/24-008749-003/2024(H5N1)	811	13042
MP|PP755590.1|A/cattle/Texas/24-008749-003/2024(H5N1)	812	12881
MP|PP755590.1|A/cattle/Texas/24-008749-003/2024(H5N1)	813	12875
MP|PP755590.1|A/cattle/Texas/24-008749-003/2024(H5N1)	814	12833
MP|PP755590.1|A/cattle/Texas/24-008749-003/2024(H5N1)	815	12721
MP|PP755590.1|A/cattle/Texas/24-008749-003/2024(H5N1)	816	12715
MP|PP755590.1|A/cattle/Texas/24-008749-003/2024(H5N1)	817	12140
MP|PP755590.1|A/cattle/Texas/24-008749-003/2024(H5N1)	818	12128
MP|PP755590.1|A/cattle/Texas/24-008749-003/2024(H5N1)	819	12112
MP|PP755590.1|A/cattle/Texas/24-008749-003/2024(H5N1)	820	12094
MP|PP755590.1|A/cattle/Texas/24-008749-003/2024(H5N1)	821	12114
MP|PP755590.1|A/cattle/Texas/24-008749-003/2024(H5N1)	822	12093
MP|PP755590.1|A/cattle/Texas/24-008749-003/2024(H5N1)	823	11650
MP|PP755590.1|A/cattle/Texas/24-008749-003/2024(H5N1)	824	12516
MP|PP755590.1|A/cattle/Texas/24-008749-003/2024(H5N1)	825	12472
MP|PP755590.1|A/cattle/Texas/24-008749-003/2024(H5N1)	826	12483
MP|PP755590.1|A/cattle/Texas/24-008749-003/2024(H5N1)	827	12495
MP|PP755590.1|A/cattle/Texas/24-008749-003/2024(H5N1)	828	12296
MP|PP755590.1|A/cattle/Texas/24-008749-003/2024(H5N1)	829	12640
MP|PP755590.1|A/cattle/Texas/24-008749-003/2024(H5N1)	830	12637
MP|PP755590.1|A/cattle/Texas/24-008749-003/2024(H5N1)	831	12637
MP|PP755590.1|A/cattle/Texas/24-008749-003/2024(H5N1)	832	12508
MP|PP755590.1|A/cattle/Texas/24-008749-003/2024(H5N1)	833	12446
MP|PP755590.1|A/cattle/Texas/24-008749-003/2024(H5N1)	834	12358
MP|PP755590.1|A/cattle/Texas/24-008749-003/2024(H5N1)	835	12351
MP|PP755590.1|A/cattle/Texas/24-008749-003/2024(H5N1)	836	12327
MP|PP755590.1|A/cattle/Texas/24-008749-003/2024(H5N1)	837	12337
MP|PP755590.1|A/cattle/Texas/24-008749-003/2024(H5N1)	838	12398
MP|PP755590.1|A/cattle/Texas/24-008749-003/2024(H5N1)	839	12403
MP|PP755590.1|A/cattle/Texas/24-008749-003/2024(H5N1)	840	12251
MP|PP755590.1|A/cattle/Texas/24-008749-003/2024(H5N1)	841	12250
MP|PP755590.1|A/cattle/Texas/24-008749-003/2024(H5N1)	842	12300
MP|PP755590.1|A/cattle/Texas/24-008749-003/2024(H5N1)	843	12284
MP|PP755590.1|A/cattle/Texas/24-008749-003/2024(H5N1)	844	12309
MP|PP755590.1|A/cattle/Texas/24-008749-003/2024(H5N1)	845	12291
MP|PP755590.1|A/cattle/Texas/24-008749-003/2024(H5N1)	846	12236
MP|PP755590.1|A/cattle/Texas/24-008749-003/2024(H5N1)	847	12408
MP|PP755590.1|A/cattle/Texas/24-008749-003/2024(H5N1)	848	12401
MP|PP755590.1|A/cattle/Texas/24-008749-003/2024(H5N1)	849	12424
MP|PP755590.1|A/cattle/Texas/24-008749-003/2024(H5N1)	850	12406
MP|PP755590.1|A/cattle/Texas/24-008749-003/2024(H5N1)	851	13696
MP|PP755590.1|A/cattle/Texas/24-008749-003/2024(H5N1)	852	13775
MP|PP755590.1|A/cattle/Texas/24-008749-003/2024(H5N1)	853	13917
MP|PP755590.1|A/cattle/Texas/24-008749-003/2024(H5N1)	854	13922
MP|PP755590.1|A/cattle/Texas/24-008749-003/2024(H5N1)	855	13935
MP|PP755590.1|A/cattle/Texas/24-008749-003/2024(H5N1)	856	14089
MP|PP755590.1|A/cattle/Texas/24-008749-003/2024(H5N1)	857	14089
MP|PP755590.1|A/cattle/Texas/24-008749-003/2024(H5N1)	858	13999
MP|PP755590.1|A/cattle/Texas/24-008749-003/2024(H5N1)	859	13746
MP|PP755590.1|A/cattle/Texas/24-008749-003/2024(H5N1)	860	13651
MP|PP755590.1|A/cattle/Texas/24-008749-003/2024(H5N1)	861	13686
MP|PP755590.1|A/cattle/Texas/24-008749-003/2024(H5N1)	862	13620
MP|PP755590.1|A/cattle/Texas/24-008749-003/2024(H5N1)	863	13589
MP|PP755590.1|A/cattle/Texas/24-008749-003/2024(H5N1)	864	13583
MP|PP755590.1|A/cattle/Texas/24-008749-003/2024(H5N1)	865	13509
MP|PP755590.1|A/cattle/Texas/24-008749-003/2024(H5N1)	866	13508
MP|PP755590.1|A/cattle/Texas/24-008749-003/2024(H5N1)	867	13505
MP|PP755590.1|A/cattle/Texas/24-008749-003/2024(H5N1)	868	13501
MP|PP755590.1|A/cattle/Texas/24-008749-003/2024(H5N1)	869	13429
MP|PP755590.1|A/cattle/Texas/24-008749-003/2024(H5N1)	870	13262
MP|PP755590.1|A/cattle/Texas/24-008749-003/2024(H5N1)	871	13074
MP|PP755590.1|A/cattle/Texas/24-008749-003/2024(H5N1)	872	13076
MP|PP755590.1|A/cattle/Texas/24-008749-003/2024(H5N1)	873	13080
MP|PP755590.1|A/cattle/Texas/24-008749-003/2024(H5N1)	874	13062
MP|PP755590.1|A/cattle/Texas/24-008749-003/2024(H5N1)	875	13034
MP|PP755590.1|A/cattle/Texas/24-008749-003/2024(H5N1)	876	12935
MP|PP755590.1|A/cattle/Texas/24-008749-003/2024(H5N1)	877	12920
MP|PP755590.1|A/cattle/Texas/24-008749-003/2024(H5N1)	878	12924
MP|PP755590.1|A/cattle/Texas/24-008749-003/2024(H5N1)	879	12876
MP|PP755590.1|A/cattle/Texas/24-008749-003/2024(H5N1)	880	12855
MP|PP755590.1|A/cattle/Texas/24-008749-003/2024(H5N1)	881	12854
MP|PP755590.1|A/cattle/Texas/24-008749-003/2024(H5N1)	882	12830
MP|PP755590.1|A/cattle/Texas/24-008749-003/2024(H5N1)	883	12662
MP|PP755590.1|A/cattle/Texas/24-008749-003/2024(H5N1)	884	12616
MP|PP755590.1|A/cattle/Texas/24-008749-003/2024(H5N1)	885	12263
MP|PP755590.1|A/cattle/Texas/24-008749-003/2024(H5N1)	886	12243
MP|PP755590.1|A/cattle/Texas/24-008749-003/2024(H5N1)	887	12120
MP|PP755590.1|A/cattle/Texas/24-008749-003/2024(H5N1)	888	12096
MP|PP755590.1|A/cattle/Texas/24-008749-003/2024(H5N1)	889	12052
MP|PP755590.1|A/cattle/Texas/24-008749-003/2024(H5N1)	890	11912
MP|PP755590.1|A/cattle/Texas/24-008749-003/2024(H5N1)	891	11864
MP|PP755590.1|A/cattle/Texas/24-008749-003/2024(H5N1)	892	11876
MP|PP755590.1|A/cattle/Texas/24-008749-003/2024(H5N1)	893	11870
MP|PP755590.1|A/cattle/Texas/24-008749-003/2024(H5N1)	894	11829
MP|PP755590.1|A/cattle/Texas/24-008749-003/2024(H5N1)	895	11723
MP|PP755590.1|A/cattle/Texas/24-008749-003/2024(H5N1)	896	11707
MP|PP755590.1|A/cattle/Texas/24-008749-003/2024(H5N1)	897	10962
MP|PP755590.1|A/cattle/Texas/24-008749-003/2024(H5N1)	898	10984
MP|PP755590.1|A/cattle/Texas/24-008749-003/2024(H5N1)	899	10646
MP|PP755590.1|A/cattle/Texas/24-008749-003/2024(H5N1)	900	10506
MP|PP755590.1|A/cattle/Texas/24-008749-003/2024(H5N1)	901	10325
MP|PP755590.1|A/cattle/Texas/24-008749-003/2024(H5N1)	902	10232
MP|PP755590.1|A/cattle/Texas/24-008749-003/2024(H5N1)	903	10237
MP|PP755590.1|A/cattle/Texas/24-008749-003/2024(H5N1)	904	10178
MP|PP755590.1|A/cattle/Texas/24-008749-003/2024(H5N1)	905	10078
MP|PP755590.1|A/cattle/Texas/24-008749-003/2024(H5N1)	906	10074
MP|PP755590.1|A/cattle/Texas/24-008749-003/2024(H5N1)	907	9781
MP|PP755590.1|A/cattle/Texas/24-008749-003/2024(H5N1)	908	9790
MP|PP755590.1|A/cattle/Texas/24-008749-003/2024(H5N1)	909	9775
MP|PP755590.1|A/cattle/Texas/24-008749-003/2024(H5N1)	910	9596
MP|PP755590.1|A/cattle/Texas/24-008749-003/2024(H5N1)	911	9599
MP|PP755590.1|A/cattle/Texas/24-008749-003/2024(H5N1)	912	9483
MP|PP755590.1|A/cattle/Texas/24-008749-003/2024(H5N1)	913	9470
MP|PP755590.1|A/cattle/Texas/24-008749-003/2024(H5N1)	914	9302
MP|PP755590.1|A/cattle/Texas/24-008749-003/2024(H5N1)	915	9159
MP|PP755590.1|A/cattle/Texas/24-008749-003/2024(H5N1)	916	9110
MP|PP755590.1|A/cattle/Texas/24-008749-003/2024(H5N1)	917	9003
MP|PP755590.1|A/cattle/Texas/24-008749-003/2024(H5N1)	918	9017
MP|PP755590.1|A/cattle/Texas/24-008749-003/2024(H5N1)	919	9012
MP|PP755590.1|A/cattle/Texas/24-008749-003/2024(H5N1)	920	8894
MP|PP755590.1|A/cattle/Texas/24-008749-003/2024(H5N1)	921	8863
MP|PP755590.1|A/cattle/Texas/24-008749-003/2024(H5N1)	922	8663
MP|PP755590.1|A/cattle/Texas/24-008749-003/2024(H5N1)	923	8687
MP|PP755590.1|A/cattle/Texas/24-008749-003/2024(H5N1)	924	8675
MP|PP755590.1|A/cattle/Texas/24-008749-003/2024(H5N1)	925	8666
MP|PP755590.1|A/cattle/Texas/24-008749-003/2024(H5N1)	926	8677
MP|PP755590.1|A/cattle/Texas/24-008749-003/2024(H5N1)	927	8500
MP|PP755590.1|A/cattle/Texas/24-008749-003/2024(H5N1)	928	8501
MP|PP755590.1|A/cattle/Texas/24-008749-003/2024(H5N1)	929	8486
MP|PP755590.1|A/cattle/Texas/24-008749-003/2024(H5N1)	930	8479
MP|PP755590.1|A/cattle/Texas/24-008749-003/2024(H5N1)	931	8382
MP|PP755590.1|A/cattle/Texas/24-008749-003/2024(H5N1)	932	7516
MP|PP755590.1|A/cattle/Texas/24-008749-003/2024(H5N1)	933	7522
MP|PP755590.1|A/cattle/Texas/24-008749-003/2024(H5N1)	934	7486
MP|PP755590.1|A/cattle/Texas/24-008749-003/2024(H5N1)	935	7226
MP|PP755590.1|A/cattle/Texas/24-008749-003/2024(H5N1)	936	7194
MP|PP755590.1|A/cattle/Texas/24-008749-003/2024(H5N1)	937	6768
MP|PP755590.1|A/cattle/Texas/24-008749-003/2024(H5N1)	938	6772
MP|PP755590.1|A/cattle/Texas/24-008749-003/2024(H5N1)	939	6758
MP|PP755590.1|A/cattle/Texas/24-008749-003/2024(H5N1)	940	6729
MP|PP755590.1|A/cattle/Texas/24-008749-003/2024(H5N1)	941	6715
MP|PP755590.1|A/cattle/Texas/24-008749-003/2024(H5N1)	942	5961
MP|PP755590.1|A/cattle/Texas/24-008749-003/2024(H5N1)	943	5940
MP|PP755590.1|A/cattle/Texas/24-008749-003/2024(H5N1)	944	5676
MP|PP755590.1|A/cattle/Texas/24-008749-003/2024(H5N1)	945	5421
MP|PP755590.1|A/cattle/Texas/24-008749-003/2024(H5N1)	946	5261
MP|PP755590.1|A/cattle/Texas/24-008749-003/2024(H5N1)	947	5208
MP|PP755590.1|A/cattle/Texas/24-008749-003/2024(H5N1)	948	5197
MP|PP755590.1|A/cattle/Texas/24-008749-003/2024(H5N1)	949	5090
MP|PP755590.1|A/cattle/Texas/24-008749-003/2024(H5N1)	950	5034
MP|PP755590.1|A/cattle/Texas/24-008749-003/2024(H5N1)	951	4978
MP|PP755590.1|A/cattle/Texas/24-008749-003/2024(H5N1)	952	4934
MP|PP755590.1|A/cattle/Texas/24-008749-003/2024(H5N1)	953	4892
MP|PP755590.1|A/cattle/Texas/24-008749-003/2024(H5N1)	954	4848
MP|PP755590.1|A/cattle/Texas/24-008749-003/2024(H5N1)	955	4840
MP|PP755590.1|A/cattle/Texas/24-008749-003/2024(H5N1)	956	4793
MP|PP755590.1|A/cattle/Texas/24-008749-003/2024(H5N1)	957	4786
MP|PP755590.1|A/cattle/Texas/24-008749-003/2024(H5N1)	958	4772
MP|PP755590.1|A/cattle/Texas/24-008749-003/2024(H5N1)	959	4745
MP|PP755590.1|A/cattle/Texas/24-008749-003/2024(H5N1)	960	4734
MP|PP755590.1|A/cattle/Texas/24-008749-003/2024(H5N1)	961	4673
MP|PP755590.1|A/cattle/Texas/24-008749-003/2024(H5N1)	962	4667
MP|PP755590.1|A/cattle/Texas/24-008749-003/2024(H5N1)	963	4601
MP|PP755590.1|A/cattle/Texas/24-008749-003/2024(H5N1)	964	4595
MP|PP755590.1|A/cattle/Texas/24-008749-003/2024(H5N1)	965	4570
MP|PP755590.1|A/cattle/Texas/24-008749-003/2024(H5N1)	966	4563
MP|PP755590.1|A/cattle/Texas/24-008749-003/2024(H5N1)	967	4556
MP|PP755590.1|A/cattle/Texas/24-008749-003/2024(H5N1)	968	4547
MP|PP755590.1|A/cattle/Texas/24-008749-003/2024(H5N1)	969	4547
MP|PP755590.1|A/cattle/Texas/24-008749-003/2024(H5N1)	970	4340
MP|PP755590.1|A/cattle/Texas/24-008749-003/2024(H5N1)	971	4338
MP|PP755590.1|A/cattle/Texas/24-008749-003/2024(H5N1)	972	4281
MP|PP755590.1|A/cattle/Texas/24-008749-003/2024(H5N1)	973	4276
MP|PP755590.1|A/cattle/Texas/24-008749-003/2024(H5N1)	974	4257
MP|PP755590.1|A/cattle/Texas/24-008749-003/2024(H5N1)	975	3266
MP|PP755590.1|A/cattle/Texas/24-008749-003/2024(H5N1)	976	3237
MP|PP755590.1|A/cattle/Texas/24-008749-003/2024(H5N1)	977	3235
MP|PP755590.1|A/cattle/Texas/24-008749-003/2024(H5N1)	978	3213
MP|PP755590.1|A/cattle/Texas/24-008749-003/2024(H5N1)	979	3207
MP|PP755590.1|A/cattle/Texas/24-008749-003/2024(H5N1)	980	2805
MP|PP755590.1|A/cattle/Texas/24-008749-003/2024(H5N1)	981	2798
MP|PP755590.1|A/cattle/Texas/24-008749-003/2024(H5N1)	982	2795
