NP|PP755592.1|A/cattle/Texas/24-008749-003/2024(H5N1)	1	1323
NP|PP755592.1|A/cattle/Texas/24-008749-003/2024(H5N1)	2	1338
NP|PP755592.1|A/cattle/Texas/24-008749-003/2024(H5N1)	3	1339
NP|PP755592.1|A/cattle/Texas/24-008749-003/2024(H5N1)	4	1342
NP|PP755592.1|A/cattle/Texas/24-008749-003/2024(H5N1)	5	1351
NP|PP755592.1|A/cattle/Texas/24-008749-003/2024(H5N1)	6	1355
NP|PP755592.1|A/cattle/Texas/24-008749-003/2024(H5N1)	7	1436
NP|PP755592.1|A/cattle/Texas/24-008749-003/2024(H5N1)	8	1447
NP|PP755592.1|A/cattle/Texas/24-008749-003/2024(H5N1)	9	1452
NP|PP755592.1|A/cattle/Texas/24-008749-003/2024(H5N1)	10	1461
NP|PP755592.1|A/cattle/Texas/24-008749-003/2024(H5N1)	11	2068
NP|PP755592.1|A/cattle/Texas/24-008749-003/2024(H5N1)	12	2069
NP|PP755592.1|A/cattle/Texas/24-008749-003/2024(H5N1)	13	2087
NP|PP755592.1|A/cattle/Texas/24-008749-003/2024(H5N1)	14	2188
NP|PP755592.1|A/cattle/Texas/24-008749-003/2024(H5N1)	15	2197
NP|PP755592.1|A/cattle/Texas/24-008749-003/2024(H5N1)	16	2210
NP|PP755592.1|A/cattle/Texas/24-008749-003/2024(H5N1)	17	2226
NP|PP755592.1|A/cattle/Texas/24-008749-003/2024(H5N1)	18	2228
NP|PP755592.1|A/cattle/Texas/24-008749-003/2024(H5N1)	19	2269
NP|PP755592.1|A/cattle/Texas/24-008749-003/2024(H5N1)	20	2271
NP|PP755592.1|A/cattle/Texas/24-008749-003/2024(H5N1)	21	2277
NP|PP755592.1|A/cattle/Texas/24-008749-003/2024(H5N1)	22	2289
NP|PP755592.1|A/cattle/Texas/24-008749-003/2024(H5N1)	23	2289
NP|PP755592.1|A/cattle/Texas/24-008749-003/2024(H5N1)	24	2301
NP|PP755592.1|A/cattle/Texas/24-008749-003/2024(H5N1)	25	2302
NP|PP755592.1|A/cattle/Texas/24-008749-003/2024(H5N1)	26	2377
NP|PP755592.1|A/cattle/Texas/24-008749-003/2024(H5N1)	27	2431
NP|PP755592.1|A/cattle/Texas/24-008749-003/2024(H5N1)	28	2424
NP|PP755592.1|A/cattle/Texas/24-008749-003/2024(H5N1)	29	2429
NP|PP755592.1|A/cattle/Texas/24-008749-003/2024(H5N1)	30	2430
NP|PP755592.1|A/cattle/Texas/24-008749-003/2024(H5N1)	31	2457
NP|PP755592.1|A/cattle/Texas/24-008749-003/2024(H5N1)	32	2464
NP|PP755592.1|A/cattle/Texas/24-008749-003/2024(H5N1)	33	2464
NP|PP755592.1|A/cattle/Texas/24-008749-003/2024(H5N1)	34	2470
NP|PP755592.1|A/cattle/Texas/24-008749-003/2024(H5N1)	35	2484
NP|PP755592.1|A/cattle/Texas/24-008749-003/2024(H5N1)	36	2536
NP|PP755592.1|A/cattle/Texas/24-008749-003/2024(H5N1)	37	2548
NP|PP755592.1|A/cattle/Texas/24-008749-003/2024(H5N1)	38	2549
NP|PP755592.1|A/cattle/Texas/24-008749-003/2024(H5N1)	39	2564
NP|PP755592.1|A/cattle/Texas/24-008749-003/2024(H5N1)	40	2565
NP|PP755592.1|A/cattle/Texas/24-008749-003/2024(H5N1)	41	2572
NP|PP755592.1|A/cattle/Texas/24-008749-003/2024(H5N1)	42	2614
NP|PP755592.1|A/cattle/Texas/24-008749-003/2024(H5N1)	43	2638
NP|PP755592.1|A/cattle/Texas/24-008749-003/2024(H5N1)	44	2737
NP|PP755592.1|A/cattle/Texas/24-008749-003/2024(H5N1)	45	2735
NP|PP755592.1|A/cattle/Texas/24-008749-003/2024(H5N1)	46	2771
NP|PP755592.1|A/cattle/Texas/24-008749-003/2024(H5N1)	47	2776
NP|PP755592.1|A/cattle/Texas/24-008749-003/2024(H5N1)	48	2778
NP|PP755592.1|A/cattle/Texas/24-008749-003/2024(H5N1)	49	2782
NP|PP755592.1|A/cattle/Texas/24-008749-003/2024(H5N1)	50	2803
NP|PP755592.1|A/cattle/Texas/24-008749-003/2024(H5N1)	51	2803
NP|PP755592.1|A/cattle/Texas/24-008749-003/2024(H5N1)	52	2812
NP|PP755592.1|A/cattle/Texas/24-008749-003/2024(H5N1)	53	2818
NP|PP755592.1|A/cattle/Texas/24-008749-003/2024(H5N1)	54	2829
NP|PP755592.1|A/cattle/Texas/24-008749-003/2024(H5N1)	55	2888
NP|PP755592.1|A/cattle/Texas/24-008749-003/2024(H5N1)	56	2891
NP|PP755592.1|A/cattle/Texas/24-008749-003/2024(H5N1)	57	2931
NP|PP755592.1|A/cattle/Texas/24-008749-003/2024(H5N1)	58	2933
NP|PP755592.1|A/cattle/Texas/24-008749-003/2024(H5N1)	59	2930
NP|PP755592.1|A/cattle/Texas/24-008749-003/2024(H5N1)	60	2948
NP|PP755592.1|A/cattle/Texas/24-008749-003/2024(H5N1)	61	2970
NP|PP755592.1|A/cattle/Texas/24-008749-003/2024(H5N1)	62	2982
NP|PP755592.1|A/cattle/Texas/24-008749-003/2024(H5N1)	63	2977
NP|PP755592.1|A/cattle/Texas/24-008749-003/2024(H5N1)	64	2963
NP|PP755592.1|A/cattle/Texas/24-008749-003/2024(H5N1)	65	2988
NP|PP755592.1|A/cattle/Texas/24-008749-003/2024(H5N1)	66	2988
NP|PP755592.1|A/cattle/Texas/24-008749-003/2024(H5N1)	67	3093
NP|PP755592.1|A/cattle/Texas/24-008749-003/2024(H5N1)	68	3094
NP|PP755592.1|A/cattle/Texas/24-008749-003/2024(H5N1)	69	3114
NP|PP755592.1|A/cattle/Texas/24-008749-003/2024(H5N1)	70	3122
NP|PP755592.1|A/cattle/Texas/24-008749-003/2024(H5N1)	71	3129
NP|PP755592.1|A/cattle/Texas/24-008749-003/2024(H5N1)	72	3225
NP|PP755592.1|A/cattle/Texas/24-008749-003/2024(H5N1)	73	3224
NP|PP755592.1|A/cattle/Texas/24-008749-003/2024(H5N1)	74	3222
NP|PP755592.1|A/cattle/Texas/24-008749-003/2024(H5N1)	75	3231
NP|PP755592.1|A/cattle/Texas/24-008749-003/2024(H5N1)	76	3225
NP|PP755592.1|A/cattle/Texas/24-008749-003/2024(H5N1)	77	3262
NP|PP755592.1|A/cattle/Texas/24-008749-003/2024(H5N1)	78	3292
NP|PP755592.1|A/cattle/Texas/24-008749-003/2024(H5N1)	79	3291
NP|PP755592.1|A/cattle/Texas/24-008749-003/2024(H5N1)	80	3330
NP|PP755592.1|A/cattle/Texas/24-008749-003/2024(H5N1)	81	3328
NP|PP755592.1|A/cattle/Texas/24-008749-003/2024(H5N1)	82	3359
NP|PP755592.1|A/cattle/Texas/24-008749-003/2024(H5N1)	83	3402
NP|PP755592.1|A/cattle/Texas/24-008749-003/2024(H5N1)	84	3411
NP|PP755592.1|A/cattle/Texas/24-008749-003/2024(H5N1)	85	3454
NP|PP755592.1|A/cattle/Texas/24-008749-003/2024(H5N1)	86	3454
NP|PP755592.1|A/cattle/Texas/24-008749-003/2024(H5N1)	87	3454
NP|PP755592.1|A/cattle/Texas/24-008749-003/2024(H5N1)	88	3456
NP|PP755592.1|A/cattle/Texas/24-008749-003/2024(H5N1)	89	3504
NP|PP755592.1|A/cattle/Texas/24-008749-003/2024(H5N1)	90	3533
NP|PP755592.1|A/cattle/Texas/24-008749-003/2024(H5N1)	91	3529
NP|PP755592.1|A/cattle/Texas/24-008749-003/2024(H5N1)	92	3533
NP|PP755592.1|A/cattle/Texas/24-008749-003/2024(H5N1)	93	3554
NP|PP755592.1|A/cattle/Texas/24-008749-003/2024(H5N1)	94	3545
NP|PP755592.1|A/cattle/Texas/24-008749-003/2024(H5N1)	95	3547
NP|PP755592.1|A/cattle/Texas/24-008749-003/2024(H5N1)	96	3558
NP|PP755592.1|A/cattle/Texas/24-008749-003/2024(H5N1)	97	3559
NP|PP755592.1|A/cattle/Texas/24-008749-003/2024(H5N1)	98	3551
NP|PP755592.1|A/cattle/Texas/24-008749-003/2024(H5N1)	99	3562
NP|PP755592.1|A/cattle/Texas/24-008749-003/2024(H5N1)	100	3562
NP|PP755592.1|A/cattle/Texas/24-008749-003/2024(H5N1)	101	3561
NP|PP755592.1|A/cattle/Texas/24-008749-003/2024(H5N1)	102	3584
NP|PP755592.1|A/cattle/Texas/24-008749-003/2024(H5N1)	103	3587
NP|PP755592.1|A/cattle/Texas/24-008749-003/2024(H5N1)	104	3601
NP|PP755592.1|A/cattle/Texas/24-008749-003/2024(H5N1)	105	3633
NP|PP755592.1|A/cattle/Texas/24-008749-003/2024(H5N1)	106	3309
NP|PP755592.1|A/cattle/Texas/24-008749-003/2024(H5N1)	107	3182
NP|PP755592.1|A/cattle/Texas/24-008749-003/2024(H5N1)	108	3050
NP|PP755592.1|A/cattle/Texas/24-008749-003/2024(H5N1)	109	3058
NP|PP755592.1|A/cattle/Texas/24-008749-003/2024(H5N1)	110	3129
NP|PP755592.1|A/cattle/Texas/24-008749-003/2024(H5N1)	111	3125
NP|PP755592.1|A/cattle/Texas/24-008749-003/2024(H5N1)	112	3107
NP|PP755592.1|A/cattle/Texas/24-008749-003/2024(H5N1)	113	3106
NP|PP755592.1|A/cattle/Texas/24-008749-003/2024(H5N1)	114	3175
NP|PP755592.1|A/cattle/Texas/24-008749-003/2024(H5N1)	115	3190
NP|PP755592.1|A/cattle/Texas/24-008749-003/2024(H5N1)	116	3227
NP|PP755592.1|A/cattle/Texas/24-008749-003/2024(H5N1)	117	3053
NP|PP755592.1|A/cattle/Texas/24-008749-003/2024(H5N1)	118	3051
NP|PP755592.1|A/cattle/Texas/24-008749-003/2024(H5N1)	119	3248
NP|PP755592.1|A/cattle/Texas/24-008749-003/2024(H5N1)	120	3263
NP|PP755592.1|A/cattle/Texas/24-008749-003/2024(H5N1)	121	3356
NP|PP755592.1|A/cattle/Texas/24-008749-003/2024(H5N1)	122	3289
NP|PP755592.1|A/cattle/Texas/24-008749-003/2024(H5N1)	123	3272
NP|PP755592.1|A/cattle/Texas/24-008749-003/2024(H5N1)	124	3303
NP|PP755592.1|A/cattle/Texas/24-008749-003/2024(H5N1)	125	3283
NP|PP755592.1|A/cattle/Texas/24-008749-003/2024(H5N1)	126	3532
NP|PP755592.1|A/cattle/Texas/24-008749-003/2024(H5N1)	127	3590
NP|PP755592.1|A/cattle/Texas/24-008749-003/2024(H5N1)	128	3563
NP|PP755592.1|A/cattle/Texas/24-008749-003/2024(H5N1)	129	3566
NP|PP755592.1|A/cattle/Texas/24-008749-003/2024(H5N1)	130	3509
NP|PP755592.1|A/cattle/Texas/24-008749-003/2024(H5N1)	131	3554
NP|PP755592.1|A/cattle/Texas/24-008749-003/2024(H5N1)	132	3551
NP|PP755592.1|A/cattle/Texas/24-008749-003/2024(H5N1)	133	3554
NP|PP755592.1|A/cattle/Texas/24-008749-003/2024(H5N1)	134	3457
NP|PP755592.1|A/cattle/Texas/24-008749-003/2024(H5N1)	135	3344
NP|PP755592.1|A/cattle/Texas/24-008749-003/2024(H5N1)	136	3447
NP|PP755592.1|A/cattle/Texas/24-008749-003/2024(H5N1)	137	3443
NP|PP755592.1|A/cattle/Texas/24-008749-003/2024(H5N1)	138	3508
NP|PP755592.1|A/cattle/Texas/24-008749-003/2024(H5N1)	139	3529
NP|PP755592.1|A/cattle/Texas/24-008749-003/2024(H5N1)	140	3507
NP|PP755592.1|A/cattle/Texas/24-008749-003/2024(H5N1)	141	3443
NP|PP755592.1|A/cattle/Texas/24-008749-003/2024(H5N1)	142	3440
NP|PP755592.1|A/cattle/Texas/24-008749-003/2024(H5N1)	143	3434
NP|PP755592.1|A/cattle/Texas/24-008749-003/2024(H5N1)	144	3518
NP|PP755592.1|A/cattle/Texas/24-008749-003/2024(H5N1)	145	3503
NP|PP755592.1|A/cattle/Texas/24-008749-003/2024(H5N1)	146	3520
NP|PP755592.1|A/cattle/Texas/24-008749-003/2024(H5N1)	147	3447
NP|PP755592.1|A/cattle/Texas/24-008749-003/2024(H5N1)	148	3424
NP|PP755592.1|A/cattle/Texas/24-008749-003/2024(H5N1)	149	3475
NP|PP755592.1|A/cattle/Texas/24-008749-003/2024(H5N1)	150	3475
NP|PP755592.1|A/cattle/Texas/24-008749-003/2024(H5N1)	151	3495
NP|PP755592.1|A/cattle/Texas/24-008749-003/2024(H5N1)	152	3570
NP|PP755592.1|A/cattle/Texas/24-008749-003/2024(H5N1)	153	3580
NP|PP755592.1|A/cattle/Texas/24-008749-003/2024(H5N1)	154	3604
NP|PP755592.1|A/cattle/Texas/24-008749-003/2024(H5N1)	155	3612
NP|PP755592.1|A/cattle/Texas/24-008749-003/2024(H5N1)	156	3606
NP|PP755592.1|A/cattle/Texas/24-008749-003/2024(H5N1)	157	3611
NP|PP755592.1|A/cattle/Texas/24-008749-003/2024(H5N1)	158	3609
NP|PP755592.1|A/cattle/Texas/24-008749-003/2024(H5N1)	159	3603
NP|PP755592.1|A/cattle/Texas/24-008749-003/2024(H5N1)	160	3618
NP|PP755592.1|A/cattle/Texas/24-008749-003/2024(H5N1)	161	3617
NP|PP755592.1|A/cattle/Texas/24-008749-003/2024(H5N1)	162	3618
NP|PP755592.1|A/cattle/Texas/24-008749-003/2024(H5N1)	163	3601
NP|PP755592.1|A/cattle/Texas/24-008749-003/2024(H5N1)	164	3617
NP|PP755592.1|A/cattle/Texas/24-008749-003/2024(H5N1)	165	3562
NP|PP755592.1|A/cattle/Texas/24-008749-003/2024(H5N1)	166	3546
NP|PP755592.1|A/cattle/Texas/24-008749-003/2024(H5N1)	167	3549
NP|PP755592.1|A/cattle/Texas/24-008749-003/2024(H5N1)	168	3581
NP|PP755592.1|A/cattle/Texas/24-008749-003/2024(H5N1)	169	3753
NP|PP755592.1|A/cattle/Texas/24-008749-003/2024(H5N1)	170	3719
NP|PP755592.1|A/cattle/Texas/24-008749-003/2024(H5N1)	171	3721
NP|PP755592.1|A/cattle/Texas/24-008749-003/2024(H5N1)	172	3732
NP|PP755592.1|A/cattle/Texas/24-008749-003/2024(H5N1)	173	3727
NP|PP755592.1|A/cattle/Texas/24-008749-003/2024(H5N1)	174	3741
NP|PP755592.1|A/cattle/Texas/24-008749-003/2024(H5N1)	175	3734
NP|PP755592.1|A/cattle/Texas/24-008749-003/2024(H5N1)	176	3734
NP|PP755592.1|A/cattle/Texas/24-008749-003/2024(H5N1)	177	3758
NP|PP755592.1|A/cattle/Texas/24-008749-003/2024(H5N1)	178	3706
NP|PP755592.1|A/cattle/Texas/24-008749-003/2024(H5N1)	179	3745
NP|PP755592.1|A/cattle/Texas/24-008749-003/2024(H5N1)	180	3849
NP|PP755592.1|A/cattle/Texas/24-008749-003/2024(H5N1)	181	3851
NP|PP755592.1|A/cattle/Texas/24-008749-003/2024(H5N1)	182	3839
NP|PP755592.1|A/cattle/Texas/24-008749-003/2024(H5N1)	183	3844
NP|PP755592.1|A/cattle/Texas/24-008749-003/2024(H5N1)	184	3901
NP|PP755592.1|A/cattle/Texas/24-008749-003/2024(H5N1)	185	4026
NP|PP755592.1|A/cattle/Texas/24-008749-003/2024(H5N1)	186	4043
NP|PP755592.1|A/cattle/Texas/24-008749-003/2024(H5N1)	187	4066
NP|PP755592.1|A/cattle/Texas/24-008749-003/2024(H5N1)	188	4056
NP|PP755592.1|A/cattle/Texas/24-008749-003/2024(H5N1)	189	4061
NP|PP755592.1|A/cattle/Texas/24-008749-003/2024(H5N1)	190	4049
NP|PP755592.1|A/cattle/Texas/24-008749-003/2024(H5N1)	191	4058
NP|PP755592.1|A/cattle/Texas/24-008749-003/2024(H5N1)	192	4061
NP|PP755592.1|A/cattle/Texas/24-008749-003/2024(H5N1)	193	4001
NP|PP755592.1|A/cattle/Texas/24-008749-003/2024(H5N1)	194	4031
NP|PP755592.1|A/cattle/Texas/24-008749-003/2024(H5N1)	195	4051
NP|PP755592.1|A/cattle/Texas/24-008749-003/2024(H5N1)	196	4051
NP|PP755592.1|A/cattle/Texas/24-008749-003/2024(H5N1)	197	4027
NP|PP755592.1|A/cattle/Texas/24-008749-003/2024(H5N1)	198	4056
NP|PP755592.1|A/cattle/Texas/24-008749-003/2024(H5N1)	199	4099
NP|PP755592.1|A/cattle/Texas/24-008749-003/2024(H5N1)	200	4090
NP|PP755592.1|A/cattle/Texas/24-008749-003/2024(H5N1)	201	4086
NP|PP755592.1|A/cattle/Texas/24-008749-003/2024(H5N1)	202	4081
NP|PP755592.1|A/cattle/Texas/24-008749-003/2024(H5N1)	203	4109
NP|PP755592.1|A/cattle/Texas/24-008749-003/2024(H5N1)	204	4062
NP|PP755592.1|A/cattle/Texas/24-008749-003/2024(H5N1)	205	4054
NP|PP755592.1|A/cattle/Texas/24-008749-003/2024(H5N1)	206	4054
NP|PP755592.1|A/cattle/Texas/24-008749-003/2024(H5N1)	207	4028
NP|PP755592.1|A/cattle/Texas/24-008749-003/2024(H5N1)	208	4074
NP|PP755592.1|A/cattle/Texas/24-008749-003/2024(H5N1)	209	4111
NP|PP755592.1|A/cattle/Texas/24-008749-003/2024(H5N1)	210	4101
NP|PP755592.1|A/cattle/Texas/24-008749-003/2024(H5N1)	211	4117
NP|PP755592.1|A/cattle/Texas/24-008749-003/2024(H5N1)	212	4119
NP|PP755592.1|A/cattle/Texas/24-008749-003/2024(H5N1)	213	4113
NP|PP755592.1|A/cattle/Texas/24-008749-003/2024(H5N1)	214	4145
NP|PP755592.1|A/cattle/Texas/24-008749-003/2024(H5N1)	215	4143
NP|PP755592.1|A/cattle/Texas/24-008749-003/2024(H5N1)	216	4125
NP|PP755592.1|A/cattle/Texas/24-008749-003/2024(H5N1)	217	4126
NP|PP755592.1|A/cattle/Texas/24-008749-003/2024(H5N1)	218	4021
NP|PP755592.1|A/cattle/Texas/24-008749-003/2024(H5N1)	219	4142
NP|PP755592.1|A/cattle/Texas/24-008749-003/2024(H5N1)	220	4119
NP|PP755592.1|A/cattle/Texas/24-008749-003/2024(H5N1)	221	4277
NP|PP755592.1|A/cattle/Texas/24-008749-003/2024(H5N1)	222	4306
NP|PP755592.1|A/cattle/Texas/24-008749-003/2024(H5N1)	223	4223
NP|PP755592.1|A/cattle/Texas/24-008749-003/2024(H5N1)	224	4244
NP|PP755592.1|A/cattle/Texas/24-008749-003/2024(H5N1)	225	4354
NP|PP755592.1|A/cattle/Texas/24-008749-003/2024(H5N1)	226	4366
NP|PP755592.1|A/cattle/Texas/24-008749-003/2024(H5N1)	227	4390
NP|PP755592.1|A/cattle/Texas/24-008749-003/2024(H5N1)	228	4340
NP|PP755592.1|A/cattle/Texas/24-008749-003/2024(H5N1)	229	4377
NP|PP755592.1|A/cattle/Texas/24-008749-003/2024(H5N1)	230	4372
NP|PP755592.1|A/cattle/Texas/24-008749-003/2024(H5N1)	231	4398
NP|PP755592.1|A/cattle/Texas/24-008749-003/2024(H5N1)	232	4414
NP|PP755592.1|A/cattle/Texas/24-008749-003/2024(H5N1)	233	4410
NP|PP755592.1|A/cattle/Texas/24-008749-003/2024(H5N1)	234	4357
NP|PP755592.1|A/cattle/Texas/24-008749-003/2024(H5N1)	235	4326
NP|PP755592.1|A/cattle/Texas/24-008749-003/2024(H5N1)	236	4325
NP|PP755592.1|A/cattle/Texas/24-008749-003/2024(H5N1)	237	4318
NP|PP755592.1|A/cattle/Texas/24-008749-003/2024(H5N1)	238	4326
NP|PP755592.1|A/cattle/Texas/24-008749-003/2024(H5N1)	239	4464
NP|PP755592.1|A/cattle/Texas/24-008749-003/2024(H5N1)	240	4395
NP|PP755592.1|A/cattle/Texas/24-008749-003/2024(H5N1)	241	4410
NP|PP755592.1|A/cattle/Texas/24-008749-003/2024(H5N1)	242	4412
NP|PP755592.1|A/cattle/Texas/24-008749-003/2024(H5N1)	243	4438
NP|PP755592.1|A/cattle/Texas/24-008749-003/2024(H5N1)	244	4461
NP|PP755592.1|A/cattle/Texas/24-008749-003/2024(H5N1)	245	4465
NP|PP755592.1|A/cattle/Texas/24-008749-003/2024(H5N1)	246	4537
NP|PP755592.1|A/cattle/Texas/24-008749-003/2024(H5N1)	247	4602
NP|PP755592.1|A/cattle/Texas/24-008749-003/2024(H5N1)	248	4602
NP|PP755592.1|A/cattle/Texas/24-008749-003/2024(H5N1)	249	4602
NP|PP755592.1|A/cattle/Texas/24-008749-003/2024(H5N1)	250	4592
NP|PP755592.1|A/cattle/Texas/24-008749-003/2024(H5N1)	251	4689
NP|PP755592.1|A/cattle/Texas/24-008749-003/2024(H5N1)	252	4713
NP|PP755592.1|A/cattle/Texas/24-008749-003/2024(H5N1)	253	4752
NP|PP755592.1|A/cattle/Texas/24-008749-003/2024(H5N1)	254	4762
NP|PP755592.1|A/cattle/Texas/24-008749-003/2024(H5N1)	255	4709
NP|PP755592.1|A/cattle/Texas/24-008749-003/2024(H5N1)	256	4729
NP|PP755592.1|A/cattle/Texas/24-008749-003/2024(H5N1)	257	4736
NP|PP755592.1|A/cattle/Texas/24-008749-003/2024(H5N1)	258	4757
NP|PP755592.1|A/cattle/Texas/24-008749-003/2024(H5N1)	259	4768
NP|PP755592.1|A/cattle/Texas/24-008749-003/2024(H5N1)	260	4668
NP|PP755592.1|A/cattle/Texas/24-008749-003/2024(H5N1)	261	4670
NP|PP755592.1|A/cattle/Texas/24-008749-003/2024(H5N1)	262	4706
NP|PP755592.1|A/cattle/Texas/24-008749-003/2024(H5N1)	263	4754
NP|PP755592.1|A/cattle/Texas/24-008749-003/2024(H5N1)	264	4756
NP|PP755592.1|A/cattle/Texas/24-008749-003/2024(H5N1)	265	4710
NP|PP755592.1|A/cattle/Texas/24-008749-003/2024(H5N1)	266	4675
NP|PP755592.1|A/cattle/Texas/24-008749-003/2024(H5N1)	267	4694
NP|PP755592.1|A/cattle/Texas/24-008749-003/2024(H5N1)	268	4703
NP|PP755592.1|A/cattle/Texas/24-008749-003/2024(H5N1)	269	4707
NP|PP755592.1|A/cattle/Texas/24-008749-003/2024(H5N1)	270	4570
NP|PP755592.1|A/cattle/Texas/24-008749-003/2024(H5N1)	271	4553
NP|PP755592.1|A/cattle/Texas/24-008749-003/2024(H5N1)	272	4477
NP|PP755592.1|A/cattle/Texas/24-008749-003/2024(H5N1)	273	4516
NP|PP755592.1|A/cattle/Texas/24-008749-003/2024(H5N1)	274	4502
NP|PP755592.1|A/cattle/Texas/24-008749-003/2024(H5N1)	275	4196
NP|PP755592.1|A/cattle/Texas/24-008749-003/2024(H5N1)	276	4147
NP|PP755592.1|A/cattle/Texas/24-008749-003/2024(H5N1)	277	4136
NP|PP755592.1|A/cattle/Texas/24-008749-003/2024(H5N1)	278	4151
NP|PP755592.1|A/cattle/Texas/24-008749-003/2024(H5N1)	279	4098
NP|PP755592.1|A/cattle/Texas/24-008749-003/2024(H5N1)	280	4137
NP|PP755592.1|A/cattle/Texas/24-008749-003/2024(H5N1)	281	4158
NP|PP755592.1|A/cattle/Texas/24-008749-003/2024(H5N1)	282	4115
NP|PP755592.1|A/cattle/Texas/24-008749-003/2024(H5N1)	283	4127
NP|PP755592.1|A/cattle/Texas/24-008749-003/2024(H5N1)	284	4114
NP|PP755592.1|A/cattle/Texas/24-008749-003/2024(H5N1)	285	4111
NP|PP755592.1|A/cattle/Texas/24-008749-003/2024(H5N1)	286	4210
NP|PP755592.1|A/cattle/Texas/24-008749-003/2024(H5N1)	287	4154
NP|PP755592.1|A/cattle/Texas/24-008749-003/2024(H5N1)	288	4077
NP|PP755592.1|A/cattle/Texas/24-008749-003/2024(H5N1)	289	4053
NP|PP755592.1|A/cattle/Texas/24-008749-003/2024(H5N1)	290	4034
NP|PP755592.1|A/cattle/Texas/24-008749-003/2024(H5N1)	291	4046
NP|PP755592.1|A/cattle/Texas/24-008749-003/2024(H5N1)	292	4053
NP|PP755592.1|A/cattle/Texas/24-008749-003/2024(H5N1)	293	4034
NP|PP755592.1|A/cattle/Texas/24-008749-003/2024(H5N1)	294	4045
NP|PP755592.1|A/cattle/Texas/24-008749-003/2024(H5N1)	295	3949
NP|PP755592.1|A/cattle/Texas/24-008749-003/2024(H5N1)	296	3946
NP|PP755592.1|A/cattle/Texas/24-008749-003/2024(H5N1)	297	4023
NP|PP755592.1|A/cattle/Texas/24-008749-003/2024(H5N1)	298	4093
NP|PP755592.1|A/cattle/Texas/24-008749-003/2024(H5N1)	299	4106
NP|PP755592.1|A/cattle/Texas/24-008749-003/2024(H5N1)	300	4082
NP|PP755592.1|A/cattle/Texas/24-008749-003/2024(H5N1)	301	4090
NP|PP755592.1|A/cattle/Texas/24-008749-003/2024(H5N1)	302	4117
NP|PP755592.1|A/cattle/Texas/24-008749-003/2024(H5N1)	303	4108
NP|PP755592.1|A/cattle/Texas/24-008749-003/2024(H5N1)	304	4113
NP|PP755592.1|A/cattle/Texas/24-008749-003/2024(H5N1)	305	4098
NP|PP755592.1|A/cattle/Texas/24-008749-003/2024(H5N1)	306	4109
NP|PP755592.1|A/cattle/Texas/24-008749-003/2024(H5N1)	307	4209
NP|PP755592.1|A/cattle/Texas/24-008749-003/2024(H5N1)	308	4195
NP|PP755592.1|A/cattle/Texas/24-008749-003/2024(H5N1)	309	4185
NP|PP755592.1|A/cattle/Texas/24-008749-003/2024(H5N1)	310	4209
NP|PP755592.1|A/cattle/Texas/24-008749-003/2024(H5N1)	311	4288
NP|PP755592.1|A/cattle/Texas/24-008749-003/2024(H5N1)	312	4286
NP|PP755592.1|A/cattle/Texas/24-008749-003/2024(H5N1)	313	4330
NP|PP755592.1|A/cattle/Texas/24-008749-003/2024(H5N1)	314	4330
NP|PP755592.1|A/cattle/Texas/24-008749-003/2024(H5N1)	315	4311
NP|PP755592.1|A/cattle/Texas/24-008749-003/2024(H5N1)	316	4339
NP|PP755592.1|A/cattle/Texas/24-008749-003/2024(H5N1)	317	4349
NP|PP755592.1|A/cattle/Texas/24-008749-003/2024(H5N1)	318	4336
NP|PP755592.1|A/cattle/Texas/24-008749-003/2024(H5N1)	319	4377
NP|PP755592.1|A/cattle/Texas/24-008749-003/2024(H5N1)	320	4303
NP|PP755592.1|A/cattle/Texas/24-008749-003/2024(H5N1)	321	4308
NP|PP755592.1|A/cattle/Texas/24-008749-003/2024(H5N1)	322	4325
NP|PP755592.1|A/cattle/Texas/24-008749-003/2024(H5N1)	323	4315
NP|PP755592.1|A/cattle/Texas/24-008749-003/2024(H5N1)	324	4316
NP|PP755592.1|A/cattle/Texas/24-008749-003/2024(H5N1)	325	4367
NP|PP755592.1|A/cattle/Texas/24-008749-003/2024(H5N1)	326	4378
NP|PP755592.1|A/cattle/Texas/24-008749-003/2024(H5N1)	327	4310
NP|PP755592.1|A/cattle/Texas/24-008749-003/2024(H5N1)	328	4347
NP|PP755592.1|A/cattle/Texas/24-008749-003/2024(H5N1)	329	4285
NP|PP755592.1|A/cattle/Texas/24-008749-003/2024(H5N1)	330	4386
NP|PP755592.1|A/cattle/Texas/24-008749-003/2024(H5N1)	331	4395
NP|PP755592.1|A/cattle/Texas/24-008749-003/2024(H5N1)	332	4405
NP|PP755592.1|A/cattle/Texas/24-008749-003/2024(H5N1)	333	4402
NP|PP755592.1|A/cattle/Texas/24-008749-003/2024(H5N1)	334	4387
NP|PP755592.1|A/cattle/Texas/24-008749-003/2024(H5N1)	335	4422
NP|PP755592.1|A/cattle/Texas/24-008749-003/2024(H5N1)	336	4336
NP|PP755592.1|A/cattle/Texas/24-008749-003/2024(H5N1)	337	4403
NP|PP755592.1|A/cattle/Texas/24-008749-003/2024(H5N1)	338	4442
NP|PP755592.1|A/cattle/Texas/24-008749-003/2024(H5N1)	339	4431
NP|PP755592.1|A/cattle/Texas/24-008749-003/2024(H5N1)	340	4483
NP|PP755592.1|A/cattle/Texas/24-008749-003/2024(H5N1)	341	4538
NP|PP755592.1|A/cattle/Texas/24-008749-003/2024(H5N1)	342	4529
NP|PP755592.1|A/cattle/Texas/24-008749-003/2024(H5N1)	343	4522
NP|PP755592.1|A/cattle/Texas/24-008749-003/2024(H5N1)	344	4461
NP|PP755592.1|A/cattle/Texas/24-008749-003/2024(H5N1)	345	4495
NP|PP755592.1|A/cattle/Texas/24-008749-003/2024(H5N1)	346	4535
NP|PP755592.1|A/cattle/Texas/24-008749-003/2024(H5N1)	347	4558
NP|PP755592.1|A/cattle/Texas/24-008749-003/2024(H5N1)	348	4533
NP|PP755592.1|A/cattle/Texas/24-008749-003/2024(H5N1)	349	4485
NP|PP755592.1|A/cattle/Texas/24-008749-003/2024(H5N1)	350	4498
NP|PP755592.1|A/cattle/Texas/24-008749-003/2024(H5N1)	351	4517
NP|PP755592.1|A/cattle/Texas/24-008749-003/2024(H5N1)	352	4498
NP|PP755592.1|A/cattle/Texas/24-008749-003/2024(H5N1)	353	4503
NP|PP755592.1|A/cattle/Texas/24-008749-003/2024(H5N1)	354	4558
NP|PP755592.1|A/cattle/Texas/24-008749-003/2024(H5N1)	355	4551
NP|PP755592.1|A/cattle/Texas/24-008749-003/2024(H5N1)	356	4559
NP|PP755592.1|A/cattle/Texas/24-008749-003/2024(H5N1)	357	4591
NP|PP755592.1|A/cattle/Texas/24-008749-003/2024(H5N1)	358	4590
NP|PP755592.1|A/cattle/Texas/24-008749-003/2024(H5N1)	359	4507
NP|PP755592.1|A/cattle/Texas/24-008749-003/2024(H5N1)	360	4497
NP|PP755592.1|A/cattle/Texas/24-008749-003/2024(H5N1)	361	4475
NP|PP755592.1|A/cattle/Texas/24-008749-003/2024(H5N1)	362	4469
NP|PP755592.1|A/cattle/Texas/24-008749-003/2024(H5N1)	363	4509
NP|PP755592.1|A/cattle/Texas/24-008749-003/2024(H5N1)	364	4611
NP|PP755592.1|A/cattle/Texas/24-008749-003/2024(H5N1)	365	4611
NP|PP755592.1|A/cattle/Texas/24-008749-003/2024(H5N1)	366	4657
NP|PP755592.1|A/cattle/Texas/24-008749-003/2024(H5N1)	367	4680
NP|PP755592.1|A/cattle/Texas/24-008749-003/2024(H5N1)	368	4576
NP|PP755592.1|A/cattle/Texas/24-008749-003/2024(H5N1)	369	4625
NP|PP755592.1|A/cattle/Texas/24-008749-003/2024(H5N1)	370	4641
NP|PP755592.1|A/cattle/Texas/24-008749-003/2024(H5N1)	371	4689
NP|PP755592.1|A/cattle/Texas/24-008749-003/2024(H5N1)	372	4634
NP|PP755592.1|A/cattle/Texas/24-008749-003/2024(H5N1)	373	4609
NP|PP755592.1|A/cattle/Texas/24-008749-003/2024(H5N1)	374	4771
NP|PP755592.1|A/cattle/Texas/24-008749-003/2024(H5N1)	375	4698
NP|PP755592.1|A/cattle/Texas/24-008749-003/2024(H5N1)	376	4640
NP|PP755592.1|A/cattle/Texas/24-008749-003/2024(H5N1)	377	4640
NP|PP755592.1|A/cattle/Texas/24-008749-003/2024(H5N1)	378	4628
NP|PP755592.1|A/cattle/Texas/24-008749-003/2024(H5N1)	379	4624
NP|PP755592.1|A/cattle/Texas/24-008749-003/2024(H5N1)	380	4589
NP|PP755592.1|A/cattle/Texas/24-008749-003/2024(H5N1)	381	4831
NP|PP755592.1|A/cattle/Texas/24-008749-003/2024(H5N1)	382	4801
NP|PP755592.1|A/cattle/Texas/24-008749-003/2024(H5N1)	383	4885
NP|PP755592.1|A/cattle/Texas/24-008749-003/2024(H5N1)	384	4888
NP|PP755592.1|A/cattle/Texas/24-008749-003/2024(H5N1)	385	4884
NP|PP755592.1|A/cattle/Texas/24-008749-003/2024(H5N1)	386	4899
NP|PP755592.1|A/cattle/Texas/24-008749-003/2024(H5N1)	387	4906
NP|PP755592.1|A/cattle/Texas/24-008749-003/2024(H5N1)	388	4905
NP|PP755592.1|A/cattle/Texas/24-008749-003/2024(H5N1)	389	4980
NP|PP755592.1|A/cattle/Texas/24-008749-003/2024(H5N1)	390	4803
NP|PP755592.1|A/cattle/Texas/24-008749-003/2024(H5N1)	391	4814
NP|PP755592.1|A/cattle/Texas/24-008749-003/2024(H5N1)	392	4784
NP|PP755592.1|A/cattle/Texas/24-008749-003/2024(H5N1)	393	4780
NP|PP755592.1|A/cattle/Texas/24-008749-003/2024(H5N1)	394	4841
NP|PP755592.1|A/cattle/Texas/24-008749-003/2024(H5N1)	395	4855
NP|PP755592.1|A/cattle/Texas/24-008749-003/2024(H5N1)	396	4854
NP|PP755592.1|A/cattle/Texas/24-008749-003/2024(H5N1)	397	4803
NP|PP755592.1|A/cattle/Texas/24-008749-003/2024(H5N1)	398	4718
NP|PP755592.1|A/cattle/Texas/24-008749-003/2024(H5N1)	399	4725
NP|PP755592.1|A/cattle/Texas/24-008749-003/2024(H5N1)	400	4718
NP|PP755592.1|A/cattle/Texas/24-008749-003/2024(H5N1)	401	4641
NP|PP755592.1|A/cattle/Texas/24-008749-003/2024(H5N1)	402	4693
NP|PP755592.1|A/cattle/Texas/24-008749-003/2024(H5N1)	403	4646
NP|PP755592.1|A/cattle/Texas/24-008749-003/2024(H5N1)	404	4644
NP|PP755592.1|A/cattle/Texas/24-008749-003/2024(H5N1)	405	4676
NP|PP755592.1|A/cattle/Texas/24-008749-003/2024(H5N1)	406	4703
NP|PP755592.1|A/cattle/Texas/24-008749-003/2024(H5N1)	407	4690
NP|PP755592.1|A/cattle/Texas/24-008749-003/2024(H5N1)	408	4684
NP|PP755592.1|A/cattle/Texas/24-008749-003/2024(H5N1)	409	4672
NP|PP755592.1|A/cattle/Texas/24-008749-003/2024(H5N1)	410	4666
NP|PP755592.1|A/cattle/Texas/24-008749-003/2024(H5N1)	411	4673
NP|PP755592.1|A/cattle/Texas/24-008749-003/2024(H5N1)	412	4652
NP|PP755592.1|A/cattle/Texas/24-008749-003/2024(H5N1)	413	4747
NP|PP755592.1|A/cattle/Texas/24-008749-003/2024(H5N1)	414	4695
NP|PP755592.1|A/cattle/Texas/24-008749-003/2024(H5N1)	415	4702
NP|PP755592.1|A/cattle/Texas/24-008749-003/2024(H5N1)	416	4685
NP|PP755592.1|A/cattle/Texas/24-008749-003/2024(H5N1)	417	4692
NP|PP755592.1|A/cattle/Texas/24-008749-003/2024(H5N1)	418	4716
NP|PP755592.1|A/cattle/Texas/24-008749-003/2024(H5N1)	419	4726
NP|PP755592.1|A/cattle/Texas/24-008749-003/2024(H5N1)	420	4721
NP|PP755592.1|A/cattle/Texas/24-008749-003/2024(H5N1)	421	4702
NP|PP755592.1|A/cattle/Texas/24-008749-003/2024(H5N1)	422	4688
NP|PP755592.1|A/cattle/Texas/24-008749-003/2024(H5N1)	423	4666
NP|PP755592.1|A/cattle/Texas/24-008749-003/2024(H5N1)	424	4738
NP|PP755592.1|A/cattle/Texas/24-008749-003/2024(H5N1)	425	4763
NP|PP755592.1|A/cattle/Texas/24-008749-003/2024(H5N1)	426	4745
NP|PP755592.1|A/cattle/Texas/24-008749-003/2024(H5N1)	427	4759
NP|PP755592.1|A/cattle/Texas/24-008749-003/2024(H5N1)	428	4736
NP|PP755592.1|A/cattle/Texas/24-008749-003/2024(H5N1)	429	4783
NP|PP755592.1|A/cattle/Texas/24-008749-003/2024(H5N1)	430	4787
NP|PP755592.1|A/cattle/Texas/24-008749-003/2024(H5N1)	431	4754
NP|PP755592.1|A/cattle/Texas/24-008749-003/2024(H5N1)	432	4772
NP|PP755592.1|A/cattle/Texas/24-008749-003/2024(H5N1)	433	4742
NP|PP755592.1|A/cattle/Texas/24-008749-003/2024(H5N1)	434	4762
NP|PP755592.1|A/cattle/Texas/24-008749-003/2024(H5N1)	435	4760
NP|PP755592.1|A/cattle/Texas/24-008749-003/2024(H5N1)	436	4777
NP|PP755592.1|A/cattle/Texas/24-008749-003/2024(H5N1)	437	4801
NP|PP755592.1|A/cattle/Texas/24-008749-003/2024(H5N1)	438	4718
NP|PP755592.1|A/cattle/Texas/24-008749-003/2024(H5N1)	439	4780
NP|PP755592.1|A/cattle/Texas/24-008749-003/2024(H5N1)	440	4778
NP|PP755592.1|A/cattle/Texas/24-008749-003/2024(H5N1)	441	4801
NP|PP755592.1|A/cattle/Texas/24-008749-003/2024(H5N1)	442	4807
NP|PP755592.1|A/cattle/Texas/24-008749-003/2024(H5N1)	443	4772
NP|PP755592.1|A/cattle/Texas/24-008749-003/2024(H5N1)	444	4791
NP|PP755592.1|A/cattle/Texas/24-008749-003/2024(H5N1)	445	4770
NP|PP755592.1|A/cattle/Texas/24-008749-003/2024(H5N1)	446	4688
NP|PP755592.1|A/cattle/Texas/24-008749-003/2024(H5N1)	447	4705
NP|PP755592.1|A/cattle/Texas/24-008749-003/2024(H5N1)	448	4714
NP|PP755592.1|A/cattle/Texas/24-008749-003/2024(H5N1)	449	4809
NP|PP755592.1|A/cattle/Texas/24-008749-003/2024(H5N1)	450	4783
NP|PP755592.1|A/cattle/Texas/24-008749-003/2024(H5N1)	451	4791
NP|PP755592.1|A/cattle/Texas/24-008749-003/2024(H5N1)	452	4806
NP|PP755592.1|A/cattle/Texas/24-008749-003/2024(H5N1)	453	4705
NP|PP755592.1|A/cattle/Texas/24-008749-003/2024(H5N1)	454	4708
NP|PP755592.1|A/cattle/Texas/24-008749-003/2024(H5N1)	455	4737
NP|PP755592.1|A/cattle/Texas/24-008749-003/2024(H5N1)	456	4735
NP|PP755592.1|A/cattle/Texas/24-008749-003/2024(H5N1)	457	4744
NP|PP755592.1|A/cattle/Texas/24-008749-003/2024(H5N1)	458	4702
NP|PP755592.1|A/cattle/Texas/24-008749-003/2024(H5N1)	459	4707
NP|PP755592.1|A/cattle/Texas/24-008749-003/2024(H5N1)	460	4669
NP|PP755592.1|A/cattle/Texas/24-008749-003/2024(H5N1)	461	4643
NP|PP755592.1|A/cattle/Texas/24-008749-003/2024(H5N1)	462	4658
NP|PP755592.1|A/cattle/Texas/24-008749-003/2024(H5N1)	463	4676
NP|PP755592.1|A/cattle/Texas/24-008749-003/2024(H5N1)	464	4618
NP|PP755592.1|A/cattle/Texas/24-008749-003/2024(H5N1)	465	4615
NP|PP755592.1|A/cattle/Texas/24-008749-003/2024(H5N1)	466	4589
NP|PP755592.1|A/cattle/Texas/24-008749-003/2024(H5N1)	467	4617
NP|PP755592.1|A/cattle/Texas/24-008749-003/2024(H5N1)	468	4633
NP|PP755592.1|A/cattle/Texas/24-008749-003/2024(H5N1)	469	4571
NP|PP755592.1|A/cattle/Texas/24-008749-003/2024(H5N1)	470	4491
NP|PP755592.1|A/cattle/Texas/24-008749-003/2024(H5N1)	471	4485
NP|PP755592.1|A/cattle/Texas/24-008749-003/2024(H5N1)	472	4579
NP|PP755592.1|A/cattle/Texas/24-008749-003/2024(H5N1)	473	4601
NP|PP755592.1|A/cattle/Texas/24-008749-003/2024(H5N1)	474	4653
NP|PP755592.1|A/cattle/Texas/24-008749-003/2024(H5N1)	475	4647
NP|PP755592.1|A/cattle/Texas/24-008749-003/2024(H5N1)	476	4581
NP|PP755592.1|A/cattle/Texas/24-008749-003/2024(H5N1)	477	4578
NP|PP755592.1|A/cattle/Texas/24-008749-003/2024(H5N1)	478	4605
NP|PP755592.1|A/cattle/Texas/24-008749-003/2024(H5N1)	479	4611
NP|PP755592.1|A/cattle/Texas/24-008749-003/2024(H5N1)	480	4717
NP|PP755592.1|A/cattle/Texas/24-008749-003/2024(H5N1)	481	4630
NP|PP755592.1|A/cattle/Texas/24-008749-003/2024(H5N1)	482	4622
NP|PP755592.1|A/cattle/Texas/24-008749-003/2024(H5N1)	483	4663
NP|PP755592.1|A/cattle/Texas/24-008749-003/2024(H5N1)	484	4708
NP|PP755592.1|A/cattle/Texas/24-008749-003/2024(H5N1)	485	4720
NP|PP755592.1|A/cattle/Texas/24-008749-003/2024(H5N1)	486	4682
NP|PP755592.1|A/cattle/Texas/24-008749-003/2024(H5N1)	487	4661
NP|PP755592.1|A/cattle/Texas/24-008749-003/2024(H5N1)	488	4483
NP|PP755592.1|A/cattle/Texas/24-008749-003/2024(H5N1)	489	4452
NP|PP755592.1|A/cattle/Texas/24-008749-003/2024(H5N1)	490	4396
NP|PP755592.1|A/cattle/Texas/24-008749-003/2024(H5N1)	491	4375
NP|PP755592.1|A/cattle/Texas/24-008749-003/2024(H5N1)	492	4380
NP|PP755592.1|A/cattle/Texas/24-008749-003/2024(H5N1)	493	4337
NP|PP755592.1|A/cattle/Texas/24-008749-003/2024(H5N1)	494	4336
NP|PP755592.1|A/cattle/Texas/24-008749-003/2024(H5N1)	495	4293
NP|PP755592.1|A/cattle/Texas/24-008749-003/2024(H5N1)	496	4351
NP|PP755592.1|A/cattle/Texas/24-008749-003/2024(H5N1)	497	4367
NP|PP755592.1|A/cattle/Texas/24-008749-003/2024(H5N1)	498	4357
NP|PP755592.1|A/cattle/Texas/24-008749-003/2024(H5N1)	499	4440
NP|PP755592.1|A/cattle/Texas/24-008749-003/2024(H5N1)	500	4439
NP|PP755592.1|A/cattle/Texas/24-008749-003/2024(H5N1)	501	4426
NP|PP755592.1|A/cattle/Texas/24-008749-003/2024(H5N1)	502	4447
NP|PP755592.1|A/cattle/Texas/24-008749-003/2024(H5N1)	503	4354
NP|PP755592.1|A/cattle/Texas/24-008749-003/2024(H5N1)	504	4380
NP|PP755592.1|A/cattle/Texas/24-008749-003/2024(H5N1)	505	4353
NP|PP755592.1|A/cattle/Texas/24-008749-003/2024(H5N1)	506	4520
NP|PP755592.1|A/cattle/Texas/24-008749-003/2024(H5N1)	507	4513
NP|PP755592.1|A/cattle/Texas/24-008749-003/2024(H5N1)	508	4470
NP|PP755592.1|A/cattle/Texas/24-008749-003/2024(H5N1)	509	4482
NP|PP755592.1|A/cattle/Texas/24-008749-003/2024(H5N1)	510	4566
NP|PP755592.1|A/cattle/Texas/24-008749-003/2024(H5N1)	511	4612
NP|PP755592.1|A/cattle/Texas/24-008749-003/2024(H5N1)	512	4626
NP|PP755592.1|A/cattle/Texas/24-008749-003/2024(H5N1)	513	4601
NP|PP755592.1|A/cattle/Texas/24-008749-003/2024(H5N1)	514	4714
NP|PP755592.1|A/cattle/Texas/24-008749-003/2024(H5N1)	515	4569
NP|PP755592.1|A/cattle/Texas/24-008749-003/2024(H5N1)	516	4801
NP|PP755592.1|A/cattle/Texas/24-008749-003/2024(H5N1)	517	4787
NP|PP755592.1|A/cattle/Texas/24-008749-003/2024(H5N1)	518	4778
NP|PP755592.1|A/cattle/Texas/24-008749-003/2024(H5N1)	519	4805
NP|PP755592.1|A/cattle/Texas/24-008749-003/2024(H5N1)	520	4756
NP|PP755592.1|A/cattle/Texas/24-008749-003/2024(H5N1)	521	4750
NP|PP755592.1|A/cattle/Texas/24-008749-003/2024(H5N1)	522	4723
NP|PP755592.1|A/cattle/Texas/24-008749-003/2024(H5N1)	523	4667
NP|PP755592.1|A/cattle/Texas/24-008749-003/2024(H5N1)	524	4750
NP|PP755592.1|A/cattle/Texas/24-008749-003/2024(H5N1)	525	4674
NP|PP755592.1|A/cattle/Texas/24-008749-003/2024(H5N1)	526	4676
NP|PP755592.1|A/cattle/Texas/24-008749-003/2024(H5N1)	527	4663
NP|PP755592.1|A/cattle/Texas/24-008749-003/2024(H5N1)	528	4644
NP|PP755592.1|A/cattle/Texas/24-008749-003/2024(H5N1)	529	4664
NP|PP755592.1|A/cattle/Texas/24-008749-003/2024(H5N1)	530	4685
NP|PP755592.1|A/cattle/Texas/24-008749-003/2024(H5N1)	531	4703
NP|PP755592.1|A/cattle/Texas/24-008749-003/2024(H5N1)	532	4482
NP|PP755592.1|A/cattle/Texas/24-008749-003/2024(H5N1)	533	4419
NP|PP755592.1|A/cattle/Texas/24-008749-003/2024(H5N1)	534	4426
NP|PP755592.1|A/cattle/Texas/24-008749-003/2024(H5N1)	535	4458
NP|PP755592.1|A/cattle/Texas/24-008749-003/2024(H5N1)	536	4436
NP|PP755592.1|A/cattle/Texas/24-008749-003/2024(H5N1)	537	4436
NP|PP755592.1|A/cattle/Texas/24-008749-003/2024(H5N1)	538	4431
NP|PP755592.1|A/cattle/Texas/24-008749-003/2024(H5N1)	539	4496
NP|PP755592.1|A/cattle/Texas/24-008749-003/2024(H5N1)	540	4425
NP|PP755592.1|A/cattle/Texas/24-008749-003/2024(H5N1)	541	4427
NP|PP755592.1|A/cattle/Texas/24-008749-003/2024(H5N1)	542	4421
NP|PP755592.1|A/cattle/Texas/24-008749-003/2024(H5N1)	543	4407
NP|PP755592.1|A/cattle/Texas/24-008749-003/2024(H5N1)	544	4479
NP|PP755592.1|A/cattle/Texas/24-008749-003/2024(H5N1)	545	4416
NP|PP755592.1|A/cattle/Texas/24-008749-003/2024(H5N1)	546	4454
NP|PP755592.1|A/cattle/Texas/24-008749-003/2024(H5N1)	547	4532
NP|PP755592.1|A/cattle/Texas/24-008749-003/2024(H5N1)	548	4635
NP|PP755592.1|A/cattle/Texas/24-008749-003/2024(H5N1)	549	4649
NP|PP755592.1|A/cattle/Texas/24-008749-003/2024(H5N1)	550	4642
NP|PP755592.1|A/cattle/Texas/24-008749-003/2024(H5N1)	551	4645
NP|PP755592.1|A/cattle/Texas/24-008749-003/2024(H5N1)	552	4643
NP|PP755592.1|A/cattle/Texas/24-008749-003/2024(H5N1)	553	4587
NP|PP755592.1|A/cattle/Texas/24-008749-003/2024(H5N1)	554	4806
NP|PP755592.1|A/cattle/Texas/24-008749-003/2024(H5N1)	555	4783
NP|PP755592.1|A/cattle/Texas/24-008749-003/2024(H5N1)	556	4750
NP|PP755592.1|A/cattle/Texas/24-008749-003/2024(H5N1)	557	4766
NP|PP755592.1|A/cattle/Texas/24-008749-003/2024(H5N1)	558	4776
NP|PP755592.1|A/cattle/Texas/24-008749-003/2024(H5N1)	559	4777
NP|PP755592.1|A/cattle/Texas/24-008749-003/2024(H5N1)	560	4872
NP|PP755592.1|A/cattle/Texas/24-008749-003/2024(H5N1)	561	4885
NP|PP755592.1|A/cattle/Texas/24-008749-003/2024(H5N1)	562	4879
NP|PP755592.1|A/cattle/Texas/24-008749-003/2024(H5N1)	563	4867
NP|PP755592.1|A/cattle/Texas/24-008749-003/2024(H5N1)	564	4740
NP|PP755592.1|A/cattle/Texas/24-008749-003/2024(H5N1)	565	4853
NP|PP755592.1|A/cattle/Texas/24-008749-003/2024(H5N1)	566	4909
NP|PP755592.1|A/cattle/Texas/24-008749-003/2024(H5N1)	567	4920
NP|PP755592.1|A/cattle/Texas/24-008749-003/2024(H5N1)	568	4927
NP|PP755592.1|A/cattle/Texas/24-008749-003/2024(H5N1)	569	4847
NP|PP755592.1|A/cattle/Texas/24-008749-003/2024(H5N1)	570	5075
NP|PP755592.1|A/cattle/Texas/24-008749-003/2024(H5N1)	571	5101
NP|PP755592.1|A/cattle/Texas/24-008749-003/2024(H5N1)	572	5103
NP|PP755592.1|A/cattle/Texas/24-008749-003/2024(H5N1)	573	5105
NP|PP755592.1|A/cattle/Texas/24-008749-003/2024(H5N1)	574	5165
NP|PP755592.1|A/cattle/Texas/24-008749-003/2024(H5N1)	575	5084
NP|PP755592.1|A/cattle/Texas/24-008749-003/2024(H5N1)	576	5147
NP|PP755592.1|A/cattle/Texas/24-008749-003/2024(H5N1)	577	5140
NP|PP755592.1|A/cattle/Texas/24-008749-003/2024(H5N1)	578	5131
NP|PP755592.1|A/cattle/Texas/24-008749-003/2024(H5N1)	579	5183
NP|PP755592.1|A/cattle/Texas/24-008749-003/2024(H5N1)	580	5184
NP|PP755592.1|A/cattle/Texas/24-008749-003/2024(H5N1)	581	5214
NP|PP755592.1|A/cattle/Texas/24-008749-003/2024(H5N1)	582	5245
NP|PP755592.1|A/cattle/Texas/24-008749-003/2024(H5N1)	583	5183
NP|PP755592.1|A/cattle/Texas/24-008749-003/2024(H5N1)	584	5180
NP|PP755592.1|A/cattle/Texas/24-008749-003/2024(H5N1)	585	5154
NP|PP755592.1|A/cattle/Texas/24-008749-003/2024(H5N1)	586	5184
NP|PP755592.1|A/cattle/Texas/24-008749-003/2024(H5N1)	587	5155
NP|PP755592.1|A/cattle/Texas/24-008749-003/2024(H5N1)	588	5158
NP|PP755592.1|A/cattle/Texas/24-008749-003/2024(H5N1)	589	5165
NP|PP755592.1|A/cattle/Texas/24-008749-003/2024(H5N1)	590	5138
NP|PP755592.1|A/cattle/Texas/24-008749-003/2024(H5N1)	591	5123
NP|PP755592.1|A/cattle/Texas/24-008749-003/2024(H5N1)	592	5136
NP|PP755592.1|A/cattle/Texas/24-008749-003/2024(H5N1)	593	5235
NP|PP755592.1|A/cattle/Texas/24-008749-003/2024(H5N1)	594	5235
NP|PP755592.1|A/cattle/Texas/24-008749-003/2024(H5N1)	595	5171
NP|PP755592.1|A/cattle/Texas/24-008749-003/2024(H5N1)	596	5170
NP|PP755592.1|A/cattle/Texas/24-008749-003/2024(H5N1)	597	5110
NP|PP755592.1|A/cattle/Texas/24-008749-003/2024(H5N1)	598	5094
NP|PP755592.1|A/cattle/Texas/24-008749-003/2024(H5N1)	599	5202
NP|PP755592.1|A/cattle/Texas/24-008749-003/2024(H5N1)	600	5135
NP|PP755592.1|A/cattle/Texas/24-008749-003/2024(H5N1)	601	5151
NP|PP755592.1|A/cattle/Texas/24-008749-003/2024(H5N1)	602	5137
NP|PP755592.1|A/cattle/Texas/24-008749-003/2024(H5N1)	603	5120
NP|PP755592.1|A/cattle/Texas/24-008749-003/2024(H5N1)	604	5140
NP|PP755592.1|A/cattle/Texas/24-008749-003/2024(H5N1)	605	5138
NP|PP755592.1|A/cattle/Texas/24-008749-003/2024(H5N1)	606	5076
NP|PP755592.1|A/cattle/Texas/24-008749-003/2024(H5N1)	607	5081
NP|PP755592.1|A/cattle/Texas/24-008749-003/2024(H5N1)	608	5045
NP|PP755592.1|A/cattle/Texas/24-008749-003/2024(H5N1)	609	5017
NP|PP755592.1|A/cattle/Texas/24-008749-003/2024(H5N1)	610	4967
NP|PP755592.1|A/cattle/Texas/24-008749-003/2024(H5N1)	611	4964
NP|PP755592.1|A/cattle/Texas/24-008749-003/2024(H5N1)	612	5009
NP|PP755592.1|A/cattle/Texas/24-008749-003/2024(H5N1)	613	5013
NP|PP755592.1|A/cattle/Texas/24-008749-003/2024(H5N1)	614	5034
NP|PP755592.1|A/cattle/Texas/24-008749-003/2024(H5N1)	615	5113
NP|PP755592.1|A/cattle/Texas/24-008749-003/2024(H5N1)	616	5147
NP|PP755592.1|A/cattle/Texas/24-008749-003/2024(H5N1)	617	5143
NP|PP755592.1|A/cattle/Texas/24-008749-003/2024(H5N1)	618	5077
NP|PP755592.1|A/cattle/Texas/24-008749-003/2024(H5N1)	619	5072
NP|PP755592.1|A/cattle/Texas/24-008749-003/2024(H5N1)	620	5071
NP|PP755592.1|A/cattle/Texas/24-008749-003/2024(H5N1)	621	5068
NP|PP755592.1|A/cattle/Texas/24-008749-003/2024(H5N1)	622	5087
NP|PP755592.1|A/cattle/Texas/24-008749-003/2024(H5N1)	623	5002
NP|PP755592.1|A/cattle/Texas/24-008749-003/2024(H5N1)	624	4923
NP|PP755592.1|A/cattle/Texas/24-008749-003/2024(H5N1)	625	4973
NP|PP755592.1|A/cattle/Texas/24-008749-003/2024(H5N1)	626	4979
NP|PP755592.1|A/cattle/Texas/24-008749-003/2024(H5N1)	627	4983
NP|PP755592.1|A/cattle/Texas/24-008749-003/2024(H5N1)	628	4988
NP|PP755592.1|A/cattle/Texas/24-008749-003/2024(H5N1)	629	4980
NP|PP755592.1|A/cattle/Texas/24-008749-003/2024(H5N1)	630	4870
NP|PP755592.1|A/cattle/Texas/24-008749-003/2024(H5N1)	631	4868
NP|PP755592.1|A/cattle/Texas/24-008749-003/2024(H5N1)	632	4863
NP|PP755592.1|A/cattle/Texas/24-008749-003/2024(H5N1)	633	4865
NP|PP755592.1|A/cattle/Texas/24-008749-003/2024(H5N1)	634	4828
NP|PP755592.1|A/cattle/Texas/24-008749-003/2024(H5N1)	635	4798
NP|PP755592.1|A/cattle/Texas/24-008749-003/2024(H5N1)	636	4844
NP|PP755592.1|A/cattle/Texas/24-008749-003/2024(H5N1)	637	4814
NP|PP755592.1|A/cattle/Texas/24-008749-003/2024(H5N1)	638	4803
NP|PP755592.1|A/cattle/Texas/24-008749-003/2024(H5N1)	639	4845
NP|PP755592.1|A/cattle/Texas/24-008749-003/2024(H5N1)	640	4813
NP|PP755592.1|A/cattle/Texas/24-008749-003/2024(H5N1)	641	4868
NP|PP755592.1|A/cattle/Texas/24-008749-003/2024(H5N1)	642	4955
NP|PP755592.1|A/cattle/Texas/24-008749-003/2024(H5N1)	643	4950
NP|PP755592.1|A/cattle/Texas/24-008749-003/2024(H5N1)	644	4921
NP|PP755592.1|A/cattle/Texas/24-008749-003/2024(H5N1)	645	4916
NP|PP755592.1|A/cattle/Texas/24-008749-003/2024(H5N1)	646	4909
NP|PP755592.1|A/cattle/Texas/24-008749-003/2024(H5N1)	647	4896
NP|PP755592.1|A/cattle/Texas/24-008749-003/2024(H5N1)	648	5029
NP|PP755592.1|A/cattle/Texas/24-008749-003/2024(H5N1)	649	5011
NP|PP755592.1|A/cattle/Texas/24-008749-003/2024(H5N1)	650	5030
NP|PP755592.1|A/cattle/Texas/24-008749-003/2024(H5N1)	651	5036
NP|PP755592.1|A/cattle/Texas/24-008749-003/2024(H5N1)	652	5168
NP|PP755592.1|A/cattle/Texas/24-008749-003/2024(H5N1)	653	5169
NP|PP755592.1|A/cattle/Texas/24-008749-003/2024(H5N1)	654	5141
NP|PP755592.1|A/cattle/Texas/24-008749-003/2024(H5N1)	655	5142
NP|PP755592.1|A/cattle/Texas/24-008749-003/2024(H5N1)	656	5145
NP|PP755592.1|A/cattle/Texas/24-008749-003/2024(H5N1)	657	5035
NP|PP755592.1|A/cattle/Texas/24-008749-003/2024(H5N1)	658	5045
NP|PP755592.1|A/cattle/Texas/24-008749-003/2024(H5N1)	659	5073
NP|PP755592.1|A/cattle/Texas/24-008749-003/2024(H5N1)	660	5065
NP|PP755592.1|A/cattle/Texas/24-008749-003/2024(H5N1)	661	4983
NP|PP755592.1|A/cattle/Texas/24-008749-003/2024(H5N1)	662	4946
NP|PP755592.1|A/cattle/Texas/24-008749-003/2024(H5N1)	663	5018
NP|PP755592.1|A/cattle/Texas/24-008749-003/2024(H5N1)	664	5071
NP|PP755592.1|A/cattle/Texas/24-008749-003/2024(H5N1)	665	4950
NP|PP755592.1|A/cattle/Texas/24-008749-003/2024(H5N1)	666	5031
NP|PP755592.1|A/cattle/Texas/24-008749-003/2024(H5N1)	667	4794
NP|PP755592.1|A/cattle/Texas/24-008749-003/2024(H5N1)	668	4804
NP|PP755592.1|A/cattle/Texas/24-008749-003/2024(H5N1)	669	4852
NP|PP755592.1|A/cattle/Texas/24-008749-003/2024(H5N1)	670	4839
NP|PP755592.1|A/cattle/Texas/24-008749-003/2024(H5N1)	671	4862
NP|PP755592.1|A/cattle/Texas/24-008749-003/2024(H5N1)	672	4949
NP|PP755592.1|A/cattle/Texas/24-008749-003/2024(H5N1)	673	4910
NP|PP755592.1|A/cattle/Texas/24-008749-003/2024(H5N1)	674	4916
NP|PP755592.1|A/cattle/Texas/24-008749-003/2024(H5N1)	675	4709
NP|PP755592.1|A/cattle/Texas/24-008749-003/2024(H5N1)	676	4741
NP|PP755592.1|A/cattle/Texas/24-008749-003/2024(H5N1)	677	4770
NP|PP755592.1|A/cattle/Texas/24-008749-003/2024(H5N1)	678	4791
NP|PP755592.1|A/cattle/Texas/24-008749-003/2024(H5N1)	679	4797
NP|PP755592.1|A/cattle/Texas/24-008749-003/2024(H5N1)	680	4784
NP|PP755592.1|A/cattle/Texas/24-008749-003/2024(H5N1)	681	4783
NP|PP755592.1|A/cattle/Texas/24-008749-003/2024(H5N1)	682	4793
NP|PP755592.1|A/cattle/Texas/24-008749-003/2024(H5N1)	683	4821
NP|PP755592.1|A/cattle/Texas/24-008749-003/2024(H5N1)	684	4787
NP|PP755592.1|A/cattle/Texas/24-008749-003/2024(H5N1)	685	4772
NP|PP755592.1|A/cattle/Texas/24-008749-003/2024(H5N1)	686	4740
NP|PP755592.1|A/cattle/Texas/24-008749-003/2024(H5N1)	687	4903
NP|PP755592.1|A/cattle/Texas/24-008749-003/2024(H5N1)	688	4940
NP|PP755592.1|A/cattle/Texas/24-008749-003/2024(H5N1)	689	4930
NP|PP755592.1|A/cattle/Texas/24-008749-003/2024(H5N1)	690	4929
NP|PP755592.1|A/cattle/Texas/24-008749-003/2024(H5N1)	691	4899
NP|PP755592.1|A/cattle/Texas/24-008749-003/2024(H5N1)	692	4897
NP|PP755592.1|A/cattle/Texas/24-008749-003/2024(H5N1)	693	4903
NP|PP755592.1|A/cattle/Texas/24-008749-003/2024(H5N1)	694	4904
NP|PP755592.1|A/cattle/Texas/24-008749-003/2024(H5N1)	695	4939
NP|PP755592.1|A/cattle/Texas/24-008749-003/2024(H5N1)	696	4777
NP|PP755592.1|A/cattle/Texas/24-008749-003/2024(H5N1)	697	4780
NP|PP755592.1|A/cattle/Texas/24-008749-003/2024(H5N1)	698	4806
NP|PP755592.1|A/cattle/Texas/24-008749-003/2024(H5N1)	699	4790
NP|PP755592.1|A/cattle/Texas/24-008749-003/2024(H5N1)	700	4802
NP|PP755592.1|A/cattle/Texas/24-008749-003/2024(H5N1)	701	4833
NP|PP755592.1|A/cattle/Texas/24-008749-003/2024(H5N1)	702	4839
NP|PP755592.1|A/cattle/Texas/24-008749-003/2024(H5N1)	703	4947
NP|PP755592.1|A/cattle/Texas/24-008749-003/2024(H5N1)	704	4840
NP|PP755592.1|A/cattle/Texas/24-008749-003/2024(H5N1)	705	4707
NP|PP755592.1|A/cattle/Texas/24-008749-003/2024(H5N1)	706	4640
NP|PP755592.1|A/cattle/Texas/24-008749-003/2024(H5N1)	707	4720
NP|PP755592.1|A/cattle/Texas/24-008749-003/2024(H5N1)	708	4729
NP|PP755592.1|A/cattle/Texas/24-008749-003/2024(H5N1)	709	4715
NP|PP755592.1|A/cattle/Texas/24-008749-003/2024(H5N1)	710	4870
NP|PP755592.1|A/cattle/Texas/24-008749-003/2024(H5N1)	711	4865
NP|PP755592.1|A/cattle/Texas/24-008749-003/2024(H5N1)	712	5087
NP|PP755592.1|A/cattle/Texas/24-008749-003/2024(H5N1)	713	5137
NP|PP755592.1|A/cattle/Texas/24-008749-003/2024(H5N1)	714	5140
NP|PP755592.1|A/cattle/Texas/24-008749-003/2024(H5N1)	715	5144
NP|PP755592.1|A/cattle/Texas/24-008749-003/2024(H5N1)	716	5012
NP|PP755592.1|A/cattle/Texas/24-008749-003/2024(H5N1)	717	4950
NP|PP755592.1|A/cattle/Texas/24-008749-003/2024(H5N1)	718	5049
NP|PP755592.1|A/cattle/Texas/24-008749-003/2024(H5N1)	719	5061
NP|PP755592.1|A/cattle/Texas/24-008749-003/2024(H5N1)	720	5219
NP|PP755592.1|A/cattle/Texas/24-008749-003/2024(H5N1)	721	4927
NP|PP755592.1|A/cattle/Texas/24-008749-003/2024(H5N1)	722	4957
NP|PP755592.1|A/cattle/Texas/24-008749-003/2024(H5N1)	723	4992
NP|PP755592.1|A/cattle/Texas/24-008749-003/2024(H5N1)	724	5017
NP|PP755592.1|A/cattle/Texas/24-008749-003/2024(H5N1)	725	4962
NP|PP755592.1|A/cattle/Texas/24-008749-003/2024(H5N1)	726	4959
NP|PP755592.1|A/cattle/Texas/24-008749-003/2024(H5N1)	727	4862
NP|PP755592.1|A/cattle/Texas/24-008749-003/2024(H5N1)	728	4890
NP|PP755592.1|A/cattle/Texas/24-008749-003/2024(H5N1)	729	4917
NP|PP755592.1|A/cattle/Texas/24-008749-003/2024(H5N1)	730	4877
NP|PP755592.1|A/cattle/Texas/24-008749-003/2024(H5N1)	731	4819
NP|PP755592.1|A/cattle/Texas/24-008749-003/2024(H5N1)	732	4782
NP|PP755592.1|A/cattle/Texas/24-008749-003/2024(H5N1)	733	4752
NP|PP755592.1|A/cattle/Texas/24-008749-003/2024(H5N1)	734	4770
NP|PP755592.1|A/cattle/Texas/24-008749-003/2024(H5N1)	735	4795
NP|PP755592.1|A/cattle/Texas/24-008749-003/2024(H5N1)	736	4822
NP|PP755592.1|A/cattle/Texas/24-008749-003/2024(H5N1)	737	4796
NP|PP755592.1|A/cattle/Texas/24-008749-003/2024(H5N1)	738	4803
NP|PP755592.1|A/cattle/Texas/24-008749-003/2024(H5N1)	739	4785
NP|PP755592.1|A/cattle/Texas/24-008749-003/2024(H5N1)	740	4835
NP|PP755592.1|A/cattle/Texas/24-008749-003/2024(H5N1)	741	4857
NP|PP755592.1|A/cattle/Texas/24-008749-003/2024(H5N1)	742	4883
NP|PP755592.1|A/cattle/Texas/24-008749-003/2024(H5N1)	743	4816
NP|PP755592.1|A/cattle/Texas/24-008749-003/2024(H5N1)	744	4774
NP|PP755592.1|A/cattle/Texas/24-008749-003/2024(H5N1)	745	4784
NP|PP755592.1|A/cattle/Texas/24-008749-003/2024(H5N1)	746	4814
NP|PP755592.1|A/cattle/Texas/24-008749-003/2024(H5N1)	747	4836
NP|PP755592.1|A/cattle/Texas/24-008749-003/2024(H5N1)	748	4860
NP|PP755592.1|A/cattle/Texas/24-008749-003/2024(H5N1)	749	4831
NP|PP755592.1|A/cattle/Texas/24-008749-003/2024(H5N1)	750	4774
NP|PP755592.1|A/cattle/Texas/24-008749-003/2024(H5N1)	751	4755
NP|PP755592.1|A/cattle/Texas/24-008749-003/2024(H5N1)	752	4785
NP|PP755592.1|A/cattle/Texas/24-008749-003/2024(H5N1)	753	4773
NP|PP755592.1|A/cattle/Texas/24-008749-003/2024(H5N1)	754	4770
NP|PP755592.1|A/cattle/Texas/24-008749-003/2024(H5N1)	755	4744
NP|PP755592.1|A/cattle/Texas/24-008749-003/2024(H5N1)	756	4802
NP|PP755592.1|A/cattle/Texas/24-008749-003/2024(H5N1)	757	4921
NP|PP755592.1|A/cattle/Texas/24-008749-003/2024(H5N1)	758	4924
NP|PP755592.1|A/cattle/Texas/24-008749-003/2024(H5N1)	759	4914
NP|PP755592.1|A/cattle/Texas/24-008749-003/2024(H5N1)	760	4913
NP|PP755592.1|A/cattle/Texas/24-008749-003/2024(H5N1)	761	4916
NP|PP755592.1|A/cattle/Texas/24-008749-003/2024(H5N1)	762	4917
NP|PP755592.1|A/cattle/Texas/24-008749-003/2024(H5N1)	763	4926
NP|PP755592.1|A/cattle/Texas/24-008749-003/2024(H5N1)	764	4955
NP|PP755592.1|A/cattle/Texas/24-008749-003/2024(H5N1)	765	4912
NP|PP755592.1|A/cattle/Texas/24-008749-003/2024(H5N1)	766	4896
NP|PP755592.1|A/cattle/Texas/24-008749-003/2024(H5N1)	767	4851
NP|PP755592.1|A/cattle/Texas/24-008749-003/2024(H5N1)	768	4884
NP|PP755592.1|A/cattle/Texas/24-008749-003/2024(H5N1)	769	4880
NP|PP755592.1|A/cattle/Texas/24-008749-003/2024(H5N1)	770	4884
NP|PP755592.1|A/cattle/Texas/24-008749-003/2024(H5N1)	771	4888
NP|PP755592.1|A/cattle/Texas/24-008749-003/2024(H5N1)	772	4844
NP|PP755592.1|A/cattle/Texas/24-008749-003/2024(H5N1)	773	4939
NP|PP755592.1|A/cattle/Texas/24-008749-003/2024(H5N1)	774	4934
NP|PP755592.1|A/cattle/Texas/24-008749-003/2024(H5N1)	775	4871
NP|PP755592.1|A/cattle/Texas/24-008749-003/2024(H5N1)	776	4873
NP|PP755592.1|A/cattle/Texas/24-008749-003/2024(H5N1)	777	4876
NP|PP755592.1|A/cattle/Texas/24-008749-003/2024(H5N1)	778	4880
NP|PP755592.1|A/cattle/Texas/24-008749-003/2024(H5N1)	779	4971
NP|PP755592.1|A/cattle/Texas/24-008749-003/2024(H5N1)	780	4966
NP|PP755592.1|A/cattle/Texas/24-008749-003/2024(H5N1)	781	4957
NP|PP755592.1|A/cattle/Texas/24-008749-003/2024(H5N1)	782	4922
NP|PP755592.1|A/cattle/Texas/24-008749-003/2024(H5N1)	783	4936
NP|PP755592.1|A/cattle/Texas/24-008749-003/2024(H5N1)	784	4939
NP|PP755592.1|A/cattle/Texas/24-008749-003/2024(H5N1)	785	4928
NP|PP755592.1|A/cattle/Texas/24-008749-003/2024(H5N1)	786	4878
NP|PP755592.1|A/cattle/Texas/24-008749-003/2024(H5N1)	787	4976
NP|PP755592.1|A/cattle/Texas/24-008749-003/2024(H5N1)	788	4982
NP|PP755592.1|A/cattle/Texas/24-008749-003/2024(H5N1)	789	5006
NP|PP755592.1|A/cattle/Texas/24-008749-003/2024(H5N1)	790	4994
NP|PP755592.1|A/cattle/Texas/24-008749-003/2024(H5N1)	791	4909
NP|PP755592.1|A/cattle/Texas/24-008749-003/2024(H5N1)	792	5014
NP|PP755592.1|A/cattle/Texas/24-008749-003/2024(H5N1)	793	5049
NP|PP755592.1|A/cattle/Texas/24-008749-003/2024(H5N1)	794	5091
NP|PP755592.1|A/cattle/Texas/24-008749-003/2024(H5N1)	795	5061
NP|PP755592.1|A/cattle/Texas/24-008749-003/2024(H5N1)	796	4918
NP|PP755592.1|A/cattle/Texas/24-008749-003/2024(H5N1)	797	4916
NP|PP755592.1|A/cattle/Texas/24-008749-003/2024(H5N1)	798	4911
NP|PP755592.1|A/cattle/Texas/24-008749-003/2024(H5N1)	799	4926
NP|PP755592.1|A/cattle/Texas/24-008749-003/2024(H5N1)	800	4951
NP|PP755592.1|A/cattle/Texas/24-008749-003/2024(H5N1)	801	4867
NP|PP755592.1|A/cattle/Texas/24-008749-003/2024(H5N1)	802	4842
NP|PP755592.1|A/cattle/Texas/24-008749-003/2024(H5N1)	803	4826
NP|PP755592.1|A/cattle/Texas/24-008749-003/2024(H5N1)	804	5009
NP|PP755592.1|A/cattle/Texas/24-008749-003/2024(H5N1)	805	5003
NP|PP755592.1|A/cattle/Texas/24-008749-003/2024(H5N1)	806	4976
NP|PP755592.1|A/cattle/Texas/24-008749-003/2024(H5N1)	807	4955
NP|PP755592.1|A/cattle/Texas/24-008749-003/2024(H5N1)	808	4955
NP|PP755592.1|A/cattle/Texas/24-008749-003/2024(H5N1)	809	4921
NP|PP755592.1|A/cattle/Texas/24-008749-003/2024(H5N1)	810	4920
NP|PP755592.1|A/cattle/Texas/24-008749-003/2024(H5N1)	811	4993
NP|PP755592.1|A/cattle/Texas/24-008749-003/2024(H5N1)	812	4897
NP|PP755592.1|A/cattle/Texas/24-008749-003/2024(H5N1)	813	4896
NP|PP755592.1|A/cattle/Texas/24-008749-003/2024(H5N1)	814	4970
NP|PP755592.1|A/cattle/Texas/24-008749-003/2024(H5N1)	815	5089
NP|PP755592.1|A/cattle/Texas/24-008749-003/2024(H5N1)	816	5092
NP|PP755592.1|A/cattle/Texas/24-008749-003/2024(H5N1)	817	5001
NP|PP755592.1|A/cattle/Texas/24-008749-003/2024(H5N1)	818	5030
NP|PP755592.1|A/cattle/Texas/24-008749-003/2024(H5N1)	819	5052
NP|PP755592.1|A/cattle/Texas/24-008749-003/2024(H5N1)	820	5000
NP|PP755592.1|A/cattle/Texas/24-008749-003/2024(H5N1)	821	4968
NP|PP755592.1|A/cattle/Texas/24-008749-003/2024(H5N1)	822	4949
NP|PP755592.1|A/cattle/Texas/24-008749-003/2024(H5N1)	823	4826
NP|PP755592.1|A/cattle/Texas/24-008749-003/2024(H5N1)	824	4845
NP|PP755592.1|A/cattle/Texas/24-008749-003/2024(H5N1)	825	4849
NP|PP755592.1|A/cattle/Texas/24-008749-003/2024(H5N1)	826	4849
NP|PP755592.1|A/cattle/Texas/24-008749-003/2024(H5N1)	827	4829
NP|PP755592.1|A/cattle/Texas/24-008749-003/2024(H5N1)	828	4818
NP|PP755592.1|A/cattle/Texas/24-008749-003/2024(H5N1)	829	4845
NP|PP755592.1|A/cattle/Texas/24-008749-003/2024(H5N1)	830	4822
NP|PP755592.1|A/cattle/Texas/24-008749-003/2024(H5N1)	831	4800
NP|PP755592.1|A/cattle/Texas/24-008749-003/2024(H5N1)	832	4818
NP|PP755592.1|A/cattle/Texas/24-008749-003/2024(H5N1)	833	4792
NP|PP755592.1|A/cattle/Texas/24-008749-003/2024(H5N1)	834	4799
NP|PP755592.1|A/cattle/Texas/24-008749-003/2024(H5N1)	835	4791
NP|PP755592.1|A/cattle/Texas/24-008749-003/2024(H5N1)	836	4793
NP|PP755592.1|A/cattle/Texas/24-008749-003/2024(H5N1)	837	4658
NP|PP755592.1|A/cattle/Texas/24-008749-003/2024(H5N1)	838	4674
NP|PP755592.1|A/cattle/Texas/24-008749-003/2024(H5N1)	839	4741
NP|PP755592.1|A/cattle/Texas/24-008749-003/2024(H5N1)	840	4769
NP|PP755592.1|A/cattle/Texas/24-008749-003/2024(H5N1)	841	4729
NP|PP755592.1|A/cattle/Texas/24-008749-003/2024(H5N1)	842	4938
NP|PP755592.1|A/cattle/Texas/24-008749-003/2024(H5N1)	843	4956
NP|PP755592.1|A/cattle/Texas/24-008749-003/2024(H5N1)	844	4953
NP|PP755592.1|A/cattle/Texas/24-008749-003/2024(H5N1)	845	5081
NP|PP755592.1|A/cattle/Texas/24-008749-003/2024(H5N1)	846	4982
NP|PP755592.1|A/cattle/Texas/24-008749-003/2024(H5N1)	847	5031
NP|PP755592.1|A/cattle/Texas/24-008749-003/2024(H5N1)	848	4958
NP|PP755592.1|A/cattle/Texas/24-008749-003/2024(H5N1)	849	4944
NP|PP755592.1|A/cattle/Texas/24-008749-003/2024(H5N1)	850	5247
NP|PP755592.1|A/cattle/Texas/24-008749-003/2024(H5N1)	851	5226
NP|PP755592.1|A/cattle/Texas/24-008749-003/2024(H5N1)	852	5324
NP|PP755592.1|A/cattle/Texas/24-008749-003/2024(H5N1)	853	5330
NP|PP755592.1|A/cattle/Texas/24-008749-003/2024(H5N1)	854	5253
NP|PP755592.1|A/cattle/Texas/24-008749-003/2024(H5N1)	855	5286
NP|PP755592.1|A/cattle/Texas/24-008749-003/2024(H5N1)	856	5284
NP|PP755592.1|A/cattle/Texas/24-008749-003/2024(H5N1)	857	5221
NP|PP755592.1|A/cattle/Texas/24-008749-003/2024(H5N1)	858	5215
NP|PP755592.1|A/cattle/Texas/24-008749-003/2024(H5N1)	859	4937
NP|PP755592.1|A/cattle/Texas/24-008749-003/2024(H5N1)	860	4968
NP|PP755592.1|A/cattle/Texas/24-008749-003/2024(H5N1)	861	5019
NP|PP755592.1|A/cattle/Texas/24-008749-003/2024(H5N1)	862	5155
NP|PP755592.1|A/cattle/Texas/24-008749-003/2024(H5N1)	863	4966
NP|PP755592.1|A/cattle/Texas/24-008749-003/2024(H5N1)	864	4917
NP|PP755592.1|A/cattle/Texas/24-008749-003/2024(H5N1)	865	4907
NP|PP755592.1|A/cattle/Texas/24-008749-003/2024(H5N1)	866	4903
NP|PP755592.1|A/cattle/Texas/24-008749-003/2024(H5N1)	867	4928
NP|PP755592.1|A/cattle/Texas/24-008749-003/2024(H5N1)	868	4930
NP|PP755592.1|A/cattle/Texas/24-008749-003/2024(H5N1)	869	4818
NP|PP755592.1|A/cattle/Texas/24-008749-003/2024(H5N1)	870	4844
NP|PP755592.1|A/cattle/Texas/24-008749-003/2024(H5N1)	871	4668
NP|PP755592.1|A/cattle/Texas/24-008749-003/2024(H5N1)	872	4666
NP|PP755592.1|A/cattle/Texas/24-008749-003/2024(H5N1)	873	4626
NP|PP755592.1|A/cattle/Texas/24-008749-003/2024(H5N1)	874	4587
NP|PP755592.1|A/cattle/Texas/24-008749-003/2024(H5N1)	875	4597
NP|PP755592.1|A/cattle/Texas/24-008749-003/2024(H5N1)	876	4601
NP|PP755592.1|A/cattle/Texas/24-008749-003/2024(H5N1)	877	4614
NP|PP755592.1|A/cattle/Texas/24-008749-003/2024(H5N1)	878	4638
NP|PP755592.1|A/cattle/Texas/24-008749-003/2024(H5N1)	879	4744
NP|PP755592.1|A/cattle/Texas/24-008749-003/2024(H5N1)	880	4814
NP|PP755592.1|A/cattle/Texas/24-008749-003/2024(H5N1)	881	4812
NP|PP755592.1|A/cattle/Texas/24-008749-003/2024(H5N1)	882	4826
NP|PP755592.1|A/cattle/Texas/24-008749-003/2024(H5N1)	883	4934
NP|PP755592.1|A/cattle/Texas/24-008749-003/2024(H5N1)	884	4943
NP|PP755592.1|A/cattle/Texas/24-008749-003/2024(H5N1)	885	4984
NP|PP755592.1|A/cattle/Texas/24-008749-003/2024(H5N1)	886	4964
NP|PP755592.1|A/cattle/Texas/24-008749-003/2024(H5N1)	887	4954
NP|PP755592.1|A/cattle/Texas/24-008749-003/2024(H5N1)	888	4969
NP|PP755592.1|A/cattle/Texas/24-008749-003/2024(H5N1)	889	4906
NP|PP755592.1|A/cattle/Texas/24-008749-003/2024(H5N1)	890	4927
NP|PP755592.1|A/cattle/Texas/24-008749-003/2024(H5N1)	891	4926
NP|PP755592.1|A/cattle/Texas/24-008749-003/2024(H5N1)	892	4859
NP|PP755592.1|A/cattle/Texas/24-008749-003/2024(H5N1)	893	4852
NP|PP755592.1|A/cattle/Texas/24-008749-003/2024(H5N1)	894	4901
NP|PP755592.1|A/cattle/Texas/24-008749-003/2024(H5N1)	895	4898
NP|PP755592.1|A/cattle/Texas/24-008749-003/2024(H5N1)	896	4909
NP|PP755592.1|A/cattle/Texas/24-008749-003/2024(H5N1)	897	4870
NP|PP755592.1|A/cattle/Texas/24-008749-003/2024(H5N1)	898	4866
NP|PP755592.1|A/cattle/Texas/24-008749-003/2024(H5N1)	899	4950
NP|PP755592.1|A/cattle/Texas/24-008749-003/2024(H5N1)	900	4945
NP|PP755592.1|A/cattle/Texas/24-008749-003/2024(H5N1)	901	4932
NP|PP755592.1|A/cattle/Texas/24-008749-003/2024(H5N1)	902	4933
NP|PP755592.1|A/cattle/Texas/24-008749-003/2024(H5N1)	903	4869
NP|PP755592.1|A/cattle/Texas/24-008749-003/2024(H5N1)	904	4893
NP|PP755592.1|A/cattle/Texas/24-008749-003/2024(H5N1)	905	5117
NP|PP755592.1|A/cattle/Texas/24-008749-003/2024(H5N1)	906	5122
NP|PP755592.1|A/cattle/Texas/24-008749-003/2024(H5N1)	907	5081
NP|PP755592.1|A/cattle/Texas/24-008749-003/2024(H5N1)	908	5004
NP|PP755592.1|A/cattle/Texas/24-008749-003/2024(H5N1)	909	5011
NP|PP755592.1|A/cattle/Texas/24-008749-003/2024(H5N1)	910	5175
NP|PP755592.1|A/cattle/Texas/24-008749-003/2024(H5N1)	911	5169
NP|PP755592.1|A/cattle/Texas/24-008749-003/2024(H5N1)	912	5167
NP|PP755592.1|A/cattle/Texas/24-008749-003/2024(H5N1)	913	5099
NP|PP755592.1|A/cattle/Texas/24-008749-003/2024(H5N1)	914	5102
NP|PP755592.1|A/cattle/Texas/24-008749-003/2024(H5N1)	915	5137
NP|PP755592.1|A/cattle/Texas/24-008749-003/2024(H5N1)	916	5107
NP|PP755592.1|A/cattle/Texas/24-008749-003/2024(H5N1)	917	5076
NP|PP755592.1|A/cattle/Texas/24-008749-003/2024(H5N1)	918	5123
NP|PP755592.1|A/cattle/Texas/24-008749-003/2024(H5N1)	919	5236
NP|PP755592.1|A/cattle/Texas/24-008749-003/2024(H5N1)	920	5236
NP|PP755592.1|A/cattle/Texas/24-008749-003/2024(H5N1)	921	5247
NP|PP755592.1|A/cattle/Texas/24-008749-003/2024(H5N1)	922	5307
NP|PP755592.1|A/cattle/Texas/24-008749-003/2024(H5N1)	923	5300
NP|PP755592.1|A/cattle/Texas/24-008749-003/2024(H5N1)	924	5236
NP|PP755592.1|A/cattle/Texas/24-008749-003/2024(H5N1)	925	5240
NP|PP755592.1|A/cattle/Texas/24-008749-003/2024(H5N1)	926	5261
NP|PP755592.1|A/cattle/Texas/24-008749-003/2024(H5N1)	927	5231
NP|PP755592.1|A/cattle/Texas/24-008749-003/2024(H5N1)	928	5118
NP|PP755592.1|A/cattle/Texas/24-008749-003/2024(H5N1)	929	5145
NP|PP755592.1|A/cattle/Texas/24-008749-003/2024(H5N1)	930	5214
NP|PP755592.1|A/cattle/Texas/24-008749-003/2024(H5N1)	931	5216
NP|PP755592.1|A/cattle/Texas/24-008749-003/2024(H5N1)	932	5257
NP|PP755592.1|A/cattle/Texas/24-008749-003/2024(H5N1)	933	5207
NP|PP755592.1|A/cattle/Texas/24-008749-003/2024(H5N1)	934	5236
NP|PP755592.1|A/cattle/Texas/24-008749-003/2024(H5N1)	935	5313
NP|PP755592.1|A/cattle/Texas/24-008749-003/2024(H5N1)	936	5235
NP|PP755592.1|A/cattle/Texas/24-008749-003/2024(H5N1)	937	5250
NP|PP755592.1|A/cattle/Texas/24-008749-003/2024(H5N1)	938	5218
NP|PP755592.1|A/cattle/Texas/24-008749-003/2024(H5N1)	939	5217
NP|PP755592.1|A/cattle/Texas/24-008749-003/2024(H5N1)	940	5234
NP|PP755592.1|A/cattle/Texas/24-008749-003/2024(H5N1)	941	5239
NP|PP755592.1|A/cattle/Texas/24-008749-003/2024(H5N1)	942	5240
NP|PP755592.1|A/cattle/Texas/24-008749-003/2024(H5N1)	943	5093
NP|PP755592.1|A/cattle/Texas/24-008749-003/2024(H5N1)	944	5112
NP|PP755592.1|A/cattle/Texas/24-008749-003/2024(H5N1)	945	5343
NP|PP755592.1|A/cattle/Texas/24-008749-003/2024(H5N1)	946	5346
NP|PP755592.1|A/cattle/Texas/24-008749-003/2024(H5N1)	947	5348
NP|PP755592.1|A/cattle/Texas/24-008749-003/2024(H5N1)	948	5323
NP|PP755592.1|A/cattle/Texas/24-008749-003/2024(H5N1)	949	5255
NP|PP755592.1|A/cattle/Texas/24-008749-003/2024(H5N1)	950	5249
NP|PP755592.1|A/cattle/Texas/24-008749-003/2024(H5N1)	951	5231
NP|PP755592.1|A/cattle/Texas/24-008749-003/2024(H5N1)	952	5215
NP|PP755592.1|A/cattle/Texas/24-008749-003/2024(H5N1)	953	5091
NP|PP755592.1|A/cattle/Texas/24-008749-003/2024(H5N1)	954	4889
NP|PP755592.1|A/cattle/Texas/24-008749-003/2024(H5N1)	955	4914
NP|PP755592.1|A/cattle/Texas/24-008749-003/2024(H5N1)	956	4911
NP|PP755592.1|A/cattle/Texas/24-008749-003/2024(H5N1)	957	4928
NP|PP755592.1|A/cattle/Texas/24-008749-003/2024(H5N1)	958	4929
NP|PP755592.1|A/cattle/Texas/24-008749-003/2024(H5N1)	959	4919
NP|PP755592.1|A/cattle/Texas/24-008749-003/2024(H5N1)	960	4934
NP|PP755592.1|A/cattle/Texas/24-008749-003/2024(H5N1)	961	4921
NP|PP755592.1|A/cattle/Texas/24-008749-003/2024(H5N1)	962	4870
NP|PP755592.1|A/cattle/Texas/24-008749-003/2024(H5N1)	963	4851
NP|PP755592.1|A/cattle/Texas/24-008749-003/2024(H5N1)	964	4729
NP|PP755592.1|A/cattle/Texas/24-008749-003/2024(H5N1)	965	4727
NP|PP755592.1|A/cattle/Texas/24-008749-003/2024(H5N1)	966	4587
NP|PP755592.1|A/cattle/Texas/24-008749-003/2024(H5N1)	967	4594
NP|PP755592.1|A/cattle/Texas/24-008749-003/2024(H5N1)	968	4604
NP|PP755592.1|A/cattle/Texas/24-008749-003/2024(H5N1)	969	4613
NP|PP755592.1|A/cattle/Texas/24-008749-003/2024(H5N1)	970	4642
NP|PP755592.1|A/cattle/Texas/24-008749-003/2024(H5N1)	971	4639
NP|PP755592.1|A/cattle/Texas/24-008749-003/2024(H5N1)	972	4632
NP|PP755592.1|A/cattle/Texas/24-008749-003/2024(H5N1)	973	4638
NP|PP755592.1|A/cattle/Texas/24-008749-003/2024(H5N1)	974	4643
NP|PP755592.1|A/cattle/Texas/24-008749-003/2024(H5N1)	975	4637
NP|PP755592.1|A/cattle/Texas/24-008749-003/2024(H5N1)	976	4633
NP|PP755592.1|A/cattle/Texas/24-008749-003/2024(H5N1)	977	4620
NP|PP755592.1|A/cattle/Texas/24-008749-003/2024(H5N1)	978	4693
NP|PP755592.1|A/cattle/Texas/24-008749-003/2024(H5N1)	979	4652
NP|PP755592.1|A/cattle/Texas/24-008749-003/2024(H5N1)	980	4638
NP|PP755592.1|A/cattle/Texas/24-008749-003/2024(H5N1)	981	4646
NP|PP755592.1|A/cattle/Texas/24-008749-003/2024(H5N1)	982	4660
NP|PP755592.1|A/cattle/Texas/24-008749-003/2024(H5N1)	983	4772
NP|PP755592.1|A/cattle/Texas/24-008749-003/2024(H5N1)	984	5003
NP|PP755592.1|A/cattle/Texas/24-008749-003/2024(H5N1)	985	5021
NP|PP755592.1|A/cattle/Texas/24-008749-003/2024(H5N1)	986	5060
NP|PP755592.1|A/cattle/Texas/24-008749-003/2024(H5N1)	987	5069
NP|PP755592.1|A/cattle/Texas/24-008749-003/2024(H5N1)	988	5070
NP|PP755592.1|A/cattle/Texas/24-008749-003/2024(H5N1)	989	5073
NP|PP755592.1|A/cattle/Texas/24-008749-003/2024(H5N1)	990	4985
NP|PP755592.1|A/cattle/Texas/24-008749-003/2024(H5N1)	991	5126
NP|PP755592.1|A/cattle/Texas/24-008749-003/2024(H5N1)	992	5135
NP|PP755592.1|A/cattle/Texas/24-008749-003/2024(H5N1)	993	4904
NP|PP755592.1|A/cattle/Texas/24-008749-003/2024(H5N1)	994	5003
NP|PP755592.1|A/cattle/Texas/24-008749-003/2024(H5N1)	995	4896
NP|PP755592.1|A/cattle/Texas/24-008749-003/2024(H5N1)	996	4965
NP|PP755592.1|A/cattle/Texas/24-008749-003/2024(H5N1)	997	4958
NP|PP755592.1|A/cattle/Texas/24-008749-003/2024(H5N1)	998	4866
NP|PP755592.1|A/cattle/Texas/24-008749-003/2024(H5N1)	999	4884
NP|PP755592.1|A/cattle/Texas/24-008749-003/2024(H5N1)	1000	4613
NP|PP755592.1|A/cattle/Texas/24-008749-003/2024(H5N1)	1001	4679
NP|PP755592.1|A/cattle/Texas/24-008749-003/2024(H5N1)	1002	4679
NP|PP755592.1|A/cattle/Texas/24-008749-003/2024(H5N1)	1003	4581
NP|PP755592.1|A/cattle/Texas/24-008749-003/2024(H5N1)	1004	4566
NP|PP755592.1|A/cattle/Texas/24-008749-003/2024(H5N1)	1005	4585
NP|PP755592.1|A/cattle/Texas/24-008749-003/2024(H5N1)	1006	4581
NP|PP755592.1|A/cattle/Texas/24-008749-003/2024(H5N1)	1007	4591
NP|PP755592.1|A/cattle/Texas/24-008749-003/2024(H5N1)	1008	4568
NP|PP755592.1|A/cattle/Texas/24-008749-003/2024(H5N1)	1009	4594
NP|PP755592.1|A/cattle/Texas/24-008749-003/2024(H5N1)	1010	4611
NP|PP755592.1|A/cattle/Texas/24-008749-003/2024(H5N1)	1011	4601
NP|PP755592.1|A/cattle/Texas/24-008749-003/2024(H5N1)	1012	4608
NP|PP755592.1|A/cattle/Texas/24-008749-003/2024(H5N1)	1013	4467
NP|PP755592.1|A/cattle/Texas/24-008749-003/2024(H5N1)	1014	4469
NP|PP755592.1|A/cattle/Texas/24-008749-003/2024(H5N1)	1015	4464
NP|PP755592.1|A/cattle/Texas/24-008749-003/2024(H5N1)	1016	4481
NP|PP755592.1|A/cattle/Texas/24-008749-003/2024(H5N1)	1017	4516
NP|PP755592.1|A/cattle/Texas/24-008749-003/2024(H5N1)	1018	4551
NP|PP755592.1|A/cattle/Texas/24-008749-003/2024(H5N1)	1019	4708
NP|PP755592.1|A/cattle/Texas/24-008749-003/2024(H5N1)	1020	4705
NP|PP755592.1|A/cattle/Texas/24-008749-003/2024(H5N1)	1021	4679
NP|PP755592.1|A/cattle/Texas/24-008749-003/2024(H5N1)	1022	4676
NP|PP755592.1|A/cattle/Texas/24-008749-003/2024(H5N1)	1023	4682
NP|PP755592.1|A/cattle/Texas/24-008749-003/2024(H5N1)	1024	4686
NP|PP755592.1|A/cattle/Texas/24-008749-003/2024(H5N1)	1025	4687
NP|PP755592.1|A/cattle/Texas/24-008749-003/2024(H5N1)	1026	4690
NP|PP755592.1|A/cattle/Texas/24-008749-003/2024(H5N1)	1027	4753
NP|PP755592.1|A/cattle/Texas/24-008749-003/2024(H5N1)	1028	4544
NP|PP755592.1|A/cattle/Texas/24-008749-003/2024(H5N1)	1029	4524
NP|PP755592.1|A/cattle/Texas/24-008749-003/2024(H5N1)	1030	4532
NP|PP755592.1|A/cattle/Texas/24-008749-003/2024(H5N1)	1031	4481
NP|PP755592.1|A/cattle/Texas/24-008749-003/2024(H5N1)	1032	4481
NP|PP755592.1|A/cattle/Texas/24-008749-003/2024(H5N1)	1033	4517
NP|PP755592.1|A/cattle/Texas/24-008749-003/2024(H5N1)	1034	4450
NP|PP755592.1|A/cattle/Texas/24-008749-003/2024(H5N1)	1035	4470
NP|PP755592.1|A/cattle/Texas/24-008749-003/2024(H5N1)	1036	4413
NP|PP755592.1|A/cattle/Texas/24-008749-003/2024(H5N1)	1037	4471
NP|PP755592.1|A/cattle/Texas/24-008749-003/2024(H5N1)	1038	4450
NP|PP755592.1|A/cattle/Texas/24-008749-003/2024(H5N1)	1039	4453
NP|PP755592.1|A/cattle/Texas/24-008749-003/2024(H5N1)	1040	4451
NP|PP755592.1|A/cattle/Texas/24-008749-003/2024(H5N1)	1041	4402
NP|PP755592.1|A/cattle/Texas/24-008749-003/2024(H5N1)	1042	4359
NP|PP755592.1|A/cattle/Texas/24-008749-003/2024(H5N1)	1043	4362
NP|PP755592.1|A/cattle/Texas/24-008749-003/2024(H5N1)	1044	4385
NP|PP755592.1|A/cattle/Texas/24-008749-003/2024(H5N1)	1045	4334
NP|PP755592.1|A/cattle/Texas/24-008749-003/2024(H5N1)	1046	4442
NP|PP755592.1|A/cattle/Texas/24-008749-003/2024(H5N1)	1047	4535
NP|PP755592.1|A/cattle/Texas/24-008749-003/2024(H5N1)	1048	4673
NP|PP755592.1|A/cattle/Texas/24-008749-003/2024(H5N1)	1049	4630
NP|PP755592.1|A/cattle/Texas/24-008749-003/2024(H5N1)	1050	4627
NP|PP755592.1|A/cattle/Texas/24-008749-003/2024(H5N1)	1051	4632
NP|PP755592.1|A/cattle/Texas/24-008749-003/2024(H5N1)	1052	4773
NP|PP755592.1|A/cattle/Texas/24-008749-003/2024(H5N1)	1053	4801
NP|PP755592.1|A/cattle/Texas/24-008749-003/2024(H5N1)	1054	4818
NP|PP755592.1|A/cattle/Texas/24-008749-003/2024(H5N1)	1055	4706
NP|PP755592.1|A/cattle/Texas/24-008749-003/2024(H5N1)	1056	4599
NP|PP755592.1|A/cattle/Texas/24-008749-003/2024(H5N1)	1057	4623
NP|PP755592.1|A/cattle/Texas/24-008749-003/2024(H5N1)	1058	4683
NP|PP755592.1|A/cattle/Texas/24-008749-003/2024(H5N1)	1059	4655
NP|PP755592.1|A/cattle/Texas/24-008749-003/2024(H5N1)	1060	4669
NP|PP755592.1|A/cattle/Texas/24-008749-003/2024(H5N1)	1061	4526
NP|PP755592.1|A/cattle/Texas/24-008749-003/2024(H5N1)	1062	4528
NP|PP755592.1|A/cattle/Texas/24-008749-003/2024(H5N1)	1063	4530
NP|PP755592.1|A/cattle/Texas/24-008749-003/2024(H5N1)	1064	4627
NP|PP755592.1|A/cattle/Texas/24-008749-003/2024(H5N1)	1065	4633
NP|PP755592.1|A/cattle/Texas/24-008749-003/2024(H5N1)	1066	4632
NP|PP755592.1|A/cattle/Texas/24-008749-003/2024(H5N1)	1067	4616
NP|PP755592.1|A/cattle/Texas/24-008749-003/2024(H5N1)	1068	4670
NP|PP755592.1|A/cattle/Texas/24-008749-003/2024(H5N1)	1069	4570
NP|PP755592.1|A/cattle/Texas/24-008749-003/2024(H5N1)	1070	4557
NP|PP755592.1|A/cattle/Texas/24-008749-003/2024(H5N1)	1071	4567
NP|PP755592.1|A/cattle/Texas/24-008749-003/2024(H5N1)	1072	4613
NP|PP755592.1|A/cattle/Texas/24-008749-003/2024(H5N1)	1073	4548
NP|PP755592.1|A/cattle/Texas/24-008749-003/2024(H5N1)	1074	4592
NP|PP755592.1|A/cattle/Texas/24-008749-003/2024(H5N1)	1075	4610
NP|PP755592.1|A/cattle/Texas/24-008749-003/2024(H5N1)	1076	4610
NP|PP755592.1|A/cattle/Texas/24-008749-003/2024(H5N1)	1077	4677
NP|PP755592.1|A/cattle/Texas/24-008749-003/2024(H5N1)	1078	4687
NP|PP755592.1|A/cattle/Texas/24-008749-003/2024(H5N1)	1079	4714
NP|PP755592.1|A/cattle/Texas/24-008749-003/2024(H5N1)	1080	4707
NP|PP755592.1|A/cattle/Texas/24-008749-003/2024(H5N1)	1081	4657
NP|PP755592.1|A/cattle/Texas/24-008749-003/2024(H5N1)	1082	4679
NP|PP755592.1|A/cattle/Texas/24-008749-003/2024(H5N1)	1083	4657
NP|PP755592.1|A/cattle/Texas/24-008749-003/2024(H5N1)	1084	4644
NP|PP755592.1|A/cattle/Texas/24-008749-003/2024(H5N1)	1085	4628
NP|PP755592.1|A/cattle/Texas/24-008749-003/2024(H5N1)	1086	4562
NP|PP755592.1|A/cattle/Texas/24-008749-003/2024(H5N1)	1087	4625
NP|PP755592.1|A/cattle/Texas/24-008749-003/2024(H5N1)	1088	4747
NP|PP755592.1|A/cattle/Texas/24-008749-003/2024(H5N1)	1089	4749
NP|PP755592.1|A/cattle/Texas/24-008749-003/2024(H5N1)	1090	4709
NP|PP755592.1|A/cattle/Texas/24-008749-003/2024(H5N1)	1091	4690
NP|PP755592.1|A/cattle/Texas/24-008749-003/2024(H5N1)	1092	4668
NP|PP755592.1|A/cattle/Texas/24-008749-003/2024(H5N1)	1093	4914
NP|PP755592.1|A/cattle/Texas/24-008749-003/2024(H5N1)	1094	4900
NP|PP755592.1|A/cattle/Texas/24-008749-003/2024(H5N1)	1095	4881
NP|PP755592.1|A/cattle/Texas/24-008749-003/2024(H5N1)	1096	4645
NP|PP755592.1|A/cattle/Texas/24-008749-003/2024(H5N1)	1097	4656
NP|PP755592.1|A/cattle/Texas/24-008749-003/2024(H5N1)	1098	4794
NP|PP755592.1|A/cattle/Texas/24-008749-003/2024(H5N1)	1099	4797
NP|PP755592.1|A/cattle/Texas/24-008749-003/2024(H5N1)	1100	4792
NP|PP755592.1|A/cattle/Texas/24-008749-003/2024(H5N1)	1101	4795
NP|PP755592.1|A/cattle/Texas/24-008749-003/2024(H5N1)	1102	4814
NP|PP755592.1|A/cattle/Texas/24-008749-003/2024(H5N1)	1103	4830
NP|PP755592.1|A/cattle/Texas/24-008749-003/2024(H5N1)	1104	4836
NP|PP755592.1|A/cattle/Texas/24-008749-003/2024(H5N1)	1105	4826
NP|PP755592.1|A/cattle/Texas/24-008749-003/2024(H5N1)	1106	4820
NP|PP755592.1|A/cattle/Texas/24-008749-003/2024(H5N1)	1107	4823
NP|PP755592.1|A/cattle/Texas/24-008749-003/2024(H5N1)	1108	4811
NP|PP755592.1|A/cattle/Texas/24-008749-003/2024(H5N1)	1109	4828
NP|PP755592.1|A/cattle/Texas/24-008749-003/2024(H5N1)	1110	4909
NP|PP755592.1|A/cattle/Texas/24-008749-003/2024(H5N1)	1111	4894
NP|PP755592.1|A/cattle/Texas/24-008749-003/2024(H5N1)	1112	4892
NP|PP755592.1|A/cattle/Texas/24-008749-003/2024(H5N1)	1113	4883
NP|PP755592.1|A/cattle/Texas/24-008749-003/2024(H5N1)	1114	4895
NP|PP755592.1|A/cattle/Texas/24-008749-003/2024(H5N1)	1115	4913
NP|PP755592.1|A/cattle/Texas/24-008749-003/2024(H5N1)	1116	4916
NP|PP755592.1|A/cattle/Texas/24-008749-003/2024(H5N1)	1117	4927
NP|PP755592.1|A/cattle/Texas/24-008749-003/2024(H5N1)	1118	4945
NP|PP755592.1|A/cattle/Texas/24-008749-003/2024(H5N1)	1119	4860
NP|PP755592.1|A/cattle/Texas/24-008749-003/2024(H5N1)	1120	4878
NP|PP755592.1|A/cattle/Texas/24-008749-003/2024(H5N1)	1121	4853
NP|PP755592.1|A/cattle/Texas/24-008749-003/2024(H5N1)	1122	4871
NP|PP755592.1|A/cattle/Texas/24-008749-003/2024(H5N1)	1123	4874
NP|PP755592.1|A/cattle/Texas/24-008749-003/2024(H5N1)	1124	4880
NP|PP755592.1|A/cattle/Texas/24-008749-003/2024(H5N1)	1125	4980
NP|PP755592.1|A/cattle/Texas/24-008749-003/2024(H5N1)	1126	4972
NP|PP755592.1|A/cattle/Texas/24-008749-003/2024(H5N1)	1127	4960
NP|PP755592.1|A/cattle/Texas/24-008749-003/2024(H5N1)	1128	4960
NP|PP755592.1|A/cattle/Texas/24-008749-003/2024(H5N1)	1129	4931
NP|PP755592.1|A/cattle/Texas/24-008749-003/2024(H5N1)	1130	4938
NP|PP755592.1|A/cattle/Texas/24-008749-003/2024(H5N1)	1131	5028
NP|PP755592.1|A/cattle/Texas/24-008749-003/2024(H5N1)	1132	5020
NP|PP755592.1|A/cattle/Texas/24-008749-003/2024(H5N1)	1133	4996
NP|PP755592.1|A/cattle/Texas/24-008749-003/2024(H5N1)	1134	4863
NP|PP755592.1|A/cattle/Texas/24-008749-003/2024(H5N1)	1135	4877
NP|PP755592.1|A/cattle/Texas/24-008749-003/2024(H5N1)	1136	4822
NP|PP755592.1|A/cattle/Texas/24-008749-003/2024(H5N1)	1137	4815
NP|PP755592.1|A/cattle/Texas/24-008749-003/2024(H5N1)	1138	4826
NP|PP755592.1|A/cattle/Texas/24-008749-003/2024(H5N1)	1139	4813
NP|PP755592.1|A/cattle/Texas/24-008749-003/2024(H5N1)	1140	4805
NP|PP755592.1|A/cattle/Texas/24-008749-003/2024(H5N1)	1141	4820
NP|PP755592.1|A/cattle/Texas/24-008749-003/2024(H5N1)	1142	4624
NP|PP755592.1|A/cattle/Texas/24-008749-003/2024(H5N1)	1143	4675
NP|PP755592.1|A/cattle/Texas/24-008749-003/2024(H5N1)	1144	4647
NP|PP755592.1|A/cattle/Texas/24-008749-003/2024(H5N1)	1145	4580
NP|PP755592.1|A/cattle/Texas/24-008749-003/2024(H5N1)	1146	4624
NP|PP755592.1|A/cattle/Texas/24-008749-003/2024(H5N1)	1147	4579
NP|PP755592.1|A/cattle/Texas/24-008749-003/2024(H5N1)	1148	4614
NP|PP755592.1|A/cattle/Texas/24-008749-003/2024(H5N1)	1149	4700
NP|PP755592.1|A/cattle/Texas/24-008749-003/2024(H5N1)	1150	4675
NP|PP755592.1|A/cattle/Texas/24-008749-003/2024(H5N1)	1151	4691
NP|PP755592.1|A/cattle/Texas/24-008749-003/2024(H5N1)	1152	4718
NP|PP755592.1|A/cattle/Texas/24-008749-003/2024(H5N1)	1153	4740
NP|PP755592.1|A/cattle/Texas/24-008749-003/2024(H5N1)	1154	4723
NP|PP755592.1|A/cattle/Texas/24-008749-003/2024(H5N1)	1155	4720
NP|PP755592.1|A/cattle/Texas/24-008749-003/2024(H5N1)	1156	4621
NP|PP755592.1|A/cattle/Texas/24-008749-003/2024(H5N1)	1157	4645
NP|PP755592.1|A/cattle/Texas/24-008749-003/2024(H5N1)	1158	4669
NP|PP755592.1|A/cattle/Texas/24-008749-003/2024(H5N1)	1159	4680
NP|PP755592.1|A/cattle/Texas/24-008749-003/2024(H5N1)	1160	4706
NP|PP755592.1|A/cattle/Texas/24-008749-003/2024(H5N1)	1161	4597
NP|PP755592.1|A/cattle/Texas/24-008749-003/2024(H5N1)	1162	4606
NP|PP755592.1|A/cattle/Texas/24-008749-003/2024(H5N1)	1163	4602
NP|PP755592.1|A/cattle/Texas/24-008749-003/2024(H5N1)	1164	4603
NP|PP755592.1|A/cattle/Texas/24-008749-003/2024(H5N1)	1165	4601
NP|PP755592.1|A/cattle/Texas/24-008749-003/2024(H5N1)	1166	4604
NP|PP755592.1|A/cattle/Texas/24-008749-003/2024(H5N1)	1167	4612
NP|PP755592.1|A/cattle/Texas/24-008749-003/2024(H5N1)	1168	4655
NP|PP755592.1|A/cattle/Texas/24-008749-003/2024(H5N1)	1169	4483
NP|PP755592.1|A/cattle/Texas/24-008749-003/2024(H5N1)	1170	4485
NP|PP755592.1|A/cattle/Texas/24-008749-003/2024(H5N1)	1171	4476
NP|PP755592.1|A/cattle/Texas/24-008749-003/2024(H5N1)	1172	4495
NP|PP755592.1|A/cattle/Texas/24-008749-003/2024(H5N1)	1173	4515
NP|PP755592.1|A/cattle/Texas/24-008749-003/2024(H5N1)	1174	4508
NP|PP755592.1|A/cattle/Texas/24-008749-003/2024(H5N1)	1175	4507
NP|PP755592.1|A/cattle/Texas/24-008749-003/2024(H5N1)	1176	4561
NP|PP755592.1|A/cattle/Texas/24-008749-003/2024(H5N1)	1177	4563
NP|PP755592.1|A/cattle/Texas/24-008749-003/2024(H5N1)	1178	4582
NP|PP755592.1|A/cattle/Texas/24-008749-003/2024(H5N1)	1179	4583
NP|PP755592.1|A/cattle/Texas/24-008749-003/2024(H5N1)	1180	4578
NP|PP755592.1|A/cattle/Texas/24-008749-003/2024(H5N1)	1181	4619
NP|PP755592.1|A/cattle/Texas/24-008749-003/2024(H5N1)	1182	4618
NP|PP755592.1|A/cattle/Texas/24-008749-003/2024(H5N1)	1183	4624
NP|PP755592.1|A/cattle/Texas/24-008749-003/2024(H5N1)	1184	4588
NP|PP755592.1|A/cattle/Texas/24-008749-003/2024(H5N1)	1185	4578
NP|PP755592.1|A/cattle/Texas/24-008749-003/2024(H5N1)	1186	4562
NP|PP755592.1|A/cattle/Texas/24-008749-003/2024(H5N1)	1187	4599
NP|PP755592.1|A/cattle/Texas/24-008749-003/2024(H5N1)	1188	4560
NP|PP755592.1|A/cattle/Texas/24-008749-003/2024(H5N1)	1189	4750
NP|PP755592.1|A/cattle/Texas/24-008749-003/2024(H5N1)	1190	4797
NP|PP755592.1|A/cattle/Texas/24-008749-003/2024(H5N1)	1191	4834
NP|PP755592.1|A/cattle/Texas/24-008749-003/2024(H5N1)	1192	4827
NP|PP755592.1|A/cattle/Texas/24-008749-003/2024(H5N1)	1193	4779
NP|PP755592.1|A/cattle/Texas/24-008749-003/2024(H5N1)	1194	4800
NP|PP755592.1|A/cattle/Texas/24-008749-003/2024(H5N1)	1195	4795
NP|PP755592.1|A/cattle/Texas/24-008749-003/2024(H5N1)	1196	4760
NP|PP755592.1|A/cattle/Texas/24-008749-003/2024(H5N1)	1197	4695
NP|PP755592.1|A/cattle/Texas/24-008749-003/2024(H5N1)	1198	4479
NP|PP755592.1|A/cattle/Texas/24-008749-003/2024(H5N1)	1199	4516
NP|PP755592.1|A/cattle/Texas/24-008749-003/2024(H5N1)	1200	4459
NP|PP755592.1|A/cattle/Texas/24-008749-003/2024(H5N1)	1201	4463
NP|PP755592.1|A/cattle/Texas/24-008749-003/2024(H5N1)	1202	4360
NP|PP755592.1|A/cattle/Texas/24-008749-003/2024(H5N1)	1203	4348
NP|PP755592.1|A/cattle/Texas/24-008749-003/2024(H5N1)	1204	4344
NP|PP755592.1|A/cattle/Texas/24-008749-003/2024(H5N1)	1205	4329
NP|PP755592.1|A/cattle/Texas/24-008749-003/2024(H5N1)	1206	4315
NP|PP755592.1|A/cattle/Texas/24-008749-003/2024(H5N1)	1207	4316
NP|PP755592.1|A/cattle/Texas/24-008749-003/2024(H5N1)	1208	4296
NP|PP755592.1|A/cattle/Texas/24-008749-003/2024(H5N1)	1209	4245
NP|PP755592.1|A/cattle/Texas/24-008749-003/2024(H5N1)	1210	4289
NP|PP755592.1|A/cattle/Texas/24-008749-003/2024(H5N1)	1211	4309
NP|PP755592.1|A/cattle/Texas/24-008749-003/2024(H5N1)	1212	4293
NP|PP755592.1|A/cattle/Texas/24-008749-003/2024(H5N1)	1213	4357
NP|PP755592.1|A/cattle/Texas/24-008749-003/2024(H5N1)	1214	4349
NP|PP755592.1|A/cattle/Texas/24-008749-003/2024(H5N1)	1215	4334
NP|PP755592.1|A/cattle/Texas/24-008749-003/2024(H5N1)	1216	4347
NP|PP755592.1|A/cattle/Texas/24-008749-003/2024(H5N1)	1217	4375
NP|PP755592.1|A/cattle/Texas/24-008749-003/2024(H5N1)	1218	4375
NP|PP755592.1|A/cattle/Texas/24-008749-003/2024(H5N1)	1219	4284
NP|PP755592.1|A/cattle/Texas/24-008749-003/2024(H5N1)	1220	4300
NP|PP755592.1|A/cattle/Texas/24-008749-003/2024(H5N1)	1221	4353
NP|PP755592.1|A/cattle/Texas/24-008749-003/2024(H5N1)	1222	4380
NP|PP755592.1|A/cattle/Texas/24-008749-003/2024(H5N1)	1223	4325
NP|PP755592.1|A/cattle/Texas/24-008749-003/2024(H5N1)	1224	4299
NP|PP755592.1|A/cattle/Texas/24-008749-003/2024(H5N1)	1225	4272
NP|PP755592.1|A/cattle/Texas/24-008749-003/2024(H5N1)	1226	4212
NP|PP755592.1|A/cattle/Texas/24-008749-003/2024(H5N1)	1227	4324
NP|PP755592.1|A/cattle/Texas/24-008749-003/2024(H5N1)	1228	4340
NP|PP755592.1|A/cattle/Texas/24-008749-003/2024(H5N1)	1229	4276
NP|PP755592.1|A/cattle/Texas/24-008749-003/2024(H5N1)	1230	4378
NP|PP755592.1|A/cattle/Texas/24-008749-003/2024(H5N1)	1231	4355
NP|PP755592.1|A/cattle/Texas/24-008749-003/2024(H5N1)	1232	4338
NP|PP755592.1|A/cattle/Texas/24-008749-003/2024(H5N1)	1233	4337
NP|PP755592.1|A/cattle/Texas/24-008749-003/2024(H5N1)	1234	4329
NP|PP755592.1|A/cattle/Texas/24-008749-003/2024(H5N1)	1235	4473
NP|PP755592.1|A/cattle/Texas/24-008749-003/2024(H5N1)	1236	4370
NP|PP755592.1|A/cattle/Texas/24-008749-003/2024(H5N1)	1237	4351
NP|PP755592.1|A/cattle/Texas/24-008749-003/2024(H5N1)	1238	4357
NP|PP755592.1|A/cattle/Texas/24-008749-003/2024(H5N1)	1239	4314
NP|PP755592.1|A/cattle/Texas/24-008749-003/2024(H5N1)	1240	4440
NP|PP755592.1|A/cattle/Texas/24-008749-003/2024(H5N1)	1241	4420
NP|PP755592.1|A/cattle/Texas/24-008749-003/2024(H5N1)	1242	4416
NP|PP755592.1|A/cattle/Texas/24-008749-003/2024(H5N1)	1243	4431
NP|PP755592.1|A/cattle/Texas/24-008749-003/2024(H5N1)	1244	4197
NP|PP755592.1|A/cattle/Texas/24-008749-003/2024(H5N1)	1245	4220
NP|PP755592.1|A/cattle/Texas/24-008749-003/2024(H5N1)	1246	4328
NP|PP755592.1|A/cattle/Texas/24-008749-003/2024(H5N1)	1247	4337
NP|PP755592.1|A/cattle/Texas/24-008749-003/2024(H5N1)	1248	4376
NP|PP755592.1|A/cattle/Texas/24-008749-003/2024(H5N1)	1249	4200
NP|PP755592.1|A/cattle/Texas/24-008749-003/2024(H5N1)	1250	4198
NP|PP755592.1|A/cattle/Texas/24-008749-003/2024(H5N1)	1251	4209
NP|PP755592.1|A/cattle/Texas/24-008749-003/2024(H5N1)	1252	4188
NP|PP755592.1|A/cattle/Texas/24-008749-003/2024(H5N1)	1253	4180
NP|PP755592.1|A/cattle/Texas/24-008749-003/2024(H5N1)	1254	4167
NP|PP755592.1|A/cattle/Texas/24-008749-003/2024(H5N1)	1255	4163
NP|PP755592.1|A/cattle/Texas/24-008749-003/2024(H5N1)	1256	4157
NP|PP755592.1|A/cattle/Texas/24-008749-003/2024(H5N1)	1257	4171
NP|PP755592.1|A/cattle/Texas/24-008749-003/2024(H5N1)	1258	4167
NP|PP755592.1|A/cattle/Texas/24-008749-003/2024(H5N1)	1259	4162
NP|PP755592.1|A/cattle/Texas/24-008749-003/2024(H5N1)	1260	4104
NP|PP755592.1|A/cattle/Texas/24-008749-003/2024(H5N1)	1261	4101
NP|PP755592.1|A/cattle/Texas/24-008749-003/2024(H5N1)	1262	4123
NP|PP755592.1|A/cattle/Texas/24-008749-003/2024(H5N1)	1263	4121
NP|PP755592.1|A/cattle/Texas/24-008749-003/2024(H5N1)	1264	4114
NP|PP755592.1|A/cattle/Texas/24-008749-003/2024(H5N1)	1265	4145
NP|PP755592.1|A/cattle/Texas/24-008749-003/2024(H5N1)	1266	4121
NP|PP755592.1|A/cattle/Texas/24-008749-003/2024(H5N1)	1267	4128
NP|PP755592.1|A/cattle/Texas/24-008749-003/2024(H5N1)	1268	4110
NP|PP755592.1|A/cattle/Texas/24-008749-003/2024(H5N1)	1269	4115
NP|PP755592.1|A/cattle/Texas/24-008749-003/2024(H5N1)	1270	4159
NP|PP755592.1|A/cattle/Texas/24-008749-003/2024(H5N1)	1271	4146
NP|PP755592.1|A/cattle/Texas/24-008749-003/2024(H5N1)	1272	4192
NP|PP755592.1|A/cattle/Texas/24-008749-003/2024(H5N1)	1273	4189
NP|PP755592.1|A/cattle/Texas/24-008749-003/2024(H5N1)	1274	4177
NP|PP755592.1|A/cattle/Texas/24-008749-003/2024(H5N1)	1275	4085
NP|PP755592.1|A/cattle/Texas/24-008749-003/2024(H5N1)	1276	4110
NP|PP755592.1|A/cattle/Texas/24-008749-003/2024(H5N1)	1277	4123
NP|PP755592.1|A/cattle/Texas/24-008749-003/2024(H5N1)	1278	4078
NP|PP755592.1|A/cattle/Texas/24-008749-003/2024(H5N1)	1279	4046
NP|PP755592.1|A/cattle/Texas/24-008749-003/2024(H5N1)	1280	4042
NP|PP755592.1|A/cattle/Texas/24-008749-003/2024(H5N1)	1281	3939
NP|PP755592.1|A/cattle/Texas/24-008749-003/2024(H5N1)	1282	3944
NP|PP755592.1|A/cattle/Texas/24-008749-003/2024(H5N1)	1283	3840
NP|PP755592.1|A/cattle/Texas/24-008749-003/2024(H5N1)	1284	3864
NP|PP755592.1|A/cattle/Texas/24-008749-003/2024(H5N1)	1285	3870
NP|PP755592.1|A/cattle/Texas/24-008749-003/2024(H5N1)	1286	3833
NP|PP755592.1|A/cattle/Texas/24-008749-003/2024(H5N1)	1287	3836
NP|PP755592.1|A/cattle/Texas/24-008749-003/2024(H5N1)	1288	3840
NP|PP755592.1|A/cattle/Texas/24-008749-003/2024(H5N1)	1289	3830
NP|PP755592.1|A/cattle/Texas/24-008749-003/2024(H5N1)	1290	3826
NP|PP755592.1|A/cattle/Texas/24-008749-003/2024(H5N1)	1291	3825
NP|PP755592.1|A/cattle/Texas/24-008749-003/2024(H5N1)	1292	4018
NP|PP755592.1|A/cattle/Texas/24-008749-003/2024(H5N1)	1293	4011
NP|PP755592.1|A/cattle/Texas/24-008749-003/2024(H5N1)	1294	3963
NP|PP755592.1|A/cattle/Texas/24-008749-003/2024(H5N1)	1295	3988
NP|PP755592.1|A/cattle/Texas/24-008749-003/2024(H5N1)	1296	4011
NP|PP755592.1|A/cattle/Texas/24-008749-003/2024(H5N1)	1297	4016
NP|PP755592.1|A/cattle/Texas/24-008749-003/2024(H5N1)	1298	3972
NP|PP755592.1|A/cattle/Texas/24-008749-003/2024(H5N1)	1299	3871
NP|PP755592.1|A/cattle/Texas/24-008749-003/2024(H5N1)	1300	3880
NP|PP755592.1|A/cattle/Texas/24-008749-003/2024(H5N1)	1301	3940
NP|PP755592.1|A/cattle/Texas/24-008749-003/2024(H5N1)	1302	3959
NP|PP755592.1|A/cattle/Texas/24-008749-003/2024(H5N1)	1303	3859
NP|PP755592.1|A/cattle/Texas/24-008749-003/2024(H5N1)	1304	3862
NP|PP755592.1|A/cattle/Texas/24-008749-003/2024(H5N1)	1305	3862
NP|PP755592.1|A/cattle/Texas/24-008749-003/2024(H5N1)	1306	3828
NP|PP755592.1|A/cattle/Texas/24-008749-003/2024(H5N1)	1307	3836
NP|PP755592.1|A/cattle/Texas/24-008749-003/2024(H5N1)	1308	3859
NP|PP755592.1|A/cattle/Texas/24-008749-003/2024(H5N1)	1309	3836
NP|PP755592.1|A/cattle/Texas/24-008749-003/2024(H5N1)	1310	3862
NP|PP755592.1|A/cattle/Texas/24-008749-003/2024(H5N1)	1311	3805
NP|PP755592.1|A/cattle/Texas/24-008749-003/2024(H5N1)	1312	3809
NP|PP755592.1|A/cattle/Texas/24-008749-003/2024(H5N1)	1313	3800
NP|PP755592.1|A/cattle/Texas/24-008749-003/2024(H5N1)	1314	3800
NP|PP755592.1|A/cattle/Texas/24-008749-003/2024(H5N1)	1315	3812
NP|PP755592.1|A/cattle/Texas/24-008749-003/2024(H5N1)	1316	3834
NP|PP755592.1|A/cattle/Texas/24-008749-003/2024(H5N1)	1317	3845
NP|PP755592.1|A/cattle/Texas/24-008749-003/2024(H5N1)	1318	3820
NP|PP755592.1|A/cattle/Texas/24-008749-003/2024(H5N1)	1319	3755
NP|PP755592.1|A/cattle/Texas/24-008749-003/2024(H5N1)	1320	3750
NP|PP755592.1|A/cattle/Texas/24-008749-003/2024(H5N1)	1321	3742
NP|PP755592.1|A/cattle/Texas/24-008749-003/2024(H5N1)	1322	3756
NP|PP755592.1|A/cattle/Texas/24-008749-003/2024(H5N1)	1323	3769
NP|PP755592.1|A/cattle/Texas/24-008749-003/2024(H5N1)	1324	3756
NP|PP755592.1|A/cattle/Texas/24-008749-003/2024(H5N1)	1325	3737
NP|PP755592.1|A/cattle/Texas/24-008749-003/2024(H5N1)	1326	3629
NP|PP755592.1|A/cattle/Texas/24-008749-003/2024(H5N1)	1327	3632
NP|PP755592.1|A/cattle/Texas/24-008749-003/2024(H5N1)	1328	3585
NP|PP755592.1|A/cattle/Texas/24-008749-003/2024(H5N1)	1329	3567
NP|PP755592.1|A/cattle/Texas/24-008749-003/2024(H5N1)	1330	3623
NP|PP755592.1|A/cattle/Texas/24-008749-003/2024(H5N1)	1331	3600
NP|PP755592.1|A/cattle/Texas/24-008749-003/2024(H5N1)	1332	3622
NP|PP755592.1|A/cattle/Texas/24-008749-003/2024(H5N1)	1333	3878
NP|PP755592.1|A/cattle/Texas/24-008749-003/2024(H5N1)	1334	3880
NP|PP755592.1|A/cattle/Texas/24-008749-003/2024(H5N1)	1335	3896
NP|PP755592.1|A/cattle/Texas/24-008749-003/2024(H5N1)	1336	3882
NP|PP755592.1|A/cattle/Texas/24-008749-003/2024(H5N1)	1337	3899
NP|PP755592.1|A/cattle/Texas/24-008749-003/2024(H5N1)	1338	3837
NP|PP755592.1|A/cattle/Texas/24-008749-003/2024(H5N1)	1339	3840
NP|PP755592.1|A/cattle/Texas/24-008749-003/2024(H5N1)	1340	3686
NP|PP755592.1|A/cattle/Texas/24-008749-003/2024(H5N1)	1341	3635
NP|PP755592.1|A/cattle/Texas/24-008749-003/2024(H5N1)	1342	3807
NP|PP755592.1|A/cattle/Texas/24-008749-003/2024(H5N1)	1343	3902
NP|PP755592.1|A/cattle/Texas/24-008749-003/2024(H5N1)	1344	3907
NP|PP755592.1|A/cattle/Texas/24-008749-003/2024(H5N1)	1345	3895
NP|PP755592.1|A/cattle/Texas/24-008749-003/2024(H5N1)	1346	3851
NP|PP755592.1|A/cattle/Texas/24-008749-003/2024(H5N1)	1347	3840
NP|PP755592.1|A/cattle/Texas/24-008749-003/2024(H5N1)	1348	3827
NP|PP755592.1|A/cattle/Texas/24-008749-003/2024(H5N1)	1349	3852
NP|PP755592.1|A/cattle/Texas/24-008749-003/2024(H5N1)	1350	3829
NP|PP755592.1|A/cattle/Texas/24-008749-003/2024(H5N1)	1351	3825
NP|PP755592.1|A/cattle/Texas/24-008749-003/2024(H5N1)	1352	3805
NP|PP755592.1|A/cattle/Texas/24-008749-003/2024(H5N1)	1353	3798
NP|PP755592.1|A/cattle/Texas/24-008749-003/2024(H5N1)	1354	3771
NP|PP755592.1|A/cattle/Texas/24-008749-003/2024(H5N1)	1355	3777
NP|PP755592.1|A/cattle/Texas/24-008749-003/2024(H5N1)	1356	3771
NP|PP755592.1|A/cattle/Texas/24-008749-003/2024(H5N1)	1357	3804
NP|PP755592.1|A/cattle/Texas/24-008749-003/2024(H5N1)	1358	3754
NP|PP755592.1|A/cattle/Texas/24-008749-003/2024(H5N1)	1359	3710
NP|PP755592.1|A/cattle/Texas/24-008749-003/2024(H5N1)	1360	3719
NP|PP755592.1|A/cattle/Texas/24-008749-003/2024(H5N1)	1361	3723
NP|PP755592.1|A/cattle/Texas/24-008749-003/2024(H5N1)	1362	3726
NP|PP755592.1|A/cattle/Texas/24-008749-003/2024(H5N1)	1363	3723
NP|PP755592.1|A/cattle/Texas/24-008749-003/2024(H5N1)	1364	3667
NP|PP755592.1|A/cattle/Texas/24-008749-003/2024(H5N1)	1365	3697
NP|PP755592.1|A/cattle/Texas/24-008749-003/2024(H5N1)	1366	3625
NP|PP755592.1|A/cattle/Texas/24-008749-003/2024(H5N1)	1367	3621
NP|PP755592.1|A/cattle/Texas/24-008749-003/2024(H5N1)	1368	3587
NP|PP755592.1|A/cattle/Texas/24-008749-003/2024(H5N1)	1369	4035
NP|PP755592.1|A/cattle/Texas/24-008749-003/2024(H5N1)	1370	4014
NP|PP755592.1|A/cattle/Texas/24-008749-003/2024(H5N1)	1371	4044
NP|PP755592.1|A/cattle/Texas/24-008749-003/2024(H5N1)	1372	4086
NP|PP755592.1|A/cattle/Texas/24-008749-003/2024(H5N1)	1373	4067
NP|PP755592.1|A/cattle/Texas/24-008749-003/2024(H5N1)	1374	4111
NP|PP755592.1|A/cattle/Texas/24-008749-003/2024(H5N1)	1375	4100
NP|PP755592.1|A/cattle/Texas/24-008749-003/2024(H5N1)	1376	4072
NP|PP755592.1|A/cattle/Texas/24-008749-003/2024(H5N1)	1377	4062
NP|PP755592.1|A/cattle/Texas/24-008749-003/2024(H5N1)	1378	3961
NP|PP755592.1|A/cattle/Texas/24-008749-003/2024(H5N1)	1379	3956
NP|PP755592.1|A/cattle/Texas/24-008749-003/2024(H5N1)	1380	3951
NP|PP755592.1|A/cattle/Texas/24-008749-003/2024(H5N1)	1381	3812
NP|PP755592.1|A/cattle/Texas/24-008749-003/2024(H5N1)	1382	3808
NP|PP755592.1|A/cattle/Texas/24-008749-003/2024(H5N1)	1383	3803
NP|PP755592.1|A/cattle/Texas/24-008749-003/2024(H5N1)	1384	3804
NP|PP755592.1|A/cattle/Texas/24-008749-003/2024(H5N1)	1385	3801
NP|PP755592.1|A/cattle/Texas/24-008749-003/2024(H5N1)	1386	3675
NP|PP755592.1|A/cattle/Texas/24-008749-003/2024(H5N1)	1387	3720
NP|PP755592.1|A/cattle/Texas/24-008749-003/2024(H5N1)	1388	3586
NP|PP755592.1|A/cattle/Texas/24-008749-003/2024(H5N1)	1389	3486
NP|PP755592.1|A/cattle/Texas/24-008749-003/2024(H5N1)	1390	3481
NP|PP755592.1|A/cattle/Texas/24-008749-003/2024(H5N1)	1391	3480
NP|PP755592.1|A/cattle/Texas/24-008749-003/2024(H5N1)	1392	3467
NP|PP755592.1|A/cattle/Texas/24-008749-003/2024(H5N1)	1393	3465
NP|PP755592.1|A/cattle/Texas/24-008749-003/2024(H5N1)	1394	3452
NP|PP755592.1|A/cattle/Texas/24-008749-003/2024(H5N1)	1395	3452
NP|PP755592.1|A/cattle/Texas/24-008749-003/2024(H5N1)	1396	3295
NP|PP755592.1|A/cattle/Texas/24-008749-003/2024(H5N1)	1397	3279
NP|PP755592.1|A/cattle/Texas/24-008749-003/2024(H5N1)	1398	3254
NP|PP755592.1|A/cattle/Texas/24-008749-003/2024(H5N1)	1399	3251
NP|PP755592.1|A/cattle/Texas/24-008749-003/2024(H5N1)	1400	3250
NP|PP755592.1|A/cattle/Texas/24-008749-003/2024(H5N1)	1401	3248
NP|PP755592.1|A/cattle/Texas/24-008749-003/2024(H5N1)	1402	3243
NP|PP755592.1|A/cattle/Texas/24-008749-003/2024(H5N1)	1403	3240
NP|PP755592.1|A/cattle/Texas/24-008749-003/2024(H5N1)	1404	3237
NP|PP755592.1|A/cattle/Texas/24-008749-003/2024(H5N1)	1405	3229
NP|PP755592.1|A/cattle/Texas/24-008749-003/2024(H5N1)	1406	3224
NP|PP755592.1|A/cattle/Texas/24-008749-003/2024(H5N1)	1407	3209
NP|PP755592.1|A/cattle/Texas/24-008749-003/2024(H5N1)	1408	3194
NP|PP755592.1|A/cattle/Texas/24-008749-003/2024(H5N1)	1409	3192
NP|PP755592.1|A/cattle/Texas/24-008749-003/2024(H5N1)	1410	3192
NP|PP755592.1|A/cattle/Texas/24-008749-003/2024(H5N1)	1411	3160
NP|PP755592.1|A/cattle/Texas/24-008749-003/2024(H5N1)	1412	3163
NP|PP755592.1|A/cattle/Texas/24-008749-003/2024(H5N1)	1413	3149
NP|PP755592.1|A/cattle/Texas/24-008749-003/2024(H5N1)	1414	3151
NP|PP755592.1|A/cattle/Texas/24-008749-003/2024(H5N1)	1415	3129
NP|PP755592.1|A/cattle/Texas/24-008749-003/2024(H5N1)	1416	3139
NP|PP755592.1|A/cattle/Texas/24-008749-003/2024(H5N1)	1417	3131
NP|PP755592.1|A/cattle/Texas/24-008749-003/2024(H5N1)	1418	3120
NP|PP755592.1|A/cattle/Texas/24-008749-003/2024(H5N1)	1419	3115
NP|PP755592.1|A/cattle/Texas/24-008749-003/2024(H5N1)	1420	3085
NP|PP755592.1|A/cattle/Texas/24-008749-003/2024(H5N1)	1421	3049
NP|PP755592.1|A/cattle/Texas/24-008749-003/2024(H5N1)	1422	3050
NP|PP755592.1|A/cattle/Texas/24-008749-003/2024(H5N1)	1423	3007
NP|PP755592.1|A/cattle/Texas/24-008749-003/2024(H5N1)	1424	3007
NP|PP755592.1|A/cattle/Texas/24-008749-003/2024(H5N1)	1425	2962
NP|PP755592.1|A/cattle/Texas/24-008749-003/2024(H5N1)	1426	2961
NP|PP755592.1|A/cattle/Texas/24-008749-003/2024(H5N1)	1427	2926
NP|PP755592.1|A/cattle/Texas/24-008749-003/2024(H5N1)	1428	2913
NP|PP755592.1|A/cattle/Texas/24-008749-003/2024(H5N1)	1429	2912
NP|PP755592.1|A/cattle/Texas/24-008749-003/2024(H5N1)	1430	2900
NP|PP755592.1|A/cattle/Texas/24-008749-003/2024(H5N1)	1431	2879
NP|PP755592.1|A/cattle/Texas/24-008749-003/2024(H5N1)	1432	2868
NP|PP755592.1|A/cattle/Texas/24-008749-003/2024(H5N1)	1433	2899
NP|PP755592.1|A/cattle/Texas/24-008749-003/2024(H5N1)	1434	2889
NP|PP755592.1|A/cattle/Texas/24-008749-003/2024(H5N1)	1435	2856
NP|PP755592.1|A/cattle/Texas/24-008749-003/2024(H5N1)	1436	2851
NP|PP755592.1|A/cattle/Texas/24-008749-003/2024(H5N1)	1437	2844
NP|PP755592.1|A/cattle/Texas/24-008749-003/2024(H5N1)	1438	2860
NP|PP755592.1|A/cattle/Texas/24-008749-003/2024(H5N1)	1439	2855
NP|PP755592.1|A/cattle/Texas/24-008749-003/2024(H5N1)	1440	2847
NP|PP755592.1|A/cattle/Texas/24-008749-003/2024(H5N1)	1441	2841
NP|PP755592.1|A/cattle/Texas/24-008749-003/2024(H5N1)	1442	2551
NP|PP755592.1|A/cattle/Texas/24-008749-003/2024(H5N1)	1443	2552
NP|PP755592.1|A/cattle/Texas/24-008749-003/2024(H5N1)	1444	2545
NP|PP755592.1|A/cattle/Texas/24-008749-003/2024(H5N1)	1445	2544
NP|PP755592.1|A/cattle/Texas/24-008749-003/2024(H5N1)	1446	2520
NP|PP755592.1|A/cattle/Texas/24-008749-003/2024(H5N1)	1447	2439
NP|PP755592.1|A/cattle/Texas/24-008749-003/2024(H5N1)	1448	2428
NP|PP755592.1|A/cattle/Texas/24-008749-003/2024(H5N1)	1449	2415
NP|PP755592.1|A/cattle/Texas/24-008749-003/2024(H5N1)	1450	2418
NP|PP755592.1|A/cattle/Texas/24-008749-003/2024(H5N1)	1451	2415
NP|PP755592.1|A/cattle/Texas/24-008749-003/2024(H5N1)	1452	2347
NP|PP755592.1|A/cattle/Texas/24-008749-003/2024(H5N1)	1453	2332
NP|PP755592.1|A/cattle/Texas/24-008749-003/2024(H5N1)	1454	2290
NP|PP755592.1|A/cattle/Texas/24-008749-003/2024(H5N1)	1455	2269
NP|PP755592.1|A/cattle/Texas/24-008749-003/2024(H5N1)	1456	2273
NP|PP755592.1|A/cattle/Texas/24-008749-003/2024(H5N1)	1457	2233
NP|PP755592.1|A/cattle/Texas/24-008749-003/2024(H5N1)	1458	2214
NP|PP755592.1|A/cattle/Texas/24-008749-003/2024(H5N1)	1459	2206
NP|PP755592.1|A/cattle/Texas/24-008749-003/2024(H5N1)	1460	2201
NP|PP755592.1|A/cattle/Texas/24-008749-003/2024(H5N1)	1461	2176
NP|PP755592.1|A/cattle/Texas/24-008749-003/2024(H5N1)	1462	2159
NP|PP755592.1|A/cattle/Texas/24-008749-003/2024(H5N1)	1463	2152
NP|PP755592.1|A/cattle/Texas/24-008749-003/2024(H5N1)	1464	2128
NP|PP755592.1|A/cattle/Texas/24-008749-003/2024(H5N1)	1465	2083
NP|PP755592.1|A/cattle/Texas/24-008749-003/2024(H5N1)	1466	2083
NP|PP755592.1|A/cattle/Texas/24-008749-003/2024(H5N1)	1467	2063
NP|PP755592.1|A/cattle/Texas/24-008749-003/2024(H5N1)	1468	2058
NP|PP755592.1|A/cattle/Texas/24-008749-003/2024(H5N1)	1469	2058
NP|PP755592.1|A/cattle/Texas/24-008749-003/2024(H5N1)	1470	2044
NP|PP755592.1|A/cattle/Texas/24-008749-003/2024(H5N1)	1471	2044
NP|PP755592.1|A/cattle/Texas/24-008749-003/2024(H5N1)	1472	2039
NP|PP755592.1|A/cattle/Texas/24-008749-003/2024(H5N1)	1473	2017
NP|PP755592.1|A/cattle/Texas/24-008749-003/2024(H5N1)	1474	1989
NP|PP755592.1|A/cattle/Texas/24-008749-003/2024(H5N1)	1475	1989
NP|PP755592.1|A/cattle/Texas/24-008749-003/2024(H5N1)	1476	1989
NP|PP755592.1|A/cattle/Texas/24-008749-003/2024(H5N1)	1477	1989
NP|PP755592.1|A/cattle/Texas/24-008749-003/2024(H5N1)	1478	1987
NP|PP755592.1|A/cattle/Texas/24-008749-003/2024(H5N1)	1479	1929
NP|PP755592.1|A/cattle/Texas/24-008749-003/2024(H5N1)	1480	1916
NP|PP755592.1|A/cattle/Texas/24-008749-003/2024(H5N1)	1481	1897
NP|PP755592.1|A/cattle/Texas/24-008749-003/2024(H5N1)	1482	1858
NP|PP755592.1|A/cattle/Texas/24-008749-003/2024(H5N1)	1483	1839
NP|PP755592.1|A/cattle/Texas/24-008749-003/2024(H5N1)	1484	1506
NP|PP755592.1|A/cattle/Texas/24-008749-003/2024(H5N1)	1485	1506
NP|PP755592.1|A/cattle/Texas/24-008749-003/2024(H5N1)	1486	1444
NP|PP755592.1|A/cattle/Texas/24-008749-003/2024(H5N1)	1487	1444
NP|PP755592.1|A/cattle/Texas/24-008749-003/2024(H5N1)	1488	1436
NP|PP755592.1|A/cattle/Texas/24-008749-003/2024(H5N1)	1489	1407
NP|PP755592.1|A/cattle/Texas/24-008749-003/2024(H5N1)	1490	1403
NP|PP755592.1|A/cattle/Texas/24-008749-003/2024(H5N1)	1491	1375
NP|PP755592.1|A/cattle/Texas/24-008749-003/2024(H5N1)	1492	1129
NP|PP755592.1|A/cattle/Texas/24-008749-003/2024(H5N1)	1493	1128
NP|PP755592.1|A/cattle/Texas/24-008749-003/2024(H5N1)	1494	1001
NP|PP755592.1|A/cattle/Texas/24-008749-003/2024(H5N1)	1495	975
NP|PP755592.1|A/cattle/Texas/24-008749-003/2024(H5N1)	1496	973
NP|PP755592.1|A/cattle/Texas/24-008749-003/2024(H5N1)	1497	972
