MP|PP755590.1|A/cattle/Texas/24-008749-003/2024(H5N1)	1	222
MP|PP755590.1|A/cattle/Texas/24-008749-003/2024(H5N1)	2	223
MP|PP755590.1|A/cattle/Texas/24-008749-003/2024(H5N1)	3	223
MP|PP755590.1|A/cattle/Texas/24-008749-003/2024(H5N1)	4	223
MP|PP755590.1|A/cattle/Texas/24-008749-003/2024(H5N1)	5	230
MP|PP755590.1|A/cattle/Texas/24-008749-003/2024(H5N1)	6	235
MP|PP755590.1|A/cattle/Texas/24-008749-003/2024(H5N1)	7	250
MP|PP755590.1|A/cattle/Texas/24-008749-003/2024(H5N1)	8	254
MP|PP755590.1|A/cattle/Texas/24-008749-003/2024(H5N1)	9	258
MP|PP755590.1|A/cattle/Texas/24-008749-003/2024(H5N1)	10	258
MP|PP755590.1|A/cattle/Texas/24-008749-003/2024(H5N1)	11	259
MP|PP755590.1|A/cattle/Texas/24-008749-003/2024(H5N1)	12	261
MP|PP755590.1|A/cattle/Texas/24-008749-003/2024(H5N1)	13	263
MP|PP755590.1|A/cattle/Texas/24-008749-003/2024(H5N1)	14	263
MP|PP755590.1|A/cattle/Texas/24-008749-003/2024(H5N1)	15	263
MP|PP755590.1|A/cattle/Texas/24-008749-003/2024(H5N1)	16	263
MP|PP755590.1|A/cattle/Texas/24-008749-003/2024(H5N1)	17	264
MP|PP755590.1|A/cattle/Texas/24-008749-003/2024(H5N1)	18	264
MP|PP755590.1|A/cattle/Texas/24-008749-003/2024(H5N1)	19	271
MP|PP755590.1|A/cattle/Texas/24-008749-003/2024(H5N1)	20	271
MP|PP755590.1|A/cattle/Texas/24-008749-003/2024(H5N1)	21	272
MP|PP755590.1|A/cattle/Texas/24-008749-003/2024(H5N1)	22	272
MP|PP755590.1|A/cattle/Texas/24-008749-003/2024(H5N1)	23	278
MP|PP755590.1|A/cattle/Texas/24-008749-003/2024(H5N1)	24	278
MP|PP755590.1|A/cattle/Texas/24-008749-003/2024(H5N1)	25	279
MP|PP755590.1|A/cattle/Texas/24-008749-003/2024(H5N1)	26	286
MP|PP755590.1|A/cattle/Texas/24-008749-003/2024(H5N1)	27	286
MP|PP755590.1|A/cattle/Texas/24-008749-003/2024(H5N1)	28	286
MP|PP755590.1|A/cattle/Texas/24-008749-003/2024(H5N1)	29	286
MP|PP755590.1|A/cattle/Texas/24-008749-003/2024(H5N1)	30	286
MP|PP755590.1|A/cattle/Texas/24-008749-003/2024(H5N1)	31	290
MP|PP755590.1|A/cattle/Texas/24-008749-003/2024(H5N1)	32	290
MP|PP755590.1|A/cattle/Texas/24-008749-003/2024(H5N1)	33	298
MP|PP755590.1|A/cattle/Texas/24-008749-003/2024(H5N1)	34	300
MP|PP755590.1|A/cattle/Texas/24-008749-003/2024(H5N1)	35	301
MP|PP755590.1|A/cattle/Texas/24-008749-003/2024(H5N1)	36	310
MP|PP755590.1|A/cattle/Texas/24-008749-003/2024(H5N1)	37	310
MP|PP755590.1|A/cattle/Texas/24-008749-003/2024(H5N1)	38	329
MP|PP755590.1|A/cattle/Texas/24-008749-003/2024(H5N1)	39	329
MP|PP755590.1|A/cattle/Texas/24-008749-003/2024(H5N1)	40	331
MP|PP755590.1|A/cattle/Texas/24-008749-003/2024(H5N1)	41	331
MP|PP755590.1|A/cattle/Texas/24-008749-003/2024(H5N1)	42	332
MP|PP755590.1|A/cattle/Texas/24-008749-003/2024(H5N1)	43	333
MP|PP755590.1|A/cattle/Texas/24-008749-003/2024(H5N1)	44	333
MP|PP755590.1|A/cattle/Texas/24-008749-003/2024(H5N1)	45	335
MP|PP755590.1|A/cattle/Texas/24-008749-003/2024(H5N1)	46	338
MP|PP755590.1|A/cattle/Texas/24-008749-003/2024(H5N1)	47	344
MP|PP755590.1|A/cattle/Texas/24-008749-003/2024(H5N1)	48	345
MP|PP755590.1|A/cattle/Texas/24-008749-003/2024(H5N1)	49	346
MP|PP755590.1|A/cattle/Texas/24-008749-003/2024(H5N1)	50	346
MP|PP755590.1|A/cattle/Texas/24-008749-003/2024(H5N1)	51	347
MP|PP755590.1|A/cattle/Texas/24-008749-003/2024(H5N1)	52	348
MP|PP755590.1|A/cattle/Texas/24-008749-003/2024(H5N1)	53	352
MP|PP755590.1|A/cattle/Texas/24-008749-003/2024(H5N1)	54	352
MP|PP755590.1|A/cattle/Texas/24-008749-003/2024(H5N1)	55	352
MP|PP755590.1|A/cattle/Texas/24-008749-003/2024(H5N1)	56	355
MP|PP755590.1|A/cattle/Texas/24-008749-003/2024(H5N1)	57	378
MP|PP755590.1|A/cattle/Texas/24-008749-003/2024(H5N1)	58	379
MP|PP755590.1|A/cattle/Texas/24-008749-003/2024(H5N1)	59	380
MP|PP755590.1|A/cattle/Texas/24-008749-003/2024(H5N1)	60	380
MP|PP755590.1|A/cattle/Texas/24-008749-003/2024(H5N1)	61	382
MP|PP755590.1|A/cattle/Texas/24-008749-003/2024(H5N1)	62	382
MP|PP755590.1|A/cattle/Texas/24-008749-003/2024(H5N1)	63	387
MP|PP755590.1|A/cattle/Texas/24-008749-003/2024(H5N1)	64	389
MP|PP755590.1|A/cattle/Texas/24-008749-003/2024(H5N1)	65	389
MP|PP755590.1|A/cattle/Texas/24-008749-003/2024(H5N1)	66	389
MP|PP755590.1|A/cattle/Texas/24-008749-003/2024(H5N1)	67	389
MP|PP755590.1|A/cattle/Texas/24-008749-003/2024(H5N1)	68	391
MP|PP755590.1|A/cattle/Texas/24-008749-003/2024(H5N1)	69	391
MP|PP755590.1|A/cattle/Texas/24-008749-003/2024(H5N1)	70	405
MP|PP755590.1|A/cattle/Texas/24-008749-003/2024(H5N1)	71	405
MP|PP755590.1|A/cattle/Texas/24-008749-003/2024(H5N1)	72	405
MP|PP755590.1|A/cattle/Texas/24-008749-003/2024(H5N1)	73	407
MP|PP755590.1|A/cattle/Texas/24-008749-003/2024(H5N1)	74	409
MP|PP755590.1|A/cattle/Texas/24-008749-003/2024(H5N1)	75	409
MP|PP755590.1|A/cattle/Texas/24-008749-003/2024(H5N1)	76	416
MP|PP755590.1|A/cattle/Texas/24-008749-003/2024(H5N1)	77	416
MP|PP755590.1|A/cattle/Texas/24-008749-003/2024(H5N1)	78	419
MP|PP755590.1|A/cattle/Texas/24-008749-003/2024(H5N1)	79	431
MP|PP755590.1|A/cattle/Texas/24-008749-003/2024(H5N1)	80	471
MP|PP755590.1|A/cattle/Texas/24-008749-003/2024(H5N1)	81	473
MP|PP755590.1|A/cattle/Texas/24-008749-003/2024(H5N1)	82	478
MP|PP755590.1|A/cattle/Texas/24-008749-003/2024(H5N1)	83	482
MP|PP755590.1|A/cattle/Texas/24-008749-003/2024(H5N1)	84	483
MP|PP755590.1|A/cattle/Texas/24-008749-003/2024(H5N1)	85	490
MP|PP755590.1|A/cattle/Texas/24-008749-003/2024(H5N1)	86	491
MP|PP755590.1|A/cattle/Texas/24-008749-003/2024(H5N1)	87	492
MP|PP755590.1|A/cattle/Texas/24-008749-003/2024(H5N1)	88	492
MP|PP755590.1|A/cattle/Texas/24-008749-003/2024(H5N1)	89	490
MP|PP755590.1|A/cattle/Texas/24-008749-003/2024(H5N1)	90	493
MP|PP755590.1|A/cattle/Texas/24-008749-003/2024(H5N1)	91	496
MP|PP755590.1|A/cattle/Texas/24-008749-003/2024(H5N1)	92	500
MP|PP755590.1|A/cattle/Texas/24-008749-003/2024(H5N1)	93	500
MP|PP755590.1|A/cattle/Texas/24-008749-003/2024(H5N1)	94	501
MP|PP755590.1|A/cattle/Texas/24-008749-003/2024(H5N1)	95	502
MP|PP755590.1|A/cattle/Texas/24-008749-003/2024(H5N1)	96	509
MP|PP755590.1|A/cattle/Texas/24-008749-003/2024(H5N1)	97	509
MP|PP755590.1|A/cattle/Texas/24-008749-003/2024(H5N1)	98	509
MP|PP755590.1|A/cattle/Texas/24-008749-003/2024(H5N1)	99	509
MP|PP755590.1|A/cattle/Texas/24-008749-003/2024(H5N1)	100	518
MP|PP755590.1|A/cattle/Texas/24-008749-003/2024(H5N1)	101	519
MP|PP755590.1|A/cattle/Texas/24-008749-003/2024(H5N1)	102	526
MP|PP755590.1|A/cattle/Texas/24-008749-003/2024(H5N1)	103	526
MP|PP755590.1|A/cattle/Texas/24-008749-003/2024(H5N1)	104	526
MP|PP755590.1|A/cattle/Texas/24-008749-003/2024(H5N1)	105	531
MP|PP755590.1|A/cattle/Texas/24-008749-003/2024(H5N1)	106	534
MP|PP755590.1|A/cattle/Texas/24-008749-003/2024(H5N1)	107	535
MP|PP755590.1|A/cattle/Texas/24-008749-003/2024(H5N1)	108	536
MP|PP755590.1|A/cattle/Texas/24-008749-003/2024(H5N1)	109	536
MP|PP755590.1|A/cattle/Texas/24-008749-003/2024(H5N1)	110	537
MP|PP755590.1|A/cattle/Texas/24-008749-003/2024(H5N1)	111	537
MP|PP755590.1|A/cattle/Texas/24-008749-003/2024(H5N1)	112	537
MP|PP755590.1|A/cattle/Texas/24-008749-003/2024(H5N1)	113	545
MP|PP755590.1|A/cattle/Texas/24-008749-003/2024(H5N1)	114	545
MP|PP755590.1|A/cattle/Texas/24-008749-003/2024(H5N1)	115	548
MP|PP755590.1|A/cattle/Texas/24-008749-003/2024(H5N1)	116	548
MP|PP755590.1|A/cattle/Texas/24-008749-003/2024(H5N1)	117	548
MP|PP755590.1|A/cattle/Texas/24-008749-003/2024(H5N1)	118	548
MP|PP755590.1|A/cattle/Texas/24-008749-003/2024(H5N1)	119	548
MP|PP755590.1|A/cattle/Texas/24-008749-003/2024(H5N1)	120	549
MP|PP755590.1|A/cattle/Texas/24-008749-003/2024(H5N1)	121	555
MP|PP755590.1|A/cattle/Texas/24-008749-003/2024(H5N1)	122	549
MP|PP755590.1|A/cattle/Texas/24-008749-003/2024(H5N1)	123	552
MP|PP755590.1|A/cattle/Texas/24-008749-003/2024(H5N1)	124	502
MP|PP755590.1|A/cattle/Texas/24-008749-003/2024(H5N1)	125	505
MP|PP755590.1|A/cattle/Texas/24-008749-003/2024(H5N1)	126	473
MP|PP755590.1|A/cattle/Texas/24-008749-003/2024(H5N1)	127	473
MP|PP755590.1|A/cattle/Texas/24-008749-003/2024(H5N1)	128	441
MP|PP755590.1|A/cattle/Texas/24-008749-003/2024(H5N1)	129	440
MP|PP755590.1|A/cattle/Texas/24-008749-003/2024(H5N1)	130	441
MP|PP755590.1|A/cattle/Texas/24-008749-003/2024(H5N1)	131	438
MP|PP755590.1|A/cattle/Texas/24-008749-003/2024(H5N1)	132	459
MP|PP755590.1|A/cattle/Texas/24-008749-003/2024(H5N1)	133	446
MP|PP755590.1|A/cattle/Texas/24-008749-003/2024(H5N1)	134	457
MP|PP755590.1|A/cattle/Texas/24-008749-003/2024(H5N1)	135	459
MP|PP755590.1|A/cattle/Texas/24-008749-003/2024(H5N1)	136	439
MP|PP755590.1|A/cattle/Texas/24-008749-003/2024(H5N1)	137	447
MP|PP755590.1|A/cattle/Texas/24-008749-003/2024(H5N1)	138	448
MP|PP755590.1|A/cattle/Texas/24-008749-003/2024(H5N1)	139	448
MP|PP755590.1|A/cattle/Texas/24-008749-003/2024(H5N1)	140	458
MP|PP755590.1|A/cattle/Texas/24-008749-003/2024(H5N1)	141	457
MP|PP755590.1|A/cattle/Texas/24-008749-003/2024(H5N1)	142	470
MP|PP755590.1|A/cattle/Texas/24-008749-003/2024(H5N1)	143	465
MP|PP755590.1|A/cattle/Texas/24-008749-003/2024(H5N1)	144	457
MP|PP755590.1|A/cattle/Texas/24-008749-003/2024(H5N1)	145	457
MP|PP755590.1|A/cattle/Texas/24-008749-003/2024(H5N1)	146	471
MP|PP755590.1|A/cattle/Texas/24-008749-003/2024(H5N1)	147	479
MP|PP755590.1|A/cattle/Texas/24-008749-003/2024(H5N1)	148	478
MP|PP755590.1|A/cattle/Texas/24-008749-003/2024(H5N1)	149	472
MP|PP755590.1|A/cattle/Texas/24-008749-003/2024(H5N1)	150	472
MP|PP755590.1|A/cattle/Texas/24-008749-003/2024(H5N1)	151	473
MP|PP755590.1|A/cattle/Texas/24-008749-003/2024(H5N1)	152	476
MP|PP755590.1|A/cattle/Texas/24-008749-003/2024(H5N1)	153	483
MP|PP755590.1|A/cattle/Texas/24-008749-003/2024(H5N1)	154	456
MP|PP755590.1|A/cattle/Texas/24-008749-003/2024(H5N1)	155	475
MP|PP755590.1|A/cattle/Texas/24-008749-003/2024(H5N1)	156	476
MP|PP755590.1|A/cattle/Texas/24-008749-003/2024(H5N1)	157	477
MP|PP755590.1|A/cattle/Texas/24-008749-003/2024(H5N1)	158	479
MP|PP755590.1|A/cattle/Texas/24-008749-003/2024(H5N1)	159	481
MP|PP755590.1|A/cattle/Texas/24-008749-003/2024(H5N1)	160	501
MP|PP755590.1|A/cattle/Texas/24-008749-003/2024(H5N1)	161	499
MP|PP755590.1|A/cattle/Texas/24-008749-003/2024(H5N1)	162	504
MP|PP755590.1|A/cattle/Texas/24-008749-003/2024(H5N1)	163	504
MP|PP755590.1|A/cattle/Texas/24-008749-003/2024(H5N1)	164	502
MP|PP755590.1|A/cattle/Texas/24-008749-003/2024(H5N1)	165	508
MP|PP755590.1|A/cattle/Texas/24-008749-003/2024(H5N1)	166	508
MP|PP755590.1|A/cattle/Texas/24-008749-003/2024(H5N1)	167	507
MP|PP755590.1|A/cattle/Texas/24-008749-003/2024(H5N1)	168	507
MP|PP755590.1|A/cattle/Texas/24-008749-003/2024(H5N1)	169	500
MP|PP755590.1|A/cattle/Texas/24-008749-003/2024(H5N1)	170	498
MP|PP755590.1|A/cattle/Texas/24-008749-003/2024(H5N1)	171	498
MP|PP755590.1|A/cattle/Texas/24-008749-003/2024(H5N1)	172	498
MP|PP755590.1|A/cattle/Texas/24-008749-003/2024(H5N1)	173	501
MP|PP755590.1|A/cattle/Texas/24-008749-003/2024(H5N1)	174	499
MP|PP755590.1|A/cattle/Texas/24-008749-003/2024(H5N1)	175	500
MP|PP755590.1|A/cattle/Texas/24-008749-003/2024(H5N1)	176	499
MP|PP755590.1|A/cattle/Texas/24-008749-003/2024(H5N1)	177	495
MP|PP755590.1|A/cattle/Texas/24-008749-003/2024(H5N1)	178	495
MP|PP755590.1|A/cattle/Texas/24-008749-003/2024(H5N1)	179	495
MP|PP755590.1|A/cattle/Texas/24-008749-003/2024(H5N1)	180	495
MP|PP755590.1|A/cattle/Texas/24-008749-003/2024(H5N1)	181	499
MP|PP755590.1|A/cattle/Texas/24-008749-003/2024(H5N1)	182	502
MP|PP755590.1|A/cattle/Texas/24-008749-003/2024(H5N1)	183	502
MP|PP755590.1|A/cattle/Texas/24-008749-003/2024(H5N1)	184	494
MP|PP755590.1|A/cattle/Texas/24-008749-003/2024(H5N1)	185	496
MP|PP755590.1|A/cattle/Texas/24-008749-003/2024(H5N1)	186	495
MP|PP755590.1|A/cattle/Texas/24-008749-003/2024(H5N1)	187	493
MP|PP755590.1|A/cattle/Texas/24-008749-003/2024(H5N1)	188	493
MP|PP755590.1|A/cattle/Texas/24-008749-003/2024(H5N1)	189	476
MP|PP755590.1|A/cattle/Texas/24-008749-003/2024(H5N1)	190	487
MP|PP755590.1|A/cattle/Texas/24-008749-003/2024(H5N1)	191	493
MP|PP755590.1|A/cattle/Texas/24-008749-003/2024(H5N1)	192	497
MP|PP755590.1|A/cattle/Texas/24-008749-003/2024(H5N1)	193	494
MP|PP755590.1|A/cattle/Texas/24-008749-003/2024(H5N1)	194	512
MP|PP755590.1|A/cattle/Texas/24-008749-003/2024(H5N1)	195	512
MP|PP755590.1|A/cattle/Texas/24-008749-003/2024(H5N1)	196	505
MP|PP755590.1|A/cattle/Texas/24-008749-003/2024(H5N1)	197	502
MP|PP755590.1|A/cattle/Texas/24-008749-003/2024(H5N1)	198	512
MP|PP755590.1|A/cattle/Texas/24-008749-003/2024(H5N1)	199	516
MP|PP755590.1|A/cattle/Texas/24-008749-003/2024(H5N1)	200	518
MP|PP755590.1|A/cattle/Texas/24-008749-003/2024(H5N1)	201	520
MP|PP755590.1|A/cattle/Texas/24-008749-003/2024(H5N1)	202	520
MP|PP755590.1|A/cattle/Texas/24-008749-003/2024(H5N1)	203	515
MP|PP755590.1|A/cattle/Texas/24-008749-003/2024(H5N1)	204	515
MP|PP755590.1|A/cattle/Texas/24-008749-003/2024(H5N1)	205	518
MP|PP755590.1|A/cattle/Texas/24-008749-003/2024(H5N1)	206	518
MP|PP755590.1|A/cattle/Texas/24-008749-003/2024(H5N1)	207	502
MP|PP755590.1|A/cattle/Texas/24-008749-003/2024(H5N1)	208	502
MP|PP755590.1|A/cattle/Texas/24-008749-003/2024(H5N1)	209	501
MP|PP755590.1|A/cattle/Texas/24-008749-003/2024(H5N1)	210	525
MP|PP755590.1|A/cattle/Texas/24-008749-003/2024(H5N1)	211	528
MP|PP755590.1|A/cattle/Texas/24-008749-003/2024(H5N1)	212	541
MP|PP755590.1|A/cattle/Texas/24-008749-003/2024(H5N1)	213	541
MP|PP755590.1|A/cattle/Texas/24-008749-003/2024(H5N1)	214	542
MP|PP755590.1|A/cattle/Texas/24-008749-003/2024(H5N1)	215	544
MP|PP755590.1|A/cattle/Texas/24-008749-003/2024(H5N1)	216	544
MP|PP755590.1|A/cattle/Texas/24-008749-003/2024(H5N1)	217	553
MP|PP755590.1|A/cattle/Texas/24-008749-003/2024(H5N1)	218	555
MP|PP755590.1|A/cattle/Texas/24-008749-003/2024(H5N1)	219	551
MP|PP755590.1|A/cattle/Texas/24-008749-003/2024(H5N1)	220	572
MP|PP755590.1|A/cattle/Texas/24-008749-003/2024(H5N1)	221	563
MP|PP755590.1|A/cattle/Texas/24-008749-003/2024(H5N1)	222	563
MP|PP755590.1|A/cattle/Texas/24-008749-003/2024(H5N1)	223	562
MP|PP755590.1|A/cattle/Texas/24-008749-003/2024(H5N1)	224	561
MP|PP755590.1|A/cattle/Texas/24-008749-003/2024(H5N1)	225	572
MP|PP755590.1|A/cattle/Texas/24-008749-003/2024(H5N1)	226	567
MP|PP755590.1|A/cattle/Texas/24-008749-003/2024(H5N1)	227	567
MP|PP755590.1|A/cattle/Texas/24-008749-003/2024(H5N1)	228	570
MP|PP755590.1|A/cattle/Texas/24-008749-003/2024(H5N1)	229	553
MP|PP755590.1|A/cattle/Texas/24-008749-003/2024(H5N1)	230	553
MP|PP755590.1|A/cattle/Texas/24-008749-003/2024(H5N1)	231	518
MP|PP755590.1|A/cattle/Texas/24-008749-003/2024(H5N1)	232	513
MP|PP755590.1|A/cattle/Texas/24-008749-003/2024(H5N1)	233	513
MP|PP755590.1|A/cattle/Texas/24-008749-003/2024(H5N1)	234	505
MP|PP755590.1|A/cattle/Texas/24-008749-003/2024(H5N1)	235	511
MP|PP755590.1|A/cattle/Texas/24-008749-003/2024(H5N1)	236	517
MP|PP755590.1|A/cattle/Texas/24-008749-003/2024(H5N1)	237	517
MP|PP755590.1|A/cattle/Texas/24-008749-003/2024(H5N1)	238	535
MP|PP755590.1|A/cattle/Texas/24-008749-003/2024(H5N1)	239	541
MP|PP755590.1|A/cattle/Texas/24-008749-003/2024(H5N1)	240	537
MP|PP755590.1|A/cattle/Texas/24-008749-003/2024(H5N1)	241	533
MP|PP755590.1|A/cattle/Texas/24-008749-003/2024(H5N1)	242	529
MP|PP755590.1|A/cattle/Texas/24-008749-003/2024(H5N1)	243	528
MP|PP755590.1|A/cattle/Texas/24-008749-003/2024(H5N1)	244	532
MP|PP755590.1|A/cattle/Texas/24-008749-003/2024(H5N1)	245	525
MP|PP755590.1|A/cattle/Texas/24-008749-003/2024(H5N1)	246	542
MP|PP755590.1|A/cattle/Texas/24-008749-003/2024(H5N1)	247	535
MP|PP755590.1|A/cattle/Texas/24-008749-003/2024(H5N1)	248	535
MP|PP755590.1|A/cattle/Texas/24-008749-003/2024(H5N1)	249	546
MP|PP755590.1|A/cattle/Texas/24-008749-003/2024(H5N1)	250	546
MP|PP755590.1|A/cattle/Texas/24-008749-003/2024(H5N1)	251	545
MP|PP755590.1|A/cattle/Texas/24-008749-003/2024(H5N1)	252	549
MP|PP755590.1|A/cattle/Texas/24-008749-003/2024(H5N1)	253	542
MP|PP755590.1|A/cattle/Texas/24-008749-003/2024(H5N1)	254	552
MP|PP755590.1|A/cattle/Texas/24-008749-003/2024(H5N1)	255	555
MP|PP755590.1|A/cattle/Texas/24-008749-003/2024(H5N1)	256	550
MP|PP755590.1|A/cattle/Texas/24-008749-003/2024(H5N1)	257	555
MP|PP755590.1|A/cattle/Texas/24-008749-003/2024(H5N1)	258	554
MP|PP755590.1|A/cattle/Texas/24-008749-003/2024(H5N1)	259	560
MP|PP755590.1|A/cattle/Texas/24-008749-003/2024(H5N1)	260	561
MP|PP755590.1|A/cattle/Texas/24-008749-003/2024(H5N1)	261	560
MP|PP755590.1|A/cattle/Texas/24-008749-003/2024(H5N1)	262	560
MP|PP755590.1|A/cattle/Texas/24-008749-003/2024(H5N1)	263	564
MP|PP755590.1|A/cattle/Texas/24-008749-003/2024(H5N1)	264	554
MP|PP755590.1|A/cattle/Texas/24-008749-003/2024(H5N1)	265	558
MP|PP755590.1|A/cattle/Texas/24-008749-003/2024(H5N1)	266	556
MP|PP755590.1|A/cattle/Texas/24-008749-003/2024(H5N1)	267	557
MP|PP755590.1|A/cattle/Texas/24-008749-003/2024(H5N1)	268	557
MP|PP755590.1|A/cattle/Texas/24-008749-003/2024(H5N1)	269	558
MP|PP755590.1|A/cattle/Texas/24-008749-003/2024(H5N1)	270	558
MP|PP755590.1|A/cattle/Texas/24-008749-003/2024(H5N1)	271	557
MP|PP755590.1|A/cattle/Texas/24-008749-003/2024(H5N1)	272	553
MP|PP755590.1|A/cattle/Texas/24-008749-003/2024(H5N1)	273	566
MP|PP755590.1|A/cattle/Texas/24-008749-003/2024(H5N1)	274	572
MP|PP755590.1|A/cattle/Texas/24-008749-003/2024(H5N1)	275	559
MP|PP755590.1|A/cattle/Texas/24-008749-003/2024(H5N1)	276	558
MP|PP755590.1|A/cattle/Texas/24-008749-003/2024(H5N1)	277	557
MP|PP755590.1|A/cattle/Texas/24-008749-003/2024(H5N1)	278	557
MP|PP755590.1|A/cattle/Texas/24-008749-003/2024(H5N1)	279	571
MP|PP755590.1|A/cattle/Texas/24-008749-003/2024(H5N1)	280	571
MP|PP755590.1|A/cattle/Texas/24-008749-003/2024(H5N1)	281	570
MP|PP755590.1|A/cattle/Texas/24-008749-003/2024(H5N1)	282	570
MP|PP755590.1|A/cattle/Texas/24-008749-003/2024(H5N1)	283	549
MP|PP755590.1|A/cattle/Texas/24-008749-003/2024(H5N1)	284	552
MP|PP755590.1|A/cattle/Texas/24-008749-003/2024(H5N1)	285	543
MP|PP755590.1|A/cattle/Texas/24-008749-003/2024(H5N1)	286	537
MP|PP755590.1|A/cattle/Texas/24-008749-003/2024(H5N1)	287	541
MP|PP755590.1|A/cattle/Texas/24-008749-003/2024(H5N1)	288	532
MP|PP755590.1|A/cattle/Texas/24-008749-003/2024(H5N1)	289	535
MP|PP755590.1|A/cattle/Texas/24-008749-003/2024(H5N1)	290	535
MP|PP755590.1|A/cattle/Texas/24-008749-003/2024(H5N1)	291	522
MP|PP755590.1|A/cattle/Texas/24-008749-003/2024(H5N1)	292	519
MP|PP755590.1|A/cattle/Texas/24-008749-003/2024(H5N1)	293	509
MP|PP755590.1|A/cattle/Texas/24-008749-003/2024(H5N1)	294	500
MP|PP755590.1|A/cattle/Texas/24-008749-003/2024(H5N1)	295	488
MP|PP755590.1|A/cattle/Texas/24-008749-003/2024(H5N1)	296	545
MP|PP755590.1|A/cattle/Texas/24-008749-003/2024(H5N1)	297	567
MP|PP755590.1|A/cattle/Texas/24-008749-003/2024(H5N1)	298	574
MP|PP755590.1|A/cattle/Texas/24-008749-003/2024(H5N1)	299	574
MP|PP755590.1|A/cattle/Texas/24-008749-003/2024(H5N1)	300	574
MP|PP755590.1|A/cattle/Texas/24-008749-003/2024(H5N1)	301	573
MP|PP755590.1|A/cattle/Texas/24-008749-003/2024(H5N1)	302	570
MP|PP755590.1|A/cattle/Texas/24-008749-003/2024(H5N1)	303	582
MP|PP755590.1|A/cattle/Texas/24-008749-003/2024(H5N1)	304	575
MP|PP755590.1|A/cattle/Texas/24-008749-003/2024(H5N1)	305	573
MP|PP755590.1|A/cattle/Texas/24-008749-003/2024(H5N1)	306	552
MP|PP755590.1|A/cattle/Texas/24-008749-003/2024(H5N1)	307	570
MP|PP755590.1|A/cattle/Texas/24-008749-003/2024(H5N1)	308	569
MP|PP755590.1|A/cattle/Texas/24-008749-003/2024(H5N1)	309	568
MP|PP755590.1|A/cattle/Texas/24-008749-003/2024(H5N1)	310	566
MP|PP755590.1|A/cattle/Texas/24-008749-003/2024(H5N1)	311	544
MP|PP755590.1|A/cattle/Texas/24-008749-003/2024(H5N1)	312	547
MP|PP755590.1|A/cattle/Texas/24-008749-003/2024(H5N1)	313	543
MP|PP755590.1|A/cattle/Texas/24-008749-003/2024(H5N1)	314	549
MP|PP755590.1|A/cattle/Texas/24-008749-003/2024(H5N1)	315	548
MP|PP755590.1|A/cattle/Texas/24-008749-003/2024(H5N1)	316	546
MP|PP755590.1|A/cattle/Texas/24-008749-003/2024(H5N1)	317	554
MP|PP755590.1|A/cattle/Texas/24-008749-003/2024(H5N1)	318	560
MP|PP755590.1|A/cattle/Texas/24-008749-003/2024(H5N1)	319	563
MP|PP755590.1|A/cattle/Texas/24-008749-003/2024(H5N1)	320	562
MP|PP755590.1|A/cattle/Texas/24-008749-003/2024(H5N1)	321	560
MP|PP755590.1|A/cattle/Texas/24-008749-003/2024(H5N1)	322	566
MP|PP755590.1|A/cattle/Texas/24-008749-003/2024(H5N1)	323	567
MP|PP755590.1|A/cattle/Texas/24-008749-003/2024(H5N1)	324	563
MP|PP755590.1|A/cattle/Texas/24-008749-003/2024(H5N1)	325	566
MP|PP755590.1|A/cattle/Texas/24-008749-003/2024(H5N1)	326	565
MP|PP755590.1|A/cattle/Texas/24-008749-003/2024(H5N1)	327	570
MP|PP755590.1|A/cattle/Texas/24-008749-003/2024(H5N1)	328	567
MP|PP755590.1|A/cattle/Texas/24-008749-003/2024(H5N1)	329	567
MP|PP755590.1|A/cattle/Texas/24-008749-003/2024(H5N1)	330	568
MP|PP755590.1|A/cattle/Texas/24-008749-003/2024(H5N1)	331	566
MP|PP755590.1|A/cattle/Texas/24-008749-003/2024(H5N1)	332	561
MP|PP755590.1|A/cattle/Texas/24-008749-003/2024(H5N1)	333	576
MP|PP755590.1|A/cattle/Texas/24-008749-003/2024(H5N1)	334	576
MP|PP755590.1|A/cattle/Texas/24-008749-003/2024(H5N1)	335	576
MP|PP755590.1|A/cattle/Texas/24-008749-003/2024(H5N1)	336	573
MP|PP755590.1|A/cattle/Texas/24-008749-003/2024(H5N1)	337	576
MP|PP755590.1|A/cattle/Texas/24-008749-003/2024(H5N1)	338	574
MP|PP755590.1|A/cattle/Texas/24-008749-003/2024(H5N1)	339	574
MP|PP755590.1|A/cattle/Texas/24-008749-003/2024(H5N1)	340	572
MP|PP755590.1|A/cattle/Texas/24-008749-003/2024(H5N1)	341	563
MP|PP755590.1|A/cattle/Texas/24-008749-003/2024(H5N1)	342	555
MP|PP755590.1|A/cattle/Texas/24-008749-003/2024(H5N1)	343	552
MP|PP755590.1|A/cattle/Texas/24-008749-003/2024(H5N1)	344	559
MP|PP755590.1|A/cattle/Texas/24-008749-003/2024(H5N1)	345	543
MP|PP755590.1|A/cattle/Texas/24-008749-003/2024(H5N1)	346	543
MP|PP755590.1|A/cattle/Texas/24-008749-003/2024(H5N1)	347	546
MP|PP755590.1|A/cattle/Texas/24-008749-003/2024(H5N1)	348	547
MP|PP755590.1|A/cattle/Texas/24-008749-003/2024(H5N1)	349	547
MP|PP755590.1|A/cattle/Texas/24-008749-003/2024(H5N1)	350	543
MP|PP755590.1|A/cattle/Texas/24-008749-003/2024(H5N1)	351	567
MP|PP755590.1|A/cattle/Texas/24-008749-003/2024(H5N1)	352	564
MP|PP755590.1|A/cattle/Texas/24-008749-003/2024(H5N1)	353	571
MP|PP755590.1|A/cattle/Texas/24-008749-003/2024(H5N1)	354	576
MP|PP755590.1|A/cattle/Texas/24-008749-003/2024(H5N1)	355	578
MP|PP755590.1|A/cattle/Texas/24-008749-003/2024(H5N1)	356	578
MP|PP755590.1|A/cattle/Texas/24-008749-003/2024(H5N1)	357	574
MP|PP755590.1|A/cattle/Texas/24-008749-003/2024(H5N1)	358	565
MP|PP755590.1|A/cattle/Texas/24-008749-003/2024(H5N1)	359	566
MP|PP755590.1|A/cattle/Texas/24-008749-003/2024(H5N1)	360	553
MP|PP755590.1|A/cattle/Texas/24-008749-003/2024(H5N1)	361	556
MP|PP755590.1|A/cattle/Texas/24-008749-003/2024(H5N1)	362	545
MP|PP755590.1|A/cattle/Texas/24-008749-003/2024(H5N1)	363	535
MP|PP755590.1|A/cattle/Texas/24-008749-003/2024(H5N1)	364	531
MP|PP755590.1|A/cattle/Texas/24-008749-003/2024(H5N1)	365	533
MP|PP755590.1|A/cattle/Texas/24-008749-003/2024(H5N1)	366	532
MP|PP755590.1|A/cattle/Texas/24-008749-003/2024(H5N1)	367	532
MP|PP755590.1|A/cattle/Texas/24-008749-003/2024(H5N1)	368	525
MP|PP755590.1|A/cattle/Texas/24-008749-003/2024(H5N1)	369	529
MP|PP755590.1|A/cattle/Texas/24-008749-003/2024(H5N1)	370	518
MP|PP755590.1|A/cattle/Texas/24-008749-003/2024(H5N1)	371	506
MP|PP755590.1|A/cattle/Texas/24-008749-003/2024(H5N1)	372	511
MP|PP755590.1|A/cattle/Texas/24-008749-003/2024(H5N1)	373	511
MP|PP755590.1|A/cattle/Texas/24-008749-003/2024(H5N1)	374	510
MP|PP755590.1|A/cattle/Texas/24-008749-003/2024(H5N1)	375	500
MP|PP755590.1|A/cattle/Texas/24-008749-003/2024(H5N1)	376	500
MP|PP755590.1|A/cattle/Texas/24-008749-003/2024(H5N1)	377	517
MP|PP755590.1|A/cattle/Texas/24-008749-003/2024(H5N1)	378	524
MP|PP755590.1|A/cattle/Texas/24-008749-003/2024(H5N1)	379	517
MP|PP755590.1|A/cattle/Texas/24-008749-003/2024(H5N1)	380	525
MP|PP755590.1|A/cattle/Texas/24-008749-003/2024(H5N1)	381	519
MP|PP755590.1|A/cattle/Texas/24-008749-003/2024(H5N1)	382	519
MP|PP755590.1|A/cattle/Texas/24-008749-003/2024(H5N1)	383	519
MP|PP755590.1|A/cattle/Texas/24-008749-003/2024(H5N1)	384	517
MP|PP755590.1|A/cattle/Texas/24-008749-003/2024(H5N1)	385	522
MP|PP755590.1|A/cattle/Texas/24-008749-003/2024(H5N1)	386	519
MP|PP755590.1|A/cattle/Texas/24-008749-003/2024(H5N1)	387	517
MP|PP755590.1|A/cattle/Texas/24-008749-003/2024(H5N1)	388	525
MP|PP755590.1|A/cattle/Texas/24-008749-003/2024(H5N1)	389	519
MP|PP755590.1|A/cattle/Texas/24-008749-003/2024(H5N1)	390	525
MP|PP755590.1|A/cattle/Texas/24-008749-003/2024(H5N1)	391	543
MP|PP755590.1|A/cattle/Texas/24-008749-003/2024(H5N1)	392	543
MP|PP755590.1|A/cattle/Texas/24-008749-003/2024(H5N1)	393	545
MP|PP755590.1|A/cattle/Texas/24-008749-003/2024(H5N1)	394	544
MP|PP755590.1|A/cattle/Texas/24-008749-003/2024(H5N1)	395	540
MP|PP755590.1|A/cattle/Texas/24-008749-003/2024(H5N1)	396	579
MP|PP755590.1|A/cattle/Texas/24-008749-003/2024(H5N1)	397	560
MP|PP755590.1|A/cattle/Texas/24-008749-003/2024(H5N1)	398	561
MP|PP755590.1|A/cattle/Texas/24-008749-003/2024(H5N1)	399	561
MP|PP755590.1|A/cattle/Texas/24-008749-003/2024(H5N1)	400	548
MP|PP755590.1|A/cattle/Texas/24-008749-003/2024(H5N1)	401	554
MP|PP755590.1|A/cattle/Texas/24-008749-003/2024(H5N1)	402	561
MP|PP755590.1|A/cattle/Texas/24-008749-003/2024(H5N1)	403	560
MP|PP755590.1|A/cattle/Texas/24-008749-003/2024(H5N1)	404	564
MP|PP755590.1|A/cattle/Texas/24-008749-003/2024(H5N1)	405	554
MP|PP755590.1|A/cattle/Texas/24-008749-003/2024(H5N1)	406	554
MP|PP755590.1|A/cattle/Texas/24-008749-003/2024(H5N1)	407	582
MP|PP755590.1|A/cattle/Texas/24-008749-003/2024(H5N1)	408	582
MP|PP755590.1|A/cattle/Texas/24-008749-003/2024(H5N1)	409	585
MP|PP755590.1|A/cattle/Texas/24-008749-003/2024(H5N1)	410	578
MP|PP755590.1|A/cattle/Texas/24-008749-003/2024(H5N1)	411	579
MP|PP755590.1|A/cattle/Texas/24-008749-003/2024(H5N1)	412	579
MP|PP755590.1|A/cattle/Texas/24-008749-003/2024(H5N1)	413	597
MP|PP755590.1|A/cattle/Texas/24-008749-003/2024(H5N1)	414	597
MP|PP755590.1|A/cattle/Texas/24-008749-003/2024(H5N1)	415	597
MP|PP755590.1|A/cattle/Texas/24-008749-003/2024(H5N1)	416	601
MP|PP755590.1|A/cattle/Texas/24-008749-003/2024(H5N1)	417	600
MP|PP755590.1|A/cattle/Texas/24-008749-003/2024(H5N1)	418	600
MP|PP755590.1|A/cattle/Texas/24-008749-003/2024(H5N1)	419	602
MP|PP755590.1|A/cattle/Texas/24-008749-003/2024(H5N1)	420	601
MP|PP755590.1|A/cattle/Texas/24-008749-003/2024(H5N1)	421	604
MP|PP755590.1|A/cattle/Texas/24-008749-003/2024(H5N1)	422	622
MP|PP755590.1|A/cattle/Texas/24-008749-003/2024(H5N1)	423	621
MP|PP755590.1|A/cattle/Texas/24-008749-003/2024(H5N1)	424	611
MP|PP755590.1|A/cattle/Texas/24-008749-003/2024(H5N1)	425	602
MP|PP755590.1|A/cattle/Texas/24-008749-003/2024(H5N1)	426	601
MP|PP755590.1|A/cattle/Texas/24-008749-003/2024(H5N1)	427	613
MP|PP755590.1|A/cattle/Texas/24-008749-003/2024(H5N1)	428	613
MP|PP755590.1|A/cattle/Texas/24-008749-003/2024(H5N1)	429	615
MP|PP755590.1|A/cattle/Texas/24-008749-003/2024(H5N1)	430	600
MP|PP755590.1|A/cattle/Texas/24-008749-003/2024(H5N1)	431	600
MP|PP755590.1|A/cattle/Texas/24-008749-003/2024(H5N1)	432	601
MP|PP755590.1|A/cattle/Texas/24-008749-003/2024(H5N1)	433	646
MP|PP755590.1|A/cattle/Texas/24-008749-003/2024(H5N1)	434	658
MP|PP755590.1|A/cattle/Texas/24-008749-003/2024(H5N1)	435	654
MP|PP755590.1|A/cattle/Texas/24-008749-003/2024(H5N1)	436	644
MP|PP755590.1|A/cattle/Texas/24-008749-003/2024(H5N1)	437	643
MP|PP755590.1|A/cattle/Texas/24-008749-003/2024(H5N1)	438	648
MP|PP755590.1|A/cattle/Texas/24-008749-003/2024(H5N1)	439	652
MP|PP755590.1|A/cattle/Texas/24-008749-003/2024(H5N1)	440	652
MP|PP755590.1|A/cattle/Texas/24-008749-003/2024(H5N1)	441	657
MP|PP755590.1|A/cattle/Texas/24-008749-003/2024(H5N1)	442	610
MP|PP755590.1|A/cattle/Texas/24-008749-003/2024(H5N1)	443	610
MP|PP755590.1|A/cattle/Texas/24-008749-003/2024(H5N1)	444	619
MP|PP755590.1|A/cattle/Texas/24-008749-003/2024(H5N1)	445	619
MP|PP755590.1|A/cattle/Texas/24-008749-003/2024(H5N1)	446	621
MP|PP755590.1|A/cattle/Texas/24-008749-003/2024(H5N1)	447	597
MP|PP755590.1|A/cattle/Texas/24-008749-003/2024(H5N1)	448	590
MP|PP755590.1|A/cattle/Texas/24-008749-003/2024(H5N1)	449	604
MP|PP755590.1|A/cattle/Texas/24-008749-003/2024(H5N1)	450	599
MP|PP755590.1|A/cattle/Texas/24-008749-003/2024(H5N1)	451	585
MP|PP755590.1|A/cattle/Texas/24-008749-003/2024(H5N1)	452	586
MP|PP755590.1|A/cattle/Texas/24-008749-003/2024(H5N1)	453	583
MP|PP755590.1|A/cattle/Texas/24-008749-003/2024(H5N1)	454	583
MP|PP755590.1|A/cattle/Texas/24-008749-003/2024(H5N1)	455	581
MP|PP755590.1|A/cattle/Texas/24-008749-003/2024(H5N1)	456	583
MP|PP755590.1|A/cattle/Texas/24-008749-003/2024(H5N1)	457	582
MP|PP755590.1|A/cattle/Texas/24-008749-003/2024(H5N1)	458	563
MP|PP755590.1|A/cattle/Texas/24-008749-003/2024(H5N1)	459	565
MP|PP755590.1|A/cattle/Texas/24-008749-003/2024(H5N1)	460	566
MP|PP755590.1|A/cattle/Texas/24-008749-003/2024(H5N1)	461	568
MP|PP755590.1|A/cattle/Texas/24-008749-003/2024(H5N1)	462	576
MP|PP755590.1|A/cattle/Texas/24-008749-003/2024(H5N1)	463	576
MP|PP755590.1|A/cattle/Texas/24-008749-003/2024(H5N1)	464	580
MP|PP755590.1|A/cattle/Texas/24-008749-003/2024(H5N1)	465	579
MP|PP755590.1|A/cattle/Texas/24-008749-003/2024(H5N1)	466	582
MP|PP755590.1|A/cattle/Texas/24-008749-003/2024(H5N1)	467	583
MP|PP755590.1|A/cattle/Texas/24-008749-003/2024(H5N1)	468	578
MP|PP755590.1|A/cattle/Texas/24-008749-003/2024(H5N1)	469	573
MP|PP755590.1|A/cattle/Texas/24-008749-003/2024(H5N1)	470	573
MP|PP755590.1|A/cattle/Texas/24-008749-003/2024(H5N1)	471	573
MP|PP755590.1|A/cattle/Texas/24-008749-003/2024(H5N1)	472	573
MP|PP755590.1|A/cattle/Texas/24-008749-003/2024(H5N1)	473	568
MP|PP755590.1|A/cattle/Texas/24-008749-003/2024(H5N1)	474	569
MP|PP755590.1|A/cattle/Texas/24-008749-003/2024(H5N1)	475	574
MP|PP755590.1|A/cattle/Texas/24-008749-003/2024(H5N1)	476	573
MP|PP755590.1|A/cattle/Texas/24-008749-003/2024(H5N1)	477	583
MP|PP755590.1|A/cattle/Texas/24-008749-003/2024(H5N1)	478	578
MP|PP755590.1|A/cattle/Texas/24-008749-003/2024(H5N1)	479	578
MP|PP755590.1|A/cattle/Texas/24-008749-003/2024(H5N1)	480	582
MP|PP755590.1|A/cattle/Texas/24-008749-003/2024(H5N1)	481	584
MP|PP755590.1|A/cattle/Texas/24-008749-003/2024(H5N1)	482	589
MP|PP755590.1|A/cattle/Texas/24-008749-003/2024(H5N1)	483	581
MP|PP755590.1|A/cattle/Texas/24-008749-003/2024(H5N1)	484	587
MP|PP755590.1|A/cattle/Texas/24-008749-003/2024(H5N1)	485	587
MP|PP755590.1|A/cattle/Texas/24-008749-003/2024(H5N1)	486	590
MP|PP755590.1|A/cattle/Texas/24-008749-003/2024(H5N1)	487	589
MP|PP755590.1|A/cattle/Texas/24-008749-003/2024(H5N1)	488	592
MP|PP755590.1|A/cattle/Texas/24-008749-003/2024(H5N1)	489	602
MP|PP755590.1|A/cattle/Texas/24-008749-003/2024(H5N1)	490	606
MP|PP755590.1|A/cattle/Texas/24-008749-003/2024(H5N1)	491	600
MP|PP755590.1|A/cattle/Texas/24-008749-003/2024(H5N1)	492	603
MP|PP755590.1|A/cattle/Texas/24-008749-003/2024(H5N1)	493	603
MP|PP755590.1|A/cattle/Texas/24-008749-003/2024(H5N1)	494	603
MP|PP755590.1|A/cattle/Texas/24-008749-003/2024(H5N1)	495	601
MP|PP755590.1|A/cattle/Texas/24-008749-003/2024(H5N1)	496	602
MP|PP755590.1|A/cattle/Texas/24-008749-003/2024(H5N1)	497	604
MP|PP755590.1|A/cattle/Texas/24-008749-003/2024(H5N1)	498	607
MP|PP755590.1|A/cattle/Texas/24-008749-003/2024(H5N1)	499	606
MP|PP755590.1|A/cattle/Texas/24-008749-003/2024(H5N1)	500	600
MP|PP755590.1|A/cattle/Texas/24-008749-003/2024(H5N1)	501	580
MP|PP755590.1|A/cattle/Texas/24-008749-003/2024(H5N1)	502	580
MP|PP755590.1|A/cattle/Texas/24-008749-003/2024(H5N1)	503	589
MP|PP755590.1|A/cattle/Texas/24-008749-003/2024(H5N1)	504	590
MP|PP755590.1|A/cattle/Texas/24-008749-003/2024(H5N1)	505	587
MP|PP755590.1|A/cattle/Texas/24-008749-003/2024(H5N1)	506	586
MP|PP755590.1|A/cattle/Texas/24-008749-003/2024(H5N1)	507	585
MP|PP755590.1|A/cattle/Texas/24-008749-003/2024(H5N1)	508	586
MP|PP755590.1|A/cattle/Texas/24-008749-003/2024(H5N1)	509	592
MP|PP755590.1|A/cattle/Texas/24-008749-003/2024(H5N1)	510	592
MP|PP755590.1|A/cattle/Texas/24-008749-003/2024(H5N1)	511	602
MP|PP755590.1|A/cattle/Texas/24-008749-003/2024(H5N1)	512	608
MP|PP755590.1|A/cattle/Texas/24-008749-003/2024(H5N1)	513	606
MP|PP755590.1|A/cattle/Texas/24-008749-003/2024(H5N1)	514	609
MP|PP755590.1|A/cattle/Texas/24-008749-003/2024(H5N1)	515	609
MP|PP755590.1|A/cattle/Texas/24-008749-003/2024(H5N1)	516	614
MP|PP755590.1|A/cattle/Texas/24-008749-003/2024(H5N1)	517	616
MP|PP755590.1|A/cattle/Texas/24-008749-003/2024(H5N1)	518	612
MP|PP755590.1|A/cattle/Texas/24-008749-003/2024(H5N1)	519	612
MP|PP755590.1|A/cattle/Texas/24-008749-003/2024(H5N1)	520	606
MP|PP755590.1|A/cattle/Texas/24-008749-003/2024(H5N1)	521	581
MP|PP755590.1|A/cattle/Texas/24-008749-003/2024(H5N1)	522	591
MP|PP755590.1|A/cattle/Texas/24-008749-003/2024(H5N1)	523	594
MP|PP755590.1|A/cattle/Texas/24-008749-003/2024(H5N1)	524	605
MP|PP755590.1|A/cattle/Texas/24-008749-003/2024(H5N1)	525	606
MP|PP755590.1|A/cattle/Texas/24-008749-003/2024(H5N1)	526	606
MP|PP755590.1|A/cattle/Texas/24-008749-003/2024(H5N1)	527	605
MP|PP755590.1|A/cattle/Texas/24-008749-003/2024(H5N1)	528	592
MP|PP755590.1|A/cattle/Texas/24-008749-003/2024(H5N1)	529	586
MP|PP755590.1|A/cattle/Texas/24-008749-003/2024(H5N1)	530	588
MP|PP755590.1|A/cattle/Texas/24-008749-003/2024(H5N1)	531	580
MP|PP755590.1|A/cattle/Texas/24-008749-003/2024(H5N1)	532	577
MP|PP755590.1|A/cattle/Texas/24-008749-003/2024(H5N1)	533	585
MP|PP755590.1|A/cattle/Texas/24-008749-003/2024(H5N1)	534	609
MP|PP755590.1|A/cattle/Texas/24-008749-003/2024(H5N1)	535	618
MP|PP755590.1|A/cattle/Texas/24-008749-003/2024(H5N1)	536	613
MP|PP755590.1|A/cattle/Texas/24-008749-003/2024(H5N1)	537	603
MP|PP755590.1|A/cattle/Texas/24-008749-003/2024(H5N1)	538	626
MP|PP755590.1|A/cattle/Texas/24-008749-003/2024(H5N1)	539	606
MP|PP755590.1|A/cattle/Texas/24-008749-003/2024(H5N1)	540	607
MP|PP755590.1|A/cattle/Texas/24-008749-003/2024(H5N1)	541	611
MP|PP755590.1|A/cattle/Texas/24-008749-003/2024(H5N1)	542	597
MP|PP755590.1|A/cattle/Texas/24-008749-003/2024(H5N1)	543	610
MP|PP755590.1|A/cattle/Texas/24-008749-003/2024(H5N1)	544	647
MP|PP755590.1|A/cattle/Texas/24-008749-003/2024(H5N1)	545	650
MP|PP755590.1|A/cattle/Texas/24-008749-003/2024(H5N1)	546	641
MP|PP755590.1|A/cattle/Texas/24-008749-003/2024(H5N1)	547	610
MP|PP755590.1|A/cattle/Texas/24-008749-003/2024(H5N1)	548	651
MP|PP755590.1|A/cattle/Texas/24-008749-003/2024(H5N1)	549	654
MP|PP755590.1|A/cattle/Texas/24-008749-003/2024(H5N1)	550	655
MP|PP755590.1|A/cattle/Texas/24-008749-003/2024(H5N1)	551	654
MP|PP755590.1|A/cattle/Texas/24-008749-003/2024(H5N1)	552	643
MP|PP755590.1|A/cattle/Texas/24-008749-003/2024(H5N1)	553	643
MP|PP755590.1|A/cattle/Texas/24-008749-003/2024(H5N1)	554	647
MP|PP755590.1|A/cattle/Texas/24-008749-003/2024(H5N1)	555	653
MP|PP755590.1|A/cattle/Texas/24-008749-003/2024(H5N1)	556	658
MP|PP755590.1|A/cattle/Texas/24-008749-003/2024(H5N1)	557	632
MP|PP755590.1|A/cattle/Texas/24-008749-003/2024(H5N1)	558	631
MP|PP755590.1|A/cattle/Texas/24-008749-003/2024(H5N1)	559	630
MP|PP755590.1|A/cattle/Texas/24-008749-003/2024(H5N1)	560	631
MP|PP755590.1|A/cattle/Texas/24-008749-003/2024(H5N1)	561	639
MP|PP755590.1|A/cattle/Texas/24-008749-003/2024(H5N1)	562	640
MP|PP755590.1|A/cattle/Texas/24-008749-003/2024(H5N1)	563	642
MP|PP755590.1|A/cattle/Texas/24-008749-003/2024(H5N1)	564	622
MP|PP755590.1|A/cattle/Texas/24-008749-003/2024(H5N1)	565	623
MP|PP755590.1|A/cattle/Texas/24-008749-003/2024(H5N1)	566	624
MP|PP755590.1|A/cattle/Texas/24-008749-003/2024(H5N1)	567	618
MP|PP755590.1|A/cattle/Texas/24-008749-003/2024(H5N1)	568	626
MP|PP755590.1|A/cattle/Texas/24-008749-003/2024(H5N1)	569	625
MP|PP755590.1|A/cattle/Texas/24-008749-003/2024(H5N1)	570	618
MP|PP755590.1|A/cattle/Texas/24-008749-003/2024(H5N1)	571	618
MP|PP755590.1|A/cattle/Texas/24-008749-003/2024(H5N1)	572	607
MP|PP755590.1|A/cattle/Texas/24-008749-003/2024(H5N1)	573	606
MP|PP755590.1|A/cattle/Texas/24-008749-003/2024(H5N1)	574	613
MP|PP755590.1|A/cattle/Texas/24-008749-003/2024(H5N1)	575	628
MP|PP755590.1|A/cattle/Texas/24-008749-003/2024(H5N1)	576	628
MP|PP755590.1|A/cattle/Texas/24-008749-003/2024(H5N1)	577	627
MP|PP755590.1|A/cattle/Texas/24-008749-003/2024(H5N1)	578	623
MP|PP755590.1|A/cattle/Texas/24-008749-003/2024(H5N1)	579	621
MP|PP755590.1|A/cattle/Texas/24-008749-003/2024(H5N1)	580	620
MP|PP755590.1|A/cattle/Texas/24-008749-003/2024(H5N1)	581	623
MP|PP755590.1|A/cattle/Texas/24-008749-003/2024(H5N1)	582	623
MP|PP755590.1|A/cattle/Texas/24-008749-003/2024(H5N1)	583	622
MP|PP755590.1|A/cattle/Texas/24-008749-003/2024(H5N1)	584	579
MP|PP755590.1|A/cattle/Texas/24-008749-003/2024(H5N1)	585	579
MP|PP755590.1|A/cattle/Texas/24-008749-003/2024(H5N1)	586	582
MP|PP755590.1|A/cattle/Texas/24-008749-003/2024(H5N1)	587	583
MP|PP755590.1|A/cattle/Texas/24-008749-003/2024(H5N1)	588	585
MP|PP755590.1|A/cattle/Texas/24-008749-003/2024(H5N1)	589	579
MP|PP755590.1|A/cattle/Texas/24-008749-003/2024(H5N1)	590	579
MP|PP755590.1|A/cattle/Texas/24-008749-003/2024(H5N1)	591	579
MP|PP755590.1|A/cattle/Texas/24-008749-003/2024(H5N1)	592	590
MP|PP755590.1|A/cattle/Texas/24-008749-003/2024(H5N1)	593	591
MP|PP755590.1|A/cattle/Texas/24-008749-003/2024(H5N1)	594	583
MP|PP755590.1|A/cattle/Texas/24-008749-003/2024(H5N1)	595	575
MP|PP755590.1|A/cattle/Texas/24-008749-003/2024(H5N1)	596	579
MP|PP755590.1|A/cattle/Texas/24-008749-003/2024(H5N1)	597	579
MP|PP755590.1|A/cattle/Texas/24-008749-003/2024(H5N1)	598	586
MP|PP755590.1|A/cattle/Texas/24-008749-003/2024(H5N1)	599	580
MP|PP755590.1|A/cattle/Texas/24-008749-003/2024(H5N1)	600	580
MP|PP755590.1|A/cattle/Texas/24-008749-003/2024(H5N1)	601	583
MP|PP755590.1|A/cattle/Texas/24-008749-003/2024(H5N1)	602	582
MP|PP755590.1|A/cattle/Texas/24-008749-003/2024(H5N1)	603	581
MP|PP755590.1|A/cattle/Texas/24-008749-003/2024(H5N1)	604	593
MP|PP755590.1|A/cattle/Texas/24-008749-003/2024(H5N1)	605	600
MP|PP755590.1|A/cattle/Texas/24-008749-003/2024(H5N1)	606	592
MP|PP755590.1|A/cattle/Texas/24-008749-003/2024(H5N1)	607	588
MP|PP755590.1|A/cattle/Texas/24-008749-003/2024(H5N1)	608	595
MP|PP755590.1|A/cattle/Texas/24-008749-003/2024(H5N1)	609	595
MP|PP755590.1|A/cattle/Texas/24-008749-003/2024(H5N1)	610	594
MP|PP755590.1|A/cattle/Texas/24-008749-003/2024(H5N1)	611	594
MP|PP755590.1|A/cattle/Texas/24-008749-003/2024(H5N1)	612	598
MP|PP755590.1|A/cattle/Texas/24-008749-003/2024(H5N1)	613	600
MP|PP755590.1|A/cattle/Texas/24-008749-003/2024(H5N1)	614	594
MP|PP755590.1|A/cattle/Texas/24-008749-003/2024(H5N1)	615	593
MP|PP755590.1|A/cattle/Texas/24-008749-003/2024(H5N1)	616	593
MP|PP755590.1|A/cattle/Texas/24-008749-003/2024(H5N1)	617	608
MP|PP755590.1|A/cattle/Texas/24-008749-003/2024(H5N1)	618	608
MP|PP755590.1|A/cattle/Texas/24-008749-003/2024(H5N1)	619	610
MP|PP755590.1|A/cattle/Texas/24-008749-003/2024(H5N1)	620	609
MP|PP755590.1|A/cattle/Texas/24-008749-003/2024(H5N1)	621	614
MP|PP755590.1|A/cattle/Texas/24-008749-003/2024(H5N1)	622	612
MP|PP755590.1|A/cattle/Texas/24-008749-003/2024(H5N1)	623	606
MP|PP755590.1|A/cattle/Texas/24-008749-003/2024(H5N1)	624	623
MP|PP755590.1|A/cattle/Texas/24-008749-003/2024(H5N1)	625	627
MP|PP755590.1|A/cattle/Texas/24-008749-003/2024(H5N1)	626	626
MP|PP755590.1|A/cattle/Texas/24-008749-003/2024(H5N1)	627	627
MP|PP755590.1|A/cattle/Texas/24-008749-003/2024(H5N1)	628	615
MP|PP755590.1|A/cattle/Texas/24-008749-003/2024(H5N1)	629	628
MP|PP755590.1|A/cattle/Texas/24-008749-003/2024(H5N1)	630	627
MP|PP755590.1|A/cattle/Texas/24-008749-003/2024(H5N1)	631	624
MP|PP755590.1|A/cattle/Texas/24-008749-003/2024(H5N1)	632	624
MP|PP755590.1|A/cattle/Texas/24-008749-003/2024(H5N1)	633	607
MP|PP755590.1|A/cattle/Texas/24-008749-003/2024(H5N1)	634	610
MP|PP755590.1|A/cattle/Texas/24-008749-003/2024(H5N1)	635	605
MP|PP755590.1|A/cattle/Texas/24-008749-003/2024(H5N1)	636	611
MP|PP755590.1|A/cattle/Texas/24-008749-003/2024(H5N1)	637	617
MP|PP755590.1|A/cattle/Texas/24-008749-003/2024(H5N1)	638	615
MP|PP755590.1|A/cattle/Texas/24-008749-003/2024(H5N1)	639	609
MP|PP755590.1|A/cattle/Texas/24-008749-003/2024(H5N1)	640	604
MP|PP755590.1|A/cattle/Texas/24-008749-003/2024(H5N1)	641	604
MP|PP755590.1|A/cattle/Texas/24-008749-003/2024(H5N1)	642	606
MP|PP755590.1|A/cattle/Texas/24-008749-003/2024(H5N1)	643	618
MP|PP755590.1|A/cattle/Texas/24-008749-003/2024(H5N1)	644	619
MP|PP755590.1|A/cattle/Texas/24-008749-003/2024(H5N1)	645	621
MP|PP755590.1|A/cattle/Texas/24-008749-003/2024(H5N1)	646	624
MP|PP755590.1|A/cattle/Texas/24-008749-003/2024(H5N1)	647	623
MP|PP755590.1|A/cattle/Texas/24-008749-003/2024(H5N1)	648	623
MP|PP755590.1|A/cattle/Texas/24-008749-003/2024(H5N1)	649	620
MP|PP755590.1|A/cattle/Texas/24-008749-003/2024(H5N1)	650	623
MP|PP755590.1|A/cattle/Texas/24-008749-003/2024(H5N1)	651	628
MP|PP755590.1|A/cattle/Texas/24-008749-003/2024(H5N1)	652	627
MP|PP755590.1|A/cattle/Texas/24-008749-003/2024(H5N1)	653	632
MP|PP755590.1|A/cattle/Texas/24-008749-003/2024(H5N1)	654	634
MP|PP755590.1|A/cattle/Texas/24-008749-003/2024(H5N1)	655	633
MP|PP755590.1|A/cattle/Texas/24-008749-003/2024(H5N1)	656	640
MP|PP755590.1|A/cattle/Texas/24-008749-003/2024(H5N1)	657	637
MP|PP755590.1|A/cattle/Texas/24-008749-003/2024(H5N1)	658	636
MP|PP755590.1|A/cattle/Texas/24-008749-003/2024(H5N1)	659	641
MP|PP755590.1|A/cattle/Texas/24-008749-003/2024(H5N1)	660	635
MP|PP755590.1|A/cattle/Texas/24-008749-003/2024(H5N1)	661	648
MP|PP755590.1|A/cattle/Texas/24-008749-003/2024(H5N1)	662	634
MP|PP755590.1|A/cattle/Texas/24-008749-003/2024(H5N1)	663	624
MP|PP755590.1|A/cattle/Texas/24-008749-003/2024(H5N1)	664	625
MP|PP755590.1|A/cattle/Texas/24-008749-003/2024(H5N1)	665	626
MP|PP755590.1|A/cattle/Texas/24-008749-003/2024(H5N1)	666	654
MP|PP755590.1|A/cattle/Texas/24-008749-003/2024(H5N1)	667	651
MP|PP755590.1|A/cattle/Texas/24-008749-003/2024(H5N1)	668	647
MP|PP755590.1|A/cattle/Texas/24-008749-003/2024(H5N1)	669	647
MP|PP755590.1|A/cattle/Texas/24-008749-003/2024(H5N1)	670	646
MP|PP755590.1|A/cattle/Texas/24-008749-003/2024(H5N1)	671	646
MP|PP755590.1|A/cattle/Texas/24-008749-003/2024(H5N1)	672	665
MP|PP755590.1|A/cattle/Texas/24-008749-003/2024(H5N1)	673	652
MP|PP755590.1|A/cattle/Texas/24-008749-003/2024(H5N1)	674	653
MP|PP755590.1|A/cattle/Texas/24-008749-003/2024(H5N1)	675	640
MP|PP755590.1|A/cattle/Texas/24-008749-003/2024(H5N1)	676	639
MP|PP755590.1|A/cattle/Texas/24-008749-003/2024(H5N1)	677	647
MP|PP755590.1|A/cattle/Texas/24-008749-003/2024(H5N1)	678	646
MP|PP755590.1|A/cattle/Texas/24-008749-003/2024(H5N1)	679	646
MP|PP755590.1|A/cattle/Texas/24-008749-003/2024(H5N1)	680	644
MP|PP755590.1|A/cattle/Texas/24-008749-003/2024(H5N1)	681	617
MP|PP755590.1|A/cattle/Texas/24-008749-003/2024(H5N1)	682	622
MP|PP755590.1|A/cattle/Texas/24-008749-003/2024(H5N1)	683	631
MP|PP755590.1|A/cattle/Texas/24-008749-003/2024(H5N1)	684	623
MP|PP755590.1|A/cattle/Texas/24-008749-003/2024(H5N1)	685	625
MP|PP755590.1|A/cattle/Texas/24-008749-003/2024(H5N1)	686	608
MP|PP755590.1|A/cattle/Texas/24-008749-003/2024(H5N1)	687	611
MP|PP755590.1|A/cattle/Texas/24-008749-003/2024(H5N1)	688	615
MP|PP755590.1|A/cattle/Texas/24-008749-003/2024(H5N1)	689	609
MP|PP755590.1|A/cattle/Texas/24-008749-003/2024(H5N1)	690	608
MP|PP755590.1|A/cattle/Texas/24-008749-003/2024(H5N1)	691	601
MP|PP755590.1|A/cattle/Texas/24-008749-003/2024(H5N1)	692	596
MP|PP755590.1|A/cattle/Texas/24-008749-003/2024(H5N1)	693	591
MP|PP755590.1|A/cattle/Texas/24-008749-003/2024(H5N1)	694	579
MP|PP755590.1|A/cattle/Texas/24-008749-003/2024(H5N1)	695	583
MP|PP755590.1|A/cattle/Texas/24-008749-003/2024(H5N1)	696	580
MP|PP755590.1|A/cattle/Texas/24-008749-003/2024(H5N1)	697	542
MP|PP755590.1|A/cattle/Texas/24-008749-003/2024(H5N1)	698	538
MP|PP755590.1|A/cattle/Texas/24-008749-003/2024(H5N1)	699	544
MP|PP755590.1|A/cattle/Texas/24-008749-003/2024(H5N1)	700	540
MP|PP755590.1|A/cattle/Texas/24-008749-003/2024(H5N1)	701	540
MP|PP755590.1|A/cattle/Texas/24-008749-003/2024(H5N1)	702	540
MP|PP755590.1|A/cattle/Texas/24-008749-003/2024(H5N1)	703	539
MP|PP755590.1|A/cattle/Texas/24-008749-003/2024(H5N1)	704	539
MP|PP755590.1|A/cattle/Texas/24-008749-003/2024(H5N1)	705	533
MP|PP755590.1|A/cattle/Texas/24-008749-003/2024(H5N1)	706	526
MP|PP755590.1|A/cattle/Texas/24-008749-003/2024(H5N1)	707	524
MP|PP755590.1|A/cattle/Texas/24-008749-003/2024(H5N1)	708	527
MP|PP755590.1|A/cattle/Texas/24-008749-003/2024(H5N1)	709	535
MP|PP755590.1|A/cattle/Texas/24-008749-003/2024(H5N1)	710	535
MP|PP755590.1|A/cattle/Texas/24-008749-003/2024(H5N1)	711	533
MP|PP755590.1|A/cattle/Texas/24-008749-003/2024(H5N1)	712	524
MP|PP755590.1|A/cattle/Texas/24-008749-003/2024(H5N1)	713	524
MP|PP755590.1|A/cattle/Texas/24-008749-003/2024(H5N1)	714	532
MP|PP755590.1|A/cattle/Texas/24-008749-003/2024(H5N1)	715	532
MP|PP755590.1|A/cattle/Texas/24-008749-003/2024(H5N1)	716	529
MP|PP755590.1|A/cattle/Texas/24-008749-003/2024(H5N1)	717	520
MP|PP755590.1|A/cattle/Texas/24-008749-003/2024(H5N1)	718	528
MP|PP755590.1|A/cattle/Texas/24-008749-003/2024(H5N1)	719	535
MP|PP755590.1|A/cattle/Texas/24-008749-003/2024(H5N1)	720	539
MP|PP755590.1|A/cattle/Texas/24-008749-003/2024(H5N1)	721	537
MP|PP755590.1|A/cattle/Texas/24-008749-003/2024(H5N1)	722	535
MP|PP755590.1|A/cattle/Texas/24-008749-003/2024(H5N1)	723	527
MP|PP755590.1|A/cattle/Texas/24-008749-003/2024(H5N1)	724	528
MP|PP755590.1|A/cattle/Texas/24-008749-003/2024(H5N1)	725	530
MP|PP755590.1|A/cattle/Texas/24-008749-003/2024(H5N1)	726	523
MP|PP755590.1|A/cattle/Texas/24-008749-003/2024(H5N1)	727	515
MP|PP755590.1|A/cattle/Texas/24-008749-003/2024(H5N1)	728	516
MP|PP755590.1|A/cattle/Texas/24-008749-003/2024(H5N1)	729	516
MP|PP755590.1|A/cattle/Texas/24-008749-003/2024(H5N1)	730	517
MP|PP755590.1|A/cattle/Texas/24-008749-003/2024(H5N1)	731	517
MP|PP755590.1|A/cattle/Texas/24-008749-003/2024(H5N1)	732	513
MP|PP755590.1|A/cattle/Texas/24-008749-003/2024(H5N1)	733	519
MP|PP755590.1|A/cattle/Texas/24-008749-003/2024(H5N1)	734	526
MP|PP755590.1|A/cattle/Texas/24-008749-003/2024(H5N1)	735	524
MP|PP755590.1|A/cattle/Texas/24-008749-003/2024(H5N1)	736	527
MP|PP755590.1|A/cattle/Texas/24-008749-003/2024(H5N1)	737	523
MP|PP755590.1|A/cattle/Texas/24-008749-003/2024(H5N1)	738	522
MP|PP755590.1|A/cattle/Texas/24-008749-003/2024(H5N1)	739	528
MP|PP755590.1|A/cattle/Texas/24-008749-003/2024(H5N1)	740	528
MP|PP755590.1|A/cattle/Texas/24-008749-003/2024(H5N1)	741	526
MP|PP755590.1|A/cattle/Texas/24-008749-003/2024(H5N1)	742	525
MP|PP755590.1|A/cattle/Texas/24-008749-003/2024(H5N1)	743	508
MP|PP755590.1|A/cattle/Texas/24-008749-003/2024(H5N1)	744	508
MP|PP755590.1|A/cattle/Texas/24-008749-003/2024(H5N1)	745	503
MP|PP755590.1|A/cattle/Texas/24-008749-003/2024(H5N1)	746	502
MP|PP755590.1|A/cattle/Texas/24-008749-003/2024(H5N1)	747	502
MP|PP755590.1|A/cattle/Texas/24-008749-003/2024(H5N1)	748	535
MP|PP755590.1|A/cattle/Texas/24-008749-003/2024(H5N1)	749	538
MP|PP755590.1|A/cattle/Texas/24-008749-003/2024(H5N1)	750	550
MP|PP755590.1|A/cattle/Texas/24-008749-003/2024(H5N1)	751	551
MP|PP755590.1|A/cattle/Texas/24-008749-003/2024(H5N1)	752	551
MP|PP755590.1|A/cattle/Texas/24-008749-003/2024(H5N1)	753	551
MP|PP755590.1|A/cattle/Texas/24-008749-003/2024(H5N1)	754	553
MP|PP755590.1|A/cattle/Texas/24-008749-003/2024(H5N1)	755	546
MP|PP755590.1|A/cattle/Texas/24-008749-003/2024(H5N1)	756	538
MP|PP755590.1|A/cattle/Texas/24-008749-003/2024(H5N1)	757	544
MP|PP755590.1|A/cattle/Texas/24-008749-003/2024(H5N1)	758	543
MP|PP755590.1|A/cattle/Texas/24-008749-003/2024(H5N1)	759	547
MP|PP755590.1|A/cattle/Texas/24-008749-003/2024(H5N1)	760	548
MP|PP755590.1|A/cattle/Texas/24-008749-003/2024(H5N1)	761	553
MP|PP755590.1|A/cattle/Texas/24-008749-003/2024(H5N1)	762	538
MP|PP755590.1|A/cattle/Texas/24-008749-003/2024(H5N1)	763	540
MP|PP755590.1|A/cattle/Texas/24-008749-003/2024(H5N1)	764	540
MP|PP755590.1|A/cattle/Texas/24-008749-003/2024(H5N1)	765	538
MP|PP755590.1|A/cattle/Texas/24-008749-003/2024(H5N1)	766	549
MP|PP755590.1|A/cattle/Texas/24-008749-003/2024(H5N1)	767	549
MP|PP755590.1|A/cattle/Texas/24-008749-003/2024(H5N1)	768	537
MP|PP755590.1|A/cattle/Texas/24-008749-003/2024(H5N1)	769	538
MP|PP755590.1|A/cattle/Texas/24-008749-003/2024(H5N1)	770	534
MP|PP755590.1|A/cattle/Texas/24-008749-003/2024(H5N1)	771	541
MP|PP755590.1|A/cattle/Texas/24-008749-003/2024(H5N1)	772	536
MP|PP755590.1|A/cattle/Texas/24-008749-003/2024(H5N1)	773	531
MP|PP755590.1|A/cattle/Texas/24-008749-003/2024(H5N1)	774	516
MP|PP755590.1|A/cattle/Texas/24-008749-003/2024(H5N1)	775	512
MP|PP755590.1|A/cattle/Texas/24-008749-003/2024(H5N1)	776	512
MP|PP755590.1|A/cattle/Texas/24-008749-003/2024(H5N1)	777	518
MP|PP755590.1|A/cattle/Texas/24-008749-003/2024(H5N1)	778	518
MP|PP755590.1|A/cattle/Texas/24-008749-003/2024(H5N1)	779	518
MP|PP755590.1|A/cattle/Texas/24-008749-003/2024(H5N1)	780	509
MP|PP755590.1|A/cattle/Texas/24-008749-003/2024(H5N1)	781	540
MP|PP755590.1|A/cattle/Texas/24-008749-003/2024(H5N1)	782	540
MP|PP755590.1|A/cattle/Texas/24-008749-003/2024(H5N1)	783	540
MP|PP755590.1|A/cattle/Texas/24-008749-003/2024(H5N1)	784	549
MP|PP755590.1|A/cattle/Texas/24-008749-003/2024(H5N1)	785	549
MP|PP755590.1|A/cattle/Texas/24-008749-003/2024(H5N1)	786	566
MP|PP755590.1|A/cattle/Texas/24-008749-003/2024(H5N1)	787	560
MP|PP755590.1|A/cattle/Texas/24-008749-003/2024(H5N1)	788	550
MP|PP755590.1|A/cattle/Texas/24-008749-003/2024(H5N1)	789	541
MP|PP755590.1|A/cattle/Texas/24-008749-003/2024(H5N1)	790	544
MP|PP755590.1|A/cattle/Texas/24-008749-003/2024(H5N1)	791	583
MP|PP755590.1|A/cattle/Texas/24-008749-003/2024(H5N1)	792	583
MP|PP755590.1|A/cattle/Texas/24-008749-003/2024(H5N1)	793	571
MP|PP755590.1|A/cattle/Texas/24-008749-003/2024(H5N1)	794	583
MP|PP755590.1|A/cattle/Texas/24-008749-003/2024(H5N1)	795	588
MP|PP755590.1|A/cattle/Texas/24-008749-003/2024(H5N1)	796	587
MP|PP755590.1|A/cattle/Texas/24-008749-003/2024(H5N1)	797	585
MP|PP755590.1|A/cattle/Texas/24-008749-003/2024(H5N1)	798	589
MP|PP755590.1|A/cattle/Texas/24-008749-003/2024(H5N1)	799	587
MP|PP755590.1|A/cattle/Texas/24-008749-003/2024(H5N1)	800	577
MP|PP755590.1|A/cattle/Texas/24-008749-003/2024(H5N1)	801	580
MP|PP755590.1|A/cattle/Texas/24-008749-003/2024(H5N1)	802	578
MP|PP755590.1|A/cattle/Texas/24-008749-003/2024(H5N1)	803	582
MP|PP755590.1|A/cattle/Texas/24-008749-003/2024(H5N1)	804	567
MP|PP755590.1|A/cattle/Texas/24-008749-003/2024(H5N1)	805	565
MP|PP755590.1|A/cattle/Texas/24-008749-003/2024(H5N1)	806	564
MP|PP755590.1|A/cattle/Texas/24-008749-003/2024(H5N1)	807	560
MP|PP755590.1|A/cattle/Texas/24-008749-003/2024(H5N1)	808	560
MP|PP755590.1|A/cattle/Texas/24-008749-003/2024(H5N1)	809	557
MP|PP755590.1|A/cattle/Texas/24-008749-003/2024(H5N1)	810	553
MP|PP755590.1|A/cattle/Texas/24-008749-003/2024(H5N1)	811	552
MP|PP755590.1|A/cattle/Texas/24-008749-003/2024(H5N1)	812	537
MP|PP755590.1|A/cattle/Texas/24-008749-003/2024(H5N1)	813	538
MP|PP755590.1|A/cattle/Texas/24-008749-003/2024(H5N1)	814	535
MP|PP755590.1|A/cattle/Texas/24-008749-003/2024(H5N1)	815	509
MP|PP755590.1|A/cattle/Texas/24-008749-003/2024(H5N1)	816	507
MP|PP755590.1|A/cattle/Texas/24-008749-003/2024(H5N1)	817	507
MP|PP755590.1|A/cattle/Texas/24-008749-003/2024(H5N1)	818	507
MP|PP755590.1|A/cattle/Texas/24-008749-003/2024(H5N1)	819	510
MP|PP755590.1|A/cattle/Texas/24-008749-003/2024(H5N1)	820	510
MP|PP755590.1|A/cattle/Texas/24-008749-003/2024(H5N1)	821	506
MP|PP755590.1|A/cattle/Texas/24-008749-003/2024(H5N1)	822	504
MP|PP755590.1|A/cattle/Texas/24-008749-003/2024(H5N1)	823	485
MP|PP755590.1|A/cattle/Texas/24-008749-003/2024(H5N1)	824	528
MP|PP755590.1|A/cattle/Texas/24-008749-003/2024(H5N1)	825	531
MP|PP755590.1|A/cattle/Texas/24-008749-003/2024(H5N1)	826	531
MP|PP755590.1|A/cattle/Texas/24-008749-003/2024(H5N1)	827	531
MP|PP755590.1|A/cattle/Texas/24-008749-003/2024(H5N1)	828	523
MP|PP755590.1|A/cattle/Texas/24-008749-003/2024(H5N1)	829	537
MP|PP755590.1|A/cattle/Texas/24-008749-003/2024(H5N1)	830	535
MP|PP755590.1|A/cattle/Texas/24-008749-003/2024(H5N1)	831	535
MP|PP755590.1|A/cattle/Texas/24-008749-003/2024(H5N1)	832	529
MP|PP755590.1|A/cattle/Texas/24-008749-003/2024(H5N1)	833	526
MP|PP755590.1|A/cattle/Texas/24-008749-003/2024(H5N1)	834	523
MP|PP755590.1|A/cattle/Texas/24-008749-003/2024(H5N1)	835	523
MP|PP755590.1|A/cattle/Texas/24-008749-003/2024(H5N1)	836	521
MP|PP755590.1|A/cattle/Texas/24-008749-003/2024(H5N1)	837	521
MP|PP755590.1|A/cattle/Texas/24-008749-003/2024(H5N1)	838	522
MP|PP755590.1|A/cattle/Texas/24-008749-003/2024(H5N1)	839	522
MP|PP755590.1|A/cattle/Texas/24-008749-003/2024(H5N1)	840	511
MP|PP755590.1|A/cattle/Texas/24-008749-003/2024(H5N1)	841	512
MP|PP755590.1|A/cattle/Texas/24-008749-003/2024(H5N1)	842	513
MP|PP755590.1|A/cattle/Texas/24-008749-003/2024(H5N1)	843	514
MP|PP755590.1|A/cattle/Texas/24-008749-003/2024(H5N1)	844	514
MP|PP755590.1|A/cattle/Texas/24-008749-003/2024(H5N1)	845	513
MP|PP755590.1|A/cattle/Texas/24-008749-003/2024(H5N1)	846	510
MP|PP755590.1|A/cattle/Texas/24-008749-003/2024(H5N1)	847	523
MP|PP755590.1|A/cattle/Texas/24-008749-003/2024(H5N1)	848	524
MP|PP755590.1|A/cattle/Texas/24-008749-003/2024(H5N1)	849	526
MP|PP755590.1|A/cattle/Texas/24-008749-003/2024(H5N1)	850	527
MP|PP755590.1|A/cattle/Texas/24-008749-003/2024(H5N1)	851	581
MP|PP755590.1|A/cattle/Texas/24-008749-003/2024(H5N1)	852	588
MP|PP755590.1|A/cattle/Texas/24-008749-003/2024(H5N1)	853	592
MP|PP755590.1|A/cattle/Texas/24-008749-003/2024(H5N1)	854	591
MP|PP755590.1|A/cattle/Texas/24-008749-003/2024(H5N1)	855	591
MP|PP755590.1|A/cattle/Texas/24-008749-003/2024(H5N1)	856	597
MP|PP755590.1|A/cattle/Texas/24-008749-003/2024(H5N1)	857	595
MP|PP755590.1|A/cattle/Texas/24-008749-003/2024(H5N1)	858	592
MP|PP755590.1|A/cattle/Texas/24-008749-003/2024(H5N1)	859	583
MP|PP755590.1|A/cattle/Texas/24-008749-003/2024(H5N1)	860	576
MP|PP755590.1|A/cattle/Texas/24-008749-003/2024(H5N1)	861	576
MP|PP755590.1|A/cattle/Texas/24-008749-003/2024(H5N1)	862	575
MP|PP755590.1|A/cattle/Texas/24-008749-003/2024(H5N1)	863	575
MP|PP755590.1|A/cattle/Texas/24-008749-003/2024(H5N1)	864	575
MP|PP755590.1|A/cattle/Texas/24-008749-003/2024(H5N1)	865	570
MP|PP755590.1|A/cattle/Texas/24-008749-003/2024(H5N1)	866	570
MP|PP755590.1|A/cattle/Texas/24-008749-003/2024(H5N1)	867	569
MP|PP755590.1|A/cattle/Texas/24-008749-003/2024(H5N1)	868	569
MP|PP755590.1|A/cattle/Texas/24-008749-003/2024(H5N1)	869	561
MP|PP755590.1|A/cattle/Texas/24-008749-003/2024(H5N1)	870	556
MP|PP755590.1|A/cattle/Texas/24-008749-003/2024(H5N1)	871	551
MP|PP755590.1|A/cattle/Texas/24-008749-003/2024(H5N1)	872	551
MP|PP755590.1|A/cattle/Texas/24-008749-003/2024(H5N1)	873	551
MP|PP755590.1|A/cattle/Texas/24-008749-003/2024(H5N1)	874	551
MP|PP755590.1|A/cattle/Texas/24-008749-003/2024(H5N1)	875	550
MP|PP755590.1|A/cattle/Texas/24-008749-003/2024(H5N1)	876	539
MP|PP755590.1|A/cattle/Texas/24-008749-003/2024(H5N1)	877	538
MP|PP755590.1|A/cattle/Texas/24-008749-003/2024(H5N1)	878	538
MP|PP755590.1|A/cattle/Texas/24-008749-003/2024(H5N1)	879	536
MP|PP755590.1|A/cattle/Texas/24-008749-003/2024(H5N1)	880	535
MP|PP755590.1|A/cattle/Texas/24-008749-003/2024(H5N1)	881	535
MP|PP755590.1|A/cattle/Texas/24-008749-003/2024(H5N1)	882	537
MP|PP755590.1|A/cattle/Texas/24-008749-003/2024(H5N1)	883	532
MP|PP755590.1|A/cattle/Texas/24-008749-003/2024(H5N1)	884	530
MP|PP755590.1|A/cattle/Texas/24-008749-003/2024(H5N1)	885	519
MP|PP755590.1|A/cattle/Texas/24-008749-003/2024(H5N1)	886	519
MP|PP755590.1|A/cattle/Texas/24-008749-003/2024(H5N1)	887	518
MP|PP755590.1|A/cattle/Texas/24-008749-003/2024(H5N1)	888	522
MP|PP755590.1|A/cattle/Texas/24-008749-003/2024(H5N1)	889	521
MP|PP755590.1|A/cattle/Texas/24-008749-003/2024(H5N1)	890	516
MP|PP755590.1|A/cattle/Texas/24-008749-003/2024(H5N1)	891	514
MP|PP755590.1|A/cattle/Texas/24-008749-003/2024(H5N1)	892	516
MP|PP755590.1|A/cattle/Texas/24-008749-003/2024(H5N1)	893	516
MP|PP755590.1|A/cattle/Texas/24-008749-003/2024(H5N1)	894	516
MP|PP755590.1|A/cattle/Texas/24-008749-003/2024(H5N1)	895	514
MP|PP755590.1|A/cattle/Texas/24-008749-003/2024(H5N1)	896	512
MP|PP755590.1|A/cattle/Texas/24-008749-003/2024(H5N1)	897	473
MP|PP755590.1|A/cattle/Texas/24-008749-003/2024(H5N1)	898	481
MP|PP755590.1|A/cattle/Texas/24-008749-003/2024(H5N1)	899	468
MP|PP755590.1|A/cattle/Texas/24-008749-003/2024(H5N1)	900	457
MP|PP755590.1|A/cattle/Texas/24-008749-003/2024(H5N1)	901	450
MP|PP755590.1|A/cattle/Texas/24-008749-003/2024(H5N1)	902	444
MP|PP755590.1|A/cattle/Texas/24-008749-003/2024(H5N1)	903	444
MP|PP755590.1|A/cattle/Texas/24-008749-003/2024(H5N1)	904	444
MP|PP755590.1|A/cattle/Texas/24-008749-003/2024(H5N1)	905	442
MP|PP755590.1|A/cattle/Texas/24-008749-003/2024(H5N1)	906	440
MP|PP755590.1|A/cattle/Texas/24-008749-003/2024(H5N1)	907	429
MP|PP755590.1|A/cattle/Texas/24-008749-003/2024(H5N1)	908	429
MP|PP755590.1|A/cattle/Texas/24-008749-003/2024(H5N1)	909	429
MP|PP755590.1|A/cattle/Texas/24-008749-003/2024(H5N1)	910	415
MP|PP755590.1|A/cattle/Texas/24-008749-003/2024(H5N1)	911	415
MP|PP755590.1|A/cattle/Texas/24-008749-003/2024(H5N1)	912	409
MP|PP755590.1|A/cattle/Texas/24-008749-003/2024(H5N1)	913	411
MP|PP755590.1|A/cattle/Texas/24-008749-003/2024(H5N1)	914	404
MP|PP755590.1|A/cattle/Texas/24-008749-003/2024(H5N1)	915	398
MP|PP755590.1|A/cattle/Texas/24-008749-003/2024(H5N1)	916	391
MP|PP755590.1|A/cattle/Texas/24-008749-003/2024(H5N1)	917	387
MP|PP755590.1|A/cattle/Texas/24-008749-003/2024(H5N1)	918	387
MP|PP755590.1|A/cattle/Texas/24-008749-003/2024(H5N1)	919	387
MP|PP755590.1|A/cattle/Texas/24-008749-003/2024(H5N1)	920	385
MP|PP755590.1|A/cattle/Texas/24-008749-003/2024(H5N1)	921	383
MP|PP755590.1|A/cattle/Texas/24-008749-003/2024(H5N1)	922	375
MP|PP755590.1|A/cattle/Texas/24-008749-003/2024(H5N1)	923	375
MP|PP755590.1|A/cattle/Texas/24-008749-003/2024(H5N1)	924	375
MP|PP755590.1|A/cattle/Texas/24-008749-003/2024(H5N1)	925	374
MP|PP755590.1|A/cattle/Texas/24-008749-003/2024(H5N1)	926	374
MP|PP755590.1|A/cattle/Texas/24-008749-003/2024(H5N1)	927	368
MP|PP755590.1|A/cattle/Texas/24-008749-003/2024(H5N1)	928	368
MP|PP755590.1|A/cattle/Texas/24-008749-003/2024(H5N1)	929	367
MP|PP755590.1|A/cattle/Texas/24-008749-003/2024(H5N1)	930	366
MP|PP755590.1|A/cattle/Texas/24-008749-003/2024(H5N1)	931	364
MP|PP755590.1|A/cattle/Texas/24-008749-003/2024(H5N1)	932	334
MP|PP755590.1|A/cattle/Texas/24-008749-003/2024(H5N1)	933	333
MP|PP755590.1|A/cattle/Texas/24-008749-003/2024(H5N1)	934	331
MP|PP755590.1|A/cattle/Texas/24-008749-003/2024(H5N1)	935	321
MP|PP755590.1|A/cattle/Texas/24-008749-003/2024(H5N1)	936	319
MP|PP755590.1|A/cattle/Texas/24-008749-003/2024(H5N1)	937	301
MP|PP755590.1|A/cattle/Texas/24-008749-003/2024(H5N1)	938	301
MP|PP755590.1|A/cattle/Texas/24-008749-003/2024(H5N1)	939	300
MP|PP755590.1|A/cattle/Texas/24-008749-003/2024(H5N1)	940	297
MP|PP755590.1|A/cattle/Texas/24-008749-003/2024(H5N1)	941	296
MP|PP755590.1|A/cattle/Texas/24-008749-003/2024(H5N1)	942	249
MP|PP755590.1|A/cattle/Texas/24-008749-003/2024(H5N1)	943	248
MP|PP755590.1|A/cattle/Texas/24-008749-003/2024(H5N1)	944	236
MP|PP755590.1|A/cattle/Texas/24-008749-003/2024(H5N1)	945	217
MP|PP755590.1|A/cattle/Texas/24-008749-003/2024(H5N1)	946	209
MP|PP755590.1|A/cattle/Texas/24-008749-003/2024(H5N1)	947	208
MP|PP755590.1|A/cattle/Texas/24-008749-003/2024(H5N1)	948	208
MP|PP755590.1|A/cattle/Texas/24-008749-003/2024(H5N1)	949	205
MP|PP755590.1|A/cattle/Texas/24-008749-003/2024(H5N1)	950	202
MP|PP755590.1|A/cattle/Texas/24-008749-003/2024(H5N1)	951	199
MP|PP755590.1|A/cattle/Texas/24-008749-003/2024(H5N1)	952	196
MP|PP755590.1|A/cattle/Texas/24-008749-003/2024(H5N1)	953	196
MP|PP755590.1|A/cattle/Texas/24-008749-003/2024(H5N1)	954	195
MP|PP755590.1|A/cattle/Texas/24-008749-003/2024(H5N1)	955	195
MP|PP755590.1|A/cattle/Texas/24-008749-003/2024(H5N1)	956	193
MP|PP755590.1|A/cattle/Texas/24-008749-003/2024(H5N1)	957	193
MP|PP755590.1|A/cattle/Texas/24-008749-003/2024(H5N1)	958	190
MP|PP755590.1|A/cattle/Texas/24-008749-003/2024(H5N1)	959	190
MP|PP755590.1|A/cattle/Texas/24-008749-003/2024(H5N1)	960	190
MP|PP755590.1|A/cattle/Texas/24-008749-003/2024(H5N1)	961	190
MP|PP755590.1|A/cattle/Texas/24-008749-003/2024(H5N1)	962	190
MP|PP755590.1|A/cattle/Texas/24-008749-003/2024(H5N1)	963	190
MP|PP755590.1|A/cattle/Texas/24-008749-003/2024(H5N1)	964	189
MP|PP755590.1|A/cattle/Texas/24-008749-003/2024(H5N1)	965	189
MP|PP755590.1|A/cattle/Texas/24-008749-003/2024(H5N1)	966	189
MP|PP755590.1|A/cattle/Texas/24-008749-003/2024(H5N1)	967	188
MP|PP755590.1|A/cattle/Texas/24-008749-003/2024(H5N1)	968	184
MP|PP755590.1|A/cattle/Texas/24-008749-003/2024(H5N1)	969	184
MP|PP755590.1|A/cattle/Texas/24-008749-003/2024(H5N1)	970	179
MP|PP755590.1|A/cattle/Texas/24-008749-003/2024(H5N1)	971	179
MP|PP755590.1|A/cattle/Texas/24-008749-003/2024(H5N1)	972	177
MP|PP755590.1|A/cattle/Texas/24-008749-003/2024(H5N1)	973	177
MP|PP755590.1|A/cattle/Texas/24-008749-003/2024(H5N1)	974	177
MP|PP755590.1|A/cattle/Texas/24-008749-003/2024(H5N1)	975	129
MP|PP755590.1|A/cattle/Texas/24-008749-003/2024(H5N1)	976	125
MP|PP755590.1|A/cattle/Texas/24-008749-003/2024(H5N1)	977	125
MP|PP755590.1|A/cattle/Texas/24-008749-003/2024(H5N1)	978	125
MP|PP755590.1|A/cattle/Texas/24-008749-003/2024(H5N1)	979	125
MP|PP755590.1|A/cattle/Texas/24-008749-003/2024(H5N1)	980	112
MP|PP755590.1|A/cattle/Texas/24-008749-003/2024(H5N1)	981	112
MP|PP755590.1|A/cattle/Texas/24-008749-003/2024(H5N1)	982	112
