PB2|PP755596.1|A/cattle/Texas/24-008749-003/2024(H5N1)	1	2960
PB2|PP755596.1|A/cattle/Texas/24-008749-003/2024(H5N1)	2	2966
PB2|PP755596.1|A/cattle/Texas/24-008749-003/2024(H5N1)	3	3007
PB2|PP755596.1|A/cattle/Texas/24-008749-003/2024(H5N1)	4	3009
PB2|PP755596.1|A/cattle/Texas/24-008749-003/2024(H5N1)	5	3036
PB2|PP755596.1|A/cattle/Texas/24-008749-003/2024(H5N1)	6	3052
PB2|PP755596.1|A/cattle/Texas/24-008749-003/2024(H5N1)	7	3066
PB2|PP755596.1|A/cattle/Texas/24-008749-003/2024(H5N1)	8	3374
PB2|PP755596.1|A/cattle/Texas/24-008749-003/2024(H5N1)	9	3380
PB2|PP755596.1|A/cattle/Texas/24-008749-003/2024(H5N1)	10	3388
PB2|PP755596.1|A/cattle/Texas/24-008749-003/2024(H5N1)	11	3434
PB2|PP755596.1|A/cattle/Texas/24-008749-003/2024(H5N1)	12	3437
PB2|PP755596.1|A/cattle/Texas/24-008749-003/2024(H5N1)	13	3458
PB2|PP755596.1|A/cattle/Texas/24-008749-003/2024(H5N1)	14	3461
PB2|PP755596.1|A/cattle/Texas/24-008749-003/2024(H5N1)	15	3468
PB2|PP755596.1|A/cattle/Texas/24-008749-003/2024(H5N1)	16	3531
PB2|PP755596.1|A/cattle/Texas/24-008749-003/2024(H5N1)	17	3577
PB2|PP755596.1|A/cattle/Texas/24-008749-003/2024(H5N1)	18	3590
PB2|PP755596.1|A/cattle/Texas/24-008749-003/2024(H5N1)	19	3596
PB2|PP755596.1|A/cattle/Texas/24-008749-003/2024(H5N1)	20	3594
PB2|PP755596.1|A/cattle/Texas/24-008749-003/2024(H5N1)	21	3625
PB2|PP755596.1|A/cattle/Texas/24-008749-003/2024(H5N1)	22	3630
PB2|PP755596.1|A/cattle/Texas/24-008749-003/2024(H5N1)	23	3644
PB2|PP755596.1|A/cattle/Texas/24-008749-003/2024(H5N1)	24	3675
PB2|PP755596.1|A/cattle/Texas/24-008749-003/2024(H5N1)	25	3838
PB2|PP755596.1|A/cattle/Texas/24-008749-003/2024(H5N1)	26	3928
PB2|PP755596.1|A/cattle/Texas/24-008749-003/2024(H5N1)	27	3936
PB2|PP755596.1|A/cattle/Texas/24-008749-003/2024(H5N1)	28	3949
PB2|PP755596.1|A/cattle/Texas/24-008749-003/2024(H5N1)	29	3964
PB2|PP755596.1|A/cattle/Texas/24-008749-003/2024(H5N1)	30	3972
PB2|PP755596.1|A/cattle/Texas/24-008749-003/2024(H5N1)	31	4071
PB2|PP755596.1|A/cattle/Texas/24-008749-003/2024(H5N1)	32	4096
PB2|PP755596.1|A/cattle/Texas/24-008749-003/2024(H5N1)	33	4128
PB2|PP755596.1|A/cattle/Texas/24-008749-003/2024(H5N1)	34	4148
PB2|PP755596.1|A/cattle/Texas/24-008749-003/2024(H5N1)	35	4155
PB2|PP755596.1|A/cattle/Texas/24-008749-003/2024(H5N1)	36	4156
PB2|PP755596.1|A/cattle/Texas/24-008749-003/2024(H5N1)	37	4167
PB2|PP755596.1|A/cattle/Texas/24-008749-003/2024(H5N1)	38	4167
PB2|PP755596.1|A/cattle/Texas/24-008749-003/2024(H5N1)	39	4400
PB2|PP755596.1|A/cattle/Texas/24-008749-003/2024(H5N1)	40	4429
PB2|PP755596.1|A/cattle/Texas/24-008749-003/2024(H5N1)	41	4436
PB2|PP755596.1|A/cattle/Texas/24-008749-003/2024(H5N1)	42	4436
PB2|PP755596.1|A/cattle/Texas/24-008749-003/2024(H5N1)	43	4446
PB2|PP755596.1|A/cattle/Texas/24-008749-003/2024(H5N1)	44	4456
PB2|PP755596.1|A/cattle/Texas/24-008749-003/2024(H5N1)	45	4469
PB2|PP755596.1|A/cattle/Texas/24-008749-003/2024(H5N1)	46	4485
PB2|PP755596.1|A/cattle/Texas/24-008749-003/2024(H5N1)	47	4527
PB2|PP755596.1|A/cattle/Texas/24-008749-003/2024(H5N1)	48	4497
PB2|PP755596.1|A/cattle/Texas/24-008749-003/2024(H5N1)	49	4612
PB2|PP755596.1|A/cattle/Texas/24-008749-003/2024(H5N1)	50	4623
PB2|PP755596.1|A/cattle/Texas/24-008749-003/2024(H5N1)	51	4657
PB2|PP755596.1|A/cattle/Texas/24-008749-003/2024(H5N1)	52	4658
PB2|PP755596.1|A/cattle/Texas/24-008749-003/2024(H5N1)	53	4663
PB2|PP755596.1|A/cattle/Texas/24-008749-003/2024(H5N1)	54	4733
PB2|PP755596.1|A/cattle/Texas/24-008749-003/2024(H5N1)	55	4959
PB2|PP755596.1|A/cattle/Texas/24-008749-003/2024(H5N1)	56	5005
PB2|PP755596.1|A/cattle/Texas/24-008749-003/2024(H5N1)	57	5009
PB2|PP755596.1|A/cattle/Texas/24-008749-003/2024(H5N1)	58	5022
PB2|PP755596.1|A/cattle/Texas/24-008749-003/2024(H5N1)	59	5005
PB2|PP755596.1|A/cattle/Texas/24-008749-003/2024(H5N1)	60	5098
PB2|PP755596.1|A/cattle/Texas/24-008749-003/2024(H5N1)	61	5130
PB2|PP755596.1|A/cattle/Texas/24-008749-003/2024(H5N1)	62	5152
PB2|PP755596.1|A/cattle/Texas/24-008749-003/2024(H5N1)	63	5157
PB2|PP755596.1|A/cattle/Texas/24-008749-003/2024(H5N1)	64	5133
PB2|PP755596.1|A/cattle/Texas/24-008749-003/2024(H5N1)	65	5171
PB2|PP755596.1|A/cattle/Texas/24-008749-003/2024(H5N1)	66	5220
PB2|PP755596.1|A/cattle/Texas/24-008749-003/2024(H5N1)	67	5253
PB2|PP755596.1|A/cattle/Texas/24-008749-003/2024(H5N1)	68	5316
PB2|PP755596.1|A/cattle/Texas/24-008749-003/2024(H5N1)	69	5305
PB2|PP755596.1|A/cattle/Texas/24-008749-003/2024(H5N1)	70	5301
PB2|PP755596.1|A/cattle/Texas/24-008749-003/2024(H5N1)	71	5398
PB2|PP755596.1|A/cattle/Texas/24-008749-003/2024(H5N1)	72	5439
PB2|PP755596.1|A/cattle/Texas/24-008749-003/2024(H5N1)	73	5606
PB2|PP755596.1|A/cattle/Texas/24-008749-003/2024(H5N1)	74	5637
PB2|PP755596.1|A/cattle/Texas/24-008749-003/2024(H5N1)	75	5622
PB2|PP755596.1|A/cattle/Texas/24-008749-003/2024(H5N1)	76	5628
PB2|PP755596.1|A/cattle/Texas/24-008749-003/2024(H5N1)	77	5630
PB2|PP755596.1|A/cattle/Texas/24-008749-003/2024(H5N1)	78	5754
PB2|PP755596.1|A/cattle/Texas/24-008749-003/2024(H5N1)	79	5831
PB2|PP755596.1|A/cattle/Texas/24-008749-003/2024(H5N1)	80	5810
PB2|PP755596.1|A/cattle/Texas/24-008749-003/2024(H5N1)	81	5825
PB2|PP755596.1|A/cattle/Texas/24-008749-003/2024(H5N1)	82	5786
PB2|PP755596.1|A/cattle/Texas/24-008749-003/2024(H5N1)	83	5767
PB2|PP755596.1|A/cattle/Texas/24-008749-003/2024(H5N1)	84	5783
PB2|PP755596.1|A/cattle/Texas/24-008749-003/2024(H5N1)	85	5919
PB2|PP755596.1|A/cattle/Texas/24-008749-003/2024(H5N1)	86	5939
PB2|PP755596.1|A/cattle/Texas/24-008749-003/2024(H5N1)	87	5986
PB2|PP755596.1|A/cattle/Texas/24-008749-003/2024(H5N1)	88	5988
PB2|PP755596.1|A/cattle/Texas/24-008749-003/2024(H5N1)	89	6017
PB2|PP755596.1|A/cattle/Texas/24-008749-003/2024(H5N1)	90	5952
PB2|PP755596.1|A/cattle/Texas/24-008749-003/2024(H5N1)	91	5973
PB2|PP755596.1|A/cattle/Texas/24-008749-003/2024(H5N1)	92	5938
PB2|PP755596.1|A/cattle/Texas/24-008749-003/2024(H5N1)	93	5881
PB2|PP755596.1|A/cattle/Texas/24-008749-003/2024(H5N1)	94	5862
PB2|PP755596.1|A/cattle/Texas/24-008749-003/2024(H5N1)	95	5861
PB2|PP755596.1|A/cattle/Texas/24-008749-003/2024(H5N1)	96	5936
PB2|PP755596.1|A/cattle/Texas/24-008749-003/2024(H5N1)	97	5995
PB2|PP755596.1|A/cattle/Texas/24-008749-003/2024(H5N1)	98	5990
PB2|PP755596.1|A/cattle/Texas/24-008749-003/2024(H5N1)	99	6138
PB2|PP755596.1|A/cattle/Texas/24-008749-003/2024(H5N1)	100	6125
PB2|PP755596.1|A/cattle/Texas/24-008749-003/2024(H5N1)	101	6134
PB2|PP755596.1|A/cattle/Texas/24-008749-003/2024(H5N1)	102	6094
PB2|PP755596.1|A/cattle/Texas/24-008749-003/2024(H5N1)	103	6095
PB2|PP755596.1|A/cattle/Texas/24-008749-003/2024(H5N1)	104	6248
PB2|PP755596.1|A/cattle/Texas/24-008749-003/2024(H5N1)	105	6239
PB2|PP755596.1|A/cattle/Texas/24-008749-003/2024(H5N1)	106	6291
PB2|PP755596.1|A/cattle/Texas/24-008749-003/2024(H5N1)	107	6291
PB2|PP755596.1|A/cattle/Texas/24-008749-003/2024(H5N1)	108	6222
PB2|PP755596.1|A/cattle/Texas/24-008749-003/2024(H5N1)	109	6226
PB2|PP755596.1|A/cattle/Texas/24-008749-003/2024(H5N1)	110	6248
PB2|PP755596.1|A/cattle/Texas/24-008749-003/2024(H5N1)	111	6408
PB2|PP755596.1|A/cattle/Texas/24-008749-003/2024(H5N1)	112	6392
PB2|PP755596.1|A/cattle/Texas/24-008749-003/2024(H5N1)	113	6312
PB2|PP755596.1|A/cattle/Texas/24-008749-003/2024(H5N1)	114	6349
PB2|PP755596.1|A/cattle/Texas/24-008749-003/2024(H5N1)	115	6450
PB2|PP755596.1|A/cattle/Texas/24-008749-003/2024(H5N1)	116	6468
PB2|PP755596.1|A/cattle/Texas/24-008749-003/2024(H5N1)	117	6470
PB2|PP755596.1|A/cattle/Texas/24-008749-003/2024(H5N1)	118	6618
PB2|PP755596.1|A/cattle/Texas/24-008749-003/2024(H5N1)	119	6704
PB2|PP755596.1|A/cattle/Texas/24-008749-003/2024(H5N1)	120	6731
PB2|PP755596.1|A/cattle/Texas/24-008749-003/2024(H5N1)	121	6849
PB2|PP755596.1|A/cattle/Texas/24-008749-003/2024(H5N1)	122	6811
PB2|PP755596.1|A/cattle/Texas/24-008749-003/2024(H5N1)	123	6805
PB2|PP755596.1|A/cattle/Texas/24-008749-003/2024(H5N1)	124	6149
PB2|PP755596.1|A/cattle/Texas/24-008749-003/2024(H5N1)	125	6058
PB2|PP755596.1|A/cattle/Texas/24-008749-003/2024(H5N1)	126	5827
PB2|PP755596.1|A/cattle/Texas/24-008749-003/2024(H5N1)	127	5790
PB2|PP755596.1|A/cattle/Texas/24-008749-003/2024(H5N1)	128	5796
PB2|PP755596.1|A/cattle/Texas/24-008749-003/2024(H5N1)	129	5941
PB2|PP755596.1|A/cattle/Texas/24-008749-003/2024(H5N1)	130	5963
PB2|PP755596.1|A/cattle/Texas/24-008749-003/2024(H5N1)	131	5995
PB2|PP755596.1|A/cattle/Texas/24-008749-003/2024(H5N1)	132	5998
PB2|PP755596.1|A/cattle/Texas/24-008749-003/2024(H5N1)	133	5820
PB2|PP755596.1|A/cattle/Texas/24-008749-003/2024(H5N1)	134	5761
PB2|PP755596.1|A/cattle/Texas/24-008749-003/2024(H5N1)	135	5763
PB2|PP755596.1|A/cattle/Texas/24-008749-003/2024(H5N1)	136	5743
PB2|PP755596.1|A/cattle/Texas/24-008749-003/2024(H5N1)	137	5878
PB2|PP755596.1|A/cattle/Texas/24-008749-003/2024(H5N1)	138	5918
PB2|PP755596.1|A/cattle/Texas/24-008749-003/2024(H5N1)	139	5912
PB2|PP755596.1|A/cattle/Texas/24-008749-003/2024(H5N1)	140	5788
PB2|PP755596.1|A/cattle/Texas/24-008749-003/2024(H5N1)	141	5826
PB2|PP755596.1|A/cattle/Texas/24-008749-003/2024(H5N1)	142	5910
PB2|PP755596.1|A/cattle/Texas/24-008749-003/2024(H5N1)	143	5877
PB2|PP755596.1|A/cattle/Texas/24-008749-003/2024(H5N1)	144	5883
PB2|PP755596.1|A/cattle/Texas/24-008749-003/2024(H5N1)	145	5797
PB2|PP755596.1|A/cattle/Texas/24-008749-003/2024(H5N1)	146	5773
PB2|PP755596.1|A/cattle/Texas/24-008749-003/2024(H5N1)	147	5785
PB2|PP755596.1|A/cattle/Texas/24-008749-003/2024(H5N1)	148	5780
PB2|PP755596.1|A/cattle/Texas/24-008749-003/2024(H5N1)	149	5754
PB2|PP755596.1|A/cattle/Texas/24-008749-003/2024(H5N1)	150	5699
PB2|PP755596.1|A/cattle/Texas/24-008749-003/2024(H5N1)	151	5683
PB2|PP755596.1|A/cattle/Texas/24-008749-003/2024(H5N1)	152	5743
PB2|PP755596.1|A/cattle/Texas/24-008749-003/2024(H5N1)	153	5752
PB2|PP755596.1|A/cattle/Texas/24-008749-003/2024(H5N1)	154	5759
PB2|PP755596.1|A/cattle/Texas/24-008749-003/2024(H5N1)	155	5852
PB2|PP755596.1|A/cattle/Texas/24-008749-003/2024(H5N1)	156	5828
PB2|PP755596.1|A/cattle/Texas/24-008749-003/2024(H5N1)	157	5853
PB2|PP755596.1|A/cattle/Texas/24-008749-003/2024(H5N1)	158	5863
PB2|PP755596.1|A/cattle/Texas/24-008749-003/2024(H5N1)	159	5763
PB2|PP755596.1|A/cattle/Texas/24-008749-003/2024(H5N1)	160	5835
PB2|PP755596.1|A/cattle/Texas/24-008749-003/2024(H5N1)	161	5818
PB2|PP755596.1|A/cattle/Texas/24-008749-003/2024(H5N1)	162	5777
PB2|PP755596.1|A/cattle/Texas/24-008749-003/2024(H5N1)	163	5720
PB2|PP755596.1|A/cattle/Texas/24-008749-003/2024(H5N1)	164	5693
PB2|PP755596.1|A/cattle/Texas/24-008749-003/2024(H5N1)	165	5620
PB2|PP755596.1|A/cattle/Texas/24-008749-003/2024(H5N1)	166	5563
PB2|PP755596.1|A/cattle/Texas/24-008749-003/2024(H5N1)	167	5574
PB2|PP755596.1|A/cattle/Texas/24-008749-003/2024(H5N1)	168	5588
PB2|PP755596.1|A/cattle/Texas/24-008749-003/2024(H5N1)	169	5583
PB2|PP755596.1|A/cattle/Texas/24-008749-003/2024(H5N1)	170	5592
PB2|PP755596.1|A/cattle/Texas/24-008749-003/2024(H5N1)	171	5579
PB2|PP755596.1|A/cattle/Texas/24-008749-003/2024(H5N1)	172	5560
PB2|PP755596.1|A/cattle/Texas/24-008749-003/2024(H5N1)	173	5669
PB2|PP755596.1|A/cattle/Texas/24-008749-003/2024(H5N1)	174	5636
PB2|PP755596.1|A/cattle/Texas/24-008749-003/2024(H5N1)	175	5674
PB2|PP755596.1|A/cattle/Texas/24-008749-003/2024(H5N1)	176	5682
PB2|PP755596.1|A/cattle/Texas/24-008749-003/2024(H5N1)	177	5666
PB2|PP755596.1|A/cattle/Texas/24-008749-003/2024(H5N1)	178	5675
PB2|PP755596.1|A/cattle/Texas/24-008749-003/2024(H5N1)	179	5755
PB2|PP755596.1|A/cattle/Texas/24-008749-003/2024(H5N1)	180	5781
PB2|PP755596.1|A/cattle/Texas/24-008749-003/2024(H5N1)	181	5779
PB2|PP755596.1|A/cattle/Texas/24-008749-003/2024(H5N1)	182	5684
PB2|PP755596.1|A/cattle/Texas/24-008749-003/2024(H5N1)	183	5664
PB2|PP755596.1|A/cattle/Texas/24-008749-003/2024(H5N1)	184	5653
PB2|PP755596.1|A/cattle/Texas/24-008749-003/2024(H5N1)	185	5668
PB2|PP755596.1|A/cattle/Texas/24-008749-003/2024(H5N1)	186	5697
PB2|PP755596.1|A/cattle/Texas/24-008749-003/2024(H5N1)	187	5688
PB2|PP755596.1|A/cattle/Texas/24-008749-003/2024(H5N1)	188	5702
PB2|PP755596.1|A/cattle/Texas/24-008749-003/2024(H5N1)	189	5672
PB2|PP755596.1|A/cattle/Texas/24-008749-003/2024(H5N1)	190	5820
PB2|PP755596.1|A/cattle/Texas/24-008749-003/2024(H5N1)	191	5814
PB2|PP755596.1|A/cattle/Texas/24-008749-003/2024(H5N1)	192	5815
PB2|PP755596.1|A/cattle/Texas/24-008749-003/2024(H5N1)	193	5834
PB2|PP755596.1|A/cattle/Texas/24-008749-003/2024(H5N1)	194	5821
PB2|PP755596.1|A/cattle/Texas/24-008749-003/2024(H5N1)	195	5853
PB2|PP755596.1|A/cattle/Texas/24-008749-003/2024(H5N1)	196	5847
PB2|PP755596.1|A/cattle/Texas/24-008749-003/2024(H5N1)	197	5881
PB2|PP755596.1|A/cattle/Texas/24-008749-003/2024(H5N1)	198	5857
PB2|PP755596.1|A/cattle/Texas/24-008749-003/2024(H5N1)	199	5850
PB2|PP755596.1|A/cattle/Texas/24-008749-003/2024(H5N1)	200	5782
PB2|PP755596.1|A/cattle/Texas/24-008749-003/2024(H5N1)	201	5772
PB2|PP755596.1|A/cattle/Texas/24-008749-003/2024(H5N1)	202	5776
PB2|PP755596.1|A/cattle/Texas/24-008749-003/2024(H5N1)	203	5651
PB2|PP755596.1|A/cattle/Texas/24-008749-003/2024(H5N1)	204	5644
PB2|PP755596.1|A/cattle/Texas/24-008749-003/2024(H5N1)	205	5616
PB2|PP755596.1|A/cattle/Texas/24-008749-003/2024(H5N1)	206	5550
PB2|PP755596.1|A/cattle/Texas/24-008749-003/2024(H5N1)	207	5523
PB2|PP755596.1|A/cattle/Texas/24-008749-003/2024(H5N1)	208	5522
PB2|PP755596.1|A/cattle/Texas/24-008749-003/2024(H5N1)	209	5553
PB2|PP755596.1|A/cattle/Texas/24-008749-003/2024(H5N1)	210	5593
PB2|PP755596.1|A/cattle/Texas/24-008749-003/2024(H5N1)	211	5523
PB2|PP755596.1|A/cattle/Texas/24-008749-003/2024(H5N1)	212	5494
PB2|PP755596.1|A/cattle/Texas/24-008749-003/2024(H5N1)	213	5475
PB2|PP755596.1|A/cattle/Texas/24-008749-003/2024(H5N1)	214	5524
PB2|PP755596.1|A/cattle/Texas/24-008749-003/2024(H5N1)	215	5557
PB2|PP755596.1|A/cattle/Texas/24-008749-003/2024(H5N1)	216	5540
PB2|PP755596.1|A/cattle/Texas/24-008749-003/2024(H5N1)	217	5498
PB2|PP755596.1|A/cattle/Texas/24-008749-003/2024(H5N1)	218	5461
PB2|PP755596.1|A/cattle/Texas/24-008749-003/2024(H5N1)	219	5419
PB2|PP755596.1|A/cattle/Texas/24-008749-003/2024(H5N1)	220	5536
PB2|PP755596.1|A/cattle/Texas/24-008749-003/2024(H5N1)	221	5575
PB2|PP755596.1|A/cattle/Texas/24-008749-003/2024(H5N1)	222	5519
PB2|PP755596.1|A/cattle/Texas/24-008749-003/2024(H5N1)	223	5332
PB2|PP755596.1|A/cattle/Texas/24-008749-003/2024(H5N1)	224	5293
PB2|PP755596.1|A/cattle/Texas/24-008749-003/2024(H5N1)	225	5297
PB2|PP755596.1|A/cattle/Texas/24-008749-003/2024(H5N1)	226	5326
PB2|PP755596.1|A/cattle/Texas/24-008749-003/2024(H5N1)	227	5338
PB2|PP755596.1|A/cattle/Texas/24-008749-003/2024(H5N1)	228	5284
PB2|PP755596.1|A/cattle/Texas/24-008749-003/2024(H5N1)	229	5346
PB2|PP755596.1|A/cattle/Texas/24-008749-003/2024(H5N1)	230	5264
PB2|PP755596.1|A/cattle/Texas/24-008749-003/2024(H5N1)	231	5273
PB2|PP755596.1|A/cattle/Texas/24-008749-003/2024(H5N1)	232	5275
PB2|PP755596.1|A/cattle/Texas/24-008749-003/2024(H5N1)	233	5277
PB2|PP755596.1|A/cattle/Texas/24-008749-003/2024(H5N1)	234	5326
PB2|PP755596.1|A/cattle/Texas/24-008749-003/2024(H5N1)	235	5267
PB2|PP755596.1|A/cattle/Texas/24-008749-003/2024(H5N1)	236	5192
PB2|PP755596.1|A/cattle/Texas/24-008749-003/2024(H5N1)	237	5210
PB2|PP755596.1|A/cattle/Texas/24-008749-003/2024(H5N1)	238	5131
PB2|PP755596.1|A/cattle/Texas/24-008749-003/2024(H5N1)	239	5183
PB2|PP755596.1|A/cattle/Texas/24-008749-003/2024(H5N1)	240	5179
PB2|PP755596.1|A/cattle/Texas/24-008749-003/2024(H5N1)	241	5183
PB2|PP755596.1|A/cattle/Texas/24-008749-003/2024(H5N1)	242	5116
PB2|PP755596.1|A/cattle/Texas/24-008749-003/2024(H5N1)	243	5107
PB2|PP755596.1|A/cattle/Texas/24-008749-003/2024(H5N1)	244	5169
PB2|PP755596.1|A/cattle/Texas/24-008749-003/2024(H5N1)	245	5272
PB2|PP755596.1|A/cattle/Texas/24-008749-003/2024(H5N1)	246	5275
PB2|PP755596.1|A/cattle/Texas/24-008749-003/2024(H5N1)	247	5210
PB2|PP755596.1|A/cattle/Texas/24-008749-003/2024(H5N1)	248	5149
PB2|PP755596.1|A/cattle/Texas/24-008749-003/2024(H5N1)	249	5137
PB2|PP755596.1|A/cattle/Texas/24-008749-003/2024(H5N1)	250	5021
PB2|PP755596.1|A/cattle/Texas/24-008749-003/2024(H5N1)	251	5279
PB2|PP755596.1|A/cattle/Texas/24-008749-003/2024(H5N1)	252	5319
PB2|PP755596.1|A/cattle/Texas/24-008749-003/2024(H5N1)	253	5486
PB2|PP755596.1|A/cattle/Texas/24-008749-003/2024(H5N1)	254	5502
PB2|PP755596.1|A/cattle/Texas/24-008749-003/2024(H5N1)	255	5550
PB2|PP755596.1|A/cattle/Texas/24-008749-003/2024(H5N1)	256	5546
PB2|PP755596.1|A/cattle/Texas/24-008749-003/2024(H5N1)	257	5531
PB2|PP755596.1|A/cattle/Texas/24-008749-003/2024(H5N1)	258	5522
PB2|PP755596.1|A/cattle/Texas/24-008749-003/2024(H5N1)	259	5594
PB2|PP755596.1|A/cattle/Texas/24-008749-003/2024(H5N1)	260	5635
PB2|PP755596.1|A/cattle/Texas/24-008749-003/2024(H5N1)	261	5643
PB2|PP755596.1|A/cattle/Texas/24-008749-003/2024(H5N1)	262	5399
PB2|PP755596.1|A/cattle/Texas/24-008749-003/2024(H5N1)	263	5549
PB2|PP755596.1|A/cattle/Texas/24-008749-003/2024(H5N1)	264	5478
PB2|PP755596.1|A/cattle/Texas/24-008749-003/2024(H5N1)	265	5591
PB2|PP755596.1|A/cattle/Texas/24-008749-003/2024(H5N1)	266	5525
PB2|PP755596.1|A/cattle/Texas/24-008749-003/2024(H5N1)	267	5507
PB2|PP755596.1|A/cattle/Texas/24-008749-003/2024(H5N1)	268	5433
PB2|PP755596.1|A/cattle/Texas/24-008749-003/2024(H5N1)	269	5313
PB2|PP755596.1|A/cattle/Texas/24-008749-003/2024(H5N1)	270	5336
PB2|PP755596.1|A/cattle/Texas/24-008749-003/2024(H5N1)	271	5484
PB2|PP755596.1|A/cattle/Texas/24-008749-003/2024(H5N1)	272	5447
PB2|PP755596.1|A/cattle/Texas/24-008749-003/2024(H5N1)	273	5447
PB2|PP755596.1|A/cattle/Texas/24-008749-003/2024(H5N1)	274	5352
PB2|PP755596.1|A/cattle/Texas/24-008749-003/2024(H5N1)	275	5210
PB2|PP755596.1|A/cattle/Texas/24-008749-003/2024(H5N1)	276	5241
PB2|PP755596.1|A/cattle/Texas/24-008749-003/2024(H5N1)	277	5470
PB2|PP755596.1|A/cattle/Texas/24-008749-003/2024(H5N1)	278	5474
PB2|PP755596.1|A/cattle/Texas/24-008749-003/2024(H5N1)	279	5464
PB2|PP755596.1|A/cattle/Texas/24-008749-003/2024(H5N1)	280	5269
PB2|PP755596.1|A/cattle/Texas/24-008749-003/2024(H5N1)	281	5240
PB2|PP755596.1|A/cattle/Texas/24-008749-003/2024(H5N1)	282	5342
PB2|PP755596.1|A/cattle/Texas/24-008749-003/2024(H5N1)	283	5364
PB2|PP755596.1|A/cattle/Texas/24-008749-003/2024(H5N1)	284	5301
PB2|PP755596.1|A/cattle/Texas/24-008749-003/2024(H5N1)	285	5267
PB2|PP755596.1|A/cattle/Texas/24-008749-003/2024(H5N1)	286	5236
PB2|PP755596.1|A/cattle/Texas/24-008749-003/2024(H5N1)	287	5205
PB2|PP755596.1|A/cattle/Texas/24-008749-003/2024(H5N1)	288	5206
PB2|PP755596.1|A/cattle/Texas/24-008749-003/2024(H5N1)	289	5239
PB2|PP755596.1|A/cattle/Texas/24-008749-003/2024(H5N1)	290	5277
PB2|PP755596.1|A/cattle/Texas/24-008749-003/2024(H5N1)	291	5172
PB2|PP755596.1|A/cattle/Texas/24-008749-003/2024(H5N1)	292	5155
PB2|PP755596.1|A/cattle/Texas/24-008749-003/2024(H5N1)	293	5109
PB2|PP755596.1|A/cattle/Texas/24-008749-003/2024(H5N1)	294	5154
PB2|PP755596.1|A/cattle/Texas/24-008749-003/2024(H5N1)	295	5387
PB2|PP755596.1|A/cattle/Texas/24-008749-003/2024(H5N1)	296	5401
PB2|PP755596.1|A/cattle/Texas/24-008749-003/2024(H5N1)	297	5434
PB2|PP755596.1|A/cattle/Texas/24-008749-003/2024(H5N1)	298	5400
PB2|PP755596.1|A/cattle/Texas/24-008749-003/2024(H5N1)	299	5399
PB2|PP755596.1|A/cattle/Texas/24-008749-003/2024(H5N1)	300	5452
PB2|PP755596.1|A/cattle/Texas/24-008749-003/2024(H5N1)	301	5438
PB2|PP755596.1|A/cattle/Texas/24-008749-003/2024(H5N1)	302	5501
PB2|PP755596.1|A/cattle/Texas/24-008749-003/2024(H5N1)	303	5467
PB2|PP755596.1|A/cattle/Texas/24-008749-003/2024(H5N1)	304	5432
PB2|PP755596.1|A/cattle/Texas/24-008749-003/2024(H5N1)	305	5464
PB2|PP755596.1|A/cattle/Texas/24-008749-003/2024(H5N1)	306	5355
PB2|PP755596.1|A/cattle/Texas/24-008749-003/2024(H5N1)	307	5349
PB2|PP755596.1|A/cattle/Texas/24-008749-003/2024(H5N1)	308	5356
PB2|PP755596.1|A/cattle/Texas/24-008749-003/2024(H5N1)	309	5352
PB2|PP755596.1|A/cattle/Texas/24-008749-003/2024(H5N1)	310	5439
PB2|PP755596.1|A/cattle/Texas/24-008749-003/2024(H5N1)	311	5356
PB2|PP755596.1|A/cattle/Texas/24-008749-003/2024(H5N1)	312	5393
PB2|PP755596.1|A/cattle/Texas/24-008749-003/2024(H5N1)	313	5393
PB2|PP755596.1|A/cattle/Texas/24-008749-003/2024(H5N1)	314	5446
PB2|PP755596.1|A/cattle/Texas/24-008749-003/2024(H5N1)	315	5489
PB2|PP755596.1|A/cattle/Texas/24-008749-003/2024(H5N1)	316	5449
PB2|PP755596.1|A/cattle/Texas/24-008749-003/2024(H5N1)	317	5527
PB2|PP755596.1|A/cattle/Texas/24-008749-003/2024(H5N1)	318	5524
PB2|PP755596.1|A/cattle/Texas/24-008749-003/2024(H5N1)	319	5478
PB2|PP755596.1|A/cattle/Texas/24-008749-003/2024(H5N1)	320	5582
PB2|PP755596.1|A/cattle/Texas/24-008749-003/2024(H5N1)	321	5581
PB2|PP755596.1|A/cattle/Texas/24-008749-003/2024(H5N1)	322	5586
PB2|PP755596.1|A/cattle/Texas/24-008749-003/2024(H5N1)	323	5485
PB2|PP755596.1|A/cattle/Texas/24-008749-003/2024(H5N1)	324	5366
PB2|PP755596.1|A/cattle/Texas/24-008749-003/2024(H5N1)	325	5424
PB2|PP755596.1|A/cattle/Texas/24-008749-003/2024(H5N1)	326	5482
PB2|PP755596.1|A/cattle/Texas/24-008749-003/2024(H5N1)	327	5515
PB2|PP755596.1|A/cattle/Texas/24-008749-003/2024(H5N1)	328	5498
PB2|PP755596.1|A/cattle/Texas/24-008749-003/2024(H5N1)	329	5395
PB2|PP755596.1|A/cattle/Texas/24-008749-003/2024(H5N1)	330	5392
PB2|PP755596.1|A/cattle/Texas/24-008749-003/2024(H5N1)	331	5375
PB2|PP755596.1|A/cattle/Texas/24-008749-003/2024(H5N1)	332	5715
PB2|PP755596.1|A/cattle/Texas/24-008749-003/2024(H5N1)	333	5728
PB2|PP755596.1|A/cattle/Texas/24-008749-003/2024(H5N1)	334	5692
PB2|PP755596.1|A/cattle/Texas/24-008749-003/2024(H5N1)	335	5680
PB2|PP755596.1|A/cattle/Texas/24-008749-003/2024(H5N1)	336	5639
PB2|PP755596.1|A/cattle/Texas/24-008749-003/2024(H5N1)	337	5656
PB2|PP755596.1|A/cattle/Texas/24-008749-003/2024(H5N1)	338	5652
PB2|PP755596.1|A/cattle/Texas/24-008749-003/2024(H5N1)	339	5820
PB2|PP755596.1|A/cattle/Texas/24-008749-003/2024(H5N1)	340	5956
PB2|PP755596.1|A/cattle/Texas/24-008749-003/2024(H5N1)	341	5653
PB2|PP755596.1|A/cattle/Texas/24-008749-003/2024(H5N1)	342	5675
PB2|PP755596.1|A/cattle/Texas/24-008749-003/2024(H5N1)	343	5677
PB2|PP755596.1|A/cattle/Texas/24-008749-003/2024(H5N1)	344	5660
PB2|PP755596.1|A/cattle/Texas/24-008749-003/2024(H5N1)	345	5666
PB2|PP755596.1|A/cattle/Texas/24-008749-003/2024(H5N1)	346	5650
PB2|PP755596.1|A/cattle/Texas/24-008749-003/2024(H5N1)	347	5663
PB2|PP755596.1|A/cattle/Texas/24-008749-003/2024(H5N1)	348	5599
PB2|PP755596.1|A/cattle/Texas/24-008749-003/2024(H5N1)	349	5594
PB2|PP755596.1|A/cattle/Texas/24-008749-003/2024(H5N1)	350	5576
PB2|PP755596.1|A/cattle/Texas/24-008749-003/2024(H5N1)	351	5595
PB2|PP755596.1|A/cattle/Texas/24-008749-003/2024(H5N1)	352	5596
PB2|PP755596.1|A/cattle/Texas/24-008749-003/2024(H5N1)	353	5567
PB2|PP755596.1|A/cattle/Texas/24-008749-003/2024(H5N1)	354	5564
PB2|PP755596.1|A/cattle/Texas/24-008749-003/2024(H5N1)	355	5567
PB2|PP755596.1|A/cattle/Texas/24-008749-003/2024(H5N1)	356	5562
PB2|PP755596.1|A/cattle/Texas/24-008749-003/2024(H5N1)	357	5561
PB2|PP755596.1|A/cattle/Texas/24-008749-003/2024(H5N1)	358	5556
PB2|PP755596.1|A/cattle/Texas/24-008749-003/2024(H5N1)	359	5554
PB2|PP755596.1|A/cattle/Texas/24-008749-003/2024(H5N1)	360	5521
PB2|PP755596.1|A/cattle/Texas/24-008749-003/2024(H5N1)	361	5491
PB2|PP755596.1|A/cattle/Texas/24-008749-003/2024(H5N1)	362	5490
PB2|PP755596.1|A/cattle/Texas/24-008749-003/2024(H5N1)	363	5493
PB2|PP755596.1|A/cattle/Texas/24-008749-003/2024(H5N1)	364	5637
PB2|PP755596.1|A/cattle/Texas/24-008749-003/2024(H5N1)	365	5609
PB2|PP755596.1|A/cattle/Texas/24-008749-003/2024(H5N1)	366	5594
PB2|PP755596.1|A/cattle/Texas/24-008749-003/2024(H5N1)	367	5596
PB2|PP755596.1|A/cattle/Texas/24-008749-003/2024(H5N1)	368	5613
PB2|PP755596.1|A/cattle/Texas/24-008749-003/2024(H5N1)	369	5617
PB2|PP755596.1|A/cattle/Texas/24-008749-003/2024(H5N1)	370	5601
PB2|PP755596.1|A/cattle/Texas/24-008749-003/2024(H5N1)	371	5558
PB2|PP755596.1|A/cattle/Texas/24-008749-003/2024(H5N1)	372	5691
PB2|PP755596.1|A/cattle/Texas/24-008749-003/2024(H5N1)	373	5686
PB2|PP755596.1|A/cattle/Texas/24-008749-003/2024(H5N1)	374	5682
PB2|PP755596.1|A/cattle/Texas/24-008749-003/2024(H5N1)	375	5684
PB2|PP755596.1|A/cattle/Texas/24-008749-003/2024(H5N1)	376	5700
PB2|PP755596.1|A/cattle/Texas/24-008749-003/2024(H5N1)	377	5710
PB2|PP755596.1|A/cattle/Texas/24-008749-003/2024(H5N1)	378	5711
PB2|PP755596.1|A/cattle/Texas/24-008749-003/2024(H5N1)	379	5676
PB2|PP755596.1|A/cattle/Texas/24-008749-003/2024(H5N1)	380	5611
PB2|PP755596.1|A/cattle/Texas/24-008749-003/2024(H5N1)	381	5594
PB2|PP755596.1|A/cattle/Texas/24-008749-003/2024(H5N1)	382	5581
PB2|PP755596.1|A/cattle/Texas/24-008749-003/2024(H5N1)	383	5597
PB2|PP755596.1|A/cattle/Texas/24-008749-003/2024(H5N1)	384	5599
PB2|PP755596.1|A/cattle/Texas/24-008749-003/2024(H5N1)	385	5686
PB2|PP755596.1|A/cattle/Texas/24-008749-003/2024(H5N1)	386	5852
PB2|PP755596.1|A/cattle/Texas/24-008749-003/2024(H5N1)	387	5897
PB2|PP755596.1|A/cattle/Texas/24-008749-003/2024(H5N1)	388	5874
PB2|PP755596.1|A/cattle/Texas/24-008749-003/2024(H5N1)	389	5875
PB2|PP755596.1|A/cattle/Texas/24-008749-003/2024(H5N1)	390	5824
PB2|PP755596.1|A/cattle/Texas/24-008749-003/2024(H5N1)	391	5815
PB2|PP755596.1|A/cattle/Texas/24-008749-003/2024(H5N1)	392	6131
PB2|PP755596.1|A/cattle/Texas/24-008749-003/2024(H5N1)	393	6123
PB2|PP755596.1|A/cattle/Texas/24-008749-003/2024(H5N1)	394	6145
PB2|PP755596.1|A/cattle/Texas/24-008749-003/2024(H5N1)	395	6059
PB2|PP755596.1|A/cattle/Texas/24-008749-003/2024(H5N1)	396	5950
PB2|PP755596.1|A/cattle/Texas/24-008749-003/2024(H5N1)	397	6085
PB2|PP755596.1|A/cattle/Texas/24-008749-003/2024(H5N1)	398	6097
PB2|PP755596.1|A/cattle/Texas/24-008749-003/2024(H5N1)	399	6102
PB2|PP755596.1|A/cattle/Texas/24-008749-003/2024(H5N1)	400	6098
PB2|PP755596.1|A/cattle/Texas/24-008749-003/2024(H5N1)	401	5762
PB2|PP755596.1|A/cattle/Texas/24-008749-003/2024(H5N1)	402	5770
PB2|PP755596.1|A/cattle/Texas/24-008749-003/2024(H5N1)	403	5683
PB2|PP755596.1|A/cattle/Texas/24-008749-003/2024(H5N1)	404	5718
PB2|PP755596.1|A/cattle/Texas/24-008749-003/2024(H5N1)	405	5679
PB2|PP755596.1|A/cattle/Texas/24-008749-003/2024(H5N1)	406	5529
PB2|PP755596.1|A/cattle/Texas/24-008749-003/2024(H5N1)	407	5528
PB2|PP755596.1|A/cattle/Texas/24-008749-003/2024(H5N1)	408	5523
PB2|PP755596.1|A/cattle/Texas/24-008749-003/2024(H5N1)	409	5526
PB2|PP755596.1|A/cattle/Texas/24-008749-003/2024(H5N1)	410	5470
PB2|PP755596.1|A/cattle/Texas/24-008749-003/2024(H5N1)	411	5413
PB2|PP755596.1|A/cattle/Texas/24-008749-003/2024(H5N1)	412	5397
PB2|PP755596.1|A/cattle/Texas/24-008749-003/2024(H5N1)	413	5362
PB2|PP755596.1|A/cattle/Texas/24-008749-003/2024(H5N1)	414	5118
PB2|PP755596.1|A/cattle/Texas/24-008749-003/2024(H5N1)	415	5142
PB2|PP755596.1|A/cattle/Texas/24-008749-003/2024(H5N1)	416	5280
PB2|PP755596.1|A/cattle/Texas/24-008749-003/2024(H5N1)	417	5291
PB2|PP755596.1|A/cattle/Texas/24-008749-003/2024(H5N1)	418	5309
PB2|PP755596.1|A/cattle/Texas/24-008749-003/2024(H5N1)	419	5466
PB2|PP755596.1|A/cattle/Texas/24-008749-003/2024(H5N1)	420	5473
PB2|PP755596.1|A/cattle/Texas/24-008749-003/2024(H5N1)	421	5492
PB2|PP755596.1|A/cattle/Texas/24-008749-003/2024(H5N1)	422	5369
PB2|PP755596.1|A/cattle/Texas/24-008749-003/2024(H5N1)	423	5266
PB2|PP755596.1|A/cattle/Texas/24-008749-003/2024(H5N1)	424	5276
PB2|PP755596.1|A/cattle/Texas/24-008749-003/2024(H5N1)	425	5312
PB2|PP755596.1|A/cattle/Texas/24-008749-003/2024(H5N1)	426	5341
PB2|PP755596.1|A/cattle/Texas/24-008749-003/2024(H5N1)	427	5195
PB2|PP755596.1|A/cattle/Texas/24-008749-003/2024(H5N1)	428	5067
PB2|PP755596.1|A/cattle/Texas/24-008749-003/2024(H5N1)	429	5067
PB2|PP755596.1|A/cattle/Texas/24-008749-003/2024(H5N1)	430	5082
PB2|PP755596.1|A/cattle/Texas/24-008749-003/2024(H5N1)	431	5112
PB2|PP755596.1|A/cattle/Texas/24-008749-003/2024(H5N1)	432	5124
PB2|PP755596.1|A/cattle/Texas/24-008749-003/2024(H5N1)	433	5056
PB2|PP755596.1|A/cattle/Texas/24-008749-003/2024(H5N1)	434	5051
PB2|PP755596.1|A/cattle/Texas/24-008749-003/2024(H5N1)	435	5320
PB2|PP755596.1|A/cattle/Texas/24-008749-003/2024(H5N1)	436	5323
PB2|PP755596.1|A/cattle/Texas/24-008749-003/2024(H5N1)	437	5672
PB2|PP755596.1|A/cattle/Texas/24-008749-003/2024(H5N1)	438	5681
PB2|PP755596.1|A/cattle/Texas/24-008749-003/2024(H5N1)	439	5675
PB2|PP755596.1|A/cattle/Texas/24-008749-003/2024(H5N1)	440	5658
PB2|PP755596.1|A/cattle/Texas/24-008749-003/2024(H5N1)	441	5621
PB2|PP755596.1|A/cattle/Texas/24-008749-003/2024(H5N1)	442	5670
PB2|PP755596.1|A/cattle/Texas/24-008749-003/2024(H5N1)	443	5707
PB2|PP755596.1|A/cattle/Texas/24-008749-003/2024(H5N1)	444	5671
PB2|PP755596.1|A/cattle/Texas/24-008749-003/2024(H5N1)	445	5675
PB2|PP755596.1|A/cattle/Texas/24-008749-003/2024(H5N1)	446	5326
PB2|PP755596.1|A/cattle/Texas/24-008749-003/2024(H5N1)	447	5378
PB2|PP755596.1|A/cattle/Texas/24-008749-003/2024(H5N1)	448	5339
PB2|PP755596.1|A/cattle/Texas/24-008749-003/2024(H5N1)	449	5342
PB2|PP755596.1|A/cattle/Texas/24-008749-003/2024(H5N1)	450	5341
PB2|PP755596.1|A/cattle/Texas/24-008749-003/2024(H5N1)	451	5278
PB2|PP755596.1|A/cattle/Texas/24-008749-003/2024(H5N1)	452	5464
PB2|PP755596.1|A/cattle/Texas/24-008749-003/2024(H5N1)	453	5413
PB2|PP755596.1|A/cattle/Texas/24-008749-003/2024(H5N1)	454	5471
PB2|PP755596.1|A/cattle/Texas/24-008749-003/2024(H5N1)	455	5482
PB2|PP755596.1|A/cattle/Texas/24-008749-003/2024(H5N1)	456	5548
PB2|PP755596.1|A/cattle/Texas/24-008749-003/2024(H5N1)	457	5574
PB2|PP755596.1|A/cattle/Texas/24-008749-003/2024(H5N1)	458	5727
PB2|PP755596.1|A/cattle/Texas/24-008749-003/2024(H5N1)	459	5772
PB2|PP755596.1|A/cattle/Texas/24-008749-003/2024(H5N1)	460	5779
PB2|PP755596.1|A/cattle/Texas/24-008749-003/2024(H5N1)	461	5576
PB2|PP755596.1|A/cattle/Texas/24-008749-003/2024(H5N1)	462	5579
PB2|PP755596.1|A/cattle/Texas/24-008749-003/2024(H5N1)	463	5488
PB2|PP755596.1|A/cattle/Texas/24-008749-003/2024(H5N1)	464	5655
PB2|PP755596.1|A/cattle/Texas/24-008749-003/2024(H5N1)	465	5780
PB2|PP755596.1|A/cattle/Texas/24-008749-003/2024(H5N1)	466	5758
PB2|PP755596.1|A/cattle/Texas/24-008749-003/2024(H5N1)	467	5723
PB2|PP755596.1|A/cattle/Texas/24-008749-003/2024(H5N1)	468	5686
PB2|PP755596.1|A/cattle/Texas/24-008749-003/2024(H5N1)	469	5716
PB2|PP755596.1|A/cattle/Texas/24-008749-003/2024(H5N1)	470	5737
PB2|PP755596.1|A/cattle/Texas/24-008749-003/2024(H5N1)	471	5654
PB2|PP755596.1|A/cattle/Texas/24-008749-003/2024(H5N1)	472	5664
PB2|PP755596.1|A/cattle/Texas/24-008749-003/2024(H5N1)	473	5516
PB2|PP755596.1|A/cattle/Texas/24-008749-003/2024(H5N1)	474	5533
PB2|PP755596.1|A/cattle/Texas/24-008749-003/2024(H5N1)	475	5603
PB2|PP755596.1|A/cattle/Texas/24-008749-003/2024(H5N1)	476	5628
PB2|PP755596.1|A/cattle/Texas/24-008749-003/2024(H5N1)	477	5628
PB2|PP755596.1|A/cattle/Texas/24-008749-003/2024(H5N1)	478	5596
PB2|PP755596.1|A/cattle/Texas/24-008749-003/2024(H5N1)	479	5595
PB2|PP755596.1|A/cattle/Texas/24-008749-003/2024(H5N1)	480	5778
PB2|PP755596.1|A/cattle/Texas/24-008749-003/2024(H5N1)	481	5796
PB2|PP755596.1|A/cattle/Texas/24-008749-003/2024(H5N1)	482	6003
PB2|PP755596.1|A/cattle/Texas/24-008749-003/2024(H5N1)	483	5701
PB2|PP755596.1|A/cattle/Texas/24-008749-003/2024(H5N1)	484	5664
PB2|PP755596.1|A/cattle/Texas/24-008749-003/2024(H5N1)	485	5678
PB2|PP755596.1|A/cattle/Texas/24-008749-003/2024(H5N1)	486	5727
PB2|PP755596.1|A/cattle/Texas/24-008749-003/2024(H5N1)	487	5745
PB2|PP755596.1|A/cattle/Texas/24-008749-003/2024(H5N1)	488	5734
PB2|PP755596.1|A/cattle/Texas/24-008749-003/2024(H5N1)	489	5451
PB2|PP755596.1|A/cattle/Texas/24-008749-003/2024(H5N1)	490	5433
PB2|PP755596.1|A/cattle/Texas/24-008749-003/2024(H5N1)	491	5408
PB2|PP755596.1|A/cattle/Texas/24-008749-003/2024(H5N1)	492	5419
PB2|PP755596.1|A/cattle/Texas/24-008749-003/2024(H5N1)	493	5443
PB2|PP755596.1|A/cattle/Texas/24-008749-003/2024(H5N1)	494	5461
PB2|PP755596.1|A/cattle/Texas/24-008749-003/2024(H5N1)	495	5459
PB2|PP755596.1|A/cattle/Texas/24-008749-003/2024(H5N1)	496	5449
PB2|PP755596.1|A/cattle/Texas/24-008749-003/2024(H5N1)	497	5453
PB2|PP755596.1|A/cattle/Texas/24-008749-003/2024(H5N1)	498	5447
PB2|PP755596.1|A/cattle/Texas/24-008749-003/2024(H5N1)	499	5453
PB2|PP755596.1|A/cattle/Texas/24-008749-003/2024(H5N1)	500	5560
PB2|PP755596.1|A/cattle/Texas/24-008749-003/2024(H5N1)	501	5559
PB2|PP755596.1|A/cattle/Texas/24-008749-003/2024(H5N1)	502	5520
PB2|PP755596.1|A/cattle/Texas/24-008749-003/2024(H5N1)	503	5525
PB2|PP755596.1|A/cattle/Texas/24-008749-003/2024(H5N1)	504	5537
PB2|PP755596.1|A/cattle/Texas/24-008749-003/2024(H5N1)	505	5588
PB2|PP755596.1|A/cattle/Texas/24-008749-003/2024(H5N1)	506	5637
PB2|PP755596.1|A/cattle/Texas/24-008749-003/2024(H5N1)	507	5650
PB2|PP755596.1|A/cattle/Texas/24-008749-003/2024(H5N1)	508	5656
PB2|PP755596.1|A/cattle/Texas/24-008749-003/2024(H5N1)	509	5663
PB2|PP755596.1|A/cattle/Texas/24-008749-003/2024(H5N1)	510	5670
PB2|PP755596.1|A/cattle/Texas/24-008749-003/2024(H5N1)	511	5678
PB2|PP755596.1|A/cattle/Texas/24-008749-003/2024(H5N1)	512	5852
PB2|PP755596.1|A/cattle/Texas/24-008749-003/2024(H5N1)	513	5856
PB2|PP755596.1|A/cattle/Texas/24-008749-003/2024(H5N1)	514	5880
PB2|PP755596.1|A/cattle/Texas/24-008749-003/2024(H5N1)	515	5744
PB2|PP755596.1|A/cattle/Texas/24-008749-003/2024(H5N1)	516	5733
PB2|PP755596.1|A/cattle/Texas/24-008749-003/2024(H5N1)	517	5752
PB2|PP755596.1|A/cattle/Texas/24-008749-003/2024(H5N1)	518	5778
PB2|PP755596.1|A/cattle/Texas/24-008749-003/2024(H5N1)	519	5809
PB2|PP755596.1|A/cattle/Texas/24-008749-003/2024(H5N1)	520	5810
PB2|PP755596.1|A/cattle/Texas/24-008749-003/2024(H5N1)	521	5616
PB2|PP755596.1|A/cattle/Texas/24-008749-003/2024(H5N1)	522	5616
PB2|PP755596.1|A/cattle/Texas/24-008749-003/2024(H5N1)	523	5558
PB2|PP755596.1|A/cattle/Texas/24-008749-003/2024(H5N1)	524	5571
PB2|PP755596.1|A/cattle/Texas/24-008749-003/2024(H5N1)	525	5563
PB2|PP755596.1|A/cattle/Texas/24-008749-003/2024(H5N1)	526	5550
PB2|PP755596.1|A/cattle/Texas/24-008749-003/2024(H5N1)	527	5482
PB2|PP755596.1|A/cattle/Texas/24-008749-003/2024(H5N1)	528	5449
PB2|PP755596.1|A/cattle/Texas/24-008749-003/2024(H5N1)	529	5442
PB2|PP755596.1|A/cattle/Texas/24-008749-003/2024(H5N1)	530	5610
PB2|PP755596.1|A/cattle/Texas/24-008749-003/2024(H5N1)	531	5620
PB2|PP755596.1|A/cattle/Texas/24-008749-003/2024(H5N1)	532	5677
PB2|PP755596.1|A/cattle/Texas/24-008749-003/2024(H5N1)	533	5670
PB2|PP755596.1|A/cattle/Texas/24-008749-003/2024(H5N1)	534	5674
PB2|PP755596.1|A/cattle/Texas/24-008749-003/2024(H5N1)	535	5702
PB2|PP755596.1|A/cattle/Texas/24-008749-003/2024(H5N1)	536	5588
PB2|PP755596.1|A/cattle/Texas/24-008749-003/2024(H5N1)	537	5588
PB2|PP755596.1|A/cattle/Texas/24-008749-003/2024(H5N1)	538	5610
PB2|PP755596.1|A/cattle/Texas/24-008749-003/2024(H5N1)	539	5664
PB2|PP755596.1|A/cattle/Texas/24-008749-003/2024(H5N1)	540	5659
PB2|PP755596.1|A/cattle/Texas/24-008749-003/2024(H5N1)	541	5844
PB2|PP755596.1|A/cattle/Texas/24-008749-003/2024(H5N1)	542	5564
PB2|PP755596.1|A/cattle/Texas/24-008749-003/2024(H5N1)	543	5564
PB2|PP755596.1|A/cattle/Texas/24-008749-003/2024(H5N1)	544	5596
PB2|PP755596.1|A/cattle/Texas/24-008749-003/2024(H5N1)	545	5596
PB2|PP755596.1|A/cattle/Texas/24-008749-003/2024(H5N1)	546	5616
PB2|PP755596.1|A/cattle/Texas/24-008749-003/2024(H5N1)	547	5593
PB2|PP755596.1|A/cattle/Texas/24-008749-003/2024(H5N1)	548	5463
PB2|PP755596.1|A/cattle/Texas/24-008749-003/2024(H5N1)	549	5495
PB2|PP755596.1|A/cattle/Texas/24-008749-003/2024(H5N1)	550	5538
PB2|PP755596.1|A/cattle/Texas/24-008749-003/2024(H5N1)	551	5544
PB2|PP755596.1|A/cattle/Texas/24-008749-003/2024(H5N1)	552	5544
PB2|PP755596.1|A/cattle/Texas/24-008749-003/2024(H5N1)	553	5397
PB2|PP755596.1|A/cattle/Texas/24-008749-003/2024(H5N1)	554	5508
PB2|PP755596.1|A/cattle/Texas/24-008749-003/2024(H5N1)	555	5494
PB2|PP755596.1|A/cattle/Texas/24-008749-003/2024(H5N1)	556	5522
PB2|PP755596.1|A/cattle/Texas/24-008749-003/2024(H5N1)	557	5529
PB2|PP755596.1|A/cattle/Texas/24-008749-003/2024(H5N1)	558	5499
PB2|PP755596.1|A/cattle/Texas/24-008749-003/2024(H5N1)	559	5506
PB2|PP755596.1|A/cattle/Texas/24-008749-003/2024(H5N1)	560	5482
PB2|PP755596.1|A/cattle/Texas/24-008749-003/2024(H5N1)	561	5514
PB2|PP755596.1|A/cattle/Texas/24-008749-003/2024(H5N1)	562	5549
PB2|PP755596.1|A/cattle/Texas/24-008749-003/2024(H5N1)	563	5546
PB2|PP755596.1|A/cattle/Texas/24-008749-003/2024(H5N1)	564	5545
PB2|PP755596.1|A/cattle/Texas/24-008749-003/2024(H5N1)	565	5427
PB2|PP755596.1|A/cattle/Texas/24-008749-003/2024(H5N1)	566	5426
PB2|PP755596.1|A/cattle/Texas/24-008749-003/2024(H5N1)	567	5452
PB2|PP755596.1|A/cattle/Texas/24-008749-003/2024(H5N1)	568	5530
PB2|PP755596.1|A/cattle/Texas/24-008749-003/2024(H5N1)	569	5532
PB2|PP755596.1|A/cattle/Texas/24-008749-003/2024(H5N1)	570	5371
PB2|PP755596.1|A/cattle/Texas/24-008749-003/2024(H5N1)	571	5396
PB2|PP755596.1|A/cattle/Texas/24-008749-003/2024(H5N1)	572	5400
PB2|PP755596.1|A/cattle/Texas/24-008749-003/2024(H5N1)	573	5391
PB2|PP755596.1|A/cattle/Texas/24-008749-003/2024(H5N1)	574	5414
PB2|PP755596.1|A/cattle/Texas/24-008749-003/2024(H5N1)	575	5433
PB2|PP755596.1|A/cattle/Texas/24-008749-003/2024(H5N1)	576	5381
PB2|PP755596.1|A/cattle/Texas/24-008749-003/2024(H5N1)	577	5671
PB2|PP755596.1|A/cattle/Texas/24-008749-003/2024(H5N1)	578	5658
PB2|PP755596.1|A/cattle/Texas/24-008749-003/2024(H5N1)	579	5713
PB2|PP755596.1|A/cattle/Texas/24-008749-003/2024(H5N1)	580	5672
PB2|PP755596.1|A/cattle/Texas/24-008749-003/2024(H5N1)	581	5671
PB2|PP755596.1|A/cattle/Texas/24-008749-003/2024(H5N1)	582	5655
PB2|PP755596.1|A/cattle/Texas/24-008749-003/2024(H5N1)	583	5643
PB2|PP755596.1|A/cattle/Texas/24-008749-003/2024(H5N1)	584	5657
PB2|PP755596.1|A/cattle/Texas/24-008749-003/2024(H5N1)	585	5376
PB2|PP755596.1|A/cattle/Texas/24-008749-003/2024(H5N1)	586	5052
PB2|PP755596.1|A/cattle/Texas/24-008749-003/2024(H5N1)	587	5057
PB2|PP755596.1|A/cattle/Texas/24-008749-003/2024(H5N1)	588	5816
PB2|PP755596.1|A/cattle/Texas/24-008749-003/2024(H5N1)	589	5817
PB2|PP755596.1|A/cattle/Texas/24-008749-003/2024(H5N1)	590	5830
PB2|PP755596.1|A/cattle/Texas/24-008749-003/2024(H5N1)	591	5817
PB2|PP755596.1|A/cattle/Texas/24-008749-003/2024(H5N1)	592	5847
PB2|PP755596.1|A/cattle/Texas/24-008749-003/2024(H5N1)	593	5800
PB2|PP755596.1|A/cattle/Texas/24-008749-003/2024(H5N1)	594	5728
PB2|PP755596.1|A/cattle/Texas/24-008749-003/2024(H5N1)	595	5727
PB2|PP755596.1|A/cattle/Texas/24-008749-003/2024(H5N1)	596	5743
PB2|PP755596.1|A/cattle/Texas/24-008749-003/2024(H5N1)	597	5695
PB2|PP755596.1|A/cattle/Texas/24-008749-003/2024(H5N1)	598	5855
PB2|PP755596.1|A/cattle/Texas/24-008749-003/2024(H5N1)	599	5885
PB2|PP755596.1|A/cattle/Texas/24-008749-003/2024(H5N1)	600	5996
PB2|PP755596.1|A/cattle/Texas/24-008749-003/2024(H5N1)	601	5830
PB2|PP755596.1|A/cattle/Texas/24-008749-003/2024(H5N1)	602	5827
PB2|PP755596.1|A/cattle/Texas/24-008749-003/2024(H5N1)	603	5823
PB2|PP755596.1|A/cattle/Texas/24-008749-003/2024(H5N1)	604	5843
PB2|PP755596.1|A/cattle/Texas/24-008749-003/2024(H5N1)	605	5820
PB2|PP755596.1|A/cattle/Texas/24-008749-003/2024(H5N1)	606	5848
PB2|PP755596.1|A/cattle/Texas/24-008749-003/2024(H5N1)	607	5852
PB2|PP755596.1|A/cattle/Texas/24-008749-003/2024(H5N1)	608	5805
PB2|PP755596.1|A/cattle/Texas/24-008749-003/2024(H5N1)	609	5676
PB2|PP755596.1|A/cattle/Texas/24-008749-003/2024(H5N1)	610	5644
PB2|PP755596.1|A/cattle/Texas/24-008749-003/2024(H5N1)	611	5656
PB2|PP755596.1|A/cattle/Texas/24-008749-003/2024(H5N1)	612	5661
PB2|PP755596.1|A/cattle/Texas/24-008749-003/2024(H5N1)	613	5658
PB2|PP755596.1|A/cattle/Texas/24-008749-003/2024(H5N1)	614	5675
PB2|PP755596.1|A/cattle/Texas/24-008749-003/2024(H5N1)	615	5507
PB2|PP755596.1|A/cattle/Texas/24-008749-003/2024(H5N1)	616	5327
PB2|PP755596.1|A/cattle/Texas/24-008749-003/2024(H5N1)	617	5296
PB2|PP755596.1|A/cattle/Texas/24-008749-003/2024(H5N1)	618	5347
PB2|PP755596.1|A/cattle/Texas/24-008749-003/2024(H5N1)	619	5522
PB2|PP755596.1|A/cattle/Texas/24-008749-003/2024(H5N1)	620	5500
PB2|PP755596.1|A/cattle/Texas/24-008749-003/2024(H5N1)	621	5488
PB2|PP755596.1|A/cattle/Texas/24-008749-003/2024(H5N1)	622	5491
PB2|PP755596.1|A/cattle/Texas/24-008749-003/2024(H5N1)	623	5619
PB2|PP755596.1|A/cattle/Texas/24-008749-003/2024(H5N1)	624	5684
PB2|PP755596.1|A/cattle/Texas/24-008749-003/2024(H5N1)	625	5643
PB2|PP755596.1|A/cattle/Texas/24-008749-003/2024(H5N1)	626	5596
PB2|PP755596.1|A/cattle/Texas/24-008749-003/2024(H5N1)	627	5514
PB2|PP755596.1|A/cattle/Texas/24-008749-003/2024(H5N1)	628	5563
PB2|PP755596.1|A/cattle/Texas/24-008749-003/2024(H5N1)	629	5531
PB2|PP755596.1|A/cattle/Texas/24-008749-003/2024(H5N1)	630	5531
PB2|PP755596.1|A/cattle/Texas/24-008749-003/2024(H5N1)	631	5400
PB2|PP755596.1|A/cattle/Texas/24-008749-003/2024(H5N1)	632	5243
PB2|PP755596.1|A/cattle/Texas/24-008749-003/2024(H5N1)	633	5256
PB2|PP755596.1|A/cattle/Texas/24-008749-003/2024(H5N1)	634	5261
PB2|PP755596.1|A/cattle/Texas/24-008749-003/2024(H5N1)	635	5250
PB2|PP755596.1|A/cattle/Texas/24-008749-003/2024(H5N1)	636	5271
PB2|PP755596.1|A/cattle/Texas/24-008749-003/2024(H5N1)	637	5206
PB2|PP755596.1|A/cattle/Texas/24-008749-003/2024(H5N1)	638	5203
PB2|PP755596.1|A/cattle/Texas/24-008749-003/2024(H5N1)	639	5186
PB2|PP755596.1|A/cattle/Texas/24-008749-003/2024(H5N1)	640	5188
PB2|PP755596.1|A/cattle/Texas/24-008749-003/2024(H5N1)	641	5268
PB2|PP755596.1|A/cattle/Texas/24-008749-003/2024(H5N1)	642	5262
PB2|PP755596.1|A/cattle/Texas/24-008749-003/2024(H5N1)	643	5289
PB2|PP755596.1|A/cattle/Texas/24-008749-003/2024(H5N1)	644	5260
PB2|PP755596.1|A/cattle/Texas/24-008749-003/2024(H5N1)	645	5403
PB2|PP755596.1|A/cattle/Texas/24-008749-003/2024(H5N1)	646	5417
PB2|PP755596.1|A/cattle/Texas/24-008749-003/2024(H5N1)	647	5474
PB2|PP755596.1|A/cattle/Texas/24-008749-003/2024(H5N1)	648	5514
PB2|PP755596.1|A/cattle/Texas/24-008749-003/2024(H5N1)	649	5519
PB2|PP755596.1|A/cattle/Texas/24-008749-003/2024(H5N1)	650	5454
PB2|PP755596.1|A/cattle/Texas/24-008749-003/2024(H5N1)	651	5447
PB2|PP755596.1|A/cattle/Texas/24-008749-003/2024(H5N1)	652	5452
PB2|PP755596.1|A/cattle/Texas/24-008749-003/2024(H5N1)	653	5463
PB2|PP755596.1|A/cattle/Texas/24-008749-003/2024(H5N1)	654	5533
PB2|PP755596.1|A/cattle/Texas/24-008749-003/2024(H5N1)	655	5522
PB2|PP755596.1|A/cattle/Texas/24-008749-003/2024(H5N1)	656	5470
PB2|PP755596.1|A/cattle/Texas/24-008749-003/2024(H5N1)	657	5408
PB2|PP755596.1|A/cattle/Texas/24-008749-003/2024(H5N1)	658	5400
PB2|PP755596.1|A/cattle/Texas/24-008749-003/2024(H5N1)	659	5428
PB2|PP755596.1|A/cattle/Texas/24-008749-003/2024(H5N1)	660	5429
PB2|PP755596.1|A/cattle/Texas/24-008749-003/2024(H5N1)	661	5419
PB2|PP755596.1|A/cattle/Texas/24-008749-003/2024(H5N1)	662	5293
PB2|PP755596.1|A/cattle/Texas/24-008749-003/2024(H5N1)	663	5269
PB2|PP755596.1|A/cattle/Texas/24-008749-003/2024(H5N1)	664	5279
PB2|PP755596.1|A/cattle/Texas/24-008749-003/2024(H5N1)	665	5375
PB2|PP755596.1|A/cattle/Texas/24-008749-003/2024(H5N1)	666	5383
PB2|PP755596.1|A/cattle/Texas/24-008749-003/2024(H5N1)	667	5407
PB2|PP755596.1|A/cattle/Texas/24-008749-003/2024(H5N1)	668	5413
PB2|PP755596.1|A/cattle/Texas/24-008749-003/2024(H5N1)	669	5417
PB2|PP755596.1|A/cattle/Texas/24-008749-003/2024(H5N1)	670	5391
PB2|PP755596.1|A/cattle/Texas/24-008749-003/2024(H5N1)	671	5513
PB2|PP755596.1|A/cattle/Texas/24-008749-003/2024(H5N1)	672	5529
PB2|PP755596.1|A/cattle/Texas/24-008749-003/2024(H5N1)	673	5526
PB2|PP755596.1|A/cattle/Texas/24-008749-003/2024(H5N1)	674	5543
PB2|PP755596.1|A/cattle/Texas/24-008749-003/2024(H5N1)	675	5539
PB2|PP755596.1|A/cattle/Texas/24-008749-003/2024(H5N1)	676	5481
PB2|PP755596.1|A/cattle/Texas/24-008749-003/2024(H5N1)	677	5585
PB2|PP755596.1|A/cattle/Texas/24-008749-003/2024(H5N1)	678	5581
PB2|PP755596.1|A/cattle/Texas/24-008749-003/2024(H5N1)	679	5678
PB2|PP755596.1|A/cattle/Texas/24-008749-003/2024(H5N1)	680	5681
PB2|PP755596.1|A/cattle/Texas/24-008749-003/2024(H5N1)	681	5673
PB2|PP755596.1|A/cattle/Texas/24-008749-003/2024(H5N1)	682	5669
PB2|PP755596.1|A/cattle/Texas/24-008749-003/2024(H5N1)	683	5937
PB2|PP755596.1|A/cattle/Texas/24-008749-003/2024(H5N1)	684	5937
PB2|PP755596.1|A/cattle/Texas/24-008749-003/2024(H5N1)	685	5941
PB2|PP755596.1|A/cattle/Texas/24-008749-003/2024(H5N1)	686	5899
PB2|PP755596.1|A/cattle/Texas/24-008749-003/2024(H5N1)	687	5772
PB2|PP755596.1|A/cattle/Texas/24-008749-003/2024(H5N1)	688	5741
PB2|PP755596.1|A/cattle/Texas/24-008749-003/2024(H5N1)	689	5659
PB2|PP755596.1|A/cattle/Texas/24-008749-003/2024(H5N1)	690	5645
PB2|PP755596.1|A/cattle/Texas/24-008749-003/2024(H5N1)	691	5702
PB2|PP755596.1|A/cattle/Texas/24-008749-003/2024(H5N1)	692	5514
PB2|PP755596.1|A/cattle/Texas/24-008749-003/2024(H5N1)	693	5520
PB2|PP755596.1|A/cattle/Texas/24-008749-003/2024(H5N1)	694	5481
PB2|PP755596.1|A/cattle/Texas/24-008749-003/2024(H5N1)	695	5468
PB2|PP755596.1|A/cattle/Texas/24-008749-003/2024(H5N1)	696	5586
PB2|PP755596.1|A/cattle/Texas/24-008749-003/2024(H5N1)	697	5874
PB2|PP755596.1|A/cattle/Texas/24-008749-003/2024(H5N1)	698	5907
PB2|PP755596.1|A/cattle/Texas/24-008749-003/2024(H5N1)	699	5911
PB2|PP755596.1|A/cattle/Texas/24-008749-003/2024(H5N1)	700	5829
PB2|PP755596.1|A/cattle/Texas/24-008749-003/2024(H5N1)	701	5833
PB2|PP755596.1|A/cattle/Texas/24-008749-003/2024(H5N1)	702	5828
PB2|PP755596.1|A/cattle/Texas/24-008749-003/2024(H5N1)	703	5877
PB2|PP755596.1|A/cattle/Texas/24-008749-003/2024(H5N1)	704	5858
PB2|PP755596.1|A/cattle/Texas/24-008749-003/2024(H5N1)	705	5788
PB2|PP755596.1|A/cattle/Texas/24-008749-003/2024(H5N1)	706	5755
PB2|PP755596.1|A/cattle/Texas/24-008749-003/2024(H5N1)	707	5736
PB2|PP755596.1|A/cattle/Texas/24-008749-003/2024(H5N1)	708	5819
PB2|PP755596.1|A/cattle/Texas/24-008749-003/2024(H5N1)	709	5904
PB2|PP755596.1|A/cattle/Texas/24-008749-003/2024(H5N1)	710	5910
PB2|PP755596.1|A/cattle/Texas/24-008749-003/2024(H5N1)	711	5911
PB2|PP755596.1|A/cattle/Texas/24-008749-003/2024(H5N1)	712	5870
PB2|PP755596.1|A/cattle/Texas/24-008749-003/2024(H5N1)	713	5875
PB2|PP755596.1|A/cattle/Texas/24-008749-003/2024(H5N1)	714	5864
PB2|PP755596.1|A/cattle/Texas/24-008749-003/2024(H5N1)	715	5888
PB2|PP755596.1|A/cattle/Texas/24-008749-003/2024(H5N1)	716	5894
PB2|PP755596.1|A/cattle/Texas/24-008749-003/2024(H5N1)	717	5840
PB2|PP755596.1|A/cattle/Texas/24-008749-003/2024(H5N1)	718	5780
PB2|PP755596.1|A/cattle/Texas/24-008749-003/2024(H5N1)	719	5771
PB2|PP755596.1|A/cattle/Texas/24-008749-003/2024(H5N1)	720	5769
PB2|PP755596.1|A/cattle/Texas/24-008749-003/2024(H5N1)	721	5814
PB2|PP755596.1|A/cattle/Texas/24-008749-003/2024(H5N1)	722	5776
PB2|PP755596.1|A/cattle/Texas/24-008749-003/2024(H5N1)	723	5781
PB2|PP755596.1|A/cattle/Texas/24-008749-003/2024(H5N1)	724	5812
PB2|PP755596.1|A/cattle/Texas/24-008749-003/2024(H5N1)	725	5803
PB2|PP755596.1|A/cattle/Texas/24-008749-003/2024(H5N1)	726	5832
PB2|PP755596.1|A/cattle/Texas/24-008749-003/2024(H5N1)	727	5846
PB2|PP755596.1|A/cattle/Texas/24-008749-003/2024(H5N1)	728	5668
PB2|PP755596.1|A/cattle/Texas/24-008749-003/2024(H5N1)	729	6290
PB2|PP755596.1|A/cattle/Texas/24-008749-003/2024(H5N1)	730	6319
PB2|PP755596.1|A/cattle/Texas/24-008749-003/2024(H5N1)	731	6325
PB2|PP755596.1|A/cattle/Texas/24-008749-003/2024(H5N1)	732	6326
PB2|PP755596.1|A/cattle/Texas/24-008749-003/2024(H5N1)	733	6309
PB2|PP755596.1|A/cattle/Texas/24-008749-003/2024(H5N1)	734	6320
PB2|PP755596.1|A/cattle/Texas/24-008749-003/2024(H5N1)	735	6249
PB2|PP755596.1|A/cattle/Texas/24-008749-003/2024(H5N1)	736	6280
PB2|PP755596.1|A/cattle/Texas/24-008749-003/2024(H5N1)	737	6261
PB2|PP755596.1|A/cattle/Texas/24-008749-003/2024(H5N1)	738	5415
PB2|PP755596.1|A/cattle/Texas/24-008749-003/2024(H5N1)	739	5422
PB2|PP755596.1|A/cattle/Texas/24-008749-003/2024(H5N1)	740	5493
PB2|PP755596.1|A/cattle/Texas/24-008749-003/2024(H5N1)	741	5500
PB2|PP755596.1|A/cattle/Texas/24-008749-003/2024(H5N1)	742	5505
PB2|PP755596.1|A/cattle/Texas/24-008749-003/2024(H5N1)	743	5486
PB2|PP755596.1|A/cattle/Texas/24-008749-003/2024(H5N1)	744	5480
PB2|PP755596.1|A/cattle/Texas/24-008749-003/2024(H5N1)	745	5498
PB2|PP755596.1|A/cattle/Texas/24-008749-003/2024(H5N1)	746	5501
PB2|PP755596.1|A/cattle/Texas/24-008749-003/2024(H5N1)	747	5503
PB2|PP755596.1|A/cattle/Texas/24-008749-003/2024(H5N1)	748	5519
PB2|PP755596.1|A/cattle/Texas/24-008749-003/2024(H5N1)	749	5403
PB2|PP755596.1|A/cattle/Texas/24-008749-003/2024(H5N1)	750	5387
PB2|PP755596.1|A/cattle/Texas/24-008749-003/2024(H5N1)	751	5294
PB2|PP755596.1|A/cattle/Texas/24-008749-003/2024(H5N1)	752	5284
PB2|PP755596.1|A/cattle/Texas/24-008749-003/2024(H5N1)	753	5288
PB2|PP755596.1|A/cattle/Texas/24-008749-003/2024(H5N1)	754	5271
PB2|PP755596.1|A/cattle/Texas/24-008749-003/2024(H5N1)	755	5283
PB2|PP755596.1|A/cattle/Texas/24-008749-003/2024(H5N1)	756	5245
PB2|PP755596.1|A/cattle/Texas/24-008749-003/2024(H5N1)	757	5232
PB2|PP755596.1|A/cattle/Texas/24-008749-003/2024(H5N1)	758	5167
PB2|PP755596.1|A/cattle/Texas/24-008749-003/2024(H5N1)	759	5142
PB2|PP755596.1|A/cattle/Texas/24-008749-003/2024(H5N1)	760	5173
PB2|PP755596.1|A/cattle/Texas/24-008749-003/2024(H5N1)	761	5323
PB2|PP755596.1|A/cattle/Texas/24-008749-003/2024(H5N1)	762	5307
PB2|PP755596.1|A/cattle/Texas/24-008749-003/2024(H5N1)	763	5296
PB2|PP755596.1|A/cattle/Texas/24-008749-003/2024(H5N1)	764	5286
PB2|PP755596.1|A/cattle/Texas/24-008749-003/2024(H5N1)	765	5228
PB2|PP755596.1|A/cattle/Texas/24-008749-003/2024(H5N1)	766	5354
PB2|PP755596.1|A/cattle/Texas/24-008749-003/2024(H5N1)	767	5356
PB2|PP755596.1|A/cattle/Texas/24-008749-003/2024(H5N1)	768	5372
PB2|PP755596.1|A/cattle/Texas/24-008749-003/2024(H5N1)	769	5299
PB2|PP755596.1|A/cattle/Texas/24-008749-003/2024(H5N1)	770	5219
PB2|PP755596.1|A/cattle/Texas/24-008749-003/2024(H5N1)	771	5237
PB2|PP755596.1|A/cattle/Texas/24-008749-003/2024(H5N1)	772	5277
PB2|PP755596.1|A/cattle/Texas/24-008749-003/2024(H5N1)	773	5335
PB2|PP755596.1|A/cattle/Texas/24-008749-003/2024(H5N1)	774	5225
PB2|PP755596.1|A/cattle/Texas/24-008749-003/2024(H5N1)	775	5151
PB2|PP755596.1|A/cattle/Texas/24-008749-003/2024(H5N1)	776	5162
PB2|PP755596.1|A/cattle/Texas/24-008749-003/2024(H5N1)	777	5294
PB2|PP755596.1|A/cattle/Texas/24-008749-003/2024(H5N1)	778	5312
PB2|PP755596.1|A/cattle/Texas/24-008749-003/2024(H5N1)	779	5272
PB2|PP755596.1|A/cattle/Texas/24-008749-003/2024(H5N1)	780	5278
PB2|PP755596.1|A/cattle/Texas/24-008749-003/2024(H5N1)	781	5214
PB2|PP755596.1|A/cattle/Texas/24-008749-003/2024(H5N1)	782	5196
PB2|PP755596.1|A/cattle/Texas/24-008749-003/2024(H5N1)	783	5340
PB2|PP755596.1|A/cattle/Texas/24-008749-003/2024(H5N1)	784	5352
PB2|PP755596.1|A/cattle/Texas/24-008749-003/2024(H5N1)	785	5424
PB2|PP755596.1|A/cattle/Texas/24-008749-003/2024(H5N1)	786	5422
PB2|PP755596.1|A/cattle/Texas/24-008749-003/2024(H5N1)	787	5606
PB2|PP755596.1|A/cattle/Texas/24-008749-003/2024(H5N1)	788	5687
PB2|PP755596.1|A/cattle/Texas/24-008749-003/2024(H5N1)	789	5693
PB2|PP755596.1|A/cattle/Texas/24-008749-003/2024(H5N1)	790	5702
PB2|PP755596.1|A/cattle/Texas/24-008749-003/2024(H5N1)	791	5719
PB2|PP755596.1|A/cattle/Texas/24-008749-003/2024(H5N1)	792	5730
PB2|PP755596.1|A/cattle/Texas/24-008749-003/2024(H5N1)	793	5725
PB2|PP755596.1|A/cattle/Texas/24-008749-003/2024(H5N1)	794	5694
PB2|PP755596.1|A/cattle/Texas/24-008749-003/2024(H5N1)	795	5716
PB2|PP755596.1|A/cattle/Texas/24-008749-003/2024(H5N1)	796	5613
PB2|PP755596.1|A/cattle/Texas/24-008749-003/2024(H5N1)	797	5629
PB2|PP755596.1|A/cattle/Texas/24-008749-003/2024(H5N1)	798	5607
PB2|PP755596.1|A/cattle/Texas/24-008749-003/2024(H5N1)	799	5590
PB2|PP755596.1|A/cattle/Texas/24-008749-003/2024(H5N1)	800	5600
PB2|PP755596.1|A/cattle/Texas/24-008749-003/2024(H5N1)	801	5535
PB2|PP755596.1|A/cattle/Texas/24-008749-003/2024(H5N1)	802	5535
PB2|PP755596.1|A/cattle/Texas/24-008749-003/2024(H5N1)	803	5569
PB2|PP755596.1|A/cattle/Texas/24-008749-003/2024(H5N1)	804	5814
PB2|PP755596.1|A/cattle/Texas/24-008749-003/2024(H5N1)	805	5743
PB2|PP755596.1|A/cattle/Texas/24-008749-003/2024(H5N1)	806	5829
PB2|PP755596.1|A/cattle/Texas/24-008749-003/2024(H5N1)	807	5813
PB2|PP755596.1|A/cattle/Texas/24-008749-003/2024(H5N1)	808	5833
PB2|PP755596.1|A/cattle/Texas/24-008749-003/2024(H5N1)	809	5832
PB2|PP755596.1|A/cattle/Texas/24-008749-003/2024(H5N1)	810	5849
PB2|PP755596.1|A/cattle/Texas/24-008749-003/2024(H5N1)	811	5839
PB2|PP755596.1|A/cattle/Texas/24-008749-003/2024(H5N1)	812	5875
PB2|PP755596.1|A/cattle/Texas/24-008749-003/2024(H5N1)	813	5892
PB2|PP755596.1|A/cattle/Texas/24-008749-003/2024(H5N1)	814	5999
PB2|PP755596.1|A/cattle/Texas/24-008749-003/2024(H5N1)	815	6012
PB2|PP755596.1|A/cattle/Texas/24-008749-003/2024(H5N1)	816	6017
PB2|PP755596.1|A/cattle/Texas/24-008749-003/2024(H5N1)	817	6028
PB2|PP755596.1|A/cattle/Texas/24-008749-003/2024(H5N1)	818	6061
PB2|PP755596.1|A/cattle/Texas/24-008749-003/2024(H5N1)	819	6058
PB2|PP755596.1|A/cattle/Texas/24-008749-003/2024(H5N1)	820	6032
PB2|PP755596.1|A/cattle/Texas/24-008749-003/2024(H5N1)	821	6021
PB2|PP755596.1|A/cattle/Texas/24-008749-003/2024(H5N1)	822	5846
PB2|PP755596.1|A/cattle/Texas/24-008749-003/2024(H5N1)	823	5856
PB2|PP755596.1|A/cattle/Texas/24-008749-003/2024(H5N1)	824	5941
PB2|PP755596.1|A/cattle/Texas/24-008749-003/2024(H5N1)	825	6060
PB2|PP755596.1|A/cattle/Texas/24-008749-003/2024(H5N1)	826	6055
PB2|PP755596.1|A/cattle/Texas/24-008749-003/2024(H5N1)	827	5918
PB2|PP755596.1|A/cattle/Texas/24-008749-003/2024(H5N1)	828	5924
PB2|PP755596.1|A/cattle/Texas/24-008749-003/2024(H5N1)	829	5983
PB2|PP755596.1|A/cattle/Texas/24-008749-003/2024(H5N1)	830	5925
PB2|PP755596.1|A/cattle/Texas/24-008749-003/2024(H5N1)	831	5919
PB2|PP755596.1|A/cattle/Texas/24-008749-003/2024(H5N1)	832	5911
PB2|PP755596.1|A/cattle/Texas/24-008749-003/2024(H5N1)	833	5747
PB2|PP755596.1|A/cattle/Texas/24-008749-003/2024(H5N1)	834	5632
PB2|PP755596.1|A/cattle/Texas/24-008749-003/2024(H5N1)	835	5631
PB2|PP755596.1|A/cattle/Texas/24-008749-003/2024(H5N1)	836	5647
PB2|PP755596.1|A/cattle/Texas/24-008749-003/2024(H5N1)	837	5651
PB2|PP755596.1|A/cattle/Texas/24-008749-003/2024(H5N1)	838	6056
PB2|PP755596.1|A/cattle/Texas/24-008749-003/2024(H5N1)	839	6054
PB2|PP755596.1|A/cattle/Texas/24-008749-003/2024(H5N1)	840	6070
PB2|PP755596.1|A/cattle/Texas/24-008749-003/2024(H5N1)	841	6077
PB2|PP755596.1|A/cattle/Texas/24-008749-003/2024(H5N1)	842	6029
PB2|PP755596.1|A/cattle/Texas/24-008749-003/2024(H5N1)	843	6036
PB2|PP755596.1|A/cattle/Texas/24-008749-003/2024(H5N1)	844	6028
PB2|PP755596.1|A/cattle/Texas/24-008749-003/2024(H5N1)	845	6000
PB2|PP755596.1|A/cattle/Texas/24-008749-003/2024(H5N1)	846	6003
PB2|PP755596.1|A/cattle/Texas/24-008749-003/2024(H5N1)	847	5675
PB2|PP755596.1|A/cattle/Texas/24-008749-003/2024(H5N1)	848	5627
PB2|PP755596.1|A/cattle/Texas/24-008749-003/2024(H5N1)	849	5771
PB2|PP755596.1|A/cattle/Texas/24-008749-003/2024(H5N1)	850	5782
PB2|PP755596.1|A/cattle/Texas/24-008749-003/2024(H5N1)	851	5784
PB2|PP755596.1|A/cattle/Texas/24-008749-003/2024(H5N1)	852	5792
PB2|PP755596.1|A/cattle/Texas/24-008749-003/2024(H5N1)	853	5806
PB2|PP755596.1|A/cattle/Texas/24-008749-003/2024(H5N1)	854	5800
PB2|PP755596.1|A/cattle/Texas/24-008749-003/2024(H5N1)	855	5787
PB2|PP755596.1|A/cattle/Texas/24-008749-003/2024(H5N1)	856	5761
PB2|PP755596.1|A/cattle/Texas/24-008749-003/2024(H5N1)	857	5805
PB2|PP755596.1|A/cattle/Texas/24-008749-003/2024(H5N1)	858	5704
PB2|PP755596.1|A/cattle/Texas/24-008749-003/2024(H5N1)	859	5713
PB2|PP755596.1|A/cattle/Texas/24-008749-003/2024(H5N1)	860	5740
PB2|PP755596.1|A/cattle/Texas/24-008749-003/2024(H5N1)	861	5730
PB2|PP755596.1|A/cattle/Texas/24-008749-003/2024(H5N1)	862	5784
PB2|PP755596.1|A/cattle/Texas/24-008749-003/2024(H5N1)	863	5782
PB2|PP755596.1|A/cattle/Texas/24-008749-003/2024(H5N1)	864	5828
PB2|PP755596.1|A/cattle/Texas/24-008749-003/2024(H5N1)	865	5830
PB2|PP755596.1|A/cattle/Texas/24-008749-003/2024(H5N1)	866	5789
PB2|PP755596.1|A/cattle/Texas/24-008749-003/2024(H5N1)	867	5782
PB2|PP755596.1|A/cattle/Texas/24-008749-003/2024(H5N1)	868	5772
PB2|PP755596.1|A/cattle/Texas/24-008749-003/2024(H5N1)	869	5756
PB2|PP755596.1|A/cattle/Texas/24-008749-003/2024(H5N1)	870	5761
PB2|PP755596.1|A/cattle/Texas/24-008749-003/2024(H5N1)	871	5750
PB2|PP755596.1|A/cattle/Texas/24-008749-003/2024(H5N1)	872	5929
PB2|PP755596.1|A/cattle/Texas/24-008749-003/2024(H5N1)	873	5863
PB2|PP755596.1|A/cattle/Texas/24-008749-003/2024(H5N1)	874	5859
PB2|PP755596.1|A/cattle/Texas/24-008749-003/2024(H5N1)	875	5863
PB2|PP755596.1|A/cattle/Texas/24-008749-003/2024(H5N1)	876	5862
PB2|PP755596.1|A/cattle/Texas/24-008749-003/2024(H5N1)	877	5813
PB2|PP755596.1|A/cattle/Texas/24-008749-003/2024(H5N1)	878	5867
PB2|PP755596.1|A/cattle/Texas/24-008749-003/2024(H5N1)	879	5881
PB2|PP755596.1|A/cattle/Texas/24-008749-003/2024(H5N1)	880	5428
PB2|PP755596.1|A/cattle/Texas/24-008749-003/2024(H5N1)	881	5367
PB2|PP755596.1|A/cattle/Texas/24-008749-003/2024(H5N1)	882	5385
PB2|PP755596.1|A/cattle/Texas/24-008749-003/2024(H5N1)	883	5464
PB2|PP755596.1|A/cattle/Texas/24-008749-003/2024(H5N1)	884	5463
PB2|PP755596.1|A/cattle/Texas/24-008749-003/2024(H5N1)	885	5435
PB2|PP755596.1|A/cattle/Texas/24-008749-003/2024(H5N1)	886	5431
PB2|PP755596.1|A/cattle/Texas/24-008749-003/2024(H5N1)	887	5387
PB2|PP755596.1|A/cattle/Texas/24-008749-003/2024(H5N1)	888	5403
PB2|PP755596.1|A/cattle/Texas/24-008749-003/2024(H5N1)	889	5367
PB2|PP755596.1|A/cattle/Texas/24-008749-003/2024(H5N1)	890	5488
PB2|PP755596.1|A/cattle/Texas/24-008749-003/2024(H5N1)	891	5459
PB2|PP755596.1|A/cattle/Texas/24-008749-003/2024(H5N1)	892	5464
PB2|PP755596.1|A/cattle/Texas/24-008749-003/2024(H5N1)	893	5445
PB2|PP755596.1|A/cattle/Texas/24-008749-003/2024(H5N1)	894	5447
PB2|PP755596.1|A/cattle/Texas/24-008749-003/2024(H5N1)	895	5443
PB2|PP755596.1|A/cattle/Texas/24-008749-003/2024(H5N1)	896	5435
PB2|PP755596.1|A/cattle/Texas/24-008749-003/2024(H5N1)	897	5451
PB2|PP755596.1|A/cattle/Texas/24-008749-003/2024(H5N1)	898	5433
PB2|PP755596.1|A/cattle/Texas/24-008749-003/2024(H5N1)	899	5373
PB2|PP755596.1|A/cattle/Texas/24-008749-003/2024(H5N1)	900	5415
PB2|PP755596.1|A/cattle/Texas/24-008749-003/2024(H5N1)	901	5407
PB2|PP755596.1|A/cattle/Texas/24-008749-003/2024(H5N1)	902	5578
PB2|PP755596.1|A/cattle/Texas/24-008749-003/2024(H5N1)	903	5589
PB2|PP755596.1|A/cattle/Texas/24-008749-003/2024(H5N1)	904	5590
PB2|PP755596.1|A/cattle/Texas/24-008749-003/2024(H5N1)	905	5591
PB2|PP755596.1|A/cattle/Texas/24-008749-003/2024(H5N1)	906	5585
PB2|PP755596.1|A/cattle/Texas/24-008749-003/2024(H5N1)	907	5558
PB2|PP755596.1|A/cattle/Texas/24-008749-003/2024(H5N1)	908	5551
PB2|PP755596.1|A/cattle/Texas/24-008749-003/2024(H5N1)	909	5510
PB2|PP755596.1|A/cattle/Texas/24-008749-003/2024(H5N1)	910	5541
PB2|PP755596.1|A/cattle/Texas/24-008749-003/2024(H5N1)	911	5495
PB2|PP755596.1|A/cattle/Texas/24-008749-003/2024(H5N1)	912	5499
PB2|PP755596.1|A/cattle/Texas/24-008749-003/2024(H5N1)	913	5518
PB2|PP755596.1|A/cattle/Texas/24-008749-003/2024(H5N1)	914	5558
PB2|PP755596.1|A/cattle/Texas/24-008749-003/2024(H5N1)	915	5557
PB2|PP755596.1|A/cattle/Texas/24-008749-003/2024(H5N1)	916	5600
PB2|PP755596.1|A/cattle/Texas/24-008749-003/2024(H5N1)	917	5585
PB2|PP755596.1|A/cattle/Texas/24-008749-003/2024(H5N1)	918	5589
PB2|PP755596.1|A/cattle/Texas/24-008749-003/2024(H5N1)	919	5734
PB2|PP755596.1|A/cattle/Texas/24-008749-003/2024(H5N1)	920	5783
PB2|PP755596.1|A/cattle/Texas/24-008749-003/2024(H5N1)	921	5700
PB2|PP755596.1|A/cattle/Texas/24-008749-003/2024(H5N1)	922	5698
PB2|PP755596.1|A/cattle/Texas/24-008749-003/2024(H5N1)	923	5688
PB2|PP755596.1|A/cattle/Texas/24-008749-003/2024(H5N1)	924	5652
PB2|PP755596.1|A/cattle/Texas/24-008749-003/2024(H5N1)	925	6030
PB2|PP755596.1|A/cattle/Texas/24-008749-003/2024(H5N1)	926	6076
PB2|PP755596.1|A/cattle/Texas/24-008749-003/2024(H5N1)	927	6230
PB2|PP755596.1|A/cattle/Texas/24-008749-003/2024(H5N1)	928	6064
PB2|PP755596.1|A/cattle/Texas/24-008749-003/2024(H5N1)	929	6077
PB2|PP755596.1|A/cattle/Texas/24-008749-003/2024(H5N1)	930	6173
PB2|PP755596.1|A/cattle/Texas/24-008749-003/2024(H5N1)	931	6164
PB2|PP755596.1|A/cattle/Texas/24-008749-003/2024(H5N1)	932	6163
PB2|PP755596.1|A/cattle/Texas/24-008749-003/2024(H5N1)	933	6194
PB2|PP755596.1|A/cattle/Texas/24-008749-003/2024(H5N1)	934	6193
PB2|PP755596.1|A/cattle/Texas/24-008749-003/2024(H5N1)	935	6181
PB2|PP755596.1|A/cattle/Texas/24-008749-003/2024(H5N1)	936	6091
PB2|PP755596.1|A/cattle/Texas/24-008749-003/2024(H5N1)	937	6108
PB2|PP755596.1|A/cattle/Texas/24-008749-003/2024(H5N1)	938	5945
PB2|PP755596.1|A/cattle/Texas/24-008749-003/2024(H5N1)	939	5875
PB2|PP755596.1|A/cattle/Texas/24-008749-003/2024(H5N1)	940	5937
PB2|PP755596.1|A/cattle/Texas/24-008749-003/2024(H5N1)	941	5931
PB2|PP755596.1|A/cattle/Texas/24-008749-003/2024(H5N1)	942	5958
PB2|PP755596.1|A/cattle/Texas/24-008749-003/2024(H5N1)	943	5921
PB2|PP755596.1|A/cattle/Texas/24-008749-003/2024(H5N1)	944	5966
PB2|PP755596.1|A/cattle/Texas/24-008749-003/2024(H5N1)	945	6144
PB2|PP755596.1|A/cattle/Texas/24-008749-003/2024(H5N1)	946	6255
PB2|PP755596.1|A/cattle/Texas/24-008749-003/2024(H5N1)	947	6258
PB2|PP755596.1|A/cattle/Texas/24-008749-003/2024(H5N1)	948	6235
PB2|PP755596.1|A/cattle/Texas/24-008749-003/2024(H5N1)	949	6225
PB2|PP755596.1|A/cattle/Texas/24-008749-003/2024(H5N1)	950	6215
PB2|PP755596.1|A/cattle/Texas/24-008749-003/2024(H5N1)	951	6223
PB2|PP755596.1|A/cattle/Texas/24-008749-003/2024(H5N1)	952	6224
PB2|PP755596.1|A/cattle/Texas/24-008749-003/2024(H5N1)	953	6298
PB2|PP755596.1|A/cattle/Texas/24-008749-003/2024(H5N1)	954	6305
PB2|PP755596.1|A/cattle/Texas/24-008749-003/2024(H5N1)	955	6197
PB2|PP755596.1|A/cattle/Texas/24-008749-003/2024(H5N1)	956	6171
PB2|PP755596.1|A/cattle/Texas/24-008749-003/2024(H5N1)	957	6090
PB2|PP755596.1|A/cattle/Texas/24-008749-003/2024(H5N1)	958	6103
PB2|PP755596.1|A/cattle/Texas/24-008749-003/2024(H5N1)	959	6106
PB2|PP755596.1|A/cattle/Texas/24-008749-003/2024(H5N1)	960	6156
PB2|PP755596.1|A/cattle/Texas/24-008749-003/2024(H5N1)	961	6142
PB2|PP755596.1|A/cattle/Texas/24-008749-003/2024(H5N1)	962	6037
PB2|PP755596.1|A/cattle/Texas/24-008749-003/2024(H5N1)	963	5968
PB2|PP755596.1|A/cattle/Texas/24-008749-003/2024(H5N1)	964	6037
PB2|PP755596.1|A/cattle/Texas/24-008749-003/2024(H5N1)	965	5945
PB2|PP755596.1|A/cattle/Texas/24-008749-003/2024(H5N1)	966	5930
PB2|PP755596.1|A/cattle/Texas/24-008749-003/2024(H5N1)	967	5915
PB2|PP755596.1|A/cattle/Texas/24-008749-003/2024(H5N1)	968	5902
PB2|PP755596.1|A/cattle/Texas/24-008749-003/2024(H5N1)	969	5835
PB2|PP755596.1|A/cattle/Texas/24-008749-003/2024(H5N1)	970	5834
PB2|PP755596.1|A/cattle/Texas/24-008749-003/2024(H5N1)	971	5932
PB2|PP755596.1|A/cattle/Texas/24-008749-003/2024(H5N1)	972	6046
PB2|PP755596.1|A/cattle/Texas/24-008749-003/2024(H5N1)	973	5946
PB2|PP755596.1|A/cattle/Texas/24-008749-003/2024(H5N1)	974	5945
PB2|PP755596.1|A/cattle/Texas/24-008749-003/2024(H5N1)	975	6117
PB2|PP755596.1|A/cattle/Texas/24-008749-003/2024(H5N1)	976	6015
PB2|PP755596.1|A/cattle/Texas/24-008749-003/2024(H5N1)	977	6015
PB2|PP755596.1|A/cattle/Texas/24-008749-003/2024(H5N1)	978	5987
PB2|PP755596.1|A/cattle/Texas/24-008749-003/2024(H5N1)	979	5995
PB2|PP755596.1|A/cattle/Texas/24-008749-003/2024(H5N1)	980	5902
PB2|PP755596.1|A/cattle/Texas/24-008749-003/2024(H5N1)	981	5917
PB2|PP755596.1|A/cattle/Texas/24-008749-003/2024(H5N1)	982	5912
PB2|PP755596.1|A/cattle/Texas/24-008749-003/2024(H5N1)	983	5909
PB2|PP755596.1|A/cattle/Texas/24-008749-003/2024(H5N1)	984	5919
PB2|PP755596.1|A/cattle/Texas/24-008749-003/2024(H5N1)	985	5906
PB2|PP755596.1|A/cattle/Texas/24-008749-003/2024(H5N1)	986	5888
PB2|PP755596.1|A/cattle/Texas/24-008749-003/2024(H5N1)	987	5886
PB2|PP755596.1|A/cattle/Texas/24-008749-003/2024(H5N1)	988	5866
PB2|PP755596.1|A/cattle/Texas/24-008749-003/2024(H5N1)	989	5486
PB2|PP755596.1|A/cattle/Texas/24-008749-003/2024(H5N1)	990	5486
PB2|PP755596.1|A/cattle/Texas/24-008749-003/2024(H5N1)	991	5718
PB2|PP755596.1|A/cattle/Texas/24-008749-003/2024(H5N1)	992	5714
PB2|PP755596.1|A/cattle/Texas/24-008749-003/2024(H5N1)	993	5715
PB2|PP755596.1|A/cattle/Texas/24-008749-003/2024(H5N1)	994	5700
PB2|PP755596.1|A/cattle/Texas/24-008749-003/2024(H5N1)	995	5753
PB2|PP755596.1|A/cattle/Texas/24-008749-003/2024(H5N1)	996	5744
PB2|PP755596.1|A/cattle/Texas/24-008749-003/2024(H5N1)	997	5781
PB2|PP755596.1|A/cattle/Texas/24-008749-003/2024(H5N1)	998	5799
PB2|PP755596.1|A/cattle/Texas/24-008749-003/2024(H5N1)	999	5803
PB2|PP755596.1|A/cattle/Texas/24-008749-003/2024(H5N1)	1000	5666
PB2|PP755596.1|A/cattle/Texas/24-008749-003/2024(H5N1)	1001	5682
PB2|PP755596.1|A/cattle/Texas/24-008749-003/2024(H5N1)	1002	5719
PB2|PP755596.1|A/cattle/Texas/24-008749-003/2024(H5N1)	1003	5710
PB2|PP755596.1|A/cattle/Texas/24-008749-003/2024(H5N1)	1004	5675
PB2|PP755596.1|A/cattle/Texas/24-008749-003/2024(H5N1)	1005	5669
PB2|PP755596.1|A/cattle/Texas/24-008749-003/2024(H5N1)	1006	5917
PB2|PP755596.1|A/cattle/Texas/24-008749-003/2024(H5N1)	1007	5840
PB2|PP755596.1|A/cattle/Texas/24-008749-003/2024(H5N1)	1008	5843
PB2|PP755596.1|A/cattle/Texas/24-008749-003/2024(H5N1)	1009	5837
PB2|PP755596.1|A/cattle/Texas/24-008749-003/2024(H5N1)	1010	5801
PB2|PP755596.1|A/cattle/Texas/24-008749-003/2024(H5N1)	1011	5774
PB2|PP755596.1|A/cattle/Texas/24-008749-003/2024(H5N1)	1012	5883
PB2|PP755596.1|A/cattle/Texas/24-008749-003/2024(H5N1)	1013	5879
PB2|PP755596.1|A/cattle/Texas/24-008749-003/2024(H5N1)	1014	5835
PB2|PP755596.1|A/cattle/Texas/24-008749-003/2024(H5N1)	1015	5833
PB2|PP755596.1|A/cattle/Texas/24-008749-003/2024(H5N1)	1016	5856
PB2|PP755596.1|A/cattle/Texas/24-008749-003/2024(H5N1)	1017	5857
PB2|PP755596.1|A/cattle/Texas/24-008749-003/2024(H5N1)	1018	5855
PB2|PP755596.1|A/cattle/Texas/24-008749-003/2024(H5N1)	1019	5935
PB2|PP755596.1|A/cattle/Texas/24-008749-003/2024(H5N1)	1020	6015
PB2|PP755596.1|A/cattle/Texas/24-008749-003/2024(H5N1)	1021	5935
PB2|PP755596.1|A/cattle/Texas/24-008749-003/2024(H5N1)	1022	5904
PB2|PP755596.1|A/cattle/Texas/24-008749-003/2024(H5N1)	1023	5813
PB2|PP755596.1|A/cattle/Texas/24-008749-003/2024(H5N1)	1024	5866
PB2|PP755596.1|A/cattle/Texas/24-008749-003/2024(H5N1)	1025	5922
PB2|PP755596.1|A/cattle/Texas/24-008749-003/2024(H5N1)	1026	5902
PB2|PP755596.1|A/cattle/Texas/24-008749-003/2024(H5N1)	1027	5907
PB2|PP755596.1|A/cattle/Texas/24-008749-003/2024(H5N1)	1028	5859
PB2|PP755596.1|A/cattle/Texas/24-008749-003/2024(H5N1)	1029	5762
PB2|PP755596.1|A/cattle/Texas/24-008749-003/2024(H5N1)	1030	5794
PB2|PP755596.1|A/cattle/Texas/24-008749-003/2024(H5N1)	1031	5704
PB2|PP755596.1|A/cattle/Texas/24-008749-003/2024(H5N1)	1032	5732
PB2|PP755596.1|A/cattle/Texas/24-008749-003/2024(H5N1)	1033	5646
PB2|PP755596.1|A/cattle/Texas/24-008749-003/2024(H5N1)	1034	5760
PB2|PP755596.1|A/cattle/Texas/24-008749-003/2024(H5N1)	1035	5759
PB2|PP755596.1|A/cattle/Texas/24-008749-003/2024(H5N1)	1036	5751
PB2|PP755596.1|A/cattle/Texas/24-008749-003/2024(H5N1)	1037	5757
PB2|PP755596.1|A/cattle/Texas/24-008749-003/2024(H5N1)	1038	5767
PB2|PP755596.1|A/cattle/Texas/24-008749-003/2024(H5N1)	1039	5749
PB2|PP755596.1|A/cattle/Texas/24-008749-003/2024(H5N1)	1040	5750
PB2|PP755596.1|A/cattle/Texas/24-008749-003/2024(H5N1)	1041	5624
PB2|PP755596.1|A/cattle/Texas/24-008749-003/2024(H5N1)	1042	5598
PB2|PP755596.1|A/cattle/Texas/24-008749-003/2024(H5N1)	1043	5600
PB2|PP755596.1|A/cattle/Texas/24-008749-003/2024(H5N1)	1044	5671
PB2|PP755596.1|A/cattle/Texas/24-008749-003/2024(H5N1)	1045	5682
PB2|PP755596.1|A/cattle/Texas/24-008749-003/2024(H5N1)	1046	5714
PB2|PP755596.1|A/cattle/Texas/24-008749-003/2024(H5N1)	1047	5714
PB2|PP755596.1|A/cattle/Texas/24-008749-003/2024(H5N1)	1048	5803
PB2|PP755596.1|A/cattle/Texas/24-008749-003/2024(H5N1)	1049	5803
PB2|PP755596.1|A/cattle/Texas/24-008749-003/2024(H5N1)	1050	5807
PB2|PP755596.1|A/cattle/Texas/24-008749-003/2024(H5N1)	1051	5777
PB2|PP755596.1|A/cattle/Texas/24-008749-003/2024(H5N1)	1052	5747
PB2|PP755596.1|A/cattle/Texas/24-008749-003/2024(H5N1)	1053	5689
PB2|PP755596.1|A/cattle/Texas/24-008749-003/2024(H5N1)	1054	5679
PB2|PP755596.1|A/cattle/Texas/24-008749-003/2024(H5N1)	1055	5674
PB2|PP755596.1|A/cattle/Texas/24-008749-003/2024(H5N1)	1056	5714
PB2|PP755596.1|A/cattle/Texas/24-008749-003/2024(H5N1)	1057	5998
PB2|PP755596.1|A/cattle/Texas/24-008749-003/2024(H5N1)	1058	6246
PB2|PP755596.1|A/cattle/Texas/24-008749-003/2024(H5N1)	1059	6231
PB2|PP755596.1|A/cattle/Texas/24-008749-003/2024(H5N1)	1060	6242
PB2|PP755596.1|A/cattle/Texas/24-008749-003/2024(H5N1)	1061	6199
PB2|PP755596.1|A/cattle/Texas/24-008749-003/2024(H5N1)	1062	6236
PB2|PP755596.1|A/cattle/Texas/24-008749-003/2024(H5N1)	1063	6144
PB2|PP755596.1|A/cattle/Texas/24-008749-003/2024(H5N1)	1064	6170
PB2|PP755596.1|A/cattle/Texas/24-008749-003/2024(H5N1)	1065	6144
PB2|PP755596.1|A/cattle/Texas/24-008749-003/2024(H5N1)	1066	6330
PB2|PP755596.1|A/cattle/Texas/24-008749-003/2024(H5N1)	1067	6186
PB2|PP755596.1|A/cattle/Texas/24-008749-003/2024(H5N1)	1068	6218
PB2|PP755596.1|A/cattle/Texas/24-008749-003/2024(H5N1)	1069	6172
PB2|PP755596.1|A/cattle/Texas/24-008749-003/2024(H5N1)	1070	6178
PB2|PP755596.1|A/cattle/Texas/24-008749-003/2024(H5N1)	1071	6161
PB2|PP755596.1|A/cattle/Texas/24-008749-003/2024(H5N1)	1072	6166
PB2|PP755596.1|A/cattle/Texas/24-008749-003/2024(H5N1)	1073	6200
PB2|PP755596.1|A/cattle/Texas/24-008749-003/2024(H5N1)	1074	6244
PB2|PP755596.1|A/cattle/Texas/24-008749-003/2024(H5N1)	1075	6186
PB2|PP755596.1|A/cattle/Texas/24-008749-003/2024(H5N1)	1076	6134
PB2|PP755596.1|A/cattle/Texas/24-008749-003/2024(H5N1)	1077	6123
PB2|PP755596.1|A/cattle/Texas/24-008749-003/2024(H5N1)	1078	5953
PB2|PP755596.1|A/cattle/Texas/24-008749-003/2024(H5N1)	1079	6013
PB2|PP755596.1|A/cattle/Texas/24-008749-003/2024(H5N1)	1080	5992
PB2|PP755596.1|A/cattle/Texas/24-008749-003/2024(H5N1)	1081	5933
PB2|PP755596.1|A/cattle/Texas/24-008749-003/2024(H5N1)	1082	5932
PB2|PP755596.1|A/cattle/Texas/24-008749-003/2024(H5N1)	1083	5884
PB2|PP755596.1|A/cattle/Texas/24-008749-003/2024(H5N1)	1084	5877
PB2|PP755596.1|A/cattle/Texas/24-008749-003/2024(H5N1)	1085	5582
PB2|PP755596.1|A/cattle/Texas/24-008749-003/2024(H5N1)	1086	5591
PB2|PP755596.1|A/cattle/Texas/24-008749-003/2024(H5N1)	1087	5702
PB2|PP755596.1|A/cattle/Texas/24-008749-003/2024(H5N1)	1088	5917
PB2|PP755596.1|A/cattle/Texas/24-008749-003/2024(H5N1)	1089	5942
PB2|PP755596.1|A/cattle/Texas/24-008749-003/2024(H5N1)	1090	5948
PB2|PP755596.1|A/cattle/Texas/24-008749-003/2024(H5N1)	1091	5951
PB2|PP755596.1|A/cattle/Texas/24-008749-003/2024(H5N1)	1092	5951
PB2|PP755596.1|A/cattle/Texas/24-008749-003/2024(H5N1)	1093	5952
PB2|PP755596.1|A/cattle/Texas/24-008749-003/2024(H5N1)	1094	5932
PB2|PP755596.1|A/cattle/Texas/24-008749-003/2024(H5N1)	1095	5967
PB2|PP755596.1|A/cattle/Texas/24-008749-003/2024(H5N1)	1096	5875
PB2|PP755596.1|A/cattle/Texas/24-008749-003/2024(H5N1)	1097	5772
PB2|PP755596.1|A/cattle/Texas/24-008749-003/2024(H5N1)	1098	5785
PB2|PP755596.1|A/cattle/Texas/24-008749-003/2024(H5N1)	1099	5782
PB2|PP755596.1|A/cattle/Texas/24-008749-003/2024(H5N1)	1100	5815
PB2|PP755596.1|A/cattle/Texas/24-008749-003/2024(H5N1)	1101	5820
PB2|PP755596.1|A/cattle/Texas/24-008749-003/2024(H5N1)	1102	5803
PB2|PP755596.1|A/cattle/Texas/24-008749-003/2024(H5N1)	1103	5809
PB2|PP755596.1|A/cattle/Texas/24-008749-003/2024(H5N1)	1104	5692
PB2|PP755596.1|A/cattle/Texas/24-008749-003/2024(H5N1)	1105	5569
PB2|PP755596.1|A/cattle/Texas/24-008749-003/2024(H5N1)	1106	5623
PB2|PP755596.1|A/cattle/Texas/24-008749-003/2024(H5N1)	1107	5627
PB2|PP755596.1|A/cattle/Texas/24-008749-003/2024(H5N1)	1108	5681
PB2|PP755596.1|A/cattle/Texas/24-008749-003/2024(H5N1)	1109	5666
PB2|PP755596.1|A/cattle/Texas/24-008749-003/2024(H5N1)	1110	5647
PB2|PP755596.1|A/cattle/Texas/24-008749-003/2024(H5N1)	1111	5651
PB2|PP755596.1|A/cattle/Texas/24-008749-003/2024(H5N1)	1112	5785
PB2|PP755596.1|A/cattle/Texas/24-008749-003/2024(H5N1)	1113	5785
PB2|PP755596.1|A/cattle/Texas/24-008749-003/2024(H5N1)	1114	5801
PB2|PP755596.1|A/cattle/Texas/24-008749-003/2024(H5N1)	1115	5655
PB2|PP755596.1|A/cattle/Texas/24-008749-003/2024(H5N1)	1116	5642
PB2|PP755596.1|A/cattle/Texas/24-008749-003/2024(H5N1)	1117	5880
PB2|PP755596.1|A/cattle/Texas/24-008749-003/2024(H5N1)	1118	5885
PB2|PP755596.1|A/cattle/Texas/24-008749-003/2024(H5N1)	1119	5887
PB2|PP755596.1|A/cattle/Texas/24-008749-003/2024(H5N1)	1120	5796
PB2|PP755596.1|A/cattle/Texas/24-008749-003/2024(H5N1)	1121	5689
PB2|PP755596.1|A/cattle/Texas/24-008749-003/2024(H5N1)	1122	5699
PB2|PP755596.1|A/cattle/Texas/24-008749-003/2024(H5N1)	1123	5698
PB2|PP755596.1|A/cattle/Texas/24-008749-003/2024(H5N1)	1124	5700
PB2|PP755596.1|A/cattle/Texas/24-008749-003/2024(H5N1)	1125	5709
PB2|PP755596.1|A/cattle/Texas/24-008749-003/2024(H5N1)	1126	5623
PB2|PP755596.1|A/cattle/Texas/24-008749-003/2024(H5N1)	1127	5601
PB2|PP755596.1|A/cattle/Texas/24-008749-003/2024(H5N1)	1128	5603
PB2|PP755596.1|A/cattle/Texas/24-008749-003/2024(H5N1)	1129	5622
PB2|PP755596.1|A/cattle/Texas/24-008749-003/2024(H5N1)	1130	5613
PB2|PP755596.1|A/cattle/Texas/24-008749-003/2024(H5N1)	1131	5599
PB2|PP755596.1|A/cattle/Texas/24-008749-003/2024(H5N1)	1132	5636
PB2|PP755596.1|A/cattle/Texas/24-008749-003/2024(H5N1)	1133	5859
PB2|PP755596.1|A/cattle/Texas/24-008749-003/2024(H5N1)	1134	5851
PB2|PP755596.1|A/cattle/Texas/24-008749-003/2024(H5N1)	1135	5836
PB2|PP755596.1|A/cattle/Texas/24-008749-003/2024(H5N1)	1136	5837
PB2|PP755596.1|A/cattle/Texas/24-008749-003/2024(H5N1)	1137	5810
PB2|PP755596.1|A/cattle/Texas/24-008749-003/2024(H5N1)	1138	5812
PB2|PP755596.1|A/cattle/Texas/24-008749-003/2024(H5N1)	1139	5846
PB2|PP755596.1|A/cattle/Texas/24-008749-003/2024(H5N1)	1140	5950
PB2|PP755596.1|A/cattle/Texas/24-008749-003/2024(H5N1)	1141	5959
PB2|PP755596.1|A/cattle/Texas/24-008749-003/2024(H5N1)	1142	5696
PB2|PP755596.1|A/cattle/Texas/24-008749-003/2024(H5N1)	1143	5728
PB2|PP755596.1|A/cattle/Texas/24-008749-003/2024(H5N1)	1144	5860
PB2|PP755596.1|A/cattle/Texas/24-008749-003/2024(H5N1)	1145	5850
PB2|PP755596.1|A/cattle/Texas/24-008749-003/2024(H5N1)	1146	5767
PB2|PP755596.1|A/cattle/Texas/24-008749-003/2024(H5N1)	1147	5749
PB2|PP755596.1|A/cattle/Texas/24-008749-003/2024(H5N1)	1148	5948
PB2|PP755596.1|A/cattle/Texas/24-008749-003/2024(H5N1)	1149	5950
PB2|PP755596.1|A/cattle/Texas/24-008749-003/2024(H5N1)	1150	5961
PB2|PP755596.1|A/cattle/Texas/24-008749-003/2024(H5N1)	1151	6010
PB2|PP755596.1|A/cattle/Texas/24-008749-003/2024(H5N1)	1152	5969
PB2|PP755596.1|A/cattle/Texas/24-008749-003/2024(H5N1)	1153	5997
PB2|PP755596.1|A/cattle/Texas/24-008749-003/2024(H5N1)	1154	6005
PB2|PP755596.1|A/cattle/Texas/24-008749-003/2024(H5N1)	1155	6003
PB2|PP755596.1|A/cattle/Texas/24-008749-003/2024(H5N1)	1156	6013
PB2|PP755596.1|A/cattle/Texas/24-008749-003/2024(H5N1)	1157	5811
PB2|PP755596.1|A/cattle/Texas/24-008749-003/2024(H5N1)	1158	5804
PB2|PP755596.1|A/cattle/Texas/24-008749-003/2024(H5N1)	1159	5800
PB2|PP755596.1|A/cattle/Texas/24-008749-003/2024(H5N1)	1160	5867
PB2|PP755596.1|A/cattle/Texas/24-008749-003/2024(H5N1)	1161	5874
PB2|PP755596.1|A/cattle/Texas/24-008749-003/2024(H5N1)	1162	5845
PB2|PP755596.1|A/cattle/Texas/24-008749-003/2024(H5N1)	1163	5754
PB2|PP755596.1|A/cattle/Texas/24-008749-003/2024(H5N1)	1164	5748
PB2|PP755596.1|A/cattle/Texas/24-008749-003/2024(H5N1)	1165	5741
PB2|PP755596.1|A/cattle/Texas/24-008749-003/2024(H5N1)	1166	5795
PB2|PP755596.1|A/cattle/Texas/24-008749-003/2024(H5N1)	1167	5814
PB2|PP755596.1|A/cattle/Texas/24-008749-003/2024(H5N1)	1168	5843
PB2|PP755596.1|A/cattle/Texas/24-008749-003/2024(H5N1)	1169	5937
PB2|PP755596.1|A/cattle/Texas/24-008749-003/2024(H5N1)	1170	6393
PB2|PP755596.1|A/cattle/Texas/24-008749-003/2024(H5N1)	1171	6395
PB2|PP755596.1|A/cattle/Texas/24-008749-003/2024(H5N1)	1172	6388
PB2|PP755596.1|A/cattle/Texas/24-008749-003/2024(H5N1)	1173	6385
PB2|PP755596.1|A/cattle/Texas/24-008749-003/2024(H5N1)	1174	6344
PB2|PP755596.1|A/cattle/Texas/24-008749-003/2024(H5N1)	1175	6279
PB2|PP755596.1|A/cattle/Texas/24-008749-003/2024(H5N1)	1176	6417
PB2|PP755596.1|A/cattle/Texas/24-008749-003/2024(H5N1)	1177	6383
PB2|PP755596.1|A/cattle/Texas/24-008749-003/2024(H5N1)	1178	6399
PB2|PP755596.1|A/cattle/Texas/24-008749-003/2024(H5N1)	1179	6394
PB2|PP755596.1|A/cattle/Texas/24-008749-003/2024(H5N1)	1180	6430
PB2|PP755596.1|A/cattle/Texas/24-008749-003/2024(H5N1)	1181	6412
PB2|PP755596.1|A/cattle/Texas/24-008749-003/2024(H5N1)	1182	6409
PB2|PP755596.1|A/cattle/Texas/24-008749-003/2024(H5N1)	1183	6356
PB2|PP755596.1|A/cattle/Texas/24-008749-003/2024(H5N1)	1184	6375
PB2|PP755596.1|A/cattle/Texas/24-008749-003/2024(H5N1)	1185	6247
PB2|PP755596.1|A/cattle/Texas/24-008749-003/2024(H5N1)	1186	6252
PB2|PP755596.1|A/cattle/Texas/24-008749-003/2024(H5N1)	1187	6242
PB2|PP755596.1|A/cattle/Texas/24-008749-003/2024(H5N1)	1188	6286
PB2|PP755596.1|A/cattle/Texas/24-008749-003/2024(H5N1)	1189	6284
PB2|PP755596.1|A/cattle/Texas/24-008749-003/2024(H5N1)	1190	6399
PB2|PP755596.1|A/cattle/Texas/24-008749-003/2024(H5N1)	1191	6394
PB2|PP755596.1|A/cattle/Texas/24-008749-003/2024(H5N1)	1192	6401
PB2|PP755596.1|A/cattle/Texas/24-008749-003/2024(H5N1)	1193	6411
PB2|PP755596.1|A/cattle/Texas/24-008749-003/2024(H5N1)	1194	6406
PB2|PP755596.1|A/cattle/Texas/24-008749-003/2024(H5N1)	1195	6391
PB2|PP755596.1|A/cattle/Texas/24-008749-003/2024(H5N1)	1196	6365
PB2|PP755596.1|A/cattle/Texas/24-008749-003/2024(H5N1)	1197	6311
PB2|PP755596.1|A/cattle/Texas/24-008749-003/2024(H5N1)	1198	6386
PB2|PP755596.1|A/cattle/Texas/24-008749-003/2024(H5N1)	1199	6524
PB2|PP755596.1|A/cattle/Texas/24-008749-003/2024(H5N1)	1200	6635
PB2|PP755596.1|A/cattle/Texas/24-008749-003/2024(H5N1)	1201	6643
PB2|PP755596.1|A/cattle/Texas/24-008749-003/2024(H5N1)	1202	6617
PB2|PP755596.1|A/cattle/Texas/24-008749-003/2024(H5N1)	1203	6607
PB2|PP755596.1|A/cattle/Texas/24-008749-003/2024(H5N1)	1204	6630
PB2|PP755596.1|A/cattle/Texas/24-008749-003/2024(H5N1)	1205	6637
PB2|PP755596.1|A/cattle/Texas/24-008749-003/2024(H5N1)	1206	6669
PB2|PP755596.1|A/cattle/Texas/24-008749-003/2024(H5N1)	1207	6654
PB2|PP755596.1|A/cattle/Texas/24-008749-003/2024(H5N1)	1208	6387
PB2|PP755596.1|A/cattle/Texas/24-008749-003/2024(H5N1)	1209	6194
PB2|PP755596.1|A/cattle/Texas/24-008749-003/2024(H5N1)	1210	6180
PB2|PP755596.1|A/cattle/Texas/24-008749-003/2024(H5N1)	1211	6214
PB2|PP755596.1|A/cattle/Texas/24-008749-003/2024(H5N1)	1212	6217
PB2|PP755596.1|A/cattle/Texas/24-008749-003/2024(H5N1)	1213	6183
PB2|PP755596.1|A/cattle/Texas/24-008749-003/2024(H5N1)	1214	6274
PB2|PP755596.1|A/cattle/Texas/24-008749-003/2024(H5N1)	1215	6312
PB2|PP755596.1|A/cattle/Texas/24-008749-003/2024(H5N1)	1216	6255
PB2|PP755596.1|A/cattle/Texas/24-008749-003/2024(H5N1)	1217	6259
PB2|PP755596.1|A/cattle/Texas/24-008749-003/2024(H5N1)	1218	6228
PB2|PP755596.1|A/cattle/Texas/24-008749-003/2024(H5N1)	1219	6202
PB2|PP755596.1|A/cattle/Texas/24-008749-003/2024(H5N1)	1220	6079
PB2|PP755596.1|A/cattle/Texas/24-008749-003/2024(H5N1)	1221	6156
PB2|PP755596.1|A/cattle/Texas/24-008749-003/2024(H5N1)	1222	6171
PB2|PP755596.1|A/cattle/Texas/24-008749-003/2024(H5N1)	1223	6061
PB2|PP755596.1|A/cattle/Texas/24-008749-003/2024(H5N1)	1224	6096
PB2|PP755596.1|A/cattle/Texas/24-008749-003/2024(H5N1)	1225	5981
PB2|PP755596.1|A/cattle/Texas/24-008749-003/2024(H5N1)	1226	5968
PB2|PP755596.1|A/cattle/Texas/24-008749-003/2024(H5N1)	1227	5846
PB2|PP755596.1|A/cattle/Texas/24-008749-003/2024(H5N1)	1228	5851
PB2|PP755596.1|A/cattle/Texas/24-008749-003/2024(H5N1)	1229	5892
PB2|PP755596.1|A/cattle/Texas/24-008749-003/2024(H5N1)	1230	6000
PB2|PP755596.1|A/cattle/Texas/24-008749-003/2024(H5N1)	1231	6013
PB2|PP755596.1|A/cattle/Texas/24-008749-003/2024(H5N1)	1232	5982
PB2|PP755596.1|A/cattle/Texas/24-008749-003/2024(H5N1)	1233	5969
PB2|PP755596.1|A/cattle/Texas/24-008749-003/2024(H5N1)	1234	5977
PB2|PP755596.1|A/cattle/Texas/24-008749-003/2024(H5N1)	1235	5967
PB2|PP755596.1|A/cattle/Texas/24-008749-003/2024(H5N1)	1236	5971
PB2|PP755596.1|A/cattle/Texas/24-008749-003/2024(H5N1)	1237	5954
PB2|PP755596.1|A/cattle/Texas/24-008749-003/2024(H5N1)	1238	5946
PB2|PP755596.1|A/cattle/Texas/24-008749-003/2024(H5N1)	1239	5745
PB2|PP755596.1|A/cattle/Texas/24-008749-003/2024(H5N1)	1240	5835
PB2|PP755596.1|A/cattle/Texas/24-008749-003/2024(H5N1)	1241	5933
PB2|PP755596.1|A/cattle/Texas/24-008749-003/2024(H5N1)	1242	5907
PB2|PP755596.1|A/cattle/Texas/24-008749-003/2024(H5N1)	1243	5974
PB2|PP755596.1|A/cattle/Texas/24-008749-003/2024(H5N1)	1244	5969
PB2|PP755596.1|A/cattle/Texas/24-008749-003/2024(H5N1)	1245	6040
PB2|PP755596.1|A/cattle/Texas/24-008749-003/2024(H5N1)	1246	5967
PB2|PP755596.1|A/cattle/Texas/24-008749-003/2024(H5N1)	1247	5912
PB2|PP755596.1|A/cattle/Texas/24-008749-003/2024(H5N1)	1248	5875
PB2|PP755596.1|A/cattle/Texas/24-008749-003/2024(H5N1)	1249	5887
PB2|PP755596.1|A/cattle/Texas/24-008749-003/2024(H5N1)	1250	5959
PB2|PP755596.1|A/cattle/Texas/24-008749-003/2024(H5N1)	1251	5958
PB2|PP755596.1|A/cattle/Texas/24-008749-003/2024(H5N1)	1252	5953
PB2|PP755596.1|A/cattle/Texas/24-008749-003/2024(H5N1)	1253	5920
PB2|PP755596.1|A/cattle/Texas/24-008749-003/2024(H5N1)	1254	5947
PB2|PP755596.1|A/cattle/Texas/24-008749-003/2024(H5N1)	1255	6006
PB2|PP755596.1|A/cattle/Texas/24-008749-003/2024(H5N1)	1256	6014
PB2|PP755596.1|A/cattle/Texas/24-008749-003/2024(H5N1)	1257	5962
PB2|PP755596.1|A/cattle/Texas/24-008749-003/2024(H5N1)	1258	5915
PB2|PP755596.1|A/cattle/Texas/24-008749-003/2024(H5N1)	1259	5886
PB2|PP755596.1|A/cattle/Texas/24-008749-003/2024(H5N1)	1260	5907
PB2|PP755596.1|A/cattle/Texas/24-008749-003/2024(H5N1)	1261	5910
PB2|PP755596.1|A/cattle/Texas/24-008749-003/2024(H5N1)	1262	5934
PB2|PP755596.1|A/cattle/Texas/24-008749-003/2024(H5N1)	1263	5846
PB2|PP755596.1|A/cattle/Texas/24-008749-003/2024(H5N1)	1264	5838
PB2|PP755596.1|A/cattle/Texas/24-008749-003/2024(H5N1)	1265	5833
PB2|PP755596.1|A/cattle/Texas/24-008749-003/2024(H5N1)	1266	5829
PB2|PP755596.1|A/cattle/Texas/24-008749-003/2024(H5N1)	1267	5825
PB2|PP755596.1|A/cattle/Texas/24-008749-003/2024(H5N1)	1268	5735
PB2|PP755596.1|A/cattle/Texas/24-008749-003/2024(H5N1)	1269	5812
PB2|PP755596.1|A/cattle/Texas/24-008749-003/2024(H5N1)	1270	5856
PB2|PP755596.1|A/cattle/Texas/24-008749-003/2024(H5N1)	1271	5857
PB2|PP755596.1|A/cattle/Texas/24-008749-003/2024(H5N1)	1272	5820
PB2|PP755596.1|A/cattle/Texas/24-008749-003/2024(H5N1)	1273	5844
PB2|PP755596.1|A/cattle/Texas/24-008749-003/2024(H5N1)	1274	5857
PB2|PP755596.1|A/cattle/Texas/24-008749-003/2024(H5N1)	1275	5864
PB2|PP755596.1|A/cattle/Texas/24-008749-003/2024(H5N1)	1276	5862
PB2|PP755596.1|A/cattle/Texas/24-008749-003/2024(H5N1)	1277	5726
PB2|PP755596.1|A/cattle/Texas/24-008749-003/2024(H5N1)	1278	5729
PB2|PP755596.1|A/cattle/Texas/24-008749-003/2024(H5N1)	1279	5825
PB2|PP755596.1|A/cattle/Texas/24-008749-003/2024(H5N1)	1280	5826
PB2|PP755596.1|A/cattle/Texas/24-008749-003/2024(H5N1)	1281	5978
PB2|PP755596.1|A/cattle/Texas/24-008749-003/2024(H5N1)	1282	5755
PB2|PP755596.1|A/cattle/Texas/24-008749-003/2024(H5N1)	1283	5735
PB2|PP755596.1|A/cattle/Texas/24-008749-003/2024(H5N1)	1284	5755
PB2|PP755596.1|A/cattle/Texas/24-008749-003/2024(H5N1)	1285	5772
PB2|PP755596.1|A/cattle/Texas/24-008749-003/2024(H5N1)	1286	5905
PB2|PP755596.1|A/cattle/Texas/24-008749-003/2024(H5N1)	1287	5900
PB2|PP755596.1|A/cattle/Texas/24-008749-003/2024(H5N1)	1288	6186
PB2|PP755596.1|A/cattle/Texas/24-008749-003/2024(H5N1)	1289	6165
PB2|PP755596.1|A/cattle/Texas/24-008749-003/2024(H5N1)	1290	6029
PB2|PP755596.1|A/cattle/Texas/24-008749-003/2024(H5N1)	1291	6043
PB2|PP755596.1|A/cattle/Texas/24-008749-003/2024(H5N1)	1292	6037
PB2|PP755596.1|A/cattle/Texas/24-008749-003/2024(H5N1)	1293	6064
PB2|PP755596.1|A/cattle/Texas/24-008749-003/2024(H5N1)	1294	6042
PB2|PP755596.1|A/cattle/Texas/24-008749-003/2024(H5N1)	1295	5920
PB2|PP755596.1|A/cattle/Texas/24-008749-003/2024(H5N1)	1296	5936
PB2|PP755596.1|A/cattle/Texas/24-008749-003/2024(H5N1)	1297	5932
PB2|PP755596.1|A/cattle/Texas/24-008749-003/2024(H5N1)	1298	5910
PB2|PP755596.1|A/cattle/Texas/24-008749-003/2024(H5N1)	1299	5791
PB2|PP755596.1|A/cattle/Texas/24-008749-003/2024(H5N1)	1300	5804
PB2|PP755596.1|A/cattle/Texas/24-008749-003/2024(H5N1)	1301	5835
PB2|PP755596.1|A/cattle/Texas/24-008749-003/2024(H5N1)	1302	5789
PB2|PP755596.1|A/cattle/Texas/24-008749-003/2024(H5N1)	1303	5800
PB2|PP755596.1|A/cattle/Texas/24-008749-003/2024(H5N1)	1304	5811
PB2|PP755596.1|A/cattle/Texas/24-008749-003/2024(H5N1)	1305	5806
PB2|PP755596.1|A/cattle/Texas/24-008749-003/2024(H5N1)	1306	5798
PB2|PP755596.1|A/cattle/Texas/24-008749-003/2024(H5N1)	1307	5788
PB2|PP755596.1|A/cattle/Texas/24-008749-003/2024(H5N1)	1308	5724
PB2|PP755596.1|A/cattle/Texas/24-008749-003/2024(H5N1)	1309	5788
PB2|PP755596.1|A/cattle/Texas/24-008749-003/2024(H5N1)	1310	5828
PB2|PP755596.1|A/cattle/Texas/24-008749-003/2024(H5N1)	1311	6451
PB2|PP755596.1|A/cattle/Texas/24-008749-003/2024(H5N1)	1312	6461
PB2|PP755596.1|A/cattle/Texas/24-008749-003/2024(H5N1)	1313	6471
PB2|PP755596.1|A/cattle/Texas/24-008749-003/2024(H5N1)	1314	6602
PB2|PP755596.1|A/cattle/Texas/24-008749-003/2024(H5N1)	1315	6601
PB2|PP755596.1|A/cattle/Texas/24-008749-003/2024(H5N1)	1316	6588
PB2|PP755596.1|A/cattle/Texas/24-008749-003/2024(H5N1)	1317	6600
PB2|PP755596.1|A/cattle/Texas/24-008749-003/2024(H5N1)	1318	6566
PB2|PP755596.1|A/cattle/Texas/24-008749-003/2024(H5N1)	1319	6495
PB2|PP755596.1|A/cattle/Texas/24-008749-003/2024(H5N1)	1320	6417
PB2|PP755596.1|A/cattle/Texas/24-008749-003/2024(H5N1)	1321	5837
PB2|PP755596.1|A/cattle/Texas/24-008749-003/2024(H5N1)	1322	6621
PB2|PP755596.1|A/cattle/Texas/24-008749-003/2024(H5N1)	1323	6622
PB2|PP755596.1|A/cattle/Texas/24-008749-003/2024(H5N1)	1324	6621
PB2|PP755596.1|A/cattle/Texas/24-008749-003/2024(H5N1)	1325	6742
PB2|PP755596.1|A/cattle/Texas/24-008749-003/2024(H5N1)	1326	6751
PB2|PP755596.1|A/cattle/Texas/24-008749-003/2024(H5N1)	1327	6749
PB2|PP755596.1|A/cattle/Texas/24-008749-003/2024(H5N1)	1328	6745
PB2|PP755596.1|A/cattle/Texas/24-008749-003/2024(H5N1)	1329	6713
PB2|PP755596.1|A/cattle/Texas/24-008749-003/2024(H5N1)	1330	6727
PB2|PP755596.1|A/cattle/Texas/24-008749-003/2024(H5N1)	1331	6690
PB2|PP755596.1|A/cattle/Texas/24-008749-003/2024(H5N1)	1332	6684
PB2|PP755596.1|A/cattle/Texas/24-008749-003/2024(H5N1)	1333	6696
PB2|PP755596.1|A/cattle/Texas/24-008749-003/2024(H5N1)	1334	6662
PB2|PP755596.1|A/cattle/Texas/24-008749-003/2024(H5N1)	1335	6667
PB2|PP755596.1|A/cattle/Texas/24-008749-003/2024(H5N1)	1336	6850
PB2|PP755596.1|A/cattle/Texas/24-008749-003/2024(H5N1)	1337	6859
PB2|PP755596.1|A/cattle/Texas/24-008749-003/2024(H5N1)	1338	6822
PB2|PP755596.1|A/cattle/Texas/24-008749-003/2024(H5N1)	1339	6816
PB2|PP755596.1|A/cattle/Texas/24-008749-003/2024(H5N1)	1340	6812
PB2|PP755596.1|A/cattle/Texas/24-008749-003/2024(H5N1)	1341	6873
PB2|PP755596.1|A/cattle/Texas/24-008749-003/2024(H5N1)	1342	6880
PB2|PP755596.1|A/cattle/Texas/24-008749-003/2024(H5N1)	1343	6933
PB2|PP755596.1|A/cattle/Texas/24-008749-003/2024(H5N1)	1344	6925
PB2|PP755596.1|A/cattle/Texas/24-008749-003/2024(H5N1)	1345	6904
PB2|PP755596.1|A/cattle/Texas/24-008749-003/2024(H5N1)	1346	6876
PB2|PP755596.1|A/cattle/Texas/24-008749-003/2024(H5N1)	1347	6876
PB2|PP755596.1|A/cattle/Texas/24-008749-003/2024(H5N1)	1348	6882
PB2|PP755596.1|A/cattle/Texas/24-008749-003/2024(H5N1)	1349	6884
PB2|PP755596.1|A/cattle/Texas/24-008749-003/2024(H5N1)	1350	6659
PB2|PP755596.1|A/cattle/Texas/24-008749-003/2024(H5N1)	1351	6586
PB2|PP755596.1|A/cattle/Texas/24-008749-003/2024(H5N1)	1352	6573
PB2|PP755596.1|A/cattle/Texas/24-008749-003/2024(H5N1)	1353	6563
PB2|PP755596.1|A/cattle/Texas/24-008749-003/2024(H5N1)	1354	6560
PB2|PP755596.1|A/cattle/Texas/24-008749-003/2024(H5N1)	1355	6491
PB2|PP755596.1|A/cattle/Texas/24-008749-003/2024(H5N1)	1356	6515
PB2|PP755596.1|A/cattle/Texas/24-008749-003/2024(H5N1)	1357	6517
PB2|PP755596.1|A/cattle/Texas/24-008749-003/2024(H5N1)	1358	6509
PB2|PP755596.1|A/cattle/Texas/24-008749-003/2024(H5N1)	1359	6538
PB2|PP755596.1|A/cattle/Texas/24-008749-003/2024(H5N1)	1360	6511
PB2|PP755596.1|A/cattle/Texas/24-008749-003/2024(H5N1)	1361	6547
PB2|PP755596.1|A/cattle/Texas/24-008749-003/2024(H5N1)	1362	6493
PB2|PP755596.1|A/cattle/Texas/24-008749-003/2024(H5N1)	1363	6496
PB2|PP755596.1|A/cattle/Texas/24-008749-003/2024(H5N1)	1364	6499
PB2|PP755596.1|A/cattle/Texas/24-008749-003/2024(H5N1)	1365	6401
PB2|PP755596.1|A/cattle/Texas/24-008749-003/2024(H5N1)	1366	6318
PB2|PP755596.1|A/cattle/Texas/24-008749-003/2024(H5N1)	1367	6243
PB2|PP755596.1|A/cattle/Texas/24-008749-003/2024(H5N1)	1368	6274
PB2|PP755596.1|A/cattle/Texas/24-008749-003/2024(H5N1)	1369	6312
PB2|PP755596.1|A/cattle/Texas/24-008749-003/2024(H5N1)	1370	6286
PB2|PP755596.1|A/cattle/Texas/24-008749-003/2024(H5N1)	1371	6299
PB2|PP755596.1|A/cattle/Texas/24-008749-003/2024(H5N1)	1372	6207
PB2|PP755596.1|A/cattle/Texas/24-008749-003/2024(H5N1)	1373	6198
PB2|PP755596.1|A/cattle/Texas/24-008749-003/2024(H5N1)	1374	6215
PB2|PP755596.1|A/cattle/Texas/24-008749-003/2024(H5N1)	1375	6198
PB2|PP755596.1|A/cattle/Texas/24-008749-003/2024(H5N1)	1376	6205
PB2|PP755596.1|A/cattle/Texas/24-008749-003/2024(H5N1)	1377	6155
PB2|PP755596.1|A/cattle/Texas/24-008749-003/2024(H5N1)	1378	6133
PB2|PP755596.1|A/cattle/Texas/24-008749-003/2024(H5N1)	1379	6120
PB2|PP755596.1|A/cattle/Texas/24-008749-003/2024(H5N1)	1380	6173
PB2|PP755596.1|A/cattle/Texas/24-008749-003/2024(H5N1)	1381	6035
PB2|PP755596.1|A/cattle/Texas/24-008749-003/2024(H5N1)	1382	6048
PB2|PP755596.1|A/cattle/Texas/24-008749-003/2024(H5N1)	1383	6036
PB2|PP755596.1|A/cattle/Texas/24-008749-003/2024(H5N1)	1384	6023
PB2|PP755596.1|A/cattle/Texas/24-008749-003/2024(H5N1)	1385	6195
PB2|PP755596.1|A/cattle/Texas/24-008749-003/2024(H5N1)	1386	6169
PB2|PP755596.1|A/cattle/Texas/24-008749-003/2024(H5N1)	1387	6309
PB2|PP755596.1|A/cattle/Texas/24-008749-003/2024(H5N1)	1388	6307
PB2|PP755596.1|A/cattle/Texas/24-008749-003/2024(H5N1)	1389	6402
PB2|PP755596.1|A/cattle/Texas/24-008749-003/2024(H5N1)	1390	6377
PB2|PP755596.1|A/cattle/Texas/24-008749-003/2024(H5N1)	1391	6290
PB2|PP755596.1|A/cattle/Texas/24-008749-003/2024(H5N1)	1392	6338
PB2|PP755596.1|A/cattle/Texas/24-008749-003/2024(H5N1)	1393	6338
PB2|PP755596.1|A/cattle/Texas/24-008749-003/2024(H5N1)	1394	6272
PB2|PP755596.1|A/cattle/Texas/24-008749-003/2024(H5N1)	1395	6189
PB2|PP755596.1|A/cattle/Texas/24-008749-003/2024(H5N1)	1396	6195
PB2|PP755596.1|A/cattle/Texas/24-008749-003/2024(H5N1)	1397	6248
PB2|PP755596.1|A/cattle/Texas/24-008749-003/2024(H5N1)	1398	6251
PB2|PP755596.1|A/cattle/Texas/24-008749-003/2024(H5N1)	1399	6313
PB2|PP755596.1|A/cattle/Texas/24-008749-003/2024(H5N1)	1400	6224
PB2|PP755596.1|A/cattle/Texas/24-008749-003/2024(H5N1)	1401	6190
PB2|PP755596.1|A/cattle/Texas/24-008749-003/2024(H5N1)	1402	6251
PB2|PP755596.1|A/cattle/Texas/24-008749-003/2024(H5N1)	1403	6237
PB2|PP755596.1|A/cattle/Texas/24-008749-003/2024(H5N1)	1404	6272
PB2|PP755596.1|A/cattle/Texas/24-008749-003/2024(H5N1)	1405	6270
PB2|PP755596.1|A/cattle/Texas/24-008749-003/2024(H5N1)	1406	6224
PB2|PP755596.1|A/cattle/Texas/24-008749-003/2024(H5N1)	1407	6216
PB2|PP755596.1|A/cattle/Texas/24-008749-003/2024(H5N1)	1408	6213
PB2|PP755596.1|A/cattle/Texas/24-008749-003/2024(H5N1)	1409	6278
PB2|PP755596.1|A/cattle/Texas/24-008749-003/2024(H5N1)	1410	6309
PB2|PP755596.1|A/cattle/Texas/24-008749-003/2024(H5N1)	1411	6273
PB2|PP755596.1|A/cattle/Texas/24-008749-003/2024(H5N1)	1412	6274
PB2|PP755596.1|A/cattle/Texas/24-008749-003/2024(H5N1)	1413	6202
PB2|PP755596.1|A/cattle/Texas/24-008749-003/2024(H5N1)	1414	6197
PB2|PP755596.1|A/cattle/Texas/24-008749-003/2024(H5N1)	1415	6245
PB2|PP755596.1|A/cattle/Texas/24-008749-003/2024(H5N1)	1416	6245
PB2|PP755596.1|A/cattle/Texas/24-008749-003/2024(H5N1)	1417	6253
PB2|PP755596.1|A/cattle/Texas/24-008749-003/2024(H5N1)	1418	6165
PB2|PP755596.1|A/cattle/Texas/24-008749-003/2024(H5N1)	1419	6080
PB2|PP755596.1|A/cattle/Texas/24-008749-003/2024(H5N1)	1420	6119
PB2|PP755596.1|A/cattle/Texas/24-008749-003/2024(H5N1)	1421	6158
PB2|PP755596.1|A/cattle/Texas/24-008749-003/2024(H5N1)	1422	6156
PB2|PP755596.1|A/cattle/Texas/24-008749-003/2024(H5N1)	1423	6157
PB2|PP755596.1|A/cattle/Texas/24-008749-003/2024(H5N1)	1424	6132
PB2|PP755596.1|A/cattle/Texas/24-008749-003/2024(H5N1)	1425	6138
PB2|PP755596.1|A/cattle/Texas/24-008749-003/2024(H5N1)	1426	6146
PB2|PP755596.1|A/cattle/Texas/24-008749-003/2024(H5N1)	1427	6150
PB2|PP755596.1|A/cattle/Texas/24-008749-003/2024(H5N1)	1428	6231
PB2|PP755596.1|A/cattle/Texas/24-008749-003/2024(H5N1)	1429	6127
PB2|PP755596.1|A/cattle/Texas/24-008749-003/2024(H5N1)	1430	6500
PB2|PP755596.1|A/cattle/Texas/24-008749-003/2024(H5N1)	1431	6504
PB2|PP755596.1|A/cattle/Texas/24-008749-003/2024(H5N1)	1432	6389
PB2|PP755596.1|A/cattle/Texas/24-008749-003/2024(H5N1)	1433	6389
PB2|PP755596.1|A/cattle/Texas/24-008749-003/2024(H5N1)	1434	6381
PB2|PP755596.1|A/cattle/Texas/24-008749-003/2024(H5N1)	1435	6362
PB2|PP755596.1|A/cattle/Texas/24-008749-003/2024(H5N1)	1436	6369
PB2|PP755596.1|A/cattle/Texas/24-008749-003/2024(H5N1)	1437	6261
PB2|PP755596.1|A/cattle/Texas/24-008749-003/2024(H5N1)	1438	6274
PB2|PP755596.1|A/cattle/Texas/24-008749-003/2024(H5N1)	1439	5976
PB2|PP755596.1|A/cattle/Texas/24-008749-003/2024(H5N1)	1440	5988
PB2|PP755596.1|A/cattle/Texas/24-008749-003/2024(H5N1)	1441	5982
PB2|PP755596.1|A/cattle/Texas/24-008749-003/2024(H5N1)	1442	5988
PB2|PP755596.1|A/cattle/Texas/24-008749-003/2024(H5N1)	1443	6018
PB2|PP755596.1|A/cattle/Texas/24-008749-003/2024(H5N1)	1444	5986
PB2|PP755596.1|A/cattle/Texas/24-008749-003/2024(H5N1)	1445	5958
PB2|PP755596.1|A/cattle/Texas/24-008749-003/2024(H5N1)	1446	6008
PB2|PP755596.1|A/cattle/Texas/24-008749-003/2024(H5N1)	1447	6052
PB2|PP755596.1|A/cattle/Texas/24-008749-003/2024(H5N1)	1448	6046
PB2|PP755596.1|A/cattle/Texas/24-008749-003/2024(H5N1)	1449	6018
PB2|PP755596.1|A/cattle/Texas/24-008749-003/2024(H5N1)	1450	5936
PB2|PP755596.1|A/cattle/Texas/24-008749-003/2024(H5N1)	1451	6017
PB2|PP755596.1|A/cattle/Texas/24-008749-003/2024(H5N1)	1452	5996
PB2|PP755596.1|A/cattle/Texas/24-008749-003/2024(H5N1)	1453	6005
PB2|PP755596.1|A/cattle/Texas/24-008749-003/2024(H5N1)	1454	6018
PB2|PP755596.1|A/cattle/Texas/24-008749-003/2024(H5N1)	1455	5958
PB2|PP755596.1|A/cattle/Texas/24-008749-003/2024(H5N1)	1456	6048
PB2|PP755596.1|A/cattle/Texas/24-008749-003/2024(H5N1)	1457	6074
PB2|PP755596.1|A/cattle/Texas/24-008749-003/2024(H5N1)	1458	6114
PB2|PP755596.1|A/cattle/Texas/24-008749-003/2024(H5N1)	1459	6168
PB2|PP755596.1|A/cattle/Texas/24-008749-003/2024(H5N1)	1460	6076
PB2|PP755596.1|A/cattle/Texas/24-008749-003/2024(H5N1)	1461	6039
PB2|PP755596.1|A/cattle/Texas/24-008749-003/2024(H5N1)	1462	5460
PB2|PP755596.1|A/cattle/Texas/24-008749-003/2024(H5N1)	1463	5456
PB2|PP755596.1|A/cattle/Texas/24-008749-003/2024(H5N1)	1464	6286
PB2|PP755596.1|A/cattle/Texas/24-008749-003/2024(H5N1)	1465	6147
PB2|PP755596.1|A/cattle/Texas/24-008749-003/2024(H5N1)	1466	6235
PB2|PP755596.1|A/cattle/Texas/24-008749-003/2024(H5N1)	1467	6232
PB2|PP755596.1|A/cattle/Texas/24-008749-003/2024(H5N1)	1468	6176
PB2|PP755596.1|A/cattle/Texas/24-008749-003/2024(H5N1)	1469	6300
PB2|PP755596.1|A/cattle/Texas/24-008749-003/2024(H5N1)	1470	6298
PB2|PP755596.1|A/cattle/Texas/24-008749-003/2024(H5N1)	1471	6260
PB2|PP755596.1|A/cattle/Texas/24-008749-003/2024(H5N1)	1472	6237
PB2|PP755596.1|A/cattle/Texas/24-008749-003/2024(H5N1)	1473	5377
PB2|PP755596.1|A/cattle/Texas/24-008749-003/2024(H5N1)	1474	5413
PB2|PP755596.1|A/cattle/Texas/24-008749-003/2024(H5N1)	1475	5418
PB2|PP755596.1|A/cattle/Texas/24-008749-003/2024(H5N1)	1476	5389
PB2|PP755596.1|A/cattle/Texas/24-008749-003/2024(H5N1)	1477	5468
PB2|PP755596.1|A/cattle/Texas/24-008749-003/2024(H5N1)	1478	5535
PB2|PP755596.1|A/cattle/Texas/24-008749-003/2024(H5N1)	1479	5550
PB2|PP755596.1|A/cattle/Texas/24-008749-003/2024(H5N1)	1480	5563
PB2|PP755596.1|A/cattle/Texas/24-008749-003/2024(H5N1)	1481	5713
PB2|PP755596.1|A/cattle/Texas/24-008749-003/2024(H5N1)	1482	5711
PB2|PP755596.1|A/cattle/Texas/24-008749-003/2024(H5N1)	1483	5909
PB2|PP755596.1|A/cattle/Texas/24-008749-003/2024(H5N1)	1484	5905
PB2|PP755596.1|A/cattle/Texas/24-008749-003/2024(H5N1)	1485	5973
PB2|PP755596.1|A/cattle/Texas/24-008749-003/2024(H5N1)	1486	5974
PB2|PP755596.1|A/cattle/Texas/24-008749-003/2024(H5N1)	1487	5862
PB2|PP755596.1|A/cattle/Texas/24-008749-003/2024(H5N1)	1488	5855
PB2|PP755596.1|A/cattle/Texas/24-008749-003/2024(H5N1)	1489	5844
PB2|PP755596.1|A/cattle/Texas/24-008749-003/2024(H5N1)	1490	5859
PB2|PP755596.1|A/cattle/Texas/24-008749-003/2024(H5N1)	1491	6079
PB2|PP755596.1|A/cattle/Texas/24-008749-003/2024(H5N1)	1492	5891
PB2|PP755596.1|A/cattle/Texas/24-008749-003/2024(H5N1)	1493	5887
PB2|PP755596.1|A/cattle/Texas/24-008749-003/2024(H5N1)	1494	5830
PB2|PP755596.1|A/cattle/Texas/24-008749-003/2024(H5N1)	1495	5831
PB2|PP755596.1|A/cattle/Texas/24-008749-003/2024(H5N1)	1496	6163
PB2|PP755596.1|A/cattle/Texas/24-008749-003/2024(H5N1)	1497	6163
PB2|PP755596.1|A/cattle/Texas/24-008749-003/2024(H5N1)	1498	6159
PB2|PP755596.1|A/cattle/Texas/24-008749-003/2024(H5N1)	1499	6148
PB2|PP755596.1|A/cattle/Texas/24-008749-003/2024(H5N1)	1500	6210
PB2|PP755596.1|A/cattle/Texas/24-008749-003/2024(H5N1)	1501	6379
PB2|PP755596.1|A/cattle/Texas/24-008749-003/2024(H5N1)	1502	6357
PB2|PP755596.1|A/cattle/Texas/24-008749-003/2024(H5N1)	1503	6419
PB2|PP755596.1|A/cattle/Texas/24-008749-003/2024(H5N1)	1504	6429
PB2|PP755596.1|A/cattle/Texas/24-008749-003/2024(H5N1)	1505	6430
PB2|PP755596.1|A/cattle/Texas/24-008749-003/2024(H5N1)	1506	6436
PB2|PP755596.1|A/cattle/Texas/24-008749-003/2024(H5N1)	1507	6412
PB2|PP755596.1|A/cattle/Texas/24-008749-003/2024(H5N1)	1508	6373
PB2|PP755596.1|A/cattle/Texas/24-008749-003/2024(H5N1)	1509	6315
PB2|PP755596.1|A/cattle/Texas/24-008749-003/2024(H5N1)	1510	6362
PB2|PP755596.1|A/cattle/Texas/24-008749-003/2024(H5N1)	1511	6385
PB2|PP755596.1|A/cattle/Texas/24-008749-003/2024(H5N1)	1512	6366
PB2|PP755596.1|A/cattle/Texas/24-008749-003/2024(H5N1)	1513	6359
PB2|PP755596.1|A/cattle/Texas/24-008749-003/2024(H5N1)	1514	6359
PB2|PP755596.1|A/cattle/Texas/24-008749-003/2024(H5N1)	1515	6358
PB2|PP755596.1|A/cattle/Texas/24-008749-003/2024(H5N1)	1516	6356
PB2|PP755596.1|A/cattle/Texas/24-008749-003/2024(H5N1)	1517	6358
PB2|PP755596.1|A/cattle/Texas/24-008749-003/2024(H5N1)	1518	6394
PB2|PP755596.1|A/cattle/Texas/24-008749-003/2024(H5N1)	1519	6298
PB2|PP755596.1|A/cattle/Texas/24-008749-003/2024(H5N1)	1520	6279
PB2|PP755596.1|A/cattle/Texas/24-008749-003/2024(H5N1)	1521	6280
PB2|PP755596.1|A/cattle/Texas/24-008749-003/2024(H5N1)	1522	6262
PB2|PP755596.1|A/cattle/Texas/24-008749-003/2024(H5N1)	1523	6268
PB2|PP755596.1|A/cattle/Texas/24-008749-003/2024(H5N1)	1524	6291
PB2|PP755596.1|A/cattle/Texas/24-008749-003/2024(H5N1)	1525	6264
PB2|PP755596.1|A/cattle/Texas/24-008749-003/2024(H5N1)	1526	6251
PB2|PP755596.1|A/cattle/Texas/24-008749-003/2024(H5N1)	1527	5920
PB2|PP755596.1|A/cattle/Texas/24-008749-003/2024(H5N1)	1528	5918
PB2|PP755596.1|A/cattle/Texas/24-008749-003/2024(H5N1)	1529	6111
PB2|PP755596.1|A/cattle/Texas/24-008749-003/2024(H5N1)	1530	6106
PB2|PP755596.1|A/cattle/Texas/24-008749-003/2024(H5N1)	1531	6351
PB2|PP755596.1|A/cattle/Texas/24-008749-003/2024(H5N1)	1532	6351
PB2|PP755596.1|A/cattle/Texas/24-008749-003/2024(H5N1)	1533	6332
PB2|PP755596.1|A/cattle/Texas/24-008749-003/2024(H5N1)	1534	6351
PB2|PP755596.1|A/cattle/Texas/24-008749-003/2024(H5N1)	1535	6429
PB2|PP755596.1|A/cattle/Texas/24-008749-003/2024(H5N1)	1536	6474
PB2|PP755596.1|A/cattle/Texas/24-008749-003/2024(H5N1)	1537	6499
PB2|PP755596.1|A/cattle/Texas/24-008749-003/2024(H5N1)	1538	6344
PB2|PP755596.1|A/cattle/Texas/24-008749-003/2024(H5N1)	1539	6352
PB2|PP755596.1|A/cattle/Texas/24-008749-003/2024(H5N1)	1540	6115
PB2|PP755596.1|A/cattle/Texas/24-008749-003/2024(H5N1)	1541	6207
PB2|PP755596.1|A/cattle/Texas/24-008749-003/2024(H5N1)	1542	6219
PB2|PP755596.1|A/cattle/Texas/24-008749-003/2024(H5N1)	1543	6212
PB2|PP755596.1|A/cattle/Texas/24-008749-003/2024(H5N1)	1544	6217
PB2|PP755596.1|A/cattle/Texas/24-008749-003/2024(H5N1)	1545	6178
PB2|PP755596.1|A/cattle/Texas/24-008749-003/2024(H5N1)	1546	6200
PB2|PP755596.1|A/cattle/Texas/24-008749-003/2024(H5N1)	1547	6197
PB2|PP755596.1|A/cattle/Texas/24-008749-003/2024(H5N1)	1548	6143
PB2|PP755596.1|A/cattle/Texas/24-008749-003/2024(H5N1)	1549	6150
PB2|PP755596.1|A/cattle/Texas/24-008749-003/2024(H5N1)	1550	6162
PB2|PP755596.1|A/cattle/Texas/24-008749-003/2024(H5N1)	1551	6226
PB2|PP755596.1|A/cattle/Texas/24-008749-003/2024(H5N1)	1552	6247
PB2|PP755596.1|A/cattle/Texas/24-008749-003/2024(H5N1)	1553	6197
PB2|PP755596.1|A/cattle/Texas/24-008749-003/2024(H5N1)	1554	6188
PB2|PP755596.1|A/cattle/Texas/24-008749-003/2024(H5N1)	1555	6165
PB2|PP755596.1|A/cattle/Texas/24-008749-003/2024(H5N1)	1556	6197
PB2|PP755596.1|A/cattle/Texas/24-008749-003/2024(H5N1)	1557	6221
PB2|PP755596.1|A/cattle/Texas/24-008749-003/2024(H5N1)	1558	6215
PB2|PP755596.1|A/cattle/Texas/24-008749-003/2024(H5N1)	1559	6242
PB2|PP755596.1|A/cattle/Texas/24-008749-003/2024(H5N1)	1560	6138
PB2|PP755596.1|A/cattle/Texas/24-008749-003/2024(H5N1)	1561	6210
PB2|PP755596.1|A/cattle/Texas/24-008749-003/2024(H5N1)	1562	6203
PB2|PP755596.1|A/cattle/Texas/24-008749-003/2024(H5N1)	1563	6214
PB2|PP755596.1|A/cattle/Texas/24-008749-003/2024(H5N1)	1564	6233
PB2|PP755596.1|A/cattle/Texas/24-008749-003/2024(H5N1)	1565	6207
PB2|PP755596.1|A/cattle/Texas/24-008749-003/2024(H5N1)	1566	6191
PB2|PP755596.1|A/cattle/Texas/24-008749-003/2024(H5N1)	1567	6201
PB2|PP755596.1|A/cattle/Texas/24-008749-003/2024(H5N1)	1568	6459
PB2|PP755596.1|A/cattle/Texas/24-008749-003/2024(H5N1)	1569	6509
PB2|PP755596.1|A/cattle/Texas/24-008749-003/2024(H5N1)	1570	6462
PB2|PP755596.1|A/cattle/Texas/24-008749-003/2024(H5N1)	1571	6385
PB2|PP755596.1|A/cattle/Texas/24-008749-003/2024(H5N1)	1572	6352
PB2|PP755596.1|A/cattle/Texas/24-008749-003/2024(H5N1)	1573	6378
PB2|PP755596.1|A/cattle/Texas/24-008749-003/2024(H5N1)	1574	6457
PB2|PP755596.1|A/cattle/Texas/24-008749-003/2024(H5N1)	1575	6467
PB2|PP755596.1|A/cattle/Texas/24-008749-003/2024(H5N1)	1576	6524
PB2|PP755596.1|A/cattle/Texas/24-008749-003/2024(H5N1)	1577	6404
PB2|PP755596.1|A/cattle/Texas/24-008749-003/2024(H5N1)	1578	6395
PB2|PP755596.1|A/cattle/Texas/24-008749-003/2024(H5N1)	1579	6098
PB2|PP755596.1|A/cattle/Texas/24-008749-003/2024(H5N1)	1580	6131
PB2|PP755596.1|A/cattle/Texas/24-008749-003/2024(H5N1)	1581	6176
PB2|PP755596.1|A/cattle/Texas/24-008749-003/2024(H5N1)	1582	6158
PB2|PP755596.1|A/cattle/Texas/24-008749-003/2024(H5N1)	1583	6149
PB2|PP755596.1|A/cattle/Texas/24-008749-003/2024(H5N1)	1584	6149
PB2|PP755596.1|A/cattle/Texas/24-008749-003/2024(H5N1)	1585	6185
PB2|PP755596.1|A/cattle/Texas/24-008749-003/2024(H5N1)	1586	6247
PB2|PP755596.1|A/cattle/Texas/24-008749-003/2024(H5N1)	1587	6290
PB2|PP755596.1|A/cattle/Texas/24-008749-003/2024(H5N1)	1588	6294
PB2|PP755596.1|A/cattle/Texas/24-008749-003/2024(H5N1)	1589	6266
PB2|PP755596.1|A/cattle/Texas/24-008749-003/2024(H5N1)	1590	6226
PB2|PP755596.1|A/cattle/Texas/24-008749-003/2024(H5N1)	1591	6252
PB2|PP755596.1|A/cattle/Texas/24-008749-003/2024(H5N1)	1592	6246
PB2|PP755596.1|A/cattle/Texas/24-008749-003/2024(H5N1)	1593	6280
PB2|PP755596.1|A/cattle/Texas/24-008749-003/2024(H5N1)	1594	6265
PB2|PP755596.1|A/cattle/Texas/24-008749-003/2024(H5N1)	1595	6358
PB2|PP755596.1|A/cattle/Texas/24-008749-003/2024(H5N1)	1596	6297
PB2|PP755596.1|A/cattle/Texas/24-008749-003/2024(H5N1)	1597	6277
PB2|PP755596.1|A/cattle/Texas/24-008749-003/2024(H5N1)	1598	6291
PB2|PP755596.1|A/cattle/Texas/24-008749-003/2024(H5N1)	1599	6292
PB2|PP755596.1|A/cattle/Texas/24-008749-003/2024(H5N1)	1600	6361
PB2|PP755596.1|A/cattle/Texas/24-008749-003/2024(H5N1)	1601	6272
PB2|PP755596.1|A/cattle/Texas/24-008749-003/2024(H5N1)	1602	6238
PB2|PP755596.1|A/cattle/Texas/24-008749-003/2024(H5N1)	1603	6284
PB2|PP755596.1|A/cattle/Texas/24-008749-003/2024(H5N1)	1604	6299
PB2|PP755596.1|A/cattle/Texas/24-008749-003/2024(H5N1)	1605	6293
PB2|PP755596.1|A/cattle/Texas/24-008749-003/2024(H5N1)	1606	6292
PB2|PP755596.1|A/cattle/Texas/24-008749-003/2024(H5N1)	1607	6226
PB2|PP755596.1|A/cattle/Texas/24-008749-003/2024(H5N1)	1608	6233
PB2|PP755596.1|A/cattle/Texas/24-008749-003/2024(H5N1)	1609	6180
PB2|PP755596.1|A/cattle/Texas/24-008749-003/2024(H5N1)	1610	6116
PB2|PP755596.1|A/cattle/Texas/24-008749-003/2024(H5N1)	1611	6324
PB2|PP755596.1|A/cattle/Texas/24-008749-003/2024(H5N1)	1612	6311
PB2|PP755596.1|A/cattle/Texas/24-008749-003/2024(H5N1)	1613	6263
PB2|PP755596.1|A/cattle/Texas/24-008749-003/2024(H5N1)	1614	6318
PB2|PP755596.1|A/cattle/Texas/24-008749-003/2024(H5N1)	1615	5560
PB2|PP755596.1|A/cattle/Texas/24-008749-003/2024(H5N1)	1616	5568
PB2|PP755596.1|A/cattle/Texas/24-008749-003/2024(H5N1)	1617	5538
PB2|PP755596.1|A/cattle/Texas/24-008749-003/2024(H5N1)	1618	5532
PB2|PP755596.1|A/cattle/Texas/24-008749-003/2024(H5N1)	1619	5556
PB2|PP755596.1|A/cattle/Texas/24-008749-003/2024(H5N1)	1620	5449
PB2|PP755596.1|A/cattle/Texas/24-008749-003/2024(H5N1)	1621	5469
PB2|PP755596.1|A/cattle/Texas/24-008749-003/2024(H5N1)	1622	5696
PB2|PP755596.1|A/cattle/Texas/24-008749-003/2024(H5N1)	1623	5608
PB2|PP755596.1|A/cattle/Texas/24-008749-003/2024(H5N1)	1624	5603
PB2|PP755596.1|A/cattle/Texas/24-008749-003/2024(H5N1)	1625	5584
PB2|PP755596.1|A/cattle/Texas/24-008749-003/2024(H5N1)	1626	6093
PB2|PP755596.1|A/cattle/Texas/24-008749-003/2024(H5N1)	1627	6148
PB2|PP755596.1|A/cattle/Texas/24-008749-003/2024(H5N1)	1628	6151
PB2|PP755596.1|A/cattle/Texas/24-008749-003/2024(H5N1)	1629	5998
PB2|PP755596.1|A/cattle/Texas/24-008749-003/2024(H5N1)	1630	6008
PB2|PP755596.1|A/cattle/Texas/24-008749-003/2024(H5N1)	1631	5914
PB2|PP755596.1|A/cattle/Texas/24-008749-003/2024(H5N1)	1632	5911
PB2|PP755596.1|A/cattle/Texas/24-008749-003/2024(H5N1)	1633	6221
PB2|PP755596.1|A/cattle/Texas/24-008749-003/2024(H5N1)	1634	6054
PB2|PP755596.1|A/cattle/Texas/24-008749-003/2024(H5N1)	1635	6054
PB2|PP755596.1|A/cattle/Texas/24-008749-003/2024(H5N1)	1636	5924
PB2|PP755596.1|A/cattle/Texas/24-008749-003/2024(H5N1)	1637	5904
PB2|PP755596.1|A/cattle/Texas/24-008749-003/2024(H5N1)	1638	6316
PB2|PP755596.1|A/cattle/Texas/24-008749-003/2024(H5N1)	1639	6374
PB2|PP755596.1|A/cattle/Texas/24-008749-003/2024(H5N1)	1640	6387
PB2|PP755596.1|A/cattle/Texas/24-008749-003/2024(H5N1)	1641	6381
PB2|PP755596.1|A/cattle/Texas/24-008749-003/2024(H5N1)	1642	6141
PB2|PP755596.1|A/cattle/Texas/24-008749-003/2024(H5N1)	1643	6406
PB2|PP755596.1|A/cattle/Texas/24-008749-003/2024(H5N1)	1644	6407
PB2|PP755596.1|A/cattle/Texas/24-008749-003/2024(H5N1)	1645	6498
PB2|PP755596.1|A/cattle/Texas/24-008749-003/2024(H5N1)	1646	6529
PB2|PP755596.1|A/cattle/Texas/24-008749-003/2024(H5N1)	1647	6157
PB2|PP755596.1|A/cattle/Texas/24-008749-003/2024(H5N1)	1648	6186
PB2|PP755596.1|A/cattle/Texas/24-008749-003/2024(H5N1)	1649	6197
PB2|PP755596.1|A/cattle/Texas/24-008749-003/2024(H5N1)	1650	6200
PB2|PP755596.1|A/cattle/Texas/24-008749-003/2024(H5N1)	1651	6113
PB2|PP755596.1|A/cattle/Texas/24-008749-003/2024(H5N1)	1652	5929
PB2|PP755596.1|A/cattle/Texas/24-008749-003/2024(H5N1)	1653	5960
PB2|PP755596.1|A/cattle/Texas/24-008749-003/2024(H5N1)	1654	6019
PB2|PP755596.1|A/cattle/Texas/24-008749-003/2024(H5N1)	1655	6004
PB2|PP755596.1|A/cattle/Texas/24-008749-003/2024(H5N1)	1656	6036
PB2|PP755596.1|A/cattle/Texas/24-008749-003/2024(H5N1)	1657	6028
PB2|PP755596.1|A/cattle/Texas/24-008749-003/2024(H5N1)	1658	6021
PB2|PP755596.1|A/cattle/Texas/24-008749-003/2024(H5N1)	1659	6014
PB2|PP755596.1|A/cattle/Texas/24-008749-003/2024(H5N1)	1660	6090
PB2|PP755596.1|A/cattle/Texas/24-008749-003/2024(H5N1)	1661	6034
PB2|PP755596.1|A/cattle/Texas/24-008749-003/2024(H5N1)	1662	6011
PB2|PP755596.1|A/cattle/Texas/24-008749-003/2024(H5N1)	1663	5988
PB2|PP755596.1|A/cattle/Texas/24-008749-003/2024(H5N1)	1664	5990
PB2|PP755596.1|A/cattle/Texas/24-008749-003/2024(H5N1)	1665	6000
PB2|PP755596.1|A/cattle/Texas/24-008749-003/2024(H5N1)	1666	6021
PB2|PP755596.1|A/cattle/Texas/24-008749-003/2024(H5N1)	1667	6007
PB2|PP755596.1|A/cattle/Texas/24-008749-003/2024(H5N1)	1668	6044
PB2|PP755596.1|A/cattle/Texas/24-008749-003/2024(H5N1)	1669	5994
PB2|PP755596.1|A/cattle/Texas/24-008749-003/2024(H5N1)	1670	5994
PB2|PP755596.1|A/cattle/Texas/24-008749-003/2024(H5N1)	1671	5994
PB2|PP755596.1|A/cattle/Texas/24-008749-003/2024(H5N1)	1672	6003
PB2|PP755596.1|A/cattle/Texas/24-008749-003/2024(H5N1)	1673	6063
PB2|PP755596.1|A/cattle/Texas/24-008749-003/2024(H5N1)	1674	6080
PB2|PP755596.1|A/cattle/Texas/24-008749-003/2024(H5N1)	1675	6053
PB2|PP755596.1|A/cattle/Texas/24-008749-003/2024(H5N1)	1676	5943
PB2|PP755596.1|A/cattle/Texas/24-008749-003/2024(H5N1)	1677	5898
PB2|PP755596.1|A/cattle/Texas/24-008749-003/2024(H5N1)	1678	5909
PB2|PP755596.1|A/cattle/Texas/24-008749-003/2024(H5N1)	1679	5914
PB2|PP755596.1|A/cattle/Texas/24-008749-003/2024(H5N1)	1680	5915
PB2|PP755596.1|A/cattle/Texas/24-008749-003/2024(H5N1)	1681	5929
PB2|PP755596.1|A/cattle/Texas/24-008749-003/2024(H5N1)	1682	5708
PB2|PP755596.1|A/cattle/Texas/24-008749-003/2024(H5N1)	1683	5725
PB2|PP755596.1|A/cattle/Texas/24-008749-003/2024(H5N1)	1684	5746
PB2|PP755596.1|A/cattle/Texas/24-008749-003/2024(H5N1)	1685	5987
PB2|PP755596.1|A/cattle/Texas/24-008749-003/2024(H5N1)	1686	5983
PB2|PP755596.1|A/cattle/Texas/24-008749-003/2024(H5N1)	1687	5936
PB2|PP755596.1|A/cattle/Texas/24-008749-003/2024(H5N1)	1688	5923
PB2|PP755596.1|A/cattle/Texas/24-008749-003/2024(H5N1)	1689	5923
PB2|PP755596.1|A/cattle/Texas/24-008749-003/2024(H5N1)	1690	5948
PB2|PP755596.1|A/cattle/Texas/24-008749-003/2024(H5N1)	1691	6079
PB2|PP755596.1|A/cattle/Texas/24-008749-003/2024(H5N1)	1692	6017
PB2|PP755596.1|A/cattle/Texas/24-008749-003/2024(H5N1)	1693	6069
PB2|PP755596.1|A/cattle/Texas/24-008749-003/2024(H5N1)	1694	6054
PB2|PP755596.1|A/cattle/Texas/24-008749-003/2024(H5N1)	1695	6201
PB2|PP755596.1|A/cattle/Texas/24-008749-003/2024(H5N1)	1696	6191
PB2|PP755596.1|A/cattle/Texas/24-008749-003/2024(H5N1)	1697	6189
PB2|PP755596.1|A/cattle/Texas/24-008749-003/2024(H5N1)	1698	6195
PB2|PP755596.1|A/cattle/Texas/24-008749-003/2024(H5N1)	1699	6203
PB2|PP755596.1|A/cattle/Texas/24-008749-003/2024(H5N1)	1700	6114
PB2|PP755596.1|A/cattle/Texas/24-008749-003/2024(H5N1)	1701	6106
PB2|PP755596.1|A/cattle/Texas/24-008749-003/2024(H5N1)	1702	6118
PB2|PP755596.1|A/cattle/Texas/24-008749-003/2024(H5N1)	1703	6146
PB2|PP755596.1|A/cattle/Texas/24-008749-003/2024(H5N1)	1704	6136
PB2|PP755596.1|A/cattle/Texas/24-008749-003/2024(H5N1)	1705	6124
PB2|PP755596.1|A/cattle/Texas/24-008749-003/2024(H5N1)	1706	6092
PB2|PP755596.1|A/cattle/Texas/24-008749-003/2024(H5N1)	1707	6078
PB2|PP755596.1|A/cattle/Texas/24-008749-003/2024(H5N1)	1708	6212
PB2|PP755596.1|A/cattle/Texas/24-008749-003/2024(H5N1)	1709	6183
PB2|PP755596.1|A/cattle/Texas/24-008749-003/2024(H5N1)	1710	6237
PB2|PP755596.1|A/cattle/Texas/24-008749-003/2024(H5N1)	1711	6339
PB2|PP755596.1|A/cattle/Texas/24-008749-003/2024(H5N1)	1712	6278
PB2|PP755596.1|A/cattle/Texas/24-008749-003/2024(H5N1)	1713	6338
PB2|PP755596.1|A/cattle/Texas/24-008749-003/2024(H5N1)	1714	6326
PB2|PP755596.1|A/cattle/Texas/24-008749-003/2024(H5N1)	1715	6358
PB2|PP755596.1|A/cattle/Texas/24-008749-003/2024(H5N1)	1716	6416
PB2|PP755596.1|A/cattle/Texas/24-008749-003/2024(H5N1)	1717	6260
PB2|PP755596.1|A/cattle/Texas/24-008749-003/2024(H5N1)	1718	6309
PB2|PP755596.1|A/cattle/Texas/24-008749-003/2024(H5N1)	1719	6136
PB2|PP755596.1|A/cattle/Texas/24-008749-003/2024(H5N1)	1720	6135
PB2|PP755596.1|A/cattle/Texas/24-008749-003/2024(H5N1)	1721	6128
PB2|PP755596.1|A/cattle/Texas/24-008749-003/2024(H5N1)	1722	6108
PB2|PP755596.1|A/cattle/Texas/24-008749-003/2024(H5N1)	1723	6104
PB2|PP755596.1|A/cattle/Texas/24-008749-003/2024(H5N1)	1724	6076
PB2|PP755596.1|A/cattle/Texas/24-008749-003/2024(H5N1)	1725	6013
PB2|PP755596.1|A/cattle/Texas/24-008749-003/2024(H5N1)	1726	6030
PB2|PP755596.1|A/cattle/Texas/24-008749-003/2024(H5N1)	1727	6049
PB2|PP755596.1|A/cattle/Texas/24-008749-003/2024(H5N1)	1728	6095
PB2|PP755596.1|A/cattle/Texas/24-008749-003/2024(H5N1)	1729	6120
PB2|PP755596.1|A/cattle/Texas/24-008749-003/2024(H5N1)	1730	6102
PB2|PP755596.1|A/cattle/Texas/24-008749-003/2024(H5N1)	1731	5982
PB2|PP755596.1|A/cattle/Texas/24-008749-003/2024(H5N1)	1732	5981
PB2|PP755596.1|A/cattle/Texas/24-008749-003/2024(H5N1)	1733	6039
PB2|PP755596.1|A/cattle/Texas/24-008749-003/2024(H5N1)	1734	6035
PB2|PP755596.1|A/cattle/Texas/24-008749-003/2024(H5N1)	1735	6031
PB2|PP755596.1|A/cattle/Texas/24-008749-003/2024(H5N1)	1736	6001
PB2|PP755596.1|A/cattle/Texas/24-008749-003/2024(H5N1)	1737	6157
PB2|PP755596.1|A/cattle/Texas/24-008749-003/2024(H5N1)	1738	6106
PB2|PP755596.1|A/cattle/Texas/24-008749-003/2024(H5N1)	1739	6107
PB2|PP755596.1|A/cattle/Texas/24-008749-003/2024(H5N1)	1740	6103
PB2|PP755596.1|A/cattle/Texas/24-008749-003/2024(H5N1)	1741	6100
PB2|PP755596.1|A/cattle/Texas/24-008749-003/2024(H5N1)	1742	6085
PB2|PP755596.1|A/cattle/Texas/24-008749-003/2024(H5N1)	1743	6091
PB2|PP755596.1|A/cattle/Texas/24-008749-003/2024(H5N1)	1744	6124
PB2|PP755596.1|A/cattle/Texas/24-008749-003/2024(H5N1)	1745	6170
PB2|PP755596.1|A/cattle/Texas/24-008749-003/2024(H5N1)	1746	6073
PB2|PP755596.1|A/cattle/Texas/24-008749-003/2024(H5N1)	1747	6099
PB2|PP755596.1|A/cattle/Texas/24-008749-003/2024(H5N1)	1748	6087
PB2|PP755596.1|A/cattle/Texas/24-008749-003/2024(H5N1)	1749	6105
PB2|PP755596.1|A/cattle/Texas/24-008749-003/2024(H5N1)	1750	6236
PB2|PP755596.1|A/cattle/Texas/24-008749-003/2024(H5N1)	1751	6184
PB2|PP755596.1|A/cattle/Texas/24-008749-003/2024(H5N1)	1752	6418
PB2|PP755596.1|A/cattle/Texas/24-008749-003/2024(H5N1)	1753	6399
PB2|PP755596.1|A/cattle/Texas/24-008749-003/2024(H5N1)	1754	6329
PB2|PP755596.1|A/cattle/Texas/24-008749-003/2024(H5N1)	1755	6327
PB2|PP755596.1|A/cattle/Texas/24-008749-003/2024(H5N1)	1756	6399
PB2|PP755596.1|A/cattle/Texas/24-008749-003/2024(H5N1)	1757	6386
PB2|PP755596.1|A/cattle/Texas/24-008749-003/2024(H5N1)	1758	6381
PB2|PP755596.1|A/cattle/Texas/24-008749-003/2024(H5N1)	1759	6376
PB2|PP755596.1|A/cattle/Texas/24-008749-003/2024(H5N1)	1760	6362
PB2|PP755596.1|A/cattle/Texas/24-008749-003/2024(H5N1)	1761	6156
PB2|PP755596.1|A/cattle/Texas/24-008749-003/2024(H5N1)	1762	6183
PB2|PP755596.1|A/cattle/Texas/24-008749-003/2024(H5N1)	1763	6233
PB2|PP755596.1|A/cattle/Texas/24-008749-003/2024(H5N1)	1764	6184
PB2|PP755596.1|A/cattle/Texas/24-008749-003/2024(H5N1)	1765	6163
PB2|PP755596.1|A/cattle/Texas/24-008749-003/2024(H5N1)	1766	6205
PB2|PP755596.1|A/cattle/Texas/24-008749-003/2024(H5N1)	1767	6228
PB2|PP755596.1|A/cattle/Texas/24-008749-003/2024(H5N1)	1768	6821
PB2|PP755596.1|A/cattle/Texas/24-008749-003/2024(H5N1)	1769	6889
PB2|PP755596.1|A/cattle/Texas/24-008749-003/2024(H5N1)	1770	6868
PB2|PP755596.1|A/cattle/Texas/24-008749-003/2024(H5N1)	1771	6839
PB2|PP755596.1|A/cattle/Texas/24-008749-003/2024(H5N1)	1772	6868
PB2|PP755596.1|A/cattle/Texas/24-008749-003/2024(H5N1)	1773	6870
PB2|PP755596.1|A/cattle/Texas/24-008749-003/2024(H5N1)	1774	6908
PB2|PP755596.1|A/cattle/Texas/24-008749-003/2024(H5N1)	1775	6875
PB2|PP755596.1|A/cattle/Texas/24-008749-003/2024(H5N1)	1776	6914
PB2|PP755596.1|A/cattle/Texas/24-008749-003/2024(H5N1)	1777	6209
PB2|PP755596.1|A/cattle/Texas/24-008749-003/2024(H5N1)	1778	6177
PB2|PP755596.1|A/cattle/Texas/24-008749-003/2024(H5N1)	1779	6170
PB2|PP755596.1|A/cattle/Texas/24-008749-003/2024(H5N1)	1780	6208
PB2|PP755596.1|A/cattle/Texas/24-008749-003/2024(H5N1)	1781	6210
PB2|PP755596.1|A/cattle/Texas/24-008749-003/2024(H5N1)	1782	6150
PB2|PP755596.1|A/cattle/Texas/24-008749-003/2024(H5N1)	1783	6252
PB2|PP755596.1|A/cattle/Texas/24-008749-003/2024(H5N1)	1784	6061
PB2|PP755596.1|A/cattle/Texas/24-008749-003/2024(H5N1)	1785	6083
PB2|PP755596.1|A/cattle/Texas/24-008749-003/2024(H5N1)	1786	6086
PB2|PP755596.1|A/cattle/Texas/24-008749-003/2024(H5N1)	1787	6089
PB2|PP755596.1|A/cattle/Texas/24-008749-003/2024(H5N1)	1788	6088
PB2|PP755596.1|A/cattle/Texas/24-008749-003/2024(H5N1)	1789	5772
PB2|PP755596.1|A/cattle/Texas/24-008749-003/2024(H5N1)	1790	5783
PB2|PP755596.1|A/cattle/Texas/24-008749-003/2024(H5N1)	1791	5782
PB2|PP755596.1|A/cattle/Texas/24-008749-003/2024(H5N1)	1792	5844
PB2|PP755596.1|A/cattle/Texas/24-008749-003/2024(H5N1)	1793	5759
PB2|PP755596.1|A/cattle/Texas/24-008749-003/2024(H5N1)	1794	5703
PB2|PP755596.1|A/cattle/Texas/24-008749-003/2024(H5N1)	1795	5745
PB2|PP755596.1|A/cattle/Texas/24-008749-003/2024(H5N1)	1796	5738
PB2|PP755596.1|A/cattle/Texas/24-008749-003/2024(H5N1)	1797	5814
PB2|PP755596.1|A/cattle/Texas/24-008749-003/2024(H5N1)	1798	5817
PB2|PP755596.1|A/cattle/Texas/24-008749-003/2024(H5N1)	1799	5799
PB2|PP755596.1|A/cattle/Texas/24-008749-003/2024(H5N1)	1800	5795
PB2|PP755596.1|A/cattle/Texas/24-008749-003/2024(H5N1)	1801	5787
PB2|PP755596.1|A/cattle/Texas/24-008749-003/2024(H5N1)	1802	5722
PB2|PP755596.1|A/cattle/Texas/24-008749-003/2024(H5N1)	1803	5728
PB2|PP755596.1|A/cattle/Texas/24-008749-003/2024(H5N1)	1804	5744
PB2|PP755596.1|A/cattle/Texas/24-008749-003/2024(H5N1)	1805	5702
PB2|PP755596.1|A/cattle/Texas/24-008749-003/2024(H5N1)	1806	5675
PB2|PP755596.1|A/cattle/Texas/24-008749-003/2024(H5N1)	1807	5679
PB2|PP755596.1|A/cattle/Texas/24-008749-003/2024(H5N1)	1808	5772
PB2|PP755596.1|A/cattle/Texas/24-008749-003/2024(H5N1)	1809	5772
PB2|PP755596.1|A/cattle/Texas/24-008749-003/2024(H5N1)	1810	5699
PB2|PP755596.1|A/cattle/Texas/24-008749-003/2024(H5N1)	1811	5718
PB2|PP755596.1|A/cattle/Texas/24-008749-003/2024(H5N1)	1812	5752
PB2|PP755596.1|A/cattle/Texas/24-008749-003/2024(H5N1)	1813	5757
PB2|PP755596.1|A/cattle/Texas/24-008749-003/2024(H5N1)	1814	5903
PB2|PP755596.1|A/cattle/Texas/24-008749-003/2024(H5N1)	1815	5909
PB2|PP755596.1|A/cattle/Texas/24-008749-003/2024(H5N1)	1816	5943
PB2|PP755596.1|A/cattle/Texas/24-008749-003/2024(H5N1)	1817	5937
PB2|PP755596.1|A/cattle/Texas/24-008749-003/2024(H5N1)	1818	6008
PB2|PP755596.1|A/cattle/Texas/24-008749-003/2024(H5N1)	1819	5964
PB2|PP755596.1|A/cattle/Texas/24-008749-003/2024(H5N1)	1820	5937
PB2|PP755596.1|A/cattle/Texas/24-008749-003/2024(H5N1)	1821	5974
PB2|PP755596.1|A/cattle/Texas/24-008749-003/2024(H5N1)	1822	5962
PB2|PP755596.1|A/cattle/Texas/24-008749-003/2024(H5N1)	1823	5968
PB2|PP755596.1|A/cattle/Texas/24-008749-003/2024(H5N1)	1824	5933
PB2|PP755596.1|A/cattle/Texas/24-008749-003/2024(H5N1)	1825	5934
PB2|PP755596.1|A/cattle/Texas/24-008749-003/2024(H5N1)	1826	5966
PB2|PP755596.1|A/cattle/Texas/24-008749-003/2024(H5N1)	1827	6174
PB2|PP755596.1|A/cattle/Texas/24-008749-003/2024(H5N1)	1828	6204
PB2|PP755596.1|A/cattle/Texas/24-008749-003/2024(H5N1)	1829	6193
PB2|PP755596.1|A/cattle/Texas/24-008749-003/2024(H5N1)	1830	6194
PB2|PP755596.1|A/cattle/Texas/24-008749-003/2024(H5N1)	1831	6195
PB2|PP755596.1|A/cattle/Texas/24-008749-003/2024(H5N1)	1832	6297
PB2|PP755596.1|A/cattle/Texas/24-008749-003/2024(H5N1)	1833	6298
PB2|PP755596.1|A/cattle/Texas/24-008749-003/2024(H5N1)	1834	6283
PB2|PP755596.1|A/cattle/Texas/24-008749-003/2024(H5N1)	1835	6315
PB2|PP755596.1|A/cattle/Texas/24-008749-003/2024(H5N1)	1836	6023
PB2|PP755596.1|A/cattle/Texas/24-008749-003/2024(H5N1)	1837	6217
PB2|PP755596.1|A/cattle/Texas/24-008749-003/2024(H5N1)	1838	6229
PB2|PP755596.1|A/cattle/Texas/24-008749-003/2024(H5N1)	1839	6252
PB2|PP755596.1|A/cattle/Texas/24-008749-003/2024(H5N1)	1840	6251
PB2|PP755596.1|A/cattle/Texas/24-008749-003/2024(H5N1)	1841	6213
PB2|PP755596.1|A/cattle/Texas/24-008749-003/2024(H5N1)	1842	6107
PB2|PP755596.1|A/cattle/Texas/24-008749-003/2024(H5N1)	1843	6746
PB2|PP755596.1|A/cattle/Texas/24-008749-003/2024(H5N1)	1844	6775
PB2|PP755596.1|A/cattle/Texas/24-008749-003/2024(H5N1)	1845	6754
PB2|PP755596.1|A/cattle/Texas/24-008749-003/2024(H5N1)	1846	6596
PB2|PP755596.1|A/cattle/Texas/24-008749-003/2024(H5N1)	1847	6593
PB2|PP755596.1|A/cattle/Texas/24-008749-003/2024(H5N1)	1848	6592
PB2|PP755596.1|A/cattle/Texas/24-008749-003/2024(H5N1)	1849	6665
PB2|PP755596.1|A/cattle/Texas/24-008749-003/2024(H5N1)	1850	6678
PB2|PP755596.1|A/cattle/Texas/24-008749-003/2024(H5N1)	1851	6654
PB2|PP755596.1|A/cattle/Texas/24-008749-003/2024(H5N1)	1852	6704
PB2|PP755596.1|A/cattle/Texas/24-008749-003/2024(H5N1)	1853	6596
PB2|PP755596.1|A/cattle/Texas/24-008749-003/2024(H5N1)	1854	6589
PB2|PP755596.1|A/cattle/Texas/24-008749-003/2024(H5N1)	1855	6586
PB2|PP755596.1|A/cattle/Texas/24-008749-003/2024(H5N1)	1856	6580
PB2|PP755596.1|A/cattle/Texas/24-008749-003/2024(H5N1)	1857	6690
PB2|PP755596.1|A/cattle/Texas/24-008749-003/2024(H5N1)	1858	6572
PB2|PP755596.1|A/cattle/Texas/24-008749-003/2024(H5N1)	1859	6594
PB2|PP755596.1|A/cattle/Texas/24-008749-003/2024(H5N1)	1860	6549
PB2|PP755596.1|A/cattle/Texas/24-008749-003/2024(H5N1)	1861	6422
PB2|PP755596.1|A/cattle/Texas/24-008749-003/2024(H5N1)	1862	6426
PB2|PP755596.1|A/cattle/Texas/24-008749-003/2024(H5N1)	1863	6421
PB2|PP755596.1|A/cattle/Texas/24-008749-003/2024(H5N1)	1864	6348
PB2|PP755596.1|A/cattle/Texas/24-008749-003/2024(H5N1)	1865	6369
PB2|PP755596.1|A/cattle/Texas/24-008749-003/2024(H5N1)	1866	6274
PB2|PP755596.1|A/cattle/Texas/24-008749-003/2024(H5N1)	1867	6263
PB2|PP755596.1|A/cattle/Texas/24-008749-003/2024(H5N1)	1868	6263
PB2|PP755596.1|A/cattle/Texas/24-008749-003/2024(H5N1)	1869	6251
PB2|PP755596.1|A/cattle/Texas/24-008749-003/2024(H5N1)	1870	6284
PB2|PP755596.1|A/cattle/Texas/24-008749-003/2024(H5N1)	1871	6228
PB2|PP755596.1|A/cattle/Texas/24-008749-003/2024(H5N1)	1872	6226
PB2|PP755596.1|A/cattle/Texas/24-008749-003/2024(H5N1)	1873	6331
PB2|PP755596.1|A/cattle/Texas/24-008749-003/2024(H5N1)	1874	6341
PB2|PP755596.1|A/cattle/Texas/24-008749-003/2024(H5N1)	1875	6377
PB2|PP755596.1|A/cattle/Texas/24-008749-003/2024(H5N1)	1876	6364
PB2|PP755596.1|A/cattle/Texas/24-008749-003/2024(H5N1)	1877	6342
PB2|PP755596.1|A/cattle/Texas/24-008749-003/2024(H5N1)	1878	6343
PB2|PP755596.1|A/cattle/Texas/24-008749-003/2024(H5N1)	1879	6413
PB2|PP755596.1|A/cattle/Texas/24-008749-003/2024(H5N1)	1880	6412
PB2|PP755596.1|A/cattle/Texas/24-008749-003/2024(H5N1)	1881	6445
PB2|PP755596.1|A/cattle/Texas/24-008749-003/2024(H5N1)	1882	6448
PB2|PP755596.1|A/cattle/Texas/24-008749-003/2024(H5N1)	1883	6433
PB2|PP755596.1|A/cattle/Texas/24-008749-003/2024(H5N1)	1884	6452
PB2|PP755596.1|A/cattle/Texas/24-008749-003/2024(H5N1)	1885	6443
PB2|PP755596.1|A/cattle/Texas/24-008749-003/2024(H5N1)	1886	6502
PB2|PP755596.1|A/cattle/Texas/24-008749-003/2024(H5N1)	1887	6534
PB2|PP755596.1|A/cattle/Texas/24-008749-003/2024(H5N1)	1888	6320
PB2|PP755596.1|A/cattle/Texas/24-008749-003/2024(H5N1)	1889	6315
PB2|PP755596.1|A/cattle/Texas/24-008749-003/2024(H5N1)	1890	6313
PB2|PP755596.1|A/cattle/Texas/24-008749-003/2024(H5N1)	1891	6480
PB2|PP755596.1|A/cattle/Texas/24-008749-003/2024(H5N1)	1892	6536
PB2|PP755596.1|A/cattle/Texas/24-008749-003/2024(H5N1)	1893	6497
PB2|PP755596.1|A/cattle/Texas/24-008749-003/2024(H5N1)	1894	6532
PB2|PP755596.1|A/cattle/Texas/24-008749-003/2024(H5N1)	1895	6472
PB2|PP755596.1|A/cattle/Texas/24-008749-003/2024(H5N1)	1896	6547
PB2|PP755596.1|A/cattle/Texas/24-008749-003/2024(H5N1)	1897	6535
PB2|PP755596.1|A/cattle/Texas/24-008749-003/2024(H5N1)	1898	6533
PB2|PP755596.1|A/cattle/Texas/24-008749-003/2024(H5N1)	1899	6508
PB2|PP755596.1|A/cattle/Texas/24-008749-003/2024(H5N1)	1900	6363
PB2|PP755596.1|A/cattle/Texas/24-008749-003/2024(H5N1)	1901	6403
PB2|PP755596.1|A/cattle/Texas/24-008749-003/2024(H5N1)	1902	6227
PB2|PP755596.1|A/cattle/Texas/24-008749-003/2024(H5N1)	1903	6193
PB2|PP755596.1|A/cattle/Texas/24-008749-003/2024(H5N1)	1904	6252
PB2|PP755596.1|A/cattle/Texas/24-008749-003/2024(H5N1)	1905	6210
PB2|PP755596.1|A/cattle/Texas/24-008749-003/2024(H5N1)	1906	6292
PB2|PP755596.1|A/cattle/Texas/24-008749-003/2024(H5N1)	1907	6207
PB2|PP755596.1|A/cattle/Texas/24-008749-003/2024(H5N1)	1908	6226
PB2|PP755596.1|A/cattle/Texas/24-008749-003/2024(H5N1)	1909	6301
PB2|PP755596.1|A/cattle/Texas/24-008749-003/2024(H5N1)	1910	6352
PB2|PP755596.1|A/cattle/Texas/24-008749-003/2024(H5N1)	1911	6411
PB2|PP755596.1|A/cattle/Texas/24-008749-003/2024(H5N1)	1912	6438
PB2|PP755596.1|A/cattle/Texas/24-008749-003/2024(H5N1)	1913	6403
PB2|PP755596.1|A/cattle/Texas/24-008749-003/2024(H5N1)	1914	6452
PB2|PP755596.1|A/cattle/Texas/24-008749-003/2024(H5N1)	1915	6475
PB2|PP755596.1|A/cattle/Texas/24-008749-003/2024(H5N1)	1916	6535
PB2|PP755596.1|A/cattle/Texas/24-008749-003/2024(H5N1)	1917	6501
PB2|PP755596.1|A/cattle/Texas/24-008749-003/2024(H5N1)	1918	6501
PB2|PP755596.1|A/cattle/Texas/24-008749-003/2024(H5N1)	1919	5941
PB2|PP755596.1|A/cattle/Texas/24-008749-003/2024(H5N1)	1920	5923
PB2|PP755596.1|A/cattle/Texas/24-008749-003/2024(H5N1)	1921	5895
PB2|PP755596.1|A/cattle/Texas/24-008749-003/2024(H5N1)	1922	5880
PB2|PP755596.1|A/cattle/Texas/24-008749-003/2024(H5N1)	1923	5878
PB2|PP755596.1|A/cattle/Texas/24-008749-003/2024(H5N1)	1924	5707
PB2|PP755596.1|A/cattle/Texas/24-008749-003/2024(H5N1)	1925	5895
PB2|PP755596.1|A/cattle/Texas/24-008749-003/2024(H5N1)	1926	5952
PB2|PP755596.1|A/cattle/Texas/24-008749-003/2024(H5N1)	1927	5936
PB2|PP755596.1|A/cattle/Texas/24-008749-003/2024(H5N1)	1928	5925
PB2|PP755596.1|A/cattle/Texas/24-008749-003/2024(H5N1)	1929	5915
PB2|PP755596.1|A/cattle/Texas/24-008749-003/2024(H5N1)	1930	6021
PB2|PP755596.1|A/cattle/Texas/24-008749-003/2024(H5N1)	1931	5988
PB2|PP755596.1|A/cattle/Texas/24-008749-003/2024(H5N1)	1932	5980
PB2|PP755596.1|A/cattle/Texas/24-008749-003/2024(H5N1)	1933	5946
PB2|PP755596.1|A/cattle/Texas/24-008749-003/2024(H5N1)	1934	5854
PB2|PP755596.1|A/cattle/Texas/24-008749-003/2024(H5N1)	1935	5860
PB2|PP755596.1|A/cattle/Texas/24-008749-003/2024(H5N1)	1936	5842
PB2|PP755596.1|A/cattle/Texas/24-008749-003/2024(H5N1)	1937	5907
PB2|PP755596.1|A/cattle/Texas/24-008749-003/2024(H5N1)	1938	5957
PB2|PP755596.1|A/cattle/Texas/24-008749-003/2024(H5N1)	1939	5935
PB2|PP755596.1|A/cattle/Texas/24-008749-003/2024(H5N1)	1940	5936
PB2|PP755596.1|A/cattle/Texas/24-008749-003/2024(H5N1)	1941	5926
PB2|PP755596.1|A/cattle/Texas/24-008749-003/2024(H5N1)	1942	5857
PB2|PP755596.1|A/cattle/Texas/24-008749-003/2024(H5N1)	1943	5775
PB2|PP755596.1|A/cattle/Texas/24-008749-003/2024(H5N1)	1944	5835
PB2|PP755596.1|A/cattle/Texas/24-008749-003/2024(H5N1)	1945	5847
PB2|PP755596.1|A/cattle/Texas/24-008749-003/2024(H5N1)	1946	5718
PB2|PP755596.1|A/cattle/Texas/24-008749-003/2024(H5N1)	1947	5719
PB2|PP755596.1|A/cattle/Texas/24-008749-003/2024(H5N1)	1948	5639
PB2|PP755596.1|A/cattle/Texas/24-008749-003/2024(H5N1)	1949	5642
PB2|PP755596.1|A/cattle/Texas/24-008749-003/2024(H5N1)	1950	5672
PB2|PP755596.1|A/cattle/Texas/24-008749-003/2024(H5N1)	1951	5664
PB2|PP755596.1|A/cattle/Texas/24-008749-003/2024(H5N1)	1952	5666
PB2|PP755596.1|A/cattle/Texas/24-008749-003/2024(H5N1)	1953	5607
PB2|PP755596.1|A/cattle/Texas/24-008749-003/2024(H5N1)	1954	5590
PB2|PP755596.1|A/cattle/Texas/24-008749-003/2024(H5N1)	1955	5738
PB2|PP755596.1|A/cattle/Texas/24-008749-003/2024(H5N1)	1956	5793
PB2|PP755596.1|A/cattle/Texas/24-008749-003/2024(H5N1)	1957	5796
PB2|PP755596.1|A/cattle/Texas/24-008749-003/2024(H5N1)	1958	5820
PB2|PP755596.1|A/cattle/Texas/24-008749-003/2024(H5N1)	1959	5785
PB2|PP755596.1|A/cattle/Texas/24-008749-003/2024(H5N1)	1960	5804
PB2|PP755596.1|A/cattle/Texas/24-008749-003/2024(H5N1)	1961	5788
PB2|PP755596.1|A/cattle/Texas/24-008749-003/2024(H5N1)	1962	5755
PB2|PP755596.1|A/cattle/Texas/24-008749-003/2024(H5N1)	1963	5790
PB2|PP755596.1|A/cattle/Texas/24-008749-003/2024(H5N1)	1964	5666
PB2|PP755596.1|A/cattle/Texas/24-008749-003/2024(H5N1)	1965	5703
PB2|PP755596.1|A/cattle/Texas/24-008749-003/2024(H5N1)	1966	5784
PB2|PP755596.1|A/cattle/Texas/24-008749-003/2024(H5N1)	1967	5786
PB2|PP755596.1|A/cattle/Texas/24-008749-003/2024(H5N1)	1968	5745
PB2|PP755596.1|A/cattle/Texas/24-008749-003/2024(H5N1)	1969	5741
PB2|PP755596.1|A/cattle/Texas/24-008749-003/2024(H5N1)	1970	5789
PB2|PP755596.1|A/cattle/Texas/24-008749-003/2024(H5N1)	1971	5788
PB2|PP755596.1|A/cattle/Texas/24-008749-003/2024(H5N1)	1972	6365
PB2|PP755596.1|A/cattle/Texas/24-008749-003/2024(H5N1)	1973	6395
PB2|PP755596.1|A/cattle/Texas/24-008749-003/2024(H5N1)	1974	6437
PB2|PP755596.1|A/cattle/Texas/24-008749-003/2024(H5N1)	1975	6427
PB2|PP755596.1|A/cattle/Texas/24-008749-003/2024(H5N1)	1976	6412
PB2|PP755596.1|A/cattle/Texas/24-008749-003/2024(H5N1)	1977	6292
PB2|PP755596.1|A/cattle/Texas/24-008749-003/2024(H5N1)	1978	6263
PB2|PP755596.1|A/cattle/Texas/24-008749-003/2024(H5N1)	1979	6215
PB2|PP755596.1|A/cattle/Texas/24-008749-003/2024(H5N1)	1980	6231
PB2|PP755596.1|A/cattle/Texas/24-008749-003/2024(H5N1)	1981	6242
PB2|PP755596.1|A/cattle/Texas/24-008749-003/2024(H5N1)	1982	6281
PB2|PP755596.1|A/cattle/Texas/24-008749-003/2024(H5N1)	1983	6200
PB2|PP755596.1|A/cattle/Texas/24-008749-003/2024(H5N1)	1984	6300
PB2|PP755596.1|A/cattle/Texas/24-008749-003/2024(H5N1)	1985	7037
PB2|PP755596.1|A/cattle/Texas/24-008749-003/2024(H5N1)	1986	7034
PB2|PP755596.1|A/cattle/Texas/24-008749-003/2024(H5N1)	1987	7128
PB2|PP755596.1|A/cattle/Texas/24-008749-003/2024(H5N1)	1988	6959
PB2|PP755596.1|A/cattle/Texas/24-008749-003/2024(H5N1)	1989	6958
PB2|PP755596.1|A/cattle/Texas/24-008749-003/2024(H5N1)	1990	6958
PB2|PP755596.1|A/cattle/Texas/24-008749-003/2024(H5N1)	1991	7072
PB2|PP755596.1|A/cattle/Texas/24-008749-003/2024(H5N1)	1992	7102
PB2|PP755596.1|A/cattle/Texas/24-008749-003/2024(H5N1)	1993	7010
PB2|PP755596.1|A/cattle/Texas/24-008749-003/2024(H5N1)	1994	6379
PB2|PP755596.1|A/cattle/Texas/24-008749-003/2024(H5N1)	1995	6381
PB2|PP755596.1|A/cattle/Texas/24-008749-003/2024(H5N1)	1996	6374
PB2|PP755596.1|A/cattle/Texas/24-008749-003/2024(H5N1)	1997	6372
PB2|PP755596.1|A/cattle/Texas/24-008749-003/2024(H5N1)	1998	6364
PB2|PP755596.1|A/cattle/Texas/24-008749-003/2024(H5N1)	1999	6459
PB2|PP755596.1|A/cattle/Texas/24-008749-003/2024(H5N1)	2000	6401
PB2|PP755596.1|A/cattle/Texas/24-008749-003/2024(H5N1)	2001	6386
PB2|PP755596.1|A/cattle/Texas/24-008749-003/2024(H5N1)	2002	6447
PB2|PP755596.1|A/cattle/Texas/24-008749-003/2024(H5N1)	2003	6435
PB2|PP755596.1|A/cattle/Texas/24-008749-003/2024(H5N1)	2004	6441
PB2|PP755596.1|A/cattle/Texas/24-008749-003/2024(H5N1)	2005	6436
PB2|PP755596.1|A/cattle/Texas/24-008749-003/2024(H5N1)	2006	6435
PB2|PP755596.1|A/cattle/Texas/24-008749-003/2024(H5N1)	2007	6474
PB2|PP755596.1|A/cattle/Texas/24-008749-003/2024(H5N1)	2008	6347
PB2|PP755596.1|A/cattle/Texas/24-008749-003/2024(H5N1)	2009	6346
PB2|PP755596.1|A/cattle/Texas/24-008749-003/2024(H5N1)	2010	6344
PB2|PP755596.1|A/cattle/Texas/24-008749-003/2024(H5N1)	2011	6344
PB2|PP755596.1|A/cattle/Texas/24-008749-003/2024(H5N1)	2012	6404
PB2|PP755596.1|A/cattle/Texas/24-008749-003/2024(H5N1)	2013	6401
PB2|PP755596.1|A/cattle/Texas/24-008749-003/2024(H5N1)	2014	6409
PB2|PP755596.1|A/cattle/Texas/24-008749-003/2024(H5N1)	2015	6464
PB2|PP755596.1|A/cattle/Texas/24-008749-003/2024(H5N1)	2016	6456
PB2|PP755596.1|A/cattle/Texas/24-008749-003/2024(H5N1)	2017	6503
PB2|PP755596.1|A/cattle/Texas/24-008749-003/2024(H5N1)	2018	6556
PB2|PP755596.1|A/cattle/Texas/24-008749-003/2024(H5N1)	2019	6536
PB2|PP755596.1|A/cattle/Texas/24-008749-003/2024(H5N1)	2020	6570
PB2|PP755596.1|A/cattle/Texas/24-008749-003/2024(H5N1)	2021	6637
PB2|PP755596.1|A/cattle/Texas/24-008749-003/2024(H5N1)	2022	6634
PB2|PP755596.1|A/cattle/Texas/24-008749-003/2024(H5N1)	2023	6652
PB2|PP755596.1|A/cattle/Texas/24-008749-003/2024(H5N1)	2024	6540
PB2|PP755596.1|A/cattle/Texas/24-008749-003/2024(H5N1)	2025	6532
PB2|PP755596.1|A/cattle/Texas/24-008749-003/2024(H5N1)	2026	6507
PB2|PP755596.1|A/cattle/Texas/24-008749-003/2024(H5N1)	2027	6543
PB2|PP755596.1|A/cattle/Texas/24-008749-003/2024(H5N1)	2028	6553
PB2|PP755596.1|A/cattle/Texas/24-008749-003/2024(H5N1)	2029	6513
PB2|PP755596.1|A/cattle/Texas/24-008749-003/2024(H5N1)	2030	6449
PB2|PP755596.1|A/cattle/Texas/24-008749-003/2024(H5N1)	2031	6450
PB2|PP755596.1|A/cattle/Texas/24-008749-003/2024(H5N1)	2032	6417
PB2|PP755596.1|A/cattle/Texas/24-008749-003/2024(H5N1)	2033	6494
PB2|PP755596.1|A/cattle/Texas/24-008749-003/2024(H5N1)	2034	6454
PB2|PP755596.1|A/cattle/Texas/24-008749-003/2024(H5N1)	2035	6455
PB2|PP755596.1|A/cattle/Texas/24-008749-003/2024(H5N1)	2036	6377
PB2|PP755596.1|A/cattle/Texas/24-008749-003/2024(H5N1)	2037	6358
PB2|PP755596.1|A/cattle/Texas/24-008749-003/2024(H5N1)	2038	6471
PB2|PP755596.1|A/cattle/Texas/24-008749-003/2024(H5N1)	2039	6541
PB2|PP755596.1|A/cattle/Texas/24-008749-003/2024(H5N1)	2040	6534
PB2|PP755596.1|A/cattle/Texas/24-008749-003/2024(H5N1)	2041	6520
PB2|PP755596.1|A/cattle/Texas/24-008749-003/2024(H5N1)	2042	6374
PB2|PP755596.1|A/cattle/Texas/24-008749-003/2024(H5N1)	2043	6387
PB2|PP755596.1|A/cattle/Texas/24-008749-003/2024(H5N1)	2044	6407
PB2|PP755596.1|A/cattle/Texas/24-008749-003/2024(H5N1)	2045	6465
PB2|PP755596.1|A/cattle/Texas/24-008749-003/2024(H5N1)	2046	6572
PB2|PP755596.1|A/cattle/Texas/24-008749-003/2024(H5N1)	2047	6454
PB2|PP755596.1|A/cattle/Texas/24-008749-003/2024(H5N1)	2048	6470
PB2|PP755596.1|A/cattle/Texas/24-008749-003/2024(H5N1)	2049	6463
PB2|PP755596.1|A/cattle/Texas/24-008749-003/2024(H5N1)	2050	6520
PB2|PP755596.1|A/cattle/Texas/24-008749-003/2024(H5N1)	2051	6623
PB2|PP755596.1|A/cattle/Texas/24-008749-003/2024(H5N1)	2052	6685
PB2|PP755596.1|A/cattle/Texas/24-008749-003/2024(H5N1)	2053	6760
PB2|PP755596.1|A/cattle/Texas/24-008749-003/2024(H5N1)	2054	6769
PB2|PP755596.1|A/cattle/Texas/24-008749-003/2024(H5N1)	2055	6724
PB2|PP755596.1|A/cattle/Texas/24-008749-003/2024(H5N1)	2056	6735
PB2|PP755596.1|A/cattle/Texas/24-008749-003/2024(H5N1)	2057	6634
PB2|PP755596.1|A/cattle/Texas/24-008749-003/2024(H5N1)	2058	6652
PB2|PP755596.1|A/cattle/Texas/24-008749-003/2024(H5N1)	2059	6612
PB2|PP755596.1|A/cattle/Texas/24-008749-003/2024(H5N1)	2060	6561
PB2|PP755596.1|A/cattle/Texas/24-008749-003/2024(H5N1)	2061	6525
PB2|PP755596.1|A/cattle/Texas/24-008749-003/2024(H5N1)	2062	6417
PB2|PP755596.1|A/cattle/Texas/24-008749-003/2024(H5N1)	2063	6352
PB2|PP755596.1|A/cattle/Texas/24-008749-003/2024(H5N1)	2064	6339
PB2|PP755596.1|A/cattle/Texas/24-008749-003/2024(H5N1)	2065	6337
PB2|PP755596.1|A/cattle/Texas/24-008749-003/2024(H5N1)	2066	6276
PB2|PP755596.1|A/cattle/Texas/24-008749-003/2024(H5N1)	2067	6240
PB2|PP755596.1|A/cattle/Texas/24-008749-003/2024(H5N1)	2068	6316
PB2|PP755596.1|A/cattle/Texas/24-008749-003/2024(H5N1)	2069	6288
PB2|PP755596.1|A/cattle/Texas/24-008749-003/2024(H5N1)	2070	6299
PB2|PP755596.1|A/cattle/Texas/24-008749-003/2024(H5N1)	2071	6299
PB2|PP755596.1|A/cattle/Texas/24-008749-003/2024(H5N1)	2072	6472
PB2|PP755596.1|A/cattle/Texas/24-008749-003/2024(H5N1)	2073	6515
PB2|PP755596.1|A/cattle/Texas/24-008749-003/2024(H5N1)	2074	6486
PB2|PP755596.1|A/cattle/Texas/24-008749-003/2024(H5N1)	2075	6477
PB2|PP755596.1|A/cattle/Texas/24-008749-003/2024(H5N1)	2076	6339
PB2|PP755596.1|A/cattle/Texas/24-008749-003/2024(H5N1)	2077	6289
PB2|PP755596.1|A/cattle/Texas/24-008749-003/2024(H5N1)	2078	6285
PB2|PP755596.1|A/cattle/Texas/24-008749-003/2024(H5N1)	2079	6399
PB2|PP755596.1|A/cattle/Texas/24-008749-003/2024(H5N1)	2080	6845
PB2|PP755596.1|A/cattle/Texas/24-008749-003/2024(H5N1)	2081	6776
PB2|PP755596.1|A/cattle/Texas/24-008749-003/2024(H5N1)	2082	6809
PB2|PP755596.1|A/cattle/Texas/24-008749-003/2024(H5N1)	2083	6762
PB2|PP755596.1|A/cattle/Texas/24-008749-003/2024(H5N1)	2084	6766
PB2|PP755596.1|A/cattle/Texas/24-008749-003/2024(H5N1)	2085	6763
PB2|PP755596.1|A/cattle/Texas/24-008749-003/2024(H5N1)	2086	6802
PB2|PP755596.1|A/cattle/Texas/24-008749-003/2024(H5N1)	2087	6793
PB2|PP755596.1|A/cattle/Texas/24-008749-003/2024(H5N1)	2088	6878
PB2|PP755596.1|A/cattle/Texas/24-008749-003/2024(H5N1)	2089	6837
PB2|PP755596.1|A/cattle/Texas/24-008749-003/2024(H5N1)	2090	6836
PB2|PP755596.1|A/cattle/Texas/24-008749-003/2024(H5N1)	2091	6869
PB2|PP755596.1|A/cattle/Texas/24-008749-003/2024(H5N1)	2092	6862
PB2|PP755596.1|A/cattle/Texas/24-008749-003/2024(H5N1)	2093	6873
PB2|PP755596.1|A/cattle/Texas/24-008749-003/2024(H5N1)	2094	6815
PB2|PP755596.1|A/cattle/Texas/24-008749-003/2024(H5N1)	2095	6802
PB2|PP755596.1|A/cattle/Texas/24-008749-003/2024(H5N1)	2096	6968
PB2|PP755596.1|A/cattle/Texas/24-008749-003/2024(H5N1)	2097	6966
PB2|PP755596.1|A/cattle/Texas/24-008749-003/2024(H5N1)	2098	7013
PB2|PP755596.1|A/cattle/Texas/24-008749-003/2024(H5N1)	2099	7169
PB2|PP755596.1|A/cattle/Texas/24-008749-003/2024(H5N1)	2100	7165
PB2|PP755596.1|A/cattle/Texas/24-008749-003/2024(H5N1)	2101	7176
PB2|PP755596.1|A/cattle/Texas/24-008749-003/2024(H5N1)	2102	7182
PB2|PP755596.1|A/cattle/Texas/24-008749-003/2024(H5N1)	2103	7192
PB2|PP755596.1|A/cattle/Texas/24-008749-003/2024(H5N1)	2104	7190
PB2|PP755596.1|A/cattle/Texas/24-008749-003/2024(H5N1)	2105	7181
PB2|PP755596.1|A/cattle/Texas/24-008749-003/2024(H5N1)	2106	7073
PB2|PP755596.1|A/cattle/Texas/24-008749-003/2024(H5N1)	2107	7069
PB2|PP755596.1|A/cattle/Texas/24-008749-003/2024(H5N1)	2108	7088
PB2|PP755596.1|A/cattle/Texas/24-008749-003/2024(H5N1)	2109	7120
PB2|PP755596.1|A/cattle/Texas/24-008749-003/2024(H5N1)	2110	7098
PB2|PP755596.1|A/cattle/Texas/24-008749-003/2024(H5N1)	2111	7180
PB2|PP755596.1|A/cattle/Texas/24-008749-003/2024(H5N1)	2112	7134
PB2|PP755596.1|A/cattle/Texas/24-008749-003/2024(H5N1)	2113	7127
PB2|PP755596.1|A/cattle/Texas/24-008749-003/2024(H5N1)	2114	7578
PB2|PP755596.1|A/cattle/Texas/24-008749-003/2024(H5N1)	2115	7480
PB2|PP755596.1|A/cattle/Texas/24-008749-003/2024(H5N1)	2116	7433
PB2|PP755596.1|A/cattle/Texas/24-008749-003/2024(H5N1)	2117	7407
PB2|PP755596.1|A/cattle/Texas/24-008749-003/2024(H5N1)	2118	7333
PB2|PP755596.1|A/cattle/Texas/24-008749-003/2024(H5N1)	2119	7443
PB2|PP755596.1|A/cattle/Texas/24-008749-003/2024(H5N1)	2120	7401
PB2|PP755596.1|A/cattle/Texas/24-008749-003/2024(H5N1)	2121	7408
PB2|PP755596.1|A/cattle/Texas/24-008749-003/2024(H5N1)	2122	7356
PB2|PP755596.1|A/cattle/Texas/24-008749-003/2024(H5N1)	2123	6623
PB2|PP755596.1|A/cattle/Texas/24-008749-003/2024(H5N1)	2124	6675
PB2|PP755596.1|A/cattle/Texas/24-008749-003/2024(H5N1)	2125	6676
PB2|PP755596.1|A/cattle/Texas/24-008749-003/2024(H5N1)	2126	6702
PB2|PP755596.1|A/cattle/Texas/24-008749-003/2024(H5N1)	2127	6763
PB2|PP755596.1|A/cattle/Texas/24-008749-003/2024(H5N1)	2128	6679
PB2|PP755596.1|A/cattle/Texas/24-008749-003/2024(H5N1)	2129	6741
PB2|PP755596.1|A/cattle/Texas/24-008749-003/2024(H5N1)	2130	6837
PB2|PP755596.1|A/cattle/Texas/24-008749-003/2024(H5N1)	2131	6839
PB2|PP755596.1|A/cattle/Texas/24-008749-003/2024(H5N1)	2132	6882
PB2|PP755596.1|A/cattle/Texas/24-008749-003/2024(H5N1)	2133	6840
PB2|PP755596.1|A/cattle/Texas/24-008749-003/2024(H5N1)	2134	6864
PB2|PP755596.1|A/cattle/Texas/24-008749-003/2024(H5N1)	2135	6751
PB2|PP755596.1|A/cattle/Texas/24-008749-003/2024(H5N1)	2136	6120
PB2|PP755596.1|A/cattle/Texas/24-008749-003/2024(H5N1)	2137	6119
PB2|PP755596.1|A/cattle/Texas/24-008749-003/2024(H5N1)	2138	6307
PB2|PP755596.1|A/cattle/Texas/24-008749-003/2024(H5N1)	2139	6325
PB2|PP755596.1|A/cattle/Texas/24-008749-003/2024(H5N1)	2140	6316
PB2|PP755596.1|A/cattle/Texas/24-008749-003/2024(H5N1)	2141	6314
PB2|PP755596.1|A/cattle/Texas/24-008749-003/2024(H5N1)	2142	6244
PB2|PP755596.1|A/cattle/Texas/24-008749-003/2024(H5N1)	2143	6190
PB2|PP755596.1|A/cattle/Texas/24-008749-003/2024(H5N1)	2144	6188
PB2|PP755596.1|A/cattle/Texas/24-008749-003/2024(H5N1)	2145	6143
PB2|PP755596.1|A/cattle/Texas/24-008749-003/2024(H5N1)	2146	6105
PB2|PP755596.1|A/cattle/Texas/24-008749-003/2024(H5N1)	2147	6105
PB2|PP755596.1|A/cattle/Texas/24-008749-003/2024(H5N1)	2148	6307
PB2|PP755596.1|A/cattle/Texas/24-008749-003/2024(H5N1)	2149	6318
PB2|PP755596.1|A/cattle/Texas/24-008749-003/2024(H5N1)	2150	6333
PB2|PP755596.1|A/cattle/Texas/24-008749-003/2024(H5N1)	2151	6341
PB2|PP755596.1|A/cattle/Texas/24-008749-003/2024(H5N1)	2152	6341
PB2|PP755596.1|A/cattle/Texas/24-008749-003/2024(H5N1)	2153	6175
PB2|PP755596.1|A/cattle/Texas/24-008749-003/2024(H5N1)	2154	6196
PB2|PP755596.1|A/cattle/Texas/24-008749-003/2024(H5N1)	2155	6237
PB2|PP755596.1|A/cattle/Texas/24-008749-003/2024(H5N1)	2156	6234
PB2|PP755596.1|A/cattle/Texas/24-008749-003/2024(H5N1)	2157	6191
PB2|PP755596.1|A/cattle/Texas/24-008749-003/2024(H5N1)	2158	6195
PB2|PP755596.1|A/cattle/Texas/24-008749-003/2024(H5N1)	2159	6197
PB2|PP755596.1|A/cattle/Texas/24-008749-003/2024(H5N1)	2160	6215
PB2|PP755596.1|A/cattle/Texas/24-008749-003/2024(H5N1)	2161	6395
PB2|PP755596.1|A/cattle/Texas/24-008749-003/2024(H5N1)	2162	6400
PB2|PP755596.1|A/cattle/Texas/24-008749-003/2024(H5N1)	2163	6373
PB2|PP755596.1|A/cattle/Texas/24-008749-003/2024(H5N1)	2164	7535
PB2|PP755596.1|A/cattle/Texas/24-008749-003/2024(H5N1)	2165	7586
PB2|PP755596.1|A/cattle/Texas/24-008749-003/2024(H5N1)	2166	7574
PB2|PP755596.1|A/cattle/Texas/24-008749-003/2024(H5N1)	2167	7570
PB2|PP755596.1|A/cattle/Texas/24-008749-003/2024(H5N1)	2168	7633
PB2|PP755596.1|A/cattle/Texas/24-008749-003/2024(H5N1)	2169	7597
PB2|PP755596.1|A/cattle/Texas/24-008749-003/2024(H5N1)	2170	7638
PB2|PP755596.1|A/cattle/Texas/24-008749-003/2024(H5N1)	2171	7485
PB2|PP755596.1|A/cattle/Texas/24-008749-003/2024(H5N1)	2172	7471
PB2|PP755596.1|A/cattle/Texas/24-008749-003/2024(H5N1)	2173	7458
PB2|PP755596.1|A/cattle/Texas/24-008749-003/2024(H5N1)	2174	7457
PB2|PP755596.1|A/cattle/Texas/24-008749-003/2024(H5N1)	2175	7504
PB2|PP755596.1|A/cattle/Texas/24-008749-003/2024(H5N1)	2176	7488
PB2|PP755596.1|A/cattle/Texas/24-008749-003/2024(H5N1)	2177	7472
PB2|PP755596.1|A/cattle/Texas/24-008749-003/2024(H5N1)	2178	7451
PB2|PP755596.1|A/cattle/Texas/24-008749-003/2024(H5N1)	2179	7425
PB2|PP755596.1|A/cattle/Texas/24-008749-003/2024(H5N1)	2180	7412
PB2|PP755596.1|A/cattle/Texas/24-008749-003/2024(H5N1)	2181	7399
PB2|PP755596.1|A/cattle/Texas/24-008749-003/2024(H5N1)	2182	7372
PB2|PP755596.1|A/cattle/Texas/24-008749-003/2024(H5N1)	2183	7358
PB2|PP755596.1|A/cattle/Texas/24-008749-003/2024(H5N1)	2184	7299
PB2|PP755596.1|A/cattle/Texas/24-008749-003/2024(H5N1)	2185	7306
PB2|PP755596.1|A/cattle/Texas/24-008749-003/2024(H5N1)	2186	7330
PB2|PP755596.1|A/cattle/Texas/24-008749-003/2024(H5N1)	2187	7324
PB2|PP755596.1|A/cattle/Texas/24-008749-003/2024(H5N1)	2188	7317
PB2|PP755596.1|A/cattle/Texas/24-008749-003/2024(H5N1)	2189	7225
PB2|PP755596.1|A/cattle/Texas/24-008749-003/2024(H5N1)	2190	7206
PB2|PP755596.1|A/cattle/Texas/24-008749-003/2024(H5N1)	2191	7180
PB2|PP755596.1|A/cattle/Texas/24-008749-003/2024(H5N1)	2192	7177
PB2|PP755596.1|A/cattle/Texas/24-008749-003/2024(H5N1)	2193	7117
PB2|PP755596.1|A/cattle/Texas/24-008749-003/2024(H5N1)	2194	7139
PB2|PP755596.1|A/cattle/Texas/24-008749-003/2024(H5N1)	2195	7004
PB2|PP755596.1|A/cattle/Texas/24-008749-003/2024(H5N1)	2196	7000
PB2|PP755596.1|A/cattle/Texas/24-008749-003/2024(H5N1)	2197	6791
PB2|PP755596.1|A/cattle/Texas/24-008749-003/2024(H5N1)	2198	6725
PB2|PP755596.1|A/cattle/Texas/24-008749-003/2024(H5N1)	2199	6673
PB2|PP755596.1|A/cattle/Texas/24-008749-003/2024(H5N1)	2200	6667
PB2|PP755596.1|A/cattle/Texas/24-008749-003/2024(H5N1)	2201	6550
PB2|PP755596.1|A/cattle/Texas/24-008749-003/2024(H5N1)	2202	6522
PB2|PP755596.1|A/cattle/Texas/24-008749-003/2024(H5N1)	2203	6392
PB2|PP755596.1|A/cattle/Texas/24-008749-003/2024(H5N1)	2204	6285
PB2|PP755596.1|A/cattle/Texas/24-008749-003/2024(H5N1)	2205	6266
PB2|PP755596.1|A/cattle/Texas/24-008749-003/2024(H5N1)	2206	6256
PB2|PP755596.1|A/cattle/Texas/24-008749-003/2024(H5N1)	2207	6243
PB2|PP755596.1|A/cattle/Texas/24-008749-003/2024(H5N1)	2208	6237
PB2|PP755596.1|A/cattle/Texas/24-008749-003/2024(H5N1)	2209	6203
PB2|PP755596.1|A/cattle/Texas/24-008749-003/2024(H5N1)	2210	6202
PB2|PP755596.1|A/cattle/Texas/24-008749-003/2024(H5N1)	2211	6189
PB2|PP755596.1|A/cattle/Texas/24-008749-003/2024(H5N1)	2212	6180
PB2|PP755596.1|A/cattle/Texas/24-008749-003/2024(H5N1)	2213	6177
PB2|PP755596.1|A/cattle/Texas/24-008749-003/2024(H5N1)	2214	6154
PB2|PP755596.1|A/cattle/Texas/24-008749-003/2024(H5N1)	2215	6140
PB2|PP755596.1|A/cattle/Texas/24-008749-003/2024(H5N1)	2216	6139
PB2|PP755596.1|A/cattle/Texas/24-008749-003/2024(H5N1)	2217	6157
PB2|PP755596.1|A/cattle/Texas/24-008749-003/2024(H5N1)	2218	6149
PB2|PP755596.1|A/cattle/Texas/24-008749-003/2024(H5N1)	2219	6073
PB2|PP755596.1|A/cattle/Texas/24-008749-003/2024(H5N1)	2220	6071
PB2|PP755596.1|A/cattle/Texas/24-008749-003/2024(H5N1)	2221	6045
PB2|PP755596.1|A/cattle/Texas/24-008749-003/2024(H5N1)	2222	6093
PB2|PP755596.1|A/cattle/Texas/24-008749-003/2024(H5N1)	2223	6088
PB2|PP755596.1|A/cattle/Texas/24-008749-003/2024(H5N1)	2224	6078
PB2|PP755596.1|A/cattle/Texas/24-008749-003/2024(H5N1)	2225	6076
PB2|PP755596.1|A/cattle/Texas/24-008749-003/2024(H5N1)	2226	5993
PB2|PP755596.1|A/cattle/Texas/24-008749-003/2024(H5N1)	2227	5989
PB2|PP755596.1|A/cattle/Texas/24-008749-003/2024(H5N1)	2228	5973
PB2|PP755596.1|A/cattle/Texas/24-008749-003/2024(H5N1)	2229	5830
PB2|PP755596.1|A/cattle/Texas/24-008749-003/2024(H5N1)	2230	5830
PB2|PP755596.1|A/cattle/Texas/24-008749-003/2024(H5N1)	2231	5204
PB2|PP755596.1|A/cattle/Texas/24-008749-003/2024(H5N1)	2232	5201
PB2|PP755596.1|A/cattle/Texas/24-008749-003/2024(H5N1)	2233	5123
PB2|PP755596.1|A/cattle/Texas/24-008749-003/2024(H5N1)	2234	5102
PB2|PP755596.1|A/cattle/Texas/24-008749-003/2024(H5N1)	2235	5083
PB2|PP755596.1|A/cattle/Texas/24-008749-003/2024(H5N1)	2236	5082
PB2|PP755596.1|A/cattle/Texas/24-008749-003/2024(H5N1)	2237	4989
PB2|PP755596.1|A/cattle/Texas/24-008749-003/2024(H5N1)	2238	5002
PB2|PP755596.1|A/cattle/Texas/24-008749-003/2024(H5N1)	2239	4769
PB2|PP755596.1|A/cattle/Texas/24-008749-003/2024(H5N1)	2240	4782
PB2|PP755596.1|A/cattle/Texas/24-008749-003/2024(H5N1)	2241	4766
PB2|PP755596.1|A/cattle/Texas/24-008749-003/2024(H5N1)	2242	4761
PB2|PP755596.1|A/cattle/Texas/24-008749-003/2024(H5N1)	2243	4736
PB2|PP755596.1|A/cattle/Texas/24-008749-003/2024(H5N1)	2244	4733
PB2|PP755596.1|A/cattle/Texas/24-008749-003/2024(H5N1)	2245	4727
PB2|PP755596.1|A/cattle/Texas/24-008749-003/2024(H5N1)	2246	4721
PB2|PP755596.1|A/cattle/Texas/24-008749-003/2024(H5N1)	2247	4492
PB2|PP755596.1|A/cattle/Texas/24-008749-003/2024(H5N1)	2248	4493
PB2|PP755596.1|A/cattle/Texas/24-008749-003/2024(H5N1)	2249	4265
PB2|PP755596.1|A/cattle/Texas/24-008749-003/2024(H5N1)	2250	4274
PB2|PP755596.1|A/cattle/Texas/24-008749-003/2024(H5N1)	2251	4263
PB2|PP755596.1|A/cattle/Texas/24-008749-003/2024(H5N1)	2252	4248
PB2|PP755596.1|A/cattle/Texas/24-008749-003/2024(H5N1)	2253	4225
PB2|PP755596.1|A/cattle/Texas/24-008749-003/2024(H5N1)	2254	4213
PB2|PP755596.1|A/cattle/Texas/24-008749-003/2024(H5N1)	2255	4218
PB2|PP755596.1|A/cattle/Texas/24-008749-003/2024(H5N1)	2256	4214
PB2|PP755596.1|A/cattle/Texas/24-008749-003/2024(H5N1)	2257	4194
PB2|PP755596.1|A/cattle/Texas/24-008749-003/2024(H5N1)	2258	4178
PB2|PP755596.1|A/cattle/Texas/24-008749-003/2024(H5N1)	2259	4092
PB2|PP755596.1|A/cattle/Texas/24-008749-003/2024(H5N1)	2260	4065
PB2|PP755596.1|A/cattle/Texas/24-008749-003/2024(H5N1)	2261	4058
PB2|PP755596.1|A/cattle/Texas/24-008749-003/2024(H5N1)	2262	4052
PB2|PP755596.1|A/cattle/Texas/24-008749-003/2024(H5N1)	2263	4041
PB2|PP755596.1|A/cattle/Texas/24-008749-003/2024(H5N1)	2264	4001
PB2|PP755596.1|A/cattle/Texas/24-008749-003/2024(H5N1)	2265	3720
PB2|PP755596.1|A/cattle/Texas/24-008749-003/2024(H5N1)	2266	3718
PB2|PP755596.1|A/cattle/Texas/24-008749-003/2024(H5N1)	2267	3630
PB2|PP755596.1|A/cattle/Texas/24-008749-003/2024(H5N1)	2268	3627
PB2|PP755596.1|A/cattle/Texas/24-008749-003/2024(H5N1)	2269	3620
PB2|PP755596.1|A/cattle/Texas/24-008749-003/2024(H5N1)	2270	3541
PB2|PP755596.1|A/cattle/Texas/24-008749-003/2024(H5N1)	2271	3540
PB2|PP755596.1|A/cattle/Texas/24-008749-003/2024(H5N1)	2272	3536
PB2|PP755596.1|A/cattle/Texas/24-008749-003/2024(H5N1)	2273	3533
PB2|PP755596.1|A/cattle/Texas/24-008749-003/2024(H5N1)	2274	3496
PB2|PP755596.1|A/cattle/Texas/24-008749-003/2024(H5N1)	2275	3496
PB2|PP755596.1|A/cattle/Texas/24-008749-003/2024(H5N1)	2276	3494
PB2|PP755596.1|A/cattle/Texas/24-008749-003/2024(H5N1)	2277	3430
PB2|PP755596.1|A/cattle/Texas/24-008749-003/2024(H5N1)	2278	3358
PB2|PP755596.1|A/cattle/Texas/24-008749-003/2024(H5N1)	2279	3221
PB2|PP755596.1|A/cattle/Texas/24-008749-003/2024(H5N1)	2280	3169
