PB1|PP755595.1|A/cattle/Texas/24-008749-003/2024(H5N1)	1	1230
PB1|PP755595.1|A/cattle/Texas/24-008749-003/2024(H5N1)	2	1233
PB1|PP755595.1|A/cattle/Texas/24-008749-003/2024(H5N1)	3	1239
PB1|PP755595.1|A/cattle/Texas/24-008749-003/2024(H5N1)	4	1249
PB1|PP755595.1|A/cattle/Texas/24-008749-003/2024(H5N1)	5	1301
PB1|PP755595.1|A/cattle/Texas/24-008749-003/2024(H5N1)	6	1312
PB1|PP755595.1|A/cattle/Texas/24-008749-003/2024(H5N1)	7	1312
PB1|PP755595.1|A/cattle/Texas/24-008749-003/2024(H5N1)	8	1312
PB1|PP755595.1|A/cattle/Texas/24-008749-003/2024(H5N1)	9	1339
PB1|PP755595.1|A/cattle/Texas/24-008749-003/2024(H5N1)	10	1340
PB1|PP755595.1|A/cattle/Texas/24-008749-003/2024(H5N1)	11	1340
PB1|PP755595.1|A/cattle/Texas/24-008749-003/2024(H5N1)	12	1340
PB1|PP755595.1|A/cattle/Texas/24-008749-003/2024(H5N1)	13	1340
PB1|PP755595.1|A/cattle/Texas/24-008749-003/2024(H5N1)	14	1347
PB1|PP755595.1|A/cattle/Texas/24-008749-003/2024(H5N1)	15	1352
PB1|PP755595.1|A/cattle/Texas/24-008749-003/2024(H5N1)	16	1391
PB1|PP755595.1|A/cattle/Texas/24-008749-003/2024(H5N1)	17	1395
PB1|PP755595.1|A/cattle/Texas/24-008749-003/2024(H5N1)	18	1395
PB1|PP755595.1|A/cattle/Texas/24-008749-003/2024(H5N1)	19	1403
PB1|PP755595.1|A/cattle/Texas/24-008749-003/2024(H5N1)	20	1404
PB1|PP755595.1|A/cattle/Texas/24-008749-003/2024(H5N1)	21	1406
PB1|PP755595.1|A/cattle/Texas/24-008749-003/2024(H5N1)	22	1407
PB1|PP755595.1|A/cattle/Texas/24-008749-003/2024(H5N1)	23	1407
PB1|PP755595.1|A/cattle/Texas/24-008749-003/2024(H5N1)	24	1414
PB1|PP755595.1|A/cattle/Texas/24-008749-003/2024(H5N1)	25	1418
PB1|PP755595.1|A/cattle/Texas/24-008749-003/2024(H5N1)	26	1478
PB1|PP755595.1|A/cattle/Texas/24-008749-003/2024(H5N1)	27	1482
PB1|PP755595.1|A/cattle/Texas/24-008749-003/2024(H5N1)	28	1489
PB1|PP755595.1|A/cattle/Texas/24-008749-003/2024(H5N1)	29	1489
PB1|PP755595.1|A/cattle/Texas/24-008749-003/2024(H5N1)	30	1484
PB1|PP755595.1|A/cattle/Texas/24-008749-003/2024(H5N1)	31	1494
PB1|PP755595.1|A/cattle/Texas/24-008749-003/2024(H5N1)	32	1500
PB1|PP755595.1|A/cattle/Texas/24-008749-003/2024(H5N1)	33	1501
PB1|PP755595.1|A/cattle/Texas/24-008749-003/2024(H5N1)	34	1541
PB1|PP755595.1|A/cattle/Texas/24-008749-003/2024(H5N1)	35	1558
PB1|PP755595.1|A/cattle/Texas/24-008749-003/2024(H5N1)	36	1561
PB1|PP755595.1|A/cattle/Texas/24-008749-003/2024(H5N1)	37	1566
PB1|PP755595.1|A/cattle/Texas/24-008749-003/2024(H5N1)	38	1574
PB1|PP755595.1|A/cattle/Texas/24-008749-003/2024(H5N1)	39	1575
PB1|PP755595.1|A/cattle/Texas/24-008749-003/2024(H5N1)	40	1634
PB1|PP755595.1|A/cattle/Texas/24-008749-003/2024(H5N1)	41	1655
PB1|PP755595.1|A/cattle/Texas/24-008749-003/2024(H5N1)	42	1655
PB1|PP755595.1|A/cattle/Texas/24-008749-003/2024(H5N1)	43	1662
PB1|PP755595.1|A/cattle/Texas/24-008749-003/2024(H5N1)	44	1665
PB1|PP755595.1|A/cattle/Texas/24-008749-003/2024(H5N1)	45	1671
PB1|PP755595.1|A/cattle/Texas/24-008749-003/2024(H5N1)	46	1675
PB1|PP755595.1|A/cattle/Texas/24-008749-003/2024(H5N1)	47	1711
PB1|PP755595.1|A/cattle/Texas/24-008749-003/2024(H5N1)	48	1794
PB1|PP755595.1|A/cattle/Texas/24-008749-003/2024(H5N1)	49	1834
PB1|PP755595.1|A/cattle/Texas/24-008749-003/2024(H5N1)	50	1839
PB1|PP755595.1|A/cattle/Texas/24-008749-003/2024(H5N1)	51	1857
PB1|PP755595.1|A/cattle/Texas/24-008749-003/2024(H5N1)	52	1857
PB1|PP755595.1|A/cattle/Texas/24-008749-003/2024(H5N1)	53	1879
PB1|PP755595.1|A/cattle/Texas/24-008749-003/2024(H5N1)	54	1930
PB1|PP755595.1|A/cattle/Texas/24-008749-003/2024(H5N1)	55	1930
PB1|PP755595.1|A/cattle/Texas/24-008749-003/2024(H5N1)	56	1982
PB1|PP755595.1|A/cattle/Texas/24-008749-003/2024(H5N1)	57	1987
PB1|PP755595.1|A/cattle/Texas/24-008749-003/2024(H5N1)	58	2017
PB1|PP755595.1|A/cattle/Texas/24-008749-003/2024(H5N1)	59	2046
PB1|PP755595.1|A/cattle/Texas/24-008749-003/2024(H5N1)	60	2049
PB1|PP755595.1|A/cattle/Texas/24-008749-003/2024(H5N1)	61	2064
PB1|PP755595.1|A/cattle/Texas/24-008749-003/2024(H5N1)	62	2073
PB1|PP755595.1|A/cattle/Texas/24-008749-003/2024(H5N1)	63	2081
PB1|PP755595.1|A/cattle/Texas/24-008749-003/2024(H5N1)	64	2099
PB1|PP755595.1|A/cattle/Texas/24-008749-003/2024(H5N1)	65	2100
PB1|PP755595.1|A/cattle/Texas/24-008749-003/2024(H5N1)	66	2314
PB1|PP755595.1|A/cattle/Texas/24-008749-003/2024(H5N1)	67	2316
PB1|PP755595.1|A/cattle/Texas/24-008749-003/2024(H5N1)	68	2316
PB1|PP755595.1|A/cattle/Texas/24-008749-003/2024(H5N1)	69	2316
PB1|PP755595.1|A/cattle/Texas/24-008749-003/2024(H5N1)	70	2340
PB1|PP755595.1|A/cattle/Texas/24-008749-003/2024(H5N1)	71	2455
PB1|PP755595.1|A/cattle/Texas/24-008749-003/2024(H5N1)	72	2488
PB1|PP755595.1|A/cattle/Texas/24-008749-003/2024(H5N1)	73	2507
PB1|PP755595.1|A/cattle/Texas/24-008749-003/2024(H5N1)	74	2539
PB1|PP755595.1|A/cattle/Texas/24-008749-003/2024(H5N1)	75	2562
PB1|PP755595.1|A/cattle/Texas/24-008749-003/2024(H5N1)	76	2578
PB1|PP755595.1|A/cattle/Texas/24-008749-003/2024(H5N1)	77	2590
PB1|PP755595.1|A/cattle/Texas/24-008749-003/2024(H5N1)	78	2608
PB1|PP755595.1|A/cattle/Texas/24-008749-003/2024(H5N1)	79	2611
PB1|PP755595.1|A/cattle/Texas/24-008749-003/2024(H5N1)	80	2661
PB1|PP755595.1|A/cattle/Texas/24-008749-003/2024(H5N1)	81	2672
PB1|PP755595.1|A/cattle/Texas/24-008749-003/2024(H5N1)	82	2797
PB1|PP755595.1|A/cattle/Texas/24-008749-003/2024(H5N1)	83	2805
PB1|PP755595.1|A/cattle/Texas/24-008749-003/2024(H5N1)	84	2810
PB1|PP755595.1|A/cattle/Texas/24-008749-003/2024(H5N1)	85	2923
PB1|PP755595.1|A/cattle/Texas/24-008749-003/2024(H5N1)	86	2950
PB1|PP755595.1|A/cattle/Texas/24-008749-003/2024(H5N1)	87	2963
PB1|PP755595.1|A/cattle/Texas/24-008749-003/2024(H5N1)	88	2965
PB1|PP755595.1|A/cattle/Texas/24-008749-003/2024(H5N1)	89	2966
PB1|PP755595.1|A/cattle/Texas/24-008749-003/2024(H5N1)	90	2975
PB1|PP755595.1|A/cattle/Texas/24-008749-003/2024(H5N1)	91	2975
PB1|PP755595.1|A/cattle/Texas/24-008749-003/2024(H5N1)	92	3037
PB1|PP755595.1|A/cattle/Texas/24-008749-003/2024(H5N1)	93	3073
PB1|PP755595.1|A/cattle/Texas/24-008749-003/2024(H5N1)	94	3066
PB1|PP755595.1|A/cattle/Texas/24-008749-003/2024(H5N1)	95	3085
PB1|PP755595.1|A/cattle/Texas/24-008749-003/2024(H5N1)	96	3083
PB1|PP755595.1|A/cattle/Texas/24-008749-003/2024(H5N1)	97	3086
PB1|PP755595.1|A/cattle/Texas/24-008749-003/2024(H5N1)	98	3147
PB1|PP755595.1|A/cattle/Texas/24-008749-003/2024(H5N1)	99	3148
PB1|PP755595.1|A/cattle/Texas/24-008749-003/2024(H5N1)	100	3151
PB1|PP755595.1|A/cattle/Texas/24-008749-003/2024(H5N1)	101	3145
PB1|PP755595.1|A/cattle/Texas/24-008749-003/2024(H5N1)	102	3109
PB1|PP755595.1|A/cattle/Texas/24-008749-003/2024(H5N1)	103	3108
PB1|PP755595.1|A/cattle/Texas/24-008749-003/2024(H5N1)	104	3108
PB1|PP755595.1|A/cattle/Texas/24-008749-003/2024(H5N1)	105	3107
PB1|PP755595.1|A/cattle/Texas/24-008749-003/2024(H5N1)	106	3272
PB1|PP755595.1|A/cattle/Texas/24-008749-003/2024(H5N1)	107	3302
PB1|PP755595.1|A/cattle/Texas/24-008749-003/2024(H5N1)	108	3291
PB1|PP755595.1|A/cattle/Texas/24-008749-003/2024(H5N1)	109	3291
PB1|PP755595.1|A/cattle/Texas/24-008749-003/2024(H5N1)	110	3291
PB1|PP755595.1|A/cattle/Texas/24-008749-003/2024(H5N1)	111	3291
PB1|PP755595.1|A/cattle/Texas/24-008749-003/2024(H5N1)	112	3279
PB1|PP755595.1|A/cattle/Texas/24-008749-003/2024(H5N1)	113	3269
PB1|PP755595.1|A/cattle/Texas/24-008749-003/2024(H5N1)	114	3209
PB1|PP755595.1|A/cattle/Texas/24-008749-003/2024(H5N1)	115	3207
PB1|PP755595.1|A/cattle/Texas/24-008749-003/2024(H5N1)	116	3208
PB1|PP755595.1|A/cattle/Texas/24-008749-003/2024(H5N1)	117	3142
PB1|PP755595.1|A/cattle/Texas/24-008749-003/2024(H5N1)	118	3452
PB1|PP755595.1|A/cattle/Texas/24-008749-003/2024(H5N1)	119	3455
PB1|PP755595.1|A/cattle/Texas/24-008749-003/2024(H5N1)	120	3465
PB1|PP755595.1|A/cattle/Texas/24-008749-003/2024(H5N1)	121	3478
PB1|PP755595.1|A/cattle/Texas/24-008749-003/2024(H5N1)	122	3513
PB1|PP755595.1|A/cattle/Texas/24-008749-003/2024(H5N1)	123	3510
PB1|PP755595.1|A/cattle/Texas/24-008749-003/2024(H5N1)	124	3500
PB1|PP755595.1|A/cattle/Texas/24-008749-003/2024(H5N1)	125	3464
PB1|PP755595.1|A/cattle/Texas/24-008749-003/2024(H5N1)	126	3457
PB1|PP755595.1|A/cattle/Texas/24-008749-003/2024(H5N1)	127	3037
PB1|PP755595.1|A/cattle/Texas/24-008749-003/2024(H5N1)	128	2927
PB1|PP755595.1|A/cattle/Texas/24-008749-003/2024(H5N1)	129	2834
PB1|PP755595.1|A/cattle/Texas/24-008749-003/2024(H5N1)	130	2999
PB1|PP755595.1|A/cattle/Texas/24-008749-003/2024(H5N1)	131	3003
PB1|PP755595.1|A/cattle/Texas/24-008749-003/2024(H5N1)	132	2982
PB1|PP755595.1|A/cattle/Texas/24-008749-003/2024(H5N1)	133	2978
PB1|PP755595.1|A/cattle/Texas/24-008749-003/2024(H5N1)	134	3022
PB1|PP755595.1|A/cattle/Texas/24-008749-003/2024(H5N1)	135	3004
PB1|PP755595.1|A/cattle/Texas/24-008749-003/2024(H5N1)	136	2987
PB1|PP755595.1|A/cattle/Texas/24-008749-003/2024(H5N1)	137	2908
PB1|PP755595.1|A/cattle/Texas/24-008749-003/2024(H5N1)	138	2888
PB1|PP755595.1|A/cattle/Texas/24-008749-003/2024(H5N1)	139	3095
PB1|PP755595.1|A/cattle/Texas/24-008749-003/2024(H5N1)	140	3072
PB1|PP755595.1|A/cattle/Texas/24-008749-003/2024(H5N1)	141	3120
PB1|PP755595.1|A/cattle/Texas/24-008749-003/2024(H5N1)	142	3105
PB1|PP755595.1|A/cattle/Texas/24-008749-003/2024(H5N1)	143	3093
PB1|PP755595.1|A/cattle/Texas/24-008749-003/2024(H5N1)	144	3073
PB1|PP755595.1|A/cattle/Texas/24-008749-003/2024(H5N1)	145	3068
PB1|PP755595.1|A/cattle/Texas/24-008749-003/2024(H5N1)	146	3059
PB1|PP755595.1|A/cattle/Texas/24-008749-003/2024(H5N1)	147	3020
PB1|PP755595.1|A/cattle/Texas/24-008749-003/2024(H5N1)	148	2992
PB1|PP755595.1|A/cattle/Texas/24-008749-003/2024(H5N1)	149	2973
PB1|PP755595.1|A/cattle/Texas/24-008749-003/2024(H5N1)	150	2939
PB1|PP755595.1|A/cattle/Texas/24-008749-003/2024(H5N1)	151	2938
PB1|PP755595.1|A/cattle/Texas/24-008749-003/2024(H5N1)	152	2934
PB1|PP755595.1|A/cattle/Texas/24-008749-003/2024(H5N1)	153	2885
PB1|PP755595.1|A/cattle/Texas/24-008749-003/2024(H5N1)	154	2880
PB1|PP755595.1|A/cattle/Texas/24-008749-003/2024(H5N1)	155	2913
PB1|PP755595.1|A/cattle/Texas/24-008749-003/2024(H5N1)	156	2886
PB1|PP755595.1|A/cattle/Texas/24-008749-003/2024(H5N1)	157	2914
PB1|PP755595.1|A/cattle/Texas/24-008749-003/2024(H5N1)	158	2922
PB1|PP755595.1|A/cattle/Texas/24-008749-003/2024(H5N1)	159	2925
PB1|PP755595.1|A/cattle/Texas/24-008749-003/2024(H5N1)	160	3204
PB1|PP755595.1|A/cattle/Texas/24-008749-003/2024(H5N1)	161	3207
PB1|PP755595.1|A/cattle/Texas/24-008749-003/2024(H5N1)	162	3206
PB1|PP755595.1|A/cattle/Texas/24-008749-003/2024(H5N1)	163	3215
PB1|PP755595.1|A/cattle/Texas/24-008749-003/2024(H5N1)	164	3220
PB1|PP755595.1|A/cattle/Texas/24-008749-003/2024(H5N1)	165	3221
PB1|PP755595.1|A/cattle/Texas/24-008749-003/2024(H5N1)	166	3221
PB1|PP755595.1|A/cattle/Texas/24-008749-003/2024(H5N1)	167	3223
PB1|PP755595.1|A/cattle/Texas/24-008749-003/2024(H5N1)	168	3224
PB1|PP755595.1|A/cattle/Texas/24-008749-003/2024(H5N1)	169	3227
PB1|PP755595.1|A/cattle/Texas/24-008749-003/2024(H5N1)	170	3233
PB1|PP755595.1|A/cattle/Texas/24-008749-003/2024(H5N1)	171	3230
PB1|PP755595.1|A/cattle/Texas/24-008749-003/2024(H5N1)	172	3234
PB1|PP755595.1|A/cattle/Texas/24-008749-003/2024(H5N1)	173	3272
PB1|PP755595.1|A/cattle/Texas/24-008749-003/2024(H5N1)	174	3283
PB1|PP755595.1|A/cattle/Texas/24-008749-003/2024(H5N1)	175	3268
PB1|PP755595.1|A/cattle/Texas/24-008749-003/2024(H5N1)	176	3231
PB1|PP755595.1|A/cattle/Texas/24-008749-003/2024(H5N1)	177	3219
PB1|PP755595.1|A/cattle/Texas/24-008749-003/2024(H5N1)	178	3220
PB1|PP755595.1|A/cattle/Texas/24-008749-003/2024(H5N1)	179	3247
PB1|PP755595.1|A/cattle/Texas/24-008749-003/2024(H5N1)	180	3300
PB1|PP755595.1|A/cattle/Texas/24-008749-003/2024(H5N1)	181	3298
PB1|PP755595.1|A/cattle/Texas/24-008749-003/2024(H5N1)	182	3311
PB1|PP755595.1|A/cattle/Texas/24-008749-003/2024(H5N1)	183	3302
PB1|PP755595.1|A/cattle/Texas/24-008749-003/2024(H5N1)	184	3298
PB1|PP755595.1|A/cattle/Texas/24-008749-003/2024(H5N1)	185	3286
PB1|PP755595.1|A/cattle/Texas/24-008749-003/2024(H5N1)	186	3273
PB1|PP755595.1|A/cattle/Texas/24-008749-003/2024(H5N1)	187	3264
PB1|PP755595.1|A/cattle/Texas/24-008749-003/2024(H5N1)	188	3309
PB1|PP755595.1|A/cattle/Texas/24-008749-003/2024(H5N1)	189	3306
PB1|PP755595.1|A/cattle/Texas/24-008749-003/2024(H5N1)	190	3428
PB1|PP755595.1|A/cattle/Texas/24-008749-003/2024(H5N1)	191	3415
PB1|PP755595.1|A/cattle/Texas/24-008749-003/2024(H5N1)	192	3414
PB1|PP755595.1|A/cattle/Texas/24-008749-003/2024(H5N1)	193	3440
PB1|PP755595.1|A/cattle/Texas/24-008749-003/2024(H5N1)	194	3436
PB1|PP755595.1|A/cattle/Texas/24-008749-003/2024(H5N1)	195	3477
PB1|PP755595.1|A/cattle/Texas/24-008749-003/2024(H5N1)	196	3463
PB1|PP755595.1|A/cattle/Texas/24-008749-003/2024(H5N1)	197	3449
PB1|PP755595.1|A/cattle/Texas/24-008749-003/2024(H5N1)	198	3450
PB1|PP755595.1|A/cattle/Texas/24-008749-003/2024(H5N1)	199	3342
PB1|PP755595.1|A/cattle/Texas/24-008749-003/2024(H5N1)	200	3335
PB1|PP755595.1|A/cattle/Texas/24-008749-003/2024(H5N1)	201	3332
PB1|PP755595.1|A/cattle/Texas/24-008749-003/2024(H5N1)	202	3323
PB1|PP755595.1|A/cattle/Texas/24-008749-003/2024(H5N1)	203	3361
PB1|PP755595.1|A/cattle/Texas/24-008749-003/2024(H5N1)	204	3334
PB1|PP755595.1|A/cattle/Texas/24-008749-003/2024(H5N1)	205	3356
PB1|PP755595.1|A/cattle/Texas/24-008749-003/2024(H5N1)	206	3358
PB1|PP755595.1|A/cattle/Texas/24-008749-003/2024(H5N1)	207	3318
PB1|PP755595.1|A/cattle/Texas/24-008749-003/2024(H5N1)	208	3307
PB1|PP755595.1|A/cattle/Texas/24-008749-003/2024(H5N1)	209	3256
PB1|PP755595.1|A/cattle/Texas/24-008749-003/2024(H5N1)	210	3236
PB1|PP755595.1|A/cattle/Texas/24-008749-003/2024(H5N1)	211	3233
PB1|PP755595.1|A/cattle/Texas/24-008749-003/2024(H5N1)	212	3214
PB1|PP755595.1|A/cattle/Texas/24-008749-003/2024(H5N1)	213	2531
PB1|PP755595.1|A/cattle/Texas/24-008749-003/2024(H5N1)	214	2517
PB1|PP755595.1|A/cattle/Texas/24-008749-003/2024(H5N1)	215	2517
PB1|PP755595.1|A/cattle/Texas/24-008749-003/2024(H5N1)	216	2515
PB1|PP755595.1|A/cattle/Texas/24-008749-003/2024(H5N1)	217	2360
PB1|PP755595.1|A/cattle/Texas/24-008749-003/2024(H5N1)	218	2368
PB1|PP755595.1|A/cattle/Texas/24-008749-003/2024(H5N1)	219	2392
PB1|PP755595.1|A/cattle/Texas/24-008749-003/2024(H5N1)	220	2545
PB1|PP755595.1|A/cattle/Texas/24-008749-003/2024(H5N1)	221	2545
PB1|PP755595.1|A/cattle/Texas/24-008749-003/2024(H5N1)	222	2546
PB1|PP755595.1|A/cattle/Texas/24-008749-003/2024(H5N1)	223	2562
PB1|PP755595.1|A/cattle/Texas/24-008749-003/2024(H5N1)	224	2561
PB1|PP755595.1|A/cattle/Texas/24-008749-003/2024(H5N1)	225	2543
PB1|PP755595.1|A/cattle/Texas/24-008749-003/2024(H5N1)	226	2578
PB1|PP755595.1|A/cattle/Texas/24-008749-003/2024(H5N1)	227	2585
PB1|PP755595.1|A/cattle/Texas/24-008749-003/2024(H5N1)	228	2605
PB1|PP755595.1|A/cattle/Texas/24-008749-003/2024(H5N1)	229	2552
PB1|PP755595.1|A/cattle/Texas/24-008749-003/2024(H5N1)	230	2549
PB1|PP755595.1|A/cattle/Texas/24-008749-003/2024(H5N1)	231	2548
PB1|PP755595.1|A/cattle/Texas/24-008749-003/2024(H5N1)	232	2554
PB1|PP755595.1|A/cattle/Texas/24-008749-003/2024(H5N1)	233	2570
PB1|PP755595.1|A/cattle/Texas/24-008749-003/2024(H5N1)	234	2607
PB1|PP755595.1|A/cattle/Texas/24-008749-003/2024(H5N1)	235	2896
PB1|PP755595.1|A/cattle/Texas/24-008749-003/2024(H5N1)	236	2898
PB1|PP755595.1|A/cattle/Texas/24-008749-003/2024(H5N1)	237	2911
PB1|PP755595.1|A/cattle/Texas/24-008749-003/2024(H5N1)	238	2913
PB1|PP755595.1|A/cattle/Texas/24-008749-003/2024(H5N1)	239	2921
PB1|PP755595.1|A/cattle/Texas/24-008749-003/2024(H5N1)	240	3037
PB1|PP755595.1|A/cattle/Texas/24-008749-003/2024(H5N1)	241	3040
PB1|PP755595.1|A/cattle/Texas/24-008749-003/2024(H5N1)	242	3175
PB1|PP755595.1|A/cattle/Texas/24-008749-003/2024(H5N1)	243	3177
PB1|PP755595.1|A/cattle/Texas/24-008749-003/2024(H5N1)	244	3179
PB1|PP755595.1|A/cattle/Texas/24-008749-003/2024(H5N1)	245	3203
PB1|PP755595.1|A/cattle/Texas/24-008749-003/2024(H5N1)	246	3273
PB1|PP755595.1|A/cattle/Texas/24-008749-003/2024(H5N1)	247	3300
PB1|PP755595.1|A/cattle/Texas/24-008749-003/2024(H5N1)	248	3300
PB1|PP755595.1|A/cattle/Texas/24-008749-003/2024(H5N1)	249	3299
PB1|PP755595.1|A/cattle/Texas/24-008749-003/2024(H5N1)	250	3290
PB1|PP755595.1|A/cattle/Texas/24-008749-003/2024(H5N1)	251	3232
PB1|PP755595.1|A/cattle/Texas/24-008749-003/2024(H5N1)	252	3230
PB1|PP755595.1|A/cattle/Texas/24-008749-003/2024(H5N1)	253	3230
PB1|PP755595.1|A/cattle/Texas/24-008749-003/2024(H5N1)	254	3180
PB1|PP755595.1|A/cattle/Texas/24-008749-003/2024(H5N1)	255	2560
PB1|PP755595.1|A/cattle/Texas/24-008749-003/2024(H5N1)	256	2560
PB1|PP755595.1|A/cattle/Texas/24-008749-003/2024(H5N1)	257	2560
PB1|PP755595.1|A/cattle/Texas/24-008749-003/2024(H5N1)	258	2560
PB1|PP755595.1|A/cattle/Texas/24-008749-003/2024(H5N1)	259	2560
PB1|PP755595.1|A/cattle/Texas/24-008749-003/2024(H5N1)	260	2560
PB1|PP755595.1|A/cattle/Texas/24-008749-003/2024(H5N1)	261	2560
PB1|PP755595.1|A/cattle/Texas/24-008749-003/2024(H5N1)	262	2560
PB1|PP755595.1|A/cattle/Texas/24-008749-003/2024(H5N1)	263	2560
PB1|PP755595.1|A/cattle/Texas/24-008749-003/2024(H5N1)	264	2559
PB1|PP755595.1|A/cattle/Texas/24-008749-003/2024(H5N1)	265	2559
PB1|PP755595.1|A/cattle/Texas/24-008749-003/2024(H5N1)	266	2564
PB1|PP755595.1|A/cattle/Texas/24-008749-003/2024(H5N1)	267	2564
PB1|PP755595.1|A/cattle/Texas/24-008749-003/2024(H5N1)	268	2832
PB1|PP755595.1|A/cattle/Texas/24-008749-003/2024(H5N1)	269	2862
PB1|PP755595.1|A/cattle/Texas/24-008749-003/2024(H5N1)	270	2873
PB1|PP755595.1|A/cattle/Texas/24-008749-003/2024(H5N1)	271	2884
PB1|PP755595.1|A/cattle/Texas/24-008749-003/2024(H5N1)	272	2921
PB1|PP755595.1|A/cattle/Texas/24-008749-003/2024(H5N1)	273	2931
PB1|PP755595.1|A/cattle/Texas/24-008749-003/2024(H5N1)	274	2943
PB1|PP755595.1|A/cattle/Texas/24-008749-003/2024(H5N1)	275	2948
PB1|PP755595.1|A/cattle/Texas/24-008749-003/2024(H5N1)	276	2977
PB1|PP755595.1|A/cattle/Texas/24-008749-003/2024(H5N1)	277	2986
PB1|PP755595.1|A/cattle/Texas/24-008749-003/2024(H5N1)	278	3052
PB1|PP755595.1|A/cattle/Texas/24-008749-003/2024(H5N1)	279	3052
PB1|PP755595.1|A/cattle/Texas/24-008749-003/2024(H5N1)	280	3056
PB1|PP755595.1|A/cattle/Texas/24-008749-003/2024(H5N1)	281	3150
PB1|PP755595.1|A/cattle/Texas/24-008749-003/2024(H5N1)	282	3207
PB1|PP755595.1|A/cattle/Texas/24-008749-003/2024(H5N1)	283	3155
PB1|PP755595.1|A/cattle/Texas/24-008749-003/2024(H5N1)	284	3151
PB1|PP755595.1|A/cattle/Texas/24-008749-003/2024(H5N1)	285	3132
PB1|PP755595.1|A/cattle/Texas/24-008749-003/2024(H5N1)	286	3162
PB1|PP755595.1|A/cattle/Texas/24-008749-003/2024(H5N1)	287	3157
PB1|PP755595.1|A/cattle/Texas/24-008749-003/2024(H5N1)	288	3075
PB1|PP755595.1|A/cattle/Texas/24-008749-003/2024(H5N1)	289	3077
PB1|PP755595.1|A/cattle/Texas/24-008749-003/2024(H5N1)	290	2863
PB1|PP755595.1|A/cattle/Texas/24-008749-003/2024(H5N1)	291	3023
PB1|PP755595.1|A/cattle/Texas/24-008749-003/2024(H5N1)	292	3416
PB1|PP755595.1|A/cattle/Texas/24-008749-003/2024(H5N1)	293	3428
PB1|PP755595.1|A/cattle/Texas/24-008749-003/2024(H5N1)	294	3404
PB1|PP755595.1|A/cattle/Texas/24-008749-003/2024(H5N1)	295	3652
PB1|PP755595.1|A/cattle/Texas/24-008749-003/2024(H5N1)	296	3685
PB1|PP755595.1|A/cattle/Texas/24-008749-003/2024(H5N1)	297	3689
PB1|PP755595.1|A/cattle/Texas/24-008749-003/2024(H5N1)	298	3720
PB1|PP755595.1|A/cattle/Texas/24-008749-003/2024(H5N1)	299	3705
PB1|PP755595.1|A/cattle/Texas/24-008749-003/2024(H5N1)	300	3498
PB1|PP755595.1|A/cattle/Texas/24-008749-003/2024(H5N1)	301	3499
PB1|PP755595.1|A/cattle/Texas/24-008749-003/2024(H5N1)	302	3498
PB1|PP755595.1|A/cattle/Texas/24-008749-003/2024(H5N1)	303	3510
PB1|PP755595.1|A/cattle/Texas/24-008749-003/2024(H5N1)	304	3569
PB1|PP755595.1|A/cattle/Texas/24-008749-003/2024(H5N1)	305	3568
PB1|PP755595.1|A/cattle/Texas/24-008749-003/2024(H5N1)	306	3552
PB1|PP755595.1|A/cattle/Texas/24-008749-003/2024(H5N1)	307	3547
PB1|PP755595.1|A/cattle/Texas/24-008749-003/2024(H5N1)	308	3551
PB1|PP755595.1|A/cattle/Texas/24-008749-003/2024(H5N1)	309	3563
PB1|PP755595.1|A/cattle/Texas/24-008749-003/2024(H5N1)	310	3563
PB1|PP755595.1|A/cattle/Texas/24-008749-003/2024(H5N1)	311	3578
PB1|PP755595.1|A/cattle/Texas/24-008749-003/2024(H5N1)	312	3577
PB1|PP755595.1|A/cattle/Texas/24-008749-003/2024(H5N1)	313	3576
PB1|PP755595.1|A/cattle/Texas/24-008749-003/2024(H5N1)	314	3581
PB1|PP755595.1|A/cattle/Texas/24-008749-003/2024(H5N1)	315	3597
PB1|PP755595.1|A/cattle/Texas/24-008749-003/2024(H5N1)	316	3588
PB1|PP755595.1|A/cattle/Texas/24-008749-003/2024(H5N1)	317	3599
PB1|PP755595.1|A/cattle/Texas/24-008749-003/2024(H5N1)	318	3572
PB1|PP755595.1|A/cattle/Texas/24-008749-003/2024(H5N1)	319	3767
PB1|PP755595.1|A/cattle/Texas/24-008749-003/2024(H5N1)	320	3794
PB1|PP755595.1|A/cattle/Texas/24-008749-003/2024(H5N1)	321	3790
PB1|PP755595.1|A/cattle/Texas/24-008749-003/2024(H5N1)	322	3790
PB1|PP755595.1|A/cattle/Texas/24-008749-003/2024(H5N1)	323	3783
PB1|PP755595.1|A/cattle/Texas/24-008749-003/2024(H5N1)	324	3737
PB1|PP755595.1|A/cattle/Texas/24-008749-003/2024(H5N1)	325	3721
PB1|PP755595.1|A/cattle/Texas/24-008749-003/2024(H5N1)	326	3731
PB1|PP755595.1|A/cattle/Texas/24-008749-003/2024(H5N1)	327	3737
PB1|PP755595.1|A/cattle/Texas/24-008749-003/2024(H5N1)	328	3751
PB1|PP755595.1|A/cattle/Texas/24-008749-003/2024(H5N1)	329	3733
PB1|PP755595.1|A/cattle/Texas/24-008749-003/2024(H5N1)	330	3754
PB1|PP755595.1|A/cattle/Texas/24-008749-003/2024(H5N1)	331	3704
PB1|PP755595.1|A/cattle/Texas/24-008749-003/2024(H5N1)	332	3703
PB1|PP755595.1|A/cattle/Texas/24-008749-003/2024(H5N1)	333	3688
PB1|PP755595.1|A/cattle/Texas/24-008749-003/2024(H5N1)	334	3716
PB1|PP755595.1|A/cattle/Texas/24-008749-003/2024(H5N1)	335	3721
PB1|PP755595.1|A/cattle/Texas/24-008749-003/2024(H5N1)	336	3698
PB1|PP755595.1|A/cattle/Texas/24-008749-003/2024(H5N1)	337	3698
PB1|PP755595.1|A/cattle/Texas/24-008749-003/2024(H5N1)	338	3690
PB1|PP755595.1|A/cattle/Texas/24-008749-003/2024(H5N1)	339	3648
PB1|PP755595.1|A/cattle/Texas/24-008749-003/2024(H5N1)	340	3645
PB1|PP755595.1|A/cattle/Texas/24-008749-003/2024(H5N1)	341	3504
PB1|PP755595.1|A/cattle/Texas/24-008749-003/2024(H5N1)	342	3503
PB1|PP755595.1|A/cattle/Texas/24-008749-003/2024(H5N1)	343	3504
PB1|PP755595.1|A/cattle/Texas/24-008749-003/2024(H5N1)	344	3489
PB1|PP755595.1|A/cattle/Texas/24-008749-003/2024(H5N1)	345	3523
PB1|PP755595.1|A/cattle/Texas/24-008749-003/2024(H5N1)	346	3617
PB1|PP755595.1|A/cattle/Texas/24-008749-003/2024(H5N1)	347	3645
PB1|PP755595.1|A/cattle/Texas/24-008749-003/2024(H5N1)	348	3650
PB1|PP755595.1|A/cattle/Texas/24-008749-003/2024(H5N1)	349	3639
PB1|PP755595.1|A/cattle/Texas/24-008749-003/2024(H5N1)	350	3633
PB1|PP755595.1|A/cattle/Texas/24-008749-003/2024(H5N1)	351	3642
PB1|PP755595.1|A/cattle/Texas/24-008749-003/2024(H5N1)	352	3640
PB1|PP755595.1|A/cattle/Texas/24-008749-003/2024(H5N1)	353	3657
PB1|PP755595.1|A/cattle/Texas/24-008749-003/2024(H5N1)	354	3607
PB1|PP755595.1|A/cattle/Texas/24-008749-003/2024(H5N1)	355	3607
PB1|PP755595.1|A/cattle/Texas/24-008749-003/2024(H5N1)	356	3535
PB1|PP755595.1|A/cattle/Texas/24-008749-003/2024(H5N1)	357	3532
PB1|PP755595.1|A/cattle/Texas/24-008749-003/2024(H5N1)	358	3528
PB1|PP755595.1|A/cattle/Texas/24-008749-003/2024(H5N1)	359	3519
PB1|PP755595.1|A/cattle/Texas/24-008749-003/2024(H5N1)	360	3516
PB1|PP755595.1|A/cattle/Texas/24-008749-003/2024(H5N1)	361	3469
PB1|PP755595.1|A/cattle/Texas/24-008749-003/2024(H5N1)	362	3464
PB1|PP755595.1|A/cattle/Texas/24-008749-003/2024(H5N1)	363	2499
PB1|PP755595.1|A/cattle/Texas/24-008749-003/2024(H5N1)	364	2410
PB1|PP755595.1|A/cattle/Texas/24-008749-003/2024(H5N1)	365	2410
PB1|PP755595.1|A/cattle/Texas/24-008749-003/2024(H5N1)	366	2409
PB1|PP755595.1|A/cattle/Texas/24-008749-003/2024(H5N1)	367	2416
PB1|PP755595.1|A/cattle/Texas/24-008749-003/2024(H5N1)	368	2431
PB1|PP755595.1|A/cattle/Texas/24-008749-003/2024(H5N1)	369	2429
PB1|PP755595.1|A/cattle/Texas/24-008749-003/2024(H5N1)	370	2429
PB1|PP755595.1|A/cattle/Texas/24-008749-003/2024(H5N1)	371	2443
PB1|PP755595.1|A/cattle/Texas/24-008749-003/2024(H5N1)	372	2443
PB1|PP755595.1|A/cattle/Texas/24-008749-003/2024(H5N1)	373	2448
PB1|PP755595.1|A/cattle/Texas/24-008749-003/2024(H5N1)	374	2448
PB1|PP755595.1|A/cattle/Texas/24-008749-003/2024(H5N1)	375	2448
PB1|PP755595.1|A/cattle/Texas/24-008749-003/2024(H5N1)	376	2488
PB1|PP755595.1|A/cattle/Texas/24-008749-003/2024(H5N1)	377	2488
PB1|PP755595.1|A/cattle/Texas/24-008749-003/2024(H5N1)	378	2492
PB1|PP755595.1|A/cattle/Texas/24-008749-003/2024(H5N1)	379	2849
PB1|PP755595.1|A/cattle/Texas/24-008749-003/2024(H5N1)	380	2849
PB1|PP755595.1|A/cattle/Texas/24-008749-003/2024(H5N1)	381	2871
PB1|PP755595.1|A/cattle/Texas/24-008749-003/2024(H5N1)	382	2972
PB1|PP755595.1|A/cattle/Texas/24-008749-003/2024(H5N1)	383	2998
PB1|PP755595.1|A/cattle/Texas/24-008749-003/2024(H5N1)	384	2997
PB1|PP755595.1|A/cattle/Texas/24-008749-003/2024(H5N1)	385	3007
PB1|PP755595.1|A/cattle/Texas/24-008749-003/2024(H5N1)	386	3020
PB1|PP755595.1|A/cattle/Texas/24-008749-003/2024(H5N1)	387	3035
PB1|PP755595.1|A/cattle/Texas/24-008749-003/2024(H5N1)	388	3036
PB1|PP755595.1|A/cattle/Texas/24-008749-003/2024(H5N1)	389	3050
PB1|PP755595.1|A/cattle/Texas/24-008749-003/2024(H5N1)	390	3050
PB1|PP755595.1|A/cattle/Texas/24-008749-003/2024(H5N1)	391	3050
PB1|PP755595.1|A/cattle/Texas/24-008749-003/2024(H5N1)	392	3050
PB1|PP755595.1|A/cattle/Texas/24-008749-003/2024(H5N1)	393	3050
PB1|PP755595.1|A/cattle/Texas/24-008749-003/2024(H5N1)	394	3050
PB1|PP755595.1|A/cattle/Texas/24-008749-003/2024(H5N1)	395	3044
PB1|PP755595.1|A/cattle/Texas/24-008749-003/2024(H5N1)	396	3019
PB1|PP755595.1|A/cattle/Texas/24-008749-003/2024(H5N1)	397	2922
PB1|PP755595.1|A/cattle/Texas/24-008749-003/2024(H5N1)	398	2922
PB1|PP755595.1|A/cattle/Texas/24-008749-003/2024(H5N1)	399	2922
PB1|PP755595.1|A/cattle/Texas/24-008749-003/2024(H5N1)	400	2922
PB1|PP755595.1|A/cattle/Texas/24-008749-003/2024(H5N1)	401	2906
PB1|PP755595.1|A/cattle/Texas/24-008749-003/2024(H5N1)	402	2903
PB1|PP755595.1|A/cattle/Texas/24-008749-003/2024(H5N1)	403	2899
PB1|PP755595.1|A/cattle/Texas/24-008749-003/2024(H5N1)	404	2899
PB1|PP755595.1|A/cattle/Texas/24-008749-003/2024(H5N1)	405	2874
PB1|PP755595.1|A/cattle/Texas/24-008749-003/2024(H5N1)	406	2852
PB1|PP755595.1|A/cattle/Texas/24-008749-003/2024(H5N1)	407	2836
PB1|PP755595.1|A/cattle/Texas/24-008749-003/2024(H5N1)	408	2821
PB1|PP755595.1|A/cattle/Texas/24-008749-003/2024(H5N1)	409	2805
PB1|PP755595.1|A/cattle/Texas/24-008749-003/2024(H5N1)	410	2798
PB1|PP755595.1|A/cattle/Texas/24-008749-003/2024(H5N1)	411	2794
PB1|PP755595.1|A/cattle/Texas/24-008749-003/2024(H5N1)	412	2795
PB1|PP755595.1|A/cattle/Texas/24-008749-003/2024(H5N1)	413	2795
PB1|PP755595.1|A/cattle/Texas/24-008749-003/2024(H5N1)	414	2792
PB1|PP755595.1|A/cattle/Texas/24-008749-003/2024(H5N1)	415	2825
PB1|PP755595.1|A/cattle/Texas/24-008749-003/2024(H5N1)	416	2825
PB1|PP755595.1|A/cattle/Texas/24-008749-003/2024(H5N1)	417	2824
PB1|PP755595.1|A/cattle/Texas/24-008749-003/2024(H5N1)	418	2824
PB1|PP755595.1|A/cattle/Texas/24-008749-003/2024(H5N1)	419	2810
PB1|PP755595.1|A/cattle/Texas/24-008749-003/2024(H5N1)	420	2808
PB1|PP755595.1|A/cattle/Texas/24-008749-003/2024(H5N1)	421	2800
PB1|PP755595.1|A/cattle/Texas/24-008749-003/2024(H5N1)	422	2781
PB1|PP755595.1|A/cattle/Texas/24-008749-003/2024(H5N1)	423	2760
PB1|PP755595.1|A/cattle/Texas/24-008749-003/2024(H5N1)	424	2748
PB1|PP755595.1|A/cattle/Texas/24-008749-003/2024(H5N1)	425	2738
PB1|PP755595.1|A/cattle/Texas/24-008749-003/2024(H5N1)	426	1565
PB1|PP755595.1|A/cattle/Texas/24-008749-003/2024(H5N1)	427	1555
PB1|PP755595.1|A/cattle/Texas/24-008749-003/2024(H5N1)	428	1555
PB1|PP755595.1|A/cattle/Texas/24-008749-003/2024(H5N1)	429	1555
PB1|PP755595.1|A/cattle/Texas/24-008749-003/2024(H5N1)	430	1610
PB1|PP755595.1|A/cattle/Texas/24-008749-003/2024(H5N1)	431	1610
PB1|PP755595.1|A/cattle/Texas/24-008749-003/2024(H5N1)	432	1610
PB1|PP755595.1|A/cattle/Texas/24-008749-003/2024(H5N1)	433	1639
PB1|PP755595.1|A/cattle/Texas/24-008749-003/2024(H5N1)	434	1923
PB1|PP755595.1|A/cattle/Texas/24-008749-003/2024(H5N1)	435	1930
PB1|PP755595.1|A/cattle/Texas/24-008749-003/2024(H5N1)	436	2579
PB1|PP755595.1|A/cattle/Texas/24-008749-003/2024(H5N1)	437	2917
PB1|PP755595.1|A/cattle/Texas/24-008749-003/2024(H5N1)	438	2920
PB1|PP755595.1|A/cattle/Texas/24-008749-003/2024(H5N1)	439	2955
PB1|PP755595.1|A/cattle/Texas/24-008749-003/2024(H5N1)	440	2957
PB1|PP755595.1|A/cattle/Texas/24-008749-003/2024(H5N1)	441	2961
PB1|PP755595.1|A/cattle/Texas/24-008749-003/2024(H5N1)	442	2970
PB1|PP755595.1|A/cattle/Texas/24-008749-003/2024(H5N1)	443	2971
PB1|PP755595.1|A/cattle/Texas/24-008749-003/2024(H5N1)	444	2986
PB1|PP755595.1|A/cattle/Texas/24-008749-003/2024(H5N1)	445	3002
PB1|PP755595.1|A/cattle/Texas/24-008749-003/2024(H5N1)	446	3008
PB1|PP755595.1|A/cattle/Texas/24-008749-003/2024(H5N1)	447	3006
PB1|PP755595.1|A/cattle/Texas/24-008749-003/2024(H5N1)	448	2987
PB1|PP755595.1|A/cattle/Texas/24-008749-003/2024(H5N1)	449	2998
PB1|PP755595.1|A/cattle/Texas/24-008749-003/2024(H5N1)	450	2998
PB1|PP755595.1|A/cattle/Texas/24-008749-003/2024(H5N1)	451	3000
PB1|PP755595.1|A/cattle/Texas/24-008749-003/2024(H5N1)	452	3024
PB1|PP755595.1|A/cattle/Texas/24-008749-003/2024(H5N1)	453	3010
PB1|PP755595.1|A/cattle/Texas/24-008749-003/2024(H5N1)	454	3015
PB1|PP755595.1|A/cattle/Texas/24-008749-003/2024(H5N1)	455	3011
PB1|PP755595.1|A/cattle/Texas/24-008749-003/2024(H5N1)	456	2943
PB1|PP755595.1|A/cattle/Texas/24-008749-003/2024(H5N1)	457	2936
PB1|PP755595.1|A/cattle/Texas/24-008749-003/2024(H5N1)	458	2935
PB1|PP755595.1|A/cattle/Texas/24-008749-003/2024(H5N1)	459	2949
PB1|PP755595.1|A/cattle/Texas/24-008749-003/2024(H5N1)	460	2932
PB1|PP755595.1|A/cattle/Texas/24-008749-003/2024(H5N1)	461	3110
PB1|PP755595.1|A/cattle/Texas/24-008749-003/2024(H5N1)	462	3150
PB1|PP755595.1|A/cattle/Texas/24-008749-003/2024(H5N1)	463	3147
PB1|PP755595.1|A/cattle/Texas/24-008749-003/2024(H5N1)	464	3162
PB1|PP755595.1|A/cattle/Texas/24-008749-003/2024(H5N1)	465	3159
PB1|PP755595.1|A/cattle/Texas/24-008749-003/2024(H5N1)	466	3173
PB1|PP755595.1|A/cattle/Texas/24-008749-003/2024(H5N1)	467	3169
PB1|PP755595.1|A/cattle/Texas/24-008749-003/2024(H5N1)	468	3149
PB1|PP755595.1|A/cattle/Texas/24-008749-003/2024(H5N1)	469	3162
PB1|PP755595.1|A/cattle/Texas/24-008749-003/2024(H5N1)	470	3045
PB1|PP755595.1|A/cattle/Texas/24-008749-003/2024(H5N1)	471	3056
PB1|PP755595.1|A/cattle/Texas/24-008749-003/2024(H5N1)	472	3050
PB1|PP755595.1|A/cattle/Texas/24-008749-003/2024(H5N1)	473	3049
PB1|PP755595.1|A/cattle/Texas/24-008749-003/2024(H5N1)	474	3060
PB1|PP755595.1|A/cattle/Texas/24-008749-003/2024(H5N1)	475	3090
PB1|PP755595.1|A/cattle/Texas/24-008749-003/2024(H5N1)	476	3086
PB1|PP755595.1|A/cattle/Texas/24-008749-003/2024(H5N1)	477	3080
PB1|PP755595.1|A/cattle/Texas/24-008749-003/2024(H5N1)	478	3072
PB1|PP755595.1|A/cattle/Texas/24-008749-003/2024(H5N1)	479	3038
PB1|PP755595.1|A/cattle/Texas/24-008749-003/2024(H5N1)	480	2986
PB1|PP755595.1|A/cattle/Texas/24-008749-003/2024(H5N1)	481	2973
PB1|PP755595.1|A/cattle/Texas/24-008749-003/2024(H5N1)	482	2970
PB1|PP755595.1|A/cattle/Texas/24-008749-003/2024(H5N1)	483	2970
PB1|PP755595.1|A/cattle/Texas/24-008749-003/2024(H5N1)	484	2971
PB1|PP755595.1|A/cattle/Texas/24-008749-003/2024(H5N1)	485	3065
PB1|PP755595.1|A/cattle/Texas/24-008749-003/2024(H5N1)	486	3091
PB1|PP755595.1|A/cattle/Texas/24-008749-003/2024(H5N1)	487	3197
PB1|PP755595.1|A/cattle/Texas/24-008749-003/2024(H5N1)	488	3197
PB1|PP755595.1|A/cattle/Texas/24-008749-003/2024(H5N1)	489	3214
PB1|PP755595.1|A/cattle/Texas/24-008749-003/2024(H5N1)	490	3250
PB1|PP755595.1|A/cattle/Texas/24-008749-003/2024(H5N1)	491	3250
PB1|PP755595.1|A/cattle/Texas/24-008749-003/2024(H5N1)	492	3250
PB1|PP755595.1|A/cattle/Texas/24-008749-003/2024(H5N1)	493	3254
PB1|PP755595.1|A/cattle/Texas/24-008749-003/2024(H5N1)	494	3182
PB1|PP755595.1|A/cattle/Texas/24-008749-003/2024(H5N1)	495	3203
PB1|PP755595.1|A/cattle/Texas/24-008749-003/2024(H5N1)	496	3133
PB1|PP755595.1|A/cattle/Texas/24-008749-003/2024(H5N1)	497	3149
PB1|PP755595.1|A/cattle/Texas/24-008749-003/2024(H5N1)	498	3150
PB1|PP755595.1|A/cattle/Texas/24-008749-003/2024(H5N1)	499	3139
PB1|PP755595.1|A/cattle/Texas/24-008749-003/2024(H5N1)	500	3140
PB1|PP755595.1|A/cattle/Texas/24-008749-003/2024(H5N1)	501	3157
PB1|PP755595.1|A/cattle/Texas/24-008749-003/2024(H5N1)	502	3140
PB1|PP755595.1|A/cattle/Texas/24-008749-003/2024(H5N1)	503	3139
PB1|PP755595.1|A/cattle/Texas/24-008749-003/2024(H5N1)	504	3136
PB1|PP755595.1|A/cattle/Texas/24-008749-003/2024(H5N1)	505	3193
PB1|PP755595.1|A/cattle/Texas/24-008749-003/2024(H5N1)	506	3198
PB1|PP755595.1|A/cattle/Texas/24-008749-003/2024(H5N1)	507	3169
PB1|PP755595.1|A/cattle/Texas/24-008749-003/2024(H5N1)	508	3212
PB1|PP755595.1|A/cattle/Texas/24-008749-003/2024(H5N1)	509	3306
PB1|PP755595.1|A/cattle/Texas/24-008749-003/2024(H5N1)	510	3333
PB1|PP755595.1|A/cattle/Texas/24-008749-003/2024(H5N1)	511	3343
PB1|PP755595.1|A/cattle/Texas/24-008749-003/2024(H5N1)	512	3335
PB1|PP755595.1|A/cattle/Texas/24-008749-003/2024(H5N1)	513	3285
PB1|PP755595.1|A/cattle/Texas/24-008749-003/2024(H5N1)	514	3242
PB1|PP755595.1|A/cattle/Texas/24-008749-003/2024(H5N1)	515	3278
PB1|PP755595.1|A/cattle/Texas/24-008749-003/2024(H5N1)	516	3283
PB1|PP755595.1|A/cattle/Texas/24-008749-003/2024(H5N1)	517	3207
PB1|PP755595.1|A/cattle/Texas/24-008749-003/2024(H5N1)	518	3233
PB1|PP755595.1|A/cattle/Texas/24-008749-003/2024(H5N1)	519	3218
PB1|PP755595.1|A/cattle/Texas/24-008749-003/2024(H5N1)	520	3314
PB1|PP755595.1|A/cattle/Texas/24-008749-003/2024(H5N1)	521	3316
PB1|PP755595.1|A/cattle/Texas/24-008749-003/2024(H5N1)	522	3333
PB1|PP755595.1|A/cattle/Texas/24-008749-003/2024(H5N1)	523	3352
PB1|PP755595.1|A/cattle/Texas/24-008749-003/2024(H5N1)	524	3332
PB1|PP755595.1|A/cattle/Texas/24-008749-003/2024(H5N1)	525	3362
PB1|PP755595.1|A/cattle/Texas/24-008749-003/2024(H5N1)	526	3359
PB1|PP755595.1|A/cattle/Texas/24-008749-003/2024(H5N1)	527	3366
PB1|PP755595.1|A/cattle/Texas/24-008749-003/2024(H5N1)	528	3365
PB1|PP755595.1|A/cattle/Texas/24-008749-003/2024(H5N1)	529	3368
PB1|PP755595.1|A/cattle/Texas/24-008749-003/2024(H5N1)	530	3519
PB1|PP755595.1|A/cattle/Texas/24-008749-003/2024(H5N1)	531	3489
PB1|PP755595.1|A/cattle/Texas/24-008749-003/2024(H5N1)	532	3471
PB1|PP755595.1|A/cattle/Texas/24-008749-003/2024(H5N1)	533	3416
PB1|PP755595.1|A/cattle/Texas/24-008749-003/2024(H5N1)	534	3391
PB1|PP755595.1|A/cattle/Texas/24-008749-003/2024(H5N1)	535	3398
PB1|PP755595.1|A/cattle/Texas/24-008749-003/2024(H5N1)	536	3395
PB1|PP755595.1|A/cattle/Texas/24-008749-003/2024(H5N1)	537	3392
PB1|PP755595.1|A/cattle/Texas/24-008749-003/2024(H5N1)	538	3381
PB1|PP755595.1|A/cattle/Texas/24-008749-003/2024(H5N1)	539	3406
PB1|PP755595.1|A/cattle/Texas/24-008749-003/2024(H5N1)	540	3399
PB1|PP755595.1|A/cattle/Texas/24-008749-003/2024(H5N1)	541	3409
PB1|PP755595.1|A/cattle/Texas/24-008749-003/2024(H5N1)	542	3477
PB1|PP755595.1|A/cattle/Texas/24-008749-003/2024(H5N1)	543	3474
PB1|PP755595.1|A/cattle/Texas/24-008749-003/2024(H5N1)	544	3480
PB1|PP755595.1|A/cattle/Texas/24-008749-003/2024(H5N1)	545	3472
PB1|PP755595.1|A/cattle/Texas/24-008749-003/2024(H5N1)	546	3466
PB1|PP755595.1|A/cattle/Texas/24-008749-003/2024(H5N1)	547	3481
PB1|PP755595.1|A/cattle/Texas/24-008749-003/2024(H5N1)	548	3475
PB1|PP755595.1|A/cattle/Texas/24-008749-003/2024(H5N1)	549	3480
PB1|PP755595.1|A/cattle/Texas/24-008749-003/2024(H5N1)	550	3484
PB1|PP755595.1|A/cattle/Texas/24-008749-003/2024(H5N1)	551	3458
PB1|PP755595.1|A/cattle/Texas/24-008749-003/2024(H5N1)	552	3465
PB1|PP755595.1|A/cattle/Texas/24-008749-003/2024(H5N1)	553	3463
PB1|PP755595.1|A/cattle/Texas/24-008749-003/2024(H5N1)	554	3460
PB1|PP755595.1|A/cattle/Texas/24-008749-003/2024(H5N1)	555	3418
PB1|PP755595.1|A/cattle/Texas/24-008749-003/2024(H5N1)	556	3416
PB1|PP755595.1|A/cattle/Texas/24-008749-003/2024(H5N1)	557	3409
PB1|PP755595.1|A/cattle/Texas/24-008749-003/2024(H5N1)	558	3195
PB1|PP755595.1|A/cattle/Texas/24-008749-003/2024(H5N1)	559	3192
PB1|PP755595.1|A/cattle/Texas/24-008749-003/2024(H5N1)	560	3192
PB1|PP755595.1|A/cattle/Texas/24-008749-003/2024(H5N1)	561	3176
PB1|PP755595.1|A/cattle/Texas/24-008749-003/2024(H5N1)	562	3202
PB1|PP755595.1|A/cattle/Texas/24-008749-003/2024(H5N1)	563	3210
PB1|PP755595.1|A/cattle/Texas/24-008749-003/2024(H5N1)	564	3229
PB1|PP755595.1|A/cattle/Texas/24-008749-003/2024(H5N1)	565	3262
PB1|PP755595.1|A/cattle/Texas/24-008749-003/2024(H5N1)	566	3275
PB1|PP755595.1|A/cattle/Texas/24-008749-003/2024(H5N1)	567	3282
PB1|PP755595.1|A/cattle/Texas/24-008749-003/2024(H5N1)	568	3282
PB1|PP755595.1|A/cattle/Texas/24-008749-003/2024(H5N1)	569	3418
PB1|PP755595.1|A/cattle/Texas/24-008749-003/2024(H5N1)	570	3361
PB1|PP755595.1|A/cattle/Texas/24-008749-003/2024(H5N1)	571	3442
PB1|PP755595.1|A/cattle/Texas/24-008749-003/2024(H5N1)	572	3427
PB1|PP755595.1|A/cattle/Texas/24-008749-003/2024(H5N1)	573	3410
PB1|PP755595.1|A/cattle/Texas/24-008749-003/2024(H5N1)	574	3412
PB1|PP755595.1|A/cattle/Texas/24-008749-003/2024(H5N1)	575	3407
PB1|PP755595.1|A/cattle/Texas/24-008749-003/2024(H5N1)	576	3464
PB1|PP755595.1|A/cattle/Texas/24-008749-003/2024(H5N1)	577	3490
PB1|PP755595.1|A/cattle/Texas/24-008749-003/2024(H5N1)	578	3490
PB1|PP755595.1|A/cattle/Texas/24-008749-003/2024(H5N1)	579	3447
PB1|PP755595.1|A/cattle/Texas/24-008749-003/2024(H5N1)	580	3454
PB1|PP755595.1|A/cattle/Texas/24-008749-003/2024(H5N1)	581	3473
PB1|PP755595.1|A/cattle/Texas/24-008749-003/2024(H5N1)	582	3468
PB1|PP755595.1|A/cattle/Texas/24-008749-003/2024(H5N1)	583	3478
PB1|PP755595.1|A/cattle/Texas/24-008749-003/2024(H5N1)	584	3448
PB1|PP755595.1|A/cattle/Texas/24-008749-003/2024(H5N1)	585	3189
PB1|PP755595.1|A/cattle/Texas/24-008749-003/2024(H5N1)	586	3285
PB1|PP755595.1|A/cattle/Texas/24-008749-003/2024(H5N1)	587	3086
PB1|PP755595.1|A/cattle/Texas/24-008749-003/2024(H5N1)	588	2986
PB1|PP755595.1|A/cattle/Texas/24-008749-003/2024(H5N1)	589	2988
PB1|PP755595.1|A/cattle/Texas/24-008749-003/2024(H5N1)	590	2956
PB1|PP755595.1|A/cattle/Texas/24-008749-003/2024(H5N1)	591	2958
PB1|PP755595.1|A/cattle/Texas/24-008749-003/2024(H5N1)	592	2998
PB1|PP755595.1|A/cattle/Texas/24-008749-003/2024(H5N1)	593	2990
PB1|PP755595.1|A/cattle/Texas/24-008749-003/2024(H5N1)	594	3006
PB1|PP755595.1|A/cattle/Texas/24-008749-003/2024(H5N1)	595	2991
PB1|PP755595.1|A/cattle/Texas/24-008749-003/2024(H5N1)	596	2976
PB1|PP755595.1|A/cattle/Texas/24-008749-003/2024(H5N1)	597	2977
PB1|PP755595.1|A/cattle/Texas/24-008749-003/2024(H5N1)	598	2943
PB1|PP755595.1|A/cattle/Texas/24-008749-003/2024(H5N1)	599	2927
PB1|PP755595.1|A/cattle/Texas/24-008749-003/2024(H5N1)	600	2909
PB1|PP755595.1|A/cattle/Texas/24-008749-003/2024(H5N1)	601	2906
PB1|PP755595.1|A/cattle/Texas/24-008749-003/2024(H5N1)	602	2853
PB1|PP755595.1|A/cattle/Texas/24-008749-003/2024(H5N1)	603	2845
PB1|PP755595.1|A/cattle/Texas/24-008749-003/2024(H5N1)	604	2843
PB1|PP755595.1|A/cattle/Texas/24-008749-003/2024(H5N1)	605	2827
PB1|PP755595.1|A/cattle/Texas/24-008749-003/2024(H5N1)	606	2826
PB1|PP755595.1|A/cattle/Texas/24-008749-003/2024(H5N1)	607	2468
PB1|PP755595.1|A/cattle/Texas/24-008749-003/2024(H5N1)	608	2468
PB1|PP755595.1|A/cattle/Texas/24-008749-003/2024(H5N1)	609	2468
PB1|PP755595.1|A/cattle/Texas/24-008749-003/2024(H5N1)	610	2468
PB1|PP755595.1|A/cattle/Texas/24-008749-003/2024(H5N1)	611	2467
PB1|PP755595.1|A/cattle/Texas/24-008749-003/2024(H5N1)	612	2467
PB1|PP755595.1|A/cattle/Texas/24-008749-003/2024(H5N1)	613	2769
PB1|PP755595.1|A/cattle/Texas/24-008749-003/2024(H5N1)	614	2770
PB1|PP755595.1|A/cattle/Texas/24-008749-003/2024(H5N1)	615	2770
PB1|PP755595.1|A/cattle/Texas/24-008749-003/2024(H5N1)	616	2770
PB1|PP755595.1|A/cattle/Texas/24-008749-003/2024(H5N1)	617	2770
PB1|PP755595.1|A/cattle/Texas/24-008749-003/2024(H5N1)	618	2767
PB1|PP755595.1|A/cattle/Texas/24-008749-003/2024(H5N1)	619	2763
PB1|PP755595.1|A/cattle/Texas/24-008749-003/2024(H5N1)	620	2722
PB1|PP755595.1|A/cattle/Texas/24-008749-003/2024(H5N1)	621	2751
PB1|PP755595.1|A/cattle/Texas/24-008749-003/2024(H5N1)	622	2782
PB1|PP755595.1|A/cattle/Texas/24-008749-003/2024(H5N1)	623	2781
PB1|PP755595.1|A/cattle/Texas/24-008749-003/2024(H5N1)	624	2781
PB1|PP755595.1|A/cattle/Texas/24-008749-003/2024(H5N1)	625	2772
PB1|PP755595.1|A/cattle/Texas/24-008749-003/2024(H5N1)	626	2742
PB1|PP755595.1|A/cattle/Texas/24-008749-003/2024(H5N1)	627	2742
PB1|PP755595.1|A/cattle/Texas/24-008749-003/2024(H5N1)	628	2733
PB1|PP755595.1|A/cattle/Texas/24-008749-003/2024(H5N1)	629	2710
PB1|PP755595.1|A/cattle/Texas/24-008749-003/2024(H5N1)	630	2707
PB1|PP755595.1|A/cattle/Texas/24-008749-003/2024(H5N1)	631	2699
PB1|PP755595.1|A/cattle/Texas/24-008749-003/2024(H5N1)	632	2692
PB1|PP755595.1|A/cattle/Texas/24-008749-003/2024(H5N1)	633	2575
PB1|PP755595.1|A/cattle/Texas/24-008749-003/2024(H5N1)	634	2491
PB1|PP755595.1|A/cattle/Texas/24-008749-003/2024(H5N1)	635	2491
PB1|PP755595.1|A/cattle/Texas/24-008749-003/2024(H5N1)	636	2491
PB1|PP755595.1|A/cattle/Texas/24-008749-003/2024(H5N1)	637	2491
PB1|PP755595.1|A/cattle/Texas/24-008749-003/2024(H5N1)	638	2491
PB1|PP755595.1|A/cattle/Texas/24-008749-003/2024(H5N1)	639	2488
PB1|PP755595.1|A/cattle/Texas/24-008749-003/2024(H5N1)	640	2477
PB1|PP755595.1|A/cattle/Texas/24-008749-003/2024(H5N1)	641	2436
PB1|PP755595.1|A/cattle/Texas/24-008749-003/2024(H5N1)	642	2436
PB1|PP755595.1|A/cattle/Texas/24-008749-003/2024(H5N1)	643	2437
PB1|PP755595.1|A/cattle/Texas/24-008749-003/2024(H5N1)	644	2433
PB1|PP755595.1|A/cattle/Texas/24-008749-003/2024(H5N1)	645	2407
PB1|PP755595.1|A/cattle/Texas/24-008749-003/2024(H5N1)	646	2381
PB1|PP755595.1|A/cattle/Texas/24-008749-003/2024(H5N1)	647	2380
PB1|PP755595.1|A/cattle/Texas/24-008749-003/2024(H5N1)	648	2332
PB1|PP755595.1|A/cattle/Texas/24-008749-003/2024(H5N1)	649	2329
PB1|PP755595.1|A/cattle/Texas/24-008749-003/2024(H5N1)	650	2325
PB1|PP755595.1|A/cattle/Texas/24-008749-003/2024(H5N1)	651	1943
PB1|PP755595.1|A/cattle/Texas/24-008749-003/2024(H5N1)	652	1942
PB1|PP755595.1|A/cattle/Texas/24-008749-003/2024(H5N1)	653	1942
PB1|PP755595.1|A/cattle/Texas/24-008749-003/2024(H5N1)	654	1942
PB1|PP755595.1|A/cattle/Texas/24-008749-003/2024(H5N1)	655	2311
PB1|PP755595.1|A/cattle/Texas/24-008749-003/2024(H5N1)	656	2319
PB1|PP755595.1|A/cattle/Texas/24-008749-003/2024(H5N1)	657	2327
PB1|PP755595.1|A/cattle/Texas/24-008749-003/2024(H5N1)	658	2326
PB1|PP755595.1|A/cattle/Texas/24-008749-003/2024(H5N1)	659	2335
PB1|PP755595.1|A/cattle/Texas/24-008749-003/2024(H5N1)	660	2335
PB1|PP755595.1|A/cattle/Texas/24-008749-003/2024(H5N1)	661	2335
PB1|PP755595.1|A/cattle/Texas/24-008749-003/2024(H5N1)	662	2320
PB1|PP755595.1|A/cattle/Texas/24-008749-003/2024(H5N1)	663	2316
PB1|PP755595.1|A/cattle/Texas/24-008749-003/2024(H5N1)	664	2278
PB1|PP755595.1|A/cattle/Texas/24-008749-003/2024(H5N1)	665	2438
PB1|PP755595.1|A/cattle/Texas/24-008749-003/2024(H5N1)	666	2443
PB1|PP755595.1|A/cattle/Texas/24-008749-003/2024(H5N1)	667	2477
PB1|PP755595.1|A/cattle/Texas/24-008749-003/2024(H5N1)	668	2462
PB1|PP755595.1|A/cattle/Texas/24-008749-003/2024(H5N1)	669	2466
PB1|PP755595.1|A/cattle/Texas/24-008749-003/2024(H5N1)	670	2437
PB1|PP755595.1|A/cattle/Texas/24-008749-003/2024(H5N1)	671	2342
PB1|PP755595.1|A/cattle/Texas/24-008749-003/2024(H5N1)	672	2351
PB1|PP755595.1|A/cattle/Texas/24-008749-003/2024(H5N1)	673	2330
PB1|PP755595.1|A/cattle/Texas/24-008749-003/2024(H5N1)	674	2328
PB1|PP755595.1|A/cattle/Texas/24-008749-003/2024(H5N1)	675	2320
PB1|PP755595.1|A/cattle/Texas/24-008749-003/2024(H5N1)	676	2440
PB1|PP755595.1|A/cattle/Texas/24-008749-003/2024(H5N1)	677	2439
PB1|PP755595.1|A/cattle/Texas/24-008749-003/2024(H5N1)	678	2391
PB1|PP755595.1|A/cattle/Texas/24-008749-003/2024(H5N1)	679	2397
PB1|PP755595.1|A/cattle/Texas/24-008749-003/2024(H5N1)	680	2384
PB1|PP755595.1|A/cattle/Texas/24-008749-003/2024(H5N1)	681	2258
PB1|PP755595.1|A/cattle/Texas/24-008749-003/2024(H5N1)	682	2268
PB1|PP755595.1|A/cattle/Texas/24-008749-003/2024(H5N1)	683	2268
PB1|PP755595.1|A/cattle/Texas/24-008749-003/2024(H5N1)	684	2267
PB1|PP755595.1|A/cattle/Texas/24-008749-003/2024(H5N1)	685	2268
PB1|PP755595.1|A/cattle/Texas/24-008749-003/2024(H5N1)	686	2261
PB1|PP755595.1|A/cattle/Texas/24-008749-003/2024(H5N1)	687	2261
PB1|PP755595.1|A/cattle/Texas/24-008749-003/2024(H5N1)	688	2253
PB1|PP755595.1|A/cattle/Texas/24-008749-003/2024(H5N1)	689	2242
PB1|PP755595.1|A/cattle/Texas/24-008749-003/2024(H5N1)	690	2211
PB1|PP755595.1|A/cattle/Texas/24-008749-003/2024(H5N1)	691	2205
PB1|PP755595.1|A/cattle/Texas/24-008749-003/2024(H5N1)	692	2141
PB1|PP755595.1|A/cattle/Texas/24-008749-003/2024(H5N1)	693	2137
PB1|PP755595.1|A/cattle/Texas/24-008749-003/2024(H5N1)	694	2222
PB1|PP755595.1|A/cattle/Texas/24-008749-003/2024(H5N1)	695	2245
PB1|PP755595.1|A/cattle/Texas/24-008749-003/2024(H5N1)	696	2241
PB1|PP755595.1|A/cattle/Texas/24-008749-003/2024(H5N1)	697	2228
PB1|PP755595.1|A/cattle/Texas/24-008749-003/2024(H5N1)	698	2212
PB1|PP755595.1|A/cattle/Texas/24-008749-003/2024(H5N1)	699	2190
PB1|PP755595.1|A/cattle/Texas/24-008749-003/2024(H5N1)	700	2183
PB1|PP755595.1|A/cattle/Texas/24-008749-003/2024(H5N1)	701	2168
PB1|PP755595.1|A/cattle/Texas/24-008749-003/2024(H5N1)	702	2153
PB1|PP755595.1|A/cattle/Texas/24-008749-003/2024(H5N1)	703	2143
PB1|PP755595.1|A/cattle/Texas/24-008749-003/2024(H5N1)	704	2143
PB1|PP755595.1|A/cattle/Texas/24-008749-003/2024(H5N1)	705	2142
PB1|PP755595.1|A/cattle/Texas/24-008749-003/2024(H5N1)	706	2140
PB1|PP755595.1|A/cattle/Texas/24-008749-003/2024(H5N1)	707	2124
PB1|PP755595.1|A/cattle/Texas/24-008749-003/2024(H5N1)	708	2123
PB1|PP755595.1|A/cattle/Texas/24-008749-003/2024(H5N1)	709	2155
PB1|PP755595.1|A/cattle/Texas/24-008749-003/2024(H5N1)	710	2156
PB1|PP755595.1|A/cattle/Texas/24-008749-003/2024(H5N1)	711	2150
PB1|PP755595.1|A/cattle/Texas/24-008749-003/2024(H5N1)	712	2124
PB1|PP755595.1|A/cattle/Texas/24-008749-003/2024(H5N1)	713	2125
PB1|PP755595.1|A/cattle/Texas/24-008749-003/2024(H5N1)	714	2108
PB1|PP755595.1|A/cattle/Texas/24-008749-003/2024(H5N1)	715	2078
PB1|PP755595.1|A/cattle/Texas/24-008749-003/2024(H5N1)	716	2078
PB1|PP755595.1|A/cattle/Texas/24-008749-003/2024(H5N1)	717	2063
PB1|PP755595.1|A/cattle/Texas/24-008749-003/2024(H5N1)	718	2061
PB1|PP755595.1|A/cattle/Texas/24-008749-003/2024(H5N1)	719	1922
PB1|PP755595.1|A/cattle/Texas/24-008749-003/2024(H5N1)	720	1921
PB1|PP755595.1|A/cattle/Texas/24-008749-003/2024(H5N1)	721	1956
PB1|PP755595.1|A/cattle/Texas/24-008749-003/2024(H5N1)	722	1925
PB1|PP755595.1|A/cattle/Texas/24-008749-003/2024(H5N1)	723	1926
PB1|PP755595.1|A/cattle/Texas/24-008749-003/2024(H5N1)	724	1929
PB1|PP755595.1|A/cattle/Texas/24-008749-003/2024(H5N1)	725	1888
PB1|PP755595.1|A/cattle/Texas/24-008749-003/2024(H5N1)	726	1870
PB1|PP755595.1|A/cattle/Texas/24-008749-003/2024(H5N1)	727	1828
PB1|PP755595.1|A/cattle/Texas/24-008749-003/2024(H5N1)	728	1836
PB1|PP755595.1|A/cattle/Texas/24-008749-003/2024(H5N1)	729	1835
PB1|PP755595.1|A/cattle/Texas/24-008749-003/2024(H5N1)	730	1791
PB1|PP755595.1|A/cattle/Texas/24-008749-003/2024(H5N1)	731	1723
PB1|PP755595.1|A/cattle/Texas/24-008749-003/2024(H5N1)	732	1360
PB1|PP755595.1|A/cattle/Texas/24-008749-003/2024(H5N1)	733	1360
PB1|PP755595.1|A/cattle/Texas/24-008749-003/2024(H5N1)	734	1350
PB1|PP755595.1|A/cattle/Texas/24-008749-003/2024(H5N1)	735	1348
PB1|PP755595.1|A/cattle/Texas/24-008749-003/2024(H5N1)	736	1349
PB1|PP755595.1|A/cattle/Texas/24-008749-003/2024(H5N1)	737	1349
PB1|PP755595.1|A/cattle/Texas/24-008749-003/2024(H5N1)	738	1345
PB1|PP755595.1|A/cattle/Texas/24-008749-003/2024(H5N1)	739	1343
PB1|PP755595.1|A/cattle/Texas/24-008749-003/2024(H5N1)	740	1343
PB1|PP755595.1|A/cattle/Texas/24-008749-003/2024(H5N1)	741	1343
PB1|PP755595.1|A/cattle/Texas/24-008749-003/2024(H5N1)	742	1343
PB1|PP755595.1|A/cattle/Texas/24-008749-003/2024(H5N1)	743	1343
PB1|PP755595.1|A/cattle/Texas/24-008749-003/2024(H5N1)	744	1345
PB1|PP755595.1|A/cattle/Texas/24-008749-003/2024(H5N1)	745	1683
PB1|PP755595.1|A/cattle/Texas/24-008749-003/2024(H5N1)	746	1683
PB1|PP755595.1|A/cattle/Texas/24-008749-003/2024(H5N1)	747	1683
PB1|PP755595.1|A/cattle/Texas/24-008749-003/2024(H5N1)	748	1683
PB1|PP755595.1|A/cattle/Texas/24-008749-003/2024(H5N1)	749	1685
PB1|PP755595.1|A/cattle/Texas/24-008749-003/2024(H5N1)	750	1685
PB1|PP755595.1|A/cattle/Texas/24-008749-003/2024(H5N1)	751	1846
PB1|PP755595.1|A/cattle/Texas/24-008749-003/2024(H5N1)	752	1866
PB1|PP755595.1|A/cattle/Texas/24-008749-003/2024(H5N1)	753	1873
PB1|PP755595.1|A/cattle/Texas/24-008749-003/2024(H5N1)	754	1888
PB1|PP755595.1|A/cattle/Texas/24-008749-003/2024(H5N1)	755	1901
PB1|PP755595.1|A/cattle/Texas/24-008749-003/2024(H5N1)	756	1902
PB1|PP755595.1|A/cattle/Texas/24-008749-003/2024(H5N1)	757	1902
PB1|PP755595.1|A/cattle/Texas/24-008749-003/2024(H5N1)	758	1893
PB1|PP755595.1|A/cattle/Texas/24-008749-003/2024(H5N1)	759	1873
PB1|PP755595.1|A/cattle/Texas/24-008749-003/2024(H5N1)	760	1780
PB1|PP755595.1|A/cattle/Texas/24-008749-003/2024(H5N1)	761	1781
PB1|PP755595.1|A/cattle/Texas/24-008749-003/2024(H5N1)	762	1772
PB1|PP755595.1|A/cattle/Texas/24-008749-003/2024(H5N1)	763	1764
PB1|PP755595.1|A/cattle/Texas/24-008749-003/2024(H5N1)	764	1759
PB1|PP755595.1|A/cattle/Texas/24-008749-003/2024(H5N1)	765	1749
PB1|PP755595.1|A/cattle/Texas/24-008749-003/2024(H5N1)	766	1749
PB1|PP755595.1|A/cattle/Texas/24-008749-003/2024(H5N1)	767	1747
PB1|PP755595.1|A/cattle/Texas/24-008749-003/2024(H5N1)	768	1747
PB1|PP755595.1|A/cattle/Texas/24-008749-003/2024(H5N1)	769	1749
PB1|PP755595.1|A/cattle/Texas/24-008749-003/2024(H5N1)	770	1749
PB1|PP755595.1|A/cattle/Texas/24-008749-003/2024(H5N1)	771	1746
PB1|PP755595.1|A/cattle/Texas/24-008749-003/2024(H5N1)	772	1631
PB1|PP755595.1|A/cattle/Texas/24-008749-003/2024(H5N1)	773	1631
PB1|PP755595.1|A/cattle/Texas/24-008749-003/2024(H5N1)	774	1637
PB1|PP755595.1|A/cattle/Texas/24-008749-003/2024(H5N1)	775	1834
PB1|PP755595.1|A/cattle/Texas/24-008749-003/2024(H5N1)	776	1845
PB1|PP755595.1|A/cattle/Texas/24-008749-003/2024(H5N1)	777	1845
PB1|PP755595.1|A/cattle/Texas/24-008749-003/2024(H5N1)	778	1848
PB1|PP755595.1|A/cattle/Texas/24-008749-003/2024(H5N1)	779	1854
PB1|PP755595.1|A/cattle/Texas/24-008749-003/2024(H5N1)	780	1894
PB1|PP755595.1|A/cattle/Texas/24-008749-003/2024(H5N1)	781	1895
PB1|PP755595.1|A/cattle/Texas/24-008749-003/2024(H5N1)	782	1895
PB1|PP755595.1|A/cattle/Texas/24-008749-003/2024(H5N1)	783	1810
PB1|PP755595.1|A/cattle/Texas/24-008749-003/2024(H5N1)	784	1805
PB1|PP755595.1|A/cattle/Texas/24-008749-003/2024(H5N1)	785	1802
PB1|PP755595.1|A/cattle/Texas/24-008749-003/2024(H5N1)	786	1731
PB1|PP755595.1|A/cattle/Texas/24-008749-003/2024(H5N1)	787	1747
PB1|PP755595.1|A/cattle/Texas/24-008749-003/2024(H5N1)	788	1748
PB1|PP755595.1|A/cattle/Texas/24-008749-003/2024(H5N1)	789	1748
PB1|PP755595.1|A/cattle/Texas/24-008749-003/2024(H5N1)	790	1748
PB1|PP755595.1|A/cattle/Texas/24-008749-003/2024(H5N1)	791	1748
PB1|PP755595.1|A/cattle/Texas/24-008749-003/2024(H5N1)	792	1700
PB1|PP755595.1|A/cattle/Texas/24-008749-003/2024(H5N1)	793	1738
PB1|PP755595.1|A/cattle/Texas/24-008749-003/2024(H5N1)	794	1745
PB1|PP755595.1|A/cattle/Texas/24-008749-003/2024(H5N1)	795	1746
PB1|PP755595.1|A/cattle/Texas/24-008749-003/2024(H5N1)	796	1756
PB1|PP755595.1|A/cattle/Texas/24-008749-003/2024(H5N1)	797	1756
PB1|PP755595.1|A/cattle/Texas/24-008749-003/2024(H5N1)	798	1749
PB1|PP755595.1|A/cattle/Texas/24-008749-003/2024(H5N1)	799	1749
PB1|PP755595.1|A/cattle/Texas/24-008749-003/2024(H5N1)	800	1746
PB1|PP755595.1|A/cattle/Texas/24-008749-003/2024(H5N1)	801	1670
PB1|PP755595.1|A/cattle/Texas/24-008749-003/2024(H5N1)	802	1693
PB1|PP755595.1|A/cattle/Texas/24-008749-003/2024(H5N1)	803	1780
PB1|PP755595.1|A/cattle/Texas/24-008749-003/2024(H5N1)	804	1796
PB1|PP755595.1|A/cattle/Texas/24-008749-003/2024(H5N1)	805	1808
PB1|PP755595.1|A/cattle/Texas/24-008749-003/2024(H5N1)	806	1810
PB1|PP755595.1|A/cattle/Texas/24-008749-003/2024(H5N1)	807	1808
PB1|PP755595.1|A/cattle/Texas/24-008749-003/2024(H5N1)	808	1825
PB1|PP755595.1|A/cattle/Texas/24-008749-003/2024(H5N1)	809	1825
PB1|PP755595.1|A/cattle/Texas/24-008749-003/2024(H5N1)	810	1820
PB1|PP755595.1|A/cattle/Texas/24-008749-003/2024(H5N1)	811	1794
PB1|PP755595.1|A/cattle/Texas/24-008749-003/2024(H5N1)	812	1701
PB1|PP755595.1|A/cattle/Texas/24-008749-003/2024(H5N1)	813	1685
PB1|PP755595.1|A/cattle/Texas/24-008749-003/2024(H5N1)	814	1667
PB1|PP755595.1|A/cattle/Texas/24-008749-003/2024(H5N1)	815	1743
PB1|PP755595.1|A/cattle/Texas/24-008749-003/2024(H5N1)	816	1682
PB1|PP755595.1|A/cattle/Texas/24-008749-003/2024(H5N1)	817	1766
PB1|PP755595.1|A/cattle/Texas/24-008749-003/2024(H5N1)	818	1766
PB1|PP755595.1|A/cattle/Texas/24-008749-003/2024(H5N1)	819	1764
PB1|PP755595.1|A/cattle/Texas/24-008749-003/2024(H5N1)	820	1767
PB1|PP755595.1|A/cattle/Texas/24-008749-003/2024(H5N1)	821	1851
PB1|PP755595.1|A/cattle/Texas/24-008749-003/2024(H5N1)	822	1821
PB1|PP755595.1|A/cattle/Texas/24-008749-003/2024(H5N1)	823	1774
PB1|PP755595.1|A/cattle/Texas/24-008749-003/2024(H5N1)	824	1815
PB1|PP755595.1|A/cattle/Texas/24-008749-003/2024(H5N1)	825	1810
PB1|PP755595.1|A/cattle/Texas/24-008749-003/2024(H5N1)	826	1872
PB1|PP755595.1|A/cattle/Texas/24-008749-003/2024(H5N1)	827	1888
PB1|PP755595.1|A/cattle/Texas/24-008749-003/2024(H5N1)	828	1893
PB1|PP755595.1|A/cattle/Texas/24-008749-003/2024(H5N1)	829	1901
PB1|PP755595.1|A/cattle/Texas/24-008749-003/2024(H5N1)	830	1904
PB1|PP755595.1|A/cattle/Texas/24-008749-003/2024(H5N1)	831	1877
PB1|PP755595.1|A/cattle/Texas/24-008749-003/2024(H5N1)	832	1962
PB1|PP755595.1|A/cattle/Texas/24-008749-003/2024(H5N1)	833	1962
PB1|PP755595.1|A/cattle/Texas/24-008749-003/2024(H5N1)	834	1963
PB1|PP755595.1|A/cattle/Texas/24-008749-003/2024(H5N1)	835	1978
PB1|PP755595.1|A/cattle/Texas/24-008749-003/2024(H5N1)	836	1989
PB1|PP755595.1|A/cattle/Texas/24-008749-003/2024(H5N1)	837	1984
PB1|PP755595.1|A/cattle/Texas/24-008749-003/2024(H5N1)	838	1975
PB1|PP755595.1|A/cattle/Texas/24-008749-003/2024(H5N1)	839	1957
PB1|PP755595.1|A/cattle/Texas/24-008749-003/2024(H5N1)	840	1843
PB1|PP755595.1|A/cattle/Texas/24-008749-003/2024(H5N1)	841	1858
PB1|PP755595.1|A/cattle/Texas/24-008749-003/2024(H5N1)	842	1858
PB1|PP755595.1|A/cattle/Texas/24-008749-003/2024(H5N1)	843	1858
PB1|PP755595.1|A/cattle/Texas/24-008749-003/2024(H5N1)	844	1857
PB1|PP755595.1|A/cattle/Texas/24-008749-003/2024(H5N1)	845	1862
PB1|PP755595.1|A/cattle/Texas/24-008749-003/2024(H5N1)	846	1922
PB1|PP755595.1|A/cattle/Texas/24-008749-003/2024(H5N1)	847	2087
PB1|PP755595.1|A/cattle/Texas/24-008749-003/2024(H5N1)	848	2088
PB1|PP755595.1|A/cattle/Texas/24-008749-003/2024(H5N1)	849	2096
PB1|PP755595.1|A/cattle/Texas/24-008749-003/2024(H5N1)	850	2098
PB1|PP755595.1|A/cattle/Texas/24-008749-003/2024(H5N1)	851	2100
PB1|PP755595.1|A/cattle/Texas/24-008749-003/2024(H5N1)	852	2102
PB1|PP755595.1|A/cattle/Texas/24-008749-003/2024(H5N1)	853	2110
PB1|PP755595.1|A/cattle/Texas/24-008749-003/2024(H5N1)	854	2279
PB1|PP755595.1|A/cattle/Texas/24-008749-003/2024(H5N1)	855	2282
PB1|PP755595.1|A/cattle/Texas/24-008749-003/2024(H5N1)	856	2285
PB1|PP755595.1|A/cattle/Texas/24-008749-003/2024(H5N1)	857	2285
PB1|PP755595.1|A/cattle/Texas/24-008749-003/2024(H5N1)	858	2285
PB1|PP755595.1|A/cattle/Texas/24-008749-003/2024(H5N1)	859	2293
PB1|PP755595.1|A/cattle/Texas/24-008749-003/2024(H5N1)	860	2310
PB1|PP755595.1|A/cattle/Texas/24-008749-003/2024(H5N1)	861	2323
PB1|PP755595.1|A/cattle/Texas/24-008749-003/2024(H5N1)	862	2317
PB1|PP755595.1|A/cattle/Texas/24-008749-003/2024(H5N1)	863	2322
PB1|PP755595.1|A/cattle/Texas/24-008749-003/2024(H5N1)	864	2422
PB1|PP755595.1|A/cattle/Texas/24-008749-003/2024(H5N1)	865	2435
PB1|PP755595.1|A/cattle/Texas/24-008749-003/2024(H5N1)	866	2466
PB1|PP755595.1|A/cattle/Texas/24-008749-003/2024(H5N1)	867	2467
PB1|PP755595.1|A/cattle/Texas/24-008749-003/2024(H5N1)	868	2466
PB1|PP755595.1|A/cattle/Texas/24-008749-003/2024(H5N1)	869	2481
PB1|PP755595.1|A/cattle/Texas/24-008749-003/2024(H5N1)	870	2512
PB1|PP755595.1|A/cattle/Texas/24-008749-003/2024(H5N1)	871	2623
PB1|PP755595.1|A/cattle/Texas/24-008749-003/2024(H5N1)	872	2573
PB1|PP755595.1|A/cattle/Texas/24-008749-003/2024(H5N1)	873	2570
PB1|PP755595.1|A/cattle/Texas/24-008749-003/2024(H5N1)	874	2566
PB1|PP755595.1|A/cattle/Texas/24-008749-003/2024(H5N1)	875	2559
PB1|PP755595.1|A/cattle/Texas/24-008749-003/2024(H5N1)	876	2215
PB1|PP755595.1|A/cattle/Texas/24-008749-003/2024(H5N1)	877	2215
PB1|PP755595.1|A/cattle/Texas/24-008749-003/2024(H5N1)	878	2204
PB1|PP755595.1|A/cattle/Texas/24-008749-003/2024(H5N1)	879	2204
PB1|PP755595.1|A/cattle/Texas/24-008749-003/2024(H5N1)	880	2277
PB1|PP755595.1|A/cattle/Texas/24-008749-003/2024(H5N1)	881	2278
PB1|PP755595.1|A/cattle/Texas/24-008749-003/2024(H5N1)	882	2278
PB1|PP755595.1|A/cattle/Texas/24-008749-003/2024(H5N1)	883	2277
PB1|PP755595.1|A/cattle/Texas/24-008749-003/2024(H5N1)	884	2278
PB1|PP755595.1|A/cattle/Texas/24-008749-003/2024(H5N1)	885	2277
PB1|PP755595.1|A/cattle/Texas/24-008749-003/2024(H5N1)	886	2294
PB1|PP755595.1|A/cattle/Texas/24-008749-003/2024(H5N1)	887	2866
PB1|PP755595.1|A/cattle/Texas/24-008749-003/2024(H5N1)	888	2866
PB1|PP755595.1|A/cattle/Texas/24-008749-003/2024(H5N1)	889	2924
PB1|PP755595.1|A/cattle/Texas/24-008749-003/2024(H5N1)	890	2931
PB1|PP755595.1|A/cattle/Texas/24-008749-003/2024(H5N1)	891	2956
PB1|PP755595.1|A/cattle/Texas/24-008749-003/2024(H5N1)	892	2953
PB1|PP755595.1|A/cattle/Texas/24-008749-003/2024(H5N1)	893	2956
PB1|PP755595.1|A/cattle/Texas/24-008749-003/2024(H5N1)	894	3043
PB1|PP755595.1|A/cattle/Texas/24-008749-003/2024(H5N1)	895	3042
PB1|PP755595.1|A/cattle/Texas/24-008749-003/2024(H5N1)	896	3090
PB1|PP755595.1|A/cattle/Texas/24-008749-003/2024(H5N1)	897	2937
PB1|PP755595.1|A/cattle/Texas/24-008749-003/2024(H5N1)	898	2939
PB1|PP755595.1|A/cattle/Texas/24-008749-003/2024(H5N1)	899	2944
PB1|PP755595.1|A/cattle/Texas/24-008749-003/2024(H5N1)	900	2945
PB1|PP755595.1|A/cattle/Texas/24-008749-003/2024(H5N1)	901	2947
PB1|PP755595.1|A/cattle/Texas/24-008749-003/2024(H5N1)	902	2967
PB1|PP755595.1|A/cattle/Texas/24-008749-003/2024(H5N1)	903	2949
PB1|PP755595.1|A/cattle/Texas/24-008749-003/2024(H5N1)	904	2946
PB1|PP755595.1|A/cattle/Texas/24-008749-003/2024(H5N1)	905	2925
PB1|PP755595.1|A/cattle/Texas/24-008749-003/2024(H5N1)	906	2727
PB1|PP755595.1|A/cattle/Texas/24-008749-003/2024(H5N1)	907	2738
PB1|PP755595.1|A/cattle/Texas/24-008749-003/2024(H5N1)	908	2753
PB1|PP755595.1|A/cattle/Texas/24-008749-003/2024(H5N1)	909	2753
PB1|PP755595.1|A/cattle/Texas/24-008749-003/2024(H5N1)	910	2802
PB1|PP755595.1|A/cattle/Texas/24-008749-003/2024(H5N1)	911	2807
PB1|PP755595.1|A/cattle/Texas/24-008749-003/2024(H5N1)	912	2920
PB1|PP755595.1|A/cattle/Texas/24-008749-003/2024(H5N1)	913	2935
PB1|PP755595.1|A/cattle/Texas/24-008749-003/2024(H5N1)	914	2974
PB1|PP755595.1|A/cattle/Texas/24-008749-003/2024(H5N1)	915	2977
PB1|PP755595.1|A/cattle/Texas/24-008749-003/2024(H5N1)	916	2994
PB1|PP755595.1|A/cattle/Texas/24-008749-003/2024(H5N1)	917	3021
PB1|PP755595.1|A/cattle/Texas/24-008749-003/2024(H5N1)	918	3213
PB1|PP755595.1|A/cattle/Texas/24-008749-003/2024(H5N1)	919	3218
PB1|PP755595.1|A/cattle/Texas/24-008749-003/2024(H5N1)	920	3233
PB1|PP755595.1|A/cattle/Texas/24-008749-003/2024(H5N1)	921	3236
PB1|PP755595.1|A/cattle/Texas/24-008749-003/2024(H5N1)	922	3243
PB1|PP755595.1|A/cattle/Texas/24-008749-003/2024(H5N1)	923	3254
PB1|PP755595.1|A/cattle/Texas/24-008749-003/2024(H5N1)	924	3260
PB1|PP755595.1|A/cattle/Texas/24-008749-003/2024(H5N1)	925	3257
PB1|PP755595.1|A/cattle/Texas/24-008749-003/2024(H5N1)	926	3261
PB1|PP755595.1|A/cattle/Texas/24-008749-003/2024(H5N1)	927	3289
PB1|PP755595.1|A/cattle/Texas/24-008749-003/2024(H5N1)	928	3293
PB1|PP755595.1|A/cattle/Texas/24-008749-003/2024(H5N1)	929	3292
PB1|PP755595.1|A/cattle/Texas/24-008749-003/2024(H5N1)	930	3291
PB1|PP755595.1|A/cattle/Texas/24-008749-003/2024(H5N1)	931	3260
PB1|PP755595.1|A/cattle/Texas/24-008749-003/2024(H5N1)	932	3256
PB1|PP755595.1|A/cattle/Texas/24-008749-003/2024(H5N1)	933	3278
PB1|PP755595.1|A/cattle/Texas/24-008749-003/2024(H5N1)	934	3331
PB1|PP755595.1|A/cattle/Texas/24-008749-003/2024(H5N1)	935	3330
PB1|PP755595.1|A/cattle/Texas/24-008749-003/2024(H5N1)	936	3254
PB1|PP755595.1|A/cattle/Texas/24-008749-003/2024(H5N1)	937	3255
PB1|PP755595.1|A/cattle/Texas/24-008749-003/2024(H5N1)	938	3260
PB1|PP755595.1|A/cattle/Texas/24-008749-003/2024(H5N1)	939	3278
PB1|PP755595.1|A/cattle/Texas/24-008749-003/2024(H5N1)	940	3333
PB1|PP755595.1|A/cattle/Texas/24-008749-003/2024(H5N1)	941	3344
PB1|PP755595.1|A/cattle/Texas/24-008749-003/2024(H5N1)	942	3344
PB1|PP755595.1|A/cattle/Texas/24-008749-003/2024(H5N1)	943	3353
PB1|PP755595.1|A/cattle/Texas/24-008749-003/2024(H5N1)	944	3355
PB1|PP755595.1|A/cattle/Texas/24-008749-003/2024(H5N1)	945	3373
PB1|PP755595.1|A/cattle/Texas/24-008749-003/2024(H5N1)	946	3372
PB1|PP755595.1|A/cattle/Texas/24-008749-003/2024(H5N1)	947	3380
PB1|PP755595.1|A/cattle/Texas/24-008749-003/2024(H5N1)	948	3404
PB1|PP755595.1|A/cattle/Texas/24-008749-003/2024(H5N1)	949	3404
PB1|PP755595.1|A/cattle/Texas/24-008749-003/2024(H5N1)	950	3409
PB1|PP755595.1|A/cattle/Texas/24-008749-003/2024(H5N1)	951	3432
PB1|PP755595.1|A/cattle/Texas/24-008749-003/2024(H5N1)	952	3424
PB1|PP755595.1|A/cattle/Texas/24-008749-003/2024(H5N1)	953	3436
PB1|PP755595.1|A/cattle/Texas/24-008749-003/2024(H5N1)	954	3350
PB1|PP755595.1|A/cattle/Texas/24-008749-003/2024(H5N1)	955	3367
PB1|PP755595.1|A/cattle/Texas/24-008749-003/2024(H5N1)	956	3394
PB1|PP755595.1|A/cattle/Texas/24-008749-003/2024(H5N1)	957	3402
PB1|PP755595.1|A/cattle/Texas/24-008749-003/2024(H5N1)	958	3407
PB1|PP755595.1|A/cattle/Texas/24-008749-003/2024(H5N1)	959	3390
PB1|PP755595.1|A/cattle/Texas/24-008749-003/2024(H5N1)	960	3382
PB1|PP755595.1|A/cattle/Texas/24-008749-003/2024(H5N1)	961	3392
PB1|PP755595.1|A/cattle/Texas/24-008749-003/2024(H5N1)	962	3433
PB1|PP755595.1|A/cattle/Texas/24-008749-003/2024(H5N1)	963	3467
PB1|PP755595.1|A/cattle/Texas/24-008749-003/2024(H5N1)	964	3468
PB1|PP755595.1|A/cattle/Texas/24-008749-003/2024(H5N1)	965	3469
PB1|PP755595.1|A/cattle/Texas/24-008749-003/2024(H5N1)	966	3386
PB1|PP755595.1|A/cattle/Texas/24-008749-003/2024(H5N1)	967	3384
PB1|PP755595.1|A/cattle/Texas/24-008749-003/2024(H5N1)	968	3334
PB1|PP755595.1|A/cattle/Texas/24-008749-003/2024(H5N1)	969	3333
PB1|PP755595.1|A/cattle/Texas/24-008749-003/2024(H5N1)	970	3331
PB1|PP755595.1|A/cattle/Texas/24-008749-003/2024(H5N1)	971	3242
PB1|PP755595.1|A/cattle/Texas/24-008749-003/2024(H5N1)	972	3094
PB1|PP755595.1|A/cattle/Texas/24-008749-003/2024(H5N1)	973	3006
PB1|PP755595.1|A/cattle/Texas/24-008749-003/2024(H5N1)	974	2994
PB1|PP755595.1|A/cattle/Texas/24-008749-003/2024(H5N1)	975	2959
PB1|PP755595.1|A/cattle/Texas/24-008749-003/2024(H5N1)	976	3105
PB1|PP755595.1|A/cattle/Texas/24-008749-003/2024(H5N1)	977	3105
PB1|PP755595.1|A/cattle/Texas/24-008749-003/2024(H5N1)	978	3094
PB1|PP755595.1|A/cattle/Texas/24-008749-003/2024(H5N1)	979	3090
PB1|PP755595.1|A/cattle/Texas/24-008749-003/2024(H5N1)	980	3082
PB1|PP755595.1|A/cattle/Texas/24-008749-003/2024(H5N1)	981	2979
PB1|PP755595.1|A/cattle/Texas/24-008749-003/2024(H5N1)	982	3024
PB1|PP755595.1|A/cattle/Texas/24-008749-003/2024(H5N1)	983	3025
PB1|PP755595.1|A/cattle/Texas/24-008749-003/2024(H5N1)	984	3036
PB1|PP755595.1|A/cattle/Texas/24-008749-003/2024(H5N1)	985	3039
PB1|PP755595.1|A/cattle/Texas/24-008749-003/2024(H5N1)	986	3036
PB1|PP755595.1|A/cattle/Texas/24-008749-003/2024(H5N1)	987	3033
PB1|PP755595.1|A/cattle/Texas/24-008749-003/2024(H5N1)	988	3039
PB1|PP755595.1|A/cattle/Texas/24-008749-003/2024(H5N1)	989	3031
PB1|PP755595.1|A/cattle/Texas/24-008749-003/2024(H5N1)	990	2991
PB1|PP755595.1|A/cattle/Texas/24-008749-003/2024(H5N1)	991	2995
PB1|PP755595.1|A/cattle/Texas/24-008749-003/2024(H5N1)	992	2995
PB1|PP755595.1|A/cattle/Texas/24-008749-003/2024(H5N1)	993	2993
PB1|PP755595.1|A/cattle/Texas/24-008749-003/2024(H5N1)	994	2991
PB1|PP755595.1|A/cattle/Texas/24-008749-003/2024(H5N1)	995	2967
PB1|PP755595.1|A/cattle/Texas/24-008749-003/2024(H5N1)	996	2963
PB1|PP755595.1|A/cattle/Texas/24-008749-003/2024(H5N1)	997	2871
PB1|PP755595.1|A/cattle/Texas/24-008749-003/2024(H5N1)	998	2870
PB1|PP755595.1|A/cattle/Texas/24-008749-003/2024(H5N1)	999	2827
PB1|PP755595.1|A/cattle/Texas/24-008749-003/2024(H5N1)	1000	2820
PB1|PP755595.1|A/cattle/Texas/24-008749-003/2024(H5N1)	1001	2819
PB1|PP755595.1|A/cattle/Texas/24-008749-003/2024(H5N1)	1002	2817
PB1|PP755595.1|A/cattle/Texas/24-008749-003/2024(H5N1)	1003	2997
PB1|PP755595.1|A/cattle/Texas/24-008749-003/2024(H5N1)	1004	2997
PB1|PP755595.1|A/cattle/Texas/24-008749-003/2024(H5N1)	1005	2821
PB1|PP755595.1|A/cattle/Texas/24-008749-003/2024(H5N1)	1006	2820
PB1|PP755595.1|A/cattle/Texas/24-008749-003/2024(H5N1)	1007	2820
PB1|PP755595.1|A/cattle/Texas/24-008749-003/2024(H5N1)	1008	2820
PB1|PP755595.1|A/cattle/Texas/24-008749-003/2024(H5N1)	1009	2969
PB1|PP755595.1|A/cattle/Texas/24-008749-003/2024(H5N1)	1010	2955
PB1|PP755595.1|A/cattle/Texas/24-008749-003/2024(H5N1)	1011	2942
PB1|PP755595.1|A/cattle/Texas/24-008749-003/2024(H5N1)	1012	2938
PB1|PP755595.1|A/cattle/Texas/24-008749-003/2024(H5N1)	1013	2937
PB1|PP755595.1|A/cattle/Texas/24-008749-003/2024(H5N1)	1014	2930
PB1|PP755595.1|A/cattle/Texas/24-008749-003/2024(H5N1)	1015	2890
PB1|PP755595.1|A/cattle/Texas/24-008749-003/2024(H5N1)	1016	2882
PB1|PP755595.1|A/cattle/Texas/24-008749-003/2024(H5N1)	1017	2849
PB1|PP755595.1|A/cattle/Texas/24-008749-003/2024(H5N1)	1018	2848
PB1|PP755595.1|A/cattle/Texas/24-008749-003/2024(H5N1)	1019	2845
PB1|PP755595.1|A/cattle/Texas/24-008749-003/2024(H5N1)	1020	2804
PB1|PP755595.1|A/cattle/Texas/24-008749-003/2024(H5N1)	1021	2994
PB1|PP755595.1|A/cattle/Texas/24-008749-003/2024(H5N1)	1022	2928
PB1|PP755595.1|A/cattle/Texas/24-008749-003/2024(H5N1)	1023	2930
PB1|PP755595.1|A/cattle/Texas/24-008749-003/2024(H5N1)	1024	2971
PB1|PP755595.1|A/cattle/Texas/24-008749-003/2024(H5N1)	1025	2968
PB1|PP755595.1|A/cattle/Texas/24-008749-003/2024(H5N1)	1026	2933
PB1|PP755595.1|A/cattle/Texas/24-008749-003/2024(H5N1)	1027	2904
PB1|PP755595.1|A/cattle/Texas/24-008749-003/2024(H5N1)	1028	2798
PB1|PP755595.1|A/cattle/Texas/24-008749-003/2024(H5N1)	1029	2789
PB1|PP755595.1|A/cattle/Texas/24-008749-003/2024(H5N1)	1030	2669
PB1|PP755595.1|A/cattle/Texas/24-008749-003/2024(H5N1)	1031	2590
PB1|PP755595.1|A/cattle/Texas/24-008749-003/2024(H5N1)	1032	2584
PB1|PP755595.1|A/cattle/Texas/24-008749-003/2024(H5N1)	1033	2552
PB1|PP755595.1|A/cattle/Texas/24-008749-003/2024(H5N1)	1034	2374
PB1|PP755595.1|A/cattle/Texas/24-008749-003/2024(H5N1)	1035	2365
PB1|PP755595.1|A/cattle/Texas/24-008749-003/2024(H5N1)	1036	2401
PB1|PP755595.1|A/cattle/Texas/24-008749-003/2024(H5N1)	1037	2388
PB1|PP755595.1|A/cattle/Texas/24-008749-003/2024(H5N1)	1038	2385
PB1|PP755595.1|A/cattle/Texas/24-008749-003/2024(H5N1)	1039	2381
PB1|PP755595.1|A/cattle/Texas/24-008749-003/2024(H5N1)	1040	2332
PB1|PP755595.1|A/cattle/Texas/24-008749-003/2024(H5N1)	1041	2331
PB1|PP755595.1|A/cattle/Texas/24-008749-003/2024(H5N1)	1042	2311
PB1|PP755595.1|A/cattle/Texas/24-008749-003/2024(H5N1)	1043	2310
PB1|PP755595.1|A/cattle/Texas/24-008749-003/2024(H5N1)	1044	2301
PB1|PP755595.1|A/cattle/Texas/24-008749-003/2024(H5N1)	1045	2216
PB1|PP755595.1|A/cattle/Texas/24-008749-003/2024(H5N1)	1046	2162
PB1|PP755595.1|A/cattle/Texas/24-008749-003/2024(H5N1)	1047	1889
PB1|PP755595.1|A/cattle/Texas/24-008749-003/2024(H5N1)	1048	1885
PB1|PP755595.1|A/cattle/Texas/24-008749-003/2024(H5N1)	1049	1885
PB1|PP755595.1|A/cattle/Texas/24-008749-003/2024(H5N1)	1050	1881
PB1|PP755595.1|A/cattle/Texas/24-008749-003/2024(H5N1)	1051	1879
PB1|PP755595.1|A/cattle/Texas/24-008749-003/2024(H5N1)	1052	1879
PB1|PP755595.1|A/cattle/Texas/24-008749-003/2024(H5N1)	1053	1858
PB1|PP755595.1|A/cattle/Texas/24-008749-003/2024(H5N1)	1054	1858
PB1|PP755595.1|A/cattle/Texas/24-008749-003/2024(H5N1)	1055	1859
PB1|PP755595.1|A/cattle/Texas/24-008749-003/2024(H5N1)	1056	1859
PB1|PP755595.1|A/cattle/Texas/24-008749-003/2024(H5N1)	1057	2070
PB1|PP755595.1|A/cattle/Texas/24-008749-003/2024(H5N1)	1058	2070
PB1|PP755595.1|A/cattle/Texas/24-008749-003/2024(H5N1)	1059	2070
PB1|PP755595.1|A/cattle/Texas/24-008749-003/2024(H5N1)	1060	2070
PB1|PP755595.1|A/cattle/Texas/24-008749-003/2024(H5N1)	1061	2072
PB1|PP755595.1|A/cattle/Texas/24-008749-003/2024(H5N1)	1062	2075
PB1|PP755595.1|A/cattle/Texas/24-008749-003/2024(H5N1)	1063	2325
PB1|PP755595.1|A/cattle/Texas/24-008749-003/2024(H5N1)	1064	2332
PB1|PP755595.1|A/cattle/Texas/24-008749-003/2024(H5N1)	1065	2337
PB1|PP755595.1|A/cattle/Texas/24-008749-003/2024(H5N1)	1066	2343
PB1|PP755595.1|A/cattle/Texas/24-008749-003/2024(H5N1)	1067	2343
PB1|PP755595.1|A/cattle/Texas/24-008749-003/2024(H5N1)	1068	2324
PB1|PP755595.1|A/cattle/Texas/24-008749-003/2024(H5N1)	1069	2143
PB1|PP755595.1|A/cattle/Texas/24-008749-003/2024(H5N1)	1070	2139
PB1|PP755595.1|A/cattle/Texas/24-008749-003/2024(H5N1)	1071	2121
PB1|PP755595.1|A/cattle/Texas/24-008749-003/2024(H5N1)	1072	2221
PB1|PP755595.1|A/cattle/Texas/24-008749-003/2024(H5N1)	1073	2218
PB1|PP755595.1|A/cattle/Texas/24-008749-003/2024(H5N1)	1074	2226
PB1|PP755595.1|A/cattle/Texas/24-008749-003/2024(H5N1)	1075	2226
PB1|PP755595.1|A/cattle/Texas/24-008749-003/2024(H5N1)	1076	2237
PB1|PP755595.1|A/cattle/Texas/24-008749-003/2024(H5N1)	1077	2211
PB1|PP755595.1|A/cattle/Texas/24-008749-003/2024(H5N1)	1078	2202
PB1|PP755595.1|A/cattle/Texas/24-008749-003/2024(H5N1)	1079	2201
PB1|PP755595.1|A/cattle/Texas/24-008749-003/2024(H5N1)	1080	2207
PB1|PP755595.1|A/cattle/Texas/24-008749-003/2024(H5N1)	1081	2220
PB1|PP755595.1|A/cattle/Texas/24-008749-003/2024(H5N1)	1082	2255
PB1|PP755595.1|A/cattle/Texas/24-008749-003/2024(H5N1)	1083	2217
PB1|PP755595.1|A/cattle/Texas/24-008749-003/2024(H5N1)	1084	2198
PB1|PP755595.1|A/cattle/Texas/24-008749-003/2024(H5N1)	1085	2189
PB1|PP755595.1|A/cattle/Texas/24-008749-003/2024(H5N1)	1086	2178
PB1|PP755595.1|A/cattle/Texas/24-008749-003/2024(H5N1)	1087	2165
PB1|PP755595.1|A/cattle/Texas/24-008749-003/2024(H5N1)	1088	2164
PB1|PP755595.1|A/cattle/Texas/24-008749-003/2024(H5N1)	1089	2158
PB1|PP755595.1|A/cattle/Texas/24-008749-003/2024(H5N1)	1090	2072
PB1|PP755595.1|A/cattle/Texas/24-008749-003/2024(H5N1)	1091	2040
PB1|PP755595.1|A/cattle/Texas/24-008749-003/2024(H5N1)	1092	2032
PB1|PP755595.1|A/cattle/Texas/24-008749-003/2024(H5N1)	1093	2088
PB1|PP755595.1|A/cattle/Texas/24-008749-003/2024(H5N1)	1094	2089
PB1|PP755595.1|A/cattle/Texas/24-008749-003/2024(H5N1)	1095	2101
PB1|PP755595.1|A/cattle/Texas/24-008749-003/2024(H5N1)	1096	2296
PB1|PP755595.1|A/cattle/Texas/24-008749-003/2024(H5N1)	1097	2396
PB1|PP755595.1|A/cattle/Texas/24-008749-003/2024(H5N1)	1098	2430
PB1|PP755595.1|A/cattle/Texas/24-008749-003/2024(H5N1)	1099	2451
PB1|PP755595.1|A/cattle/Texas/24-008749-003/2024(H5N1)	1100	2502
PB1|PP755595.1|A/cattle/Texas/24-008749-003/2024(H5N1)	1101	2504
PB1|PP755595.1|A/cattle/Texas/24-008749-003/2024(H5N1)	1102	2486
PB1|PP755595.1|A/cattle/Texas/24-008749-003/2024(H5N1)	1103	2551
PB1|PP755595.1|A/cattle/Texas/24-008749-003/2024(H5N1)	1104	2541
PB1|PP755595.1|A/cattle/Texas/24-008749-003/2024(H5N1)	1105	2543
PB1|PP755595.1|A/cattle/Texas/24-008749-003/2024(H5N1)	1106	2490
PB1|PP755595.1|A/cattle/Texas/24-008749-003/2024(H5N1)	1107	2443
PB1|PP755595.1|A/cattle/Texas/24-008749-003/2024(H5N1)	1108	2477
PB1|PP755595.1|A/cattle/Texas/24-008749-003/2024(H5N1)	1109	2485
PB1|PP755595.1|A/cattle/Texas/24-008749-003/2024(H5N1)	1110	2485
PB1|PP755595.1|A/cattle/Texas/24-008749-003/2024(H5N1)	1111	2485
PB1|PP755595.1|A/cattle/Texas/24-008749-003/2024(H5N1)	1112	2485
PB1|PP755595.1|A/cattle/Texas/24-008749-003/2024(H5N1)	1113	2442
PB1|PP755595.1|A/cattle/Texas/24-008749-003/2024(H5N1)	1114	2408
PB1|PP755595.1|A/cattle/Texas/24-008749-003/2024(H5N1)	1115	2370
PB1|PP755595.1|A/cattle/Texas/24-008749-003/2024(H5N1)	1116	2367
PB1|PP755595.1|A/cattle/Texas/24-008749-003/2024(H5N1)	1117	2326
PB1|PP755595.1|A/cattle/Texas/24-008749-003/2024(H5N1)	1118	2305
PB1|PP755595.1|A/cattle/Texas/24-008749-003/2024(H5N1)	1119	1861
PB1|PP755595.1|A/cattle/Texas/24-008749-003/2024(H5N1)	1120	1861
PB1|PP755595.1|A/cattle/Texas/24-008749-003/2024(H5N1)	1121	1861
PB1|PP755595.1|A/cattle/Texas/24-008749-003/2024(H5N1)	1122	1858
PB1|PP755595.1|A/cattle/Texas/24-008749-003/2024(H5N1)	1123	1858
PB1|PP755595.1|A/cattle/Texas/24-008749-003/2024(H5N1)	1124	1858
PB1|PP755595.1|A/cattle/Texas/24-008749-003/2024(H5N1)	1125	1858
PB1|PP755595.1|A/cattle/Texas/24-008749-003/2024(H5N1)	1126	1858
PB1|PP755595.1|A/cattle/Texas/24-008749-003/2024(H5N1)	1127	1858
PB1|PP755595.1|A/cattle/Texas/24-008749-003/2024(H5N1)	1128	1858
PB1|PP755595.1|A/cattle/Texas/24-008749-003/2024(H5N1)	1129	1858
PB1|PP755595.1|A/cattle/Texas/24-008749-003/2024(H5N1)	1130	1858
PB1|PP755595.1|A/cattle/Texas/24-008749-003/2024(H5N1)	1131	1853
PB1|PP755595.1|A/cattle/Texas/24-008749-003/2024(H5N1)	1132	1858
PB1|PP755595.1|A/cattle/Texas/24-008749-003/2024(H5N1)	1133	1858
PB1|PP755595.1|A/cattle/Texas/24-008749-003/2024(H5N1)	1134	1862
PB1|PP755595.1|A/cattle/Texas/24-008749-003/2024(H5N1)	1135	2719
PB1|PP755595.1|A/cattle/Texas/24-008749-003/2024(H5N1)	1136	2719
PB1|PP755595.1|A/cattle/Texas/24-008749-003/2024(H5N1)	1137	2739
PB1|PP755595.1|A/cattle/Texas/24-008749-003/2024(H5N1)	1138	2756
PB1|PP755595.1|A/cattle/Texas/24-008749-003/2024(H5N1)	1139	2773
PB1|PP755595.1|A/cattle/Texas/24-008749-003/2024(H5N1)	1140	2778
PB1|PP755595.1|A/cattle/Texas/24-008749-003/2024(H5N1)	1141	2778
PB1|PP755595.1|A/cattle/Texas/24-008749-003/2024(H5N1)	1142	2780
PB1|PP755595.1|A/cattle/Texas/24-008749-003/2024(H5N1)	1143	2786
PB1|PP755595.1|A/cattle/Texas/24-008749-003/2024(H5N1)	1144	2787
PB1|PP755595.1|A/cattle/Texas/24-008749-003/2024(H5N1)	1145	2805
PB1|PP755595.1|A/cattle/Texas/24-008749-003/2024(H5N1)	1146	2811
PB1|PP755595.1|A/cattle/Texas/24-008749-003/2024(H5N1)	1147	2817
PB1|PP755595.1|A/cattle/Texas/24-008749-003/2024(H5N1)	1148	2818
PB1|PP755595.1|A/cattle/Texas/24-008749-003/2024(H5N1)	1149	2831
PB1|PP755595.1|A/cattle/Texas/24-008749-003/2024(H5N1)	1150	2835
PB1|PP755595.1|A/cattle/Texas/24-008749-003/2024(H5N1)	1151	2883
PB1|PP755595.1|A/cattle/Texas/24-008749-003/2024(H5N1)	1152	2888
PB1|PP755595.1|A/cattle/Texas/24-008749-003/2024(H5N1)	1153	2893
PB1|PP755595.1|A/cattle/Texas/24-008749-003/2024(H5N1)	1154	2895
PB1|PP755595.1|A/cattle/Texas/24-008749-003/2024(H5N1)	1155	2894
PB1|PP755595.1|A/cattle/Texas/24-008749-003/2024(H5N1)	1156	2882
PB1|PP755595.1|A/cattle/Texas/24-008749-003/2024(H5N1)	1157	2791
PB1|PP755595.1|A/cattle/Texas/24-008749-003/2024(H5N1)	1158	2848
PB1|PP755595.1|A/cattle/Texas/24-008749-003/2024(H5N1)	1159	2856
PB1|PP755595.1|A/cattle/Texas/24-008749-003/2024(H5N1)	1160	2856
PB1|PP755595.1|A/cattle/Texas/24-008749-003/2024(H5N1)	1161	2856
PB1|PP755595.1|A/cattle/Texas/24-008749-003/2024(H5N1)	1162	2890
PB1|PP755595.1|A/cattle/Texas/24-008749-003/2024(H5N1)	1163	2903
PB1|PP755595.1|A/cattle/Texas/24-008749-003/2024(H5N1)	1164	2829
PB1|PP755595.1|A/cattle/Texas/24-008749-003/2024(H5N1)	1165	2828
PB1|PP755595.1|A/cattle/Texas/24-008749-003/2024(H5N1)	1166	2827
PB1|PP755595.1|A/cattle/Texas/24-008749-003/2024(H5N1)	1167	2445
PB1|PP755595.1|A/cattle/Texas/24-008749-003/2024(H5N1)	1168	2445
PB1|PP755595.1|A/cattle/Texas/24-008749-003/2024(H5N1)	1169	2445
PB1|PP755595.1|A/cattle/Texas/24-008749-003/2024(H5N1)	1170	2445
PB1|PP755595.1|A/cattle/Texas/24-008749-003/2024(H5N1)	1171	2457
PB1|PP755595.1|A/cattle/Texas/24-008749-003/2024(H5N1)	1172	2470
PB1|PP755595.1|A/cattle/Texas/24-008749-003/2024(H5N1)	1173	2502
PB1|PP755595.1|A/cattle/Texas/24-008749-003/2024(H5N1)	1174	2600
PB1|PP755595.1|A/cattle/Texas/24-008749-003/2024(H5N1)	1175	2600
PB1|PP755595.1|A/cattle/Texas/24-008749-003/2024(H5N1)	1176	2609
PB1|PP755595.1|A/cattle/Texas/24-008749-003/2024(H5N1)	1177	2610
PB1|PP755595.1|A/cattle/Texas/24-008749-003/2024(H5N1)	1178	2656
PB1|PP755595.1|A/cattle/Texas/24-008749-003/2024(H5N1)	1179	2675
PB1|PP755595.1|A/cattle/Texas/24-008749-003/2024(H5N1)	1180	2776
PB1|PP755595.1|A/cattle/Texas/24-008749-003/2024(H5N1)	1181	2800
PB1|PP755595.1|A/cattle/Texas/24-008749-003/2024(H5N1)	1182	2803
PB1|PP755595.1|A/cattle/Texas/24-008749-003/2024(H5N1)	1183	2944
PB1|PP755595.1|A/cattle/Texas/24-008749-003/2024(H5N1)	1184	2958
PB1|PP755595.1|A/cattle/Texas/24-008749-003/2024(H5N1)	1185	3009
PB1|PP755595.1|A/cattle/Texas/24-008749-003/2024(H5N1)	1186	3051
PB1|PP755595.1|A/cattle/Texas/24-008749-003/2024(H5N1)	1187	3052
PB1|PP755595.1|A/cattle/Texas/24-008749-003/2024(H5N1)	1188	3060
PB1|PP755595.1|A/cattle/Texas/24-008749-003/2024(H5N1)	1189	3070
PB1|PP755595.1|A/cattle/Texas/24-008749-003/2024(H5N1)	1190	3078
PB1|PP755595.1|A/cattle/Texas/24-008749-003/2024(H5N1)	1191	3132
PB1|PP755595.1|A/cattle/Texas/24-008749-003/2024(H5N1)	1192	3132
PB1|PP755595.1|A/cattle/Texas/24-008749-003/2024(H5N1)	1193	3083
PB1|PP755595.1|A/cattle/Texas/24-008749-003/2024(H5N1)	1194	3084
PB1|PP755595.1|A/cattle/Texas/24-008749-003/2024(H5N1)	1195	3078
PB1|PP755595.1|A/cattle/Texas/24-008749-003/2024(H5N1)	1196	3077
PB1|PP755595.1|A/cattle/Texas/24-008749-003/2024(H5N1)	1197	2944
PB1|PP755595.1|A/cattle/Texas/24-008749-003/2024(H5N1)	1198	2944
PB1|PP755595.1|A/cattle/Texas/24-008749-003/2024(H5N1)	1199	2955
PB1|PP755595.1|A/cattle/Texas/24-008749-003/2024(H5N1)	1200	2955
PB1|PP755595.1|A/cattle/Texas/24-008749-003/2024(H5N1)	1201	3217
PB1|PP755595.1|A/cattle/Texas/24-008749-003/2024(H5N1)	1202	3229
PB1|PP755595.1|A/cattle/Texas/24-008749-003/2024(H5N1)	1203	3257
PB1|PP755595.1|A/cattle/Texas/24-008749-003/2024(H5N1)	1204	3261
PB1|PP755595.1|A/cattle/Texas/24-008749-003/2024(H5N1)	1205	3320
PB1|PP755595.1|A/cattle/Texas/24-008749-003/2024(H5N1)	1206	3341
PB1|PP755595.1|A/cattle/Texas/24-008749-003/2024(H5N1)	1207	3362
PB1|PP755595.1|A/cattle/Texas/24-008749-003/2024(H5N1)	1208	3360
PB1|PP755595.1|A/cattle/Texas/24-008749-003/2024(H5N1)	1209	3094
PB1|PP755595.1|A/cattle/Texas/24-008749-003/2024(H5N1)	1210	3093
PB1|PP755595.1|A/cattle/Texas/24-008749-003/2024(H5N1)	1211	3231
PB1|PP755595.1|A/cattle/Texas/24-008749-003/2024(H5N1)	1212	3263
PB1|PP755595.1|A/cattle/Texas/24-008749-003/2024(H5N1)	1213	3282
PB1|PP755595.1|A/cattle/Texas/24-008749-003/2024(H5N1)	1214	3297
PB1|PP755595.1|A/cattle/Texas/24-008749-003/2024(H5N1)	1215	3308
PB1|PP755595.1|A/cattle/Texas/24-008749-003/2024(H5N1)	1216	3328
PB1|PP755595.1|A/cattle/Texas/24-008749-003/2024(H5N1)	1217	3355
PB1|PP755595.1|A/cattle/Texas/24-008749-003/2024(H5N1)	1218	3360
PB1|PP755595.1|A/cattle/Texas/24-008749-003/2024(H5N1)	1219	3374
PB1|PP755595.1|A/cattle/Texas/24-008749-003/2024(H5N1)	1220	3315
PB1|PP755595.1|A/cattle/Texas/24-008749-003/2024(H5N1)	1221	3341
PB1|PP755595.1|A/cattle/Texas/24-008749-003/2024(H5N1)	1222	3377
PB1|PP755595.1|A/cattle/Texas/24-008749-003/2024(H5N1)	1223	3382
PB1|PP755595.1|A/cattle/Texas/24-008749-003/2024(H5N1)	1224	3382
PB1|PP755595.1|A/cattle/Texas/24-008749-003/2024(H5N1)	1225	3367
PB1|PP755595.1|A/cattle/Texas/24-008749-003/2024(H5N1)	1226	3360
PB1|PP755595.1|A/cattle/Texas/24-008749-003/2024(H5N1)	1227	3348
PB1|PP755595.1|A/cattle/Texas/24-008749-003/2024(H5N1)	1228	3376
PB1|PP755595.1|A/cattle/Texas/24-008749-003/2024(H5N1)	1229	3391
PB1|PP755595.1|A/cattle/Texas/24-008749-003/2024(H5N1)	1230	3393
PB1|PP755595.1|A/cattle/Texas/24-008749-003/2024(H5N1)	1231	3402
PB1|PP755595.1|A/cattle/Texas/24-008749-003/2024(H5N1)	1232	3413
PB1|PP755595.1|A/cattle/Texas/24-008749-003/2024(H5N1)	1233	3432
PB1|PP755595.1|A/cattle/Texas/24-008749-003/2024(H5N1)	1234	3448
PB1|PP755595.1|A/cattle/Texas/24-008749-003/2024(H5N1)	1235	3495
PB1|PP755595.1|A/cattle/Texas/24-008749-003/2024(H5N1)	1236	3497
PB1|PP755595.1|A/cattle/Texas/24-008749-003/2024(H5N1)	1237	3478
PB1|PP755595.1|A/cattle/Texas/24-008749-003/2024(H5N1)	1238	3459
PB1|PP755595.1|A/cattle/Texas/24-008749-003/2024(H5N1)	1239	3455
PB1|PP755595.1|A/cattle/Texas/24-008749-003/2024(H5N1)	1240	3459
PB1|PP755595.1|A/cattle/Texas/24-008749-003/2024(H5N1)	1241	3454
PB1|PP755595.1|A/cattle/Texas/24-008749-003/2024(H5N1)	1242	3469
PB1|PP755595.1|A/cattle/Texas/24-008749-003/2024(H5N1)	1243	3530
PB1|PP755595.1|A/cattle/Texas/24-008749-003/2024(H5N1)	1244	3474
PB1|PP755595.1|A/cattle/Texas/24-008749-003/2024(H5N1)	1245	3519
PB1|PP755595.1|A/cattle/Texas/24-008749-003/2024(H5N1)	1246	3556
PB1|PP755595.1|A/cattle/Texas/24-008749-003/2024(H5N1)	1247	3732
PB1|PP755595.1|A/cattle/Texas/24-008749-003/2024(H5N1)	1248	3635
PB1|PP755595.1|A/cattle/Texas/24-008749-003/2024(H5N1)	1249	3596
PB1|PP755595.1|A/cattle/Texas/24-008749-003/2024(H5N1)	1250	3575
PB1|PP755595.1|A/cattle/Texas/24-008749-003/2024(H5N1)	1251	3512
PB1|PP755595.1|A/cattle/Texas/24-008749-003/2024(H5N1)	1252	3507
PB1|PP755595.1|A/cattle/Texas/24-008749-003/2024(H5N1)	1253	3502
PB1|PP755595.1|A/cattle/Texas/24-008749-003/2024(H5N1)	1254	2738
PB1|PP755595.1|A/cattle/Texas/24-008749-003/2024(H5N1)	1255	2736
PB1|PP755595.1|A/cattle/Texas/24-008749-003/2024(H5N1)	1256	2857
PB1|PP755595.1|A/cattle/Texas/24-008749-003/2024(H5N1)	1257	2858
PB1|PP755595.1|A/cattle/Texas/24-008749-003/2024(H5N1)	1258	3462
PB1|PP755595.1|A/cattle/Texas/24-008749-003/2024(H5N1)	1259	3483
PB1|PP755595.1|A/cattle/Texas/24-008749-003/2024(H5N1)	1260	3483
PB1|PP755595.1|A/cattle/Texas/24-008749-003/2024(H5N1)	1261	3485
PB1|PP755595.1|A/cattle/Texas/24-008749-003/2024(H5N1)	1262	3505
PB1|PP755595.1|A/cattle/Texas/24-008749-003/2024(H5N1)	1263	3505
PB1|PP755595.1|A/cattle/Texas/24-008749-003/2024(H5N1)	1264	3577
PB1|PP755595.1|A/cattle/Texas/24-008749-003/2024(H5N1)	1265	3564
PB1|PP755595.1|A/cattle/Texas/24-008749-003/2024(H5N1)	1266	3564
PB1|PP755595.1|A/cattle/Texas/24-008749-003/2024(H5N1)	1267	3582
PB1|PP755595.1|A/cattle/Texas/24-008749-003/2024(H5N1)	1268	3592
PB1|PP755595.1|A/cattle/Texas/24-008749-003/2024(H5N1)	1269	3609
PB1|PP755595.1|A/cattle/Texas/24-008749-003/2024(H5N1)	1270	3629
PB1|PP755595.1|A/cattle/Texas/24-008749-003/2024(H5N1)	1271	3630
PB1|PP755595.1|A/cattle/Texas/24-008749-003/2024(H5N1)	1272	3634
PB1|PP755595.1|A/cattle/Texas/24-008749-003/2024(H5N1)	1273	3634
PB1|PP755595.1|A/cattle/Texas/24-008749-003/2024(H5N1)	1274	3668
PB1|PP755595.1|A/cattle/Texas/24-008749-003/2024(H5N1)	1275	3674
PB1|PP755595.1|A/cattle/Texas/24-008749-003/2024(H5N1)	1276	3623
PB1|PP755595.1|A/cattle/Texas/24-008749-003/2024(H5N1)	1277	3608
PB1|PP755595.1|A/cattle/Texas/24-008749-003/2024(H5N1)	1278	3587
PB1|PP755595.1|A/cattle/Texas/24-008749-003/2024(H5N1)	1279	3594
PB1|PP755595.1|A/cattle/Texas/24-008749-003/2024(H5N1)	1280	3677
PB1|PP755595.1|A/cattle/Texas/24-008749-003/2024(H5N1)	1281	3650
PB1|PP755595.1|A/cattle/Texas/24-008749-003/2024(H5N1)	1282	3643
PB1|PP755595.1|A/cattle/Texas/24-008749-003/2024(H5N1)	1283	3648
PB1|PP755595.1|A/cattle/Texas/24-008749-003/2024(H5N1)	1284	3665
PB1|PP755595.1|A/cattle/Texas/24-008749-003/2024(H5N1)	1285	3674
PB1|PP755595.1|A/cattle/Texas/24-008749-003/2024(H5N1)	1286	3646
PB1|PP755595.1|A/cattle/Texas/24-008749-003/2024(H5N1)	1287	3682
PB1|PP755595.1|A/cattle/Texas/24-008749-003/2024(H5N1)	1288	3671
PB1|PP755595.1|A/cattle/Texas/24-008749-003/2024(H5N1)	1289	3654
PB1|PP755595.1|A/cattle/Texas/24-008749-003/2024(H5N1)	1290	3650
PB1|PP755595.1|A/cattle/Texas/24-008749-003/2024(H5N1)	1291	3657
PB1|PP755595.1|A/cattle/Texas/24-008749-003/2024(H5N1)	1292	3657
PB1|PP755595.1|A/cattle/Texas/24-008749-003/2024(H5N1)	1293	3704
PB1|PP755595.1|A/cattle/Texas/24-008749-003/2024(H5N1)	1294	3710
PB1|PP755595.1|A/cattle/Texas/24-008749-003/2024(H5N1)	1295	3725
PB1|PP755595.1|A/cattle/Texas/24-008749-003/2024(H5N1)	1296	3702
PB1|PP755595.1|A/cattle/Texas/24-008749-003/2024(H5N1)	1297	3696
PB1|PP755595.1|A/cattle/Texas/24-008749-003/2024(H5N1)	1298	3695
PB1|PP755595.1|A/cattle/Texas/24-008749-003/2024(H5N1)	1299	3695
PB1|PP755595.1|A/cattle/Texas/24-008749-003/2024(H5N1)	1300	3813
PB1|PP755595.1|A/cattle/Texas/24-008749-003/2024(H5N1)	1301	3911
PB1|PP755595.1|A/cattle/Texas/24-008749-003/2024(H5N1)	1302	3867
PB1|PP755595.1|A/cattle/Texas/24-008749-003/2024(H5N1)	1303	3882
PB1|PP755595.1|A/cattle/Texas/24-008749-003/2024(H5N1)	1304	3879
PB1|PP755595.1|A/cattle/Texas/24-008749-003/2024(H5N1)	1305	3905
PB1|PP755595.1|A/cattle/Texas/24-008749-003/2024(H5N1)	1306	3936
PB1|PP755595.1|A/cattle/Texas/24-008749-003/2024(H5N1)	1307	3929
PB1|PP755595.1|A/cattle/Texas/24-008749-003/2024(H5N1)	1308	3975
PB1|PP755595.1|A/cattle/Texas/24-008749-003/2024(H5N1)	1309	3863
PB1|PP755595.1|A/cattle/Texas/24-008749-003/2024(H5N1)	1310	3891
PB1|PP755595.1|A/cattle/Texas/24-008749-003/2024(H5N1)	1311	3900
PB1|PP755595.1|A/cattle/Texas/24-008749-003/2024(H5N1)	1312	3869
PB1|PP755595.1|A/cattle/Texas/24-008749-003/2024(H5N1)	1313	3887
PB1|PP755595.1|A/cattle/Texas/24-008749-003/2024(H5N1)	1314	3870
PB1|PP755595.1|A/cattle/Texas/24-008749-003/2024(H5N1)	1315	3878
PB1|PP755595.1|A/cattle/Texas/24-008749-003/2024(H5N1)	1316	3911
PB1|PP755595.1|A/cattle/Texas/24-008749-003/2024(H5N1)	1317	3850
PB1|PP755595.1|A/cattle/Texas/24-008749-003/2024(H5N1)	1318	3860
PB1|PP755595.1|A/cattle/Texas/24-008749-003/2024(H5N1)	1319	3836
PB1|PP755595.1|A/cattle/Texas/24-008749-003/2024(H5N1)	1320	3843
PB1|PP755595.1|A/cattle/Texas/24-008749-003/2024(H5N1)	1321	3951
PB1|PP755595.1|A/cattle/Texas/24-008749-003/2024(H5N1)	1322	3936
PB1|PP755595.1|A/cattle/Texas/24-008749-003/2024(H5N1)	1323	3917
PB1|PP755595.1|A/cattle/Texas/24-008749-003/2024(H5N1)	1324	3911
PB1|PP755595.1|A/cattle/Texas/24-008749-003/2024(H5N1)	1325	3911
PB1|PP755595.1|A/cattle/Texas/24-008749-003/2024(H5N1)	1326	3914
PB1|PP755595.1|A/cattle/Texas/24-008749-003/2024(H5N1)	1327	3904
PB1|PP755595.1|A/cattle/Texas/24-008749-003/2024(H5N1)	1328	3857
PB1|PP755595.1|A/cattle/Texas/24-008749-003/2024(H5N1)	1329	3833
PB1|PP755595.1|A/cattle/Texas/24-008749-003/2024(H5N1)	1330	3733
PB1|PP755595.1|A/cattle/Texas/24-008749-003/2024(H5N1)	1331	3609
PB1|PP755595.1|A/cattle/Texas/24-008749-003/2024(H5N1)	1332	3589
PB1|PP755595.1|A/cattle/Texas/24-008749-003/2024(H5N1)	1333	3589
PB1|PP755595.1|A/cattle/Texas/24-008749-003/2024(H5N1)	1334	3589
PB1|PP755595.1|A/cattle/Texas/24-008749-003/2024(H5N1)	1335	3577
PB1|PP755595.1|A/cattle/Texas/24-008749-003/2024(H5N1)	1336	3529
PB1|PP755595.1|A/cattle/Texas/24-008749-003/2024(H5N1)	1337	3480
PB1|PP755595.1|A/cattle/Texas/24-008749-003/2024(H5N1)	1338	2803
PB1|PP755595.1|A/cattle/Texas/24-008749-003/2024(H5N1)	1339	2799
PB1|PP755595.1|A/cattle/Texas/24-008749-003/2024(H5N1)	1340	2790
PB1|PP755595.1|A/cattle/Texas/24-008749-003/2024(H5N1)	1341	2747
PB1|PP755595.1|A/cattle/Texas/24-008749-003/2024(H5N1)	1342	2747
PB1|PP755595.1|A/cattle/Texas/24-008749-003/2024(H5N1)	1343	2747
PB1|PP755595.1|A/cattle/Texas/24-008749-003/2024(H5N1)	1344	2747
PB1|PP755595.1|A/cattle/Texas/24-008749-003/2024(H5N1)	1345	2769
PB1|PP755595.1|A/cattle/Texas/24-008749-003/2024(H5N1)	1346	2770
PB1|PP755595.1|A/cattle/Texas/24-008749-003/2024(H5N1)	1347	2843
PB1|PP755595.1|A/cattle/Texas/24-008749-003/2024(H5N1)	1348	2843
PB1|PP755595.1|A/cattle/Texas/24-008749-003/2024(H5N1)	1349	2843
PB1|PP755595.1|A/cattle/Texas/24-008749-003/2024(H5N1)	1350	2836
PB1|PP755595.1|A/cattle/Texas/24-008749-003/2024(H5N1)	1351	2871
PB1|PP755595.1|A/cattle/Texas/24-008749-003/2024(H5N1)	1352	2955
PB1|PP755595.1|A/cattle/Texas/24-008749-003/2024(H5N1)	1353	2955
PB1|PP755595.1|A/cattle/Texas/24-008749-003/2024(H5N1)	1354	2959
PB1|PP755595.1|A/cattle/Texas/24-008749-003/2024(H5N1)	1355	2963
PB1|PP755595.1|A/cattle/Texas/24-008749-003/2024(H5N1)	1356	2964
PB1|PP755595.1|A/cattle/Texas/24-008749-003/2024(H5N1)	1357	2982
PB1|PP755595.1|A/cattle/Texas/24-008749-003/2024(H5N1)	1358	2983
PB1|PP755595.1|A/cattle/Texas/24-008749-003/2024(H5N1)	1359	2974
PB1|PP755595.1|A/cattle/Texas/24-008749-003/2024(H5N1)	1360	2978
PB1|PP755595.1|A/cattle/Texas/24-008749-003/2024(H5N1)	1361	2978
PB1|PP755595.1|A/cattle/Texas/24-008749-003/2024(H5N1)	1362	2982
PB1|PP755595.1|A/cattle/Texas/24-008749-003/2024(H5N1)	1363	3266
PB1|PP755595.1|A/cattle/Texas/24-008749-003/2024(H5N1)	1364	3275
PB1|PP755595.1|A/cattle/Texas/24-008749-003/2024(H5N1)	1365	3302
PB1|PP755595.1|A/cattle/Texas/24-008749-003/2024(H5N1)	1366	3307
PB1|PP755595.1|A/cattle/Texas/24-008749-003/2024(H5N1)	1367	3307
PB1|PP755595.1|A/cattle/Texas/24-008749-003/2024(H5N1)	1368	3320
PB1|PP755595.1|A/cattle/Texas/24-008749-003/2024(H5N1)	1369	3324
PB1|PP755595.1|A/cattle/Texas/24-008749-003/2024(H5N1)	1370	3338
PB1|PP755595.1|A/cattle/Texas/24-008749-003/2024(H5N1)	1371	3359
PB1|PP755595.1|A/cattle/Texas/24-008749-003/2024(H5N1)	1372	3499
PB1|PP755595.1|A/cattle/Texas/24-008749-003/2024(H5N1)	1373	3527
PB1|PP755595.1|A/cattle/Texas/24-008749-003/2024(H5N1)	1374	3537
PB1|PP755595.1|A/cattle/Texas/24-008749-003/2024(H5N1)	1375	3751
PB1|PP755595.1|A/cattle/Texas/24-008749-003/2024(H5N1)	1376	3752
PB1|PP755595.1|A/cattle/Texas/24-008749-003/2024(H5N1)	1377	3757
PB1|PP755595.1|A/cattle/Texas/24-008749-003/2024(H5N1)	1378	3729
PB1|PP755595.1|A/cattle/Texas/24-008749-003/2024(H5N1)	1379	3898
PB1|PP755595.1|A/cattle/Texas/24-008749-003/2024(H5N1)	1380	3901
PB1|PP755595.1|A/cattle/Texas/24-008749-003/2024(H5N1)	1381	3901
PB1|PP755595.1|A/cattle/Texas/24-008749-003/2024(H5N1)	1382	3936
PB1|PP755595.1|A/cattle/Texas/24-008749-003/2024(H5N1)	1383	3913
PB1|PP755595.1|A/cattle/Texas/24-008749-003/2024(H5N1)	1384	4008
PB1|PP755595.1|A/cattle/Texas/24-008749-003/2024(H5N1)	1385	4023
PB1|PP755595.1|A/cattle/Texas/24-008749-003/2024(H5N1)	1386	3973
PB1|PP755595.1|A/cattle/Texas/24-008749-003/2024(H5N1)	1387	3963
PB1|PP755595.1|A/cattle/Texas/24-008749-003/2024(H5N1)	1388	3927
PB1|PP755595.1|A/cattle/Texas/24-008749-003/2024(H5N1)	1389	3455
PB1|PP755595.1|A/cattle/Texas/24-008749-003/2024(H5N1)	1390	3476
PB1|PP755595.1|A/cattle/Texas/24-008749-003/2024(H5N1)	1391	3444
PB1|PP755595.1|A/cattle/Texas/24-008749-003/2024(H5N1)	1392	3442
PB1|PP755595.1|A/cattle/Texas/24-008749-003/2024(H5N1)	1393	3468
PB1|PP755595.1|A/cattle/Texas/24-008749-003/2024(H5N1)	1394	3523
PB1|PP755595.1|A/cattle/Texas/24-008749-003/2024(H5N1)	1395	3953
PB1|PP755595.1|A/cattle/Texas/24-008749-003/2024(H5N1)	1396	4304
PB1|PP755595.1|A/cattle/Texas/24-008749-003/2024(H5N1)	1397	4309
PB1|PP755595.1|A/cattle/Texas/24-008749-003/2024(H5N1)	1398	4539
PB1|PP755595.1|A/cattle/Texas/24-008749-003/2024(H5N1)	1399	4545
PB1|PP755595.1|A/cattle/Texas/24-008749-003/2024(H5N1)	1400	4547
PB1|PP755595.1|A/cattle/Texas/24-008749-003/2024(H5N1)	1401	4546
PB1|PP755595.1|A/cattle/Texas/24-008749-003/2024(H5N1)	1402	4522
PB1|PP755595.1|A/cattle/Texas/24-008749-003/2024(H5N1)	1403	4232
PB1|PP755595.1|A/cattle/Texas/24-008749-003/2024(H5N1)	1404	4038
PB1|PP755595.1|A/cattle/Texas/24-008749-003/2024(H5N1)	1405	4043
PB1|PP755595.1|A/cattle/Texas/24-008749-003/2024(H5N1)	1406	4210
PB1|PP755595.1|A/cattle/Texas/24-008749-003/2024(H5N1)	1407	4064
PB1|PP755595.1|A/cattle/Texas/24-008749-003/2024(H5N1)	1408	4048
PB1|PP755595.1|A/cattle/Texas/24-008749-003/2024(H5N1)	1409	4064
PB1|PP755595.1|A/cattle/Texas/24-008749-003/2024(H5N1)	1410	4100
PB1|PP755595.1|A/cattle/Texas/24-008749-003/2024(H5N1)	1411	4102
PB1|PP755595.1|A/cattle/Texas/24-008749-003/2024(H5N1)	1412	4118
PB1|PP755595.1|A/cattle/Texas/24-008749-003/2024(H5N1)	1413	4104
PB1|PP755595.1|A/cattle/Texas/24-008749-003/2024(H5N1)	1414	4124
PB1|PP755595.1|A/cattle/Texas/24-008749-003/2024(H5N1)	1415	4051
PB1|PP755595.1|A/cattle/Texas/24-008749-003/2024(H5N1)	1416	4082
PB1|PP755595.1|A/cattle/Texas/24-008749-003/2024(H5N1)	1417	4084
PB1|PP755595.1|A/cattle/Texas/24-008749-003/2024(H5N1)	1418	4063
PB1|PP755595.1|A/cattle/Texas/24-008749-003/2024(H5N1)	1419	4036
PB1|PP755595.1|A/cattle/Texas/24-008749-003/2024(H5N1)	1420	4037
PB1|PP755595.1|A/cattle/Texas/24-008749-003/2024(H5N1)	1421	4273
PB1|PP755595.1|A/cattle/Texas/24-008749-003/2024(H5N1)	1422	4278
PB1|PP755595.1|A/cattle/Texas/24-008749-003/2024(H5N1)	1423	4472
PB1|PP755595.1|A/cattle/Texas/24-008749-003/2024(H5N1)	1424	4507
PB1|PP755595.1|A/cattle/Texas/24-008749-003/2024(H5N1)	1425	4503
PB1|PP755595.1|A/cattle/Texas/24-008749-003/2024(H5N1)	1426	4502
PB1|PP755595.1|A/cattle/Texas/24-008749-003/2024(H5N1)	1427	4533
PB1|PP755595.1|A/cattle/Texas/24-008749-003/2024(H5N1)	1428	4535
PB1|PP755595.1|A/cattle/Texas/24-008749-003/2024(H5N1)	1429	4577
PB1|PP755595.1|A/cattle/Texas/24-008749-003/2024(H5N1)	1430	4476
PB1|PP755595.1|A/cattle/Texas/24-008749-003/2024(H5N1)	1431	4472
PB1|PP755595.1|A/cattle/Texas/24-008749-003/2024(H5N1)	1432	4459
PB1|PP755595.1|A/cattle/Texas/24-008749-003/2024(H5N1)	1433	4471
PB1|PP755595.1|A/cattle/Texas/24-008749-003/2024(H5N1)	1434	4454
PB1|PP755595.1|A/cattle/Texas/24-008749-003/2024(H5N1)	1435	4537
PB1|PP755595.1|A/cattle/Texas/24-008749-003/2024(H5N1)	1436	4536
PB1|PP755595.1|A/cattle/Texas/24-008749-003/2024(H5N1)	1437	4558
PB1|PP755595.1|A/cattle/Texas/24-008749-003/2024(H5N1)	1438	4545
PB1|PP755595.1|A/cattle/Texas/24-008749-003/2024(H5N1)	1439	4539
PB1|PP755595.1|A/cattle/Texas/24-008749-003/2024(H5N1)	1440	4549
PB1|PP755595.1|A/cattle/Texas/24-008749-003/2024(H5N1)	1441	4566
PB1|PP755595.1|A/cattle/Texas/24-008749-003/2024(H5N1)	1442	4559
PB1|PP755595.1|A/cattle/Texas/24-008749-003/2024(H5N1)	1443	4704
PB1|PP755595.1|A/cattle/Texas/24-008749-003/2024(H5N1)	1444	4767
PB1|PP755595.1|A/cattle/Texas/24-008749-003/2024(H5N1)	1445	4755
PB1|PP755595.1|A/cattle/Texas/24-008749-003/2024(H5N1)	1446	4785
PB1|PP755595.1|A/cattle/Texas/24-008749-003/2024(H5N1)	1447	4810
PB1|PP755595.1|A/cattle/Texas/24-008749-003/2024(H5N1)	1448	4902
PB1|PP755595.1|A/cattle/Texas/24-008749-003/2024(H5N1)	1449	4900
PB1|PP755595.1|A/cattle/Texas/24-008749-003/2024(H5N1)	1450	4900
PB1|PP755595.1|A/cattle/Texas/24-008749-003/2024(H5N1)	1451	4837
PB1|PP755595.1|A/cattle/Texas/24-008749-003/2024(H5N1)	1452	4746
PB1|PP755595.1|A/cattle/Texas/24-008749-003/2024(H5N1)	1453	4748
PB1|PP755595.1|A/cattle/Texas/24-008749-003/2024(H5N1)	1454	4750
PB1|PP755595.1|A/cattle/Texas/24-008749-003/2024(H5N1)	1455	4748
PB1|PP755595.1|A/cattle/Texas/24-008749-003/2024(H5N1)	1456	4725
PB1|PP755595.1|A/cattle/Texas/24-008749-003/2024(H5N1)	1457	4703
PB1|PP755595.1|A/cattle/Texas/24-008749-003/2024(H5N1)	1458	4740
PB1|PP755595.1|A/cattle/Texas/24-008749-003/2024(H5N1)	1459	4737
PB1|PP755595.1|A/cattle/Texas/24-008749-003/2024(H5N1)	1460	4724
PB1|PP755595.1|A/cattle/Texas/24-008749-003/2024(H5N1)	1461	4716
PB1|PP755595.1|A/cattle/Texas/24-008749-003/2024(H5N1)	1462	4721
PB1|PP755595.1|A/cattle/Texas/24-008749-003/2024(H5N1)	1463	4744
PB1|PP755595.1|A/cattle/Texas/24-008749-003/2024(H5N1)	1464	4744
PB1|PP755595.1|A/cattle/Texas/24-008749-003/2024(H5N1)	1465	4845
PB1|PP755595.1|A/cattle/Texas/24-008749-003/2024(H5N1)	1466	4864
PB1|PP755595.1|A/cattle/Texas/24-008749-003/2024(H5N1)	1467	4824
PB1|PP755595.1|A/cattle/Texas/24-008749-003/2024(H5N1)	1468	4833
PB1|PP755595.1|A/cattle/Texas/24-008749-003/2024(H5N1)	1469	4820
PB1|PP755595.1|A/cattle/Texas/24-008749-003/2024(H5N1)	1470	4810
PB1|PP755595.1|A/cattle/Texas/24-008749-003/2024(H5N1)	1471	4800
PB1|PP755595.1|A/cattle/Texas/24-008749-003/2024(H5N1)	1472	4750
PB1|PP755595.1|A/cattle/Texas/24-008749-003/2024(H5N1)	1473	4762
PB1|PP755595.1|A/cattle/Texas/24-008749-003/2024(H5N1)	1474	4845
PB1|PP755595.1|A/cattle/Texas/24-008749-003/2024(H5N1)	1475	4848
PB1|PP755595.1|A/cattle/Texas/24-008749-003/2024(H5N1)	1476	4857
PB1|PP755595.1|A/cattle/Texas/24-008749-003/2024(H5N1)	1477	4863
PB1|PP755595.1|A/cattle/Texas/24-008749-003/2024(H5N1)	1478	4879
PB1|PP755595.1|A/cattle/Texas/24-008749-003/2024(H5N1)	1479	4879
PB1|PP755595.1|A/cattle/Texas/24-008749-003/2024(H5N1)	1480	4921
PB1|PP755595.1|A/cattle/Texas/24-008749-003/2024(H5N1)	1481	4924
PB1|PP755595.1|A/cattle/Texas/24-008749-003/2024(H5N1)	1482	4944
PB1|PP755595.1|A/cattle/Texas/24-008749-003/2024(H5N1)	1483	4957
PB1|PP755595.1|A/cattle/Texas/24-008749-003/2024(H5N1)	1484	4962
PB1|PP755595.1|A/cattle/Texas/24-008749-003/2024(H5N1)	1485	4962
PB1|PP755595.1|A/cattle/Texas/24-008749-003/2024(H5N1)	1486	4999
PB1|PP755595.1|A/cattle/Texas/24-008749-003/2024(H5N1)	1487	4991
PB1|PP755595.1|A/cattle/Texas/24-008749-003/2024(H5N1)	1488	5048
PB1|PP755595.1|A/cattle/Texas/24-008749-003/2024(H5N1)	1489	5037
PB1|PP755595.1|A/cattle/Texas/24-008749-003/2024(H5N1)	1490	5034
PB1|PP755595.1|A/cattle/Texas/24-008749-003/2024(H5N1)	1491	5068
PB1|PP755595.1|A/cattle/Texas/24-008749-003/2024(H5N1)	1492	5084
PB1|PP755595.1|A/cattle/Texas/24-008749-003/2024(H5N1)	1493	5118
PB1|PP755595.1|A/cattle/Texas/24-008749-003/2024(H5N1)	1494	5157
PB1|PP755595.1|A/cattle/Texas/24-008749-003/2024(H5N1)	1495	5149
PB1|PP755595.1|A/cattle/Texas/24-008749-003/2024(H5N1)	1496	5172
PB1|PP755595.1|A/cattle/Texas/24-008749-003/2024(H5N1)	1497	5178
PB1|PP755595.1|A/cattle/Texas/24-008749-003/2024(H5N1)	1498	5126
PB1|PP755595.1|A/cattle/Texas/24-008749-003/2024(H5N1)	1499	5242
PB1|PP755595.1|A/cattle/Texas/24-008749-003/2024(H5N1)	1500	5239
PB1|PP755595.1|A/cattle/Texas/24-008749-003/2024(H5N1)	1501	5234
PB1|PP755595.1|A/cattle/Texas/24-008749-003/2024(H5N1)	1502	5167
PB1|PP755595.1|A/cattle/Texas/24-008749-003/2024(H5N1)	1503	5118
PB1|PP755595.1|A/cattle/Texas/24-008749-003/2024(H5N1)	1504	5112
PB1|PP755595.1|A/cattle/Texas/24-008749-003/2024(H5N1)	1505	5106
PB1|PP755595.1|A/cattle/Texas/24-008749-003/2024(H5N1)	1506	4543
PB1|PP755595.1|A/cattle/Texas/24-008749-003/2024(H5N1)	1507	4570
PB1|PP755595.1|A/cattle/Texas/24-008749-003/2024(H5N1)	1508	4531
PB1|PP755595.1|A/cattle/Texas/24-008749-003/2024(H5N1)	1509	4523
PB1|PP755595.1|A/cattle/Texas/24-008749-003/2024(H5N1)	1510	4533
PB1|PP755595.1|A/cattle/Texas/24-008749-003/2024(H5N1)	1511	4542
PB1|PP755595.1|A/cattle/Texas/24-008749-003/2024(H5N1)	1512	4802
PB1|PP755595.1|A/cattle/Texas/24-008749-003/2024(H5N1)	1513	4876
PB1|PP755595.1|A/cattle/Texas/24-008749-003/2024(H5N1)	1514	4917
PB1|PP755595.1|A/cattle/Texas/24-008749-003/2024(H5N1)	1515	4925
PB1|PP755595.1|A/cattle/Texas/24-008749-003/2024(H5N1)	1516	4927
PB1|PP755595.1|A/cattle/Texas/24-008749-003/2024(H5N1)	1517	5187
PB1|PP755595.1|A/cattle/Texas/24-008749-003/2024(H5N1)	1518	5315
PB1|PP755595.1|A/cattle/Texas/24-008749-003/2024(H5N1)	1519	5335
PB1|PP755595.1|A/cattle/Texas/24-008749-003/2024(H5N1)	1520	5348
PB1|PP755595.1|A/cattle/Texas/24-008749-003/2024(H5N1)	1521	5349
PB1|PP755595.1|A/cattle/Texas/24-008749-003/2024(H5N1)	1522	5433
PB1|PP755595.1|A/cattle/Texas/24-008749-003/2024(H5N1)	1523	5385
PB1|PP755595.1|A/cattle/Texas/24-008749-003/2024(H5N1)	1524	5290
PB1|PP755595.1|A/cattle/Texas/24-008749-003/2024(H5N1)	1525	5403
PB1|PP755595.1|A/cattle/Texas/24-008749-003/2024(H5N1)	1526	5417
PB1|PP755595.1|A/cattle/Texas/24-008749-003/2024(H5N1)	1527	5490
PB1|PP755595.1|A/cattle/Texas/24-008749-003/2024(H5N1)	1528	5521
PB1|PP755595.1|A/cattle/Texas/24-008749-003/2024(H5N1)	1529	5513
PB1|PP755595.1|A/cattle/Texas/24-008749-003/2024(H5N1)	1530	5502
PB1|PP755595.1|A/cattle/Texas/24-008749-003/2024(H5N1)	1531	5431
PB1|PP755595.1|A/cattle/Texas/24-008749-003/2024(H5N1)	1532	5643
PB1|PP755595.1|A/cattle/Texas/24-008749-003/2024(H5N1)	1533	5578
PB1|PP755595.1|A/cattle/Texas/24-008749-003/2024(H5N1)	1534	5566
PB1|PP755595.1|A/cattle/Texas/24-008749-003/2024(H5N1)	1535	5575
PB1|PP755595.1|A/cattle/Texas/24-008749-003/2024(H5N1)	1536	5511
PB1|PP755595.1|A/cattle/Texas/24-008749-003/2024(H5N1)	1537	5512
PB1|PP755595.1|A/cattle/Texas/24-008749-003/2024(H5N1)	1538	5445
PB1|PP755595.1|A/cattle/Texas/24-008749-003/2024(H5N1)	1539	5635
PB1|PP755595.1|A/cattle/Texas/24-008749-003/2024(H5N1)	1540	5559
PB1|PP755595.1|A/cattle/Texas/24-008749-003/2024(H5N1)	1541	5523
PB1|PP755595.1|A/cattle/Texas/24-008749-003/2024(H5N1)	1542	5538
PB1|PP755595.1|A/cattle/Texas/24-008749-003/2024(H5N1)	1543	5568
PB1|PP755595.1|A/cattle/Texas/24-008749-003/2024(H5N1)	1544	5117
PB1|PP755595.1|A/cattle/Texas/24-008749-003/2024(H5N1)	1545	5108
PB1|PP755595.1|A/cattle/Texas/24-008749-003/2024(H5N1)	1546	5115
PB1|PP755595.1|A/cattle/Texas/24-008749-003/2024(H5N1)	1547	5159
PB1|PP755595.1|A/cattle/Texas/24-008749-003/2024(H5N1)	1548	5168
PB1|PP755595.1|A/cattle/Texas/24-008749-003/2024(H5N1)	1549	5006
PB1|PP755595.1|A/cattle/Texas/24-008749-003/2024(H5N1)	1550	5001
PB1|PP755595.1|A/cattle/Texas/24-008749-003/2024(H5N1)	1551	5048
PB1|PP755595.1|A/cattle/Texas/24-008749-003/2024(H5N1)	1552	5029
PB1|PP755595.1|A/cattle/Texas/24-008749-003/2024(H5N1)	1553	5038
PB1|PP755595.1|A/cattle/Texas/24-008749-003/2024(H5N1)	1554	5038
PB1|PP755595.1|A/cattle/Texas/24-008749-003/2024(H5N1)	1555	5028
PB1|PP755595.1|A/cattle/Texas/24-008749-003/2024(H5N1)	1556	5054
PB1|PP755595.1|A/cattle/Texas/24-008749-003/2024(H5N1)	1557	4914
PB1|PP755595.1|A/cattle/Texas/24-008749-003/2024(H5N1)	1558	4902
PB1|PP755595.1|A/cattle/Texas/24-008749-003/2024(H5N1)	1559	4891
PB1|PP755595.1|A/cattle/Texas/24-008749-003/2024(H5N1)	1560	4830
PB1|PP755595.1|A/cattle/Texas/24-008749-003/2024(H5N1)	1561	4898
PB1|PP755595.1|A/cattle/Texas/24-008749-003/2024(H5N1)	1562	4895
PB1|PP755595.1|A/cattle/Texas/24-008749-003/2024(H5N1)	1563	4891
PB1|PP755595.1|A/cattle/Texas/24-008749-003/2024(H5N1)	1564	5023
PB1|PP755595.1|A/cattle/Texas/24-008749-003/2024(H5N1)	1565	5039
PB1|PP755595.1|A/cattle/Texas/24-008749-003/2024(H5N1)	1566	5040
PB1|PP755595.1|A/cattle/Texas/24-008749-003/2024(H5N1)	1567	5060
PB1|PP755595.1|A/cattle/Texas/24-008749-003/2024(H5N1)	1568	5042
PB1|PP755595.1|A/cattle/Texas/24-008749-003/2024(H5N1)	1569	5081
PB1|PP755595.1|A/cattle/Texas/24-008749-003/2024(H5N1)	1570	5026
PB1|PP755595.1|A/cattle/Texas/24-008749-003/2024(H5N1)	1571	5098
PB1|PP755595.1|A/cattle/Texas/24-008749-003/2024(H5N1)	1572	4900
PB1|PP755595.1|A/cattle/Texas/24-008749-003/2024(H5N1)	1573	4835
PB1|PP755595.1|A/cattle/Texas/24-008749-003/2024(H5N1)	1574	4822
PB1|PP755595.1|A/cattle/Texas/24-008749-003/2024(H5N1)	1575	4786
PB1|PP755595.1|A/cattle/Texas/24-008749-003/2024(H5N1)	1576	4786
PB1|PP755595.1|A/cattle/Texas/24-008749-003/2024(H5N1)	1577	4783
PB1|PP755595.1|A/cattle/Texas/24-008749-003/2024(H5N1)	1578	4725
PB1|PP755595.1|A/cattle/Texas/24-008749-003/2024(H5N1)	1579	4725
PB1|PP755595.1|A/cattle/Texas/24-008749-003/2024(H5N1)	1580	4683
PB1|PP755595.1|A/cattle/Texas/24-008749-003/2024(H5N1)	1581	4686
PB1|PP755595.1|A/cattle/Texas/24-008749-003/2024(H5N1)	1582	4830
PB1|PP755595.1|A/cattle/Texas/24-008749-003/2024(H5N1)	1583	4876
PB1|PP755595.1|A/cattle/Texas/24-008749-003/2024(H5N1)	1584	4875
PB1|PP755595.1|A/cattle/Texas/24-008749-003/2024(H5N1)	1585	5013
PB1|PP755595.1|A/cattle/Texas/24-008749-003/2024(H5N1)	1586	4973
PB1|PP755595.1|A/cattle/Texas/24-008749-003/2024(H5N1)	1587	4977
PB1|PP755595.1|A/cattle/Texas/24-008749-003/2024(H5N1)	1588	4976
PB1|PP755595.1|A/cattle/Texas/24-008749-003/2024(H5N1)	1589	4966
PB1|PP755595.1|A/cattle/Texas/24-008749-003/2024(H5N1)	1590	4966
PB1|PP755595.1|A/cattle/Texas/24-008749-003/2024(H5N1)	1591	4978
PB1|PP755595.1|A/cattle/Texas/24-008749-003/2024(H5N1)	1592	4953
PB1|PP755595.1|A/cattle/Texas/24-008749-003/2024(H5N1)	1593	4966
PB1|PP755595.1|A/cattle/Texas/24-008749-003/2024(H5N1)	1594	4841
PB1|PP755595.1|A/cattle/Texas/24-008749-003/2024(H5N1)	1595	4842
PB1|PP755595.1|A/cattle/Texas/24-008749-003/2024(H5N1)	1596	4854
PB1|PP755595.1|A/cattle/Texas/24-008749-003/2024(H5N1)	1597	4808
PB1|PP755595.1|A/cattle/Texas/24-008749-003/2024(H5N1)	1598	4795
PB1|PP755595.1|A/cattle/Texas/24-008749-003/2024(H5N1)	1599	4930
PB1|PP755595.1|A/cattle/Texas/24-008749-003/2024(H5N1)	1600	4936
PB1|PP755595.1|A/cattle/Texas/24-008749-003/2024(H5N1)	1601	4936
PB1|PP755595.1|A/cattle/Texas/24-008749-003/2024(H5N1)	1602	4885
PB1|PP755595.1|A/cattle/Texas/24-008749-003/2024(H5N1)	1603	4870
PB1|PP755595.1|A/cattle/Texas/24-008749-003/2024(H5N1)	1604	4867
PB1|PP755595.1|A/cattle/Texas/24-008749-003/2024(H5N1)	1605	4845
PB1|PP755595.1|A/cattle/Texas/24-008749-003/2024(H5N1)	1606	4892
PB1|PP755595.1|A/cattle/Texas/24-008749-003/2024(H5N1)	1607	4895
PB1|PP755595.1|A/cattle/Texas/24-008749-003/2024(H5N1)	1608	4849
PB1|PP755595.1|A/cattle/Texas/24-008749-003/2024(H5N1)	1609	4858
PB1|PP755595.1|A/cattle/Texas/24-008749-003/2024(H5N1)	1610	4857
PB1|PP755595.1|A/cattle/Texas/24-008749-003/2024(H5N1)	1611	4826
PB1|PP755595.1|A/cattle/Texas/24-008749-003/2024(H5N1)	1612	4824
PB1|PP755595.1|A/cattle/Texas/24-008749-003/2024(H5N1)	1613	4816
PB1|PP755595.1|A/cattle/Texas/24-008749-003/2024(H5N1)	1614	4793
PB1|PP755595.1|A/cattle/Texas/24-008749-003/2024(H5N1)	1615	4939
PB1|PP755595.1|A/cattle/Texas/24-008749-003/2024(H5N1)	1616	4854
PB1|PP755595.1|A/cattle/Texas/24-008749-003/2024(H5N1)	1617	4851
PB1|PP755595.1|A/cattle/Texas/24-008749-003/2024(H5N1)	1618	4855
PB1|PP755595.1|A/cattle/Texas/24-008749-003/2024(H5N1)	1619	4858
PB1|PP755595.1|A/cattle/Texas/24-008749-003/2024(H5N1)	1620	4921
PB1|PP755595.1|A/cattle/Texas/24-008749-003/2024(H5N1)	1621	4927
PB1|PP755595.1|A/cattle/Texas/24-008749-003/2024(H5N1)	1622	4853
PB1|PP755595.1|A/cattle/Texas/24-008749-003/2024(H5N1)	1623	4737
PB1|PP755595.1|A/cattle/Texas/24-008749-003/2024(H5N1)	1624	4728
PB1|PP755595.1|A/cattle/Texas/24-008749-003/2024(H5N1)	1625	4844
PB1|PP755595.1|A/cattle/Texas/24-008749-003/2024(H5N1)	1626	4840
PB1|PP755595.1|A/cattle/Texas/24-008749-003/2024(H5N1)	1627	4828
PB1|PP755595.1|A/cattle/Texas/24-008749-003/2024(H5N1)	1628	4818
PB1|PP755595.1|A/cattle/Texas/24-008749-003/2024(H5N1)	1629	4761
PB1|PP755595.1|A/cattle/Texas/24-008749-003/2024(H5N1)	1630	4760
PB1|PP755595.1|A/cattle/Texas/24-008749-003/2024(H5N1)	1631	4700
PB1|PP755595.1|A/cattle/Texas/24-008749-003/2024(H5N1)	1632	4684
PB1|PP755595.1|A/cattle/Texas/24-008749-003/2024(H5N1)	1633	4670
PB1|PP755595.1|A/cattle/Texas/24-008749-003/2024(H5N1)	1634	4653
PB1|PP755595.1|A/cattle/Texas/24-008749-003/2024(H5N1)	1635	4651
PB1|PP755595.1|A/cattle/Texas/24-008749-003/2024(H5N1)	1636	4651
PB1|PP755595.1|A/cattle/Texas/24-008749-003/2024(H5N1)	1637	4610
PB1|PP755595.1|A/cattle/Texas/24-008749-003/2024(H5N1)	1638	4600
PB1|PP755595.1|A/cattle/Texas/24-008749-003/2024(H5N1)	1639	4522
PB1|PP755595.1|A/cattle/Texas/24-008749-003/2024(H5N1)	1640	4496
PB1|PP755595.1|A/cattle/Texas/24-008749-003/2024(H5N1)	1641	4200
PB1|PP755595.1|A/cattle/Texas/24-008749-003/2024(H5N1)	1642	4124
PB1|PP755595.1|A/cattle/Texas/24-008749-003/2024(H5N1)	1643	4109
PB1|PP755595.1|A/cattle/Texas/24-008749-003/2024(H5N1)	1644	4107
PB1|PP755595.1|A/cattle/Texas/24-008749-003/2024(H5N1)	1645	4109
PB1|PP755595.1|A/cattle/Texas/24-008749-003/2024(H5N1)	1646	4109
PB1|PP755595.1|A/cattle/Texas/24-008749-003/2024(H5N1)	1647	4089
PB1|PP755595.1|A/cattle/Texas/24-008749-003/2024(H5N1)	1648	4511
PB1|PP755595.1|A/cattle/Texas/24-008749-003/2024(H5N1)	1649	4516
PB1|PP755595.1|A/cattle/Texas/24-008749-003/2024(H5N1)	1650	4575
PB1|PP755595.1|A/cattle/Texas/24-008749-003/2024(H5N1)	1651	4577
PB1|PP755595.1|A/cattle/Texas/24-008749-003/2024(H5N1)	1652	4574
PB1|PP755595.1|A/cattle/Texas/24-008749-003/2024(H5N1)	1653	4572
PB1|PP755595.1|A/cattle/Texas/24-008749-003/2024(H5N1)	1654	4535
PB1|PP755595.1|A/cattle/Texas/24-008749-003/2024(H5N1)	1655	4531
PB1|PP755595.1|A/cattle/Texas/24-008749-003/2024(H5N1)	1656	4528
PB1|PP755595.1|A/cattle/Texas/24-008749-003/2024(H5N1)	1657	4514
PB1|PP755595.1|A/cattle/Texas/24-008749-003/2024(H5N1)	1658	4492
PB1|PP755595.1|A/cattle/Texas/24-008749-003/2024(H5N1)	1659	4465
PB1|PP755595.1|A/cattle/Texas/24-008749-003/2024(H5N1)	1660	4465
PB1|PP755595.1|A/cattle/Texas/24-008749-003/2024(H5N1)	1661	4457
PB1|PP755595.1|A/cattle/Texas/24-008749-003/2024(H5N1)	1662	4448
PB1|PP755595.1|A/cattle/Texas/24-008749-003/2024(H5N1)	1663	4193
PB1|PP755595.1|A/cattle/Texas/24-008749-003/2024(H5N1)	1664	4193
PB1|PP755595.1|A/cattle/Texas/24-008749-003/2024(H5N1)	1665	4140
PB1|PP755595.1|A/cattle/Texas/24-008749-003/2024(H5N1)	1666	4135
PB1|PP755595.1|A/cattle/Texas/24-008749-003/2024(H5N1)	1667	4135
PB1|PP755595.1|A/cattle/Texas/24-008749-003/2024(H5N1)	1668	3887
PB1|PP755595.1|A/cattle/Texas/24-008749-003/2024(H5N1)	1669	3749
PB1|PP755595.1|A/cattle/Texas/24-008749-003/2024(H5N1)	1670	3741
PB1|PP755595.1|A/cattle/Texas/24-008749-003/2024(H5N1)	1671	3725
PB1|PP755595.1|A/cattle/Texas/24-008749-003/2024(H5N1)	1672	3723
PB1|PP755595.1|A/cattle/Texas/24-008749-003/2024(H5N1)	1673	3631
PB1|PP755595.1|A/cattle/Texas/24-008749-003/2024(H5N1)	1674	2892
PB1|PP755595.1|A/cattle/Texas/24-008749-003/2024(H5N1)	1675	2889
PB1|PP755595.1|A/cattle/Texas/24-008749-003/2024(H5N1)	1676	2824
PB1|PP755595.1|A/cattle/Texas/24-008749-003/2024(H5N1)	1677	2766
PB1|PP755595.1|A/cattle/Texas/24-008749-003/2024(H5N1)	1678	2766
PB1|PP755595.1|A/cattle/Texas/24-008749-003/2024(H5N1)	1679	2766
PB1|PP755595.1|A/cattle/Texas/24-008749-003/2024(H5N1)	1680	2745
PB1|PP755595.1|A/cattle/Texas/24-008749-003/2024(H5N1)	1681	2745
PB1|PP755595.1|A/cattle/Texas/24-008749-003/2024(H5N1)	1682	2745
PB1|PP755595.1|A/cattle/Texas/24-008749-003/2024(H5N1)	1683	2745
PB1|PP755595.1|A/cattle/Texas/24-008749-003/2024(H5N1)	1684	3599
PB1|PP755595.1|A/cattle/Texas/24-008749-003/2024(H5N1)	1685	3610
PB1|PP755595.1|A/cattle/Texas/24-008749-003/2024(H5N1)	1686	3615
PB1|PP755595.1|A/cattle/Texas/24-008749-003/2024(H5N1)	1687	3620
PB1|PP755595.1|A/cattle/Texas/24-008749-003/2024(H5N1)	1688	3621
PB1|PP755595.1|A/cattle/Texas/24-008749-003/2024(H5N1)	1689	3621
PB1|PP755595.1|A/cattle/Texas/24-008749-003/2024(H5N1)	1690	3620
PB1|PP755595.1|A/cattle/Texas/24-008749-003/2024(H5N1)	1691	3612
PB1|PP755595.1|A/cattle/Texas/24-008749-003/2024(H5N1)	1692	3503
PB1|PP755595.1|A/cattle/Texas/24-008749-003/2024(H5N1)	1693	3662
PB1|PP755595.1|A/cattle/Texas/24-008749-003/2024(H5N1)	1694	3679
PB1|PP755595.1|A/cattle/Texas/24-008749-003/2024(H5N1)	1695	3680
PB1|PP755595.1|A/cattle/Texas/24-008749-003/2024(H5N1)	1696	3684
PB1|PP755595.1|A/cattle/Texas/24-008749-003/2024(H5N1)	1697	3639
PB1|PP755595.1|A/cattle/Texas/24-008749-003/2024(H5N1)	1698	3643
PB1|PP755595.1|A/cattle/Texas/24-008749-003/2024(H5N1)	1699	3626
PB1|PP755595.1|A/cattle/Texas/24-008749-003/2024(H5N1)	1700	3576
PB1|PP755595.1|A/cattle/Texas/24-008749-003/2024(H5N1)	1701	3590
PB1|PP755595.1|A/cattle/Texas/24-008749-003/2024(H5N1)	1702	3557
PB1|PP755595.1|A/cattle/Texas/24-008749-003/2024(H5N1)	1703	3567
PB1|PP755595.1|A/cattle/Texas/24-008749-003/2024(H5N1)	1704	3558
PB1|PP755595.1|A/cattle/Texas/24-008749-003/2024(H5N1)	1705	3558
PB1|PP755595.1|A/cattle/Texas/24-008749-003/2024(H5N1)	1706	3538
PB1|PP755595.1|A/cattle/Texas/24-008749-003/2024(H5N1)	1707	3521
PB1|PP755595.1|A/cattle/Texas/24-008749-003/2024(H5N1)	1708	3520
PB1|PP755595.1|A/cattle/Texas/24-008749-003/2024(H5N1)	1709	3497
PB1|PP755595.1|A/cattle/Texas/24-008749-003/2024(H5N1)	1710	3488
PB1|PP755595.1|A/cattle/Texas/24-008749-003/2024(H5N1)	1711	3512
PB1|PP755595.1|A/cattle/Texas/24-008749-003/2024(H5N1)	1712	3446
PB1|PP755595.1|A/cattle/Texas/24-008749-003/2024(H5N1)	1713	3447
PB1|PP755595.1|A/cattle/Texas/24-008749-003/2024(H5N1)	1714	3438
PB1|PP755595.1|A/cattle/Texas/24-008749-003/2024(H5N1)	1715	3361
PB1|PP755595.1|A/cattle/Texas/24-008749-003/2024(H5N1)	1716	3343
PB1|PP755595.1|A/cattle/Texas/24-008749-003/2024(H5N1)	1717	3415
PB1|PP755595.1|A/cattle/Texas/24-008749-003/2024(H5N1)	1718	3413
PB1|PP755595.1|A/cattle/Texas/24-008749-003/2024(H5N1)	1719	3397
PB1|PP755595.1|A/cattle/Texas/24-008749-003/2024(H5N1)	1720	3375
PB1|PP755595.1|A/cattle/Texas/24-008749-003/2024(H5N1)	1721	3386
PB1|PP755595.1|A/cattle/Texas/24-008749-003/2024(H5N1)	1722	3324
PB1|PP755595.1|A/cattle/Texas/24-008749-003/2024(H5N1)	1723	3323
PB1|PP755595.1|A/cattle/Texas/24-008749-003/2024(H5N1)	1724	3291
PB1|PP755595.1|A/cattle/Texas/24-008749-003/2024(H5N1)	1725	3289
PB1|PP755595.1|A/cattle/Texas/24-008749-003/2024(H5N1)	1726	3158
PB1|PP755595.1|A/cattle/Texas/24-008749-003/2024(H5N1)	1727	3136
PB1|PP755595.1|A/cattle/Texas/24-008749-003/2024(H5N1)	1728	3132
PB1|PP755595.1|A/cattle/Texas/24-008749-003/2024(H5N1)	1729	3131
PB1|PP755595.1|A/cattle/Texas/24-008749-003/2024(H5N1)	1730	3130
PB1|PP755595.1|A/cattle/Texas/24-008749-003/2024(H5N1)	1731	2640
PB1|PP755595.1|A/cattle/Texas/24-008749-003/2024(H5N1)	1732	2631
PB1|PP755595.1|A/cattle/Texas/24-008749-003/2024(H5N1)	1733	2612
PB1|PP755595.1|A/cattle/Texas/24-008749-003/2024(H5N1)	1734	2568
PB1|PP755595.1|A/cattle/Texas/24-008749-003/2024(H5N1)	1735	2436
PB1|PP755595.1|A/cattle/Texas/24-008749-003/2024(H5N1)	1736	2436
PB1|PP755595.1|A/cattle/Texas/24-008749-003/2024(H5N1)	1737	2411
PB1|PP755595.1|A/cattle/Texas/24-008749-003/2024(H5N1)	1738	2773
PB1|PP755595.1|A/cattle/Texas/24-008749-003/2024(H5N1)	1739	2775
PB1|PP755595.1|A/cattle/Texas/24-008749-003/2024(H5N1)	1740	2775
PB1|PP755595.1|A/cattle/Texas/24-008749-003/2024(H5N1)	1741	2778
PB1|PP755595.1|A/cattle/Texas/24-008749-003/2024(H5N1)	1742	2778
PB1|PP755595.1|A/cattle/Texas/24-008749-003/2024(H5N1)	1743	2778
PB1|PP755595.1|A/cattle/Texas/24-008749-003/2024(H5N1)	1744	2778
PB1|PP755595.1|A/cattle/Texas/24-008749-003/2024(H5N1)	1745	2777
PB1|PP755595.1|A/cattle/Texas/24-008749-003/2024(H5N1)	1746	2777
PB1|PP755595.1|A/cattle/Texas/24-008749-003/2024(H5N1)	1747	2777
PB1|PP755595.1|A/cattle/Texas/24-008749-003/2024(H5N1)	1748	2777
PB1|PP755595.1|A/cattle/Texas/24-008749-003/2024(H5N1)	1749	2777
PB1|PP755595.1|A/cattle/Texas/24-008749-003/2024(H5N1)	1750	2776
PB1|PP755595.1|A/cattle/Texas/24-008749-003/2024(H5N1)	1751	2776
PB1|PP755595.1|A/cattle/Texas/24-008749-003/2024(H5N1)	1752	2725
PB1|PP755595.1|A/cattle/Texas/24-008749-003/2024(H5N1)	1753	2725
PB1|PP755595.1|A/cattle/Texas/24-008749-003/2024(H5N1)	1754	2725
PB1|PP755595.1|A/cattle/Texas/24-008749-003/2024(H5N1)	1755	2725
PB1|PP755595.1|A/cattle/Texas/24-008749-003/2024(H5N1)	1756	2725
PB1|PP755595.1|A/cattle/Texas/24-008749-003/2024(H5N1)	1757	2725
PB1|PP755595.1|A/cattle/Texas/24-008749-003/2024(H5N1)	1758	2220
PB1|PP755595.1|A/cattle/Texas/24-008749-003/2024(H5N1)	1759	2220
PB1|PP755595.1|A/cattle/Texas/24-008749-003/2024(H5N1)	1760	2652
PB1|PP755595.1|A/cattle/Texas/24-008749-003/2024(H5N1)	1761	2654
PB1|PP755595.1|A/cattle/Texas/24-008749-003/2024(H5N1)	1762	2703
PB1|PP755595.1|A/cattle/Texas/24-008749-003/2024(H5N1)	1763	2720
PB1|PP755595.1|A/cattle/Texas/24-008749-003/2024(H5N1)	1764	2720
PB1|PP755595.1|A/cattle/Texas/24-008749-003/2024(H5N1)	1765	2720
PB1|PP755595.1|A/cattle/Texas/24-008749-003/2024(H5N1)	1766	2720
PB1|PP755595.1|A/cattle/Texas/24-008749-003/2024(H5N1)	1767	2720
PB1|PP755595.1|A/cattle/Texas/24-008749-003/2024(H5N1)	1768	2720
PB1|PP755595.1|A/cattle/Texas/24-008749-003/2024(H5N1)	1769	2720
PB1|PP755595.1|A/cattle/Texas/24-008749-003/2024(H5N1)	1770	2720
PB1|PP755595.1|A/cattle/Texas/24-008749-003/2024(H5N1)	1771	2717
PB1|PP755595.1|A/cattle/Texas/24-008749-003/2024(H5N1)	1772	2717
PB1|PP755595.1|A/cattle/Texas/24-008749-003/2024(H5N1)	1773	2717
PB1|PP755595.1|A/cattle/Texas/24-008749-003/2024(H5N1)	1774	2928
PB1|PP755595.1|A/cattle/Texas/24-008749-003/2024(H5N1)	1775	2942
PB1|PP755595.1|A/cattle/Texas/24-008749-003/2024(H5N1)	1776	2947
PB1|PP755595.1|A/cattle/Texas/24-008749-003/2024(H5N1)	1777	2949
PB1|PP755595.1|A/cattle/Texas/24-008749-003/2024(H5N1)	1778	2971
PB1|PP755595.1|A/cattle/Texas/24-008749-003/2024(H5N1)	1779	2956
PB1|PP755595.1|A/cattle/Texas/24-008749-003/2024(H5N1)	1780	2913
PB1|PP755595.1|A/cattle/Texas/24-008749-003/2024(H5N1)	1781	2883
PB1|PP755595.1|A/cattle/Texas/24-008749-003/2024(H5N1)	1782	2853
PB1|PP755595.1|A/cattle/Texas/24-008749-003/2024(H5N1)	1783	2853
PB1|PP755595.1|A/cattle/Texas/24-008749-003/2024(H5N1)	1784	2843
PB1|PP755595.1|A/cattle/Texas/24-008749-003/2024(H5N1)	1785	2807
PB1|PP755595.1|A/cattle/Texas/24-008749-003/2024(H5N1)	1786	2809
PB1|PP755595.1|A/cattle/Texas/24-008749-003/2024(H5N1)	1787	2809
PB1|PP755595.1|A/cattle/Texas/24-008749-003/2024(H5N1)	1788	2809
PB1|PP755595.1|A/cattle/Texas/24-008749-003/2024(H5N1)	1789	2813
PB1|PP755595.1|A/cattle/Texas/24-008749-003/2024(H5N1)	1790	2897
PB1|PP755595.1|A/cattle/Texas/24-008749-003/2024(H5N1)	1791	2864
PB1|PP755595.1|A/cattle/Texas/24-008749-003/2024(H5N1)	1792	2849
PB1|PP755595.1|A/cattle/Texas/24-008749-003/2024(H5N1)	1793	2794
PB1|PP755595.1|A/cattle/Texas/24-008749-003/2024(H5N1)	1794	2793
PB1|PP755595.1|A/cattle/Texas/24-008749-003/2024(H5N1)	1795	2789
PB1|PP755595.1|A/cattle/Texas/24-008749-003/2024(H5N1)	1796	2774
PB1|PP755595.1|A/cattle/Texas/24-008749-003/2024(H5N1)	1797	2769
PB1|PP755595.1|A/cattle/Texas/24-008749-003/2024(H5N1)	1798	2640
PB1|PP755595.1|A/cattle/Texas/24-008749-003/2024(H5N1)	1799	2627
PB1|PP755595.1|A/cattle/Texas/24-008749-003/2024(H5N1)	1800	999
PB1|PP755595.1|A/cattle/Texas/24-008749-003/2024(H5N1)	1801	999
PB1|PP755595.1|A/cattle/Texas/24-008749-003/2024(H5N1)	1802	999
PB1|PP755595.1|A/cattle/Texas/24-008749-003/2024(H5N1)	1803	999
PB1|PP755595.1|A/cattle/Texas/24-008749-003/2024(H5N1)	1804	999
PB1|PP755595.1|A/cattle/Texas/24-008749-003/2024(H5N1)	1805	999
PB1|PP755595.1|A/cattle/Texas/24-008749-003/2024(H5N1)	1806	999
PB1|PP755595.1|A/cattle/Texas/24-008749-003/2024(H5N1)	1807	999
PB1|PP755595.1|A/cattle/Texas/24-008749-003/2024(H5N1)	1808	999
PB1|PP755595.1|A/cattle/Texas/24-008749-003/2024(H5N1)	1809	1000
PB1|PP755595.1|A/cattle/Texas/24-008749-003/2024(H5N1)	1810	1001
PB1|PP755595.1|A/cattle/Texas/24-008749-003/2024(H5N1)	1811	1000
PB1|PP755595.1|A/cattle/Texas/24-008749-003/2024(H5N1)	1812	999
PB1|PP755595.1|A/cattle/Texas/24-008749-003/2024(H5N1)	1813	999
PB1|PP755595.1|A/cattle/Texas/24-008749-003/2024(H5N1)	1814	999
PB1|PP755595.1|A/cattle/Texas/24-008749-003/2024(H5N1)	1815	999
PB1|PP755595.1|A/cattle/Texas/24-008749-003/2024(H5N1)	1816	999
PB1|PP755595.1|A/cattle/Texas/24-008749-003/2024(H5N1)	1817	999
PB1|PP755595.1|A/cattle/Texas/24-008749-003/2024(H5N1)	1818	998
PB1|PP755595.1|A/cattle/Texas/24-008749-003/2024(H5N1)	1819	998
PB1|PP755595.1|A/cattle/Texas/24-008749-003/2024(H5N1)	1820	998
PB1|PP755595.1|A/cattle/Texas/24-008749-003/2024(H5N1)	1821	997
PB1|PP755595.1|A/cattle/Texas/24-008749-003/2024(H5N1)	1822	997
PB1|PP755595.1|A/cattle/Texas/24-008749-003/2024(H5N1)	1823	997
PB1|PP755595.1|A/cattle/Texas/24-008749-003/2024(H5N1)	1824	997
PB1|PP755595.1|A/cattle/Texas/24-008749-003/2024(H5N1)	1825	1162
PB1|PP755595.1|A/cattle/Texas/24-008749-003/2024(H5N1)	1826	1162
PB1|PP755595.1|A/cattle/Texas/24-008749-003/2024(H5N1)	1827	1162
PB1|PP755595.1|A/cattle/Texas/24-008749-003/2024(H5N1)	1828	1162
PB1|PP755595.1|A/cattle/Texas/24-008749-003/2024(H5N1)	1829	1168
PB1|PP755595.1|A/cattle/Texas/24-008749-003/2024(H5N1)	1830	1168
PB1|PP755595.1|A/cattle/Texas/24-008749-003/2024(H5N1)	1831	1168
PB1|PP755595.1|A/cattle/Texas/24-008749-003/2024(H5N1)	1832	1168
PB1|PP755595.1|A/cattle/Texas/24-008749-003/2024(H5N1)	1833	1168
PB1|PP755595.1|A/cattle/Texas/24-008749-003/2024(H5N1)	1834	1180
PB1|PP755595.1|A/cattle/Texas/24-008749-003/2024(H5N1)	1835	1208
PB1|PP755595.1|A/cattle/Texas/24-008749-003/2024(H5N1)	1836	1208
PB1|PP755595.1|A/cattle/Texas/24-008749-003/2024(H5N1)	1837	1233
PB1|PP755595.1|A/cattle/Texas/24-008749-003/2024(H5N1)	1838	1246
PB1|PP755595.1|A/cattle/Texas/24-008749-003/2024(H5N1)	1839	1260
PB1|PP755595.1|A/cattle/Texas/24-008749-003/2024(H5N1)	1840	1292
PB1|PP755595.1|A/cattle/Texas/24-008749-003/2024(H5N1)	1841	1292
PB1|PP755595.1|A/cattle/Texas/24-008749-003/2024(H5N1)	1842	1292
PB1|PP755595.1|A/cattle/Texas/24-008749-003/2024(H5N1)	1843	1331
PB1|PP755595.1|A/cattle/Texas/24-008749-003/2024(H5N1)	1844	1334
PB1|PP755595.1|A/cattle/Texas/24-008749-003/2024(H5N1)	1845	1366
PB1|PP755595.1|A/cattle/Texas/24-008749-003/2024(H5N1)	1846	3261
PB1|PP755595.1|A/cattle/Texas/24-008749-003/2024(H5N1)	1847	3286
PB1|PP755595.1|A/cattle/Texas/24-008749-003/2024(H5N1)	1848	3304
PB1|PP755595.1|A/cattle/Texas/24-008749-003/2024(H5N1)	1849	3425
PB1|PP755595.1|A/cattle/Texas/24-008749-003/2024(H5N1)	1850	3660
PB1|PP755595.1|A/cattle/Texas/24-008749-003/2024(H5N1)	1851	3664
PB1|PP755595.1|A/cattle/Texas/24-008749-003/2024(H5N1)	1852	3665
PB1|PP755595.1|A/cattle/Texas/24-008749-003/2024(H5N1)	1853	3763
PB1|PP755595.1|A/cattle/Texas/24-008749-003/2024(H5N1)	1854	3765
PB1|PP755595.1|A/cattle/Texas/24-008749-003/2024(H5N1)	1855	3820
PB1|PP755595.1|A/cattle/Texas/24-008749-003/2024(H5N1)	1856	3820
PB1|PP755595.1|A/cattle/Texas/24-008749-003/2024(H5N1)	1857	3818
PB1|PP755595.1|A/cattle/Texas/24-008749-003/2024(H5N1)	1858	3883
PB1|PP755595.1|A/cattle/Texas/24-008749-003/2024(H5N1)	1859	3883
PB1|PP755595.1|A/cattle/Texas/24-008749-003/2024(H5N1)	1860	3937
PB1|PP755595.1|A/cattle/Texas/24-008749-003/2024(H5N1)	1861	3937
PB1|PP755595.1|A/cattle/Texas/24-008749-003/2024(H5N1)	1862	3959
PB1|PP755595.1|A/cattle/Texas/24-008749-003/2024(H5N1)	1863	4022
PB1|PP755595.1|A/cattle/Texas/24-008749-003/2024(H5N1)	1864	4057
PB1|PP755595.1|A/cattle/Texas/24-008749-003/2024(H5N1)	1865	4057
PB1|PP755595.1|A/cattle/Texas/24-008749-003/2024(H5N1)	1866	4057
PB1|PP755595.1|A/cattle/Texas/24-008749-003/2024(H5N1)	1867	4070
PB1|PP755595.1|A/cattle/Texas/24-008749-003/2024(H5N1)	1868	4091
PB1|PP755595.1|A/cattle/Texas/24-008749-003/2024(H5N1)	1869	4150
PB1|PP755595.1|A/cattle/Texas/24-008749-003/2024(H5N1)	1870	4153
PB1|PP755595.1|A/cattle/Texas/24-008749-003/2024(H5N1)	1871	4153
PB1|PP755595.1|A/cattle/Texas/24-008749-003/2024(H5N1)	1872	4154
PB1|PP755595.1|A/cattle/Texas/24-008749-003/2024(H5N1)	1873	4244
PB1|PP755595.1|A/cattle/Texas/24-008749-003/2024(H5N1)	1874	4254
PB1|PP755595.1|A/cattle/Texas/24-008749-003/2024(H5N1)	1875	4260
PB1|PP755595.1|A/cattle/Texas/24-008749-003/2024(H5N1)	1876	4260
PB1|PP755595.1|A/cattle/Texas/24-008749-003/2024(H5N1)	1877	4260
PB1|PP755595.1|A/cattle/Texas/24-008749-003/2024(H5N1)	1878	4260
PB1|PP755595.1|A/cattle/Texas/24-008749-003/2024(H5N1)	1879	4260
PB1|PP755595.1|A/cattle/Texas/24-008749-003/2024(H5N1)	1880	4260
PB1|PP755595.1|A/cattle/Texas/24-008749-003/2024(H5N1)	1881	3518
PB1|PP755595.1|A/cattle/Texas/24-008749-003/2024(H5N1)	1882	3517
PB1|PP755595.1|A/cattle/Texas/24-008749-003/2024(H5N1)	1883	3529
PB1|PP755595.1|A/cattle/Texas/24-008749-003/2024(H5N1)	1884	3537
PB1|PP755595.1|A/cattle/Texas/24-008749-003/2024(H5N1)	1885	3550
PB1|PP755595.1|A/cattle/Texas/24-008749-003/2024(H5N1)	1886	3551
PB1|PP755595.1|A/cattle/Texas/24-008749-003/2024(H5N1)	1887	3551
PB1|PP755595.1|A/cattle/Texas/24-008749-003/2024(H5N1)	1888	3559
PB1|PP755595.1|A/cattle/Texas/24-008749-003/2024(H5N1)	1889	3562
PB1|PP755595.1|A/cattle/Texas/24-008749-003/2024(H5N1)	1890	3581
PB1|PP755595.1|A/cattle/Texas/24-008749-003/2024(H5N1)	1891	4741
PB1|PP755595.1|A/cattle/Texas/24-008749-003/2024(H5N1)	1892	4751
PB1|PP755595.1|A/cattle/Texas/24-008749-003/2024(H5N1)	1893	4758
PB1|PP755595.1|A/cattle/Texas/24-008749-003/2024(H5N1)	1894	4759
PB1|PP755595.1|A/cattle/Texas/24-008749-003/2024(H5N1)	1895	4765
PB1|PP755595.1|A/cattle/Texas/24-008749-003/2024(H5N1)	1896	4766
PB1|PP755595.1|A/cattle/Texas/24-008749-003/2024(H5N1)	1897	4780
PB1|PP755595.1|A/cattle/Texas/24-008749-003/2024(H5N1)	1898	4848
PB1|PP755595.1|A/cattle/Texas/24-008749-003/2024(H5N1)	1899	4887
PB1|PP755595.1|A/cattle/Texas/24-008749-003/2024(H5N1)	1900	4909
PB1|PP755595.1|A/cattle/Texas/24-008749-003/2024(H5N1)	1901	4910
PB1|PP755595.1|A/cattle/Texas/24-008749-003/2024(H5N1)	1902	4939
PB1|PP755595.1|A/cattle/Texas/24-008749-003/2024(H5N1)	1903	4971
PB1|PP755595.1|A/cattle/Texas/24-008749-003/2024(H5N1)	1904	5000
PB1|PP755595.1|A/cattle/Texas/24-008749-003/2024(H5N1)	1905	5001
PB1|PP755595.1|A/cattle/Texas/24-008749-003/2024(H5N1)	1906	5050
PB1|PP755595.1|A/cattle/Texas/24-008749-003/2024(H5N1)	1907	5065
PB1|PP755595.1|A/cattle/Texas/24-008749-003/2024(H5N1)	1908	5070
PB1|PP755595.1|A/cattle/Texas/24-008749-003/2024(H5N1)	1909	5114
PB1|PP755595.1|A/cattle/Texas/24-008749-003/2024(H5N1)	1910	5118
PB1|PP755595.1|A/cattle/Texas/24-008749-003/2024(H5N1)	1911	5118
PB1|PP755595.1|A/cattle/Texas/24-008749-003/2024(H5N1)	1912	5119
PB1|PP755595.1|A/cattle/Texas/24-008749-003/2024(H5N1)	1913	5127
PB1|PP755595.1|A/cattle/Texas/24-008749-003/2024(H5N1)	1914	5166
PB1|PP755595.1|A/cattle/Texas/24-008749-003/2024(H5N1)	1915	5317
PB1|PP755595.1|A/cattle/Texas/24-008749-003/2024(H5N1)	1916	5317
PB1|PP755595.1|A/cattle/Texas/24-008749-003/2024(H5N1)	1917	5180
PB1|PP755595.1|A/cattle/Texas/24-008749-003/2024(H5N1)	1918	5187
PB1|PP755595.1|A/cattle/Texas/24-008749-003/2024(H5N1)	1919	5231
PB1|PP755595.1|A/cattle/Texas/24-008749-003/2024(H5N1)	1920	5342
PB1|PP755595.1|A/cattle/Texas/24-008749-003/2024(H5N1)	1921	5452
PB1|PP755595.1|A/cattle/Texas/24-008749-003/2024(H5N1)	1922	5489
PB1|PP755595.1|A/cattle/Texas/24-008749-003/2024(H5N1)	1923	5514
PB1|PP755595.1|A/cattle/Texas/24-008749-003/2024(H5N1)	1924	5522
PB1|PP755595.1|A/cattle/Texas/24-008749-003/2024(H5N1)	1925	5713
PB1|PP755595.1|A/cattle/Texas/24-008749-003/2024(H5N1)	1926	5727
PB1|PP755595.1|A/cattle/Texas/24-008749-003/2024(H5N1)	1927	5775
PB1|PP755595.1|A/cattle/Texas/24-008749-003/2024(H5N1)	1928	5804
PB1|PP755595.1|A/cattle/Texas/24-008749-003/2024(H5N1)	1929	5792
PB1|PP755595.1|A/cattle/Texas/24-008749-003/2024(H5N1)	1930	5847
PB1|PP755595.1|A/cattle/Texas/24-008749-003/2024(H5N1)	1931	5852
PB1|PP755595.1|A/cattle/Texas/24-008749-003/2024(H5N1)	1932	5940
PB1|PP755595.1|A/cattle/Texas/24-008749-003/2024(H5N1)	1933	5939
PB1|PP755595.1|A/cattle/Texas/24-008749-003/2024(H5N1)	1934	5896
PB1|PP755595.1|A/cattle/Texas/24-008749-003/2024(H5N1)	1935	5857
PB1|PP755595.1|A/cattle/Texas/24-008749-003/2024(H5N1)	1936	5846
PB1|PP755595.1|A/cattle/Texas/24-008749-003/2024(H5N1)	1937	5844
PB1|PP755595.1|A/cattle/Texas/24-008749-003/2024(H5N1)	1938	5844
PB1|PP755595.1|A/cattle/Texas/24-008749-003/2024(H5N1)	1939	5686
PB1|PP755595.1|A/cattle/Texas/24-008749-003/2024(H5N1)	1940	5671
PB1|PP755595.1|A/cattle/Texas/24-008749-003/2024(H5N1)	1941	5571
PB1|PP755595.1|A/cattle/Texas/24-008749-003/2024(H5N1)	1942	5560
PB1|PP755595.1|A/cattle/Texas/24-008749-003/2024(H5N1)	1943	5473
PB1|PP755595.1|A/cattle/Texas/24-008749-003/2024(H5N1)	1944	4472
PB1|PP755595.1|A/cattle/Texas/24-008749-003/2024(H5N1)	1945	4462
PB1|PP755595.1|A/cattle/Texas/24-008749-003/2024(H5N1)	1946	4425
PB1|PP755595.1|A/cattle/Texas/24-008749-003/2024(H5N1)	1947	4420
PB1|PP755595.1|A/cattle/Texas/24-008749-003/2024(H5N1)	1948	4420
PB1|PP755595.1|A/cattle/Texas/24-008749-003/2024(H5N1)	1949	4420
PB1|PP755595.1|A/cattle/Texas/24-008749-003/2024(H5N1)	1950	4391
PB1|PP755595.1|A/cattle/Texas/24-008749-003/2024(H5N1)	1951	4389
PB1|PP755595.1|A/cattle/Texas/24-008749-003/2024(H5N1)	1952	4389
PB1|PP755595.1|A/cattle/Texas/24-008749-003/2024(H5N1)	1953	4389
PB1|PP755595.1|A/cattle/Texas/24-008749-003/2024(H5N1)	1954	4389
PB1|PP755595.1|A/cattle/Texas/24-008749-003/2024(H5N1)	1955	4388
PB1|PP755595.1|A/cattle/Texas/24-008749-003/2024(H5N1)	1956	4378
PB1|PP755595.1|A/cattle/Texas/24-008749-003/2024(H5N1)	1957	4378
PB1|PP755595.1|A/cattle/Texas/24-008749-003/2024(H5N1)	1958	4378
PB1|PP755595.1|A/cattle/Texas/24-008749-003/2024(H5N1)	1959	4378
PB1|PP755595.1|A/cattle/Texas/24-008749-003/2024(H5N1)	1960	4378
PB1|PP755595.1|A/cattle/Texas/24-008749-003/2024(H5N1)	1961	4378
PB1|PP755595.1|A/cattle/Texas/24-008749-003/2024(H5N1)	1962	4378
PB1|PP755595.1|A/cattle/Texas/24-008749-003/2024(H5N1)	1963	5001
PB1|PP755595.1|A/cattle/Texas/24-008749-003/2024(H5N1)	1964	5009
PB1|PP755595.1|A/cattle/Texas/24-008749-003/2024(H5N1)	1965	5014
PB1|PP755595.1|A/cattle/Texas/24-008749-003/2024(H5N1)	1966	5321
PB1|PP755595.1|A/cattle/Texas/24-008749-003/2024(H5N1)	1967	5331
PB1|PP755595.1|A/cattle/Texas/24-008749-003/2024(H5N1)	1968	5505
PB1|PP755595.1|A/cattle/Texas/24-008749-003/2024(H5N1)	1969	5507
PB1|PP755595.1|A/cattle/Texas/24-008749-003/2024(H5N1)	1970	5440
PB1|PP755595.1|A/cattle/Texas/24-008749-003/2024(H5N1)	1971	5432
PB1|PP755595.1|A/cattle/Texas/24-008749-003/2024(H5N1)	1972	5430
PB1|PP755595.1|A/cattle/Texas/24-008749-003/2024(H5N1)	1973	5428
PB1|PP755595.1|A/cattle/Texas/24-008749-003/2024(H5N1)	1974	5402
PB1|PP755595.1|A/cattle/Texas/24-008749-003/2024(H5N1)	1975	5173
PB1|PP755595.1|A/cattle/Texas/24-008749-003/2024(H5N1)	1976	5166
PB1|PP755595.1|A/cattle/Texas/24-008749-003/2024(H5N1)	1977	5034
PB1|PP755595.1|A/cattle/Texas/24-008749-003/2024(H5N1)	1978	5032
PB1|PP755595.1|A/cattle/Texas/24-008749-003/2024(H5N1)	1979	5011
PB1|PP755595.1|A/cattle/Texas/24-008749-003/2024(H5N1)	1980	4949
PB1|PP755595.1|A/cattle/Texas/24-008749-003/2024(H5N1)	1981	4947
PB1|PP755595.1|A/cattle/Texas/24-008749-003/2024(H5N1)	1982	4943
PB1|PP755595.1|A/cattle/Texas/24-008749-003/2024(H5N1)	1983	3926
PB1|PP755595.1|A/cattle/Texas/24-008749-003/2024(H5N1)	1984	3910
PB1|PP755595.1|A/cattle/Texas/24-008749-003/2024(H5N1)	1985	3866
PB1|PP755595.1|A/cattle/Texas/24-008749-003/2024(H5N1)	1986	3852
PB1|PP755595.1|A/cattle/Texas/24-008749-003/2024(H5N1)	1987	3852
PB1|PP755595.1|A/cattle/Texas/24-008749-003/2024(H5N1)	1988	3852
PB1|PP755595.1|A/cattle/Texas/24-008749-003/2024(H5N1)	1989	3849
PB1|PP755595.1|A/cattle/Texas/24-008749-003/2024(H5N1)	1990	3850
PB1|PP755595.1|A/cattle/Texas/24-008749-003/2024(H5N1)	1991	3850
PB1|PP755595.1|A/cattle/Texas/24-008749-003/2024(H5N1)	1992	3852
PB1|PP755595.1|A/cattle/Texas/24-008749-003/2024(H5N1)	1993	3855
PB1|PP755595.1|A/cattle/Texas/24-008749-003/2024(H5N1)	1994	3837
PB1|PP755595.1|A/cattle/Texas/24-008749-003/2024(H5N1)	1995	3835
PB1|PP755595.1|A/cattle/Texas/24-008749-003/2024(H5N1)	1996	3885
PB1|PP755595.1|A/cattle/Texas/24-008749-003/2024(H5N1)	1997	3887
PB1|PP755595.1|A/cattle/Texas/24-008749-003/2024(H5N1)	1998	3887
PB1|PP755595.1|A/cattle/Texas/24-008749-003/2024(H5N1)	1999	3799
PB1|PP755595.1|A/cattle/Texas/24-008749-003/2024(H5N1)	2000	3774
PB1|PP755595.1|A/cattle/Texas/24-008749-003/2024(H5N1)	2001	3515
PB1|PP755595.1|A/cattle/Texas/24-008749-003/2024(H5N1)	2002	3578
PB1|PP755595.1|A/cattle/Texas/24-008749-003/2024(H5N1)	2003	3579
PB1|PP755595.1|A/cattle/Texas/24-008749-003/2024(H5N1)	2004	3580
PB1|PP755595.1|A/cattle/Texas/24-008749-003/2024(H5N1)	2005	3580
PB1|PP755595.1|A/cattle/Texas/24-008749-003/2024(H5N1)	2006	3533
PB1|PP755595.1|A/cattle/Texas/24-008749-003/2024(H5N1)	2007	3533
PB1|PP755595.1|A/cattle/Texas/24-008749-003/2024(H5N1)	2008	3534
PB1|PP755595.1|A/cattle/Texas/24-008749-003/2024(H5N1)	2009	3469
PB1|PP755595.1|A/cattle/Texas/24-008749-003/2024(H5N1)	2010	3469
PB1|PP755595.1|A/cattle/Texas/24-008749-003/2024(H5N1)	2011	3404
PB1|PP755595.1|A/cattle/Texas/24-008749-003/2024(H5N1)	2012	3403
PB1|PP755595.1|A/cattle/Texas/24-008749-003/2024(H5N1)	2013	3384
PB1|PP755595.1|A/cattle/Texas/24-008749-003/2024(H5N1)	2014	3326
PB1|PP755595.1|A/cattle/Texas/24-008749-003/2024(H5N1)	2015	3326
PB1|PP755595.1|A/cattle/Texas/24-008749-003/2024(H5N1)	2016	3321
PB1|PP755595.1|A/cattle/Texas/24-008749-003/2024(H5N1)	2017	3330
PB1|PP755595.1|A/cattle/Texas/24-008749-003/2024(H5N1)	2018	3337
PB1|PP755595.1|A/cattle/Texas/24-008749-003/2024(H5N1)	2019	3278
PB1|PP755595.1|A/cattle/Texas/24-008749-003/2024(H5N1)	2020	5296
PB1|PP755595.1|A/cattle/Texas/24-008749-003/2024(H5N1)	2021	5382
PB1|PP755595.1|A/cattle/Texas/24-008749-003/2024(H5N1)	2022	5584
PB1|PP755595.1|A/cattle/Texas/24-008749-003/2024(H5N1)	2023	5792
PB1|PP755595.1|A/cattle/Texas/24-008749-003/2024(H5N1)	2024	5706
PB1|PP755595.1|A/cattle/Texas/24-008749-003/2024(H5N1)	2025	5708
PB1|PP755595.1|A/cattle/Texas/24-008749-003/2024(H5N1)	2026	5729
PB1|PP755595.1|A/cattle/Texas/24-008749-003/2024(H5N1)	2027	5738
PB1|PP755595.1|A/cattle/Texas/24-008749-003/2024(H5N1)	2028	5740
PB1|PP755595.1|A/cattle/Texas/24-008749-003/2024(H5N1)	2029	5729
PB1|PP755595.1|A/cattle/Texas/24-008749-003/2024(H5N1)	2030	5620
PB1|PP755595.1|A/cattle/Texas/24-008749-003/2024(H5N1)	2031	5472
PB1|PP755595.1|A/cattle/Texas/24-008749-003/2024(H5N1)	2032	5295
PB1|PP755595.1|A/cattle/Texas/24-008749-003/2024(H5N1)	2033	5355
PB1|PP755595.1|A/cattle/Texas/24-008749-003/2024(H5N1)	2034	5423
PB1|PP755595.1|A/cattle/Texas/24-008749-003/2024(H5N1)	2035	5476
PB1|PP755595.1|A/cattle/Texas/24-008749-003/2024(H5N1)	2036	5480
PB1|PP755595.1|A/cattle/Texas/24-008749-003/2024(H5N1)	2037	5529
PB1|PP755595.1|A/cattle/Texas/24-008749-003/2024(H5N1)	2038	5514
PB1|PP755595.1|A/cattle/Texas/24-008749-003/2024(H5N1)	2039	5550
PB1|PP755595.1|A/cattle/Texas/24-008749-003/2024(H5N1)	2040	5636
PB1|PP755595.1|A/cattle/Texas/24-008749-003/2024(H5N1)	2041	5616
PB1|PP755595.1|A/cattle/Texas/24-008749-003/2024(H5N1)	2042	5576
PB1|PP755595.1|A/cattle/Texas/24-008749-003/2024(H5N1)	2043	5615
PB1|PP755595.1|A/cattle/Texas/24-008749-003/2024(H5N1)	2044	5618
PB1|PP755595.1|A/cattle/Texas/24-008749-003/2024(H5N1)	2045	5642
PB1|PP755595.1|A/cattle/Texas/24-008749-003/2024(H5N1)	2046	5628
PB1|PP755595.1|A/cattle/Texas/24-008749-003/2024(H5N1)	2047	5576
PB1|PP755595.1|A/cattle/Texas/24-008749-003/2024(H5N1)	2048	5548
PB1|PP755595.1|A/cattle/Texas/24-008749-003/2024(H5N1)	2049	5546
PB1|PP755595.1|A/cattle/Texas/24-008749-003/2024(H5N1)	2050	5540
PB1|PP755595.1|A/cattle/Texas/24-008749-003/2024(H5N1)	2051	5519
PB1|PP755595.1|A/cattle/Texas/24-008749-003/2024(H5N1)	2052	5440
PB1|PP755595.1|A/cattle/Texas/24-008749-003/2024(H5N1)	2053	5442
PB1|PP755595.1|A/cattle/Texas/24-008749-003/2024(H5N1)	2054	5447
PB1|PP755595.1|A/cattle/Texas/24-008749-003/2024(H5N1)	2055	5428
PB1|PP755595.1|A/cattle/Texas/24-008749-003/2024(H5N1)	2056	5744
PB1|PP755595.1|A/cattle/Texas/24-008749-003/2024(H5N1)	2057	5746
PB1|PP755595.1|A/cattle/Texas/24-008749-003/2024(H5N1)	2058	5747
PB1|PP755595.1|A/cattle/Texas/24-008749-003/2024(H5N1)	2059	5765
PB1|PP755595.1|A/cattle/Texas/24-008749-003/2024(H5N1)	2060	5723
PB1|PP755595.1|A/cattle/Texas/24-008749-003/2024(H5N1)	2061	5766
PB1|PP755595.1|A/cattle/Texas/24-008749-003/2024(H5N1)	2062	5741
PB1|PP755595.1|A/cattle/Texas/24-008749-003/2024(H5N1)	2063	5731
PB1|PP755595.1|A/cattle/Texas/24-008749-003/2024(H5N1)	2064	5728
PB1|PP755595.1|A/cattle/Texas/24-008749-003/2024(H5N1)	2065	5579
PB1|PP755595.1|A/cattle/Texas/24-008749-003/2024(H5N1)	2066	5541
PB1|PP755595.1|A/cattle/Texas/24-008749-003/2024(H5N1)	2067	4540
PB1|PP755595.1|A/cattle/Texas/24-008749-003/2024(H5N1)	2068	4506
PB1|PP755595.1|A/cattle/Texas/24-008749-003/2024(H5N1)	2069	4480
PB1|PP755595.1|A/cattle/Texas/24-008749-003/2024(H5N1)	2070	4460
PB1|PP755595.1|A/cattle/Texas/24-008749-003/2024(H5N1)	2071	4492
PB1|PP755595.1|A/cattle/Texas/24-008749-003/2024(H5N1)	2072	4492
PB1|PP755595.1|A/cattle/Texas/24-008749-003/2024(H5N1)	2073	4461
PB1|PP755595.1|A/cattle/Texas/24-008749-003/2024(H5N1)	2074	4575
PB1|PP755595.1|A/cattle/Texas/24-008749-003/2024(H5N1)	2075	4596
PB1|PP755595.1|A/cattle/Texas/24-008749-003/2024(H5N1)	2076	4597
PB1|PP755595.1|A/cattle/Texas/24-008749-003/2024(H5N1)	2077	4597
PB1|PP755595.1|A/cattle/Texas/24-008749-003/2024(H5N1)	2078	4597
PB1|PP755595.1|A/cattle/Texas/24-008749-003/2024(H5N1)	2079	4597
PB1|PP755595.1|A/cattle/Texas/24-008749-003/2024(H5N1)	2080	4597
PB1|PP755595.1|A/cattle/Texas/24-008749-003/2024(H5N1)	2081	4622
PB1|PP755595.1|A/cattle/Texas/24-008749-003/2024(H5N1)	2082	4625
PB1|PP755595.1|A/cattle/Texas/24-008749-003/2024(H5N1)	2083	4658
PB1|PP755595.1|A/cattle/Texas/24-008749-003/2024(H5N1)	2084	4725
PB1|PP755595.1|A/cattle/Texas/24-008749-003/2024(H5N1)	2085	4776
PB1|PP755595.1|A/cattle/Texas/24-008749-003/2024(H5N1)	2086	4784
PB1|PP755595.1|A/cattle/Texas/24-008749-003/2024(H5N1)	2087	4784
PB1|PP755595.1|A/cattle/Texas/24-008749-003/2024(H5N1)	2088	4784
PB1|PP755595.1|A/cattle/Texas/24-008749-003/2024(H5N1)	2089	4786
PB1|PP755595.1|A/cattle/Texas/24-008749-003/2024(H5N1)	2090	4782
PB1|PP755595.1|A/cattle/Texas/24-008749-003/2024(H5N1)	2091	4787
PB1|PP755595.1|A/cattle/Texas/24-008749-003/2024(H5N1)	2092	5411
PB1|PP755595.1|A/cattle/Texas/24-008749-003/2024(H5N1)	2093	5557
PB1|PP755595.1|A/cattle/Texas/24-008749-003/2024(H5N1)	2094	5572
PB1|PP755595.1|A/cattle/Texas/24-008749-003/2024(H5N1)	2095	5591
PB1|PP755595.1|A/cattle/Texas/24-008749-003/2024(H5N1)	2096	5693
PB1|PP755595.1|A/cattle/Texas/24-008749-003/2024(H5N1)	2097	5712
PB1|PP755595.1|A/cattle/Texas/24-008749-003/2024(H5N1)	2098	5794
PB1|PP755595.1|A/cattle/Texas/24-008749-003/2024(H5N1)	2099	5815
PB1|PP755595.1|A/cattle/Texas/24-008749-003/2024(H5N1)	2100	5843
PB1|PP755595.1|A/cattle/Texas/24-008749-003/2024(H5N1)	2101	5848
PB1|PP755595.1|A/cattle/Texas/24-008749-003/2024(H5N1)	2102	5848
PB1|PP755595.1|A/cattle/Texas/24-008749-003/2024(H5N1)	2103	5658
PB1|PP755595.1|A/cattle/Texas/24-008749-003/2024(H5N1)	2104	5658
PB1|PP755595.1|A/cattle/Texas/24-008749-003/2024(H5N1)	2105	5697
PB1|PP755595.1|A/cattle/Texas/24-008749-003/2024(H5N1)	2106	6128
PB1|PP755595.1|A/cattle/Texas/24-008749-003/2024(H5N1)	2107	6341
PB1|PP755595.1|A/cattle/Texas/24-008749-003/2024(H5N1)	2108	6354
PB1|PP755595.1|A/cattle/Texas/24-008749-003/2024(H5N1)	2109	6424
PB1|PP755595.1|A/cattle/Texas/24-008749-003/2024(H5N1)	2110	6510
PB1|PP755595.1|A/cattle/Texas/24-008749-003/2024(H5N1)	2111	6519
PB1|PP755595.1|A/cattle/Texas/24-008749-003/2024(H5N1)	2112	6628
PB1|PP755595.1|A/cattle/Texas/24-008749-003/2024(H5N1)	2113	6658
PB1|PP755595.1|A/cattle/Texas/24-008749-003/2024(H5N1)	2114	6630
PB1|PP755595.1|A/cattle/Texas/24-008749-003/2024(H5N1)	2115	6649
PB1|PP755595.1|A/cattle/Texas/24-008749-003/2024(H5N1)	2116	6515
PB1|PP755595.1|A/cattle/Texas/24-008749-003/2024(H5N1)	2117	6375
PB1|PP755595.1|A/cattle/Texas/24-008749-003/2024(H5N1)	2118	6456
PB1|PP755595.1|A/cattle/Texas/24-008749-003/2024(H5N1)	2119	6284
PB1|PP755595.1|A/cattle/Texas/24-008749-003/2024(H5N1)	2120	6281
PB1|PP755595.1|A/cattle/Texas/24-008749-003/2024(H5N1)	2121	6123
PB1|PP755595.1|A/cattle/Texas/24-008749-003/2024(H5N1)	2122	6151
PB1|PP755595.1|A/cattle/Texas/24-008749-003/2024(H5N1)	2123	6159
PB1|PP755595.1|A/cattle/Texas/24-008749-003/2024(H5N1)	2124	6159
PB1|PP755595.1|A/cattle/Texas/24-008749-003/2024(H5N1)	2125	6194
PB1|PP755595.1|A/cattle/Texas/24-008749-003/2024(H5N1)	2126	6237
PB1|PP755595.1|A/cattle/Texas/24-008749-003/2024(H5N1)	2127	6242
PB1|PP755595.1|A/cattle/Texas/24-008749-003/2024(H5N1)	2128	6246
PB1|PP755595.1|A/cattle/Texas/24-008749-003/2024(H5N1)	2129	6252
PB1|PP755595.1|A/cattle/Texas/24-008749-003/2024(H5N1)	2130	6287
PB1|PP755595.1|A/cattle/Texas/24-008749-003/2024(H5N1)	2131	6305
PB1|PP755595.1|A/cattle/Texas/24-008749-003/2024(H5N1)	2132	6299
PB1|PP755595.1|A/cattle/Texas/24-008749-003/2024(H5N1)	2133	6256
PB1|PP755595.1|A/cattle/Texas/24-008749-003/2024(H5N1)	2134	6415
PB1|PP755595.1|A/cattle/Texas/24-008749-003/2024(H5N1)	2135	6231
PB1|PP755595.1|A/cattle/Texas/24-008749-003/2024(H5N1)	2136	6228
PB1|PP755595.1|A/cattle/Texas/24-008749-003/2024(H5N1)	2137	6219
PB1|PP755595.1|A/cattle/Texas/24-008749-003/2024(H5N1)	2138	6237
PB1|PP755595.1|A/cattle/Texas/24-008749-003/2024(H5N1)	2139	6242
PB1|PP755595.1|A/cattle/Texas/24-008749-003/2024(H5N1)	2140	6470
PB1|PP755595.1|A/cattle/Texas/24-008749-003/2024(H5N1)	2141	6421
PB1|PP755595.1|A/cattle/Texas/24-008749-003/2024(H5N1)	2142	6442
PB1|PP755595.1|A/cattle/Texas/24-008749-003/2024(H5N1)	2143	6304
PB1|PP755595.1|A/cattle/Texas/24-008749-003/2024(H5N1)	2144	6303
PB1|PP755595.1|A/cattle/Texas/24-008749-003/2024(H5N1)	2145	6290
PB1|PP755595.1|A/cattle/Texas/24-008749-003/2024(H5N1)	2146	6300
PB1|PP755595.1|A/cattle/Texas/24-008749-003/2024(H5N1)	2147	6260
PB1|PP755595.1|A/cattle/Texas/24-008749-003/2024(H5N1)	2148	6269
PB1|PP755595.1|A/cattle/Texas/24-008749-003/2024(H5N1)	2149	6299
PB1|PP755595.1|A/cattle/Texas/24-008749-003/2024(H5N1)	2150	6298
PB1|PP755595.1|A/cattle/Texas/24-008749-003/2024(H5N1)	2151	6208
PB1|PP755595.1|A/cattle/Texas/24-008749-003/2024(H5N1)	2152	5859
PB1|PP755595.1|A/cattle/Texas/24-008749-003/2024(H5N1)	2153	5803
PB1|PP755595.1|A/cattle/Texas/24-008749-003/2024(H5N1)	2154	5837
PB1|PP755595.1|A/cattle/Texas/24-008749-003/2024(H5N1)	2155	5859
PB1|PP755595.1|A/cattle/Texas/24-008749-003/2024(H5N1)	2156	5768
PB1|PP755595.1|A/cattle/Texas/24-008749-003/2024(H5N1)	2157	5793
PB1|PP755595.1|A/cattle/Texas/24-008749-003/2024(H5N1)	2158	5734
PB1|PP755595.1|A/cattle/Texas/24-008749-003/2024(H5N1)	2159	5700
PB1|PP755595.1|A/cattle/Texas/24-008749-003/2024(H5N1)	2160	5699
PB1|PP755595.1|A/cattle/Texas/24-008749-003/2024(H5N1)	2161	5648
PB1|PP755595.1|A/cattle/Texas/24-008749-003/2024(H5N1)	2162	5651
PB1|PP755595.1|A/cattle/Texas/24-008749-003/2024(H5N1)	2163	5601
PB1|PP755595.1|A/cattle/Texas/24-008749-003/2024(H5N1)	2164	5582
PB1|PP755595.1|A/cattle/Texas/24-008749-003/2024(H5N1)	2165	5537
PB1|PP755595.1|A/cattle/Texas/24-008749-003/2024(H5N1)	2166	6036
PB1|PP755595.1|A/cattle/Texas/24-008749-003/2024(H5N1)	2167	6092
PB1|PP755595.1|A/cattle/Texas/24-008749-003/2024(H5N1)	2168	6090
PB1|PP755595.1|A/cattle/Texas/24-008749-003/2024(H5N1)	2169	6282
PB1|PP755595.1|A/cattle/Texas/24-008749-003/2024(H5N1)	2170	6288
PB1|PP755595.1|A/cattle/Texas/24-008749-003/2024(H5N1)	2171	6409
PB1|PP755595.1|A/cattle/Texas/24-008749-003/2024(H5N1)	2172	6193
PB1|PP755595.1|A/cattle/Texas/24-008749-003/2024(H5N1)	2173	6149
PB1|PP755595.1|A/cattle/Texas/24-008749-003/2024(H5N1)	2174	5976
PB1|PP755595.1|A/cattle/Texas/24-008749-003/2024(H5N1)	2175	5978
PB1|PP755595.1|A/cattle/Texas/24-008749-003/2024(H5N1)	2176	5973
PB1|PP755595.1|A/cattle/Texas/24-008749-003/2024(H5N1)	2177	5950
PB1|PP755595.1|A/cattle/Texas/24-008749-003/2024(H5N1)	2178	5949
PB1|PP755595.1|A/cattle/Texas/24-008749-003/2024(H5N1)	2179	5950
PB1|PP755595.1|A/cattle/Texas/24-008749-003/2024(H5N1)	2180	5936
PB1|PP755595.1|A/cattle/Texas/24-008749-003/2024(H5N1)	2181	5958
PB1|PP755595.1|A/cattle/Texas/24-008749-003/2024(H5N1)	2182	5944
PB1|PP755595.1|A/cattle/Texas/24-008749-003/2024(H5N1)	2183	5913
PB1|PP755595.1|A/cattle/Texas/24-008749-003/2024(H5N1)	2184	5779
PB1|PP755595.1|A/cattle/Texas/24-008749-003/2024(H5N1)	2185	5788
PB1|PP755595.1|A/cattle/Texas/24-008749-003/2024(H5N1)	2186	5780
PB1|PP755595.1|A/cattle/Texas/24-008749-003/2024(H5N1)	2187	5778
PB1|PP755595.1|A/cattle/Texas/24-008749-003/2024(H5N1)	2188	5717
PB1|PP755595.1|A/cattle/Texas/24-008749-003/2024(H5N1)	2189	5717
PB1|PP755595.1|A/cattle/Texas/24-008749-003/2024(H5N1)	2190	5577
PB1|PP755595.1|A/cattle/Texas/24-008749-003/2024(H5N1)	2191	5576
PB1|PP755595.1|A/cattle/Texas/24-008749-003/2024(H5N1)	2192	5592
PB1|PP755595.1|A/cattle/Texas/24-008749-003/2024(H5N1)	2193	5576
PB1|PP755595.1|A/cattle/Texas/24-008749-003/2024(H5N1)	2194	5505
PB1|PP755595.1|A/cattle/Texas/24-008749-003/2024(H5N1)	2195	5468
PB1|PP755595.1|A/cattle/Texas/24-008749-003/2024(H5N1)	2196	5443
PB1|PP755595.1|A/cattle/Texas/24-008749-003/2024(H5N1)	2197	5441
PB1|PP755595.1|A/cattle/Texas/24-008749-003/2024(H5N1)	2198	5423
PB1|PP755595.1|A/cattle/Texas/24-008749-003/2024(H5N1)	2199	5413
PB1|PP755595.1|A/cattle/Texas/24-008749-003/2024(H5N1)	2200	5344
PB1|PP755595.1|A/cattle/Texas/24-008749-003/2024(H5N1)	2201	5236
PB1|PP755595.1|A/cattle/Texas/24-008749-003/2024(H5N1)	2202	5214
PB1|PP755595.1|A/cattle/Texas/24-008749-003/2024(H5N1)	2203	5189
PB1|PP755595.1|A/cattle/Texas/24-008749-003/2024(H5N1)	2204	5162
PB1|PP755595.1|A/cattle/Texas/24-008749-003/2024(H5N1)	2205	5151
PB1|PP755595.1|A/cattle/Texas/24-008749-003/2024(H5N1)	2206	5145
PB1|PP755595.1|A/cattle/Texas/24-008749-003/2024(H5N1)	2207	5028
PB1|PP755595.1|A/cattle/Texas/24-008749-003/2024(H5N1)	2208	4996
PB1|PP755595.1|A/cattle/Texas/24-008749-003/2024(H5N1)	2209	5045
PB1|PP755595.1|A/cattle/Texas/24-008749-003/2024(H5N1)	2210	5045
PB1|PP755595.1|A/cattle/Texas/24-008749-003/2024(H5N1)	2211	4988
PB1|PP755595.1|A/cattle/Texas/24-008749-003/2024(H5N1)	2212	4942
PB1|PP755595.1|A/cattle/Texas/24-008749-003/2024(H5N1)	2213	4930
PB1|PP755595.1|A/cattle/Texas/24-008749-003/2024(H5N1)	2214	4924
PB1|PP755595.1|A/cattle/Texas/24-008749-003/2024(H5N1)	2215	4945
PB1|PP755595.1|A/cattle/Texas/24-008749-003/2024(H5N1)	2216	4916
PB1|PP755595.1|A/cattle/Texas/24-008749-003/2024(H5N1)	2217	4910
PB1|PP755595.1|A/cattle/Texas/24-008749-003/2024(H5N1)	2218	4841
PB1|PP755595.1|A/cattle/Texas/24-008749-003/2024(H5N1)	2219	4826
PB1|PP755595.1|A/cattle/Texas/24-008749-003/2024(H5N1)	2220	4805
PB1|PP755595.1|A/cattle/Texas/24-008749-003/2024(H5N1)	2221	4750
PB1|PP755595.1|A/cattle/Texas/24-008749-003/2024(H5N1)	2222	4730
PB1|PP755595.1|A/cattle/Texas/24-008749-003/2024(H5N1)	2223	4726
PB1|PP755595.1|A/cattle/Texas/24-008749-003/2024(H5N1)	2224	4724
PB1|PP755595.1|A/cattle/Texas/24-008749-003/2024(H5N1)	2225	4578
PB1|PP755595.1|A/cattle/Texas/24-008749-003/2024(H5N1)	2226	4564
PB1|PP755595.1|A/cattle/Texas/24-008749-003/2024(H5N1)	2227	4569
PB1|PP755595.1|A/cattle/Texas/24-008749-003/2024(H5N1)	2228	4565
PB1|PP755595.1|A/cattle/Texas/24-008749-003/2024(H5N1)	2229	4561
PB1|PP755595.1|A/cattle/Texas/24-008749-003/2024(H5N1)	2230	4541
PB1|PP755595.1|A/cattle/Texas/24-008749-003/2024(H5N1)	2231	4544
PB1|PP755595.1|A/cattle/Texas/24-008749-003/2024(H5N1)	2232	4523
PB1|PP755595.1|A/cattle/Texas/24-008749-003/2024(H5N1)	2233	4532
PB1|PP755595.1|A/cattle/Texas/24-008749-003/2024(H5N1)	2234	4501
PB1|PP755595.1|A/cattle/Texas/24-008749-003/2024(H5N1)	2235	4425
PB1|PP755595.1|A/cattle/Texas/24-008749-003/2024(H5N1)	2236	4364
PB1|PP755595.1|A/cattle/Texas/24-008749-003/2024(H5N1)	2237	4351
PB1|PP755595.1|A/cattle/Texas/24-008749-003/2024(H5N1)	2238	4330
PB1|PP755595.1|A/cattle/Texas/24-008749-003/2024(H5N1)	2239	4187
PB1|PP755595.1|A/cattle/Texas/24-008749-003/2024(H5N1)	2240	4193
PB1|PP755595.1|A/cattle/Texas/24-008749-003/2024(H5N1)	2241	4192
PB1|PP755595.1|A/cattle/Texas/24-008749-003/2024(H5N1)	2242	4192
PB1|PP755595.1|A/cattle/Texas/24-008749-003/2024(H5N1)	2243	4186
PB1|PP755595.1|A/cattle/Texas/24-008749-003/2024(H5N1)	2244	4030
PB1|PP755595.1|A/cattle/Texas/24-008749-003/2024(H5N1)	2245	4021
PB1|PP755595.1|A/cattle/Texas/24-008749-003/2024(H5N1)	2246	4017
PB1|PP755595.1|A/cattle/Texas/24-008749-003/2024(H5N1)	2247	3895
PB1|PP755595.1|A/cattle/Texas/24-008749-003/2024(H5N1)	2248	3878
PB1|PP755595.1|A/cattle/Texas/24-008749-003/2024(H5N1)	2249	3790
PB1|PP755595.1|A/cattle/Texas/24-008749-003/2024(H5N1)	2250	3765
PB1|PP755595.1|A/cattle/Texas/24-008749-003/2024(H5N1)	2251	3738
PB1|PP755595.1|A/cattle/Texas/24-008749-003/2024(H5N1)	2252	3733
PB1|PP755595.1|A/cattle/Texas/24-008749-003/2024(H5N1)	2253	3723
PB1|PP755595.1|A/cattle/Texas/24-008749-003/2024(H5N1)	2254	3705
PB1|PP755595.1|A/cattle/Texas/24-008749-003/2024(H5N1)	2255	3215
PB1|PP755595.1|A/cattle/Texas/24-008749-003/2024(H5N1)	2256	3197
PB1|PP755595.1|A/cattle/Texas/24-008749-003/2024(H5N1)	2257	3068
PB1|PP755595.1|A/cattle/Texas/24-008749-003/2024(H5N1)	2258	3036
PB1|PP755595.1|A/cattle/Texas/24-008749-003/2024(H5N1)	2259	3033
PB1|PP755595.1|A/cattle/Texas/24-008749-003/2024(H5N1)	2260	2982
PB1|PP755595.1|A/cattle/Texas/24-008749-003/2024(H5N1)	2261	2920
PB1|PP755595.1|A/cattle/Texas/24-008749-003/2024(H5N1)	2262	2912
PB1|PP755595.1|A/cattle/Texas/24-008749-003/2024(H5N1)	2263	2837
PB1|PP755595.1|A/cattle/Texas/24-008749-003/2024(H5N1)	2264	2803
PB1|PP755595.1|A/cattle/Texas/24-008749-003/2024(H5N1)	2265	2677
PB1|PP755595.1|A/cattle/Texas/24-008749-003/2024(H5N1)	2266	2656
PB1|PP755595.1|A/cattle/Texas/24-008749-003/2024(H5N1)	2267	2655
PB1|PP755595.1|A/cattle/Texas/24-008749-003/2024(H5N1)	2268	2624
PB1|PP755595.1|A/cattle/Texas/24-008749-003/2024(H5N1)	2269	2623
PB1|PP755595.1|A/cattle/Texas/24-008749-003/2024(H5N1)	2270	2621
PB1|PP755595.1|A/cattle/Texas/24-008749-003/2024(H5N1)	2271	2618
PB1|PP755595.1|A/cattle/Texas/24-008749-003/2024(H5N1)	2272	2613
PB1|PP755595.1|A/cattle/Texas/24-008749-003/2024(H5N1)	2273	2583
PB1|PP755595.1|A/cattle/Texas/24-008749-003/2024(H5N1)	2274	2570
