MP|PP755590.1|A/cattle/Texas/24-008749-003/2024(H5N1)	1	14307
MP|PP755590.1|A/cattle/Texas/24-008749-003/2024(H5N1)	2	14457
MP|PP755590.1|A/cattle/Texas/24-008749-003/2024(H5N1)	3	14481
MP|PP755590.1|A/cattle/Texas/24-008749-003/2024(H5N1)	4	14513
MP|PP755590.1|A/cattle/Texas/24-008749-003/2024(H5N1)	5	15235
MP|PP755590.1|A/cattle/Texas/24-008749-003/2024(H5N1)	6	15628
MP|PP755590.1|A/cattle/Texas/24-008749-003/2024(H5N1)	7	16860
MP|PP755590.1|A/cattle/Texas/24-008749-003/2024(H5N1)	8	17405
MP|PP755590.1|A/cattle/Texas/24-008749-003/2024(H5N1)	9	17570
MP|PP755590.1|A/cattle/Texas/24-008749-003/2024(H5N1)	10	17600
MP|PP755590.1|A/cattle/Texas/24-008749-003/2024(H5N1)	11	17690
MP|PP755590.1|A/cattle/Texas/24-008749-003/2024(H5N1)	12	17864
MP|PP755590.1|A/cattle/Texas/24-008749-003/2024(H5N1)	13	17979
MP|PP755590.1|A/cattle/Texas/24-008749-003/2024(H5N1)	14	17984
MP|PP755590.1|A/cattle/Texas/24-008749-003/2024(H5N1)	15	17986
MP|PP755590.1|A/cattle/Texas/24-008749-003/2024(H5N1)	16	17993
MP|PP755590.1|A/cattle/Texas/24-008749-003/2024(H5N1)	17	18116
MP|PP755590.1|A/cattle/Texas/24-008749-003/2024(H5N1)	18	18268
MP|PP755590.1|A/cattle/Texas/24-008749-003/2024(H5N1)	19	19048
MP|PP755590.1|A/cattle/Texas/24-008749-003/2024(H5N1)	20	19056
MP|PP755590.1|A/cattle/Texas/24-008749-003/2024(H5N1)	21	19065
MP|PP755590.1|A/cattle/Texas/24-008749-003/2024(H5N1)	22	19077
MP|PP755590.1|A/cattle/Texas/24-008749-003/2024(H5N1)	23	19567
MP|PP755590.1|A/cattle/Texas/24-008749-003/2024(H5N1)	24	19606
MP|PP755590.1|A/cattle/Texas/24-008749-003/2024(H5N1)	25	19677
MP|PP755590.1|A/cattle/Texas/24-008749-003/2024(H5N1)	26	20333
MP|PP755590.1|A/cattle/Texas/24-008749-003/2024(H5N1)	27	20391
MP|PP755590.1|A/cattle/Texas/24-008749-003/2024(H5N1)	28	20481
MP|PP755590.1|A/cattle/Texas/24-008749-003/2024(H5N1)	29	20520
MP|PP755590.1|A/cattle/Texas/24-008749-003/2024(H5N1)	30	20647
MP|PP755590.1|A/cattle/Texas/24-008749-003/2024(H5N1)	31	20748
MP|PP755590.1|A/cattle/Texas/24-008749-003/2024(H5N1)	32	20813
MP|PP755590.1|A/cattle/Texas/24-008749-003/2024(H5N1)	33	21396
MP|PP755590.1|A/cattle/Texas/24-008749-003/2024(H5N1)	34	21775
MP|PP755590.1|A/cattle/Texas/24-008749-003/2024(H5N1)	35	21792
MP|PP755590.1|A/cattle/Texas/24-008749-003/2024(H5N1)	36	22563
MP|PP755590.1|A/cattle/Texas/24-008749-003/2024(H5N1)	37	22567
MP|PP755590.1|A/cattle/Texas/24-008749-003/2024(H5N1)	38	23518
MP|PP755590.1|A/cattle/Texas/24-008749-003/2024(H5N1)	39	23559
MP|PP755590.1|A/cattle/Texas/24-008749-003/2024(H5N1)	40	23709
MP|PP755590.1|A/cattle/Texas/24-008749-003/2024(H5N1)	41	23717
MP|PP755590.1|A/cattle/Texas/24-008749-003/2024(H5N1)	42	23725
MP|PP755590.1|A/cattle/Texas/24-008749-003/2024(H5N1)	43	23829
MP|PP755590.1|A/cattle/Texas/24-008749-003/2024(H5N1)	44	23843
MP|PP755590.1|A/cattle/Texas/24-008749-003/2024(H5N1)	45	23939
MP|PP755590.1|A/cattle/Texas/24-008749-003/2024(H5N1)	46	24127
MP|PP755590.1|A/cattle/Texas/24-008749-003/2024(H5N1)	47	24428
MP|PP755590.1|A/cattle/Texas/24-008749-003/2024(H5N1)	48	24553
MP|PP755590.1|A/cattle/Texas/24-008749-003/2024(H5N1)	49	24583
MP|PP755590.1|A/cattle/Texas/24-008749-003/2024(H5N1)	50	24655
MP|PP755590.1|A/cattle/Texas/24-008749-003/2024(H5N1)	51	24669
MP|PP755590.1|A/cattle/Texas/24-008749-003/2024(H5N1)	52	24919
MP|PP755590.1|A/cattle/Texas/24-008749-003/2024(H5N1)	53	25510
MP|PP755590.1|A/cattle/Texas/24-008749-003/2024(H5N1)	54	25524
MP|PP755590.1|A/cattle/Texas/24-008749-003/2024(H5N1)	55	25549
MP|PP755590.1|A/cattle/Texas/24-008749-003/2024(H5N1)	56	25959
MP|PP755590.1|A/cattle/Texas/24-008749-003/2024(H5N1)	57	27718
MP|PP755590.1|A/cattle/Texas/24-008749-003/2024(H5N1)	58	27761
MP|PP755590.1|A/cattle/Texas/24-008749-003/2024(H5N1)	59	27917
MP|PP755590.1|A/cattle/Texas/24-008749-003/2024(H5N1)	60	27933
MP|PP755590.1|A/cattle/Texas/24-008749-003/2024(H5N1)	61	28153
MP|PP755590.1|A/cattle/Texas/24-008749-003/2024(H5N1)	62	28186
MP|PP755590.1|A/cattle/Texas/24-008749-003/2024(H5N1)	63	28485
MP|PP755590.1|A/cattle/Texas/24-008749-003/2024(H5N1)	64	28576
MP|PP755590.1|A/cattle/Texas/24-008749-003/2024(H5N1)	65	28767
MP|PP755590.1|A/cattle/Texas/24-008749-003/2024(H5N1)	66	28626
MP|PP755590.1|A/cattle/Texas/24-008749-003/2024(H5N1)	67	28623
MP|PP755590.1|A/cattle/Texas/24-008749-003/2024(H5N1)	68	28733
MP|PP755590.1|A/cattle/Texas/24-008749-003/2024(H5N1)	69	28750
MP|PP755590.1|A/cattle/Texas/24-008749-003/2024(H5N1)	70	29651
MP|PP755590.1|A/cattle/Texas/24-008749-003/2024(H5N1)	71	29656
MP|PP755590.1|A/cattle/Texas/24-008749-003/2024(H5N1)	72	29636
MP|PP755590.1|A/cattle/Texas/24-008749-003/2024(H5N1)	73	29806
MP|PP755590.1|A/cattle/Texas/24-008749-003/2024(H5N1)	74	30074
MP|PP755590.1|A/cattle/Texas/24-008749-003/2024(H5N1)	75	30081
MP|PP755590.1|A/cattle/Texas/24-008749-003/2024(H5N1)	76	30551
MP|PP755590.1|A/cattle/Texas/24-008749-003/2024(H5N1)	77	30540
MP|PP755590.1|A/cattle/Texas/24-008749-003/2024(H5N1)	78	30647
MP|PP755590.1|A/cattle/Texas/24-008749-003/2024(H5N1)	79	31557
MP|PP755590.1|A/cattle/Texas/24-008749-003/2024(H5N1)	80	33538
MP|PP755590.1|A/cattle/Texas/24-008749-003/2024(H5N1)	81	33694
MP|PP755590.1|A/cattle/Texas/24-008749-003/2024(H5N1)	82	33996
MP|PP755590.1|A/cattle/Texas/24-008749-003/2024(H5N1)	83	34441
MP|PP755590.1|A/cattle/Texas/24-008749-003/2024(H5N1)	84	34682
MP|PP755590.1|A/cattle/Texas/24-008749-003/2024(H5N1)	85	35000
MP|PP755590.1|A/cattle/Texas/24-008749-003/2024(H5N1)	86	35095
MP|PP755590.1|A/cattle/Texas/24-008749-003/2024(H5N1)	87	35086
MP|PP755590.1|A/cattle/Texas/24-008749-003/2024(H5N1)	88	35096
MP|PP755590.1|A/cattle/Texas/24-008749-003/2024(H5N1)	89	34740
MP|PP755590.1|A/cattle/Texas/24-008749-003/2024(H5N1)	90	34844
MP|PP755590.1|A/cattle/Texas/24-008749-003/2024(H5N1)	91	34843
MP|PP755590.1|A/cattle/Texas/24-008749-003/2024(H5N1)	92	34978
MP|PP755590.1|A/cattle/Texas/24-008749-003/2024(H5N1)	93	35030
MP|PP755590.1|A/cattle/Texas/24-008749-003/2024(H5N1)	94	34950
MP|PP755590.1|A/cattle/Texas/24-008749-003/2024(H5N1)	95	35123
MP|PP755590.1|A/cattle/Texas/24-008749-003/2024(H5N1)	96	35678
MP|PP755590.1|A/cattle/Texas/24-008749-003/2024(H5N1)	97	35803
MP|PP755590.1|A/cattle/Texas/24-008749-003/2024(H5N1)	98	35833
MP|PP755590.1|A/cattle/Texas/24-008749-003/2024(H5N1)	99	35807
MP|PP755590.1|A/cattle/Texas/24-008749-003/2024(H5N1)	100	36231
MP|PP755590.1|A/cattle/Texas/24-008749-003/2024(H5N1)	101	36324
MP|PP755590.1|A/cattle/Texas/24-008749-003/2024(H5N1)	102	37094
MP|PP755590.1|A/cattle/Texas/24-008749-003/2024(H5N1)	103	37116
MP|PP755590.1|A/cattle/Texas/24-008749-003/2024(H5N1)	104	37091
MP|PP755590.1|A/cattle/Texas/24-008749-003/2024(H5N1)	105	37299
MP|PP755590.1|A/cattle/Texas/24-008749-003/2024(H5N1)	106	37426
MP|PP755590.1|A/cattle/Texas/24-008749-003/2024(H5N1)	107	37521
MP|PP755590.1|A/cattle/Texas/24-008749-003/2024(H5N1)	108	37663
MP|PP755590.1|A/cattle/Texas/24-008749-003/2024(H5N1)	109	37537
MP|PP755590.1|A/cattle/Texas/24-008749-003/2024(H5N1)	110	37757
MP|PP755590.1|A/cattle/Texas/24-008749-003/2024(H5N1)	111	37481
MP|PP755590.1|A/cattle/Texas/24-008749-003/2024(H5N1)	112	37525
MP|PP755590.1|A/cattle/Texas/24-008749-003/2024(H5N1)	113	38467
MP|PP755590.1|A/cattle/Texas/24-008749-003/2024(H5N1)	114	38542
MP|PP755590.1|A/cattle/Texas/24-008749-003/2024(H5N1)	115	38772
MP|PP755590.1|A/cattle/Texas/24-008749-003/2024(H5N1)	116	38746
MP|PP755590.1|A/cattle/Texas/24-008749-003/2024(H5N1)	117	38715
MP|PP755590.1|A/cattle/Texas/24-008749-003/2024(H5N1)	118	38720
MP|PP755590.1|A/cattle/Texas/24-008749-003/2024(H5N1)	119	38761
MP|PP755590.1|A/cattle/Texas/24-008749-003/2024(H5N1)	120	38812
MP|PP755590.1|A/cattle/Texas/24-008749-003/2024(H5N1)	121	38861
MP|PP755590.1|A/cattle/Texas/24-008749-003/2024(H5N1)	122	38689
MP|PP755590.1|A/cattle/Texas/24-008749-003/2024(H5N1)	123	38870
MP|PP755590.1|A/cattle/Texas/24-008749-003/2024(H5N1)	124	35053
MP|PP755590.1|A/cattle/Texas/24-008749-003/2024(H5N1)	125	35427
MP|PP755590.1|A/cattle/Texas/24-008749-003/2024(H5N1)	126	34585
MP|PP755590.1|A/cattle/Texas/24-008749-003/2024(H5N1)	127	34610
MP|PP755590.1|A/cattle/Texas/24-008749-003/2024(H5N1)	128	33511
MP|PP755590.1|A/cattle/Texas/24-008749-003/2024(H5N1)	129	33508
MP|PP755590.1|A/cattle/Texas/24-008749-003/2024(H5N1)	130	33529
MP|PP755590.1|A/cattle/Texas/24-008749-003/2024(H5N1)	131	33433
MP|PP755590.1|A/cattle/Texas/24-008749-003/2024(H5N1)	132	34793
MP|PP755590.1|A/cattle/Texas/24-008749-003/2024(H5N1)	133	33858
MP|PP755590.1|A/cattle/Texas/24-008749-003/2024(H5N1)	134	34566
MP|PP755590.1|A/cattle/Texas/24-008749-003/2024(H5N1)	135	35296
MP|PP755590.1|A/cattle/Texas/24-008749-003/2024(H5N1)	136	34458
MP|PP755590.1|A/cattle/Texas/24-008749-003/2024(H5N1)	137	35215
MP|PP755590.1|A/cattle/Texas/24-008749-003/2024(H5N1)	138	35227
MP|PP755590.1|A/cattle/Texas/24-008749-003/2024(H5N1)	139	35200
MP|PP755590.1|A/cattle/Texas/24-008749-003/2024(H5N1)	140	36014
MP|PP755590.1|A/cattle/Texas/24-008749-003/2024(H5N1)	141	36272
MP|PP755590.1|A/cattle/Texas/24-008749-003/2024(H5N1)	142	37214
MP|PP755590.1|A/cattle/Texas/24-008749-003/2024(H5N1)	143	36708
MP|PP755590.1|A/cattle/Texas/24-008749-003/2024(H5N1)	144	36214
MP|PP755590.1|A/cattle/Texas/24-008749-003/2024(H5N1)	145	36240
MP|PP755590.1|A/cattle/Texas/24-008749-003/2024(H5N1)	146	37469
MP|PP755590.1|A/cattle/Texas/24-008749-003/2024(H5N1)	147	38338
MP|PP755590.1|A/cattle/Texas/24-008749-003/2024(H5N1)	148	38305
MP|PP755590.1|A/cattle/Texas/24-008749-003/2024(H5N1)	149	37893
MP|PP755590.1|A/cattle/Texas/24-008749-003/2024(H5N1)	150	37909
MP|PP755590.1|A/cattle/Texas/24-008749-003/2024(H5N1)	151	38101
MP|PP755590.1|A/cattle/Texas/24-008749-003/2024(H5N1)	152	38167
MP|PP755590.1|A/cattle/Texas/24-008749-003/2024(H5N1)	153	38542
MP|PP755590.1|A/cattle/Texas/24-008749-003/2024(H5N1)	154	36550
MP|PP755590.1|A/cattle/Texas/24-008749-003/2024(H5N1)	155	36859
MP|PP755590.1|A/cattle/Texas/24-008749-003/2024(H5N1)	156	36920
MP|PP755590.1|A/cattle/Texas/24-008749-003/2024(H5N1)	157	36929
MP|PP755590.1|A/cattle/Texas/24-008749-003/2024(H5N1)	158	36901
MP|PP755590.1|A/cattle/Texas/24-008749-003/2024(H5N1)	159	36914
MP|PP755590.1|A/cattle/Texas/24-008749-003/2024(H5N1)	160	37915
MP|PP755590.1|A/cattle/Texas/24-008749-003/2024(H5N1)	161	37764
MP|PP755590.1|A/cattle/Texas/24-008749-003/2024(H5N1)	162	37891
MP|PP755590.1|A/cattle/Texas/24-008749-003/2024(H5N1)	163	37903
MP|PP755590.1|A/cattle/Texas/24-008749-003/2024(H5N1)	164	37908
MP|PP755590.1|A/cattle/Texas/24-008749-003/2024(H5N1)	165	38587
MP|PP755590.1|A/cattle/Texas/24-008749-003/2024(H5N1)	166	38631
MP|PP755590.1|A/cattle/Texas/24-008749-003/2024(H5N1)	167	38450
MP|PP755590.1|A/cattle/Texas/24-008749-003/2024(H5N1)	168	38455
MP|PP755590.1|A/cattle/Texas/24-008749-003/2024(H5N1)	169	37778
MP|PP755590.1|A/cattle/Texas/24-008749-003/2024(H5N1)	170	37517
MP|PP755590.1|A/cattle/Texas/24-008749-003/2024(H5N1)	171	37549
MP|PP755590.1|A/cattle/Texas/24-008749-003/2024(H5N1)	172	37599
MP|PP755590.1|A/cattle/Texas/24-008749-003/2024(H5N1)	173	37650
MP|PP755590.1|A/cattle/Texas/24-008749-003/2024(H5N1)	174	37515
MP|PP755590.1|A/cattle/Texas/24-008749-003/2024(H5N1)	175	38036
MP|PP755590.1|A/cattle/Texas/24-008749-003/2024(H5N1)	176	37983
MP|PP755590.1|A/cattle/Texas/24-008749-003/2024(H5N1)	177	37731
MP|PP755590.1|A/cattle/Texas/24-008749-003/2024(H5N1)	178	37735
MP|PP755590.1|A/cattle/Texas/24-008749-003/2024(H5N1)	179	37677
MP|PP755590.1|A/cattle/Texas/24-008749-003/2024(H5N1)	180	37659
MP|PP755590.1|A/cattle/Texas/24-008749-003/2024(H5N1)	181	37838
MP|PP755590.1|A/cattle/Texas/24-008749-003/2024(H5N1)	182	37964
MP|PP755590.1|A/cattle/Texas/24-008749-003/2024(H5N1)	183	38009
MP|PP755590.1|A/cattle/Texas/24-008749-003/2024(H5N1)	184	37521
MP|PP755590.1|A/cattle/Texas/24-008749-003/2024(H5N1)	185	37339
MP|PP755590.1|A/cattle/Texas/24-008749-003/2024(H5N1)	186	37316
MP|PP755590.1|A/cattle/Texas/24-008749-003/2024(H5N1)	187	37100
MP|PP755590.1|A/cattle/Texas/24-008749-003/2024(H5N1)	188	37108
MP|PP755590.1|A/cattle/Texas/24-008749-003/2024(H5N1)	189	36394
MP|PP755590.1|A/cattle/Texas/24-008749-003/2024(H5N1)	190	36899
MP|PP755590.1|A/cattle/Texas/24-008749-003/2024(H5N1)	191	37220
MP|PP755590.1|A/cattle/Texas/24-008749-003/2024(H5N1)	192	37348
MP|PP755590.1|A/cattle/Texas/24-008749-003/2024(H5N1)	193	37348
MP|PP755590.1|A/cattle/Texas/24-008749-003/2024(H5N1)	194	38382
MP|PP755590.1|A/cattle/Texas/24-008749-003/2024(H5N1)	195	38386
MP|PP755590.1|A/cattle/Texas/24-008749-003/2024(H5N1)	196	37936
MP|PP755590.1|A/cattle/Texas/24-008749-003/2024(H5N1)	197	37791
MP|PP755590.1|A/cattle/Texas/24-008749-003/2024(H5N1)	198	38684
MP|PP755590.1|A/cattle/Texas/24-008749-003/2024(H5N1)	199	39006
MP|PP755590.1|A/cattle/Texas/24-008749-003/2024(H5N1)	200	39887
MP|PP755590.1|A/cattle/Texas/24-008749-003/2024(H5N1)	201	39993
MP|PP755590.1|A/cattle/Texas/24-008749-003/2024(H5N1)	202	40018
MP|PP755590.1|A/cattle/Texas/24-008749-003/2024(H5N1)	203	39370
MP|PP755590.1|A/cattle/Texas/24-008749-003/2024(H5N1)	204	39409
MP|PP755590.1|A/cattle/Texas/24-008749-003/2024(H5N1)	205	39719
MP|PP755590.1|A/cattle/Texas/24-008749-003/2024(H5N1)	206	39668
MP|PP755590.1|A/cattle/Texas/24-008749-003/2024(H5N1)	207	38245
MP|PP755590.1|A/cattle/Texas/24-008749-003/2024(H5N1)	208	37901
MP|PP755590.1|A/cattle/Texas/24-008749-003/2024(H5N1)	209	38253
MP|PP755590.1|A/cattle/Texas/24-008749-003/2024(H5N1)	210	39354
MP|PP755590.1|A/cattle/Texas/24-008749-003/2024(H5N1)	211	39584
MP|PP755590.1|A/cattle/Texas/24-008749-003/2024(H5N1)	212	40080
MP|PP755590.1|A/cattle/Texas/24-008749-003/2024(H5N1)	213	40184
MP|PP755590.1|A/cattle/Texas/24-008749-003/2024(H5N1)	214	40397
MP|PP755590.1|A/cattle/Texas/24-008749-003/2024(H5N1)	215	40524
MP|PP755590.1|A/cattle/Texas/24-008749-003/2024(H5N1)	216	40495
MP|PP755590.1|A/cattle/Texas/24-008749-003/2024(H5N1)	217	41337
MP|PP755590.1|A/cattle/Texas/24-008749-003/2024(H5N1)	218	41490
MP|PP755590.1|A/cattle/Texas/24-008749-003/2024(H5N1)	219	41232
MP|PP755590.1|A/cattle/Texas/24-008749-003/2024(H5N1)	220	43137
MP|PP755590.1|A/cattle/Texas/24-008749-003/2024(H5N1)	221	42421
MP|PP755590.1|A/cattle/Texas/24-008749-003/2024(H5N1)	222	42508
MP|PP755590.1|A/cattle/Texas/24-008749-003/2024(H5N1)	223	42363
MP|PP755590.1|A/cattle/Texas/24-008749-003/2024(H5N1)	224	42275
MP|PP755590.1|A/cattle/Texas/24-008749-003/2024(H5N1)	225	43105
MP|PP755590.1|A/cattle/Texas/24-008749-003/2024(H5N1)	226	42927
MP|PP755590.1|A/cattle/Texas/24-008749-003/2024(H5N1)	227	43019
MP|PP755590.1|A/cattle/Texas/24-008749-003/2024(H5N1)	228	43172
MP|PP755590.1|A/cattle/Texas/24-008749-003/2024(H5N1)	229	41953
MP|PP755590.1|A/cattle/Texas/24-008749-003/2024(H5N1)	230	41957
MP|PP755590.1|A/cattle/Texas/24-008749-003/2024(H5N1)	231	40665
MP|PP755590.1|A/cattle/Texas/24-008749-003/2024(H5N1)	232	40433
MP|PP755590.1|A/cattle/Texas/24-008749-003/2024(H5N1)	233	40500
MP|PP755590.1|A/cattle/Texas/24-008749-003/2024(H5N1)	234	39715
MP|PP755590.1|A/cattle/Texas/24-008749-003/2024(H5N1)	235	40058
MP|PP755590.1|A/cattle/Texas/24-008749-003/2024(H5N1)	236	40381
MP|PP755590.1|A/cattle/Texas/24-008749-003/2024(H5N1)	237	40372
MP|PP755590.1|A/cattle/Texas/24-008749-003/2024(H5N1)	238	41144
MP|PP755590.1|A/cattle/Texas/24-008749-003/2024(H5N1)	239	41638
MP|PP755590.1|A/cattle/Texas/24-008749-003/2024(H5N1)	240	41536
MP|PP755590.1|A/cattle/Texas/24-008749-003/2024(H5N1)	241	41488
MP|PP755590.1|A/cattle/Texas/24-008749-003/2024(H5N1)	242	41375
MP|PP755590.1|A/cattle/Texas/24-008749-003/2024(H5N1)	243	41547
MP|PP755590.1|A/cattle/Texas/24-008749-003/2024(H5N1)	244	41968
MP|PP755590.1|A/cattle/Texas/24-008749-003/2024(H5N1)	245	41481
MP|PP755590.1|A/cattle/Texas/24-008749-003/2024(H5N1)	246	42506
MP|PP755590.1|A/cattle/Texas/24-008749-003/2024(H5N1)	247	41945
MP|PP755590.1|A/cattle/Texas/24-008749-003/2024(H5N1)	248	41980
MP|PP755590.1|A/cattle/Texas/24-008749-003/2024(H5N1)	249	42960
MP|PP755590.1|A/cattle/Texas/24-008749-003/2024(H5N1)	250	43005
MP|PP755590.1|A/cattle/Texas/24-008749-003/2024(H5N1)	251	43208
MP|PP755590.1|A/cattle/Texas/24-008749-003/2024(H5N1)	252	43475
MP|PP755590.1|A/cattle/Texas/24-008749-003/2024(H5N1)	253	42805
MP|PP755590.1|A/cattle/Texas/24-008749-003/2024(H5N1)	254	43384
MP|PP755590.1|A/cattle/Texas/24-008749-003/2024(H5N1)	255	43590
MP|PP755590.1|A/cattle/Texas/24-008749-003/2024(H5N1)	256	43294
MP|PP755590.1|A/cattle/Texas/24-008749-003/2024(H5N1)	257	43466
MP|PP755590.1|A/cattle/Texas/24-008749-003/2024(H5N1)	258	43467
MP|PP755590.1|A/cattle/Texas/24-008749-003/2024(H5N1)	259	44341
MP|PP755590.1|A/cattle/Texas/24-008749-003/2024(H5N1)	260	44528
MP|PP755590.1|A/cattle/Texas/24-008749-003/2024(H5N1)	261	44373
MP|PP755590.1|A/cattle/Texas/24-008749-003/2024(H5N1)	262	44389
MP|PP755590.1|A/cattle/Texas/24-008749-003/2024(H5N1)	263	44435
MP|PP755590.1|A/cattle/Texas/24-008749-003/2024(H5N1)	264	43653
MP|PP755590.1|A/cattle/Texas/24-008749-003/2024(H5N1)	265	43809
MP|PP755590.1|A/cattle/Texas/24-008749-003/2024(H5N1)	266	43785
MP|PP755590.1|A/cattle/Texas/24-008749-003/2024(H5N1)	267	44328
MP|PP755590.1|A/cattle/Texas/24-008749-003/2024(H5N1)	268	44346
MP|PP755590.1|A/cattle/Texas/24-008749-003/2024(H5N1)	269	44322
MP|PP755590.1|A/cattle/Texas/24-008749-003/2024(H5N1)	270	44419
MP|PP755590.1|A/cattle/Texas/24-008749-003/2024(H5N1)	271	44390
MP|PP755590.1|A/cattle/Texas/24-008749-003/2024(H5N1)	272	44379
MP|PP755590.1|A/cattle/Texas/24-008749-003/2024(H5N1)	273	45472
MP|PP755590.1|A/cattle/Texas/24-008749-003/2024(H5N1)	274	45920
MP|PP755590.1|A/cattle/Texas/24-008749-003/2024(H5N1)	275	44212
MP|PP755590.1|A/cattle/Texas/24-008749-003/2024(H5N1)	276	43755
MP|PP755590.1|A/cattle/Texas/24-008749-003/2024(H5N1)	277	43691
MP|PP755590.1|A/cattle/Texas/24-008749-003/2024(H5N1)	278	43680
MP|PP755590.1|A/cattle/Texas/24-008749-003/2024(H5N1)	279	44326
MP|PP755590.1|A/cattle/Texas/24-008749-003/2024(H5N1)	280	44475
MP|PP755590.1|A/cattle/Texas/24-008749-003/2024(H5N1)	281	44409
MP|PP755590.1|A/cattle/Texas/24-008749-003/2024(H5N1)	282	44353
MP|PP755590.1|A/cattle/Texas/24-008749-003/2024(H5N1)	283	42614
MP|PP755590.1|A/cattle/Texas/24-008749-003/2024(H5N1)	284	42549
MP|PP755590.1|A/cattle/Texas/24-008749-003/2024(H5N1)	285	41736
MP|PP755590.1|A/cattle/Texas/24-008749-003/2024(H5N1)	286	40717
MP|PP755590.1|A/cattle/Texas/24-008749-003/2024(H5N1)	287	40698
MP|PP755590.1|A/cattle/Texas/24-008749-003/2024(H5N1)	288	39807
MP|PP755590.1|A/cattle/Texas/24-008749-003/2024(H5N1)	289	39794
MP|PP755590.1|A/cattle/Texas/24-008749-003/2024(H5N1)	290	39791
MP|PP755590.1|A/cattle/Texas/24-008749-003/2024(H5N1)	291	36442
MP|PP755590.1|A/cattle/Texas/24-008749-003/2024(H5N1)	292	35984
MP|PP755590.1|A/cattle/Texas/24-008749-003/2024(H5N1)	293	34786
MP|PP755590.1|A/cattle/Texas/24-008749-003/2024(H5N1)	294	34748
MP|PP755590.1|A/cattle/Texas/24-008749-003/2024(H5N1)	295	34916
MP|PP755590.1|A/cattle/Texas/24-008749-003/2024(H5N1)	296	42671
MP|PP755590.1|A/cattle/Texas/24-008749-003/2024(H5N1)	297	43318
MP|PP755590.1|A/cattle/Texas/24-008749-003/2024(H5N1)	298	43938
MP|PP755590.1|A/cattle/Texas/24-008749-003/2024(H5N1)	299	43966
MP|PP755590.1|A/cattle/Texas/24-008749-003/2024(H5N1)	300	43987
MP|PP755590.1|A/cattle/Texas/24-008749-003/2024(H5N1)	301	44005
MP|PP755590.1|A/cattle/Texas/24-008749-003/2024(H5N1)	302	43884
MP|PP755590.1|A/cattle/Texas/24-008749-003/2024(H5N1)	303	44646
MP|PP755590.1|A/cattle/Texas/24-008749-003/2024(H5N1)	304	44584
MP|PP755590.1|A/cattle/Texas/24-008749-003/2024(H5N1)	305	44571
MP|PP755590.1|A/cattle/Texas/24-008749-003/2024(H5N1)	306	43933
MP|PP755590.1|A/cattle/Texas/24-008749-003/2024(H5N1)	307	44931
MP|PP755590.1|A/cattle/Texas/24-008749-003/2024(H5N1)	308	44979
MP|PP755590.1|A/cattle/Texas/24-008749-003/2024(H5N1)	309	45003
MP|PP755590.1|A/cattle/Texas/24-008749-003/2024(H5N1)	310	45065
MP|PP755590.1|A/cattle/Texas/24-008749-003/2024(H5N1)	311	44118
MP|PP755590.1|A/cattle/Texas/24-008749-003/2024(H5N1)	312	44152
MP|PP755590.1|A/cattle/Texas/24-008749-003/2024(H5N1)	313	43866
MP|PP755590.1|A/cattle/Texas/24-008749-003/2024(H5N1)	314	44087
MP|PP755590.1|A/cattle/Texas/24-008749-003/2024(H5N1)	315	44062
MP|PP755590.1|A/cattle/Texas/24-008749-003/2024(H5N1)	316	43694
MP|PP755590.1|A/cattle/Texas/24-008749-003/2024(H5N1)	317	44085
MP|PP755590.1|A/cattle/Texas/24-008749-003/2024(H5N1)	318	44236
MP|PP755590.1|A/cattle/Texas/24-008749-003/2024(H5N1)	319	44481
MP|PP755590.1|A/cattle/Texas/24-008749-003/2024(H5N1)	320	44524
MP|PP755590.1|A/cattle/Texas/24-008749-003/2024(H5N1)	321	44494
MP|PP755590.1|A/cattle/Texas/24-008749-003/2024(H5N1)	322	44809
MP|PP755590.1|A/cattle/Texas/24-008749-003/2024(H5N1)	323	44947
MP|PP755590.1|A/cattle/Texas/24-008749-003/2024(H5N1)	324	44772
MP|PP755590.1|A/cattle/Texas/24-008749-003/2024(H5N1)	325	44808
MP|PP755590.1|A/cattle/Texas/24-008749-003/2024(H5N1)	326	44290
MP|PP755590.1|A/cattle/Texas/24-008749-003/2024(H5N1)	327	44493
MP|PP755590.1|A/cattle/Texas/24-008749-003/2024(H5N1)	328	44201
MP|PP755590.1|A/cattle/Texas/24-008749-003/2024(H5N1)	329	44160
MP|PP755590.1|A/cattle/Texas/24-008749-003/2024(H5N1)	330	44220
MP|PP755590.1|A/cattle/Texas/24-008749-003/2024(H5N1)	331	43950
MP|PP755590.1|A/cattle/Texas/24-008749-003/2024(H5N1)	332	44392
MP|PP755590.1|A/cattle/Texas/24-008749-003/2024(H5N1)	333	45012
MP|PP755590.1|A/cattle/Texas/24-008749-003/2024(H5N1)	334	44998
MP|PP755590.1|A/cattle/Texas/24-008749-003/2024(H5N1)	335	44990
MP|PP755590.1|A/cattle/Texas/24-008749-003/2024(H5N1)	336	44911
MP|PP755590.1|A/cattle/Texas/24-008749-003/2024(H5N1)	337	44989
MP|PP755590.1|A/cattle/Texas/24-008749-003/2024(H5N1)	338	44884
MP|PP755590.1|A/cattle/Texas/24-008749-003/2024(H5N1)	339	44868
MP|PP755590.1|A/cattle/Texas/24-008749-003/2024(H5N1)	340	44831
MP|PP755590.1|A/cattle/Texas/24-008749-003/2024(H5N1)	341	44623
MP|PP755590.1|A/cattle/Texas/24-008749-003/2024(H5N1)	342	44143
MP|PP755590.1|A/cattle/Texas/24-008749-003/2024(H5N1)	343	44184
MP|PP755590.1|A/cattle/Texas/24-008749-003/2024(H5N1)	344	44398
MP|PP755590.1|A/cattle/Texas/24-008749-003/2024(H5N1)	345	43415
MP|PP755590.1|A/cattle/Texas/24-008749-003/2024(H5N1)	346	43717
MP|PP755590.1|A/cattle/Texas/24-008749-003/2024(H5N1)	347	44264
MP|PP755590.1|A/cattle/Texas/24-008749-003/2024(H5N1)	348	44443
MP|PP755590.1|A/cattle/Texas/24-008749-003/2024(H5N1)	349	42723
MP|PP755590.1|A/cattle/Texas/24-008749-003/2024(H5N1)	350	42523
MP|PP755590.1|A/cattle/Texas/24-008749-003/2024(H5N1)	351	43809
MP|PP755590.1|A/cattle/Texas/24-008749-003/2024(H5N1)	352	43591
MP|PP755590.1|A/cattle/Texas/24-008749-003/2024(H5N1)	353	43977
MP|PP755590.1|A/cattle/Texas/24-008749-003/2024(H5N1)	354	44041
MP|PP755590.1|A/cattle/Texas/24-008749-003/2024(H5N1)	355	43745
MP|PP755590.1|A/cattle/Texas/24-008749-003/2024(H5N1)	356	43855
MP|PP755590.1|A/cattle/Texas/24-008749-003/2024(H5N1)	357	43858
MP|PP755590.1|A/cattle/Texas/24-008749-003/2024(H5N1)	358	43806
MP|PP755590.1|A/cattle/Texas/24-008749-003/2024(H5N1)	359	43516
MP|PP755590.1|A/cattle/Texas/24-008749-003/2024(H5N1)	360	42200
MP|PP755590.1|A/cattle/Texas/24-008749-003/2024(H5N1)	361	42886
MP|PP755590.1|A/cattle/Texas/24-008749-003/2024(H5N1)	362	42601
MP|PP755590.1|A/cattle/Texas/24-008749-003/2024(H5N1)	363	41984
MP|PP755590.1|A/cattle/Texas/24-008749-003/2024(H5N1)	364	41867
MP|PP755590.1|A/cattle/Texas/24-008749-003/2024(H5N1)	365	42067
MP|PP755590.1|A/cattle/Texas/24-008749-003/2024(H5N1)	366	41817
MP|PP755590.1|A/cattle/Texas/24-008749-003/2024(H5N1)	367	41975
MP|PP755590.1|A/cattle/Texas/24-008749-003/2024(H5N1)	368	41255
MP|PP755590.1|A/cattle/Texas/24-008749-003/2024(H5N1)	369	41487
MP|PP755590.1|A/cattle/Texas/24-008749-003/2024(H5N1)	370	40445
MP|PP755590.1|A/cattle/Texas/24-008749-003/2024(H5N1)	371	39770
MP|PP755590.1|A/cattle/Texas/24-008749-003/2024(H5N1)	372	40249
MP|PP755590.1|A/cattle/Texas/24-008749-003/2024(H5N1)	373	40169
MP|PP755590.1|A/cattle/Texas/24-008749-003/2024(H5N1)	374	40174
MP|PP755590.1|A/cattle/Texas/24-008749-003/2024(H5N1)	375	39329
MP|PP755590.1|A/cattle/Texas/24-008749-003/2024(H5N1)	376	39132
MP|PP755590.1|A/cattle/Texas/24-008749-003/2024(H5N1)	377	39901
MP|PP755590.1|A/cattle/Texas/24-008749-003/2024(H5N1)	378	40165
MP|PP755590.1|A/cattle/Texas/24-008749-003/2024(H5N1)	379	40066
MP|PP755590.1|A/cattle/Texas/24-008749-003/2024(H5N1)	380	40631
MP|PP755590.1|A/cattle/Texas/24-008749-003/2024(H5N1)	381	40455
MP|PP755590.1|A/cattle/Texas/24-008749-003/2024(H5N1)	382	40459
MP|PP755590.1|A/cattle/Texas/24-008749-003/2024(H5N1)	383	40399
MP|PP755590.1|A/cattle/Texas/24-008749-003/2024(H5N1)	384	40297
MP|PP755590.1|A/cattle/Texas/24-008749-003/2024(H5N1)	385	40548
MP|PP755590.1|A/cattle/Texas/24-008749-003/2024(H5N1)	386	40354
MP|PP755590.1|A/cattle/Texas/24-008749-003/2024(H5N1)	387	39988
MP|PP755590.1|A/cattle/Texas/24-008749-003/2024(H5N1)	388	40575
MP|PP755590.1|A/cattle/Texas/24-008749-003/2024(H5N1)	389	40000
MP|PP755590.1|A/cattle/Texas/24-008749-003/2024(H5N1)	390	40389
MP|PP755590.1|A/cattle/Texas/24-008749-003/2024(H5N1)	391	41675
MP|PP755590.1|A/cattle/Texas/24-008749-003/2024(H5N1)	392	41678
MP|PP755590.1|A/cattle/Texas/24-008749-003/2024(H5N1)	393	41895
MP|PP755590.1|A/cattle/Texas/24-008749-003/2024(H5N1)	394	41659
MP|PP755590.1|A/cattle/Texas/24-008749-003/2024(H5N1)	395	41134
MP|PP755590.1|A/cattle/Texas/24-008749-003/2024(H5N1)	396	43713
MP|PP755590.1|A/cattle/Texas/24-008749-003/2024(H5N1)	397	42331
MP|PP755590.1|A/cattle/Texas/24-008749-003/2024(H5N1)	398	42361
MP|PP755590.1|A/cattle/Texas/24-008749-003/2024(H5N1)	399	42242
MP|PP755590.1|A/cattle/Texas/24-008749-003/2024(H5N1)	400	41045
MP|PP755590.1|A/cattle/Texas/24-008749-003/2024(H5N1)	401	42171
MP|PP755590.1|A/cattle/Texas/24-008749-003/2024(H5N1)	402	42850
MP|PP755590.1|A/cattle/Texas/24-008749-003/2024(H5N1)	403	42669
MP|PP755590.1|A/cattle/Texas/24-008749-003/2024(H5N1)	404	42883
MP|PP755590.1|A/cattle/Texas/24-008749-003/2024(H5N1)	405	42256
MP|PP755590.1|A/cattle/Texas/24-008749-003/2024(H5N1)	406	42280
MP|PP755590.1|A/cattle/Texas/24-008749-003/2024(H5N1)	407	44708
MP|PP755590.1|A/cattle/Texas/24-008749-003/2024(H5N1)	408	44789
MP|PP755590.1|A/cattle/Texas/24-008749-003/2024(H5N1)	409	44910
MP|PP755590.1|A/cattle/Texas/24-008749-003/2024(H5N1)	410	43693
MP|PP755590.1|A/cattle/Texas/24-008749-003/2024(H5N1)	411	43595
MP|PP755590.1|A/cattle/Texas/24-008749-003/2024(H5N1)	412	43633
MP|PP755590.1|A/cattle/Texas/24-008749-003/2024(H5N1)	413	44736
MP|PP755590.1|A/cattle/Texas/24-008749-003/2024(H5N1)	414	44802
MP|PP755590.1|A/cattle/Texas/24-008749-003/2024(H5N1)	415	44854
MP|PP755590.1|A/cattle/Texas/24-008749-003/2024(H5N1)	416	45028
MP|PP755590.1|A/cattle/Texas/24-008749-003/2024(H5N1)	417	44492
MP|PP755590.1|A/cattle/Texas/24-008749-003/2024(H5N1)	418	44494
MP|PP755590.1|A/cattle/Texas/24-008749-003/2024(H5N1)	419	44636
MP|PP755590.1|A/cattle/Texas/24-008749-003/2024(H5N1)	420	44592
MP|PP755590.1|A/cattle/Texas/24-008749-003/2024(H5N1)	421	44696
MP|PP755590.1|A/cattle/Texas/24-008749-003/2024(H5N1)	422	45598
MP|PP755590.1|A/cattle/Texas/24-008749-003/2024(H5N1)	423	45515
MP|PP755590.1|A/cattle/Texas/24-008749-003/2024(H5N1)	424	44529
MP|PP755590.1|A/cattle/Texas/24-008749-003/2024(H5N1)	425	43945
MP|PP755590.1|A/cattle/Texas/24-008749-003/2024(H5N1)	426	43831
MP|PP755590.1|A/cattle/Texas/24-008749-003/2024(H5N1)	427	44824
MP|PP755590.1|A/cattle/Texas/24-008749-003/2024(H5N1)	428	44925
MP|PP755590.1|A/cattle/Texas/24-008749-003/2024(H5N1)	429	44989
MP|PP755590.1|A/cattle/Texas/24-008749-003/2024(H5N1)	430	44080
MP|PP755590.1|A/cattle/Texas/24-008749-003/2024(H5N1)	431	44091
MP|PP755590.1|A/cattle/Texas/24-008749-003/2024(H5N1)	432	44230
MP|PP755590.1|A/cattle/Texas/24-008749-003/2024(H5N1)	433	47239
MP|PP755590.1|A/cattle/Texas/24-008749-003/2024(H5N1)	434	47975
MP|PP755590.1|A/cattle/Texas/24-008749-003/2024(H5N1)	435	46545
MP|PP755590.1|A/cattle/Texas/24-008749-003/2024(H5N1)	436	45169
MP|PP755590.1|A/cattle/Texas/24-008749-003/2024(H5N1)	437	45167
MP|PP755590.1|A/cattle/Texas/24-008749-003/2024(H5N1)	438	45892
MP|PP755590.1|A/cattle/Texas/24-008749-003/2024(H5N1)	439	46523
MP|PP755590.1|A/cattle/Texas/24-008749-003/2024(H5N1)	440	46376
MP|PP755590.1|A/cattle/Texas/24-008749-003/2024(H5N1)	441	46757
MP|PP755590.1|A/cattle/Texas/24-008749-003/2024(H5N1)	442	43349
MP|PP755590.1|A/cattle/Texas/24-008749-003/2024(H5N1)	443	43333
MP|PP755590.1|A/cattle/Texas/24-008749-003/2024(H5N1)	444	43743
MP|PP755590.1|A/cattle/Texas/24-008749-003/2024(H5N1)	445	43730
MP|PP755590.1|A/cattle/Texas/24-008749-003/2024(H5N1)	446	43765
MP|PP755590.1|A/cattle/Texas/24-008749-003/2024(H5N1)	447	42486
MP|PP755590.1|A/cattle/Texas/24-008749-003/2024(H5N1)	448	41907
MP|PP755590.1|A/cattle/Texas/24-008749-003/2024(H5N1)	449	43047
MP|PP755590.1|A/cattle/Texas/24-008749-003/2024(H5N1)	450	42851
MP|PP755590.1|A/cattle/Texas/24-008749-003/2024(H5N1)	451	42457
MP|PP755590.1|A/cattle/Texas/24-008749-003/2024(H5N1)	452	42514
MP|PP755590.1|A/cattle/Texas/24-008749-003/2024(H5N1)	453	42121
MP|PP755590.1|A/cattle/Texas/24-008749-003/2024(H5N1)	454	42175
MP|PP755590.1|A/cattle/Texas/24-008749-003/2024(H5N1)	455	41930
MP|PP755590.1|A/cattle/Texas/24-008749-003/2024(H5N1)	456	42011
MP|PP755590.1|A/cattle/Texas/24-008749-003/2024(H5N1)	457	42309
MP|PP755590.1|A/cattle/Texas/24-008749-003/2024(H5N1)	458	41135
MP|PP755590.1|A/cattle/Texas/24-008749-003/2024(H5N1)	459	41233
MP|PP755590.1|A/cattle/Texas/24-008749-003/2024(H5N1)	460	41229
MP|PP755590.1|A/cattle/Texas/24-008749-003/2024(H5N1)	461	41317
MP|PP755590.1|A/cattle/Texas/24-008749-003/2024(H5N1)	462	41859
MP|PP755590.1|A/cattle/Texas/24-008749-003/2024(H5N1)	463	41899
MP|PP755590.1|A/cattle/Texas/24-008749-003/2024(H5N1)	464	41986
MP|PP755590.1|A/cattle/Texas/24-008749-003/2024(H5N1)	465	41917
MP|PP755590.1|A/cattle/Texas/24-008749-003/2024(H5N1)	466	42110
MP|PP755590.1|A/cattle/Texas/24-008749-003/2024(H5N1)	467	42212
MP|PP755590.1|A/cattle/Texas/24-008749-003/2024(H5N1)	468	41910
MP|PP755590.1|A/cattle/Texas/24-008749-003/2024(H5N1)	469	41834
MP|PP755590.1|A/cattle/Texas/24-008749-003/2024(H5N1)	470	41879
MP|PP755590.1|A/cattle/Texas/24-008749-003/2024(H5N1)	471	41861
MP|PP755590.1|A/cattle/Texas/24-008749-003/2024(H5N1)	472	41747
MP|PP755590.1|A/cattle/Texas/24-008749-003/2024(H5N1)	473	41614
MP|PP755590.1|A/cattle/Texas/24-008749-003/2024(H5N1)	474	41861
MP|PP755590.1|A/cattle/Texas/24-008749-003/2024(H5N1)	475	42149
MP|PP755590.1|A/cattle/Texas/24-008749-003/2024(H5N1)	476	42105
MP|PP755590.1|A/cattle/Texas/24-008749-003/2024(H5N1)	477	42560
MP|PP755590.1|A/cattle/Texas/24-008749-003/2024(H5N1)	478	42401
MP|PP755590.1|A/cattle/Texas/24-008749-003/2024(H5N1)	479	42462
MP|PP755590.1|A/cattle/Texas/24-008749-003/2024(H5N1)	480	42753
MP|PP755590.1|A/cattle/Texas/24-008749-003/2024(H5N1)	481	42883
MP|PP755590.1|A/cattle/Texas/24-008749-003/2024(H5N1)	482	43342
MP|PP755590.1|A/cattle/Texas/24-008749-003/2024(H5N1)	483	42968
MP|PP755590.1|A/cattle/Texas/24-008749-003/2024(H5N1)	484	43099
MP|PP755590.1|A/cattle/Texas/24-008749-003/2024(H5N1)	485	43091
MP|PP755590.1|A/cattle/Texas/24-008749-003/2024(H5N1)	486	43380
MP|PP755590.1|A/cattle/Texas/24-008749-003/2024(H5N1)	487	43296
MP|PP755590.1|A/cattle/Texas/24-008749-003/2024(H5N1)	488	44268
MP|PP755590.1|A/cattle/Texas/24-008749-003/2024(H5N1)	489	44649
MP|PP755590.1|A/cattle/Texas/24-008749-003/2024(H5N1)	490	44871
MP|PP755590.1|A/cattle/Texas/24-008749-003/2024(H5N1)	491	44440
MP|PP755590.1|A/cattle/Texas/24-008749-003/2024(H5N1)	492	44444
MP|PP755590.1|A/cattle/Texas/24-008749-003/2024(H5N1)	493	44405
MP|PP755590.1|A/cattle/Texas/24-008749-003/2024(H5N1)	494	44383
MP|PP755590.1|A/cattle/Texas/24-008749-003/2024(H5N1)	495	44385
MP|PP755590.1|A/cattle/Texas/24-008749-003/2024(H5N1)	496	44520
MP|PP755590.1|A/cattle/Texas/24-008749-003/2024(H5N1)	497	44132
MP|PP755590.1|A/cattle/Texas/24-008749-003/2024(H5N1)	498	44199
MP|PP755590.1|A/cattle/Texas/24-008749-003/2024(H5N1)	499	44143
MP|PP755590.1|A/cattle/Texas/24-008749-003/2024(H5N1)	500	44414
MP|PP755590.1|A/cattle/Texas/24-008749-003/2024(H5N1)	501	43417
MP|PP755590.1|A/cattle/Texas/24-008749-003/2024(H5N1)	502	43383
MP|PP755590.1|A/cattle/Texas/24-008749-003/2024(H5N1)	503	43917
MP|PP755590.1|A/cattle/Texas/24-008749-003/2024(H5N1)	504	44086
MP|PP755590.1|A/cattle/Texas/24-008749-003/2024(H5N1)	505	43948
MP|PP755590.1|A/cattle/Texas/24-008749-003/2024(H5N1)	506	44031
MP|PP755590.1|A/cattle/Texas/24-008749-003/2024(H5N1)	507	43790
MP|PP755590.1|A/cattle/Texas/24-008749-003/2024(H5N1)	508	43835
MP|PP755590.1|A/cattle/Texas/24-008749-003/2024(H5N1)	509	44005
MP|PP755590.1|A/cattle/Texas/24-008749-003/2024(H5N1)	510	44146
MP|PP755590.1|A/cattle/Texas/24-008749-003/2024(H5N1)	511	44343
MP|PP755590.1|A/cattle/Texas/24-008749-003/2024(H5N1)	512	44272
MP|PP755590.1|A/cattle/Texas/24-008749-003/2024(H5N1)	513	44143
MP|PP755590.1|A/cattle/Texas/24-008749-003/2024(H5N1)	514	44344
MP|PP755590.1|A/cattle/Texas/24-008749-003/2024(H5N1)	515	44223
MP|PP755590.1|A/cattle/Texas/24-008749-003/2024(H5N1)	516	44499
MP|PP755590.1|A/cattle/Texas/24-008749-003/2024(H5N1)	517	44825
MP|PP755590.1|A/cattle/Texas/24-008749-003/2024(H5N1)	518	44663
MP|PP755590.1|A/cattle/Texas/24-008749-003/2024(H5N1)	519	44543
MP|PP755590.1|A/cattle/Texas/24-008749-003/2024(H5N1)	520	44237
MP|PP755590.1|A/cattle/Texas/24-008749-003/2024(H5N1)	521	44118
MP|PP755590.1|A/cattle/Texas/24-008749-003/2024(H5N1)	522	44556
MP|PP755590.1|A/cattle/Texas/24-008749-003/2024(H5N1)	523	44489
MP|PP755590.1|A/cattle/Texas/24-008749-003/2024(H5N1)	524	45545
MP|PP755590.1|A/cattle/Texas/24-008749-003/2024(H5N1)	525	45346
MP|PP755590.1|A/cattle/Texas/24-008749-003/2024(H5N1)	526	45348
MP|PP755590.1|A/cattle/Texas/24-008749-003/2024(H5N1)	527	45401
MP|PP755590.1|A/cattle/Texas/24-008749-003/2024(H5N1)	528	44839
MP|PP755590.1|A/cattle/Texas/24-008749-003/2024(H5N1)	529	44534
MP|PP755590.1|A/cattle/Texas/24-008749-003/2024(H5N1)	530	44536
MP|PP755590.1|A/cattle/Texas/24-008749-003/2024(H5N1)	531	44081
MP|PP755590.1|A/cattle/Texas/24-008749-003/2024(H5N1)	532	43731
MP|PP755590.1|A/cattle/Texas/24-008749-003/2024(H5N1)	533	44232
MP|PP755590.1|A/cattle/Texas/24-008749-003/2024(H5N1)	534	45623
MP|PP755590.1|A/cattle/Texas/24-008749-003/2024(H5N1)	535	46175
MP|PP755590.1|A/cattle/Texas/24-008749-003/2024(H5N1)	536	45901
MP|PP755590.1|A/cattle/Texas/24-008749-003/2024(H5N1)	537	45429
MP|PP755590.1|A/cattle/Texas/24-008749-003/2024(H5N1)	538	47854
MP|PP755590.1|A/cattle/Texas/24-008749-003/2024(H5N1)	539	46762
MP|PP755590.1|A/cattle/Texas/24-008749-003/2024(H5N1)	540	46758
MP|PP755590.1|A/cattle/Texas/24-008749-003/2024(H5N1)	541	46978
MP|PP755590.1|A/cattle/Texas/24-008749-003/2024(H5N1)	542	45883
MP|PP755590.1|A/cattle/Texas/24-008749-003/2024(H5N1)	543	47083
MP|PP755590.1|A/cattle/Texas/24-008749-003/2024(H5N1)	544	46923
MP|PP755590.1|A/cattle/Texas/24-008749-003/2024(H5N1)	545	47094
MP|PP755590.1|A/cattle/Texas/24-008749-003/2024(H5N1)	546	46727
MP|PP755590.1|A/cattle/Texas/24-008749-003/2024(H5N1)	547	44450
MP|PP755590.1|A/cattle/Texas/24-008749-003/2024(H5N1)	548	47626
MP|PP755590.1|A/cattle/Texas/24-008749-003/2024(H5N1)	549	48188
MP|PP755590.1|A/cattle/Texas/24-008749-003/2024(H5N1)	550	48254
MP|PP755590.1|A/cattle/Texas/24-008749-003/2024(H5N1)	551	47349
MP|PP755590.1|A/cattle/Texas/24-008749-003/2024(H5N1)	552	46299
MP|PP755590.1|A/cattle/Texas/24-008749-003/2024(H5N1)	553	46318
MP|PP755590.1|A/cattle/Texas/24-008749-003/2024(H5N1)	554	46505
MP|PP755590.1|A/cattle/Texas/24-008749-003/2024(H5N1)	555	47238
MP|PP755590.1|A/cattle/Texas/24-008749-003/2024(H5N1)	556	47796
MP|PP755590.1|A/cattle/Texas/24-008749-003/2024(H5N1)	557	45095
MP|PP755590.1|A/cattle/Texas/24-008749-003/2024(H5N1)	558	44929
MP|PP755590.1|A/cattle/Texas/24-008749-003/2024(H5N1)	559	44881
MP|PP755590.1|A/cattle/Texas/24-008749-003/2024(H5N1)	560	44823
MP|PP755590.1|A/cattle/Texas/24-008749-003/2024(H5N1)	561	45428
MP|PP755590.1|A/cattle/Texas/24-008749-003/2024(H5N1)	562	45489
MP|PP755590.1|A/cattle/Texas/24-008749-003/2024(H5N1)	563	45847
MP|PP755590.1|A/cattle/Texas/24-008749-003/2024(H5N1)	564	44555
MP|PP755590.1|A/cattle/Texas/24-008749-003/2024(H5N1)	565	44579
MP|PP755590.1|A/cattle/Texas/24-008749-003/2024(H5N1)	566	44621
MP|PP755590.1|A/cattle/Texas/24-008749-003/2024(H5N1)	567	44320
MP|PP755590.1|A/cattle/Texas/24-008749-003/2024(H5N1)	568	44808
MP|PP755590.1|A/cattle/Texas/24-008749-003/2024(H5N1)	569	44644
MP|PP755590.1|A/cattle/Texas/24-008749-003/2024(H5N1)	570	44262
MP|PP755590.1|A/cattle/Texas/24-008749-003/2024(H5N1)	571	44150
MP|PP755590.1|A/cattle/Texas/24-008749-003/2024(H5N1)	572	43597
MP|PP755590.1|A/cattle/Texas/24-008749-003/2024(H5N1)	573	43673
MP|PP755590.1|A/cattle/Texas/24-008749-003/2024(H5N1)	574	43775
MP|PP755590.1|A/cattle/Texas/24-008749-003/2024(H5N1)	575	44574
MP|PP755590.1|A/cattle/Texas/24-008749-003/2024(H5N1)	576	44575
MP|PP755590.1|A/cattle/Texas/24-008749-003/2024(H5N1)	577	44255
MP|PP755590.1|A/cattle/Texas/24-008749-003/2024(H5N1)	578	44174
MP|PP755590.1|A/cattle/Texas/24-008749-003/2024(H5N1)	579	44060
MP|PP755590.1|A/cattle/Texas/24-008749-003/2024(H5N1)	580	44083
MP|PP755590.1|A/cattle/Texas/24-008749-003/2024(H5N1)	581	44244
MP|PP755590.1|A/cattle/Texas/24-008749-003/2024(H5N1)	582	44258
MP|PP755590.1|A/cattle/Texas/24-008749-003/2024(H5N1)	583	44145
MP|PP755590.1|A/cattle/Texas/24-008749-003/2024(H5N1)	584	41023
MP|PP755590.1|A/cattle/Texas/24-008749-003/2024(H5N1)	585	41114
MP|PP755590.1|A/cattle/Texas/24-008749-003/2024(H5N1)	586	41183
MP|PP755590.1|A/cattle/Texas/24-008749-003/2024(H5N1)	587	41233
MP|PP755590.1|A/cattle/Texas/24-008749-003/2024(H5N1)	588	41430
MP|PP755590.1|A/cattle/Texas/24-008749-003/2024(H5N1)	589	40817
MP|PP755590.1|A/cattle/Texas/24-008749-003/2024(H5N1)	590	40325
MP|PP755590.1|A/cattle/Texas/24-008749-003/2024(H5N1)	591	40344
MP|PP755590.1|A/cattle/Texas/24-008749-003/2024(H5N1)	592	41310
MP|PP755590.1|A/cattle/Texas/24-008749-003/2024(H5N1)	593	41322
MP|PP755590.1|A/cattle/Texas/24-008749-003/2024(H5N1)	594	41025
MP|PP755590.1|A/cattle/Texas/24-008749-003/2024(H5N1)	595	40740
MP|PP755590.1|A/cattle/Texas/24-008749-003/2024(H5N1)	596	41178
MP|PP755590.1|A/cattle/Texas/24-008749-003/2024(H5N1)	597	41041
MP|PP755590.1|A/cattle/Texas/24-008749-003/2024(H5N1)	598	41598
MP|PP755590.1|A/cattle/Texas/24-008749-003/2024(H5N1)	599	41209
MP|PP755590.1|A/cattle/Texas/24-008749-003/2024(H5N1)	600	41203
MP|PP755590.1|A/cattle/Texas/24-008749-003/2024(H5N1)	601	41304
MP|PP755590.1|A/cattle/Texas/24-008749-003/2024(H5N1)	602	41327
MP|PP755590.1|A/cattle/Texas/24-008749-003/2024(H5N1)	603	41341
MP|PP755590.1|A/cattle/Texas/24-008749-003/2024(H5N1)	604	42051
MP|PP755590.1|A/cattle/Texas/24-008749-003/2024(H5N1)	605	42598
MP|PP755590.1|A/cattle/Texas/24-008749-003/2024(H5N1)	606	42680
MP|PP755590.1|A/cattle/Texas/24-008749-003/2024(H5N1)	607	42298
MP|PP755590.1|A/cattle/Texas/24-008749-003/2024(H5N1)	608	43010
MP|PP755590.1|A/cattle/Texas/24-008749-003/2024(H5N1)	609	43022
MP|PP755590.1|A/cattle/Texas/24-008749-003/2024(H5N1)	610	43121
MP|PP755590.1|A/cattle/Texas/24-008749-003/2024(H5N1)	611	43073
MP|PP755590.1|A/cattle/Texas/24-008749-003/2024(H5N1)	612	43210
MP|PP755590.1|A/cattle/Texas/24-008749-003/2024(H5N1)	613	43140
MP|PP755590.1|A/cattle/Texas/24-008749-003/2024(H5N1)	614	43111
MP|PP755590.1|A/cattle/Texas/24-008749-003/2024(H5N1)	615	43055
MP|PP755590.1|A/cattle/Texas/24-008749-003/2024(H5N1)	616	43059
MP|PP755590.1|A/cattle/Texas/24-008749-003/2024(H5N1)	617	43229
MP|PP755590.1|A/cattle/Texas/24-008749-003/2024(H5N1)	618	43245
MP|PP755590.1|A/cattle/Texas/24-008749-003/2024(H5N1)	619	43861
MP|PP755590.1|A/cattle/Texas/24-008749-003/2024(H5N1)	620	43780
MP|PP755590.1|A/cattle/Texas/24-008749-003/2024(H5N1)	621	44272
MP|PP755590.1|A/cattle/Texas/24-008749-003/2024(H5N1)	622	44185
MP|PP755590.1|A/cattle/Texas/24-008749-003/2024(H5N1)	623	43833
MP|PP755590.1|A/cattle/Texas/24-008749-003/2024(H5N1)	624	45419
MP|PP755590.1|A/cattle/Texas/24-008749-003/2024(H5N1)	625	45566
MP|PP755590.1|A/cattle/Texas/24-008749-003/2024(H5N1)	626	45460
MP|PP755590.1|A/cattle/Texas/24-008749-003/2024(H5N1)	627	45448
MP|PP755590.1|A/cattle/Texas/24-008749-003/2024(H5N1)	628	45019
MP|PP755590.1|A/cattle/Texas/24-008749-003/2024(H5N1)	629	45833
MP|PP755590.1|A/cattle/Texas/24-008749-003/2024(H5N1)	630	45811
MP|PP755590.1|A/cattle/Texas/24-008749-003/2024(H5N1)	631	45650
MP|PP755590.1|A/cattle/Texas/24-008749-003/2024(H5N1)	632	45499
MP|PP755590.1|A/cattle/Texas/24-008749-003/2024(H5N1)	633	43951
MP|PP755590.1|A/cattle/Texas/24-008749-003/2024(H5N1)	634	43976
MP|PP755590.1|A/cattle/Texas/24-008749-003/2024(H5N1)	635	43930
MP|PP755590.1|A/cattle/Texas/24-008749-003/2024(H5N1)	636	44058
MP|PP755590.1|A/cattle/Texas/24-008749-003/2024(H5N1)	637	44476
MP|PP755590.1|A/cattle/Texas/24-008749-003/2024(H5N1)	638	44406
MP|PP755590.1|A/cattle/Texas/24-008749-003/2024(H5N1)	639	43543
MP|PP755590.1|A/cattle/Texas/24-008749-003/2024(H5N1)	640	43326
MP|PP755590.1|A/cattle/Texas/24-008749-003/2024(H5N1)	641	43279
MP|PP755590.1|A/cattle/Texas/24-008749-003/2024(H5N1)	642	43761
MP|PP755590.1|A/cattle/Texas/24-008749-003/2024(H5N1)	643	44522
MP|PP755590.1|A/cattle/Texas/24-008749-003/2024(H5N1)	644	44776
MP|PP755590.1|A/cattle/Texas/24-008749-003/2024(H5N1)	645	44878
MP|PP755590.1|A/cattle/Texas/24-008749-003/2024(H5N1)	646	44562
MP|PP755590.1|A/cattle/Texas/24-008749-003/2024(H5N1)	647	44421
MP|PP755590.1|A/cattle/Texas/24-008749-003/2024(H5N1)	648	44458
MP|PP755590.1|A/cattle/Texas/24-008749-003/2024(H5N1)	649	44370
MP|PP755590.1|A/cattle/Texas/24-008749-003/2024(H5N1)	650	44634
MP|PP755590.1|A/cattle/Texas/24-008749-003/2024(H5N1)	651	45087
MP|PP755590.1|A/cattle/Texas/24-008749-003/2024(H5N1)	652	44931
MP|PP755590.1|A/cattle/Texas/24-008749-003/2024(H5N1)	653	45575
MP|PP755590.1|A/cattle/Texas/24-008749-003/2024(H5N1)	654	46113
MP|PP755590.1|A/cattle/Texas/24-008749-003/2024(H5N1)	655	45936
MP|PP755590.1|A/cattle/Texas/24-008749-003/2024(H5N1)	656	46450
MP|PP755590.1|A/cattle/Texas/24-008749-003/2024(H5N1)	657	46306
MP|PP755590.1|A/cattle/Texas/24-008749-003/2024(H5N1)	658	46308
MP|PP755590.1|A/cattle/Texas/24-008749-003/2024(H5N1)	659	46551
MP|PP755590.1|A/cattle/Texas/24-008749-003/2024(H5N1)	660	46457
MP|PP755590.1|A/cattle/Texas/24-008749-003/2024(H5N1)	661	47169
MP|PP755590.1|A/cattle/Texas/24-008749-003/2024(H5N1)	662	46700
MP|PP755590.1|A/cattle/Texas/24-008749-003/2024(H5N1)	663	45828
MP|PP755590.1|A/cattle/Texas/24-008749-003/2024(H5N1)	664	46110
MP|PP755590.1|A/cattle/Texas/24-008749-003/2024(H5N1)	665	46007
MP|PP755590.1|A/cattle/Texas/24-008749-003/2024(H5N1)	666	47983
MP|PP755590.1|A/cattle/Texas/24-008749-003/2024(H5N1)	667	47768
MP|PP755590.1|A/cattle/Texas/24-008749-003/2024(H5N1)	668	47564
MP|PP755590.1|A/cattle/Texas/24-008749-003/2024(H5N1)	669	47594
MP|PP755590.1|A/cattle/Texas/24-008749-003/2024(H5N1)	670	47545
MP|PP755590.1|A/cattle/Texas/24-008749-003/2024(H5N1)	671	47580
MP|PP755590.1|A/cattle/Texas/24-008749-003/2024(H5N1)	672	49310
MP|PP755590.1|A/cattle/Texas/24-008749-003/2024(H5N1)	673	49013
MP|PP755590.1|A/cattle/Texas/24-008749-003/2024(H5N1)	674	49293
MP|PP755590.1|A/cattle/Texas/24-008749-003/2024(H5N1)	675	47945
MP|PP755590.1|A/cattle/Texas/24-008749-003/2024(H5N1)	676	47875
MP|PP755590.1|A/cattle/Texas/24-008749-003/2024(H5N1)	677	48612
MP|PP755590.1|A/cattle/Texas/24-008749-003/2024(H5N1)	678	48547
MP|PP755590.1|A/cattle/Texas/24-008749-003/2024(H5N1)	679	48417
MP|PP755590.1|A/cattle/Texas/24-008749-003/2024(H5N1)	680	48333
MP|PP755590.1|A/cattle/Texas/24-008749-003/2024(H5N1)	681	46739
MP|PP755590.1|A/cattle/Texas/24-008749-003/2024(H5N1)	682	47121
MP|PP755590.1|A/cattle/Texas/24-008749-003/2024(H5N1)	683	47746
MP|PP755590.1|A/cattle/Texas/24-008749-003/2024(H5N1)	684	47480
MP|PP755590.1|A/cattle/Texas/24-008749-003/2024(H5N1)	685	47508
MP|PP755590.1|A/cattle/Texas/24-008749-003/2024(H5N1)	686	46758
MP|PP755590.1|A/cattle/Texas/24-008749-003/2024(H5N1)	687	47006
MP|PP755590.1|A/cattle/Texas/24-008749-003/2024(H5N1)	688	47298
MP|PP755590.1|A/cattle/Texas/24-008749-003/2024(H5N1)	689	46007
MP|PP755590.1|A/cattle/Texas/24-008749-003/2024(H5N1)	690	45949
MP|PP755590.1|A/cattle/Texas/24-008749-003/2024(H5N1)	691	45853
MP|PP755590.1|A/cattle/Texas/24-008749-003/2024(H5N1)	692	45540
MP|PP755590.1|A/cattle/Texas/24-008749-003/2024(H5N1)	693	45376
MP|PP755590.1|A/cattle/Texas/24-008749-003/2024(H5N1)	694	44346
MP|PP755590.1|A/cattle/Texas/24-008749-003/2024(H5N1)	695	44588
MP|PP755590.1|A/cattle/Texas/24-008749-003/2024(H5N1)	696	44755
MP|PP755590.1|A/cattle/Texas/24-008749-003/2024(H5N1)	697	41944
MP|PP755590.1|A/cattle/Texas/24-008749-003/2024(H5N1)	698	41361
MP|PP755590.1|A/cattle/Texas/24-008749-003/2024(H5N1)	699	41674
MP|PP755590.1|A/cattle/Texas/24-008749-003/2024(H5N1)	700	41295
MP|PP755590.1|A/cattle/Texas/24-008749-003/2024(H5N1)	701	41293
MP|PP755590.1|A/cattle/Texas/24-008749-003/2024(H5N1)	702	41310
MP|PP755590.1|A/cattle/Texas/24-008749-003/2024(H5N1)	703	41330
MP|PP755590.1|A/cattle/Texas/24-008749-003/2024(H5N1)	704	41313
MP|PP755590.1|A/cattle/Texas/24-008749-003/2024(H5N1)	705	41101
MP|PP755590.1|A/cattle/Texas/24-008749-003/2024(H5N1)	706	40239
MP|PP755590.1|A/cattle/Texas/24-008749-003/2024(H5N1)	707	39984
MP|PP755590.1|A/cattle/Texas/24-008749-003/2024(H5N1)	708	40476
MP|PP755590.1|A/cattle/Texas/24-008749-003/2024(H5N1)	709	41014
MP|PP755590.1|A/cattle/Texas/24-008749-003/2024(H5N1)	710	41010
MP|PP755590.1|A/cattle/Texas/24-008749-003/2024(H5N1)	711	40915
MP|PP755590.1|A/cattle/Texas/24-008749-003/2024(H5N1)	712	40444
MP|PP755590.1|A/cattle/Texas/24-008749-003/2024(H5N1)	713	40426
MP|PP755590.1|A/cattle/Texas/24-008749-003/2024(H5N1)	714	40151
MP|PP755590.1|A/cattle/Texas/24-008749-003/2024(H5N1)	715	40232
MP|PP755590.1|A/cattle/Texas/24-008749-003/2024(H5N1)	716	40050
MP|PP755590.1|A/cattle/Texas/24-008749-003/2024(H5N1)	717	39604
MP|PP755590.1|A/cattle/Texas/24-008749-003/2024(H5N1)	718	39719
MP|PP755590.1|A/cattle/Texas/24-008749-003/2024(H5N1)	719	40516
MP|PP755590.1|A/cattle/Texas/24-008749-003/2024(H5N1)	720	40913
MP|PP755590.1|A/cattle/Texas/24-008749-003/2024(H5N1)	721	40858
MP|PP755590.1|A/cattle/Texas/24-008749-003/2024(H5N1)	722	40822
MP|PP755590.1|A/cattle/Texas/24-008749-003/2024(H5N1)	723	40695
MP|PP755590.1|A/cattle/Texas/24-008749-003/2024(H5N1)	724	40720
MP|PP755590.1|A/cattle/Texas/24-008749-003/2024(H5N1)	725	40826
MP|PP755590.1|A/cattle/Texas/24-008749-003/2024(H5N1)	726	40363
MP|PP755590.1|A/cattle/Texas/24-008749-003/2024(H5N1)	727	40318
MP|PP755590.1|A/cattle/Texas/24-008749-003/2024(H5N1)	728	39912
MP|PP755590.1|A/cattle/Texas/24-008749-003/2024(H5N1)	729	39929
MP|PP755590.1|A/cattle/Texas/24-008749-003/2024(H5N1)	730	39996
MP|PP755590.1|A/cattle/Texas/24-008749-003/2024(H5N1)	731	40007
MP|PP755590.1|A/cattle/Texas/24-008749-003/2024(H5N1)	732	39841
MP|PP755590.1|A/cattle/Texas/24-008749-003/2024(H5N1)	733	40366
MP|PP755590.1|A/cattle/Texas/24-008749-003/2024(H5N1)	734	41597
MP|PP755590.1|A/cattle/Texas/24-008749-003/2024(H5N1)	735	41493
MP|PP755590.1|A/cattle/Texas/24-008749-003/2024(H5N1)	736	41846
MP|PP755590.1|A/cattle/Texas/24-008749-003/2024(H5N1)	737	41890
MP|PP755590.1|A/cattle/Texas/24-008749-003/2024(H5N1)	738	41814
MP|PP755590.1|A/cattle/Texas/24-008749-003/2024(H5N1)	739	42752
MP|PP755590.1|A/cattle/Texas/24-008749-003/2024(H5N1)	740	42817
MP|PP755590.1|A/cattle/Texas/24-008749-003/2024(H5N1)	741	42761
MP|PP755590.1|A/cattle/Texas/24-008749-003/2024(H5N1)	742	42778
MP|PP755590.1|A/cattle/Texas/24-008749-003/2024(H5N1)	743	41430
MP|PP755590.1|A/cattle/Texas/24-008749-003/2024(H5N1)	744	41480
MP|PP755590.1|A/cattle/Texas/24-008749-003/2024(H5N1)	745	41317
MP|PP755590.1|A/cattle/Texas/24-008749-003/2024(H5N1)	746	41267
MP|PP755590.1|A/cattle/Texas/24-008749-003/2024(H5N1)	747	41217
MP|PP755590.1|A/cattle/Texas/24-008749-003/2024(H5N1)	748	43231
MP|PP755590.1|A/cattle/Texas/24-008749-003/2024(H5N1)	749	43321
MP|PP755590.1|A/cattle/Texas/24-008749-003/2024(H5N1)	750	44476
MP|PP755590.1|A/cattle/Texas/24-008749-003/2024(H5N1)	751	44618
MP|PP755590.1|A/cattle/Texas/24-008749-003/2024(H5N1)	752	44614
MP|PP755590.1|A/cattle/Texas/24-008749-003/2024(H5N1)	753	44813
MP|PP755590.1|A/cattle/Texas/24-008749-003/2024(H5N1)	754	45158
MP|PP755590.1|A/cattle/Texas/24-008749-003/2024(H5N1)	755	44564
MP|PP755590.1|A/cattle/Texas/24-008749-003/2024(H5N1)	756	44079
MP|PP755590.1|A/cattle/Texas/24-008749-003/2024(H5N1)	757	44799
MP|PP755590.1|A/cattle/Texas/24-008749-003/2024(H5N1)	758	44701
MP|PP755590.1|A/cattle/Texas/24-008749-003/2024(H5N1)	759	44695
MP|PP755590.1|A/cattle/Texas/24-008749-003/2024(H5N1)	760	44678
MP|PP755590.1|A/cattle/Texas/24-008749-003/2024(H5N1)	761	44970
MP|PP755590.1|A/cattle/Texas/24-008749-003/2024(H5N1)	762	44358
MP|PP755590.1|A/cattle/Texas/24-008749-003/2024(H5N1)	763	44700
MP|PP755590.1|A/cattle/Texas/24-008749-003/2024(H5N1)	764	44733
MP|PP755590.1|A/cattle/Texas/24-008749-003/2024(H5N1)	765	44634
MP|PP755590.1|A/cattle/Texas/24-008749-003/2024(H5N1)	766	45298
MP|PP755590.1|A/cattle/Texas/24-008749-003/2024(H5N1)	767	45292
MP|PP755590.1|A/cattle/Texas/24-008749-003/2024(H5N1)	768	44896
MP|PP755590.1|A/cattle/Texas/24-008749-003/2024(H5N1)	769	45243
MP|PP755590.1|A/cattle/Texas/24-008749-003/2024(H5N1)	770	44377
MP|PP755590.1|A/cattle/Texas/24-008749-003/2024(H5N1)	771	44751
MP|PP755590.1|A/cattle/Texas/24-008749-003/2024(H5N1)	772	44399
MP|PP755590.1|A/cattle/Texas/24-008749-003/2024(H5N1)	773	44253
MP|PP755590.1|A/cattle/Texas/24-008749-003/2024(H5N1)	774	42826
MP|PP755590.1|A/cattle/Texas/24-008749-003/2024(H5N1)	775	42395
MP|PP755590.1|A/cattle/Texas/24-008749-003/2024(H5N1)	776	42400
MP|PP755590.1|A/cattle/Texas/24-008749-003/2024(H5N1)	777	43008
MP|PP755590.1|A/cattle/Texas/24-008749-003/2024(H5N1)	778	43037
MP|PP755590.1|A/cattle/Texas/24-008749-003/2024(H5N1)	779	42912
MP|PP755590.1|A/cattle/Texas/24-008749-003/2024(H5N1)	780	42657
MP|PP755590.1|A/cattle/Texas/24-008749-003/2024(H5N1)	781	45025
MP|PP755590.1|A/cattle/Texas/24-008749-003/2024(H5N1)	782	45027
MP|PP755590.1|A/cattle/Texas/24-008749-003/2024(H5N1)	783	45094
MP|PP755590.1|A/cattle/Texas/24-008749-003/2024(H5N1)	784	46076
MP|PP755590.1|A/cattle/Texas/24-008749-003/2024(H5N1)	785	46151
MP|PP755590.1|A/cattle/Texas/24-008749-003/2024(H5N1)	786	47186
MP|PP755590.1|A/cattle/Texas/24-008749-003/2024(H5N1)	787	46962
MP|PP755590.1|A/cattle/Texas/24-008749-003/2024(H5N1)	788	46394
MP|PP755590.1|A/cattle/Texas/24-008749-003/2024(H5N1)	789	45593
MP|PP755590.1|A/cattle/Texas/24-008749-003/2024(H5N1)	790	45686
MP|PP755590.1|A/cattle/Texas/24-008749-003/2024(H5N1)	791	47897
MP|PP755590.1|A/cattle/Texas/24-008749-003/2024(H5N1)	792	47783
MP|PP755590.1|A/cattle/Texas/24-008749-003/2024(H5N1)	793	47328
MP|PP755590.1|A/cattle/Texas/24-008749-003/2024(H5N1)	794	48134
MP|PP755590.1|A/cattle/Texas/24-008749-003/2024(H5N1)	795	49245
MP|PP755590.1|A/cattle/Texas/24-008749-003/2024(H5N1)	796	49352
MP|PP755590.1|A/cattle/Texas/24-008749-003/2024(H5N1)	797	49117
MP|PP755590.1|A/cattle/Texas/24-008749-003/2024(H5N1)	798	49393
MP|PP755590.1|A/cattle/Texas/24-008749-003/2024(H5N1)	799	49246
MP|PP755590.1|A/cattle/Texas/24-008749-003/2024(H5N1)	800	48690
MP|PP755590.1|A/cattle/Texas/24-008749-003/2024(H5N1)	801	48874
MP|PP755590.1|A/cattle/Texas/24-008749-003/2024(H5N1)	802	48698
MP|PP755590.1|A/cattle/Texas/24-008749-003/2024(H5N1)	803	49208
MP|PP755590.1|A/cattle/Texas/24-008749-003/2024(H5N1)	804	48038
MP|PP755590.1|A/cattle/Texas/24-008749-003/2024(H5N1)	805	47311
MP|PP755590.1|A/cattle/Texas/24-008749-003/2024(H5N1)	806	47227
MP|PP755590.1|A/cattle/Texas/24-008749-003/2024(H5N1)	807	46753
MP|PP755590.1|A/cattle/Texas/24-008749-003/2024(H5N1)	808	46945
MP|PP755590.1|A/cattle/Texas/24-008749-003/2024(H5N1)	809	46864
MP|PP755590.1|A/cattle/Texas/24-008749-003/2024(H5N1)	810	46479
MP|PP755590.1|A/cattle/Texas/24-008749-003/2024(H5N1)	811	46468
MP|PP755590.1|A/cattle/Texas/24-008749-003/2024(H5N1)	812	45702
MP|PP755590.1|A/cattle/Texas/24-008749-003/2024(H5N1)	813	45711
MP|PP755590.1|A/cattle/Texas/24-008749-003/2024(H5N1)	814	45534
MP|PP755590.1|A/cattle/Texas/24-008749-003/2024(H5N1)	815	43697
MP|PP755590.1|A/cattle/Texas/24-008749-003/2024(H5N1)	816	43651
MP|PP755590.1|A/cattle/Texas/24-008749-003/2024(H5N1)	817	43344
MP|PP755590.1|A/cattle/Texas/24-008749-003/2024(H5N1)	818	43300
MP|PP755590.1|A/cattle/Texas/24-008749-003/2024(H5N1)	819	43654
MP|PP755590.1|A/cattle/Texas/24-008749-003/2024(H5N1)	820	43576
MP|PP755590.1|A/cattle/Texas/24-008749-003/2024(H5N1)	821	43521
MP|PP755590.1|A/cattle/Texas/24-008749-003/2024(H5N1)	822	43454
MP|PP755590.1|A/cattle/Texas/24-008749-003/2024(H5N1)	823	41857
MP|PP755590.1|A/cattle/Texas/24-008749-003/2024(H5N1)	824	44224
MP|PP755590.1|A/cattle/Texas/24-008749-003/2024(H5N1)	825	43954
MP|PP755590.1|A/cattle/Texas/24-008749-003/2024(H5N1)	826	43979
MP|PP755590.1|A/cattle/Texas/24-008749-003/2024(H5N1)	827	44036
MP|PP755590.1|A/cattle/Texas/24-008749-003/2024(H5N1)	828	43351
MP|PP755590.1|A/cattle/Texas/24-008749-003/2024(H5N1)	829	44257
MP|PP755590.1|A/cattle/Texas/24-008749-003/2024(H5N1)	830	44245
MP|PP755590.1|A/cattle/Texas/24-008749-003/2024(H5N1)	831	44257
MP|PP755590.1|A/cattle/Texas/24-008749-003/2024(H5N1)	832	43747
MP|PP755590.1|A/cattle/Texas/24-008749-003/2024(H5N1)	833	43490
MP|PP755590.1|A/cattle/Texas/24-008749-003/2024(H5N1)	834	43216
MP|PP755590.1|A/cattle/Texas/24-008749-003/2024(H5N1)	835	43171
MP|PP755590.1|A/cattle/Texas/24-008749-003/2024(H5N1)	836	43089
MP|PP755590.1|A/cattle/Texas/24-008749-003/2024(H5N1)	837	43174
MP|PP755590.1|A/cattle/Texas/24-008749-003/2024(H5N1)	838	43025
MP|PP755590.1|A/cattle/Texas/24-008749-003/2024(H5N1)	839	43039
MP|PP755590.1|A/cattle/Texas/24-008749-003/2024(H5N1)	840	42397
MP|PP755590.1|A/cattle/Texas/24-008749-003/2024(H5N1)	841	42396
MP|PP755590.1|A/cattle/Texas/24-008749-003/2024(H5N1)	842	42577
MP|PP755590.1|A/cattle/Texas/24-008749-003/2024(H5N1)	843	42553
MP|PP755590.1|A/cattle/Texas/24-008749-003/2024(H5N1)	844	42619
MP|PP755590.1|A/cattle/Texas/24-008749-003/2024(H5N1)	845	42535
MP|PP755590.1|A/cattle/Texas/24-008749-003/2024(H5N1)	846	42300
MP|PP755590.1|A/cattle/Texas/24-008749-003/2024(H5N1)	847	42531
MP|PP755590.1|A/cattle/Texas/24-008749-003/2024(H5N1)	848	42513
MP|PP755590.1|A/cattle/Texas/24-008749-003/2024(H5N1)	849	42589
MP|PP755590.1|A/cattle/Texas/24-008749-003/2024(H5N1)	850	42597
MP|PP755590.1|A/cattle/Texas/24-008749-003/2024(H5N1)	851	45956
MP|PP755590.1|A/cattle/Texas/24-008749-003/2024(H5N1)	852	46161
MP|PP755590.1|A/cattle/Texas/24-008749-003/2024(H5N1)	853	46717
MP|PP755590.1|A/cattle/Texas/24-008749-003/2024(H5N1)	854	46765
MP|PP755590.1|A/cattle/Texas/24-008749-003/2024(H5N1)	855	46791
MP|PP755590.1|A/cattle/Texas/24-008749-003/2024(H5N1)	856	47213
MP|PP755590.1|A/cattle/Texas/24-008749-003/2024(H5N1)	857	47208
MP|PP755590.1|A/cattle/Texas/24-008749-003/2024(H5N1)	858	46896
MP|PP755590.1|A/cattle/Texas/24-008749-003/2024(H5N1)	859	45975
MP|PP755590.1|A/cattle/Texas/24-008749-003/2024(H5N1)	860	45536
MP|PP755590.1|A/cattle/Texas/24-008749-003/2024(H5N1)	861	45684
MP|PP755590.1|A/cattle/Texas/24-008749-003/2024(H5N1)	862	45495
MP|PP755590.1|A/cattle/Texas/24-008749-003/2024(H5N1)	863	45400
MP|PP755590.1|A/cattle/Texas/24-008749-003/2024(H5N1)	864	45393
MP|PP755590.1|A/cattle/Texas/24-008749-003/2024(H5N1)	865	45214
MP|PP755590.1|A/cattle/Texas/24-008749-003/2024(H5N1)	866	45210
MP|PP755590.1|A/cattle/Texas/24-008749-003/2024(H5N1)	867	45187
MP|PP755590.1|A/cattle/Texas/24-008749-003/2024(H5N1)	868	45181
MP|PP755590.1|A/cattle/Texas/24-008749-003/2024(H5N1)	869	44936
MP|PP755590.1|A/cattle/Texas/24-008749-003/2024(H5N1)	870	44281
MP|PP755590.1|A/cattle/Texas/24-008749-003/2024(H5N1)	871	43705
MP|PP755590.1|A/cattle/Texas/24-008749-003/2024(H5N1)	872	43711
MP|PP755590.1|A/cattle/Texas/24-008749-003/2024(H5N1)	873	43712
MP|PP755590.1|A/cattle/Texas/24-008749-003/2024(H5N1)	874	43754
MP|PP755590.1|A/cattle/Texas/24-008749-003/2024(H5N1)	875	43647
MP|PP755590.1|A/cattle/Texas/24-008749-003/2024(H5N1)	876	43275
MP|PP755590.1|A/cattle/Texas/24-008749-003/2024(H5N1)	877	43243
MP|PP755590.1|A/cattle/Texas/24-008749-003/2024(H5N1)	878	43263
MP|PP755590.1|A/cattle/Texas/24-008749-003/2024(H5N1)	879	43109
MP|PP755590.1|A/cattle/Texas/24-008749-003/2024(H5N1)	880	43027
MP|PP755590.1|A/cattle/Texas/24-008749-003/2024(H5N1)	881	43040
MP|PP755590.1|A/cattle/Texas/24-008749-003/2024(H5N1)	882	42966
MP|PP755590.1|A/cattle/Texas/24-008749-003/2024(H5N1)	883	42469
MP|PP755590.1|A/cattle/Texas/24-008749-003/2024(H5N1)	884	42321
MP|PP755590.1|A/cattle/Texas/24-008749-003/2024(H5N1)	885	40972
MP|PP755590.1|A/cattle/Texas/24-008749-003/2024(H5N1)	886	40948
MP|PP755590.1|A/cattle/Texas/24-008749-003/2024(H5N1)	887	40434
MP|PP755590.1|A/cattle/Texas/24-008749-003/2024(H5N1)	888	40557
MP|PP755590.1|A/cattle/Texas/24-008749-003/2024(H5N1)	889	40345
MP|PP755590.1|A/cattle/Texas/24-008749-003/2024(H5N1)	890	39736
MP|PP755590.1|A/cattle/Texas/24-008749-003/2024(H5N1)	891	39589
MP|PP755590.1|A/cattle/Texas/24-008749-003/2024(H5N1)	892	39627
MP|PP755590.1|A/cattle/Texas/24-008749-003/2024(H5N1)	893	39536
MP|PP755590.1|A/cattle/Texas/24-008749-003/2024(H5N1)	894	39412
MP|PP755590.1|A/cattle/Texas/24-008749-003/2024(H5N1)	895	39077
MP|PP755590.1|A/cattle/Texas/24-008749-003/2024(H5N1)	896	39028
MP|PP755590.1|A/cattle/Texas/24-008749-003/2024(H5N1)	897	36544
MP|PP755590.1|A/cattle/Texas/24-008749-003/2024(H5N1)	898	36643
MP|PP755590.1|A/cattle/Texas/24-008749-003/2024(H5N1)	899	35433
MP|PP755590.1|A/cattle/Texas/24-008749-003/2024(H5N1)	900	34767
MP|PP755590.1|A/cattle/Texas/24-008749-003/2024(H5N1)	901	34241
MP|PP755590.1|A/cattle/Texas/24-008749-003/2024(H5N1)	902	33993
MP|PP755590.1|A/cattle/Texas/24-008749-003/2024(H5N1)	903	34020
MP|PP755590.1|A/cattle/Texas/24-008749-003/2024(H5N1)	904	33755
MP|PP755590.1|A/cattle/Texas/24-008749-003/2024(H5N1)	905	33389
MP|PP755590.1|A/cattle/Texas/24-008749-003/2024(H5N1)	906	33390
MP|PP755590.1|A/cattle/Texas/24-008749-003/2024(H5N1)	907	32344
MP|PP755590.1|A/cattle/Texas/24-008749-003/2024(H5N1)	908	32377
MP|PP755590.1|A/cattle/Texas/24-008749-003/2024(H5N1)	909	32312
MP|PP755590.1|A/cattle/Texas/24-008749-003/2024(H5N1)	910	31558
MP|PP755590.1|A/cattle/Texas/24-008749-003/2024(H5N1)	911	31584
MP|PP755590.1|A/cattle/Texas/24-008749-003/2024(H5N1)	912	31163
MP|PP755590.1|A/cattle/Texas/24-008749-003/2024(H5N1)	913	31136
MP|PP755590.1|A/cattle/Texas/24-008749-003/2024(H5N1)	914	30613
MP|PP755590.1|A/cattle/Texas/24-008749-003/2024(H5N1)	915	30060
MP|PP755590.1|A/cattle/Texas/24-008749-003/2024(H5N1)	916	29828
MP|PP755590.1|A/cattle/Texas/24-008749-003/2024(H5N1)	917	29428
MP|PP755590.1|A/cattle/Texas/24-008749-003/2024(H5N1)	918	29465
MP|PP755590.1|A/cattle/Texas/24-008749-003/2024(H5N1)	919	29398
MP|PP755590.1|A/cattle/Texas/24-008749-003/2024(H5N1)	920	28959
MP|PP755590.1|A/cattle/Texas/24-008749-003/2024(H5N1)	921	28797
MP|PP755590.1|A/cattle/Texas/24-008749-003/2024(H5N1)	922	28209
MP|PP755590.1|A/cattle/Texas/24-008749-003/2024(H5N1)	923	28291
MP|PP755590.1|A/cattle/Texas/24-008749-003/2024(H5N1)	924	28255
MP|PP755590.1|A/cattle/Texas/24-008749-003/2024(H5N1)	925	28202
MP|PP755590.1|A/cattle/Texas/24-008749-003/2024(H5N1)	926	28216
MP|PP755590.1|A/cattle/Texas/24-008749-003/2024(H5N1)	927	27412
MP|PP755590.1|A/cattle/Texas/24-008749-003/2024(H5N1)	928	27449
MP|PP755590.1|A/cattle/Texas/24-008749-003/2024(H5N1)	929	27385
MP|PP755590.1|A/cattle/Texas/24-008749-003/2024(H5N1)	930	27327
MP|PP755590.1|A/cattle/Texas/24-008749-003/2024(H5N1)	931	26911
MP|PP755590.1|A/cattle/Texas/24-008749-003/2024(H5N1)	932	24309
MP|PP755590.1|A/cattle/Texas/24-008749-003/2024(H5N1)	933	24305
MP|PP755590.1|A/cattle/Texas/24-008749-003/2024(H5N1)	934	24162
MP|PP755590.1|A/cattle/Texas/24-008749-003/2024(H5N1)	935	23219
MP|PP755590.1|A/cattle/Texas/24-008749-003/2024(H5N1)	936	23121
MP|PP755590.1|A/cattle/Texas/24-008749-003/2024(H5N1)	937	21786
MP|PP755590.1|A/cattle/Texas/24-008749-003/2024(H5N1)	938	21781
MP|PP755590.1|A/cattle/Texas/24-008749-003/2024(H5N1)	939	21743
MP|PP755590.1|A/cattle/Texas/24-008749-003/2024(H5N1)	940	21670
MP|PP755590.1|A/cattle/Texas/24-008749-003/2024(H5N1)	941	21621
MP|PP755590.1|A/cattle/Texas/24-008749-003/2024(H5N1)	942	19196
MP|PP755590.1|A/cattle/Texas/24-008749-003/2024(H5N1)	943	19144
MP|PP755590.1|A/cattle/Texas/24-008749-003/2024(H5N1)	944	18283
MP|PP755590.1|A/cattle/Texas/24-008749-003/2024(H5N1)	945	17082
MP|PP755590.1|A/cattle/Texas/24-008749-003/2024(H5N1)	946	15833
MP|PP755590.1|A/cattle/Texas/24-008749-003/2024(H5N1)	947	15562
MP|PP755590.1|A/cattle/Texas/24-008749-003/2024(H5N1)	948	15513
MP|PP755590.1|A/cattle/Texas/24-008749-003/2024(H5N1)	949	15179
MP|PP755590.1|A/cattle/Texas/24-008749-003/2024(H5N1)	950	14990
MP|PP755590.1|A/cattle/Texas/24-008749-003/2024(H5N1)	951	14822
MP|PP755590.1|A/cattle/Texas/24-008749-003/2024(H5N1)	952	14651
MP|PP755590.1|A/cattle/Texas/24-008749-003/2024(H5N1)	953	14538
MP|PP755590.1|A/cattle/Texas/24-008749-003/2024(H5N1)	954	14307
MP|PP755590.1|A/cattle/Texas/24-008749-003/2024(H5N1)	955	14276
MP|PP755590.1|A/cattle/Texas/24-008749-003/2024(H5N1)	956	14182
MP|PP755590.1|A/cattle/Texas/24-008749-003/2024(H5N1)	957	14161
MP|PP755590.1|A/cattle/Texas/24-008749-003/2024(H5N1)	958	14135
MP|PP755590.1|A/cattle/Texas/24-008749-003/2024(H5N1)	959	14033
MP|PP755590.1|A/cattle/Texas/24-008749-003/2024(H5N1)	960	13989
MP|PP755590.1|A/cattle/Texas/24-008749-003/2024(H5N1)	961	13909
MP|PP755590.1|A/cattle/Texas/24-008749-003/2024(H5N1)	962	13894
MP|PP755590.1|A/cattle/Texas/24-008749-003/2024(H5N1)	963	13695
MP|PP755590.1|A/cattle/Texas/24-008749-003/2024(H5N1)	964	13676
MP|PP755590.1|A/cattle/Texas/24-008749-003/2024(H5N1)	965	13608
MP|PP755590.1|A/cattle/Texas/24-008749-003/2024(H5N1)	966	13560
MP|PP755590.1|A/cattle/Texas/24-008749-003/2024(H5N1)	967	13543
MP|PP755590.1|A/cattle/Texas/24-008749-003/2024(H5N1)	968	13500
MP|PP755590.1|A/cattle/Texas/24-008749-003/2024(H5N1)	969	13499
MP|PP755590.1|A/cattle/Texas/24-008749-003/2024(H5N1)	970	12877
MP|PP755590.1|A/cattle/Texas/24-008749-003/2024(H5N1)	971	12860
MP|PP755590.1|A/cattle/Texas/24-008749-003/2024(H5N1)	972	12703
MP|PP755590.1|A/cattle/Texas/24-008749-003/2024(H5N1)	973	12691
MP|PP755590.1|A/cattle/Texas/24-008749-003/2024(H5N1)	974	12608
MP|PP755590.1|A/cattle/Texas/24-008749-003/2024(H5N1)	975	9662
MP|PP755590.1|A/cattle/Texas/24-008749-003/2024(H5N1)	976	9574
MP|PP755590.1|A/cattle/Texas/24-008749-003/2024(H5N1)	977	9566
MP|PP755590.1|A/cattle/Texas/24-008749-003/2024(H5N1)	978	9519
MP|PP755590.1|A/cattle/Texas/24-008749-003/2024(H5N1)	979	9512
MP|PP755590.1|A/cattle/Texas/24-008749-003/2024(H5N1)	980	8459
MP|PP755590.1|A/cattle/Texas/24-008749-003/2024(H5N1)	981	8428
MP|PP755590.1|A/cattle/Texas/24-008749-003/2024(H5N1)	982	8409
