MP|PP755590.1|A/cattle/Texas/24-008749-003/2024(H5N1)	1	23580
MP|PP755590.1|A/cattle/Texas/24-008749-003/2024(H5N1)	2	23881
MP|PP755590.1|A/cattle/Texas/24-008749-003/2024(H5N1)	3	23960
MP|PP755590.1|A/cattle/Texas/24-008749-003/2024(H5N1)	4	24035
MP|PP755590.1|A/cattle/Texas/24-008749-003/2024(H5N1)	5	25468
MP|PP755590.1|A/cattle/Texas/24-008749-003/2024(H5N1)	6	26443
MP|PP755590.1|A/cattle/Texas/24-008749-003/2024(H5N1)	7	28627
MP|PP755590.1|A/cattle/Texas/24-008749-003/2024(H5N1)	8	29534
MP|PP755590.1|A/cattle/Texas/24-008749-003/2024(H5N1)	9	29858
MP|PP755590.1|A/cattle/Texas/24-008749-003/2024(H5N1)	10	29906
MP|PP755590.1|A/cattle/Texas/24-008749-003/2024(H5N1)	11	30147
MP|PP755590.1|A/cattle/Texas/24-008749-003/2024(H5N1)	12	30477
MP|PP755590.1|A/cattle/Texas/24-008749-003/2024(H5N1)	13	30755
MP|PP755590.1|A/cattle/Texas/24-008749-003/2024(H5N1)	14	30759
MP|PP755590.1|A/cattle/Texas/24-008749-003/2024(H5N1)	15	30762
MP|PP755590.1|A/cattle/Texas/24-008749-003/2024(H5N1)	16	30770
MP|PP755590.1|A/cattle/Texas/24-008749-003/2024(H5N1)	17	30988
MP|PP755590.1|A/cattle/Texas/24-008749-003/2024(H5N1)	18	31301
MP|PP755590.1|A/cattle/Texas/24-008749-003/2024(H5N1)	19	32769
MP|PP755590.1|A/cattle/Texas/24-008749-003/2024(H5N1)	20	32787
MP|PP755590.1|A/cattle/Texas/24-008749-003/2024(H5N1)	21	32812
MP|PP755590.1|A/cattle/Texas/24-008749-003/2024(H5N1)	22	32833
MP|PP755590.1|A/cattle/Texas/24-008749-003/2024(H5N1)	23	33721
MP|PP755590.1|A/cattle/Texas/24-008749-003/2024(H5N1)	24	33808
MP|PP755590.1|A/cattle/Texas/24-008749-003/2024(H5N1)	25	33912
MP|PP755590.1|A/cattle/Texas/24-008749-003/2024(H5N1)	26	35091
MP|PP755590.1|A/cattle/Texas/24-008749-003/2024(H5N1)	27	35222
MP|PP755590.1|A/cattle/Texas/24-008749-003/2024(H5N1)	28	35402
MP|PP755590.1|A/cattle/Texas/24-008749-003/2024(H5N1)	29	35460
MP|PP755590.1|A/cattle/Texas/24-008749-003/2024(H5N1)	30	35750
MP|PP755590.1|A/cattle/Texas/24-008749-003/2024(H5N1)	31	35943
MP|PP755590.1|A/cattle/Texas/24-008749-003/2024(H5N1)	32	36058
MP|PP755590.1|A/cattle/Texas/24-008749-003/2024(H5N1)	33	37080
MP|PP755590.1|A/cattle/Texas/24-008749-003/2024(H5N1)	34	37785
MP|PP755590.1|A/cattle/Texas/24-008749-003/2024(H5N1)	35	37649
MP|PP755590.1|A/cattle/Texas/24-008749-003/2024(H5N1)	36	38867
MP|PP755590.1|A/cattle/Texas/24-008749-003/2024(H5N1)	37	38810
MP|PP755590.1|A/cattle/Texas/24-008749-003/2024(H5N1)	38	40429
MP|PP755590.1|A/cattle/Texas/24-008749-003/2024(H5N1)	39	40442
MP|PP755590.1|A/cattle/Texas/24-008749-003/2024(H5N1)	40	40692
MP|PP755590.1|A/cattle/Texas/24-008749-003/2024(H5N1)	41	40690
MP|PP755590.1|A/cattle/Texas/24-008749-003/2024(H5N1)	42	40524
MP|PP755590.1|A/cattle/Texas/24-008749-003/2024(H5N1)	43	40645
MP|PP755590.1|A/cattle/Texas/24-008749-003/2024(H5N1)	44	40641
MP|PP755590.1|A/cattle/Texas/24-008749-003/2024(H5N1)	45	40527
MP|PP755590.1|A/cattle/Texas/24-008749-003/2024(H5N1)	46	40743
MP|PP755590.1|A/cattle/Texas/24-008749-003/2024(H5N1)	47	40788
MP|PP755590.1|A/cattle/Texas/24-008749-003/2024(H5N1)	48	40993
MP|PP755590.1|A/cattle/Texas/24-008749-003/2024(H5N1)	49	40958
MP|PP755590.1|A/cattle/Texas/24-008749-003/2024(H5N1)	50	41058
MP|PP755590.1|A/cattle/Texas/24-008749-003/2024(H5N1)	51	41052
MP|PP755590.1|A/cattle/Texas/24-008749-003/2024(H5N1)	52	41471
MP|PP755590.1|A/cattle/Texas/24-008749-003/2024(H5N1)	53	42187
MP|PP755590.1|A/cattle/Texas/24-008749-003/2024(H5N1)	54	42229
MP|PP755590.1|A/cattle/Texas/24-008749-003/2024(H5N1)	55	42256
MP|PP755590.1|A/cattle/Texas/24-008749-003/2024(H5N1)	56	42595
MP|PP755590.1|A/cattle/Texas/24-008749-003/2024(H5N1)	57	45417
MP|PP755590.1|A/cattle/Texas/24-008749-003/2024(H5N1)	58	45501
MP|PP755590.1|A/cattle/Texas/24-008749-003/2024(H5N1)	59	45718
MP|PP755590.1|A/cattle/Texas/24-008749-003/2024(H5N1)	60	45747
MP|PP755590.1|A/cattle/Texas/24-008749-003/2024(H5N1)	61	45759
MP|PP755590.1|A/cattle/Texas/24-008749-003/2024(H5N1)	62	45811
MP|PP755590.1|A/cattle/Texas/24-008749-003/2024(H5N1)	63	46368
MP|PP755590.1|A/cattle/Texas/24-008749-003/2024(H5N1)	64	46534
MP|PP755590.1|A/cattle/Texas/24-008749-003/2024(H5N1)	65	46731
MP|PP755590.1|A/cattle/Texas/24-008749-003/2024(H5N1)	66	45472
MP|PP755590.1|A/cattle/Texas/24-008749-003/2024(H5N1)	67	45445
MP|PP755590.1|A/cattle/Texas/24-008749-003/2024(H5N1)	68	45565
MP|PP755590.1|A/cattle/Texas/24-008749-003/2024(H5N1)	69	45603
MP|PP755590.1|A/cattle/Texas/24-008749-003/2024(H5N1)	70	46596
MP|PP755590.1|A/cattle/Texas/24-008749-003/2024(H5N1)	71	46598
MP|PP755590.1|A/cattle/Texas/24-008749-003/2024(H5N1)	72	46295
MP|PP755590.1|A/cattle/Texas/24-008749-003/2024(H5N1)	73	46563
MP|PP755590.1|A/cattle/Texas/24-008749-003/2024(H5N1)	74	46863
MP|PP755590.1|A/cattle/Texas/24-008749-003/2024(H5N1)	75	46888
MP|PP755590.1|A/cattle/Texas/24-008749-003/2024(H5N1)	76	47342
MP|PP755590.1|A/cattle/Texas/24-008749-003/2024(H5N1)	77	47257
MP|PP755590.1|A/cattle/Texas/24-008749-003/2024(H5N1)	78	47436
MP|PP755590.1|A/cattle/Texas/24-008749-003/2024(H5N1)	79	48136
MP|PP755590.1|A/cattle/Texas/24-008749-003/2024(H5N1)	80	51487
MP|PP755590.1|A/cattle/Texas/24-008749-003/2024(H5N1)	81	51665
MP|PP755590.1|A/cattle/Texas/24-008749-003/2024(H5N1)	82	51875
MP|PP755590.1|A/cattle/Texas/24-008749-003/2024(H5N1)	83	52205
MP|PP755590.1|A/cattle/Texas/24-008749-003/2024(H5N1)	84	52436
MP|PP755590.1|A/cattle/Texas/24-008749-003/2024(H5N1)	85	53106
MP|PP755590.1|A/cattle/Texas/24-008749-003/2024(H5N1)	86	53187
MP|PP755590.1|A/cattle/Texas/24-008749-003/2024(H5N1)	87	53066
MP|PP755590.1|A/cattle/Texas/24-008749-003/2024(H5N1)	88	53075
MP|PP755590.1|A/cattle/Texas/24-008749-003/2024(H5N1)	89	50621
MP|PP755590.1|A/cattle/Texas/24-008749-003/2024(H5N1)	90	50730
MP|PP755590.1|A/cattle/Texas/24-008749-003/2024(H5N1)	91	50463
MP|PP755590.1|A/cattle/Texas/24-008749-003/2024(H5N1)	92	50548
MP|PP755590.1|A/cattle/Texas/24-008749-003/2024(H5N1)	93	50630
MP|PP755590.1|A/cattle/Texas/24-008749-003/2024(H5N1)	94	50053
MP|PP755590.1|A/cattle/Texas/24-008749-003/2024(H5N1)	95	50333
MP|PP755590.1|A/cattle/Texas/24-008749-003/2024(H5N1)	96	50815
MP|PP755590.1|A/cattle/Texas/24-008749-003/2024(H5N1)	97	50982
MP|PP755590.1|A/cattle/Texas/24-008749-003/2024(H5N1)	98	51029
MP|PP755590.1|A/cattle/Texas/24-008749-003/2024(H5N1)	99	50832
MP|PP755590.1|A/cattle/Texas/24-008749-003/2024(H5N1)	100	51571
MP|PP755590.1|A/cattle/Texas/24-008749-003/2024(H5N1)	101	51564
MP|PP755590.1|A/cattle/Texas/24-008749-003/2024(H5N1)	102	52851
MP|PP755590.1|A/cattle/Texas/24-008749-003/2024(H5N1)	103	52894
MP|PP755590.1|A/cattle/Texas/24-008749-003/2024(H5N1)	104	52712
MP|PP755590.1|A/cattle/Texas/24-008749-003/2024(H5N1)	105	53056
MP|PP755590.1|A/cattle/Texas/24-008749-003/2024(H5N1)	106	53087
MP|PP755590.1|A/cattle/Texas/24-008749-003/2024(H5N1)	107	53217
MP|PP755590.1|A/cattle/Texas/24-008749-003/2024(H5N1)	108	53434
MP|PP755590.1|A/cattle/Texas/24-008749-003/2024(H5N1)	109	52497
MP|PP755590.1|A/cattle/Texas/24-008749-003/2024(H5N1)	110	52765
MP|PP755590.1|A/cattle/Texas/24-008749-003/2024(H5N1)	111	51059
MP|PP755590.1|A/cattle/Texas/24-008749-003/2024(H5N1)	112	51127
MP|PP755590.1|A/cattle/Texas/24-008749-003/2024(H5N1)	113	52325
MP|PP755590.1|A/cattle/Texas/24-008749-003/2024(H5N1)	114	52157
MP|PP755590.1|A/cattle/Texas/24-008749-003/2024(H5N1)	115	52446
MP|PP755590.1|A/cattle/Texas/24-008749-003/2024(H5N1)	116	52287
MP|PP755590.1|A/cattle/Texas/24-008749-003/2024(H5N1)	117	52018
MP|PP755590.1|A/cattle/Texas/24-008749-003/2024(H5N1)	118	52025
MP|PP755590.1|A/cattle/Texas/24-008749-003/2024(H5N1)	119	51940
MP|PP755590.1|A/cattle/Texas/24-008749-003/2024(H5N1)	120	52058
MP|PP755590.1|A/cattle/Texas/24-008749-003/2024(H5N1)	121	52106
MP|PP755590.1|A/cattle/Texas/24-008749-003/2024(H5N1)	122	50789
MP|PP755590.1|A/cattle/Texas/24-008749-003/2024(H5N1)	123	50716
MP|PP755590.1|A/cattle/Texas/24-008749-003/2024(H5N1)	124	49244
MP|PP755590.1|A/cattle/Texas/24-008749-003/2024(H5N1)	125	49430
MP|PP755590.1|A/cattle/Texas/24-008749-003/2024(H5N1)	126	48820
MP|PP755590.1|A/cattle/Texas/24-008749-003/2024(H5N1)	127	48827
MP|PP755590.1|A/cattle/Texas/24-008749-003/2024(H5N1)	128	48081
MP|PP755590.1|A/cattle/Texas/24-008749-003/2024(H5N1)	129	48005
MP|PP755590.1|A/cattle/Texas/24-008749-003/2024(H5N1)	130	47981
MP|PP755590.1|A/cattle/Texas/24-008749-003/2024(H5N1)	131	47723
MP|PP755590.1|A/cattle/Texas/24-008749-003/2024(H5N1)	132	48614
MP|PP755590.1|A/cattle/Texas/24-008749-003/2024(H5N1)	133	45282
MP|PP755590.1|A/cattle/Texas/24-008749-003/2024(H5N1)	134	46301
MP|PP755590.1|A/cattle/Texas/24-008749-003/2024(H5N1)	135	47372
MP|PP755590.1|A/cattle/Texas/24-008749-003/2024(H5N1)	136	46716
MP|PP755590.1|A/cattle/Texas/24-008749-003/2024(H5N1)	137	47448
MP|PP755590.1|A/cattle/Texas/24-008749-003/2024(H5N1)	138	47430
MP|PP755590.1|A/cattle/Texas/24-008749-003/2024(H5N1)	139	47352
MP|PP755590.1|A/cattle/Texas/24-008749-003/2024(H5N1)	140	48625
MP|PP755590.1|A/cattle/Texas/24-008749-003/2024(H5N1)	141	49202
MP|PP755590.1|A/cattle/Texas/24-008749-003/2024(H5N1)	142	49620
MP|PP755590.1|A/cattle/Texas/24-008749-003/2024(H5N1)	143	48806
MP|PP755590.1|A/cattle/Texas/24-008749-003/2024(H5N1)	144	46406
MP|PP755590.1|A/cattle/Texas/24-008749-003/2024(H5N1)	145	46468
MP|PP755590.1|A/cattle/Texas/24-008749-003/2024(H5N1)	146	48367
MP|PP755590.1|A/cattle/Texas/24-008749-003/2024(H5N1)	147	48889
MP|PP755590.1|A/cattle/Texas/24-008749-003/2024(H5N1)	148	48907
MP|PP755590.1|A/cattle/Texas/24-008749-003/2024(H5N1)	149	47371
MP|PP755590.1|A/cattle/Texas/24-008749-003/2024(H5N1)	150	46665
MP|PP755590.1|A/cattle/Texas/24-008749-003/2024(H5N1)	151	47009
MP|PP755590.1|A/cattle/Texas/24-008749-003/2024(H5N1)	152	47089
MP|PP755590.1|A/cattle/Texas/24-008749-003/2024(H5N1)	153	47735
MP|PP755590.1|A/cattle/Texas/24-008749-003/2024(H5N1)	154	46467
MP|PP755590.1|A/cattle/Texas/24-008749-003/2024(H5N1)	155	45715
MP|PP755590.1|A/cattle/Texas/24-008749-003/2024(H5N1)	156	45837
MP|PP755590.1|A/cattle/Texas/24-008749-003/2024(H5N1)	157	45799
MP|PP755590.1|A/cattle/Texas/24-008749-003/2024(H5N1)	158	45786
MP|PP755590.1|A/cattle/Texas/24-008749-003/2024(H5N1)	159	45767
MP|PP755590.1|A/cattle/Texas/24-008749-003/2024(H5N1)	160	47355
MP|PP755590.1|A/cattle/Texas/24-008749-003/2024(H5N1)	161	47191
MP|PP755590.1|A/cattle/Texas/24-008749-003/2024(H5N1)	162	46861
MP|PP755590.1|A/cattle/Texas/24-008749-003/2024(H5N1)	163	46879
MP|PP755590.1|A/cattle/Texas/24-008749-003/2024(H5N1)	164	46398
MP|PP755590.1|A/cattle/Texas/24-008749-003/2024(H5N1)	165	47270
MP|PP755590.1|A/cattle/Texas/24-008749-003/2024(H5N1)	166	47303
MP|PP755590.1|A/cattle/Texas/24-008749-003/2024(H5N1)	167	47180
MP|PP755590.1|A/cattle/Texas/24-008749-003/2024(H5N1)	168	47145
MP|PP755590.1|A/cattle/Texas/24-008749-003/2024(H5N1)	169	44846
MP|PP755590.1|A/cattle/Texas/24-008749-003/2024(H5N1)	170	44663
MP|PP755590.1|A/cattle/Texas/24-008749-003/2024(H5N1)	171	44733
MP|PP755590.1|A/cattle/Texas/24-008749-003/2024(H5N1)	172	44736
MP|PP755590.1|A/cattle/Texas/24-008749-003/2024(H5N1)	173	44765
MP|PP755590.1|A/cattle/Texas/24-008749-003/2024(H5N1)	174	43987
MP|PP755590.1|A/cattle/Texas/24-008749-003/2024(H5N1)	175	44389
MP|PP755590.1|A/cattle/Texas/24-008749-003/2024(H5N1)	176	44360
MP|PP755590.1|A/cattle/Texas/24-008749-003/2024(H5N1)	177	44193
MP|PP755590.1|A/cattle/Texas/24-008749-003/2024(H5N1)	178	44176
MP|PP755590.1|A/cattle/Texas/24-008749-003/2024(H5N1)	179	44144
MP|PP755590.1|A/cattle/Texas/24-008749-003/2024(H5N1)	180	44115
MP|PP755590.1|A/cattle/Texas/24-008749-003/2024(H5N1)	181	44325
MP|PP755590.1|A/cattle/Texas/24-008749-003/2024(H5N1)	182	44436
MP|PP755590.1|A/cattle/Texas/24-008749-003/2024(H5N1)	183	44384
MP|PP755590.1|A/cattle/Texas/24-008749-003/2024(H5N1)	184	43948
MP|PP755590.1|A/cattle/Texas/24-008749-003/2024(H5N1)	185	43790
MP|PP755590.1|A/cattle/Texas/24-008749-003/2024(H5N1)	186	43744
MP|PP755590.1|A/cattle/Texas/24-008749-003/2024(H5N1)	187	44027
MP|PP755590.1|A/cattle/Texas/24-008749-003/2024(H5N1)	188	44053
MP|PP755590.1|A/cattle/Texas/24-008749-003/2024(H5N1)	189	43547
MP|PP755590.1|A/cattle/Texas/24-008749-003/2024(H5N1)	190	43770
MP|PP755590.1|A/cattle/Texas/24-008749-003/2024(H5N1)	191	43930
MP|PP755590.1|A/cattle/Texas/24-008749-003/2024(H5N1)	192	44157
MP|PP755590.1|A/cattle/Texas/24-008749-003/2024(H5N1)	193	44083
MP|PP755590.1|A/cattle/Texas/24-008749-003/2024(H5N1)	194	45814
MP|PP755590.1|A/cattle/Texas/24-008749-003/2024(H5N1)	195	45810
MP|PP755590.1|A/cattle/Texas/24-008749-003/2024(H5N1)	196	45218
MP|PP755590.1|A/cattle/Texas/24-008749-003/2024(H5N1)	197	44813
MP|PP755590.1|A/cattle/Texas/24-008749-003/2024(H5N1)	198	46145
MP|PP755590.1|A/cattle/Texas/24-008749-003/2024(H5N1)	199	46400
MP|PP755590.1|A/cattle/Texas/24-008749-003/2024(H5N1)	200	47530
MP|PP755590.1|A/cattle/Texas/24-008749-003/2024(H5N1)	201	47422
MP|PP755590.1|A/cattle/Texas/24-008749-003/2024(H5N1)	202	47447
MP|PP755590.1|A/cattle/Texas/24-008749-003/2024(H5N1)	203	45954
MP|PP755590.1|A/cattle/Texas/24-008749-003/2024(H5N1)	204	46022
MP|PP755590.1|A/cattle/Texas/24-008749-003/2024(H5N1)	205	46293
MP|PP755590.1|A/cattle/Texas/24-008749-003/2024(H5N1)	206	46250
MP|PP755590.1|A/cattle/Texas/24-008749-003/2024(H5N1)	207	44694
MP|PP755590.1|A/cattle/Texas/24-008749-003/2024(H5N1)	208	43856
MP|PP755590.1|A/cattle/Texas/24-008749-003/2024(H5N1)	209	44344
MP|PP755590.1|A/cattle/Texas/24-008749-003/2024(H5N1)	210	44886
MP|PP755590.1|A/cattle/Texas/24-008749-003/2024(H5N1)	211	45194
MP|PP755590.1|A/cattle/Texas/24-008749-003/2024(H5N1)	212	45797
MP|PP755590.1|A/cattle/Texas/24-008749-003/2024(H5N1)	213	45921
MP|PP755590.1|A/cattle/Texas/24-008749-003/2024(H5N1)	214	45983
MP|PP755590.1|A/cattle/Texas/24-008749-003/2024(H5N1)	215	46131
MP|PP755590.1|A/cattle/Texas/24-008749-003/2024(H5N1)	216	45896
MP|PP755590.1|A/cattle/Texas/24-008749-003/2024(H5N1)	217	47306
MP|PP755590.1|A/cattle/Texas/24-008749-003/2024(H5N1)	218	47513
MP|PP755590.1|A/cattle/Texas/24-008749-003/2024(H5N1)	219	46993
MP|PP755590.1|A/cattle/Texas/24-008749-003/2024(H5N1)	220	49341
MP|PP755590.1|A/cattle/Texas/24-008749-003/2024(H5N1)	221	47803
MP|PP755590.1|A/cattle/Texas/24-008749-003/2024(H5N1)	222	47930
MP|PP755590.1|A/cattle/Texas/24-008749-003/2024(H5N1)	223	47833
MP|PP755590.1|A/cattle/Texas/24-008749-003/2024(H5N1)	224	47674
MP|PP755590.1|A/cattle/Texas/24-008749-003/2024(H5N1)	225	49091
MP|PP755590.1|A/cattle/Texas/24-008749-003/2024(H5N1)	226	48016
MP|PP755590.1|A/cattle/Texas/24-008749-003/2024(H5N1)	227	48124
MP|PP755590.1|A/cattle/Texas/24-008749-003/2024(H5N1)	228	48291
MP|PP755590.1|A/cattle/Texas/24-008749-003/2024(H5N1)	229	45780
MP|PP755590.1|A/cattle/Texas/24-008749-003/2024(H5N1)	230	45792
MP|PP755590.1|A/cattle/Texas/24-008749-003/2024(H5N1)	231	44855
MP|PP755590.1|A/cattle/Texas/24-008749-003/2024(H5N1)	232	44780
MP|PP755590.1|A/cattle/Texas/24-008749-003/2024(H5N1)	233	44892
MP|PP755590.1|A/cattle/Texas/24-008749-003/2024(H5N1)	234	43551
MP|PP755590.1|A/cattle/Texas/24-008749-003/2024(H5N1)	235	43566
MP|PP755590.1|A/cattle/Texas/24-008749-003/2024(H5N1)	236	43670
MP|PP755590.1|A/cattle/Texas/24-008749-003/2024(H5N1)	237	43634
MP|PP755590.1|A/cattle/Texas/24-008749-003/2024(H5N1)	238	44927
MP|PP755590.1|A/cattle/Texas/24-008749-003/2024(H5N1)	239	45311
MP|PP755590.1|A/cattle/Texas/24-008749-003/2024(H5N1)	240	45278
MP|PP755590.1|A/cattle/Texas/24-008749-003/2024(H5N1)	241	45202
MP|PP755590.1|A/cattle/Texas/24-008749-003/2024(H5N1)	242	44946
MP|PP755590.1|A/cattle/Texas/24-008749-003/2024(H5N1)	243	45111
MP|PP755590.1|A/cattle/Texas/24-008749-003/2024(H5N1)	244	45403
MP|PP755590.1|A/cattle/Texas/24-008749-003/2024(H5N1)	245	45011
MP|PP755590.1|A/cattle/Texas/24-008749-003/2024(H5N1)	246	45655
MP|PP755590.1|A/cattle/Texas/24-008749-003/2024(H5N1)	247	44497
MP|PP755590.1|A/cattle/Texas/24-008749-003/2024(H5N1)	248	44539
MP|PP755590.1|A/cattle/Texas/24-008749-003/2024(H5N1)	249	45198
MP|PP755590.1|A/cattle/Texas/24-008749-003/2024(H5N1)	250	45318
MP|PP755590.1|A/cattle/Texas/24-008749-003/2024(H5N1)	251	45402
MP|PP755590.1|A/cattle/Texas/24-008749-003/2024(H5N1)	252	45797
MP|PP755590.1|A/cattle/Texas/24-008749-003/2024(H5N1)	253	45338
MP|PP755590.1|A/cattle/Texas/24-008749-003/2024(H5N1)	254	45745
MP|PP755590.1|A/cattle/Texas/24-008749-003/2024(H5N1)	255	46067
MP|PP755590.1|A/cattle/Texas/24-008749-003/2024(H5N1)	256	45711
MP|PP755590.1|A/cattle/Texas/24-008749-003/2024(H5N1)	257	46020
MP|PP755590.1|A/cattle/Texas/24-008749-003/2024(H5N1)	258	46014
MP|PP755590.1|A/cattle/Texas/24-008749-003/2024(H5N1)	259	46509
MP|PP755590.1|A/cattle/Texas/24-008749-003/2024(H5N1)	260	46785
MP|PP755590.1|A/cattle/Texas/24-008749-003/2024(H5N1)	261	46377
MP|PP755590.1|A/cattle/Texas/24-008749-003/2024(H5N1)	262	46391
MP|PP755590.1|A/cattle/Texas/24-008749-003/2024(H5N1)	263	46388
MP|PP755590.1|A/cattle/Texas/24-008749-003/2024(H5N1)	264	45739
MP|PP755590.1|A/cattle/Texas/24-008749-003/2024(H5N1)	265	46178
MP|PP755590.1|A/cattle/Texas/24-008749-003/2024(H5N1)	266	45953
MP|PP755590.1|A/cattle/Texas/24-008749-003/2024(H5N1)	267	46935
MP|PP755590.1|A/cattle/Texas/24-008749-003/2024(H5N1)	268	46944
MP|PP755590.1|A/cattle/Texas/24-008749-003/2024(H5N1)	269	46830
MP|PP755590.1|A/cattle/Texas/24-008749-003/2024(H5N1)	270	46974
MP|PP755590.1|A/cattle/Texas/24-008749-003/2024(H5N1)	271	46955
MP|PP755590.1|A/cattle/Texas/24-008749-003/2024(H5N1)	272	46966
MP|PP755590.1|A/cattle/Texas/24-008749-003/2024(H5N1)	273	48833
MP|PP755590.1|A/cattle/Texas/24-008749-003/2024(H5N1)	274	49107
MP|PP755590.1|A/cattle/Texas/24-008749-003/2024(H5N1)	275	48135
MP|PP755590.1|A/cattle/Texas/24-008749-003/2024(H5N1)	276	47490
MP|PP755590.1|A/cattle/Texas/24-008749-003/2024(H5N1)	277	47379
MP|PP755590.1|A/cattle/Texas/24-008749-003/2024(H5N1)	278	47384
MP|PP755590.1|A/cattle/Texas/24-008749-003/2024(H5N1)	279	49306
MP|PP755590.1|A/cattle/Texas/24-008749-003/2024(H5N1)	280	49426
MP|PP755590.1|A/cattle/Texas/24-008749-003/2024(H5N1)	281	49373
MP|PP755590.1|A/cattle/Texas/24-008749-003/2024(H5N1)	282	49290
MP|PP755590.1|A/cattle/Texas/24-008749-003/2024(H5N1)	283	46564
MP|PP755590.1|A/cattle/Texas/24-008749-003/2024(H5N1)	284	47869
MP|PP755590.1|A/cattle/Texas/24-008749-003/2024(H5N1)	285	47395
MP|PP755590.1|A/cattle/Texas/24-008749-003/2024(H5N1)	286	47159
MP|PP755590.1|A/cattle/Texas/24-008749-003/2024(H5N1)	287	47580
MP|PP755590.1|A/cattle/Texas/24-008749-003/2024(H5N1)	288	45569
MP|PP755590.1|A/cattle/Texas/24-008749-003/2024(H5N1)	289	46413
MP|PP755590.1|A/cattle/Texas/24-008749-003/2024(H5N1)	290	46446
MP|PP755590.1|A/cattle/Texas/24-008749-003/2024(H5N1)	291	45635
MP|PP755590.1|A/cattle/Texas/24-008749-003/2024(H5N1)	292	45447
MP|PP755590.1|A/cattle/Texas/24-008749-003/2024(H5N1)	293	44358
MP|PP755590.1|A/cattle/Texas/24-008749-003/2024(H5N1)	294	42984
MP|PP755590.1|A/cattle/Texas/24-008749-003/2024(H5N1)	295	42782
MP|PP755590.1|A/cattle/Texas/24-008749-003/2024(H5N1)	296	46332
MP|PP755590.1|A/cattle/Texas/24-008749-003/2024(H5N1)	297	48895
MP|PP755590.1|A/cattle/Texas/24-008749-003/2024(H5N1)	298	49384
MP|PP755590.1|A/cattle/Texas/24-008749-003/2024(H5N1)	299	49409
MP|PP755590.1|A/cattle/Texas/24-008749-003/2024(H5N1)	300	49424
MP|PP755590.1|A/cattle/Texas/24-008749-003/2024(H5N1)	301	49005
MP|PP755590.1|A/cattle/Texas/24-008749-003/2024(H5N1)	302	49102
MP|PP755590.1|A/cattle/Texas/24-008749-003/2024(H5N1)	303	49633
MP|PP755590.1|A/cattle/Texas/24-008749-003/2024(H5N1)	304	49677
MP|PP755590.1|A/cattle/Texas/24-008749-003/2024(H5N1)	305	49663
MP|PP755590.1|A/cattle/Texas/24-008749-003/2024(H5N1)	306	47597
MP|PP755590.1|A/cattle/Texas/24-008749-003/2024(H5N1)	307	48354
MP|PP755590.1|A/cattle/Texas/24-008749-003/2024(H5N1)	308	48392
MP|PP755590.1|A/cattle/Texas/24-008749-003/2024(H5N1)	309	48464
MP|PP755590.1|A/cattle/Texas/24-008749-003/2024(H5N1)	310	48516
MP|PP755590.1|A/cattle/Texas/24-008749-003/2024(H5N1)	311	47653
MP|PP755590.1|A/cattle/Texas/24-008749-003/2024(H5N1)	312	47727
MP|PP755590.1|A/cattle/Texas/24-008749-003/2024(H5N1)	313	47325
MP|PP755590.1|A/cattle/Texas/24-008749-003/2024(H5N1)	314	47778
MP|PP755590.1|A/cattle/Texas/24-008749-003/2024(H5N1)	315	47748
MP|PP755590.1|A/cattle/Texas/24-008749-003/2024(H5N1)	316	47782
MP|PP755590.1|A/cattle/Texas/24-008749-003/2024(H5N1)	317	48492
MP|PP755590.1|A/cattle/Texas/24-008749-003/2024(H5N1)	318	48790
MP|PP755590.1|A/cattle/Texas/24-008749-003/2024(H5N1)	319	49088
MP|PP755590.1|A/cattle/Texas/24-008749-003/2024(H5N1)	320	49185
MP|PP755590.1|A/cattle/Texas/24-008749-003/2024(H5N1)	321	49119
MP|PP755590.1|A/cattle/Texas/24-008749-003/2024(H5N1)	322	49585
MP|PP755590.1|A/cattle/Texas/24-008749-003/2024(H5N1)	323	49805
MP|PP755590.1|A/cattle/Texas/24-008749-003/2024(H5N1)	324	49447
MP|PP755590.1|A/cattle/Texas/24-008749-003/2024(H5N1)	325	49464
MP|PP755590.1|A/cattle/Texas/24-008749-003/2024(H5N1)	326	48707
MP|PP755590.1|A/cattle/Texas/24-008749-003/2024(H5N1)	327	49094
MP|PP755590.1|A/cattle/Texas/24-008749-003/2024(H5N1)	328	48660
MP|PP755590.1|A/cattle/Texas/24-008749-003/2024(H5N1)	329	48611
MP|PP755590.1|A/cattle/Texas/24-008749-003/2024(H5N1)	330	48655
MP|PP755590.1|A/cattle/Texas/24-008749-003/2024(H5N1)	331	48240
MP|PP755590.1|A/cattle/Texas/24-008749-003/2024(H5N1)	332	49181
MP|PP755590.1|A/cattle/Texas/24-008749-003/2024(H5N1)	333	49960
MP|PP755590.1|A/cattle/Texas/24-008749-003/2024(H5N1)	334	49856
MP|PP755590.1|A/cattle/Texas/24-008749-003/2024(H5N1)	335	49826
MP|PP755590.1|A/cattle/Texas/24-008749-003/2024(H5N1)	336	49557
MP|PP755590.1|A/cattle/Texas/24-008749-003/2024(H5N1)	337	49650
MP|PP755590.1|A/cattle/Texas/24-008749-003/2024(H5N1)	338	49552
MP|PP755590.1|A/cattle/Texas/24-008749-003/2024(H5N1)	339	49538
MP|PP755590.1|A/cattle/Texas/24-008749-003/2024(H5N1)	340	49553
MP|PP755590.1|A/cattle/Texas/24-008749-003/2024(H5N1)	341	49115
MP|PP755590.1|A/cattle/Texas/24-008749-003/2024(H5N1)	342	48384
MP|PP755590.1|A/cattle/Texas/24-008749-003/2024(H5N1)	343	48589
MP|PP755590.1|A/cattle/Texas/24-008749-003/2024(H5N1)	344	48700
MP|PP755590.1|A/cattle/Texas/24-008749-003/2024(H5N1)	345	47883
MP|PP755590.1|A/cattle/Texas/24-008749-003/2024(H5N1)	346	48413
MP|PP755590.1|A/cattle/Texas/24-008749-003/2024(H5N1)	347	48801
MP|PP755590.1|A/cattle/Texas/24-008749-003/2024(H5N1)	348	48967
MP|PP755590.1|A/cattle/Texas/24-008749-003/2024(H5N1)	349	47723
MP|PP755590.1|A/cattle/Texas/24-008749-003/2024(H5N1)	350	47321
MP|PP755590.1|A/cattle/Texas/24-008749-003/2024(H5N1)	351	49569
MP|PP755590.1|A/cattle/Texas/24-008749-003/2024(H5N1)	352	49237
MP|PP755590.1|A/cattle/Texas/24-008749-003/2024(H5N1)	353	50002
MP|PP755590.1|A/cattle/Texas/24-008749-003/2024(H5N1)	354	50018
MP|PP755590.1|A/cattle/Texas/24-008749-003/2024(H5N1)	355	49518
MP|PP755590.1|A/cattle/Texas/24-008749-003/2024(H5N1)	356	49601
MP|PP755590.1|A/cattle/Texas/24-008749-003/2024(H5N1)	357	49700
MP|PP755590.1|A/cattle/Texas/24-008749-003/2024(H5N1)	358	49550
MP|PP755590.1|A/cattle/Texas/24-008749-003/2024(H5N1)	359	49397
MP|PP755590.1|A/cattle/Texas/24-008749-003/2024(H5N1)	360	47087
MP|PP755590.1|A/cattle/Texas/24-008749-003/2024(H5N1)	361	47686
MP|PP755590.1|A/cattle/Texas/24-008749-003/2024(H5N1)	362	47932
MP|PP755590.1|A/cattle/Texas/24-008749-003/2024(H5N1)	363	47154
MP|PP755590.1|A/cattle/Texas/24-008749-003/2024(H5N1)	364	46929
MP|PP755590.1|A/cattle/Texas/24-008749-003/2024(H5N1)	365	47328
MP|PP755590.1|A/cattle/Texas/24-008749-003/2024(H5N1)	366	47014
MP|PP755590.1|A/cattle/Texas/24-008749-003/2024(H5N1)	367	47313
MP|PP755590.1|A/cattle/Texas/24-008749-003/2024(H5N1)	368	46606
MP|PP755590.1|A/cattle/Texas/24-008749-003/2024(H5N1)	369	46761
MP|PP755590.1|A/cattle/Texas/24-008749-003/2024(H5N1)	370	46048
MP|PP755590.1|A/cattle/Texas/24-008749-003/2024(H5N1)	371	45161
MP|PP755590.1|A/cattle/Texas/24-008749-003/2024(H5N1)	372	45913
MP|PP755590.1|A/cattle/Texas/24-008749-003/2024(H5N1)	373	45855
MP|PP755590.1|A/cattle/Texas/24-008749-003/2024(H5N1)	374	45699
MP|PP755590.1|A/cattle/Texas/24-008749-003/2024(H5N1)	375	45059
MP|PP755590.1|A/cattle/Texas/24-008749-003/2024(H5N1)	376	44815
MP|PP755590.1|A/cattle/Texas/24-008749-003/2024(H5N1)	377	45913
MP|PP755590.1|A/cattle/Texas/24-008749-003/2024(H5N1)	378	46400
MP|PP755590.1|A/cattle/Texas/24-008749-003/2024(H5N1)	379	46125
MP|PP755590.1|A/cattle/Texas/24-008749-003/2024(H5N1)	380	47016
MP|PP755590.1|A/cattle/Texas/24-008749-003/2024(H5N1)	381	46542
MP|PP755590.1|A/cattle/Texas/24-008749-003/2024(H5N1)	382	46544
MP|PP755590.1|A/cattle/Texas/24-008749-003/2024(H5N1)	383	46515
MP|PP755590.1|A/cattle/Texas/24-008749-003/2024(H5N1)	384	46429
MP|PP755590.1|A/cattle/Texas/24-008749-003/2024(H5N1)	385	46933
MP|PP755590.1|A/cattle/Texas/24-008749-003/2024(H5N1)	386	46810
MP|PP755590.1|A/cattle/Texas/24-008749-003/2024(H5N1)	387	46296
MP|PP755590.1|A/cattle/Texas/24-008749-003/2024(H5N1)	388	47712
MP|PP755590.1|A/cattle/Texas/24-008749-003/2024(H5N1)	389	46855
MP|PP755590.1|A/cattle/Texas/24-008749-003/2024(H5N1)	390	47411
MP|PP755590.1|A/cattle/Texas/24-008749-003/2024(H5N1)	391	48976
MP|PP755590.1|A/cattle/Texas/24-008749-003/2024(H5N1)	392	48989
MP|PP755590.1|A/cattle/Texas/24-008749-003/2024(H5N1)	393	49279
MP|PP755590.1|A/cattle/Texas/24-008749-003/2024(H5N1)	394	48832
MP|PP755590.1|A/cattle/Texas/24-008749-003/2024(H5N1)	395	48064
MP|PP755590.1|A/cattle/Texas/24-008749-003/2024(H5N1)	396	50627
MP|PP755590.1|A/cattle/Texas/24-008749-003/2024(H5N1)	397	48819
MP|PP755590.1|A/cattle/Texas/24-008749-003/2024(H5N1)	398	48861
MP|PP755590.1|A/cattle/Texas/24-008749-003/2024(H5N1)	399	48771
MP|PP755590.1|A/cattle/Texas/24-008749-003/2024(H5N1)	400	46952
MP|PP755590.1|A/cattle/Texas/24-008749-003/2024(H5N1)	401	48815
MP|PP755590.1|A/cattle/Texas/24-008749-003/2024(H5N1)	402	49256
MP|PP755590.1|A/cattle/Texas/24-008749-003/2024(H5N1)	403	49104
MP|PP755590.1|A/cattle/Texas/24-008749-003/2024(H5N1)	404	49296
MP|PP755590.1|A/cattle/Texas/24-008749-003/2024(H5N1)	405	48259
MP|PP755590.1|A/cattle/Texas/24-008749-003/2024(H5N1)	406	48448
MP|PP755590.1|A/cattle/Texas/24-008749-003/2024(H5N1)	407	50353
MP|PP755590.1|A/cattle/Texas/24-008749-003/2024(H5N1)	408	50514
MP|PP755590.1|A/cattle/Texas/24-008749-003/2024(H5N1)	409	50563
MP|PP755590.1|A/cattle/Texas/24-008749-003/2024(H5N1)	410	48887
MP|PP755590.1|A/cattle/Texas/24-008749-003/2024(H5N1)	411	48762
MP|PP755590.1|A/cattle/Texas/24-008749-003/2024(H5N1)	412	48793
MP|PP755590.1|A/cattle/Texas/24-008749-003/2024(H5N1)	413	49508
MP|PP755590.1|A/cattle/Texas/24-008749-003/2024(H5N1)	414	49627
MP|PP755590.1|A/cattle/Texas/24-008749-003/2024(H5N1)	415	49571
MP|PP755590.1|A/cattle/Texas/24-008749-003/2024(H5N1)	416	50265
MP|PP755590.1|A/cattle/Texas/24-008749-003/2024(H5N1)	417	49771
MP|PP755590.1|A/cattle/Texas/24-008749-003/2024(H5N1)	418	49778
MP|PP755590.1|A/cattle/Texas/24-008749-003/2024(H5N1)	419	49886
MP|PP755590.1|A/cattle/Texas/24-008749-003/2024(H5N1)	420	49827
MP|PP755590.1|A/cattle/Texas/24-008749-003/2024(H5N1)	421	50181
MP|PP755590.1|A/cattle/Texas/24-008749-003/2024(H5N1)	422	50907
MP|PP755590.1|A/cattle/Texas/24-008749-003/2024(H5N1)	423	50779
MP|PP755590.1|A/cattle/Texas/24-008749-003/2024(H5N1)	424	50032
MP|PP755590.1|A/cattle/Texas/24-008749-003/2024(H5N1)	425	49163
MP|PP755590.1|A/cattle/Texas/24-008749-003/2024(H5N1)	426	49114
MP|PP755590.1|A/cattle/Texas/24-008749-003/2024(H5N1)	427	50684
MP|PP755590.1|A/cattle/Texas/24-008749-003/2024(H5N1)	428	50711
MP|PP755590.1|A/cattle/Texas/24-008749-003/2024(H5N1)	429	50765
MP|PP755590.1|A/cattle/Texas/24-008749-003/2024(H5N1)	430	49598
MP|PP755590.1|A/cattle/Texas/24-008749-003/2024(H5N1)	431	49551
MP|PP755590.1|A/cattle/Texas/24-008749-003/2024(H5N1)	432	49741
MP|PP755590.1|A/cattle/Texas/24-008749-003/2024(H5N1)	433	55312
MP|PP755590.1|A/cattle/Texas/24-008749-003/2024(H5N1)	434	55910
MP|PP755590.1|A/cattle/Texas/24-008749-003/2024(H5N1)	435	55291
MP|PP755590.1|A/cattle/Texas/24-008749-003/2024(H5N1)	436	53923
MP|PP755590.1|A/cattle/Texas/24-008749-003/2024(H5N1)	437	53885
MP|PP755590.1|A/cattle/Texas/24-008749-003/2024(H5N1)	438	55189
MP|PP755590.1|A/cattle/Texas/24-008749-003/2024(H5N1)	439	56247
MP|PP755590.1|A/cattle/Texas/24-008749-003/2024(H5N1)	440	56014
MP|PP755590.1|A/cattle/Texas/24-008749-003/2024(H5N1)	441	56750
MP|PP755590.1|A/cattle/Texas/24-008749-003/2024(H5N1)	442	51499
MP|PP755590.1|A/cattle/Texas/24-008749-003/2024(H5N1)	443	51570
MP|PP755590.1|A/cattle/Texas/24-008749-003/2024(H5N1)	444	52014
MP|PP755590.1|A/cattle/Texas/24-008749-003/2024(H5N1)	445	52013
MP|PP755590.1|A/cattle/Texas/24-008749-003/2024(H5N1)	446	52005
MP|PP755590.1|A/cattle/Texas/24-008749-003/2024(H5N1)	447	50002
MP|PP755590.1|A/cattle/Texas/24-008749-003/2024(H5N1)	448	49081
MP|PP755590.1|A/cattle/Texas/24-008749-003/2024(H5N1)	449	51315
MP|PP755590.1|A/cattle/Texas/24-008749-003/2024(H5N1)	450	51123
MP|PP755590.1|A/cattle/Texas/24-008749-003/2024(H5N1)	451	50550
MP|PP755590.1|A/cattle/Texas/24-008749-003/2024(H5N1)	452	50667
MP|PP755590.1|A/cattle/Texas/24-008749-003/2024(H5N1)	453	50084
MP|PP755590.1|A/cattle/Texas/24-008749-003/2024(H5N1)	454	50171
MP|PP755590.1|A/cattle/Texas/24-008749-003/2024(H5N1)	455	49942
MP|PP755590.1|A/cattle/Texas/24-008749-003/2024(H5N1)	456	50127
MP|PP755590.1|A/cattle/Texas/24-008749-003/2024(H5N1)	457	50347
MP|PP755590.1|A/cattle/Texas/24-008749-003/2024(H5N1)	458	48416
MP|PP755590.1|A/cattle/Texas/24-008749-003/2024(H5N1)	459	48607
MP|PP755590.1|A/cattle/Texas/24-008749-003/2024(H5N1)	460	48581
MP|PP755590.1|A/cattle/Texas/24-008749-003/2024(H5N1)	461	48668
MP|PP755590.1|A/cattle/Texas/24-008749-003/2024(H5N1)	462	49158
MP|PP755590.1|A/cattle/Texas/24-008749-003/2024(H5N1)	463	49283
MP|PP755590.1|A/cattle/Texas/24-008749-003/2024(H5N1)	464	50217
MP|PP755590.1|A/cattle/Texas/24-008749-003/2024(H5N1)	465	50076
MP|PP755590.1|A/cattle/Texas/24-008749-003/2024(H5N1)	466	50481
MP|PP755590.1|A/cattle/Texas/24-008749-003/2024(H5N1)	467	50658
MP|PP755590.1|A/cattle/Texas/24-008749-003/2024(H5N1)	468	50400
MP|PP755590.1|A/cattle/Texas/24-008749-003/2024(H5N1)	469	50431
MP|PP755590.1|A/cattle/Texas/24-008749-003/2024(H5N1)	470	50480
MP|PP755590.1|A/cattle/Texas/24-008749-003/2024(H5N1)	471	50439
MP|PP755590.1|A/cattle/Texas/24-008749-003/2024(H5N1)	472	50482
MP|PP755590.1|A/cattle/Texas/24-008749-003/2024(H5N1)	473	50263
MP|PP755590.1|A/cattle/Texas/24-008749-003/2024(H5N1)	474	50830
MP|PP755590.1|A/cattle/Texas/24-008749-003/2024(H5N1)	475	50755
MP|PP755590.1|A/cattle/Texas/24-008749-003/2024(H5N1)	476	50673
MP|PP755590.1|A/cattle/Texas/24-008749-003/2024(H5N1)	477	51037
MP|PP755590.1|A/cattle/Texas/24-008749-003/2024(H5N1)	478	50856
MP|PP755590.1|A/cattle/Texas/24-008749-003/2024(H5N1)	479	50952
MP|PP755590.1|A/cattle/Texas/24-008749-003/2024(H5N1)	480	51443
MP|PP755590.1|A/cattle/Texas/24-008749-003/2024(H5N1)	481	51429
MP|PP755590.1|A/cattle/Texas/24-008749-003/2024(H5N1)	482	52033
MP|PP755590.1|A/cattle/Texas/24-008749-003/2024(H5N1)	483	51334
MP|PP755590.1|A/cattle/Texas/24-008749-003/2024(H5N1)	484	51662
MP|PP755590.1|A/cattle/Texas/24-008749-003/2024(H5N1)	485	51643
MP|PP755590.1|A/cattle/Texas/24-008749-003/2024(H5N1)	486	51890
MP|PP755590.1|A/cattle/Texas/24-008749-003/2024(H5N1)	487	51722
MP|PP755590.1|A/cattle/Texas/24-008749-003/2024(H5N1)	488	53186
MP|PP755590.1|A/cattle/Texas/24-008749-003/2024(H5N1)	489	53218
MP|PP755590.1|A/cattle/Texas/24-008749-003/2024(H5N1)	490	53714
MP|PP755590.1|A/cattle/Texas/24-008749-003/2024(H5N1)	491	53008
MP|PP755590.1|A/cattle/Texas/24-008749-003/2024(H5N1)	492	53143
MP|PP755590.1|A/cattle/Texas/24-008749-003/2024(H5N1)	493	52922
MP|PP755590.1|A/cattle/Texas/24-008749-003/2024(H5N1)	494	52923
MP|PP755590.1|A/cattle/Texas/24-008749-003/2024(H5N1)	495	52897
MP|PP755590.1|A/cattle/Texas/24-008749-003/2024(H5N1)	496	53166
MP|PP755590.1|A/cattle/Texas/24-008749-003/2024(H5N1)	497	52064
MP|PP755590.1|A/cattle/Texas/24-008749-003/2024(H5N1)	498	52220
MP|PP755590.1|A/cattle/Texas/24-008749-003/2024(H5N1)	499	51895
MP|PP755590.1|A/cattle/Texas/24-008749-003/2024(H5N1)	500	52205
MP|PP755590.1|A/cattle/Texas/24-008749-003/2024(H5N1)	501	51316
MP|PP755590.1|A/cattle/Texas/24-008749-003/2024(H5N1)	502	51257
MP|PP755590.1|A/cattle/Texas/24-008749-003/2024(H5N1)	503	52342
MP|PP755590.1|A/cattle/Texas/24-008749-003/2024(H5N1)	504	52428
MP|PP755590.1|A/cattle/Texas/24-008749-003/2024(H5N1)	505	52091
MP|PP755590.1|A/cattle/Texas/24-008749-003/2024(H5N1)	506	52227
MP|PP755590.1|A/cattle/Texas/24-008749-003/2024(H5N1)	507	51911
MP|PP755590.1|A/cattle/Texas/24-008749-003/2024(H5N1)	508	51808
MP|PP755590.1|A/cattle/Texas/24-008749-003/2024(H5N1)	509	52001
MP|PP755590.1|A/cattle/Texas/24-008749-003/2024(H5N1)	510	52250
MP|PP755590.1|A/cattle/Texas/24-008749-003/2024(H5N1)	511	52569
MP|PP755590.1|A/cattle/Texas/24-008749-003/2024(H5N1)	512	51571
MP|PP755590.1|A/cattle/Texas/24-008749-003/2024(H5N1)	513	51272
MP|PP755590.1|A/cattle/Texas/24-008749-003/2024(H5N1)	514	51506
MP|PP755590.1|A/cattle/Texas/24-008749-003/2024(H5N1)	515	51238
MP|PP755590.1|A/cattle/Texas/24-008749-003/2024(H5N1)	516	51791
MP|PP755590.1|A/cattle/Texas/24-008749-003/2024(H5N1)	517	52024
MP|PP755590.1|A/cattle/Texas/24-008749-003/2024(H5N1)	518	51738
MP|PP755590.1|A/cattle/Texas/24-008749-003/2024(H5N1)	519	51556
MP|PP755590.1|A/cattle/Texas/24-008749-003/2024(H5N1)	520	50997
MP|PP755590.1|A/cattle/Texas/24-008749-003/2024(H5N1)	521	51002
MP|PP755590.1|A/cattle/Texas/24-008749-003/2024(H5N1)	522	51251
MP|PP755590.1|A/cattle/Texas/24-008749-003/2024(H5N1)	523	51267
MP|PP755590.1|A/cattle/Texas/24-008749-003/2024(H5N1)	524	51919
MP|PP755590.1|A/cattle/Texas/24-008749-003/2024(H5N1)	525	51398
MP|PP755590.1|A/cattle/Texas/24-008749-003/2024(H5N1)	526	51385
MP|PP755590.1|A/cattle/Texas/24-008749-003/2024(H5N1)	527	51395
MP|PP755590.1|A/cattle/Texas/24-008749-003/2024(H5N1)	528	51120
MP|PP755590.1|A/cattle/Texas/24-008749-003/2024(H5N1)	529	50856
MP|PP755590.1|A/cattle/Texas/24-008749-003/2024(H5N1)	530	50917
MP|PP755590.1|A/cattle/Texas/24-008749-003/2024(H5N1)	531	50548
MP|PP755590.1|A/cattle/Texas/24-008749-003/2024(H5N1)	532	49910
MP|PP755590.1|A/cattle/Texas/24-008749-003/2024(H5N1)	533	50583
MP|PP755590.1|A/cattle/Texas/24-008749-003/2024(H5N1)	534	51371
MP|PP755590.1|A/cattle/Texas/24-008749-003/2024(H5N1)	535	51649
MP|PP755590.1|A/cattle/Texas/24-008749-003/2024(H5N1)	536	51375
MP|PP755590.1|A/cattle/Texas/24-008749-003/2024(H5N1)	537	50775
MP|PP755590.1|A/cattle/Texas/24-008749-003/2024(H5N1)	538	54226
MP|PP755590.1|A/cattle/Texas/24-008749-003/2024(H5N1)	539	53007
MP|PP755590.1|A/cattle/Texas/24-008749-003/2024(H5N1)	540	52957
MP|PP755590.1|A/cattle/Texas/24-008749-003/2024(H5N1)	541	52999
MP|PP755590.1|A/cattle/Texas/24-008749-003/2024(H5N1)	542	51690
MP|PP755590.1|A/cattle/Texas/24-008749-003/2024(H5N1)	543	53418
MP|PP755590.1|A/cattle/Texas/24-008749-003/2024(H5N1)	544	53279
MP|PP755590.1|A/cattle/Texas/24-008749-003/2024(H5N1)	545	53409
MP|PP755590.1|A/cattle/Texas/24-008749-003/2024(H5N1)	546	53191
MP|PP755590.1|A/cattle/Texas/24-008749-003/2024(H5N1)	547	49639
MP|PP755590.1|A/cattle/Texas/24-008749-003/2024(H5N1)	548	54240
MP|PP755590.1|A/cattle/Texas/24-008749-003/2024(H5N1)	549	54740
MP|PP755590.1|A/cattle/Texas/24-008749-003/2024(H5N1)	550	54838
MP|PP755590.1|A/cattle/Texas/24-008749-003/2024(H5N1)	551	54140
MP|PP755590.1|A/cattle/Texas/24-008749-003/2024(H5N1)	552	52459
MP|PP755590.1|A/cattle/Texas/24-008749-003/2024(H5N1)	553	52459
MP|PP755590.1|A/cattle/Texas/24-008749-003/2024(H5N1)	554	52734
MP|PP755590.1|A/cattle/Texas/24-008749-003/2024(H5N1)	555	53508
MP|PP755590.1|A/cattle/Texas/24-008749-003/2024(H5N1)	556	54263
MP|PP755590.1|A/cattle/Texas/24-008749-003/2024(H5N1)	557	49771
MP|PP755590.1|A/cattle/Texas/24-008749-003/2024(H5N1)	558	49461
MP|PP755590.1|A/cattle/Texas/24-008749-003/2024(H5N1)	559	49347
MP|PP755590.1|A/cattle/Texas/24-008749-003/2024(H5N1)	560	49178
MP|PP755590.1|A/cattle/Texas/24-008749-003/2024(H5N1)	561	50098
MP|PP755590.1|A/cattle/Texas/24-008749-003/2024(H5N1)	562	50184
MP|PP755590.1|A/cattle/Texas/24-008749-003/2024(H5N1)	563	50701
MP|PP755590.1|A/cattle/Texas/24-008749-003/2024(H5N1)	564	48772
MP|PP755590.1|A/cattle/Texas/24-008749-003/2024(H5N1)	565	48701
MP|PP755590.1|A/cattle/Texas/24-008749-003/2024(H5N1)	566	48738
MP|PP755590.1|A/cattle/Texas/24-008749-003/2024(H5N1)	567	48539
MP|PP755590.1|A/cattle/Texas/24-008749-003/2024(H5N1)	568	49089
MP|PP755590.1|A/cattle/Texas/24-008749-003/2024(H5N1)	569	48828
MP|PP755590.1|A/cattle/Texas/24-008749-003/2024(H5N1)	570	48025
MP|PP755590.1|A/cattle/Texas/24-008749-003/2024(H5N1)	571	47964
MP|PP755590.1|A/cattle/Texas/24-008749-003/2024(H5N1)	572	46870
MP|PP755590.1|A/cattle/Texas/24-008749-003/2024(H5N1)	573	46946
MP|PP755590.1|A/cattle/Texas/24-008749-003/2024(H5N1)	574	46824
MP|PP755590.1|A/cattle/Texas/24-008749-003/2024(H5N1)	575	47712
MP|PP755590.1|A/cattle/Texas/24-008749-003/2024(H5N1)	576	47719
MP|PP755590.1|A/cattle/Texas/24-008749-003/2024(H5N1)	577	47153
MP|PP755590.1|A/cattle/Texas/24-008749-003/2024(H5N1)	578	47237
MP|PP755590.1|A/cattle/Texas/24-008749-003/2024(H5N1)	579	47025
MP|PP755590.1|A/cattle/Texas/24-008749-003/2024(H5N1)	580	47008
MP|PP755590.1|A/cattle/Texas/24-008749-003/2024(H5N1)	581	47224
MP|PP755590.1|A/cattle/Texas/24-008749-003/2024(H5N1)	582	47183
MP|PP755590.1|A/cattle/Texas/24-008749-003/2024(H5N1)	583	47123
MP|PP755590.1|A/cattle/Texas/24-008749-003/2024(H5N1)	584	44244
MP|PP755590.1|A/cattle/Texas/24-008749-003/2024(H5N1)	585	44339
MP|PP755590.1|A/cattle/Texas/24-008749-003/2024(H5N1)	586	44314
MP|PP755590.1|A/cattle/Texas/24-008749-003/2024(H5N1)	587	44367
MP|PP755590.1|A/cattle/Texas/24-008749-003/2024(H5N1)	588	44545
MP|PP755590.1|A/cattle/Texas/24-008749-003/2024(H5N1)	589	44121
MP|PP755590.1|A/cattle/Texas/24-008749-003/2024(H5N1)	590	43575
MP|PP755590.1|A/cattle/Texas/24-008749-003/2024(H5N1)	591	43599
MP|PP755590.1|A/cattle/Texas/24-008749-003/2024(H5N1)	592	44242
MP|PP755590.1|A/cattle/Texas/24-008749-003/2024(H5N1)	593	44252
MP|PP755590.1|A/cattle/Texas/24-008749-003/2024(H5N1)	594	44016
MP|PP755590.1|A/cattle/Texas/24-008749-003/2024(H5N1)	595	43710
MP|PP755590.1|A/cattle/Texas/24-008749-003/2024(H5N1)	596	44059
MP|PP755590.1|A/cattle/Texas/24-008749-003/2024(H5N1)	597	43831
MP|PP755590.1|A/cattle/Texas/24-008749-003/2024(H5N1)	598	44391
MP|PP755590.1|A/cattle/Texas/24-008749-003/2024(H5N1)	599	43838
MP|PP755590.1|A/cattle/Texas/24-008749-003/2024(H5N1)	600	43833
MP|PP755590.1|A/cattle/Texas/24-008749-003/2024(H5N1)	601	43934
MP|PP755590.1|A/cattle/Texas/24-008749-003/2024(H5N1)	602	43994
MP|PP755590.1|A/cattle/Texas/24-008749-003/2024(H5N1)	603	44034
MP|PP755590.1|A/cattle/Texas/24-008749-003/2024(H5N1)	604	45126
MP|PP755590.1|A/cattle/Texas/24-008749-003/2024(H5N1)	605	47136
MP|PP755590.1|A/cattle/Texas/24-008749-003/2024(H5N1)	606	47153
MP|PP755590.1|A/cattle/Texas/24-008749-003/2024(H5N1)	607	46515
MP|PP755590.1|A/cattle/Texas/24-008749-003/2024(H5N1)	608	46952
MP|PP755590.1|A/cattle/Texas/24-008749-003/2024(H5N1)	609	46918
MP|PP755590.1|A/cattle/Texas/24-008749-003/2024(H5N1)	610	47143
MP|PP755590.1|A/cattle/Texas/24-008749-003/2024(H5N1)	611	47039
MP|PP755590.1|A/cattle/Texas/24-008749-003/2024(H5N1)	612	47356
MP|PP755590.1|A/cattle/Texas/24-008749-003/2024(H5N1)	613	46724
MP|PP755590.1|A/cattle/Texas/24-008749-003/2024(H5N1)	614	44405
MP|PP755590.1|A/cattle/Texas/24-008749-003/2024(H5N1)	615	44357
MP|PP755590.1|A/cattle/Texas/24-008749-003/2024(H5N1)	616	44360
MP|PP755590.1|A/cattle/Texas/24-008749-003/2024(H5N1)	617	44489
MP|PP755590.1|A/cattle/Texas/24-008749-003/2024(H5N1)	618	44506
MP|PP755590.1|A/cattle/Texas/24-008749-003/2024(H5N1)	619	45014
MP|PP755590.1|A/cattle/Texas/24-008749-003/2024(H5N1)	620	44954
MP|PP755590.1|A/cattle/Texas/24-008749-003/2024(H5N1)	621	44951
MP|PP755590.1|A/cattle/Texas/24-008749-003/2024(H5N1)	622	44866
MP|PP755590.1|A/cattle/Texas/24-008749-003/2024(H5N1)	623	44543
MP|PP755590.1|A/cattle/Texas/24-008749-003/2024(H5N1)	624	46503
MP|PP755590.1|A/cattle/Texas/24-008749-003/2024(H5N1)	625	46624
MP|PP755590.1|A/cattle/Texas/24-008749-003/2024(H5N1)	626	46564
MP|PP755590.1|A/cattle/Texas/24-008749-003/2024(H5N1)	627	46514
MP|PP755590.1|A/cattle/Texas/24-008749-003/2024(H5N1)	628	45658
MP|PP755590.1|A/cattle/Texas/24-008749-003/2024(H5N1)	629	46717
MP|PP755590.1|A/cattle/Texas/24-008749-003/2024(H5N1)	630	46702
MP|PP755590.1|A/cattle/Texas/24-008749-003/2024(H5N1)	631	46572
MP|PP755590.1|A/cattle/Texas/24-008749-003/2024(H5N1)	632	46264
MP|PP755590.1|A/cattle/Texas/24-008749-003/2024(H5N1)	633	44121
MP|PP755590.1|A/cattle/Texas/24-008749-003/2024(H5N1)	634	44138
MP|PP755590.1|A/cattle/Texas/24-008749-003/2024(H5N1)	635	44135
MP|PP755590.1|A/cattle/Texas/24-008749-003/2024(H5N1)	636	44275
MP|PP755590.1|A/cattle/Texas/24-008749-003/2024(H5N1)	637	45016
MP|PP755590.1|A/cattle/Texas/24-008749-003/2024(H5N1)	638	44185
MP|PP755590.1|A/cattle/Texas/24-008749-003/2024(H5N1)	639	43661
MP|PP755590.1|A/cattle/Texas/24-008749-003/2024(H5N1)	640	43477
MP|PP755590.1|A/cattle/Texas/24-008749-003/2024(H5N1)	641	43391
MP|PP755590.1|A/cattle/Texas/24-008749-003/2024(H5N1)	642	43956
MP|PP755590.1|A/cattle/Texas/24-008749-003/2024(H5N1)	643	44546
MP|PP755590.1|A/cattle/Texas/24-008749-003/2024(H5N1)	644	44770
MP|PP755590.1|A/cattle/Texas/24-008749-003/2024(H5N1)	645	44877
MP|PP755590.1|A/cattle/Texas/24-008749-003/2024(H5N1)	646	44310
MP|PP755590.1|A/cattle/Texas/24-008749-003/2024(H5N1)	647	44135
MP|PP755590.1|A/cattle/Texas/24-008749-003/2024(H5N1)	648	44178
MP|PP755590.1|A/cattle/Texas/24-008749-003/2024(H5N1)	649	44085
MP|PP755590.1|A/cattle/Texas/24-008749-003/2024(H5N1)	650	44420
MP|PP755590.1|A/cattle/Texas/24-008749-003/2024(H5N1)	651	44472
MP|PP755590.1|A/cattle/Texas/24-008749-003/2024(H5N1)	652	44134
MP|PP755590.1|A/cattle/Texas/24-008749-003/2024(H5N1)	653	45088
MP|PP755590.1|A/cattle/Texas/24-008749-003/2024(H5N1)	654	45409
MP|PP755590.1|A/cattle/Texas/24-008749-003/2024(H5N1)	655	45068
MP|PP755590.1|A/cattle/Texas/24-008749-003/2024(H5N1)	656	45572
MP|PP755590.1|A/cattle/Texas/24-008749-003/2024(H5N1)	657	45422
MP|PP755590.1|A/cattle/Texas/24-008749-003/2024(H5N1)	658	45432
MP|PP755590.1|A/cattle/Texas/24-008749-003/2024(H5N1)	659	45609
MP|PP755590.1|A/cattle/Texas/24-008749-003/2024(H5N1)	660	45361
MP|PP755590.1|A/cattle/Texas/24-008749-003/2024(H5N1)	661	45881
MP|PP755590.1|A/cattle/Texas/24-008749-003/2024(H5N1)	662	45238
MP|PP755590.1|A/cattle/Texas/24-008749-003/2024(H5N1)	663	43791
MP|PP755590.1|A/cattle/Texas/24-008749-003/2024(H5N1)	664	44303
MP|PP755590.1|A/cattle/Texas/24-008749-003/2024(H5N1)	665	43954
MP|PP755590.1|A/cattle/Texas/24-008749-003/2024(H5N1)	666	46174
MP|PP755590.1|A/cattle/Texas/24-008749-003/2024(H5N1)	667	46022
MP|PP755590.1|A/cattle/Texas/24-008749-003/2024(H5N1)	668	45561
MP|PP755590.1|A/cattle/Texas/24-008749-003/2024(H5N1)	669	45593
MP|PP755590.1|A/cattle/Texas/24-008749-003/2024(H5N1)	670	45474
MP|PP755590.1|A/cattle/Texas/24-008749-003/2024(H5N1)	671	45509
MP|PP755590.1|A/cattle/Texas/24-008749-003/2024(H5N1)	672	47782
MP|PP755590.1|A/cattle/Texas/24-008749-003/2024(H5N1)	673	47145
MP|PP755590.1|A/cattle/Texas/24-008749-003/2024(H5N1)	674	47389
MP|PP755590.1|A/cattle/Texas/24-008749-003/2024(H5N1)	675	45135
MP|PP755590.1|A/cattle/Texas/24-008749-003/2024(H5N1)	676	44956
MP|PP755590.1|A/cattle/Texas/24-008749-003/2024(H5N1)	677	45925
MP|PP755590.1|A/cattle/Texas/24-008749-003/2024(H5N1)	678	45814
MP|PP755590.1|A/cattle/Texas/24-008749-003/2024(H5N1)	679	45694
MP|PP755590.1|A/cattle/Texas/24-008749-003/2024(H5N1)	680	45611
MP|PP755590.1|A/cattle/Texas/24-008749-003/2024(H5N1)	681	42840
MP|PP755590.1|A/cattle/Texas/24-008749-003/2024(H5N1)	682	43273
MP|PP755590.1|A/cattle/Texas/24-008749-003/2024(H5N1)	683	43866
MP|PP755590.1|A/cattle/Texas/24-008749-003/2024(H5N1)	684	43849
MP|PP755590.1|A/cattle/Texas/24-008749-003/2024(H5N1)	685	43903
MP|PP755590.1|A/cattle/Texas/24-008749-003/2024(H5N1)	686	42721
MP|PP755590.1|A/cattle/Texas/24-008749-003/2024(H5N1)	687	42994
MP|PP755590.1|A/cattle/Texas/24-008749-003/2024(H5N1)	688	43199
MP|PP755590.1|A/cattle/Texas/24-008749-003/2024(H5N1)	689	43223
MP|PP755590.1|A/cattle/Texas/24-008749-003/2024(H5N1)	690	43112
MP|PP755590.1|A/cattle/Texas/24-008749-003/2024(H5N1)	691	43012
MP|PP755590.1|A/cattle/Texas/24-008749-003/2024(H5N1)	692	42454
MP|PP755590.1|A/cattle/Texas/24-008749-003/2024(H5N1)	693	42213
MP|PP755590.1|A/cattle/Texas/24-008749-003/2024(H5N1)	694	41692
MP|PP755590.1|A/cattle/Texas/24-008749-003/2024(H5N1)	695	41907
MP|PP755590.1|A/cattle/Texas/24-008749-003/2024(H5N1)	696	41816
MP|PP755590.1|A/cattle/Texas/24-008749-003/2024(H5N1)	697	40398
MP|PP755590.1|A/cattle/Texas/24-008749-003/2024(H5N1)	698	39330
MP|PP755590.1|A/cattle/Texas/24-008749-003/2024(H5N1)	699	39866
MP|PP755590.1|A/cattle/Texas/24-008749-003/2024(H5N1)	700	39449
MP|PP755590.1|A/cattle/Texas/24-008749-003/2024(H5N1)	701	39404
MP|PP755590.1|A/cattle/Texas/24-008749-003/2024(H5N1)	702	39407
MP|PP755590.1|A/cattle/Texas/24-008749-003/2024(H5N1)	703	39422
MP|PP755590.1|A/cattle/Texas/24-008749-003/2024(H5N1)	704	39388
MP|PP755590.1|A/cattle/Texas/24-008749-003/2024(H5N1)	705	39285
MP|PP755590.1|A/cattle/Texas/24-008749-003/2024(H5N1)	706	38920
MP|PP755590.1|A/cattle/Texas/24-008749-003/2024(H5N1)	707	38854
MP|PP755590.1|A/cattle/Texas/24-008749-003/2024(H5N1)	708	38920
MP|PP755590.1|A/cattle/Texas/24-008749-003/2024(H5N1)	709	39329
MP|PP755590.1|A/cattle/Texas/24-008749-003/2024(H5N1)	710	39327
MP|PP755590.1|A/cattle/Texas/24-008749-003/2024(H5N1)	711	39273
MP|PP755590.1|A/cattle/Texas/24-008749-003/2024(H5N1)	712	39044
MP|PP755590.1|A/cattle/Texas/24-008749-003/2024(H5N1)	713	39012
MP|PP755590.1|A/cattle/Texas/24-008749-003/2024(H5N1)	714	39109
MP|PP755590.1|A/cattle/Texas/24-008749-003/2024(H5N1)	715	39153
MP|PP755590.1|A/cattle/Texas/24-008749-003/2024(H5N1)	716	39048
MP|PP755590.1|A/cattle/Texas/24-008749-003/2024(H5N1)	717	38749
MP|PP755590.1|A/cattle/Texas/24-008749-003/2024(H5N1)	718	38734
MP|PP755590.1|A/cattle/Texas/24-008749-003/2024(H5N1)	719	40038
MP|PP755590.1|A/cattle/Texas/24-008749-003/2024(H5N1)	720	40319
MP|PP755590.1|A/cattle/Texas/24-008749-003/2024(H5N1)	721	40289
MP|PP755590.1|A/cattle/Texas/24-008749-003/2024(H5N1)	722	40255
MP|PP755590.1|A/cattle/Texas/24-008749-003/2024(H5N1)	723	39922
MP|PP755590.1|A/cattle/Texas/24-008749-003/2024(H5N1)	724	39996
MP|PP755590.1|A/cattle/Texas/24-008749-003/2024(H5N1)	725	40022
MP|PP755590.1|A/cattle/Texas/24-008749-003/2024(H5N1)	726	40190
MP|PP755590.1|A/cattle/Texas/24-008749-003/2024(H5N1)	727	40156
MP|PP755590.1|A/cattle/Texas/24-008749-003/2024(H5N1)	728	39304
MP|PP755590.1|A/cattle/Texas/24-008749-003/2024(H5N1)	729	39323
MP|PP755590.1|A/cattle/Texas/24-008749-003/2024(H5N1)	730	39323
MP|PP755590.1|A/cattle/Texas/24-008749-003/2024(H5N1)	731	39387
MP|PP755590.1|A/cattle/Texas/24-008749-003/2024(H5N1)	732	39299
MP|PP755590.1|A/cattle/Texas/24-008749-003/2024(H5N1)	733	39714
MP|PP755590.1|A/cattle/Texas/24-008749-003/2024(H5N1)	734	41936
MP|PP755590.1|A/cattle/Texas/24-008749-003/2024(H5N1)	735	41623
MP|PP755590.1|A/cattle/Texas/24-008749-003/2024(H5N1)	736	42402
MP|PP755590.1|A/cattle/Texas/24-008749-003/2024(H5N1)	737	42144
MP|PP755590.1|A/cattle/Texas/24-008749-003/2024(H5N1)	738	42075
MP|PP755590.1|A/cattle/Texas/24-008749-003/2024(H5N1)	739	43464
MP|PP755590.1|A/cattle/Texas/24-008749-003/2024(H5N1)	740	43427
MP|PP755590.1|A/cattle/Texas/24-008749-003/2024(H5N1)	741	43428
MP|PP755590.1|A/cattle/Texas/24-008749-003/2024(H5N1)	742	43496
MP|PP755590.1|A/cattle/Texas/24-008749-003/2024(H5N1)	743	41313
MP|PP755590.1|A/cattle/Texas/24-008749-003/2024(H5N1)	744	41435
MP|PP755590.1|A/cattle/Texas/24-008749-003/2024(H5N1)	745	40992
MP|PP755590.1|A/cattle/Texas/24-008749-003/2024(H5N1)	746	40857
MP|PP755590.1|A/cattle/Texas/24-008749-003/2024(H5N1)	747	40874
MP|PP755590.1|A/cattle/Texas/24-008749-003/2024(H5N1)	748	41593
MP|PP755590.1|A/cattle/Texas/24-008749-003/2024(H5N1)	749	41819
MP|PP755590.1|A/cattle/Texas/24-008749-003/2024(H5N1)	750	43466
MP|PP755590.1|A/cattle/Texas/24-008749-003/2024(H5N1)	751	43460
MP|PP755590.1|A/cattle/Texas/24-008749-003/2024(H5N1)	752	43451
MP|PP755590.1|A/cattle/Texas/24-008749-003/2024(H5N1)	753	44106
MP|PP755590.1|A/cattle/Texas/24-008749-003/2024(H5N1)	754	44506
MP|PP755590.1|A/cattle/Texas/24-008749-003/2024(H5N1)	755	44171
MP|PP755590.1|A/cattle/Texas/24-008749-003/2024(H5N1)	756	43381
MP|PP755590.1|A/cattle/Texas/24-008749-003/2024(H5N1)	757	43668
MP|PP755590.1|A/cattle/Texas/24-008749-003/2024(H5N1)	758	43560
MP|PP755590.1|A/cattle/Texas/24-008749-003/2024(H5N1)	759	43307
MP|PP755590.1|A/cattle/Texas/24-008749-003/2024(H5N1)	760	43304
MP|PP755590.1|A/cattle/Texas/24-008749-003/2024(H5N1)	761	43911
MP|PP755590.1|A/cattle/Texas/24-008749-003/2024(H5N1)	762	43273
MP|PP755590.1|A/cattle/Texas/24-008749-003/2024(H5N1)	763	43531
MP|PP755590.1|A/cattle/Texas/24-008749-003/2024(H5N1)	764	43885
MP|PP755590.1|A/cattle/Texas/24-008749-003/2024(H5N1)	765	43708
MP|PP755590.1|A/cattle/Texas/24-008749-003/2024(H5N1)	766	44729
MP|PP755590.1|A/cattle/Texas/24-008749-003/2024(H5N1)	767	44722
MP|PP755590.1|A/cattle/Texas/24-008749-003/2024(H5N1)	768	44110
MP|PP755590.1|A/cattle/Texas/24-008749-003/2024(H5N1)	769	44246
MP|PP755590.1|A/cattle/Texas/24-008749-003/2024(H5N1)	770	43494
MP|PP755590.1|A/cattle/Texas/24-008749-003/2024(H5N1)	771	43339
MP|PP755590.1|A/cattle/Texas/24-008749-003/2024(H5N1)	772	42803
MP|PP755590.1|A/cattle/Texas/24-008749-003/2024(H5N1)	773	42689
MP|PP755590.1|A/cattle/Texas/24-008749-003/2024(H5N1)	774	42031
MP|PP755590.1|A/cattle/Texas/24-008749-003/2024(H5N1)	775	41391
MP|PP755590.1|A/cattle/Texas/24-008749-003/2024(H5N1)	776	41399
MP|PP755590.1|A/cattle/Texas/24-008749-003/2024(H5N1)	777	41722
MP|PP755590.1|A/cattle/Texas/24-008749-003/2024(H5N1)	778	41798
MP|PP755590.1|A/cattle/Texas/24-008749-003/2024(H5N1)	779	41806
MP|PP755590.1|A/cattle/Texas/24-008749-003/2024(H5N1)	780	42895
MP|PP755590.1|A/cattle/Texas/24-008749-003/2024(H5N1)	781	44295
MP|PP755590.1|A/cattle/Texas/24-008749-003/2024(H5N1)	782	44493
MP|PP755590.1|A/cattle/Texas/24-008749-003/2024(H5N1)	783	44745
MP|PP755590.1|A/cattle/Texas/24-008749-003/2024(H5N1)	784	46311
MP|PP755590.1|A/cattle/Texas/24-008749-003/2024(H5N1)	785	46516
MP|PP755590.1|A/cattle/Texas/24-008749-003/2024(H5N1)	786	47230
MP|PP755590.1|A/cattle/Texas/24-008749-003/2024(H5N1)	787	47038
MP|PP755590.1|A/cattle/Texas/24-008749-003/2024(H5N1)	788	46723
MP|PP755590.1|A/cattle/Texas/24-008749-003/2024(H5N1)	789	45620
MP|PP755590.1|A/cattle/Texas/24-008749-003/2024(H5N1)	790	45746
MP|PP755590.1|A/cattle/Texas/24-008749-003/2024(H5N1)	791	48046
MP|PP755590.1|A/cattle/Texas/24-008749-003/2024(H5N1)	792	47907
MP|PP755590.1|A/cattle/Texas/24-008749-003/2024(H5N1)	793	46865
MP|PP755590.1|A/cattle/Texas/24-008749-003/2024(H5N1)	794	47034
MP|PP755590.1|A/cattle/Texas/24-008749-003/2024(H5N1)	795	47482
MP|PP755590.1|A/cattle/Texas/24-008749-003/2024(H5N1)	796	48679
MP|PP755590.1|A/cattle/Texas/24-008749-003/2024(H5N1)	797	48604
MP|PP755590.1|A/cattle/Texas/24-008749-003/2024(H5N1)	798	49002
MP|PP755590.1|A/cattle/Texas/24-008749-003/2024(H5N1)	799	49212
MP|PP755590.1|A/cattle/Texas/24-008749-003/2024(H5N1)	800	48294
MP|PP755590.1|A/cattle/Texas/24-008749-003/2024(H5N1)	801	48530
MP|PP755590.1|A/cattle/Texas/24-008749-003/2024(H5N1)	802	48471
MP|PP755590.1|A/cattle/Texas/24-008749-003/2024(H5N1)	803	50090
MP|PP755590.1|A/cattle/Texas/24-008749-003/2024(H5N1)	804	49525
MP|PP755590.1|A/cattle/Texas/24-008749-003/2024(H5N1)	805	48937
MP|PP755590.1|A/cattle/Texas/24-008749-003/2024(H5N1)	806	48875
MP|PP755590.1|A/cattle/Texas/24-008749-003/2024(H5N1)	807	48472
MP|PP755590.1|A/cattle/Texas/24-008749-003/2024(H5N1)	808	49328
MP|PP755590.1|A/cattle/Texas/24-008749-003/2024(H5N1)	809	49155
MP|PP755590.1|A/cattle/Texas/24-008749-003/2024(H5N1)	810	49104
MP|PP755590.1|A/cattle/Texas/24-008749-003/2024(H5N1)	811	49109
MP|PP755590.1|A/cattle/Texas/24-008749-003/2024(H5N1)	812	48059
MP|PP755590.1|A/cattle/Texas/24-008749-003/2024(H5N1)	813	48164
MP|PP755590.1|A/cattle/Texas/24-008749-003/2024(H5N1)	814	47847
MP|PP755590.1|A/cattle/Texas/24-008749-003/2024(H5N1)	815	47148
MP|PP755590.1|A/cattle/Texas/24-008749-003/2024(H5N1)	816	47125
MP|PP755590.1|A/cattle/Texas/24-008749-003/2024(H5N1)	817	46584
MP|PP755590.1|A/cattle/Texas/24-008749-003/2024(H5N1)	818	46574
MP|PP755590.1|A/cattle/Texas/24-008749-003/2024(H5N1)	819	46617
MP|PP755590.1|A/cattle/Texas/24-008749-003/2024(H5N1)	820	46605
MP|PP755590.1|A/cattle/Texas/24-008749-003/2024(H5N1)	821	46500
MP|PP755590.1|A/cattle/Texas/24-008749-003/2024(H5N1)	822	46421
MP|PP755590.1|A/cattle/Texas/24-008749-003/2024(H5N1)	823	46103
MP|PP755590.1|A/cattle/Texas/24-008749-003/2024(H5N1)	824	47417
MP|PP755590.1|A/cattle/Texas/24-008749-003/2024(H5N1)	825	46886
MP|PP755590.1|A/cattle/Texas/24-008749-003/2024(H5N1)	826	46879
MP|PP755590.1|A/cattle/Texas/24-008749-003/2024(H5N1)	827	47058
MP|PP755590.1|A/cattle/Texas/24-008749-003/2024(H5N1)	828	46639
MP|PP755590.1|A/cattle/Texas/24-008749-003/2024(H5N1)	829	47819
MP|PP755590.1|A/cattle/Texas/24-008749-003/2024(H5N1)	830	47756
MP|PP755590.1|A/cattle/Texas/24-008749-003/2024(H5N1)	831	47770
MP|PP755590.1|A/cattle/Texas/24-008749-003/2024(H5N1)	832	47331
MP|PP755590.1|A/cattle/Texas/24-008749-003/2024(H5N1)	833	46950
MP|PP755590.1|A/cattle/Texas/24-008749-003/2024(H5N1)	834	46844
MP|PP755590.1|A/cattle/Texas/24-008749-003/2024(H5N1)	835	46806
MP|PP755590.1|A/cattle/Texas/24-008749-003/2024(H5N1)	836	46822
MP|PP755590.1|A/cattle/Texas/24-008749-003/2024(H5N1)	837	47347
MP|PP755590.1|A/cattle/Texas/24-008749-003/2024(H5N1)	838	47687
MP|PP755590.1|A/cattle/Texas/24-008749-003/2024(H5N1)	839	47889
MP|PP755590.1|A/cattle/Texas/24-008749-003/2024(H5N1)	840	47420
MP|PP755590.1|A/cattle/Texas/24-008749-003/2024(H5N1)	841	47413
MP|PP755590.1|A/cattle/Texas/24-008749-003/2024(H5N1)	842	47470
MP|PP755590.1|A/cattle/Texas/24-008749-003/2024(H5N1)	843	47547
MP|PP755590.1|A/cattle/Texas/24-008749-003/2024(H5N1)	844	47616
MP|PP755590.1|A/cattle/Texas/24-008749-003/2024(H5N1)	845	47475
MP|PP755590.1|A/cattle/Texas/24-008749-003/2024(H5N1)	846	47153
MP|PP755590.1|A/cattle/Texas/24-008749-003/2024(H5N1)	847	46908
MP|PP755590.1|A/cattle/Texas/24-008749-003/2024(H5N1)	848	46778
MP|PP755590.1|A/cattle/Texas/24-008749-003/2024(H5N1)	849	47174
MP|PP755590.1|A/cattle/Texas/24-008749-003/2024(H5N1)	850	48995
MP|PP755590.1|A/cattle/Texas/24-008749-003/2024(H5N1)	851	50945
MP|PP755590.1|A/cattle/Texas/24-008749-003/2024(H5N1)	852	51026
MP|PP755590.1|A/cattle/Texas/24-008749-003/2024(H5N1)	853	51656
MP|PP755590.1|A/cattle/Texas/24-008749-003/2024(H5N1)	854	51863
MP|PP755590.1|A/cattle/Texas/24-008749-003/2024(H5N1)	855	51890
MP|PP755590.1|A/cattle/Texas/24-008749-003/2024(H5N1)	856	52087
MP|PP755590.1|A/cattle/Texas/24-008749-003/2024(H5N1)	857	52077
MP|PP755590.1|A/cattle/Texas/24-008749-003/2024(H5N1)	858	51655
MP|PP755590.1|A/cattle/Texas/24-008749-003/2024(H5N1)	859	50546
MP|PP755590.1|A/cattle/Texas/24-008749-003/2024(H5N1)	860	50101
MP|PP755590.1|A/cattle/Texas/24-008749-003/2024(H5N1)	861	50994
MP|PP755590.1|A/cattle/Texas/24-008749-003/2024(H5N1)	862	50643
MP|PP755590.1|A/cattle/Texas/24-008749-003/2024(H5N1)	863	50527
MP|PP755590.1|A/cattle/Texas/24-008749-003/2024(H5N1)	864	50507
MP|PP755590.1|A/cattle/Texas/24-008749-003/2024(H5N1)	865	50593
MP|PP755590.1|A/cattle/Texas/24-008749-003/2024(H5N1)	866	50611
MP|PP755590.1|A/cattle/Texas/24-008749-003/2024(H5N1)	867	50817
MP|PP755590.1|A/cattle/Texas/24-008749-003/2024(H5N1)	868	50831
MP|PP755590.1|A/cattle/Texas/24-008749-003/2024(H5N1)	869	50527
MP|PP755590.1|A/cattle/Texas/24-008749-003/2024(H5N1)	870	49942
MP|PP755590.1|A/cattle/Texas/24-008749-003/2024(H5N1)	871	49156
MP|PP755590.1|A/cattle/Texas/24-008749-003/2024(H5N1)	872	49201
MP|PP755590.1|A/cattle/Texas/24-008749-003/2024(H5N1)	873	49283
MP|PP755590.1|A/cattle/Texas/24-008749-003/2024(H5N1)	874	49864
MP|PP755590.1|A/cattle/Texas/24-008749-003/2024(H5N1)	875	49789
MP|PP755590.1|A/cattle/Texas/24-008749-003/2024(H5N1)	876	49583
MP|PP755590.1|A/cattle/Texas/24-008749-003/2024(H5N1)	877	49563
MP|PP755590.1|A/cattle/Texas/24-008749-003/2024(H5N1)	878	49737
MP|PP755590.1|A/cattle/Texas/24-008749-003/2024(H5N1)	879	50029
MP|PP755590.1|A/cattle/Texas/24-008749-003/2024(H5N1)	880	49984
MP|PP755590.1|A/cattle/Texas/24-008749-003/2024(H5N1)	881	50224
MP|PP755590.1|A/cattle/Texas/24-008749-003/2024(H5N1)	882	50252
MP|PP755590.1|A/cattle/Texas/24-008749-003/2024(H5N1)	883	49570
MP|PP755590.1|A/cattle/Texas/24-008749-003/2024(H5N1)	884	49526
MP|PP755590.1|A/cattle/Texas/24-008749-003/2024(H5N1)	885	47935
MP|PP755590.1|A/cattle/Texas/24-008749-003/2024(H5N1)	886	48155
MP|PP755590.1|A/cattle/Texas/24-008749-003/2024(H5N1)	887	47713
MP|PP755590.1|A/cattle/Texas/24-008749-003/2024(H5N1)	888	50116
MP|PP755590.1|A/cattle/Texas/24-008749-003/2024(H5N1)	889	49825
MP|PP755590.1|A/cattle/Texas/24-008749-003/2024(H5N1)	890	50276
MP|PP755590.1|A/cattle/Texas/24-008749-003/2024(H5N1)	891	50081
MP|PP755590.1|A/cattle/Texas/24-008749-003/2024(H5N1)	892	50650
MP|PP755590.1|A/cattle/Texas/24-008749-003/2024(H5N1)	893	50785
MP|PP755590.1|A/cattle/Texas/24-008749-003/2024(H5N1)	894	50633
MP|PP755590.1|A/cattle/Texas/24-008749-003/2024(H5N1)	895	50213
MP|PP755590.1|A/cattle/Texas/24-008749-003/2024(H5N1)	896	50363
MP|PP755590.1|A/cattle/Texas/24-008749-003/2024(H5N1)	897	47041
MP|PP755590.1|A/cattle/Texas/24-008749-003/2024(H5N1)	898	47751
MP|PP755590.1|A/cattle/Texas/24-008749-003/2024(H5N1)	899	46111
MP|PP755590.1|A/cattle/Texas/24-008749-003/2024(H5N1)	900	45408
MP|PP755590.1|A/cattle/Texas/24-008749-003/2024(H5N1)	901	44763
MP|PP755590.1|A/cattle/Texas/24-008749-003/2024(H5N1)	902	44347
MP|PP755590.1|A/cattle/Texas/24-008749-003/2024(H5N1)	903	44393
MP|PP755590.1|A/cattle/Texas/24-008749-003/2024(H5N1)	904	44063
MP|PP755590.1|A/cattle/Texas/24-008749-003/2024(H5N1)	905	43623
MP|PP755590.1|A/cattle/Texas/24-008749-003/2024(H5N1)	906	43924
MP|PP755590.1|A/cattle/Texas/24-008749-003/2024(H5N1)	907	42649
MP|PP755590.1|A/cattle/Texas/24-008749-003/2024(H5N1)	908	42904
MP|PP755590.1|A/cattle/Texas/24-008749-003/2024(H5N1)	909	42839
MP|PP755590.1|A/cattle/Texas/24-008749-003/2024(H5N1)	910	42238
MP|PP755590.1|A/cattle/Texas/24-008749-003/2024(H5N1)	911	42419
MP|PP755590.1|A/cattle/Texas/24-008749-003/2024(H5N1)	912	42042
MP|PP755590.1|A/cattle/Texas/24-008749-003/2024(H5N1)	913	41927
MP|PP755590.1|A/cattle/Texas/24-008749-003/2024(H5N1)	914	41679
MP|PP755590.1|A/cattle/Texas/24-008749-003/2024(H5N1)	915	40964
MP|PP755590.1|A/cattle/Texas/24-008749-003/2024(H5N1)	916	40632
MP|PP755590.1|A/cattle/Texas/24-008749-003/2024(H5N1)	917	40129
MP|PP755590.1|A/cattle/Texas/24-008749-003/2024(H5N1)	918	40309
MP|PP755590.1|A/cattle/Texas/24-008749-003/2024(H5N1)	919	40230
MP|PP755590.1|A/cattle/Texas/24-008749-003/2024(H5N1)	920	39860
MP|PP755590.1|A/cattle/Texas/24-008749-003/2024(H5N1)	921	39740
MP|PP755590.1|A/cattle/Texas/24-008749-003/2024(H5N1)	922	39725
MP|PP755590.1|A/cattle/Texas/24-008749-003/2024(H5N1)	923	40793
MP|PP755590.1|A/cattle/Texas/24-008749-003/2024(H5N1)	924	40725
MP|PP755590.1|A/cattle/Texas/24-008749-003/2024(H5N1)	925	40659
MP|PP755590.1|A/cattle/Texas/24-008749-003/2024(H5N1)	926	40923
MP|PP755590.1|A/cattle/Texas/24-008749-003/2024(H5N1)	927	40071
MP|PP755590.1|A/cattle/Texas/24-008749-003/2024(H5N1)	928	40478
MP|PP755590.1|A/cattle/Texas/24-008749-003/2024(H5N1)	929	40391
MP|PP755590.1|A/cattle/Texas/24-008749-003/2024(H5N1)	930	40353
MP|PP755590.1|A/cattle/Texas/24-008749-003/2024(H5N1)	931	39737
MP|PP755590.1|A/cattle/Texas/24-008749-003/2024(H5N1)	932	36435
MP|PP755590.1|A/cattle/Texas/24-008749-003/2024(H5N1)	933	36827
MP|PP755590.1|A/cattle/Texas/24-008749-003/2024(H5N1)	934	36633
MP|PP755590.1|A/cattle/Texas/24-008749-003/2024(H5N1)	935	35585
MP|PP755590.1|A/cattle/Texas/24-008749-003/2024(H5N1)	936	35438
MP|PP755590.1|A/cattle/Texas/24-008749-003/2024(H5N1)	937	33806
MP|PP755590.1|A/cattle/Texas/24-008749-003/2024(H5N1)	938	33830
MP|PP755590.1|A/cattle/Texas/24-008749-003/2024(H5N1)	939	33770
MP|PP755590.1|A/cattle/Texas/24-008749-003/2024(H5N1)	940	33718
MP|PP755590.1|A/cattle/Texas/24-008749-003/2024(H5N1)	941	33653
MP|PP755590.1|A/cattle/Texas/24-008749-003/2024(H5N1)	942	30397
MP|PP755590.1|A/cattle/Texas/24-008749-003/2024(H5N1)	943	30370
MP|PP755590.1|A/cattle/Texas/24-008749-003/2024(H5N1)	944	29390
MP|PP755590.1|A/cattle/Texas/24-008749-003/2024(H5N1)	945	28041
MP|PP755590.1|A/cattle/Texas/24-008749-003/2024(H5N1)	946	26991
MP|PP755590.1|A/cattle/Texas/24-008749-003/2024(H5N1)	947	26592
MP|PP755590.1|A/cattle/Texas/24-008749-003/2024(H5N1)	948	26474
MP|PP755590.1|A/cattle/Texas/24-008749-003/2024(H5N1)	949	25947
MP|PP755590.1|A/cattle/Texas/24-008749-003/2024(H5N1)	950	25710
MP|PP755590.1|A/cattle/Texas/24-008749-003/2024(H5N1)	951	25480
MP|PP755590.1|A/cattle/Texas/24-008749-003/2024(H5N1)	952	25271
MP|PP755590.1|A/cattle/Texas/24-008749-003/2024(H5N1)	953	25102
MP|PP755590.1|A/cattle/Texas/24-008749-003/2024(H5N1)	954	24699
MP|PP755590.1|A/cattle/Texas/24-008749-003/2024(H5N1)	955	24664
MP|PP755590.1|A/cattle/Texas/24-008749-003/2024(H5N1)	956	24453
MP|PP755590.1|A/cattle/Texas/24-008749-003/2024(H5N1)	957	24428
MP|PP755590.1|A/cattle/Texas/24-008749-003/2024(H5N1)	958	24376
MP|PP755590.1|A/cattle/Texas/24-008749-003/2024(H5N1)	959	24203
MP|PP755590.1|A/cattle/Texas/24-008749-003/2024(H5N1)	960	24124
MP|PP755590.1|A/cattle/Texas/24-008749-003/2024(H5N1)	961	24001
MP|PP755590.1|A/cattle/Texas/24-008749-003/2024(H5N1)	962	23987
MP|PP755590.1|A/cattle/Texas/24-008749-003/2024(H5N1)	963	23672
MP|PP755590.1|A/cattle/Texas/24-008749-003/2024(H5N1)	964	23637
MP|PP755590.1|A/cattle/Texas/24-008749-003/2024(H5N1)	965	23530
MP|PP755590.1|A/cattle/Texas/24-008749-003/2024(H5N1)	966	23416
MP|PP755590.1|A/cattle/Texas/24-008749-003/2024(H5N1)	967	23378
MP|PP755590.1|A/cattle/Texas/24-008749-003/2024(H5N1)	968	23323
MP|PP755590.1|A/cattle/Texas/24-008749-003/2024(H5N1)	969	23315
MP|PP755590.1|A/cattle/Texas/24-008749-003/2024(H5N1)	970	22502
MP|PP755590.1|A/cattle/Texas/24-008749-003/2024(H5N1)	971	22492
MP|PP755590.1|A/cattle/Texas/24-008749-003/2024(H5N1)	972	22224
MP|PP755590.1|A/cattle/Texas/24-008749-003/2024(H5N1)	973	22206
MP|PP755590.1|A/cattle/Texas/24-008749-003/2024(H5N1)	974	22024
MP|PP755590.1|A/cattle/Texas/24-008749-003/2024(H5N1)	975	17442
MP|PP755590.1|A/cattle/Texas/24-008749-003/2024(H5N1)	976	17275
MP|PP755590.1|A/cattle/Texas/24-008749-003/2024(H5N1)	977	17250
MP|PP755590.1|A/cattle/Texas/24-008749-003/2024(H5N1)	978	17170
MP|PP755590.1|A/cattle/Texas/24-008749-003/2024(H5N1)	979	17159
MP|PP755590.1|A/cattle/Texas/24-008749-003/2024(H5N1)	980	15168
MP|PP755590.1|A/cattle/Texas/24-008749-003/2024(H5N1)	981	15120
MP|PP755590.1|A/cattle/Texas/24-008749-003/2024(H5N1)	982	15071
