PB2|PP755596.1|A/cattle/Texas/24-008749-003/2024(H5N1)	1	762
PB2|PP755596.1|A/cattle/Texas/24-008749-003/2024(H5N1)	2	769
PB2|PP755596.1|A/cattle/Texas/24-008749-003/2024(H5N1)	3	784
PB2|PP755596.1|A/cattle/Texas/24-008749-003/2024(H5N1)	4	785
PB2|PP755596.1|A/cattle/Texas/24-008749-003/2024(H5N1)	5	795
PB2|PP755596.1|A/cattle/Texas/24-008749-003/2024(H5N1)	6	799
PB2|PP755596.1|A/cattle/Texas/24-008749-003/2024(H5N1)	7	801
PB2|PP755596.1|A/cattle/Texas/24-008749-003/2024(H5N1)	8	930
PB2|PP755596.1|A/cattle/Texas/24-008749-003/2024(H5N1)	9	931
PB2|PP755596.1|A/cattle/Texas/24-008749-003/2024(H5N1)	10	933
PB2|PP755596.1|A/cattle/Texas/24-008749-003/2024(H5N1)	11	951
PB2|PP755596.1|A/cattle/Texas/24-008749-003/2024(H5N1)	12	952
PB2|PP755596.1|A/cattle/Texas/24-008749-003/2024(H5N1)	13	961
PB2|PP755596.1|A/cattle/Texas/24-008749-003/2024(H5N1)	14	961
PB2|PP755596.1|A/cattle/Texas/24-008749-003/2024(H5N1)	15	963
PB2|PP755596.1|A/cattle/Texas/24-008749-003/2024(H5N1)	16	981
PB2|PP755596.1|A/cattle/Texas/24-008749-003/2024(H5N1)	17	997
PB2|PP755596.1|A/cattle/Texas/24-008749-003/2024(H5N1)	18	999
PB2|PP755596.1|A/cattle/Texas/24-008749-003/2024(H5N1)	19	1000
PB2|PP755596.1|A/cattle/Texas/24-008749-003/2024(H5N1)	20	1000
PB2|PP755596.1|A/cattle/Texas/24-008749-003/2024(H5N1)	21	1008
PB2|PP755596.1|A/cattle/Texas/24-008749-003/2024(H5N1)	22	1012
PB2|PP755596.1|A/cattle/Texas/24-008749-003/2024(H5N1)	23	1017
PB2|PP755596.1|A/cattle/Texas/24-008749-003/2024(H5N1)	24	1023
PB2|PP755596.1|A/cattle/Texas/24-008749-003/2024(H5N1)	25	1089
PB2|PP755596.1|A/cattle/Texas/24-008749-003/2024(H5N1)	26	1110
PB2|PP755596.1|A/cattle/Texas/24-008749-003/2024(H5N1)	27	1112
PB2|PP755596.1|A/cattle/Texas/24-008749-003/2024(H5N1)	28	1118
PB2|PP755596.1|A/cattle/Texas/24-008749-003/2024(H5N1)	29	1119
PB2|PP755596.1|A/cattle/Texas/24-008749-003/2024(H5N1)	30	1115
PB2|PP755596.1|A/cattle/Texas/24-008749-003/2024(H5N1)	31	1144
PB2|PP755596.1|A/cattle/Texas/24-008749-003/2024(H5N1)	32	1154
PB2|PP755596.1|A/cattle/Texas/24-008749-003/2024(H5N1)	33	1161
PB2|PP755596.1|A/cattle/Texas/24-008749-003/2024(H5N1)	34	1172
PB2|PP755596.1|A/cattle/Texas/24-008749-003/2024(H5N1)	35	1173
PB2|PP755596.1|A/cattle/Texas/24-008749-003/2024(H5N1)	36	1170
PB2|PP755596.1|A/cattle/Texas/24-008749-003/2024(H5N1)	37	1172
PB2|PP755596.1|A/cattle/Texas/24-008749-003/2024(H5N1)	38	1170
PB2|PP755596.1|A/cattle/Texas/24-008749-003/2024(H5N1)	39	1250
PB2|PP755596.1|A/cattle/Texas/24-008749-003/2024(H5N1)	40	1262
PB2|PP755596.1|A/cattle/Texas/24-008749-003/2024(H5N1)	41	1264
PB2|PP755596.1|A/cattle/Texas/24-008749-003/2024(H5N1)	42	1264
PB2|PP755596.1|A/cattle/Texas/24-008749-003/2024(H5N1)	43	1266
PB2|PP755596.1|A/cattle/Texas/24-008749-003/2024(H5N1)	44	1268
PB2|PP755596.1|A/cattle/Texas/24-008749-003/2024(H5N1)	45	1269
PB2|PP755596.1|A/cattle/Texas/24-008749-003/2024(H5N1)	46	1272
PB2|PP755596.1|A/cattle/Texas/24-008749-003/2024(H5N1)	47	1283
PB2|PP755596.1|A/cattle/Texas/24-008749-003/2024(H5N1)	48	1281
PB2|PP755596.1|A/cattle/Texas/24-008749-003/2024(H5N1)	49	1324
PB2|PP755596.1|A/cattle/Texas/24-008749-003/2024(H5N1)	50	1328
PB2|PP755596.1|A/cattle/Texas/24-008749-003/2024(H5N1)	51	1337
PB2|PP755596.1|A/cattle/Texas/24-008749-003/2024(H5N1)	52	1337
PB2|PP755596.1|A/cattle/Texas/24-008749-003/2024(H5N1)	53	1341
PB2|PP755596.1|A/cattle/Texas/24-008749-003/2024(H5N1)	54	1342
PB2|PP755596.1|A/cattle/Texas/24-008749-003/2024(H5N1)	55	1417
PB2|PP755596.1|A/cattle/Texas/24-008749-003/2024(H5N1)	56	1416
PB2|PP755596.1|A/cattle/Texas/24-008749-003/2024(H5N1)	57	1417
PB2|PP755596.1|A/cattle/Texas/24-008749-003/2024(H5N1)	58	1419
PB2|PP755596.1|A/cattle/Texas/24-008749-003/2024(H5N1)	59	1419
PB2|PP755596.1|A/cattle/Texas/24-008749-003/2024(H5N1)	60	1445
PB2|PP755596.1|A/cattle/Texas/24-008749-003/2024(H5N1)	61	1456
PB2|PP755596.1|A/cattle/Texas/24-008749-003/2024(H5N1)	62	1461
PB2|PP755596.1|A/cattle/Texas/24-008749-003/2024(H5N1)	63	1461
PB2|PP755596.1|A/cattle/Texas/24-008749-003/2024(H5N1)	64	1457
PB2|PP755596.1|A/cattle/Texas/24-008749-003/2024(H5N1)	65	1472
PB2|PP755596.1|A/cattle/Texas/24-008749-003/2024(H5N1)	66	1488
PB2|PP755596.1|A/cattle/Texas/24-008749-003/2024(H5N1)	67	1498
PB2|PP755596.1|A/cattle/Texas/24-008749-003/2024(H5N1)	68	1524
PB2|PP755596.1|A/cattle/Texas/24-008749-003/2024(H5N1)	69	1525
PB2|PP755596.1|A/cattle/Texas/24-008749-003/2024(H5N1)	70	1529
PB2|PP755596.1|A/cattle/Texas/24-008749-003/2024(H5N1)	71	1575
PB2|PP755596.1|A/cattle/Texas/24-008749-003/2024(H5N1)	72	1585
PB2|PP755596.1|A/cattle/Texas/24-008749-003/2024(H5N1)	73	1655
PB2|PP755596.1|A/cattle/Texas/24-008749-003/2024(H5N1)	74	1667
PB2|PP755596.1|A/cattle/Texas/24-008749-003/2024(H5N1)	75	1668
PB2|PP755596.1|A/cattle/Texas/24-008749-003/2024(H5N1)	76	1671
PB2|PP755596.1|A/cattle/Texas/24-008749-003/2024(H5N1)	77	1674
PB2|PP755596.1|A/cattle/Texas/24-008749-003/2024(H5N1)	78	1714
PB2|PP755596.1|A/cattle/Texas/24-008749-003/2024(H5N1)	79	1731
PB2|PP755596.1|A/cattle/Texas/24-008749-003/2024(H5N1)	80	1726
PB2|PP755596.1|A/cattle/Texas/24-008749-003/2024(H5N1)	81	1733
PB2|PP755596.1|A/cattle/Texas/24-008749-003/2024(H5N1)	82	1723
PB2|PP755596.1|A/cattle/Texas/24-008749-003/2024(H5N1)	83	1724
PB2|PP755596.1|A/cattle/Texas/24-008749-003/2024(H5N1)	84	1737
PB2|PP755596.1|A/cattle/Texas/24-008749-003/2024(H5N1)	85	1772
PB2|PP755596.1|A/cattle/Texas/24-008749-003/2024(H5N1)	86	1775
PB2|PP755596.1|A/cattle/Texas/24-008749-003/2024(H5N1)	87	1789
PB2|PP755596.1|A/cattle/Texas/24-008749-003/2024(H5N1)	88	1789
PB2|PP755596.1|A/cattle/Texas/24-008749-003/2024(H5N1)	89	1796
PB2|PP755596.1|A/cattle/Texas/24-008749-003/2024(H5N1)	90	1797
PB2|PP755596.1|A/cattle/Texas/24-008749-003/2024(H5N1)	91	1839
PB2|PP755596.1|A/cattle/Texas/24-008749-003/2024(H5N1)	92	1845
PB2|PP755596.1|A/cattle/Texas/24-008749-003/2024(H5N1)	93	1853
PB2|PP755596.1|A/cattle/Texas/24-008749-003/2024(H5N1)	94	1851
PB2|PP755596.1|A/cattle/Texas/24-008749-003/2024(H5N1)	95	1853
PB2|PP755596.1|A/cattle/Texas/24-008749-003/2024(H5N1)	96	1876
PB2|PP755596.1|A/cattle/Texas/24-008749-003/2024(H5N1)	97	1905
PB2|PP755596.1|A/cattle/Texas/24-008749-003/2024(H5N1)	98	1907
PB2|PP755596.1|A/cattle/Texas/24-008749-003/2024(H5N1)	99	1971
PB2|PP755596.1|A/cattle/Texas/24-008749-003/2024(H5N1)	100	1967
PB2|PP755596.1|A/cattle/Texas/24-008749-003/2024(H5N1)	101	1968
PB2|PP755596.1|A/cattle/Texas/24-008749-003/2024(H5N1)	102	1976
PB2|PP755596.1|A/cattle/Texas/24-008749-003/2024(H5N1)	103	1976
PB2|PP755596.1|A/cattle/Texas/24-008749-003/2024(H5N1)	104	2034
PB2|PP755596.1|A/cattle/Texas/24-008749-003/2024(H5N1)	105	2028
PB2|PP755596.1|A/cattle/Texas/24-008749-003/2024(H5N1)	106	2033
PB2|PP755596.1|A/cattle/Texas/24-008749-003/2024(H5N1)	107	2035
PB2|PP755596.1|A/cattle/Texas/24-008749-003/2024(H5N1)	108	2019
PB2|PP755596.1|A/cattle/Texas/24-008749-003/2024(H5N1)	109	2019
PB2|PP755596.1|A/cattle/Texas/24-008749-003/2024(H5N1)	110	2025
PB2|PP755596.1|A/cattle/Texas/24-008749-003/2024(H5N1)	111	2065
PB2|PP755596.1|A/cattle/Texas/24-008749-003/2024(H5N1)	112	2062
PB2|PP755596.1|A/cattle/Texas/24-008749-003/2024(H5N1)	113	2059
PB2|PP755596.1|A/cattle/Texas/24-008749-003/2024(H5N1)	114	2080
PB2|PP755596.1|A/cattle/Texas/24-008749-003/2024(H5N1)	115	2102
PB2|PP755596.1|A/cattle/Texas/24-008749-003/2024(H5N1)	116	2107
PB2|PP755596.1|A/cattle/Texas/24-008749-003/2024(H5N1)	117	2110
PB2|PP755596.1|A/cattle/Texas/24-008749-003/2024(H5N1)	118	2170
PB2|PP755596.1|A/cattle/Texas/24-008749-003/2024(H5N1)	119	2187
PB2|PP755596.1|A/cattle/Texas/24-008749-003/2024(H5N1)	120	2199
PB2|PP755596.1|A/cattle/Texas/24-008749-003/2024(H5N1)	121	2229
PB2|PP755596.1|A/cattle/Texas/24-008749-003/2024(H5N1)	122	2222
PB2|PP755596.1|A/cattle/Texas/24-008749-003/2024(H5N1)	123	2224
PB2|PP755596.1|A/cattle/Texas/24-008749-003/2024(H5N1)	124	2084
PB2|PP755596.1|A/cattle/Texas/24-008749-003/2024(H5N1)	125	2099
PB2|PP755596.1|A/cattle/Texas/24-008749-003/2024(H5N1)	126	2033
PB2|PP755596.1|A/cattle/Texas/24-008749-003/2024(H5N1)	127	2020
PB2|PP755596.1|A/cattle/Texas/24-008749-003/2024(H5N1)	128	2025
PB2|PP755596.1|A/cattle/Texas/24-008749-003/2024(H5N1)	129	2084
PB2|PP755596.1|A/cattle/Texas/24-008749-003/2024(H5N1)	130	2098
PB2|PP755596.1|A/cattle/Texas/24-008749-003/2024(H5N1)	131	2102
PB2|PP755596.1|A/cattle/Texas/24-008749-003/2024(H5N1)	132	2102
PB2|PP755596.1|A/cattle/Texas/24-008749-003/2024(H5N1)	133	2021
PB2|PP755596.1|A/cattle/Texas/24-008749-003/2024(H5N1)	134	2024
PB2|PP755596.1|A/cattle/Texas/24-008749-003/2024(H5N1)	135	2021
PB2|PP755596.1|A/cattle/Texas/24-008749-003/2024(H5N1)	136	2011
PB2|PP755596.1|A/cattle/Texas/24-008749-003/2024(H5N1)	137	2057
PB2|PP755596.1|A/cattle/Texas/24-008749-003/2024(H5N1)	138	2066
PB2|PP755596.1|A/cattle/Texas/24-008749-003/2024(H5N1)	139	2072
PB2|PP755596.1|A/cattle/Texas/24-008749-003/2024(H5N1)	140	2020
PB2|PP755596.1|A/cattle/Texas/24-008749-003/2024(H5N1)	141	2024
PB2|PP755596.1|A/cattle/Texas/24-008749-003/2024(H5N1)	142	2064
PB2|PP755596.1|A/cattle/Texas/24-008749-003/2024(H5N1)	143	2045
PB2|PP755596.1|A/cattle/Texas/24-008749-003/2024(H5N1)	144	2047
PB2|PP755596.1|A/cattle/Texas/24-008749-003/2024(H5N1)	145	2015
PB2|PP755596.1|A/cattle/Texas/24-008749-003/2024(H5N1)	146	2020
PB2|PP755596.1|A/cattle/Texas/24-008749-003/2024(H5N1)	147	1999
PB2|PP755596.1|A/cattle/Texas/24-008749-003/2024(H5N1)	148	1990
PB2|PP755596.1|A/cattle/Texas/24-008749-003/2024(H5N1)	149	1984
PB2|PP755596.1|A/cattle/Texas/24-008749-003/2024(H5N1)	150	1968
PB2|PP755596.1|A/cattle/Texas/24-008749-003/2024(H5N1)	151	1963
PB2|PP755596.1|A/cattle/Texas/24-008749-003/2024(H5N1)	152	1975
PB2|PP755596.1|A/cattle/Texas/24-008749-003/2024(H5N1)	153	1976
PB2|PP755596.1|A/cattle/Texas/24-008749-003/2024(H5N1)	154	1978
PB2|PP755596.1|A/cattle/Texas/24-008749-003/2024(H5N1)	155	1997
PB2|PP755596.1|A/cattle/Texas/24-008749-003/2024(H5N1)	156	1989
PB2|PP755596.1|A/cattle/Texas/24-008749-003/2024(H5N1)	157	1991
PB2|PP755596.1|A/cattle/Texas/24-008749-003/2024(H5N1)	158	1990
PB2|PP755596.1|A/cattle/Texas/24-008749-003/2024(H5N1)	159	1932
PB2|PP755596.1|A/cattle/Texas/24-008749-003/2024(H5N1)	160	1952
PB2|PP755596.1|A/cattle/Texas/24-008749-003/2024(H5N1)	161	1959
PB2|PP755596.1|A/cattle/Texas/24-008749-003/2024(H5N1)	162	1944
PB2|PP755596.1|A/cattle/Texas/24-008749-003/2024(H5N1)	163	1946
PB2|PP755596.1|A/cattle/Texas/24-008749-003/2024(H5N1)	164	1941
PB2|PP755596.1|A/cattle/Texas/24-008749-003/2024(H5N1)	165	1960
PB2|PP755596.1|A/cattle/Texas/24-008749-003/2024(H5N1)	166	1952
PB2|PP755596.1|A/cattle/Texas/24-008749-003/2024(H5N1)	167	1957
PB2|PP755596.1|A/cattle/Texas/24-008749-003/2024(H5N1)	168	1962
PB2|PP755596.1|A/cattle/Texas/24-008749-003/2024(H5N1)	169	1965
PB2|PP755596.1|A/cattle/Texas/24-008749-003/2024(H5N1)	170	1969
PB2|PP755596.1|A/cattle/Texas/24-008749-003/2024(H5N1)	171	1966
PB2|PP755596.1|A/cattle/Texas/24-008749-003/2024(H5N1)	172	1954
PB2|PP755596.1|A/cattle/Texas/24-008749-003/2024(H5N1)	173	1996
PB2|PP755596.1|A/cattle/Texas/24-008749-003/2024(H5N1)	174	1981
PB2|PP755596.1|A/cattle/Texas/24-008749-003/2024(H5N1)	175	1987
PB2|PP755596.1|A/cattle/Texas/24-008749-003/2024(H5N1)	176	1987
PB2|PP755596.1|A/cattle/Texas/24-008749-003/2024(H5N1)	177	1986
PB2|PP755596.1|A/cattle/Texas/24-008749-003/2024(H5N1)	178	1996
PB2|PP755596.1|A/cattle/Texas/24-008749-003/2024(H5N1)	179	2023
PB2|PP755596.1|A/cattle/Texas/24-008749-003/2024(H5N1)	180	2041
PB2|PP755596.1|A/cattle/Texas/24-008749-003/2024(H5N1)	181	2038
PB2|PP755596.1|A/cattle/Texas/24-008749-003/2024(H5N1)	182	2003
PB2|PP755596.1|A/cattle/Texas/24-008749-003/2024(H5N1)	183	1993
PB2|PP755596.1|A/cattle/Texas/24-008749-003/2024(H5N1)	184	1992
PB2|PP755596.1|A/cattle/Texas/24-008749-003/2024(H5N1)	185	1996
PB2|PP755596.1|A/cattle/Texas/24-008749-003/2024(H5N1)	186	2007
PB2|PP755596.1|A/cattle/Texas/24-008749-003/2024(H5N1)	187	2004
PB2|PP755596.1|A/cattle/Texas/24-008749-003/2024(H5N1)	188	2012
PB2|PP755596.1|A/cattle/Texas/24-008749-003/2024(H5N1)	189	2007
PB2|PP755596.1|A/cattle/Texas/24-008749-003/2024(H5N1)	190	2066
PB2|PP755596.1|A/cattle/Texas/24-008749-003/2024(H5N1)	191	2063
PB2|PP755596.1|A/cattle/Texas/24-008749-003/2024(H5N1)	192	2062
PB2|PP755596.1|A/cattle/Texas/24-008749-003/2024(H5N1)	193	2069
PB2|PP755596.1|A/cattle/Texas/24-008749-003/2024(H5N1)	194	2065
PB2|PP755596.1|A/cattle/Texas/24-008749-003/2024(H5N1)	195	2071
PB2|PP755596.1|A/cattle/Texas/24-008749-003/2024(H5N1)	196	2072
PB2|PP755596.1|A/cattle/Texas/24-008749-003/2024(H5N1)	197	2091
PB2|PP755596.1|A/cattle/Texas/24-008749-003/2024(H5N1)	198	2084
PB2|PP755596.1|A/cattle/Texas/24-008749-003/2024(H5N1)	199	2045
PB2|PP755596.1|A/cattle/Texas/24-008749-003/2024(H5N1)	200	2023
PB2|PP755596.1|A/cattle/Texas/24-008749-003/2024(H5N1)	201	2022
PB2|PP755596.1|A/cattle/Texas/24-008749-003/2024(H5N1)	202	2022
PB2|PP755596.1|A/cattle/Texas/24-008749-003/2024(H5N1)	203	1982
PB2|PP755596.1|A/cattle/Texas/24-008749-003/2024(H5N1)	204	1977
PB2|PP755596.1|A/cattle/Texas/24-008749-003/2024(H5N1)	205	1972
PB2|PP755596.1|A/cattle/Texas/24-008749-003/2024(H5N1)	206	1971
PB2|PP755596.1|A/cattle/Texas/24-008749-003/2024(H5N1)	207	1929
PB2|PP755596.1|A/cattle/Texas/24-008749-003/2024(H5N1)	208	1928
PB2|PP755596.1|A/cattle/Texas/24-008749-003/2024(H5N1)	209	1943
PB2|PP755596.1|A/cattle/Texas/24-008749-003/2024(H5N1)	210	1956
PB2|PP755596.1|A/cattle/Texas/24-008749-003/2024(H5N1)	211	1895
PB2|PP755596.1|A/cattle/Texas/24-008749-003/2024(H5N1)	212	1881
PB2|PP755596.1|A/cattle/Texas/24-008749-003/2024(H5N1)	213	1877
PB2|PP755596.1|A/cattle/Texas/24-008749-003/2024(H5N1)	214	1893
PB2|PP755596.1|A/cattle/Texas/24-008749-003/2024(H5N1)	215	1907
PB2|PP755596.1|A/cattle/Texas/24-008749-003/2024(H5N1)	216	1900
PB2|PP755596.1|A/cattle/Texas/24-008749-003/2024(H5N1)	217	1890
PB2|PP755596.1|A/cattle/Texas/24-008749-003/2024(H5N1)	218	1880
PB2|PP755596.1|A/cattle/Texas/24-008749-003/2024(H5N1)	219	1867
PB2|PP755596.1|A/cattle/Texas/24-008749-003/2024(H5N1)	220	1900
PB2|PP755596.1|A/cattle/Texas/24-008749-003/2024(H5N1)	221	1905
PB2|PP755596.1|A/cattle/Texas/24-008749-003/2024(H5N1)	222	1884
PB2|PP755596.1|A/cattle/Texas/24-008749-003/2024(H5N1)	223	1804
PB2|PP755596.1|A/cattle/Texas/24-008749-003/2024(H5N1)	224	1797
PB2|PP755596.1|A/cattle/Texas/24-008749-003/2024(H5N1)	225	1797
PB2|PP755596.1|A/cattle/Texas/24-008749-003/2024(H5N1)	226	1808
PB2|PP755596.1|A/cattle/Texas/24-008749-003/2024(H5N1)	227	1809
PB2|PP755596.1|A/cattle/Texas/24-008749-003/2024(H5N1)	228	1795
PB2|PP755596.1|A/cattle/Texas/24-008749-003/2024(H5N1)	229	1815
PB2|PP755596.1|A/cattle/Texas/24-008749-003/2024(H5N1)	230	1791
PB2|PP755596.1|A/cattle/Texas/24-008749-003/2024(H5N1)	231	1792
PB2|PP755596.1|A/cattle/Texas/24-008749-003/2024(H5N1)	232	1792
PB2|PP755596.1|A/cattle/Texas/24-008749-003/2024(H5N1)	233	1793
PB2|PP755596.1|A/cattle/Texas/24-008749-003/2024(H5N1)	234	1804
PB2|PP755596.1|A/cattle/Texas/24-008749-003/2024(H5N1)	235	1770
PB2|PP755596.1|A/cattle/Texas/24-008749-003/2024(H5N1)	236	1750
PB2|PP755596.1|A/cattle/Texas/24-008749-003/2024(H5N1)	237	1764
PB2|PP755596.1|A/cattle/Texas/24-008749-003/2024(H5N1)	238	1743
PB2|PP755596.1|A/cattle/Texas/24-008749-003/2024(H5N1)	239	1764
PB2|PP755596.1|A/cattle/Texas/24-008749-003/2024(H5N1)	240	1762
PB2|PP755596.1|A/cattle/Texas/24-008749-003/2024(H5N1)	241	1760
PB2|PP755596.1|A/cattle/Texas/24-008749-003/2024(H5N1)	242	1737
PB2|PP755596.1|A/cattle/Texas/24-008749-003/2024(H5N1)	243	1747
PB2|PP755596.1|A/cattle/Texas/24-008749-003/2024(H5N1)	244	1758
PB2|PP755596.1|A/cattle/Texas/24-008749-003/2024(H5N1)	245	1867
PB2|PP755596.1|A/cattle/Texas/24-008749-003/2024(H5N1)	246	1864
PB2|PP755596.1|A/cattle/Texas/24-008749-003/2024(H5N1)	247	1845
PB2|PP755596.1|A/cattle/Texas/24-008749-003/2024(H5N1)	248	1821
PB2|PP755596.1|A/cattle/Texas/24-008749-003/2024(H5N1)	249	1820
PB2|PP755596.1|A/cattle/Texas/24-008749-003/2024(H5N1)	250	1764
PB2|PP755596.1|A/cattle/Texas/24-008749-003/2024(H5N1)	251	1780
PB2|PP755596.1|A/cattle/Texas/24-008749-003/2024(H5N1)	252	1789
PB2|PP755596.1|A/cattle/Texas/24-008749-003/2024(H5N1)	253	1853
PB2|PP755596.1|A/cattle/Texas/24-008749-003/2024(H5N1)	254	1853
PB2|PP755596.1|A/cattle/Texas/24-008749-003/2024(H5N1)	255	1878
PB2|PP755596.1|A/cattle/Texas/24-008749-003/2024(H5N1)	256	1881
PB2|PP755596.1|A/cattle/Texas/24-008749-003/2024(H5N1)	257	1890
PB2|PP755596.1|A/cattle/Texas/24-008749-003/2024(H5N1)	258	1884
PB2|PP755596.1|A/cattle/Texas/24-008749-003/2024(H5N1)	259	1911
PB2|PP755596.1|A/cattle/Texas/24-008749-003/2024(H5N1)	260	1925
PB2|PP755596.1|A/cattle/Texas/24-008749-003/2024(H5N1)	261	1926
PB2|PP755596.1|A/cattle/Texas/24-008749-003/2024(H5N1)	262	1853
PB2|PP755596.1|A/cattle/Texas/24-008749-003/2024(H5N1)	263	1911
PB2|PP755596.1|A/cattle/Texas/24-008749-003/2024(H5N1)	264	1884
PB2|PP755596.1|A/cattle/Texas/24-008749-003/2024(H5N1)	265	1926
PB2|PP755596.1|A/cattle/Texas/24-008749-003/2024(H5N1)	266	1908
PB2|PP755596.1|A/cattle/Texas/24-008749-003/2024(H5N1)	267	1904
PB2|PP755596.1|A/cattle/Texas/24-008749-003/2024(H5N1)	268	1879
PB2|PP755596.1|A/cattle/Texas/24-008749-003/2024(H5N1)	269	1831
PB2|PP755596.1|A/cattle/Texas/24-008749-003/2024(H5N1)	270	1837
PB2|PP755596.1|A/cattle/Texas/24-008749-003/2024(H5N1)	271	1905
PB2|PP755596.1|A/cattle/Texas/24-008749-003/2024(H5N1)	272	1888
PB2|PP755596.1|A/cattle/Texas/24-008749-003/2024(H5N1)	273	1885
PB2|PP755596.1|A/cattle/Texas/24-008749-003/2024(H5N1)	274	1866
PB2|PP755596.1|A/cattle/Texas/24-008749-003/2024(H5N1)	275	1813
PB2|PP755596.1|A/cattle/Texas/24-008749-003/2024(H5N1)	276	1822
PB2|PP755596.1|A/cattle/Texas/24-008749-003/2024(H5N1)	277	1864
PB2|PP755596.1|A/cattle/Texas/24-008749-003/2024(H5N1)	278	1872
PB2|PP755596.1|A/cattle/Texas/24-008749-003/2024(H5N1)	279	1863
PB2|PP755596.1|A/cattle/Texas/24-008749-003/2024(H5N1)	280	1785
PB2|PP755596.1|A/cattle/Texas/24-008749-003/2024(H5N1)	281	1776
PB2|PP755596.1|A/cattle/Texas/24-008749-003/2024(H5N1)	282	1812
PB2|PP755596.1|A/cattle/Texas/24-008749-003/2024(H5N1)	283	1817
PB2|PP755596.1|A/cattle/Texas/24-008749-003/2024(H5N1)	284	1785
PB2|PP755596.1|A/cattle/Texas/24-008749-003/2024(H5N1)	285	1764
PB2|PP755596.1|A/cattle/Texas/24-008749-003/2024(H5N1)	286	1755
PB2|PP755596.1|A/cattle/Texas/24-008749-003/2024(H5N1)	287	1742
PB2|PP755596.1|A/cattle/Texas/24-008749-003/2024(H5N1)	288	1745
PB2|PP755596.1|A/cattle/Texas/24-008749-003/2024(H5N1)	289	1753
PB2|PP755596.1|A/cattle/Texas/24-008749-003/2024(H5N1)	290	1757
PB2|PP755596.1|A/cattle/Texas/24-008749-003/2024(H5N1)	291	1731
PB2|PP755596.1|A/cattle/Texas/24-008749-003/2024(H5N1)	292	1735
PB2|PP755596.1|A/cattle/Texas/24-008749-003/2024(H5N1)	293	1715
PB2|PP755596.1|A/cattle/Texas/24-008749-003/2024(H5N1)	294	1737
PB2|PP755596.1|A/cattle/Texas/24-008749-003/2024(H5N1)	295	1835
PB2|PP755596.1|A/cattle/Texas/24-008749-003/2024(H5N1)	296	1843
PB2|PP755596.1|A/cattle/Texas/24-008749-003/2024(H5N1)	297	1854
PB2|PP755596.1|A/cattle/Texas/24-008749-003/2024(H5N1)	298	1841
PB2|PP755596.1|A/cattle/Texas/24-008749-003/2024(H5N1)	299	1840
PB2|PP755596.1|A/cattle/Texas/24-008749-003/2024(H5N1)	300	1863
PB2|PP755596.1|A/cattle/Texas/24-008749-003/2024(H5N1)	301	1859
PB2|PP755596.1|A/cattle/Texas/24-008749-003/2024(H5N1)	302	1880
PB2|PP755596.1|A/cattle/Texas/24-008749-003/2024(H5N1)	303	1885
PB2|PP755596.1|A/cattle/Texas/24-008749-003/2024(H5N1)	304	1877
PB2|PP755596.1|A/cattle/Texas/24-008749-003/2024(H5N1)	305	1891
PB2|PP755596.1|A/cattle/Texas/24-008749-003/2024(H5N1)	306	1866
PB2|PP755596.1|A/cattle/Texas/24-008749-003/2024(H5N1)	307	1869
PB2|PP755596.1|A/cattle/Texas/24-008749-003/2024(H5N1)	308	1874
PB2|PP755596.1|A/cattle/Texas/24-008749-003/2024(H5N1)	309	1874
PB2|PP755596.1|A/cattle/Texas/24-008749-003/2024(H5N1)	310	1921
PB2|PP755596.1|A/cattle/Texas/24-008749-003/2024(H5N1)	311	1893
PB2|PP755596.1|A/cattle/Texas/24-008749-003/2024(H5N1)	312	1905
PB2|PP755596.1|A/cattle/Texas/24-008749-003/2024(H5N1)	313	1908
PB2|PP755596.1|A/cattle/Texas/24-008749-003/2024(H5N1)	314	1936
PB2|PP755596.1|A/cattle/Texas/24-008749-003/2024(H5N1)	315	1954
PB2|PP755596.1|A/cattle/Texas/24-008749-003/2024(H5N1)	316	1939
PB2|PP755596.1|A/cattle/Texas/24-008749-003/2024(H5N1)	317	1957
PB2|PP755596.1|A/cattle/Texas/24-008749-003/2024(H5N1)	318	1956
PB2|PP755596.1|A/cattle/Texas/24-008749-003/2024(H5N1)	319	1939
PB2|PP755596.1|A/cattle/Texas/24-008749-003/2024(H5N1)	320	1970
PB2|PP755596.1|A/cattle/Texas/24-008749-003/2024(H5N1)	321	1968
PB2|PP755596.1|A/cattle/Texas/24-008749-003/2024(H5N1)	322	1969
PB2|PP755596.1|A/cattle/Texas/24-008749-003/2024(H5N1)	323	1935
PB2|PP755596.1|A/cattle/Texas/24-008749-003/2024(H5N1)	324	1890
PB2|PP755596.1|A/cattle/Texas/24-008749-003/2024(H5N1)	325	1917
PB2|PP755596.1|A/cattle/Texas/24-008749-003/2024(H5N1)	326	1935
PB2|PP755596.1|A/cattle/Texas/24-008749-003/2024(H5N1)	327	1956
PB2|PP755596.1|A/cattle/Texas/24-008749-003/2024(H5N1)	328	1946
PB2|PP755596.1|A/cattle/Texas/24-008749-003/2024(H5N1)	329	1910
PB2|PP755596.1|A/cattle/Texas/24-008749-003/2024(H5N1)	330	1912
PB2|PP755596.1|A/cattle/Texas/24-008749-003/2024(H5N1)	331	1906
PB2|PP755596.1|A/cattle/Texas/24-008749-003/2024(H5N1)	332	2007
PB2|PP755596.1|A/cattle/Texas/24-008749-003/2024(H5N1)	333	2012
PB2|PP755596.1|A/cattle/Texas/24-008749-003/2024(H5N1)	334	1995
PB2|PP755596.1|A/cattle/Texas/24-008749-003/2024(H5N1)	335	1992
PB2|PP755596.1|A/cattle/Texas/24-008749-003/2024(H5N1)	336	1981
PB2|PP755596.1|A/cattle/Texas/24-008749-003/2024(H5N1)	337	1989
PB2|PP755596.1|A/cattle/Texas/24-008749-003/2024(H5N1)	338	1988
PB2|PP755596.1|A/cattle/Texas/24-008749-003/2024(H5N1)	339	2010
PB2|PP755596.1|A/cattle/Texas/24-008749-003/2024(H5N1)	340	2060
PB2|PP755596.1|A/cattle/Texas/24-008749-003/2024(H5N1)	341	1942
PB2|PP755596.1|A/cattle/Texas/24-008749-003/2024(H5N1)	342	1947
PB2|PP755596.1|A/cattle/Texas/24-008749-003/2024(H5N1)	343	1947
PB2|PP755596.1|A/cattle/Texas/24-008749-003/2024(H5N1)	344	1945
PB2|PP755596.1|A/cattle/Texas/24-008749-003/2024(H5N1)	345	1945
PB2|PP755596.1|A/cattle/Texas/24-008749-003/2024(H5N1)	346	1943
PB2|PP755596.1|A/cattle/Texas/24-008749-003/2024(H5N1)	347	1950
PB2|PP755596.1|A/cattle/Texas/24-008749-003/2024(H5N1)	348	1927
PB2|PP755596.1|A/cattle/Texas/24-008749-003/2024(H5N1)	349	1924
PB2|PP755596.1|A/cattle/Texas/24-008749-003/2024(H5N1)	350	1918
PB2|PP755596.1|A/cattle/Texas/24-008749-003/2024(H5N1)	351	1923
PB2|PP755596.1|A/cattle/Texas/24-008749-003/2024(H5N1)	352	1925
PB2|PP755596.1|A/cattle/Texas/24-008749-003/2024(H5N1)	353	1921
PB2|PP755596.1|A/cattle/Texas/24-008749-003/2024(H5N1)	354	1919
PB2|PP755596.1|A/cattle/Texas/24-008749-003/2024(H5N1)	355	1920
PB2|PP755596.1|A/cattle/Texas/24-008749-003/2024(H5N1)	356	1922
PB2|PP755596.1|A/cattle/Texas/24-008749-003/2024(H5N1)	357	1926
PB2|PP755596.1|A/cattle/Texas/24-008749-003/2024(H5N1)	358	1926
PB2|PP755596.1|A/cattle/Texas/24-008749-003/2024(H5N1)	359	1927
PB2|PP755596.1|A/cattle/Texas/24-008749-003/2024(H5N1)	360	1911
PB2|PP755596.1|A/cattle/Texas/24-008749-003/2024(H5N1)	361	1901
PB2|PP755596.1|A/cattle/Texas/24-008749-003/2024(H5N1)	362	1901
PB2|PP755596.1|A/cattle/Texas/24-008749-003/2024(H5N1)	363	1902
PB2|PP755596.1|A/cattle/Texas/24-008749-003/2024(H5N1)	364	1914
PB2|PP755596.1|A/cattle/Texas/24-008749-003/2024(H5N1)	365	1902
PB2|PP755596.1|A/cattle/Texas/24-008749-003/2024(H5N1)	366	1889
PB2|PP755596.1|A/cattle/Texas/24-008749-003/2024(H5N1)	367	1887
PB2|PP755596.1|A/cattle/Texas/24-008749-003/2024(H5N1)	368	1890
PB2|PP755596.1|A/cattle/Texas/24-008749-003/2024(H5N1)	369	1890
PB2|PP755596.1|A/cattle/Texas/24-008749-003/2024(H5N1)	370	1885
PB2|PP755596.1|A/cattle/Texas/24-008749-003/2024(H5N1)	371	1877
PB2|PP755596.1|A/cattle/Texas/24-008749-003/2024(H5N1)	372	1928
PB2|PP755596.1|A/cattle/Texas/24-008749-003/2024(H5N1)	373	1929
PB2|PP755596.1|A/cattle/Texas/24-008749-003/2024(H5N1)	374	1924
PB2|PP755596.1|A/cattle/Texas/24-008749-003/2024(H5N1)	375	1924
PB2|PP755596.1|A/cattle/Texas/24-008749-003/2024(H5N1)	376	1930
PB2|PP755596.1|A/cattle/Texas/24-008749-003/2024(H5N1)	377	1920
PB2|PP755596.1|A/cattle/Texas/24-008749-003/2024(H5N1)	378	1924
PB2|PP755596.1|A/cattle/Texas/24-008749-003/2024(H5N1)	379	1908
PB2|PP755596.1|A/cattle/Texas/24-008749-003/2024(H5N1)	380	1885
PB2|PP755596.1|A/cattle/Texas/24-008749-003/2024(H5N1)	381	1883
PB2|PP755596.1|A/cattle/Texas/24-008749-003/2024(H5N1)	382	1878
PB2|PP755596.1|A/cattle/Texas/24-008749-003/2024(H5N1)	383	1884
PB2|PP755596.1|A/cattle/Texas/24-008749-003/2024(H5N1)	384	1883
PB2|PP755596.1|A/cattle/Texas/24-008749-003/2024(H5N1)	385	1910
PB2|PP755596.1|A/cattle/Texas/24-008749-003/2024(H5N1)	386	1973
PB2|PP755596.1|A/cattle/Texas/24-008749-003/2024(H5N1)	387	2028
PB2|PP755596.1|A/cattle/Texas/24-008749-003/2024(H5N1)	388	2009
PB2|PP755596.1|A/cattle/Texas/24-008749-003/2024(H5N1)	389	2009
PB2|PP755596.1|A/cattle/Texas/24-008749-003/2024(H5N1)	390	1994
PB2|PP755596.1|A/cattle/Texas/24-008749-003/2024(H5N1)	391	1991
PB2|PP755596.1|A/cattle/Texas/24-008749-003/2024(H5N1)	392	2008
PB2|PP755596.1|A/cattle/Texas/24-008749-003/2024(H5N1)	393	1999
PB2|PP755596.1|A/cattle/Texas/24-008749-003/2024(H5N1)	394	1994
PB2|PP755596.1|A/cattle/Texas/24-008749-003/2024(H5N1)	395	1969
PB2|PP755596.1|A/cattle/Texas/24-008749-003/2024(H5N1)	396	1840
PB2|PP755596.1|A/cattle/Texas/24-008749-003/2024(H5N1)	397	1885
PB2|PP755596.1|A/cattle/Texas/24-008749-003/2024(H5N1)	398	1891
PB2|PP755596.1|A/cattle/Texas/24-008749-003/2024(H5N1)	399	1886
PB2|PP755596.1|A/cattle/Texas/24-008749-003/2024(H5N1)	400	1883
PB2|PP755596.1|A/cattle/Texas/24-008749-003/2024(H5N1)	401	1852
PB2|PP755596.1|A/cattle/Texas/24-008749-003/2024(H5N1)	402	1832
PB2|PP755596.1|A/cattle/Texas/24-008749-003/2024(H5N1)	403	1820
PB2|PP755596.1|A/cattle/Texas/24-008749-003/2024(H5N1)	404	1833
PB2|PP755596.1|A/cattle/Texas/24-008749-003/2024(H5N1)	405	1822
PB2|PP755596.1|A/cattle/Texas/24-008749-003/2024(H5N1)	406	1761
PB2|PP755596.1|A/cattle/Texas/24-008749-003/2024(H5N1)	407	1762
PB2|PP755596.1|A/cattle/Texas/24-008749-003/2024(H5N1)	408	1762
PB2|PP755596.1|A/cattle/Texas/24-008749-003/2024(H5N1)	409	1761
PB2|PP755596.1|A/cattle/Texas/24-008749-003/2024(H5N1)	410	1737
PB2|PP755596.1|A/cattle/Texas/24-008749-003/2024(H5N1)	411	1718
PB2|PP755596.1|A/cattle/Texas/24-008749-003/2024(H5N1)	412	1716
PB2|PP755596.1|A/cattle/Texas/24-008749-003/2024(H5N1)	413	1707
PB2|PP755596.1|A/cattle/Texas/24-008749-003/2024(H5N1)	414	1671
PB2|PP755596.1|A/cattle/Texas/24-008749-003/2024(H5N1)	415	1671
PB2|PP755596.1|A/cattle/Texas/24-008749-003/2024(H5N1)	416	1643
PB2|PP755596.1|A/cattle/Texas/24-008749-003/2024(H5N1)	417	1646
PB2|PP755596.1|A/cattle/Texas/24-008749-003/2024(H5N1)	418	1649
PB2|PP755596.1|A/cattle/Texas/24-008749-003/2024(H5N1)	419	1686
PB2|PP755596.1|A/cattle/Texas/24-008749-003/2024(H5N1)	420	1689
PB2|PP755596.1|A/cattle/Texas/24-008749-003/2024(H5N1)	421	1692
PB2|PP755596.1|A/cattle/Texas/24-008749-003/2024(H5N1)	422	1624
PB2|PP755596.1|A/cattle/Texas/24-008749-003/2024(H5N1)	423	1602
PB2|PP755596.1|A/cattle/Texas/24-008749-003/2024(H5N1)	424	1605
PB2|PP755596.1|A/cattle/Texas/24-008749-003/2024(H5N1)	425	1610
PB2|PP755596.1|A/cattle/Texas/24-008749-003/2024(H5N1)	426	1625
PB2|PP755596.1|A/cattle/Texas/24-008749-003/2024(H5N1)	427	1596
PB2|PP755596.1|A/cattle/Texas/24-008749-003/2024(H5N1)	428	1561
PB2|PP755596.1|A/cattle/Texas/24-008749-003/2024(H5N1)	429	1557
PB2|PP755596.1|A/cattle/Texas/24-008749-003/2024(H5N1)	430	1553
PB2|PP755596.1|A/cattle/Texas/24-008749-003/2024(H5N1)	431	1558
PB2|PP755596.1|A/cattle/Texas/24-008749-003/2024(H5N1)	432	1568
PB2|PP755596.1|A/cattle/Texas/24-008749-003/2024(H5N1)	433	1544
PB2|PP755596.1|A/cattle/Texas/24-008749-003/2024(H5N1)	434	1539
PB2|PP755596.1|A/cattle/Texas/24-008749-003/2024(H5N1)	435	1628
PB2|PP755596.1|A/cattle/Texas/24-008749-003/2024(H5N1)	436	1631
PB2|PP755596.1|A/cattle/Texas/24-008749-003/2024(H5N1)	437	1753
PB2|PP755596.1|A/cattle/Texas/24-008749-003/2024(H5N1)	438	1752
PB2|PP755596.1|A/cattle/Texas/24-008749-003/2024(H5N1)	439	1751
PB2|PP755596.1|A/cattle/Texas/24-008749-003/2024(H5N1)	440	1747
PB2|PP755596.1|A/cattle/Texas/24-008749-003/2024(H5N1)	441	1736
PB2|PP755596.1|A/cattle/Texas/24-008749-003/2024(H5N1)	442	1759
PB2|PP755596.1|A/cattle/Texas/24-008749-003/2024(H5N1)	443	1769
PB2|PP755596.1|A/cattle/Texas/24-008749-003/2024(H5N1)	444	1748
PB2|PP755596.1|A/cattle/Texas/24-008749-003/2024(H5N1)	445	1748
PB2|PP755596.1|A/cattle/Texas/24-008749-003/2024(H5N1)	446	1636
PB2|PP755596.1|A/cattle/Texas/24-008749-003/2024(H5N1)	447	1652
PB2|PP755596.1|A/cattle/Texas/24-008749-003/2024(H5N1)	448	1637
PB2|PP755596.1|A/cattle/Texas/24-008749-003/2024(H5N1)	449	1643
PB2|PP755596.1|A/cattle/Texas/24-008749-003/2024(H5N1)	450	1644
PB2|PP755596.1|A/cattle/Texas/24-008749-003/2024(H5N1)	451	1617
PB2|PP755596.1|A/cattle/Texas/24-008749-003/2024(H5N1)	452	1692
PB2|PP755596.1|A/cattle/Texas/24-008749-003/2024(H5N1)	453	1677
PB2|PP755596.1|A/cattle/Texas/24-008749-003/2024(H5N1)	454	1695
PB2|PP755596.1|A/cattle/Texas/24-008749-003/2024(H5N1)	455	1702
PB2|PP755596.1|A/cattle/Texas/24-008749-003/2024(H5N1)	456	1710
PB2|PP755596.1|A/cattle/Texas/24-008749-003/2024(H5N1)	457	1717
PB2|PP755596.1|A/cattle/Texas/24-008749-003/2024(H5N1)	458	1755
PB2|PP755596.1|A/cattle/Texas/24-008749-003/2024(H5N1)	459	1774
PB2|PP755596.1|A/cattle/Texas/24-008749-003/2024(H5N1)	460	1772
PB2|PP755596.1|A/cattle/Texas/24-008749-003/2024(H5N1)	461	1689
PB2|PP755596.1|A/cattle/Texas/24-008749-003/2024(H5N1)	462	1697
PB2|PP755596.1|A/cattle/Texas/24-008749-003/2024(H5N1)	463	1677
PB2|PP755596.1|A/cattle/Texas/24-008749-003/2024(H5N1)	464	1717
PB2|PP755596.1|A/cattle/Texas/24-008749-003/2024(H5N1)	465	1764
PB2|PP755596.1|A/cattle/Texas/24-008749-003/2024(H5N1)	466	1758
PB2|PP755596.1|A/cattle/Texas/24-008749-003/2024(H5N1)	467	1741
PB2|PP755596.1|A/cattle/Texas/24-008749-003/2024(H5N1)	468	1730
PB2|PP755596.1|A/cattle/Texas/24-008749-003/2024(H5N1)	469	1738
PB2|PP755596.1|A/cattle/Texas/24-008749-003/2024(H5N1)	470	1741
PB2|PP755596.1|A/cattle/Texas/24-008749-003/2024(H5N1)	471	1717
PB2|PP755596.1|A/cattle/Texas/24-008749-003/2024(H5N1)	472	1722
PB2|PP755596.1|A/cattle/Texas/24-008749-003/2024(H5N1)	473	1676
PB2|PP755596.1|A/cattle/Texas/24-008749-003/2024(H5N1)	474	1678
PB2|PP755596.1|A/cattle/Texas/24-008749-003/2024(H5N1)	475	1700
PB2|PP755596.1|A/cattle/Texas/24-008749-003/2024(H5N1)	476	1700
PB2|PP755596.1|A/cattle/Texas/24-008749-003/2024(H5N1)	477	1701
PB2|PP755596.1|A/cattle/Texas/24-008749-003/2024(H5N1)	478	1685
PB2|PP755596.1|A/cattle/Texas/24-008749-003/2024(H5N1)	479	1687
PB2|PP755596.1|A/cattle/Texas/24-008749-003/2024(H5N1)	480	1742
PB2|PP755596.1|A/cattle/Texas/24-008749-003/2024(H5N1)	481	1740
PB2|PP755596.1|A/cattle/Texas/24-008749-003/2024(H5N1)	482	1800
PB2|PP755596.1|A/cattle/Texas/24-008749-003/2024(H5N1)	483	1718
PB2|PP755596.1|A/cattle/Texas/24-008749-003/2024(H5N1)	484	1709
PB2|PP755596.1|A/cattle/Texas/24-008749-003/2024(H5N1)	485	1711
PB2|PP755596.1|A/cattle/Texas/24-008749-003/2024(H5N1)	486	1727
PB2|PP755596.1|A/cattle/Texas/24-008749-003/2024(H5N1)	487	1729
PB2|PP755596.1|A/cattle/Texas/24-008749-003/2024(H5N1)	488	1742
PB2|PP755596.1|A/cattle/Texas/24-008749-003/2024(H5N1)	489	1676
PB2|PP755596.1|A/cattle/Texas/24-008749-003/2024(H5N1)	490	1668
PB2|PP755596.1|A/cattle/Texas/24-008749-003/2024(H5N1)	491	1657
PB2|PP755596.1|A/cattle/Texas/24-008749-003/2024(H5N1)	492	1657
PB2|PP755596.1|A/cattle/Texas/24-008749-003/2024(H5N1)	493	1671
PB2|PP755596.1|A/cattle/Texas/24-008749-003/2024(H5N1)	494	1679
PB2|PP755596.1|A/cattle/Texas/24-008749-003/2024(H5N1)	495	1679
PB2|PP755596.1|A/cattle/Texas/24-008749-003/2024(H5N1)	496	1675
PB2|PP755596.1|A/cattle/Texas/24-008749-003/2024(H5N1)	497	1664
PB2|PP755596.1|A/cattle/Texas/24-008749-003/2024(H5N1)	498	1658
PB2|PP755596.1|A/cattle/Texas/24-008749-003/2024(H5N1)	499	1660
PB2|PP755596.1|A/cattle/Texas/24-008749-003/2024(H5N1)	500	1687
PB2|PP755596.1|A/cattle/Texas/24-008749-003/2024(H5N1)	501	1691
PB2|PP755596.1|A/cattle/Texas/24-008749-003/2024(H5N1)	502	1679
PB2|PP755596.1|A/cattle/Texas/24-008749-003/2024(H5N1)	503	1679
PB2|PP755596.1|A/cattle/Texas/24-008749-003/2024(H5N1)	504	1687
PB2|PP755596.1|A/cattle/Texas/24-008749-003/2024(H5N1)	505	1706
PB2|PP755596.1|A/cattle/Texas/24-008749-003/2024(H5N1)	506	1719
PB2|PP755596.1|A/cattle/Texas/24-008749-003/2024(H5N1)	507	1722
PB2|PP755596.1|A/cattle/Texas/24-008749-003/2024(H5N1)	508	1722
PB2|PP755596.1|A/cattle/Texas/24-008749-003/2024(H5N1)	509	1725
PB2|PP755596.1|A/cattle/Texas/24-008749-003/2024(H5N1)	510	1727
PB2|PP755596.1|A/cattle/Texas/24-008749-003/2024(H5N1)	511	1727
PB2|PP755596.1|A/cattle/Texas/24-008749-003/2024(H5N1)	512	1781
PB2|PP755596.1|A/cattle/Texas/24-008749-003/2024(H5N1)	513	1781
PB2|PP755596.1|A/cattle/Texas/24-008749-003/2024(H5N1)	514	1794
PB2|PP755596.1|A/cattle/Texas/24-008749-003/2024(H5N1)	515	1787
PB2|PP755596.1|A/cattle/Texas/24-008749-003/2024(H5N1)	516	1786
PB2|PP755596.1|A/cattle/Texas/24-008749-003/2024(H5N1)	517	1790
PB2|PP755596.1|A/cattle/Texas/24-008749-003/2024(H5N1)	518	1797
PB2|PP755596.1|A/cattle/Texas/24-008749-003/2024(H5N1)	519	1806
PB2|PP755596.1|A/cattle/Texas/24-008749-003/2024(H5N1)	520	1806
PB2|PP755596.1|A/cattle/Texas/24-008749-003/2024(H5N1)	521	1732
PB2|PP755596.1|A/cattle/Texas/24-008749-003/2024(H5N1)	522	1729
PB2|PP755596.1|A/cattle/Texas/24-008749-003/2024(H5N1)	523	1721
PB2|PP755596.1|A/cattle/Texas/24-008749-003/2024(H5N1)	524	1723
PB2|PP755596.1|A/cattle/Texas/24-008749-003/2024(H5N1)	525	1745
PB2|PP755596.1|A/cattle/Texas/24-008749-003/2024(H5N1)	526	1754
PB2|PP755596.1|A/cattle/Texas/24-008749-003/2024(H5N1)	527	1765
PB2|PP755596.1|A/cattle/Texas/24-008749-003/2024(H5N1)	528	1764
PB2|PP755596.1|A/cattle/Texas/24-008749-003/2024(H5N1)	529	1760
PB2|PP755596.1|A/cattle/Texas/24-008749-003/2024(H5N1)	530	1755
PB2|PP755596.1|A/cattle/Texas/24-008749-003/2024(H5N1)	531	1757
PB2|PP755596.1|A/cattle/Texas/24-008749-003/2024(H5N1)	532	1750
PB2|PP755596.1|A/cattle/Texas/24-008749-003/2024(H5N1)	533	1742
PB2|PP755596.1|A/cattle/Texas/24-008749-003/2024(H5N1)	534	1743
PB2|PP755596.1|A/cattle/Texas/24-008749-003/2024(H5N1)	535	1738
PB2|PP755596.1|A/cattle/Texas/24-008749-003/2024(H5N1)	536	1687
PB2|PP755596.1|A/cattle/Texas/24-008749-003/2024(H5N1)	537	1688
PB2|PP755596.1|A/cattle/Texas/24-008749-003/2024(H5N1)	538	1659
PB2|PP755596.1|A/cattle/Texas/24-008749-003/2024(H5N1)	539	1674
PB2|PP755596.1|A/cattle/Texas/24-008749-003/2024(H5N1)	540	1671
PB2|PP755596.1|A/cattle/Texas/24-008749-003/2024(H5N1)	541	1747
PB2|PP755596.1|A/cattle/Texas/24-008749-003/2024(H5N1)	542	1719
PB2|PP755596.1|A/cattle/Texas/24-008749-003/2024(H5N1)	543	1719
PB2|PP755596.1|A/cattle/Texas/24-008749-003/2024(H5N1)	544	1735
PB2|PP755596.1|A/cattle/Texas/24-008749-003/2024(H5N1)	545	1736
PB2|PP755596.1|A/cattle/Texas/24-008749-003/2024(H5N1)	546	1750
PB2|PP755596.1|A/cattle/Texas/24-008749-003/2024(H5N1)	547	1741
PB2|PP755596.1|A/cattle/Texas/24-008749-003/2024(H5N1)	548	1697
PB2|PP755596.1|A/cattle/Texas/24-008749-003/2024(H5N1)	549	1698
PB2|PP755596.1|A/cattle/Texas/24-008749-003/2024(H5N1)	550	1710
PB2|PP755596.1|A/cattle/Texas/24-008749-003/2024(H5N1)	551	1726
PB2|PP755596.1|A/cattle/Texas/24-008749-003/2024(H5N1)	552	1725
PB2|PP755596.1|A/cattle/Texas/24-008749-003/2024(H5N1)	553	1692
PB2|PP755596.1|A/cattle/Texas/24-008749-003/2024(H5N1)	554	1743
PB2|PP755596.1|A/cattle/Texas/24-008749-003/2024(H5N1)	555	1739
PB2|PP755596.1|A/cattle/Texas/24-008749-003/2024(H5N1)	556	1748
PB2|PP755596.1|A/cattle/Texas/24-008749-003/2024(H5N1)	557	1748
PB2|PP755596.1|A/cattle/Texas/24-008749-003/2024(H5N1)	558	1740
PB2|PP755596.1|A/cattle/Texas/24-008749-003/2024(H5N1)	559	1741
PB2|PP755596.1|A/cattle/Texas/24-008749-003/2024(H5N1)	560	1736
PB2|PP755596.1|A/cattle/Texas/24-008749-003/2024(H5N1)	561	1745
PB2|PP755596.1|A/cattle/Texas/24-008749-003/2024(H5N1)	562	1754
PB2|PP755596.1|A/cattle/Texas/24-008749-003/2024(H5N1)	563	1750
PB2|PP755596.1|A/cattle/Texas/24-008749-003/2024(H5N1)	564	1752
PB2|PP755596.1|A/cattle/Texas/24-008749-003/2024(H5N1)	565	1738
PB2|PP755596.1|A/cattle/Texas/24-008749-003/2024(H5N1)	566	1731
PB2|PP755596.1|A/cattle/Texas/24-008749-003/2024(H5N1)	567	1738
PB2|PP755596.1|A/cattle/Texas/24-008749-003/2024(H5N1)	568	1782
PB2|PP755596.1|A/cattle/Texas/24-008749-003/2024(H5N1)	569	1785
PB2|PP755596.1|A/cattle/Texas/24-008749-003/2024(H5N1)	570	1741
PB2|PP755596.1|A/cattle/Texas/24-008749-003/2024(H5N1)	571	1748
PB2|PP755596.1|A/cattle/Texas/24-008749-003/2024(H5N1)	572	1752
PB2|PP755596.1|A/cattle/Texas/24-008749-003/2024(H5N1)	573	1748
PB2|PP755596.1|A/cattle/Texas/24-008749-003/2024(H5N1)	574	1758
PB2|PP755596.1|A/cattle/Texas/24-008749-003/2024(H5N1)	575	1757
PB2|PP755596.1|A/cattle/Texas/24-008749-003/2024(H5N1)	576	1747
PB2|PP755596.1|A/cattle/Texas/24-008749-003/2024(H5N1)	577	1839
PB2|PP755596.1|A/cattle/Texas/24-008749-003/2024(H5N1)	578	1837
PB2|PP755596.1|A/cattle/Texas/24-008749-003/2024(H5N1)	579	1856
PB2|PP755596.1|A/cattle/Texas/24-008749-003/2024(H5N1)	580	1854
PB2|PP755596.1|A/cattle/Texas/24-008749-003/2024(H5N1)	581	1855
PB2|PP755596.1|A/cattle/Texas/24-008749-003/2024(H5N1)	582	1854
PB2|PP755596.1|A/cattle/Texas/24-008749-003/2024(H5N1)	583	1845
PB2|PP755596.1|A/cattle/Texas/24-008749-003/2024(H5N1)	584	1861
PB2|PP755596.1|A/cattle/Texas/24-008749-003/2024(H5N1)	585	1778
PB2|PP755596.1|A/cattle/Texas/24-008749-003/2024(H5N1)	586	1680
PB2|PP755596.1|A/cattle/Texas/24-008749-003/2024(H5N1)	587	1683
PB2|PP755596.1|A/cattle/Texas/24-008749-003/2024(H5N1)	588	1718
PB2|PP755596.1|A/cattle/Texas/24-008749-003/2024(H5N1)	589	1720
PB2|PP755596.1|A/cattle/Texas/24-008749-003/2024(H5N1)	590	1724
PB2|PP755596.1|A/cattle/Texas/24-008749-003/2024(H5N1)	591	1721
PB2|PP755596.1|A/cattle/Texas/24-008749-003/2024(H5N1)	592	1740
PB2|PP755596.1|A/cattle/Texas/24-008749-003/2024(H5N1)	593	1720
PB2|PP755596.1|A/cattle/Texas/24-008749-003/2024(H5N1)	594	1705
PB2|PP755596.1|A/cattle/Texas/24-008749-003/2024(H5N1)	595	1706
PB2|PP755596.1|A/cattle/Texas/24-008749-003/2024(H5N1)	596	1711
PB2|PP755596.1|A/cattle/Texas/24-008749-003/2024(H5N1)	597	1696
PB2|PP755596.1|A/cattle/Texas/24-008749-003/2024(H5N1)	598	1746
PB2|PP755596.1|A/cattle/Texas/24-008749-003/2024(H5N1)	599	1739
PB2|PP755596.1|A/cattle/Texas/24-008749-003/2024(H5N1)	600	1771
PB2|PP755596.1|A/cattle/Texas/24-008749-003/2024(H5N1)	601	1695
PB2|PP755596.1|A/cattle/Texas/24-008749-003/2024(H5N1)	602	1693
PB2|PP755596.1|A/cattle/Texas/24-008749-003/2024(H5N1)	603	1701
PB2|PP755596.1|A/cattle/Texas/24-008749-003/2024(H5N1)	604	1708
PB2|PP755596.1|A/cattle/Texas/24-008749-003/2024(H5N1)	605	1689
PB2|PP755596.1|A/cattle/Texas/24-008749-003/2024(H5N1)	606	1700
PB2|PP755596.1|A/cattle/Texas/24-008749-003/2024(H5N1)	607	1712
PB2|PP755596.1|A/cattle/Texas/24-008749-003/2024(H5N1)	608	1703
PB2|PP755596.1|A/cattle/Texas/24-008749-003/2024(H5N1)	609	1664
PB2|PP755596.1|A/cattle/Texas/24-008749-003/2024(H5N1)	610	1642
PB2|PP755596.1|A/cattle/Texas/24-008749-003/2024(H5N1)	611	1648
PB2|PP755596.1|A/cattle/Texas/24-008749-003/2024(H5N1)	612	1653
PB2|PP755596.1|A/cattle/Texas/24-008749-003/2024(H5N1)	613	1652
PB2|PP755596.1|A/cattle/Texas/24-008749-003/2024(H5N1)	614	1658
PB2|PP755596.1|A/cattle/Texas/24-008749-003/2024(H5N1)	615	1617
PB2|PP755596.1|A/cattle/Texas/24-008749-003/2024(H5N1)	616	1553
PB2|PP755596.1|A/cattle/Texas/24-008749-003/2024(H5N1)	617	1548
PB2|PP755596.1|A/cattle/Texas/24-008749-003/2024(H5N1)	618	1577
PB2|PP755596.1|A/cattle/Texas/24-008749-003/2024(H5N1)	619	1632
PB2|PP755596.1|A/cattle/Texas/24-008749-003/2024(H5N1)	620	1624
PB2|PP755596.1|A/cattle/Texas/24-008749-003/2024(H5N1)	621	1619
PB2|PP755596.1|A/cattle/Texas/24-008749-003/2024(H5N1)	622	1619
PB2|PP755596.1|A/cattle/Texas/24-008749-003/2024(H5N1)	623	1658
PB2|PP755596.1|A/cattle/Texas/24-008749-003/2024(H5N1)	624	1674
PB2|PP755596.1|A/cattle/Texas/24-008749-003/2024(H5N1)	625	1659
PB2|PP755596.1|A/cattle/Texas/24-008749-003/2024(H5N1)	626	1651
PB2|PP755596.1|A/cattle/Texas/24-008749-003/2024(H5N1)	627	1632
PB2|PP755596.1|A/cattle/Texas/24-008749-003/2024(H5N1)	628	1652
PB2|PP755596.1|A/cattle/Texas/24-008749-003/2024(H5N1)	629	1641
PB2|PP755596.1|A/cattle/Texas/24-008749-003/2024(H5N1)	630	1638
PB2|PP755596.1|A/cattle/Texas/24-008749-003/2024(H5N1)	631	1596
PB2|PP755596.1|A/cattle/Texas/24-008749-003/2024(H5N1)	632	1553
PB2|PP755596.1|A/cattle/Texas/24-008749-003/2024(H5N1)	633	1559
PB2|PP755596.1|A/cattle/Texas/24-008749-003/2024(H5N1)	634	1557
PB2|PP755596.1|A/cattle/Texas/24-008749-003/2024(H5N1)	635	1557
PB2|PP755596.1|A/cattle/Texas/24-008749-003/2024(H5N1)	636	1560
PB2|PP755596.1|A/cattle/Texas/24-008749-003/2024(H5N1)	637	1540
PB2|PP755596.1|A/cattle/Texas/24-008749-003/2024(H5N1)	638	1538
PB2|PP755596.1|A/cattle/Texas/24-008749-003/2024(H5N1)	639	1516
PB2|PP755596.1|A/cattle/Texas/24-008749-003/2024(H5N1)	640	1516
PB2|PP755596.1|A/cattle/Texas/24-008749-003/2024(H5N1)	641	1548
PB2|PP755596.1|A/cattle/Texas/24-008749-003/2024(H5N1)	642	1548
PB2|PP755596.1|A/cattle/Texas/24-008749-003/2024(H5N1)	643	1556
PB2|PP755596.1|A/cattle/Texas/24-008749-003/2024(H5N1)	644	1542
PB2|PP755596.1|A/cattle/Texas/24-008749-003/2024(H5N1)	645	1591
PB2|PP755596.1|A/cattle/Texas/24-008749-003/2024(H5N1)	646	1604
PB2|PP755596.1|A/cattle/Texas/24-008749-003/2024(H5N1)	647	1628
PB2|PP755596.1|A/cattle/Texas/24-008749-003/2024(H5N1)	648	1639
PB2|PP755596.1|A/cattle/Texas/24-008749-003/2024(H5N1)	649	1640
PB2|PP755596.1|A/cattle/Texas/24-008749-003/2024(H5N1)	650	1626
PB2|PP755596.1|A/cattle/Texas/24-008749-003/2024(H5N1)	651	1622
PB2|PP755596.1|A/cattle/Texas/24-008749-003/2024(H5N1)	652	1618
PB2|PP755596.1|A/cattle/Texas/24-008749-003/2024(H5N1)	653	1626
PB2|PP755596.1|A/cattle/Texas/24-008749-003/2024(H5N1)	654	1651
PB2|PP755596.1|A/cattle/Texas/24-008749-003/2024(H5N1)	655	1644
PB2|PP755596.1|A/cattle/Texas/24-008749-003/2024(H5N1)	656	1622
PB2|PP755596.1|A/cattle/Texas/24-008749-003/2024(H5N1)	657	1602
PB2|PP755596.1|A/cattle/Texas/24-008749-003/2024(H5N1)	658	1604
PB2|PP755596.1|A/cattle/Texas/24-008749-003/2024(H5N1)	659	1612
PB2|PP755596.1|A/cattle/Texas/24-008749-003/2024(H5N1)	660	1614
PB2|PP755596.1|A/cattle/Texas/24-008749-003/2024(H5N1)	661	1612
PB2|PP755596.1|A/cattle/Texas/24-008749-003/2024(H5N1)	662	1568
PB2|PP755596.1|A/cattle/Texas/24-008749-003/2024(H5N1)	663	1558
PB2|PP755596.1|A/cattle/Texas/24-008749-003/2024(H5N1)	664	1560
PB2|PP755596.1|A/cattle/Texas/24-008749-003/2024(H5N1)	665	1588
PB2|PP755596.1|A/cattle/Texas/24-008749-003/2024(H5N1)	666	1594
PB2|PP755596.1|A/cattle/Texas/24-008749-003/2024(H5N1)	667	1610
PB2|PP755596.1|A/cattle/Texas/24-008749-003/2024(H5N1)	668	1618
PB2|PP755596.1|A/cattle/Texas/24-008749-003/2024(H5N1)	669	1622
PB2|PP755596.1|A/cattle/Texas/24-008749-003/2024(H5N1)	670	1625
PB2|PP755596.1|A/cattle/Texas/24-008749-003/2024(H5N1)	671	1690
PB2|PP755596.1|A/cattle/Texas/24-008749-003/2024(H5N1)	672	1693
PB2|PP755596.1|A/cattle/Texas/24-008749-003/2024(H5N1)	673	1693
PB2|PP755596.1|A/cattle/Texas/24-008749-003/2024(H5N1)	674	1695
PB2|PP755596.1|A/cattle/Texas/24-008749-003/2024(H5N1)	675	1690
PB2|PP755596.1|A/cattle/Texas/24-008749-003/2024(H5N1)	676	1668
PB2|PP755596.1|A/cattle/Texas/24-008749-003/2024(H5N1)	677	1703
PB2|PP755596.1|A/cattle/Texas/24-008749-003/2024(H5N1)	678	1705
PB2|PP755596.1|A/cattle/Texas/24-008749-003/2024(H5N1)	679	1743
PB2|PP755596.1|A/cattle/Texas/24-008749-003/2024(H5N1)	680	1743
PB2|PP755596.1|A/cattle/Texas/24-008749-003/2024(H5N1)	681	1747
PB2|PP755596.1|A/cattle/Texas/24-008749-003/2024(H5N1)	682	1748
PB2|PP755596.1|A/cattle/Texas/24-008749-003/2024(H5N1)	683	1838
PB2|PP755596.1|A/cattle/Texas/24-008749-003/2024(H5N1)	684	1841
PB2|PP755596.1|A/cattle/Texas/24-008749-003/2024(H5N1)	685	1847
PB2|PP755596.1|A/cattle/Texas/24-008749-003/2024(H5N1)	686	1840
PB2|PP755596.1|A/cattle/Texas/24-008749-003/2024(H5N1)	687	1809
PB2|PP755596.1|A/cattle/Texas/24-008749-003/2024(H5N1)	688	1801
PB2|PP755596.1|A/cattle/Texas/24-008749-003/2024(H5N1)	689	1778
PB2|PP755596.1|A/cattle/Texas/24-008749-003/2024(H5N1)	690	1771
PB2|PP755596.1|A/cattle/Texas/24-008749-003/2024(H5N1)	691	1778
PB2|PP755596.1|A/cattle/Texas/24-008749-003/2024(H5N1)	692	1705
PB2|PP755596.1|A/cattle/Texas/24-008749-003/2024(H5N1)	693	1707
PB2|PP755596.1|A/cattle/Texas/24-008749-003/2024(H5N1)	694	1698
PB2|PP755596.1|A/cattle/Texas/24-008749-003/2024(H5N1)	695	1693
PB2|PP755596.1|A/cattle/Texas/24-008749-003/2024(H5N1)	696	1731
PB2|PP755596.1|A/cattle/Texas/24-008749-003/2024(H5N1)	697	1824
PB2|PP755596.1|A/cattle/Texas/24-008749-003/2024(H5N1)	698	1839
PB2|PP755596.1|A/cattle/Texas/24-008749-003/2024(H5N1)	699	1843
PB2|PP755596.1|A/cattle/Texas/24-008749-003/2024(H5N1)	700	1819
PB2|PP755596.1|A/cattle/Texas/24-008749-003/2024(H5N1)	701	1821
PB2|PP755596.1|A/cattle/Texas/24-008749-003/2024(H5N1)	702	1814
PB2|PP755596.1|A/cattle/Texas/24-008749-003/2024(H5N1)	703	1824
PB2|PP755596.1|A/cattle/Texas/24-008749-003/2024(H5N1)	704	1817
PB2|PP755596.1|A/cattle/Texas/24-008749-003/2024(H5N1)	705	1779
PB2|PP755596.1|A/cattle/Texas/24-008749-003/2024(H5N1)	706	1776
PB2|PP755596.1|A/cattle/Texas/24-008749-003/2024(H5N1)	707	1766
PB2|PP755596.1|A/cattle/Texas/24-008749-003/2024(H5N1)	708	1780
PB2|PP755596.1|A/cattle/Texas/24-008749-003/2024(H5N1)	709	1833
PB2|PP755596.1|A/cattle/Texas/24-008749-003/2024(H5N1)	710	1839
PB2|PP755596.1|A/cattle/Texas/24-008749-003/2024(H5N1)	711	1835
PB2|PP755596.1|A/cattle/Texas/24-008749-003/2024(H5N1)	712	1825
PB2|PP755596.1|A/cattle/Texas/24-008749-003/2024(H5N1)	713	1825
PB2|PP755596.1|A/cattle/Texas/24-008749-003/2024(H5N1)	714	1824
PB2|PP755596.1|A/cattle/Texas/24-008749-003/2024(H5N1)	715	1835
PB2|PP755596.1|A/cattle/Texas/24-008749-003/2024(H5N1)	716	1836
PB2|PP755596.1|A/cattle/Texas/24-008749-003/2024(H5N1)	717	1821
PB2|PP755596.1|A/cattle/Texas/24-008749-003/2024(H5N1)	718	1775
PB2|PP755596.1|A/cattle/Texas/24-008749-003/2024(H5N1)	719	1771
PB2|PP755596.1|A/cattle/Texas/24-008749-003/2024(H5N1)	720	1768
PB2|PP755596.1|A/cattle/Texas/24-008749-003/2024(H5N1)	721	1792
PB2|PP755596.1|A/cattle/Texas/24-008749-003/2024(H5N1)	722	1782
PB2|PP755596.1|A/cattle/Texas/24-008749-003/2024(H5N1)	723	1784
PB2|PP755596.1|A/cattle/Texas/24-008749-003/2024(H5N1)	724	1810
PB2|PP755596.1|A/cattle/Texas/24-008749-003/2024(H5N1)	725	1806
PB2|PP755596.1|A/cattle/Texas/24-008749-003/2024(H5N1)	726	1869
PB2|PP755596.1|A/cattle/Texas/24-008749-003/2024(H5N1)	727	1872
PB2|PP755596.1|A/cattle/Texas/24-008749-003/2024(H5N1)	728	1818
PB2|PP755596.1|A/cattle/Texas/24-008749-003/2024(H5N1)	729	1852
PB2|PP755596.1|A/cattle/Texas/24-008749-003/2024(H5N1)	730	1860
PB2|PP755596.1|A/cattle/Texas/24-008749-003/2024(H5N1)	731	1863
PB2|PP755596.1|A/cattle/Texas/24-008749-003/2024(H5N1)	732	1864
PB2|PP755596.1|A/cattle/Texas/24-008749-003/2024(H5N1)	733	1856
PB2|PP755596.1|A/cattle/Texas/24-008749-003/2024(H5N1)	734	1865
PB2|PP755596.1|A/cattle/Texas/24-008749-003/2024(H5N1)	735	1823
PB2|PP755596.1|A/cattle/Texas/24-008749-003/2024(H5N1)	736	1847
PB2|PP755596.1|A/cattle/Texas/24-008749-003/2024(H5N1)	737	1837
PB2|PP755596.1|A/cattle/Texas/24-008749-003/2024(H5N1)	738	1796
PB2|PP755596.1|A/cattle/Texas/24-008749-003/2024(H5N1)	739	1796
PB2|PP755596.1|A/cattle/Texas/24-008749-003/2024(H5N1)	740	1815
PB2|PP755596.1|A/cattle/Texas/24-008749-003/2024(H5N1)	741	1820
PB2|PP755596.1|A/cattle/Texas/24-008749-003/2024(H5N1)	742	1823
PB2|PP755596.1|A/cattle/Texas/24-008749-003/2024(H5N1)	743	1809
PB2|PP755596.1|A/cattle/Texas/24-008749-003/2024(H5N1)	744	1809
PB2|PP755596.1|A/cattle/Texas/24-008749-003/2024(H5N1)	745	1811
PB2|PP755596.1|A/cattle/Texas/24-008749-003/2024(H5N1)	746	1812
PB2|PP755596.1|A/cattle/Texas/24-008749-003/2024(H5N1)	747	1816
PB2|PP755596.1|A/cattle/Texas/24-008749-003/2024(H5N1)	748	1820
PB2|PP755596.1|A/cattle/Texas/24-008749-003/2024(H5N1)	749	1762
PB2|PP755596.1|A/cattle/Texas/24-008749-003/2024(H5N1)	750	1759
PB2|PP755596.1|A/cattle/Texas/24-008749-003/2024(H5N1)	751	1726
PB2|PP755596.1|A/cattle/Texas/24-008749-003/2024(H5N1)	752	1723
PB2|PP755596.1|A/cattle/Texas/24-008749-003/2024(H5N1)	753	1721
PB2|PP755596.1|A/cattle/Texas/24-008749-003/2024(H5N1)	754	1705
PB2|PP755596.1|A/cattle/Texas/24-008749-003/2024(H5N1)	755	1707
PB2|PP755596.1|A/cattle/Texas/24-008749-003/2024(H5N1)	756	1705
PB2|PP755596.1|A/cattle/Texas/24-008749-003/2024(H5N1)	757	1702
PB2|PP755596.1|A/cattle/Texas/24-008749-003/2024(H5N1)	758	1669
PB2|PP755596.1|A/cattle/Texas/24-008749-003/2024(H5N1)	759	1658
PB2|PP755596.1|A/cattle/Texas/24-008749-003/2024(H5N1)	760	1667
PB2|PP755596.1|A/cattle/Texas/24-008749-003/2024(H5N1)	761	1718
PB2|PP755596.1|A/cattle/Texas/24-008749-003/2024(H5N1)	762	1713
PB2|PP755596.1|A/cattle/Texas/24-008749-003/2024(H5N1)	763	1705
PB2|PP755596.1|A/cattle/Texas/24-008749-003/2024(H5N1)	764	1686
PB2|PP755596.1|A/cattle/Texas/24-008749-003/2024(H5N1)	765	1669
PB2|PP755596.1|A/cattle/Texas/24-008749-003/2024(H5N1)	766	1680
PB2|PP755596.1|A/cattle/Texas/24-008749-003/2024(H5N1)	767	1678
PB2|PP755596.1|A/cattle/Texas/24-008749-003/2024(H5N1)	768	1653
PB2|PP755596.1|A/cattle/Texas/24-008749-003/2024(H5N1)	769	1624
PB2|PP755596.1|A/cattle/Texas/24-008749-003/2024(H5N1)	770	1573
PB2|PP755596.1|A/cattle/Texas/24-008749-003/2024(H5N1)	771	1564
PB2|PP755596.1|A/cattle/Texas/24-008749-003/2024(H5N1)	772	1571
PB2|PP755596.1|A/cattle/Texas/24-008749-003/2024(H5N1)	773	1585
PB2|PP755596.1|A/cattle/Texas/24-008749-003/2024(H5N1)	774	1548
PB2|PP755596.1|A/cattle/Texas/24-008749-003/2024(H5N1)	775	1528
PB2|PP755596.1|A/cattle/Texas/24-008749-003/2024(H5N1)	776	1528
PB2|PP755596.1|A/cattle/Texas/24-008749-003/2024(H5N1)	777	1395
PB2|PP755596.1|A/cattle/Texas/24-008749-003/2024(H5N1)	778	1398
PB2|PP755596.1|A/cattle/Texas/24-008749-003/2024(H5N1)	779	1383
PB2|PP755596.1|A/cattle/Texas/24-008749-003/2024(H5N1)	780	1377
PB2|PP755596.1|A/cattle/Texas/24-008749-003/2024(H5N1)	781	1376
PB2|PP755596.1|A/cattle/Texas/24-008749-003/2024(H5N1)	782	1381
PB2|PP755596.1|A/cattle/Texas/24-008749-003/2024(H5N1)	783	1436
PB2|PP755596.1|A/cattle/Texas/24-008749-003/2024(H5N1)	784	1525
PB2|PP755596.1|A/cattle/Texas/24-008749-003/2024(H5N1)	785	1553
PB2|PP755596.1|A/cattle/Texas/24-008749-003/2024(H5N1)	786	1553
PB2|PP755596.1|A/cattle/Texas/24-008749-003/2024(H5N1)	787	1623
PB2|PP755596.1|A/cattle/Texas/24-008749-003/2024(H5N1)	788	1649
PB2|PP755596.1|A/cattle/Texas/24-008749-003/2024(H5N1)	789	1652
PB2|PP755596.1|A/cattle/Texas/24-008749-003/2024(H5N1)	790	1664
PB2|PP755596.1|A/cattle/Texas/24-008749-003/2024(H5N1)	791	1669
PB2|PP755596.1|A/cattle/Texas/24-008749-003/2024(H5N1)	792	1699
PB2|PP755596.1|A/cattle/Texas/24-008749-003/2024(H5N1)	793	1703
PB2|PP755596.1|A/cattle/Texas/24-008749-003/2024(H5N1)	794	1697
PB2|PP755596.1|A/cattle/Texas/24-008749-003/2024(H5N1)	795	1703
PB2|PP755596.1|A/cattle/Texas/24-008749-003/2024(H5N1)	796	1733
PB2|PP755596.1|A/cattle/Texas/24-008749-003/2024(H5N1)	797	1737
PB2|PP755596.1|A/cattle/Texas/24-008749-003/2024(H5N1)	798	1725
PB2|PP755596.1|A/cattle/Texas/24-008749-003/2024(H5N1)	799	1721
PB2|PP755596.1|A/cattle/Texas/24-008749-003/2024(H5N1)	800	1730
PB2|PP755596.1|A/cattle/Texas/24-008749-003/2024(H5N1)	801	1718
PB2|PP755596.1|A/cattle/Texas/24-008749-003/2024(H5N1)	802	1718
PB2|PP755596.1|A/cattle/Texas/24-008749-003/2024(H5N1)	803	1729
PB2|PP755596.1|A/cattle/Texas/24-008749-003/2024(H5N1)	804	1776
PB2|PP755596.1|A/cattle/Texas/24-008749-003/2024(H5N1)	805	1757
PB2|PP755596.1|A/cattle/Texas/24-008749-003/2024(H5N1)	806	1792
PB2|PP755596.1|A/cattle/Texas/24-008749-003/2024(H5N1)	807	1784
PB2|PP755596.1|A/cattle/Texas/24-008749-003/2024(H5N1)	808	1788
PB2|PP755596.1|A/cattle/Texas/24-008749-003/2024(H5N1)	809	1783
PB2|PP755596.1|A/cattle/Texas/24-008749-003/2024(H5N1)	810	1785
PB2|PP755596.1|A/cattle/Texas/24-008749-003/2024(H5N1)	811	1776
PB2|PP755596.1|A/cattle/Texas/24-008749-003/2024(H5N1)	812	1792
PB2|PP755596.1|A/cattle/Texas/24-008749-003/2024(H5N1)	813	1800
PB2|PP755596.1|A/cattle/Texas/24-008749-003/2024(H5N1)	814	1844
PB2|PP755596.1|A/cattle/Texas/24-008749-003/2024(H5N1)	815	1873
PB2|PP755596.1|A/cattle/Texas/24-008749-003/2024(H5N1)	816	1874
PB2|PP755596.1|A/cattle/Texas/24-008749-003/2024(H5N1)	817	1877
PB2|PP755596.1|A/cattle/Texas/24-008749-003/2024(H5N1)	818	1860
PB2|PP755596.1|A/cattle/Texas/24-008749-003/2024(H5N1)	819	1859
PB2|PP755596.1|A/cattle/Texas/24-008749-003/2024(H5N1)	820	1852
PB2|PP755596.1|A/cattle/Texas/24-008749-003/2024(H5N1)	821	1840
PB2|PP755596.1|A/cattle/Texas/24-008749-003/2024(H5N1)	822	1773
PB2|PP755596.1|A/cattle/Texas/24-008749-003/2024(H5N1)	823	1770
PB2|PP755596.1|A/cattle/Texas/24-008749-003/2024(H5N1)	824	1790
PB2|PP755596.1|A/cattle/Texas/24-008749-003/2024(H5N1)	825	1838
PB2|PP755596.1|A/cattle/Texas/24-008749-003/2024(H5N1)	826	1839
PB2|PP755596.1|A/cattle/Texas/24-008749-003/2024(H5N1)	827	1791
PB2|PP755596.1|A/cattle/Texas/24-008749-003/2024(H5N1)	828	1789
PB2|PP755596.1|A/cattle/Texas/24-008749-003/2024(H5N1)	829	1802
PB2|PP755596.1|A/cattle/Texas/24-008749-003/2024(H5N1)	830	1769
PB2|PP755596.1|A/cattle/Texas/24-008749-003/2024(H5N1)	831	1772
PB2|PP755596.1|A/cattle/Texas/24-008749-003/2024(H5N1)	832	1765
PB2|PP755596.1|A/cattle/Texas/24-008749-003/2024(H5N1)	833	1721
PB2|PP755596.1|A/cattle/Texas/24-008749-003/2024(H5N1)	834	1693
PB2|PP755596.1|A/cattle/Texas/24-008749-003/2024(H5N1)	835	1699
PB2|PP755596.1|A/cattle/Texas/24-008749-003/2024(H5N1)	836	1704
PB2|PP755596.1|A/cattle/Texas/24-008749-003/2024(H5N1)	837	1709
PB2|PP755596.1|A/cattle/Texas/24-008749-003/2024(H5N1)	838	1815
PB2|PP755596.1|A/cattle/Texas/24-008749-003/2024(H5N1)	839	1815
PB2|PP755596.1|A/cattle/Texas/24-008749-003/2024(H5N1)	840	1821
PB2|PP755596.1|A/cattle/Texas/24-008749-003/2024(H5N1)	841	1824
PB2|PP755596.1|A/cattle/Texas/24-008749-003/2024(H5N1)	842	1812
PB2|PP755596.1|A/cattle/Texas/24-008749-003/2024(H5N1)	843	1812
PB2|PP755596.1|A/cattle/Texas/24-008749-003/2024(H5N1)	844	1817
PB2|PP755596.1|A/cattle/Texas/24-008749-003/2024(H5N1)	845	1805
PB2|PP755596.1|A/cattle/Texas/24-008749-003/2024(H5N1)	846	1804
PB2|PP755596.1|A/cattle/Texas/24-008749-003/2024(H5N1)	847	1681
PB2|PP755596.1|A/cattle/Texas/24-008749-003/2024(H5N1)	848	1666
PB2|PP755596.1|A/cattle/Texas/24-008749-003/2024(H5N1)	849	1698
PB2|PP755596.1|A/cattle/Texas/24-008749-003/2024(H5N1)	850	1696
PB2|PP755596.1|A/cattle/Texas/24-008749-003/2024(H5N1)	851	1697
PB2|PP755596.1|A/cattle/Texas/24-008749-003/2024(H5N1)	852	1704
PB2|PP755596.1|A/cattle/Texas/24-008749-003/2024(H5N1)	853	1718
PB2|PP755596.1|A/cattle/Texas/24-008749-003/2024(H5N1)	854	1715
PB2|PP755596.1|A/cattle/Texas/24-008749-003/2024(H5N1)	855	1714
PB2|PP755596.1|A/cattle/Texas/24-008749-003/2024(H5N1)	856	1702
PB2|PP755596.1|A/cattle/Texas/24-008749-003/2024(H5N1)	857	1710
PB2|PP755596.1|A/cattle/Texas/24-008749-003/2024(H5N1)	858	1674
PB2|PP755596.1|A/cattle/Texas/24-008749-003/2024(H5N1)	859	1677
PB2|PP755596.1|A/cattle/Texas/24-008749-003/2024(H5N1)	860	1677
PB2|PP755596.1|A/cattle/Texas/24-008749-003/2024(H5N1)	861	1673
PB2|PP755596.1|A/cattle/Texas/24-008749-003/2024(H5N1)	862	1691
PB2|PP755596.1|A/cattle/Texas/24-008749-003/2024(H5N1)	863	1691
PB2|PP755596.1|A/cattle/Texas/24-008749-003/2024(H5N1)	864	1699
PB2|PP755596.1|A/cattle/Texas/24-008749-003/2024(H5N1)	865	1698
PB2|PP755596.1|A/cattle/Texas/24-008749-003/2024(H5N1)	866	1681
PB2|PP755596.1|A/cattle/Texas/24-008749-003/2024(H5N1)	867	1678
PB2|PP755596.1|A/cattle/Texas/24-008749-003/2024(H5N1)	868	1675
PB2|PP755596.1|A/cattle/Texas/24-008749-003/2024(H5N1)	869	1676
PB2|PP755596.1|A/cattle/Texas/24-008749-003/2024(H5N1)	870	1674
PB2|PP755596.1|A/cattle/Texas/24-008749-003/2024(H5N1)	871	1678
PB2|PP755596.1|A/cattle/Texas/24-008749-003/2024(H5N1)	872	1725
PB2|PP755596.1|A/cattle/Texas/24-008749-003/2024(H5N1)	873	1704
PB2|PP755596.1|A/cattle/Texas/24-008749-003/2024(H5N1)	874	1704
PB2|PP755596.1|A/cattle/Texas/24-008749-003/2024(H5N1)	875	1695
PB2|PP755596.1|A/cattle/Texas/24-008749-003/2024(H5N1)	876	1697
PB2|PP755596.1|A/cattle/Texas/24-008749-003/2024(H5N1)	877	1629
PB2|PP755596.1|A/cattle/Texas/24-008749-003/2024(H5N1)	878	1641
PB2|PP755596.1|A/cattle/Texas/24-008749-003/2024(H5N1)	879	1653
PB2|PP755596.1|A/cattle/Texas/24-008749-003/2024(H5N1)	880	1634
PB2|PP755596.1|A/cattle/Texas/24-008749-003/2024(H5N1)	881	1611
PB2|PP755596.1|A/cattle/Texas/24-008749-003/2024(H5N1)	882	1625
PB2|PP755596.1|A/cattle/Texas/24-008749-003/2024(H5N1)	883	1651
PB2|PP755596.1|A/cattle/Texas/24-008749-003/2024(H5N1)	884	1656
PB2|PP755596.1|A/cattle/Texas/24-008749-003/2024(H5N1)	885	1635
PB2|PP755596.1|A/cattle/Texas/24-008749-003/2024(H5N1)	886	1635
PB2|PP755596.1|A/cattle/Texas/24-008749-003/2024(H5N1)	887	1622
PB2|PP755596.1|A/cattle/Texas/24-008749-003/2024(H5N1)	888	1628
PB2|PP755596.1|A/cattle/Texas/24-008749-003/2024(H5N1)	889	1625
PB2|PP755596.1|A/cattle/Texas/24-008749-003/2024(H5N1)	890	1643
PB2|PP755596.1|A/cattle/Texas/24-008749-003/2024(H5N1)	891	1633
PB2|PP755596.1|A/cattle/Texas/24-008749-003/2024(H5N1)	892	1631
PB2|PP755596.1|A/cattle/Texas/24-008749-003/2024(H5N1)	893	1622
PB2|PP755596.1|A/cattle/Texas/24-008749-003/2024(H5N1)	894	1622
PB2|PP755596.1|A/cattle/Texas/24-008749-003/2024(H5N1)	895	1616
PB2|PP755596.1|A/cattle/Texas/24-008749-003/2024(H5N1)	896	1615
PB2|PP755596.1|A/cattle/Texas/24-008749-003/2024(H5N1)	897	1619
PB2|PP755596.1|A/cattle/Texas/24-008749-003/2024(H5N1)	898	1605
PB2|PP755596.1|A/cattle/Texas/24-008749-003/2024(H5N1)	899	1605
PB2|PP755596.1|A/cattle/Texas/24-008749-003/2024(H5N1)	900	1611
PB2|PP755596.1|A/cattle/Texas/24-008749-003/2024(H5N1)	901	1612
PB2|PP755596.1|A/cattle/Texas/24-008749-003/2024(H5N1)	902	1661
PB2|PP755596.1|A/cattle/Texas/24-008749-003/2024(H5N1)	903	1661
PB2|PP755596.1|A/cattle/Texas/24-008749-003/2024(H5N1)	904	1662
PB2|PP755596.1|A/cattle/Texas/24-008749-003/2024(H5N1)	905	1662
PB2|PP755596.1|A/cattle/Texas/24-008749-003/2024(H5N1)	906	1659
PB2|PP755596.1|A/cattle/Texas/24-008749-003/2024(H5N1)	907	1643
PB2|PP755596.1|A/cattle/Texas/24-008749-003/2024(H5N1)	908	1643
PB2|PP755596.1|A/cattle/Texas/24-008749-003/2024(H5N1)	909	1632
PB2|PP755596.1|A/cattle/Texas/24-008749-003/2024(H5N1)	910	1639
PB2|PP755596.1|A/cattle/Texas/24-008749-003/2024(H5N1)	911	1605
PB2|PP755596.1|A/cattle/Texas/24-008749-003/2024(H5N1)	912	1595
PB2|PP755596.1|A/cattle/Texas/24-008749-003/2024(H5N1)	913	1600
PB2|PP755596.1|A/cattle/Texas/24-008749-003/2024(H5N1)	914	1626
PB2|PP755596.1|A/cattle/Texas/24-008749-003/2024(H5N1)	915	1627
PB2|PP755596.1|A/cattle/Texas/24-008749-003/2024(H5N1)	916	1637
PB2|PP755596.1|A/cattle/Texas/24-008749-003/2024(H5N1)	917	1629
PB2|PP755596.1|A/cattle/Texas/24-008749-003/2024(H5N1)	918	1630
PB2|PP755596.1|A/cattle/Texas/24-008749-003/2024(H5N1)	919	1681
PB2|PP755596.1|A/cattle/Texas/24-008749-003/2024(H5N1)	920	1690
PB2|PP755596.1|A/cattle/Texas/24-008749-003/2024(H5N1)	921	1674
PB2|PP755596.1|A/cattle/Texas/24-008749-003/2024(H5N1)	922	1666
PB2|PP755596.1|A/cattle/Texas/24-008749-003/2024(H5N1)	923	1666
PB2|PP755596.1|A/cattle/Texas/24-008749-003/2024(H5N1)	924	1667
PB2|PP755596.1|A/cattle/Texas/24-008749-003/2024(H5N1)	925	1791
PB2|PP755596.1|A/cattle/Texas/24-008749-003/2024(H5N1)	926	1810
PB2|PP755596.1|A/cattle/Texas/24-008749-003/2024(H5N1)	927	1866
PB2|PP755596.1|A/cattle/Texas/24-008749-003/2024(H5N1)	928	1816
PB2|PP755596.1|A/cattle/Texas/24-008749-003/2024(H5N1)	929	1813
PB2|PP755596.1|A/cattle/Texas/24-008749-003/2024(H5N1)	930	1840
PB2|PP755596.1|A/cattle/Texas/24-008749-003/2024(H5N1)	931	1833
PB2|PP755596.1|A/cattle/Texas/24-008749-003/2024(H5N1)	932	1833
PB2|PP755596.1|A/cattle/Texas/24-008749-003/2024(H5N1)	933	1841
PB2|PP755596.1|A/cattle/Texas/24-008749-003/2024(H5N1)	934	1822
PB2|PP755596.1|A/cattle/Texas/24-008749-003/2024(H5N1)	935	1824
PB2|PP755596.1|A/cattle/Texas/24-008749-003/2024(H5N1)	936	1800
PB2|PP755596.1|A/cattle/Texas/24-008749-003/2024(H5N1)	937	1804
PB2|PP755596.1|A/cattle/Texas/24-008749-003/2024(H5N1)	938	1725
PB2|PP755596.1|A/cattle/Texas/24-008749-003/2024(H5N1)	939	1713
PB2|PP755596.1|A/cattle/Texas/24-008749-003/2024(H5N1)	940	1744
PB2|PP755596.1|A/cattle/Texas/24-008749-003/2024(H5N1)	941	1739
PB2|PP755596.1|A/cattle/Texas/24-008749-003/2024(H5N1)	942	1746
PB2|PP755596.1|A/cattle/Texas/24-008749-003/2024(H5N1)	943	1722
PB2|PP755596.1|A/cattle/Texas/24-008749-003/2024(H5N1)	944	1717
PB2|PP755596.1|A/cattle/Texas/24-008749-003/2024(H5N1)	945	1729
PB2|PP755596.1|A/cattle/Texas/24-008749-003/2024(H5N1)	946	1751
PB2|PP755596.1|A/cattle/Texas/24-008749-003/2024(H5N1)	947	1770
PB2|PP755596.1|A/cattle/Texas/24-008749-003/2024(H5N1)	948	1769
PB2|PP755596.1|A/cattle/Texas/24-008749-003/2024(H5N1)	949	1760
PB2|PP755596.1|A/cattle/Texas/24-008749-003/2024(H5N1)	950	1765
PB2|PP755596.1|A/cattle/Texas/24-008749-003/2024(H5N1)	951	1769
PB2|PP755596.1|A/cattle/Texas/24-008749-003/2024(H5N1)	952	1772
PB2|PP755596.1|A/cattle/Texas/24-008749-003/2024(H5N1)	953	1816
PB2|PP755596.1|A/cattle/Texas/24-008749-003/2024(H5N1)	954	1833
PB2|PP755596.1|A/cattle/Texas/24-008749-003/2024(H5N1)	955	1808
PB2|PP755596.1|A/cattle/Texas/24-008749-003/2024(H5N1)	956	1800
PB2|PP755596.1|A/cattle/Texas/24-008749-003/2024(H5N1)	957	1768
PB2|PP755596.1|A/cattle/Texas/24-008749-003/2024(H5N1)	958	1772
PB2|PP755596.1|A/cattle/Texas/24-008749-003/2024(H5N1)	959	1772
PB2|PP755596.1|A/cattle/Texas/24-008749-003/2024(H5N1)	960	1786
PB2|PP755596.1|A/cattle/Texas/24-008749-003/2024(H5N1)	961	1788
PB2|PP755596.1|A/cattle/Texas/24-008749-003/2024(H5N1)	962	1737
PB2|PP755596.1|A/cattle/Texas/24-008749-003/2024(H5N1)	963	1707
PB2|PP755596.1|A/cattle/Texas/24-008749-003/2024(H5N1)	964	1727
PB2|PP755596.1|A/cattle/Texas/24-008749-003/2024(H5N1)	965	1690
PB2|PP755596.1|A/cattle/Texas/24-008749-003/2024(H5N1)	966	1684
PB2|PP755596.1|A/cattle/Texas/24-008749-003/2024(H5N1)	967	1686
PB2|PP755596.1|A/cattle/Texas/24-008749-003/2024(H5N1)	968	1681
PB2|PP755596.1|A/cattle/Texas/24-008749-003/2024(H5N1)	969	1670
PB2|PP755596.1|A/cattle/Texas/24-008749-003/2024(H5N1)	970	1671
PB2|PP755596.1|A/cattle/Texas/24-008749-003/2024(H5N1)	971	1689
PB2|PP755596.1|A/cattle/Texas/24-008749-003/2024(H5N1)	972	1705
PB2|PP755596.1|A/cattle/Texas/24-008749-003/2024(H5N1)	973	1682
PB2|PP755596.1|A/cattle/Texas/24-008749-003/2024(H5N1)	974	1681
PB2|PP755596.1|A/cattle/Texas/24-008749-003/2024(H5N1)	975	1727
PB2|PP755596.1|A/cattle/Texas/24-008749-003/2024(H5N1)	976	1685
PB2|PP755596.1|A/cattle/Texas/24-008749-003/2024(H5N1)	977	1683
PB2|PP755596.1|A/cattle/Texas/24-008749-003/2024(H5N1)	978	1671
PB2|PP755596.1|A/cattle/Texas/24-008749-003/2024(H5N1)	979	1675
PB2|PP755596.1|A/cattle/Texas/24-008749-003/2024(H5N1)	980	1632
PB2|PP755596.1|A/cattle/Texas/24-008749-003/2024(H5N1)	981	1641
PB2|PP755596.1|A/cattle/Texas/24-008749-003/2024(H5N1)	982	1634
PB2|PP755596.1|A/cattle/Texas/24-008749-003/2024(H5N1)	983	1636
PB2|PP755596.1|A/cattle/Texas/24-008749-003/2024(H5N1)	984	1636
PB2|PP755596.1|A/cattle/Texas/24-008749-003/2024(H5N1)	985	1631
PB2|PP755596.1|A/cattle/Texas/24-008749-003/2024(H5N1)	986	1615
PB2|PP755596.1|A/cattle/Texas/24-008749-003/2024(H5N1)	987	1615
PB2|PP755596.1|A/cattle/Texas/24-008749-003/2024(H5N1)	988	1609
PB2|PP755596.1|A/cattle/Texas/24-008749-003/2024(H5N1)	989	1507
PB2|PP755596.1|A/cattle/Texas/24-008749-003/2024(H5N1)	990	1504
PB2|PP755596.1|A/cattle/Texas/24-008749-003/2024(H5N1)	991	1591
PB2|PP755596.1|A/cattle/Texas/24-008749-003/2024(H5N1)	992	1589
PB2|PP755596.1|A/cattle/Texas/24-008749-003/2024(H5N1)	993	1595
PB2|PP755596.1|A/cattle/Texas/24-008749-003/2024(H5N1)	994	1588
PB2|PP755596.1|A/cattle/Texas/24-008749-003/2024(H5N1)	995	1597
PB2|PP755596.1|A/cattle/Texas/24-008749-003/2024(H5N1)	996	1598
PB2|PP755596.1|A/cattle/Texas/24-008749-003/2024(H5N1)	997	1605
PB2|PP755596.1|A/cattle/Texas/24-008749-003/2024(H5N1)	998	1611
PB2|PP755596.1|A/cattle/Texas/24-008749-003/2024(H5N1)	999	1610
PB2|PP755596.1|A/cattle/Texas/24-008749-003/2024(H5N1)	1000	1570
PB2|PP755596.1|A/cattle/Texas/24-008749-003/2024(H5N1)	1001	1579
PB2|PP755596.1|A/cattle/Texas/24-008749-003/2024(H5N1)	1002	1598
PB2|PP755596.1|A/cattle/Texas/24-008749-003/2024(H5N1)	1003	1589
PB2|PP755596.1|A/cattle/Texas/24-008749-003/2024(H5N1)	1004	1577
PB2|PP755596.1|A/cattle/Texas/24-008749-003/2024(H5N1)	1005	1576
PB2|PP755596.1|A/cattle/Texas/24-008749-003/2024(H5N1)	1006	1624
PB2|PP755596.1|A/cattle/Texas/24-008749-003/2024(H5N1)	1007	1598
PB2|PP755596.1|A/cattle/Texas/24-008749-003/2024(H5N1)	1008	1601
PB2|PP755596.1|A/cattle/Texas/24-008749-003/2024(H5N1)	1009	1595
PB2|PP755596.1|A/cattle/Texas/24-008749-003/2024(H5N1)	1010	1590
PB2|PP755596.1|A/cattle/Texas/24-008749-003/2024(H5N1)	1011	1586
PB2|PP755596.1|A/cattle/Texas/24-008749-003/2024(H5N1)	1012	1626
PB2|PP755596.1|A/cattle/Texas/24-008749-003/2024(H5N1)	1013	1622
PB2|PP755596.1|A/cattle/Texas/24-008749-003/2024(H5N1)	1014	1619
PB2|PP755596.1|A/cattle/Texas/24-008749-003/2024(H5N1)	1015	1621
PB2|PP755596.1|A/cattle/Texas/24-008749-003/2024(H5N1)	1016	1625
PB2|PP755596.1|A/cattle/Texas/24-008749-003/2024(H5N1)	1017	1625
PB2|PP755596.1|A/cattle/Texas/24-008749-003/2024(H5N1)	1018	1625
PB2|PP755596.1|A/cattle/Texas/24-008749-003/2024(H5N1)	1019	1641
PB2|PP755596.1|A/cattle/Texas/24-008749-003/2024(H5N1)	1020	1668
PB2|PP755596.1|A/cattle/Texas/24-008749-003/2024(H5N1)	1021	1651
PB2|PP755596.1|A/cattle/Texas/24-008749-003/2024(H5N1)	1022	1636
PB2|PP755596.1|A/cattle/Texas/24-008749-003/2024(H5N1)	1023	1593
PB2|PP755596.1|A/cattle/Texas/24-008749-003/2024(H5N1)	1024	1609
PB2|PP755596.1|A/cattle/Texas/24-008749-003/2024(H5N1)	1025	1631
PB2|PP755596.1|A/cattle/Texas/24-008749-003/2024(H5N1)	1026	1631
PB2|PP755596.1|A/cattle/Texas/24-008749-003/2024(H5N1)	1027	1632
PB2|PP755596.1|A/cattle/Texas/24-008749-003/2024(H5N1)	1028	1613
PB2|PP755596.1|A/cattle/Texas/24-008749-003/2024(H5N1)	1029	1585
PB2|PP755596.1|A/cattle/Texas/24-008749-003/2024(H5N1)	1030	1599
PB2|PP755596.1|A/cattle/Texas/24-008749-003/2024(H5N1)	1031	1600
PB2|PP755596.1|A/cattle/Texas/24-008749-003/2024(H5N1)	1032	1623
PB2|PP755596.1|A/cattle/Texas/24-008749-003/2024(H5N1)	1033	1584
PB2|PP755596.1|A/cattle/Texas/24-008749-003/2024(H5N1)	1034	1620
PB2|PP755596.1|A/cattle/Texas/24-008749-003/2024(H5N1)	1035	1619
PB2|PP755596.1|A/cattle/Texas/24-008749-003/2024(H5N1)	1036	1616
PB2|PP755596.1|A/cattle/Texas/24-008749-003/2024(H5N1)	1037	1608
PB2|PP755596.1|A/cattle/Texas/24-008749-003/2024(H5N1)	1038	1612
PB2|PP755596.1|A/cattle/Texas/24-008749-003/2024(H5N1)	1039	1608
PB2|PP755596.1|A/cattle/Texas/24-008749-003/2024(H5N1)	1040	1607
PB2|PP755596.1|A/cattle/Texas/24-008749-003/2024(H5N1)	1041	1587
PB2|PP755596.1|A/cattle/Texas/24-008749-003/2024(H5N1)	1042	1574
PB2|PP755596.1|A/cattle/Texas/24-008749-003/2024(H5N1)	1043	1575
PB2|PP755596.1|A/cattle/Texas/24-008749-003/2024(H5N1)	1044	1602
PB2|PP755596.1|A/cattle/Texas/24-008749-003/2024(H5N1)	1045	1607
PB2|PP755596.1|A/cattle/Texas/24-008749-003/2024(H5N1)	1046	1628
PB2|PP755596.1|A/cattle/Texas/24-008749-003/2024(H5N1)	1047	1630
PB2|PP755596.1|A/cattle/Texas/24-008749-003/2024(H5N1)	1048	1659
PB2|PP755596.1|A/cattle/Texas/24-008749-003/2024(H5N1)	1049	1662
PB2|PP755596.1|A/cattle/Texas/24-008749-003/2024(H5N1)	1050	1662
PB2|PP755596.1|A/cattle/Texas/24-008749-003/2024(H5N1)	1051	1658
PB2|PP755596.1|A/cattle/Texas/24-008749-003/2024(H5N1)	1052	1648
PB2|PP755596.1|A/cattle/Texas/24-008749-003/2024(H5N1)	1053	1621
PB2|PP755596.1|A/cattle/Texas/24-008749-003/2024(H5N1)	1054	1622
PB2|PP755596.1|A/cattle/Texas/24-008749-003/2024(H5N1)	1055	1621
PB2|PP755596.1|A/cattle/Texas/24-008749-003/2024(H5N1)	1056	1647
PB2|PP755596.1|A/cattle/Texas/24-008749-003/2024(H5N1)	1057	1648
PB2|PP755596.1|A/cattle/Texas/24-008749-003/2024(H5N1)	1058	1689
PB2|PP755596.1|A/cattle/Texas/24-008749-003/2024(H5N1)	1059	1687
PB2|PP755596.1|A/cattle/Texas/24-008749-003/2024(H5N1)	1060	1691
PB2|PP755596.1|A/cattle/Texas/24-008749-003/2024(H5N1)	1061	1683
PB2|PP755596.1|A/cattle/Texas/24-008749-003/2024(H5N1)	1062	1695
PB2|PP755596.1|A/cattle/Texas/24-008749-003/2024(H5N1)	1063	1672
PB2|PP755596.1|A/cattle/Texas/24-008749-003/2024(H5N1)	1064	1667
PB2|PP755596.1|A/cattle/Texas/24-008749-003/2024(H5N1)	1065	1635
PB2|PP755596.1|A/cattle/Texas/24-008749-003/2024(H5N1)	1066	1695
PB2|PP755596.1|A/cattle/Texas/24-008749-003/2024(H5N1)	1067	1692
PB2|PP755596.1|A/cattle/Texas/24-008749-003/2024(H5N1)	1068	1692
PB2|PP755596.1|A/cattle/Texas/24-008749-003/2024(H5N1)	1069	1700
PB2|PP755596.1|A/cattle/Texas/24-008749-003/2024(H5N1)	1070	1704
PB2|PP755596.1|A/cattle/Texas/24-008749-003/2024(H5N1)	1071	1700
PB2|PP755596.1|A/cattle/Texas/24-008749-003/2024(H5N1)	1072	1701
PB2|PP755596.1|A/cattle/Texas/24-008749-003/2024(H5N1)	1073	1715
PB2|PP755596.1|A/cattle/Texas/24-008749-003/2024(H5N1)	1074	1730
PB2|PP755596.1|A/cattle/Texas/24-008749-003/2024(H5N1)	1075	1697
PB2|PP755596.1|A/cattle/Texas/24-008749-003/2024(H5N1)	1076	1684
PB2|PP755596.1|A/cattle/Texas/24-008749-003/2024(H5N1)	1077	1679
PB2|PP755596.1|A/cattle/Texas/24-008749-003/2024(H5N1)	1078	1620
PB2|PP755596.1|A/cattle/Texas/24-008749-003/2024(H5N1)	1079	1635
PB2|PP755596.1|A/cattle/Texas/24-008749-003/2024(H5N1)	1080	1638
PB2|PP755596.1|A/cattle/Texas/24-008749-003/2024(H5N1)	1081	1628
PB2|PP755596.1|A/cattle/Texas/24-008749-003/2024(H5N1)	1082	1627
PB2|PP755596.1|A/cattle/Texas/24-008749-003/2024(H5N1)	1083	1610
PB2|PP755596.1|A/cattle/Texas/24-008749-003/2024(H5N1)	1084	1608
PB2|PP755596.1|A/cattle/Texas/24-008749-003/2024(H5N1)	1085	1510
PB2|PP755596.1|A/cattle/Texas/24-008749-003/2024(H5N1)	1086	1513
PB2|PP755596.1|A/cattle/Texas/24-008749-003/2024(H5N1)	1087	1554
PB2|PP755596.1|A/cattle/Texas/24-008749-003/2024(H5N1)	1088	1617
PB2|PP755596.1|A/cattle/Texas/24-008749-003/2024(H5N1)	1089	1625
PB2|PP755596.1|A/cattle/Texas/24-008749-003/2024(H5N1)	1090	1625
PB2|PP755596.1|A/cattle/Texas/24-008749-003/2024(H5N1)	1091	1622
PB2|PP755596.1|A/cattle/Texas/24-008749-003/2024(H5N1)	1092	1623
PB2|PP755596.1|A/cattle/Texas/24-008749-003/2024(H5N1)	1093	1630
PB2|PP755596.1|A/cattle/Texas/24-008749-003/2024(H5N1)	1094	1630
PB2|PP755596.1|A/cattle/Texas/24-008749-003/2024(H5N1)	1095	1643
PB2|PP755596.1|A/cattle/Texas/24-008749-003/2024(H5N1)	1096	1647
PB2|PP755596.1|A/cattle/Texas/24-008749-003/2024(H5N1)	1097	1619
PB2|PP755596.1|A/cattle/Texas/24-008749-003/2024(H5N1)	1098	1638
PB2|PP755596.1|A/cattle/Texas/24-008749-003/2024(H5N1)	1099	1635
PB2|PP755596.1|A/cattle/Texas/24-008749-003/2024(H5N1)	1100	1650
PB2|PP755596.1|A/cattle/Texas/24-008749-003/2024(H5N1)	1101	1657
PB2|PP755596.1|A/cattle/Texas/24-008749-003/2024(H5N1)	1102	1651
PB2|PP755596.1|A/cattle/Texas/24-008749-003/2024(H5N1)	1103	1657
PB2|PP755596.1|A/cattle/Texas/24-008749-003/2024(H5N1)	1104	1603
PB2|PP755596.1|A/cattle/Texas/24-008749-003/2024(H5N1)	1105	1561
PB2|PP755596.1|A/cattle/Texas/24-008749-003/2024(H5N1)	1106	1572
PB2|PP755596.1|A/cattle/Texas/24-008749-003/2024(H5N1)	1107	1579
PB2|PP755596.1|A/cattle/Texas/24-008749-003/2024(H5N1)	1108	1583
PB2|PP755596.1|A/cattle/Texas/24-008749-003/2024(H5N1)	1109	1590
PB2|PP755596.1|A/cattle/Texas/24-008749-003/2024(H5N1)	1110	1581
PB2|PP755596.1|A/cattle/Texas/24-008749-003/2024(H5N1)	1111	1581
PB2|PP755596.1|A/cattle/Texas/24-008749-003/2024(H5N1)	1112	1582
PB2|PP755596.1|A/cattle/Texas/24-008749-003/2024(H5N1)	1113	1581
PB2|PP755596.1|A/cattle/Texas/24-008749-003/2024(H5N1)	1114	1586
PB2|PP755596.1|A/cattle/Texas/24-008749-003/2024(H5N1)	1115	1550
PB2|PP755596.1|A/cattle/Texas/24-008749-003/2024(H5N1)	1116	1552
PB2|PP755596.1|A/cattle/Texas/24-008749-003/2024(H5N1)	1117	1603
PB2|PP755596.1|A/cattle/Texas/24-008749-003/2024(H5N1)	1118	1607
PB2|PP755596.1|A/cattle/Texas/24-008749-003/2024(H5N1)	1119	1607
PB2|PP755596.1|A/cattle/Texas/24-008749-003/2024(H5N1)	1120	1589
PB2|PP755596.1|A/cattle/Texas/24-008749-003/2024(H5N1)	1121	1577
PB2|PP755596.1|A/cattle/Texas/24-008749-003/2024(H5N1)	1122	1575
PB2|PP755596.1|A/cattle/Texas/24-008749-003/2024(H5N1)	1123	1572
PB2|PP755596.1|A/cattle/Texas/24-008749-003/2024(H5N1)	1124	1574
PB2|PP755596.1|A/cattle/Texas/24-008749-003/2024(H5N1)	1125	1580
PB2|PP755596.1|A/cattle/Texas/24-008749-003/2024(H5N1)	1126	1554
PB2|PP755596.1|A/cattle/Texas/24-008749-003/2024(H5N1)	1127	1552
PB2|PP755596.1|A/cattle/Texas/24-008749-003/2024(H5N1)	1128	1552
PB2|PP755596.1|A/cattle/Texas/24-008749-003/2024(H5N1)	1129	1558
PB2|PP755596.1|A/cattle/Texas/24-008749-003/2024(H5N1)	1130	1555
PB2|PP755596.1|A/cattle/Texas/24-008749-003/2024(H5N1)	1131	1549
PB2|PP755596.1|A/cattle/Texas/24-008749-003/2024(H5N1)	1132	1561
PB2|PP755596.1|A/cattle/Texas/24-008749-003/2024(H5N1)	1133	1625
PB2|PP755596.1|A/cattle/Texas/24-008749-003/2024(H5N1)	1134	1622
PB2|PP755596.1|A/cattle/Texas/24-008749-003/2024(H5N1)	1135	1617
PB2|PP755596.1|A/cattle/Texas/24-008749-003/2024(H5N1)	1136	1620
PB2|PP755596.1|A/cattle/Texas/24-008749-003/2024(H5N1)	1137	1612
PB2|PP755596.1|A/cattle/Texas/24-008749-003/2024(H5N1)	1138	1616
PB2|PP755596.1|A/cattle/Texas/24-008749-003/2024(H5N1)	1139	1624
PB2|PP755596.1|A/cattle/Texas/24-008749-003/2024(H5N1)	1140	1636
PB2|PP755596.1|A/cattle/Texas/24-008749-003/2024(H5N1)	1141	1638
PB2|PP755596.1|A/cattle/Texas/24-008749-003/2024(H5N1)	1142	1542
PB2|PP755596.1|A/cattle/Texas/24-008749-003/2024(H5N1)	1143	1555
PB2|PP755596.1|A/cattle/Texas/24-008749-003/2024(H5N1)	1144	1588
PB2|PP755596.1|A/cattle/Texas/24-008749-003/2024(H5N1)	1145	1587
PB2|PP755596.1|A/cattle/Texas/24-008749-003/2024(H5N1)	1146	1567
PB2|PP755596.1|A/cattle/Texas/24-008749-003/2024(H5N1)	1147	1565
PB2|PP755596.1|A/cattle/Texas/24-008749-003/2024(H5N1)	1148	1628
PB2|PP755596.1|A/cattle/Texas/24-008749-003/2024(H5N1)	1149	1627
PB2|PP755596.1|A/cattle/Texas/24-008749-003/2024(H5N1)	1150	1631
PB2|PP755596.1|A/cattle/Texas/24-008749-003/2024(H5N1)	1151	1651
PB2|PP755596.1|A/cattle/Texas/24-008749-003/2024(H5N1)	1152	1639
PB2|PP755596.1|A/cattle/Texas/24-008749-003/2024(H5N1)	1153	1645
PB2|PP755596.1|A/cattle/Texas/24-008749-003/2024(H5N1)	1154	1650
PB2|PP755596.1|A/cattle/Texas/24-008749-003/2024(H5N1)	1155	1646
PB2|PP755596.1|A/cattle/Texas/24-008749-003/2024(H5N1)	1156	1647
PB2|PP755596.1|A/cattle/Texas/24-008749-003/2024(H5N1)	1157	1653
PB2|PP755596.1|A/cattle/Texas/24-008749-003/2024(H5N1)	1158	1649
PB2|PP755596.1|A/cattle/Texas/24-008749-003/2024(H5N1)	1159	1648
PB2|PP755596.1|A/cattle/Texas/24-008749-003/2024(H5N1)	1160	1671
PB2|PP755596.1|A/cattle/Texas/24-008749-003/2024(H5N1)	1161	1700
PB2|PP755596.1|A/cattle/Texas/24-008749-003/2024(H5N1)	1162	1696
PB2|PP755596.1|A/cattle/Texas/24-008749-003/2024(H5N1)	1163	1670
PB2|PP755596.1|A/cattle/Texas/24-008749-003/2024(H5N1)	1164	1668
PB2|PP755596.1|A/cattle/Texas/24-008749-003/2024(H5N1)	1165	1662
PB2|PP755596.1|A/cattle/Texas/24-008749-003/2024(H5N1)	1166	1673
PB2|PP755596.1|A/cattle/Texas/24-008749-003/2024(H5N1)	1167	1672
PB2|PP755596.1|A/cattle/Texas/24-008749-003/2024(H5N1)	1168	1679
PB2|PP755596.1|A/cattle/Texas/24-008749-003/2024(H5N1)	1169	1677
PB2|PP755596.1|A/cattle/Texas/24-008749-003/2024(H5N1)	1170	1696
PB2|PP755596.1|A/cattle/Texas/24-008749-003/2024(H5N1)	1171	1702
PB2|PP755596.1|A/cattle/Texas/24-008749-003/2024(H5N1)	1172	1707
PB2|PP755596.1|A/cattle/Texas/24-008749-003/2024(H5N1)	1173	1709
PB2|PP755596.1|A/cattle/Texas/24-008749-003/2024(H5N1)	1174	1697
PB2|PP755596.1|A/cattle/Texas/24-008749-003/2024(H5N1)	1175	1675
PB2|PP755596.1|A/cattle/Texas/24-008749-003/2024(H5N1)	1176	1704
PB2|PP755596.1|A/cattle/Texas/24-008749-003/2024(H5N1)	1177	1696
PB2|PP755596.1|A/cattle/Texas/24-008749-003/2024(H5N1)	1178	1706
PB2|PP755596.1|A/cattle/Texas/24-008749-003/2024(H5N1)	1179	1706
PB2|PP755596.1|A/cattle/Texas/24-008749-003/2024(H5N1)	1180	1712
PB2|PP755596.1|A/cattle/Texas/24-008749-003/2024(H5N1)	1181	1701
PB2|PP755596.1|A/cattle/Texas/24-008749-003/2024(H5N1)	1182	1697
PB2|PP755596.1|A/cattle/Texas/24-008749-003/2024(H5N1)	1183	1673
PB2|PP755596.1|A/cattle/Texas/24-008749-003/2024(H5N1)	1184	1679
PB2|PP755596.1|A/cattle/Texas/24-008749-003/2024(H5N1)	1185	1631
PB2|PP755596.1|A/cattle/Texas/24-008749-003/2024(H5N1)	1186	1633
PB2|PP755596.1|A/cattle/Texas/24-008749-003/2024(H5N1)	1187	1630
PB2|PP755596.1|A/cattle/Texas/24-008749-003/2024(H5N1)	1188	1648
PB2|PP755596.1|A/cattle/Texas/24-008749-003/2024(H5N1)	1189	1648
PB2|PP755596.1|A/cattle/Texas/24-008749-003/2024(H5N1)	1190	1699
PB2|PP755596.1|A/cattle/Texas/24-008749-003/2024(H5N1)	1191	1698
PB2|PP755596.1|A/cattle/Texas/24-008749-003/2024(H5N1)	1192	1697
PB2|PP755596.1|A/cattle/Texas/24-008749-003/2024(H5N1)	1193	1701
PB2|PP755596.1|A/cattle/Texas/24-008749-003/2024(H5N1)	1194	1705
PB2|PP755596.1|A/cattle/Texas/24-008749-003/2024(H5N1)	1195	1695
PB2|PP755596.1|A/cattle/Texas/24-008749-003/2024(H5N1)	1196	1691
PB2|PP755596.1|A/cattle/Texas/24-008749-003/2024(H5N1)	1197	1665
PB2|PP755596.1|A/cattle/Texas/24-008749-003/2024(H5N1)	1198	1665
PB2|PP755596.1|A/cattle/Texas/24-008749-003/2024(H5N1)	1199	1637
PB2|PP755596.1|A/cattle/Texas/24-008749-003/2024(H5N1)	1200	1649
PB2|PP755596.1|A/cattle/Texas/24-008749-003/2024(H5N1)	1201	1658
PB2|PP755596.1|A/cattle/Texas/24-008749-003/2024(H5N1)	1202	1657
PB2|PP755596.1|A/cattle/Texas/24-008749-003/2024(H5N1)	1203	1652
PB2|PP755596.1|A/cattle/Texas/24-008749-003/2024(H5N1)	1204	1657
PB2|PP755596.1|A/cattle/Texas/24-008749-003/2024(H5N1)	1205	1663
PB2|PP755596.1|A/cattle/Texas/24-008749-003/2024(H5N1)	1206	1672
PB2|PP755596.1|A/cattle/Texas/24-008749-003/2024(H5N1)	1207	1666
PB2|PP755596.1|A/cattle/Texas/24-008749-003/2024(H5N1)	1208	1680
PB2|PP755596.1|A/cattle/Texas/24-008749-003/2024(H5N1)	1209	1661
PB2|PP755596.1|A/cattle/Texas/24-008749-003/2024(H5N1)	1210	1656
PB2|PP755596.1|A/cattle/Texas/24-008749-003/2024(H5N1)	1211	1667
PB2|PP755596.1|A/cattle/Texas/24-008749-003/2024(H5N1)	1212	1667
PB2|PP755596.1|A/cattle/Texas/24-008749-003/2024(H5N1)	1213	1653
PB2|PP755596.1|A/cattle/Texas/24-008749-003/2024(H5N1)	1214	1697
PB2|PP755596.1|A/cattle/Texas/24-008749-003/2024(H5N1)	1215	1717
PB2|PP755596.1|A/cattle/Texas/24-008749-003/2024(H5N1)	1216	1679
PB2|PP755596.1|A/cattle/Texas/24-008749-003/2024(H5N1)	1217	1680
PB2|PP755596.1|A/cattle/Texas/24-008749-003/2024(H5N1)	1218	1665
PB2|PP755596.1|A/cattle/Texas/24-008749-003/2024(H5N1)	1219	1659
PB2|PP755596.1|A/cattle/Texas/24-008749-003/2024(H5N1)	1220	1629
PB2|PP755596.1|A/cattle/Texas/24-008749-003/2024(H5N1)	1221	1653
PB2|PP755596.1|A/cattle/Texas/24-008749-003/2024(H5N1)	1222	1654
PB2|PP755596.1|A/cattle/Texas/24-008749-003/2024(H5N1)	1223	1629
PB2|PP755596.1|A/cattle/Texas/24-008749-003/2024(H5N1)	1224	1629
PB2|PP755596.1|A/cattle/Texas/24-008749-003/2024(H5N1)	1225	1580
PB2|PP755596.1|A/cattle/Texas/24-008749-003/2024(H5N1)	1226	1570
PB2|PP755596.1|A/cattle/Texas/24-008749-003/2024(H5N1)	1227	1525
PB2|PP755596.1|A/cattle/Texas/24-008749-003/2024(H5N1)	1228	1528
PB2|PP755596.1|A/cattle/Texas/24-008749-003/2024(H5N1)	1229	1537
PB2|PP755596.1|A/cattle/Texas/24-008749-003/2024(H5N1)	1230	1583
PB2|PP755596.1|A/cattle/Texas/24-008749-003/2024(H5N1)	1231	1591
PB2|PP755596.1|A/cattle/Texas/24-008749-003/2024(H5N1)	1232	1581
PB2|PP755596.1|A/cattle/Texas/24-008749-003/2024(H5N1)	1233	1570
PB2|PP755596.1|A/cattle/Texas/24-008749-003/2024(H5N1)	1234	1568
PB2|PP755596.1|A/cattle/Texas/24-008749-003/2024(H5N1)	1235	1558
PB2|PP755596.1|A/cattle/Texas/24-008749-003/2024(H5N1)	1236	1562
PB2|PP755596.1|A/cattle/Texas/24-008749-003/2024(H5N1)	1237	1554
PB2|PP755596.1|A/cattle/Texas/24-008749-003/2024(H5N1)	1238	1551
PB2|PP755596.1|A/cattle/Texas/24-008749-003/2024(H5N1)	1239	1506
PB2|PP755596.1|A/cattle/Texas/24-008749-003/2024(H5N1)	1240	1536
PB2|PP755596.1|A/cattle/Texas/24-008749-003/2024(H5N1)	1241	1569
PB2|PP755596.1|A/cattle/Texas/24-008749-003/2024(H5N1)	1242	1563
PB2|PP755596.1|A/cattle/Texas/24-008749-003/2024(H5N1)	1243	1583
PB2|PP755596.1|A/cattle/Texas/24-008749-003/2024(H5N1)	1244	1581
PB2|PP755596.1|A/cattle/Texas/24-008749-003/2024(H5N1)	1245	1602
PB2|PP755596.1|A/cattle/Texas/24-008749-003/2024(H5N1)	1246	1584
PB2|PP755596.1|A/cattle/Texas/24-008749-003/2024(H5N1)	1247	1574
PB2|PP755596.1|A/cattle/Texas/24-008749-003/2024(H5N1)	1248	1561
PB2|PP755596.1|A/cattle/Texas/24-008749-003/2024(H5N1)	1249	1552
PB2|PP755596.1|A/cattle/Texas/24-008749-003/2024(H5N1)	1250	1564
PB2|PP755596.1|A/cattle/Texas/24-008749-003/2024(H5N1)	1251	1544
PB2|PP755596.1|A/cattle/Texas/24-008749-003/2024(H5N1)	1252	1538
PB2|PP755596.1|A/cattle/Texas/24-008749-003/2024(H5N1)	1253	1532
PB2|PP755596.1|A/cattle/Texas/24-008749-003/2024(H5N1)	1254	1544
PB2|PP755596.1|A/cattle/Texas/24-008749-003/2024(H5N1)	1255	1553
PB2|PP755596.1|A/cattle/Texas/24-008749-003/2024(H5N1)	1256	1554
PB2|PP755596.1|A/cattle/Texas/24-008749-003/2024(H5N1)	1257	1542
PB2|PP755596.1|A/cattle/Texas/24-008749-003/2024(H5N1)	1258	1526
PB2|PP755596.1|A/cattle/Texas/24-008749-003/2024(H5N1)	1259	1522
PB2|PP755596.1|A/cattle/Texas/24-008749-003/2024(H5N1)	1260	1528
PB2|PP755596.1|A/cattle/Texas/24-008749-003/2024(H5N1)	1261	1528
PB2|PP755596.1|A/cattle/Texas/24-008749-003/2024(H5N1)	1262	1536
PB2|PP755596.1|A/cattle/Texas/24-008749-003/2024(H5N1)	1263	1534
PB2|PP755596.1|A/cattle/Texas/24-008749-003/2024(H5N1)	1264	1528
PB2|PP755596.1|A/cattle/Texas/24-008749-003/2024(H5N1)	1265	1524
PB2|PP755596.1|A/cattle/Texas/24-008749-003/2024(H5N1)	1266	1520
PB2|PP755596.1|A/cattle/Texas/24-008749-003/2024(H5N1)	1267	1518
PB2|PP755596.1|A/cattle/Texas/24-008749-003/2024(H5N1)	1268	1506
PB2|PP755596.1|A/cattle/Texas/24-008749-003/2024(H5N1)	1269	1519
PB2|PP755596.1|A/cattle/Texas/24-008749-003/2024(H5N1)	1270	1527
PB2|PP755596.1|A/cattle/Texas/24-008749-003/2024(H5N1)	1271	1527
PB2|PP755596.1|A/cattle/Texas/24-008749-003/2024(H5N1)	1272	1518
PB2|PP755596.1|A/cattle/Texas/24-008749-003/2024(H5N1)	1273	1527
PB2|PP755596.1|A/cattle/Texas/24-008749-003/2024(H5N1)	1274	1530
PB2|PP755596.1|A/cattle/Texas/24-008749-003/2024(H5N1)	1275	1532
PB2|PP755596.1|A/cattle/Texas/24-008749-003/2024(H5N1)	1276	1530
PB2|PP755596.1|A/cattle/Texas/24-008749-003/2024(H5N1)	1277	1500
PB2|PP755596.1|A/cattle/Texas/24-008749-003/2024(H5N1)	1278	1501
PB2|PP755596.1|A/cattle/Texas/24-008749-003/2024(H5N1)	1279	1523
PB2|PP755596.1|A/cattle/Texas/24-008749-003/2024(H5N1)	1280	1525
PB2|PP755596.1|A/cattle/Texas/24-008749-003/2024(H5N1)	1281	1580
PB2|PP755596.1|A/cattle/Texas/24-008749-003/2024(H5N1)	1282	1515
PB2|PP755596.1|A/cattle/Texas/24-008749-003/2024(H5N1)	1283	1507
PB2|PP755596.1|A/cattle/Texas/24-008749-003/2024(H5N1)	1284	1517
PB2|PP755596.1|A/cattle/Texas/24-008749-003/2024(H5N1)	1285	1518
PB2|PP755596.1|A/cattle/Texas/24-008749-003/2024(H5N1)	1286	1560
PB2|PP755596.1|A/cattle/Texas/24-008749-003/2024(H5N1)	1287	1561
PB2|PP755596.1|A/cattle/Texas/24-008749-003/2024(H5N1)	1288	1653
PB2|PP755596.1|A/cattle/Texas/24-008749-003/2024(H5N1)	1289	1650
PB2|PP755596.1|A/cattle/Texas/24-008749-003/2024(H5N1)	1290	1628
PB2|PP755596.1|A/cattle/Texas/24-008749-003/2024(H5N1)	1291	1633
PB2|PP755596.1|A/cattle/Texas/24-008749-003/2024(H5N1)	1292	1628
PB2|PP755596.1|A/cattle/Texas/24-008749-003/2024(H5N1)	1293	1626
PB2|PP755596.1|A/cattle/Texas/24-008749-003/2024(H5N1)	1294	1631
PB2|PP755596.1|A/cattle/Texas/24-008749-003/2024(H5N1)	1295	1602
PB2|PP755596.1|A/cattle/Texas/24-008749-003/2024(H5N1)	1296	1602
PB2|PP755596.1|A/cattle/Texas/24-008749-003/2024(H5N1)	1297	1595
PB2|PP755596.1|A/cattle/Texas/24-008749-003/2024(H5N1)	1298	1586
PB2|PP755596.1|A/cattle/Texas/24-008749-003/2024(H5N1)	1299	1558
PB2|PP755596.1|A/cattle/Texas/24-008749-003/2024(H5N1)	1300	1552
PB2|PP755596.1|A/cattle/Texas/24-008749-003/2024(H5N1)	1301	1564
PB2|PP755596.1|A/cattle/Texas/24-008749-003/2024(H5N1)	1302	1562
PB2|PP755596.1|A/cattle/Texas/24-008749-003/2024(H5N1)	1303	1552
PB2|PP755596.1|A/cattle/Texas/24-008749-003/2024(H5N1)	1304	1566
PB2|PP755596.1|A/cattle/Texas/24-008749-003/2024(H5N1)	1305	1562
PB2|PP755596.1|A/cattle/Texas/24-008749-003/2024(H5N1)	1306	1558
PB2|PP755596.1|A/cattle/Texas/24-008749-003/2024(H5N1)	1307	1559
PB2|PP755596.1|A/cattle/Texas/24-008749-003/2024(H5N1)	1308	1511
PB2|PP755596.1|A/cattle/Texas/24-008749-003/2024(H5N1)	1309	1521
PB2|PP755596.1|A/cattle/Texas/24-008749-003/2024(H5N1)	1310	1515
PB2|PP755596.1|A/cattle/Texas/24-008749-003/2024(H5N1)	1311	1513
PB2|PP755596.1|A/cattle/Texas/24-008749-003/2024(H5N1)	1312	1513
PB2|PP755596.1|A/cattle/Texas/24-008749-003/2024(H5N1)	1313	1519
PB2|PP755596.1|A/cattle/Texas/24-008749-003/2024(H5N1)	1314	1526
PB2|PP755596.1|A/cattle/Texas/24-008749-003/2024(H5N1)	1315	1521
PB2|PP755596.1|A/cattle/Texas/24-008749-003/2024(H5N1)	1316	1527
PB2|PP755596.1|A/cattle/Texas/24-008749-003/2024(H5N1)	1317	1521
PB2|PP755596.1|A/cattle/Texas/24-008749-003/2024(H5N1)	1318	1516
PB2|PP755596.1|A/cattle/Texas/24-008749-003/2024(H5N1)	1319	1509
PB2|PP755596.1|A/cattle/Texas/24-008749-003/2024(H5N1)	1320	1492
PB2|PP755596.1|A/cattle/Texas/24-008749-003/2024(H5N1)	1321	1449
PB2|PP755596.1|A/cattle/Texas/24-008749-003/2024(H5N1)	1322	1657
PB2|PP755596.1|A/cattle/Texas/24-008749-003/2024(H5N1)	1323	1654
PB2|PP755596.1|A/cattle/Texas/24-008749-003/2024(H5N1)	1324	1649
PB2|PP755596.1|A/cattle/Texas/24-008749-003/2024(H5N1)	1325	1671
PB2|PP755596.1|A/cattle/Texas/24-008749-003/2024(H5N1)	1326	1677
PB2|PP755596.1|A/cattle/Texas/24-008749-003/2024(H5N1)	1327	1691
PB2|PP755596.1|A/cattle/Texas/24-008749-003/2024(H5N1)	1328	1692
PB2|PP755596.1|A/cattle/Texas/24-008749-003/2024(H5N1)	1329	1681
PB2|PP755596.1|A/cattle/Texas/24-008749-003/2024(H5N1)	1330	1681
PB2|PP755596.1|A/cattle/Texas/24-008749-003/2024(H5N1)	1331	1670
PB2|PP755596.1|A/cattle/Texas/24-008749-003/2024(H5N1)	1332	1707
PB2|PP755596.1|A/cattle/Texas/24-008749-003/2024(H5N1)	1333	1709
PB2|PP755596.1|A/cattle/Texas/24-008749-003/2024(H5N1)	1334	1701
PB2|PP755596.1|A/cattle/Texas/24-008749-003/2024(H5N1)	1335	1701
PB2|PP755596.1|A/cattle/Texas/24-008749-003/2024(H5N1)	1336	1756
PB2|PP755596.1|A/cattle/Texas/24-008749-003/2024(H5N1)	1337	1755
PB2|PP755596.1|A/cattle/Texas/24-008749-003/2024(H5N1)	1338	1738
PB2|PP755596.1|A/cattle/Texas/24-008749-003/2024(H5N1)	1339	1740
PB2|PP755596.1|A/cattle/Texas/24-008749-003/2024(H5N1)	1340	1741
PB2|PP755596.1|A/cattle/Texas/24-008749-003/2024(H5N1)	1341	1750
PB2|PP755596.1|A/cattle/Texas/24-008749-003/2024(H5N1)	1342	1749
PB2|PP755596.1|A/cattle/Texas/24-008749-003/2024(H5N1)	1343	1767
PB2|PP755596.1|A/cattle/Texas/24-008749-003/2024(H5N1)	1344	1764
PB2|PP755596.1|A/cattle/Texas/24-008749-003/2024(H5N1)	1345	1762
PB2|PP755596.1|A/cattle/Texas/24-008749-003/2024(H5N1)	1346	1756
PB2|PP755596.1|A/cattle/Texas/24-008749-003/2024(H5N1)	1347	1756
PB2|PP755596.1|A/cattle/Texas/24-008749-003/2024(H5N1)	1348	1757
PB2|PP755596.1|A/cattle/Texas/24-008749-003/2024(H5N1)	1349	1775
PB2|PP755596.1|A/cattle/Texas/24-008749-003/2024(H5N1)	1350	1772
PB2|PP755596.1|A/cattle/Texas/24-008749-003/2024(H5N1)	1351	1773
PB2|PP755596.1|A/cattle/Texas/24-008749-003/2024(H5N1)	1352	1767
PB2|PP755596.1|A/cattle/Texas/24-008749-003/2024(H5N1)	1353	1763
PB2|PP755596.1|A/cattle/Texas/24-008749-003/2024(H5N1)	1354	1761
PB2|PP755596.1|A/cattle/Texas/24-008749-003/2024(H5N1)	1355	1736
PB2|PP755596.1|A/cattle/Texas/24-008749-003/2024(H5N1)	1356	1733
PB2|PP755596.1|A/cattle/Texas/24-008749-003/2024(H5N1)	1357	1722
PB2|PP755596.1|A/cattle/Texas/24-008749-003/2024(H5N1)	1358	1727
PB2|PP755596.1|A/cattle/Texas/24-008749-003/2024(H5N1)	1359	1731
PB2|PP755596.1|A/cattle/Texas/24-008749-003/2024(H5N1)	1360	1716
PB2|PP755596.1|A/cattle/Texas/24-008749-003/2024(H5N1)	1361	1725
PB2|PP755596.1|A/cattle/Texas/24-008749-003/2024(H5N1)	1362	1711
PB2|PP755596.1|A/cattle/Texas/24-008749-003/2024(H5N1)	1363	1715
PB2|PP755596.1|A/cattle/Texas/24-008749-003/2024(H5N1)	1364	1717
PB2|PP755596.1|A/cattle/Texas/24-008749-003/2024(H5N1)	1365	1678
PB2|PP755596.1|A/cattle/Texas/24-008749-003/2024(H5N1)	1366	1642
PB2|PP755596.1|A/cattle/Texas/24-008749-003/2024(H5N1)	1367	1622
PB2|PP755596.1|A/cattle/Texas/24-008749-003/2024(H5N1)	1368	1632
PB2|PP755596.1|A/cattle/Texas/24-008749-003/2024(H5N1)	1369	1631
PB2|PP755596.1|A/cattle/Texas/24-008749-003/2024(H5N1)	1370	1587
PB2|PP755596.1|A/cattle/Texas/24-008749-003/2024(H5N1)	1371	1598
PB2|PP755596.1|A/cattle/Texas/24-008749-003/2024(H5N1)	1372	1572
PB2|PP755596.1|A/cattle/Texas/24-008749-003/2024(H5N1)	1373	1571
PB2|PP755596.1|A/cattle/Texas/24-008749-003/2024(H5N1)	1374	1573
PB2|PP755596.1|A/cattle/Texas/24-008749-003/2024(H5N1)	1375	1575
PB2|PP755596.1|A/cattle/Texas/24-008749-003/2024(H5N1)	1376	1574
PB2|PP755596.1|A/cattle/Texas/24-008749-003/2024(H5N1)	1377	1568
PB2|PP755596.1|A/cattle/Texas/24-008749-003/2024(H5N1)	1378	1564
PB2|PP755596.1|A/cattle/Texas/24-008749-003/2024(H5N1)	1379	1563
PB2|PP755596.1|A/cattle/Texas/24-008749-003/2024(H5N1)	1380	1572
PB2|PP755596.1|A/cattle/Texas/24-008749-003/2024(H5N1)	1381	1520
PB2|PP755596.1|A/cattle/Texas/24-008749-003/2024(H5N1)	1382	1524
PB2|PP755596.1|A/cattle/Texas/24-008749-003/2024(H5N1)	1383	1521
PB2|PP755596.1|A/cattle/Texas/24-008749-003/2024(H5N1)	1384	1518
PB2|PP755596.1|A/cattle/Texas/24-008749-003/2024(H5N1)	1385	1571
PB2|PP755596.1|A/cattle/Texas/24-008749-003/2024(H5N1)	1386	1563
PB2|PP755596.1|A/cattle/Texas/24-008749-003/2024(H5N1)	1387	1619
PB2|PP755596.1|A/cattle/Texas/24-008749-003/2024(H5N1)	1388	1616
PB2|PP755596.1|A/cattle/Texas/24-008749-003/2024(H5N1)	1389	1687
PB2|PP755596.1|A/cattle/Texas/24-008749-003/2024(H5N1)	1390	1678
PB2|PP755596.1|A/cattle/Texas/24-008749-003/2024(H5N1)	1391	1658
PB2|PP755596.1|A/cattle/Texas/24-008749-003/2024(H5N1)	1392	1673
PB2|PP755596.1|A/cattle/Texas/24-008749-003/2024(H5N1)	1393	1670
PB2|PP755596.1|A/cattle/Texas/24-008749-003/2024(H5N1)	1394	1646
PB2|PP755596.1|A/cattle/Texas/24-008749-003/2024(H5N1)	1395	1623
PB2|PP755596.1|A/cattle/Texas/24-008749-003/2024(H5N1)	1396	1623
PB2|PP755596.1|A/cattle/Texas/24-008749-003/2024(H5N1)	1397	1656
PB2|PP755596.1|A/cattle/Texas/24-008749-003/2024(H5N1)	1398	1656
PB2|PP755596.1|A/cattle/Texas/24-008749-003/2024(H5N1)	1399	1675
PB2|PP755596.1|A/cattle/Texas/24-008749-003/2024(H5N1)	1400	1654
PB2|PP755596.1|A/cattle/Texas/24-008749-003/2024(H5N1)	1401	1653
PB2|PP755596.1|A/cattle/Texas/24-008749-003/2024(H5N1)	1402	1672
PB2|PP755596.1|A/cattle/Texas/24-008749-003/2024(H5N1)	1403	1669
PB2|PP755596.1|A/cattle/Texas/24-008749-003/2024(H5N1)	1404	1678
PB2|PP755596.1|A/cattle/Texas/24-008749-003/2024(H5N1)	1405	1675
PB2|PP755596.1|A/cattle/Texas/24-008749-003/2024(H5N1)	1406	1671
PB2|PP755596.1|A/cattle/Texas/24-008749-003/2024(H5N1)	1407	1665
PB2|PP755596.1|A/cattle/Texas/24-008749-003/2024(H5N1)	1408	1665
PB2|PP755596.1|A/cattle/Texas/24-008749-003/2024(H5N1)	1409	1681
PB2|PP755596.1|A/cattle/Texas/24-008749-003/2024(H5N1)	1410	1694
PB2|PP755596.1|A/cattle/Texas/24-008749-003/2024(H5N1)	1411	1682
PB2|PP755596.1|A/cattle/Texas/24-008749-003/2024(H5N1)	1412	1683
PB2|PP755596.1|A/cattle/Texas/24-008749-003/2024(H5N1)	1413	1657
PB2|PP755596.1|A/cattle/Texas/24-008749-003/2024(H5N1)	1414	1657
PB2|PP755596.1|A/cattle/Texas/24-008749-003/2024(H5N1)	1415	1661
PB2|PP755596.1|A/cattle/Texas/24-008749-003/2024(H5N1)	1416	1660
PB2|PP755596.1|A/cattle/Texas/24-008749-003/2024(H5N1)	1417	1660
PB2|PP755596.1|A/cattle/Texas/24-008749-003/2024(H5N1)	1418	1641
PB2|PP755596.1|A/cattle/Texas/24-008749-003/2024(H5N1)	1419	1618
PB2|PP755596.1|A/cattle/Texas/24-008749-003/2024(H5N1)	1420	1647
PB2|PP755596.1|A/cattle/Texas/24-008749-003/2024(H5N1)	1421	1664
PB2|PP755596.1|A/cattle/Texas/24-008749-003/2024(H5N1)	1422	1669
PB2|PP755596.1|A/cattle/Texas/24-008749-003/2024(H5N1)	1423	1669
PB2|PP755596.1|A/cattle/Texas/24-008749-003/2024(H5N1)	1424	1663
PB2|PP755596.1|A/cattle/Texas/24-008749-003/2024(H5N1)	1425	1666
PB2|PP755596.1|A/cattle/Texas/24-008749-003/2024(H5N1)	1426	1662
PB2|PP755596.1|A/cattle/Texas/24-008749-003/2024(H5N1)	1427	1671
PB2|PP755596.1|A/cattle/Texas/24-008749-003/2024(H5N1)	1428	1700
PB2|PP755596.1|A/cattle/Texas/24-008749-003/2024(H5N1)	1429	1678
PB2|PP755596.1|A/cattle/Texas/24-008749-003/2024(H5N1)	1430	1792
PB2|PP755596.1|A/cattle/Texas/24-008749-003/2024(H5N1)	1431	1795
PB2|PP755596.1|A/cattle/Texas/24-008749-003/2024(H5N1)	1432	1754
PB2|PP755596.1|A/cattle/Texas/24-008749-003/2024(H5N1)	1433	1754
PB2|PP755596.1|A/cattle/Texas/24-008749-003/2024(H5N1)	1434	1752
PB2|PP755596.1|A/cattle/Texas/24-008749-003/2024(H5N1)	1435	1739
PB2|PP755596.1|A/cattle/Texas/24-008749-003/2024(H5N1)	1436	1740
PB2|PP755596.1|A/cattle/Texas/24-008749-003/2024(H5N1)	1437	1707
PB2|PP755596.1|A/cattle/Texas/24-008749-003/2024(H5N1)	1438	1710
PB2|PP755596.1|A/cattle/Texas/24-008749-003/2024(H5N1)	1439	1616
PB2|PP755596.1|A/cattle/Texas/24-008749-003/2024(H5N1)	1440	1612
PB2|PP755596.1|A/cattle/Texas/24-008749-003/2024(H5N1)	1441	1612
PB2|PP755596.1|A/cattle/Texas/24-008749-003/2024(H5N1)	1442	1613
PB2|PP755596.1|A/cattle/Texas/24-008749-003/2024(H5N1)	1443	1626
PB2|PP755596.1|A/cattle/Texas/24-008749-003/2024(H5N1)	1444	1624
PB2|PP755596.1|A/cattle/Texas/24-008749-003/2024(H5N1)	1445	1603
PB2|PP755596.1|A/cattle/Texas/24-008749-003/2024(H5N1)	1446	1616
PB2|PP755596.1|A/cattle/Texas/24-008749-003/2024(H5N1)	1447	1631
PB2|PP755596.1|A/cattle/Texas/24-008749-003/2024(H5N1)	1448	1629
PB2|PP755596.1|A/cattle/Texas/24-008749-003/2024(H5N1)	1449	1622
PB2|PP755596.1|A/cattle/Texas/24-008749-003/2024(H5N1)	1450	1598
PB2|PP755596.1|A/cattle/Texas/24-008749-003/2024(H5N1)	1451	1614
PB2|PP755596.1|A/cattle/Texas/24-008749-003/2024(H5N1)	1452	1609
PB2|PP755596.1|A/cattle/Texas/24-008749-003/2024(H5N1)	1453	1589
PB2|PP755596.1|A/cattle/Texas/24-008749-003/2024(H5N1)	1454	1591
PB2|PP755596.1|A/cattle/Texas/24-008749-003/2024(H5N1)	1455	1577
PB2|PP755596.1|A/cattle/Texas/24-008749-003/2024(H5N1)	1456	1590
PB2|PP755596.1|A/cattle/Texas/24-008749-003/2024(H5N1)	1457	1593
PB2|PP755596.1|A/cattle/Texas/24-008749-003/2024(H5N1)	1458	1604
PB2|PP755596.1|A/cattle/Texas/24-008749-003/2024(H5N1)	1459	1605
PB2|PP755596.1|A/cattle/Texas/24-008749-003/2024(H5N1)	1460	1599
PB2|PP755596.1|A/cattle/Texas/24-008749-003/2024(H5N1)	1461	1602
PB2|PP755596.1|A/cattle/Texas/24-008749-003/2024(H5N1)	1462	1572
PB2|PP755596.1|A/cattle/Texas/24-008749-003/2024(H5N1)	1463	1577
PB2|PP755596.1|A/cattle/Texas/24-008749-003/2024(H5N1)	1464	1813
PB2|PP755596.1|A/cattle/Texas/24-008749-003/2024(H5N1)	1465	1804
PB2|PP755596.1|A/cattle/Texas/24-008749-003/2024(H5N1)	1466	1837
PB2|PP755596.1|A/cattle/Texas/24-008749-003/2024(H5N1)	1467	1831
PB2|PP755596.1|A/cattle/Texas/24-008749-003/2024(H5N1)	1468	1825
PB2|PP755596.1|A/cattle/Texas/24-008749-003/2024(H5N1)	1469	1859
PB2|PP755596.1|A/cattle/Texas/24-008749-003/2024(H5N1)	1470	1866
PB2|PP755596.1|A/cattle/Texas/24-008749-003/2024(H5N1)	1471	1863
PB2|PP755596.1|A/cattle/Texas/24-008749-003/2024(H5N1)	1472	1854
PB2|PP755596.1|A/cattle/Texas/24-008749-003/2024(H5N1)	1473	1607
PB2|PP755596.1|A/cattle/Texas/24-008749-003/2024(H5N1)	1474	1619
PB2|PP755596.1|A/cattle/Texas/24-008749-003/2024(H5N1)	1475	1634
PB2|PP755596.1|A/cattle/Texas/24-008749-003/2024(H5N1)	1476	1623
PB2|PP755596.1|A/cattle/Texas/24-008749-003/2024(H5N1)	1477	1629
PB2|PP755596.1|A/cattle/Texas/24-008749-003/2024(H5N1)	1478	1641
PB2|PP755596.1|A/cattle/Texas/24-008749-003/2024(H5N1)	1479	1643
PB2|PP755596.1|A/cattle/Texas/24-008749-003/2024(H5N1)	1480	1648
PB2|PP755596.1|A/cattle/Texas/24-008749-003/2024(H5N1)	1481	1695
PB2|PP755596.1|A/cattle/Texas/24-008749-003/2024(H5N1)	1482	1694
PB2|PP755596.1|A/cattle/Texas/24-008749-003/2024(H5N1)	1483	1741
PB2|PP755596.1|A/cattle/Texas/24-008749-003/2024(H5N1)	1484	1740
PB2|PP755596.1|A/cattle/Texas/24-008749-003/2024(H5N1)	1485	1760
PB2|PP755596.1|A/cattle/Texas/24-008749-003/2024(H5N1)	1486	1763
PB2|PP755596.1|A/cattle/Texas/24-008749-003/2024(H5N1)	1487	1715
PB2|PP755596.1|A/cattle/Texas/24-008749-003/2024(H5N1)	1488	1714
PB2|PP755596.1|A/cattle/Texas/24-008749-003/2024(H5N1)	1489	1713
PB2|PP755596.1|A/cattle/Texas/24-008749-003/2024(H5N1)	1490	1717
PB2|PP755596.1|A/cattle/Texas/24-008749-003/2024(H5N1)	1491	1770
PB2|PP755596.1|A/cattle/Texas/24-008749-003/2024(H5N1)	1492	1723
PB2|PP755596.1|A/cattle/Texas/24-008749-003/2024(H5N1)	1493	1724
PB2|PP755596.1|A/cattle/Texas/24-008749-003/2024(H5N1)	1494	1701
PB2|PP755596.1|A/cattle/Texas/24-008749-003/2024(H5N1)	1495	1700
PB2|PP755596.1|A/cattle/Texas/24-008749-003/2024(H5N1)	1496	1793
PB2|PP755596.1|A/cattle/Texas/24-008749-003/2024(H5N1)	1497	1796
PB2|PP755596.1|A/cattle/Texas/24-008749-003/2024(H5N1)	1498	1794
PB2|PP755596.1|A/cattle/Texas/24-008749-003/2024(H5N1)	1499	1791
PB2|PP755596.1|A/cattle/Texas/24-008749-003/2024(H5N1)	1500	1811
PB2|PP755596.1|A/cattle/Texas/24-008749-003/2024(H5N1)	1501	1854
PB2|PP755596.1|A/cattle/Texas/24-008749-003/2024(H5N1)	1502	1848
PB2|PP755596.1|A/cattle/Texas/24-008749-003/2024(H5N1)	1503	1860
PB2|PP755596.1|A/cattle/Texas/24-008749-003/2024(H5N1)	1504	1863
PB2|PP755596.1|A/cattle/Texas/24-008749-003/2024(H5N1)	1505	1863
PB2|PP755596.1|A/cattle/Texas/24-008749-003/2024(H5N1)	1506	1867
PB2|PP755596.1|A/cattle/Texas/24-008749-003/2024(H5N1)	1507	1862
PB2|PP755596.1|A/cattle/Texas/24-008749-003/2024(H5N1)	1508	1852
PB2|PP755596.1|A/cattle/Texas/24-008749-003/2024(H5N1)	1509	1834
PB2|PP755596.1|A/cattle/Texas/24-008749-003/2024(H5N1)	1510	1838
PB2|PP755596.1|A/cattle/Texas/24-008749-003/2024(H5N1)	1511	1847
PB2|PP755596.1|A/cattle/Texas/24-008749-003/2024(H5N1)	1512	1845
PB2|PP755596.1|A/cattle/Texas/24-008749-003/2024(H5N1)	1513	1840
PB2|PP755596.1|A/cattle/Texas/24-008749-003/2024(H5N1)	1514	1839
PB2|PP755596.1|A/cattle/Texas/24-008749-003/2024(H5N1)	1515	1839
PB2|PP755596.1|A/cattle/Texas/24-008749-003/2024(H5N1)	1516	1840
PB2|PP755596.1|A/cattle/Texas/24-008749-003/2024(H5N1)	1517	1841
PB2|PP755596.1|A/cattle/Texas/24-008749-003/2024(H5N1)	1518	1849
PB2|PP755596.1|A/cattle/Texas/24-008749-003/2024(H5N1)	1519	1828
PB2|PP755596.1|A/cattle/Texas/24-008749-003/2024(H5N1)	1520	1825
PB2|PP755596.1|A/cattle/Texas/24-008749-003/2024(H5N1)	1521	1824
PB2|PP755596.1|A/cattle/Texas/24-008749-003/2024(H5N1)	1522	1815
PB2|PP755596.1|A/cattle/Texas/24-008749-003/2024(H5N1)	1523	1815
PB2|PP755596.1|A/cattle/Texas/24-008749-003/2024(H5N1)	1524	1820
PB2|PP755596.1|A/cattle/Texas/24-008749-003/2024(H5N1)	1525	1818
PB2|PP755596.1|A/cattle/Texas/24-008749-003/2024(H5N1)	1526	1826
PB2|PP755596.1|A/cattle/Texas/24-008749-003/2024(H5N1)	1527	1839
PB2|PP755596.1|A/cattle/Texas/24-008749-003/2024(H5N1)	1528	1831
PB2|PP755596.1|A/cattle/Texas/24-008749-003/2024(H5N1)	1529	1902
PB2|PP755596.1|A/cattle/Texas/24-008749-003/2024(H5N1)	1530	1896
PB2|PP755596.1|A/cattle/Texas/24-008749-003/2024(H5N1)	1531	1978
PB2|PP755596.1|A/cattle/Texas/24-008749-003/2024(H5N1)	1532	1972
PB2|PP755596.1|A/cattle/Texas/24-008749-003/2024(H5N1)	1533	1959
PB2|PP755596.1|A/cattle/Texas/24-008749-003/2024(H5N1)	1534	1924
PB2|PP755596.1|A/cattle/Texas/24-008749-003/2024(H5N1)	1535	1911
PB2|PP755596.1|A/cattle/Texas/24-008749-003/2024(H5N1)	1536	1927
PB2|PP755596.1|A/cattle/Texas/24-008749-003/2024(H5N1)	1537	1920
PB2|PP755596.1|A/cattle/Texas/24-008749-003/2024(H5N1)	1538	1855
PB2|PP755596.1|A/cattle/Texas/24-008749-003/2024(H5N1)	1539	1858
PB2|PP755596.1|A/cattle/Texas/24-008749-003/2024(H5N1)	1540	1747
PB2|PP755596.1|A/cattle/Texas/24-008749-003/2024(H5N1)	1541	1764
PB2|PP755596.1|A/cattle/Texas/24-008749-003/2024(H5N1)	1542	1768
PB2|PP755596.1|A/cattle/Texas/24-008749-003/2024(H5N1)	1543	1756
PB2|PP755596.1|A/cattle/Texas/24-008749-003/2024(H5N1)	1544	1756
PB2|PP755596.1|A/cattle/Texas/24-008749-003/2024(H5N1)	1545	1743
PB2|PP755596.1|A/cattle/Texas/24-008749-003/2024(H5N1)	1546	1751
PB2|PP755596.1|A/cattle/Texas/24-008749-003/2024(H5N1)	1547	1750
PB2|PP755596.1|A/cattle/Texas/24-008749-003/2024(H5N1)	1548	1720
PB2|PP755596.1|A/cattle/Texas/24-008749-003/2024(H5N1)	1549	1720
PB2|PP755596.1|A/cattle/Texas/24-008749-003/2024(H5N1)	1550	1735
PB2|PP755596.1|A/cattle/Texas/24-008749-003/2024(H5N1)	1551	1757
PB2|PP755596.1|A/cattle/Texas/24-008749-003/2024(H5N1)	1552	1761
PB2|PP755596.1|A/cattle/Texas/24-008749-003/2024(H5N1)	1553	1744
PB2|PP755596.1|A/cattle/Texas/24-008749-003/2024(H5N1)	1554	1740
PB2|PP755596.1|A/cattle/Texas/24-008749-003/2024(H5N1)	1555	1734
PB2|PP755596.1|A/cattle/Texas/24-008749-003/2024(H5N1)	1556	1741
PB2|PP755596.1|A/cattle/Texas/24-008749-003/2024(H5N1)	1557	1746
PB2|PP755596.1|A/cattle/Texas/24-008749-003/2024(H5N1)	1558	1745
PB2|PP755596.1|A/cattle/Texas/24-008749-003/2024(H5N1)	1559	1754
PB2|PP755596.1|A/cattle/Texas/24-008749-003/2024(H5N1)	1560	1725
PB2|PP755596.1|A/cattle/Texas/24-008749-003/2024(H5N1)	1561	1745
PB2|PP755596.1|A/cattle/Texas/24-008749-003/2024(H5N1)	1562	1748
PB2|PP755596.1|A/cattle/Texas/24-008749-003/2024(H5N1)	1563	1745
PB2|PP755596.1|A/cattle/Texas/24-008749-003/2024(H5N1)	1564	1749
PB2|PP755596.1|A/cattle/Texas/24-008749-003/2024(H5N1)	1565	1746
PB2|PP755596.1|A/cattle/Texas/24-008749-003/2024(H5N1)	1566	1744
PB2|PP755596.1|A/cattle/Texas/24-008749-003/2024(H5N1)	1567	1746
PB2|PP755596.1|A/cattle/Texas/24-008749-003/2024(H5N1)	1568	1831
PB2|PP755596.1|A/cattle/Texas/24-008749-003/2024(H5N1)	1569	1843
PB2|PP755596.1|A/cattle/Texas/24-008749-003/2024(H5N1)	1570	1826
PB2|PP755596.1|A/cattle/Texas/24-008749-003/2024(H5N1)	1571	1799
PB2|PP755596.1|A/cattle/Texas/24-008749-003/2024(H5N1)	1572	1786
PB2|PP755596.1|A/cattle/Texas/24-008749-003/2024(H5N1)	1573	1785
PB2|PP755596.1|A/cattle/Texas/24-008749-003/2024(H5N1)	1574	1809
PB2|PP755596.1|A/cattle/Texas/24-008749-003/2024(H5N1)	1575	1814
PB2|PP755596.1|A/cattle/Texas/24-008749-003/2024(H5N1)	1576	1821
PB2|PP755596.1|A/cattle/Texas/24-008749-003/2024(H5N1)	1577	1792
PB2|PP755596.1|A/cattle/Texas/24-008749-003/2024(H5N1)	1578	1797
PB2|PP755596.1|A/cattle/Texas/24-008749-003/2024(H5N1)	1579	1705
PB2|PP755596.1|A/cattle/Texas/24-008749-003/2024(H5N1)	1580	1712
PB2|PP755596.1|A/cattle/Texas/24-008749-003/2024(H5N1)	1581	1715
PB2|PP755596.1|A/cattle/Texas/24-008749-003/2024(H5N1)	1582	1717
PB2|PP755596.1|A/cattle/Texas/24-008749-003/2024(H5N1)	1583	1718
PB2|PP755596.1|A/cattle/Texas/24-008749-003/2024(H5N1)	1584	1720
PB2|PP755596.1|A/cattle/Texas/24-008749-003/2024(H5N1)	1585	1723
PB2|PP755596.1|A/cattle/Texas/24-008749-003/2024(H5N1)	1586	1750
PB2|PP755596.1|A/cattle/Texas/24-008749-003/2024(H5N1)	1587	1759
PB2|PP755596.1|A/cattle/Texas/24-008749-003/2024(H5N1)	1588	1766
PB2|PP755596.1|A/cattle/Texas/24-008749-003/2024(H5N1)	1589	1764
PB2|PP755596.1|A/cattle/Texas/24-008749-003/2024(H5N1)	1590	1754
PB2|PP755596.1|A/cattle/Texas/24-008749-003/2024(H5N1)	1591	1758
PB2|PP755596.1|A/cattle/Texas/24-008749-003/2024(H5N1)	1592	1756
PB2|PP755596.1|A/cattle/Texas/24-008749-003/2024(H5N1)	1593	1775
PB2|PP755596.1|A/cattle/Texas/24-008749-003/2024(H5N1)	1594	1769
PB2|PP755596.1|A/cattle/Texas/24-008749-003/2024(H5N1)	1595	1796
PB2|PP755596.1|A/cattle/Texas/24-008749-003/2024(H5N1)	1596	1782
PB2|PP755596.1|A/cattle/Texas/24-008749-003/2024(H5N1)	1597	1779
PB2|PP755596.1|A/cattle/Texas/24-008749-003/2024(H5N1)	1598	1786
PB2|PP755596.1|A/cattle/Texas/24-008749-003/2024(H5N1)	1599	1788
PB2|PP755596.1|A/cattle/Texas/24-008749-003/2024(H5N1)	1600	1807
PB2|PP755596.1|A/cattle/Texas/24-008749-003/2024(H5N1)	1601	1780
PB2|PP755596.1|A/cattle/Texas/24-008749-003/2024(H5N1)	1602	1771
PB2|PP755596.1|A/cattle/Texas/24-008749-003/2024(H5N1)	1603	1786
PB2|PP755596.1|A/cattle/Texas/24-008749-003/2024(H5N1)	1604	1794
PB2|PP755596.1|A/cattle/Texas/24-008749-003/2024(H5N1)	1605	1792
PB2|PP755596.1|A/cattle/Texas/24-008749-003/2024(H5N1)	1606	1794
PB2|PP755596.1|A/cattle/Texas/24-008749-003/2024(H5N1)	1607	1787
PB2|PP755596.1|A/cattle/Texas/24-008749-003/2024(H5N1)	1608	1791
PB2|PP755596.1|A/cattle/Texas/24-008749-003/2024(H5N1)	1609	1776
PB2|PP755596.1|A/cattle/Texas/24-008749-003/2024(H5N1)	1610	1770
PB2|PP755596.1|A/cattle/Texas/24-008749-003/2024(H5N1)	1611	1822
PB2|PP755596.1|A/cattle/Texas/24-008749-003/2024(H5N1)	1612	1820
PB2|PP755596.1|A/cattle/Texas/24-008749-003/2024(H5N1)	1613	1805
PB2|PP755596.1|A/cattle/Texas/24-008749-003/2024(H5N1)	1614	1817
PB2|PP755596.1|A/cattle/Texas/24-008749-003/2024(H5N1)	1615	1603
PB2|PP755596.1|A/cattle/Texas/24-008749-003/2024(H5N1)	1616	1603
PB2|PP755596.1|A/cattle/Texas/24-008749-003/2024(H5N1)	1617	1590
PB2|PP755596.1|A/cattle/Texas/24-008749-003/2024(H5N1)	1618	1585
PB2|PP755596.1|A/cattle/Texas/24-008749-003/2024(H5N1)	1619	1602
PB2|PP755596.1|A/cattle/Texas/24-008749-003/2024(H5N1)	1620	1574
PB2|PP755596.1|A/cattle/Texas/24-008749-003/2024(H5N1)	1621	1573
PB2|PP755596.1|A/cattle/Texas/24-008749-003/2024(H5N1)	1622	1627
PB2|PP755596.1|A/cattle/Texas/24-008749-003/2024(H5N1)	1623	1602
PB2|PP755596.1|A/cattle/Texas/24-008749-003/2024(H5N1)	1624	1602
PB2|PP755596.1|A/cattle/Texas/24-008749-003/2024(H5N1)	1625	1594
PB2|PP755596.1|A/cattle/Texas/24-008749-003/2024(H5N1)	1626	1728
PB2|PP755596.1|A/cattle/Texas/24-008749-003/2024(H5N1)	1627	1753
PB2|PP755596.1|A/cattle/Texas/24-008749-003/2024(H5N1)	1628	1767
PB2|PP755596.1|A/cattle/Texas/24-008749-003/2024(H5N1)	1629	1720
PB2|PP755596.1|A/cattle/Texas/24-008749-003/2024(H5N1)	1630	1728
PB2|PP755596.1|A/cattle/Texas/24-008749-003/2024(H5N1)	1631	1690
PB2|PP755596.1|A/cattle/Texas/24-008749-003/2024(H5N1)	1632	1692
PB2|PP755596.1|A/cattle/Texas/24-008749-003/2024(H5N1)	1633	1778
PB2|PP755596.1|A/cattle/Texas/24-008749-003/2024(H5N1)	1634	1741
PB2|PP755596.1|A/cattle/Texas/24-008749-003/2024(H5N1)	1635	1741
PB2|PP755596.1|A/cattle/Texas/24-008749-003/2024(H5N1)	1636	1712
PB2|PP755596.1|A/cattle/Texas/24-008749-003/2024(H5N1)	1637	1708
PB2|PP755596.1|A/cattle/Texas/24-008749-003/2024(H5N1)	1638	1834
PB2|PP755596.1|A/cattle/Texas/24-008749-003/2024(H5N1)	1639	1862
PB2|PP755596.1|A/cattle/Texas/24-008749-003/2024(H5N1)	1640	1870
PB2|PP755596.1|A/cattle/Texas/24-008749-003/2024(H5N1)	1641	1871
PB2|PP755596.1|A/cattle/Texas/24-008749-003/2024(H5N1)	1642	1818
PB2|PP755596.1|A/cattle/Texas/24-008749-003/2024(H5N1)	1643	1904
PB2|PP755596.1|A/cattle/Texas/24-008749-003/2024(H5N1)	1644	1904
PB2|PP755596.1|A/cattle/Texas/24-008749-003/2024(H5N1)	1645	1941
PB2|PP755596.1|A/cattle/Texas/24-008749-003/2024(H5N1)	1646	1949
PB2|PP755596.1|A/cattle/Texas/24-008749-003/2024(H5N1)	1647	1848
PB2|PP755596.1|A/cattle/Texas/24-008749-003/2024(H5N1)	1648	1851
PB2|PP755596.1|A/cattle/Texas/24-008749-003/2024(H5N1)	1649	1855
PB2|PP755596.1|A/cattle/Texas/24-008749-003/2024(H5N1)	1650	1856
PB2|PP755596.1|A/cattle/Texas/24-008749-003/2024(H5N1)	1651	1831
PB2|PP755596.1|A/cattle/Texas/24-008749-003/2024(H5N1)	1652	1787
PB2|PP755596.1|A/cattle/Texas/24-008749-003/2024(H5N1)	1653	1794
PB2|PP755596.1|A/cattle/Texas/24-008749-003/2024(H5N1)	1654	1817
PB2|PP755596.1|A/cattle/Texas/24-008749-003/2024(H5N1)	1655	1817
PB2|PP755596.1|A/cattle/Texas/24-008749-003/2024(H5N1)	1656	1829
PB2|PP755596.1|A/cattle/Texas/24-008749-003/2024(H5N1)	1657	1826
PB2|PP755596.1|A/cattle/Texas/24-008749-003/2024(H5N1)	1658	1826
PB2|PP755596.1|A/cattle/Texas/24-008749-003/2024(H5N1)	1659	1824
PB2|PP755596.1|A/cattle/Texas/24-008749-003/2024(H5N1)	1660	1835
PB2|PP755596.1|A/cattle/Texas/24-008749-003/2024(H5N1)	1661	1824
PB2|PP755596.1|A/cattle/Texas/24-008749-003/2024(H5N1)	1662	1813
PB2|PP755596.1|A/cattle/Texas/24-008749-003/2024(H5N1)	1663	1810
PB2|PP755596.1|A/cattle/Texas/24-008749-003/2024(H5N1)	1664	1814
PB2|PP755596.1|A/cattle/Texas/24-008749-003/2024(H5N1)	1665	1815
PB2|PP755596.1|A/cattle/Texas/24-008749-003/2024(H5N1)	1666	1822
PB2|PP755596.1|A/cattle/Texas/24-008749-003/2024(H5N1)	1667	1823
PB2|PP755596.1|A/cattle/Texas/24-008749-003/2024(H5N1)	1668	1831
PB2|PP755596.1|A/cattle/Texas/24-008749-003/2024(H5N1)	1669	1816
PB2|PP755596.1|A/cattle/Texas/24-008749-003/2024(H5N1)	1670	1823
PB2|PP755596.1|A/cattle/Texas/24-008749-003/2024(H5N1)	1671	1828
PB2|PP755596.1|A/cattle/Texas/24-008749-003/2024(H5N1)	1672	1826
PB2|PP755596.1|A/cattle/Texas/24-008749-003/2024(H5N1)	1673	1826
PB2|PP755596.1|A/cattle/Texas/24-008749-003/2024(H5N1)	1674	1838
PB2|PP755596.1|A/cattle/Texas/24-008749-003/2024(H5N1)	1675	1830
PB2|PP755596.1|A/cattle/Texas/24-008749-003/2024(H5N1)	1676	1764
PB2|PP755596.1|A/cattle/Texas/24-008749-003/2024(H5N1)	1677	1745
PB2|PP755596.1|A/cattle/Texas/24-008749-003/2024(H5N1)	1678	1748
PB2|PP755596.1|A/cattle/Texas/24-008749-003/2024(H5N1)	1679	1747
PB2|PP755596.1|A/cattle/Texas/24-008749-003/2024(H5N1)	1680	1747
PB2|PP755596.1|A/cattle/Texas/24-008749-003/2024(H5N1)	1681	1751
PB2|PP755596.1|A/cattle/Texas/24-008749-003/2024(H5N1)	1682	1658
PB2|PP755596.1|A/cattle/Texas/24-008749-003/2024(H5N1)	1683	1672
PB2|PP755596.1|A/cattle/Texas/24-008749-003/2024(H5N1)	1684	1683
PB2|PP755596.1|A/cattle/Texas/24-008749-003/2024(H5N1)	1685	1756
PB2|PP755596.1|A/cattle/Texas/24-008749-003/2024(H5N1)	1686	1754
PB2|PP755596.1|A/cattle/Texas/24-008749-003/2024(H5N1)	1687	1734
PB2|PP755596.1|A/cattle/Texas/24-008749-003/2024(H5N1)	1688	1734
PB2|PP755596.1|A/cattle/Texas/24-008749-003/2024(H5N1)	1689	1733
PB2|PP755596.1|A/cattle/Texas/24-008749-003/2024(H5N1)	1690	1740
PB2|PP755596.1|A/cattle/Texas/24-008749-003/2024(H5N1)	1691	1782
PB2|PP755596.1|A/cattle/Texas/24-008749-003/2024(H5N1)	1692	1767
PB2|PP755596.1|A/cattle/Texas/24-008749-003/2024(H5N1)	1693	1785
PB2|PP755596.1|A/cattle/Texas/24-008749-003/2024(H5N1)	1694	1791
PB2|PP755596.1|A/cattle/Texas/24-008749-003/2024(H5N1)	1695	1829
PB2|PP755596.1|A/cattle/Texas/24-008749-003/2024(H5N1)	1696	1830
PB2|PP755596.1|A/cattle/Texas/24-008749-003/2024(H5N1)	1697	1831
PB2|PP755596.1|A/cattle/Texas/24-008749-003/2024(H5N1)	1698	1835
PB2|PP755596.1|A/cattle/Texas/24-008749-003/2024(H5N1)	1699	1837
PB2|PP755596.1|A/cattle/Texas/24-008749-003/2024(H5N1)	1700	1818
PB2|PP755596.1|A/cattle/Texas/24-008749-003/2024(H5N1)	1701	1820
PB2|PP755596.1|A/cattle/Texas/24-008749-003/2024(H5N1)	1702	1813
PB2|PP755596.1|A/cattle/Texas/24-008749-003/2024(H5N1)	1703	1823
PB2|PP755596.1|A/cattle/Texas/24-008749-003/2024(H5N1)	1704	1820
PB2|PP755596.1|A/cattle/Texas/24-008749-003/2024(H5N1)	1705	1817
PB2|PP755596.1|A/cattle/Texas/24-008749-003/2024(H5N1)	1706	1810
PB2|PP755596.1|A/cattle/Texas/24-008749-003/2024(H5N1)	1707	1804
PB2|PP755596.1|A/cattle/Texas/24-008749-003/2024(H5N1)	1708	1859
PB2|PP755596.1|A/cattle/Texas/24-008749-003/2024(H5N1)	1709	1851
PB2|PP755596.1|A/cattle/Texas/24-008749-003/2024(H5N1)	1710	1859
PB2|PP755596.1|A/cattle/Texas/24-008749-003/2024(H5N1)	1711	1882
PB2|PP755596.1|A/cattle/Texas/24-008749-003/2024(H5N1)	1712	1875
PB2|PP755596.1|A/cattle/Texas/24-008749-003/2024(H5N1)	1713	1913
PB2|PP755596.1|A/cattle/Texas/24-008749-003/2024(H5N1)	1714	1909
PB2|PP755596.1|A/cattle/Texas/24-008749-003/2024(H5N1)	1715	1914
PB2|PP755596.1|A/cattle/Texas/24-008749-003/2024(H5N1)	1716	1915
PB2|PP755596.1|A/cattle/Texas/24-008749-003/2024(H5N1)	1717	1879
PB2|PP755596.1|A/cattle/Texas/24-008749-003/2024(H5N1)	1718	1898
PB2|PP755596.1|A/cattle/Texas/24-008749-003/2024(H5N1)	1719	1839
PB2|PP755596.1|A/cattle/Texas/24-008749-003/2024(H5N1)	1720	1839
PB2|PP755596.1|A/cattle/Texas/24-008749-003/2024(H5N1)	1721	1837
PB2|PP755596.1|A/cattle/Texas/24-008749-003/2024(H5N1)	1722	1806
PB2|PP755596.1|A/cattle/Texas/24-008749-003/2024(H5N1)	1723	1810
PB2|PP755596.1|A/cattle/Texas/24-008749-003/2024(H5N1)	1724	1804
PB2|PP755596.1|A/cattle/Texas/24-008749-003/2024(H5N1)	1725	1800
PB2|PP755596.1|A/cattle/Texas/24-008749-003/2024(H5N1)	1726	1799
PB2|PP755596.1|A/cattle/Texas/24-008749-003/2024(H5N1)	1727	1793
PB2|PP755596.1|A/cattle/Texas/24-008749-003/2024(H5N1)	1728	1822
PB2|PP755596.1|A/cattle/Texas/24-008749-003/2024(H5N1)	1729	1823
PB2|PP755596.1|A/cattle/Texas/24-008749-003/2024(H5N1)	1730	1819
PB2|PP755596.1|A/cattle/Texas/24-008749-003/2024(H5N1)	1731	1799
PB2|PP755596.1|A/cattle/Texas/24-008749-003/2024(H5N1)	1732	1795
PB2|PP755596.1|A/cattle/Texas/24-008749-003/2024(H5N1)	1733	1807
PB2|PP755596.1|A/cattle/Texas/24-008749-003/2024(H5N1)	1734	1807
PB2|PP755596.1|A/cattle/Texas/24-008749-003/2024(H5N1)	1735	1809
PB2|PP755596.1|A/cattle/Texas/24-008749-003/2024(H5N1)	1736	1797
PB2|PP755596.1|A/cattle/Texas/24-008749-003/2024(H5N1)	1737	1850
PB2|PP755596.1|A/cattle/Texas/24-008749-003/2024(H5N1)	1738	1847
PB2|PP755596.1|A/cattle/Texas/24-008749-003/2024(H5N1)	1739	1849
PB2|PP755596.1|A/cattle/Texas/24-008749-003/2024(H5N1)	1740	1845
PB2|PP755596.1|A/cattle/Texas/24-008749-003/2024(H5N1)	1741	1843
PB2|PP755596.1|A/cattle/Texas/24-008749-003/2024(H5N1)	1742	1846
PB2|PP755596.1|A/cattle/Texas/24-008749-003/2024(H5N1)	1743	1847
PB2|PP755596.1|A/cattle/Texas/24-008749-003/2024(H5N1)	1744	1854
PB2|PP755596.1|A/cattle/Texas/24-008749-003/2024(H5N1)	1745	1866
PB2|PP755596.1|A/cattle/Texas/24-008749-003/2024(H5N1)	1746	1824
PB2|PP755596.1|A/cattle/Texas/24-008749-003/2024(H5N1)	1747	1804
PB2|PP755596.1|A/cattle/Texas/24-008749-003/2024(H5N1)	1748	1804
PB2|PP755596.1|A/cattle/Texas/24-008749-003/2024(H5N1)	1749	1813
PB2|PP755596.1|A/cattle/Texas/24-008749-003/2024(H5N1)	1750	1850
PB2|PP755596.1|A/cattle/Texas/24-008749-003/2024(H5N1)	1751	1838
PB2|PP755596.1|A/cattle/Texas/24-008749-003/2024(H5N1)	1752	1920
PB2|PP755596.1|A/cattle/Texas/24-008749-003/2024(H5N1)	1753	1915
PB2|PP755596.1|A/cattle/Texas/24-008749-003/2024(H5N1)	1754	1899
PB2|PP755596.1|A/cattle/Texas/24-008749-003/2024(H5N1)	1755	1898
PB2|PP755596.1|A/cattle/Texas/24-008749-003/2024(H5N1)	1756	1916
PB2|PP755596.1|A/cattle/Texas/24-008749-003/2024(H5N1)	1757	1916
PB2|PP755596.1|A/cattle/Texas/24-008749-003/2024(H5N1)	1758	1907
PB2|PP755596.1|A/cattle/Texas/24-008749-003/2024(H5N1)	1759	1904
PB2|PP755596.1|A/cattle/Texas/24-008749-003/2024(H5N1)	1760	1900
PB2|PP755596.1|A/cattle/Texas/24-008749-003/2024(H5N1)	1761	1849
PB2|PP755596.1|A/cattle/Texas/24-008749-003/2024(H5N1)	1762	1860
PB2|PP755596.1|A/cattle/Texas/24-008749-003/2024(H5N1)	1763	1889
PB2|PP755596.1|A/cattle/Texas/24-008749-003/2024(H5N1)	1764	1870
PB2|PP755596.1|A/cattle/Texas/24-008749-003/2024(H5N1)	1765	1867
PB2|PP755596.1|A/cattle/Texas/24-008749-003/2024(H5N1)	1766	1878
PB2|PP755596.1|A/cattle/Texas/24-008749-003/2024(H5N1)	1767	1892
PB2|PP755596.1|A/cattle/Texas/24-008749-003/2024(H5N1)	1768	2093
PB2|PP755596.1|A/cattle/Texas/24-008749-003/2024(H5N1)	1769	2115
PB2|PP755596.1|A/cattle/Texas/24-008749-003/2024(H5N1)	1770	2103
PB2|PP755596.1|A/cattle/Texas/24-008749-003/2024(H5N1)	1771	2101
PB2|PP755596.1|A/cattle/Texas/24-008749-003/2024(H5N1)	1772	2117
PB2|PP755596.1|A/cattle/Texas/24-008749-003/2024(H5N1)	1773	2113
PB2|PP755596.1|A/cattle/Texas/24-008749-003/2024(H5N1)	1774	2126
PB2|PP755596.1|A/cattle/Texas/24-008749-003/2024(H5N1)	1775	2116
PB2|PP755596.1|A/cattle/Texas/24-008749-003/2024(H5N1)	1776	2132
PB2|PP755596.1|A/cattle/Texas/24-008749-003/2024(H5N1)	1777	1931
PB2|PP755596.1|A/cattle/Texas/24-008749-003/2024(H5N1)	1778	1928
PB2|PP755596.1|A/cattle/Texas/24-008749-003/2024(H5N1)	1779	1923
PB2|PP755596.1|A/cattle/Texas/24-008749-003/2024(H5N1)	1780	1937
PB2|PP755596.1|A/cattle/Texas/24-008749-003/2024(H5N1)	1781	1942
PB2|PP755596.1|A/cattle/Texas/24-008749-003/2024(H5N1)	1782	1927
PB2|PP755596.1|A/cattle/Texas/24-008749-003/2024(H5N1)	1783	1956
PB2|PP755596.1|A/cattle/Texas/24-008749-003/2024(H5N1)	1784	1919
PB2|PP755596.1|A/cattle/Texas/24-008749-003/2024(H5N1)	1785	1930
PB2|PP755596.1|A/cattle/Texas/24-008749-003/2024(H5N1)	1786	1927
PB2|PP755596.1|A/cattle/Texas/24-008749-003/2024(H5N1)	1787	1929
PB2|PP755596.1|A/cattle/Texas/24-008749-003/2024(H5N1)	1788	1929
PB2|PP755596.1|A/cattle/Texas/24-008749-003/2024(H5N1)	1789	1825
PB2|PP755596.1|A/cattle/Texas/24-008749-003/2024(H5N1)	1790	1825
PB2|PP755596.1|A/cattle/Texas/24-008749-003/2024(H5N1)	1791	1823
PB2|PP755596.1|A/cattle/Texas/24-008749-003/2024(H5N1)	1792	1851
PB2|PP755596.1|A/cattle/Texas/24-008749-003/2024(H5N1)	1793	1815
PB2|PP755596.1|A/cattle/Texas/24-008749-003/2024(H5N1)	1794	1797
PB2|PP755596.1|A/cattle/Texas/24-008749-003/2024(H5N1)	1795	1821
PB2|PP755596.1|A/cattle/Texas/24-008749-003/2024(H5N1)	1796	1817
PB2|PP755596.1|A/cattle/Texas/24-008749-003/2024(H5N1)	1797	1838
PB2|PP755596.1|A/cattle/Texas/24-008749-003/2024(H5N1)	1798	1841
PB2|PP755596.1|A/cattle/Texas/24-008749-003/2024(H5N1)	1799	1839
PB2|PP755596.1|A/cattle/Texas/24-008749-003/2024(H5N1)	1800	1838
PB2|PP755596.1|A/cattle/Texas/24-008749-003/2024(H5N1)	1801	1838
PB2|PP755596.1|A/cattle/Texas/24-008749-003/2024(H5N1)	1802	1816
PB2|PP755596.1|A/cattle/Texas/24-008749-003/2024(H5N1)	1803	1817
PB2|PP755596.1|A/cattle/Texas/24-008749-003/2024(H5N1)	1804	1837
PB2|PP755596.1|A/cattle/Texas/24-008749-003/2024(H5N1)	1805	1822
PB2|PP755596.1|A/cattle/Texas/24-008749-003/2024(H5N1)	1806	1807
PB2|PP755596.1|A/cattle/Texas/24-008749-003/2024(H5N1)	1807	1809
PB2|PP755596.1|A/cattle/Texas/24-008749-003/2024(H5N1)	1808	1826
PB2|PP755596.1|A/cattle/Texas/24-008749-003/2024(H5N1)	1809	1828
PB2|PP755596.1|A/cattle/Texas/24-008749-003/2024(H5N1)	1810	1827
PB2|PP755596.1|A/cattle/Texas/24-008749-003/2024(H5N1)	1811	1837
PB2|PP755596.1|A/cattle/Texas/24-008749-003/2024(H5N1)	1812	1845
PB2|PP755596.1|A/cattle/Texas/24-008749-003/2024(H5N1)	1813	1853
PB2|PP755596.1|A/cattle/Texas/24-008749-003/2024(H5N1)	1814	1889
PB2|PP755596.1|A/cattle/Texas/24-008749-003/2024(H5N1)	1815	1887
PB2|PP755596.1|A/cattle/Texas/24-008749-003/2024(H5N1)	1816	1903
PB2|PP755596.1|A/cattle/Texas/24-008749-003/2024(H5N1)	1817	1901
PB2|PP755596.1|A/cattle/Texas/24-008749-003/2024(H5N1)	1818	1929
PB2|PP755596.1|A/cattle/Texas/24-008749-003/2024(H5N1)	1819	1917
PB2|PP755596.1|A/cattle/Texas/24-008749-003/2024(H5N1)	1820	1907
PB2|PP755596.1|A/cattle/Texas/24-008749-003/2024(H5N1)	1821	1969
PB2|PP755596.1|A/cattle/Texas/24-008749-003/2024(H5N1)	1822	1969
PB2|PP755596.1|A/cattle/Texas/24-008749-003/2024(H5N1)	1823	1972
PB2|PP755596.1|A/cattle/Texas/24-008749-003/2024(H5N1)	1824	1980
PB2|PP755596.1|A/cattle/Texas/24-008749-003/2024(H5N1)	1825	1978
PB2|PP755596.1|A/cattle/Texas/24-008749-003/2024(H5N1)	1826	1992
PB2|PP755596.1|A/cattle/Texas/24-008749-003/2024(H5N1)	1827	2083
PB2|PP755596.1|A/cattle/Texas/24-008749-003/2024(H5N1)	1828	2103
PB2|PP755596.1|A/cattle/Texas/24-008749-003/2024(H5N1)	1829	2104
PB2|PP755596.1|A/cattle/Texas/24-008749-003/2024(H5N1)	1830	2112
PB2|PP755596.1|A/cattle/Texas/24-008749-003/2024(H5N1)	1831	2112
PB2|PP755596.1|A/cattle/Texas/24-008749-003/2024(H5N1)	1832	2162
PB2|PP755596.1|A/cattle/Texas/24-008749-003/2024(H5N1)	1833	2165
PB2|PP755596.1|A/cattle/Texas/24-008749-003/2024(H5N1)	1834	2151
PB2|PP755596.1|A/cattle/Texas/24-008749-003/2024(H5N1)	1835	2150
PB2|PP755596.1|A/cattle/Texas/24-008749-003/2024(H5N1)	1836	2059
PB2|PP755596.1|A/cattle/Texas/24-008749-003/2024(H5N1)	1837	2130
PB2|PP755596.1|A/cattle/Texas/24-008749-003/2024(H5N1)	1838	2132
PB2|PP755596.1|A/cattle/Texas/24-008749-003/2024(H5N1)	1839	2146
PB2|PP755596.1|A/cattle/Texas/24-008749-003/2024(H5N1)	1840	2146
PB2|PP755596.1|A/cattle/Texas/24-008749-003/2024(H5N1)	1841	2132
PB2|PP755596.1|A/cattle/Texas/24-008749-003/2024(H5N1)	1842	2116
PB2|PP755596.1|A/cattle/Texas/24-008749-003/2024(H5N1)	1843	2146
PB2|PP755596.1|A/cattle/Texas/24-008749-003/2024(H5N1)	1844	2155
PB2|PP755596.1|A/cattle/Texas/24-008749-003/2024(H5N1)	1845	2148
PB2|PP755596.1|A/cattle/Texas/24-008749-003/2024(H5N1)	1846	2110
PB2|PP755596.1|A/cattle/Texas/24-008749-003/2024(H5N1)	1847	2116
PB2|PP755596.1|A/cattle/Texas/24-008749-003/2024(H5N1)	1848	2115
PB2|PP755596.1|A/cattle/Texas/24-008749-003/2024(H5N1)	1849	2148
PB2|PP755596.1|A/cattle/Texas/24-008749-003/2024(H5N1)	1850	2157
PB2|PP755596.1|A/cattle/Texas/24-008749-003/2024(H5N1)	1851	2143
PB2|PP755596.1|A/cattle/Texas/24-008749-003/2024(H5N1)	1852	2157
PB2|PP755596.1|A/cattle/Texas/24-008749-003/2024(H5N1)	1853	2121
PB2|PP755596.1|A/cattle/Texas/24-008749-003/2024(H5N1)	1854	2123
PB2|PP755596.1|A/cattle/Texas/24-008749-003/2024(H5N1)	1855	2122
PB2|PP755596.1|A/cattle/Texas/24-008749-003/2024(H5N1)	1856	2121
PB2|PP755596.1|A/cattle/Texas/24-008749-003/2024(H5N1)	1857	2165
PB2|PP755596.1|A/cattle/Texas/24-008749-003/2024(H5N1)	1858	2120
PB2|PP755596.1|A/cattle/Texas/24-008749-003/2024(H5N1)	1859	2131
PB2|PP755596.1|A/cattle/Texas/24-008749-003/2024(H5N1)	1860	2123
PB2|PP755596.1|A/cattle/Texas/24-008749-003/2024(H5N1)	1861	2093
PB2|PP755596.1|A/cattle/Texas/24-008749-003/2024(H5N1)	1862	2094
PB2|PP755596.1|A/cattle/Texas/24-008749-003/2024(H5N1)	1863	2091
PB2|PP755596.1|A/cattle/Texas/24-008749-003/2024(H5N1)	1864	2047
PB2|PP755596.1|A/cattle/Texas/24-008749-003/2024(H5N1)	1865	2054
PB2|PP755596.1|A/cattle/Texas/24-008749-003/2024(H5N1)	1866	2044
PB2|PP755596.1|A/cattle/Texas/24-008749-003/2024(H5N1)	1867	2052
PB2|PP755596.1|A/cattle/Texas/24-008749-003/2024(H5N1)	1868	2044
PB2|PP755596.1|A/cattle/Texas/24-008749-003/2024(H5N1)	1869	2047
PB2|PP755596.1|A/cattle/Texas/24-008749-003/2024(H5N1)	1870	2056
PB2|PP755596.1|A/cattle/Texas/24-008749-003/2024(H5N1)	1871	2057
PB2|PP755596.1|A/cattle/Texas/24-008749-003/2024(H5N1)	1872	2056
PB2|PP755596.1|A/cattle/Texas/24-008749-003/2024(H5N1)	1873	2082
PB2|PP755596.1|A/cattle/Texas/24-008749-003/2024(H5N1)	1874	2079
PB2|PP755596.1|A/cattle/Texas/24-008749-003/2024(H5N1)	1875	2092
PB2|PP755596.1|A/cattle/Texas/24-008749-003/2024(H5N1)	1876	2088
PB2|PP755596.1|A/cattle/Texas/24-008749-003/2024(H5N1)	1877	2089
PB2|PP755596.1|A/cattle/Texas/24-008749-003/2024(H5N1)	1878	2091
PB2|PP755596.1|A/cattle/Texas/24-008749-003/2024(H5N1)	1879	2098
PB2|PP755596.1|A/cattle/Texas/24-008749-003/2024(H5N1)	1880	2098
PB2|PP755596.1|A/cattle/Texas/24-008749-003/2024(H5N1)	1881	2103
PB2|PP755596.1|A/cattle/Texas/24-008749-003/2024(H5N1)	1882	2104
PB2|PP755596.1|A/cattle/Texas/24-008749-003/2024(H5N1)	1883	2095
PB2|PP755596.1|A/cattle/Texas/24-008749-003/2024(H5N1)	1884	2101
PB2|PP755596.1|A/cattle/Texas/24-008749-003/2024(H5N1)	1885	2098
PB2|PP755596.1|A/cattle/Texas/24-008749-003/2024(H5N1)	1886	2113
PB2|PP755596.1|A/cattle/Texas/24-008749-003/2024(H5N1)	1887	2122
PB2|PP755596.1|A/cattle/Texas/24-008749-003/2024(H5N1)	1888	2048
PB2|PP755596.1|A/cattle/Texas/24-008749-003/2024(H5N1)	1889	2043
PB2|PP755596.1|A/cattle/Texas/24-008749-003/2024(H5N1)	1890	2037
PB2|PP755596.1|A/cattle/Texas/24-008749-003/2024(H5N1)	1891	2098
PB2|PP755596.1|A/cattle/Texas/24-008749-003/2024(H5N1)	1892	2101
PB2|PP755596.1|A/cattle/Texas/24-008749-003/2024(H5N1)	1893	2091
PB2|PP755596.1|A/cattle/Texas/24-008749-003/2024(H5N1)	1894	2107
PB2|PP755596.1|A/cattle/Texas/24-008749-003/2024(H5N1)	1895	2087
PB2|PP755596.1|A/cattle/Texas/24-008749-003/2024(H5N1)	1896	2130
PB2|PP755596.1|A/cattle/Texas/24-008749-003/2024(H5N1)	1897	2128
PB2|PP755596.1|A/cattle/Texas/24-008749-003/2024(H5N1)	1898	2152
PB2|PP755596.1|A/cattle/Texas/24-008749-003/2024(H5N1)	1899	2144
PB2|PP755596.1|A/cattle/Texas/24-008749-003/2024(H5N1)	1900	2111
PB2|PP755596.1|A/cattle/Texas/24-008749-003/2024(H5N1)	1901	2125
PB2|PP755596.1|A/cattle/Texas/24-008749-003/2024(H5N1)	1902	2063
PB2|PP755596.1|A/cattle/Texas/24-008749-003/2024(H5N1)	1903	2047
PB2|PP755596.1|A/cattle/Texas/24-008749-003/2024(H5N1)	1904	2062
PB2|PP755596.1|A/cattle/Texas/24-008749-003/2024(H5N1)	1905	2045
PB2|PP755596.1|A/cattle/Texas/24-008749-003/2024(H5N1)	1906	2075
PB2|PP755596.1|A/cattle/Texas/24-008749-003/2024(H5N1)	1907	2042
PB2|PP755596.1|A/cattle/Texas/24-008749-003/2024(H5N1)	1908	2052
PB2|PP755596.1|A/cattle/Texas/24-008749-003/2024(H5N1)	1909	2073
PB2|PP755596.1|A/cattle/Texas/24-008749-003/2024(H5N1)	1910	2090
PB2|PP755596.1|A/cattle/Texas/24-008749-003/2024(H5N1)	1911	2100
PB2|PP755596.1|A/cattle/Texas/24-008749-003/2024(H5N1)	1912	2112
PB2|PP755596.1|A/cattle/Texas/24-008749-003/2024(H5N1)	1913	2085
PB2|PP755596.1|A/cattle/Texas/24-008749-003/2024(H5N1)	1914	2097
PB2|PP755596.1|A/cattle/Texas/24-008749-003/2024(H5N1)	1915	2106
PB2|PP755596.1|A/cattle/Texas/24-008749-003/2024(H5N1)	1916	2110
PB2|PP755596.1|A/cattle/Texas/24-008749-003/2024(H5N1)	1917	2106
PB2|PP755596.1|A/cattle/Texas/24-008749-003/2024(H5N1)	1918	2106
PB2|PP755596.1|A/cattle/Texas/24-008749-003/2024(H5N1)	1919	2009
PB2|PP755596.1|A/cattle/Texas/24-008749-003/2024(H5N1)	1920	2018
PB2|PP755596.1|A/cattle/Texas/24-008749-003/2024(H5N1)	1921	2006
PB2|PP755596.1|A/cattle/Texas/24-008749-003/2024(H5N1)	1922	2005
PB2|PP755596.1|A/cattle/Texas/24-008749-003/2024(H5N1)	1923	1990
PB2|PP755596.1|A/cattle/Texas/24-008749-003/2024(H5N1)	1924	1957
PB2|PP755596.1|A/cattle/Texas/24-008749-003/2024(H5N1)	1925	2018
PB2|PP755596.1|A/cattle/Texas/24-008749-003/2024(H5N1)	1926	2042
PB2|PP755596.1|A/cattle/Texas/24-008749-003/2024(H5N1)	1927	2032
PB2|PP755596.1|A/cattle/Texas/24-008749-003/2024(H5N1)	1928	2029
PB2|PP755596.1|A/cattle/Texas/24-008749-003/2024(H5N1)	1929	2037
PB2|PP755596.1|A/cattle/Texas/24-008749-003/2024(H5N1)	1930	2064
PB2|PP755596.1|A/cattle/Texas/24-008749-003/2024(H5N1)	1931	2046
PB2|PP755596.1|A/cattle/Texas/24-008749-003/2024(H5N1)	1932	2042
PB2|PP755596.1|A/cattle/Texas/24-008749-003/2024(H5N1)	1933	2033
PB2|PP755596.1|A/cattle/Texas/24-008749-003/2024(H5N1)	1934	1999
PB2|PP755596.1|A/cattle/Texas/24-008749-003/2024(H5N1)	1935	2000
PB2|PP755596.1|A/cattle/Texas/24-008749-003/2024(H5N1)	1936	1990
PB2|PP755596.1|A/cattle/Texas/24-008749-003/2024(H5N1)	1937	2021
PB2|PP755596.1|A/cattle/Texas/24-008749-003/2024(H5N1)	1938	2022
PB2|PP755596.1|A/cattle/Texas/24-008749-003/2024(H5N1)	1939	2026
PB2|PP755596.1|A/cattle/Texas/24-008749-003/2024(H5N1)	1940	2027
PB2|PP755596.1|A/cattle/Texas/24-008749-003/2024(H5N1)	1941	2029
PB2|PP755596.1|A/cattle/Texas/24-008749-003/2024(H5N1)	1942	2009
PB2|PP755596.1|A/cattle/Texas/24-008749-003/2024(H5N1)	1943	1972
PB2|PP755596.1|A/cattle/Texas/24-008749-003/2024(H5N1)	1944	2006
PB2|PP755596.1|A/cattle/Texas/24-008749-003/2024(H5N1)	1945	1995
PB2|PP755596.1|A/cattle/Texas/24-008749-003/2024(H5N1)	1946	1945
PB2|PP755596.1|A/cattle/Texas/24-008749-003/2024(H5N1)	1947	1945
PB2|PP755596.1|A/cattle/Texas/24-008749-003/2024(H5N1)	1948	1924
PB2|PP755596.1|A/cattle/Texas/24-008749-003/2024(H5N1)	1949	1922
PB2|PP755596.1|A/cattle/Texas/24-008749-003/2024(H5N1)	1950	1924
PB2|PP755596.1|A/cattle/Texas/24-008749-003/2024(H5N1)	1951	1928
PB2|PP755596.1|A/cattle/Texas/24-008749-003/2024(H5N1)	1952	1926
PB2|PP755596.1|A/cattle/Texas/24-008749-003/2024(H5N1)	1953	1892
PB2|PP755596.1|A/cattle/Texas/24-008749-003/2024(H5N1)	1954	1881
PB2|PP755596.1|A/cattle/Texas/24-008749-003/2024(H5N1)	1955	1908
PB2|PP755596.1|A/cattle/Texas/24-008749-003/2024(H5N1)	1956	1928
PB2|PP755596.1|A/cattle/Texas/24-008749-003/2024(H5N1)	1957	1929
PB2|PP755596.1|A/cattle/Texas/24-008749-003/2024(H5N1)	1958	1940
PB2|PP755596.1|A/cattle/Texas/24-008749-003/2024(H5N1)	1959	1936
PB2|PP755596.1|A/cattle/Texas/24-008749-003/2024(H5N1)	1960	1930
PB2|PP755596.1|A/cattle/Texas/24-008749-003/2024(H5N1)	1961	1922
PB2|PP755596.1|A/cattle/Texas/24-008749-003/2024(H5N1)	1962	1917
PB2|PP755596.1|A/cattle/Texas/24-008749-003/2024(H5N1)	1963	1984
PB2|PP755596.1|A/cattle/Texas/24-008749-003/2024(H5N1)	1964	1954
PB2|PP755596.1|A/cattle/Texas/24-008749-003/2024(H5N1)	1965	1970
PB2|PP755596.1|A/cattle/Texas/24-008749-003/2024(H5N1)	1966	2000
PB2|PP755596.1|A/cattle/Texas/24-008749-003/2024(H5N1)	1967	1988
PB2|PP755596.1|A/cattle/Texas/24-008749-003/2024(H5N1)	1968	1965
PB2|PP755596.1|A/cattle/Texas/24-008749-003/2024(H5N1)	1969	1962
PB2|PP755596.1|A/cattle/Texas/24-008749-003/2024(H5N1)	1970	1979
PB2|PP755596.1|A/cattle/Texas/24-008749-003/2024(H5N1)	1971	1977
PB2|PP755596.1|A/cattle/Texas/24-008749-003/2024(H5N1)	1972	2134
PB2|PP755596.1|A/cattle/Texas/24-008749-003/2024(H5N1)	1973	2143
PB2|PP755596.1|A/cattle/Texas/24-008749-003/2024(H5N1)	1974	2164
PB2|PP755596.1|A/cattle/Texas/24-008749-003/2024(H5N1)	1975	2175
PB2|PP755596.1|A/cattle/Texas/24-008749-003/2024(H5N1)	1976	2165
PB2|PP755596.1|A/cattle/Texas/24-008749-003/2024(H5N1)	1977	2116
PB2|PP755596.1|A/cattle/Texas/24-008749-003/2024(H5N1)	1978	2104
PB2|PP755596.1|A/cattle/Texas/24-008749-003/2024(H5N1)	1979	2085
PB2|PP755596.1|A/cattle/Texas/24-008749-003/2024(H5N1)	1980	2091
PB2|PP755596.1|A/cattle/Texas/24-008749-003/2024(H5N1)	1981	2114
PB2|PP755596.1|A/cattle/Texas/24-008749-003/2024(H5N1)	1982	2123
PB2|PP755596.1|A/cattle/Texas/24-008749-003/2024(H5N1)	1983	2099
PB2|PP755596.1|A/cattle/Texas/24-008749-003/2024(H5N1)	1984	2141
PB2|PP755596.1|A/cattle/Texas/24-008749-003/2024(H5N1)	1985	2144
PB2|PP755596.1|A/cattle/Texas/24-008749-003/2024(H5N1)	1986	2144
PB2|PP755596.1|A/cattle/Texas/24-008749-003/2024(H5N1)	1987	2177
PB2|PP755596.1|A/cattle/Texas/24-008749-003/2024(H5N1)	1988	2115
PB2|PP755596.1|A/cattle/Texas/24-008749-003/2024(H5N1)	1989	2125
PB2|PP755596.1|A/cattle/Texas/24-008749-003/2024(H5N1)	1990	2116
PB2|PP755596.1|A/cattle/Texas/24-008749-003/2024(H5N1)	1991	2165
PB2|PP755596.1|A/cattle/Texas/24-008749-003/2024(H5N1)	1992	2175
PB2|PP755596.1|A/cattle/Texas/24-008749-003/2024(H5N1)	1993	2144
PB2|PP755596.1|A/cattle/Texas/24-008749-003/2024(H5N1)	1994	2149
PB2|PP755596.1|A/cattle/Texas/24-008749-003/2024(H5N1)	1995	2150
PB2|PP755596.1|A/cattle/Texas/24-008749-003/2024(H5N1)	1996	2150
PB2|PP755596.1|A/cattle/Texas/24-008749-003/2024(H5N1)	1997	2147
PB2|PP755596.1|A/cattle/Texas/24-008749-003/2024(H5N1)	1998	2136
PB2|PP755596.1|A/cattle/Texas/24-008749-003/2024(H5N1)	1999	2232
PB2|PP755596.1|A/cattle/Texas/24-008749-003/2024(H5N1)	2000	2208
PB2|PP755596.1|A/cattle/Texas/24-008749-003/2024(H5N1)	2001	2199
PB2|PP755596.1|A/cattle/Texas/24-008749-003/2024(H5N1)	2002	2211
PB2|PP755596.1|A/cattle/Texas/24-008749-003/2024(H5N1)	2003	2202
PB2|PP755596.1|A/cattle/Texas/24-008749-003/2024(H5N1)	2004	2209
PB2|PP755596.1|A/cattle/Texas/24-008749-003/2024(H5N1)	2005	2210
PB2|PP755596.1|A/cattle/Texas/24-008749-003/2024(H5N1)	2006	2211
PB2|PP755596.1|A/cattle/Texas/24-008749-003/2024(H5N1)	2007	2214
PB2|PP755596.1|A/cattle/Texas/24-008749-003/2024(H5N1)	2008	2169
PB2|PP755596.1|A/cattle/Texas/24-008749-003/2024(H5N1)	2009	2165
PB2|PP755596.1|A/cattle/Texas/24-008749-003/2024(H5N1)	2010	2159
PB2|PP755596.1|A/cattle/Texas/24-008749-003/2024(H5N1)	2011	2161
PB2|PP755596.1|A/cattle/Texas/24-008749-003/2024(H5N1)	2012	2187
PB2|PP755596.1|A/cattle/Texas/24-008749-003/2024(H5N1)	2013	2184
PB2|PP755596.1|A/cattle/Texas/24-008749-003/2024(H5N1)	2014	2184
PB2|PP755596.1|A/cattle/Texas/24-008749-003/2024(H5N1)	2015	2219
PB2|PP755596.1|A/cattle/Texas/24-008749-003/2024(H5N1)	2016	2214
PB2|PP755596.1|A/cattle/Texas/24-008749-003/2024(H5N1)	2017	2229
PB2|PP755596.1|A/cattle/Texas/24-008749-003/2024(H5N1)	2018	2249
PB2|PP755596.1|A/cattle/Texas/24-008749-003/2024(H5N1)	2019	2242
PB2|PP755596.1|A/cattle/Texas/24-008749-003/2024(H5N1)	2020	2248
PB2|PP755596.1|A/cattle/Texas/24-008749-003/2024(H5N1)	2021	2278
PB2|PP755596.1|A/cattle/Texas/24-008749-003/2024(H5N1)	2022	2275
PB2|PP755596.1|A/cattle/Texas/24-008749-003/2024(H5N1)	2023	2283
PB2|PP755596.1|A/cattle/Texas/24-008749-003/2024(H5N1)	2024	2255
PB2|PP755596.1|A/cattle/Texas/24-008749-003/2024(H5N1)	2025	2258
PB2|PP755596.1|A/cattle/Texas/24-008749-003/2024(H5N1)	2026	2242
PB2|PP755596.1|A/cattle/Texas/24-008749-003/2024(H5N1)	2027	2259
PB2|PP755596.1|A/cattle/Texas/24-008749-003/2024(H5N1)	2028	2263
PB2|PP755596.1|A/cattle/Texas/24-008749-003/2024(H5N1)	2029	2249
PB2|PP755596.1|A/cattle/Texas/24-008749-003/2024(H5N1)	2030	2236
PB2|PP755596.1|A/cattle/Texas/24-008749-003/2024(H5N1)	2031	2234
PB2|PP755596.1|A/cattle/Texas/24-008749-003/2024(H5N1)	2032	2229
PB2|PP755596.1|A/cattle/Texas/24-008749-003/2024(H5N1)	2033	2248
PB2|PP755596.1|A/cattle/Texas/24-008749-003/2024(H5N1)	2034	2239
PB2|PP755596.1|A/cattle/Texas/24-008749-003/2024(H5N1)	2035	2231
PB2|PP755596.1|A/cattle/Texas/24-008749-003/2024(H5N1)	2036	2204
PB2|PP755596.1|A/cattle/Texas/24-008749-003/2024(H5N1)	2037	2199
PB2|PP755596.1|A/cattle/Texas/24-008749-003/2024(H5N1)	2038	2233
PB2|PP755596.1|A/cattle/Texas/24-008749-003/2024(H5N1)	2039	2255
PB2|PP755596.1|A/cattle/Texas/24-008749-003/2024(H5N1)	2040	2250
PB2|PP755596.1|A/cattle/Texas/24-008749-003/2024(H5N1)	2041	2248
PB2|PP755596.1|A/cattle/Texas/24-008749-003/2024(H5N1)	2042	2197
PB2|PP755596.1|A/cattle/Texas/24-008749-003/2024(H5N1)	2043	2194
PB2|PP755596.1|A/cattle/Texas/24-008749-003/2024(H5N1)	2044	2205
PB2|PP755596.1|A/cattle/Texas/24-008749-003/2024(H5N1)	2045	2212
PB2|PP755596.1|A/cattle/Texas/24-008749-003/2024(H5N1)	2046	2254
PB2|PP755596.1|A/cattle/Texas/24-008749-003/2024(H5N1)	2047	2211
PB2|PP755596.1|A/cattle/Texas/24-008749-003/2024(H5N1)	2048	2214
PB2|PP755596.1|A/cattle/Texas/24-008749-003/2024(H5N1)	2049	2214
PB2|PP755596.1|A/cattle/Texas/24-008749-003/2024(H5N1)	2050	2234
PB2|PP755596.1|A/cattle/Texas/24-008749-003/2024(H5N1)	2051	2270
PB2|PP755596.1|A/cattle/Texas/24-008749-003/2024(H5N1)	2052	2292
PB2|PP755596.1|A/cattle/Texas/24-008749-003/2024(H5N1)	2053	2317
PB2|PP755596.1|A/cattle/Texas/24-008749-003/2024(H5N1)	2054	2340
PB2|PP755596.1|A/cattle/Texas/24-008749-003/2024(H5N1)	2055	2331
PB2|PP755596.1|A/cattle/Texas/24-008749-003/2024(H5N1)	2056	2334
PB2|PP755596.1|A/cattle/Texas/24-008749-003/2024(H5N1)	2057	2340
PB2|PP755596.1|A/cattle/Texas/24-008749-003/2024(H5N1)	2058	2344
PB2|PP755596.1|A/cattle/Texas/24-008749-003/2024(H5N1)	2059	2328
PB2|PP755596.1|A/cattle/Texas/24-008749-003/2024(H5N1)	2060	2307
PB2|PP755596.1|A/cattle/Texas/24-008749-003/2024(H5N1)	2061	2303
PB2|PP755596.1|A/cattle/Texas/24-008749-003/2024(H5N1)	2062	2256
PB2|PP755596.1|A/cattle/Texas/24-008749-003/2024(H5N1)	2063	2219
PB2|PP755596.1|A/cattle/Texas/24-008749-003/2024(H5N1)	2064	2214
PB2|PP755596.1|A/cattle/Texas/24-008749-003/2024(H5N1)	2065	2212
PB2|PP755596.1|A/cattle/Texas/24-008749-003/2024(H5N1)	2066	2189
PB2|PP755596.1|A/cattle/Texas/24-008749-003/2024(H5N1)	2067	2176
PB2|PP755596.1|A/cattle/Texas/24-008749-003/2024(H5N1)	2068	2212
PB2|PP755596.1|A/cattle/Texas/24-008749-003/2024(H5N1)	2069	2200
PB2|PP755596.1|A/cattle/Texas/24-008749-003/2024(H5N1)	2070	2201
PB2|PP755596.1|A/cattle/Texas/24-008749-003/2024(H5N1)	2071	2200
PB2|PP755596.1|A/cattle/Texas/24-008749-003/2024(H5N1)	2072	2195
PB2|PP755596.1|A/cattle/Texas/24-008749-003/2024(H5N1)	2073	2197
PB2|PP755596.1|A/cattle/Texas/24-008749-003/2024(H5N1)	2074	2189
PB2|PP755596.1|A/cattle/Texas/24-008749-003/2024(H5N1)	2075	2172
PB2|PP755596.1|A/cattle/Texas/24-008749-003/2024(H5N1)	2076	2104
PB2|PP755596.1|A/cattle/Texas/24-008749-003/2024(H5N1)	2077	2072
PB2|PP755596.1|A/cattle/Texas/24-008749-003/2024(H5N1)	2078	2068
PB2|PP755596.1|A/cattle/Texas/24-008749-003/2024(H5N1)	2079	2092
PB2|PP755596.1|A/cattle/Texas/24-008749-003/2024(H5N1)	2080	2212
PB2|PP755596.1|A/cattle/Texas/24-008749-003/2024(H5N1)	2081	2191
PB2|PP755596.1|A/cattle/Texas/24-008749-003/2024(H5N1)	2082	2197
PB2|PP755596.1|A/cattle/Texas/24-008749-003/2024(H5N1)	2083	2181
PB2|PP755596.1|A/cattle/Texas/24-008749-003/2024(H5N1)	2084	2182
PB2|PP755596.1|A/cattle/Texas/24-008749-003/2024(H5N1)	2085	2187
PB2|PP755596.1|A/cattle/Texas/24-008749-003/2024(H5N1)	2086	2198
PB2|PP755596.1|A/cattle/Texas/24-008749-003/2024(H5N1)	2087	2197
PB2|PP755596.1|A/cattle/Texas/24-008749-003/2024(H5N1)	2088	2223
PB2|PP755596.1|A/cattle/Texas/24-008749-003/2024(H5N1)	2089	2223
PB2|PP755596.1|A/cattle/Texas/24-008749-003/2024(H5N1)	2090	2208
PB2|PP755596.1|A/cattle/Texas/24-008749-003/2024(H5N1)	2091	2208
PB2|PP755596.1|A/cattle/Texas/24-008749-003/2024(H5N1)	2092	2199
PB2|PP755596.1|A/cattle/Texas/24-008749-003/2024(H5N1)	2093	2201
PB2|PP755596.1|A/cattle/Texas/24-008749-003/2024(H5N1)	2094	2163
PB2|PP755596.1|A/cattle/Texas/24-008749-003/2024(H5N1)	2095	2164
PB2|PP755596.1|A/cattle/Texas/24-008749-003/2024(H5N1)	2096	2230
PB2|PP755596.1|A/cattle/Texas/24-008749-003/2024(H5N1)	2097	2229
PB2|PP755596.1|A/cattle/Texas/24-008749-003/2024(H5N1)	2098	2249
PB2|PP755596.1|A/cattle/Texas/24-008749-003/2024(H5N1)	2099	2283
PB2|PP755596.1|A/cattle/Texas/24-008749-003/2024(H5N1)	2100	2295
PB2|PP755596.1|A/cattle/Texas/24-008749-003/2024(H5N1)	2101	2289
PB2|PP755596.1|A/cattle/Texas/24-008749-003/2024(H5N1)	2102	2284
PB2|PP755596.1|A/cattle/Texas/24-008749-003/2024(H5N1)	2103	2281
PB2|PP755596.1|A/cattle/Texas/24-008749-003/2024(H5N1)	2104	2280
PB2|PP755596.1|A/cattle/Texas/24-008749-003/2024(H5N1)	2105	2279
PB2|PP755596.1|A/cattle/Texas/24-008749-003/2024(H5N1)	2106	2259
PB2|PP755596.1|A/cattle/Texas/24-008749-003/2024(H5N1)	2107	2237
PB2|PP755596.1|A/cattle/Texas/24-008749-003/2024(H5N1)	2108	2241
PB2|PP755596.1|A/cattle/Texas/24-008749-003/2024(H5N1)	2109	2251
PB2|PP755596.1|A/cattle/Texas/24-008749-003/2024(H5N1)	2110	2238
PB2|PP755596.1|A/cattle/Texas/24-008749-003/2024(H5N1)	2111	2236
PB2|PP755596.1|A/cattle/Texas/24-008749-003/2024(H5N1)	2112	2214
PB2|PP755596.1|A/cattle/Texas/24-008749-003/2024(H5N1)	2113	2261
PB2|PP755596.1|A/cattle/Texas/24-008749-003/2024(H5N1)	2114	2367
PB2|PP755596.1|A/cattle/Texas/24-008749-003/2024(H5N1)	2115	2344
PB2|PP755596.1|A/cattle/Texas/24-008749-003/2024(H5N1)	2116	2327
PB2|PP755596.1|A/cattle/Texas/24-008749-003/2024(H5N1)	2117	2318
PB2|PP755596.1|A/cattle/Texas/24-008749-003/2024(H5N1)	2118	2300
PB2|PP755596.1|A/cattle/Texas/24-008749-003/2024(H5N1)	2119	2315
PB2|PP755596.1|A/cattle/Texas/24-008749-003/2024(H5N1)	2120	2291
PB2|PP755596.1|A/cattle/Texas/24-008749-003/2024(H5N1)	2121	2291
PB2|PP755596.1|A/cattle/Texas/24-008749-003/2024(H5N1)	2122	2270
PB2|PP755596.1|A/cattle/Texas/24-008749-003/2024(H5N1)	2123	1980
PB2|PP755596.1|A/cattle/Texas/24-008749-003/2024(H5N1)	2124	1994
PB2|PP755596.1|A/cattle/Texas/24-008749-003/2024(H5N1)	2125	1991
PB2|PP755596.1|A/cattle/Texas/24-008749-003/2024(H5N1)	2126	1995
PB2|PP755596.1|A/cattle/Texas/24-008749-003/2024(H5N1)	2127	2013
PB2|PP755596.1|A/cattle/Texas/24-008749-003/2024(H5N1)	2128	1966
PB2|PP755596.1|A/cattle/Texas/24-008749-003/2024(H5N1)	2129	1982
PB2|PP755596.1|A/cattle/Texas/24-008749-003/2024(H5N1)	2130	2004
PB2|PP755596.1|A/cattle/Texas/24-008749-003/2024(H5N1)	2131	2005
PB2|PP755596.1|A/cattle/Texas/24-008749-003/2024(H5N1)	2132	2009
PB2|PP755596.1|A/cattle/Texas/24-008749-003/2024(H5N1)	2133	1988
PB2|PP755596.1|A/cattle/Texas/24-008749-003/2024(H5N1)	2134	1995
PB2|PP755596.1|A/cattle/Texas/24-008749-003/2024(H5N1)	2135	1953
PB2|PP755596.1|A/cattle/Texas/24-008749-003/2024(H5N1)	2136	1945
PB2|PP755596.1|A/cattle/Texas/24-008749-003/2024(H5N1)	2137	1942
PB2|PP755596.1|A/cattle/Texas/24-008749-003/2024(H5N1)	2138	1984
PB2|PP755596.1|A/cattle/Texas/24-008749-003/2024(H5N1)	2139	1982
PB2|PP755596.1|A/cattle/Texas/24-008749-003/2024(H5N1)	2140	1971
PB2|PP755596.1|A/cattle/Texas/24-008749-003/2024(H5N1)	2141	1970
PB2|PP755596.1|A/cattle/Texas/24-008749-003/2024(H5N1)	2142	1925
PB2|PP755596.1|A/cattle/Texas/24-008749-003/2024(H5N1)	2143	1902
PB2|PP755596.1|A/cattle/Texas/24-008749-003/2024(H5N1)	2144	1900
PB2|PP755596.1|A/cattle/Texas/24-008749-003/2024(H5N1)	2145	1886
PB2|PP755596.1|A/cattle/Texas/24-008749-003/2024(H5N1)	2146	1880
PB2|PP755596.1|A/cattle/Texas/24-008749-003/2024(H5N1)	2147	1881
PB2|PP755596.1|A/cattle/Texas/24-008749-003/2024(H5N1)	2148	1951
PB2|PP755596.1|A/cattle/Texas/24-008749-003/2024(H5N1)	2149	1925
PB2|PP755596.1|A/cattle/Texas/24-008749-003/2024(H5N1)	2150	1929
PB2|PP755596.1|A/cattle/Texas/24-008749-003/2024(H5N1)	2151	1930
PB2|PP755596.1|A/cattle/Texas/24-008749-003/2024(H5N1)	2152	1928
PB2|PP755596.1|A/cattle/Texas/24-008749-003/2024(H5N1)	2153	1874
PB2|PP755596.1|A/cattle/Texas/24-008749-003/2024(H5N1)	2154	1882
PB2|PP755596.1|A/cattle/Texas/24-008749-003/2024(H5N1)	2155	1890
PB2|PP755596.1|A/cattle/Texas/24-008749-003/2024(H5N1)	2156	1889
PB2|PP755596.1|A/cattle/Texas/24-008749-003/2024(H5N1)	2157	1876
PB2|PP755596.1|A/cattle/Texas/24-008749-003/2024(H5N1)	2158	1883
PB2|PP755596.1|A/cattle/Texas/24-008749-003/2024(H5N1)	2159	1887
PB2|PP755596.1|A/cattle/Texas/24-008749-003/2024(H5N1)	2160	1886
PB2|PP755596.1|A/cattle/Texas/24-008749-003/2024(H5N1)	2161	1926
PB2|PP755596.1|A/cattle/Texas/24-008749-003/2024(H5N1)	2162	1919
PB2|PP755596.1|A/cattle/Texas/24-008749-003/2024(H5N1)	2163	1919
PB2|PP755596.1|A/cattle/Texas/24-008749-003/2024(H5N1)	2164	2227
PB2|PP755596.1|A/cattle/Texas/24-008749-003/2024(H5N1)	2165	2229
PB2|PP755596.1|A/cattle/Texas/24-008749-003/2024(H5N1)	2166	2225
PB2|PP755596.1|A/cattle/Texas/24-008749-003/2024(H5N1)	2167	2213
PB2|PP755596.1|A/cattle/Texas/24-008749-003/2024(H5N1)	2168	2241
PB2|PP755596.1|A/cattle/Texas/24-008749-003/2024(H5N1)	2169	2240
PB2|PP755596.1|A/cattle/Texas/24-008749-003/2024(H5N1)	2170	2242
PB2|PP755596.1|A/cattle/Texas/24-008749-003/2024(H5N1)	2171	2193
PB2|PP755596.1|A/cattle/Texas/24-008749-003/2024(H5N1)	2172	2180
PB2|PP755596.1|A/cattle/Texas/24-008749-003/2024(H5N1)	2173	2175
PB2|PP755596.1|A/cattle/Texas/24-008749-003/2024(H5N1)	2174	2162
PB2|PP755596.1|A/cattle/Texas/24-008749-003/2024(H5N1)	2175	2166
PB2|PP755596.1|A/cattle/Texas/24-008749-003/2024(H5N1)	2176	2157
PB2|PP755596.1|A/cattle/Texas/24-008749-003/2024(H5N1)	2177	2153
PB2|PP755596.1|A/cattle/Texas/24-008749-003/2024(H5N1)	2178	2136
PB2|PP755596.1|A/cattle/Texas/24-008749-003/2024(H5N1)	2179	2127
PB2|PP755596.1|A/cattle/Texas/24-008749-003/2024(H5N1)	2180	2119
PB2|PP755596.1|A/cattle/Texas/24-008749-003/2024(H5N1)	2181	2118
PB2|PP755596.1|A/cattle/Texas/24-008749-003/2024(H5N1)	2182	2115
PB2|PP755596.1|A/cattle/Texas/24-008749-003/2024(H5N1)	2183	2116
PB2|PP755596.1|A/cattle/Texas/24-008749-003/2024(H5N1)	2184	2098
PB2|PP755596.1|A/cattle/Texas/24-008749-003/2024(H5N1)	2185	2097
PB2|PP755596.1|A/cattle/Texas/24-008749-003/2024(H5N1)	2186	2103
PB2|PP755596.1|A/cattle/Texas/24-008749-003/2024(H5N1)	2187	2103
PB2|PP755596.1|A/cattle/Texas/24-008749-003/2024(H5N1)	2188	2091
PB2|PP755596.1|A/cattle/Texas/24-008749-003/2024(H5N1)	2189	2062
PB2|PP755596.1|A/cattle/Texas/24-008749-003/2024(H5N1)	2190	2059
PB2|PP755596.1|A/cattle/Texas/24-008749-003/2024(H5N1)	2191	2057
PB2|PP755596.1|A/cattle/Texas/24-008749-003/2024(H5N1)	2192	2059
PB2|PP755596.1|A/cattle/Texas/24-008749-003/2024(H5N1)	2193	2040
PB2|PP755596.1|A/cattle/Texas/24-008749-003/2024(H5N1)	2194	2072
PB2|PP755596.1|A/cattle/Texas/24-008749-003/2024(H5N1)	2195	2015
PB2|PP755596.1|A/cattle/Texas/24-008749-003/2024(H5N1)	2196	2017
PB2|PP755596.1|A/cattle/Texas/24-008749-003/2024(H5N1)	2197	1934
PB2|PP755596.1|A/cattle/Texas/24-008749-003/2024(H5N1)	2198	1912
PB2|PP755596.1|A/cattle/Texas/24-008749-003/2024(H5N1)	2199	1893
PB2|PP755596.1|A/cattle/Texas/24-008749-003/2024(H5N1)	2200	1890
PB2|PP755596.1|A/cattle/Texas/24-008749-003/2024(H5N1)	2201	1854
PB2|PP755596.1|A/cattle/Texas/24-008749-003/2024(H5N1)	2202	1847
PB2|PP755596.1|A/cattle/Texas/24-008749-003/2024(H5N1)	2203	1804
PB2|PP755596.1|A/cattle/Texas/24-008749-003/2024(H5N1)	2204	1765
PB2|PP755596.1|A/cattle/Texas/24-008749-003/2024(H5N1)	2205	1752
PB2|PP755596.1|A/cattle/Texas/24-008749-003/2024(H5N1)	2206	1751
PB2|PP755596.1|A/cattle/Texas/24-008749-003/2024(H5N1)	2207	1749
PB2|PP755596.1|A/cattle/Texas/24-008749-003/2024(H5N1)	2208	1747
PB2|PP755596.1|A/cattle/Texas/24-008749-003/2024(H5N1)	2209	1739
PB2|PP755596.1|A/cattle/Texas/24-008749-003/2024(H5N1)	2210	1739
PB2|PP755596.1|A/cattle/Texas/24-008749-003/2024(H5N1)	2211	1731
PB2|PP755596.1|A/cattle/Texas/24-008749-003/2024(H5N1)	2212	1729
PB2|PP755596.1|A/cattle/Texas/24-008749-003/2024(H5N1)	2213	1729
PB2|PP755596.1|A/cattle/Texas/24-008749-003/2024(H5N1)	2214	1723
PB2|PP755596.1|A/cattle/Texas/24-008749-003/2024(H5N1)	2215	1718
PB2|PP755596.1|A/cattle/Texas/24-008749-003/2024(H5N1)	2216	1715
PB2|PP755596.1|A/cattle/Texas/24-008749-003/2024(H5N1)	2217	1719
PB2|PP755596.1|A/cattle/Texas/24-008749-003/2024(H5N1)	2218	1716
PB2|PP755596.1|A/cattle/Texas/24-008749-003/2024(H5N1)	2219	1681
PB2|PP755596.1|A/cattle/Texas/24-008749-003/2024(H5N1)	2220	1679
PB2|PP755596.1|A/cattle/Texas/24-008749-003/2024(H5N1)	2221	1673
PB2|PP755596.1|A/cattle/Texas/24-008749-003/2024(H5N1)	2222	1688
PB2|PP755596.1|A/cattle/Texas/24-008749-003/2024(H5N1)	2223	1688
PB2|PP755596.1|A/cattle/Texas/24-008749-003/2024(H5N1)	2224	1691
PB2|PP755596.1|A/cattle/Texas/24-008749-003/2024(H5N1)	2225	1691
PB2|PP755596.1|A/cattle/Texas/24-008749-003/2024(H5N1)	2226	1663
PB2|PP755596.1|A/cattle/Texas/24-008749-003/2024(H5N1)	2227	1662
PB2|PP755596.1|A/cattle/Texas/24-008749-003/2024(H5N1)	2228	1660
PB2|PP755596.1|A/cattle/Texas/24-008749-003/2024(H5N1)	2229	1627
PB2|PP755596.1|A/cattle/Texas/24-008749-003/2024(H5N1)	2230	1627
PB2|PP755596.1|A/cattle/Texas/24-008749-003/2024(H5N1)	2231	1462
PB2|PP755596.1|A/cattle/Texas/24-008749-003/2024(H5N1)	2232	1462
PB2|PP755596.1|A/cattle/Texas/24-008749-003/2024(H5N1)	2233	1441
PB2|PP755596.1|A/cattle/Texas/24-008749-003/2024(H5N1)	2234	1439
PB2|PP755596.1|A/cattle/Texas/24-008749-003/2024(H5N1)	2235	1437
PB2|PP755596.1|A/cattle/Texas/24-008749-003/2024(H5N1)	2236	1436
PB2|PP755596.1|A/cattle/Texas/24-008749-003/2024(H5N1)	2237	1410
PB2|PP755596.1|A/cattle/Texas/24-008749-003/2024(H5N1)	2238	1412
PB2|PP755596.1|A/cattle/Texas/24-008749-003/2024(H5N1)	2239	1335
PB2|PP755596.1|A/cattle/Texas/24-008749-003/2024(H5N1)	2240	1337
PB2|PP755596.1|A/cattle/Texas/24-008749-003/2024(H5N1)	2241	1331
PB2|PP755596.1|A/cattle/Texas/24-008749-003/2024(H5N1)	2242	1329
PB2|PP755596.1|A/cattle/Texas/24-008749-003/2024(H5N1)	2243	1322
PB2|PP755596.1|A/cattle/Texas/24-008749-003/2024(H5N1)	2244	1328
PB2|PP755596.1|A/cattle/Texas/24-008749-003/2024(H5N1)	2245	1327
PB2|PP755596.1|A/cattle/Texas/24-008749-003/2024(H5N1)	2246	1327
PB2|PP755596.1|A/cattle/Texas/24-008749-003/2024(H5N1)	2247	1245
PB2|PP755596.1|A/cattle/Texas/24-008749-003/2024(H5N1)	2248	1245
PB2|PP755596.1|A/cattle/Texas/24-008749-003/2024(H5N1)	2249	1182
PB2|PP755596.1|A/cattle/Texas/24-008749-003/2024(H5N1)	2250	1183
PB2|PP755596.1|A/cattle/Texas/24-008749-003/2024(H5N1)	2251	1177
PB2|PP755596.1|A/cattle/Texas/24-008749-003/2024(H5N1)	2252	1173
PB2|PP755596.1|A/cattle/Texas/24-008749-003/2024(H5N1)	2253	1171
PB2|PP755596.1|A/cattle/Texas/24-008749-003/2024(H5N1)	2254	1169
PB2|PP755596.1|A/cattle/Texas/24-008749-003/2024(H5N1)	2255	1178
PB2|PP755596.1|A/cattle/Texas/24-008749-003/2024(H5N1)	2256	1178
PB2|PP755596.1|A/cattle/Texas/24-008749-003/2024(H5N1)	2257	1174
PB2|PP755596.1|A/cattle/Texas/24-008749-003/2024(H5N1)	2258	1171
PB2|PP755596.1|A/cattle/Texas/24-008749-003/2024(H5N1)	2259	1153
PB2|PP755596.1|A/cattle/Texas/24-008749-003/2024(H5N1)	2260	1141
PB2|PP755596.1|A/cattle/Texas/24-008749-003/2024(H5N1)	2261	1141
PB2|PP755596.1|A/cattle/Texas/24-008749-003/2024(H5N1)	2262	1140
PB2|PP755596.1|A/cattle/Texas/24-008749-003/2024(H5N1)	2263	1138
PB2|PP755596.1|A/cattle/Texas/24-008749-003/2024(H5N1)	2264	1119
PB2|PP755596.1|A/cattle/Texas/24-008749-003/2024(H5N1)	2265	1027
PB2|PP755596.1|A/cattle/Texas/24-008749-003/2024(H5N1)	2266	1026
PB2|PP755596.1|A/cattle/Texas/24-008749-003/2024(H5N1)	2267	1001
PB2|PP755596.1|A/cattle/Texas/24-008749-003/2024(H5N1)	2268	999
PB2|PP755596.1|A/cattle/Texas/24-008749-003/2024(H5N1)	2269	996
PB2|PP755596.1|A/cattle/Texas/24-008749-003/2024(H5N1)	2270	976
PB2|PP755596.1|A/cattle/Texas/24-008749-003/2024(H5N1)	2271	974
PB2|PP755596.1|A/cattle/Texas/24-008749-003/2024(H5N1)	2272	974
PB2|PP755596.1|A/cattle/Texas/24-008749-003/2024(H5N1)	2273	973
PB2|PP755596.1|A/cattle/Texas/24-008749-003/2024(H5N1)	2274	964
PB2|PP755596.1|A/cattle/Texas/24-008749-003/2024(H5N1)	2275	963
PB2|PP755596.1|A/cattle/Texas/24-008749-003/2024(H5N1)	2276	960
PB2|PP755596.1|A/cattle/Texas/24-008749-003/2024(H5N1)	2277	951
PB2|PP755596.1|A/cattle/Texas/24-008749-003/2024(H5N1)	2278	915
PB2|PP755596.1|A/cattle/Texas/24-008749-003/2024(H5N1)	2279	876
PB2|PP755596.1|A/cattle/Texas/24-008749-003/2024(H5N1)	2280	862
