PA|PP755594.1|A/cattle/Texas/24-008749-003/2024(H5N1)	1	2597
PA|PP755594.1|A/cattle/Texas/24-008749-003/2024(H5N1)	2	2601
PA|PP755594.1|A/cattle/Texas/24-008749-003/2024(H5N1)	3	2630
PA|PP755594.1|A/cattle/Texas/24-008749-003/2024(H5N1)	4	2632
PA|PP755594.1|A/cattle/Texas/24-008749-003/2024(H5N1)	5	2645
PA|PP755594.1|A/cattle/Texas/24-008749-003/2024(H5N1)	6	2652
PA|PP755594.1|A/cattle/Texas/24-008749-003/2024(H5N1)	7	2682
PA|PP755594.1|A/cattle/Texas/24-008749-003/2024(H5N1)	8	2734
PA|PP755594.1|A/cattle/Texas/24-008749-003/2024(H5N1)	9	2773
PA|PP755594.1|A/cattle/Texas/24-008749-003/2024(H5N1)	10	2773
PA|PP755594.1|A/cattle/Texas/24-008749-003/2024(H5N1)	11	2827
PA|PP755594.1|A/cattle/Texas/24-008749-003/2024(H5N1)	12	2828
PA|PP755594.1|A/cattle/Texas/24-008749-003/2024(H5N1)	13	2860
PA|PP755594.1|A/cattle/Texas/24-008749-003/2024(H5N1)	14	2863
PA|PP755594.1|A/cattle/Texas/24-008749-003/2024(H5N1)	15	2863
PA|PP755594.1|A/cattle/Texas/24-008749-003/2024(H5N1)	16	2920
PA|PP755594.1|A/cattle/Texas/24-008749-003/2024(H5N1)	17	2922
PA|PP755594.1|A/cattle/Texas/24-008749-003/2024(H5N1)	18	2963
PA|PP755594.1|A/cattle/Texas/24-008749-003/2024(H5N1)	19	3014
PA|PP755594.1|A/cattle/Texas/24-008749-003/2024(H5N1)	20	3015
PA|PP755594.1|A/cattle/Texas/24-008749-003/2024(H5N1)	21	3035
PA|PP755594.1|A/cattle/Texas/24-008749-003/2024(H5N1)	22	3040
PA|PP755594.1|A/cattle/Texas/24-008749-003/2024(H5N1)	23	3113
PA|PP755594.1|A/cattle/Texas/24-008749-003/2024(H5N1)	24	3207
PA|PP755594.1|A/cattle/Texas/24-008749-003/2024(H5N1)	25	3210
PA|PP755594.1|A/cattle/Texas/24-008749-003/2024(H5N1)	26	3214
PA|PP755594.1|A/cattle/Texas/24-008749-003/2024(H5N1)	27	3214
PA|PP755594.1|A/cattle/Texas/24-008749-003/2024(H5N1)	28	3221
PA|PP755594.1|A/cattle/Texas/24-008749-003/2024(H5N1)	29	3415
PA|PP755594.1|A/cattle/Texas/24-008749-003/2024(H5N1)	30	3422
PA|PP755594.1|A/cattle/Texas/24-008749-003/2024(H5N1)	31	3428
PA|PP755594.1|A/cattle/Texas/24-008749-003/2024(H5N1)	32	3428
PA|PP755594.1|A/cattle/Texas/24-008749-003/2024(H5N1)	33	3432
PA|PP755594.1|A/cattle/Texas/24-008749-003/2024(H5N1)	34	3449
PA|PP755594.1|A/cattle/Texas/24-008749-003/2024(H5N1)	35	3488
PA|PP755594.1|A/cattle/Texas/24-008749-003/2024(H5N1)	36	3492
PA|PP755594.1|A/cattle/Texas/24-008749-003/2024(H5N1)	37	3566
PA|PP755594.1|A/cattle/Texas/24-008749-003/2024(H5N1)	38	3585
PA|PP755594.1|A/cattle/Texas/24-008749-003/2024(H5N1)	39	3572
PA|PP755594.1|A/cattle/Texas/24-008749-003/2024(H5N1)	40	3576
PA|PP755594.1|A/cattle/Texas/24-008749-003/2024(H5N1)	41	3587
PA|PP755594.1|A/cattle/Texas/24-008749-003/2024(H5N1)	42	3600
PA|PP755594.1|A/cattle/Texas/24-008749-003/2024(H5N1)	43	3602
PA|PP755594.1|A/cattle/Texas/24-008749-003/2024(H5N1)	44	3643
PA|PP755594.1|A/cattle/Texas/24-008749-003/2024(H5N1)	45	3648
PA|PP755594.1|A/cattle/Texas/24-008749-003/2024(H5N1)	46	3665
PA|PP755594.1|A/cattle/Texas/24-008749-003/2024(H5N1)	47	3667
PA|PP755594.1|A/cattle/Texas/24-008749-003/2024(H5N1)	48	3672
PA|PP755594.1|A/cattle/Texas/24-008749-003/2024(H5N1)	49	3688
PA|PP755594.1|A/cattle/Texas/24-008749-003/2024(H5N1)	50	3700
PA|PP755594.1|A/cattle/Texas/24-008749-003/2024(H5N1)	51	3713
PA|PP755594.1|A/cattle/Texas/24-008749-003/2024(H5N1)	52	3722
PA|PP755594.1|A/cattle/Texas/24-008749-003/2024(H5N1)	53	3722
PA|PP755594.1|A/cattle/Texas/24-008749-003/2024(H5N1)	54	3719
PA|PP755594.1|A/cattle/Texas/24-008749-003/2024(H5N1)	55	3691
PA|PP755594.1|A/cattle/Texas/24-008749-003/2024(H5N1)	56	3698
PA|PP755594.1|A/cattle/Texas/24-008749-003/2024(H5N1)	57	3752
PA|PP755594.1|A/cattle/Texas/24-008749-003/2024(H5N1)	58	3754
PA|PP755594.1|A/cattle/Texas/24-008749-003/2024(H5N1)	59	3789
PA|PP755594.1|A/cattle/Texas/24-008749-003/2024(H5N1)	60	3820
PA|PP755594.1|A/cattle/Texas/24-008749-003/2024(H5N1)	61	3868
PA|PP755594.1|A/cattle/Texas/24-008749-003/2024(H5N1)	62	3878
PA|PP755594.1|A/cattle/Texas/24-008749-003/2024(H5N1)	63	3923
PA|PP755594.1|A/cattle/Texas/24-008749-003/2024(H5N1)	64	3984
PA|PP755594.1|A/cattle/Texas/24-008749-003/2024(H5N1)	65	3985
PA|PP755594.1|A/cattle/Texas/24-008749-003/2024(H5N1)	66	3975
PA|PP755594.1|A/cattle/Texas/24-008749-003/2024(H5N1)	67	4036
PA|PP755594.1|A/cattle/Texas/24-008749-003/2024(H5N1)	68	4076
PA|PP755594.1|A/cattle/Texas/24-008749-003/2024(H5N1)	69	4355
PA|PP755594.1|A/cattle/Texas/24-008749-003/2024(H5N1)	70	4368
PA|PP755594.1|A/cattle/Texas/24-008749-003/2024(H5N1)	71	4399
PA|PP755594.1|A/cattle/Texas/24-008749-003/2024(H5N1)	72	4413
PA|PP755594.1|A/cattle/Texas/24-008749-003/2024(H5N1)	73	4417
PA|PP755594.1|A/cattle/Texas/24-008749-003/2024(H5N1)	74	4453
PA|PP755594.1|A/cattle/Texas/24-008749-003/2024(H5N1)	75	4454
PA|PP755594.1|A/cattle/Texas/24-008749-003/2024(H5N1)	76	4444
PA|PP755594.1|A/cattle/Texas/24-008749-003/2024(H5N1)	77	4461
PA|PP755594.1|A/cattle/Texas/24-008749-003/2024(H5N1)	78	4448
PA|PP755594.1|A/cattle/Texas/24-008749-003/2024(H5N1)	79	4471
PA|PP755594.1|A/cattle/Texas/24-008749-003/2024(H5N1)	80	4479
PA|PP755594.1|A/cattle/Texas/24-008749-003/2024(H5N1)	81	4492
PA|PP755594.1|A/cattle/Texas/24-008749-003/2024(H5N1)	82	4507
PA|PP755594.1|A/cattle/Texas/24-008749-003/2024(H5N1)	83	4517
PA|PP755594.1|A/cattle/Texas/24-008749-003/2024(H5N1)	84	4519
PA|PP755594.1|A/cattle/Texas/24-008749-003/2024(H5N1)	85	4542
PA|PP755594.1|A/cattle/Texas/24-008749-003/2024(H5N1)	86	4543
PA|PP755594.1|A/cattle/Texas/24-008749-003/2024(H5N1)	87	4553
PA|PP755594.1|A/cattle/Texas/24-008749-003/2024(H5N1)	88	4570
PA|PP755594.1|A/cattle/Texas/24-008749-003/2024(H5N1)	89	4567
PA|PP755594.1|A/cattle/Texas/24-008749-003/2024(H5N1)	90	4566
PA|PP755594.1|A/cattle/Texas/24-008749-003/2024(H5N1)	91	4566
PA|PP755594.1|A/cattle/Texas/24-008749-003/2024(H5N1)	92	4564
PA|PP755594.1|A/cattle/Texas/24-008749-003/2024(H5N1)	93	4279
PA|PP755594.1|A/cattle/Texas/24-008749-003/2024(H5N1)	94	4279
PA|PP755594.1|A/cattle/Texas/24-008749-003/2024(H5N1)	95	4279
PA|PP755594.1|A/cattle/Texas/24-008749-003/2024(H5N1)	96	4279
PA|PP755594.1|A/cattle/Texas/24-008749-003/2024(H5N1)	97	4318
PA|PP755594.1|A/cattle/Texas/24-008749-003/2024(H5N1)	98	4319
PA|PP755594.1|A/cattle/Texas/24-008749-003/2024(H5N1)	99	4319
PA|PP755594.1|A/cattle/Texas/24-008749-003/2024(H5N1)	100	4319
PA|PP755594.1|A/cattle/Texas/24-008749-003/2024(H5N1)	101	4313
PA|PP755594.1|A/cattle/Texas/24-008749-003/2024(H5N1)	102	4310
PA|PP755594.1|A/cattle/Texas/24-008749-003/2024(H5N1)	103	4319
PA|PP755594.1|A/cattle/Texas/24-008749-003/2024(H5N1)	104	4311
PA|PP755594.1|A/cattle/Texas/24-008749-003/2024(H5N1)	105	4309
PA|PP755594.1|A/cattle/Texas/24-008749-003/2024(H5N1)	106	4310
PA|PP755594.1|A/cattle/Texas/24-008749-003/2024(H5N1)	107	4386
PA|PP755594.1|A/cattle/Texas/24-008749-003/2024(H5N1)	108	4390
PA|PP755594.1|A/cattle/Texas/24-008749-003/2024(H5N1)	109	4752
PA|PP755594.1|A/cattle/Texas/24-008749-003/2024(H5N1)	110	4824
PA|PP755594.1|A/cattle/Texas/24-008749-003/2024(H5N1)	111	4915
PA|PP755594.1|A/cattle/Texas/24-008749-003/2024(H5N1)	112	4944
PA|PP755594.1|A/cattle/Texas/24-008749-003/2024(H5N1)	113	4948
PA|PP755594.1|A/cattle/Texas/24-008749-003/2024(H5N1)	114	4986
PA|PP755594.1|A/cattle/Texas/24-008749-003/2024(H5N1)	115	4987
PA|PP755594.1|A/cattle/Texas/24-008749-003/2024(H5N1)	116	4966
PA|PP755594.1|A/cattle/Texas/24-008749-003/2024(H5N1)	117	4975
PA|PP755594.1|A/cattle/Texas/24-008749-003/2024(H5N1)	118	4945
PA|PP755594.1|A/cattle/Texas/24-008749-003/2024(H5N1)	119	4936
PA|PP755594.1|A/cattle/Texas/24-008749-003/2024(H5N1)	120	3985
PA|PP755594.1|A/cattle/Texas/24-008749-003/2024(H5N1)	121	4163
PA|PP755594.1|A/cattle/Texas/24-008749-003/2024(H5N1)	122	4160
PA|PP755594.1|A/cattle/Texas/24-008749-003/2024(H5N1)	123	4136
PA|PP755594.1|A/cattle/Texas/24-008749-003/2024(H5N1)	124	4145
PA|PP755594.1|A/cattle/Texas/24-008749-003/2024(H5N1)	125	4150
PA|PP755594.1|A/cattle/Texas/24-008749-003/2024(H5N1)	126	4146
PA|PP755594.1|A/cattle/Texas/24-008749-003/2024(H5N1)	127	4716
PA|PP755594.1|A/cattle/Texas/24-008749-003/2024(H5N1)	128	4814
PA|PP755594.1|A/cattle/Texas/24-008749-003/2024(H5N1)	129	4848
PA|PP755594.1|A/cattle/Texas/24-008749-003/2024(H5N1)	130	4861
PA|PP755594.1|A/cattle/Texas/24-008749-003/2024(H5N1)	131	4829
PA|PP755594.1|A/cattle/Texas/24-008749-003/2024(H5N1)	132	4218
PA|PP755594.1|A/cattle/Texas/24-008749-003/2024(H5N1)	133	4212
PA|PP755594.1|A/cattle/Texas/24-008749-003/2024(H5N1)	134	4305
PA|PP755594.1|A/cattle/Texas/24-008749-003/2024(H5N1)	135	4311
PA|PP755594.1|A/cattle/Texas/24-008749-003/2024(H5N1)	136	4309
PA|PP755594.1|A/cattle/Texas/24-008749-003/2024(H5N1)	137	4314
PA|PP755594.1|A/cattle/Texas/24-008749-003/2024(H5N1)	138	4193
PA|PP755594.1|A/cattle/Texas/24-008749-003/2024(H5N1)	139	4193
PA|PP755594.1|A/cattle/Texas/24-008749-003/2024(H5N1)	140	4278
PA|PP755594.1|A/cattle/Texas/24-008749-003/2024(H5N1)	141	4306
PA|PP755594.1|A/cattle/Texas/24-008749-003/2024(H5N1)	142	4301
PA|PP755594.1|A/cattle/Texas/24-008749-003/2024(H5N1)	143	4269
PA|PP755594.1|A/cattle/Texas/24-008749-003/2024(H5N1)	144	4213
PA|PP755594.1|A/cattle/Texas/24-008749-003/2024(H5N1)	145	4199
PA|PP755594.1|A/cattle/Texas/24-008749-003/2024(H5N1)	146	4220
PA|PP755594.1|A/cattle/Texas/24-008749-003/2024(H5N1)	147	4215
PA|PP755594.1|A/cattle/Texas/24-008749-003/2024(H5N1)	148	4234
PA|PP755594.1|A/cattle/Texas/24-008749-003/2024(H5N1)	149	4256
PA|PP755594.1|A/cattle/Texas/24-008749-003/2024(H5N1)	150	4205
PA|PP755594.1|A/cattle/Texas/24-008749-003/2024(H5N1)	151	4214
PA|PP755594.1|A/cattle/Texas/24-008749-003/2024(H5N1)	152	4068
PA|PP755594.1|A/cattle/Texas/24-008749-003/2024(H5N1)	153	4087
PA|PP755594.1|A/cattle/Texas/24-008749-003/2024(H5N1)	154	4096
PA|PP755594.1|A/cattle/Texas/24-008749-003/2024(H5N1)	155	4096
PA|PP755594.1|A/cattle/Texas/24-008749-003/2024(H5N1)	156	4057
PA|PP755594.1|A/cattle/Texas/24-008749-003/2024(H5N1)	157	3984
PA|PP755594.1|A/cattle/Texas/24-008749-003/2024(H5N1)	158	3992
PA|PP755594.1|A/cattle/Texas/24-008749-003/2024(H5N1)	159	3930
PA|PP755594.1|A/cattle/Texas/24-008749-003/2024(H5N1)	160	3931
PA|PP755594.1|A/cattle/Texas/24-008749-003/2024(H5N1)	161	3959
PA|PP755594.1|A/cattle/Texas/24-008749-003/2024(H5N1)	162	3911
PA|PP755594.1|A/cattle/Texas/24-008749-003/2024(H5N1)	163	3941
PA|PP755594.1|A/cattle/Texas/24-008749-003/2024(H5N1)	164	3942
PA|PP755594.1|A/cattle/Texas/24-008749-003/2024(H5N1)	165	3814
PA|PP755594.1|A/cattle/Texas/24-008749-003/2024(H5N1)	166	3850
PA|PP755594.1|A/cattle/Texas/24-008749-003/2024(H5N1)	167	3800
PA|PP755594.1|A/cattle/Texas/24-008749-003/2024(H5N1)	168	3799
PA|PP755594.1|A/cattle/Texas/24-008749-003/2024(H5N1)	169	3768
PA|PP755594.1|A/cattle/Texas/24-008749-003/2024(H5N1)	170	3738
PA|PP755594.1|A/cattle/Texas/24-008749-003/2024(H5N1)	171	3816
PA|PP755594.1|A/cattle/Texas/24-008749-003/2024(H5N1)	172	3802
PA|PP755594.1|A/cattle/Texas/24-008749-003/2024(H5N1)	173	3800
PA|PP755594.1|A/cattle/Texas/24-008749-003/2024(H5N1)	174	3706
PA|PP755594.1|A/cattle/Texas/24-008749-003/2024(H5N1)	175	3687
PA|PP755594.1|A/cattle/Texas/24-008749-003/2024(H5N1)	176	3719
PA|PP755594.1|A/cattle/Texas/24-008749-003/2024(H5N1)	177	3756
PA|PP755594.1|A/cattle/Texas/24-008749-003/2024(H5N1)	178	3758
PA|PP755594.1|A/cattle/Texas/24-008749-003/2024(H5N1)	179	3687
PA|PP755594.1|A/cattle/Texas/24-008749-003/2024(H5N1)	180	3662
PA|PP755594.1|A/cattle/Texas/24-008749-003/2024(H5N1)	181	3890
PA|PP755594.1|A/cattle/Texas/24-008749-003/2024(H5N1)	182	3891
PA|PP755594.1|A/cattle/Texas/24-008749-003/2024(H5N1)	183	3802
PA|PP755594.1|A/cattle/Texas/24-008749-003/2024(H5N1)	184	3811
PA|PP755594.1|A/cattle/Texas/24-008749-003/2024(H5N1)	185	3823
PA|PP755594.1|A/cattle/Texas/24-008749-003/2024(H5N1)	186	3794
PA|PP755594.1|A/cattle/Texas/24-008749-003/2024(H5N1)	187	3802
PA|PP755594.1|A/cattle/Texas/24-008749-003/2024(H5N1)	188	3742
PA|PP755594.1|A/cattle/Texas/24-008749-003/2024(H5N1)	189	3728
PA|PP755594.1|A/cattle/Texas/24-008749-003/2024(H5N1)	190	3711
PA|PP755594.1|A/cattle/Texas/24-008749-003/2024(H5N1)	191	3815
PA|PP755594.1|A/cattle/Texas/24-008749-003/2024(H5N1)	192	3818
PA|PP755594.1|A/cattle/Texas/24-008749-003/2024(H5N1)	193	3805
PA|PP755594.1|A/cattle/Texas/24-008749-003/2024(H5N1)	194	3786
PA|PP755594.1|A/cattle/Texas/24-008749-003/2024(H5N1)	195	3804
PA|PP755594.1|A/cattle/Texas/24-008749-003/2024(H5N1)	196	3800
PA|PP755594.1|A/cattle/Texas/24-008749-003/2024(H5N1)	197	3804
PA|PP755594.1|A/cattle/Texas/24-008749-003/2024(H5N1)	198	3815
PA|PP755594.1|A/cattle/Texas/24-008749-003/2024(H5N1)	199	3812
PA|PP755594.1|A/cattle/Texas/24-008749-003/2024(H5N1)	200	3825
PA|PP755594.1|A/cattle/Texas/24-008749-003/2024(H5N1)	201	3843
PA|PP755594.1|A/cattle/Texas/24-008749-003/2024(H5N1)	202	3838
PA|PP755594.1|A/cattle/Texas/24-008749-003/2024(H5N1)	203	3845
PA|PP755594.1|A/cattle/Texas/24-008749-003/2024(H5N1)	204	3844
PA|PP755594.1|A/cattle/Texas/24-008749-003/2024(H5N1)	205	3853
PA|PP755594.1|A/cattle/Texas/24-008749-003/2024(H5N1)	206	3889
PA|PP755594.1|A/cattle/Texas/24-008749-003/2024(H5N1)	207	3885
PA|PP755594.1|A/cattle/Texas/24-008749-003/2024(H5N1)	208	3834
PA|PP755594.1|A/cattle/Texas/24-008749-003/2024(H5N1)	209	3811
PA|PP755594.1|A/cattle/Texas/24-008749-003/2024(H5N1)	210	3786
PA|PP755594.1|A/cattle/Texas/24-008749-003/2024(H5N1)	211	3369
PA|PP755594.1|A/cattle/Texas/24-008749-003/2024(H5N1)	212	3336
PA|PP755594.1|A/cattle/Texas/24-008749-003/2024(H5N1)	213	3334
PA|PP755594.1|A/cattle/Texas/24-008749-003/2024(H5N1)	214	3293
PA|PP755594.1|A/cattle/Texas/24-008749-003/2024(H5N1)	215	3313
PA|PP755594.1|A/cattle/Texas/24-008749-003/2024(H5N1)	216	3314
PA|PP755594.1|A/cattle/Texas/24-008749-003/2024(H5N1)	217	3300
PA|PP755594.1|A/cattle/Texas/24-008749-003/2024(H5N1)	218	3249
PA|PP755594.1|A/cattle/Texas/24-008749-003/2024(H5N1)	219	3238
PA|PP755594.1|A/cattle/Texas/24-008749-003/2024(H5N1)	220	3279
PA|PP755594.1|A/cattle/Texas/24-008749-003/2024(H5N1)	221	3283
PA|PP755594.1|A/cattle/Texas/24-008749-003/2024(H5N1)	222	3262
PA|PP755594.1|A/cattle/Texas/24-008749-003/2024(H5N1)	223	3559
PA|PP755594.1|A/cattle/Texas/24-008749-003/2024(H5N1)	224	3574
PA|PP755594.1|A/cattle/Texas/24-008749-003/2024(H5N1)	225	3628
PA|PP755594.1|A/cattle/Texas/24-008749-003/2024(H5N1)	226	3712
PA|PP755594.1|A/cattle/Texas/24-008749-003/2024(H5N1)	227	3707
PA|PP755594.1|A/cattle/Texas/24-008749-003/2024(H5N1)	228	3701
PA|PP755594.1|A/cattle/Texas/24-008749-003/2024(H5N1)	229	3705
PA|PP755594.1|A/cattle/Texas/24-008749-003/2024(H5N1)	230	3742
PA|PP755594.1|A/cattle/Texas/24-008749-003/2024(H5N1)	231	3743
PA|PP755594.1|A/cattle/Texas/24-008749-003/2024(H5N1)	232	3764
PA|PP755594.1|A/cattle/Texas/24-008749-003/2024(H5N1)	233	3751
PA|PP755594.1|A/cattle/Texas/24-008749-003/2024(H5N1)	234	3658
PA|PP755594.1|A/cattle/Texas/24-008749-003/2024(H5N1)	235	3686
PA|PP755594.1|A/cattle/Texas/24-008749-003/2024(H5N1)	236	3739
PA|PP755594.1|A/cattle/Texas/24-008749-003/2024(H5N1)	237	3760
PA|PP755594.1|A/cattle/Texas/24-008749-003/2024(H5N1)	238	3774
PA|PP755594.1|A/cattle/Texas/24-008749-003/2024(H5N1)	239	3818
PA|PP755594.1|A/cattle/Texas/24-008749-003/2024(H5N1)	240	3818
PA|PP755594.1|A/cattle/Texas/24-008749-003/2024(H5N1)	241	3842
PA|PP755594.1|A/cattle/Texas/24-008749-003/2024(H5N1)	242	3852
PA|PP755594.1|A/cattle/Texas/24-008749-003/2024(H5N1)	243	3825
PA|PP755594.1|A/cattle/Texas/24-008749-003/2024(H5N1)	244	3808
PA|PP755594.1|A/cattle/Texas/24-008749-003/2024(H5N1)	245	3804
PA|PP755594.1|A/cattle/Texas/24-008749-003/2024(H5N1)	246	3875
PA|PP755594.1|A/cattle/Texas/24-008749-003/2024(H5N1)	247	3877
PA|PP755594.1|A/cattle/Texas/24-008749-003/2024(H5N1)	248	3851
PA|PP755594.1|A/cattle/Texas/24-008749-003/2024(H5N1)	249	3848
PA|PP755594.1|A/cattle/Texas/24-008749-003/2024(H5N1)	250	3604
PA|PP755594.1|A/cattle/Texas/24-008749-003/2024(H5N1)	251	3671
PA|PP755594.1|A/cattle/Texas/24-008749-003/2024(H5N1)	252	3800
PA|PP755594.1|A/cattle/Texas/24-008749-003/2024(H5N1)	253	3827
PA|PP755594.1|A/cattle/Texas/24-008749-003/2024(H5N1)	254	3959
PA|PP755594.1|A/cattle/Texas/24-008749-003/2024(H5N1)	255	3979
PA|PP755594.1|A/cattle/Texas/24-008749-003/2024(H5N1)	256	3986
PA|PP755594.1|A/cattle/Texas/24-008749-003/2024(H5N1)	257	3992
PA|PP755594.1|A/cattle/Texas/24-008749-003/2024(H5N1)	258	4176
PA|PP755594.1|A/cattle/Texas/24-008749-003/2024(H5N1)	259	4189
PA|PP755594.1|A/cattle/Texas/24-008749-003/2024(H5N1)	260	4060
PA|PP755594.1|A/cattle/Texas/24-008749-003/2024(H5N1)	261	4000
PA|PP755594.1|A/cattle/Texas/24-008749-003/2024(H5N1)	262	3960
PA|PP755594.1|A/cattle/Texas/24-008749-003/2024(H5N1)	263	3997
PA|PP755594.1|A/cattle/Texas/24-008749-003/2024(H5N1)	264	4000
PA|PP755594.1|A/cattle/Texas/24-008749-003/2024(H5N1)	265	3968
PA|PP755594.1|A/cattle/Texas/24-008749-003/2024(H5N1)	266	3964
PA|PP755594.1|A/cattle/Texas/24-008749-003/2024(H5N1)	267	3698
PA|PP755594.1|A/cattle/Texas/24-008749-003/2024(H5N1)	268	3730
PA|PP755594.1|A/cattle/Texas/24-008749-003/2024(H5N1)	269	3720
PA|PP755594.1|A/cattle/Texas/24-008749-003/2024(H5N1)	270	3698
PA|PP755594.1|A/cattle/Texas/24-008749-003/2024(H5N1)	271	3697
PA|PP755594.1|A/cattle/Texas/24-008749-003/2024(H5N1)	272	3535
PA|PP755594.1|A/cattle/Texas/24-008749-003/2024(H5N1)	273	3517
PA|PP755594.1|A/cattle/Texas/24-008749-003/2024(H5N1)	274	3521
PA|PP755594.1|A/cattle/Texas/24-008749-003/2024(H5N1)	275	3520
PA|PP755594.1|A/cattle/Texas/24-008749-003/2024(H5N1)	276	3519
PA|PP755594.1|A/cattle/Texas/24-008749-003/2024(H5N1)	277	3295
PA|PP755594.1|A/cattle/Texas/24-008749-003/2024(H5N1)	278	3287
PA|PP755594.1|A/cattle/Texas/24-008749-003/2024(H5N1)	279	3173
PA|PP755594.1|A/cattle/Texas/24-008749-003/2024(H5N1)	280	3173
PA|PP755594.1|A/cattle/Texas/24-008749-003/2024(H5N1)	281	3163
PA|PP755594.1|A/cattle/Texas/24-008749-003/2024(H5N1)	282	3095
PA|PP755594.1|A/cattle/Texas/24-008749-003/2024(H5N1)	283	3093
PA|PP755594.1|A/cattle/Texas/24-008749-003/2024(H5N1)	284	3092
PA|PP755594.1|A/cattle/Texas/24-008749-003/2024(H5N1)	285	3094
PA|PP755594.1|A/cattle/Texas/24-008749-003/2024(H5N1)	286	3089
PA|PP755594.1|A/cattle/Texas/24-008749-003/2024(H5N1)	287	3084
PA|PP755594.1|A/cattle/Texas/24-008749-003/2024(H5N1)	288	3073
PA|PP755594.1|A/cattle/Texas/24-008749-003/2024(H5N1)	289	3065
PA|PP755594.1|A/cattle/Texas/24-008749-003/2024(H5N1)	290	3066
PA|PP755594.1|A/cattle/Texas/24-008749-003/2024(H5N1)	291	2945
PA|PP755594.1|A/cattle/Texas/24-008749-003/2024(H5N1)	292	2944
PA|PP755594.1|A/cattle/Texas/24-008749-003/2024(H5N1)	293	2935
PA|PP755594.1|A/cattle/Texas/24-008749-003/2024(H5N1)	294	2859
PA|PP755594.1|A/cattle/Texas/24-008749-003/2024(H5N1)	295	2857
PA|PP755594.1|A/cattle/Texas/24-008749-003/2024(H5N1)	296	2857
PA|PP755594.1|A/cattle/Texas/24-008749-003/2024(H5N1)	297	2822
PA|PP755594.1|A/cattle/Texas/24-008749-003/2024(H5N1)	298	2832
PA|PP755594.1|A/cattle/Texas/24-008749-003/2024(H5N1)	299	2832
PA|PP755594.1|A/cattle/Texas/24-008749-003/2024(H5N1)	300	2830
PA|PP755594.1|A/cattle/Texas/24-008749-003/2024(H5N1)	301	2830
PA|PP755594.1|A/cattle/Texas/24-008749-003/2024(H5N1)	302	2821
PA|PP755594.1|A/cattle/Texas/24-008749-003/2024(H5N1)	303	2814
PA|PP755594.1|A/cattle/Texas/24-008749-003/2024(H5N1)	304	2817
PA|PP755594.1|A/cattle/Texas/24-008749-003/2024(H5N1)	305	2808
PA|PP755594.1|A/cattle/Texas/24-008749-003/2024(H5N1)	306	2809
PA|PP755594.1|A/cattle/Texas/24-008749-003/2024(H5N1)	307	2791
PA|PP755594.1|A/cattle/Texas/24-008749-003/2024(H5N1)	308	2768
PA|PP755594.1|A/cattle/Texas/24-008749-003/2024(H5N1)	309	2760
PA|PP755594.1|A/cattle/Texas/24-008749-003/2024(H5N1)	310	2756
PA|PP755594.1|A/cattle/Texas/24-008749-003/2024(H5N1)	311	2755
PA|PP755594.1|A/cattle/Texas/24-008749-003/2024(H5N1)	312	2727
PA|PP755594.1|A/cattle/Texas/24-008749-003/2024(H5N1)	313	2748
PA|PP755594.1|A/cattle/Texas/24-008749-003/2024(H5N1)	314	2721
PA|PP755594.1|A/cattle/Texas/24-008749-003/2024(H5N1)	315	2688
PA|PP755594.1|A/cattle/Texas/24-008749-003/2024(H5N1)	316	2610
PA|PP755594.1|A/cattle/Texas/24-008749-003/2024(H5N1)	317	2608
PA|PP755594.1|A/cattle/Texas/24-008749-003/2024(H5N1)	318	2596
PA|PP755594.1|A/cattle/Texas/24-008749-003/2024(H5N1)	319	2594
PA|PP755594.1|A/cattle/Texas/24-008749-003/2024(H5N1)	320	2556
PA|PP755594.1|A/cattle/Texas/24-008749-003/2024(H5N1)	321	2522
PA|PP755594.1|A/cattle/Texas/24-008749-003/2024(H5N1)	322	2523
PA|PP755594.1|A/cattle/Texas/24-008749-003/2024(H5N1)	323	2523
PA|PP755594.1|A/cattle/Texas/24-008749-003/2024(H5N1)	324	2518
PA|PP755594.1|A/cattle/Texas/24-008749-003/2024(H5N1)	325	2517
PA|PP755594.1|A/cattle/Texas/24-008749-003/2024(H5N1)	326	2499
PA|PP755594.1|A/cattle/Texas/24-008749-003/2024(H5N1)	327	2483
PA|PP755594.1|A/cattle/Texas/24-008749-003/2024(H5N1)	328	2451
PA|PP755594.1|A/cattle/Texas/24-008749-003/2024(H5N1)	329	2447
PA|PP755594.1|A/cattle/Texas/24-008749-003/2024(H5N1)	330	2419
PA|PP755594.1|A/cattle/Texas/24-008749-003/2024(H5N1)	331	2390
PA|PP755594.1|A/cattle/Texas/24-008749-003/2024(H5N1)	332	2167
PA|PP755594.1|A/cattle/Texas/24-008749-003/2024(H5N1)	333	1970
PA|PP755594.1|A/cattle/Texas/24-008749-003/2024(H5N1)	334	1968
PA|PP755594.1|A/cattle/Texas/24-008749-003/2024(H5N1)	335	1959
PA|PP755594.1|A/cattle/Texas/24-008749-003/2024(H5N1)	336	1931
PA|PP755594.1|A/cattle/Texas/24-008749-003/2024(H5N1)	337	1920
PA|PP755594.1|A/cattle/Texas/24-008749-003/2024(H5N1)	338	1910
PA|PP755594.1|A/cattle/Texas/24-008749-003/2024(H5N1)	339	1908
PA|PP755594.1|A/cattle/Texas/24-008749-003/2024(H5N1)	340	1909
PA|PP755594.1|A/cattle/Texas/24-008749-003/2024(H5N1)	341	1909
PA|PP755594.1|A/cattle/Texas/24-008749-003/2024(H5N1)	342	1909
PA|PP755594.1|A/cattle/Texas/24-008749-003/2024(H5N1)	343	1908
PA|PP755594.1|A/cattle/Texas/24-008749-003/2024(H5N1)	344	1906
PA|PP755594.1|A/cattle/Texas/24-008749-003/2024(H5N1)	345	1900
PA|PP755594.1|A/cattle/Texas/24-008749-003/2024(H5N1)	346	1877
PA|PP755594.1|A/cattle/Texas/24-008749-003/2024(H5N1)	347	1877
PA|PP755594.1|A/cattle/Texas/24-008749-003/2024(H5N1)	348	1877
PA|PP755594.1|A/cattle/Texas/24-008749-003/2024(H5N1)	349	1875
PA|PP755594.1|A/cattle/Texas/24-008749-003/2024(H5N1)	350	1874
PA|PP755594.1|A/cattle/Texas/24-008749-003/2024(H5N1)	351	1834
PA|PP755594.1|A/cattle/Texas/24-008749-003/2024(H5N1)	352	1833
PA|PP755594.1|A/cattle/Texas/24-008749-003/2024(H5N1)	353	1827
PA|PP755594.1|A/cattle/Texas/24-008749-003/2024(H5N1)	354	1819
PA|PP755594.1|A/cattle/Texas/24-008749-003/2024(H5N1)	355	1816
PA|PP755594.1|A/cattle/Texas/24-008749-003/2024(H5N1)	356	1791
PA|PP755594.1|A/cattle/Texas/24-008749-003/2024(H5N1)	357	1730
PA|PP755594.1|A/cattle/Texas/24-008749-003/2024(H5N1)	358	1726
PA|PP755594.1|A/cattle/Texas/24-008749-003/2024(H5N1)	359	1717
PA|PP755594.1|A/cattle/Texas/24-008749-003/2024(H5N1)	360	1705
PA|PP755594.1|A/cattle/Texas/24-008749-003/2024(H5N1)	361	1703
PA|PP755594.1|A/cattle/Texas/24-008749-003/2024(H5N1)	362	1570
PA|PP755594.1|A/cattle/Texas/24-008749-003/2024(H5N1)	363	1568
PA|PP755594.1|A/cattle/Texas/24-008749-003/2024(H5N1)	364	1550
PA|PP755594.1|A/cattle/Texas/24-008749-003/2024(H5N1)	365	1487
PA|PP755594.1|A/cattle/Texas/24-008749-003/2024(H5N1)	366	39
PA|PP755594.1|A/cattle/Texas/24-008749-003/2024(H5N1)	367	39
PA|PP755594.1|A/cattle/Texas/24-008749-003/2024(H5N1)	368	36
PA|PP755594.1|A/cattle/Texas/24-008749-003/2024(H5N1)	369	36
PA|PP755594.1|A/cattle/Texas/24-008749-003/2024(H5N1)	370	36
PA|PP755594.1|A/cattle/Texas/24-008749-003/2024(H5N1)	371	36
PA|PP755594.1|A/cattle/Texas/24-008749-003/2024(H5N1)	372	30
PA|PP755594.1|A/cattle/Texas/24-008749-003/2024(H5N1)	373	30
PA|PP755594.1|A/cattle/Texas/24-008749-003/2024(H5N1)	374	30
PA|PP755594.1|A/cattle/Texas/24-008749-003/2024(H5N1)	375	30
PA|PP755594.1|A/cattle/Texas/24-008749-003/2024(H5N1)	376	30
PA|PP755594.1|A/cattle/Texas/24-008749-003/2024(H5N1)	377	30
PA|PP755594.1|A/cattle/Texas/24-008749-003/2024(H5N1)	378	30
PA|PP755594.1|A/cattle/Texas/24-008749-003/2024(H5N1)	379	30
PA|PP755594.1|A/cattle/Texas/24-008749-003/2024(H5N1)	380	30
PA|PP755594.1|A/cattle/Texas/24-008749-003/2024(H5N1)	381	30
PA|PP755594.1|A/cattle/Texas/24-008749-003/2024(H5N1)	382	30
PA|PP755594.1|A/cattle/Texas/24-008749-003/2024(H5N1)	383	30
PA|PP755594.1|A/cattle/Texas/24-008749-003/2024(H5N1)	384	30
PA|PP755594.1|A/cattle/Texas/24-008749-003/2024(H5N1)	385	30
PA|PP755594.1|A/cattle/Texas/24-008749-003/2024(H5N1)	386	30
PA|PP755594.1|A/cattle/Texas/24-008749-003/2024(H5N1)	387	30
PA|PP755594.1|A/cattle/Texas/24-008749-003/2024(H5N1)	388	30
PA|PP755594.1|A/cattle/Texas/24-008749-003/2024(H5N1)	389	30
PA|PP755594.1|A/cattle/Texas/24-008749-003/2024(H5N1)	390	30
PA|PP755594.1|A/cattle/Texas/24-008749-003/2024(H5N1)	391	30
PA|PP755594.1|A/cattle/Texas/24-008749-003/2024(H5N1)	392	30
PA|PP755594.1|A/cattle/Texas/24-008749-003/2024(H5N1)	393	30
PA|PP755594.1|A/cattle/Texas/24-008749-003/2024(H5N1)	394	30
PA|PP755594.1|A/cattle/Texas/24-008749-003/2024(H5N1)	395	30
PA|PP755594.1|A/cattle/Texas/24-008749-003/2024(H5N1)	396	30
PA|PP755594.1|A/cattle/Texas/24-008749-003/2024(H5N1)	397	43
PA|PP755594.1|A/cattle/Texas/24-008749-003/2024(H5N1)	398	44
PA|PP755594.1|A/cattle/Texas/24-008749-003/2024(H5N1)	399	47
PA|PP755594.1|A/cattle/Texas/24-008749-003/2024(H5N1)	400	3264
PA|PP755594.1|A/cattle/Texas/24-008749-003/2024(H5N1)	401	3282
PA|PP755594.1|A/cattle/Texas/24-008749-003/2024(H5N1)	402	3287
PA|PP755594.1|A/cattle/Texas/24-008749-003/2024(H5N1)	403	3301
PA|PP755594.1|A/cattle/Texas/24-008749-003/2024(H5N1)	404	3316
PA|PP755594.1|A/cattle/Texas/24-008749-003/2024(H5N1)	405	3333
PA|PP755594.1|A/cattle/Texas/24-008749-003/2024(H5N1)	406	3333
PA|PP755594.1|A/cattle/Texas/24-008749-003/2024(H5N1)	407	3350
PA|PP755594.1|A/cattle/Texas/24-008749-003/2024(H5N1)	408	3350
PA|PP755594.1|A/cattle/Texas/24-008749-003/2024(H5N1)	409	3387
PA|PP755594.1|A/cattle/Texas/24-008749-003/2024(H5N1)	410	3388
PA|PP755594.1|A/cattle/Texas/24-008749-003/2024(H5N1)	411	3425
PA|PP755594.1|A/cattle/Texas/24-008749-003/2024(H5N1)	412	3440
PA|PP755594.1|A/cattle/Texas/24-008749-003/2024(H5N1)	413	3449
PA|PP755594.1|A/cattle/Texas/24-008749-003/2024(H5N1)	414	3473
PA|PP755594.1|A/cattle/Texas/24-008749-003/2024(H5N1)	415	3619
PA|PP755594.1|A/cattle/Texas/24-008749-003/2024(H5N1)	416	3620
PA|PP755594.1|A/cattle/Texas/24-008749-003/2024(H5N1)	417	3642
PA|PP755594.1|A/cattle/Texas/24-008749-003/2024(H5N1)	418	3646
PA|PP755594.1|A/cattle/Texas/24-008749-003/2024(H5N1)	419	3507
PA|PP755594.1|A/cattle/Texas/24-008749-003/2024(H5N1)	420	3403
PA|PP755594.1|A/cattle/Texas/24-008749-003/2024(H5N1)	421	3403
PA|PP755594.1|A/cattle/Texas/24-008749-003/2024(H5N1)	422	3406
PA|PP755594.1|A/cattle/Texas/24-008749-003/2024(H5N1)	423	3408
PA|PP755594.1|A/cattle/Texas/24-008749-003/2024(H5N1)	424	3427
PA|PP755594.1|A/cattle/Texas/24-008749-003/2024(H5N1)	425	3428
PA|PP755594.1|A/cattle/Texas/24-008749-003/2024(H5N1)	426	3419
PA|PP755594.1|A/cattle/Texas/24-008749-003/2024(H5N1)	427	3540
PA|PP755594.1|A/cattle/Texas/24-008749-003/2024(H5N1)	428	3561
PA|PP755594.1|A/cattle/Texas/24-008749-003/2024(H5N1)	429	3561
PA|PP755594.1|A/cattle/Texas/24-008749-003/2024(H5N1)	430	3585
PA|PP755594.1|A/cattle/Texas/24-008749-003/2024(H5N1)	431	3580
PA|PP755594.1|A/cattle/Texas/24-008749-003/2024(H5N1)	432	3372
PA|PP755594.1|A/cattle/Texas/24-008749-003/2024(H5N1)	433	3391
PA|PP755594.1|A/cattle/Texas/24-008749-003/2024(H5N1)	434	3398
PA|PP755594.1|A/cattle/Texas/24-008749-003/2024(H5N1)	435	3370
PA|PP755594.1|A/cattle/Texas/24-008749-003/2024(H5N1)	436	3584
PA|PP755594.1|A/cattle/Texas/24-008749-003/2024(H5N1)	437	3688
PA|PP755594.1|A/cattle/Texas/24-008749-003/2024(H5N1)	438	3654
PA|PP755594.1|A/cattle/Texas/24-008749-003/2024(H5N1)	439	3624
PA|PP755594.1|A/cattle/Texas/24-008749-003/2024(H5N1)	440	3638
PA|PP755594.1|A/cattle/Texas/24-008749-003/2024(H5N1)	441	3486
PA|PP755594.1|A/cattle/Texas/24-008749-003/2024(H5N1)	442	3512
PA|PP755594.1|A/cattle/Texas/24-008749-003/2024(H5N1)	443	3499
PA|PP755594.1|A/cattle/Texas/24-008749-003/2024(H5N1)	444	3483
PA|PP755594.1|A/cattle/Texas/24-008749-003/2024(H5N1)	445	3480
PA|PP755594.1|A/cattle/Texas/24-008749-003/2024(H5N1)	446	3503
PA|PP755594.1|A/cattle/Texas/24-008749-003/2024(H5N1)	447	3528
PA|PP755594.1|A/cattle/Texas/24-008749-003/2024(H5N1)	448	3528
PA|PP755594.1|A/cattle/Texas/24-008749-003/2024(H5N1)	449	3519
PA|PP755594.1|A/cattle/Texas/24-008749-003/2024(H5N1)	450	3518
PA|PP755594.1|A/cattle/Texas/24-008749-003/2024(H5N1)	451	3518
PA|PP755594.1|A/cattle/Texas/24-008749-003/2024(H5N1)	452	3528
PA|PP755594.1|A/cattle/Texas/24-008749-003/2024(H5N1)	453	3519
PA|PP755594.1|A/cattle/Texas/24-008749-003/2024(H5N1)	454	3535
PA|PP755594.1|A/cattle/Texas/24-008749-003/2024(H5N1)	455	3543
PA|PP755594.1|A/cattle/Texas/24-008749-003/2024(H5N1)	456	3519
PA|PP755594.1|A/cattle/Texas/24-008749-003/2024(H5N1)	457	3485
PA|PP755594.1|A/cattle/Texas/24-008749-003/2024(H5N1)	458	3455
PA|PP755594.1|A/cattle/Texas/24-008749-003/2024(H5N1)	459	3461
PA|PP755594.1|A/cattle/Texas/24-008749-003/2024(H5N1)	460	3573
PA|PP755594.1|A/cattle/Texas/24-008749-003/2024(H5N1)	461	3595
PA|PP755594.1|A/cattle/Texas/24-008749-003/2024(H5N1)	462	3597
PA|PP755594.1|A/cattle/Texas/24-008749-003/2024(H5N1)	463	3563
PA|PP755594.1|A/cattle/Texas/24-008749-003/2024(H5N1)	464	3550
PA|PP755594.1|A/cattle/Texas/24-008749-003/2024(H5N1)	465	3555
PA|PP755594.1|A/cattle/Texas/24-008749-003/2024(H5N1)	466	3544
PA|PP755594.1|A/cattle/Texas/24-008749-003/2024(H5N1)	467	3533
PA|PP755594.1|A/cattle/Texas/24-008749-003/2024(H5N1)	468	3530
PA|PP755594.1|A/cattle/Texas/24-008749-003/2024(H5N1)	469	3507
PA|PP755594.1|A/cattle/Texas/24-008749-003/2024(H5N1)	470	3503
PA|PP755594.1|A/cattle/Texas/24-008749-003/2024(H5N1)	471	3404
PA|PP755594.1|A/cattle/Texas/24-008749-003/2024(H5N1)	472	3430
PA|PP755594.1|A/cattle/Texas/24-008749-003/2024(H5N1)	473	3409
PA|PP755594.1|A/cattle/Texas/24-008749-003/2024(H5N1)	474	3403
PA|PP755594.1|A/cattle/Texas/24-008749-003/2024(H5N1)	475	3427
PA|PP755594.1|A/cattle/Texas/24-008749-003/2024(H5N1)	476	3427
PA|PP755594.1|A/cattle/Texas/24-008749-003/2024(H5N1)	477	3389
PA|PP755594.1|A/cattle/Texas/24-008749-003/2024(H5N1)	478	3745
PA|PP755594.1|A/cattle/Texas/24-008749-003/2024(H5N1)	479	3857
PA|PP755594.1|A/cattle/Texas/24-008749-003/2024(H5N1)	480	3910
PA|PP755594.1|A/cattle/Texas/24-008749-003/2024(H5N1)	481	3944
PA|PP755594.1|A/cattle/Texas/24-008749-003/2024(H5N1)	482	3935
PA|PP755594.1|A/cattle/Texas/24-008749-003/2024(H5N1)	483	3855
PA|PP755594.1|A/cattle/Texas/24-008749-003/2024(H5N1)	484	3859
PA|PP755594.1|A/cattle/Texas/24-008749-003/2024(H5N1)	485	3895
PA|PP755594.1|A/cattle/Texas/24-008749-003/2024(H5N1)	486	3910
PA|PP755594.1|A/cattle/Texas/24-008749-003/2024(H5N1)	487	3686
PA|PP755594.1|A/cattle/Texas/24-008749-003/2024(H5N1)	488	3666
PA|PP755594.1|A/cattle/Texas/24-008749-003/2024(H5N1)	489	3614
PA|PP755594.1|A/cattle/Texas/24-008749-003/2024(H5N1)	490	3605
PA|PP755594.1|A/cattle/Texas/24-008749-003/2024(H5N1)	491	3649
PA|PP755594.1|A/cattle/Texas/24-008749-003/2024(H5N1)	492	3638
PA|PP755594.1|A/cattle/Texas/24-008749-003/2024(H5N1)	493	3682
PA|PP755594.1|A/cattle/Texas/24-008749-003/2024(H5N1)	494	3656
PA|PP755594.1|A/cattle/Texas/24-008749-003/2024(H5N1)	495	3654
PA|PP755594.1|A/cattle/Texas/24-008749-003/2024(H5N1)	496	3655
PA|PP755594.1|A/cattle/Texas/24-008749-003/2024(H5N1)	497	3703
PA|PP755594.1|A/cattle/Texas/24-008749-003/2024(H5N1)	498	3690
PA|PP755594.1|A/cattle/Texas/24-008749-003/2024(H5N1)	499	3686
PA|PP755594.1|A/cattle/Texas/24-008749-003/2024(H5N1)	500	3708
PA|PP755594.1|A/cattle/Texas/24-008749-003/2024(H5N1)	501	3702
PA|PP755594.1|A/cattle/Texas/24-008749-003/2024(H5N1)	502	3656
PA|PP755594.1|A/cattle/Texas/24-008749-003/2024(H5N1)	503	3726
PA|PP755594.1|A/cattle/Texas/24-008749-003/2024(H5N1)	504	3725
PA|PP755594.1|A/cattle/Texas/24-008749-003/2024(H5N1)	505	3726
PA|PP755594.1|A/cattle/Texas/24-008749-003/2024(H5N1)	506	3689
PA|PP755594.1|A/cattle/Texas/24-008749-003/2024(H5N1)	507	3680
PA|PP755594.1|A/cattle/Texas/24-008749-003/2024(H5N1)	508	3649
PA|PP755594.1|A/cattle/Texas/24-008749-003/2024(H5N1)	509	3636
PA|PP755594.1|A/cattle/Texas/24-008749-003/2024(H5N1)	510	3202
PA|PP755594.1|A/cattle/Texas/24-008749-003/2024(H5N1)	511	3203
PA|PP755594.1|A/cattle/Texas/24-008749-003/2024(H5N1)	512	3155
PA|PP755594.1|A/cattle/Texas/24-008749-003/2024(H5N1)	513	3106
PA|PP755594.1|A/cattle/Texas/24-008749-003/2024(H5N1)	514	3108
PA|PP755594.1|A/cattle/Texas/24-008749-003/2024(H5N1)	515	3214
PA|PP755594.1|A/cattle/Texas/24-008749-003/2024(H5N1)	516	3214
PA|PP755594.1|A/cattle/Texas/24-008749-003/2024(H5N1)	517	3183
PA|PP755594.1|A/cattle/Texas/24-008749-003/2024(H5N1)	518	3136
PA|PP755594.1|A/cattle/Texas/24-008749-003/2024(H5N1)	519	3022
PA|PP755594.1|A/cattle/Texas/24-008749-003/2024(H5N1)	520	3064
PA|PP755594.1|A/cattle/Texas/24-008749-003/2024(H5N1)	521	3062
PA|PP755594.1|A/cattle/Texas/24-008749-003/2024(H5N1)	522	3036
PA|PP755594.1|A/cattle/Texas/24-008749-003/2024(H5N1)	523	3075
PA|PP755594.1|A/cattle/Texas/24-008749-003/2024(H5N1)	524	3084
PA|PP755594.1|A/cattle/Texas/24-008749-003/2024(H5N1)	525	3142
PA|PP755594.1|A/cattle/Texas/24-008749-003/2024(H5N1)	526	3667
PA|PP755594.1|A/cattle/Texas/24-008749-003/2024(H5N1)	527	3699
PA|PP755594.1|A/cattle/Texas/24-008749-003/2024(H5N1)	528	3710
PA|PP755594.1|A/cattle/Texas/24-008749-003/2024(H5N1)	529	3711
PA|PP755594.1|A/cattle/Texas/24-008749-003/2024(H5N1)	530	3858
PA|PP755594.1|A/cattle/Texas/24-008749-003/2024(H5N1)	531	3840
PA|PP755594.1|A/cattle/Texas/24-008749-003/2024(H5N1)	532	3862
PA|PP755594.1|A/cattle/Texas/24-008749-003/2024(H5N1)	533	3856
PA|PP755594.1|A/cattle/Texas/24-008749-003/2024(H5N1)	534	3796
PA|PP755594.1|A/cattle/Texas/24-008749-003/2024(H5N1)	535	3802
PA|PP755594.1|A/cattle/Texas/24-008749-003/2024(H5N1)	536	3787
PA|PP755594.1|A/cattle/Texas/24-008749-003/2024(H5N1)	537	3758
PA|PP755594.1|A/cattle/Texas/24-008749-003/2024(H5N1)	538	3707
PA|PP755594.1|A/cattle/Texas/24-008749-003/2024(H5N1)	539	3570
PA|PP755594.1|A/cattle/Texas/24-008749-003/2024(H5N1)	540	3567
PA|PP755594.1|A/cattle/Texas/24-008749-003/2024(H5N1)	541	3597
PA|PP755594.1|A/cattle/Texas/24-008749-003/2024(H5N1)	542	3699
PA|PP755594.1|A/cattle/Texas/24-008749-003/2024(H5N1)	543	3650
PA|PP755594.1|A/cattle/Texas/24-008749-003/2024(H5N1)	544	3645
PA|PP755594.1|A/cattle/Texas/24-008749-003/2024(H5N1)	545	3619
PA|PP755594.1|A/cattle/Texas/24-008749-003/2024(H5N1)	546	3643
PA|PP755594.1|A/cattle/Texas/24-008749-003/2024(H5N1)	547	3641
PA|PP755594.1|A/cattle/Texas/24-008749-003/2024(H5N1)	548	3626
PA|PP755594.1|A/cattle/Texas/24-008749-003/2024(H5N1)	549	3624
PA|PP755594.1|A/cattle/Texas/24-008749-003/2024(H5N1)	550	3589
PA|PP755594.1|A/cattle/Texas/24-008749-003/2024(H5N1)	551	3588
PA|PP755594.1|A/cattle/Texas/24-008749-003/2024(H5N1)	552	3452
PA|PP755594.1|A/cattle/Texas/24-008749-003/2024(H5N1)	553	3452
PA|PP755594.1|A/cattle/Texas/24-008749-003/2024(H5N1)	554	3445
PA|PP755594.1|A/cattle/Texas/24-008749-003/2024(H5N1)	555	3434
PA|PP755594.1|A/cattle/Texas/24-008749-003/2024(H5N1)	556	3458
PA|PP755594.1|A/cattle/Texas/24-008749-003/2024(H5N1)	557	3996
PA|PP755594.1|A/cattle/Texas/24-008749-003/2024(H5N1)	558	4028
PA|PP755594.1|A/cattle/Texas/24-008749-003/2024(H5N1)	559	4053
PA|PP755594.1|A/cattle/Texas/24-008749-003/2024(H5N1)	560	4054
PA|PP755594.1|A/cattle/Texas/24-008749-003/2024(H5N1)	561	4101
PA|PP755594.1|A/cattle/Texas/24-008749-003/2024(H5N1)	562	4218
PA|PP755594.1|A/cattle/Texas/24-008749-003/2024(H5N1)	563	4212
PA|PP755594.1|A/cattle/Texas/24-008749-003/2024(H5N1)	564	4236
PA|PP755594.1|A/cattle/Texas/24-008749-003/2024(H5N1)	565	4217
PA|PP755594.1|A/cattle/Texas/24-008749-003/2024(H5N1)	566	4059
PA|PP755594.1|A/cattle/Texas/24-008749-003/2024(H5N1)	567	4066
PA|PP755594.1|A/cattle/Texas/24-008749-003/2024(H5N1)	568	4048
PA|PP755594.1|A/cattle/Texas/24-008749-003/2024(H5N1)	569	4186
PA|PP755594.1|A/cattle/Texas/24-008749-003/2024(H5N1)	570	4186
PA|PP755594.1|A/cattle/Texas/24-008749-003/2024(H5N1)	571	4184
PA|PP755594.1|A/cattle/Texas/24-008749-003/2024(H5N1)	572	4190
PA|PP755594.1|A/cattle/Texas/24-008749-003/2024(H5N1)	573	4154
PA|PP755594.1|A/cattle/Texas/24-008749-003/2024(H5N1)	574	4182
PA|PP755594.1|A/cattle/Texas/24-008749-003/2024(H5N1)	575	4183
PA|PP755594.1|A/cattle/Texas/24-008749-003/2024(H5N1)	576	4207
PA|PP755594.1|A/cattle/Texas/24-008749-003/2024(H5N1)	577	4170
PA|PP755594.1|A/cattle/Texas/24-008749-003/2024(H5N1)	578	4042
PA|PP755594.1|A/cattle/Texas/24-008749-003/2024(H5N1)	579	4135
PA|PP755594.1|A/cattle/Texas/24-008749-003/2024(H5N1)	580	4301
PA|PP755594.1|A/cattle/Texas/24-008749-003/2024(H5N1)	581	4296
PA|PP755594.1|A/cattle/Texas/24-008749-003/2024(H5N1)	582	4173
PA|PP755594.1|A/cattle/Texas/24-008749-003/2024(H5N1)	583	4167
PA|PP755594.1|A/cattle/Texas/24-008749-003/2024(H5N1)	584	4150
PA|PP755594.1|A/cattle/Texas/24-008749-003/2024(H5N1)	585	4141
PA|PP755594.1|A/cattle/Texas/24-008749-003/2024(H5N1)	586	4153
PA|PP755594.1|A/cattle/Texas/24-008749-003/2024(H5N1)	587	4191
PA|PP755594.1|A/cattle/Texas/24-008749-003/2024(H5N1)	588	4138
PA|PP755594.1|A/cattle/Texas/24-008749-003/2024(H5N1)	589	4192
PA|PP755594.1|A/cattle/Texas/24-008749-003/2024(H5N1)	590	4200
PA|PP755594.1|A/cattle/Texas/24-008749-003/2024(H5N1)	591	4189
PA|PP755594.1|A/cattle/Texas/24-008749-003/2024(H5N1)	592	4187
PA|PP755594.1|A/cattle/Texas/24-008749-003/2024(H5N1)	593	4195
PA|PP755594.1|A/cattle/Texas/24-008749-003/2024(H5N1)	594	4201
PA|PP755594.1|A/cattle/Texas/24-008749-003/2024(H5N1)	595	4197
PA|PP755594.1|A/cattle/Texas/24-008749-003/2024(H5N1)	596	4209
PA|PP755594.1|A/cattle/Texas/24-008749-003/2024(H5N1)	597	4189
PA|PP755594.1|A/cattle/Texas/24-008749-003/2024(H5N1)	598	4162
PA|PP755594.1|A/cattle/Texas/24-008749-003/2024(H5N1)	599	4179
PA|PP755594.1|A/cattle/Texas/24-008749-003/2024(H5N1)	600	4182
PA|PP755594.1|A/cattle/Texas/24-008749-003/2024(H5N1)	601	4212
PA|PP755594.1|A/cattle/Texas/24-008749-003/2024(H5N1)	602	4213
PA|PP755594.1|A/cattle/Texas/24-008749-003/2024(H5N1)	603	4201
PA|PP755594.1|A/cattle/Texas/24-008749-003/2024(H5N1)	604	4217
PA|PP755594.1|A/cattle/Texas/24-008749-003/2024(H5N1)	605	4271
PA|PP755594.1|A/cattle/Texas/24-008749-003/2024(H5N1)	606	4256
PA|PP755594.1|A/cattle/Texas/24-008749-003/2024(H5N1)	607	4258
PA|PP755594.1|A/cattle/Texas/24-008749-003/2024(H5N1)	608	4260
PA|PP755594.1|A/cattle/Texas/24-008749-003/2024(H5N1)	609	4263
PA|PP755594.1|A/cattle/Texas/24-008749-003/2024(H5N1)	610	4239
PA|PP755594.1|A/cattle/Texas/24-008749-003/2024(H5N1)	611	4196
PA|PP755594.1|A/cattle/Texas/24-008749-003/2024(H5N1)	612	4249
PA|PP755594.1|A/cattle/Texas/24-008749-003/2024(H5N1)	613	4249
PA|PP755594.1|A/cattle/Texas/24-008749-003/2024(H5N1)	614	4251
PA|PP755594.1|A/cattle/Texas/24-008749-003/2024(H5N1)	615	4262
PA|PP755594.1|A/cattle/Texas/24-008749-003/2024(H5N1)	616	4258
PA|PP755594.1|A/cattle/Texas/24-008749-003/2024(H5N1)	617	4258
PA|PP755594.1|A/cattle/Texas/24-008749-003/2024(H5N1)	618	4256
PA|PP755594.1|A/cattle/Texas/24-008749-003/2024(H5N1)	619	4214
PA|PP755594.1|A/cattle/Texas/24-008749-003/2024(H5N1)	620	4248
PA|PP755594.1|A/cattle/Texas/24-008749-003/2024(H5N1)	621	4339
PA|PP755594.1|A/cattle/Texas/24-008749-003/2024(H5N1)	622	4339
PA|PP755594.1|A/cattle/Texas/24-008749-003/2024(H5N1)	623	4343
PA|PP755594.1|A/cattle/Texas/24-008749-003/2024(H5N1)	624	4343
PA|PP755594.1|A/cattle/Texas/24-008749-003/2024(H5N1)	625	4360
PA|PP755594.1|A/cattle/Texas/24-008749-003/2024(H5N1)	626	4396
PA|PP755594.1|A/cattle/Texas/24-008749-003/2024(H5N1)	627	4412
PA|PP755594.1|A/cattle/Texas/24-008749-003/2024(H5N1)	628	4443
PA|PP755594.1|A/cattle/Texas/24-008749-003/2024(H5N1)	629	4239
PA|PP755594.1|A/cattle/Texas/24-008749-003/2024(H5N1)	630	4082
PA|PP755594.1|A/cattle/Texas/24-008749-003/2024(H5N1)	631	4089
PA|PP755594.1|A/cattle/Texas/24-008749-003/2024(H5N1)	632	4083
PA|PP755594.1|A/cattle/Texas/24-008749-003/2024(H5N1)	633	4112
PA|PP755594.1|A/cattle/Texas/24-008749-003/2024(H5N1)	634	4102
PA|PP755594.1|A/cattle/Texas/24-008749-003/2024(H5N1)	635	4091
PA|PP755594.1|A/cattle/Texas/24-008749-003/2024(H5N1)	636	4062
PA|PP755594.1|A/cattle/Texas/24-008749-003/2024(H5N1)	637	4018
PA|PP755594.1|A/cattle/Texas/24-008749-003/2024(H5N1)	638	4104
PA|PP755594.1|A/cattle/Texas/24-008749-003/2024(H5N1)	639	4132
PA|PP755594.1|A/cattle/Texas/24-008749-003/2024(H5N1)	640	4128
PA|PP755594.1|A/cattle/Texas/24-008749-003/2024(H5N1)	641	4107
PA|PP755594.1|A/cattle/Texas/24-008749-003/2024(H5N1)	642	4067
PA|PP755594.1|A/cattle/Texas/24-008749-003/2024(H5N1)	643	4066
PA|PP755594.1|A/cattle/Texas/24-008749-003/2024(H5N1)	644	4141
PA|PP755594.1|A/cattle/Texas/24-008749-003/2024(H5N1)	645	4146
PA|PP755594.1|A/cattle/Texas/24-008749-003/2024(H5N1)	646	4164
PA|PP755594.1|A/cattle/Texas/24-008749-003/2024(H5N1)	647	4155
PA|PP755594.1|A/cattle/Texas/24-008749-003/2024(H5N1)	648	4198
PA|PP755594.1|A/cattle/Texas/24-008749-003/2024(H5N1)	649	4296
PA|PP755594.1|A/cattle/Texas/24-008749-003/2024(H5N1)	650	4305
PA|PP755594.1|A/cattle/Texas/24-008749-003/2024(H5N1)	651	4294
PA|PP755594.1|A/cattle/Texas/24-008749-003/2024(H5N1)	652	4282
PA|PP755594.1|A/cattle/Texas/24-008749-003/2024(H5N1)	653	4280
PA|PP755594.1|A/cattle/Texas/24-008749-003/2024(H5N1)	654	4201
PA|PP755594.1|A/cattle/Texas/24-008749-003/2024(H5N1)	655	4095
PA|PP755594.1|A/cattle/Texas/24-008749-003/2024(H5N1)	656	4085
PA|PP755594.1|A/cattle/Texas/24-008749-003/2024(H5N1)	657	4096
PA|PP755594.1|A/cattle/Texas/24-008749-003/2024(H5N1)	658	4273
PA|PP755594.1|A/cattle/Texas/24-008749-003/2024(H5N1)	659	4287
PA|PP755594.1|A/cattle/Texas/24-008749-003/2024(H5N1)	660	4317
PA|PP755594.1|A/cattle/Texas/24-008749-003/2024(H5N1)	661	4128
PA|PP755594.1|A/cattle/Texas/24-008749-003/2024(H5N1)	662	4096
PA|PP755594.1|A/cattle/Texas/24-008749-003/2024(H5N1)	663	4100
PA|PP755594.1|A/cattle/Texas/24-008749-003/2024(H5N1)	664	4139
PA|PP755594.1|A/cattle/Texas/24-008749-003/2024(H5N1)	665	4144
PA|PP755594.1|A/cattle/Texas/24-008749-003/2024(H5N1)	666	4059
PA|PP755594.1|A/cattle/Texas/24-008749-003/2024(H5N1)	667	4032
PA|PP755594.1|A/cattle/Texas/24-008749-003/2024(H5N1)	668	4154
PA|PP755594.1|A/cattle/Texas/24-008749-003/2024(H5N1)	669	4136
PA|PP755594.1|A/cattle/Texas/24-008749-003/2024(H5N1)	670	4132
PA|PP755594.1|A/cattle/Texas/24-008749-003/2024(H5N1)	671	4133
PA|PP755594.1|A/cattle/Texas/24-008749-003/2024(H5N1)	672	4114
PA|PP755594.1|A/cattle/Texas/24-008749-003/2024(H5N1)	673	4067
PA|PP755594.1|A/cattle/Texas/24-008749-003/2024(H5N1)	674	4105
PA|PP755594.1|A/cattle/Texas/24-008749-003/2024(H5N1)	675	4115
PA|PP755594.1|A/cattle/Texas/24-008749-003/2024(H5N1)	676	4133
PA|PP755594.1|A/cattle/Texas/24-008749-003/2024(H5N1)	677	4044
PA|PP755594.1|A/cattle/Texas/24-008749-003/2024(H5N1)	678	4028
PA|PP755594.1|A/cattle/Texas/24-008749-003/2024(H5N1)	679	4019
PA|PP755594.1|A/cattle/Texas/24-008749-003/2024(H5N1)	680	4324
PA|PP755594.1|A/cattle/Texas/24-008749-003/2024(H5N1)	681	4203
PA|PP755594.1|A/cattle/Texas/24-008749-003/2024(H5N1)	682	4214
PA|PP755594.1|A/cattle/Texas/24-008749-003/2024(H5N1)	683	4203
PA|PP755594.1|A/cattle/Texas/24-008749-003/2024(H5N1)	684	4326
PA|PP755594.1|A/cattle/Texas/24-008749-003/2024(H5N1)	685	4460
PA|PP755594.1|A/cattle/Texas/24-008749-003/2024(H5N1)	686	4461
PA|PP755594.1|A/cattle/Texas/24-008749-003/2024(H5N1)	687	4427
PA|PP755594.1|A/cattle/Texas/24-008749-003/2024(H5N1)	688	4425
PA|PP755594.1|A/cattle/Texas/24-008749-003/2024(H5N1)	689	4435
PA|PP755594.1|A/cattle/Texas/24-008749-003/2024(H5N1)	690	4438
PA|PP755594.1|A/cattle/Texas/24-008749-003/2024(H5N1)	691	4525
PA|PP755594.1|A/cattle/Texas/24-008749-003/2024(H5N1)	692	4506
PA|PP755594.1|A/cattle/Texas/24-008749-003/2024(H5N1)	693	4411
PA|PP755594.1|A/cattle/Texas/24-008749-003/2024(H5N1)	694	4406
PA|PP755594.1|A/cattle/Texas/24-008749-003/2024(H5N1)	695	4504
PA|PP755594.1|A/cattle/Texas/24-008749-003/2024(H5N1)	696	4505
PA|PP755594.1|A/cattle/Texas/24-008749-003/2024(H5N1)	697	4491
PA|PP755594.1|A/cattle/Texas/24-008749-003/2024(H5N1)	698	4476
PA|PP755594.1|A/cattle/Texas/24-008749-003/2024(H5N1)	699	4493
PA|PP755594.1|A/cattle/Texas/24-008749-003/2024(H5N1)	700	4413
PA|PP755594.1|A/cattle/Texas/24-008749-003/2024(H5N1)	701	4416
PA|PP755594.1|A/cattle/Texas/24-008749-003/2024(H5N1)	702	4333
PA|PP755594.1|A/cattle/Texas/24-008749-003/2024(H5N1)	703	4315
PA|PP755594.1|A/cattle/Texas/24-008749-003/2024(H5N1)	704	4399
PA|PP755594.1|A/cattle/Texas/24-008749-003/2024(H5N1)	705	4397
PA|PP755594.1|A/cattle/Texas/24-008749-003/2024(H5N1)	706	4379
PA|PP755594.1|A/cattle/Texas/24-008749-003/2024(H5N1)	707	4378
PA|PP755594.1|A/cattle/Texas/24-008749-003/2024(H5N1)	708	4147
PA|PP755594.1|A/cattle/Texas/24-008749-003/2024(H5N1)	709	4164
PA|PP755594.1|A/cattle/Texas/24-008749-003/2024(H5N1)	710	4182
PA|PP755594.1|A/cattle/Texas/24-008749-003/2024(H5N1)	711	4175
PA|PP755594.1|A/cattle/Texas/24-008749-003/2024(H5N1)	712	4159
PA|PP755594.1|A/cattle/Texas/24-008749-003/2024(H5N1)	713	4035
PA|PP755594.1|A/cattle/Texas/24-008749-003/2024(H5N1)	714	4040
PA|PP755594.1|A/cattle/Texas/24-008749-003/2024(H5N1)	715	4012
PA|PP755594.1|A/cattle/Texas/24-008749-003/2024(H5N1)	716	4009
PA|PP755594.1|A/cattle/Texas/24-008749-003/2024(H5N1)	717	4049
PA|PP755594.1|A/cattle/Texas/24-008749-003/2024(H5N1)	718	4042
PA|PP755594.1|A/cattle/Texas/24-008749-003/2024(H5N1)	719	4176
PA|PP755594.1|A/cattle/Texas/24-008749-003/2024(H5N1)	720	4044
PA|PP755594.1|A/cattle/Texas/24-008749-003/2024(H5N1)	721	4024
PA|PP755594.1|A/cattle/Texas/24-008749-003/2024(H5N1)	722	4111
PA|PP755594.1|A/cattle/Texas/24-008749-003/2024(H5N1)	723	4132
PA|PP755594.1|A/cattle/Texas/24-008749-003/2024(H5N1)	724	4151
PA|PP755594.1|A/cattle/Texas/24-008749-003/2024(H5N1)	725	4129
PA|PP755594.1|A/cattle/Texas/24-008749-003/2024(H5N1)	726	4086
PA|PP755594.1|A/cattle/Texas/24-008749-003/2024(H5N1)	727	4092
PA|PP755594.1|A/cattle/Texas/24-008749-003/2024(H5N1)	728	3961
PA|PP755594.1|A/cattle/Texas/24-008749-003/2024(H5N1)	729	4010
PA|PP755594.1|A/cattle/Texas/24-008749-003/2024(H5N1)	730	3890
PA|PP755594.1|A/cattle/Texas/24-008749-003/2024(H5N1)	731	3869
PA|PP755594.1|A/cattle/Texas/24-008749-003/2024(H5N1)	732	3849
PA|PP755594.1|A/cattle/Texas/24-008749-003/2024(H5N1)	733	3861
PA|PP755594.1|A/cattle/Texas/24-008749-003/2024(H5N1)	734	3867
PA|PP755594.1|A/cattle/Texas/24-008749-003/2024(H5N1)	735	3903
PA|PP755594.1|A/cattle/Texas/24-008749-003/2024(H5N1)	736	3874
PA|PP755594.1|A/cattle/Texas/24-008749-003/2024(H5N1)	737	3874
PA|PP755594.1|A/cattle/Texas/24-008749-003/2024(H5N1)	738	3843
PA|PP755594.1|A/cattle/Texas/24-008749-003/2024(H5N1)	739	3856
PA|PP755594.1|A/cattle/Texas/24-008749-003/2024(H5N1)	740	3826
PA|PP755594.1|A/cattle/Texas/24-008749-003/2024(H5N1)	741	3825
PA|PP755594.1|A/cattle/Texas/24-008749-003/2024(H5N1)	742	3841
PA|PP755594.1|A/cattle/Texas/24-008749-003/2024(H5N1)	743	3833
PA|PP755594.1|A/cattle/Texas/24-008749-003/2024(H5N1)	744	3870
PA|PP755594.1|A/cattle/Texas/24-008749-003/2024(H5N1)	745	3887
PA|PP755594.1|A/cattle/Texas/24-008749-003/2024(H5N1)	746	3911
PA|PP755594.1|A/cattle/Texas/24-008749-003/2024(H5N1)	747	3971
PA|PP755594.1|A/cattle/Texas/24-008749-003/2024(H5N1)	748	3978
PA|PP755594.1|A/cattle/Texas/24-008749-003/2024(H5N1)	749	3976
PA|PP755594.1|A/cattle/Texas/24-008749-003/2024(H5N1)	750	3975
PA|PP755594.1|A/cattle/Texas/24-008749-003/2024(H5N1)	751	3975
PA|PP755594.1|A/cattle/Texas/24-008749-003/2024(H5N1)	752	3963
PA|PP755594.1|A/cattle/Texas/24-008749-003/2024(H5N1)	753	3962
PA|PP755594.1|A/cattle/Texas/24-008749-003/2024(H5N1)	754	3990
PA|PP755594.1|A/cattle/Texas/24-008749-003/2024(H5N1)	755	4004
PA|PP755594.1|A/cattle/Texas/24-008749-003/2024(H5N1)	756	3929
PA|PP755594.1|A/cattle/Texas/24-008749-003/2024(H5N1)	757	3949
PA|PP755594.1|A/cattle/Texas/24-008749-003/2024(H5N1)	758	4032
PA|PP755594.1|A/cattle/Texas/24-008749-003/2024(H5N1)	759	4043
PA|PP755594.1|A/cattle/Texas/24-008749-003/2024(H5N1)	760	4351
PA|PP755594.1|A/cattle/Texas/24-008749-003/2024(H5N1)	761	4339
PA|PP755594.1|A/cattle/Texas/24-008749-003/2024(H5N1)	762	4362
PA|PP755594.1|A/cattle/Texas/24-008749-003/2024(H5N1)	763	4298
PA|PP755594.1|A/cattle/Texas/24-008749-003/2024(H5N1)	764	4300
PA|PP755594.1|A/cattle/Texas/24-008749-003/2024(H5N1)	765	4299
PA|PP755594.1|A/cattle/Texas/24-008749-003/2024(H5N1)	766	4284
PA|PP755594.1|A/cattle/Texas/24-008749-003/2024(H5N1)	767	4319
PA|PP755594.1|A/cattle/Texas/24-008749-003/2024(H5N1)	768	4814
PA|PP755594.1|A/cattle/Texas/24-008749-003/2024(H5N1)	769	4824
PA|PP755594.1|A/cattle/Texas/24-008749-003/2024(H5N1)	770	4908
PA|PP755594.1|A/cattle/Texas/24-008749-003/2024(H5N1)	771	4818
PA|PP755594.1|A/cattle/Texas/24-008749-003/2024(H5N1)	772	4704
PA|PP755594.1|A/cattle/Texas/24-008749-003/2024(H5N1)	773	4691
PA|PP755594.1|A/cattle/Texas/24-008749-003/2024(H5N1)	774	4653
PA|PP755594.1|A/cattle/Texas/24-008749-003/2024(H5N1)	775	4697
PA|PP755594.1|A/cattle/Texas/24-008749-003/2024(H5N1)	776	4643
PA|PP755594.1|A/cattle/Texas/24-008749-003/2024(H5N1)	777	4651
PA|PP755594.1|A/cattle/Texas/24-008749-003/2024(H5N1)	778	4668
PA|PP755594.1|A/cattle/Texas/24-008749-003/2024(H5N1)	779	4615
PA|PP755594.1|A/cattle/Texas/24-008749-003/2024(H5N1)	780	4630
PA|PP755594.1|A/cattle/Texas/24-008749-003/2024(H5N1)	781	4624
PA|PP755594.1|A/cattle/Texas/24-008749-003/2024(H5N1)	782	4631
PA|PP755594.1|A/cattle/Texas/24-008749-003/2024(H5N1)	783	4607
PA|PP755594.1|A/cattle/Texas/24-008749-003/2024(H5N1)	784	4578
PA|PP755594.1|A/cattle/Texas/24-008749-003/2024(H5N1)	785	4675
PA|PP755594.1|A/cattle/Texas/24-008749-003/2024(H5N1)	786	4703
PA|PP755594.1|A/cattle/Texas/24-008749-003/2024(H5N1)	787	4690
PA|PP755594.1|A/cattle/Texas/24-008749-003/2024(H5N1)	788	4642
PA|PP755594.1|A/cattle/Texas/24-008749-003/2024(H5N1)	789	4629
PA|PP755594.1|A/cattle/Texas/24-008749-003/2024(H5N1)	790	4674
PA|PP755594.1|A/cattle/Texas/24-008749-003/2024(H5N1)	791	4743
PA|PP755594.1|A/cattle/Texas/24-008749-003/2024(H5N1)	792	4739
PA|PP755594.1|A/cattle/Texas/24-008749-003/2024(H5N1)	793	4734
PA|PP755594.1|A/cattle/Texas/24-008749-003/2024(H5N1)	794	4626
PA|PP755594.1|A/cattle/Texas/24-008749-003/2024(H5N1)	795	4611
PA|PP755594.1|A/cattle/Texas/24-008749-003/2024(H5N1)	796	4586
PA|PP755594.1|A/cattle/Texas/24-008749-003/2024(H5N1)	797	4553
PA|PP755594.1|A/cattle/Texas/24-008749-003/2024(H5N1)	798	4550
PA|PP755594.1|A/cattle/Texas/24-008749-003/2024(H5N1)	799	4487
PA|PP755594.1|A/cattle/Texas/24-008749-003/2024(H5N1)	800	4442
PA|PP755594.1|A/cattle/Texas/24-008749-003/2024(H5N1)	801	4435
PA|PP755594.1|A/cattle/Texas/24-008749-003/2024(H5N1)	802	4404
PA|PP755594.1|A/cattle/Texas/24-008749-003/2024(H5N1)	803	4402
PA|PP755594.1|A/cattle/Texas/24-008749-003/2024(H5N1)	804	4401
PA|PP755594.1|A/cattle/Texas/24-008749-003/2024(H5N1)	805	4395
PA|PP755594.1|A/cattle/Texas/24-008749-003/2024(H5N1)	806	4294
PA|PP755594.1|A/cattle/Texas/24-008749-003/2024(H5N1)	807	4289
PA|PP755594.1|A/cattle/Texas/24-008749-003/2024(H5N1)	808	4275
PA|PP755594.1|A/cattle/Texas/24-008749-003/2024(H5N1)	809	4135
PA|PP755594.1|A/cattle/Texas/24-008749-003/2024(H5N1)	810	4121
PA|PP755594.1|A/cattle/Texas/24-008749-003/2024(H5N1)	811	4122
PA|PP755594.1|A/cattle/Texas/24-008749-003/2024(H5N1)	812	4082
PA|PP755594.1|A/cattle/Texas/24-008749-003/2024(H5N1)	813	4060
PA|PP755594.1|A/cattle/Texas/24-008749-003/2024(H5N1)	814	4060
PA|PP755594.1|A/cattle/Texas/24-008749-003/2024(H5N1)	815	4060
PA|PP755594.1|A/cattle/Texas/24-008749-003/2024(H5N1)	816	4060
PA|PP755594.1|A/cattle/Texas/24-008749-003/2024(H5N1)	817	4050
PA|PP755594.1|A/cattle/Texas/24-008749-003/2024(H5N1)	818	4041
PA|PP755594.1|A/cattle/Texas/24-008749-003/2024(H5N1)	819	3367
PA|PP755594.1|A/cattle/Texas/24-008749-003/2024(H5N1)	820	3349
PA|PP755594.1|A/cattle/Texas/24-008749-003/2024(H5N1)	821	3342
PA|PP755594.1|A/cattle/Texas/24-008749-003/2024(H5N1)	822	3334
PA|PP755594.1|A/cattle/Texas/24-008749-003/2024(H5N1)	823	3338
PA|PP755594.1|A/cattle/Texas/24-008749-003/2024(H5N1)	824	3336
PA|PP755594.1|A/cattle/Texas/24-008749-003/2024(H5N1)	825	3311
PA|PP755594.1|A/cattle/Texas/24-008749-003/2024(H5N1)	826	3277
PA|PP755594.1|A/cattle/Texas/24-008749-003/2024(H5N1)	827	3277
PA|PP755594.1|A/cattle/Texas/24-008749-003/2024(H5N1)	828	3269
PA|PP755594.1|A/cattle/Texas/24-008749-003/2024(H5N1)	829	3268
PA|PP755594.1|A/cattle/Texas/24-008749-003/2024(H5N1)	830	3270
PA|PP755594.1|A/cattle/Texas/24-008749-003/2024(H5N1)	831	3268
PA|PP755594.1|A/cattle/Texas/24-008749-003/2024(H5N1)	832	3268
PA|PP755594.1|A/cattle/Texas/24-008749-003/2024(H5N1)	833	3267
PA|PP755594.1|A/cattle/Texas/24-008749-003/2024(H5N1)	834	3267
PA|PP755594.1|A/cattle/Texas/24-008749-003/2024(H5N1)	835	3164
PA|PP755594.1|A/cattle/Texas/24-008749-003/2024(H5N1)	836	2992
PA|PP755594.1|A/cattle/Texas/24-008749-003/2024(H5N1)	837	2991
PA|PP755594.1|A/cattle/Texas/24-008749-003/2024(H5N1)	838	2989
PA|PP755594.1|A/cattle/Texas/24-008749-003/2024(H5N1)	839	2978
PA|PP755594.1|A/cattle/Texas/24-008749-003/2024(H5N1)	840	2737
PA|PP755594.1|A/cattle/Texas/24-008749-003/2024(H5N1)	841	2729
PA|PP755594.1|A/cattle/Texas/24-008749-003/2024(H5N1)	842	2661
PA|PP755594.1|A/cattle/Texas/24-008749-003/2024(H5N1)	843	2643
PA|PP755594.1|A/cattle/Texas/24-008749-003/2024(H5N1)	844	2643
PA|PP755594.1|A/cattle/Texas/24-008749-003/2024(H5N1)	845	2643
PA|PP755594.1|A/cattle/Texas/24-008749-003/2024(H5N1)	846	2557
PA|PP755594.1|A/cattle/Texas/24-008749-003/2024(H5N1)	847	2555
PA|PP755594.1|A/cattle/Texas/24-008749-003/2024(H5N1)	848	2562
PA|PP755594.1|A/cattle/Texas/24-008749-003/2024(H5N1)	849	2568
PA|PP755594.1|A/cattle/Texas/24-008749-003/2024(H5N1)	850	2620
PA|PP755594.1|A/cattle/Texas/24-008749-003/2024(H5N1)	851	2620
PA|PP755594.1|A/cattle/Texas/24-008749-003/2024(H5N1)	852	2620
PA|PP755594.1|A/cattle/Texas/24-008749-003/2024(H5N1)	853	2620
PA|PP755594.1|A/cattle/Texas/24-008749-003/2024(H5N1)	854	2620
PA|PP755594.1|A/cattle/Texas/24-008749-003/2024(H5N1)	855	2620
PA|PP755594.1|A/cattle/Texas/24-008749-003/2024(H5N1)	856	2606
PA|PP755594.1|A/cattle/Texas/24-008749-003/2024(H5N1)	857	2603
PA|PP755594.1|A/cattle/Texas/24-008749-003/2024(H5N1)	858	2588
PA|PP755594.1|A/cattle/Texas/24-008749-003/2024(H5N1)	859	2588
PA|PP755594.1|A/cattle/Texas/24-008749-003/2024(H5N1)	860	2563
PA|PP755594.1|A/cattle/Texas/24-008749-003/2024(H5N1)	861	1983
PA|PP755594.1|A/cattle/Texas/24-008749-003/2024(H5N1)	862	1984
PA|PP755594.1|A/cattle/Texas/24-008749-003/2024(H5N1)	863	1984
PA|PP755594.1|A/cattle/Texas/24-008749-003/2024(H5N1)	864	1984
PA|PP755594.1|A/cattle/Texas/24-008749-003/2024(H5N1)	865	2003
PA|PP755594.1|A/cattle/Texas/24-008749-003/2024(H5N1)	866	2003
PA|PP755594.1|A/cattle/Texas/24-008749-003/2024(H5N1)	867	2003
PA|PP755594.1|A/cattle/Texas/24-008749-003/2024(H5N1)	868	2016
PA|PP755594.1|A/cattle/Texas/24-008749-003/2024(H5N1)	869	2017
PA|PP755594.1|A/cattle/Texas/24-008749-003/2024(H5N1)	870	2018
PA|PP755594.1|A/cattle/Texas/24-008749-003/2024(H5N1)	871	3381
PA|PP755594.1|A/cattle/Texas/24-008749-003/2024(H5N1)	872	3466
PA|PP755594.1|A/cattle/Texas/24-008749-003/2024(H5N1)	873	3483
PA|PP755594.1|A/cattle/Texas/24-008749-003/2024(H5N1)	874	3489
PA|PP755594.1|A/cattle/Texas/24-008749-003/2024(H5N1)	875	3532
PA|PP755594.1|A/cattle/Texas/24-008749-003/2024(H5N1)	876	3532
PA|PP755594.1|A/cattle/Texas/24-008749-003/2024(H5N1)	877	3560
PA|PP755594.1|A/cattle/Texas/24-008749-003/2024(H5N1)	878	3584
PA|PP755594.1|A/cattle/Texas/24-008749-003/2024(H5N1)	879	3593
PA|PP755594.1|A/cattle/Texas/24-008749-003/2024(H5N1)	880	3622
PA|PP755594.1|A/cattle/Texas/24-008749-003/2024(H5N1)	881	3683
PA|PP755594.1|A/cattle/Texas/24-008749-003/2024(H5N1)	882	3710
PA|PP755594.1|A/cattle/Texas/24-008749-003/2024(H5N1)	883	3720
PA|PP755594.1|A/cattle/Texas/24-008749-003/2024(H5N1)	884	3725
PA|PP755594.1|A/cattle/Texas/24-008749-003/2024(H5N1)	885	3738
PA|PP755594.1|A/cattle/Texas/24-008749-003/2024(H5N1)	886	3811
PA|PP755594.1|A/cattle/Texas/24-008749-003/2024(H5N1)	887	3837
PA|PP755594.1|A/cattle/Texas/24-008749-003/2024(H5N1)	888	3873
PA|PP755594.1|A/cattle/Texas/24-008749-003/2024(H5N1)	889	3893
PA|PP755594.1|A/cattle/Texas/24-008749-003/2024(H5N1)	890	3902
PA|PP755594.1|A/cattle/Texas/24-008749-003/2024(H5N1)	891	4091
PA|PP755594.1|A/cattle/Texas/24-008749-003/2024(H5N1)	892	4093
PA|PP755594.1|A/cattle/Texas/24-008749-003/2024(H5N1)	893	4093
PA|PP755594.1|A/cattle/Texas/24-008749-003/2024(H5N1)	894	4116
PA|PP755594.1|A/cattle/Texas/24-008749-003/2024(H5N1)	895	4146
PA|PP755594.1|A/cattle/Texas/24-008749-003/2024(H5N1)	896	4124
PA|PP755594.1|A/cattle/Texas/24-008749-003/2024(H5N1)	897	4078
PA|PP755594.1|A/cattle/Texas/24-008749-003/2024(H5N1)	898	4024
PA|PP755594.1|A/cattle/Texas/24-008749-003/2024(H5N1)	899	4020
PA|PP755594.1|A/cattle/Texas/24-008749-003/2024(H5N1)	900	4139
PA|PP755594.1|A/cattle/Texas/24-008749-003/2024(H5N1)	901	4166
PA|PP755594.1|A/cattle/Texas/24-008749-003/2024(H5N1)	902	4513
PA|PP755594.1|A/cattle/Texas/24-008749-003/2024(H5N1)	903	4485
PA|PP755594.1|A/cattle/Texas/24-008749-003/2024(H5N1)	904	4480
PA|PP755594.1|A/cattle/Texas/24-008749-003/2024(H5N1)	905	4453
PA|PP755594.1|A/cattle/Texas/24-008749-003/2024(H5N1)	906	4453
PA|PP755594.1|A/cattle/Texas/24-008749-003/2024(H5N1)	907	4955
PA|PP755594.1|A/cattle/Texas/24-008749-003/2024(H5N1)	908	4954
PA|PP755594.1|A/cattle/Texas/24-008749-003/2024(H5N1)	909	4841
PA|PP755594.1|A/cattle/Texas/24-008749-003/2024(H5N1)	910	4882
PA|PP755594.1|A/cattle/Texas/24-008749-003/2024(H5N1)	911	4614
PA|PP755594.1|A/cattle/Texas/24-008749-003/2024(H5N1)	912	4706
PA|PP755594.1|A/cattle/Texas/24-008749-003/2024(H5N1)	913	4703
PA|PP755594.1|A/cattle/Texas/24-008749-003/2024(H5N1)	914	4723
PA|PP755594.1|A/cattle/Texas/24-008749-003/2024(H5N1)	915	4700
PA|PP755594.1|A/cattle/Texas/24-008749-003/2024(H5N1)	916	4297
PA|PP755594.1|A/cattle/Texas/24-008749-003/2024(H5N1)	917	4381
PA|PP755594.1|A/cattle/Texas/24-008749-003/2024(H5N1)	918	4353
PA|PP755594.1|A/cattle/Texas/24-008749-003/2024(H5N1)	919	4325
PA|PP755594.1|A/cattle/Texas/24-008749-003/2024(H5N1)	920	4344
PA|PP755594.1|A/cattle/Texas/24-008749-003/2024(H5N1)	921	4256
PA|PP755594.1|A/cattle/Texas/24-008749-003/2024(H5N1)	922	4280
PA|PP755594.1|A/cattle/Texas/24-008749-003/2024(H5N1)	923	4279
PA|PP755594.1|A/cattle/Texas/24-008749-003/2024(H5N1)	924	4285
PA|PP755594.1|A/cattle/Texas/24-008749-003/2024(H5N1)	925	4285
PA|PP755594.1|A/cattle/Texas/24-008749-003/2024(H5N1)	926	4273
PA|PP755594.1|A/cattle/Texas/24-008749-003/2024(H5N1)	927	4276
PA|PP755594.1|A/cattle/Texas/24-008749-003/2024(H5N1)	928	4274
PA|PP755594.1|A/cattle/Texas/24-008749-003/2024(H5N1)	929	4259
PA|PP755594.1|A/cattle/Texas/24-008749-003/2024(H5N1)	930	4266
PA|PP755594.1|A/cattle/Texas/24-008749-003/2024(H5N1)	931	4252
PA|PP755594.1|A/cattle/Texas/24-008749-003/2024(H5N1)	932	4259
PA|PP755594.1|A/cattle/Texas/24-008749-003/2024(H5N1)	933	4248
PA|PP755594.1|A/cattle/Texas/24-008749-003/2024(H5N1)	934	4268
PA|PP755594.1|A/cattle/Texas/24-008749-003/2024(H5N1)	935	4265
PA|PP755594.1|A/cattle/Texas/24-008749-003/2024(H5N1)	936	4185
PA|PP755594.1|A/cattle/Texas/24-008749-003/2024(H5N1)	937	4176
PA|PP755594.1|A/cattle/Texas/24-008749-003/2024(H5N1)	938	4196
PA|PP755594.1|A/cattle/Texas/24-008749-003/2024(H5N1)	939	4188
PA|PP755594.1|A/cattle/Texas/24-008749-003/2024(H5N1)	940	4186
PA|PP755594.1|A/cattle/Texas/24-008749-003/2024(H5N1)	941	4140
PA|PP755594.1|A/cattle/Texas/24-008749-003/2024(H5N1)	942	4068
PA|PP755594.1|A/cattle/Texas/24-008749-003/2024(H5N1)	943	4062
PA|PP755594.1|A/cattle/Texas/24-008749-003/2024(H5N1)	944	4058
PA|PP755594.1|A/cattle/Texas/24-008749-003/2024(H5N1)	945	4048
PA|PP755594.1|A/cattle/Texas/24-008749-003/2024(H5N1)	946	4047
PA|PP755594.1|A/cattle/Texas/24-008749-003/2024(H5N1)	947	4047
PA|PP755594.1|A/cattle/Texas/24-008749-003/2024(H5N1)	948	3959
PA|PP755594.1|A/cattle/Texas/24-008749-003/2024(H5N1)	949	3947
PA|PP755594.1|A/cattle/Texas/24-008749-003/2024(H5N1)	950	3947
PA|PP755594.1|A/cattle/Texas/24-008749-003/2024(H5N1)	951	3947
PA|PP755594.1|A/cattle/Texas/24-008749-003/2024(H5N1)	952	3945
PA|PP755594.1|A/cattle/Texas/24-008749-003/2024(H5N1)	953	3910
PA|PP755594.1|A/cattle/Texas/24-008749-003/2024(H5N1)	954	3908
PA|PP755594.1|A/cattle/Texas/24-008749-003/2024(H5N1)	955	3882
PA|PP755594.1|A/cattle/Texas/24-008749-003/2024(H5N1)	956	3850
PA|PP755594.1|A/cattle/Texas/24-008749-003/2024(H5N1)	957	3850
PA|PP755594.1|A/cattle/Texas/24-008749-003/2024(H5N1)	958	3849
PA|PP755594.1|A/cattle/Texas/24-008749-003/2024(H5N1)	959	3825
PA|PP755594.1|A/cattle/Texas/24-008749-003/2024(H5N1)	960	3786
PA|PP755594.1|A/cattle/Texas/24-008749-003/2024(H5N1)	961	3751
PA|PP755594.1|A/cattle/Texas/24-008749-003/2024(H5N1)	962	3746
PA|PP755594.1|A/cattle/Texas/24-008749-003/2024(H5N1)	963	2339
PA|PP755594.1|A/cattle/Texas/24-008749-003/2024(H5N1)	964	2336
PA|PP755594.1|A/cattle/Texas/24-008749-003/2024(H5N1)	965	2336
PA|PP755594.1|A/cattle/Texas/24-008749-003/2024(H5N1)	966	2340
PA|PP755594.1|A/cattle/Texas/24-008749-003/2024(H5N1)	967	2326
PA|PP755594.1|A/cattle/Texas/24-008749-003/2024(H5N1)	968	2324
PA|PP755594.1|A/cattle/Texas/24-008749-003/2024(H5N1)	969	2325
PA|PP755594.1|A/cattle/Texas/24-008749-003/2024(H5N1)	970	2338
PA|PP755594.1|A/cattle/Texas/24-008749-003/2024(H5N1)	971	2340
PA|PP755594.1|A/cattle/Texas/24-008749-003/2024(H5N1)	972	2340
PA|PP755594.1|A/cattle/Texas/24-008749-003/2024(H5N1)	973	2362
PA|PP755594.1|A/cattle/Texas/24-008749-003/2024(H5N1)	974	2494
PA|PP755594.1|A/cattle/Texas/24-008749-003/2024(H5N1)	975	2494
PA|PP755594.1|A/cattle/Texas/24-008749-003/2024(H5N1)	976	2609
PA|PP755594.1|A/cattle/Texas/24-008749-003/2024(H5N1)	977	2612
PA|PP755594.1|A/cattle/Texas/24-008749-003/2024(H5N1)	978	2613
PA|PP755594.1|A/cattle/Texas/24-008749-003/2024(H5N1)	979	2619
PA|PP755594.1|A/cattle/Texas/24-008749-003/2024(H5N1)	980	2619
PA|PP755594.1|A/cattle/Texas/24-008749-003/2024(H5N1)	981	2619
PA|PP755594.1|A/cattle/Texas/24-008749-003/2024(H5N1)	982	2632
PA|PP755594.1|A/cattle/Texas/24-008749-003/2024(H5N1)	983	2632
PA|PP755594.1|A/cattle/Texas/24-008749-003/2024(H5N1)	984	2667
PA|PP755594.1|A/cattle/Texas/24-008749-003/2024(H5N1)	985	3530
PA|PP755594.1|A/cattle/Texas/24-008749-003/2024(H5N1)	986	3588
PA|PP755594.1|A/cattle/Texas/24-008749-003/2024(H5N1)	987	3604
PA|PP755594.1|A/cattle/Texas/24-008749-003/2024(H5N1)	988	3609
PA|PP755594.1|A/cattle/Texas/24-008749-003/2024(H5N1)	989	3610
PA|PP755594.1|A/cattle/Texas/24-008749-003/2024(H5N1)	990	3631
PA|PP755594.1|A/cattle/Texas/24-008749-003/2024(H5N1)	991	3660
PA|PP755594.1|A/cattle/Texas/24-008749-003/2024(H5N1)	992	3726
PA|PP755594.1|A/cattle/Texas/24-008749-003/2024(H5N1)	993	3878
PA|PP755594.1|A/cattle/Texas/24-008749-003/2024(H5N1)	994	3880
PA|PP755594.1|A/cattle/Texas/24-008749-003/2024(H5N1)	995	3888
PA|PP755594.1|A/cattle/Texas/24-008749-003/2024(H5N1)	996	3890
PA|PP755594.1|A/cattle/Texas/24-008749-003/2024(H5N1)	997	3998
PA|PP755594.1|A/cattle/Texas/24-008749-003/2024(H5N1)	998	3998
PA|PP755594.1|A/cattle/Texas/24-008749-003/2024(H5N1)	999	3998
PA|PP755594.1|A/cattle/Texas/24-008749-003/2024(H5N1)	1000	3998
PA|PP755594.1|A/cattle/Texas/24-008749-003/2024(H5N1)	1001	4015
PA|PP755594.1|A/cattle/Texas/24-008749-003/2024(H5N1)	1002	4022
PA|PP755594.1|A/cattle/Texas/24-008749-003/2024(H5N1)	1003	4125
PA|PP755594.1|A/cattle/Texas/24-008749-003/2024(H5N1)	1004	4132
PA|PP755594.1|A/cattle/Texas/24-008749-003/2024(H5N1)	1005	4149
PA|PP755594.1|A/cattle/Texas/24-008749-003/2024(H5N1)	1006	4151
PA|PP755594.1|A/cattle/Texas/24-008749-003/2024(H5N1)	1007	4395
PA|PP755594.1|A/cattle/Texas/24-008749-003/2024(H5N1)	1008	4421
PA|PP755594.1|A/cattle/Texas/24-008749-003/2024(H5N1)	1009	4456
PA|PP755594.1|A/cattle/Texas/24-008749-003/2024(H5N1)	1010	4544
PA|PP755594.1|A/cattle/Texas/24-008749-003/2024(H5N1)	1011	4548
PA|PP755594.1|A/cattle/Texas/24-008749-003/2024(H5N1)	1012	4549
PA|PP755594.1|A/cattle/Texas/24-008749-003/2024(H5N1)	1013	4557
PA|PP755594.1|A/cattle/Texas/24-008749-003/2024(H5N1)	1014	4601
PA|PP755594.1|A/cattle/Texas/24-008749-003/2024(H5N1)	1015	4641
PA|PP755594.1|A/cattle/Texas/24-008749-003/2024(H5N1)	1016	4632
PA|PP755594.1|A/cattle/Texas/24-008749-003/2024(H5N1)	1017	4635
PA|PP755594.1|A/cattle/Texas/24-008749-003/2024(H5N1)	1018	4605
PA|PP755594.1|A/cattle/Texas/24-008749-003/2024(H5N1)	1019	4585
PA|PP755594.1|A/cattle/Texas/24-008749-003/2024(H5N1)	1020	4618
PA|PP755594.1|A/cattle/Texas/24-008749-003/2024(H5N1)	1021	4654
PA|PP755594.1|A/cattle/Texas/24-008749-003/2024(H5N1)	1022	4680
PA|PP755594.1|A/cattle/Texas/24-008749-003/2024(H5N1)	1023	4622
PA|PP755594.1|A/cattle/Texas/24-008749-003/2024(H5N1)	1024	4770
PA|PP755594.1|A/cattle/Texas/24-008749-003/2024(H5N1)	1025	4770
PA|PP755594.1|A/cattle/Texas/24-008749-003/2024(H5N1)	1026	4771
PA|PP755594.1|A/cattle/Texas/24-008749-003/2024(H5N1)	1027	4795
PA|PP755594.1|A/cattle/Texas/24-008749-003/2024(H5N1)	1028	4810
PA|PP755594.1|A/cattle/Texas/24-008749-003/2024(H5N1)	1029	4783
PA|PP755594.1|A/cattle/Texas/24-008749-003/2024(H5N1)	1030	4796
PA|PP755594.1|A/cattle/Texas/24-008749-003/2024(H5N1)	1031	4749
PA|PP755594.1|A/cattle/Texas/24-008749-003/2024(H5N1)	1032	4820
PA|PP755594.1|A/cattle/Texas/24-008749-003/2024(H5N1)	1033	4784
PA|PP755594.1|A/cattle/Texas/24-008749-003/2024(H5N1)	1034	4773
PA|PP755594.1|A/cattle/Texas/24-008749-003/2024(H5N1)	1035	4664
PA|PP755594.1|A/cattle/Texas/24-008749-003/2024(H5N1)	1036	4605
PA|PP755594.1|A/cattle/Texas/24-008749-003/2024(H5N1)	1037	4601
PA|PP755594.1|A/cattle/Texas/24-008749-003/2024(H5N1)	1038	4578
PA|PP755594.1|A/cattle/Texas/24-008749-003/2024(H5N1)	1039	4603
PA|PP755594.1|A/cattle/Texas/24-008749-003/2024(H5N1)	1040	4609
PA|PP755594.1|A/cattle/Texas/24-008749-003/2024(H5N1)	1041	4641
PA|PP755594.1|A/cattle/Texas/24-008749-003/2024(H5N1)	1042	4421
PA|PP755594.1|A/cattle/Texas/24-008749-003/2024(H5N1)	1043	4985
PA|PP755594.1|A/cattle/Texas/24-008749-003/2024(H5N1)	1044	4993
PA|PP755594.1|A/cattle/Texas/24-008749-003/2024(H5N1)	1045	4996
PA|PP755594.1|A/cattle/Texas/24-008749-003/2024(H5N1)	1046	4935
PA|PP755594.1|A/cattle/Texas/24-008749-003/2024(H5N1)	1047	4954
PA|PP755594.1|A/cattle/Texas/24-008749-003/2024(H5N1)	1048	4984
PA|PP755594.1|A/cattle/Texas/24-008749-003/2024(H5N1)	1049	5020
PA|PP755594.1|A/cattle/Texas/24-008749-003/2024(H5N1)	1050	5003
PA|PP755594.1|A/cattle/Texas/24-008749-003/2024(H5N1)	1051	4887
PA|PP755594.1|A/cattle/Texas/24-008749-003/2024(H5N1)	1052	4867
PA|PP755594.1|A/cattle/Texas/24-008749-003/2024(H5N1)	1053	4577
PA|PP755594.1|A/cattle/Texas/24-008749-003/2024(H5N1)	1054	4595
PA|PP755594.1|A/cattle/Texas/24-008749-003/2024(H5N1)	1055	4639
PA|PP755594.1|A/cattle/Texas/24-008749-003/2024(H5N1)	1056	4657
PA|PP755594.1|A/cattle/Texas/24-008749-003/2024(H5N1)	1057	4747
PA|PP755594.1|A/cattle/Texas/24-008749-003/2024(H5N1)	1058	4287
PA|PP755594.1|A/cattle/Texas/24-008749-003/2024(H5N1)	1059	4278
PA|PP755594.1|A/cattle/Texas/24-008749-003/2024(H5N1)	1060	4269
PA|PP755594.1|A/cattle/Texas/24-008749-003/2024(H5N1)	1061	4239
PA|PP755594.1|A/cattle/Texas/24-008749-003/2024(H5N1)	1062	4146
PA|PP755594.1|A/cattle/Texas/24-008749-003/2024(H5N1)	1063	4143
PA|PP755594.1|A/cattle/Texas/24-008749-003/2024(H5N1)	1064	4149
PA|PP755594.1|A/cattle/Texas/24-008749-003/2024(H5N1)	1065	4140
PA|PP755594.1|A/cattle/Texas/24-008749-003/2024(H5N1)	1066	4144
PA|PP755594.1|A/cattle/Texas/24-008749-003/2024(H5N1)	1067	4140
PA|PP755594.1|A/cattle/Texas/24-008749-003/2024(H5N1)	1068	4048
PA|PP755594.1|A/cattle/Texas/24-008749-003/2024(H5N1)	1069	4060
PA|PP755594.1|A/cattle/Texas/24-008749-003/2024(H5N1)	1070	4039
PA|PP755594.1|A/cattle/Texas/24-008749-003/2024(H5N1)	1071	4038
PA|PP755594.1|A/cattle/Texas/24-008749-003/2024(H5N1)	1072	4244
PA|PP755594.1|A/cattle/Texas/24-008749-003/2024(H5N1)	1073	4244
PA|PP755594.1|A/cattle/Texas/24-008749-003/2024(H5N1)	1074	4265
PA|PP755594.1|A/cattle/Texas/24-008749-003/2024(H5N1)	1075	4271
PA|PP755594.1|A/cattle/Texas/24-008749-003/2024(H5N1)	1076	4342
PA|PP755594.1|A/cattle/Texas/24-008749-003/2024(H5N1)	1077	4322
PA|PP755594.1|A/cattle/Texas/24-008749-003/2024(H5N1)	1078	4326
PA|PP755594.1|A/cattle/Texas/24-008749-003/2024(H5N1)	1079	4317
PA|PP755594.1|A/cattle/Texas/24-008749-003/2024(H5N1)	1080	4356
PA|PP755594.1|A/cattle/Texas/24-008749-003/2024(H5N1)	1081	4350
PA|PP755594.1|A/cattle/Texas/24-008749-003/2024(H5N1)	1082	4351
PA|PP755594.1|A/cattle/Texas/24-008749-003/2024(H5N1)	1083	4360
PA|PP755594.1|A/cattle/Texas/24-008749-003/2024(H5N1)	1084	4368
PA|PP755594.1|A/cattle/Texas/24-008749-003/2024(H5N1)	1085	4384
PA|PP755594.1|A/cattle/Texas/24-008749-003/2024(H5N1)	1086	4408
PA|PP755594.1|A/cattle/Texas/24-008749-003/2024(H5N1)	1087	4404
PA|PP755594.1|A/cattle/Texas/24-008749-003/2024(H5N1)	1088	4416
PA|PP755594.1|A/cattle/Texas/24-008749-003/2024(H5N1)	1089	4353
PA|PP755594.1|A/cattle/Texas/24-008749-003/2024(H5N1)	1090	4357
PA|PP755594.1|A/cattle/Texas/24-008749-003/2024(H5N1)	1091	4349
PA|PP755594.1|A/cattle/Texas/24-008749-003/2024(H5N1)	1092	4432
PA|PP755594.1|A/cattle/Texas/24-008749-003/2024(H5N1)	1093	4569
PA|PP755594.1|A/cattle/Texas/24-008749-003/2024(H5N1)	1094	4550
PA|PP755594.1|A/cattle/Texas/24-008749-003/2024(H5N1)	1095	4563
PA|PP755594.1|A/cattle/Texas/24-008749-003/2024(H5N1)	1096	4570
PA|PP755594.1|A/cattle/Texas/24-008749-003/2024(H5N1)	1097	4591
PA|PP755594.1|A/cattle/Texas/24-008749-003/2024(H5N1)	1098	4560
PA|PP755594.1|A/cattle/Texas/24-008749-003/2024(H5N1)	1099	4597
PA|PP755594.1|A/cattle/Texas/24-008749-003/2024(H5N1)	1100	4641
PA|PP755594.1|A/cattle/Texas/24-008749-003/2024(H5N1)	1101	4627
PA|PP755594.1|A/cattle/Texas/24-008749-003/2024(H5N1)	1102	4530
PA|PP755594.1|A/cattle/Texas/24-008749-003/2024(H5N1)	1103	4522
PA|PP755594.1|A/cattle/Texas/24-008749-003/2024(H5N1)	1104	4545
PA|PP755594.1|A/cattle/Texas/24-008749-003/2024(H5N1)	1105	4566
PA|PP755594.1|A/cattle/Texas/24-008749-003/2024(H5N1)	1106	4592
PA|PP755594.1|A/cattle/Texas/24-008749-003/2024(H5N1)	1107	4574
PA|PP755594.1|A/cattle/Texas/24-008749-003/2024(H5N1)	1108	4571
PA|PP755594.1|A/cattle/Texas/24-008749-003/2024(H5N1)	1109	4550
PA|PP755594.1|A/cattle/Texas/24-008749-003/2024(H5N1)	1110	4549
PA|PP755594.1|A/cattle/Texas/24-008749-003/2024(H5N1)	1111	4696
PA|PP755594.1|A/cattle/Texas/24-008749-003/2024(H5N1)	1112	4684
PA|PP755594.1|A/cattle/Texas/24-008749-003/2024(H5N1)	1113	4709
PA|PP755594.1|A/cattle/Texas/24-008749-003/2024(H5N1)	1114	4711
PA|PP755594.1|A/cattle/Texas/24-008749-003/2024(H5N1)	1115	4670
PA|PP755594.1|A/cattle/Texas/24-008749-003/2024(H5N1)	1116	4826
PA|PP755594.1|A/cattle/Texas/24-008749-003/2024(H5N1)	1117	4742
PA|PP755594.1|A/cattle/Texas/24-008749-003/2024(H5N1)	1118	4817
PA|PP755594.1|A/cattle/Texas/24-008749-003/2024(H5N1)	1119	4822
PA|PP755594.1|A/cattle/Texas/24-008749-003/2024(H5N1)	1120	4663
PA|PP755594.1|A/cattle/Texas/24-008749-003/2024(H5N1)	1121	4652
PA|PP755594.1|A/cattle/Texas/24-008749-003/2024(H5N1)	1122	4651
PA|PP755594.1|A/cattle/Texas/24-008749-003/2024(H5N1)	1123	4661
PA|PP755594.1|A/cattle/Texas/24-008749-003/2024(H5N1)	1124	4629
PA|PP755594.1|A/cattle/Texas/24-008749-003/2024(H5N1)	1125	4477
PA|PP755594.1|A/cattle/Texas/24-008749-003/2024(H5N1)	1126	4409
PA|PP755594.1|A/cattle/Texas/24-008749-003/2024(H5N1)	1127	4381
PA|PP755594.1|A/cattle/Texas/24-008749-003/2024(H5N1)	1128	4382
PA|PP755594.1|A/cattle/Texas/24-008749-003/2024(H5N1)	1129	4699
PA|PP755594.1|A/cattle/Texas/24-008749-003/2024(H5N1)	1130	4704
PA|PP755594.1|A/cattle/Texas/24-008749-003/2024(H5N1)	1131	4705
PA|PP755594.1|A/cattle/Texas/24-008749-003/2024(H5N1)	1132	4714
PA|PP755594.1|A/cattle/Texas/24-008749-003/2024(H5N1)	1133	4744
PA|PP755594.1|A/cattle/Texas/24-008749-003/2024(H5N1)	1134	4753
PA|PP755594.1|A/cattle/Texas/24-008749-003/2024(H5N1)	1135	4724
PA|PP755594.1|A/cattle/Texas/24-008749-003/2024(H5N1)	1136	4640
PA|PP755594.1|A/cattle/Texas/24-008749-003/2024(H5N1)	1137	4598
PA|PP755594.1|A/cattle/Texas/24-008749-003/2024(H5N1)	1138	4598
PA|PP755594.1|A/cattle/Texas/24-008749-003/2024(H5N1)	1139	4737
PA|PP755594.1|A/cattle/Texas/24-008749-003/2024(H5N1)	1140	4726
PA|PP755594.1|A/cattle/Texas/24-008749-003/2024(H5N1)	1141	4711
PA|PP755594.1|A/cattle/Texas/24-008749-003/2024(H5N1)	1142	4716
PA|PP755594.1|A/cattle/Texas/24-008749-003/2024(H5N1)	1143	4691
PA|PP755594.1|A/cattle/Texas/24-008749-003/2024(H5N1)	1144	4539
PA|PP755594.1|A/cattle/Texas/24-008749-003/2024(H5N1)	1145	4559
PA|PP755594.1|A/cattle/Texas/24-008749-003/2024(H5N1)	1146	4564
PA|PP755594.1|A/cattle/Texas/24-008749-003/2024(H5N1)	1147	4573
PA|PP755594.1|A/cattle/Texas/24-008749-003/2024(H5N1)	1148	4442
PA|PP755594.1|A/cattle/Texas/24-008749-003/2024(H5N1)	1149	4524
PA|PP755594.1|A/cattle/Texas/24-008749-003/2024(H5N1)	1150	4592
PA|PP755594.1|A/cattle/Texas/24-008749-003/2024(H5N1)	1151	4586
PA|PP755594.1|A/cattle/Texas/24-008749-003/2024(H5N1)	1152	4581
PA|PP755594.1|A/cattle/Texas/24-008749-003/2024(H5N1)	1153	4576
PA|PP755594.1|A/cattle/Texas/24-008749-003/2024(H5N1)	1154	4522
PA|PP755594.1|A/cattle/Texas/24-008749-003/2024(H5N1)	1155	4506
PA|PP755594.1|A/cattle/Texas/24-008749-003/2024(H5N1)	1156	4586
PA|PP755594.1|A/cattle/Texas/24-008749-003/2024(H5N1)	1157	4585
PA|PP755594.1|A/cattle/Texas/24-008749-003/2024(H5N1)	1158	4307
PA|PP755594.1|A/cattle/Texas/24-008749-003/2024(H5N1)	1159	4294
PA|PP755594.1|A/cattle/Texas/24-008749-003/2024(H5N1)	1160	4180
PA|PP755594.1|A/cattle/Texas/24-008749-003/2024(H5N1)	1161	4174
PA|PP755594.1|A/cattle/Texas/24-008749-003/2024(H5N1)	1162	4172
PA|PP755594.1|A/cattle/Texas/24-008749-003/2024(H5N1)	1163	4171
PA|PP755594.1|A/cattle/Texas/24-008749-003/2024(H5N1)	1164	4117
PA|PP755594.1|A/cattle/Texas/24-008749-003/2024(H5N1)	1165	4078
PA|PP755594.1|A/cattle/Texas/24-008749-003/2024(H5N1)	1166	4068
PA|PP755594.1|A/cattle/Texas/24-008749-003/2024(H5N1)	1167	4064
PA|PP755594.1|A/cattle/Texas/24-008749-003/2024(H5N1)	1168	4055
PA|PP755594.1|A/cattle/Texas/24-008749-003/2024(H5N1)	1169	4055
PA|PP755594.1|A/cattle/Texas/24-008749-003/2024(H5N1)	1170	4053
PA|PP755594.1|A/cattle/Texas/24-008749-003/2024(H5N1)	1171	4010
PA|PP755594.1|A/cattle/Texas/24-008749-003/2024(H5N1)	1172	3960
PA|PP755594.1|A/cattle/Texas/24-008749-003/2024(H5N1)	1173	3931
PA|PP755594.1|A/cattle/Texas/24-008749-003/2024(H5N1)	1174	3928
PA|PP755594.1|A/cattle/Texas/24-008749-003/2024(H5N1)	1175	3721
PA|PP755594.1|A/cattle/Texas/24-008749-003/2024(H5N1)	1176	3715
PA|PP755594.1|A/cattle/Texas/24-008749-003/2024(H5N1)	1177	3697
PA|PP755594.1|A/cattle/Texas/24-008749-003/2024(H5N1)	1178	3671
PA|PP755594.1|A/cattle/Texas/24-008749-003/2024(H5N1)	1179	2704
PA|PP755594.1|A/cattle/Texas/24-008749-003/2024(H5N1)	1180	2697
PA|PP755594.1|A/cattle/Texas/24-008749-003/2024(H5N1)	1181	2674
PA|PP755594.1|A/cattle/Texas/24-008749-003/2024(H5N1)	1182	2671
PA|PP755594.1|A/cattle/Texas/24-008749-003/2024(H5N1)	1183	2671
PA|PP755594.1|A/cattle/Texas/24-008749-003/2024(H5N1)	1184	2671
PA|PP755594.1|A/cattle/Texas/24-008749-003/2024(H5N1)	1185	2501
PA|PP755594.1|A/cattle/Texas/24-008749-003/2024(H5N1)	1186	2503
PA|PP755594.1|A/cattle/Texas/24-008749-003/2024(H5N1)	1187	2503
PA|PP755594.1|A/cattle/Texas/24-008749-003/2024(H5N1)	1188	2503
PA|PP755594.1|A/cattle/Texas/24-008749-003/2024(H5N1)	1189	2503
PA|PP755594.1|A/cattle/Texas/24-008749-003/2024(H5N1)	1190	2502
PA|PP755594.1|A/cattle/Texas/24-008749-003/2024(H5N1)	1191	2502
PA|PP755594.1|A/cattle/Texas/24-008749-003/2024(H5N1)	1192	3276
PA|PP755594.1|A/cattle/Texas/24-008749-003/2024(H5N1)	1193	3278
PA|PP755594.1|A/cattle/Texas/24-008749-003/2024(H5N1)	1194	3278
PA|PP755594.1|A/cattle/Texas/24-008749-003/2024(H5N1)	1195	3278
PA|PP755594.1|A/cattle/Texas/24-008749-003/2024(H5N1)	1196	3278
PA|PP755594.1|A/cattle/Texas/24-008749-003/2024(H5N1)	1197	3278
PA|PP755594.1|A/cattle/Texas/24-008749-003/2024(H5N1)	1198	3281
PA|PP755594.1|A/cattle/Texas/24-008749-003/2024(H5N1)	1199	3471
PA|PP755594.1|A/cattle/Texas/24-008749-003/2024(H5N1)	1200	3498
PA|PP755594.1|A/cattle/Texas/24-008749-003/2024(H5N1)	1201	3498
PA|PP755594.1|A/cattle/Texas/24-008749-003/2024(H5N1)	1202	3499
PA|PP755594.1|A/cattle/Texas/24-008749-003/2024(H5N1)	1203	3499
PA|PP755594.1|A/cattle/Texas/24-008749-003/2024(H5N1)	1204	3499
PA|PP755594.1|A/cattle/Texas/24-008749-003/2024(H5N1)	1205	3441
PA|PP755594.1|A/cattle/Texas/24-008749-003/2024(H5N1)	1206	3337
PA|PP755594.1|A/cattle/Texas/24-008749-003/2024(H5N1)	1207	3337
PA|PP755594.1|A/cattle/Texas/24-008749-003/2024(H5N1)	1208	3337
PA|PP755594.1|A/cattle/Texas/24-008749-003/2024(H5N1)	1209	3337
PA|PP755594.1|A/cattle/Texas/24-008749-003/2024(H5N1)	1210	3337
PA|PP755594.1|A/cattle/Texas/24-008749-003/2024(H5N1)	1211	3318
PA|PP755594.1|A/cattle/Texas/24-008749-003/2024(H5N1)	1212	3317
PA|PP755594.1|A/cattle/Texas/24-008749-003/2024(H5N1)	1213	3317
PA|PP755594.1|A/cattle/Texas/24-008749-003/2024(H5N1)	1214	3317
PA|PP755594.1|A/cattle/Texas/24-008749-003/2024(H5N1)	1215	3309
PA|PP755594.1|A/cattle/Texas/24-008749-003/2024(H5N1)	1216	3570
PA|PP755594.1|A/cattle/Texas/24-008749-003/2024(H5N1)	1217	3570
PA|PP755594.1|A/cattle/Texas/24-008749-003/2024(H5N1)	1218	3570
PA|PP755594.1|A/cattle/Texas/24-008749-003/2024(H5N1)	1219	3588
PA|PP755594.1|A/cattle/Texas/24-008749-003/2024(H5N1)	1220	3588
PA|PP755594.1|A/cattle/Texas/24-008749-003/2024(H5N1)	1221	3582
PA|PP755594.1|A/cattle/Texas/24-008749-003/2024(H5N1)	1222	3583
PA|PP755594.1|A/cattle/Texas/24-008749-003/2024(H5N1)	1223	3592
PA|PP755594.1|A/cattle/Texas/24-008749-003/2024(H5N1)	1224	3605
PA|PP755594.1|A/cattle/Texas/24-008749-003/2024(H5N1)	1225	3717
PA|PP755594.1|A/cattle/Texas/24-008749-003/2024(H5N1)	1226	3709
PA|PP755594.1|A/cattle/Texas/24-008749-003/2024(H5N1)	1227	3641
PA|PP755594.1|A/cattle/Texas/24-008749-003/2024(H5N1)	1228	3629
PA|PP755594.1|A/cattle/Texas/24-008749-003/2024(H5N1)	1229	3625
PA|PP755594.1|A/cattle/Texas/24-008749-003/2024(H5N1)	1230	3624
PA|PP755594.1|A/cattle/Texas/24-008749-003/2024(H5N1)	1231	3583
PA|PP755594.1|A/cattle/Texas/24-008749-003/2024(H5N1)	1232	3575
PA|PP755594.1|A/cattle/Texas/24-008749-003/2024(H5N1)	1233	3555
PA|PP755594.1|A/cattle/Texas/24-008749-003/2024(H5N1)	1234	3537
PA|PP755594.1|A/cattle/Texas/24-008749-003/2024(H5N1)	1235	3534
PA|PP755594.1|A/cattle/Texas/24-008749-003/2024(H5N1)	1236	3491
PA|PP755594.1|A/cattle/Texas/24-008749-003/2024(H5N1)	1237	3447
PA|PP755594.1|A/cattle/Texas/24-008749-003/2024(H5N1)	1238	3447
PA|PP755594.1|A/cattle/Texas/24-008749-003/2024(H5N1)	1239	3432
PA|PP755594.1|A/cattle/Texas/24-008749-003/2024(H5N1)	1240	3431
PA|PP755594.1|A/cattle/Texas/24-008749-003/2024(H5N1)	1241	3415
PA|PP755594.1|A/cattle/Texas/24-008749-003/2024(H5N1)	1242	3312
PA|PP755594.1|A/cattle/Texas/24-008749-003/2024(H5N1)	1243	3301
PA|PP755594.1|A/cattle/Texas/24-008749-003/2024(H5N1)	1244	3195
PA|PP755594.1|A/cattle/Texas/24-008749-003/2024(H5N1)	1245	1480
PA|PP755594.1|A/cattle/Texas/24-008749-003/2024(H5N1)	1246	1468
PA|PP755594.1|A/cattle/Texas/24-008749-003/2024(H5N1)	1247	1457
PA|PP755594.1|A/cattle/Texas/24-008749-003/2024(H5N1)	1248	1422
PA|PP755594.1|A/cattle/Texas/24-008749-003/2024(H5N1)	1249	1409
PA|PP755594.1|A/cattle/Texas/24-008749-003/2024(H5N1)	1250	1409
PA|PP755594.1|A/cattle/Texas/24-008749-003/2024(H5N1)	1251	1377
PA|PP755594.1|A/cattle/Texas/24-008749-003/2024(H5N1)	1252	1357
PA|PP755594.1|A/cattle/Texas/24-008749-003/2024(H5N1)	1253	1347
PA|PP755594.1|A/cattle/Texas/24-008749-003/2024(H5N1)	1254	1311
PA|PP755594.1|A/cattle/Texas/24-008749-003/2024(H5N1)	1255	1311
PA|PP755594.1|A/cattle/Texas/24-008749-003/2024(H5N1)	1256	1311
PA|PP755594.1|A/cattle/Texas/24-008749-003/2024(H5N1)	1257	1233
PA|PP755594.1|A/cattle/Texas/24-008749-003/2024(H5N1)	1258	1233
PA|PP755594.1|A/cattle/Texas/24-008749-003/2024(H5N1)	1259	1233
PA|PP755594.1|A/cattle/Texas/24-008749-003/2024(H5N1)	1260	1233
PA|PP755594.1|A/cattle/Texas/24-008749-003/2024(H5N1)	1261	1233
PA|PP755594.1|A/cattle/Texas/24-008749-003/2024(H5N1)	1262	1233
PA|PP755594.1|A/cattle/Texas/24-008749-003/2024(H5N1)	1263	1233
PA|PP755594.1|A/cattle/Texas/24-008749-003/2024(H5N1)	1264	1245
PA|PP755594.1|A/cattle/Texas/24-008749-003/2024(H5N1)	1265	1468
PA|PP755594.1|A/cattle/Texas/24-008749-003/2024(H5N1)	1266	1561
PA|PP755594.1|A/cattle/Texas/24-008749-003/2024(H5N1)	1267	1561
PA|PP755594.1|A/cattle/Texas/24-008749-003/2024(H5N1)	1268	1561
PA|PP755594.1|A/cattle/Texas/24-008749-003/2024(H5N1)	1269	1561
PA|PP755594.1|A/cattle/Texas/24-008749-003/2024(H5N1)	1270	1636
PA|PP755594.1|A/cattle/Texas/24-008749-003/2024(H5N1)	1271	1647
PA|PP755594.1|A/cattle/Texas/24-008749-003/2024(H5N1)	1272	1647
PA|PP755594.1|A/cattle/Texas/24-008749-003/2024(H5N1)	1273	1647
PA|PP755594.1|A/cattle/Texas/24-008749-003/2024(H5N1)	1274	1647
PA|PP755594.1|A/cattle/Texas/24-008749-003/2024(H5N1)	1275	1648
PA|PP755594.1|A/cattle/Texas/24-008749-003/2024(H5N1)	1276	1651
PA|PP755594.1|A/cattle/Texas/24-008749-003/2024(H5N1)	1277	1651
PA|PP755594.1|A/cattle/Texas/24-008749-003/2024(H5N1)	1278	1651
PA|PP755594.1|A/cattle/Texas/24-008749-003/2024(H5N1)	1279	1651
PA|PP755594.1|A/cattle/Texas/24-008749-003/2024(H5N1)	1280	1758
PA|PP755594.1|A/cattle/Texas/24-008749-003/2024(H5N1)	1281	1759
PA|PP755594.1|A/cattle/Texas/24-008749-003/2024(H5N1)	1282	3257
PA|PP755594.1|A/cattle/Texas/24-008749-003/2024(H5N1)	1283	3273
PA|PP755594.1|A/cattle/Texas/24-008749-003/2024(H5N1)	1284	3290
PA|PP755594.1|A/cattle/Texas/24-008749-003/2024(H5N1)	1285	3339
PA|PP755594.1|A/cattle/Texas/24-008749-003/2024(H5N1)	1286	3471
PA|PP755594.1|A/cattle/Texas/24-008749-003/2024(H5N1)	1287	3492
PA|PP755594.1|A/cattle/Texas/24-008749-003/2024(H5N1)	1288	3499
PA|PP755594.1|A/cattle/Texas/24-008749-003/2024(H5N1)	1289	3512
PA|PP755594.1|A/cattle/Texas/24-008749-003/2024(H5N1)	1290	3513
PA|PP755594.1|A/cattle/Texas/24-008749-003/2024(H5N1)	1291	3524
PA|PP755594.1|A/cattle/Texas/24-008749-003/2024(H5N1)	1292	3659
PA|PP755594.1|A/cattle/Texas/24-008749-003/2024(H5N1)	1293	3659
PA|PP755594.1|A/cattle/Texas/24-008749-003/2024(H5N1)	1294	3665
PA|PP755594.1|A/cattle/Texas/24-008749-003/2024(H5N1)	1295	3777
PA|PP755594.1|A/cattle/Texas/24-008749-003/2024(H5N1)	1296	3789
PA|PP755594.1|A/cattle/Texas/24-008749-003/2024(H5N1)	1297	3793
PA|PP755594.1|A/cattle/Texas/24-008749-003/2024(H5N1)	1298	3800
PA|PP755594.1|A/cattle/Texas/24-008749-003/2024(H5N1)	1299	3800
PA|PP755594.1|A/cattle/Texas/24-008749-003/2024(H5N1)	1300	3804
PA|PP755594.1|A/cattle/Texas/24-008749-003/2024(H5N1)	1301	3800
PA|PP755594.1|A/cattle/Texas/24-008749-003/2024(H5N1)	1302	3798
PA|PP755594.1|A/cattle/Texas/24-008749-003/2024(H5N1)	1303	3881
PA|PP755594.1|A/cattle/Texas/24-008749-003/2024(H5N1)	1304	3887
PA|PP755594.1|A/cattle/Texas/24-008749-003/2024(H5N1)	1305	3894
PA|PP755594.1|A/cattle/Texas/24-008749-003/2024(H5N1)	1306	3955
PA|PP755594.1|A/cattle/Texas/24-008749-003/2024(H5N1)	1307	3999
PA|PP755594.1|A/cattle/Texas/24-008749-003/2024(H5N1)	1308	4004
PA|PP755594.1|A/cattle/Texas/24-008749-003/2024(H5N1)	1309	4011
PA|PP755594.1|A/cattle/Texas/24-008749-003/2024(H5N1)	1310	4012
PA|PP755594.1|A/cattle/Texas/24-008749-003/2024(H5N1)	1311	4108
PA|PP755594.1|A/cattle/Texas/24-008749-003/2024(H5N1)	1312	4108
PA|PP755594.1|A/cattle/Texas/24-008749-003/2024(H5N1)	1313	4108
PA|PP755594.1|A/cattle/Texas/24-008749-003/2024(H5N1)	1314	4108
PA|PP755594.1|A/cattle/Texas/24-008749-003/2024(H5N1)	1315	4108
PA|PP755594.1|A/cattle/Texas/24-008749-003/2024(H5N1)	1316	3987
PA|PP755594.1|A/cattle/Texas/24-008749-003/2024(H5N1)	1317	3581
PA|PP755594.1|A/cattle/Texas/24-008749-003/2024(H5N1)	1318	3581
PA|PP755594.1|A/cattle/Texas/24-008749-003/2024(H5N1)	1319	3581
PA|PP755594.1|A/cattle/Texas/24-008749-003/2024(H5N1)	1320	3581
PA|PP755594.1|A/cattle/Texas/24-008749-003/2024(H5N1)	1321	3581
PA|PP755594.1|A/cattle/Texas/24-008749-003/2024(H5N1)	1322	3941
PA|PP755594.1|A/cattle/Texas/24-008749-003/2024(H5N1)	1323	3950
PA|PP755594.1|A/cattle/Texas/24-008749-003/2024(H5N1)	1324	3965
PA|PP755594.1|A/cattle/Texas/24-008749-003/2024(H5N1)	1325	3972
PA|PP755594.1|A/cattle/Texas/24-008749-003/2024(H5N1)	1326	3985
PA|PP755594.1|A/cattle/Texas/24-008749-003/2024(H5N1)	1327	3985
PA|PP755594.1|A/cattle/Texas/24-008749-003/2024(H5N1)	1328	3991
PA|PP755594.1|A/cattle/Texas/24-008749-003/2024(H5N1)	1329	4041
PA|PP755594.1|A/cattle/Texas/24-008749-003/2024(H5N1)	1330	4054
PA|PP755594.1|A/cattle/Texas/24-008749-003/2024(H5N1)	1331	4060
PA|PP755594.1|A/cattle/Texas/24-008749-003/2024(H5N1)	1332	4094
PA|PP755594.1|A/cattle/Texas/24-008749-003/2024(H5N1)	1333	4097
PA|PP755594.1|A/cattle/Texas/24-008749-003/2024(H5N1)	1334	4101
PA|PP755594.1|A/cattle/Texas/24-008749-003/2024(H5N1)	1335	4123
PA|PP755594.1|A/cattle/Texas/24-008749-003/2024(H5N1)	1336	4128
PA|PP755594.1|A/cattle/Texas/24-008749-003/2024(H5N1)	1337	4130
PA|PP755594.1|A/cattle/Texas/24-008749-003/2024(H5N1)	1338	4123
PA|PP755594.1|A/cattle/Texas/24-008749-003/2024(H5N1)	1339	4113
PA|PP755594.1|A/cattle/Texas/24-008749-003/2024(H5N1)	1340	4214
PA|PP755594.1|A/cattle/Texas/24-008749-003/2024(H5N1)	1341	4200
PA|PP755594.1|A/cattle/Texas/24-008749-003/2024(H5N1)	1342	4169
PA|PP755594.1|A/cattle/Texas/24-008749-003/2024(H5N1)	1343	4168
PA|PP755594.1|A/cattle/Texas/24-008749-003/2024(H5N1)	1344	3814
PA|PP755594.1|A/cattle/Texas/24-008749-003/2024(H5N1)	1345	3869
PA|PP755594.1|A/cattle/Texas/24-008749-003/2024(H5N1)	1346	3869
PA|PP755594.1|A/cattle/Texas/24-008749-003/2024(H5N1)	1347	3869
PA|PP755594.1|A/cattle/Texas/24-008749-003/2024(H5N1)	1348	3882
PA|PP755594.1|A/cattle/Texas/24-008749-003/2024(H5N1)	1349	3932
PA|PP755594.1|A/cattle/Texas/24-008749-003/2024(H5N1)	1350	3990
PA|PP755594.1|A/cattle/Texas/24-008749-003/2024(H5N1)	1351	4094
PA|PP755594.1|A/cattle/Texas/24-008749-003/2024(H5N1)	1352	4100
PA|PP755594.1|A/cattle/Texas/24-008749-003/2024(H5N1)	1353	4152
PA|PP755594.1|A/cattle/Texas/24-008749-003/2024(H5N1)	1354	4199
PA|PP755594.1|A/cattle/Texas/24-008749-003/2024(H5N1)	1355	4266
PA|PP755594.1|A/cattle/Texas/24-008749-003/2024(H5N1)	1356	4459
PA|PP755594.1|A/cattle/Texas/24-008749-003/2024(H5N1)	1357	4470
PA|PP755594.1|A/cattle/Texas/24-008749-003/2024(H5N1)	1358	4476
PA|PP755594.1|A/cattle/Texas/24-008749-003/2024(H5N1)	1359	4494
PA|PP755594.1|A/cattle/Texas/24-008749-003/2024(H5N1)	1360	4461
PA|PP755594.1|A/cattle/Texas/24-008749-003/2024(H5N1)	1361	4491
PA|PP755594.1|A/cattle/Texas/24-008749-003/2024(H5N1)	1362	4486
PA|PP755594.1|A/cattle/Texas/24-008749-003/2024(H5N1)	1363	4462
PA|PP755594.1|A/cattle/Texas/24-008749-003/2024(H5N1)	1364	4465
PA|PP755594.1|A/cattle/Texas/24-008749-003/2024(H5N1)	1365	4436
PA|PP755594.1|A/cattle/Texas/24-008749-003/2024(H5N1)	1366	4517
PA|PP755594.1|A/cattle/Texas/24-008749-003/2024(H5N1)	1367	4488
PA|PP755594.1|A/cattle/Texas/24-008749-003/2024(H5N1)	1368	4481
PA|PP755594.1|A/cattle/Texas/24-008749-003/2024(H5N1)	1369	4501
PA|PP755594.1|A/cattle/Texas/24-008749-003/2024(H5N1)	1370	4503
PA|PP755594.1|A/cattle/Texas/24-008749-003/2024(H5N1)	1371	4516
PA|PP755594.1|A/cattle/Texas/24-008749-003/2024(H5N1)	1372	4513
PA|PP755594.1|A/cattle/Texas/24-008749-003/2024(H5N1)	1373	4480
PA|PP755594.1|A/cattle/Texas/24-008749-003/2024(H5N1)	1374	4522
PA|PP755594.1|A/cattle/Texas/24-008749-003/2024(H5N1)	1375	4396
PA|PP755594.1|A/cattle/Texas/24-008749-003/2024(H5N1)	1376	4386
PA|PP755594.1|A/cattle/Texas/24-008749-003/2024(H5N1)	1377	4353
PA|PP755594.1|A/cattle/Texas/24-008749-003/2024(H5N1)	1378	4330
PA|PP755594.1|A/cattle/Texas/24-008749-003/2024(H5N1)	1379	4278
PA|PP755594.1|A/cattle/Texas/24-008749-003/2024(H5N1)	1380	4266
PA|PP755594.1|A/cattle/Texas/24-008749-003/2024(H5N1)	1381	4251
PA|PP755594.1|A/cattle/Texas/24-008749-003/2024(H5N1)	1382	4240
PA|PP755594.1|A/cattle/Texas/24-008749-003/2024(H5N1)	1383	4225
PA|PP755594.1|A/cattle/Texas/24-008749-003/2024(H5N1)	1384	4133
PA|PP755594.1|A/cattle/Texas/24-008749-003/2024(H5N1)	1385	4128
PA|PP755594.1|A/cattle/Texas/24-008749-003/2024(H5N1)	1386	4080
PA|PP755594.1|A/cattle/Texas/24-008749-003/2024(H5N1)	1387	4079
PA|PP755594.1|A/cattle/Texas/24-008749-003/2024(H5N1)	1388	4069
PA|PP755594.1|A/cattle/Texas/24-008749-003/2024(H5N1)	1389	4022
PA|PP755594.1|A/cattle/Texas/24-008749-003/2024(H5N1)	1390	4019
PA|PP755594.1|A/cattle/Texas/24-008749-003/2024(H5N1)	1391	4019
PA|PP755594.1|A/cattle/Texas/24-008749-003/2024(H5N1)	1392	3989
PA|PP755594.1|A/cattle/Texas/24-008749-003/2024(H5N1)	1393	3982
PA|PP755594.1|A/cattle/Texas/24-008749-003/2024(H5N1)	1394	3956
PA|PP755594.1|A/cattle/Texas/24-008749-003/2024(H5N1)	1395	3899
PA|PP755594.1|A/cattle/Texas/24-008749-003/2024(H5N1)	1396	3864
PA|PP755594.1|A/cattle/Texas/24-008749-003/2024(H5N1)	1397	3838
PA|PP755594.1|A/cattle/Texas/24-008749-003/2024(H5N1)	1398	3804
PA|PP755594.1|A/cattle/Texas/24-008749-003/2024(H5N1)	1399	3800
PA|PP755594.1|A/cattle/Texas/24-008749-003/2024(H5N1)	1400	3800
PA|PP755594.1|A/cattle/Texas/24-008749-003/2024(H5N1)	1401	3575
PA|PP755594.1|A/cattle/Texas/24-008749-003/2024(H5N1)	1402	3540
PA|PP755594.1|A/cattle/Texas/24-008749-003/2024(H5N1)	1403	3535
PA|PP755594.1|A/cattle/Texas/24-008749-003/2024(H5N1)	1404	2622
PA|PP755594.1|A/cattle/Texas/24-008749-003/2024(H5N1)	1405	2572
PA|PP755594.1|A/cattle/Texas/24-008749-003/2024(H5N1)	1406	2409
PA|PP755594.1|A/cattle/Texas/24-008749-003/2024(H5N1)	1407	2406
PA|PP755594.1|A/cattle/Texas/24-008749-003/2024(H5N1)	1408	2406
PA|PP755594.1|A/cattle/Texas/24-008749-003/2024(H5N1)	1409	2407
PA|PP755594.1|A/cattle/Texas/24-008749-003/2024(H5N1)	1410	2407
PA|PP755594.1|A/cattle/Texas/24-008749-003/2024(H5N1)	1411	2410
PA|PP755594.1|A/cattle/Texas/24-008749-003/2024(H5N1)	1412	2410
PA|PP755594.1|A/cattle/Texas/24-008749-003/2024(H5N1)	1413	2410
PA|PP755594.1|A/cattle/Texas/24-008749-003/2024(H5N1)	1414	2412
PA|PP755594.1|A/cattle/Texas/24-008749-003/2024(H5N1)	1415	2412
PA|PP755594.1|A/cattle/Texas/24-008749-003/2024(H5N1)	1416	2413
PA|PP755594.1|A/cattle/Texas/24-008749-003/2024(H5N1)	1417	2413
PA|PP755594.1|A/cattle/Texas/24-008749-003/2024(H5N1)	1418	2413
PA|PP755594.1|A/cattle/Texas/24-008749-003/2024(H5N1)	1419	2413
PA|PP755594.1|A/cattle/Texas/24-008749-003/2024(H5N1)	1420	2413
PA|PP755594.1|A/cattle/Texas/24-008749-003/2024(H5N1)	1421	2413
PA|PP755594.1|A/cattle/Texas/24-008749-003/2024(H5N1)	1422	2413
PA|PP755594.1|A/cattle/Texas/24-008749-003/2024(H5N1)	1423	2413
PA|PP755594.1|A/cattle/Texas/24-008749-003/2024(H5N1)	1424	2413
PA|PP755594.1|A/cattle/Texas/24-008749-003/2024(H5N1)	1425	2413
PA|PP755594.1|A/cattle/Texas/24-008749-003/2024(H5N1)	1426	3744
PA|PP755594.1|A/cattle/Texas/24-008749-003/2024(H5N1)	1427	3756
PA|PP755594.1|A/cattle/Texas/24-008749-003/2024(H5N1)	1428	3762
PA|PP755594.1|A/cattle/Texas/24-008749-003/2024(H5N1)	1429	3802
PA|PP755594.1|A/cattle/Texas/24-008749-003/2024(H5N1)	1430	3813
PA|PP755594.1|A/cattle/Texas/24-008749-003/2024(H5N1)	1431	3816
PA|PP755594.1|A/cattle/Texas/24-008749-003/2024(H5N1)	1432	3837
PA|PP755594.1|A/cattle/Texas/24-008749-003/2024(H5N1)	1433	3842
PA|PP755594.1|A/cattle/Texas/24-008749-003/2024(H5N1)	1434	3844
PA|PP755594.1|A/cattle/Texas/24-008749-003/2024(H5N1)	1435	3710
PA|PP755594.1|A/cattle/Texas/24-008749-003/2024(H5N1)	1436	3670
PA|PP755594.1|A/cattle/Texas/24-008749-003/2024(H5N1)	1437	3649
PA|PP755594.1|A/cattle/Texas/24-008749-003/2024(H5N1)	1438	3640
PA|PP755594.1|A/cattle/Texas/24-008749-003/2024(H5N1)	1439	3640
PA|PP755594.1|A/cattle/Texas/24-008749-003/2024(H5N1)	1440	3622
PA|PP755594.1|A/cattle/Texas/24-008749-003/2024(H5N1)	1441	3596
PA|PP755594.1|A/cattle/Texas/24-008749-003/2024(H5N1)	1442	3593
PA|PP755594.1|A/cattle/Texas/24-008749-003/2024(H5N1)	1443	3345
PA|PP755594.1|A/cattle/Texas/24-008749-003/2024(H5N1)	1444	3343
PA|PP755594.1|A/cattle/Texas/24-008749-003/2024(H5N1)	1445	3573
PA|PP755594.1|A/cattle/Texas/24-008749-003/2024(H5N1)	1446	3583
PA|PP755594.1|A/cattle/Texas/24-008749-003/2024(H5N1)	1447	3594
PA|PP755594.1|A/cattle/Texas/24-008749-003/2024(H5N1)	1448	3643
PA|PP755594.1|A/cattle/Texas/24-008749-003/2024(H5N1)	1449	3641
PA|PP755594.1|A/cattle/Texas/24-008749-003/2024(H5N1)	1450	3721
PA|PP755594.1|A/cattle/Texas/24-008749-003/2024(H5N1)	1451	3715
PA|PP755594.1|A/cattle/Texas/24-008749-003/2024(H5N1)	1452	3699
PA|PP755594.1|A/cattle/Texas/24-008749-003/2024(H5N1)	1453	3686
PA|PP755594.1|A/cattle/Texas/24-008749-003/2024(H5N1)	1454	3625
PA|PP755594.1|A/cattle/Texas/24-008749-003/2024(H5N1)	1455	3619
PA|PP755594.1|A/cattle/Texas/24-008749-003/2024(H5N1)	1456	3611
PA|PP755594.1|A/cattle/Texas/24-008749-003/2024(H5N1)	1457	3557
PA|PP755594.1|A/cattle/Texas/24-008749-003/2024(H5N1)	1458	3546
PA|PP755594.1|A/cattle/Texas/24-008749-003/2024(H5N1)	1459	3538
PA|PP755594.1|A/cattle/Texas/24-008749-003/2024(H5N1)	1460	3533
PA|PP755594.1|A/cattle/Texas/24-008749-003/2024(H5N1)	1461	3366
PA|PP755594.1|A/cattle/Texas/24-008749-003/2024(H5N1)	1462	3360
PA|PP755594.1|A/cattle/Texas/24-008749-003/2024(H5N1)	1463	3358
PA|PP755594.1|A/cattle/Texas/24-008749-003/2024(H5N1)	1464	3275
PA|PP755594.1|A/cattle/Texas/24-008749-003/2024(H5N1)	1465	3275
PA|PP755594.1|A/cattle/Texas/24-008749-003/2024(H5N1)	1466	3275
PA|PP755594.1|A/cattle/Texas/24-008749-003/2024(H5N1)	1467	3274
PA|PP755594.1|A/cattle/Texas/24-008749-003/2024(H5N1)	1468	3193
PA|PP755594.1|A/cattle/Texas/24-008749-003/2024(H5N1)	1469	3170
PA|PP755594.1|A/cattle/Texas/24-008749-003/2024(H5N1)	1470	3151
PA|PP755594.1|A/cattle/Texas/24-008749-003/2024(H5N1)	1471	3214
PA|PP755594.1|A/cattle/Texas/24-008749-003/2024(H5N1)	1472	3234
PA|PP755594.1|A/cattle/Texas/24-008749-003/2024(H5N1)	1473	3179
PA|PP755594.1|A/cattle/Texas/24-008749-003/2024(H5N1)	1474	4736
PA|PP755594.1|A/cattle/Texas/24-008749-003/2024(H5N1)	1475	4828
PA|PP755594.1|A/cattle/Texas/24-008749-003/2024(H5N1)	1476	4834
PA|PP755594.1|A/cattle/Texas/24-008749-003/2024(H5N1)	1477	4888
PA|PP755594.1|A/cattle/Texas/24-008749-003/2024(H5N1)	1478	4883
PA|PP755594.1|A/cattle/Texas/24-008749-003/2024(H5N1)	1479	4872
PA|PP755594.1|A/cattle/Texas/24-008749-003/2024(H5N1)	1480	4867
PA|PP755594.1|A/cattle/Texas/24-008749-003/2024(H5N1)	1481	4876
PA|PP755594.1|A/cattle/Texas/24-008749-003/2024(H5N1)	1482	4870
PA|PP755594.1|A/cattle/Texas/24-008749-003/2024(H5N1)	1483	4837
PA|PP755594.1|A/cattle/Texas/24-008749-003/2024(H5N1)	1484	4848
PA|PP755594.1|A/cattle/Texas/24-008749-003/2024(H5N1)	1485	4995
PA|PP755594.1|A/cattle/Texas/24-008749-003/2024(H5N1)	1486	4975
PA|PP755594.1|A/cattle/Texas/24-008749-003/2024(H5N1)	1487	4970
PA|PP755594.1|A/cattle/Texas/24-008749-003/2024(H5N1)	1488	4962
PA|PP755594.1|A/cattle/Texas/24-008749-003/2024(H5N1)	1489	4952
PA|PP755594.1|A/cattle/Texas/24-008749-003/2024(H5N1)	1490	4198
PA|PP755594.1|A/cattle/Texas/24-008749-003/2024(H5N1)	1491	4078
PA|PP755594.1|A/cattle/Texas/24-008749-003/2024(H5N1)	1492	4091
PA|PP755594.1|A/cattle/Texas/24-008749-003/2024(H5N1)	1493	4105
PA|PP755594.1|A/cattle/Texas/24-008749-003/2024(H5N1)	1494	4118
PA|PP755594.1|A/cattle/Texas/24-008749-003/2024(H5N1)	1495	4287
PA|PP755594.1|A/cattle/Texas/24-008749-003/2024(H5N1)	1496	4245
PA|PP755594.1|A/cattle/Texas/24-008749-003/2024(H5N1)	1497	4245
PA|PP755594.1|A/cattle/Texas/24-008749-003/2024(H5N1)	1498	4482
PA|PP755594.1|A/cattle/Texas/24-008749-003/2024(H5N1)	1499	4515
PA|PP755594.1|A/cattle/Texas/24-008749-003/2024(H5N1)	1500	4604
PA|PP755594.1|A/cattle/Texas/24-008749-003/2024(H5N1)	1501	5398
PA|PP755594.1|A/cattle/Texas/24-008749-003/2024(H5N1)	1502	5400
PA|PP755594.1|A/cattle/Texas/24-008749-003/2024(H5N1)	1503	5685
PA|PP755594.1|A/cattle/Texas/24-008749-003/2024(H5N1)	1504	5720
PA|PP755594.1|A/cattle/Texas/24-008749-003/2024(H5N1)	1505	5739
PA|PP755594.1|A/cattle/Texas/24-008749-003/2024(H5N1)	1506	5836
PA|PP755594.1|A/cattle/Texas/24-008749-003/2024(H5N1)	1507	5912
PA|PP755594.1|A/cattle/Texas/24-008749-003/2024(H5N1)	1508	5928
PA|PP755594.1|A/cattle/Texas/24-008749-003/2024(H5N1)	1509	5949
PA|PP755594.1|A/cattle/Texas/24-008749-003/2024(H5N1)	1510	6031
PA|PP755594.1|A/cattle/Texas/24-008749-003/2024(H5N1)	1511	6150
PA|PP755594.1|A/cattle/Texas/24-008749-003/2024(H5N1)	1512	6142
PA|PP755594.1|A/cattle/Texas/24-008749-003/2024(H5N1)	1513	6288
PA|PP755594.1|A/cattle/Texas/24-008749-003/2024(H5N1)	1514	6312
PA|PP755594.1|A/cattle/Texas/24-008749-003/2024(H5N1)	1515	6558
PA|PP755594.1|A/cattle/Texas/24-008749-003/2024(H5N1)	1516	6599
PA|PP755594.1|A/cattle/Texas/24-008749-003/2024(H5N1)	1517	6606
PA|PP755594.1|A/cattle/Texas/24-008749-003/2024(H5N1)	1518	6633
PA|PP755594.1|A/cattle/Texas/24-008749-003/2024(H5N1)	1519	6652
PA|PP755594.1|A/cattle/Texas/24-008749-003/2024(H5N1)	1520	6659
PA|PP755594.1|A/cattle/Texas/24-008749-003/2024(H5N1)	1521	6702
PA|PP755594.1|A/cattle/Texas/24-008749-003/2024(H5N1)	1522	6686
PA|PP755594.1|A/cattle/Texas/24-008749-003/2024(H5N1)	1523	6683
PA|PP755594.1|A/cattle/Texas/24-008749-003/2024(H5N1)	1524	6505
PA|PP755594.1|A/cattle/Texas/24-008749-003/2024(H5N1)	1525	6509
PA|PP755594.1|A/cattle/Texas/24-008749-003/2024(H5N1)	1526	6526
PA|PP755594.1|A/cattle/Texas/24-008749-003/2024(H5N1)	1527	6573
PA|PP755594.1|A/cattle/Texas/24-008749-003/2024(H5N1)	1528	7090
PA|PP755594.1|A/cattle/Texas/24-008749-003/2024(H5N1)	1529	7206
PA|PP755594.1|A/cattle/Texas/24-008749-003/2024(H5N1)	1530	7250
PA|PP755594.1|A/cattle/Texas/24-008749-003/2024(H5N1)	1531	7259
PA|PP755594.1|A/cattle/Texas/24-008749-003/2024(H5N1)	1532	7261
PA|PP755594.1|A/cattle/Texas/24-008749-003/2024(H5N1)	1533	7279
PA|PP755594.1|A/cattle/Texas/24-008749-003/2024(H5N1)	1534	7313
PA|PP755594.1|A/cattle/Texas/24-008749-003/2024(H5N1)	1535	7312
PA|PP755594.1|A/cattle/Texas/24-008749-003/2024(H5N1)	1536	7605
PA|PP755594.1|A/cattle/Texas/24-008749-003/2024(H5N1)	1537	7654
PA|PP755594.1|A/cattle/Texas/24-008749-003/2024(H5N1)	1538	7645
PA|PP755594.1|A/cattle/Texas/24-008749-003/2024(H5N1)	1539	7697
PA|PP755594.1|A/cattle/Texas/24-008749-003/2024(H5N1)	1540	7689
PA|PP755594.1|A/cattle/Texas/24-008749-003/2024(H5N1)	1541	7664
PA|PP755594.1|A/cattle/Texas/24-008749-003/2024(H5N1)	1542	7324
PA|PP755594.1|A/cattle/Texas/24-008749-003/2024(H5N1)	1543	7375
PA|PP755594.1|A/cattle/Texas/24-008749-003/2024(H5N1)	1544	7487
PA|PP755594.1|A/cattle/Texas/24-008749-003/2024(H5N1)	1545	7487
PA|PP755594.1|A/cattle/Texas/24-008749-003/2024(H5N1)	1546	7487
PA|PP755594.1|A/cattle/Texas/24-008749-003/2024(H5N1)	1547	7487
PA|PP755594.1|A/cattle/Texas/24-008749-003/2024(H5N1)	1548	7360
PA|PP755594.1|A/cattle/Texas/24-008749-003/2024(H5N1)	1549	7355
PA|PP755594.1|A/cattle/Texas/24-008749-003/2024(H5N1)	1550	7312
PA|PP755594.1|A/cattle/Texas/24-008749-003/2024(H5N1)	1551	5205
PA|PP755594.1|A/cattle/Texas/24-008749-003/2024(H5N1)	1552	5205
PA|PP755594.1|A/cattle/Texas/24-008749-003/2024(H5N1)	1553	5206
PA|PP755594.1|A/cattle/Texas/24-008749-003/2024(H5N1)	1554	5204
PA|PP755594.1|A/cattle/Texas/24-008749-003/2024(H5N1)	1555	5205
PA|PP755594.1|A/cattle/Texas/24-008749-003/2024(H5N1)	1556	5206
PA|PP755594.1|A/cattle/Texas/24-008749-003/2024(H5N1)	1557	5206
PA|PP755594.1|A/cattle/Texas/24-008749-003/2024(H5N1)	1558	5206
PA|PP755594.1|A/cattle/Texas/24-008749-003/2024(H5N1)	1559	5237
PA|PP755594.1|A/cattle/Texas/24-008749-003/2024(H5N1)	1560	5237
PA|PP755594.1|A/cattle/Texas/24-008749-003/2024(H5N1)	1561	5237
PA|PP755594.1|A/cattle/Texas/24-008749-003/2024(H5N1)	1562	5237
PA|PP755594.1|A/cattle/Texas/24-008749-003/2024(H5N1)	1563	5236
PA|PP755594.1|A/cattle/Texas/24-008749-003/2024(H5N1)	1564	5294
PA|PP755594.1|A/cattle/Texas/24-008749-003/2024(H5N1)	1565	5294
PA|PP755594.1|A/cattle/Texas/24-008749-003/2024(H5N1)	1566	5294
PA|PP755594.1|A/cattle/Texas/24-008749-003/2024(H5N1)	1567	5307
PA|PP755594.1|A/cattle/Texas/24-008749-003/2024(H5N1)	1568	5318
PA|PP755594.1|A/cattle/Texas/24-008749-003/2024(H5N1)	1569	5320
PA|PP755594.1|A/cattle/Texas/24-008749-003/2024(H5N1)	1570	5321
PA|PP755594.1|A/cattle/Texas/24-008749-003/2024(H5N1)	1571	5321
PA|PP755594.1|A/cattle/Texas/24-008749-003/2024(H5N1)	1572	5320
PA|PP755594.1|A/cattle/Texas/24-008749-003/2024(H5N1)	1573	5370
PA|PP755594.1|A/cattle/Texas/24-008749-003/2024(H5N1)	1574	5373
PA|PP755594.1|A/cattle/Texas/24-008749-003/2024(H5N1)	1575	5373
PA|PP755594.1|A/cattle/Texas/24-008749-003/2024(H5N1)	1576	5379
PA|PP755594.1|A/cattle/Texas/24-008749-003/2024(H5N1)	1577	5382
PA|PP755594.1|A/cattle/Texas/24-008749-003/2024(H5N1)	1578	5382
PA|PP755594.1|A/cattle/Texas/24-008749-003/2024(H5N1)	1579	5406
PA|PP755594.1|A/cattle/Texas/24-008749-003/2024(H5N1)	1580	5355
PA|PP755594.1|A/cattle/Texas/24-008749-003/2024(H5N1)	1581	5355
PA|PP755594.1|A/cattle/Texas/24-008749-003/2024(H5N1)	1582	5406
PA|PP755594.1|A/cattle/Texas/24-008749-003/2024(H5N1)	1583	5508
PA|PP755594.1|A/cattle/Texas/24-008749-003/2024(H5N1)	1584	5519
PA|PP755594.1|A/cattle/Texas/24-008749-003/2024(H5N1)	1585	5526
PA|PP755594.1|A/cattle/Texas/24-008749-003/2024(H5N1)	1586	5828
PA|PP755594.1|A/cattle/Texas/24-008749-003/2024(H5N1)	1587	5853
PA|PP755594.1|A/cattle/Texas/24-008749-003/2024(H5N1)	1588	6072
PA|PP755594.1|A/cattle/Texas/24-008749-003/2024(H5N1)	1589	6130
PA|PP755594.1|A/cattle/Texas/24-008749-003/2024(H5N1)	1590	6130
PA|PP755594.1|A/cattle/Texas/24-008749-003/2024(H5N1)	1591	6138
PA|PP755594.1|A/cattle/Texas/24-008749-003/2024(H5N1)	1592	6569
PA|PP755594.1|A/cattle/Texas/24-008749-003/2024(H5N1)	1593	6742
PA|PP755594.1|A/cattle/Texas/24-008749-003/2024(H5N1)	1594	6809
PA|PP755594.1|A/cattle/Texas/24-008749-003/2024(H5N1)	1595	6809
PA|PP755594.1|A/cattle/Texas/24-008749-003/2024(H5N1)	1596	6809
PA|PP755594.1|A/cattle/Texas/24-008749-003/2024(H5N1)	1597	7059
PA|PP755594.1|A/cattle/Texas/24-008749-003/2024(H5N1)	1598	7124
PA|PP755594.1|A/cattle/Texas/24-008749-003/2024(H5N1)	1599	7127
PA|PP755594.1|A/cattle/Texas/24-008749-003/2024(H5N1)	1600	8695
PA|PP755594.1|A/cattle/Texas/24-008749-003/2024(H5N1)	1601	8706
PA|PP755594.1|A/cattle/Texas/24-008749-003/2024(H5N1)	1602	8735
PA|PP755594.1|A/cattle/Texas/24-008749-003/2024(H5N1)	1603	8836
PA|PP755594.1|A/cattle/Texas/24-008749-003/2024(H5N1)	1604	8864
PA|PP755594.1|A/cattle/Texas/24-008749-003/2024(H5N1)	1605	8898
PA|PP755594.1|A/cattle/Texas/24-008749-003/2024(H5N1)	1606	8904
PA|PP755594.1|A/cattle/Texas/24-008749-003/2024(H5N1)	1607	8938
PA|PP755594.1|A/cattle/Texas/24-008749-003/2024(H5N1)	1608	8938
PA|PP755594.1|A/cattle/Texas/24-008749-003/2024(H5N1)	1609	9125
PA|PP755594.1|A/cattle/Texas/24-008749-003/2024(H5N1)	1610	9165
PA|PP755594.1|A/cattle/Texas/24-008749-003/2024(H5N1)	1611	9187
PA|PP755594.1|A/cattle/Texas/24-008749-003/2024(H5N1)	1612	9177
PA|PP755594.1|A/cattle/Texas/24-008749-003/2024(H5N1)	1613	9254
PA|PP755594.1|A/cattle/Texas/24-008749-003/2024(H5N1)	1614	9328
PA|PP755594.1|A/cattle/Texas/24-008749-003/2024(H5N1)	1615	9247
PA|PP755594.1|A/cattle/Texas/24-008749-003/2024(H5N1)	1616	9209
PA|PP755594.1|A/cattle/Texas/24-008749-003/2024(H5N1)	1617	9362
PA|PP755594.1|A/cattle/Texas/24-008749-003/2024(H5N1)	1618	9361
PA|PP755594.1|A/cattle/Texas/24-008749-003/2024(H5N1)	1619	9331
PA|PP755594.1|A/cattle/Texas/24-008749-003/2024(H5N1)	1620	9157
PA|PP755594.1|A/cattle/Texas/24-008749-003/2024(H5N1)	1621	9076
PA|PP755594.1|A/cattle/Texas/24-008749-003/2024(H5N1)	1622	9071
PA|PP755594.1|A/cattle/Texas/24-008749-003/2024(H5N1)	1623	9015
PA|PP755594.1|A/cattle/Texas/24-008749-003/2024(H5N1)	1624	9015
PA|PP755594.1|A/cattle/Texas/24-008749-003/2024(H5N1)	1625	9105
PA|PP755594.1|A/cattle/Texas/24-008749-003/2024(H5N1)	1626	8995
PA|PP755594.1|A/cattle/Texas/24-008749-003/2024(H5N1)	1627	8933
PA|PP755594.1|A/cattle/Texas/24-008749-003/2024(H5N1)	1628	8926
PA|PP755594.1|A/cattle/Texas/24-008749-003/2024(H5N1)	1629	8921
PA|PP755594.1|A/cattle/Texas/24-008749-003/2024(H5N1)	1630	8916
PA|PP755594.1|A/cattle/Texas/24-008749-003/2024(H5N1)	1631	8886
PA|PP755594.1|A/cattle/Texas/24-008749-003/2024(H5N1)	1632	6947
PA|PP755594.1|A/cattle/Texas/24-008749-003/2024(H5N1)	1633	6943
PA|PP755594.1|A/cattle/Texas/24-008749-003/2024(H5N1)	1634	6981
PA|PP755594.1|A/cattle/Texas/24-008749-003/2024(H5N1)	1635	7010
PA|PP755594.1|A/cattle/Texas/24-008749-003/2024(H5N1)	1636	7807
PA|PP755594.1|A/cattle/Texas/24-008749-003/2024(H5N1)	1637	7867
PA|PP755594.1|A/cattle/Texas/24-008749-003/2024(H5N1)	1638	7971
PA|PP755594.1|A/cattle/Texas/24-008749-003/2024(H5N1)	1639	8035
PA|PP755594.1|A/cattle/Texas/24-008749-003/2024(H5N1)	1640	8256
PA|PP755594.1|A/cattle/Texas/24-008749-003/2024(H5N1)	1641	8256
PA|PP755594.1|A/cattle/Texas/24-008749-003/2024(H5N1)	1642	8316
PA|PP755594.1|A/cattle/Texas/24-008749-003/2024(H5N1)	1643	8465
PA|PP755594.1|A/cattle/Texas/24-008749-003/2024(H5N1)	1644	8477
PA|PP755594.1|A/cattle/Texas/24-008749-003/2024(H5N1)	1645	9076
PA|PP755594.1|A/cattle/Texas/24-008749-003/2024(H5N1)	1646	9075
PA|PP755594.1|A/cattle/Texas/24-008749-003/2024(H5N1)	1647	9075
PA|PP755594.1|A/cattle/Texas/24-008749-003/2024(H5N1)	1648	8793
PA|PP755594.1|A/cattle/Texas/24-008749-003/2024(H5N1)	1649	8720
PA|PP755594.1|A/cattle/Texas/24-008749-003/2024(H5N1)	1650	8718
PA|PP755594.1|A/cattle/Texas/24-008749-003/2024(H5N1)	1651	8734
PA|PP755594.1|A/cattle/Texas/24-008749-003/2024(H5N1)	1652	9418
PA|PP755594.1|A/cattle/Texas/24-008749-003/2024(H5N1)	1653	9529
PA|PP755594.1|A/cattle/Texas/24-008749-003/2024(H5N1)	1654	9551
PA|PP755594.1|A/cattle/Texas/24-008749-003/2024(H5N1)	1655	9703
PA|PP755594.1|A/cattle/Texas/24-008749-003/2024(H5N1)	1656	9711
PA|PP755594.1|A/cattle/Texas/24-008749-003/2024(H5N1)	1657	10116
PA|PP755594.1|A/cattle/Texas/24-008749-003/2024(H5N1)	1658	10156
PA|PP755594.1|A/cattle/Texas/24-008749-003/2024(H5N1)	1659	10144
PA|PP755594.1|A/cattle/Texas/24-008749-003/2024(H5N1)	1660	10139
PA|PP755594.1|A/cattle/Texas/24-008749-003/2024(H5N1)	1661	10041
PA|PP755594.1|A/cattle/Texas/24-008749-003/2024(H5N1)	1662	9944
PA|PP755594.1|A/cattle/Texas/24-008749-003/2024(H5N1)	1663	10003
PA|PP755594.1|A/cattle/Texas/24-008749-003/2024(H5N1)	1664	9963
PA|PP755594.1|A/cattle/Texas/24-008749-003/2024(H5N1)	1665	9943
PA|PP755594.1|A/cattle/Texas/24-008749-003/2024(H5N1)	1666	9677
PA|PP755594.1|A/cattle/Texas/24-008749-003/2024(H5N1)	1667	9652
PA|PP755594.1|A/cattle/Texas/24-008749-003/2024(H5N1)	1668	9644
PA|PP755594.1|A/cattle/Texas/24-008749-003/2024(H5N1)	1669	9619
PA|PP755594.1|A/cattle/Texas/24-008749-003/2024(H5N1)	1670	9591
PA|PP755594.1|A/cattle/Texas/24-008749-003/2024(H5N1)	1671	9569
PA|PP755594.1|A/cattle/Texas/24-008749-003/2024(H5N1)	1672	9510
PA|PP755594.1|A/cattle/Texas/24-008749-003/2024(H5N1)	1673	8803
PA|PP755594.1|A/cattle/Texas/24-008749-003/2024(H5N1)	1674	8801
PA|PP755594.1|A/cattle/Texas/24-008749-003/2024(H5N1)	1675	8835
PA|PP755594.1|A/cattle/Texas/24-008749-003/2024(H5N1)	1676	8862
PA|PP755594.1|A/cattle/Texas/24-008749-003/2024(H5N1)	1677	8873
PA|PP755594.1|A/cattle/Texas/24-008749-003/2024(H5N1)	1678	9636
PA|PP755594.1|A/cattle/Texas/24-008749-003/2024(H5N1)	1679	9678
PA|PP755594.1|A/cattle/Texas/24-008749-003/2024(H5N1)	1680	9696
PA|PP755594.1|A/cattle/Texas/24-008749-003/2024(H5N1)	1681	9819
PA|PP755594.1|A/cattle/Texas/24-008749-003/2024(H5N1)	1682	9822
PA|PP755594.1|A/cattle/Texas/24-008749-003/2024(H5N1)	1683	9862
PA|PP755594.1|A/cattle/Texas/24-008749-003/2024(H5N1)	1684	9837
PA|PP755594.1|A/cattle/Texas/24-008749-003/2024(H5N1)	1685	9889
PA|PP755594.1|A/cattle/Texas/24-008749-003/2024(H5N1)	1686	9747
PA|PP755594.1|A/cattle/Texas/24-008749-003/2024(H5N1)	1687	9638
PA|PP755594.1|A/cattle/Texas/24-008749-003/2024(H5N1)	1688	9612
PA|PP755594.1|A/cattle/Texas/24-008749-003/2024(H5N1)	1689	9653
PA|PP755594.1|A/cattle/Texas/24-008749-003/2024(H5N1)	1690	9562
PA|PP755594.1|A/cattle/Texas/24-008749-003/2024(H5N1)	1691	9557
PA|PP755594.1|A/cattle/Texas/24-008749-003/2024(H5N1)	1692	9433
PA|PP755594.1|A/cattle/Texas/24-008749-003/2024(H5N1)	1693	9374
PA|PP755594.1|A/cattle/Texas/24-008749-003/2024(H5N1)	1694	9303
PA|PP755594.1|A/cattle/Texas/24-008749-003/2024(H5N1)	1695	8721
PA|PP755594.1|A/cattle/Texas/24-008749-003/2024(H5N1)	1696	8705
PA|PP755594.1|A/cattle/Texas/24-008749-003/2024(H5N1)	1697	8684
PA|PP755594.1|A/cattle/Texas/24-008749-003/2024(H5N1)	1698	8650
PA|PP755594.1|A/cattle/Texas/24-008749-003/2024(H5N1)	1699	8664
PA|PP755594.1|A/cattle/Texas/24-008749-003/2024(H5N1)	1700	8701
PA|PP755594.1|A/cattle/Texas/24-008749-003/2024(H5N1)	1701	8575
PA|PP755594.1|A/cattle/Texas/24-008749-003/2024(H5N1)	1702	8472
PA|PP755594.1|A/cattle/Texas/24-008749-003/2024(H5N1)	1703	8472
PA|PP755594.1|A/cattle/Texas/24-008749-003/2024(H5N1)	1704	8464
PA|PP755594.1|A/cattle/Texas/24-008749-003/2024(H5N1)	1705	8469
PA|PP755594.1|A/cattle/Texas/24-008749-003/2024(H5N1)	1706	8443
PA|PP755594.1|A/cattle/Texas/24-008749-003/2024(H5N1)	1707	8387
PA|PP755594.1|A/cattle/Texas/24-008749-003/2024(H5N1)	1708	8397
PA|PP755594.1|A/cattle/Texas/24-008749-003/2024(H5N1)	1709	8418
PA|PP755594.1|A/cattle/Texas/24-008749-003/2024(H5N1)	1710	8459
PA|PP755594.1|A/cattle/Texas/24-008749-003/2024(H5N1)	1711	9392
PA|PP755594.1|A/cattle/Texas/24-008749-003/2024(H5N1)	1712	9411
PA|PP755594.1|A/cattle/Texas/24-008749-003/2024(H5N1)	1713	9412
PA|PP755594.1|A/cattle/Texas/24-008749-003/2024(H5N1)	1714	9413
PA|PP755594.1|A/cattle/Texas/24-008749-003/2024(H5N1)	1715	9439
PA|PP755594.1|A/cattle/Texas/24-008749-003/2024(H5N1)	1716	9265
PA|PP755594.1|A/cattle/Texas/24-008749-003/2024(H5N1)	1717	9394
PA|PP755594.1|A/cattle/Texas/24-008749-003/2024(H5N1)	1718	9399
PA|PP755594.1|A/cattle/Texas/24-008749-003/2024(H5N1)	1719	9453
PA|PP755594.1|A/cattle/Texas/24-008749-003/2024(H5N1)	1720	9479
PA|PP755594.1|A/cattle/Texas/24-008749-003/2024(H5N1)	1721	9401
PA|PP755594.1|A/cattle/Texas/24-008749-003/2024(H5N1)	1722	9441
PA|PP755594.1|A/cattle/Texas/24-008749-003/2024(H5N1)	1723	9502
PA|PP755594.1|A/cattle/Texas/24-008749-003/2024(H5N1)	1724	9507
PA|PP755594.1|A/cattle/Texas/24-008749-003/2024(H5N1)	1725	9716
PA|PP755594.1|A/cattle/Texas/24-008749-003/2024(H5N1)	1726	9731
PA|PP755594.1|A/cattle/Texas/24-008749-003/2024(H5N1)	1727	9794
PA|PP755594.1|A/cattle/Texas/24-008749-003/2024(H5N1)	1728	9818
PA|PP755594.1|A/cattle/Texas/24-008749-003/2024(H5N1)	1729	9898
PA|PP755594.1|A/cattle/Texas/24-008749-003/2024(H5N1)	1730	10178
PA|PP755594.1|A/cattle/Texas/24-008749-003/2024(H5N1)	1731	10477
PA|PP755594.1|A/cattle/Texas/24-008749-003/2024(H5N1)	1732	10485
PA|PP755594.1|A/cattle/Texas/24-008749-003/2024(H5N1)	1733	10776
PA|PP755594.1|A/cattle/Texas/24-008749-003/2024(H5N1)	1734	10661
PA|PP755594.1|A/cattle/Texas/24-008749-003/2024(H5N1)	1735	10842
PA|PP755594.1|A/cattle/Texas/24-008749-003/2024(H5N1)	1736	10851
PA|PP755594.1|A/cattle/Texas/24-008749-003/2024(H5N1)	1737	10591
PA|PP755594.1|A/cattle/Texas/24-008749-003/2024(H5N1)	1738	11031
PA|PP755594.1|A/cattle/Texas/24-008749-003/2024(H5N1)	1739	10997
PA|PP755594.1|A/cattle/Texas/24-008749-003/2024(H5N1)	1740	11043
PA|PP755594.1|A/cattle/Texas/24-008749-003/2024(H5N1)	1741	11187
PA|PP755594.1|A/cattle/Texas/24-008749-003/2024(H5N1)	1742	10989
PA|PP755594.1|A/cattle/Texas/24-008749-003/2024(H5N1)	1743	10604
PA|PP755594.1|A/cattle/Texas/24-008749-003/2024(H5N1)	1744	10598
PA|PP755594.1|A/cattle/Texas/24-008749-003/2024(H5N1)	1745	10702
PA|PP755594.1|A/cattle/Texas/24-008749-003/2024(H5N1)	1746	10782
PA|PP755594.1|A/cattle/Texas/24-008749-003/2024(H5N1)	1747	10559
PA|PP755594.1|A/cattle/Texas/24-008749-003/2024(H5N1)	1748	10559
PA|PP755594.1|A/cattle/Texas/24-008749-003/2024(H5N1)	1749	10500
PA|PP755594.1|A/cattle/Texas/24-008749-003/2024(H5N1)	1750	10559
PA|PP755594.1|A/cattle/Texas/24-008749-003/2024(H5N1)	1751	10779
PA|PP755594.1|A/cattle/Texas/24-008749-003/2024(H5N1)	1752	10777
PA|PP755594.1|A/cattle/Texas/24-008749-003/2024(H5N1)	1753	10874
PA|PP755594.1|A/cattle/Texas/24-008749-003/2024(H5N1)	1754	10803
PA|PP755594.1|A/cattle/Texas/24-008749-003/2024(H5N1)	1755	10882
PA|PP755594.1|A/cattle/Texas/24-008749-003/2024(H5N1)	1756	11017
PA|PP755594.1|A/cattle/Texas/24-008749-003/2024(H5N1)	1757	11011
PA|PP755594.1|A/cattle/Texas/24-008749-003/2024(H5N1)	1758	11028
PA|PP755594.1|A/cattle/Texas/24-008749-003/2024(H5N1)	1759	11012
PA|PP755594.1|A/cattle/Texas/24-008749-003/2024(H5N1)	1760	10824
PA|PP755594.1|A/cattle/Texas/24-008749-003/2024(H5N1)	1761	10796
PA|PP755594.1|A/cattle/Texas/24-008749-003/2024(H5N1)	1762	10790
PA|PP755594.1|A/cattle/Texas/24-008749-003/2024(H5N1)	1763	11509
PA|PP755594.1|A/cattle/Texas/24-008749-003/2024(H5N1)	1764	11460
PA|PP755594.1|A/cattle/Texas/24-008749-003/2024(H5N1)	1765	11634
PA|PP755594.1|A/cattle/Texas/24-008749-003/2024(H5N1)	1766	12146
PA|PP755594.1|A/cattle/Texas/24-008749-003/2024(H5N1)	1767	12178
PA|PP755594.1|A/cattle/Texas/24-008749-003/2024(H5N1)	1768	12192
PA|PP755594.1|A/cattle/Texas/24-008749-003/2024(H5N1)	1769	12201
PA|PP755594.1|A/cattle/Texas/24-008749-003/2024(H5N1)	1770	12206
PA|PP755594.1|A/cattle/Texas/24-008749-003/2024(H5N1)	1771	12238
PA|PP755594.1|A/cattle/Texas/24-008749-003/2024(H5N1)	1772	11916
PA|PP755594.1|A/cattle/Texas/24-008749-003/2024(H5N1)	1773	12087
PA|PP755594.1|A/cattle/Texas/24-008749-003/2024(H5N1)	1774	12015
PA|PP755594.1|A/cattle/Texas/24-008749-003/2024(H5N1)	1775	12031
PA|PP755594.1|A/cattle/Texas/24-008749-003/2024(H5N1)	1776	11916
PA|PP755594.1|A/cattle/Texas/24-008749-003/2024(H5N1)	1777	11924
PA|PP755594.1|A/cattle/Texas/24-008749-003/2024(H5N1)	1778	11890
PA|PP755594.1|A/cattle/Texas/24-008749-003/2024(H5N1)	1779	12002
PA|PP755594.1|A/cattle/Texas/24-008749-003/2024(H5N1)	1780	11970
PA|PP755594.1|A/cattle/Texas/24-008749-003/2024(H5N1)	1781	12061
PA|PP755594.1|A/cattle/Texas/24-008749-003/2024(H5N1)	1782	12009
PA|PP755594.1|A/cattle/Texas/24-008749-003/2024(H5N1)	1783	11993
PA|PP755594.1|A/cattle/Texas/24-008749-003/2024(H5N1)	1784	11955
PA|PP755594.1|A/cattle/Texas/24-008749-003/2024(H5N1)	1785	12137
PA|PP755594.1|A/cattle/Texas/24-008749-003/2024(H5N1)	1786	12170
PA|PP755594.1|A/cattle/Texas/24-008749-003/2024(H5N1)	1787	12142
PA|PP755594.1|A/cattle/Texas/24-008749-003/2024(H5N1)	1788	11969
PA|PP755594.1|A/cattle/Texas/24-008749-003/2024(H5N1)	1789	11968
PA|PP755594.1|A/cattle/Texas/24-008749-003/2024(H5N1)	1790	11777
PA|PP755594.1|A/cattle/Texas/24-008749-003/2024(H5N1)	1791	11712
PA|PP755594.1|A/cattle/Texas/24-008749-003/2024(H5N1)	1792	11859
PA|PP755594.1|A/cattle/Texas/24-008749-003/2024(H5N1)	1793	11797
PA|PP755594.1|A/cattle/Texas/24-008749-003/2024(H5N1)	1794	11584
PA|PP755594.1|A/cattle/Texas/24-008749-003/2024(H5N1)	1795	11542
PA|PP755594.1|A/cattle/Texas/24-008749-003/2024(H5N1)	1796	11027
PA|PP755594.1|A/cattle/Texas/24-008749-003/2024(H5N1)	1797	11007
PA|PP755594.1|A/cattle/Texas/24-008749-003/2024(H5N1)	1798	10941
PA|PP755594.1|A/cattle/Texas/24-008749-003/2024(H5N1)	1799	10933
PA|PP755594.1|A/cattle/Texas/24-008749-003/2024(H5N1)	1800	10903
PA|PP755594.1|A/cattle/Texas/24-008749-003/2024(H5N1)	1801	11708
PA|PP755594.1|A/cattle/Texas/24-008749-003/2024(H5N1)	1802	11526
PA|PP755594.1|A/cattle/Texas/24-008749-003/2024(H5N1)	1803	11500
PA|PP755594.1|A/cattle/Texas/24-008749-003/2024(H5N1)	1804	11500
PA|PP755594.1|A/cattle/Texas/24-008749-003/2024(H5N1)	1805	11475
PA|PP755594.1|A/cattle/Texas/24-008749-003/2024(H5N1)	1806	11421
PA|PP755594.1|A/cattle/Texas/24-008749-003/2024(H5N1)	1807	11395
PA|PP755594.1|A/cattle/Texas/24-008749-003/2024(H5N1)	1808	10987
PA|PP755594.1|A/cattle/Texas/24-008749-003/2024(H5N1)	1809	10950
PA|PP755594.1|A/cattle/Texas/24-008749-003/2024(H5N1)	1810	10933
PA|PP755594.1|A/cattle/Texas/24-008749-003/2024(H5N1)	1811	10895
PA|PP755594.1|A/cattle/Texas/24-008749-003/2024(H5N1)	1812	9513
PA|PP755594.1|A/cattle/Texas/24-008749-003/2024(H5N1)	1813	9462
PA|PP755594.1|A/cattle/Texas/24-008749-003/2024(H5N1)	1814	9384
PA|PP755594.1|A/cattle/Texas/24-008749-003/2024(H5N1)	1815	9352
PA|PP755594.1|A/cattle/Texas/24-008749-003/2024(H5N1)	1816	9352
PA|PP755594.1|A/cattle/Texas/24-008749-003/2024(H5N1)	1817	9352
PA|PP755594.1|A/cattle/Texas/24-008749-003/2024(H5N1)	1818	9328
PA|PP755594.1|A/cattle/Texas/24-008749-003/2024(H5N1)	1819	9221
PA|PP755594.1|A/cattle/Texas/24-008749-003/2024(H5N1)	1820	9078
PA|PP755594.1|A/cattle/Texas/24-008749-003/2024(H5N1)	1821	9036
PA|PP755594.1|A/cattle/Texas/24-008749-003/2024(H5N1)	1822	8894
PA|PP755594.1|A/cattle/Texas/24-008749-003/2024(H5N1)	1823	8892
PA|PP755594.1|A/cattle/Texas/24-008749-003/2024(H5N1)	1824	8839
PA|PP755594.1|A/cattle/Texas/24-008749-003/2024(H5N1)	1825	8839
PA|PP755594.1|A/cattle/Texas/24-008749-003/2024(H5N1)	1826	8839
PA|PP755594.1|A/cattle/Texas/24-008749-003/2024(H5N1)	1827	8839
PA|PP755594.1|A/cattle/Texas/24-008749-003/2024(H5N1)	1828	9592
PA|PP755594.1|A/cattle/Texas/24-008749-003/2024(H5N1)	1829	9592
PA|PP755594.1|A/cattle/Texas/24-008749-003/2024(H5N1)	1830	9592
PA|PP755594.1|A/cattle/Texas/24-008749-003/2024(H5N1)	1831	9592
PA|PP755594.1|A/cattle/Texas/24-008749-003/2024(H5N1)	1832	9591
PA|PP755594.1|A/cattle/Texas/24-008749-003/2024(H5N1)	1833	9569
PA|PP755594.1|A/cattle/Texas/24-008749-003/2024(H5N1)	1834	9588
PA|PP755594.1|A/cattle/Texas/24-008749-003/2024(H5N1)	1835	9588
PA|PP755594.1|A/cattle/Texas/24-008749-003/2024(H5N1)	1836	9588
PA|PP755594.1|A/cattle/Texas/24-008749-003/2024(H5N1)	1837	9588
PA|PP755594.1|A/cattle/Texas/24-008749-003/2024(H5N1)	1838	9552
PA|PP755594.1|A/cattle/Texas/24-008749-003/2024(H5N1)	1839	9546
PA|PP755594.1|A/cattle/Texas/24-008749-003/2024(H5N1)	1840	9546
PA|PP755594.1|A/cattle/Texas/24-008749-003/2024(H5N1)	1841	9546
PA|PP755594.1|A/cattle/Texas/24-008749-003/2024(H5N1)	1842	9546
PA|PP755594.1|A/cattle/Texas/24-008749-003/2024(H5N1)	1843	9537
PA|PP755594.1|A/cattle/Texas/24-008749-003/2024(H5N1)	1844	9413
PA|PP755594.1|A/cattle/Texas/24-008749-003/2024(H5N1)	1845	9413
PA|PP755594.1|A/cattle/Texas/24-008749-003/2024(H5N1)	1846	9413
PA|PP755594.1|A/cattle/Texas/24-008749-003/2024(H5N1)	1847	9413
PA|PP755594.1|A/cattle/Texas/24-008749-003/2024(H5N1)	1848	9374
PA|PP755594.1|A/cattle/Texas/24-008749-003/2024(H5N1)	1849	10179
PA|PP755594.1|A/cattle/Texas/24-008749-003/2024(H5N1)	1850	10180
PA|PP755594.1|A/cattle/Texas/24-008749-003/2024(H5N1)	1851	10180
PA|PP755594.1|A/cattle/Texas/24-008749-003/2024(H5N1)	1852	10180
PA|PP755594.1|A/cattle/Texas/24-008749-003/2024(H5N1)	1853	10002
PA|PP755594.1|A/cattle/Texas/24-008749-003/2024(H5N1)	1854	9959
PA|PP755594.1|A/cattle/Texas/24-008749-003/2024(H5N1)	1855	10275
PA|PP755594.1|A/cattle/Texas/24-008749-003/2024(H5N1)	1856	10284
PA|PP755594.1|A/cattle/Texas/24-008749-003/2024(H5N1)	1857	10313
PA|PP755594.1|A/cattle/Texas/24-008749-003/2024(H5N1)	1858	10418
PA|PP755594.1|A/cattle/Texas/24-008749-003/2024(H5N1)	1859	10497
PA|PP755594.1|A/cattle/Texas/24-008749-003/2024(H5N1)	1860	10494
PA|PP755594.1|A/cattle/Texas/24-008749-003/2024(H5N1)	1861	10516
PA|PP755594.1|A/cattle/Texas/24-008749-003/2024(H5N1)	1862	10513
PA|PP755594.1|A/cattle/Texas/24-008749-003/2024(H5N1)	1863	10569
PA|PP755594.1|A/cattle/Texas/24-008749-003/2024(H5N1)	1864	10606
PA|PP755594.1|A/cattle/Texas/24-008749-003/2024(H5N1)	1865	10705
PA|PP755594.1|A/cattle/Texas/24-008749-003/2024(H5N1)	1866	10676
PA|PP755594.1|A/cattle/Texas/24-008749-003/2024(H5N1)	1867	10691
PA|PP755594.1|A/cattle/Texas/24-008749-003/2024(H5N1)	1868	10570
PA|PP755594.1|A/cattle/Texas/24-008749-003/2024(H5N1)	1869	10633
PA|PP755594.1|A/cattle/Texas/24-008749-003/2024(H5N1)	1870	10621
PA|PP755594.1|A/cattle/Texas/24-008749-003/2024(H5N1)	1871	10676
PA|PP755594.1|A/cattle/Texas/24-008749-003/2024(H5N1)	1872	11173
PA|PP755594.1|A/cattle/Texas/24-008749-003/2024(H5N1)	1873	11135
PA|PP755594.1|A/cattle/Texas/24-008749-003/2024(H5N1)	1874	11139
PA|PP755594.1|A/cattle/Texas/24-008749-003/2024(H5N1)	1875	10963
PA|PP755594.1|A/cattle/Texas/24-008749-003/2024(H5N1)	1876	10918
PA|PP755594.1|A/cattle/Texas/24-008749-003/2024(H5N1)	1877	10968
PA|PP755594.1|A/cattle/Texas/24-008749-003/2024(H5N1)	1878	11026
PA|PP755594.1|A/cattle/Texas/24-008749-003/2024(H5N1)	1879	11165
PA|PP755594.1|A/cattle/Texas/24-008749-003/2024(H5N1)	1880	11270
PA|PP755594.1|A/cattle/Texas/24-008749-003/2024(H5N1)	1881	10799
PA|PP755594.1|A/cattle/Texas/24-008749-003/2024(H5N1)	1882	10857
PA|PP755594.1|A/cattle/Texas/24-008749-003/2024(H5N1)	1883	11129
PA|PP755594.1|A/cattle/Texas/24-008749-003/2024(H5N1)	1884	10820
PA|PP755594.1|A/cattle/Texas/24-008749-003/2024(H5N1)	1885	10906
PA|PP755594.1|A/cattle/Texas/24-008749-003/2024(H5N1)	1886	10771
PA|PP755594.1|A/cattle/Texas/24-008749-003/2024(H5N1)	1887	10819
PA|PP755594.1|A/cattle/Texas/24-008749-003/2024(H5N1)	1888	10675
PA|PP755594.1|A/cattle/Texas/24-008749-003/2024(H5N1)	1889	10299
PA|PP755594.1|A/cattle/Texas/24-008749-003/2024(H5N1)	1890	10212
PA|PP755594.1|A/cattle/Texas/24-008749-003/2024(H5N1)	1891	10003
PA|PP755594.1|A/cattle/Texas/24-008749-003/2024(H5N1)	1892	9972
PA|PP755594.1|A/cattle/Texas/24-008749-003/2024(H5N1)	1893	9908
PA|PP755594.1|A/cattle/Texas/24-008749-003/2024(H5N1)	1894	9843
PA|PP755594.1|A/cattle/Texas/24-008749-003/2024(H5N1)	1895	9831
PA|PP755594.1|A/cattle/Texas/24-008749-003/2024(H5N1)	1896	9766
PA|PP755594.1|A/cattle/Texas/24-008749-003/2024(H5N1)	1897	10028
PA|PP755594.1|A/cattle/Texas/24-008749-003/2024(H5N1)	1898	10115
PA|PP755594.1|A/cattle/Texas/24-008749-003/2024(H5N1)	1899	10109
PA|PP755594.1|A/cattle/Texas/24-008749-003/2024(H5N1)	1900	10138
PA|PP755594.1|A/cattle/Texas/24-008749-003/2024(H5N1)	1901	10084
PA|PP755594.1|A/cattle/Texas/24-008749-003/2024(H5N1)	1902	9865
PA|PP755594.1|A/cattle/Texas/24-008749-003/2024(H5N1)	1903	9991
PA|PP755594.1|A/cattle/Texas/24-008749-003/2024(H5N1)	1904	9877
PA|PP755594.1|A/cattle/Texas/24-008749-003/2024(H5N1)	1905	10319
PA|PP755594.1|A/cattle/Texas/24-008749-003/2024(H5N1)	1906	10349
PA|PP755594.1|A/cattle/Texas/24-008749-003/2024(H5N1)	1907	10212
PA|PP755594.1|A/cattle/Texas/24-008749-003/2024(H5N1)	1908	10558
PA|PP755594.1|A/cattle/Texas/24-008749-003/2024(H5N1)	1909	10544
PA|PP755594.1|A/cattle/Texas/24-008749-003/2024(H5N1)	1910	10610
PA|PP755594.1|A/cattle/Texas/24-008749-003/2024(H5N1)	1911	10589
PA|PP755594.1|A/cattle/Texas/24-008749-003/2024(H5N1)	1912	10563
PA|PP755594.1|A/cattle/Texas/24-008749-003/2024(H5N1)	1913	10595
PA|PP755594.1|A/cattle/Texas/24-008749-003/2024(H5N1)	1914	9777
PA|PP755594.1|A/cattle/Texas/24-008749-003/2024(H5N1)	1915	9710
PA|PP755594.1|A/cattle/Texas/24-008749-003/2024(H5N1)	1916	9513
PA|PP755594.1|A/cattle/Texas/24-008749-003/2024(H5N1)	1917	7890
PA|PP755594.1|A/cattle/Texas/24-008749-003/2024(H5N1)	1918	7876
PA|PP755594.1|A/cattle/Texas/24-008749-003/2024(H5N1)	1919	7878
PA|PP755594.1|A/cattle/Texas/24-008749-003/2024(H5N1)	1920	7879
PA|PP755594.1|A/cattle/Texas/24-008749-003/2024(H5N1)	1921	7906
PA|PP755594.1|A/cattle/Texas/24-008749-003/2024(H5N1)	1922	7907
PA|PP755594.1|A/cattle/Texas/24-008749-003/2024(H5N1)	1923	7995
PA|PP755594.1|A/cattle/Texas/24-008749-003/2024(H5N1)	1924	8699
PA|PP755594.1|A/cattle/Texas/24-008749-003/2024(H5N1)	1925	8910
PA|PP755594.1|A/cattle/Texas/24-008749-003/2024(H5N1)	1926	9365
PA|PP755594.1|A/cattle/Texas/24-008749-003/2024(H5N1)	1927	9371
PA|PP755594.1|A/cattle/Texas/24-008749-003/2024(H5N1)	1928	9400
PA|PP755594.1|A/cattle/Texas/24-008749-003/2024(H5N1)	1929	9423
PA|PP755594.1|A/cattle/Texas/24-008749-003/2024(H5N1)	1930	9519
PA|PP755594.1|A/cattle/Texas/24-008749-003/2024(H5N1)	1931	9527
PA|PP755594.1|A/cattle/Texas/24-008749-003/2024(H5N1)	1932	9535
PA|PP755594.1|A/cattle/Texas/24-008749-003/2024(H5N1)	1933	9716
PA|PP755594.1|A/cattle/Texas/24-008749-003/2024(H5N1)	1934	9826
PA|PP755594.1|A/cattle/Texas/24-008749-003/2024(H5N1)	1935	9943
PA|PP755594.1|A/cattle/Texas/24-008749-003/2024(H5N1)	1936	9959
PA|PP755594.1|A/cattle/Texas/24-008749-003/2024(H5N1)	1937	9973
PA|PP755594.1|A/cattle/Texas/24-008749-003/2024(H5N1)	1938	10015
PA|PP755594.1|A/cattle/Texas/24-008749-003/2024(H5N1)	1939	10008
PA|PP755594.1|A/cattle/Texas/24-008749-003/2024(H5N1)	1940	10003
PA|PP755594.1|A/cattle/Texas/24-008749-003/2024(H5N1)	1941	9954
PA|PP755594.1|A/cattle/Texas/24-008749-003/2024(H5N1)	1942	9799
PA|PP755594.1|A/cattle/Texas/24-008749-003/2024(H5N1)	1943	9789
PA|PP755594.1|A/cattle/Texas/24-008749-003/2024(H5N1)	1944	9543
PA|PP755594.1|A/cattle/Texas/24-008749-003/2024(H5N1)	1945	9543
PA|PP755594.1|A/cattle/Texas/24-008749-003/2024(H5N1)	1946	9543
PA|PP755594.1|A/cattle/Texas/24-008749-003/2024(H5N1)	1947	9543
PA|PP755594.1|A/cattle/Texas/24-008749-003/2024(H5N1)	1948	9544
PA|PP755594.1|A/cattle/Texas/24-008749-003/2024(H5N1)	1949	9544
PA|PP755594.1|A/cattle/Texas/24-008749-003/2024(H5N1)	1950	8307
PA|PP755594.1|A/cattle/Texas/24-008749-003/2024(H5N1)	1951	8307
PA|PP755594.1|A/cattle/Texas/24-008749-003/2024(H5N1)	1952	8304
PA|PP755594.1|A/cattle/Texas/24-008749-003/2024(H5N1)	1953	8304
PA|PP755594.1|A/cattle/Texas/24-008749-003/2024(H5N1)	1954	8304
PA|PP755594.1|A/cattle/Texas/24-008749-003/2024(H5N1)	1955	8304
PA|PP755594.1|A/cattle/Texas/24-008749-003/2024(H5N1)	1956	6700
PA|PP755594.1|A/cattle/Texas/24-008749-003/2024(H5N1)	1957	6700
PA|PP755594.1|A/cattle/Texas/24-008749-003/2024(H5N1)	1958	6700
PA|PP755594.1|A/cattle/Texas/24-008749-003/2024(H5N1)	1959	6700
PA|PP755594.1|A/cattle/Texas/24-008749-003/2024(H5N1)	1960	6700
PA|PP755594.1|A/cattle/Texas/24-008749-003/2024(H5N1)	1961	6700
PA|PP755594.1|A/cattle/Texas/24-008749-003/2024(H5N1)	1962	6701
PA|PP755594.1|A/cattle/Texas/24-008749-003/2024(H5N1)	1963	6703
PA|PP755594.1|A/cattle/Texas/24-008749-003/2024(H5N1)	1964	6703
PA|PP755594.1|A/cattle/Texas/24-008749-003/2024(H5N1)	1965	6702
PA|PP755594.1|A/cattle/Texas/24-008749-003/2024(H5N1)	1966	6702
PA|PP755594.1|A/cattle/Texas/24-008749-003/2024(H5N1)	1967	6704
PA|PP755594.1|A/cattle/Texas/24-008749-003/2024(H5N1)	1968	6702
PA|PP755594.1|A/cattle/Texas/24-008749-003/2024(H5N1)	1969	6702
PA|PP755594.1|A/cattle/Texas/24-008749-003/2024(H5N1)	1970	6702
PA|PP755594.1|A/cattle/Texas/24-008749-003/2024(H5N1)	1971	6702
PA|PP755594.1|A/cattle/Texas/24-008749-003/2024(H5N1)	1972	6704
PA|PP755594.1|A/cattle/Texas/24-008749-003/2024(H5N1)	1973	6714
PA|PP755594.1|A/cattle/Texas/24-008749-003/2024(H5N1)	1974	6714
PA|PP755594.1|A/cattle/Texas/24-008749-003/2024(H5N1)	1975	6714
PA|PP755594.1|A/cattle/Texas/24-008749-003/2024(H5N1)	1976	6714
PA|PP755594.1|A/cattle/Texas/24-008749-003/2024(H5N1)	1977	6714
PA|PP755594.1|A/cattle/Texas/24-008749-003/2024(H5N1)	1978	6714
PA|PP755594.1|A/cattle/Texas/24-008749-003/2024(H5N1)	1979	6714
PA|PP755594.1|A/cattle/Texas/24-008749-003/2024(H5N1)	1980	6714
PA|PP755594.1|A/cattle/Texas/24-008749-003/2024(H5N1)	1981	6718
PA|PP755594.1|A/cattle/Texas/24-008749-003/2024(H5N1)	1982	6719
PA|PP755594.1|A/cattle/Texas/24-008749-003/2024(H5N1)	1983	6718
PA|PP755594.1|A/cattle/Texas/24-008749-003/2024(H5N1)	1984	6718
PA|PP755594.1|A/cattle/Texas/24-008749-003/2024(H5N1)	1985	6717
PA|PP755594.1|A/cattle/Texas/24-008749-003/2024(H5N1)	1986	6708
PA|PP755594.1|A/cattle/Texas/24-008749-003/2024(H5N1)	1987	6710
PA|PP755594.1|A/cattle/Texas/24-008749-003/2024(H5N1)	1988	6710
PA|PP755594.1|A/cattle/Texas/24-008749-003/2024(H5N1)	1989	6707
PA|PP755594.1|A/cattle/Texas/24-008749-003/2024(H5N1)	1990	6707
PA|PP755594.1|A/cattle/Texas/24-008749-003/2024(H5N1)	1991	6708
PA|PP755594.1|A/cattle/Texas/24-008749-003/2024(H5N1)	1992	6748
PA|PP755594.1|A/cattle/Texas/24-008749-003/2024(H5N1)	1993	7034
PA|PP755594.1|A/cattle/Texas/24-008749-003/2024(H5N1)	1994	11378
PA|PP755594.1|A/cattle/Texas/24-008749-003/2024(H5N1)	1995	11495
PA|PP755594.1|A/cattle/Texas/24-008749-003/2024(H5N1)	1996	11547
PA|PP755594.1|A/cattle/Texas/24-008749-003/2024(H5N1)	1997	11563
PA|PP755594.1|A/cattle/Texas/24-008749-003/2024(H5N1)	1998	11621
PA|PP755594.1|A/cattle/Texas/24-008749-003/2024(H5N1)	1999	11805
PA|PP755594.1|A/cattle/Texas/24-008749-003/2024(H5N1)	2000	11858
PA|PP755594.1|A/cattle/Texas/24-008749-003/2024(H5N1)	2001	12072
PA|PP755594.1|A/cattle/Texas/24-008749-003/2024(H5N1)	2002	12175
PA|PP755594.1|A/cattle/Texas/24-008749-003/2024(H5N1)	2003	12283
PA|PP755594.1|A/cattle/Texas/24-008749-003/2024(H5N1)	2004	12372
PA|PP755594.1|A/cattle/Texas/24-008749-003/2024(H5N1)	2005	12487
PA|PP755594.1|A/cattle/Texas/24-008749-003/2024(H5N1)	2006	12493
PA|PP755594.1|A/cattle/Texas/24-008749-003/2024(H5N1)	2007	12493
PA|PP755594.1|A/cattle/Texas/24-008749-003/2024(H5N1)	2008	12478
PA|PP755594.1|A/cattle/Texas/24-008749-003/2024(H5N1)	2009	12384
PA|PP755594.1|A/cattle/Texas/24-008749-003/2024(H5N1)	2010	12339
PA|PP755594.1|A/cattle/Texas/24-008749-003/2024(H5N1)	2011	12497
PA|PP755594.1|A/cattle/Texas/24-008749-003/2024(H5N1)	2012	12481
PA|PP755594.1|A/cattle/Texas/24-008749-003/2024(H5N1)	2013	12519
PA|PP755594.1|A/cattle/Texas/24-008749-003/2024(H5N1)	2014	12642
PA|PP755594.1|A/cattle/Texas/24-008749-003/2024(H5N1)	2015	12516
PA|PP755594.1|A/cattle/Texas/24-008749-003/2024(H5N1)	2016	12532
PA|PP755594.1|A/cattle/Texas/24-008749-003/2024(H5N1)	2017	12534
PA|PP755594.1|A/cattle/Texas/24-008749-003/2024(H5N1)	2018	12561
PA|PP755594.1|A/cattle/Texas/24-008749-003/2024(H5N1)	2019	12731
PA|PP755594.1|A/cattle/Texas/24-008749-003/2024(H5N1)	2020	12687
PA|PP755594.1|A/cattle/Texas/24-008749-003/2024(H5N1)	2021	12651
PA|PP755594.1|A/cattle/Texas/24-008749-003/2024(H5N1)	2022	12272
PA|PP755594.1|A/cattle/Texas/24-008749-003/2024(H5N1)	2023	12095
PA|PP755594.1|A/cattle/Texas/24-008749-003/2024(H5N1)	2024	12273
PA|PP755594.1|A/cattle/Texas/24-008749-003/2024(H5N1)	2025	12293
PA|PP755594.1|A/cattle/Texas/24-008749-003/2024(H5N1)	2026	12245
PA|PP755594.1|A/cattle/Texas/24-008749-003/2024(H5N1)	2027	12196
PA|PP755594.1|A/cattle/Texas/24-008749-003/2024(H5N1)	2028	12177
PA|PP755594.1|A/cattle/Texas/24-008749-003/2024(H5N1)	2029	12308
PA|PP755594.1|A/cattle/Texas/24-008749-003/2024(H5N1)	2030	12189
PA|PP755594.1|A/cattle/Texas/24-008749-003/2024(H5N1)	2031	12064
PA|PP755594.1|A/cattle/Texas/24-008749-003/2024(H5N1)	2032	12396
PA|PP755594.1|A/cattle/Texas/24-008749-003/2024(H5N1)	2033	12115
PA|PP755594.1|A/cattle/Texas/24-008749-003/2024(H5N1)	2034	12369
PA|PP755594.1|A/cattle/Texas/24-008749-003/2024(H5N1)	2035	12371
PA|PP755594.1|A/cattle/Texas/24-008749-003/2024(H5N1)	2036	12392
PA|PP755594.1|A/cattle/Texas/24-008749-003/2024(H5N1)	2037	12472
PA|PP755594.1|A/cattle/Texas/24-008749-003/2024(H5N1)	2038	12414
PA|PP755594.1|A/cattle/Texas/24-008749-003/2024(H5N1)	2039	12405
PA|PP755594.1|A/cattle/Texas/24-008749-003/2024(H5N1)	2040	12272
PA|PP755594.1|A/cattle/Texas/24-008749-003/2024(H5N1)	2041	12186
PA|PP755594.1|A/cattle/Texas/24-008749-003/2024(H5N1)	2042	12743
PA|PP755594.1|A/cattle/Texas/24-008749-003/2024(H5N1)	2043	12689
PA|PP755594.1|A/cattle/Texas/24-008749-003/2024(H5N1)	2044	12690
PA|PP755594.1|A/cattle/Texas/24-008749-003/2024(H5N1)	2045	12751
PA|PP755594.1|A/cattle/Texas/24-008749-003/2024(H5N1)	2046	12680
PA|PP755594.1|A/cattle/Texas/24-008749-003/2024(H5N1)	2047	12680
PA|PP755594.1|A/cattle/Texas/24-008749-003/2024(H5N1)	2048	12689
PA|PP755594.1|A/cattle/Texas/24-008749-003/2024(H5N1)	2049	12747
PA|PP755594.1|A/cattle/Texas/24-008749-003/2024(H5N1)	2050	12732
PA|PP755594.1|A/cattle/Texas/24-008749-003/2024(H5N1)	2051	12695
PA|PP755594.1|A/cattle/Texas/24-008749-003/2024(H5N1)	2052	12699
PA|PP755594.1|A/cattle/Texas/24-008749-003/2024(H5N1)	2053	12862
PA|PP755594.1|A/cattle/Texas/24-008749-003/2024(H5N1)	2054	12731
PA|PP755594.1|A/cattle/Texas/24-008749-003/2024(H5N1)	2055	12819
PA|PP755594.1|A/cattle/Texas/24-008749-003/2024(H5N1)	2056	12368
PA|PP755594.1|A/cattle/Texas/24-008749-003/2024(H5N1)	2057	12352
PA|PP755594.1|A/cattle/Texas/24-008749-003/2024(H5N1)	2058	13456
PA|PP755594.1|A/cattle/Texas/24-008749-003/2024(H5N1)	2059	13228
PA|PP755594.1|A/cattle/Texas/24-008749-003/2024(H5N1)	2060	13322
PA|PP755594.1|A/cattle/Texas/24-008749-003/2024(H5N1)	2061	13254
PA|PP755594.1|A/cattle/Texas/24-008749-003/2024(H5N1)	2062	12908
PA|PP755594.1|A/cattle/Texas/24-008749-003/2024(H5N1)	2063	13008
PA|PP755594.1|A/cattle/Texas/24-008749-003/2024(H5N1)	2064	12886
PA|PP755594.1|A/cattle/Texas/24-008749-003/2024(H5N1)	2065	12884
PA|PP755594.1|A/cattle/Texas/24-008749-003/2024(H5N1)	2066	12933
PA|PP755594.1|A/cattle/Texas/24-008749-003/2024(H5N1)	2067	12553
PA|PP755594.1|A/cattle/Texas/24-008749-003/2024(H5N1)	2068	12728
PA|PP755594.1|A/cattle/Texas/24-008749-003/2024(H5N1)	2069	12716
PA|PP755594.1|A/cattle/Texas/24-008749-003/2024(H5N1)	2070	12715
PA|PP755594.1|A/cattle/Texas/24-008749-003/2024(H5N1)	2071	12721
PA|PP755594.1|A/cattle/Texas/24-008749-003/2024(H5N1)	2072	12681
PA|PP755594.1|A/cattle/Texas/24-008749-003/2024(H5N1)	2073	12683
PA|PP755594.1|A/cattle/Texas/24-008749-003/2024(H5N1)	2074	12599
PA|PP755594.1|A/cattle/Texas/24-008749-003/2024(H5N1)	2075	12337
PA|PP755594.1|A/cattle/Texas/24-008749-003/2024(H5N1)	2076	12385
PA|PP755594.1|A/cattle/Texas/24-008749-003/2024(H5N1)	2077	11806
PA|PP755594.1|A/cattle/Texas/24-008749-003/2024(H5N1)	2078	11792
PA|PP755594.1|A/cattle/Texas/24-008749-003/2024(H5N1)	2079	11761
PA|PP755594.1|A/cattle/Texas/24-008749-003/2024(H5N1)	2080	11720
PA|PP755594.1|A/cattle/Texas/24-008749-003/2024(H5N1)	2081	11691
PA|PP755594.1|A/cattle/Texas/24-008749-003/2024(H5N1)	2082	11717
PA|PP755594.1|A/cattle/Texas/24-008749-003/2024(H5N1)	2083	11711
PA|PP755594.1|A/cattle/Texas/24-008749-003/2024(H5N1)	2084	11568
PA|PP755594.1|A/cattle/Texas/24-008749-003/2024(H5N1)	2085	11408
PA|PP755594.1|A/cattle/Texas/24-008749-003/2024(H5N1)	2086	11283
PA|PP755594.1|A/cattle/Texas/24-008749-003/2024(H5N1)	2087	11273
PA|PP755594.1|A/cattle/Texas/24-008749-003/2024(H5N1)	2088	11238
PA|PP755594.1|A/cattle/Texas/24-008749-003/2024(H5N1)	2089	11197
PA|PP755594.1|A/cattle/Texas/24-008749-003/2024(H5N1)	2090	11195
PA|PP755594.1|A/cattle/Texas/24-008749-003/2024(H5N1)	2091	11056
PA|PP755594.1|A/cattle/Texas/24-008749-003/2024(H5N1)	2092	11028
PA|PP755594.1|A/cattle/Texas/24-008749-003/2024(H5N1)	2093	9991
PA|PP755594.1|A/cattle/Texas/24-008749-003/2024(H5N1)	2094	9844
PA|PP755594.1|A/cattle/Texas/24-008749-003/2024(H5N1)	2095	9830
PA|PP755594.1|A/cattle/Texas/24-008749-003/2024(H5N1)	2096	9828
PA|PP755594.1|A/cattle/Texas/24-008749-003/2024(H5N1)	2097	9834
PA|PP755594.1|A/cattle/Texas/24-008749-003/2024(H5N1)	2098	9728
PA|PP755594.1|A/cattle/Texas/24-008749-003/2024(H5N1)	2099	9679
PA|PP755594.1|A/cattle/Texas/24-008749-003/2024(H5N1)	2100	9393
PA|PP755594.1|A/cattle/Texas/24-008749-003/2024(H5N1)	2101	9386
PA|PP755594.1|A/cattle/Texas/24-008749-003/2024(H5N1)	2102	9373
PA|PP755594.1|A/cattle/Texas/24-008749-003/2024(H5N1)	2103	9387
PA|PP755594.1|A/cattle/Texas/24-008749-003/2024(H5N1)	2104	9287
PA|PP755594.1|A/cattle/Texas/24-008749-003/2024(H5N1)	2105	9202
PA|PP755594.1|A/cattle/Texas/24-008749-003/2024(H5N1)	2106	9197
PA|PP755594.1|A/cattle/Texas/24-008749-003/2024(H5N1)	2107	9066
PA|PP755594.1|A/cattle/Texas/24-008749-003/2024(H5N1)	2108	9078
PA|PP755594.1|A/cattle/Texas/24-008749-003/2024(H5N1)	2109	9077
PA|PP755594.1|A/cattle/Texas/24-008749-003/2024(H5N1)	2110	9075
PA|PP755594.1|A/cattle/Texas/24-008749-003/2024(H5N1)	2111	9061
PA|PP755594.1|A/cattle/Texas/24-008749-003/2024(H5N1)	2112	8795
PA|PP755594.1|A/cattle/Texas/24-008749-003/2024(H5N1)	2113	8756
PA|PP755594.1|A/cattle/Texas/24-008749-003/2024(H5N1)	2114	8741
PA|PP755594.1|A/cattle/Texas/24-008749-003/2024(H5N1)	2115	8725
PA|PP755594.1|A/cattle/Texas/24-008749-003/2024(H5N1)	2116	8725
PA|PP755594.1|A/cattle/Texas/24-008749-003/2024(H5N1)	2117	8625
PA|PP755594.1|A/cattle/Texas/24-008749-003/2024(H5N1)	2118	8647
PA|PP755594.1|A/cattle/Texas/24-008749-003/2024(H5N1)	2119	8637
PA|PP755594.1|A/cattle/Texas/24-008749-003/2024(H5N1)	2120	8620
PA|PP755594.1|A/cattle/Texas/24-008749-003/2024(H5N1)	2121	8558
PA|PP755594.1|A/cattle/Texas/24-008749-003/2024(H5N1)	2122	8452
PA|PP755594.1|A/cattle/Texas/24-008749-003/2024(H5N1)	2123	8452
PA|PP755594.1|A/cattle/Texas/24-008749-003/2024(H5N1)	2124	8446
PA|PP755594.1|A/cattle/Texas/24-008749-003/2024(H5N1)	2125	8378
PA|PP755594.1|A/cattle/Texas/24-008749-003/2024(H5N1)	2126	8337
PA|PP755594.1|A/cattle/Texas/24-008749-003/2024(H5N1)	2127	8032
PA|PP755594.1|A/cattle/Texas/24-008749-003/2024(H5N1)	2128	8023
PA|PP755594.1|A/cattle/Texas/24-008749-003/2024(H5N1)	2129	8022
PA|PP755594.1|A/cattle/Texas/24-008749-003/2024(H5N1)	2130	8025
PA|PP755594.1|A/cattle/Texas/24-008749-003/2024(H5N1)	2131	7934
PA|PP755594.1|A/cattle/Texas/24-008749-003/2024(H5N1)	2132	7865
PA|PP755594.1|A/cattle/Texas/24-008749-003/2024(H5N1)	2133	7782
PA|PP755594.1|A/cattle/Texas/24-008749-003/2024(H5N1)	2134	7773
PA|PP755594.1|A/cattle/Texas/24-008749-003/2024(H5N1)	2135	7717
PA|PP755594.1|A/cattle/Texas/24-008749-003/2024(H5N1)	2136	7665
PA|PP755594.1|A/cattle/Texas/24-008749-003/2024(H5N1)	2137	7619
PA|PP755594.1|A/cattle/Texas/24-008749-003/2024(H5N1)	2138	7549
PA|PP755594.1|A/cattle/Texas/24-008749-003/2024(H5N1)	2139	7420
PA|PP755594.1|A/cattle/Texas/24-008749-003/2024(H5N1)	2140	7405
PA|PP755594.1|A/cattle/Texas/24-008749-003/2024(H5N1)	2141	7356
PA|PP755594.1|A/cattle/Texas/24-008749-003/2024(H5N1)	2142	7316
PA|PP755594.1|A/cattle/Texas/24-008749-003/2024(H5N1)	2143	7206
PA|PP755594.1|A/cattle/Texas/24-008749-003/2024(H5N1)	2144	6889
PA|PP755594.1|A/cattle/Texas/24-008749-003/2024(H5N1)	2145	6884
PA|PP755594.1|A/cattle/Texas/24-008749-003/2024(H5N1)	2146	6835
PA|PP755594.1|A/cattle/Texas/24-008749-003/2024(H5N1)	2147	6823
PA|PP755594.1|A/cattle/Texas/24-008749-003/2024(H5N1)	2148	6791
PA|PP755594.1|A/cattle/Texas/24-008749-003/2024(H5N1)	2149	6746
PA|PP755594.1|A/cattle/Texas/24-008749-003/2024(H5N1)	2150	6532
PA|PP755594.1|A/cattle/Texas/24-008749-003/2024(H5N1)	2151	6483
