PB1|PP755595.1|A/cattle/Texas/24-008749-003/2024(H5N1)	1	2101
PB1|PP755595.1|A/cattle/Texas/24-008749-003/2024(H5N1)	2	2103
PB1|PP755595.1|A/cattle/Texas/24-008749-003/2024(H5N1)	3	2115
PB1|PP755595.1|A/cattle/Texas/24-008749-003/2024(H5N1)	4	2145
PB1|PP755595.1|A/cattle/Texas/24-008749-003/2024(H5N1)	5	2214
PB1|PP755595.1|A/cattle/Texas/24-008749-003/2024(H5N1)	6	2251
PB1|PP755595.1|A/cattle/Texas/24-008749-003/2024(H5N1)	7	2260
PB1|PP755595.1|A/cattle/Texas/24-008749-003/2024(H5N1)	8	2273
PB1|PP755595.1|A/cattle/Texas/24-008749-003/2024(H5N1)	9	2313
PB1|PP755595.1|A/cattle/Texas/24-008749-003/2024(H5N1)	10	2321
PB1|PP755595.1|A/cattle/Texas/24-008749-003/2024(H5N1)	11	2330
PB1|PP755595.1|A/cattle/Texas/24-008749-003/2024(H5N1)	12	2332
PB1|PP755595.1|A/cattle/Texas/24-008749-003/2024(H5N1)	13	2336
PB1|PP755595.1|A/cattle/Texas/24-008749-003/2024(H5N1)	14	2351
PB1|PP755595.1|A/cattle/Texas/24-008749-003/2024(H5N1)	15	2363
PB1|PP755595.1|A/cattle/Texas/24-008749-003/2024(H5N1)	16	2421
PB1|PP755595.1|A/cattle/Texas/24-008749-003/2024(H5N1)	17	2431
PB1|PP755595.1|A/cattle/Texas/24-008749-003/2024(H5N1)	18	2432
PB1|PP755595.1|A/cattle/Texas/24-008749-003/2024(H5N1)	19	2454
PB1|PP755595.1|A/cattle/Texas/24-008749-003/2024(H5N1)	20	2463
PB1|PP755595.1|A/cattle/Texas/24-008749-003/2024(H5N1)	21	2466
PB1|PP755595.1|A/cattle/Texas/24-008749-003/2024(H5N1)	22	2472
PB1|PP755595.1|A/cattle/Texas/24-008749-003/2024(H5N1)	23	2476
PB1|PP755595.1|A/cattle/Texas/24-008749-003/2024(H5N1)	24	2493
PB1|PP755595.1|A/cattle/Texas/24-008749-003/2024(H5N1)	25	2501
PB1|PP755595.1|A/cattle/Texas/24-008749-003/2024(H5N1)	26	2571
PB1|PP755595.1|A/cattle/Texas/24-008749-003/2024(H5N1)	27	2573
PB1|PP755595.1|A/cattle/Texas/24-008749-003/2024(H5N1)	28	2576
PB1|PP755595.1|A/cattle/Texas/24-008749-003/2024(H5N1)	29	2584
PB1|PP755595.1|A/cattle/Texas/24-008749-003/2024(H5N1)	30	2561
PB1|PP755595.1|A/cattle/Texas/24-008749-003/2024(H5N1)	31	2575
PB1|PP755595.1|A/cattle/Texas/24-008749-003/2024(H5N1)	32	2587
PB1|PP755595.1|A/cattle/Texas/24-008749-003/2024(H5N1)	33	2589
PB1|PP755595.1|A/cattle/Texas/24-008749-003/2024(H5N1)	34	2631
PB1|PP755595.1|A/cattle/Texas/24-008749-003/2024(H5N1)	35	2626
PB1|PP755595.1|A/cattle/Texas/24-008749-003/2024(H5N1)	36	2630
PB1|PP755595.1|A/cattle/Texas/24-008749-003/2024(H5N1)	37	2659
PB1|PP755595.1|A/cattle/Texas/24-008749-003/2024(H5N1)	38	2661
PB1|PP755595.1|A/cattle/Texas/24-008749-003/2024(H5N1)	39	2663
PB1|PP755595.1|A/cattle/Texas/24-008749-003/2024(H5N1)	40	2777
PB1|PP755595.1|A/cattle/Texas/24-008749-003/2024(H5N1)	41	2816
PB1|PP755595.1|A/cattle/Texas/24-008749-003/2024(H5N1)	42	2827
PB1|PP755595.1|A/cattle/Texas/24-008749-003/2024(H5N1)	43	2838
PB1|PP755595.1|A/cattle/Texas/24-008749-003/2024(H5N1)	44	2815
PB1|PP755595.1|A/cattle/Texas/24-008749-003/2024(H5N1)	45	2835
PB1|PP755595.1|A/cattle/Texas/24-008749-003/2024(H5N1)	46	2863
PB1|PP755595.1|A/cattle/Texas/24-008749-003/2024(H5N1)	47	2956
PB1|PP755595.1|A/cattle/Texas/24-008749-003/2024(H5N1)	48	3063
PB1|PP755595.1|A/cattle/Texas/24-008749-003/2024(H5N1)	49	3141
PB1|PP755595.1|A/cattle/Texas/24-008749-003/2024(H5N1)	50	3154
PB1|PP755595.1|A/cattle/Texas/24-008749-003/2024(H5N1)	51	3180
PB1|PP755595.1|A/cattle/Texas/24-008749-003/2024(H5N1)	52	3192
PB1|PP755595.1|A/cattle/Texas/24-008749-003/2024(H5N1)	53	3212
PB1|PP755595.1|A/cattle/Texas/24-008749-003/2024(H5N1)	54	3325
PB1|PP755595.1|A/cattle/Texas/24-008749-003/2024(H5N1)	55	3326
PB1|PP755595.1|A/cattle/Texas/24-008749-003/2024(H5N1)	56	3406
PB1|PP755595.1|A/cattle/Texas/24-008749-003/2024(H5N1)	57	3419
PB1|PP755595.1|A/cattle/Texas/24-008749-003/2024(H5N1)	58	3490
PB1|PP755595.1|A/cattle/Texas/24-008749-003/2024(H5N1)	59	3551
PB1|PP755595.1|A/cattle/Texas/24-008749-003/2024(H5N1)	60	3555
PB1|PP755595.1|A/cattle/Texas/24-008749-003/2024(H5N1)	61	3576
PB1|PP755595.1|A/cattle/Texas/24-008749-003/2024(H5N1)	62	3604
PB1|PP755595.1|A/cattle/Texas/24-008749-003/2024(H5N1)	63	3612
PB1|PP755595.1|A/cattle/Texas/24-008749-003/2024(H5N1)	64	3647
PB1|PP755595.1|A/cattle/Texas/24-008749-003/2024(H5N1)	65	3654
PB1|PP755595.1|A/cattle/Texas/24-008749-003/2024(H5N1)	66	4011
PB1|PP755595.1|A/cattle/Texas/24-008749-003/2024(H5N1)	67	4021
PB1|PP755595.1|A/cattle/Texas/24-008749-003/2024(H5N1)	68	4021
PB1|PP755595.1|A/cattle/Texas/24-008749-003/2024(H5N1)	69	4021
PB1|PP755595.1|A/cattle/Texas/24-008749-003/2024(H5N1)	70	4038
PB1|PP755595.1|A/cattle/Texas/24-008749-003/2024(H5N1)	71	4166
PB1|PP755595.1|A/cattle/Texas/24-008749-003/2024(H5N1)	72	4222
PB1|PP755595.1|A/cattle/Texas/24-008749-003/2024(H5N1)	73	4283
PB1|PP755595.1|A/cattle/Texas/24-008749-003/2024(H5N1)	74	4327
PB1|PP755595.1|A/cattle/Texas/24-008749-003/2024(H5N1)	75	4347
PB1|PP755595.1|A/cattle/Texas/24-008749-003/2024(H5N1)	76	4390
PB1|PP755595.1|A/cattle/Texas/24-008749-003/2024(H5N1)	77	4428
PB1|PP755595.1|A/cattle/Texas/24-008749-003/2024(H5N1)	78	4454
PB1|PP755595.1|A/cattle/Texas/24-008749-003/2024(H5N1)	79	4464
PB1|PP755595.1|A/cattle/Texas/24-008749-003/2024(H5N1)	80	4556
PB1|PP755595.1|A/cattle/Texas/24-008749-003/2024(H5N1)	81	4576
PB1|PP755595.1|A/cattle/Texas/24-008749-003/2024(H5N1)	82	4749
PB1|PP755595.1|A/cattle/Texas/24-008749-003/2024(H5N1)	83	4767
PB1|PP755595.1|A/cattle/Texas/24-008749-003/2024(H5N1)	84	4779
PB1|PP755595.1|A/cattle/Texas/24-008749-003/2024(H5N1)	85	4933
PB1|PP755595.1|A/cattle/Texas/24-008749-003/2024(H5N1)	86	4957
PB1|PP755595.1|A/cattle/Texas/24-008749-003/2024(H5N1)	87	4963
PB1|PP755595.1|A/cattle/Texas/24-008749-003/2024(H5N1)	88	4964
PB1|PP755595.1|A/cattle/Texas/24-008749-003/2024(H5N1)	89	4965
PB1|PP755595.1|A/cattle/Texas/24-008749-003/2024(H5N1)	90	4966
PB1|PP755595.1|A/cattle/Texas/24-008749-003/2024(H5N1)	91	4964
PB1|PP755595.1|A/cattle/Texas/24-008749-003/2024(H5N1)	92	5023
PB1|PP755595.1|A/cattle/Texas/24-008749-003/2024(H5N1)	93	5054
PB1|PP755595.1|A/cattle/Texas/24-008749-003/2024(H5N1)	94	5005
PB1|PP755595.1|A/cattle/Texas/24-008749-003/2024(H5N1)	95	5021
PB1|PP755595.1|A/cattle/Texas/24-008749-003/2024(H5N1)	96	5018
PB1|PP755595.1|A/cattle/Texas/24-008749-003/2024(H5N1)	97	5021
PB1|PP755595.1|A/cattle/Texas/24-008749-003/2024(H5N1)	98	5068
PB1|PP755595.1|A/cattle/Texas/24-008749-003/2024(H5N1)	99	5076
PB1|PP755595.1|A/cattle/Texas/24-008749-003/2024(H5N1)	100	5066
PB1|PP755595.1|A/cattle/Texas/24-008749-003/2024(H5N1)	101	5040
PB1|PP755595.1|A/cattle/Texas/24-008749-003/2024(H5N1)	102	5005
PB1|PP755595.1|A/cattle/Texas/24-008749-003/2024(H5N1)	103	4999
PB1|PP755595.1|A/cattle/Texas/24-008749-003/2024(H5N1)	104	4988
PB1|PP755595.1|A/cattle/Texas/24-008749-003/2024(H5N1)	105	4948
PB1|PP755595.1|A/cattle/Texas/24-008749-003/2024(H5N1)	106	5126
PB1|PP755595.1|A/cattle/Texas/24-008749-003/2024(H5N1)	107	5139
PB1|PP755595.1|A/cattle/Texas/24-008749-003/2024(H5N1)	108	5108
PB1|PP755595.1|A/cattle/Texas/24-008749-003/2024(H5N1)	109	5108
PB1|PP755595.1|A/cattle/Texas/24-008749-003/2024(H5N1)	110	5109
PB1|PP755595.1|A/cattle/Texas/24-008749-003/2024(H5N1)	111	5090
PB1|PP755595.1|A/cattle/Texas/24-008749-003/2024(H5N1)	112	5052
PB1|PP755595.1|A/cattle/Texas/24-008749-003/2024(H5N1)	113	4988
PB1|PP755595.1|A/cattle/Texas/24-008749-003/2024(H5N1)	114	4652
PB1|PP755595.1|A/cattle/Texas/24-008749-003/2024(H5N1)	115	4640
PB1|PP755595.1|A/cattle/Texas/24-008749-003/2024(H5N1)	116	4641
PB1|PP755595.1|A/cattle/Texas/24-008749-003/2024(H5N1)	117	4538
PB1|PP755595.1|A/cattle/Texas/24-008749-003/2024(H5N1)	118	4907
PB1|PP755595.1|A/cattle/Texas/24-008749-003/2024(H5N1)	119	4907
PB1|PP755595.1|A/cattle/Texas/24-008749-003/2024(H5N1)	120	4927
PB1|PP755595.1|A/cattle/Texas/24-008749-003/2024(H5N1)	121	4928
PB1|PP755595.1|A/cattle/Texas/24-008749-003/2024(H5N1)	122	4947
PB1|PP755595.1|A/cattle/Texas/24-008749-003/2024(H5N1)	123	4944
PB1|PP755595.1|A/cattle/Texas/24-008749-003/2024(H5N1)	124	4913
PB1|PP755595.1|A/cattle/Texas/24-008749-003/2024(H5N1)	125	4879
PB1|PP755595.1|A/cattle/Texas/24-008749-003/2024(H5N1)	126	4860
PB1|PP755595.1|A/cattle/Texas/24-008749-003/2024(H5N1)	127	4209
PB1|PP755595.1|A/cattle/Texas/24-008749-003/2024(H5N1)	128	4110
PB1|PP755595.1|A/cattle/Texas/24-008749-003/2024(H5N1)	129	3853
PB1|PP755595.1|A/cattle/Texas/24-008749-003/2024(H5N1)	130	4016
PB1|PP755595.1|A/cattle/Texas/24-008749-003/2024(H5N1)	131	4017
PB1|PP755595.1|A/cattle/Texas/24-008749-003/2024(H5N1)	132	3991
PB1|PP755595.1|A/cattle/Texas/24-008749-003/2024(H5N1)	133	3986
PB1|PP755595.1|A/cattle/Texas/24-008749-003/2024(H5N1)	134	4028
PB1|PP755595.1|A/cattle/Texas/24-008749-003/2024(H5N1)	135	4010
PB1|PP755595.1|A/cattle/Texas/24-008749-003/2024(H5N1)	136	3948
PB1|PP755595.1|A/cattle/Texas/24-008749-003/2024(H5N1)	137	3859
PB1|PP755595.1|A/cattle/Texas/24-008749-003/2024(H5N1)	138	3818
PB1|PP755595.1|A/cattle/Texas/24-008749-003/2024(H5N1)	139	4059
PB1|PP755595.1|A/cattle/Texas/24-008749-003/2024(H5N1)	140	4042
PB1|PP755595.1|A/cattle/Texas/24-008749-003/2024(H5N1)	141	4058
PB1|PP755595.1|A/cattle/Texas/24-008749-003/2024(H5N1)	142	4037
PB1|PP755595.1|A/cattle/Texas/24-008749-003/2024(H5N1)	143	3964
PB1|PP755595.1|A/cattle/Texas/24-008749-003/2024(H5N1)	144	3873
PB1|PP755595.1|A/cattle/Texas/24-008749-003/2024(H5N1)	145	3856
PB1|PP755595.1|A/cattle/Texas/24-008749-003/2024(H5N1)	146	3807
PB1|PP755595.1|A/cattle/Texas/24-008749-003/2024(H5N1)	147	3745
PB1|PP755595.1|A/cattle/Texas/24-008749-003/2024(H5N1)	148	3653
PB1|PP755595.1|A/cattle/Texas/24-008749-003/2024(H5N1)	149	3614
PB1|PP755595.1|A/cattle/Texas/24-008749-003/2024(H5N1)	150	3573
PB1|PP755595.1|A/cattle/Texas/24-008749-003/2024(H5N1)	151	3570
PB1|PP755595.1|A/cattle/Texas/24-008749-003/2024(H5N1)	152	3543
PB1|PP755595.1|A/cattle/Texas/24-008749-003/2024(H5N1)	153	3383
PB1|PP755595.1|A/cattle/Texas/24-008749-003/2024(H5N1)	154	3364
PB1|PP755595.1|A/cattle/Texas/24-008749-003/2024(H5N1)	155	3364
PB1|PP755595.1|A/cattle/Texas/24-008749-003/2024(H5N1)	156	3318
PB1|PP755595.1|A/cattle/Texas/24-008749-003/2024(H5N1)	157	3365
PB1|PP755595.1|A/cattle/Texas/24-008749-003/2024(H5N1)	158	3378
PB1|PP755595.1|A/cattle/Texas/24-008749-003/2024(H5N1)	159	3377
PB1|PP755595.1|A/cattle/Texas/24-008749-003/2024(H5N1)	160	3697
PB1|PP755595.1|A/cattle/Texas/24-008749-003/2024(H5N1)	161	3700
PB1|PP755595.1|A/cattle/Texas/24-008749-003/2024(H5N1)	162	3696
PB1|PP755595.1|A/cattle/Texas/24-008749-003/2024(H5N1)	163	3697
PB1|PP755595.1|A/cattle/Texas/24-008749-003/2024(H5N1)	164	3705
PB1|PP755595.1|A/cattle/Texas/24-008749-003/2024(H5N1)	165	3710
PB1|PP755595.1|A/cattle/Texas/24-008749-003/2024(H5N1)	166	3709
PB1|PP755595.1|A/cattle/Texas/24-008749-003/2024(H5N1)	167	3715
PB1|PP755595.1|A/cattle/Texas/24-008749-003/2024(H5N1)	168	3710
PB1|PP755595.1|A/cattle/Texas/24-008749-003/2024(H5N1)	169	3713
PB1|PP755595.1|A/cattle/Texas/24-008749-003/2024(H5N1)	170	3707
PB1|PP755595.1|A/cattle/Texas/24-008749-003/2024(H5N1)	171	3697
PB1|PP755595.1|A/cattle/Texas/24-008749-003/2024(H5N1)	172	3693
PB1|PP755595.1|A/cattle/Texas/24-008749-003/2024(H5N1)	173	3737
PB1|PP755595.1|A/cattle/Texas/24-008749-003/2024(H5N1)	174	3744
PB1|PP755595.1|A/cattle/Texas/24-008749-003/2024(H5N1)	175	3727
PB1|PP755595.1|A/cattle/Texas/24-008749-003/2024(H5N1)	176	3714
PB1|PP755595.1|A/cattle/Texas/24-008749-003/2024(H5N1)	177	3694
PB1|PP755595.1|A/cattle/Texas/24-008749-003/2024(H5N1)	178	3699
PB1|PP755595.1|A/cattle/Texas/24-008749-003/2024(H5N1)	179	3750
PB1|PP755595.1|A/cattle/Texas/24-008749-003/2024(H5N1)	180	3801
PB1|PP755595.1|A/cattle/Texas/24-008749-003/2024(H5N1)	181	3792
PB1|PP755595.1|A/cattle/Texas/24-008749-003/2024(H5N1)	182	3820
PB1|PP755595.1|A/cattle/Texas/24-008749-003/2024(H5N1)	183	3806
PB1|PP755595.1|A/cattle/Texas/24-008749-003/2024(H5N1)	184	3799
PB1|PP755595.1|A/cattle/Texas/24-008749-003/2024(H5N1)	185	3806
PB1|PP755595.1|A/cattle/Texas/24-008749-003/2024(H5N1)	186	3782
PB1|PP755595.1|A/cattle/Texas/24-008749-003/2024(H5N1)	187	3785
PB1|PP755595.1|A/cattle/Texas/24-008749-003/2024(H5N1)	188	3834
PB1|PP755595.1|A/cattle/Texas/24-008749-003/2024(H5N1)	189	3814
PB1|PP755595.1|A/cattle/Texas/24-008749-003/2024(H5N1)	190	3920
PB1|PP755595.1|A/cattle/Texas/24-008749-003/2024(H5N1)	191	3898
PB1|PP755595.1|A/cattle/Texas/24-008749-003/2024(H5N1)	192	3895
PB1|PP755595.1|A/cattle/Texas/24-008749-003/2024(H5N1)	193	3917
PB1|PP755595.1|A/cattle/Texas/24-008749-003/2024(H5N1)	194	3886
PB1|PP755595.1|A/cattle/Texas/24-008749-003/2024(H5N1)	195	3947
PB1|PP755595.1|A/cattle/Texas/24-008749-003/2024(H5N1)	196	3927
PB1|PP755595.1|A/cattle/Texas/24-008749-003/2024(H5N1)	197	3919
PB1|PP755595.1|A/cattle/Texas/24-008749-003/2024(H5N1)	198	3923
PB1|PP755595.1|A/cattle/Texas/24-008749-003/2024(H5N1)	199	3788
PB1|PP755595.1|A/cattle/Texas/24-008749-003/2024(H5N1)	200	3775
PB1|PP755595.1|A/cattle/Texas/24-008749-003/2024(H5N1)	201	3675
PB1|PP755595.1|A/cattle/Texas/24-008749-003/2024(H5N1)	202	3662
PB1|PP755595.1|A/cattle/Texas/24-008749-003/2024(H5N1)	203	3717
PB1|PP755595.1|A/cattle/Texas/24-008749-003/2024(H5N1)	204	3696
PB1|PP755595.1|A/cattle/Texas/24-008749-003/2024(H5N1)	205	3689
PB1|PP755595.1|A/cattle/Texas/24-008749-003/2024(H5N1)	206	3690
PB1|PP755595.1|A/cattle/Texas/24-008749-003/2024(H5N1)	207	3645
PB1|PP755595.1|A/cattle/Texas/24-008749-003/2024(H5N1)	208	3571
PB1|PP755595.1|A/cattle/Texas/24-008749-003/2024(H5N1)	209	3508
PB1|PP755595.1|A/cattle/Texas/24-008749-003/2024(H5N1)	210	3473
PB1|PP755595.1|A/cattle/Texas/24-008749-003/2024(H5N1)	211	3468
PB1|PP755595.1|A/cattle/Texas/24-008749-003/2024(H5N1)	212	3457
PB1|PP755595.1|A/cattle/Texas/24-008749-003/2024(H5N1)	213	2739
PB1|PP755595.1|A/cattle/Texas/24-008749-003/2024(H5N1)	214	2719
PB1|PP755595.1|A/cattle/Texas/24-008749-003/2024(H5N1)	215	2718
PB1|PP755595.1|A/cattle/Texas/24-008749-003/2024(H5N1)	216	2706
PB1|PP755595.1|A/cattle/Texas/24-008749-003/2024(H5N1)	217	2547
PB1|PP755595.1|A/cattle/Texas/24-008749-003/2024(H5N1)	218	2558
PB1|PP755595.1|A/cattle/Texas/24-008749-003/2024(H5N1)	219	2582
PB1|PP755595.1|A/cattle/Texas/24-008749-003/2024(H5N1)	220	2771
PB1|PP755595.1|A/cattle/Texas/24-008749-003/2024(H5N1)	221	2772
PB1|PP755595.1|A/cattle/Texas/24-008749-003/2024(H5N1)	222	2772
PB1|PP755595.1|A/cattle/Texas/24-008749-003/2024(H5N1)	223	2787
PB1|PP755595.1|A/cattle/Texas/24-008749-003/2024(H5N1)	224	2784
PB1|PP755595.1|A/cattle/Texas/24-008749-003/2024(H5N1)	225	2765
PB1|PP755595.1|A/cattle/Texas/24-008749-003/2024(H5N1)	226	2796
PB1|PP755595.1|A/cattle/Texas/24-008749-003/2024(H5N1)	227	2801
PB1|PP755595.1|A/cattle/Texas/24-008749-003/2024(H5N1)	228	2827
PB1|PP755595.1|A/cattle/Texas/24-008749-003/2024(H5N1)	229	2764
PB1|PP755595.1|A/cattle/Texas/24-008749-003/2024(H5N1)	230	2761
PB1|PP755595.1|A/cattle/Texas/24-008749-003/2024(H5N1)	231	2750
PB1|PP755595.1|A/cattle/Texas/24-008749-003/2024(H5N1)	232	2760
PB1|PP755595.1|A/cattle/Texas/24-008749-003/2024(H5N1)	233	2775
PB1|PP755595.1|A/cattle/Texas/24-008749-003/2024(H5N1)	234	2812
PB1|PP755595.1|A/cattle/Texas/24-008749-003/2024(H5N1)	235	3122
PB1|PP755595.1|A/cattle/Texas/24-008749-003/2024(H5N1)	236	3127
PB1|PP755595.1|A/cattle/Texas/24-008749-003/2024(H5N1)	237	3139
PB1|PP755595.1|A/cattle/Texas/24-008749-003/2024(H5N1)	238	3140
PB1|PP755595.1|A/cattle/Texas/24-008749-003/2024(H5N1)	239	3150
PB1|PP755595.1|A/cattle/Texas/24-008749-003/2024(H5N1)	240	3271
PB1|PP755595.1|A/cattle/Texas/24-008749-003/2024(H5N1)	241	3274
PB1|PP755595.1|A/cattle/Texas/24-008749-003/2024(H5N1)	242	3407
PB1|PP755595.1|A/cattle/Texas/24-008749-003/2024(H5N1)	243	3409
PB1|PP755595.1|A/cattle/Texas/24-008749-003/2024(H5N1)	244	3410
PB1|PP755595.1|A/cattle/Texas/24-008749-003/2024(H5N1)	245	3434
PB1|PP755595.1|A/cattle/Texas/24-008749-003/2024(H5N1)	246	3515
PB1|PP755595.1|A/cattle/Texas/24-008749-003/2024(H5N1)	247	3534
PB1|PP755595.1|A/cattle/Texas/24-008749-003/2024(H5N1)	248	3533
PB1|PP755595.1|A/cattle/Texas/24-008749-003/2024(H5N1)	249	3533
PB1|PP755595.1|A/cattle/Texas/24-008749-003/2024(H5N1)	250	3529
PB1|PP755595.1|A/cattle/Texas/24-008749-003/2024(H5N1)	251	3468
PB1|PP755595.1|A/cattle/Texas/24-008749-003/2024(H5N1)	252	3463
PB1|PP755595.1|A/cattle/Texas/24-008749-003/2024(H5N1)	253	3444
PB1|PP755595.1|A/cattle/Texas/24-008749-003/2024(H5N1)	254	3403
PB1|PP755595.1|A/cattle/Texas/24-008749-003/2024(H5N1)	255	2806
PB1|PP755595.1|A/cattle/Texas/24-008749-003/2024(H5N1)	256	2807
PB1|PP755595.1|A/cattle/Texas/24-008749-003/2024(H5N1)	257	2807
PB1|PP755595.1|A/cattle/Texas/24-008749-003/2024(H5N1)	258	2807
PB1|PP755595.1|A/cattle/Texas/24-008749-003/2024(H5N1)	259	2807
PB1|PP755595.1|A/cattle/Texas/24-008749-003/2024(H5N1)	260	2807
PB1|PP755595.1|A/cattle/Texas/24-008749-003/2024(H5N1)	261	2807
PB1|PP755595.1|A/cattle/Texas/24-008749-003/2024(H5N1)	262	2807
PB1|PP755595.1|A/cattle/Texas/24-008749-003/2024(H5N1)	263	2807
PB1|PP755595.1|A/cattle/Texas/24-008749-003/2024(H5N1)	264	2805
PB1|PP755595.1|A/cattle/Texas/24-008749-003/2024(H5N1)	265	2805
PB1|PP755595.1|A/cattle/Texas/24-008749-003/2024(H5N1)	266	2808
PB1|PP755595.1|A/cattle/Texas/24-008749-003/2024(H5N1)	267	2810
PB1|PP755595.1|A/cattle/Texas/24-008749-003/2024(H5N1)	268	3196
PB1|PP755595.1|A/cattle/Texas/24-008749-003/2024(H5N1)	269	3206
PB1|PP755595.1|A/cattle/Texas/24-008749-003/2024(H5N1)	270	3219
PB1|PP755595.1|A/cattle/Texas/24-008749-003/2024(H5N1)	271	3231
PB1|PP755595.1|A/cattle/Texas/24-008749-003/2024(H5N1)	272	3262
PB1|PP755595.1|A/cattle/Texas/24-008749-003/2024(H5N1)	273	3267
PB1|PP755595.1|A/cattle/Texas/24-008749-003/2024(H5N1)	274	3275
PB1|PP755595.1|A/cattle/Texas/24-008749-003/2024(H5N1)	275	3276
PB1|PP755595.1|A/cattle/Texas/24-008749-003/2024(H5N1)	276	3302
PB1|PP755595.1|A/cattle/Texas/24-008749-003/2024(H5N1)	277	3312
PB1|PP755595.1|A/cattle/Texas/24-008749-003/2024(H5N1)	278	3382
PB1|PP755595.1|A/cattle/Texas/24-008749-003/2024(H5N1)	279	3382
PB1|PP755595.1|A/cattle/Texas/24-008749-003/2024(H5N1)	280	3389
PB1|PP755595.1|A/cattle/Texas/24-008749-003/2024(H5N1)	281	3523
PB1|PP755595.1|A/cattle/Texas/24-008749-003/2024(H5N1)	282	3550
PB1|PP755595.1|A/cattle/Texas/24-008749-003/2024(H5N1)	283	3509
PB1|PP755595.1|A/cattle/Texas/24-008749-003/2024(H5N1)	284	3508
PB1|PP755595.1|A/cattle/Texas/24-008749-003/2024(H5N1)	285	3484
PB1|PP755595.1|A/cattle/Texas/24-008749-003/2024(H5N1)	286	3508
PB1|PP755595.1|A/cattle/Texas/24-008749-003/2024(H5N1)	287	3499
PB1|PP755595.1|A/cattle/Texas/24-008749-003/2024(H5N1)	288	3400
PB1|PP755595.1|A/cattle/Texas/24-008749-003/2024(H5N1)	289	3519
PB1|PP755595.1|A/cattle/Texas/24-008749-003/2024(H5N1)	290	3221
PB1|PP755595.1|A/cattle/Texas/24-008749-003/2024(H5N1)	291	3364
PB1|PP755595.1|A/cattle/Texas/24-008749-003/2024(H5N1)	292	3604
PB1|PP755595.1|A/cattle/Texas/24-008749-003/2024(H5N1)	293	3619
PB1|PP755595.1|A/cattle/Texas/24-008749-003/2024(H5N1)	294	3599
PB1|PP755595.1|A/cattle/Texas/24-008749-003/2024(H5N1)	295	3810
PB1|PP755595.1|A/cattle/Texas/24-008749-003/2024(H5N1)	296	3846
PB1|PP755595.1|A/cattle/Texas/24-008749-003/2024(H5N1)	297	3865
PB1|PP755595.1|A/cattle/Texas/24-008749-003/2024(H5N1)	298	3874
PB1|PP755595.1|A/cattle/Texas/24-008749-003/2024(H5N1)	299	3871
PB1|PP755595.1|A/cattle/Texas/24-008749-003/2024(H5N1)	300	3655
PB1|PP755595.1|A/cattle/Texas/24-008749-003/2024(H5N1)	301	3656
PB1|PP755595.1|A/cattle/Texas/24-008749-003/2024(H5N1)	302	3654
PB1|PP755595.1|A/cattle/Texas/24-008749-003/2024(H5N1)	303	3656
PB1|PP755595.1|A/cattle/Texas/24-008749-003/2024(H5N1)	304	3664
PB1|PP755595.1|A/cattle/Texas/24-008749-003/2024(H5N1)	305	3654
PB1|PP755595.1|A/cattle/Texas/24-008749-003/2024(H5N1)	306	3617
PB1|PP755595.1|A/cattle/Texas/24-008749-003/2024(H5N1)	307	3613
PB1|PP755595.1|A/cattle/Texas/24-008749-003/2024(H5N1)	308	3624
PB1|PP755595.1|A/cattle/Texas/24-008749-003/2024(H5N1)	309	3622
PB1|PP755595.1|A/cattle/Texas/24-008749-003/2024(H5N1)	310	3624
PB1|PP755595.1|A/cattle/Texas/24-008749-003/2024(H5N1)	311	3633
PB1|PP755595.1|A/cattle/Texas/24-008749-003/2024(H5N1)	312	3633
PB1|PP755595.1|A/cattle/Texas/24-008749-003/2024(H5N1)	313	3631
PB1|PP755595.1|A/cattle/Texas/24-008749-003/2024(H5N1)	314	3626
PB1|PP755595.1|A/cattle/Texas/24-008749-003/2024(H5N1)	315	3639
PB1|PP755595.1|A/cattle/Texas/24-008749-003/2024(H5N1)	316	3632
PB1|PP755595.1|A/cattle/Texas/24-008749-003/2024(H5N1)	317	3641
PB1|PP755595.1|A/cattle/Texas/24-008749-003/2024(H5N1)	318	3628
PB1|PP755595.1|A/cattle/Texas/24-008749-003/2024(H5N1)	319	3816
PB1|PP755595.1|A/cattle/Texas/24-008749-003/2024(H5N1)	320	3861
PB1|PP755595.1|A/cattle/Texas/24-008749-003/2024(H5N1)	321	3858
PB1|PP755595.1|A/cattle/Texas/24-008749-003/2024(H5N1)	322	3859
PB1|PP755595.1|A/cattle/Texas/24-008749-003/2024(H5N1)	323	3859
PB1|PP755595.1|A/cattle/Texas/24-008749-003/2024(H5N1)	324	3791
PB1|PP755595.1|A/cattle/Texas/24-008749-003/2024(H5N1)	325	3780
PB1|PP755595.1|A/cattle/Texas/24-008749-003/2024(H5N1)	326	3776
PB1|PP755595.1|A/cattle/Texas/24-008749-003/2024(H5N1)	327	3773
PB1|PP755595.1|A/cattle/Texas/24-008749-003/2024(H5N1)	328	3783
PB1|PP755595.1|A/cattle/Texas/24-008749-003/2024(H5N1)	329	3721
PB1|PP755595.1|A/cattle/Texas/24-008749-003/2024(H5N1)	330	3730
PB1|PP755595.1|A/cattle/Texas/24-008749-003/2024(H5N1)	331	3688
PB1|PP755595.1|A/cattle/Texas/24-008749-003/2024(H5N1)	332	3686
PB1|PP755595.1|A/cattle/Texas/24-008749-003/2024(H5N1)	333	3653
PB1|PP755595.1|A/cattle/Texas/24-008749-003/2024(H5N1)	334	3660
PB1|PP755595.1|A/cattle/Texas/24-008749-003/2024(H5N1)	335	3653
PB1|PP755595.1|A/cattle/Texas/24-008749-003/2024(H5N1)	336	3639
PB1|PP755595.1|A/cattle/Texas/24-008749-003/2024(H5N1)	337	3633
PB1|PP755595.1|A/cattle/Texas/24-008749-003/2024(H5N1)	338	3622
PB1|PP755595.1|A/cattle/Texas/24-008749-003/2024(H5N1)	339	3576
PB1|PP755595.1|A/cattle/Texas/24-008749-003/2024(H5N1)	340	3577
PB1|PP755595.1|A/cattle/Texas/24-008749-003/2024(H5N1)	341	3449
PB1|PP755595.1|A/cattle/Texas/24-008749-003/2024(H5N1)	342	3449
PB1|PP755595.1|A/cattle/Texas/24-008749-003/2024(H5N1)	343	3458
PB1|PP755595.1|A/cattle/Texas/24-008749-003/2024(H5N1)	344	3450
PB1|PP755595.1|A/cattle/Texas/24-008749-003/2024(H5N1)	345	3483
PB1|PP755595.1|A/cattle/Texas/24-008749-003/2024(H5N1)	346	3559
PB1|PP755595.1|A/cattle/Texas/24-008749-003/2024(H5N1)	347	3576
PB1|PP755595.1|A/cattle/Texas/24-008749-003/2024(H5N1)	348	3581
PB1|PP755595.1|A/cattle/Texas/24-008749-003/2024(H5N1)	349	3569
PB1|PP755595.1|A/cattle/Texas/24-008749-003/2024(H5N1)	350	3540
PB1|PP755595.1|A/cattle/Texas/24-008749-003/2024(H5N1)	351	3543
PB1|PP755595.1|A/cattle/Texas/24-008749-003/2024(H5N1)	352	3551
PB1|PP755595.1|A/cattle/Texas/24-008749-003/2024(H5N1)	353	3563
PB1|PP755595.1|A/cattle/Texas/24-008749-003/2024(H5N1)	354	3484
PB1|PP755595.1|A/cattle/Texas/24-008749-003/2024(H5N1)	355	3482
PB1|PP755595.1|A/cattle/Texas/24-008749-003/2024(H5N1)	356	3409
PB1|PP755595.1|A/cattle/Texas/24-008749-003/2024(H5N1)	357	3400
PB1|PP755595.1|A/cattle/Texas/24-008749-003/2024(H5N1)	358	3396
PB1|PP755595.1|A/cattle/Texas/24-008749-003/2024(H5N1)	359	3380
PB1|PP755595.1|A/cattle/Texas/24-008749-003/2024(H5N1)	360	3375
PB1|PP755595.1|A/cattle/Texas/24-008749-003/2024(H5N1)	361	3308
PB1|PP755595.1|A/cattle/Texas/24-008749-003/2024(H5N1)	362	3297
PB1|PP755595.1|A/cattle/Texas/24-008749-003/2024(H5N1)	363	2268
PB1|PP755595.1|A/cattle/Texas/24-008749-003/2024(H5N1)	364	2192
PB1|PP755595.1|A/cattle/Texas/24-008749-003/2024(H5N1)	365	2192
PB1|PP755595.1|A/cattle/Texas/24-008749-003/2024(H5N1)	366	2192
PB1|PP755595.1|A/cattle/Texas/24-008749-003/2024(H5N1)	367	2201
PB1|PP755595.1|A/cattle/Texas/24-008749-003/2024(H5N1)	368	2217
PB1|PP755595.1|A/cattle/Texas/24-008749-003/2024(H5N1)	369	2217
PB1|PP755595.1|A/cattle/Texas/24-008749-003/2024(H5N1)	370	2221
PB1|PP755595.1|A/cattle/Texas/24-008749-003/2024(H5N1)	371	2244
PB1|PP755595.1|A/cattle/Texas/24-008749-003/2024(H5N1)	372	2247
PB1|PP755595.1|A/cattle/Texas/24-008749-003/2024(H5N1)	373	2260
PB1|PP755595.1|A/cattle/Texas/24-008749-003/2024(H5N1)	374	2260
PB1|PP755595.1|A/cattle/Texas/24-008749-003/2024(H5N1)	375	2260
PB1|PP755595.1|A/cattle/Texas/24-008749-003/2024(H5N1)	376	2308
PB1|PP755595.1|A/cattle/Texas/24-008749-003/2024(H5N1)	377	2309
PB1|PP755595.1|A/cattle/Texas/24-008749-003/2024(H5N1)	378	2313
PB1|PP755595.1|A/cattle/Texas/24-008749-003/2024(H5N1)	379	2643
PB1|PP755595.1|A/cattle/Texas/24-008749-003/2024(H5N1)	380	2644
PB1|PP755595.1|A/cattle/Texas/24-008749-003/2024(H5N1)	381	2663
PB1|PP755595.1|A/cattle/Texas/24-008749-003/2024(H5N1)	382	2760
PB1|PP755595.1|A/cattle/Texas/24-008749-003/2024(H5N1)	383	2777
PB1|PP755595.1|A/cattle/Texas/24-008749-003/2024(H5N1)	384	2777
PB1|PP755595.1|A/cattle/Texas/24-008749-003/2024(H5N1)	385	2786
PB1|PP755595.1|A/cattle/Texas/24-008749-003/2024(H5N1)	386	2797
PB1|PP755595.1|A/cattle/Texas/24-008749-003/2024(H5N1)	387	2817
PB1|PP755595.1|A/cattle/Texas/24-008749-003/2024(H5N1)	388	2817
PB1|PP755595.1|A/cattle/Texas/24-008749-003/2024(H5N1)	389	2832
PB1|PP755595.1|A/cattle/Texas/24-008749-003/2024(H5N1)	390	2833
PB1|PP755595.1|A/cattle/Texas/24-008749-003/2024(H5N1)	391	2833
PB1|PP755595.1|A/cattle/Texas/24-008749-003/2024(H5N1)	392	2833
PB1|PP755595.1|A/cattle/Texas/24-008749-003/2024(H5N1)	393	2833
PB1|PP755595.1|A/cattle/Texas/24-008749-003/2024(H5N1)	394	2830
PB1|PP755595.1|A/cattle/Texas/24-008749-003/2024(H5N1)	395	2826
PB1|PP755595.1|A/cattle/Texas/24-008749-003/2024(H5N1)	396	2797
PB1|PP755595.1|A/cattle/Texas/24-008749-003/2024(H5N1)	397	2710
PB1|PP755595.1|A/cattle/Texas/24-008749-003/2024(H5N1)	398	2710
PB1|PP755595.1|A/cattle/Texas/24-008749-003/2024(H5N1)	399	2709
PB1|PP755595.1|A/cattle/Texas/24-008749-003/2024(H5N1)	400	2709
PB1|PP755595.1|A/cattle/Texas/24-008749-003/2024(H5N1)	401	2681
PB1|PP755595.1|A/cattle/Texas/24-008749-003/2024(H5N1)	402	2680
PB1|PP755595.1|A/cattle/Texas/24-008749-003/2024(H5N1)	403	2679
PB1|PP755595.1|A/cattle/Texas/24-008749-003/2024(H5N1)	404	2678
PB1|PP755595.1|A/cattle/Texas/24-008749-003/2024(H5N1)	405	2663
PB1|PP755595.1|A/cattle/Texas/24-008749-003/2024(H5N1)	406	2643
PB1|PP755595.1|A/cattle/Texas/24-008749-003/2024(H5N1)	407	2620
PB1|PP755595.1|A/cattle/Texas/24-008749-003/2024(H5N1)	408	2596
PB1|PP755595.1|A/cattle/Texas/24-008749-003/2024(H5N1)	409	2589
PB1|PP755595.1|A/cattle/Texas/24-008749-003/2024(H5N1)	410	2569
PB1|PP755595.1|A/cattle/Texas/24-008749-003/2024(H5N1)	411	2564
PB1|PP755595.1|A/cattle/Texas/24-008749-003/2024(H5N1)	412	2564
PB1|PP755595.1|A/cattle/Texas/24-008749-003/2024(H5N1)	413	2564
PB1|PP755595.1|A/cattle/Texas/24-008749-003/2024(H5N1)	414	2551
PB1|PP755595.1|A/cattle/Texas/24-008749-003/2024(H5N1)	415	2564
PB1|PP755595.1|A/cattle/Texas/24-008749-003/2024(H5N1)	416	2564
PB1|PP755595.1|A/cattle/Texas/24-008749-003/2024(H5N1)	417	2564
PB1|PP755595.1|A/cattle/Texas/24-008749-003/2024(H5N1)	418	2564
PB1|PP755595.1|A/cattle/Texas/24-008749-003/2024(H5N1)	419	2557
PB1|PP755595.1|A/cattle/Texas/24-008749-003/2024(H5N1)	420	2556
PB1|PP755595.1|A/cattle/Texas/24-008749-003/2024(H5N1)	421	2548
PB1|PP755595.1|A/cattle/Texas/24-008749-003/2024(H5N1)	422	2536
PB1|PP755595.1|A/cattle/Texas/24-008749-003/2024(H5N1)	423	2513
PB1|PP755595.1|A/cattle/Texas/24-008749-003/2024(H5N1)	424	2508
PB1|PP755595.1|A/cattle/Texas/24-008749-003/2024(H5N1)	425	2500
PB1|PP755595.1|A/cattle/Texas/24-008749-003/2024(H5N1)	426	1459
PB1|PP755595.1|A/cattle/Texas/24-008749-003/2024(H5N1)	427	1448
PB1|PP755595.1|A/cattle/Texas/24-008749-003/2024(H5N1)	428	1448
PB1|PP755595.1|A/cattle/Texas/24-008749-003/2024(H5N1)	429	1448
PB1|PP755595.1|A/cattle/Texas/24-008749-003/2024(H5N1)	430	1493
PB1|PP755595.1|A/cattle/Texas/24-008749-003/2024(H5N1)	431	1493
PB1|PP755595.1|A/cattle/Texas/24-008749-003/2024(H5N1)	432	1493
PB1|PP755595.1|A/cattle/Texas/24-008749-003/2024(H5N1)	433	1514
PB1|PP755595.1|A/cattle/Texas/24-008749-003/2024(H5N1)	434	1785
PB1|PP755595.1|A/cattle/Texas/24-008749-003/2024(H5N1)	435	1799
PB1|PP755595.1|A/cattle/Texas/24-008749-003/2024(H5N1)	436	2441
PB1|PP755595.1|A/cattle/Texas/24-008749-003/2024(H5N1)	437	2717
PB1|PP755595.1|A/cattle/Texas/24-008749-003/2024(H5N1)	438	2722
PB1|PP755595.1|A/cattle/Texas/24-008749-003/2024(H5N1)	439	2759
PB1|PP755595.1|A/cattle/Texas/24-008749-003/2024(H5N1)	440	2761
PB1|PP755595.1|A/cattle/Texas/24-008749-003/2024(H5N1)	441	2762
PB1|PP755595.1|A/cattle/Texas/24-008749-003/2024(H5N1)	442	2776
PB1|PP755595.1|A/cattle/Texas/24-008749-003/2024(H5N1)	443	2777
PB1|PP755595.1|A/cattle/Texas/24-008749-003/2024(H5N1)	444	2787
PB1|PP755595.1|A/cattle/Texas/24-008749-003/2024(H5N1)	445	2805
PB1|PP755595.1|A/cattle/Texas/24-008749-003/2024(H5N1)	446	2815
PB1|PP755595.1|A/cattle/Texas/24-008749-003/2024(H5N1)	447	2814
PB1|PP755595.1|A/cattle/Texas/24-008749-003/2024(H5N1)	448	2804
PB1|PP755595.1|A/cattle/Texas/24-008749-003/2024(H5N1)	449	2811
PB1|PP755595.1|A/cattle/Texas/24-008749-003/2024(H5N1)	450	2811
PB1|PP755595.1|A/cattle/Texas/24-008749-003/2024(H5N1)	451	2815
PB1|PP755595.1|A/cattle/Texas/24-008749-003/2024(H5N1)	452	2853
PB1|PP755595.1|A/cattle/Texas/24-008749-003/2024(H5N1)	453	2852
PB1|PP755595.1|A/cattle/Texas/24-008749-003/2024(H5N1)	454	2862
PB1|PP755595.1|A/cattle/Texas/24-008749-003/2024(H5N1)	455	2860
PB1|PP755595.1|A/cattle/Texas/24-008749-003/2024(H5N1)	456	2759
PB1|PP755595.1|A/cattle/Texas/24-008749-003/2024(H5N1)	457	2756
PB1|PP755595.1|A/cattle/Texas/24-008749-003/2024(H5N1)	458	2754
PB1|PP755595.1|A/cattle/Texas/24-008749-003/2024(H5N1)	459	2763
PB1|PP755595.1|A/cattle/Texas/24-008749-003/2024(H5N1)	460	2752
PB1|PP755595.1|A/cattle/Texas/24-008749-003/2024(H5N1)	461	2902
PB1|PP755595.1|A/cattle/Texas/24-008749-003/2024(H5N1)	462	2929
PB1|PP755595.1|A/cattle/Texas/24-008749-003/2024(H5N1)	463	2931
PB1|PP755595.1|A/cattle/Texas/24-008749-003/2024(H5N1)	464	2948
PB1|PP755595.1|A/cattle/Texas/24-008749-003/2024(H5N1)	465	2946
PB1|PP755595.1|A/cattle/Texas/24-008749-003/2024(H5N1)	466	2969
PB1|PP755595.1|A/cattle/Texas/24-008749-003/2024(H5N1)	467	2961
PB1|PP755595.1|A/cattle/Texas/24-008749-003/2024(H5N1)	468	2941
PB1|PP755595.1|A/cattle/Texas/24-008749-003/2024(H5N1)	469	2949
PB1|PP755595.1|A/cattle/Texas/24-008749-003/2024(H5N1)	470	2834
PB1|PP755595.1|A/cattle/Texas/24-008749-003/2024(H5N1)	471	2846
PB1|PP755595.1|A/cattle/Texas/24-008749-003/2024(H5N1)	472	2844
PB1|PP755595.1|A/cattle/Texas/24-008749-003/2024(H5N1)	473	2842
PB1|PP755595.1|A/cattle/Texas/24-008749-003/2024(H5N1)	474	2848
PB1|PP755595.1|A/cattle/Texas/24-008749-003/2024(H5N1)	475	2877
PB1|PP755595.1|A/cattle/Texas/24-008749-003/2024(H5N1)	476	2876
PB1|PP755595.1|A/cattle/Texas/24-008749-003/2024(H5N1)	477	2874
PB1|PP755595.1|A/cattle/Texas/24-008749-003/2024(H5N1)	478	2863
PB1|PP755595.1|A/cattle/Texas/24-008749-003/2024(H5N1)	479	2845
PB1|PP755595.1|A/cattle/Texas/24-008749-003/2024(H5N1)	480	2798
PB1|PP755595.1|A/cattle/Texas/24-008749-003/2024(H5N1)	481	2783
PB1|PP755595.1|A/cattle/Texas/24-008749-003/2024(H5N1)	482	2781
PB1|PP755595.1|A/cattle/Texas/24-008749-003/2024(H5N1)	483	2781
PB1|PP755595.1|A/cattle/Texas/24-008749-003/2024(H5N1)	484	2781
PB1|PP755595.1|A/cattle/Texas/24-008749-003/2024(H5N1)	485	2910
PB1|PP755595.1|A/cattle/Texas/24-008749-003/2024(H5N1)	486	2941
PB1|PP755595.1|A/cattle/Texas/24-008749-003/2024(H5N1)	487	3034
PB1|PP755595.1|A/cattle/Texas/24-008749-003/2024(H5N1)	488	3034
PB1|PP755595.1|A/cattle/Texas/24-008749-003/2024(H5N1)	489	3047
PB1|PP755595.1|A/cattle/Texas/24-008749-003/2024(H5N1)	490	3089
PB1|PP755595.1|A/cattle/Texas/24-008749-003/2024(H5N1)	491	3090
PB1|PP755595.1|A/cattle/Texas/24-008749-003/2024(H5N1)	492	3083
PB1|PP755595.1|A/cattle/Texas/24-008749-003/2024(H5N1)	493	3088
PB1|PP755595.1|A/cattle/Texas/24-008749-003/2024(H5N1)	494	3020
PB1|PP755595.1|A/cattle/Texas/24-008749-003/2024(H5N1)	495	3050
PB1|PP755595.1|A/cattle/Texas/24-008749-003/2024(H5N1)	496	2974
PB1|PP755595.1|A/cattle/Texas/24-008749-003/2024(H5N1)	497	2997
PB1|PP755595.1|A/cattle/Texas/24-008749-003/2024(H5N1)	498	3027
PB1|PP755595.1|A/cattle/Texas/24-008749-003/2024(H5N1)	499	3024
PB1|PP755595.1|A/cattle/Texas/24-008749-003/2024(H5N1)	500	3028
PB1|PP755595.1|A/cattle/Texas/24-008749-003/2024(H5N1)	501	3041
PB1|PP755595.1|A/cattle/Texas/24-008749-003/2024(H5N1)	502	3038
PB1|PP755595.1|A/cattle/Texas/24-008749-003/2024(H5N1)	503	3035
PB1|PP755595.1|A/cattle/Texas/24-008749-003/2024(H5N1)	504	3034
PB1|PP755595.1|A/cattle/Texas/24-008749-003/2024(H5N1)	505	3110
PB1|PP755595.1|A/cattle/Texas/24-008749-003/2024(H5N1)	506	3100
PB1|PP755595.1|A/cattle/Texas/24-008749-003/2024(H5N1)	507	3047
PB1|PP755595.1|A/cattle/Texas/24-008749-003/2024(H5N1)	508	3121
PB1|PP755595.1|A/cattle/Texas/24-008749-003/2024(H5N1)	509	3184
PB1|PP755595.1|A/cattle/Texas/24-008749-003/2024(H5N1)	510	3207
PB1|PP755595.1|A/cattle/Texas/24-008749-003/2024(H5N1)	511	3217
PB1|PP755595.1|A/cattle/Texas/24-008749-003/2024(H5N1)	512	3219
PB1|PP755595.1|A/cattle/Texas/24-008749-003/2024(H5N1)	513	3141
PB1|PP755595.1|A/cattle/Texas/24-008749-003/2024(H5N1)	514	3107
PB1|PP755595.1|A/cattle/Texas/24-008749-003/2024(H5N1)	515	3141
PB1|PP755595.1|A/cattle/Texas/24-008749-003/2024(H5N1)	516	3133
PB1|PP755595.1|A/cattle/Texas/24-008749-003/2024(H5N1)	517	3128
PB1|PP755595.1|A/cattle/Texas/24-008749-003/2024(H5N1)	518	3138
PB1|PP755595.1|A/cattle/Texas/24-008749-003/2024(H5N1)	519	3122
PB1|PP755595.1|A/cattle/Texas/24-008749-003/2024(H5N1)	520	3150
PB1|PP755595.1|A/cattle/Texas/24-008749-003/2024(H5N1)	521	3150
PB1|PP755595.1|A/cattle/Texas/24-008749-003/2024(H5N1)	522	3152
PB1|PP755595.1|A/cattle/Texas/24-008749-003/2024(H5N1)	523	3161
PB1|PP755595.1|A/cattle/Texas/24-008749-003/2024(H5N1)	524	3128
PB1|PP755595.1|A/cattle/Texas/24-008749-003/2024(H5N1)	525	3133
PB1|PP755595.1|A/cattle/Texas/24-008749-003/2024(H5N1)	526	3133
PB1|PP755595.1|A/cattle/Texas/24-008749-003/2024(H5N1)	527	3154
PB1|PP755595.1|A/cattle/Texas/24-008749-003/2024(H5N1)	528	3151
PB1|PP755595.1|A/cattle/Texas/24-008749-003/2024(H5N1)	529	3155
PB1|PP755595.1|A/cattle/Texas/24-008749-003/2024(H5N1)	530	3256
PB1|PP755595.1|A/cattle/Texas/24-008749-003/2024(H5N1)	531	3216
PB1|PP755595.1|A/cattle/Texas/24-008749-003/2024(H5N1)	532	3211
PB1|PP755595.1|A/cattle/Texas/24-008749-003/2024(H5N1)	533	3164
PB1|PP755595.1|A/cattle/Texas/24-008749-003/2024(H5N1)	534	3155
PB1|PP755595.1|A/cattle/Texas/24-008749-003/2024(H5N1)	535	3159
PB1|PP755595.1|A/cattle/Texas/24-008749-003/2024(H5N1)	536	3157
PB1|PP755595.1|A/cattle/Texas/24-008749-003/2024(H5N1)	537	3180
PB1|PP755595.1|A/cattle/Texas/24-008749-003/2024(H5N1)	538	3171
PB1|PP755595.1|A/cattle/Texas/24-008749-003/2024(H5N1)	539	3198
PB1|PP755595.1|A/cattle/Texas/24-008749-003/2024(H5N1)	540	3193
PB1|PP755595.1|A/cattle/Texas/24-008749-003/2024(H5N1)	541	3203
PB1|PP755595.1|A/cattle/Texas/24-008749-003/2024(H5N1)	542	3262
PB1|PP755595.1|A/cattle/Texas/24-008749-003/2024(H5N1)	543	3265
PB1|PP755595.1|A/cattle/Texas/24-008749-003/2024(H5N1)	544	3268
PB1|PP755595.1|A/cattle/Texas/24-008749-003/2024(H5N1)	545	3250
PB1|PP755595.1|A/cattle/Texas/24-008749-003/2024(H5N1)	546	3233
PB1|PP755595.1|A/cattle/Texas/24-008749-003/2024(H5N1)	547	3247
PB1|PP755595.1|A/cattle/Texas/24-008749-003/2024(H5N1)	548	3241
PB1|PP755595.1|A/cattle/Texas/24-008749-003/2024(H5N1)	549	3235
PB1|PP755595.1|A/cattle/Texas/24-008749-003/2024(H5N1)	550	3229
PB1|PP755595.1|A/cattle/Texas/24-008749-003/2024(H5N1)	551	3194
PB1|PP755595.1|A/cattle/Texas/24-008749-003/2024(H5N1)	552	3217
PB1|PP755595.1|A/cattle/Texas/24-008749-003/2024(H5N1)	553	3216
PB1|PP755595.1|A/cattle/Texas/24-008749-003/2024(H5N1)	554	3212
PB1|PP755595.1|A/cattle/Texas/24-008749-003/2024(H5N1)	555	3199
PB1|PP755595.1|A/cattle/Texas/24-008749-003/2024(H5N1)	556	3191
PB1|PP755595.1|A/cattle/Texas/24-008749-003/2024(H5N1)	557	3185
PB1|PP755595.1|A/cattle/Texas/24-008749-003/2024(H5N1)	558	2991
PB1|PP755595.1|A/cattle/Texas/24-008749-003/2024(H5N1)	559	2988
PB1|PP755595.1|A/cattle/Texas/24-008749-003/2024(H5N1)	560	2989
PB1|PP755595.1|A/cattle/Texas/24-008749-003/2024(H5N1)	561	2981
PB1|PP755595.1|A/cattle/Texas/24-008749-003/2024(H5N1)	562	3011
PB1|PP755595.1|A/cattle/Texas/24-008749-003/2024(H5N1)	563	3018
PB1|PP755595.1|A/cattle/Texas/24-008749-003/2024(H5N1)	564	3038
PB1|PP755595.1|A/cattle/Texas/24-008749-003/2024(H5N1)	565	3072
PB1|PP755595.1|A/cattle/Texas/24-008749-003/2024(H5N1)	566	3085
PB1|PP755595.1|A/cattle/Texas/24-008749-003/2024(H5N1)	567	3094
PB1|PP755595.1|A/cattle/Texas/24-008749-003/2024(H5N1)	568	3094
PB1|PP755595.1|A/cattle/Texas/24-008749-003/2024(H5N1)	569	3216
PB1|PP755595.1|A/cattle/Texas/24-008749-003/2024(H5N1)	570	3174
PB1|PP755595.1|A/cattle/Texas/24-008749-003/2024(H5N1)	571	3239
PB1|PP755595.1|A/cattle/Texas/24-008749-003/2024(H5N1)	572	3223
PB1|PP755595.1|A/cattle/Texas/24-008749-003/2024(H5N1)	573	3189
PB1|PP755595.1|A/cattle/Texas/24-008749-003/2024(H5N1)	574	3193
PB1|PP755595.1|A/cattle/Texas/24-008749-003/2024(H5N1)	575	3185
PB1|PP755595.1|A/cattle/Texas/24-008749-003/2024(H5N1)	576	3256
PB1|PP755595.1|A/cattle/Texas/24-008749-003/2024(H5N1)	577	3286
PB1|PP755595.1|A/cattle/Texas/24-008749-003/2024(H5N1)	578	3289
PB1|PP755595.1|A/cattle/Texas/24-008749-003/2024(H5N1)	579	3228
PB1|PP755595.1|A/cattle/Texas/24-008749-003/2024(H5N1)	580	3245
PB1|PP755595.1|A/cattle/Texas/24-008749-003/2024(H5N1)	581	3266
PB1|PP755595.1|A/cattle/Texas/24-008749-003/2024(H5N1)	582	3266
PB1|PP755595.1|A/cattle/Texas/24-008749-003/2024(H5N1)	583	3260
PB1|PP755595.1|A/cattle/Texas/24-008749-003/2024(H5N1)	584	3236
PB1|PP755595.1|A/cattle/Texas/24-008749-003/2024(H5N1)	585	3011
PB1|PP755595.1|A/cattle/Texas/24-008749-003/2024(H5N1)	586	3095
PB1|PP755595.1|A/cattle/Texas/24-008749-003/2024(H5N1)	587	2904
PB1|PP755595.1|A/cattle/Texas/24-008749-003/2024(H5N1)	588	2884
PB1|PP755595.1|A/cattle/Texas/24-008749-003/2024(H5N1)	589	2878
PB1|PP755595.1|A/cattle/Texas/24-008749-003/2024(H5N1)	590	2849
PB1|PP755595.1|A/cattle/Texas/24-008749-003/2024(H5N1)	591	2847
PB1|PP755595.1|A/cattle/Texas/24-008749-003/2024(H5N1)	592	2872
PB1|PP755595.1|A/cattle/Texas/24-008749-003/2024(H5N1)	593	2867
PB1|PP755595.1|A/cattle/Texas/24-008749-003/2024(H5N1)	594	2893
PB1|PP755595.1|A/cattle/Texas/24-008749-003/2024(H5N1)	595	2881
PB1|PP755595.1|A/cattle/Texas/24-008749-003/2024(H5N1)	596	2867
PB1|PP755595.1|A/cattle/Texas/24-008749-003/2024(H5N1)	597	2867
PB1|PP755595.1|A/cattle/Texas/24-008749-003/2024(H5N1)	598	2832
PB1|PP755595.1|A/cattle/Texas/24-008749-003/2024(H5N1)	599	2819
PB1|PP755595.1|A/cattle/Texas/24-008749-003/2024(H5N1)	600	2807
PB1|PP755595.1|A/cattle/Texas/24-008749-003/2024(H5N1)	601	2806
PB1|PP755595.1|A/cattle/Texas/24-008749-003/2024(H5N1)	602	2766
PB1|PP755595.1|A/cattle/Texas/24-008749-003/2024(H5N1)	603	2763
PB1|PP755595.1|A/cattle/Texas/24-008749-003/2024(H5N1)	604	2760
PB1|PP755595.1|A/cattle/Texas/24-008749-003/2024(H5N1)	605	2740
PB1|PP755595.1|A/cattle/Texas/24-008749-003/2024(H5N1)	606	2735
PB1|PP755595.1|A/cattle/Texas/24-008749-003/2024(H5N1)	607	2387
PB1|PP755595.1|A/cattle/Texas/24-008749-003/2024(H5N1)	608	2387
PB1|PP755595.1|A/cattle/Texas/24-008749-003/2024(H5N1)	609	2387
PB1|PP755595.1|A/cattle/Texas/24-008749-003/2024(H5N1)	610	2386
PB1|PP755595.1|A/cattle/Texas/24-008749-003/2024(H5N1)	611	2383
PB1|PP755595.1|A/cattle/Texas/24-008749-003/2024(H5N1)	612	2383
PB1|PP755595.1|A/cattle/Texas/24-008749-003/2024(H5N1)	613	2654
PB1|PP755595.1|A/cattle/Texas/24-008749-003/2024(H5N1)	614	2657
PB1|PP755595.1|A/cattle/Texas/24-008749-003/2024(H5N1)	615	2657
PB1|PP755595.1|A/cattle/Texas/24-008749-003/2024(H5N1)	616	2657
PB1|PP755595.1|A/cattle/Texas/24-008749-003/2024(H5N1)	617	2656
PB1|PP755595.1|A/cattle/Texas/24-008749-003/2024(H5N1)	618	2652
PB1|PP755595.1|A/cattle/Texas/24-008749-003/2024(H5N1)	619	2641
PB1|PP755595.1|A/cattle/Texas/24-008749-003/2024(H5N1)	620	2596
PB1|PP755595.1|A/cattle/Texas/24-008749-003/2024(H5N1)	621	2611
PB1|PP755595.1|A/cattle/Texas/24-008749-003/2024(H5N1)	622	2630
PB1|PP755595.1|A/cattle/Texas/24-008749-003/2024(H5N1)	623	2628
PB1|PP755595.1|A/cattle/Texas/24-008749-003/2024(H5N1)	624	2627
PB1|PP755595.1|A/cattle/Texas/24-008749-003/2024(H5N1)	625	2621
PB1|PP755595.1|A/cattle/Texas/24-008749-003/2024(H5N1)	626	2592
PB1|PP755595.1|A/cattle/Texas/24-008749-003/2024(H5N1)	627	2589
PB1|PP755595.1|A/cattle/Texas/24-008749-003/2024(H5N1)	628	2586
PB1|PP755595.1|A/cattle/Texas/24-008749-003/2024(H5N1)	629	2568
PB1|PP755595.1|A/cattle/Texas/24-008749-003/2024(H5N1)	630	2567
PB1|PP755595.1|A/cattle/Texas/24-008749-003/2024(H5N1)	631	2557
PB1|PP755595.1|A/cattle/Texas/24-008749-003/2024(H5N1)	632	2557
PB1|PP755595.1|A/cattle/Texas/24-008749-003/2024(H5N1)	633	2422
PB1|PP755595.1|A/cattle/Texas/24-008749-003/2024(H5N1)	634	2330
PB1|PP755595.1|A/cattle/Texas/24-008749-003/2024(H5N1)	635	2330
PB1|PP755595.1|A/cattle/Texas/24-008749-003/2024(H5N1)	636	2330
PB1|PP755595.1|A/cattle/Texas/24-008749-003/2024(H5N1)	637	2330
PB1|PP755595.1|A/cattle/Texas/24-008749-003/2024(H5N1)	638	2330
PB1|PP755595.1|A/cattle/Texas/24-008749-003/2024(H5N1)	639	2327
PB1|PP755595.1|A/cattle/Texas/24-008749-003/2024(H5N1)	640	2315
PB1|PP755595.1|A/cattle/Texas/24-008749-003/2024(H5N1)	641	2262
PB1|PP755595.1|A/cattle/Texas/24-008749-003/2024(H5N1)	642	2261
PB1|PP755595.1|A/cattle/Texas/24-008749-003/2024(H5N1)	643	2261
PB1|PP755595.1|A/cattle/Texas/24-008749-003/2024(H5N1)	644	2255
PB1|PP755595.1|A/cattle/Texas/24-008749-003/2024(H5N1)	645	2222
PB1|PP755595.1|A/cattle/Texas/24-008749-003/2024(H5N1)	646	2187
PB1|PP755595.1|A/cattle/Texas/24-008749-003/2024(H5N1)	647	2186
PB1|PP755595.1|A/cattle/Texas/24-008749-003/2024(H5N1)	648	2126
PB1|PP755595.1|A/cattle/Texas/24-008749-003/2024(H5N1)	649	2123
PB1|PP755595.1|A/cattle/Texas/24-008749-003/2024(H5N1)	650	2121
PB1|PP755595.1|A/cattle/Texas/24-008749-003/2024(H5N1)	651	1681
PB1|PP755595.1|A/cattle/Texas/24-008749-003/2024(H5N1)	652	1678
PB1|PP755595.1|A/cattle/Texas/24-008749-003/2024(H5N1)	653	1678
PB1|PP755595.1|A/cattle/Texas/24-008749-003/2024(H5N1)	654	1678
PB1|PP755595.1|A/cattle/Texas/24-008749-003/2024(H5N1)	655	1968
PB1|PP755595.1|A/cattle/Texas/24-008749-003/2024(H5N1)	656	1976
PB1|PP755595.1|A/cattle/Texas/24-008749-003/2024(H5N1)	657	1987
PB1|PP755595.1|A/cattle/Texas/24-008749-003/2024(H5N1)	658	1989
PB1|PP755595.1|A/cattle/Texas/24-008749-003/2024(H5N1)	659	2005
PB1|PP755595.1|A/cattle/Texas/24-008749-003/2024(H5N1)	660	2005
PB1|PP755595.1|A/cattle/Texas/24-008749-003/2024(H5N1)	661	2005
PB1|PP755595.1|A/cattle/Texas/24-008749-003/2024(H5N1)	662	1995
PB1|PP755595.1|A/cattle/Texas/24-008749-003/2024(H5N1)	663	1983
PB1|PP755595.1|A/cattle/Texas/24-008749-003/2024(H5N1)	664	1948
PB1|PP755595.1|A/cattle/Texas/24-008749-003/2024(H5N1)	665	1948
PB1|PP755595.1|A/cattle/Texas/24-008749-003/2024(H5N1)	666	1948
PB1|PP755595.1|A/cattle/Texas/24-008749-003/2024(H5N1)	667	1948
PB1|PP755595.1|A/cattle/Texas/24-008749-003/2024(H5N1)	668	1885
PB1|PP755595.1|A/cattle/Texas/24-008749-003/2024(H5N1)	669	1885
PB1|PP755595.1|A/cattle/Texas/24-008749-003/2024(H5N1)	670	2036
PB1|PP755595.1|A/cattle/Texas/24-008749-003/2024(H5N1)	671	2036
PB1|PP755595.1|A/cattle/Texas/24-008749-003/2024(H5N1)	672	2036
PB1|PP755595.1|A/cattle/Texas/24-008749-003/2024(H5N1)	673	2023
PB1|PP755595.1|A/cattle/Texas/24-008749-003/2024(H5N1)	674	2023
PB1|PP755595.1|A/cattle/Texas/24-008749-003/2024(H5N1)	675	2020
PB1|PP755595.1|A/cattle/Texas/24-008749-003/2024(H5N1)	676	2146
PB1|PP755595.1|A/cattle/Texas/24-008749-003/2024(H5N1)	677	2138
PB1|PP755595.1|A/cattle/Texas/24-008749-003/2024(H5N1)	678	2084
PB1|PP755595.1|A/cattle/Texas/24-008749-003/2024(H5N1)	679	2089
PB1|PP755595.1|A/cattle/Texas/24-008749-003/2024(H5N1)	680	2087
PB1|PP755595.1|A/cattle/Texas/24-008749-003/2024(H5N1)	681	1986
PB1|PP755595.1|A/cattle/Texas/24-008749-003/2024(H5N1)	682	1998
PB1|PP755595.1|A/cattle/Texas/24-008749-003/2024(H5N1)	683	1991
PB1|PP755595.1|A/cattle/Texas/24-008749-003/2024(H5N1)	684	1989
PB1|PP755595.1|A/cattle/Texas/24-008749-003/2024(H5N1)	685	1987
PB1|PP755595.1|A/cattle/Texas/24-008749-003/2024(H5N1)	686	1983
PB1|PP755595.1|A/cattle/Texas/24-008749-003/2024(H5N1)	687	1982
PB1|PP755595.1|A/cattle/Texas/24-008749-003/2024(H5N1)	688	1956
PB1|PP755595.1|A/cattle/Texas/24-008749-003/2024(H5N1)	689	1946
PB1|PP755595.1|A/cattle/Texas/24-008749-003/2024(H5N1)	690	1912
PB1|PP755595.1|A/cattle/Texas/24-008749-003/2024(H5N1)	691	1907
PB1|PP755595.1|A/cattle/Texas/24-008749-003/2024(H5N1)	692	1845
PB1|PP755595.1|A/cattle/Texas/24-008749-003/2024(H5N1)	693	1840
PB1|PP755595.1|A/cattle/Texas/24-008749-003/2024(H5N1)	694	1882
PB1|PP755595.1|A/cattle/Texas/24-008749-003/2024(H5N1)	695	1890
PB1|PP755595.1|A/cattle/Texas/24-008749-003/2024(H5N1)	696	1886
PB1|PP755595.1|A/cattle/Texas/24-008749-003/2024(H5N1)	697	1882
PB1|PP755595.1|A/cattle/Texas/24-008749-003/2024(H5N1)	698	1869
PB1|PP755595.1|A/cattle/Texas/24-008749-003/2024(H5N1)	699	1853
PB1|PP755595.1|A/cattle/Texas/24-008749-003/2024(H5N1)	700	1852
PB1|PP755595.1|A/cattle/Texas/24-008749-003/2024(H5N1)	701	1840
PB1|PP755595.1|A/cattle/Texas/24-008749-003/2024(H5N1)	702	1821
PB1|PP755595.1|A/cattle/Texas/24-008749-003/2024(H5N1)	703	1806
PB1|PP755595.1|A/cattle/Texas/24-008749-003/2024(H5N1)	704	1806
PB1|PP755595.1|A/cattle/Texas/24-008749-003/2024(H5N1)	705	1806
PB1|PP755595.1|A/cattle/Texas/24-008749-003/2024(H5N1)	706	1801
PB1|PP755595.1|A/cattle/Texas/24-008749-003/2024(H5N1)	707	1788
PB1|PP755595.1|A/cattle/Texas/24-008749-003/2024(H5N1)	708	1785
PB1|PP755595.1|A/cattle/Texas/24-008749-003/2024(H5N1)	709	1810
PB1|PP755595.1|A/cattle/Texas/24-008749-003/2024(H5N1)	710	1808
PB1|PP755595.1|A/cattle/Texas/24-008749-003/2024(H5N1)	711	1796
PB1|PP755595.1|A/cattle/Texas/24-008749-003/2024(H5N1)	712	1767
PB1|PP755595.1|A/cattle/Texas/24-008749-003/2024(H5N1)	713	1766
PB1|PP755595.1|A/cattle/Texas/24-008749-003/2024(H5N1)	714	1749
PB1|PP755595.1|A/cattle/Texas/24-008749-003/2024(H5N1)	715	1719
PB1|PP755595.1|A/cattle/Texas/24-008749-003/2024(H5N1)	716	1718
PB1|PP755595.1|A/cattle/Texas/24-008749-003/2024(H5N1)	717	1697
PB1|PP755595.1|A/cattle/Texas/24-008749-003/2024(H5N1)	718	1697
PB1|PP755595.1|A/cattle/Texas/24-008749-003/2024(H5N1)	719	1577
PB1|PP755595.1|A/cattle/Texas/24-008749-003/2024(H5N1)	720	1575
PB1|PP755595.1|A/cattle/Texas/24-008749-003/2024(H5N1)	721	1591
PB1|PP755595.1|A/cattle/Texas/24-008749-003/2024(H5N1)	722	1565
PB1|PP755595.1|A/cattle/Texas/24-008749-003/2024(H5N1)	723	1565
PB1|PP755595.1|A/cattle/Texas/24-008749-003/2024(H5N1)	724	1565
PB1|PP755595.1|A/cattle/Texas/24-008749-003/2024(H5N1)	725	1518
PB1|PP755595.1|A/cattle/Texas/24-008749-003/2024(H5N1)	726	1491
PB1|PP755595.1|A/cattle/Texas/24-008749-003/2024(H5N1)	727	1447
PB1|PP755595.1|A/cattle/Texas/24-008749-003/2024(H5N1)	728	1446
PB1|PP755595.1|A/cattle/Texas/24-008749-003/2024(H5N1)	729	1446
PB1|PP755595.1|A/cattle/Texas/24-008749-003/2024(H5N1)	730	1420
PB1|PP755595.1|A/cattle/Texas/24-008749-003/2024(H5N1)	731	1337
PB1|PP755595.1|A/cattle/Texas/24-008749-003/2024(H5N1)	732	1000
PB1|PP755595.1|A/cattle/Texas/24-008749-003/2024(H5N1)	733	999
PB1|PP755595.1|A/cattle/Texas/24-008749-003/2024(H5N1)	734	995
PB1|PP755595.1|A/cattle/Texas/24-008749-003/2024(H5N1)	735	992
PB1|PP755595.1|A/cattle/Texas/24-008749-003/2024(H5N1)	736	992
PB1|PP755595.1|A/cattle/Texas/24-008749-003/2024(H5N1)	737	993
PB1|PP755595.1|A/cattle/Texas/24-008749-003/2024(H5N1)	738	988
PB1|PP755595.1|A/cattle/Texas/24-008749-003/2024(H5N1)	739	979
PB1|PP755595.1|A/cattle/Texas/24-008749-003/2024(H5N1)	740	979
PB1|PP755595.1|A/cattle/Texas/24-008749-003/2024(H5N1)	741	979
PB1|PP755595.1|A/cattle/Texas/24-008749-003/2024(H5N1)	742	979
PB1|PP755595.1|A/cattle/Texas/24-008749-003/2024(H5N1)	743	979
PB1|PP755595.1|A/cattle/Texas/24-008749-003/2024(H5N1)	744	979
PB1|PP755595.1|A/cattle/Texas/24-008749-003/2024(H5N1)	745	1273
PB1|PP755595.1|A/cattle/Texas/24-008749-003/2024(H5N1)	746	1273
PB1|PP755595.1|A/cattle/Texas/24-008749-003/2024(H5N1)	747	1273
PB1|PP755595.1|A/cattle/Texas/24-008749-003/2024(H5N1)	748	1273
PB1|PP755595.1|A/cattle/Texas/24-008749-003/2024(H5N1)	749	1273
PB1|PP755595.1|A/cattle/Texas/24-008749-003/2024(H5N1)	750	1272
PB1|PP755595.1|A/cattle/Texas/24-008749-003/2024(H5N1)	751	1376
PB1|PP755595.1|A/cattle/Texas/24-008749-003/2024(H5N1)	752	1400
PB1|PP755595.1|A/cattle/Texas/24-008749-003/2024(H5N1)	753	1405
PB1|PP755595.1|A/cattle/Texas/24-008749-003/2024(H5N1)	754	1407
PB1|PP755595.1|A/cattle/Texas/24-008749-003/2024(H5N1)	755	1419
PB1|PP755595.1|A/cattle/Texas/24-008749-003/2024(H5N1)	756	1421
PB1|PP755595.1|A/cattle/Texas/24-008749-003/2024(H5N1)	757	1421
PB1|PP755595.1|A/cattle/Texas/24-008749-003/2024(H5N1)	758	1410
PB1|PP755595.1|A/cattle/Texas/24-008749-003/2024(H5N1)	759	1404
PB1|PP755595.1|A/cattle/Texas/24-008749-003/2024(H5N1)	760	1304
PB1|PP755595.1|A/cattle/Texas/24-008749-003/2024(H5N1)	761	1304
PB1|PP755595.1|A/cattle/Texas/24-008749-003/2024(H5N1)	762	1292
PB1|PP755595.1|A/cattle/Texas/24-008749-003/2024(H5N1)	763	1288
PB1|PP755595.1|A/cattle/Texas/24-008749-003/2024(H5N1)	764	1287
PB1|PP755595.1|A/cattle/Texas/24-008749-003/2024(H5N1)	765	1280
PB1|PP755595.1|A/cattle/Texas/24-008749-003/2024(H5N1)	766	1280
PB1|PP755595.1|A/cattle/Texas/24-008749-003/2024(H5N1)	767	1280
PB1|PP755595.1|A/cattle/Texas/24-008749-003/2024(H5N1)	768	1280
PB1|PP755595.1|A/cattle/Texas/24-008749-003/2024(H5N1)	769	1280
PB1|PP755595.1|A/cattle/Texas/24-008749-003/2024(H5N1)	770	1280
PB1|PP755595.1|A/cattle/Texas/24-008749-003/2024(H5N1)	771	1277
PB1|PP755595.1|A/cattle/Texas/24-008749-003/2024(H5N1)	772	1198
PB1|PP755595.1|A/cattle/Texas/24-008749-003/2024(H5N1)	773	1198
PB1|PP755595.1|A/cattle/Texas/24-008749-003/2024(H5N1)	774	1198
PB1|PP755595.1|A/cattle/Texas/24-008749-003/2024(H5N1)	775	1362
PB1|PP755595.1|A/cattle/Texas/24-008749-003/2024(H5N1)	776	1369
PB1|PP755595.1|A/cattle/Texas/24-008749-003/2024(H5N1)	777	1372
PB1|PP755595.1|A/cattle/Texas/24-008749-003/2024(H5N1)	778	1374
PB1|PP755595.1|A/cattle/Texas/24-008749-003/2024(H5N1)	779	1379
PB1|PP755595.1|A/cattle/Texas/24-008749-003/2024(H5N1)	780	1410
PB1|PP755595.1|A/cattle/Texas/24-008749-003/2024(H5N1)	781	1411
PB1|PP755595.1|A/cattle/Texas/24-008749-003/2024(H5N1)	782	1411
PB1|PP755595.1|A/cattle/Texas/24-008749-003/2024(H5N1)	783	1336
PB1|PP755595.1|A/cattle/Texas/24-008749-003/2024(H5N1)	784	1335
PB1|PP755595.1|A/cattle/Texas/24-008749-003/2024(H5N1)	785	1325
PB1|PP755595.1|A/cattle/Texas/24-008749-003/2024(H5N1)	786	1268
PB1|PP755595.1|A/cattle/Texas/24-008749-003/2024(H5N1)	787	1295
PB1|PP755595.1|A/cattle/Texas/24-008749-003/2024(H5N1)	788	1295
PB1|PP755595.1|A/cattle/Texas/24-008749-003/2024(H5N1)	789	1295
PB1|PP755595.1|A/cattle/Texas/24-008749-003/2024(H5N1)	790	1295
PB1|PP755595.1|A/cattle/Texas/24-008749-003/2024(H5N1)	791	1295
PB1|PP755595.1|A/cattle/Texas/24-008749-003/2024(H5N1)	792	1269
PB1|PP755595.1|A/cattle/Texas/24-008749-003/2024(H5N1)	793	1308
PB1|PP755595.1|A/cattle/Texas/24-008749-003/2024(H5N1)	794	1321
PB1|PP755595.1|A/cattle/Texas/24-008749-003/2024(H5N1)	795	1322
PB1|PP755595.1|A/cattle/Texas/24-008749-003/2024(H5N1)	796	1330
PB1|PP755595.1|A/cattle/Texas/24-008749-003/2024(H5N1)	797	1330
PB1|PP755595.1|A/cattle/Texas/24-008749-003/2024(H5N1)	798	1320
PB1|PP755595.1|A/cattle/Texas/24-008749-003/2024(H5N1)	799	1319
PB1|PP755595.1|A/cattle/Texas/24-008749-003/2024(H5N1)	800	1318
PB1|PP755595.1|A/cattle/Texas/24-008749-003/2024(H5N1)	801	1262
PB1|PP755595.1|A/cattle/Texas/24-008749-003/2024(H5N1)	802	1270
PB1|PP755595.1|A/cattle/Texas/24-008749-003/2024(H5N1)	803	1348
PB1|PP755595.1|A/cattle/Texas/24-008749-003/2024(H5N1)	804	1380
PB1|PP755595.1|A/cattle/Texas/24-008749-003/2024(H5N1)	805	1383
PB1|PP755595.1|A/cattle/Texas/24-008749-003/2024(H5N1)	806	1390
PB1|PP755595.1|A/cattle/Texas/24-008749-003/2024(H5N1)	807	1390
PB1|PP755595.1|A/cattle/Texas/24-008749-003/2024(H5N1)	808	1403
PB1|PP755595.1|A/cattle/Texas/24-008749-003/2024(H5N1)	809	1403
PB1|PP755595.1|A/cattle/Texas/24-008749-003/2024(H5N1)	810	1387
PB1|PP755595.1|A/cattle/Texas/24-008749-003/2024(H5N1)	811	1389
PB1|PP755595.1|A/cattle/Texas/24-008749-003/2024(H5N1)	812	1323
PB1|PP755595.1|A/cattle/Texas/24-008749-003/2024(H5N1)	813	1304
PB1|PP755595.1|A/cattle/Texas/24-008749-003/2024(H5N1)	814	1290
PB1|PP755595.1|A/cattle/Texas/24-008749-003/2024(H5N1)	815	1360
PB1|PP755595.1|A/cattle/Texas/24-008749-003/2024(H5N1)	816	1320
PB1|PP755595.1|A/cattle/Texas/24-008749-003/2024(H5N1)	817	1384
PB1|PP755595.1|A/cattle/Texas/24-008749-003/2024(H5N1)	818	1387
PB1|PP755595.1|A/cattle/Texas/24-008749-003/2024(H5N1)	819	1391
PB1|PP755595.1|A/cattle/Texas/24-008749-003/2024(H5N1)	820	1392
PB1|PP755595.1|A/cattle/Texas/24-008749-003/2024(H5N1)	821	1442
PB1|PP755595.1|A/cattle/Texas/24-008749-003/2024(H5N1)	822	1415
PB1|PP755595.1|A/cattle/Texas/24-008749-003/2024(H5N1)	823	1384
PB1|PP755595.1|A/cattle/Texas/24-008749-003/2024(H5N1)	824	1420
PB1|PP755595.1|A/cattle/Texas/24-008749-003/2024(H5N1)	825	1413
PB1|PP755595.1|A/cattle/Texas/24-008749-003/2024(H5N1)	826	1462
PB1|PP755595.1|A/cattle/Texas/24-008749-003/2024(H5N1)	827	1478
PB1|PP755595.1|A/cattle/Texas/24-008749-003/2024(H5N1)	828	1482
PB1|PP755595.1|A/cattle/Texas/24-008749-003/2024(H5N1)	829	1498
PB1|PP755595.1|A/cattle/Texas/24-008749-003/2024(H5N1)	830	1498
PB1|PP755595.1|A/cattle/Texas/24-008749-003/2024(H5N1)	831	1489
PB1|PP755595.1|A/cattle/Texas/24-008749-003/2024(H5N1)	832	1560
PB1|PP755595.1|A/cattle/Texas/24-008749-003/2024(H5N1)	833	1560
PB1|PP755595.1|A/cattle/Texas/24-008749-003/2024(H5N1)	834	1561
PB1|PP755595.1|A/cattle/Texas/24-008749-003/2024(H5N1)	835	1580
PB1|PP755595.1|A/cattle/Texas/24-008749-003/2024(H5N1)	836	1590
PB1|PP755595.1|A/cattle/Texas/24-008749-003/2024(H5N1)	837	1590
PB1|PP755595.1|A/cattle/Texas/24-008749-003/2024(H5N1)	838	1589
PB1|PP755595.1|A/cattle/Texas/24-008749-003/2024(H5N1)	839	1583
PB1|PP755595.1|A/cattle/Texas/24-008749-003/2024(H5N1)	840	1504
PB1|PP755595.1|A/cattle/Texas/24-008749-003/2024(H5N1)	841	1512
PB1|PP755595.1|A/cattle/Texas/24-008749-003/2024(H5N1)	842	1512
PB1|PP755595.1|A/cattle/Texas/24-008749-003/2024(H5N1)	843	1512
PB1|PP755595.1|A/cattle/Texas/24-008749-003/2024(H5N1)	844	1512
PB1|PP755595.1|A/cattle/Texas/24-008749-003/2024(H5N1)	845	1514
PB1|PP755595.1|A/cattle/Texas/24-008749-003/2024(H5N1)	846	1552
PB1|PP755595.1|A/cattle/Texas/24-008749-003/2024(H5N1)	847	1679
PB1|PP755595.1|A/cattle/Texas/24-008749-003/2024(H5N1)	848	1681
PB1|PP755595.1|A/cattle/Texas/24-008749-003/2024(H5N1)	849	1690
PB1|PP755595.1|A/cattle/Texas/24-008749-003/2024(H5N1)	850	1691
PB1|PP755595.1|A/cattle/Texas/24-008749-003/2024(H5N1)	851	1691
PB1|PP755595.1|A/cattle/Texas/24-008749-003/2024(H5N1)	852	1694
PB1|PP755595.1|A/cattle/Texas/24-008749-003/2024(H5N1)	853	1699
PB1|PP755595.1|A/cattle/Texas/24-008749-003/2024(H5N1)	854	1851
PB1|PP755595.1|A/cattle/Texas/24-008749-003/2024(H5N1)	855	1851
PB1|PP755595.1|A/cattle/Texas/24-008749-003/2024(H5N1)	856	1853
PB1|PP755595.1|A/cattle/Texas/24-008749-003/2024(H5N1)	857	1853
PB1|PP755595.1|A/cattle/Texas/24-008749-003/2024(H5N1)	858	1853
PB1|PP755595.1|A/cattle/Texas/24-008749-003/2024(H5N1)	859	1854
PB1|PP755595.1|A/cattle/Texas/24-008749-003/2024(H5N1)	860	1864
PB1|PP755595.1|A/cattle/Texas/24-008749-003/2024(H5N1)	861	1883
PB1|PP755595.1|A/cattle/Texas/24-008749-003/2024(H5N1)	862	1879
PB1|PP755595.1|A/cattle/Texas/24-008749-003/2024(H5N1)	863	1885
PB1|PP755595.1|A/cattle/Texas/24-008749-003/2024(H5N1)	864	1968
PB1|PP755595.1|A/cattle/Texas/24-008749-003/2024(H5N1)	865	1979
PB1|PP755595.1|A/cattle/Texas/24-008749-003/2024(H5N1)	866	2017
PB1|PP755595.1|A/cattle/Texas/24-008749-003/2024(H5N1)	867	2020
PB1|PP755595.1|A/cattle/Texas/24-008749-003/2024(H5N1)	868	2022
PB1|PP755595.1|A/cattle/Texas/24-008749-003/2024(H5N1)	869	2028
PB1|PP755595.1|A/cattle/Texas/24-008749-003/2024(H5N1)	870	2060
PB1|PP755595.1|A/cattle/Texas/24-008749-003/2024(H5N1)	871	2142
PB1|PP755595.1|A/cattle/Texas/24-008749-003/2024(H5N1)	872	2108
PB1|PP755595.1|A/cattle/Texas/24-008749-003/2024(H5N1)	873	2106
PB1|PP755595.1|A/cattle/Texas/24-008749-003/2024(H5N1)	874	2111
PB1|PP755595.1|A/cattle/Texas/24-008749-003/2024(H5N1)	875	2096
PB1|PP755595.1|A/cattle/Texas/24-008749-003/2024(H5N1)	876	1950
PB1|PP755595.1|A/cattle/Texas/24-008749-003/2024(H5N1)	877	2017
PB1|PP755595.1|A/cattle/Texas/24-008749-003/2024(H5N1)	878	2048
PB1|PP755595.1|A/cattle/Texas/24-008749-003/2024(H5N1)	879	2150
PB1|PP755595.1|A/cattle/Texas/24-008749-003/2024(H5N1)	880	2315
PB1|PP755595.1|A/cattle/Texas/24-008749-003/2024(H5N1)	881	2317
PB1|PP755595.1|A/cattle/Texas/24-008749-003/2024(H5N1)	882	2326
PB1|PP755595.1|A/cattle/Texas/24-008749-003/2024(H5N1)	883	2337
PB1|PP755595.1|A/cattle/Texas/24-008749-003/2024(H5N1)	884	2595
PB1|PP755595.1|A/cattle/Texas/24-008749-003/2024(H5N1)	885	2595
PB1|PP755595.1|A/cattle/Texas/24-008749-003/2024(H5N1)	886	2625
PB1|PP755595.1|A/cattle/Texas/24-008749-003/2024(H5N1)	887	2625
PB1|PP755595.1|A/cattle/Texas/24-008749-003/2024(H5N1)	888	2625
PB1|PP755595.1|A/cattle/Texas/24-008749-003/2024(H5N1)	889	2736
PB1|PP755595.1|A/cattle/Texas/24-008749-003/2024(H5N1)	890	2745
PB1|PP755595.1|A/cattle/Texas/24-008749-003/2024(H5N1)	891	2754
PB1|PP755595.1|A/cattle/Texas/24-008749-003/2024(H5N1)	892	2683
PB1|PP755595.1|A/cattle/Texas/24-008749-003/2024(H5N1)	893	2628
PB1|PP755595.1|A/cattle/Texas/24-008749-003/2024(H5N1)	894	2694
PB1|PP755595.1|A/cattle/Texas/24-008749-003/2024(H5N1)	895	2687
PB1|PP755595.1|A/cattle/Texas/24-008749-003/2024(H5N1)	896	2728
PB1|PP755595.1|A/cattle/Texas/24-008749-003/2024(H5N1)	897	2625
PB1|PP755595.1|A/cattle/Texas/24-008749-003/2024(H5N1)	898	2627
PB1|PP755595.1|A/cattle/Texas/24-008749-003/2024(H5N1)	899	2628
PB1|PP755595.1|A/cattle/Texas/24-008749-003/2024(H5N1)	900	2638
PB1|PP755595.1|A/cattle/Texas/24-008749-003/2024(H5N1)	901	2643
PB1|PP755595.1|A/cattle/Texas/24-008749-003/2024(H5N1)	902	2664
PB1|PP755595.1|A/cattle/Texas/24-008749-003/2024(H5N1)	903	2653
PB1|PP755595.1|A/cattle/Texas/24-008749-003/2024(H5N1)	904	2651
PB1|PP755595.1|A/cattle/Texas/24-008749-003/2024(H5N1)	905	2639
PB1|PP755595.1|A/cattle/Texas/24-008749-003/2024(H5N1)	906	2464
PB1|PP755595.1|A/cattle/Texas/24-008749-003/2024(H5N1)	907	2476
PB1|PP755595.1|A/cattle/Texas/24-008749-003/2024(H5N1)	908	2496
PB1|PP755595.1|A/cattle/Texas/24-008749-003/2024(H5N1)	909	2496
PB1|PP755595.1|A/cattle/Texas/24-008749-003/2024(H5N1)	910	2542
PB1|PP755595.1|A/cattle/Texas/24-008749-003/2024(H5N1)	911	2545
PB1|PP755595.1|A/cattle/Texas/24-008749-003/2024(H5N1)	912	2652
PB1|PP755595.1|A/cattle/Texas/24-008749-003/2024(H5N1)	913	2665
PB1|PP755595.1|A/cattle/Texas/24-008749-003/2024(H5N1)	914	2717
PB1|PP755595.1|A/cattle/Texas/24-008749-003/2024(H5N1)	915	2722
PB1|PP755595.1|A/cattle/Texas/24-008749-003/2024(H5N1)	916	2728
PB1|PP755595.1|A/cattle/Texas/24-008749-003/2024(H5N1)	917	2756
PB1|PP755595.1|A/cattle/Texas/24-008749-003/2024(H5N1)	918	2931
PB1|PP755595.1|A/cattle/Texas/24-008749-003/2024(H5N1)	919	2936
PB1|PP755595.1|A/cattle/Texas/24-008749-003/2024(H5N1)	920	2954
PB1|PP755595.1|A/cattle/Texas/24-008749-003/2024(H5N1)	921	2955
PB1|PP755595.1|A/cattle/Texas/24-008749-003/2024(H5N1)	922	2960
PB1|PP755595.1|A/cattle/Texas/24-008749-003/2024(H5N1)	923	2971
PB1|PP755595.1|A/cattle/Texas/24-008749-003/2024(H5N1)	924	2977
PB1|PP755595.1|A/cattle/Texas/24-008749-003/2024(H5N1)	925	2978
PB1|PP755595.1|A/cattle/Texas/24-008749-003/2024(H5N1)	926	2982
PB1|PP755595.1|A/cattle/Texas/24-008749-003/2024(H5N1)	927	2995
PB1|PP755595.1|A/cattle/Texas/24-008749-003/2024(H5N1)	928	3005
PB1|PP755595.1|A/cattle/Texas/24-008749-003/2024(H5N1)	929	3004
PB1|PP755595.1|A/cattle/Texas/24-008749-003/2024(H5N1)	930	2999
PB1|PP755595.1|A/cattle/Texas/24-008749-003/2024(H5N1)	931	2973
PB1|PP755595.1|A/cattle/Texas/24-008749-003/2024(H5N1)	932	2974
PB1|PP755595.1|A/cattle/Texas/24-008749-003/2024(H5N1)	933	3007
PB1|PP755595.1|A/cattle/Texas/24-008749-003/2024(H5N1)	934	3031
PB1|PP755595.1|A/cattle/Texas/24-008749-003/2024(H5N1)	935	3031
PB1|PP755595.1|A/cattle/Texas/24-008749-003/2024(H5N1)	936	2944
PB1|PP755595.1|A/cattle/Texas/24-008749-003/2024(H5N1)	937	2944
PB1|PP755595.1|A/cattle/Texas/24-008749-003/2024(H5N1)	938	2945
PB1|PP755595.1|A/cattle/Texas/24-008749-003/2024(H5N1)	939	3001
PB1|PP755595.1|A/cattle/Texas/24-008749-003/2024(H5N1)	940	3028
PB1|PP755595.1|A/cattle/Texas/24-008749-003/2024(H5N1)	941	3038
PB1|PP755595.1|A/cattle/Texas/24-008749-003/2024(H5N1)	942	3038
PB1|PP755595.1|A/cattle/Texas/24-008749-003/2024(H5N1)	943	3055
PB1|PP755595.1|A/cattle/Texas/24-008749-003/2024(H5N1)	944	3059
PB1|PP755595.1|A/cattle/Texas/24-008749-003/2024(H5N1)	945	3062
PB1|PP755595.1|A/cattle/Texas/24-008749-003/2024(H5N1)	946	3063
PB1|PP755595.1|A/cattle/Texas/24-008749-003/2024(H5N1)	947	3068
PB1|PP755595.1|A/cattle/Texas/24-008749-003/2024(H5N1)	948	3097
PB1|PP755595.1|A/cattle/Texas/24-008749-003/2024(H5N1)	949	3101
PB1|PP755595.1|A/cattle/Texas/24-008749-003/2024(H5N1)	950	3102
PB1|PP755595.1|A/cattle/Texas/24-008749-003/2024(H5N1)	951	3126
PB1|PP755595.1|A/cattle/Texas/24-008749-003/2024(H5N1)	952	3125
PB1|PP755595.1|A/cattle/Texas/24-008749-003/2024(H5N1)	953	3137
PB1|PP755595.1|A/cattle/Texas/24-008749-003/2024(H5N1)	954	3064
PB1|PP755595.1|A/cattle/Texas/24-008749-003/2024(H5N1)	955	3071
PB1|PP755595.1|A/cattle/Texas/24-008749-003/2024(H5N1)	956	3097
PB1|PP755595.1|A/cattle/Texas/24-008749-003/2024(H5N1)	957	3103
PB1|PP755595.1|A/cattle/Texas/24-008749-003/2024(H5N1)	958	3110
PB1|PP755595.1|A/cattle/Texas/24-008749-003/2024(H5N1)	959	3092
PB1|PP755595.1|A/cattle/Texas/24-008749-003/2024(H5N1)	960	3092
PB1|PP755595.1|A/cattle/Texas/24-008749-003/2024(H5N1)	961	3101
PB1|PP755595.1|A/cattle/Texas/24-008749-003/2024(H5N1)	962	3137
PB1|PP755595.1|A/cattle/Texas/24-008749-003/2024(H5N1)	963	3167
PB1|PP755595.1|A/cattle/Texas/24-008749-003/2024(H5N1)	964	3164
PB1|PP755595.1|A/cattle/Texas/24-008749-003/2024(H5N1)	965	3169
PB1|PP755595.1|A/cattle/Texas/24-008749-003/2024(H5N1)	966	3090
PB1|PP755595.1|A/cattle/Texas/24-008749-003/2024(H5N1)	967	3086
PB1|PP755595.1|A/cattle/Texas/24-008749-003/2024(H5N1)	968	3049
PB1|PP755595.1|A/cattle/Texas/24-008749-003/2024(H5N1)	969	3046
PB1|PP755595.1|A/cattle/Texas/24-008749-003/2024(H5N1)	970	3042
PB1|PP755595.1|A/cattle/Texas/24-008749-003/2024(H5N1)	971	2993
PB1|PP755595.1|A/cattle/Texas/24-008749-003/2024(H5N1)	972	2859
PB1|PP755595.1|A/cattle/Texas/24-008749-003/2024(H5N1)	973	2777
PB1|PP755595.1|A/cattle/Texas/24-008749-003/2024(H5N1)	974	2770
PB1|PP755595.1|A/cattle/Texas/24-008749-003/2024(H5N1)	975	2748
PB1|PP755595.1|A/cattle/Texas/24-008749-003/2024(H5N1)	976	2871
PB1|PP755595.1|A/cattle/Texas/24-008749-003/2024(H5N1)	977	2869
PB1|PP755595.1|A/cattle/Texas/24-008749-003/2024(H5N1)	978	2858
PB1|PP755595.1|A/cattle/Texas/24-008749-003/2024(H5N1)	979	2854
PB1|PP755595.1|A/cattle/Texas/24-008749-003/2024(H5N1)	980	2840
PB1|PP755595.1|A/cattle/Texas/24-008749-003/2024(H5N1)	981	2765
PB1|PP755595.1|A/cattle/Texas/24-008749-003/2024(H5N1)	982	2804
PB1|PP755595.1|A/cattle/Texas/24-008749-003/2024(H5N1)	983	2812
PB1|PP755595.1|A/cattle/Texas/24-008749-003/2024(H5N1)	984	2853
PB1|PP755595.1|A/cattle/Texas/24-008749-003/2024(H5N1)	985	2847
PB1|PP755595.1|A/cattle/Texas/24-008749-003/2024(H5N1)	986	2843
PB1|PP755595.1|A/cattle/Texas/24-008749-003/2024(H5N1)	987	2838
PB1|PP755595.1|A/cattle/Texas/24-008749-003/2024(H5N1)	988	2839
PB1|PP755595.1|A/cattle/Texas/24-008749-003/2024(H5N1)	989	2835
PB1|PP755595.1|A/cattle/Texas/24-008749-003/2024(H5N1)	990	2821
PB1|PP755595.1|A/cattle/Texas/24-008749-003/2024(H5N1)	991	2825
PB1|PP755595.1|A/cattle/Texas/24-008749-003/2024(H5N1)	992	2820
PB1|PP755595.1|A/cattle/Texas/24-008749-003/2024(H5N1)	993	2819
PB1|PP755595.1|A/cattle/Texas/24-008749-003/2024(H5N1)	994	2809
PB1|PP755595.1|A/cattle/Texas/24-008749-003/2024(H5N1)	995	2784
PB1|PP755595.1|A/cattle/Texas/24-008749-003/2024(H5N1)	996	2782
PB1|PP755595.1|A/cattle/Texas/24-008749-003/2024(H5N1)	997	2713
PB1|PP755595.1|A/cattle/Texas/24-008749-003/2024(H5N1)	998	2713
PB1|PP755595.1|A/cattle/Texas/24-008749-003/2024(H5N1)	999	2683
PB1|PP755595.1|A/cattle/Texas/24-008749-003/2024(H5N1)	1000	2675
PB1|PP755595.1|A/cattle/Texas/24-008749-003/2024(H5N1)	1001	2675
PB1|PP755595.1|A/cattle/Texas/24-008749-003/2024(H5N1)	1002	2675
PB1|PP755595.1|A/cattle/Texas/24-008749-003/2024(H5N1)	1003	2830
PB1|PP755595.1|A/cattle/Texas/24-008749-003/2024(H5N1)	1004	2830
PB1|PP755595.1|A/cattle/Texas/24-008749-003/2024(H5N1)	1005	2655
PB1|PP755595.1|A/cattle/Texas/24-008749-003/2024(H5N1)	1006	2653
PB1|PP755595.1|A/cattle/Texas/24-008749-003/2024(H5N1)	1007	2653
PB1|PP755595.1|A/cattle/Texas/24-008749-003/2024(H5N1)	1008	2653
PB1|PP755595.1|A/cattle/Texas/24-008749-003/2024(H5N1)	1009	2768
PB1|PP755595.1|A/cattle/Texas/24-008749-003/2024(H5N1)	1010	2750
PB1|PP755595.1|A/cattle/Texas/24-008749-003/2024(H5N1)	1011	2741
PB1|PP755595.1|A/cattle/Texas/24-008749-003/2024(H5N1)	1012	2740
PB1|PP755595.1|A/cattle/Texas/24-008749-003/2024(H5N1)	1013	2740
PB1|PP755595.1|A/cattle/Texas/24-008749-003/2024(H5N1)	1014	2732
PB1|PP755595.1|A/cattle/Texas/24-008749-003/2024(H5N1)	1015	2709
PB1|PP755595.1|A/cattle/Texas/24-008749-003/2024(H5N1)	1016	2703
PB1|PP755595.1|A/cattle/Texas/24-008749-003/2024(H5N1)	1017	2659
PB1|PP755595.1|A/cattle/Texas/24-008749-003/2024(H5N1)	1018	2658
PB1|PP755595.1|A/cattle/Texas/24-008749-003/2024(H5N1)	1019	2658
PB1|PP755595.1|A/cattle/Texas/24-008749-003/2024(H5N1)	1020	2617
PB1|PP755595.1|A/cattle/Texas/24-008749-003/2024(H5N1)	1021	2787
PB1|PP755595.1|A/cattle/Texas/24-008749-003/2024(H5N1)	1022	2734
PB1|PP755595.1|A/cattle/Texas/24-008749-003/2024(H5N1)	1023	2730
PB1|PP755595.1|A/cattle/Texas/24-008749-003/2024(H5N1)	1024	2741
PB1|PP755595.1|A/cattle/Texas/24-008749-003/2024(H5N1)	1025	2738
PB1|PP755595.1|A/cattle/Texas/24-008749-003/2024(H5N1)	1026	2723
PB1|PP755595.1|A/cattle/Texas/24-008749-003/2024(H5N1)	1027	2712
PB1|PP755595.1|A/cattle/Texas/24-008749-003/2024(H5N1)	1028	2620
PB1|PP755595.1|A/cattle/Texas/24-008749-003/2024(H5N1)	1029	2593
PB1|PP755595.1|A/cattle/Texas/24-008749-003/2024(H5N1)	1030	2454
PB1|PP755595.1|A/cattle/Texas/24-008749-003/2024(H5N1)	1031	2336
PB1|PP755595.1|A/cattle/Texas/24-008749-003/2024(H5N1)	1032	2314
PB1|PP755595.1|A/cattle/Texas/24-008749-003/2024(H5N1)	1033	2283
PB1|PP755595.1|A/cattle/Texas/24-008749-003/2024(H5N1)	1034	2099
PB1|PP755595.1|A/cattle/Texas/24-008749-003/2024(H5N1)	1035	2097
PB1|PP755595.1|A/cattle/Texas/24-008749-003/2024(H5N1)	1036	2128
PB1|PP755595.1|A/cattle/Texas/24-008749-003/2024(H5N1)	1037	2113
PB1|PP755595.1|A/cattle/Texas/24-008749-003/2024(H5N1)	1038	2112
PB1|PP755595.1|A/cattle/Texas/24-008749-003/2024(H5N1)	1039	2104
PB1|PP755595.1|A/cattle/Texas/24-008749-003/2024(H5N1)	1040	2022
PB1|PP755595.1|A/cattle/Texas/24-008749-003/2024(H5N1)	1041	2019
PB1|PP755595.1|A/cattle/Texas/24-008749-003/2024(H5N1)	1042	2010
PB1|PP755595.1|A/cattle/Texas/24-008749-003/2024(H5N1)	1043	2010
PB1|PP755595.1|A/cattle/Texas/24-008749-003/2024(H5N1)	1044	2003
PB1|PP755595.1|A/cattle/Texas/24-008749-003/2024(H5N1)	1045	1948
PB1|PP755595.1|A/cattle/Texas/24-008749-003/2024(H5N1)	1046	1914
PB1|PP755595.1|A/cattle/Texas/24-008749-003/2024(H5N1)	1047	1681
PB1|PP755595.1|A/cattle/Texas/24-008749-003/2024(H5N1)	1048	1679
PB1|PP755595.1|A/cattle/Texas/24-008749-003/2024(H5N1)	1049	1679
PB1|PP755595.1|A/cattle/Texas/24-008749-003/2024(H5N1)	1050	1678
PB1|PP755595.1|A/cattle/Texas/24-008749-003/2024(H5N1)	1051	1665
PB1|PP755595.1|A/cattle/Texas/24-008749-003/2024(H5N1)	1052	1670
PB1|PP755595.1|A/cattle/Texas/24-008749-003/2024(H5N1)	1053	1653
PB1|PP755595.1|A/cattle/Texas/24-008749-003/2024(H5N1)	1054	1657
PB1|PP755595.1|A/cattle/Texas/24-008749-003/2024(H5N1)	1055	1657
PB1|PP755595.1|A/cattle/Texas/24-008749-003/2024(H5N1)	1056	1657
PB1|PP755595.1|A/cattle/Texas/24-008749-003/2024(H5N1)	1057	1868
PB1|PP755595.1|A/cattle/Texas/24-008749-003/2024(H5N1)	1058	1868
PB1|PP755595.1|A/cattle/Texas/24-008749-003/2024(H5N1)	1059	1868
PB1|PP755595.1|A/cattle/Texas/24-008749-003/2024(H5N1)	1060	1868
PB1|PP755595.1|A/cattle/Texas/24-008749-003/2024(H5N1)	1061	1868
PB1|PP755595.1|A/cattle/Texas/24-008749-003/2024(H5N1)	1062	1868
PB1|PP755595.1|A/cattle/Texas/24-008749-003/2024(H5N1)	1063	2123
PB1|PP755595.1|A/cattle/Texas/24-008749-003/2024(H5N1)	1064	2129
PB1|PP755595.1|A/cattle/Texas/24-008749-003/2024(H5N1)	1065	2129
PB1|PP755595.1|A/cattle/Texas/24-008749-003/2024(H5N1)	1066	2135
PB1|PP755595.1|A/cattle/Texas/24-008749-003/2024(H5N1)	1067	2135
PB1|PP755595.1|A/cattle/Texas/24-008749-003/2024(H5N1)	1068	2116
PB1|PP755595.1|A/cattle/Texas/24-008749-003/2024(H5N1)	1069	1932
PB1|PP755595.1|A/cattle/Texas/24-008749-003/2024(H5N1)	1070	1931
PB1|PP755595.1|A/cattle/Texas/24-008749-003/2024(H5N1)	1071	1910
PB1|PP755595.1|A/cattle/Texas/24-008749-003/2024(H5N1)	1072	1995
PB1|PP755595.1|A/cattle/Texas/24-008749-003/2024(H5N1)	1073	2000
PB1|PP755595.1|A/cattle/Texas/24-008749-003/2024(H5N1)	1074	2009
PB1|PP755595.1|A/cattle/Texas/24-008749-003/2024(H5N1)	1075	2007
PB1|PP755595.1|A/cattle/Texas/24-008749-003/2024(H5N1)	1076	2007
PB1|PP755595.1|A/cattle/Texas/24-008749-003/2024(H5N1)	1077	1989
PB1|PP755595.1|A/cattle/Texas/24-008749-003/2024(H5N1)	1078	1972
PB1|PP755595.1|A/cattle/Texas/24-008749-003/2024(H5N1)	1079	1969
PB1|PP755595.1|A/cattle/Texas/24-008749-003/2024(H5N1)	1080	1969
PB1|PP755595.1|A/cattle/Texas/24-008749-003/2024(H5N1)	1081	1968
PB1|PP755595.1|A/cattle/Texas/24-008749-003/2024(H5N1)	1082	1962
PB1|PP755595.1|A/cattle/Texas/24-008749-003/2024(H5N1)	1083	1915
PB1|PP755595.1|A/cattle/Texas/24-008749-003/2024(H5N1)	1084	1918
PB1|PP755595.1|A/cattle/Texas/24-008749-003/2024(H5N1)	1085	1912
PB1|PP755595.1|A/cattle/Texas/24-008749-003/2024(H5N1)	1086	1908
PB1|PP755595.1|A/cattle/Texas/24-008749-003/2024(H5N1)	1087	1902
PB1|PP755595.1|A/cattle/Texas/24-008749-003/2024(H5N1)	1088	1901
PB1|PP755595.1|A/cattle/Texas/24-008749-003/2024(H5N1)	1089	1900
PB1|PP755595.1|A/cattle/Texas/24-008749-003/2024(H5N1)	1090	1769
PB1|PP755595.1|A/cattle/Texas/24-008749-003/2024(H5N1)	1091	1769
PB1|PP755595.1|A/cattle/Texas/24-008749-003/2024(H5N1)	1092	1762
PB1|PP755595.1|A/cattle/Texas/24-008749-003/2024(H5N1)	1093	1804
PB1|PP755595.1|A/cattle/Texas/24-008749-003/2024(H5N1)	1094	1807
PB1|PP755595.1|A/cattle/Texas/24-008749-003/2024(H5N1)	1095	1820
PB1|PP755595.1|A/cattle/Texas/24-008749-003/2024(H5N1)	1096	2097
PB1|PP755595.1|A/cattle/Texas/24-008749-003/2024(H5N1)	1097	2219
PB1|PP755595.1|A/cattle/Texas/24-008749-003/2024(H5N1)	1098	2250
PB1|PP755595.1|A/cattle/Texas/24-008749-003/2024(H5N1)	1099	2297
PB1|PP755595.1|A/cattle/Texas/24-008749-003/2024(H5N1)	1100	2367
PB1|PP755595.1|A/cattle/Texas/24-008749-003/2024(H5N1)	1101	2370
PB1|PP755595.1|A/cattle/Texas/24-008749-003/2024(H5N1)	1102	2355
PB1|PP755595.1|A/cattle/Texas/24-008749-003/2024(H5N1)	1103	2401
PB1|PP755595.1|A/cattle/Texas/24-008749-003/2024(H5N1)	1104	2393
PB1|PP755595.1|A/cattle/Texas/24-008749-003/2024(H5N1)	1105	2393
PB1|PP755595.1|A/cattle/Texas/24-008749-003/2024(H5N1)	1106	2341
PB1|PP755595.1|A/cattle/Texas/24-008749-003/2024(H5N1)	1107	2295
PB1|PP755595.1|A/cattle/Texas/24-008749-003/2024(H5N1)	1108	2339
PB1|PP755595.1|A/cattle/Texas/24-008749-003/2024(H5N1)	1109	2340
PB1|PP755595.1|A/cattle/Texas/24-008749-003/2024(H5N1)	1110	2340
PB1|PP755595.1|A/cattle/Texas/24-008749-003/2024(H5N1)	1111	2340
PB1|PP755595.1|A/cattle/Texas/24-008749-003/2024(H5N1)	1112	2343
PB1|PP755595.1|A/cattle/Texas/24-008749-003/2024(H5N1)	1113	2306
PB1|PP755595.1|A/cattle/Texas/24-008749-003/2024(H5N1)	1114	2273
PB1|PP755595.1|A/cattle/Texas/24-008749-003/2024(H5N1)	1115	2249
PB1|PP755595.1|A/cattle/Texas/24-008749-003/2024(H5N1)	1116	2244
PB1|PP755595.1|A/cattle/Texas/24-008749-003/2024(H5N1)	1117	2199
PB1|PP755595.1|A/cattle/Texas/24-008749-003/2024(H5N1)	1118	2194
PB1|PP755595.1|A/cattle/Texas/24-008749-003/2024(H5N1)	1119	1773
PB1|PP755595.1|A/cattle/Texas/24-008749-003/2024(H5N1)	1120	1773
PB1|PP755595.1|A/cattle/Texas/24-008749-003/2024(H5N1)	1121	1773
PB1|PP755595.1|A/cattle/Texas/24-008749-003/2024(H5N1)	1122	1772
PB1|PP755595.1|A/cattle/Texas/24-008749-003/2024(H5N1)	1123	1772
PB1|PP755595.1|A/cattle/Texas/24-008749-003/2024(H5N1)	1124	1772
PB1|PP755595.1|A/cattle/Texas/24-008749-003/2024(H5N1)	1125	1772
PB1|PP755595.1|A/cattle/Texas/24-008749-003/2024(H5N1)	1126	1772
PB1|PP755595.1|A/cattle/Texas/24-008749-003/2024(H5N1)	1127	1773
PB1|PP755595.1|A/cattle/Texas/24-008749-003/2024(H5N1)	1128	1773
PB1|PP755595.1|A/cattle/Texas/24-008749-003/2024(H5N1)	1129	1773
PB1|PP755595.1|A/cattle/Texas/24-008749-003/2024(H5N1)	1130	1773
PB1|PP755595.1|A/cattle/Texas/24-008749-003/2024(H5N1)	1131	1773
PB1|PP755595.1|A/cattle/Texas/24-008749-003/2024(H5N1)	1132	1773
PB1|PP755595.1|A/cattle/Texas/24-008749-003/2024(H5N1)	1133	1774
PB1|PP755595.1|A/cattle/Texas/24-008749-003/2024(H5N1)	1134	1774
PB1|PP755595.1|A/cattle/Texas/24-008749-003/2024(H5N1)	1135	2656
PB1|PP755595.1|A/cattle/Texas/24-008749-003/2024(H5N1)	1136	2659
PB1|PP755595.1|A/cattle/Texas/24-008749-003/2024(H5N1)	1137	2672
PB1|PP755595.1|A/cattle/Texas/24-008749-003/2024(H5N1)	1138	2689
PB1|PP755595.1|A/cattle/Texas/24-008749-003/2024(H5N1)	1139	2712
PB1|PP755595.1|A/cattle/Texas/24-008749-003/2024(H5N1)	1140	2731
PB1|PP755595.1|A/cattle/Texas/24-008749-003/2024(H5N1)	1141	2731
PB1|PP755595.1|A/cattle/Texas/24-008749-003/2024(H5N1)	1142	2736
PB1|PP755595.1|A/cattle/Texas/24-008749-003/2024(H5N1)	1143	2757
PB1|PP755595.1|A/cattle/Texas/24-008749-003/2024(H5N1)	1144	2758
PB1|PP755595.1|A/cattle/Texas/24-008749-003/2024(H5N1)	1145	2780
PB1|PP755595.1|A/cattle/Texas/24-008749-003/2024(H5N1)	1146	2786
PB1|PP755595.1|A/cattle/Texas/24-008749-003/2024(H5N1)	1147	2806
PB1|PP755595.1|A/cattle/Texas/24-008749-003/2024(H5N1)	1148	2809
PB1|PP755595.1|A/cattle/Texas/24-008749-003/2024(H5N1)	1149	2820
PB1|PP755595.1|A/cattle/Texas/24-008749-003/2024(H5N1)	1150	2823
PB1|PP755595.1|A/cattle/Texas/24-008749-003/2024(H5N1)	1151	2858
PB1|PP755595.1|A/cattle/Texas/24-008749-003/2024(H5N1)	1152	2865
PB1|PP755595.1|A/cattle/Texas/24-008749-003/2024(H5N1)	1153	2869
PB1|PP755595.1|A/cattle/Texas/24-008749-003/2024(H5N1)	1154	2881
PB1|PP755595.1|A/cattle/Texas/24-008749-003/2024(H5N1)	1155	2875
PB1|PP755595.1|A/cattle/Texas/24-008749-003/2024(H5N1)	1156	2868
PB1|PP755595.1|A/cattle/Texas/24-008749-003/2024(H5N1)	1157	2794
PB1|PP755595.1|A/cattle/Texas/24-008749-003/2024(H5N1)	1158	2845
PB1|PP755595.1|A/cattle/Texas/24-008749-003/2024(H5N1)	1159	2859
PB1|PP755595.1|A/cattle/Texas/24-008749-003/2024(H5N1)	1160	2860
PB1|PP755595.1|A/cattle/Texas/24-008749-003/2024(H5N1)	1161	2862
PB1|PP755595.1|A/cattle/Texas/24-008749-003/2024(H5N1)	1162	2884
PB1|PP755595.1|A/cattle/Texas/24-008749-003/2024(H5N1)	1163	2889
PB1|PP755595.1|A/cattle/Texas/24-008749-003/2024(H5N1)	1164	2818
PB1|PP755595.1|A/cattle/Texas/24-008749-003/2024(H5N1)	1165	2817
PB1|PP755595.1|A/cattle/Texas/24-008749-003/2024(H5N1)	1166	2815
PB1|PP755595.1|A/cattle/Texas/24-008749-003/2024(H5N1)	1167	2504
PB1|PP755595.1|A/cattle/Texas/24-008749-003/2024(H5N1)	1168	2504
PB1|PP755595.1|A/cattle/Texas/24-008749-003/2024(H5N1)	1169	2504
PB1|PP755595.1|A/cattle/Texas/24-008749-003/2024(H5N1)	1170	2501
PB1|PP755595.1|A/cattle/Texas/24-008749-003/2024(H5N1)	1171	2509
PB1|PP755595.1|A/cattle/Texas/24-008749-003/2024(H5N1)	1172	2536
PB1|PP755595.1|A/cattle/Texas/24-008749-003/2024(H5N1)	1173	2560
PB1|PP755595.1|A/cattle/Texas/24-008749-003/2024(H5N1)	1174	2635
PB1|PP755595.1|A/cattle/Texas/24-008749-003/2024(H5N1)	1175	2635
PB1|PP755595.1|A/cattle/Texas/24-008749-003/2024(H5N1)	1176	2640
PB1|PP755595.1|A/cattle/Texas/24-008749-003/2024(H5N1)	1177	2640
PB1|PP755595.1|A/cattle/Texas/24-008749-003/2024(H5N1)	1178	2693
PB1|PP755595.1|A/cattle/Texas/24-008749-003/2024(H5N1)	1179	2707
PB1|PP755595.1|A/cattle/Texas/24-008749-003/2024(H5N1)	1180	2801
PB1|PP755595.1|A/cattle/Texas/24-008749-003/2024(H5N1)	1181	2822
PB1|PP755595.1|A/cattle/Texas/24-008749-003/2024(H5N1)	1182	2824
PB1|PP755595.1|A/cattle/Texas/24-008749-003/2024(H5N1)	1183	2994
PB1|PP755595.1|A/cattle/Texas/24-008749-003/2024(H5N1)	1184	3003
PB1|PP755595.1|A/cattle/Texas/24-008749-003/2024(H5N1)	1185	3059
PB1|PP755595.1|A/cattle/Texas/24-008749-003/2024(H5N1)	1186	3106
PB1|PP755595.1|A/cattle/Texas/24-008749-003/2024(H5N1)	1187	3107
PB1|PP755595.1|A/cattle/Texas/24-008749-003/2024(H5N1)	1188	3123
PB1|PP755595.1|A/cattle/Texas/24-008749-003/2024(H5N1)	1189	3133
PB1|PP755595.1|A/cattle/Texas/24-008749-003/2024(H5N1)	1190	3137
PB1|PP755595.1|A/cattle/Texas/24-008749-003/2024(H5N1)	1191	3183
PB1|PP755595.1|A/cattle/Texas/24-008749-003/2024(H5N1)	1192	3183
PB1|PP755595.1|A/cattle/Texas/24-008749-003/2024(H5N1)	1193	3130
PB1|PP755595.1|A/cattle/Texas/24-008749-003/2024(H5N1)	1194	3120
PB1|PP755595.1|A/cattle/Texas/24-008749-003/2024(H5N1)	1195	3110
PB1|PP755595.1|A/cattle/Texas/24-008749-003/2024(H5N1)	1196	3110
PB1|PP755595.1|A/cattle/Texas/24-008749-003/2024(H5N1)	1197	2994
PB1|PP755595.1|A/cattle/Texas/24-008749-003/2024(H5N1)	1198	2994
PB1|PP755595.1|A/cattle/Texas/24-008749-003/2024(H5N1)	1199	3003
PB1|PP755595.1|A/cattle/Texas/24-008749-003/2024(H5N1)	1200	3006
PB1|PP755595.1|A/cattle/Texas/24-008749-003/2024(H5N1)	1201	3341
PB1|PP755595.1|A/cattle/Texas/24-008749-003/2024(H5N1)	1202	3361
PB1|PP755595.1|A/cattle/Texas/24-008749-003/2024(H5N1)	1203	3390
PB1|PP755595.1|A/cattle/Texas/24-008749-003/2024(H5N1)	1204	3394
PB1|PP755595.1|A/cattle/Texas/24-008749-003/2024(H5N1)	1205	3446
PB1|PP755595.1|A/cattle/Texas/24-008749-003/2024(H5N1)	1206	3463
PB1|PP755595.1|A/cattle/Texas/24-008749-003/2024(H5N1)	1207	3485
PB1|PP755595.1|A/cattle/Texas/24-008749-003/2024(H5N1)	1208	3481
PB1|PP755595.1|A/cattle/Texas/24-008749-003/2024(H5N1)	1209	3221
PB1|PP755595.1|A/cattle/Texas/24-008749-003/2024(H5N1)	1210	3221
PB1|PP755595.1|A/cattle/Texas/24-008749-003/2024(H5N1)	1211	3390
PB1|PP755595.1|A/cattle/Texas/24-008749-003/2024(H5N1)	1212	3415
PB1|PP755595.1|A/cattle/Texas/24-008749-003/2024(H5N1)	1213	3446
PB1|PP755595.1|A/cattle/Texas/24-008749-003/2024(H5N1)	1214	3460
PB1|PP755595.1|A/cattle/Texas/24-008749-003/2024(H5N1)	1215	3466
PB1|PP755595.1|A/cattle/Texas/24-008749-003/2024(H5N1)	1216	3493
PB1|PP755595.1|A/cattle/Texas/24-008749-003/2024(H5N1)	1217	3513
PB1|PP755595.1|A/cattle/Texas/24-008749-003/2024(H5N1)	1218	3516
PB1|PP755595.1|A/cattle/Texas/24-008749-003/2024(H5N1)	1219	3523
PB1|PP755595.1|A/cattle/Texas/24-008749-003/2024(H5N1)	1220	3473
PB1|PP755595.1|A/cattle/Texas/24-008749-003/2024(H5N1)	1221	3502
PB1|PP755595.1|A/cattle/Texas/24-008749-003/2024(H5N1)	1222	3543
PB1|PP755595.1|A/cattle/Texas/24-008749-003/2024(H5N1)	1223	3555
PB1|PP755595.1|A/cattle/Texas/24-008749-003/2024(H5N1)	1224	3555
PB1|PP755595.1|A/cattle/Texas/24-008749-003/2024(H5N1)	1225	3540
PB1|PP755595.1|A/cattle/Texas/24-008749-003/2024(H5N1)	1226	3530
PB1|PP755595.1|A/cattle/Texas/24-008749-003/2024(H5N1)	1227	3528
PB1|PP755595.1|A/cattle/Texas/24-008749-003/2024(H5N1)	1228	3571
PB1|PP755595.1|A/cattle/Texas/24-008749-003/2024(H5N1)	1229	3583
PB1|PP755595.1|A/cattle/Texas/24-008749-003/2024(H5N1)	1230	3579
PB1|PP755595.1|A/cattle/Texas/24-008749-003/2024(H5N1)	1231	3584
PB1|PP755595.1|A/cattle/Texas/24-008749-003/2024(H5N1)	1232	3568
PB1|PP755595.1|A/cattle/Texas/24-008749-003/2024(H5N1)	1233	3623
PB1|PP755595.1|A/cattle/Texas/24-008749-003/2024(H5N1)	1234	3644
PB1|PP755595.1|A/cattle/Texas/24-008749-003/2024(H5N1)	1235	3697
PB1|PP755595.1|A/cattle/Texas/24-008749-003/2024(H5N1)	1236	3701
PB1|PP755595.1|A/cattle/Texas/24-008749-003/2024(H5N1)	1237	3656
PB1|PP755595.1|A/cattle/Texas/24-008749-003/2024(H5N1)	1238	3656
PB1|PP755595.1|A/cattle/Texas/24-008749-003/2024(H5N1)	1239	3642
PB1|PP755595.1|A/cattle/Texas/24-008749-003/2024(H5N1)	1240	3632
PB1|PP755595.1|A/cattle/Texas/24-008749-003/2024(H5N1)	1241	3630
PB1|PP755595.1|A/cattle/Texas/24-008749-003/2024(H5N1)	1242	3650
PB1|PP755595.1|A/cattle/Texas/24-008749-003/2024(H5N1)	1243	3730
PB1|PP755595.1|A/cattle/Texas/24-008749-003/2024(H5N1)	1244	3672
PB1|PP755595.1|A/cattle/Texas/24-008749-003/2024(H5N1)	1245	3720
PB1|PP755595.1|A/cattle/Texas/24-008749-003/2024(H5N1)	1246	3752
PB1|PP755595.1|A/cattle/Texas/24-008749-003/2024(H5N1)	1247	3908
PB1|PP755595.1|A/cattle/Texas/24-008749-003/2024(H5N1)	1248	3789
PB1|PP755595.1|A/cattle/Texas/24-008749-003/2024(H5N1)	1249	3755
PB1|PP755595.1|A/cattle/Texas/24-008749-003/2024(H5N1)	1250	3715
PB1|PP755595.1|A/cattle/Texas/24-008749-003/2024(H5N1)	1251	3632
PB1|PP755595.1|A/cattle/Texas/24-008749-003/2024(H5N1)	1252	3624
PB1|PP755595.1|A/cattle/Texas/24-008749-003/2024(H5N1)	1253	3621
PB1|PP755595.1|A/cattle/Texas/24-008749-003/2024(H5N1)	1254	2876
PB1|PP755595.1|A/cattle/Texas/24-008749-003/2024(H5N1)	1255	2871
PB1|PP755595.1|A/cattle/Texas/24-008749-003/2024(H5N1)	1256	2978
PB1|PP755595.1|A/cattle/Texas/24-008749-003/2024(H5N1)	1257	2979
PB1|PP755595.1|A/cattle/Texas/24-008749-003/2024(H5N1)	1258	3596
PB1|PP755595.1|A/cattle/Texas/24-008749-003/2024(H5N1)	1259	3619
PB1|PP755595.1|A/cattle/Texas/24-008749-003/2024(H5N1)	1260	3619
PB1|PP755595.1|A/cattle/Texas/24-008749-003/2024(H5N1)	1261	3630
PB1|PP755595.1|A/cattle/Texas/24-008749-003/2024(H5N1)	1262	3641
PB1|PP755595.1|A/cattle/Texas/24-008749-003/2024(H5N1)	1263	3642
PB1|PP755595.1|A/cattle/Texas/24-008749-003/2024(H5N1)	1264	3697
PB1|PP755595.1|A/cattle/Texas/24-008749-003/2024(H5N1)	1265	3688
PB1|PP755595.1|A/cattle/Texas/24-008749-003/2024(H5N1)	1266	3687
PB1|PP755595.1|A/cattle/Texas/24-008749-003/2024(H5N1)	1267	3702
PB1|PP755595.1|A/cattle/Texas/24-008749-003/2024(H5N1)	1268	3711
PB1|PP755595.1|A/cattle/Texas/24-008749-003/2024(H5N1)	1269	3735
PB1|PP755595.1|A/cattle/Texas/24-008749-003/2024(H5N1)	1270	3755
PB1|PP755595.1|A/cattle/Texas/24-008749-003/2024(H5N1)	1271	3756
PB1|PP755595.1|A/cattle/Texas/24-008749-003/2024(H5N1)	1272	3764
PB1|PP755595.1|A/cattle/Texas/24-008749-003/2024(H5N1)	1273	3766
PB1|PP755595.1|A/cattle/Texas/24-008749-003/2024(H5N1)	1274	3813
PB1|PP755595.1|A/cattle/Texas/24-008749-003/2024(H5N1)	1275	3810
PB1|PP755595.1|A/cattle/Texas/24-008749-003/2024(H5N1)	1276	3710
PB1|PP755595.1|A/cattle/Texas/24-008749-003/2024(H5N1)	1277	3699
PB1|PP755595.1|A/cattle/Texas/24-008749-003/2024(H5N1)	1278	3673
PB1|PP755595.1|A/cattle/Texas/24-008749-003/2024(H5N1)	1279	3686
PB1|PP755595.1|A/cattle/Texas/24-008749-003/2024(H5N1)	1280	3764
PB1|PP755595.1|A/cattle/Texas/24-008749-003/2024(H5N1)	1281	3748
PB1|PP755595.1|A/cattle/Texas/24-008749-003/2024(H5N1)	1282	3735
PB1|PP755595.1|A/cattle/Texas/24-008749-003/2024(H5N1)	1283	3736
PB1|PP755595.1|A/cattle/Texas/24-008749-003/2024(H5N1)	1284	3743
PB1|PP755595.1|A/cattle/Texas/24-008749-003/2024(H5N1)	1285	3750
PB1|PP755595.1|A/cattle/Texas/24-008749-003/2024(H5N1)	1286	3736
PB1|PP755595.1|A/cattle/Texas/24-008749-003/2024(H5N1)	1287	3777
PB1|PP755595.1|A/cattle/Texas/24-008749-003/2024(H5N1)	1288	3776
PB1|PP755595.1|A/cattle/Texas/24-008749-003/2024(H5N1)	1289	3761
PB1|PP755595.1|A/cattle/Texas/24-008749-003/2024(H5N1)	1290	3753
PB1|PP755595.1|A/cattle/Texas/24-008749-003/2024(H5N1)	1291	3752
PB1|PP755595.1|A/cattle/Texas/24-008749-003/2024(H5N1)	1292	3752
PB1|PP755595.1|A/cattle/Texas/24-008749-003/2024(H5N1)	1293	3807
PB1|PP755595.1|A/cattle/Texas/24-008749-003/2024(H5N1)	1294	3794
PB1|PP755595.1|A/cattle/Texas/24-008749-003/2024(H5N1)	1295	3813
PB1|PP755595.1|A/cattle/Texas/24-008749-003/2024(H5N1)	1296	3790
PB1|PP755595.1|A/cattle/Texas/24-008749-003/2024(H5N1)	1297	3785
PB1|PP755595.1|A/cattle/Texas/24-008749-003/2024(H5N1)	1298	3780
PB1|PP755595.1|A/cattle/Texas/24-008749-003/2024(H5N1)	1299	3772
PB1|PP755595.1|A/cattle/Texas/24-008749-003/2024(H5N1)	1300	3897
PB1|PP755595.1|A/cattle/Texas/24-008749-003/2024(H5N1)	1301	3999
PB1|PP755595.1|A/cattle/Texas/24-008749-003/2024(H5N1)	1302	3947
PB1|PP755595.1|A/cattle/Texas/24-008749-003/2024(H5N1)	1303	3963
PB1|PP755595.1|A/cattle/Texas/24-008749-003/2024(H5N1)	1304	3951
PB1|PP755595.1|A/cattle/Texas/24-008749-003/2024(H5N1)	1305	3979
PB1|PP755595.1|A/cattle/Texas/24-008749-003/2024(H5N1)	1306	4033
PB1|PP755595.1|A/cattle/Texas/24-008749-003/2024(H5N1)	1307	4028
PB1|PP755595.1|A/cattle/Texas/24-008749-003/2024(H5N1)	1308	4092
PB1|PP755595.1|A/cattle/Texas/24-008749-003/2024(H5N1)	1309	3976
PB1|PP755595.1|A/cattle/Texas/24-008749-003/2024(H5N1)	1310	4003
PB1|PP755595.1|A/cattle/Texas/24-008749-003/2024(H5N1)	1311	4020
PB1|PP755595.1|A/cattle/Texas/24-008749-003/2024(H5N1)	1312	3994
PB1|PP755595.1|A/cattle/Texas/24-008749-003/2024(H5N1)	1313	4018
PB1|PP755595.1|A/cattle/Texas/24-008749-003/2024(H5N1)	1314	4011
PB1|PP755595.1|A/cattle/Texas/24-008749-003/2024(H5N1)	1315	4010
PB1|PP755595.1|A/cattle/Texas/24-008749-003/2024(H5N1)	1316	4066
PB1|PP755595.1|A/cattle/Texas/24-008749-003/2024(H5N1)	1317	4009
PB1|PP755595.1|A/cattle/Texas/24-008749-003/2024(H5N1)	1318	4026
PB1|PP755595.1|A/cattle/Texas/24-008749-003/2024(H5N1)	1319	3995
PB1|PP755595.1|A/cattle/Texas/24-008749-003/2024(H5N1)	1320	3993
PB1|PP755595.1|A/cattle/Texas/24-008749-003/2024(H5N1)	1321	4112
PB1|PP755595.1|A/cattle/Texas/24-008749-003/2024(H5N1)	1322	4091
PB1|PP755595.1|A/cattle/Texas/24-008749-003/2024(H5N1)	1323	4068
PB1|PP755595.1|A/cattle/Texas/24-008749-003/2024(H5N1)	1324	4073
PB1|PP755595.1|A/cattle/Texas/24-008749-003/2024(H5N1)	1325	4074
PB1|PP755595.1|A/cattle/Texas/24-008749-003/2024(H5N1)	1326	4092
PB1|PP755595.1|A/cattle/Texas/24-008749-003/2024(H5N1)	1327	4084
PB1|PP755595.1|A/cattle/Texas/24-008749-003/2024(H5N1)	1328	4048
PB1|PP755595.1|A/cattle/Texas/24-008749-003/2024(H5N1)	1329	4027
PB1|PP755595.1|A/cattle/Texas/24-008749-003/2024(H5N1)	1330	3909
PB1|PP755595.1|A/cattle/Texas/24-008749-003/2024(H5N1)	1331	3787
PB1|PP755595.1|A/cattle/Texas/24-008749-003/2024(H5N1)	1332	3766
PB1|PP755595.1|A/cattle/Texas/24-008749-003/2024(H5N1)	1333	3764
PB1|PP755595.1|A/cattle/Texas/24-008749-003/2024(H5N1)	1334	3764
PB1|PP755595.1|A/cattle/Texas/24-008749-003/2024(H5N1)	1335	3757
PB1|PP755595.1|A/cattle/Texas/24-008749-003/2024(H5N1)	1336	3714
PB1|PP755595.1|A/cattle/Texas/24-008749-003/2024(H5N1)	1337	3655
PB1|PP755595.1|A/cattle/Texas/24-008749-003/2024(H5N1)	1338	2947
PB1|PP755595.1|A/cattle/Texas/24-008749-003/2024(H5N1)	1339	2935
PB1|PP755595.1|A/cattle/Texas/24-008749-003/2024(H5N1)	1340	2926
PB1|PP755595.1|A/cattle/Texas/24-008749-003/2024(H5N1)	1341	2886
PB1|PP755595.1|A/cattle/Texas/24-008749-003/2024(H5N1)	1342	2886
PB1|PP755595.1|A/cattle/Texas/24-008749-003/2024(H5N1)	1343	2885
PB1|PP755595.1|A/cattle/Texas/24-008749-003/2024(H5N1)	1344	2884
PB1|PP755595.1|A/cattle/Texas/24-008749-003/2024(H5N1)	1345	2912
PB1|PP755595.1|A/cattle/Texas/24-008749-003/2024(H5N1)	1346	2912
PB1|PP755595.1|A/cattle/Texas/24-008749-003/2024(H5N1)	1347	3001
PB1|PP755595.1|A/cattle/Texas/24-008749-003/2024(H5N1)	1348	3002
PB1|PP755595.1|A/cattle/Texas/24-008749-003/2024(H5N1)	1349	3001
PB1|PP755595.1|A/cattle/Texas/24-008749-003/2024(H5N1)	1350	2995
PB1|PP755595.1|A/cattle/Texas/24-008749-003/2024(H5N1)	1351	3048
PB1|PP755595.1|A/cattle/Texas/24-008749-003/2024(H5N1)	1352	3120
PB1|PP755595.1|A/cattle/Texas/24-008749-003/2024(H5N1)	1353	3120
PB1|PP755595.1|A/cattle/Texas/24-008749-003/2024(H5N1)	1354	3135
PB1|PP755595.1|A/cattle/Texas/24-008749-003/2024(H5N1)	1355	3137
PB1|PP755595.1|A/cattle/Texas/24-008749-003/2024(H5N1)	1356	3142
PB1|PP755595.1|A/cattle/Texas/24-008749-003/2024(H5N1)	1357	3165
PB1|PP755595.1|A/cattle/Texas/24-008749-003/2024(H5N1)	1358	3166
PB1|PP755595.1|A/cattle/Texas/24-008749-003/2024(H5N1)	1359	3158
PB1|PP755595.1|A/cattle/Texas/24-008749-003/2024(H5N1)	1360	3162
PB1|PP755595.1|A/cattle/Texas/24-008749-003/2024(H5N1)	1361	3161
PB1|PP755595.1|A/cattle/Texas/24-008749-003/2024(H5N1)	1362	3168
PB1|PP755595.1|A/cattle/Texas/24-008749-003/2024(H5N1)	1363	3494
PB1|PP755595.1|A/cattle/Texas/24-008749-003/2024(H5N1)	1364	3507
PB1|PP755595.1|A/cattle/Texas/24-008749-003/2024(H5N1)	1365	3543
PB1|PP755595.1|A/cattle/Texas/24-008749-003/2024(H5N1)	1366	3546
PB1|PP755595.1|A/cattle/Texas/24-008749-003/2024(H5N1)	1367	3547
PB1|PP755595.1|A/cattle/Texas/24-008749-003/2024(H5N1)	1368	3557
PB1|PP755595.1|A/cattle/Texas/24-008749-003/2024(H5N1)	1369	3559
PB1|PP755595.1|A/cattle/Texas/24-008749-003/2024(H5N1)	1370	3580
PB1|PP755595.1|A/cattle/Texas/24-008749-003/2024(H5N1)	1371	3591
PB1|PP755595.1|A/cattle/Texas/24-008749-003/2024(H5N1)	1372	3713
PB1|PP755595.1|A/cattle/Texas/24-008749-003/2024(H5N1)	1373	3744
PB1|PP755595.1|A/cattle/Texas/24-008749-003/2024(H5N1)	1374	3745
PB1|PP755595.1|A/cattle/Texas/24-008749-003/2024(H5N1)	1375	3924
PB1|PP755595.1|A/cattle/Texas/24-008749-003/2024(H5N1)	1376	3927
PB1|PP755595.1|A/cattle/Texas/24-008749-003/2024(H5N1)	1377	3932
PB1|PP755595.1|A/cattle/Texas/24-008749-003/2024(H5N1)	1378	3896
PB1|PP755595.1|A/cattle/Texas/24-008749-003/2024(H5N1)	1379	3913
PB1|PP755595.1|A/cattle/Texas/24-008749-003/2024(H5N1)	1380	3914
PB1|PP755595.1|A/cattle/Texas/24-008749-003/2024(H5N1)	1381	3908
PB1|PP755595.1|A/cattle/Texas/24-008749-003/2024(H5N1)	1382	3971
PB1|PP755595.1|A/cattle/Texas/24-008749-003/2024(H5N1)	1383	3953
PB1|PP755595.1|A/cattle/Texas/24-008749-003/2024(H5N1)	1384	4031
PB1|PP755595.1|A/cattle/Texas/24-008749-003/2024(H5N1)	1385	4034
PB1|PP755595.1|A/cattle/Texas/24-008749-003/2024(H5N1)	1386	3987
PB1|PP755595.1|A/cattle/Texas/24-008749-003/2024(H5N1)	1387	3978
PB1|PP755595.1|A/cattle/Texas/24-008749-003/2024(H5N1)	1388	3947
PB1|PP755595.1|A/cattle/Texas/24-008749-003/2024(H5N1)	1389	3457
PB1|PP755595.1|A/cattle/Texas/24-008749-003/2024(H5N1)	1390	3475
PB1|PP755595.1|A/cattle/Texas/24-008749-003/2024(H5N1)	1391	3445
PB1|PP755595.1|A/cattle/Texas/24-008749-003/2024(H5N1)	1392	3445
PB1|PP755595.1|A/cattle/Texas/24-008749-003/2024(H5N1)	1393	3459
PB1|PP755595.1|A/cattle/Texas/24-008749-003/2024(H5N1)	1394	3487
PB1|PP755595.1|A/cattle/Texas/24-008749-003/2024(H5N1)	1395	3807
PB1|PP755595.1|A/cattle/Texas/24-008749-003/2024(H5N1)	1396	4081
PB1|PP755595.1|A/cattle/Texas/24-008749-003/2024(H5N1)	1397	4081
PB1|PP755595.1|A/cattle/Texas/24-008749-003/2024(H5N1)	1398	4258
PB1|PP755595.1|A/cattle/Texas/24-008749-003/2024(H5N1)	1399	4259
PB1|PP755595.1|A/cattle/Texas/24-008749-003/2024(H5N1)	1400	4263
PB1|PP755595.1|A/cattle/Texas/24-008749-003/2024(H5N1)	1401	4255
PB1|PP755595.1|A/cattle/Texas/24-008749-003/2024(H5N1)	1402	4243
PB1|PP755595.1|A/cattle/Texas/24-008749-003/2024(H5N1)	1403	4005
PB1|PP755595.1|A/cattle/Texas/24-008749-003/2024(H5N1)	1404	3774
PB1|PP755595.1|A/cattle/Texas/24-008749-003/2024(H5N1)	1405	3782
PB1|PP755595.1|A/cattle/Texas/24-008749-003/2024(H5N1)	1406	3892
PB1|PP755595.1|A/cattle/Texas/24-008749-003/2024(H5N1)	1407	3768
PB1|PP755595.1|A/cattle/Texas/24-008749-003/2024(H5N1)	1408	3758
PB1|PP755595.1|A/cattle/Texas/24-008749-003/2024(H5N1)	1409	3783
PB1|PP755595.1|A/cattle/Texas/24-008749-003/2024(H5N1)	1410	3817
PB1|PP755595.1|A/cattle/Texas/24-008749-003/2024(H5N1)	1411	3818
PB1|PP755595.1|A/cattle/Texas/24-008749-003/2024(H5N1)	1412	3829
PB1|PP755595.1|A/cattle/Texas/24-008749-003/2024(H5N1)	1413	3820
PB1|PP755595.1|A/cattle/Texas/24-008749-003/2024(H5N1)	1414	3830
PB1|PP755595.1|A/cattle/Texas/24-008749-003/2024(H5N1)	1415	3766
PB1|PP755595.1|A/cattle/Texas/24-008749-003/2024(H5N1)	1416	3819
PB1|PP755595.1|A/cattle/Texas/24-008749-003/2024(H5N1)	1417	3821
PB1|PP755595.1|A/cattle/Texas/24-008749-003/2024(H5N1)	1418	3807
PB1|PP755595.1|A/cattle/Texas/24-008749-003/2024(H5N1)	1419	3770
PB1|PP755595.1|A/cattle/Texas/24-008749-003/2024(H5N1)	1420	3769
PB1|PP755595.1|A/cattle/Texas/24-008749-003/2024(H5N1)	1421	3929
PB1|PP755595.1|A/cattle/Texas/24-008749-003/2024(H5N1)	1422	3935
PB1|PP755595.1|A/cattle/Texas/24-008749-003/2024(H5N1)	1423	4110
PB1|PP755595.1|A/cattle/Texas/24-008749-003/2024(H5N1)	1424	4143
PB1|PP755595.1|A/cattle/Texas/24-008749-003/2024(H5N1)	1425	4116
PB1|PP755595.1|A/cattle/Texas/24-008749-003/2024(H5N1)	1426	4120
PB1|PP755595.1|A/cattle/Texas/24-008749-003/2024(H5N1)	1427	4167
PB1|PP755595.1|A/cattle/Texas/24-008749-003/2024(H5N1)	1428	4172
PB1|PP755595.1|A/cattle/Texas/24-008749-003/2024(H5N1)	1429	4214
PB1|PP755595.1|A/cattle/Texas/24-008749-003/2024(H5N1)	1430	4089
PB1|PP755595.1|A/cattle/Texas/24-008749-003/2024(H5N1)	1431	4096
PB1|PP755595.1|A/cattle/Texas/24-008749-003/2024(H5N1)	1432	4100
PB1|PP755595.1|A/cattle/Texas/24-008749-003/2024(H5N1)	1433	4108
PB1|PP755595.1|A/cattle/Texas/24-008749-003/2024(H5N1)	1434	4095
PB1|PP755595.1|A/cattle/Texas/24-008749-003/2024(H5N1)	1435	4163
PB1|PP755595.1|A/cattle/Texas/24-008749-003/2024(H5N1)	1436	4166
PB1|PP755595.1|A/cattle/Texas/24-008749-003/2024(H5N1)	1437	4172
PB1|PP755595.1|A/cattle/Texas/24-008749-003/2024(H5N1)	1438	4151
PB1|PP755595.1|A/cattle/Texas/24-008749-003/2024(H5N1)	1439	4143
PB1|PP755595.1|A/cattle/Texas/24-008749-003/2024(H5N1)	1440	4148
PB1|PP755595.1|A/cattle/Texas/24-008749-003/2024(H5N1)	1441	4172
PB1|PP755595.1|A/cattle/Texas/24-008749-003/2024(H5N1)	1442	4165
PB1|PP755595.1|A/cattle/Texas/24-008749-003/2024(H5N1)	1443	4279
PB1|PP755595.1|A/cattle/Texas/24-008749-003/2024(H5N1)	1444	4331
PB1|PP755595.1|A/cattle/Texas/24-008749-003/2024(H5N1)	1445	4319
PB1|PP755595.1|A/cattle/Texas/24-008749-003/2024(H5N1)	1446	4363
PB1|PP755595.1|A/cattle/Texas/24-008749-003/2024(H5N1)	1447	4376
PB1|PP755595.1|A/cattle/Texas/24-008749-003/2024(H5N1)	1448	4453
PB1|PP755595.1|A/cattle/Texas/24-008749-003/2024(H5N1)	1449	4452
PB1|PP755595.1|A/cattle/Texas/24-008749-003/2024(H5N1)	1450	4455
PB1|PP755595.1|A/cattle/Texas/24-008749-003/2024(H5N1)	1451	4383
PB1|PP755595.1|A/cattle/Texas/24-008749-003/2024(H5N1)	1452	4279
PB1|PP755595.1|A/cattle/Texas/24-008749-003/2024(H5N1)	1453	4288
PB1|PP755595.1|A/cattle/Texas/24-008749-003/2024(H5N1)	1454	4282
PB1|PP755595.1|A/cattle/Texas/24-008749-003/2024(H5N1)	1455	4265
PB1|PP755595.1|A/cattle/Texas/24-008749-003/2024(H5N1)	1456	4243
PB1|PP755595.1|A/cattle/Texas/24-008749-003/2024(H5N1)	1457	4201
PB1|PP755595.1|A/cattle/Texas/24-008749-003/2024(H5N1)	1458	4238
PB1|PP755595.1|A/cattle/Texas/24-008749-003/2024(H5N1)	1459	4233
PB1|PP755595.1|A/cattle/Texas/24-008749-003/2024(H5N1)	1460	4211
PB1|PP755595.1|A/cattle/Texas/24-008749-003/2024(H5N1)	1461	4200
PB1|PP755595.1|A/cattle/Texas/24-008749-003/2024(H5N1)	1462	4203
PB1|PP755595.1|A/cattle/Texas/24-008749-003/2024(H5N1)	1463	4249
PB1|PP755595.1|A/cattle/Texas/24-008749-003/2024(H5N1)	1464	4245
PB1|PP755595.1|A/cattle/Texas/24-008749-003/2024(H5N1)	1465	4309
PB1|PP755595.1|A/cattle/Texas/24-008749-003/2024(H5N1)	1466	4322
PB1|PP755595.1|A/cattle/Texas/24-008749-003/2024(H5N1)	1467	4270
PB1|PP755595.1|A/cattle/Texas/24-008749-003/2024(H5N1)	1468	4290
PB1|PP755595.1|A/cattle/Texas/24-008749-003/2024(H5N1)	1469	4277
PB1|PP755595.1|A/cattle/Texas/24-008749-003/2024(H5N1)	1470	4267
PB1|PP755595.1|A/cattle/Texas/24-008749-003/2024(H5N1)	1471	4262
PB1|PP755595.1|A/cattle/Texas/24-008749-003/2024(H5N1)	1472	4183
PB1|PP755595.1|A/cattle/Texas/24-008749-003/2024(H5N1)	1473	4187
PB1|PP755595.1|A/cattle/Texas/24-008749-003/2024(H5N1)	1474	4265
PB1|PP755595.1|A/cattle/Texas/24-008749-003/2024(H5N1)	1475	4249
PB1|PP755595.1|A/cattle/Texas/24-008749-003/2024(H5N1)	1476	4257
PB1|PP755595.1|A/cattle/Texas/24-008749-003/2024(H5N1)	1477	4244
PB1|PP755595.1|A/cattle/Texas/24-008749-003/2024(H5N1)	1478	4269
PB1|PP755595.1|A/cattle/Texas/24-008749-003/2024(H5N1)	1479	4269
PB1|PP755595.1|A/cattle/Texas/24-008749-003/2024(H5N1)	1480	4305
PB1|PP755595.1|A/cattle/Texas/24-008749-003/2024(H5N1)	1481	4304
PB1|PP755595.1|A/cattle/Texas/24-008749-003/2024(H5N1)	1482	4320
PB1|PP755595.1|A/cattle/Texas/24-008749-003/2024(H5N1)	1483	4328
PB1|PP755595.1|A/cattle/Texas/24-008749-003/2024(H5N1)	1484	4326
PB1|PP755595.1|A/cattle/Texas/24-008749-003/2024(H5N1)	1485	4325
PB1|PP755595.1|A/cattle/Texas/24-008749-003/2024(H5N1)	1486	4352
PB1|PP755595.1|A/cattle/Texas/24-008749-003/2024(H5N1)	1487	4336
PB1|PP755595.1|A/cattle/Texas/24-008749-003/2024(H5N1)	1488	4382
PB1|PP755595.1|A/cattle/Texas/24-008749-003/2024(H5N1)	1489	4361
PB1|PP755595.1|A/cattle/Texas/24-008749-003/2024(H5N1)	1490	4348
PB1|PP755595.1|A/cattle/Texas/24-008749-003/2024(H5N1)	1491	4367
PB1|PP755595.1|A/cattle/Texas/24-008749-003/2024(H5N1)	1492	4383
PB1|PP755595.1|A/cattle/Texas/24-008749-003/2024(H5N1)	1493	4404
PB1|PP755595.1|A/cattle/Texas/24-008749-003/2024(H5N1)	1494	4426
PB1|PP755595.1|A/cattle/Texas/24-008749-003/2024(H5N1)	1495	4427
PB1|PP755595.1|A/cattle/Texas/24-008749-003/2024(H5N1)	1496	4432
PB1|PP755595.1|A/cattle/Texas/24-008749-003/2024(H5N1)	1497	4432
PB1|PP755595.1|A/cattle/Texas/24-008749-003/2024(H5N1)	1498	4354
PB1|PP755595.1|A/cattle/Texas/24-008749-003/2024(H5N1)	1499	4458
PB1|PP755595.1|A/cattle/Texas/24-008749-003/2024(H5N1)	1500	4454
PB1|PP755595.1|A/cattle/Texas/24-008749-003/2024(H5N1)	1501	4441
PB1|PP755595.1|A/cattle/Texas/24-008749-003/2024(H5N1)	1502	4370
PB1|PP755595.1|A/cattle/Texas/24-008749-003/2024(H5N1)	1503	4326
PB1|PP755595.1|A/cattle/Texas/24-008749-003/2024(H5N1)	1504	4322
PB1|PP755595.1|A/cattle/Texas/24-008749-003/2024(H5N1)	1505	4305
PB1|PP755595.1|A/cattle/Texas/24-008749-003/2024(H5N1)	1506	3769
PB1|PP755595.1|A/cattle/Texas/24-008749-003/2024(H5N1)	1507	3779
PB1|PP755595.1|A/cattle/Texas/24-008749-003/2024(H5N1)	1508	3739
PB1|PP755595.1|A/cattle/Texas/24-008749-003/2024(H5N1)	1509	3729
PB1|PP755595.1|A/cattle/Texas/24-008749-003/2024(H5N1)	1510	3748
PB1|PP755595.1|A/cattle/Texas/24-008749-003/2024(H5N1)	1511	3756
PB1|PP755595.1|A/cattle/Texas/24-008749-003/2024(H5N1)	1512	3955
PB1|PP755595.1|A/cattle/Texas/24-008749-003/2024(H5N1)	1513	4019
PB1|PP755595.1|A/cattle/Texas/24-008749-003/2024(H5N1)	1514	4042
PB1|PP755595.1|A/cattle/Texas/24-008749-003/2024(H5N1)	1515	4050
PB1|PP755595.1|A/cattle/Texas/24-008749-003/2024(H5N1)	1516	4051
PB1|PP755595.1|A/cattle/Texas/24-008749-003/2024(H5N1)	1517	4266
PB1|PP755595.1|A/cattle/Texas/24-008749-003/2024(H5N1)	1518	4363
PB1|PP755595.1|A/cattle/Texas/24-008749-003/2024(H5N1)	1519	4375
PB1|PP755595.1|A/cattle/Texas/24-008749-003/2024(H5N1)	1520	4379
PB1|PP755595.1|A/cattle/Texas/24-008749-003/2024(H5N1)	1521	4380
PB1|PP755595.1|A/cattle/Texas/24-008749-003/2024(H5N1)	1522	4464
PB1|PP755595.1|A/cattle/Texas/24-008749-003/2024(H5N1)	1523	4418
PB1|PP755595.1|A/cattle/Texas/24-008749-003/2024(H5N1)	1524	4387
PB1|PP755595.1|A/cattle/Texas/24-008749-003/2024(H5N1)	1525	4520
PB1|PP755595.1|A/cattle/Texas/24-008749-003/2024(H5N1)	1526	4530
PB1|PP755595.1|A/cattle/Texas/24-008749-003/2024(H5N1)	1527	4587
PB1|PP755595.1|A/cattle/Texas/24-008749-003/2024(H5N1)	1528	4643
PB1|PP755595.1|A/cattle/Texas/24-008749-003/2024(H5N1)	1529	4657
PB1|PP755595.1|A/cattle/Texas/24-008749-003/2024(H5N1)	1530	4656
PB1|PP755595.1|A/cattle/Texas/24-008749-003/2024(H5N1)	1531	4552
PB1|PP755595.1|A/cattle/Texas/24-008749-003/2024(H5N1)	1532	4731
PB1|PP755595.1|A/cattle/Texas/24-008749-003/2024(H5N1)	1533	4610
PB1|PP755595.1|A/cattle/Texas/24-008749-003/2024(H5N1)	1534	4609
PB1|PP755595.1|A/cattle/Texas/24-008749-003/2024(H5N1)	1535	4608
PB1|PP755595.1|A/cattle/Texas/24-008749-003/2024(H5N1)	1536	4553
PB1|PP755595.1|A/cattle/Texas/24-008749-003/2024(H5N1)	1537	4553
PB1|PP755595.1|A/cattle/Texas/24-008749-003/2024(H5N1)	1538	4510
PB1|PP755595.1|A/cattle/Texas/24-008749-003/2024(H5N1)	1539	4580
PB1|PP755595.1|A/cattle/Texas/24-008749-003/2024(H5N1)	1540	4539
PB1|PP755595.1|A/cattle/Texas/24-008749-003/2024(H5N1)	1541	4490
PB1|PP755595.1|A/cattle/Texas/24-008749-003/2024(H5N1)	1542	4501
PB1|PP755595.1|A/cattle/Texas/24-008749-003/2024(H5N1)	1543	4521
PB1|PP755595.1|A/cattle/Texas/24-008749-003/2024(H5N1)	1544	4219
PB1|PP755595.1|A/cattle/Texas/24-008749-003/2024(H5N1)	1545	4209
PB1|PP755595.1|A/cattle/Texas/24-008749-003/2024(H5N1)	1546	4216
PB1|PP755595.1|A/cattle/Texas/24-008749-003/2024(H5N1)	1547	4239
PB1|PP755595.1|A/cattle/Texas/24-008749-003/2024(H5N1)	1548	4253
PB1|PP755595.1|A/cattle/Texas/24-008749-003/2024(H5N1)	1549	4156
PB1|PP755595.1|A/cattle/Texas/24-008749-003/2024(H5N1)	1550	4157
PB1|PP755595.1|A/cattle/Texas/24-008749-003/2024(H5N1)	1551	4183
PB1|PP755595.1|A/cattle/Texas/24-008749-003/2024(H5N1)	1552	4167
PB1|PP755595.1|A/cattle/Texas/24-008749-003/2024(H5N1)	1553	4173
PB1|PP755595.1|A/cattle/Texas/24-008749-003/2024(H5N1)	1554	4174
PB1|PP755595.1|A/cattle/Texas/24-008749-003/2024(H5N1)	1555	4169
PB1|PP755595.1|A/cattle/Texas/24-008749-003/2024(H5N1)	1556	4179
PB1|PP755595.1|A/cattle/Texas/24-008749-003/2024(H5N1)	1557	4099
PB1|PP755595.1|A/cattle/Texas/24-008749-003/2024(H5N1)	1558	4091
PB1|PP755595.1|A/cattle/Texas/24-008749-003/2024(H5N1)	1559	4064
PB1|PP755595.1|A/cattle/Texas/24-008749-003/2024(H5N1)	1560	4006
PB1|PP755595.1|A/cattle/Texas/24-008749-003/2024(H5N1)	1561	4078
PB1|PP755595.1|A/cattle/Texas/24-008749-003/2024(H5N1)	1562	4086
PB1|PP755595.1|A/cattle/Texas/24-008749-003/2024(H5N1)	1563	4073
PB1|PP755595.1|A/cattle/Texas/24-008749-003/2024(H5N1)	1564	4194
PB1|PP755595.1|A/cattle/Texas/24-008749-003/2024(H5N1)	1565	4204
PB1|PP755595.1|A/cattle/Texas/24-008749-003/2024(H5N1)	1566	4203
PB1|PP755595.1|A/cattle/Texas/24-008749-003/2024(H5N1)	1567	4210
PB1|PP755595.1|A/cattle/Texas/24-008749-003/2024(H5N1)	1568	4177
PB1|PP755595.1|A/cattle/Texas/24-008749-003/2024(H5N1)	1569	4208
PB1|PP755595.1|A/cattle/Texas/24-008749-003/2024(H5N1)	1570	4152
PB1|PP755595.1|A/cattle/Texas/24-008749-003/2024(H5N1)	1571	4202
PB1|PP755595.1|A/cattle/Texas/24-008749-003/2024(H5N1)	1572	4067
PB1|PP755595.1|A/cattle/Texas/24-008749-003/2024(H5N1)	1573	3994
PB1|PP755595.1|A/cattle/Texas/24-008749-003/2024(H5N1)	1574	3983
PB1|PP755595.1|A/cattle/Texas/24-008749-003/2024(H5N1)	1575	3947
PB1|PP755595.1|A/cattle/Texas/24-008749-003/2024(H5N1)	1576	3940
PB1|PP755595.1|A/cattle/Texas/24-008749-003/2024(H5N1)	1577	3930
PB1|PP755595.1|A/cattle/Texas/24-008749-003/2024(H5N1)	1578	3857
PB1|PP755595.1|A/cattle/Texas/24-008749-003/2024(H5N1)	1579	3856
PB1|PP755595.1|A/cattle/Texas/24-008749-003/2024(H5N1)	1580	3816
PB1|PP755595.1|A/cattle/Texas/24-008749-003/2024(H5N1)	1581	3822
PB1|PP755595.1|A/cattle/Texas/24-008749-003/2024(H5N1)	1582	3952
PB1|PP755595.1|A/cattle/Texas/24-008749-003/2024(H5N1)	1583	3992
PB1|PP755595.1|A/cattle/Texas/24-008749-003/2024(H5N1)	1584	3990
PB1|PP755595.1|A/cattle/Texas/24-008749-003/2024(H5N1)	1585	4091
PB1|PP755595.1|A/cattle/Texas/24-008749-003/2024(H5N1)	1586	4078
PB1|PP755595.1|A/cattle/Texas/24-008749-003/2024(H5N1)	1587	4067
PB1|PP755595.1|A/cattle/Texas/24-008749-003/2024(H5N1)	1588	4073
PB1|PP755595.1|A/cattle/Texas/24-008749-003/2024(H5N1)	1589	4068
PB1|PP755595.1|A/cattle/Texas/24-008749-003/2024(H5N1)	1590	4066
PB1|PP755595.1|A/cattle/Texas/24-008749-003/2024(H5N1)	1591	4072
PB1|PP755595.1|A/cattle/Texas/24-008749-003/2024(H5N1)	1592	4023
PB1|PP755595.1|A/cattle/Texas/24-008749-003/2024(H5N1)	1593	4029
PB1|PP755595.1|A/cattle/Texas/24-008749-003/2024(H5N1)	1594	3905
PB1|PP755595.1|A/cattle/Texas/24-008749-003/2024(H5N1)	1595	3903
PB1|PP755595.1|A/cattle/Texas/24-008749-003/2024(H5N1)	1596	3917
PB1|PP755595.1|A/cattle/Texas/24-008749-003/2024(H5N1)	1597	3852
PB1|PP755595.1|A/cattle/Texas/24-008749-003/2024(H5N1)	1598	3842
PB1|PP755595.1|A/cattle/Texas/24-008749-003/2024(H5N1)	1599	3926
PB1|PP755595.1|A/cattle/Texas/24-008749-003/2024(H5N1)	1600	3931
PB1|PP755595.1|A/cattle/Texas/24-008749-003/2024(H5N1)	1601	3929
PB1|PP755595.1|A/cattle/Texas/24-008749-003/2024(H5N1)	1602	3880
PB1|PP755595.1|A/cattle/Texas/24-008749-003/2024(H5N1)	1603	3867
PB1|PP755595.1|A/cattle/Texas/24-008749-003/2024(H5N1)	1604	3855
PB1|PP755595.1|A/cattle/Texas/24-008749-003/2024(H5N1)	1605	3838
PB1|PP755595.1|A/cattle/Texas/24-008749-003/2024(H5N1)	1606	3875
PB1|PP755595.1|A/cattle/Texas/24-008749-003/2024(H5N1)	1607	3872
PB1|PP755595.1|A/cattle/Texas/24-008749-003/2024(H5N1)	1608	3828
PB1|PP755595.1|A/cattle/Texas/24-008749-003/2024(H5N1)	1609	3814
PB1|PP755595.1|A/cattle/Texas/24-008749-003/2024(H5N1)	1610	3813
PB1|PP755595.1|A/cattle/Texas/24-008749-003/2024(H5N1)	1611	3788
PB1|PP755595.1|A/cattle/Texas/24-008749-003/2024(H5N1)	1612	3787
PB1|PP755595.1|A/cattle/Texas/24-008749-003/2024(H5N1)	1613	3783
PB1|PP755595.1|A/cattle/Texas/24-008749-003/2024(H5N1)	1614	3743
PB1|PP755595.1|A/cattle/Texas/24-008749-003/2024(H5N1)	1615	3875
PB1|PP755595.1|A/cattle/Texas/24-008749-003/2024(H5N1)	1616	3815
PB1|PP755595.1|A/cattle/Texas/24-008749-003/2024(H5N1)	1617	3805
PB1|PP755595.1|A/cattle/Texas/24-008749-003/2024(H5N1)	1618	3805
PB1|PP755595.1|A/cattle/Texas/24-008749-003/2024(H5N1)	1619	3796
PB1|PP755595.1|A/cattle/Texas/24-008749-003/2024(H5N1)	1620	3839
PB1|PP755595.1|A/cattle/Texas/24-008749-003/2024(H5N1)	1621	3836
PB1|PP755595.1|A/cattle/Texas/24-008749-003/2024(H5N1)	1622	3758
PB1|PP755595.1|A/cattle/Texas/24-008749-003/2024(H5N1)	1623	3633
PB1|PP755595.1|A/cattle/Texas/24-008749-003/2024(H5N1)	1624	3630
PB1|PP755595.1|A/cattle/Texas/24-008749-003/2024(H5N1)	1625	3688
PB1|PP755595.1|A/cattle/Texas/24-008749-003/2024(H5N1)	1626	3687
PB1|PP755595.1|A/cattle/Texas/24-008749-003/2024(H5N1)	1627	3675
PB1|PP755595.1|A/cattle/Texas/24-008749-003/2024(H5N1)	1628	3666
PB1|PP755595.1|A/cattle/Texas/24-008749-003/2024(H5N1)	1629	3591
PB1|PP755595.1|A/cattle/Texas/24-008749-003/2024(H5N1)	1630	3591
PB1|PP755595.1|A/cattle/Texas/24-008749-003/2024(H5N1)	1631	3541
PB1|PP755595.1|A/cattle/Texas/24-008749-003/2024(H5N1)	1632	3517
PB1|PP755595.1|A/cattle/Texas/24-008749-003/2024(H5N1)	1633	3500
PB1|PP755595.1|A/cattle/Texas/24-008749-003/2024(H5N1)	1634	3490
PB1|PP755595.1|A/cattle/Texas/24-008749-003/2024(H5N1)	1635	3489
PB1|PP755595.1|A/cattle/Texas/24-008749-003/2024(H5N1)	1636	3487
PB1|PP755595.1|A/cattle/Texas/24-008749-003/2024(H5N1)	1637	3455
PB1|PP755595.1|A/cattle/Texas/24-008749-003/2024(H5N1)	1638	3453
PB1|PP755595.1|A/cattle/Texas/24-008749-003/2024(H5N1)	1639	3387
PB1|PP755595.1|A/cattle/Texas/24-008749-003/2024(H5N1)	1640	3374
PB1|PP755595.1|A/cattle/Texas/24-008749-003/2024(H5N1)	1641	3120
PB1|PP755595.1|A/cattle/Texas/24-008749-003/2024(H5N1)	1642	3076
PB1|PP755595.1|A/cattle/Texas/24-008749-003/2024(H5N1)	1643	3069
PB1|PP755595.1|A/cattle/Texas/24-008749-003/2024(H5N1)	1644	3066
PB1|PP755595.1|A/cattle/Texas/24-008749-003/2024(H5N1)	1645	3068
PB1|PP755595.1|A/cattle/Texas/24-008749-003/2024(H5N1)	1646	3068
PB1|PP755595.1|A/cattle/Texas/24-008749-003/2024(H5N1)	1647	3061
PB1|PP755595.1|A/cattle/Texas/24-008749-003/2024(H5N1)	1648	3333
PB1|PP755595.1|A/cattle/Texas/24-008749-003/2024(H5N1)	1649	3339
PB1|PP755595.1|A/cattle/Texas/24-008749-003/2024(H5N1)	1650	3377
PB1|PP755595.1|A/cattle/Texas/24-008749-003/2024(H5N1)	1651	3377
PB1|PP755595.1|A/cattle/Texas/24-008749-003/2024(H5N1)	1652	3378
PB1|PP755595.1|A/cattle/Texas/24-008749-003/2024(H5N1)	1653	3381
PB1|PP755595.1|A/cattle/Texas/24-008749-003/2024(H5N1)	1654	3347
PB1|PP755595.1|A/cattle/Texas/24-008749-003/2024(H5N1)	1655	3346
PB1|PP755595.1|A/cattle/Texas/24-008749-003/2024(H5N1)	1656	3342
PB1|PP755595.1|A/cattle/Texas/24-008749-003/2024(H5N1)	1657	3335
PB1|PP755595.1|A/cattle/Texas/24-008749-003/2024(H5N1)	1658	3321
PB1|PP755595.1|A/cattle/Texas/24-008749-003/2024(H5N1)	1659	3281
PB1|PP755595.1|A/cattle/Texas/24-008749-003/2024(H5N1)	1660	3325
PB1|PP755595.1|A/cattle/Texas/24-008749-003/2024(H5N1)	1661	3316
PB1|PP755595.1|A/cattle/Texas/24-008749-003/2024(H5N1)	1662	3309
PB1|PP755595.1|A/cattle/Texas/24-008749-003/2024(H5N1)	1663	3142
PB1|PP755595.1|A/cattle/Texas/24-008749-003/2024(H5N1)	1664	3140
PB1|PP755595.1|A/cattle/Texas/24-008749-003/2024(H5N1)	1665	3119
PB1|PP755595.1|A/cattle/Texas/24-008749-003/2024(H5N1)	1666	3116
PB1|PP755595.1|A/cattle/Texas/24-008749-003/2024(H5N1)	1667	3114
PB1|PP755595.1|A/cattle/Texas/24-008749-003/2024(H5N1)	1668	2918
PB1|PP755595.1|A/cattle/Texas/24-008749-003/2024(H5N1)	1669	2806
PB1|PP755595.1|A/cattle/Texas/24-008749-003/2024(H5N1)	1670	2802
PB1|PP755595.1|A/cattle/Texas/24-008749-003/2024(H5N1)	1671	2798
PB1|PP755595.1|A/cattle/Texas/24-008749-003/2024(H5N1)	1672	2794
PB1|PP755595.1|A/cattle/Texas/24-008749-003/2024(H5N1)	1673	2712
PB1|PP755595.1|A/cattle/Texas/24-008749-003/2024(H5N1)	1674	2464
PB1|PP755595.1|A/cattle/Texas/24-008749-003/2024(H5N1)	1675	2463
PB1|PP755595.1|A/cattle/Texas/24-008749-003/2024(H5N1)	1676	2425
PB1|PP755595.1|A/cattle/Texas/24-008749-003/2024(H5N1)	1677	2380
PB1|PP755595.1|A/cattle/Texas/24-008749-003/2024(H5N1)	1678	2748
PB1|PP755595.1|A/cattle/Texas/24-008749-003/2024(H5N1)	1679	2748
PB1|PP755595.1|A/cattle/Texas/24-008749-003/2024(H5N1)	1680	2697
PB1|PP755595.1|A/cattle/Texas/24-008749-003/2024(H5N1)	1681	2692
PB1|PP755595.1|A/cattle/Texas/24-008749-003/2024(H5N1)	1682	2681
PB1|PP755595.1|A/cattle/Texas/24-008749-003/2024(H5N1)	1683	2545
PB1|PP755595.1|A/cattle/Texas/24-008749-003/2024(H5N1)	1684	2643
PB1|PP755595.1|A/cattle/Texas/24-008749-003/2024(H5N1)	1685	2643
PB1|PP755595.1|A/cattle/Texas/24-008749-003/2024(H5N1)	1686	2644
PB1|PP755595.1|A/cattle/Texas/24-008749-003/2024(H5N1)	1687	2644
PB1|PP755595.1|A/cattle/Texas/24-008749-003/2024(H5N1)	1688	2645
PB1|PP755595.1|A/cattle/Texas/24-008749-003/2024(H5N1)	1689	2564
PB1|PP755595.1|A/cattle/Texas/24-008749-003/2024(H5N1)	1690	2560
PB1|PP755595.1|A/cattle/Texas/24-008749-003/2024(H5N1)	1691	2551
PB1|PP755595.1|A/cattle/Texas/24-008749-003/2024(H5N1)	1692	2442
PB1|PP755595.1|A/cattle/Texas/24-008749-003/2024(H5N1)	1693	2527
PB1|PP755595.1|A/cattle/Texas/24-008749-003/2024(H5N1)	1694	2526
PB1|PP755595.1|A/cattle/Texas/24-008749-003/2024(H5N1)	1695	2528
PB1|PP755595.1|A/cattle/Texas/24-008749-003/2024(H5N1)	1696	2532
PB1|PP755595.1|A/cattle/Texas/24-008749-003/2024(H5N1)	1697	2505
PB1|PP755595.1|A/cattle/Texas/24-008749-003/2024(H5N1)	1698	2507
PB1|PP755595.1|A/cattle/Texas/24-008749-003/2024(H5N1)	1699	2493
PB1|PP755595.1|A/cattle/Texas/24-008749-003/2024(H5N1)	1700	2431
PB1|PP755595.1|A/cattle/Texas/24-008749-003/2024(H5N1)	1701	2436
PB1|PP755595.1|A/cattle/Texas/24-008749-003/2024(H5N1)	1702	2415
PB1|PP755595.1|A/cattle/Texas/24-008749-003/2024(H5N1)	1703	2416
PB1|PP755595.1|A/cattle/Texas/24-008749-003/2024(H5N1)	1704	2408
PB1|PP755595.1|A/cattle/Texas/24-008749-003/2024(H5N1)	1705	2412
PB1|PP755595.1|A/cattle/Texas/24-008749-003/2024(H5N1)	1706	2400
PB1|PP755595.1|A/cattle/Texas/24-008749-003/2024(H5N1)	1707	2399
PB1|PP755595.1|A/cattle/Texas/24-008749-003/2024(H5N1)	1708	2395
PB1|PP755595.1|A/cattle/Texas/24-008749-003/2024(H5N1)	1709	2378
PB1|PP755595.1|A/cattle/Texas/24-008749-003/2024(H5N1)	1710	2367
PB1|PP755595.1|A/cattle/Texas/24-008749-003/2024(H5N1)	1711	2377
PB1|PP755595.1|A/cattle/Texas/24-008749-003/2024(H5N1)	1712	2329
PB1|PP755595.1|A/cattle/Texas/24-008749-003/2024(H5N1)	1713	2329
PB1|PP755595.1|A/cattle/Texas/24-008749-003/2024(H5N1)	1714	2311
PB1|PP755595.1|A/cattle/Texas/24-008749-003/2024(H5N1)	1715	2241
PB1|PP755595.1|A/cattle/Texas/24-008749-003/2024(H5N1)	1716	2231
PB1|PP755595.1|A/cattle/Texas/24-008749-003/2024(H5N1)	1717	2278
PB1|PP755595.1|A/cattle/Texas/24-008749-003/2024(H5N1)	1718	2284
PB1|PP755595.1|A/cattle/Texas/24-008749-003/2024(H5N1)	1719	2275
PB1|PP755595.1|A/cattle/Texas/24-008749-003/2024(H5N1)	1720	2262
PB1|PP755595.1|A/cattle/Texas/24-008749-003/2024(H5N1)	1721	2264
PB1|PP755595.1|A/cattle/Texas/24-008749-003/2024(H5N1)	1722	2217
PB1|PP755595.1|A/cattle/Texas/24-008749-003/2024(H5N1)	1723	2217
PB1|PP755595.1|A/cattle/Texas/24-008749-003/2024(H5N1)	1724	2194
PB1|PP755595.1|A/cattle/Texas/24-008749-003/2024(H5N1)	1725	2193
PB1|PP755595.1|A/cattle/Texas/24-008749-003/2024(H5N1)	1726	2115
PB1|PP755595.1|A/cattle/Texas/24-008749-003/2024(H5N1)	1727	2092
PB1|PP755595.1|A/cattle/Texas/24-008749-003/2024(H5N1)	1728	2086
PB1|PP755595.1|A/cattle/Texas/24-008749-003/2024(H5N1)	1729	2080
PB1|PP755595.1|A/cattle/Texas/24-008749-003/2024(H5N1)	1730	2077
PB1|PP755595.1|A/cattle/Texas/24-008749-003/2024(H5N1)	1731	1723
PB1|PP755595.1|A/cattle/Texas/24-008749-003/2024(H5N1)	1732	1709
PB1|PP755595.1|A/cattle/Texas/24-008749-003/2024(H5N1)	1733	1702
PB1|PP755595.1|A/cattle/Texas/24-008749-003/2024(H5N1)	1734	1674
PB1|PP755595.1|A/cattle/Texas/24-008749-003/2024(H5N1)	1735	1586
PB1|PP755595.1|A/cattle/Texas/24-008749-003/2024(H5N1)	1736	1586
PB1|PP755595.1|A/cattle/Texas/24-008749-003/2024(H5N1)	1737	1559
PB1|PP755595.1|A/cattle/Texas/24-008749-003/2024(H5N1)	1738	1799
PB1|PP755595.1|A/cattle/Texas/24-008749-003/2024(H5N1)	1739	1800
PB1|PP755595.1|A/cattle/Texas/24-008749-003/2024(H5N1)	1740	1800
PB1|PP755595.1|A/cattle/Texas/24-008749-003/2024(H5N1)	1741	1800
PB1|PP755595.1|A/cattle/Texas/24-008749-003/2024(H5N1)	1742	1800
PB1|PP755595.1|A/cattle/Texas/24-008749-003/2024(H5N1)	1743	1800
PB1|PP755595.1|A/cattle/Texas/24-008749-003/2024(H5N1)	1744	1800
PB1|PP755595.1|A/cattle/Texas/24-008749-003/2024(H5N1)	1745	1800
PB1|PP755595.1|A/cattle/Texas/24-008749-003/2024(H5N1)	1746	1800
PB1|PP755595.1|A/cattle/Texas/24-008749-003/2024(H5N1)	1747	1801
PB1|PP755595.1|A/cattle/Texas/24-008749-003/2024(H5N1)	1748	1801
PB1|PP755595.1|A/cattle/Texas/24-008749-003/2024(H5N1)	1749	1801
PB1|PP755595.1|A/cattle/Texas/24-008749-003/2024(H5N1)	1750	1801
PB1|PP755595.1|A/cattle/Texas/24-008749-003/2024(H5N1)	1751	1801
PB1|PP755595.1|A/cattle/Texas/24-008749-003/2024(H5N1)	1752	1763
PB1|PP755595.1|A/cattle/Texas/24-008749-003/2024(H5N1)	1753	1763
PB1|PP755595.1|A/cattle/Texas/24-008749-003/2024(H5N1)	1754	1764
PB1|PP755595.1|A/cattle/Texas/24-008749-003/2024(H5N1)	1755	1764
PB1|PP755595.1|A/cattle/Texas/24-008749-003/2024(H5N1)	1756	1764
PB1|PP755595.1|A/cattle/Texas/24-008749-003/2024(H5N1)	1757	1763
PB1|PP755595.1|A/cattle/Texas/24-008749-003/2024(H5N1)	1758	1407
PB1|PP755595.1|A/cattle/Texas/24-008749-003/2024(H5N1)	1759	1407
PB1|PP755595.1|A/cattle/Texas/24-008749-003/2024(H5N1)	1760	1719
PB1|PP755595.1|A/cattle/Texas/24-008749-003/2024(H5N1)	1761	1719
PB1|PP755595.1|A/cattle/Texas/24-008749-003/2024(H5N1)	1762	1767
PB1|PP755595.1|A/cattle/Texas/24-008749-003/2024(H5N1)	1763	1777
PB1|PP755595.1|A/cattle/Texas/24-008749-003/2024(H5N1)	1764	1777
PB1|PP755595.1|A/cattle/Texas/24-008749-003/2024(H5N1)	1765	1776
PB1|PP755595.1|A/cattle/Texas/24-008749-003/2024(H5N1)	1766	1776
PB1|PP755595.1|A/cattle/Texas/24-008749-003/2024(H5N1)	1767	1776
PB1|PP755595.1|A/cattle/Texas/24-008749-003/2024(H5N1)	1768	1776
PB1|PP755595.1|A/cattle/Texas/24-008749-003/2024(H5N1)	1769	1776
PB1|PP755595.1|A/cattle/Texas/24-008749-003/2024(H5N1)	1770	1776
PB1|PP755595.1|A/cattle/Texas/24-008749-003/2024(H5N1)	1771	1776
PB1|PP755595.1|A/cattle/Texas/24-008749-003/2024(H5N1)	1772	1776
PB1|PP755595.1|A/cattle/Texas/24-008749-003/2024(H5N1)	1773	1776
PB1|PP755595.1|A/cattle/Texas/24-008749-003/2024(H5N1)	1774	1930
PB1|PP755595.1|A/cattle/Texas/24-008749-003/2024(H5N1)	1775	1934
PB1|PP755595.1|A/cattle/Texas/24-008749-003/2024(H5N1)	1776	1935
PB1|PP755595.1|A/cattle/Texas/24-008749-003/2024(H5N1)	1777	1937
PB1|PP755595.1|A/cattle/Texas/24-008749-003/2024(H5N1)	1778	1950
PB1|PP755595.1|A/cattle/Texas/24-008749-003/2024(H5N1)	1779	1941
PB1|PP755595.1|A/cattle/Texas/24-008749-003/2024(H5N1)	1780	1908
PB1|PP755595.1|A/cattle/Texas/24-008749-003/2024(H5N1)	1781	1895
PB1|PP755595.1|A/cattle/Texas/24-008749-003/2024(H5N1)	1782	1869
PB1|PP755595.1|A/cattle/Texas/24-008749-003/2024(H5N1)	1783	1869
PB1|PP755595.1|A/cattle/Texas/24-008749-003/2024(H5N1)	1784	1854
PB1|PP755595.1|A/cattle/Texas/24-008749-003/2024(H5N1)	1785	1828
PB1|PP755595.1|A/cattle/Texas/24-008749-003/2024(H5N1)	1786	1828
PB1|PP755595.1|A/cattle/Texas/24-008749-003/2024(H5N1)	1787	1828
PB1|PP755595.1|A/cattle/Texas/24-008749-003/2024(H5N1)	1788	1828
PB1|PP755595.1|A/cattle/Texas/24-008749-003/2024(H5N1)	1789	1829
PB1|PP755595.1|A/cattle/Texas/24-008749-003/2024(H5N1)	1790	1882
PB1|PP755595.1|A/cattle/Texas/24-008749-003/2024(H5N1)	1791	1861
PB1|PP755595.1|A/cattle/Texas/24-008749-003/2024(H5N1)	1792	1844
PB1|PP755595.1|A/cattle/Texas/24-008749-003/2024(H5N1)	1793	1803
PB1|PP755595.1|A/cattle/Texas/24-008749-003/2024(H5N1)	1794	1801
PB1|PP755595.1|A/cattle/Texas/24-008749-003/2024(H5N1)	1795	1801
PB1|PP755595.1|A/cattle/Texas/24-008749-003/2024(H5N1)	1796	1795
PB1|PP755595.1|A/cattle/Texas/24-008749-003/2024(H5N1)	1797	1791
PB1|PP755595.1|A/cattle/Texas/24-008749-003/2024(H5N1)	1798	1725
PB1|PP755595.1|A/cattle/Texas/24-008749-003/2024(H5N1)	1799	1719
PB1|PP755595.1|A/cattle/Texas/24-008749-003/2024(H5N1)	1800	711
PB1|PP755595.1|A/cattle/Texas/24-008749-003/2024(H5N1)	1801	711
PB1|PP755595.1|A/cattle/Texas/24-008749-003/2024(H5N1)	1802	711
PB1|PP755595.1|A/cattle/Texas/24-008749-003/2024(H5N1)	1803	710
PB1|PP755595.1|A/cattle/Texas/24-008749-003/2024(H5N1)	1804	710
PB1|PP755595.1|A/cattle/Texas/24-008749-003/2024(H5N1)	1805	710
PB1|PP755595.1|A/cattle/Texas/24-008749-003/2024(H5N1)	1806	710
PB1|PP755595.1|A/cattle/Texas/24-008749-003/2024(H5N1)	1807	711
PB1|PP755595.1|A/cattle/Texas/24-008749-003/2024(H5N1)	1808	711
PB1|PP755595.1|A/cattle/Texas/24-008749-003/2024(H5N1)	1809	711
PB1|PP755595.1|A/cattle/Texas/24-008749-003/2024(H5N1)	1810	711
PB1|PP755595.1|A/cattle/Texas/24-008749-003/2024(H5N1)	1811	711
PB1|PP755595.1|A/cattle/Texas/24-008749-003/2024(H5N1)	1812	711
PB1|PP755595.1|A/cattle/Texas/24-008749-003/2024(H5N1)	1813	711
PB1|PP755595.1|A/cattle/Texas/24-008749-003/2024(H5N1)	1814	711
PB1|PP755595.1|A/cattle/Texas/24-008749-003/2024(H5N1)	1815	711
PB1|PP755595.1|A/cattle/Texas/24-008749-003/2024(H5N1)	1816	711
PB1|PP755595.1|A/cattle/Texas/24-008749-003/2024(H5N1)	1817	711
PB1|PP755595.1|A/cattle/Texas/24-008749-003/2024(H5N1)	1818	711
PB1|PP755595.1|A/cattle/Texas/24-008749-003/2024(H5N1)	1819	711
PB1|PP755595.1|A/cattle/Texas/24-008749-003/2024(H5N1)	1820	711
PB1|PP755595.1|A/cattle/Texas/24-008749-003/2024(H5N1)	1821	711
PB1|PP755595.1|A/cattle/Texas/24-008749-003/2024(H5N1)	1822	711
PB1|PP755595.1|A/cattle/Texas/24-008749-003/2024(H5N1)	1823	712
PB1|PP755595.1|A/cattle/Texas/24-008749-003/2024(H5N1)	1824	712
PB1|PP755595.1|A/cattle/Texas/24-008749-003/2024(H5N1)	1825	828
PB1|PP755595.1|A/cattle/Texas/24-008749-003/2024(H5N1)	1826	829
PB1|PP755595.1|A/cattle/Texas/24-008749-003/2024(H5N1)	1827	829
PB1|PP755595.1|A/cattle/Texas/24-008749-003/2024(H5N1)	1828	829
PB1|PP755595.1|A/cattle/Texas/24-008749-003/2024(H5N1)	1829	829
PB1|PP755595.1|A/cattle/Texas/24-008749-003/2024(H5N1)	1830	829
PB1|PP755595.1|A/cattle/Texas/24-008749-003/2024(H5N1)	1831	829
PB1|PP755595.1|A/cattle/Texas/24-008749-003/2024(H5N1)	1832	829
PB1|PP755595.1|A/cattle/Texas/24-008749-003/2024(H5N1)	1833	829
PB1|PP755595.1|A/cattle/Texas/24-008749-003/2024(H5N1)	1834	836
PB1|PP755595.1|A/cattle/Texas/24-008749-003/2024(H5N1)	1835	856
PB1|PP755595.1|A/cattle/Texas/24-008749-003/2024(H5N1)	1836	856
PB1|PP755595.1|A/cattle/Texas/24-008749-003/2024(H5N1)	1837	879
PB1|PP755595.1|A/cattle/Texas/24-008749-003/2024(H5N1)	1838	889
PB1|PP755595.1|A/cattle/Texas/24-008749-003/2024(H5N1)	1839	899
PB1|PP755595.1|A/cattle/Texas/24-008749-003/2024(H5N1)	1840	937
PB1|PP755595.1|A/cattle/Texas/24-008749-003/2024(H5N1)	1841	937
PB1|PP755595.1|A/cattle/Texas/24-008749-003/2024(H5N1)	1842	937
PB1|PP755595.1|A/cattle/Texas/24-008749-003/2024(H5N1)	1843	973
PB1|PP755595.1|A/cattle/Texas/24-008749-003/2024(H5N1)	1844	974
PB1|PP755595.1|A/cattle/Texas/24-008749-003/2024(H5N1)	1845	990
PB1|PP755595.1|A/cattle/Texas/24-008749-003/2024(H5N1)	1846	2459
PB1|PP755595.1|A/cattle/Texas/24-008749-003/2024(H5N1)	1847	2462
PB1|PP755595.1|A/cattle/Texas/24-008749-003/2024(H5N1)	1848	2477
PB1|PP755595.1|A/cattle/Texas/24-008749-003/2024(H5N1)	1849	2566
PB1|PP755595.1|A/cattle/Texas/24-008749-003/2024(H5N1)	1850	2728
PB1|PP755595.1|A/cattle/Texas/24-008749-003/2024(H5N1)	1851	2729
PB1|PP755595.1|A/cattle/Texas/24-008749-003/2024(H5N1)	1852	2731
PB1|PP755595.1|A/cattle/Texas/24-008749-003/2024(H5N1)	1853	2813
PB1|PP755595.1|A/cattle/Texas/24-008749-003/2024(H5N1)	1854	2816
PB1|PP755595.1|A/cattle/Texas/24-008749-003/2024(H5N1)	1855	2852
PB1|PP755595.1|A/cattle/Texas/24-008749-003/2024(H5N1)	1856	2852
PB1|PP755595.1|A/cattle/Texas/24-008749-003/2024(H5N1)	1857	2852
PB1|PP755595.1|A/cattle/Texas/24-008749-003/2024(H5N1)	1858	2911
PB1|PP755595.1|A/cattle/Texas/24-008749-003/2024(H5N1)	1859	2916
PB1|PP755595.1|A/cattle/Texas/24-008749-003/2024(H5N1)	1860	2943
PB1|PP755595.1|A/cattle/Texas/24-008749-003/2024(H5N1)	1861	2943
PB1|PP755595.1|A/cattle/Texas/24-008749-003/2024(H5N1)	1862	2960
PB1|PP755595.1|A/cattle/Texas/24-008749-003/2024(H5N1)	1863	3026
PB1|PP755595.1|A/cattle/Texas/24-008749-003/2024(H5N1)	1864	3063
PB1|PP755595.1|A/cattle/Texas/24-008749-003/2024(H5N1)	1865	3063
PB1|PP755595.1|A/cattle/Texas/24-008749-003/2024(H5N1)	1866	3063
PB1|PP755595.1|A/cattle/Texas/24-008749-003/2024(H5N1)	1867	3072
PB1|PP755595.1|A/cattle/Texas/24-008749-003/2024(H5N1)	1868	3092
PB1|PP755595.1|A/cattle/Texas/24-008749-003/2024(H5N1)	1869	3133
PB1|PP755595.1|A/cattle/Texas/24-008749-003/2024(H5N1)	1870	3137
PB1|PP755595.1|A/cattle/Texas/24-008749-003/2024(H5N1)	1871	3137
PB1|PP755595.1|A/cattle/Texas/24-008749-003/2024(H5N1)	1872	3139
PB1|PP755595.1|A/cattle/Texas/24-008749-003/2024(H5N1)	1873	3180
PB1|PP755595.1|A/cattle/Texas/24-008749-003/2024(H5N1)	1874	3200
PB1|PP755595.1|A/cattle/Texas/24-008749-003/2024(H5N1)	1875	3201
PB1|PP755595.1|A/cattle/Texas/24-008749-003/2024(H5N1)	1876	3201
PB1|PP755595.1|A/cattle/Texas/24-008749-003/2024(H5N1)	1877	3201
PB1|PP755595.1|A/cattle/Texas/24-008749-003/2024(H5N1)	1878	3201
PB1|PP755595.1|A/cattle/Texas/24-008749-003/2024(H5N1)	1879	3200
PB1|PP755595.1|A/cattle/Texas/24-008749-003/2024(H5N1)	1880	3200
PB1|PP755595.1|A/cattle/Texas/24-008749-003/2024(H5N1)	1881	2664
PB1|PP755595.1|A/cattle/Texas/24-008749-003/2024(H5N1)	1882	2664
PB1|PP755595.1|A/cattle/Texas/24-008749-003/2024(H5N1)	1883	2687
PB1|PP755595.1|A/cattle/Texas/24-008749-003/2024(H5N1)	1884	2700
PB1|PP755595.1|A/cattle/Texas/24-008749-003/2024(H5N1)	1885	2733
PB1|PP755595.1|A/cattle/Texas/24-008749-003/2024(H5N1)	1886	2733
PB1|PP755595.1|A/cattle/Texas/24-008749-003/2024(H5N1)	1887	2733
PB1|PP755595.1|A/cattle/Texas/24-008749-003/2024(H5N1)	1888	2742
PB1|PP755595.1|A/cattle/Texas/24-008749-003/2024(H5N1)	1889	2742
PB1|PP755595.1|A/cattle/Texas/24-008749-003/2024(H5N1)	1890	2766
PB1|PP755595.1|A/cattle/Texas/24-008749-003/2024(H5N1)	1891	3665
PB1|PP755595.1|A/cattle/Texas/24-008749-003/2024(H5N1)	1892	3677
PB1|PP755595.1|A/cattle/Texas/24-008749-003/2024(H5N1)	1893	3679
PB1|PP755595.1|A/cattle/Texas/24-008749-003/2024(H5N1)	1894	3681
PB1|PP755595.1|A/cattle/Texas/24-008749-003/2024(H5N1)	1895	3683
PB1|PP755595.1|A/cattle/Texas/24-008749-003/2024(H5N1)	1896	3683
PB1|PP755595.1|A/cattle/Texas/24-008749-003/2024(H5N1)	1897	3693
PB1|PP755595.1|A/cattle/Texas/24-008749-003/2024(H5N1)	1898	3768
PB1|PP755595.1|A/cattle/Texas/24-008749-003/2024(H5N1)	1899	3800
PB1|PP755595.1|A/cattle/Texas/24-008749-003/2024(H5N1)	1900	3808
PB1|PP755595.1|A/cattle/Texas/24-008749-003/2024(H5N1)	1901	3808
PB1|PP755595.1|A/cattle/Texas/24-008749-003/2024(H5N1)	1902	3819
PB1|PP755595.1|A/cattle/Texas/24-008749-003/2024(H5N1)	1903	3848
PB1|PP755595.1|A/cattle/Texas/24-008749-003/2024(H5N1)	1904	3889
PB1|PP755595.1|A/cattle/Texas/24-008749-003/2024(H5N1)	1905	3894
PB1|PP755595.1|A/cattle/Texas/24-008749-003/2024(H5N1)	1906	3947
PB1|PP755595.1|A/cattle/Texas/24-008749-003/2024(H5N1)	1907	3961
PB1|PP755595.1|A/cattle/Texas/24-008749-003/2024(H5N1)	1908	3969
PB1|PP755595.1|A/cattle/Texas/24-008749-003/2024(H5N1)	1909	4005
PB1|PP755595.1|A/cattle/Texas/24-008749-003/2024(H5N1)	1910	4007
PB1|PP755595.1|A/cattle/Texas/24-008749-003/2024(H5N1)	1911	4006
PB1|PP755595.1|A/cattle/Texas/24-008749-003/2024(H5N1)	1912	4007
PB1|PP755595.1|A/cattle/Texas/24-008749-003/2024(H5N1)	1913	4009
PB1|PP755595.1|A/cattle/Texas/24-008749-003/2024(H5N1)	1914	4038
PB1|PP755595.1|A/cattle/Texas/24-008749-003/2024(H5N1)	1915	4132
PB1|PP755595.1|A/cattle/Texas/24-008749-003/2024(H5N1)	1916	4132
PB1|PP755595.1|A/cattle/Texas/24-008749-003/2024(H5N1)	1917	4027
PB1|PP755595.1|A/cattle/Texas/24-008749-003/2024(H5N1)	1918	4028
PB1|PP755595.1|A/cattle/Texas/24-008749-003/2024(H5N1)	1919	4090
PB1|PP755595.1|A/cattle/Texas/24-008749-003/2024(H5N1)	1920	4190
PB1|PP755595.1|A/cattle/Texas/24-008749-003/2024(H5N1)	1921	4306
PB1|PP755595.1|A/cattle/Texas/24-008749-003/2024(H5N1)	1922	4339
PB1|PP755595.1|A/cattle/Texas/24-008749-003/2024(H5N1)	1923	4358
PB1|PP755595.1|A/cattle/Texas/24-008749-003/2024(H5N1)	1924	4368
PB1|PP755595.1|A/cattle/Texas/24-008749-003/2024(H5N1)	1925	4523
PB1|PP755595.1|A/cattle/Texas/24-008749-003/2024(H5N1)	1926	4541
PB1|PP755595.1|A/cattle/Texas/24-008749-003/2024(H5N1)	1927	4592
PB1|PP755595.1|A/cattle/Texas/24-008749-003/2024(H5N1)	1928	4603
PB1|PP755595.1|A/cattle/Texas/24-008749-003/2024(H5N1)	1929	4601
PB1|PP755595.1|A/cattle/Texas/24-008749-003/2024(H5N1)	1930	4623
PB1|PP755595.1|A/cattle/Texas/24-008749-003/2024(H5N1)	1931	4642
PB1|PP755595.1|A/cattle/Texas/24-008749-003/2024(H5N1)	1932	4713
PB1|PP755595.1|A/cattle/Texas/24-008749-003/2024(H5N1)	1933	4711
PB1|PP755595.1|A/cattle/Texas/24-008749-003/2024(H5N1)	1934	4684
PB1|PP755595.1|A/cattle/Texas/24-008749-003/2024(H5N1)	1935	4637
PB1|PP755595.1|A/cattle/Texas/24-008749-003/2024(H5N1)	1936	4626
PB1|PP755595.1|A/cattle/Texas/24-008749-003/2024(H5N1)	1937	4624
PB1|PP755595.1|A/cattle/Texas/24-008749-003/2024(H5N1)	1938	4624
PB1|PP755595.1|A/cattle/Texas/24-008749-003/2024(H5N1)	1939	4516
PB1|PP755595.1|A/cattle/Texas/24-008749-003/2024(H5N1)	1940	4513
PB1|PP755595.1|A/cattle/Texas/24-008749-003/2024(H5N1)	1941	4434
PB1|PP755595.1|A/cattle/Texas/24-008749-003/2024(H5N1)	1942	4428
PB1|PP755595.1|A/cattle/Texas/24-008749-003/2024(H5N1)	1943	4345
PB1|PP755595.1|A/cattle/Texas/24-008749-003/2024(H5N1)	1944	3608
PB1|PP755595.1|A/cattle/Texas/24-008749-003/2024(H5N1)	1945	3597
PB1|PP755595.1|A/cattle/Texas/24-008749-003/2024(H5N1)	1946	3554
PB1|PP755595.1|A/cattle/Texas/24-008749-003/2024(H5N1)	1947	3551
PB1|PP755595.1|A/cattle/Texas/24-008749-003/2024(H5N1)	1948	3551
PB1|PP755595.1|A/cattle/Texas/24-008749-003/2024(H5N1)	1949	3551
PB1|PP755595.1|A/cattle/Texas/24-008749-003/2024(H5N1)	1950	3527
PB1|PP755595.1|A/cattle/Texas/24-008749-003/2024(H5N1)	1951	3527
PB1|PP755595.1|A/cattle/Texas/24-008749-003/2024(H5N1)	1952	3527
PB1|PP755595.1|A/cattle/Texas/24-008749-003/2024(H5N1)	1953	3527
PB1|PP755595.1|A/cattle/Texas/24-008749-003/2024(H5N1)	1954	3527
PB1|PP755595.1|A/cattle/Texas/24-008749-003/2024(H5N1)	1955	3527
PB1|PP755595.1|A/cattle/Texas/24-008749-003/2024(H5N1)	1956	3519
PB1|PP755595.1|A/cattle/Texas/24-008749-003/2024(H5N1)	1957	3519
PB1|PP755595.1|A/cattle/Texas/24-008749-003/2024(H5N1)	1958	3519
PB1|PP755595.1|A/cattle/Texas/24-008749-003/2024(H5N1)	1959	3519
PB1|PP755595.1|A/cattle/Texas/24-008749-003/2024(H5N1)	1960	3519
PB1|PP755595.1|A/cattle/Texas/24-008749-003/2024(H5N1)	1961	3519
PB1|PP755595.1|A/cattle/Texas/24-008749-003/2024(H5N1)	1962	3519
PB1|PP755595.1|A/cattle/Texas/24-008749-003/2024(H5N1)	1963	3985
PB1|PP755595.1|A/cattle/Texas/24-008749-003/2024(H5N1)	1964	3987
PB1|PP755595.1|A/cattle/Texas/24-008749-003/2024(H5N1)	1965	3992
PB1|PP755595.1|A/cattle/Texas/24-008749-003/2024(H5N1)	1966	4234
PB1|PP755595.1|A/cattle/Texas/24-008749-003/2024(H5N1)	1967	4239
PB1|PP755595.1|A/cattle/Texas/24-008749-003/2024(H5N1)	1968	4358
PB1|PP755595.1|A/cattle/Texas/24-008749-003/2024(H5N1)	1969	4359
PB1|PP755595.1|A/cattle/Texas/24-008749-003/2024(H5N1)	1970	4309
PB1|PP755595.1|A/cattle/Texas/24-008749-003/2024(H5N1)	1971	4296
PB1|PP755595.1|A/cattle/Texas/24-008749-003/2024(H5N1)	1972	4295
PB1|PP755595.1|A/cattle/Texas/24-008749-003/2024(H5N1)	1973	4294
PB1|PP755595.1|A/cattle/Texas/24-008749-003/2024(H5N1)	1974	4281
PB1|PP755595.1|A/cattle/Texas/24-008749-003/2024(H5N1)	1975	4076
PB1|PP755595.1|A/cattle/Texas/24-008749-003/2024(H5N1)	1976	4068
PB1|PP755595.1|A/cattle/Texas/24-008749-003/2024(H5N1)	1977	4003
PB1|PP755595.1|A/cattle/Texas/24-008749-003/2024(H5N1)	1978	4000
PB1|PP755595.1|A/cattle/Texas/24-008749-003/2024(H5N1)	1979	3986
PB1|PP755595.1|A/cattle/Texas/24-008749-003/2024(H5N1)	1980	3926
PB1|PP755595.1|A/cattle/Texas/24-008749-003/2024(H5N1)	1981	3923
PB1|PP755595.1|A/cattle/Texas/24-008749-003/2024(H5N1)	1982	3915
PB1|PP755595.1|A/cattle/Texas/24-008749-003/2024(H5N1)	1983	2923
PB1|PP755595.1|A/cattle/Texas/24-008749-003/2024(H5N1)	1984	2899
PB1|PP755595.1|A/cattle/Texas/24-008749-003/2024(H5N1)	1985	2879
PB1|PP755595.1|A/cattle/Texas/24-008749-003/2024(H5N1)	1986	2863
PB1|PP755595.1|A/cattle/Texas/24-008749-003/2024(H5N1)	1987	2863
PB1|PP755595.1|A/cattle/Texas/24-008749-003/2024(H5N1)	1988	2863
PB1|PP755595.1|A/cattle/Texas/24-008749-003/2024(H5N1)	1989	2858
PB1|PP755595.1|A/cattle/Texas/24-008749-003/2024(H5N1)	1990	2858
PB1|PP755595.1|A/cattle/Texas/24-008749-003/2024(H5N1)	1991	2857
PB1|PP755595.1|A/cattle/Texas/24-008749-003/2024(H5N1)	1992	2859
PB1|PP755595.1|A/cattle/Texas/24-008749-003/2024(H5N1)	1993	2860
PB1|PP755595.1|A/cattle/Texas/24-008749-003/2024(H5N1)	1994	2845
PB1|PP755595.1|A/cattle/Texas/24-008749-003/2024(H5N1)	1995	2844
PB1|PP755595.1|A/cattle/Texas/24-008749-003/2024(H5N1)	1996	2900
PB1|PP755595.1|A/cattle/Texas/24-008749-003/2024(H5N1)	1997	2902
PB1|PP755595.1|A/cattle/Texas/24-008749-003/2024(H5N1)	1998	2907
PB1|PP755595.1|A/cattle/Texas/24-008749-003/2024(H5N1)	1999	2823
PB1|PP755595.1|A/cattle/Texas/24-008749-003/2024(H5N1)	2000	2805
PB1|PP755595.1|A/cattle/Texas/24-008749-003/2024(H5N1)	2001	2612
PB1|PP755595.1|A/cattle/Texas/24-008749-003/2024(H5N1)	2002	2667
PB1|PP755595.1|A/cattle/Texas/24-008749-003/2024(H5N1)	2003	2667
PB1|PP755595.1|A/cattle/Texas/24-008749-003/2024(H5N1)	2004	2667
PB1|PP755595.1|A/cattle/Texas/24-008749-003/2024(H5N1)	2005	2667
PB1|PP755595.1|A/cattle/Texas/24-008749-003/2024(H5N1)	2006	2635
PB1|PP755595.1|A/cattle/Texas/24-008749-003/2024(H5N1)	2007	2634
PB1|PP755595.1|A/cattle/Texas/24-008749-003/2024(H5N1)	2008	2634
PB1|PP755595.1|A/cattle/Texas/24-008749-003/2024(H5N1)	2009	2593
PB1|PP755595.1|A/cattle/Texas/24-008749-003/2024(H5N1)	2010	2589
PB1|PP755595.1|A/cattle/Texas/24-008749-003/2024(H5N1)	2011	2556
PB1|PP755595.1|A/cattle/Texas/24-008749-003/2024(H5N1)	2012	2556
PB1|PP755595.1|A/cattle/Texas/24-008749-003/2024(H5N1)	2013	2541
PB1|PP755595.1|A/cattle/Texas/24-008749-003/2024(H5N1)	2014	2472
PB1|PP755595.1|A/cattle/Texas/24-008749-003/2024(H5N1)	2015	2473
PB1|PP755595.1|A/cattle/Texas/24-008749-003/2024(H5N1)	2016	2462
PB1|PP755595.1|A/cattle/Texas/24-008749-003/2024(H5N1)	2017	2468
PB1|PP755595.1|A/cattle/Texas/24-008749-003/2024(H5N1)	2018	2470
PB1|PP755595.1|A/cattle/Texas/24-008749-003/2024(H5N1)	2019	2421
PB1|PP755595.1|A/cattle/Texas/24-008749-003/2024(H5N1)	2020	2478
PB1|PP755595.1|A/cattle/Texas/24-008749-003/2024(H5N1)	2021	2535
PB1|PP755595.1|A/cattle/Texas/24-008749-003/2024(H5N1)	2022	2697
PB1|PP755595.1|A/cattle/Texas/24-008749-003/2024(H5N1)	2023	2846
PB1|PP755595.1|A/cattle/Texas/24-008749-003/2024(H5N1)	2024	2799
PB1|PP755595.1|A/cattle/Texas/24-008749-003/2024(H5N1)	2025	2797
PB1|PP755595.1|A/cattle/Texas/24-008749-003/2024(H5N1)	2026	2819
PB1|PP755595.1|A/cattle/Texas/24-008749-003/2024(H5N1)	2027	2861
PB1|PP755595.1|A/cattle/Texas/24-008749-003/2024(H5N1)	2028	2863
PB1|PP755595.1|A/cattle/Texas/24-008749-003/2024(H5N1)	2029	2843
PB1|PP755595.1|A/cattle/Texas/24-008749-003/2024(H5N1)	2030	2746
PB1|PP755595.1|A/cattle/Texas/24-008749-003/2024(H5N1)	2031	2651
PB1|PP755595.1|A/cattle/Texas/24-008749-003/2024(H5N1)	2032	2663
PB1|PP755595.1|A/cattle/Texas/24-008749-003/2024(H5N1)	2033	2718
PB1|PP755595.1|A/cattle/Texas/24-008749-003/2024(H5N1)	2034	2832
PB1|PP755595.1|A/cattle/Texas/24-008749-003/2024(H5N1)	2035	4787
PB1|PP755595.1|A/cattle/Texas/24-008749-003/2024(H5N1)	2036	4791
PB1|PP755595.1|A/cattle/Texas/24-008749-003/2024(H5N1)	2037	4837
PB1|PP755595.1|A/cattle/Texas/24-008749-003/2024(H5N1)	2038	4843
PB1|PP755595.1|A/cattle/Texas/24-008749-003/2024(H5N1)	2039	4889
PB1|PP755595.1|A/cattle/Texas/24-008749-003/2024(H5N1)	2040	4939
PB1|PP755595.1|A/cattle/Texas/24-008749-003/2024(H5N1)	2041	4913
PB1|PP755595.1|A/cattle/Texas/24-008749-003/2024(H5N1)	2042	4900
PB1|PP755595.1|A/cattle/Texas/24-008749-003/2024(H5N1)	2043	4931
PB1|PP755595.1|A/cattle/Texas/24-008749-003/2024(H5N1)	2044	4955
PB1|PP755595.1|A/cattle/Texas/24-008749-003/2024(H5N1)	2045	4987
PB1|PP755595.1|A/cattle/Texas/24-008749-003/2024(H5N1)	2046	4981
PB1|PP755595.1|A/cattle/Texas/24-008749-003/2024(H5N1)	2047	4938
PB1|PP755595.1|A/cattle/Texas/24-008749-003/2024(H5N1)	2048	4910
PB1|PP755595.1|A/cattle/Texas/24-008749-003/2024(H5N1)	2049	4917
PB1|PP755595.1|A/cattle/Texas/24-008749-003/2024(H5N1)	2050	4916
PB1|PP755595.1|A/cattle/Texas/24-008749-003/2024(H5N1)	2051	4903
PB1|PP755595.1|A/cattle/Texas/24-008749-003/2024(H5N1)	2052	4827
PB1|PP755595.1|A/cattle/Texas/24-008749-003/2024(H5N1)	2053	4855
PB1|PP755595.1|A/cattle/Texas/24-008749-003/2024(H5N1)	2054	4861
PB1|PP755595.1|A/cattle/Texas/24-008749-003/2024(H5N1)	2055	4849
PB1|PP755595.1|A/cattle/Texas/24-008749-003/2024(H5N1)	2056	5195
PB1|PP755595.1|A/cattle/Texas/24-008749-003/2024(H5N1)	2057	5208
PB1|PP755595.1|A/cattle/Texas/24-008749-003/2024(H5N1)	2058	5216
PB1|PP755595.1|A/cattle/Texas/24-008749-003/2024(H5N1)	2059	5251
PB1|PP755595.1|A/cattle/Texas/24-008749-003/2024(H5N1)	2060	5219
PB1|PP755595.1|A/cattle/Texas/24-008749-003/2024(H5N1)	2061	5270
PB1|PP755595.1|A/cattle/Texas/24-008749-003/2024(H5N1)	2062	5319
PB1|PP755595.1|A/cattle/Texas/24-008749-003/2024(H5N1)	2063	5319
PB1|PP755595.1|A/cattle/Texas/24-008749-003/2024(H5N1)	2064	5320
PB1|PP755595.1|A/cattle/Texas/24-008749-003/2024(H5N1)	2065	5209
PB1|PP755595.1|A/cattle/Texas/24-008749-003/2024(H5N1)	2066	5181
PB1|PP755595.1|A/cattle/Texas/24-008749-003/2024(H5N1)	2067	4695
PB1|PP755595.1|A/cattle/Texas/24-008749-003/2024(H5N1)	2068	4670
PB1|PP755595.1|A/cattle/Texas/24-008749-003/2024(H5N1)	2069	4631
PB1|PP755595.1|A/cattle/Texas/24-008749-003/2024(H5N1)	2070	4605
PB1|PP755595.1|A/cattle/Texas/24-008749-003/2024(H5N1)	2071	4629
PB1|PP755595.1|A/cattle/Texas/24-008749-003/2024(H5N1)	2072	4634
PB1|PP755595.1|A/cattle/Texas/24-008749-003/2024(H5N1)	2073	4639
PB1|PP755595.1|A/cattle/Texas/24-008749-003/2024(H5N1)	2074	5166
PB1|PP755595.1|A/cattle/Texas/24-008749-003/2024(H5N1)	2075	5300
PB1|PP755595.1|A/cattle/Texas/24-008749-003/2024(H5N1)	2076	5337
PB1|PP755595.1|A/cattle/Texas/24-008749-003/2024(H5N1)	2077	5344
PB1|PP755595.1|A/cattle/Texas/24-008749-003/2024(H5N1)	2078	5353
PB1|PP755595.1|A/cattle/Texas/24-008749-003/2024(H5N1)	2079	5355
PB1|PP755595.1|A/cattle/Texas/24-008749-003/2024(H5N1)	2080	5355
PB1|PP755595.1|A/cattle/Texas/24-008749-003/2024(H5N1)	2081	5391
PB1|PP755595.1|A/cattle/Texas/24-008749-003/2024(H5N1)	2082	5410
PB1|PP755595.1|A/cattle/Texas/24-008749-003/2024(H5N1)	2083	5472
PB1|PP755595.1|A/cattle/Texas/24-008749-003/2024(H5N1)	2084	5541
PB1|PP755595.1|A/cattle/Texas/24-008749-003/2024(H5N1)	2085	5586
PB1|PP755595.1|A/cattle/Texas/24-008749-003/2024(H5N1)	2086	5608
PB1|PP755595.1|A/cattle/Texas/24-008749-003/2024(H5N1)	2087	5608
PB1|PP755595.1|A/cattle/Texas/24-008749-003/2024(H5N1)	2088	5450
PB1|PP755595.1|A/cattle/Texas/24-008749-003/2024(H5N1)	2089	5464
PB1|PP755595.1|A/cattle/Texas/24-008749-003/2024(H5N1)	2090	5463
PB1|PP755595.1|A/cattle/Texas/24-008749-003/2024(H5N1)	2091	5464
PB1|PP755595.1|A/cattle/Texas/24-008749-003/2024(H5N1)	2092	5920
PB1|PP755595.1|A/cattle/Texas/24-008749-003/2024(H5N1)	2093	6047
PB1|PP755595.1|A/cattle/Texas/24-008749-003/2024(H5N1)	2094	6099
PB1|PP755595.1|A/cattle/Texas/24-008749-003/2024(H5N1)	2095	6135
PB1|PP755595.1|A/cattle/Texas/24-008749-003/2024(H5N1)	2096	6215
PB1|PP755595.1|A/cattle/Texas/24-008749-003/2024(H5N1)	2097	6247
PB1|PP755595.1|A/cattle/Texas/24-008749-003/2024(H5N1)	2098	6320
PB1|PP755595.1|A/cattle/Texas/24-008749-003/2024(H5N1)	2099	6337
PB1|PP755595.1|A/cattle/Texas/24-008749-003/2024(H5N1)	2100	6322
PB1|PP755595.1|A/cattle/Texas/24-008749-003/2024(H5N1)	2101	6328
PB1|PP755595.1|A/cattle/Texas/24-008749-003/2024(H5N1)	2102	6324
PB1|PP755595.1|A/cattle/Texas/24-008749-003/2024(H5N1)	2103	6138
PB1|PP755595.1|A/cattle/Texas/24-008749-003/2024(H5N1)	2104	6139
PB1|PP755595.1|A/cattle/Texas/24-008749-003/2024(H5N1)	2105	6211
PB1|PP755595.1|A/cattle/Texas/24-008749-003/2024(H5N1)	2106	6576
PB1|PP755595.1|A/cattle/Texas/24-008749-003/2024(H5N1)	2107	6898
PB1|PP755595.1|A/cattle/Texas/24-008749-003/2024(H5N1)	2108	6927
PB1|PP755595.1|A/cattle/Texas/24-008749-003/2024(H5N1)	2109	6985
PB1|PP755595.1|A/cattle/Texas/24-008749-003/2024(H5N1)	2110	7146
PB1|PP755595.1|A/cattle/Texas/24-008749-003/2024(H5N1)	2111	7169
PB1|PP755595.1|A/cattle/Texas/24-008749-003/2024(H5N1)	2112	7268
PB1|PP755595.1|A/cattle/Texas/24-008749-003/2024(H5N1)	2113	7313
PB1|PP755595.1|A/cattle/Texas/24-008749-003/2024(H5N1)	2114	7306
PB1|PP755595.1|A/cattle/Texas/24-008749-003/2024(H5N1)	2115	7347
PB1|PP755595.1|A/cattle/Texas/24-008749-003/2024(H5N1)	2116	7231
PB1|PP755595.1|A/cattle/Texas/24-008749-003/2024(H5N1)	2117	7137
PB1|PP755595.1|A/cattle/Texas/24-008749-003/2024(H5N1)	2118	7231
PB1|PP755595.1|A/cattle/Texas/24-008749-003/2024(H5N1)	2119	7100
PB1|PP755595.1|A/cattle/Texas/24-008749-003/2024(H5N1)	2120	7093
PB1|PP755595.1|A/cattle/Texas/24-008749-003/2024(H5N1)	2121	6923
PB1|PP755595.1|A/cattle/Texas/24-008749-003/2024(H5N1)	2122	6948
PB1|PP755595.1|A/cattle/Texas/24-008749-003/2024(H5N1)	2123	6971
PB1|PP755595.1|A/cattle/Texas/24-008749-003/2024(H5N1)	2124	6981
PB1|PP755595.1|A/cattle/Texas/24-008749-003/2024(H5N1)	2125	7195
PB1|PP755595.1|A/cattle/Texas/24-008749-003/2024(H5N1)	2126	7235
PB1|PP755595.1|A/cattle/Texas/24-008749-003/2024(H5N1)	2127	7248
PB1|PP755595.1|A/cattle/Texas/24-008749-003/2024(H5N1)	2128	7250
PB1|PP755595.1|A/cattle/Texas/24-008749-003/2024(H5N1)	2129	7278
PB1|PP755595.1|A/cattle/Texas/24-008749-003/2024(H5N1)	2130	7341
PB1|PP755595.1|A/cattle/Texas/24-008749-003/2024(H5N1)	2131	7370
PB1|PP755595.1|A/cattle/Texas/24-008749-003/2024(H5N1)	2132	7358
PB1|PP755595.1|A/cattle/Texas/24-008749-003/2024(H5N1)	2133	7319
PB1|PP755595.1|A/cattle/Texas/24-008749-003/2024(H5N1)	2134	7488
PB1|PP755595.1|A/cattle/Texas/24-008749-003/2024(H5N1)	2135	7368
PB1|PP755595.1|A/cattle/Texas/24-008749-003/2024(H5N1)	2136	7369
PB1|PP755595.1|A/cattle/Texas/24-008749-003/2024(H5N1)	2137	7365
PB1|PP755595.1|A/cattle/Texas/24-008749-003/2024(H5N1)	2138	7422
PB1|PP755595.1|A/cattle/Texas/24-008749-003/2024(H5N1)	2139	7444
PB1|PP755595.1|A/cattle/Texas/24-008749-003/2024(H5N1)	2140	7720
PB1|PP755595.1|A/cattle/Texas/24-008749-003/2024(H5N1)	2141	7686
PB1|PP755595.1|A/cattle/Texas/24-008749-003/2024(H5N1)	2142	7766
PB1|PP755595.1|A/cattle/Texas/24-008749-003/2024(H5N1)	2143	7810
PB1|PP755595.1|A/cattle/Texas/24-008749-003/2024(H5N1)	2144	7804
PB1|PP755595.1|A/cattle/Texas/24-008749-003/2024(H5N1)	2145	7789
PB1|PP755595.1|A/cattle/Texas/24-008749-003/2024(H5N1)	2146	7806
PB1|PP755595.1|A/cattle/Texas/24-008749-003/2024(H5N1)	2147	7764
PB1|PP755595.1|A/cattle/Texas/24-008749-003/2024(H5N1)	2148	7773
PB1|PP755595.1|A/cattle/Texas/24-008749-003/2024(H5N1)	2149	7817
PB1|PP755595.1|A/cattle/Texas/24-008749-003/2024(H5N1)	2150	7817
PB1|PP755595.1|A/cattle/Texas/24-008749-003/2024(H5N1)	2151	7743
PB1|PP755595.1|A/cattle/Texas/24-008749-003/2024(H5N1)	2152	7344
PB1|PP755595.1|A/cattle/Texas/24-008749-003/2024(H5N1)	2153	7288
PB1|PP755595.1|A/cattle/Texas/24-008749-003/2024(H5N1)	2154	7334
PB1|PP755595.1|A/cattle/Texas/24-008749-003/2024(H5N1)	2155	7351
PB1|PP755595.1|A/cattle/Texas/24-008749-003/2024(H5N1)	2156	7253
PB1|PP755595.1|A/cattle/Texas/24-008749-003/2024(H5N1)	2157	7331
PB1|PP755595.1|A/cattle/Texas/24-008749-003/2024(H5N1)	2158	7272
PB1|PP755595.1|A/cattle/Texas/24-008749-003/2024(H5N1)	2159	7223
PB1|PP755595.1|A/cattle/Texas/24-008749-003/2024(H5N1)	2160	7229
PB1|PP755595.1|A/cattle/Texas/24-008749-003/2024(H5N1)	2161	7181
PB1|PP755595.1|A/cattle/Texas/24-008749-003/2024(H5N1)	2162	7178
PB1|PP755595.1|A/cattle/Texas/24-008749-003/2024(H5N1)	2163	7195
PB1|PP755595.1|A/cattle/Texas/24-008749-003/2024(H5N1)	2164	7167
PB1|PP755595.1|A/cattle/Texas/24-008749-003/2024(H5N1)	2165	7132
PB1|PP755595.1|A/cattle/Texas/24-008749-003/2024(H5N1)	2166	7710
PB1|PP755595.1|A/cattle/Texas/24-008749-003/2024(H5N1)	2167	7721
PB1|PP755595.1|A/cattle/Texas/24-008749-003/2024(H5N1)	2168	7737
PB1|PP755595.1|A/cattle/Texas/24-008749-003/2024(H5N1)	2169	7932
PB1|PP755595.1|A/cattle/Texas/24-008749-003/2024(H5N1)	2170	7944
PB1|PP755595.1|A/cattle/Texas/24-008749-003/2024(H5N1)	2171	8030
PB1|PP755595.1|A/cattle/Texas/24-008749-003/2024(H5N1)	2172	7794
PB1|PP755595.1|A/cattle/Texas/24-008749-003/2024(H5N1)	2173	7752
PB1|PP755595.1|A/cattle/Texas/24-008749-003/2024(H5N1)	2174	7645
PB1|PP755595.1|A/cattle/Texas/24-008749-003/2024(H5N1)	2175	7641
PB1|PP755595.1|A/cattle/Texas/24-008749-003/2024(H5N1)	2176	7617
PB1|PP755595.1|A/cattle/Texas/24-008749-003/2024(H5N1)	2177	7541
PB1|PP755595.1|A/cattle/Texas/24-008749-003/2024(H5N1)	2178	7528
PB1|PP755595.1|A/cattle/Texas/24-008749-003/2024(H5N1)	2179	7542
PB1|PP755595.1|A/cattle/Texas/24-008749-003/2024(H5N1)	2180	7515
PB1|PP755595.1|A/cattle/Texas/24-008749-003/2024(H5N1)	2181	7532
PB1|PP755595.1|A/cattle/Texas/24-008749-003/2024(H5N1)	2182	7537
PB1|PP755595.1|A/cattle/Texas/24-008749-003/2024(H5N1)	2183	7494
PB1|PP755595.1|A/cattle/Texas/24-008749-003/2024(H5N1)	2184	7211
PB1|PP755595.1|A/cattle/Texas/24-008749-003/2024(H5N1)	2185	7252
PB1|PP755595.1|A/cattle/Texas/24-008749-003/2024(H5N1)	2186	7238
PB1|PP755595.1|A/cattle/Texas/24-008749-003/2024(H5N1)	2187	7228
PB1|PP755595.1|A/cattle/Texas/24-008749-003/2024(H5N1)	2188	7177
PB1|PP755595.1|A/cattle/Texas/24-008749-003/2024(H5N1)	2189	7170
PB1|PP755595.1|A/cattle/Texas/24-008749-003/2024(H5N1)	2190	7055
PB1|PP755595.1|A/cattle/Texas/24-008749-003/2024(H5N1)	2191	7056
PB1|PP755595.1|A/cattle/Texas/24-008749-003/2024(H5N1)	2192	7104
PB1|PP755595.1|A/cattle/Texas/24-008749-003/2024(H5N1)	2193	7079
PB1|PP755595.1|A/cattle/Texas/24-008749-003/2024(H5N1)	2194	6979
PB1|PP755595.1|A/cattle/Texas/24-008749-003/2024(H5N1)	2195	6924
PB1|PP755595.1|A/cattle/Texas/24-008749-003/2024(H5N1)	2196	6893
PB1|PP755595.1|A/cattle/Texas/24-008749-003/2024(H5N1)	2197	6857
PB1|PP755595.1|A/cattle/Texas/24-008749-003/2024(H5N1)	2198	6849
PB1|PP755595.1|A/cattle/Texas/24-008749-003/2024(H5N1)	2199	6826
PB1|PP755595.1|A/cattle/Texas/24-008749-003/2024(H5N1)	2200	6646
PB1|PP755595.1|A/cattle/Texas/24-008749-003/2024(H5N1)	2201	6575
PB1|PP755595.1|A/cattle/Texas/24-008749-003/2024(H5N1)	2202	6535
PB1|PP755595.1|A/cattle/Texas/24-008749-003/2024(H5N1)	2203	6506
PB1|PP755595.1|A/cattle/Texas/24-008749-003/2024(H5N1)	2204	6478
PB1|PP755595.1|A/cattle/Texas/24-008749-003/2024(H5N1)	2205	6466
PB1|PP755595.1|A/cattle/Texas/24-008749-003/2024(H5N1)	2206	6462
PB1|PP755595.1|A/cattle/Texas/24-008749-003/2024(H5N1)	2207	6365
PB1|PP755595.1|A/cattle/Texas/24-008749-003/2024(H5N1)	2208	6338
PB1|PP755595.1|A/cattle/Texas/24-008749-003/2024(H5N1)	2209	6412
PB1|PP755595.1|A/cattle/Texas/24-008749-003/2024(H5N1)	2210	6394
PB1|PP755595.1|A/cattle/Texas/24-008749-003/2024(H5N1)	2211	6303
PB1|PP755595.1|A/cattle/Texas/24-008749-003/2024(H5N1)	2212	6239
PB1|PP755595.1|A/cattle/Texas/24-008749-003/2024(H5N1)	2213	6270
PB1|PP755595.1|A/cattle/Texas/24-008749-003/2024(H5N1)	2214	6259
PB1|PP755595.1|A/cattle/Texas/24-008749-003/2024(H5N1)	2215	6392
PB1|PP755595.1|A/cattle/Texas/24-008749-003/2024(H5N1)	2216	6346
PB1|PP755595.1|A/cattle/Texas/24-008749-003/2024(H5N1)	2217	6353
PB1|PP755595.1|A/cattle/Texas/24-008749-003/2024(H5N1)	2218	6277
PB1|PP755595.1|A/cattle/Texas/24-008749-003/2024(H5N1)	2219	6263
PB1|PP755595.1|A/cattle/Texas/24-008749-003/2024(H5N1)	2220	6252
PB1|PP755595.1|A/cattle/Texas/24-008749-003/2024(H5N1)	2221	6225
PB1|PP755595.1|A/cattle/Texas/24-008749-003/2024(H5N1)	2222	6167
PB1|PP755595.1|A/cattle/Texas/24-008749-003/2024(H5N1)	2223	6159
PB1|PP755595.1|A/cattle/Texas/24-008749-003/2024(H5N1)	2224	6157
PB1|PP755595.1|A/cattle/Texas/24-008749-003/2024(H5N1)	2225	6008
PB1|PP755595.1|A/cattle/Texas/24-008749-003/2024(H5N1)	2226	5998
PB1|PP755595.1|A/cattle/Texas/24-008749-003/2024(H5N1)	2227	5991
PB1|PP755595.1|A/cattle/Texas/24-008749-003/2024(H5N1)	2228	5984
PB1|PP755595.1|A/cattle/Texas/24-008749-003/2024(H5N1)	2229	5986
PB1|PP755595.1|A/cattle/Texas/24-008749-003/2024(H5N1)	2230	5977
PB1|PP755595.1|A/cattle/Texas/24-008749-003/2024(H5N1)	2231	5971
PB1|PP755595.1|A/cattle/Texas/24-008749-003/2024(H5N1)	2232	5812
PB1|PP755595.1|A/cattle/Texas/24-008749-003/2024(H5N1)	2233	6023
PB1|PP755595.1|A/cattle/Texas/24-008749-003/2024(H5N1)	2234	5989
PB1|PP755595.1|A/cattle/Texas/24-008749-003/2024(H5N1)	2235	5935
PB1|PP755595.1|A/cattle/Texas/24-008749-003/2024(H5N1)	2236	5852
PB1|PP755595.1|A/cattle/Texas/24-008749-003/2024(H5N1)	2237	5829
PB1|PP755595.1|A/cattle/Texas/24-008749-003/2024(H5N1)	2238	5784
PB1|PP755595.1|A/cattle/Texas/24-008749-003/2024(H5N1)	2239	5514
PB1|PP755595.1|A/cattle/Texas/24-008749-003/2024(H5N1)	2240	5537
PB1|PP755595.1|A/cattle/Texas/24-008749-003/2024(H5N1)	2241	5531
PB1|PP755595.1|A/cattle/Texas/24-008749-003/2024(H5N1)	2242	5526
PB1|PP755595.1|A/cattle/Texas/24-008749-003/2024(H5N1)	2243	5521
PB1|PP755595.1|A/cattle/Texas/24-008749-003/2024(H5N1)	2244	5365
PB1|PP755595.1|A/cattle/Texas/24-008749-003/2024(H5N1)	2245	5353
PB1|PP755595.1|A/cattle/Texas/24-008749-003/2024(H5N1)	2246	5405
PB1|PP755595.1|A/cattle/Texas/24-008749-003/2024(H5N1)	2247	5302
PB1|PP755595.1|A/cattle/Texas/24-008749-003/2024(H5N1)	2248	5277
PB1|PP755595.1|A/cattle/Texas/24-008749-003/2024(H5N1)	2249	5148
PB1|PP755595.1|A/cattle/Texas/24-008749-003/2024(H5N1)	2250	5119
PB1|PP755595.1|A/cattle/Texas/24-008749-003/2024(H5N1)	2251	5086
PB1|PP755595.1|A/cattle/Texas/24-008749-003/2024(H5N1)	2252	5070
PB1|PP755595.1|A/cattle/Texas/24-008749-003/2024(H5N1)	2253	5060
PB1|PP755595.1|A/cattle/Texas/24-008749-003/2024(H5N1)	2254	5040
PB1|PP755595.1|A/cattle/Texas/24-008749-003/2024(H5N1)	2255	4514
PB1|PP755595.1|A/cattle/Texas/24-008749-003/2024(H5N1)	2256	4470
PB1|PP755595.1|A/cattle/Texas/24-008749-003/2024(H5N1)	2257	4291
PB1|PP755595.1|A/cattle/Texas/24-008749-003/2024(H5N1)	2258	4250
PB1|PP755595.1|A/cattle/Texas/24-008749-003/2024(H5N1)	2259	4246
PB1|PP755595.1|A/cattle/Texas/24-008749-003/2024(H5N1)	2260	4171
PB1|PP755595.1|A/cattle/Texas/24-008749-003/2024(H5N1)	2261	4093
PB1|PP755595.1|A/cattle/Texas/24-008749-003/2024(H5N1)	2262	4084
PB1|PP755595.1|A/cattle/Texas/24-008749-003/2024(H5N1)	2263	3982
PB1|PP755595.1|A/cattle/Texas/24-008749-003/2024(H5N1)	2264	3932
PB1|PP755595.1|A/cattle/Texas/24-008749-003/2024(H5N1)	2265	3772
PB1|PP755595.1|A/cattle/Texas/24-008749-003/2024(H5N1)	2266	3741
PB1|PP755595.1|A/cattle/Texas/24-008749-003/2024(H5N1)	2267	3739
PB1|PP755595.1|A/cattle/Texas/24-008749-003/2024(H5N1)	2268	3682
PB1|PP755595.1|A/cattle/Texas/24-008749-003/2024(H5N1)	2269	3682
PB1|PP755595.1|A/cattle/Texas/24-008749-003/2024(H5N1)	2270	3677
PB1|PP755595.1|A/cattle/Texas/24-008749-003/2024(H5N1)	2271	3668
PB1|PP755595.1|A/cattle/Texas/24-008749-003/2024(H5N1)	2272	3656
PB1|PP755595.1|A/cattle/Texas/24-008749-003/2024(H5N1)	2273	3607
PB1|PP755595.1|A/cattle/Texas/24-008749-003/2024(H5N1)	2274	3588
