HA|PP755589.1|A/cattle/Texas/24-008749-003/2024(H5N1)	1	76
HA|PP755589.1|A/cattle/Texas/24-008749-003/2024(H5N1)	2	76
HA|PP755589.1|A/cattle/Texas/24-008749-003/2024(H5N1)	3	113
HA|PP755589.1|A/cattle/Texas/24-008749-003/2024(H5N1)	4	114
HA|PP755589.1|A/cattle/Texas/24-008749-003/2024(H5N1)	5	2981
HA|PP755589.1|A/cattle/Texas/24-008749-003/2024(H5N1)	6	3045
HA|PP755589.1|A/cattle/Texas/24-008749-003/2024(H5N1)	7	3052
HA|PP755589.1|A/cattle/Texas/24-008749-003/2024(H5N1)	8	3483
HA|PP755589.1|A/cattle/Texas/24-008749-003/2024(H5N1)	9	3502
HA|PP755589.1|A/cattle/Texas/24-008749-003/2024(H5N1)	10	3510
HA|PP755589.1|A/cattle/Texas/24-008749-003/2024(H5N1)	11	3698
HA|PP755589.1|A/cattle/Texas/24-008749-003/2024(H5N1)	12	3702
HA|PP755589.1|A/cattle/Texas/24-008749-003/2024(H5N1)	13	4245
HA|PP755589.1|A/cattle/Texas/24-008749-003/2024(H5N1)	14	4248
HA|PP755589.1|A/cattle/Texas/24-008749-003/2024(H5N1)	15	4251
HA|PP755589.1|A/cattle/Texas/24-008749-003/2024(H5N1)	16	4251
HA|PP755589.1|A/cattle/Texas/24-008749-003/2024(H5N1)	17	4257
HA|PP755589.1|A/cattle/Texas/24-008749-003/2024(H5N1)	18	4287
HA|PP755589.1|A/cattle/Texas/24-008749-003/2024(H5N1)	19	4363
HA|PP755589.1|A/cattle/Texas/24-008749-003/2024(H5N1)	20	4368
HA|PP755589.1|A/cattle/Texas/24-008749-003/2024(H5N1)	21	4393
HA|PP755589.1|A/cattle/Texas/24-008749-003/2024(H5N1)	22	4408
HA|PP755589.1|A/cattle/Texas/24-008749-003/2024(H5N1)	23	4437
HA|PP755589.1|A/cattle/Texas/24-008749-003/2024(H5N1)	24	4442
HA|PP755589.1|A/cattle/Texas/24-008749-003/2024(H5N1)	25	4456
HA|PP755589.1|A/cattle/Texas/24-008749-003/2024(H5N1)	26	4464
HA|PP755589.1|A/cattle/Texas/24-008749-003/2024(H5N1)	27	4466
HA|PP755589.1|A/cattle/Texas/24-008749-003/2024(H5N1)	28	4507
HA|PP755589.1|A/cattle/Texas/24-008749-003/2024(H5N1)	29	4623
HA|PP755589.1|A/cattle/Texas/24-008749-003/2024(H5N1)	30	4725
HA|PP755589.1|A/cattle/Texas/24-008749-003/2024(H5N1)	31	4726
HA|PP755589.1|A/cattle/Texas/24-008749-003/2024(H5N1)	32	4727
HA|PP755589.1|A/cattle/Texas/24-008749-003/2024(H5N1)	33	4736
HA|PP755589.1|A/cattle/Texas/24-008749-003/2024(H5N1)	34	4741
HA|PP755589.1|A/cattle/Texas/24-008749-003/2024(H5N1)	35	4776
HA|PP755589.1|A/cattle/Texas/24-008749-003/2024(H5N1)	36	4877
HA|PP755589.1|A/cattle/Texas/24-008749-003/2024(H5N1)	37	4891
HA|PP755589.1|A/cattle/Texas/24-008749-003/2024(H5N1)	38	4908
HA|PP755589.1|A/cattle/Texas/24-008749-003/2024(H5N1)	39	5143
HA|PP755589.1|A/cattle/Texas/24-008749-003/2024(H5N1)	40	5195
HA|PP755589.1|A/cattle/Texas/24-008749-003/2024(H5N1)	41	5196
HA|PP755589.1|A/cattle/Texas/24-008749-003/2024(H5N1)	42	5208
HA|PP755589.1|A/cattle/Texas/24-008749-003/2024(H5N1)	43	5237
HA|PP755589.1|A/cattle/Texas/24-008749-003/2024(H5N1)	44	5262
HA|PP755589.1|A/cattle/Texas/24-008749-003/2024(H5N1)	45	5264
HA|PP755589.1|A/cattle/Texas/24-008749-003/2024(H5N1)	46	5264
HA|PP755589.1|A/cattle/Texas/24-008749-003/2024(H5N1)	47	5294
HA|PP755589.1|A/cattle/Texas/24-008749-003/2024(H5N1)	48	5283
HA|PP755589.1|A/cattle/Texas/24-008749-003/2024(H5N1)	49	5318
HA|PP755589.1|A/cattle/Texas/24-008749-003/2024(H5N1)	50	5324
HA|PP755589.1|A/cattle/Texas/24-008749-003/2024(H5N1)	51	5331
HA|PP755589.1|A/cattle/Texas/24-008749-003/2024(H5N1)	52	5333
HA|PP755589.1|A/cattle/Texas/24-008749-003/2024(H5N1)	53	5332
HA|PP755589.1|A/cattle/Texas/24-008749-003/2024(H5N1)	54	5605
HA|PP755589.1|A/cattle/Texas/24-008749-003/2024(H5N1)	55	5607
HA|PP755589.1|A/cattle/Texas/24-008749-003/2024(H5N1)	56	5616
HA|PP755589.1|A/cattle/Texas/24-008749-003/2024(H5N1)	57	5633
HA|PP755589.1|A/cattle/Texas/24-008749-003/2024(H5N1)	58	5691
HA|PP755589.1|A/cattle/Texas/24-008749-003/2024(H5N1)	59	5746
HA|PP755589.1|A/cattle/Texas/24-008749-003/2024(H5N1)	60	5754
HA|PP755589.1|A/cattle/Texas/24-008749-003/2024(H5N1)	61	5757
HA|PP755589.1|A/cattle/Texas/24-008749-003/2024(H5N1)	62	5766
HA|PP755589.1|A/cattle/Texas/24-008749-003/2024(H5N1)	63	5767
HA|PP755589.1|A/cattle/Texas/24-008749-003/2024(H5N1)	64	5867
HA|PP755589.1|A/cattle/Texas/24-008749-003/2024(H5N1)	65	5875
HA|PP755589.1|A/cattle/Texas/24-008749-003/2024(H5N1)	66	5969
HA|PP755589.1|A/cattle/Texas/24-008749-003/2024(H5N1)	67	5970
HA|PP755589.1|A/cattle/Texas/24-008749-003/2024(H5N1)	68	6037
HA|PP755589.1|A/cattle/Texas/24-008749-003/2024(H5N1)	69	6094
HA|PP755589.1|A/cattle/Texas/24-008749-003/2024(H5N1)	70	6138
HA|PP755589.1|A/cattle/Texas/24-008749-003/2024(H5N1)	71	6179
HA|PP755589.1|A/cattle/Texas/24-008749-003/2024(H5N1)	72	6187
HA|PP755589.1|A/cattle/Texas/24-008749-003/2024(H5N1)	73	6192
HA|PP755589.1|A/cattle/Texas/24-008749-003/2024(H5N1)	74	6350
HA|PP755589.1|A/cattle/Texas/24-008749-003/2024(H5N1)	75	6402
HA|PP755589.1|A/cattle/Texas/24-008749-003/2024(H5N1)	76	6592
HA|PP755589.1|A/cattle/Texas/24-008749-003/2024(H5N1)	77	6749
HA|PP755589.1|A/cattle/Texas/24-008749-003/2024(H5N1)	78	7000
HA|PP755589.1|A/cattle/Texas/24-008749-003/2024(H5N1)	79	7004
HA|PP755589.1|A/cattle/Texas/24-008749-003/2024(H5N1)	80	7034
HA|PP755589.1|A/cattle/Texas/24-008749-003/2024(H5N1)	81	7068
HA|PP755589.1|A/cattle/Texas/24-008749-003/2024(H5N1)	82	7068
HA|PP755589.1|A/cattle/Texas/24-008749-003/2024(H5N1)	83	7086
HA|PP755589.1|A/cattle/Texas/24-008749-003/2024(H5N1)	84	7087
HA|PP755589.1|A/cattle/Texas/24-008749-003/2024(H5N1)	85	7088
HA|PP755589.1|A/cattle/Texas/24-008749-003/2024(H5N1)	86	7089
HA|PP755589.1|A/cattle/Texas/24-008749-003/2024(H5N1)	87	7060
HA|PP755589.1|A/cattle/Texas/24-008749-003/2024(H5N1)	88	7311
HA|PP755589.1|A/cattle/Texas/24-008749-003/2024(H5N1)	89	7342
HA|PP755589.1|A/cattle/Texas/24-008749-003/2024(H5N1)	90	7356
HA|PP755589.1|A/cattle/Texas/24-008749-003/2024(H5N1)	91	7376
HA|PP755589.1|A/cattle/Texas/24-008749-003/2024(H5N1)	92	7395
HA|PP755589.1|A/cattle/Texas/24-008749-003/2024(H5N1)	93	7440
HA|PP755589.1|A/cattle/Texas/24-008749-003/2024(H5N1)	94	7461
HA|PP755589.1|A/cattle/Texas/24-008749-003/2024(H5N1)	95	7463
HA|PP755589.1|A/cattle/Texas/24-008749-003/2024(H5N1)	96	7499
HA|PP755589.1|A/cattle/Texas/24-008749-003/2024(H5N1)	97	7485
HA|PP755589.1|A/cattle/Texas/24-008749-003/2024(H5N1)	98	7528
HA|PP755589.1|A/cattle/Texas/24-008749-003/2024(H5N1)	99	7536
HA|PP755589.1|A/cattle/Texas/24-008749-003/2024(H5N1)	100	7533
HA|PP755589.1|A/cattle/Texas/24-008749-003/2024(H5N1)	101	7587
HA|PP755589.1|A/cattle/Texas/24-008749-003/2024(H5N1)	102	7578
HA|PP755589.1|A/cattle/Texas/24-008749-003/2024(H5N1)	103	7592
HA|PP755589.1|A/cattle/Texas/24-008749-003/2024(H5N1)	104	7596
HA|PP755589.1|A/cattle/Texas/24-008749-003/2024(H5N1)	105	7562
HA|PP755589.1|A/cattle/Texas/24-008749-003/2024(H5N1)	106	7582
HA|PP755589.1|A/cattle/Texas/24-008749-003/2024(H5N1)	107	7585
HA|PP755589.1|A/cattle/Texas/24-008749-003/2024(H5N1)	108	7601
HA|PP755589.1|A/cattle/Texas/24-008749-003/2024(H5N1)	109	7620
HA|PP755589.1|A/cattle/Texas/24-008749-003/2024(H5N1)	110	7608
HA|PP755589.1|A/cattle/Texas/24-008749-003/2024(H5N1)	111	7641
HA|PP755589.1|A/cattle/Texas/24-008749-003/2024(H5N1)	112	7639
HA|PP755589.1|A/cattle/Texas/24-008749-003/2024(H5N1)	113	7637
HA|PP755589.1|A/cattle/Texas/24-008749-003/2024(H5N1)	114	7664
HA|PP755589.1|A/cattle/Texas/24-008749-003/2024(H5N1)	115	7749
HA|PP755589.1|A/cattle/Texas/24-008749-003/2024(H5N1)	116	7809
HA|PP755589.1|A/cattle/Texas/24-008749-003/2024(H5N1)	117	7843
HA|PP755589.1|A/cattle/Texas/24-008749-003/2024(H5N1)	118	7835
HA|PP755589.1|A/cattle/Texas/24-008749-003/2024(H5N1)	119	7835
HA|PP755589.1|A/cattle/Texas/24-008749-003/2024(H5N1)	120	7826
HA|PP755589.1|A/cattle/Texas/24-008749-003/2024(H5N1)	121	7839
HA|PP755589.1|A/cattle/Texas/24-008749-003/2024(H5N1)	122	7055
HA|PP755589.1|A/cattle/Texas/24-008749-003/2024(H5N1)	123	7113
HA|PP755589.1|A/cattle/Texas/24-008749-003/2024(H5N1)	124	7189
HA|PP755589.1|A/cattle/Texas/24-008749-003/2024(H5N1)	125	7200
HA|PP755589.1|A/cattle/Texas/24-008749-003/2024(H5N1)	126	7216
HA|PP755589.1|A/cattle/Texas/24-008749-003/2024(H5N1)	127	7227
HA|PP755589.1|A/cattle/Texas/24-008749-003/2024(H5N1)	128	7151
HA|PP755589.1|A/cattle/Texas/24-008749-003/2024(H5N1)	129	7153
HA|PP755589.1|A/cattle/Texas/24-008749-003/2024(H5N1)	130	7122
HA|PP755589.1|A/cattle/Texas/24-008749-003/2024(H5N1)	131	6997
HA|PP755589.1|A/cattle/Texas/24-008749-003/2024(H5N1)	132	7006
HA|PP755589.1|A/cattle/Texas/24-008749-003/2024(H5N1)	133	7285
HA|PP755589.1|A/cattle/Texas/24-008749-003/2024(H5N1)	134	7861
HA|PP755589.1|A/cattle/Texas/24-008749-003/2024(H5N1)	135	7495
HA|PP755589.1|A/cattle/Texas/24-008749-003/2024(H5N1)	136	7548
HA|PP755589.1|A/cattle/Texas/24-008749-003/2024(H5N1)	137	7545
HA|PP755589.1|A/cattle/Texas/24-008749-003/2024(H5N1)	138	7580
HA|PP755589.1|A/cattle/Texas/24-008749-003/2024(H5N1)	139	7609
HA|PP755589.1|A/cattle/Texas/24-008749-003/2024(H5N1)	140	7842
HA|PP755589.1|A/cattle/Texas/24-008749-003/2024(H5N1)	141	7766
HA|PP755589.1|A/cattle/Texas/24-008749-003/2024(H5N1)	142	7720
HA|PP755589.1|A/cattle/Texas/24-008749-003/2024(H5N1)	143	7724
HA|PP755589.1|A/cattle/Texas/24-008749-003/2024(H5N1)	144	7737
HA|PP755589.1|A/cattle/Texas/24-008749-003/2024(H5N1)	145	7578
HA|PP755589.1|A/cattle/Texas/24-008749-003/2024(H5N1)	146	7575
HA|PP755589.1|A/cattle/Texas/24-008749-003/2024(H5N1)	147	7593
HA|PP755589.1|A/cattle/Texas/24-008749-003/2024(H5N1)	148	7614
HA|PP755589.1|A/cattle/Texas/24-008749-003/2024(H5N1)	149	7610
HA|PP755589.1|A/cattle/Texas/24-008749-003/2024(H5N1)	150	7615
HA|PP755589.1|A/cattle/Texas/24-008749-003/2024(H5N1)	151	7649
HA|PP755589.1|A/cattle/Texas/24-008749-003/2024(H5N1)	152	7898
HA|PP755589.1|A/cattle/Texas/24-008749-003/2024(H5N1)	153	7898
HA|PP755589.1|A/cattle/Texas/24-008749-003/2024(H5N1)	154	7872
HA|PP755589.1|A/cattle/Texas/24-008749-003/2024(H5N1)	155	7871
HA|PP755589.1|A/cattle/Texas/24-008749-003/2024(H5N1)	156	7900
HA|PP755589.1|A/cattle/Texas/24-008749-003/2024(H5N1)	157	7861
HA|PP755589.1|A/cattle/Texas/24-008749-003/2024(H5N1)	158	7853
HA|PP755589.1|A/cattle/Texas/24-008749-003/2024(H5N1)	159	7518
HA|PP755589.1|A/cattle/Texas/24-008749-003/2024(H5N1)	160	7520
HA|PP755589.1|A/cattle/Texas/24-008749-003/2024(H5N1)	161	7683
HA|PP755589.1|A/cattle/Texas/24-008749-003/2024(H5N1)	162	7567
HA|PP755589.1|A/cattle/Texas/24-008749-003/2024(H5N1)	163	7577
HA|PP755589.1|A/cattle/Texas/24-008749-003/2024(H5N1)	164	7138
HA|PP755589.1|A/cattle/Texas/24-008749-003/2024(H5N1)	165	7144
HA|PP755589.1|A/cattle/Texas/24-008749-003/2024(H5N1)	166	7167
HA|PP755589.1|A/cattle/Texas/24-008749-003/2024(H5N1)	167	7170
HA|PP755589.1|A/cattle/Texas/24-008749-003/2024(H5N1)	168	7215
HA|PP755589.1|A/cattle/Texas/24-008749-003/2024(H5N1)	169	7228
HA|PP755589.1|A/cattle/Texas/24-008749-003/2024(H5N1)	170	7140
HA|PP755589.1|A/cattle/Texas/24-008749-003/2024(H5N1)	171	7152
HA|PP755589.1|A/cattle/Texas/24-008749-003/2024(H5N1)	172	7125
HA|PP755589.1|A/cattle/Texas/24-008749-003/2024(H5N1)	173	7118
HA|PP755589.1|A/cattle/Texas/24-008749-003/2024(H5N1)	174	7446
HA|PP755589.1|A/cattle/Texas/24-008749-003/2024(H5N1)	175	7456
HA|PP755589.1|A/cattle/Texas/24-008749-003/2024(H5N1)	176	7700
HA|PP755589.1|A/cattle/Texas/24-008749-003/2024(H5N1)	177	7790
HA|PP755589.1|A/cattle/Texas/24-008749-003/2024(H5N1)	178	7820
HA|PP755589.1|A/cattle/Texas/24-008749-003/2024(H5N1)	179	7841
HA|PP755589.1|A/cattle/Texas/24-008749-003/2024(H5N1)	180	7904
HA|PP755589.1|A/cattle/Texas/24-008749-003/2024(H5N1)	181	7826
HA|PP755589.1|A/cattle/Texas/24-008749-003/2024(H5N1)	182	7827
HA|PP755589.1|A/cattle/Texas/24-008749-003/2024(H5N1)	183	7843
HA|PP755589.1|A/cattle/Texas/24-008749-003/2024(H5N1)	184	7857
HA|PP755589.1|A/cattle/Texas/24-008749-003/2024(H5N1)	185	7804
HA|PP755589.1|A/cattle/Texas/24-008749-003/2024(H5N1)	186	7796
HA|PP755589.1|A/cattle/Texas/24-008749-003/2024(H5N1)	187	7798
HA|PP755589.1|A/cattle/Texas/24-008749-003/2024(H5N1)	188	7889
HA|PP755589.1|A/cattle/Texas/24-008749-003/2024(H5N1)	189	7847
HA|PP755589.1|A/cattle/Texas/24-008749-003/2024(H5N1)	190	7722
HA|PP755589.1|A/cattle/Texas/24-008749-003/2024(H5N1)	191	7674
HA|PP755589.1|A/cattle/Texas/24-008749-003/2024(H5N1)	192	7680
HA|PP755589.1|A/cattle/Texas/24-008749-003/2024(H5N1)	193	7694
HA|PP755589.1|A/cattle/Texas/24-008749-003/2024(H5N1)	194	7664
HA|PP755589.1|A/cattle/Texas/24-008749-003/2024(H5N1)	195	7654
HA|PP755589.1|A/cattle/Texas/24-008749-003/2024(H5N1)	196	7678
HA|PP755589.1|A/cattle/Texas/24-008749-003/2024(H5N1)	197	7720
HA|PP755589.1|A/cattle/Texas/24-008749-003/2024(H5N1)	198	7794
HA|PP755589.1|A/cattle/Texas/24-008749-003/2024(H5N1)	199	7849
HA|PP755589.1|A/cattle/Texas/24-008749-003/2024(H5N1)	200	7954
HA|PP755589.1|A/cattle/Texas/24-008749-003/2024(H5N1)	201	7959
HA|PP755589.1|A/cattle/Texas/24-008749-003/2024(H5N1)	202	7955
HA|PP755589.1|A/cattle/Texas/24-008749-003/2024(H5N1)	203	7955
HA|PP755589.1|A/cattle/Texas/24-008749-003/2024(H5N1)	204	7990
HA|PP755589.1|A/cattle/Texas/24-008749-003/2024(H5N1)	205	7752
HA|PP755589.1|A/cattle/Texas/24-008749-003/2024(H5N1)	206	7750
HA|PP755589.1|A/cattle/Texas/24-008749-003/2024(H5N1)	207	7934
HA|PP755589.1|A/cattle/Texas/24-008749-003/2024(H5N1)	208	8010
HA|PP755589.1|A/cattle/Texas/24-008749-003/2024(H5N1)	209	7958
HA|PP755589.1|A/cattle/Texas/24-008749-003/2024(H5N1)	210	8041
HA|PP755589.1|A/cattle/Texas/24-008749-003/2024(H5N1)	211	8091
HA|PP755589.1|A/cattle/Texas/24-008749-003/2024(H5N1)	212	8165
HA|PP755589.1|A/cattle/Texas/24-008749-003/2024(H5N1)	213	8204
HA|PP755589.1|A/cattle/Texas/24-008749-003/2024(H5N1)	214	8201
HA|PP755589.1|A/cattle/Texas/24-008749-003/2024(H5N1)	215	8390
HA|PP755589.1|A/cattle/Texas/24-008749-003/2024(H5N1)	216	8386
HA|PP755589.1|A/cattle/Texas/24-008749-003/2024(H5N1)	217	8451
HA|PP755589.1|A/cattle/Texas/24-008749-003/2024(H5N1)	218	8481
HA|PP755589.1|A/cattle/Texas/24-008749-003/2024(H5N1)	219	8402
HA|PP755589.1|A/cattle/Texas/24-008749-003/2024(H5N1)	220	8404
HA|PP755589.1|A/cattle/Texas/24-008749-003/2024(H5N1)	221	8419
HA|PP755589.1|A/cattle/Texas/24-008749-003/2024(H5N1)	222	8376
HA|PP755589.1|A/cattle/Texas/24-008749-003/2024(H5N1)	223	8421
HA|PP755589.1|A/cattle/Texas/24-008749-003/2024(H5N1)	224	8231
HA|PP755589.1|A/cattle/Texas/24-008749-003/2024(H5N1)	225	8229
HA|PP755589.1|A/cattle/Texas/24-008749-003/2024(H5N1)	226	8345
HA|PP755589.1|A/cattle/Texas/24-008749-003/2024(H5N1)	227	8147
HA|PP755589.1|A/cattle/Texas/24-008749-003/2024(H5N1)	228	8011
HA|PP755589.1|A/cattle/Texas/24-008749-003/2024(H5N1)	229	7800
HA|PP755589.1|A/cattle/Texas/24-008749-003/2024(H5N1)	230	7794
HA|PP755589.1|A/cattle/Texas/24-008749-003/2024(H5N1)	231	7827
HA|PP755589.1|A/cattle/Texas/24-008749-003/2024(H5N1)	232	7775
HA|PP755589.1|A/cattle/Texas/24-008749-003/2024(H5N1)	233	7784
HA|PP755589.1|A/cattle/Texas/24-008749-003/2024(H5N1)	234	7811
HA|PP755589.1|A/cattle/Texas/24-008749-003/2024(H5N1)	235	7810
HA|PP755589.1|A/cattle/Texas/24-008749-003/2024(H5N1)	236	7818
HA|PP755589.1|A/cattle/Texas/24-008749-003/2024(H5N1)	237	7799
HA|PP755589.1|A/cattle/Texas/24-008749-003/2024(H5N1)	238	7814
HA|PP755589.1|A/cattle/Texas/24-008749-003/2024(H5N1)	239	7600
HA|PP755589.1|A/cattle/Texas/24-008749-003/2024(H5N1)	240	7650
HA|PP755589.1|A/cattle/Texas/24-008749-003/2024(H5N1)	241	7639
HA|PP755589.1|A/cattle/Texas/24-008749-003/2024(H5N1)	242	7636
HA|PP755589.1|A/cattle/Texas/24-008749-003/2024(H5N1)	243	7617
HA|PP755589.1|A/cattle/Texas/24-008749-003/2024(H5N1)	244	7590
HA|PP755589.1|A/cattle/Texas/24-008749-003/2024(H5N1)	245	7650
HA|PP755589.1|A/cattle/Texas/24-008749-003/2024(H5N1)	246	7655
HA|PP755589.1|A/cattle/Texas/24-008749-003/2024(H5N1)	247	7728
HA|PP755589.1|A/cattle/Texas/24-008749-003/2024(H5N1)	248	7724
HA|PP755589.1|A/cattle/Texas/24-008749-003/2024(H5N1)	249	7682
HA|PP755589.1|A/cattle/Texas/24-008749-003/2024(H5N1)	250	7679
HA|PP755589.1|A/cattle/Texas/24-008749-003/2024(H5N1)	251	7704
HA|PP755589.1|A/cattle/Texas/24-008749-003/2024(H5N1)	252	7652
HA|PP755589.1|A/cattle/Texas/24-008749-003/2024(H5N1)	253	7686
HA|PP755589.1|A/cattle/Texas/24-008749-003/2024(H5N1)	254	7682
HA|PP755589.1|A/cattle/Texas/24-008749-003/2024(H5N1)	255	7832
HA|PP755589.1|A/cattle/Texas/24-008749-003/2024(H5N1)	256	7833
HA|PP755589.1|A/cattle/Texas/24-008749-003/2024(H5N1)	257	7879
HA|PP755589.1|A/cattle/Texas/24-008749-003/2024(H5N1)	258	7897
HA|PP755589.1|A/cattle/Texas/24-008749-003/2024(H5N1)	259	7892
HA|PP755589.1|A/cattle/Texas/24-008749-003/2024(H5N1)	260	7911
HA|PP755589.1|A/cattle/Texas/24-008749-003/2024(H5N1)	261	7908
HA|PP755589.1|A/cattle/Texas/24-008749-003/2024(H5N1)	262	7872
HA|PP755589.1|A/cattle/Texas/24-008749-003/2024(H5N1)	263	7886
HA|PP755589.1|A/cattle/Texas/24-008749-003/2024(H5N1)	264	7825
HA|PP755589.1|A/cattle/Texas/24-008749-003/2024(H5N1)	265	7921
HA|PP755589.1|A/cattle/Texas/24-008749-003/2024(H5N1)	266	7958
HA|PP755589.1|A/cattle/Texas/24-008749-003/2024(H5N1)	267	7899
HA|PP755589.1|A/cattle/Texas/24-008749-003/2024(H5N1)	268	7881
HA|PP755589.1|A/cattle/Texas/24-008749-003/2024(H5N1)	269	7872
HA|PP755589.1|A/cattle/Texas/24-008749-003/2024(H5N1)	270	7896
HA|PP755589.1|A/cattle/Texas/24-008749-003/2024(H5N1)	271	7896
HA|PP755589.1|A/cattle/Texas/24-008749-003/2024(H5N1)	272	7918
HA|PP755589.1|A/cattle/Texas/24-008749-003/2024(H5N1)	273	7350
HA|PP755589.1|A/cattle/Texas/24-008749-003/2024(H5N1)	274	7239
HA|PP755589.1|A/cattle/Texas/24-008749-003/2024(H5N1)	275	7181
HA|PP755589.1|A/cattle/Texas/24-008749-003/2024(H5N1)	276	8051
HA|PP755589.1|A/cattle/Texas/24-008749-003/2024(H5N1)	277	8056
HA|PP755589.1|A/cattle/Texas/24-008749-003/2024(H5N1)	278	8085
HA|PP755589.1|A/cattle/Texas/24-008749-003/2024(H5N1)	279	8076
HA|PP755589.1|A/cattle/Texas/24-008749-003/2024(H5N1)	280	8081
HA|PP755589.1|A/cattle/Texas/24-008749-003/2024(H5N1)	281	8276
HA|PP755589.1|A/cattle/Texas/24-008749-003/2024(H5N1)	282	8242
HA|PP755589.1|A/cattle/Texas/24-008749-003/2024(H5N1)	283	8257
HA|PP755589.1|A/cattle/Texas/24-008749-003/2024(H5N1)	284	8026
HA|PP755589.1|A/cattle/Texas/24-008749-003/2024(H5N1)	285	7202
HA|PP755589.1|A/cattle/Texas/24-008749-003/2024(H5N1)	286	7327
HA|PP755589.1|A/cattle/Texas/24-008749-003/2024(H5N1)	287	7350
HA|PP755589.1|A/cattle/Texas/24-008749-003/2024(H5N1)	288	7355
HA|PP755589.1|A/cattle/Texas/24-008749-003/2024(H5N1)	289	7350
HA|PP755589.1|A/cattle/Texas/24-008749-003/2024(H5N1)	290	7476
HA|PP755589.1|A/cattle/Texas/24-008749-003/2024(H5N1)	291	7531
HA|PP755589.1|A/cattle/Texas/24-008749-003/2024(H5N1)	292	7594
HA|PP755589.1|A/cattle/Texas/24-008749-003/2024(H5N1)	293	7578
HA|PP755589.1|A/cattle/Texas/24-008749-003/2024(H5N1)	294	7903
HA|PP755589.1|A/cattle/Texas/24-008749-003/2024(H5N1)	295	7932
HA|PP755589.1|A/cattle/Texas/24-008749-003/2024(H5N1)	296	8029
HA|PP755589.1|A/cattle/Texas/24-008749-003/2024(H5N1)	297	8022
HA|PP755589.1|A/cattle/Texas/24-008749-003/2024(H5N1)	298	8042
HA|PP755589.1|A/cattle/Texas/24-008749-003/2024(H5N1)	299	8083
HA|PP755589.1|A/cattle/Texas/24-008749-003/2024(H5N1)	300	8100
HA|PP755589.1|A/cattle/Texas/24-008749-003/2024(H5N1)	301	8100
HA|PP755589.1|A/cattle/Texas/24-008749-003/2024(H5N1)	302	8071
HA|PP755589.1|A/cattle/Texas/24-008749-003/2024(H5N1)	303	7746
HA|PP755589.1|A/cattle/Texas/24-008749-003/2024(H5N1)	304	7848
HA|PP755589.1|A/cattle/Texas/24-008749-003/2024(H5N1)	305	7991
HA|PP755589.1|A/cattle/Texas/24-008749-003/2024(H5N1)	306	7994
HA|PP755589.1|A/cattle/Texas/24-008749-003/2024(H5N1)	307	7966
HA|PP755589.1|A/cattle/Texas/24-008749-003/2024(H5N1)	308	7950
HA|PP755589.1|A/cattle/Texas/24-008749-003/2024(H5N1)	309	7995
HA|PP755589.1|A/cattle/Texas/24-008749-003/2024(H5N1)	310	8013
HA|PP755589.1|A/cattle/Texas/24-008749-003/2024(H5N1)	311	8342
HA|PP755589.1|A/cattle/Texas/24-008749-003/2024(H5N1)	312	8198
HA|PP755589.1|A/cattle/Texas/24-008749-003/2024(H5N1)	313	8157
HA|PP755589.1|A/cattle/Texas/24-008749-003/2024(H5N1)	314	8293
HA|PP755589.1|A/cattle/Texas/24-008749-003/2024(H5N1)	315	8691
HA|PP755589.1|A/cattle/Texas/24-008749-003/2024(H5N1)	316	8702
HA|PP755589.1|A/cattle/Texas/24-008749-003/2024(H5N1)	317	8838
HA|PP755589.1|A/cattle/Texas/24-008749-003/2024(H5N1)	318	8887
HA|PP755589.1|A/cattle/Texas/24-008749-003/2024(H5N1)	319	8943
HA|PP755589.1|A/cattle/Texas/24-008749-003/2024(H5N1)	320	9092
HA|PP755589.1|A/cattle/Texas/24-008749-003/2024(H5N1)	321	9136
HA|PP755589.1|A/cattle/Texas/24-008749-003/2024(H5N1)	322	9144
HA|PP755589.1|A/cattle/Texas/24-008749-003/2024(H5N1)	323	9162
HA|PP755589.1|A/cattle/Texas/24-008749-003/2024(H5N1)	324	8766
HA|PP755589.1|A/cattle/Texas/24-008749-003/2024(H5N1)	325	8784
HA|PP755589.1|A/cattle/Texas/24-008749-003/2024(H5N1)	326	8730
HA|PP755589.1|A/cattle/Texas/24-008749-003/2024(H5N1)	327	8569
HA|PP755589.1|A/cattle/Texas/24-008749-003/2024(H5N1)	328	8501
HA|PP755589.1|A/cattle/Texas/24-008749-003/2024(H5N1)	329	8497
HA|PP755589.1|A/cattle/Texas/24-008749-003/2024(H5N1)	330	8478
HA|PP755589.1|A/cattle/Texas/24-008749-003/2024(H5N1)	331	8547
HA|PP755589.1|A/cattle/Texas/24-008749-003/2024(H5N1)	332	8569
HA|PP755589.1|A/cattle/Texas/24-008749-003/2024(H5N1)	333	8585
HA|PP755589.1|A/cattle/Texas/24-008749-003/2024(H5N1)	334	8565
HA|PP755589.1|A/cattle/Texas/24-008749-003/2024(H5N1)	335	8549
HA|PP755589.1|A/cattle/Texas/24-008749-003/2024(H5N1)	336	8482
HA|PP755589.1|A/cattle/Texas/24-008749-003/2024(H5N1)	337	8471
HA|PP755589.1|A/cattle/Texas/24-008749-003/2024(H5N1)	338	8422
HA|PP755589.1|A/cattle/Texas/24-008749-003/2024(H5N1)	339	8457
HA|PP755589.1|A/cattle/Texas/24-008749-003/2024(H5N1)	340	8433
HA|PP755589.1|A/cattle/Texas/24-008749-003/2024(H5N1)	341	8488
HA|PP755589.1|A/cattle/Texas/24-008749-003/2024(H5N1)	342	8497
HA|PP755589.1|A/cattle/Texas/24-008749-003/2024(H5N1)	343	8505
HA|PP755589.1|A/cattle/Texas/24-008749-003/2024(H5N1)	344	8522
HA|PP755589.1|A/cattle/Texas/24-008749-003/2024(H5N1)	345	8512
HA|PP755589.1|A/cattle/Texas/24-008749-003/2024(H5N1)	346	8551
HA|PP755589.1|A/cattle/Texas/24-008749-003/2024(H5N1)	347	8634
HA|PP755589.1|A/cattle/Texas/24-008749-003/2024(H5N1)	348	8625
HA|PP755589.1|A/cattle/Texas/24-008749-003/2024(H5N1)	349	8508
HA|PP755589.1|A/cattle/Texas/24-008749-003/2024(H5N1)	350	8449
HA|PP755589.1|A/cattle/Texas/24-008749-003/2024(H5N1)	351	8472
HA|PP755589.1|A/cattle/Texas/24-008749-003/2024(H5N1)	352	8477
HA|PP755589.1|A/cattle/Texas/24-008749-003/2024(H5N1)	353	8533
HA|PP755589.1|A/cattle/Texas/24-008749-003/2024(H5N1)	354	8535
HA|PP755589.1|A/cattle/Texas/24-008749-003/2024(H5N1)	355	8545
HA|PP755589.1|A/cattle/Texas/24-008749-003/2024(H5N1)	356	8536
HA|PP755589.1|A/cattle/Texas/24-008749-003/2024(H5N1)	357	8407
HA|PP755589.1|A/cattle/Texas/24-008749-003/2024(H5N1)	358	8385
HA|PP755589.1|A/cattle/Texas/24-008749-003/2024(H5N1)	359	8365
HA|PP755589.1|A/cattle/Texas/24-008749-003/2024(H5N1)	360	8367
HA|PP755589.1|A/cattle/Texas/24-008749-003/2024(H5N1)	361	8240
HA|PP755589.1|A/cattle/Texas/24-008749-003/2024(H5N1)	362	8181
HA|PP755589.1|A/cattle/Texas/24-008749-003/2024(H5N1)	363	8158
HA|PP755589.1|A/cattle/Texas/24-008749-003/2024(H5N1)	364	8059
HA|PP755589.1|A/cattle/Texas/24-008749-003/2024(H5N1)	365	8070
HA|PP755589.1|A/cattle/Texas/24-008749-003/2024(H5N1)	366	7865
HA|PP755589.1|A/cattle/Texas/24-008749-003/2024(H5N1)	367	7796
HA|PP755589.1|A/cattle/Texas/24-008749-003/2024(H5N1)	368	7921
HA|PP755589.1|A/cattle/Texas/24-008749-003/2024(H5N1)	369	7920
HA|PP755589.1|A/cattle/Texas/24-008749-003/2024(H5N1)	370	8163
HA|PP755589.1|A/cattle/Texas/24-008749-003/2024(H5N1)	371	8168
HA|PP755589.1|A/cattle/Texas/24-008749-003/2024(H5N1)	372	8096
HA|PP755589.1|A/cattle/Texas/24-008749-003/2024(H5N1)	373	8098
HA|PP755589.1|A/cattle/Texas/24-008749-003/2024(H5N1)	374	8108
HA|PP755589.1|A/cattle/Texas/24-008749-003/2024(H5N1)	375	8107
HA|PP755589.1|A/cattle/Texas/24-008749-003/2024(H5N1)	376	8110
HA|PP755589.1|A/cattle/Texas/24-008749-003/2024(H5N1)	377	7962
HA|PP755589.1|A/cattle/Texas/24-008749-003/2024(H5N1)	378	7962
HA|PP755589.1|A/cattle/Texas/24-008749-003/2024(H5N1)	379	7959
HA|PP755589.1|A/cattle/Texas/24-008749-003/2024(H5N1)	380	7956
HA|PP755589.1|A/cattle/Texas/24-008749-003/2024(H5N1)	381	7961
HA|PP755589.1|A/cattle/Texas/24-008749-003/2024(H5N1)	382	7934
HA|PP755589.1|A/cattle/Texas/24-008749-003/2024(H5N1)	383	8049
HA|PP755589.1|A/cattle/Texas/24-008749-003/2024(H5N1)	384	8040
HA|PP755589.1|A/cattle/Texas/24-008749-003/2024(H5N1)	385	8028
HA|PP755589.1|A/cattle/Texas/24-008749-003/2024(H5N1)	386	8031
HA|PP755589.1|A/cattle/Texas/24-008749-003/2024(H5N1)	387	8140
HA|PP755589.1|A/cattle/Texas/24-008749-003/2024(H5N1)	388	8283
HA|PP755589.1|A/cattle/Texas/24-008749-003/2024(H5N1)	389	8262
HA|PP755589.1|A/cattle/Texas/24-008749-003/2024(H5N1)	390	8269
HA|PP755589.1|A/cattle/Texas/24-008749-003/2024(H5N1)	391	8199
HA|PP755589.1|A/cattle/Texas/24-008749-003/2024(H5N1)	392	8190
HA|PP755589.1|A/cattle/Texas/24-008749-003/2024(H5N1)	393	8245
HA|PP755589.1|A/cattle/Texas/24-008749-003/2024(H5N1)	394	8374
HA|PP755589.1|A/cattle/Texas/24-008749-003/2024(H5N1)	395	8382
HA|PP755589.1|A/cattle/Texas/24-008749-003/2024(H5N1)	396	8288
HA|PP755589.1|A/cattle/Texas/24-008749-003/2024(H5N1)	397	8242
HA|PP755589.1|A/cattle/Texas/24-008749-003/2024(H5N1)	398	8746
HA|PP755589.1|A/cattle/Texas/24-008749-003/2024(H5N1)	399	8793
HA|PP755589.1|A/cattle/Texas/24-008749-003/2024(H5N1)	400	8811
HA|PP755589.1|A/cattle/Texas/24-008749-003/2024(H5N1)	401	8811
HA|PP755589.1|A/cattle/Texas/24-008749-003/2024(H5N1)	402	8798
HA|PP755589.1|A/cattle/Texas/24-008749-003/2024(H5N1)	403	8823
HA|PP755589.1|A/cattle/Texas/24-008749-003/2024(H5N1)	404	8779
HA|PP755589.1|A/cattle/Texas/24-008749-003/2024(H5N1)	405	8794
HA|PP755589.1|A/cattle/Texas/24-008749-003/2024(H5N1)	406	8631
HA|PP755589.1|A/cattle/Texas/24-008749-003/2024(H5N1)	407	8661
HA|PP755589.1|A/cattle/Texas/24-008749-003/2024(H5N1)	408	8626
HA|PP755589.1|A/cattle/Texas/24-008749-003/2024(H5N1)	409	8597
HA|PP755589.1|A/cattle/Texas/24-008749-003/2024(H5N1)	410	8593
HA|PP755589.1|A/cattle/Texas/24-008749-003/2024(H5N1)	411	8545
HA|PP755589.1|A/cattle/Texas/24-008749-003/2024(H5N1)	412	8548
HA|PP755589.1|A/cattle/Texas/24-008749-003/2024(H5N1)	413	8578
HA|PP755589.1|A/cattle/Texas/24-008749-003/2024(H5N1)	414	8564
HA|PP755589.1|A/cattle/Texas/24-008749-003/2024(H5N1)	415	8448
HA|PP755589.1|A/cattle/Texas/24-008749-003/2024(H5N1)	416	8422
HA|PP755589.1|A/cattle/Texas/24-008749-003/2024(H5N1)	417	8466
HA|PP755589.1|A/cattle/Texas/24-008749-003/2024(H5N1)	418	8482
HA|PP755589.1|A/cattle/Texas/24-008749-003/2024(H5N1)	419	8588
HA|PP755589.1|A/cattle/Texas/24-008749-003/2024(H5N1)	420	8613
HA|PP755589.1|A/cattle/Texas/24-008749-003/2024(H5N1)	421	8929
HA|PP755589.1|A/cattle/Texas/24-008749-003/2024(H5N1)	422	8907
HA|PP755589.1|A/cattle/Texas/24-008749-003/2024(H5N1)	423	8986
HA|PP755589.1|A/cattle/Texas/24-008749-003/2024(H5N1)	424	8996
HA|PP755589.1|A/cattle/Texas/24-008749-003/2024(H5N1)	425	9009
HA|PP755589.1|A/cattle/Texas/24-008749-003/2024(H5N1)	426	8998
HA|PP755589.1|A/cattle/Texas/24-008749-003/2024(H5N1)	427	8204
HA|PP755589.1|A/cattle/Texas/24-008749-003/2024(H5N1)	428	8259
HA|PP755589.1|A/cattle/Texas/24-008749-003/2024(H5N1)	429	8315
HA|PP755589.1|A/cattle/Texas/24-008749-003/2024(H5N1)	430	8351
HA|PP755589.1|A/cattle/Texas/24-008749-003/2024(H5N1)	431	8727
HA|PP755589.1|A/cattle/Texas/24-008749-003/2024(H5N1)	432	8735
HA|PP755589.1|A/cattle/Texas/24-008749-003/2024(H5N1)	433	8825
HA|PP755589.1|A/cattle/Texas/24-008749-003/2024(H5N1)	434	8814
HA|PP755589.1|A/cattle/Texas/24-008749-003/2024(H5N1)	435	8811
HA|PP755589.1|A/cattle/Texas/24-008749-003/2024(H5N1)	436	8828
HA|PP755589.1|A/cattle/Texas/24-008749-003/2024(H5N1)	437	8763
HA|PP755589.1|A/cattle/Texas/24-008749-003/2024(H5N1)	438	8876
HA|PP755589.1|A/cattle/Texas/24-008749-003/2024(H5N1)	439	8863
HA|PP755589.1|A/cattle/Texas/24-008749-003/2024(H5N1)	440	8426
HA|PP755589.1|A/cattle/Texas/24-008749-003/2024(H5N1)	441	8454
HA|PP755589.1|A/cattle/Texas/24-008749-003/2024(H5N1)	442	8331
HA|PP755589.1|A/cattle/Texas/24-008749-003/2024(H5N1)	443	8335
HA|PP755589.1|A/cattle/Texas/24-008749-003/2024(H5N1)	444	8100
HA|PP755589.1|A/cattle/Texas/24-008749-003/2024(H5N1)	445	8025
HA|PP755589.1|A/cattle/Texas/24-008749-003/2024(H5N1)	446	8129
HA|PP755589.1|A/cattle/Texas/24-008749-003/2024(H5N1)	447	8018
HA|PP755589.1|A/cattle/Texas/24-008749-003/2024(H5N1)	448	8044
HA|PP755589.1|A/cattle/Texas/24-008749-003/2024(H5N1)	449	8151
HA|PP755589.1|A/cattle/Texas/24-008749-003/2024(H5N1)	450	8113
HA|PP755589.1|A/cattle/Texas/24-008749-003/2024(H5N1)	451	8152
HA|PP755589.1|A/cattle/Texas/24-008749-003/2024(H5N1)	452	8438
HA|PP755589.1|A/cattle/Texas/24-008749-003/2024(H5N1)	453	8471
HA|PP755589.1|A/cattle/Texas/24-008749-003/2024(H5N1)	454	8653
HA|PP755589.1|A/cattle/Texas/24-008749-003/2024(H5N1)	455	8516
HA|PP755589.1|A/cattle/Texas/24-008749-003/2024(H5N1)	456	8706
HA|PP755589.1|A/cattle/Texas/24-008749-003/2024(H5N1)	457	8783
HA|PP755589.1|A/cattle/Texas/24-008749-003/2024(H5N1)	458	8780
HA|PP755589.1|A/cattle/Texas/24-008749-003/2024(H5N1)	459	8858
HA|PP755589.1|A/cattle/Texas/24-008749-003/2024(H5N1)	460	8748
HA|PP755589.1|A/cattle/Texas/24-008749-003/2024(H5N1)	461	8414
HA|PP755589.1|A/cattle/Texas/24-008749-003/2024(H5N1)	462	8449
HA|PP755589.1|A/cattle/Texas/24-008749-003/2024(H5N1)	463	8507
HA|PP755589.1|A/cattle/Texas/24-008749-003/2024(H5N1)	464	8515
HA|PP755589.1|A/cattle/Texas/24-008749-003/2024(H5N1)	465	8312
HA|PP755589.1|A/cattle/Texas/24-008749-003/2024(H5N1)	466	7953
HA|PP755589.1|A/cattle/Texas/24-008749-003/2024(H5N1)	467	7937
HA|PP755589.1|A/cattle/Texas/24-008749-003/2024(H5N1)	468	7889
HA|PP755589.1|A/cattle/Texas/24-008749-003/2024(H5N1)	469	7872
HA|PP755589.1|A/cattle/Texas/24-008749-003/2024(H5N1)	470	7686
HA|PP755589.1|A/cattle/Texas/24-008749-003/2024(H5N1)	471	7705
HA|PP755589.1|A/cattle/Texas/24-008749-003/2024(H5N1)	472	7673
HA|PP755589.1|A/cattle/Texas/24-008749-003/2024(H5N1)	473	7672
HA|PP755589.1|A/cattle/Texas/24-008749-003/2024(H5N1)	474	7664
HA|PP755589.1|A/cattle/Texas/24-008749-003/2024(H5N1)	475	7646
HA|PP755589.1|A/cattle/Texas/24-008749-003/2024(H5N1)	476	7650
HA|PP755589.1|A/cattle/Texas/24-008749-003/2024(H5N1)	477	7671
HA|PP755589.1|A/cattle/Texas/24-008749-003/2024(H5N1)	478	7643
HA|PP755589.1|A/cattle/Texas/24-008749-003/2024(H5N1)	479	7648
HA|PP755589.1|A/cattle/Texas/24-008749-003/2024(H5N1)	480	7443
HA|PP755589.1|A/cattle/Texas/24-008749-003/2024(H5N1)	481	7435
HA|PP755589.1|A/cattle/Texas/24-008749-003/2024(H5N1)	482	7420
HA|PP755589.1|A/cattle/Texas/24-008749-003/2024(H5N1)	483	7393
HA|PP755589.1|A/cattle/Texas/24-008749-003/2024(H5N1)	484	7428
HA|PP755589.1|A/cattle/Texas/24-008749-003/2024(H5N1)	485	7453
HA|PP755589.1|A/cattle/Texas/24-008749-003/2024(H5N1)	486	7460
HA|PP755589.1|A/cattle/Texas/24-008749-003/2024(H5N1)	487	7535
HA|PP755589.1|A/cattle/Texas/24-008749-003/2024(H5N1)	488	7535
HA|PP755589.1|A/cattle/Texas/24-008749-003/2024(H5N1)	489	7568
HA|PP755589.1|A/cattle/Texas/24-008749-003/2024(H5N1)	490	7572
HA|PP755589.1|A/cattle/Texas/24-008749-003/2024(H5N1)	491	7571
HA|PP755589.1|A/cattle/Texas/24-008749-003/2024(H5N1)	492	7515
HA|PP755589.1|A/cattle/Texas/24-008749-003/2024(H5N1)	493	7543
HA|PP755589.1|A/cattle/Texas/24-008749-003/2024(H5N1)	494	7538
HA|PP755589.1|A/cattle/Texas/24-008749-003/2024(H5N1)	495	7568
HA|PP755589.1|A/cattle/Texas/24-008749-003/2024(H5N1)	496	7504
HA|PP755589.1|A/cattle/Texas/24-008749-003/2024(H5N1)	497	7513
HA|PP755589.1|A/cattle/Texas/24-008749-003/2024(H5N1)	498	7452
HA|PP755589.1|A/cattle/Texas/24-008749-003/2024(H5N1)	499	7439
HA|PP755589.1|A/cattle/Texas/24-008749-003/2024(H5N1)	500	7384
HA|PP755589.1|A/cattle/Texas/24-008749-003/2024(H5N1)	501	7359
HA|PP755589.1|A/cattle/Texas/24-008749-003/2024(H5N1)	502	7361
HA|PP755589.1|A/cattle/Texas/24-008749-003/2024(H5N1)	503	7373
HA|PP755589.1|A/cattle/Texas/24-008749-003/2024(H5N1)	504	7334
HA|PP755589.1|A/cattle/Texas/24-008749-003/2024(H5N1)	505	7342
HA|PP755589.1|A/cattle/Texas/24-008749-003/2024(H5N1)	506	7298
HA|PP755589.1|A/cattle/Texas/24-008749-003/2024(H5N1)	507	7354
HA|PP755589.1|A/cattle/Texas/24-008749-003/2024(H5N1)	508	7303
HA|PP755589.1|A/cattle/Texas/24-008749-003/2024(H5N1)	509	7301
HA|PP755589.1|A/cattle/Texas/24-008749-003/2024(H5N1)	510	7280
HA|PP755589.1|A/cattle/Texas/24-008749-003/2024(H5N1)	511	7284
HA|PP755589.1|A/cattle/Texas/24-008749-003/2024(H5N1)	512	7569
HA|PP755589.1|A/cattle/Texas/24-008749-003/2024(H5N1)	513	7593
HA|PP755589.1|A/cattle/Texas/24-008749-003/2024(H5N1)	514	7566
HA|PP755589.1|A/cattle/Texas/24-008749-003/2024(H5N1)	515	7557
HA|PP755589.1|A/cattle/Texas/24-008749-003/2024(H5N1)	516	7597
HA|PP755589.1|A/cattle/Texas/24-008749-003/2024(H5N1)	517	7776
HA|PP755589.1|A/cattle/Texas/24-008749-003/2024(H5N1)	518	7770
HA|PP755589.1|A/cattle/Texas/24-008749-003/2024(H5N1)	519	7644
HA|PP755589.1|A/cattle/Texas/24-008749-003/2024(H5N1)	520	7625
HA|PP755589.1|A/cattle/Texas/24-008749-003/2024(H5N1)	521	7385
HA|PP755589.1|A/cattle/Texas/24-008749-003/2024(H5N1)	522	7470
HA|PP755589.1|A/cattle/Texas/24-008749-003/2024(H5N1)	523	7484
HA|PP755589.1|A/cattle/Texas/24-008749-003/2024(H5N1)	524	7963
HA|PP755589.1|A/cattle/Texas/24-008749-003/2024(H5N1)	525	7915
HA|PP755589.1|A/cattle/Texas/24-008749-003/2024(H5N1)	526	7933
HA|PP755589.1|A/cattle/Texas/24-008749-003/2024(H5N1)	527	7992
HA|PP755589.1|A/cattle/Texas/24-008749-003/2024(H5N1)	528	7940
HA|PP755589.1|A/cattle/Texas/24-008749-003/2024(H5N1)	529	8131
HA|PP755589.1|A/cattle/Texas/24-008749-003/2024(H5N1)	530	8157
HA|PP755589.1|A/cattle/Texas/24-008749-003/2024(H5N1)	531	8165
HA|PP755589.1|A/cattle/Texas/24-008749-003/2024(H5N1)	532	8150
HA|PP755589.1|A/cattle/Texas/24-008749-003/2024(H5N1)	533	8017
HA|PP755589.1|A/cattle/Texas/24-008749-003/2024(H5N1)	534	8024
HA|PP755589.1|A/cattle/Texas/24-008749-003/2024(H5N1)	535	8139
HA|PP755589.1|A/cattle/Texas/24-008749-003/2024(H5N1)	536	8321
HA|PP755589.1|A/cattle/Texas/24-008749-003/2024(H5N1)	537	8204
HA|PP755589.1|A/cattle/Texas/24-008749-003/2024(H5N1)	538	8210
HA|PP755589.1|A/cattle/Texas/24-008749-003/2024(H5N1)	539	8182
HA|PP755589.1|A/cattle/Texas/24-008749-003/2024(H5N1)	540	8602
HA|PP755589.1|A/cattle/Texas/24-008749-003/2024(H5N1)	541	8588
HA|PP755589.1|A/cattle/Texas/24-008749-003/2024(H5N1)	542	8604
HA|PP755589.1|A/cattle/Texas/24-008749-003/2024(H5N1)	543	8613
HA|PP755589.1|A/cattle/Texas/24-008749-003/2024(H5N1)	544	8458
HA|PP755589.1|A/cattle/Texas/24-008749-003/2024(H5N1)	545	8497
HA|PP755589.1|A/cattle/Texas/24-008749-003/2024(H5N1)	546	8480
HA|PP755589.1|A/cattle/Texas/24-008749-003/2024(H5N1)	547	8506
HA|PP755589.1|A/cattle/Texas/24-008749-003/2024(H5N1)	548	8365
HA|PP755589.1|A/cattle/Texas/24-008749-003/2024(H5N1)	549	7959
HA|PP755589.1|A/cattle/Texas/24-008749-003/2024(H5N1)	550	7974
HA|PP755589.1|A/cattle/Texas/24-008749-003/2024(H5N1)	551	7967
HA|PP755589.1|A/cattle/Texas/24-008749-003/2024(H5N1)	552	7967
HA|PP755589.1|A/cattle/Texas/24-008749-003/2024(H5N1)	553	7971
HA|PP755589.1|A/cattle/Texas/24-008749-003/2024(H5N1)	554	7951
HA|PP755589.1|A/cattle/Texas/24-008749-003/2024(H5N1)	555	7993
HA|PP755589.1|A/cattle/Texas/24-008749-003/2024(H5N1)	556	7993
HA|PP755589.1|A/cattle/Texas/24-008749-003/2024(H5N1)	557	7996
HA|PP755589.1|A/cattle/Texas/24-008749-003/2024(H5N1)	558	7971
HA|PP755589.1|A/cattle/Texas/24-008749-003/2024(H5N1)	559	7995
HA|PP755589.1|A/cattle/Texas/24-008749-003/2024(H5N1)	560	8039
HA|PP755589.1|A/cattle/Texas/24-008749-003/2024(H5N1)	561	8135
HA|PP755589.1|A/cattle/Texas/24-008749-003/2024(H5N1)	562	8295
HA|PP755589.1|A/cattle/Texas/24-008749-003/2024(H5N1)	563	8428
HA|PP755589.1|A/cattle/Texas/24-008749-003/2024(H5N1)	564	8553
HA|PP755589.1|A/cattle/Texas/24-008749-003/2024(H5N1)	565	8551
HA|PP755589.1|A/cattle/Texas/24-008749-003/2024(H5N1)	566	8569
HA|PP755589.1|A/cattle/Texas/24-008749-003/2024(H5N1)	567	8577
HA|PP755589.1|A/cattle/Texas/24-008749-003/2024(H5N1)	568	8572
HA|PP755589.1|A/cattle/Texas/24-008749-003/2024(H5N1)	569	8563
HA|PP755589.1|A/cattle/Texas/24-008749-003/2024(H5N1)	570	8510
HA|PP755589.1|A/cattle/Texas/24-008749-003/2024(H5N1)	571	8574
HA|PP755589.1|A/cattle/Texas/24-008749-003/2024(H5N1)	572	8406
HA|PP755589.1|A/cattle/Texas/24-008749-003/2024(H5N1)	573	8638
HA|PP755589.1|A/cattle/Texas/24-008749-003/2024(H5N1)	574	8606
HA|PP755589.1|A/cattle/Texas/24-008749-003/2024(H5N1)	575	8633
HA|PP755589.1|A/cattle/Texas/24-008749-003/2024(H5N1)	576	8628
HA|PP755589.1|A/cattle/Texas/24-008749-003/2024(H5N1)	577	8597
HA|PP755589.1|A/cattle/Texas/24-008749-003/2024(H5N1)	578	8746
HA|PP755589.1|A/cattle/Texas/24-008749-003/2024(H5N1)	579	8635
HA|PP755589.1|A/cattle/Texas/24-008749-003/2024(H5N1)	580	8635
HA|PP755589.1|A/cattle/Texas/24-008749-003/2024(H5N1)	581	8601
HA|PP755589.1|A/cattle/Texas/24-008749-003/2024(H5N1)	582	8041
HA|PP755589.1|A/cattle/Texas/24-008749-003/2024(H5N1)	583	7979
HA|PP755589.1|A/cattle/Texas/24-008749-003/2024(H5N1)	584	7926
HA|PP755589.1|A/cattle/Texas/24-008749-003/2024(H5N1)	585	8091
HA|PP755589.1|A/cattle/Texas/24-008749-003/2024(H5N1)	586	8070
HA|PP755589.1|A/cattle/Texas/24-008749-003/2024(H5N1)	587	7946
HA|PP755589.1|A/cattle/Texas/24-008749-003/2024(H5N1)	588	8047
HA|PP755589.1|A/cattle/Texas/24-008749-003/2024(H5N1)	589	7932
HA|PP755589.1|A/cattle/Texas/24-008749-003/2024(H5N1)	590	8511
HA|PP755589.1|A/cattle/Texas/24-008749-003/2024(H5N1)	591	8520
HA|PP755589.1|A/cattle/Texas/24-008749-003/2024(H5N1)	592	8497
HA|PP755589.1|A/cattle/Texas/24-008749-003/2024(H5N1)	593	8506
HA|PP755589.1|A/cattle/Texas/24-008749-003/2024(H5N1)	594	8544
HA|PP755589.1|A/cattle/Texas/24-008749-003/2024(H5N1)	595	8482
HA|PP755589.1|A/cattle/Texas/24-008749-003/2024(H5N1)	596	8734
HA|PP755589.1|A/cattle/Texas/24-008749-003/2024(H5N1)	597	8510
HA|PP755589.1|A/cattle/Texas/24-008749-003/2024(H5N1)	598	8523
HA|PP755589.1|A/cattle/Texas/24-008749-003/2024(H5N1)	599	8522
HA|PP755589.1|A/cattle/Texas/24-008749-003/2024(H5N1)	600	8463
HA|PP755589.1|A/cattle/Texas/24-008749-003/2024(H5N1)	601	8501
HA|PP755589.1|A/cattle/Texas/24-008749-003/2024(H5N1)	602	8763
HA|PP755589.1|A/cattle/Texas/24-008749-003/2024(H5N1)	603	8475
HA|PP755589.1|A/cattle/Texas/24-008749-003/2024(H5N1)	604	8551
HA|PP755589.1|A/cattle/Texas/24-008749-003/2024(H5N1)	605	8246
HA|PP755589.1|A/cattle/Texas/24-008749-003/2024(H5N1)	606	8263
HA|PP755589.1|A/cattle/Texas/24-008749-003/2024(H5N1)	607	8036
HA|PP755589.1|A/cattle/Texas/24-008749-003/2024(H5N1)	608	8056
HA|PP755589.1|A/cattle/Texas/24-008749-003/2024(H5N1)	609	8111
HA|PP755589.1|A/cattle/Texas/24-008749-003/2024(H5N1)	610	8059
HA|PP755589.1|A/cattle/Texas/24-008749-003/2024(H5N1)	611	8082
HA|PP755589.1|A/cattle/Texas/24-008749-003/2024(H5N1)	612	8062
HA|PP755589.1|A/cattle/Texas/24-008749-003/2024(H5N1)	613	8011
HA|PP755589.1|A/cattle/Texas/24-008749-003/2024(H5N1)	614	8000
HA|PP755589.1|A/cattle/Texas/24-008749-003/2024(H5N1)	615	7994
HA|PP755589.1|A/cattle/Texas/24-008749-003/2024(H5N1)	616	8246
HA|PP755589.1|A/cattle/Texas/24-008749-003/2024(H5N1)	617	8172
HA|PP755589.1|A/cattle/Texas/24-008749-003/2024(H5N1)	618	8123
HA|PP755589.1|A/cattle/Texas/24-008749-003/2024(H5N1)	619	8122
HA|PP755589.1|A/cattle/Texas/24-008749-003/2024(H5N1)	620	8151
HA|PP755589.1|A/cattle/Texas/24-008749-003/2024(H5N1)	621	8155
HA|PP755589.1|A/cattle/Texas/24-008749-003/2024(H5N1)	622	8119
HA|PP755589.1|A/cattle/Texas/24-008749-003/2024(H5N1)	623	8119
HA|PP755589.1|A/cattle/Texas/24-008749-003/2024(H5N1)	624	8169
HA|PP755589.1|A/cattle/Texas/24-008749-003/2024(H5N1)	625	8174
HA|PP755589.1|A/cattle/Texas/24-008749-003/2024(H5N1)	626	8215
HA|PP755589.1|A/cattle/Texas/24-008749-003/2024(H5N1)	627	8258
HA|PP755589.1|A/cattle/Texas/24-008749-003/2024(H5N1)	628	8236
HA|PP755589.1|A/cattle/Texas/24-008749-003/2024(H5N1)	629	8225
HA|PP755589.1|A/cattle/Texas/24-008749-003/2024(H5N1)	630	8218
HA|PP755589.1|A/cattle/Texas/24-008749-003/2024(H5N1)	631	8265
HA|PP755589.1|A/cattle/Texas/24-008749-003/2024(H5N1)	632	8281
HA|PP755589.1|A/cattle/Texas/24-008749-003/2024(H5N1)	633	8295
HA|PP755589.1|A/cattle/Texas/24-008749-003/2024(H5N1)	634	8302
HA|PP755589.1|A/cattle/Texas/24-008749-003/2024(H5N1)	635	8375
HA|PP755589.1|A/cattle/Texas/24-008749-003/2024(H5N1)	636	8311
HA|PP755589.1|A/cattle/Texas/24-008749-003/2024(H5N1)	637	8295
HA|PP755589.1|A/cattle/Texas/24-008749-003/2024(H5N1)	638	8352
HA|PP755589.1|A/cattle/Texas/24-008749-003/2024(H5N1)	639	8301
HA|PP755589.1|A/cattle/Texas/24-008749-003/2024(H5N1)	640	8253
HA|PP755589.1|A/cattle/Texas/24-008749-003/2024(H5N1)	641	8244
HA|PP755589.1|A/cattle/Texas/24-008749-003/2024(H5N1)	642	8183
HA|PP755589.1|A/cattle/Texas/24-008749-003/2024(H5N1)	643	8173
HA|PP755589.1|A/cattle/Texas/24-008749-003/2024(H5N1)	644	8085
HA|PP755589.1|A/cattle/Texas/24-008749-003/2024(H5N1)	645	8066
HA|PP755589.1|A/cattle/Texas/24-008749-003/2024(H5N1)	646	8091
HA|PP755589.1|A/cattle/Texas/24-008749-003/2024(H5N1)	647	8043
HA|PP755589.1|A/cattle/Texas/24-008749-003/2024(H5N1)	648	8004
HA|PP755589.1|A/cattle/Texas/24-008749-003/2024(H5N1)	649	8004
HA|PP755589.1|A/cattle/Texas/24-008749-003/2024(H5N1)	650	8013
HA|PP755589.1|A/cattle/Texas/24-008749-003/2024(H5N1)	651	8249
HA|PP755589.1|A/cattle/Texas/24-008749-003/2024(H5N1)	652	8322
HA|PP755589.1|A/cattle/Texas/24-008749-003/2024(H5N1)	653	8356
HA|PP755589.1|A/cattle/Texas/24-008749-003/2024(H5N1)	654	8374
HA|PP755589.1|A/cattle/Texas/24-008749-003/2024(H5N1)	655	8380
HA|PP755589.1|A/cattle/Texas/24-008749-003/2024(H5N1)	656	8418
HA|PP755589.1|A/cattle/Texas/24-008749-003/2024(H5N1)	657	8530
HA|PP755589.1|A/cattle/Texas/24-008749-003/2024(H5N1)	658	8582
HA|PP755589.1|A/cattle/Texas/24-008749-003/2024(H5N1)	659	8746
HA|PP755589.1|A/cattle/Texas/24-008749-003/2024(H5N1)	660	8714
HA|PP755589.1|A/cattle/Texas/24-008749-003/2024(H5N1)	661	8722
HA|PP755589.1|A/cattle/Texas/24-008749-003/2024(H5N1)	662	8687
HA|PP755589.1|A/cattle/Texas/24-008749-003/2024(H5N1)	663	8459
HA|PP755589.1|A/cattle/Texas/24-008749-003/2024(H5N1)	664	8573
HA|PP755589.1|A/cattle/Texas/24-008749-003/2024(H5N1)	665	8587
HA|PP755589.1|A/cattle/Texas/24-008749-003/2024(H5N1)	666	8593
HA|PP755589.1|A/cattle/Texas/24-008749-003/2024(H5N1)	667	8524
HA|PP755589.1|A/cattle/Texas/24-008749-003/2024(H5N1)	668	8332
HA|PP755589.1|A/cattle/Texas/24-008749-003/2024(H5N1)	669	8377
HA|PP755589.1|A/cattle/Texas/24-008749-003/2024(H5N1)	670	8358
HA|PP755589.1|A/cattle/Texas/24-008749-003/2024(H5N1)	671	8632
HA|PP755589.1|A/cattle/Texas/24-008749-003/2024(H5N1)	672	8614
HA|PP755589.1|A/cattle/Texas/24-008749-003/2024(H5N1)	673	8478
HA|PP755589.1|A/cattle/Texas/24-008749-003/2024(H5N1)	674	8467
HA|PP755589.1|A/cattle/Texas/24-008749-003/2024(H5N1)	675	7977
HA|PP755589.1|A/cattle/Texas/24-008749-003/2024(H5N1)	676	8011
HA|PP755589.1|A/cattle/Texas/24-008749-003/2024(H5N1)	677	8032
HA|PP755589.1|A/cattle/Texas/24-008749-003/2024(H5N1)	678	7981
HA|PP755589.1|A/cattle/Texas/24-008749-003/2024(H5N1)	679	8033
HA|PP755589.1|A/cattle/Texas/24-008749-003/2024(H5N1)	680	7791
HA|PP755589.1|A/cattle/Texas/24-008749-003/2024(H5N1)	681	7832
HA|PP755589.1|A/cattle/Texas/24-008749-003/2024(H5N1)	682	7845
HA|PP755589.1|A/cattle/Texas/24-008749-003/2024(H5N1)	683	7845
HA|PP755589.1|A/cattle/Texas/24-008749-003/2024(H5N1)	684	7853
HA|PP755589.1|A/cattle/Texas/24-008749-003/2024(H5N1)	685	7825
HA|PP755589.1|A/cattle/Texas/24-008749-003/2024(H5N1)	686	7774
HA|PP755589.1|A/cattle/Texas/24-008749-003/2024(H5N1)	687	7605
HA|PP755589.1|A/cattle/Texas/24-008749-003/2024(H5N1)	688	7587
HA|PP755589.1|A/cattle/Texas/24-008749-003/2024(H5N1)	689	7281
HA|PP755589.1|A/cattle/Texas/24-008749-003/2024(H5N1)	690	7276
HA|PP755589.1|A/cattle/Texas/24-008749-003/2024(H5N1)	691	7418
HA|PP755589.1|A/cattle/Texas/24-008749-003/2024(H5N1)	692	7409
HA|PP755589.1|A/cattle/Texas/24-008749-003/2024(H5N1)	693	7406
HA|PP755589.1|A/cattle/Texas/24-008749-003/2024(H5N1)	694	7398
HA|PP755589.1|A/cattle/Texas/24-008749-003/2024(H5N1)	695	7405
HA|PP755589.1|A/cattle/Texas/24-008749-003/2024(H5N1)	696	7533
HA|PP755589.1|A/cattle/Texas/24-008749-003/2024(H5N1)	697	7522
HA|PP755589.1|A/cattle/Texas/24-008749-003/2024(H5N1)	698	7505
HA|PP755589.1|A/cattle/Texas/24-008749-003/2024(H5N1)	699	7525
HA|PP755589.1|A/cattle/Texas/24-008749-003/2024(H5N1)	700	7455
HA|PP755589.1|A/cattle/Texas/24-008749-003/2024(H5N1)	701	7472
HA|PP755589.1|A/cattle/Texas/24-008749-003/2024(H5N1)	702	7462
HA|PP755589.1|A/cattle/Texas/24-008749-003/2024(H5N1)	703	7500
HA|PP755589.1|A/cattle/Texas/24-008749-003/2024(H5N1)	704	7494
HA|PP755589.1|A/cattle/Texas/24-008749-003/2024(H5N1)	705	7435
HA|PP755589.1|A/cattle/Texas/24-008749-003/2024(H5N1)	706	7465
HA|PP755589.1|A/cattle/Texas/24-008749-003/2024(H5N1)	707	7457
HA|PP755589.1|A/cattle/Texas/24-008749-003/2024(H5N1)	708	7489
HA|PP755589.1|A/cattle/Texas/24-008749-003/2024(H5N1)	709	7475
HA|PP755589.1|A/cattle/Texas/24-008749-003/2024(H5N1)	710	7504
HA|PP755589.1|A/cattle/Texas/24-008749-003/2024(H5N1)	711	7490
HA|PP755589.1|A/cattle/Texas/24-008749-003/2024(H5N1)	712	7351
HA|PP755589.1|A/cattle/Texas/24-008749-003/2024(H5N1)	713	7339
HA|PP755589.1|A/cattle/Texas/24-008749-003/2024(H5N1)	714	8004
HA|PP755589.1|A/cattle/Texas/24-008749-003/2024(H5N1)	715	8106
HA|PP755589.1|A/cattle/Texas/24-008749-003/2024(H5N1)	716	8158
HA|PP755589.1|A/cattle/Texas/24-008749-003/2024(H5N1)	717	8140
HA|PP755589.1|A/cattle/Texas/24-008749-003/2024(H5N1)	718	8118
HA|PP755589.1|A/cattle/Texas/24-008749-003/2024(H5N1)	719	8103
HA|PP755589.1|A/cattle/Texas/24-008749-003/2024(H5N1)	720	8178
HA|PP755589.1|A/cattle/Texas/24-008749-003/2024(H5N1)	721	8160
HA|PP755589.1|A/cattle/Texas/24-008749-003/2024(H5N1)	722	8162
HA|PP755589.1|A/cattle/Texas/24-008749-003/2024(H5N1)	723	7943
HA|PP755589.1|A/cattle/Texas/24-008749-003/2024(H5N1)	724	7714
HA|PP755589.1|A/cattle/Texas/24-008749-003/2024(H5N1)	725	7835
HA|PP755589.1|A/cattle/Texas/24-008749-003/2024(H5N1)	726	7810
HA|PP755589.1|A/cattle/Texas/24-008749-003/2024(H5N1)	727	7921
HA|PP755589.1|A/cattle/Texas/24-008749-003/2024(H5N1)	728	7861
HA|PP755589.1|A/cattle/Texas/24-008749-003/2024(H5N1)	729	7728
HA|PP755589.1|A/cattle/Texas/24-008749-003/2024(H5N1)	730	7691
HA|PP755589.1|A/cattle/Texas/24-008749-003/2024(H5N1)	731	7715
HA|PP755589.1|A/cattle/Texas/24-008749-003/2024(H5N1)	732	8350
HA|PP755589.1|A/cattle/Texas/24-008749-003/2024(H5N1)	733	8352
HA|PP755589.1|A/cattle/Texas/24-008749-003/2024(H5N1)	734	8356
HA|PP755589.1|A/cattle/Texas/24-008749-003/2024(H5N1)	735	8260
HA|PP755589.1|A/cattle/Texas/24-008749-003/2024(H5N1)	736	8156
HA|PP755589.1|A/cattle/Texas/24-008749-003/2024(H5N1)	737	8194
HA|PP755589.1|A/cattle/Texas/24-008749-003/2024(H5N1)	738	8205
HA|PP755589.1|A/cattle/Texas/24-008749-003/2024(H5N1)	739	8205
HA|PP755589.1|A/cattle/Texas/24-008749-003/2024(H5N1)	740	8214
HA|PP755589.1|A/cattle/Texas/24-008749-003/2024(H5N1)	741	7619
HA|PP755589.1|A/cattle/Texas/24-008749-003/2024(H5N1)	742	7658
HA|PP755589.1|A/cattle/Texas/24-008749-003/2024(H5N1)	743	7801
HA|PP755589.1|A/cattle/Texas/24-008749-003/2024(H5N1)	744	7877
HA|PP755589.1|A/cattle/Texas/24-008749-003/2024(H5N1)	745	8039
HA|PP755589.1|A/cattle/Texas/24-008749-003/2024(H5N1)	746	8160
HA|PP755589.1|A/cattle/Texas/24-008749-003/2024(H5N1)	747	7932
HA|PP755589.1|A/cattle/Texas/24-008749-003/2024(H5N1)	748	8006
HA|PP755589.1|A/cattle/Texas/24-008749-003/2024(H5N1)	749	7990
HA|PP755589.1|A/cattle/Texas/24-008749-003/2024(H5N1)	750	7981
HA|PP755589.1|A/cattle/Texas/24-008749-003/2024(H5N1)	751	7954
HA|PP755589.1|A/cattle/Texas/24-008749-003/2024(H5N1)	752	7777
HA|PP755589.1|A/cattle/Texas/24-008749-003/2024(H5N1)	753	7706
HA|PP755589.1|A/cattle/Texas/24-008749-003/2024(H5N1)	754	7696
HA|PP755589.1|A/cattle/Texas/24-008749-003/2024(H5N1)	755	7645
HA|PP755589.1|A/cattle/Texas/24-008749-003/2024(H5N1)	756	7649
HA|PP755589.1|A/cattle/Texas/24-008749-003/2024(H5N1)	757	7622
HA|PP755589.1|A/cattle/Texas/24-008749-003/2024(H5N1)	758	7901
HA|PP755589.1|A/cattle/Texas/24-008749-003/2024(H5N1)	759	7863
HA|PP755589.1|A/cattle/Texas/24-008749-003/2024(H5N1)	760	7810
HA|PP755589.1|A/cattle/Texas/24-008749-003/2024(H5N1)	761	7881
HA|PP755589.1|A/cattle/Texas/24-008749-003/2024(H5N1)	762	7838
HA|PP755589.1|A/cattle/Texas/24-008749-003/2024(H5N1)	763	7900
HA|PP755589.1|A/cattle/Texas/24-008749-003/2024(H5N1)	764	7888
HA|PP755589.1|A/cattle/Texas/24-008749-003/2024(H5N1)	765	7921
HA|PP755589.1|A/cattle/Texas/24-008749-003/2024(H5N1)	766	7967
HA|PP755589.1|A/cattle/Texas/24-008749-003/2024(H5N1)	767	7682
HA|PP755589.1|A/cattle/Texas/24-008749-003/2024(H5N1)	768	7718
HA|PP755589.1|A/cattle/Texas/24-008749-003/2024(H5N1)	769	7709
HA|PP755589.1|A/cattle/Texas/24-008749-003/2024(H5N1)	770	7710
HA|PP755589.1|A/cattle/Texas/24-008749-003/2024(H5N1)	771	7674
HA|PP755589.1|A/cattle/Texas/24-008749-003/2024(H5N1)	772	7670
HA|PP755589.1|A/cattle/Texas/24-008749-003/2024(H5N1)	773	7665
HA|PP755589.1|A/cattle/Texas/24-008749-003/2024(H5N1)	774	7688
HA|PP755589.1|A/cattle/Texas/24-008749-003/2024(H5N1)	775	7662
HA|PP755589.1|A/cattle/Texas/24-008749-003/2024(H5N1)	776	7665
HA|PP755589.1|A/cattle/Texas/24-008749-003/2024(H5N1)	777	7660
HA|PP755589.1|A/cattle/Texas/24-008749-003/2024(H5N1)	778	7620
HA|PP755589.1|A/cattle/Texas/24-008749-003/2024(H5N1)	779	7690
HA|PP755589.1|A/cattle/Texas/24-008749-003/2024(H5N1)	780	7694
HA|PP755589.1|A/cattle/Texas/24-008749-003/2024(H5N1)	781	7697
HA|PP755589.1|A/cattle/Texas/24-008749-003/2024(H5N1)	782	7674
HA|PP755589.1|A/cattle/Texas/24-008749-003/2024(H5N1)	783	7674
HA|PP755589.1|A/cattle/Texas/24-008749-003/2024(H5N1)	784	8079
HA|PP755589.1|A/cattle/Texas/24-008749-003/2024(H5N1)	785	8218
HA|PP755589.1|A/cattle/Texas/24-008749-003/2024(H5N1)	786	8117
HA|PP755589.1|A/cattle/Texas/24-008749-003/2024(H5N1)	787	8200
HA|PP755589.1|A/cattle/Texas/24-008749-003/2024(H5N1)	788	8201
HA|PP755589.1|A/cattle/Texas/24-008749-003/2024(H5N1)	789	8119
HA|PP755589.1|A/cattle/Texas/24-008749-003/2024(H5N1)	790	8116
HA|PP755589.1|A/cattle/Texas/24-008749-003/2024(H5N1)	791	8136
HA|PP755589.1|A/cattle/Texas/24-008749-003/2024(H5N1)	792	8238
HA|PP755589.1|A/cattle/Texas/24-008749-003/2024(H5N1)	793	8479
HA|PP755589.1|A/cattle/Texas/24-008749-003/2024(H5N1)	794	8612
HA|PP755589.1|A/cattle/Texas/24-008749-003/2024(H5N1)	795	8608
HA|PP755589.1|A/cattle/Texas/24-008749-003/2024(H5N1)	796	8685
HA|PP755589.1|A/cattle/Texas/24-008749-003/2024(H5N1)	797	8681
HA|PP755589.1|A/cattle/Texas/24-008749-003/2024(H5N1)	798	8704
HA|PP755589.1|A/cattle/Texas/24-008749-003/2024(H5N1)	799	8887
HA|PP755589.1|A/cattle/Texas/24-008749-003/2024(H5N1)	800	9402
HA|PP755589.1|A/cattle/Texas/24-008749-003/2024(H5N1)	801	9479
HA|PP755589.1|A/cattle/Texas/24-008749-003/2024(H5N1)	802	9232
HA|PP755589.1|A/cattle/Texas/24-008749-003/2024(H5N1)	803	9177
HA|PP755589.1|A/cattle/Texas/24-008749-003/2024(H5N1)	804	9181
HA|PP755589.1|A/cattle/Texas/24-008749-003/2024(H5N1)	805	9146
HA|PP755589.1|A/cattle/Texas/24-008749-003/2024(H5N1)	806	9193
HA|PP755589.1|A/cattle/Texas/24-008749-003/2024(H5N1)	807	9173
HA|PP755589.1|A/cattle/Texas/24-008749-003/2024(H5N1)	808	9051
HA|PP755589.1|A/cattle/Texas/24-008749-003/2024(H5N1)	809	8959
HA|PP755589.1|A/cattle/Texas/24-008749-003/2024(H5N1)	810	8811
HA|PP755589.1|A/cattle/Texas/24-008749-003/2024(H5N1)	811	8853
HA|PP755589.1|A/cattle/Texas/24-008749-003/2024(H5N1)	812	8942
HA|PP755589.1|A/cattle/Texas/24-008749-003/2024(H5N1)	813	8941
HA|PP755589.1|A/cattle/Texas/24-008749-003/2024(H5N1)	814	8945
HA|PP755589.1|A/cattle/Texas/24-008749-003/2024(H5N1)	815	8815
HA|PP755589.1|A/cattle/Texas/24-008749-003/2024(H5N1)	816	8811
HA|PP755589.1|A/cattle/Texas/24-008749-003/2024(H5N1)	817	8768
HA|PP755589.1|A/cattle/Texas/24-008749-003/2024(H5N1)	818	8759
HA|PP755589.1|A/cattle/Texas/24-008749-003/2024(H5N1)	819	8750
HA|PP755589.1|A/cattle/Texas/24-008749-003/2024(H5N1)	820	8717
HA|PP755589.1|A/cattle/Texas/24-008749-003/2024(H5N1)	821	8678
HA|PP755589.1|A/cattle/Texas/24-008749-003/2024(H5N1)	822	8513
HA|PP755589.1|A/cattle/Texas/24-008749-003/2024(H5N1)	823	8523
HA|PP755589.1|A/cattle/Texas/24-008749-003/2024(H5N1)	824	8525
HA|PP755589.1|A/cattle/Texas/24-008749-003/2024(H5N1)	825	8517
HA|PP755589.1|A/cattle/Texas/24-008749-003/2024(H5N1)	826	8509
HA|PP755589.1|A/cattle/Texas/24-008749-003/2024(H5N1)	827	8490
HA|PP755589.1|A/cattle/Texas/24-008749-003/2024(H5N1)	828	8531
HA|PP755589.1|A/cattle/Texas/24-008749-003/2024(H5N1)	829	8528
HA|PP755589.1|A/cattle/Texas/24-008749-003/2024(H5N1)	830	8491
HA|PP755589.1|A/cattle/Texas/24-008749-003/2024(H5N1)	831	8505
HA|PP755589.1|A/cattle/Texas/24-008749-003/2024(H5N1)	832	8462
HA|PP755589.1|A/cattle/Texas/24-008749-003/2024(H5N1)	833	8488
HA|PP755589.1|A/cattle/Texas/24-008749-003/2024(H5N1)	834	8489
HA|PP755589.1|A/cattle/Texas/24-008749-003/2024(H5N1)	835	8607
HA|PP755589.1|A/cattle/Texas/24-008749-003/2024(H5N1)	836	8607
HA|PP755589.1|A/cattle/Texas/24-008749-003/2024(H5N1)	837	8552
HA|PP755589.1|A/cattle/Texas/24-008749-003/2024(H5N1)	838	8612
HA|PP755589.1|A/cattle/Texas/24-008749-003/2024(H5N1)	839	8606
HA|PP755589.1|A/cattle/Texas/24-008749-003/2024(H5N1)	840	8543
HA|PP755589.1|A/cattle/Texas/24-008749-003/2024(H5N1)	841	8555
HA|PP755589.1|A/cattle/Texas/24-008749-003/2024(H5N1)	842	8472
HA|PP755589.1|A/cattle/Texas/24-008749-003/2024(H5N1)	843	8493
HA|PP755589.1|A/cattle/Texas/24-008749-003/2024(H5N1)	844	8507
HA|PP755589.1|A/cattle/Texas/24-008749-003/2024(H5N1)	845	8517
HA|PP755589.1|A/cattle/Texas/24-008749-003/2024(H5N1)	846	8496
HA|PP755589.1|A/cattle/Texas/24-008749-003/2024(H5N1)	847	8312
HA|PP755589.1|A/cattle/Texas/24-008749-003/2024(H5N1)	848	8382
HA|PP755589.1|A/cattle/Texas/24-008749-003/2024(H5N1)	849	8409
HA|PP755589.1|A/cattle/Texas/24-008749-003/2024(H5N1)	850	8403
HA|PP755589.1|A/cattle/Texas/24-008749-003/2024(H5N1)	851	8470
HA|PP755589.1|A/cattle/Texas/24-008749-003/2024(H5N1)	852	8451
HA|PP755589.1|A/cattle/Texas/24-008749-003/2024(H5N1)	853	8509
HA|PP755589.1|A/cattle/Texas/24-008749-003/2024(H5N1)	854	8572
HA|PP755589.1|A/cattle/Texas/24-008749-003/2024(H5N1)	855	8633
HA|PP755589.1|A/cattle/Texas/24-008749-003/2024(H5N1)	856	9303
HA|PP755589.1|A/cattle/Texas/24-008749-003/2024(H5N1)	857	9340
HA|PP755589.1|A/cattle/Texas/24-008749-003/2024(H5N1)	858	9341
HA|PP755589.1|A/cattle/Texas/24-008749-003/2024(H5N1)	859	9389
HA|PP755589.1|A/cattle/Texas/24-008749-003/2024(H5N1)	860	9380
HA|PP755589.1|A/cattle/Texas/24-008749-003/2024(H5N1)	861	9367
HA|PP755589.1|A/cattle/Texas/24-008749-003/2024(H5N1)	862	9372
HA|PP755589.1|A/cattle/Texas/24-008749-003/2024(H5N1)	863	9373
HA|PP755589.1|A/cattle/Texas/24-008749-003/2024(H5N1)	864	9072
HA|PP755589.1|A/cattle/Texas/24-008749-003/2024(H5N1)	865	8451
HA|PP755589.1|A/cattle/Texas/24-008749-003/2024(H5N1)	866	8271
HA|PP755589.1|A/cattle/Texas/24-008749-003/2024(H5N1)	867	8406
HA|PP755589.1|A/cattle/Texas/24-008749-003/2024(H5N1)	868	8452
HA|PP755589.1|A/cattle/Texas/24-008749-003/2024(H5N1)	869	8448
HA|PP755589.1|A/cattle/Texas/24-008749-003/2024(H5N1)	870	8416
HA|PP755589.1|A/cattle/Texas/24-008749-003/2024(H5N1)	871	8339
HA|PP755589.1|A/cattle/Texas/24-008749-003/2024(H5N1)	872	8282
HA|PP755589.1|A/cattle/Texas/24-008749-003/2024(H5N1)	873	8274
HA|PP755589.1|A/cattle/Texas/24-008749-003/2024(H5N1)	874	8278
HA|PP755589.1|A/cattle/Texas/24-008749-003/2024(H5N1)	875	8306
HA|PP755589.1|A/cattle/Texas/24-008749-003/2024(H5N1)	876	8118
HA|PP755589.1|A/cattle/Texas/24-008749-003/2024(H5N1)	877	8113
HA|PP755589.1|A/cattle/Texas/24-008749-003/2024(H5N1)	878	8036
HA|PP755589.1|A/cattle/Texas/24-008749-003/2024(H5N1)	879	8033
HA|PP755589.1|A/cattle/Texas/24-008749-003/2024(H5N1)	880	8097
HA|PP755589.1|A/cattle/Texas/24-008749-003/2024(H5N1)	881	8116
HA|PP755589.1|A/cattle/Texas/24-008749-003/2024(H5N1)	882	8066
HA|PP755589.1|A/cattle/Texas/24-008749-003/2024(H5N1)	883	7476
HA|PP755589.1|A/cattle/Texas/24-008749-003/2024(H5N1)	884	7473
HA|PP755589.1|A/cattle/Texas/24-008749-003/2024(H5N1)	885	7509
HA|PP755589.1|A/cattle/Texas/24-008749-003/2024(H5N1)	886	7532
HA|PP755589.1|A/cattle/Texas/24-008749-003/2024(H5N1)	887	7762
HA|PP755589.1|A/cattle/Texas/24-008749-003/2024(H5N1)	888	7758
HA|PP755589.1|A/cattle/Texas/24-008749-003/2024(H5N1)	889	7714
HA|PP755589.1|A/cattle/Texas/24-008749-003/2024(H5N1)	890	7731
HA|PP755589.1|A/cattle/Texas/24-008749-003/2024(H5N1)	891	7722
HA|PP755589.1|A/cattle/Texas/24-008749-003/2024(H5N1)	892	7721
HA|PP755589.1|A/cattle/Texas/24-008749-003/2024(H5N1)	893	7656
HA|PP755589.1|A/cattle/Texas/24-008749-003/2024(H5N1)	894	7510
HA|PP755589.1|A/cattle/Texas/24-008749-003/2024(H5N1)	895	7389
HA|PP755589.1|A/cattle/Texas/24-008749-003/2024(H5N1)	896	7296
HA|PP755589.1|A/cattle/Texas/24-008749-003/2024(H5N1)	897	7168
HA|PP755589.1|A/cattle/Texas/24-008749-003/2024(H5N1)	898	7166
HA|PP755589.1|A/cattle/Texas/24-008749-003/2024(H5N1)	899	7288
HA|PP755589.1|A/cattle/Texas/24-008749-003/2024(H5N1)	900	7301
HA|PP755589.1|A/cattle/Texas/24-008749-003/2024(H5N1)	901	7311
HA|PP755589.1|A/cattle/Texas/24-008749-003/2024(H5N1)	902	7305
HA|PP755589.1|A/cattle/Texas/24-008749-003/2024(H5N1)	903	7355
HA|PP755589.1|A/cattle/Texas/24-008749-003/2024(H5N1)	904	7294
HA|PP755589.1|A/cattle/Texas/24-008749-003/2024(H5N1)	905	7346
HA|PP755589.1|A/cattle/Texas/24-008749-003/2024(H5N1)	906	7359
HA|PP755589.1|A/cattle/Texas/24-008749-003/2024(H5N1)	907	7357
HA|PP755589.1|A/cattle/Texas/24-008749-003/2024(H5N1)	908	7145
HA|PP755589.1|A/cattle/Texas/24-008749-003/2024(H5N1)	909	7184
HA|PP755589.1|A/cattle/Texas/24-008749-003/2024(H5N1)	910	7173
HA|PP755589.1|A/cattle/Texas/24-008749-003/2024(H5N1)	911	7172
HA|PP755589.1|A/cattle/Texas/24-008749-003/2024(H5N1)	912	7105
HA|PP755589.1|A/cattle/Texas/24-008749-003/2024(H5N1)	913	7103
HA|PP755589.1|A/cattle/Texas/24-008749-003/2024(H5N1)	914	7045
HA|PP755589.1|A/cattle/Texas/24-008749-003/2024(H5N1)	915	7032
HA|PP755589.1|A/cattle/Texas/24-008749-003/2024(H5N1)	916	7743
HA|PP755589.1|A/cattle/Texas/24-008749-003/2024(H5N1)	917	7731
HA|PP755589.1|A/cattle/Texas/24-008749-003/2024(H5N1)	918	7737
HA|PP755589.1|A/cattle/Texas/24-008749-003/2024(H5N1)	919	7750
HA|PP755589.1|A/cattle/Texas/24-008749-003/2024(H5N1)	920	7776
HA|PP755589.1|A/cattle/Texas/24-008749-003/2024(H5N1)	921	7834
HA|PP755589.1|A/cattle/Texas/24-008749-003/2024(H5N1)	922	7829
HA|PP755589.1|A/cattle/Texas/24-008749-003/2024(H5N1)	923	7840
HA|PP755589.1|A/cattle/Texas/24-008749-003/2024(H5N1)	924	7866
HA|PP755589.1|A/cattle/Texas/24-008749-003/2024(H5N1)	925	7833
HA|PP755589.1|A/cattle/Texas/24-008749-003/2024(H5N1)	926	8313
HA|PP755589.1|A/cattle/Texas/24-008749-003/2024(H5N1)	927	8383
HA|PP755589.1|A/cattle/Texas/24-008749-003/2024(H5N1)	928	8398
HA|PP755589.1|A/cattle/Texas/24-008749-003/2024(H5N1)	929	8470
HA|PP755589.1|A/cattle/Texas/24-008749-003/2024(H5N1)	930	8481
HA|PP755589.1|A/cattle/Texas/24-008749-003/2024(H5N1)	931	8498
HA|PP755589.1|A/cattle/Texas/24-008749-003/2024(H5N1)	932	8481
HA|PP755589.1|A/cattle/Texas/24-008749-003/2024(H5N1)	933	8505
HA|PP755589.1|A/cattle/Texas/24-008749-003/2024(H5N1)	934	8662
HA|PP755589.1|A/cattle/Texas/24-008749-003/2024(H5N1)	935	8199
HA|PP755589.1|A/cattle/Texas/24-008749-003/2024(H5N1)	936	8111
HA|PP755589.1|A/cattle/Texas/24-008749-003/2024(H5N1)	937	8098
HA|PP755589.1|A/cattle/Texas/24-008749-003/2024(H5N1)	938	8061
HA|PP755589.1|A/cattle/Texas/24-008749-003/2024(H5N1)	939	8071
HA|PP755589.1|A/cattle/Texas/24-008749-003/2024(H5N1)	940	8142
HA|PP755589.1|A/cattle/Texas/24-008749-003/2024(H5N1)	941	8605
HA|PP755589.1|A/cattle/Texas/24-008749-003/2024(H5N1)	942	8577
HA|PP755589.1|A/cattle/Texas/24-008749-003/2024(H5N1)	943	8537
HA|PP755589.1|A/cattle/Texas/24-008749-003/2024(H5N1)	944	8437
HA|PP755589.1|A/cattle/Texas/24-008749-003/2024(H5N1)	945	8416
HA|PP755589.1|A/cattle/Texas/24-008749-003/2024(H5N1)	946	8435
HA|PP755589.1|A/cattle/Texas/24-008749-003/2024(H5N1)	947	8334
HA|PP755589.1|A/cattle/Texas/24-008749-003/2024(H5N1)	948	8315
HA|PP755589.1|A/cattle/Texas/24-008749-003/2024(H5N1)	949	8294
HA|PP755589.1|A/cattle/Texas/24-008749-003/2024(H5N1)	950	7636
HA|PP755589.1|A/cattle/Texas/24-008749-003/2024(H5N1)	951	7677
HA|PP755589.1|A/cattle/Texas/24-008749-003/2024(H5N1)	952	7605
HA|PP755589.1|A/cattle/Texas/24-008749-003/2024(H5N1)	953	7636
HA|PP755589.1|A/cattle/Texas/24-008749-003/2024(H5N1)	954	7694
HA|PP755589.1|A/cattle/Texas/24-008749-003/2024(H5N1)	955	7751
HA|PP755589.1|A/cattle/Texas/24-008749-003/2024(H5N1)	956	7805
HA|PP755589.1|A/cattle/Texas/24-008749-003/2024(H5N1)	957	7846
HA|PP755589.1|A/cattle/Texas/24-008749-003/2024(H5N1)	958	7897
HA|PP755589.1|A/cattle/Texas/24-008749-003/2024(H5N1)	959	7910
HA|PP755589.1|A/cattle/Texas/24-008749-003/2024(H5N1)	960	8086
HA|PP755589.1|A/cattle/Texas/24-008749-003/2024(H5N1)	961	8164
HA|PP755589.1|A/cattle/Texas/24-008749-003/2024(H5N1)	962	8122
HA|PP755589.1|A/cattle/Texas/24-008749-003/2024(H5N1)	963	8041
HA|PP755589.1|A/cattle/Texas/24-008749-003/2024(H5N1)	964	8038
HA|PP755589.1|A/cattle/Texas/24-008749-003/2024(H5N1)	965	8080
HA|PP755589.1|A/cattle/Texas/24-008749-003/2024(H5N1)	966	8086
HA|PP755589.1|A/cattle/Texas/24-008749-003/2024(H5N1)	967	8156
HA|PP755589.1|A/cattle/Texas/24-008749-003/2024(H5N1)	968	8282
HA|PP755589.1|A/cattle/Texas/24-008749-003/2024(H5N1)	969	8286
HA|PP755589.1|A/cattle/Texas/24-008749-003/2024(H5N1)	970	8294
HA|PP755589.1|A/cattle/Texas/24-008749-003/2024(H5N1)	971	8281
HA|PP755589.1|A/cattle/Texas/24-008749-003/2024(H5N1)	972	8271
HA|PP755589.1|A/cattle/Texas/24-008749-003/2024(H5N1)	973	8408
HA|PP755589.1|A/cattle/Texas/24-008749-003/2024(H5N1)	974	8396
HA|PP755589.1|A/cattle/Texas/24-008749-003/2024(H5N1)	975	8393
HA|PP755589.1|A/cattle/Texas/24-008749-003/2024(H5N1)	976	8406
HA|PP755589.1|A/cattle/Texas/24-008749-003/2024(H5N1)	977	8475
HA|PP755589.1|A/cattle/Texas/24-008749-003/2024(H5N1)	978	8479
HA|PP755589.1|A/cattle/Texas/24-008749-003/2024(H5N1)	979	8697
HA|PP755589.1|A/cattle/Texas/24-008749-003/2024(H5N1)	980	8760
HA|PP755589.1|A/cattle/Texas/24-008749-003/2024(H5N1)	981	8766
HA|PP755589.1|A/cattle/Texas/24-008749-003/2024(H5N1)	982	8751
HA|PP755589.1|A/cattle/Texas/24-008749-003/2024(H5N1)	983	8791
HA|PP755589.1|A/cattle/Texas/24-008749-003/2024(H5N1)	984	8862
HA|PP755589.1|A/cattle/Texas/24-008749-003/2024(H5N1)	985	8896
HA|PP755589.1|A/cattle/Texas/24-008749-003/2024(H5N1)	986	8853
HA|PP755589.1|A/cattle/Texas/24-008749-003/2024(H5N1)	987	8883
HA|PP755589.1|A/cattle/Texas/24-008749-003/2024(H5N1)	988	8886
HA|PP755589.1|A/cattle/Texas/24-008749-003/2024(H5N1)	989	9080
HA|PP755589.1|A/cattle/Texas/24-008749-003/2024(H5N1)	990	9089
HA|PP755589.1|A/cattle/Texas/24-008749-003/2024(H5N1)	991	9094
HA|PP755589.1|A/cattle/Texas/24-008749-003/2024(H5N1)	992	9061
HA|PP755589.1|A/cattle/Texas/24-008749-003/2024(H5N1)	993	8971
HA|PP755589.1|A/cattle/Texas/24-008749-003/2024(H5N1)	994	9017
HA|PP755589.1|A/cattle/Texas/24-008749-003/2024(H5N1)	995	9011
HA|PP755589.1|A/cattle/Texas/24-008749-003/2024(H5N1)	996	9078
HA|PP755589.1|A/cattle/Texas/24-008749-003/2024(H5N1)	997	9029
HA|PP755589.1|A/cattle/Texas/24-008749-003/2024(H5N1)	998	8990
HA|PP755589.1|A/cattle/Texas/24-008749-003/2024(H5N1)	999	9000
HA|PP755589.1|A/cattle/Texas/24-008749-003/2024(H5N1)	1000	8983
HA|PP755589.1|A/cattle/Texas/24-008749-003/2024(H5N1)	1001	9116
HA|PP755589.1|A/cattle/Texas/24-008749-003/2024(H5N1)	1002	9068
HA|PP755589.1|A/cattle/Texas/24-008749-003/2024(H5N1)	1003	9036
HA|PP755589.1|A/cattle/Texas/24-008749-003/2024(H5N1)	1004	9013
HA|PP755589.1|A/cattle/Texas/24-008749-003/2024(H5N1)	1005	8923
HA|PP755589.1|A/cattle/Texas/24-008749-003/2024(H5N1)	1006	8853
HA|PP755589.1|A/cattle/Texas/24-008749-003/2024(H5N1)	1007	8234
HA|PP755589.1|A/cattle/Texas/24-008749-003/2024(H5N1)	1008	8191
HA|PP755589.1|A/cattle/Texas/24-008749-003/2024(H5N1)	1009	8204
HA|PP755589.1|A/cattle/Texas/24-008749-003/2024(H5N1)	1010	8121
HA|PP755589.1|A/cattle/Texas/24-008749-003/2024(H5N1)	1011	8017
HA|PP755589.1|A/cattle/Texas/24-008749-003/2024(H5N1)	1012	7966
HA|PP755589.1|A/cattle/Texas/24-008749-003/2024(H5N1)	1013	7958
HA|PP755589.1|A/cattle/Texas/24-008749-003/2024(H5N1)	1014	7970
HA|PP755589.1|A/cattle/Texas/24-008749-003/2024(H5N1)	1015	7979
HA|PP755589.1|A/cattle/Texas/24-008749-003/2024(H5N1)	1016	7990
HA|PP755589.1|A/cattle/Texas/24-008749-003/2024(H5N1)	1017	8029
HA|PP755589.1|A/cattle/Texas/24-008749-003/2024(H5N1)	1018	7877
HA|PP755589.1|A/cattle/Texas/24-008749-003/2024(H5N1)	1019	7835
HA|PP755589.1|A/cattle/Texas/24-008749-003/2024(H5N1)	1020	7836
HA|PP755589.1|A/cattle/Texas/24-008749-003/2024(H5N1)	1021	7848
HA|PP755589.1|A/cattle/Texas/24-008749-003/2024(H5N1)	1022	7850
HA|PP755589.1|A/cattle/Texas/24-008749-003/2024(H5N1)	1023	7849
HA|PP755589.1|A/cattle/Texas/24-008749-003/2024(H5N1)	1024	7862
HA|PP755589.1|A/cattle/Texas/24-008749-003/2024(H5N1)	1025	7870
HA|PP755589.1|A/cattle/Texas/24-008749-003/2024(H5N1)	1026	7892
HA|PP755589.1|A/cattle/Texas/24-008749-003/2024(H5N1)	1027	7879
HA|PP755589.1|A/cattle/Texas/24-008749-003/2024(H5N1)	1028	7907
HA|PP755589.1|A/cattle/Texas/24-008749-003/2024(H5N1)	1029	7974
HA|PP755589.1|A/cattle/Texas/24-008749-003/2024(H5N1)	1030	7969
HA|PP755589.1|A/cattle/Texas/24-008749-003/2024(H5N1)	1031	7910
HA|PP755589.1|A/cattle/Texas/24-008749-003/2024(H5N1)	1032	7899
HA|PP755589.1|A/cattle/Texas/24-008749-003/2024(H5N1)	1033	7902
HA|PP755589.1|A/cattle/Texas/24-008749-003/2024(H5N1)	1034	7910
HA|PP755589.1|A/cattle/Texas/24-008749-003/2024(H5N1)	1035	7973
HA|PP755589.1|A/cattle/Texas/24-008749-003/2024(H5N1)	1036	8047
HA|PP755589.1|A/cattle/Texas/24-008749-003/2024(H5N1)	1037	8097
HA|PP755589.1|A/cattle/Texas/24-008749-003/2024(H5N1)	1038	7853
HA|PP755589.1|A/cattle/Texas/24-008749-003/2024(H5N1)	1039	7895
HA|PP755589.1|A/cattle/Texas/24-008749-003/2024(H5N1)	1040	7906
HA|PP755589.1|A/cattle/Texas/24-008749-003/2024(H5N1)	1041	8162
HA|PP755589.1|A/cattle/Texas/24-008749-003/2024(H5N1)	1042	8181
HA|PP755589.1|A/cattle/Texas/24-008749-003/2024(H5N1)	1043	8184
HA|PP755589.1|A/cattle/Texas/24-008749-003/2024(H5N1)	1044	8191
HA|PP755589.1|A/cattle/Texas/24-008749-003/2024(H5N1)	1045	8110
HA|PP755589.1|A/cattle/Texas/24-008749-003/2024(H5N1)	1046	8124
HA|PP755589.1|A/cattle/Texas/24-008749-003/2024(H5N1)	1047	8268
HA|PP755589.1|A/cattle/Texas/24-008749-003/2024(H5N1)	1048	8276
HA|PP755589.1|A/cattle/Texas/24-008749-003/2024(H5N1)	1049	8268
HA|PP755589.1|A/cattle/Texas/24-008749-003/2024(H5N1)	1050	8051
HA|PP755589.1|A/cattle/Texas/24-008749-003/2024(H5N1)	1051	8212
HA|PP755589.1|A/cattle/Texas/24-008749-003/2024(H5N1)	1052	8240
HA|PP755589.1|A/cattle/Texas/24-008749-003/2024(H5N1)	1053	8316
HA|PP755589.1|A/cattle/Texas/24-008749-003/2024(H5N1)	1054	8278
HA|PP755589.1|A/cattle/Texas/24-008749-003/2024(H5N1)	1055	8252
HA|PP755589.1|A/cattle/Texas/24-008749-003/2024(H5N1)	1056	8217
HA|PP755589.1|A/cattle/Texas/24-008749-003/2024(H5N1)	1057	8647
HA|PP755589.1|A/cattle/Texas/24-008749-003/2024(H5N1)	1058	9329
HA|PP755589.1|A/cattle/Texas/24-008749-003/2024(H5N1)	1059	9364
HA|PP755589.1|A/cattle/Texas/24-008749-003/2024(H5N1)	1060	9298
HA|PP755589.1|A/cattle/Texas/24-008749-003/2024(H5N1)	1061	9286
HA|PP755589.1|A/cattle/Texas/24-008749-003/2024(H5N1)	1062	9321
HA|PP755589.1|A/cattle/Texas/24-008749-003/2024(H5N1)	1063	9370
HA|PP755589.1|A/cattle/Texas/24-008749-003/2024(H5N1)	1064	9373
HA|PP755589.1|A/cattle/Texas/24-008749-003/2024(H5N1)	1065	9378
HA|PP755589.1|A/cattle/Texas/24-008749-003/2024(H5N1)	1066	9412
HA|PP755589.1|A/cattle/Texas/24-008749-003/2024(H5N1)	1067	8572
HA|PP755589.1|A/cattle/Texas/24-008749-003/2024(H5N1)	1068	8574
HA|PP755589.1|A/cattle/Texas/24-008749-003/2024(H5N1)	1069	8608
HA|PP755589.1|A/cattle/Texas/24-008749-003/2024(H5N1)	1070	8638
HA|PP755589.1|A/cattle/Texas/24-008749-003/2024(H5N1)	1071	8594
HA|PP755589.1|A/cattle/Texas/24-008749-003/2024(H5N1)	1072	8625
HA|PP755589.1|A/cattle/Texas/24-008749-003/2024(H5N1)	1073	8628
HA|PP755589.1|A/cattle/Texas/24-008749-003/2024(H5N1)	1074	8640
HA|PP755589.1|A/cattle/Texas/24-008749-003/2024(H5N1)	1075	8649
HA|PP755589.1|A/cattle/Texas/24-008749-003/2024(H5N1)	1076	8680
HA|PP755589.1|A/cattle/Texas/24-008749-003/2024(H5N1)	1077	8280
HA|PP755589.1|A/cattle/Texas/24-008749-003/2024(H5N1)	1078	8211
HA|PP755589.1|A/cattle/Texas/24-008749-003/2024(H5N1)	1079	8154
HA|PP755589.1|A/cattle/Texas/24-008749-003/2024(H5N1)	1080	8179
HA|PP755589.1|A/cattle/Texas/24-008749-003/2024(H5N1)	1081	8211
HA|PP755589.1|A/cattle/Texas/24-008749-003/2024(H5N1)	1082	8248
HA|PP755589.1|A/cattle/Texas/24-008749-003/2024(H5N1)	1083	8244
HA|PP755589.1|A/cattle/Texas/24-008749-003/2024(H5N1)	1084	8205
HA|PP755589.1|A/cattle/Texas/24-008749-003/2024(H5N1)	1085	8060
HA|PP755589.1|A/cattle/Texas/24-008749-003/2024(H5N1)	1086	8167
HA|PP755589.1|A/cattle/Texas/24-008749-003/2024(H5N1)	1087	8245
HA|PP755589.1|A/cattle/Texas/24-008749-003/2024(H5N1)	1088	8243
HA|PP755589.1|A/cattle/Texas/24-008749-003/2024(H5N1)	1089	8205
HA|PP755589.1|A/cattle/Texas/24-008749-003/2024(H5N1)	1090	8199
HA|PP755589.1|A/cattle/Texas/24-008749-003/2024(H5N1)	1091	8374
HA|PP755589.1|A/cattle/Texas/24-008749-003/2024(H5N1)	1092	7989
HA|PP755589.1|A/cattle/Texas/24-008749-003/2024(H5N1)	1093	8063
HA|PP755589.1|A/cattle/Texas/24-008749-003/2024(H5N1)	1094	8060
HA|PP755589.1|A/cattle/Texas/24-008749-003/2024(H5N1)	1095	7945
HA|PP755589.1|A/cattle/Texas/24-008749-003/2024(H5N1)	1096	7865
HA|PP755589.1|A/cattle/Texas/24-008749-003/2024(H5N1)	1097	8022
HA|PP755589.1|A/cattle/Texas/24-008749-003/2024(H5N1)	1098	8198
HA|PP755589.1|A/cattle/Texas/24-008749-003/2024(H5N1)	1099	8282
HA|PP755589.1|A/cattle/Texas/24-008749-003/2024(H5N1)	1100	8331
HA|PP755589.1|A/cattle/Texas/24-008749-003/2024(H5N1)	1101	8352
HA|PP755589.1|A/cattle/Texas/24-008749-003/2024(H5N1)	1102	8592
HA|PP755589.1|A/cattle/Texas/24-008749-003/2024(H5N1)	1103	8650
HA|PP755589.1|A/cattle/Texas/24-008749-003/2024(H5N1)	1104	8628
HA|PP755589.1|A/cattle/Texas/24-008749-003/2024(H5N1)	1105	8565
HA|PP755589.1|A/cattle/Texas/24-008749-003/2024(H5N1)	1106	8461
HA|PP755589.1|A/cattle/Texas/24-008749-003/2024(H5N1)	1107	8517
HA|PP755589.1|A/cattle/Texas/24-008749-003/2024(H5N1)	1108	8555
HA|PP755589.1|A/cattle/Texas/24-008749-003/2024(H5N1)	1109	8529
HA|PP755589.1|A/cattle/Texas/24-008749-003/2024(H5N1)	1110	8843
HA|PP755589.1|A/cattle/Texas/24-008749-003/2024(H5N1)	1111	8656
HA|PP755589.1|A/cattle/Texas/24-008749-003/2024(H5N1)	1112	8553
HA|PP755589.1|A/cattle/Texas/24-008749-003/2024(H5N1)	1113	8562
HA|PP755589.1|A/cattle/Texas/24-008749-003/2024(H5N1)	1114	8545
HA|PP755589.1|A/cattle/Texas/24-008749-003/2024(H5N1)	1115	8772
HA|PP755589.1|A/cattle/Texas/24-008749-003/2024(H5N1)	1116	8735
HA|PP755589.1|A/cattle/Texas/24-008749-003/2024(H5N1)	1117	8707
HA|PP755589.1|A/cattle/Texas/24-008749-003/2024(H5N1)	1118	8705
HA|PP755589.1|A/cattle/Texas/24-008749-003/2024(H5N1)	1119	8572
HA|PP755589.1|A/cattle/Texas/24-008749-003/2024(H5N1)	1120	9176
HA|PP755589.1|A/cattle/Texas/24-008749-003/2024(H5N1)	1121	9784
HA|PP755589.1|A/cattle/Texas/24-008749-003/2024(H5N1)	1122	9950
HA|PP755589.1|A/cattle/Texas/24-008749-003/2024(H5N1)	1123	9977
HA|PP755589.1|A/cattle/Texas/24-008749-003/2024(H5N1)	1124	9780
HA|PP755589.1|A/cattle/Texas/24-008749-003/2024(H5N1)	1125	10021
HA|PP755589.1|A/cattle/Texas/24-008749-003/2024(H5N1)	1126	10050
HA|PP755589.1|A/cattle/Texas/24-008749-003/2024(H5N1)	1127	10213
HA|PP755589.1|A/cattle/Texas/24-008749-003/2024(H5N1)	1128	10245
HA|PP755589.1|A/cattle/Texas/24-008749-003/2024(H5N1)	1129	10011
HA|PP755589.1|A/cattle/Texas/24-008749-003/2024(H5N1)	1130	10350
HA|PP755589.1|A/cattle/Texas/24-008749-003/2024(H5N1)	1131	10380
HA|PP755589.1|A/cattle/Texas/24-008749-003/2024(H5N1)	1132	10500
HA|PP755589.1|A/cattle/Texas/24-008749-003/2024(H5N1)	1133	10565
HA|PP755589.1|A/cattle/Texas/24-008749-003/2024(H5N1)	1134	10548
HA|PP755589.1|A/cattle/Texas/24-008749-003/2024(H5N1)	1135	10432
HA|PP755589.1|A/cattle/Texas/24-008749-003/2024(H5N1)	1136	10362
HA|PP755589.1|A/cattle/Texas/24-008749-003/2024(H5N1)	1137	10327
HA|PP755589.1|A/cattle/Texas/24-008749-003/2024(H5N1)	1138	10367
HA|PP755589.1|A/cattle/Texas/24-008749-003/2024(H5N1)	1139	10382
HA|PP755589.1|A/cattle/Texas/24-008749-003/2024(H5N1)	1140	10110
HA|PP755589.1|A/cattle/Texas/24-008749-003/2024(H5N1)	1141	10160
HA|PP755589.1|A/cattle/Texas/24-008749-003/2024(H5N1)	1142	10130
HA|PP755589.1|A/cattle/Texas/24-008749-003/2024(H5N1)	1143	10145
HA|PP755589.1|A/cattle/Texas/24-008749-003/2024(H5N1)	1144	10240
HA|PP755589.1|A/cattle/Texas/24-008749-003/2024(H5N1)	1145	10211
HA|PP755589.1|A/cattle/Texas/24-008749-003/2024(H5N1)	1146	10264
HA|PP755589.1|A/cattle/Texas/24-008749-003/2024(H5N1)	1147	10239
HA|PP755589.1|A/cattle/Texas/24-008749-003/2024(H5N1)	1148	10242
HA|PP755589.1|A/cattle/Texas/24-008749-003/2024(H5N1)	1149	10243
HA|PP755589.1|A/cattle/Texas/24-008749-003/2024(H5N1)	1150	10335
HA|PP755589.1|A/cattle/Texas/24-008749-003/2024(H5N1)	1151	10348
HA|PP755589.1|A/cattle/Texas/24-008749-003/2024(H5N1)	1152	10222
HA|PP755589.1|A/cattle/Texas/24-008749-003/2024(H5N1)	1153	10238
HA|PP755589.1|A/cattle/Texas/24-008749-003/2024(H5N1)	1154	10281
HA|PP755589.1|A/cattle/Texas/24-008749-003/2024(H5N1)	1155	10262
HA|PP755589.1|A/cattle/Texas/24-008749-003/2024(H5N1)	1156	10435
HA|PP755589.1|A/cattle/Texas/24-008749-003/2024(H5N1)	1157	10606
HA|PP755589.1|A/cattle/Texas/24-008749-003/2024(H5N1)	1158	10634
HA|PP755589.1|A/cattle/Texas/24-008749-003/2024(H5N1)	1159	10593
HA|PP755589.1|A/cattle/Texas/24-008749-003/2024(H5N1)	1160	10589
HA|PP755589.1|A/cattle/Texas/24-008749-003/2024(H5N1)	1161	10603
HA|PP755589.1|A/cattle/Texas/24-008749-003/2024(H5N1)	1162	10603
HA|PP755589.1|A/cattle/Texas/24-008749-003/2024(H5N1)	1163	10670
HA|PP755589.1|A/cattle/Texas/24-008749-003/2024(H5N1)	1164	10789
HA|PP755589.1|A/cattle/Texas/24-008749-003/2024(H5N1)	1165	11152
HA|PP755589.1|A/cattle/Texas/24-008749-003/2024(H5N1)	1166	11122
HA|PP755589.1|A/cattle/Texas/24-008749-003/2024(H5N1)	1167	11087
HA|PP755589.1|A/cattle/Texas/24-008749-003/2024(H5N1)	1168	11165
HA|PP755589.1|A/cattle/Texas/24-008749-003/2024(H5N1)	1169	11318
HA|PP755589.1|A/cattle/Texas/24-008749-003/2024(H5N1)	1170	11365
HA|PP755589.1|A/cattle/Texas/24-008749-003/2024(H5N1)	1171	11364
HA|PP755589.1|A/cattle/Texas/24-008749-003/2024(H5N1)	1172	11676
HA|PP755589.1|A/cattle/Texas/24-008749-003/2024(H5N1)	1173	11678
HA|PP755589.1|A/cattle/Texas/24-008749-003/2024(H5N1)	1174	11621
HA|PP755589.1|A/cattle/Texas/24-008749-003/2024(H5N1)	1175	11964
HA|PP755589.1|A/cattle/Texas/24-008749-003/2024(H5N1)	1176	11883
HA|PP755589.1|A/cattle/Texas/24-008749-003/2024(H5N1)	1177	12076
HA|PP755589.1|A/cattle/Texas/24-008749-003/2024(H5N1)	1178	12174
HA|PP755589.1|A/cattle/Texas/24-008749-003/2024(H5N1)	1179	12195
HA|PP755589.1|A/cattle/Texas/24-008749-003/2024(H5N1)	1180	12230
HA|PP755589.1|A/cattle/Texas/24-008749-003/2024(H5N1)	1181	12457
HA|PP755589.1|A/cattle/Texas/24-008749-003/2024(H5N1)	1182	12499
HA|PP755589.1|A/cattle/Texas/24-008749-003/2024(H5N1)	1183	12525
HA|PP755589.1|A/cattle/Texas/24-008749-003/2024(H5N1)	1184	12451
HA|PP755589.1|A/cattle/Texas/24-008749-003/2024(H5N1)	1185	12555
HA|PP755589.1|A/cattle/Texas/24-008749-003/2024(H5N1)	1186	12538
HA|PP755589.1|A/cattle/Texas/24-008749-003/2024(H5N1)	1187	12456
HA|PP755589.1|A/cattle/Texas/24-008749-003/2024(H5N1)	1188	12772
HA|PP755589.1|A/cattle/Texas/24-008749-003/2024(H5N1)	1189	12813
HA|PP755589.1|A/cattle/Texas/24-008749-003/2024(H5N1)	1190	12701
HA|PP755589.1|A/cattle/Texas/24-008749-003/2024(H5N1)	1191	12495
HA|PP755589.1|A/cattle/Texas/24-008749-003/2024(H5N1)	1192	12488
HA|PP755589.1|A/cattle/Texas/24-008749-003/2024(H5N1)	1193	12722
HA|PP755589.1|A/cattle/Texas/24-008749-003/2024(H5N1)	1194	12798
HA|PP755589.1|A/cattle/Texas/24-008749-003/2024(H5N1)	1195	12790
HA|PP755589.1|A/cattle/Texas/24-008749-003/2024(H5N1)	1196	12791
HA|PP755589.1|A/cattle/Texas/24-008749-003/2024(H5N1)	1197	12637
HA|PP755589.1|A/cattle/Texas/24-008749-003/2024(H5N1)	1198	12739
HA|PP755589.1|A/cattle/Texas/24-008749-003/2024(H5N1)	1199	12719
HA|PP755589.1|A/cattle/Texas/24-008749-003/2024(H5N1)	1200	12751
HA|PP755589.1|A/cattle/Texas/24-008749-003/2024(H5N1)	1201	12752
HA|PP755589.1|A/cattle/Texas/24-008749-003/2024(H5N1)	1202	12572
HA|PP755589.1|A/cattle/Texas/24-008749-003/2024(H5N1)	1203	12555
HA|PP755589.1|A/cattle/Texas/24-008749-003/2024(H5N1)	1204	12594
HA|PP755589.1|A/cattle/Texas/24-008749-003/2024(H5N1)	1205	12666
HA|PP755589.1|A/cattle/Texas/24-008749-003/2024(H5N1)	1206	12687
HA|PP755589.1|A/cattle/Texas/24-008749-003/2024(H5N1)	1207	12630
HA|PP755589.1|A/cattle/Texas/24-008749-003/2024(H5N1)	1208	12220
HA|PP755589.1|A/cattle/Texas/24-008749-003/2024(H5N1)	1209	11726
HA|PP755589.1|A/cattle/Texas/24-008749-003/2024(H5N1)	1210	11756
HA|PP755589.1|A/cattle/Texas/24-008749-003/2024(H5N1)	1211	11807
HA|PP755589.1|A/cattle/Texas/24-008749-003/2024(H5N1)	1212	11812
HA|PP755589.1|A/cattle/Texas/24-008749-003/2024(H5N1)	1213	12174
HA|PP755589.1|A/cattle/Texas/24-008749-003/2024(H5N1)	1214	12136
HA|PP755589.1|A/cattle/Texas/24-008749-003/2024(H5N1)	1215	12298
HA|PP755589.1|A/cattle/Texas/24-008749-003/2024(H5N1)	1216	12296
HA|PP755589.1|A/cattle/Texas/24-008749-003/2024(H5N1)	1217	12416
HA|PP755589.1|A/cattle/Texas/24-008749-003/2024(H5N1)	1218	12363
HA|PP755589.1|A/cattle/Texas/24-008749-003/2024(H5N1)	1219	12430
HA|PP755589.1|A/cattle/Texas/24-008749-003/2024(H5N1)	1220	12431
HA|PP755589.1|A/cattle/Texas/24-008749-003/2024(H5N1)	1221	12713
HA|PP755589.1|A/cattle/Texas/24-008749-003/2024(H5N1)	1222	12713
HA|PP755589.1|A/cattle/Texas/24-008749-003/2024(H5N1)	1223	12646
HA|PP755589.1|A/cattle/Texas/24-008749-003/2024(H5N1)	1224	12617
HA|PP755589.1|A/cattle/Texas/24-008749-003/2024(H5N1)	1225	12618
HA|PP755589.1|A/cattle/Texas/24-008749-003/2024(H5N1)	1226	12551
HA|PP755589.1|A/cattle/Texas/24-008749-003/2024(H5N1)	1227	12520
HA|PP755589.1|A/cattle/Texas/24-008749-003/2024(H5N1)	1228	12482
HA|PP755589.1|A/cattle/Texas/24-008749-003/2024(H5N1)	1229	12662
HA|PP755589.1|A/cattle/Texas/24-008749-003/2024(H5N1)	1230	12562
HA|PP755589.1|A/cattle/Texas/24-008749-003/2024(H5N1)	1231	13086
HA|PP755589.1|A/cattle/Texas/24-008749-003/2024(H5N1)	1232	13117
HA|PP755589.1|A/cattle/Texas/24-008749-003/2024(H5N1)	1233	13079
HA|PP755589.1|A/cattle/Texas/24-008749-003/2024(H5N1)	1234	13109
HA|PP755589.1|A/cattle/Texas/24-008749-003/2024(H5N1)	1235	13155
HA|PP755589.1|A/cattle/Texas/24-008749-003/2024(H5N1)	1236	13294
HA|PP755589.1|A/cattle/Texas/24-008749-003/2024(H5N1)	1237	13155
HA|PP755589.1|A/cattle/Texas/24-008749-003/2024(H5N1)	1238	13048
HA|PP755589.1|A/cattle/Texas/24-008749-003/2024(H5N1)	1239	13216
HA|PP755589.1|A/cattle/Texas/24-008749-003/2024(H5N1)	1240	13419
HA|PP755589.1|A/cattle/Texas/24-008749-003/2024(H5N1)	1241	13080
HA|PP755589.1|A/cattle/Texas/24-008749-003/2024(H5N1)	1242	13236
HA|PP755589.1|A/cattle/Texas/24-008749-003/2024(H5N1)	1243	13219
HA|PP755589.1|A/cattle/Texas/24-008749-003/2024(H5N1)	1244	13151
HA|PP755589.1|A/cattle/Texas/24-008749-003/2024(H5N1)	1245	13339
HA|PP755589.1|A/cattle/Texas/24-008749-003/2024(H5N1)	1246	13336
HA|PP755589.1|A/cattle/Texas/24-008749-003/2024(H5N1)	1247	13319
HA|PP755589.1|A/cattle/Texas/24-008749-003/2024(H5N1)	1248	13145
HA|PP755589.1|A/cattle/Texas/24-008749-003/2024(H5N1)	1249	12885
HA|PP755589.1|A/cattle/Texas/24-008749-003/2024(H5N1)	1250	13005
HA|PP755589.1|A/cattle/Texas/24-008749-003/2024(H5N1)	1251	12903
HA|PP755589.1|A/cattle/Texas/24-008749-003/2024(H5N1)	1252	12862
HA|PP755589.1|A/cattle/Texas/24-008749-003/2024(H5N1)	1253	12863
HA|PP755589.1|A/cattle/Texas/24-008749-003/2024(H5N1)	1254	12747
HA|PP755589.1|A/cattle/Texas/24-008749-003/2024(H5N1)	1255	12791
HA|PP755589.1|A/cattle/Texas/24-008749-003/2024(H5N1)	1256	12881
HA|PP755589.1|A/cattle/Texas/24-008749-003/2024(H5N1)	1257	12962
HA|PP755589.1|A/cattle/Texas/24-008749-003/2024(H5N1)	1258	12840
HA|PP755589.1|A/cattle/Texas/24-008749-003/2024(H5N1)	1259	12814
HA|PP755589.1|A/cattle/Texas/24-008749-003/2024(H5N1)	1260	12913
HA|PP755589.1|A/cattle/Texas/24-008749-003/2024(H5N1)	1261	12660
HA|PP755589.1|A/cattle/Texas/24-008749-003/2024(H5N1)	1262	12919
HA|PP755589.1|A/cattle/Texas/24-008749-003/2024(H5N1)	1263	13258
HA|PP755589.1|A/cattle/Texas/24-008749-003/2024(H5N1)	1264	13284
HA|PP755589.1|A/cattle/Texas/24-008749-003/2024(H5N1)	1265	13080
HA|PP755589.1|A/cattle/Texas/24-008749-003/2024(H5N1)	1266	12769
HA|PP755589.1|A/cattle/Texas/24-008749-003/2024(H5N1)	1267	12627
HA|PP755589.1|A/cattle/Texas/24-008749-003/2024(H5N1)	1268	12596
HA|PP755589.1|A/cattle/Texas/24-008749-003/2024(H5N1)	1269	12652
HA|PP755589.1|A/cattle/Texas/24-008749-003/2024(H5N1)	1270	13218
HA|PP755589.1|A/cattle/Texas/24-008749-003/2024(H5N1)	1271	12540
HA|PP755589.1|A/cattle/Texas/24-008749-003/2024(H5N1)	1272	12507
HA|PP755589.1|A/cattle/Texas/24-008749-003/2024(H5N1)	1273	12374
HA|PP755589.1|A/cattle/Texas/24-008749-003/2024(H5N1)	1274	12654
HA|PP755589.1|A/cattle/Texas/24-008749-003/2024(H5N1)	1275	12681
HA|PP755589.1|A/cattle/Texas/24-008749-003/2024(H5N1)	1276	12464
HA|PP755589.1|A/cattle/Texas/24-008749-003/2024(H5N1)	1277	12431
HA|PP755589.1|A/cattle/Texas/24-008749-003/2024(H5N1)	1278	12215
HA|PP755589.1|A/cattle/Texas/24-008749-003/2024(H5N1)	1279	12889
HA|PP755589.1|A/cattle/Texas/24-008749-003/2024(H5N1)	1280	12914
HA|PP755589.1|A/cattle/Texas/24-008749-003/2024(H5N1)	1281	12630
HA|PP755589.1|A/cattle/Texas/24-008749-003/2024(H5N1)	1282	12568
HA|PP755589.1|A/cattle/Texas/24-008749-003/2024(H5N1)	1283	12459
HA|PP755589.1|A/cattle/Texas/24-008749-003/2024(H5N1)	1284	12386
HA|PP755589.1|A/cattle/Texas/24-008749-003/2024(H5N1)	1285	12457
HA|PP755589.1|A/cattle/Texas/24-008749-003/2024(H5N1)	1286	12510
HA|PP755589.1|A/cattle/Texas/24-008749-003/2024(H5N1)	1287	12506
HA|PP755589.1|A/cattle/Texas/24-008749-003/2024(H5N1)	1288	12690
HA|PP755589.1|A/cattle/Texas/24-008749-003/2024(H5N1)	1289	12635
HA|PP755589.1|A/cattle/Texas/24-008749-003/2024(H5N1)	1290	12612
HA|PP755589.1|A/cattle/Texas/24-008749-003/2024(H5N1)	1291	12628
HA|PP755589.1|A/cattle/Texas/24-008749-003/2024(H5N1)	1292	12907
HA|PP755589.1|A/cattle/Texas/24-008749-003/2024(H5N1)	1293	13096
HA|PP755589.1|A/cattle/Texas/24-008749-003/2024(H5N1)	1294	13064
HA|PP755589.1|A/cattle/Texas/24-008749-003/2024(H5N1)	1295	13134
HA|PP755589.1|A/cattle/Texas/24-008749-003/2024(H5N1)	1296	13177
HA|PP755589.1|A/cattle/Texas/24-008749-003/2024(H5N1)	1297	13132
HA|PP755589.1|A/cattle/Texas/24-008749-003/2024(H5N1)	1298	13381
HA|PP755589.1|A/cattle/Texas/24-008749-003/2024(H5N1)	1299	13463
HA|PP755589.1|A/cattle/Texas/24-008749-003/2024(H5N1)	1300	13404
HA|PP755589.1|A/cattle/Texas/24-008749-003/2024(H5N1)	1301	13374
HA|PP755589.1|A/cattle/Texas/24-008749-003/2024(H5N1)	1302	13377
HA|PP755589.1|A/cattle/Texas/24-008749-003/2024(H5N1)	1303	13390
HA|PP755589.1|A/cattle/Texas/24-008749-003/2024(H5N1)	1304	13399
HA|PP755589.1|A/cattle/Texas/24-008749-003/2024(H5N1)	1305	13724
HA|PP755589.1|A/cattle/Texas/24-008749-003/2024(H5N1)	1306	13759
HA|PP755589.1|A/cattle/Texas/24-008749-003/2024(H5N1)	1307	13590
HA|PP755589.1|A/cattle/Texas/24-008749-003/2024(H5N1)	1308	13443
HA|PP755589.1|A/cattle/Texas/24-008749-003/2024(H5N1)	1309	13391
HA|PP755589.1|A/cattle/Texas/24-008749-003/2024(H5N1)	1310	13492
HA|PP755589.1|A/cattle/Texas/24-008749-003/2024(H5N1)	1311	13605
HA|PP755589.1|A/cattle/Texas/24-008749-003/2024(H5N1)	1312	13599
HA|PP755589.1|A/cattle/Texas/24-008749-003/2024(H5N1)	1313	13620
HA|PP755589.1|A/cattle/Texas/24-008749-003/2024(H5N1)	1314	13887
HA|PP755589.1|A/cattle/Texas/24-008749-003/2024(H5N1)	1315	13806
HA|PP755589.1|A/cattle/Texas/24-008749-003/2024(H5N1)	1316	13724
HA|PP755589.1|A/cattle/Texas/24-008749-003/2024(H5N1)	1317	13727
HA|PP755589.1|A/cattle/Texas/24-008749-003/2024(H5N1)	1318	13721
HA|PP755589.1|A/cattle/Texas/24-008749-003/2024(H5N1)	1319	13954
HA|PP755589.1|A/cattle/Texas/24-008749-003/2024(H5N1)	1320	13779
HA|PP755589.1|A/cattle/Texas/24-008749-003/2024(H5N1)	1321	13745
HA|PP755589.1|A/cattle/Texas/24-008749-003/2024(H5N1)	1322	13742
HA|PP755589.1|A/cattle/Texas/24-008749-003/2024(H5N1)	1323	13339
HA|PP755589.1|A/cattle/Texas/24-008749-003/2024(H5N1)	1324	13384
HA|PP755589.1|A/cattle/Texas/24-008749-003/2024(H5N1)	1325	13510
HA|PP755589.1|A/cattle/Texas/24-008749-003/2024(H5N1)	1326	13306
HA|PP755589.1|A/cattle/Texas/24-008749-003/2024(H5N1)	1327	13343
HA|PP755589.1|A/cattle/Texas/24-008749-003/2024(H5N1)	1328	13236
HA|PP755589.1|A/cattle/Texas/24-008749-003/2024(H5N1)	1329	13274
HA|PP755589.1|A/cattle/Texas/24-008749-003/2024(H5N1)	1330	12970
HA|PP755589.1|A/cattle/Texas/24-008749-003/2024(H5N1)	1331	12981
HA|PP755589.1|A/cattle/Texas/24-008749-003/2024(H5N1)	1332	12979
HA|PP755589.1|A/cattle/Texas/24-008749-003/2024(H5N1)	1333	12950
HA|PP755589.1|A/cattle/Texas/24-008749-003/2024(H5N1)	1334	12973
HA|PP755589.1|A/cattle/Texas/24-008749-003/2024(H5N1)	1335	13183
HA|PP755589.1|A/cattle/Texas/24-008749-003/2024(H5N1)	1336	13078
HA|PP755589.1|A/cattle/Texas/24-008749-003/2024(H5N1)	1337	13244
HA|PP755589.1|A/cattle/Texas/24-008749-003/2024(H5N1)	1338	12975
HA|PP755589.1|A/cattle/Texas/24-008749-003/2024(H5N1)	1339	12978
HA|PP755589.1|A/cattle/Texas/24-008749-003/2024(H5N1)	1340	12995
HA|PP755589.1|A/cattle/Texas/24-008749-003/2024(H5N1)	1341	12965
HA|PP755589.1|A/cattle/Texas/24-008749-003/2024(H5N1)	1342	13015
HA|PP755589.1|A/cattle/Texas/24-008749-003/2024(H5N1)	1343	13009
HA|PP755589.1|A/cattle/Texas/24-008749-003/2024(H5N1)	1344	12827
HA|PP755589.1|A/cattle/Texas/24-008749-003/2024(H5N1)	1345	13010
HA|PP755589.1|A/cattle/Texas/24-008749-003/2024(H5N1)	1346	13041
HA|PP755589.1|A/cattle/Texas/24-008749-003/2024(H5N1)	1347	13113
HA|PP755589.1|A/cattle/Texas/24-008749-003/2024(H5N1)	1348	13103
HA|PP755589.1|A/cattle/Texas/24-008749-003/2024(H5N1)	1349	12980
HA|PP755589.1|A/cattle/Texas/24-008749-003/2024(H5N1)	1350	12987
HA|PP755589.1|A/cattle/Texas/24-008749-003/2024(H5N1)	1351	12948
HA|PP755589.1|A/cattle/Texas/24-008749-003/2024(H5N1)	1352	13061
HA|PP755589.1|A/cattle/Texas/24-008749-003/2024(H5N1)	1353	13239
HA|PP755589.1|A/cattle/Texas/24-008749-003/2024(H5N1)	1354	13297
HA|PP755589.1|A/cattle/Texas/24-008749-003/2024(H5N1)	1355	13605
HA|PP755589.1|A/cattle/Texas/24-008749-003/2024(H5N1)	1356	13516
HA|PP755589.1|A/cattle/Texas/24-008749-003/2024(H5N1)	1357	13635
HA|PP755589.1|A/cattle/Texas/24-008749-003/2024(H5N1)	1358	13644
HA|PP755589.1|A/cattle/Texas/24-008749-003/2024(H5N1)	1359	13697
HA|PP755589.1|A/cattle/Texas/24-008749-003/2024(H5N1)	1360	13623
HA|PP755589.1|A/cattle/Texas/24-008749-003/2024(H5N1)	1361	13853
HA|PP755589.1|A/cattle/Texas/24-008749-003/2024(H5N1)	1362	13892
HA|PP755589.1|A/cattle/Texas/24-008749-003/2024(H5N1)	1363	13828
HA|PP755589.1|A/cattle/Texas/24-008749-003/2024(H5N1)	1364	14015
HA|PP755589.1|A/cattle/Texas/24-008749-003/2024(H5N1)	1365	13970
HA|PP755589.1|A/cattle/Texas/24-008749-003/2024(H5N1)	1366	13909
HA|PP755589.1|A/cattle/Texas/24-008749-003/2024(H5N1)	1367	13904
HA|PP755589.1|A/cattle/Texas/24-008749-003/2024(H5N1)	1368	13768
HA|PP755589.1|A/cattle/Texas/24-008749-003/2024(H5N1)	1369	13775
HA|PP755589.1|A/cattle/Texas/24-008749-003/2024(H5N1)	1370	14069
HA|PP755589.1|A/cattle/Texas/24-008749-003/2024(H5N1)	1371	14275
HA|PP755589.1|A/cattle/Texas/24-008749-003/2024(H5N1)	1372	13958
HA|PP755589.1|A/cattle/Texas/24-008749-003/2024(H5N1)	1373	14043
HA|PP755589.1|A/cattle/Texas/24-008749-003/2024(H5N1)	1374	14046
HA|PP755589.1|A/cattle/Texas/24-008749-003/2024(H5N1)	1375	14065
HA|PP755589.1|A/cattle/Texas/24-008749-003/2024(H5N1)	1376	14509
HA|PP755589.1|A/cattle/Texas/24-008749-003/2024(H5N1)	1377	14506
HA|PP755589.1|A/cattle/Texas/24-008749-003/2024(H5N1)	1378	14716
HA|PP755589.1|A/cattle/Texas/24-008749-003/2024(H5N1)	1379	14648
HA|PP755589.1|A/cattle/Texas/24-008749-003/2024(H5N1)	1380	14600
HA|PP755589.1|A/cattle/Texas/24-008749-003/2024(H5N1)	1381	14601
HA|PP755589.1|A/cattle/Texas/24-008749-003/2024(H5N1)	1382	14031
HA|PP755589.1|A/cattle/Texas/24-008749-003/2024(H5N1)	1383	14029
HA|PP755589.1|A/cattle/Texas/24-008749-003/2024(H5N1)	1384	14101
HA|PP755589.1|A/cattle/Texas/24-008749-003/2024(H5N1)	1385	14065
HA|PP755589.1|A/cattle/Texas/24-008749-003/2024(H5N1)	1386	14252
HA|PP755589.1|A/cattle/Texas/24-008749-003/2024(H5N1)	1387	14149
HA|PP755589.1|A/cattle/Texas/24-008749-003/2024(H5N1)	1388	13963
HA|PP755589.1|A/cattle/Texas/24-008749-003/2024(H5N1)	1389	13962
HA|PP755589.1|A/cattle/Texas/24-008749-003/2024(H5N1)	1390	13945
HA|PP755589.1|A/cattle/Texas/24-008749-003/2024(H5N1)	1391	13748
HA|PP755589.1|A/cattle/Texas/24-008749-003/2024(H5N1)	1392	13681
HA|PP755589.1|A/cattle/Texas/24-008749-003/2024(H5N1)	1393	13673
HA|PP755589.1|A/cattle/Texas/24-008749-003/2024(H5N1)	1394	13778
HA|PP755589.1|A/cattle/Texas/24-008749-003/2024(H5N1)	1395	13728
HA|PP755589.1|A/cattle/Texas/24-008749-003/2024(H5N1)	1396	13485
HA|PP755589.1|A/cattle/Texas/24-008749-003/2024(H5N1)	1397	13496
HA|PP755589.1|A/cattle/Texas/24-008749-003/2024(H5N1)	1398	13561
HA|PP755589.1|A/cattle/Texas/24-008749-003/2024(H5N1)	1399	13620
HA|PP755589.1|A/cattle/Texas/24-008749-003/2024(H5N1)	1400	13614
HA|PP755589.1|A/cattle/Texas/24-008749-003/2024(H5N1)	1401	13309
HA|PP755589.1|A/cattle/Texas/24-008749-003/2024(H5N1)	1402	13291
HA|PP755589.1|A/cattle/Texas/24-008749-003/2024(H5N1)	1403	13719
HA|PP755589.1|A/cattle/Texas/24-008749-003/2024(H5N1)	1404	13777
HA|PP755589.1|A/cattle/Texas/24-008749-003/2024(H5N1)	1405	13810
HA|PP755589.1|A/cattle/Texas/24-008749-003/2024(H5N1)	1406	13743
HA|PP755589.1|A/cattle/Texas/24-008749-003/2024(H5N1)	1407	13661
HA|PP755589.1|A/cattle/Texas/24-008749-003/2024(H5N1)	1408	13600
HA|PP755589.1|A/cattle/Texas/24-008749-003/2024(H5N1)	1409	13509
HA|PP755589.1|A/cattle/Texas/24-008749-003/2024(H5N1)	1410	13991
HA|PP755589.1|A/cattle/Texas/24-008749-003/2024(H5N1)	1411	14012
HA|PP755589.1|A/cattle/Texas/24-008749-003/2024(H5N1)	1412	13592
HA|PP755589.1|A/cattle/Texas/24-008749-003/2024(H5N1)	1413	13590
HA|PP755589.1|A/cattle/Texas/24-008749-003/2024(H5N1)	1414	13531
HA|PP755589.1|A/cattle/Texas/24-008749-003/2024(H5N1)	1415	13589
HA|PP755589.1|A/cattle/Texas/24-008749-003/2024(H5N1)	1416	13849
HA|PP755589.1|A/cattle/Texas/24-008749-003/2024(H5N1)	1417	13841
HA|PP755589.1|A/cattle/Texas/24-008749-003/2024(H5N1)	1418	13857
HA|PP755589.1|A/cattle/Texas/24-008749-003/2024(H5N1)	1419	13290
HA|PP755589.1|A/cattle/Texas/24-008749-003/2024(H5N1)	1420	13137
HA|PP755589.1|A/cattle/Texas/24-008749-003/2024(H5N1)	1421	13842
HA|PP755589.1|A/cattle/Texas/24-008749-003/2024(H5N1)	1422	13897
HA|PP755589.1|A/cattle/Texas/24-008749-003/2024(H5N1)	1423	13929
HA|PP755589.1|A/cattle/Texas/24-008749-003/2024(H5N1)	1424	14126
HA|PP755589.1|A/cattle/Texas/24-008749-003/2024(H5N1)	1425	13830
HA|PP755589.1|A/cattle/Texas/24-008749-003/2024(H5N1)	1426	13820
HA|PP755589.1|A/cattle/Texas/24-008749-003/2024(H5N1)	1427	13819
HA|PP755589.1|A/cattle/Texas/24-008749-003/2024(H5N1)	1428	13880
HA|PP755589.1|A/cattle/Texas/24-008749-003/2024(H5N1)	1429	14042
HA|PP755589.1|A/cattle/Texas/24-008749-003/2024(H5N1)	1430	13310
HA|PP755589.1|A/cattle/Texas/24-008749-003/2024(H5N1)	1431	13304
HA|PP755589.1|A/cattle/Texas/24-008749-003/2024(H5N1)	1432	13406
HA|PP755589.1|A/cattle/Texas/24-008749-003/2024(H5N1)	1433	13689
HA|PP755589.1|A/cattle/Texas/24-008749-003/2024(H5N1)	1434	14191
HA|PP755589.1|A/cattle/Texas/24-008749-003/2024(H5N1)	1435	14357
HA|PP755589.1|A/cattle/Texas/24-008749-003/2024(H5N1)	1436	14303
HA|PP755589.1|A/cattle/Texas/24-008749-003/2024(H5N1)	1437	14246
HA|PP755589.1|A/cattle/Texas/24-008749-003/2024(H5N1)	1438	14353
HA|PP755589.1|A/cattle/Texas/24-008749-003/2024(H5N1)	1439	14348
HA|PP755589.1|A/cattle/Texas/24-008749-003/2024(H5N1)	1440	14387
HA|PP755589.1|A/cattle/Texas/24-008749-003/2024(H5N1)	1441	14388
HA|PP755589.1|A/cattle/Texas/24-008749-003/2024(H5N1)	1442	14425
HA|PP755589.1|A/cattle/Texas/24-008749-003/2024(H5N1)	1443	14000
HA|PP755589.1|A/cattle/Texas/24-008749-003/2024(H5N1)	1444	14028
HA|PP755589.1|A/cattle/Texas/24-008749-003/2024(H5N1)	1445	14149
HA|PP755589.1|A/cattle/Texas/24-008749-003/2024(H5N1)	1446	14158
HA|PP755589.1|A/cattle/Texas/24-008749-003/2024(H5N1)	1447	14195
HA|PP755589.1|A/cattle/Texas/24-008749-003/2024(H5N1)	1448	14149
HA|PP755589.1|A/cattle/Texas/24-008749-003/2024(H5N1)	1449	13824
HA|PP755589.1|A/cattle/Texas/24-008749-003/2024(H5N1)	1450	13831
HA|PP755589.1|A/cattle/Texas/24-008749-003/2024(H5N1)	1451	13811
HA|PP755589.1|A/cattle/Texas/24-008749-003/2024(H5N1)	1452	13905
HA|PP755589.1|A/cattle/Texas/24-008749-003/2024(H5N1)	1453	13927
HA|PP755589.1|A/cattle/Texas/24-008749-003/2024(H5N1)	1454	13849
HA|PP755589.1|A/cattle/Texas/24-008749-003/2024(H5N1)	1455	13553
HA|PP755589.1|A/cattle/Texas/24-008749-003/2024(H5N1)	1456	13460
HA|PP755589.1|A/cattle/Texas/24-008749-003/2024(H5N1)	1457	13497
HA|PP755589.1|A/cattle/Texas/24-008749-003/2024(H5N1)	1458	13535
HA|PP755589.1|A/cattle/Texas/24-008749-003/2024(H5N1)	1459	13518
HA|PP755589.1|A/cattle/Texas/24-008749-003/2024(H5N1)	1460	13635
HA|PP755589.1|A/cattle/Texas/24-008749-003/2024(H5N1)	1461	13495
HA|PP755589.1|A/cattle/Texas/24-008749-003/2024(H5N1)	1462	13535
HA|PP755589.1|A/cattle/Texas/24-008749-003/2024(H5N1)	1463	13534
HA|PP755589.1|A/cattle/Texas/24-008749-003/2024(H5N1)	1464	13432
HA|PP755589.1|A/cattle/Texas/24-008749-003/2024(H5N1)	1465	13010
HA|PP755589.1|A/cattle/Texas/24-008749-003/2024(H5N1)	1466	13047
HA|PP755589.1|A/cattle/Texas/24-008749-003/2024(H5N1)	1467	13022
HA|PP755589.1|A/cattle/Texas/24-008749-003/2024(H5N1)	1468	13046
HA|PP755589.1|A/cattle/Texas/24-008749-003/2024(H5N1)	1469	13058
HA|PP755589.1|A/cattle/Texas/24-008749-003/2024(H5N1)	1470	12856
HA|PP755589.1|A/cattle/Texas/24-008749-003/2024(H5N1)	1471	12876
HA|PP755589.1|A/cattle/Texas/24-008749-003/2024(H5N1)	1472	12907
HA|PP755589.1|A/cattle/Texas/24-008749-003/2024(H5N1)	1473	12887
HA|PP755589.1|A/cattle/Texas/24-008749-003/2024(H5N1)	1474	12892
HA|PP755589.1|A/cattle/Texas/24-008749-003/2024(H5N1)	1475	12757
HA|PP755589.1|A/cattle/Texas/24-008749-003/2024(H5N1)	1476	12763
HA|PP755589.1|A/cattle/Texas/24-008749-003/2024(H5N1)	1477	12960
HA|PP755589.1|A/cattle/Texas/24-008749-003/2024(H5N1)	1478	12847
HA|PP755589.1|A/cattle/Texas/24-008749-003/2024(H5N1)	1479	12974
HA|PP755589.1|A/cattle/Texas/24-008749-003/2024(H5N1)	1480	13568
HA|PP755589.1|A/cattle/Texas/24-008749-003/2024(H5N1)	1481	13565
HA|PP755589.1|A/cattle/Texas/24-008749-003/2024(H5N1)	1482	13563
HA|PP755589.1|A/cattle/Texas/24-008749-003/2024(H5N1)	1483	13559
HA|PP755589.1|A/cattle/Texas/24-008749-003/2024(H5N1)	1484	13545
HA|PP755589.1|A/cattle/Texas/24-008749-003/2024(H5N1)	1485	13592
HA|PP755589.1|A/cattle/Texas/24-008749-003/2024(H5N1)	1486	13344
HA|PP755589.1|A/cattle/Texas/24-008749-003/2024(H5N1)	1487	13506
HA|PP755589.1|A/cattle/Texas/24-008749-003/2024(H5N1)	1488	13288
HA|PP755589.1|A/cattle/Texas/24-008749-003/2024(H5N1)	1489	13268
HA|PP755589.1|A/cattle/Texas/24-008749-003/2024(H5N1)	1490	13282
HA|PP755589.1|A/cattle/Texas/24-008749-003/2024(H5N1)	1491	13280
HA|PP755589.1|A/cattle/Texas/24-008749-003/2024(H5N1)	1492	13324
HA|PP755589.1|A/cattle/Texas/24-008749-003/2024(H5N1)	1493	13346
HA|PP755589.1|A/cattle/Texas/24-008749-003/2024(H5N1)	1494	13408
HA|PP755589.1|A/cattle/Texas/24-008749-003/2024(H5N1)	1495	13402
HA|PP755589.1|A/cattle/Texas/24-008749-003/2024(H5N1)	1496	13415
HA|PP755589.1|A/cattle/Texas/24-008749-003/2024(H5N1)	1497	13381
HA|PP755589.1|A/cattle/Texas/24-008749-003/2024(H5N1)	1498	13249
HA|PP755589.1|A/cattle/Texas/24-008749-003/2024(H5N1)	1499	13271
HA|PP755589.1|A/cattle/Texas/24-008749-003/2024(H5N1)	1500	13259
HA|PP755589.1|A/cattle/Texas/24-008749-003/2024(H5N1)	1501	13462
HA|PP755589.1|A/cattle/Texas/24-008749-003/2024(H5N1)	1502	13299
HA|PP755589.1|A/cattle/Texas/24-008749-003/2024(H5N1)	1503	13310
HA|PP755589.1|A/cattle/Texas/24-008749-003/2024(H5N1)	1504	13330
HA|PP755589.1|A/cattle/Texas/24-008749-003/2024(H5N1)	1505	13276
HA|PP755589.1|A/cattle/Texas/24-008749-003/2024(H5N1)	1506	13583
HA|PP755589.1|A/cattle/Texas/24-008749-003/2024(H5N1)	1507	13588
HA|PP755589.1|A/cattle/Texas/24-008749-003/2024(H5N1)	1508	13581
HA|PP755589.1|A/cattle/Texas/24-008749-003/2024(H5N1)	1509	13534
HA|PP755589.1|A/cattle/Texas/24-008749-003/2024(H5N1)	1510	13320
HA|PP755589.1|A/cattle/Texas/24-008749-003/2024(H5N1)	1511	13638
HA|PP755589.1|A/cattle/Texas/24-008749-003/2024(H5N1)	1512	13757
HA|PP755589.1|A/cattle/Texas/24-008749-003/2024(H5N1)	1513	13992
HA|PP755589.1|A/cattle/Texas/24-008749-003/2024(H5N1)	1514	13980
HA|PP755589.1|A/cattle/Texas/24-008749-003/2024(H5N1)	1515	13752
HA|PP755589.1|A/cattle/Texas/24-008749-003/2024(H5N1)	1516	13772
HA|PP755589.1|A/cattle/Texas/24-008749-003/2024(H5N1)	1517	13707
HA|PP755589.1|A/cattle/Texas/24-008749-003/2024(H5N1)	1518	13972
HA|PP755589.1|A/cattle/Texas/24-008749-003/2024(H5N1)	1519	13960
HA|PP755589.1|A/cattle/Texas/24-008749-003/2024(H5N1)	1520	14049
HA|PP755589.1|A/cattle/Texas/24-008749-003/2024(H5N1)	1521	13865
HA|PP755589.1|A/cattle/Texas/24-008749-003/2024(H5N1)	1522	13648
HA|PP755589.1|A/cattle/Texas/24-008749-003/2024(H5N1)	1523	13643
HA|PP755589.1|A/cattle/Texas/24-008749-003/2024(H5N1)	1524	13534
HA|PP755589.1|A/cattle/Texas/24-008749-003/2024(H5N1)	1525	13607
HA|PP755589.1|A/cattle/Texas/24-008749-003/2024(H5N1)	1526	14218
HA|PP755589.1|A/cattle/Texas/24-008749-003/2024(H5N1)	1527	13728
HA|PP755589.1|A/cattle/Texas/24-008749-003/2024(H5N1)	1528	13736
HA|PP755589.1|A/cattle/Texas/24-008749-003/2024(H5N1)	1529	13700
HA|PP755589.1|A/cattle/Texas/24-008749-003/2024(H5N1)	1530	13701
HA|PP755589.1|A/cattle/Texas/24-008749-003/2024(H5N1)	1531	13696
HA|PP755589.1|A/cattle/Texas/24-008749-003/2024(H5N1)	1532	13715
HA|PP755589.1|A/cattle/Texas/24-008749-003/2024(H5N1)	1533	13703
HA|PP755589.1|A/cattle/Texas/24-008749-003/2024(H5N1)	1534	13650
HA|PP755589.1|A/cattle/Texas/24-008749-003/2024(H5N1)	1535	13664
HA|PP755589.1|A/cattle/Texas/24-008749-003/2024(H5N1)	1536	14195
HA|PP755589.1|A/cattle/Texas/24-008749-003/2024(H5N1)	1537	13983
HA|PP755589.1|A/cattle/Texas/24-008749-003/2024(H5N1)	1538	13925
HA|PP755589.1|A/cattle/Texas/24-008749-003/2024(H5N1)	1539	14281
HA|PP755589.1|A/cattle/Texas/24-008749-003/2024(H5N1)	1540	14278
HA|PP755589.1|A/cattle/Texas/24-008749-003/2024(H5N1)	1541	14291
HA|PP755589.1|A/cattle/Texas/24-008749-003/2024(H5N1)	1542	14294
HA|PP755589.1|A/cattle/Texas/24-008749-003/2024(H5N1)	1543	14187
HA|PP755589.1|A/cattle/Texas/24-008749-003/2024(H5N1)	1544	14212
HA|PP755589.1|A/cattle/Texas/24-008749-003/2024(H5N1)	1545	14194
HA|PP755589.1|A/cattle/Texas/24-008749-003/2024(H5N1)	1546	14206
HA|PP755589.1|A/cattle/Texas/24-008749-003/2024(H5N1)	1547	14259
HA|PP755589.1|A/cattle/Texas/24-008749-003/2024(H5N1)	1548	14249
HA|PP755589.1|A/cattle/Texas/24-008749-003/2024(H5N1)	1549	14330
HA|PP755589.1|A/cattle/Texas/24-008749-003/2024(H5N1)	1550	14334
HA|PP755589.1|A/cattle/Texas/24-008749-003/2024(H5N1)	1551	14352
HA|PP755589.1|A/cattle/Texas/24-008749-003/2024(H5N1)	1552	14349
HA|PP755589.1|A/cattle/Texas/24-008749-003/2024(H5N1)	1553	14289
HA|PP755589.1|A/cattle/Texas/24-008749-003/2024(H5N1)	1554	13892
HA|PP755589.1|A/cattle/Texas/24-008749-003/2024(H5N1)	1555	13873
HA|PP755589.1|A/cattle/Texas/24-008749-003/2024(H5N1)	1556	13856
HA|PP755589.1|A/cattle/Texas/24-008749-003/2024(H5N1)	1557	13906
HA|PP755589.1|A/cattle/Texas/24-008749-003/2024(H5N1)	1558	13613
HA|PP755589.1|A/cattle/Texas/24-008749-003/2024(H5N1)	1559	13632
HA|PP755589.1|A/cattle/Texas/24-008749-003/2024(H5N1)	1560	13557
HA|PP755589.1|A/cattle/Texas/24-008749-003/2024(H5N1)	1561	13025
HA|PP755589.1|A/cattle/Texas/24-008749-003/2024(H5N1)	1562	13155
HA|PP755589.1|A/cattle/Texas/24-008749-003/2024(H5N1)	1563	13154
HA|PP755589.1|A/cattle/Texas/24-008749-003/2024(H5N1)	1564	13220
HA|PP755589.1|A/cattle/Texas/24-008749-003/2024(H5N1)	1565	13214
HA|PP755589.1|A/cattle/Texas/24-008749-003/2024(H5N1)	1566	13223
HA|PP755589.1|A/cattle/Texas/24-008749-003/2024(H5N1)	1567	12991
HA|PP755589.1|A/cattle/Texas/24-008749-003/2024(H5N1)	1568	12946
HA|PP755589.1|A/cattle/Texas/24-008749-003/2024(H5N1)	1569	12931
HA|PP755589.1|A/cattle/Texas/24-008749-003/2024(H5N1)	1570	12918
HA|PP755589.1|A/cattle/Texas/24-008749-003/2024(H5N1)	1571	13124
HA|PP755589.1|A/cattle/Texas/24-008749-003/2024(H5N1)	1572	12526
HA|PP755589.1|A/cattle/Texas/24-008749-003/2024(H5N1)	1573	12483
HA|PP755589.1|A/cattle/Texas/24-008749-003/2024(H5N1)	1574	12455
HA|PP755589.1|A/cattle/Texas/24-008749-003/2024(H5N1)	1575	12285
HA|PP755589.1|A/cattle/Texas/24-008749-003/2024(H5N1)	1576	12301
HA|PP755589.1|A/cattle/Texas/24-008749-003/2024(H5N1)	1577	12508
HA|PP755589.1|A/cattle/Texas/24-008749-003/2024(H5N1)	1578	12496
HA|PP755589.1|A/cattle/Texas/24-008749-003/2024(H5N1)	1579	12436
HA|PP755589.1|A/cattle/Texas/24-008749-003/2024(H5N1)	1580	12362
HA|PP755589.1|A/cattle/Texas/24-008749-003/2024(H5N1)	1581	12344
HA|PP755589.1|A/cattle/Texas/24-008749-003/2024(H5N1)	1582	12316
HA|PP755589.1|A/cattle/Texas/24-008749-003/2024(H5N1)	1583	12072
HA|PP755589.1|A/cattle/Texas/24-008749-003/2024(H5N1)	1584	11678
HA|PP755589.1|A/cattle/Texas/24-008749-003/2024(H5N1)	1585	11653
HA|PP755589.1|A/cattle/Texas/24-008749-003/2024(H5N1)	1586	11620
HA|PP755589.1|A/cattle/Texas/24-008749-003/2024(H5N1)	1587	11680
HA|PP755589.1|A/cattle/Texas/24-008749-003/2024(H5N1)	1588	11683
HA|PP755589.1|A/cattle/Texas/24-008749-003/2024(H5N1)	1589	11306
HA|PP755589.1|A/cattle/Texas/24-008749-003/2024(H5N1)	1590	11312
HA|PP755589.1|A/cattle/Texas/24-008749-003/2024(H5N1)	1591	11310
HA|PP755589.1|A/cattle/Texas/24-008749-003/2024(H5N1)	1592	11269
HA|PP755589.1|A/cattle/Texas/24-008749-003/2024(H5N1)	1593	11728
HA|PP755589.1|A/cattle/Texas/24-008749-003/2024(H5N1)	1594	11601
HA|PP755589.1|A/cattle/Texas/24-008749-003/2024(H5N1)	1595	11326
HA|PP755589.1|A/cattle/Texas/24-008749-003/2024(H5N1)	1596	11327
HA|PP755589.1|A/cattle/Texas/24-008749-003/2024(H5N1)	1597	13411
HA|PP755589.1|A/cattle/Texas/24-008749-003/2024(H5N1)	1598	13491
HA|PP755589.1|A/cattle/Texas/24-008749-003/2024(H5N1)	1599	13638
HA|PP755589.1|A/cattle/Texas/24-008749-003/2024(H5N1)	1600	13644
HA|PP755589.1|A/cattle/Texas/24-008749-003/2024(H5N1)	1601	13651
HA|PP755589.1|A/cattle/Texas/24-008749-003/2024(H5N1)	1602	13809
HA|PP755589.1|A/cattle/Texas/24-008749-003/2024(H5N1)	1603	13714
HA|PP755589.1|A/cattle/Texas/24-008749-003/2024(H5N1)	1604	13705
HA|PP755589.1|A/cattle/Texas/24-008749-003/2024(H5N1)	1605	13693
HA|PP755589.1|A/cattle/Texas/24-008749-003/2024(H5N1)	1606	13672
HA|PP755589.1|A/cattle/Texas/24-008749-003/2024(H5N1)	1607	13649
HA|PP755589.1|A/cattle/Texas/24-008749-003/2024(H5N1)	1608	13631
HA|PP755589.1|A/cattle/Texas/24-008749-003/2024(H5N1)	1609	13600
HA|PP755589.1|A/cattle/Texas/24-008749-003/2024(H5N1)	1610	13594
HA|PP755589.1|A/cattle/Texas/24-008749-003/2024(H5N1)	1611	13456
HA|PP755589.1|A/cattle/Texas/24-008749-003/2024(H5N1)	1612	13428
HA|PP755589.1|A/cattle/Texas/24-008749-003/2024(H5N1)	1613	13359
HA|PP755589.1|A/cattle/Texas/24-008749-003/2024(H5N1)	1614	13362
HA|PP755589.1|A/cattle/Texas/24-008749-003/2024(H5N1)	1615	13346
HA|PP755589.1|A/cattle/Texas/24-008749-003/2024(H5N1)	1616	13248
HA|PP755589.1|A/cattle/Texas/24-008749-003/2024(H5N1)	1617	13215
HA|PP755589.1|A/cattle/Texas/24-008749-003/2024(H5N1)	1618	13182
HA|PP755589.1|A/cattle/Texas/24-008749-003/2024(H5N1)	1619	13176
HA|PP755589.1|A/cattle/Texas/24-008749-003/2024(H5N1)	1620	13166
HA|PP755589.1|A/cattle/Texas/24-008749-003/2024(H5N1)	1621	13102
HA|PP755589.1|A/cattle/Texas/24-008749-003/2024(H5N1)	1622	13173
HA|PP755589.1|A/cattle/Texas/24-008749-003/2024(H5N1)	1623	13111
HA|PP755589.1|A/cattle/Texas/24-008749-003/2024(H5N1)	1624	13077
HA|PP755589.1|A/cattle/Texas/24-008749-003/2024(H5N1)	1625	13073
HA|PP755589.1|A/cattle/Texas/24-008749-003/2024(H5N1)	1626	13052
HA|PP755589.1|A/cattle/Texas/24-008749-003/2024(H5N1)	1627	13034
HA|PP755589.1|A/cattle/Texas/24-008749-003/2024(H5N1)	1628	12675
HA|PP755589.1|A/cattle/Texas/24-008749-003/2024(H5N1)	1629	12594
HA|PP755589.1|A/cattle/Texas/24-008749-003/2024(H5N1)	1630	12458
HA|PP755589.1|A/cattle/Texas/24-008749-003/2024(H5N1)	1631	11760
HA|PP755589.1|A/cattle/Texas/24-008749-003/2024(H5N1)	1632	11772
HA|PP755589.1|A/cattle/Texas/24-008749-003/2024(H5N1)	1633	11768
HA|PP755589.1|A/cattle/Texas/24-008749-003/2024(H5N1)	1634	11759
HA|PP755589.1|A/cattle/Texas/24-008749-003/2024(H5N1)	1635	11718
HA|PP755589.1|A/cattle/Texas/24-008749-003/2024(H5N1)	1636	11614
HA|PP755589.1|A/cattle/Texas/24-008749-003/2024(H5N1)	1637	11594
HA|PP755589.1|A/cattle/Texas/24-008749-003/2024(H5N1)	1638	11436
HA|PP755589.1|A/cattle/Texas/24-008749-003/2024(H5N1)	1639	11413
HA|PP755589.1|A/cattle/Texas/24-008749-003/2024(H5N1)	1640	11386
HA|PP755589.1|A/cattle/Texas/24-008749-003/2024(H5N1)	1641	11332
HA|PP755589.1|A/cattle/Texas/24-008749-003/2024(H5N1)	1642	11264
HA|PP755589.1|A/cattle/Texas/24-008749-003/2024(H5N1)	1643	11224
HA|PP755589.1|A/cattle/Texas/24-008749-003/2024(H5N1)	1644	11133
HA|PP755589.1|A/cattle/Texas/24-008749-003/2024(H5N1)	1645	11094
HA|PP755589.1|A/cattle/Texas/24-008749-003/2024(H5N1)	1646	11062
HA|PP755589.1|A/cattle/Texas/24-008749-003/2024(H5N1)	1647	10734
HA|PP755589.1|A/cattle/Texas/24-008749-003/2024(H5N1)	1648	10747
HA|PP755589.1|A/cattle/Texas/24-008749-003/2024(H5N1)	1649	10742
HA|PP755589.1|A/cattle/Texas/24-008749-003/2024(H5N1)	1650	10716
HA|PP755589.1|A/cattle/Texas/24-008749-003/2024(H5N1)	1651	10516
HA|PP755589.1|A/cattle/Texas/24-008749-003/2024(H5N1)	1652	10447
HA|PP755589.1|A/cattle/Texas/24-008749-003/2024(H5N1)	1653	10441
HA|PP755589.1|A/cattle/Texas/24-008749-003/2024(H5N1)	1654	10414
HA|PP755589.1|A/cattle/Texas/24-008749-003/2024(H5N1)	1655	10064
HA|PP755589.1|A/cattle/Texas/24-008749-003/2024(H5N1)	1656	10055
HA|PP755589.1|A/cattle/Texas/24-008749-003/2024(H5N1)	1657	9699
HA|PP755589.1|A/cattle/Texas/24-008749-003/2024(H5N1)	1658	9595
HA|PP755589.1|A/cattle/Texas/24-008749-003/2024(H5N1)	1659	9569
HA|PP755589.1|A/cattle/Texas/24-008749-003/2024(H5N1)	1660	9559
HA|PP755589.1|A/cattle/Texas/24-008749-003/2024(H5N1)	1661	9553
HA|PP755589.1|A/cattle/Texas/24-008749-003/2024(H5N1)	1662	9128
HA|PP755589.1|A/cattle/Texas/24-008749-003/2024(H5N1)	1663	8936
HA|PP755589.1|A/cattle/Texas/24-008749-003/2024(H5N1)	1664	8604
HA|PP755589.1|A/cattle/Texas/24-008749-003/2024(H5N1)	1665	8605
HA|PP755589.1|A/cattle/Texas/24-008749-003/2024(H5N1)	1666	8207
HA|PP755589.1|A/cattle/Texas/24-008749-003/2024(H5N1)	1667	8205
HA|PP755589.1|A/cattle/Texas/24-008749-003/2024(H5N1)	1668	8023
HA|PP755589.1|A/cattle/Texas/24-008749-003/2024(H5N1)	1669	8002
HA|PP755589.1|A/cattle/Texas/24-008749-003/2024(H5N1)	1670	7953
HA|PP755589.1|A/cattle/Texas/24-008749-003/2024(H5N1)	1671	7771
HA|PP755589.1|A/cattle/Texas/24-008749-003/2024(H5N1)	1672	7760
HA|PP755589.1|A/cattle/Texas/24-008749-003/2024(H5N1)	1673	7758
HA|PP755589.1|A/cattle/Texas/24-008749-003/2024(H5N1)	1674	7613
HA|PP755589.1|A/cattle/Texas/24-008749-003/2024(H5N1)	1675	7594
HA|PP755589.1|A/cattle/Texas/24-008749-003/2024(H5N1)	1676	7100
HA|PP755589.1|A/cattle/Texas/24-008749-003/2024(H5N1)	1677	6991
HA|PP755589.1|A/cattle/Texas/24-008749-003/2024(H5N1)	1678	6976
HA|PP755589.1|A/cattle/Texas/24-008749-003/2024(H5N1)	1679	6630
HA|PP755589.1|A/cattle/Texas/24-008749-003/2024(H5N1)	1680	6620
HA|PP755589.1|A/cattle/Texas/24-008749-003/2024(H5N1)	1681	6598
HA|PP755589.1|A/cattle/Texas/24-008749-003/2024(H5N1)	1682	6597
HA|PP755589.1|A/cattle/Texas/24-008749-003/2024(H5N1)	1683	6597
HA|PP755589.1|A/cattle/Texas/24-008749-003/2024(H5N1)	1684	6567
HA|PP755589.1|A/cattle/Texas/24-008749-003/2024(H5N1)	1685	6103
HA|PP755589.1|A/cattle/Texas/24-008749-003/2024(H5N1)	1686	6087
HA|PP755589.1|A/cattle/Texas/24-008749-003/2024(H5N1)	1687	6004
HA|PP755589.1|A/cattle/Texas/24-008749-003/2024(H5N1)	1688	6003
HA|PP755589.1|A/cattle/Texas/24-008749-003/2024(H5N1)	1689	5999
HA|PP755589.1|A/cattle/Texas/24-008749-003/2024(H5N1)	1690	5605
HA|PP755589.1|A/cattle/Texas/24-008749-003/2024(H5N1)	1691	5605
HA|PP755589.1|A/cattle/Texas/24-008749-003/2024(H5N1)	1692	5586
HA|PP755589.1|A/cattle/Texas/24-008749-003/2024(H5N1)	1693	5581
HA|PP755589.1|A/cattle/Texas/24-008749-003/2024(H5N1)	1694	5576
HA|PP755589.1|A/cattle/Texas/24-008749-003/2024(H5N1)	1695	5420
HA|PP755589.1|A/cattle/Texas/24-008749-003/2024(H5N1)	1696	5409
HA|PP755589.1|A/cattle/Texas/24-008749-003/2024(H5N1)	1697	5385
HA|PP755589.1|A/cattle/Texas/24-008749-003/2024(H5N1)	1698	5344
HA|PP755589.1|A/cattle/Texas/24-008749-003/2024(H5N1)	1699	5338
HA|PP755589.1|A/cattle/Texas/24-008749-003/2024(H5N1)	1700	5167
HA|PP755589.1|A/cattle/Texas/24-008749-003/2024(H5N1)	1701	5154
HA|PP755589.1|A/cattle/Texas/24-008749-003/2024(H5N1)	1702	5138
HA|PP755589.1|A/cattle/Texas/24-008749-003/2024(H5N1)	1703	5127
HA|PP755589.1|A/cattle/Texas/24-008749-003/2024(H5N1)	1704	5118
