PB2|PP755596.1|A/cattle/Texas/24-008749-003/2024(H5N1)	1	1604
PB2|PP755596.1|A/cattle/Texas/24-008749-003/2024(H5N1)	2	1615
PB2|PP755596.1|A/cattle/Texas/24-008749-003/2024(H5N1)	3	1640
PB2|PP755596.1|A/cattle/Texas/24-008749-003/2024(H5N1)	4	1641
PB2|PP755596.1|A/cattle/Texas/24-008749-003/2024(H5N1)	5	1654
PB2|PP755596.1|A/cattle/Texas/24-008749-003/2024(H5N1)	6	1666
PB2|PP755596.1|A/cattle/Texas/24-008749-003/2024(H5N1)	7	1678
PB2|PP755596.1|A/cattle/Texas/24-008749-003/2024(H5N1)	8	1833
PB2|PP755596.1|A/cattle/Texas/24-008749-003/2024(H5N1)	9	1837
PB2|PP755596.1|A/cattle/Texas/24-008749-003/2024(H5N1)	10	1844
PB2|PP755596.1|A/cattle/Texas/24-008749-003/2024(H5N1)	11	1864
PB2|PP755596.1|A/cattle/Texas/24-008749-003/2024(H5N1)	12	1867
PB2|PP755596.1|A/cattle/Texas/24-008749-003/2024(H5N1)	13	1875
PB2|PP755596.1|A/cattle/Texas/24-008749-003/2024(H5N1)	14	1875
PB2|PP755596.1|A/cattle/Texas/24-008749-003/2024(H5N1)	15	1875
PB2|PP755596.1|A/cattle/Texas/24-008749-003/2024(H5N1)	16	1912
PB2|PP755596.1|A/cattle/Texas/24-008749-003/2024(H5N1)	17	1958
PB2|PP755596.1|A/cattle/Texas/24-008749-003/2024(H5N1)	18	1961
PB2|PP755596.1|A/cattle/Texas/24-008749-003/2024(H5N1)	19	1966
PB2|PP755596.1|A/cattle/Texas/24-008749-003/2024(H5N1)	20	1963
PB2|PP755596.1|A/cattle/Texas/24-008749-003/2024(H5N1)	21	1974
PB2|PP755596.1|A/cattle/Texas/24-008749-003/2024(H5N1)	22	1982
PB2|PP755596.1|A/cattle/Texas/24-008749-003/2024(H5N1)	23	1989
PB2|PP755596.1|A/cattle/Texas/24-008749-003/2024(H5N1)	24	2015
PB2|PP755596.1|A/cattle/Texas/24-008749-003/2024(H5N1)	25	2100
PB2|PP755596.1|A/cattle/Texas/24-008749-003/2024(H5N1)	26	2162
PB2|PP755596.1|A/cattle/Texas/24-008749-003/2024(H5N1)	27	2166
PB2|PP755596.1|A/cattle/Texas/24-008749-003/2024(H5N1)	28	2183
PB2|PP755596.1|A/cattle/Texas/24-008749-003/2024(H5N1)	29	2184
PB2|PP755596.1|A/cattle/Texas/24-008749-003/2024(H5N1)	30	2191
PB2|PP755596.1|A/cattle/Texas/24-008749-003/2024(H5N1)	31	2248
PB2|PP755596.1|A/cattle/Texas/24-008749-003/2024(H5N1)	32	2264
PB2|PP755596.1|A/cattle/Texas/24-008749-003/2024(H5N1)	33	2283
PB2|PP755596.1|A/cattle/Texas/24-008749-003/2024(H5N1)	34	2312
PB2|PP755596.1|A/cattle/Texas/24-008749-003/2024(H5N1)	35	2316
PB2|PP755596.1|A/cattle/Texas/24-008749-003/2024(H5N1)	36	2316
PB2|PP755596.1|A/cattle/Texas/24-008749-003/2024(H5N1)	37	2322
PB2|PP755596.1|A/cattle/Texas/24-008749-003/2024(H5N1)	38	2315
PB2|PP755596.1|A/cattle/Texas/24-008749-003/2024(H5N1)	39	2437
PB2|PP755596.1|A/cattle/Texas/24-008749-003/2024(H5N1)	40	2465
PB2|PP755596.1|A/cattle/Texas/24-008749-003/2024(H5N1)	41	2468
PB2|PP755596.1|A/cattle/Texas/24-008749-003/2024(H5N1)	42	2469
PB2|PP755596.1|A/cattle/Texas/24-008749-003/2024(H5N1)	43	2483
PB2|PP755596.1|A/cattle/Texas/24-008749-003/2024(H5N1)	44	2487
PB2|PP755596.1|A/cattle/Texas/24-008749-003/2024(H5N1)	45	2488
PB2|PP755596.1|A/cattle/Texas/24-008749-003/2024(H5N1)	46	2502
PB2|PP755596.1|A/cattle/Texas/24-008749-003/2024(H5N1)	47	2519
PB2|PP755596.1|A/cattle/Texas/24-008749-003/2024(H5N1)	48	2518
PB2|PP755596.1|A/cattle/Texas/24-008749-003/2024(H5N1)	49	2558
PB2|PP755596.1|A/cattle/Texas/24-008749-003/2024(H5N1)	50	2562
PB2|PP755596.1|A/cattle/Texas/24-008749-003/2024(H5N1)	51	2580
PB2|PP755596.1|A/cattle/Texas/24-008749-003/2024(H5N1)	52	2580
PB2|PP755596.1|A/cattle/Texas/24-008749-003/2024(H5N1)	53	2584
PB2|PP755596.1|A/cattle/Texas/24-008749-003/2024(H5N1)	54	2588
PB2|PP755596.1|A/cattle/Texas/24-008749-003/2024(H5N1)	55	2696
PB2|PP755596.1|A/cattle/Texas/24-008749-003/2024(H5N1)	56	2701
PB2|PP755596.1|A/cattle/Texas/24-008749-003/2024(H5N1)	57	2702
PB2|PP755596.1|A/cattle/Texas/24-008749-003/2024(H5N1)	58	2708
PB2|PP755596.1|A/cattle/Texas/24-008749-003/2024(H5N1)	59	2708
PB2|PP755596.1|A/cattle/Texas/24-008749-003/2024(H5N1)	60	2756
PB2|PP755596.1|A/cattle/Texas/24-008749-003/2024(H5N1)	61	2772
PB2|PP755596.1|A/cattle/Texas/24-008749-003/2024(H5N1)	62	2786
PB2|PP755596.1|A/cattle/Texas/24-008749-003/2024(H5N1)	63	2788
PB2|PP755596.1|A/cattle/Texas/24-008749-003/2024(H5N1)	64	2772
PB2|PP755596.1|A/cattle/Texas/24-008749-003/2024(H5N1)	65	2785
PB2|PP755596.1|A/cattle/Texas/24-008749-003/2024(H5N1)	66	2795
PB2|PP755596.1|A/cattle/Texas/24-008749-003/2024(H5N1)	67	2812
PB2|PP755596.1|A/cattle/Texas/24-008749-003/2024(H5N1)	68	2841
PB2|PP755596.1|A/cattle/Texas/24-008749-003/2024(H5N1)	69	2837
PB2|PP755596.1|A/cattle/Texas/24-008749-003/2024(H5N1)	70	2840
PB2|PP755596.1|A/cattle/Texas/24-008749-003/2024(H5N1)	71	2910
PB2|PP755596.1|A/cattle/Texas/24-008749-003/2024(H5N1)	72	2937
PB2|PP755596.1|A/cattle/Texas/24-008749-003/2024(H5N1)	73	3035
PB2|PP755596.1|A/cattle/Texas/24-008749-003/2024(H5N1)	74	3043
PB2|PP755596.1|A/cattle/Texas/24-008749-003/2024(H5N1)	75	3040
PB2|PP755596.1|A/cattle/Texas/24-008749-003/2024(H5N1)	76	3043
PB2|PP755596.1|A/cattle/Texas/24-008749-003/2024(H5N1)	77	3036
PB2|PP755596.1|A/cattle/Texas/24-008749-003/2024(H5N1)	78	3094
PB2|PP755596.1|A/cattle/Texas/24-008749-003/2024(H5N1)	79	3136
PB2|PP755596.1|A/cattle/Texas/24-008749-003/2024(H5N1)	80	3114
PB2|PP755596.1|A/cattle/Texas/24-008749-003/2024(H5N1)	81	3120
PB2|PP755596.1|A/cattle/Texas/24-008749-003/2024(H5N1)	82	3098
PB2|PP755596.1|A/cattle/Texas/24-008749-003/2024(H5N1)	83	3100
PB2|PP755596.1|A/cattle/Texas/24-008749-003/2024(H5N1)	84	3114
PB2|PP755596.1|A/cattle/Texas/24-008749-003/2024(H5N1)	85	3164
PB2|PP755596.1|A/cattle/Texas/24-008749-003/2024(H5N1)	86	3171
PB2|PP755596.1|A/cattle/Texas/24-008749-003/2024(H5N1)	87	3189
PB2|PP755596.1|A/cattle/Texas/24-008749-003/2024(H5N1)	88	3181
PB2|PP755596.1|A/cattle/Texas/24-008749-003/2024(H5N1)	89	3194
PB2|PP755596.1|A/cattle/Texas/24-008749-003/2024(H5N1)	90	3190
PB2|PP755596.1|A/cattle/Texas/24-008749-003/2024(H5N1)	91	3252
PB2|PP755596.1|A/cattle/Texas/24-008749-003/2024(H5N1)	92	3261
PB2|PP755596.1|A/cattle/Texas/24-008749-003/2024(H5N1)	93	3257
PB2|PP755596.1|A/cattle/Texas/24-008749-003/2024(H5N1)	94	3218
PB2|PP755596.1|A/cattle/Texas/24-008749-003/2024(H5N1)	95	3219
PB2|PP755596.1|A/cattle/Texas/24-008749-003/2024(H5N1)	96	3258
PB2|PP755596.1|A/cattle/Texas/24-008749-003/2024(H5N1)	97	3295
PB2|PP755596.1|A/cattle/Texas/24-008749-003/2024(H5N1)	98	3276
PB2|PP755596.1|A/cattle/Texas/24-008749-003/2024(H5N1)	99	3359
PB2|PP755596.1|A/cattle/Texas/24-008749-003/2024(H5N1)	100	3340
PB2|PP755596.1|A/cattle/Texas/24-008749-003/2024(H5N1)	101	3343
PB2|PP755596.1|A/cattle/Texas/24-008749-003/2024(H5N1)	102	3266
PB2|PP755596.1|A/cattle/Texas/24-008749-003/2024(H5N1)	103	3270
PB2|PP755596.1|A/cattle/Texas/24-008749-003/2024(H5N1)	104	3370
PB2|PP755596.1|A/cattle/Texas/24-008749-003/2024(H5N1)	105	3356
PB2|PP755596.1|A/cattle/Texas/24-008749-003/2024(H5N1)	106	3369
PB2|PP755596.1|A/cattle/Texas/24-008749-003/2024(H5N1)	107	3368
PB2|PP755596.1|A/cattle/Texas/24-008749-003/2024(H5N1)	108	3281
PB2|PP755596.1|A/cattle/Texas/24-008749-003/2024(H5N1)	109	3284
PB2|PP755596.1|A/cattle/Texas/24-008749-003/2024(H5N1)	110	3302
PB2|PP755596.1|A/cattle/Texas/24-008749-003/2024(H5N1)	111	3360
PB2|PP755596.1|A/cattle/Texas/24-008749-003/2024(H5N1)	112	3358
PB2|PP755596.1|A/cattle/Texas/24-008749-003/2024(H5N1)	113	3359
PB2|PP755596.1|A/cattle/Texas/24-008749-003/2024(H5N1)	114	3357
PB2|PP755596.1|A/cattle/Texas/24-008749-003/2024(H5N1)	115	3378
PB2|PP755596.1|A/cattle/Texas/24-008749-003/2024(H5N1)	116	3386
PB2|PP755596.1|A/cattle/Texas/24-008749-003/2024(H5N1)	117	3390
PB2|PP755596.1|A/cattle/Texas/24-008749-003/2024(H5N1)	118	3484
PB2|PP755596.1|A/cattle/Texas/24-008749-003/2024(H5N1)	119	3517
PB2|PP755596.1|A/cattle/Texas/24-008749-003/2024(H5N1)	120	3539
PB2|PP755596.1|A/cattle/Texas/24-008749-003/2024(H5N1)	121	3608
PB2|PP755596.1|A/cattle/Texas/24-008749-003/2024(H5N1)	122	3573
PB2|PP755596.1|A/cattle/Texas/24-008749-003/2024(H5N1)	123	3576
PB2|PP755596.1|A/cattle/Texas/24-008749-003/2024(H5N1)	124	3345
PB2|PP755596.1|A/cattle/Texas/24-008749-003/2024(H5N1)	125	3342
PB2|PP755596.1|A/cattle/Texas/24-008749-003/2024(H5N1)	126	3236
PB2|PP755596.1|A/cattle/Texas/24-008749-003/2024(H5N1)	127	3200
PB2|PP755596.1|A/cattle/Texas/24-008749-003/2024(H5N1)	128	3197
PB2|PP755596.1|A/cattle/Texas/24-008749-003/2024(H5N1)	129	3255
PB2|PP755596.1|A/cattle/Texas/24-008749-003/2024(H5N1)	130	3273
PB2|PP755596.1|A/cattle/Texas/24-008749-003/2024(H5N1)	131	3275
PB2|PP755596.1|A/cattle/Texas/24-008749-003/2024(H5N1)	132	3270
PB2|PP755596.1|A/cattle/Texas/24-008749-003/2024(H5N1)	133	3181
PB2|PP755596.1|A/cattle/Texas/24-008749-003/2024(H5N1)	134	3107
PB2|PP755596.1|A/cattle/Texas/24-008749-003/2024(H5N1)	135	3113
PB2|PP755596.1|A/cattle/Texas/24-008749-003/2024(H5N1)	136	3094
PB2|PP755596.1|A/cattle/Texas/24-008749-003/2024(H5N1)	137	3178
PB2|PP755596.1|A/cattle/Texas/24-008749-003/2024(H5N1)	138	3178
PB2|PP755596.1|A/cattle/Texas/24-008749-003/2024(H5N1)	139	3168
PB2|PP755596.1|A/cattle/Texas/24-008749-003/2024(H5N1)	140	3144
PB2|PP755596.1|A/cattle/Texas/24-008749-003/2024(H5N1)	141	3170
PB2|PP755596.1|A/cattle/Texas/24-008749-003/2024(H5N1)	142	3196
PB2|PP755596.1|A/cattle/Texas/24-008749-003/2024(H5N1)	143	3175
PB2|PP755596.1|A/cattle/Texas/24-008749-003/2024(H5N1)	144	3184
PB2|PP755596.1|A/cattle/Texas/24-008749-003/2024(H5N1)	145	3155
PB2|PP755596.1|A/cattle/Texas/24-008749-003/2024(H5N1)	146	3131
PB2|PP755596.1|A/cattle/Texas/24-008749-003/2024(H5N1)	147	3139
PB2|PP755596.1|A/cattle/Texas/24-008749-003/2024(H5N1)	148	3125
PB2|PP755596.1|A/cattle/Texas/24-008749-003/2024(H5N1)	149	3119
PB2|PP755596.1|A/cattle/Texas/24-008749-003/2024(H5N1)	150	3097
PB2|PP755596.1|A/cattle/Texas/24-008749-003/2024(H5N1)	151	3062
PB2|PP755596.1|A/cattle/Texas/24-008749-003/2024(H5N1)	152	3087
PB2|PP755596.1|A/cattle/Texas/24-008749-003/2024(H5N1)	153	3089
PB2|PP755596.1|A/cattle/Texas/24-008749-003/2024(H5N1)	154	3082
PB2|PP755596.1|A/cattle/Texas/24-008749-003/2024(H5N1)	155	3113
PB2|PP755596.1|A/cattle/Texas/24-008749-003/2024(H5N1)	156	3094
PB2|PP755596.1|A/cattle/Texas/24-008749-003/2024(H5N1)	157	3105
PB2|PP755596.1|A/cattle/Texas/24-008749-003/2024(H5N1)	158	3098
PB2|PP755596.1|A/cattle/Texas/24-008749-003/2024(H5N1)	159	3063
PB2|PP755596.1|A/cattle/Texas/24-008749-003/2024(H5N1)	160	3070
PB2|PP755596.1|A/cattle/Texas/24-008749-003/2024(H5N1)	161	3068
PB2|PP755596.1|A/cattle/Texas/24-008749-003/2024(H5N1)	162	3051
PB2|PP755596.1|A/cattle/Texas/24-008749-003/2024(H5N1)	163	3051
PB2|PP755596.1|A/cattle/Texas/24-008749-003/2024(H5N1)	164	3047
PB2|PP755596.1|A/cattle/Texas/24-008749-003/2024(H5N1)	165	3090
PB2|PP755596.1|A/cattle/Texas/24-008749-003/2024(H5N1)	166	3065
PB2|PP755596.1|A/cattle/Texas/24-008749-003/2024(H5N1)	167	3069
PB2|PP755596.1|A/cattle/Texas/24-008749-003/2024(H5N1)	168	3031
PB2|PP755596.1|A/cattle/Texas/24-008749-003/2024(H5N1)	169	3032
PB2|PP755596.1|A/cattle/Texas/24-008749-003/2024(H5N1)	170	3030
PB2|PP755596.1|A/cattle/Texas/24-008749-003/2024(H5N1)	171	3029
PB2|PP755596.1|A/cattle/Texas/24-008749-003/2024(H5N1)	172	3016
PB2|PP755596.1|A/cattle/Texas/24-008749-003/2024(H5N1)	173	3079
PB2|PP755596.1|A/cattle/Texas/24-008749-003/2024(H5N1)	174	3043
PB2|PP755596.1|A/cattle/Texas/24-008749-003/2024(H5N1)	175	3053
PB2|PP755596.1|A/cattle/Texas/24-008749-003/2024(H5N1)	176	3043
PB2|PP755596.1|A/cattle/Texas/24-008749-003/2024(H5N1)	177	3017
PB2|PP755596.1|A/cattle/Texas/24-008749-003/2024(H5N1)	178	3017
PB2|PP755596.1|A/cattle/Texas/24-008749-003/2024(H5N1)	179	3041
PB2|PP755596.1|A/cattle/Texas/24-008749-003/2024(H5N1)	180	3049
PB2|PP755596.1|A/cattle/Texas/24-008749-003/2024(H5N1)	181	3048
PB2|PP755596.1|A/cattle/Texas/24-008749-003/2024(H5N1)	182	2990
PB2|PP755596.1|A/cattle/Texas/24-008749-003/2024(H5N1)	183	2982
PB2|PP755596.1|A/cattle/Texas/24-008749-003/2024(H5N1)	184	2951
PB2|PP755596.1|A/cattle/Texas/24-008749-003/2024(H5N1)	185	2952
PB2|PP755596.1|A/cattle/Texas/24-008749-003/2024(H5N1)	186	2955
PB2|PP755596.1|A/cattle/Texas/24-008749-003/2024(H5N1)	187	2946
PB2|PP755596.1|A/cattle/Texas/24-008749-003/2024(H5N1)	188	2961
PB2|PP755596.1|A/cattle/Texas/24-008749-003/2024(H5N1)	189	2948
PB2|PP755596.1|A/cattle/Texas/24-008749-003/2024(H5N1)	190	2992
PB2|PP755596.1|A/cattle/Texas/24-008749-003/2024(H5N1)	191	2984
PB2|PP755596.1|A/cattle/Texas/24-008749-003/2024(H5N1)	192	2985
PB2|PP755596.1|A/cattle/Texas/24-008749-003/2024(H5N1)	193	2992
PB2|PP755596.1|A/cattle/Texas/24-008749-003/2024(H5N1)	194	2978
PB2|PP755596.1|A/cattle/Texas/24-008749-003/2024(H5N1)	195	2975
PB2|PP755596.1|A/cattle/Texas/24-008749-003/2024(H5N1)	196	2976
PB2|PP755596.1|A/cattle/Texas/24-008749-003/2024(H5N1)	197	2988
PB2|PP755596.1|A/cattle/Texas/24-008749-003/2024(H5N1)	198	2974
PB2|PP755596.1|A/cattle/Texas/24-008749-003/2024(H5N1)	199	2959
PB2|PP755596.1|A/cattle/Texas/24-008749-003/2024(H5N1)	200	2968
PB2|PP755596.1|A/cattle/Texas/24-008749-003/2024(H5N1)	201	2950
PB2|PP755596.1|A/cattle/Texas/24-008749-003/2024(H5N1)	202	2946
PB2|PP755596.1|A/cattle/Texas/24-008749-003/2024(H5N1)	203	2882
PB2|PP755596.1|A/cattle/Texas/24-008749-003/2024(H5N1)	204	2876
PB2|PP755596.1|A/cattle/Texas/24-008749-003/2024(H5N1)	205	2875
PB2|PP755596.1|A/cattle/Texas/24-008749-003/2024(H5N1)	206	2868
PB2|PP755596.1|A/cattle/Texas/24-008749-003/2024(H5N1)	207	2867
PB2|PP755596.1|A/cattle/Texas/24-008749-003/2024(H5N1)	208	2867
PB2|PP755596.1|A/cattle/Texas/24-008749-003/2024(H5N1)	209	2881
PB2|PP755596.1|A/cattle/Texas/24-008749-003/2024(H5N1)	210	2898
PB2|PP755596.1|A/cattle/Texas/24-008749-003/2024(H5N1)	211	2851
PB2|PP755596.1|A/cattle/Texas/24-008749-003/2024(H5N1)	212	2851
PB2|PP755596.1|A/cattle/Texas/24-008749-003/2024(H5N1)	213	2850
PB2|PP755596.1|A/cattle/Texas/24-008749-003/2024(H5N1)	214	2878
PB2|PP755596.1|A/cattle/Texas/24-008749-003/2024(H5N1)	215	2872
PB2|PP755596.1|A/cattle/Texas/24-008749-003/2024(H5N1)	216	2854
PB2|PP755596.1|A/cattle/Texas/24-008749-003/2024(H5N1)	217	2849
PB2|PP755596.1|A/cattle/Texas/24-008749-003/2024(H5N1)	218	2823
PB2|PP755596.1|A/cattle/Texas/24-008749-003/2024(H5N1)	219	2810
PB2|PP755596.1|A/cattle/Texas/24-008749-003/2024(H5N1)	220	2878
PB2|PP755596.1|A/cattle/Texas/24-008749-003/2024(H5N1)	221	2902
PB2|PP755596.1|A/cattle/Texas/24-008749-003/2024(H5N1)	222	2860
PB2|PP755596.1|A/cattle/Texas/24-008749-003/2024(H5N1)	223	2755
PB2|PP755596.1|A/cattle/Texas/24-008749-003/2024(H5N1)	224	2731
PB2|PP755596.1|A/cattle/Texas/24-008749-003/2024(H5N1)	225	2732
PB2|PP755596.1|A/cattle/Texas/24-008749-003/2024(H5N1)	226	2747
PB2|PP755596.1|A/cattle/Texas/24-008749-003/2024(H5N1)	227	2758
PB2|PP755596.1|A/cattle/Texas/24-008749-003/2024(H5N1)	228	2740
PB2|PP755596.1|A/cattle/Texas/24-008749-003/2024(H5N1)	229	2751
PB2|PP755596.1|A/cattle/Texas/24-008749-003/2024(H5N1)	230	2693
PB2|PP755596.1|A/cattle/Texas/24-008749-003/2024(H5N1)	231	2691
PB2|PP755596.1|A/cattle/Texas/24-008749-003/2024(H5N1)	232	2690
PB2|PP755596.1|A/cattle/Texas/24-008749-003/2024(H5N1)	233	2694
PB2|PP755596.1|A/cattle/Texas/24-008749-003/2024(H5N1)	234	2707
PB2|PP755596.1|A/cattle/Texas/24-008749-003/2024(H5N1)	235	2669
PB2|PP755596.1|A/cattle/Texas/24-008749-003/2024(H5N1)	236	2636
PB2|PP755596.1|A/cattle/Texas/24-008749-003/2024(H5N1)	237	2651
PB2|PP755596.1|A/cattle/Texas/24-008749-003/2024(H5N1)	238	2601
PB2|PP755596.1|A/cattle/Texas/24-008749-003/2024(H5N1)	239	2620
PB2|PP755596.1|A/cattle/Texas/24-008749-003/2024(H5N1)	240	2619
PB2|PP755596.1|A/cattle/Texas/24-008749-003/2024(H5N1)	241	2618
PB2|PP755596.1|A/cattle/Texas/24-008749-003/2024(H5N1)	242	2574
PB2|PP755596.1|A/cattle/Texas/24-008749-003/2024(H5N1)	243	2538
PB2|PP755596.1|A/cattle/Texas/24-008749-003/2024(H5N1)	244	2553
PB2|PP755596.1|A/cattle/Texas/24-008749-003/2024(H5N1)	245	2588
PB2|PP755596.1|A/cattle/Texas/24-008749-003/2024(H5N1)	246	2587
PB2|PP755596.1|A/cattle/Texas/24-008749-003/2024(H5N1)	247	2567
PB2|PP755596.1|A/cattle/Texas/24-008749-003/2024(H5N1)	248	2531
PB2|PP755596.1|A/cattle/Texas/24-008749-003/2024(H5N1)	249	2520
PB2|PP755596.1|A/cattle/Texas/24-008749-003/2024(H5N1)	250	2447
PB2|PP755596.1|A/cattle/Texas/24-008749-003/2024(H5N1)	251	2544
PB2|PP755596.1|A/cattle/Texas/24-008749-003/2024(H5N1)	252	2539
PB2|PP755596.1|A/cattle/Texas/24-008749-003/2024(H5N1)	253	2614
PB2|PP755596.1|A/cattle/Texas/24-008749-003/2024(H5N1)	254	2618
PB2|PP755596.1|A/cattle/Texas/24-008749-003/2024(H5N1)	255	2594
PB2|PP755596.1|A/cattle/Texas/24-008749-003/2024(H5N1)	256	2593
PB2|PP755596.1|A/cattle/Texas/24-008749-003/2024(H5N1)	257	2601
PB2|PP755596.1|A/cattle/Texas/24-008749-003/2024(H5N1)	258	2596
PB2|PP755596.1|A/cattle/Texas/24-008749-003/2024(H5N1)	259	2634
PB2|PP755596.1|A/cattle/Texas/24-008749-003/2024(H5N1)	260	2637
PB2|PP755596.1|A/cattle/Texas/24-008749-003/2024(H5N1)	261	2644
PB2|PP755596.1|A/cattle/Texas/24-008749-003/2024(H5N1)	262	2546
PB2|PP755596.1|A/cattle/Texas/24-008749-003/2024(H5N1)	263	2612
PB2|PP755596.1|A/cattle/Texas/24-008749-003/2024(H5N1)	264	2562
PB2|PP755596.1|A/cattle/Texas/24-008749-003/2024(H5N1)	265	2600
PB2|PP755596.1|A/cattle/Texas/24-008749-003/2024(H5N1)	266	2567
PB2|PP755596.1|A/cattle/Texas/24-008749-003/2024(H5N1)	267	2555
PB2|PP755596.1|A/cattle/Texas/24-008749-003/2024(H5N1)	268	2514
PB2|PP755596.1|A/cattle/Texas/24-008749-003/2024(H5N1)	269	2401
PB2|PP755596.1|A/cattle/Texas/24-008749-003/2024(H5N1)	270	2411
PB2|PP755596.1|A/cattle/Texas/24-008749-003/2024(H5N1)	271	2487
PB2|PP755596.1|A/cattle/Texas/24-008749-003/2024(H5N1)	272	2425
PB2|PP755596.1|A/cattle/Texas/24-008749-003/2024(H5N1)	273	2412
PB2|PP755596.1|A/cattle/Texas/24-008749-003/2024(H5N1)	274	2316
PB2|PP755596.1|A/cattle/Texas/24-008749-003/2024(H5N1)	275	2242
PB2|PP755596.1|A/cattle/Texas/24-008749-003/2024(H5N1)	276	2259
PB2|PP755596.1|A/cattle/Texas/24-008749-003/2024(H5N1)	277	2294
PB2|PP755596.1|A/cattle/Texas/24-008749-003/2024(H5N1)	278	2297
PB2|PP755596.1|A/cattle/Texas/24-008749-003/2024(H5N1)	279	2294
PB2|PP755596.1|A/cattle/Texas/24-008749-003/2024(H5N1)	280	2179
PB2|PP755596.1|A/cattle/Texas/24-008749-003/2024(H5N1)	281	2159
PB2|PP755596.1|A/cattle/Texas/24-008749-003/2024(H5N1)	282	2210
PB2|PP755596.1|A/cattle/Texas/24-008749-003/2024(H5N1)	283	2227
PB2|PP755596.1|A/cattle/Texas/24-008749-003/2024(H5N1)	284	2181
PB2|PP755596.1|A/cattle/Texas/24-008749-003/2024(H5N1)	285	2161
PB2|PP755596.1|A/cattle/Texas/24-008749-003/2024(H5N1)	286	2141
PB2|PP755596.1|A/cattle/Texas/24-008749-003/2024(H5N1)	287	2118
PB2|PP755596.1|A/cattle/Texas/24-008749-003/2024(H5N1)	288	2121
PB2|PP755596.1|A/cattle/Texas/24-008749-003/2024(H5N1)	289	2129
PB2|PP755596.1|A/cattle/Texas/24-008749-003/2024(H5N1)	290	2140
PB2|PP755596.1|A/cattle/Texas/24-008749-003/2024(H5N1)	291	2107
PB2|PP755596.1|A/cattle/Texas/24-008749-003/2024(H5N1)	292	2085
PB2|PP755596.1|A/cattle/Texas/24-008749-003/2024(H5N1)	293	2071
PB2|PP755596.1|A/cattle/Texas/24-008749-003/2024(H5N1)	294	2092
PB2|PP755596.1|A/cattle/Texas/24-008749-003/2024(H5N1)	295	2175
PB2|PP755596.1|A/cattle/Texas/24-008749-003/2024(H5N1)	296	2176
PB2|PP755596.1|A/cattle/Texas/24-008749-003/2024(H5N1)	297	2200
PB2|PP755596.1|A/cattle/Texas/24-008749-003/2024(H5N1)	298	2190
PB2|PP755596.1|A/cattle/Texas/24-008749-003/2024(H5N1)	299	2188
PB2|PP755596.1|A/cattle/Texas/24-008749-003/2024(H5N1)	300	2215
PB2|PP755596.1|A/cattle/Texas/24-008749-003/2024(H5N1)	301	2206
PB2|PP755596.1|A/cattle/Texas/24-008749-003/2024(H5N1)	302	2243
PB2|PP755596.1|A/cattle/Texas/24-008749-003/2024(H5N1)	303	2260
PB2|PP755596.1|A/cattle/Texas/24-008749-003/2024(H5N1)	304	2252
PB2|PP755596.1|A/cattle/Texas/24-008749-003/2024(H5N1)	305	2264
PB2|PP755596.1|A/cattle/Texas/24-008749-003/2024(H5N1)	306	2223
PB2|PP755596.1|A/cattle/Texas/24-008749-003/2024(H5N1)	307	2221
PB2|PP755596.1|A/cattle/Texas/24-008749-003/2024(H5N1)	308	2219
PB2|PP755596.1|A/cattle/Texas/24-008749-003/2024(H5N1)	309	2217
PB2|PP755596.1|A/cattle/Texas/24-008749-003/2024(H5N1)	310	2264
PB2|PP755596.1|A/cattle/Texas/24-008749-003/2024(H5N1)	311	2226
PB2|PP755596.1|A/cattle/Texas/24-008749-003/2024(H5N1)	312	2240
PB2|PP755596.1|A/cattle/Texas/24-008749-003/2024(H5N1)	313	2249
PB2|PP755596.1|A/cattle/Texas/24-008749-003/2024(H5N1)	314	2302
PB2|PP755596.1|A/cattle/Texas/24-008749-003/2024(H5N1)	315	2326
PB2|PP755596.1|A/cattle/Texas/24-008749-003/2024(H5N1)	316	2306
PB2|PP755596.1|A/cattle/Texas/24-008749-003/2024(H5N1)	317	2337
PB2|PP755596.1|A/cattle/Texas/24-008749-003/2024(H5N1)	318	2337
PB2|PP755596.1|A/cattle/Texas/24-008749-003/2024(H5N1)	319	2320
PB2|PP755596.1|A/cattle/Texas/24-008749-003/2024(H5N1)	320	2358
PB2|PP755596.1|A/cattle/Texas/24-008749-003/2024(H5N1)	321	2355
PB2|PP755596.1|A/cattle/Texas/24-008749-003/2024(H5N1)	322	2351
PB2|PP755596.1|A/cattle/Texas/24-008749-003/2024(H5N1)	323	2306
PB2|PP755596.1|A/cattle/Texas/24-008749-003/2024(H5N1)	324	2235
PB2|PP755596.1|A/cattle/Texas/24-008749-003/2024(H5N1)	325	2252
PB2|PP755596.1|A/cattle/Texas/24-008749-003/2024(H5N1)	326	2281
PB2|PP755596.1|A/cattle/Texas/24-008749-003/2024(H5N1)	327	2292
PB2|PP755596.1|A/cattle/Texas/24-008749-003/2024(H5N1)	328	2290
PB2|PP755596.1|A/cattle/Texas/24-008749-003/2024(H5N1)	329	2259
PB2|PP755596.1|A/cattle/Texas/24-008749-003/2024(H5N1)	330	2271
PB2|PP755596.1|A/cattle/Texas/24-008749-003/2024(H5N1)	331	2268
PB2|PP755596.1|A/cattle/Texas/24-008749-003/2024(H5N1)	332	2392
PB2|PP755596.1|A/cattle/Texas/24-008749-003/2024(H5N1)	333	2401
PB2|PP755596.1|A/cattle/Texas/24-008749-003/2024(H5N1)	334	2387
PB2|PP755596.1|A/cattle/Texas/24-008749-003/2024(H5N1)	335	2379
PB2|PP755596.1|A/cattle/Texas/24-008749-003/2024(H5N1)	336	2357
PB2|PP755596.1|A/cattle/Texas/24-008749-003/2024(H5N1)	337	2367
PB2|PP755596.1|A/cattle/Texas/24-008749-003/2024(H5N1)	338	2366
PB2|PP755596.1|A/cattle/Texas/24-008749-003/2024(H5N1)	339	2378
PB2|PP755596.1|A/cattle/Texas/24-008749-003/2024(H5N1)	340	2436
PB2|PP755596.1|A/cattle/Texas/24-008749-003/2024(H5N1)	341	2289
PB2|PP755596.1|A/cattle/Texas/24-008749-003/2024(H5N1)	342	2298
PB2|PP755596.1|A/cattle/Texas/24-008749-003/2024(H5N1)	343	2298
PB2|PP755596.1|A/cattle/Texas/24-008749-003/2024(H5N1)	344	2292
PB2|PP755596.1|A/cattle/Texas/24-008749-003/2024(H5N1)	345	2293
PB2|PP755596.1|A/cattle/Texas/24-008749-003/2024(H5N1)	346	2296
PB2|PP755596.1|A/cattle/Texas/24-008749-003/2024(H5N1)	347	2304
PB2|PP755596.1|A/cattle/Texas/24-008749-003/2024(H5N1)	348	2258
PB2|PP755596.1|A/cattle/Texas/24-008749-003/2024(H5N1)	349	2260
PB2|PP755596.1|A/cattle/Texas/24-008749-003/2024(H5N1)	350	2247
PB2|PP755596.1|A/cattle/Texas/24-008749-003/2024(H5N1)	351	2223
PB2|PP755596.1|A/cattle/Texas/24-008749-003/2024(H5N1)	352	2224
PB2|PP755596.1|A/cattle/Texas/24-008749-003/2024(H5N1)	353	2220
PB2|PP755596.1|A/cattle/Texas/24-008749-003/2024(H5N1)	354	2223
PB2|PP755596.1|A/cattle/Texas/24-008749-003/2024(H5N1)	355	2223
PB2|PP755596.1|A/cattle/Texas/24-008749-003/2024(H5N1)	356	2224
PB2|PP755596.1|A/cattle/Texas/24-008749-003/2024(H5N1)	357	2224
PB2|PP755596.1|A/cattle/Texas/24-008749-003/2024(H5N1)	358	2224
PB2|PP755596.1|A/cattle/Texas/24-008749-003/2024(H5N1)	359	2216
PB2|PP755596.1|A/cattle/Texas/24-008749-003/2024(H5N1)	360	2200
PB2|PP755596.1|A/cattle/Texas/24-008749-003/2024(H5N1)	361	2187
PB2|PP755596.1|A/cattle/Texas/24-008749-003/2024(H5N1)	362	2188
PB2|PP755596.1|A/cattle/Texas/24-008749-003/2024(H5N1)	363	2190
PB2|PP755596.1|A/cattle/Texas/24-008749-003/2024(H5N1)	364	2195
PB2|PP755596.1|A/cattle/Texas/24-008749-003/2024(H5N1)	365	2174
PB2|PP755596.1|A/cattle/Texas/24-008749-003/2024(H5N1)	366	2168
PB2|PP755596.1|A/cattle/Texas/24-008749-003/2024(H5N1)	367	2168
PB2|PP755596.1|A/cattle/Texas/24-008749-003/2024(H5N1)	368	2173
PB2|PP755596.1|A/cattle/Texas/24-008749-003/2024(H5N1)	369	2173
PB2|PP755596.1|A/cattle/Texas/24-008749-003/2024(H5N1)	370	2160
PB2|PP755596.1|A/cattle/Texas/24-008749-003/2024(H5N1)	371	2143
PB2|PP755596.1|A/cattle/Texas/24-008749-003/2024(H5N1)	372	2161
PB2|PP755596.1|A/cattle/Texas/24-008749-003/2024(H5N1)	373	2167
PB2|PP755596.1|A/cattle/Texas/24-008749-003/2024(H5N1)	374	2163
PB2|PP755596.1|A/cattle/Texas/24-008749-003/2024(H5N1)	375	2163
PB2|PP755596.1|A/cattle/Texas/24-008749-003/2024(H5N1)	376	2183
PB2|PP755596.1|A/cattle/Texas/24-008749-003/2024(H5N1)	377	2172
PB2|PP755596.1|A/cattle/Texas/24-008749-003/2024(H5N1)	378	2174
PB2|PP755596.1|A/cattle/Texas/24-008749-003/2024(H5N1)	379	2168
PB2|PP755596.1|A/cattle/Texas/24-008749-003/2024(H5N1)	380	2123
PB2|PP755596.1|A/cattle/Texas/24-008749-003/2024(H5N1)	381	2121
PB2|PP755596.1|A/cattle/Texas/24-008749-003/2024(H5N1)	382	2118
PB2|PP755596.1|A/cattle/Texas/24-008749-003/2024(H5N1)	383	2128
PB2|PP755596.1|A/cattle/Texas/24-008749-003/2024(H5N1)	384	2130
PB2|PP755596.1|A/cattle/Texas/24-008749-003/2024(H5N1)	385	2148
PB2|PP755596.1|A/cattle/Texas/24-008749-003/2024(H5N1)	386	2199
PB2|PP755596.1|A/cattle/Texas/24-008749-003/2024(H5N1)	387	2225
PB2|PP755596.1|A/cattle/Texas/24-008749-003/2024(H5N1)	388	2194
PB2|PP755596.1|A/cattle/Texas/24-008749-003/2024(H5N1)	389	2193
PB2|PP755596.1|A/cattle/Texas/24-008749-003/2024(H5N1)	390	2177
PB2|PP755596.1|A/cattle/Texas/24-008749-003/2024(H5N1)	391	2176
PB2|PP755596.1|A/cattle/Texas/24-008749-003/2024(H5N1)	392	2295
PB2|PP755596.1|A/cattle/Texas/24-008749-003/2024(H5N1)	393	2295
PB2|PP755596.1|A/cattle/Texas/24-008749-003/2024(H5N1)	394	2310
PB2|PP755596.1|A/cattle/Texas/24-008749-003/2024(H5N1)	395	2281
PB2|PP755596.1|A/cattle/Texas/24-008749-003/2024(H5N1)	396	2227
PB2|PP755596.1|A/cattle/Texas/24-008749-003/2024(H5N1)	397	2277
PB2|PP755596.1|A/cattle/Texas/24-008749-003/2024(H5N1)	398	2286
PB2|PP755596.1|A/cattle/Texas/24-008749-003/2024(H5N1)	399	2289
PB2|PP755596.1|A/cattle/Texas/24-008749-003/2024(H5N1)	400	2286
PB2|PP755596.1|A/cattle/Texas/24-008749-003/2024(H5N1)	401	2123
PB2|PP755596.1|A/cattle/Texas/24-008749-003/2024(H5N1)	402	2112
PB2|PP755596.1|A/cattle/Texas/24-008749-003/2024(H5N1)	403	2055
PB2|PP755596.1|A/cattle/Texas/24-008749-003/2024(H5N1)	404	2065
PB2|PP755596.1|A/cattle/Texas/24-008749-003/2024(H5N1)	405	2057
PB2|PP755596.1|A/cattle/Texas/24-008749-003/2024(H5N1)	406	2008
PB2|PP755596.1|A/cattle/Texas/24-008749-003/2024(H5N1)	407	2011
PB2|PP755596.1|A/cattle/Texas/24-008749-003/2024(H5N1)	408	2009
PB2|PP755596.1|A/cattle/Texas/24-008749-003/2024(H5N1)	409	2004
PB2|PP755596.1|A/cattle/Texas/24-008749-003/2024(H5N1)	410	1982
PB2|PP755596.1|A/cattle/Texas/24-008749-003/2024(H5N1)	411	1973
PB2|PP755596.1|A/cattle/Texas/24-008749-003/2024(H5N1)	412	1971
PB2|PP755596.1|A/cattle/Texas/24-008749-003/2024(H5N1)	413	1966
PB2|PP755596.1|A/cattle/Texas/24-008749-003/2024(H5N1)	414	1941
PB2|PP755596.1|A/cattle/Texas/24-008749-003/2024(H5N1)	415	1946
PB2|PP755596.1|A/cattle/Texas/24-008749-003/2024(H5N1)	416	1926
PB2|PP755596.1|A/cattle/Texas/24-008749-003/2024(H5N1)	417	1929
PB2|PP755596.1|A/cattle/Texas/24-008749-003/2024(H5N1)	418	1932
PB2|PP755596.1|A/cattle/Texas/24-008749-003/2024(H5N1)	419	1955
PB2|PP755596.1|A/cattle/Texas/24-008749-003/2024(H5N1)	420	1959
PB2|PP755596.1|A/cattle/Texas/24-008749-003/2024(H5N1)	421	1966
PB2|PP755596.1|A/cattle/Texas/24-008749-003/2024(H5N1)	422	1917
PB2|PP755596.1|A/cattle/Texas/24-008749-003/2024(H5N1)	423	1894
PB2|PP755596.1|A/cattle/Texas/24-008749-003/2024(H5N1)	424	1889
PB2|PP755596.1|A/cattle/Texas/24-008749-003/2024(H5N1)	425	1895
PB2|PP755596.1|A/cattle/Texas/24-008749-003/2024(H5N1)	426	1901
PB2|PP755596.1|A/cattle/Texas/24-008749-003/2024(H5N1)	427	1863
PB2|PP755596.1|A/cattle/Texas/24-008749-003/2024(H5N1)	428	1836
PB2|PP755596.1|A/cattle/Texas/24-008749-003/2024(H5N1)	429	1833
PB2|PP755596.1|A/cattle/Texas/24-008749-003/2024(H5N1)	430	1838
PB2|PP755596.1|A/cattle/Texas/24-008749-003/2024(H5N1)	431	1847
PB2|PP755596.1|A/cattle/Texas/24-008749-003/2024(H5N1)	432	1851
PB2|PP755596.1|A/cattle/Texas/24-008749-003/2024(H5N1)	433	1822
PB2|PP755596.1|A/cattle/Texas/24-008749-003/2024(H5N1)	434	1812
PB2|PP755596.1|A/cattle/Texas/24-008749-003/2024(H5N1)	435	1906
PB2|PP755596.1|A/cattle/Texas/24-008749-003/2024(H5N1)	436	1905
PB2|PP755596.1|A/cattle/Texas/24-008749-003/2024(H5N1)	437	2039
PB2|PP755596.1|A/cattle/Texas/24-008749-003/2024(H5N1)	438	2039
PB2|PP755596.1|A/cattle/Texas/24-008749-003/2024(H5N1)	439	2039
PB2|PP755596.1|A/cattle/Texas/24-008749-003/2024(H5N1)	440	2037
PB2|PP755596.1|A/cattle/Texas/24-008749-003/2024(H5N1)	441	2021
PB2|PP755596.1|A/cattle/Texas/24-008749-003/2024(H5N1)	442	2052
PB2|PP755596.1|A/cattle/Texas/24-008749-003/2024(H5N1)	443	2091
PB2|PP755596.1|A/cattle/Texas/24-008749-003/2024(H5N1)	444	2071
PB2|PP755596.1|A/cattle/Texas/24-008749-003/2024(H5N1)	445	2071
PB2|PP755596.1|A/cattle/Texas/24-008749-003/2024(H5N1)	446	1935
PB2|PP755596.1|A/cattle/Texas/24-008749-003/2024(H5N1)	447	1961
PB2|PP755596.1|A/cattle/Texas/24-008749-003/2024(H5N1)	448	1942
PB2|PP755596.1|A/cattle/Texas/24-008749-003/2024(H5N1)	449	1944
PB2|PP755596.1|A/cattle/Texas/24-008749-003/2024(H5N1)	450	1944
PB2|PP755596.1|A/cattle/Texas/24-008749-003/2024(H5N1)	451	1909
PB2|PP755596.1|A/cattle/Texas/24-008749-003/2024(H5N1)	452	1968
PB2|PP755596.1|A/cattle/Texas/24-008749-003/2024(H5N1)	453	1935
PB2|PP755596.1|A/cattle/Texas/24-008749-003/2024(H5N1)	454	1957
PB2|PP755596.1|A/cattle/Texas/24-008749-003/2024(H5N1)	455	1961
PB2|PP755596.1|A/cattle/Texas/24-008749-003/2024(H5N1)	456	1983
PB2|PP755596.1|A/cattle/Texas/24-008749-003/2024(H5N1)	457	1981
PB2|PP755596.1|A/cattle/Texas/24-008749-003/2024(H5N1)	458	2017
PB2|PP755596.1|A/cattle/Texas/24-008749-003/2024(H5N1)	459	2034
PB2|PP755596.1|A/cattle/Texas/24-008749-003/2024(H5N1)	460	2033
PB2|PP755596.1|A/cattle/Texas/24-008749-003/2024(H5N1)	461	1933
PB2|PP755596.1|A/cattle/Texas/24-008749-003/2024(H5N1)	462	1932
PB2|PP755596.1|A/cattle/Texas/24-008749-003/2024(H5N1)	463	1892
PB2|PP755596.1|A/cattle/Texas/24-008749-003/2024(H5N1)	464	1969
PB2|PP755596.1|A/cattle/Texas/24-008749-003/2024(H5N1)	465	2026
PB2|PP755596.1|A/cattle/Texas/24-008749-003/2024(H5N1)	466	2013
PB2|PP755596.1|A/cattle/Texas/24-008749-003/2024(H5N1)	467	2013
PB2|PP755596.1|A/cattle/Texas/24-008749-003/2024(H5N1)	468	1997
PB2|PP755596.1|A/cattle/Texas/24-008749-003/2024(H5N1)	469	2004
PB2|PP755596.1|A/cattle/Texas/24-008749-003/2024(H5N1)	470	2011
PB2|PP755596.1|A/cattle/Texas/24-008749-003/2024(H5N1)	471	1991
PB2|PP755596.1|A/cattle/Texas/24-008749-003/2024(H5N1)	472	1998
PB2|PP755596.1|A/cattle/Texas/24-008749-003/2024(H5N1)	473	1932
PB2|PP755596.1|A/cattle/Texas/24-008749-003/2024(H5N1)	474	1943
PB2|PP755596.1|A/cattle/Texas/24-008749-003/2024(H5N1)	475	1969
PB2|PP755596.1|A/cattle/Texas/24-008749-003/2024(H5N1)	476	1976
PB2|PP755596.1|A/cattle/Texas/24-008749-003/2024(H5N1)	477	1978
PB2|PP755596.1|A/cattle/Texas/24-008749-003/2024(H5N1)	478	1968
PB2|PP755596.1|A/cattle/Texas/24-008749-003/2024(H5N1)	479	1965
PB2|PP755596.1|A/cattle/Texas/24-008749-003/2024(H5N1)	480	2040
PB2|PP755596.1|A/cattle/Texas/24-008749-003/2024(H5N1)	481	2034
PB2|PP755596.1|A/cattle/Texas/24-008749-003/2024(H5N1)	482	2108
PB2|PP755596.1|A/cattle/Texas/24-008749-003/2024(H5N1)	483	2017
PB2|PP755596.1|A/cattle/Texas/24-008749-003/2024(H5N1)	484	2003
PB2|PP755596.1|A/cattle/Texas/24-008749-003/2024(H5N1)	485	2008
PB2|PP755596.1|A/cattle/Texas/24-008749-003/2024(H5N1)	486	2035
PB2|PP755596.1|A/cattle/Texas/24-008749-003/2024(H5N1)	487	2045
PB2|PP755596.1|A/cattle/Texas/24-008749-003/2024(H5N1)	488	2057
PB2|PP755596.1|A/cattle/Texas/24-008749-003/2024(H5N1)	489	1986
PB2|PP755596.1|A/cattle/Texas/24-008749-003/2024(H5N1)	490	1981
PB2|PP755596.1|A/cattle/Texas/24-008749-003/2024(H5N1)	491	1964
PB2|PP755596.1|A/cattle/Texas/24-008749-003/2024(H5N1)	492	1966
PB2|PP755596.1|A/cattle/Texas/24-008749-003/2024(H5N1)	493	1981
PB2|PP755596.1|A/cattle/Texas/24-008749-003/2024(H5N1)	494	1989
PB2|PP755596.1|A/cattle/Texas/24-008749-003/2024(H5N1)	495	1988
PB2|PP755596.1|A/cattle/Texas/24-008749-003/2024(H5N1)	496	1987
PB2|PP755596.1|A/cattle/Texas/24-008749-003/2024(H5N1)	497	1981
PB2|PP755596.1|A/cattle/Texas/24-008749-003/2024(H5N1)	498	1976
PB2|PP755596.1|A/cattle/Texas/24-008749-003/2024(H5N1)	499	1977
PB2|PP755596.1|A/cattle/Texas/24-008749-003/2024(H5N1)	500	2016
PB2|PP755596.1|A/cattle/Texas/24-008749-003/2024(H5N1)	501	2016
PB2|PP755596.1|A/cattle/Texas/24-008749-003/2024(H5N1)	502	2005
PB2|PP755596.1|A/cattle/Texas/24-008749-003/2024(H5N1)	503	2007
PB2|PP755596.1|A/cattle/Texas/24-008749-003/2024(H5N1)	504	2012
PB2|PP755596.1|A/cattle/Texas/24-008749-003/2024(H5N1)	505	2024
PB2|PP755596.1|A/cattle/Texas/24-008749-003/2024(H5N1)	506	2040
PB2|PP755596.1|A/cattle/Texas/24-008749-003/2024(H5N1)	507	2047
PB2|PP755596.1|A/cattle/Texas/24-008749-003/2024(H5N1)	508	2049
PB2|PP755596.1|A/cattle/Texas/24-008749-003/2024(H5N1)	509	2049
PB2|PP755596.1|A/cattle/Texas/24-008749-003/2024(H5N1)	510	2048
PB2|PP755596.1|A/cattle/Texas/24-008749-003/2024(H5N1)	511	2051
PB2|PP755596.1|A/cattle/Texas/24-008749-003/2024(H5N1)	512	2137
PB2|PP755596.1|A/cattle/Texas/24-008749-003/2024(H5N1)	513	2136
PB2|PP755596.1|A/cattle/Texas/24-008749-003/2024(H5N1)	514	2138
PB2|PP755596.1|A/cattle/Texas/24-008749-003/2024(H5N1)	515	2130
PB2|PP755596.1|A/cattle/Texas/24-008749-003/2024(H5N1)	516	2126
PB2|PP755596.1|A/cattle/Texas/24-008749-003/2024(H5N1)	517	2128
PB2|PP755596.1|A/cattle/Texas/24-008749-003/2024(H5N1)	518	2146
PB2|PP755596.1|A/cattle/Texas/24-008749-003/2024(H5N1)	519	2152
PB2|PP755596.1|A/cattle/Texas/24-008749-003/2024(H5N1)	520	2154
PB2|PP755596.1|A/cattle/Texas/24-008749-003/2024(H5N1)	521	2095
PB2|PP755596.1|A/cattle/Texas/24-008749-003/2024(H5N1)	522	2095
PB2|PP755596.1|A/cattle/Texas/24-008749-003/2024(H5N1)	523	2076
PB2|PP755596.1|A/cattle/Texas/24-008749-003/2024(H5N1)	524	2086
PB2|PP755596.1|A/cattle/Texas/24-008749-003/2024(H5N1)	525	2103
PB2|PP755596.1|A/cattle/Texas/24-008749-003/2024(H5N1)	526	2133
PB2|PP755596.1|A/cattle/Texas/24-008749-003/2024(H5N1)	527	2135
PB2|PP755596.1|A/cattle/Texas/24-008749-003/2024(H5N1)	528	2135
PB2|PP755596.1|A/cattle/Texas/24-008749-003/2024(H5N1)	529	2121
PB2|PP755596.1|A/cattle/Texas/24-008749-003/2024(H5N1)	530	2112
PB2|PP755596.1|A/cattle/Texas/24-008749-003/2024(H5N1)	531	2112
PB2|PP755596.1|A/cattle/Texas/24-008749-003/2024(H5N1)	532	2113
PB2|PP755596.1|A/cattle/Texas/24-008749-003/2024(H5N1)	533	2101
PB2|PP755596.1|A/cattle/Texas/24-008749-003/2024(H5N1)	534	2099
PB2|PP755596.1|A/cattle/Texas/24-008749-003/2024(H5N1)	535	2095
PB2|PP755596.1|A/cattle/Texas/24-008749-003/2024(H5N1)	536	2080
PB2|PP755596.1|A/cattle/Texas/24-008749-003/2024(H5N1)	537	2074
PB2|PP755596.1|A/cattle/Texas/24-008749-003/2024(H5N1)	538	2095
PB2|PP755596.1|A/cattle/Texas/24-008749-003/2024(H5N1)	539	2123
PB2|PP755596.1|A/cattle/Texas/24-008749-003/2024(H5N1)	540	2121
PB2|PP755596.1|A/cattle/Texas/24-008749-003/2024(H5N1)	541	2187
PB2|PP755596.1|A/cattle/Texas/24-008749-003/2024(H5N1)	542	2088
PB2|PP755596.1|A/cattle/Texas/24-008749-003/2024(H5N1)	543	2086
PB2|PP755596.1|A/cattle/Texas/24-008749-003/2024(H5N1)	544	2108
PB2|PP755596.1|A/cattle/Texas/24-008749-003/2024(H5N1)	545	2109
PB2|PP755596.1|A/cattle/Texas/24-008749-003/2024(H5N1)	546	2119
PB2|PP755596.1|A/cattle/Texas/24-008749-003/2024(H5N1)	547	2110
PB2|PP755596.1|A/cattle/Texas/24-008749-003/2024(H5N1)	548	2069
PB2|PP755596.1|A/cattle/Texas/24-008749-003/2024(H5N1)	549	2075
PB2|PP755596.1|A/cattle/Texas/24-008749-003/2024(H5N1)	550	2091
PB2|PP755596.1|A/cattle/Texas/24-008749-003/2024(H5N1)	551	2102
PB2|PP755596.1|A/cattle/Texas/24-008749-003/2024(H5N1)	552	2097
PB2|PP755596.1|A/cattle/Texas/24-008749-003/2024(H5N1)	553	2048
PB2|PP755596.1|A/cattle/Texas/24-008749-003/2024(H5N1)	554	2097
PB2|PP755596.1|A/cattle/Texas/24-008749-003/2024(H5N1)	555	2097
PB2|PP755596.1|A/cattle/Texas/24-008749-003/2024(H5N1)	556	2104
PB2|PP755596.1|A/cattle/Texas/24-008749-003/2024(H5N1)	557	2102
PB2|PP755596.1|A/cattle/Texas/24-008749-003/2024(H5N1)	558	2087
PB2|PP755596.1|A/cattle/Texas/24-008749-003/2024(H5N1)	559	2090
PB2|PP755596.1|A/cattle/Texas/24-008749-003/2024(H5N1)	560	2091
PB2|PP755596.1|A/cattle/Texas/24-008749-003/2024(H5N1)	561	2100
PB2|PP755596.1|A/cattle/Texas/24-008749-003/2024(H5N1)	562	2111
PB2|PP755596.1|A/cattle/Texas/24-008749-003/2024(H5N1)	563	2110
PB2|PP755596.1|A/cattle/Texas/24-008749-003/2024(H5N1)	564	2109
PB2|PP755596.1|A/cattle/Texas/24-008749-003/2024(H5N1)	565	2095
PB2|PP755596.1|A/cattle/Texas/24-008749-003/2024(H5N1)	566	2089
PB2|PP755596.1|A/cattle/Texas/24-008749-003/2024(H5N1)	567	2094
PB2|PP755596.1|A/cattle/Texas/24-008749-003/2024(H5N1)	568	2122
PB2|PP755596.1|A/cattle/Texas/24-008749-003/2024(H5N1)	569	2119
PB2|PP755596.1|A/cattle/Texas/24-008749-003/2024(H5N1)	570	2090
PB2|PP755596.1|A/cattle/Texas/24-008749-003/2024(H5N1)	571	2092
PB2|PP755596.1|A/cattle/Texas/24-008749-003/2024(H5N1)	572	2093
PB2|PP755596.1|A/cattle/Texas/24-008749-003/2024(H5N1)	573	2091
PB2|PP755596.1|A/cattle/Texas/24-008749-003/2024(H5N1)	574	2105
PB2|PP755596.1|A/cattle/Texas/24-008749-003/2024(H5N1)	575	2108
PB2|PP755596.1|A/cattle/Texas/24-008749-003/2024(H5N1)	576	2092
PB2|PP755596.1|A/cattle/Texas/24-008749-003/2024(H5N1)	577	2236
PB2|PP755596.1|A/cattle/Texas/24-008749-003/2024(H5N1)	578	2234
PB2|PP755596.1|A/cattle/Texas/24-008749-003/2024(H5N1)	579	2256
PB2|PP755596.1|A/cattle/Texas/24-008749-003/2024(H5N1)	580	2239
PB2|PP755596.1|A/cattle/Texas/24-008749-003/2024(H5N1)	581	2239
PB2|PP755596.1|A/cattle/Texas/24-008749-003/2024(H5N1)	582	2244
PB2|PP755596.1|A/cattle/Texas/24-008749-003/2024(H5N1)	583	2234
PB2|PP755596.1|A/cattle/Texas/24-008749-003/2024(H5N1)	584	2262
PB2|PP755596.1|A/cattle/Texas/24-008749-003/2024(H5N1)	585	2174
PB2|PP755596.1|A/cattle/Texas/24-008749-003/2024(H5N1)	586	2043
PB2|PP755596.1|A/cattle/Texas/24-008749-003/2024(H5N1)	587	2041
PB2|PP755596.1|A/cattle/Texas/24-008749-003/2024(H5N1)	588	2069
PB2|PP755596.1|A/cattle/Texas/24-008749-003/2024(H5N1)	589	2069
PB2|PP755596.1|A/cattle/Texas/24-008749-003/2024(H5N1)	590	2075
PB2|PP755596.1|A/cattle/Texas/24-008749-003/2024(H5N1)	591	2071
PB2|PP755596.1|A/cattle/Texas/24-008749-003/2024(H5N1)	592	2086
PB2|PP755596.1|A/cattle/Texas/24-008749-003/2024(H5N1)	593	2057
PB2|PP755596.1|A/cattle/Texas/24-008749-003/2024(H5N1)	594	2015
PB2|PP755596.1|A/cattle/Texas/24-008749-003/2024(H5N1)	595	2015
PB2|PP755596.1|A/cattle/Texas/24-008749-003/2024(H5N1)	596	2025
PB2|PP755596.1|A/cattle/Texas/24-008749-003/2024(H5N1)	597	2009
PB2|PP755596.1|A/cattle/Texas/24-008749-003/2024(H5N1)	598	2059
PB2|PP755596.1|A/cattle/Texas/24-008749-003/2024(H5N1)	599	2077
PB2|PP755596.1|A/cattle/Texas/24-008749-003/2024(H5N1)	600	2132
PB2|PP755596.1|A/cattle/Texas/24-008749-003/2024(H5N1)	601	2069
PB2|PP755596.1|A/cattle/Texas/24-008749-003/2024(H5N1)	602	2062
PB2|PP755596.1|A/cattle/Texas/24-008749-003/2024(H5N1)	603	2074
PB2|PP755596.1|A/cattle/Texas/24-008749-003/2024(H5N1)	604	2080
PB2|PP755596.1|A/cattle/Texas/24-008749-003/2024(H5N1)	605	2061
PB2|PP755596.1|A/cattle/Texas/24-008749-003/2024(H5N1)	606	2067
PB2|PP755596.1|A/cattle/Texas/24-008749-003/2024(H5N1)	607	2094
PB2|PP755596.1|A/cattle/Texas/24-008749-003/2024(H5N1)	608	2102
PB2|PP755596.1|A/cattle/Texas/24-008749-003/2024(H5N1)	609	2058
PB2|PP755596.1|A/cattle/Texas/24-008749-003/2024(H5N1)	610	2038
PB2|PP755596.1|A/cattle/Texas/24-008749-003/2024(H5N1)	611	2054
PB2|PP755596.1|A/cattle/Texas/24-008749-003/2024(H5N1)	612	2063
PB2|PP755596.1|A/cattle/Texas/24-008749-003/2024(H5N1)	613	2067
PB2|PP755596.1|A/cattle/Texas/24-008749-003/2024(H5N1)	614	2069
PB2|PP755596.1|A/cattle/Texas/24-008749-003/2024(H5N1)	615	2003
PB2|PP755596.1|A/cattle/Texas/24-008749-003/2024(H5N1)	616	1904
PB2|PP755596.1|A/cattle/Texas/24-008749-003/2024(H5N1)	617	1901
PB2|PP755596.1|A/cattle/Texas/24-008749-003/2024(H5N1)	618	1913
PB2|PP755596.1|A/cattle/Texas/24-008749-003/2024(H5N1)	619	1957
PB2|PP755596.1|A/cattle/Texas/24-008749-003/2024(H5N1)	620	1952
PB2|PP755596.1|A/cattle/Texas/24-008749-003/2024(H5N1)	621	1942
PB2|PP755596.1|A/cattle/Texas/24-008749-003/2024(H5N1)	622	1941
PB2|PP755596.1|A/cattle/Texas/24-008749-003/2024(H5N1)	623	2011
PB2|PP755596.1|A/cattle/Texas/24-008749-003/2024(H5N1)	624	2036
PB2|PP755596.1|A/cattle/Texas/24-008749-003/2024(H5N1)	625	2027
PB2|PP755596.1|A/cattle/Texas/24-008749-003/2024(H5N1)	626	2017
PB2|PP755596.1|A/cattle/Texas/24-008749-003/2024(H5N1)	627	1987
PB2|PP755596.1|A/cattle/Texas/24-008749-003/2024(H5N1)	628	2004
PB2|PP755596.1|A/cattle/Texas/24-008749-003/2024(H5N1)	629	1995
PB2|PP755596.1|A/cattle/Texas/24-008749-003/2024(H5N1)	630	1990
PB2|PP755596.1|A/cattle/Texas/24-008749-003/2024(H5N1)	631	1941
PB2|PP755596.1|A/cattle/Texas/24-008749-003/2024(H5N1)	632	1875
PB2|PP755596.1|A/cattle/Texas/24-008749-003/2024(H5N1)	633	1884
PB2|PP755596.1|A/cattle/Texas/24-008749-003/2024(H5N1)	634	1888
PB2|PP755596.1|A/cattle/Texas/24-008749-003/2024(H5N1)	635	1889
PB2|PP755596.1|A/cattle/Texas/24-008749-003/2024(H5N1)	636	1886
PB2|PP755596.1|A/cattle/Texas/24-008749-003/2024(H5N1)	637	1856
PB2|PP755596.1|A/cattle/Texas/24-008749-003/2024(H5N1)	638	1856
PB2|PP755596.1|A/cattle/Texas/24-008749-003/2024(H5N1)	639	1840
PB2|PP755596.1|A/cattle/Texas/24-008749-003/2024(H5N1)	640	1839
PB2|PP755596.1|A/cattle/Texas/24-008749-003/2024(H5N1)	641	1867
PB2|PP755596.1|A/cattle/Texas/24-008749-003/2024(H5N1)	642	1864
PB2|PP755596.1|A/cattle/Texas/24-008749-003/2024(H5N1)	643	1873
PB2|PP755596.1|A/cattle/Texas/24-008749-003/2024(H5N1)	644	1857
PB2|PP755596.1|A/cattle/Texas/24-008749-003/2024(H5N1)	645	1907
PB2|PP755596.1|A/cattle/Texas/24-008749-003/2024(H5N1)	646	1913
PB2|PP755596.1|A/cattle/Texas/24-008749-003/2024(H5N1)	647	1938
PB2|PP755596.1|A/cattle/Texas/24-008749-003/2024(H5N1)	648	1951
PB2|PP755596.1|A/cattle/Texas/24-008749-003/2024(H5N1)	649	1947
PB2|PP755596.1|A/cattle/Texas/24-008749-003/2024(H5N1)	650	1918
PB2|PP755596.1|A/cattle/Texas/24-008749-003/2024(H5N1)	651	1915
PB2|PP755596.1|A/cattle/Texas/24-008749-003/2024(H5N1)	652	1919
PB2|PP755596.1|A/cattle/Texas/24-008749-003/2024(H5N1)	653	1921
PB2|PP755596.1|A/cattle/Texas/24-008749-003/2024(H5N1)	654	1941
PB2|PP755596.1|A/cattle/Texas/24-008749-003/2024(H5N1)	655	1936
PB2|PP755596.1|A/cattle/Texas/24-008749-003/2024(H5N1)	656	1913
PB2|PP755596.1|A/cattle/Texas/24-008749-003/2024(H5N1)	657	1893
PB2|PP755596.1|A/cattle/Texas/24-008749-003/2024(H5N1)	658	1894
PB2|PP755596.1|A/cattle/Texas/24-008749-003/2024(H5N1)	659	1900
PB2|PP755596.1|A/cattle/Texas/24-008749-003/2024(H5N1)	660	1910
PB2|PP755596.1|A/cattle/Texas/24-008749-003/2024(H5N1)	661	1910
PB2|PP755596.1|A/cattle/Texas/24-008749-003/2024(H5N1)	662	1864
PB2|PP755596.1|A/cattle/Texas/24-008749-003/2024(H5N1)	663	1847
PB2|PP755596.1|A/cattle/Texas/24-008749-003/2024(H5N1)	664	1855
PB2|PP755596.1|A/cattle/Texas/24-008749-003/2024(H5N1)	665	1891
PB2|PP755596.1|A/cattle/Texas/24-008749-003/2024(H5N1)	666	1895
PB2|PP755596.1|A/cattle/Texas/24-008749-003/2024(H5N1)	667	1909
PB2|PP755596.1|A/cattle/Texas/24-008749-003/2024(H5N1)	668	1928
PB2|PP755596.1|A/cattle/Texas/24-008749-003/2024(H5N1)	669	1927
PB2|PP755596.1|A/cattle/Texas/24-008749-003/2024(H5N1)	670	1921
PB2|PP755596.1|A/cattle/Texas/24-008749-003/2024(H5N1)	671	1952
PB2|PP755596.1|A/cattle/Texas/24-008749-003/2024(H5N1)	672	1959
PB2|PP755596.1|A/cattle/Texas/24-008749-003/2024(H5N1)	673	1956
PB2|PP755596.1|A/cattle/Texas/24-008749-003/2024(H5N1)	674	1955
PB2|PP755596.1|A/cattle/Texas/24-008749-003/2024(H5N1)	675	1951
PB2|PP755596.1|A/cattle/Texas/24-008749-003/2024(H5N1)	676	1936
PB2|PP755596.1|A/cattle/Texas/24-008749-003/2024(H5N1)	677	1978
PB2|PP755596.1|A/cattle/Texas/24-008749-003/2024(H5N1)	678	1975
PB2|PP755596.1|A/cattle/Texas/24-008749-003/2024(H5N1)	679	2031
PB2|PP755596.1|A/cattle/Texas/24-008749-003/2024(H5N1)	680	2036
PB2|PP755596.1|A/cattle/Texas/24-008749-003/2024(H5N1)	681	2046
PB2|PP755596.1|A/cattle/Texas/24-008749-003/2024(H5N1)	682	2042
PB2|PP755596.1|A/cattle/Texas/24-008749-003/2024(H5N1)	683	2187
PB2|PP755596.1|A/cattle/Texas/24-008749-003/2024(H5N1)	684	2194
PB2|PP755596.1|A/cattle/Texas/24-008749-003/2024(H5N1)	685	2206
PB2|PP755596.1|A/cattle/Texas/24-008749-003/2024(H5N1)	686	2198
PB2|PP755596.1|A/cattle/Texas/24-008749-003/2024(H5N1)	687	2157
PB2|PP755596.1|A/cattle/Texas/24-008749-003/2024(H5N1)	688	2134
PB2|PP755596.1|A/cattle/Texas/24-008749-003/2024(H5N1)	689	2098
PB2|PP755596.1|A/cattle/Texas/24-008749-003/2024(H5N1)	690	2089
PB2|PP755596.1|A/cattle/Texas/24-008749-003/2024(H5N1)	691	2115
PB2|PP755596.1|A/cattle/Texas/24-008749-003/2024(H5N1)	692	2023
PB2|PP755596.1|A/cattle/Texas/24-008749-003/2024(H5N1)	693	2024
PB2|PP755596.1|A/cattle/Texas/24-008749-003/2024(H5N1)	694	2010
PB2|PP755596.1|A/cattle/Texas/24-008749-003/2024(H5N1)	695	2003
PB2|PP755596.1|A/cattle/Texas/24-008749-003/2024(H5N1)	696	2046
PB2|PP755596.1|A/cattle/Texas/24-008749-003/2024(H5N1)	697	2142
PB2|PP755596.1|A/cattle/Texas/24-008749-003/2024(H5N1)	698	2167
PB2|PP755596.1|A/cattle/Texas/24-008749-003/2024(H5N1)	699	2171
PB2|PP755596.1|A/cattle/Texas/24-008749-003/2024(H5N1)	700	2146
PB2|PP755596.1|A/cattle/Texas/24-008749-003/2024(H5N1)	701	2147
PB2|PP755596.1|A/cattle/Texas/24-008749-003/2024(H5N1)	702	2141
PB2|PP755596.1|A/cattle/Texas/24-008749-003/2024(H5N1)	703	2159
PB2|PP755596.1|A/cattle/Texas/24-008749-003/2024(H5N1)	704	2151
PB2|PP755596.1|A/cattle/Texas/24-008749-003/2024(H5N1)	705	2123
PB2|PP755596.1|A/cattle/Texas/24-008749-003/2024(H5N1)	706	2102
PB2|PP755596.1|A/cattle/Texas/24-008749-003/2024(H5N1)	707	2095
PB2|PP755596.1|A/cattle/Texas/24-008749-003/2024(H5N1)	708	2129
PB2|PP755596.1|A/cattle/Texas/24-008749-003/2024(H5N1)	709	2185
PB2|PP755596.1|A/cattle/Texas/24-008749-003/2024(H5N1)	710	2193
PB2|PP755596.1|A/cattle/Texas/24-008749-003/2024(H5N1)	711	2192
PB2|PP755596.1|A/cattle/Texas/24-008749-003/2024(H5N1)	712	2180
PB2|PP755596.1|A/cattle/Texas/24-008749-003/2024(H5N1)	713	2181
PB2|PP755596.1|A/cattle/Texas/24-008749-003/2024(H5N1)	714	2178
PB2|PP755596.1|A/cattle/Texas/24-008749-003/2024(H5N1)	715	2198
PB2|PP755596.1|A/cattle/Texas/24-008749-003/2024(H5N1)	716	2199
PB2|PP755596.1|A/cattle/Texas/24-008749-003/2024(H5N1)	717	2189
PB2|PP755596.1|A/cattle/Texas/24-008749-003/2024(H5N1)	718	2150
PB2|PP755596.1|A/cattle/Texas/24-008749-003/2024(H5N1)	719	2141
PB2|PP755596.1|A/cattle/Texas/24-008749-003/2024(H5N1)	720	2140
PB2|PP755596.1|A/cattle/Texas/24-008749-003/2024(H5N1)	721	2167
PB2|PP755596.1|A/cattle/Texas/24-008749-003/2024(H5N1)	722	2158
PB2|PP755596.1|A/cattle/Texas/24-008749-003/2024(H5N1)	723	2157
PB2|PP755596.1|A/cattle/Texas/24-008749-003/2024(H5N1)	724	2177
PB2|PP755596.1|A/cattle/Texas/24-008749-003/2024(H5N1)	725	2171
PB2|PP755596.1|A/cattle/Texas/24-008749-003/2024(H5N1)	726	2264
PB2|PP755596.1|A/cattle/Texas/24-008749-003/2024(H5N1)	727	2267
PB2|PP755596.1|A/cattle/Texas/24-008749-003/2024(H5N1)	728	2193
PB2|PP755596.1|A/cattle/Texas/24-008749-003/2024(H5N1)	729	2221
PB2|PP755596.1|A/cattle/Texas/24-008749-003/2024(H5N1)	730	2216
PB2|PP755596.1|A/cattle/Texas/24-008749-003/2024(H5N1)	731	2223
PB2|PP755596.1|A/cattle/Texas/24-008749-003/2024(H5N1)	732	2225
PB2|PP755596.1|A/cattle/Texas/24-008749-003/2024(H5N1)	733	2221
PB2|PP755596.1|A/cattle/Texas/24-008749-003/2024(H5N1)	734	2259
PB2|PP755596.1|A/cattle/Texas/24-008749-003/2024(H5N1)	735	2186
PB2|PP755596.1|A/cattle/Texas/24-008749-003/2024(H5N1)	736	2208
PB2|PP755596.1|A/cattle/Texas/24-008749-003/2024(H5N1)	737	2195
PB2|PP755596.1|A/cattle/Texas/24-008749-003/2024(H5N1)	738	2150
PB2|PP755596.1|A/cattle/Texas/24-008749-003/2024(H5N1)	739	2150
PB2|PP755596.1|A/cattle/Texas/24-008749-003/2024(H5N1)	740	2175
PB2|PP755596.1|A/cattle/Texas/24-008749-003/2024(H5N1)	741	2194
PB2|PP755596.1|A/cattle/Texas/24-008749-003/2024(H5N1)	742	2194
PB2|PP755596.1|A/cattle/Texas/24-008749-003/2024(H5N1)	743	2171
PB2|PP755596.1|A/cattle/Texas/24-008749-003/2024(H5N1)	744	2162
PB2|PP755596.1|A/cattle/Texas/24-008749-003/2024(H5N1)	745	2165
PB2|PP755596.1|A/cattle/Texas/24-008749-003/2024(H5N1)	746	2170
PB2|PP755596.1|A/cattle/Texas/24-008749-003/2024(H5N1)	747	2167
PB2|PP755596.1|A/cattle/Texas/24-008749-003/2024(H5N1)	748	2179
PB2|PP755596.1|A/cattle/Texas/24-008749-003/2024(H5N1)	749	2142
PB2|PP755596.1|A/cattle/Texas/24-008749-003/2024(H5N1)	750	2131
PB2|PP755596.1|A/cattle/Texas/24-008749-003/2024(H5N1)	751	2090
PB2|PP755596.1|A/cattle/Texas/24-008749-003/2024(H5N1)	752	2086
PB2|PP755596.1|A/cattle/Texas/24-008749-003/2024(H5N1)	753	2090
PB2|PP755596.1|A/cattle/Texas/24-008749-003/2024(H5N1)	754	2074
PB2|PP755596.1|A/cattle/Texas/24-008749-003/2024(H5N1)	755	2079
PB2|PP755596.1|A/cattle/Texas/24-008749-003/2024(H5N1)	756	2080
PB2|PP755596.1|A/cattle/Texas/24-008749-003/2024(H5N1)	757	2078
PB2|PP755596.1|A/cattle/Texas/24-008749-003/2024(H5N1)	758	2045
PB2|PP755596.1|A/cattle/Texas/24-008749-003/2024(H5N1)	759	2028
PB2|PP755596.1|A/cattle/Texas/24-008749-003/2024(H5N1)	760	2047
PB2|PP755596.1|A/cattle/Texas/24-008749-003/2024(H5N1)	761	2120
PB2|PP755596.1|A/cattle/Texas/24-008749-003/2024(H5N1)	762	2105
PB2|PP755596.1|A/cattle/Texas/24-008749-003/2024(H5N1)	763	2100
PB2|PP755596.1|A/cattle/Texas/24-008749-003/2024(H5N1)	764	2088
PB2|PP755596.1|A/cattle/Texas/24-008749-003/2024(H5N1)	765	2068
PB2|PP755596.1|A/cattle/Texas/24-008749-003/2024(H5N1)	766	2088
PB2|PP755596.1|A/cattle/Texas/24-008749-003/2024(H5N1)	767	2082
PB2|PP755596.1|A/cattle/Texas/24-008749-003/2024(H5N1)	768	2078
PB2|PP755596.1|A/cattle/Texas/24-008749-003/2024(H5N1)	769	2049
PB2|PP755596.1|A/cattle/Texas/24-008749-003/2024(H5N1)	770	1992
PB2|PP755596.1|A/cattle/Texas/24-008749-003/2024(H5N1)	771	1990
PB2|PP755596.1|A/cattle/Texas/24-008749-003/2024(H5N1)	772	1985
PB2|PP755596.1|A/cattle/Texas/24-008749-003/2024(H5N1)	773	2000
PB2|PP755596.1|A/cattle/Texas/24-008749-003/2024(H5N1)	774	1944
PB2|PP755596.1|A/cattle/Texas/24-008749-003/2024(H5N1)	775	1922
PB2|PP755596.1|A/cattle/Texas/24-008749-003/2024(H5N1)	776	1922
PB2|PP755596.1|A/cattle/Texas/24-008749-003/2024(H5N1)	777	1761
PB2|PP755596.1|A/cattle/Texas/24-008749-003/2024(H5N1)	778	1765
PB2|PP755596.1|A/cattle/Texas/24-008749-003/2024(H5N1)	779	1755
PB2|PP755596.1|A/cattle/Texas/24-008749-003/2024(H5N1)	780	1752
PB2|PP755596.1|A/cattle/Texas/24-008749-003/2024(H5N1)	781	1752
PB2|PP755596.1|A/cattle/Texas/24-008749-003/2024(H5N1)	782	1759
PB2|PP755596.1|A/cattle/Texas/24-008749-003/2024(H5N1)	783	1820
PB2|PP755596.1|A/cattle/Texas/24-008749-003/2024(H5N1)	784	1929
PB2|PP755596.1|A/cattle/Texas/24-008749-003/2024(H5N1)	785	1964
PB2|PP755596.1|A/cattle/Texas/24-008749-003/2024(H5N1)	786	1965
PB2|PP755596.1|A/cattle/Texas/24-008749-003/2024(H5N1)	787	2039
PB2|PP755596.1|A/cattle/Texas/24-008749-003/2024(H5N1)	788	2077
PB2|PP755596.1|A/cattle/Texas/24-008749-003/2024(H5N1)	789	2082
PB2|PP755596.1|A/cattle/Texas/24-008749-003/2024(H5N1)	790	2087
PB2|PP755596.1|A/cattle/Texas/24-008749-003/2024(H5N1)	791	2093
PB2|PP755596.1|A/cattle/Texas/24-008749-003/2024(H5N1)	792	2132
PB2|PP755596.1|A/cattle/Texas/24-008749-003/2024(H5N1)	793	2130
PB2|PP755596.1|A/cattle/Texas/24-008749-003/2024(H5N1)	794	2116
PB2|PP755596.1|A/cattle/Texas/24-008749-003/2024(H5N1)	795	2122
PB2|PP755596.1|A/cattle/Texas/24-008749-003/2024(H5N1)	796	2171
PB2|PP755596.1|A/cattle/Texas/24-008749-003/2024(H5N1)	797	2182
PB2|PP755596.1|A/cattle/Texas/24-008749-003/2024(H5N1)	798	2190
PB2|PP755596.1|A/cattle/Texas/24-008749-003/2024(H5N1)	799	2193
PB2|PP755596.1|A/cattle/Texas/24-008749-003/2024(H5N1)	800	2213
PB2|PP755596.1|A/cattle/Texas/24-008749-003/2024(H5N1)	801	2186
PB2|PP755596.1|A/cattle/Texas/24-008749-003/2024(H5N1)	802	2185
PB2|PP755596.1|A/cattle/Texas/24-008749-003/2024(H5N1)	803	2206
PB2|PP755596.1|A/cattle/Texas/24-008749-003/2024(H5N1)	804	2247
PB2|PP755596.1|A/cattle/Texas/24-008749-003/2024(H5N1)	805	2221
PB2|PP755596.1|A/cattle/Texas/24-008749-003/2024(H5N1)	806	2268
PB2|PP755596.1|A/cattle/Texas/24-008749-003/2024(H5N1)	807	2265
PB2|PP755596.1|A/cattle/Texas/24-008749-003/2024(H5N1)	808	2278
PB2|PP755596.1|A/cattle/Texas/24-008749-003/2024(H5N1)	809	2274
PB2|PP755596.1|A/cattle/Texas/24-008749-003/2024(H5N1)	810	2280
PB2|PP755596.1|A/cattle/Texas/24-008749-003/2024(H5N1)	811	2273
PB2|PP755596.1|A/cattle/Texas/24-008749-003/2024(H5N1)	812	2277
PB2|PP755596.1|A/cattle/Texas/24-008749-003/2024(H5N1)	813	2292
PB2|PP755596.1|A/cattle/Texas/24-008749-003/2024(H5N1)	814	2326
PB2|PP755596.1|A/cattle/Texas/24-008749-003/2024(H5N1)	815	2312
PB2|PP755596.1|A/cattle/Texas/24-008749-003/2024(H5N1)	816	2314
PB2|PP755596.1|A/cattle/Texas/24-008749-003/2024(H5N1)	817	2318
PB2|PP755596.1|A/cattle/Texas/24-008749-003/2024(H5N1)	818	2317
PB2|PP755596.1|A/cattle/Texas/24-008749-003/2024(H5N1)	819	2315
PB2|PP755596.1|A/cattle/Texas/24-008749-003/2024(H5N1)	820	2313
PB2|PP755596.1|A/cattle/Texas/24-008749-003/2024(H5N1)	821	2308
PB2|PP755596.1|A/cattle/Texas/24-008749-003/2024(H5N1)	822	2225
PB2|PP755596.1|A/cattle/Texas/24-008749-003/2024(H5N1)	823	2218
PB2|PP755596.1|A/cattle/Texas/24-008749-003/2024(H5N1)	824	2261
PB2|PP755596.1|A/cattle/Texas/24-008749-003/2024(H5N1)	825	2308
PB2|PP755596.1|A/cattle/Texas/24-008749-003/2024(H5N1)	826	2298
PB2|PP755596.1|A/cattle/Texas/24-008749-003/2024(H5N1)	827	2234
PB2|PP755596.1|A/cattle/Texas/24-008749-003/2024(H5N1)	828	2241
PB2|PP755596.1|A/cattle/Texas/24-008749-003/2024(H5N1)	829	2267
PB2|PP755596.1|A/cattle/Texas/24-008749-003/2024(H5N1)	830	2228
PB2|PP755596.1|A/cattle/Texas/24-008749-003/2024(H5N1)	831	2226
PB2|PP755596.1|A/cattle/Texas/24-008749-003/2024(H5N1)	832	2218
PB2|PP755596.1|A/cattle/Texas/24-008749-003/2024(H5N1)	833	2141
PB2|PP755596.1|A/cattle/Texas/24-008749-003/2024(H5N1)	834	2083
PB2|PP755596.1|A/cattle/Texas/24-008749-003/2024(H5N1)	835	2077
PB2|PP755596.1|A/cattle/Texas/24-008749-003/2024(H5N1)	836	2069
PB2|PP755596.1|A/cattle/Texas/24-008749-003/2024(H5N1)	837	2062
PB2|PP755596.1|A/cattle/Texas/24-008749-003/2024(H5N1)	838	2206
PB2|PP755596.1|A/cattle/Texas/24-008749-003/2024(H5N1)	839	2201
PB2|PP755596.1|A/cattle/Texas/24-008749-003/2024(H5N1)	840	2215
PB2|PP755596.1|A/cattle/Texas/24-008749-003/2024(H5N1)	841	2219
PB2|PP755596.1|A/cattle/Texas/24-008749-003/2024(H5N1)	842	2192
PB2|PP755596.1|A/cattle/Texas/24-008749-003/2024(H5N1)	843	2194
PB2|PP755596.1|A/cattle/Texas/24-008749-003/2024(H5N1)	844	2191
PB2|PP755596.1|A/cattle/Texas/24-008749-003/2024(H5N1)	845	2178
PB2|PP755596.1|A/cattle/Texas/24-008749-003/2024(H5N1)	846	2182
PB2|PP755596.1|A/cattle/Texas/24-008749-003/2024(H5N1)	847	2063
PB2|PP755596.1|A/cattle/Texas/24-008749-003/2024(H5N1)	848	2044
PB2|PP755596.1|A/cattle/Texas/24-008749-003/2024(H5N1)	849	2065
PB2|PP755596.1|A/cattle/Texas/24-008749-003/2024(H5N1)	850	2065
PB2|PP755596.1|A/cattle/Texas/24-008749-003/2024(H5N1)	851	2068
PB2|PP755596.1|A/cattle/Texas/24-008749-003/2024(H5N1)	852	2074
PB2|PP755596.1|A/cattle/Texas/24-008749-003/2024(H5N1)	853	2093
PB2|PP755596.1|A/cattle/Texas/24-008749-003/2024(H5N1)	854	2087
PB2|PP755596.1|A/cattle/Texas/24-008749-003/2024(H5N1)	855	2081
PB2|PP755596.1|A/cattle/Texas/24-008749-003/2024(H5N1)	856	2065
PB2|PP755596.1|A/cattle/Texas/24-008749-003/2024(H5N1)	857	2081
PB2|PP755596.1|A/cattle/Texas/24-008749-003/2024(H5N1)	858	2041
PB2|PP755596.1|A/cattle/Texas/24-008749-003/2024(H5N1)	859	2038
PB2|PP755596.1|A/cattle/Texas/24-008749-003/2024(H5N1)	860	2027
PB2|PP755596.1|A/cattle/Texas/24-008749-003/2024(H5N1)	861	2018
PB2|PP755596.1|A/cattle/Texas/24-008749-003/2024(H5N1)	862	2041
PB2|PP755596.1|A/cattle/Texas/24-008749-003/2024(H5N1)	863	2041
PB2|PP755596.1|A/cattle/Texas/24-008749-003/2024(H5N1)	864	2056
PB2|PP755596.1|A/cattle/Texas/24-008749-003/2024(H5N1)	865	2055
PB2|PP755596.1|A/cattle/Texas/24-008749-003/2024(H5N1)	866	2028
PB2|PP755596.1|A/cattle/Texas/24-008749-003/2024(H5N1)	867	2028
PB2|PP755596.1|A/cattle/Texas/24-008749-003/2024(H5N1)	868	2027
PB2|PP755596.1|A/cattle/Texas/24-008749-003/2024(H5N1)	869	2022
PB2|PP755596.1|A/cattle/Texas/24-008749-003/2024(H5N1)	870	2021
PB2|PP755596.1|A/cattle/Texas/24-008749-003/2024(H5N1)	871	2022
PB2|PP755596.1|A/cattle/Texas/24-008749-003/2024(H5N1)	872	2080
PB2|PP755596.1|A/cattle/Texas/24-008749-003/2024(H5N1)	873	2054
PB2|PP755596.1|A/cattle/Texas/24-008749-003/2024(H5N1)	874	2058
PB2|PP755596.1|A/cattle/Texas/24-008749-003/2024(H5N1)	875	2047
PB2|PP755596.1|A/cattle/Texas/24-008749-003/2024(H5N1)	876	2052
PB2|PP755596.1|A/cattle/Texas/24-008749-003/2024(H5N1)	877	1974
PB2|PP755596.1|A/cattle/Texas/24-008749-003/2024(H5N1)	878	1993
PB2|PP755596.1|A/cattle/Texas/24-008749-003/2024(H5N1)	879	2008
PB2|PP755596.1|A/cattle/Texas/24-008749-003/2024(H5N1)	880	2004
PB2|PP755596.1|A/cattle/Texas/24-008749-003/2024(H5N1)	881	1965
PB2|PP755596.1|A/cattle/Texas/24-008749-003/2024(H5N1)	882	1974
PB2|PP755596.1|A/cattle/Texas/24-008749-003/2024(H5N1)	883	2008
PB2|PP755596.1|A/cattle/Texas/24-008749-003/2024(H5N1)	884	2012
PB2|PP755596.1|A/cattle/Texas/24-008749-003/2024(H5N1)	885	1976
PB2|PP755596.1|A/cattle/Texas/24-008749-003/2024(H5N1)	886	1976
PB2|PP755596.1|A/cattle/Texas/24-008749-003/2024(H5N1)	887	1956
PB2|PP755596.1|A/cattle/Texas/24-008749-003/2024(H5N1)	888	1963
PB2|PP755596.1|A/cattle/Texas/24-008749-003/2024(H5N1)	889	1953
PB2|PP755596.1|A/cattle/Texas/24-008749-003/2024(H5N1)	890	1980
PB2|PP755596.1|A/cattle/Texas/24-008749-003/2024(H5N1)	891	1943
PB2|PP755596.1|A/cattle/Texas/24-008749-003/2024(H5N1)	892	1941
PB2|PP755596.1|A/cattle/Texas/24-008749-003/2024(H5N1)	893	1936
PB2|PP755596.1|A/cattle/Texas/24-008749-003/2024(H5N1)	894	1936
PB2|PP755596.1|A/cattle/Texas/24-008749-003/2024(H5N1)	895	1935
PB2|PP755596.1|A/cattle/Texas/24-008749-003/2024(H5N1)	896	1925
PB2|PP755596.1|A/cattle/Texas/24-008749-003/2024(H5N1)	897	1933
PB2|PP755596.1|A/cattle/Texas/24-008749-003/2024(H5N1)	898	1919
PB2|PP755596.1|A/cattle/Texas/24-008749-003/2024(H5N1)	899	1912
PB2|PP755596.1|A/cattle/Texas/24-008749-003/2024(H5N1)	900	1915
PB2|PP755596.1|A/cattle/Texas/24-008749-003/2024(H5N1)	901	1919
PB2|PP755596.1|A/cattle/Texas/24-008749-003/2024(H5N1)	902	1961
PB2|PP755596.1|A/cattle/Texas/24-008749-003/2024(H5N1)	903	1964
PB2|PP755596.1|A/cattle/Texas/24-008749-003/2024(H5N1)	904	1964
PB2|PP755596.1|A/cattle/Texas/24-008749-003/2024(H5N1)	905	1966
PB2|PP755596.1|A/cattle/Texas/24-008749-003/2024(H5N1)	906	1963
PB2|PP755596.1|A/cattle/Texas/24-008749-003/2024(H5N1)	907	1947
PB2|PP755596.1|A/cattle/Texas/24-008749-003/2024(H5N1)	908	1954
PB2|PP755596.1|A/cattle/Texas/24-008749-003/2024(H5N1)	909	1934
PB2|PP755596.1|A/cattle/Texas/24-008749-003/2024(H5N1)	910	1953
PB2|PP755596.1|A/cattle/Texas/24-008749-003/2024(H5N1)	911	1922
PB2|PP755596.1|A/cattle/Texas/24-008749-003/2024(H5N1)	912	1892
PB2|PP755596.1|A/cattle/Texas/24-008749-003/2024(H5N1)	913	1902
PB2|PP755596.1|A/cattle/Texas/24-008749-003/2024(H5N1)	914	1909
PB2|PP755596.1|A/cattle/Texas/24-008749-003/2024(H5N1)	915	1909
PB2|PP755596.1|A/cattle/Texas/24-008749-003/2024(H5N1)	916	1932
PB2|PP755596.1|A/cattle/Texas/24-008749-003/2024(H5N1)	917	1924
PB2|PP755596.1|A/cattle/Texas/24-008749-003/2024(H5N1)	918	1927
PB2|PP755596.1|A/cattle/Texas/24-008749-003/2024(H5N1)	919	1990
PB2|PP755596.1|A/cattle/Texas/24-008749-003/2024(H5N1)	920	2003
PB2|PP755596.1|A/cattle/Texas/24-008749-003/2024(H5N1)	921	1970
PB2|PP755596.1|A/cattle/Texas/24-008749-003/2024(H5N1)	922	1970
PB2|PP755596.1|A/cattle/Texas/24-008749-003/2024(H5N1)	923	1971
PB2|PP755596.1|A/cattle/Texas/24-008749-003/2024(H5N1)	924	1965
PB2|PP755596.1|A/cattle/Texas/24-008749-003/2024(H5N1)	925	2111
PB2|PP755596.1|A/cattle/Texas/24-008749-003/2024(H5N1)	926	2137
PB2|PP755596.1|A/cattle/Texas/24-008749-003/2024(H5N1)	927	2220
PB2|PP755596.1|A/cattle/Texas/24-008749-003/2024(H5N1)	928	2135
PB2|PP755596.1|A/cattle/Texas/24-008749-003/2024(H5N1)	929	2137
PB2|PP755596.1|A/cattle/Texas/24-008749-003/2024(H5N1)	930	2172
PB2|PP755596.1|A/cattle/Texas/24-008749-003/2024(H5N1)	931	2163
PB2|PP755596.1|A/cattle/Texas/24-008749-003/2024(H5N1)	932	2163
PB2|PP755596.1|A/cattle/Texas/24-008749-003/2024(H5N1)	933	2166
PB2|PP755596.1|A/cattle/Texas/24-008749-003/2024(H5N1)	934	2153
PB2|PP755596.1|A/cattle/Texas/24-008749-003/2024(H5N1)	935	2151
PB2|PP755596.1|A/cattle/Texas/24-008749-003/2024(H5N1)	936	2106
PB2|PP755596.1|A/cattle/Texas/24-008749-003/2024(H5N1)	937	2128
PB2|PP755596.1|A/cattle/Texas/24-008749-003/2024(H5N1)	938	2059
PB2|PP755596.1|A/cattle/Texas/24-008749-003/2024(H5N1)	939	2018
PB2|PP755596.1|A/cattle/Texas/24-008749-003/2024(H5N1)	940	2038
PB2|PP755596.1|A/cattle/Texas/24-008749-003/2024(H5N1)	941	2039
PB2|PP755596.1|A/cattle/Texas/24-008749-003/2024(H5N1)	942	2047
PB2|PP755596.1|A/cattle/Texas/24-008749-003/2024(H5N1)	943	2028
PB2|PP755596.1|A/cattle/Texas/24-008749-003/2024(H5N1)	944	2022
PB2|PP755596.1|A/cattle/Texas/24-008749-003/2024(H5N1)	945	2032
PB2|PP755596.1|A/cattle/Texas/24-008749-003/2024(H5N1)	946	2053
PB2|PP755596.1|A/cattle/Texas/24-008749-003/2024(H5N1)	947	2050
PB2|PP755596.1|A/cattle/Texas/24-008749-003/2024(H5N1)	948	2036
PB2|PP755596.1|A/cattle/Texas/24-008749-003/2024(H5N1)	949	2010
PB2|PP755596.1|A/cattle/Texas/24-008749-003/2024(H5N1)	950	2008
PB2|PP755596.1|A/cattle/Texas/24-008749-003/2024(H5N1)	951	2011
PB2|PP755596.1|A/cattle/Texas/24-008749-003/2024(H5N1)	952	2010
PB2|PP755596.1|A/cattle/Texas/24-008749-003/2024(H5N1)	953	2084
PB2|PP755596.1|A/cattle/Texas/24-008749-003/2024(H5N1)	954	2106
PB2|PP755596.1|A/cattle/Texas/24-008749-003/2024(H5N1)	955	2063
PB2|PP755596.1|A/cattle/Texas/24-008749-003/2024(H5N1)	956	2053
PB2|PP755596.1|A/cattle/Texas/24-008749-003/2024(H5N1)	957	2021
PB2|PP755596.1|A/cattle/Texas/24-008749-003/2024(H5N1)	958	2023
PB2|PP755596.1|A/cattle/Texas/24-008749-003/2024(H5N1)	959	2028
PB2|PP755596.1|A/cattle/Texas/24-008749-003/2024(H5N1)	960	2041
PB2|PP755596.1|A/cattle/Texas/24-008749-003/2024(H5N1)	961	2041
PB2|PP755596.1|A/cattle/Texas/24-008749-003/2024(H5N1)	962	1993
PB2|PP755596.1|A/cattle/Texas/24-008749-003/2024(H5N1)	963	1960
PB2|PP755596.1|A/cattle/Texas/24-008749-003/2024(H5N1)	964	1986
PB2|PP755596.1|A/cattle/Texas/24-008749-003/2024(H5N1)	965	1969
PB2|PP755596.1|A/cattle/Texas/24-008749-003/2024(H5N1)	966	1972
PB2|PP755596.1|A/cattle/Texas/24-008749-003/2024(H5N1)	967	1970
PB2|PP755596.1|A/cattle/Texas/24-008749-003/2024(H5N1)	968	1965
PB2|PP755596.1|A/cattle/Texas/24-008749-003/2024(H5N1)	969	1952
PB2|PP755596.1|A/cattle/Texas/24-008749-003/2024(H5N1)	970	1951
PB2|PP755596.1|A/cattle/Texas/24-008749-003/2024(H5N1)	971	1979
PB2|PP755596.1|A/cattle/Texas/24-008749-003/2024(H5N1)	972	1987
PB2|PP755596.1|A/cattle/Texas/24-008749-003/2024(H5N1)	973	1929
PB2|PP755596.1|A/cattle/Texas/24-008749-003/2024(H5N1)	974	1927
PB2|PP755596.1|A/cattle/Texas/24-008749-003/2024(H5N1)	975	1980
PB2|PP755596.1|A/cattle/Texas/24-008749-003/2024(H5N1)	976	1947
PB2|PP755596.1|A/cattle/Texas/24-008749-003/2024(H5N1)	977	1955
PB2|PP755596.1|A/cattle/Texas/24-008749-003/2024(H5N1)	978	1951
PB2|PP755596.1|A/cattle/Texas/24-008749-003/2024(H5N1)	979	1949
PB2|PP755596.1|A/cattle/Texas/24-008749-003/2024(H5N1)	980	1910
PB2|PP755596.1|A/cattle/Texas/24-008749-003/2024(H5N1)	981	1916
PB2|PP755596.1|A/cattle/Texas/24-008749-003/2024(H5N1)	982	1914
PB2|PP755596.1|A/cattle/Texas/24-008749-003/2024(H5N1)	983	1911
PB2|PP755596.1|A/cattle/Texas/24-008749-003/2024(H5N1)	984	1909
PB2|PP755596.1|A/cattle/Texas/24-008749-003/2024(H5N1)	985	1901
PB2|PP755596.1|A/cattle/Texas/24-008749-003/2024(H5N1)	986	1896
PB2|PP755596.1|A/cattle/Texas/24-008749-003/2024(H5N1)	987	1901
PB2|PP755596.1|A/cattle/Texas/24-008749-003/2024(H5N1)	988	1896
PB2|PP755596.1|A/cattle/Texas/24-008749-003/2024(H5N1)	989	1783
PB2|PP755596.1|A/cattle/Texas/24-008749-003/2024(H5N1)	990	1781
PB2|PP755596.1|A/cattle/Texas/24-008749-003/2024(H5N1)	991	1845
PB2|PP755596.1|A/cattle/Texas/24-008749-003/2024(H5N1)	992	1843
PB2|PP755596.1|A/cattle/Texas/24-008749-003/2024(H5N1)	993	1843
PB2|PP755596.1|A/cattle/Texas/24-008749-003/2024(H5N1)	994	1839
PB2|PP755596.1|A/cattle/Texas/24-008749-003/2024(H5N1)	995	1869
PB2|PP755596.1|A/cattle/Texas/24-008749-003/2024(H5N1)	996	1866
PB2|PP755596.1|A/cattle/Texas/24-008749-003/2024(H5N1)	997	1879
PB2|PP755596.1|A/cattle/Texas/24-008749-003/2024(H5N1)	998	1905
PB2|PP755596.1|A/cattle/Texas/24-008749-003/2024(H5N1)	999	1908
PB2|PP755596.1|A/cattle/Texas/24-008749-003/2024(H5N1)	1000	1866
PB2|PP755596.1|A/cattle/Texas/24-008749-003/2024(H5N1)	1001	1867
PB2|PP755596.1|A/cattle/Texas/24-008749-003/2024(H5N1)	1002	1884
PB2|PP755596.1|A/cattle/Texas/24-008749-003/2024(H5N1)	1003	1874
PB2|PP755596.1|A/cattle/Texas/24-008749-003/2024(H5N1)	1004	1859
PB2|PP755596.1|A/cattle/Texas/24-008749-003/2024(H5N1)	1005	1858
PB2|PP755596.1|A/cattle/Texas/24-008749-003/2024(H5N1)	1006	1910
PB2|PP755596.1|A/cattle/Texas/24-008749-003/2024(H5N1)	1007	1879
PB2|PP755596.1|A/cattle/Texas/24-008749-003/2024(H5N1)	1008	1880
PB2|PP755596.1|A/cattle/Texas/24-008749-003/2024(H5N1)	1009	1878
PB2|PP755596.1|A/cattle/Texas/24-008749-003/2024(H5N1)	1010	1878
PB2|PP755596.1|A/cattle/Texas/24-008749-003/2024(H5N1)	1011	1876
PB2|PP755596.1|A/cattle/Texas/24-008749-003/2024(H5N1)	1012	1930
PB2|PP755596.1|A/cattle/Texas/24-008749-003/2024(H5N1)	1013	1924
PB2|PP755596.1|A/cattle/Texas/24-008749-003/2024(H5N1)	1014	1904
PB2|PP755596.1|A/cattle/Texas/24-008749-003/2024(H5N1)	1015	1904
PB2|PP755596.1|A/cattle/Texas/24-008749-003/2024(H5N1)	1016	1909
PB2|PP755596.1|A/cattle/Texas/24-008749-003/2024(H5N1)	1017	1909
PB2|PP755596.1|A/cattle/Texas/24-008749-003/2024(H5N1)	1018	1904
PB2|PP755596.1|A/cattle/Texas/24-008749-003/2024(H5N1)	1019	1921
PB2|PP755596.1|A/cattle/Texas/24-008749-003/2024(H5N1)	1020	1940
PB2|PP755596.1|A/cattle/Texas/24-008749-003/2024(H5N1)	1021	1921
PB2|PP755596.1|A/cattle/Texas/24-008749-003/2024(H5N1)	1022	1910
PB2|PP755596.1|A/cattle/Texas/24-008749-003/2024(H5N1)	1023	1873
PB2|PP755596.1|A/cattle/Texas/24-008749-003/2024(H5N1)	1024	1890
PB2|PP755596.1|A/cattle/Texas/24-008749-003/2024(H5N1)	1025	1914
PB2|PP755596.1|A/cattle/Texas/24-008749-003/2024(H5N1)	1026	1910
PB2|PP755596.1|A/cattle/Texas/24-008749-003/2024(H5N1)	1027	1910
PB2|PP755596.1|A/cattle/Texas/24-008749-003/2024(H5N1)	1028	1897
PB2|PP755596.1|A/cattle/Texas/24-008749-003/2024(H5N1)	1029	1864
PB2|PP755596.1|A/cattle/Texas/24-008749-003/2024(H5N1)	1030	1873
PB2|PP755596.1|A/cattle/Texas/24-008749-003/2024(H5N1)	1031	1862
PB2|PP755596.1|A/cattle/Texas/24-008749-003/2024(H5N1)	1032	1895
PB2|PP755596.1|A/cattle/Texas/24-008749-003/2024(H5N1)	1033	1856
PB2|PP755596.1|A/cattle/Texas/24-008749-003/2024(H5N1)	1034	1874
PB2|PP755596.1|A/cattle/Texas/24-008749-003/2024(H5N1)	1035	1877
PB2|PP755596.1|A/cattle/Texas/24-008749-003/2024(H5N1)	1036	1873
PB2|PP755596.1|A/cattle/Texas/24-008749-003/2024(H5N1)	1037	1878
PB2|PP755596.1|A/cattle/Texas/24-008749-003/2024(H5N1)	1038	1878
PB2|PP755596.1|A/cattle/Texas/24-008749-003/2024(H5N1)	1039	1868
PB2|PP755596.1|A/cattle/Texas/24-008749-003/2024(H5N1)	1040	1868
PB2|PP755596.1|A/cattle/Texas/24-008749-003/2024(H5N1)	1041	1836
PB2|PP755596.1|A/cattle/Texas/24-008749-003/2024(H5N1)	1042	1832
PB2|PP755596.1|A/cattle/Texas/24-008749-003/2024(H5N1)	1043	1845
PB2|PP755596.1|A/cattle/Texas/24-008749-003/2024(H5N1)	1044	1872
PB2|PP755596.1|A/cattle/Texas/24-008749-003/2024(H5N1)	1045	1882
PB2|PP755596.1|A/cattle/Texas/24-008749-003/2024(H5N1)	1046	1878
PB2|PP755596.1|A/cattle/Texas/24-008749-003/2024(H5N1)	1047	1878
PB2|PP755596.1|A/cattle/Texas/24-008749-003/2024(H5N1)	1048	1895
PB2|PP755596.1|A/cattle/Texas/24-008749-003/2024(H5N1)	1049	1896
PB2|PP755596.1|A/cattle/Texas/24-008749-003/2024(H5N1)	1050	1898
PB2|PP755596.1|A/cattle/Texas/24-008749-003/2024(H5N1)	1051	1895
PB2|PP755596.1|A/cattle/Texas/24-008749-003/2024(H5N1)	1052	1885
PB2|PP755596.1|A/cattle/Texas/24-008749-003/2024(H5N1)	1053	1864
PB2|PP755596.1|A/cattle/Texas/24-008749-003/2024(H5N1)	1054	1860
PB2|PP755596.1|A/cattle/Texas/24-008749-003/2024(H5N1)	1055	1856
PB2|PP755596.1|A/cattle/Texas/24-008749-003/2024(H5N1)	1056	1865
PB2|PP755596.1|A/cattle/Texas/24-008749-003/2024(H5N1)	1057	1866
PB2|PP755596.1|A/cattle/Texas/24-008749-003/2024(H5N1)	1058	1912
PB2|PP755596.1|A/cattle/Texas/24-008749-003/2024(H5N1)	1059	1903
PB2|PP755596.1|A/cattle/Texas/24-008749-003/2024(H5N1)	1060	1906
PB2|PP755596.1|A/cattle/Texas/24-008749-003/2024(H5N1)	1061	1883
PB2|PP755596.1|A/cattle/Texas/24-008749-003/2024(H5N1)	1062	1891
PB2|PP755596.1|A/cattle/Texas/24-008749-003/2024(H5N1)	1063	1868
PB2|PP755596.1|A/cattle/Texas/24-008749-003/2024(H5N1)	1064	1864
PB2|PP755596.1|A/cattle/Texas/24-008749-003/2024(H5N1)	1065	1852
PB2|PP755596.1|A/cattle/Texas/24-008749-003/2024(H5N1)	1066	1913
PB2|PP755596.1|A/cattle/Texas/24-008749-003/2024(H5N1)	1067	1884
PB2|PP755596.1|A/cattle/Texas/24-008749-003/2024(H5N1)	1068	1902
PB2|PP755596.1|A/cattle/Texas/24-008749-003/2024(H5N1)	1069	1899
PB2|PP755596.1|A/cattle/Texas/24-008749-003/2024(H5N1)	1070	1897
PB2|PP755596.1|A/cattle/Texas/24-008749-003/2024(H5N1)	1071	1890
PB2|PP755596.1|A/cattle/Texas/24-008749-003/2024(H5N1)	1072	1890
PB2|PP755596.1|A/cattle/Texas/24-008749-003/2024(H5N1)	1073	1908
PB2|PP755596.1|A/cattle/Texas/24-008749-003/2024(H5N1)	1074	1926
PB2|PP755596.1|A/cattle/Texas/24-008749-003/2024(H5N1)	1075	1872
PB2|PP755596.1|A/cattle/Texas/24-008749-003/2024(H5N1)	1076	1882
PB2|PP755596.1|A/cattle/Texas/24-008749-003/2024(H5N1)	1077	1877
PB2|PP755596.1|A/cattle/Texas/24-008749-003/2024(H5N1)	1078	1786
PB2|PP755596.1|A/cattle/Texas/24-008749-003/2024(H5N1)	1079	1805
PB2|PP755596.1|A/cattle/Texas/24-008749-003/2024(H5N1)	1080	1800
PB2|PP755596.1|A/cattle/Texas/24-008749-003/2024(H5N1)	1081	1787
PB2|PP755596.1|A/cattle/Texas/24-008749-003/2024(H5N1)	1082	1786
PB2|PP755596.1|A/cattle/Texas/24-008749-003/2024(H5N1)	1083	1774
PB2|PP755596.1|A/cattle/Texas/24-008749-003/2024(H5N1)	1084	1773
PB2|PP755596.1|A/cattle/Texas/24-008749-003/2024(H5N1)	1085	1620
PB2|PP755596.1|A/cattle/Texas/24-008749-003/2024(H5N1)	1086	1611
PB2|PP755596.1|A/cattle/Texas/24-008749-003/2024(H5N1)	1087	1655
PB2|PP755596.1|A/cattle/Texas/24-008749-003/2024(H5N1)	1088	1719
PB2|PP755596.1|A/cattle/Texas/24-008749-003/2024(H5N1)	1089	1727
PB2|PP755596.1|A/cattle/Texas/24-008749-003/2024(H5N1)	1090	1728
PB2|PP755596.1|A/cattle/Texas/24-008749-003/2024(H5N1)	1091	1725
PB2|PP755596.1|A/cattle/Texas/24-008749-003/2024(H5N1)	1092	1722
PB2|PP755596.1|A/cattle/Texas/24-008749-003/2024(H5N1)	1093	1714
PB2|PP755596.1|A/cattle/Texas/24-008749-003/2024(H5N1)	1094	1714
PB2|PP755596.1|A/cattle/Texas/24-008749-003/2024(H5N1)	1095	1736
PB2|PP755596.1|A/cattle/Texas/24-008749-003/2024(H5N1)	1096	1758
PB2|PP755596.1|A/cattle/Texas/24-008749-003/2024(H5N1)	1097	1740
PB2|PP755596.1|A/cattle/Texas/24-008749-003/2024(H5N1)	1098	1753
PB2|PP755596.1|A/cattle/Texas/24-008749-003/2024(H5N1)	1099	1751
PB2|PP755596.1|A/cattle/Texas/24-008749-003/2024(H5N1)	1100	1764
PB2|PP755596.1|A/cattle/Texas/24-008749-003/2024(H5N1)	1101	1768
PB2|PP755596.1|A/cattle/Texas/24-008749-003/2024(H5N1)	1102	1765
PB2|PP755596.1|A/cattle/Texas/24-008749-003/2024(H5N1)	1103	1781
PB2|PP755596.1|A/cattle/Texas/24-008749-003/2024(H5N1)	1104	1719
PB2|PP755596.1|A/cattle/Texas/24-008749-003/2024(H5N1)	1105	1684
PB2|PP755596.1|A/cattle/Texas/24-008749-003/2024(H5N1)	1106	1699
PB2|PP755596.1|A/cattle/Texas/24-008749-003/2024(H5N1)	1107	1696
PB2|PP755596.1|A/cattle/Texas/24-008749-003/2024(H5N1)	1108	1699
PB2|PP755596.1|A/cattle/Texas/24-008749-003/2024(H5N1)	1109	1705
PB2|PP755596.1|A/cattle/Texas/24-008749-003/2024(H5N1)	1110	1701
PB2|PP755596.1|A/cattle/Texas/24-008749-003/2024(H5N1)	1111	1702
PB2|PP755596.1|A/cattle/Texas/24-008749-003/2024(H5N1)	1112	1709
PB2|PP755596.1|A/cattle/Texas/24-008749-003/2024(H5N1)	1113	1713
PB2|PP755596.1|A/cattle/Texas/24-008749-003/2024(H5N1)	1114	1719
PB2|PP755596.1|A/cattle/Texas/24-008749-003/2024(H5N1)	1115	1681
PB2|PP755596.1|A/cattle/Texas/24-008749-003/2024(H5N1)	1116	1680
PB2|PP755596.1|A/cattle/Texas/24-008749-003/2024(H5N1)	1117	1734
PB2|PP755596.1|A/cattle/Texas/24-008749-003/2024(H5N1)	1118	1740
PB2|PP755596.1|A/cattle/Texas/24-008749-003/2024(H5N1)	1119	1741
PB2|PP755596.1|A/cattle/Texas/24-008749-003/2024(H5N1)	1120	1716
PB2|PP755596.1|A/cattle/Texas/24-008749-003/2024(H5N1)	1121	1711
PB2|PP755596.1|A/cattle/Texas/24-008749-003/2024(H5N1)	1122	1715
PB2|PP755596.1|A/cattle/Texas/24-008749-003/2024(H5N1)	1123	1715
PB2|PP755596.1|A/cattle/Texas/24-008749-003/2024(H5N1)	1124	1715
PB2|PP755596.1|A/cattle/Texas/24-008749-003/2024(H5N1)	1125	1717
PB2|PP755596.1|A/cattle/Texas/24-008749-003/2024(H5N1)	1126	1681
PB2|PP755596.1|A/cattle/Texas/24-008749-003/2024(H5N1)	1127	1674
PB2|PP755596.1|A/cattle/Texas/24-008749-003/2024(H5N1)	1128	1671
PB2|PP755596.1|A/cattle/Texas/24-008749-003/2024(H5N1)	1129	1678
PB2|PP755596.1|A/cattle/Texas/24-008749-003/2024(H5N1)	1130	1677
PB2|PP755596.1|A/cattle/Texas/24-008749-003/2024(H5N1)	1131	1667
PB2|PP755596.1|A/cattle/Texas/24-008749-003/2024(H5N1)	1132	1695
PB2|PP755596.1|A/cattle/Texas/24-008749-003/2024(H5N1)	1133	1782
PB2|PP755596.1|A/cattle/Texas/24-008749-003/2024(H5N1)	1134	1781
PB2|PP755596.1|A/cattle/Texas/24-008749-003/2024(H5N1)	1135	1779
PB2|PP755596.1|A/cattle/Texas/24-008749-003/2024(H5N1)	1136	1778
PB2|PP755596.1|A/cattle/Texas/24-008749-003/2024(H5N1)	1137	1768
PB2|PP755596.1|A/cattle/Texas/24-008749-003/2024(H5N1)	1138	1761
PB2|PP755596.1|A/cattle/Texas/24-008749-003/2024(H5N1)	1139	1777
PB2|PP755596.1|A/cattle/Texas/24-008749-003/2024(H5N1)	1140	1816
PB2|PP755596.1|A/cattle/Texas/24-008749-003/2024(H5N1)	1141	1815
PB2|PP755596.1|A/cattle/Texas/24-008749-003/2024(H5N1)	1142	1730
PB2|PP755596.1|A/cattle/Texas/24-008749-003/2024(H5N1)	1143	1743
PB2|PP755596.1|A/cattle/Texas/24-008749-003/2024(H5N1)	1144	1784
PB2|PP755596.1|A/cattle/Texas/24-008749-003/2024(H5N1)	1145	1783
PB2|PP755596.1|A/cattle/Texas/24-008749-003/2024(H5N1)	1146	1761
PB2|PP755596.1|A/cattle/Texas/24-008749-003/2024(H5N1)	1147	1759
PB2|PP755596.1|A/cattle/Texas/24-008749-003/2024(H5N1)	1148	1820
PB2|PP755596.1|A/cattle/Texas/24-008749-003/2024(H5N1)	1149	1820
PB2|PP755596.1|A/cattle/Texas/24-008749-003/2024(H5N1)	1150	1830
PB2|PP755596.1|A/cattle/Texas/24-008749-003/2024(H5N1)	1151	1845
PB2|PP755596.1|A/cattle/Texas/24-008749-003/2024(H5N1)	1152	1838
PB2|PP755596.1|A/cattle/Texas/24-008749-003/2024(H5N1)	1153	1845
PB2|PP755596.1|A/cattle/Texas/24-008749-003/2024(H5N1)	1154	1845
PB2|PP755596.1|A/cattle/Texas/24-008749-003/2024(H5N1)	1155	1832
PB2|PP755596.1|A/cattle/Texas/24-008749-003/2024(H5N1)	1156	1842
PB2|PP755596.1|A/cattle/Texas/24-008749-003/2024(H5N1)	1157	1811
PB2|PP755596.1|A/cattle/Texas/24-008749-003/2024(H5N1)	1158	1810
PB2|PP755596.1|A/cattle/Texas/24-008749-003/2024(H5N1)	1159	1809
PB2|PP755596.1|A/cattle/Texas/24-008749-003/2024(H5N1)	1160	1846
PB2|PP755596.1|A/cattle/Texas/24-008749-003/2024(H5N1)	1161	1882
PB2|PP755596.1|A/cattle/Texas/24-008749-003/2024(H5N1)	1162	1861
PB2|PP755596.1|A/cattle/Texas/24-008749-003/2024(H5N1)	1163	1818
PB2|PP755596.1|A/cattle/Texas/24-008749-003/2024(H5N1)	1164	1812
PB2|PP755596.1|A/cattle/Texas/24-008749-003/2024(H5N1)	1165	1809
PB2|PP755596.1|A/cattle/Texas/24-008749-003/2024(H5N1)	1166	1830
PB2|PP755596.1|A/cattle/Texas/24-008749-003/2024(H5N1)	1167	1832
PB2|PP755596.1|A/cattle/Texas/24-008749-003/2024(H5N1)	1168	1841
PB2|PP755596.1|A/cattle/Texas/24-008749-003/2024(H5N1)	1169	1850
PB2|PP755596.1|A/cattle/Texas/24-008749-003/2024(H5N1)	1170	1875
PB2|PP755596.1|A/cattle/Texas/24-008749-003/2024(H5N1)	1171	1879
PB2|PP755596.1|A/cattle/Texas/24-008749-003/2024(H5N1)	1172	1880
PB2|PP755596.1|A/cattle/Texas/24-008749-003/2024(H5N1)	1173	1878
PB2|PP755596.1|A/cattle/Texas/24-008749-003/2024(H5N1)	1174	1867
PB2|PP755596.1|A/cattle/Texas/24-008749-003/2024(H5N1)	1175	1838
PB2|PP755596.1|A/cattle/Texas/24-008749-003/2024(H5N1)	1176	1873
PB2|PP755596.1|A/cattle/Texas/24-008749-003/2024(H5N1)	1177	1865
PB2|PP755596.1|A/cattle/Texas/24-008749-003/2024(H5N1)	1178	1875
PB2|PP755596.1|A/cattle/Texas/24-008749-003/2024(H5N1)	1179	1870
PB2|PP755596.1|A/cattle/Texas/24-008749-003/2024(H5N1)	1180	1878
PB2|PP755596.1|A/cattle/Texas/24-008749-003/2024(H5N1)	1181	1872
PB2|PP755596.1|A/cattle/Texas/24-008749-003/2024(H5N1)	1182	1864
PB2|PP755596.1|A/cattle/Texas/24-008749-003/2024(H5N1)	1183	1847
PB2|PP755596.1|A/cattle/Texas/24-008749-003/2024(H5N1)	1184	1850
PB2|PP755596.1|A/cattle/Texas/24-008749-003/2024(H5N1)	1185	1816
PB2|PP755596.1|A/cattle/Texas/24-008749-003/2024(H5N1)	1186	1816
PB2|PP755596.1|A/cattle/Texas/24-008749-003/2024(H5N1)	1187	1811
PB2|PP755596.1|A/cattle/Texas/24-008749-003/2024(H5N1)	1188	1832
PB2|PP755596.1|A/cattle/Texas/24-008749-003/2024(H5N1)	1189	1835
PB2|PP755596.1|A/cattle/Texas/24-008749-003/2024(H5N1)	1190	1878
PB2|PP755596.1|A/cattle/Texas/24-008749-003/2024(H5N1)	1191	1873
PB2|PP755596.1|A/cattle/Texas/24-008749-003/2024(H5N1)	1192	1874
PB2|PP755596.1|A/cattle/Texas/24-008749-003/2024(H5N1)	1193	1876
PB2|PP755596.1|A/cattle/Texas/24-008749-003/2024(H5N1)	1194	1874
PB2|PP755596.1|A/cattle/Texas/24-008749-003/2024(H5N1)	1195	1873
PB2|PP755596.1|A/cattle/Texas/24-008749-003/2024(H5N1)	1196	1867
PB2|PP755596.1|A/cattle/Texas/24-008749-003/2024(H5N1)	1197	1855
PB2|PP755596.1|A/cattle/Texas/24-008749-003/2024(H5N1)	1198	1855
PB2|PP755596.1|A/cattle/Texas/24-008749-003/2024(H5N1)	1199	1820
PB2|PP755596.1|A/cattle/Texas/24-008749-003/2024(H5N1)	1200	1832
PB2|PP755596.1|A/cattle/Texas/24-008749-003/2024(H5N1)	1201	1842
PB2|PP755596.1|A/cattle/Texas/24-008749-003/2024(H5N1)	1202	1844
PB2|PP755596.1|A/cattle/Texas/24-008749-003/2024(H5N1)	1203	1841
PB2|PP755596.1|A/cattle/Texas/24-008749-003/2024(H5N1)	1204	1856
PB2|PP755596.1|A/cattle/Texas/24-008749-003/2024(H5N1)	1205	1862
PB2|PP755596.1|A/cattle/Texas/24-008749-003/2024(H5N1)	1206	1879
PB2|PP755596.1|A/cattle/Texas/24-008749-003/2024(H5N1)	1207	1886
PB2|PP755596.1|A/cattle/Texas/24-008749-003/2024(H5N1)	1208	1888
PB2|PP755596.1|A/cattle/Texas/24-008749-003/2024(H5N1)	1209	1870
PB2|PP755596.1|A/cattle/Texas/24-008749-003/2024(H5N1)	1210	1863
PB2|PP755596.1|A/cattle/Texas/24-008749-003/2024(H5N1)	1211	1875
PB2|PP755596.1|A/cattle/Texas/24-008749-003/2024(H5N1)	1212	1878
PB2|PP755596.1|A/cattle/Texas/24-008749-003/2024(H5N1)	1213	1858
PB2|PP755596.1|A/cattle/Texas/24-008749-003/2024(H5N1)	1214	1889
PB2|PP755596.1|A/cattle/Texas/24-008749-003/2024(H5N1)	1215	1910
PB2|PP755596.1|A/cattle/Texas/24-008749-003/2024(H5N1)	1216	1909
PB2|PP755596.1|A/cattle/Texas/24-008749-003/2024(H5N1)	1217	1910
PB2|PP755596.1|A/cattle/Texas/24-008749-003/2024(H5N1)	1218	1899
PB2|PP755596.1|A/cattle/Texas/24-008749-003/2024(H5N1)	1219	1884
PB2|PP755596.1|A/cattle/Texas/24-008749-003/2024(H5N1)	1220	1829
PB2|PP755596.1|A/cattle/Texas/24-008749-003/2024(H5N1)	1221	1856
PB2|PP755596.1|A/cattle/Texas/24-008749-003/2024(H5N1)	1222	1859
PB2|PP755596.1|A/cattle/Texas/24-008749-003/2024(H5N1)	1223	1822
PB2|PP755596.1|A/cattle/Texas/24-008749-003/2024(H5N1)	1224	1838
PB2|PP755596.1|A/cattle/Texas/24-008749-003/2024(H5N1)	1225	1797
PB2|PP755596.1|A/cattle/Texas/24-008749-003/2024(H5N1)	1226	1793
PB2|PP755596.1|A/cattle/Texas/24-008749-003/2024(H5N1)	1227	1748
PB2|PP755596.1|A/cattle/Texas/24-008749-003/2024(H5N1)	1228	1743
PB2|PP755596.1|A/cattle/Texas/24-008749-003/2024(H5N1)	1229	1757
PB2|PP755596.1|A/cattle/Texas/24-008749-003/2024(H5N1)	1230	1804
PB2|PP755596.1|A/cattle/Texas/24-008749-003/2024(H5N1)	1231	1812
PB2|PP755596.1|A/cattle/Texas/24-008749-003/2024(H5N1)	1232	1801
PB2|PP755596.1|A/cattle/Texas/24-008749-003/2024(H5N1)	1233	1789
PB2|PP755596.1|A/cattle/Texas/24-008749-003/2024(H5N1)	1234	1790
PB2|PP755596.1|A/cattle/Texas/24-008749-003/2024(H5N1)	1235	1779
PB2|PP755596.1|A/cattle/Texas/24-008749-003/2024(H5N1)	1236	1783
PB2|PP755596.1|A/cattle/Texas/24-008749-003/2024(H5N1)	1237	1781
PB2|PP755596.1|A/cattle/Texas/24-008749-003/2024(H5N1)	1238	1772
PB2|PP755596.1|A/cattle/Texas/24-008749-003/2024(H5N1)	1239	1721
PB2|PP755596.1|A/cattle/Texas/24-008749-003/2024(H5N1)	1240	1760
PB2|PP755596.1|A/cattle/Texas/24-008749-003/2024(H5N1)	1241	1784
PB2|PP755596.1|A/cattle/Texas/24-008749-003/2024(H5N1)	1242	1779
PB2|PP755596.1|A/cattle/Texas/24-008749-003/2024(H5N1)	1243	1785
PB2|PP755596.1|A/cattle/Texas/24-008749-003/2024(H5N1)	1244	1776
PB2|PP755596.1|A/cattle/Texas/24-008749-003/2024(H5N1)	1245	1795
PB2|PP755596.1|A/cattle/Texas/24-008749-003/2024(H5N1)	1246	1777
PB2|PP755596.1|A/cattle/Texas/24-008749-003/2024(H5N1)	1247	1768
PB2|PP755596.1|A/cattle/Texas/24-008749-003/2024(H5N1)	1248	1756
PB2|PP755596.1|A/cattle/Texas/24-008749-003/2024(H5N1)	1249	1748
PB2|PP755596.1|A/cattle/Texas/24-008749-003/2024(H5N1)	1250	1765
PB2|PP755596.1|A/cattle/Texas/24-008749-003/2024(H5N1)	1251	1759
PB2|PP755596.1|A/cattle/Texas/24-008749-003/2024(H5N1)	1252	1747
PB2|PP755596.1|A/cattle/Texas/24-008749-003/2024(H5N1)	1253	1745
PB2|PP755596.1|A/cattle/Texas/24-008749-003/2024(H5N1)	1254	1755
PB2|PP755596.1|A/cattle/Texas/24-008749-003/2024(H5N1)	1255	1770
PB2|PP755596.1|A/cattle/Texas/24-008749-003/2024(H5N1)	1256	1771
PB2|PP755596.1|A/cattle/Texas/24-008749-003/2024(H5N1)	1257	1760
PB2|PP755596.1|A/cattle/Texas/24-008749-003/2024(H5N1)	1258	1745
PB2|PP755596.1|A/cattle/Texas/24-008749-003/2024(H5N1)	1259	1751
PB2|PP755596.1|A/cattle/Texas/24-008749-003/2024(H5N1)	1260	1767
PB2|PP755596.1|A/cattle/Texas/24-008749-003/2024(H5N1)	1261	1767
PB2|PP755596.1|A/cattle/Texas/24-008749-003/2024(H5N1)	1262	1780
PB2|PP755596.1|A/cattle/Texas/24-008749-003/2024(H5N1)	1263	1779
PB2|PP755596.1|A/cattle/Texas/24-008749-003/2024(H5N1)	1264	1773
PB2|PP755596.1|A/cattle/Texas/24-008749-003/2024(H5N1)	1265	1770
PB2|PP755596.1|A/cattle/Texas/24-008749-003/2024(H5N1)	1266	1769
PB2|PP755596.1|A/cattle/Texas/24-008749-003/2024(H5N1)	1267	1760
PB2|PP755596.1|A/cattle/Texas/24-008749-003/2024(H5N1)	1268	1772
PB2|PP755596.1|A/cattle/Texas/24-008749-003/2024(H5N1)	1269	1782
PB2|PP755596.1|A/cattle/Texas/24-008749-003/2024(H5N1)	1270	1793
PB2|PP755596.1|A/cattle/Texas/24-008749-003/2024(H5N1)	1271	1793
PB2|PP755596.1|A/cattle/Texas/24-008749-003/2024(H5N1)	1272	1782
PB2|PP755596.1|A/cattle/Texas/24-008749-003/2024(H5N1)	1273	1789
PB2|PP755596.1|A/cattle/Texas/24-008749-003/2024(H5N1)	1274	1795
PB2|PP755596.1|A/cattle/Texas/24-008749-003/2024(H5N1)	1275	1796
PB2|PP755596.1|A/cattle/Texas/24-008749-003/2024(H5N1)	1276	1798
PB2|PP755596.1|A/cattle/Texas/24-008749-003/2024(H5N1)	1277	1740
PB2|PP755596.1|A/cattle/Texas/24-008749-003/2024(H5N1)	1278	1741
PB2|PP755596.1|A/cattle/Texas/24-008749-003/2024(H5N1)	1279	1798
PB2|PP755596.1|A/cattle/Texas/24-008749-003/2024(H5N1)	1280	1800
PB2|PP755596.1|A/cattle/Texas/24-008749-003/2024(H5N1)	1281	1853
PB2|PP755596.1|A/cattle/Texas/24-008749-003/2024(H5N1)	1282	1785
PB2|PP755596.1|A/cattle/Texas/24-008749-003/2024(H5N1)	1283	1745
PB2|PP755596.1|A/cattle/Texas/24-008749-003/2024(H5N1)	1284	1756
PB2|PP755596.1|A/cattle/Texas/24-008749-003/2024(H5N1)	1285	1758
PB2|PP755596.1|A/cattle/Texas/24-008749-003/2024(H5N1)	1286	1833
PB2|PP755596.1|A/cattle/Texas/24-008749-003/2024(H5N1)	1287	1834
PB2|PP755596.1|A/cattle/Texas/24-008749-003/2024(H5N1)	1288	1983
PB2|PP755596.1|A/cattle/Texas/24-008749-003/2024(H5N1)	1289	1978
PB2|PP755596.1|A/cattle/Texas/24-008749-003/2024(H5N1)	1290	1925
PB2|PP755596.1|A/cattle/Texas/24-008749-003/2024(H5N1)	1291	1931
PB2|PP755596.1|A/cattle/Texas/24-008749-003/2024(H5N1)	1292	1931
PB2|PP755596.1|A/cattle/Texas/24-008749-003/2024(H5N1)	1293	1934
PB2|PP755596.1|A/cattle/Texas/24-008749-003/2024(H5N1)	1294	1950
PB2|PP755596.1|A/cattle/Texas/24-008749-003/2024(H5N1)	1295	1907
PB2|PP755596.1|A/cattle/Texas/24-008749-003/2024(H5N1)	1296	1908
PB2|PP755596.1|A/cattle/Texas/24-008749-003/2024(H5N1)	1297	1904
PB2|PP755596.1|A/cattle/Texas/24-008749-003/2024(H5N1)	1298	1894
PB2|PP755596.1|A/cattle/Texas/24-008749-003/2024(H5N1)	1299	1902
PB2|PP755596.1|A/cattle/Texas/24-008749-003/2024(H5N1)	1300	1896
PB2|PP755596.1|A/cattle/Texas/24-008749-003/2024(H5N1)	1301	1911
PB2|PP755596.1|A/cattle/Texas/24-008749-003/2024(H5N1)	1302	1946
PB2|PP755596.1|A/cattle/Texas/24-008749-003/2024(H5N1)	1303	1930
PB2|PP755596.1|A/cattle/Texas/24-008749-003/2024(H5N1)	1304	1946
PB2|PP755596.1|A/cattle/Texas/24-008749-003/2024(H5N1)	1305	1943
PB2|PP755596.1|A/cattle/Texas/24-008749-003/2024(H5N1)	1306	1946
PB2|PP755596.1|A/cattle/Texas/24-008749-003/2024(H5N1)	1307	1943
PB2|PP755596.1|A/cattle/Texas/24-008749-003/2024(H5N1)	1308	1883
PB2|PP755596.1|A/cattle/Texas/24-008749-003/2024(H5N1)	1309	1893
PB2|PP755596.1|A/cattle/Texas/24-008749-003/2024(H5N1)	1310	1884
PB2|PP755596.1|A/cattle/Texas/24-008749-003/2024(H5N1)	1311	1901
PB2|PP755596.1|A/cattle/Texas/24-008749-003/2024(H5N1)	1312	1902
PB2|PP755596.1|A/cattle/Texas/24-008749-003/2024(H5N1)	1313	1912
PB2|PP755596.1|A/cattle/Texas/24-008749-003/2024(H5N1)	1314	1934
PB2|PP755596.1|A/cattle/Texas/24-008749-003/2024(H5N1)	1315	1932
PB2|PP755596.1|A/cattle/Texas/24-008749-003/2024(H5N1)	1316	1932
PB2|PP755596.1|A/cattle/Texas/24-008749-003/2024(H5N1)	1317	1930
PB2|PP755596.1|A/cattle/Texas/24-008749-003/2024(H5N1)	1318	1924
PB2|PP755596.1|A/cattle/Texas/24-008749-003/2024(H5N1)	1319	1923
PB2|PP755596.1|A/cattle/Texas/24-008749-003/2024(H5N1)	1320	1904
PB2|PP755596.1|A/cattle/Texas/24-008749-003/2024(H5N1)	1321	1860
PB2|PP755596.1|A/cattle/Texas/24-008749-003/2024(H5N1)	1322	2071
PB2|PP755596.1|A/cattle/Texas/24-008749-003/2024(H5N1)	1323	2067
PB2|PP755596.1|A/cattle/Texas/24-008749-003/2024(H5N1)	1324	2068
PB2|PP755596.1|A/cattle/Texas/24-008749-003/2024(H5N1)	1325	2097
PB2|PP755596.1|A/cattle/Texas/24-008749-003/2024(H5N1)	1326	2098
PB2|PP755596.1|A/cattle/Texas/24-008749-003/2024(H5N1)	1327	2112
PB2|PP755596.1|A/cattle/Texas/24-008749-003/2024(H5N1)	1328	2110
PB2|PP755596.1|A/cattle/Texas/24-008749-003/2024(H5N1)	1329	2097
PB2|PP755596.1|A/cattle/Texas/24-008749-003/2024(H5N1)	1330	2101
PB2|PP755596.1|A/cattle/Texas/24-008749-003/2024(H5N1)	1331	2095
PB2|PP755596.1|A/cattle/Texas/24-008749-003/2024(H5N1)	1332	2092
PB2|PP755596.1|A/cattle/Texas/24-008749-003/2024(H5N1)	1333	2095
PB2|PP755596.1|A/cattle/Texas/24-008749-003/2024(H5N1)	1334	2074
PB2|PP755596.1|A/cattle/Texas/24-008749-003/2024(H5N1)	1335	2078
PB2|PP755596.1|A/cattle/Texas/24-008749-003/2024(H5N1)	1336	2125
PB2|PP755596.1|A/cattle/Texas/24-008749-003/2024(H5N1)	1337	2129
PB2|PP755596.1|A/cattle/Texas/24-008749-003/2024(H5N1)	1338	2109
PB2|PP755596.1|A/cattle/Texas/24-008749-003/2024(H5N1)	1339	2106
PB2|PP755596.1|A/cattle/Texas/24-008749-003/2024(H5N1)	1340	2105
PB2|PP755596.1|A/cattle/Texas/24-008749-003/2024(H5N1)	1341	2098
PB2|PP755596.1|A/cattle/Texas/24-008749-003/2024(H5N1)	1342	2099
PB2|PP755596.1|A/cattle/Texas/24-008749-003/2024(H5N1)	1343	2110
PB2|PP755596.1|A/cattle/Texas/24-008749-003/2024(H5N1)	1344	2110
PB2|PP755596.1|A/cattle/Texas/24-008749-003/2024(H5N1)	1345	2096
PB2|PP755596.1|A/cattle/Texas/24-008749-003/2024(H5N1)	1346	2090
PB2|PP755596.1|A/cattle/Texas/24-008749-003/2024(H5N1)	1347	2090
PB2|PP755596.1|A/cattle/Texas/24-008749-003/2024(H5N1)	1348	2091
PB2|PP755596.1|A/cattle/Texas/24-008749-003/2024(H5N1)	1349	2121
PB2|PP755596.1|A/cattle/Texas/24-008749-003/2024(H5N1)	1350	2117
PB2|PP755596.1|A/cattle/Texas/24-008749-003/2024(H5N1)	1351	2126
PB2|PP755596.1|A/cattle/Texas/24-008749-003/2024(H5N1)	1352	2112
PB2|PP755596.1|A/cattle/Texas/24-008749-003/2024(H5N1)	1353	2109
PB2|PP755596.1|A/cattle/Texas/24-008749-003/2024(H5N1)	1354	2109
PB2|PP755596.1|A/cattle/Texas/24-008749-003/2024(H5N1)	1355	2087
PB2|PP755596.1|A/cattle/Texas/24-008749-003/2024(H5N1)	1356	2088
PB2|PP755596.1|A/cattle/Texas/24-008749-003/2024(H5N1)	1357	2072
PB2|PP755596.1|A/cattle/Texas/24-008749-003/2024(H5N1)	1358	2070
PB2|PP755596.1|A/cattle/Texas/24-008749-003/2024(H5N1)	1359	2072
PB2|PP755596.1|A/cattle/Texas/24-008749-003/2024(H5N1)	1360	2068
PB2|PP755596.1|A/cattle/Texas/24-008749-003/2024(H5N1)	1361	2083
PB2|PP755596.1|A/cattle/Texas/24-008749-003/2024(H5N1)	1362	2075
PB2|PP755596.1|A/cattle/Texas/24-008749-003/2024(H5N1)	1363	2074
PB2|PP755596.1|A/cattle/Texas/24-008749-003/2024(H5N1)	1364	2073
PB2|PP755596.1|A/cattle/Texas/24-008749-003/2024(H5N1)	1365	2039
PB2|PP755596.1|A/cattle/Texas/24-008749-003/2024(H5N1)	1366	2006
PB2|PP755596.1|A/cattle/Texas/24-008749-003/2024(H5N1)	1367	1963
PB2|PP755596.1|A/cattle/Texas/24-008749-003/2024(H5N1)	1368	1958
PB2|PP755596.1|A/cattle/Texas/24-008749-003/2024(H5N1)	1369	1965
PB2|PP755596.1|A/cattle/Texas/24-008749-003/2024(H5N1)	1370	1966
PB2|PP755596.1|A/cattle/Texas/24-008749-003/2024(H5N1)	1371	1971
PB2|PP755596.1|A/cattle/Texas/24-008749-003/2024(H5N1)	1372	1943
PB2|PP755596.1|A/cattle/Texas/24-008749-003/2024(H5N1)	1373	1942
PB2|PP755596.1|A/cattle/Texas/24-008749-003/2024(H5N1)	1374	1937
PB2|PP755596.1|A/cattle/Texas/24-008749-003/2024(H5N1)	1375	1934
PB2|PP755596.1|A/cattle/Texas/24-008749-003/2024(H5N1)	1376	1926
PB2|PP755596.1|A/cattle/Texas/24-008749-003/2024(H5N1)	1377	1916
PB2|PP755596.1|A/cattle/Texas/24-008749-003/2024(H5N1)	1378	1902
PB2|PP755596.1|A/cattle/Texas/24-008749-003/2024(H5N1)	1379	1901
PB2|PP755596.1|A/cattle/Texas/24-008749-003/2024(H5N1)	1380	1914
PB2|PP755596.1|A/cattle/Texas/24-008749-003/2024(H5N1)	1381	1860
PB2|PP755596.1|A/cattle/Texas/24-008749-003/2024(H5N1)	1382	1867
PB2|PP755596.1|A/cattle/Texas/24-008749-003/2024(H5N1)	1383	1865
PB2|PP755596.1|A/cattle/Texas/24-008749-003/2024(H5N1)	1384	1865
PB2|PP755596.1|A/cattle/Texas/24-008749-003/2024(H5N1)	1385	1919
PB2|PP755596.1|A/cattle/Texas/24-008749-003/2024(H5N1)	1386	1917
PB2|PP755596.1|A/cattle/Texas/24-008749-003/2024(H5N1)	1387	1969
PB2|PP755596.1|A/cattle/Texas/24-008749-003/2024(H5N1)	1388	1967
PB2|PP755596.1|A/cattle/Texas/24-008749-003/2024(H5N1)	1389	2020
PB2|PP755596.1|A/cattle/Texas/24-008749-003/2024(H5N1)	1390	2012
PB2|PP755596.1|A/cattle/Texas/24-008749-003/2024(H5N1)	1391	1978
PB2|PP755596.1|A/cattle/Texas/24-008749-003/2024(H5N1)	1392	1991
PB2|PP755596.1|A/cattle/Texas/24-008749-003/2024(H5N1)	1393	1993
PB2|PP755596.1|A/cattle/Texas/24-008749-003/2024(H5N1)	1394	1973
PB2|PP755596.1|A/cattle/Texas/24-008749-003/2024(H5N1)	1395	1943
PB2|PP755596.1|A/cattle/Texas/24-008749-003/2024(H5N1)	1396	1937
PB2|PP755596.1|A/cattle/Texas/24-008749-003/2024(H5N1)	1397	1952
PB2|PP755596.1|A/cattle/Texas/24-008749-003/2024(H5N1)	1398	1955
PB2|PP755596.1|A/cattle/Texas/24-008749-003/2024(H5N1)	1399	1964
PB2|PP755596.1|A/cattle/Texas/24-008749-003/2024(H5N1)	1400	1936
PB2|PP755596.1|A/cattle/Texas/24-008749-003/2024(H5N1)	1401	1929
PB2|PP755596.1|A/cattle/Texas/24-008749-003/2024(H5N1)	1402	1945
PB2|PP755596.1|A/cattle/Texas/24-008749-003/2024(H5N1)	1403	1936
PB2|PP755596.1|A/cattle/Texas/24-008749-003/2024(H5N1)	1404	1941
PB2|PP755596.1|A/cattle/Texas/24-008749-003/2024(H5N1)	1405	1939
PB2|PP755596.1|A/cattle/Texas/24-008749-003/2024(H5N1)	1406	1933
PB2|PP755596.1|A/cattle/Texas/24-008749-003/2024(H5N1)	1407	1933
PB2|PP755596.1|A/cattle/Texas/24-008749-003/2024(H5N1)	1408	1933
PB2|PP755596.1|A/cattle/Texas/24-008749-003/2024(H5N1)	1409	1971
PB2|PP755596.1|A/cattle/Texas/24-008749-003/2024(H5N1)	1410	1975
PB2|PP755596.1|A/cattle/Texas/24-008749-003/2024(H5N1)	1411	1961
PB2|PP755596.1|A/cattle/Texas/24-008749-003/2024(H5N1)	1412	1963
PB2|PP755596.1|A/cattle/Texas/24-008749-003/2024(H5N1)	1413	1937
PB2|PP755596.1|A/cattle/Texas/24-008749-003/2024(H5N1)	1414	1937
PB2|PP755596.1|A/cattle/Texas/24-008749-003/2024(H5N1)	1415	1955
PB2|PP755596.1|A/cattle/Texas/24-008749-003/2024(H5N1)	1416	1955
PB2|PP755596.1|A/cattle/Texas/24-008749-003/2024(H5N1)	1417	1955
PB2|PP755596.1|A/cattle/Texas/24-008749-003/2024(H5N1)	1418	1935
PB2|PP755596.1|A/cattle/Texas/24-008749-003/2024(H5N1)	1419	1900
PB2|PP755596.1|A/cattle/Texas/24-008749-003/2024(H5N1)	1420	1941
PB2|PP755596.1|A/cattle/Texas/24-008749-003/2024(H5N1)	1421	1956
PB2|PP755596.1|A/cattle/Texas/24-008749-003/2024(H5N1)	1422	1960
PB2|PP755596.1|A/cattle/Texas/24-008749-003/2024(H5N1)	1423	1959
PB2|PP755596.1|A/cattle/Texas/24-008749-003/2024(H5N1)	1424	1948
PB2|PP755596.1|A/cattle/Texas/24-008749-003/2024(H5N1)	1425	1950
PB2|PP755596.1|A/cattle/Texas/24-008749-003/2024(H5N1)	1426	1950
PB2|PP755596.1|A/cattle/Texas/24-008749-003/2024(H5N1)	1427	1950
PB2|PP755596.1|A/cattle/Texas/24-008749-003/2024(H5N1)	1428	2019
PB2|PP755596.1|A/cattle/Texas/24-008749-003/2024(H5N1)	1429	1961
PB2|PP755596.1|A/cattle/Texas/24-008749-003/2024(H5N1)	1430	2198
PB2|PP755596.1|A/cattle/Texas/24-008749-003/2024(H5N1)	1431	2195
PB2|PP755596.1|A/cattle/Texas/24-008749-003/2024(H5N1)	1432	2158
PB2|PP755596.1|A/cattle/Texas/24-008749-003/2024(H5N1)	1433	2158
PB2|PP755596.1|A/cattle/Texas/24-008749-003/2024(H5N1)	1434	2154
PB2|PP755596.1|A/cattle/Texas/24-008749-003/2024(H5N1)	1435	2145
PB2|PP755596.1|A/cattle/Texas/24-008749-003/2024(H5N1)	1436	2142
PB2|PP755596.1|A/cattle/Texas/24-008749-003/2024(H5N1)	1437	2061
PB2|PP755596.1|A/cattle/Texas/24-008749-003/2024(H5N1)	1438	2066
PB2|PP755596.1|A/cattle/Texas/24-008749-003/2024(H5N1)	1439	1873
PB2|PP755596.1|A/cattle/Texas/24-008749-003/2024(H5N1)	1440	1872
PB2|PP755596.1|A/cattle/Texas/24-008749-003/2024(H5N1)	1441	1867
PB2|PP755596.1|A/cattle/Texas/24-008749-003/2024(H5N1)	1442	1871
PB2|PP755596.1|A/cattle/Texas/24-008749-003/2024(H5N1)	1443	1890
PB2|PP755596.1|A/cattle/Texas/24-008749-003/2024(H5N1)	1444	1887
PB2|PP755596.1|A/cattle/Texas/24-008749-003/2024(H5N1)	1445	1871
PB2|PP755596.1|A/cattle/Texas/24-008749-003/2024(H5N1)	1446	1893
PB2|PP755596.1|A/cattle/Texas/24-008749-003/2024(H5N1)	1447	1910
PB2|PP755596.1|A/cattle/Texas/24-008749-003/2024(H5N1)	1448	1909
PB2|PP755596.1|A/cattle/Texas/24-008749-003/2024(H5N1)	1449	1907
PB2|PP755596.1|A/cattle/Texas/24-008749-003/2024(H5N1)	1450	1869
PB2|PP755596.1|A/cattle/Texas/24-008749-003/2024(H5N1)	1451	1888
PB2|PP755596.1|A/cattle/Texas/24-008749-003/2024(H5N1)	1452	1880
PB2|PP755596.1|A/cattle/Texas/24-008749-003/2024(H5N1)	1453	1854
PB2|PP755596.1|A/cattle/Texas/24-008749-003/2024(H5N1)	1454	1862
PB2|PP755596.1|A/cattle/Texas/24-008749-003/2024(H5N1)	1455	1844
PB2|PP755596.1|A/cattle/Texas/24-008749-003/2024(H5N1)	1456	1870
PB2|PP755596.1|A/cattle/Texas/24-008749-003/2024(H5N1)	1457	1872
PB2|PP755596.1|A/cattle/Texas/24-008749-003/2024(H5N1)	1458	1891
PB2|PP755596.1|A/cattle/Texas/24-008749-003/2024(H5N1)	1459	1910
PB2|PP755596.1|A/cattle/Texas/24-008749-003/2024(H5N1)	1460	1884
PB2|PP755596.1|A/cattle/Texas/24-008749-003/2024(H5N1)	1461	1891
PB2|PP755596.1|A/cattle/Texas/24-008749-003/2024(H5N1)	1462	1837
PB2|PP755596.1|A/cattle/Texas/24-008749-003/2024(H5N1)	1463	1828
PB2|PP755596.1|A/cattle/Texas/24-008749-003/2024(H5N1)	1464	2092
PB2|PP755596.1|A/cattle/Texas/24-008749-003/2024(H5N1)	1465	2063
PB2|PP755596.1|A/cattle/Texas/24-008749-003/2024(H5N1)	1466	2089
PB2|PP755596.1|A/cattle/Texas/24-008749-003/2024(H5N1)	1467	2090
PB2|PP755596.1|A/cattle/Texas/24-008749-003/2024(H5N1)	1468	2079
PB2|PP755596.1|A/cattle/Texas/24-008749-003/2024(H5N1)	1469	2124
PB2|PP755596.1|A/cattle/Texas/24-008749-003/2024(H5N1)	1470	2126
PB2|PP755596.1|A/cattle/Texas/24-008749-003/2024(H5N1)	1471	2117
PB2|PP755596.1|A/cattle/Texas/24-008749-003/2024(H5N1)	1472	2100
PB2|PP755596.1|A/cattle/Texas/24-008749-003/2024(H5N1)	1473	1850
PB2|PP755596.1|A/cattle/Texas/24-008749-003/2024(H5N1)	1474	1855
PB2|PP755596.1|A/cattle/Texas/24-008749-003/2024(H5N1)	1475	1871
PB2|PP755596.1|A/cattle/Texas/24-008749-003/2024(H5N1)	1476	1871
PB2|PP755596.1|A/cattle/Texas/24-008749-003/2024(H5N1)	1477	1884
PB2|PP755596.1|A/cattle/Texas/24-008749-003/2024(H5N1)	1478	1905
PB2|PP755596.1|A/cattle/Texas/24-008749-003/2024(H5N1)	1479	1912
PB2|PP755596.1|A/cattle/Texas/24-008749-003/2024(H5N1)	1480	1917
PB2|PP755596.1|A/cattle/Texas/24-008749-003/2024(H5N1)	1481	1983
PB2|PP755596.1|A/cattle/Texas/24-008749-003/2024(H5N1)	1482	1980
PB2|PP755596.1|A/cattle/Texas/24-008749-003/2024(H5N1)	1483	2048
PB2|PP755596.1|A/cattle/Texas/24-008749-003/2024(H5N1)	1484	2049
PB2|PP755596.1|A/cattle/Texas/24-008749-003/2024(H5N1)	1485	2079
PB2|PP755596.1|A/cattle/Texas/24-008749-003/2024(H5N1)	1486	2078
PB2|PP755596.1|A/cattle/Texas/24-008749-003/2024(H5N1)	1487	2060
PB2|PP755596.1|A/cattle/Texas/24-008749-003/2024(H5N1)	1488	2058
PB2|PP755596.1|A/cattle/Texas/24-008749-003/2024(H5N1)	1489	2058
PB2|PP755596.1|A/cattle/Texas/24-008749-003/2024(H5N1)	1490	2061
PB2|PP755596.1|A/cattle/Texas/24-008749-003/2024(H5N1)	1491	2132
PB2|PP755596.1|A/cattle/Texas/24-008749-003/2024(H5N1)	1492	2077
PB2|PP755596.1|A/cattle/Texas/24-008749-003/2024(H5N1)	1493	2076
PB2|PP755596.1|A/cattle/Texas/24-008749-003/2024(H5N1)	1494	2058
PB2|PP755596.1|A/cattle/Texas/24-008749-003/2024(H5N1)	1495	2058
PB2|PP755596.1|A/cattle/Texas/24-008749-003/2024(H5N1)	1496	2178
PB2|PP755596.1|A/cattle/Texas/24-008749-003/2024(H5N1)	1497	2179
PB2|PP755596.1|A/cattle/Texas/24-008749-003/2024(H5N1)	1498	2178
PB2|PP755596.1|A/cattle/Texas/24-008749-003/2024(H5N1)	1499	2176
PB2|PP755596.1|A/cattle/Texas/24-008749-003/2024(H5N1)	1500	2174
PB2|PP755596.1|A/cattle/Texas/24-008749-003/2024(H5N1)	1501	2250
PB2|PP755596.1|A/cattle/Texas/24-008749-003/2024(H5N1)	1502	2242
PB2|PP755596.1|A/cattle/Texas/24-008749-003/2024(H5N1)	1503	2274
PB2|PP755596.1|A/cattle/Texas/24-008749-003/2024(H5N1)	1504	2282
PB2|PP755596.1|A/cattle/Texas/24-008749-003/2024(H5N1)	1505	2282
PB2|PP755596.1|A/cattle/Texas/24-008749-003/2024(H5N1)	1506	2286
PB2|PP755596.1|A/cattle/Texas/24-008749-003/2024(H5N1)	1507	2271
PB2|PP755596.1|A/cattle/Texas/24-008749-003/2024(H5N1)	1508	2271
PB2|PP755596.1|A/cattle/Texas/24-008749-003/2024(H5N1)	1509	2259
PB2|PP755596.1|A/cattle/Texas/24-008749-003/2024(H5N1)	1510	2257
PB2|PP755596.1|A/cattle/Texas/24-008749-003/2024(H5N1)	1511	2269
PB2|PP755596.1|A/cattle/Texas/24-008749-003/2024(H5N1)	1512	2266
PB2|PP755596.1|A/cattle/Texas/24-008749-003/2024(H5N1)	1513	2261
PB2|PP755596.1|A/cattle/Texas/24-008749-003/2024(H5N1)	1514	2266
PB2|PP755596.1|A/cattle/Texas/24-008749-003/2024(H5N1)	1515	2274
PB2|PP755596.1|A/cattle/Texas/24-008749-003/2024(H5N1)	1516	2272
PB2|PP755596.1|A/cattle/Texas/24-008749-003/2024(H5N1)	1517	2274
PB2|PP755596.1|A/cattle/Texas/24-008749-003/2024(H5N1)	1518	2279
PB2|PP755596.1|A/cattle/Texas/24-008749-003/2024(H5N1)	1519	2263
PB2|PP755596.1|A/cattle/Texas/24-008749-003/2024(H5N1)	1520	2252
PB2|PP755596.1|A/cattle/Texas/24-008749-003/2024(H5N1)	1521	2254
PB2|PP755596.1|A/cattle/Texas/24-008749-003/2024(H5N1)	1522	2252
PB2|PP755596.1|A/cattle/Texas/24-008749-003/2024(H5N1)	1523	2250
PB2|PP755596.1|A/cattle/Texas/24-008749-003/2024(H5N1)	1524	2269
PB2|PP755596.1|A/cattle/Texas/24-008749-003/2024(H5N1)	1525	2266
PB2|PP755596.1|A/cattle/Texas/24-008749-003/2024(H5N1)	1526	2287
PB2|PP755596.1|A/cattle/Texas/24-008749-003/2024(H5N1)	1527	2296
PB2|PP755596.1|A/cattle/Texas/24-008749-003/2024(H5N1)	1528	2291
PB2|PP755596.1|A/cattle/Texas/24-008749-003/2024(H5N1)	1529	2397
PB2|PP755596.1|A/cattle/Texas/24-008749-003/2024(H5N1)	1530	2393
PB2|PP755596.1|A/cattle/Texas/24-008749-003/2024(H5N1)	1531	2485
PB2|PP755596.1|A/cattle/Texas/24-008749-003/2024(H5N1)	1532	2484
PB2|PP755596.1|A/cattle/Texas/24-008749-003/2024(H5N1)	1533	2471
PB2|PP755596.1|A/cattle/Texas/24-008749-003/2024(H5N1)	1534	2451
PB2|PP755596.1|A/cattle/Texas/24-008749-003/2024(H5N1)	1535	2436
PB2|PP755596.1|A/cattle/Texas/24-008749-003/2024(H5N1)	1536	2461
PB2|PP755596.1|A/cattle/Texas/24-008749-003/2024(H5N1)	1537	2454
PB2|PP755596.1|A/cattle/Texas/24-008749-003/2024(H5N1)	1538	2352
PB2|PP755596.1|A/cattle/Texas/24-008749-003/2024(H5N1)	1539	2354
PB2|PP755596.1|A/cattle/Texas/24-008749-003/2024(H5N1)	1540	2222
PB2|PP755596.1|A/cattle/Texas/24-008749-003/2024(H5N1)	1541	2244
PB2|PP755596.1|A/cattle/Texas/24-008749-003/2024(H5N1)	1542	2252
PB2|PP755596.1|A/cattle/Texas/24-008749-003/2024(H5N1)	1543	2258
PB2|PP755596.1|A/cattle/Texas/24-008749-003/2024(H5N1)	1544	2260
PB2|PP755596.1|A/cattle/Texas/24-008749-003/2024(H5N1)	1545	2244
PB2|PP755596.1|A/cattle/Texas/24-008749-003/2024(H5N1)	1546	2258
PB2|PP755596.1|A/cattle/Texas/24-008749-003/2024(H5N1)	1547	2256
PB2|PP755596.1|A/cattle/Texas/24-008749-003/2024(H5N1)	1548	2246
PB2|PP755596.1|A/cattle/Texas/24-008749-003/2024(H5N1)	1549	2249
PB2|PP755596.1|A/cattle/Texas/24-008749-003/2024(H5N1)	1550	2250
PB2|PP755596.1|A/cattle/Texas/24-008749-003/2024(H5N1)	1551	2278
PB2|PP755596.1|A/cattle/Texas/24-008749-003/2024(H5N1)	1552	2280
PB2|PP755596.1|A/cattle/Texas/24-008749-003/2024(H5N1)	1553	2267
PB2|PP755596.1|A/cattle/Texas/24-008749-003/2024(H5N1)	1554	2268
PB2|PP755596.1|A/cattle/Texas/24-008749-003/2024(H5N1)	1555	2253
PB2|PP755596.1|A/cattle/Texas/24-008749-003/2024(H5N1)	1556	2267
PB2|PP755596.1|A/cattle/Texas/24-008749-003/2024(H5N1)	1557	2266
PB2|PP755596.1|A/cattle/Texas/24-008749-003/2024(H5N1)	1558	2267
PB2|PP755596.1|A/cattle/Texas/24-008749-003/2024(H5N1)	1559	2283
PB2|PP755596.1|A/cattle/Texas/24-008749-003/2024(H5N1)	1560	2249
PB2|PP755596.1|A/cattle/Texas/24-008749-003/2024(H5N1)	1561	2283
PB2|PP755596.1|A/cattle/Texas/24-008749-003/2024(H5N1)	1562	2281
PB2|PP755596.1|A/cattle/Texas/24-008749-003/2024(H5N1)	1563	2293
PB2|PP755596.1|A/cattle/Texas/24-008749-003/2024(H5N1)	1564	2301
PB2|PP755596.1|A/cattle/Texas/24-008749-003/2024(H5N1)	1565	2289
PB2|PP755596.1|A/cattle/Texas/24-008749-003/2024(H5N1)	1566	2286
PB2|PP755596.1|A/cattle/Texas/24-008749-003/2024(H5N1)	1567	2288
PB2|PP755596.1|A/cattle/Texas/24-008749-003/2024(H5N1)	1568	2401
PB2|PP755596.1|A/cattle/Texas/24-008749-003/2024(H5N1)	1569	2424
PB2|PP755596.1|A/cattle/Texas/24-008749-003/2024(H5N1)	1570	2413
PB2|PP755596.1|A/cattle/Texas/24-008749-003/2024(H5N1)	1571	2370
PB2|PP755596.1|A/cattle/Texas/24-008749-003/2024(H5N1)	1572	2356
PB2|PP755596.1|A/cattle/Texas/24-008749-003/2024(H5N1)	1573	2365
PB2|PP755596.1|A/cattle/Texas/24-008749-003/2024(H5N1)	1574	2393
PB2|PP755596.1|A/cattle/Texas/24-008749-003/2024(H5N1)	1575	2399
PB2|PP755596.1|A/cattle/Texas/24-008749-003/2024(H5N1)	1576	2409
PB2|PP755596.1|A/cattle/Texas/24-008749-003/2024(H5N1)	1577	2358
PB2|PP755596.1|A/cattle/Texas/24-008749-003/2024(H5N1)	1578	2370
PB2|PP755596.1|A/cattle/Texas/24-008749-003/2024(H5N1)	1579	2162
PB2|PP755596.1|A/cattle/Texas/24-008749-003/2024(H5N1)	1580	2148
PB2|PP755596.1|A/cattle/Texas/24-008749-003/2024(H5N1)	1581	2161
PB2|PP755596.1|A/cattle/Texas/24-008749-003/2024(H5N1)	1582	2155
PB2|PP755596.1|A/cattle/Texas/24-008749-003/2024(H5N1)	1583	2152
PB2|PP755596.1|A/cattle/Texas/24-008749-003/2024(H5N1)	1584	2156
PB2|PP755596.1|A/cattle/Texas/24-008749-003/2024(H5N1)	1585	2171
PB2|PP755596.1|A/cattle/Texas/24-008749-003/2024(H5N1)	1586	2203
PB2|PP755596.1|A/cattle/Texas/24-008749-003/2024(H5N1)	1587	2234
PB2|PP755596.1|A/cattle/Texas/24-008749-003/2024(H5N1)	1588	2233
PB2|PP755596.1|A/cattle/Texas/24-008749-003/2024(H5N1)	1589	2224
PB2|PP755596.1|A/cattle/Texas/24-008749-003/2024(H5N1)	1590	2208
PB2|PP755596.1|A/cattle/Texas/24-008749-003/2024(H5N1)	1591	2218
PB2|PP755596.1|A/cattle/Texas/24-008749-003/2024(H5N1)	1592	2215
PB2|PP755596.1|A/cattle/Texas/24-008749-003/2024(H5N1)	1593	2230
PB2|PP755596.1|A/cattle/Texas/24-008749-003/2024(H5N1)	1594	2225
PB2|PP755596.1|A/cattle/Texas/24-008749-003/2024(H5N1)	1595	2260
PB2|PP755596.1|A/cattle/Texas/24-008749-003/2024(H5N1)	1596	2236
PB2|PP755596.1|A/cattle/Texas/24-008749-003/2024(H5N1)	1597	2225
PB2|PP755596.1|A/cattle/Texas/24-008749-003/2024(H5N1)	1598	2222
PB2|PP755596.1|A/cattle/Texas/24-008749-003/2024(H5N1)	1599	2224
PB2|PP755596.1|A/cattle/Texas/24-008749-003/2024(H5N1)	1600	2255
PB2|PP755596.1|A/cattle/Texas/24-008749-003/2024(H5N1)	1601	2233
PB2|PP755596.1|A/cattle/Texas/24-008749-003/2024(H5N1)	1602	2222
PB2|PP755596.1|A/cattle/Texas/24-008749-003/2024(H5N1)	1603	2242
PB2|PP755596.1|A/cattle/Texas/24-008749-003/2024(H5N1)	1604	2250
PB2|PP755596.1|A/cattle/Texas/24-008749-003/2024(H5N1)	1605	2245
PB2|PP755596.1|A/cattle/Texas/24-008749-003/2024(H5N1)	1606	2256
PB2|PP755596.1|A/cattle/Texas/24-008749-003/2024(H5N1)	1607	2243
PB2|PP755596.1|A/cattle/Texas/24-008749-003/2024(H5N1)	1608	2248
PB2|PP755596.1|A/cattle/Texas/24-008749-003/2024(H5N1)	1609	2230
PB2|PP755596.1|A/cattle/Texas/24-008749-003/2024(H5N1)	1610	2216
PB2|PP755596.1|A/cattle/Texas/24-008749-003/2024(H5N1)	1611	2294
PB2|PP755596.1|A/cattle/Texas/24-008749-003/2024(H5N1)	1612	2289
PB2|PP755596.1|A/cattle/Texas/24-008749-003/2024(H5N1)	1613	2274
PB2|PP755596.1|A/cattle/Texas/24-008749-003/2024(H5N1)	1614	2300
PB2|PP755596.1|A/cattle/Texas/24-008749-003/2024(H5N1)	1615	2070
PB2|PP755596.1|A/cattle/Texas/24-008749-003/2024(H5N1)	1616	2068
PB2|PP755596.1|A/cattle/Texas/24-008749-003/2024(H5N1)	1617	2058
PB2|PP755596.1|A/cattle/Texas/24-008749-003/2024(H5N1)	1618	2057
PB2|PP755596.1|A/cattle/Texas/24-008749-003/2024(H5N1)	1619	2069
PB2|PP755596.1|A/cattle/Texas/24-008749-003/2024(H5N1)	1620	2033
PB2|PP755596.1|A/cattle/Texas/24-008749-003/2024(H5N1)	1621	2038
PB2|PP755596.1|A/cattle/Texas/24-008749-003/2024(H5N1)	1622	2121
PB2|PP755596.1|A/cattle/Texas/24-008749-003/2024(H5N1)	1623	2079
PB2|PP755596.1|A/cattle/Texas/24-008749-003/2024(H5N1)	1624	2086
PB2|PP755596.1|A/cattle/Texas/24-008749-003/2024(H5N1)	1625	2082
PB2|PP755596.1|A/cattle/Texas/24-008749-003/2024(H5N1)	1626	2271
PB2|PP755596.1|A/cattle/Texas/24-008749-003/2024(H5N1)	1627	2291
PB2|PP755596.1|A/cattle/Texas/24-008749-003/2024(H5N1)	1628	2309
PB2|PP755596.1|A/cattle/Texas/24-008749-003/2024(H5N1)	1629	2265
PB2|PP755596.1|A/cattle/Texas/24-008749-003/2024(H5N1)	1630	2271
PB2|PP755596.1|A/cattle/Texas/24-008749-003/2024(H5N1)	1631	2209
PB2|PP755596.1|A/cattle/Texas/24-008749-003/2024(H5N1)	1632	2210
PB2|PP755596.1|A/cattle/Texas/24-008749-003/2024(H5N1)	1633	2336
PB2|PP755596.1|A/cattle/Texas/24-008749-003/2024(H5N1)	1634	2300
PB2|PP755596.1|A/cattle/Texas/24-008749-003/2024(H5N1)	1635	2302
PB2|PP755596.1|A/cattle/Texas/24-008749-003/2024(H5N1)	1636	2280
PB2|PP755596.1|A/cattle/Texas/24-008749-003/2024(H5N1)	1637	2254
PB2|PP755596.1|A/cattle/Texas/24-008749-003/2024(H5N1)	1638	2398
PB2|PP755596.1|A/cattle/Texas/24-008749-003/2024(H5N1)	1639	2425
PB2|PP755596.1|A/cattle/Texas/24-008749-003/2024(H5N1)	1640	2431
PB2|PP755596.1|A/cattle/Texas/24-008749-003/2024(H5N1)	1641	2430
PB2|PP755596.1|A/cattle/Texas/24-008749-003/2024(H5N1)	1642	2343
PB2|PP755596.1|A/cattle/Texas/24-008749-003/2024(H5N1)	1643	2427
PB2|PP755596.1|A/cattle/Texas/24-008749-003/2024(H5N1)	1644	2424
PB2|PP755596.1|A/cattle/Texas/24-008749-003/2024(H5N1)	1645	2461
PB2|PP755596.1|A/cattle/Texas/24-008749-003/2024(H5N1)	1646	2467
PB2|PP755596.1|A/cattle/Texas/24-008749-003/2024(H5N1)	1647	2318
PB2|PP755596.1|A/cattle/Texas/24-008749-003/2024(H5N1)	1648	2313
PB2|PP755596.1|A/cattle/Texas/24-008749-003/2024(H5N1)	1649	2317
PB2|PP755596.1|A/cattle/Texas/24-008749-003/2024(H5N1)	1650	2317
PB2|PP755596.1|A/cattle/Texas/24-008749-003/2024(H5N1)	1651	2304
PB2|PP755596.1|A/cattle/Texas/24-008749-003/2024(H5N1)	1652	2217
PB2|PP755596.1|A/cattle/Texas/24-008749-003/2024(H5N1)	1653	2228
PB2|PP755596.1|A/cattle/Texas/24-008749-003/2024(H5N1)	1654	2219
PB2|PP755596.1|A/cattle/Texas/24-008749-003/2024(H5N1)	1655	2213
PB2|PP755596.1|A/cattle/Texas/24-008749-003/2024(H5N1)	1656	2226
PB2|PP755596.1|A/cattle/Texas/24-008749-003/2024(H5N1)	1657	2222
PB2|PP755596.1|A/cattle/Texas/24-008749-003/2024(H5N1)	1658	2221
PB2|PP755596.1|A/cattle/Texas/24-008749-003/2024(H5N1)	1659	2221
PB2|PP755596.1|A/cattle/Texas/24-008749-003/2024(H5N1)	1660	2238
PB2|PP755596.1|A/cattle/Texas/24-008749-003/2024(H5N1)	1661	2231
PB2|PP755596.1|A/cattle/Texas/24-008749-003/2024(H5N1)	1662	2216
PB2|PP755596.1|A/cattle/Texas/24-008749-003/2024(H5N1)	1663	2209
PB2|PP755596.1|A/cattle/Texas/24-008749-003/2024(H5N1)	1664	2212
PB2|PP755596.1|A/cattle/Texas/24-008749-003/2024(H5N1)	1665	2202
PB2|PP755596.1|A/cattle/Texas/24-008749-003/2024(H5N1)	1666	2202
PB2|PP755596.1|A/cattle/Texas/24-008749-003/2024(H5N1)	1667	2200
PB2|PP755596.1|A/cattle/Texas/24-008749-003/2024(H5N1)	1668	2212
PB2|PP755596.1|A/cattle/Texas/24-008749-003/2024(H5N1)	1669	2201
PB2|PP755596.1|A/cattle/Texas/24-008749-003/2024(H5N1)	1670	2203
PB2|PP755596.1|A/cattle/Texas/24-008749-003/2024(H5N1)	1671	2208
PB2|PP755596.1|A/cattle/Texas/24-008749-003/2024(H5N1)	1672	2209
PB2|PP755596.1|A/cattle/Texas/24-008749-003/2024(H5N1)	1673	2220
PB2|PP755596.1|A/cattle/Texas/24-008749-003/2024(H5N1)	1674	2232
PB2|PP755596.1|A/cattle/Texas/24-008749-003/2024(H5N1)	1675	2219
PB2|PP755596.1|A/cattle/Texas/24-008749-003/2024(H5N1)	1676	2141
PB2|PP755596.1|A/cattle/Texas/24-008749-003/2024(H5N1)	1677	2129
PB2|PP755596.1|A/cattle/Texas/24-008749-003/2024(H5N1)	1678	2134
PB2|PP755596.1|A/cattle/Texas/24-008749-003/2024(H5N1)	1679	2130
PB2|PP755596.1|A/cattle/Texas/24-008749-003/2024(H5N1)	1680	2127
PB2|PP755596.1|A/cattle/Texas/24-008749-003/2024(H5N1)	1681	2136
PB2|PP755596.1|A/cattle/Texas/24-008749-003/2024(H5N1)	1682	2038
PB2|PP755596.1|A/cattle/Texas/24-008749-003/2024(H5N1)	1683	2042
PB2|PP755596.1|A/cattle/Texas/24-008749-003/2024(H5N1)	1684	2050
PB2|PP755596.1|A/cattle/Texas/24-008749-003/2024(H5N1)	1685	2120
PB2|PP755596.1|A/cattle/Texas/24-008749-003/2024(H5N1)	1686	2117
PB2|PP755596.1|A/cattle/Texas/24-008749-003/2024(H5N1)	1687	2098
PB2|PP755596.1|A/cattle/Texas/24-008749-003/2024(H5N1)	1688	2094
PB2|PP755596.1|A/cattle/Texas/24-008749-003/2024(H5N1)	1689	2095
PB2|PP755596.1|A/cattle/Texas/24-008749-003/2024(H5N1)	1690	2116
PB2|PP755596.1|A/cattle/Texas/24-008749-003/2024(H5N1)	1691	2158
PB2|PP755596.1|A/cattle/Texas/24-008749-003/2024(H5N1)	1692	2145
PB2|PP755596.1|A/cattle/Texas/24-008749-003/2024(H5N1)	1693	2154
PB2|PP755596.1|A/cattle/Texas/24-008749-003/2024(H5N1)	1694	2149
PB2|PP755596.1|A/cattle/Texas/24-008749-003/2024(H5N1)	1695	2191
PB2|PP755596.1|A/cattle/Texas/24-008749-003/2024(H5N1)	1696	2188
PB2|PP755596.1|A/cattle/Texas/24-008749-003/2024(H5N1)	1697	2187
PB2|PP755596.1|A/cattle/Texas/24-008749-003/2024(H5N1)	1698	2187
PB2|PP755596.1|A/cattle/Texas/24-008749-003/2024(H5N1)	1699	2188
PB2|PP755596.1|A/cattle/Texas/24-008749-003/2024(H5N1)	1700	2178
PB2|PP755596.1|A/cattle/Texas/24-008749-003/2024(H5N1)	1701	2181
PB2|PP755596.1|A/cattle/Texas/24-008749-003/2024(H5N1)	1702	2169
PB2|PP755596.1|A/cattle/Texas/24-008749-003/2024(H5N1)	1703	2172
PB2|PP755596.1|A/cattle/Texas/24-008749-003/2024(H5N1)	1704	2171
PB2|PP755596.1|A/cattle/Texas/24-008749-003/2024(H5N1)	1705	2167
PB2|PP755596.1|A/cattle/Texas/24-008749-003/2024(H5N1)	1706	2156
PB2|PP755596.1|A/cattle/Texas/24-008749-003/2024(H5N1)	1707	2154
PB2|PP755596.1|A/cattle/Texas/24-008749-003/2024(H5N1)	1708	2214
PB2|PP755596.1|A/cattle/Texas/24-008749-003/2024(H5N1)	1709	2201
PB2|PP755596.1|A/cattle/Texas/24-008749-003/2024(H5N1)	1710	2235
PB2|PP755596.1|A/cattle/Texas/24-008749-003/2024(H5N1)	1711	2256
PB2|PP755596.1|A/cattle/Texas/24-008749-003/2024(H5N1)	1712	2233
PB2|PP755596.1|A/cattle/Texas/24-008749-003/2024(H5N1)	1713	2281
PB2|PP755596.1|A/cattle/Texas/24-008749-003/2024(H5N1)	1714	2273
PB2|PP755596.1|A/cattle/Texas/24-008749-003/2024(H5N1)	1715	2276
PB2|PP755596.1|A/cattle/Texas/24-008749-003/2024(H5N1)	1716	2277
PB2|PP755596.1|A/cattle/Texas/24-008749-003/2024(H5N1)	1717	2199
PB2|PP755596.1|A/cattle/Texas/24-008749-003/2024(H5N1)	1718	2215
PB2|PP755596.1|A/cattle/Texas/24-008749-003/2024(H5N1)	1719	2144
PB2|PP755596.1|A/cattle/Texas/24-008749-003/2024(H5N1)	1720	2147
PB2|PP755596.1|A/cattle/Texas/24-008749-003/2024(H5N1)	1721	2145
PB2|PP755596.1|A/cattle/Texas/24-008749-003/2024(H5N1)	1722	2112
PB2|PP755596.1|A/cattle/Texas/24-008749-003/2024(H5N1)	1723	2117
PB2|PP755596.1|A/cattle/Texas/24-008749-003/2024(H5N1)	1724	2098
PB2|PP755596.1|A/cattle/Texas/24-008749-003/2024(H5N1)	1725	2096
PB2|PP755596.1|A/cattle/Texas/24-008749-003/2024(H5N1)	1726	2097
PB2|PP755596.1|A/cattle/Texas/24-008749-003/2024(H5N1)	1727	2097
PB2|PP755596.1|A/cattle/Texas/24-008749-003/2024(H5N1)	1728	2129
PB2|PP755596.1|A/cattle/Texas/24-008749-003/2024(H5N1)	1729	2130
PB2|PP755596.1|A/cattle/Texas/24-008749-003/2024(H5N1)	1730	2129
PB2|PP755596.1|A/cattle/Texas/24-008749-003/2024(H5N1)	1731	2107
PB2|PP755596.1|A/cattle/Texas/24-008749-003/2024(H5N1)	1732	2109
PB2|PP755596.1|A/cattle/Texas/24-008749-003/2024(H5N1)	1733	2123
PB2|PP755596.1|A/cattle/Texas/24-008749-003/2024(H5N1)	1734	2122
PB2|PP755596.1|A/cattle/Texas/24-008749-003/2024(H5N1)	1735	2119
PB2|PP755596.1|A/cattle/Texas/24-008749-003/2024(H5N1)	1736	2103
PB2|PP755596.1|A/cattle/Texas/24-008749-003/2024(H5N1)	1737	2154
PB2|PP755596.1|A/cattle/Texas/24-008749-003/2024(H5N1)	1738	2127
PB2|PP755596.1|A/cattle/Texas/24-008749-003/2024(H5N1)	1739	2132
PB2|PP755596.1|A/cattle/Texas/24-008749-003/2024(H5N1)	1740	2127
PB2|PP755596.1|A/cattle/Texas/24-008749-003/2024(H5N1)	1741	2127
PB2|PP755596.1|A/cattle/Texas/24-008749-003/2024(H5N1)	1742	2114
PB2|PP755596.1|A/cattle/Texas/24-008749-003/2024(H5N1)	1743	2120
PB2|PP755596.1|A/cattle/Texas/24-008749-003/2024(H5N1)	1744	2125
PB2|PP755596.1|A/cattle/Texas/24-008749-003/2024(H5N1)	1745	2141
PB2|PP755596.1|A/cattle/Texas/24-008749-003/2024(H5N1)	1746	2080
PB2|PP755596.1|A/cattle/Texas/24-008749-003/2024(H5N1)	1747	2085
PB2|PP755596.1|A/cattle/Texas/24-008749-003/2024(H5N1)	1748	2081
PB2|PP755596.1|A/cattle/Texas/24-008749-003/2024(H5N1)	1749	2085
PB2|PP755596.1|A/cattle/Texas/24-008749-003/2024(H5N1)	1750	2122
PB2|PP755596.1|A/cattle/Texas/24-008749-003/2024(H5N1)	1751	2101
PB2|PP755596.1|A/cattle/Texas/24-008749-003/2024(H5N1)	1752	2197
PB2|PP755596.1|A/cattle/Texas/24-008749-003/2024(H5N1)	1753	2194
PB2|PP755596.1|A/cattle/Texas/24-008749-003/2024(H5N1)	1754	2172
PB2|PP755596.1|A/cattle/Texas/24-008749-003/2024(H5N1)	1755	2170
PB2|PP755596.1|A/cattle/Texas/24-008749-003/2024(H5N1)	1756	2176
PB2|PP755596.1|A/cattle/Texas/24-008749-003/2024(H5N1)	1757	2165
PB2|PP755596.1|A/cattle/Texas/24-008749-003/2024(H5N1)	1758	2161
PB2|PP755596.1|A/cattle/Texas/24-008749-003/2024(H5N1)	1759	2162
PB2|PP755596.1|A/cattle/Texas/24-008749-003/2024(H5N1)	1760	2158
PB2|PP755596.1|A/cattle/Texas/24-008749-003/2024(H5N1)	1761	2067
PB2|PP755596.1|A/cattle/Texas/24-008749-003/2024(H5N1)	1762	2065
PB2|PP755596.1|A/cattle/Texas/24-008749-003/2024(H5N1)	1763	2104
PB2|PP755596.1|A/cattle/Texas/24-008749-003/2024(H5N1)	1764	2088
PB2|PP755596.1|A/cattle/Texas/24-008749-003/2024(H5N1)	1765	2085
PB2|PP755596.1|A/cattle/Texas/24-008749-003/2024(H5N1)	1766	2097
PB2|PP755596.1|A/cattle/Texas/24-008749-003/2024(H5N1)	1767	2104
PB2|PP755596.1|A/cattle/Texas/24-008749-003/2024(H5N1)	1768	2338
PB2|PP755596.1|A/cattle/Texas/24-008749-003/2024(H5N1)	1769	2351
PB2|PP755596.1|A/cattle/Texas/24-008749-003/2024(H5N1)	1770	2344
PB2|PP755596.1|A/cattle/Texas/24-008749-003/2024(H5N1)	1771	2346
PB2|PP755596.1|A/cattle/Texas/24-008749-003/2024(H5N1)	1772	2362
PB2|PP755596.1|A/cattle/Texas/24-008749-003/2024(H5N1)	1773	2380
PB2|PP755596.1|A/cattle/Texas/24-008749-003/2024(H5N1)	1774	2402
PB2|PP755596.1|A/cattle/Texas/24-008749-003/2024(H5N1)	1775	2392
PB2|PP755596.1|A/cattle/Texas/24-008749-003/2024(H5N1)	1776	2412
PB2|PP755596.1|A/cattle/Texas/24-008749-003/2024(H5N1)	1777	2123
PB2|PP755596.1|A/cattle/Texas/24-008749-003/2024(H5N1)	1778	2118
PB2|PP755596.1|A/cattle/Texas/24-008749-003/2024(H5N1)	1779	2112
PB2|PP755596.1|A/cattle/Texas/24-008749-003/2024(H5N1)	1780	2128
PB2|PP755596.1|A/cattle/Texas/24-008749-003/2024(H5N1)	1781	2130
PB2|PP755596.1|A/cattle/Texas/24-008749-003/2024(H5N1)	1782	2097
PB2|PP755596.1|A/cattle/Texas/24-008749-003/2024(H5N1)	1783	2148
PB2|PP755596.1|A/cattle/Texas/24-008749-003/2024(H5N1)	1784	2105
PB2|PP755596.1|A/cattle/Texas/24-008749-003/2024(H5N1)	1785	2117
PB2|PP755596.1|A/cattle/Texas/24-008749-003/2024(H5N1)	1786	2116
PB2|PP755596.1|A/cattle/Texas/24-008749-003/2024(H5N1)	1787	2116
PB2|PP755596.1|A/cattle/Texas/24-008749-003/2024(H5N1)	1788	2116
PB2|PP755596.1|A/cattle/Texas/24-008749-003/2024(H5N1)	1789	2016
PB2|PP755596.1|A/cattle/Texas/24-008749-003/2024(H5N1)	1790	2029
PB2|PP755596.1|A/cattle/Texas/24-008749-003/2024(H5N1)	1791	2027
PB2|PP755596.1|A/cattle/Texas/24-008749-003/2024(H5N1)	1792	2056
PB2|PP755596.1|A/cattle/Texas/24-008749-003/2024(H5N1)	1793	2035
PB2|PP755596.1|A/cattle/Texas/24-008749-003/2024(H5N1)	1794	2017
PB2|PP755596.1|A/cattle/Texas/24-008749-003/2024(H5N1)	1795	2034
PB2|PP755596.1|A/cattle/Texas/24-008749-003/2024(H5N1)	1796	2032
PB2|PP755596.1|A/cattle/Texas/24-008749-003/2024(H5N1)	1797	2060
PB2|PP755596.1|A/cattle/Texas/24-008749-003/2024(H5N1)	1798	2056
PB2|PP755596.1|A/cattle/Texas/24-008749-003/2024(H5N1)	1799	2053
PB2|PP755596.1|A/cattle/Texas/24-008749-003/2024(H5N1)	1800	2051
PB2|PP755596.1|A/cattle/Texas/24-008749-003/2024(H5N1)	1801	2051
PB2|PP755596.1|A/cattle/Texas/24-008749-003/2024(H5N1)	1802	2033
PB2|PP755596.1|A/cattle/Texas/24-008749-003/2024(H5N1)	1803	2036
PB2|PP755596.1|A/cattle/Texas/24-008749-003/2024(H5N1)	1804	2033
PB2|PP755596.1|A/cattle/Texas/24-008749-003/2024(H5N1)	1805	2020
PB2|PP755596.1|A/cattle/Texas/24-008749-003/2024(H5N1)	1806	2007
PB2|PP755596.1|A/cattle/Texas/24-008749-003/2024(H5N1)	1807	2008
PB2|PP755596.1|A/cattle/Texas/24-008749-003/2024(H5N1)	1808	2024
PB2|PP755596.1|A/cattle/Texas/24-008749-003/2024(H5N1)	1809	2027
PB2|PP755596.1|A/cattle/Texas/24-008749-003/2024(H5N1)	1810	2014
PB2|PP755596.1|A/cattle/Texas/24-008749-003/2024(H5N1)	1811	2022
PB2|PP755596.1|A/cattle/Texas/24-008749-003/2024(H5N1)	1812	2033
PB2|PP755596.1|A/cattle/Texas/24-008749-003/2024(H5N1)	1813	2039
PB2|PP755596.1|A/cattle/Texas/24-008749-003/2024(H5N1)	1814	2068
PB2|PP755596.1|A/cattle/Texas/24-008749-003/2024(H5N1)	1815	2065
PB2|PP755596.1|A/cattle/Texas/24-008749-003/2024(H5N1)	1816	2080
PB2|PP755596.1|A/cattle/Texas/24-008749-003/2024(H5N1)	1817	2096
PB2|PP755596.1|A/cattle/Texas/24-008749-003/2024(H5N1)	1818	2129
PB2|PP755596.1|A/cattle/Texas/24-008749-003/2024(H5N1)	1819	2122
PB2|PP755596.1|A/cattle/Texas/24-008749-003/2024(H5N1)	1820	2109
PB2|PP755596.1|A/cattle/Texas/24-008749-003/2024(H5N1)	1821	2139
PB2|PP755596.1|A/cattle/Texas/24-008749-003/2024(H5N1)	1822	2145
PB2|PP755596.1|A/cattle/Texas/24-008749-003/2024(H5N1)	1823	2158
PB2|PP755596.1|A/cattle/Texas/24-008749-003/2024(H5N1)	1824	2158
PB2|PP755596.1|A/cattle/Texas/24-008749-003/2024(H5N1)	1825	2151
PB2|PP755596.1|A/cattle/Texas/24-008749-003/2024(H5N1)	1826	2186
PB2|PP755596.1|A/cattle/Texas/24-008749-003/2024(H5N1)	1827	2297
PB2|PP755596.1|A/cattle/Texas/24-008749-003/2024(H5N1)	1828	2316
PB2|PP755596.1|A/cattle/Texas/24-008749-003/2024(H5N1)	1829	2316
PB2|PP755596.1|A/cattle/Texas/24-008749-003/2024(H5N1)	1830	2324
PB2|PP755596.1|A/cattle/Texas/24-008749-003/2024(H5N1)	1831	2324
PB2|PP755596.1|A/cattle/Texas/24-008749-003/2024(H5N1)	1832	2363
PB2|PP755596.1|A/cattle/Texas/24-008749-003/2024(H5N1)	1833	2364
PB2|PP755596.1|A/cattle/Texas/24-008749-003/2024(H5N1)	1834	2359
PB2|PP755596.1|A/cattle/Texas/24-008749-003/2024(H5N1)	1835	2372
PB2|PP755596.1|A/cattle/Texas/24-008749-003/2024(H5N1)	1836	2260
PB2|PP755596.1|A/cattle/Texas/24-008749-003/2024(H5N1)	1837	2347
PB2|PP755596.1|A/cattle/Texas/24-008749-003/2024(H5N1)	1838	2356
PB2|PP755596.1|A/cattle/Texas/24-008749-003/2024(H5N1)	1839	2379
PB2|PP755596.1|A/cattle/Texas/24-008749-003/2024(H5N1)	1840	2378
PB2|PP755596.1|A/cattle/Texas/24-008749-003/2024(H5N1)	1841	2350
PB2|PP755596.1|A/cattle/Texas/24-008749-003/2024(H5N1)	1842	2321
PB2|PP755596.1|A/cattle/Texas/24-008749-003/2024(H5N1)	1843	2348
PB2|PP755596.1|A/cattle/Texas/24-008749-003/2024(H5N1)	1844	2359
PB2|PP755596.1|A/cattle/Texas/24-008749-003/2024(H5N1)	1845	2348
PB2|PP755596.1|A/cattle/Texas/24-008749-003/2024(H5N1)	1846	2291
PB2|PP755596.1|A/cattle/Texas/24-008749-003/2024(H5N1)	1847	2290
PB2|PP755596.1|A/cattle/Texas/24-008749-003/2024(H5N1)	1848	2290
PB2|PP755596.1|A/cattle/Texas/24-008749-003/2024(H5N1)	1849	2335
PB2|PP755596.1|A/cattle/Texas/24-008749-003/2024(H5N1)	1850	2343
PB2|PP755596.1|A/cattle/Texas/24-008749-003/2024(H5N1)	1851	2332
PB2|PP755596.1|A/cattle/Texas/24-008749-003/2024(H5N1)	1852	2367
PB2|PP755596.1|A/cattle/Texas/24-008749-003/2024(H5N1)	1853	2339
PB2|PP755596.1|A/cattle/Texas/24-008749-003/2024(H5N1)	1854	2338
PB2|PP755596.1|A/cattle/Texas/24-008749-003/2024(H5N1)	1855	2336
PB2|PP755596.1|A/cattle/Texas/24-008749-003/2024(H5N1)	1856	2336
PB2|PP755596.1|A/cattle/Texas/24-008749-003/2024(H5N1)	1857	2405
PB2|PP755596.1|A/cattle/Texas/24-008749-003/2024(H5N1)	1858	2369
PB2|PP755596.1|A/cattle/Texas/24-008749-003/2024(H5N1)	1859	2383
PB2|PP755596.1|A/cattle/Texas/24-008749-003/2024(H5N1)	1860	2364
PB2|PP755596.1|A/cattle/Texas/24-008749-003/2024(H5N1)	1861	2322
PB2|PP755596.1|A/cattle/Texas/24-008749-003/2024(H5N1)	1862	2323
PB2|PP755596.1|A/cattle/Texas/24-008749-003/2024(H5N1)	1863	2323
PB2|PP755596.1|A/cattle/Texas/24-008749-003/2024(H5N1)	1864	2278
PB2|PP755596.1|A/cattle/Texas/24-008749-003/2024(H5N1)	1865	2283
PB2|PP755596.1|A/cattle/Texas/24-008749-003/2024(H5N1)	1866	2267
PB2|PP755596.1|A/cattle/Texas/24-008749-003/2024(H5N1)	1867	2269
PB2|PP755596.1|A/cattle/Texas/24-008749-003/2024(H5N1)	1868	2270
PB2|PP755596.1|A/cattle/Texas/24-008749-003/2024(H5N1)	1869	2273
PB2|PP755596.1|A/cattle/Texas/24-008749-003/2024(H5N1)	1870	2300
PB2|PP755596.1|A/cattle/Texas/24-008749-003/2024(H5N1)	1871	2306
PB2|PP755596.1|A/cattle/Texas/24-008749-003/2024(H5N1)	1872	2304
PB2|PP755596.1|A/cattle/Texas/24-008749-003/2024(H5N1)	1873	2359
PB2|PP755596.1|A/cattle/Texas/24-008749-003/2024(H5N1)	1874	2359
PB2|PP755596.1|A/cattle/Texas/24-008749-003/2024(H5N1)	1875	2372
PB2|PP755596.1|A/cattle/Texas/24-008749-003/2024(H5N1)	1876	2369
PB2|PP755596.1|A/cattle/Texas/24-008749-003/2024(H5N1)	1877	2366
PB2|PP755596.1|A/cattle/Texas/24-008749-003/2024(H5N1)	1878	2367
PB2|PP755596.1|A/cattle/Texas/24-008749-003/2024(H5N1)	1879	2370
PB2|PP755596.1|A/cattle/Texas/24-008749-003/2024(H5N1)	1880	2374
PB2|PP755596.1|A/cattle/Texas/24-008749-003/2024(H5N1)	1881	2387
PB2|PP755596.1|A/cattle/Texas/24-008749-003/2024(H5N1)	1882	2386
PB2|PP755596.1|A/cattle/Texas/24-008749-003/2024(H5N1)	1883	2388
PB2|PP755596.1|A/cattle/Texas/24-008749-003/2024(H5N1)	1884	2406
PB2|PP755596.1|A/cattle/Texas/24-008749-003/2024(H5N1)	1885	2402
PB2|PP755596.1|A/cattle/Texas/24-008749-003/2024(H5N1)	1886	2432
PB2|PP755596.1|A/cattle/Texas/24-008749-003/2024(H5N1)	1887	2447
PB2|PP755596.1|A/cattle/Texas/24-008749-003/2024(H5N1)	1888	2365
PB2|PP755596.1|A/cattle/Texas/24-008749-003/2024(H5N1)	1889	2359
PB2|PP755596.1|A/cattle/Texas/24-008749-003/2024(H5N1)	1890	2351
PB2|PP755596.1|A/cattle/Texas/24-008749-003/2024(H5N1)	1891	2422
PB2|PP755596.1|A/cattle/Texas/24-008749-003/2024(H5N1)	1892	2427
PB2|PP755596.1|A/cattle/Texas/24-008749-003/2024(H5N1)	1893	2414
PB2|PP755596.1|A/cattle/Texas/24-008749-003/2024(H5N1)	1894	2434
PB2|PP755596.1|A/cattle/Texas/24-008749-003/2024(H5N1)	1895	2416
PB2|PP755596.1|A/cattle/Texas/24-008749-003/2024(H5N1)	1896	2466
PB2|PP755596.1|A/cattle/Texas/24-008749-003/2024(H5N1)	1897	2470
PB2|PP755596.1|A/cattle/Texas/24-008749-003/2024(H5N1)	1898	2483
PB2|PP755596.1|A/cattle/Texas/24-008749-003/2024(H5N1)	1899	2476
PB2|PP755596.1|A/cattle/Texas/24-008749-003/2024(H5N1)	1900	2432
PB2|PP755596.1|A/cattle/Texas/24-008749-003/2024(H5N1)	1901	2457
PB2|PP755596.1|A/cattle/Texas/24-008749-003/2024(H5N1)	1902	2400
PB2|PP755596.1|A/cattle/Texas/24-008749-003/2024(H5N1)	1903	2392
PB2|PP755596.1|A/cattle/Texas/24-008749-003/2024(H5N1)	1904	2416
PB2|PP755596.1|A/cattle/Texas/24-008749-003/2024(H5N1)	1905	2390
PB2|PP755596.1|A/cattle/Texas/24-008749-003/2024(H5N1)	1906	2419
PB2|PP755596.1|A/cattle/Texas/24-008749-003/2024(H5N1)	1907	2393
PB2|PP755596.1|A/cattle/Texas/24-008749-003/2024(H5N1)	1908	2405
PB2|PP755596.1|A/cattle/Texas/24-008749-003/2024(H5N1)	1909	2444
PB2|PP755596.1|A/cattle/Texas/24-008749-003/2024(H5N1)	1910	2469
PB2|PP755596.1|A/cattle/Texas/24-008749-003/2024(H5N1)	1911	2495
PB2|PP755596.1|A/cattle/Texas/24-008749-003/2024(H5N1)	1912	2513
PB2|PP755596.1|A/cattle/Texas/24-008749-003/2024(H5N1)	1913	2491
PB2|PP755596.1|A/cattle/Texas/24-008749-003/2024(H5N1)	1914	2516
PB2|PP755596.1|A/cattle/Texas/24-008749-003/2024(H5N1)	1915	2531
PB2|PP755596.1|A/cattle/Texas/24-008749-003/2024(H5N1)	1916	2537
PB2|PP755596.1|A/cattle/Texas/24-008749-003/2024(H5N1)	1917	2523
PB2|PP755596.1|A/cattle/Texas/24-008749-003/2024(H5N1)	1918	2527
PB2|PP755596.1|A/cattle/Texas/24-008749-003/2024(H5N1)	1919	2367
PB2|PP755596.1|A/cattle/Texas/24-008749-003/2024(H5N1)	1920	2370
PB2|PP755596.1|A/cattle/Texas/24-008749-003/2024(H5N1)	1921	2355
PB2|PP755596.1|A/cattle/Texas/24-008749-003/2024(H5N1)	1922	2348
PB2|PP755596.1|A/cattle/Texas/24-008749-003/2024(H5N1)	1923	2334
PB2|PP755596.1|A/cattle/Texas/24-008749-003/2024(H5N1)	1924	2283
PB2|PP755596.1|A/cattle/Texas/24-008749-003/2024(H5N1)	1925	2395
PB2|PP755596.1|A/cattle/Texas/24-008749-003/2024(H5N1)	1926	2416
PB2|PP755596.1|A/cattle/Texas/24-008749-003/2024(H5N1)	1927	2391
PB2|PP755596.1|A/cattle/Texas/24-008749-003/2024(H5N1)	1928	2385
PB2|PP755596.1|A/cattle/Texas/24-008749-003/2024(H5N1)	1929	2386
PB2|PP755596.1|A/cattle/Texas/24-008749-003/2024(H5N1)	1930	2411
PB2|PP755596.1|A/cattle/Texas/24-008749-003/2024(H5N1)	1931	2399
PB2|PP755596.1|A/cattle/Texas/24-008749-003/2024(H5N1)	1932	2402
PB2|PP755596.1|A/cattle/Texas/24-008749-003/2024(H5N1)	1933	2391
PB2|PP755596.1|A/cattle/Texas/24-008749-003/2024(H5N1)	1934	2352
PB2|PP755596.1|A/cattle/Texas/24-008749-003/2024(H5N1)	1935	2352
PB2|PP755596.1|A/cattle/Texas/24-008749-003/2024(H5N1)	1936	2341
PB2|PP755596.1|A/cattle/Texas/24-008749-003/2024(H5N1)	1937	2365
PB2|PP755596.1|A/cattle/Texas/24-008749-003/2024(H5N1)	1938	2361
PB2|PP755596.1|A/cattle/Texas/24-008749-003/2024(H5N1)	1939	2341
PB2|PP755596.1|A/cattle/Texas/24-008749-003/2024(H5N1)	1940	2339
PB2|PP755596.1|A/cattle/Texas/24-008749-003/2024(H5N1)	1941	2331
PB2|PP755596.1|A/cattle/Texas/24-008749-003/2024(H5N1)	1942	2319
PB2|PP755596.1|A/cattle/Texas/24-008749-003/2024(H5N1)	1943	2277
PB2|PP755596.1|A/cattle/Texas/24-008749-003/2024(H5N1)	1944	2343
PB2|PP755596.1|A/cattle/Texas/24-008749-003/2024(H5N1)	1945	2343
PB2|PP755596.1|A/cattle/Texas/24-008749-003/2024(H5N1)	1946	2348
PB2|PP755596.1|A/cattle/Texas/24-008749-003/2024(H5N1)	1947	2349
PB2|PP755596.1|A/cattle/Texas/24-008749-003/2024(H5N1)	1948	2327
PB2|PP755596.1|A/cattle/Texas/24-008749-003/2024(H5N1)	1949	2328
PB2|PP755596.1|A/cattle/Texas/24-008749-003/2024(H5N1)	1950	2343
PB2|PP755596.1|A/cattle/Texas/24-008749-003/2024(H5N1)	1951	2350
PB2|PP755596.1|A/cattle/Texas/24-008749-003/2024(H5N1)	1952	2352
PB2|PP755596.1|A/cattle/Texas/24-008749-003/2024(H5N1)	1953	2346
PB2|PP755596.1|A/cattle/Texas/24-008749-003/2024(H5N1)	1954	2336
PB2|PP755596.1|A/cattle/Texas/24-008749-003/2024(H5N1)	1955	2377
PB2|PP755596.1|A/cattle/Texas/24-008749-003/2024(H5N1)	1956	2388
PB2|PP755596.1|A/cattle/Texas/24-008749-003/2024(H5N1)	1957	2383
PB2|PP755596.1|A/cattle/Texas/24-008749-003/2024(H5N1)	1958	2411
PB2|PP755596.1|A/cattle/Texas/24-008749-003/2024(H5N1)	1959	2407
PB2|PP755596.1|A/cattle/Texas/24-008749-003/2024(H5N1)	1960	2417
PB2|PP755596.1|A/cattle/Texas/24-008749-003/2024(H5N1)	1961	2410
PB2|PP755596.1|A/cattle/Texas/24-008749-003/2024(H5N1)	1962	2391
PB2|PP755596.1|A/cattle/Texas/24-008749-003/2024(H5N1)	1963	2448
PB2|PP755596.1|A/cattle/Texas/24-008749-003/2024(H5N1)	1964	2426
PB2|PP755596.1|A/cattle/Texas/24-008749-003/2024(H5N1)	1965	2468
PB2|PP755596.1|A/cattle/Texas/24-008749-003/2024(H5N1)	1966	2486
PB2|PP755596.1|A/cattle/Texas/24-008749-003/2024(H5N1)	1967	2466
PB2|PP755596.1|A/cattle/Texas/24-008749-003/2024(H5N1)	1968	2453
PB2|PP755596.1|A/cattle/Texas/24-008749-003/2024(H5N1)	1969	2452
PB2|PP755596.1|A/cattle/Texas/24-008749-003/2024(H5N1)	1970	2480
PB2|PP755596.1|A/cattle/Texas/24-008749-003/2024(H5N1)	1971	2478
PB2|PP755596.1|A/cattle/Texas/24-008749-003/2024(H5N1)	1972	2706
PB2|PP755596.1|A/cattle/Texas/24-008749-003/2024(H5N1)	1973	2713
PB2|PP755596.1|A/cattle/Texas/24-008749-003/2024(H5N1)	1974	2731
PB2|PP755596.1|A/cattle/Texas/24-008749-003/2024(H5N1)	1975	2727
PB2|PP755596.1|A/cattle/Texas/24-008749-003/2024(H5N1)	1976	2721
PB2|PP755596.1|A/cattle/Texas/24-008749-003/2024(H5N1)	1977	2656
PB2|PP755596.1|A/cattle/Texas/24-008749-003/2024(H5N1)	1978	2641
PB2|PP755596.1|A/cattle/Texas/24-008749-003/2024(H5N1)	1979	2616
PB2|PP755596.1|A/cattle/Texas/24-008749-003/2024(H5N1)	1980	2625
PB2|PP755596.1|A/cattle/Texas/24-008749-003/2024(H5N1)	1981	2657
PB2|PP755596.1|A/cattle/Texas/24-008749-003/2024(H5N1)	1982	2680
PB2|PP755596.1|A/cattle/Texas/24-008749-003/2024(H5N1)	1983	2662
PB2|PP755596.1|A/cattle/Texas/24-008749-003/2024(H5N1)	1984	2700
PB2|PP755596.1|A/cattle/Texas/24-008749-003/2024(H5N1)	1985	2702
PB2|PP755596.1|A/cattle/Texas/24-008749-003/2024(H5N1)	1986	2701
PB2|PP755596.1|A/cattle/Texas/24-008749-003/2024(H5N1)	1987	2737
PB2|PP755596.1|A/cattle/Texas/24-008749-003/2024(H5N1)	1988	2657
PB2|PP755596.1|A/cattle/Texas/24-008749-003/2024(H5N1)	1989	2668
PB2|PP755596.1|A/cattle/Texas/24-008749-003/2024(H5N1)	1990	2638
PB2|PP755596.1|A/cattle/Texas/24-008749-003/2024(H5N1)	1991	2731
PB2|PP755596.1|A/cattle/Texas/24-008749-003/2024(H5N1)	1992	2745
PB2|PP755596.1|A/cattle/Texas/24-008749-003/2024(H5N1)	1993	2727
PB2|PP755596.1|A/cattle/Texas/24-008749-003/2024(H5N1)	1994	2725
PB2|PP755596.1|A/cattle/Texas/24-008749-003/2024(H5N1)	1995	2728
PB2|PP755596.1|A/cattle/Texas/24-008749-003/2024(H5N1)	1996	2728
PB2|PP755596.1|A/cattle/Texas/24-008749-003/2024(H5N1)	1997	2729
PB2|PP755596.1|A/cattle/Texas/24-008749-003/2024(H5N1)	1998	2724
PB2|PP755596.1|A/cattle/Texas/24-008749-003/2024(H5N1)	1999	2813
PB2|PP755596.1|A/cattle/Texas/24-008749-003/2024(H5N1)	2000	2765
PB2|PP755596.1|A/cattle/Texas/24-008749-003/2024(H5N1)	2001	2755
PB2|PP755596.1|A/cattle/Texas/24-008749-003/2024(H5N1)	2002	2790
PB2|PP755596.1|A/cattle/Texas/24-008749-003/2024(H5N1)	2003	2784
PB2|PP755596.1|A/cattle/Texas/24-008749-003/2024(H5N1)	2004	2797
PB2|PP755596.1|A/cattle/Texas/24-008749-003/2024(H5N1)	2005	2797
PB2|PP755596.1|A/cattle/Texas/24-008749-003/2024(H5N1)	2006	2806
PB2|PP755596.1|A/cattle/Texas/24-008749-003/2024(H5N1)	2007	2832
PB2|PP755596.1|A/cattle/Texas/24-008749-003/2024(H5N1)	2008	2770
PB2|PP755596.1|A/cattle/Texas/24-008749-003/2024(H5N1)	2009	2768
PB2|PP755596.1|A/cattle/Texas/24-008749-003/2024(H5N1)	2010	2768
PB2|PP755596.1|A/cattle/Texas/24-008749-003/2024(H5N1)	2011	2764
PB2|PP755596.1|A/cattle/Texas/24-008749-003/2024(H5N1)	2012	2807
PB2|PP755596.1|A/cattle/Texas/24-008749-003/2024(H5N1)	2013	2819
PB2|PP755596.1|A/cattle/Texas/24-008749-003/2024(H5N1)	2014	2827
PB2|PP755596.1|A/cattle/Texas/24-008749-003/2024(H5N1)	2015	2899
PB2|PP755596.1|A/cattle/Texas/24-008749-003/2024(H5N1)	2016	2896
PB2|PP755596.1|A/cattle/Texas/24-008749-003/2024(H5N1)	2017	2923
PB2|PP755596.1|A/cattle/Texas/24-008749-003/2024(H5N1)	2018	2950
PB2|PP755596.1|A/cattle/Texas/24-008749-003/2024(H5N1)	2019	2930
PB2|PP755596.1|A/cattle/Texas/24-008749-003/2024(H5N1)	2020	2960
PB2|PP755596.1|A/cattle/Texas/24-008749-003/2024(H5N1)	2021	2975
PB2|PP755596.1|A/cattle/Texas/24-008749-003/2024(H5N1)	2022	2973
PB2|PP755596.1|A/cattle/Texas/24-008749-003/2024(H5N1)	2023	2979
PB2|PP755596.1|A/cattle/Texas/24-008749-003/2024(H5N1)	2024	2916
PB2|PP755596.1|A/cattle/Texas/24-008749-003/2024(H5N1)	2025	2926
PB2|PP755596.1|A/cattle/Texas/24-008749-003/2024(H5N1)	2026	2905
PB2|PP755596.1|A/cattle/Texas/24-008749-003/2024(H5N1)	2027	2933
PB2|PP755596.1|A/cattle/Texas/24-008749-003/2024(H5N1)	2028	2935
PB2|PP755596.1|A/cattle/Texas/24-008749-003/2024(H5N1)	2029	2914
PB2|PP755596.1|A/cattle/Texas/24-008749-003/2024(H5N1)	2030	2895
PB2|PP755596.1|A/cattle/Texas/24-008749-003/2024(H5N1)	2031	2897
PB2|PP755596.1|A/cattle/Texas/24-008749-003/2024(H5N1)	2032	2894
PB2|PP755596.1|A/cattle/Texas/24-008749-003/2024(H5N1)	2033	2955
PB2|PP755596.1|A/cattle/Texas/24-008749-003/2024(H5N1)	2034	2936
PB2|PP755596.1|A/cattle/Texas/24-008749-003/2024(H5N1)	2035	2925
PB2|PP755596.1|A/cattle/Texas/24-008749-003/2024(H5N1)	2036	2880
PB2|PP755596.1|A/cattle/Texas/24-008749-003/2024(H5N1)	2037	2865
PB2|PP755596.1|A/cattle/Texas/24-008749-003/2024(H5N1)	2038	2939
PB2|PP755596.1|A/cattle/Texas/24-008749-003/2024(H5N1)	2039	2963
PB2|PP755596.1|A/cattle/Texas/24-008749-003/2024(H5N1)	2040	2963
PB2|PP755596.1|A/cattle/Texas/24-008749-003/2024(H5N1)	2041	2958
PB2|PP755596.1|A/cattle/Texas/24-008749-003/2024(H5N1)	2042	2889
PB2|PP755596.1|A/cattle/Texas/24-008749-003/2024(H5N1)	2043	2896
PB2|PP755596.1|A/cattle/Texas/24-008749-003/2024(H5N1)	2044	2910
PB2|PP755596.1|A/cattle/Texas/24-008749-003/2024(H5N1)	2045	2935
PB2|PP755596.1|A/cattle/Texas/24-008749-003/2024(H5N1)	2046	2973
PB2|PP755596.1|A/cattle/Texas/24-008749-003/2024(H5N1)	2047	2887
PB2|PP755596.1|A/cattle/Texas/24-008749-003/2024(H5N1)	2048	2930
PB2|PP755596.1|A/cattle/Texas/24-008749-003/2024(H5N1)	2049	2929
PB2|PP755596.1|A/cattle/Texas/24-008749-003/2024(H5N1)	2050	2973
PB2|PP755596.1|A/cattle/Texas/24-008749-003/2024(H5N1)	2051	3012
PB2|PP755596.1|A/cattle/Texas/24-008749-003/2024(H5N1)	2052	3041
PB2|PP755596.1|A/cattle/Texas/24-008749-003/2024(H5N1)	2053	3104
PB2|PP755596.1|A/cattle/Texas/24-008749-003/2024(H5N1)	2054	3122
PB2|PP755596.1|A/cattle/Texas/24-008749-003/2024(H5N1)	2055	3121
PB2|PP755596.1|A/cattle/Texas/24-008749-003/2024(H5N1)	2056	3127
PB2|PP755596.1|A/cattle/Texas/24-008749-003/2024(H5N1)	2057	3105
PB2|PP755596.1|A/cattle/Texas/24-008749-003/2024(H5N1)	2058	3112
PB2|PP755596.1|A/cattle/Texas/24-008749-003/2024(H5N1)	2059	3093
PB2|PP755596.1|A/cattle/Texas/24-008749-003/2024(H5N1)	2060	3058
PB2|PP755596.1|A/cattle/Texas/24-008749-003/2024(H5N1)	2061	3043
PB2|PP755596.1|A/cattle/Texas/24-008749-003/2024(H5N1)	2062	2971
PB2|PP755596.1|A/cattle/Texas/24-008749-003/2024(H5N1)	2063	2949
PB2|PP755596.1|A/cattle/Texas/24-008749-003/2024(H5N1)	2064	2950
PB2|PP755596.1|A/cattle/Texas/24-008749-003/2024(H5N1)	2065	2950
PB2|PP755596.1|A/cattle/Texas/24-008749-003/2024(H5N1)	2066	2938
PB2|PP755596.1|A/cattle/Texas/24-008749-003/2024(H5N1)	2067	2947
PB2|PP755596.1|A/cattle/Texas/24-008749-003/2024(H5N1)	2068	3008
PB2|PP755596.1|A/cattle/Texas/24-008749-003/2024(H5N1)	2069	3004
PB2|PP755596.1|A/cattle/Texas/24-008749-003/2024(H5N1)	2070	3015
PB2|PP755596.1|A/cattle/Texas/24-008749-003/2024(H5N1)	2071	3012
PB2|PP755596.1|A/cattle/Texas/24-008749-003/2024(H5N1)	2072	2992
PB2|PP755596.1|A/cattle/Texas/24-008749-003/2024(H5N1)	2073	2994
PB2|PP755596.1|A/cattle/Texas/24-008749-003/2024(H5N1)	2074	2989
PB2|PP755596.1|A/cattle/Texas/24-008749-003/2024(H5N1)	2075	2987
PB2|PP755596.1|A/cattle/Texas/24-008749-003/2024(H5N1)	2076	2912
PB2|PP755596.1|A/cattle/Texas/24-008749-003/2024(H5N1)	2077	2880
PB2|PP755596.1|A/cattle/Texas/24-008749-003/2024(H5N1)	2078	2887
PB2|PP755596.1|A/cattle/Texas/24-008749-003/2024(H5N1)	2079	2935
PB2|PP755596.1|A/cattle/Texas/24-008749-003/2024(H5N1)	2080	3086
PB2|PP755596.1|A/cattle/Texas/24-008749-003/2024(H5N1)	2081	3059
PB2|PP755596.1|A/cattle/Texas/24-008749-003/2024(H5N1)	2082	3078
PB2|PP755596.1|A/cattle/Texas/24-008749-003/2024(H5N1)	2083	3048
PB2|PP755596.1|A/cattle/Texas/24-008749-003/2024(H5N1)	2084	3052
PB2|PP755596.1|A/cattle/Texas/24-008749-003/2024(H5N1)	2085	3060
PB2|PP755596.1|A/cattle/Texas/24-008749-003/2024(H5N1)	2086	3075
PB2|PP755596.1|A/cattle/Texas/24-008749-003/2024(H5N1)	2087	3076
PB2|PP755596.1|A/cattle/Texas/24-008749-003/2024(H5N1)	2088	3110
PB2|PP755596.1|A/cattle/Texas/24-008749-003/2024(H5N1)	2089	3106
PB2|PP755596.1|A/cattle/Texas/24-008749-003/2024(H5N1)	2090	3092
PB2|PP755596.1|A/cattle/Texas/24-008749-003/2024(H5N1)	2091	3107
PB2|PP755596.1|A/cattle/Texas/24-008749-003/2024(H5N1)	2092	3108
PB2|PP755596.1|A/cattle/Texas/24-008749-003/2024(H5N1)	2093	3134
PB2|PP755596.1|A/cattle/Texas/24-008749-003/2024(H5N1)	2094	3071
PB2|PP755596.1|A/cattle/Texas/24-008749-003/2024(H5N1)	2095	3071
PB2|PP755596.1|A/cattle/Texas/24-008749-003/2024(H5N1)	2096	3126
PB2|PP755596.1|A/cattle/Texas/24-008749-003/2024(H5N1)	2097	3127
PB2|PP755596.1|A/cattle/Texas/24-008749-003/2024(H5N1)	2098	3173
PB2|PP755596.1|A/cattle/Texas/24-008749-003/2024(H5N1)	2099	3231
PB2|PP755596.1|A/cattle/Texas/24-008749-003/2024(H5N1)	2100	3225
PB2|PP755596.1|A/cattle/Texas/24-008749-003/2024(H5N1)	2101	3231
PB2|PP755596.1|A/cattle/Texas/24-008749-003/2024(H5N1)	2102	3227
PB2|PP755596.1|A/cattle/Texas/24-008749-003/2024(H5N1)	2103	3227
PB2|PP755596.1|A/cattle/Texas/24-008749-003/2024(H5N1)	2104	3225
PB2|PP755596.1|A/cattle/Texas/24-008749-003/2024(H5N1)	2105	3220
PB2|PP755596.1|A/cattle/Texas/24-008749-003/2024(H5N1)	2106	3192
PB2|PP755596.1|A/cattle/Texas/24-008749-003/2024(H5N1)	2107	3232
PB2|PP755596.1|A/cattle/Texas/24-008749-003/2024(H5N1)	2108	3252
PB2|PP755596.1|A/cattle/Texas/24-008749-003/2024(H5N1)	2109	3269
PB2|PP755596.1|A/cattle/Texas/24-008749-003/2024(H5N1)	2110	3310
PB2|PP755596.1|A/cattle/Texas/24-008749-003/2024(H5N1)	2111	3327
PB2|PP755596.1|A/cattle/Texas/24-008749-003/2024(H5N1)	2112	3323
PB2|PP755596.1|A/cattle/Texas/24-008749-003/2024(H5N1)	2113	3340
PB2|PP755596.1|A/cattle/Texas/24-008749-003/2024(H5N1)	2114	3770
PB2|PP755596.1|A/cattle/Texas/24-008749-003/2024(H5N1)	2115	3753
PB2|PP755596.1|A/cattle/Texas/24-008749-003/2024(H5N1)	2116	3705
PB2|PP755596.1|A/cattle/Texas/24-008749-003/2024(H5N1)	2117	3688
PB2|PP755596.1|A/cattle/Texas/24-008749-003/2024(H5N1)	2118	3658
PB2|PP755596.1|A/cattle/Texas/24-008749-003/2024(H5N1)	2119	3763
PB2|PP755596.1|A/cattle/Texas/24-008749-003/2024(H5N1)	2120	3732
PB2|PP755596.1|A/cattle/Texas/24-008749-003/2024(H5N1)	2121	3736
PB2|PP755596.1|A/cattle/Texas/24-008749-003/2024(H5N1)	2122	3704
PB2|PP755596.1|A/cattle/Texas/24-008749-003/2024(H5N1)	2123	3327
PB2|PP755596.1|A/cattle/Texas/24-008749-003/2024(H5N1)	2124	3372
PB2|PP755596.1|A/cattle/Texas/24-008749-003/2024(H5N1)	2125	3371
PB2|PP755596.1|A/cattle/Texas/24-008749-003/2024(H5N1)	2126	3395
PB2|PP755596.1|A/cattle/Texas/24-008749-003/2024(H5N1)	2127	3439
PB2|PP755596.1|A/cattle/Texas/24-008749-003/2024(H5N1)	2128	3392
PB2|PP755596.1|A/cattle/Texas/24-008749-003/2024(H5N1)	2129	3440
PB2|PP755596.1|A/cattle/Texas/24-008749-003/2024(H5N1)	2130	3450
PB2|PP755596.1|A/cattle/Texas/24-008749-003/2024(H5N1)	2131	3450
PB2|PP755596.1|A/cattle/Texas/24-008749-003/2024(H5N1)	2132	3453
PB2|PP755596.1|A/cattle/Texas/24-008749-003/2024(H5N1)	2133	3417
PB2|PP755596.1|A/cattle/Texas/24-008749-003/2024(H5N1)	2134	3444
PB2|PP755596.1|A/cattle/Texas/24-008749-003/2024(H5N1)	2135	3404
PB2|PP755596.1|A/cattle/Texas/24-008749-003/2024(H5N1)	2136	3419
PB2|PP755596.1|A/cattle/Texas/24-008749-003/2024(H5N1)	2137	3417
PB2|PP755596.1|A/cattle/Texas/24-008749-003/2024(H5N1)	2138	3432
PB2|PP755596.1|A/cattle/Texas/24-008749-003/2024(H5N1)	2139	3458
PB2|PP755596.1|A/cattle/Texas/24-008749-003/2024(H5N1)	2140	3446
PB2|PP755596.1|A/cattle/Texas/24-008749-003/2024(H5N1)	2141	3446
PB2|PP755596.1|A/cattle/Texas/24-008749-003/2024(H5N1)	2142	3398
PB2|PP755596.1|A/cattle/Texas/24-008749-003/2024(H5N1)	2143	3371
PB2|PP755596.1|A/cattle/Texas/24-008749-003/2024(H5N1)	2144	3371
PB2|PP755596.1|A/cattle/Texas/24-008749-003/2024(H5N1)	2145	3348
PB2|PP755596.1|A/cattle/Texas/24-008749-003/2024(H5N1)	2146	3334
PB2|PP755596.1|A/cattle/Texas/24-008749-003/2024(H5N1)	2147	3337
PB2|PP755596.1|A/cattle/Texas/24-008749-003/2024(H5N1)	2148	3409
PB2|PP755596.1|A/cattle/Texas/24-008749-003/2024(H5N1)	2149	3471
PB2|PP755596.1|A/cattle/Texas/24-008749-003/2024(H5N1)	2150	3478
PB2|PP755596.1|A/cattle/Texas/24-008749-003/2024(H5N1)	2151	3483
PB2|PP755596.1|A/cattle/Texas/24-008749-003/2024(H5N1)	2152	3484
PB2|PP755596.1|A/cattle/Texas/24-008749-003/2024(H5N1)	2153	3388
PB2|PP755596.1|A/cattle/Texas/24-008749-003/2024(H5N1)	2154	3399
PB2|PP755596.1|A/cattle/Texas/24-008749-003/2024(H5N1)	2155	3430
PB2|PP755596.1|A/cattle/Texas/24-008749-003/2024(H5N1)	2156	3447
PB2|PP755596.1|A/cattle/Texas/24-008749-003/2024(H5N1)	2157	3436
PB2|PP755596.1|A/cattle/Texas/24-008749-003/2024(H5N1)	2158	3443
PB2|PP755596.1|A/cattle/Texas/24-008749-003/2024(H5N1)	2159	3443
PB2|PP755596.1|A/cattle/Texas/24-008749-003/2024(H5N1)	2160	3457
PB2|PP755596.1|A/cattle/Texas/24-008749-003/2024(H5N1)	2161	3542
PB2|PP755596.1|A/cattle/Texas/24-008749-003/2024(H5N1)	2162	3562
PB2|PP755596.1|A/cattle/Texas/24-008749-003/2024(H5N1)	2163	3557
PB2|PP755596.1|A/cattle/Texas/24-008749-003/2024(H5N1)	2164	4067
PB2|PP755596.1|A/cattle/Texas/24-008749-003/2024(H5N1)	2165	4098
PB2|PP755596.1|A/cattle/Texas/24-008749-003/2024(H5N1)	2166	4096
PB2|PP755596.1|A/cattle/Texas/24-008749-003/2024(H5N1)	2167	4069
PB2|PP755596.1|A/cattle/Texas/24-008749-003/2024(H5N1)	2168	4096
PB2|PP755596.1|A/cattle/Texas/24-008749-003/2024(H5N1)	2169	4076
PB2|PP755596.1|A/cattle/Texas/24-008749-003/2024(H5N1)	2170	4108
PB2|PP755596.1|A/cattle/Texas/24-008749-003/2024(H5N1)	2171	4051
PB2|PP755596.1|A/cattle/Texas/24-008749-003/2024(H5N1)	2172	4028
PB2|PP755596.1|A/cattle/Texas/24-008749-003/2024(H5N1)	2173	4020
PB2|PP755596.1|A/cattle/Texas/24-008749-003/2024(H5N1)	2174	4011
PB2|PP755596.1|A/cattle/Texas/24-008749-003/2024(H5N1)	2175	4020
PB2|PP755596.1|A/cattle/Texas/24-008749-003/2024(H5N1)	2176	4013
PB2|PP755596.1|A/cattle/Texas/24-008749-003/2024(H5N1)	2177	4003
PB2|PP755596.1|A/cattle/Texas/24-008749-003/2024(H5N1)	2178	3990
PB2|PP755596.1|A/cattle/Texas/24-008749-003/2024(H5N1)	2179	3988
PB2|PP755596.1|A/cattle/Texas/24-008749-003/2024(H5N1)	2180	3981
PB2|PP755596.1|A/cattle/Texas/24-008749-003/2024(H5N1)	2181	3992
PB2|PP755596.1|A/cattle/Texas/24-008749-003/2024(H5N1)	2182	3977
PB2|PP755596.1|A/cattle/Texas/24-008749-003/2024(H5N1)	2183	3974
PB2|PP755596.1|A/cattle/Texas/24-008749-003/2024(H5N1)	2184	3937
PB2|PP755596.1|A/cattle/Texas/24-008749-003/2024(H5N1)	2185	3947
PB2|PP755596.1|A/cattle/Texas/24-008749-003/2024(H5N1)	2186	3986
PB2|PP755596.1|A/cattle/Texas/24-008749-003/2024(H5N1)	2187	3986
PB2|PP755596.1|A/cattle/Texas/24-008749-003/2024(H5N1)	2188	4031
PB2|PP755596.1|A/cattle/Texas/24-008749-003/2024(H5N1)	2189	3983
PB2|PP755596.1|A/cattle/Texas/24-008749-003/2024(H5N1)	2190	3975
PB2|PP755596.1|A/cattle/Texas/24-008749-003/2024(H5N1)	2191	3972
PB2|PP755596.1|A/cattle/Texas/24-008749-003/2024(H5N1)	2192	3983
PB2|PP755596.1|A/cattle/Texas/24-008749-003/2024(H5N1)	2193	3965
PB2|PP755596.1|A/cattle/Texas/24-008749-003/2024(H5N1)	2194	3997
PB2|PP755596.1|A/cattle/Texas/24-008749-003/2024(H5N1)	2195	3936
PB2|PP755596.1|A/cattle/Texas/24-008749-003/2024(H5N1)	2196	3935
PB2|PP755596.1|A/cattle/Texas/24-008749-003/2024(H5N1)	2197	3832
PB2|PP755596.1|A/cattle/Texas/24-008749-003/2024(H5N1)	2198	3788
PB2|PP755596.1|A/cattle/Texas/24-008749-003/2024(H5N1)	2199	3739
PB2|PP755596.1|A/cattle/Texas/24-008749-003/2024(H5N1)	2200	3736
PB2|PP755596.1|A/cattle/Texas/24-008749-003/2024(H5N1)	2201	3684
PB2|PP755596.1|A/cattle/Texas/24-008749-003/2024(H5N1)	2202	3666
PB2|PP755596.1|A/cattle/Texas/24-008749-003/2024(H5N1)	2203	3613
PB2|PP755596.1|A/cattle/Texas/24-008749-003/2024(H5N1)	2204	3553
PB2|PP755596.1|A/cattle/Texas/24-008749-003/2024(H5N1)	2205	3543
PB2|PP755596.1|A/cattle/Texas/24-008749-003/2024(H5N1)	2206	3535
PB2|PP755596.1|A/cattle/Texas/24-008749-003/2024(H5N1)	2207	3530
PB2|PP755596.1|A/cattle/Texas/24-008749-003/2024(H5N1)	2208	3529
PB2|PP755596.1|A/cattle/Texas/24-008749-003/2024(H5N1)	2209	3516
PB2|PP755596.1|A/cattle/Texas/24-008749-003/2024(H5N1)	2210	3515
PB2|PP755596.1|A/cattle/Texas/24-008749-003/2024(H5N1)	2211	3504
PB2|PP755596.1|A/cattle/Texas/24-008749-003/2024(H5N1)	2212	3498
PB2|PP755596.1|A/cattle/Texas/24-008749-003/2024(H5N1)	2213	3502
PB2|PP755596.1|A/cattle/Texas/24-008749-003/2024(H5N1)	2214	3489
PB2|PP755596.1|A/cattle/Texas/24-008749-003/2024(H5N1)	2215	3483
PB2|PP755596.1|A/cattle/Texas/24-008749-003/2024(H5N1)	2216	3480
PB2|PP755596.1|A/cattle/Texas/24-008749-003/2024(H5N1)	2217	3492
PB2|PP755596.1|A/cattle/Texas/24-008749-003/2024(H5N1)	2218	3491
PB2|PP755596.1|A/cattle/Texas/24-008749-003/2024(H5N1)	2219	3463
PB2|PP755596.1|A/cattle/Texas/24-008749-003/2024(H5N1)	2220	3464
PB2|PP755596.1|A/cattle/Texas/24-008749-003/2024(H5N1)	2221	3457
PB2|PP755596.1|A/cattle/Texas/24-008749-003/2024(H5N1)	2222	3509
PB2|PP755596.1|A/cattle/Texas/24-008749-003/2024(H5N1)	2223	3509
PB2|PP755596.1|A/cattle/Texas/24-008749-003/2024(H5N1)	2224	3506
PB2|PP755596.1|A/cattle/Texas/24-008749-003/2024(H5N1)	2225	3505
PB2|PP755596.1|A/cattle/Texas/24-008749-003/2024(H5N1)	2226	3466
PB2|PP755596.1|A/cattle/Texas/24-008749-003/2024(H5N1)	2227	3465
PB2|PP755596.1|A/cattle/Texas/24-008749-003/2024(H5N1)	2228	3456
PB2|PP755596.1|A/cattle/Texas/24-008749-003/2024(H5N1)	2229	3365
PB2|PP755596.1|A/cattle/Texas/24-008749-003/2024(H5N1)	2230	3378
PB2|PP755596.1|A/cattle/Texas/24-008749-003/2024(H5N1)	2231	3062
PB2|PP755596.1|A/cattle/Texas/24-008749-003/2024(H5N1)	2232	3062
PB2|PP755596.1|A/cattle/Texas/24-008749-003/2024(H5N1)	2233	3007
PB2|PP755596.1|A/cattle/Texas/24-008749-003/2024(H5N1)	2234	3001
PB2|PP755596.1|A/cattle/Texas/24-008749-003/2024(H5N1)	2235	2999
PB2|PP755596.1|A/cattle/Texas/24-008749-003/2024(H5N1)	2236	2999
PB2|PP755596.1|A/cattle/Texas/24-008749-003/2024(H5N1)	2237	2960
PB2|PP755596.1|A/cattle/Texas/24-008749-003/2024(H5N1)	2238	2971
PB2|PP755596.1|A/cattle/Texas/24-008749-003/2024(H5N1)	2239	2858
PB2|PP755596.1|A/cattle/Texas/24-008749-003/2024(H5N1)	2240	2864
PB2|PP755596.1|A/cattle/Texas/24-008749-003/2024(H5N1)	2241	2855
PB2|PP755596.1|A/cattle/Texas/24-008749-003/2024(H5N1)	2242	2853
PB2|PP755596.1|A/cattle/Texas/24-008749-003/2024(H5N1)	2243	2845
PB2|PP755596.1|A/cattle/Texas/24-008749-003/2024(H5N1)	2244	2845
PB2|PP755596.1|A/cattle/Texas/24-008749-003/2024(H5N1)	2245	2845
PB2|PP755596.1|A/cattle/Texas/24-008749-003/2024(H5N1)	2246	2842
PB2|PP755596.1|A/cattle/Texas/24-008749-003/2024(H5N1)	2247	2710
PB2|PP755596.1|A/cattle/Texas/24-008749-003/2024(H5N1)	2248	2709
PB2|PP755596.1|A/cattle/Texas/24-008749-003/2024(H5N1)	2249	2560
PB2|PP755596.1|A/cattle/Texas/24-008749-003/2024(H5N1)	2250	2560
PB2|PP755596.1|A/cattle/Texas/24-008749-003/2024(H5N1)	2251	2554
PB2|PP755596.1|A/cattle/Texas/24-008749-003/2024(H5N1)	2252	2539
PB2|PP755596.1|A/cattle/Texas/24-008749-003/2024(H5N1)	2253	2529
PB2|PP755596.1|A/cattle/Texas/24-008749-003/2024(H5N1)	2254	2517
PB2|PP755596.1|A/cattle/Texas/24-008749-003/2024(H5N1)	2255	2519
PB2|PP755596.1|A/cattle/Texas/24-008749-003/2024(H5N1)	2256	2519
PB2|PP755596.1|A/cattle/Texas/24-008749-003/2024(H5N1)	2257	2510
PB2|PP755596.1|A/cattle/Texas/24-008749-003/2024(H5N1)	2258	2485
PB2|PP755596.1|A/cattle/Texas/24-008749-003/2024(H5N1)	2259	2457
PB2|PP755596.1|A/cattle/Texas/24-008749-003/2024(H5N1)	2260	2436
PB2|PP755596.1|A/cattle/Texas/24-008749-003/2024(H5N1)	2261	2433
PB2|PP755596.1|A/cattle/Texas/24-008749-003/2024(H5N1)	2262	2430
PB2|PP755596.1|A/cattle/Texas/24-008749-003/2024(H5N1)	2263	2425
PB2|PP755596.1|A/cattle/Texas/24-008749-003/2024(H5N1)	2264	2403
PB2|PP755596.1|A/cattle/Texas/24-008749-003/2024(H5N1)	2265	2114
PB2|PP755596.1|A/cattle/Texas/24-008749-003/2024(H5N1)	2266	2111
PB2|PP755596.1|A/cattle/Texas/24-008749-003/2024(H5N1)	2267	2079
PB2|PP755596.1|A/cattle/Texas/24-008749-003/2024(H5N1)	2268	2076
PB2|PP755596.1|A/cattle/Texas/24-008749-003/2024(H5N1)	2269	2071
PB2|PP755596.1|A/cattle/Texas/24-008749-003/2024(H5N1)	2270	2012
PB2|PP755596.1|A/cattle/Texas/24-008749-003/2024(H5N1)	2271	2010
PB2|PP755596.1|A/cattle/Texas/24-008749-003/2024(H5N1)	2272	2009
PB2|PP755596.1|A/cattle/Texas/24-008749-003/2024(H5N1)	2273	2005
PB2|PP755596.1|A/cattle/Texas/24-008749-003/2024(H5N1)	2274	1968
PB2|PP755596.1|A/cattle/Texas/24-008749-003/2024(H5N1)	2275	1967
PB2|PP755596.1|A/cattle/Texas/24-008749-003/2024(H5N1)	2276	1965
PB2|PP755596.1|A/cattle/Texas/24-008749-003/2024(H5N1)	2277	1933
PB2|PP755596.1|A/cattle/Texas/24-008749-003/2024(H5N1)	2278	1875
PB2|PP755596.1|A/cattle/Texas/24-008749-003/2024(H5N1)	2279	1801
PB2|PP755596.1|A/cattle/Texas/24-008749-003/2024(H5N1)	2280	1771
