PA|PP755594.1|A/cattle/Texas/24-008749-003/2024(H5N1)	1	821
PA|PP755594.1|A/cattle/Texas/24-008749-003/2024(H5N1)	2	823
PA|PP755594.1|A/cattle/Texas/24-008749-003/2024(H5N1)	3	832
PA|PP755594.1|A/cattle/Texas/24-008749-003/2024(H5N1)	4	833
PA|PP755594.1|A/cattle/Texas/24-008749-003/2024(H5N1)	5	834
PA|PP755594.1|A/cattle/Texas/24-008749-003/2024(H5N1)	6	835
PA|PP755594.1|A/cattle/Texas/24-008749-003/2024(H5N1)	7	842
PA|PP755594.1|A/cattle/Texas/24-008749-003/2024(H5N1)	8	861
PA|PP755594.1|A/cattle/Texas/24-008749-003/2024(H5N1)	9	868
PA|PP755594.1|A/cattle/Texas/24-008749-003/2024(H5N1)	10	868
PA|PP755594.1|A/cattle/Texas/24-008749-003/2024(H5N1)	11	891
PA|PP755594.1|A/cattle/Texas/24-008749-003/2024(H5N1)	12	891
PA|PP755594.1|A/cattle/Texas/24-008749-003/2024(H5N1)	13	907
PA|PP755594.1|A/cattle/Texas/24-008749-003/2024(H5N1)	14	907
PA|PP755594.1|A/cattle/Texas/24-008749-003/2024(H5N1)	15	908
PA|PP755594.1|A/cattle/Texas/24-008749-003/2024(H5N1)	16	918
PA|PP755594.1|A/cattle/Texas/24-008749-003/2024(H5N1)	17	918
PA|PP755594.1|A/cattle/Texas/24-008749-003/2024(H5N1)	18	929
PA|PP755594.1|A/cattle/Texas/24-008749-003/2024(H5N1)	19	949
PA|PP755594.1|A/cattle/Texas/24-008749-003/2024(H5N1)	20	949
PA|PP755594.1|A/cattle/Texas/24-008749-003/2024(H5N1)	21	962
PA|PP755594.1|A/cattle/Texas/24-008749-003/2024(H5N1)	22	965
PA|PP755594.1|A/cattle/Texas/24-008749-003/2024(H5N1)	23	1001
PA|PP755594.1|A/cattle/Texas/24-008749-003/2024(H5N1)	24	1033
PA|PP755594.1|A/cattle/Texas/24-008749-003/2024(H5N1)	25	1033
PA|PP755594.1|A/cattle/Texas/24-008749-003/2024(H5N1)	26	1032
PA|PP755594.1|A/cattle/Texas/24-008749-003/2024(H5N1)	27	1033
PA|PP755594.1|A/cattle/Texas/24-008749-003/2024(H5N1)	28	1037
PA|PP755594.1|A/cattle/Texas/24-008749-003/2024(H5N1)	29	1084
PA|PP755594.1|A/cattle/Texas/24-008749-003/2024(H5N1)	30	1085
PA|PP755594.1|A/cattle/Texas/24-008749-003/2024(H5N1)	31	1085
PA|PP755594.1|A/cattle/Texas/24-008749-003/2024(H5N1)	32	1089
PA|PP755594.1|A/cattle/Texas/24-008749-003/2024(H5N1)	33	1106
PA|PP755594.1|A/cattle/Texas/24-008749-003/2024(H5N1)	34	1112
PA|PP755594.1|A/cattle/Texas/24-008749-003/2024(H5N1)	35	1118
PA|PP755594.1|A/cattle/Texas/24-008749-003/2024(H5N1)	36	1118
PA|PP755594.1|A/cattle/Texas/24-008749-003/2024(H5N1)	37	1128
PA|PP755594.1|A/cattle/Texas/24-008749-003/2024(H5N1)	38	1141
PA|PP755594.1|A/cattle/Texas/24-008749-003/2024(H5N1)	39	1142
PA|PP755594.1|A/cattle/Texas/24-008749-003/2024(H5N1)	40	1142
PA|PP755594.1|A/cattle/Texas/24-008749-003/2024(H5N1)	41	1144
PA|PP755594.1|A/cattle/Texas/24-008749-003/2024(H5N1)	42	1144
PA|PP755594.1|A/cattle/Texas/24-008749-003/2024(H5N1)	43	1144
PA|PP755594.1|A/cattle/Texas/24-008749-003/2024(H5N1)	44	1152
PA|PP755594.1|A/cattle/Texas/24-008749-003/2024(H5N1)	45	1154
PA|PP755594.1|A/cattle/Texas/24-008749-003/2024(H5N1)	46	1158
PA|PP755594.1|A/cattle/Texas/24-008749-003/2024(H5N1)	47	1158
PA|PP755594.1|A/cattle/Texas/24-008749-003/2024(H5N1)	48	1158
PA|PP755594.1|A/cattle/Texas/24-008749-003/2024(H5N1)	49	1139
PA|PP755594.1|A/cattle/Texas/24-008749-003/2024(H5N1)	50	1144
PA|PP755594.1|A/cattle/Texas/24-008749-003/2024(H5N1)	51	1144
PA|PP755594.1|A/cattle/Texas/24-008749-003/2024(H5N1)	52	1145
PA|PP755594.1|A/cattle/Texas/24-008749-003/2024(H5N1)	53	1146
PA|PP755594.1|A/cattle/Texas/24-008749-003/2024(H5N1)	54	1146
PA|PP755594.1|A/cattle/Texas/24-008749-003/2024(H5N1)	55	1149
PA|PP755594.1|A/cattle/Texas/24-008749-003/2024(H5N1)	56	1149
PA|PP755594.1|A/cattle/Texas/24-008749-003/2024(H5N1)	57	1149
PA|PP755594.1|A/cattle/Texas/24-008749-003/2024(H5N1)	58	1151
PA|PP755594.1|A/cattle/Texas/24-008749-003/2024(H5N1)	59	1165
PA|PP755594.1|A/cattle/Texas/24-008749-003/2024(H5N1)	60	1056
PA|PP755594.1|A/cattle/Texas/24-008749-003/2024(H5N1)	61	1027
PA|PP755594.1|A/cattle/Texas/24-008749-003/2024(H5N1)	62	1029
PA|PP755594.1|A/cattle/Texas/24-008749-003/2024(H5N1)	63	1023
PA|PP755594.1|A/cattle/Texas/24-008749-003/2024(H5N1)	64	1049
PA|PP755594.1|A/cattle/Texas/24-008749-003/2024(H5N1)	65	1049
PA|PP755594.1|A/cattle/Texas/24-008749-003/2024(H5N1)	66	1041
PA|PP755594.1|A/cattle/Texas/24-008749-003/2024(H5N1)	67	1064
PA|PP755594.1|A/cattle/Texas/24-008749-003/2024(H5N1)	68	1075
PA|PP755594.1|A/cattle/Texas/24-008749-003/2024(H5N1)	69	1115
PA|PP755594.1|A/cattle/Texas/24-008749-003/2024(H5N1)	70	1117
PA|PP755594.1|A/cattle/Texas/24-008749-003/2024(H5N1)	71	1200
PA|PP755594.1|A/cattle/Texas/24-008749-003/2024(H5N1)	72	1196
PA|PP755594.1|A/cattle/Texas/24-008749-003/2024(H5N1)	73	1198
PA|PP755594.1|A/cattle/Texas/24-008749-003/2024(H5N1)	74	1193
PA|PP755594.1|A/cattle/Texas/24-008749-003/2024(H5N1)	75	1192
PA|PP755594.1|A/cattle/Texas/24-008749-003/2024(H5N1)	76	1193
PA|PP755594.1|A/cattle/Texas/24-008749-003/2024(H5N1)	77	1195
PA|PP755594.1|A/cattle/Texas/24-008749-003/2024(H5N1)	78	1181
PA|PP755594.1|A/cattle/Texas/24-008749-003/2024(H5N1)	79	1193
PA|PP755594.1|A/cattle/Texas/24-008749-003/2024(H5N1)	80	1193
PA|PP755594.1|A/cattle/Texas/24-008749-003/2024(H5N1)	81	1196
PA|PP755594.1|A/cattle/Texas/24-008749-003/2024(H5N1)	82	1201
PA|PP755594.1|A/cattle/Texas/24-008749-003/2024(H5N1)	83	1206
PA|PP755594.1|A/cattle/Texas/24-008749-003/2024(H5N1)	84	1206
PA|PP755594.1|A/cattle/Texas/24-008749-003/2024(H5N1)	85	1209
PA|PP755594.1|A/cattle/Texas/24-008749-003/2024(H5N1)	86	1211
PA|PP755594.1|A/cattle/Texas/24-008749-003/2024(H5N1)	87	1244
PA|PP755594.1|A/cattle/Texas/24-008749-003/2024(H5N1)	88	1246
PA|PP755594.1|A/cattle/Texas/24-008749-003/2024(H5N1)	89	1247
PA|PP755594.1|A/cattle/Texas/24-008749-003/2024(H5N1)	90	1247
PA|PP755594.1|A/cattle/Texas/24-008749-003/2024(H5N1)	91	1248
PA|PP755594.1|A/cattle/Texas/24-008749-003/2024(H5N1)	92	1249
PA|PP755594.1|A/cattle/Texas/24-008749-003/2024(H5N1)	93	1251
PA|PP755594.1|A/cattle/Texas/24-008749-003/2024(H5N1)	94	1265
PA|PP755594.1|A/cattle/Texas/24-008749-003/2024(H5N1)	95	1269
PA|PP755594.1|A/cattle/Texas/24-008749-003/2024(H5N1)	96	1269
PA|PP755594.1|A/cattle/Texas/24-008749-003/2024(H5N1)	97	1263
PA|PP755594.1|A/cattle/Texas/24-008749-003/2024(H5N1)	98	1263
PA|PP755594.1|A/cattle/Texas/24-008749-003/2024(H5N1)	99	1290
PA|PP755594.1|A/cattle/Texas/24-008749-003/2024(H5N1)	100	1292
PA|PP755594.1|A/cattle/Texas/24-008749-003/2024(H5N1)	101	1290
PA|PP755594.1|A/cattle/Texas/24-008749-003/2024(H5N1)	102	1290
PA|PP755594.1|A/cattle/Texas/24-008749-003/2024(H5N1)	103	1292
PA|PP755594.1|A/cattle/Texas/24-008749-003/2024(H5N1)	104	1301
PA|PP755594.1|A/cattle/Texas/24-008749-003/2024(H5N1)	105	1301
PA|PP755594.1|A/cattle/Texas/24-008749-003/2024(H5N1)	106	1297
PA|PP755594.1|A/cattle/Texas/24-008749-003/2024(H5N1)	107	1303
PA|PP755594.1|A/cattle/Texas/24-008749-003/2024(H5N1)	108	1303
PA|PP755594.1|A/cattle/Texas/24-008749-003/2024(H5N1)	109	1303
PA|PP755594.1|A/cattle/Texas/24-008749-003/2024(H5N1)	110	1313
PA|PP755594.1|A/cattle/Texas/24-008749-003/2024(H5N1)	111	1327
PA|PP755594.1|A/cattle/Texas/24-008749-003/2024(H5N1)	112	1349
PA|PP755594.1|A/cattle/Texas/24-008749-003/2024(H5N1)	113	1350
PA|PP755594.1|A/cattle/Texas/24-008749-003/2024(H5N1)	114	1374
PA|PP755594.1|A/cattle/Texas/24-008749-003/2024(H5N1)	115	1380
PA|PP755594.1|A/cattle/Texas/24-008749-003/2024(H5N1)	116	1382
PA|PP755594.1|A/cattle/Texas/24-008749-003/2024(H5N1)	117	1434
PA|PP755594.1|A/cattle/Texas/24-008749-003/2024(H5N1)	118	1442
PA|PP755594.1|A/cattle/Texas/24-008749-003/2024(H5N1)	119	1465
PA|PP755594.1|A/cattle/Texas/24-008749-003/2024(H5N1)	120	1444
PA|PP755594.1|A/cattle/Texas/24-008749-003/2024(H5N1)	121	1541
PA|PP755594.1|A/cattle/Texas/24-008749-003/2024(H5N1)	122	1546
PA|PP755594.1|A/cattle/Texas/24-008749-003/2024(H5N1)	123	1574
PA|PP755594.1|A/cattle/Texas/24-008749-003/2024(H5N1)	124	1568
PA|PP755594.1|A/cattle/Texas/24-008749-003/2024(H5N1)	125	1567
PA|PP755594.1|A/cattle/Texas/24-008749-003/2024(H5N1)	126	1563
PA|PP755594.1|A/cattle/Texas/24-008749-003/2024(H5N1)	127	1393
PA|PP755594.1|A/cattle/Texas/24-008749-003/2024(H5N1)	128	1385
PA|PP755594.1|A/cattle/Texas/24-008749-003/2024(H5N1)	129	1337
PA|PP755594.1|A/cattle/Texas/24-008749-003/2024(H5N1)	130	1334
PA|PP755594.1|A/cattle/Texas/24-008749-003/2024(H5N1)	131	1312
PA|PP755594.1|A/cattle/Texas/24-008749-003/2024(H5N1)	132	1150
PA|PP755594.1|A/cattle/Texas/24-008749-003/2024(H5N1)	133	1144
PA|PP755594.1|A/cattle/Texas/24-008749-003/2024(H5N1)	134	1161
PA|PP755594.1|A/cattle/Texas/24-008749-003/2024(H5N1)	135	1166
PA|PP755594.1|A/cattle/Texas/24-008749-003/2024(H5N1)	136	1172
PA|PP755594.1|A/cattle/Texas/24-008749-003/2024(H5N1)	137	1172
PA|PP755594.1|A/cattle/Texas/24-008749-003/2024(H5N1)	138	1144
PA|PP755594.1|A/cattle/Texas/24-008749-003/2024(H5N1)	139	1143
PA|PP755594.1|A/cattle/Texas/24-008749-003/2024(H5N1)	140	1146
PA|PP755594.1|A/cattle/Texas/24-008749-003/2024(H5N1)	141	1145
PA|PP755594.1|A/cattle/Texas/24-008749-003/2024(H5N1)	142	1135
PA|PP755594.1|A/cattle/Texas/24-008749-003/2024(H5N1)	143	1128
PA|PP755594.1|A/cattle/Texas/24-008749-003/2024(H5N1)	144	1107
PA|PP755594.1|A/cattle/Texas/24-008749-003/2024(H5N1)	145	1113
PA|PP755594.1|A/cattle/Texas/24-008749-003/2024(H5N1)	146	1119
PA|PP755594.1|A/cattle/Texas/24-008749-003/2024(H5N1)	147	1119
PA|PP755594.1|A/cattle/Texas/24-008749-003/2024(H5N1)	148	1127
PA|PP755594.1|A/cattle/Texas/24-008749-003/2024(H5N1)	149	1132
PA|PP755594.1|A/cattle/Texas/24-008749-003/2024(H5N1)	150	1124
PA|PP755594.1|A/cattle/Texas/24-008749-003/2024(H5N1)	151	1125
PA|PP755594.1|A/cattle/Texas/24-008749-003/2024(H5N1)	152	1088
PA|PP755594.1|A/cattle/Texas/24-008749-003/2024(H5N1)	153	1075
PA|PP755594.1|A/cattle/Texas/24-008749-003/2024(H5N1)	154	1075
PA|PP755594.1|A/cattle/Texas/24-008749-003/2024(H5N1)	155	1076
PA|PP755594.1|A/cattle/Texas/24-008749-003/2024(H5N1)	156	1051
PA|PP755594.1|A/cattle/Texas/24-008749-003/2024(H5N1)	157	1050
PA|PP755594.1|A/cattle/Texas/24-008749-003/2024(H5N1)	158	1051
PA|PP755594.1|A/cattle/Texas/24-008749-003/2024(H5N1)	159	1039
PA|PP755594.1|A/cattle/Texas/24-008749-003/2024(H5N1)	160	972
PA|PP755594.1|A/cattle/Texas/24-008749-003/2024(H5N1)	161	941
PA|PP755594.1|A/cattle/Texas/24-008749-003/2024(H5N1)	162	907
PA|PP755594.1|A/cattle/Texas/24-008749-003/2024(H5N1)	163	909
PA|PP755594.1|A/cattle/Texas/24-008749-003/2024(H5N1)	164	863
PA|PP755594.1|A/cattle/Texas/24-008749-003/2024(H5N1)	165	867
PA|PP755594.1|A/cattle/Texas/24-008749-003/2024(H5N1)	166	867
PA|PP755594.1|A/cattle/Texas/24-008749-003/2024(H5N1)	167	859
PA|PP755594.1|A/cattle/Texas/24-008749-003/2024(H5N1)	168	860
PA|PP755594.1|A/cattle/Texas/24-008749-003/2024(H5N1)	169	848
PA|PP755594.1|A/cattle/Texas/24-008749-003/2024(H5N1)	170	844
PA|PP755594.1|A/cattle/Texas/24-008749-003/2024(H5N1)	171	853
PA|PP755594.1|A/cattle/Texas/24-008749-003/2024(H5N1)	172	848
PA|PP755594.1|A/cattle/Texas/24-008749-003/2024(H5N1)	173	848
PA|PP755594.1|A/cattle/Texas/24-008749-003/2024(H5N1)	174	809
PA|PP755594.1|A/cattle/Texas/24-008749-003/2024(H5N1)	175	811
PA|PP755594.1|A/cattle/Texas/24-008749-003/2024(H5N1)	176	814
PA|PP755594.1|A/cattle/Texas/24-008749-003/2024(H5N1)	177	819
PA|PP755594.1|A/cattle/Texas/24-008749-003/2024(H5N1)	178	818
PA|PP755594.1|A/cattle/Texas/24-008749-003/2024(H5N1)	179	800
PA|PP755594.1|A/cattle/Texas/24-008749-003/2024(H5N1)	180	805
PA|PP755594.1|A/cattle/Texas/24-008749-003/2024(H5N1)	181	810
PA|PP755594.1|A/cattle/Texas/24-008749-003/2024(H5N1)	182	787
PA|PP755594.1|A/cattle/Texas/24-008749-003/2024(H5N1)	183	787
PA|PP755594.1|A/cattle/Texas/24-008749-003/2024(H5N1)	184	772
PA|PP755594.1|A/cattle/Texas/24-008749-003/2024(H5N1)	185	785
PA|PP755594.1|A/cattle/Texas/24-008749-003/2024(H5N1)	186	788
PA|PP755594.1|A/cattle/Texas/24-008749-003/2024(H5N1)	187	788
PA|PP755594.1|A/cattle/Texas/24-008749-003/2024(H5N1)	188	781
PA|PP755594.1|A/cattle/Texas/24-008749-003/2024(H5N1)	189	773
PA|PP755594.1|A/cattle/Texas/24-008749-003/2024(H5N1)	190	774
PA|PP755594.1|A/cattle/Texas/24-008749-003/2024(H5N1)	191	801
PA|PP755594.1|A/cattle/Texas/24-008749-003/2024(H5N1)	192	803
PA|PP755594.1|A/cattle/Texas/24-008749-003/2024(H5N1)	193	803
PA|PP755594.1|A/cattle/Texas/24-008749-003/2024(H5N1)	194	796
PA|PP755594.1|A/cattle/Texas/24-008749-003/2024(H5N1)	195	803
PA|PP755594.1|A/cattle/Texas/24-008749-003/2024(H5N1)	196	790
PA|PP755594.1|A/cattle/Texas/24-008749-003/2024(H5N1)	197	790
PA|PP755594.1|A/cattle/Texas/24-008749-003/2024(H5N1)	198	793
PA|PP755594.1|A/cattle/Texas/24-008749-003/2024(H5N1)	199	794
PA|PP755594.1|A/cattle/Texas/24-008749-003/2024(H5N1)	200	800
PA|PP755594.1|A/cattle/Texas/24-008749-003/2024(H5N1)	201	796
PA|PP755594.1|A/cattle/Texas/24-008749-003/2024(H5N1)	202	795
PA|PP755594.1|A/cattle/Texas/24-008749-003/2024(H5N1)	203	795
PA|PP755594.1|A/cattle/Texas/24-008749-003/2024(H5N1)	204	796
PA|PP755594.1|A/cattle/Texas/24-008749-003/2024(H5N1)	205	800
PA|PP755594.1|A/cattle/Texas/24-008749-003/2024(H5N1)	206	800
PA|PP755594.1|A/cattle/Texas/24-008749-003/2024(H5N1)	207	800
PA|PP755594.1|A/cattle/Texas/24-008749-003/2024(H5N1)	208	785
PA|PP755594.1|A/cattle/Texas/24-008749-003/2024(H5N1)	209	777
PA|PP755594.1|A/cattle/Texas/24-008749-003/2024(H5N1)	210	756
PA|PP755594.1|A/cattle/Texas/24-008749-003/2024(H5N1)	211	758
PA|PP755594.1|A/cattle/Texas/24-008749-003/2024(H5N1)	212	712
PA|PP755594.1|A/cattle/Texas/24-008749-003/2024(H5N1)	213	704
PA|PP755594.1|A/cattle/Texas/24-008749-003/2024(H5N1)	214	711
PA|PP755594.1|A/cattle/Texas/24-008749-003/2024(H5N1)	215	710
PA|PP755594.1|A/cattle/Texas/24-008749-003/2024(H5N1)	216	710
PA|PP755594.1|A/cattle/Texas/24-008749-003/2024(H5N1)	217	697
PA|PP755594.1|A/cattle/Texas/24-008749-003/2024(H5N1)	218	682
PA|PP755594.1|A/cattle/Texas/24-008749-003/2024(H5N1)	219	687
PA|PP755594.1|A/cattle/Texas/24-008749-003/2024(H5N1)	220	660
PA|PP755594.1|A/cattle/Texas/24-008749-003/2024(H5N1)	221	662
PA|PP755594.1|A/cattle/Texas/24-008749-003/2024(H5N1)	222	660
PA|PP755594.1|A/cattle/Texas/24-008749-003/2024(H5N1)	223	653
PA|PP755594.1|A/cattle/Texas/24-008749-003/2024(H5N1)	224	658
PA|PP755594.1|A/cattle/Texas/24-008749-003/2024(H5N1)	225	654
PA|PP755594.1|A/cattle/Texas/24-008749-003/2024(H5N1)	226	657
PA|PP755594.1|A/cattle/Texas/24-008749-003/2024(H5N1)	227	656
PA|PP755594.1|A/cattle/Texas/24-008749-003/2024(H5N1)	228	656
PA|PP755594.1|A/cattle/Texas/24-008749-003/2024(H5N1)	229	659
PA|PP755594.1|A/cattle/Texas/24-008749-003/2024(H5N1)	230	656
PA|PP755594.1|A/cattle/Texas/24-008749-003/2024(H5N1)	231	656
PA|PP755594.1|A/cattle/Texas/24-008749-003/2024(H5N1)	232	661
PA|PP755594.1|A/cattle/Texas/24-008749-003/2024(H5N1)	233	657
PA|PP755594.1|A/cattle/Texas/24-008749-003/2024(H5N1)	234	667
PA|PP755594.1|A/cattle/Texas/24-008749-003/2024(H5N1)	235	686
PA|PP755594.1|A/cattle/Texas/24-008749-003/2024(H5N1)	236	688
PA|PP755594.1|A/cattle/Texas/24-008749-003/2024(H5N1)	237	695
PA|PP755594.1|A/cattle/Texas/24-008749-003/2024(H5N1)	238	694
PA|PP755594.1|A/cattle/Texas/24-008749-003/2024(H5N1)	239	698
PA|PP755594.1|A/cattle/Texas/24-008749-003/2024(H5N1)	240	698
PA|PP755594.1|A/cattle/Texas/24-008749-003/2024(H5N1)	241	723
PA|PP755594.1|A/cattle/Texas/24-008749-003/2024(H5N1)	242	742
PA|PP755594.1|A/cattle/Texas/24-008749-003/2024(H5N1)	243	754
PA|PP755594.1|A/cattle/Texas/24-008749-003/2024(H5N1)	244	742
PA|PP755594.1|A/cattle/Texas/24-008749-003/2024(H5N1)	245	742
PA|PP755594.1|A/cattle/Texas/24-008749-003/2024(H5N1)	246	749
PA|PP755594.1|A/cattle/Texas/24-008749-003/2024(H5N1)	247	749
PA|PP755594.1|A/cattle/Texas/24-008749-003/2024(H5N1)	248	754
PA|PP755594.1|A/cattle/Texas/24-008749-003/2024(H5N1)	249	762
PA|PP755594.1|A/cattle/Texas/24-008749-003/2024(H5N1)	250	749
PA|PP755594.1|A/cattle/Texas/24-008749-003/2024(H5N1)	251	756
PA|PP755594.1|A/cattle/Texas/24-008749-003/2024(H5N1)	252	756
PA|PP755594.1|A/cattle/Texas/24-008749-003/2024(H5N1)	253	757
PA|PP755594.1|A/cattle/Texas/24-008749-003/2024(H5N1)	254	757
PA|PP755594.1|A/cattle/Texas/24-008749-003/2024(H5N1)	255	753
PA|PP755594.1|A/cattle/Texas/24-008749-003/2024(H5N1)	256	755
PA|PP755594.1|A/cattle/Texas/24-008749-003/2024(H5N1)	257	751
PA|PP755594.1|A/cattle/Texas/24-008749-003/2024(H5N1)	258	810
PA|PP755594.1|A/cattle/Texas/24-008749-003/2024(H5N1)	259	812
PA|PP755594.1|A/cattle/Texas/24-008749-003/2024(H5N1)	260	809
PA|PP755594.1|A/cattle/Texas/24-008749-003/2024(H5N1)	261	797
PA|PP755594.1|A/cattle/Texas/24-008749-003/2024(H5N1)	262	790
PA|PP755594.1|A/cattle/Texas/24-008749-003/2024(H5N1)	263	807
PA|PP755594.1|A/cattle/Texas/24-008749-003/2024(H5N1)	264	807
PA|PP755594.1|A/cattle/Texas/24-008749-003/2024(H5N1)	265	790
PA|PP755594.1|A/cattle/Texas/24-008749-003/2024(H5N1)	266	787
PA|PP755594.1|A/cattle/Texas/24-008749-003/2024(H5N1)	267	731
PA|PP755594.1|A/cattle/Texas/24-008749-003/2024(H5N1)	268	763
PA|PP755594.1|A/cattle/Texas/24-008749-003/2024(H5N1)	269	770
PA|PP755594.1|A/cattle/Texas/24-008749-003/2024(H5N1)	270	789
PA|PP755594.1|A/cattle/Texas/24-008749-003/2024(H5N1)	271	789
PA|PP755594.1|A/cattle/Texas/24-008749-003/2024(H5N1)	272	720
PA|PP755594.1|A/cattle/Texas/24-008749-003/2024(H5N1)	273	721
PA|PP755594.1|A/cattle/Texas/24-008749-003/2024(H5N1)	274	698
PA|PP755594.1|A/cattle/Texas/24-008749-003/2024(H5N1)	275	705
PA|PP755594.1|A/cattle/Texas/24-008749-003/2024(H5N1)	276	706
PA|PP755594.1|A/cattle/Texas/24-008749-003/2024(H5N1)	277	679
PA|PP755594.1|A/cattle/Texas/24-008749-003/2024(H5N1)	278	686
PA|PP755594.1|A/cattle/Texas/24-008749-003/2024(H5N1)	279	676
PA|PP755594.1|A/cattle/Texas/24-008749-003/2024(H5N1)	280	680
PA|PP755594.1|A/cattle/Texas/24-008749-003/2024(H5N1)	281	673
PA|PP755594.1|A/cattle/Texas/24-008749-003/2024(H5N1)	282	660
PA|PP755594.1|A/cattle/Texas/24-008749-003/2024(H5N1)	283	663
PA|PP755594.1|A/cattle/Texas/24-008749-003/2024(H5N1)	284	663
PA|PP755594.1|A/cattle/Texas/24-008749-003/2024(H5N1)	285	664
PA|PP755594.1|A/cattle/Texas/24-008749-003/2024(H5N1)	286	665
PA|PP755594.1|A/cattle/Texas/24-008749-003/2024(H5N1)	287	683
PA|PP755594.1|A/cattle/Texas/24-008749-003/2024(H5N1)	288	694
PA|PP755594.1|A/cattle/Texas/24-008749-003/2024(H5N1)	289	690
PA|PP755594.1|A/cattle/Texas/24-008749-003/2024(H5N1)	290	700
PA|PP755594.1|A/cattle/Texas/24-008749-003/2024(H5N1)	291	688
PA|PP755594.1|A/cattle/Texas/24-008749-003/2024(H5N1)	292	690
PA|PP755594.1|A/cattle/Texas/24-008749-003/2024(H5N1)	293	691
PA|PP755594.1|A/cattle/Texas/24-008749-003/2024(H5N1)	294	685
PA|PP755594.1|A/cattle/Texas/24-008749-003/2024(H5N1)	295	693
PA|PP755594.1|A/cattle/Texas/24-008749-003/2024(H5N1)	296	703
PA|PP755594.1|A/cattle/Texas/24-008749-003/2024(H5N1)	297	703
PA|PP755594.1|A/cattle/Texas/24-008749-003/2024(H5N1)	298	703
PA|PP755594.1|A/cattle/Texas/24-008749-003/2024(H5N1)	299	686
PA|PP755594.1|A/cattle/Texas/24-008749-003/2024(H5N1)	300	697
PA|PP755594.1|A/cattle/Texas/24-008749-003/2024(H5N1)	301	697
PA|PP755594.1|A/cattle/Texas/24-008749-003/2024(H5N1)	302	700
PA|PP755594.1|A/cattle/Texas/24-008749-003/2024(H5N1)	303	700
PA|PP755594.1|A/cattle/Texas/24-008749-003/2024(H5N1)	304	696
PA|PP755594.1|A/cattle/Texas/24-008749-003/2024(H5N1)	305	694
PA|PP755594.1|A/cattle/Texas/24-008749-003/2024(H5N1)	306	699
PA|PP755594.1|A/cattle/Texas/24-008749-003/2024(H5N1)	307	705
PA|PP755594.1|A/cattle/Texas/24-008749-003/2024(H5N1)	308	702
PA|PP755594.1|A/cattle/Texas/24-008749-003/2024(H5N1)	309	702
PA|PP755594.1|A/cattle/Texas/24-008749-003/2024(H5N1)	310	711
PA|PP755594.1|A/cattle/Texas/24-008749-003/2024(H5N1)	311	710
PA|PP755594.1|A/cattle/Texas/24-008749-003/2024(H5N1)	312	669
PA|PP755594.1|A/cattle/Texas/24-008749-003/2024(H5N1)	313	674
PA|PP755594.1|A/cattle/Texas/24-008749-003/2024(H5N1)	314	672
PA|PP755594.1|A/cattle/Texas/24-008749-003/2024(H5N1)	315	668
PA|PP755594.1|A/cattle/Texas/24-008749-003/2024(H5N1)	316	663
PA|PP755594.1|A/cattle/Texas/24-008749-003/2024(H5N1)	317	668
PA|PP755594.1|A/cattle/Texas/24-008749-003/2024(H5N1)	318	673
PA|PP755594.1|A/cattle/Texas/24-008749-003/2024(H5N1)	319	673
PA|PP755594.1|A/cattle/Texas/24-008749-003/2024(H5N1)	320	668
PA|PP755594.1|A/cattle/Texas/24-008749-003/2024(H5N1)	321	666
PA|PP755594.1|A/cattle/Texas/24-008749-003/2024(H5N1)	322	672
PA|PP755594.1|A/cattle/Texas/24-008749-003/2024(H5N1)	323	674
PA|PP755594.1|A/cattle/Texas/24-008749-003/2024(H5N1)	324	673
PA|PP755594.1|A/cattle/Texas/24-008749-003/2024(H5N1)	325	674
PA|PP755594.1|A/cattle/Texas/24-008749-003/2024(H5N1)	326	669
PA|PP755594.1|A/cattle/Texas/24-008749-003/2024(H5N1)	327	672
PA|PP755594.1|A/cattle/Texas/24-008749-003/2024(H5N1)	328	669
PA|PP755594.1|A/cattle/Texas/24-008749-003/2024(H5N1)	329	669
PA|PP755594.1|A/cattle/Texas/24-008749-003/2024(H5N1)	330	668
PA|PP755594.1|A/cattle/Texas/24-008749-003/2024(H5N1)	331	661
PA|PP755594.1|A/cattle/Texas/24-008749-003/2024(H5N1)	332	684
PA|PP755594.1|A/cattle/Texas/24-008749-003/2024(H5N1)	333	682
PA|PP755594.1|A/cattle/Texas/24-008749-003/2024(H5N1)	334	680
PA|PP755594.1|A/cattle/Texas/24-008749-003/2024(H5N1)	335	679
PA|PP755594.1|A/cattle/Texas/24-008749-003/2024(H5N1)	336	632
PA|PP755594.1|A/cattle/Texas/24-008749-003/2024(H5N1)	337	631
PA|PP755594.1|A/cattle/Texas/24-008749-003/2024(H5N1)	338	631
PA|PP755594.1|A/cattle/Texas/24-008749-003/2024(H5N1)	339	678
PA|PP755594.1|A/cattle/Texas/24-008749-003/2024(H5N1)	340	686
PA|PP755594.1|A/cattle/Texas/24-008749-003/2024(H5N1)	341	655
PA|PP755594.1|A/cattle/Texas/24-008749-003/2024(H5N1)	342	661
PA|PP755594.1|A/cattle/Texas/24-008749-003/2024(H5N1)	343	669
PA|PP755594.1|A/cattle/Texas/24-008749-003/2024(H5N1)	344	667
PA|PP755594.1|A/cattle/Texas/24-008749-003/2024(H5N1)	345	670
PA|PP755594.1|A/cattle/Texas/24-008749-003/2024(H5N1)	346	660
PA|PP755594.1|A/cattle/Texas/24-008749-003/2024(H5N1)	347	665
PA|PP755594.1|A/cattle/Texas/24-008749-003/2024(H5N1)	348	675
PA|PP755594.1|A/cattle/Texas/24-008749-003/2024(H5N1)	349	669
PA|PP755594.1|A/cattle/Texas/24-008749-003/2024(H5N1)	350	669
PA|PP755594.1|A/cattle/Texas/24-008749-003/2024(H5N1)	351	671
PA|PP755594.1|A/cattle/Texas/24-008749-003/2024(H5N1)	352	668
PA|PP755594.1|A/cattle/Texas/24-008749-003/2024(H5N1)	353	668
PA|PP755594.1|A/cattle/Texas/24-008749-003/2024(H5N1)	354	668
PA|PP755594.1|A/cattle/Texas/24-008749-003/2024(H5N1)	355	668
PA|PP755594.1|A/cattle/Texas/24-008749-003/2024(H5N1)	356	683
PA|PP755594.1|A/cattle/Texas/24-008749-003/2024(H5N1)	357	691
PA|PP755594.1|A/cattle/Texas/24-008749-003/2024(H5N1)	358	692
PA|PP755594.1|A/cattle/Texas/24-008749-003/2024(H5N1)	359	685
PA|PP755594.1|A/cattle/Texas/24-008749-003/2024(H5N1)	360	685
PA|PP755594.1|A/cattle/Texas/24-008749-003/2024(H5N1)	361	685
PA|PP755594.1|A/cattle/Texas/24-008749-003/2024(H5N1)	362	696
PA|PP755594.1|A/cattle/Texas/24-008749-003/2024(H5N1)	363	695
PA|PP755594.1|A/cattle/Texas/24-008749-003/2024(H5N1)	364	685
PA|PP755594.1|A/cattle/Texas/24-008749-003/2024(H5N1)	365	681
PA|PP755594.1|A/cattle/Texas/24-008749-003/2024(H5N1)	366	678
PA|PP755594.1|A/cattle/Texas/24-008749-003/2024(H5N1)	367	679
PA|PP755594.1|A/cattle/Texas/24-008749-003/2024(H5N1)	368	682
PA|PP755594.1|A/cattle/Texas/24-008749-003/2024(H5N1)	369	685
PA|PP755594.1|A/cattle/Texas/24-008749-003/2024(H5N1)	370	686
PA|PP755594.1|A/cattle/Texas/24-008749-003/2024(H5N1)	371	681
PA|PP755594.1|A/cattle/Texas/24-008749-003/2024(H5N1)	372	682
PA|PP755594.1|A/cattle/Texas/24-008749-003/2024(H5N1)	373	682
PA|PP755594.1|A/cattle/Texas/24-008749-003/2024(H5N1)	374	695
PA|PP755594.1|A/cattle/Texas/24-008749-003/2024(H5N1)	375	699
PA|PP755594.1|A/cattle/Texas/24-008749-003/2024(H5N1)	376	701
PA|PP755594.1|A/cattle/Texas/24-008749-003/2024(H5N1)	377	698
PA|PP755594.1|A/cattle/Texas/24-008749-003/2024(H5N1)	378	699
PA|PP755594.1|A/cattle/Texas/24-008749-003/2024(H5N1)	379	708
PA|PP755594.1|A/cattle/Texas/24-008749-003/2024(H5N1)	380	705
PA|PP755594.1|A/cattle/Texas/24-008749-003/2024(H5N1)	381	706
PA|PP755594.1|A/cattle/Texas/24-008749-003/2024(H5N1)	382	734
PA|PP755594.1|A/cattle/Texas/24-008749-003/2024(H5N1)	383	746
PA|PP755594.1|A/cattle/Texas/24-008749-003/2024(H5N1)	384	758
PA|PP755594.1|A/cattle/Texas/24-008749-003/2024(H5N1)	385	757
PA|PP755594.1|A/cattle/Texas/24-008749-003/2024(H5N1)	386	747
PA|PP755594.1|A/cattle/Texas/24-008749-003/2024(H5N1)	387	748
PA|PP755594.1|A/cattle/Texas/24-008749-003/2024(H5N1)	388	765
PA|PP755594.1|A/cattle/Texas/24-008749-003/2024(H5N1)	389	764
PA|PP755594.1|A/cattle/Texas/24-008749-003/2024(H5N1)	390	743
PA|PP755594.1|A/cattle/Texas/24-008749-003/2024(H5N1)	391	727
PA|PP755594.1|A/cattle/Texas/24-008749-003/2024(H5N1)	392	733
PA|PP755594.1|A/cattle/Texas/24-008749-003/2024(H5N1)	393	712
PA|PP755594.1|A/cattle/Texas/24-008749-003/2024(H5N1)	394	717
PA|PP755594.1|A/cattle/Texas/24-008749-003/2024(H5N1)	395	717
PA|PP755594.1|A/cattle/Texas/24-008749-003/2024(H5N1)	396	716
PA|PP755594.1|A/cattle/Texas/24-008749-003/2024(H5N1)	397	714
PA|PP755594.1|A/cattle/Texas/24-008749-003/2024(H5N1)	398	715
PA|PP755594.1|A/cattle/Texas/24-008749-003/2024(H5N1)	399	712
PA|PP755594.1|A/cattle/Texas/24-008749-003/2024(H5N1)	400	711
PA|PP755594.1|A/cattle/Texas/24-008749-003/2024(H5N1)	401	706
PA|PP755594.1|A/cattle/Texas/24-008749-003/2024(H5N1)	402	699
PA|PP755594.1|A/cattle/Texas/24-008749-003/2024(H5N1)	403	700
PA|PP755594.1|A/cattle/Texas/24-008749-003/2024(H5N1)	404	725
PA|PP755594.1|A/cattle/Texas/24-008749-003/2024(H5N1)	405	725
PA|PP755594.1|A/cattle/Texas/24-008749-003/2024(H5N1)	406	724
PA|PP755594.1|A/cattle/Texas/24-008749-003/2024(H5N1)	407	727
PA|PP755594.1|A/cattle/Texas/24-008749-003/2024(H5N1)	408	679
PA|PP755594.1|A/cattle/Texas/24-008749-003/2024(H5N1)	409	719
PA|PP755594.1|A/cattle/Texas/24-008749-003/2024(H5N1)	410	720
PA|PP755594.1|A/cattle/Texas/24-008749-003/2024(H5N1)	411	724
PA|PP755594.1|A/cattle/Texas/24-008749-003/2024(H5N1)	412	724
PA|PP755594.1|A/cattle/Texas/24-008749-003/2024(H5N1)	413	725
PA|PP755594.1|A/cattle/Texas/24-008749-003/2024(H5N1)	414	726
PA|PP755594.1|A/cattle/Texas/24-008749-003/2024(H5N1)	415	745
PA|PP755594.1|A/cattle/Texas/24-008749-003/2024(H5N1)	416	744
PA|PP755594.1|A/cattle/Texas/24-008749-003/2024(H5N1)	417	747
PA|PP755594.1|A/cattle/Texas/24-008749-003/2024(H5N1)	418	747
PA|PP755594.1|A/cattle/Texas/24-008749-003/2024(H5N1)	419	710
PA|PP755594.1|A/cattle/Texas/24-008749-003/2024(H5N1)	420	700
PA|PP755594.1|A/cattle/Texas/24-008749-003/2024(H5N1)	421	682
PA|PP755594.1|A/cattle/Texas/24-008749-003/2024(H5N1)	422	684
PA|PP755594.1|A/cattle/Texas/24-008749-003/2024(H5N1)	423	685
PA|PP755594.1|A/cattle/Texas/24-008749-003/2024(H5N1)	424	679
PA|PP755594.1|A/cattle/Texas/24-008749-003/2024(H5N1)	425	681
PA|PP755594.1|A/cattle/Texas/24-008749-003/2024(H5N1)	426	675
PA|PP755594.1|A/cattle/Texas/24-008749-003/2024(H5N1)	427	684
PA|PP755594.1|A/cattle/Texas/24-008749-003/2024(H5N1)	428	677
PA|PP755594.1|A/cattle/Texas/24-008749-003/2024(H5N1)	429	677
PA|PP755594.1|A/cattle/Texas/24-008749-003/2024(H5N1)	430	678
PA|PP755594.1|A/cattle/Texas/24-008749-003/2024(H5N1)	431	677
PA|PP755594.1|A/cattle/Texas/24-008749-003/2024(H5N1)	432	680
PA|PP755594.1|A/cattle/Texas/24-008749-003/2024(H5N1)	433	678
PA|PP755594.1|A/cattle/Texas/24-008749-003/2024(H5N1)	434	675
PA|PP755594.1|A/cattle/Texas/24-008749-003/2024(H5N1)	435	676
PA|PP755594.1|A/cattle/Texas/24-008749-003/2024(H5N1)	436	687
PA|PP755594.1|A/cattle/Texas/24-008749-003/2024(H5N1)	437	694
PA|PP755594.1|A/cattle/Texas/24-008749-003/2024(H5N1)	438	675
PA|PP755594.1|A/cattle/Texas/24-008749-003/2024(H5N1)	439	671
PA|PP755594.1|A/cattle/Texas/24-008749-003/2024(H5N1)	440	672
PA|PP755594.1|A/cattle/Texas/24-008749-003/2024(H5N1)	441	662
PA|PP755594.1|A/cattle/Texas/24-008749-003/2024(H5N1)	442	669
PA|PP755594.1|A/cattle/Texas/24-008749-003/2024(H5N1)	443	666
PA|PP755594.1|A/cattle/Texas/24-008749-003/2024(H5N1)	444	663
PA|PP755594.1|A/cattle/Texas/24-008749-003/2024(H5N1)	445	653
PA|PP755594.1|A/cattle/Texas/24-008749-003/2024(H5N1)	446	652
PA|PP755594.1|A/cattle/Texas/24-008749-003/2024(H5N1)	447	656
PA|PP755594.1|A/cattle/Texas/24-008749-003/2024(H5N1)	448	656
PA|PP755594.1|A/cattle/Texas/24-008749-003/2024(H5N1)	449	657
PA|PP755594.1|A/cattle/Texas/24-008749-003/2024(H5N1)	450	658
PA|PP755594.1|A/cattle/Texas/24-008749-003/2024(H5N1)	451	646
PA|PP755594.1|A/cattle/Texas/24-008749-003/2024(H5N1)	452	649
PA|PP755594.1|A/cattle/Texas/24-008749-003/2024(H5N1)	453	646
PA|PP755594.1|A/cattle/Texas/24-008749-003/2024(H5N1)	454	653
PA|PP755594.1|A/cattle/Texas/24-008749-003/2024(H5N1)	455	656
PA|PP755594.1|A/cattle/Texas/24-008749-003/2024(H5N1)	456	655
PA|PP755594.1|A/cattle/Texas/24-008749-003/2024(H5N1)	457	649
PA|PP755594.1|A/cattle/Texas/24-008749-003/2024(H5N1)	458	649
PA|PP755594.1|A/cattle/Texas/24-008749-003/2024(H5N1)	459	654
PA|PP755594.1|A/cattle/Texas/24-008749-003/2024(H5N1)	460	659
PA|PP755594.1|A/cattle/Texas/24-008749-003/2024(H5N1)	461	646
PA|PP755594.1|A/cattle/Texas/24-008749-003/2024(H5N1)	462	646
PA|PP755594.1|A/cattle/Texas/24-008749-003/2024(H5N1)	463	639
PA|PP755594.1|A/cattle/Texas/24-008749-003/2024(H5N1)	464	634
PA|PP755594.1|A/cattle/Texas/24-008749-003/2024(H5N1)	465	635
PA|PP755594.1|A/cattle/Texas/24-008749-003/2024(H5N1)	466	632
PA|PP755594.1|A/cattle/Texas/24-008749-003/2024(H5N1)	467	632
PA|PP755594.1|A/cattle/Texas/24-008749-003/2024(H5N1)	468	632
PA|PP755594.1|A/cattle/Texas/24-008749-003/2024(H5N1)	469	635
PA|PP755594.1|A/cattle/Texas/24-008749-003/2024(H5N1)	470	639
PA|PP755594.1|A/cattle/Texas/24-008749-003/2024(H5N1)	471	641
PA|PP755594.1|A/cattle/Texas/24-008749-003/2024(H5N1)	472	641
PA|PP755594.1|A/cattle/Texas/24-008749-003/2024(H5N1)	473	638
PA|PP755594.1|A/cattle/Texas/24-008749-003/2024(H5N1)	474	640
PA|PP755594.1|A/cattle/Texas/24-008749-003/2024(H5N1)	475	643
PA|PP755594.1|A/cattle/Texas/24-008749-003/2024(H5N1)	476	642
PA|PP755594.1|A/cattle/Texas/24-008749-003/2024(H5N1)	477	649
PA|PP755594.1|A/cattle/Texas/24-008749-003/2024(H5N1)	478	684
PA|PP755594.1|A/cattle/Texas/24-008749-003/2024(H5N1)	479	699
PA|PP755594.1|A/cattle/Texas/24-008749-003/2024(H5N1)	480	704
PA|PP755594.1|A/cattle/Texas/24-008749-003/2024(H5N1)	481	707
PA|PP755594.1|A/cattle/Texas/24-008749-003/2024(H5N1)	482	708
PA|PP755594.1|A/cattle/Texas/24-008749-003/2024(H5N1)	483	680
PA|PP755594.1|A/cattle/Texas/24-008749-003/2024(H5N1)	484	679
PA|PP755594.1|A/cattle/Texas/24-008749-003/2024(H5N1)	485	687
PA|PP755594.1|A/cattle/Texas/24-008749-003/2024(H5N1)	486	676
PA|PP755594.1|A/cattle/Texas/24-008749-003/2024(H5N1)	487	655
PA|PP755594.1|A/cattle/Texas/24-008749-003/2024(H5N1)	488	650
PA|PP755594.1|A/cattle/Texas/24-008749-003/2024(H5N1)	489	642
PA|PP755594.1|A/cattle/Texas/24-008749-003/2024(H5N1)	490	652
PA|PP755594.1|A/cattle/Texas/24-008749-003/2024(H5N1)	491	656
PA|PP755594.1|A/cattle/Texas/24-008749-003/2024(H5N1)	492	654
PA|PP755594.1|A/cattle/Texas/24-008749-003/2024(H5N1)	493	661
PA|PP755594.1|A/cattle/Texas/24-008749-003/2024(H5N1)	494	655
PA|PP755594.1|A/cattle/Texas/24-008749-003/2024(H5N1)	495	660
PA|PP755594.1|A/cattle/Texas/24-008749-003/2024(H5N1)	496	657
PA|PP755594.1|A/cattle/Texas/24-008749-003/2024(H5N1)	497	656
PA|PP755594.1|A/cattle/Texas/24-008749-003/2024(H5N1)	498	659
PA|PP755594.1|A/cattle/Texas/24-008749-003/2024(H5N1)	499	653
PA|PP755594.1|A/cattle/Texas/24-008749-003/2024(H5N1)	500	653
PA|PP755594.1|A/cattle/Texas/24-008749-003/2024(H5N1)	501	652
PA|PP755594.1|A/cattle/Texas/24-008749-003/2024(H5N1)	502	644
PA|PP755594.1|A/cattle/Texas/24-008749-003/2024(H5N1)	503	647
PA|PP755594.1|A/cattle/Texas/24-008749-003/2024(H5N1)	504	648
PA|PP755594.1|A/cattle/Texas/24-008749-003/2024(H5N1)	505	648
PA|PP755594.1|A/cattle/Texas/24-008749-003/2024(H5N1)	506	653
PA|PP755594.1|A/cattle/Texas/24-008749-003/2024(H5N1)	507	637
PA|PP755594.1|A/cattle/Texas/24-008749-003/2024(H5N1)	508	630
PA|PP755594.1|A/cattle/Texas/24-008749-003/2024(H5N1)	509	632
PA|PP755594.1|A/cattle/Texas/24-008749-003/2024(H5N1)	510	643
PA|PP755594.1|A/cattle/Texas/24-008749-003/2024(H5N1)	511	660
PA|PP755594.1|A/cattle/Texas/24-008749-003/2024(H5N1)	512	654
PA|PP755594.1|A/cattle/Texas/24-008749-003/2024(H5N1)	513	649
PA|PP755594.1|A/cattle/Texas/24-008749-003/2024(H5N1)	514	648
PA|PP755594.1|A/cattle/Texas/24-008749-003/2024(H5N1)	515	654
PA|PP755594.1|A/cattle/Texas/24-008749-003/2024(H5N1)	516	666
PA|PP755594.1|A/cattle/Texas/24-008749-003/2024(H5N1)	517	667
PA|PP755594.1|A/cattle/Texas/24-008749-003/2024(H5N1)	518	663
PA|PP755594.1|A/cattle/Texas/24-008749-003/2024(H5N1)	519	660
PA|PP755594.1|A/cattle/Texas/24-008749-003/2024(H5N1)	520	656
PA|PP755594.1|A/cattle/Texas/24-008749-003/2024(H5N1)	521	659
PA|PP755594.1|A/cattle/Texas/24-008749-003/2024(H5N1)	522	674
PA|PP755594.1|A/cattle/Texas/24-008749-003/2024(H5N1)	523	665
PA|PP755594.1|A/cattle/Texas/24-008749-003/2024(H5N1)	524	657
PA|PP755594.1|A/cattle/Texas/24-008749-003/2024(H5N1)	525	688
PA|PP755594.1|A/cattle/Texas/24-008749-003/2024(H5N1)	526	696
PA|PP755594.1|A/cattle/Texas/24-008749-003/2024(H5N1)	527	703
PA|PP755594.1|A/cattle/Texas/24-008749-003/2024(H5N1)	528	702
PA|PP755594.1|A/cattle/Texas/24-008749-003/2024(H5N1)	529	701
PA|PP755594.1|A/cattle/Texas/24-008749-003/2024(H5N1)	530	715
PA|PP755594.1|A/cattle/Texas/24-008749-003/2024(H5N1)	531	715
PA|PP755594.1|A/cattle/Texas/24-008749-003/2024(H5N1)	532	715
PA|PP755594.1|A/cattle/Texas/24-008749-003/2024(H5N1)	533	687
PA|PP755594.1|A/cattle/Texas/24-008749-003/2024(H5N1)	534	673
PA|PP755594.1|A/cattle/Texas/24-008749-003/2024(H5N1)	535	660
PA|PP755594.1|A/cattle/Texas/24-008749-003/2024(H5N1)	536	666
PA|PP755594.1|A/cattle/Texas/24-008749-003/2024(H5N1)	537	666
PA|PP755594.1|A/cattle/Texas/24-008749-003/2024(H5N1)	538	664
PA|PP755594.1|A/cattle/Texas/24-008749-003/2024(H5N1)	539	638
PA|PP755594.1|A/cattle/Texas/24-008749-003/2024(H5N1)	540	638
PA|PP755594.1|A/cattle/Texas/24-008749-003/2024(H5N1)	541	641
PA|PP755594.1|A/cattle/Texas/24-008749-003/2024(H5N1)	542	649
PA|PP755594.1|A/cattle/Texas/24-008749-003/2024(H5N1)	543	647
PA|PP755594.1|A/cattle/Texas/24-008749-003/2024(H5N1)	544	647
PA|PP755594.1|A/cattle/Texas/24-008749-003/2024(H5N1)	545	640
PA|PP755594.1|A/cattle/Texas/24-008749-003/2024(H5N1)	546	658
PA|PP755594.1|A/cattle/Texas/24-008749-003/2024(H5N1)	547	658
PA|PP755594.1|A/cattle/Texas/24-008749-003/2024(H5N1)	548	660
PA|PP755594.1|A/cattle/Texas/24-008749-003/2024(H5N1)	549	667
PA|PP755594.1|A/cattle/Texas/24-008749-003/2024(H5N1)	550	664
PA|PP755594.1|A/cattle/Texas/24-008749-003/2024(H5N1)	551	702
PA|PP755594.1|A/cattle/Texas/24-008749-003/2024(H5N1)	552	713
PA|PP755594.1|A/cattle/Texas/24-008749-003/2024(H5N1)	553	712
PA|PP755594.1|A/cattle/Texas/24-008749-003/2024(H5N1)	554	711
PA|PP755594.1|A/cattle/Texas/24-008749-003/2024(H5N1)	555	707
PA|PP755594.1|A/cattle/Texas/24-008749-003/2024(H5N1)	556	725
PA|PP755594.1|A/cattle/Texas/24-008749-003/2024(H5N1)	557	751
PA|PP755594.1|A/cattle/Texas/24-008749-003/2024(H5N1)	558	749
PA|PP755594.1|A/cattle/Texas/24-008749-003/2024(H5N1)	559	752
PA|PP755594.1|A/cattle/Texas/24-008749-003/2024(H5N1)	560	712
PA|PP755594.1|A/cattle/Texas/24-008749-003/2024(H5N1)	561	714
PA|PP755594.1|A/cattle/Texas/24-008749-003/2024(H5N1)	562	732
PA|PP755594.1|A/cattle/Texas/24-008749-003/2024(H5N1)	563	731
PA|PP755594.1|A/cattle/Texas/24-008749-003/2024(H5N1)	564	738
PA|PP755594.1|A/cattle/Texas/24-008749-003/2024(H5N1)	565	720
PA|PP755594.1|A/cattle/Texas/24-008749-003/2024(H5N1)	566	701
PA|PP755594.1|A/cattle/Texas/24-008749-003/2024(H5N1)	567	703
PA|PP755594.1|A/cattle/Texas/24-008749-003/2024(H5N1)	568	700
PA|PP755594.1|A/cattle/Texas/24-008749-003/2024(H5N1)	569	706
PA|PP755594.1|A/cattle/Texas/24-008749-003/2024(H5N1)	570	704
PA|PP755594.1|A/cattle/Texas/24-008749-003/2024(H5N1)	571	704
PA|PP755594.1|A/cattle/Texas/24-008749-003/2024(H5N1)	572	704
PA|PP755594.1|A/cattle/Texas/24-008749-003/2024(H5N1)	573	700
PA|PP755594.1|A/cattle/Texas/24-008749-003/2024(H5N1)	574	700
PA|PP755594.1|A/cattle/Texas/24-008749-003/2024(H5N1)	575	700
PA|PP755594.1|A/cattle/Texas/24-008749-003/2024(H5N1)	576	703
PA|PP755594.1|A/cattle/Texas/24-008749-003/2024(H5N1)	577	725
PA|PP755594.1|A/cattle/Texas/24-008749-003/2024(H5N1)	578	716
PA|PP755594.1|A/cattle/Texas/24-008749-003/2024(H5N1)	579	718
PA|PP755594.1|A/cattle/Texas/24-008749-003/2024(H5N1)	580	727
PA|PP755594.1|A/cattle/Texas/24-008749-003/2024(H5N1)	581	725
PA|PP755594.1|A/cattle/Texas/24-008749-003/2024(H5N1)	582	723
PA|PP755594.1|A/cattle/Texas/24-008749-003/2024(H5N1)	583	722
PA|PP755594.1|A/cattle/Texas/24-008749-003/2024(H5N1)	584	717
PA|PP755594.1|A/cattle/Texas/24-008749-003/2024(H5N1)	585	716
PA|PP755594.1|A/cattle/Texas/24-008749-003/2024(H5N1)	586	715
PA|PP755594.1|A/cattle/Texas/24-008749-003/2024(H5N1)	587	708
PA|PP755594.1|A/cattle/Texas/24-008749-003/2024(H5N1)	588	706
PA|PP755594.1|A/cattle/Texas/24-008749-003/2024(H5N1)	589	713
PA|PP755594.1|A/cattle/Texas/24-008749-003/2024(H5N1)	590	714
PA|PP755594.1|A/cattle/Texas/24-008749-003/2024(H5N1)	591	713
PA|PP755594.1|A/cattle/Texas/24-008749-003/2024(H5N1)	592	713
PA|PP755594.1|A/cattle/Texas/24-008749-003/2024(H5N1)	593	706
PA|PP755594.1|A/cattle/Texas/24-008749-003/2024(H5N1)	594	706
PA|PP755594.1|A/cattle/Texas/24-008749-003/2024(H5N1)	595	703
PA|PP755594.1|A/cattle/Texas/24-008749-003/2024(H5N1)	596	702
PA|PP755594.1|A/cattle/Texas/24-008749-003/2024(H5N1)	597	701
PA|PP755594.1|A/cattle/Texas/24-008749-003/2024(H5N1)	598	690
PA|PP755594.1|A/cattle/Texas/24-008749-003/2024(H5N1)	599	692
PA|PP755594.1|A/cattle/Texas/24-008749-003/2024(H5N1)	600	692
PA|PP755594.1|A/cattle/Texas/24-008749-003/2024(H5N1)	601	693
PA|PP755594.1|A/cattle/Texas/24-008749-003/2024(H5N1)	602	693
PA|PP755594.1|A/cattle/Texas/24-008749-003/2024(H5N1)	603	690
PA|PP755594.1|A/cattle/Texas/24-008749-003/2024(H5N1)	604	691
PA|PP755594.1|A/cattle/Texas/24-008749-003/2024(H5N1)	605	684
PA|PP755594.1|A/cattle/Texas/24-008749-003/2024(H5N1)	606	683
PA|PP755594.1|A/cattle/Texas/24-008749-003/2024(H5N1)	607	683
PA|PP755594.1|A/cattle/Texas/24-008749-003/2024(H5N1)	608	680
PA|PP755594.1|A/cattle/Texas/24-008749-003/2024(H5N1)	609	681
PA|PP755594.1|A/cattle/Texas/24-008749-003/2024(H5N1)	610	676
PA|PP755594.1|A/cattle/Texas/24-008749-003/2024(H5N1)	611	675
PA|PP755594.1|A/cattle/Texas/24-008749-003/2024(H5N1)	612	682
PA|PP755594.1|A/cattle/Texas/24-008749-003/2024(H5N1)	613	682
PA|PP755594.1|A/cattle/Texas/24-008749-003/2024(H5N1)	614	682
PA|PP755594.1|A/cattle/Texas/24-008749-003/2024(H5N1)	615	683
PA|PP755594.1|A/cattle/Texas/24-008749-003/2024(H5N1)	616	682
PA|PP755594.1|A/cattle/Texas/24-008749-003/2024(H5N1)	617	683
PA|PP755594.1|A/cattle/Texas/24-008749-003/2024(H5N1)	618	682
PA|PP755594.1|A/cattle/Texas/24-008749-003/2024(H5N1)	619	678
PA|PP755594.1|A/cattle/Texas/24-008749-003/2024(H5N1)	620	684
PA|PP755594.1|A/cattle/Texas/24-008749-003/2024(H5N1)	621	697
PA|PP755594.1|A/cattle/Texas/24-008749-003/2024(H5N1)	622	695
PA|PP755594.1|A/cattle/Texas/24-008749-003/2024(H5N1)	623	699
PA|PP755594.1|A/cattle/Texas/24-008749-003/2024(H5N1)	624	699
PA|PP755594.1|A/cattle/Texas/24-008749-003/2024(H5N1)	625	700
PA|PP755594.1|A/cattle/Texas/24-008749-003/2024(H5N1)	626	703
PA|PP755594.1|A/cattle/Texas/24-008749-003/2024(H5N1)	627	704
PA|PP755594.1|A/cattle/Texas/24-008749-003/2024(H5N1)	628	703
PA|PP755594.1|A/cattle/Texas/24-008749-003/2024(H5N1)	629	673
PA|PP755594.1|A/cattle/Texas/24-008749-003/2024(H5N1)	630	652
PA|PP755594.1|A/cattle/Texas/24-008749-003/2024(H5N1)	631	655
PA|PP755594.1|A/cattle/Texas/24-008749-003/2024(H5N1)	632	655
PA|PP755594.1|A/cattle/Texas/24-008749-003/2024(H5N1)	633	660
PA|PP755594.1|A/cattle/Texas/24-008749-003/2024(H5N1)	634	658
PA|PP755594.1|A/cattle/Texas/24-008749-003/2024(H5N1)	635	656
PA|PP755594.1|A/cattle/Texas/24-008749-003/2024(H5N1)	636	647
PA|PP755594.1|A/cattle/Texas/24-008749-003/2024(H5N1)	637	641
PA|PP755594.1|A/cattle/Texas/24-008749-003/2024(H5N1)	638	644
PA|PP755594.1|A/cattle/Texas/24-008749-003/2024(H5N1)	639	653
PA|PP755594.1|A/cattle/Texas/24-008749-003/2024(H5N1)	640	644
PA|PP755594.1|A/cattle/Texas/24-008749-003/2024(H5N1)	641	636
PA|PP755594.1|A/cattle/Texas/24-008749-003/2024(H5N1)	642	635
PA|PP755594.1|A/cattle/Texas/24-008749-003/2024(H5N1)	643	635
PA|PP755594.1|A/cattle/Texas/24-008749-003/2024(H5N1)	644	635
PA|PP755594.1|A/cattle/Texas/24-008749-003/2024(H5N1)	645	629
PA|PP755594.1|A/cattle/Texas/24-008749-003/2024(H5N1)	646	634
PA|PP755594.1|A/cattle/Texas/24-008749-003/2024(H5N1)	647	637
PA|PP755594.1|A/cattle/Texas/24-008749-003/2024(H5N1)	648	629
PA|PP755594.1|A/cattle/Texas/24-008749-003/2024(H5N1)	649	649
PA|PP755594.1|A/cattle/Texas/24-008749-003/2024(H5N1)	650	651
PA|PP755594.1|A/cattle/Texas/24-008749-003/2024(H5N1)	651	657
PA|PP755594.1|A/cattle/Texas/24-008749-003/2024(H5N1)	652	656
PA|PP755594.1|A/cattle/Texas/24-008749-003/2024(H5N1)	653	670
PA|PP755594.1|A/cattle/Texas/24-008749-003/2024(H5N1)	654	671
PA|PP755594.1|A/cattle/Texas/24-008749-003/2024(H5N1)	655	665
PA|PP755594.1|A/cattle/Texas/24-008749-003/2024(H5N1)	656	667
PA|PP755594.1|A/cattle/Texas/24-008749-003/2024(H5N1)	657	670
PA|PP755594.1|A/cattle/Texas/24-008749-003/2024(H5N1)	658	686
PA|PP755594.1|A/cattle/Texas/24-008749-003/2024(H5N1)	659	681
PA|PP755594.1|A/cattle/Texas/24-008749-003/2024(H5N1)	660	676
PA|PP755594.1|A/cattle/Texas/24-008749-003/2024(H5N1)	661	667
PA|PP755594.1|A/cattle/Texas/24-008749-003/2024(H5N1)	662	662
PA|PP755594.1|A/cattle/Texas/24-008749-003/2024(H5N1)	663	663
PA|PP755594.1|A/cattle/Texas/24-008749-003/2024(H5N1)	664	671
PA|PP755594.1|A/cattle/Texas/24-008749-003/2024(H5N1)	665	671
PA|PP755594.1|A/cattle/Texas/24-008749-003/2024(H5N1)	666	667
PA|PP755594.1|A/cattle/Texas/24-008749-003/2024(H5N1)	667	655
PA|PP755594.1|A/cattle/Texas/24-008749-003/2024(H5N1)	668	663
PA|PP755594.1|A/cattle/Texas/24-008749-003/2024(H5N1)	669	677
PA|PP755594.1|A/cattle/Texas/24-008749-003/2024(H5N1)	670	678
PA|PP755594.1|A/cattle/Texas/24-008749-003/2024(H5N1)	671	675
PA|PP755594.1|A/cattle/Texas/24-008749-003/2024(H5N1)	672	668
PA|PP755594.1|A/cattle/Texas/24-008749-003/2024(H5N1)	673	654
PA|PP755594.1|A/cattle/Texas/24-008749-003/2024(H5N1)	674	655
PA|PP755594.1|A/cattle/Texas/24-008749-003/2024(H5N1)	675	626
PA|PP755594.1|A/cattle/Texas/24-008749-003/2024(H5N1)	676	626
PA|PP755594.1|A/cattle/Texas/24-008749-003/2024(H5N1)	677	628
PA|PP755594.1|A/cattle/Texas/24-008749-003/2024(H5N1)	678	625
PA|PP755594.1|A/cattle/Texas/24-008749-003/2024(H5N1)	679	625
PA|PP755594.1|A/cattle/Texas/24-008749-003/2024(H5N1)	680	661
PA|PP755594.1|A/cattle/Texas/24-008749-003/2024(H5N1)	681	640
PA|PP755594.1|A/cattle/Texas/24-008749-003/2024(H5N1)	682	644
PA|PP755594.1|A/cattle/Texas/24-008749-003/2024(H5N1)	683	643
PA|PP755594.1|A/cattle/Texas/24-008749-003/2024(H5N1)	684	672
PA|PP755594.1|A/cattle/Texas/24-008749-003/2024(H5N1)	685	695
PA|PP755594.1|A/cattle/Texas/24-008749-003/2024(H5N1)	686	695
PA|PP755594.1|A/cattle/Texas/24-008749-003/2024(H5N1)	687	694
PA|PP755594.1|A/cattle/Texas/24-008749-003/2024(H5N1)	688	694
PA|PP755594.1|A/cattle/Texas/24-008749-003/2024(H5N1)	689	694
PA|PP755594.1|A/cattle/Texas/24-008749-003/2024(H5N1)	690	693
PA|PP755594.1|A/cattle/Texas/24-008749-003/2024(H5N1)	691	704
PA|PP755594.1|A/cattle/Texas/24-008749-003/2024(H5N1)	692	699
PA|PP755594.1|A/cattle/Texas/24-008749-003/2024(H5N1)	693	692
PA|PP755594.1|A/cattle/Texas/24-008749-003/2024(H5N1)	694	688
PA|PP755594.1|A/cattle/Texas/24-008749-003/2024(H5N1)	695	705
PA|PP755594.1|A/cattle/Texas/24-008749-003/2024(H5N1)	696	706
PA|PP755594.1|A/cattle/Texas/24-008749-003/2024(H5N1)	697	697
PA|PP755594.1|A/cattle/Texas/24-008749-003/2024(H5N1)	698	693
PA|PP755594.1|A/cattle/Texas/24-008749-003/2024(H5N1)	699	701
PA|PP755594.1|A/cattle/Texas/24-008749-003/2024(H5N1)	700	689
PA|PP755594.1|A/cattle/Texas/24-008749-003/2024(H5N1)	701	691
PA|PP755594.1|A/cattle/Texas/24-008749-003/2024(H5N1)	702	655
PA|PP755594.1|A/cattle/Texas/24-008749-003/2024(H5N1)	703	652
PA|PP755594.1|A/cattle/Texas/24-008749-003/2024(H5N1)	704	646
PA|PP755594.1|A/cattle/Texas/24-008749-003/2024(H5N1)	705	646
PA|PP755594.1|A/cattle/Texas/24-008749-003/2024(H5N1)	706	643
PA|PP755594.1|A/cattle/Texas/24-008749-003/2024(H5N1)	707	626
PA|PP755594.1|A/cattle/Texas/24-008749-003/2024(H5N1)	708	605
PA|PP755594.1|A/cattle/Texas/24-008749-003/2024(H5N1)	709	606
PA|PP755594.1|A/cattle/Texas/24-008749-003/2024(H5N1)	710	602
PA|PP755594.1|A/cattle/Texas/24-008749-003/2024(H5N1)	711	602
PA|PP755594.1|A/cattle/Texas/24-008749-003/2024(H5N1)	712	604
PA|PP755594.1|A/cattle/Texas/24-008749-003/2024(H5N1)	713	579
PA|PP755594.1|A/cattle/Texas/24-008749-003/2024(H5N1)	714	581
PA|PP755594.1|A/cattle/Texas/24-008749-003/2024(H5N1)	715	573
PA|PP755594.1|A/cattle/Texas/24-008749-003/2024(H5N1)	716	573
PA|PP755594.1|A/cattle/Texas/24-008749-003/2024(H5N1)	717	578
PA|PP755594.1|A/cattle/Texas/24-008749-003/2024(H5N1)	718	578
PA|PP755594.1|A/cattle/Texas/24-008749-003/2024(H5N1)	719	639
PA|PP755594.1|A/cattle/Texas/24-008749-003/2024(H5N1)	720	635
PA|PP755594.1|A/cattle/Texas/24-008749-003/2024(H5N1)	721	633
PA|PP755594.1|A/cattle/Texas/24-008749-003/2024(H5N1)	722	645
PA|PP755594.1|A/cattle/Texas/24-008749-003/2024(H5N1)	723	648
PA|PP755594.1|A/cattle/Texas/24-008749-003/2024(H5N1)	724	652
PA|PP755594.1|A/cattle/Texas/24-008749-003/2024(H5N1)	725	654
PA|PP755594.1|A/cattle/Texas/24-008749-003/2024(H5N1)	726	649
PA|PP755594.1|A/cattle/Texas/24-008749-003/2024(H5N1)	727	652
PA|PP755594.1|A/cattle/Texas/24-008749-003/2024(H5N1)	728	626
PA|PP755594.1|A/cattle/Texas/24-008749-003/2024(H5N1)	729	638
PA|PP755594.1|A/cattle/Texas/24-008749-003/2024(H5N1)	730	633
PA|PP755594.1|A/cattle/Texas/24-008749-003/2024(H5N1)	731	626
PA|PP755594.1|A/cattle/Texas/24-008749-003/2024(H5N1)	732	623
PA|PP755594.1|A/cattle/Texas/24-008749-003/2024(H5N1)	733	628
PA|PP755594.1|A/cattle/Texas/24-008749-003/2024(H5N1)	734	630
PA|PP755594.1|A/cattle/Texas/24-008749-003/2024(H5N1)	735	634
PA|PP755594.1|A/cattle/Texas/24-008749-003/2024(H5N1)	736	634
PA|PP755594.1|A/cattle/Texas/24-008749-003/2024(H5N1)	737	635
PA|PP755594.1|A/cattle/Texas/24-008749-003/2024(H5N1)	738	621
PA|PP755594.1|A/cattle/Texas/24-008749-003/2024(H5N1)	739	621
PA|PP755594.1|A/cattle/Texas/24-008749-003/2024(H5N1)	740	627
PA|PP755594.1|A/cattle/Texas/24-008749-003/2024(H5N1)	741	627
PA|PP755594.1|A/cattle/Texas/24-008749-003/2024(H5N1)	742	627
PA|PP755594.1|A/cattle/Texas/24-008749-003/2024(H5N1)	743	624
PA|PP755594.1|A/cattle/Texas/24-008749-003/2024(H5N1)	744	637
PA|PP755594.1|A/cattle/Texas/24-008749-003/2024(H5N1)	745	639
PA|PP755594.1|A/cattle/Texas/24-008749-003/2024(H5N1)	746	643
PA|PP755594.1|A/cattle/Texas/24-008749-003/2024(H5N1)	747	645
PA|PP755594.1|A/cattle/Texas/24-008749-003/2024(H5N1)	748	649
PA|PP755594.1|A/cattle/Texas/24-008749-003/2024(H5N1)	749	650
PA|PP755594.1|A/cattle/Texas/24-008749-003/2024(H5N1)	750	650
PA|PP755594.1|A/cattle/Texas/24-008749-003/2024(H5N1)	751	650
PA|PP755594.1|A/cattle/Texas/24-008749-003/2024(H5N1)	752	652
PA|PP755594.1|A/cattle/Texas/24-008749-003/2024(H5N1)	753	652
PA|PP755594.1|A/cattle/Texas/24-008749-003/2024(H5N1)	754	655
PA|PP755594.1|A/cattle/Texas/24-008749-003/2024(H5N1)	755	665
PA|PP755594.1|A/cattle/Texas/24-008749-003/2024(H5N1)	756	667
PA|PP755594.1|A/cattle/Texas/24-008749-003/2024(H5N1)	757	668
PA|PP755594.1|A/cattle/Texas/24-008749-003/2024(H5N1)	758	683
PA|PP755594.1|A/cattle/Texas/24-008749-003/2024(H5N1)	759	686
PA|PP755594.1|A/cattle/Texas/24-008749-003/2024(H5N1)	760	696
PA|PP755594.1|A/cattle/Texas/24-008749-003/2024(H5N1)	761	696
PA|PP755594.1|A/cattle/Texas/24-008749-003/2024(H5N1)	762	699
PA|PP755594.1|A/cattle/Texas/24-008749-003/2024(H5N1)	763	692
PA|PP755594.1|A/cattle/Texas/24-008749-003/2024(H5N1)	764	692
PA|PP755594.1|A/cattle/Texas/24-008749-003/2024(H5N1)	765	692
PA|PP755594.1|A/cattle/Texas/24-008749-003/2024(H5N1)	766	691
PA|PP755594.1|A/cattle/Texas/24-008749-003/2024(H5N1)	767	693
PA|PP755594.1|A/cattle/Texas/24-008749-003/2024(H5N1)	768	728
PA|PP755594.1|A/cattle/Texas/24-008749-003/2024(H5N1)	769	730
PA|PP755594.1|A/cattle/Texas/24-008749-003/2024(H5N1)	770	750
PA|PP755594.1|A/cattle/Texas/24-008749-003/2024(H5N1)	771	737
PA|PP755594.1|A/cattle/Texas/24-008749-003/2024(H5N1)	772	721
PA|PP755594.1|A/cattle/Texas/24-008749-003/2024(H5N1)	773	724
PA|PP755594.1|A/cattle/Texas/24-008749-003/2024(H5N1)	774	719
PA|PP755594.1|A/cattle/Texas/24-008749-003/2024(H5N1)	775	716
PA|PP755594.1|A/cattle/Texas/24-008749-003/2024(H5N1)	776	710
PA|PP755594.1|A/cattle/Texas/24-008749-003/2024(H5N1)	777	709
PA|PP755594.1|A/cattle/Texas/24-008749-003/2024(H5N1)	778	715
PA|PP755594.1|A/cattle/Texas/24-008749-003/2024(H5N1)	779	707
PA|PP755594.1|A/cattle/Texas/24-008749-003/2024(H5N1)	780	714
PA|PP755594.1|A/cattle/Texas/24-008749-003/2024(H5N1)	781	702
PA|PP755594.1|A/cattle/Texas/24-008749-003/2024(H5N1)	782	699
PA|PP755594.1|A/cattle/Texas/24-008749-003/2024(H5N1)	783	701
PA|PP755594.1|A/cattle/Texas/24-008749-003/2024(H5N1)	784	702
PA|PP755594.1|A/cattle/Texas/24-008749-003/2024(H5N1)	785	720
PA|PP755594.1|A/cattle/Texas/24-008749-003/2024(H5N1)	786	725
PA|PP755594.1|A/cattle/Texas/24-008749-003/2024(H5N1)	787	718
PA|PP755594.1|A/cattle/Texas/24-008749-003/2024(H5N1)	788	721
PA|PP755594.1|A/cattle/Texas/24-008749-003/2024(H5N1)	789	714
PA|PP755594.1|A/cattle/Texas/24-008749-003/2024(H5N1)	790	722
PA|PP755594.1|A/cattle/Texas/24-008749-003/2024(H5N1)	791	739
PA|PP755594.1|A/cattle/Texas/24-008749-003/2024(H5N1)	792	741
PA|PP755594.1|A/cattle/Texas/24-008749-003/2024(H5N1)	793	742
PA|PP755594.1|A/cattle/Texas/24-008749-003/2024(H5N1)	794	718
PA|PP755594.1|A/cattle/Texas/24-008749-003/2024(H5N1)	795	718
PA|PP755594.1|A/cattle/Texas/24-008749-003/2024(H5N1)	796	713
PA|PP755594.1|A/cattle/Texas/24-008749-003/2024(H5N1)	797	708
PA|PP755594.1|A/cattle/Texas/24-008749-003/2024(H5N1)	798	707
PA|PP755594.1|A/cattle/Texas/24-008749-003/2024(H5N1)	799	707
PA|PP755594.1|A/cattle/Texas/24-008749-003/2024(H5N1)	800	710
PA|PP755594.1|A/cattle/Texas/24-008749-003/2024(H5N1)	801	709
PA|PP755594.1|A/cattle/Texas/24-008749-003/2024(H5N1)	802	696
PA|PP755594.1|A/cattle/Texas/24-008749-003/2024(H5N1)	803	695
PA|PP755594.1|A/cattle/Texas/24-008749-003/2024(H5N1)	804	701
PA|PP755594.1|A/cattle/Texas/24-008749-003/2024(H5N1)	805	699
PA|PP755594.1|A/cattle/Texas/24-008749-003/2024(H5N1)	806	709
PA|PP755594.1|A/cattle/Texas/24-008749-003/2024(H5N1)	807	712
PA|PP755594.1|A/cattle/Texas/24-008749-003/2024(H5N1)	808	710
PA|PP755594.1|A/cattle/Texas/24-008749-003/2024(H5N1)	809	696
PA|PP755594.1|A/cattle/Texas/24-008749-003/2024(H5N1)	810	705
PA|PP755594.1|A/cattle/Texas/24-008749-003/2024(H5N1)	811	708
PA|PP755594.1|A/cattle/Texas/24-008749-003/2024(H5N1)	812	703
PA|PP755594.1|A/cattle/Texas/24-008749-003/2024(H5N1)	813	701
PA|PP755594.1|A/cattle/Texas/24-008749-003/2024(H5N1)	814	702
PA|PP755594.1|A/cattle/Texas/24-008749-003/2024(H5N1)	815	709
PA|PP755594.1|A/cattle/Texas/24-008749-003/2024(H5N1)	816	709
PA|PP755594.1|A/cattle/Texas/24-008749-003/2024(H5N1)	817	708
PA|PP755594.1|A/cattle/Texas/24-008749-003/2024(H5N1)	818	709
PA|PP755594.1|A/cattle/Texas/24-008749-003/2024(H5N1)	819	703
PA|PP755594.1|A/cattle/Texas/24-008749-003/2024(H5N1)	820	692
PA|PP755594.1|A/cattle/Texas/24-008749-003/2024(H5N1)	821	692
PA|PP755594.1|A/cattle/Texas/24-008749-003/2024(H5N1)	822	727
PA|PP755594.1|A/cattle/Texas/24-008749-003/2024(H5N1)	823	753
PA|PP755594.1|A/cattle/Texas/24-008749-003/2024(H5N1)	824	752
PA|PP755594.1|A/cattle/Texas/24-008749-003/2024(H5N1)	825	751
PA|PP755594.1|A/cattle/Texas/24-008749-003/2024(H5N1)	826	748
PA|PP755594.1|A/cattle/Texas/24-008749-003/2024(H5N1)	827	770
PA|PP755594.1|A/cattle/Texas/24-008749-003/2024(H5N1)	828	756
PA|PP755594.1|A/cattle/Texas/24-008749-003/2024(H5N1)	829	756
PA|PP755594.1|A/cattle/Texas/24-008749-003/2024(H5N1)	830	754
PA|PP755594.1|A/cattle/Texas/24-008749-003/2024(H5N1)	831	716
PA|PP755594.1|A/cattle/Texas/24-008749-003/2024(H5N1)	832	714
PA|PP755594.1|A/cattle/Texas/24-008749-003/2024(H5N1)	833	710
PA|PP755594.1|A/cattle/Texas/24-008749-003/2024(H5N1)	834	709
PA|PP755594.1|A/cattle/Texas/24-008749-003/2024(H5N1)	835	690
PA|PP755594.1|A/cattle/Texas/24-008749-003/2024(H5N1)	836	661
PA|PP755594.1|A/cattle/Texas/24-008749-003/2024(H5N1)	837	668
PA|PP755594.1|A/cattle/Texas/24-008749-003/2024(H5N1)	838	665
PA|PP755594.1|A/cattle/Texas/24-008749-003/2024(H5N1)	839	665
PA|PP755594.1|A/cattle/Texas/24-008749-003/2024(H5N1)	840	665
PA|PP755594.1|A/cattle/Texas/24-008749-003/2024(H5N1)	841	665
PA|PP755594.1|A/cattle/Texas/24-008749-003/2024(H5N1)	842	654
PA|PP755594.1|A/cattle/Texas/24-008749-003/2024(H5N1)	843	660
PA|PP755594.1|A/cattle/Texas/24-008749-003/2024(H5N1)	844	669
PA|PP755594.1|A/cattle/Texas/24-008749-003/2024(H5N1)	845	675
PA|PP755594.1|A/cattle/Texas/24-008749-003/2024(H5N1)	846	651
PA|PP755594.1|A/cattle/Texas/24-008749-003/2024(H5N1)	847	650
PA|PP755594.1|A/cattle/Texas/24-008749-003/2024(H5N1)	848	651
PA|PP755594.1|A/cattle/Texas/24-008749-003/2024(H5N1)	849	656
PA|PP755594.1|A/cattle/Texas/24-008749-003/2024(H5N1)	850	653
PA|PP755594.1|A/cattle/Texas/24-008749-003/2024(H5N1)	851	663
PA|PP755594.1|A/cattle/Texas/24-008749-003/2024(H5N1)	852	663
PA|PP755594.1|A/cattle/Texas/24-008749-003/2024(H5N1)	853	672
PA|PP755594.1|A/cattle/Texas/24-008749-003/2024(H5N1)	854	673
PA|PP755594.1|A/cattle/Texas/24-008749-003/2024(H5N1)	855	659
PA|PP755594.1|A/cattle/Texas/24-008749-003/2024(H5N1)	856	662
PA|PP755594.1|A/cattle/Texas/24-008749-003/2024(H5N1)	857	663
PA|PP755594.1|A/cattle/Texas/24-008749-003/2024(H5N1)	858	662
PA|PP755594.1|A/cattle/Texas/24-008749-003/2024(H5N1)	859	662
PA|PP755594.1|A/cattle/Texas/24-008749-003/2024(H5N1)	860	728
PA|PP755594.1|A/cattle/Texas/24-008749-003/2024(H5N1)	861	732
PA|PP755594.1|A/cattle/Texas/24-008749-003/2024(H5N1)	862	740
PA|PP755594.1|A/cattle/Texas/24-008749-003/2024(H5N1)	863	738
PA|PP755594.1|A/cattle/Texas/24-008749-003/2024(H5N1)	864	738
PA|PP755594.1|A/cattle/Texas/24-008749-003/2024(H5N1)	865	740
PA|PP755594.1|A/cattle/Texas/24-008749-003/2024(H5N1)	866	739
PA|PP755594.1|A/cattle/Texas/24-008749-003/2024(H5N1)	867	741
PA|PP755594.1|A/cattle/Texas/24-008749-003/2024(H5N1)	868	743
PA|PP755594.1|A/cattle/Texas/24-008749-003/2024(H5N1)	869	690
PA|PP755594.1|A/cattle/Texas/24-008749-003/2024(H5N1)	870	682
PA|PP755594.1|A/cattle/Texas/24-008749-003/2024(H5N1)	871	681
PA|PP755594.1|A/cattle/Texas/24-008749-003/2024(H5N1)	872	684
PA|PP755594.1|A/cattle/Texas/24-008749-003/2024(H5N1)	873	675
PA|PP755594.1|A/cattle/Texas/24-008749-003/2024(H5N1)	874	676
PA|PP755594.1|A/cattle/Texas/24-008749-003/2024(H5N1)	875	680
PA|PP755594.1|A/cattle/Texas/24-008749-003/2024(H5N1)	876	680
PA|PP755594.1|A/cattle/Texas/24-008749-003/2024(H5N1)	877	681
PA|PP755594.1|A/cattle/Texas/24-008749-003/2024(H5N1)	878	684
PA|PP755594.1|A/cattle/Texas/24-008749-003/2024(H5N1)	879	682
PA|PP755594.1|A/cattle/Texas/24-008749-003/2024(H5N1)	880	673
PA|PP755594.1|A/cattle/Texas/24-008749-003/2024(H5N1)	881	676
PA|PP755594.1|A/cattle/Texas/24-008749-003/2024(H5N1)	882	710
PA|PP755594.1|A/cattle/Texas/24-008749-003/2024(H5N1)	883	710
PA|PP755594.1|A/cattle/Texas/24-008749-003/2024(H5N1)	884	701
PA|PP755594.1|A/cattle/Texas/24-008749-003/2024(H5N1)	885	699
PA|PP755594.1|A/cattle/Texas/24-008749-003/2024(H5N1)	886	708
PA|PP755594.1|A/cattle/Texas/24-008749-003/2024(H5N1)	887	710
PA|PP755594.1|A/cattle/Texas/24-008749-003/2024(H5N1)	888	709
PA|PP755594.1|A/cattle/Texas/24-008749-003/2024(H5N1)	889	711
PA|PP755594.1|A/cattle/Texas/24-008749-003/2024(H5N1)	890	710
PA|PP755594.1|A/cattle/Texas/24-008749-003/2024(H5N1)	891	723
PA|PP755594.1|A/cattle/Texas/24-008749-003/2024(H5N1)	892	723
PA|PP755594.1|A/cattle/Texas/24-008749-003/2024(H5N1)	893	723
PA|PP755594.1|A/cattle/Texas/24-008749-003/2024(H5N1)	894	726
PA|PP755594.1|A/cattle/Texas/24-008749-003/2024(H5N1)	895	723
PA|PP755594.1|A/cattle/Texas/24-008749-003/2024(H5N1)	896	720
PA|PP755594.1|A/cattle/Texas/24-008749-003/2024(H5N1)	897	720
PA|PP755594.1|A/cattle/Texas/24-008749-003/2024(H5N1)	898	717
PA|PP755594.1|A/cattle/Texas/24-008749-003/2024(H5N1)	899	713
PA|PP755594.1|A/cattle/Texas/24-008749-003/2024(H5N1)	900	732
PA|PP755594.1|A/cattle/Texas/24-008749-003/2024(H5N1)	901	737
PA|PP755594.1|A/cattle/Texas/24-008749-003/2024(H5N1)	902	774
PA|PP755594.1|A/cattle/Texas/24-008749-003/2024(H5N1)	903	770
PA|PP755594.1|A/cattle/Texas/24-008749-003/2024(H5N1)	904	750
PA|PP755594.1|A/cattle/Texas/24-008749-003/2024(H5N1)	905	747
PA|PP755594.1|A/cattle/Texas/24-008749-003/2024(H5N1)	906	747
PA|PP755594.1|A/cattle/Texas/24-008749-003/2024(H5N1)	907	792
PA|PP755594.1|A/cattle/Texas/24-008749-003/2024(H5N1)	908	790
PA|PP755594.1|A/cattle/Texas/24-008749-003/2024(H5N1)	909	774
PA|PP755594.1|A/cattle/Texas/24-008749-003/2024(H5N1)	910	772
PA|PP755594.1|A/cattle/Texas/24-008749-003/2024(H5N1)	911	762
PA|PP755594.1|A/cattle/Texas/24-008749-003/2024(H5N1)	912	802
PA|PP755594.1|A/cattle/Texas/24-008749-003/2024(H5N1)	913	801
PA|PP755594.1|A/cattle/Texas/24-008749-003/2024(H5N1)	914	801
PA|PP755594.1|A/cattle/Texas/24-008749-003/2024(H5N1)	915	801
PA|PP755594.1|A/cattle/Texas/24-008749-003/2024(H5N1)	916	766
PA|PP755594.1|A/cattle/Texas/24-008749-003/2024(H5N1)	917	769
PA|PP755594.1|A/cattle/Texas/24-008749-003/2024(H5N1)	918	762
PA|PP755594.1|A/cattle/Texas/24-008749-003/2024(H5N1)	919	759
PA|PP755594.1|A/cattle/Texas/24-008749-003/2024(H5N1)	920	759
PA|PP755594.1|A/cattle/Texas/24-008749-003/2024(H5N1)	921	736
PA|PP755594.1|A/cattle/Texas/24-008749-003/2024(H5N1)	922	739
PA|PP755594.1|A/cattle/Texas/24-008749-003/2024(H5N1)	923	734
PA|PP755594.1|A/cattle/Texas/24-008749-003/2024(H5N1)	924	733
PA|PP755594.1|A/cattle/Texas/24-008749-003/2024(H5N1)	925	733
PA|PP755594.1|A/cattle/Texas/24-008749-003/2024(H5N1)	926	731
PA|PP755594.1|A/cattle/Texas/24-008749-003/2024(H5N1)	927	732
PA|PP755594.1|A/cattle/Texas/24-008749-003/2024(H5N1)	928	737
PA|PP755594.1|A/cattle/Texas/24-008749-003/2024(H5N1)	929	733
PA|PP755594.1|A/cattle/Texas/24-008749-003/2024(H5N1)	930	732
PA|PP755594.1|A/cattle/Texas/24-008749-003/2024(H5N1)	931	725
PA|PP755594.1|A/cattle/Texas/24-008749-003/2024(H5N1)	932	725
PA|PP755594.1|A/cattle/Texas/24-008749-003/2024(H5N1)	933	725
PA|PP755594.1|A/cattle/Texas/24-008749-003/2024(H5N1)	934	728
PA|PP755594.1|A/cattle/Texas/24-008749-003/2024(H5N1)	935	726
PA|PP755594.1|A/cattle/Texas/24-008749-003/2024(H5N1)	936	713
PA|PP755594.1|A/cattle/Texas/24-008749-003/2024(H5N1)	937	711
PA|PP755594.1|A/cattle/Texas/24-008749-003/2024(H5N1)	938	713
PA|PP755594.1|A/cattle/Texas/24-008749-003/2024(H5N1)	939	711
PA|PP755594.1|A/cattle/Texas/24-008749-003/2024(H5N1)	940	713
PA|PP755594.1|A/cattle/Texas/24-008749-003/2024(H5N1)	941	706
PA|PP755594.1|A/cattle/Texas/24-008749-003/2024(H5N1)	942	689
PA|PP755594.1|A/cattle/Texas/24-008749-003/2024(H5N1)	943	693
PA|PP755594.1|A/cattle/Texas/24-008749-003/2024(H5N1)	944	692
PA|PP755594.1|A/cattle/Texas/24-008749-003/2024(H5N1)	945	692
PA|PP755594.1|A/cattle/Texas/24-008749-003/2024(H5N1)	946	691
PA|PP755594.1|A/cattle/Texas/24-008749-003/2024(H5N1)	947	697
PA|PP755594.1|A/cattle/Texas/24-008749-003/2024(H5N1)	948	674
PA|PP755594.1|A/cattle/Texas/24-008749-003/2024(H5N1)	949	673
PA|PP755594.1|A/cattle/Texas/24-008749-003/2024(H5N1)	950	679
PA|PP755594.1|A/cattle/Texas/24-008749-003/2024(H5N1)	951	679
PA|PP755594.1|A/cattle/Texas/24-008749-003/2024(H5N1)	952	699
PA|PP755594.1|A/cattle/Texas/24-008749-003/2024(H5N1)	953	702
PA|PP755594.1|A/cattle/Texas/24-008749-003/2024(H5N1)	954	702
PA|PP755594.1|A/cattle/Texas/24-008749-003/2024(H5N1)	955	710
PA|PP755594.1|A/cattle/Texas/24-008749-003/2024(H5N1)	956	706
PA|PP755594.1|A/cattle/Texas/24-008749-003/2024(H5N1)	957	706
PA|PP755594.1|A/cattle/Texas/24-008749-003/2024(H5N1)	958	716
PA|PP755594.1|A/cattle/Texas/24-008749-003/2024(H5N1)	959	714
PA|PP755594.1|A/cattle/Texas/24-008749-003/2024(H5N1)	960	703
PA|PP755594.1|A/cattle/Texas/24-008749-003/2024(H5N1)	961	704
PA|PP755594.1|A/cattle/Texas/24-008749-003/2024(H5N1)	962	704
PA|PP755594.1|A/cattle/Texas/24-008749-003/2024(H5N1)	963	704
PA|PP755594.1|A/cattle/Texas/24-008749-003/2024(H5N1)	964	700
PA|PP755594.1|A/cattle/Texas/24-008749-003/2024(H5N1)	965	743
PA|PP755594.1|A/cattle/Texas/24-008749-003/2024(H5N1)	966	739
PA|PP755594.1|A/cattle/Texas/24-008749-003/2024(H5N1)	967	740
PA|PP755594.1|A/cattle/Texas/24-008749-003/2024(H5N1)	968	741
PA|PP755594.1|A/cattle/Texas/24-008749-003/2024(H5N1)	969	759
PA|PP755594.1|A/cattle/Texas/24-008749-003/2024(H5N1)	970	758
PA|PP755594.1|A/cattle/Texas/24-008749-003/2024(H5N1)	971	750
PA|PP755594.1|A/cattle/Texas/24-008749-003/2024(H5N1)	972	748
PA|PP755594.1|A/cattle/Texas/24-008749-003/2024(H5N1)	973	716
PA|PP755594.1|A/cattle/Texas/24-008749-003/2024(H5N1)	974	710
PA|PP755594.1|A/cattle/Texas/24-008749-003/2024(H5N1)	975	709
PA|PP755594.1|A/cattle/Texas/24-008749-003/2024(H5N1)	976	709
PA|PP755594.1|A/cattle/Texas/24-008749-003/2024(H5N1)	977	710
PA|PP755594.1|A/cattle/Texas/24-008749-003/2024(H5N1)	978	694
PA|PP755594.1|A/cattle/Texas/24-008749-003/2024(H5N1)	979	694
PA|PP755594.1|A/cattle/Texas/24-008749-003/2024(H5N1)	980	692
PA|PP755594.1|A/cattle/Texas/24-008749-003/2024(H5N1)	981	691
PA|PP755594.1|A/cattle/Texas/24-008749-003/2024(H5N1)	982	692
PA|PP755594.1|A/cattle/Texas/24-008749-003/2024(H5N1)	983	692
PA|PP755594.1|A/cattle/Texas/24-008749-003/2024(H5N1)	984	692
PA|PP755594.1|A/cattle/Texas/24-008749-003/2024(H5N1)	985	700
PA|PP755594.1|A/cattle/Texas/24-008749-003/2024(H5N1)	986	704
PA|PP755594.1|A/cattle/Texas/24-008749-003/2024(H5N1)	987	698
PA|PP755594.1|A/cattle/Texas/24-008749-003/2024(H5N1)	988	698
PA|PP755594.1|A/cattle/Texas/24-008749-003/2024(H5N1)	989	698
PA|PP755594.1|A/cattle/Texas/24-008749-003/2024(H5N1)	990	703
PA|PP755594.1|A/cattle/Texas/24-008749-003/2024(H5N1)	991	703
PA|PP755594.1|A/cattle/Texas/24-008749-003/2024(H5N1)	992	705
PA|PP755594.1|A/cattle/Texas/24-008749-003/2024(H5N1)	993	727
PA|PP755594.1|A/cattle/Texas/24-008749-003/2024(H5N1)	994	723
PA|PP755594.1|A/cattle/Texas/24-008749-003/2024(H5N1)	995	720
PA|PP755594.1|A/cattle/Texas/24-008749-003/2024(H5N1)	996	715
PA|PP755594.1|A/cattle/Texas/24-008749-003/2024(H5N1)	997	738
PA|PP755594.1|A/cattle/Texas/24-008749-003/2024(H5N1)	998	741
PA|PP755594.1|A/cattle/Texas/24-008749-003/2024(H5N1)	999	741
PA|PP755594.1|A/cattle/Texas/24-008749-003/2024(H5N1)	1000	738
PA|PP755594.1|A/cattle/Texas/24-008749-003/2024(H5N1)	1001	732
PA|PP755594.1|A/cattle/Texas/24-008749-003/2024(H5N1)	1002	725
PA|PP755594.1|A/cattle/Texas/24-008749-003/2024(H5N1)	1003	726
PA|PP755594.1|A/cattle/Texas/24-008749-003/2024(H5N1)	1004	727
PA|PP755594.1|A/cattle/Texas/24-008749-003/2024(H5N1)	1005	727
PA|PP755594.1|A/cattle/Texas/24-008749-003/2024(H5N1)	1006	725
PA|PP755594.1|A/cattle/Texas/24-008749-003/2024(H5N1)	1007	730
PA|PP755594.1|A/cattle/Texas/24-008749-003/2024(H5N1)	1008	735
PA|PP755594.1|A/cattle/Texas/24-008749-003/2024(H5N1)	1009	745
PA|PP755594.1|A/cattle/Texas/24-008749-003/2024(H5N1)	1010	713
PA|PP755594.1|A/cattle/Texas/24-008749-003/2024(H5N1)	1011	704
PA|PP755594.1|A/cattle/Texas/24-008749-003/2024(H5N1)	1012	698
PA|PP755594.1|A/cattle/Texas/24-008749-003/2024(H5N1)	1013	689
PA|PP755594.1|A/cattle/Texas/24-008749-003/2024(H5N1)	1014	691
PA|PP755594.1|A/cattle/Texas/24-008749-003/2024(H5N1)	1015	700
PA|PP755594.1|A/cattle/Texas/24-008749-003/2024(H5N1)	1016	696
PA|PP755594.1|A/cattle/Texas/24-008749-003/2024(H5N1)	1017	695
PA|PP755594.1|A/cattle/Texas/24-008749-003/2024(H5N1)	1018	691
PA|PP755594.1|A/cattle/Texas/24-008749-003/2024(H5N1)	1019	690
PA|PP755594.1|A/cattle/Texas/24-008749-003/2024(H5N1)	1020	699
PA|PP755594.1|A/cattle/Texas/24-008749-003/2024(H5N1)	1021	697
PA|PP755594.1|A/cattle/Texas/24-008749-003/2024(H5N1)	1022	696
PA|PP755594.1|A/cattle/Texas/24-008749-003/2024(H5N1)	1023	693
PA|PP755594.1|A/cattle/Texas/24-008749-003/2024(H5N1)	1024	783
PA|PP755594.1|A/cattle/Texas/24-008749-003/2024(H5N1)	1025	784
PA|PP755594.1|A/cattle/Texas/24-008749-003/2024(H5N1)	1026	792
PA|PP755594.1|A/cattle/Texas/24-008749-003/2024(H5N1)	1027	794
PA|PP755594.1|A/cattle/Texas/24-008749-003/2024(H5N1)	1028	793
PA|PP755594.1|A/cattle/Texas/24-008749-003/2024(H5N1)	1029	785
PA|PP755594.1|A/cattle/Texas/24-008749-003/2024(H5N1)	1030	784
PA|PP755594.1|A/cattle/Texas/24-008749-003/2024(H5N1)	1031	787
PA|PP755594.1|A/cattle/Texas/24-008749-003/2024(H5N1)	1032	807
PA|PP755594.1|A/cattle/Texas/24-008749-003/2024(H5N1)	1033	806
PA|PP755594.1|A/cattle/Texas/24-008749-003/2024(H5N1)	1034	829
PA|PP755594.1|A/cattle/Texas/24-008749-003/2024(H5N1)	1035	827
PA|PP755594.1|A/cattle/Texas/24-008749-003/2024(H5N1)	1036	816
PA|PP755594.1|A/cattle/Texas/24-008749-003/2024(H5N1)	1037	819
PA|PP755594.1|A/cattle/Texas/24-008749-003/2024(H5N1)	1038	817
PA|PP755594.1|A/cattle/Texas/24-008749-003/2024(H5N1)	1039	817
PA|PP755594.1|A/cattle/Texas/24-008749-003/2024(H5N1)	1040	816
PA|PP755594.1|A/cattle/Texas/24-008749-003/2024(H5N1)	1041	830
PA|PP755594.1|A/cattle/Texas/24-008749-003/2024(H5N1)	1042	812
PA|PP755594.1|A/cattle/Texas/24-008749-003/2024(H5N1)	1043	821
PA|PP755594.1|A/cattle/Texas/24-008749-003/2024(H5N1)	1044	820
PA|PP755594.1|A/cattle/Texas/24-008749-003/2024(H5N1)	1045	817
PA|PP755594.1|A/cattle/Texas/24-008749-003/2024(H5N1)	1046	807
PA|PP755594.1|A/cattle/Texas/24-008749-003/2024(H5N1)	1047	809
PA|PP755594.1|A/cattle/Texas/24-008749-003/2024(H5N1)	1048	808
PA|PP755594.1|A/cattle/Texas/24-008749-003/2024(H5N1)	1049	807
PA|PP755594.1|A/cattle/Texas/24-008749-003/2024(H5N1)	1050	812
PA|PP755594.1|A/cattle/Texas/24-008749-003/2024(H5N1)	1051	792
PA|PP755594.1|A/cattle/Texas/24-008749-003/2024(H5N1)	1052	788
PA|PP755594.1|A/cattle/Texas/24-008749-003/2024(H5N1)	1053	758
PA|PP755594.1|A/cattle/Texas/24-008749-003/2024(H5N1)	1054	767
PA|PP755594.1|A/cattle/Texas/24-008749-003/2024(H5N1)	1055	768
PA|PP755594.1|A/cattle/Texas/24-008749-003/2024(H5N1)	1056	769
PA|PP755594.1|A/cattle/Texas/24-008749-003/2024(H5N1)	1057	803
PA|PP755594.1|A/cattle/Texas/24-008749-003/2024(H5N1)	1058	758
PA|PP755594.1|A/cattle/Texas/24-008749-003/2024(H5N1)	1059	759
PA|PP755594.1|A/cattle/Texas/24-008749-003/2024(H5N1)	1060	753
PA|PP755594.1|A/cattle/Texas/24-008749-003/2024(H5N1)	1061	751
PA|PP755594.1|A/cattle/Texas/24-008749-003/2024(H5N1)	1062	749
PA|PP755594.1|A/cattle/Texas/24-008749-003/2024(H5N1)	1063	713
PA|PP755594.1|A/cattle/Texas/24-008749-003/2024(H5N1)	1064	712
PA|PP755594.1|A/cattle/Texas/24-008749-003/2024(H5N1)	1065	713
PA|PP755594.1|A/cattle/Texas/24-008749-003/2024(H5N1)	1066	713
PA|PP755594.1|A/cattle/Texas/24-008749-003/2024(H5N1)	1067	717
PA|PP755594.1|A/cattle/Texas/24-008749-003/2024(H5N1)	1068	715
PA|PP755594.1|A/cattle/Texas/24-008749-003/2024(H5N1)	1069	716
PA|PP755594.1|A/cattle/Texas/24-008749-003/2024(H5N1)	1070	714
PA|PP755594.1|A/cattle/Texas/24-008749-003/2024(H5N1)	1071	714
PA|PP755594.1|A/cattle/Texas/24-008749-003/2024(H5N1)	1072	729
PA|PP755594.1|A/cattle/Texas/24-008749-003/2024(H5N1)	1073	726
PA|PP755594.1|A/cattle/Texas/24-008749-003/2024(H5N1)	1074	734
PA|PP755594.1|A/cattle/Texas/24-008749-003/2024(H5N1)	1075	737
PA|PP755594.1|A/cattle/Texas/24-008749-003/2024(H5N1)	1076	744
PA|PP755594.1|A/cattle/Texas/24-008749-003/2024(H5N1)	1077	747
PA|PP755594.1|A/cattle/Texas/24-008749-003/2024(H5N1)	1078	746
PA|PP755594.1|A/cattle/Texas/24-008749-003/2024(H5N1)	1079	743
PA|PP755594.1|A/cattle/Texas/24-008749-003/2024(H5N1)	1080	746
PA|PP755594.1|A/cattle/Texas/24-008749-003/2024(H5N1)	1081	743
PA|PP755594.1|A/cattle/Texas/24-008749-003/2024(H5N1)	1082	743
PA|PP755594.1|A/cattle/Texas/24-008749-003/2024(H5N1)	1083	744
PA|PP755594.1|A/cattle/Texas/24-008749-003/2024(H5N1)	1084	746
PA|PP755594.1|A/cattle/Texas/24-008749-003/2024(H5N1)	1085	747
PA|PP755594.1|A/cattle/Texas/24-008749-003/2024(H5N1)	1086	752
PA|PP755594.1|A/cattle/Texas/24-008749-003/2024(H5N1)	1087	752
PA|PP755594.1|A/cattle/Texas/24-008749-003/2024(H5N1)	1088	752
PA|PP755594.1|A/cattle/Texas/24-008749-003/2024(H5N1)	1089	740
PA|PP755594.1|A/cattle/Texas/24-008749-003/2024(H5N1)	1090	742
PA|PP755594.1|A/cattle/Texas/24-008749-003/2024(H5N1)	1091	745
PA|PP755594.1|A/cattle/Texas/24-008749-003/2024(H5N1)	1092	754
PA|PP755594.1|A/cattle/Texas/24-008749-003/2024(H5N1)	1093	772
PA|PP755594.1|A/cattle/Texas/24-008749-003/2024(H5N1)	1094	768
PA|PP755594.1|A/cattle/Texas/24-008749-003/2024(H5N1)	1095	769
PA|PP755594.1|A/cattle/Texas/24-008749-003/2024(H5N1)	1096	772
PA|PP755594.1|A/cattle/Texas/24-008749-003/2024(H5N1)	1097	775
PA|PP755594.1|A/cattle/Texas/24-008749-003/2024(H5N1)	1098	771
PA|PP755594.1|A/cattle/Texas/24-008749-003/2024(H5N1)	1099	773
PA|PP755594.1|A/cattle/Texas/24-008749-003/2024(H5N1)	1100	780
PA|PP755594.1|A/cattle/Texas/24-008749-003/2024(H5N1)	1101	774
PA|PP755594.1|A/cattle/Texas/24-008749-003/2024(H5N1)	1102	757
PA|PP755594.1|A/cattle/Texas/24-008749-003/2024(H5N1)	1103	756
PA|PP755594.1|A/cattle/Texas/24-008749-003/2024(H5N1)	1104	758
PA|PP755594.1|A/cattle/Texas/24-008749-003/2024(H5N1)	1105	758
PA|PP755594.1|A/cattle/Texas/24-008749-003/2024(H5N1)	1106	749
PA|PP755594.1|A/cattle/Texas/24-008749-003/2024(H5N1)	1107	747
PA|PP755594.1|A/cattle/Texas/24-008749-003/2024(H5N1)	1108	750
PA|PP755594.1|A/cattle/Texas/24-008749-003/2024(H5N1)	1109	745
PA|PP755594.1|A/cattle/Texas/24-008749-003/2024(H5N1)	1110	744
PA|PP755594.1|A/cattle/Texas/24-008749-003/2024(H5N1)	1111	758
PA|PP755594.1|A/cattle/Texas/24-008749-003/2024(H5N1)	1112	756
PA|PP755594.1|A/cattle/Texas/24-008749-003/2024(H5N1)	1113	758
PA|PP755594.1|A/cattle/Texas/24-008749-003/2024(H5N1)	1114	759
PA|PP755594.1|A/cattle/Texas/24-008749-003/2024(H5N1)	1115	755
PA|PP755594.1|A/cattle/Texas/24-008749-003/2024(H5N1)	1116	746
PA|PP755594.1|A/cattle/Texas/24-008749-003/2024(H5N1)	1117	736
PA|PP755594.1|A/cattle/Texas/24-008749-003/2024(H5N1)	1118	739
PA|PP755594.1|A/cattle/Texas/24-008749-003/2024(H5N1)	1119	738
PA|PP755594.1|A/cattle/Texas/24-008749-003/2024(H5N1)	1120	715
PA|PP755594.1|A/cattle/Texas/24-008749-003/2024(H5N1)	1121	714
PA|PP755594.1|A/cattle/Texas/24-008749-003/2024(H5N1)	1122	714
PA|PP755594.1|A/cattle/Texas/24-008749-003/2024(H5N1)	1123	716
PA|PP755594.1|A/cattle/Texas/24-008749-003/2024(H5N1)	1124	729
PA|PP755594.1|A/cattle/Texas/24-008749-003/2024(H5N1)	1125	706
PA|PP755594.1|A/cattle/Texas/24-008749-003/2024(H5N1)	1126	707
PA|PP755594.1|A/cattle/Texas/24-008749-003/2024(H5N1)	1127	707
PA|PP755594.1|A/cattle/Texas/24-008749-003/2024(H5N1)	1128	706
PA|PP755594.1|A/cattle/Texas/24-008749-003/2024(H5N1)	1129	706
PA|PP755594.1|A/cattle/Texas/24-008749-003/2024(H5N1)	1130	709
PA|PP755594.1|A/cattle/Texas/24-008749-003/2024(H5N1)	1131	712
PA|PP755594.1|A/cattle/Texas/24-008749-003/2024(H5N1)	1132	713
PA|PP755594.1|A/cattle/Texas/24-008749-003/2024(H5N1)	1133	718
PA|PP755594.1|A/cattle/Texas/24-008749-003/2024(H5N1)	1134	717
PA|PP755594.1|A/cattle/Texas/24-008749-003/2024(H5N1)	1135	718
PA|PP755594.1|A/cattle/Texas/24-008749-003/2024(H5N1)	1136	708
PA|PP755594.1|A/cattle/Texas/24-008749-003/2024(H5N1)	1137	704
PA|PP755594.1|A/cattle/Texas/24-008749-003/2024(H5N1)	1138	703
PA|PP755594.1|A/cattle/Texas/24-008749-003/2024(H5N1)	1139	725
PA|PP755594.1|A/cattle/Texas/24-008749-003/2024(H5N1)	1140	727
PA|PP755594.1|A/cattle/Texas/24-008749-003/2024(H5N1)	1141	724
PA|PP755594.1|A/cattle/Texas/24-008749-003/2024(H5N1)	1142	724
PA|PP755594.1|A/cattle/Texas/24-008749-003/2024(H5N1)	1143	740
PA|PP755594.1|A/cattle/Texas/24-008749-003/2024(H5N1)	1144	714
PA|PP755594.1|A/cattle/Texas/24-008749-003/2024(H5N1)	1145	715
PA|PP755594.1|A/cattle/Texas/24-008749-003/2024(H5N1)	1146	713
PA|PP755594.1|A/cattle/Texas/24-008749-003/2024(H5N1)	1147	713
PA|PP755594.1|A/cattle/Texas/24-008749-003/2024(H5N1)	1148	690
PA|PP755594.1|A/cattle/Texas/24-008749-003/2024(H5N1)	1149	703
PA|PP755594.1|A/cattle/Texas/24-008749-003/2024(H5N1)	1150	717
PA|PP755594.1|A/cattle/Texas/24-008749-003/2024(H5N1)	1151	736
PA|PP755594.1|A/cattle/Texas/24-008749-003/2024(H5N1)	1152	735
PA|PP755594.1|A/cattle/Texas/24-008749-003/2024(H5N1)	1153	735
PA|PP755594.1|A/cattle/Texas/24-008749-003/2024(H5N1)	1154	733
PA|PP755594.1|A/cattle/Texas/24-008749-003/2024(H5N1)	1155	728
PA|PP755594.1|A/cattle/Texas/24-008749-003/2024(H5N1)	1156	743
PA|PP755594.1|A/cattle/Texas/24-008749-003/2024(H5N1)	1157	745
PA|PP755594.1|A/cattle/Texas/24-008749-003/2024(H5N1)	1158	729
PA|PP755594.1|A/cattle/Texas/24-008749-003/2024(H5N1)	1159	727
PA|PP755594.1|A/cattle/Texas/24-008749-003/2024(H5N1)	1160	693
PA|PP755594.1|A/cattle/Texas/24-008749-003/2024(H5N1)	1161	703
PA|PP755594.1|A/cattle/Texas/24-008749-003/2024(H5N1)	1162	703
PA|PP755594.1|A/cattle/Texas/24-008749-003/2024(H5N1)	1163	703
PA|PP755594.1|A/cattle/Texas/24-008749-003/2024(H5N1)	1164	700
PA|PP755594.1|A/cattle/Texas/24-008749-003/2024(H5N1)	1165	691
PA|PP755594.1|A/cattle/Texas/24-008749-003/2024(H5N1)	1166	811
PA|PP755594.1|A/cattle/Texas/24-008749-003/2024(H5N1)	1167	811
PA|PP755594.1|A/cattle/Texas/24-008749-003/2024(H5N1)	1168	810
PA|PP755594.1|A/cattle/Texas/24-008749-003/2024(H5N1)	1169	823
PA|PP755594.1|A/cattle/Texas/24-008749-003/2024(H5N1)	1170	823
PA|PP755594.1|A/cattle/Texas/24-008749-003/2024(H5N1)	1171	816
PA|PP755594.1|A/cattle/Texas/24-008749-003/2024(H5N1)	1172	816
PA|PP755594.1|A/cattle/Texas/24-008749-003/2024(H5N1)	1173	816
PA|PP755594.1|A/cattle/Texas/24-008749-003/2024(H5N1)	1174	834
PA|PP755594.1|A/cattle/Texas/24-008749-003/2024(H5N1)	1175	721
PA|PP755594.1|A/cattle/Texas/24-008749-003/2024(H5N1)	1176	736
PA|PP755594.1|A/cattle/Texas/24-008749-003/2024(H5N1)	1177	739
PA|PP755594.1|A/cattle/Texas/24-008749-003/2024(H5N1)	1178	739
PA|PP755594.1|A/cattle/Texas/24-008749-003/2024(H5N1)	1179	743
PA|PP755594.1|A/cattle/Texas/24-008749-003/2024(H5N1)	1180	742
PA|PP755594.1|A/cattle/Texas/24-008749-003/2024(H5N1)	1181	742
PA|PP755594.1|A/cattle/Texas/24-008749-003/2024(H5N1)	1182	741
PA|PP755594.1|A/cattle/Texas/24-008749-003/2024(H5N1)	1183	717
PA|PP755594.1|A/cattle/Texas/24-008749-003/2024(H5N1)	1184	705
PA|PP755594.1|A/cattle/Texas/24-008749-003/2024(H5N1)	1185	682
PA|PP755594.1|A/cattle/Texas/24-008749-003/2024(H5N1)	1186	682
PA|PP755594.1|A/cattle/Texas/24-008749-003/2024(H5N1)	1187	685
PA|PP755594.1|A/cattle/Texas/24-008749-003/2024(H5N1)	1188	681
PA|PP755594.1|A/cattle/Texas/24-008749-003/2024(H5N1)	1189	681
PA|PP755594.1|A/cattle/Texas/24-008749-003/2024(H5N1)	1190	682
PA|PP755594.1|A/cattle/Texas/24-008749-003/2024(H5N1)	1191	683
PA|PP755594.1|A/cattle/Texas/24-008749-003/2024(H5N1)	1192	697
PA|PP755594.1|A/cattle/Texas/24-008749-003/2024(H5N1)	1193	684
PA|PP755594.1|A/cattle/Texas/24-008749-003/2024(H5N1)	1194	677
PA|PP755594.1|A/cattle/Texas/24-008749-003/2024(H5N1)	1195	682
PA|PP755594.1|A/cattle/Texas/24-008749-003/2024(H5N1)	1196	685
PA|PP755594.1|A/cattle/Texas/24-008749-003/2024(H5N1)	1197	715
PA|PP755594.1|A/cattle/Texas/24-008749-003/2024(H5N1)	1198	719
PA|PP755594.1|A/cattle/Texas/24-008749-003/2024(H5N1)	1199	716
PA|PP755594.1|A/cattle/Texas/24-008749-003/2024(H5N1)	1200	720
PA|PP755594.1|A/cattle/Texas/24-008749-003/2024(H5N1)	1201	712
PA|PP755594.1|A/cattle/Texas/24-008749-003/2024(H5N1)	1202	713
PA|PP755594.1|A/cattle/Texas/24-008749-003/2024(H5N1)	1203	719
PA|PP755594.1|A/cattle/Texas/24-008749-003/2024(H5N1)	1204	721
PA|PP755594.1|A/cattle/Texas/24-008749-003/2024(H5N1)	1205	724
PA|PP755594.1|A/cattle/Texas/24-008749-003/2024(H5N1)	1206	689
PA|PP755594.1|A/cattle/Texas/24-008749-003/2024(H5N1)	1207	693
PA|PP755594.1|A/cattle/Texas/24-008749-003/2024(H5N1)	1208	692
PA|PP755594.1|A/cattle/Texas/24-008749-003/2024(H5N1)	1209	694
PA|PP755594.1|A/cattle/Texas/24-008749-003/2024(H5N1)	1210	694
PA|PP755594.1|A/cattle/Texas/24-008749-003/2024(H5N1)	1211	705
PA|PP755594.1|A/cattle/Texas/24-008749-003/2024(H5N1)	1212	707
PA|PP755594.1|A/cattle/Texas/24-008749-003/2024(H5N1)	1213	706
PA|PP755594.1|A/cattle/Texas/24-008749-003/2024(H5N1)	1214	716
PA|PP755594.1|A/cattle/Texas/24-008749-003/2024(H5N1)	1215	723
PA|PP755594.1|A/cattle/Texas/24-008749-003/2024(H5N1)	1216	722
PA|PP755594.1|A/cattle/Texas/24-008749-003/2024(H5N1)	1217	725
PA|PP755594.1|A/cattle/Texas/24-008749-003/2024(H5N1)	1218	726
PA|PP755594.1|A/cattle/Texas/24-008749-003/2024(H5N1)	1219	730
PA|PP755594.1|A/cattle/Texas/24-008749-003/2024(H5N1)	1220	729
PA|PP755594.1|A/cattle/Texas/24-008749-003/2024(H5N1)	1221	729
PA|PP755594.1|A/cattle/Texas/24-008749-003/2024(H5N1)	1222	729
PA|PP755594.1|A/cattle/Texas/24-008749-003/2024(H5N1)	1223	712
PA|PP755594.1|A/cattle/Texas/24-008749-003/2024(H5N1)	1224	712
PA|PP755594.1|A/cattle/Texas/24-008749-003/2024(H5N1)	1225	723
PA|PP755594.1|A/cattle/Texas/24-008749-003/2024(H5N1)	1226	720
PA|PP755594.1|A/cattle/Texas/24-008749-003/2024(H5N1)	1227	723
PA|PP755594.1|A/cattle/Texas/24-008749-003/2024(H5N1)	1228	740
PA|PP755594.1|A/cattle/Texas/24-008749-003/2024(H5N1)	1229	741
PA|PP755594.1|A/cattle/Texas/24-008749-003/2024(H5N1)	1230	744
PA|PP755594.1|A/cattle/Texas/24-008749-003/2024(H5N1)	1231	741
PA|PP755594.1|A/cattle/Texas/24-008749-003/2024(H5N1)	1232	743
PA|PP755594.1|A/cattle/Texas/24-008749-003/2024(H5N1)	1233	757
PA|PP755594.1|A/cattle/Texas/24-008749-003/2024(H5N1)	1234	755
PA|PP755594.1|A/cattle/Texas/24-008749-003/2024(H5N1)	1235	759
PA|PP755594.1|A/cattle/Texas/24-008749-003/2024(H5N1)	1236	757
PA|PP755594.1|A/cattle/Texas/24-008749-003/2024(H5N1)	1237	748
PA|PP755594.1|A/cattle/Texas/24-008749-003/2024(H5N1)	1238	748
PA|PP755594.1|A/cattle/Texas/24-008749-003/2024(H5N1)	1239	752
PA|PP755594.1|A/cattle/Texas/24-008749-003/2024(H5N1)	1240	752
PA|PP755594.1|A/cattle/Texas/24-008749-003/2024(H5N1)	1241	749
PA|PP755594.1|A/cattle/Texas/24-008749-003/2024(H5N1)	1242	759
PA|PP755594.1|A/cattle/Texas/24-008749-003/2024(H5N1)	1243	775
PA|PP755594.1|A/cattle/Texas/24-008749-003/2024(H5N1)	1244	759
PA|PP755594.1|A/cattle/Texas/24-008749-003/2024(H5N1)	1245	765
PA|PP755594.1|A/cattle/Texas/24-008749-003/2024(H5N1)	1246	766
PA|PP755594.1|A/cattle/Texas/24-008749-003/2024(H5N1)	1247	763
PA|PP755594.1|A/cattle/Texas/24-008749-003/2024(H5N1)	1248	765
PA|PP755594.1|A/cattle/Texas/24-008749-003/2024(H5N1)	1249	757
PA|PP755594.1|A/cattle/Texas/24-008749-003/2024(H5N1)	1250	796
PA|PP755594.1|A/cattle/Texas/24-008749-003/2024(H5N1)	1251	798
PA|PP755594.1|A/cattle/Texas/24-008749-003/2024(H5N1)	1252	797
PA|PP755594.1|A/cattle/Texas/24-008749-003/2024(H5N1)	1253	795
PA|PP755594.1|A/cattle/Texas/24-008749-003/2024(H5N1)	1254	795
PA|PP755594.1|A/cattle/Texas/24-008749-003/2024(H5N1)	1255	796
PA|PP755594.1|A/cattle/Texas/24-008749-003/2024(H5N1)	1256	801
PA|PP755594.1|A/cattle/Texas/24-008749-003/2024(H5N1)	1257	799
PA|PP755594.1|A/cattle/Texas/24-008749-003/2024(H5N1)	1258	802
PA|PP755594.1|A/cattle/Texas/24-008749-003/2024(H5N1)	1259	790
PA|PP755594.1|A/cattle/Texas/24-008749-003/2024(H5N1)	1260	794
PA|PP755594.1|A/cattle/Texas/24-008749-003/2024(H5N1)	1261	836
PA|PP755594.1|A/cattle/Texas/24-008749-003/2024(H5N1)	1262	830
PA|PP755594.1|A/cattle/Texas/24-008749-003/2024(H5N1)	1263	834
PA|PP755594.1|A/cattle/Texas/24-008749-003/2024(H5N1)	1264	831
PA|PP755594.1|A/cattle/Texas/24-008749-003/2024(H5N1)	1265	844
PA|PP755594.1|A/cattle/Texas/24-008749-003/2024(H5N1)	1266	861
PA|PP755594.1|A/cattle/Texas/24-008749-003/2024(H5N1)	1267	829
PA|PP755594.1|A/cattle/Texas/24-008749-003/2024(H5N1)	1268	831
PA|PP755594.1|A/cattle/Texas/24-008749-003/2024(H5N1)	1269	842
PA|PP755594.1|A/cattle/Texas/24-008749-003/2024(H5N1)	1270	844
PA|PP755594.1|A/cattle/Texas/24-008749-003/2024(H5N1)	1271	847
PA|PP755594.1|A/cattle/Texas/24-008749-003/2024(H5N1)	1272	847
PA|PP755594.1|A/cattle/Texas/24-008749-003/2024(H5N1)	1273	845
PA|PP755594.1|A/cattle/Texas/24-008749-003/2024(H5N1)	1274	843
PA|PP755594.1|A/cattle/Texas/24-008749-003/2024(H5N1)	1275	851
PA|PP755594.1|A/cattle/Texas/24-008749-003/2024(H5N1)	1276	854
PA|PP755594.1|A/cattle/Texas/24-008749-003/2024(H5N1)	1277	858
PA|PP755594.1|A/cattle/Texas/24-008749-003/2024(H5N1)	1278	860
PA|PP755594.1|A/cattle/Texas/24-008749-003/2024(H5N1)	1279	861
PA|PP755594.1|A/cattle/Texas/24-008749-003/2024(H5N1)	1280	871
PA|PP755594.1|A/cattle/Texas/24-008749-003/2024(H5N1)	1281	875
PA|PP755594.1|A/cattle/Texas/24-008749-003/2024(H5N1)	1282	875
PA|PP755594.1|A/cattle/Texas/24-008749-003/2024(H5N1)	1283	874
PA|PP755594.1|A/cattle/Texas/24-008749-003/2024(H5N1)	1284	869
PA|PP755594.1|A/cattle/Texas/24-008749-003/2024(H5N1)	1285	891
PA|PP755594.1|A/cattle/Texas/24-008749-003/2024(H5N1)	1286	910
PA|PP755594.1|A/cattle/Texas/24-008749-003/2024(H5N1)	1287	911
PA|PP755594.1|A/cattle/Texas/24-008749-003/2024(H5N1)	1288	912
PA|PP755594.1|A/cattle/Texas/24-008749-003/2024(H5N1)	1289	898
PA|PP755594.1|A/cattle/Texas/24-008749-003/2024(H5N1)	1290	889
PA|PP755594.1|A/cattle/Texas/24-008749-003/2024(H5N1)	1291	887
PA|PP755594.1|A/cattle/Texas/24-008749-003/2024(H5N1)	1292	901
PA|PP755594.1|A/cattle/Texas/24-008749-003/2024(H5N1)	1293	904
PA|PP755594.1|A/cattle/Texas/24-008749-003/2024(H5N1)	1294	887
PA|PP755594.1|A/cattle/Texas/24-008749-003/2024(H5N1)	1295	890
PA|PP755594.1|A/cattle/Texas/24-008749-003/2024(H5N1)	1296	894
PA|PP755594.1|A/cattle/Texas/24-008749-003/2024(H5N1)	1297	894
PA|PP755594.1|A/cattle/Texas/24-008749-003/2024(H5N1)	1298	880
PA|PP755594.1|A/cattle/Texas/24-008749-003/2024(H5N1)	1299	879
PA|PP755594.1|A/cattle/Texas/24-008749-003/2024(H5N1)	1300	879
PA|PP755594.1|A/cattle/Texas/24-008749-003/2024(H5N1)	1301	844
PA|PP755594.1|A/cattle/Texas/24-008749-003/2024(H5N1)	1302	842
PA|PP755594.1|A/cattle/Texas/24-008749-003/2024(H5N1)	1303	858
PA|PP755594.1|A/cattle/Texas/24-008749-003/2024(H5N1)	1304	860
PA|PP755594.1|A/cattle/Texas/24-008749-003/2024(H5N1)	1305	860
PA|PP755594.1|A/cattle/Texas/24-008749-003/2024(H5N1)	1306	855
PA|PP755594.1|A/cattle/Texas/24-008749-003/2024(H5N1)	1307	844
PA|PP755594.1|A/cattle/Texas/24-008749-003/2024(H5N1)	1308	844
PA|PP755594.1|A/cattle/Texas/24-008749-003/2024(H5N1)	1309	845
PA|PP755594.1|A/cattle/Texas/24-008749-003/2024(H5N1)	1310	843
PA|PP755594.1|A/cattle/Texas/24-008749-003/2024(H5N1)	1311	871
PA|PP755594.1|A/cattle/Texas/24-008749-003/2024(H5N1)	1312	866
PA|PP755594.1|A/cattle/Texas/24-008749-003/2024(H5N1)	1313	872
PA|PP755594.1|A/cattle/Texas/24-008749-003/2024(H5N1)	1314	877
PA|PP755594.1|A/cattle/Texas/24-008749-003/2024(H5N1)	1315	878
PA|PP755594.1|A/cattle/Texas/24-008749-003/2024(H5N1)	1316	764
PA|PP755594.1|A/cattle/Texas/24-008749-003/2024(H5N1)	1317	763
PA|PP755594.1|A/cattle/Texas/24-008749-003/2024(H5N1)	1318	772
PA|PP755594.1|A/cattle/Texas/24-008749-003/2024(H5N1)	1319	771
PA|PP755594.1|A/cattle/Texas/24-008749-003/2024(H5N1)	1320	763
PA|PP755594.1|A/cattle/Texas/24-008749-003/2024(H5N1)	1321	766
PA|PP755594.1|A/cattle/Texas/24-008749-003/2024(H5N1)	1322	780
PA|PP755594.1|A/cattle/Texas/24-008749-003/2024(H5N1)	1323	782
PA|PP755594.1|A/cattle/Texas/24-008749-003/2024(H5N1)	1324	782
PA|PP755594.1|A/cattle/Texas/24-008749-003/2024(H5N1)	1325	766
PA|PP755594.1|A/cattle/Texas/24-008749-003/2024(H5N1)	1326	766
PA|PP755594.1|A/cattle/Texas/24-008749-003/2024(H5N1)	1327	743
PA|PP755594.1|A/cattle/Texas/24-008749-003/2024(H5N1)	1328	742
PA|PP755594.1|A/cattle/Texas/24-008749-003/2024(H5N1)	1329	757
PA|PP755594.1|A/cattle/Texas/24-008749-003/2024(H5N1)	1330	753
PA|PP755594.1|A/cattle/Texas/24-008749-003/2024(H5N1)	1331	752
PA|PP755594.1|A/cattle/Texas/24-008749-003/2024(H5N1)	1332	765
PA|PP755594.1|A/cattle/Texas/24-008749-003/2024(H5N1)	1333	765
PA|PP755594.1|A/cattle/Texas/24-008749-003/2024(H5N1)	1334	766
PA|PP755594.1|A/cattle/Texas/24-008749-003/2024(H5N1)	1335	754
PA|PP755594.1|A/cattle/Texas/24-008749-003/2024(H5N1)	1336	756
PA|PP755594.1|A/cattle/Texas/24-008749-003/2024(H5N1)	1337	757
PA|PP755594.1|A/cattle/Texas/24-008749-003/2024(H5N1)	1338	759
PA|PP755594.1|A/cattle/Texas/24-008749-003/2024(H5N1)	1339	759
PA|PP755594.1|A/cattle/Texas/24-008749-003/2024(H5N1)	1340	760
PA|PP755594.1|A/cattle/Texas/24-008749-003/2024(H5N1)	1341	749
PA|PP755594.1|A/cattle/Texas/24-008749-003/2024(H5N1)	1342	749
PA|PP755594.1|A/cattle/Texas/24-008749-003/2024(H5N1)	1343	733
PA|PP755594.1|A/cattle/Texas/24-008749-003/2024(H5N1)	1344	733
PA|PP755594.1|A/cattle/Texas/24-008749-003/2024(H5N1)	1345	749
PA|PP755594.1|A/cattle/Texas/24-008749-003/2024(H5N1)	1346	745
PA|PP755594.1|A/cattle/Texas/24-008749-003/2024(H5N1)	1347	748
PA|PP755594.1|A/cattle/Texas/24-008749-003/2024(H5N1)	1348	720
PA|PP755594.1|A/cattle/Texas/24-008749-003/2024(H5N1)	1349	740
PA|PP755594.1|A/cattle/Texas/24-008749-003/2024(H5N1)	1350	740
PA|PP755594.1|A/cattle/Texas/24-008749-003/2024(H5N1)	1351	752
PA|PP755594.1|A/cattle/Texas/24-008749-003/2024(H5N1)	1352	751
PA|PP755594.1|A/cattle/Texas/24-008749-003/2024(H5N1)	1353	763
PA|PP755594.1|A/cattle/Texas/24-008749-003/2024(H5N1)	1354	756
PA|PP755594.1|A/cattle/Texas/24-008749-003/2024(H5N1)	1355	749
PA|PP755594.1|A/cattle/Texas/24-008749-003/2024(H5N1)	1356	757
PA|PP755594.1|A/cattle/Texas/24-008749-003/2024(H5N1)	1357	755
PA|PP755594.1|A/cattle/Texas/24-008749-003/2024(H5N1)	1358	750
PA|PP755594.1|A/cattle/Texas/24-008749-003/2024(H5N1)	1359	751
PA|PP755594.1|A/cattle/Texas/24-008749-003/2024(H5N1)	1360	740
PA|PP755594.1|A/cattle/Texas/24-008749-003/2024(H5N1)	1361	745
PA|PP755594.1|A/cattle/Texas/24-008749-003/2024(H5N1)	1362	741
PA|PP755594.1|A/cattle/Texas/24-008749-003/2024(H5N1)	1363	744
PA|PP755594.1|A/cattle/Texas/24-008749-003/2024(H5N1)	1364	738
PA|PP755594.1|A/cattle/Texas/24-008749-003/2024(H5N1)	1365	732
PA|PP755594.1|A/cattle/Texas/24-008749-003/2024(H5N1)	1366	746
PA|PP755594.1|A/cattle/Texas/24-008749-003/2024(H5N1)	1367	746
PA|PP755594.1|A/cattle/Texas/24-008749-003/2024(H5N1)	1368	748
PA|PP755594.1|A/cattle/Texas/24-008749-003/2024(H5N1)	1369	750
PA|PP755594.1|A/cattle/Texas/24-008749-003/2024(H5N1)	1370	749
PA|PP755594.1|A/cattle/Texas/24-008749-003/2024(H5N1)	1371	766
PA|PP755594.1|A/cattle/Texas/24-008749-003/2024(H5N1)	1372	769
PA|PP755594.1|A/cattle/Texas/24-008749-003/2024(H5N1)	1373	767
PA|PP755594.1|A/cattle/Texas/24-008749-003/2024(H5N1)	1374	770
PA|PP755594.1|A/cattle/Texas/24-008749-003/2024(H5N1)	1375	759
PA|PP755594.1|A/cattle/Texas/24-008749-003/2024(H5N1)	1376	766
PA|PP755594.1|A/cattle/Texas/24-008749-003/2024(H5N1)	1377	774
PA|PP755594.1|A/cattle/Texas/24-008749-003/2024(H5N1)	1378	777
PA|PP755594.1|A/cattle/Texas/24-008749-003/2024(H5N1)	1379	758
PA|PP755594.1|A/cattle/Texas/24-008749-003/2024(H5N1)	1380	758
PA|PP755594.1|A/cattle/Texas/24-008749-003/2024(H5N1)	1381	759
PA|PP755594.1|A/cattle/Texas/24-008749-003/2024(H5N1)	1382	763
PA|PP755594.1|A/cattle/Texas/24-008749-003/2024(H5N1)	1383	765
PA|PP755594.1|A/cattle/Texas/24-008749-003/2024(H5N1)	1384	763
PA|PP755594.1|A/cattle/Texas/24-008749-003/2024(H5N1)	1385	774
PA|PP755594.1|A/cattle/Texas/24-008749-003/2024(H5N1)	1386	772
PA|PP755594.1|A/cattle/Texas/24-008749-003/2024(H5N1)	1387	779
PA|PP755594.1|A/cattle/Texas/24-008749-003/2024(H5N1)	1388	789
PA|PP755594.1|A/cattle/Texas/24-008749-003/2024(H5N1)	1389	795
PA|PP755594.1|A/cattle/Texas/24-008749-003/2024(H5N1)	1390	795
PA|PP755594.1|A/cattle/Texas/24-008749-003/2024(H5N1)	1391	801
PA|PP755594.1|A/cattle/Texas/24-008749-003/2024(H5N1)	1392	832
PA|PP755594.1|A/cattle/Texas/24-008749-003/2024(H5N1)	1393	812
PA|PP755594.1|A/cattle/Texas/24-008749-003/2024(H5N1)	1394	810
PA|PP755594.1|A/cattle/Texas/24-008749-003/2024(H5N1)	1395	809
PA|PP755594.1|A/cattle/Texas/24-008749-003/2024(H5N1)	1396	803
PA|PP755594.1|A/cattle/Texas/24-008749-003/2024(H5N1)	1397	810
PA|PP755594.1|A/cattle/Texas/24-008749-003/2024(H5N1)	1398	810
PA|PP755594.1|A/cattle/Texas/24-008749-003/2024(H5N1)	1399	804
PA|PP755594.1|A/cattle/Texas/24-008749-003/2024(H5N1)	1400	804
PA|PP755594.1|A/cattle/Texas/24-008749-003/2024(H5N1)	1401	756
PA|PP755594.1|A/cattle/Texas/24-008749-003/2024(H5N1)	1402	808
PA|PP755594.1|A/cattle/Texas/24-008749-003/2024(H5N1)	1403	820
PA|PP755594.1|A/cattle/Texas/24-008749-003/2024(H5N1)	1404	822
PA|PP755594.1|A/cattle/Texas/24-008749-003/2024(H5N1)	1405	821
PA|PP755594.1|A/cattle/Texas/24-008749-003/2024(H5N1)	1406	815
PA|PP755594.1|A/cattle/Texas/24-008749-003/2024(H5N1)	1407	856
PA|PP755594.1|A/cattle/Texas/24-008749-003/2024(H5N1)	1408	855
PA|PP755594.1|A/cattle/Texas/24-008749-003/2024(H5N1)	1409	859
PA|PP755594.1|A/cattle/Texas/24-008749-003/2024(H5N1)	1410	883
PA|PP755594.1|A/cattle/Texas/24-008749-003/2024(H5N1)	1411	836
PA|PP755594.1|A/cattle/Texas/24-008749-003/2024(H5N1)	1412	836
PA|PP755594.1|A/cattle/Texas/24-008749-003/2024(H5N1)	1413	836
PA|PP755594.1|A/cattle/Texas/24-008749-003/2024(H5N1)	1414	832
PA|PP755594.1|A/cattle/Texas/24-008749-003/2024(H5N1)	1415	829
PA|PP755594.1|A/cattle/Texas/24-008749-003/2024(H5N1)	1416	823
PA|PP755594.1|A/cattle/Texas/24-008749-003/2024(H5N1)	1417	821
PA|PP755594.1|A/cattle/Texas/24-008749-003/2024(H5N1)	1418	821
PA|PP755594.1|A/cattle/Texas/24-008749-003/2024(H5N1)	1419	825
PA|PP755594.1|A/cattle/Texas/24-008749-003/2024(H5N1)	1420	809
PA|PP755594.1|A/cattle/Texas/24-008749-003/2024(H5N1)	1421	825
PA|PP755594.1|A/cattle/Texas/24-008749-003/2024(H5N1)	1422	825
PA|PP755594.1|A/cattle/Texas/24-008749-003/2024(H5N1)	1423	825
PA|PP755594.1|A/cattle/Texas/24-008749-003/2024(H5N1)	1424	827
PA|PP755594.1|A/cattle/Texas/24-008749-003/2024(H5N1)	1425	817
PA|PP755594.1|A/cattle/Texas/24-008749-003/2024(H5N1)	1426	830
PA|PP755594.1|A/cattle/Texas/24-008749-003/2024(H5N1)	1427	835
PA|PP755594.1|A/cattle/Texas/24-008749-003/2024(H5N1)	1428	832
PA|PP755594.1|A/cattle/Texas/24-008749-003/2024(H5N1)	1429	836
PA|PP755594.1|A/cattle/Texas/24-008749-003/2024(H5N1)	1430	827
PA|PP755594.1|A/cattle/Texas/24-008749-003/2024(H5N1)	1431	823
PA|PP755594.1|A/cattle/Texas/24-008749-003/2024(H5N1)	1432	820
PA|PP755594.1|A/cattle/Texas/24-008749-003/2024(H5N1)	1433	841
PA|PP755594.1|A/cattle/Texas/24-008749-003/2024(H5N1)	1434	842
PA|PP755594.1|A/cattle/Texas/24-008749-003/2024(H5N1)	1435	826
PA|PP755594.1|A/cattle/Texas/24-008749-003/2024(H5N1)	1436	810
PA|PP755594.1|A/cattle/Texas/24-008749-003/2024(H5N1)	1437	809
PA|PP755594.1|A/cattle/Texas/24-008749-003/2024(H5N1)	1438	817
PA|PP755594.1|A/cattle/Texas/24-008749-003/2024(H5N1)	1439	820
PA|PP755594.1|A/cattle/Texas/24-008749-003/2024(H5N1)	1440	819
PA|PP755594.1|A/cattle/Texas/24-008749-003/2024(H5N1)	1441	816
PA|PP755594.1|A/cattle/Texas/24-008749-003/2024(H5N1)	1442	816
PA|PP755594.1|A/cattle/Texas/24-008749-003/2024(H5N1)	1443	808
PA|PP755594.1|A/cattle/Texas/24-008749-003/2024(H5N1)	1444	807
PA|PP755594.1|A/cattle/Texas/24-008749-003/2024(H5N1)	1445	813
PA|PP755594.1|A/cattle/Texas/24-008749-003/2024(H5N1)	1446	805
PA|PP755594.1|A/cattle/Texas/24-008749-003/2024(H5N1)	1447	803
PA|PP755594.1|A/cattle/Texas/24-008749-003/2024(H5N1)	1448	801
PA|PP755594.1|A/cattle/Texas/24-008749-003/2024(H5N1)	1449	800
PA|PP755594.1|A/cattle/Texas/24-008749-003/2024(H5N1)	1450	836
PA|PP755594.1|A/cattle/Texas/24-008749-003/2024(H5N1)	1451	838
PA|PP755594.1|A/cattle/Texas/24-008749-003/2024(H5N1)	1452	839
PA|PP755594.1|A/cattle/Texas/24-008749-003/2024(H5N1)	1453	841
PA|PP755594.1|A/cattle/Texas/24-008749-003/2024(H5N1)	1454	829
PA|PP755594.1|A/cattle/Texas/24-008749-003/2024(H5N1)	1455	827
PA|PP755594.1|A/cattle/Texas/24-008749-003/2024(H5N1)	1456	842
PA|PP755594.1|A/cattle/Texas/24-008749-003/2024(H5N1)	1457	840
PA|PP755594.1|A/cattle/Texas/24-008749-003/2024(H5N1)	1458	838
PA|PP755594.1|A/cattle/Texas/24-008749-003/2024(H5N1)	1459	848
PA|PP755594.1|A/cattle/Texas/24-008749-003/2024(H5N1)	1460	848
PA|PP755594.1|A/cattle/Texas/24-008749-003/2024(H5N1)	1461	855
PA|PP755594.1|A/cattle/Texas/24-008749-003/2024(H5N1)	1462	830
PA|PP755594.1|A/cattle/Texas/24-008749-003/2024(H5N1)	1463	822
PA|PP755594.1|A/cattle/Texas/24-008749-003/2024(H5N1)	1464	843
PA|PP755594.1|A/cattle/Texas/24-008749-003/2024(H5N1)	1465	848
PA|PP755594.1|A/cattle/Texas/24-008749-003/2024(H5N1)	1466	847
PA|PP755594.1|A/cattle/Texas/24-008749-003/2024(H5N1)	1467	846
PA|PP755594.1|A/cattle/Texas/24-008749-003/2024(H5N1)	1468	841
PA|PP755594.1|A/cattle/Texas/24-008749-003/2024(H5N1)	1469	854
PA|PP755594.1|A/cattle/Texas/24-008749-003/2024(H5N1)	1470	863
PA|PP755594.1|A/cattle/Texas/24-008749-003/2024(H5N1)	1471	859
PA|PP755594.1|A/cattle/Texas/24-008749-003/2024(H5N1)	1472	856
PA|PP755594.1|A/cattle/Texas/24-008749-003/2024(H5N1)	1473	834
PA|PP755594.1|A/cattle/Texas/24-008749-003/2024(H5N1)	1474	842
PA|PP755594.1|A/cattle/Texas/24-008749-003/2024(H5N1)	1475	855
PA|PP755594.1|A/cattle/Texas/24-008749-003/2024(H5N1)	1476	852
PA|PP755594.1|A/cattle/Texas/24-008749-003/2024(H5N1)	1477	856
PA|PP755594.1|A/cattle/Texas/24-008749-003/2024(H5N1)	1478	849
PA|PP755594.1|A/cattle/Texas/24-008749-003/2024(H5N1)	1479	847
PA|PP755594.1|A/cattle/Texas/24-008749-003/2024(H5N1)	1480	845
PA|PP755594.1|A/cattle/Texas/24-008749-003/2024(H5N1)	1481	856
PA|PP755594.1|A/cattle/Texas/24-008749-003/2024(H5N1)	1482	867
PA|PP755594.1|A/cattle/Texas/24-008749-003/2024(H5N1)	1483	851
PA|PP755594.1|A/cattle/Texas/24-008749-003/2024(H5N1)	1484	851
PA|PP755594.1|A/cattle/Texas/24-008749-003/2024(H5N1)	1485	856
PA|PP755594.1|A/cattle/Texas/24-008749-003/2024(H5N1)	1486	854
PA|PP755594.1|A/cattle/Texas/24-008749-003/2024(H5N1)	1487	852
PA|PP755594.1|A/cattle/Texas/24-008749-003/2024(H5N1)	1488	851
PA|PP755594.1|A/cattle/Texas/24-008749-003/2024(H5N1)	1489	847
PA|PP755594.1|A/cattle/Texas/24-008749-003/2024(H5N1)	1490	880
PA|PP755594.1|A/cattle/Texas/24-008749-003/2024(H5N1)	1491	887
PA|PP755594.1|A/cattle/Texas/24-008749-003/2024(H5N1)	1492	888
PA|PP755594.1|A/cattle/Texas/24-008749-003/2024(H5N1)	1493	887
PA|PP755594.1|A/cattle/Texas/24-008749-003/2024(H5N1)	1494	886
PA|PP755594.1|A/cattle/Texas/24-008749-003/2024(H5N1)	1495	899
PA|PP755594.1|A/cattle/Texas/24-008749-003/2024(H5N1)	1496	887
PA|PP755594.1|A/cattle/Texas/24-008749-003/2024(H5N1)	1497	885
PA|PP755594.1|A/cattle/Texas/24-008749-003/2024(H5N1)	1498	873
PA|PP755594.1|A/cattle/Texas/24-008749-003/2024(H5N1)	1499	843
PA|PP755594.1|A/cattle/Texas/24-008749-003/2024(H5N1)	1500	849
PA|PP755594.1|A/cattle/Texas/24-008749-003/2024(H5N1)	1501	854
PA|PP755594.1|A/cattle/Texas/24-008749-003/2024(H5N1)	1502	854
PA|PP755594.1|A/cattle/Texas/24-008749-003/2024(H5N1)	1503	897
PA|PP755594.1|A/cattle/Texas/24-008749-003/2024(H5N1)	1504	884
PA|PP755594.1|A/cattle/Texas/24-008749-003/2024(H5N1)	1505	885
PA|PP755594.1|A/cattle/Texas/24-008749-003/2024(H5N1)	1506	898
PA|PP755594.1|A/cattle/Texas/24-008749-003/2024(H5N1)	1507	889
PA|PP755594.1|A/cattle/Texas/24-008749-003/2024(H5N1)	1508	889
PA|PP755594.1|A/cattle/Texas/24-008749-003/2024(H5N1)	1509	887
PA|PP755594.1|A/cattle/Texas/24-008749-003/2024(H5N1)	1510	886
PA|PP755594.1|A/cattle/Texas/24-008749-003/2024(H5N1)	1511	900
PA|PP755594.1|A/cattle/Texas/24-008749-003/2024(H5N1)	1512	895
PA|PP755594.1|A/cattle/Texas/24-008749-003/2024(H5N1)	1513	902
PA|PP755594.1|A/cattle/Texas/24-008749-003/2024(H5N1)	1514	895
PA|PP755594.1|A/cattle/Texas/24-008749-003/2024(H5N1)	1515	919
PA|PP755594.1|A/cattle/Texas/24-008749-003/2024(H5N1)	1516	919
PA|PP755594.1|A/cattle/Texas/24-008749-003/2024(H5N1)	1517	909
PA|PP755594.1|A/cattle/Texas/24-008749-003/2024(H5N1)	1518	907
PA|PP755594.1|A/cattle/Texas/24-008749-003/2024(H5N1)	1519	906
PA|PP755594.1|A/cattle/Texas/24-008749-003/2024(H5N1)	1520	902
PA|PP755594.1|A/cattle/Texas/24-008749-003/2024(H5N1)	1521	908
PA|PP755594.1|A/cattle/Texas/24-008749-003/2024(H5N1)	1522	891
PA|PP755594.1|A/cattle/Texas/24-008749-003/2024(H5N1)	1523	889
PA|PP755594.1|A/cattle/Texas/24-008749-003/2024(H5N1)	1524	896
PA|PP755594.1|A/cattle/Texas/24-008749-003/2024(H5N1)	1525	895
PA|PP755594.1|A/cattle/Texas/24-008749-003/2024(H5N1)	1526	890
PA|PP755594.1|A/cattle/Texas/24-008749-003/2024(H5N1)	1527	911
PA|PP755594.1|A/cattle/Texas/24-008749-003/2024(H5N1)	1528	918
PA|PP755594.1|A/cattle/Texas/24-008749-003/2024(H5N1)	1529	924
PA|PP755594.1|A/cattle/Texas/24-008749-003/2024(H5N1)	1530	927
PA|PP755594.1|A/cattle/Texas/24-008749-003/2024(H5N1)	1531	928
PA|PP755594.1|A/cattle/Texas/24-008749-003/2024(H5N1)	1532	925
PA|PP755594.1|A/cattle/Texas/24-008749-003/2024(H5N1)	1533	920
PA|PP755594.1|A/cattle/Texas/24-008749-003/2024(H5N1)	1534	918
PA|PP755594.1|A/cattle/Texas/24-008749-003/2024(H5N1)	1535	904
PA|PP755594.1|A/cattle/Texas/24-008749-003/2024(H5N1)	1536	914
PA|PP755594.1|A/cattle/Texas/24-008749-003/2024(H5N1)	1537	911
PA|PP755594.1|A/cattle/Texas/24-008749-003/2024(H5N1)	1538	904
PA|PP755594.1|A/cattle/Texas/24-008749-003/2024(H5N1)	1539	913
PA|PP755594.1|A/cattle/Texas/24-008749-003/2024(H5N1)	1540	907
PA|PP755594.1|A/cattle/Texas/24-008749-003/2024(H5N1)	1541	916
PA|PP755594.1|A/cattle/Texas/24-008749-003/2024(H5N1)	1542	880
PA|PP755594.1|A/cattle/Texas/24-008749-003/2024(H5N1)	1543	887
PA|PP755594.1|A/cattle/Texas/24-008749-003/2024(H5N1)	1544	888
PA|PP755594.1|A/cattle/Texas/24-008749-003/2024(H5N1)	1545	879
PA|PP755594.1|A/cattle/Texas/24-008749-003/2024(H5N1)	1546	881
PA|PP755594.1|A/cattle/Texas/24-008749-003/2024(H5N1)	1547	893
PA|PP755594.1|A/cattle/Texas/24-008749-003/2024(H5N1)	1548	885
PA|PP755594.1|A/cattle/Texas/24-008749-003/2024(H5N1)	1549	901
PA|PP755594.1|A/cattle/Texas/24-008749-003/2024(H5N1)	1550	897
PA|PP755594.1|A/cattle/Texas/24-008749-003/2024(H5N1)	1551	898
PA|PP755594.1|A/cattle/Texas/24-008749-003/2024(H5N1)	1552	908
PA|PP755594.1|A/cattle/Texas/24-008749-003/2024(H5N1)	1553	851
PA|PP755594.1|A/cattle/Texas/24-008749-003/2024(H5N1)	1554	852
PA|PP755594.1|A/cattle/Texas/24-008749-003/2024(H5N1)	1555	851
PA|PP755594.1|A/cattle/Texas/24-008749-003/2024(H5N1)	1556	851
PA|PP755594.1|A/cattle/Texas/24-008749-003/2024(H5N1)	1557	841
PA|PP755594.1|A/cattle/Texas/24-008749-003/2024(H5N1)	1558	821
PA|PP755594.1|A/cattle/Texas/24-008749-003/2024(H5N1)	1559	825
PA|PP755594.1|A/cattle/Texas/24-008749-003/2024(H5N1)	1560	818
PA|PP755594.1|A/cattle/Texas/24-008749-003/2024(H5N1)	1561	796
PA|PP755594.1|A/cattle/Texas/24-008749-003/2024(H5N1)	1562	791
PA|PP755594.1|A/cattle/Texas/24-008749-003/2024(H5N1)	1563	791
PA|PP755594.1|A/cattle/Texas/24-008749-003/2024(H5N1)	1564	785
PA|PP755594.1|A/cattle/Texas/24-008749-003/2024(H5N1)	1565	791
PA|PP755594.1|A/cattle/Texas/24-008749-003/2024(H5N1)	1566	772
PA|PP755594.1|A/cattle/Texas/24-008749-003/2024(H5N1)	1567	776
PA|PP755594.1|A/cattle/Texas/24-008749-003/2024(H5N1)	1568	778
PA|PP755594.1|A/cattle/Texas/24-008749-003/2024(H5N1)	1569	778
PA|PP755594.1|A/cattle/Texas/24-008749-003/2024(H5N1)	1570	777
PA|PP755594.1|A/cattle/Texas/24-008749-003/2024(H5N1)	1571	777
PA|PP755594.1|A/cattle/Texas/24-008749-003/2024(H5N1)	1572	763
PA|PP755594.1|A/cattle/Texas/24-008749-003/2024(H5N1)	1573	763
PA|PP755594.1|A/cattle/Texas/24-008749-003/2024(H5N1)	1574	761
PA|PP755594.1|A/cattle/Texas/24-008749-003/2024(H5N1)	1575	768
PA|PP755594.1|A/cattle/Texas/24-008749-003/2024(H5N1)	1576	765
PA|PP755594.1|A/cattle/Texas/24-008749-003/2024(H5N1)	1577	775
PA|PP755594.1|A/cattle/Texas/24-008749-003/2024(H5N1)	1578	769
PA|PP755594.1|A/cattle/Texas/24-008749-003/2024(H5N1)	1579	779
PA|PP755594.1|A/cattle/Texas/24-008749-003/2024(H5N1)	1580	778
PA|PP755594.1|A/cattle/Texas/24-008749-003/2024(H5N1)	1581	781
PA|PP755594.1|A/cattle/Texas/24-008749-003/2024(H5N1)	1582	780
PA|PP755594.1|A/cattle/Texas/24-008749-003/2024(H5N1)	1583	788
PA|PP755594.1|A/cattle/Texas/24-008749-003/2024(H5N1)	1584	760
PA|PP755594.1|A/cattle/Texas/24-008749-003/2024(H5N1)	1585	762
PA|PP755594.1|A/cattle/Texas/24-008749-003/2024(H5N1)	1586	756
PA|PP755594.1|A/cattle/Texas/24-008749-003/2024(H5N1)	1587	757
PA|PP755594.1|A/cattle/Texas/24-008749-003/2024(H5N1)	1588	758
PA|PP755594.1|A/cattle/Texas/24-008749-003/2024(H5N1)	1589	756
PA|PP755594.1|A/cattle/Texas/24-008749-003/2024(H5N1)	1590	753
PA|PP755594.1|A/cattle/Texas/24-008749-003/2024(H5N1)	1591	756
PA|PP755594.1|A/cattle/Texas/24-008749-003/2024(H5N1)	1592	780
PA|PP755594.1|A/cattle/Texas/24-008749-003/2024(H5N1)	1593	786
PA|PP755594.1|A/cattle/Texas/24-008749-003/2024(H5N1)	1594	786
PA|PP755594.1|A/cattle/Texas/24-008749-003/2024(H5N1)	1595	786
PA|PP755594.1|A/cattle/Texas/24-008749-003/2024(H5N1)	1596	777
PA|PP755594.1|A/cattle/Texas/24-008749-003/2024(H5N1)	1597	787
PA|PP755594.1|A/cattle/Texas/24-008749-003/2024(H5N1)	1598	803
PA|PP755594.1|A/cattle/Texas/24-008749-003/2024(H5N1)	1599	804
PA|PP755594.1|A/cattle/Texas/24-008749-003/2024(H5N1)	1600	812
PA|PP755594.1|A/cattle/Texas/24-008749-003/2024(H5N1)	1601	773
PA|PP755594.1|A/cattle/Texas/24-008749-003/2024(H5N1)	1602	775
PA|PP755594.1|A/cattle/Texas/24-008749-003/2024(H5N1)	1603	782
PA|PP755594.1|A/cattle/Texas/24-008749-003/2024(H5N1)	1604	782
PA|PP755594.1|A/cattle/Texas/24-008749-003/2024(H5N1)	1605	782
PA|PP755594.1|A/cattle/Texas/24-008749-003/2024(H5N1)	1606	770
PA|PP755594.1|A/cattle/Texas/24-008749-003/2024(H5N1)	1607	768
PA|PP755594.1|A/cattle/Texas/24-008749-003/2024(H5N1)	1608	768
PA|PP755594.1|A/cattle/Texas/24-008749-003/2024(H5N1)	1609	786
PA|PP755594.1|A/cattle/Texas/24-008749-003/2024(H5N1)	1610	783
PA|PP755594.1|A/cattle/Texas/24-008749-003/2024(H5N1)	1611	779
PA|PP755594.1|A/cattle/Texas/24-008749-003/2024(H5N1)	1612	787
PA|PP755594.1|A/cattle/Texas/24-008749-003/2024(H5N1)	1613	793
PA|PP755594.1|A/cattle/Texas/24-008749-003/2024(H5N1)	1614	805
PA|PP755594.1|A/cattle/Texas/24-008749-003/2024(H5N1)	1615	785
PA|PP755594.1|A/cattle/Texas/24-008749-003/2024(H5N1)	1616	782
PA|PP755594.1|A/cattle/Texas/24-008749-003/2024(H5N1)	1617	793
PA|PP755594.1|A/cattle/Texas/24-008749-003/2024(H5N1)	1618	793
PA|PP755594.1|A/cattle/Texas/24-008749-003/2024(H5N1)	1619	793
PA|PP755594.1|A/cattle/Texas/24-008749-003/2024(H5N1)	1620	774
PA|PP755594.1|A/cattle/Texas/24-008749-003/2024(H5N1)	1621	773
PA|PP755594.1|A/cattle/Texas/24-008749-003/2024(H5N1)	1622	780
PA|PP755594.1|A/cattle/Texas/24-008749-003/2024(H5N1)	1623	783
PA|PP755594.1|A/cattle/Texas/24-008749-003/2024(H5N1)	1624	794
PA|PP755594.1|A/cattle/Texas/24-008749-003/2024(H5N1)	1625	788
PA|PP755594.1|A/cattle/Texas/24-008749-003/2024(H5N1)	1626	777
PA|PP755594.1|A/cattle/Texas/24-008749-003/2024(H5N1)	1627	778
PA|PP755594.1|A/cattle/Texas/24-008749-003/2024(H5N1)	1628	777
PA|PP755594.1|A/cattle/Texas/24-008749-003/2024(H5N1)	1629	778
PA|PP755594.1|A/cattle/Texas/24-008749-003/2024(H5N1)	1630	778
PA|PP755594.1|A/cattle/Texas/24-008749-003/2024(H5N1)	1631	769
PA|PP755594.1|A/cattle/Texas/24-008749-003/2024(H5N1)	1632	772
PA|PP755594.1|A/cattle/Texas/24-008749-003/2024(H5N1)	1633	769
PA|PP755594.1|A/cattle/Texas/24-008749-003/2024(H5N1)	1634	770
PA|PP755594.1|A/cattle/Texas/24-008749-003/2024(H5N1)	1635	767
PA|PP755594.1|A/cattle/Texas/24-008749-003/2024(H5N1)	1636	764
PA|PP755594.1|A/cattle/Texas/24-008749-003/2024(H5N1)	1637	764
PA|PP755594.1|A/cattle/Texas/24-008749-003/2024(H5N1)	1638	768
PA|PP755594.1|A/cattle/Texas/24-008749-003/2024(H5N1)	1639	775
PA|PP755594.1|A/cattle/Texas/24-008749-003/2024(H5N1)	1640	776
PA|PP755594.1|A/cattle/Texas/24-008749-003/2024(H5N1)	1641	740
PA|PP755594.1|A/cattle/Texas/24-008749-003/2024(H5N1)	1642	740
PA|PP755594.1|A/cattle/Texas/24-008749-003/2024(H5N1)	1643	745
PA|PP755594.1|A/cattle/Texas/24-008749-003/2024(H5N1)	1644	745
PA|PP755594.1|A/cattle/Texas/24-008749-003/2024(H5N1)	1645	783
PA|PP755594.1|A/cattle/Texas/24-008749-003/2024(H5N1)	1646	782
PA|PP755594.1|A/cattle/Texas/24-008749-003/2024(H5N1)	1647	793
PA|PP755594.1|A/cattle/Texas/24-008749-003/2024(H5N1)	1648	788
PA|PP755594.1|A/cattle/Texas/24-008749-003/2024(H5N1)	1649	788
PA|PP755594.1|A/cattle/Texas/24-008749-003/2024(H5N1)	1650	789
PA|PP755594.1|A/cattle/Texas/24-008749-003/2024(H5N1)	1651	783
PA|PP755594.1|A/cattle/Texas/24-008749-003/2024(H5N1)	1652	781
PA|PP755594.1|A/cattle/Texas/24-008749-003/2024(H5N1)	1653	783
PA|PP755594.1|A/cattle/Texas/24-008749-003/2024(H5N1)	1654	740
PA|PP755594.1|A/cattle/Texas/24-008749-003/2024(H5N1)	1655	749
PA|PP755594.1|A/cattle/Texas/24-008749-003/2024(H5N1)	1656	735
PA|PP755594.1|A/cattle/Texas/24-008749-003/2024(H5N1)	1657	767
PA|PP755594.1|A/cattle/Texas/24-008749-003/2024(H5N1)	1658	770
PA|PP755594.1|A/cattle/Texas/24-008749-003/2024(H5N1)	1659	770
PA|PP755594.1|A/cattle/Texas/24-008749-003/2024(H5N1)	1660	768
PA|PP755594.1|A/cattle/Texas/24-008749-003/2024(H5N1)	1661	764
PA|PP755594.1|A/cattle/Texas/24-008749-003/2024(H5N1)	1662	750
PA|PP755594.1|A/cattle/Texas/24-008749-003/2024(H5N1)	1663	757
PA|PP755594.1|A/cattle/Texas/24-008749-003/2024(H5N1)	1664	780
PA|PP755594.1|A/cattle/Texas/24-008749-003/2024(H5N1)	1665	778
PA|PP755594.1|A/cattle/Texas/24-008749-003/2024(H5N1)	1666	752
PA|PP755594.1|A/cattle/Texas/24-008749-003/2024(H5N1)	1667	751
PA|PP755594.1|A/cattle/Texas/24-008749-003/2024(H5N1)	1668	750
PA|PP755594.1|A/cattle/Texas/24-008749-003/2024(H5N1)	1669	792
PA|PP755594.1|A/cattle/Texas/24-008749-003/2024(H5N1)	1670	818
PA|PP755594.1|A/cattle/Texas/24-008749-003/2024(H5N1)	1671	819
PA|PP755594.1|A/cattle/Texas/24-008749-003/2024(H5N1)	1672	816
PA|PP755594.1|A/cattle/Texas/24-008749-003/2024(H5N1)	1673	819
PA|PP755594.1|A/cattle/Texas/24-008749-003/2024(H5N1)	1674	818
PA|PP755594.1|A/cattle/Texas/24-008749-003/2024(H5N1)	1675	820
PA|PP755594.1|A/cattle/Texas/24-008749-003/2024(H5N1)	1676	823
PA|PP755594.1|A/cattle/Texas/24-008749-003/2024(H5N1)	1677	823
PA|PP755594.1|A/cattle/Texas/24-008749-003/2024(H5N1)	1678	794
PA|PP755594.1|A/cattle/Texas/24-008749-003/2024(H5N1)	1679	795
PA|PP755594.1|A/cattle/Texas/24-008749-003/2024(H5N1)	1680	782
PA|PP755594.1|A/cattle/Texas/24-008749-003/2024(H5N1)	1681	785
PA|PP755594.1|A/cattle/Texas/24-008749-003/2024(H5N1)	1682	785
PA|PP755594.1|A/cattle/Texas/24-008749-003/2024(H5N1)	1683	790
PA|PP755594.1|A/cattle/Texas/24-008749-003/2024(H5N1)	1684	801
PA|PP755594.1|A/cattle/Texas/24-008749-003/2024(H5N1)	1685	803
PA|PP755594.1|A/cattle/Texas/24-008749-003/2024(H5N1)	1686	786
PA|PP755594.1|A/cattle/Texas/24-008749-003/2024(H5N1)	1687	784
PA|PP755594.1|A/cattle/Texas/24-008749-003/2024(H5N1)	1688	780
PA|PP755594.1|A/cattle/Texas/24-008749-003/2024(H5N1)	1689	788
PA|PP755594.1|A/cattle/Texas/24-008749-003/2024(H5N1)	1690	777
PA|PP755594.1|A/cattle/Texas/24-008749-003/2024(H5N1)	1691	778
PA|PP755594.1|A/cattle/Texas/24-008749-003/2024(H5N1)	1692	768
PA|PP755594.1|A/cattle/Texas/24-008749-003/2024(H5N1)	1693	769
PA|PP755594.1|A/cattle/Texas/24-008749-003/2024(H5N1)	1694	762
PA|PP755594.1|A/cattle/Texas/24-008749-003/2024(H5N1)	1695	760
PA|PP755594.1|A/cattle/Texas/24-008749-003/2024(H5N1)	1696	753
PA|PP755594.1|A/cattle/Texas/24-008749-003/2024(H5N1)	1697	752
PA|PP755594.1|A/cattle/Texas/24-008749-003/2024(H5N1)	1698	751
PA|PP755594.1|A/cattle/Texas/24-008749-003/2024(H5N1)	1699	751
PA|PP755594.1|A/cattle/Texas/24-008749-003/2024(H5N1)	1700	746
PA|PP755594.1|A/cattle/Texas/24-008749-003/2024(H5N1)	1701	741
PA|PP755594.1|A/cattle/Texas/24-008749-003/2024(H5N1)	1702	732
PA|PP755594.1|A/cattle/Texas/24-008749-003/2024(H5N1)	1703	735
PA|PP755594.1|A/cattle/Texas/24-008749-003/2024(H5N1)	1704	736
PA|PP755594.1|A/cattle/Texas/24-008749-003/2024(H5N1)	1705	735
PA|PP755594.1|A/cattle/Texas/24-008749-003/2024(H5N1)	1706	734
PA|PP755594.1|A/cattle/Texas/24-008749-003/2024(H5N1)	1707	730
PA|PP755594.1|A/cattle/Texas/24-008749-003/2024(H5N1)	1708	721
PA|PP755594.1|A/cattle/Texas/24-008749-003/2024(H5N1)	1709	726
PA|PP755594.1|A/cattle/Texas/24-008749-003/2024(H5N1)	1710	723
PA|PP755594.1|A/cattle/Texas/24-008749-003/2024(H5N1)	1711	727
PA|PP755594.1|A/cattle/Texas/24-008749-003/2024(H5N1)	1712	727
PA|PP755594.1|A/cattle/Texas/24-008749-003/2024(H5N1)	1713	727
PA|PP755594.1|A/cattle/Texas/24-008749-003/2024(H5N1)	1714	728
PA|PP755594.1|A/cattle/Texas/24-008749-003/2024(H5N1)	1715	725
PA|PP755594.1|A/cattle/Texas/24-008749-003/2024(H5N1)	1716	724
PA|PP755594.1|A/cattle/Texas/24-008749-003/2024(H5N1)	1717	728
PA|PP755594.1|A/cattle/Texas/24-008749-003/2024(H5N1)	1718	724
PA|PP755594.1|A/cattle/Texas/24-008749-003/2024(H5N1)	1719	726
PA|PP755594.1|A/cattle/Texas/24-008749-003/2024(H5N1)	1720	726
PA|PP755594.1|A/cattle/Texas/24-008749-003/2024(H5N1)	1721	730
PA|PP755594.1|A/cattle/Texas/24-008749-003/2024(H5N1)	1722	730
PA|PP755594.1|A/cattle/Texas/24-008749-003/2024(H5N1)	1723	736
PA|PP755594.1|A/cattle/Texas/24-008749-003/2024(H5N1)	1724	737
PA|PP755594.1|A/cattle/Texas/24-008749-003/2024(H5N1)	1725	739
PA|PP755594.1|A/cattle/Texas/24-008749-003/2024(H5N1)	1726	722
PA|PP755594.1|A/cattle/Texas/24-008749-003/2024(H5N1)	1727	724
PA|PP755594.1|A/cattle/Texas/24-008749-003/2024(H5N1)	1728	713
PA|PP755594.1|A/cattle/Texas/24-008749-003/2024(H5N1)	1729	714
PA|PP755594.1|A/cattle/Texas/24-008749-003/2024(H5N1)	1730	708
PA|PP755594.1|A/cattle/Texas/24-008749-003/2024(H5N1)	1731	721
PA|PP755594.1|A/cattle/Texas/24-008749-003/2024(H5N1)	1732	725
PA|PP755594.1|A/cattle/Texas/24-008749-003/2024(H5N1)	1733	737
PA|PP755594.1|A/cattle/Texas/24-008749-003/2024(H5N1)	1734	728
PA|PP755594.1|A/cattle/Texas/24-008749-003/2024(H5N1)	1735	736
PA|PP755594.1|A/cattle/Texas/24-008749-003/2024(H5N1)	1736	734
PA|PP755594.1|A/cattle/Texas/24-008749-003/2024(H5N1)	1737	733
PA|PP755594.1|A/cattle/Texas/24-008749-003/2024(H5N1)	1738	757
PA|PP755594.1|A/cattle/Texas/24-008749-003/2024(H5N1)	1739	769
PA|PP755594.1|A/cattle/Texas/24-008749-003/2024(H5N1)	1740	763
PA|PP755594.1|A/cattle/Texas/24-008749-003/2024(H5N1)	1741	767
PA|PP755594.1|A/cattle/Texas/24-008749-003/2024(H5N1)	1742	760
PA|PP755594.1|A/cattle/Texas/24-008749-003/2024(H5N1)	1743	739
PA|PP755594.1|A/cattle/Texas/24-008749-003/2024(H5N1)	1744	751
PA|PP755594.1|A/cattle/Texas/24-008749-003/2024(H5N1)	1745	760
PA|PP755594.1|A/cattle/Texas/24-008749-003/2024(H5N1)	1746	761
PA|PP755594.1|A/cattle/Texas/24-008749-003/2024(H5N1)	1747	732
PA|PP755594.1|A/cattle/Texas/24-008749-003/2024(H5N1)	1748	730
PA|PP755594.1|A/cattle/Texas/24-008749-003/2024(H5N1)	1749	728
PA|PP755594.1|A/cattle/Texas/24-008749-003/2024(H5N1)	1750	738
PA|PP755594.1|A/cattle/Texas/24-008749-003/2024(H5N1)	1751	766
PA|PP755594.1|A/cattle/Texas/24-008749-003/2024(H5N1)	1752	765
PA|PP755594.1|A/cattle/Texas/24-008749-003/2024(H5N1)	1753	778
PA|PP755594.1|A/cattle/Texas/24-008749-003/2024(H5N1)	1754	772
PA|PP755594.1|A/cattle/Texas/24-008749-003/2024(H5N1)	1755	776
PA|PP755594.1|A/cattle/Texas/24-008749-003/2024(H5N1)	1756	800
PA|PP755594.1|A/cattle/Texas/24-008749-003/2024(H5N1)	1757	799
PA|PP755594.1|A/cattle/Texas/24-008749-003/2024(H5N1)	1758	800
PA|PP755594.1|A/cattle/Texas/24-008749-003/2024(H5N1)	1759	800
PA|PP755594.1|A/cattle/Texas/24-008749-003/2024(H5N1)	1760	777
PA|PP755594.1|A/cattle/Texas/24-008749-003/2024(H5N1)	1761	774
PA|PP755594.1|A/cattle/Texas/24-008749-003/2024(H5N1)	1762	771
PA|PP755594.1|A/cattle/Texas/24-008749-003/2024(H5N1)	1763	768
PA|PP755594.1|A/cattle/Texas/24-008749-003/2024(H5N1)	1764	774
PA|PP755594.1|A/cattle/Texas/24-008749-003/2024(H5N1)	1765	757
PA|PP755594.1|A/cattle/Texas/24-008749-003/2024(H5N1)	1766	776
PA|PP755594.1|A/cattle/Texas/24-008749-003/2024(H5N1)	1767	779
PA|PP755594.1|A/cattle/Texas/24-008749-003/2024(H5N1)	1768	772
PA|PP755594.1|A/cattle/Texas/24-008749-003/2024(H5N1)	1769	772
PA|PP755594.1|A/cattle/Texas/24-008749-003/2024(H5N1)	1770	770
PA|PP755594.1|A/cattle/Texas/24-008749-003/2024(H5N1)	1771	781
PA|PP755594.1|A/cattle/Texas/24-008749-003/2024(H5N1)	1772	771
PA|PP755594.1|A/cattle/Texas/24-008749-003/2024(H5N1)	1773	767
PA|PP755594.1|A/cattle/Texas/24-008749-003/2024(H5N1)	1774	763
PA|PP755594.1|A/cattle/Texas/24-008749-003/2024(H5N1)	1775	752
PA|PP755594.1|A/cattle/Texas/24-008749-003/2024(H5N1)	1776	753
PA|PP755594.1|A/cattle/Texas/24-008749-003/2024(H5N1)	1777	751
PA|PP755594.1|A/cattle/Texas/24-008749-003/2024(H5N1)	1778	747
PA|PP755594.1|A/cattle/Texas/24-008749-003/2024(H5N1)	1779	758
PA|PP755594.1|A/cattle/Texas/24-008749-003/2024(H5N1)	1780	758
PA|PP755594.1|A/cattle/Texas/24-008749-003/2024(H5N1)	1781	765
PA|PP755594.1|A/cattle/Texas/24-008749-003/2024(H5N1)	1782	758
PA|PP755594.1|A/cattle/Texas/24-008749-003/2024(H5N1)	1783	787
PA|PP755594.1|A/cattle/Texas/24-008749-003/2024(H5N1)	1784	788
PA|PP755594.1|A/cattle/Texas/24-008749-003/2024(H5N1)	1785	792
PA|PP755594.1|A/cattle/Texas/24-008749-003/2024(H5N1)	1786	804
PA|PP755594.1|A/cattle/Texas/24-008749-003/2024(H5N1)	1787	804
PA|PP755594.1|A/cattle/Texas/24-008749-003/2024(H5N1)	1788	802
PA|PP755594.1|A/cattle/Texas/24-008749-003/2024(H5N1)	1789	802
PA|PP755594.1|A/cattle/Texas/24-008749-003/2024(H5N1)	1790	789
PA|PP755594.1|A/cattle/Texas/24-008749-003/2024(H5N1)	1791	789
PA|PP755594.1|A/cattle/Texas/24-008749-003/2024(H5N1)	1792	811
PA|PP755594.1|A/cattle/Texas/24-008749-003/2024(H5N1)	1793	814
PA|PP755594.1|A/cattle/Texas/24-008749-003/2024(H5N1)	1794	811
PA|PP755594.1|A/cattle/Texas/24-008749-003/2024(H5N1)	1795	809
PA|PP755594.1|A/cattle/Texas/24-008749-003/2024(H5N1)	1796	770
PA|PP755594.1|A/cattle/Texas/24-008749-003/2024(H5N1)	1797	771
PA|PP755594.1|A/cattle/Texas/24-008749-003/2024(H5N1)	1798	761
PA|PP755594.1|A/cattle/Texas/24-008749-003/2024(H5N1)	1799	761
PA|PP755594.1|A/cattle/Texas/24-008749-003/2024(H5N1)	1800	762
PA|PP755594.1|A/cattle/Texas/24-008749-003/2024(H5N1)	1801	806
PA|PP755594.1|A/cattle/Texas/24-008749-003/2024(H5N1)	1802	811
PA|PP755594.1|A/cattle/Texas/24-008749-003/2024(H5N1)	1803	815
PA|PP755594.1|A/cattle/Texas/24-008749-003/2024(H5N1)	1804	829
PA|PP755594.1|A/cattle/Texas/24-008749-003/2024(H5N1)	1805	853
PA|PP755594.1|A/cattle/Texas/24-008749-003/2024(H5N1)	1806	850
PA|PP755594.1|A/cattle/Texas/24-008749-003/2024(H5N1)	1807	855
PA|PP755594.1|A/cattle/Texas/24-008749-003/2024(H5N1)	1808	842
PA|PP755594.1|A/cattle/Texas/24-008749-003/2024(H5N1)	1809	840
PA|PP755594.1|A/cattle/Texas/24-008749-003/2024(H5N1)	1810	862
PA|PP755594.1|A/cattle/Texas/24-008749-003/2024(H5N1)	1811	869
PA|PP755594.1|A/cattle/Texas/24-008749-003/2024(H5N1)	1812	873
PA|PP755594.1|A/cattle/Texas/24-008749-003/2024(H5N1)	1813	864
PA|PP755594.1|A/cattle/Texas/24-008749-003/2024(H5N1)	1814	848
PA|PP755594.1|A/cattle/Texas/24-008749-003/2024(H5N1)	1815	850
PA|PP755594.1|A/cattle/Texas/24-008749-003/2024(H5N1)	1816	871
PA|PP755594.1|A/cattle/Texas/24-008749-003/2024(H5N1)	1817	870
PA|PP755594.1|A/cattle/Texas/24-008749-003/2024(H5N1)	1818	870
PA|PP755594.1|A/cattle/Texas/24-008749-003/2024(H5N1)	1819	840
PA|PP755594.1|A/cattle/Texas/24-008749-003/2024(H5N1)	1820	807
PA|PP755594.1|A/cattle/Texas/24-008749-003/2024(H5N1)	1821	809
PA|PP755594.1|A/cattle/Texas/24-008749-003/2024(H5N1)	1822	810
PA|PP755594.1|A/cattle/Texas/24-008749-003/2024(H5N1)	1823	812
PA|PP755594.1|A/cattle/Texas/24-008749-003/2024(H5N1)	1824	802
PA|PP755594.1|A/cattle/Texas/24-008749-003/2024(H5N1)	1825	802
PA|PP755594.1|A/cattle/Texas/24-008749-003/2024(H5N1)	1826	801
PA|PP755594.1|A/cattle/Texas/24-008749-003/2024(H5N1)	1827	799
PA|PP755594.1|A/cattle/Texas/24-008749-003/2024(H5N1)	1828	801
PA|PP755594.1|A/cattle/Texas/24-008749-003/2024(H5N1)	1829	815
PA|PP755594.1|A/cattle/Texas/24-008749-003/2024(H5N1)	1830	802
PA|PP755594.1|A/cattle/Texas/24-008749-003/2024(H5N1)	1831	802
PA|PP755594.1|A/cattle/Texas/24-008749-003/2024(H5N1)	1832	800
PA|PP755594.1|A/cattle/Texas/24-008749-003/2024(H5N1)	1833	791
PA|PP755594.1|A/cattle/Texas/24-008749-003/2024(H5N1)	1834	774
PA|PP755594.1|A/cattle/Texas/24-008749-003/2024(H5N1)	1835	774
PA|PP755594.1|A/cattle/Texas/24-008749-003/2024(H5N1)	1836	768
PA|PP755594.1|A/cattle/Texas/24-008749-003/2024(H5N1)	1837	766
PA|PP755594.1|A/cattle/Texas/24-008749-003/2024(H5N1)	1838	764
PA|PP755594.1|A/cattle/Texas/24-008749-003/2024(H5N1)	1839	767
PA|PP755594.1|A/cattle/Texas/24-008749-003/2024(H5N1)	1840	759
PA|PP755594.1|A/cattle/Texas/24-008749-003/2024(H5N1)	1841	758
PA|PP755594.1|A/cattle/Texas/24-008749-003/2024(H5N1)	1842	753
PA|PP755594.1|A/cattle/Texas/24-008749-003/2024(H5N1)	1843	758
PA|PP755594.1|A/cattle/Texas/24-008749-003/2024(H5N1)	1844	761
PA|PP755594.1|A/cattle/Texas/24-008749-003/2024(H5N1)	1845	764
PA|PP755594.1|A/cattle/Texas/24-008749-003/2024(H5N1)	1846	767
PA|PP755594.1|A/cattle/Texas/24-008749-003/2024(H5N1)	1847	766
PA|PP755594.1|A/cattle/Texas/24-008749-003/2024(H5N1)	1848	759
PA|PP755594.1|A/cattle/Texas/24-008749-003/2024(H5N1)	1849	756
PA|PP755594.1|A/cattle/Texas/24-008749-003/2024(H5N1)	1850	759
PA|PP755594.1|A/cattle/Texas/24-008749-003/2024(H5N1)	1851	750
PA|PP755594.1|A/cattle/Texas/24-008749-003/2024(H5N1)	1852	759
PA|PP755594.1|A/cattle/Texas/24-008749-003/2024(H5N1)	1853	801
PA|PP755594.1|A/cattle/Texas/24-008749-003/2024(H5N1)	1854	798
PA|PP755594.1|A/cattle/Texas/24-008749-003/2024(H5N1)	1855	800
PA|PP755594.1|A/cattle/Texas/24-008749-003/2024(H5N1)	1856	800
PA|PP755594.1|A/cattle/Texas/24-008749-003/2024(H5N1)	1857	799
PA|PP755594.1|A/cattle/Texas/24-008749-003/2024(H5N1)	1858	813
PA|PP755594.1|A/cattle/Texas/24-008749-003/2024(H5N1)	1859	813
PA|PP755594.1|A/cattle/Texas/24-008749-003/2024(H5N1)	1860	810
PA|PP755594.1|A/cattle/Texas/24-008749-003/2024(H5N1)	1861	813
PA|PP755594.1|A/cattle/Texas/24-008749-003/2024(H5N1)	1862	809
PA|PP755594.1|A/cattle/Texas/24-008749-003/2024(H5N1)	1863	822
PA|PP755594.1|A/cattle/Texas/24-008749-003/2024(H5N1)	1864	867
PA|PP755594.1|A/cattle/Texas/24-008749-003/2024(H5N1)	1865	880
PA|PP755594.1|A/cattle/Texas/24-008749-003/2024(H5N1)	1866	875
PA|PP755594.1|A/cattle/Texas/24-008749-003/2024(H5N1)	1867	879
PA|PP755594.1|A/cattle/Texas/24-008749-003/2024(H5N1)	1868	882
PA|PP755594.1|A/cattle/Texas/24-008749-003/2024(H5N1)	1869	883
PA|PP755594.1|A/cattle/Texas/24-008749-003/2024(H5N1)	1870	882
PA|PP755594.1|A/cattle/Texas/24-008749-003/2024(H5N1)	1871	880
PA|PP755594.1|A/cattle/Texas/24-008749-003/2024(H5N1)	1872	927
PA|PP755594.1|A/cattle/Texas/24-008749-003/2024(H5N1)	1873	930
PA|PP755594.1|A/cattle/Texas/24-008749-003/2024(H5N1)	1874	930
PA|PP755594.1|A/cattle/Texas/24-008749-003/2024(H5N1)	1875	925
PA|PP755594.1|A/cattle/Texas/24-008749-003/2024(H5N1)	1876	925
PA|PP755594.1|A/cattle/Texas/24-008749-003/2024(H5N1)	1877	930
PA|PP755594.1|A/cattle/Texas/24-008749-003/2024(H5N1)	1878	928
PA|PP755594.1|A/cattle/Texas/24-008749-003/2024(H5N1)	1879	939
PA|PP755594.1|A/cattle/Texas/24-008749-003/2024(H5N1)	1880	953
PA|PP755594.1|A/cattle/Texas/24-008749-003/2024(H5N1)	1881	936
PA|PP755594.1|A/cattle/Texas/24-008749-003/2024(H5N1)	1882	925
PA|PP755594.1|A/cattle/Texas/24-008749-003/2024(H5N1)	1883	941
PA|PP755594.1|A/cattle/Texas/24-008749-003/2024(H5N1)	1884	934
PA|PP755594.1|A/cattle/Texas/24-008749-003/2024(H5N1)	1885	943
PA|PP755594.1|A/cattle/Texas/24-008749-003/2024(H5N1)	1886	933
PA|PP755594.1|A/cattle/Texas/24-008749-003/2024(H5N1)	1887	932
PA|PP755594.1|A/cattle/Texas/24-008749-003/2024(H5N1)	1888	918
PA|PP755594.1|A/cattle/Texas/24-008749-003/2024(H5N1)	1889	899
PA|PP755594.1|A/cattle/Texas/24-008749-003/2024(H5N1)	1890	895
PA|PP755594.1|A/cattle/Texas/24-008749-003/2024(H5N1)	1891	892
PA|PP755594.1|A/cattle/Texas/24-008749-003/2024(H5N1)	1892	901
PA|PP755594.1|A/cattle/Texas/24-008749-003/2024(H5N1)	1893	894
PA|PP755594.1|A/cattle/Texas/24-008749-003/2024(H5N1)	1894	883
PA|PP755594.1|A/cattle/Texas/24-008749-003/2024(H5N1)	1895	877
PA|PP755594.1|A/cattle/Texas/24-008749-003/2024(H5N1)	1896	877
PA|PP755594.1|A/cattle/Texas/24-008749-003/2024(H5N1)	1897	881
PA|PP755594.1|A/cattle/Texas/24-008749-003/2024(H5N1)	1898	879
PA|PP755594.1|A/cattle/Texas/24-008749-003/2024(H5N1)	1899	869
PA|PP755594.1|A/cattle/Texas/24-008749-003/2024(H5N1)	1900	867
PA|PP755594.1|A/cattle/Texas/24-008749-003/2024(H5N1)	1901	856
PA|PP755594.1|A/cattle/Texas/24-008749-003/2024(H5N1)	1902	831
PA|PP755594.1|A/cattle/Texas/24-008749-003/2024(H5N1)	1903	848
PA|PP755594.1|A/cattle/Texas/24-008749-003/2024(H5N1)	1904	832
PA|PP755594.1|A/cattle/Texas/24-008749-003/2024(H5N1)	1905	831
PA|PP755594.1|A/cattle/Texas/24-008749-003/2024(H5N1)	1906	839
PA|PP755594.1|A/cattle/Texas/24-008749-003/2024(H5N1)	1907	813
PA|PP755594.1|A/cattle/Texas/24-008749-003/2024(H5N1)	1908	831
PA|PP755594.1|A/cattle/Texas/24-008749-003/2024(H5N1)	1909	830
PA|PP755594.1|A/cattle/Texas/24-008749-003/2024(H5N1)	1910	828
PA|PP755594.1|A/cattle/Texas/24-008749-003/2024(H5N1)	1911	828
PA|PP755594.1|A/cattle/Texas/24-008749-003/2024(H5N1)	1912	826
PA|PP755594.1|A/cattle/Texas/24-008749-003/2024(H5N1)	1913	834
PA|PP755594.1|A/cattle/Texas/24-008749-003/2024(H5N1)	1914	855
PA|PP755594.1|A/cattle/Texas/24-008749-003/2024(H5N1)	1915	855
PA|PP755594.1|A/cattle/Texas/24-008749-003/2024(H5N1)	1916	872
PA|PP755594.1|A/cattle/Texas/24-008749-003/2024(H5N1)	1917	884
PA|PP755594.1|A/cattle/Texas/24-008749-003/2024(H5N1)	1918	880
PA|PP755594.1|A/cattle/Texas/24-008749-003/2024(H5N1)	1919	879
PA|PP755594.1|A/cattle/Texas/24-008749-003/2024(H5N1)	1920	880
PA|PP755594.1|A/cattle/Texas/24-008749-003/2024(H5N1)	1921	884
PA|PP755594.1|A/cattle/Texas/24-008749-003/2024(H5N1)	1922	874
PA|PP755594.1|A/cattle/Texas/24-008749-003/2024(H5N1)	1923	877
PA|PP755594.1|A/cattle/Texas/24-008749-003/2024(H5N1)	1924	872
PA|PP755594.1|A/cattle/Texas/24-008749-003/2024(H5N1)	1925	928
PA|PP755594.1|A/cattle/Texas/24-008749-003/2024(H5N1)	1926	973
PA|PP755594.1|A/cattle/Texas/24-008749-003/2024(H5N1)	1927	971
PA|PP755594.1|A/cattle/Texas/24-008749-003/2024(H5N1)	1928	974
PA|PP755594.1|A/cattle/Texas/24-008749-003/2024(H5N1)	1929	977
PA|PP755594.1|A/cattle/Texas/24-008749-003/2024(H5N1)	1930	970
PA|PP755594.1|A/cattle/Texas/24-008749-003/2024(H5N1)	1931	962
PA|PP755594.1|A/cattle/Texas/24-008749-003/2024(H5N1)	1932	956
PA|PP755594.1|A/cattle/Texas/24-008749-003/2024(H5N1)	1933	972
PA|PP755594.1|A/cattle/Texas/24-008749-003/2024(H5N1)	1934	989
PA|PP755594.1|A/cattle/Texas/24-008749-003/2024(H5N1)	1935	994
PA|PP755594.1|A/cattle/Texas/24-008749-003/2024(H5N1)	1936	994
PA|PP755594.1|A/cattle/Texas/24-008749-003/2024(H5N1)	1937	981
PA|PP755594.1|A/cattle/Texas/24-008749-003/2024(H5N1)	1938	959
PA|PP755594.1|A/cattle/Texas/24-008749-003/2024(H5N1)	1939	955
PA|PP755594.1|A/cattle/Texas/24-008749-003/2024(H5N1)	1940	955
PA|PP755594.1|A/cattle/Texas/24-008749-003/2024(H5N1)	1941	953
PA|PP755594.1|A/cattle/Texas/24-008749-003/2024(H5N1)	1942	928
PA|PP755594.1|A/cattle/Texas/24-008749-003/2024(H5N1)	1943	956
PA|PP755594.1|A/cattle/Texas/24-008749-003/2024(H5N1)	1944	967
PA|PP755594.1|A/cattle/Texas/24-008749-003/2024(H5N1)	1945	965
PA|PP755594.1|A/cattle/Texas/24-008749-003/2024(H5N1)	1946	964
PA|PP755594.1|A/cattle/Texas/24-008749-003/2024(H5N1)	1947	972
PA|PP755594.1|A/cattle/Texas/24-008749-003/2024(H5N1)	1948	994
PA|PP755594.1|A/cattle/Texas/24-008749-003/2024(H5N1)	1949	1008
PA|PP755594.1|A/cattle/Texas/24-008749-003/2024(H5N1)	1950	1007
PA|PP755594.1|A/cattle/Texas/24-008749-003/2024(H5N1)	1951	1006
PA|PP755594.1|A/cattle/Texas/24-008749-003/2024(H5N1)	1952	973
PA|PP755594.1|A/cattle/Texas/24-008749-003/2024(H5N1)	1953	975
PA|PP755594.1|A/cattle/Texas/24-008749-003/2024(H5N1)	1954	983
PA|PP755594.1|A/cattle/Texas/24-008749-003/2024(H5N1)	1955	968
PA|PP755594.1|A/cattle/Texas/24-008749-003/2024(H5N1)	1956	955
PA|PP755594.1|A/cattle/Texas/24-008749-003/2024(H5N1)	1957	967
PA|PP755594.1|A/cattle/Texas/24-008749-003/2024(H5N1)	1958	960
PA|PP755594.1|A/cattle/Texas/24-008749-003/2024(H5N1)	1959	958
PA|PP755594.1|A/cattle/Texas/24-008749-003/2024(H5N1)	1960	940
PA|PP755594.1|A/cattle/Texas/24-008749-003/2024(H5N1)	1961	954
PA|PP755594.1|A/cattle/Texas/24-008749-003/2024(H5N1)	1962	952
PA|PP755594.1|A/cattle/Texas/24-008749-003/2024(H5N1)	1963	948
PA|PP755594.1|A/cattle/Texas/24-008749-003/2024(H5N1)	1964	950
PA|PP755594.1|A/cattle/Texas/24-008749-003/2024(H5N1)	1965	930
PA|PP755594.1|A/cattle/Texas/24-008749-003/2024(H5N1)	1966	915
PA|PP755594.1|A/cattle/Texas/24-008749-003/2024(H5N1)	1967	919
PA|PP755594.1|A/cattle/Texas/24-008749-003/2024(H5N1)	1968	919
PA|PP755594.1|A/cattle/Texas/24-008749-003/2024(H5N1)	1969	919
PA|PP755594.1|A/cattle/Texas/24-008749-003/2024(H5N1)	1970	923
PA|PP755594.1|A/cattle/Texas/24-008749-003/2024(H5N1)	1971	919
PA|PP755594.1|A/cattle/Texas/24-008749-003/2024(H5N1)	1972	916
PA|PP755594.1|A/cattle/Texas/24-008749-003/2024(H5N1)	1973	913
PA|PP755594.1|A/cattle/Texas/24-008749-003/2024(H5N1)	1974	916
PA|PP755594.1|A/cattle/Texas/24-008749-003/2024(H5N1)	1975	913
PA|PP755594.1|A/cattle/Texas/24-008749-003/2024(H5N1)	1976	909
PA|PP755594.1|A/cattle/Texas/24-008749-003/2024(H5N1)	1977	906
PA|PP755594.1|A/cattle/Texas/24-008749-003/2024(H5N1)	1978	905
PA|PP755594.1|A/cattle/Texas/24-008749-003/2024(H5N1)	1979	919
PA|PP755594.1|A/cattle/Texas/24-008749-003/2024(H5N1)	1980	904
PA|PP755594.1|A/cattle/Texas/24-008749-003/2024(H5N1)	1981	905
PA|PP755594.1|A/cattle/Texas/24-008749-003/2024(H5N1)	1982	909
PA|PP755594.1|A/cattle/Texas/24-008749-003/2024(H5N1)	1983	909
PA|PP755594.1|A/cattle/Texas/24-008749-003/2024(H5N1)	1984	912
PA|PP755594.1|A/cattle/Texas/24-008749-003/2024(H5N1)	1985	929
PA|PP755594.1|A/cattle/Texas/24-008749-003/2024(H5N1)	1986	938
PA|PP755594.1|A/cattle/Texas/24-008749-003/2024(H5N1)	1987	937
PA|PP755594.1|A/cattle/Texas/24-008749-003/2024(H5N1)	1988	939
PA|PP755594.1|A/cattle/Texas/24-008749-003/2024(H5N1)	1989	953
PA|PP755594.1|A/cattle/Texas/24-008749-003/2024(H5N1)	1990	950
PA|PP755594.1|A/cattle/Texas/24-008749-003/2024(H5N1)	1991	956
PA|PP755594.1|A/cattle/Texas/24-008749-003/2024(H5N1)	1992	956
PA|PP755594.1|A/cattle/Texas/24-008749-003/2024(H5N1)	1993	992
PA|PP755594.1|A/cattle/Texas/24-008749-003/2024(H5N1)	1994	996
PA|PP755594.1|A/cattle/Texas/24-008749-003/2024(H5N1)	1995	988
PA|PP755594.1|A/cattle/Texas/24-008749-003/2024(H5N1)	1996	987
PA|PP755594.1|A/cattle/Texas/24-008749-003/2024(H5N1)	1997	981
PA|PP755594.1|A/cattle/Texas/24-008749-003/2024(H5N1)	1998	983
PA|PP755594.1|A/cattle/Texas/24-008749-003/2024(H5N1)	1999	994
PA|PP755594.1|A/cattle/Texas/24-008749-003/2024(H5N1)	2000	995
PA|PP755594.1|A/cattle/Texas/24-008749-003/2024(H5N1)	2001	1019
PA|PP755594.1|A/cattle/Texas/24-008749-003/2024(H5N1)	2002	1026
PA|PP755594.1|A/cattle/Texas/24-008749-003/2024(H5N1)	2003	1033
PA|PP755594.1|A/cattle/Texas/24-008749-003/2024(H5N1)	2004	1039
PA|PP755594.1|A/cattle/Texas/24-008749-003/2024(H5N1)	2005	1051
PA|PP755594.1|A/cattle/Texas/24-008749-003/2024(H5N1)	2006	1055
PA|PP755594.1|A/cattle/Texas/24-008749-003/2024(H5N1)	2007	1056
PA|PP755594.1|A/cattle/Texas/24-008749-003/2024(H5N1)	2008	1053
PA|PP755594.1|A/cattle/Texas/24-008749-003/2024(H5N1)	2009	1035
PA|PP755594.1|A/cattle/Texas/24-008749-003/2024(H5N1)	2010	1033
PA|PP755594.1|A/cattle/Texas/24-008749-003/2024(H5N1)	2011	1050
PA|PP755594.1|A/cattle/Texas/24-008749-003/2024(H5N1)	2012	1045
PA|PP755594.1|A/cattle/Texas/24-008749-003/2024(H5N1)	2013	1048
PA|PP755594.1|A/cattle/Texas/24-008749-003/2024(H5N1)	2014	1051
PA|PP755594.1|A/cattle/Texas/24-008749-003/2024(H5N1)	2015	1036
PA|PP755594.1|A/cattle/Texas/24-008749-003/2024(H5N1)	2016	1040
PA|PP755594.1|A/cattle/Texas/24-008749-003/2024(H5N1)	2017	1039
PA|PP755594.1|A/cattle/Texas/24-008749-003/2024(H5N1)	2018	1027
PA|PP755594.1|A/cattle/Texas/24-008749-003/2024(H5N1)	2019	1047
PA|PP755594.1|A/cattle/Texas/24-008749-003/2024(H5N1)	2020	1048
PA|PP755594.1|A/cattle/Texas/24-008749-003/2024(H5N1)	2021	1041
PA|PP755594.1|A/cattle/Texas/24-008749-003/2024(H5N1)	2022	1020
PA|PP755594.1|A/cattle/Texas/24-008749-003/2024(H5N1)	2023	1025
PA|PP755594.1|A/cattle/Texas/24-008749-003/2024(H5N1)	2024	1025
PA|PP755594.1|A/cattle/Texas/24-008749-003/2024(H5N1)	2025	1030
PA|PP755594.1|A/cattle/Texas/24-008749-003/2024(H5N1)	2026	1025
PA|PP755594.1|A/cattle/Texas/24-008749-003/2024(H5N1)	2027	1014
PA|PP755594.1|A/cattle/Texas/24-008749-003/2024(H5N1)	2028	1011
PA|PP755594.1|A/cattle/Texas/24-008749-003/2024(H5N1)	2029	1027
PA|PP755594.1|A/cattle/Texas/24-008749-003/2024(H5N1)	2030	1026
PA|PP755594.1|A/cattle/Texas/24-008749-003/2024(H5N1)	2031	1010
PA|PP755594.1|A/cattle/Texas/24-008749-003/2024(H5N1)	2032	1057
PA|PP755594.1|A/cattle/Texas/24-008749-003/2024(H5N1)	2033	1024
PA|PP755594.1|A/cattle/Texas/24-008749-003/2024(H5N1)	2034	1053
PA|PP755594.1|A/cattle/Texas/24-008749-003/2024(H5N1)	2035	1055
PA|PP755594.1|A/cattle/Texas/24-008749-003/2024(H5N1)	2036	1056
PA|PP755594.1|A/cattle/Texas/24-008749-003/2024(H5N1)	2037	1065
PA|PP755594.1|A/cattle/Texas/24-008749-003/2024(H5N1)	2038	1063
PA|PP755594.1|A/cattle/Texas/24-008749-003/2024(H5N1)	2039	1064
PA|PP755594.1|A/cattle/Texas/24-008749-003/2024(H5N1)	2040	1049
PA|PP755594.1|A/cattle/Texas/24-008749-003/2024(H5N1)	2041	1043
PA|PP755594.1|A/cattle/Texas/24-008749-003/2024(H5N1)	2042	1112
PA|PP755594.1|A/cattle/Texas/24-008749-003/2024(H5N1)	2043	1106
PA|PP755594.1|A/cattle/Texas/24-008749-003/2024(H5N1)	2044	1107
PA|PP755594.1|A/cattle/Texas/24-008749-003/2024(H5N1)	2045	1065
PA|PP755594.1|A/cattle/Texas/24-008749-003/2024(H5N1)	2046	1061
PA|PP755594.1|A/cattle/Texas/24-008749-003/2024(H5N1)	2047	1067
PA|PP755594.1|A/cattle/Texas/24-008749-003/2024(H5N1)	2048	1135
PA|PP755594.1|A/cattle/Texas/24-008749-003/2024(H5N1)	2049	1144
PA|PP755594.1|A/cattle/Texas/24-008749-003/2024(H5N1)	2050	1143
PA|PP755594.1|A/cattle/Texas/24-008749-003/2024(H5N1)	2051	1158
PA|PP755594.1|A/cattle/Texas/24-008749-003/2024(H5N1)	2052	1168
PA|PP755594.1|A/cattle/Texas/24-008749-003/2024(H5N1)	2053	1176
PA|PP755594.1|A/cattle/Texas/24-008749-003/2024(H5N1)	2054	1158
PA|PP755594.1|A/cattle/Texas/24-008749-003/2024(H5N1)	2055	1172
PA|PP755594.1|A/cattle/Texas/24-008749-003/2024(H5N1)	2056	1165
PA|PP755594.1|A/cattle/Texas/24-008749-003/2024(H5N1)	2057	1199
PA|PP755594.1|A/cattle/Texas/24-008749-003/2024(H5N1)	2058	1383
PA|PP755594.1|A/cattle/Texas/24-008749-003/2024(H5N1)	2059	1373
PA|PP755594.1|A/cattle/Texas/24-008749-003/2024(H5N1)	2060	1390
PA|PP755594.1|A/cattle/Texas/24-008749-003/2024(H5N1)	2061	1441
PA|PP755594.1|A/cattle/Texas/24-008749-003/2024(H5N1)	2062	1472
PA|PP755594.1|A/cattle/Texas/24-008749-003/2024(H5N1)	2063	1503
PA|PP755594.1|A/cattle/Texas/24-008749-003/2024(H5N1)	2064	1486
PA|PP755594.1|A/cattle/Texas/24-008749-003/2024(H5N1)	2065	1486
PA|PP755594.1|A/cattle/Texas/24-008749-003/2024(H5N1)	2066	1490
PA|PP755594.1|A/cattle/Texas/24-008749-003/2024(H5N1)	2067	1456
PA|PP755594.1|A/cattle/Texas/24-008749-003/2024(H5N1)	2068	1476
PA|PP755594.1|A/cattle/Texas/24-008749-003/2024(H5N1)	2069	1476
PA|PP755594.1|A/cattle/Texas/24-008749-003/2024(H5N1)	2070	1476
PA|PP755594.1|A/cattle/Texas/24-008749-003/2024(H5N1)	2071	1474
PA|PP755594.1|A/cattle/Texas/24-008749-003/2024(H5N1)	2072	1467
PA|PP755594.1|A/cattle/Texas/24-008749-003/2024(H5N1)	2073	1467
PA|PP755594.1|A/cattle/Texas/24-008749-003/2024(H5N1)	2074	1463
PA|PP755594.1|A/cattle/Texas/24-008749-003/2024(H5N1)	2075	1427
PA|PP755594.1|A/cattle/Texas/24-008749-003/2024(H5N1)	2076	1437
PA|PP755594.1|A/cattle/Texas/24-008749-003/2024(H5N1)	2077	1388
PA|PP755594.1|A/cattle/Texas/24-008749-003/2024(H5N1)	2078	1388
PA|PP755594.1|A/cattle/Texas/24-008749-003/2024(H5N1)	2079	1382
PA|PP755594.1|A/cattle/Texas/24-008749-003/2024(H5N1)	2080	1378
PA|PP755594.1|A/cattle/Texas/24-008749-003/2024(H5N1)	2081	1376
PA|PP755594.1|A/cattle/Texas/24-008749-003/2024(H5N1)	2082	1384
PA|PP755594.1|A/cattle/Texas/24-008749-003/2024(H5N1)	2083	1384
PA|PP755594.1|A/cattle/Texas/24-008749-003/2024(H5N1)	2084	1370
PA|PP755594.1|A/cattle/Texas/24-008749-003/2024(H5N1)	2085	1346
PA|PP755594.1|A/cattle/Texas/24-008749-003/2024(H5N1)	2086	1335
PA|PP755594.1|A/cattle/Texas/24-008749-003/2024(H5N1)	2087	1335
PA|PP755594.1|A/cattle/Texas/24-008749-003/2024(H5N1)	2088	1334
PA|PP755594.1|A/cattle/Texas/24-008749-003/2024(H5N1)	2089	1334
PA|PP755594.1|A/cattle/Texas/24-008749-003/2024(H5N1)	2090	1337
PA|PP755594.1|A/cattle/Texas/24-008749-003/2024(H5N1)	2091	1314
PA|PP755594.1|A/cattle/Texas/24-008749-003/2024(H5N1)	2092	1312
PA|PP755594.1|A/cattle/Texas/24-008749-003/2024(H5N1)	2093	1284
PA|PP755594.1|A/cattle/Texas/24-008749-003/2024(H5N1)	2094	1275
PA|PP755594.1|A/cattle/Texas/24-008749-003/2024(H5N1)	2095	1275
PA|PP755594.1|A/cattle/Texas/24-008749-003/2024(H5N1)	2096	1277
PA|PP755594.1|A/cattle/Texas/24-008749-003/2024(H5N1)	2097	1276
PA|PP755594.1|A/cattle/Texas/24-008749-003/2024(H5N1)	2098	1262
PA|PP755594.1|A/cattle/Texas/24-008749-003/2024(H5N1)	2099	1252
PA|PP755594.1|A/cattle/Texas/24-008749-003/2024(H5N1)	2100	1230
PA|PP755594.1|A/cattle/Texas/24-008749-003/2024(H5N1)	2101	1230
PA|PP755594.1|A/cattle/Texas/24-008749-003/2024(H5N1)	2102	1224
PA|PP755594.1|A/cattle/Texas/24-008749-003/2024(H5N1)	2103	1230
PA|PP755594.1|A/cattle/Texas/24-008749-003/2024(H5N1)	2104	1225
PA|PP755594.1|A/cattle/Texas/24-008749-003/2024(H5N1)	2105	1210
PA|PP755594.1|A/cattle/Texas/24-008749-003/2024(H5N1)	2106	1210
PA|PP755594.1|A/cattle/Texas/24-008749-003/2024(H5N1)	2107	1198
PA|PP755594.1|A/cattle/Texas/24-008749-003/2024(H5N1)	2108	1187
PA|PP755594.1|A/cattle/Texas/24-008749-003/2024(H5N1)	2109	1186
PA|PP755594.1|A/cattle/Texas/24-008749-003/2024(H5N1)	2110	1186
PA|PP755594.1|A/cattle/Texas/24-008749-003/2024(H5N1)	2111	1182
PA|PP755594.1|A/cattle/Texas/24-008749-003/2024(H5N1)	2112	1146
PA|PP755594.1|A/cattle/Texas/24-008749-003/2024(H5N1)	2113	1143
PA|PP755594.1|A/cattle/Texas/24-008749-003/2024(H5N1)	2114	1130
PA|PP755594.1|A/cattle/Texas/24-008749-003/2024(H5N1)	2115	1129
PA|PP755594.1|A/cattle/Texas/24-008749-003/2024(H5N1)	2116	1128
PA|PP755594.1|A/cattle/Texas/24-008749-003/2024(H5N1)	2117	1116
PA|PP755594.1|A/cattle/Texas/24-008749-003/2024(H5N1)	2118	1111
PA|PP755594.1|A/cattle/Texas/24-008749-003/2024(H5N1)	2119	1106
PA|PP755594.1|A/cattle/Texas/24-008749-003/2024(H5N1)	2120	1096
PA|PP755594.1|A/cattle/Texas/24-008749-003/2024(H5N1)	2121	1083
PA|PP755594.1|A/cattle/Texas/24-008749-003/2024(H5N1)	2122	1077
PA|PP755594.1|A/cattle/Texas/24-008749-003/2024(H5N1)	2123	1074
PA|PP755594.1|A/cattle/Texas/24-008749-003/2024(H5N1)	2124	1071
PA|PP755594.1|A/cattle/Texas/24-008749-003/2024(H5N1)	2125	1067
PA|PP755594.1|A/cattle/Texas/24-008749-003/2024(H5N1)	2126	1064
PA|PP755594.1|A/cattle/Texas/24-008749-003/2024(H5N1)	2127	1041
PA|PP755594.1|A/cattle/Texas/24-008749-003/2024(H5N1)	2128	1040
PA|PP755594.1|A/cattle/Texas/24-008749-003/2024(H5N1)	2129	1039
PA|PP755594.1|A/cattle/Texas/24-008749-003/2024(H5N1)	2130	1039
PA|PP755594.1|A/cattle/Texas/24-008749-003/2024(H5N1)	2131	1034
PA|PP755594.1|A/cattle/Texas/24-008749-003/2024(H5N1)	2132	1027
PA|PP755594.1|A/cattle/Texas/24-008749-003/2024(H5N1)	2133	1022
PA|PP755594.1|A/cattle/Texas/24-008749-003/2024(H5N1)	2134	1021
PA|PP755594.1|A/cattle/Texas/24-008749-003/2024(H5N1)	2135	1018
PA|PP755594.1|A/cattle/Texas/24-008749-003/2024(H5N1)	2136	1015
PA|PP755594.1|A/cattle/Texas/24-008749-003/2024(H5N1)	2137	1010
PA|PP755594.1|A/cattle/Texas/24-008749-003/2024(H5N1)	2138	1001
PA|PP755594.1|A/cattle/Texas/24-008749-003/2024(H5N1)	2139	984
PA|PP755594.1|A/cattle/Texas/24-008749-003/2024(H5N1)	2140	984
PA|PP755594.1|A/cattle/Texas/24-008749-003/2024(H5N1)	2141	981
PA|PP755594.1|A/cattle/Texas/24-008749-003/2024(H5N1)	2142	977
PA|PP755594.1|A/cattle/Texas/24-008749-003/2024(H5N1)	2143	977
PA|PP755594.1|A/cattle/Texas/24-008749-003/2024(H5N1)	2144	925
PA|PP755594.1|A/cattle/Texas/24-008749-003/2024(H5N1)	2145	925
PA|PP755594.1|A/cattle/Texas/24-008749-003/2024(H5N1)	2146	921
PA|PP755594.1|A/cattle/Texas/24-008749-003/2024(H5N1)	2147	921
PA|PP755594.1|A/cattle/Texas/24-008749-003/2024(H5N1)	2148	920
PA|PP755594.1|A/cattle/Texas/24-008749-003/2024(H5N1)	2149	917
PA|PP755594.1|A/cattle/Texas/24-008749-003/2024(H5N1)	2150	896
PA|PP755594.1|A/cattle/Texas/24-008749-003/2024(H5N1)	2151	891
