NA|PP755591.1|A/cattle/Texas/24-008749-003/2024(H5N1)	1	850
NA|PP755591.1|A/cattle/Texas/24-008749-003/2024(H5N1)	2	850
NA|PP755591.1|A/cattle/Texas/24-008749-003/2024(H5N1)	3	850
NA|PP755591.1|A/cattle/Texas/24-008749-003/2024(H5N1)	4	851
NA|PP755591.1|A/cattle/Texas/24-008749-003/2024(H5N1)	5	867
NA|PP755591.1|A/cattle/Texas/24-008749-003/2024(H5N1)	6	868
NA|PP755591.1|A/cattle/Texas/24-008749-003/2024(H5N1)	7	869
NA|PP755591.1|A/cattle/Texas/24-008749-003/2024(H5N1)	8	869
NA|PP755591.1|A/cattle/Texas/24-008749-003/2024(H5N1)	9	869
NA|PP755591.1|A/cattle/Texas/24-008749-003/2024(H5N1)	10	883
NA|PP755591.1|A/cattle/Texas/24-008749-003/2024(H5N1)	11	886
NA|PP755591.1|A/cattle/Texas/24-008749-003/2024(H5N1)	12	887
NA|PP755591.1|A/cattle/Texas/24-008749-003/2024(H5N1)	13	888
NA|PP755591.1|A/cattle/Texas/24-008749-003/2024(H5N1)	14	892
NA|PP755591.1|A/cattle/Texas/24-008749-003/2024(H5N1)	15	909
NA|PP755591.1|A/cattle/Texas/24-008749-003/2024(H5N1)	16	914
NA|PP755591.1|A/cattle/Texas/24-008749-003/2024(H5N1)	17	920
NA|PP755591.1|A/cattle/Texas/24-008749-003/2024(H5N1)	18	986
NA|PP755591.1|A/cattle/Texas/24-008749-003/2024(H5N1)	19	1004
NA|PP755591.1|A/cattle/Texas/24-008749-003/2024(H5N1)	20	1007
NA|PP755591.1|A/cattle/Texas/24-008749-003/2024(H5N1)	21	1013
NA|PP755591.1|A/cattle/Texas/24-008749-003/2024(H5N1)	22	1018
NA|PP755591.1|A/cattle/Texas/24-008749-003/2024(H5N1)	23	1036
NA|PP755591.1|A/cattle/Texas/24-008749-003/2024(H5N1)	24	1040
NA|PP755591.1|A/cattle/Texas/24-008749-003/2024(H5N1)	25	1048
NA|PP755591.1|A/cattle/Texas/24-008749-003/2024(H5N1)	26	1160
NA|PP755591.1|A/cattle/Texas/24-008749-003/2024(H5N1)	27	1164
NA|PP755591.1|A/cattle/Texas/24-008749-003/2024(H5N1)	28	1164
NA|PP755591.1|A/cattle/Texas/24-008749-003/2024(H5N1)	29	1183
NA|PP755591.1|A/cattle/Texas/24-008749-003/2024(H5N1)	30	1187
NA|PP755591.1|A/cattle/Texas/24-008749-003/2024(H5N1)	31	1262
NA|PP755591.1|A/cattle/Texas/24-008749-003/2024(H5N1)	32	1264
NA|PP755591.1|A/cattle/Texas/24-008749-003/2024(H5N1)	33	1267
NA|PP755591.1|A/cattle/Texas/24-008749-003/2024(H5N1)	34	1277
NA|PP755591.1|A/cattle/Texas/24-008749-003/2024(H5N1)	35	1281
NA|PP755591.1|A/cattle/Texas/24-008749-003/2024(H5N1)	36	1316
NA|PP755591.1|A/cattle/Texas/24-008749-003/2024(H5N1)	37	1331
NA|PP755591.1|A/cattle/Texas/24-008749-003/2024(H5N1)	38	1350
NA|PP755591.1|A/cattle/Texas/24-008749-003/2024(H5N1)	39	1398
NA|PP755591.1|A/cattle/Texas/24-008749-003/2024(H5N1)	40	1413
NA|PP755591.1|A/cattle/Texas/24-008749-003/2024(H5N1)	41	1570
NA|PP755591.1|A/cattle/Texas/24-008749-003/2024(H5N1)	42	1570
NA|PP755591.1|A/cattle/Texas/24-008749-003/2024(H5N1)	43	1572
NA|PP755591.1|A/cattle/Texas/24-008749-003/2024(H5N1)	44	1577
NA|PP755591.1|A/cattle/Texas/24-008749-003/2024(H5N1)	45	1583
NA|PP755591.1|A/cattle/Texas/24-008749-003/2024(H5N1)	46	1644
NA|PP755591.1|A/cattle/Texas/24-008749-003/2024(H5N1)	47	1659
NA|PP755591.1|A/cattle/Texas/24-008749-003/2024(H5N1)	48	1676
NA|PP755591.1|A/cattle/Texas/24-008749-003/2024(H5N1)	49	1676
NA|PP755591.1|A/cattle/Texas/24-008749-003/2024(H5N1)	50	1685
NA|PP755591.1|A/cattle/Texas/24-008749-003/2024(H5N1)	51	1691
NA|PP755591.1|A/cattle/Texas/24-008749-003/2024(H5N1)	52	1761
NA|PP755591.1|A/cattle/Texas/24-008749-003/2024(H5N1)	53	1768
NA|PP755591.1|A/cattle/Texas/24-008749-003/2024(H5N1)	54	1768
NA|PP755591.1|A/cattle/Texas/24-008749-003/2024(H5N1)	55	1787
NA|PP755591.1|A/cattle/Texas/24-008749-003/2024(H5N1)	56	1798
NA|PP755591.1|A/cattle/Texas/24-008749-003/2024(H5N1)	57	1846
NA|PP755591.1|A/cattle/Texas/24-008749-003/2024(H5N1)	58	1855
NA|PP755591.1|A/cattle/Texas/24-008749-003/2024(H5N1)	59	1859
NA|PP755591.1|A/cattle/Texas/24-008749-003/2024(H5N1)	60	1865
NA|PP755591.1|A/cattle/Texas/24-008749-003/2024(H5N1)	61	1866
NA|PP755591.1|A/cattle/Texas/24-008749-003/2024(H5N1)	62	1938
NA|PP755591.1|A/cattle/Texas/24-008749-003/2024(H5N1)	63	1984
NA|PP755591.1|A/cattle/Texas/24-008749-003/2024(H5N1)	64	1982
NA|PP755591.1|A/cattle/Texas/24-008749-003/2024(H5N1)	65	1983
NA|PP755591.1|A/cattle/Texas/24-008749-003/2024(H5N1)	66	1983
NA|PP755591.1|A/cattle/Texas/24-008749-003/2024(H5N1)	67	1989
NA|PP755591.1|A/cattle/Texas/24-008749-003/2024(H5N1)	68	1989
NA|PP755591.1|A/cattle/Texas/24-008749-003/2024(H5N1)	69	1992
NA|PP755591.1|A/cattle/Texas/24-008749-003/2024(H5N1)	70	1999
NA|PP755591.1|A/cattle/Texas/24-008749-003/2024(H5N1)	71	1994
NA|PP755591.1|A/cattle/Texas/24-008749-003/2024(H5N1)	72	1998
NA|PP755591.1|A/cattle/Texas/24-008749-003/2024(H5N1)	73	2000
NA|PP755591.1|A/cattle/Texas/24-008749-003/2024(H5N1)	74	2003
NA|PP755591.1|A/cattle/Texas/24-008749-003/2024(H5N1)	75	2003
NA|PP755591.1|A/cattle/Texas/24-008749-003/2024(H5N1)	76	2005
NA|PP755591.1|A/cattle/Texas/24-008749-003/2024(H5N1)	77	2015
NA|PP755591.1|A/cattle/Texas/24-008749-003/2024(H5N1)	78	2016
NA|PP755591.1|A/cattle/Texas/24-008749-003/2024(H5N1)	79	2017
NA|PP755591.1|A/cattle/Texas/24-008749-003/2024(H5N1)	80	2019
NA|PP755591.1|A/cattle/Texas/24-008749-003/2024(H5N1)	81	2024
NA|PP755591.1|A/cattle/Texas/24-008749-003/2024(H5N1)	82	2025
NA|PP755591.1|A/cattle/Texas/24-008749-003/2024(H5N1)	83	2027
NA|PP755591.1|A/cattle/Texas/24-008749-003/2024(H5N1)	84	2056
NA|PP755591.1|A/cattle/Texas/24-008749-003/2024(H5N1)	85	2054
NA|PP755591.1|A/cattle/Texas/24-008749-003/2024(H5N1)	86	2057
NA|PP755591.1|A/cattle/Texas/24-008749-003/2024(H5N1)	87	2064
NA|PP755591.1|A/cattle/Texas/24-008749-003/2024(H5N1)	88	2075
NA|PP755591.1|A/cattle/Texas/24-008749-003/2024(H5N1)	89	2100
NA|PP755591.1|A/cattle/Texas/24-008749-003/2024(H5N1)	90	2100
NA|PP755591.1|A/cattle/Texas/24-008749-003/2024(H5N1)	91	2100
NA|PP755591.1|A/cattle/Texas/24-008749-003/2024(H5N1)	92	2246
NA|PP755591.1|A/cattle/Texas/24-008749-003/2024(H5N1)	93	2246
NA|PP755591.1|A/cattle/Texas/24-008749-003/2024(H5N1)	94	2284
NA|PP755591.1|A/cattle/Texas/24-008749-003/2024(H5N1)	95	2284
NA|PP755591.1|A/cattle/Texas/24-008749-003/2024(H5N1)	96	2290
NA|PP755591.1|A/cattle/Texas/24-008749-003/2024(H5N1)	97	2291
NA|PP755591.1|A/cattle/Texas/24-008749-003/2024(H5N1)	98	2352
NA|PP755591.1|A/cattle/Texas/24-008749-003/2024(H5N1)	99	2356
NA|PP755591.1|A/cattle/Texas/24-008749-003/2024(H5N1)	100	2358
NA|PP755591.1|A/cattle/Texas/24-008749-003/2024(H5N1)	101	2344
NA|PP755591.1|A/cattle/Texas/24-008749-003/2024(H5N1)	102	2348
NA|PP755591.1|A/cattle/Texas/24-008749-003/2024(H5N1)	103	2345
NA|PP755591.1|A/cattle/Texas/24-008749-003/2024(H5N1)	104	2349
NA|PP755591.1|A/cattle/Texas/24-008749-003/2024(H5N1)	105	2361
NA|PP755591.1|A/cattle/Texas/24-008749-003/2024(H5N1)	106	2362
NA|PP755591.1|A/cattle/Texas/24-008749-003/2024(H5N1)	107	2365
NA|PP755591.1|A/cattle/Texas/24-008749-003/2024(H5N1)	108	2369
NA|PP755591.1|A/cattle/Texas/24-008749-003/2024(H5N1)	109	2381
NA|PP755591.1|A/cattle/Texas/24-008749-003/2024(H5N1)	110	2381
NA|PP755591.1|A/cattle/Texas/24-008749-003/2024(H5N1)	111	2392
NA|PP755591.1|A/cattle/Texas/24-008749-003/2024(H5N1)	112	2410
NA|PP755591.1|A/cattle/Texas/24-008749-003/2024(H5N1)	113	2410
NA|PP755591.1|A/cattle/Texas/24-008749-003/2024(H5N1)	114	2411
NA|PP755591.1|A/cattle/Texas/24-008749-003/2024(H5N1)	115	2411
NA|PP755591.1|A/cattle/Texas/24-008749-003/2024(H5N1)	116	2415
NA|PP755591.1|A/cattle/Texas/24-008749-003/2024(H5N1)	117	2415
NA|PP755591.1|A/cattle/Texas/24-008749-003/2024(H5N1)	118	2415
NA|PP755591.1|A/cattle/Texas/24-008749-003/2024(H5N1)	119	2425
NA|PP755591.1|A/cattle/Texas/24-008749-003/2024(H5N1)	120	2425
NA|PP755591.1|A/cattle/Texas/24-008749-003/2024(H5N1)	121	2427
NA|PP755591.1|A/cattle/Texas/24-008749-003/2024(H5N1)	122	2476
NA|PP755591.1|A/cattle/Texas/24-008749-003/2024(H5N1)	123	2483
NA|PP755591.1|A/cattle/Texas/24-008749-003/2024(H5N1)	124	2495
NA|PP755591.1|A/cattle/Texas/24-008749-003/2024(H5N1)	125	2559
NA|PP755591.1|A/cattle/Texas/24-008749-003/2024(H5N1)	126	2561
NA|PP755591.1|A/cattle/Texas/24-008749-003/2024(H5N1)	127	2569
NA|PP755591.1|A/cattle/Texas/24-008749-003/2024(H5N1)	128	2581
NA|PP755591.1|A/cattle/Texas/24-008749-003/2024(H5N1)	129	2632
NA|PP755591.1|A/cattle/Texas/24-008749-003/2024(H5N1)	130	2627
NA|PP755591.1|A/cattle/Texas/24-008749-003/2024(H5N1)	131	2308
NA|PP755591.1|A/cattle/Texas/24-008749-003/2024(H5N1)	132	2130
NA|PP755591.1|A/cattle/Texas/24-008749-003/2024(H5N1)	133	2116
NA|PP755591.1|A/cattle/Texas/24-008749-003/2024(H5N1)	134	2474
NA|PP755591.1|A/cattle/Texas/24-008749-003/2024(H5N1)	135	2503
NA|PP755591.1|A/cattle/Texas/24-008749-003/2024(H5N1)	136	2519
NA|PP755591.1|A/cattle/Texas/24-008749-003/2024(H5N1)	137	2505
NA|PP755591.1|A/cattle/Texas/24-008749-003/2024(H5N1)	138	2623
NA|PP755591.1|A/cattle/Texas/24-008749-003/2024(H5N1)	139	2662
NA|PP755591.1|A/cattle/Texas/24-008749-003/2024(H5N1)	140	2664
NA|PP755591.1|A/cattle/Texas/24-008749-003/2024(H5N1)	141	2663
NA|PP755591.1|A/cattle/Texas/24-008749-003/2024(H5N1)	142	2656
NA|PP755591.1|A/cattle/Texas/24-008749-003/2024(H5N1)	143	2597
NA|PP755591.1|A/cattle/Texas/24-008749-003/2024(H5N1)	144	2590
NA|PP755591.1|A/cattle/Texas/24-008749-003/2024(H5N1)	145	2526
NA|PP755591.1|A/cattle/Texas/24-008749-003/2024(H5N1)	146	2524
NA|PP755591.1|A/cattle/Texas/24-008749-003/2024(H5N1)	147	2527
NA|PP755591.1|A/cattle/Texas/24-008749-003/2024(H5N1)	148	2562
NA|PP755591.1|A/cattle/Texas/24-008749-003/2024(H5N1)	149	2574
NA|PP755591.1|A/cattle/Texas/24-008749-003/2024(H5N1)	150	2669
NA|PP755591.1|A/cattle/Texas/24-008749-003/2024(H5N1)	151	2667
NA|PP755591.1|A/cattle/Texas/24-008749-003/2024(H5N1)	152	2666
NA|PP755591.1|A/cattle/Texas/24-008749-003/2024(H5N1)	153	2818
NA|PP755591.1|A/cattle/Texas/24-008749-003/2024(H5N1)	154	2820
NA|PP755591.1|A/cattle/Texas/24-008749-003/2024(H5N1)	155	2830
NA|PP755591.1|A/cattle/Texas/24-008749-003/2024(H5N1)	156	2854
NA|PP755591.1|A/cattle/Texas/24-008749-003/2024(H5N1)	157	2888
NA|PP755591.1|A/cattle/Texas/24-008749-003/2024(H5N1)	158	2941
NA|PP755591.1|A/cattle/Texas/24-008749-003/2024(H5N1)	159	2950
NA|PP755591.1|A/cattle/Texas/24-008749-003/2024(H5N1)	160	2957
NA|PP755591.1|A/cattle/Texas/24-008749-003/2024(H5N1)	161	2972
NA|PP755591.1|A/cattle/Texas/24-008749-003/2024(H5N1)	162	2972
NA|PP755591.1|A/cattle/Texas/24-008749-003/2024(H5N1)	163	2992
NA|PP755591.1|A/cattle/Texas/24-008749-003/2024(H5N1)	164	3047
NA|PP755591.1|A/cattle/Texas/24-008749-003/2024(H5N1)	165	3031
NA|PP755591.1|A/cattle/Texas/24-008749-003/2024(H5N1)	166	3028
NA|PP755591.1|A/cattle/Texas/24-008749-003/2024(H5N1)	167	3020
NA|PP755591.1|A/cattle/Texas/24-008749-003/2024(H5N1)	168	3017
NA|PP755591.1|A/cattle/Texas/24-008749-003/2024(H5N1)	169	2967
NA|PP755591.1|A/cattle/Texas/24-008749-003/2024(H5N1)	170	2953
NA|PP755591.1|A/cattle/Texas/24-008749-003/2024(H5N1)	171	3034
NA|PP755591.1|A/cattle/Texas/24-008749-003/2024(H5N1)	172	3123
NA|PP755591.1|A/cattle/Texas/24-008749-003/2024(H5N1)	173	3109
NA|PP755591.1|A/cattle/Texas/24-008749-003/2024(H5N1)	174	3106
NA|PP755591.1|A/cattle/Texas/24-008749-003/2024(H5N1)	175	3100
NA|PP755591.1|A/cattle/Texas/24-008749-003/2024(H5N1)	176	3104
NA|PP755591.1|A/cattle/Texas/24-008749-003/2024(H5N1)	177	3042
NA|PP755591.1|A/cattle/Texas/24-008749-003/2024(H5N1)	178	3061
NA|PP755591.1|A/cattle/Texas/24-008749-003/2024(H5N1)	179	3070
NA|PP755591.1|A/cattle/Texas/24-008749-003/2024(H5N1)	180	2976
NA|PP755591.1|A/cattle/Texas/24-008749-003/2024(H5N1)	181	2972
NA|PP755591.1|A/cattle/Texas/24-008749-003/2024(H5N1)	182	3018
NA|PP755591.1|A/cattle/Texas/24-008749-003/2024(H5N1)	183	3017
NA|PP755591.1|A/cattle/Texas/24-008749-003/2024(H5N1)	184	3021
NA|PP755591.1|A/cattle/Texas/24-008749-003/2024(H5N1)	185	3107
NA|PP755591.1|A/cattle/Texas/24-008749-003/2024(H5N1)	186	3097
NA|PP755591.1|A/cattle/Texas/24-008749-003/2024(H5N1)	187	3106
NA|PP755591.1|A/cattle/Texas/24-008749-003/2024(H5N1)	188	3092
NA|PP755591.1|A/cattle/Texas/24-008749-003/2024(H5N1)	189	3075
NA|PP755591.1|A/cattle/Texas/24-008749-003/2024(H5N1)	190	3029
NA|PP755591.1|A/cattle/Texas/24-008749-003/2024(H5N1)	191	2995
NA|PP755591.1|A/cattle/Texas/24-008749-003/2024(H5N1)	192	2890
NA|PP755591.1|A/cattle/Texas/24-008749-003/2024(H5N1)	193	2915
NA|PP755591.1|A/cattle/Texas/24-008749-003/2024(H5N1)	194	2925
NA|PP755591.1|A/cattle/Texas/24-008749-003/2024(H5N1)	195	2930
NA|PP755591.1|A/cattle/Texas/24-008749-003/2024(H5N1)	196	2926
NA|PP755591.1|A/cattle/Texas/24-008749-003/2024(H5N1)	197	2893
NA|PP755591.1|A/cattle/Texas/24-008749-003/2024(H5N1)	198	2900
NA|PP755591.1|A/cattle/Texas/24-008749-003/2024(H5N1)	199	2903
NA|PP755591.1|A/cattle/Texas/24-008749-003/2024(H5N1)	200	2908
NA|PP755591.1|A/cattle/Texas/24-008749-003/2024(H5N1)	201	2894
NA|PP755591.1|A/cattle/Texas/24-008749-003/2024(H5N1)	202	2910
NA|PP755591.1|A/cattle/Texas/24-008749-003/2024(H5N1)	203	2895
NA|PP755591.1|A/cattle/Texas/24-008749-003/2024(H5N1)	204	2927
NA|PP755591.1|A/cattle/Texas/24-008749-003/2024(H5N1)	205	2921
NA|PP755591.1|A/cattle/Texas/24-008749-003/2024(H5N1)	206	2899
NA|PP755591.1|A/cattle/Texas/24-008749-003/2024(H5N1)	207	2861
NA|PP755591.1|A/cattle/Texas/24-008749-003/2024(H5N1)	208	2853
NA|PP755591.1|A/cattle/Texas/24-008749-003/2024(H5N1)	209	2852
NA|PP755591.1|A/cattle/Texas/24-008749-003/2024(H5N1)	210	2868
NA|PP755591.1|A/cattle/Texas/24-008749-003/2024(H5N1)	211	2839
NA|PP755591.1|A/cattle/Texas/24-008749-003/2024(H5N1)	212	2849
NA|PP755591.1|A/cattle/Texas/24-008749-003/2024(H5N1)	213	2794
NA|PP755591.1|A/cattle/Texas/24-008749-003/2024(H5N1)	214	2798
NA|PP755591.1|A/cattle/Texas/24-008749-003/2024(H5N1)	215	2803
NA|PP755591.1|A/cattle/Texas/24-008749-003/2024(H5N1)	216	2849
NA|PP755591.1|A/cattle/Texas/24-008749-003/2024(H5N1)	217	2855
NA|PP755591.1|A/cattle/Texas/24-008749-003/2024(H5N1)	218	2862
NA|PP755591.1|A/cattle/Texas/24-008749-003/2024(H5N1)	219	2868
NA|PP755591.1|A/cattle/Texas/24-008749-003/2024(H5N1)	220	2866
NA|PP755591.1|A/cattle/Texas/24-008749-003/2024(H5N1)	221	2871
NA|PP755591.1|A/cattle/Texas/24-008749-003/2024(H5N1)	222	2872
NA|PP755591.1|A/cattle/Texas/24-008749-003/2024(H5N1)	223	2870
NA|PP755591.1|A/cattle/Texas/24-008749-003/2024(H5N1)	224	2876
NA|PP755591.1|A/cattle/Texas/24-008749-003/2024(H5N1)	225	2879
NA|PP755591.1|A/cattle/Texas/24-008749-003/2024(H5N1)	226	2888
NA|PP755591.1|A/cattle/Texas/24-008749-003/2024(H5N1)	227	2885
NA|PP755591.1|A/cattle/Texas/24-008749-003/2024(H5N1)	228	2885
NA|PP755591.1|A/cattle/Texas/24-008749-003/2024(H5N1)	229	2929
NA|PP755591.1|A/cattle/Texas/24-008749-003/2024(H5N1)	230	2930
NA|PP755591.1|A/cattle/Texas/24-008749-003/2024(H5N1)	231	2928
NA|PP755591.1|A/cattle/Texas/24-008749-003/2024(H5N1)	232	2929
NA|PP755591.1|A/cattle/Texas/24-008749-003/2024(H5N1)	233	2928
NA|PP755591.1|A/cattle/Texas/24-008749-003/2024(H5N1)	234	3009
NA|PP755591.1|A/cattle/Texas/24-008749-003/2024(H5N1)	235	3031
NA|PP755591.1|A/cattle/Texas/24-008749-003/2024(H5N1)	236	3039
NA|PP755591.1|A/cattle/Texas/24-008749-003/2024(H5N1)	237	3043
NA|PP755591.1|A/cattle/Texas/24-008749-003/2024(H5N1)	238	3035
NA|PP755591.1|A/cattle/Texas/24-008749-003/2024(H5N1)	239	3033
NA|PP755591.1|A/cattle/Texas/24-008749-003/2024(H5N1)	240	3035
NA|PP755591.1|A/cattle/Texas/24-008749-003/2024(H5N1)	241	3035
NA|PP755591.1|A/cattle/Texas/24-008749-003/2024(H5N1)	242	2966
NA|PP755591.1|A/cattle/Texas/24-008749-003/2024(H5N1)	243	2910
NA|PP755591.1|A/cattle/Texas/24-008749-003/2024(H5N1)	244	2911
NA|PP755591.1|A/cattle/Texas/24-008749-003/2024(H5N1)	245	2874
NA|PP755591.1|A/cattle/Texas/24-008749-003/2024(H5N1)	246	2877
NA|PP755591.1|A/cattle/Texas/24-008749-003/2024(H5N1)	247	2878
NA|PP755591.1|A/cattle/Texas/24-008749-003/2024(H5N1)	248	2881
NA|PP755591.1|A/cattle/Texas/24-008749-003/2024(H5N1)	249	2823
NA|PP755591.1|A/cattle/Texas/24-008749-003/2024(H5N1)	250	2850
NA|PP755591.1|A/cattle/Texas/24-008749-003/2024(H5N1)	251	2876
NA|PP755591.1|A/cattle/Texas/24-008749-003/2024(H5N1)	252	2876
NA|PP755591.1|A/cattle/Texas/24-008749-003/2024(H5N1)	253	2872
NA|PP755591.1|A/cattle/Texas/24-008749-003/2024(H5N1)	254	2858
NA|PP755591.1|A/cattle/Texas/24-008749-003/2024(H5N1)	255	2848
NA|PP755591.1|A/cattle/Texas/24-008749-003/2024(H5N1)	256	2848
NA|PP755591.1|A/cattle/Texas/24-008749-003/2024(H5N1)	257	2846
NA|PP755591.1|A/cattle/Texas/24-008749-003/2024(H5N1)	258	2849
NA|PP755591.1|A/cattle/Texas/24-008749-003/2024(H5N1)	259	2848
NA|PP755591.1|A/cattle/Texas/24-008749-003/2024(H5N1)	260	2835
NA|PP755591.1|A/cattle/Texas/24-008749-003/2024(H5N1)	261	2874
NA|PP755591.1|A/cattle/Texas/24-008749-003/2024(H5N1)	262	2877
NA|PP755591.1|A/cattle/Texas/24-008749-003/2024(H5N1)	263	2917
NA|PP755591.1|A/cattle/Texas/24-008749-003/2024(H5N1)	264	2917
NA|PP755591.1|A/cattle/Texas/24-008749-003/2024(H5N1)	265	2930
NA|PP755591.1|A/cattle/Texas/24-008749-003/2024(H5N1)	266	2931
NA|PP755591.1|A/cattle/Texas/24-008749-003/2024(H5N1)	267	2923
NA|PP755591.1|A/cattle/Texas/24-008749-003/2024(H5N1)	268	2943
NA|PP755591.1|A/cattle/Texas/24-008749-003/2024(H5N1)	269	2941
NA|PP755591.1|A/cattle/Texas/24-008749-003/2024(H5N1)	270	2975
NA|PP755591.1|A/cattle/Texas/24-008749-003/2024(H5N1)	271	2975
NA|PP755591.1|A/cattle/Texas/24-008749-003/2024(H5N1)	272	2921
NA|PP755591.1|A/cattle/Texas/24-008749-003/2024(H5N1)	273	2947
NA|PP755591.1|A/cattle/Texas/24-008749-003/2024(H5N1)	274	2939
NA|PP755591.1|A/cattle/Texas/24-008749-003/2024(H5N1)	275	2931
NA|PP755591.1|A/cattle/Texas/24-008749-003/2024(H5N1)	276	2916
NA|PP755591.1|A/cattle/Texas/24-008749-003/2024(H5N1)	277	2905
NA|PP755591.1|A/cattle/Texas/24-008749-003/2024(H5N1)	278	2882
NA|PP755591.1|A/cattle/Texas/24-008749-003/2024(H5N1)	279	2866
NA|PP755591.1|A/cattle/Texas/24-008749-003/2024(H5N1)	280	3029
NA|PP755591.1|A/cattle/Texas/24-008749-003/2024(H5N1)	281	3033
NA|PP755591.1|A/cattle/Texas/24-008749-003/2024(H5N1)	282	3036
NA|PP755591.1|A/cattle/Texas/24-008749-003/2024(H5N1)	283	3036
NA|PP755591.1|A/cattle/Texas/24-008749-003/2024(H5N1)	284	3038
NA|PP755591.1|A/cattle/Texas/24-008749-003/2024(H5N1)	285	2641
NA|PP755591.1|A/cattle/Texas/24-008749-003/2024(H5N1)	286	2610
NA|PP755591.1|A/cattle/Texas/24-008749-003/2024(H5N1)	287	2578
NA|PP755591.1|A/cattle/Texas/24-008749-003/2024(H5N1)	288	2587
NA|PP755591.1|A/cattle/Texas/24-008749-003/2024(H5N1)	289	2451
NA|PP755591.1|A/cattle/Texas/24-008749-003/2024(H5N1)	290	2460
NA|PP755591.1|A/cattle/Texas/24-008749-003/2024(H5N1)	291	2501
NA|PP755591.1|A/cattle/Texas/24-008749-003/2024(H5N1)	292	2569
NA|PP755591.1|A/cattle/Texas/24-008749-003/2024(H5N1)	293	2582
NA|PP755591.1|A/cattle/Texas/24-008749-003/2024(H5N1)	294	2581
NA|PP755591.1|A/cattle/Texas/24-008749-003/2024(H5N1)	295	2698
NA|PP755591.1|A/cattle/Texas/24-008749-003/2024(H5N1)	296	2698
NA|PP755591.1|A/cattle/Texas/24-008749-003/2024(H5N1)	297	2723
NA|PP755591.1|A/cattle/Texas/24-008749-003/2024(H5N1)	298	2734
NA|PP755591.1|A/cattle/Texas/24-008749-003/2024(H5N1)	299	2692
NA|PP755591.1|A/cattle/Texas/24-008749-003/2024(H5N1)	300	2708
NA|PP755591.1|A/cattle/Texas/24-008749-003/2024(H5N1)	301	2590
NA|PP755591.1|A/cattle/Texas/24-008749-003/2024(H5N1)	302	2599
NA|PP755591.1|A/cattle/Texas/24-008749-003/2024(H5N1)	303	3092
NA|PP755591.1|A/cattle/Texas/24-008749-003/2024(H5N1)	304	2969
NA|PP755591.1|A/cattle/Texas/24-008749-003/2024(H5N1)	305	2964
NA|PP755591.1|A/cattle/Texas/24-008749-003/2024(H5N1)	306	2986
NA|PP755591.1|A/cattle/Texas/24-008749-003/2024(H5N1)	307	2970
NA|PP755591.1|A/cattle/Texas/24-008749-003/2024(H5N1)	308	2997
NA|PP755591.1|A/cattle/Texas/24-008749-003/2024(H5N1)	309	2953
NA|PP755591.1|A/cattle/Texas/24-008749-003/2024(H5N1)	310	2964
NA|PP755591.1|A/cattle/Texas/24-008749-003/2024(H5N1)	311	2962
NA|PP755591.1|A/cattle/Texas/24-008749-003/2024(H5N1)	312	2975
NA|PP755591.1|A/cattle/Texas/24-008749-003/2024(H5N1)	313	2971
NA|PP755591.1|A/cattle/Texas/24-008749-003/2024(H5N1)	314	3018
NA|PP755591.1|A/cattle/Texas/24-008749-003/2024(H5N1)	315	2959
NA|PP755591.1|A/cattle/Texas/24-008749-003/2024(H5N1)	316	2960
NA|PP755591.1|A/cattle/Texas/24-008749-003/2024(H5N1)	317	3009
NA|PP755591.1|A/cattle/Texas/24-008749-003/2024(H5N1)	318	3010
NA|PP755591.1|A/cattle/Texas/24-008749-003/2024(H5N1)	319	3010
NA|PP755591.1|A/cattle/Texas/24-008749-003/2024(H5N1)	320	3028
NA|PP755591.1|A/cattle/Texas/24-008749-003/2024(H5N1)	321	3021
NA|PP755591.1|A/cattle/Texas/24-008749-003/2024(H5N1)	322	2948
NA|PP755591.1|A/cattle/Texas/24-008749-003/2024(H5N1)	323	2875
NA|PP755591.1|A/cattle/Texas/24-008749-003/2024(H5N1)	324	2874
NA|PP755591.1|A/cattle/Texas/24-008749-003/2024(H5N1)	325	2868
NA|PP755591.1|A/cattle/Texas/24-008749-003/2024(H5N1)	326	2910
NA|PP755591.1|A/cattle/Texas/24-008749-003/2024(H5N1)	327	2951
NA|PP755591.1|A/cattle/Texas/24-008749-003/2024(H5N1)	328	2948
NA|PP755591.1|A/cattle/Texas/24-008749-003/2024(H5N1)	329	2922
NA|PP755591.1|A/cattle/Texas/24-008749-003/2024(H5N1)	330	2930
NA|PP755591.1|A/cattle/Texas/24-008749-003/2024(H5N1)	331	2924
NA|PP755591.1|A/cattle/Texas/24-008749-003/2024(H5N1)	332	2951
NA|PP755591.1|A/cattle/Texas/24-008749-003/2024(H5N1)	333	2918
NA|PP755591.1|A/cattle/Texas/24-008749-003/2024(H5N1)	334	2927
NA|PP755591.1|A/cattle/Texas/24-008749-003/2024(H5N1)	335	2900
NA|PP755591.1|A/cattle/Texas/24-008749-003/2024(H5N1)	336	2871
NA|PP755591.1|A/cattle/Texas/24-008749-003/2024(H5N1)	337	2871
NA|PP755591.1|A/cattle/Texas/24-008749-003/2024(H5N1)	338	2877
NA|PP755591.1|A/cattle/Texas/24-008749-003/2024(H5N1)	339	2872
NA|PP755591.1|A/cattle/Texas/24-008749-003/2024(H5N1)	340	2882
NA|PP755591.1|A/cattle/Texas/24-008749-003/2024(H5N1)	341	2905
NA|PP755591.1|A/cattle/Texas/24-008749-003/2024(H5N1)	342	2914
NA|PP755591.1|A/cattle/Texas/24-008749-003/2024(H5N1)	343	2876
NA|PP755591.1|A/cattle/Texas/24-008749-003/2024(H5N1)	344	2872
NA|PP755591.1|A/cattle/Texas/24-008749-003/2024(H5N1)	345	2871
NA|PP755591.1|A/cattle/Texas/24-008749-003/2024(H5N1)	346	2894
NA|PP755591.1|A/cattle/Texas/24-008749-003/2024(H5N1)	347	2905
NA|PP755591.1|A/cattle/Texas/24-008749-003/2024(H5N1)	348	2899
NA|PP755591.1|A/cattle/Texas/24-008749-003/2024(H5N1)	349	2913
NA|PP755591.1|A/cattle/Texas/24-008749-003/2024(H5N1)	350	2915
NA|PP755591.1|A/cattle/Texas/24-008749-003/2024(H5N1)	351	2909
NA|PP755591.1|A/cattle/Texas/24-008749-003/2024(H5N1)	352	2908
NA|PP755591.1|A/cattle/Texas/24-008749-003/2024(H5N1)	353	2889
NA|PP755591.1|A/cattle/Texas/24-008749-003/2024(H5N1)	354	2884
NA|PP755591.1|A/cattle/Texas/24-008749-003/2024(H5N1)	355	2878
NA|PP755591.1|A/cattle/Texas/24-008749-003/2024(H5N1)	356	2911
NA|PP755591.1|A/cattle/Texas/24-008749-003/2024(H5N1)	357	2913
NA|PP755591.1|A/cattle/Texas/24-008749-003/2024(H5N1)	358	2966
NA|PP755591.1|A/cattle/Texas/24-008749-003/2024(H5N1)	359	2945
NA|PP755591.1|A/cattle/Texas/24-008749-003/2024(H5N1)	360	3025
NA|PP755591.1|A/cattle/Texas/24-008749-003/2024(H5N1)	361	3026
NA|PP755591.1|A/cattle/Texas/24-008749-003/2024(H5N1)	362	3026
NA|PP755591.1|A/cattle/Texas/24-008749-003/2024(H5N1)	363	3022
NA|PP755591.1|A/cattle/Texas/24-008749-003/2024(H5N1)	364	2997
NA|PP755591.1|A/cattle/Texas/24-008749-003/2024(H5N1)	365	3013
NA|PP755591.1|A/cattle/Texas/24-008749-003/2024(H5N1)	366	3014
NA|PP755591.1|A/cattle/Texas/24-008749-003/2024(H5N1)	367	2962
NA|PP755591.1|A/cattle/Texas/24-008749-003/2024(H5N1)	368	2964
NA|PP755591.1|A/cattle/Texas/24-008749-003/2024(H5N1)	369	2954
NA|PP755591.1|A/cattle/Texas/24-008749-003/2024(H5N1)	370	2967
NA|PP755591.1|A/cattle/Texas/24-008749-003/2024(H5N1)	371	2968
NA|PP755591.1|A/cattle/Texas/24-008749-003/2024(H5N1)	372	2957
NA|PP755591.1|A/cattle/Texas/24-008749-003/2024(H5N1)	373	2955
NA|PP755591.1|A/cattle/Texas/24-008749-003/2024(H5N1)	374	2959
NA|PP755591.1|A/cattle/Texas/24-008749-003/2024(H5N1)	375	2961
NA|PP755591.1|A/cattle/Texas/24-008749-003/2024(H5N1)	376	2988
NA|PP755591.1|A/cattle/Texas/24-008749-003/2024(H5N1)	377	2991
NA|PP755591.1|A/cattle/Texas/24-008749-003/2024(H5N1)	378	2967
NA|PP755591.1|A/cattle/Texas/24-008749-003/2024(H5N1)	379	2960
NA|PP755591.1|A/cattle/Texas/24-008749-003/2024(H5N1)	380	2958
NA|PP755591.1|A/cattle/Texas/24-008749-003/2024(H5N1)	381	2952
NA|PP755591.1|A/cattle/Texas/24-008749-003/2024(H5N1)	382	2954
NA|PP755591.1|A/cattle/Texas/24-008749-003/2024(H5N1)	383	2970
NA|PP755591.1|A/cattle/Texas/24-008749-003/2024(H5N1)	384	2987
NA|PP755591.1|A/cattle/Texas/24-008749-003/2024(H5N1)	385	2884
NA|PP755591.1|A/cattle/Texas/24-008749-003/2024(H5N1)	386	2881
NA|PP755591.1|A/cattle/Texas/24-008749-003/2024(H5N1)	387	2851
NA|PP755591.1|A/cattle/Texas/24-008749-003/2024(H5N1)	388	2845
NA|PP755591.1|A/cattle/Texas/24-008749-003/2024(H5N1)	389	2846
NA|PP755591.1|A/cattle/Texas/24-008749-003/2024(H5N1)	390	2858
NA|PP755591.1|A/cattle/Texas/24-008749-003/2024(H5N1)	391	2863
NA|PP755591.1|A/cattle/Texas/24-008749-003/2024(H5N1)	392	2887
NA|PP755591.1|A/cattle/Texas/24-008749-003/2024(H5N1)	393	2877
NA|PP755591.1|A/cattle/Texas/24-008749-003/2024(H5N1)	394	2872
NA|PP755591.1|A/cattle/Texas/24-008749-003/2024(H5N1)	395	2904
NA|PP755591.1|A/cattle/Texas/24-008749-003/2024(H5N1)	396	2904
NA|PP755591.1|A/cattle/Texas/24-008749-003/2024(H5N1)	397	2957
NA|PP755591.1|A/cattle/Texas/24-008749-003/2024(H5N1)	398	2982
NA|PP755591.1|A/cattle/Texas/24-008749-003/2024(H5N1)	399	2987
NA|PP755591.1|A/cattle/Texas/24-008749-003/2024(H5N1)	400	2959
NA|PP755591.1|A/cattle/Texas/24-008749-003/2024(H5N1)	401	2925
NA|PP755591.1|A/cattle/Texas/24-008749-003/2024(H5N1)	402	2957
NA|PP755591.1|A/cattle/Texas/24-008749-003/2024(H5N1)	403	2999
NA|PP755591.1|A/cattle/Texas/24-008749-003/2024(H5N1)	404	3018
NA|PP755591.1|A/cattle/Texas/24-008749-003/2024(H5N1)	405	3028
NA|PP755591.1|A/cattle/Texas/24-008749-003/2024(H5N1)	406	3018
NA|PP755591.1|A/cattle/Texas/24-008749-003/2024(H5N1)	407	3029
NA|PP755591.1|A/cattle/Texas/24-008749-003/2024(H5N1)	408	3029
NA|PP755591.1|A/cattle/Texas/24-008749-003/2024(H5N1)	409	3052
NA|PP755591.1|A/cattle/Texas/24-008749-003/2024(H5N1)	410	3093
NA|PP755591.1|A/cattle/Texas/24-008749-003/2024(H5N1)	411	3058
NA|PP755591.1|A/cattle/Texas/24-008749-003/2024(H5N1)	412	3092
NA|PP755591.1|A/cattle/Texas/24-008749-003/2024(H5N1)	413	3047
NA|PP755591.1|A/cattle/Texas/24-008749-003/2024(H5N1)	414	3041
NA|PP755591.1|A/cattle/Texas/24-008749-003/2024(H5N1)	415	3071
NA|PP755591.1|A/cattle/Texas/24-008749-003/2024(H5N1)	416	3067
NA|PP755591.1|A/cattle/Texas/24-008749-003/2024(H5N1)	417	3079
NA|PP755591.1|A/cattle/Texas/24-008749-003/2024(H5N1)	418	3082
NA|PP755591.1|A/cattle/Texas/24-008749-003/2024(H5N1)	419	3060
NA|PP755591.1|A/cattle/Texas/24-008749-003/2024(H5N1)	420	3061
NA|PP755591.1|A/cattle/Texas/24-008749-003/2024(H5N1)	421	3032
NA|PP755591.1|A/cattle/Texas/24-008749-003/2024(H5N1)	422	3038
NA|PP755591.1|A/cattle/Texas/24-008749-003/2024(H5N1)	423	3040
NA|PP755591.1|A/cattle/Texas/24-008749-003/2024(H5N1)	424	3012
NA|PP755591.1|A/cattle/Texas/24-008749-003/2024(H5N1)	425	3018
NA|PP755591.1|A/cattle/Texas/24-008749-003/2024(H5N1)	426	2976
NA|PP755591.1|A/cattle/Texas/24-008749-003/2024(H5N1)	427	2979
NA|PP755591.1|A/cattle/Texas/24-008749-003/2024(H5N1)	428	2983
NA|PP755591.1|A/cattle/Texas/24-008749-003/2024(H5N1)	429	2961
NA|PP755591.1|A/cattle/Texas/24-008749-003/2024(H5N1)	430	2824
NA|PP755591.1|A/cattle/Texas/24-008749-003/2024(H5N1)	431	2817
NA|PP755591.1|A/cattle/Texas/24-008749-003/2024(H5N1)	432	2822
NA|PP755591.1|A/cattle/Texas/24-008749-003/2024(H5N1)	433	2827
NA|PP755591.1|A/cattle/Texas/24-008749-003/2024(H5N1)	434	2831
NA|PP755591.1|A/cattle/Texas/24-008749-003/2024(H5N1)	435	2825
NA|PP755591.1|A/cattle/Texas/24-008749-003/2024(H5N1)	436	2827
NA|PP755591.1|A/cattle/Texas/24-008749-003/2024(H5N1)	437	2860
NA|PP755591.1|A/cattle/Texas/24-008749-003/2024(H5N1)	438	2850
NA|PP755591.1|A/cattle/Texas/24-008749-003/2024(H5N1)	439	2829
NA|PP755591.1|A/cattle/Texas/24-008749-003/2024(H5N1)	440	2833
NA|PP755591.1|A/cattle/Texas/24-008749-003/2024(H5N1)	441	2789
NA|PP755591.1|A/cattle/Texas/24-008749-003/2024(H5N1)	442	2762
NA|PP755591.1|A/cattle/Texas/24-008749-003/2024(H5N1)	443	2706
NA|PP755591.1|A/cattle/Texas/24-008749-003/2024(H5N1)	444	2687
NA|PP755591.1|A/cattle/Texas/24-008749-003/2024(H5N1)	445	3170
NA|PP755591.1|A/cattle/Texas/24-008749-003/2024(H5N1)	446	3076
NA|PP755591.1|A/cattle/Texas/24-008749-003/2024(H5N1)	447	3123
NA|PP755591.1|A/cattle/Texas/24-008749-003/2024(H5N1)	448	3104
NA|PP755591.1|A/cattle/Texas/24-008749-003/2024(H5N1)	449	3086
NA|PP755591.1|A/cattle/Texas/24-008749-003/2024(H5N1)	450	3129
NA|PP755591.1|A/cattle/Texas/24-008749-003/2024(H5N1)	451	3112
NA|PP755591.1|A/cattle/Texas/24-008749-003/2024(H5N1)	452	3159
NA|PP755591.1|A/cattle/Texas/24-008749-003/2024(H5N1)	453	3161
NA|PP755591.1|A/cattle/Texas/24-008749-003/2024(H5N1)	454	2636
NA|PP755591.1|A/cattle/Texas/24-008749-003/2024(H5N1)	455	2622
NA|PP755591.1|A/cattle/Texas/24-008749-003/2024(H5N1)	456	2688
NA|PP755591.1|A/cattle/Texas/24-008749-003/2024(H5N1)	457	2661
NA|PP755591.1|A/cattle/Texas/24-008749-003/2024(H5N1)	458	2659
NA|PP755591.1|A/cattle/Texas/24-008749-003/2024(H5N1)	459	2662
NA|PP755591.1|A/cattle/Texas/24-008749-003/2024(H5N1)	460	2669
NA|PP755591.1|A/cattle/Texas/24-008749-003/2024(H5N1)	461	2648
NA|PP755591.1|A/cattle/Texas/24-008749-003/2024(H5N1)	462	2662
NA|PP755591.1|A/cattle/Texas/24-008749-003/2024(H5N1)	463	2670
NA|PP755591.1|A/cattle/Texas/24-008749-003/2024(H5N1)	464	2671
NA|PP755591.1|A/cattle/Texas/24-008749-003/2024(H5N1)	465	2609
NA|PP755591.1|A/cattle/Texas/24-008749-003/2024(H5N1)	466	2608
NA|PP755591.1|A/cattle/Texas/24-008749-003/2024(H5N1)	467	2609
NA|PP755591.1|A/cattle/Texas/24-008749-003/2024(H5N1)	468	2575
NA|PP755591.1|A/cattle/Texas/24-008749-003/2024(H5N1)	469	2586
NA|PP755591.1|A/cattle/Texas/24-008749-003/2024(H5N1)	470	2567
NA|PP755591.1|A/cattle/Texas/24-008749-003/2024(H5N1)	471	2604
NA|PP755591.1|A/cattle/Texas/24-008749-003/2024(H5N1)	472	2625
NA|PP755591.1|A/cattle/Texas/24-008749-003/2024(H5N1)	473	2623
NA|PP755591.1|A/cattle/Texas/24-008749-003/2024(H5N1)	474	2626
NA|PP755591.1|A/cattle/Texas/24-008749-003/2024(H5N1)	475	2637
NA|PP755591.1|A/cattle/Texas/24-008749-003/2024(H5N1)	476	2649
NA|PP755591.1|A/cattle/Texas/24-008749-003/2024(H5N1)	477	2659
NA|PP755591.1|A/cattle/Texas/24-008749-003/2024(H5N1)	478	2605
NA|PP755591.1|A/cattle/Texas/24-008749-003/2024(H5N1)	479	2660
NA|PP755591.1|A/cattle/Texas/24-008749-003/2024(H5N1)	480	2696
NA|PP755591.1|A/cattle/Texas/24-008749-003/2024(H5N1)	481	2684
NA|PP755591.1|A/cattle/Texas/24-008749-003/2024(H5N1)	482	2708
NA|PP755591.1|A/cattle/Texas/24-008749-003/2024(H5N1)	483	2704
NA|PP755591.1|A/cattle/Texas/24-008749-003/2024(H5N1)	484	2694
NA|PP755591.1|A/cattle/Texas/24-008749-003/2024(H5N1)	485	2709
NA|PP755591.1|A/cattle/Texas/24-008749-003/2024(H5N1)	486	2688
NA|PP755591.1|A/cattle/Texas/24-008749-003/2024(H5N1)	487	2689
NA|PP755591.1|A/cattle/Texas/24-008749-003/2024(H5N1)	488	2673
NA|PP755591.1|A/cattle/Texas/24-008749-003/2024(H5N1)	489	2695
NA|PP755591.1|A/cattle/Texas/24-008749-003/2024(H5N1)	490	2713
NA|PP755591.1|A/cattle/Texas/24-008749-003/2024(H5N1)	491	2714
NA|PP755591.1|A/cattle/Texas/24-008749-003/2024(H5N1)	492	2690
NA|PP755591.1|A/cattle/Texas/24-008749-003/2024(H5N1)	493	2679
NA|PP755591.1|A/cattle/Texas/24-008749-003/2024(H5N1)	494	2674
NA|PP755591.1|A/cattle/Texas/24-008749-003/2024(H5N1)	495	2731
NA|PP755591.1|A/cattle/Texas/24-008749-003/2024(H5N1)	496	2739
NA|PP755591.1|A/cattle/Texas/24-008749-003/2024(H5N1)	497	2752
NA|PP755591.1|A/cattle/Texas/24-008749-003/2024(H5N1)	498	2718
NA|PP755591.1|A/cattle/Texas/24-008749-003/2024(H5N1)	499	2721
NA|PP755591.1|A/cattle/Texas/24-008749-003/2024(H5N1)	500	2678
NA|PP755591.1|A/cattle/Texas/24-008749-003/2024(H5N1)	501	2695
NA|PP755591.1|A/cattle/Texas/24-008749-003/2024(H5N1)	502	2788
NA|PP755591.1|A/cattle/Texas/24-008749-003/2024(H5N1)	503	2824
NA|PP755591.1|A/cattle/Texas/24-008749-003/2024(H5N1)	504	2803
NA|PP755591.1|A/cattle/Texas/24-008749-003/2024(H5N1)	505	2782
NA|PP755591.1|A/cattle/Texas/24-008749-003/2024(H5N1)	506	2742
NA|PP755591.1|A/cattle/Texas/24-008749-003/2024(H5N1)	507	2755
NA|PP755591.1|A/cattle/Texas/24-008749-003/2024(H5N1)	508	2751
NA|PP755591.1|A/cattle/Texas/24-008749-003/2024(H5N1)	509	2729
NA|PP755591.1|A/cattle/Texas/24-008749-003/2024(H5N1)	510	2724
NA|PP755591.1|A/cattle/Texas/24-008749-003/2024(H5N1)	511	2650
NA|PP755591.1|A/cattle/Texas/24-008749-003/2024(H5N1)	512	2672
NA|PP755591.1|A/cattle/Texas/24-008749-003/2024(H5N1)	513	2673
NA|PP755591.1|A/cattle/Texas/24-008749-003/2024(H5N1)	514	2668
NA|PP755591.1|A/cattle/Texas/24-008749-003/2024(H5N1)	515	2658
NA|PP755591.1|A/cattle/Texas/24-008749-003/2024(H5N1)	516	2646
NA|PP755591.1|A/cattle/Texas/24-008749-003/2024(H5N1)	517	2651
NA|PP755591.1|A/cattle/Texas/24-008749-003/2024(H5N1)	518	2658
NA|PP755591.1|A/cattle/Texas/24-008749-003/2024(H5N1)	519	2678
NA|PP755591.1|A/cattle/Texas/24-008749-003/2024(H5N1)	520	2676
NA|PP755591.1|A/cattle/Texas/24-008749-003/2024(H5N1)	521	2647
NA|PP755591.1|A/cattle/Texas/24-008749-003/2024(H5N1)	522	2647
NA|PP755591.1|A/cattle/Texas/24-008749-003/2024(H5N1)	523	2645
NA|PP755591.1|A/cattle/Texas/24-008749-003/2024(H5N1)	524	2650
NA|PP755591.1|A/cattle/Texas/24-008749-003/2024(H5N1)	525	2648
NA|PP755591.1|A/cattle/Texas/24-008749-003/2024(H5N1)	526	2652
NA|PP755591.1|A/cattle/Texas/24-008749-003/2024(H5N1)	527	2624
NA|PP755591.1|A/cattle/Texas/24-008749-003/2024(H5N1)	528	2619
NA|PP755591.1|A/cattle/Texas/24-008749-003/2024(H5N1)	529	2653
NA|PP755591.1|A/cattle/Texas/24-008749-003/2024(H5N1)	530	2654
NA|PP755591.1|A/cattle/Texas/24-008749-003/2024(H5N1)	531	2659
NA|PP755591.1|A/cattle/Texas/24-008749-003/2024(H5N1)	532	2658
NA|PP755591.1|A/cattle/Texas/24-008749-003/2024(H5N1)	533	2646
NA|PP755591.1|A/cattle/Texas/24-008749-003/2024(H5N1)	534	2637
NA|PP755591.1|A/cattle/Texas/24-008749-003/2024(H5N1)	535	2640
NA|PP755591.1|A/cattle/Texas/24-008749-003/2024(H5N1)	536	2633
NA|PP755591.1|A/cattle/Texas/24-008749-003/2024(H5N1)	537	2682
NA|PP755591.1|A/cattle/Texas/24-008749-003/2024(H5N1)	538	2665
NA|PP755591.1|A/cattle/Texas/24-008749-003/2024(H5N1)	539	2663
NA|PP755591.1|A/cattle/Texas/24-008749-003/2024(H5N1)	540	2684
NA|PP755591.1|A/cattle/Texas/24-008749-003/2024(H5N1)	541	2700
NA|PP755591.1|A/cattle/Texas/24-008749-003/2024(H5N1)	542	2704
NA|PP755591.1|A/cattle/Texas/24-008749-003/2024(H5N1)	543	2702
NA|PP755591.1|A/cattle/Texas/24-008749-003/2024(H5N1)	544	2701
NA|PP755591.1|A/cattle/Texas/24-008749-003/2024(H5N1)	545	2756
NA|PP755591.1|A/cattle/Texas/24-008749-003/2024(H5N1)	546	2762
NA|PP755591.1|A/cattle/Texas/24-008749-003/2024(H5N1)	547	2763
NA|PP755591.1|A/cattle/Texas/24-008749-003/2024(H5N1)	548	2722
NA|PP755591.1|A/cattle/Texas/24-008749-003/2024(H5N1)	549	2695
NA|PP755591.1|A/cattle/Texas/24-008749-003/2024(H5N1)	550	2712
NA|PP755591.1|A/cattle/Texas/24-008749-003/2024(H5N1)	551	2737
NA|PP755591.1|A/cattle/Texas/24-008749-003/2024(H5N1)	552	2742
NA|PP755591.1|A/cattle/Texas/24-008749-003/2024(H5N1)	553	2712
NA|PP755591.1|A/cattle/Texas/24-008749-003/2024(H5N1)	554	2664
NA|PP755591.1|A/cattle/Texas/24-008749-003/2024(H5N1)	555	2662
NA|PP755591.1|A/cattle/Texas/24-008749-003/2024(H5N1)	556	2656
NA|PP755591.1|A/cattle/Texas/24-008749-003/2024(H5N1)	557	2655
NA|PP755591.1|A/cattle/Texas/24-008749-003/2024(H5N1)	558	2651
NA|PP755591.1|A/cattle/Texas/24-008749-003/2024(H5N1)	559	2660
NA|PP755591.1|A/cattle/Texas/24-008749-003/2024(H5N1)	560	2639
NA|PP755591.1|A/cattle/Texas/24-008749-003/2024(H5N1)	561	2626
NA|PP755591.1|A/cattle/Texas/24-008749-003/2024(H5N1)	562	2624
NA|PP755591.1|A/cattle/Texas/24-008749-003/2024(H5N1)	563	2593
NA|PP755591.1|A/cattle/Texas/24-008749-003/2024(H5N1)	564	2592
NA|PP755591.1|A/cattle/Texas/24-008749-003/2024(H5N1)	565	2591
NA|PP755591.1|A/cattle/Texas/24-008749-003/2024(H5N1)	566	2579
NA|PP755591.1|A/cattle/Texas/24-008749-003/2024(H5N1)	567	2600
NA|PP755591.1|A/cattle/Texas/24-008749-003/2024(H5N1)	568	2571
NA|PP755591.1|A/cattle/Texas/24-008749-003/2024(H5N1)	569	2570
NA|PP755591.1|A/cattle/Texas/24-008749-003/2024(H5N1)	570	2600
NA|PP755591.1|A/cattle/Texas/24-008749-003/2024(H5N1)	571	2625
NA|PP755591.1|A/cattle/Texas/24-008749-003/2024(H5N1)	572	2621
NA|PP755591.1|A/cattle/Texas/24-008749-003/2024(H5N1)	573	2629
NA|PP755591.1|A/cattle/Texas/24-008749-003/2024(H5N1)	574	2641
NA|PP755591.1|A/cattle/Texas/24-008749-003/2024(H5N1)	575	2645
NA|PP755591.1|A/cattle/Texas/24-008749-003/2024(H5N1)	576	2646
NA|PP755591.1|A/cattle/Texas/24-008749-003/2024(H5N1)	577	2657
NA|PP755591.1|A/cattle/Texas/24-008749-003/2024(H5N1)	578	2683
NA|PP755591.1|A/cattle/Texas/24-008749-003/2024(H5N1)	579	2715
NA|PP755591.1|A/cattle/Texas/24-008749-003/2024(H5N1)	580	2714
NA|PP755591.1|A/cattle/Texas/24-008749-003/2024(H5N1)	581	2721
NA|PP755591.1|A/cattle/Texas/24-008749-003/2024(H5N1)	582	2718
NA|PP755591.1|A/cattle/Texas/24-008749-003/2024(H5N1)	583	2713
NA|PP755591.1|A/cattle/Texas/24-008749-003/2024(H5N1)	584	2726
NA|PP755591.1|A/cattle/Texas/24-008749-003/2024(H5N1)	585	2727
NA|PP755591.1|A/cattle/Texas/24-008749-003/2024(H5N1)	586	2834
NA|PP755591.1|A/cattle/Texas/24-008749-003/2024(H5N1)	587	2835
NA|PP755591.1|A/cattle/Texas/24-008749-003/2024(H5N1)	588	2802
NA|PP755591.1|A/cattle/Texas/24-008749-003/2024(H5N1)	589	2858
NA|PP755591.1|A/cattle/Texas/24-008749-003/2024(H5N1)	590	2859
NA|PP755591.1|A/cattle/Texas/24-008749-003/2024(H5N1)	591	2868
NA|PP755591.1|A/cattle/Texas/24-008749-003/2024(H5N1)	592	2880
NA|PP755591.1|A/cattle/Texas/24-008749-003/2024(H5N1)	593	2856
NA|PP755591.1|A/cattle/Texas/24-008749-003/2024(H5N1)	594	2914
NA|PP755591.1|A/cattle/Texas/24-008749-003/2024(H5N1)	595	2920
NA|PP755591.1|A/cattle/Texas/24-008749-003/2024(H5N1)	596	2504
NA|PP755591.1|A/cattle/Texas/24-008749-003/2024(H5N1)	597	2600
NA|PP755591.1|A/cattle/Texas/24-008749-003/2024(H5N1)	598	2654
NA|PP755591.1|A/cattle/Texas/24-008749-003/2024(H5N1)	599	2688
NA|PP755591.1|A/cattle/Texas/24-008749-003/2024(H5N1)	600	2688
NA|PP755591.1|A/cattle/Texas/24-008749-003/2024(H5N1)	601	2643
NA|PP755591.1|A/cattle/Texas/24-008749-003/2024(H5N1)	602	2647
NA|PP755591.1|A/cattle/Texas/24-008749-003/2024(H5N1)	603	2617
NA|PP755591.1|A/cattle/Texas/24-008749-003/2024(H5N1)	604	2630
NA|PP755591.1|A/cattle/Texas/24-008749-003/2024(H5N1)	605	2717
NA|PP755591.1|A/cattle/Texas/24-008749-003/2024(H5N1)	606	2638
NA|PP755591.1|A/cattle/Texas/24-008749-003/2024(H5N1)	607	2650
NA|PP755591.1|A/cattle/Texas/24-008749-003/2024(H5N1)	608	2632
NA|PP755591.1|A/cattle/Texas/24-008749-003/2024(H5N1)	609	2638
NA|PP755591.1|A/cattle/Texas/24-008749-003/2024(H5N1)	610	2630
NA|PP755591.1|A/cattle/Texas/24-008749-003/2024(H5N1)	611	2600
NA|PP755591.1|A/cattle/Texas/24-008749-003/2024(H5N1)	612	2579
NA|PP755591.1|A/cattle/Texas/24-008749-003/2024(H5N1)	613	2671
NA|PP755591.1|A/cattle/Texas/24-008749-003/2024(H5N1)	614	2689
NA|PP755591.1|A/cattle/Texas/24-008749-003/2024(H5N1)	615	2709
NA|PP755591.1|A/cattle/Texas/24-008749-003/2024(H5N1)	616	2733
NA|PP755591.1|A/cattle/Texas/24-008749-003/2024(H5N1)	617	2722
NA|PP755591.1|A/cattle/Texas/24-008749-003/2024(H5N1)	618	2734
NA|PP755591.1|A/cattle/Texas/24-008749-003/2024(H5N1)	619	2724
NA|PP755591.1|A/cattle/Texas/24-008749-003/2024(H5N1)	620	2710
NA|PP755591.1|A/cattle/Texas/24-008749-003/2024(H5N1)	621	2768
NA|PP755591.1|A/cattle/Texas/24-008749-003/2024(H5N1)	622	2688
NA|PP755591.1|A/cattle/Texas/24-008749-003/2024(H5N1)	623	2709
NA|PP755591.1|A/cattle/Texas/24-008749-003/2024(H5N1)	624	2718
NA|PP755591.1|A/cattle/Texas/24-008749-003/2024(H5N1)	625	2702
NA|PP755591.1|A/cattle/Texas/24-008749-003/2024(H5N1)	626	2702
NA|PP755591.1|A/cattle/Texas/24-008749-003/2024(H5N1)	627	2685
NA|PP755591.1|A/cattle/Texas/24-008749-003/2024(H5N1)	628	2664
NA|PP755591.1|A/cattle/Texas/24-008749-003/2024(H5N1)	629	2706
NA|PP755591.1|A/cattle/Texas/24-008749-003/2024(H5N1)	630	2626
NA|PP755591.1|A/cattle/Texas/24-008749-003/2024(H5N1)	631	2626
NA|PP755591.1|A/cattle/Texas/24-008749-003/2024(H5N1)	632	2642
NA|PP755591.1|A/cattle/Texas/24-008749-003/2024(H5N1)	633	2627
NA|PP755591.1|A/cattle/Texas/24-008749-003/2024(H5N1)	634	2626
NA|PP755591.1|A/cattle/Texas/24-008749-003/2024(H5N1)	635	2627
NA|PP755591.1|A/cattle/Texas/24-008749-003/2024(H5N1)	636	2623
NA|PP755591.1|A/cattle/Texas/24-008749-003/2024(H5N1)	637	2618
NA|PP755591.1|A/cattle/Texas/24-008749-003/2024(H5N1)	638	2603
NA|PP755591.1|A/cattle/Texas/24-008749-003/2024(H5N1)	639	2611
NA|PP755591.1|A/cattle/Texas/24-008749-003/2024(H5N1)	640	2594
NA|PP755591.1|A/cattle/Texas/24-008749-003/2024(H5N1)	641	2570
NA|PP755591.1|A/cattle/Texas/24-008749-003/2024(H5N1)	642	2570
NA|PP755591.1|A/cattle/Texas/24-008749-003/2024(H5N1)	643	2581
NA|PP755591.1|A/cattle/Texas/24-008749-003/2024(H5N1)	644	2587
NA|PP755591.1|A/cattle/Texas/24-008749-003/2024(H5N1)	645	2594
NA|PP755591.1|A/cattle/Texas/24-008749-003/2024(H5N1)	646	2637
NA|PP755591.1|A/cattle/Texas/24-008749-003/2024(H5N1)	647	2629
NA|PP755591.1|A/cattle/Texas/24-008749-003/2024(H5N1)	648	2595
NA|PP755591.1|A/cattle/Texas/24-008749-003/2024(H5N1)	649	2595
NA|PP755591.1|A/cattle/Texas/24-008749-003/2024(H5N1)	650	2585
NA|PP755591.1|A/cattle/Texas/24-008749-003/2024(H5N1)	651	2612
NA|PP755591.1|A/cattle/Texas/24-008749-003/2024(H5N1)	652	2590
NA|PP755591.1|A/cattle/Texas/24-008749-003/2024(H5N1)	653	2508
NA|PP755591.1|A/cattle/Texas/24-008749-003/2024(H5N1)	654	2464
NA|PP755591.1|A/cattle/Texas/24-008749-003/2024(H5N1)	655	2440
NA|PP755591.1|A/cattle/Texas/24-008749-003/2024(H5N1)	656	2437
NA|PP755591.1|A/cattle/Texas/24-008749-003/2024(H5N1)	657	2437
NA|PP755591.1|A/cattle/Texas/24-008749-003/2024(H5N1)	658	2453
NA|PP755591.1|A/cattle/Texas/24-008749-003/2024(H5N1)	659	2453
NA|PP755591.1|A/cattle/Texas/24-008749-003/2024(H5N1)	660	2444
NA|PP755591.1|A/cattle/Texas/24-008749-003/2024(H5N1)	661	2439
NA|PP755591.1|A/cattle/Texas/24-008749-003/2024(H5N1)	662	2433
NA|PP755591.1|A/cattle/Texas/24-008749-003/2024(H5N1)	663	2404
NA|PP755591.1|A/cattle/Texas/24-008749-003/2024(H5N1)	664	2405
NA|PP755591.1|A/cattle/Texas/24-008749-003/2024(H5N1)	665	2415
NA|PP755591.1|A/cattle/Texas/24-008749-003/2024(H5N1)	666	2427
NA|PP755591.1|A/cattle/Texas/24-008749-003/2024(H5N1)	667	2427
NA|PP755591.1|A/cattle/Texas/24-008749-003/2024(H5N1)	668	2422
NA|PP755591.1|A/cattle/Texas/24-008749-003/2024(H5N1)	669	2412
NA|PP755591.1|A/cattle/Texas/24-008749-003/2024(H5N1)	670	2468
NA|PP755591.1|A/cattle/Texas/24-008749-003/2024(H5N1)	671	2468
NA|PP755591.1|A/cattle/Texas/24-008749-003/2024(H5N1)	672	2468
NA|PP755591.1|A/cattle/Texas/24-008749-003/2024(H5N1)	673	2480
NA|PP755591.1|A/cattle/Texas/24-008749-003/2024(H5N1)	674	2487
NA|PP755591.1|A/cattle/Texas/24-008749-003/2024(H5N1)	675	2534
NA|PP755591.1|A/cattle/Texas/24-008749-003/2024(H5N1)	676	2544
NA|PP755591.1|A/cattle/Texas/24-008749-003/2024(H5N1)	677	2553
NA|PP755591.1|A/cattle/Texas/24-008749-003/2024(H5N1)	678	2540
NA|PP755591.1|A/cattle/Texas/24-008749-003/2024(H5N1)	679	2517
NA|PP755591.1|A/cattle/Texas/24-008749-003/2024(H5N1)	680	2525
NA|PP755591.1|A/cattle/Texas/24-008749-003/2024(H5N1)	681	2524
NA|PP755591.1|A/cattle/Texas/24-008749-003/2024(H5N1)	682	2526
NA|PP755591.1|A/cattle/Texas/24-008749-003/2024(H5N1)	683	2543
NA|PP755591.1|A/cattle/Texas/24-008749-003/2024(H5N1)	684	2580
NA|PP755591.1|A/cattle/Texas/24-008749-003/2024(H5N1)	685	2573
NA|PP755591.1|A/cattle/Texas/24-008749-003/2024(H5N1)	686	2533
NA|PP755591.1|A/cattle/Texas/24-008749-003/2024(H5N1)	687	2525
NA|PP755591.1|A/cattle/Texas/24-008749-003/2024(H5N1)	688	2570
NA|PP755591.1|A/cattle/Texas/24-008749-003/2024(H5N1)	689	2576
NA|PP755591.1|A/cattle/Texas/24-008749-003/2024(H5N1)	690	2591
NA|PP755591.1|A/cattle/Texas/24-008749-003/2024(H5N1)	691	2569
NA|PP755591.1|A/cattle/Texas/24-008749-003/2024(H5N1)	692	2570
NA|PP755591.1|A/cattle/Texas/24-008749-003/2024(H5N1)	693	2546
NA|PP755591.1|A/cattle/Texas/24-008749-003/2024(H5N1)	694	2547
NA|PP755591.1|A/cattle/Texas/24-008749-003/2024(H5N1)	695	2501
NA|PP755591.1|A/cattle/Texas/24-008749-003/2024(H5N1)	696	2498
NA|PP755591.1|A/cattle/Texas/24-008749-003/2024(H5N1)	697	2493
NA|PP755591.1|A/cattle/Texas/24-008749-003/2024(H5N1)	698	2504
NA|PP755591.1|A/cattle/Texas/24-008749-003/2024(H5N1)	699	2571
NA|PP755591.1|A/cattle/Texas/24-008749-003/2024(H5N1)	700	2570
NA|PP755591.1|A/cattle/Texas/24-008749-003/2024(H5N1)	701	2550
NA|PP755591.1|A/cattle/Texas/24-008749-003/2024(H5N1)	702	2524
NA|PP755591.1|A/cattle/Texas/24-008749-003/2024(H5N1)	703	2575
NA|PP755591.1|A/cattle/Texas/24-008749-003/2024(H5N1)	704	2576
NA|PP755591.1|A/cattle/Texas/24-008749-003/2024(H5N1)	705	2577
NA|PP755591.1|A/cattle/Texas/24-008749-003/2024(H5N1)	706	2567
NA|PP755591.1|A/cattle/Texas/24-008749-003/2024(H5N1)	707	2570
NA|PP755591.1|A/cattle/Texas/24-008749-003/2024(H5N1)	708	2530
NA|PP755591.1|A/cattle/Texas/24-008749-003/2024(H5N1)	709	2527
NA|PP755591.1|A/cattle/Texas/24-008749-003/2024(H5N1)	710	2526
NA|PP755591.1|A/cattle/Texas/24-008749-003/2024(H5N1)	711	2543
NA|PP755591.1|A/cattle/Texas/24-008749-003/2024(H5N1)	712	2542
NA|PP755591.1|A/cattle/Texas/24-008749-003/2024(H5N1)	713	2561
NA|PP755591.1|A/cattle/Texas/24-008749-003/2024(H5N1)	714	2596
NA|PP755591.1|A/cattle/Texas/24-008749-003/2024(H5N1)	715	2772
NA|PP755591.1|A/cattle/Texas/24-008749-003/2024(H5N1)	716	2805
NA|PP755591.1|A/cattle/Texas/24-008749-003/2024(H5N1)	717	2857
NA|PP755591.1|A/cattle/Texas/24-008749-003/2024(H5N1)	718	2862
NA|PP755591.1|A/cattle/Texas/24-008749-003/2024(H5N1)	719	2989
NA|PP755591.1|A/cattle/Texas/24-008749-003/2024(H5N1)	720	2954
NA|PP755591.1|A/cattle/Texas/24-008749-003/2024(H5N1)	721	2966
NA|PP755591.1|A/cattle/Texas/24-008749-003/2024(H5N1)	722	2967
NA|PP755591.1|A/cattle/Texas/24-008749-003/2024(H5N1)	723	2981
NA|PP755591.1|A/cattle/Texas/24-008749-003/2024(H5N1)	724	2978
NA|PP755591.1|A/cattle/Texas/24-008749-003/2024(H5N1)	725	2978
NA|PP755591.1|A/cattle/Texas/24-008749-003/2024(H5N1)	726	2977
NA|PP755591.1|A/cattle/Texas/24-008749-003/2024(H5N1)	727	2993
NA|PP755591.1|A/cattle/Texas/24-008749-003/2024(H5N1)	728	3061
NA|PP755591.1|A/cattle/Texas/24-008749-003/2024(H5N1)	729	3037
NA|PP755591.1|A/cattle/Texas/24-008749-003/2024(H5N1)	730	3032
NA|PP755591.1|A/cattle/Texas/24-008749-003/2024(H5N1)	731	3063
NA|PP755591.1|A/cattle/Texas/24-008749-003/2024(H5N1)	732	3070
NA|PP755591.1|A/cattle/Texas/24-008749-003/2024(H5N1)	733	3093
NA|PP755591.1|A/cattle/Texas/24-008749-003/2024(H5N1)	734	3103
NA|PP755591.1|A/cattle/Texas/24-008749-003/2024(H5N1)	735	3114
NA|PP755591.1|A/cattle/Texas/24-008749-003/2024(H5N1)	736	3113
NA|PP755591.1|A/cattle/Texas/24-008749-003/2024(H5N1)	737	3005
NA|PP755591.1|A/cattle/Texas/24-008749-003/2024(H5N1)	738	3015
NA|PP755591.1|A/cattle/Texas/24-008749-003/2024(H5N1)	739	3010
NA|PP755591.1|A/cattle/Texas/24-008749-003/2024(H5N1)	740	3073
NA|PP755591.1|A/cattle/Texas/24-008749-003/2024(H5N1)	741	3102
NA|PP755591.1|A/cattle/Texas/24-008749-003/2024(H5N1)	742	3071
NA|PP755591.1|A/cattle/Texas/24-008749-003/2024(H5N1)	743	3058
NA|PP755591.1|A/cattle/Texas/24-008749-003/2024(H5N1)	744	3020
NA|PP755591.1|A/cattle/Texas/24-008749-003/2024(H5N1)	745	3028
NA|PP755591.1|A/cattle/Texas/24-008749-003/2024(H5N1)	746	3035
NA|PP755591.1|A/cattle/Texas/24-008749-003/2024(H5N1)	747	3025
NA|PP755591.1|A/cattle/Texas/24-008749-003/2024(H5N1)	748	2930
NA|PP755591.1|A/cattle/Texas/24-008749-003/2024(H5N1)	749	2809
NA|PP755591.1|A/cattle/Texas/24-008749-003/2024(H5N1)	750	2792
NA|PP755591.1|A/cattle/Texas/24-008749-003/2024(H5N1)	751	2913
NA|PP755591.1|A/cattle/Texas/24-008749-003/2024(H5N1)	752	2920
NA|PP755591.1|A/cattle/Texas/24-008749-003/2024(H5N1)	753	2880
NA|PP755591.1|A/cattle/Texas/24-008749-003/2024(H5N1)	754	2784
NA|PP755591.1|A/cattle/Texas/24-008749-003/2024(H5N1)	755	2801
NA|PP755591.1|A/cattle/Texas/24-008749-003/2024(H5N1)	756	2824
NA|PP755591.1|A/cattle/Texas/24-008749-003/2024(H5N1)	757	2837
NA|PP755591.1|A/cattle/Texas/24-008749-003/2024(H5N1)	758	2825
NA|PP755591.1|A/cattle/Texas/24-008749-003/2024(H5N1)	759	2814
NA|PP755591.1|A/cattle/Texas/24-008749-003/2024(H5N1)	760	2801
NA|PP755591.1|A/cattle/Texas/24-008749-003/2024(H5N1)	761	2812
NA|PP755591.1|A/cattle/Texas/24-008749-003/2024(H5N1)	762	2807
NA|PP755591.1|A/cattle/Texas/24-008749-003/2024(H5N1)	763	2814
NA|PP755591.1|A/cattle/Texas/24-008749-003/2024(H5N1)	764	2706
NA|PP755591.1|A/cattle/Texas/24-008749-003/2024(H5N1)	765	2700
NA|PP755591.1|A/cattle/Texas/24-008749-003/2024(H5N1)	766	2702
NA|PP755591.1|A/cattle/Texas/24-008749-003/2024(H5N1)	767	2710
NA|PP755591.1|A/cattle/Texas/24-008749-003/2024(H5N1)	768	2697
NA|PP755591.1|A/cattle/Texas/24-008749-003/2024(H5N1)	769	2693
NA|PP755591.1|A/cattle/Texas/24-008749-003/2024(H5N1)	770	2715
NA|PP755591.1|A/cattle/Texas/24-008749-003/2024(H5N1)	771	2718
NA|PP755591.1|A/cattle/Texas/24-008749-003/2024(H5N1)	772	2674
NA|PP755591.1|A/cattle/Texas/24-008749-003/2024(H5N1)	773	2674
NA|PP755591.1|A/cattle/Texas/24-008749-003/2024(H5N1)	774	2637
NA|PP755591.1|A/cattle/Texas/24-008749-003/2024(H5N1)	775	2645
NA|PP755591.1|A/cattle/Texas/24-008749-003/2024(H5N1)	776	2643
NA|PP755591.1|A/cattle/Texas/24-008749-003/2024(H5N1)	777	2646
NA|PP755591.1|A/cattle/Texas/24-008749-003/2024(H5N1)	778	2640
NA|PP755591.1|A/cattle/Texas/24-008749-003/2024(H5N1)	779	2610
NA|PP755591.1|A/cattle/Texas/24-008749-003/2024(H5N1)	780	2586
NA|PP755591.1|A/cattle/Texas/24-008749-003/2024(H5N1)	781	2583
NA|PP755591.1|A/cattle/Texas/24-008749-003/2024(H5N1)	782	2587
NA|PP755591.1|A/cattle/Texas/24-008749-003/2024(H5N1)	783	2570
NA|PP755591.1|A/cattle/Texas/24-008749-003/2024(H5N1)	784	2573
NA|PP755591.1|A/cattle/Texas/24-008749-003/2024(H5N1)	785	2562
NA|PP755591.1|A/cattle/Texas/24-008749-003/2024(H5N1)	786	2557
NA|PP755591.1|A/cattle/Texas/24-008749-003/2024(H5N1)	787	2556
NA|PP755591.1|A/cattle/Texas/24-008749-003/2024(H5N1)	788	2554
NA|PP755591.1|A/cattle/Texas/24-008749-003/2024(H5N1)	789	2543
NA|PP755591.1|A/cattle/Texas/24-008749-003/2024(H5N1)	790	2531
NA|PP755591.1|A/cattle/Texas/24-008749-003/2024(H5N1)	791	2552
NA|PP755591.1|A/cattle/Texas/24-008749-003/2024(H5N1)	792	2549
NA|PP755591.1|A/cattle/Texas/24-008749-003/2024(H5N1)	793	2570
NA|PP755591.1|A/cattle/Texas/24-008749-003/2024(H5N1)	794	2561
NA|PP755591.1|A/cattle/Texas/24-008749-003/2024(H5N1)	795	2520
NA|PP755591.1|A/cattle/Texas/24-008749-003/2024(H5N1)	796	2504
NA|PP755591.1|A/cattle/Texas/24-008749-003/2024(H5N1)	797	2465
NA|PP755591.1|A/cattle/Texas/24-008749-003/2024(H5N1)	798	2458
NA|PP755591.1|A/cattle/Texas/24-008749-003/2024(H5N1)	799	2474
NA|PP755591.1|A/cattle/Texas/24-008749-003/2024(H5N1)	800	2481
NA|PP755591.1|A/cattle/Texas/24-008749-003/2024(H5N1)	801	2572
NA|PP755591.1|A/cattle/Texas/24-008749-003/2024(H5N1)	802	2547
NA|PP755591.1|A/cattle/Texas/24-008749-003/2024(H5N1)	803	2557
NA|PP755591.1|A/cattle/Texas/24-008749-003/2024(H5N1)	804	2645
NA|PP755591.1|A/cattle/Texas/24-008749-003/2024(H5N1)	805	2649
NA|PP755591.1|A/cattle/Texas/24-008749-003/2024(H5N1)	806	2670
NA|PP755591.1|A/cattle/Texas/24-008749-003/2024(H5N1)	807	2672
NA|PP755591.1|A/cattle/Texas/24-008749-003/2024(H5N1)	808	2644
NA|PP755591.1|A/cattle/Texas/24-008749-003/2024(H5N1)	809	2645
NA|PP755591.1|A/cattle/Texas/24-008749-003/2024(H5N1)	810	2641
NA|PP755591.1|A/cattle/Texas/24-008749-003/2024(H5N1)	811	2634
NA|PP755591.1|A/cattle/Texas/24-008749-003/2024(H5N1)	812	2715
NA|PP755591.1|A/cattle/Texas/24-008749-003/2024(H5N1)	813	2715
NA|PP755591.1|A/cattle/Texas/24-008749-003/2024(H5N1)	814	2741
NA|PP755591.1|A/cattle/Texas/24-008749-003/2024(H5N1)	815	2732
NA|PP755591.1|A/cattle/Texas/24-008749-003/2024(H5N1)	816	2727
NA|PP755591.1|A/cattle/Texas/24-008749-003/2024(H5N1)	817	2773
NA|PP755591.1|A/cattle/Texas/24-008749-003/2024(H5N1)	818	2774
NA|PP755591.1|A/cattle/Texas/24-008749-003/2024(H5N1)	819	2774
NA|PP755591.1|A/cattle/Texas/24-008749-003/2024(H5N1)	820	2770
NA|PP755591.1|A/cattle/Texas/24-008749-003/2024(H5N1)	821	2681
NA|PP755591.1|A/cattle/Texas/24-008749-003/2024(H5N1)	822	2706
NA|PP755591.1|A/cattle/Texas/24-008749-003/2024(H5N1)	823	2692
NA|PP755591.1|A/cattle/Texas/24-008749-003/2024(H5N1)	824	2675
NA|PP755591.1|A/cattle/Texas/24-008749-003/2024(H5N1)	825	2670
NA|PP755591.1|A/cattle/Texas/24-008749-003/2024(H5N1)	826	2624
NA|PP755591.1|A/cattle/Texas/24-008749-003/2024(H5N1)	827	2636
NA|PP755591.1|A/cattle/Texas/24-008749-003/2024(H5N1)	828	2630
NA|PP755591.1|A/cattle/Texas/24-008749-003/2024(H5N1)	829	2654
NA|PP755591.1|A/cattle/Texas/24-008749-003/2024(H5N1)	830	2655
NA|PP755591.1|A/cattle/Texas/24-008749-003/2024(H5N1)	831	2644
NA|PP755591.1|A/cattle/Texas/24-008749-003/2024(H5N1)	832	2658
NA|PP755591.1|A/cattle/Texas/24-008749-003/2024(H5N1)	833	2670
NA|PP755591.1|A/cattle/Texas/24-008749-003/2024(H5N1)	834	2672
NA|PP755591.1|A/cattle/Texas/24-008749-003/2024(H5N1)	835	2638
NA|PP755591.1|A/cattle/Texas/24-008749-003/2024(H5N1)	836	2641
NA|PP755591.1|A/cattle/Texas/24-008749-003/2024(H5N1)	837	2612
NA|PP755591.1|A/cattle/Texas/24-008749-003/2024(H5N1)	838	2605
NA|PP755591.1|A/cattle/Texas/24-008749-003/2024(H5N1)	839	2644
NA|PP755591.1|A/cattle/Texas/24-008749-003/2024(H5N1)	840	2659
NA|PP755591.1|A/cattle/Texas/24-008749-003/2024(H5N1)	841	2642
NA|PP755591.1|A/cattle/Texas/24-008749-003/2024(H5N1)	842	2646
NA|PP755591.1|A/cattle/Texas/24-008749-003/2024(H5N1)	843	2641
NA|PP755591.1|A/cattle/Texas/24-008749-003/2024(H5N1)	844	2647
NA|PP755591.1|A/cattle/Texas/24-008749-003/2024(H5N1)	845	2706
NA|PP755591.1|A/cattle/Texas/24-008749-003/2024(H5N1)	846	2695
NA|PP755591.1|A/cattle/Texas/24-008749-003/2024(H5N1)	847	2683
NA|PP755591.1|A/cattle/Texas/24-008749-003/2024(H5N1)	848	2636
NA|PP755591.1|A/cattle/Texas/24-008749-003/2024(H5N1)	849	2573
NA|PP755591.1|A/cattle/Texas/24-008749-003/2024(H5N1)	850	2576
NA|PP755591.1|A/cattle/Texas/24-008749-003/2024(H5N1)	851	2584
NA|PP755591.1|A/cattle/Texas/24-008749-003/2024(H5N1)	852	2583
NA|PP755591.1|A/cattle/Texas/24-008749-003/2024(H5N1)	853	2583
NA|PP755591.1|A/cattle/Texas/24-008749-003/2024(H5N1)	854	2523
NA|PP755591.1|A/cattle/Texas/24-008749-003/2024(H5N1)	855	2540
NA|PP755591.1|A/cattle/Texas/24-008749-003/2024(H5N1)	856	2798
NA|PP755591.1|A/cattle/Texas/24-008749-003/2024(H5N1)	857	2845
NA|PP755591.1|A/cattle/Texas/24-008749-003/2024(H5N1)	858	2834
NA|PP755591.1|A/cattle/Texas/24-008749-003/2024(H5N1)	859	2892
NA|PP755591.1|A/cattle/Texas/24-008749-003/2024(H5N1)	860	2953
NA|PP755591.1|A/cattle/Texas/24-008749-003/2024(H5N1)	861	3035
NA|PP755591.1|A/cattle/Texas/24-008749-003/2024(H5N1)	862	3039
NA|PP755591.1|A/cattle/Texas/24-008749-003/2024(H5N1)	863	3059
NA|PP755591.1|A/cattle/Texas/24-008749-003/2024(H5N1)	864	3012
NA|PP755591.1|A/cattle/Texas/24-008749-003/2024(H5N1)	865	3088
NA|PP755591.1|A/cattle/Texas/24-008749-003/2024(H5N1)	866	2832
NA|PP755591.1|A/cattle/Texas/24-008749-003/2024(H5N1)	867	2856
NA|PP755591.1|A/cattle/Texas/24-008749-003/2024(H5N1)	868	2812
NA|PP755591.1|A/cattle/Texas/24-008749-003/2024(H5N1)	869	2823
NA|PP755591.1|A/cattle/Texas/24-008749-003/2024(H5N1)	870	2690
NA|PP755591.1|A/cattle/Texas/24-008749-003/2024(H5N1)	871	2694
NA|PP755591.1|A/cattle/Texas/24-008749-003/2024(H5N1)	872	2662
NA|PP755591.1|A/cattle/Texas/24-008749-003/2024(H5N1)	873	2709
NA|PP755591.1|A/cattle/Texas/24-008749-003/2024(H5N1)	874	2708
NA|PP755591.1|A/cattle/Texas/24-008749-003/2024(H5N1)	875	2800
NA|PP755591.1|A/cattle/Texas/24-008749-003/2024(H5N1)	876	2845
NA|PP755591.1|A/cattle/Texas/24-008749-003/2024(H5N1)	877	2831
NA|PP755591.1|A/cattle/Texas/24-008749-003/2024(H5N1)	878	2828
NA|PP755591.1|A/cattle/Texas/24-008749-003/2024(H5N1)	879	2828
NA|PP755591.1|A/cattle/Texas/24-008749-003/2024(H5N1)	880	2836
NA|PP755591.1|A/cattle/Texas/24-008749-003/2024(H5N1)	881	2830
NA|PP755591.1|A/cattle/Texas/24-008749-003/2024(H5N1)	882	2880
NA|PP755591.1|A/cattle/Texas/24-008749-003/2024(H5N1)	883	2875
NA|PP755591.1|A/cattle/Texas/24-008749-003/2024(H5N1)	884	2881
NA|PP755591.1|A/cattle/Texas/24-008749-003/2024(H5N1)	885	2879
NA|PP755591.1|A/cattle/Texas/24-008749-003/2024(H5N1)	886	2861
NA|PP755591.1|A/cattle/Texas/24-008749-003/2024(H5N1)	887	2876
NA|PP755591.1|A/cattle/Texas/24-008749-003/2024(H5N1)	888	2884
NA|PP755591.1|A/cattle/Texas/24-008749-003/2024(H5N1)	889	2874
NA|PP755591.1|A/cattle/Texas/24-008749-003/2024(H5N1)	890	2872
NA|PP755591.1|A/cattle/Texas/24-008749-003/2024(H5N1)	891	2749
NA|PP755591.1|A/cattle/Texas/24-008749-003/2024(H5N1)	892	2869
NA|PP755591.1|A/cattle/Texas/24-008749-003/2024(H5N1)	893	2965
NA|PP755591.1|A/cattle/Texas/24-008749-003/2024(H5N1)	894	2960
NA|PP755591.1|A/cattle/Texas/24-008749-003/2024(H5N1)	895	2960
NA|PP755591.1|A/cattle/Texas/24-008749-003/2024(H5N1)	896	2945
NA|PP755591.1|A/cattle/Texas/24-008749-003/2024(H5N1)	897	2945
NA|PP755591.1|A/cattle/Texas/24-008749-003/2024(H5N1)	898	2969
NA|PP755591.1|A/cattle/Texas/24-008749-003/2024(H5N1)	899	2971
NA|PP755591.1|A/cattle/Texas/24-008749-003/2024(H5N1)	900	2965
NA|PP755591.1|A/cattle/Texas/24-008749-003/2024(H5N1)	901	2848
NA|PP755591.1|A/cattle/Texas/24-008749-003/2024(H5N1)	902	2855
NA|PP755591.1|A/cattle/Texas/24-008749-003/2024(H5N1)	903	2877
NA|PP755591.1|A/cattle/Texas/24-008749-003/2024(H5N1)	904	2878
NA|PP755591.1|A/cattle/Texas/24-008749-003/2024(H5N1)	905	2855
NA|PP755591.1|A/cattle/Texas/24-008749-003/2024(H5N1)	906	2855
NA|PP755591.1|A/cattle/Texas/24-008749-003/2024(H5N1)	907	2838
NA|PP755591.1|A/cattle/Texas/24-008749-003/2024(H5N1)	908	2854
NA|PP755591.1|A/cattle/Texas/24-008749-003/2024(H5N1)	909	2869
NA|PP755591.1|A/cattle/Texas/24-008749-003/2024(H5N1)	910	2877
NA|PP755591.1|A/cattle/Texas/24-008749-003/2024(H5N1)	911	2875
NA|PP755591.1|A/cattle/Texas/24-008749-003/2024(H5N1)	912	2867
NA|PP755591.1|A/cattle/Texas/24-008749-003/2024(H5N1)	913	2869
NA|PP755591.1|A/cattle/Texas/24-008749-003/2024(H5N1)	914	2879
NA|PP755591.1|A/cattle/Texas/24-008749-003/2024(H5N1)	915	2874
NA|PP755591.1|A/cattle/Texas/24-008749-003/2024(H5N1)	916	2876
NA|PP755591.1|A/cattle/Texas/24-008749-003/2024(H5N1)	917	2902
NA|PP755591.1|A/cattle/Texas/24-008749-003/2024(H5N1)	918	2896
NA|PP755591.1|A/cattle/Texas/24-008749-003/2024(H5N1)	919	2991
NA|PP755591.1|A/cattle/Texas/24-008749-003/2024(H5N1)	920	2993
NA|PP755591.1|A/cattle/Texas/24-008749-003/2024(H5N1)	921	2972
NA|PP755591.1|A/cattle/Texas/24-008749-003/2024(H5N1)	922	2968
NA|PP755591.1|A/cattle/Texas/24-008749-003/2024(H5N1)	923	2954
NA|PP755591.1|A/cattle/Texas/24-008749-003/2024(H5N1)	924	2952
NA|PP755591.1|A/cattle/Texas/24-008749-003/2024(H5N1)	925	2973
NA|PP755591.1|A/cattle/Texas/24-008749-003/2024(H5N1)	926	2983
NA|PP755591.1|A/cattle/Texas/24-008749-003/2024(H5N1)	927	2984
NA|PP755591.1|A/cattle/Texas/24-008749-003/2024(H5N1)	928	2972
NA|PP755591.1|A/cattle/Texas/24-008749-003/2024(H5N1)	929	2970
NA|PP755591.1|A/cattle/Texas/24-008749-003/2024(H5N1)	930	2972
NA|PP755591.1|A/cattle/Texas/24-008749-003/2024(H5N1)	931	2973
NA|PP755591.1|A/cattle/Texas/24-008749-003/2024(H5N1)	932	2969
NA|PP755591.1|A/cattle/Texas/24-008749-003/2024(H5N1)	933	3017
NA|PP755591.1|A/cattle/Texas/24-008749-003/2024(H5N1)	934	3014
NA|PP755591.1|A/cattle/Texas/24-008749-003/2024(H5N1)	935	3045
NA|PP755591.1|A/cattle/Texas/24-008749-003/2024(H5N1)	936	3046
NA|PP755591.1|A/cattle/Texas/24-008749-003/2024(H5N1)	937	3063
NA|PP755591.1|A/cattle/Texas/24-008749-003/2024(H5N1)	938	3072
NA|PP755591.1|A/cattle/Texas/24-008749-003/2024(H5N1)	939	3072
NA|PP755591.1|A/cattle/Texas/24-008749-003/2024(H5N1)	940	3066
NA|PP755591.1|A/cattle/Texas/24-008749-003/2024(H5N1)	941	3075
NA|PP755591.1|A/cattle/Texas/24-008749-003/2024(H5N1)	942	3046
NA|PP755591.1|A/cattle/Texas/24-008749-003/2024(H5N1)	943	3223
NA|PP755591.1|A/cattle/Texas/24-008749-003/2024(H5N1)	944	3213
NA|PP755591.1|A/cattle/Texas/24-008749-003/2024(H5N1)	945	3230
NA|PP755591.1|A/cattle/Texas/24-008749-003/2024(H5N1)	946	3360
NA|PP755591.1|A/cattle/Texas/24-008749-003/2024(H5N1)	947	3382
NA|PP755591.1|A/cattle/Texas/24-008749-003/2024(H5N1)	948	3444
NA|PP755591.1|A/cattle/Texas/24-008749-003/2024(H5N1)	949	3461
NA|PP755591.1|A/cattle/Texas/24-008749-003/2024(H5N1)	950	3450
NA|PP755591.1|A/cattle/Texas/24-008749-003/2024(H5N1)	951	3457
NA|PP755591.1|A/cattle/Texas/24-008749-003/2024(H5N1)	952	3354
NA|PP755591.1|A/cattle/Texas/24-008749-003/2024(H5N1)	953	3348
NA|PP755591.1|A/cattle/Texas/24-008749-003/2024(H5N1)	954	3351
NA|PP755591.1|A/cattle/Texas/24-008749-003/2024(H5N1)	955	3252
NA|PP755591.1|A/cattle/Texas/24-008749-003/2024(H5N1)	956	3252
NA|PP755591.1|A/cattle/Texas/24-008749-003/2024(H5N1)	957	3295
NA|PP755591.1|A/cattle/Texas/24-008749-003/2024(H5N1)	958	3301
NA|PP755591.1|A/cattle/Texas/24-008749-003/2024(H5N1)	959	3300
NA|PP755591.1|A/cattle/Texas/24-008749-003/2024(H5N1)	960	3294
NA|PP755591.1|A/cattle/Texas/24-008749-003/2024(H5N1)	961	3292
NA|PP755591.1|A/cattle/Texas/24-008749-003/2024(H5N1)	962	3293
NA|PP755591.1|A/cattle/Texas/24-008749-003/2024(H5N1)	963	3220
NA|PP755591.1|A/cattle/Texas/24-008749-003/2024(H5N1)	964	3238
NA|PP755591.1|A/cattle/Texas/24-008749-003/2024(H5N1)	965	3212
NA|PP755591.1|A/cattle/Texas/24-008749-003/2024(H5N1)	966	3198
NA|PP755591.1|A/cattle/Texas/24-008749-003/2024(H5N1)	967	3196
NA|PP755591.1|A/cattle/Texas/24-008749-003/2024(H5N1)	968	3214
NA|PP755591.1|A/cattle/Texas/24-008749-003/2024(H5N1)	969	3227
NA|PP755591.1|A/cattle/Texas/24-008749-003/2024(H5N1)	970	3246
NA|PP755591.1|A/cattle/Texas/24-008749-003/2024(H5N1)	971	3247
NA|PP755591.1|A/cattle/Texas/24-008749-003/2024(H5N1)	972	3241
NA|PP755591.1|A/cattle/Texas/24-008749-003/2024(H5N1)	973	3228
NA|PP755591.1|A/cattle/Texas/24-008749-003/2024(H5N1)	974	3268
NA|PP755591.1|A/cattle/Texas/24-008749-003/2024(H5N1)	975	3276
NA|PP755591.1|A/cattle/Texas/24-008749-003/2024(H5N1)	976	3265
NA|PP755591.1|A/cattle/Texas/24-008749-003/2024(H5N1)	977	3296
NA|PP755591.1|A/cattle/Texas/24-008749-003/2024(H5N1)	978	3288
NA|PP755591.1|A/cattle/Texas/24-008749-003/2024(H5N1)	979	3262
NA|PP755591.1|A/cattle/Texas/24-008749-003/2024(H5N1)	980	3264
NA|PP755591.1|A/cattle/Texas/24-008749-003/2024(H5N1)	981	3281
NA|PP755591.1|A/cattle/Texas/24-008749-003/2024(H5N1)	982	3270
NA|PP755591.1|A/cattle/Texas/24-008749-003/2024(H5N1)	983	3249
NA|PP755591.1|A/cattle/Texas/24-008749-003/2024(H5N1)	984	3256
NA|PP755591.1|A/cattle/Texas/24-008749-003/2024(H5N1)	985	3262
NA|PP755591.1|A/cattle/Texas/24-008749-003/2024(H5N1)	986	3275
NA|PP755591.1|A/cattle/Texas/24-008749-003/2024(H5N1)	987	3311
NA|PP755591.1|A/cattle/Texas/24-008749-003/2024(H5N1)	988	3300
NA|PP755591.1|A/cattle/Texas/24-008749-003/2024(H5N1)	989	3309
NA|PP755591.1|A/cattle/Texas/24-008749-003/2024(H5N1)	990	3262
NA|PP755591.1|A/cattle/Texas/24-008749-003/2024(H5N1)	991	3246
NA|PP755591.1|A/cattle/Texas/24-008749-003/2024(H5N1)	992	3286
NA|PP755591.1|A/cattle/Texas/24-008749-003/2024(H5N1)	993	3349
NA|PP755591.1|A/cattle/Texas/24-008749-003/2024(H5N1)	994	3350
NA|PP755591.1|A/cattle/Texas/24-008749-003/2024(H5N1)	995	3294
NA|PP755591.1|A/cattle/Texas/24-008749-003/2024(H5N1)	996	3267
NA|PP755591.1|A/cattle/Texas/24-008749-003/2024(H5N1)	997	3314
NA|PP755591.1|A/cattle/Texas/24-008749-003/2024(H5N1)	998	3382
NA|PP755591.1|A/cattle/Texas/24-008749-003/2024(H5N1)	999	3424
NA|PP755591.1|A/cattle/Texas/24-008749-003/2024(H5N1)	1000	3406
NA|PP755591.1|A/cattle/Texas/24-008749-003/2024(H5N1)	1001	3435
NA|PP755591.1|A/cattle/Texas/24-008749-003/2024(H5N1)	1002	3500
NA|PP755591.1|A/cattle/Texas/24-008749-003/2024(H5N1)	1003	3502
NA|PP755591.1|A/cattle/Texas/24-008749-003/2024(H5N1)	1004	3501
NA|PP755591.1|A/cattle/Texas/24-008749-003/2024(H5N1)	1005	3483
NA|PP755591.1|A/cattle/Texas/24-008749-003/2024(H5N1)	1006	3424
NA|PP755591.1|A/cattle/Texas/24-008749-003/2024(H5N1)	1007	3383
NA|PP755591.1|A/cattle/Texas/24-008749-003/2024(H5N1)	1008	3384
NA|PP755591.1|A/cattle/Texas/24-008749-003/2024(H5N1)	1009	3364
NA|PP755591.1|A/cattle/Texas/24-008749-003/2024(H5N1)	1010	3332
NA|PP755591.1|A/cattle/Texas/24-008749-003/2024(H5N1)	1011	3300
NA|PP755591.1|A/cattle/Texas/24-008749-003/2024(H5N1)	1012	3213
NA|PP755591.1|A/cattle/Texas/24-008749-003/2024(H5N1)	1013	3219
NA|PP755591.1|A/cattle/Texas/24-008749-003/2024(H5N1)	1014	3237
NA|PP755591.1|A/cattle/Texas/24-008749-003/2024(H5N1)	1015	3251
NA|PP755591.1|A/cattle/Texas/24-008749-003/2024(H5N1)	1016	3196
NA|PP755591.1|A/cattle/Texas/24-008749-003/2024(H5N1)	1017	3197
NA|PP755591.1|A/cattle/Texas/24-008749-003/2024(H5N1)	1018	3182
NA|PP755591.1|A/cattle/Texas/24-008749-003/2024(H5N1)	1019	3258
NA|PP755591.1|A/cattle/Texas/24-008749-003/2024(H5N1)	1020	3257
NA|PP755591.1|A/cattle/Texas/24-008749-003/2024(H5N1)	1021	3274
NA|PP755591.1|A/cattle/Texas/24-008749-003/2024(H5N1)	1022	3271
NA|PP755591.1|A/cattle/Texas/24-008749-003/2024(H5N1)	1023	3250
NA|PP755591.1|A/cattle/Texas/24-008749-003/2024(H5N1)	1024	3218
NA|PP755591.1|A/cattle/Texas/24-008749-003/2024(H5N1)	1025	3250
NA|PP755591.1|A/cattle/Texas/24-008749-003/2024(H5N1)	1026	3230
NA|PP755591.1|A/cattle/Texas/24-008749-003/2024(H5N1)	1027	3306
NA|PP755591.1|A/cattle/Texas/24-008749-003/2024(H5N1)	1028	3239
NA|PP755591.1|A/cattle/Texas/24-008749-003/2024(H5N1)	1029	3253
NA|PP755591.1|A/cattle/Texas/24-008749-003/2024(H5N1)	1030	3238
NA|PP755591.1|A/cattle/Texas/24-008749-003/2024(H5N1)	1031	3243
NA|PP755591.1|A/cattle/Texas/24-008749-003/2024(H5N1)	1032	3243
NA|PP755591.1|A/cattle/Texas/24-008749-003/2024(H5N1)	1033	3172
NA|PP755591.1|A/cattle/Texas/24-008749-003/2024(H5N1)	1034	3312
NA|PP755591.1|A/cattle/Texas/24-008749-003/2024(H5N1)	1035	3292
NA|PP755591.1|A/cattle/Texas/24-008749-003/2024(H5N1)	1036	3331
NA|PP755591.1|A/cattle/Texas/24-008749-003/2024(H5N1)	1037	3357
NA|PP755591.1|A/cattle/Texas/24-008749-003/2024(H5N1)	1038	3341
NA|PP755591.1|A/cattle/Texas/24-008749-003/2024(H5N1)	1039	3334
NA|PP755591.1|A/cattle/Texas/24-008749-003/2024(H5N1)	1040	3351
NA|PP755591.1|A/cattle/Texas/24-008749-003/2024(H5N1)	1041	3353
NA|PP755591.1|A/cattle/Texas/24-008749-003/2024(H5N1)	1042	3357
NA|PP755591.1|A/cattle/Texas/24-008749-003/2024(H5N1)	1043	3185
NA|PP755591.1|A/cattle/Texas/24-008749-003/2024(H5N1)	1044	3171
NA|PP755591.1|A/cattle/Texas/24-008749-003/2024(H5N1)	1045	3159
NA|PP755591.1|A/cattle/Texas/24-008749-003/2024(H5N1)	1046	3162
NA|PP755591.1|A/cattle/Texas/24-008749-003/2024(H5N1)	1047	3165
NA|PP755591.1|A/cattle/Texas/24-008749-003/2024(H5N1)	1048	3170
NA|PP755591.1|A/cattle/Texas/24-008749-003/2024(H5N1)	1049	3172
NA|PP755591.1|A/cattle/Texas/24-008749-003/2024(H5N1)	1050	3173
NA|PP755591.1|A/cattle/Texas/24-008749-003/2024(H5N1)	1051	3182
NA|PP755591.1|A/cattle/Texas/24-008749-003/2024(H5N1)	1052	3179
NA|PP755591.1|A/cattle/Texas/24-008749-003/2024(H5N1)	1053	3157
NA|PP755591.1|A/cattle/Texas/24-008749-003/2024(H5N1)	1054	3293
NA|PP755591.1|A/cattle/Texas/24-008749-003/2024(H5N1)	1055	3293
NA|PP755591.1|A/cattle/Texas/24-008749-003/2024(H5N1)	1056	3304
NA|PP755591.1|A/cattle/Texas/24-008749-003/2024(H5N1)	1057	3312
NA|PP755591.1|A/cattle/Texas/24-008749-003/2024(H5N1)	1058	3353
NA|PP755591.1|A/cattle/Texas/24-008749-003/2024(H5N1)	1059	3553
NA|PP755591.1|A/cattle/Texas/24-008749-003/2024(H5N1)	1060	3546
NA|PP755591.1|A/cattle/Texas/24-008749-003/2024(H5N1)	1061	3774
NA|PP755591.1|A/cattle/Texas/24-008749-003/2024(H5N1)	1062	3773
NA|PP755591.1|A/cattle/Texas/24-008749-003/2024(H5N1)	1063	3771
NA|PP755591.1|A/cattle/Texas/24-008749-003/2024(H5N1)	1064	3775
NA|PP755591.1|A/cattle/Texas/24-008749-003/2024(H5N1)	1065	3741
NA|PP755591.1|A/cattle/Texas/24-008749-003/2024(H5N1)	1066	3745
NA|PP755591.1|A/cattle/Texas/24-008749-003/2024(H5N1)	1067	3759
NA|PP755591.1|A/cattle/Texas/24-008749-003/2024(H5N1)	1068	3775
NA|PP755591.1|A/cattle/Texas/24-008749-003/2024(H5N1)	1069	3787
NA|PP755591.1|A/cattle/Texas/24-008749-003/2024(H5N1)	1070	3672
NA|PP755591.1|A/cattle/Texas/24-008749-003/2024(H5N1)	1071	3671
NA|PP755591.1|A/cattle/Texas/24-008749-003/2024(H5N1)	1072	3690
NA|PP755591.1|A/cattle/Texas/24-008749-003/2024(H5N1)	1073	3682
NA|PP755591.1|A/cattle/Texas/24-008749-003/2024(H5N1)	1074	3701
NA|PP755591.1|A/cattle/Texas/24-008749-003/2024(H5N1)	1075	3701
NA|PP755591.1|A/cattle/Texas/24-008749-003/2024(H5N1)	1076	3679
NA|PP755591.1|A/cattle/Texas/24-008749-003/2024(H5N1)	1077	3655
NA|PP755591.1|A/cattle/Texas/24-008749-003/2024(H5N1)	1078	3653
NA|PP755591.1|A/cattle/Texas/24-008749-003/2024(H5N1)	1079	3681
NA|PP755591.1|A/cattle/Texas/24-008749-003/2024(H5N1)	1080	3691
NA|PP755591.1|A/cattle/Texas/24-008749-003/2024(H5N1)	1081	3689
NA|PP755591.1|A/cattle/Texas/24-008749-003/2024(H5N1)	1082	3701
NA|PP755591.1|A/cattle/Texas/24-008749-003/2024(H5N1)	1083	3697
NA|PP755591.1|A/cattle/Texas/24-008749-003/2024(H5N1)	1084	3755
NA|PP755591.1|A/cattle/Texas/24-008749-003/2024(H5N1)	1085	3730
NA|PP755591.1|A/cattle/Texas/24-008749-003/2024(H5N1)	1086	3732
NA|PP755591.1|A/cattle/Texas/24-008749-003/2024(H5N1)	1087	3732
NA|PP755591.1|A/cattle/Texas/24-008749-003/2024(H5N1)	1088	3706
NA|PP755591.1|A/cattle/Texas/24-008749-003/2024(H5N1)	1089	3716
NA|PP755591.1|A/cattle/Texas/24-008749-003/2024(H5N1)	1090	3714
NA|PP755591.1|A/cattle/Texas/24-008749-003/2024(H5N1)	1091	3728
NA|PP755591.1|A/cattle/Texas/24-008749-003/2024(H5N1)	1092	3733
NA|PP755591.1|A/cattle/Texas/24-008749-003/2024(H5N1)	1093	3729
NA|PP755591.1|A/cattle/Texas/24-008749-003/2024(H5N1)	1094	3548
NA|PP755591.1|A/cattle/Texas/24-008749-003/2024(H5N1)	1095	3544
NA|PP755591.1|A/cattle/Texas/24-008749-003/2024(H5N1)	1096	3587
NA|PP755591.1|A/cattle/Texas/24-008749-003/2024(H5N1)	1097	3463
NA|PP755591.1|A/cattle/Texas/24-008749-003/2024(H5N1)	1098	3635
NA|PP755591.1|A/cattle/Texas/24-008749-003/2024(H5N1)	1099	3604
NA|PP755591.1|A/cattle/Texas/24-008749-003/2024(H5N1)	1100	3583
NA|PP755591.1|A/cattle/Texas/24-008749-003/2024(H5N1)	1101	3571
NA|PP755591.1|A/cattle/Texas/24-008749-003/2024(H5N1)	1102	3570
NA|PP755591.1|A/cattle/Texas/24-008749-003/2024(H5N1)	1103	3571
NA|PP755591.1|A/cattle/Texas/24-008749-003/2024(H5N1)	1104	3600
NA|PP755591.1|A/cattle/Texas/24-008749-003/2024(H5N1)	1105	3538
NA|PP755591.1|A/cattle/Texas/24-008749-003/2024(H5N1)	1106	3536
NA|PP755591.1|A/cattle/Texas/24-008749-003/2024(H5N1)	1107	3488
NA|PP755591.1|A/cattle/Texas/24-008749-003/2024(H5N1)	1108	3491
NA|PP755591.1|A/cattle/Texas/24-008749-003/2024(H5N1)	1109	3591
NA|PP755591.1|A/cattle/Texas/24-008749-003/2024(H5N1)	1110	3603
NA|PP755591.1|A/cattle/Texas/24-008749-003/2024(H5N1)	1111	3602
NA|PP755591.1|A/cattle/Texas/24-008749-003/2024(H5N1)	1112	3605
NA|PP755591.1|A/cattle/Texas/24-008749-003/2024(H5N1)	1113	3605
NA|PP755591.1|A/cattle/Texas/24-008749-003/2024(H5N1)	1114	3611
NA|PP755591.1|A/cattle/Texas/24-008749-003/2024(H5N1)	1115	3617
NA|PP755591.1|A/cattle/Texas/24-008749-003/2024(H5N1)	1116	3617
NA|PP755591.1|A/cattle/Texas/24-008749-003/2024(H5N1)	1117	3637
NA|PP755591.1|A/cattle/Texas/24-008749-003/2024(H5N1)	1118	3575
NA|PP755591.1|A/cattle/Texas/24-008749-003/2024(H5N1)	1119	3625
NA|PP755591.1|A/cattle/Texas/24-008749-003/2024(H5N1)	1120	3650
NA|PP755591.1|A/cattle/Texas/24-008749-003/2024(H5N1)	1121	3727
NA|PP755591.1|A/cattle/Texas/24-008749-003/2024(H5N1)	1122	3727
NA|PP755591.1|A/cattle/Texas/24-008749-003/2024(H5N1)	1123	3722
NA|PP755591.1|A/cattle/Texas/24-008749-003/2024(H5N1)	1124	3722
NA|PP755591.1|A/cattle/Texas/24-008749-003/2024(H5N1)	1125	3686
NA|PP755591.1|A/cattle/Texas/24-008749-003/2024(H5N1)	1126	3682
NA|PP755591.1|A/cattle/Texas/24-008749-003/2024(H5N1)	1127	3699
NA|PP755591.1|A/cattle/Texas/24-008749-003/2024(H5N1)	1128	3660
NA|PP755591.1|A/cattle/Texas/24-008749-003/2024(H5N1)	1129	3669
NA|PP755591.1|A/cattle/Texas/24-008749-003/2024(H5N1)	1130	3651
NA|PP755591.1|A/cattle/Texas/24-008749-003/2024(H5N1)	1131	3654
NA|PP755591.1|A/cattle/Texas/24-008749-003/2024(H5N1)	1132	3689
NA|PP755591.1|A/cattle/Texas/24-008749-003/2024(H5N1)	1133	3708
NA|PP755591.1|A/cattle/Texas/24-008749-003/2024(H5N1)	1134	3737
NA|PP755591.1|A/cattle/Texas/24-008749-003/2024(H5N1)	1135	3722
NA|PP755591.1|A/cattle/Texas/24-008749-003/2024(H5N1)	1136	3744
NA|PP755591.1|A/cattle/Texas/24-008749-003/2024(H5N1)	1137	3825
NA|PP755591.1|A/cattle/Texas/24-008749-003/2024(H5N1)	1138	3844
NA|PP755591.1|A/cattle/Texas/24-008749-003/2024(H5N1)	1139	3867
NA|PP755591.1|A/cattle/Texas/24-008749-003/2024(H5N1)	1140	3886
NA|PP755591.1|A/cattle/Texas/24-008749-003/2024(H5N1)	1141	3887
NA|PP755591.1|A/cattle/Texas/24-008749-003/2024(H5N1)	1142	3830
NA|PP755591.1|A/cattle/Texas/24-008749-003/2024(H5N1)	1143	3763
NA|PP755591.1|A/cattle/Texas/24-008749-003/2024(H5N1)	1144	3799
NA|PP755591.1|A/cattle/Texas/24-008749-003/2024(H5N1)	1145	3765
NA|PP755591.1|A/cattle/Texas/24-008749-003/2024(H5N1)	1146	3767
NA|PP755591.1|A/cattle/Texas/24-008749-003/2024(H5N1)	1147	3811
NA|PP755591.1|A/cattle/Texas/24-008749-003/2024(H5N1)	1148	3718
NA|PP755591.1|A/cattle/Texas/24-008749-003/2024(H5N1)	1149	3727
NA|PP755591.1|A/cattle/Texas/24-008749-003/2024(H5N1)	1150	3758
NA|PP755591.1|A/cattle/Texas/24-008749-003/2024(H5N1)	1151	3756
NA|PP755591.1|A/cattle/Texas/24-008749-003/2024(H5N1)	1152	3717
NA|PP755591.1|A/cattle/Texas/24-008749-003/2024(H5N1)	1153	3665
NA|PP755591.1|A/cattle/Texas/24-008749-003/2024(H5N1)	1154	3704
NA|PP755591.1|A/cattle/Texas/24-008749-003/2024(H5N1)	1155	3720
NA|PP755591.1|A/cattle/Texas/24-008749-003/2024(H5N1)	1156	3720
NA|PP755591.1|A/cattle/Texas/24-008749-003/2024(H5N1)	1157	3734
NA|PP755591.1|A/cattle/Texas/24-008749-003/2024(H5N1)	1158	3573
NA|PP755591.1|A/cattle/Texas/24-008749-003/2024(H5N1)	1159	3575
NA|PP755591.1|A/cattle/Texas/24-008749-003/2024(H5N1)	1160	3557
NA|PP755591.1|A/cattle/Texas/24-008749-003/2024(H5N1)	1161	3543
NA|PP755591.1|A/cattle/Texas/24-008749-003/2024(H5N1)	1162	3540
NA|PP755591.1|A/cattle/Texas/24-008749-003/2024(H5N1)	1163	3546
NA|PP755591.1|A/cattle/Texas/24-008749-003/2024(H5N1)	1164	3530
NA|PP755591.1|A/cattle/Texas/24-008749-003/2024(H5N1)	1165	3505
NA|PP755591.1|A/cattle/Texas/24-008749-003/2024(H5N1)	1166	3495
NA|PP755591.1|A/cattle/Texas/24-008749-003/2024(H5N1)	1167	3482
NA|PP755591.1|A/cattle/Texas/24-008749-003/2024(H5N1)	1168	3476
NA|PP755591.1|A/cattle/Texas/24-008749-003/2024(H5N1)	1169	3470
NA|PP755591.1|A/cattle/Texas/24-008749-003/2024(H5N1)	1170	3375
NA|PP755591.1|A/cattle/Texas/24-008749-003/2024(H5N1)	1171	3370
NA|PP755591.1|A/cattle/Texas/24-008749-003/2024(H5N1)	1172	3359
NA|PP755591.1|A/cattle/Texas/24-008749-003/2024(H5N1)	1173	3367
NA|PP755591.1|A/cattle/Texas/24-008749-003/2024(H5N1)	1174	3365
NA|PP755591.1|A/cattle/Texas/24-008749-003/2024(H5N1)	1175	3494
NA|PP755591.1|A/cattle/Texas/24-008749-003/2024(H5N1)	1176	3390
NA|PP755591.1|A/cattle/Texas/24-008749-003/2024(H5N1)	1177	3308
NA|PP755591.1|A/cattle/Texas/24-008749-003/2024(H5N1)	1178	3358
NA|PP755591.1|A/cattle/Texas/24-008749-003/2024(H5N1)	1179	3335
NA|PP755591.1|A/cattle/Texas/24-008749-003/2024(H5N1)	1180	3330
NA|PP755591.1|A/cattle/Texas/24-008749-003/2024(H5N1)	1181	3344
NA|PP755591.1|A/cattle/Texas/24-008749-003/2024(H5N1)	1182	3347
NA|PP755591.1|A/cattle/Texas/24-008749-003/2024(H5N1)	1183	3347
NA|PP755591.1|A/cattle/Texas/24-008749-003/2024(H5N1)	1184	3398
NA|PP755591.1|A/cattle/Texas/24-008749-003/2024(H5N1)	1185	3321
NA|PP755591.1|A/cattle/Texas/24-008749-003/2024(H5N1)	1186	3295
NA|PP755591.1|A/cattle/Texas/24-008749-003/2024(H5N1)	1187	3257
NA|PP755591.1|A/cattle/Texas/24-008749-003/2024(H5N1)	1188	3289
NA|PP755591.1|A/cattle/Texas/24-008749-003/2024(H5N1)	1189	3279
NA|PP755591.1|A/cattle/Texas/24-008749-003/2024(H5N1)	1190	3304
NA|PP755591.1|A/cattle/Texas/24-008749-003/2024(H5N1)	1191	3285
NA|PP755591.1|A/cattle/Texas/24-008749-003/2024(H5N1)	1192	3283
NA|PP755591.1|A/cattle/Texas/24-008749-003/2024(H5N1)	1193	3276
NA|PP755591.1|A/cattle/Texas/24-008749-003/2024(H5N1)	1194	3271
NA|PP755591.1|A/cattle/Texas/24-008749-003/2024(H5N1)	1195	3233
NA|PP755591.1|A/cattle/Texas/24-008749-003/2024(H5N1)	1196	3306
NA|PP755591.1|A/cattle/Texas/24-008749-003/2024(H5N1)	1197	3310
NA|PP755591.1|A/cattle/Texas/24-008749-003/2024(H5N1)	1198	3338
NA|PP755591.1|A/cattle/Texas/24-008749-003/2024(H5N1)	1199	3320
NA|PP755591.1|A/cattle/Texas/24-008749-003/2024(H5N1)	1200	3318
NA|PP755591.1|A/cattle/Texas/24-008749-003/2024(H5N1)	1201	3468
NA|PP755591.1|A/cattle/Texas/24-008749-003/2024(H5N1)	1202	3528
NA|PP755591.1|A/cattle/Texas/24-008749-003/2024(H5N1)	1203	3551
NA|PP755591.1|A/cattle/Texas/24-008749-003/2024(H5N1)	1204	3547
NA|PP755591.1|A/cattle/Texas/24-008749-003/2024(H5N1)	1205	3430
NA|PP755591.1|A/cattle/Texas/24-008749-003/2024(H5N1)	1206	3429
NA|PP755591.1|A/cattle/Texas/24-008749-003/2024(H5N1)	1207	3416
NA|PP755591.1|A/cattle/Texas/24-008749-003/2024(H5N1)	1208	3417
NA|PP755591.1|A/cattle/Texas/24-008749-003/2024(H5N1)	1209	3372
NA|PP755591.1|A/cattle/Texas/24-008749-003/2024(H5N1)	1210	3121
NA|PP755591.1|A/cattle/Texas/24-008749-003/2024(H5N1)	1211	3112
NA|PP755591.1|A/cattle/Texas/24-008749-003/2024(H5N1)	1212	2978
NA|PP755591.1|A/cattle/Texas/24-008749-003/2024(H5N1)	1213	2999
NA|PP755591.1|A/cattle/Texas/24-008749-003/2024(H5N1)	1214	3002
NA|PP755591.1|A/cattle/Texas/24-008749-003/2024(H5N1)	1215	3050
NA|PP755591.1|A/cattle/Texas/24-008749-003/2024(H5N1)	1216	3053
NA|PP755591.1|A/cattle/Texas/24-008749-003/2024(H5N1)	1217	3099
NA|PP755591.1|A/cattle/Texas/24-008749-003/2024(H5N1)	1218	3096
NA|PP755591.1|A/cattle/Texas/24-008749-003/2024(H5N1)	1219	3057
NA|PP755591.1|A/cattle/Texas/24-008749-003/2024(H5N1)	1220	3045
NA|PP755591.1|A/cattle/Texas/24-008749-003/2024(H5N1)	1221	3043
NA|PP755591.1|A/cattle/Texas/24-008749-003/2024(H5N1)	1222	3045
NA|PP755591.1|A/cattle/Texas/24-008749-003/2024(H5N1)	1223	3026
NA|PP755591.1|A/cattle/Texas/24-008749-003/2024(H5N1)	1224	3031
NA|PP755591.1|A/cattle/Texas/24-008749-003/2024(H5N1)	1225	3206
NA|PP755591.1|A/cattle/Texas/24-008749-003/2024(H5N1)	1226	3244
NA|PP755591.1|A/cattle/Texas/24-008749-003/2024(H5N1)	1227	3279
NA|PP755591.1|A/cattle/Texas/24-008749-003/2024(H5N1)	1228	3287
NA|PP755591.1|A/cattle/Texas/24-008749-003/2024(H5N1)	1229	3260
NA|PP755591.1|A/cattle/Texas/24-008749-003/2024(H5N1)	1230	3248
NA|PP755591.1|A/cattle/Texas/24-008749-003/2024(H5N1)	1231	3259
NA|PP755591.1|A/cattle/Texas/24-008749-003/2024(H5N1)	1232	3279
NA|PP755591.1|A/cattle/Texas/24-008749-003/2024(H5N1)	1233	3245
NA|PP755591.1|A/cattle/Texas/24-008749-003/2024(H5N1)	1234	3240
NA|PP755591.1|A/cattle/Texas/24-008749-003/2024(H5N1)	1235	3129
NA|PP755591.1|A/cattle/Texas/24-008749-003/2024(H5N1)	1236	3136
NA|PP755591.1|A/cattle/Texas/24-008749-003/2024(H5N1)	1237	3157
NA|PP755591.1|A/cattle/Texas/24-008749-003/2024(H5N1)	1238	3156
NA|PP755591.1|A/cattle/Texas/24-008749-003/2024(H5N1)	1239	3160
NA|PP755591.1|A/cattle/Texas/24-008749-003/2024(H5N1)	1240	3205
NA|PP755591.1|A/cattle/Texas/24-008749-003/2024(H5N1)	1241	3536
NA|PP755591.1|A/cattle/Texas/24-008749-003/2024(H5N1)	1242	3564
NA|PP755591.1|A/cattle/Texas/24-008749-003/2024(H5N1)	1243	3557
NA|PP755591.1|A/cattle/Texas/24-008749-003/2024(H5N1)	1244	3562
NA|PP755591.1|A/cattle/Texas/24-008749-003/2024(H5N1)	1245	3555
NA|PP755591.1|A/cattle/Texas/24-008749-003/2024(H5N1)	1246	3563
NA|PP755591.1|A/cattle/Texas/24-008749-003/2024(H5N1)	1247	3550
NA|PP755591.1|A/cattle/Texas/24-008749-003/2024(H5N1)	1248	3566
NA|PP755591.1|A/cattle/Texas/24-008749-003/2024(H5N1)	1249	3321
NA|PP755591.1|A/cattle/Texas/24-008749-003/2024(H5N1)	1250	3328
NA|PP755591.1|A/cattle/Texas/24-008749-003/2024(H5N1)	1251	3354
NA|PP755591.1|A/cattle/Texas/24-008749-003/2024(H5N1)	1252	3356
NA|PP755591.1|A/cattle/Texas/24-008749-003/2024(H5N1)	1253	3355
NA|PP755591.1|A/cattle/Texas/24-008749-003/2024(H5N1)	1254	3336
NA|PP755591.1|A/cattle/Texas/24-008749-003/2024(H5N1)	1255	3332
NA|PP755591.1|A/cattle/Texas/24-008749-003/2024(H5N1)	1256	3336
NA|PP755591.1|A/cattle/Texas/24-008749-003/2024(H5N1)	1257	3403
NA|PP755591.1|A/cattle/Texas/24-008749-003/2024(H5N1)	1258	3427
NA|PP755591.1|A/cattle/Texas/24-008749-003/2024(H5N1)	1259	3326
NA|PP755591.1|A/cattle/Texas/24-008749-003/2024(H5N1)	1260	3349
NA|PP755591.1|A/cattle/Texas/24-008749-003/2024(H5N1)	1261	3354
NA|PP755591.1|A/cattle/Texas/24-008749-003/2024(H5N1)	1262	3362
NA|PP755591.1|A/cattle/Texas/24-008749-003/2024(H5N1)	1263	3469
NA|PP755591.1|A/cattle/Texas/24-008749-003/2024(H5N1)	1264	3468
NA|PP755591.1|A/cattle/Texas/24-008749-003/2024(H5N1)	1265	3448
NA|PP755591.1|A/cattle/Texas/24-008749-003/2024(H5N1)	1266	3422
NA|PP755591.1|A/cattle/Texas/24-008749-003/2024(H5N1)	1267	3416
NA|PP755591.1|A/cattle/Texas/24-008749-003/2024(H5N1)	1268	3423
NA|PP755591.1|A/cattle/Texas/24-008749-003/2024(H5N1)	1269	3423
NA|PP755591.1|A/cattle/Texas/24-008749-003/2024(H5N1)	1270	3372
NA|PP755591.1|A/cattle/Texas/24-008749-003/2024(H5N1)	1271	3333
NA|PP755591.1|A/cattle/Texas/24-008749-003/2024(H5N1)	1272	3250
NA|PP755591.1|A/cattle/Texas/24-008749-003/2024(H5N1)	1273	3271
NA|PP755591.1|A/cattle/Texas/24-008749-003/2024(H5N1)	1274	3271
NA|PP755591.1|A/cattle/Texas/24-008749-003/2024(H5N1)	1275	3274
NA|PP755591.1|A/cattle/Texas/24-008749-003/2024(H5N1)	1276	3281
NA|PP755591.1|A/cattle/Texas/24-008749-003/2024(H5N1)	1277	3256
NA|PP755591.1|A/cattle/Texas/24-008749-003/2024(H5N1)	1278	3278
NA|PP755591.1|A/cattle/Texas/24-008749-003/2024(H5N1)	1279	3289
NA|PP755591.1|A/cattle/Texas/24-008749-003/2024(H5N1)	1280	3290
NA|PP755591.1|A/cattle/Texas/24-008749-003/2024(H5N1)	1281	3294
NA|PP755591.1|A/cattle/Texas/24-008749-003/2024(H5N1)	1282	3224
NA|PP755591.1|A/cattle/Texas/24-008749-003/2024(H5N1)	1283	3222
NA|PP755591.1|A/cattle/Texas/24-008749-003/2024(H5N1)	1284	3225
NA|PP755591.1|A/cattle/Texas/24-008749-003/2024(H5N1)	1285	3195
NA|PP755591.1|A/cattle/Texas/24-008749-003/2024(H5N1)	1286	3221
NA|PP755591.1|A/cattle/Texas/24-008749-003/2024(H5N1)	1287	3100
NA|PP755591.1|A/cattle/Texas/24-008749-003/2024(H5N1)	1288	3247
NA|PP755591.1|A/cattle/Texas/24-008749-003/2024(H5N1)	1289	3277
NA|PP755591.1|A/cattle/Texas/24-008749-003/2024(H5N1)	1290	3320
NA|PP755591.1|A/cattle/Texas/24-008749-003/2024(H5N1)	1291	3327
NA|PP755591.1|A/cattle/Texas/24-008749-003/2024(H5N1)	1292	3370
NA|PP755591.1|A/cattle/Texas/24-008749-003/2024(H5N1)	1293	3369
NA|PP755591.1|A/cattle/Texas/24-008749-003/2024(H5N1)	1294	3364
NA|PP755591.1|A/cattle/Texas/24-008749-003/2024(H5N1)	1295	3325
NA|PP755591.1|A/cattle/Texas/24-008749-003/2024(H5N1)	1296	3333
NA|PP755591.1|A/cattle/Texas/24-008749-003/2024(H5N1)	1297	3331
NA|PP755591.1|A/cattle/Texas/24-008749-003/2024(H5N1)	1298	3277
NA|PP755591.1|A/cattle/Texas/24-008749-003/2024(H5N1)	1299	3288
NA|PP755591.1|A/cattle/Texas/24-008749-003/2024(H5N1)	1300	3199
NA|PP755591.1|A/cattle/Texas/24-008749-003/2024(H5N1)	1301	3194
NA|PP755591.1|A/cattle/Texas/24-008749-003/2024(H5N1)	1302	3194
NA|PP755591.1|A/cattle/Texas/24-008749-003/2024(H5N1)	1303	3181
NA|PP755591.1|A/cattle/Texas/24-008749-003/2024(H5N1)	1304	3147
NA|PP755591.1|A/cattle/Texas/24-008749-003/2024(H5N1)	1305	3123
NA|PP755591.1|A/cattle/Texas/24-008749-003/2024(H5N1)	1306	3121
NA|PP755591.1|A/cattle/Texas/24-008749-003/2024(H5N1)	1307	3116
NA|PP755591.1|A/cattle/Texas/24-008749-003/2024(H5N1)	1308	3073
NA|PP755591.1|A/cattle/Texas/24-008749-003/2024(H5N1)	1309	3070
NA|PP755591.1|A/cattle/Texas/24-008749-003/2024(H5N1)	1310	3067
NA|PP755591.1|A/cattle/Texas/24-008749-003/2024(H5N1)	1311	3065
NA|PP755591.1|A/cattle/Texas/24-008749-003/2024(H5N1)	1312	3064
NA|PP755591.1|A/cattle/Texas/24-008749-003/2024(H5N1)	1313	3055
NA|PP755591.1|A/cattle/Texas/24-008749-003/2024(H5N1)	1314	3051
NA|PP755591.1|A/cattle/Texas/24-008749-003/2024(H5N1)	1315	3046
NA|PP755591.1|A/cattle/Texas/24-008749-003/2024(H5N1)	1316	3041
NA|PP755591.1|A/cattle/Texas/24-008749-003/2024(H5N1)	1317	3032
NA|PP755591.1|A/cattle/Texas/24-008749-003/2024(H5N1)	1318	3032
NA|PP755591.1|A/cattle/Texas/24-008749-003/2024(H5N1)	1319	2961
NA|PP755591.1|A/cattle/Texas/24-008749-003/2024(H5N1)	1320	2967
NA|PP755591.1|A/cattle/Texas/24-008749-003/2024(H5N1)	1321	2959
NA|PP755591.1|A/cattle/Texas/24-008749-003/2024(H5N1)	1322	2959
NA|PP755591.1|A/cattle/Texas/24-008749-003/2024(H5N1)	1323	2948
NA|PP755591.1|A/cattle/Texas/24-008749-003/2024(H5N1)	1324	2883
NA|PP755591.1|A/cattle/Texas/24-008749-003/2024(H5N1)	1325	2903
NA|PP755591.1|A/cattle/Texas/24-008749-003/2024(H5N1)	1326	2840
NA|PP755591.1|A/cattle/Texas/24-008749-003/2024(H5N1)	1327	2839
NA|PP755591.1|A/cattle/Texas/24-008749-003/2024(H5N1)	1328	2829
NA|PP755591.1|A/cattle/Texas/24-008749-003/2024(H5N1)	1329	2786
NA|PP755591.1|A/cattle/Texas/24-008749-003/2024(H5N1)	1330	2786
NA|PP755591.1|A/cattle/Texas/24-008749-003/2024(H5N1)	1331	2776
NA|PP755591.1|A/cattle/Texas/24-008749-003/2024(H5N1)	1332	2758
NA|PP755591.1|A/cattle/Texas/24-008749-003/2024(H5N1)	1333	2735
NA|PP755591.1|A/cattle/Texas/24-008749-003/2024(H5N1)	1334	2606
NA|PP755591.1|A/cattle/Texas/24-008749-003/2024(H5N1)	1335	2598
NA|PP755591.1|A/cattle/Texas/24-008749-003/2024(H5N1)	1336	2575
NA|PP755591.1|A/cattle/Texas/24-008749-003/2024(H5N1)	1337	2573
NA|PP755591.1|A/cattle/Texas/24-008749-003/2024(H5N1)	1338	2551
NA|PP755591.1|A/cattle/Texas/24-008749-003/2024(H5N1)	1339	2528
NA|PP755591.1|A/cattle/Texas/24-008749-003/2024(H5N1)	1340	2531
NA|PP755591.1|A/cattle/Texas/24-008749-003/2024(H5N1)	1341	2496
NA|PP755591.1|A/cattle/Texas/24-008749-003/2024(H5N1)	1342	2497
NA|PP755591.1|A/cattle/Texas/24-008749-003/2024(H5N1)	1343	2494
NA|PP755591.1|A/cattle/Texas/24-008749-003/2024(H5N1)	1344	2494
NA|PP755591.1|A/cattle/Texas/24-008749-003/2024(H5N1)	1345	2492
NA|PP755591.1|A/cattle/Texas/24-008749-003/2024(H5N1)	1346	2484
NA|PP755591.1|A/cattle/Texas/24-008749-003/2024(H5N1)	1347	2420
NA|PP755591.1|A/cattle/Texas/24-008749-003/2024(H5N1)	1348	2388
NA|PP755591.1|A/cattle/Texas/24-008749-003/2024(H5N1)	1349	2382
NA|PP755591.1|A/cattle/Texas/24-008749-003/2024(H5N1)	1350	2319
NA|PP755591.1|A/cattle/Texas/24-008749-003/2024(H5N1)	1351	2314
NA|PP755591.1|A/cattle/Texas/24-008749-003/2024(H5N1)	1352	2184
NA|PP755591.1|A/cattle/Texas/24-008749-003/2024(H5N1)	1353	2177
NA|PP755591.1|A/cattle/Texas/24-008749-003/2024(H5N1)	1354	2156
NA|PP755591.1|A/cattle/Texas/24-008749-003/2024(H5N1)	1355	2147
NA|PP755591.1|A/cattle/Texas/24-008749-003/2024(H5N1)	1356	2085
NA|PP755591.1|A/cattle/Texas/24-008749-003/2024(H5N1)	1357	2085
NA|PP755591.1|A/cattle/Texas/24-008749-003/2024(H5N1)	1358	2071
NA|PP755591.1|A/cattle/Texas/24-008749-003/2024(H5N1)	1359	2072
NA|PP755591.1|A/cattle/Texas/24-008749-003/2024(H5N1)	1360	2069
NA|PP755591.1|A/cattle/Texas/24-008749-003/2024(H5N1)	1361	2064
NA|PP755591.1|A/cattle/Texas/24-008749-003/2024(H5N1)	1362	2016
NA|PP755591.1|A/cattle/Texas/24-008749-003/2024(H5N1)	1363	1980
NA|PP755591.1|A/cattle/Texas/24-008749-003/2024(H5N1)	1364	1932
NA|PP755591.1|A/cattle/Texas/24-008749-003/2024(H5N1)	1365	1921
NA|PP755591.1|A/cattle/Texas/24-008749-003/2024(H5N1)	1366	1906
NA|PP755591.1|A/cattle/Texas/24-008749-003/2024(H5N1)	1367	1903
NA|PP755591.1|A/cattle/Texas/24-008749-003/2024(H5N1)	1368	1844
NA|PP755591.1|A/cattle/Texas/24-008749-003/2024(H5N1)	1369	1835
NA|PP755591.1|A/cattle/Texas/24-008749-003/2024(H5N1)	1370	1832
NA|PP755591.1|A/cattle/Texas/24-008749-003/2024(H5N1)	1371	1832
NA|PP755591.1|A/cattle/Texas/24-008749-003/2024(H5N1)	1372	1831
NA|PP755591.1|A/cattle/Texas/24-008749-003/2024(H5N1)	1373	1807
NA|PP755591.1|A/cattle/Texas/24-008749-003/2024(H5N1)	1374	1616
NA|PP755591.1|A/cattle/Texas/24-008749-003/2024(H5N1)	1375	1612
NA|PP755591.1|A/cattle/Texas/24-008749-003/2024(H5N1)	1376	1612
NA|PP755591.1|A/cattle/Texas/24-008749-003/2024(H5N1)	1377	1591
NA|PP755591.1|A/cattle/Texas/24-008749-003/2024(H5N1)	1378	1552
NA|PP755591.1|A/cattle/Texas/24-008749-003/2024(H5N1)	1379	1545
NA|PP755591.1|A/cattle/Texas/24-008749-003/2024(H5N1)	1380	1531
NA|PP755591.1|A/cattle/Texas/24-008749-003/2024(H5N1)	1381	1533
NA|PP755591.1|A/cattle/Texas/24-008749-003/2024(H5N1)	1382	1527
NA|PP755591.1|A/cattle/Texas/24-008749-003/2024(H5N1)	1383	1518
NA|PP755591.1|A/cattle/Texas/24-008749-003/2024(H5N1)	1384	1520
NA|PP755591.1|A/cattle/Texas/24-008749-003/2024(H5N1)	1385	1509
NA|PP755591.1|A/cattle/Texas/24-008749-003/2024(H5N1)	1386	1508
NA|PP755591.1|A/cattle/Texas/24-008749-003/2024(H5N1)	1387	1501
NA|PP755591.1|A/cattle/Texas/24-008749-003/2024(H5N1)	1388	1108
NA|PP755591.1|A/cattle/Texas/24-008749-003/2024(H5N1)	1389	1108
NA|PP755591.1|A/cattle/Texas/24-008749-003/2024(H5N1)	1390	1077
NA|PP755591.1|A/cattle/Texas/24-008749-003/2024(H5N1)	1391	1076
NA|PP755591.1|A/cattle/Texas/24-008749-003/2024(H5N1)	1392	1077
NA|PP755591.1|A/cattle/Texas/24-008749-003/2024(H5N1)	1393	1026
NA|PP755591.1|A/cattle/Texas/24-008749-003/2024(H5N1)	1394	1024
NA|PP755591.1|A/cattle/Texas/24-008749-003/2024(H5N1)	1395	1016
NA|PP755591.1|A/cattle/Texas/24-008749-003/2024(H5N1)	1396	999
NA|PP755591.1|A/cattle/Texas/24-008749-003/2024(H5N1)	1397	993
NA|PP755591.1|A/cattle/Texas/24-008749-003/2024(H5N1)	1398	964
NA|PP755591.1|A/cattle/Texas/24-008749-003/2024(H5N1)	1399	941
NA|PP755591.1|A/cattle/Texas/24-008749-003/2024(H5N1)	1400	941
NA|PP755591.1|A/cattle/Texas/24-008749-003/2024(H5N1)	1401	908
NA|PP755591.1|A/cattle/Texas/24-008749-003/2024(H5N1)	1402	903
NA|PP755591.1|A/cattle/Texas/24-008749-003/2024(H5N1)	1403	901
NA|PP755591.1|A/cattle/Texas/24-008749-003/2024(H5N1)	1404	901
NA|PP755591.1|A/cattle/Texas/24-008749-003/2024(H5N1)	1405	894
NA|PP755591.1|A/cattle/Texas/24-008749-003/2024(H5N1)	1406	820
NA|PP755591.1|A/cattle/Texas/24-008749-003/2024(H5N1)	1407	802
NA|PP755591.1|A/cattle/Texas/24-008749-003/2024(H5N1)	1408	793
NA|PP755591.1|A/cattle/Texas/24-008749-003/2024(H5N1)	1409	775
NA|PP755591.1|A/cattle/Texas/24-008749-003/2024(H5N1)	1410	771
