PB2|PP755596.1|A/cattle/Texas/24-008749-003/2024(H5N1)	1	1043
PB2|PP755596.1|A/cattle/Texas/24-008749-003/2024(H5N1)	2	1047
PB2|PP755596.1|A/cattle/Texas/24-008749-003/2024(H5N1)	3	1058
PB2|PP755596.1|A/cattle/Texas/24-008749-003/2024(H5N1)	4	1058
PB2|PP755596.1|A/cattle/Texas/24-008749-003/2024(H5N1)	5	1063
PB2|PP755596.1|A/cattle/Texas/24-008749-003/2024(H5N1)	6	1072
PB2|PP755596.1|A/cattle/Texas/24-008749-003/2024(H5N1)	7	1079
PB2|PP755596.1|A/cattle/Texas/24-008749-003/2024(H5N1)	8	1180
PB2|PP755596.1|A/cattle/Texas/24-008749-003/2024(H5N1)	9	1180
PB2|PP755596.1|A/cattle/Texas/24-008749-003/2024(H5N1)	10	1186
PB2|PP755596.1|A/cattle/Texas/24-008749-003/2024(H5N1)	11	1203
PB2|PP755596.1|A/cattle/Texas/24-008749-003/2024(H5N1)	12	1208
PB2|PP755596.1|A/cattle/Texas/24-008749-003/2024(H5N1)	13	1214
PB2|PP755596.1|A/cattle/Texas/24-008749-003/2024(H5N1)	14	1215
PB2|PP755596.1|A/cattle/Texas/24-008749-003/2024(H5N1)	15	1215
PB2|PP755596.1|A/cattle/Texas/24-008749-003/2024(H5N1)	16	1241
PB2|PP755596.1|A/cattle/Texas/24-008749-003/2024(H5N1)	17	1265
PB2|PP755596.1|A/cattle/Texas/24-008749-003/2024(H5N1)	18	1266
PB2|PP755596.1|A/cattle/Texas/24-008749-003/2024(H5N1)	19	1266
PB2|PP755596.1|A/cattle/Texas/24-008749-003/2024(H5N1)	20	1265
PB2|PP755596.1|A/cattle/Texas/24-008749-003/2024(H5N1)	21	1271
PB2|PP755596.1|A/cattle/Texas/24-008749-003/2024(H5N1)	22	1271
PB2|PP755596.1|A/cattle/Texas/24-008749-003/2024(H5N1)	23	1277
PB2|PP755596.1|A/cattle/Texas/24-008749-003/2024(H5N1)	24	1285
PB2|PP755596.1|A/cattle/Texas/24-008749-003/2024(H5N1)	25	1339
PB2|PP755596.1|A/cattle/Texas/24-008749-003/2024(H5N1)	26	1381
PB2|PP755596.1|A/cattle/Texas/24-008749-003/2024(H5N1)	27	1381
PB2|PP755596.1|A/cattle/Texas/24-008749-003/2024(H5N1)	28	1390
PB2|PP755596.1|A/cattle/Texas/24-008749-003/2024(H5N1)	29	1393
PB2|PP755596.1|A/cattle/Texas/24-008749-003/2024(H5N1)	30	1394
PB2|PP755596.1|A/cattle/Texas/24-008749-003/2024(H5N1)	31	1434
PB2|PP755596.1|A/cattle/Texas/24-008749-003/2024(H5N1)	32	1448
PB2|PP755596.1|A/cattle/Texas/24-008749-003/2024(H5N1)	33	1454
PB2|PP755596.1|A/cattle/Texas/24-008749-003/2024(H5N1)	34	1468
PB2|PP755596.1|A/cattle/Texas/24-008749-003/2024(H5N1)	35	1468
PB2|PP755596.1|A/cattle/Texas/24-008749-003/2024(H5N1)	36	1468
PB2|PP755596.1|A/cattle/Texas/24-008749-003/2024(H5N1)	37	1469
PB2|PP755596.1|A/cattle/Texas/24-008749-003/2024(H5N1)	38	1470
PB2|PP755596.1|A/cattle/Texas/24-008749-003/2024(H5N1)	39	1570
PB2|PP755596.1|A/cattle/Texas/24-008749-003/2024(H5N1)	40	1583
PB2|PP755596.1|A/cattle/Texas/24-008749-003/2024(H5N1)	41	1585
PB2|PP755596.1|A/cattle/Texas/24-008749-003/2024(H5N1)	42	1585
PB2|PP755596.1|A/cattle/Texas/24-008749-003/2024(H5N1)	43	1595
PB2|PP755596.1|A/cattle/Texas/24-008749-003/2024(H5N1)	44	1602
PB2|PP755596.1|A/cattle/Texas/24-008749-003/2024(H5N1)	45	1606
PB2|PP755596.1|A/cattle/Texas/24-008749-003/2024(H5N1)	46	1613
PB2|PP755596.1|A/cattle/Texas/24-008749-003/2024(H5N1)	47	1629
PB2|PP755596.1|A/cattle/Texas/24-008749-003/2024(H5N1)	48	1631
PB2|PP755596.1|A/cattle/Texas/24-008749-003/2024(H5N1)	49	1699
PB2|PP755596.1|A/cattle/Texas/24-008749-003/2024(H5N1)	50	1700
PB2|PP755596.1|A/cattle/Texas/24-008749-003/2024(H5N1)	51	1716
PB2|PP755596.1|A/cattle/Texas/24-008749-003/2024(H5N1)	52	1716
PB2|PP755596.1|A/cattle/Texas/24-008749-003/2024(H5N1)	53	1720
PB2|PP755596.1|A/cattle/Texas/24-008749-003/2024(H5N1)	54	1736
PB2|PP755596.1|A/cattle/Texas/24-008749-003/2024(H5N1)	55	1827
PB2|PP755596.1|A/cattle/Texas/24-008749-003/2024(H5N1)	56	1846
PB2|PP755596.1|A/cattle/Texas/24-008749-003/2024(H5N1)	57	1846
PB2|PP755596.1|A/cattle/Texas/24-008749-003/2024(H5N1)	58	1858
PB2|PP755596.1|A/cattle/Texas/24-008749-003/2024(H5N1)	59	1858
PB2|PP755596.1|A/cattle/Texas/24-008749-003/2024(H5N1)	60	1900
PB2|PP755596.1|A/cattle/Texas/24-008749-003/2024(H5N1)	61	1907
PB2|PP755596.1|A/cattle/Texas/24-008749-003/2024(H5N1)	62	1942
PB2|PP755596.1|A/cattle/Texas/24-008749-003/2024(H5N1)	63	1943
PB2|PP755596.1|A/cattle/Texas/24-008749-003/2024(H5N1)	64	1929
PB2|PP755596.1|A/cattle/Texas/24-008749-003/2024(H5N1)	65	1945
PB2|PP755596.1|A/cattle/Texas/24-008749-003/2024(H5N1)	66	1957
PB2|PP755596.1|A/cattle/Texas/24-008749-003/2024(H5N1)	67	1973
PB2|PP755596.1|A/cattle/Texas/24-008749-003/2024(H5N1)	68	2004
PB2|PP755596.1|A/cattle/Texas/24-008749-003/2024(H5N1)	69	2004
PB2|PP755596.1|A/cattle/Texas/24-008749-003/2024(H5N1)	70	2005
PB2|PP755596.1|A/cattle/Texas/24-008749-003/2024(H5N1)	71	2062
PB2|PP755596.1|A/cattle/Texas/24-008749-003/2024(H5N1)	72	2092
PB2|PP755596.1|A/cattle/Texas/24-008749-003/2024(H5N1)	73	2203
PB2|PP755596.1|A/cattle/Texas/24-008749-003/2024(H5N1)	74	2211
PB2|PP755596.1|A/cattle/Texas/24-008749-003/2024(H5N1)	75	2204
PB2|PP755596.1|A/cattle/Texas/24-008749-003/2024(H5N1)	76	2210
PB2|PP755596.1|A/cattle/Texas/24-008749-003/2024(H5N1)	77	2217
PB2|PP755596.1|A/cattle/Texas/24-008749-003/2024(H5N1)	78	2268
PB2|PP755596.1|A/cattle/Texas/24-008749-003/2024(H5N1)	79	2316
PB2|PP755596.1|A/cattle/Texas/24-008749-003/2024(H5N1)	80	2317
PB2|PP755596.1|A/cattle/Texas/24-008749-003/2024(H5N1)	81	2323
PB2|PP755596.1|A/cattle/Texas/24-008749-003/2024(H5N1)	82	2317
PB2|PP755596.1|A/cattle/Texas/24-008749-003/2024(H5N1)	83	2317
PB2|PP755596.1|A/cattle/Texas/24-008749-003/2024(H5N1)	84	2339
PB2|PP755596.1|A/cattle/Texas/24-008749-003/2024(H5N1)	85	2384
PB2|PP755596.1|A/cattle/Texas/24-008749-003/2024(H5N1)	86	2390
PB2|PP755596.1|A/cattle/Texas/24-008749-003/2024(H5N1)	87	2409
PB2|PP755596.1|A/cattle/Texas/24-008749-003/2024(H5N1)	88	2410
PB2|PP755596.1|A/cattle/Texas/24-008749-003/2024(H5N1)	89	2420
PB2|PP755596.1|A/cattle/Texas/24-008749-003/2024(H5N1)	90	2421
PB2|PP755596.1|A/cattle/Texas/24-008749-003/2024(H5N1)	91	2465
PB2|PP755596.1|A/cattle/Texas/24-008749-003/2024(H5N1)	92	2478
PB2|PP755596.1|A/cattle/Texas/24-008749-003/2024(H5N1)	93	2478
PB2|PP755596.1|A/cattle/Texas/24-008749-003/2024(H5N1)	94	2464
PB2|PP755596.1|A/cattle/Texas/24-008749-003/2024(H5N1)	95	2464
PB2|PP755596.1|A/cattle/Texas/24-008749-003/2024(H5N1)	96	2487
PB2|PP755596.1|A/cattle/Texas/24-008749-003/2024(H5N1)	97	2511
PB2|PP755596.1|A/cattle/Texas/24-008749-003/2024(H5N1)	98	2509
PB2|PP755596.1|A/cattle/Texas/24-008749-003/2024(H5N1)	99	2578
PB2|PP755596.1|A/cattle/Texas/24-008749-003/2024(H5N1)	100	2573
PB2|PP755596.1|A/cattle/Texas/24-008749-003/2024(H5N1)	101	2576
PB2|PP755596.1|A/cattle/Texas/24-008749-003/2024(H5N1)	102	2584
PB2|PP755596.1|A/cattle/Texas/24-008749-003/2024(H5N1)	103	2586
PB2|PP755596.1|A/cattle/Texas/24-008749-003/2024(H5N1)	104	2654
PB2|PP755596.1|A/cattle/Texas/24-008749-003/2024(H5N1)	105	2646
PB2|PP755596.1|A/cattle/Texas/24-008749-003/2024(H5N1)	106	2652
PB2|PP755596.1|A/cattle/Texas/24-008749-003/2024(H5N1)	107	2653
PB2|PP755596.1|A/cattle/Texas/24-008749-003/2024(H5N1)	108	2630
PB2|PP755596.1|A/cattle/Texas/24-008749-003/2024(H5N1)	109	2634
PB2|PP755596.1|A/cattle/Texas/24-008749-003/2024(H5N1)	110	2652
PB2|PP755596.1|A/cattle/Texas/24-008749-003/2024(H5N1)	111	2682
PB2|PP755596.1|A/cattle/Texas/24-008749-003/2024(H5N1)	112	2683
PB2|PP755596.1|A/cattle/Texas/24-008749-003/2024(H5N1)	113	2671
PB2|PP755596.1|A/cattle/Texas/24-008749-003/2024(H5N1)	114	2670
PB2|PP755596.1|A/cattle/Texas/24-008749-003/2024(H5N1)	115	2690
PB2|PP755596.1|A/cattle/Texas/24-008749-003/2024(H5N1)	116	2691
PB2|PP755596.1|A/cattle/Texas/24-008749-003/2024(H5N1)	117	2691
PB2|PP755596.1|A/cattle/Texas/24-008749-003/2024(H5N1)	118	2747
PB2|PP755596.1|A/cattle/Texas/24-008749-003/2024(H5N1)	119	2774
PB2|PP755596.1|A/cattle/Texas/24-008749-003/2024(H5N1)	120	2784
PB2|PP755596.1|A/cattle/Texas/24-008749-003/2024(H5N1)	121	2807
PB2|PP755596.1|A/cattle/Texas/24-008749-003/2024(H5N1)	122	2799
PB2|PP755596.1|A/cattle/Texas/24-008749-003/2024(H5N1)	123	2805
PB2|PP755596.1|A/cattle/Texas/24-008749-003/2024(H5N1)	124	2530
PB2|PP755596.1|A/cattle/Texas/24-008749-003/2024(H5N1)	125	2468
PB2|PP755596.1|A/cattle/Texas/24-008749-003/2024(H5N1)	126	2393
PB2|PP755596.1|A/cattle/Texas/24-008749-003/2024(H5N1)	127	2384
PB2|PP755596.1|A/cattle/Texas/24-008749-003/2024(H5N1)	128	2406
PB2|PP755596.1|A/cattle/Texas/24-008749-003/2024(H5N1)	129	2533
PB2|PP755596.1|A/cattle/Texas/24-008749-003/2024(H5N1)	130	2538
PB2|PP755596.1|A/cattle/Texas/24-008749-003/2024(H5N1)	131	2547
PB2|PP755596.1|A/cattle/Texas/24-008749-003/2024(H5N1)	132	2555
PB2|PP755596.1|A/cattle/Texas/24-008749-003/2024(H5N1)	133	2449
PB2|PP755596.1|A/cattle/Texas/24-008749-003/2024(H5N1)	134	2466
PB2|PP755596.1|A/cattle/Texas/24-008749-003/2024(H5N1)	135	2465
PB2|PP755596.1|A/cattle/Texas/24-008749-003/2024(H5N1)	136	2462
PB2|PP755596.1|A/cattle/Texas/24-008749-003/2024(H5N1)	137	2525
PB2|PP755596.1|A/cattle/Texas/24-008749-003/2024(H5N1)	138	2559
PB2|PP755596.1|A/cattle/Texas/24-008749-003/2024(H5N1)	139	2558
PB2|PP755596.1|A/cattle/Texas/24-008749-003/2024(H5N1)	140	2572
PB2|PP755596.1|A/cattle/Texas/24-008749-003/2024(H5N1)	141	2598
PB2|PP755596.1|A/cattle/Texas/24-008749-003/2024(H5N1)	142	2659
PB2|PP755596.1|A/cattle/Texas/24-008749-003/2024(H5N1)	143	2639
PB2|PP755596.1|A/cattle/Texas/24-008749-003/2024(H5N1)	144	2656
PB2|PP755596.1|A/cattle/Texas/24-008749-003/2024(H5N1)	145	2627
PB2|PP755596.1|A/cattle/Texas/24-008749-003/2024(H5N1)	146	2616
PB2|PP755596.1|A/cattle/Texas/24-008749-003/2024(H5N1)	147	2639
PB2|PP755596.1|A/cattle/Texas/24-008749-003/2024(H5N1)	148	2638
PB2|PP755596.1|A/cattle/Texas/24-008749-003/2024(H5N1)	149	2630
PB2|PP755596.1|A/cattle/Texas/24-008749-003/2024(H5N1)	150	2602
PB2|PP755596.1|A/cattle/Texas/24-008749-003/2024(H5N1)	151	2606
PB2|PP755596.1|A/cattle/Texas/24-008749-003/2024(H5N1)	152	2619
PB2|PP755596.1|A/cattle/Texas/24-008749-003/2024(H5N1)	153	2626
PB2|PP755596.1|A/cattle/Texas/24-008749-003/2024(H5N1)	154	2648
PB2|PP755596.1|A/cattle/Texas/24-008749-003/2024(H5N1)	155	2706
PB2|PP755596.1|A/cattle/Texas/24-008749-003/2024(H5N1)	156	2699
PB2|PP755596.1|A/cattle/Texas/24-008749-003/2024(H5N1)	157	2700
PB2|PP755596.1|A/cattle/Texas/24-008749-003/2024(H5N1)	158	2701
PB2|PP755596.1|A/cattle/Texas/24-008749-003/2024(H5N1)	159	2666
PB2|PP755596.1|A/cattle/Texas/24-008749-003/2024(H5N1)	160	2695
PB2|PP755596.1|A/cattle/Texas/24-008749-003/2024(H5N1)	161	2709
PB2|PP755596.1|A/cattle/Texas/24-008749-003/2024(H5N1)	162	2696
PB2|PP755596.1|A/cattle/Texas/24-008749-003/2024(H5N1)	163	2687
PB2|PP755596.1|A/cattle/Texas/24-008749-003/2024(H5N1)	164	2697
PB2|PP755596.1|A/cattle/Texas/24-008749-003/2024(H5N1)	165	2706
PB2|PP755596.1|A/cattle/Texas/24-008749-003/2024(H5N1)	166	2698
PB2|PP755596.1|A/cattle/Texas/24-008749-003/2024(H5N1)	167	2702
PB2|PP755596.1|A/cattle/Texas/24-008749-003/2024(H5N1)	168	2675
PB2|PP755596.1|A/cattle/Texas/24-008749-003/2024(H5N1)	169	2674
PB2|PP755596.1|A/cattle/Texas/24-008749-003/2024(H5N1)	170	2689
PB2|PP755596.1|A/cattle/Texas/24-008749-003/2024(H5N1)	171	2699
PB2|PP755596.1|A/cattle/Texas/24-008749-003/2024(H5N1)	172	2697
PB2|PP755596.1|A/cattle/Texas/24-008749-003/2024(H5N1)	173	2735
PB2|PP755596.1|A/cattle/Texas/24-008749-003/2024(H5N1)	174	2727
PB2|PP755596.1|A/cattle/Texas/24-008749-003/2024(H5N1)	175	2742
PB2|PP755596.1|A/cattle/Texas/24-008749-003/2024(H5N1)	176	2694
PB2|PP755596.1|A/cattle/Texas/24-008749-003/2024(H5N1)	177	2693
PB2|PP755596.1|A/cattle/Texas/24-008749-003/2024(H5N1)	178	2700
PB2|PP755596.1|A/cattle/Texas/24-008749-003/2024(H5N1)	179	2748
PB2|PP755596.1|A/cattle/Texas/24-008749-003/2024(H5N1)	180	2753
PB2|PP755596.1|A/cattle/Texas/24-008749-003/2024(H5N1)	181	2755
PB2|PP755596.1|A/cattle/Texas/24-008749-003/2024(H5N1)	182	2709
PB2|PP755596.1|A/cattle/Texas/24-008749-003/2024(H5N1)	183	2705
PB2|PP755596.1|A/cattle/Texas/24-008749-003/2024(H5N1)	184	2697
PB2|PP755596.1|A/cattle/Texas/24-008749-003/2024(H5N1)	185	2704
PB2|PP755596.1|A/cattle/Texas/24-008749-003/2024(H5N1)	186	2709
PB2|PP755596.1|A/cattle/Texas/24-008749-003/2024(H5N1)	187	2703
PB2|PP755596.1|A/cattle/Texas/24-008749-003/2024(H5N1)	188	2717
PB2|PP755596.1|A/cattle/Texas/24-008749-003/2024(H5N1)	189	2713
PB2|PP755596.1|A/cattle/Texas/24-008749-003/2024(H5N1)	190	2790
PB2|PP755596.1|A/cattle/Texas/24-008749-003/2024(H5N1)	191	2788
PB2|PP755596.1|A/cattle/Texas/24-008749-003/2024(H5N1)	192	2791
PB2|PP755596.1|A/cattle/Texas/24-008749-003/2024(H5N1)	193	2800
PB2|PP755596.1|A/cattle/Texas/24-008749-003/2024(H5N1)	194	2790
PB2|PP755596.1|A/cattle/Texas/24-008749-003/2024(H5N1)	195	2806
PB2|PP755596.1|A/cattle/Texas/24-008749-003/2024(H5N1)	196	2805
PB2|PP755596.1|A/cattle/Texas/24-008749-003/2024(H5N1)	197	2828
PB2|PP755596.1|A/cattle/Texas/24-008749-003/2024(H5N1)	198	2821
PB2|PP755596.1|A/cattle/Texas/24-008749-003/2024(H5N1)	199	2814
PB2|PP755596.1|A/cattle/Texas/24-008749-003/2024(H5N1)	200	2784
PB2|PP755596.1|A/cattle/Texas/24-008749-003/2024(H5N1)	201	2784
PB2|PP755596.1|A/cattle/Texas/24-008749-003/2024(H5N1)	202	2785
PB2|PP755596.1|A/cattle/Texas/24-008749-003/2024(H5N1)	203	2718
PB2|PP755596.1|A/cattle/Texas/24-008749-003/2024(H5N1)	204	2711
PB2|PP755596.1|A/cattle/Texas/24-008749-003/2024(H5N1)	205	2709
PB2|PP755596.1|A/cattle/Texas/24-008749-003/2024(H5N1)	206	2684
PB2|PP755596.1|A/cattle/Texas/24-008749-003/2024(H5N1)	207	2664
PB2|PP755596.1|A/cattle/Texas/24-008749-003/2024(H5N1)	208	2664
PB2|PP755596.1|A/cattle/Texas/24-008749-003/2024(H5N1)	209	2669
PB2|PP755596.1|A/cattle/Texas/24-008749-003/2024(H5N1)	210	2685
PB2|PP755596.1|A/cattle/Texas/24-008749-003/2024(H5N1)	211	2642
PB2|PP755596.1|A/cattle/Texas/24-008749-003/2024(H5N1)	212	2639
PB2|PP755596.1|A/cattle/Texas/24-008749-003/2024(H5N1)	213	2606
PB2|PP755596.1|A/cattle/Texas/24-008749-003/2024(H5N1)	214	2623
PB2|PP755596.1|A/cattle/Texas/24-008749-003/2024(H5N1)	215	2640
PB2|PP755596.1|A/cattle/Texas/24-008749-003/2024(H5N1)	216	2623
PB2|PP755596.1|A/cattle/Texas/24-008749-003/2024(H5N1)	217	2613
PB2|PP755596.1|A/cattle/Texas/24-008749-003/2024(H5N1)	218	2595
PB2|PP755596.1|A/cattle/Texas/24-008749-003/2024(H5N1)	219	2577
PB2|PP755596.1|A/cattle/Texas/24-008749-003/2024(H5N1)	220	2640
PB2|PP755596.1|A/cattle/Texas/24-008749-003/2024(H5N1)	221	2650
PB2|PP755596.1|A/cattle/Texas/24-008749-003/2024(H5N1)	222	2619
PB2|PP755596.1|A/cattle/Texas/24-008749-003/2024(H5N1)	223	2496
PB2|PP755596.1|A/cattle/Texas/24-008749-003/2024(H5N1)	224	2483
PB2|PP755596.1|A/cattle/Texas/24-008749-003/2024(H5N1)	225	2483
PB2|PP755596.1|A/cattle/Texas/24-008749-003/2024(H5N1)	226	2501
PB2|PP755596.1|A/cattle/Texas/24-008749-003/2024(H5N1)	227	2499
PB2|PP755596.1|A/cattle/Texas/24-008749-003/2024(H5N1)	228	2472
PB2|PP755596.1|A/cattle/Texas/24-008749-003/2024(H5N1)	229	2490
PB2|PP755596.1|A/cattle/Texas/24-008749-003/2024(H5N1)	230	2442
PB2|PP755596.1|A/cattle/Texas/24-008749-003/2024(H5N1)	231	2449
PB2|PP755596.1|A/cattle/Texas/24-008749-003/2024(H5N1)	232	2448
PB2|PP755596.1|A/cattle/Texas/24-008749-003/2024(H5N1)	233	2448
PB2|PP755596.1|A/cattle/Texas/24-008749-003/2024(H5N1)	234	2461
PB2|PP755596.1|A/cattle/Texas/24-008749-003/2024(H5N1)	235	2420
PB2|PP755596.1|A/cattle/Texas/24-008749-003/2024(H5N1)	236	2396
PB2|PP755596.1|A/cattle/Texas/24-008749-003/2024(H5N1)	237	2408
PB2|PP755596.1|A/cattle/Texas/24-008749-003/2024(H5N1)	238	2381
PB2|PP755596.1|A/cattle/Texas/24-008749-003/2024(H5N1)	239	2416
PB2|PP755596.1|A/cattle/Texas/24-008749-003/2024(H5N1)	240	2407
PB2|PP755596.1|A/cattle/Texas/24-008749-003/2024(H5N1)	241	2412
PB2|PP755596.1|A/cattle/Texas/24-008749-003/2024(H5N1)	242	2375
PB2|PP755596.1|A/cattle/Texas/24-008749-003/2024(H5N1)	243	2393
PB2|PP755596.1|A/cattle/Texas/24-008749-003/2024(H5N1)	244	2432
PB2|PP755596.1|A/cattle/Texas/24-008749-003/2024(H5N1)	245	2484
PB2|PP755596.1|A/cattle/Texas/24-008749-003/2024(H5N1)	246	2484
PB2|PP755596.1|A/cattle/Texas/24-008749-003/2024(H5N1)	247	2466
PB2|PP755596.1|A/cattle/Texas/24-008749-003/2024(H5N1)	248	2444
PB2|PP755596.1|A/cattle/Texas/24-008749-003/2024(H5N1)	249	2459
PB2|PP755596.1|A/cattle/Texas/24-008749-003/2024(H5N1)	250	2401
PB2|PP755596.1|A/cattle/Texas/24-008749-003/2024(H5N1)	251	2579
PB2|PP755596.1|A/cattle/Texas/24-008749-003/2024(H5N1)	252	2605
PB2|PP755596.1|A/cattle/Texas/24-008749-003/2024(H5N1)	253	2637
PB2|PP755596.1|A/cattle/Texas/24-008749-003/2024(H5N1)	254	2645
PB2|PP755596.1|A/cattle/Texas/24-008749-003/2024(H5N1)	255	2657
PB2|PP755596.1|A/cattle/Texas/24-008749-003/2024(H5N1)	256	2657
PB2|PP755596.1|A/cattle/Texas/24-008749-003/2024(H5N1)	257	2652
PB2|PP755596.1|A/cattle/Texas/24-008749-003/2024(H5N1)	258	2638
PB2|PP755596.1|A/cattle/Texas/24-008749-003/2024(H5N1)	259	2671
PB2|PP755596.1|A/cattle/Texas/24-008749-003/2024(H5N1)	260	2686
PB2|PP755596.1|A/cattle/Texas/24-008749-003/2024(H5N1)	261	2688
PB2|PP755596.1|A/cattle/Texas/24-008749-003/2024(H5N1)	262	2663
PB2|PP755596.1|A/cattle/Texas/24-008749-003/2024(H5N1)	263	2687
PB2|PP755596.1|A/cattle/Texas/24-008749-003/2024(H5N1)	264	2698
PB2|PP755596.1|A/cattle/Texas/24-008749-003/2024(H5N1)	265	2709
PB2|PP755596.1|A/cattle/Texas/24-008749-003/2024(H5N1)	266	2696
PB2|PP755596.1|A/cattle/Texas/24-008749-003/2024(H5N1)	267	2702
PB2|PP755596.1|A/cattle/Texas/24-008749-003/2024(H5N1)	268	2670
PB2|PP755596.1|A/cattle/Texas/24-008749-003/2024(H5N1)	269	2620
PB2|PP755596.1|A/cattle/Texas/24-008749-003/2024(H5N1)	270	2639
PB2|PP755596.1|A/cattle/Texas/24-008749-003/2024(H5N1)	271	2753
PB2|PP755596.1|A/cattle/Texas/24-008749-003/2024(H5N1)	272	2734
PB2|PP755596.1|A/cattle/Texas/24-008749-003/2024(H5N1)	273	2720
PB2|PP755596.1|A/cattle/Texas/24-008749-003/2024(H5N1)	274	2705
PB2|PP755596.1|A/cattle/Texas/24-008749-003/2024(H5N1)	275	2653
PB2|PP755596.1|A/cattle/Texas/24-008749-003/2024(H5N1)	276	2666
PB2|PP755596.1|A/cattle/Texas/24-008749-003/2024(H5N1)	277	2714
PB2|PP755596.1|A/cattle/Texas/24-008749-003/2024(H5N1)	278	2705
PB2|PP755596.1|A/cattle/Texas/24-008749-003/2024(H5N1)	279	2673
PB2|PP755596.1|A/cattle/Texas/24-008749-003/2024(H5N1)	280	2519
PB2|PP755596.1|A/cattle/Texas/24-008749-003/2024(H5N1)	281	2506
PB2|PP755596.1|A/cattle/Texas/24-008749-003/2024(H5N1)	282	2591
PB2|PP755596.1|A/cattle/Texas/24-008749-003/2024(H5N1)	283	2610
PB2|PP755596.1|A/cattle/Texas/24-008749-003/2024(H5N1)	284	2584
PB2|PP755596.1|A/cattle/Texas/24-008749-003/2024(H5N1)	285	2549
PB2|PP755596.1|A/cattle/Texas/24-008749-003/2024(H5N1)	286	2519
PB2|PP755596.1|A/cattle/Texas/24-008749-003/2024(H5N1)	287	2518
PB2|PP755596.1|A/cattle/Texas/24-008749-003/2024(H5N1)	288	2517
PB2|PP755596.1|A/cattle/Texas/24-008749-003/2024(H5N1)	289	2532
PB2|PP755596.1|A/cattle/Texas/24-008749-003/2024(H5N1)	290	2547
PB2|PP755596.1|A/cattle/Texas/24-008749-003/2024(H5N1)	291	2452
PB2|PP755596.1|A/cattle/Texas/24-008749-003/2024(H5N1)	292	2426
PB2|PP755596.1|A/cattle/Texas/24-008749-003/2024(H5N1)	293	2375
PB2|PP755596.1|A/cattle/Texas/24-008749-003/2024(H5N1)	294	2393
PB2|PP755596.1|A/cattle/Texas/24-008749-003/2024(H5N1)	295	2489
PB2|PP755596.1|A/cattle/Texas/24-008749-003/2024(H5N1)	296	2509
PB2|PP755596.1|A/cattle/Texas/24-008749-003/2024(H5N1)	297	2535
PB2|PP755596.1|A/cattle/Texas/24-008749-003/2024(H5N1)	298	2512
PB2|PP755596.1|A/cattle/Texas/24-008749-003/2024(H5N1)	299	2509
PB2|PP755596.1|A/cattle/Texas/24-008749-003/2024(H5N1)	300	2533
PB2|PP755596.1|A/cattle/Texas/24-008749-003/2024(H5N1)	301	2531
PB2|PP755596.1|A/cattle/Texas/24-008749-003/2024(H5N1)	302	2554
PB2|PP755596.1|A/cattle/Texas/24-008749-003/2024(H5N1)	303	2565
PB2|PP755596.1|A/cattle/Texas/24-008749-003/2024(H5N1)	304	2548
PB2|PP755596.1|A/cattle/Texas/24-008749-003/2024(H5N1)	305	2559
PB2|PP755596.1|A/cattle/Texas/24-008749-003/2024(H5N1)	306	2505
PB2|PP755596.1|A/cattle/Texas/24-008749-003/2024(H5N1)	307	2508
PB2|PP755596.1|A/cattle/Texas/24-008749-003/2024(H5N1)	308	2533
PB2|PP755596.1|A/cattle/Texas/24-008749-003/2024(H5N1)	309	2542
PB2|PP755596.1|A/cattle/Texas/24-008749-003/2024(H5N1)	310	2600
PB2|PP755596.1|A/cattle/Texas/24-008749-003/2024(H5N1)	311	2569
PB2|PP755596.1|A/cattle/Texas/24-008749-003/2024(H5N1)	312	2586
PB2|PP755596.1|A/cattle/Texas/24-008749-003/2024(H5N1)	313	2593
PB2|PP755596.1|A/cattle/Texas/24-008749-003/2024(H5N1)	314	2610
PB2|PP755596.1|A/cattle/Texas/24-008749-003/2024(H5N1)	315	2628
PB2|PP755596.1|A/cattle/Texas/24-008749-003/2024(H5N1)	316	2625
PB2|PP755596.1|A/cattle/Texas/24-008749-003/2024(H5N1)	317	2623
PB2|PP755596.1|A/cattle/Texas/24-008749-003/2024(H5N1)	318	2627
PB2|PP755596.1|A/cattle/Texas/24-008749-003/2024(H5N1)	319	2626
PB2|PP755596.1|A/cattle/Texas/24-008749-003/2024(H5N1)	320	2682
PB2|PP755596.1|A/cattle/Texas/24-008749-003/2024(H5N1)	321	2667
PB2|PP755596.1|A/cattle/Texas/24-008749-003/2024(H5N1)	322	2678
PB2|PP755596.1|A/cattle/Texas/24-008749-003/2024(H5N1)	323	2640
PB2|PP755596.1|A/cattle/Texas/24-008749-003/2024(H5N1)	324	2622
PB2|PP755596.1|A/cattle/Texas/24-008749-003/2024(H5N1)	325	2629
PB2|PP755596.1|A/cattle/Texas/24-008749-003/2024(H5N1)	326	2607
PB2|PP755596.1|A/cattle/Texas/24-008749-003/2024(H5N1)	327	2619
PB2|PP755596.1|A/cattle/Texas/24-008749-003/2024(H5N1)	328	2611
PB2|PP755596.1|A/cattle/Texas/24-008749-003/2024(H5N1)	329	2549
PB2|PP755596.1|A/cattle/Texas/24-008749-003/2024(H5N1)	330	2548
PB2|PP755596.1|A/cattle/Texas/24-008749-003/2024(H5N1)	331	2547
PB2|PP755596.1|A/cattle/Texas/24-008749-003/2024(H5N1)	332	2727
PB2|PP755596.1|A/cattle/Texas/24-008749-003/2024(H5N1)	333	2733
PB2|PP755596.1|A/cattle/Texas/24-008749-003/2024(H5N1)	334	2724
PB2|PP755596.1|A/cattle/Texas/24-008749-003/2024(H5N1)	335	2717
PB2|PP755596.1|A/cattle/Texas/24-008749-003/2024(H5N1)	336	2706
PB2|PP755596.1|A/cattle/Texas/24-008749-003/2024(H5N1)	337	2714
PB2|PP755596.1|A/cattle/Texas/24-008749-003/2024(H5N1)	338	2720
PB2|PP755596.1|A/cattle/Texas/24-008749-003/2024(H5N1)	339	2761
PB2|PP755596.1|A/cattle/Texas/24-008749-003/2024(H5N1)	340	2839
PB2|PP755596.1|A/cattle/Texas/24-008749-003/2024(H5N1)	341	2673
PB2|PP755596.1|A/cattle/Texas/24-008749-003/2024(H5N1)	342	2683
PB2|PP755596.1|A/cattle/Texas/24-008749-003/2024(H5N1)	343	2688
PB2|PP755596.1|A/cattle/Texas/24-008749-003/2024(H5N1)	344	2683
PB2|PP755596.1|A/cattle/Texas/24-008749-003/2024(H5N1)	345	2674
PB2|PP755596.1|A/cattle/Texas/24-008749-003/2024(H5N1)	346	2675
PB2|PP755596.1|A/cattle/Texas/24-008749-003/2024(H5N1)	347	2676
PB2|PP755596.1|A/cattle/Texas/24-008749-003/2024(H5N1)	348	2633
PB2|PP755596.1|A/cattle/Texas/24-008749-003/2024(H5N1)	349	2629
PB2|PP755596.1|A/cattle/Texas/24-008749-003/2024(H5N1)	350	2613
PB2|PP755596.1|A/cattle/Texas/24-008749-003/2024(H5N1)	351	2620
PB2|PP755596.1|A/cattle/Texas/24-008749-003/2024(H5N1)	352	2620
PB2|PP755596.1|A/cattle/Texas/24-008749-003/2024(H5N1)	353	2602
PB2|PP755596.1|A/cattle/Texas/24-008749-003/2024(H5N1)	354	2601
PB2|PP755596.1|A/cattle/Texas/24-008749-003/2024(H5N1)	355	2600
PB2|PP755596.1|A/cattle/Texas/24-008749-003/2024(H5N1)	356	2598
PB2|PP755596.1|A/cattle/Texas/24-008749-003/2024(H5N1)	357	2596
PB2|PP755596.1|A/cattle/Texas/24-008749-003/2024(H5N1)	358	2597
PB2|PP755596.1|A/cattle/Texas/24-008749-003/2024(H5N1)	359	2597
PB2|PP755596.1|A/cattle/Texas/24-008749-003/2024(H5N1)	360	2581
PB2|PP755596.1|A/cattle/Texas/24-008749-003/2024(H5N1)	361	2571
PB2|PP755596.1|A/cattle/Texas/24-008749-003/2024(H5N1)	362	2570
PB2|PP755596.1|A/cattle/Texas/24-008749-003/2024(H5N1)	363	2568
PB2|PP755596.1|A/cattle/Texas/24-008749-003/2024(H5N1)	364	2610
PB2|PP755596.1|A/cattle/Texas/24-008749-003/2024(H5N1)	365	2596
PB2|PP755596.1|A/cattle/Texas/24-008749-003/2024(H5N1)	366	2590
PB2|PP755596.1|A/cattle/Texas/24-008749-003/2024(H5N1)	367	2590
PB2|PP755596.1|A/cattle/Texas/24-008749-003/2024(H5N1)	368	2591
PB2|PP755596.1|A/cattle/Texas/24-008749-003/2024(H5N1)	369	2592
PB2|PP755596.1|A/cattle/Texas/24-008749-003/2024(H5N1)	370	2582
PB2|PP755596.1|A/cattle/Texas/24-008749-003/2024(H5N1)	371	2553
PB2|PP755596.1|A/cattle/Texas/24-008749-003/2024(H5N1)	372	2559
PB2|PP755596.1|A/cattle/Texas/24-008749-003/2024(H5N1)	373	2553
PB2|PP755596.1|A/cattle/Texas/24-008749-003/2024(H5N1)	374	2550
PB2|PP755596.1|A/cattle/Texas/24-008749-003/2024(H5N1)	375	2551
PB2|PP755596.1|A/cattle/Texas/24-008749-003/2024(H5N1)	376	2558
PB2|PP755596.1|A/cattle/Texas/24-008749-003/2024(H5N1)	377	2548
PB2|PP755596.1|A/cattle/Texas/24-008749-003/2024(H5N1)	378	2558
PB2|PP755596.1|A/cattle/Texas/24-008749-003/2024(H5N1)	379	2568
PB2|PP755596.1|A/cattle/Texas/24-008749-003/2024(H5N1)	380	2538
PB2|PP755596.1|A/cattle/Texas/24-008749-003/2024(H5N1)	381	2541
PB2|PP755596.1|A/cattle/Texas/24-008749-003/2024(H5N1)	382	2533
PB2|PP755596.1|A/cattle/Texas/24-008749-003/2024(H5N1)	383	2554
PB2|PP755596.1|A/cattle/Texas/24-008749-003/2024(H5N1)	384	2555
PB2|PP755596.1|A/cattle/Texas/24-008749-003/2024(H5N1)	385	2585
PB2|PP755596.1|A/cattle/Texas/24-008749-003/2024(H5N1)	386	2670
PB2|PP755596.1|A/cattle/Texas/24-008749-003/2024(H5N1)	387	2692
PB2|PP755596.1|A/cattle/Texas/24-008749-003/2024(H5N1)	388	2674
PB2|PP755596.1|A/cattle/Texas/24-008749-003/2024(H5N1)	389	2677
PB2|PP755596.1|A/cattle/Texas/24-008749-003/2024(H5N1)	390	2644
PB2|PP755596.1|A/cattle/Texas/24-008749-003/2024(H5N1)	391	2650
PB2|PP755596.1|A/cattle/Texas/24-008749-003/2024(H5N1)	392	2862
PB2|PP755596.1|A/cattle/Texas/24-008749-003/2024(H5N1)	393	2867
PB2|PP755596.1|A/cattle/Texas/24-008749-003/2024(H5N1)	394	2864
PB2|PP755596.1|A/cattle/Texas/24-008749-003/2024(H5N1)	395	2828
PB2|PP755596.1|A/cattle/Texas/24-008749-003/2024(H5N1)	396	2766
PB2|PP755596.1|A/cattle/Texas/24-008749-003/2024(H5N1)	397	2872
PB2|PP755596.1|A/cattle/Texas/24-008749-003/2024(H5N1)	398	2874
PB2|PP755596.1|A/cattle/Texas/24-008749-003/2024(H5N1)	399	2884
PB2|PP755596.1|A/cattle/Texas/24-008749-003/2024(H5N1)	400	2868
PB2|PP755596.1|A/cattle/Texas/24-008749-003/2024(H5N1)	401	2650
PB2|PP755596.1|A/cattle/Texas/24-008749-003/2024(H5N1)	402	2648
PB2|PP755596.1|A/cattle/Texas/24-008749-003/2024(H5N1)	403	2609
PB2|PP755596.1|A/cattle/Texas/24-008749-003/2024(H5N1)	404	2618
PB2|PP755596.1|A/cattle/Texas/24-008749-003/2024(H5N1)	405	2612
PB2|PP755596.1|A/cattle/Texas/24-008749-003/2024(H5N1)	406	2539
PB2|PP755596.1|A/cattle/Texas/24-008749-003/2024(H5N1)	407	2540
PB2|PP755596.1|A/cattle/Texas/24-008749-003/2024(H5N1)	408	2544
PB2|PP755596.1|A/cattle/Texas/24-008749-003/2024(H5N1)	409	2546
PB2|PP755596.1|A/cattle/Texas/24-008749-003/2024(H5N1)	410	2523
PB2|PP755596.1|A/cattle/Texas/24-008749-003/2024(H5N1)	411	2510
PB2|PP755596.1|A/cattle/Texas/24-008749-003/2024(H5N1)	412	2518
PB2|PP755596.1|A/cattle/Texas/24-008749-003/2024(H5N1)	413	2510
PB2|PP755596.1|A/cattle/Texas/24-008749-003/2024(H5N1)	414	2497
PB2|PP755596.1|A/cattle/Texas/24-008749-003/2024(H5N1)	415	2487
PB2|PP755596.1|A/cattle/Texas/24-008749-003/2024(H5N1)	416	2480
PB2|PP755596.1|A/cattle/Texas/24-008749-003/2024(H5N1)	417	2481
PB2|PP755596.1|A/cattle/Texas/24-008749-003/2024(H5N1)	418	2477
PB2|PP755596.1|A/cattle/Texas/24-008749-003/2024(H5N1)	419	2502
PB2|PP755596.1|A/cattle/Texas/24-008749-003/2024(H5N1)	420	2507
PB2|PP755596.1|A/cattle/Texas/24-008749-003/2024(H5N1)	421	2515
PB2|PP755596.1|A/cattle/Texas/24-008749-003/2024(H5N1)	422	2406
PB2|PP755596.1|A/cattle/Texas/24-008749-003/2024(H5N1)	423	2397
PB2|PP755596.1|A/cattle/Texas/24-008749-003/2024(H5N1)	424	2404
PB2|PP755596.1|A/cattle/Texas/24-008749-003/2024(H5N1)	425	2417
PB2|PP755596.1|A/cattle/Texas/24-008749-003/2024(H5N1)	426	2423
PB2|PP755596.1|A/cattle/Texas/24-008749-003/2024(H5N1)	427	2370
PB2|PP755596.1|A/cattle/Texas/24-008749-003/2024(H5N1)	428	2331
PB2|PP755596.1|A/cattle/Texas/24-008749-003/2024(H5N1)	429	2327
PB2|PP755596.1|A/cattle/Texas/24-008749-003/2024(H5N1)	430	2326
PB2|PP755596.1|A/cattle/Texas/24-008749-003/2024(H5N1)	431	2335
PB2|PP755596.1|A/cattle/Texas/24-008749-003/2024(H5N1)	432	2342
PB2|PP755596.1|A/cattle/Texas/24-008749-003/2024(H5N1)	433	2288
PB2|PP755596.1|A/cattle/Texas/24-008749-003/2024(H5N1)	434	2273
PB2|PP755596.1|A/cattle/Texas/24-008749-003/2024(H5N1)	435	2432
PB2|PP755596.1|A/cattle/Texas/24-008749-003/2024(H5N1)	436	2432
PB2|PP755596.1|A/cattle/Texas/24-008749-003/2024(H5N1)	437	2641
PB2|PP755596.1|A/cattle/Texas/24-008749-003/2024(H5N1)	438	2642
PB2|PP755596.1|A/cattle/Texas/24-008749-003/2024(H5N1)	439	2642
PB2|PP755596.1|A/cattle/Texas/24-008749-003/2024(H5N1)	440	2637
PB2|PP755596.1|A/cattle/Texas/24-008749-003/2024(H5N1)	441	2617
PB2|PP755596.1|A/cattle/Texas/24-008749-003/2024(H5N1)	442	2650
PB2|PP755596.1|A/cattle/Texas/24-008749-003/2024(H5N1)	443	2691
PB2|PP755596.1|A/cattle/Texas/24-008749-003/2024(H5N1)	444	2678
PB2|PP755596.1|A/cattle/Texas/24-008749-003/2024(H5N1)	445	2680
PB2|PP755596.1|A/cattle/Texas/24-008749-003/2024(H5N1)	446	2515
PB2|PP755596.1|A/cattle/Texas/24-008749-003/2024(H5N1)	447	2538
PB2|PP755596.1|A/cattle/Texas/24-008749-003/2024(H5N1)	448	2517
PB2|PP755596.1|A/cattle/Texas/24-008749-003/2024(H5N1)	449	2526
PB2|PP755596.1|A/cattle/Texas/24-008749-003/2024(H5N1)	450	2526
PB2|PP755596.1|A/cattle/Texas/24-008749-003/2024(H5N1)	451	2492
PB2|PP755596.1|A/cattle/Texas/24-008749-003/2024(H5N1)	452	2641
PB2|PP755596.1|A/cattle/Texas/24-008749-003/2024(H5N1)	453	2625
PB2|PP755596.1|A/cattle/Texas/24-008749-003/2024(H5N1)	454	2640
PB2|PP755596.1|A/cattle/Texas/24-008749-003/2024(H5N1)	455	2646
PB2|PP755596.1|A/cattle/Texas/24-008749-003/2024(H5N1)	456	2669
PB2|PP755596.1|A/cattle/Texas/24-008749-003/2024(H5N1)	457	2677
PB2|PP755596.1|A/cattle/Texas/24-008749-003/2024(H5N1)	458	2744
PB2|PP755596.1|A/cattle/Texas/24-008749-003/2024(H5N1)	459	2739
PB2|PP755596.1|A/cattle/Texas/24-008749-003/2024(H5N1)	460	2739
PB2|PP755596.1|A/cattle/Texas/24-008749-003/2024(H5N1)	461	2620
PB2|PP755596.1|A/cattle/Texas/24-008749-003/2024(H5N1)	462	2617
PB2|PP755596.1|A/cattle/Texas/24-008749-003/2024(H5N1)	463	2585
PB2|PP755596.1|A/cattle/Texas/24-008749-003/2024(H5N1)	464	2618
PB2|PP755596.1|A/cattle/Texas/24-008749-003/2024(H5N1)	465	2694
PB2|PP755596.1|A/cattle/Texas/24-008749-003/2024(H5N1)	466	2678
PB2|PP755596.1|A/cattle/Texas/24-008749-003/2024(H5N1)	467	2689
PB2|PP755596.1|A/cattle/Texas/24-008749-003/2024(H5N1)	468	2676
PB2|PP755596.1|A/cattle/Texas/24-008749-003/2024(H5N1)	469	2692
PB2|PP755596.1|A/cattle/Texas/24-008749-003/2024(H5N1)	470	2699
PB2|PP755596.1|A/cattle/Texas/24-008749-003/2024(H5N1)	471	2649
PB2|PP755596.1|A/cattle/Texas/24-008749-003/2024(H5N1)	472	2653
PB2|PP755596.1|A/cattle/Texas/24-008749-003/2024(H5N1)	473	2621
PB2|PP755596.1|A/cattle/Texas/24-008749-003/2024(H5N1)	474	2621
PB2|PP755596.1|A/cattle/Texas/24-008749-003/2024(H5N1)	475	2668
PB2|PP755596.1|A/cattle/Texas/24-008749-003/2024(H5N1)	476	2675
PB2|PP755596.1|A/cattle/Texas/24-008749-003/2024(H5N1)	477	2675
PB2|PP755596.1|A/cattle/Texas/24-008749-003/2024(H5N1)	478	2670
PB2|PP755596.1|A/cattle/Texas/24-008749-003/2024(H5N1)	479	2668
PB2|PP755596.1|A/cattle/Texas/24-008749-003/2024(H5N1)	480	2761
PB2|PP755596.1|A/cattle/Texas/24-008749-003/2024(H5N1)	481	2764
PB2|PP755596.1|A/cattle/Texas/24-008749-003/2024(H5N1)	482	2849
PB2|PP755596.1|A/cattle/Texas/24-008749-003/2024(H5N1)	483	2701
PB2|PP755596.1|A/cattle/Texas/24-008749-003/2024(H5N1)	484	2685
PB2|PP755596.1|A/cattle/Texas/24-008749-003/2024(H5N1)	485	2702
PB2|PP755596.1|A/cattle/Texas/24-008749-003/2024(H5N1)	486	2729
PB2|PP755596.1|A/cattle/Texas/24-008749-003/2024(H5N1)	487	2738
PB2|PP755596.1|A/cattle/Texas/24-008749-003/2024(H5N1)	488	2757
PB2|PP755596.1|A/cattle/Texas/24-008749-003/2024(H5N1)	489	2647
PB2|PP755596.1|A/cattle/Texas/24-008749-003/2024(H5N1)	490	2640
PB2|PP755596.1|A/cattle/Texas/24-008749-003/2024(H5N1)	491	2626
PB2|PP755596.1|A/cattle/Texas/24-008749-003/2024(H5N1)	492	2634
PB2|PP755596.1|A/cattle/Texas/24-008749-003/2024(H5N1)	493	2652
PB2|PP755596.1|A/cattle/Texas/24-008749-003/2024(H5N1)	494	2660
PB2|PP755596.1|A/cattle/Texas/24-008749-003/2024(H5N1)	495	2661
PB2|PP755596.1|A/cattle/Texas/24-008749-003/2024(H5N1)	496	2662
PB2|PP755596.1|A/cattle/Texas/24-008749-003/2024(H5N1)	497	2651
PB2|PP755596.1|A/cattle/Texas/24-008749-003/2024(H5N1)	498	2647
PB2|PP755596.1|A/cattle/Texas/24-008749-003/2024(H5N1)	499	2651
PB2|PP755596.1|A/cattle/Texas/24-008749-003/2024(H5N1)	500	2717
PB2|PP755596.1|A/cattle/Texas/24-008749-003/2024(H5N1)	501	2732
PB2|PP755596.1|A/cattle/Texas/24-008749-003/2024(H5N1)	502	2705
PB2|PP755596.1|A/cattle/Texas/24-008749-003/2024(H5N1)	503	2708
PB2|PP755596.1|A/cattle/Texas/24-008749-003/2024(H5N1)	504	2717
PB2|PP755596.1|A/cattle/Texas/24-008749-003/2024(H5N1)	505	2723
PB2|PP755596.1|A/cattle/Texas/24-008749-003/2024(H5N1)	506	2750
PB2|PP755596.1|A/cattle/Texas/24-008749-003/2024(H5N1)	507	2750
PB2|PP755596.1|A/cattle/Texas/24-008749-003/2024(H5N1)	508	2759
PB2|PP755596.1|A/cattle/Texas/24-008749-003/2024(H5N1)	509	2769
PB2|PP755596.1|A/cattle/Texas/24-008749-003/2024(H5N1)	510	2776
PB2|PP755596.1|A/cattle/Texas/24-008749-003/2024(H5N1)	511	2779
PB2|PP755596.1|A/cattle/Texas/24-008749-003/2024(H5N1)	512	2799
PB2|PP755596.1|A/cattle/Texas/24-008749-003/2024(H5N1)	513	2800
PB2|PP755596.1|A/cattle/Texas/24-008749-003/2024(H5N1)	514	2812
PB2|PP755596.1|A/cattle/Texas/24-008749-003/2024(H5N1)	515	2779
PB2|PP755596.1|A/cattle/Texas/24-008749-003/2024(H5N1)	516	2778
PB2|PP755596.1|A/cattle/Texas/24-008749-003/2024(H5N1)	517	2782
PB2|PP755596.1|A/cattle/Texas/24-008749-003/2024(H5N1)	518	2785
PB2|PP755596.1|A/cattle/Texas/24-008749-003/2024(H5N1)	519	2785
PB2|PP755596.1|A/cattle/Texas/24-008749-003/2024(H5N1)	520	2792
PB2|PP755596.1|A/cattle/Texas/24-008749-003/2024(H5N1)	521	2803
PB2|PP755596.1|A/cattle/Texas/24-008749-003/2024(H5N1)	522	2801
PB2|PP755596.1|A/cattle/Texas/24-008749-003/2024(H5N1)	523	2814
PB2|PP755596.1|A/cattle/Texas/24-008749-003/2024(H5N1)	524	2831
PB2|PP755596.1|A/cattle/Texas/24-008749-003/2024(H5N1)	525	2844
PB2|PP755596.1|A/cattle/Texas/24-008749-003/2024(H5N1)	526	2871
PB2|PP755596.1|A/cattle/Texas/24-008749-003/2024(H5N1)	527	2896
PB2|PP755596.1|A/cattle/Texas/24-008749-003/2024(H5N1)	528	2891
PB2|PP755596.1|A/cattle/Texas/24-008749-003/2024(H5N1)	529	2873
PB2|PP755596.1|A/cattle/Texas/24-008749-003/2024(H5N1)	530	2829
PB2|PP755596.1|A/cattle/Texas/24-008749-003/2024(H5N1)	531	2835
PB2|PP755596.1|A/cattle/Texas/24-008749-003/2024(H5N1)	532	2838
PB2|PP755596.1|A/cattle/Texas/24-008749-003/2024(H5N1)	533	2822
PB2|PP755596.1|A/cattle/Texas/24-008749-003/2024(H5N1)	534	2821
PB2|PP755596.1|A/cattle/Texas/24-008749-003/2024(H5N1)	535	2832
PB2|PP755596.1|A/cattle/Texas/24-008749-003/2024(H5N1)	536	2790
PB2|PP755596.1|A/cattle/Texas/24-008749-003/2024(H5N1)	537	2789
PB2|PP755596.1|A/cattle/Texas/24-008749-003/2024(H5N1)	538	2809
PB2|PP755596.1|A/cattle/Texas/24-008749-003/2024(H5N1)	539	2847
PB2|PP755596.1|A/cattle/Texas/24-008749-003/2024(H5N1)	540	2853
PB2|PP755596.1|A/cattle/Texas/24-008749-003/2024(H5N1)	541	2945
PB2|PP755596.1|A/cattle/Texas/24-008749-003/2024(H5N1)	542	2741
PB2|PP755596.1|A/cattle/Texas/24-008749-003/2024(H5N1)	543	2740
PB2|PP755596.1|A/cattle/Texas/24-008749-003/2024(H5N1)	544	2731
PB2|PP755596.1|A/cattle/Texas/24-008749-003/2024(H5N1)	545	2731
PB2|PP755596.1|A/cattle/Texas/24-008749-003/2024(H5N1)	546	2733
PB2|PP755596.1|A/cattle/Texas/24-008749-003/2024(H5N1)	547	2713
PB2|PP755596.1|A/cattle/Texas/24-008749-003/2024(H5N1)	548	2625
PB2|PP755596.1|A/cattle/Texas/24-008749-003/2024(H5N1)	549	2645
PB2|PP755596.1|A/cattle/Texas/24-008749-003/2024(H5N1)	550	2646
PB2|PP755596.1|A/cattle/Texas/24-008749-003/2024(H5N1)	551	2657
PB2|PP755596.1|A/cattle/Texas/24-008749-003/2024(H5N1)	552	2656
PB2|PP755596.1|A/cattle/Texas/24-008749-003/2024(H5N1)	553	2623
PB2|PP755596.1|A/cattle/Texas/24-008749-003/2024(H5N1)	554	2667
PB2|PP755596.1|A/cattle/Texas/24-008749-003/2024(H5N1)	555	2664
PB2|PP755596.1|A/cattle/Texas/24-008749-003/2024(H5N1)	556	2679
PB2|PP755596.1|A/cattle/Texas/24-008749-003/2024(H5N1)	557	2679
PB2|PP755596.1|A/cattle/Texas/24-008749-003/2024(H5N1)	558	2669
PB2|PP755596.1|A/cattle/Texas/24-008749-003/2024(H5N1)	559	2673
PB2|PP755596.1|A/cattle/Texas/24-008749-003/2024(H5N1)	560	2666
PB2|PP755596.1|A/cattle/Texas/24-008749-003/2024(H5N1)	561	2677
PB2|PP755596.1|A/cattle/Texas/24-008749-003/2024(H5N1)	562	2683
PB2|PP755596.1|A/cattle/Texas/24-008749-003/2024(H5N1)	563	2672
PB2|PP755596.1|A/cattle/Texas/24-008749-003/2024(H5N1)	564	2670
PB2|PP755596.1|A/cattle/Texas/24-008749-003/2024(H5N1)	565	2665
PB2|PP755596.1|A/cattle/Texas/24-008749-003/2024(H5N1)	566	2662
PB2|PP755596.1|A/cattle/Texas/24-008749-003/2024(H5N1)	567	2666
PB2|PP755596.1|A/cattle/Texas/24-008749-003/2024(H5N1)	568	2705
PB2|PP755596.1|A/cattle/Texas/24-008749-003/2024(H5N1)	569	2702
PB2|PP755596.1|A/cattle/Texas/24-008749-003/2024(H5N1)	570	2651
PB2|PP755596.1|A/cattle/Texas/24-008749-003/2024(H5N1)	571	2660
PB2|PP755596.1|A/cattle/Texas/24-008749-003/2024(H5N1)	572	2662
PB2|PP755596.1|A/cattle/Texas/24-008749-003/2024(H5N1)	573	2661
PB2|PP755596.1|A/cattle/Texas/24-008749-003/2024(H5N1)	574	2675
PB2|PP755596.1|A/cattle/Texas/24-008749-003/2024(H5N1)	575	2687
PB2|PP755596.1|A/cattle/Texas/24-008749-003/2024(H5N1)	576	2672
PB2|PP755596.1|A/cattle/Texas/24-008749-003/2024(H5N1)	577	2830
PB2|PP755596.1|A/cattle/Texas/24-008749-003/2024(H5N1)	578	2825
PB2|PP755596.1|A/cattle/Texas/24-008749-003/2024(H5N1)	579	2859
PB2|PP755596.1|A/cattle/Texas/24-008749-003/2024(H5N1)	580	2852
PB2|PP755596.1|A/cattle/Texas/24-008749-003/2024(H5N1)	581	2850
PB2|PP755596.1|A/cattle/Texas/24-008749-003/2024(H5N1)	582	2858
PB2|PP755596.1|A/cattle/Texas/24-008749-003/2024(H5N1)	583	2854
PB2|PP755596.1|A/cattle/Texas/24-008749-003/2024(H5N1)	584	2974
PB2|PP755596.1|A/cattle/Texas/24-008749-003/2024(H5N1)	585	2801
PB2|PP755596.1|A/cattle/Texas/24-008749-003/2024(H5N1)	586	2592
PB2|PP755596.1|A/cattle/Texas/24-008749-003/2024(H5N1)	587	2596
PB2|PP755596.1|A/cattle/Texas/24-008749-003/2024(H5N1)	588	2658
PB2|PP755596.1|A/cattle/Texas/24-008749-003/2024(H5N1)	589	2660
PB2|PP755596.1|A/cattle/Texas/24-008749-003/2024(H5N1)	590	2665
PB2|PP755596.1|A/cattle/Texas/24-008749-003/2024(H5N1)	591	2657
PB2|PP755596.1|A/cattle/Texas/24-008749-003/2024(H5N1)	592	2683
PB2|PP755596.1|A/cattle/Texas/24-008749-003/2024(H5N1)	593	2664
PB2|PP755596.1|A/cattle/Texas/24-008749-003/2024(H5N1)	594	2627
PB2|PP755596.1|A/cattle/Texas/24-008749-003/2024(H5N1)	595	2627
PB2|PP755596.1|A/cattle/Texas/24-008749-003/2024(H5N1)	596	2634
PB2|PP755596.1|A/cattle/Texas/24-008749-003/2024(H5N1)	597	2609
PB2|PP755596.1|A/cattle/Texas/24-008749-003/2024(H5N1)	598	2669
PB2|PP755596.1|A/cattle/Texas/24-008749-003/2024(H5N1)	599	2673
PB2|PP755596.1|A/cattle/Texas/24-008749-003/2024(H5N1)	600	2752
PB2|PP755596.1|A/cattle/Texas/24-008749-003/2024(H5N1)	601	2612
PB2|PP755596.1|A/cattle/Texas/24-008749-003/2024(H5N1)	602	2610
PB2|PP755596.1|A/cattle/Texas/24-008749-003/2024(H5N1)	603	2606
PB2|PP755596.1|A/cattle/Texas/24-008749-003/2024(H5N1)	604	2616
PB2|PP755596.1|A/cattle/Texas/24-008749-003/2024(H5N1)	605	2605
PB2|PP755596.1|A/cattle/Texas/24-008749-003/2024(H5N1)	606	2623
PB2|PP755596.1|A/cattle/Texas/24-008749-003/2024(H5N1)	607	2660
PB2|PP755596.1|A/cattle/Texas/24-008749-003/2024(H5N1)	608	2640
PB2|PP755596.1|A/cattle/Texas/24-008749-003/2024(H5N1)	609	2574
PB2|PP755596.1|A/cattle/Texas/24-008749-003/2024(H5N1)	610	2561
PB2|PP755596.1|A/cattle/Texas/24-008749-003/2024(H5N1)	611	2572
PB2|PP755596.1|A/cattle/Texas/24-008749-003/2024(H5N1)	612	2577
PB2|PP755596.1|A/cattle/Texas/24-008749-003/2024(H5N1)	613	2575
PB2|PP755596.1|A/cattle/Texas/24-008749-003/2024(H5N1)	614	2569
PB2|PP755596.1|A/cattle/Texas/24-008749-003/2024(H5N1)	615	2532
PB2|PP755596.1|A/cattle/Texas/24-008749-003/2024(H5N1)	616	2445
PB2|PP755596.1|A/cattle/Texas/24-008749-003/2024(H5N1)	617	2438
PB2|PP755596.1|A/cattle/Texas/24-008749-003/2024(H5N1)	618	2444
PB2|PP755596.1|A/cattle/Texas/24-008749-003/2024(H5N1)	619	2568
PB2|PP755596.1|A/cattle/Texas/24-008749-003/2024(H5N1)	620	2553
PB2|PP755596.1|A/cattle/Texas/24-008749-003/2024(H5N1)	621	2550
PB2|PP755596.1|A/cattle/Texas/24-008749-003/2024(H5N1)	622	2551
PB2|PP755596.1|A/cattle/Texas/24-008749-003/2024(H5N1)	623	2641
PB2|PP755596.1|A/cattle/Texas/24-008749-003/2024(H5N1)	624	2657
PB2|PP755596.1|A/cattle/Texas/24-008749-003/2024(H5N1)	625	2635
PB2|PP755596.1|A/cattle/Texas/24-008749-003/2024(H5N1)	626	2614
PB2|PP755596.1|A/cattle/Texas/24-008749-003/2024(H5N1)	627	2598
PB2|PP755596.1|A/cattle/Texas/24-008749-003/2024(H5N1)	628	2629
PB2|PP755596.1|A/cattle/Texas/24-008749-003/2024(H5N1)	629	2638
PB2|PP755596.1|A/cattle/Texas/24-008749-003/2024(H5N1)	630	2657
PB2|PP755596.1|A/cattle/Texas/24-008749-003/2024(H5N1)	631	2568
PB2|PP755596.1|A/cattle/Texas/24-008749-003/2024(H5N1)	632	2474
PB2|PP755596.1|A/cattle/Texas/24-008749-003/2024(H5N1)	633	2489
PB2|PP755596.1|A/cattle/Texas/24-008749-003/2024(H5N1)	634	2489
PB2|PP755596.1|A/cattle/Texas/24-008749-003/2024(H5N1)	635	2480
PB2|PP755596.1|A/cattle/Texas/24-008749-003/2024(H5N1)	636	2492
PB2|PP755596.1|A/cattle/Texas/24-008749-003/2024(H5N1)	637	2448
PB2|PP755596.1|A/cattle/Texas/24-008749-003/2024(H5N1)	638	2448
PB2|PP755596.1|A/cattle/Texas/24-008749-003/2024(H5N1)	639	2420
PB2|PP755596.1|A/cattle/Texas/24-008749-003/2024(H5N1)	640	2419
PB2|PP755596.1|A/cattle/Texas/24-008749-003/2024(H5N1)	641	2474
PB2|PP755596.1|A/cattle/Texas/24-008749-003/2024(H5N1)	642	2468
PB2|PP755596.1|A/cattle/Texas/24-008749-003/2024(H5N1)	643	2477
PB2|PP755596.1|A/cattle/Texas/24-008749-003/2024(H5N1)	644	2457
PB2|PP755596.1|A/cattle/Texas/24-008749-003/2024(H5N1)	645	2462
PB2|PP755596.1|A/cattle/Texas/24-008749-003/2024(H5N1)	646	2473
PB2|PP755596.1|A/cattle/Texas/24-008749-003/2024(H5N1)	647	2477
PB2|PP755596.1|A/cattle/Texas/24-008749-003/2024(H5N1)	648	2495
PB2|PP755596.1|A/cattle/Texas/24-008749-003/2024(H5N1)	649	2524
PB2|PP755596.1|A/cattle/Texas/24-008749-003/2024(H5N1)	650	2468
PB2|PP755596.1|A/cattle/Texas/24-008749-003/2024(H5N1)	651	2476
PB2|PP755596.1|A/cattle/Texas/24-008749-003/2024(H5N1)	652	2461
PB2|PP755596.1|A/cattle/Texas/24-008749-003/2024(H5N1)	653	2465
PB2|PP755596.1|A/cattle/Texas/24-008749-003/2024(H5N1)	654	2505
PB2|PP755596.1|A/cattle/Texas/24-008749-003/2024(H5N1)	655	2494
PB2|PP755596.1|A/cattle/Texas/24-008749-003/2024(H5N1)	656	2481
PB2|PP755596.1|A/cattle/Texas/24-008749-003/2024(H5N1)	657	2458
PB2|PP755596.1|A/cattle/Texas/24-008749-003/2024(H5N1)	658	2467
PB2|PP755596.1|A/cattle/Texas/24-008749-003/2024(H5N1)	659	2474
PB2|PP755596.1|A/cattle/Texas/24-008749-003/2024(H5N1)	660	2462
PB2|PP755596.1|A/cattle/Texas/24-008749-003/2024(H5N1)	661	2457
PB2|PP755596.1|A/cattle/Texas/24-008749-003/2024(H5N1)	662	2428
PB2|PP755596.1|A/cattle/Texas/24-008749-003/2024(H5N1)	663	2427
PB2|PP755596.1|A/cattle/Texas/24-008749-003/2024(H5N1)	664	2430
PB2|PP755596.1|A/cattle/Texas/24-008749-003/2024(H5N1)	665	2447
PB2|PP755596.1|A/cattle/Texas/24-008749-003/2024(H5N1)	666	2445
PB2|PP755596.1|A/cattle/Texas/24-008749-003/2024(H5N1)	667	2446
PB2|PP755596.1|A/cattle/Texas/24-008749-003/2024(H5N1)	668	2441
PB2|PP755596.1|A/cattle/Texas/24-008749-003/2024(H5N1)	669	2456
PB2|PP755596.1|A/cattle/Texas/24-008749-003/2024(H5N1)	670	2454
PB2|PP755596.1|A/cattle/Texas/24-008749-003/2024(H5N1)	671	2484
PB2|PP755596.1|A/cattle/Texas/24-008749-003/2024(H5N1)	672	2485
PB2|PP755596.1|A/cattle/Texas/24-008749-003/2024(H5N1)	673	2481
PB2|PP755596.1|A/cattle/Texas/24-008749-003/2024(H5N1)	674	2461
PB2|PP755596.1|A/cattle/Texas/24-008749-003/2024(H5N1)	675	2455
PB2|PP755596.1|A/cattle/Texas/24-008749-003/2024(H5N1)	676	2434
PB2|PP755596.1|A/cattle/Texas/24-008749-003/2024(H5N1)	677	2466
PB2|PP755596.1|A/cattle/Texas/24-008749-003/2024(H5N1)	678	2478
PB2|PP755596.1|A/cattle/Texas/24-008749-003/2024(H5N1)	679	2529
PB2|PP755596.1|A/cattle/Texas/24-008749-003/2024(H5N1)	680	2530
PB2|PP755596.1|A/cattle/Texas/24-008749-003/2024(H5N1)	681	2526
PB2|PP755596.1|A/cattle/Texas/24-008749-003/2024(H5N1)	682	2522
PB2|PP755596.1|A/cattle/Texas/24-008749-003/2024(H5N1)	683	2669
PB2|PP755596.1|A/cattle/Texas/24-008749-003/2024(H5N1)	684	2666
PB2|PP755596.1|A/cattle/Texas/24-008749-003/2024(H5N1)	685	2664
PB2|PP755596.1|A/cattle/Texas/24-008749-003/2024(H5N1)	686	2648
PB2|PP755596.1|A/cattle/Texas/24-008749-003/2024(H5N1)	687	2582
PB2|PP755596.1|A/cattle/Texas/24-008749-003/2024(H5N1)	688	2543
PB2|PP755596.1|A/cattle/Texas/24-008749-003/2024(H5N1)	689	2505
PB2|PP755596.1|A/cattle/Texas/24-008749-003/2024(H5N1)	690	2502
PB2|PP755596.1|A/cattle/Texas/24-008749-003/2024(H5N1)	691	2530
PB2|PP755596.1|A/cattle/Texas/24-008749-003/2024(H5N1)	692	2432
PB2|PP755596.1|A/cattle/Texas/24-008749-003/2024(H5N1)	693	2431
PB2|PP755596.1|A/cattle/Texas/24-008749-003/2024(H5N1)	694	2444
PB2|PP755596.1|A/cattle/Texas/24-008749-003/2024(H5N1)	695	2440
PB2|PP755596.1|A/cattle/Texas/24-008749-003/2024(H5N1)	696	2491
PB2|PP755596.1|A/cattle/Texas/24-008749-003/2024(H5N1)	697	2681
PB2|PP755596.1|A/cattle/Texas/24-008749-003/2024(H5N1)	698	2703
PB2|PP755596.1|A/cattle/Texas/24-008749-003/2024(H5N1)	699	2709
PB2|PP755596.1|A/cattle/Texas/24-008749-003/2024(H5N1)	700	2678
PB2|PP755596.1|A/cattle/Texas/24-008749-003/2024(H5N1)	701	2677
PB2|PP755596.1|A/cattle/Texas/24-008749-003/2024(H5N1)	702	2669
PB2|PP755596.1|A/cattle/Texas/24-008749-003/2024(H5N1)	703	2683
PB2|PP755596.1|A/cattle/Texas/24-008749-003/2024(H5N1)	704	2673
PB2|PP755596.1|A/cattle/Texas/24-008749-003/2024(H5N1)	705	2665
PB2|PP755596.1|A/cattle/Texas/24-008749-003/2024(H5N1)	706	2653
PB2|PP755596.1|A/cattle/Texas/24-008749-003/2024(H5N1)	707	2644
PB2|PP755596.1|A/cattle/Texas/24-008749-003/2024(H5N1)	708	2673
PB2|PP755596.1|A/cattle/Texas/24-008749-003/2024(H5N1)	709	2746
PB2|PP755596.1|A/cattle/Texas/24-008749-003/2024(H5N1)	710	2753
PB2|PP755596.1|A/cattle/Texas/24-008749-003/2024(H5N1)	711	2754
PB2|PP755596.1|A/cattle/Texas/24-008749-003/2024(H5N1)	712	2744
PB2|PP755596.1|A/cattle/Texas/24-008749-003/2024(H5N1)	713	2749
PB2|PP755596.1|A/cattle/Texas/24-008749-003/2024(H5N1)	714	2750
PB2|PP755596.1|A/cattle/Texas/24-008749-003/2024(H5N1)	715	2763
PB2|PP755596.1|A/cattle/Texas/24-008749-003/2024(H5N1)	716	2792
PB2|PP755596.1|A/cattle/Texas/24-008749-003/2024(H5N1)	717	2783
PB2|PP755596.1|A/cattle/Texas/24-008749-003/2024(H5N1)	718	2757
PB2|PP755596.1|A/cattle/Texas/24-008749-003/2024(H5N1)	719	2751
PB2|PP755596.1|A/cattle/Texas/24-008749-003/2024(H5N1)	720	2754
PB2|PP755596.1|A/cattle/Texas/24-008749-003/2024(H5N1)	721	2805
PB2|PP755596.1|A/cattle/Texas/24-008749-003/2024(H5N1)	722	2783
PB2|PP755596.1|A/cattle/Texas/24-008749-003/2024(H5N1)	723	2785
PB2|PP755596.1|A/cattle/Texas/24-008749-003/2024(H5N1)	724	2785
PB2|PP755596.1|A/cattle/Texas/24-008749-003/2024(H5N1)	725	2768
PB2|PP755596.1|A/cattle/Texas/24-008749-003/2024(H5N1)	726	2935
PB2|PP755596.1|A/cattle/Texas/24-008749-003/2024(H5N1)	727	2935
PB2|PP755596.1|A/cattle/Texas/24-008749-003/2024(H5N1)	728	2801
PB2|PP755596.1|A/cattle/Texas/24-008749-003/2024(H5N1)	729	2883
PB2|PP755596.1|A/cattle/Texas/24-008749-003/2024(H5N1)	730	2906
PB2|PP755596.1|A/cattle/Texas/24-008749-003/2024(H5N1)	731	2915
PB2|PP755596.1|A/cattle/Texas/24-008749-003/2024(H5N1)	732	2918
PB2|PP755596.1|A/cattle/Texas/24-008749-003/2024(H5N1)	733	2892
PB2|PP755596.1|A/cattle/Texas/24-008749-003/2024(H5N1)	734	2895
PB2|PP755596.1|A/cattle/Texas/24-008749-003/2024(H5N1)	735	2721
PB2|PP755596.1|A/cattle/Texas/24-008749-003/2024(H5N1)	736	2768
PB2|PP755596.1|A/cattle/Texas/24-008749-003/2024(H5N1)	737	2754
PB2|PP755596.1|A/cattle/Texas/24-008749-003/2024(H5N1)	738	2685
PB2|PP755596.1|A/cattle/Texas/24-008749-003/2024(H5N1)	739	2686
PB2|PP755596.1|A/cattle/Texas/24-008749-003/2024(H5N1)	740	2705
PB2|PP755596.1|A/cattle/Texas/24-008749-003/2024(H5N1)	741	2714
PB2|PP755596.1|A/cattle/Texas/24-008749-003/2024(H5N1)	742	2715
PB2|PP755596.1|A/cattle/Texas/24-008749-003/2024(H5N1)	743	2698
PB2|PP755596.1|A/cattle/Texas/24-008749-003/2024(H5N1)	744	2681
PB2|PP755596.1|A/cattle/Texas/24-008749-003/2024(H5N1)	745	2689
PB2|PP755596.1|A/cattle/Texas/24-008749-003/2024(H5N1)	746	2682
PB2|PP755596.1|A/cattle/Texas/24-008749-003/2024(H5N1)	747	2686
PB2|PP755596.1|A/cattle/Texas/24-008749-003/2024(H5N1)	748	2694
PB2|PP755596.1|A/cattle/Texas/24-008749-003/2024(H5N1)	749	2632
PB2|PP755596.1|A/cattle/Texas/24-008749-003/2024(H5N1)	750	2619
PB2|PP755596.1|A/cattle/Texas/24-008749-003/2024(H5N1)	751	2560
PB2|PP755596.1|A/cattle/Texas/24-008749-003/2024(H5N1)	752	2556
PB2|PP755596.1|A/cattle/Texas/24-008749-003/2024(H5N1)	753	2558
PB2|PP755596.1|A/cattle/Texas/24-008749-003/2024(H5N1)	754	2550
PB2|PP755596.1|A/cattle/Texas/24-008749-003/2024(H5N1)	755	2556
PB2|PP755596.1|A/cattle/Texas/24-008749-003/2024(H5N1)	756	2533
PB2|PP755596.1|A/cattle/Texas/24-008749-003/2024(H5N1)	757	2525
PB2|PP755596.1|A/cattle/Texas/24-008749-003/2024(H5N1)	758	2450
PB2|PP755596.1|A/cattle/Texas/24-008749-003/2024(H5N1)	759	2439
PB2|PP755596.1|A/cattle/Texas/24-008749-003/2024(H5N1)	760	2448
PB2|PP755596.1|A/cattle/Texas/24-008749-003/2024(H5N1)	761	2558
PB2|PP755596.1|A/cattle/Texas/24-008749-003/2024(H5N1)	762	2550
PB2|PP755596.1|A/cattle/Texas/24-008749-003/2024(H5N1)	763	2547
PB2|PP755596.1|A/cattle/Texas/24-008749-003/2024(H5N1)	764	2546
PB2|PP755596.1|A/cattle/Texas/24-008749-003/2024(H5N1)	765	2541
PB2|PP755596.1|A/cattle/Texas/24-008749-003/2024(H5N1)	766	2599
PB2|PP755596.1|A/cattle/Texas/24-008749-003/2024(H5N1)	767	2600
PB2|PP755596.1|A/cattle/Texas/24-008749-003/2024(H5N1)	768	2598
PB2|PP755596.1|A/cattle/Texas/24-008749-003/2024(H5N1)	769	2579
PB2|PP755596.1|A/cattle/Texas/24-008749-003/2024(H5N1)	770	2438
PB2|PP755596.1|A/cattle/Texas/24-008749-003/2024(H5N1)	771	2465
PB2|PP755596.1|A/cattle/Texas/24-008749-003/2024(H5N1)	772	2495
PB2|PP755596.1|A/cattle/Texas/24-008749-003/2024(H5N1)	773	2501
PB2|PP755596.1|A/cattle/Texas/24-008749-003/2024(H5N1)	774	2442
PB2|PP755596.1|A/cattle/Texas/24-008749-003/2024(H5N1)	775	2421
PB2|PP755596.1|A/cattle/Texas/24-008749-003/2024(H5N1)	776	2423
PB2|PP755596.1|A/cattle/Texas/24-008749-003/2024(H5N1)	777	2423
PB2|PP755596.1|A/cattle/Texas/24-008749-003/2024(H5N1)	778	2504
PB2|PP755596.1|A/cattle/Texas/24-008749-003/2024(H5N1)	779	2474
PB2|PP755596.1|A/cattle/Texas/24-008749-003/2024(H5N1)	780	2461
PB2|PP755596.1|A/cattle/Texas/24-008749-003/2024(H5N1)	781	2431
PB2|PP755596.1|A/cattle/Texas/24-008749-003/2024(H5N1)	782	2431
PB2|PP755596.1|A/cattle/Texas/24-008749-003/2024(H5N1)	783	2505
PB2|PP755596.1|A/cattle/Texas/24-008749-003/2024(H5N1)	784	2498
PB2|PP755596.1|A/cattle/Texas/24-008749-003/2024(H5N1)	785	2490
PB2|PP755596.1|A/cattle/Texas/24-008749-003/2024(H5N1)	786	2481
PB2|PP755596.1|A/cattle/Texas/24-008749-003/2024(H5N1)	787	2501
PB2|PP755596.1|A/cattle/Texas/24-008749-003/2024(H5N1)	788	2566
PB2|PP755596.1|A/cattle/Texas/24-008749-003/2024(H5N1)	789	2570
PB2|PP755596.1|A/cattle/Texas/24-008749-003/2024(H5N1)	790	2568
PB2|PP755596.1|A/cattle/Texas/24-008749-003/2024(H5N1)	791	2620
PB2|PP755596.1|A/cattle/Texas/24-008749-003/2024(H5N1)	792	2605
PB2|PP755596.1|A/cattle/Texas/24-008749-003/2024(H5N1)	793	2632
PB2|PP755596.1|A/cattle/Texas/24-008749-003/2024(H5N1)	794	2623
PB2|PP755596.1|A/cattle/Texas/24-008749-003/2024(H5N1)	795	2631
PB2|PP755596.1|A/cattle/Texas/24-008749-003/2024(H5N1)	796	2659
PB2|PP755596.1|A/cattle/Texas/24-008749-003/2024(H5N1)	797	2651
PB2|PP755596.1|A/cattle/Texas/24-008749-003/2024(H5N1)	798	2655
PB2|PP755596.1|A/cattle/Texas/24-008749-003/2024(H5N1)	799	2645
PB2|PP755596.1|A/cattle/Texas/24-008749-003/2024(H5N1)	800	2642
PB2|PP755596.1|A/cattle/Texas/24-008749-003/2024(H5N1)	801	2618
PB2|PP755596.1|A/cattle/Texas/24-008749-003/2024(H5N1)	802	2611
PB2|PP755596.1|A/cattle/Texas/24-008749-003/2024(H5N1)	803	2620
PB2|PP755596.1|A/cattle/Texas/24-008749-003/2024(H5N1)	804	2658
PB2|PP755596.1|A/cattle/Texas/24-008749-003/2024(H5N1)	805	2618
PB2|PP755596.1|A/cattle/Texas/24-008749-003/2024(H5N1)	806	2646
PB2|PP755596.1|A/cattle/Texas/24-008749-003/2024(H5N1)	807	2640
PB2|PP755596.1|A/cattle/Texas/24-008749-003/2024(H5N1)	808	2647
PB2|PP755596.1|A/cattle/Texas/24-008749-003/2024(H5N1)	809	2646
PB2|PP755596.1|A/cattle/Texas/24-008749-003/2024(H5N1)	810	2650
PB2|PP755596.1|A/cattle/Texas/24-008749-003/2024(H5N1)	811	2680
PB2|PP755596.1|A/cattle/Texas/24-008749-003/2024(H5N1)	812	2709
PB2|PP755596.1|A/cattle/Texas/24-008749-003/2024(H5N1)	813	2772
PB2|PP755596.1|A/cattle/Texas/24-008749-003/2024(H5N1)	814	2783
PB2|PP755596.1|A/cattle/Texas/24-008749-003/2024(H5N1)	815	2760
PB2|PP755596.1|A/cattle/Texas/24-008749-003/2024(H5N1)	816	2763
PB2|PP755596.1|A/cattle/Texas/24-008749-003/2024(H5N1)	817	2772
PB2|PP755596.1|A/cattle/Texas/24-008749-003/2024(H5N1)	818	2812
PB2|PP755596.1|A/cattle/Texas/24-008749-003/2024(H5N1)	819	2809
PB2|PP755596.1|A/cattle/Texas/24-008749-003/2024(H5N1)	820	2794
PB2|PP755596.1|A/cattle/Texas/24-008749-003/2024(H5N1)	821	2792
PB2|PP755596.1|A/cattle/Texas/24-008749-003/2024(H5N1)	822	2710
PB2|PP755596.1|A/cattle/Texas/24-008749-003/2024(H5N1)	823	2711
PB2|PP755596.1|A/cattle/Texas/24-008749-003/2024(H5N1)	824	2757
PB2|PP755596.1|A/cattle/Texas/24-008749-003/2024(H5N1)	825	2819
PB2|PP755596.1|A/cattle/Texas/24-008749-003/2024(H5N1)	826	2816
PB2|PP755596.1|A/cattle/Texas/24-008749-003/2024(H5N1)	827	2750
PB2|PP755596.1|A/cattle/Texas/24-008749-003/2024(H5N1)	828	2753
PB2|PP755596.1|A/cattle/Texas/24-008749-003/2024(H5N1)	829	2810
PB2|PP755596.1|A/cattle/Texas/24-008749-003/2024(H5N1)	830	2775
PB2|PP755596.1|A/cattle/Texas/24-008749-003/2024(H5N1)	831	2764
PB2|PP755596.1|A/cattle/Texas/24-008749-003/2024(H5N1)	832	2760
PB2|PP755596.1|A/cattle/Texas/24-008749-003/2024(H5N1)	833	2679
PB2|PP755596.1|A/cattle/Texas/24-008749-003/2024(H5N1)	834	2618
PB2|PP755596.1|A/cattle/Texas/24-008749-003/2024(H5N1)	835	2617
PB2|PP755596.1|A/cattle/Texas/24-008749-003/2024(H5N1)	836	2619
PB2|PP755596.1|A/cattle/Texas/24-008749-003/2024(H5N1)	837	2625
PB2|PP755596.1|A/cattle/Texas/24-008749-003/2024(H5N1)	838	2804
PB2|PP755596.1|A/cattle/Texas/24-008749-003/2024(H5N1)	839	2803
PB2|PP755596.1|A/cattle/Texas/24-008749-003/2024(H5N1)	840	2812
PB2|PP755596.1|A/cattle/Texas/24-008749-003/2024(H5N1)	841	2813
PB2|PP755596.1|A/cattle/Texas/24-008749-003/2024(H5N1)	842	2782
PB2|PP755596.1|A/cattle/Texas/24-008749-003/2024(H5N1)	843	2786
PB2|PP755596.1|A/cattle/Texas/24-008749-003/2024(H5N1)	844	2777
PB2|PP755596.1|A/cattle/Texas/24-008749-003/2024(H5N1)	845	2758
PB2|PP755596.1|A/cattle/Texas/24-008749-003/2024(H5N1)	846	2759
PB2|PP755596.1|A/cattle/Texas/24-008749-003/2024(H5N1)	847	2559
PB2|PP755596.1|A/cattle/Texas/24-008749-003/2024(H5N1)	848	2524
PB2|PP755596.1|A/cattle/Texas/24-008749-003/2024(H5N1)	849	2562
PB2|PP755596.1|A/cattle/Texas/24-008749-003/2024(H5N1)	850	2558
PB2|PP755596.1|A/cattle/Texas/24-008749-003/2024(H5N1)	851	2558
PB2|PP755596.1|A/cattle/Texas/24-008749-003/2024(H5N1)	852	2562
PB2|PP755596.1|A/cattle/Texas/24-008749-003/2024(H5N1)	853	2560
PB2|PP755596.1|A/cattle/Texas/24-008749-003/2024(H5N1)	854	2556
PB2|PP755596.1|A/cattle/Texas/24-008749-003/2024(H5N1)	855	2546
PB2|PP755596.1|A/cattle/Texas/24-008749-003/2024(H5N1)	856	2527
PB2|PP755596.1|A/cattle/Texas/24-008749-003/2024(H5N1)	857	2539
PB2|PP755596.1|A/cattle/Texas/24-008749-003/2024(H5N1)	858	2470
PB2|PP755596.1|A/cattle/Texas/24-008749-003/2024(H5N1)	859	2479
PB2|PP755596.1|A/cattle/Texas/24-008749-003/2024(H5N1)	860	2483
PB2|PP755596.1|A/cattle/Texas/24-008749-003/2024(H5N1)	861	2477
PB2|PP755596.1|A/cattle/Texas/24-008749-003/2024(H5N1)	862	2503
PB2|PP755596.1|A/cattle/Texas/24-008749-003/2024(H5N1)	863	2501
PB2|PP755596.1|A/cattle/Texas/24-008749-003/2024(H5N1)	864	2510
PB2|PP755596.1|A/cattle/Texas/24-008749-003/2024(H5N1)	865	2509
PB2|PP755596.1|A/cattle/Texas/24-008749-003/2024(H5N1)	866	2497
PB2|PP755596.1|A/cattle/Texas/24-008749-003/2024(H5N1)	867	2468
PB2|PP755596.1|A/cattle/Texas/24-008749-003/2024(H5N1)	868	2468
PB2|PP755596.1|A/cattle/Texas/24-008749-003/2024(H5N1)	869	2467
PB2|PP755596.1|A/cattle/Texas/24-008749-003/2024(H5N1)	870	2465
PB2|PP755596.1|A/cattle/Texas/24-008749-003/2024(H5N1)	871	2469
PB2|PP755596.1|A/cattle/Texas/24-008749-003/2024(H5N1)	872	2558
PB2|PP755596.1|A/cattle/Texas/24-008749-003/2024(H5N1)	873	2551
PB2|PP755596.1|A/cattle/Texas/24-008749-003/2024(H5N1)	874	2551
PB2|PP755596.1|A/cattle/Texas/24-008749-003/2024(H5N1)	875	2544
PB2|PP755596.1|A/cattle/Texas/24-008749-003/2024(H5N1)	876	2543
PB2|PP755596.1|A/cattle/Texas/24-008749-003/2024(H5N1)	877	2386
PB2|PP755596.1|A/cattle/Texas/24-008749-003/2024(H5N1)	878	2408
PB2|PP755596.1|A/cattle/Texas/24-008749-003/2024(H5N1)	879	2476
PB2|PP755596.1|A/cattle/Texas/24-008749-003/2024(H5N1)	880	2422
PB2|PP755596.1|A/cattle/Texas/24-008749-003/2024(H5N1)	881	2361
PB2|PP755596.1|A/cattle/Texas/24-008749-003/2024(H5N1)	882	2367
PB2|PP755596.1|A/cattle/Texas/24-008749-003/2024(H5N1)	883	2403
PB2|PP755596.1|A/cattle/Texas/24-008749-003/2024(H5N1)	884	2411
PB2|PP755596.1|A/cattle/Texas/24-008749-003/2024(H5N1)	885	2391
PB2|PP755596.1|A/cattle/Texas/24-008749-003/2024(H5N1)	886	2391
PB2|PP755596.1|A/cattle/Texas/24-008749-003/2024(H5N1)	887	2355
PB2|PP755596.1|A/cattle/Texas/24-008749-003/2024(H5N1)	888	2363
PB2|PP755596.1|A/cattle/Texas/24-008749-003/2024(H5N1)	889	2352
PB2|PP755596.1|A/cattle/Texas/24-008749-003/2024(H5N1)	890	2397
PB2|PP755596.1|A/cattle/Texas/24-008749-003/2024(H5N1)	891	2368
PB2|PP755596.1|A/cattle/Texas/24-008749-003/2024(H5N1)	892	2366
PB2|PP755596.1|A/cattle/Texas/24-008749-003/2024(H5N1)	893	2351
PB2|PP755596.1|A/cattle/Texas/24-008749-003/2024(H5N1)	894	2350
PB2|PP755596.1|A/cattle/Texas/24-008749-003/2024(H5N1)	895	2356
PB2|PP755596.1|A/cattle/Texas/24-008749-003/2024(H5N1)	896	2356
PB2|PP755596.1|A/cattle/Texas/24-008749-003/2024(H5N1)	897	2360
PB2|PP755596.1|A/cattle/Texas/24-008749-003/2024(H5N1)	898	2348
PB2|PP755596.1|A/cattle/Texas/24-008749-003/2024(H5N1)	899	2345
PB2|PP755596.1|A/cattle/Texas/24-008749-003/2024(H5N1)	900	2346
PB2|PP755596.1|A/cattle/Texas/24-008749-003/2024(H5N1)	901	2349
PB2|PP755596.1|A/cattle/Texas/24-008749-003/2024(H5N1)	902	2437
PB2|PP755596.1|A/cattle/Texas/24-008749-003/2024(H5N1)	903	2439
PB2|PP755596.1|A/cattle/Texas/24-008749-003/2024(H5N1)	904	2438
PB2|PP755596.1|A/cattle/Texas/24-008749-003/2024(H5N1)	905	2434
PB2|PP755596.1|A/cattle/Texas/24-008749-003/2024(H5N1)	906	2429
PB2|PP755596.1|A/cattle/Texas/24-008749-003/2024(H5N1)	907	2413
PB2|PP755596.1|A/cattle/Texas/24-008749-003/2024(H5N1)	908	2427
PB2|PP755596.1|A/cattle/Texas/24-008749-003/2024(H5N1)	909	2428
PB2|PP755596.1|A/cattle/Texas/24-008749-003/2024(H5N1)	910	2439
PB2|PP755596.1|A/cattle/Texas/24-008749-003/2024(H5N1)	911	2433
PB2|PP755596.1|A/cattle/Texas/24-008749-003/2024(H5N1)	912	2335
PB2|PP755596.1|A/cattle/Texas/24-008749-003/2024(H5N1)	913	2352
PB2|PP755596.1|A/cattle/Texas/24-008749-003/2024(H5N1)	914	2364
PB2|PP755596.1|A/cattle/Texas/24-008749-003/2024(H5N1)	915	2364
PB2|PP755596.1|A/cattle/Texas/24-008749-003/2024(H5N1)	916	2325
PB2|PP755596.1|A/cattle/Texas/24-008749-003/2024(H5N1)	917	2308
PB2|PP755596.1|A/cattle/Texas/24-008749-003/2024(H5N1)	918	2309
PB2|PP755596.1|A/cattle/Texas/24-008749-003/2024(H5N1)	919	2366
PB2|PP755596.1|A/cattle/Texas/24-008749-003/2024(H5N1)	920	2386
PB2|PP755596.1|A/cattle/Texas/24-008749-003/2024(H5N1)	921	2353
PB2|PP755596.1|A/cattle/Texas/24-008749-003/2024(H5N1)	922	2346
PB2|PP755596.1|A/cattle/Texas/24-008749-003/2024(H5N1)	923	2370
PB2|PP755596.1|A/cattle/Texas/24-008749-003/2024(H5N1)	924	2375
PB2|PP755596.1|A/cattle/Texas/24-008749-003/2024(H5N1)	925	2521
PB2|PP755596.1|A/cattle/Texas/24-008749-003/2024(H5N1)	926	2537
PB2|PP755596.1|A/cattle/Texas/24-008749-003/2024(H5N1)	927	2601
PB2|PP755596.1|A/cattle/Texas/24-008749-003/2024(H5N1)	928	2518
PB2|PP755596.1|A/cattle/Texas/24-008749-003/2024(H5N1)	929	2517
PB2|PP755596.1|A/cattle/Texas/24-008749-003/2024(H5N1)	930	2576
PB2|PP755596.1|A/cattle/Texas/24-008749-003/2024(H5N1)	931	2573
PB2|PP755596.1|A/cattle/Texas/24-008749-003/2024(H5N1)	932	2573
PB2|PP755596.1|A/cattle/Texas/24-008749-003/2024(H5N1)	933	2622
PB2|PP755596.1|A/cattle/Texas/24-008749-003/2024(H5N1)	934	2660
PB2|PP755596.1|A/cattle/Texas/24-008749-003/2024(H5N1)	935	2677
PB2|PP755596.1|A/cattle/Texas/24-008749-003/2024(H5N1)	936	2674
PB2|PP755596.1|A/cattle/Texas/24-008749-003/2024(H5N1)	937	2743
PB2|PP755596.1|A/cattle/Texas/24-008749-003/2024(H5N1)	938	2736
PB2|PP755596.1|A/cattle/Texas/24-008749-003/2024(H5N1)	939	2651
PB2|PP755596.1|A/cattle/Texas/24-008749-003/2024(H5N1)	940	2680
PB2|PP755596.1|A/cattle/Texas/24-008749-003/2024(H5N1)	941	2661
PB2|PP755596.1|A/cattle/Texas/24-008749-003/2024(H5N1)	942	2675
PB2|PP755596.1|A/cattle/Texas/24-008749-003/2024(H5N1)	943	2667
PB2|PP755596.1|A/cattle/Texas/24-008749-003/2024(H5N1)	944	2655
PB2|PP755596.1|A/cattle/Texas/24-008749-003/2024(H5N1)	945	2662
PB2|PP755596.1|A/cattle/Texas/24-008749-003/2024(H5N1)	946	2703
PB2|PP755596.1|A/cattle/Texas/24-008749-003/2024(H5N1)	947	2698
PB2|PP755596.1|A/cattle/Texas/24-008749-003/2024(H5N1)	948	2698
PB2|PP755596.1|A/cattle/Texas/24-008749-003/2024(H5N1)	949	2688
PB2|PP755596.1|A/cattle/Texas/24-008749-003/2024(H5N1)	950	2685
PB2|PP755596.1|A/cattle/Texas/24-008749-003/2024(H5N1)	951	2691
PB2|PP755596.1|A/cattle/Texas/24-008749-003/2024(H5N1)	952	2700
PB2|PP755596.1|A/cattle/Texas/24-008749-003/2024(H5N1)	953	2756
PB2|PP755596.1|A/cattle/Texas/24-008749-003/2024(H5N1)	954	2782
PB2|PP755596.1|A/cattle/Texas/24-008749-003/2024(H5N1)	955	2751
PB2|PP755596.1|A/cattle/Texas/24-008749-003/2024(H5N1)	956	2740
PB2|PP755596.1|A/cattle/Texas/24-008749-003/2024(H5N1)	957	2711
PB2|PP755596.1|A/cattle/Texas/24-008749-003/2024(H5N1)	958	2715
PB2|PP755596.1|A/cattle/Texas/24-008749-003/2024(H5N1)	959	2718
PB2|PP755596.1|A/cattle/Texas/24-008749-003/2024(H5N1)	960	2721
PB2|PP755596.1|A/cattle/Texas/24-008749-003/2024(H5N1)	961	2718
PB2|PP755596.1|A/cattle/Texas/24-008749-003/2024(H5N1)	962	2682
PB2|PP755596.1|A/cattle/Texas/24-008749-003/2024(H5N1)	963	2641
PB2|PP755596.1|A/cattle/Texas/24-008749-003/2024(H5N1)	964	2624
PB2|PP755596.1|A/cattle/Texas/24-008749-003/2024(H5N1)	965	2615
PB2|PP755596.1|A/cattle/Texas/24-008749-003/2024(H5N1)	966	2650
PB2|PP755596.1|A/cattle/Texas/24-008749-003/2024(H5N1)	967	2645
PB2|PP755596.1|A/cattle/Texas/24-008749-003/2024(H5N1)	968	2639
PB2|PP755596.1|A/cattle/Texas/24-008749-003/2024(H5N1)	969	2596
PB2|PP755596.1|A/cattle/Texas/24-008749-003/2024(H5N1)	970	2596
PB2|PP755596.1|A/cattle/Texas/24-008749-003/2024(H5N1)	971	2672
PB2|PP755596.1|A/cattle/Texas/24-008749-003/2024(H5N1)	972	2694
PB2|PP755596.1|A/cattle/Texas/24-008749-003/2024(H5N1)	973	2666
PB2|PP755596.1|A/cattle/Texas/24-008749-003/2024(H5N1)	974	2672
PB2|PP755596.1|A/cattle/Texas/24-008749-003/2024(H5N1)	975	2662
PB2|PP755596.1|A/cattle/Texas/24-008749-003/2024(H5N1)	976	2602
PB2|PP755596.1|A/cattle/Texas/24-008749-003/2024(H5N1)	977	2606
PB2|PP755596.1|A/cattle/Texas/24-008749-003/2024(H5N1)	978	2611
PB2|PP755596.1|A/cattle/Texas/24-008749-003/2024(H5N1)	979	2614
PB2|PP755596.1|A/cattle/Texas/24-008749-003/2024(H5N1)	980	2538
PB2|PP755596.1|A/cattle/Texas/24-008749-003/2024(H5N1)	981	2537
PB2|PP755596.1|A/cattle/Texas/24-008749-003/2024(H5N1)	982	2537
PB2|PP755596.1|A/cattle/Texas/24-008749-003/2024(H5N1)	983	2531
PB2|PP755596.1|A/cattle/Texas/24-008749-003/2024(H5N1)	984	2533
PB2|PP755596.1|A/cattle/Texas/24-008749-003/2024(H5N1)	985	2525
PB2|PP755596.1|A/cattle/Texas/24-008749-003/2024(H5N1)	986	2523
PB2|PP755596.1|A/cattle/Texas/24-008749-003/2024(H5N1)	987	2529
PB2|PP755596.1|A/cattle/Texas/24-008749-003/2024(H5N1)	988	2521
PB2|PP755596.1|A/cattle/Texas/24-008749-003/2024(H5N1)	989	2353
PB2|PP755596.1|A/cattle/Texas/24-008749-003/2024(H5N1)	990	2352
PB2|PP755596.1|A/cattle/Texas/24-008749-003/2024(H5N1)	991	2395
PB2|PP755596.1|A/cattle/Texas/24-008749-003/2024(H5N1)	992	2392
PB2|PP755596.1|A/cattle/Texas/24-008749-003/2024(H5N1)	993	2399
PB2|PP755596.1|A/cattle/Texas/24-008749-003/2024(H5N1)	994	2392
PB2|PP755596.1|A/cattle/Texas/24-008749-003/2024(H5N1)	995	2400
PB2|PP755596.1|A/cattle/Texas/24-008749-003/2024(H5N1)	996	2383
PB2|PP755596.1|A/cattle/Texas/24-008749-003/2024(H5N1)	997	2409
PB2|PP755596.1|A/cattle/Texas/24-008749-003/2024(H5N1)	998	2405
PB2|PP755596.1|A/cattle/Texas/24-008749-003/2024(H5N1)	999	2405
PB2|PP755596.1|A/cattle/Texas/24-008749-003/2024(H5N1)	1000	2361
PB2|PP755596.1|A/cattle/Texas/24-008749-003/2024(H5N1)	1001	2371
PB2|PP755596.1|A/cattle/Texas/24-008749-003/2024(H5N1)	1002	2377
PB2|PP755596.1|A/cattle/Texas/24-008749-003/2024(H5N1)	1003	2372
PB2|PP755596.1|A/cattle/Texas/24-008749-003/2024(H5N1)	1004	2368
PB2|PP755596.1|A/cattle/Texas/24-008749-003/2024(H5N1)	1005	2363
PB2|PP755596.1|A/cattle/Texas/24-008749-003/2024(H5N1)	1006	2411
PB2|PP755596.1|A/cattle/Texas/24-008749-003/2024(H5N1)	1007	2410
PB2|PP755596.1|A/cattle/Texas/24-008749-003/2024(H5N1)	1008	2408
PB2|PP755596.1|A/cattle/Texas/24-008749-003/2024(H5N1)	1009	2407
PB2|PP755596.1|A/cattle/Texas/24-008749-003/2024(H5N1)	1010	2384
PB2|PP755596.1|A/cattle/Texas/24-008749-003/2024(H5N1)	1011	2378
PB2|PP755596.1|A/cattle/Texas/24-008749-003/2024(H5N1)	1012	2407
PB2|PP755596.1|A/cattle/Texas/24-008749-003/2024(H5N1)	1013	2412
PB2|PP755596.1|A/cattle/Texas/24-008749-003/2024(H5N1)	1014	2395
PB2|PP755596.1|A/cattle/Texas/24-008749-003/2024(H5N1)	1015	2395
PB2|PP755596.1|A/cattle/Texas/24-008749-003/2024(H5N1)	1016	2404
PB2|PP755596.1|A/cattle/Texas/24-008749-003/2024(H5N1)	1017	2405
PB2|PP755596.1|A/cattle/Texas/24-008749-003/2024(H5N1)	1018	2401
PB2|PP755596.1|A/cattle/Texas/24-008749-003/2024(H5N1)	1019	2440
PB2|PP755596.1|A/cattle/Texas/24-008749-003/2024(H5N1)	1020	2460
PB2|PP755596.1|A/cattle/Texas/24-008749-003/2024(H5N1)	1021	2451
PB2|PP755596.1|A/cattle/Texas/24-008749-003/2024(H5N1)	1022	2419
PB2|PP755596.1|A/cattle/Texas/24-008749-003/2024(H5N1)	1023	2336
PB2|PP755596.1|A/cattle/Texas/24-008749-003/2024(H5N1)	1024	2349
PB2|PP755596.1|A/cattle/Texas/24-008749-003/2024(H5N1)	1025	2373
PB2|PP755596.1|A/cattle/Texas/24-008749-003/2024(H5N1)	1026	2372
PB2|PP755596.1|A/cattle/Texas/24-008749-003/2024(H5N1)	1027	2375
PB2|PP755596.1|A/cattle/Texas/24-008749-003/2024(H5N1)	1028	2318
PB2|PP755596.1|A/cattle/Texas/24-008749-003/2024(H5N1)	1029	2293
PB2|PP755596.1|A/cattle/Texas/24-008749-003/2024(H5N1)	1030	2287
PB2|PP755596.1|A/cattle/Texas/24-008749-003/2024(H5N1)	1031	2268
PB2|PP755596.1|A/cattle/Texas/24-008749-003/2024(H5N1)	1032	2291
PB2|PP755596.1|A/cattle/Texas/24-008749-003/2024(H5N1)	1033	2258
PB2|PP755596.1|A/cattle/Texas/24-008749-003/2024(H5N1)	1034	2293
PB2|PP755596.1|A/cattle/Texas/24-008749-003/2024(H5N1)	1035	2293
PB2|PP755596.1|A/cattle/Texas/24-008749-003/2024(H5N1)	1036	2292
PB2|PP755596.1|A/cattle/Texas/24-008749-003/2024(H5N1)	1037	2291
PB2|PP755596.1|A/cattle/Texas/24-008749-003/2024(H5N1)	1038	2288
PB2|PP755596.1|A/cattle/Texas/24-008749-003/2024(H5N1)	1039	2277
PB2|PP755596.1|A/cattle/Texas/24-008749-003/2024(H5N1)	1040	2278
PB2|PP755596.1|A/cattle/Texas/24-008749-003/2024(H5N1)	1041	2231
PB2|PP755596.1|A/cattle/Texas/24-008749-003/2024(H5N1)	1042	2229
PB2|PP755596.1|A/cattle/Texas/24-008749-003/2024(H5N1)	1043	2242
PB2|PP755596.1|A/cattle/Texas/24-008749-003/2024(H5N1)	1044	2321
PB2|PP755596.1|A/cattle/Texas/24-008749-003/2024(H5N1)	1045	2322
PB2|PP755596.1|A/cattle/Texas/24-008749-003/2024(H5N1)	1046	2301
PB2|PP755596.1|A/cattle/Texas/24-008749-003/2024(H5N1)	1047	2302
PB2|PP755596.1|A/cattle/Texas/24-008749-003/2024(H5N1)	1048	2327
PB2|PP755596.1|A/cattle/Texas/24-008749-003/2024(H5N1)	1049	2326
PB2|PP755596.1|A/cattle/Texas/24-008749-003/2024(H5N1)	1050	2326
PB2|PP755596.1|A/cattle/Texas/24-008749-003/2024(H5N1)	1051	2325
PB2|PP755596.1|A/cattle/Texas/24-008749-003/2024(H5N1)	1052	2317
PB2|PP755596.1|A/cattle/Texas/24-008749-003/2024(H5N1)	1053	2232
PB2|PP755596.1|A/cattle/Texas/24-008749-003/2024(H5N1)	1054	2231
PB2|PP755596.1|A/cattle/Texas/24-008749-003/2024(H5N1)	1055	2231
PB2|PP755596.1|A/cattle/Texas/24-008749-003/2024(H5N1)	1056	2242
PB2|PP755596.1|A/cattle/Texas/24-008749-003/2024(H5N1)	1057	2246
PB2|PP755596.1|A/cattle/Texas/24-008749-003/2024(H5N1)	1058	2275
PB2|PP755596.1|A/cattle/Texas/24-008749-003/2024(H5N1)	1059	2266
PB2|PP755596.1|A/cattle/Texas/24-008749-003/2024(H5N1)	1060	2272
PB2|PP755596.1|A/cattle/Texas/24-008749-003/2024(H5N1)	1061	2258
PB2|PP755596.1|A/cattle/Texas/24-008749-003/2024(H5N1)	1062	2271
PB2|PP755596.1|A/cattle/Texas/24-008749-003/2024(H5N1)	1063	2268
PB2|PP755596.1|A/cattle/Texas/24-008749-003/2024(H5N1)	1064	2287
PB2|PP755596.1|A/cattle/Texas/24-008749-003/2024(H5N1)	1065	2289
PB2|PP755596.1|A/cattle/Texas/24-008749-003/2024(H5N1)	1066	2347
PB2|PP755596.1|A/cattle/Texas/24-008749-003/2024(H5N1)	1067	2357
PB2|PP755596.1|A/cattle/Texas/24-008749-003/2024(H5N1)	1068	2365
PB2|PP755596.1|A/cattle/Texas/24-008749-003/2024(H5N1)	1069	2361
PB2|PP755596.1|A/cattle/Texas/24-008749-003/2024(H5N1)	1070	2350
PB2|PP755596.1|A/cattle/Texas/24-008749-003/2024(H5N1)	1071	2342
PB2|PP755596.1|A/cattle/Texas/24-008749-003/2024(H5N1)	1072	2344
PB2|PP755596.1|A/cattle/Texas/24-008749-003/2024(H5N1)	1073	2330
PB2|PP755596.1|A/cattle/Texas/24-008749-003/2024(H5N1)	1074	2354
PB2|PP755596.1|A/cattle/Texas/24-008749-003/2024(H5N1)	1075	2399
PB2|PP755596.1|A/cattle/Texas/24-008749-003/2024(H5N1)	1076	2439
PB2|PP755596.1|A/cattle/Texas/24-008749-003/2024(H5N1)	1077	2517
PB2|PP755596.1|A/cattle/Texas/24-008749-003/2024(H5N1)	1078	2428
PB2|PP755596.1|A/cattle/Texas/24-008749-003/2024(H5N1)	1079	2448
PB2|PP755596.1|A/cattle/Texas/24-008749-003/2024(H5N1)	1080	2444
PB2|PP755596.1|A/cattle/Texas/24-008749-003/2024(H5N1)	1081	2397
PB2|PP755596.1|A/cattle/Texas/24-008749-003/2024(H5N1)	1082	2423
PB2|PP755596.1|A/cattle/Texas/24-008749-003/2024(H5N1)	1083	2397
PB2|PP755596.1|A/cattle/Texas/24-008749-003/2024(H5N1)	1084	2388
PB2|PP755596.1|A/cattle/Texas/24-008749-003/2024(H5N1)	1085	2309
PB2|PP755596.1|A/cattle/Texas/24-008749-003/2024(H5N1)	1086	2319
PB2|PP755596.1|A/cattle/Texas/24-008749-003/2024(H5N1)	1087	2267
PB2|PP755596.1|A/cattle/Texas/24-008749-003/2024(H5N1)	1088	2363
PB2|PP755596.1|A/cattle/Texas/24-008749-003/2024(H5N1)	1089	2380
PB2|PP755596.1|A/cattle/Texas/24-008749-003/2024(H5N1)	1090	2370
PB2|PP755596.1|A/cattle/Texas/24-008749-003/2024(H5N1)	1091	2356
PB2|PP755596.1|A/cattle/Texas/24-008749-003/2024(H5N1)	1092	2357
PB2|PP755596.1|A/cattle/Texas/24-008749-003/2024(H5N1)	1093	2352
PB2|PP755596.1|A/cattle/Texas/24-008749-003/2024(H5N1)	1094	2335
PB2|PP755596.1|A/cattle/Texas/24-008749-003/2024(H5N1)	1095	2323
PB2|PP755596.1|A/cattle/Texas/24-008749-003/2024(H5N1)	1096	2332
PB2|PP755596.1|A/cattle/Texas/24-008749-003/2024(H5N1)	1097	2293
PB2|PP755596.1|A/cattle/Texas/24-008749-003/2024(H5N1)	1098	2318
PB2|PP755596.1|A/cattle/Texas/24-008749-003/2024(H5N1)	1099	2314
PB2|PP755596.1|A/cattle/Texas/24-008749-003/2024(H5N1)	1100	2311
PB2|PP755596.1|A/cattle/Texas/24-008749-003/2024(H5N1)	1101	2314
PB2|PP755596.1|A/cattle/Texas/24-008749-003/2024(H5N1)	1102	2304
PB2|PP755596.1|A/cattle/Texas/24-008749-003/2024(H5N1)	1103	2313
PB2|PP755596.1|A/cattle/Texas/24-008749-003/2024(H5N1)	1104	2262
PB2|PP755596.1|A/cattle/Texas/24-008749-003/2024(H5N1)	1105	2225
PB2|PP755596.1|A/cattle/Texas/24-008749-003/2024(H5N1)	1106	2243
PB2|PP755596.1|A/cattle/Texas/24-008749-003/2024(H5N1)	1107	2244
PB2|PP755596.1|A/cattle/Texas/24-008749-003/2024(H5N1)	1108	2248
PB2|PP755596.1|A/cattle/Texas/24-008749-003/2024(H5N1)	1109	2330
PB2|PP755596.1|A/cattle/Texas/24-008749-003/2024(H5N1)	1110	2327
PB2|PP755596.1|A/cattle/Texas/24-008749-003/2024(H5N1)	1111	2328
PB2|PP755596.1|A/cattle/Texas/24-008749-003/2024(H5N1)	1112	2333
PB2|PP755596.1|A/cattle/Texas/24-008749-003/2024(H5N1)	1113	2334
PB2|PP755596.1|A/cattle/Texas/24-008749-003/2024(H5N1)	1114	2340
PB2|PP755596.1|A/cattle/Texas/24-008749-003/2024(H5N1)	1115	2300
PB2|PP755596.1|A/cattle/Texas/24-008749-003/2024(H5N1)	1116	2294
PB2|PP755596.1|A/cattle/Texas/24-008749-003/2024(H5N1)	1117	2306
PB2|PP755596.1|A/cattle/Texas/24-008749-003/2024(H5N1)	1118	2311
PB2|PP755596.1|A/cattle/Texas/24-008749-003/2024(H5N1)	1119	2321
PB2|PP755596.1|A/cattle/Texas/24-008749-003/2024(H5N1)	1120	2256
PB2|PP755596.1|A/cattle/Texas/24-008749-003/2024(H5N1)	1121	2242
PB2|PP755596.1|A/cattle/Texas/24-008749-003/2024(H5N1)	1122	2263
PB2|PP755596.1|A/cattle/Texas/24-008749-003/2024(H5N1)	1123	2253
PB2|PP755596.1|A/cattle/Texas/24-008749-003/2024(H5N1)	1124	2259
PB2|PP755596.1|A/cattle/Texas/24-008749-003/2024(H5N1)	1125	2253
PB2|PP755596.1|A/cattle/Texas/24-008749-003/2024(H5N1)	1126	2267
PB2|PP755596.1|A/cattle/Texas/24-008749-003/2024(H5N1)	1127	2263
PB2|PP755596.1|A/cattle/Texas/24-008749-003/2024(H5N1)	1128	2252
PB2|PP755596.1|A/cattle/Texas/24-008749-003/2024(H5N1)	1129	2259
PB2|PP755596.1|A/cattle/Texas/24-008749-003/2024(H5N1)	1130	2258
PB2|PP755596.1|A/cattle/Texas/24-008749-003/2024(H5N1)	1131	2252
PB2|PP755596.1|A/cattle/Texas/24-008749-003/2024(H5N1)	1132	2296
PB2|PP755596.1|A/cattle/Texas/24-008749-003/2024(H5N1)	1133	2351
PB2|PP755596.1|A/cattle/Texas/24-008749-003/2024(H5N1)	1134	2350
PB2|PP755596.1|A/cattle/Texas/24-008749-003/2024(H5N1)	1135	2347
PB2|PP755596.1|A/cattle/Texas/24-008749-003/2024(H5N1)	1136	2351
PB2|PP755596.1|A/cattle/Texas/24-008749-003/2024(H5N1)	1137	2338
PB2|PP755596.1|A/cattle/Texas/24-008749-003/2024(H5N1)	1138	2335
PB2|PP755596.1|A/cattle/Texas/24-008749-003/2024(H5N1)	1139	2354
PB2|PP755596.1|A/cattle/Texas/24-008749-003/2024(H5N1)	1140	2398
PB2|PP755596.1|A/cattle/Texas/24-008749-003/2024(H5N1)	1141	2397
PB2|PP755596.1|A/cattle/Texas/24-008749-003/2024(H5N1)	1142	2349
PB2|PP755596.1|A/cattle/Texas/24-008749-003/2024(H5N1)	1143	2360
PB2|PP755596.1|A/cattle/Texas/24-008749-003/2024(H5N1)	1144	2388
PB2|PP755596.1|A/cattle/Texas/24-008749-003/2024(H5N1)	1145	2388
PB2|PP755596.1|A/cattle/Texas/24-008749-003/2024(H5N1)	1146	2379
PB2|PP755596.1|A/cattle/Texas/24-008749-003/2024(H5N1)	1147	2377
PB2|PP755596.1|A/cattle/Texas/24-008749-003/2024(H5N1)	1148	2388
PB2|PP755596.1|A/cattle/Texas/24-008749-003/2024(H5N1)	1149	2449
PB2|PP755596.1|A/cattle/Texas/24-008749-003/2024(H5N1)	1150	2441
PB2|PP755596.1|A/cattle/Texas/24-008749-003/2024(H5N1)	1151	2447
PB2|PP755596.1|A/cattle/Texas/24-008749-003/2024(H5N1)	1152	2467
PB2|PP755596.1|A/cattle/Texas/24-008749-003/2024(H5N1)	1153	2475
PB2|PP755596.1|A/cattle/Texas/24-008749-003/2024(H5N1)	1154	2484
PB2|PP755596.1|A/cattle/Texas/24-008749-003/2024(H5N1)	1155	2480
PB2|PP755596.1|A/cattle/Texas/24-008749-003/2024(H5N1)	1156	2485
PB2|PP755596.1|A/cattle/Texas/24-008749-003/2024(H5N1)	1157	2487
PB2|PP755596.1|A/cattle/Texas/24-008749-003/2024(H5N1)	1158	2475
PB2|PP755596.1|A/cattle/Texas/24-008749-003/2024(H5N1)	1159	2473
PB2|PP755596.1|A/cattle/Texas/24-008749-003/2024(H5N1)	1160	2506
PB2|PP755596.1|A/cattle/Texas/24-008749-003/2024(H5N1)	1161	2564
PB2|PP755596.1|A/cattle/Texas/24-008749-003/2024(H5N1)	1162	2550
PB2|PP755596.1|A/cattle/Texas/24-008749-003/2024(H5N1)	1163	2517
PB2|PP755596.1|A/cattle/Texas/24-008749-003/2024(H5N1)	1164	2513
PB2|PP755596.1|A/cattle/Texas/24-008749-003/2024(H5N1)	1165	2511
PB2|PP755596.1|A/cattle/Texas/24-008749-003/2024(H5N1)	1166	2543
PB2|PP755596.1|A/cattle/Texas/24-008749-003/2024(H5N1)	1167	2548
PB2|PP755596.1|A/cattle/Texas/24-008749-003/2024(H5N1)	1168	2558
PB2|PP755596.1|A/cattle/Texas/24-008749-003/2024(H5N1)	1169	2541
PB2|PP755596.1|A/cattle/Texas/24-008749-003/2024(H5N1)	1170	2563
PB2|PP755596.1|A/cattle/Texas/24-008749-003/2024(H5N1)	1171	2570
PB2|PP755596.1|A/cattle/Texas/24-008749-003/2024(H5N1)	1172	2561
PB2|PP755596.1|A/cattle/Texas/24-008749-003/2024(H5N1)	1173	2564
PB2|PP755596.1|A/cattle/Texas/24-008749-003/2024(H5N1)	1174	2550
PB2|PP755596.1|A/cattle/Texas/24-008749-003/2024(H5N1)	1175	2526
PB2|PP755596.1|A/cattle/Texas/24-008749-003/2024(H5N1)	1176	2574
PB2|PP755596.1|A/cattle/Texas/24-008749-003/2024(H5N1)	1177	2556
PB2|PP755596.1|A/cattle/Texas/24-008749-003/2024(H5N1)	1178	2552
PB2|PP755596.1|A/cattle/Texas/24-008749-003/2024(H5N1)	1179	2552
PB2|PP755596.1|A/cattle/Texas/24-008749-003/2024(H5N1)	1180	2558
PB2|PP755596.1|A/cattle/Texas/24-008749-003/2024(H5N1)	1181	2565
PB2|PP755596.1|A/cattle/Texas/24-008749-003/2024(H5N1)	1182	2561
PB2|PP755596.1|A/cattle/Texas/24-008749-003/2024(H5N1)	1183	2531
PB2|PP755596.1|A/cattle/Texas/24-008749-003/2024(H5N1)	1184	2526
PB2|PP755596.1|A/cattle/Texas/24-008749-003/2024(H5N1)	1185	2474
PB2|PP755596.1|A/cattle/Texas/24-008749-003/2024(H5N1)	1186	2474
PB2|PP755596.1|A/cattle/Texas/24-008749-003/2024(H5N1)	1187	2470
PB2|PP755596.1|A/cattle/Texas/24-008749-003/2024(H5N1)	1188	2477
PB2|PP755596.1|A/cattle/Texas/24-008749-003/2024(H5N1)	1189	2483
PB2|PP755596.1|A/cattle/Texas/24-008749-003/2024(H5N1)	1190	2523
PB2|PP755596.1|A/cattle/Texas/24-008749-003/2024(H5N1)	1191	2521
PB2|PP755596.1|A/cattle/Texas/24-008749-003/2024(H5N1)	1192	2515
PB2|PP755596.1|A/cattle/Texas/24-008749-003/2024(H5N1)	1193	2511
PB2|PP755596.1|A/cattle/Texas/24-008749-003/2024(H5N1)	1194	2500
PB2|PP755596.1|A/cattle/Texas/24-008749-003/2024(H5N1)	1195	2452
PB2|PP755596.1|A/cattle/Texas/24-008749-003/2024(H5N1)	1196	2449
PB2|PP755596.1|A/cattle/Texas/24-008749-003/2024(H5N1)	1197	2433
PB2|PP755596.1|A/cattle/Texas/24-008749-003/2024(H5N1)	1198	2430
PB2|PP755596.1|A/cattle/Texas/24-008749-003/2024(H5N1)	1199	2405
PB2|PP755596.1|A/cattle/Texas/24-008749-003/2024(H5N1)	1200	2406
PB2|PP755596.1|A/cattle/Texas/24-008749-003/2024(H5N1)	1201	2416
PB2|PP755596.1|A/cattle/Texas/24-008749-003/2024(H5N1)	1202	2422
PB2|PP755596.1|A/cattle/Texas/24-008749-003/2024(H5N1)	1203	2415
PB2|PP755596.1|A/cattle/Texas/24-008749-003/2024(H5N1)	1204	2426
PB2|PP755596.1|A/cattle/Texas/24-008749-003/2024(H5N1)	1205	2426
PB2|PP755596.1|A/cattle/Texas/24-008749-003/2024(H5N1)	1206	2446
PB2|PP755596.1|A/cattle/Texas/24-008749-003/2024(H5N1)	1207	2447
PB2|PP755596.1|A/cattle/Texas/24-008749-003/2024(H5N1)	1208	2467
PB2|PP755596.1|A/cattle/Texas/24-008749-003/2024(H5N1)	1209	2471
PB2|PP755596.1|A/cattle/Texas/24-008749-003/2024(H5N1)	1210	2463
PB2|PP755596.1|A/cattle/Texas/24-008749-003/2024(H5N1)	1211	2495
PB2|PP755596.1|A/cattle/Texas/24-008749-003/2024(H5N1)	1212	2494
PB2|PP755596.1|A/cattle/Texas/24-008749-003/2024(H5N1)	1213	2478
PB2|PP755596.1|A/cattle/Texas/24-008749-003/2024(H5N1)	1214	2494
PB2|PP755596.1|A/cattle/Texas/24-008749-003/2024(H5N1)	1215	2507
PB2|PP755596.1|A/cattle/Texas/24-008749-003/2024(H5N1)	1216	2585
PB2|PP755596.1|A/cattle/Texas/24-008749-003/2024(H5N1)	1217	2589
PB2|PP755596.1|A/cattle/Texas/24-008749-003/2024(H5N1)	1218	2568
PB2|PP755596.1|A/cattle/Texas/24-008749-003/2024(H5N1)	1219	2561
PB2|PP755596.1|A/cattle/Texas/24-008749-003/2024(H5N1)	1220	2502
PB2|PP755596.1|A/cattle/Texas/24-008749-003/2024(H5N1)	1221	2521
PB2|PP755596.1|A/cattle/Texas/24-008749-003/2024(H5N1)	1222	2529
PB2|PP755596.1|A/cattle/Texas/24-008749-003/2024(H5N1)	1223	2489
PB2|PP755596.1|A/cattle/Texas/24-008749-003/2024(H5N1)	1224	2355
PB2|PP755596.1|A/cattle/Texas/24-008749-003/2024(H5N1)	1225	2261
PB2|PP755596.1|A/cattle/Texas/24-008749-003/2024(H5N1)	1226	2304
PB2|PP755596.1|A/cattle/Texas/24-008749-003/2024(H5N1)	1227	2242
PB2|PP755596.1|A/cattle/Texas/24-008749-003/2024(H5N1)	1228	2243
PB2|PP755596.1|A/cattle/Texas/24-008749-003/2024(H5N1)	1229	2265
PB2|PP755596.1|A/cattle/Texas/24-008749-003/2024(H5N1)	1230	2312
PB2|PP755596.1|A/cattle/Texas/24-008749-003/2024(H5N1)	1231	2319
PB2|PP755596.1|A/cattle/Texas/24-008749-003/2024(H5N1)	1232	2318
PB2|PP755596.1|A/cattle/Texas/24-008749-003/2024(H5N1)	1233	2290
PB2|PP755596.1|A/cattle/Texas/24-008749-003/2024(H5N1)	1234	2296
PB2|PP755596.1|A/cattle/Texas/24-008749-003/2024(H5N1)	1235	2239
PB2|PP755596.1|A/cattle/Texas/24-008749-003/2024(H5N1)	1236	2233
PB2|PP755596.1|A/cattle/Texas/24-008749-003/2024(H5N1)	1237	2195
PB2|PP755596.1|A/cattle/Texas/24-008749-003/2024(H5N1)	1238	2172
PB2|PP755596.1|A/cattle/Texas/24-008749-003/2024(H5N1)	1239	2080
PB2|PP755596.1|A/cattle/Texas/24-008749-003/2024(H5N1)	1240	2110
PB2|PP755596.1|A/cattle/Texas/24-008749-003/2024(H5N1)	1241	2140
PB2|PP755596.1|A/cattle/Texas/24-008749-003/2024(H5N1)	1242	2128
PB2|PP755596.1|A/cattle/Texas/24-008749-003/2024(H5N1)	1243	2172
PB2|PP755596.1|A/cattle/Texas/24-008749-003/2024(H5N1)	1244	2176
PB2|PP755596.1|A/cattle/Texas/24-008749-003/2024(H5N1)	1245	2214
PB2|PP755596.1|A/cattle/Texas/24-008749-003/2024(H5N1)	1246	2199
PB2|PP755596.1|A/cattle/Texas/24-008749-003/2024(H5N1)	1247	2181
PB2|PP755596.1|A/cattle/Texas/24-008749-003/2024(H5N1)	1248	2172
PB2|PP755596.1|A/cattle/Texas/24-008749-003/2024(H5N1)	1249	2239
PB2|PP755596.1|A/cattle/Texas/24-008749-003/2024(H5N1)	1250	2254
PB2|PP755596.1|A/cattle/Texas/24-008749-003/2024(H5N1)	1251	2245
PB2|PP755596.1|A/cattle/Texas/24-008749-003/2024(H5N1)	1252	2231
PB2|PP755596.1|A/cattle/Texas/24-008749-003/2024(H5N1)	1253	2228
PB2|PP755596.1|A/cattle/Texas/24-008749-003/2024(H5N1)	1254	2237
PB2|PP755596.1|A/cattle/Texas/24-008749-003/2024(H5N1)	1255	2251
PB2|PP755596.1|A/cattle/Texas/24-008749-003/2024(H5N1)	1256	2253
PB2|PP755596.1|A/cattle/Texas/24-008749-003/2024(H5N1)	1257	2248
PB2|PP755596.1|A/cattle/Texas/24-008749-003/2024(H5N1)	1258	2154
PB2|PP755596.1|A/cattle/Texas/24-008749-003/2024(H5N1)	1259	2161
PB2|PP755596.1|A/cattle/Texas/24-008749-003/2024(H5N1)	1260	2202
PB2|PP755596.1|A/cattle/Texas/24-008749-003/2024(H5N1)	1261	2204
PB2|PP755596.1|A/cattle/Texas/24-008749-003/2024(H5N1)	1262	2241
PB2|PP755596.1|A/cattle/Texas/24-008749-003/2024(H5N1)	1263	2232
PB2|PP755596.1|A/cattle/Texas/24-008749-003/2024(H5N1)	1264	2243
PB2|PP755596.1|A/cattle/Texas/24-008749-003/2024(H5N1)	1265	2240
PB2|PP755596.1|A/cattle/Texas/24-008749-003/2024(H5N1)	1266	2241
PB2|PP755596.1|A/cattle/Texas/24-008749-003/2024(H5N1)	1267	2218
PB2|PP755596.1|A/cattle/Texas/24-008749-003/2024(H5N1)	1268	2243
PB2|PP755596.1|A/cattle/Texas/24-008749-003/2024(H5N1)	1269	2304
PB2|PP755596.1|A/cattle/Texas/24-008749-003/2024(H5N1)	1270	2311
PB2|PP755596.1|A/cattle/Texas/24-008749-003/2024(H5N1)	1271	2319
PB2|PP755596.1|A/cattle/Texas/24-008749-003/2024(H5N1)	1272	2318
PB2|PP755596.1|A/cattle/Texas/24-008749-003/2024(H5N1)	1273	2319
PB2|PP755596.1|A/cattle/Texas/24-008749-003/2024(H5N1)	1274	2326
PB2|PP755596.1|A/cattle/Texas/24-008749-003/2024(H5N1)	1275	2340
PB2|PP755596.1|A/cattle/Texas/24-008749-003/2024(H5N1)	1276	2338
PB2|PP755596.1|A/cattle/Texas/24-008749-003/2024(H5N1)	1277	2302
PB2|PP755596.1|A/cattle/Texas/24-008749-003/2024(H5N1)	1278	2308
PB2|PP755596.1|A/cattle/Texas/24-008749-003/2024(H5N1)	1279	2322
PB2|PP755596.1|A/cattle/Texas/24-008749-003/2024(H5N1)	1280	2322
PB2|PP755596.1|A/cattle/Texas/24-008749-003/2024(H5N1)	1281	2369
PB2|PP755596.1|A/cattle/Texas/24-008749-003/2024(H5N1)	1282	2331
PB2|PP755596.1|A/cattle/Texas/24-008749-003/2024(H5N1)	1283	2289
PB2|PP755596.1|A/cattle/Texas/24-008749-003/2024(H5N1)	1284	2301
PB2|PP755596.1|A/cattle/Texas/24-008749-003/2024(H5N1)	1285	2311
PB2|PP755596.1|A/cattle/Texas/24-008749-003/2024(H5N1)	1286	2357
PB2|PP755596.1|A/cattle/Texas/24-008749-003/2024(H5N1)	1287	2354
PB2|PP755596.1|A/cattle/Texas/24-008749-003/2024(H5N1)	1288	2505
PB2|PP755596.1|A/cattle/Texas/24-008749-003/2024(H5N1)	1289	2491
PB2|PP755596.1|A/cattle/Texas/24-008749-003/2024(H5N1)	1290	2445
PB2|PP755596.1|A/cattle/Texas/24-008749-003/2024(H5N1)	1291	2447
PB2|PP755596.1|A/cattle/Texas/24-008749-003/2024(H5N1)	1292	2450
PB2|PP755596.1|A/cattle/Texas/24-008749-003/2024(H5N1)	1293	2452
PB2|PP755596.1|A/cattle/Texas/24-008749-003/2024(H5N1)	1294	2460
PB2|PP755596.1|A/cattle/Texas/24-008749-003/2024(H5N1)	1295	2421
PB2|PP755596.1|A/cattle/Texas/24-008749-003/2024(H5N1)	1296	2422
PB2|PP755596.1|A/cattle/Texas/24-008749-003/2024(H5N1)	1297	2418
PB2|PP755596.1|A/cattle/Texas/24-008749-003/2024(H5N1)	1298	2409
PB2|PP755596.1|A/cattle/Texas/24-008749-003/2024(H5N1)	1299	2434
PB2|PP755596.1|A/cattle/Texas/24-008749-003/2024(H5N1)	1300	2393
PB2|PP755596.1|A/cattle/Texas/24-008749-003/2024(H5N1)	1301	2413
PB2|PP755596.1|A/cattle/Texas/24-008749-003/2024(H5N1)	1302	2451
PB2|PP755596.1|A/cattle/Texas/24-008749-003/2024(H5N1)	1303	2441
PB2|PP755596.1|A/cattle/Texas/24-008749-003/2024(H5N1)	1304	2466
PB2|PP755596.1|A/cattle/Texas/24-008749-003/2024(H5N1)	1305	2458
PB2|PP755596.1|A/cattle/Texas/24-008749-003/2024(H5N1)	1306	2458
PB2|PP755596.1|A/cattle/Texas/24-008749-003/2024(H5N1)	1307	2454
PB2|PP755596.1|A/cattle/Texas/24-008749-003/2024(H5N1)	1308	2394
PB2|PP755596.1|A/cattle/Texas/24-008749-003/2024(H5N1)	1309	2423
PB2|PP755596.1|A/cattle/Texas/24-008749-003/2024(H5N1)	1310	2416
PB2|PP755596.1|A/cattle/Texas/24-008749-003/2024(H5N1)	1311	2415
PB2|PP755596.1|A/cattle/Texas/24-008749-003/2024(H5N1)	1312	2414
PB2|PP755596.1|A/cattle/Texas/24-008749-003/2024(H5N1)	1313	2419
PB2|PP755596.1|A/cattle/Texas/24-008749-003/2024(H5N1)	1314	2467
PB2|PP755596.1|A/cattle/Texas/24-008749-003/2024(H5N1)	1315	2460
PB2|PP755596.1|A/cattle/Texas/24-008749-003/2024(H5N1)	1316	2458
PB2|PP755596.1|A/cattle/Texas/24-008749-003/2024(H5N1)	1317	2448
PB2|PP755596.1|A/cattle/Texas/24-008749-003/2024(H5N1)	1318	2442
PB2|PP755596.1|A/cattle/Texas/24-008749-003/2024(H5N1)	1319	2428
PB2|PP755596.1|A/cattle/Texas/24-008749-003/2024(H5N1)	1320	2427
PB2|PP755596.1|A/cattle/Texas/24-008749-003/2024(H5N1)	1321	2368
PB2|PP755596.1|A/cattle/Texas/24-008749-003/2024(H5N1)	1322	2759
PB2|PP755596.1|A/cattle/Texas/24-008749-003/2024(H5N1)	1323	2757
PB2|PP755596.1|A/cattle/Texas/24-008749-003/2024(H5N1)	1324	2754
PB2|PP755596.1|A/cattle/Texas/24-008749-003/2024(H5N1)	1325	2793
PB2|PP755596.1|A/cattle/Texas/24-008749-003/2024(H5N1)	1326	2799
PB2|PP755596.1|A/cattle/Texas/24-008749-003/2024(H5N1)	1327	2815
PB2|PP755596.1|A/cattle/Texas/24-008749-003/2024(H5N1)	1328	2815
PB2|PP755596.1|A/cattle/Texas/24-008749-003/2024(H5N1)	1329	2810
PB2|PP755596.1|A/cattle/Texas/24-008749-003/2024(H5N1)	1330	2811
PB2|PP755596.1|A/cattle/Texas/24-008749-003/2024(H5N1)	1331	2800
PB2|PP755596.1|A/cattle/Texas/24-008749-003/2024(H5N1)	1332	2795
PB2|PP755596.1|A/cattle/Texas/24-008749-003/2024(H5N1)	1333	2808
PB2|PP755596.1|A/cattle/Texas/24-008749-003/2024(H5N1)	1334	2805
PB2|PP755596.1|A/cattle/Texas/24-008749-003/2024(H5N1)	1335	2805
PB2|PP755596.1|A/cattle/Texas/24-008749-003/2024(H5N1)	1336	2863
PB2|PP755596.1|A/cattle/Texas/24-008749-003/2024(H5N1)	1337	2875
PB2|PP755596.1|A/cattle/Texas/24-008749-003/2024(H5N1)	1338	2874
PB2|PP755596.1|A/cattle/Texas/24-008749-003/2024(H5N1)	1339	2868
PB2|PP755596.1|A/cattle/Texas/24-008749-003/2024(H5N1)	1340	2867
PB2|PP755596.1|A/cattle/Texas/24-008749-003/2024(H5N1)	1341	2859
PB2|PP755596.1|A/cattle/Texas/24-008749-003/2024(H5N1)	1342	2861
PB2|PP755596.1|A/cattle/Texas/24-008749-003/2024(H5N1)	1343	2877
PB2|PP755596.1|A/cattle/Texas/24-008749-003/2024(H5N1)	1344	2876
PB2|PP755596.1|A/cattle/Texas/24-008749-003/2024(H5N1)	1345	2881
PB2|PP755596.1|A/cattle/Texas/24-008749-003/2024(H5N1)	1346	2870
PB2|PP755596.1|A/cattle/Texas/24-008749-003/2024(H5N1)	1347	2870
PB2|PP755596.1|A/cattle/Texas/24-008749-003/2024(H5N1)	1348	2870
PB2|PP755596.1|A/cattle/Texas/24-008749-003/2024(H5N1)	1349	2900
PB2|PP755596.1|A/cattle/Texas/24-008749-003/2024(H5N1)	1350	2894
PB2|PP755596.1|A/cattle/Texas/24-008749-003/2024(H5N1)	1351	2916
PB2|PP755596.1|A/cattle/Texas/24-008749-003/2024(H5N1)	1352	2906
PB2|PP755596.1|A/cattle/Texas/24-008749-003/2024(H5N1)	1353	2899
PB2|PP755596.1|A/cattle/Texas/24-008749-003/2024(H5N1)	1354	2900
PB2|PP755596.1|A/cattle/Texas/24-008749-003/2024(H5N1)	1355	2880
PB2|PP755596.1|A/cattle/Texas/24-008749-003/2024(H5N1)	1356	2887
PB2|PP755596.1|A/cattle/Texas/24-008749-003/2024(H5N1)	1357	2882
PB2|PP755596.1|A/cattle/Texas/24-008749-003/2024(H5N1)	1358	2882
PB2|PP755596.1|A/cattle/Texas/24-008749-003/2024(H5N1)	1359	2880
PB2|PP755596.1|A/cattle/Texas/24-008749-003/2024(H5N1)	1360	2868
PB2|PP755596.1|A/cattle/Texas/24-008749-003/2024(H5N1)	1361	2879
PB2|PP755596.1|A/cattle/Texas/24-008749-003/2024(H5N1)	1362	2838
PB2|PP755596.1|A/cattle/Texas/24-008749-003/2024(H5N1)	1363	2831
PB2|PP755596.1|A/cattle/Texas/24-008749-003/2024(H5N1)	1364	2826
PB2|PP755596.1|A/cattle/Texas/24-008749-003/2024(H5N1)	1365	2774
PB2|PP755596.1|A/cattle/Texas/24-008749-003/2024(H5N1)	1366	2744
PB2|PP755596.1|A/cattle/Texas/24-008749-003/2024(H5N1)	1367	2640
PB2|PP755596.1|A/cattle/Texas/24-008749-003/2024(H5N1)	1368	2647
PB2|PP755596.1|A/cattle/Texas/24-008749-003/2024(H5N1)	1369	2655
PB2|PP755596.1|A/cattle/Texas/24-008749-003/2024(H5N1)	1370	2643
PB2|PP755596.1|A/cattle/Texas/24-008749-003/2024(H5N1)	1371	2651
PB2|PP755596.1|A/cattle/Texas/24-008749-003/2024(H5N1)	1372	2619
PB2|PP755596.1|A/cattle/Texas/24-008749-003/2024(H5N1)	1373	2615
PB2|PP755596.1|A/cattle/Texas/24-008749-003/2024(H5N1)	1374	2611
PB2|PP755596.1|A/cattle/Texas/24-008749-003/2024(H5N1)	1375	2577
PB2|PP755596.1|A/cattle/Texas/24-008749-003/2024(H5N1)	1376	2557
PB2|PP755596.1|A/cattle/Texas/24-008749-003/2024(H5N1)	1377	2525
PB2|PP755596.1|A/cattle/Texas/24-008749-003/2024(H5N1)	1378	2513
PB2|PP755596.1|A/cattle/Texas/24-008749-003/2024(H5N1)	1379	2510
PB2|PP755596.1|A/cattle/Texas/24-008749-003/2024(H5N1)	1380	2513
PB2|PP755596.1|A/cattle/Texas/24-008749-003/2024(H5N1)	1381	2454
PB2|PP755596.1|A/cattle/Texas/24-008749-003/2024(H5N1)	1382	2454
PB2|PP755596.1|A/cattle/Texas/24-008749-003/2024(H5N1)	1383	2450
PB2|PP755596.1|A/cattle/Texas/24-008749-003/2024(H5N1)	1384	2447
PB2|PP755596.1|A/cattle/Texas/24-008749-003/2024(H5N1)	1385	2539
PB2|PP755596.1|A/cattle/Texas/24-008749-003/2024(H5N1)	1386	2532
PB2|PP755596.1|A/cattle/Texas/24-008749-003/2024(H5N1)	1387	2582
PB2|PP755596.1|A/cattle/Texas/24-008749-003/2024(H5N1)	1388	2583
PB2|PP755596.1|A/cattle/Texas/24-008749-003/2024(H5N1)	1389	2672
PB2|PP755596.1|A/cattle/Texas/24-008749-003/2024(H5N1)	1390	2667
PB2|PP755596.1|A/cattle/Texas/24-008749-003/2024(H5N1)	1391	2642
PB2|PP755596.1|A/cattle/Texas/24-008749-003/2024(H5N1)	1392	2663
PB2|PP755596.1|A/cattle/Texas/24-008749-003/2024(H5N1)	1393	2669
PB2|PP755596.1|A/cattle/Texas/24-008749-003/2024(H5N1)	1394	2616
PB2|PP755596.1|A/cattle/Texas/24-008749-003/2024(H5N1)	1395	2574
PB2|PP755596.1|A/cattle/Texas/24-008749-003/2024(H5N1)	1396	2579
PB2|PP755596.1|A/cattle/Texas/24-008749-003/2024(H5N1)	1397	2594
PB2|PP755596.1|A/cattle/Texas/24-008749-003/2024(H5N1)	1398	2596
PB2|PP755596.1|A/cattle/Texas/24-008749-003/2024(H5N1)	1399	2588
PB2|PP755596.1|A/cattle/Texas/24-008749-003/2024(H5N1)	1400	2473
PB2|PP755596.1|A/cattle/Texas/24-008749-003/2024(H5N1)	1401	2474
PB2|PP755596.1|A/cattle/Texas/24-008749-003/2024(H5N1)	1402	2509
PB2|PP755596.1|A/cattle/Texas/24-008749-003/2024(H5N1)	1403	2512
PB2|PP755596.1|A/cattle/Texas/24-008749-003/2024(H5N1)	1404	2525
PB2|PP755596.1|A/cattle/Texas/24-008749-003/2024(H5N1)	1405	2526
PB2|PP755596.1|A/cattle/Texas/24-008749-003/2024(H5N1)	1406	2528
PB2|PP755596.1|A/cattle/Texas/24-008749-003/2024(H5N1)	1407	2528
PB2|PP755596.1|A/cattle/Texas/24-008749-003/2024(H5N1)	1408	2513
PB2|PP755596.1|A/cattle/Texas/24-008749-003/2024(H5N1)	1409	2609
PB2|PP755596.1|A/cattle/Texas/24-008749-003/2024(H5N1)	1410	2602
PB2|PP755596.1|A/cattle/Texas/24-008749-003/2024(H5N1)	1411	2579
PB2|PP755596.1|A/cattle/Texas/24-008749-003/2024(H5N1)	1412	2576
PB2|PP755596.1|A/cattle/Texas/24-008749-003/2024(H5N1)	1413	2532
PB2|PP755596.1|A/cattle/Texas/24-008749-003/2024(H5N1)	1414	2535
PB2|PP755596.1|A/cattle/Texas/24-008749-003/2024(H5N1)	1415	2533
PB2|PP755596.1|A/cattle/Texas/24-008749-003/2024(H5N1)	1416	2539
PB2|PP755596.1|A/cattle/Texas/24-008749-003/2024(H5N1)	1417	2559
PB2|PP755596.1|A/cattle/Texas/24-008749-003/2024(H5N1)	1418	2498
PB2|PP755596.1|A/cattle/Texas/24-008749-003/2024(H5N1)	1419	2471
PB2|PP755596.1|A/cattle/Texas/24-008749-003/2024(H5N1)	1420	2486
PB2|PP755596.1|A/cattle/Texas/24-008749-003/2024(H5N1)	1421	2501
PB2|PP755596.1|A/cattle/Texas/24-008749-003/2024(H5N1)	1422	2493
PB2|PP755596.1|A/cattle/Texas/24-008749-003/2024(H5N1)	1423	2492
PB2|PP755596.1|A/cattle/Texas/24-008749-003/2024(H5N1)	1424	2472
PB2|PP755596.1|A/cattle/Texas/24-008749-003/2024(H5N1)	1425	2467
PB2|PP755596.1|A/cattle/Texas/24-008749-003/2024(H5N1)	1426	2451
PB2|PP755596.1|A/cattle/Texas/24-008749-003/2024(H5N1)	1427	2477
PB2|PP755596.1|A/cattle/Texas/24-008749-003/2024(H5N1)	1428	2509
PB2|PP755596.1|A/cattle/Texas/24-008749-003/2024(H5N1)	1429	2485
PB2|PP755596.1|A/cattle/Texas/24-008749-003/2024(H5N1)	1430	2667
PB2|PP755596.1|A/cattle/Texas/24-008749-003/2024(H5N1)	1431	2667
PB2|PP755596.1|A/cattle/Texas/24-008749-003/2024(H5N1)	1432	2625
PB2|PP755596.1|A/cattle/Texas/24-008749-003/2024(H5N1)	1433	2625
PB2|PP755596.1|A/cattle/Texas/24-008749-003/2024(H5N1)	1434	2623
PB2|PP755596.1|A/cattle/Texas/24-008749-003/2024(H5N1)	1435	2617
PB2|PP755596.1|A/cattle/Texas/24-008749-003/2024(H5N1)	1436	2609
PB2|PP755596.1|A/cattle/Texas/24-008749-003/2024(H5N1)	1437	2566
PB2|PP755596.1|A/cattle/Texas/24-008749-003/2024(H5N1)	1438	2575
PB2|PP755596.1|A/cattle/Texas/24-008749-003/2024(H5N1)	1439	2413
PB2|PP755596.1|A/cattle/Texas/24-008749-003/2024(H5N1)	1440	2417
PB2|PP755596.1|A/cattle/Texas/24-008749-003/2024(H5N1)	1441	2414
PB2|PP755596.1|A/cattle/Texas/24-008749-003/2024(H5N1)	1442	2426
PB2|PP755596.1|A/cattle/Texas/24-008749-003/2024(H5N1)	1443	2444
PB2|PP755596.1|A/cattle/Texas/24-008749-003/2024(H5N1)	1444	2439
PB2|PP755596.1|A/cattle/Texas/24-008749-003/2024(H5N1)	1445	2418
PB2|PP755596.1|A/cattle/Texas/24-008749-003/2024(H5N1)	1446	2441
PB2|PP755596.1|A/cattle/Texas/24-008749-003/2024(H5N1)	1447	2463
PB2|PP755596.1|A/cattle/Texas/24-008749-003/2024(H5N1)	1448	2461
PB2|PP755596.1|A/cattle/Texas/24-008749-003/2024(H5N1)	1449	2444
PB2|PP755596.1|A/cattle/Texas/24-008749-003/2024(H5N1)	1450	2397
PB2|PP755596.1|A/cattle/Texas/24-008749-003/2024(H5N1)	1451	2424
PB2|PP755596.1|A/cattle/Texas/24-008749-003/2024(H5N1)	1452	2407
PB2|PP755596.1|A/cattle/Texas/24-008749-003/2024(H5N1)	1453	2360
PB2|PP755596.1|A/cattle/Texas/24-008749-003/2024(H5N1)	1454	2362
PB2|PP755596.1|A/cattle/Texas/24-008749-003/2024(H5N1)	1455	2337
PB2|PP755596.1|A/cattle/Texas/24-008749-003/2024(H5N1)	1456	2376
PB2|PP755596.1|A/cattle/Texas/24-008749-003/2024(H5N1)	1457	2374
PB2|PP755596.1|A/cattle/Texas/24-008749-003/2024(H5N1)	1458	2386
PB2|PP755596.1|A/cattle/Texas/24-008749-003/2024(H5N1)	1459	2402
PB2|PP755596.1|A/cattle/Texas/24-008749-003/2024(H5N1)	1460	2350
PB2|PP755596.1|A/cattle/Texas/24-008749-003/2024(H5N1)	1461	2361
PB2|PP755596.1|A/cattle/Texas/24-008749-003/2024(H5N1)	1462	2313
PB2|PP755596.1|A/cattle/Texas/24-008749-003/2024(H5N1)	1463	2304
PB2|PP755596.1|A/cattle/Texas/24-008749-003/2024(H5N1)	1464	2758
PB2|PP755596.1|A/cattle/Texas/24-008749-003/2024(H5N1)	1465	2697
PB2|PP755596.1|A/cattle/Texas/24-008749-003/2024(H5N1)	1466	2744
PB2|PP755596.1|A/cattle/Texas/24-008749-003/2024(H5N1)	1467	2747
PB2|PP755596.1|A/cattle/Texas/24-008749-003/2024(H5N1)	1468	2734
PB2|PP755596.1|A/cattle/Texas/24-008749-003/2024(H5N1)	1469	2809
PB2|PP755596.1|A/cattle/Texas/24-008749-003/2024(H5N1)	1470	2813
PB2|PP755596.1|A/cattle/Texas/24-008749-003/2024(H5N1)	1471	2809
PB2|PP755596.1|A/cattle/Texas/24-008749-003/2024(H5N1)	1472	2799
PB2|PP755596.1|A/cattle/Texas/24-008749-003/2024(H5N1)	1473	2397
PB2|PP755596.1|A/cattle/Texas/24-008749-003/2024(H5N1)	1474	2417
PB2|PP755596.1|A/cattle/Texas/24-008749-003/2024(H5N1)	1475	2398
PB2|PP755596.1|A/cattle/Texas/24-008749-003/2024(H5N1)	1476	2408
PB2|PP755596.1|A/cattle/Texas/24-008749-003/2024(H5N1)	1477	2422
PB2|PP755596.1|A/cattle/Texas/24-008749-003/2024(H5N1)	1478	2431
PB2|PP755596.1|A/cattle/Texas/24-008749-003/2024(H5N1)	1479	2437
PB2|PP755596.1|A/cattle/Texas/24-008749-003/2024(H5N1)	1480	2451
PB2|PP755596.1|A/cattle/Texas/24-008749-003/2024(H5N1)	1481	2536
PB2|PP755596.1|A/cattle/Texas/24-008749-003/2024(H5N1)	1482	2537
PB2|PP755596.1|A/cattle/Texas/24-008749-003/2024(H5N1)	1483	2545
PB2|PP755596.1|A/cattle/Texas/24-008749-003/2024(H5N1)	1484	2551
PB2|PP755596.1|A/cattle/Texas/24-008749-003/2024(H5N1)	1485	2572
PB2|PP755596.1|A/cattle/Texas/24-008749-003/2024(H5N1)	1486	2571
PB2|PP755596.1|A/cattle/Texas/24-008749-003/2024(H5N1)	1487	2557
PB2|PP755596.1|A/cattle/Texas/24-008749-003/2024(H5N1)	1488	2547
PB2|PP755596.1|A/cattle/Texas/24-008749-003/2024(H5N1)	1489	2546
PB2|PP755596.1|A/cattle/Texas/24-008749-003/2024(H5N1)	1490	2554
PB2|PP755596.1|A/cattle/Texas/24-008749-003/2024(H5N1)	1491	2661
PB2|PP755596.1|A/cattle/Texas/24-008749-003/2024(H5N1)	1492	2636
PB2|PP755596.1|A/cattle/Texas/24-008749-003/2024(H5N1)	1493	2635
PB2|PP755596.1|A/cattle/Texas/24-008749-003/2024(H5N1)	1494	2608
PB2|PP755596.1|A/cattle/Texas/24-008749-003/2024(H5N1)	1495	2608
PB2|PP755596.1|A/cattle/Texas/24-008749-003/2024(H5N1)	1496	2755
PB2|PP755596.1|A/cattle/Texas/24-008749-003/2024(H5N1)	1497	2752
PB2|PP755596.1|A/cattle/Texas/24-008749-003/2024(H5N1)	1498	2751
PB2|PP755596.1|A/cattle/Texas/24-008749-003/2024(H5N1)	1499	2749
PB2|PP755596.1|A/cattle/Texas/24-008749-003/2024(H5N1)	1500	2765
PB2|PP755596.1|A/cattle/Texas/24-008749-003/2024(H5N1)	1501	2871
PB2|PP755596.1|A/cattle/Texas/24-008749-003/2024(H5N1)	1502	2859
PB2|PP755596.1|A/cattle/Texas/24-008749-003/2024(H5N1)	1503	2883
PB2|PP755596.1|A/cattle/Texas/24-008749-003/2024(H5N1)	1504	2882
PB2|PP755596.1|A/cattle/Texas/24-008749-003/2024(H5N1)	1505	2882
PB2|PP755596.1|A/cattle/Texas/24-008749-003/2024(H5N1)	1506	2880
PB2|PP755596.1|A/cattle/Texas/24-008749-003/2024(H5N1)	1507	2873
PB2|PP755596.1|A/cattle/Texas/24-008749-003/2024(H5N1)	1508	2859
PB2|PP755596.1|A/cattle/Texas/24-008749-003/2024(H5N1)	1509	2838
PB2|PP755596.1|A/cattle/Texas/24-008749-003/2024(H5N1)	1510	2847
PB2|PP755596.1|A/cattle/Texas/24-008749-003/2024(H5N1)	1511	2848
PB2|PP755596.1|A/cattle/Texas/24-008749-003/2024(H5N1)	1512	2848
PB2|PP755596.1|A/cattle/Texas/24-008749-003/2024(H5N1)	1513	2850
PB2|PP755596.1|A/cattle/Texas/24-008749-003/2024(H5N1)	1514	2850
PB2|PP755596.1|A/cattle/Texas/24-008749-003/2024(H5N1)	1515	2855
PB2|PP755596.1|A/cattle/Texas/24-008749-003/2024(H5N1)	1516	2856
PB2|PP755596.1|A/cattle/Texas/24-008749-003/2024(H5N1)	1517	2858
PB2|PP755596.1|A/cattle/Texas/24-008749-003/2024(H5N1)	1518	2856
PB2|PP755596.1|A/cattle/Texas/24-008749-003/2024(H5N1)	1519	2831
PB2|PP755596.1|A/cattle/Texas/24-008749-003/2024(H5N1)	1520	2831
PB2|PP755596.1|A/cattle/Texas/24-008749-003/2024(H5N1)	1521	2843
PB2|PP755596.1|A/cattle/Texas/24-008749-003/2024(H5N1)	1522	2837
PB2|PP755596.1|A/cattle/Texas/24-008749-003/2024(H5N1)	1523	2836
PB2|PP755596.1|A/cattle/Texas/24-008749-003/2024(H5N1)	1524	2853
PB2|PP755596.1|A/cattle/Texas/24-008749-003/2024(H5N1)	1525	2855
PB2|PP755596.1|A/cattle/Texas/24-008749-003/2024(H5N1)	1526	2858
PB2|PP755596.1|A/cattle/Texas/24-008749-003/2024(H5N1)	1527	2884
PB2|PP755596.1|A/cattle/Texas/24-008749-003/2024(H5N1)	1528	2876
PB2|PP755596.1|A/cattle/Texas/24-008749-003/2024(H5N1)	1529	3013
PB2|PP755596.1|A/cattle/Texas/24-008749-003/2024(H5N1)	1530	2989
PB2|PP755596.1|A/cattle/Texas/24-008749-003/2024(H5N1)	1531	3144
PB2|PP755596.1|A/cattle/Texas/24-008749-003/2024(H5N1)	1532	3149
PB2|PP755596.1|A/cattle/Texas/24-008749-003/2024(H5N1)	1533	3134
PB2|PP755596.1|A/cattle/Texas/24-008749-003/2024(H5N1)	1534	3069
PB2|PP755596.1|A/cattle/Texas/24-008749-003/2024(H5N1)	1535	3063
PB2|PP755596.1|A/cattle/Texas/24-008749-003/2024(H5N1)	1536	3106
PB2|PP755596.1|A/cattle/Texas/24-008749-003/2024(H5N1)	1537	3088
PB2|PP755596.1|A/cattle/Texas/24-008749-003/2024(H5N1)	1538	3013
PB2|PP755596.1|A/cattle/Texas/24-008749-003/2024(H5N1)	1539	3014
PB2|PP755596.1|A/cattle/Texas/24-008749-003/2024(H5N1)	1540	2860
PB2|PP755596.1|A/cattle/Texas/24-008749-003/2024(H5N1)	1541	2869
PB2|PP755596.1|A/cattle/Texas/24-008749-003/2024(H5N1)	1542	2870
PB2|PP755596.1|A/cattle/Texas/24-008749-003/2024(H5N1)	1543	2859
PB2|PP755596.1|A/cattle/Texas/24-008749-003/2024(H5N1)	1544	2861
PB2|PP755596.1|A/cattle/Texas/24-008749-003/2024(H5N1)	1545	2844
PB2|PP755596.1|A/cattle/Texas/24-008749-003/2024(H5N1)	1546	2850
PB2|PP755596.1|A/cattle/Texas/24-008749-003/2024(H5N1)	1547	2849
PB2|PP755596.1|A/cattle/Texas/24-008749-003/2024(H5N1)	1548	2839
PB2|PP755596.1|A/cattle/Texas/24-008749-003/2024(H5N1)	1549	2842
PB2|PP755596.1|A/cattle/Texas/24-008749-003/2024(H5N1)	1550	2907
PB2|PP755596.1|A/cattle/Texas/24-008749-003/2024(H5N1)	1551	2910
PB2|PP755596.1|A/cattle/Texas/24-008749-003/2024(H5N1)	1552	2901
PB2|PP755596.1|A/cattle/Texas/24-008749-003/2024(H5N1)	1553	2933
PB2|PP755596.1|A/cattle/Texas/24-008749-003/2024(H5N1)	1554	2925
PB2|PP755596.1|A/cattle/Texas/24-008749-003/2024(H5N1)	1555	2918
PB2|PP755596.1|A/cattle/Texas/24-008749-003/2024(H5N1)	1556	2926
PB2|PP755596.1|A/cattle/Texas/24-008749-003/2024(H5N1)	1557	2920
PB2|PP755596.1|A/cattle/Texas/24-008749-003/2024(H5N1)	1558	2917
PB2|PP755596.1|A/cattle/Texas/24-008749-003/2024(H5N1)	1559	2927
PB2|PP755596.1|A/cattle/Texas/24-008749-003/2024(H5N1)	1560	2843
PB2|PP755596.1|A/cattle/Texas/24-008749-003/2024(H5N1)	1561	2956
PB2|PP755596.1|A/cattle/Texas/24-008749-003/2024(H5N1)	1562	2963
PB2|PP755596.1|A/cattle/Texas/24-008749-003/2024(H5N1)	1563	2970
PB2|PP755596.1|A/cattle/Texas/24-008749-003/2024(H5N1)	1564	2970
PB2|PP755596.1|A/cattle/Texas/24-008749-003/2024(H5N1)	1565	2968
PB2|PP755596.1|A/cattle/Texas/24-008749-003/2024(H5N1)	1566	2966
PB2|PP755596.1|A/cattle/Texas/24-008749-003/2024(H5N1)	1567	2962
PB2|PP755596.1|A/cattle/Texas/24-008749-003/2024(H5N1)	1568	3035
PB2|PP755596.1|A/cattle/Texas/24-008749-003/2024(H5N1)	1569	3069
PB2|PP755596.1|A/cattle/Texas/24-008749-003/2024(H5N1)	1570	3049
PB2|PP755596.1|A/cattle/Texas/24-008749-003/2024(H5N1)	1571	3032
PB2|PP755596.1|A/cattle/Texas/24-008749-003/2024(H5N1)	1572	3016
PB2|PP755596.1|A/cattle/Texas/24-008749-003/2024(H5N1)	1573	3021
PB2|PP755596.1|A/cattle/Texas/24-008749-003/2024(H5N1)	1574	3063
PB2|PP755596.1|A/cattle/Texas/24-008749-003/2024(H5N1)	1575	3071
PB2|PP755596.1|A/cattle/Texas/24-008749-003/2024(H5N1)	1576	3080
PB2|PP755596.1|A/cattle/Texas/24-008749-003/2024(H5N1)	1577	3028
PB2|PP755596.1|A/cattle/Texas/24-008749-003/2024(H5N1)	1578	3015
PB2|PP755596.1|A/cattle/Texas/24-008749-003/2024(H5N1)	1579	3006
PB2|PP755596.1|A/cattle/Texas/24-008749-003/2024(H5N1)	1580	3014
PB2|PP755596.1|A/cattle/Texas/24-008749-003/2024(H5N1)	1581	2859
PB2|PP755596.1|A/cattle/Texas/24-008749-003/2024(H5N1)	1582	2856
PB2|PP755596.1|A/cattle/Texas/24-008749-003/2024(H5N1)	1583	2857
PB2|PP755596.1|A/cattle/Texas/24-008749-003/2024(H5N1)	1584	2849
PB2|PP755596.1|A/cattle/Texas/24-008749-003/2024(H5N1)	1585	2857
PB2|PP755596.1|A/cattle/Texas/24-008749-003/2024(H5N1)	1586	2884
PB2|PP755596.1|A/cattle/Texas/24-008749-003/2024(H5N1)	1587	2900
PB2|PP755596.1|A/cattle/Texas/24-008749-003/2024(H5N1)	1588	2901
PB2|PP755596.1|A/cattle/Texas/24-008749-003/2024(H5N1)	1589	2894
PB2|PP755596.1|A/cattle/Texas/24-008749-003/2024(H5N1)	1590	2893
PB2|PP755596.1|A/cattle/Texas/24-008749-003/2024(H5N1)	1591	2913
PB2|PP755596.1|A/cattle/Texas/24-008749-003/2024(H5N1)	1592	2914
PB2|PP755596.1|A/cattle/Texas/24-008749-003/2024(H5N1)	1593	2916
PB2|PP755596.1|A/cattle/Texas/24-008749-003/2024(H5N1)	1594	2906
PB2|PP755596.1|A/cattle/Texas/24-008749-003/2024(H5N1)	1595	2949
PB2|PP755596.1|A/cattle/Texas/24-008749-003/2024(H5N1)	1596	2933
PB2|PP755596.1|A/cattle/Texas/24-008749-003/2024(H5N1)	1597	2924
PB2|PP755596.1|A/cattle/Texas/24-008749-003/2024(H5N1)	1598	2920
PB2|PP755596.1|A/cattle/Texas/24-008749-003/2024(H5N1)	1599	2918
PB2|PP755596.1|A/cattle/Texas/24-008749-003/2024(H5N1)	1600	2958
PB2|PP755596.1|A/cattle/Texas/24-008749-003/2024(H5N1)	1601	2933
PB2|PP755596.1|A/cattle/Texas/24-008749-003/2024(H5N1)	1602	2932
PB2|PP755596.1|A/cattle/Texas/24-008749-003/2024(H5N1)	1603	2954
PB2|PP755596.1|A/cattle/Texas/24-008749-003/2024(H5N1)	1604	2973
PB2|PP755596.1|A/cattle/Texas/24-008749-003/2024(H5N1)	1605	2971
PB2|PP755596.1|A/cattle/Texas/24-008749-003/2024(H5N1)	1606	2983
PB2|PP755596.1|A/cattle/Texas/24-008749-003/2024(H5N1)	1607	2946
PB2|PP755596.1|A/cattle/Texas/24-008749-003/2024(H5N1)	1608	2953
PB2|PP755596.1|A/cattle/Texas/24-008749-003/2024(H5N1)	1609	2943
PB2|PP755596.1|A/cattle/Texas/24-008749-003/2024(H5N1)	1610	2920
PB2|PP755596.1|A/cattle/Texas/24-008749-003/2024(H5N1)	1611	3020
PB2|PP755596.1|A/cattle/Texas/24-008749-003/2024(H5N1)	1612	3010
PB2|PP755596.1|A/cattle/Texas/24-008749-003/2024(H5N1)	1613	2983
PB2|PP755596.1|A/cattle/Texas/24-008749-003/2024(H5N1)	1614	2999
PB2|PP755596.1|A/cattle/Texas/24-008749-003/2024(H5N1)	1615	2557
PB2|PP755596.1|A/cattle/Texas/24-008749-003/2024(H5N1)	1616	2557
PB2|PP755596.1|A/cattle/Texas/24-008749-003/2024(H5N1)	1617	2532
PB2|PP755596.1|A/cattle/Texas/24-008749-003/2024(H5N1)	1618	2529
PB2|PP755596.1|A/cattle/Texas/24-008749-003/2024(H5N1)	1619	2545
PB2|PP755596.1|A/cattle/Texas/24-008749-003/2024(H5N1)	1620	2490
PB2|PP755596.1|A/cattle/Texas/24-008749-003/2024(H5N1)	1621	2494
PB2|PP755596.1|A/cattle/Texas/24-008749-003/2024(H5N1)	1622	2597
PB2|PP755596.1|A/cattle/Texas/24-008749-003/2024(H5N1)	1623	2576
PB2|PP755596.1|A/cattle/Texas/24-008749-003/2024(H5N1)	1624	2568
PB2|PP755596.1|A/cattle/Texas/24-008749-003/2024(H5N1)	1625	2559
PB2|PP755596.1|A/cattle/Texas/24-008749-003/2024(H5N1)	1626	2789
PB2|PP755596.1|A/cattle/Texas/24-008749-003/2024(H5N1)	1627	2813
PB2|PP755596.1|A/cattle/Texas/24-008749-003/2024(H5N1)	1628	2821
PB2|PP755596.1|A/cattle/Texas/24-008749-003/2024(H5N1)	1629	2755
PB2|PP755596.1|A/cattle/Texas/24-008749-003/2024(H5N1)	1630	2762
PB2|PP755596.1|A/cattle/Texas/24-008749-003/2024(H5N1)	1631	2716
PB2|PP755596.1|A/cattle/Texas/24-008749-003/2024(H5N1)	1632	2712
PB2|PP755596.1|A/cattle/Texas/24-008749-003/2024(H5N1)	1633	2836
PB2|PP755596.1|A/cattle/Texas/24-008749-003/2024(H5N1)	1634	2833
PB2|PP755596.1|A/cattle/Texas/24-008749-003/2024(H5N1)	1635	2826
PB2|PP755596.1|A/cattle/Texas/24-008749-003/2024(H5N1)	1636	2771
PB2|PP755596.1|A/cattle/Texas/24-008749-003/2024(H5N1)	1637	2755
PB2|PP755596.1|A/cattle/Texas/24-008749-003/2024(H5N1)	1638	2907
PB2|PP755596.1|A/cattle/Texas/24-008749-003/2024(H5N1)	1639	2926
PB2|PP755596.1|A/cattle/Texas/24-008749-003/2024(H5N1)	1640	2928
PB2|PP755596.1|A/cattle/Texas/24-008749-003/2024(H5N1)	1641	2924
PB2|PP755596.1|A/cattle/Texas/24-008749-003/2024(H5N1)	1642	2819
PB2|PP755596.1|A/cattle/Texas/24-008749-003/2024(H5N1)	1643	2932
PB2|PP755596.1|A/cattle/Texas/24-008749-003/2024(H5N1)	1644	2933
PB2|PP755596.1|A/cattle/Texas/24-008749-003/2024(H5N1)	1645	2954
PB2|PP755596.1|A/cattle/Texas/24-008749-003/2024(H5N1)	1646	2960
PB2|PP755596.1|A/cattle/Texas/24-008749-003/2024(H5N1)	1647	2781
PB2|PP755596.1|A/cattle/Texas/24-008749-003/2024(H5N1)	1648	2795
PB2|PP755596.1|A/cattle/Texas/24-008749-003/2024(H5N1)	1649	2795
PB2|PP755596.1|A/cattle/Texas/24-008749-003/2024(H5N1)	1650	2795
PB2|PP755596.1|A/cattle/Texas/24-008749-003/2024(H5N1)	1651	2762
PB2|PP755596.1|A/cattle/Texas/24-008749-003/2024(H5N1)	1652	2650
PB2|PP755596.1|A/cattle/Texas/24-008749-003/2024(H5N1)	1653	2655
PB2|PP755596.1|A/cattle/Texas/24-008749-003/2024(H5N1)	1654	2665
PB2|PP755596.1|A/cattle/Texas/24-008749-003/2024(H5N1)	1655	2665
PB2|PP755596.1|A/cattle/Texas/24-008749-003/2024(H5N1)	1656	2671
PB2|PP755596.1|A/cattle/Texas/24-008749-003/2024(H5N1)	1657	2667
PB2|PP755596.1|A/cattle/Texas/24-008749-003/2024(H5N1)	1658	2667
PB2|PP755596.1|A/cattle/Texas/24-008749-003/2024(H5N1)	1659	2664
PB2|PP755596.1|A/cattle/Texas/24-008749-003/2024(H5N1)	1660	2683
PB2|PP755596.1|A/cattle/Texas/24-008749-003/2024(H5N1)	1661	2670
PB2|PP755596.1|A/cattle/Texas/24-008749-003/2024(H5N1)	1662	2661
PB2|PP755596.1|A/cattle/Texas/24-008749-003/2024(H5N1)	1663	2654
PB2|PP755596.1|A/cattle/Texas/24-008749-003/2024(H5N1)	1664	2654
PB2|PP755596.1|A/cattle/Texas/24-008749-003/2024(H5N1)	1665	2657
PB2|PP755596.1|A/cattle/Texas/24-008749-003/2024(H5N1)	1666	2676
PB2|PP755596.1|A/cattle/Texas/24-008749-003/2024(H5N1)	1667	2677
PB2|PP755596.1|A/cattle/Texas/24-008749-003/2024(H5N1)	1668	2687
PB2|PP755596.1|A/cattle/Texas/24-008749-003/2024(H5N1)	1669	2658
PB2|PP755596.1|A/cattle/Texas/24-008749-003/2024(H5N1)	1670	2660
PB2|PP755596.1|A/cattle/Texas/24-008749-003/2024(H5N1)	1671	2660
PB2|PP755596.1|A/cattle/Texas/24-008749-003/2024(H5N1)	1672	2651
PB2|PP755596.1|A/cattle/Texas/24-008749-003/2024(H5N1)	1673	2670
PB2|PP755596.1|A/cattle/Texas/24-008749-003/2024(H5N1)	1674	2678
PB2|PP755596.1|A/cattle/Texas/24-008749-003/2024(H5N1)	1675	2664
PB2|PP755596.1|A/cattle/Texas/24-008749-003/2024(H5N1)	1676	2660
PB2|PP755596.1|A/cattle/Texas/24-008749-003/2024(H5N1)	1677	2628
PB2|PP755596.1|A/cattle/Texas/24-008749-003/2024(H5N1)	1678	2628
PB2|PP755596.1|A/cattle/Texas/24-008749-003/2024(H5N1)	1679	2659
PB2|PP755596.1|A/cattle/Texas/24-008749-003/2024(H5N1)	1680	2544
PB2|PP755596.1|A/cattle/Texas/24-008749-003/2024(H5N1)	1681	2548
PB2|PP755596.1|A/cattle/Texas/24-008749-003/2024(H5N1)	1682	2413
PB2|PP755596.1|A/cattle/Texas/24-008749-003/2024(H5N1)	1683	2417
PB2|PP755596.1|A/cattle/Texas/24-008749-003/2024(H5N1)	1684	2427
PB2|PP755596.1|A/cattle/Texas/24-008749-003/2024(H5N1)	1685	2488
PB2|PP755596.1|A/cattle/Texas/24-008749-003/2024(H5N1)	1686	2489
PB2|PP755596.1|A/cattle/Texas/24-008749-003/2024(H5N1)	1687	2444
PB2|PP755596.1|A/cattle/Texas/24-008749-003/2024(H5N1)	1688	2441
PB2|PP755596.1|A/cattle/Texas/24-008749-003/2024(H5N1)	1689	2443
PB2|PP755596.1|A/cattle/Texas/24-008749-003/2024(H5N1)	1690	2452
PB2|PP755596.1|A/cattle/Texas/24-008749-003/2024(H5N1)	1691	2513
PB2|PP755596.1|A/cattle/Texas/24-008749-003/2024(H5N1)	1692	2513
PB2|PP755596.1|A/cattle/Texas/24-008749-003/2024(H5N1)	1693	2550
PB2|PP755596.1|A/cattle/Texas/24-008749-003/2024(H5N1)	1694	2552
PB2|PP755596.1|A/cattle/Texas/24-008749-003/2024(H5N1)	1695	2609
PB2|PP755596.1|A/cattle/Texas/24-008749-003/2024(H5N1)	1696	2605
PB2|PP755596.1|A/cattle/Texas/24-008749-003/2024(H5N1)	1697	2605
PB2|PP755596.1|A/cattle/Texas/24-008749-003/2024(H5N1)	1698	2608
PB2|PP755596.1|A/cattle/Texas/24-008749-003/2024(H5N1)	1699	2609
PB2|PP755596.1|A/cattle/Texas/24-008749-003/2024(H5N1)	1700	2543
PB2|PP755596.1|A/cattle/Texas/24-008749-003/2024(H5N1)	1701	2557
PB2|PP755596.1|A/cattle/Texas/24-008749-003/2024(H5N1)	1702	2533
PB2|PP755596.1|A/cattle/Texas/24-008749-003/2024(H5N1)	1703	2578
PB2|PP755596.1|A/cattle/Texas/24-008749-003/2024(H5N1)	1704	2577
PB2|PP755596.1|A/cattle/Texas/24-008749-003/2024(H5N1)	1705	2577
PB2|PP755596.1|A/cattle/Texas/24-008749-003/2024(H5N1)	1706	2571
PB2|PP755596.1|A/cattle/Texas/24-008749-003/2024(H5N1)	1707	2563
PB2|PP755596.1|A/cattle/Texas/24-008749-003/2024(H5N1)	1708	2609
PB2|PP755596.1|A/cattle/Texas/24-008749-003/2024(H5N1)	1709	2593
PB2|PP755596.1|A/cattle/Texas/24-008749-003/2024(H5N1)	1710	2591
PB2|PP755596.1|A/cattle/Texas/24-008749-003/2024(H5N1)	1711	2620
PB2|PP755596.1|A/cattle/Texas/24-008749-003/2024(H5N1)	1712	2534
PB2|PP755596.1|A/cattle/Texas/24-008749-003/2024(H5N1)	1713	2557
PB2|PP755596.1|A/cattle/Texas/24-008749-003/2024(H5N1)	1714	2549
PB2|PP755596.1|A/cattle/Texas/24-008749-003/2024(H5N1)	1715	2565
PB2|PP755596.1|A/cattle/Texas/24-008749-003/2024(H5N1)	1716	2574
PB2|PP755596.1|A/cattle/Texas/24-008749-003/2024(H5N1)	1717	2521
PB2|PP755596.1|A/cattle/Texas/24-008749-003/2024(H5N1)	1718	2543
PB2|PP755596.1|A/cattle/Texas/24-008749-003/2024(H5N1)	1719	2472
PB2|PP755596.1|A/cattle/Texas/24-008749-003/2024(H5N1)	1720	2478
PB2|PP755596.1|A/cattle/Texas/24-008749-003/2024(H5N1)	1721	2474
PB2|PP755596.1|A/cattle/Texas/24-008749-003/2024(H5N1)	1722	2447
PB2|PP755596.1|A/cattle/Texas/24-008749-003/2024(H5N1)	1723	2456
PB2|PP755596.1|A/cattle/Texas/24-008749-003/2024(H5N1)	1724	2447
PB2|PP755596.1|A/cattle/Texas/24-008749-003/2024(H5N1)	1725	2443
PB2|PP755596.1|A/cattle/Texas/24-008749-003/2024(H5N1)	1726	2446
PB2|PP755596.1|A/cattle/Texas/24-008749-003/2024(H5N1)	1727	2436
PB2|PP755596.1|A/cattle/Texas/24-008749-003/2024(H5N1)	1728	2458
PB2|PP755596.1|A/cattle/Texas/24-008749-003/2024(H5N1)	1729	2459
PB2|PP755596.1|A/cattle/Texas/24-008749-003/2024(H5N1)	1730	2458
PB2|PP755596.1|A/cattle/Texas/24-008749-003/2024(H5N1)	1731	2440
PB2|PP755596.1|A/cattle/Texas/24-008749-003/2024(H5N1)	1732	2440
PB2|PP755596.1|A/cattle/Texas/24-008749-003/2024(H5N1)	1733	2458
PB2|PP755596.1|A/cattle/Texas/24-008749-003/2024(H5N1)	1734	2457
PB2|PP755596.1|A/cattle/Texas/24-008749-003/2024(H5N1)	1735	2464
PB2|PP755596.1|A/cattle/Texas/24-008749-003/2024(H5N1)	1736	2455
PB2|PP755596.1|A/cattle/Texas/24-008749-003/2024(H5N1)	1737	2532
PB2|PP755596.1|A/cattle/Texas/24-008749-003/2024(H5N1)	1738	2527
PB2|PP755596.1|A/cattle/Texas/24-008749-003/2024(H5N1)	1739	2543
PB2|PP755596.1|A/cattle/Texas/24-008749-003/2024(H5N1)	1740	2534
PB2|PP755596.1|A/cattle/Texas/24-008749-003/2024(H5N1)	1741	2530
PB2|PP755596.1|A/cattle/Texas/24-008749-003/2024(H5N1)	1742	2517
PB2|PP755596.1|A/cattle/Texas/24-008749-003/2024(H5N1)	1743	2522
PB2|PP755596.1|A/cattle/Texas/24-008749-003/2024(H5N1)	1744	2553
PB2|PP755596.1|A/cattle/Texas/24-008749-003/2024(H5N1)	1745	2571
PB2|PP755596.1|A/cattle/Texas/24-008749-003/2024(H5N1)	1746	2513
PB2|PP755596.1|A/cattle/Texas/24-008749-003/2024(H5N1)	1747	2506
PB2|PP755596.1|A/cattle/Texas/24-008749-003/2024(H5N1)	1748	2500
PB2|PP755596.1|A/cattle/Texas/24-008749-003/2024(H5N1)	1749	2506
PB2|PP755596.1|A/cattle/Texas/24-008749-003/2024(H5N1)	1750	2547
PB2|PP755596.1|A/cattle/Texas/24-008749-003/2024(H5N1)	1751	2532
PB2|PP755596.1|A/cattle/Texas/24-008749-003/2024(H5N1)	1752	2673
PB2|PP755596.1|A/cattle/Texas/24-008749-003/2024(H5N1)	1753	2660
PB2|PP755596.1|A/cattle/Texas/24-008749-003/2024(H5N1)	1754	2622
PB2|PP755596.1|A/cattle/Texas/24-008749-003/2024(H5N1)	1755	2622
PB2|PP755596.1|A/cattle/Texas/24-008749-003/2024(H5N1)	1756	2625
PB2|PP755596.1|A/cattle/Texas/24-008749-003/2024(H5N1)	1757	2618
PB2|PP755596.1|A/cattle/Texas/24-008749-003/2024(H5N1)	1758	2622
PB2|PP755596.1|A/cattle/Texas/24-008749-003/2024(H5N1)	1759	2622
PB2|PP755596.1|A/cattle/Texas/24-008749-003/2024(H5N1)	1760	2618
PB2|PP755596.1|A/cattle/Texas/24-008749-003/2024(H5N1)	1761	2535
PB2|PP755596.1|A/cattle/Texas/24-008749-003/2024(H5N1)	1762	2547
PB2|PP755596.1|A/cattle/Texas/24-008749-003/2024(H5N1)	1763	2567
PB2|PP755596.1|A/cattle/Texas/24-008749-003/2024(H5N1)	1764	2553
PB2|PP755596.1|A/cattle/Texas/24-008749-003/2024(H5N1)	1765	2550
PB2|PP755596.1|A/cattle/Texas/24-008749-003/2024(H5N1)	1766	2566
PB2|PP755596.1|A/cattle/Texas/24-008749-003/2024(H5N1)	1767	2574
PB2|PP755596.1|A/cattle/Texas/24-008749-003/2024(H5N1)	1768	2803
PB2|PP755596.1|A/cattle/Texas/24-008749-003/2024(H5N1)	1769	2824
PB2|PP755596.1|A/cattle/Texas/24-008749-003/2024(H5N1)	1770	2839
PB2|PP755596.1|A/cattle/Texas/24-008749-003/2024(H5N1)	1771	2829
PB2|PP755596.1|A/cattle/Texas/24-008749-003/2024(H5N1)	1772	2900
PB2|PP755596.1|A/cattle/Texas/24-008749-003/2024(H5N1)	1773	2921
PB2|PP755596.1|A/cattle/Texas/24-008749-003/2024(H5N1)	1774	2935
PB2|PP755596.1|A/cattle/Texas/24-008749-003/2024(H5N1)	1775	2920
PB2|PP755596.1|A/cattle/Texas/24-008749-003/2024(H5N1)	1776	2941
PB2|PP755596.1|A/cattle/Texas/24-008749-003/2024(H5N1)	1777	2647
PB2|PP755596.1|A/cattle/Texas/24-008749-003/2024(H5N1)	1778	2632
PB2|PP755596.1|A/cattle/Texas/24-008749-003/2024(H5N1)	1779	2629
PB2|PP755596.1|A/cattle/Texas/24-008749-003/2024(H5N1)	1780	2646
PB2|PP755596.1|A/cattle/Texas/24-008749-003/2024(H5N1)	1781	2647
PB2|PP755596.1|A/cattle/Texas/24-008749-003/2024(H5N1)	1782	2606
PB2|PP755596.1|A/cattle/Texas/24-008749-003/2024(H5N1)	1783	2630
PB2|PP755596.1|A/cattle/Texas/24-008749-003/2024(H5N1)	1784	2552
PB2|PP755596.1|A/cattle/Texas/24-008749-003/2024(H5N1)	1785	2559
PB2|PP755596.1|A/cattle/Texas/24-008749-003/2024(H5N1)	1786	2560
PB2|PP755596.1|A/cattle/Texas/24-008749-003/2024(H5N1)	1787	2561
PB2|PP755596.1|A/cattle/Texas/24-008749-003/2024(H5N1)	1788	2561
PB2|PP755596.1|A/cattle/Texas/24-008749-003/2024(H5N1)	1789	2414
PB2|PP755596.1|A/cattle/Texas/24-008749-003/2024(H5N1)	1790	2421
PB2|PP755596.1|A/cattle/Texas/24-008749-003/2024(H5N1)	1791	2413
PB2|PP755596.1|A/cattle/Texas/24-008749-003/2024(H5N1)	1792	2442
PB2|PP755596.1|A/cattle/Texas/24-008749-003/2024(H5N1)	1793	2381
PB2|PP755596.1|A/cattle/Texas/24-008749-003/2024(H5N1)	1794	2362
PB2|PP755596.1|A/cattle/Texas/24-008749-003/2024(H5N1)	1795	2392
PB2|PP755596.1|A/cattle/Texas/24-008749-003/2024(H5N1)	1796	2388
PB2|PP755596.1|A/cattle/Texas/24-008749-003/2024(H5N1)	1797	2413
PB2|PP755596.1|A/cattle/Texas/24-008749-003/2024(H5N1)	1798	2414
PB2|PP755596.1|A/cattle/Texas/24-008749-003/2024(H5N1)	1799	2422
PB2|PP755596.1|A/cattle/Texas/24-008749-003/2024(H5N1)	1800	2422
PB2|PP755596.1|A/cattle/Texas/24-008749-003/2024(H5N1)	1801	2420
PB2|PP755596.1|A/cattle/Texas/24-008749-003/2024(H5N1)	1802	2401
PB2|PP755596.1|A/cattle/Texas/24-008749-003/2024(H5N1)	1803	2402
PB2|PP755596.1|A/cattle/Texas/24-008749-003/2024(H5N1)	1804	2393
PB2|PP755596.1|A/cattle/Texas/24-008749-003/2024(H5N1)	1805	2384
PB2|PP755596.1|A/cattle/Texas/24-008749-003/2024(H5N1)	1806	2383
PB2|PP755596.1|A/cattle/Texas/24-008749-003/2024(H5N1)	1807	2383
PB2|PP755596.1|A/cattle/Texas/24-008749-003/2024(H5N1)	1808	2439
PB2|PP755596.1|A/cattle/Texas/24-008749-003/2024(H5N1)	1809	2439
PB2|PP755596.1|A/cattle/Texas/24-008749-003/2024(H5N1)	1810	2423
PB2|PP755596.1|A/cattle/Texas/24-008749-003/2024(H5N1)	1811	2435
PB2|PP755596.1|A/cattle/Texas/24-008749-003/2024(H5N1)	1812	2443
PB2|PP755596.1|A/cattle/Texas/24-008749-003/2024(H5N1)	1813	2446
PB2|PP755596.1|A/cattle/Texas/24-008749-003/2024(H5N1)	1814	2502
PB2|PP755596.1|A/cattle/Texas/24-008749-003/2024(H5N1)	1815	2497
PB2|PP755596.1|A/cattle/Texas/24-008749-003/2024(H5N1)	1816	2501
PB2|PP755596.1|A/cattle/Texas/24-008749-003/2024(H5N1)	1817	2493
PB2|PP755596.1|A/cattle/Texas/24-008749-003/2024(H5N1)	1818	2534
PB2|PP755596.1|A/cattle/Texas/24-008749-003/2024(H5N1)	1819	2515
PB2|PP755596.1|A/cattle/Texas/24-008749-003/2024(H5N1)	1820	2512
PB2|PP755596.1|A/cattle/Texas/24-008749-003/2024(H5N1)	1821	2527
PB2|PP755596.1|A/cattle/Texas/24-008749-003/2024(H5N1)	1822	2524
PB2|PP755596.1|A/cattle/Texas/24-008749-003/2024(H5N1)	1823	2534
PB2|PP755596.1|A/cattle/Texas/24-008749-003/2024(H5N1)	1824	2524
PB2|PP755596.1|A/cattle/Texas/24-008749-003/2024(H5N1)	1825	2537
PB2|PP755596.1|A/cattle/Texas/24-008749-003/2024(H5N1)	1826	2564
PB2|PP755596.1|A/cattle/Texas/24-008749-003/2024(H5N1)	1827	2653
PB2|PP755596.1|A/cattle/Texas/24-008749-003/2024(H5N1)	1828	2676
PB2|PP755596.1|A/cattle/Texas/24-008749-003/2024(H5N1)	1829	2675
PB2|PP755596.1|A/cattle/Texas/24-008749-003/2024(H5N1)	1830	2675
PB2|PP755596.1|A/cattle/Texas/24-008749-003/2024(H5N1)	1831	2676
PB2|PP755596.1|A/cattle/Texas/24-008749-003/2024(H5N1)	1832	2716
PB2|PP755596.1|A/cattle/Texas/24-008749-003/2024(H5N1)	1833	2716
PB2|PP755596.1|A/cattle/Texas/24-008749-003/2024(H5N1)	1834	2706
PB2|PP755596.1|A/cattle/Texas/24-008749-003/2024(H5N1)	1835	2726
PB2|PP755596.1|A/cattle/Texas/24-008749-003/2024(H5N1)	1836	2635
PB2|PP755596.1|A/cattle/Texas/24-008749-003/2024(H5N1)	1837	2719
PB2|PP755596.1|A/cattle/Texas/24-008749-003/2024(H5N1)	1838	2724
PB2|PP755596.1|A/cattle/Texas/24-008749-003/2024(H5N1)	1839	2756
PB2|PP755596.1|A/cattle/Texas/24-008749-003/2024(H5N1)	1840	2754
PB2|PP755596.1|A/cattle/Texas/24-008749-003/2024(H5N1)	1841	2741
PB2|PP755596.1|A/cattle/Texas/24-008749-003/2024(H5N1)	1842	2693
PB2|PP755596.1|A/cattle/Texas/24-008749-003/2024(H5N1)	1843	2723
PB2|PP755596.1|A/cattle/Texas/24-008749-003/2024(H5N1)	1844	2705
PB2|PP755596.1|A/cattle/Texas/24-008749-003/2024(H5N1)	1845	2701
PB2|PP755596.1|A/cattle/Texas/24-008749-003/2024(H5N1)	1846	2633
PB2|PP755596.1|A/cattle/Texas/24-008749-003/2024(H5N1)	1847	2639
PB2|PP755596.1|A/cattle/Texas/24-008749-003/2024(H5N1)	1848	2639
PB2|PP755596.1|A/cattle/Texas/24-008749-003/2024(H5N1)	1849	2668
PB2|PP755596.1|A/cattle/Texas/24-008749-003/2024(H5N1)	1850	2674
PB2|PP755596.1|A/cattle/Texas/24-008749-003/2024(H5N1)	1851	2661
PB2|PP755596.1|A/cattle/Texas/24-008749-003/2024(H5N1)	1852	2646
PB2|PP755596.1|A/cattle/Texas/24-008749-003/2024(H5N1)	1853	2601
PB2|PP755596.1|A/cattle/Texas/24-008749-003/2024(H5N1)	1854	2602
PB2|PP755596.1|A/cattle/Texas/24-008749-003/2024(H5N1)	1855	2600
PB2|PP755596.1|A/cattle/Texas/24-008749-003/2024(H5N1)	1856	2598
PB2|PP755596.1|A/cattle/Texas/24-008749-003/2024(H5N1)	1857	2708
PB2|PP755596.1|A/cattle/Texas/24-008749-003/2024(H5N1)	1858	2668
PB2|PP755596.1|A/cattle/Texas/24-008749-003/2024(H5N1)	1859	2732
PB2|PP755596.1|A/cattle/Texas/24-008749-003/2024(H5N1)	1860	2724
PB2|PP755596.1|A/cattle/Texas/24-008749-003/2024(H5N1)	1861	2684
PB2|PP755596.1|A/cattle/Texas/24-008749-003/2024(H5N1)	1862	2687
PB2|PP755596.1|A/cattle/Texas/24-008749-003/2024(H5N1)	1863	2687
PB2|PP755596.1|A/cattle/Texas/24-008749-003/2024(H5N1)	1864	2663
PB2|PP755596.1|A/cattle/Texas/24-008749-003/2024(H5N1)	1865	2674
PB2|PP755596.1|A/cattle/Texas/24-008749-003/2024(H5N1)	1866	2658
PB2|PP755596.1|A/cattle/Texas/24-008749-003/2024(H5N1)	1867	2661
PB2|PP755596.1|A/cattle/Texas/24-008749-003/2024(H5N1)	1868	2645
PB2|PP755596.1|A/cattle/Texas/24-008749-003/2024(H5N1)	1869	2647
PB2|PP755596.1|A/cattle/Texas/24-008749-003/2024(H5N1)	1870	2661
PB2|PP755596.1|A/cattle/Texas/24-008749-003/2024(H5N1)	1871	2681
PB2|PP755596.1|A/cattle/Texas/24-008749-003/2024(H5N1)	1872	2672
PB2|PP755596.1|A/cattle/Texas/24-008749-003/2024(H5N1)	1873	2684
PB2|PP755596.1|A/cattle/Texas/24-008749-003/2024(H5N1)	1874	2690
PB2|PP755596.1|A/cattle/Texas/24-008749-003/2024(H5N1)	1875	2694
PB2|PP755596.1|A/cattle/Texas/24-008749-003/2024(H5N1)	1876	2688
PB2|PP755596.1|A/cattle/Texas/24-008749-003/2024(H5N1)	1877	2690
PB2|PP755596.1|A/cattle/Texas/24-008749-003/2024(H5N1)	1878	2689
PB2|PP755596.1|A/cattle/Texas/24-008749-003/2024(H5N1)	1879	2732
PB2|PP755596.1|A/cattle/Texas/24-008749-003/2024(H5N1)	1880	2732
PB2|PP755596.1|A/cattle/Texas/24-008749-003/2024(H5N1)	1881	2749
PB2|PP755596.1|A/cattle/Texas/24-008749-003/2024(H5N1)	1882	2756
PB2|PP755596.1|A/cattle/Texas/24-008749-003/2024(H5N1)	1883	2776
PB2|PP755596.1|A/cattle/Texas/24-008749-003/2024(H5N1)	1884	2778
PB2|PP755596.1|A/cattle/Texas/24-008749-003/2024(H5N1)	1885	2770
PB2|PP755596.1|A/cattle/Texas/24-008749-003/2024(H5N1)	1886	2779
PB2|PP755596.1|A/cattle/Texas/24-008749-003/2024(H5N1)	1887	2823
PB2|PP755596.1|A/cattle/Texas/24-008749-003/2024(H5N1)	1888	2708
PB2|PP755596.1|A/cattle/Texas/24-008749-003/2024(H5N1)	1889	2700
PB2|PP755596.1|A/cattle/Texas/24-008749-003/2024(H5N1)	1890	2693
PB2|PP755596.1|A/cattle/Texas/24-008749-003/2024(H5N1)	1891	2744
PB2|PP755596.1|A/cattle/Texas/24-008749-003/2024(H5N1)	1892	2702
PB2|PP755596.1|A/cattle/Texas/24-008749-003/2024(H5N1)	1893	2711
PB2|PP755596.1|A/cattle/Texas/24-008749-003/2024(H5N1)	1894	2725
PB2|PP755596.1|A/cattle/Texas/24-008749-003/2024(H5N1)	1895	2718
PB2|PP755596.1|A/cattle/Texas/24-008749-003/2024(H5N1)	1896	2737
PB2|PP755596.1|A/cattle/Texas/24-008749-003/2024(H5N1)	1897	2735
PB2|PP755596.1|A/cattle/Texas/24-008749-003/2024(H5N1)	1898	2749
PB2|PP755596.1|A/cattle/Texas/24-008749-003/2024(H5N1)	1899	2743
PB2|PP755596.1|A/cattle/Texas/24-008749-003/2024(H5N1)	1900	2697
PB2|PP755596.1|A/cattle/Texas/24-008749-003/2024(H5N1)	1901	2725
PB2|PP755596.1|A/cattle/Texas/24-008749-003/2024(H5N1)	1902	2610
PB2|PP755596.1|A/cattle/Texas/24-008749-003/2024(H5N1)	1903	2575
PB2|PP755596.1|A/cattle/Texas/24-008749-003/2024(H5N1)	1904	2594
PB2|PP755596.1|A/cattle/Texas/24-008749-003/2024(H5N1)	1905	2580
PB2|PP755596.1|A/cattle/Texas/24-008749-003/2024(H5N1)	1906	2608
PB2|PP755596.1|A/cattle/Texas/24-008749-003/2024(H5N1)	1907	2600
PB2|PP755596.1|A/cattle/Texas/24-008749-003/2024(H5N1)	1908	2609
PB2|PP755596.1|A/cattle/Texas/24-008749-003/2024(H5N1)	1909	2645
PB2|PP755596.1|A/cattle/Texas/24-008749-003/2024(H5N1)	1910	2631
PB2|PP755596.1|A/cattle/Texas/24-008749-003/2024(H5N1)	1911	2684
PB2|PP755596.1|A/cattle/Texas/24-008749-003/2024(H5N1)	1912	2717
PB2|PP755596.1|A/cattle/Texas/24-008749-003/2024(H5N1)	1913	2708
PB2|PP755596.1|A/cattle/Texas/24-008749-003/2024(H5N1)	1914	2779
PB2|PP755596.1|A/cattle/Texas/24-008749-003/2024(H5N1)	1915	2780
PB2|PP755596.1|A/cattle/Texas/24-008749-003/2024(H5N1)	1916	2797
PB2|PP755596.1|A/cattle/Texas/24-008749-003/2024(H5N1)	1917	2779
PB2|PP755596.1|A/cattle/Texas/24-008749-003/2024(H5N1)	1918	2788
PB2|PP755596.1|A/cattle/Texas/24-008749-003/2024(H5N1)	1919	2593
PB2|PP755596.1|A/cattle/Texas/24-008749-003/2024(H5N1)	1920	2586
PB2|PP755596.1|A/cattle/Texas/24-008749-003/2024(H5N1)	1921	2545
PB2|PP755596.1|A/cattle/Texas/24-008749-003/2024(H5N1)	1922	2539
PB2|PP755596.1|A/cattle/Texas/24-008749-003/2024(H5N1)	1923	2461
PB2|PP755596.1|A/cattle/Texas/24-008749-003/2024(H5N1)	1924	2368
PB2|PP755596.1|A/cattle/Texas/24-008749-003/2024(H5N1)	1925	2438
PB2|PP755596.1|A/cattle/Texas/24-008749-003/2024(H5N1)	1926	2462
PB2|PP755596.1|A/cattle/Texas/24-008749-003/2024(H5N1)	1927	2457
PB2|PP755596.1|A/cattle/Texas/24-008749-003/2024(H5N1)	1928	2454
PB2|PP755596.1|A/cattle/Texas/24-008749-003/2024(H5N1)	1929	2451
PB2|PP755596.1|A/cattle/Texas/24-008749-003/2024(H5N1)	1930	2492
PB2|PP755596.1|A/cattle/Texas/24-008749-003/2024(H5N1)	1931	2480
PB2|PP755596.1|A/cattle/Texas/24-008749-003/2024(H5N1)	1932	2478
PB2|PP755596.1|A/cattle/Texas/24-008749-003/2024(H5N1)	1933	2468
PB2|PP755596.1|A/cattle/Texas/24-008749-003/2024(H5N1)	1934	2455
PB2|PP755596.1|A/cattle/Texas/24-008749-003/2024(H5N1)	1935	2457
PB2|PP755596.1|A/cattle/Texas/24-008749-003/2024(H5N1)	1936	2441
PB2|PP755596.1|A/cattle/Texas/24-008749-003/2024(H5N1)	1937	2454
PB2|PP755596.1|A/cattle/Texas/24-008749-003/2024(H5N1)	1938	2455
PB2|PP755596.1|A/cattle/Texas/24-008749-003/2024(H5N1)	1939	2449
PB2|PP755596.1|A/cattle/Texas/24-008749-003/2024(H5N1)	1940	2453
PB2|PP755596.1|A/cattle/Texas/24-008749-003/2024(H5N1)	1941	2467
PB2|PP755596.1|A/cattle/Texas/24-008749-003/2024(H5N1)	1942	2448
PB2|PP755596.1|A/cattle/Texas/24-008749-003/2024(H5N1)	1943	2406
PB2|PP755596.1|A/cattle/Texas/24-008749-003/2024(H5N1)	1944	2426
PB2|PP755596.1|A/cattle/Texas/24-008749-003/2024(H5N1)	1945	2428
PB2|PP755596.1|A/cattle/Texas/24-008749-003/2024(H5N1)	1946	2383
PB2|PP755596.1|A/cattle/Texas/24-008749-003/2024(H5N1)	1947	2383
PB2|PP755596.1|A/cattle/Texas/24-008749-003/2024(H5N1)	1948	2359
PB2|PP755596.1|A/cattle/Texas/24-008749-003/2024(H5N1)	1949	2363
PB2|PP755596.1|A/cattle/Texas/24-008749-003/2024(H5N1)	1950	2354
PB2|PP755596.1|A/cattle/Texas/24-008749-003/2024(H5N1)	1951	2356
PB2|PP755596.1|A/cattle/Texas/24-008749-003/2024(H5N1)	1952	2358
PB2|PP755596.1|A/cattle/Texas/24-008749-003/2024(H5N1)	1953	2352
PB2|PP755596.1|A/cattle/Texas/24-008749-003/2024(H5N1)	1954	2351
PB2|PP755596.1|A/cattle/Texas/24-008749-003/2024(H5N1)	1955	2436
PB2|PP755596.1|A/cattle/Texas/24-008749-003/2024(H5N1)	1956	2453
PB2|PP755596.1|A/cattle/Texas/24-008749-003/2024(H5N1)	1957	2456
PB2|PP755596.1|A/cattle/Texas/24-008749-003/2024(H5N1)	1958	2455
PB2|PP755596.1|A/cattle/Texas/24-008749-003/2024(H5N1)	1959	2436
PB2|PP755596.1|A/cattle/Texas/24-008749-003/2024(H5N1)	1960	2441
PB2|PP755596.1|A/cattle/Texas/24-008749-003/2024(H5N1)	1961	2436
PB2|PP755596.1|A/cattle/Texas/24-008749-003/2024(H5N1)	1962	2422
PB2|PP755596.1|A/cattle/Texas/24-008749-003/2024(H5N1)	1963	2442
PB2|PP755596.1|A/cattle/Texas/24-008749-003/2024(H5N1)	1964	2394
PB2|PP755596.1|A/cattle/Texas/24-008749-003/2024(H5N1)	1965	2417
PB2|PP755596.1|A/cattle/Texas/24-008749-003/2024(H5N1)	1966	2453
PB2|PP755596.1|A/cattle/Texas/24-008749-003/2024(H5N1)	1967	2451
PB2|PP755596.1|A/cattle/Texas/24-008749-003/2024(H5N1)	1968	2421
PB2|PP755596.1|A/cattle/Texas/24-008749-003/2024(H5N1)	1969	2418
PB2|PP755596.1|A/cattle/Texas/24-008749-003/2024(H5N1)	1970	2438
PB2|PP755596.1|A/cattle/Texas/24-008749-003/2024(H5N1)	1971	2440
PB2|PP755596.1|A/cattle/Texas/24-008749-003/2024(H5N1)	1972	2777
PB2|PP755596.1|A/cattle/Texas/24-008749-003/2024(H5N1)	1973	2775
PB2|PP755596.1|A/cattle/Texas/24-008749-003/2024(H5N1)	1974	2788
PB2|PP755596.1|A/cattle/Texas/24-008749-003/2024(H5N1)	1975	2784
PB2|PP755596.1|A/cattle/Texas/24-008749-003/2024(H5N1)	1976	2766
PB2|PP755596.1|A/cattle/Texas/24-008749-003/2024(H5N1)	1977	2699
PB2|PP755596.1|A/cattle/Texas/24-008749-003/2024(H5N1)	1978	2686
PB2|PP755596.1|A/cattle/Texas/24-008749-003/2024(H5N1)	1979	2669
PB2|PP755596.1|A/cattle/Texas/24-008749-003/2024(H5N1)	1980	2676
PB2|PP755596.1|A/cattle/Texas/24-008749-003/2024(H5N1)	1981	2694
PB2|PP755596.1|A/cattle/Texas/24-008749-003/2024(H5N1)	1982	2733
PB2|PP755596.1|A/cattle/Texas/24-008749-003/2024(H5N1)	1983	2701
PB2|PP755596.1|A/cattle/Texas/24-008749-003/2024(H5N1)	1984	2725
PB2|PP755596.1|A/cattle/Texas/24-008749-003/2024(H5N1)	1985	2715
PB2|PP755596.1|A/cattle/Texas/24-008749-003/2024(H5N1)	1986	2714
PB2|PP755596.1|A/cattle/Texas/24-008749-003/2024(H5N1)	1987	2831
PB2|PP755596.1|A/cattle/Texas/24-008749-003/2024(H5N1)	1988	2753
PB2|PP755596.1|A/cattle/Texas/24-008749-003/2024(H5N1)	1989	2764
PB2|PP755596.1|A/cattle/Texas/24-008749-003/2024(H5N1)	1990	2726
PB2|PP755596.1|A/cattle/Texas/24-008749-003/2024(H5N1)	1991	2766
PB2|PP755596.1|A/cattle/Texas/24-008749-003/2024(H5N1)	1992	2781
PB2|PP755596.1|A/cattle/Texas/24-008749-003/2024(H5N1)	1993	2738
PB2|PP755596.1|A/cattle/Texas/24-008749-003/2024(H5N1)	1994	2741
PB2|PP755596.1|A/cattle/Texas/24-008749-003/2024(H5N1)	1995	2745
PB2|PP755596.1|A/cattle/Texas/24-008749-003/2024(H5N1)	1996	2741
PB2|PP755596.1|A/cattle/Texas/24-008749-003/2024(H5N1)	1997	2745
PB2|PP755596.1|A/cattle/Texas/24-008749-003/2024(H5N1)	1998	2737
PB2|PP755596.1|A/cattle/Texas/24-008749-003/2024(H5N1)	1999	2851
PB2|PP755596.1|A/cattle/Texas/24-008749-003/2024(H5N1)	2000	2838
PB2|PP755596.1|A/cattle/Texas/24-008749-003/2024(H5N1)	2001	2869
PB2|PP755596.1|A/cattle/Texas/24-008749-003/2024(H5N1)	2002	2849
PB2|PP755596.1|A/cattle/Texas/24-008749-003/2024(H5N1)	2003	2845
PB2|PP755596.1|A/cattle/Texas/24-008749-003/2024(H5N1)	2004	2844
PB2|PP755596.1|A/cattle/Texas/24-008749-003/2024(H5N1)	2005	2842
PB2|PP755596.1|A/cattle/Texas/24-008749-003/2024(H5N1)	2006	2850
PB2|PP755596.1|A/cattle/Texas/24-008749-003/2024(H5N1)	2007	2854
PB2|PP755596.1|A/cattle/Texas/24-008749-003/2024(H5N1)	2008	2739
PB2|PP755596.1|A/cattle/Texas/24-008749-003/2024(H5N1)	2009	2740
PB2|PP755596.1|A/cattle/Texas/24-008749-003/2024(H5N1)	2010	2707
PB2|PP755596.1|A/cattle/Texas/24-008749-003/2024(H5N1)	2011	2718
PB2|PP755596.1|A/cattle/Texas/24-008749-003/2024(H5N1)	2012	2759
PB2|PP755596.1|A/cattle/Texas/24-008749-003/2024(H5N1)	2013	2768
PB2|PP755596.1|A/cattle/Texas/24-008749-003/2024(H5N1)	2014	2768
PB2|PP755596.1|A/cattle/Texas/24-008749-003/2024(H5N1)	2015	2783
PB2|PP755596.1|A/cattle/Texas/24-008749-003/2024(H5N1)	2016	2779
PB2|PP755596.1|A/cattle/Texas/24-008749-003/2024(H5N1)	2017	2794
PB2|PP755596.1|A/cattle/Texas/24-008749-003/2024(H5N1)	2018	2804
PB2|PP755596.1|A/cattle/Texas/24-008749-003/2024(H5N1)	2019	2793
PB2|PP755596.1|A/cattle/Texas/24-008749-003/2024(H5N1)	2020	2795
PB2|PP755596.1|A/cattle/Texas/24-008749-003/2024(H5N1)	2021	2797
PB2|PP755596.1|A/cattle/Texas/24-008749-003/2024(H5N1)	2022	2789
PB2|PP755596.1|A/cattle/Texas/24-008749-003/2024(H5N1)	2023	2797
PB2|PP755596.1|A/cattle/Texas/24-008749-003/2024(H5N1)	2024	2770
PB2|PP755596.1|A/cattle/Texas/24-008749-003/2024(H5N1)	2025	2774
PB2|PP755596.1|A/cattle/Texas/24-008749-003/2024(H5N1)	2026	2769
PB2|PP755596.1|A/cattle/Texas/24-008749-003/2024(H5N1)	2027	2765
PB2|PP755596.1|A/cattle/Texas/24-008749-003/2024(H5N1)	2028	2778
PB2|PP755596.1|A/cattle/Texas/24-008749-003/2024(H5N1)	2029	2765
PB2|PP755596.1|A/cattle/Texas/24-008749-003/2024(H5N1)	2030	2714
PB2|PP755596.1|A/cattle/Texas/24-008749-003/2024(H5N1)	2031	2714
PB2|PP755596.1|A/cattle/Texas/24-008749-003/2024(H5N1)	2032	2705
PB2|PP755596.1|A/cattle/Texas/24-008749-003/2024(H5N1)	2033	2732
PB2|PP755596.1|A/cattle/Texas/24-008749-003/2024(H5N1)	2034	2698
PB2|PP755596.1|A/cattle/Texas/24-008749-003/2024(H5N1)	2035	2696
PB2|PP755596.1|A/cattle/Texas/24-008749-003/2024(H5N1)	2036	2667
PB2|PP755596.1|A/cattle/Texas/24-008749-003/2024(H5N1)	2037	2634
PB2|PP755596.1|A/cattle/Texas/24-008749-003/2024(H5N1)	2038	2671
PB2|PP755596.1|A/cattle/Texas/24-008749-003/2024(H5N1)	2039	2789
PB2|PP755596.1|A/cattle/Texas/24-008749-003/2024(H5N1)	2040	2794
PB2|PP755596.1|A/cattle/Texas/24-008749-003/2024(H5N1)	2041	2783
PB2|PP755596.1|A/cattle/Texas/24-008749-003/2024(H5N1)	2042	2732
PB2|PP755596.1|A/cattle/Texas/24-008749-003/2024(H5N1)	2043	2740
PB2|PP755596.1|A/cattle/Texas/24-008749-003/2024(H5N1)	2044	2734
PB2|PP755596.1|A/cattle/Texas/24-008749-003/2024(H5N1)	2045	2738
PB2|PP755596.1|A/cattle/Texas/24-008749-003/2024(H5N1)	2046	2763
PB2|PP755596.1|A/cattle/Texas/24-008749-003/2024(H5N1)	2047	2723
PB2|PP755596.1|A/cattle/Texas/24-008749-003/2024(H5N1)	2048	2743
PB2|PP755596.1|A/cattle/Texas/24-008749-003/2024(H5N1)	2049	2741
PB2|PP755596.1|A/cattle/Texas/24-008749-003/2024(H5N1)	2050	2764
PB2|PP755596.1|A/cattle/Texas/24-008749-003/2024(H5N1)	2051	2773
PB2|PP755596.1|A/cattle/Texas/24-008749-003/2024(H5N1)	2052	2800
PB2|PP755596.1|A/cattle/Texas/24-008749-003/2024(H5N1)	2053	2832
PB2|PP755596.1|A/cattle/Texas/24-008749-003/2024(H5N1)	2054	2838
PB2|PP755596.1|A/cattle/Texas/24-008749-003/2024(H5N1)	2055	2828
PB2|PP755596.1|A/cattle/Texas/24-008749-003/2024(H5N1)	2056	2829
PB2|PP755596.1|A/cattle/Texas/24-008749-003/2024(H5N1)	2057	2795
PB2|PP755596.1|A/cattle/Texas/24-008749-003/2024(H5N1)	2058	2802
PB2|PP755596.1|A/cattle/Texas/24-008749-003/2024(H5N1)	2059	2789
PB2|PP755596.1|A/cattle/Texas/24-008749-003/2024(H5N1)	2060	2764
PB2|PP755596.1|A/cattle/Texas/24-008749-003/2024(H5N1)	2061	2751
PB2|PP755596.1|A/cattle/Texas/24-008749-003/2024(H5N1)	2062	2688
PB2|PP755596.1|A/cattle/Texas/24-008749-003/2024(H5N1)	2063	2555
PB2|PP755596.1|A/cattle/Texas/24-008749-003/2024(H5N1)	2064	2550
PB2|PP755596.1|A/cattle/Texas/24-008749-003/2024(H5N1)	2065	2539
PB2|PP755596.1|A/cattle/Texas/24-008749-003/2024(H5N1)	2066	2537
PB2|PP755596.1|A/cattle/Texas/24-008749-003/2024(H5N1)	2067	2525
PB2|PP755596.1|A/cattle/Texas/24-008749-003/2024(H5N1)	2068	2587
PB2|PP755596.1|A/cattle/Texas/24-008749-003/2024(H5N1)	2069	2575
PB2|PP755596.1|A/cattle/Texas/24-008749-003/2024(H5N1)	2070	2597
PB2|PP755596.1|A/cattle/Texas/24-008749-003/2024(H5N1)	2071	2598
PB2|PP755596.1|A/cattle/Texas/24-008749-003/2024(H5N1)	2072	2591
PB2|PP755596.1|A/cattle/Texas/24-008749-003/2024(H5N1)	2073	2584
PB2|PP755596.1|A/cattle/Texas/24-008749-003/2024(H5N1)	2074	2580
PB2|PP755596.1|A/cattle/Texas/24-008749-003/2024(H5N1)	2075	2576
PB2|PP755596.1|A/cattle/Texas/24-008749-003/2024(H5N1)	2076	2516
PB2|PP755596.1|A/cattle/Texas/24-008749-003/2024(H5N1)	2077	2482
PB2|PP755596.1|A/cattle/Texas/24-008749-003/2024(H5N1)	2078	2477
PB2|PP755596.1|A/cattle/Texas/24-008749-003/2024(H5N1)	2079	2508
PB2|PP755596.1|A/cattle/Texas/24-008749-003/2024(H5N1)	2080	2667
PB2|PP755596.1|A/cattle/Texas/24-008749-003/2024(H5N1)	2081	2643
PB2|PP755596.1|A/cattle/Texas/24-008749-003/2024(H5N1)	2082	2658
PB2|PP755596.1|A/cattle/Texas/24-008749-003/2024(H5N1)	2083	2630
PB2|PP755596.1|A/cattle/Texas/24-008749-003/2024(H5N1)	2084	2631
PB2|PP755596.1|A/cattle/Texas/24-008749-003/2024(H5N1)	2085	2630
PB2|PP755596.1|A/cattle/Texas/24-008749-003/2024(H5N1)	2086	2635
PB2|PP755596.1|A/cattle/Texas/24-008749-003/2024(H5N1)	2087	2632
PB2|PP755596.1|A/cattle/Texas/24-008749-003/2024(H5N1)	2088	2681
PB2|PP755596.1|A/cattle/Texas/24-008749-003/2024(H5N1)	2089	2683
PB2|PP755596.1|A/cattle/Texas/24-008749-003/2024(H5N1)	2090	2666
PB2|PP755596.1|A/cattle/Texas/24-008749-003/2024(H5N1)	2091	2663
PB2|PP755596.1|A/cattle/Texas/24-008749-003/2024(H5N1)	2092	2650
PB2|PP755596.1|A/cattle/Texas/24-008749-003/2024(H5N1)	2093	2652
PB2|PP755596.1|A/cattle/Texas/24-008749-003/2024(H5N1)	2094	2637
PB2|PP755596.1|A/cattle/Texas/24-008749-003/2024(H5N1)	2095	2629
PB2|PP755596.1|A/cattle/Texas/24-008749-003/2024(H5N1)	2096	2682
PB2|PP755596.1|A/cattle/Texas/24-008749-003/2024(H5N1)	2097	2681
PB2|PP755596.1|A/cattle/Texas/24-008749-003/2024(H5N1)	2098	2702
PB2|PP755596.1|A/cattle/Texas/24-008749-003/2024(H5N1)	2099	2759
PB2|PP755596.1|A/cattle/Texas/24-008749-003/2024(H5N1)	2100	2756
PB2|PP755596.1|A/cattle/Texas/24-008749-003/2024(H5N1)	2101	2761
PB2|PP755596.1|A/cattle/Texas/24-008749-003/2024(H5N1)	2102	2762
PB2|PP755596.1|A/cattle/Texas/24-008749-003/2024(H5N1)	2103	2765
PB2|PP755596.1|A/cattle/Texas/24-008749-003/2024(H5N1)	2104	2764
PB2|PP755596.1|A/cattle/Texas/24-008749-003/2024(H5N1)	2105	2761
PB2|PP755596.1|A/cattle/Texas/24-008749-003/2024(H5N1)	2106	2690
PB2|PP755596.1|A/cattle/Texas/24-008749-003/2024(H5N1)	2107	2692
PB2|PP755596.1|A/cattle/Texas/24-008749-003/2024(H5N1)	2108	2700
PB2|PP755596.1|A/cattle/Texas/24-008749-003/2024(H5N1)	2109	2699
PB2|PP755596.1|A/cattle/Texas/24-008749-003/2024(H5N1)	2110	2689
PB2|PP755596.1|A/cattle/Texas/24-008749-003/2024(H5N1)	2111	2682
PB2|PP755596.1|A/cattle/Texas/24-008749-003/2024(H5N1)	2112	2672
PB2|PP755596.1|A/cattle/Texas/24-008749-003/2024(H5N1)	2113	2674
PB2|PP755596.1|A/cattle/Texas/24-008749-003/2024(H5N1)	2114	2868
PB2|PP755596.1|A/cattle/Texas/24-008749-003/2024(H5N1)	2115	2842
PB2|PP755596.1|A/cattle/Texas/24-008749-003/2024(H5N1)	2116	2821
PB2|PP755596.1|A/cattle/Texas/24-008749-003/2024(H5N1)	2117	2810
PB2|PP755596.1|A/cattle/Texas/24-008749-003/2024(H5N1)	2118	2778
PB2|PP755596.1|A/cattle/Texas/24-008749-003/2024(H5N1)	2119	2803
PB2|PP755596.1|A/cattle/Texas/24-008749-003/2024(H5N1)	2120	2789
PB2|PP755596.1|A/cattle/Texas/24-008749-003/2024(H5N1)	2121	2787
PB2|PP755596.1|A/cattle/Texas/24-008749-003/2024(H5N1)	2122	2761
PB2|PP755596.1|A/cattle/Texas/24-008749-003/2024(H5N1)	2123	2376
PB2|PP755596.1|A/cattle/Texas/24-008749-003/2024(H5N1)	2124	2400
PB2|PP755596.1|A/cattle/Texas/24-008749-003/2024(H5N1)	2125	2399
PB2|PP755596.1|A/cattle/Texas/24-008749-003/2024(H5N1)	2126	2408
PB2|PP755596.1|A/cattle/Texas/24-008749-003/2024(H5N1)	2127	2431
PB2|PP755596.1|A/cattle/Texas/24-008749-003/2024(H5N1)	2128	2388
PB2|PP755596.1|A/cattle/Texas/24-008749-003/2024(H5N1)	2129	2430
PB2|PP755596.1|A/cattle/Texas/24-008749-003/2024(H5N1)	2130	2432
PB2|PP755596.1|A/cattle/Texas/24-008749-003/2024(H5N1)	2131	2429
PB2|PP755596.1|A/cattle/Texas/24-008749-003/2024(H5N1)	2132	2434
PB2|PP755596.1|A/cattle/Texas/24-008749-003/2024(H5N1)	2133	2409
PB2|PP755596.1|A/cattle/Texas/24-008749-003/2024(H5N1)	2134	2412
PB2|PP755596.1|A/cattle/Texas/24-008749-003/2024(H5N1)	2135	2390
PB2|PP755596.1|A/cattle/Texas/24-008749-003/2024(H5N1)	2136	2386
PB2|PP755596.1|A/cattle/Texas/24-008749-003/2024(H5N1)	2137	2377
PB2|PP755596.1|A/cattle/Texas/24-008749-003/2024(H5N1)	2138	2502
PB2|PP755596.1|A/cattle/Texas/24-008749-003/2024(H5N1)	2139	2510
PB2|PP755596.1|A/cattle/Texas/24-008749-003/2024(H5N1)	2140	2514
PB2|PP755596.1|A/cattle/Texas/24-008749-003/2024(H5N1)	2141	2514
PB2|PP755596.1|A/cattle/Texas/24-008749-003/2024(H5N1)	2142	2468
PB2|PP755596.1|A/cattle/Texas/24-008749-003/2024(H5N1)	2143	2456
PB2|PP755596.1|A/cattle/Texas/24-008749-003/2024(H5N1)	2144	2465
PB2|PP755596.1|A/cattle/Texas/24-008749-003/2024(H5N1)	2145	2454
PB2|PP755596.1|A/cattle/Texas/24-008749-003/2024(H5N1)	2146	2452
PB2|PP755596.1|A/cattle/Texas/24-008749-003/2024(H5N1)	2147	2452
PB2|PP755596.1|A/cattle/Texas/24-008749-003/2024(H5N1)	2148	2428
PB2|PP755596.1|A/cattle/Texas/24-008749-003/2024(H5N1)	2149	2456
PB2|PP755596.1|A/cattle/Texas/24-008749-003/2024(H5N1)	2150	2364
PB2|PP755596.1|A/cattle/Texas/24-008749-003/2024(H5N1)	2151	2360
PB2|PP755596.1|A/cattle/Texas/24-008749-003/2024(H5N1)	2152	2330
PB2|PP755596.1|A/cattle/Texas/24-008749-003/2024(H5N1)	2153	2323
PB2|PP755596.1|A/cattle/Texas/24-008749-003/2024(H5N1)	2154	2323
PB2|PP755596.1|A/cattle/Texas/24-008749-003/2024(H5N1)	2155	2332
PB2|PP755596.1|A/cattle/Texas/24-008749-003/2024(H5N1)	2156	2333
PB2|PP755596.1|A/cattle/Texas/24-008749-003/2024(H5N1)	2157	2312
PB2|PP755596.1|A/cattle/Texas/24-008749-003/2024(H5N1)	2158	2317
PB2|PP755596.1|A/cattle/Texas/24-008749-003/2024(H5N1)	2159	2319
PB2|PP755596.1|A/cattle/Texas/24-008749-003/2024(H5N1)	2160	2317
PB2|PP755596.1|A/cattle/Texas/24-008749-003/2024(H5N1)	2161	2345
PB2|PP755596.1|A/cattle/Texas/24-008749-003/2024(H5N1)	2162	2338
PB2|PP755596.1|A/cattle/Texas/24-008749-003/2024(H5N1)	2163	2322
PB2|PP755596.1|A/cattle/Texas/24-008749-003/2024(H5N1)	2164	2632
PB2|PP755596.1|A/cattle/Texas/24-008749-003/2024(H5N1)	2165	2651
PB2|PP755596.1|A/cattle/Texas/24-008749-003/2024(H5N1)	2166	2647
PB2|PP755596.1|A/cattle/Texas/24-008749-003/2024(H5N1)	2167	2645
PB2|PP755596.1|A/cattle/Texas/24-008749-003/2024(H5N1)	2168	2668
PB2|PP755596.1|A/cattle/Texas/24-008749-003/2024(H5N1)	2169	2662
PB2|PP755596.1|A/cattle/Texas/24-008749-003/2024(H5N1)	2170	2668
PB2|PP755596.1|A/cattle/Texas/24-008749-003/2024(H5N1)	2171	2633
PB2|PP755596.1|A/cattle/Texas/24-008749-003/2024(H5N1)	2172	2619
PB2|PP755596.1|A/cattle/Texas/24-008749-003/2024(H5N1)	2173	2619
PB2|PP755596.1|A/cattle/Texas/24-008749-003/2024(H5N1)	2174	2607
PB2|PP755596.1|A/cattle/Texas/24-008749-003/2024(H5N1)	2175	2606
PB2|PP755596.1|A/cattle/Texas/24-008749-003/2024(H5N1)	2176	2594
PB2|PP755596.1|A/cattle/Texas/24-008749-003/2024(H5N1)	2177	2593
PB2|PP755596.1|A/cattle/Texas/24-008749-003/2024(H5N1)	2178	2589
PB2|PP755596.1|A/cattle/Texas/24-008749-003/2024(H5N1)	2179	2589
PB2|PP755596.1|A/cattle/Texas/24-008749-003/2024(H5N1)	2180	2613
PB2|PP755596.1|A/cattle/Texas/24-008749-003/2024(H5N1)	2181	2613
PB2|PP755596.1|A/cattle/Texas/24-008749-003/2024(H5N1)	2182	2604
PB2|PP755596.1|A/cattle/Texas/24-008749-003/2024(H5N1)	2183	2606
PB2|PP755596.1|A/cattle/Texas/24-008749-003/2024(H5N1)	2184	2579
PB2|PP755596.1|A/cattle/Texas/24-008749-003/2024(H5N1)	2185	2579
PB2|PP755596.1|A/cattle/Texas/24-008749-003/2024(H5N1)	2186	2586
PB2|PP755596.1|A/cattle/Texas/24-008749-003/2024(H5N1)	2187	2586
PB2|PP755596.1|A/cattle/Texas/24-008749-003/2024(H5N1)	2188	2548
PB2|PP755596.1|A/cattle/Texas/24-008749-003/2024(H5N1)	2189	2440
PB2|PP755596.1|A/cattle/Texas/24-008749-003/2024(H5N1)	2190	2429
PB2|PP755596.1|A/cattle/Texas/24-008749-003/2024(H5N1)	2191	2427
PB2|PP755596.1|A/cattle/Texas/24-008749-003/2024(H5N1)	2192	2428
PB2|PP755596.1|A/cattle/Texas/24-008749-003/2024(H5N1)	2193	2425
PB2|PP755596.1|A/cattle/Texas/24-008749-003/2024(H5N1)	2194	2423
PB2|PP755596.1|A/cattle/Texas/24-008749-003/2024(H5N1)	2195	2394
PB2|PP755596.1|A/cattle/Texas/24-008749-003/2024(H5N1)	2196	2391
PB2|PP755596.1|A/cattle/Texas/24-008749-003/2024(H5N1)	2197	2355
PB2|PP755596.1|A/cattle/Texas/24-008749-003/2024(H5N1)	2198	2352
PB2|PP755596.1|A/cattle/Texas/24-008749-003/2024(H5N1)	2199	2321
PB2|PP755596.1|A/cattle/Texas/24-008749-003/2024(H5N1)	2200	2318
PB2|PP755596.1|A/cattle/Texas/24-008749-003/2024(H5N1)	2201	2288
PB2|PP755596.1|A/cattle/Texas/24-008749-003/2024(H5N1)	2202	2276
PB2|PP755596.1|A/cattle/Texas/24-008749-003/2024(H5N1)	2203	2225
PB2|PP755596.1|A/cattle/Texas/24-008749-003/2024(H5N1)	2204	2181
PB2|PP755596.1|A/cattle/Texas/24-008749-003/2024(H5N1)	2205	2172
PB2|PP755596.1|A/cattle/Texas/24-008749-003/2024(H5N1)	2206	2170
PB2|PP755596.1|A/cattle/Texas/24-008749-003/2024(H5N1)	2207	2169
PB2|PP755596.1|A/cattle/Texas/24-008749-003/2024(H5N1)	2208	2160
PB2|PP755596.1|A/cattle/Texas/24-008749-003/2024(H5N1)	2209	2149
PB2|PP755596.1|A/cattle/Texas/24-008749-003/2024(H5N1)	2210	2150
PB2|PP755596.1|A/cattle/Texas/24-008749-003/2024(H5N1)	2211	2138
PB2|PP755596.1|A/cattle/Texas/24-008749-003/2024(H5N1)	2212	2133
PB2|PP755596.1|A/cattle/Texas/24-008749-003/2024(H5N1)	2213	2132
PB2|PP755596.1|A/cattle/Texas/24-008749-003/2024(H5N1)	2214	2129
PB2|PP755596.1|A/cattle/Texas/24-008749-003/2024(H5N1)	2215	2127
PB2|PP755596.1|A/cattle/Texas/24-008749-003/2024(H5N1)	2216	2119
PB2|PP755596.1|A/cattle/Texas/24-008749-003/2024(H5N1)	2217	2126
PB2|PP755596.1|A/cattle/Texas/24-008749-003/2024(H5N1)	2218	2125
PB2|PP755596.1|A/cattle/Texas/24-008749-003/2024(H5N1)	2219	2066
PB2|PP755596.1|A/cattle/Texas/24-008749-003/2024(H5N1)	2220	2061
PB2|PP755596.1|A/cattle/Texas/24-008749-003/2024(H5N1)	2221	2037
PB2|PP755596.1|A/cattle/Texas/24-008749-003/2024(H5N1)	2222	2056
PB2|PP755596.1|A/cattle/Texas/24-008749-003/2024(H5N1)	2223	2055
PB2|PP755596.1|A/cattle/Texas/24-008749-003/2024(H5N1)	2224	2051
PB2|PP755596.1|A/cattle/Texas/24-008749-003/2024(H5N1)	2225	2050
PB2|PP755596.1|A/cattle/Texas/24-008749-003/2024(H5N1)	2226	2027
PB2|PP755596.1|A/cattle/Texas/24-008749-003/2024(H5N1)	2227	2026
PB2|PP755596.1|A/cattle/Texas/24-008749-003/2024(H5N1)	2228	2017
PB2|PP755596.1|A/cattle/Texas/24-008749-003/2024(H5N1)	2229	1975
PB2|PP755596.1|A/cattle/Texas/24-008749-003/2024(H5N1)	2230	1975
PB2|PP755596.1|A/cattle/Texas/24-008749-003/2024(H5N1)	2231	1780
PB2|PP755596.1|A/cattle/Texas/24-008749-003/2024(H5N1)	2232	1777
PB2|PP755596.1|A/cattle/Texas/24-008749-003/2024(H5N1)	2233	1753
PB2|PP755596.1|A/cattle/Texas/24-008749-003/2024(H5N1)	2234	1748
PB2|PP755596.1|A/cattle/Texas/24-008749-003/2024(H5N1)	2235	1740
PB2|PP755596.1|A/cattle/Texas/24-008749-003/2024(H5N1)	2236	1740
PB2|PP755596.1|A/cattle/Texas/24-008749-003/2024(H5N1)	2237	1716
PB2|PP755596.1|A/cattle/Texas/24-008749-003/2024(H5N1)	2238	1720
PB2|PP755596.1|A/cattle/Texas/24-008749-003/2024(H5N1)	2239	1646
PB2|PP755596.1|A/cattle/Texas/24-008749-003/2024(H5N1)	2240	1650
PB2|PP755596.1|A/cattle/Texas/24-008749-003/2024(H5N1)	2241	1650
PB2|PP755596.1|A/cattle/Texas/24-008749-003/2024(H5N1)	2242	1651
PB2|PP755596.1|A/cattle/Texas/24-008749-003/2024(H5N1)	2243	1645
PB2|PP755596.1|A/cattle/Texas/24-008749-003/2024(H5N1)	2244	1645
PB2|PP755596.1|A/cattle/Texas/24-008749-003/2024(H5N1)	2245	1639
PB2|PP755596.1|A/cattle/Texas/24-008749-003/2024(H5N1)	2246	1636
PB2|PP755596.1|A/cattle/Texas/24-008749-003/2024(H5N1)	2247	1580
PB2|PP755596.1|A/cattle/Texas/24-008749-003/2024(H5N1)	2248	1580
PB2|PP755596.1|A/cattle/Texas/24-008749-003/2024(H5N1)	2249	1479
PB2|PP755596.1|A/cattle/Texas/24-008749-003/2024(H5N1)	2250	1481
PB2|PP755596.1|A/cattle/Texas/24-008749-003/2024(H5N1)	2251	1474
PB2|PP755596.1|A/cattle/Texas/24-008749-003/2024(H5N1)	2252	1472
PB2|PP755596.1|A/cattle/Texas/24-008749-003/2024(H5N1)	2253	1464
PB2|PP755596.1|A/cattle/Texas/24-008749-003/2024(H5N1)	2254	1463
PB2|PP755596.1|A/cattle/Texas/24-008749-003/2024(H5N1)	2255	1459
PB2|PP755596.1|A/cattle/Texas/24-008749-003/2024(H5N1)	2256	1458
PB2|PP755596.1|A/cattle/Texas/24-008749-003/2024(H5N1)	2257	1455
PB2|PP755596.1|A/cattle/Texas/24-008749-003/2024(H5N1)	2258	1444
PB2|PP755596.1|A/cattle/Texas/24-008749-003/2024(H5N1)	2259	1424
PB2|PP755596.1|A/cattle/Texas/24-008749-003/2024(H5N1)	2260	1416
PB2|PP755596.1|A/cattle/Texas/24-008749-003/2024(H5N1)	2261	1416
PB2|PP755596.1|A/cattle/Texas/24-008749-003/2024(H5N1)	2262	1416
PB2|PP755596.1|A/cattle/Texas/24-008749-003/2024(H5N1)	2263	1414
PB2|PP755596.1|A/cattle/Texas/24-008749-003/2024(H5N1)	2264	1394
PB2|PP755596.1|A/cattle/Texas/24-008749-003/2024(H5N1)	2265	1248
PB2|PP755596.1|A/cattle/Texas/24-008749-003/2024(H5N1)	2266	1248
PB2|PP755596.1|A/cattle/Texas/24-008749-003/2024(H5N1)	2267	1231
PB2|PP755596.1|A/cattle/Texas/24-008749-003/2024(H5N1)	2268	1231
PB2|PP755596.1|A/cattle/Texas/24-008749-003/2024(H5N1)	2269	1230
PB2|PP755596.1|A/cattle/Texas/24-008749-003/2024(H5N1)	2270	1201
PB2|PP755596.1|A/cattle/Texas/24-008749-003/2024(H5N1)	2271	1201
PB2|PP755596.1|A/cattle/Texas/24-008749-003/2024(H5N1)	2272	1198
PB2|PP755596.1|A/cattle/Texas/24-008749-003/2024(H5N1)	2273	1197
PB2|PP755596.1|A/cattle/Texas/24-008749-003/2024(H5N1)	2274	1179
PB2|PP755596.1|A/cattle/Texas/24-008749-003/2024(H5N1)	2275	1179
PB2|PP755596.1|A/cattle/Texas/24-008749-003/2024(H5N1)	2276	1178
PB2|PP755596.1|A/cattle/Texas/24-008749-003/2024(H5N1)	2277	1158
PB2|PP755596.1|A/cattle/Texas/24-008749-003/2024(H5N1)	2278	1130
PB2|PP755596.1|A/cattle/Texas/24-008749-003/2024(H5N1)	2279	1086
PB2|PP755596.1|A/cattle/Texas/24-008749-003/2024(H5N1)	2280	1058
