NP|PP755592.1|A/cattle/Texas/24-008749-003/2024(H5N1)	1	721
NP|PP755592.1|A/cattle/Texas/24-008749-003/2024(H5N1)	2	722
NP|PP755592.1|A/cattle/Texas/24-008749-003/2024(H5N1)	3	724
NP|PP755592.1|A/cattle/Texas/24-008749-003/2024(H5N1)	4	732
NP|PP755592.1|A/cattle/Texas/24-008749-003/2024(H5N1)	5	737
NP|PP755592.1|A/cattle/Texas/24-008749-003/2024(H5N1)	6	740
NP|PP755592.1|A/cattle/Texas/24-008749-003/2024(H5N1)	7	763
NP|PP755592.1|A/cattle/Texas/24-008749-003/2024(H5N1)	8	767
NP|PP755592.1|A/cattle/Texas/24-008749-003/2024(H5N1)	9	768
NP|PP755592.1|A/cattle/Texas/24-008749-003/2024(H5N1)	10	770
NP|PP755592.1|A/cattle/Texas/24-008749-003/2024(H5N1)	11	772
NP|PP755592.1|A/cattle/Texas/24-008749-003/2024(H5N1)	12	774
NP|PP755592.1|A/cattle/Texas/24-008749-003/2024(H5N1)	13	775
NP|PP755592.1|A/cattle/Texas/24-008749-003/2024(H5N1)	14	806
NP|PP755592.1|A/cattle/Texas/24-008749-003/2024(H5N1)	15	808
NP|PP755592.1|A/cattle/Texas/24-008749-003/2024(H5N1)	16	828
NP|PP755592.1|A/cattle/Texas/24-008749-003/2024(H5N1)	17	839
NP|PP755592.1|A/cattle/Texas/24-008749-003/2024(H5N1)	18	842
NP|PP755592.1|A/cattle/Texas/24-008749-003/2024(H5N1)	19	846
NP|PP755592.1|A/cattle/Texas/24-008749-003/2024(H5N1)	20	849
NP|PP755592.1|A/cattle/Texas/24-008749-003/2024(H5N1)	21	849
NP|PP755592.1|A/cattle/Texas/24-008749-003/2024(H5N1)	22	852
NP|PP755592.1|A/cattle/Texas/24-008749-003/2024(H5N1)	23	852
NP|PP755592.1|A/cattle/Texas/24-008749-003/2024(H5N1)	24	869
NP|PP755592.1|A/cattle/Texas/24-008749-003/2024(H5N1)	25	869
NP|PP755592.1|A/cattle/Texas/24-008749-003/2024(H5N1)	26	929
NP|PP755592.1|A/cattle/Texas/24-008749-003/2024(H5N1)	27	956
NP|PP755592.1|A/cattle/Texas/24-008749-003/2024(H5N1)	28	958
NP|PP755592.1|A/cattle/Texas/24-008749-003/2024(H5N1)	29	959
NP|PP755592.1|A/cattle/Texas/24-008749-003/2024(H5N1)	30	959
NP|PP755592.1|A/cattle/Texas/24-008749-003/2024(H5N1)	31	962
NP|PP755592.1|A/cattle/Texas/24-008749-003/2024(H5N1)	32	966
NP|PP755592.1|A/cattle/Texas/24-008749-003/2024(H5N1)	33	966
NP|PP755592.1|A/cattle/Texas/24-008749-003/2024(H5N1)	34	967
NP|PP755592.1|A/cattle/Texas/24-008749-003/2024(H5N1)	35	965
NP|PP755592.1|A/cattle/Texas/24-008749-003/2024(H5N1)	36	1014
NP|PP755592.1|A/cattle/Texas/24-008749-003/2024(H5N1)	37	1033
NP|PP755592.1|A/cattle/Texas/24-008749-003/2024(H5N1)	38	1033
NP|PP755592.1|A/cattle/Texas/24-008749-003/2024(H5N1)	39	1033
NP|PP755592.1|A/cattle/Texas/24-008749-003/2024(H5N1)	40	1038
NP|PP755592.1|A/cattle/Texas/24-008749-003/2024(H5N1)	41	1050
NP|PP755592.1|A/cattle/Texas/24-008749-003/2024(H5N1)	42	1118
NP|PP755592.1|A/cattle/Texas/24-008749-003/2024(H5N1)	43	1130
NP|PP755592.1|A/cattle/Texas/24-008749-003/2024(H5N1)	44	1168
NP|PP755592.1|A/cattle/Texas/24-008749-003/2024(H5N1)	45	1170
NP|PP755592.1|A/cattle/Texas/24-008749-003/2024(H5N1)	46	1180
NP|PP755592.1|A/cattle/Texas/24-008749-003/2024(H5N1)	47	1185
NP|PP755592.1|A/cattle/Texas/24-008749-003/2024(H5N1)	48	1187
NP|PP755592.1|A/cattle/Texas/24-008749-003/2024(H5N1)	49	1188
NP|PP755592.1|A/cattle/Texas/24-008749-003/2024(H5N1)	50	1192
NP|PP755592.1|A/cattle/Texas/24-008749-003/2024(H5N1)	51	1201
NP|PP755592.1|A/cattle/Texas/24-008749-003/2024(H5N1)	52	1202
NP|PP755592.1|A/cattle/Texas/24-008749-003/2024(H5N1)	53	1210
NP|PP755592.1|A/cattle/Texas/24-008749-003/2024(H5N1)	54	1216
NP|PP755592.1|A/cattle/Texas/24-008749-003/2024(H5N1)	55	1228
NP|PP755592.1|A/cattle/Texas/24-008749-003/2024(H5N1)	56	1226
NP|PP755592.1|A/cattle/Texas/24-008749-003/2024(H5N1)	57	1251
NP|PP755592.1|A/cattle/Texas/24-008749-003/2024(H5N1)	58	1251
NP|PP755592.1|A/cattle/Texas/24-008749-003/2024(H5N1)	59	1257
NP|PP755592.1|A/cattle/Texas/24-008749-003/2024(H5N1)	60	1270
NP|PP755592.1|A/cattle/Texas/24-008749-003/2024(H5N1)	61	1285
NP|PP755592.1|A/cattle/Texas/24-008749-003/2024(H5N1)	62	1290
NP|PP755592.1|A/cattle/Texas/24-008749-003/2024(H5N1)	63	1292
NP|PP755592.1|A/cattle/Texas/24-008749-003/2024(H5N1)	64	1290
NP|PP755592.1|A/cattle/Texas/24-008749-003/2024(H5N1)	65	1291
NP|PP755592.1|A/cattle/Texas/24-008749-003/2024(H5N1)	66	1291
NP|PP755592.1|A/cattle/Texas/24-008749-003/2024(H5N1)	67	1297
NP|PP755592.1|A/cattle/Texas/24-008749-003/2024(H5N1)	68	1302
NP|PP755592.1|A/cattle/Texas/24-008749-003/2024(H5N1)	69	1303
NP|PP755592.1|A/cattle/Texas/24-008749-003/2024(H5N1)	70	1304
NP|PP755592.1|A/cattle/Texas/24-008749-003/2024(H5N1)	71	1304
NP|PP755592.1|A/cattle/Texas/24-008749-003/2024(H5N1)	72	1313
NP|PP755592.1|A/cattle/Texas/24-008749-003/2024(H5N1)	73	1314
NP|PP755592.1|A/cattle/Texas/24-008749-003/2024(H5N1)	74	1314
NP|PP755592.1|A/cattle/Texas/24-008749-003/2024(H5N1)	75	1318
NP|PP755592.1|A/cattle/Texas/24-008749-003/2024(H5N1)	76	1314
NP|PP755592.1|A/cattle/Texas/24-008749-003/2024(H5N1)	77	1323
NP|PP755592.1|A/cattle/Texas/24-008749-003/2024(H5N1)	78	1326
NP|PP755592.1|A/cattle/Texas/24-008749-003/2024(H5N1)	79	1325
NP|PP755592.1|A/cattle/Texas/24-008749-003/2024(H5N1)	80	1342
NP|PP755592.1|A/cattle/Texas/24-008749-003/2024(H5N1)	81	1338
NP|PP755592.1|A/cattle/Texas/24-008749-003/2024(H5N1)	82	1361
NP|PP755592.1|A/cattle/Texas/24-008749-003/2024(H5N1)	83	1371
NP|PP755592.1|A/cattle/Texas/24-008749-003/2024(H5N1)	84	1380
NP|PP755592.1|A/cattle/Texas/24-008749-003/2024(H5N1)	85	1421
NP|PP755592.1|A/cattle/Texas/24-008749-003/2024(H5N1)	86	1425
NP|PP755592.1|A/cattle/Texas/24-008749-003/2024(H5N1)	87	1424
NP|PP755592.1|A/cattle/Texas/24-008749-003/2024(H5N1)	88	1427
NP|PP755592.1|A/cattle/Texas/24-008749-003/2024(H5N1)	89	1427
NP|PP755592.1|A/cattle/Texas/24-008749-003/2024(H5N1)	90	1411
NP|PP755592.1|A/cattle/Texas/24-008749-003/2024(H5N1)	91	1396
NP|PP755592.1|A/cattle/Texas/24-008749-003/2024(H5N1)	92	1392
NP|PP755592.1|A/cattle/Texas/24-008749-003/2024(H5N1)	93	1408
NP|PP755592.1|A/cattle/Texas/24-008749-003/2024(H5N1)	94	1435
NP|PP755592.1|A/cattle/Texas/24-008749-003/2024(H5N1)	95	1437
NP|PP755592.1|A/cattle/Texas/24-008749-003/2024(H5N1)	96	1445
NP|PP755592.1|A/cattle/Texas/24-008749-003/2024(H5N1)	97	1448
NP|PP755592.1|A/cattle/Texas/24-008749-003/2024(H5N1)	98	1446
NP|PP755592.1|A/cattle/Texas/24-008749-003/2024(H5N1)	99	1459
NP|PP755592.1|A/cattle/Texas/24-008749-003/2024(H5N1)	100	1461
NP|PP755592.1|A/cattle/Texas/24-008749-003/2024(H5N1)	101	1461
NP|PP755592.1|A/cattle/Texas/24-008749-003/2024(H5N1)	102	1461
NP|PP755592.1|A/cattle/Texas/24-008749-003/2024(H5N1)	103	1462
NP|PP755592.1|A/cattle/Texas/24-008749-003/2024(H5N1)	104	1461
NP|PP755592.1|A/cattle/Texas/24-008749-003/2024(H5N1)	105	1514
NP|PP755592.1|A/cattle/Texas/24-008749-003/2024(H5N1)	106	1400
NP|PP755592.1|A/cattle/Texas/24-008749-003/2024(H5N1)	107	1364
NP|PP755592.1|A/cattle/Texas/24-008749-003/2024(H5N1)	108	1316
NP|PP755592.1|A/cattle/Texas/24-008749-003/2024(H5N1)	109	1319
NP|PP755592.1|A/cattle/Texas/24-008749-003/2024(H5N1)	110	1363
NP|PP755592.1|A/cattle/Texas/24-008749-003/2024(H5N1)	111	1365
NP|PP755592.1|A/cattle/Texas/24-008749-003/2024(H5N1)	112	1345
NP|PP755592.1|A/cattle/Texas/24-008749-003/2024(H5N1)	113	1345
NP|PP755592.1|A/cattle/Texas/24-008749-003/2024(H5N1)	114	1356
NP|PP755592.1|A/cattle/Texas/24-008749-003/2024(H5N1)	115	1358
NP|PP755592.1|A/cattle/Texas/24-008749-003/2024(H5N1)	116	1364
NP|PP755592.1|A/cattle/Texas/24-008749-003/2024(H5N1)	117	1299
NP|PP755592.1|A/cattle/Texas/24-008749-003/2024(H5N1)	118	1298
NP|PP755592.1|A/cattle/Texas/24-008749-003/2024(H5N1)	119	1344
NP|PP755592.1|A/cattle/Texas/24-008749-003/2024(H5N1)	120	1351
NP|PP755592.1|A/cattle/Texas/24-008749-003/2024(H5N1)	121	1365
NP|PP755592.1|A/cattle/Texas/24-008749-003/2024(H5N1)	122	1344
NP|PP755592.1|A/cattle/Texas/24-008749-003/2024(H5N1)	123	1336
NP|PP755592.1|A/cattle/Texas/24-008749-003/2024(H5N1)	124	1338
NP|PP755592.1|A/cattle/Texas/24-008749-003/2024(H5N1)	125	1341
NP|PP755592.1|A/cattle/Texas/24-008749-003/2024(H5N1)	126	1328
NP|PP755592.1|A/cattle/Texas/24-008749-003/2024(H5N1)	127	1331
NP|PP755592.1|A/cattle/Texas/24-008749-003/2024(H5N1)	128	1318
NP|PP755592.1|A/cattle/Texas/24-008749-003/2024(H5N1)	129	1319
NP|PP755592.1|A/cattle/Texas/24-008749-003/2024(H5N1)	130	1304
NP|PP755592.1|A/cattle/Texas/24-008749-003/2024(H5N1)	131	1304
NP|PP755592.1|A/cattle/Texas/24-008749-003/2024(H5N1)	132	1293
NP|PP755592.1|A/cattle/Texas/24-008749-003/2024(H5N1)	133	1296
NP|PP755592.1|A/cattle/Texas/24-008749-003/2024(H5N1)	134	1282
NP|PP755592.1|A/cattle/Texas/24-008749-003/2024(H5N1)	135	1221
NP|PP755592.1|A/cattle/Texas/24-008749-003/2024(H5N1)	136	1226
NP|PP755592.1|A/cattle/Texas/24-008749-003/2024(H5N1)	137	1246
NP|PP755592.1|A/cattle/Texas/24-008749-003/2024(H5N1)	138	1248
NP|PP755592.1|A/cattle/Texas/24-008749-003/2024(H5N1)	139	1262
NP|PP755592.1|A/cattle/Texas/24-008749-003/2024(H5N1)	140	1260
NP|PP755592.1|A/cattle/Texas/24-008749-003/2024(H5N1)	141	1243
NP|PP755592.1|A/cattle/Texas/24-008749-003/2024(H5N1)	142	1243
NP|PP755592.1|A/cattle/Texas/24-008749-003/2024(H5N1)	143	1241
NP|PP755592.1|A/cattle/Texas/24-008749-003/2024(H5N1)	144	1270
NP|PP755592.1|A/cattle/Texas/24-008749-003/2024(H5N1)	145	1270
NP|PP755592.1|A/cattle/Texas/24-008749-003/2024(H5N1)	146	1257
NP|PP755592.1|A/cattle/Texas/24-008749-003/2024(H5N1)	147	1234
NP|PP755592.1|A/cattle/Texas/24-008749-003/2024(H5N1)	148	1228
NP|PP755592.1|A/cattle/Texas/24-008749-003/2024(H5N1)	149	1230
NP|PP755592.1|A/cattle/Texas/24-008749-003/2024(H5N1)	150	1228
NP|PP755592.1|A/cattle/Texas/24-008749-003/2024(H5N1)	151	1226
NP|PP755592.1|A/cattle/Texas/24-008749-003/2024(H5N1)	152	1220
NP|PP755592.1|A/cattle/Texas/24-008749-003/2024(H5N1)	153	1183
NP|PP755592.1|A/cattle/Texas/24-008749-003/2024(H5N1)	154	1181
NP|PP755592.1|A/cattle/Texas/24-008749-003/2024(H5N1)	155	1237
NP|PP755592.1|A/cattle/Texas/24-008749-003/2024(H5N1)	156	1239
NP|PP755592.1|A/cattle/Texas/24-008749-003/2024(H5N1)	157	1241
NP|PP755592.1|A/cattle/Texas/24-008749-003/2024(H5N1)	158	1269
NP|PP755592.1|A/cattle/Texas/24-008749-003/2024(H5N1)	159	1265
NP|PP755592.1|A/cattle/Texas/24-008749-003/2024(H5N1)	160	1268
NP|PP755592.1|A/cattle/Texas/24-008749-003/2024(H5N1)	161	1274
NP|PP755592.1|A/cattle/Texas/24-008749-003/2024(H5N1)	162	1275
NP|PP755592.1|A/cattle/Texas/24-008749-003/2024(H5N1)	163	1240
NP|PP755592.1|A/cattle/Texas/24-008749-003/2024(H5N1)	164	1244
NP|PP755592.1|A/cattle/Texas/24-008749-003/2024(H5N1)	165	1189
NP|PP755592.1|A/cattle/Texas/24-008749-003/2024(H5N1)	166	1180
NP|PP755592.1|A/cattle/Texas/24-008749-003/2024(H5N1)	167	1160
NP|PP755592.1|A/cattle/Texas/24-008749-003/2024(H5N1)	168	1161
NP|PP755592.1|A/cattle/Texas/24-008749-003/2024(H5N1)	169	1189
NP|PP755592.1|A/cattle/Texas/24-008749-003/2024(H5N1)	170	1192
NP|PP755592.1|A/cattle/Texas/24-008749-003/2024(H5N1)	171	1194
NP|PP755592.1|A/cattle/Texas/24-008749-003/2024(H5N1)	172	1211
NP|PP755592.1|A/cattle/Texas/24-008749-003/2024(H5N1)	173	1206
NP|PP755592.1|A/cattle/Texas/24-008749-003/2024(H5N1)	174	1209
NP|PP755592.1|A/cattle/Texas/24-008749-003/2024(H5N1)	175	1197
NP|PP755592.1|A/cattle/Texas/24-008749-003/2024(H5N1)	176	1197
NP|PP755592.1|A/cattle/Texas/24-008749-003/2024(H5N1)	177	1168
NP|PP755592.1|A/cattle/Texas/24-008749-003/2024(H5N1)	178	1143
NP|PP755592.1|A/cattle/Texas/24-008749-003/2024(H5N1)	179	1152
NP|PP755592.1|A/cattle/Texas/24-008749-003/2024(H5N1)	180	1173
NP|PP755592.1|A/cattle/Texas/24-008749-003/2024(H5N1)	181	1172
NP|PP755592.1|A/cattle/Texas/24-008749-003/2024(H5N1)	182	1195
NP|PP755592.1|A/cattle/Texas/24-008749-003/2024(H5N1)	183	1196
NP|PP755592.1|A/cattle/Texas/24-008749-003/2024(H5N1)	184	1285
NP|PP755592.1|A/cattle/Texas/24-008749-003/2024(H5N1)	185	1302
NP|PP755592.1|A/cattle/Texas/24-008749-003/2024(H5N1)	186	1284
NP|PP755592.1|A/cattle/Texas/24-008749-003/2024(H5N1)	187	1286
NP|PP755592.1|A/cattle/Texas/24-008749-003/2024(H5N1)	188	1286
NP|PP755592.1|A/cattle/Texas/24-008749-003/2024(H5N1)	189	1287
NP|PP755592.1|A/cattle/Texas/24-008749-003/2024(H5N1)	190	1290
NP|PP755592.1|A/cattle/Texas/24-008749-003/2024(H5N1)	191	1275
NP|PP755592.1|A/cattle/Texas/24-008749-003/2024(H5N1)	192	1283
NP|PP755592.1|A/cattle/Texas/24-008749-003/2024(H5N1)	193	1196
NP|PP755592.1|A/cattle/Texas/24-008749-003/2024(H5N1)	194	1195
NP|PP755592.1|A/cattle/Texas/24-008749-003/2024(H5N1)	195	1197
NP|PP755592.1|A/cattle/Texas/24-008749-003/2024(H5N1)	196	1195
NP|PP755592.1|A/cattle/Texas/24-008749-003/2024(H5N1)	197	1192
NP|PP755592.1|A/cattle/Texas/24-008749-003/2024(H5N1)	198	1189
NP|PP755592.1|A/cattle/Texas/24-008749-003/2024(H5N1)	199	1201
NP|PP755592.1|A/cattle/Texas/24-008749-003/2024(H5N1)	200	1200
NP|PP755592.1|A/cattle/Texas/24-008749-003/2024(H5N1)	201	1192
NP|PP755592.1|A/cattle/Texas/24-008749-003/2024(H5N1)	202	1192
NP|PP755592.1|A/cattle/Texas/24-008749-003/2024(H5N1)	203	1195
NP|PP755592.1|A/cattle/Texas/24-008749-003/2024(H5N1)	204	1190
NP|PP755592.1|A/cattle/Texas/24-008749-003/2024(H5N1)	205	1189
NP|PP755592.1|A/cattle/Texas/24-008749-003/2024(H5N1)	206	1196
NP|PP755592.1|A/cattle/Texas/24-008749-003/2024(H5N1)	207	1181
NP|PP755592.1|A/cattle/Texas/24-008749-003/2024(H5N1)	208	1185
NP|PP755592.1|A/cattle/Texas/24-008749-003/2024(H5N1)	209	1190
NP|PP755592.1|A/cattle/Texas/24-008749-003/2024(H5N1)	210	1180
NP|PP755592.1|A/cattle/Texas/24-008749-003/2024(H5N1)	211	1178
NP|PP755592.1|A/cattle/Texas/24-008749-003/2024(H5N1)	212	1188
NP|PP755592.1|A/cattle/Texas/24-008749-003/2024(H5N1)	213	1185
NP|PP755592.1|A/cattle/Texas/24-008749-003/2024(H5N1)	214	1185
NP|PP755592.1|A/cattle/Texas/24-008749-003/2024(H5N1)	215	1186
NP|PP755592.1|A/cattle/Texas/24-008749-003/2024(H5N1)	216	1187
NP|PP755592.1|A/cattle/Texas/24-008749-003/2024(H5N1)	217	1186
NP|PP755592.1|A/cattle/Texas/24-008749-003/2024(H5N1)	218	1176
NP|PP755592.1|A/cattle/Texas/24-008749-003/2024(H5N1)	219	1157
NP|PP755592.1|A/cattle/Texas/24-008749-003/2024(H5N1)	220	1154
NP|PP755592.1|A/cattle/Texas/24-008749-003/2024(H5N1)	221	1225
NP|PP755592.1|A/cattle/Texas/24-008749-003/2024(H5N1)	222	1225
NP|PP755592.1|A/cattle/Texas/24-008749-003/2024(H5N1)	223	1251
NP|PP755592.1|A/cattle/Texas/24-008749-003/2024(H5N1)	224	1256
NP|PP755592.1|A/cattle/Texas/24-008749-003/2024(H5N1)	225	1274
NP|PP755592.1|A/cattle/Texas/24-008749-003/2024(H5N1)	226	1275
NP|PP755592.1|A/cattle/Texas/24-008749-003/2024(H5N1)	227	1297
NP|PP755592.1|A/cattle/Texas/24-008749-003/2024(H5N1)	228	1293
NP|PP755592.1|A/cattle/Texas/24-008749-003/2024(H5N1)	229	1289
NP|PP755592.1|A/cattle/Texas/24-008749-003/2024(H5N1)	230	1288
NP|PP755592.1|A/cattle/Texas/24-008749-003/2024(H5N1)	231	1237
NP|PP755592.1|A/cattle/Texas/24-008749-003/2024(H5N1)	232	1243
NP|PP755592.1|A/cattle/Texas/24-008749-003/2024(H5N1)	233	1247
NP|PP755592.1|A/cattle/Texas/24-008749-003/2024(H5N1)	234	1250
NP|PP755592.1|A/cattle/Texas/24-008749-003/2024(H5N1)	235	1265
NP|PP755592.1|A/cattle/Texas/24-008749-003/2024(H5N1)	236	1268
NP|PP755592.1|A/cattle/Texas/24-008749-003/2024(H5N1)	237	1267
NP|PP755592.1|A/cattle/Texas/24-008749-003/2024(H5N1)	238	1269
NP|PP755592.1|A/cattle/Texas/24-008749-003/2024(H5N1)	239	1266
NP|PP755592.1|A/cattle/Texas/24-008749-003/2024(H5N1)	240	1265
NP|PP755592.1|A/cattle/Texas/24-008749-003/2024(H5N1)	241	1284
NP|PP755592.1|A/cattle/Texas/24-008749-003/2024(H5N1)	242	1267
NP|PP755592.1|A/cattle/Texas/24-008749-003/2024(H5N1)	243	1271
NP|PP755592.1|A/cattle/Texas/24-008749-003/2024(H5N1)	244	1279
NP|PP755592.1|A/cattle/Texas/24-008749-003/2024(H5N1)	245	1278
NP|PP755592.1|A/cattle/Texas/24-008749-003/2024(H5N1)	246	1349
NP|PP755592.1|A/cattle/Texas/24-008749-003/2024(H5N1)	247	1381
NP|PP755592.1|A/cattle/Texas/24-008749-003/2024(H5N1)	248	1380
NP|PP755592.1|A/cattle/Texas/24-008749-003/2024(H5N1)	249	1378
NP|PP755592.1|A/cattle/Texas/24-008749-003/2024(H5N1)	250	1360
NP|PP755592.1|A/cattle/Texas/24-008749-003/2024(H5N1)	251	1404
NP|PP755592.1|A/cattle/Texas/24-008749-003/2024(H5N1)	252	1421
NP|PP755592.1|A/cattle/Texas/24-008749-003/2024(H5N1)	253	1426
NP|PP755592.1|A/cattle/Texas/24-008749-003/2024(H5N1)	254	1421
NP|PP755592.1|A/cattle/Texas/24-008749-003/2024(H5N1)	255	1365
NP|PP755592.1|A/cattle/Texas/24-008749-003/2024(H5N1)	256	1369
NP|PP755592.1|A/cattle/Texas/24-008749-003/2024(H5N1)	257	1369
NP|PP755592.1|A/cattle/Texas/24-008749-003/2024(H5N1)	258	1336
NP|PP755592.1|A/cattle/Texas/24-008749-003/2024(H5N1)	259	1338
NP|PP755592.1|A/cattle/Texas/24-008749-003/2024(H5N1)	260	1286
NP|PP755592.1|A/cattle/Texas/24-008749-003/2024(H5N1)	261	1270
NP|PP755592.1|A/cattle/Texas/24-008749-003/2024(H5N1)	262	1270
NP|PP755592.1|A/cattle/Texas/24-008749-003/2024(H5N1)	263	1278
NP|PP755592.1|A/cattle/Texas/24-008749-003/2024(H5N1)	264	1281
NP|PP755592.1|A/cattle/Texas/24-008749-003/2024(H5N1)	265	1299
NP|PP755592.1|A/cattle/Texas/24-008749-003/2024(H5N1)	266	1297
NP|PP755592.1|A/cattle/Texas/24-008749-003/2024(H5N1)	267	1303
NP|PP755592.1|A/cattle/Texas/24-008749-003/2024(H5N1)	268	1303
NP|PP755592.1|A/cattle/Texas/24-008749-003/2024(H5N1)	269	1302
NP|PP755592.1|A/cattle/Texas/24-008749-003/2024(H5N1)	270	1265
NP|PP755592.1|A/cattle/Texas/24-008749-003/2024(H5N1)	271	1260
NP|PP755592.1|A/cattle/Texas/24-008749-003/2024(H5N1)	272	1249
NP|PP755592.1|A/cattle/Texas/24-008749-003/2024(H5N1)	273	1245
NP|PP755592.1|A/cattle/Texas/24-008749-003/2024(H5N1)	274	1246
NP|PP755592.1|A/cattle/Texas/24-008749-003/2024(H5N1)	275	1221
NP|PP755592.1|A/cattle/Texas/24-008749-003/2024(H5N1)	276	1216
NP|PP755592.1|A/cattle/Texas/24-008749-003/2024(H5N1)	277	1221
NP|PP755592.1|A/cattle/Texas/24-008749-003/2024(H5N1)	278	1231
NP|PP755592.1|A/cattle/Texas/24-008749-003/2024(H5N1)	279	1225
NP|PP755592.1|A/cattle/Texas/24-008749-003/2024(H5N1)	280	1260
NP|PP755592.1|A/cattle/Texas/24-008749-003/2024(H5N1)	281	1275
NP|PP755592.1|A/cattle/Texas/24-008749-003/2024(H5N1)	282	1286
NP|PP755592.1|A/cattle/Texas/24-008749-003/2024(H5N1)	283	1291
NP|PP755592.1|A/cattle/Texas/24-008749-003/2024(H5N1)	284	1287
NP|PP755592.1|A/cattle/Texas/24-008749-003/2024(H5N1)	285	1287
NP|PP755592.1|A/cattle/Texas/24-008749-003/2024(H5N1)	286	1322
NP|PP755592.1|A/cattle/Texas/24-008749-003/2024(H5N1)	287	1331
NP|PP755592.1|A/cattle/Texas/24-008749-003/2024(H5N1)	288	1309
NP|PP755592.1|A/cattle/Texas/24-008749-003/2024(H5N1)	289	1303
NP|PP755592.1|A/cattle/Texas/24-008749-003/2024(H5N1)	290	1298
NP|PP755592.1|A/cattle/Texas/24-008749-003/2024(H5N1)	291	1302
NP|PP755592.1|A/cattle/Texas/24-008749-003/2024(H5N1)	292	1300
NP|PP755592.1|A/cattle/Texas/24-008749-003/2024(H5N1)	293	1319
NP|PP755592.1|A/cattle/Texas/24-008749-003/2024(H5N1)	294	1339
NP|PP755592.1|A/cattle/Texas/24-008749-003/2024(H5N1)	295	1303
NP|PP755592.1|A/cattle/Texas/24-008749-003/2024(H5N1)	296	1305
NP|PP755592.1|A/cattle/Texas/24-008749-003/2024(H5N1)	297	1319
NP|PP755592.1|A/cattle/Texas/24-008749-003/2024(H5N1)	298	1333
NP|PP755592.1|A/cattle/Texas/24-008749-003/2024(H5N1)	299	1341
NP|PP755592.1|A/cattle/Texas/24-008749-003/2024(H5N1)	300	1327
NP|PP755592.1|A/cattle/Texas/24-008749-003/2024(H5N1)	301	1335
NP|PP755592.1|A/cattle/Texas/24-008749-003/2024(H5N1)	302	1335
NP|PP755592.1|A/cattle/Texas/24-008749-003/2024(H5N1)	303	1331
NP|PP755592.1|A/cattle/Texas/24-008749-003/2024(H5N1)	304	1314
NP|PP755592.1|A/cattle/Texas/24-008749-003/2024(H5N1)	305	1317
NP|PP755592.1|A/cattle/Texas/24-008749-003/2024(H5N1)	306	1323
NP|PP755592.1|A/cattle/Texas/24-008749-003/2024(H5N1)	307	1349
NP|PP755592.1|A/cattle/Texas/24-008749-003/2024(H5N1)	308	1341
NP|PP755592.1|A/cattle/Texas/24-008749-003/2024(H5N1)	309	1328
NP|PP755592.1|A/cattle/Texas/24-008749-003/2024(H5N1)	310	1329
NP|PP755592.1|A/cattle/Texas/24-008749-003/2024(H5N1)	311	1349
NP|PP755592.1|A/cattle/Texas/24-008749-003/2024(H5N1)	312	1350
NP|PP755592.1|A/cattle/Texas/24-008749-003/2024(H5N1)	313	1359
NP|PP755592.1|A/cattle/Texas/24-008749-003/2024(H5N1)	314	1370
NP|PP755592.1|A/cattle/Texas/24-008749-003/2024(H5N1)	315	1365
NP|PP755592.1|A/cattle/Texas/24-008749-003/2024(H5N1)	316	1368
NP|PP755592.1|A/cattle/Texas/24-008749-003/2024(H5N1)	317	1371
NP|PP755592.1|A/cattle/Texas/24-008749-003/2024(H5N1)	318	1366
NP|PP755592.1|A/cattle/Texas/24-008749-003/2024(H5N1)	319	1364
NP|PP755592.1|A/cattle/Texas/24-008749-003/2024(H5N1)	320	1338
NP|PP755592.1|A/cattle/Texas/24-008749-003/2024(H5N1)	321	1200
NP|PP755592.1|A/cattle/Texas/24-008749-003/2024(H5N1)	322	1201
NP|PP755592.1|A/cattle/Texas/24-008749-003/2024(H5N1)	323	1279
NP|PP755592.1|A/cattle/Texas/24-008749-003/2024(H5N1)	324	1300
NP|PP755592.1|A/cattle/Texas/24-008749-003/2024(H5N1)	325	1325
NP|PP755592.1|A/cattle/Texas/24-008749-003/2024(H5N1)	326	1333
NP|PP755592.1|A/cattle/Texas/24-008749-003/2024(H5N1)	327	1325
NP|PP755592.1|A/cattle/Texas/24-008749-003/2024(H5N1)	328	1337
NP|PP755592.1|A/cattle/Texas/24-008749-003/2024(H5N1)	329	1324
NP|PP755592.1|A/cattle/Texas/24-008749-003/2024(H5N1)	330	1324
NP|PP755592.1|A/cattle/Texas/24-008749-003/2024(H5N1)	331	1331
NP|PP755592.1|A/cattle/Texas/24-008749-003/2024(H5N1)	332	1331
NP|PP755592.1|A/cattle/Texas/24-008749-003/2024(H5N1)	333	1302
NP|PP755592.1|A/cattle/Texas/24-008749-003/2024(H5N1)	334	1354
NP|PP755592.1|A/cattle/Texas/24-008749-003/2024(H5N1)	335	1374
NP|PP755592.1|A/cattle/Texas/24-008749-003/2024(H5N1)	336	1385
NP|PP755592.1|A/cattle/Texas/24-008749-003/2024(H5N1)	337	1369
NP|PP755592.1|A/cattle/Texas/24-008749-003/2024(H5N1)	338	1378
NP|PP755592.1|A/cattle/Texas/24-008749-003/2024(H5N1)	339	1372
NP|PP755592.1|A/cattle/Texas/24-008749-003/2024(H5N1)	340	1395
NP|PP755592.1|A/cattle/Texas/24-008749-003/2024(H5N1)	341	1402
NP|PP755592.1|A/cattle/Texas/24-008749-003/2024(H5N1)	342	1399
NP|PP755592.1|A/cattle/Texas/24-008749-003/2024(H5N1)	343	1392
NP|PP755592.1|A/cattle/Texas/24-008749-003/2024(H5N1)	344	1371
NP|PP755592.1|A/cattle/Texas/24-008749-003/2024(H5N1)	345	1375
NP|PP755592.1|A/cattle/Texas/24-008749-003/2024(H5N1)	346	1384
NP|PP755592.1|A/cattle/Texas/24-008749-003/2024(H5N1)	347	1390
NP|PP755592.1|A/cattle/Texas/24-008749-003/2024(H5N1)	348	1390
NP|PP755592.1|A/cattle/Texas/24-008749-003/2024(H5N1)	349	1381
NP|PP755592.1|A/cattle/Texas/24-008749-003/2024(H5N1)	350	1391
NP|PP755592.1|A/cattle/Texas/24-008749-003/2024(H5N1)	351	1399
NP|PP755592.1|A/cattle/Texas/24-008749-003/2024(H5N1)	352	1392
NP|PP755592.1|A/cattle/Texas/24-008749-003/2024(H5N1)	353	1394
NP|PP755592.1|A/cattle/Texas/24-008749-003/2024(H5N1)	354	1423
NP|PP755592.1|A/cattle/Texas/24-008749-003/2024(H5N1)	355	1434
NP|PP755592.1|A/cattle/Texas/24-008749-003/2024(H5N1)	356	1439
NP|PP755592.1|A/cattle/Texas/24-008749-003/2024(H5N1)	357	1433
NP|PP755592.1|A/cattle/Texas/24-008749-003/2024(H5N1)	358	1435
NP|PP755592.1|A/cattle/Texas/24-008749-003/2024(H5N1)	359	1420
NP|PP755592.1|A/cattle/Texas/24-008749-003/2024(H5N1)	360	1415
NP|PP755592.1|A/cattle/Texas/24-008749-003/2024(H5N1)	361	1407
NP|PP755592.1|A/cattle/Texas/24-008749-003/2024(H5N1)	362	1406
NP|PP755592.1|A/cattle/Texas/24-008749-003/2024(H5N1)	363	1398
NP|PP755592.1|A/cattle/Texas/24-008749-003/2024(H5N1)	364	1398
NP|PP755592.1|A/cattle/Texas/24-008749-003/2024(H5N1)	365	1398
NP|PP755592.1|A/cattle/Texas/24-008749-003/2024(H5N1)	366	1377
NP|PP755592.1|A/cattle/Texas/24-008749-003/2024(H5N1)	367	1401
NP|PP755592.1|A/cattle/Texas/24-008749-003/2024(H5N1)	368	1400
NP|PP755592.1|A/cattle/Texas/24-008749-003/2024(H5N1)	369	1418
NP|PP755592.1|A/cattle/Texas/24-008749-003/2024(H5N1)	370	1433
NP|PP755592.1|A/cattle/Texas/24-008749-003/2024(H5N1)	371	1434
NP|PP755592.1|A/cattle/Texas/24-008749-003/2024(H5N1)	372	1397
NP|PP755592.1|A/cattle/Texas/24-008749-003/2024(H5N1)	373	1396
NP|PP755592.1|A/cattle/Texas/24-008749-003/2024(H5N1)	374	1398
NP|PP755592.1|A/cattle/Texas/24-008749-003/2024(H5N1)	375	1384
NP|PP755592.1|A/cattle/Texas/24-008749-003/2024(H5N1)	376	1378
NP|PP755592.1|A/cattle/Texas/24-008749-003/2024(H5N1)	377	1377
NP|PP755592.1|A/cattle/Texas/24-008749-003/2024(H5N1)	378	1355
NP|PP755592.1|A/cattle/Texas/24-008749-003/2024(H5N1)	379	1353
NP|PP755592.1|A/cattle/Texas/24-008749-003/2024(H5N1)	380	1345
NP|PP755592.1|A/cattle/Texas/24-008749-003/2024(H5N1)	381	1329
NP|PP755592.1|A/cattle/Texas/24-008749-003/2024(H5N1)	382	1325
NP|PP755592.1|A/cattle/Texas/24-008749-003/2024(H5N1)	383	1400
NP|PP755592.1|A/cattle/Texas/24-008749-003/2024(H5N1)	384	1386
NP|PP755592.1|A/cattle/Texas/24-008749-003/2024(H5N1)	385	1393
NP|PP755592.1|A/cattle/Texas/24-008749-003/2024(H5N1)	386	1402
NP|PP755592.1|A/cattle/Texas/24-008749-003/2024(H5N1)	387	1402
NP|PP755592.1|A/cattle/Texas/24-008749-003/2024(H5N1)	388	1402
NP|PP755592.1|A/cattle/Texas/24-008749-003/2024(H5N1)	389	1416
NP|PP755592.1|A/cattle/Texas/24-008749-003/2024(H5N1)	390	1402
NP|PP755592.1|A/cattle/Texas/24-008749-003/2024(H5N1)	391	1402
NP|PP755592.1|A/cattle/Texas/24-008749-003/2024(H5N1)	392	1397
NP|PP755592.1|A/cattle/Texas/24-008749-003/2024(H5N1)	393	1398
NP|PP755592.1|A/cattle/Texas/24-008749-003/2024(H5N1)	394	1434
NP|PP755592.1|A/cattle/Texas/24-008749-003/2024(H5N1)	395	1434
NP|PP755592.1|A/cattle/Texas/24-008749-003/2024(H5N1)	396	1437
NP|PP755592.1|A/cattle/Texas/24-008749-003/2024(H5N1)	397	1385
NP|PP755592.1|A/cattle/Texas/24-008749-003/2024(H5N1)	398	1338
NP|PP755592.1|A/cattle/Texas/24-008749-003/2024(H5N1)	399	1339
NP|PP755592.1|A/cattle/Texas/24-008749-003/2024(H5N1)	400	1339
NP|PP755592.1|A/cattle/Texas/24-008749-003/2024(H5N1)	401	1302
NP|PP755592.1|A/cattle/Texas/24-008749-003/2024(H5N1)	402	1292
NP|PP755592.1|A/cattle/Texas/24-008749-003/2024(H5N1)	403	1262
NP|PP755592.1|A/cattle/Texas/24-008749-003/2024(H5N1)	404	1258
NP|PP755592.1|A/cattle/Texas/24-008749-003/2024(H5N1)	405	1277
NP|PP755592.1|A/cattle/Texas/24-008749-003/2024(H5N1)	406	1297
NP|PP755592.1|A/cattle/Texas/24-008749-003/2024(H5N1)	407	1299
NP|PP755592.1|A/cattle/Texas/24-008749-003/2024(H5N1)	408	1293
NP|PP755592.1|A/cattle/Texas/24-008749-003/2024(H5N1)	409	1294
NP|PP755592.1|A/cattle/Texas/24-008749-003/2024(H5N1)	410	1292
NP|PP755592.1|A/cattle/Texas/24-008749-003/2024(H5N1)	411	1293
NP|PP755592.1|A/cattle/Texas/24-008749-003/2024(H5N1)	412	1284
NP|PP755592.1|A/cattle/Texas/24-008749-003/2024(H5N1)	413	1320
NP|PP755592.1|A/cattle/Texas/24-008749-003/2024(H5N1)	414	1314
NP|PP755592.1|A/cattle/Texas/24-008749-003/2024(H5N1)	415	1310
NP|PP755592.1|A/cattle/Texas/24-008749-003/2024(H5N1)	416	1311
NP|PP755592.1|A/cattle/Texas/24-008749-003/2024(H5N1)	417	1311
NP|PP755592.1|A/cattle/Texas/24-008749-003/2024(H5N1)	418	1353
NP|PP755592.1|A/cattle/Texas/24-008749-003/2024(H5N1)	419	1363
NP|PP755592.1|A/cattle/Texas/24-008749-003/2024(H5N1)	420	1365
NP|PP755592.1|A/cattle/Texas/24-008749-003/2024(H5N1)	421	1366
NP|PP755592.1|A/cattle/Texas/24-008749-003/2024(H5N1)	422	1366
NP|PP755592.1|A/cattle/Texas/24-008749-003/2024(H5N1)	423	1372
NP|PP755592.1|A/cattle/Texas/24-008749-003/2024(H5N1)	424	1384
NP|PP755592.1|A/cattle/Texas/24-008749-003/2024(H5N1)	425	1386
NP|PP755592.1|A/cattle/Texas/24-008749-003/2024(H5N1)	426	1400
NP|PP755592.1|A/cattle/Texas/24-008749-003/2024(H5N1)	427	1398
NP|PP755592.1|A/cattle/Texas/24-008749-003/2024(H5N1)	428	1388
NP|PP755592.1|A/cattle/Texas/24-008749-003/2024(H5N1)	429	1399
NP|PP755592.1|A/cattle/Texas/24-008749-003/2024(H5N1)	430	1399
NP|PP755592.1|A/cattle/Texas/24-008749-003/2024(H5N1)	431	1363
NP|PP755592.1|A/cattle/Texas/24-008749-003/2024(H5N1)	432	1375
NP|PP755592.1|A/cattle/Texas/24-008749-003/2024(H5N1)	433	1361
NP|PP755592.1|A/cattle/Texas/24-008749-003/2024(H5N1)	434	1373
NP|PP755592.1|A/cattle/Texas/24-008749-003/2024(H5N1)	435	1371
NP|PP755592.1|A/cattle/Texas/24-008749-003/2024(H5N1)	436	1372
NP|PP755592.1|A/cattle/Texas/24-008749-003/2024(H5N1)	437	1352
NP|PP755592.1|A/cattle/Texas/24-008749-003/2024(H5N1)	438	1328
NP|PP755592.1|A/cattle/Texas/24-008749-003/2024(H5N1)	439	1345
NP|PP755592.1|A/cattle/Texas/24-008749-003/2024(H5N1)	440	1344
NP|PP755592.1|A/cattle/Texas/24-008749-003/2024(H5N1)	441	1343
NP|PP755592.1|A/cattle/Texas/24-008749-003/2024(H5N1)	442	1342
NP|PP755592.1|A/cattle/Texas/24-008749-003/2024(H5N1)	443	1327
NP|PP755592.1|A/cattle/Texas/24-008749-003/2024(H5N1)	444	1321
NP|PP755592.1|A/cattle/Texas/24-008749-003/2024(H5N1)	445	1317
NP|PP755592.1|A/cattle/Texas/24-008749-003/2024(H5N1)	446	1293
NP|PP755592.1|A/cattle/Texas/24-008749-003/2024(H5N1)	447	1302
NP|PP755592.1|A/cattle/Texas/24-008749-003/2024(H5N1)	448	1324
NP|PP755592.1|A/cattle/Texas/24-008749-003/2024(H5N1)	449	1348
NP|PP755592.1|A/cattle/Texas/24-008749-003/2024(H5N1)	450	1346
NP|PP755592.1|A/cattle/Texas/24-008749-003/2024(H5N1)	451	1353
NP|PP755592.1|A/cattle/Texas/24-008749-003/2024(H5N1)	452	1352
NP|PP755592.1|A/cattle/Texas/24-008749-003/2024(H5N1)	453	1335
NP|PP755592.1|A/cattle/Texas/24-008749-003/2024(H5N1)	454	1334
NP|PP755592.1|A/cattle/Texas/24-008749-003/2024(H5N1)	455	1343
NP|PP755592.1|A/cattle/Texas/24-008749-003/2024(H5N1)	456	1329
NP|PP755592.1|A/cattle/Texas/24-008749-003/2024(H5N1)	457	1330
NP|PP755592.1|A/cattle/Texas/24-008749-003/2024(H5N1)	458	1312
NP|PP755592.1|A/cattle/Texas/24-008749-003/2024(H5N1)	459	1315
NP|PP755592.1|A/cattle/Texas/24-008749-003/2024(H5N1)	460	1310
NP|PP755592.1|A/cattle/Texas/24-008749-003/2024(H5N1)	461	1297
NP|PP755592.1|A/cattle/Texas/24-008749-003/2024(H5N1)	462	1310
NP|PP755592.1|A/cattle/Texas/24-008749-003/2024(H5N1)	463	1306
NP|PP755592.1|A/cattle/Texas/24-008749-003/2024(H5N1)	464	1297
NP|PP755592.1|A/cattle/Texas/24-008749-003/2024(H5N1)	465	1285
NP|PP755592.1|A/cattle/Texas/24-008749-003/2024(H5N1)	466	1280
NP|PP755592.1|A/cattle/Texas/24-008749-003/2024(H5N1)	467	1302
NP|PP755592.1|A/cattle/Texas/24-008749-003/2024(H5N1)	468	1301
NP|PP755592.1|A/cattle/Texas/24-008749-003/2024(H5N1)	469	1279
NP|PP755592.1|A/cattle/Texas/24-008749-003/2024(H5N1)	470	1255
NP|PP755592.1|A/cattle/Texas/24-008749-003/2024(H5N1)	471	1244
NP|PP755592.1|A/cattle/Texas/24-008749-003/2024(H5N1)	472	1265
NP|PP755592.1|A/cattle/Texas/24-008749-003/2024(H5N1)	473	1267
NP|PP755592.1|A/cattle/Texas/24-008749-003/2024(H5N1)	474	1260
NP|PP755592.1|A/cattle/Texas/24-008749-003/2024(H5N1)	475	1242
NP|PP755592.1|A/cattle/Texas/24-008749-003/2024(H5N1)	476	1214
NP|PP755592.1|A/cattle/Texas/24-008749-003/2024(H5N1)	477	1206
NP|PP755592.1|A/cattle/Texas/24-008749-003/2024(H5N1)	478	1213
NP|PP755592.1|A/cattle/Texas/24-008749-003/2024(H5N1)	479	1184
NP|PP755592.1|A/cattle/Texas/24-008749-003/2024(H5N1)	480	1174
NP|PP755592.1|A/cattle/Texas/24-008749-003/2024(H5N1)	481	1137
NP|PP755592.1|A/cattle/Texas/24-008749-003/2024(H5N1)	482	1130
NP|PP755592.1|A/cattle/Texas/24-008749-003/2024(H5N1)	483	1130
NP|PP755592.1|A/cattle/Texas/24-008749-003/2024(H5N1)	484	1201
NP|PP755592.1|A/cattle/Texas/24-008749-003/2024(H5N1)	485	1228
NP|PP755592.1|A/cattle/Texas/24-008749-003/2024(H5N1)	486	1244
NP|PP755592.1|A/cattle/Texas/24-008749-003/2024(H5N1)	487	1237
NP|PP755592.1|A/cattle/Texas/24-008749-003/2024(H5N1)	488	1217
NP|PP755592.1|A/cattle/Texas/24-008749-003/2024(H5N1)	489	1213
NP|PP755592.1|A/cattle/Texas/24-008749-003/2024(H5N1)	490	1199
NP|PP755592.1|A/cattle/Texas/24-008749-003/2024(H5N1)	491	1186
NP|PP755592.1|A/cattle/Texas/24-008749-003/2024(H5N1)	492	1185
NP|PP755592.1|A/cattle/Texas/24-008749-003/2024(H5N1)	493	1180
NP|PP755592.1|A/cattle/Texas/24-008749-003/2024(H5N1)	494	1175
NP|PP755592.1|A/cattle/Texas/24-008749-003/2024(H5N1)	495	1163
NP|PP755592.1|A/cattle/Texas/24-008749-003/2024(H5N1)	496	1176
NP|PP755592.1|A/cattle/Texas/24-008749-003/2024(H5N1)	497	1187
NP|PP755592.1|A/cattle/Texas/24-008749-003/2024(H5N1)	498	1197
NP|PP755592.1|A/cattle/Texas/24-008749-003/2024(H5N1)	499	1203
NP|PP755592.1|A/cattle/Texas/24-008749-003/2024(H5N1)	500	1192
NP|PP755592.1|A/cattle/Texas/24-008749-003/2024(H5N1)	501	1182
NP|PP755592.1|A/cattle/Texas/24-008749-003/2024(H5N1)	502	1188
NP|PP755592.1|A/cattle/Texas/24-008749-003/2024(H5N1)	503	1167
NP|PP755592.1|A/cattle/Texas/24-008749-003/2024(H5N1)	504	1166
NP|PP755592.1|A/cattle/Texas/24-008749-003/2024(H5N1)	505	1136
NP|PP755592.1|A/cattle/Texas/24-008749-003/2024(H5N1)	506	1135
NP|PP755592.1|A/cattle/Texas/24-008749-003/2024(H5N1)	507	1126
NP|PP755592.1|A/cattle/Texas/24-008749-003/2024(H5N1)	508	1125
NP|PP755592.1|A/cattle/Texas/24-008749-003/2024(H5N1)	509	1121
NP|PP755592.1|A/cattle/Texas/24-008749-003/2024(H5N1)	510	1120
NP|PP755592.1|A/cattle/Texas/24-008749-003/2024(H5N1)	511	1120
NP|PP755592.1|A/cattle/Texas/24-008749-003/2024(H5N1)	512	1120
NP|PP755592.1|A/cattle/Texas/24-008749-003/2024(H5N1)	513	981
NP|PP755592.1|A/cattle/Texas/24-008749-003/2024(H5N1)	514	979
NP|PP755592.1|A/cattle/Texas/24-008749-003/2024(H5N1)	515	948
NP|PP755592.1|A/cattle/Texas/24-008749-003/2024(H5N1)	516	948
NP|PP755592.1|A/cattle/Texas/24-008749-003/2024(H5N1)	517	949
NP|PP755592.1|A/cattle/Texas/24-008749-003/2024(H5N1)	518	949
NP|PP755592.1|A/cattle/Texas/24-008749-003/2024(H5N1)	519	949
NP|PP755592.1|A/cattle/Texas/24-008749-003/2024(H5N1)	520	951
NP|PP755592.1|A/cattle/Texas/24-008749-003/2024(H5N1)	521	952
NP|PP755592.1|A/cattle/Texas/24-008749-003/2024(H5N1)	522	959
NP|PP755592.1|A/cattle/Texas/24-008749-003/2024(H5N1)	523	965
NP|PP755592.1|A/cattle/Texas/24-008749-003/2024(H5N1)	524	966
NP|PP755592.1|A/cattle/Texas/24-008749-003/2024(H5N1)	525	962
NP|PP755592.1|A/cattle/Texas/24-008749-003/2024(H5N1)	526	969
NP|PP755592.1|A/cattle/Texas/24-008749-003/2024(H5N1)	527	970
NP|PP755592.1|A/cattle/Texas/24-008749-003/2024(H5N1)	528	971
NP|PP755592.1|A/cattle/Texas/24-008749-003/2024(H5N1)	529	1181
NP|PP755592.1|A/cattle/Texas/24-008749-003/2024(H5N1)	530	1184
NP|PP755592.1|A/cattle/Texas/24-008749-003/2024(H5N1)	531	1186
NP|PP755592.1|A/cattle/Texas/24-008749-003/2024(H5N1)	532	1198
NP|PP755592.1|A/cattle/Texas/24-008749-003/2024(H5N1)	533	1206
NP|PP755592.1|A/cattle/Texas/24-008749-003/2024(H5N1)	534	1175
NP|PP755592.1|A/cattle/Texas/24-008749-003/2024(H5N1)	535	1194
NP|PP755592.1|A/cattle/Texas/24-008749-003/2024(H5N1)	536	1200
NP|PP755592.1|A/cattle/Texas/24-008749-003/2024(H5N1)	537	1201
NP|PP755592.1|A/cattle/Texas/24-008749-003/2024(H5N1)	538	1207
NP|PP755592.1|A/cattle/Texas/24-008749-003/2024(H5N1)	539	1221
NP|PP755592.1|A/cattle/Texas/24-008749-003/2024(H5N1)	540	1195
NP|PP755592.1|A/cattle/Texas/24-008749-003/2024(H5N1)	541	1193
NP|PP755592.1|A/cattle/Texas/24-008749-003/2024(H5N1)	542	1195
NP|PP755592.1|A/cattle/Texas/24-008749-003/2024(H5N1)	543	1186
NP|PP755592.1|A/cattle/Texas/24-008749-003/2024(H5N1)	544	1210
NP|PP755592.1|A/cattle/Texas/24-008749-003/2024(H5N1)	545	1183
NP|PP755592.1|A/cattle/Texas/24-008749-003/2024(H5N1)	546	1184
NP|PP755592.1|A/cattle/Texas/24-008749-003/2024(H5N1)	547	1234
NP|PP755592.1|A/cattle/Texas/24-008749-003/2024(H5N1)	548	1244
NP|PP755592.1|A/cattle/Texas/24-008749-003/2024(H5N1)	549	1248
NP|PP755592.1|A/cattle/Texas/24-008749-003/2024(H5N1)	550	1245
NP|PP755592.1|A/cattle/Texas/24-008749-003/2024(H5N1)	551	1244
NP|PP755592.1|A/cattle/Texas/24-008749-003/2024(H5N1)	552	1240
NP|PP755592.1|A/cattle/Texas/24-008749-003/2024(H5N1)	553	1235
NP|PP755592.1|A/cattle/Texas/24-008749-003/2024(H5N1)	554	1287
NP|PP755592.1|A/cattle/Texas/24-008749-003/2024(H5N1)	555	1316
NP|PP755592.1|A/cattle/Texas/24-008749-003/2024(H5N1)	556	1309
NP|PP755592.1|A/cattle/Texas/24-008749-003/2024(H5N1)	557	1306
NP|PP755592.1|A/cattle/Texas/24-008749-003/2024(H5N1)	558	1314
NP|PP755592.1|A/cattle/Texas/24-008749-003/2024(H5N1)	559	1315
NP|PP755592.1|A/cattle/Texas/24-008749-003/2024(H5N1)	560	1362
NP|PP755592.1|A/cattle/Texas/24-008749-003/2024(H5N1)	561	1364
NP|PP755592.1|A/cattle/Texas/24-008749-003/2024(H5N1)	562	1363
NP|PP755592.1|A/cattle/Texas/24-008749-003/2024(H5N1)	563	1362
NP|PP755592.1|A/cattle/Texas/24-008749-003/2024(H5N1)	564	1323
NP|PP755592.1|A/cattle/Texas/24-008749-003/2024(H5N1)	565	1356
NP|PP755592.1|A/cattle/Texas/24-008749-003/2024(H5N1)	566	1360
NP|PP755592.1|A/cattle/Texas/24-008749-003/2024(H5N1)	567	1363
NP|PP755592.1|A/cattle/Texas/24-008749-003/2024(H5N1)	568	1380
NP|PP755592.1|A/cattle/Texas/24-008749-003/2024(H5N1)	569	1324
NP|PP755592.1|A/cattle/Texas/24-008749-003/2024(H5N1)	570	1316
NP|PP755592.1|A/cattle/Texas/24-008749-003/2024(H5N1)	571	1379
NP|PP755592.1|A/cattle/Texas/24-008749-003/2024(H5N1)	572	1380
NP|PP755592.1|A/cattle/Texas/24-008749-003/2024(H5N1)	573	1379
NP|PP755592.1|A/cattle/Texas/24-008749-003/2024(H5N1)	574	1368
NP|PP755592.1|A/cattle/Texas/24-008749-003/2024(H5N1)	575	1353
NP|PP755592.1|A/cattle/Texas/24-008749-003/2024(H5N1)	576	1293
NP|PP755592.1|A/cattle/Texas/24-008749-003/2024(H5N1)	577	1300
NP|PP755592.1|A/cattle/Texas/24-008749-003/2024(H5N1)	578	1299
NP|PP755592.1|A/cattle/Texas/24-008749-003/2024(H5N1)	579	1296
NP|PP755592.1|A/cattle/Texas/24-008749-003/2024(H5N1)	580	1303
NP|PP755592.1|A/cattle/Texas/24-008749-003/2024(H5N1)	581	1316
NP|PP755592.1|A/cattle/Texas/24-008749-003/2024(H5N1)	582	1323
NP|PP755592.1|A/cattle/Texas/24-008749-003/2024(H5N1)	583	1381
NP|PP755592.1|A/cattle/Texas/24-008749-003/2024(H5N1)	584	1382
NP|PP755592.1|A/cattle/Texas/24-008749-003/2024(H5N1)	585	1384
NP|PP755592.1|A/cattle/Texas/24-008749-003/2024(H5N1)	586	1387
NP|PP755592.1|A/cattle/Texas/24-008749-003/2024(H5N1)	587	1385
NP|PP755592.1|A/cattle/Texas/24-008749-003/2024(H5N1)	588	1431
NP|PP755592.1|A/cattle/Texas/24-008749-003/2024(H5N1)	589	1436
NP|PP755592.1|A/cattle/Texas/24-008749-003/2024(H5N1)	590	1422
NP|PP755592.1|A/cattle/Texas/24-008749-003/2024(H5N1)	591	1419
NP|PP755592.1|A/cattle/Texas/24-008749-003/2024(H5N1)	592	1419
NP|PP755592.1|A/cattle/Texas/24-008749-003/2024(H5N1)	593	1412
NP|PP755592.1|A/cattle/Texas/24-008749-003/2024(H5N1)	594	1307
NP|PP755592.1|A/cattle/Texas/24-008749-003/2024(H5N1)	595	1295
NP|PP755592.1|A/cattle/Texas/24-008749-003/2024(H5N1)	596	1296
NP|PP755592.1|A/cattle/Texas/24-008749-003/2024(H5N1)	597	1296
NP|PP755592.1|A/cattle/Texas/24-008749-003/2024(H5N1)	598	1302
NP|PP755592.1|A/cattle/Texas/24-008749-003/2024(H5N1)	599	1321
NP|PP755592.1|A/cattle/Texas/24-008749-003/2024(H5N1)	600	1313
NP|PP755592.1|A/cattle/Texas/24-008749-003/2024(H5N1)	601	1356
NP|PP755592.1|A/cattle/Texas/24-008749-003/2024(H5N1)	602	1361
NP|PP755592.1|A/cattle/Texas/24-008749-003/2024(H5N1)	603	1362
NP|PP755592.1|A/cattle/Texas/24-008749-003/2024(H5N1)	604	1368
NP|PP755592.1|A/cattle/Texas/24-008749-003/2024(H5N1)	605	1373
NP|PP755592.1|A/cattle/Texas/24-008749-003/2024(H5N1)	606	1364
NP|PP755592.1|A/cattle/Texas/24-008749-003/2024(H5N1)	607	1362
NP|PP755592.1|A/cattle/Texas/24-008749-003/2024(H5N1)	608	1362
NP|PP755592.1|A/cattle/Texas/24-008749-003/2024(H5N1)	609	1358
NP|PP755592.1|A/cattle/Texas/24-008749-003/2024(H5N1)	610	1352
NP|PP755592.1|A/cattle/Texas/24-008749-003/2024(H5N1)	611	1345
NP|PP755592.1|A/cattle/Texas/24-008749-003/2024(H5N1)	612	1347
NP|PP755592.1|A/cattle/Texas/24-008749-003/2024(H5N1)	613	1342
NP|PP755592.1|A/cattle/Texas/24-008749-003/2024(H5N1)	614	1343
NP|PP755592.1|A/cattle/Texas/24-008749-003/2024(H5N1)	615	1376
NP|PP755592.1|A/cattle/Texas/24-008749-003/2024(H5N1)	616	1391
NP|PP755592.1|A/cattle/Texas/24-008749-003/2024(H5N1)	617	1391
NP|PP755592.1|A/cattle/Texas/24-008749-003/2024(H5N1)	618	1367
NP|PP755592.1|A/cattle/Texas/24-008749-003/2024(H5N1)	619	1368
NP|PP755592.1|A/cattle/Texas/24-008749-003/2024(H5N1)	620	1367
NP|PP755592.1|A/cattle/Texas/24-008749-003/2024(H5N1)	621	1368
NP|PP755592.1|A/cattle/Texas/24-008749-003/2024(H5N1)	622	1380
NP|PP755592.1|A/cattle/Texas/24-008749-003/2024(H5N1)	623	1355
NP|PP755592.1|A/cattle/Texas/24-008749-003/2024(H5N1)	624	1334
NP|PP755592.1|A/cattle/Texas/24-008749-003/2024(H5N1)	625	1358
NP|PP755592.1|A/cattle/Texas/24-008749-003/2024(H5N1)	626	1360
NP|PP755592.1|A/cattle/Texas/24-008749-003/2024(H5N1)	627	1366
NP|PP755592.1|A/cattle/Texas/24-008749-003/2024(H5N1)	628	1366
NP|PP755592.1|A/cattle/Texas/24-008749-003/2024(H5N1)	629	1366
NP|PP755592.1|A/cattle/Texas/24-008749-003/2024(H5N1)	630	1353
NP|PP755592.1|A/cattle/Texas/24-008749-003/2024(H5N1)	631	1399
NP|PP755592.1|A/cattle/Texas/24-008749-003/2024(H5N1)	632	1393
NP|PP755592.1|A/cattle/Texas/24-008749-003/2024(H5N1)	633	1397
NP|PP755592.1|A/cattle/Texas/24-008749-003/2024(H5N1)	634	1384
NP|PP755592.1|A/cattle/Texas/24-008749-003/2024(H5N1)	635	1381
NP|PP755592.1|A/cattle/Texas/24-008749-003/2024(H5N1)	636	1362
NP|PP755592.1|A/cattle/Texas/24-008749-003/2024(H5N1)	637	1347
NP|PP755592.1|A/cattle/Texas/24-008749-003/2024(H5N1)	638	1346
NP|PP755592.1|A/cattle/Texas/24-008749-003/2024(H5N1)	639	1364
NP|PP755592.1|A/cattle/Texas/24-008749-003/2024(H5N1)	640	1354
NP|PP755592.1|A/cattle/Texas/24-008749-003/2024(H5N1)	641	1354
NP|PP755592.1|A/cattle/Texas/24-008749-003/2024(H5N1)	642	1348
NP|PP755592.1|A/cattle/Texas/24-008749-003/2024(H5N1)	643	1345
NP|PP755592.1|A/cattle/Texas/24-008749-003/2024(H5N1)	644	1327
NP|PP755592.1|A/cattle/Texas/24-008749-003/2024(H5N1)	645	1211
NP|PP755592.1|A/cattle/Texas/24-008749-003/2024(H5N1)	646	1210
NP|PP755592.1|A/cattle/Texas/24-008749-003/2024(H5N1)	647	1195
NP|PP755592.1|A/cattle/Texas/24-008749-003/2024(H5N1)	648	1170
NP|PP755592.1|A/cattle/Texas/24-008749-003/2024(H5N1)	649	1170
NP|PP755592.1|A/cattle/Texas/24-008749-003/2024(H5N1)	650	1170
NP|PP755592.1|A/cattle/Texas/24-008749-003/2024(H5N1)	651	1167
NP|PP755592.1|A/cattle/Texas/24-008749-003/2024(H5N1)	652	1170
NP|PP755592.1|A/cattle/Texas/24-008749-003/2024(H5N1)	653	1215
NP|PP755592.1|A/cattle/Texas/24-008749-003/2024(H5N1)	654	1216
NP|PP755592.1|A/cattle/Texas/24-008749-003/2024(H5N1)	655	1371
NP|PP755592.1|A/cattle/Texas/24-008749-003/2024(H5N1)	656	1377
NP|PP755592.1|A/cattle/Texas/24-008749-003/2024(H5N1)	657	1379
NP|PP755592.1|A/cattle/Texas/24-008749-003/2024(H5N1)	658	1379
NP|PP755592.1|A/cattle/Texas/24-008749-003/2024(H5N1)	659	1389
NP|PP755592.1|A/cattle/Texas/24-008749-003/2024(H5N1)	660	1389
NP|PP755592.1|A/cattle/Texas/24-008749-003/2024(H5N1)	661	1401
NP|PP755592.1|A/cattle/Texas/24-008749-003/2024(H5N1)	662	1409
NP|PP755592.1|A/cattle/Texas/24-008749-003/2024(H5N1)	663	1414
NP|PP755592.1|A/cattle/Texas/24-008749-003/2024(H5N1)	664	1432
NP|PP755592.1|A/cattle/Texas/24-008749-003/2024(H5N1)	665	1432
NP|PP755592.1|A/cattle/Texas/24-008749-003/2024(H5N1)	666	1456
NP|PP755592.1|A/cattle/Texas/24-008749-003/2024(H5N1)	667	1456
NP|PP755592.1|A/cattle/Texas/24-008749-003/2024(H5N1)	668	1463
NP|PP755592.1|A/cattle/Texas/24-008749-003/2024(H5N1)	669	1486
NP|PP755592.1|A/cattle/Texas/24-008749-003/2024(H5N1)	670	1490
NP|PP755592.1|A/cattle/Texas/24-008749-003/2024(H5N1)	671	1489
NP|PP755592.1|A/cattle/Texas/24-008749-003/2024(H5N1)	672	1498
NP|PP755592.1|A/cattle/Texas/24-008749-003/2024(H5N1)	673	1489
NP|PP755592.1|A/cattle/Texas/24-008749-003/2024(H5N1)	674	1493
NP|PP755592.1|A/cattle/Texas/24-008749-003/2024(H5N1)	675	1387
NP|PP755592.1|A/cattle/Texas/24-008749-003/2024(H5N1)	676	1409
NP|PP755592.1|A/cattle/Texas/24-008749-003/2024(H5N1)	677	1411
NP|PP755592.1|A/cattle/Texas/24-008749-003/2024(H5N1)	678	1411
NP|PP755592.1|A/cattle/Texas/24-008749-003/2024(H5N1)	679	1410
NP|PP755592.1|A/cattle/Texas/24-008749-003/2024(H5N1)	680	1411
NP|PP755592.1|A/cattle/Texas/24-008749-003/2024(H5N1)	681	1429
NP|PP755592.1|A/cattle/Texas/24-008749-003/2024(H5N1)	682	1422
NP|PP755592.1|A/cattle/Texas/24-008749-003/2024(H5N1)	683	1419
NP|PP755592.1|A/cattle/Texas/24-008749-003/2024(H5N1)	684	1406
NP|PP755592.1|A/cattle/Texas/24-008749-003/2024(H5N1)	685	1402
NP|PP755592.1|A/cattle/Texas/24-008749-003/2024(H5N1)	686	1393
NP|PP755592.1|A/cattle/Texas/24-008749-003/2024(H5N1)	687	1378
NP|PP755592.1|A/cattle/Texas/24-008749-003/2024(H5N1)	688	1414
NP|PP755592.1|A/cattle/Texas/24-008749-003/2024(H5N1)	689	1415
NP|PP755592.1|A/cattle/Texas/24-008749-003/2024(H5N1)	690	1416
NP|PP755592.1|A/cattle/Texas/24-008749-003/2024(H5N1)	691	1408
NP|PP755592.1|A/cattle/Texas/24-008749-003/2024(H5N1)	692	1409
NP|PP755592.1|A/cattle/Texas/24-008749-003/2024(H5N1)	693	1416
NP|PP755592.1|A/cattle/Texas/24-008749-003/2024(H5N1)	694	1412
NP|PP755592.1|A/cattle/Texas/24-008749-003/2024(H5N1)	695	1429
NP|PP755592.1|A/cattle/Texas/24-008749-003/2024(H5N1)	696	1401
NP|PP755592.1|A/cattle/Texas/24-008749-003/2024(H5N1)	697	1417
NP|PP755592.1|A/cattle/Texas/24-008749-003/2024(H5N1)	698	1393
NP|PP755592.1|A/cattle/Texas/24-008749-003/2024(H5N1)	699	1392
NP|PP755592.1|A/cattle/Texas/24-008749-003/2024(H5N1)	700	1396
NP|PP755592.1|A/cattle/Texas/24-008749-003/2024(H5N1)	701	1413
NP|PP755592.1|A/cattle/Texas/24-008749-003/2024(H5N1)	702	1412
NP|PP755592.1|A/cattle/Texas/24-008749-003/2024(H5N1)	703	1453
NP|PP755592.1|A/cattle/Texas/24-008749-003/2024(H5N1)	704	1412
NP|PP755592.1|A/cattle/Texas/24-008749-003/2024(H5N1)	705	1389
NP|PP755592.1|A/cattle/Texas/24-008749-003/2024(H5N1)	706	1345
NP|PP755592.1|A/cattle/Texas/24-008749-003/2024(H5N1)	707	1361
NP|PP755592.1|A/cattle/Texas/24-008749-003/2024(H5N1)	708	1363
NP|PP755592.1|A/cattle/Texas/24-008749-003/2024(H5N1)	709	1358
NP|PP755592.1|A/cattle/Texas/24-008749-003/2024(H5N1)	710	1326
NP|PP755592.1|A/cattle/Texas/24-008749-003/2024(H5N1)	711	1322
NP|PP755592.1|A/cattle/Texas/24-008749-003/2024(H5N1)	712	1378
NP|PP755592.1|A/cattle/Texas/24-008749-003/2024(H5N1)	713	1394
NP|PP755592.1|A/cattle/Texas/24-008749-003/2024(H5N1)	714	1398
NP|PP755592.1|A/cattle/Texas/24-008749-003/2024(H5N1)	715	1398
NP|PP755592.1|A/cattle/Texas/24-008749-003/2024(H5N1)	716	1362
NP|PP755592.1|A/cattle/Texas/24-008749-003/2024(H5N1)	717	1357
NP|PP755592.1|A/cattle/Texas/24-008749-003/2024(H5N1)	718	1387
NP|PP755592.1|A/cattle/Texas/24-008749-003/2024(H5N1)	719	1381
NP|PP755592.1|A/cattle/Texas/24-008749-003/2024(H5N1)	720	1408
NP|PP755592.1|A/cattle/Texas/24-008749-003/2024(H5N1)	721	1331
NP|PP755592.1|A/cattle/Texas/24-008749-003/2024(H5N1)	722	1334
NP|PP755592.1|A/cattle/Texas/24-008749-003/2024(H5N1)	723	1341
NP|PP755592.1|A/cattle/Texas/24-008749-003/2024(H5N1)	724	1346
NP|PP755592.1|A/cattle/Texas/24-008749-003/2024(H5N1)	725	1310
NP|PP755592.1|A/cattle/Texas/24-008749-003/2024(H5N1)	726	1307
NP|PP755592.1|A/cattle/Texas/24-008749-003/2024(H5N1)	727	1288
NP|PP755592.1|A/cattle/Texas/24-008749-003/2024(H5N1)	728	1295
NP|PP755592.1|A/cattle/Texas/24-008749-003/2024(H5N1)	729	1299
NP|PP755592.1|A/cattle/Texas/24-008749-003/2024(H5N1)	730	1299
NP|PP755592.1|A/cattle/Texas/24-008749-003/2024(H5N1)	731	1294
NP|PP755592.1|A/cattle/Texas/24-008749-003/2024(H5N1)	732	1278
NP|PP755592.1|A/cattle/Texas/24-008749-003/2024(H5N1)	733	1270
NP|PP755592.1|A/cattle/Texas/24-008749-003/2024(H5N1)	734	1275
NP|PP755592.1|A/cattle/Texas/24-008749-003/2024(H5N1)	735	1285
NP|PP755592.1|A/cattle/Texas/24-008749-003/2024(H5N1)	736	1288
NP|PP755592.1|A/cattle/Texas/24-008749-003/2024(H5N1)	737	1285
NP|PP755592.1|A/cattle/Texas/24-008749-003/2024(H5N1)	738	1285
NP|PP755592.1|A/cattle/Texas/24-008749-003/2024(H5N1)	739	1257
NP|PP755592.1|A/cattle/Texas/24-008749-003/2024(H5N1)	740	1289
NP|PP755592.1|A/cattle/Texas/24-008749-003/2024(H5N1)	741	1313
NP|PP755592.1|A/cattle/Texas/24-008749-003/2024(H5N1)	742	1313
NP|PP755592.1|A/cattle/Texas/24-008749-003/2024(H5N1)	743	1292
NP|PP755592.1|A/cattle/Texas/24-008749-003/2024(H5N1)	744	1289
NP|PP755592.1|A/cattle/Texas/24-008749-003/2024(H5N1)	745	1290
NP|PP755592.1|A/cattle/Texas/24-008749-003/2024(H5N1)	746	1291
NP|PP755592.1|A/cattle/Texas/24-008749-003/2024(H5N1)	747	1305
NP|PP755592.1|A/cattle/Texas/24-008749-003/2024(H5N1)	748	1310
NP|PP755592.1|A/cattle/Texas/24-008749-003/2024(H5N1)	749	1301
NP|PP755592.1|A/cattle/Texas/24-008749-003/2024(H5N1)	750	1295
NP|PP755592.1|A/cattle/Texas/24-008749-003/2024(H5N1)	751	1290
NP|PP755592.1|A/cattle/Texas/24-008749-003/2024(H5N1)	752	1302
NP|PP755592.1|A/cattle/Texas/24-008749-003/2024(H5N1)	753	1298
NP|PP755592.1|A/cattle/Texas/24-008749-003/2024(H5N1)	754	1300
NP|PP755592.1|A/cattle/Texas/24-008749-003/2024(H5N1)	755	1301
NP|PP755592.1|A/cattle/Texas/24-008749-003/2024(H5N1)	756	1311
NP|PP755592.1|A/cattle/Texas/24-008749-003/2024(H5N1)	757	1341
NP|PP755592.1|A/cattle/Texas/24-008749-003/2024(H5N1)	758	1340
NP|PP755592.1|A/cattle/Texas/24-008749-003/2024(H5N1)	759	1340
NP|PP755592.1|A/cattle/Texas/24-008749-003/2024(H5N1)	760	1337
NP|PP755592.1|A/cattle/Texas/24-008749-003/2024(H5N1)	761	1339
NP|PP755592.1|A/cattle/Texas/24-008749-003/2024(H5N1)	762	1338
NP|PP755592.1|A/cattle/Texas/24-008749-003/2024(H5N1)	763	1345
NP|PP755592.1|A/cattle/Texas/24-008749-003/2024(H5N1)	764	1342
NP|PP755592.1|A/cattle/Texas/24-008749-003/2024(H5N1)	765	1338
NP|PP755592.1|A/cattle/Texas/24-008749-003/2024(H5N1)	766	1320
NP|PP755592.1|A/cattle/Texas/24-008749-003/2024(H5N1)	767	1306
NP|PP755592.1|A/cattle/Texas/24-008749-003/2024(H5N1)	768	1325
NP|PP755592.1|A/cattle/Texas/24-008749-003/2024(H5N1)	769	1322
NP|PP755592.1|A/cattle/Texas/24-008749-003/2024(H5N1)	770	1323
NP|PP755592.1|A/cattle/Texas/24-008749-003/2024(H5N1)	771	1332
NP|PP755592.1|A/cattle/Texas/24-008749-003/2024(H5N1)	772	1317
NP|PP755592.1|A/cattle/Texas/24-008749-003/2024(H5N1)	773	1317
NP|PP755592.1|A/cattle/Texas/24-008749-003/2024(H5N1)	774	1302
NP|PP755592.1|A/cattle/Texas/24-008749-003/2024(H5N1)	775	1268
NP|PP755592.1|A/cattle/Texas/24-008749-003/2024(H5N1)	776	1269
NP|PP755592.1|A/cattle/Texas/24-008749-003/2024(H5N1)	777	1266
NP|PP755592.1|A/cattle/Texas/24-008749-003/2024(H5N1)	778	1374
NP|PP755592.1|A/cattle/Texas/24-008749-003/2024(H5N1)	779	1433
NP|PP755592.1|A/cattle/Texas/24-008749-003/2024(H5N1)	780	1432
NP|PP755592.1|A/cattle/Texas/24-008749-003/2024(H5N1)	781	1434
NP|PP755592.1|A/cattle/Texas/24-008749-003/2024(H5N1)	782	1377
NP|PP755592.1|A/cattle/Texas/24-008749-003/2024(H5N1)	783	1393
NP|PP755592.1|A/cattle/Texas/24-008749-003/2024(H5N1)	784	1395
NP|PP755592.1|A/cattle/Texas/24-008749-003/2024(H5N1)	785	1396
NP|PP755592.1|A/cattle/Texas/24-008749-003/2024(H5N1)	786	1398
NP|PP755592.1|A/cattle/Texas/24-008749-003/2024(H5N1)	787	1429
NP|PP755592.1|A/cattle/Texas/24-008749-003/2024(H5N1)	788	1425
NP|PP755592.1|A/cattle/Texas/24-008749-003/2024(H5N1)	789	1426
NP|PP755592.1|A/cattle/Texas/24-008749-003/2024(H5N1)	790	1422
NP|PP755592.1|A/cattle/Texas/24-008749-003/2024(H5N1)	791	1372
NP|PP755592.1|A/cattle/Texas/24-008749-003/2024(H5N1)	792	1400
NP|PP755592.1|A/cattle/Texas/24-008749-003/2024(H5N1)	793	1413
NP|PP755592.1|A/cattle/Texas/24-008749-003/2024(H5N1)	794	1449
NP|PP755592.1|A/cattle/Texas/24-008749-003/2024(H5N1)	795	1444
NP|PP755592.1|A/cattle/Texas/24-008749-003/2024(H5N1)	796	1407
NP|PP755592.1|A/cattle/Texas/24-008749-003/2024(H5N1)	797	1395
NP|PP755592.1|A/cattle/Texas/24-008749-003/2024(H5N1)	798	1414
NP|PP755592.1|A/cattle/Texas/24-008749-003/2024(H5N1)	799	1414
NP|PP755592.1|A/cattle/Texas/24-008749-003/2024(H5N1)	800	1420
NP|PP755592.1|A/cattle/Texas/24-008749-003/2024(H5N1)	801	1411
NP|PP755592.1|A/cattle/Texas/24-008749-003/2024(H5N1)	802	1399
NP|PP755592.1|A/cattle/Texas/24-008749-003/2024(H5N1)	803	1362
NP|PP755592.1|A/cattle/Texas/24-008749-003/2024(H5N1)	804	1393
NP|PP755592.1|A/cattle/Texas/24-008749-003/2024(H5N1)	805	1393
NP|PP755592.1|A/cattle/Texas/24-008749-003/2024(H5N1)	806	1389
NP|PP755592.1|A/cattle/Texas/24-008749-003/2024(H5N1)	807	1386
NP|PP755592.1|A/cattle/Texas/24-008749-003/2024(H5N1)	808	1384
NP|PP755592.1|A/cattle/Texas/24-008749-003/2024(H5N1)	809	1376
NP|PP755592.1|A/cattle/Texas/24-008749-003/2024(H5N1)	810	1377
NP|PP755592.1|A/cattle/Texas/24-008749-003/2024(H5N1)	811	1395
NP|PP755592.1|A/cattle/Texas/24-008749-003/2024(H5N1)	812	1386
NP|PP755592.1|A/cattle/Texas/24-008749-003/2024(H5N1)	813	1390
NP|PP755592.1|A/cattle/Texas/24-008749-003/2024(H5N1)	814	1412
NP|PP755592.1|A/cattle/Texas/24-008749-003/2024(H5N1)	815	1427
NP|PP755592.1|A/cattle/Texas/24-008749-003/2024(H5N1)	816	1430
NP|PP755592.1|A/cattle/Texas/24-008749-003/2024(H5N1)	817	1407
NP|PP755592.1|A/cattle/Texas/24-008749-003/2024(H5N1)	818	1429
NP|PP755592.1|A/cattle/Texas/24-008749-003/2024(H5N1)	819	1432
NP|PP755592.1|A/cattle/Texas/24-008749-003/2024(H5N1)	820	1391
NP|PP755592.1|A/cattle/Texas/24-008749-003/2024(H5N1)	821	1385
NP|PP755592.1|A/cattle/Texas/24-008749-003/2024(H5N1)	822	1386
NP|PP755592.1|A/cattle/Texas/24-008749-003/2024(H5N1)	823	1369
NP|PP755592.1|A/cattle/Texas/24-008749-003/2024(H5N1)	824	1374
NP|PP755592.1|A/cattle/Texas/24-008749-003/2024(H5N1)	825	1368
NP|PP755592.1|A/cattle/Texas/24-008749-003/2024(H5N1)	826	1368
NP|PP755592.1|A/cattle/Texas/24-008749-003/2024(H5N1)	827	1353
NP|PP755592.1|A/cattle/Texas/24-008749-003/2024(H5N1)	828	1356
NP|PP755592.1|A/cattle/Texas/24-008749-003/2024(H5N1)	829	1366
NP|PP755592.1|A/cattle/Texas/24-008749-003/2024(H5N1)	830	1363
NP|PP755592.1|A/cattle/Texas/24-008749-003/2024(H5N1)	831	1354
NP|PP755592.1|A/cattle/Texas/24-008749-003/2024(H5N1)	832	1359
NP|PP755592.1|A/cattle/Texas/24-008749-003/2024(H5N1)	833	1359
NP|PP755592.1|A/cattle/Texas/24-008749-003/2024(H5N1)	834	1358
NP|PP755592.1|A/cattle/Texas/24-008749-003/2024(H5N1)	835	1364
NP|PP755592.1|A/cattle/Texas/24-008749-003/2024(H5N1)	836	1365
NP|PP755592.1|A/cattle/Texas/24-008749-003/2024(H5N1)	837	1351
NP|PP755592.1|A/cattle/Texas/24-008749-003/2024(H5N1)	838	1361
NP|PP755592.1|A/cattle/Texas/24-008749-003/2024(H5N1)	839	1352
NP|PP755592.1|A/cattle/Texas/24-008749-003/2024(H5N1)	840	1366
NP|PP755592.1|A/cattle/Texas/24-008749-003/2024(H5N1)	841	1354
NP|PP755592.1|A/cattle/Texas/24-008749-003/2024(H5N1)	842	1385
NP|PP755592.1|A/cattle/Texas/24-008749-003/2024(H5N1)	843	1383
NP|PP755592.1|A/cattle/Texas/24-008749-003/2024(H5N1)	844	1379
NP|PP755592.1|A/cattle/Texas/24-008749-003/2024(H5N1)	845	1441
NP|PP755592.1|A/cattle/Texas/24-008749-003/2024(H5N1)	846	1406
NP|PP755592.1|A/cattle/Texas/24-008749-003/2024(H5N1)	847	1382
NP|PP755592.1|A/cattle/Texas/24-008749-003/2024(H5N1)	848	1380
NP|PP755592.1|A/cattle/Texas/24-008749-003/2024(H5N1)	849	1364
NP|PP755592.1|A/cattle/Texas/24-008749-003/2024(H5N1)	850	1385
NP|PP755592.1|A/cattle/Texas/24-008749-003/2024(H5N1)	851	1376
NP|PP755592.1|A/cattle/Texas/24-008749-003/2024(H5N1)	852	1359
NP|PP755592.1|A/cattle/Texas/24-008749-003/2024(H5N1)	853	1374
NP|PP755592.1|A/cattle/Texas/24-008749-003/2024(H5N1)	854	1328
NP|PP755592.1|A/cattle/Texas/24-008749-003/2024(H5N1)	855	1351
NP|PP755592.1|A/cattle/Texas/24-008749-003/2024(H5N1)	856	1367
NP|PP755592.1|A/cattle/Texas/24-008749-003/2024(H5N1)	857	1381
NP|PP755592.1|A/cattle/Texas/24-008749-003/2024(H5N1)	858	1377
NP|PP755592.1|A/cattle/Texas/24-008749-003/2024(H5N1)	859	1365
NP|PP755592.1|A/cattle/Texas/24-008749-003/2024(H5N1)	860	1384
NP|PP755592.1|A/cattle/Texas/24-008749-003/2024(H5N1)	861	1386
NP|PP755592.1|A/cattle/Texas/24-008749-003/2024(H5N1)	862	1421
NP|PP755592.1|A/cattle/Texas/24-008749-003/2024(H5N1)	863	1384
NP|PP755592.1|A/cattle/Texas/24-008749-003/2024(H5N1)	864	1366
NP|PP755592.1|A/cattle/Texas/24-008749-003/2024(H5N1)	865	1364
NP|PP755592.1|A/cattle/Texas/24-008749-003/2024(H5N1)	866	1363
NP|PP755592.1|A/cattle/Texas/24-008749-003/2024(H5N1)	867	1364
NP|PP755592.1|A/cattle/Texas/24-008749-003/2024(H5N1)	868	1364
NP|PP755592.1|A/cattle/Texas/24-008749-003/2024(H5N1)	869	1345
NP|PP755592.1|A/cattle/Texas/24-008749-003/2024(H5N1)	870	1351
NP|PP755592.1|A/cattle/Texas/24-008749-003/2024(H5N1)	871	1320
NP|PP755592.1|A/cattle/Texas/24-008749-003/2024(H5N1)	872	1324
NP|PP755592.1|A/cattle/Texas/24-008749-003/2024(H5N1)	873	1315
NP|PP755592.1|A/cattle/Texas/24-008749-003/2024(H5N1)	874	1311
NP|PP755592.1|A/cattle/Texas/24-008749-003/2024(H5N1)	875	1306
NP|PP755592.1|A/cattle/Texas/24-008749-003/2024(H5N1)	876	1329
NP|PP755592.1|A/cattle/Texas/24-008749-003/2024(H5N1)	877	1331
NP|PP755592.1|A/cattle/Texas/24-008749-003/2024(H5N1)	878	1331
NP|PP755592.1|A/cattle/Texas/24-008749-003/2024(H5N1)	879	1340
NP|PP755592.1|A/cattle/Texas/24-008749-003/2024(H5N1)	880	1359
NP|PP755592.1|A/cattle/Texas/24-008749-003/2024(H5N1)	881	1356
NP|PP755592.1|A/cattle/Texas/24-008749-003/2024(H5N1)	882	1357
NP|PP755592.1|A/cattle/Texas/24-008749-003/2024(H5N1)	883	1355
NP|PP755592.1|A/cattle/Texas/24-008749-003/2024(H5N1)	884	1352
NP|PP755592.1|A/cattle/Texas/24-008749-003/2024(H5N1)	885	1347
NP|PP755592.1|A/cattle/Texas/24-008749-003/2024(H5N1)	886	1345
NP|PP755592.1|A/cattle/Texas/24-008749-003/2024(H5N1)	887	1337
NP|PP755592.1|A/cattle/Texas/24-008749-003/2024(H5N1)	888	1335
NP|PP755592.1|A/cattle/Texas/24-008749-003/2024(H5N1)	889	1305
NP|PP755592.1|A/cattle/Texas/24-008749-003/2024(H5N1)	890	1292
NP|PP755592.1|A/cattle/Texas/24-008749-003/2024(H5N1)	891	971
NP|PP755592.1|A/cattle/Texas/24-008749-003/2024(H5N1)	892	946
NP|PP755592.1|A/cattle/Texas/24-008749-003/2024(H5N1)	893	946
NP|PP755592.1|A/cattle/Texas/24-008749-003/2024(H5N1)	894	946
NP|PP755592.1|A/cattle/Texas/24-008749-003/2024(H5N1)	895	947
NP|PP755592.1|A/cattle/Texas/24-008749-003/2024(H5N1)	896	962
NP|PP755592.1|A/cattle/Texas/24-008749-003/2024(H5N1)	897	963
NP|PP755592.1|A/cattle/Texas/24-008749-003/2024(H5N1)	898	965
NP|PP755592.1|A/cattle/Texas/24-008749-003/2024(H5N1)	899	1010
NP|PP755592.1|A/cattle/Texas/24-008749-003/2024(H5N1)	900	1010
NP|PP755592.1|A/cattle/Texas/24-008749-003/2024(H5N1)	901	1013
NP|PP755592.1|A/cattle/Texas/24-008749-003/2024(H5N1)	902	1013
NP|PP755592.1|A/cattle/Texas/24-008749-003/2024(H5N1)	903	1013
NP|PP755592.1|A/cattle/Texas/24-008749-003/2024(H5N1)	904	1013
NP|PP755592.1|A/cattle/Texas/24-008749-003/2024(H5N1)	905	1013
NP|PP755592.1|A/cattle/Texas/24-008749-003/2024(H5N1)	906	1013
NP|PP755592.1|A/cattle/Texas/24-008749-003/2024(H5N1)	907	1013
NP|PP755592.1|A/cattle/Texas/24-008749-003/2024(H5N1)	908	1013
NP|PP755592.1|A/cattle/Texas/24-008749-003/2024(H5N1)	909	1013
NP|PP755592.1|A/cattle/Texas/24-008749-003/2024(H5N1)	910	1045
NP|PP755592.1|A/cattle/Texas/24-008749-003/2024(H5N1)	911	1045
NP|PP755592.1|A/cattle/Texas/24-008749-003/2024(H5N1)	912	1045
NP|PP755592.1|A/cattle/Texas/24-008749-003/2024(H5N1)	913	1044
NP|PP755592.1|A/cattle/Texas/24-008749-003/2024(H5N1)	914	1044
NP|PP755592.1|A/cattle/Texas/24-008749-003/2024(H5N1)	915	1044
NP|PP755592.1|A/cattle/Texas/24-008749-003/2024(H5N1)	916	1046
NP|PP755592.1|A/cattle/Texas/24-008749-003/2024(H5N1)	917	1350
NP|PP755592.1|A/cattle/Texas/24-008749-003/2024(H5N1)	918	1352
NP|PP755592.1|A/cattle/Texas/24-008749-003/2024(H5N1)	919	1435
NP|PP755592.1|A/cattle/Texas/24-008749-003/2024(H5N1)	920	1436
NP|PP755592.1|A/cattle/Texas/24-008749-003/2024(H5N1)	921	1442
NP|PP755592.1|A/cattle/Texas/24-008749-003/2024(H5N1)	922	1443
NP|PP755592.1|A/cattle/Texas/24-008749-003/2024(H5N1)	923	1443
NP|PP755592.1|A/cattle/Texas/24-008749-003/2024(H5N1)	924	1450
NP|PP755592.1|A/cattle/Texas/24-008749-003/2024(H5N1)	925	1484
NP|PP755592.1|A/cattle/Texas/24-008749-003/2024(H5N1)	926	1484
NP|PP755592.1|A/cattle/Texas/24-008749-003/2024(H5N1)	927	1479
NP|PP755592.1|A/cattle/Texas/24-008749-003/2024(H5N1)	928	1407
NP|PP755592.1|A/cattle/Texas/24-008749-003/2024(H5N1)	929	1420
NP|PP755592.1|A/cattle/Texas/24-008749-003/2024(H5N1)	930	1441
NP|PP755592.1|A/cattle/Texas/24-008749-003/2024(H5N1)	931	1440
NP|PP755592.1|A/cattle/Texas/24-008749-003/2024(H5N1)	932	1452
NP|PP755592.1|A/cattle/Texas/24-008749-003/2024(H5N1)	933	1424
NP|PP755592.1|A/cattle/Texas/24-008749-003/2024(H5N1)	934	1427
NP|PP755592.1|A/cattle/Texas/24-008749-003/2024(H5N1)	935	1480
NP|PP755592.1|A/cattle/Texas/24-008749-003/2024(H5N1)	936	1466
NP|PP755592.1|A/cattle/Texas/24-008749-003/2024(H5N1)	937	1465
NP|PP755592.1|A/cattle/Texas/24-008749-003/2024(H5N1)	938	1444
NP|PP755592.1|A/cattle/Texas/24-008749-003/2024(H5N1)	939	1444
NP|PP755592.1|A/cattle/Texas/24-008749-003/2024(H5N1)	940	1452
NP|PP755592.1|A/cattle/Texas/24-008749-003/2024(H5N1)	941	1457
NP|PP755592.1|A/cattle/Texas/24-008749-003/2024(H5N1)	942	1441
NP|PP755592.1|A/cattle/Texas/24-008749-003/2024(H5N1)	943	1390
NP|PP755592.1|A/cattle/Texas/24-008749-003/2024(H5N1)	944	1385
NP|PP755592.1|A/cattle/Texas/24-008749-003/2024(H5N1)	945	1429
NP|PP755592.1|A/cattle/Texas/24-008749-003/2024(H5N1)	946	1440
NP|PP755592.1|A/cattle/Texas/24-008749-003/2024(H5N1)	947	1440
NP|PP755592.1|A/cattle/Texas/24-008749-003/2024(H5N1)	948	1432
NP|PP755592.1|A/cattle/Texas/24-008749-003/2024(H5N1)	949	1415
NP|PP755592.1|A/cattle/Texas/24-008749-003/2024(H5N1)	950	1421
NP|PP755592.1|A/cattle/Texas/24-008749-003/2024(H5N1)	951	1418
NP|PP755592.1|A/cattle/Texas/24-008749-003/2024(H5N1)	952	1419
NP|PP755592.1|A/cattle/Texas/24-008749-003/2024(H5N1)	953	1409
NP|PP755592.1|A/cattle/Texas/24-008749-003/2024(H5N1)	954	1361
NP|PP755592.1|A/cattle/Texas/24-008749-003/2024(H5N1)	955	1369
NP|PP755592.1|A/cattle/Texas/24-008749-003/2024(H5N1)	956	1368
NP|PP755592.1|A/cattle/Texas/24-008749-003/2024(H5N1)	957	1369
NP|PP755592.1|A/cattle/Texas/24-008749-003/2024(H5N1)	958	1373
NP|PP755592.1|A/cattle/Texas/24-008749-003/2024(H5N1)	959	1376
NP|PP755592.1|A/cattle/Texas/24-008749-003/2024(H5N1)	960	1382
NP|PP755592.1|A/cattle/Texas/24-008749-003/2024(H5N1)	961	1382
NP|PP755592.1|A/cattle/Texas/24-008749-003/2024(H5N1)	962	1377
NP|PP755592.1|A/cattle/Texas/24-008749-003/2024(H5N1)	963	1372
NP|PP755592.1|A/cattle/Texas/24-008749-003/2024(H5N1)	964	1342
NP|PP755592.1|A/cattle/Texas/24-008749-003/2024(H5N1)	965	1341
NP|PP755592.1|A/cattle/Texas/24-008749-003/2024(H5N1)	966	1318
NP|PP755592.1|A/cattle/Texas/24-008749-003/2024(H5N1)	967	1317
NP|PP755592.1|A/cattle/Texas/24-008749-003/2024(H5N1)	968	1294
NP|PP755592.1|A/cattle/Texas/24-008749-003/2024(H5N1)	969	1290
NP|PP755592.1|A/cattle/Texas/24-008749-003/2024(H5N1)	970	1293
NP|PP755592.1|A/cattle/Texas/24-008749-003/2024(H5N1)	971	1292
NP|PP755592.1|A/cattle/Texas/24-008749-003/2024(H5N1)	972	1293
NP|PP755592.1|A/cattle/Texas/24-008749-003/2024(H5N1)	973	1360
NP|PP755592.1|A/cattle/Texas/24-008749-003/2024(H5N1)	974	1362
NP|PP755592.1|A/cattle/Texas/24-008749-003/2024(H5N1)	975	1364
NP|PP755592.1|A/cattle/Texas/24-008749-003/2024(H5N1)	976	1365
NP|PP755592.1|A/cattle/Texas/24-008749-003/2024(H5N1)	977	1370
NP|PP755592.1|A/cattle/Texas/24-008749-003/2024(H5N1)	978	1396
NP|PP755592.1|A/cattle/Texas/24-008749-003/2024(H5N1)	979	1383
NP|PP755592.1|A/cattle/Texas/24-008749-003/2024(H5N1)	980	1379
NP|PP755592.1|A/cattle/Texas/24-008749-003/2024(H5N1)	981	1376
NP|PP755592.1|A/cattle/Texas/24-008749-003/2024(H5N1)	982	1377
NP|PP755592.1|A/cattle/Texas/24-008749-003/2024(H5N1)	983	1411
NP|PP755592.1|A/cattle/Texas/24-008749-003/2024(H5N1)	984	1456
NP|PP755592.1|A/cattle/Texas/24-008749-003/2024(H5N1)	985	1463
NP|PP755592.1|A/cattle/Texas/24-008749-003/2024(H5N1)	986	1474
NP|PP755592.1|A/cattle/Texas/24-008749-003/2024(H5N1)	987	1473
NP|PP755592.1|A/cattle/Texas/24-008749-003/2024(H5N1)	988	1480
NP|PP755592.1|A/cattle/Texas/24-008749-003/2024(H5N1)	989	1461
NP|PP755592.1|A/cattle/Texas/24-008749-003/2024(H5N1)	990	1460
NP|PP755592.1|A/cattle/Texas/24-008749-003/2024(H5N1)	991	1459
NP|PP755592.1|A/cattle/Texas/24-008749-003/2024(H5N1)	992	1467
NP|PP755592.1|A/cattle/Texas/24-008749-003/2024(H5N1)	993	1421
NP|PP755592.1|A/cattle/Texas/24-008749-003/2024(H5N1)	994	1467
NP|PP755592.1|A/cattle/Texas/24-008749-003/2024(H5N1)	995	1418
NP|PP755592.1|A/cattle/Texas/24-008749-003/2024(H5N1)	996	1432
NP|PP755592.1|A/cattle/Texas/24-008749-003/2024(H5N1)	997	1441
NP|PP755592.1|A/cattle/Texas/24-008749-003/2024(H5N1)	998	1426
NP|PP755592.1|A/cattle/Texas/24-008749-003/2024(H5N1)	999	1448
NP|PP755592.1|A/cattle/Texas/24-008749-003/2024(H5N1)	1000	1429
NP|PP755592.1|A/cattle/Texas/24-008749-003/2024(H5N1)	1001	1426
NP|PP755592.1|A/cattle/Texas/24-008749-003/2024(H5N1)	1002	1426
NP|PP755592.1|A/cattle/Texas/24-008749-003/2024(H5N1)	1003	1407
NP|PP755592.1|A/cattle/Texas/24-008749-003/2024(H5N1)	1004	1407
NP|PP755592.1|A/cattle/Texas/24-008749-003/2024(H5N1)	1005	1352
NP|PP755592.1|A/cattle/Texas/24-008749-003/2024(H5N1)	1006	1349
NP|PP755592.1|A/cattle/Texas/24-008749-003/2024(H5N1)	1007	1354
NP|PP755592.1|A/cattle/Texas/24-008749-003/2024(H5N1)	1008	1341
NP|PP755592.1|A/cattle/Texas/24-008749-003/2024(H5N1)	1009	1399
NP|PP755592.1|A/cattle/Texas/24-008749-003/2024(H5N1)	1010	1431
NP|PP755592.1|A/cattle/Texas/24-008749-003/2024(H5N1)	1011	1433
NP|PP755592.1|A/cattle/Texas/24-008749-003/2024(H5N1)	1012	1434
NP|PP755592.1|A/cattle/Texas/24-008749-003/2024(H5N1)	1013	1390
NP|PP755592.1|A/cattle/Texas/24-008749-003/2024(H5N1)	1014	1390
NP|PP755592.1|A/cattle/Texas/24-008749-003/2024(H5N1)	1015	1391
NP|PP755592.1|A/cattle/Texas/24-008749-003/2024(H5N1)	1016	1406
NP|PP755592.1|A/cattle/Texas/24-008749-003/2024(H5N1)	1017	1405
NP|PP755592.1|A/cattle/Texas/24-008749-003/2024(H5N1)	1018	1430
NP|PP755592.1|A/cattle/Texas/24-008749-003/2024(H5N1)	1019	1445
NP|PP755592.1|A/cattle/Texas/24-008749-003/2024(H5N1)	1020	1441
NP|PP755592.1|A/cattle/Texas/24-008749-003/2024(H5N1)	1021	1433
NP|PP755592.1|A/cattle/Texas/24-008749-003/2024(H5N1)	1022	1432
NP|PP755592.1|A/cattle/Texas/24-008749-003/2024(H5N1)	1023	1434
NP|PP755592.1|A/cattle/Texas/24-008749-003/2024(H5N1)	1024	1434
NP|PP755592.1|A/cattle/Texas/24-008749-003/2024(H5N1)	1025	1434
NP|PP755592.1|A/cattle/Texas/24-008749-003/2024(H5N1)	1026	1402
NP|PP755592.1|A/cattle/Texas/24-008749-003/2024(H5N1)	1027	1412
NP|PP755592.1|A/cattle/Texas/24-008749-003/2024(H5N1)	1028	1396
NP|PP755592.1|A/cattle/Texas/24-008749-003/2024(H5N1)	1029	1390
NP|PP755592.1|A/cattle/Texas/24-008749-003/2024(H5N1)	1030	1419
NP|PP755592.1|A/cattle/Texas/24-008749-003/2024(H5N1)	1031	1420
NP|PP755592.1|A/cattle/Texas/24-008749-003/2024(H5N1)	1032	1419
NP|PP755592.1|A/cattle/Texas/24-008749-003/2024(H5N1)	1033	1417
NP|PP755592.1|A/cattle/Texas/24-008749-003/2024(H5N1)	1034	1404
NP|PP755592.1|A/cattle/Texas/24-008749-003/2024(H5N1)	1035	1412
NP|PP755592.1|A/cattle/Texas/24-008749-003/2024(H5N1)	1036	1378
NP|PP755592.1|A/cattle/Texas/24-008749-003/2024(H5N1)	1037	1389
NP|PP755592.1|A/cattle/Texas/24-008749-003/2024(H5N1)	1038	1377
NP|PP755592.1|A/cattle/Texas/24-008749-003/2024(H5N1)	1039	1378
NP|PP755592.1|A/cattle/Texas/24-008749-003/2024(H5N1)	1040	1379
NP|PP755592.1|A/cattle/Texas/24-008749-003/2024(H5N1)	1041	1370
NP|PP755592.1|A/cattle/Texas/24-008749-003/2024(H5N1)	1042	1345
NP|PP755592.1|A/cattle/Texas/24-008749-003/2024(H5N1)	1043	1345
NP|PP755592.1|A/cattle/Texas/24-008749-003/2024(H5N1)	1044	1347
NP|PP755592.1|A/cattle/Texas/24-008749-003/2024(H5N1)	1045	1328
NP|PP755592.1|A/cattle/Texas/24-008749-003/2024(H5N1)	1046	1352
NP|PP755592.1|A/cattle/Texas/24-008749-003/2024(H5N1)	1047	1379
NP|PP755592.1|A/cattle/Texas/24-008749-003/2024(H5N1)	1048	1423
NP|PP755592.1|A/cattle/Texas/24-008749-003/2024(H5N1)	1049	1403
NP|PP755592.1|A/cattle/Texas/24-008749-003/2024(H5N1)	1050	1403
NP|PP755592.1|A/cattle/Texas/24-008749-003/2024(H5N1)	1051	1402
NP|PP755592.1|A/cattle/Texas/24-008749-003/2024(H5N1)	1052	1431
NP|PP755592.1|A/cattle/Texas/24-008749-003/2024(H5N1)	1053	1437
NP|PP755592.1|A/cattle/Texas/24-008749-003/2024(H5N1)	1054	1439
NP|PP755592.1|A/cattle/Texas/24-008749-003/2024(H5N1)	1055	1417
NP|PP755592.1|A/cattle/Texas/24-008749-003/2024(H5N1)	1056	1391
NP|PP755592.1|A/cattle/Texas/24-008749-003/2024(H5N1)	1057	1402
NP|PP755592.1|A/cattle/Texas/24-008749-003/2024(H5N1)	1058	1417
NP|PP755592.1|A/cattle/Texas/24-008749-003/2024(H5N1)	1059	1405
NP|PP755592.1|A/cattle/Texas/24-008749-003/2024(H5N1)	1060	1411
NP|PP755592.1|A/cattle/Texas/24-008749-003/2024(H5N1)	1061	1385
NP|PP755592.1|A/cattle/Texas/24-008749-003/2024(H5N1)	1062	1387
NP|PP755592.1|A/cattle/Texas/24-008749-003/2024(H5N1)	1063	1387
NP|PP755592.1|A/cattle/Texas/24-008749-003/2024(H5N1)	1064	1418
NP|PP755592.1|A/cattle/Texas/24-008749-003/2024(H5N1)	1065	1428
NP|PP755592.1|A/cattle/Texas/24-008749-003/2024(H5N1)	1066	1431
NP|PP755592.1|A/cattle/Texas/24-008749-003/2024(H5N1)	1067	1429
NP|PP755592.1|A/cattle/Texas/24-008749-003/2024(H5N1)	1068	1452
NP|PP755592.1|A/cattle/Texas/24-008749-003/2024(H5N1)	1069	1380
NP|PP755592.1|A/cattle/Texas/24-008749-003/2024(H5N1)	1070	1380
NP|PP755592.1|A/cattle/Texas/24-008749-003/2024(H5N1)	1071	1386
NP|PP755592.1|A/cattle/Texas/24-008749-003/2024(H5N1)	1072	1391
NP|PP755592.1|A/cattle/Texas/24-008749-003/2024(H5N1)	1073	1369
NP|PP755592.1|A/cattle/Texas/24-008749-003/2024(H5N1)	1074	1380
NP|PP755592.1|A/cattle/Texas/24-008749-003/2024(H5N1)	1075	1384
NP|PP755592.1|A/cattle/Texas/24-008749-003/2024(H5N1)	1076	1387
NP|PP755592.1|A/cattle/Texas/24-008749-003/2024(H5N1)	1077	1431
NP|PP755592.1|A/cattle/Texas/24-008749-003/2024(H5N1)	1078	1435
NP|PP755592.1|A/cattle/Texas/24-008749-003/2024(H5N1)	1079	1432
NP|PP755592.1|A/cattle/Texas/24-008749-003/2024(H5N1)	1080	1425
NP|PP755592.1|A/cattle/Texas/24-008749-003/2024(H5N1)	1081	1410
NP|PP755592.1|A/cattle/Texas/24-008749-003/2024(H5N1)	1082	1411
NP|PP755592.1|A/cattle/Texas/24-008749-003/2024(H5N1)	1083	1409
NP|PP755592.1|A/cattle/Texas/24-008749-003/2024(H5N1)	1084	1408
NP|PP755592.1|A/cattle/Texas/24-008749-003/2024(H5N1)	1085	1403
NP|PP755592.1|A/cattle/Texas/24-008749-003/2024(H5N1)	1086	1340
NP|PP755592.1|A/cattle/Texas/24-008749-003/2024(H5N1)	1087	1346
NP|PP755592.1|A/cattle/Texas/24-008749-003/2024(H5N1)	1088	1378
NP|PP755592.1|A/cattle/Texas/24-008749-003/2024(H5N1)	1089	1379
NP|PP755592.1|A/cattle/Texas/24-008749-003/2024(H5N1)	1090	1370
NP|PP755592.1|A/cattle/Texas/24-008749-003/2024(H5N1)	1091	1368
NP|PP755592.1|A/cattle/Texas/24-008749-003/2024(H5N1)	1092	1359
NP|PP755592.1|A/cattle/Texas/24-008749-003/2024(H5N1)	1093	1438
NP|PP755592.1|A/cattle/Texas/24-008749-003/2024(H5N1)	1094	1436
NP|PP755592.1|A/cattle/Texas/24-008749-003/2024(H5N1)	1095	1436
NP|PP755592.1|A/cattle/Texas/24-008749-003/2024(H5N1)	1096	1395
NP|PP755592.1|A/cattle/Texas/24-008749-003/2024(H5N1)	1097	1392
NP|PP755592.1|A/cattle/Texas/24-008749-003/2024(H5N1)	1098	1430
NP|PP755592.1|A/cattle/Texas/24-008749-003/2024(H5N1)	1099	1437
NP|PP755592.1|A/cattle/Texas/24-008749-003/2024(H5N1)	1100	1430
NP|PP755592.1|A/cattle/Texas/24-008749-003/2024(H5N1)	1101	1429
NP|PP755592.1|A/cattle/Texas/24-008749-003/2024(H5N1)	1102	1440
NP|PP755592.1|A/cattle/Texas/24-008749-003/2024(H5N1)	1103	1443
NP|PP755592.1|A/cattle/Texas/24-008749-003/2024(H5N1)	1104	1446
NP|PP755592.1|A/cattle/Texas/24-008749-003/2024(H5N1)	1105	1450
NP|PP755592.1|A/cattle/Texas/24-008749-003/2024(H5N1)	1106	1442
NP|PP755592.1|A/cattle/Texas/24-008749-003/2024(H5N1)	1107	1451
NP|PP755592.1|A/cattle/Texas/24-008749-003/2024(H5N1)	1108	1452
NP|PP755592.1|A/cattle/Texas/24-008749-003/2024(H5N1)	1109	1455
NP|PP755592.1|A/cattle/Texas/24-008749-003/2024(H5N1)	1110	1507
NP|PP755592.1|A/cattle/Texas/24-008749-003/2024(H5N1)	1111	1503
NP|PP755592.1|A/cattle/Texas/24-008749-003/2024(H5N1)	1112	1498
NP|PP755592.1|A/cattle/Texas/24-008749-003/2024(H5N1)	1113	1491
NP|PP755592.1|A/cattle/Texas/24-008749-003/2024(H5N1)	1114	1518
NP|PP755592.1|A/cattle/Texas/24-008749-003/2024(H5N1)	1115	1519
NP|PP755592.1|A/cattle/Texas/24-008749-003/2024(H5N1)	1116	1513
NP|PP755592.1|A/cattle/Texas/24-008749-003/2024(H5N1)	1117	1504
NP|PP755592.1|A/cattle/Texas/24-008749-003/2024(H5N1)	1118	1519
NP|PP755592.1|A/cattle/Texas/24-008749-003/2024(H5N1)	1119	1470
NP|PP755592.1|A/cattle/Texas/24-008749-003/2024(H5N1)	1120	1471
NP|PP755592.1|A/cattle/Texas/24-008749-003/2024(H5N1)	1121	1461
NP|PP755592.1|A/cattle/Texas/24-008749-003/2024(H5N1)	1122	1462
NP|PP755592.1|A/cattle/Texas/24-008749-003/2024(H5N1)	1123	1462
NP|PP755592.1|A/cattle/Texas/24-008749-003/2024(H5N1)	1124	1462
NP|PP755592.1|A/cattle/Texas/24-008749-003/2024(H5N1)	1125	1508
NP|PP755592.1|A/cattle/Texas/24-008749-003/2024(H5N1)	1126	1505
NP|PP755592.1|A/cattle/Texas/24-008749-003/2024(H5N1)	1127	1505
NP|PP755592.1|A/cattle/Texas/24-008749-003/2024(H5N1)	1128	1505
NP|PP755592.1|A/cattle/Texas/24-008749-003/2024(H5N1)	1129	1484
NP|PP755592.1|A/cattle/Texas/24-008749-003/2024(H5N1)	1130	1487
NP|PP755592.1|A/cattle/Texas/24-008749-003/2024(H5N1)	1131	1529
NP|PP755592.1|A/cattle/Texas/24-008749-003/2024(H5N1)	1132	1529
NP|PP755592.1|A/cattle/Texas/24-008749-003/2024(H5N1)	1133	1550
NP|PP755592.1|A/cattle/Texas/24-008749-003/2024(H5N1)	1134	1457
NP|PP755592.1|A/cattle/Texas/24-008749-003/2024(H5N1)	1135	1451
NP|PP755592.1|A/cattle/Texas/24-008749-003/2024(H5N1)	1136	1431
NP|PP755592.1|A/cattle/Texas/24-008749-003/2024(H5N1)	1137	1429
NP|PP755592.1|A/cattle/Texas/24-008749-003/2024(H5N1)	1138	1453
NP|PP755592.1|A/cattle/Texas/24-008749-003/2024(H5N1)	1139	1453
NP|PP755592.1|A/cattle/Texas/24-008749-003/2024(H5N1)	1140	1450
NP|PP755592.1|A/cattle/Texas/24-008749-003/2024(H5N1)	1141	1406
NP|PP755592.1|A/cattle/Texas/24-008749-003/2024(H5N1)	1142	1396
NP|PP755592.1|A/cattle/Texas/24-008749-003/2024(H5N1)	1143	1397
NP|PP755592.1|A/cattle/Texas/24-008749-003/2024(H5N1)	1144	1420
NP|PP755592.1|A/cattle/Texas/24-008749-003/2024(H5N1)	1145	1423
NP|PP755592.1|A/cattle/Texas/24-008749-003/2024(H5N1)	1146	1442
NP|PP755592.1|A/cattle/Texas/24-008749-003/2024(H5N1)	1147	1435
NP|PP755592.1|A/cattle/Texas/24-008749-003/2024(H5N1)	1148	1436
NP|PP755592.1|A/cattle/Texas/24-008749-003/2024(H5N1)	1149	1440
NP|PP755592.1|A/cattle/Texas/24-008749-003/2024(H5N1)	1150	1437
NP|PP755592.1|A/cattle/Texas/24-008749-003/2024(H5N1)	1151	1451
NP|PP755592.1|A/cattle/Texas/24-008749-003/2024(H5N1)	1152	1485
NP|PP755592.1|A/cattle/Texas/24-008749-003/2024(H5N1)	1153	1483
NP|PP755592.1|A/cattle/Texas/24-008749-003/2024(H5N1)	1154	1480
NP|PP755592.1|A/cattle/Texas/24-008749-003/2024(H5N1)	1155	1474
NP|PP755592.1|A/cattle/Texas/24-008749-003/2024(H5N1)	1156	1440
NP|PP755592.1|A/cattle/Texas/24-008749-003/2024(H5N1)	1157	1458
NP|PP755592.1|A/cattle/Texas/24-008749-003/2024(H5N1)	1158	1459
NP|PP755592.1|A/cattle/Texas/24-008749-003/2024(H5N1)	1159	1478
NP|PP755592.1|A/cattle/Texas/24-008749-003/2024(H5N1)	1160	1483
NP|PP755592.1|A/cattle/Texas/24-008749-003/2024(H5N1)	1161	1458
NP|PP755592.1|A/cattle/Texas/24-008749-003/2024(H5N1)	1162	1457
NP|PP755592.1|A/cattle/Texas/24-008749-003/2024(H5N1)	1163	1456
NP|PP755592.1|A/cattle/Texas/24-008749-003/2024(H5N1)	1164	1457
NP|PP755592.1|A/cattle/Texas/24-008749-003/2024(H5N1)	1165	1456
NP|PP755592.1|A/cattle/Texas/24-008749-003/2024(H5N1)	1166	1440
NP|PP755592.1|A/cattle/Texas/24-008749-003/2024(H5N1)	1167	1459
NP|PP755592.1|A/cattle/Texas/24-008749-003/2024(H5N1)	1168	1466
NP|PP755592.1|A/cattle/Texas/24-008749-003/2024(H5N1)	1169	1435
NP|PP755592.1|A/cattle/Texas/24-008749-003/2024(H5N1)	1170	1441
NP|PP755592.1|A/cattle/Texas/24-008749-003/2024(H5N1)	1171	1437
NP|PP755592.1|A/cattle/Texas/24-008749-003/2024(H5N1)	1172	1449
NP|PP755592.1|A/cattle/Texas/24-008749-003/2024(H5N1)	1173	1455
NP|PP755592.1|A/cattle/Texas/24-008749-003/2024(H5N1)	1174	1457
NP|PP755592.1|A/cattle/Texas/24-008749-003/2024(H5N1)	1175	1468
NP|PP755592.1|A/cattle/Texas/24-008749-003/2024(H5N1)	1176	1468
NP|PP755592.1|A/cattle/Texas/24-008749-003/2024(H5N1)	1177	1472
NP|PP755592.1|A/cattle/Texas/24-008749-003/2024(H5N1)	1178	1460
NP|PP755592.1|A/cattle/Texas/24-008749-003/2024(H5N1)	1179	1458
NP|PP755592.1|A/cattle/Texas/24-008749-003/2024(H5N1)	1180	1456
NP|PP755592.1|A/cattle/Texas/24-008749-003/2024(H5N1)	1181	1476
NP|PP755592.1|A/cattle/Texas/24-008749-003/2024(H5N1)	1182	1482
NP|PP755592.1|A/cattle/Texas/24-008749-003/2024(H5N1)	1183	1482
NP|PP755592.1|A/cattle/Texas/24-008749-003/2024(H5N1)	1184	1465
NP|PP755592.1|A/cattle/Texas/24-008749-003/2024(H5N1)	1185	1463
NP|PP755592.1|A/cattle/Texas/24-008749-003/2024(H5N1)	1186	1461
NP|PP755592.1|A/cattle/Texas/24-008749-003/2024(H5N1)	1187	1478
NP|PP755592.1|A/cattle/Texas/24-008749-003/2024(H5N1)	1188	1466
NP|PP755592.1|A/cattle/Texas/24-008749-003/2024(H5N1)	1189	1515
NP|PP755592.1|A/cattle/Texas/24-008749-003/2024(H5N1)	1190	1523
NP|PP755592.1|A/cattle/Texas/24-008749-003/2024(H5N1)	1191	1537
NP|PP755592.1|A/cattle/Texas/24-008749-003/2024(H5N1)	1192	1539
NP|PP755592.1|A/cattle/Texas/24-008749-003/2024(H5N1)	1193	1526
NP|PP755592.1|A/cattle/Texas/24-008749-003/2024(H5N1)	1194	1527
NP|PP755592.1|A/cattle/Texas/24-008749-003/2024(H5N1)	1195	1524
NP|PP755592.1|A/cattle/Texas/24-008749-003/2024(H5N1)	1196	1506
NP|PP755592.1|A/cattle/Texas/24-008749-003/2024(H5N1)	1197	1507
NP|PP755592.1|A/cattle/Texas/24-008749-003/2024(H5N1)	1198	1425
NP|PP755592.1|A/cattle/Texas/24-008749-003/2024(H5N1)	1199	1445
NP|PP755592.1|A/cattle/Texas/24-008749-003/2024(H5N1)	1200	1425
NP|PP755592.1|A/cattle/Texas/24-008749-003/2024(H5N1)	1201	1428
NP|PP755592.1|A/cattle/Texas/24-008749-003/2024(H5N1)	1202	1410
NP|PP755592.1|A/cattle/Texas/24-008749-003/2024(H5N1)	1203	1408
NP|PP755592.1|A/cattle/Texas/24-008749-003/2024(H5N1)	1204	1409
NP|PP755592.1|A/cattle/Texas/24-008749-003/2024(H5N1)	1205	1402
NP|PP755592.1|A/cattle/Texas/24-008749-003/2024(H5N1)	1206	1398
NP|PP755592.1|A/cattle/Texas/24-008749-003/2024(H5N1)	1207	1398
NP|PP755592.1|A/cattle/Texas/24-008749-003/2024(H5N1)	1208	1395
NP|PP755592.1|A/cattle/Texas/24-008749-003/2024(H5N1)	1209	1381
NP|PP755592.1|A/cattle/Texas/24-008749-003/2024(H5N1)	1210	1411
NP|PP755592.1|A/cattle/Texas/24-008749-003/2024(H5N1)	1211	1403
NP|PP755592.1|A/cattle/Texas/24-008749-003/2024(H5N1)	1212	1399
NP|PP755592.1|A/cattle/Texas/24-008749-003/2024(H5N1)	1213	1420
NP|PP755592.1|A/cattle/Texas/24-008749-003/2024(H5N1)	1214	1406
NP|PP755592.1|A/cattle/Texas/24-008749-003/2024(H5N1)	1215	1395
NP|PP755592.1|A/cattle/Texas/24-008749-003/2024(H5N1)	1216	1401
NP|PP755592.1|A/cattle/Texas/24-008749-003/2024(H5N1)	1217	1419
NP|PP755592.1|A/cattle/Texas/24-008749-003/2024(H5N1)	1218	1419
NP|PP755592.1|A/cattle/Texas/24-008749-003/2024(H5N1)	1219	1387
NP|PP755592.1|A/cattle/Texas/24-008749-003/2024(H5N1)	1220	1398
NP|PP755592.1|A/cattle/Texas/24-008749-003/2024(H5N1)	1221	1432
NP|PP755592.1|A/cattle/Texas/24-008749-003/2024(H5N1)	1222	1443
NP|PP755592.1|A/cattle/Texas/24-008749-003/2024(H5N1)	1223	1434
NP|PP755592.1|A/cattle/Texas/24-008749-003/2024(H5N1)	1224	1427
NP|PP755592.1|A/cattle/Texas/24-008749-003/2024(H5N1)	1225	1424
NP|PP755592.1|A/cattle/Texas/24-008749-003/2024(H5N1)	1226	1409
NP|PP755592.1|A/cattle/Texas/24-008749-003/2024(H5N1)	1227	1433
NP|PP755592.1|A/cattle/Texas/24-008749-003/2024(H5N1)	1228	1431
NP|PP755592.1|A/cattle/Texas/24-008749-003/2024(H5N1)	1229	1404
NP|PP755592.1|A/cattle/Texas/24-008749-003/2024(H5N1)	1230	1437
NP|PP755592.1|A/cattle/Texas/24-008749-003/2024(H5N1)	1231	1424
NP|PP755592.1|A/cattle/Texas/24-008749-003/2024(H5N1)	1232	1421
NP|PP755592.1|A/cattle/Texas/24-008749-003/2024(H5N1)	1233	1421
NP|PP755592.1|A/cattle/Texas/24-008749-003/2024(H5N1)	1234	1418
NP|PP755592.1|A/cattle/Texas/24-008749-003/2024(H5N1)	1235	1490
NP|PP755592.1|A/cattle/Texas/24-008749-003/2024(H5N1)	1236	1475
NP|PP755592.1|A/cattle/Texas/24-008749-003/2024(H5N1)	1237	1468
NP|PP755592.1|A/cattle/Texas/24-008749-003/2024(H5N1)	1238	1469
NP|PP755592.1|A/cattle/Texas/24-008749-003/2024(H5N1)	1239	1456
NP|PP755592.1|A/cattle/Texas/24-008749-003/2024(H5N1)	1240	1516
NP|PP755592.1|A/cattle/Texas/24-008749-003/2024(H5N1)	1241	1516
NP|PP755592.1|A/cattle/Texas/24-008749-003/2024(H5N1)	1242	1513
NP|PP755592.1|A/cattle/Texas/24-008749-003/2024(H5N1)	1243	1519
NP|PP755592.1|A/cattle/Texas/24-008749-003/2024(H5N1)	1244	1422
NP|PP755592.1|A/cattle/Texas/24-008749-003/2024(H5N1)	1245	1431
NP|PP755592.1|A/cattle/Texas/24-008749-003/2024(H5N1)	1246	1455
NP|PP755592.1|A/cattle/Texas/24-008749-003/2024(H5N1)	1247	1455
NP|PP755592.1|A/cattle/Texas/24-008749-003/2024(H5N1)	1248	1483
NP|PP755592.1|A/cattle/Texas/24-008749-003/2024(H5N1)	1249	1432
NP|PP755592.1|A/cattle/Texas/24-008749-003/2024(H5N1)	1250	1429
NP|PP755592.1|A/cattle/Texas/24-008749-003/2024(H5N1)	1251	1432
NP|PP755592.1|A/cattle/Texas/24-008749-003/2024(H5N1)	1252	1425
NP|PP755592.1|A/cattle/Texas/24-008749-003/2024(H5N1)	1253	1424
NP|PP755592.1|A/cattle/Texas/24-008749-003/2024(H5N1)	1254	1439
NP|PP755592.1|A/cattle/Texas/24-008749-003/2024(H5N1)	1255	1437
NP|PP755592.1|A/cattle/Texas/24-008749-003/2024(H5N1)	1256	1424
NP|PP755592.1|A/cattle/Texas/24-008749-003/2024(H5N1)	1257	1389
NP|PP755592.1|A/cattle/Texas/24-008749-003/2024(H5N1)	1258	1391
NP|PP755592.1|A/cattle/Texas/24-008749-003/2024(H5N1)	1259	1391
NP|PP755592.1|A/cattle/Texas/24-008749-003/2024(H5N1)	1260	1394
NP|PP755592.1|A/cattle/Texas/24-008749-003/2024(H5N1)	1261	1419
NP|PP755592.1|A/cattle/Texas/24-008749-003/2024(H5N1)	1262	1420
NP|PP755592.1|A/cattle/Texas/24-008749-003/2024(H5N1)	1263	1421
NP|PP755592.1|A/cattle/Texas/24-008749-003/2024(H5N1)	1264	1393
NP|PP755592.1|A/cattle/Texas/24-008749-003/2024(H5N1)	1265	1411
NP|PP755592.1|A/cattle/Texas/24-008749-003/2024(H5N1)	1266	1406
NP|PP755592.1|A/cattle/Texas/24-008749-003/2024(H5N1)	1267	1407
NP|PP755592.1|A/cattle/Texas/24-008749-003/2024(H5N1)	1268	1401
NP|PP755592.1|A/cattle/Texas/24-008749-003/2024(H5N1)	1269	1403
NP|PP755592.1|A/cattle/Texas/24-008749-003/2024(H5N1)	1270	1420
NP|PP755592.1|A/cattle/Texas/24-008749-003/2024(H5N1)	1271	1443
NP|PP755592.1|A/cattle/Texas/24-008749-003/2024(H5N1)	1272	1462
NP|PP755592.1|A/cattle/Texas/24-008749-003/2024(H5N1)	1273	1462
NP|PP755592.1|A/cattle/Texas/24-008749-003/2024(H5N1)	1274	1462
NP|PP755592.1|A/cattle/Texas/24-008749-003/2024(H5N1)	1275	1463
NP|PP755592.1|A/cattle/Texas/24-008749-003/2024(H5N1)	1276	1424
NP|PP755592.1|A/cattle/Texas/24-008749-003/2024(H5N1)	1277	1425
NP|PP755592.1|A/cattle/Texas/24-008749-003/2024(H5N1)	1278	1405
NP|PP755592.1|A/cattle/Texas/24-008749-003/2024(H5N1)	1279	1396
NP|PP755592.1|A/cattle/Texas/24-008749-003/2024(H5N1)	1280	1392
NP|PP755592.1|A/cattle/Texas/24-008749-003/2024(H5N1)	1281	1343
NP|PP755592.1|A/cattle/Texas/24-008749-003/2024(H5N1)	1282	1345
NP|PP755592.1|A/cattle/Texas/24-008749-003/2024(H5N1)	1283	1359
NP|PP755592.1|A/cattle/Texas/24-008749-003/2024(H5N1)	1284	1412
NP|PP755592.1|A/cattle/Texas/24-008749-003/2024(H5N1)	1285	1418
NP|PP755592.1|A/cattle/Texas/24-008749-003/2024(H5N1)	1286	1418
NP|PP755592.1|A/cattle/Texas/24-008749-003/2024(H5N1)	1287	1418
NP|PP755592.1|A/cattle/Texas/24-008749-003/2024(H5N1)	1288	1421
NP|PP755592.1|A/cattle/Texas/24-008749-003/2024(H5N1)	1289	1408
NP|PP755592.1|A/cattle/Texas/24-008749-003/2024(H5N1)	1290	1405
NP|PP755592.1|A/cattle/Texas/24-008749-003/2024(H5N1)	1291	1414
NP|PP755592.1|A/cattle/Texas/24-008749-003/2024(H5N1)	1292	1466
NP|PP755592.1|A/cattle/Texas/24-008749-003/2024(H5N1)	1293	1473
NP|PP755592.1|A/cattle/Texas/24-008749-003/2024(H5N1)	1294	1469
NP|PP755592.1|A/cattle/Texas/24-008749-003/2024(H5N1)	1295	1469
NP|PP755592.1|A/cattle/Texas/24-008749-003/2024(H5N1)	1296	1471
NP|PP755592.1|A/cattle/Texas/24-008749-003/2024(H5N1)	1297	1472
NP|PP755592.1|A/cattle/Texas/24-008749-003/2024(H5N1)	1298	1468
NP|PP755592.1|A/cattle/Texas/24-008749-003/2024(H5N1)	1299	1460
NP|PP755592.1|A/cattle/Texas/24-008749-003/2024(H5N1)	1300	1462
NP|PP755592.1|A/cattle/Texas/24-008749-003/2024(H5N1)	1301	1499
NP|PP755592.1|A/cattle/Texas/24-008749-003/2024(H5N1)	1302	1503
NP|PP755592.1|A/cattle/Texas/24-008749-003/2024(H5N1)	1303	1478
NP|PP755592.1|A/cattle/Texas/24-008749-003/2024(H5N1)	1304	1499
NP|PP755592.1|A/cattle/Texas/24-008749-003/2024(H5N1)	1305	1498
NP|PP755592.1|A/cattle/Texas/24-008749-003/2024(H5N1)	1306	1489
NP|PP755592.1|A/cattle/Texas/24-008749-003/2024(H5N1)	1307	1490
NP|PP755592.1|A/cattle/Texas/24-008749-003/2024(H5N1)	1308	1473
NP|PP755592.1|A/cattle/Texas/24-008749-003/2024(H5N1)	1309	1475
NP|PP755592.1|A/cattle/Texas/24-008749-003/2024(H5N1)	1310	1490
NP|PP755592.1|A/cattle/Texas/24-008749-003/2024(H5N1)	1311	1477
NP|PP755592.1|A/cattle/Texas/24-008749-003/2024(H5N1)	1312	1482
NP|PP755592.1|A/cattle/Texas/24-008749-003/2024(H5N1)	1313	1483
NP|PP755592.1|A/cattle/Texas/24-008749-003/2024(H5N1)	1314	1489
NP|PP755592.1|A/cattle/Texas/24-008749-003/2024(H5N1)	1315	1504
NP|PP755592.1|A/cattle/Texas/24-008749-003/2024(H5N1)	1316	1504
NP|PP755592.1|A/cattle/Texas/24-008749-003/2024(H5N1)	1317	1504
NP|PP755592.1|A/cattle/Texas/24-008749-003/2024(H5N1)	1318	1503
NP|PP755592.1|A/cattle/Texas/24-008749-003/2024(H5N1)	1319	1482
NP|PP755592.1|A/cattle/Texas/24-008749-003/2024(H5N1)	1320	1479
NP|PP755592.1|A/cattle/Texas/24-008749-003/2024(H5N1)	1321	1467
NP|PP755592.1|A/cattle/Texas/24-008749-003/2024(H5N1)	1322	1495
NP|PP755592.1|A/cattle/Texas/24-008749-003/2024(H5N1)	1323	1489
NP|PP755592.1|A/cattle/Texas/24-008749-003/2024(H5N1)	1324	1488
NP|PP755592.1|A/cattle/Texas/24-008749-003/2024(H5N1)	1325	1469
NP|PP755592.1|A/cattle/Texas/24-008749-003/2024(H5N1)	1326	1443
NP|PP755592.1|A/cattle/Texas/24-008749-003/2024(H5N1)	1327	1446
NP|PP755592.1|A/cattle/Texas/24-008749-003/2024(H5N1)	1328	1442
NP|PP755592.1|A/cattle/Texas/24-008749-003/2024(H5N1)	1329	1452
NP|PP755592.1|A/cattle/Texas/24-008749-003/2024(H5N1)	1330	1479
NP|PP755592.1|A/cattle/Texas/24-008749-003/2024(H5N1)	1331	1458
NP|PP755592.1|A/cattle/Texas/24-008749-003/2024(H5N1)	1332	1459
NP|PP755592.1|A/cattle/Texas/24-008749-003/2024(H5N1)	1333	1553
NP|PP755592.1|A/cattle/Texas/24-008749-003/2024(H5N1)	1334	1553
NP|PP755592.1|A/cattle/Texas/24-008749-003/2024(H5N1)	1335	1554
NP|PP755592.1|A/cattle/Texas/24-008749-003/2024(H5N1)	1336	1550
NP|PP755592.1|A/cattle/Texas/24-008749-003/2024(H5N1)	1337	1558
NP|PP755592.1|A/cattle/Texas/24-008749-003/2024(H5N1)	1338	1541
NP|PP755592.1|A/cattle/Texas/24-008749-003/2024(H5N1)	1339	1543
NP|PP755592.1|A/cattle/Texas/24-008749-003/2024(H5N1)	1340	1509
NP|PP755592.1|A/cattle/Texas/24-008749-003/2024(H5N1)	1341	1502
NP|PP755592.1|A/cattle/Texas/24-008749-003/2024(H5N1)	1342	1556
NP|PP755592.1|A/cattle/Texas/24-008749-003/2024(H5N1)	1343	1558
NP|PP755592.1|A/cattle/Texas/24-008749-003/2024(H5N1)	1344	1560
NP|PP755592.1|A/cattle/Texas/24-008749-003/2024(H5N1)	1345	1564
NP|PP755592.1|A/cattle/Texas/24-008749-003/2024(H5N1)	1346	1561
NP|PP755592.1|A/cattle/Texas/24-008749-003/2024(H5N1)	1347	1561
NP|PP755592.1|A/cattle/Texas/24-008749-003/2024(H5N1)	1348	1554
NP|PP755592.1|A/cattle/Texas/24-008749-003/2024(H5N1)	1349	1558
NP|PP755592.1|A/cattle/Texas/24-008749-003/2024(H5N1)	1350	1562
NP|PP755592.1|A/cattle/Texas/24-008749-003/2024(H5N1)	1351	1558
NP|PP755592.1|A/cattle/Texas/24-008749-003/2024(H5N1)	1352	1545
NP|PP755592.1|A/cattle/Texas/24-008749-003/2024(H5N1)	1353	1545
NP|PP755592.1|A/cattle/Texas/24-008749-003/2024(H5N1)	1354	1538
NP|PP755592.1|A/cattle/Texas/24-008749-003/2024(H5N1)	1355	1552
NP|PP755592.1|A/cattle/Texas/24-008749-003/2024(H5N1)	1356	1546
NP|PP755592.1|A/cattle/Texas/24-008749-003/2024(H5N1)	1357	1554
NP|PP755592.1|A/cattle/Texas/24-008749-003/2024(H5N1)	1358	1539
NP|PP755592.1|A/cattle/Texas/24-008749-003/2024(H5N1)	1359	1533
NP|PP755592.1|A/cattle/Texas/24-008749-003/2024(H5N1)	1360	1544
NP|PP755592.1|A/cattle/Texas/24-008749-003/2024(H5N1)	1361	1546
NP|PP755592.1|A/cattle/Texas/24-008749-003/2024(H5N1)	1362	1551
NP|PP755592.1|A/cattle/Texas/24-008749-003/2024(H5N1)	1363	1555
NP|PP755592.1|A/cattle/Texas/24-008749-003/2024(H5N1)	1364	1534
NP|PP755592.1|A/cattle/Texas/24-008749-003/2024(H5N1)	1365	1539
NP|PP755592.1|A/cattle/Texas/24-008749-003/2024(H5N1)	1366	1525
NP|PP755592.1|A/cattle/Texas/24-008749-003/2024(H5N1)	1367	1518
NP|PP755592.1|A/cattle/Texas/24-008749-003/2024(H5N1)	1368	1505
NP|PP755592.1|A/cattle/Texas/24-008749-003/2024(H5N1)	1369	1669
NP|PP755592.1|A/cattle/Texas/24-008749-003/2024(H5N1)	1370	1650
NP|PP755592.1|A/cattle/Texas/24-008749-003/2024(H5N1)	1371	1668
NP|PP755592.1|A/cattle/Texas/24-008749-003/2024(H5N1)	1372	1688
NP|PP755592.1|A/cattle/Texas/24-008749-003/2024(H5N1)	1373	1679
NP|PP755592.1|A/cattle/Texas/24-008749-003/2024(H5N1)	1374	1695
NP|PP755592.1|A/cattle/Texas/24-008749-003/2024(H5N1)	1375	1686
NP|PP755592.1|A/cattle/Texas/24-008749-003/2024(H5N1)	1376	1671
NP|PP755592.1|A/cattle/Texas/24-008749-003/2024(H5N1)	1377	1668
NP|PP755592.1|A/cattle/Texas/24-008749-003/2024(H5N1)	1378	1641
NP|PP755592.1|A/cattle/Texas/24-008749-003/2024(H5N1)	1379	1644
NP|PP755592.1|A/cattle/Texas/24-008749-003/2024(H5N1)	1380	1642
NP|PP755592.1|A/cattle/Texas/24-008749-003/2024(H5N1)	1381	1594
NP|PP755592.1|A/cattle/Texas/24-008749-003/2024(H5N1)	1382	1594
NP|PP755592.1|A/cattle/Texas/24-008749-003/2024(H5N1)	1383	1593
NP|PP755592.1|A/cattle/Texas/24-008749-003/2024(H5N1)	1384	1593
NP|PP755592.1|A/cattle/Texas/24-008749-003/2024(H5N1)	1385	1596
NP|PP755592.1|A/cattle/Texas/24-008749-003/2024(H5N1)	1386	1533
NP|PP755592.1|A/cattle/Texas/24-008749-003/2024(H5N1)	1387	1561
NP|PP755592.1|A/cattle/Texas/24-008749-003/2024(H5N1)	1388	1518
NP|PP755592.1|A/cattle/Texas/24-008749-003/2024(H5N1)	1389	1458
NP|PP755592.1|A/cattle/Texas/24-008749-003/2024(H5N1)	1390	1453
NP|PP755592.1|A/cattle/Texas/24-008749-003/2024(H5N1)	1391	1454
NP|PP755592.1|A/cattle/Texas/24-008749-003/2024(H5N1)	1392	1451
NP|PP755592.1|A/cattle/Texas/24-008749-003/2024(H5N1)	1393	1451
NP|PP755592.1|A/cattle/Texas/24-008749-003/2024(H5N1)	1394	1440
NP|PP755592.1|A/cattle/Texas/24-008749-003/2024(H5N1)	1395	1441
NP|PP755592.1|A/cattle/Texas/24-008749-003/2024(H5N1)	1396	1407
NP|PP755592.1|A/cattle/Texas/24-008749-003/2024(H5N1)	1397	1381
NP|PP755592.1|A/cattle/Texas/24-008749-003/2024(H5N1)	1398	1374
NP|PP755592.1|A/cattle/Texas/24-008749-003/2024(H5N1)	1399	1371
NP|PP755592.1|A/cattle/Texas/24-008749-003/2024(H5N1)	1400	1368
NP|PP755592.1|A/cattle/Texas/24-008749-003/2024(H5N1)	1401	1366
NP|PP755592.1|A/cattle/Texas/24-008749-003/2024(H5N1)	1402	1368
NP|PP755592.1|A/cattle/Texas/24-008749-003/2024(H5N1)	1403	1368
NP|PP755592.1|A/cattle/Texas/24-008749-003/2024(H5N1)	1404	1344
NP|PP755592.1|A/cattle/Texas/24-008749-003/2024(H5N1)	1405	1343
NP|PP755592.1|A/cattle/Texas/24-008749-003/2024(H5N1)	1406	1331
NP|PP755592.1|A/cattle/Texas/24-008749-003/2024(H5N1)	1407	1310
NP|PP755592.1|A/cattle/Texas/24-008749-003/2024(H5N1)	1408	1304
NP|PP755592.1|A/cattle/Texas/24-008749-003/2024(H5N1)	1409	1295
NP|PP755592.1|A/cattle/Texas/24-008749-003/2024(H5N1)	1410	1295
NP|PP755592.1|A/cattle/Texas/24-008749-003/2024(H5N1)	1411	1283
NP|PP755592.1|A/cattle/Texas/24-008749-003/2024(H5N1)	1412	1279
NP|PP755592.1|A/cattle/Texas/24-008749-003/2024(H5N1)	1413	1278
NP|PP755592.1|A/cattle/Texas/24-008749-003/2024(H5N1)	1414	1277
NP|PP755592.1|A/cattle/Texas/24-008749-003/2024(H5N1)	1415	1257
NP|PP755592.1|A/cattle/Texas/24-008749-003/2024(H5N1)	1416	1259
NP|PP755592.1|A/cattle/Texas/24-008749-003/2024(H5N1)	1417	1257
NP|PP755592.1|A/cattle/Texas/24-008749-003/2024(H5N1)	1418	1257
NP|PP755592.1|A/cattle/Texas/24-008749-003/2024(H5N1)	1419	1251
NP|PP755592.1|A/cattle/Texas/24-008749-003/2024(H5N1)	1420	1237
NP|PP755592.1|A/cattle/Texas/24-008749-003/2024(H5N1)	1421	1207
NP|PP755592.1|A/cattle/Texas/24-008749-003/2024(H5N1)	1422	1207
NP|PP755592.1|A/cattle/Texas/24-008749-003/2024(H5N1)	1423	1187
NP|PP755592.1|A/cattle/Texas/24-008749-003/2024(H5N1)	1424	1187
NP|PP755592.1|A/cattle/Texas/24-008749-003/2024(H5N1)	1425	1173
NP|PP755592.1|A/cattle/Texas/24-008749-003/2024(H5N1)	1426	1166
NP|PP755592.1|A/cattle/Texas/24-008749-003/2024(H5N1)	1427	1163
NP|PP755592.1|A/cattle/Texas/24-008749-003/2024(H5N1)	1428	1159
NP|PP755592.1|A/cattle/Texas/24-008749-003/2024(H5N1)	1429	1158
NP|PP755592.1|A/cattle/Texas/24-008749-003/2024(H5N1)	1430	1149
NP|PP755592.1|A/cattle/Texas/24-008749-003/2024(H5N1)	1431	1138
NP|PP755592.1|A/cattle/Texas/24-008749-003/2024(H5N1)	1432	1126
NP|PP755592.1|A/cattle/Texas/24-008749-003/2024(H5N1)	1433	1122
NP|PP755592.1|A/cattle/Texas/24-008749-003/2024(H5N1)	1434	1120
NP|PP755592.1|A/cattle/Texas/24-008749-003/2024(H5N1)	1435	1113
NP|PP755592.1|A/cattle/Texas/24-008749-003/2024(H5N1)	1436	1109
NP|PP755592.1|A/cattle/Texas/24-008749-003/2024(H5N1)	1437	1106
NP|PP755592.1|A/cattle/Texas/24-008749-003/2024(H5N1)	1438	1106
NP|PP755592.1|A/cattle/Texas/24-008749-003/2024(H5N1)	1439	1104
NP|PP755592.1|A/cattle/Texas/24-008749-003/2024(H5N1)	1440	1102
NP|PP755592.1|A/cattle/Texas/24-008749-003/2024(H5N1)	1441	1095
NP|PP755592.1|A/cattle/Texas/24-008749-003/2024(H5N1)	1442	1010
NP|PP755592.1|A/cattle/Texas/24-008749-003/2024(H5N1)	1443	1007
NP|PP755592.1|A/cattle/Texas/24-008749-003/2024(H5N1)	1444	1002
NP|PP755592.1|A/cattle/Texas/24-008749-003/2024(H5N1)	1445	965
NP|PP755592.1|A/cattle/Texas/24-008749-003/2024(H5N1)	1446	964
NP|PP755592.1|A/cattle/Texas/24-008749-003/2024(H5N1)	1447	970
NP|PP755592.1|A/cattle/Texas/24-008749-003/2024(H5N1)	1448	970
NP|PP755592.1|A/cattle/Texas/24-008749-003/2024(H5N1)	1449	970
NP|PP755592.1|A/cattle/Texas/24-008749-003/2024(H5N1)	1450	970
NP|PP755592.1|A/cattle/Texas/24-008749-003/2024(H5N1)	1451	970
NP|PP755592.1|A/cattle/Texas/24-008749-003/2024(H5N1)	1452	918
NP|PP755592.1|A/cattle/Texas/24-008749-003/2024(H5N1)	1453	911
NP|PP755592.1|A/cattle/Texas/24-008749-003/2024(H5N1)	1454	879
NP|PP755592.1|A/cattle/Texas/24-008749-003/2024(H5N1)	1455	877
NP|PP755592.1|A/cattle/Texas/24-008749-003/2024(H5N1)	1456	877
NP|PP755592.1|A/cattle/Texas/24-008749-003/2024(H5N1)	1457	873
NP|PP755592.1|A/cattle/Texas/24-008749-003/2024(H5N1)	1458	870
NP|PP755592.1|A/cattle/Texas/24-008749-003/2024(H5N1)	1459	870
NP|PP755592.1|A/cattle/Texas/24-008749-003/2024(H5N1)	1460	867
NP|PP755592.1|A/cattle/Texas/24-008749-003/2024(H5N1)	1461	845
NP|PP755592.1|A/cattle/Texas/24-008749-003/2024(H5N1)	1462	837
NP|PP755592.1|A/cattle/Texas/24-008749-003/2024(H5N1)	1463	823
NP|PP755592.1|A/cattle/Texas/24-008749-003/2024(H5N1)	1464	818
NP|PP755592.1|A/cattle/Texas/24-008749-003/2024(H5N1)	1465	798
NP|PP755592.1|A/cattle/Texas/24-008749-003/2024(H5N1)	1466	798
NP|PP755592.1|A/cattle/Texas/24-008749-003/2024(H5N1)	1467	779
NP|PP755592.1|A/cattle/Texas/24-008749-003/2024(H5N1)	1468	776
NP|PP755592.1|A/cattle/Texas/24-008749-003/2024(H5N1)	1469	776
NP|PP755592.1|A/cattle/Texas/24-008749-003/2024(H5N1)	1470	773
NP|PP755592.1|A/cattle/Texas/24-008749-003/2024(H5N1)	1471	773
NP|PP755592.1|A/cattle/Texas/24-008749-003/2024(H5N1)	1472	769
NP|PP755592.1|A/cattle/Texas/24-008749-003/2024(H5N1)	1473	747
NP|PP755592.1|A/cattle/Texas/24-008749-003/2024(H5N1)	1474	734
NP|PP755592.1|A/cattle/Texas/24-008749-003/2024(H5N1)	1475	734
NP|PP755592.1|A/cattle/Texas/24-008749-003/2024(H5N1)	1476	734
NP|PP755592.1|A/cattle/Texas/24-008749-003/2024(H5N1)	1477	734
NP|PP755592.1|A/cattle/Texas/24-008749-003/2024(H5N1)	1478	732
NP|PP755592.1|A/cattle/Texas/24-008749-003/2024(H5N1)	1479	706
NP|PP755592.1|A/cattle/Texas/24-008749-003/2024(H5N1)	1480	690
NP|PP755592.1|A/cattle/Texas/24-008749-003/2024(H5N1)	1481	687
NP|PP755592.1|A/cattle/Texas/24-008749-003/2024(H5N1)	1482	678
NP|PP755592.1|A/cattle/Texas/24-008749-003/2024(H5N1)	1483	670
NP|PP755592.1|A/cattle/Texas/24-008749-003/2024(H5N1)	1484	556
NP|PP755592.1|A/cattle/Texas/24-008749-003/2024(H5N1)	1485	554
NP|PP755592.1|A/cattle/Texas/24-008749-003/2024(H5N1)	1486	543
NP|PP755592.1|A/cattle/Texas/24-008749-003/2024(H5N1)	1487	541
NP|PP755592.1|A/cattle/Texas/24-008749-003/2024(H5N1)	1488	532
NP|PP755592.1|A/cattle/Texas/24-008749-003/2024(H5N1)	1489	518
NP|PP755592.1|A/cattle/Texas/24-008749-003/2024(H5N1)	1490	516
NP|PP755592.1|A/cattle/Texas/24-008749-003/2024(H5N1)	1491	511
NP|PP755592.1|A/cattle/Texas/24-008749-003/2024(H5N1)	1492	419
NP|PP755592.1|A/cattle/Texas/24-008749-003/2024(H5N1)	1493	417
NP|PP755592.1|A/cattle/Texas/24-008749-003/2024(H5N1)	1494	414
NP|PP755592.1|A/cattle/Texas/24-008749-003/2024(H5N1)	1495	413
NP|PP755592.1|A/cattle/Texas/24-008749-003/2024(H5N1)	1496	410
NP|PP755592.1|A/cattle/Texas/24-008749-003/2024(H5N1)	1497	409
