PB2|PP755596.1|A/cattle/Texas/24-008749-003/2024(H5N1)	1	2657
PB2|PP755596.1|A/cattle/Texas/24-008749-003/2024(H5N1)	2	2670
PB2|PP755596.1|A/cattle/Texas/24-008749-003/2024(H5N1)	3	2704
PB2|PP755596.1|A/cattle/Texas/24-008749-003/2024(H5N1)	4	2712
PB2|PP755596.1|A/cattle/Texas/24-008749-003/2024(H5N1)	5	2720
PB2|PP755596.1|A/cattle/Texas/24-008749-003/2024(H5N1)	6	2743
PB2|PP755596.1|A/cattle/Texas/24-008749-003/2024(H5N1)	7	2750
PB2|PP755596.1|A/cattle/Texas/24-008749-003/2024(H5N1)	8	3023
PB2|PP755596.1|A/cattle/Texas/24-008749-003/2024(H5N1)	9	3025
PB2|PP755596.1|A/cattle/Texas/24-008749-003/2024(H5N1)	10	3032
PB2|PP755596.1|A/cattle/Texas/24-008749-003/2024(H5N1)	11	3090
PB2|PP755596.1|A/cattle/Texas/24-008749-003/2024(H5N1)	12	3095
PB2|PP755596.1|A/cattle/Texas/24-008749-003/2024(H5N1)	13	3119
PB2|PP755596.1|A/cattle/Texas/24-008749-003/2024(H5N1)	14	3119
PB2|PP755596.1|A/cattle/Texas/24-008749-003/2024(H5N1)	15	3123
PB2|PP755596.1|A/cattle/Texas/24-008749-003/2024(H5N1)	16	3182
PB2|PP755596.1|A/cattle/Texas/24-008749-003/2024(H5N1)	17	3218
PB2|PP755596.1|A/cattle/Texas/24-008749-003/2024(H5N1)	18	3227
PB2|PP755596.1|A/cattle/Texas/24-008749-003/2024(H5N1)	19	3231
PB2|PP755596.1|A/cattle/Texas/24-008749-003/2024(H5N1)	20	3234
PB2|PP755596.1|A/cattle/Texas/24-008749-003/2024(H5N1)	21	3261
PB2|PP755596.1|A/cattle/Texas/24-008749-003/2024(H5N1)	22	3270
PB2|PP755596.1|A/cattle/Texas/24-008749-003/2024(H5N1)	23	3275
PB2|PP755596.1|A/cattle/Texas/24-008749-003/2024(H5N1)	24	3313
PB2|PP755596.1|A/cattle/Texas/24-008749-003/2024(H5N1)	25	3474
PB2|PP755596.1|A/cattle/Texas/24-008749-003/2024(H5N1)	26	3547
PB2|PP755596.1|A/cattle/Texas/24-008749-003/2024(H5N1)	27	3553
PB2|PP755596.1|A/cattle/Texas/24-008749-003/2024(H5N1)	28	3560
PB2|PP755596.1|A/cattle/Texas/24-008749-003/2024(H5N1)	29	3571
PB2|PP755596.1|A/cattle/Texas/24-008749-003/2024(H5N1)	30	3574
PB2|PP755596.1|A/cattle/Texas/24-008749-003/2024(H5N1)	31	3617
PB2|PP755596.1|A/cattle/Texas/24-008749-003/2024(H5N1)	32	3626
PB2|PP755596.1|A/cattle/Texas/24-008749-003/2024(H5N1)	33	3655
PB2|PP755596.1|A/cattle/Texas/24-008749-003/2024(H5N1)	34	3679
PB2|PP755596.1|A/cattle/Texas/24-008749-003/2024(H5N1)	35	3689
PB2|PP755596.1|A/cattle/Texas/24-008749-003/2024(H5N1)	36	3690
PB2|PP755596.1|A/cattle/Texas/24-008749-003/2024(H5N1)	37	3694
PB2|PP755596.1|A/cattle/Texas/24-008749-003/2024(H5N1)	38	3694
PB2|PP755596.1|A/cattle/Texas/24-008749-003/2024(H5N1)	39	3869
PB2|PP755596.1|A/cattle/Texas/24-008749-003/2024(H5N1)	40	3892
PB2|PP755596.1|A/cattle/Texas/24-008749-003/2024(H5N1)	41	3891
PB2|PP755596.1|A/cattle/Texas/24-008749-003/2024(H5N1)	42	3890
PB2|PP755596.1|A/cattle/Texas/24-008749-003/2024(H5N1)	43	3903
PB2|PP755596.1|A/cattle/Texas/24-008749-003/2024(H5N1)	44	3907
PB2|PP755596.1|A/cattle/Texas/24-008749-003/2024(H5N1)	45	3919
PB2|PP755596.1|A/cattle/Texas/24-008749-003/2024(H5N1)	46	3934
PB2|PP755596.1|A/cattle/Texas/24-008749-003/2024(H5N1)	47	3972
PB2|PP755596.1|A/cattle/Texas/24-008749-003/2024(H5N1)	48	3975
PB2|PP755596.1|A/cattle/Texas/24-008749-003/2024(H5N1)	49	4067
PB2|PP755596.1|A/cattle/Texas/24-008749-003/2024(H5N1)	50	4074
PB2|PP755596.1|A/cattle/Texas/24-008749-003/2024(H5N1)	51	4091
PB2|PP755596.1|A/cattle/Texas/24-008749-003/2024(H5N1)	52	4091
PB2|PP755596.1|A/cattle/Texas/24-008749-003/2024(H5N1)	53	4102
PB2|PP755596.1|A/cattle/Texas/24-008749-003/2024(H5N1)	54	4155
PB2|PP755596.1|A/cattle/Texas/24-008749-003/2024(H5N1)	55	4343
PB2|PP755596.1|A/cattle/Texas/24-008749-003/2024(H5N1)	56	4382
PB2|PP755596.1|A/cattle/Texas/24-008749-003/2024(H5N1)	57	4388
PB2|PP755596.1|A/cattle/Texas/24-008749-003/2024(H5N1)	58	4390
PB2|PP755596.1|A/cattle/Texas/24-008749-003/2024(H5N1)	59	4397
PB2|PP755596.1|A/cattle/Texas/24-008749-003/2024(H5N1)	60	4465
PB2|PP755596.1|A/cattle/Texas/24-008749-003/2024(H5N1)	61	4479
PB2|PP755596.1|A/cattle/Texas/24-008749-003/2024(H5N1)	62	4500
PB2|PP755596.1|A/cattle/Texas/24-008749-003/2024(H5N1)	63	4500
PB2|PP755596.1|A/cattle/Texas/24-008749-003/2024(H5N1)	64	4495
PB2|PP755596.1|A/cattle/Texas/24-008749-003/2024(H5N1)	65	4514
PB2|PP755596.1|A/cattle/Texas/24-008749-003/2024(H5N1)	66	4544
PB2|PP755596.1|A/cattle/Texas/24-008749-003/2024(H5N1)	67	4574
PB2|PP755596.1|A/cattle/Texas/24-008749-003/2024(H5N1)	68	4613
PB2|PP755596.1|A/cattle/Texas/24-008749-003/2024(H5N1)	69	4614
PB2|PP755596.1|A/cattle/Texas/24-008749-003/2024(H5N1)	70	4621
PB2|PP755596.1|A/cattle/Texas/24-008749-003/2024(H5N1)	71	4718
PB2|PP755596.1|A/cattle/Texas/24-008749-003/2024(H5N1)	72	4772
PB2|PP755596.1|A/cattle/Texas/24-008749-003/2024(H5N1)	73	4923
PB2|PP755596.1|A/cattle/Texas/24-008749-003/2024(H5N1)	74	4957
PB2|PP755596.1|A/cattle/Texas/24-008749-003/2024(H5N1)	75	4966
PB2|PP755596.1|A/cattle/Texas/24-008749-003/2024(H5N1)	76	4969
PB2|PP755596.1|A/cattle/Texas/24-008749-003/2024(H5N1)	77	4991
PB2|PP755596.1|A/cattle/Texas/24-008749-003/2024(H5N1)	78	5069
PB2|PP755596.1|A/cattle/Texas/24-008749-003/2024(H5N1)	79	5149
PB2|PP755596.1|A/cattle/Texas/24-008749-003/2024(H5N1)	80	5142
PB2|PP755596.1|A/cattle/Texas/24-008749-003/2024(H5N1)	81	5170
PB2|PP755596.1|A/cattle/Texas/24-008749-003/2024(H5N1)	82	5146
PB2|PP755596.1|A/cattle/Texas/24-008749-003/2024(H5N1)	83	5154
PB2|PP755596.1|A/cattle/Texas/24-008749-003/2024(H5N1)	84	5175
PB2|PP755596.1|A/cattle/Texas/24-008749-003/2024(H5N1)	85	5275
PB2|PP755596.1|A/cattle/Texas/24-008749-003/2024(H5N1)	86	5311
PB2|PP755596.1|A/cattle/Texas/24-008749-003/2024(H5N1)	87	5421
PB2|PP755596.1|A/cattle/Texas/24-008749-003/2024(H5N1)	88	5422
PB2|PP755596.1|A/cattle/Texas/24-008749-003/2024(H5N1)	89	5448
PB2|PP755596.1|A/cattle/Texas/24-008749-003/2024(H5N1)	90	5439
PB2|PP755596.1|A/cattle/Texas/24-008749-003/2024(H5N1)	91	5513
PB2|PP755596.1|A/cattle/Texas/24-008749-003/2024(H5N1)	92	5549
PB2|PP755596.1|A/cattle/Texas/24-008749-003/2024(H5N1)	93	5542
PB2|PP755596.1|A/cattle/Texas/24-008749-003/2024(H5N1)	94	5521
PB2|PP755596.1|A/cattle/Texas/24-008749-003/2024(H5N1)	95	5522
PB2|PP755596.1|A/cattle/Texas/24-008749-003/2024(H5N1)	96	5563
PB2|PP755596.1|A/cattle/Texas/24-008749-003/2024(H5N1)	97	5604
PB2|PP755596.1|A/cattle/Texas/24-008749-003/2024(H5N1)	98	5603
PB2|PP755596.1|A/cattle/Texas/24-008749-003/2024(H5N1)	99	5738
PB2|PP755596.1|A/cattle/Texas/24-008749-003/2024(H5N1)	100	5740
PB2|PP755596.1|A/cattle/Texas/24-008749-003/2024(H5N1)	101	5742
PB2|PP755596.1|A/cattle/Texas/24-008749-003/2024(H5N1)	102	5757
PB2|PP755596.1|A/cattle/Texas/24-008749-003/2024(H5N1)	103	5756
PB2|PP755596.1|A/cattle/Texas/24-008749-003/2024(H5N1)	104	5883
PB2|PP755596.1|A/cattle/Texas/24-008749-003/2024(H5N1)	105	5875
PB2|PP755596.1|A/cattle/Texas/24-008749-003/2024(H5N1)	106	5897
PB2|PP755596.1|A/cattle/Texas/24-008749-003/2024(H5N1)	107	5884
PB2|PP755596.1|A/cattle/Texas/24-008749-003/2024(H5N1)	108	5824
PB2|PP755596.1|A/cattle/Texas/24-008749-003/2024(H5N1)	109	5824
PB2|PP755596.1|A/cattle/Texas/24-008749-003/2024(H5N1)	110	5841
PB2|PP755596.1|A/cattle/Texas/24-008749-003/2024(H5N1)	111	5964
PB2|PP755596.1|A/cattle/Texas/24-008749-003/2024(H5N1)	112	5948
PB2|PP755596.1|A/cattle/Texas/24-008749-003/2024(H5N1)	113	5977
PB2|PP755596.1|A/cattle/Texas/24-008749-003/2024(H5N1)	114	5971
PB2|PP755596.1|A/cattle/Texas/24-008749-003/2024(H5N1)	115	6021
PB2|PP755596.1|A/cattle/Texas/24-008749-003/2024(H5N1)	116	6040
PB2|PP755596.1|A/cattle/Texas/24-008749-003/2024(H5N1)	117	6043
PB2|PP755596.1|A/cattle/Texas/24-008749-003/2024(H5N1)	118	6170
PB2|PP755596.1|A/cattle/Texas/24-008749-003/2024(H5N1)	119	6224
PB2|PP755596.1|A/cattle/Texas/24-008749-003/2024(H5N1)	120	6248
PB2|PP755596.1|A/cattle/Texas/24-008749-003/2024(H5N1)	121	6362
PB2|PP755596.1|A/cattle/Texas/24-008749-003/2024(H5N1)	122	6331
PB2|PP755596.1|A/cattle/Texas/24-008749-003/2024(H5N1)	123	6294
PB2|PP755596.1|A/cattle/Texas/24-008749-003/2024(H5N1)	124	5542
PB2|PP755596.1|A/cattle/Texas/24-008749-003/2024(H5N1)	125	5432
PB2|PP755596.1|A/cattle/Texas/24-008749-003/2024(H5N1)	126	5170
PB2|PP755596.1|A/cattle/Texas/24-008749-003/2024(H5N1)	127	5139
PB2|PP755596.1|A/cattle/Texas/24-008749-003/2024(H5N1)	128	5131
PB2|PP755596.1|A/cattle/Texas/24-008749-003/2024(H5N1)	129	5226
PB2|PP755596.1|A/cattle/Texas/24-008749-003/2024(H5N1)	130	5269
PB2|PP755596.1|A/cattle/Texas/24-008749-003/2024(H5N1)	131	5298
PB2|PP755596.1|A/cattle/Texas/24-008749-003/2024(H5N1)	132	5303
PB2|PP755596.1|A/cattle/Texas/24-008749-003/2024(H5N1)	133	5059
PB2|PP755596.1|A/cattle/Texas/24-008749-003/2024(H5N1)	134	5047
PB2|PP755596.1|A/cattle/Texas/24-008749-003/2024(H5N1)	135	5026
PB2|PP755596.1|A/cattle/Texas/24-008749-003/2024(H5N1)	136	5005
PB2|PP755596.1|A/cattle/Texas/24-008749-003/2024(H5N1)	137	5096
PB2|PP755596.1|A/cattle/Texas/24-008749-003/2024(H5N1)	138	5122
PB2|PP755596.1|A/cattle/Texas/24-008749-003/2024(H5N1)	139	5136
PB2|PP755596.1|A/cattle/Texas/24-008749-003/2024(H5N1)	140	5013
PB2|PP755596.1|A/cattle/Texas/24-008749-003/2024(H5N1)	141	5022
PB2|PP755596.1|A/cattle/Texas/24-008749-003/2024(H5N1)	142	5085
PB2|PP755596.1|A/cattle/Texas/24-008749-003/2024(H5N1)	143	5052
PB2|PP755596.1|A/cattle/Texas/24-008749-003/2024(H5N1)	144	5060
PB2|PP755596.1|A/cattle/Texas/24-008749-003/2024(H5N1)	145	4978
PB2|PP755596.1|A/cattle/Texas/24-008749-003/2024(H5N1)	146	4973
PB2|PP755596.1|A/cattle/Texas/24-008749-003/2024(H5N1)	147	4989
PB2|PP755596.1|A/cattle/Texas/24-008749-003/2024(H5N1)	148	4901
PB2|PP755596.1|A/cattle/Texas/24-008749-003/2024(H5N1)	149	4863
PB2|PP755596.1|A/cattle/Texas/24-008749-003/2024(H5N1)	150	4812
PB2|PP755596.1|A/cattle/Texas/24-008749-003/2024(H5N1)	151	4790
PB2|PP755596.1|A/cattle/Texas/24-008749-003/2024(H5N1)	152	4814
PB2|PP755596.1|A/cattle/Texas/24-008749-003/2024(H5N1)	153	4823
PB2|PP755596.1|A/cattle/Texas/24-008749-003/2024(H5N1)	154	4810
PB2|PP755596.1|A/cattle/Texas/24-008749-003/2024(H5N1)	155	4859
PB2|PP755596.1|A/cattle/Texas/24-008749-003/2024(H5N1)	156	4842
PB2|PP755596.1|A/cattle/Texas/24-008749-003/2024(H5N1)	157	4863
PB2|PP755596.1|A/cattle/Texas/24-008749-003/2024(H5N1)	158	4868
PB2|PP755596.1|A/cattle/Texas/24-008749-003/2024(H5N1)	159	4732
PB2|PP755596.1|A/cattle/Texas/24-008749-003/2024(H5N1)	160	4766
PB2|PP755596.1|A/cattle/Texas/24-008749-003/2024(H5N1)	161	4779
PB2|PP755596.1|A/cattle/Texas/24-008749-003/2024(H5N1)	162	4728
PB2|PP755596.1|A/cattle/Texas/24-008749-003/2024(H5N1)	163	4728
PB2|PP755596.1|A/cattle/Texas/24-008749-003/2024(H5N1)	164	4601
PB2|PP755596.1|A/cattle/Texas/24-008749-003/2024(H5N1)	165	4633
PB2|PP755596.1|A/cattle/Texas/24-008749-003/2024(H5N1)	166	4611
PB2|PP755596.1|A/cattle/Texas/24-008749-003/2024(H5N1)	167	4632
PB2|PP755596.1|A/cattle/Texas/24-008749-003/2024(H5N1)	168	4602
PB2|PP755596.1|A/cattle/Texas/24-008749-003/2024(H5N1)	169	4608
PB2|PP755596.1|A/cattle/Texas/24-008749-003/2024(H5N1)	170	4607
PB2|PP755596.1|A/cattle/Texas/24-008749-003/2024(H5N1)	171	4589
PB2|PP755596.1|A/cattle/Texas/24-008749-003/2024(H5N1)	172	4523
PB2|PP755596.1|A/cattle/Texas/24-008749-003/2024(H5N1)	173	4549
PB2|PP755596.1|A/cattle/Texas/24-008749-003/2024(H5N1)	174	4510
PB2|PP755596.1|A/cattle/Texas/24-008749-003/2024(H5N1)	175	4525
PB2|PP755596.1|A/cattle/Texas/24-008749-003/2024(H5N1)	176	4486
PB2|PP755596.1|A/cattle/Texas/24-008749-003/2024(H5N1)	177	4495
PB2|PP755596.1|A/cattle/Texas/24-008749-003/2024(H5N1)	178	4501
PB2|PP755596.1|A/cattle/Texas/24-008749-003/2024(H5N1)	179	4559
PB2|PP755596.1|A/cattle/Texas/24-008749-003/2024(H5N1)	180	4587
PB2|PP755596.1|A/cattle/Texas/24-008749-003/2024(H5N1)	181	4591
PB2|PP755596.1|A/cattle/Texas/24-008749-003/2024(H5N1)	182	4576
PB2|PP755596.1|A/cattle/Texas/24-008749-003/2024(H5N1)	183	4571
PB2|PP755596.1|A/cattle/Texas/24-008749-003/2024(H5N1)	184	4566
PB2|PP755596.1|A/cattle/Texas/24-008749-003/2024(H5N1)	185	4569
PB2|PP755596.1|A/cattle/Texas/24-008749-003/2024(H5N1)	186	4593
PB2|PP755596.1|A/cattle/Texas/24-008749-003/2024(H5N1)	187	4589
PB2|PP755596.1|A/cattle/Texas/24-008749-003/2024(H5N1)	188	4604
PB2|PP755596.1|A/cattle/Texas/24-008749-003/2024(H5N1)	189	4588
PB2|PP755596.1|A/cattle/Texas/24-008749-003/2024(H5N1)	190	4688
PB2|PP755596.1|A/cattle/Texas/24-008749-003/2024(H5N1)	191	4662
PB2|PP755596.1|A/cattle/Texas/24-008749-003/2024(H5N1)	192	4664
PB2|PP755596.1|A/cattle/Texas/24-008749-003/2024(H5N1)	193	4688
PB2|PP755596.1|A/cattle/Texas/24-008749-003/2024(H5N1)	194	4671
PB2|PP755596.1|A/cattle/Texas/24-008749-003/2024(H5N1)	195	4677
PB2|PP755596.1|A/cattle/Texas/24-008749-003/2024(H5N1)	196	4680
PB2|PP755596.1|A/cattle/Texas/24-008749-003/2024(H5N1)	197	4719
PB2|PP755596.1|A/cattle/Texas/24-008749-003/2024(H5N1)	198	4691
PB2|PP755596.1|A/cattle/Texas/24-008749-003/2024(H5N1)	199	4622
PB2|PP755596.1|A/cattle/Texas/24-008749-003/2024(H5N1)	200	4572
PB2|PP755596.1|A/cattle/Texas/24-008749-003/2024(H5N1)	201	4573
PB2|PP755596.1|A/cattle/Texas/24-008749-003/2024(H5N1)	202	4565
PB2|PP755596.1|A/cattle/Texas/24-008749-003/2024(H5N1)	203	4413
PB2|PP755596.1|A/cattle/Texas/24-008749-003/2024(H5N1)	204	4421
PB2|PP755596.1|A/cattle/Texas/24-008749-003/2024(H5N1)	205	4419
PB2|PP755596.1|A/cattle/Texas/24-008749-003/2024(H5N1)	206	4424
PB2|PP755596.1|A/cattle/Texas/24-008749-003/2024(H5N1)	207	4402
PB2|PP755596.1|A/cattle/Texas/24-008749-003/2024(H5N1)	208	4386
PB2|PP755596.1|A/cattle/Texas/24-008749-003/2024(H5N1)	209	4418
PB2|PP755596.1|A/cattle/Texas/24-008749-003/2024(H5N1)	210	4425
PB2|PP755596.1|A/cattle/Texas/24-008749-003/2024(H5N1)	211	4344
PB2|PP755596.1|A/cattle/Texas/24-008749-003/2024(H5N1)	212	4333
PB2|PP755596.1|A/cattle/Texas/24-008749-003/2024(H5N1)	213	4312
PB2|PP755596.1|A/cattle/Texas/24-008749-003/2024(H5N1)	214	4366
PB2|PP755596.1|A/cattle/Texas/24-008749-003/2024(H5N1)	215	4377
PB2|PP755596.1|A/cattle/Texas/24-008749-003/2024(H5N1)	216	4354
PB2|PP755596.1|A/cattle/Texas/24-008749-003/2024(H5N1)	217	4345
PB2|PP755596.1|A/cattle/Texas/24-008749-003/2024(H5N1)	218	4316
PB2|PP755596.1|A/cattle/Texas/24-008749-003/2024(H5N1)	219	4332
PB2|PP755596.1|A/cattle/Texas/24-008749-003/2024(H5N1)	220	4424
PB2|PP755596.1|A/cattle/Texas/24-008749-003/2024(H5N1)	221	4464
PB2|PP755596.1|A/cattle/Texas/24-008749-003/2024(H5N1)	222	4413
PB2|PP755596.1|A/cattle/Texas/24-008749-003/2024(H5N1)	223	4246
PB2|PP755596.1|A/cattle/Texas/24-008749-003/2024(H5N1)	224	4218
PB2|PP755596.1|A/cattle/Texas/24-008749-003/2024(H5N1)	225	4219
PB2|PP755596.1|A/cattle/Texas/24-008749-003/2024(H5N1)	226	4221
PB2|PP755596.1|A/cattle/Texas/24-008749-003/2024(H5N1)	227	4232
PB2|PP755596.1|A/cattle/Texas/24-008749-003/2024(H5N1)	228	4165
PB2|PP755596.1|A/cattle/Texas/24-008749-003/2024(H5N1)	229	4244
PB2|PP755596.1|A/cattle/Texas/24-008749-003/2024(H5N1)	230	4183
PB2|PP755596.1|A/cattle/Texas/24-008749-003/2024(H5N1)	231	4170
PB2|PP755596.1|A/cattle/Texas/24-008749-003/2024(H5N1)	232	4165
PB2|PP755596.1|A/cattle/Texas/24-008749-003/2024(H5N1)	233	4168
PB2|PP755596.1|A/cattle/Texas/24-008749-003/2024(H5N1)	234	4189
PB2|PP755596.1|A/cattle/Texas/24-008749-003/2024(H5N1)	235	4128
PB2|PP755596.1|A/cattle/Texas/24-008749-003/2024(H5N1)	236	4029
PB2|PP755596.1|A/cattle/Texas/24-008749-003/2024(H5N1)	237	4054
PB2|PP755596.1|A/cattle/Texas/24-008749-003/2024(H5N1)	238	3929
PB2|PP755596.1|A/cattle/Texas/24-008749-003/2024(H5N1)	239	3965
PB2|PP755596.1|A/cattle/Texas/24-008749-003/2024(H5N1)	240	3953
PB2|PP755596.1|A/cattle/Texas/24-008749-003/2024(H5N1)	241	3927
PB2|PP755596.1|A/cattle/Texas/24-008749-003/2024(H5N1)	242	3874
PB2|PP755596.1|A/cattle/Texas/24-008749-003/2024(H5N1)	243	3864
PB2|PP755596.1|A/cattle/Texas/24-008749-003/2024(H5N1)	244	3895
PB2|PP755596.1|A/cattle/Texas/24-008749-003/2024(H5N1)	245	3984
PB2|PP755596.1|A/cattle/Texas/24-008749-003/2024(H5N1)	246	3981
PB2|PP755596.1|A/cattle/Texas/24-008749-003/2024(H5N1)	247	3950
PB2|PP755596.1|A/cattle/Texas/24-008749-003/2024(H5N1)	248	3899
PB2|PP755596.1|A/cattle/Texas/24-008749-003/2024(H5N1)	249	3889
PB2|PP755596.1|A/cattle/Texas/24-008749-003/2024(H5N1)	250	3789
PB2|PP755596.1|A/cattle/Texas/24-008749-003/2024(H5N1)	251	3950
PB2|PP755596.1|A/cattle/Texas/24-008749-003/2024(H5N1)	252	3961
PB2|PP755596.1|A/cattle/Texas/24-008749-003/2024(H5N1)	253	4062
PB2|PP755596.1|A/cattle/Texas/24-008749-003/2024(H5N1)	254	4066
PB2|PP755596.1|A/cattle/Texas/24-008749-003/2024(H5N1)	255	4061
PB2|PP755596.1|A/cattle/Texas/24-008749-003/2024(H5N1)	256	4062
PB2|PP755596.1|A/cattle/Texas/24-008749-003/2024(H5N1)	257	4082
PB2|PP755596.1|A/cattle/Texas/24-008749-003/2024(H5N1)	258	4080
PB2|PP755596.1|A/cattle/Texas/24-008749-003/2024(H5N1)	259	4132
PB2|PP755596.1|A/cattle/Texas/24-008749-003/2024(H5N1)	260	4159
PB2|PP755596.1|A/cattle/Texas/24-008749-003/2024(H5N1)	261	4164
PB2|PP755596.1|A/cattle/Texas/24-008749-003/2024(H5N1)	262	3999
PB2|PP755596.1|A/cattle/Texas/24-008749-003/2024(H5N1)	263	4109
PB2|PP755596.1|A/cattle/Texas/24-008749-003/2024(H5N1)	264	4056
PB2|PP755596.1|A/cattle/Texas/24-008749-003/2024(H5N1)	265	4106
PB2|PP755596.1|A/cattle/Texas/24-008749-003/2024(H5N1)	266	4068
PB2|PP755596.1|A/cattle/Texas/24-008749-003/2024(H5N1)	267	4054
PB2|PP755596.1|A/cattle/Texas/24-008749-003/2024(H5N1)	268	4004
PB2|PP755596.1|A/cattle/Texas/24-008749-003/2024(H5N1)	269	3901
PB2|PP755596.1|A/cattle/Texas/24-008749-003/2024(H5N1)	270	3922
PB2|PP755596.1|A/cattle/Texas/24-008749-003/2024(H5N1)	271	4011
PB2|PP755596.1|A/cattle/Texas/24-008749-003/2024(H5N1)	272	3902
PB2|PP755596.1|A/cattle/Texas/24-008749-003/2024(H5N1)	273	3812
PB2|PP755596.1|A/cattle/Texas/24-008749-003/2024(H5N1)	274	3750
PB2|PP755596.1|A/cattle/Texas/24-008749-003/2024(H5N1)	275	3652
PB2|PP755596.1|A/cattle/Texas/24-008749-003/2024(H5N1)	276	3666
PB2|PP755596.1|A/cattle/Texas/24-008749-003/2024(H5N1)	277	3825
PB2|PP755596.1|A/cattle/Texas/24-008749-003/2024(H5N1)	278	3832
PB2|PP755596.1|A/cattle/Texas/24-008749-003/2024(H5N1)	279	3832
PB2|PP755596.1|A/cattle/Texas/24-008749-003/2024(H5N1)	280	3697
PB2|PP755596.1|A/cattle/Texas/24-008749-003/2024(H5N1)	281	3667
PB2|PP755596.1|A/cattle/Texas/24-008749-003/2024(H5N1)	282	3715
PB2|PP755596.1|A/cattle/Texas/24-008749-003/2024(H5N1)	283	3723
PB2|PP755596.1|A/cattle/Texas/24-008749-003/2024(H5N1)	284	3668
PB2|PP755596.1|A/cattle/Texas/24-008749-003/2024(H5N1)	285	3629
PB2|PP755596.1|A/cattle/Texas/24-008749-003/2024(H5N1)	286	3598
PB2|PP755596.1|A/cattle/Texas/24-008749-003/2024(H5N1)	287	3498
PB2|PP755596.1|A/cattle/Texas/24-008749-003/2024(H5N1)	288	3495
PB2|PP755596.1|A/cattle/Texas/24-008749-003/2024(H5N1)	289	3504
PB2|PP755596.1|A/cattle/Texas/24-008749-003/2024(H5N1)	290	3503
PB2|PP755596.1|A/cattle/Texas/24-008749-003/2024(H5N1)	291	3448
PB2|PP755596.1|A/cattle/Texas/24-008749-003/2024(H5N1)	292	3433
PB2|PP755596.1|A/cattle/Texas/24-008749-003/2024(H5N1)	293	3398
PB2|PP755596.1|A/cattle/Texas/24-008749-003/2024(H5N1)	294	3439
PB2|PP755596.1|A/cattle/Texas/24-008749-003/2024(H5N1)	295	3609
PB2|PP755596.1|A/cattle/Texas/24-008749-003/2024(H5N1)	296	3610
PB2|PP755596.1|A/cattle/Texas/24-008749-003/2024(H5N1)	297	3635
PB2|PP755596.1|A/cattle/Texas/24-008749-003/2024(H5N1)	298	3614
PB2|PP755596.1|A/cattle/Texas/24-008749-003/2024(H5N1)	299	3603
PB2|PP755596.1|A/cattle/Texas/24-008749-003/2024(H5N1)	300	3604
PB2|PP755596.1|A/cattle/Texas/24-008749-003/2024(H5N1)	301	3602
PB2|PP755596.1|A/cattle/Texas/24-008749-003/2024(H5N1)	302	3643
PB2|PP755596.1|A/cattle/Texas/24-008749-003/2024(H5N1)	303	3647
PB2|PP755596.1|A/cattle/Texas/24-008749-003/2024(H5N1)	304	3627
PB2|PP755596.1|A/cattle/Texas/24-008749-003/2024(H5N1)	305	3646
PB2|PP755596.1|A/cattle/Texas/24-008749-003/2024(H5N1)	306	3597
PB2|PP755596.1|A/cattle/Texas/24-008749-003/2024(H5N1)	307	3602
PB2|PP755596.1|A/cattle/Texas/24-008749-003/2024(H5N1)	308	3598
PB2|PP755596.1|A/cattle/Texas/24-008749-003/2024(H5N1)	309	3603
PB2|PP755596.1|A/cattle/Texas/24-008749-003/2024(H5N1)	310	3654
PB2|PP755596.1|A/cattle/Texas/24-008749-003/2024(H5N1)	311	3617
PB2|PP755596.1|A/cattle/Texas/24-008749-003/2024(H5N1)	312	3650
PB2|PP755596.1|A/cattle/Texas/24-008749-003/2024(H5N1)	313	3652
PB2|PP755596.1|A/cattle/Texas/24-008749-003/2024(H5N1)	314	3720
PB2|PP755596.1|A/cattle/Texas/24-008749-003/2024(H5N1)	315	3757
PB2|PP755596.1|A/cattle/Texas/24-008749-003/2024(H5N1)	316	3721
PB2|PP755596.1|A/cattle/Texas/24-008749-003/2024(H5N1)	317	3764
PB2|PP755596.1|A/cattle/Texas/24-008749-003/2024(H5N1)	318	3764
PB2|PP755596.1|A/cattle/Texas/24-008749-003/2024(H5N1)	319	3762
PB2|PP755596.1|A/cattle/Texas/24-008749-003/2024(H5N1)	320	3804
PB2|PP755596.1|A/cattle/Texas/24-008749-003/2024(H5N1)	321	3801
PB2|PP755596.1|A/cattle/Texas/24-008749-003/2024(H5N1)	322	3803
PB2|PP755596.1|A/cattle/Texas/24-008749-003/2024(H5N1)	323	3774
PB2|PP755596.1|A/cattle/Texas/24-008749-003/2024(H5N1)	324	3679
PB2|PP755596.1|A/cattle/Texas/24-008749-003/2024(H5N1)	325	3652
PB2|PP755596.1|A/cattle/Texas/24-008749-003/2024(H5N1)	326	3702
PB2|PP755596.1|A/cattle/Texas/24-008749-003/2024(H5N1)	327	3709
PB2|PP755596.1|A/cattle/Texas/24-008749-003/2024(H5N1)	328	3699
PB2|PP755596.1|A/cattle/Texas/24-008749-003/2024(H5N1)	329	3644
PB2|PP755596.1|A/cattle/Texas/24-008749-003/2024(H5N1)	330	3648
PB2|PP755596.1|A/cattle/Texas/24-008749-003/2024(H5N1)	331	3630
PB2|PP755596.1|A/cattle/Texas/24-008749-003/2024(H5N1)	332	3822
PB2|PP755596.1|A/cattle/Texas/24-008749-003/2024(H5N1)	333	3822
PB2|PP755596.1|A/cattle/Texas/24-008749-003/2024(H5N1)	334	3793
PB2|PP755596.1|A/cattle/Texas/24-008749-003/2024(H5N1)	335	3782
PB2|PP755596.1|A/cattle/Texas/24-008749-003/2024(H5N1)	336	3748
PB2|PP755596.1|A/cattle/Texas/24-008749-003/2024(H5N1)	337	3762
PB2|PP755596.1|A/cattle/Texas/24-008749-003/2024(H5N1)	338	3763
PB2|PP755596.1|A/cattle/Texas/24-008749-003/2024(H5N1)	339	3854
PB2|PP755596.1|A/cattle/Texas/24-008749-003/2024(H5N1)	340	3939
PB2|PP755596.1|A/cattle/Texas/24-008749-003/2024(H5N1)	341	3722
PB2|PP755596.1|A/cattle/Texas/24-008749-003/2024(H5N1)	342	3727
PB2|PP755596.1|A/cattle/Texas/24-008749-003/2024(H5N1)	343	3724
PB2|PP755596.1|A/cattle/Texas/24-008749-003/2024(H5N1)	344	3717
PB2|PP755596.1|A/cattle/Texas/24-008749-003/2024(H5N1)	345	3708
PB2|PP755596.1|A/cattle/Texas/24-008749-003/2024(H5N1)	346	3721
PB2|PP755596.1|A/cattle/Texas/24-008749-003/2024(H5N1)	347	3730
PB2|PP755596.1|A/cattle/Texas/24-008749-003/2024(H5N1)	348	3679
PB2|PP755596.1|A/cattle/Texas/24-008749-003/2024(H5N1)	349	3652
PB2|PP755596.1|A/cattle/Texas/24-008749-003/2024(H5N1)	350	3638
PB2|PP755596.1|A/cattle/Texas/24-008749-003/2024(H5N1)	351	3645
PB2|PP755596.1|A/cattle/Texas/24-008749-003/2024(H5N1)	352	3648
PB2|PP755596.1|A/cattle/Texas/24-008749-003/2024(H5N1)	353	3634
PB2|PP755596.1|A/cattle/Texas/24-008749-003/2024(H5N1)	354	3635
PB2|PP755596.1|A/cattle/Texas/24-008749-003/2024(H5N1)	355	3633
PB2|PP755596.1|A/cattle/Texas/24-008749-003/2024(H5N1)	356	3630
PB2|PP755596.1|A/cattle/Texas/24-008749-003/2024(H5N1)	357	3629
PB2|PP755596.1|A/cattle/Texas/24-008749-003/2024(H5N1)	358	3629
PB2|PP755596.1|A/cattle/Texas/24-008749-003/2024(H5N1)	359	3628
PB2|PP755596.1|A/cattle/Texas/24-008749-003/2024(H5N1)	360	3607
PB2|PP755596.1|A/cattle/Texas/24-008749-003/2024(H5N1)	361	3600
PB2|PP755596.1|A/cattle/Texas/24-008749-003/2024(H5N1)	362	3600
PB2|PP755596.1|A/cattle/Texas/24-008749-003/2024(H5N1)	363	3600
PB2|PP755596.1|A/cattle/Texas/24-008749-003/2024(H5N1)	364	3629
PB2|PP755596.1|A/cattle/Texas/24-008749-003/2024(H5N1)	365	3594
PB2|PP755596.1|A/cattle/Texas/24-008749-003/2024(H5N1)	366	3590
PB2|PP755596.1|A/cattle/Texas/24-008749-003/2024(H5N1)	367	3589
PB2|PP755596.1|A/cattle/Texas/24-008749-003/2024(H5N1)	368	3593
PB2|PP755596.1|A/cattle/Texas/24-008749-003/2024(H5N1)	369	3594
PB2|PP755596.1|A/cattle/Texas/24-008749-003/2024(H5N1)	370	3561
PB2|PP755596.1|A/cattle/Texas/24-008749-003/2024(H5N1)	371	3526
PB2|PP755596.1|A/cattle/Texas/24-008749-003/2024(H5N1)	372	3538
PB2|PP755596.1|A/cattle/Texas/24-008749-003/2024(H5N1)	373	3528
PB2|PP755596.1|A/cattle/Texas/24-008749-003/2024(H5N1)	374	3523
PB2|PP755596.1|A/cattle/Texas/24-008749-003/2024(H5N1)	375	3524
PB2|PP755596.1|A/cattle/Texas/24-008749-003/2024(H5N1)	376	3516
PB2|PP755596.1|A/cattle/Texas/24-008749-003/2024(H5N1)	377	3517
PB2|PP755596.1|A/cattle/Texas/24-008749-003/2024(H5N1)	378	3511
PB2|PP755596.1|A/cattle/Texas/24-008749-003/2024(H5N1)	379	3472
PB2|PP755596.1|A/cattle/Texas/24-008749-003/2024(H5N1)	380	3430
PB2|PP755596.1|A/cattle/Texas/24-008749-003/2024(H5N1)	381	3430
PB2|PP755596.1|A/cattle/Texas/24-008749-003/2024(H5N1)	382	3431
PB2|PP755596.1|A/cattle/Texas/24-008749-003/2024(H5N1)	383	3453
PB2|PP755596.1|A/cattle/Texas/24-008749-003/2024(H5N1)	384	3453
PB2|PP755596.1|A/cattle/Texas/24-008749-003/2024(H5N1)	385	3487
PB2|PP755596.1|A/cattle/Texas/24-008749-003/2024(H5N1)	386	3585
PB2|PP755596.1|A/cattle/Texas/24-008749-003/2024(H5N1)	387	3593
PB2|PP755596.1|A/cattle/Texas/24-008749-003/2024(H5N1)	388	3561
PB2|PP755596.1|A/cattle/Texas/24-008749-003/2024(H5N1)	389	3563
PB2|PP755596.1|A/cattle/Texas/24-008749-003/2024(H5N1)	390	3536
PB2|PP755596.1|A/cattle/Texas/24-008749-003/2024(H5N1)	391	3541
PB2|PP755596.1|A/cattle/Texas/24-008749-003/2024(H5N1)	392	3753
PB2|PP755596.1|A/cattle/Texas/24-008749-003/2024(H5N1)	393	3746
PB2|PP755596.1|A/cattle/Texas/24-008749-003/2024(H5N1)	394	3765
PB2|PP755596.1|A/cattle/Texas/24-008749-003/2024(H5N1)	395	3726
PB2|PP755596.1|A/cattle/Texas/24-008749-003/2024(H5N1)	396	3633
PB2|PP755596.1|A/cattle/Texas/24-008749-003/2024(H5N1)	397	3710
PB2|PP755596.1|A/cattle/Texas/24-008749-003/2024(H5N1)	398	3717
PB2|PP755596.1|A/cattle/Texas/24-008749-003/2024(H5N1)	399	3724
PB2|PP755596.1|A/cattle/Texas/24-008749-003/2024(H5N1)	400	3726
PB2|PP755596.1|A/cattle/Texas/24-008749-003/2024(H5N1)	401	3499
PB2|PP755596.1|A/cattle/Texas/24-008749-003/2024(H5N1)	402	3487
PB2|PP755596.1|A/cattle/Texas/24-008749-003/2024(H5N1)	403	3453
PB2|PP755596.1|A/cattle/Texas/24-008749-003/2024(H5N1)	404	3463
PB2|PP755596.1|A/cattle/Texas/24-008749-003/2024(H5N1)	405	3453
PB2|PP755596.1|A/cattle/Texas/24-008749-003/2024(H5N1)	406	3373
PB2|PP755596.1|A/cattle/Texas/24-008749-003/2024(H5N1)	407	3375
PB2|PP755596.1|A/cattle/Texas/24-008749-003/2024(H5N1)	408	3360
PB2|PP755596.1|A/cattle/Texas/24-008749-003/2024(H5N1)	409	3363
PB2|PP755596.1|A/cattle/Texas/24-008749-003/2024(H5N1)	410	3319
PB2|PP755596.1|A/cattle/Texas/24-008749-003/2024(H5N1)	411	3299
PB2|PP755596.1|A/cattle/Texas/24-008749-003/2024(H5N1)	412	3299
PB2|PP755596.1|A/cattle/Texas/24-008749-003/2024(H5N1)	413	3295
PB2|PP755596.1|A/cattle/Texas/24-008749-003/2024(H5N1)	414	3234
PB2|PP755596.1|A/cattle/Texas/24-008749-003/2024(H5N1)	415	3233
PB2|PP755596.1|A/cattle/Texas/24-008749-003/2024(H5N1)	416	3197
PB2|PP755596.1|A/cattle/Texas/24-008749-003/2024(H5N1)	417	3205
PB2|PP755596.1|A/cattle/Texas/24-008749-003/2024(H5N1)	418	3207
PB2|PP755596.1|A/cattle/Texas/24-008749-003/2024(H5N1)	419	3261
PB2|PP755596.1|A/cattle/Texas/24-008749-003/2024(H5N1)	420	3268
PB2|PP755596.1|A/cattle/Texas/24-008749-003/2024(H5N1)	421	3267
PB2|PP755596.1|A/cattle/Texas/24-008749-003/2024(H5N1)	422	3182
PB2|PP755596.1|A/cattle/Texas/24-008749-003/2024(H5N1)	423	3156
PB2|PP755596.1|A/cattle/Texas/24-008749-003/2024(H5N1)	424	3156
PB2|PP755596.1|A/cattle/Texas/24-008749-003/2024(H5N1)	425	3171
PB2|PP755596.1|A/cattle/Texas/24-008749-003/2024(H5N1)	426	3191
PB2|PP755596.1|A/cattle/Texas/24-008749-003/2024(H5N1)	427	3076
PB2|PP755596.1|A/cattle/Texas/24-008749-003/2024(H5N1)	428	3018
PB2|PP755596.1|A/cattle/Texas/24-008749-003/2024(H5N1)	429	3012
PB2|PP755596.1|A/cattle/Texas/24-008749-003/2024(H5N1)	430	3016
PB2|PP755596.1|A/cattle/Texas/24-008749-003/2024(H5N1)	431	3028
PB2|PP755596.1|A/cattle/Texas/24-008749-003/2024(H5N1)	432	3032
PB2|PP755596.1|A/cattle/Texas/24-008749-003/2024(H5N1)	433	2993
PB2|PP755596.1|A/cattle/Texas/24-008749-003/2024(H5N1)	434	2987
PB2|PP755596.1|A/cattle/Texas/24-008749-003/2024(H5N1)	435	3156
PB2|PP755596.1|A/cattle/Texas/24-008749-003/2024(H5N1)	436	3156
PB2|PP755596.1|A/cattle/Texas/24-008749-003/2024(H5N1)	437	3363
PB2|PP755596.1|A/cattle/Texas/24-008749-003/2024(H5N1)	438	3362
PB2|PP755596.1|A/cattle/Texas/24-008749-003/2024(H5N1)	439	3361
PB2|PP755596.1|A/cattle/Texas/24-008749-003/2024(H5N1)	440	3351
PB2|PP755596.1|A/cattle/Texas/24-008749-003/2024(H5N1)	441	3332
PB2|PP755596.1|A/cattle/Texas/24-008749-003/2024(H5N1)	442	3375
PB2|PP755596.1|A/cattle/Texas/24-008749-003/2024(H5N1)	443	3418
PB2|PP755596.1|A/cattle/Texas/24-008749-003/2024(H5N1)	444	3378
PB2|PP755596.1|A/cattle/Texas/24-008749-003/2024(H5N1)	445	3379
PB2|PP755596.1|A/cattle/Texas/24-008749-003/2024(H5N1)	446	3165
PB2|PP755596.1|A/cattle/Texas/24-008749-003/2024(H5N1)	447	3183
PB2|PP755596.1|A/cattle/Texas/24-008749-003/2024(H5N1)	448	3154
PB2|PP755596.1|A/cattle/Texas/24-008749-003/2024(H5N1)	449	3158
PB2|PP755596.1|A/cattle/Texas/24-008749-003/2024(H5N1)	450	3155
PB2|PP755596.1|A/cattle/Texas/24-008749-003/2024(H5N1)	451	3122
PB2|PP755596.1|A/cattle/Texas/24-008749-003/2024(H5N1)	452	3228
PB2|PP755596.1|A/cattle/Texas/24-008749-003/2024(H5N1)	453	3183
PB2|PP755596.1|A/cattle/Texas/24-008749-003/2024(H5N1)	454	3224
PB2|PP755596.1|A/cattle/Texas/24-008749-003/2024(H5N1)	455	3227
PB2|PP755596.1|A/cattle/Texas/24-008749-003/2024(H5N1)	456	3249
PB2|PP755596.1|A/cattle/Texas/24-008749-003/2024(H5N1)	457	3254
PB2|PP755596.1|A/cattle/Texas/24-008749-003/2024(H5N1)	458	3324
PB2|PP755596.1|A/cattle/Texas/24-008749-003/2024(H5N1)	459	3359
PB2|PP755596.1|A/cattle/Texas/24-008749-003/2024(H5N1)	460	3358
PB2|PP755596.1|A/cattle/Texas/24-008749-003/2024(H5N1)	461	3232
PB2|PP755596.1|A/cattle/Texas/24-008749-003/2024(H5N1)	462	3241
PB2|PP755596.1|A/cattle/Texas/24-008749-003/2024(H5N1)	463	3184
PB2|PP755596.1|A/cattle/Texas/24-008749-003/2024(H5N1)	464	3280
PB2|PP755596.1|A/cattle/Texas/24-008749-003/2024(H5N1)	465	3334
PB2|PP755596.1|A/cattle/Texas/24-008749-003/2024(H5N1)	466	3309
PB2|PP755596.1|A/cattle/Texas/24-008749-003/2024(H5N1)	467	3288
PB2|PP755596.1|A/cattle/Texas/24-008749-003/2024(H5N1)	468	3271
PB2|PP755596.1|A/cattle/Texas/24-008749-003/2024(H5N1)	469	3291
PB2|PP755596.1|A/cattle/Texas/24-008749-003/2024(H5N1)	470	3297
PB2|PP755596.1|A/cattle/Texas/24-008749-003/2024(H5N1)	471	3254
PB2|PP755596.1|A/cattle/Texas/24-008749-003/2024(H5N1)	472	3266
PB2|PP755596.1|A/cattle/Texas/24-008749-003/2024(H5N1)	473	3179
PB2|PP755596.1|A/cattle/Texas/24-008749-003/2024(H5N1)	474	3188
PB2|PP755596.1|A/cattle/Texas/24-008749-003/2024(H5N1)	475	3217
PB2|PP755596.1|A/cattle/Texas/24-008749-003/2024(H5N1)	476	3226
PB2|PP755596.1|A/cattle/Texas/24-008749-003/2024(H5N1)	477	3226
PB2|PP755596.1|A/cattle/Texas/24-008749-003/2024(H5N1)	478	3219
PB2|PP755596.1|A/cattle/Texas/24-008749-003/2024(H5N1)	479	3214
PB2|PP755596.1|A/cattle/Texas/24-008749-003/2024(H5N1)	480	3323
PB2|PP755596.1|A/cattle/Texas/24-008749-003/2024(H5N1)	481	3330
PB2|PP755596.1|A/cattle/Texas/24-008749-003/2024(H5N1)	482	3430
PB2|PP755596.1|A/cattle/Texas/24-008749-003/2024(H5N1)	483	3259
PB2|PP755596.1|A/cattle/Texas/24-008749-003/2024(H5N1)	484	3239
PB2|PP755596.1|A/cattle/Texas/24-008749-003/2024(H5N1)	485	3245
PB2|PP755596.1|A/cattle/Texas/24-008749-003/2024(H5N1)	486	3287
PB2|PP755596.1|A/cattle/Texas/24-008749-003/2024(H5N1)	487	3290
PB2|PP755596.1|A/cattle/Texas/24-008749-003/2024(H5N1)	488	3299
PB2|PP755596.1|A/cattle/Texas/24-008749-003/2024(H5N1)	489	3137
PB2|PP755596.1|A/cattle/Texas/24-008749-003/2024(H5N1)	490	3124
PB2|PP755596.1|A/cattle/Texas/24-008749-003/2024(H5N1)	491	3107
PB2|PP755596.1|A/cattle/Texas/24-008749-003/2024(H5N1)	492	3108
PB2|PP755596.1|A/cattle/Texas/24-008749-003/2024(H5N1)	493	3131
PB2|PP755596.1|A/cattle/Texas/24-008749-003/2024(H5N1)	494	3141
PB2|PP755596.1|A/cattle/Texas/24-008749-003/2024(H5N1)	495	3139
PB2|PP755596.1|A/cattle/Texas/24-008749-003/2024(H5N1)	496	3140
PB2|PP755596.1|A/cattle/Texas/24-008749-003/2024(H5N1)	497	3112
PB2|PP755596.1|A/cattle/Texas/24-008749-003/2024(H5N1)	498	3101
PB2|PP755596.1|A/cattle/Texas/24-008749-003/2024(H5N1)	499	3102
PB2|PP755596.1|A/cattle/Texas/24-008749-003/2024(H5N1)	500	3163
PB2|PP755596.1|A/cattle/Texas/24-008749-003/2024(H5N1)	501	3162
PB2|PP755596.1|A/cattle/Texas/24-008749-003/2024(H5N1)	502	3137
PB2|PP755596.1|A/cattle/Texas/24-008749-003/2024(H5N1)	503	3139
PB2|PP755596.1|A/cattle/Texas/24-008749-003/2024(H5N1)	504	3147
PB2|PP755596.1|A/cattle/Texas/24-008749-003/2024(H5N1)	505	3183
PB2|PP755596.1|A/cattle/Texas/24-008749-003/2024(H5N1)	506	3224
PB2|PP755596.1|A/cattle/Texas/24-008749-003/2024(H5N1)	507	3226
PB2|PP755596.1|A/cattle/Texas/24-008749-003/2024(H5N1)	508	3235
PB2|PP755596.1|A/cattle/Texas/24-008749-003/2024(H5N1)	509	3238
PB2|PP755596.1|A/cattle/Texas/24-008749-003/2024(H5N1)	510	3242
PB2|PP755596.1|A/cattle/Texas/24-008749-003/2024(H5N1)	511	3243
PB2|PP755596.1|A/cattle/Texas/24-008749-003/2024(H5N1)	512	3272
PB2|PP755596.1|A/cattle/Texas/24-008749-003/2024(H5N1)	513	3271
PB2|PP755596.1|A/cattle/Texas/24-008749-003/2024(H5N1)	514	3271
PB2|PP755596.1|A/cattle/Texas/24-008749-003/2024(H5N1)	515	3237
PB2|PP755596.1|A/cattle/Texas/24-008749-003/2024(H5N1)	516	3238
PB2|PP755596.1|A/cattle/Texas/24-008749-003/2024(H5N1)	517	3235
PB2|PP755596.1|A/cattle/Texas/24-008749-003/2024(H5N1)	518	3242
PB2|PP755596.1|A/cattle/Texas/24-008749-003/2024(H5N1)	519	3257
PB2|PP755596.1|A/cattle/Texas/24-008749-003/2024(H5N1)	520	3255
PB2|PP755596.1|A/cattle/Texas/24-008749-003/2024(H5N1)	521	3202
PB2|PP755596.1|A/cattle/Texas/24-008749-003/2024(H5N1)	522	3201
PB2|PP755596.1|A/cattle/Texas/24-008749-003/2024(H5N1)	523	3188
PB2|PP755596.1|A/cattle/Texas/24-008749-003/2024(H5N1)	524	3199
PB2|PP755596.1|A/cattle/Texas/24-008749-003/2024(H5N1)	525	3231
PB2|PP755596.1|A/cattle/Texas/24-008749-003/2024(H5N1)	526	3272
PB2|PP755596.1|A/cattle/Texas/24-008749-003/2024(H5N1)	527	3282
PB2|PP755596.1|A/cattle/Texas/24-008749-003/2024(H5N1)	528	3282
PB2|PP755596.1|A/cattle/Texas/24-008749-003/2024(H5N1)	529	3269
PB2|PP755596.1|A/cattle/Texas/24-008749-003/2024(H5N1)	530	3231
PB2|PP755596.1|A/cattle/Texas/24-008749-003/2024(H5N1)	531	3233
PB2|PP755596.1|A/cattle/Texas/24-008749-003/2024(H5N1)	532	3250
PB2|PP755596.1|A/cattle/Texas/24-008749-003/2024(H5N1)	533	3234
PB2|PP755596.1|A/cattle/Texas/24-008749-003/2024(H5N1)	534	3238
PB2|PP755596.1|A/cattle/Texas/24-008749-003/2024(H5N1)	535	3235
PB2|PP755596.1|A/cattle/Texas/24-008749-003/2024(H5N1)	536	3204
PB2|PP755596.1|A/cattle/Texas/24-008749-003/2024(H5N1)	537	3205
PB2|PP755596.1|A/cattle/Texas/24-008749-003/2024(H5N1)	538	3230
PB2|PP755596.1|A/cattle/Texas/24-008749-003/2024(H5N1)	539	3260
PB2|PP755596.1|A/cattle/Texas/24-008749-003/2024(H5N1)	540	3251
PB2|PP755596.1|A/cattle/Texas/24-008749-003/2024(H5N1)	541	3402
PB2|PP755596.1|A/cattle/Texas/24-008749-003/2024(H5N1)	542	3208
PB2|PP755596.1|A/cattle/Texas/24-008749-003/2024(H5N1)	543	3209
PB2|PP755596.1|A/cattle/Texas/24-008749-003/2024(H5N1)	544	3219
PB2|PP755596.1|A/cattle/Texas/24-008749-003/2024(H5N1)	545	3220
PB2|PP755596.1|A/cattle/Texas/24-008749-003/2024(H5N1)	546	3231
PB2|PP755596.1|A/cattle/Texas/24-008749-003/2024(H5N1)	547	3217
PB2|PP755596.1|A/cattle/Texas/24-008749-003/2024(H5N1)	548	3139
PB2|PP755596.1|A/cattle/Texas/24-008749-003/2024(H5N1)	549	3153
PB2|PP755596.1|A/cattle/Texas/24-008749-003/2024(H5N1)	550	3212
PB2|PP755596.1|A/cattle/Texas/24-008749-003/2024(H5N1)	551	3220
PB2|PP755596.1|A/cattle/Texas/24-008749-003/2024(H5N1)	552	3215
PB2|PP755596.1|A/cattle/Texas/24-008749-003/2024(H5N1)	553	3152
PB2|PP755596.1|A/cattle/Texas/24-008749-003/2024(H5N1)	554	3228
PB2|PP755596.1|A/cattle/Texas/24-008749-003/2024(H5N1)	555	3237
PB2|PP755596.1|A/cattle/Texas/24-008749-003/2024(H5N1)	556	3255
PB2|PP755596.1|A/cattle/Texas/24-008749-003/2024(H5N1)	557	3260
PB2|PP755596.1|A/cattle/Texas/24-008749-003/2024(H5N1)	558	3240
PB2|PP755596.1|A/cattle/Texas/24-008749-003/2024(H5N1)	559	3244
PB2|PP755596.1|A/cattle/Texas/24-008749-003/2024(H5N1)	560	3231
PB2|PP755596.1|A/cattle/Texas/24-008749-003/2024(H5N1)	561	3248
PB2|PP755596.1|A/cattle/Texas/24-008749-003/2024(H5N1)	562	3294
PB2|PP755596.1|A/cattle/Texas/24-008749-003/2024(H5N1)	563	3287
PB2|PP755596.1|A/cattle/Texas/24-008749-003/2024(H5N1)	564	3293
PB2|PP755596.1|A/cattle/Texas/24-008749-003/2024(H5N1)	565	3266
PB2|PP755596.1|A/cattle/Texas/24-008749-003/2024(H5N1)	566	3262
PB2|PP755596.1|A/cattle/Texas/24-008749-003/2024(H5N1)	567	3277
PB2|PP755596.1|A/cattle/Texas/24-008749-003/2024(H5N1)	568	3305
PB2|PP755596.1|A/cattle/Texas/24-008749-003/2024(H5N1)	569	3306
PB2|PP755596.1|A/cattle/Texas/24-008749-003/2024(H5N1)	570	3241
PB2|PP755596.1|A/cattle/Texas/24-008749-003/2024(H5N1)	571	3259
PB2|PP755596.1|A/cattle/Texas/24-008749-003/2024(H5N1)	572	3257
PB2|PP755596.1|A/cattle/Texas/24-008749-003/2024(H5N1)	573	3255
PB2|PP755596.1|A/cattle/Texas/24-008749-003/2024(H5N1)	574	3273
PB2|PP755596.1|A/cattle/Texas/24-008749-003/2024(H5N1)	575	3292
PB2|PP755596.1|A/cattle/Texas/24-008749-003/2024(H5N1)	576	3273
PB2|PP755596.1|A/cattle/Texas/24-008749-003/2024(H5N1)	577	3432
PB2|PP755596.1|A/cattle/Texas/24-008749-003/2024(H5N1)	578	3428
PB2|PP755596.1|A/cattle/Texas/24-008749-003/2024(H5N1)	579	3494
PB2|PP755596.1|A/cattle/Texas/24-008749-003/2024(H5N1)	580	3469
PB2|PP755596.1|A/cattle/Texas/24-008749-003/2024(H5N1)	581	3468
PB2|PP755596.1|A/cattle/Texas/24-008749-003/2024(H5N1)	582	3467
PB2|PP755596.1|A/cattle/Texas/24-008749-003/2024(H5N1)	583	3472
PB2|PP755596.1|A/cattle/Texas/24-008749-003/2024(H5N1)	584	3658
PB2|PP755596.1|A/cattle/Texas/24-008749-003/2024(H5N1)	585	3508
PB2|PP755596.1|A/cattle/Texas/24-008749-003/2024(H5N1)	586	3316
PB2|PP755596.1|A/cattle/Texas/24-008749-003/2024(H5N1)	587	3317
PB2|PP755596.1|A/cattle/Texas/24-008749-003/2024(H5N1)	588	3388
PB2|PP755596.1|A/cattle/Texas/24-008749-003/2024(H5N1)	589	3391
PB2|PP755596.1|A/cattle/Texas/24-008749-003/2024(H5N1)	590	3400
PB2|PP755596.1|A/cattle/Texas/24-008749-003/2024(H5N1)	591	3390
PB2|PP755596.1|A/cattle/Texas/24-008749-003/2024(H5N1)	592	3441
PB2|PP755596.1|A/cattle/Texas/24-008749-003/2024(H5N1)	593	3411
PB2|PP755596.1|A/cattle/Texas/24-008749-003/2024(H5N1)	594	3359
PB2|PP755596.1|A/cattle/Texas/24-008749-003/2024(H5N1)	595	3360
PB2|PP755596.1|A/cattle/Texas/24-008749-003/2024(H5N1)	596	3368
PB2|PP755596.1|A/cattle/Texas/24-008749-003/2024(H5N1)	597	3344
PB2|PP755596.1|A/cattle/Texas/24-008749-003/2024(H5N1)	598	3416
PB2|PP755596.1|A/cattle/Texas/24-008749-003/2024(H5N1)	599	3430
PB2|PP755596.1|A/cattle/Texas/24-008749-003/2024(H5N1)	600	3513
PB2|PP755596.1|A/cattle/Texas/24-008749-003/2024(H5N1)	601	3396
PB2|PP755596.1|A/cattle/Texas/24-008749-003/2024(H5N1)	602	3397
PB2|PP755596.1|A/cattle/Texas/24-008749-003/2024(H5N1)	603	3395
PB2|PP755596.1|A/cattle/Texas/24-008749-003/2024(H5N1)	604	3409
PB2|PP755596.1|A/cattle/Texas/24-008749-003/2024(H5N1)	605	3364
PB2|PP755596.1|A/cattle/Texas/24-008749-003/2024(H5N1)	606	3379
PB2|PP755596.1|A/cattle/Texas/24-008749-003/2024(H5N1)	607	3418
PB2|PP755596.1|A/cattle/Texas/24-008749-003/2024(H5N1)	608	3410
PB2|PP755596.1|A/cattle/Texas/24-008749-003/2024(H5N1)	609	3356
PB2|PP755596.1|A/cattle/Texas/24-008749-003/2024(H5N1)	610	3322
PB2|PP755596.1|A/cattle/Texas/24-008749-003/2024(H5N1)	611	3340
PB2|PP755596.1|A/cattle/Texas/24-008749-003/2024(H5N1)	612	3351
PB2|PP755596.1|A/cattle/Texas/24-008749-003/2024(H5N1)	613	3349
PB2|PP755596.1|A/cattle/Texas/24-008749-003/2024(H5N1)	614	3365
PB2|PP755596.1|A/cattle/Texas/24-008749-003/2024(H5N1)	615	3264
PB2|PP755596.1|A/cattle/Texas/24-008749-003/2024(H5N1)	616	3150
PB2|PP755596.1|A/cattle/Texas/24-008749-003/2024(H5N1)	617	3130
PB2|PP755596.1|A/cattle/Texas/24-008749-003/2024(H5N1)	618	3149
PB2|PP755596.1|A/cattle/Texas/24-008749-003/2024(H5N1)	619	3243
PB2|PP755596.1|A/cattle/Texas/24-008749-003/2024(H5N1)	620	3227
PB2|PP755596.1|A/cattle/Texas/24-008749-003/2024(H5N1)	621	3219
PB2|PP755596.1|A/cattle/Texas/24-008749-003/2024(H5N1)	622	3220
PB2|PP755596.1|A/cattle/Texas/24-008749-003/2024(H5N1)	623	3283
PB2|PP755596.1|A/cattle/Texas/24-008749-003/2024(H5N1)	624	3308
PB2|PP755596.1|A/cattle/Texas/24-008749-003/2024(H5N1)	625	3286
PB2|PP755596.1|A/cattle/Texas/24-008749-003/2024(H5N1)	626	3269
PB2|PP755596.1|A/cattle/Texas/24-008749-003/2024(H5N1)	627	3222
PB2|PP755596.1|A/cattle/Texas/24-008749-003/2024(H5N1)	628	3254
PB2|PP755596.1|A/cattle/Texas/24-008749-003/2024(H5N1)	629	3235
PB2|PP755596.1|A/cattle/Texas/24-008749-003/2024(H5N1)	630	3231
PB2|PP755596.1|A/cattle/Texas/24-008749-003/2024(H5N1)	631	3126
PB2|PP755596.1|A/cattle/Texas/24-008749-003/2024(H5N1)	632	3044
PB2|PP755596.1|A/cattle/Texas/24-008749-003/2024(H5N1)	633	3056
PB2|PP755596.1|A/cattle/Texas/24-008749-003/2024(H5N1)	634	3058
PB2|PP755596.1|A/cattle/Texas/24-008749-003/2024(H5N1)	635	3056
PB2|PP755596.1|A/cattle/Texas/24-008749-003/2024(H5N1)	636	3057
PB2|PP755596.1|A/cattle/Texas/24-008749-003/2024(H5N1)	637	3021
PB2|PP755596.1|A/cattle/Texas/24-008749-003/2024(H5N1)	638	3020
PB2|PP755596.1|A/cattle/Texas/24-008749-003/2024(H5N1)	639	2991
PB2|PP755596.1|A/cattle/Texas/24-008749-003/2024(H5N1)	640	2990
PB2|PP755596.1|A/cattle/Texas/24-008749-003/2024(H5N1)	641	3033
PB2|PP755596.1|A/cattle/Texas/24-008749-003/2024(H5N1)	642	3035
PB2|PP755596.1|A/cattle/Texas/24-008749-003/2024(H5N1)	643	3044
PB2|PP755596.1|A/cattle/Texas/24-008749-003/2024(H5N1)	644	3016
PB2|PP755596.1|A/cattle/Texas/24-008749-003/2024(H5N1)	645	3093
PB2|PP755596.1|A/cattle/Texas/24-008749-003/2024(H5N1)	646	3101
PB2|PP755596.1|A/cattle/Texas/24-008749-003/2024(H5N1)	647	3130
PB2|PP755596.1|A/cattle/Texas/24-008749-003/2024(H5N1)	648	3148
PB2|PP755596.1|A/cattle/Texas/24-008749-003/2024(H5N1)	649	3152
PB2|PP755596.1|A/cattle/Texas/24-008749-003/2024(H5N1)	650	3130
PB2|PP755596.1|A/cattle/Texas/24-008749-003/2024(H5N1)	651	3122
PB2|PP755596.1|A/cattle/Texas/24-008749-003/2024(H5N1)	652	3122
PB2|PP755596.1|A/cattle/Texas/24-008749-003/2024(H5N1)	653	3131
PB2|PP755596.1|A/cattle/Texas/24-008749-003/2024(H5N1)	654	3167
PB2|PP755596.1|A/cattle/Texas/24-008749-003/2024(H5N1)	655	3161
PB2|PP755596.1|A/cattle/Texas/24-008749-003/2024(H5N1)	656	3118
PB2|PP755596.1|A/cattle/Texas/24-008749-003/2024(H5N1)	657	3079
PB2|PP755596.1|A/cattle/Texas/24-008749-003/2024(H5N1)	658	3084
PB2|PP755596.1|A/cattle/Texas/24-008749-003/2024(H5N1)	659	3088
PB2|PP755596.1|A/cattle/Texas/24-008749-003/2024(H5N1)	660	3094
PB2|PP755596.1|A/cattle/Texas/24-008749-003/2024(H5N1)	661	3092
PB2|PP755596.1|A/cattle/Texas/24-008749-003/2024(H5N1)	662	3092
PB2|PP755596.1|A/cattle/Texas/24-008749-003/2024(H5N1)	663	3077
PB2|PP755596.1|A/cattle/Texas/24-008749-003/2024(H5N1)	664	3089
PB2|PP755596.1|A/cattle/Texas/24-008749-003/2024(H5N1)	665	3146
PB2|PP755596.1|A/cattle/Texas/24-008749-003/2024(H5N1)	666	3158
PB2|PP755596.1|A/cattle/Texas/24-008749-003/2024(H5N1)	667	3170
PB2|PP755596.1|A/cattle/Texas/24-008749-003/2024(H5N1)	668	3178
PB2|PP755596.1|A/cattle/Texas/24-008749-003/2024(H5N1)	669	3188
PB2|PP755596.1|A/cattle/Texas/24-008749-003/2024(H5N1)	670	3183
PB2|PP755596.1|A/cattle/Texas/24-008749-003/2024(H5N1)	671	3234
PB2|PP755596.1|A/cattle/Texas/24-008749-003/2024(H5N1)	672	3245
PB2|PP755596.1|A/cattle/Texas/24-008749-003/2024(H5N1)	673	3240
PB2|PP755596.1|A/cattle/Texas/24-008749-003/2024(H5N1)	674	3248
PB2|PP755596.1|A/cattle/Texas/24-008749-003/2024(H5N1)	675	3244
PB2|PP755596.1|A/cattle/Texas/24-008749-003/2024(H5N1)	676	3208
PB2|PP755596.1|A/cattle/Texas/24-008749-003/2024(H5N1)	677	3233
PB2|PP755596.1|A/cattle/Texas/24-008749-003/2024(H5N1)	678	3253
PB2|PP755596.1|A/cattle/Texas/24-008749-003/2024(H5N1)	679	3300
PB2|PP755596.1|A/cattle/Texas/24-008749-003/2024(H5N1)	680	3299
PB2|PP755596.1|A/cattle/Texas/24-008749-003/2024(H5N1)	681	3297
PB2|PP755596.1|A/cattle/Texas/24-008749-003/2024(H5N1)	682	3292
PB2|PP755596.1|A/cattle/Texas/24-008749-003/2024(H5N1)	683	3431
PB2|PP755596.1|A/cattle/Texas/24-008749-003/2024(H5N1)	684	3439
PB2|PP755596.1|A/cattle/Texas/24-008749-003/2024(H5N1)	685	3443
PB2|PP755596.1|A/cattle/Texas/24-008749-003/2024(H5N1)	686	3414
PB2|PP755596.1|A/cattle/Texas/24-008749-003/2024(H5N1)	687	3327
PB2|PP755596.1|A/cattle/Texas/24-008749-003/2024(H5N1)	688	3301
PB2|PP755596.1|A/cattle/Texas/24-008749-003/2024(H5N1)	689	3261
PB2|PP755596.1|A/cattle/Texas/24-008749-003/2024(H5N1)	690	3251
PB2|PP755596.1|A/cattle/Texas/24-008749-003/2024(H5N1)	691	3305
PB2|PP755596.1|A/cattle/Texas/24-008749-003/2024(H5N1)	692	3167
PB2|PP755596.1|A/cattle/Texas/24-008749-003/2024(H5N1)	693	3168
PB2|PP755596.1|A/cattle/Texas/24-008749-003/2024(H5N1)	694	3166
PB2|PP755596.1|A/cattle/Texas/24-008749-003/2024(H5N1)	695	3158
PB2|PP755596.1|A/cattle/Texas/24-008749-003/2024(H5N1)	696	3216
PB2|PP755596.1|A/cattle/Texas/24-008749-003/2024(H5N1)	697	3395
PB2|PP755596.1|A/cattle/Texas/24-008749-003/2024(H5N1)	698	3420
PB2|PP755596.1|A/cattle/Texas/24-008749-003/2024(H5N1)	699	3409
PB2|PP755596.1|A/cattle/Texas/24-008749-003/2024(H5N1)	700	3338
PB2|PP755596.1|A/cattle/Texas/24-008749-003/2024(H5N1)	701	3350
PB2|PP755596.1|A/cattle/Texas/24-008749-003/2024(H5N1)	702	3344
PB2|PP755596.1|A/cattle/Texas/24-008749-003/2024(H5N1)	703	3375
PB2|PP755596.1|A/cattle/Texas/24-008749-003/2024(H5N1)	704	3370
PB2|PP755596.1|A/cattle/Texas/24-008749-003/2024(H5N1)	705	3322
PB2|PP755596.1|A/cattle/Texas/24-008749-003/2024(H5N1)	706	3301
PB2|PP755596.1|A/cattle/Texas/24-008749-003/2024(H5N1)	707	3282
PB2|PP755596.1|A/cattle/Texas/24-008749-003/2024(H5N1)	708	3335
PB2|PP755596.1|A/cattle/Texas/24-008749-003/2024(H5N1)	709	3387
PB2|PP755596.1|A/cattle/Texas/24-008749-003/2024(H5N1)	710	3389
PB2|PP755596.1|A/cattle/Texas/24-008749-003/2024(H5N1)	711	3368
PB2|PP755596.1|A/cattle/Texas/24-008749-003/2024(H5N1)	712	3330
PB2|PP755596.1|A/cattle/Texas/24-008749-003/2024(H5N1)	713	3333
PB2|PP755596.1|A/cattle/Texas/24-008749-003/2024(H5N1)	714	3330
PB2|PP755596.1|A/cattle/Texas/24-008749-003/2024(H5N1)	715	3357
PB2|PP755596.1|A/cattle/Texas/24-008749-003/2024(H5N1)	716	3394
PB2|PP755596.1|A/cattle/Texas/24-008749-003/2024(H5N1)	717	3368
PB2|PP755596.1|A/cattle/Texas/24-008749-003/2024(H5N1)	718	3343
PB2|PP755596.1|A/cattle/Texas/24-008749-003/2024(H5N1)	719	3337
PB2|PP755596.1|A/cattle/Texas/24-008749-003/2024(H5N1)	720	3337
PB2|PP755596.1|A/cattle/Texas/24-008749-003/2024(H5N1)	721	3406
PB2|PP755596.1|A/cattle/Texas/24-008749-003/2024(H5N1)	722	3387
PB2|PP755596.1|A/cattle/Texas/24-008749-003/2024(H5N1)	723	3389
PB2|PP755596.1|A/cattle/Texas/24-008749-003/2024(H5N1)	724	3400
PB2|PP755596.1|A/cattle/Texas/24-008749-003/2024(H5N1)	725	3370
PB2|PP755596.1|A/cattle/Texas/24-008749-003/2024(H5N1)	726	3595
PB2|PP755596.1|A/cattle/Texas/24-008749-003/2024(H5N1)	727	3594
PB2|PP755596.1|A/cattle/Texas/24-008749-003/2024(H5N1)	728	3463
PB2|PP755596.1|A/cattle/Texas/24-008749-003/2024(H5N1)	729	3524
PB2|PP755596.1|A/cattle/Texas/24-008749-003/2024(H5N1)	730	3503
PB2|PP755596.1|A/cattle/Texas/24-008749-003/2024(H5N1)	731	3509
PB2|PP755596.1|A/cattle/Texas/24-008749-003/2024(H5N1)	732	3516
PB2|PP755596.1|A/cattle/Texas/24-008749-003/2024(H5N1)	733	3494
PB2|PP755596.1|A/cattle/Texas/24-008749-003/2024(H5N1)	734	3515
PB2|PP755596.1|A/cattle/Texas/24-008749-003/2024(H5N1)	735	3286
PB2|PP755596.1|A/cattle/Texas/24-008749-003/2024(H5N1)	736	3326
PB2|PP755596.1|A/cattle/Texas/24-008749-003/2024(H5N1)	737	3302
PB2|PP755596.1|A/cattle/Texas/24-008749-003/2024(H5N1)	738	3222
PB2|PP755596.1|A/cattle/Texas/24-008749-003/2024(H5N1)	739	3221
PB2|PP755596.1|A/cattle/Texas/24-008749-003/2024(H5N1)	740	3259
PB2|PP755596.1|A/cattle/Texas/24-008749-003/2024(H5N1)	741	3271
PB2|PP755596.1|A/cattle/Texas/24-008749-003/2024(H5N1)	742	3273
PB2|PP755596.1|A/cattle/Texas/24-008749-003/2024(H5N1)	743	3230
PB2|PP755596.1|A/cattle/Texas/24-008749-003/2024(H5N1)	744	3220
PB2|PP755596.1|A/cattle/Texas/24-008749-003/2024(H5N1)	745	3240
PB2|PP755596.1|A/cattle/Texas/24-008749-003/2024(H5N1)	746	3248
PB2|PP755596.1|A/cattle/Texas/24-008749-003/2024(H5N1)	747	3250
PB2|PP755596.1|A/cattle/Texas/24-008749-003/2024(H5N1)	748	3276
PB2|PP755596.1|A/cattle/Texas/24-008749-003/2024(H5N1)	749	3208
PB2|PP755596.1|A/cattle/Texas/24-008749-003/2024(H5N1)	750	3191
PB2|PP755596.1|A/cattle/Texas/24-008749-003/2024(H5N1)	751	3117
PB2|PP755596.1|A/cattle/Texas/24-008749-003/2024(H5N1)	752	3111
PB2|PP755596.1|A/cattle/Texas/24-008749-003/2024(H5N1)	753	3110
PB2|PP755596.1|A/cattle/Texas/24-008749-003/2024(H5N1)	754	3094
PB2|PP755596.1|A/cattle/Texas/24-008749-003/2024(H5N1)	755	3101
PB2|PP755596.1|A/cattle/Texas/24-008749-003/2024(H5N1)	756	3094
PB2|PP755596.1|A/cattle/Texas/24-008749-003/2024(H5N1)	757	3083
PB2|PP755596.1|A/cattle/Texas/24-008749-003/2024(H5N1)	758	3023
PB2|PP755596.1|A/cattle/Texas/24-008749-003/2024(H5N1)	759	3006
PB2|PP755596.1|A/cattle/Texas/24-008749-003/2024(H5N1)	760	3033
PB2|PP755596.1|A/cattle/Texas/24-008749-003/2024(H5N1)	761	3131
PB2|PP755596.1|A/cattle/Texas/24-008749-003/2024(H5N1)	762	3115
PB2|PP755596.1|A/cattle/Texas/24-008749-003/2024(H5N1)	763	3109
PB2|PP755596.1|A/cattle/Texas/24-008749-003/2024(H5N1)	764	3093
PB2|PP755596.1|A/cattle/Texas/24-008749-003/2024(H5N1)	765	3061
PB2|PP755596.1|A/cattle/Texas/24-008749-003/2024(H5N1)	766	3157
PB2|PP755596.1|A/cattle/Texas/24-008749-003/2024(H5N1)	767	3150
PB2|PP755596.1|A/cattle/Texas/24-008749-003/2024(H5N1)	768	3190
PB2|PP755596.1|A/cattle/Texas/24-008749-003/2024(H5N1)	769	3150
PB2|PP755596.1|A/cattle/Texas/24-008749-003/2024(H5N1)	770	3074
PB2|PP755596.1|A/cattle/Texas/24-008749-003/2024(H5N1)	771	3064
PB2|PP755596.1|A/cattle/Texas/24-008749-003/2024(H5N1)	772	3058
PB2|PP755596.1|A/cattle/Texas/24-008749-003/2024(H5N1)	773	3081
PB2|PP755596.1|A/cattle/Texas/24-008749-003/2024(H5N1)	774	3030
PB2|PP755596.1|A/cattle/Texas/24-008749-003/2024(H5N1)	775	3006
PB2|PP755596.1|A/cattle/Texas/24-008749-003/2024(H5N1)	776	3006
PB2|PP755596.1|A/cattle/Texas/24-008749-003/2024(H5N1)	777	2807
PB2|PP755596.1|A/cattle/Texas/24-008749-003/2024(H5N1)	778	2817
PB2|PP755596.1|A/cattle/Texas/24-008749-003/2024(H5N1)	779	2788
PB2|PP755596.1|A/cattle/Texas/24-008749-003/2024(H5N1)	780	2785
PB2|PP755596.1|A/cattle/Texas/24-008749-003/2024(H5N1)	781	2785
PB2|PP755596.1|A/cattle/Texas/24-008749-003/2024(H5N1)	782	2792
PB2|PP755596.1|A/cattle/Texas/24-008749-003/2024(H5N1)	783	2911
PB2|PP755596.1|A/cattle/Texas/24-008749-003/2024(H5N1)	784	3130
PB2|PP755596.1|A/cattle/Texas/24-008749-003/2024(H5N1)	785	3176
PB2|PP755596.1|A/cattle/Texas/24-008749-003/2024(H5N1)	786	3176
PB2|PP755596.1|A/cattle/Texas/24-008749-003/2024(H5N1)	787	3285
PB2|PP755596.1|A/cattle/Texas/24-008749-003/2024(H5N1)	788	3351
PB2|PP755596.1|A/cattle/Texas/24-008749-003/2024(H5N1)	789	3355
PB2|PP755596.1|A/cattle/Texas/24-008749-003/2024(H5N1)	790	3365
PB2|PP755596.1|A/cattle/Texas/24-008749-003/2024(H5N1)	791	3371
PB2|PP755596.1|A/cattle/Texas/24-008749-003/2024(H5N1)	792	3404
PB2|PP755596.1|A/cattle/Texas/24-008749-003/2024(H5N1)	793	3406
PB2|PP755596.1|A/cattle/Texas/24-008749-003/2024(H5N1)	794	3402
PB2|PP755596.1|A/cattle/Texas/24-008749-003/2024(H5N1)	795	3427
PB2|PP755596.1|A/cattle/Texas/24-008749-003/2024(H5N1)	796	3460
PB2|PP755596.1|A/cattle/Texas/24-008749-003/2024(H5N1)	797	3479
PB2|PP755596.1|A/cattle/Texas/24-008749-003/2024(H5N1)	798	3461
PB2|PP755596.1|A/cattle/Texas/24-008749-003/2024(H5N1)	799	3464
PB2|PP755596.1|A/cattle/Texas/24-008749-003/2024(H5N1)	800	3472
PB2|PP755596.1|A/cattle/Texas/24-008749-003/2024(H5N1)	801	3435
PB2|PP755596.1|A/cattle/Texas/24-008749-003/2024(H5N1)	802	3434
PB2|PP755596.1|A/cattle/Texas/24-008749-003/2024(H5N1)	803	3460
PB2|PP755596.1|A/cattle/Texas/24-008749-003/2024(H5N1)	804	3537
PB2|PP755596.1|A/cattle/Texas/24-008749-003/2024(H5N1)	805	3503
PB2|PP755596.1|A/cattle/Texas/24-008749-003/2024(H5N1)	806	3550
PB2|PP755596.1|A/cattle/Texas/24-008749-003/2024(H5N1)	807	3560
PB2|PP755596.1|A/cattle/Texas/24-008749-003/2024(H5N1)	808	3572
PB2|PP755596.1|A/cattle/Texas/24-008749-003/2024(H5N1)	809	3575
PB2|PP755596.1|A/cattle/Texas/24-008749-003/2024(H5N1)	810	3581
PB2|PP755596.1|A/cattle/Texas/24-008749-003/2024(H5N1)	811	3572
PB2|PP755596.1|A/cattle/Texas/24-008749-003/2024(H5N1)	812	3587
PB2|PP755596.1|A/cattle/Texas/24-008749-003/2024(H5N1)	813	3586
PB2|PP755596.1|A/cattle/Texas/24-008749-003/2024(H5N1)	814	3651
PB2|PP755596.1|A/cattle/Texas/24-008749-003/2024(H5N1)	815	3690
PB2|PP755596.1|A/cattle/Texas/24-008749-003/2024(H5N1)	816	3694
PB2|PP755596.1|A/cattle/Texas/24-008749-003/2024(H5N1)	817	3697
PB2|PP755596.1|A/cattle/Texas/24-008749-003/2024(H5N1)	818	3701
PB2|PP755596.1|A/cattle/Texas/24-008749-003/2024(H5N1)	819	3697
PB2|PP755596.1|A/cattle/Texas/24-008749-003/2024(H5N1)	820	3681
PB2|PP755596.1|A/cattle/Texas/24-008749-003/2024(H5N1)	821	3674
PB2|PP755596.1|A/cattle/Texas/24-008749-003/2024(H5N1)	822	3595
PB2|PP755596.1|A/cattle/Texas/24-008749-003/2024(H5N1)	823	3618
PB2|PP755596.1|A/cattle/Texas/24-008749-003/2024(H5N1)	824	3663
PB2|PP755596.1|A/cattle/Texas/24-008749-003/2024(H5N1)	825	3747
PB2|PP755596.1|A/cattle/Texas/24-008749-003/2024(H5N1)	826	3741
PB2|PP755596.1|A/cattle/Texas/24-008749-003/2024(H5N1)	827	3665
PB2|PP755596.1|A/cattle/Texas/24-008749-003/2024(H5N1)	828	3668
PB2|PP755596.1|A/cattle/Texas/24-008749-003/2024(H5N1)	829	3703
PB2|PP755596.1|A/cattle/Texas/24-008749-003/2024(H5N1)	830	3660
PB2|PP755596.1|A/cattle/Texas/24-008749-003/2024(H5N1)	831	3661
PB2|PP755596.1|A/cattle/Texas/24-008749-003/2024(H5N1)	832	3658
PB2|PP755596.1|A/cattle/Texas/24-008749-003/2024(H5N1)	833	3574
PB2|PP755596.1|A/cattle/Texas/24-008749-003/2024(H5N1)	834	3508
PB2|PP755596.1|A/cattle/Texas/24-008749-003/2024(H5N1)	835	3503
PB2|PP755596.1|A/cattle/Texas/24-008749-003/2024(H5N1)	836	3519
PB2|PP755596.1|A/cattle/Texas/24-008749-003/2024(H5N1)	837	3523
PB2|PP755596.1|A/cattle/Texas/24-008749-003/2024(H5N1)	838	3794
PB2|PP755596.1|A/cattle/Texas/24-008749-003/2024(H5N1)	839	3794
PB2|PP755596.1|A/cattle/Texas/24-008749-003/2024(H5N1)	840	3805
PB2|PP755596.1|A/cattle/Texas/24-008749-003/2024(H5N1)	841	3803
PB2|PP755596.1|A/cattle/Texas/24-008749-003/2024(H5N1)	842	3749
PB2|PP755596.1|A/cattle/Texas/24-008749-003/2024(H5N1)	843	3753
PB2|PP755596.1|A/cattle/Texas/24-008749-003/2024(H5N1)	844	3753
PB2|PP755596.1|A/cattle/Texas/24-008749-003/2024(H5N1)	845	3740
PB2|PP755596.1|A/cattle/Texas/24-008749-003/2024(H5N1)	846	3742
PB2|PP755596.1|A/cattle/Texas/24-008749-003/2024(H5N1)	847	3528
PB2|PP755596.1|A/cattle/Texas/24-008749-003/2024(H5N1)	848	3505
PB2|PP755596.1|A/cattle/Texas/24-008749-003/2024(H5N1)	849	3605
PB2|PP755596.1|A/cattle/Texas/24-008749-003/2024(H5N1)	850	3623
PB2|PP755596.1|A/cattle/Texas/24-008749-003/2024(H5N1)	851	3624
PB2|PP755596.1|A/cattle/Texas/24-008749-003/2024(H5N1)	852	3630
PB2|PP755596.1|A/cattle/Texas/24-008749-003/2024(H5N1)	853	3638
PB2|PP755596.1|A/cattle/Texas/24-008749-003/2024(H5N1)	854	3627
PB2|PP755596.1|A/cattle/Texas/24-008749-003/2024(H5N1)	855	3616
PB2|PP755596.1|A/cattle/Texas/24-008749-003/2024(H5N1)	856	3605
PB2|PP755596.1|A/cattle/Texas/24-008749-003/2024(H5N1)	857	3624
PB2|PP755596.1|A/cattle/Texas/24-008749-003/2024(H5N1)	858	3576
PB2|PP755596.1|A/cattle/Texas/24-008749-003/2024(H5N1)	859	3580
PB2|PP755596.1|A/cattle/Texas/24-008749-003/2024(H5N1)	860	3585
PB2|PP755596.1|A/cattle/Texas/24-008749-003/2024(H5N1)	861	3584
PB2|PP755596.1|A/cattle/Texas/24-008749-003/2024(H5N1)	862	3614
PB2|PP755596.1|A/cattle/Texas/24-008749-003/2024(H5N1)	863	3610
PB2|PP755596.1|A/cattle/Texas/24-008749-003/2024(H5N1)	864	3639
PB2|PP755596.1|A/cattle/Texas/24-008749-003/2024(H5N1)	865	3640
PB2|PP755596.1|A/cattle/Texas/24-008749-003/2024(H5N1)	866	3606
PB2|PP755596.1|A/cattle/Texas/24-008749-003/2024(H5N1)	867	3572
PB2|PP755596.1|A/cattle/Texas/24-008749-003/2024(H5N1)	868	3570
PB2|PP755596.1|A/cattle/Texas/24-008749-003/2024(H5N1)	869	3565
PB2|PP755596.1|A/cattle/Texas/24-008749-003/2024(H5N1)	870	3562
PB2|PP755596.1|A/cattle/Texas/24-008749-003/2024(H5N1)	871	3559
PB2|PP755596.1|A/cattle/Texas/24-008749-003/2024(H5N1)	872	3637
PB2|PP755596.1|A/cattle/Texas/24-008749-003/2024(H5N1)	873	3621
PB2|PP755596.1|A/cattle/Texas/24-008749-003/2024(H5N1)	874	3620
PB2|PP755596.1|A/cattle/Texas/24-008749-003/2024(H5N1)	875	3611
PB2|PP755596.1|A/cattle/Texas/24-008749-003/2024(H5N1)	876	3609
PB2|PP755596.1|A/cattle/Texas/24-008749-003/2024(H5N1)	877	3391
PB2|PP755596.1|A/cattle/Texas/24-008749-003/2024(H5N1)	878	3425
PB2|PP755596.1|A/cattle/Texas/24-008749-003/2024(H5N1)	879	3462
PB2|PP755596.1|A/cattle/Texas/24-008749-003/2024(H5N1)	880	3436
PB2|PP755596.1|A/cattle/Texas/24-008749-003/2024(H5N1)	881	3396
PB2|PP755596.1|A/cattle/Texas/24-008749-003/2024(H5N1)	882	3424
PB2|PP755596.1|A/cattle/Texas/24-008749-003/2024(H5N1)	883	3467
PB2|PP755596.1|A/cattle/Texas/24-008749-003/2024(H5N1)	884	3475
PB2|PP755596.1|A/cattle/Texas/24-008749-003/2024(H5N1)	885	3437
PB2|PP755596.1|A/cattle/Texas/24-008749-003/2024(H5N1)	886	3437
PB2|PP755596.1|A/cattle/Texas/24-008749-003/2024(H5N1)	887	3394
PB2|PP755596.1|A/cattle/Texas/24-008749-003/2024(H5N1)	888	3411
PB2|PP755596.1|A/cattle/Texas/24-008749-003/2024(H5N1)	889	3394
PB2|PP755596.1|A/cattle/Texas/24-008749-003/2024(H5N1)	890	3440
PB2|PP755596.1|A/cattle/Texas/24-008749-003/2024(H5N1)	891	3416
PB2|PP755596.1|A/cattle/Texas/24-008749-003/2024(H5N1)	892	3419
PB2|PP755596.1|A/cattle/Texas/24-008749-003/2024(H5N1)	893	3402
PB2|PP755596.1|A/cattle/Texas/24-008749-003/2024(H5N1)	894	3402
PB2|PP755596.1|A/cattle/Texas/24-008749-003/2024(H5N1)	895	3393
PB2|PP755596.1|A/cattle/Texas/24-008749-003/2024(H5N1)	896	3384
PB2|PP755596.1|A/cattle/Texas/24-008749-003/2024(H5N1)	897	3388
PB2|PP755596.1|A/cattle/Texas/24-008749-003/2024(H5N1)	898	3359
PB2|PP755596.1|A/cattle/Texas/24-008749-003/2024(H5N1)	899	3348
PB2|PP755596.1|A/cattle/Texas/24-008749-003/2024(H5N1)	900	3376
PB2|PP755596.1|A/cattle/Texas/24-008749-003/2024(H5N1)	901	3372
PB2|PP755596.1|A/cattle/Texas/24-008749-003/2024(H5N1)	902	3453
PB2|PP755596.1|A/cattle/Texas/24-008749-003/2024(H5N1)	903	3467
PB2|PP755596.1|A/cattle/Texas/24-008749-003/2024(H5N1)	904	3464
PB2|PP755596.1|A/cattle/Texas/24-008749-003/2024(H5N1)	905	3467
PB2|PP755596.1|A/cattle/Texas/24-008749-003/2024(H5N1)	906	3460
PB2|PP755596.1|A/cattle/Texas/24-008749-003/2024(H5N1)	907	3435
PB2|PP755596.1|A/cattle/Texas/24-008749-003/2024(H5N1)	908	3439
PB2|PP755596.1|A/cattle/Texas/24-008749-003/2024(H5N1)	909	3410
PB2|PP755596.1|A/cattle/Texas/24-008749-003/2024(H5N1)	910	3422
PB2|PP755596.1|A/cattle/Texas/24-008749-003/2024(H5N1)	911	3378
PB2|PP755596.1|A/cattle/Texas/24-008749-003/2024(H5N1)	912	3341
PB2|PP755596.1|A/cattle/Texas/24-008749-003/2024(H5N1)	913	3357
PB2|PP755596.1|A/cattle/Texas/24-008749-003/2024(H5N1)	914	3399
PB2|PP755596.1|A/cattle/Texas/24-008749-003/2024(H5N1)	915	3397
PB2|PP755596.1|A/cattle/Texas/24-008749-003/2024(H5N1)	916	3364
PB2|PP755596.1|A/cattle/Texas/24-008749-003/2024(H5N1)	917	3358
PB2|PP755596.1|A/cattle/Texas/24-008749-003/2024(H5N1)	918	3352
PB2|PP755596.1|A/cattle/Texas/24-008749-003/2024(H5N1)	919	3390
PB2|PP755596.1|A/cattle/Texas/24-008749-003/2024(H5N1)	920	3414
PB2|PP755596.1|A/cattle/Texas/24-008749-003/2024(H5N1)	921	3356
PB2|PP755596.1|A/cattle/Texas/24-008749-003/2024(H5N1)	922	3347
PB2|PP755596.1|A/cattle/Texas/24-008749-003/2024(H5N1)	923	3359
PB2|PP755596.1|A/cattle/Texas/24-008749-003/2024(H5N1)	924	3345
PB2|PP755596.1|A/cattle/Texas/24-008749-003/2024(H5N1)	925	3565
PB2|PP755596.1|A/cattle/Texas/24-008749-003/2024(H5N1)	926	3599
PB2|PP755596.1|A/cattle/Texas/24-008749-003/2024(H5N1)	927	3693
PB2|PP755596.1|A/cattle/Texas/24-008749-003/2024(H5N1)	928	3572
PB2|PP755596.1|A/cattle/Texas/24-008749-003/2024(H5N1)	929	3574
PB2|PP755596.1|A/cattle/Texas/24-008749-003/2024(H5N1)	930	3621
PB2|PP755596.1|A/cattle/Texas/24-008749-003/2024(H5N1)	931	3616
PB2|PP755596.1|A/cattle/Texas/24-008749-003/2024(H5N1)	932	3616
PB2|PP755596.1|A/cattle/Texas/24-008749-003/2024(H5N1)	933	3646
PB2|PP755596.1|A/cattle/Texas/24-008749-003/2024(H5N1)	934	3645
PB2|PP755596.1|A/cattle/Texas/24-008749-003/2024(H5N1)	935	3650
PB2|PP755596.1|A/cattle/Texas/24-008749-003/2024(H5N1)	936	3610
PB2|PP755596.1|A/cattle/Texas/24-008749-003/2024(H5N1)	937	3643
PB2|PP755596.1|A/cattle/Texas/24-008749-003/2024(H5N1)	938	3542
PB2|PP755596.1|A/cattle/Texas/24-008749-003/2024(H5N1)	939	3488
PB2|PP755596.1|A/cattle/Texas/24-008749-003/2024(H5N1)	940	3567
PB2|PP755596.1|A/cattle/Texas/24-008749-003/2024(H5N1)	941	3562
PB2|PP755596.1|A/cattle/Texas/24-008749-003/2024(H5N1)	942	3578
PB2|PP755596.1|A/cattle/Texas/24-008749-003/2024(H5N1)	943	3560
PB2|PP755596.1|A/cattle/Texas/24-008749-003/2024(H5N1)	944	3563
PB2|PP755596.1|A/cattle/Texas/24-008749-003/2024(H5N1)	945	3569
PB2|PP755596.1|A/cattle/Texas/24-008749-003/2024(H5N1)	946	3624
PB2|PP755596.1|A/cattle/Texas/24-008749-003/2024(H5N1)	947	3644
PB2|PP755596.1|A/cattle/Texas/24-008749-003/2024(H5N1)	948	3630
PB2|PP755596.1|A/cattle/Texas/24-008749-003/2024(H5N1)	949	3630
PB2|PP755596.1|A/cattle/Texas/24-008749-003/2024(H5N1)	950	3628
PB2|PP755596.1|A/cattle/Texas/24-008749-003/2024(H5N1)	951	3634
PB2|PP755596.1|A/cattle/Texas/24-008749-003/2024(H5N1)	952	3640
PB2|PP755596.1|A/cattle/Texas/24-008749-003/2024(H5N1)	953	3704
PB2|PP755596.1|A/cattle/Texas/24-008749-003/2024(H5N1)	954	3741
PB2|PP755596.1|A/cattle/Texas/24-008749-003/2024(H5N1)	955	3687
PB2|PP755596.1|A/cattle/Texas/24-008749-003/2024(H5N1)	956	3680
PB2|PP755596.1|A/cattle/Texas/24-008749-003/2024(H5N1)	957	3636
PB2|PP755596.1|A/cattle/Texas/24-008749-003/2024(H5N1)	958	3639
PB2|PP755596.1|A/cattle/Texas/24-008749-003/2024(H5N1)	959	3630
PB2|PP755596.1|A/cattle/Texas/24-008749-003/2024(H5N1)	960	3650
PB2|PP755596.1|A/cattle/Texas/24-008749-003/2024(H5N1)	961	3657
PB2|PP755596.1|A/cattle/Texas/24-008749-003/2024(H5N1)	962	3569
PB2|PP755596.1|A/cattle/Texas/24-008749-003/2024(H5N1)	963	3532
PB2|PP755596.1|A/cattle/Texas/24-008749-003/2024(H5N1)	964	3592
PB2|PP755596.1|A/cattle/Texas/24-008749-003/2024(H5N1)	965	3537
PB2|PP755596.1|A/cattle/Texas/24-008749-003/2024(H5N1)	966	3538
PB2|PP755596.1|A/cattle/Texas/24-008749-003/2024(H5N1)	967	3535
PB2|PP755596.1|A/cattle/Texas/24-008749-003/2024(H5N1)	968	3526
PB2|PP755596.1|A/cattle/Texas/24-008749-003/2024(H5N1)	969	3494
PB2|PP755596.1|A/cattle/Texas/24-008749-003/2024(H5N1)	970	3492
PB2|PP755596.1|A/cattle/Texas/24-008749-003/2024(H5N1)	971	3548
PB2|PP755596.1|A/cattle/Texas/24-008749-003/2024(H5N1)	972	3542
PB2|PP755596.1|A/cattle/Texas/24-008749-003/2024(H5N1)	973	3495
PB2|PP755596.1|A/cattle/Texas/24-008749-003/2024(H5N1)	974	3505
PB2|PP755596.1|A/cattle/Texas/24-008749-003/2024(H5N1)	975	3617
PB2|PP755596.1|A/cattle/Texas/24-008749-003/2024(H5N1)	976	3546
PB2|PP755596.1|A/cattle/Texas/24-008749-003/2024(H5N1)	977	3558
PB2|PP755596.1|A/cattle/Texas/24-008749-003/2024(H5N1)	978	3547
PB2|PP755596.1|A/cattle/Texas/24-008749-003/2024(H5N1)	979	3547
PB2|PP755596.1|A/cattle/Texas/24-008749-003/2024(H5N1)	980	3480
PB2|PP755596.1|A/cattle/Texas/24-008749-003/2024(H5N1)	981	3485
PB2|PP755596.1|A/cattle/Texas/24-008749-003/2024(H5N1)	982	3482
PB2|PP755596.1|A/cattle/Texas/24-008749-003/2024(H5N1)	983	3480
PB2|PP755596.1|A/cattle/Texas/24-008749-003/2024(H5N1)	984	3473
PB2|PP755596.1|A/cattle/Texas/24-008749-003/2024(H5N1)	985	3460
PB2|PP755596.1|A/cattle/Texas/24-008749-003/2024(H5N1)	986	3444
PB2|PP755596.1|A/cattle/Texas/24-008749-003/2024(H5N1)	987	3470
PB2|PP755596.1|A/cattle/Texas/24-008749-003/2024(H5N1)	988	3466
PB2|PP755596.1|A/cattle/Texas/24-008749-003/2024(H5N1)	989	3218
PB2|PP755596.1|A/cattle/Texas/24-008749-003/2024(H5N1)	990	3216
PB2|PP755596.1|A/cattle/Texas/24-008749-003/2024(H5N1)	991	3349
PB2|PP755596.1|A/cattle/Texas/24-008749-003/2024(H5N1)	992	3347
PB2|PP755596.1|A/cattle/Texas/24-008749-003/2024(H5N1)	993	3349
PB2|PP755596.1|A/cattle/Texas/24-008749-003/2024(H5N1)	994	3337
PB2|PP755596.1|A/cattle/Texas/24-008749-003/2024(H5N1)	995	3364
PB2|PP755596.1|A/cattle/Texas/24-008749-003/2024(H5N1)	996	3343
PB2|PP755596.1|A/cattle/Texas/24-008749-003/2024(H5N1)	997	3370
PB2|PP755596.1|A/cattle/Texas/24-008749-003/2024(H5N1)	998	3382
PB2|PP755596.1|A/cattle/Texas/24-008749-003/2024(H5N1)	999	3385
PB2|PP755596.1|A/cattle/Texas/24-008749-003/2024(H5N1)	1000	3279
PB2|PP755596.1|A/cattle/Texas/24-008749-003/2024(H5N1)	1001	3265
PB2|PP755596.1|A/cattle/Texas/24-008749-003/2024(H5N1)	1002	3282
PB2|PP755596.1|A/cattle/Texas/24-008749-003/2024(H5N1)	1003	3278
PB2|PP755596.1|A/cattle/Texas/24-008749-003/2024(H5N1)	1004	3269
PB2|PP755596.1|A/cattle/Texas/24-008749-003/2024(H5N1)	1005	3264
PB2|PP755596.1|A/cattle/Texas/24-008749-003/2024(H5N1)	1006	3392
PB2|PP755596.1|A/cattle/Texas/24-008749-003/2024(H5N1)	1007	3363
PB2|PP755596.1|A/cattle/Texas/24-008749-003/2024(H5N1)	1008	3362
PB2|PP755596.1|A/cattle/Texas/24-008749-003/2024(H5N1)	1009	3353
PB2|PP755596.1|A/cattle/Texas/24-008749-003/2024(H5N1)	1010	3343
PB2|PP755596.1|A/cattle/Texas/24-008749-003/2024(H5N1)	1011	3344
PB2|PP755596.1|A/cattle/Texas/24-008749-003/2024(H5N1)	1012	3397
PB2|PP755596.1|A/cattle/Texas/24-008749-003/2024(H5N1)	1013	3403
PB2|PP755596.1|A/cattle/Texas/24-008749-003/2024(H5N1)	1014	3382
PB2|PP755596.1|A/cattle/Texas/24-008749-003/2024(H5N1)	1015	3380
PB2|PP755596.1|A/cattle/Texas/24-008749-003/2024(H5N1)	1016	3393
PB2|PP755596.1|A/cattle/Texas/24-008749-003/2024(H5N1)	1017	3393
PB2|PP755596.1|A/cattle/Texas/24-008749-003/2024(H5N1)	1018	3390
PB2|PP755596.1|A/cattle/Texas/24-008749-003/2024(H5N1)	1019	3436
PB2|PP755596.1|A/cattle/Texas/24-008749-003/2024(H5N1)	1020	3491
PB2|PP755596.1|A/cattle/Texas/24-008749-003/2024(H5N1)	1021	3450
PB2|PP755596.1|A/cattle/Texas/24-008749-003/2024(H5N1)	1022	3435
PB2|PP755596.1|A/cattle/Texas/24-008749-003/2024(H5N1)	1023	3365
PB2|PP755596.1|A/cattle/Texas/24-008749-003/2024(H5N1)	1024	3393
PB2|PP755596.1|A/cattle/Texas/24-008749-003/2024(H5N1)	1025	3418
PB2|PP755596.1|A/cattle/Texas/24-008749-003/2024(H5N1)	1026	3412
PB2|PP755596.1|A/cattle/Texas/24-008749-003/2024(H5N1)	1027	3412
PB2|PP755596.1|A/cattle/Texas/24-008749-003/2024(H5N1)	1028	3394
PB2|PP755596.1|A/cattle/Texas/24-008749-003/2024(H5N1)	1029	3328
PB2|PP755596.1|A/cattle/Texas/24-008749-003/2024(H5N1)	1030	3347
PB2|PP755596.1|A/cattle/Texas/24-008749-003/2024(H5N1)	1031	3326
PB2|PP755596.1|A/cattle/Texas/24-008749-003/2024(H5N1)	1032	3361
PB2|PP755596.1|A/cattle/Texas/24-008749-003/2024(H5N1)	1033	3292
PB2|PP755596.1|A/cattle/Texas/24-008749-003/2024(H5N1)	1034	3364
PB2|PP755596.1|A/cattle/Texas/24-008749-003/2024(H5N1)	1035	3366
PB2|PP755596.1|A/cattle/Texas/24-008749-003/2024(H5N1)	1036	3346
PB2|PP755596.1|A/cattle/Texas/24-008749-003/2024(H5N1)	1037	3351
PB2|PP755596.1|A/cattle/Texas/24-008749-003/2024(H5N1)	1038	3358
PB2|PP755596.1|A/cattle/Texas/24-008749-003/2024(H5N1)	1039	3340
PB2|PP755596.1|A/cattle/Texas/24-008749-003/2024(H5N1)	1040	3340
PB2|PP755596.1|A/cattle/Texas/24-008749-003/2024(H5N1)	1041	3284
PB2|PP755596.1|A/cattle/Texas/24-008749-003/2024(H5N1)	1042	3266
PB2|PP755596.1|A/cattle/Texas/24-008749-003/2024(H5N1)	1043	3271
PB2|PP755596.1|A/cattle/Texas/24-008749-003/2024(H5N1)	1044	3320
PB2|PP755596.1|A/cattle/Texas/24-008749-003/2024(H5N1)	1045	3334
PB2|PP755596.1|A/cattle/Texas/24-008749-003/2024(H5N1)	1046	3341
PB2|PP755596.1|A/cattle/Texas/24-008749-003/2024(H5N1)	1047	3344
PB2|PP755596.1|A/cattle/Texas/24-008749-003/2024(H5N1)	1048	3427
PB2|PP755596.1|A/cattle/Texas/24-008749-003/2024(H5N1)	1049	3429
PB2|PP755596.1|A/cattle/Texas/24-008749-003/2024(H5N1)	1050	3427
PB2|PP755596.1|A/cattle/Texas/24-008749-003/2024(H5N1)	1051	3415
PB2|PP755596.1|A/cattle/Texas/24-008749-003/2024(H5N1)	1052	3398
PB2|PP755596.1|A/cattle/Texas/24-008749-003/2024(H5N1)	1053	3372
PB2|PP755596.1|A/cattle/Texas/24-008749-003/2024(H5N1)	1054	3362
PB2|PP755596.1|A/cattle/Texas/24-008749-003/2024(H5N1)	1055	3361
PB2|PP755596.1|A/cattle/Texas/24-008749-003/2024(H5N1)	1056	3408
PB2|PP755596.1|A/cattle/Texas/24-008749-003/2024(H5N1)	1057	3411
PB2|PP755596.1|A/cattle/Texas/24-008749-003/2024(H5N1)	1058	3486
PB2|PP755596.1|A/cattle/Texas/24-008749-003/2024(H5N1)	1059	3487
PB2|PP755596.1|A/cattle/Texas/24-008749-003/2024(H5N1)	1060	3494
PB2|PP755596.1|A/cattle/Texas/24-008749-003/2024(H5N1)	1061	3483
PB2|PP755596.1|A/cattle/Texas/24-008749-003/2024(H5N1)	1062	3503
PB2|PP755596.1|A/cattle/Texas/24-008749-003/2024(H5N1)	1063	3459
PB2|PP755596.1|A/cattle/Texas/24-008749-003/2024(H5N1)	1064	3458
PB2|PP755596.1|A/cattle/Texas/24-008749-003/2024(H5N1)	1065	3435
PB2|PP755596.1|A/cattle/Texas/24-008749-003/2024(H5N1)	1066	3537
PB2|PP755596.1|A/cattle/Texas/24-008749-003/2024(H5N1)	1067	3505
PB2|PP755596.1|A/cattle/Texas/24-008749-003/2024(H5N1)	1068	3521
PB2|PP755596.1|A/cattle/Texas/24-008749-003/2024(H5N1)	1069	3546
PB2|PP755596.1|A/cattle/Texas/24-008749-003/2024(H5N1)	1070	3550
PB2|PP755596.1|A/cattle/Texas/24-008749-003/2024(H5N1)	1071	3540
PB2|PP755596.1|A/cattle/Texas/24-008749-003/2024(H5N1)	1072	3538
PB2|PP755596.1|A/cattle/Texas/24-008749-003/2024(H5N1)	1073	3572
PB2|PP755596.1|A/cattle/Texas/24-008749-003/2024(H5N1)	1074	3596
PB2|PP755596.1|A/cattle/Texas/24-008749-003/2024(H5N1)	1075	3566
PB2|PP755596.1|A/cattle/Texas/24-008749-003/2024(H5N1)	1076	3544
PB2|PP755596.1|A/cattle/Texas/24-008749-003/2024(H5N1)	1077	3540
PB2|PP755596.1|A/cattle/Texas/24-008749-003/2024(H5N1)	1078	3434
PB2|PP755596.1|A/cattle/Texas/24-008749-003/2024(H5N1)	1079	3464
PB2|PP755596.1|A/cattle/Texas/24-008749-003/2024(H5N1)	1080	3456
PB2|PP755596.1|A/cattle/Texas/24-008749-003/2024(H5N1)	1081	3443
PB2|PP755596.1|A/cattle/Texas/24-008749-003/2024(H5N1)	1082	3441
PB2|PP755596.1|A/cattle/Texas/24-008749-003/2024(H5N1)	1083	3405
PB2|PP755596.1|A/cattle/Texas/24-008749-003/2024(H5N1)	1084	3393
PB2|PP755596.1|A/cattle/Texas/24-008749-003/2024(H5N1)	1085	3134
PB2|PP755596.1|A/cattle/Texas/24-008749-003/2024(H5N1)	1086	3141
PB2|PP755596.1|A/cattle/Texas/24-008749-003/2024(H5N1)	1087	3192
PB2|PP755596.1|A/cattle/Texas/24-008749-003/2024(H5N1)	1088	3349
PB2|PP755596.1|A/cattle/Texas/24-008749-003/2024(H5N1)	1089	3378
PB2|PP755596.1|A/cattle/Texas/24-008749-003/2024(H5N1)	1090	3383
PB2|PP755596.1|A/cattle/Texas/24-008749-003/2024(H5N1)	1091	3363
PB2|PP755596.1|A/cattle/Texas/24-008749-003/2024(H5N1)	1092	3366
PB2|PP755596.1|A/cattle/Texas/24-008749-003/2024(H5N1)	1093	3365
PB2|PP755596.1|A/cattle/Texas/24-008749-003/2024(H5N1)	1094	3363
PB2|PP755596.1|A/cattle/Texas/24-008749-003/2024(H5N1)	1095	3406
PB2|PP755596.1|A/cattle/Texas/24-008749-003/2024(H5N1)	1096	3456
PB2|PP755596.1|A/cattle/Texas/24-008749-003/2024(H5N1)	1097	3399
PB2|PP755596.1|A/cattle/Texas/24-008749-003/2024(H5N1)	1098	3397
PB2|PP755596.1|A/cattle/Texas/24-008749-003/2024(H5N1)	1099	3397
PB2|PP755596.1|A/cattle/Texas/24-008749-003/2024(H5N1)	1100	3430
PB2|PP755596.1|A/cattle/Texas/24-008749-003/2024(H5N1)	1101	3434
PB2|PP755596.1|A/cattle/Texas/24-008749-003/2024(H5N1)	1102	3418
PB2|PP755596.1|A/cattle/Texas/24-008749-003/2024(H5N1)	1103	3438
PB2|PP755596.1|A/cattle/Texas/24-008749-003/2024(H5N1)	1104	3355
PB2|PP755596.1|A/cattle/Texas/24-008749-003/2024(H5N1)	1105	3288
PB2|PP755596.1|A/cattle/Texas/24-008749-003/2024(H5N1)	1106	3318
PB2|PP755596.1|A/cattle/Texas/24-008749-003/2024(H5N1)	1107	3318
PB2|PP755596.1|A/cattle/Texas/24-008749-003/2024(H5N1)	1108	3324
PB2|PP755596.1|A/cattle/Texas/24-008749-003/2024(H5N1)	1109	3331
PB2|PP755596.1|A/cattle/Texas/24-008749-003/2024(H5N1)	1110	3329
PB2|PP755596.1|A/cattle/Texas/24-008749-003/2024(H5N1)	1111	3330
PB2|PP755596.1|A/cattle/Texas/24-008749-003/2024(H5N1)	1112	3364
PB2|PP755596.1|A/cattle/Texas/24-008749-003/2024(H5N1)	1113	3370
PB2|PP755596.1|A/cattle/Texas/24-008749-003/2024(H5N1)	1114	3367
PB2|PP755596.1|A/cattle/Texas/24-008749-003/2024(H5N1)	1115	3297
PB2|PP755596.1|A/cattle/Texas/24-008749-003/2024(H5N1)	1116	3303
PB2|PP755596.1|A/cattle/Texas/24-008749-003/2024(H5N1)	1117	3417
PB2|PP755596.1|A/cattle/Texas/24-008749-003/2024(H5N1)	1118	3426
PB2|PP755596.1|A/cattle/Texas/24-008749-003/2024(H5N1)	1119	3428
PB2|PP755596.1|A/cattle/Texas/24-008749-003/2024(H5N1)	1120	3370
PB2|PP755596.1|A/cattle/Texas/24-008749-003/2024(H5N1)	1121	3353
PB2|PP755596.1|A/cattle/Texas/24-008749-003/2024(H5N1)	1122	3353
PB2|PP755596.1|A/cattle/Texas/24-008749-003/2024(H5N1)	1123	3352
PB2|PP755596.1|A/cattle/Texas/24-008749-003/2024(H5N1)	1124	3354
PB2|PP755596.1|A/cattle/Texas/24-008749-003/2024(H5N1)	1125	3352
PB2|PP755596.1|A/cattle/Texas/24-008749-003/2024(H5N1)	1126	3283
PB2|PP755596.1|A/cattle/Texas/24-008749-003/2024(H5N1)	1127	3262
PB2|PP755596.1|A/cattle/Texas/24-008749-003/2024(H5N1)	1128	3260
PB2|PP755596.1|A/cattle/Texas/24-008749-003/2024(H5N1)	1129	3284
PB2|PP755596.1|A/cattle/Texas/24-008749-003/2024(H5N1)	1130	3279
PB2|PP755596.1|A/cattle/Texas/24-008749-003/2024(H5N1)	1131	3275
PB2|PP755596.1|A/cattle/Texas/24-008749-003/2024(H5N1)	1132	3369
PB2|PP755596.1|A/cattle/Texas/24-008749-003/2024(H5N1)	1133	3510
PB2|PP755596.1|A/cattle/Texas/24-008749-003/2024(H5N1)	1134	3505
PB2|PP755596.1|A/cattle/Texas/24-008749-003/2024(H5N1)	1135	3508
PB2|PP755596.1|A/cattle/Texas/24-008749-003/2024(H5N1)	1136	3516
PB2|PP755596.1|A/cattle/Texas/24-008749-003/2024(H5N1)	1137	3505
PB2|PP755596.1|A/cattle/Texas/24-008749-003/2024(H5N1)	1138	3487
PB2|PP755596.1|A/cattle/Texas/24-008749-003/2024(H5N1)	1139	3535
PB2|PP755596.1|A/cattle/Texas/24-008749-003/2024(H5N1)	1140	3604
PB2|PP755596.1|A/cattle/Texas/24-008749-003/2024(H5N1)	1141	3603
PB2|PP755596.1|A/cattle/Texas/24-008749-003/2024(H5N1)	1142	3450
PB2|PP755596.1|A/cattle/Texas/24-008749-003/2024(H5N1)	1143	3476
PB2|PP755596.1|A/cattle/Texas/24-008749-003/2024(H5N1)	1144	3529
PB2|PP755596.1|A/cattle/Texas/24-008749-003/2024(H5N1)	1145	3524
PB2|PP755596.1|A/cattle/Texas/24-008749-003/2024(H5N1)	1146	3477
PB2|PP755596.1|A/cattle/Texas/24-008749-003/2024(H5N1)	1147	3470
PB2|PP755596.1|A/cattle/Texas/24-008749-003/2024(H5N1)	1148	3602
PB2|PP755596.1|A/cattle/Texas/24-008749-003/2024(H5N1)	1149	3606
PB2|PP755596.1|A/cattle/Texas/24-008749-003/2024(H5N1)	1150	3629
PB2|PP755596.1|A/cattle/Texas/24-008749-003/2024(H5N1)	1151	3666
PB2|PP755596.1|A/cattle/Texas/24-008749-003/2024(H5N1)	1152	3676
PB2|PP755596.1|A/cattle/Texas/24-008749-003/2024(H5N1)	1153	3693
PB2|PP755596.1|A/cattle/Texas/24-008749-003/2024(H5N1)	1154	3699
PB2|PP755596.1|A/cattle/Texas/24-008749-003/2024(H5N1)	1155	3677
PB2|PP755596.1|A/cattle/Texas/24-008749-003/2024(H5N1)	1156	3679
PB2|PP755596.1|A/cattle/Texas/24-008749-003/2024(H5N1)	1157	3626
PB2|PP755596.1|A/cattle/Texas/24-008749-003/2024(H5N1)	1158	3615
PB2|PP755596.1|A/cattle/Texas/24-008749-003/2024(H5N1)	1159	3619
PB2|PP755596.1|A/cattle/Texas/24-008749-003/2024(H5N1)	1160	3681
PB2|PP755596.1|A/cattle/Texas/24-008749-003/2024(H5N1)	1161	3762
PB2|PP755596.1|A/cattle/Texas/24-008749-003/2024(H5N1)	1162	3738
PB2|PP755596.1|A/cattle/Texas/24-008749-003/2024(H5N1)	1163	3692
PB2|PP755596.1|A/cattle/Texas/24-008749-003/2024(H5N1)	1164	3687
PB2|PP755596.1|A/cattle/Texas/24-008749-003/2024(H5N1)	1165	3680
PB2|PP755596.1|A/cattle/Texas/24-008749-003/2024(H5N1)	1166	3729
PB2|PP755596.1|A/cattle/Texas/24-008749-003/2024(H5N1)	1167	3735
PB2|PP755596.1|A/cattle/Texas/24-008749-003/2024(H5N1)	1168	3756
PB2|PP755596.1|A/cattle/Texas/24-008749-003/2024(H5N1)	1169	3765
PB2|PP755596.1|A/cattle/Texas/24-008749-003/2024(H5N1)	1170	3778
PB2|PP755596.1|A/cattle/Texas/24-008749-003/2024(H5N1)	1171	3782
PB2|PP755596.1|A/cattle/Texas/24-008749-003/2024(H5N1)	1172	3786
PB2|PP755596.1|A/cattle/Texas/24-008749-003/2024(H5N1)	1173	3782
PB2|PP755596.1|A/cattle/Texas/24-008749-003/2024(H5N1)	1174	3754
PB2|PP755596.1|A/cattle/Texas/24-008749-003/2024(H5N1)	1175	3725
PB2|PP755596.1|A/cattle/Texas/24-008749-003/2024(H5N1)	1176	3805
PB2|PP755596.1|A/cattle/Texas/24-008749-003/2024(H5N1)	1177	3779
PB2|PP755596.1|A/cattle/Texas/24-008749-003/2024(H5N1)	1178	3808
PB2|PP755596.1|A/cattle/Texas/24-008749-003/2024(H5N1)	1179	3811
PB2|PP755596.1|A/cattle/Texas/24-008749-003/2024(H5N1)	1180	3824
PB2|PP755596.1|A/cattle/Texas/24-008749-003/2024(H5N1)	1181	3819
PB2|PP755596.1|A/cattle/Texas/24-008749-003/2024(H5N1)	1182	3813
PB2|PP755596.1|A/cattle/Texas/24-008749-003/2024(H5N1)	1183	3771
PB2|PP755596.1|A/cattle/Texas/24-008749-003/2024(H5N1)	1184	3789
PB2|PP755596.1|A/cattle/Texas/24-008749-003/2024(H5N1)	1185	3698
PB2|PP755596.1|A/cattle/Texas/24-008749-003/2024(H5N1)	1186	3698
PB2|PP755596.1|A/cattle/Texas/24-008749-003/2024(H5N1)	1187	3699
PB2|PP755596.1|A/cattle/Texas/24-008749-003/2024(H5N1)	1188	3718
PB2|PP755596.1|A/cattle/Texas/24-008749-003/2024(H5N1)	1189	3722
PB2|PP755596.1|A/cattle/Texas/24-008749-003/2024(H5N1)	1190	3811
PB2|PP755596.1|A/cattle/Texas/24-008749-003/2024(H5N1)	1191	3809
PB2|PP755596.1|A/cattle/Texas/24-008749-003/2024(H5N1)	1192	3809
PB2|PP755596.1|A/cattle/Texas/24-008749-003/2024(H5N1)	1193	3814
PB2|PP755596.1|A/cattle/Texas/24-008749-003/2024(H5N1)	1194	3816
PB2|PP755596.1|A/cattle/Texas/24-008749-003/2024(H5N1)	1195	3797
PB2|PP755596.1|A/cattle/Texas/24-008749-003/2024(H5N1)	1196	3779
PB2|PP755596.1|A/cattle/Texas/24-008749-003/2024(H5N1)	1197	3755
PB2|PP755596.1|A/cattle/Texas/24-008749-003/2024(H5N1)	1198	3755
PB2|PP755596.1|A/cattle/Texas/24-008749-003/2024(H5N1)	1199	3662
PB2|PP755596.1|A/cattle/Texas/24-008749-003/2024(H5N1)	1200	3672
PB2|PP755596.1|A/cattle/Texas/24-008749-003/2024(H5N1)	1201	3678
PB2|PP755596.1|A/cattle/Texas/24-008749-003/2024(H5N1)	1202	3674
PB2|PP755596.1|A/cattle/Texas/24-008749-003/2024(H5N1)	1203	3671
PB2|PP755596.1|A/cattle/Texas/24-008749-003/2024(H5N1)	1204	3674
PB2|PP755596.1|A/cattle/Texas/24-008749-003/2024(H5N1)	1205	3676
PB2|PP755596.1|A/cattle/Texas/24-008749-003/2024(H5N1)	1206	3701
PB2|PP755596.1|A/cattle/Texas/24-008749-003/2024(H5N1)	1207	3677
PB2|PP755596.1|A/cattle/Texas/24-008749-003/2024(H5N1)	1208	3692
PB2|PP755596.1|A/cattle/Texas/24-008749-003/2024(H5N1)	1209	3663
PB2|PP755596.1|A/cattle/Texas/24-008749-003/2024(H5N1)	1210	3647
PB2|PP755596.1|A/cattle/Texas/24-008749-003/2024(H5N1)	1211	3677
PB2|PP755596.1|A/cattle/Texas/24-008749-003/2024(H5N1)	1212	3678
PB2|PP755596.1|A/cattle/Texas/24-008749-003/2024(H5N1)	1213	3657
PB2|PP755596.1|A/cattle/Texas/24-008749-003/2024(H5N1)	1214	3713
PB2|PP755596.1|A/cattle/Texas/24-008749-003/2024(H5N1)	1215	3721
PB2|PP755596.1|A/cattle/Texas/24-008749-003/2024(H5N1)	1216	3656
PB2|PP755596.1|A/cattle/Texas/24-008749-003/2024(H5N1)	1217	3669
PB2|PP755596.1|A/cattle/Texas/24-008749-003/2024(H5N1)	1218	3652
PB2|PP755596.1|A/cattle/Texas/24-008749-003/2024(H5N1)	1219	3641
PB2|PP755596.1|A/cattle/Texas/24-008749-003/2024(H5N1)	1220	3560
PB2|PP755596.1|A/cattle/Texas/24-008749-003/2024(H5N1)	1221	3595
PB2|PP755596.1|A/cattle/Texas/24-008749-003/2024(H5N1)	1222	3594
PB2|PP755596.1|A/cattle/Texas/24-008749-003/2024(H5N1)	1223	3515
PB2|PP755596.1|A/cattle/Texas/24-008749-003/2024(H5N1)	1224	3525
PB2|PP755596.1|A/cattle/Texas/24-008749-003/2024(H5N1)	1225	3475
PB2|PP755596.1|A/cattle/Texas/24-008749-003/2024(H5N1)	1226	3461
PB2|PP755596.1|A/cattle/Texas/24-008749-003/2024(H5N1)	1227	3390
PB2|PP755596.1|A/cattle/Texas/24-008749-003/2024(H5N1)	1228	3397
PB2|PP755596.1|A/cattle/Texas/24-008749-003/2024(H5N1)	1229	3419
PB2|PP755596.1|A/cattle/Texas/24-008749-003/2024(H5N1)	1230	3509
PB2|PP755596.1|A/cattle/Texas/24-008749-003/2024(H5N1)	1231	3519
PB2|PP755596.1|A/cattle/Texas/24-008749-003/2024(H5N1)	1232	3504
PB2|PP755596.1|A/cattle/Texas/24-008749-003/2024(H5N1)	1233	3502
PB2|PP755596.1|A/cattle/Texas/24-008749-003/2024(H5N1)	1234	3511
PB2|PP755596.1|A/cattle/Texas/24-008749-003/2024(H5N1)	1235	3500
PB2|PP755596.1|A/cattle/Texas/24-008749-003/2024(H5N1)	1236	3502
PB2|PP755596.1|A/cattle/Texas/24-008749-003/2024(H5N1)	1237	3480
PB2|PP755596.1|A/cattle/Texas/24-008749-003/2024(H5N1)	1238	3476
PB2|PP755596.1|A/cattle/Texas/24-008749-003/2024(H5N1)	1239	3367
PB2|PP755596.1|A/cattle/Texas/24-008749-003/2024(H5N1)	1240	3415
PB2|PP755596.1|A/cattle/Texas/24-008749-003/2024(H5N1)	1241	3482
PB2|PP755596.1|A/cattle/Texas/24-008749-003/2024(H5N1)	1242	3478
PB2|PP755596.1|A/cattle/Texas/24-008749-003/2024(H5N1)	1243	3476
PB2|PP755596.1|A/cattle/Texas/24-008749-003/2024(H5N1)	1244	3476
PB2|PP755596.1|A/cattle/Texas/24-008749-003/2024(H5N1)	1245	3506
PB2|PP755596.1|A/cattle/Texas/24-008749-003/2024(H5N1)	1246	3456
PB2|PP755596.1|A/cattle/Texas/24-008749-003/2024(H5N1)	1247	3406
PB2|PP755596.1|A/cattle/Texas/24-008749-003/2024(H5N1)	1248	3377
PB2|PP755596.1|A/cattle/Texas/24-008749-003/2024(H5N1)	1249	3390
PB2|PP755596.1|A/cattle/Texas/24-008749-003/2024(H5N1)	1250	3436
PB2|PP755596.1|A/cattle/Texas/24-008749-003/2024(H5N1)	1251	3403
PB2|PP755596.1|A/cattle/Texas/24-008749-003/2024(H5N1)	1252	3387
PB2|PP755596.1|A/cattle/Texas/24-008749-003/2024(H5N1)	1253	3379
PB2|PP755596.1|A/cattle/Texas/24-008749-003/2024(H5N1)	1254	3395
PB2|PP755596.1|A/cattle/Texas/24-008749-003/2024(H5N1)	1255	3436
PB2|PP755596.1|A/cattle/Texas/24-008749-003/2024(H5N1)	1256	3441
PB2|PP755596.1|A/cattle/Texas/24-008749-003/2024(H5N1)	1257	3413
PB2|PP755596.1|A/cattle/Texas/24-008749-003/2024(H5N1)	1258	3383
PB2|PP755596.1|A/cattle/Texas/24-008749-003/2024(H5N1)	1259	3380
PB2|PP755596.1|A/cattle/Texas/24-008749-003/2024(H5N1)	1260	3400
PB2|PP755596.1|A/cattle/Texas/24-008749-003/2024(H5N1)	1261	3401
PB2|PP755596.1|A/cattle/Texas/24-008749-003/2024(H5N1)	1262	3419
PB2|PP755596.1|A/cattle/Texas/24-008749-003/2024(H5N1)	1263	3375
PB2|PP755596.1|A/cattle/Texas/24-008749-003/2024(H5N1)	1264	3375
PB2|PP755596.1|A/cattle/Texas/24-008749-003/2024(H5N1)	1265	3370
PB2|PP755596.1|A/cattle/Texas/24-008749-003/2024(H5N1)	1266	3367
PB2|PP755596.1|A/cattle/Texas/24-008749-003/2024(H5N1)	1267	3358
PB2|PP755596.1|A/cattle/Texas/24-008749-003/2024(H5N1)	1268	3336
PB2|PP755596.1|A/cattle/Texas/24-008749-003/2024(H5N1)	1269	3374
PB2|PP755596.1|A/cattle/Texas/24-008749-003/2024(H5N1)	1270	3392
PB2|PP755596.1|A/cattle/Texas/24-008749-003/2024(H5N1)	1271	3390
PB2|PP755596.1|A/cattle/Texas/24-008749-003/2024(H5N1)	1272	3369
PB2|PP755596.1|A/cattle/Texas/24-008749-003/2024(H5N1)	1273	3382
PB2|PP755596.1|A/cattle/Texas/24-008749-003/2024(H5N1)	1274	3393
PB2|PP755596.1|A/cattle/Texas/24-008749-003/2024(H5N1)	1275	3395
PB2|PP755596.1|A/cattle/Texas/24-008749-003/2024(H5N1)	1276	3392
PB2|PP755596.1|A/cattle/Texas/24-008749-003/2024(H5N1)	1277	3332
PB2|PP755596.1|A/cattle/Texas/24-008749-003/2024(H5N1)	1278	3333
PB2|PP755596.1|A/cattle/Texas/24-008749-003/2024(H5N1)	1279	3372
PB2|PP755596.1|A/cattle/Texas/24-008749-003/2024(H5N1)	1280	3376
PB2|PP755596.1|A/cattle/Texas/24-008749-003/2024(H5N1)	1281	3454
PB2|PP755596.1|A/cattle/Texas/24-008749-003/2024(H5N1)	1282	3317
PB2|PP755596.1|A/cattle/Texas/24-008749-003/2024(H5N1)	1283	3200
PB2|PP755596.1|A/cattle/Texas/24-008749-003/2024(H5N1)	1284	3214
PB2|PP755596.1|A/cattle/Texas/24-008749-003/2024(H5N1)	1285	3217
PB2|PP755596.1|A/cattle/Texas/24-008749-003/2024(H5N1)	1286	3309
PB2|PP755596.1|A/cattle/Texas/24-008749-003/2024(H5N1)	1287	3299
PB2|PP755596.1|A/cattle/Texas/24-008749-003/2024(H5N1)	1288	3443
PB2|PP755596.1|A/cattle/Texas/24-008749-003/2024(H5N1)	1289	3403
PB2|PP755596.1|A/cattle/Texas/24-008749-003/2024(H5N1)	1290	3317
PB2|PP755596.1|A/cattle/Texas/24-008749-003/2024(H5N1)	1291	3319
PB2|PP755596.1|A/cattle/Texas/24-008749-003/2024(H5N1)	1292	3320
PB2|PP755596.1|A/cattle/Texas/24-008749-003/2024(H5N1)	1293	3343
PB2|PP755596.1|A/cattle/Texas/24-008749-003/2024(H5N1)	1294	3350
PB2|PP755596.1|A/cattle/Texas/24-008749-003/2024(H5N1)	1295	3303
PB2|PP755596.1|A/cattle/Texas/24-008749-003/2024(H5N1)	1296	3318
PB2|PP755596.1|A/cattle/Texas/24-008749-003/2024(H5N1)	1297	3309
PB2|PP755596.1|A/cattle/Texas/24-008749-003/2024(H5N1)	1298	3296
PB2|PP755596.1|A/cattle/Texas/24-008749-003/2024(H5N1)	1299	3255
PB2|PP755596.1|A/cattle/Texas/24-008749-003/2024(H5N1)	1300	3246
PB2|PP755596.1|A/cattle/Texas/24-008749-003/2024(H5N1)	1301	3287
PB2|PP755596.1|A/cattle/Texas/24-008749-003/2024(H5N1)	1302	3322
PB2|PP755596.1|A/cattle/Texas/24-008749-003/2024(H5N1)	1303	3294
PB2|PP755596.1|A/cattle/Texas/24-008749-003/2024(H5N1)	1304	3330
PB2|PP755596.1|A/cattle/Texas/24-008749-003/2024(H5N1)	1305	3328
PB2|PP755596.1|A/cattle/Texas/24-008749-003/2024(H5N1)	1306	3321
PB2|PP755596.1|A/cattle/Texas/24-008749-003/2024(H5N1)	1307	3315
PB2|PP755596.1|A/cattle/Texas/24-008749-003/2024(H5N1)	1308	3224
PB2|PP755596.1|A/cattle/Texas/24-008749-003/2024(H5N1)	1309	3261
PB2|PP755596.1|A/cattle/Texas/24-008749-003/2024(H5N1)	1310	3245
PB2|PP755596.1|A/cattle/Texas/24-008749-003/2024(H5N1)	1311	3266
PB2|PP755596.1|A/cattle/Texas/24-008749-003/2024(H5N1)	1312	3267
PB2|PP755596.1|A/cattle/Texas/24-008749-003/2024(H5N1)	1313	3282
PB2|PP755596.1|A/cattle/Texas/24-008749-003/2024(H5N1)	1314	3359
PB2|PP755596.1|A/cattle/Texas/24-008749-003/2024(H5N1)	1315	3360
PB2|PP755596.1|A/cattle/Texas/24-008749-003/2024(H5N1)	1316	3359
PB2|PP755596.1|A/cattle/Texas/24-008749-003/2024(H5N1)	1317	3335
PB2|PP755596.1|A/cattle/Texas/24-008749-003/2024(H5N1)	1318	3312
PB2|PP755596.1|A/cattle/Texas/24-008749-003/2024(H5N1)	1319	3297
PB2|PP755596.1|A/cattle/Texas/24-008749-003/2024(H5N1)	1320	3253
PB2|PP755596.1|A/cattle/Texas/24-008749-003/2024(H5N1)	1321	3172
PB2|PP755596.1|A/cattle/Texas/24-008749-003/2024(H5N1)	1322	3643
PB2|PP755596.1|A/cattle/Texas/24-008749-003/2024(H5N1)	1323	3638
PB2|PP755596.1|A/cattle/Texas/24-008749-003/2024(H5N1)	1324	3639
PB2|PP755596.1|A/cattle/Texas/24-008749-003/2024(H5N1)	1325	3695
PB2|PP755596.1|A/cattle/Texas/24-008749-003/2024(H5N1)	1326	3701
PB2|PP755596.1|A/cattle/Texas/24-008749-003/2024(H5N1)	1327	3716
PB2|PP755596.1|A/cattle/Texas/24-008749-003/2024(H5N1)	1328	3717
PB2|PP755596.1|A/cattle/Texas/24-008749-003/2024(H5N1)	1329	3690
PB2|PP755596.1|A/cattle/Texas/24-008749-003/2024(H5N1)	1330	3696
PB2|PP755596.1|A/cattle/Texas/24-008749-003/2024(H5N1)	1331	3684
PB2|PP755596.1|A/cattle/Texas/24-008749-003/2024(H5N1)	1332	3681
PB2|PP755596.1|A/cattle/Texas/24-008749-003/2024(H5N1)	1333	3684
PB2|PP755596.1|A/cattle/Texas/24-008749-003/2024(H5N1)	1334	3670
PB2|PP755596.1|A/cattle/Texas/24-008749-003/2024(H5N1)	1335	3674
PB2|PP755596.1|A/cattle/Texas/24-008749-003/2024(H5N1)	1336	3788
PB2|PP755596.1|A/cattle/Texas/24-008749-003/2024(H5N1)	1337	3794
PB2|PP755596.1|A/cattle/Texas/24-008749-003/2024(H5N1)	1338	3768
PB2|PP755596.1|A/cattle/Texas/24-008749-003/2024(H5N1)	1339	3760
PB2|PP755596.1|A/cattle/Texas/24-008749-003/2024(H5N1)	1340	3758
PB2|PP755596.1|A/cattle/Texas/24-008749-003/2024(H5N1)	1341	3796
PB2|PP755596.1|A/cattle/Texas/24-008749-003/2024(H5N1)	1342	3795
PB2|PP755596.1|A/cattle/Texas/24-008749-003/2024(H5N1)	1343	3843
PB2|PP755596.1|A/cattle/Texas/24-008749-003/2024(H5N1)	1344	3839
PB2|PP755596.1|A/cattle/Texas/24-008749-003/2024(H5N1)	1345	3816
PB2|PP755596.1|A/cattle/Texas/24-008749-003/2024(H5N1)	1346	3803
PB2|PP755596.1|A/cattle/Texas/24-008749-003/2024(H5N1)	1347	3805
PB2|PP755596.1|A/cattle/Texas/24-008749-003/2024(H5N1)	1348	3805
PB2|PP755596.1|A/cattle/Texas/24-008749-003/2024(H5N1)	1349	3858
PB2|PP755596.1|A/cattle/Texas/24-008749-003/2024(H5N1)	1350	3845
PB2|PP755596.1|A/cattle/Texas/24-008749-003/2024(H5N1)	1351	3860
PB2|PP755596.1|A/cattle/Texas/24-008749-003/2024(H5N1)	1352	3855
PB2|PP755596.1|A/cattle/Texas/24-008749-003/2024(H5N1)	1353	3853
PB2|PP755596.1|A/cattle/Texas/24-008749-003/2024(H5N1)	1354	3851
PB2|PP755596.1|A/cattle/Texas/24-008749-003/2024(H5N1)	1355	3805
PB2|PP755596.1|A/cattle/Texas/24-008749-003/2024(H5N1)	1356	3819
PB2|PP755596.1|A/cattle/Texas/24-008749-003/2024(H5N1)	1357	3814
PB2|PP755596.1|A/cattle/Texas/24-008749-003/2024(H5N1)	1358	3832
PB2|PP755596.1|A/cattle/Texas/24-008749-003/2024(H5N1)	1359	3824
PB2|PP755596.1|A/cattle/Texas/24-008749-003/2024(H5N1)	1360	3793
PB2|PP755596.1|A/cattle/Texas/24-008749-003/2024(H5N1)	1361	3804
PB2|PP755596.1|A/cattle/Texas/24-008749-003/2024(H5N1)	1362	3774
PB2|PP755596.1|A/cattle/Texas/24-008749-003/2024(H5N1)	1363	3783
PB2|PP755596.1|A/cattle/Texas/24-008749-003/2024(H5N1)	1364	3787
PB2|PP755596.1|A/cattle/Texas/24-008749-003/2024(H5N1)	1365	3719
PB2|PP755596.1|A/cattle/Texas/24-008749-003/2024(H5N1)	1366	3674
PB2|PP755596.1|A/cattle/Texas/24-008749-003/2024(H5N1)	1367	3646
PB2|PP755596.1|A/cattle/Texas/24-008749-003/2024(H5N1)	1368	3658
PB2|PP755596.1|A/cattle/Texas/24-008749-003/2024(H5N1)	1369	3674
PB2|PP755596.1|A/cattle/Texas/24-008749-003/2024(H5N1)	1370	3649
PB2|PP755596.1|A/cattle/Texas/24-008749-003/2024(H5N1)	1371	3662
PB2|PP755596.1|A/cattle/Texas/24-008749-003/2024(H5N1)	1372	3623
PB2|PP755596.1|A/cattle/Texas/24-008749-003/2024(H5N1)	1373	3621
PB2|PP755596.1|A/cattle/Texas/24-008749-003/2024(H5N1)	1374	3629
PB2|PP755596.1|A/cattle/Texas/24-008749-003/2024(H5N1)	1375	3627
PB2|PP755596.1|A/cattle/Texas/24-008749-003/2024(H5N1)	1376	3619
PB2|PP755596.1|A/cattle/Texas/24-008749-003/2024(H5N1)	1377	3590
PB2|PP755596.1|A/cattle/Texas/24-008749-003/2024(H5N1)	1378	3577
PB2|PP755596.1|A/cattle/Texas/24-008749-003/2024(H5N1)	1379	3585
PB2|PP755596.1|A/cattle/Texas/24-008749-003/2024(H5N1)	1380	3586
PB2|PP755596.1|A/cattle/Texas/24-008749-003/2024(H5N1)	1381	3472
PB2|PP755596.1|A/cattle/Texas/24-008749-003/2024(H5N1)	1382	3487
PB2|PP755596.1|A/cattle/Texas/24-008749-003/2024(H5N1)	1383	3478
PB2|PP755596.1|A/cattle/Texas/24-008749-003/2024(H5N1)	1384	3471
PB2|PP755596.1|A/cattle/Texas/24-008749-003/2024(H5N1)	1385	3509
PB2|PP755596.1|A/cattle/Texas/24-008749-003/2024(H5N1)	1386	3494
PB2|PP755596.1|A/cattle/Texas/24-008749-003/2024(H5N1)	1387	3591
PB2|PP755596.1|A/cattle/Texas/24-008749-003/2024(H5N1)	1388	3579
PB2|PP755596.1|A/cattle/Texas/24-008749-003/2024(H5N1)	1389	3532
PB2|PP755596.1|A/cattle/Texas/24-008749-003/2024(H5N1)	1390	3683
PB2|PP755596.1|A/cattle/Texas/24-008749-003/2024(H5N1)	1391	3640
PB2|PP755596.1|A/cattle/Texas/24-008749-003/2024(H5N1)	1392	3668
PB2|PP755596.1|A/cattle/Texas/24-008749-003/2024(H5N1)	1393	3671
PB2|PP755596.1|A/cattle/Texas/24-008749-003/2024(H5N1)	1394	3674
PB2|PP755596.1|A/cattle/Texas/24-008749-003/2024(H5N1)	1395	3642
PB2|PP755596.1|A/cattle/Texas/24-008749-003/2024(H5N1)	1396	3642
PB2|PP755596.1|A/cattle/Texas/24-008749-003/2024(H5N1)	1397	3687
PB2|PP755596.1|A/cattle/Texas/24-008749-003/2024(H5N1)	1398	3693
PB2|PP755596.1|A/cattle/Texas/24-008749-003/2024(H5N1)	1399	3716
PB2|PP755596.1|A/cattle/Texas/24-008749-003/2024(H5N1)	1400	3647
PB2|PP755596.1|A/cattle/Texas/24-008749-003/2024(H5N1)	1401	3633
PB2|PP755596.1|A/cattle/Texas/24-008749-003/2024(H5N1)	1402	3650
PB2|PP755596.1|A/cattle/Texas/24-008749-003/2024(H5N1)	1403	3645
PB2|PP755596.1|A/cattle/Texas/24-008749-003/2024(H5N1)	1404	3661
PB2|PP755596.1|A/cattle/Texas/24-008749-003/2024(H5N1)	1405	3662
PB2|PP755596.1|A/cattle/Texas/24-008749-003/2024(H5N1)	1406	3623
PB2|PP755596.1|A/cattle/Texas/24-008749-003/2024(H5N1)	1407	3619
PB2|PP755596.1|A/cattle/Texas/24-008749-003/2024(H5N1)	1408	3615
PB2|PP755596.1|A/cattle/Texas/24-008749-003/2024(H5N1)	1409	3666
PB2|PP755596.1|A/cattle/Texas/24-008749-003/2024(H5N1)	1410	3677
PB2|PP755596.1|A/cattle/Texas/24-008749-003/2024(H5N1)	1411	3655
PB2|PP755596.1|A/cattle/Texas/24-008749-003/2024(H5N1)	1412	3661
PB2|PP755596.1|A/cattle/Texas/24-008749-003/2024(H5N1)	1413	3629
PB2|PP755596.1|A/cattle/Texas/24-008749-003/2024(H5N1)	1414	3631
PB2|PP755596.1|A/cattle/Texas/24-008749-003/2024(H5N1)	1415	3649
PB2|PP755596.1|A/cattle/Texas/24-008749-003/2024(H5N1)	1416	3649
PB2|PP755596.1|A/cattle/Texas/24-008749-003/2024(H5N1)	1417	3649
PB2|PP755596.1|A/cattle/Texas/24-008749-003/2024(H5N1)	1418	3607
PB2|PP755596.1|A/cattle/Texas/24-008749-003/2024(H5N1)	1419	3528
PB2|PP755596.1|A/cattle/Texas/24-008749-003/2024(H5N1)	1420	3550
PB2|PP755596.1|A/cattle/Texas/24-008749-003/2024(H5N1)	1421	3575
PB2|PP755596.1|A/cattle/Texas/24-008749-003/2024(H5N1)	1422	3581
PB2|PP755596.1|A/cattle/Texas/24-008749-003/2024(H5N1)	1423	3577
PB2|PP755596.1|A/cattle/Texas/24-008749-003/2024(H5N1)	1424	3563
PB2|PP755596.1|A/cattle/Texas/24-008749-003/2024(H5N1)	1425	3565
PB2|PP755596.1|A/cattle/Texas/24-008749-003/2024(H5N1)	1426	3562
PB2|PP755596.1|A/cattle/Texas/24-008749-003/2024(H5N1)	1427	3570
PB2|PP755596.1|A/cattle/Texas/24-008749-003/2024(H5N1)	1428	3621
PB2|PP755596.1|A/cattle/Texas/24-008749-003/2024(H5N1)	1429	3571
PB2|PP755596.1|A/cattle/Texas/24-008749-003/2024(H5N1)	1430	3773
PB2|PP755596.1|A/cattle/Texas/24-008749-003/2024(H5N1)	1431	3775
PB2|PP755596.1|A/cattle/Texas/24-008749-003/2024(H5N1)	1432	3713
PB2|PP755596.1|A/cattle/Texas/24-008749-003/2024(H5N1)	1433	3713
PB2|PP755596.1|A/cattle/Texas/24-008749-003/2024(H5N1)	1434	3712
PB2|PP755596.1|A/cattle/Texas/24-008749-003/2024(H5N1)	1435	3700
PB2|PP755596.1|A/cattle/Texas/24-008749-003/2024(H5N1)	1436	3706
PB2|PP755596.1|A/cattle/Texas/24-008749-003/2024(H5N1)	1437	3621
PB2|PP755596.1|A/cattle/Texas/24-008749-003/2024(H5N1)	1438	3628
PB2|PP755596.1|A/cattle/Texas/24-008749-003/2024(H5N1)	1439	3474
PB2|PP755596.1|A/cattle/Texas/24-008749-003/2024(H5N1)	1440	3481
PB2|PP755596.1|A/cattle/Texas/24-008749-003/2024(H5N1)	1441	3482
PB2|PP755596.1|A/cattle/Texas/24-008749-003/2024(H5N1)	1442	3489
PB2|PP755596.1|A/cattle/Texas/24-008749-003/2024(H5N1)	1443	3497
PB2|PP755596.1|A/cattle/Texas/24-008749-003/2024(H5N1)	1444	3474
PB2|PP755596.1|A/cattle/Texas/24-008749-003/2024(H5N1)	1445	3438
PB2|PP755596.1|A/cattle/Texas/24-008749-003/2024(H5N1)	1446	3473
PB2|PP755596.1|A/cattle/Texas/24-008749-003/2024(H5N1)	1447	3498
PB2|PP755596.1|A/cattle/Texas/24-008749-003/2024(H5N1)	1448	3495
PB2|PP755596.1|A/cattle/Texas/24-008749-003/2024(H5N1)	1449	3478
PB2|PP755596.1|A/cattle/Texas/24-008749-003/2024(H5N1)	1450	3396
PB2|PP755596.1|A/cattle/Texas/24-008749-003/2024(H5N1)	1451	3432
PB2|PP755596.1|A/cattle/Texas/24-008749-003/2024(H5N1)	1452	3397
PB2|PP755596.1|A/cattle/Texas/24-008749-003/2024(H5N1)	1453	3328
PB2|PP755596.1|A/cattle/Texas/24-008749-003/2024(H5N1)	1454	3334
PB2|PP755596.1|A/cattle/Texas/24-008749-003/2024(H5N1)	1455	3292
PB2|PP755596.1|A/cattle/Texas/24-008749-003/2024(H5N1)	1456	3332
PB2|PP755596.1|A/cattle/Texas/24-008749-003/2024(H5N1)	1457	3339
PB2|PP755596.1|A/cattle/Texas/24-008749-003/2024(H5N1)	1458	3350
PB2|PP755596.1|A/cattle/Texas/24-008749-003/2024(H5N1)	1459	3379
PB2|PP755596.1|A/cattle/Texas/24-008749-003/2024(H5N1)	1460	3324
PB2|PP755596.1|A/cattle/Texas/24-008749-003/2024(H5N1)	1461	3332
PB2|PP755596.1|A/cattle/Texas/24-008749-003/2024(H5N1)	1462	3238
PB2|PP755596.1|A/cattle/Texas/24-008749-003/2024(H5N1)	1463	3223
PB2|PP755596.1|A/cattle/Texas/24-008749-003/2024(H5N1)	1464	3706
PB2|PP755596.1|A/cattle/Texas/24-008749-003/2024(H5N1)	1465	3619
PB2|PP755596.1|A/cattle/Texas/24-008749-003/2024(H5N1)	1466	3664
PB2|PP755596.1|A/cattle/Texas/24-008749-003/2024(H5N1)	1467	3664
PB2|PP755596.1|A/cattle/Texas/24-008749-003/2024(H5N1)	1468	3648
PB2|PP755596.1|A/cattle/Texas/24-008749-003/2024(H5N1)	1469	3719
PB2|PP755596.1|A/cattle/Texas/24-008749-003/2024(H5N1)	1470	3717
PB2|PP755596.1|A/cattle/Texas/24-008749-003/2024(H5N1)	1471	3708
PB2|PP755596.1|A/cattle/Texas/24-008749-003/2024(H5N1)	1472	3698
PB2|PP755596.1|A/cattle/Texas/24-008749-003/2024(H5N1)	1473	3184
PB2|PP755596.1|A/cattle/Texas/24-008749-003/2024(H5N1)	1474	3204
PB2|PP755596.1|A/cattle/Texas/24-008749-003/2024(H5N1)	1475	3214
PB2|PP755596.1|A/cattle/Texas/24-008749-003/2024(H5N1)	1476	3202
PB2|PP755596.1|A/cattle/Texas/24-008749-003/2024(H5N1)	1477	3237
PB2|PP755596.1|A/cattle/Texas/24-008749-003/2024(H5N1)	1478	3250
PB2|PP755596.1|A/cattle/Texas/24-008749-003/2024(H5N1)	1479	3257
PB2|PP755596.1|A/cattle/Texas/24-008749-003/2024(H5N1)	1480	3262
PB2|PP755596.1|A/cattle/Texas/24-008749-003/2024(H5N1)	1481	3351
PB2|PP755596.1|A/cattle/Texas/24-008749-003/2024(H5N1)	1482	3351
PB2|PP755596.1|A/cattle/Texas/24-008749-003/2024(H5N1)	1483	3461
PB2|PP755596.1|A/cattle/Texas/24-008749-003/2024(H5N1)	1484	3459
PB2|PP755596.1|A/cattle/Texas/24-008749-003/2024(H5N1)	1485	3492
PB2|PP755596.1|A/cattle/Texas/24-008749-003/2024(H5N1)	1486	3491
PB2|PP755596.1|A/cattle/Texas/24-008749-003/2024(H5N1)	1487	3397
PB2|PP755596.1|A/cattle/Texas/24-008749-003/2024(H5N1)	1488	3395
PB2|PP755596.1|A/cattle/Texas/24-008749-003/2024(H5N1)	1489	3398
PB2|PP755596.1|A/cattle/Texas/24-008749-003/2024(H5N1)	1490	3424
PB2|PP755596.1|A/cattle/Texas/24-008749-003/2024(H5N1)	1491	3525
PB2|PP755596.1|A/cattle/Texas/24-008749-003/2024(H5N1)	1492	3412
PB2|PP755596.1|A/cattle/Texas/24-008749-003/2024(H5N1)	1493	3411
PB2|PP755596.1|A/cattle/Texas/24-008749-003/2024(H5N1)	1494	3360
PB2|PP755596.1|A/cattle/Texas/24-008749-003/2024(H5N1)	1495	3361
PB2|PP755596.1|A/cattle/Texas/24-008749-003/2024(H5N1)	1496	3508
PB2|PP755596.1|A/cattle/Texas/24-008749-003/2024(H5N1)	1497	3510
PB2|PP755596.1|A/cattle/Texas/24-008749-003/2024(H5N1)	1498	3512
PB2|PP755596.1|A/cattle/Texas/24-008749-003/2024(H5N1)	1499	3502
PB2|PP755596.1|A/cattle/Texas/24-008749-003/2024(H5N1)	1500	3534
PB2|PP755596.1|A/cattle/Texas/24-008749-003/2024(H5N1)	1501	3634
PB2|PP755596.1|A/cattle/Texas/24-008749-003/2024(H5N1)	1502	3622
PB2|PP755596.1|A/cattle/Texas/24-008749-003/2024(H5N1)	1503	3670
PB2|PP755596.1|A/cattle/Texas/24-008749-003/2024(H5N1)	1504	3682
PB2|PP755596.1|A/cattle/Texas/24-008749-003/2024(H5N1)	1505	3683
PB2|PP755596.1|A/cattle/Texas/24-008749-003/2024(H5N1)	1506	3682
PB2|PP755596.1|A/cattle/Texas/24-008749-003/2024(H5N1)	1507	3662
PB2|PP755596.1|A/cattle/Texas/24-008749-003/2024(H5N1)	1508	3625
PB2|PP755596.1|A/cattle/Texas/24-008749-003/2024(H5N1)	1509	3593
PB2|PP755596.1|A/cattle/Texas/24-008749-003/2024(H5N1)	1510	3609
PB2|PP755596.1|A/cattle/Texas/24-008749-003/2024(H5N1)	1511	3614
PB2|PP755596.1|A/cattle/Texas/24-008749-003/2024(H5N1)	1512	3611
PB2|PP755596.1|A/cattle/Texas/24-008749-003/2024(H5N1)	1513	3594
PB2|PP755596.1|A/cattle/Texas/24-008749-003/2024(H5N1)	1514	3594
PB2|PP755596.1|A/cattle/Texas/24-008749-003/2024(H5N1)	1515	3593
PB2|PP755596.1|A/cattle/Texas/24-008749-003/2024(H5N1)	1516	3593
PB2|PP755596.1|A/cattle/Texas/24-008749-003/2024(H5N1)	1517	3594
PB2|PP755596.1|A/cattle/Texas/24-008749-003/2024(H5N1)	1518	3607
PB2|PP755596.1|A/cattle/Texas/24-008749-003/2024(H5N1)	1519	3572
PB2|PP755596.1|A/cattle/Texas/24-008749-003/2024(H5N1)	1520	3568
PB2|PP755596.1|A/cattle/Texas/24-008749-003/2024(H5N1)	1521	3570
PB2|PP755596.1|A/cattle/Texas/24-008749-003/2024(H5N1)	1522	3560
PB2|PP755596.1|A/cattle/Texas/24-008749-003/2024(H5N1)	1523	3558
PB2|PP755596.1|A/cattle/Texas/24-008749-003/2024(H5N1)	1524	3576
PB2|PP755596.1|A/cattle/Texas/24-008749-003/2024(H5N1)	1525	3564
PB2|PP755596.1|A/cattle/Texas/24-008749-003/2024(H5N1)	1526	3587
PB2|PP755596.1|A/cattle/Texas/24-008749-003/2024(H5N1)	1527	3602
PB2|PP755596.1|A/cattle/Texas/24-008749-003/2024(H5N1)	1528	3592
PB2|PP755596.1|A/cattle/Texas/24-008749-003/2024(H5N1)	1529	3757
PB2|PP755596.1|A/cattle/Texas/24-008749-003/2024(H5N1)	1530	3739
PB2|PP755596.1|A/cattle/Texas/24-008749-003/2024(H5N1)	1531	3917
PB2|PP755596.1|A/cattle/Texas/24-008749-003/2024(H5N1)	1532	3905
PB2|PP755596.1|A/cattle/Texas/24-008749-003/2024(H5N1)	1533	3879
PB2|PP755596.1|A/cattle/Texas/24-008749-003/2024(H5N1)	1534	3866
PB2|PP755596.1|A/cattle/Texas/24-008749-003/2024(H5N1)	1535	3839
PB2|PP755596.1|A/cattle/Texas/24-008749-003/2024(H5N1)	1536	3875
PB2|PP755596.1|A/cattle/Texas/24-008749-003/2024(H5N1)	1537	3853
PB2|PP755596.1|A/cattle/Texas/24-008749-003/2024(H5N1)	1538	3739
PB2|PP755596.1|A/cattle/Texas/24-008749-003/2024(H5N1)	1539	3744
PB2|PP755596.1|A/cattle/Texas/24-008749-003/2024(H5N1)	1540	3553
PB2|PP755596.1|A/cattle/Texas/24-008749-003/2024(H5N1)	1541	3593
PB2|PP755596.1|A/cattle/Texas/24-008749-003/2024(H5N1)	1542	3602
PB2|PP755596.1|A/cattle/Texas/24-008749-003/2024(H5N1)	1543	3589
PB2|PP755596.1|A/cattle/Texas/24-008749-003/2024(H5N1)	1544	3589
PB2|PP755596.1|A/cattle/Texas/24-008749-003/2024(H5N1)	1545	3561
PB2|PP755596.1|A/cattle/Texas/24-008749-003/2024(H5N1)	1546	3585
PB2|PP755596.1|A/cattle/Texas/24-008749-003/2024(H5N1)	1547	3584
PB2|PP755596.1|A/cattle/Texas/24-008749-003/2024(H5N1)	1548	3541
PB2|PP755596.1|A/cattle/Texas/24-008749-003/2024(H5N1)	1549	3543
PB2|PP755596.1|A/cattle/Texas/24-008749-003/2024(H5N1)	1550	3572
PB2|PP755596.1|A/cattle/Texas/24-008749-003/2024(H5N1)	1551	3606
PB2|PP755596.1|A/cattle/Texas/24-008749-003/2024(H5N1)	1552	3628
PB2|PP755596.1|A/cattle/Texas/24-008749-003/2024(H5N1)	1553	3610
PB2|PP755596.1|A/cattle/Texas/24-008749-003/2024(H5N1)	1554	3604
PB2|PP755596.1|A/cattle/Texas/24-008749-003/2024(H5N1)	1555	3591
PB2|PP755596.1|A/cattle/Texas/24-008749-003/2024(H5N1)	1556	3613
PB2|PP755596.1|A/cattle/Texas/24-008749-003/2024(H5N1)	1557	3628
PB2|PP755596.1|A/cattle/Texas/24-008749-003/2024(H5N1)	1558	3623
PB2|PP755596.1|A/cattle/Texas/24-008749-003/2024(H5N1)	1559	3640
PB2|PP755596.1|A/cattle/Texas/24-008749-003/2024(H5N1)	1560	3586
PB2|PP755596.1|A/cattle/Texas/24-008749-003/2024(H5N1)	1561	3639
PB2|PP755596.1|A/cattle/Texas/24-008749-003/2024(H5N1)	1562	3633
PB2|PP755596.1|A/cattle/Texas/24-008749-003/2024(H5N1)	1563	3639
PB2|PP755596.1|A/cattle/Texas/24-008749-003/2024(H5N1)	1564	3643
PB2|PP755596.1|A/cattle/Texas/24-008749-003/2024(H5N1)	1565	3629
PB2|PP755596.1|A/cattle/Texas/24-008749-003/2024(H5N1)	1566	3624
PB2|PP755596.1|A/cattle/Texas/24-008749-003/2024(H5N1)	1567	3631
PB2|PP755596.1|A/cattle/Texas/24-008749-003/2024(H5N1)	1568	3779
PB2|PP755596.1|A/cattle/Texas/24-008749-003/2024(H5N1)	1569	3821
PB2|PP755596.1|A/cattle/Texas/24-008749-003/2024(H5N1)	1570	3809
PB2|PP755596.1|A/cattle/Texas/24-008749-003/2024(H5N1)	1571	3777
PB2|PP755596.1|A/cattle/Texas/24-008749-003/2024(H5N1)	1572	3751
PB2|PP755596.1|A/cattle/Texas/24-008749-003/2024(H5N1)	1573	3759
PB2|PP755596.1|A/cattle/Texas/24-008749-003/2024(H5N1)	1574	3843
PB2|PP755596.1|A/cattle/Texas/24-008749-003/2024(H5N1)	1575	3851
PB2|PP755596.1|A/cattle/Texas/24-008749-003/2024(H5N1)	1576	3876
PB2|PP755596.1|A/cattle/Texas/24-008749-003/2024(H5N1)	1577	3816
PB2|PP755596.1|A/cattle/Texas/24-008749-003/2024(H5N1)	1578	3816
PB2|PP755596.1|A/cattle/Texas/24-008749-003/2024(H5N1)	1579	3626
PB2|PP755596.1|A/cattle/Texas/24-008749-003/2024(H5N1)	1580	3623
PB2|PP755596.1|A/cattle/Texas/24-008749-003/2024(H5N1)	1581	3638
PB2|PP755596.1|A/cattle/Texas/24-008749-003/2024(H5N1)	1582	3639
PB2|PP755596.1|A/cattle/Texas/24-008749-003/2024(H5N1)	1583	3638
PB2|PP755596.1|A/cattle/Texas/24-008749-003/2024(H5N1)	1584	3637
PB2|PP755596.1|A/cattle/Texas/24-008749-003/2024(H5N1)	1585	3662
PB2|PP755596.1|A/cattle/Texas/24-008749-003/2024(H5N1)	1586	3722
PB2|PP755596.1|A/cattle/Texas/24-008749-003/2024(H5N1)	1587	3739
PB2|PP755596.1|A/cattle/Texas/24-008749-003/2024(H5N1)	1588	3742
PB2|PP755596.1|A/cattle/Texas/24-008749-003/2024(H5N1)	1589	3721
PB2|PP755596.1|A/cattle/Texas/24-008749-003/2024(H5N1)	1590	3707
PB2|PP755596.1|A/cattle/Texas/24-008749-003/2024(H5N1)	1591	3716
PB2|PP755596.1|A/cattle/Texas/24-008749-003/2024(H5N1)	1592	3713
PB2|PP755596.1|A/cattle/Texas/24-008749-003/2024(H5N1)	1593	3732
PB2|PP755596.1|A/cattle/Texas/24-008749-003/2024(H5N1)	1594	3728
PB2|PP755596.1|A/cattle/Texas/24-008749-003/2024(H5N1)	1595	3766
PB2|PP755596.1|A/cattle/Texas/24-008749-003/2024(H5N1)	1596	3734
PB2|PP755596.1|A/cattle/Texas/24-008749-003/2024(H5N1)	1597	3723
PB2|PP755596.1|A/cattle/Texas/24-008749-003/2024(H5N1)	1598	3735
PB2|PP755596.1|A/cattle/Texas/24-008749-003/2024(H5N1)	1599	3737
PB2|PP755596.1|A/cattle/Texas/24-008749-003/2024(H5N1)	1600	3757
PB2|PP755596.1|A/cattle/Texas/24-008749-003/2024(H5N1)	1601	3708
PB2|PP755596.1|A/cattle/Texas/24-008749-003/2024(H5N1)	1602	3710
PB2|PP755596.1|A/cattle/Texas/24-008749-003/2024(H5N1)	1603	3739
PB2|PP755596.1|A/cattle/Texas/24-008749-003/2024(H5N1)	1604	3745
PB2|PP755596.1|A/cattle/Texas/24-008749-003/2024(H5N1)	1605	3743
PB2|PP755596.1|A/cattle/Texas/24-008749-003/2024(H5N1)	1606	3757
PB2|PP755596.1|A/cattle/Texas/24-008749-003/2024(H5N1)	1607	3711
PB2|PP755596.1|A/cattle/Texas/24-008749-003/2024(H5N1)	1608	3719
PB2|PP755596.1|A/cattle/Texas/24-008749-003/2024(H5N1)	1609	3713
PB2|PP755596.1|A/cattle/Texas/24-008749-003/2024(H5N1)	1610	3685
PB2|PP755596.1|A/cattle/Texas/24-008749-003/2024(H5N1)	1611	3804
PB2|PP755596.1|A/cattle/Texas/24-008749-003/2024(H5N1)	1612	3794
PB2|PP755596.1|A/cattle/Texas/24-008749-003/2024(H5N1)	1613	3758
PB2|PP755596.1|A/cattle/Texas/24-008749-003/2024(H5N1)	1614	3803
PB2|PP755596.1|A/cattle/Texas/24-008749-003/2024(H5N1)	1615	3340
PB2|PP755596.1|A/cattle/Texas/24-008749-003/2024(H5N1)	1616	3337
PB2|PP755596.1|A/cattle/Texas/24-008749-003/2024(H5N1)	1617	3327
PB2|PP755596.1|A/cattle/Texas/24-008749-003/2024(H5N1)	1618	3326
PB2|PP755596.1|A/cattle/Texas/24-008749-003/2024(H5N1)	1619	3333
PB2|PP755596.1|A/cattle/Texas/24-008749-003/2024(H5N1)	1620	3277
PB2|PP755596.1|A/cattle/Texas/24-008749-003/2024(H5N1)	1621	3295
PB2|PP755596.1|A/cattle/Texas/24-008749-003/2024(H5N1)	1622	3399
PB2|PP755596.1|A/cattle/Texas/24-008749-003/2024(H5N1)	1623	3349
PB2|PP755596.1|A/cattle/Texas/24-008749-003/2024(H5N1)	1624	3349
PB2|PP755596.1|A/cattle/Texas/24-008749-003/2024(H5N1)	1625	3337
PB2|PP755596.1|A/cattle/Texas/24-008749-003/2024(H5N1)	1626	3630
PB2|PP755596.1|A/cattle/Texas/24-008749-003/2024(H5N1)	1627	3689
PB2|PP755596.1|A/cattle/Texas/24-008749-003/2024(H5N1)	1628	3700
PB2|PP755596.1|A/cattle/Texas/24-008749-003/2024(H5N1)	1629	3597
PB2|PP755596.1|A/cattle/Texas/24-008749-003/2024(H5N1)	1630	3621
PB2|PP755596.1|A/cattle/Texas/24-008749-003/2024(H5N1)	1631	3562
PB2|PP755596.1|A/cattle/Texas/24-008749-003/2024(H5N1)	1632	3567
PB2|PP755596.1|A/cattle/Texas/24-008749-003/2024(H5N1)	1633	3764
PB2|PP755596.1|A/cattle/Texas/24-008749-003/2024(H5N1)	1634	3671
PB2|PP755596.1|A/cattle/Texas/24-008749-003/2024(H5N1)	1635	3671
PB2|PP755596.1|A/cattle/Texas/24-008749-003/2024(H5N1)	1636	3625
PB2|PP755596.1|A/cattle/Texas/24-008749-003/2024(H5N1)	1637	3612
PB2|PP755596.1|A/cattle/Texas/24-008749-003/2024(H5N1)	1638	3859
PB2|PP755596.1|A/cattle/Texas/24-008749-003/2024(H5N1)	1639	3901
PB2|PP755596.1|A/cattle/Texas/24-008749-003/2024(H5N1)	1640	3908
PB2|PP755596.1|A/cattle/Texas/24-008749-003/2024(H5N1)	1641	3890
PB2|PP755596.1|A/cattle/Texas/24-008749-003/2024(H5N1)	1642	3778
PB2|PP755596.1|A/cattle/Texas/24-008749-003/2024(H5N1)	1643	3910
PB2|PP755596.1|A/cattle/Texas/24-008749-003/2024(H5N1)	1644	3912
PB2|PP755596.1|A/cattle/Texas/24-008749-003/2024(H5N1)	1645	3983
PB2|PP755596.1|A/cattle/Texas/24-008749-003/2024(H5N1)	1646	3991
PB2|PP755596.1|A/cattle/Texas/24-008749-003/2024(H5N1)	1647	3827
PB2|PP755596.1|A/cattle/Texas/24-008749-003/2024(H5N1)	1648	3826
PB2|PP755596.1|A/cattle/Texas/24-008749-003/2024(H5N1)	1649	3829
PB2|PP755596.1|A/cattle/Texas/24-008749-003/2024(H5N1)	1650	3830
PB2|PP755596.1|A/cattle/Texas/24-008749-003/2024(H5N1)	1651	3788
PB2|PP755596.1|A/cattle/Texas/24-008749-003/2024(H5N1)	1652	3678
PB2|PP755596.1|A/cattle/Texas/24-008749-003/2024(H5N1)	1653	3686
PB2|PP755596.1|A/cattle/Texas/24-008749-003/2024(H5N1)	1654	3718
PB2|PP755596.1|A/cattle/Texas/24-008749-003/2024(H5N1)	1655	3706
PB2|PP755596.1|A/cattle/Texas/24-008749-003/2024(H5N1)	1656	3723
PB2|PP755596.1|A/cattle/Texas/24-008749-003/2024(H5N1)	1657	3721
PB2|PP755596.1|A/cattle/Texas/24-008749-003/2024(H5N1)	1658	3713
PB2|PP755596.1|A/cattle/Texas/24-008749-003/2024(H5N1)	1659	3711
PB2|PP755596.1|A/cattle/Texas/24-008749-003/2024(H5N1)	1660	3761
PB2|PP755596.1|A/cattle/Texas/24-008749-003/2024(H5N1)	1661	3730
PB2|PP755596.1|A/cattle/Texas/24-008749-003/2024(H5N1)	1662	3725
PB2|PP755596.1|A/cattle/Texas/24-008749-003/2024(H5N1)	1663	3710
PB2|PP755596.1|A/cattle/Texas/24-008749-003/2024(H5N1)	1664	3715
PB2|PP755596.1|A/cattle/Texas/24-008749-003/2024(H5N1)	1665	3714
PB2|PP755596.1|A/cattle/Texas/24-008749-003/2024(H5N1)	1666	3730
PB2|PP755596.1|A/cattle/Texas/24-008749-003/2024(H5N1)	1667	3726
PB2|PP755596.1|A/cattle/Texas/24-008749-003/2024(H5N1)	1668	3733
PB2|PP755596.1|A/cattle/Texas/24-008749-003/2024(H5N1)	1669	3707
PB2|PP755596.1|A/cattle/Texas/24-008749-003/2024(H5N1)	1670	3707
PB2|PP755596.1|A/cattle/Texas/24-008749-003/2024(H5N1)	1671	3710
PB2|PP755596.1|A/cattle/Texas/24-008749-003/2024(H5N1)	1672	3710
PB2|PP755596.1|A/cattle/Texas/24-008749-003/2024(H5N1)	1673	3756
PB2|PP755596.1|A/cattle/Texas/24-008749-003/2024(H5N1)	1674	3778
PB2|PP755596.1|A/cattle/Texas/24-008749-003/2024(H5N1)	1675	3760
PB2|PP755596.1|A/cattle/Texas/24-008749-003/2024(H5N1)	1676	3607
PB2|PP755596.1|A/cattle/Texas/24-008749-003/2024(H5N1)	1677	3588
PB2|PP755596.1|A/cattle/Texas/24-008749-003/2024(H5N1)	1678	3602
PB2|PP755596.1|A/cattle/Texas/24-008749-003/2024(H5N1)	1679	3605
PB2|PP755596.1|A/cattle/Texas/24-008749-003/2024(H5N1)	1680	3606
PB2|PP755596.1|A/cattle/Texas/24-008749-003/2024(H5N1)	1681	3618
PB2|PP755596.1|A/cattle/Texas/24-008749-003/2024(H5N1)	1682	3433
PB2|PP755596.1|A/cattle/Texas/24-008749-003/2024(H5N1)	1683	3444
PB2|PP755596.1|A/cattle/Texas/24-008749-003/2024(H5N1)	1684	3458
PB2|PP755596.1|A/cattle/Texas/24-008749-003/2024(H5N1)	1685	3636
PB2|PP755596.1|A/cattle/Texas/24-008749-003/2024(H5N1)	1686	3635
PB2|PP755596.1|A/cattle/Texas/24-008749-003/2024(H5N1)	1687	3592
PB2|PP755596.1|A/cattle/Texas/24-008749-003/2024(H5N1)	1688	3586
PB2|PP755596.1|A/cattle/Texas/24-008749-003/2024(H5N1)	1689	3588
PB2|PP755596.1|A/cattle/Texas/24-008749-003/2024(H5N1)	1690	3598
PB2|PP755596.1|A/cattle/Texas/24-008749-003/2024(H5N1)	1691	3670
PB2|PP755596.1|A/cattle/Texas/24-008749-003/2024(H5N1)	1692	3636
PB2|PP755596.1|A/cattle/Texas/24-008749-003/2024(H5N1)	1693	3661
PB2|PP755596.1|A/cattle/Texas/24-008749-003/2024(H5N1)	1694	3663
PB2|PP755596.1|A/cattle/Texas/24-008749-003/2024(H5N1)	1695	3743
PB2|PP755596.1|A/cattle/Texas/24-008749-003/2024(H5N1)	1696	3727
PB2|PP755596.1|A/cattle/Texas/24-008749-003/2024(H5N1)	1697	3725
PB2|PP755596.1|A/cattle/Texas/24-008749-003/2024(H5N1)	1698	3733
PB2|PP755596.1|A/cattle/Texas/24-008749-003/2024(H5N1)	1699	3738
PB2|PP755596.1|A/cattle/Texas/24-008749-003/2024(H5N1)	1700	3686
PB2|PP755596.1|A/cattle/Texas/24-008749-003/2024(H5N1)	1701	3682
PB2|PP755596.1|A/cattle/Texas/24-008749-003/2024(H5N1)	1702	3730
PB2|PP755596.1|A/cattle/Texas/24-008749-003/2024(H5N1)	1703	3752
PB2|PP755596.1|A/cattle/Texas/24-008749-003/2024(H5N1)	1704	3743
PB2|PP755596.1|A/cattle/Texas/24-008749-003/2024(H5N1)	1705	3729
PB2|PP755596.1|A/cattle/Texas/24-008749-003/2024(H5N1)	1706	3704
PB2|PP755596.1|A/cattle/Texas/24-008749-003/2024(H5N1)	1707	3701
PB2|PP755596.1|A/cattle/Texas/24-008749-003/2024(H5N1)	1708	3801
PB2|PP755596.1|A/cattle/Texas/24-008749-003/2024(H5N1)	1709	3793
PB2|PP755596.1|A/cattle/Texas/24-008749-003/2024(H5N1)	1710	3826
PB2|PP755596.1|A/cattle/Texas/24-008749-003/2024(H5N1)	1711	3889
PB2|PP755596.1|A/cattle/Texas/24-008749-003/2024(H5N1)	1712	3852
PB2|PP755596.1|A/cattle/Texas/24-008749-003/2024(H5N1)	1713	3910
PB2|PP755596.1|A/cattle/Texas/24-008749-003/2024(H5N1)	1714	3901
PB2|PP755596.1|A/cattle/Texas/24-008749-003/2024(H5N1)	1715	3910
PB2|PP755596.1|A/cattle/Texas/24-008749-003/2024(H5N1)	1716	3920
PB2|PP755596.1|A/cattle/Texas/24-008749-003/2024(H5N1)	1717	3827
PB2|PP755596.1|A/cattle/Texas/24-008749-003/2024(H5N1)	1718	3877
PB2|PP755596.1|A/cattle/Texas/24-008749-003/2024(H5N1)	1719	3781
PB2|PP755596.1|A/cattle/Texas/24-008749-003/2024(H5N1)	1720	3782
PB2|PP755596.1|A/cattle/Texas/24-008749-003/2024(H5N1)	1721	3780
PB2|PP755596.1|A/cattle/Texas/24-008749-003/2024(H5N1)	1722	3704
PB2|PP755596.1|A/cattle/Texas/24-008749-003/2024(H5N1)	1723	3707
PB2|PP755596.1|A/cattle/Texas/24-008749-003/2024(H5N1)	1724	3693
PB2|PP755596.1|A/cattle/Texas/24-008749-003/2024(H5N1)	1725	3688
PB2|PP755596.1|A/cattle/Texas/24-008749-003/2024(H5N1)	1726	3692
PB2|PP755596.1|A/cattle/Texas/24-008749-003/2024(H5N1)	1727	3670
PB2|PP755596.1|A/cattle/Texas/24-008749-003/2024(H5N1)	1728	3726
PB2|PP755596.1|A/cattle/Texas/24-008749-003/2024(H5N1)	1729	3731
PB2|PP755596.1|A/cattle/Texas/24-008749-003/2024(H5N1)	1730	3726
PB2|PP755596.1|A/cattle/Texas/24-008749-003/2024(H5N1)	1731	3688
PB2|PP755596.1|A/cattle/Texas/24-008749-003/2024(H5N1)	1732	3685
PB2|PP755596.1|A/cattle/Texas/24-008749-003/2024(H5N1)	1733	3721
PB2|PP755596.1|A/cattle/Texas/24-008749-003/2024(H5N1)	1734	3716
PB2|PP755596.1|A/cattle/Texas/24-008749-003/2024(H5N1)	1735	3719
PB2|PP755596.1|A/cattle/Texas/24-008749-003/2024(H5N1)	1736	3662
PB2|PP755596.1|A/cattle/Texas/24-008749-003/2024(H5N1)	1737	3691
PB2|PP755596.1|A/cattle/Texas/24-008749-003/2024(H5N1)	1738	3706
PB2|PP755596.1|A/cattle/Texas/24-008749-003/2024(H5N1)	1739	3711
PB2|PP755596.1|A/cattle/Texas/24-008749-003/2024(H5N1)	1740	3706
PB2|PP755596.1|A/cattle/Texas/24-008749-003/2024(H5N1)	1741	3707
PB2|PP755596.1|A/cattle/Texas/24-008749-003/2024(H5N1)	1742	3705
PB2|PP755596.1|A/cattle/Texas/24-008749-003/2024(H5N1)	1743	3713
PB2|PP755596.1|A/cattle/Texas/24-008749-003/2024(H5N1)	1744	3728
PB2|PP755596.1|A/cattle/Texas/24-008749-003/2024(H5N1)	1745	3735
PB2|PP755596.1|A/cattle/Texas/24-008749-003/2024(H5N1)	1746	3696
PB2|PP755596.1|A/cattle/Texas/24-008749-003/2024(H5N1)	1747	3689
PB2|PP755596.1|A/cattle/Texas/24-008749-003/2024(H5N1)	1748	3683
PB2|PP755596.1|A/cattle/Texas/24-008749-003/2024(H5N1)	1749	3695
PB2|PP755596.1|A/cattle/Texas/24-008749-003/2024(H5N1)	1750	3765
PB2|PP755596.1|A/cattle/Texas/24-008749-003/2024(H5N1)	1751	3755
PB2|PP755596.1|A/cattle/Texas/24-008749-003/2024(H5N1)	1752	3876
PB2|PP755596.1|A/cattle/Texas/24-008749-003/2024(H5N1)	1753	3860
PB2|PP755596.1|A/cattle/Texas/24-008749-003/2024(H5N1)	1754	3828
PB2|PP755596.1|A/cattle/Texas/24-008749-003/2024(H5N1)	1755	3829
PB2|PP755596.1|A/cattle/Texas/24-008749-003/2024(H5N1)	1756	3859
PB2|PP755596.1|A/cattle/Texas/24-008749-003/2024(H5N1)	1757	3850
PB2|PP755596.1|A/cattle/Texas/24-008749-003/2024(H5N1)	1758	3846
PB2|PP755596.1|A/cattle/Texas/24-008749-003/2024(H5N1)	1759	3841
PB2|PP755596.1|A/cattle/Texas/24-008749-003/2024(H5N1)	1760	3831
PB2|PP755596.1|A/cattle/Texas/24-008749-003/2024(H5N1)	1761	3702
PB2|PP755596.1|A/cattle/Texas/24-008749-003/2024(H5N1)	1762	3724
PB2|PP755596.1|A/cattle/Texas/24-008749-003/2024(H5N1)	1763	3771
PB2|PP755596.1|A/cattle/Texas/24-008749-003/2024(H5N1)	1764	3727
PB2|PP755596.1|A/cattle/Texas/24-008749-003/2024(H5N1)	1765	3719
PB2|PP755596.1|A/cattle/Texas/24-008749-003/2024(H5N1)	1766	3737
PB2|PP755596.1|A/cattle/Texas/24-008749-003/2024(H5N1)	1767	3753
PB2|PP755596.1|A/cattle/Texas/24-008749-003/2024(H5N1)	1768	4123
PB2|PP755596.1|A/cattle/Texas/24-008749-003/2024(H5N1)	1769	4176
PB2|PP755596.1|A/cattle/Texas/24-008749-003/2024(H5N1)	1770	4180
PB2|PP755596.1|A/cattle/Texas/24-008749-003/2024(H5N1)	1771	4156
PB2|PP755596.1|A/cattle/Texas/24-008749-003/2024(H5N1)	1772	4169
PB2|PP755596.1|A/cattle/Texas/24-008749-003/2024(H5N1)	1773	4183
PB2|PP755596.1|A/cattle/Texas/24-008749-003/2024(H5N1)	1774	4207
PB2|PP755596.1|A/cattle/Texas/24-008749-003/2024(H5N1)	1775	4186
PB2|PP755596.1|A/cattle/Texas/24-008749-003/2024(H5N1)	1776	4204
PB2|PP755596.1|A/cattle/Texas/24-008749-003/2024(H5N1)	1777	3786
PB2|PP755596.1|A/cattle/Texas/24-008749-003/2024(H5N1)	1778	3771
PB2|PP755596.1|A/cattle/Texas/24-008749-003/2024(H5N1)	1779	3740
PB2|PP755596.1|A/cattle/Texas/24-008749-003/2024(H5N1)	1780	3756
PB2|PP755596.1|A/cattle/Texas/24-008749-003/2024(H5N1)	1781	3756
PB2|PP755596.1|A/cattle/Texas/24-008749-003/2024(H5N1)	1782	3719
PB2|PP755596.1|A/cattle/Texas/24-008749-003/2024(H5N1)	1783	3766
PB2|PP755596.1|A/cattle/Texas/24-008749-003/2024(H5N1)	1784	3682
PB2|PP755596.1|A/cattle/Texas/24-008749-003/2024(H5N1)	1785	3691
PB2|PP755596.1|A/cattle/Texas/24-008749-003/2024(H5N1)	1786	3692
PB2|PP755596.1|A/cattle/Texas/24-008749-003/2024(H5N1)	1787	3700
PB2|PP755596.1|A/cattle/Texas/24-008749-003/2024(H5N1)	1788	3699
PB2|PP755596.1|A/cattle/Texas/24-008749-003/2024(H5N1)	1789	3502
PB2|PP755596.1|A/cattle/Texas/24-008749-003/2024(H5N1)	1790	3512
PB2|PP755596.1|A/cattle/Texas/24-008749-003/2024(H5N1)	1791	3506
PB2|PP755596.1|A/cattle/Texas/24-008749-003/2024(H5N1)	1792	3541
PB2|PP755596.1|A/cattle/Texas/24-008749-003/2024(H5N1)	1793	3488
PB2|PP755596.1|A/cattle/Texas/24-008749-003/2024(H5N1)	1794	3449
PB2|PP755596.1|A/cattle/Texas/24-008749-003/2024(H5N1)	1795	3485
PB2|PP755596.1|A/cattle/Texas/24-008749-003/2024(H5N1)	1796	3476
PB2|PP755596.1|A/cattle/Texas/24-008749-003/2024(H5N1)	1797	3528
PB2|PP755596.1|A/cattle/Texas/24-008749-003/2024(H5N1)	1798	3529
PB2|PP755596.1|A/cattle/Texas/24-008749-003/2024(H5N1)	1799	3529
PB2|PP755596.1|A/cattle/Texas/24-008749-003/2024(H5N1)	1800	3528
PB2|PP755596.1|A/cattle/Texas/24-008749-003/2024(H5N1)	1801	3526
PB2|PP755596.1|A/cattle/Texas/24-008749-003/2024(H5N1)	1802	3480
PB2|PP755596.1|A/cattle/Texas/24-008749-003/2024(H5N1)	1803	3487
PB2|PP755596.1|A/cattle/Texas/24-008749-003/2024(H5N1)	1804	3495
PB2|PP755596.1|A/cattle/Texas/24-008749-003/2024(H5N1)	1805	3467
PB2|PP755596.1|A/cattle/Texas/24-008749-003/2024(H5N1)	1806	3446
PB2|PP755596.1|A/cattle/Texas/24-008749-003/2024(H5N1)	1807	3450
PB2|PP755596.1|A/cattle/Texas/24-008749-003/2024(H5N1)	1808	3497
PB2|PP755596.1|A/cattle/Texas/24-008749-003/2024(H5N1)	1809	3503
PB2|PP755596.1|A/cattle/Texas/24-008749-003/2024(H5N1)	1810	3458
PB2|PP755596.1|A/cattle/Texas/24-008749-003/2024(H5N1)	1811	3468
PB2|PP755596.1|A/cattle/Texas/24-008749-003/2024(H5N1)	1812	3503
PB2|PP755596.1|A/cattle/Texas/24-008749-003/2024(H5N1)	1813	3506
PB2|PP755596.1|A/cattle/Texas/24-008749-003/2024(H5N1)	1814	3561
PB2|PP755596.1|A/cattle/Texas/24-008749-003/2024(H5N1)	1815	3558
PB2|PP755596.1|A/cattle/Texas/24-008749-003/2024(H5N1)	1816	3597
PB2|PP755596.1|A/cattle/Texas/24-008749-003/2024(H5N1)	1817	3617
PB2|PP755596.1|A/cattle/Texas/24-008749-003/2024(H5N1)	1818	3667
PB2|PP755596.1|A/cattle/Texas/24-008749-003/2024(H5N1)	1819	3653
PB2|PP755596.1|A/cattle/Texas/24-008749-003/2024(H5N1)	1820	3644
PB2|PP755596.1|A/cattle/Texas/24-008749-003/2024(H5N1)	1821	3713
PB2|PP755596.1|A/cattle/Texas/24-008749-003/2024(H5N1)	1822	3718
PB2|PP755596.1|A/cattle/Texas/24-008749-003/2024(H5N1)	1823	3723
PB2|PP755596.1|A/cattle/Texas/24-008749-003/2024(H5N1)	1824	3692
PB2|PP755596.1|A/cattle/Texas/24-008749-003/2024(H5N1)	1825	3683
PB2|PP755596.1|A/cattle/Texas/24-008749-003/2024(H5N1)	1826	3704
PB2|PP755596.1|A/cattle/Texas/24-008749-003/2024(H5N1)	1827	3869
PB2|PP755596.1|A/cattle/Texas/24-008749-003/2024(H5N1)	1828	3903
PB2|PP755596.1|A/cattle/Texas/24-008749-003/2024(H5N1)	1829	3894
PB2|PP755596.1|A/cattle/Texas/24-008749-003/2024(H5N1)	1830	3894
PB2|PP755596.1|A/cattle/Texas/24-008749-003/2024(H5N1)	1831	3893
PB2|PP755596.1|A/cattle/Texas/24-008749-003/2024(H5N1)	1832	3980
PB2|PP755596.1|A/cattle/Texas/24-008749-003/2024(H5N1)	1833	3980
PB2|PP755596.1|A/cattle/Texas/24-008749-003/2024(H5N1)	1834	3969
PB2|PP755596.1|A/cattle/Texas/24-008749-003/2024(H5N1)	1835	3987
PB2|PP755596.1|A/cattle/Texas/24-008749-003/2024(H5N1)	1836	3768
PB2|PP755596.1|A/cattle/Texas/24-008749-003/2024(H5N1)	1837	3860
PB2|PP755596.1|A/cattle/Texas/24-008749-003/2024(H5N1)	1838	3865
PB2|PP755596.1|A/cattle/Texas/24-008749-003/2024(H5N1)	1839	3901
PB2|PP755596.1|A/cattle/Texas/24-008749-003/2024(H5N1)	1840	3900
PB2|PP755596.1|A/cattle/Texas/24-008749-003/2024(H5N1)	1841	3880
PB2|PP755596.1|A/cattle/Texas/24-008749-003/2024(H5N1)	1842	3831
PB2|PP755596.1|A/cattle/Texas/24-008749-003/2024(H5N1)	1843	3877
PB2|PP755596.1|A/cattle/Texas/24-008749-003/2024(H5N1)	1844	3891
PB2|PP755596.1|A/cattle/Texas/24-008749-003/2024(H5N1)	1845	3891
PB2|PP755596.1|A/cattle/Texas/24-008749-003/2024(H5N1)	1846	3814
PB2|PP755596.1|A/cattle/Texas/24-008749-003/2024(H5N1)	1847	3828
PB2|PP755596.1|A/cattle/Texas/24-008749-003/2024(H5N1)	1848	3836
PB2|PP755596.1|A/cattle/Texas/24-008749-003/2024(H5N1)	1849	3881
PB2|PP755596.1|A/cattle/Texas/24-008749-003/2024(H5N1)	1850	3904
PB2|PP755596.1|A/cattle/Texas/24-008749-003/2024(H5N1)	1851	3888
PB2|PP755596.1|A/cattle/Texas/24-008749-003/2024(H5N1)	1852	3930
PB2|PP755596.1|A/cattle/Texas/24-008749-003/2024(H5N1)	1853	3830
PB2|PP755596.1|A/cattle/Texas/24-008749-003/2024(H5N1)	1854	3829
PB2|PP755596.1|A/cattle/Texas/24-008749-003/2024(H5N1)	1855	3830
PB2|PP755596.1|A/cattle/Texas/24-008749-003/2024(H5N1)	1856	3832
PB2|PP755596.1|A/cattle/Texas/24-008749-003/2024(H5N1)	1857	3932
PB2|PP755596.1|A/cattle/Texas/24-008749-003/2024(H5N1)	1858	3845
PB2|PP755596.1|A/cattle/Texas/24-008749-003/2024(H5N1)	1859	3879
PB2|PP755596.1|A/cattle/Texas/24-008749-003/2024(H5N1)	1860	3890
PB2|PP755596.1|A/cattle/Texas/24-008749-003/2024(H5N1)	1861	3795
PB2|PP755596.1|A/cattle/Texas/24-008749-003/2024(H5N1)	1862	3805
PB2|PP755596.1|A/cattle/Texas/24-008749-003/2024(H5N1)	1863	3802
PB2|PP755596.1|A/cattle/Texas/24-008749-003/2024(H5N1)	1864	3735
PB2|PP755596.1|A/cattle/Texas/24-008749-003/2024(H5N1)	1865	3744
PB2|PP755596.1|A/cattle/Texas/24-008749-003/2024(H5N1)	1866	3732
PB2|PP755596.1|A/cattle/Texas/24-008749-003/2024(H5N1)	1867	3732
PB2|PP755596.1|A/cattle/Texas/24-008749-003/2024(H5N1)	1868	3726
PB2|PP755596.1|A/cattle/Texas/24-008749-003/2024(H5N1)	1869	3697
PB2|PP755596.1|A/cattle/Texas/24-008749-003/2024(H5N1)	1870	3711
PB2|PP755596.1|A/cattle/Texas/24-008749-003/2024(H5N1)	1871	3702
PB2|PP755596.1|A/cattle/Texas/24-008749-003/2024(H5N1)	1872	3699
PB2|PP755596.1|A/cattle/Texas/24-008749-003/2024(H5N1)	1873	3781
PB2|PP755596.1|A/cattle/Texas/24-008749-003/2024(H5N1)	1874	3788
PB2|PP755596.1|A/cattle/Texas/24-008749-003/2024(H5N1)	1875	3823
PB2|PP755596.1|A/cattle/Texas/24-008749-003/2024(H5N1)	1876	3818
PB2|PP755596.1|A/cattle/Texas/24-008749-003/2024(H5N1)	1877	3839
PB2|PP755596.1|A/cattle/Texas/24-008749-003/2024(H5N1)	1878	3845
PB2|PP755596.1|A/cattle/Texas/24-008749-003/2024(H5N1)	1879	3864
PB2|PP755596.1|A/cattle/Texas/24-008749-003/2024(H5N1)	1880	3897
PB2|PP755596.1|A/cattle/Texas/24-008749-003/2024(H5N1)	1881	3915
PB2|PP755596.1|A/cattle/Texas/24-008749-003/2024(H5N1)	1882	3916
PB2|PP755596.1|A/cattle/Texas/24-008749-003/2024(H5N1)	1883	3916
PB2|PP755596.1|A/cattle/Texas/24-008749-003/2024(H5N1)	1884	3932
PB2|PP755596.1|A/cattle/Texas/24-008749-003/2024(H5N1)	1885	3927
PB2|PP755596.1|A/cattle/Texas/24-008749-003/2024(H5N1)	1886	3965
PB2|PP755596.1|A/cattle/Texas/24-008749-003/2024(H5N1)	1887	4022
PB2|PP755596.1|A/cattle/Texas/24-008749-003/2024(H5N1)	1888	3919
PB2|PP755596.1|A/cattle/Texas/24-008749-003/2024(H5N1)	1889	3912
PB2|PP755596.1|A/cattle/Texas/24-008749-003/2024(H5N1)	1890	3916
PB2|PP755596.1|A/cattle/Texas/24-008749-003/2024(H5N1)	1891	4027
PB2|PP755596.1|A/cattle/Texas/24-008749-003/2024(H5N1)	1892	4089
PB2|PP755596.1|A/cattle/Texas/24-008749-003/2024(H5N1)	1893	4082
PB2|PP755596.1|A/cattle/Texas/24-008749-003/2024(H5N1)	1894	4102
PB2|PP755596.1|A/cattle/Texas/24-008749-003/2024(H5N1)	1895	4078
PB2|PP755596.1|A/cattle/Texas/24-008749-003/2024(H5N1)	1896	4174
PB2|PP755596.1|A/cattle/Texas/24-008749-003/2024(H5N1)	1897	4170
PB2|PP755596.1|A/cattle/Texas/24-008749-003/2024(H5N1)	1898	4202
PB2|PP755596.1|A/cattle/Texas/24-008749-003/2024(H5N1)	1899	4185
PB2|PP755596.1|A/cattle/Texas/24-008749-003/2024(H5N1)	1900	4121
PB2|PP755596.1|A/cattle/Texas/24-008749-003/2024(H5N1)	1901	4154
PB2|PP755596.1|A/cattle/Texas/24-008749-003/2024(H5N1)	1902	4053
PB2|PP755596.1|A/cattle/Texas/24-008749-003/2024(H5N1)	1903	4045
PB2|PP755596.1|A/cattle/Texas/24-008749-003/2024(H5N1)	1904	4087
PB2|PP755596.1|A/cattle/Texas/24-008749-003/2024(H5N1)	1905	4063
PB2|PP755596.1|A/cattle/Texas/24-008749-003/2024(H5N1)	1906	4225
PB2|PP755596.1|A/cattle/Texas/24-008749-003/2024(H5N1)	1907	4185
PB2|PP755596.1|A/cattle/Texas/24-008749-003/2024(H5N1)	1908	4201
PB2|PP755596.1|A/cattle/Texas/24-008749-003/2024(H5N1)	1909	4259
PB2|PP755596.1|A/cattle/Texas/24-008749-003/2024(H5N1)	1910	4283
PB2|PP755596.1|A/cattle/Texas/24-008749-003/2024(H5N1)	1911	4323
PB2|PP755596.1|A/cattle/Texas/24-008749-003/2024(H5N1)	1912	4355
PB2|PP755596.1|A/cattle/Texas/24-008749-003/2024(H5N1)	1913	4329
PB2|PP755596.1|A/cattle/Texas/24-008749-003/2024(H5N1)	1914	4369
PB2|PP755596.1|A/cattle/Texas/24-008749-003/2024(H5N1)	1915	4372
PB2|PP755596.1|A/cattle/Texas/24-008749-003/2024(H5N1)	1916	4368
PB2|PP755596.1|A/cattle/Texas/24-008749-003/2024(H5N1)	1917	4365
PB2|PP755596.1|A/cattle/Texas/24-008749-003/2024(H5N1)	1918	4408
PB2|PP755596.1|A/cattle/Texas/24-008749-003/2024(H5N1)	1919	4055
PB2|PP755596.1|A/cattle/Texas/24-008749-003/2024(H5N1)	1920	4048
PB2|PP755596.1|A/cattle/Texas/24-008749-003/2024(H5N1)	1921	4046
PB2|PP755596.1|A/cattle/Texas/24-008749-003/2024(H5N1)	1922	4049
PB2|PP755596.1|A/cattle/Texas/24-008749-003/2024(H5N1)	1923	4042
PB2|PP755596.1|A/cattle/Texas/24-008749-003/2024(H5N1)	1924	4029
PB2|PP755596.1|A/cattle/Texas/24-008749-003/2024(H5N1)	1925	4181
PB2|PP755596.1|A/cattle/Texas/24-008749-003/2024(H5N1)	1926	4234
PB2|PP755596.1|A/cattle/Texas/24-008749-003/2024(H5N1)	1927	4230
PB2|PP755596.1|A/cattle/Texas/24-008749-003/2024(H5N1)	1928	4213
PB2|PP755596.1|A/cattle/Texas/24-008749-003/2024(H5N1)	1929	4209
PB2|PP755596.1|A/cattle/Texas/24-008749-003/2024(H5N1)	1930	4252
PB2|PP755596.1|A/cattle/Texas/24-008749-003/2024(H5N1)	1931	4244
PB2|PP755596.1|A/cattle/Texas/24-008749-003/2024(H5N1)	1932	4248
PB2|PP755596.1|A/cattle/Texas/24-008749-003/2024(H5N1)	1933	4227
PB2|PP755596.1|A/cattle/Texas/24-008749-003/2024(H5N1)	1934	4153
PB2|PP755596.1|A/cattle/Texas/24-008749-003/2024(H5N1)	1935	4155
PB2|PP755596.1|A/cattle/Texas/24-008749-003/2024(H5N1)	1936	4139
PB2|PP755596.1|A/cattle/Texas/24-008749-003/2024(H5N1)	1937	4204
PB2|PP755596.1|A/cattle/Texas/24-008749-003/2024(H5N1)	1938	4195
PB2|PP755596.1|A/cattle/Texas/24-008749-003/2024(H5N1)	1939	4188
PB2|PP755596.1|A/cattle/Texas/24-008749-003/2024(H5N1)	1940	4195
PB2|PP755596.1|A/cattle/Texas/24-008749-003/2024(H5N1)	1941	4187
PB2|PP755596.1|A/cattle/Texas/24-008749-003/2024(H5N1)	1942	4161
PB2|PP755596.1|A/cattle/Texas/24-008749-003/2024(H5N1)	1943	4105
PB2|PP755596.1|A/cattle/Texas/24-008749-003/2024(H5N1)	1944	4189
PB2|PP755596.1|A/cattle/Texas/24-008749-003/2024(H5N1)	1945	4195
PB2|PP755596.1|A/cattle/Texas/24-008749-003/2024(H5N1)	1946	4098
PB2|PP755596.1|A/cattle/Texas/24-008749-003/2024(H5N1)	1947	4096
PB2|PP755596.1|A/cattle/Texas/24-008749-003/2024(H5N1)	1948	4046
PB2|PP755596.1|A/cattle/Texas/24-008749-003/2024(H5N1)	1949	4053
PB2|PP755596.1|A/cattle/Texas/24-008749-003/2024(H5N1)	1950	4075
PB2|PP755596.1|A/cattle/Texas/24-008749-003/2024(H5N1)	1951	4079
PB2|PP755596.1|A/cattle/Texas/24-008749-003/2024(H5N1)	1952	4084
PB2|PP755596.1|A/cattle/Texas/24-008749-003/2024(H5N1)	1953	4052
PB2|PP755596.1|A/cattle/Texas/24-008749-003/2024(H5N1)	1954	4047
PB2|PP755596.1|A/cattle/Texas/24-008749-003/2024(H5N1)	1955	4092
PB2|PP755596.1|A/cattle/Texas/24-008749-003/2024(H5N1)	1956	4128
PB2|PP755596.1|A/cattle/Texas/24-008749-003/2024(H5N1)	1957	4126
PB2|PP755596.1|A/cattle/Texas/24-008749-003/2024(H5N1)	1958	4151
PB2|PP755596.1|A/cattle/Texas/24-008749-003/2024(H5N1)	1959	4149
PB2|PP755596.1|A/cattle/Texas/24-008749-003/2024(H5N1)	1960	4181
PB2|PP755596.1|A/cattle/Texas/24-008749-003/2024(H5N1)	1961	4164
PB2|PP755596.1|A/cattle/Texas/24-008749-003/2024(H5N1)	1962	4112
PB2|PP755596.1|A/cattle/Texas/24-008749-003/2024(H5N1)	1963	4200
PB2|PP755596.1|A/cattle/Texas/24-008749-003/2024(H5N1)	1964	4175
PB2|PP755596.1|A/cattle/Texas/24-008749-003/2024(H5N1)	1965	4233
PB2|PP755596.1|A/cattle/Texas/24-008749-003/2024(H5N1)	1966	4278
PB2|PP755596.1|A/cattle/Texas/24-008749-003/2024(H5N1)	1967	4237
PB2|PP755596.1|A/cattle/Texas/24-008749-003/2024(H5N1)	1968	4206
PB2|PP755596.1|A/cattle/Texas/24-008749-003/2024(H5N1)	1969	4209
PB2|PP755596.1|A/cattle/Texas/24-008749-003/2024(H5N1)	1970	4252
PB2|PP755596.1|A/cattle/Texas/24-008749-003/2024(H5N1)	1971	4247
PB2|PP755596.1|A/cattle/Texas/24-008749-003/2024(H5N1)	1972	4640
PB2|PP755596.1|A/cattle/Texas/24-008749-003/2024(H5N1)	1973	4663
PB2|PP755596.1|A/cattle/Texas/24-008749-003/2024(H5N1)	1974	4688
PB2|PP755596.1|A/cattle/Texas/24-008749-003/2024(H5N1)	1975	4675
PB2|PP755596.1|A/cattle/Texas/24-008749-003/2024(H5N1)	1976	4666
PB2|PP755596.1|A/cattle/Texas/24-008749-003/2024(H5N1)	1977	4610
PB2|PP755596.1|A/cattle/Texas/24-008749-003/2024(H5N1)	1978	4593
PB2|PP755596.1|A/cattle/Texas/24-008749-003/2024(H5N1)	1979	4542
PB2|PP755596.1|A/cattle/Texas/24-008749-003/2024(H5N1)	1980	4546
PB2|PP755596.1|A/cattle/Texas/24-008749-003/2024(H5N1)	1981	4588
PB2|PP755596.1|A/cattle/Texas/24-008749-003/2024(H5N1)	1982	4635
PB2|PP755596.1|A/cattle/Texas/24-008749-003/2024(H5N1)	1983	4584
PB2|PP755596.1|A/cattle/Texas/24-008749-003/2024(H5N1)	1984	4659
PB2|PP755596.1|A/cattle/Texas/24-008749-003/2024(H5N1)	1985	4651
PB2|PP755596.1|A/cattle/Texas/24-008749-003/2024(H5N1)	1986	4651
PB2|PP755596.1|A/cattle/Texas/24-008749-003/2024(H5N1)	1987	4722
PB2|PP755596.1|A/cattle/Texas/24-008749-003/2024(H5N1)	1988	4625
PB2|PP755596.1|A/cattle/Texas/24-008749-003/2024(H5N1)	1989	4636
PB2|PP755596.1|A/cattle/Texas/24-008749-003/2024(H5N1)	1990	4602
PB2|PP755596.1|A/cattle/Texas/24-008749-003/2024(H5N1)	1991	4656
PB2|PP755596.1|A/cattle/Texas/24-008749-003/2024(H5N1)	1992	4666
PB2|PP755596.1|A/cattle/Texas/24-008749-003/2024(H5N1)	1993	4622
PB2|PP755596.1|A/cattle/Texas/24-008749-003/2024(H5N1)	1994	4659
PB2|PP755596.1|A/cattle/Texas/24-008749-003/2024(H5N1)	1995	4678
PB2|PP755596.1|A/cattle/Texas/24-008749-003/2024(H5N1)	1996	4676
PB2|PP755596.1|A/cattle/Texas/24-008749-003/2024(H5N1)	1997	4673
PB2|PP755596.1|A/cattle/Texas/24-008749-003/2024(H5N1)	1998	4650
PB2|PP755596.1|A/cattle/Texas/24-008749-003/2024(H5N1)	1999	4745
PB2|PP755596.1|A/cattle/Texas/24-008749-003/2024(H5N1)	2000	4715
PB2|PP755596.1|A/cattle/Texas/24-008749-003/2024(H5N1)	2001	4691
PB2|PP755596.1|A/cattle/Texas/24-008749-003/2024(H5N1)	2002	4724
PB2|PP755596.1|A/cattle/Texas/24-008749-003/2024(H5N1)	2003	4705
PB2|PP755596.1|A/cattle/Texas/24-008749-003/2024(H5N1)	2004	4711
PB2|PP755596.1|A/cattle/Texas/24-008749-003/2024(H5N1)	2005	4712
PB2|PP755596.1|A/cattle/Texas/24-008749-003/2024(H5N1)	2006	4728
PB2|PP755596.1|A/cattle/Texas/24-008749-003/2024(H5N1)	2007	4758
PB2|PP755596.1|A/cattle/Texas/24-008749-003/2024(H5N1)	2008	4649
PB2|PP755596.1|A/cattle/Texas/24-008749-003/2024(H5N1)	2009	4648
PB2|PP755596.1|A/cattle/Texas/24-008749-003/2024(H5N1)	2010	4621
PB2|PP755596.1|A/cattle/Texas/24-008749-003/2024(H5N1)	2011	4595
PB2|PP755596.1|A/cattle/Texas/24-008749-003/2024(H5N1)	2012	4662
PB2|PP755596.1|A/cattle/Texas/24-008749-003/2024(H5N1)	2013	4665
PB2|PP755596.1|A/cattle/Texas/24-008749-003/2024(H5N1)	2014	4697
PB2|PP755596.1|A/cattle/Texas/24-008749-003/2024(H5N1)	2015	4738
PB2|PP755596.1|A/cattle/Texas/24-008749-003/2024(H5N1)	2016	4729
PB2|PP755596.1|A/cattle/Texas/24-008749-003/2024(H5N1)	2017	4781
PB2|PP755596.1|A/cattle/Texas/24-008749-003/2024(H5N1)	2018	4812
PB2|PP755596.1|A/cattle/Texas/24-008749-003/2024(H5N1)	2019	4797
PB2|PP755596.1|A/cattle/Texas/24-008749-003/2024(H5N1)	2020	4839
PB2|PP755596.1|A/cattle/Texas/24-008749-003/2024(H5N1)	2021	4906
PB2|PP755596.1|A/cattle/Texas/24-008749-003/2024(H5N1)	2022	4899
PB2|PP755596.1|A/cattle/Texas/24-008749-003/2024(H5N1)	2023	4924
PB2|PP755596.1|A/cattle/Texas/24-008749-003/2024(H5N1)	2024	4832
PB2|PP755596.1|A/cattle/Texas/24-008749-003/2024(H5N1)	2025	4830
PB2|PP755596.1|A/cattle/Texas/24-008749-003/2024(H5N1)	2026	4789
PB2|PP755596.1|A/cattle/Texas/24-008749-003/2024(H5N1)	2027	4853
PB2|PP755596.1|A/cattle/Texas/24-008749-003/2024(H5N1)	2028	4858
PB2|PP755596.1|A/cattle/Texas/24-008749-003/2024(H5N1)	2029	4829
PB2|PP755596.1|A/cattle/Texas/24-008749-003/2024(H5N1)	2030	4782
PB2|PP755596.1|A/cattle/Texas/24-008749-003/2024(H5N1)	2031	4779
PB2|PP755596.1|A/cattle/Texas/24-008749-003/2024(H5N1)	2032	4770
PB2|PP755596.1|A/cattle/Texas/24-008749-003/2024(H5N1)	2033	4748
PB2|PP755596.1|A/cattle/Texas/24-008749-003/2024(H5N1)	2034	4712
PB2|PP755596.1|A/cattle/Texas/24-008749-003/2024(H5N1)	2035	4806
PB2|PP755596.1|A/cattle/Texas/24-008749-003/2024(H5N1)	2036	4769
PB2|PP755596.1|A/cattle/Texas/24-008749-003/2024(H5N1)	2037	4747
PB2|PP755596.1|A/cattle/Texas/24-008749-003/2024(H5N1)	2038	4838
PB2|PP755596.1|A/cattle/Texas/24-008749-003/2024(H5N1)	2039	4892
PB2|PP755596.1|A/cattle/Texas/24-008749-003/2024(H5N1)	2040	4907
PB2|PP755596.1|A/cattle/Texas/24-008749-003/2024(H5N1)	2041	4901
PB2|PP755596.1|A/cattle/Texas/24-008749-003/2024(H5N1)	2042	4782
PB2|PP755596.1|A/cattle/Texas/24-008749-003/2024(H5N1)	2043	4785
PB2|PP755596.1|A/cattle/Texas/24-008749-003/2024(H5N1)	2044	4798
PB2|PP755596.1|A/cattle/Texas/24-008749-003/2024(H5N1)	2045	4848
PB2|PP755596.1|A/cattle/Texas/24-008749-003/2024(H5N1)	2046	4956
PB2|PP755596.1|A/cattle/Texas/24-008749-003/2024(H5N1)	2047	4851
PB2|PP755596.1|A/cattle/Texas/24-008749-003/2024(H5N1)	2048	4845
PB2|PP755596.1|A/cattle/Texas/24-008749-003/2024(H5N1)	2049	4846
PB2|PP755596.1|A/cattle/Texas/24-008749-003/2024(H5N1)	2050	4881
PB2|PP755596.1|A/cattle/Texas/24-008749-003/2024(H5N1)	2051	4960
PB2|PP755596.1|A/cattle/Texas/24-008749-003/2024(H5N1)	2052	4995
PB2|PP755596.1|A/cattle/Texas/24-008749-003/2024(H5N1)	2053	5064
PB2|PP755596.1|A/cattle/Texas/24-008749-003/2024(H5N1)	2054	5088
PB2|PP755596.1|A/cattle/Texas/24-008749-003/2024(H5N1)	2055	5059
PB2|PP755596.1|A/cattle/Texas/24-008749-003/2024(H5N1)	2056	5070
PB2|PP755596.1|A/cattle/Texas/24-008749-003/2024(H5N1)	2057	5022
PB2|PP755596.1|A/cattle/Texas/24-008749-003/2024(H5N1)	2058	5041
PB2|PP755596.1|A/cattle/Texas/24-008749-003/2024(H5N1)	2059	5015
PB2|PP755596.1|A/cattle/Texas/24-008749-003/2024(H5N1)	2060	4971
PB2|PP755596.1|A/cattle/Texas/24-008749-003/2024(H5N1)	2061	4949
PB2|PP755596.1|A/cattle/Texas/24-008749-003/2024(H5N1)	2062	4857
PB2|PP755596.1|A/cattle/Texas/24-008749-003/2024(H5N1)	2063	4816
PB2|PP755596.1|A/cattle/Texas/24-008749-003/2024(H5N1)	2064	4814
PB2|PP755596.1|A/cattle/Texas/24-008749-003/2024(H5N1)	2065	4823
PB2|PP755596.1|A/cattle/Texas/24-008749-003/2024(H5N1)	2066	4796
PB2|PP755596.1|A/cattle/Texas/24-008749-003/2024(H5N1)	2067	4719
PB2|PP755596.1|A/cattle/Texas/24-008749-003/2024(H5N1)	2068	4799
PB2|PP755596.1|A/cattle/Texas/24-008749-003/2024(H5N1)	2069	4795
PB2|PP755596.1|A/cattle/Texas/24-008749-003/2024(H5N1)	2070	4804
PB2|PP755596.1|A/cattle/Texas/24-008749-003/2024(H5N1)	2071	4802
PB2|PP755596.1|A/cattle/Texas/24-008749-003/2024(H5N1)	2072	4788
PB2|PP755596.1|A/cattle/Texas/24-008749-003/2024(H5N1)	2073	4801
PB2|PP755596.1|A/cattle/Texas/24-008749-003/2024(H5N1)	2074	4784
PB2|PP755596.1|A/cattle/Texas/24-008749-003/2024(H5N1)	2075	4780
PB2|PP755596.1|A/cattle/Texas/24-008749-003/2024(H5N1)	2076	4650
PB2|PP755596.1|A/cattle/Texas/24-008749-003/2024(H5N1)	2077	4606
PB2|PP755596.1|A/cattle/Texas/24-008749-003/2024(H5N1)	2078	4600
PB2|PP755596.1|A/cattle/Texas/24-008749-003/2024(H5N1)	2079	4664
PB2|PP755596.1|A/cattle/Texas/24-008749-003/2024(H5N1)	2080	5091
PB2|PP755596.1|A/cattle/Texas/24-008749-003/2024(H5N1)	2081	5042
PB2|PP755596.1|A/cattle/Texas/24-008749-003/2024(H5N1)	2082	5066
PB2|PP755596.1|A/cattle/Texas/24-008749-003/2024(H5N1)	2083	5146
PB2|PP755596.1|A/cattle/Texas/24-008749-003/2024(H5N1)	2084	5160
PB2|PP755596.1|A/cattle/Texas/24-008749-003/2024(H5N1)	2085	5168
PB2|PP755596.1|A/cattle/Texas/24-008749-003/2024(H5N1)	2086	5200
PB2|PP755596.1|A/cattle/Texas/24-008749-003/2024(H5N1)	2087	5193
PB2|PP755596.1|A/cattle/Texas/24-008749-003/2024(H5N1)	2088	5276
PB2|PP755596.1|A/cattle/Texas/24-008749-003/2024(H5N1)	2089	5271
PB2|PP755596.1|A/cattle/Texas/24-008749-003/2024(H5N1)	2090	5239
PB2|PP755596.1|A/cattle/Texas/24-008749-003/2024(H5N1)	2091	5240
PB2|PP755596.1|A/cattle/Texas/24-008749-003/2024(H5N1)	2092	5249
PB2|PP755596.1|A/cattle/Texas/24-008749-003/2024(H5N1)	2093	5258
PB2|PP755596.1|A/cattle/Texas/24-008749-003/2024(H5N1)	2094	5196
PB2|PP755596.1|A/cattle/Texas/24-008749-003/2024(H5N1)	2095	5194
PB2|PP755596.1|A/cattle/Texas/24-008749-003/2024(H5N1)	2096	5321
PB2|PP755596.1|A/cattle/Texas/24-008749-003/2024(H5N1)	2097	5316
PB2|PP755596.1|A/cattle/Texas/24-008749-003/2024(H5N1)	2098	5359
PB2|PP755596.1|A/cattle/Texas/24-008749-003/2024(H5N1)	2099	5465
PB2|PP755596.1|A/cattle/Texas/24-008749-003/2024(H5N1)	2100	5454
PB2|PP755596.1|A/cattle/Texas/24-008749-003/2024(H5N1)	2101	5456
PB2|PP755596.1|A/cattle/Texas/24-008749-003/2024(H5N1)	2102	5477
PB2|PP755596.1|A/cattle/Texas/24-008749-003/2024(H5N1)	2103	5493
PB2|PP755596.1|A/cattle/Texas/24-008749-003/2024(H5N1)	2104	5490
PB2|PP755596.1|A/cattle/Texas/24-008749-003/2024(H5N1)	2105	5482
PB2|PP755596.1|A/cattle/Texas/24-008749-003/2024(H5N1)	2106	5452
PB2|PP755596.1|A/cattle/Texas/24-008749-003/2024(H5N1)	2107	5441
PB2|PP755596.1|A/cattle/Texas/24-008749-003/2024(H5N1)	2108	5468
PB2|PP755596.1|A/cattle/Texas/24-008749-003/2024(H5N1)	2109	5468
PB2|PP755596.1|A/cattle/Texas/24-008749-003/2024(H5N1)	2110	5449
PB2|PP755596.1|A/cattle/Texas/24-008749-003/2024(H5N1)	2111	5456
PB2|PP755596.1|A/cattle/Texas/24-008749-003/2024(H5N1)	2112	5433
PB2|PP755596.1|A/cattle/Texas/24-008749-003/2024(H5N1)	2113	5436
PB2|PP755596.1|A/cattle/Texas/24-008749-003/2024(H5N1)	2114	5708
PB2|PP755596.1|A/cattle/Texas/24-008749-003/2024(H5N1)	2115	5674
PB2|PP755596.1|A/cattle/Texas/24-008749-003/2024(H5N1)	2116	5646
PB2|PP755596.1|A/cattle/Texas/24-008749-003/2024(H5N1)	2117	5623
PB2|PP755596.1|A/cattle/Texas/24-008749-003/2024(H5N1)	2118	5571
PB2|PP755596.1|A/cattle/Texas/24-008749-003/2024(H5N1)	2119	5674
PB2|PP755596.1|A/cattle/Texas/24-008749-003/2024(H5N1)	2120	5615
PB2|PP755596.1|A/cattle/Texas/24-008749-003/2024(H5N1)	2121	5615
PB2|PP755596.1|A/cattle/Texas/24-008749-003/2024(H5N1)	2122	5550
PB2|PP755596.1|A/cattle/Texas/24-008749-003/2024(H5N1)	2123	4963
PB2|PP755596.1|A/cattle/Texas/24-008749-003/2024(H5N1)	2124	5003
PB2|PP755596.1|A/cattle/Texas/24-008749-003/2024(H5N1)	2125	5005
PB2|PP755596.1|A/cattle/Texas/24-008749-003/2024(H5N1)	2126	5021
PB2|PP755596.1|A/cattle/Texas/24-008749-003/2024(H5N1)	2127	5091
PB2|PP755596.1|A/cattle/Texas/24-008749-003/2024(H5N1)	2128	5041
PB2|PP755596.1|A/cattle/Texas/24-008749-003/2024(H5N1)	2129	5092
PB2|PP755596.1|A/cattle/Texas/24-008749-003/2024(H5N1)	2130	5147
PB2|PP755596.1|A/cattle/Texas/24-008749-003/2024(H5N1)	2131	5145
PB2|PP755596.1|A/cattle/Texas/24-008749-003/2024(H5N1)	2132	5148
PB2|PP755596.1|A/cattle/Texas/24-008749-003/2024(H5N1)	2133	5109
PB2|PP755596.1|A/cattle/Texas/24-008749-003/2024(H5N1)	2134	5121
PB2|PP755596.1|A/cattle/Texas/24-008749-003/2024(H5N1)	2135	5040
PB2|PP755596.1|A/cattle/Texas/24-008749-003/2024(H5N1)	2136	5039
PB2|PP755596.1|A/cattle/Texas/24-008749-003/2024(H5N1)	2137	5023
PB2|PP755596.1|A/cattle/Texas/24-008749-003/2024(H5N1)	2138	5084
PB2|PP755596.1|A/cattle/Texas/24-008749-003/2024(H5N1)	2139	5095
PB2|PP755596.1|A/cattle/Texas/24-008749-003/2024(H5N1)	2140	5079
PB2|PP755596.1|A/cattle/Texas/24-008749-003/2024(H5N1)	2141	5074
PB2|PP755596.1|A/cattle/Texas/24-008749-003/2024(H5N1)	2142	5023
PB2|PP755596.1|A/cattle/Texas/24-008749-003/2024(H5N1)	2143	4977
PB2|PP755596.1|A/cattle/Texas/24-008749-003/2024(H5N1)	2144	4974
PB2|PP755596.1|A/cattle/Texas/24-008749-003/2024(H5N1)	2145	4918
PB2|PP755596.1|A/cattle/Texas/24-008749-003/2024(H5N1)	2146	4891
PB2|PP755596.1|A/cattle/Texas/24-008749-003/2024(H5N1)	2147	4888
PB2|PP755596.1|A/cattle/Texas/24-008749-003/2024(H5N1)	2148	5051
PB2|PP755596.1|A/cattle/Texas/24-008749-003/2024(H5N1)	2149	5148
PB2|PP755596.1|A/cattle/Texas/24-008749-003/2024(H5N1)	2150	5165
PB2|PP755596.1|A/cattle/Texas/24-008749-003/2024(H5N1)	2151	5166
PB2|PP755596.1|A/cattle/Texas/24-008749-003/2024(H5N1)	2152	5160
PB2|PP755596.1|A/cattle/Texas/24-008749-003/2024(H5N1)	2153	5042
PB2|PP755596.1|A/cattle/Texas/24-008749-003/2024(H5N1)	2154	5060
PB2|PP755596.1|A/cattle/Texas/24-008749-003/2024(H5N1)	2155	5100
PB2|PP755596.1|A/cattle/Texas/24-008749-003/2024(H5N1)	2156	5100
PB2|PP755596.1|A/cattle/Texas/24-008749-003/2024(H5N1)	2157	5061
PB2|PP755596.1|A/cattle/Texas/24-008749-003/2024(H5N1)	2158	5070
PB2|PP755596.1|A/cattle/Texas/24-008749-003/2024(H5N1)	2159	5078
PB2|PP755596.1|A/cattle/Texas/24-008749-003/2024(H5N1)	2160	5081
PB2|PP755596.1|A/cattle/Texas/24-008749-003/2024(H5N1)	2161	5225
PB2|PP755596.1|A/cattle/Texas/24-008749-003/2024(H5N1)	2162	5197
PB2|PP755596.1|A/cattle/Texas/24-008749-003/2024(H5N1)	2163	5187
PB2|PP755596.1|A/cattle/Texas/24-008749-003/2024(H5N1)	2164	6138
PB2|PP755596.1|A/cattle/Texas/24-008749-003/2024(H5N1)	2165	6161
PB2|PP755596.1|A/cattle/Texas/24-008749-003/2024(H5N1)	2166	6160
PB2|PP755596.1|A/cattle/Texas/24-008749-003/2024(H5N1)	2167	6150
PB2|PP755596.1|A/cattle/Texas/24-008749-003/2024(H5N1)	2168	6174
PB2|PP755596.1|A/cattle/Texas/24-008749-003/2024(H5N1)	2169	6156
PB2|PP755596.1|A/cattle/Texas/24-008749-003/2024(H5N1)	2170	6164
PB2|PP755596.1|A/cattle/Texas/24-008749-003/2024(H5N1)	2171	6054
PB2|PP755596.1|A/cattle/Texas/24-008749-003/2024(H5N1)	2172	6022
PB2|PP755596.1|A/cattle/Texas/24-008749-003/2024(H5N1)	2173	6009
PB2|PP755596.1|A/cattle/Texas/24-008749-003/2024(H5N1)	2174	5977
PB2|PP755596.1|A/cattle/Texas/24-008749-003/2024(H5N1)	2175	5982
PB2|PP755596.1|A/cattle/Texas/24-008749-003/2024(H5N1)	2176	5967
PB2|PP755596.1|A/cattle/Texas/24-008749-003/2024(H5N1)	2177	5958
PB2|PP755596.1|A/cattle/Texas/24-008749-003/2024(H5N1)	2178	5887
PB2|PP755596.1|A/cattle/Texas/24-008749-003/2024(H5N1)	2179	5853
PB2|PP755596.1|A/cattle/Texas/24-008749-003/2024(H5N1)	2180	5850
PB2|PP755596.1|A/cattle/Texas/24-008749-003/2024(H5N1)	2181	5898
PB2|PP755596.1|A/cattle/Texas/24-008749-003/2024(H5N1)	2182	5911
PB2|PP755596.1|A/cattle/Texas/24-008749-003/2024(H5N1)	2183	5905
PB2|PP755596.1|A/cattle/Texas/24-008749-003/2024(H5N1)	2184	5843
PB2|PP755596.1|A/cattle/Texas/24-008749-003/2024(H5N1)	2185	5839
PB2|PP755596.1|A/cattle/Texas/24-008749-003/2024(H5N1)	2186	5845
PB2|PP755596.1|A/cattle/Texas/24-008749-003/2024(H5N1)	2187	5837
PB2|PP755596.1|A/cattle/Texas/24-008749-003/2024(H5N1)	2188	5838
PB2|PP755596.1|A/cattle/Texas/24-008749-003/2024(H5N1)	2189	5740
PB2|PP755596.1|A/cattle/Texas/24-008749-003/2024(H5N1)	2190	5718
PB2|PP755596.1|A/cattle/Texas/24-008749-003/2024(H5N1)	2191	5671
PB2|PP755596.1|A/cattle/Texas/24-008749-003/2024(H5N1)	2192	5686
PB2|PP755596.1|A/cattle/Texas/24-008749-003/2024(H5N1)	2193	5661
PB2|PP755596.1|A/cattle/Texas/24-008749-003/2024(H5N1)	2194	5695
PB2|PP755596.1|A/cattle/Texas/24-008749-003/2024(H5N1)	2195	5568
PB2|PP755596.1|A/cattle/Texas/24-008749-003/2024(H5N1)	2196	5563
PB2|PP755596.1|A/cattle/Texas/24-008749-003/2024(H5N1)	2197	5397
PB2|PP755596.1|A/cattle/Texas/24-008749-003/2024(H5N1)	2198	5342
PB2|PP755596.1|A/cattle/Texas/24-008749-003/2024(H5N1)	2199	5295
PB2|PP755596.1|A/cattle/Texas/24-008749-003/2024(H5N1)	2200	5287
PB2|PP755596.1|A/cattle/Texas/24-008749-003/2024(H5N1)	2201	5208
PB2|PP755596.1|A/cattle/Texas/24-008749-003/2024(H5N1)	2202	5183
PB2|PP755596.1|A/cattle/Texas/24-008749-003/2024(H5N1)	2203	5096
PB2|PP755596.1|A/cattle/Texas/24-008749-003/2024(H5N1)	2204	5009
PB2|PP755596.1|A/cattle/Texas/24-008749-003/2024(H5N1)	2205	4982
PB2|PP755596.1|A/cattle/Texas/24-008749-003/2024(H5N1)	2206	5001
PB2|PP755596.1|A/cattle/Texas/24-008749-003/2024(H5N1)	2207	4986
PB2|PP755596.1|A/cattle/Texas/24-008749-003/2024(H5N1)	2208	4970
PB2|PP755596.1|A/cattle/Texas/24-008749-003/2024(H5N1)	2209	4948
PB2|PP755596.1|A/cattle/Texas/24-008749-003/2024(H5N1)	2210	4948
PB2|PP755596.1|A/cattle/Texas/24-008749-003/2024(H5N1)	2211	4933
PB2|PP755596.1|A/cattle/Texas/24-008749-003/2024(H5N1)	2212	4925
PB2|PP755596.1|A/cattle/Texas/24-008749-003/2024(H5N1)	2213	4923
PB2|PP755596.1|A/cattle/Texas/24-008749-003/2024(H5N1)	2214	4898
PB2|PP755596.1|A/cattle/Texas/24-008749-003/2024(H5N1)	2215	4885
PB2|PP755596.1|A/cattle/Texas/24-008749-003/2024(H5N1)	2216	4878
PB2|PP755596.1|A/cattle/Texas/24-008749-003/2024(H5N1)	2217	4882
PB2|PP755596.1|A/cattle/Texas/24-008749-003/2024(H5N1)	2218	4876
PB2|PP755596.1|A/cattle/Texas/24-008749-003/2024(H5N1)	2219	4803
PB2|PP755596.1|A/cattle/Texas/24-008749-003/2024(H5N1)	2220	4816
PB2|PP755596.1|A/cattle/Texas/24-008749-003/2024(H5N1)	2221	4799
PB2|PP755596.1|A/cattle/Texas/24-008749-003/2024(H5N1)	2222	4838
PB2|PP755596.1|A/cattle/Texas/24-008749-003/2024(H5N1)	2223	4835
PB2|PP755596.1|A/cattle/Texas/24-008749-003/2024(H5N1)	2224	4839
PB2|PP755596.1|A/cattle/Texas/24-008749-003/2024(H5N1)	2225	4838
PB2|PP755596.1|A/cattle/Texas/24-008749-003/2024(H5N1)	2226	4770
PB2|PP755596.1|A/cattle/Texas/24-008749-003/2024(H5N1)	2227	4766
PB2|PP755596.1|A/cattle/Texas/24-008749-003/2024(H5N1)	2228	4750
PB2|PP755596.1|A/cattle/Texas/24-008749-003/2024(H5N1)	2229	4658
PB2|PP755596.1|A/cattle/Texas/24-008749-003/2024(H5N1)	2230	4670
PB2|PP755596.1|A/cattle/Texas/24-008749-003/2024(H5N1)	2231	4104
PB2|PP755596.1|A/cattle/Texas/24-008749-003/2024(H5N1)	2232	4102
PB2|PP755596.1|A/cattle/Texas/24-008749-003/2024(H5N1)	2233	4045
PB2|PP755596.1|A/cattle/Texas/24-008749-003/2024(H5N1)	2234	4033
PB2|PP755596.1|A/cattle/Texas/24-008749-003/2024(H5N1)	2235	4027
PB2|PP755596.1|A/cattle/Texas/24-008749-003/2024(H5N1)	2236	4026
PB2|PP755596.1|A/cattle/Texas/24-008749-003/2024(H5N1)	2237	3964
PB2|PP755596.1|A/cattle/Texas/24-008749-003/2024(H5N1)	2238	3962
PB2|PP755596.1|A/cattle/Texas/24-008749-003/2024(H5N1)	2239	3794
PB2|PP755596.1|A/cattle/Texas/24-008749-003/2024(H5N1)	2240	3801
PB2|PP755596.1|A/cattle/Texas/24-008749-003/2024(H5N1)	2241	3786
PB2|PP755596.1|A/cattle/Texas/24-008749-003/2024(H5N1)	2242	3779
PB2|PP755596.1|A/cattle/Texas/24-008749-003/2024(H5N1)	2243	3767
PB2|PP755596.1|A/cattle/Texas/24-008749-003/2024(H5N1)	2244	3767
PB2|PP755596.1|A/cattle/Texas/24-008749-003/2024(H5N1)	2245	3758
PB2|PP755596.1|A/cattle/Texas/24-008749-003/2024(H5N1)	2246	3751
PB2|PP755596.1|A/cattle/Texas/24-008749-003/2024(H5N1)	2247	3579
PB2|PP755596.1|A/cattle/Texas/24-008749-003/2024(H5N1)	2248	3570
PB2|PP755596.1|A/cattle/Texas/24-008749-003/2024(H5N1)	2249	3382
PB2|PP755596.1|A/cattle/Texas/24-008749-003/2024(H5N1)	2250	3383
PB2|PP755596.1|A/cattle/Texas/24-008749-003/2024(H5N1)	2251	3373
PB2|PP755596.1|A/cattle/Texas/24-008749-003/2024(H5N1)	2252	3365
PB2|PP755596.1|A/cattle/Texas/24-008749-003/2024(H5N1)	2253	3341
PB2|PP755596.1|A/cattle/Texas/24-008749-003/2024(H5N1)	2254	3334
PB2|PP755596.1|A/cattle/Texas/24-008749-003/2024(H5N1)	2255	3333
PB2|PP755596.1|A/cattle/Texas/24-008749-003/2024(H5N1)	2256	3331
PB2|PP755596.1|A/cattle/Texas/24-008749-003/2024(H5N1)	2257	3317
PB2|PP755596.1|A/cattle/Texas/24-008749-003/2024(H5N1)	2258	3304
PB2|PP755596.1|A/cattle/Texas/24-008749-003/2024(H5N1)	2259	3251
PB2|PP755596.1|A/cattle/Texas/24-008749-003/2024(H5N1)	2260	3228
PB2|PP755596.1|A/cattle/Texas/24-008749-003/2024(H5N1)	2261	3223
PB2|PP755596.1|A/cattle/Texas/24-008749-003/2024(H5N1)	2262	3221
PB2|PP755596.1|A/cattle/Texas/24-008749-003/2024(H5N1)	2263	3207
PB2|PP755596.1|A/cattle/Texas/24-008749-003/2024(H5N1)	2264	3161
PB2|PP755596.1|A/cattle/Texas/24-008749-003/2024(H5N1)	2265	2953
PB2|PP755596.1|A/cattle/Texas/24-008749-003/2024(H5N1)	2266	2953
PB2|PP755596.1|A/cattle/Texas/24-008749-003/2024(H5N1)	2267	2880
PB2|PP755596.1|A/cattle/Texas/24-008749-003/2024(H5N1)	2268	2871
PB2|PP755596.1|A/cattle/Texas/24-008749-003/2024(H5N1)	2269	2868
PB2|PP755596.1|A/cattle/Texas/24-008749-003/2024(H5N1)	2270	2813
PB2|PP755596.1|A/cattle/Texas/24-008749-003/2024(H5N1)	2271	2808
PB2|PP755596.1|A/cattle/Texas/24-008749-003/2024(H5N1)	2272	2804
PB2|PP755596.1|A/cattle/Texas/24-008749-003/2024(H5N1)	2273	2794
PB2|PP755596.1|A/cattle/Texas/24-008749-003/2024(H5N1)	2274	2766
PB2|PP755596.1|A/cattle/Texas/24-008749-003/2024(H5N1)	2275	2763
PB2|PP755596.1|A/cattle/Texas/24-008749-003/2024(H5N1)	2276	2760
PB2|PP755596.1|A/cattle/Texas/24-008749-003/2024(H5N1)	2277	2716
PB2|PP755596.1|A/cattle/Texas/24-008749-003/2024(H5N1)	2278	2648
PB2|PP755596.1|A/cattle/Texas/24-008749-003/2024(H5N1)	2279	2520
PB2|PP755596.1|A/cattle/Texas/24-008749-003/2024(H5N1)	2280	2471
