PA|PP755594.1|A/cattle/Texas/24-008749-003/2024(H5N1)	1	4212
PA|PP755594.1|A/cattle/Texas/24-008749-003/2024(H5N1)	2	4223
PA|PP755594.1|A/cattle/Texas/24-008749-003/2024(H5N1)	3	4269
PA|PP755594.1|A/cattle/Texas/24-008749-003/2024(H5N1)	4	4277
PA|PP755594.1|A/cattle/Texas/24-008749-003/2024(H5N1)	5	4283
PA|PP755594.1|A/cattle/Texas/24-008749-003/2024(H5N1)	6	4286
PA|PP755594.1|A/cattle/Texas/24-008749-003/2024(H5N1)	7	4322
PA|PP755594.1|A/cattle/Texas/24-008749-003/2024(H5N1)	8	4400
PA|PP755594.1|A/cattle/Texas/24-008749-003/2024(H5N1)	9	4451
PA|PP755594.1|A/cattle/Texas/24-008749-003/2024(H5N1)	10	4455
PA|PP755594.1|A/cattle/Texas/24-008749-003/2024(H5N1)	11	4522
PA|PP755594.1|A/cattle/Texas/24-008749-003/2024(H5N1)	12	4524
PA|PP755594.1|A/cattle/Texas/24-008749-003/2024(H5N1)	13	4585
PA|PP755594.1|A/cattle/Texas/24-008749-003/2024(H5N1)	14	4601
PA|PP755594.1|A/cattle/Texas/24-008749-003/2024(H5N1)	15	4607
PA|PP755594.1|A/cattle/Texas/24-008749-003/2024(H5N1)	16	4662
PA|PP755594.1|A/cattle/Texas/24-008749-003/2024(H5N1)	17	4662
PA|PP755594.1|A/cattle/Texas/24-008749-003/2024(H5N1)	18	4746
PA|PP755594.1|A/cattle/Texas/24-008749-003/2024(H5N1)	19	4784
PA|PP755594.1|A/cattle/Texas/24-008749-003/2024(H5N1)	20	4785
PA|PP755594.1|A/cattle/Texas/24-008749-003/2024(H5N1)	21	4810
PA|PP755594.1|A/cattle/Texas/24-008749-003/2024(H5N1)	22	4830
PA|PP755594.1|A/cattle/Texas/24-008749-003/2024(H5N1)	23	4994
PA|PP755594.1|A/cattle/Texas/24-008749-003/2024(H5N1)	24	5135
PA|PP755594.1|A/cattle/Texas/24-008749-003/2024(H5N1)	25	5141
PA|PP755594.1|A/cattle/Texas/24-008749-003/2024(H5N1)	26	5150
PA|PP755594.1|A/cattle/Texas/24-008749-003/2024(H5N1)	27	5164
PA|PP755594.1|A/cattle/Texas/24-008749-003/2024(H5N1)	28	5190
PA|PP755594.1|A/cattle/Texas/24-008749-003/2024(H5N1)	29	5364
PA|PP755594.1|A/cattle/Texas/24-008749-003/2024(H5N1)	30	5381
PA|PP755594.1|A/cattle/Texas/24-008749-003/2024(H5N1)	31	5391
PA|PP755594.1|A/cattle/Texas/24-008749-003/2024(H5N1)	32	5399
PA|PP755594.1|A/cattle/Texas/24-008749-003/2024(H5N1)	33	5411
PA|PP755594.1|A/cattle/Texas/24-008749-003/2024(H5N1)	34	5420
PA|PP755594.1|A/cattle/Texas/24-008749-003/2024(H5N1)	35	5431
PA|PP755594.1|A/cattle/Texas/24-008749-003/2024(H5N1)	36	5441
PA|PP755594.1|A/cattle/Texas/24-008749-003/2024(H5N1)	37	5480
PA|PP755594.1|A/cattle/Texas/24-008749-003/2024(H5N1)	38	5517
PA|PP755594.1|A/cattle/Texas/24-008749-003/2024(H5N1)	39	5548
PA|PP755594.1|A/cattle/Texas/24-008749-003/2024(H5N1)	40	5561
PA|PP755594.1|A/cattle/Texas/24-008749-003/2024(H5N1)	41	5591
PA|PP755594.1|A/cattle/Texas/24-008749-003/2024(H5N1)	42	5599
PA|PP755594.1|A/cattle/Texas/24-008749-003/2024(H5N1)	43	5601
PA|PP755594.1|A/cattle/Texas/24-008749-003/2024(H5N1)	44	5629
PA|PP755594.1|A/cattle/Texas/24-008749-003/2024(H5N1)	45	5635
PA|PP755594.1|A/cattle/Texas/24-008749-003/2024(H5N1)	46	5655
PA|PP755594.1|A/cattle/Texas/24-008749-003/2024(H5N1)	47	5677
PA|PP755594.1|A/cattle/Texas/24-008749-003/2024(H5N1)	48	5688
PA|PP755594.1|A/cattle/Texas/24-008749-003/2024(H5N1)	49	5693
PA|PP755594.1|A/cattle/Texas/24-008749-003/2024(H5N1)	50	5698
PA|PP755594.1|A/cattle/Texas/24-008749-003/2024(H5N1)	51	5705
PA|PP755594.1|A/cattle/Texas/24-008749-003/2024(H5N1)	52	5726
PA|PP755594.1|A/cattle/Texas/24-008749-003/2024(H5N1)	53	5735
PA|PP755594.1|A/cattle/Texas/24-008749-003/2024(H5N1)	54	5756
PA|PP755594.1|A/cattle/Texas/24-008749-003/2024(H5N1)	55	5763
PA|PP755594.1|A/cattle/Texas/24-008749-003/2024(H5N1)	56	5775
PA|PP755594.1|A/cattle/Texas/24-008749-003/2024(H5N1)	57	5786
PA|PP755594.1|A/cattle/Texas/24-008749-003/2024(H5N1)	58	5193
PA|PP755594.1|A/cattle/Texas/24-008749-003/2024(H5N1)	59	5185
PA|PP755594.1|A/cattle/Texas/24-008749-003/2024(H5N1)	60	5162
PA|PP755594.1|A/cattle/Texas/24-008749-003/2024(H5N1)	61	5211
PA|PP755594.1|A/cattle/Texas/24-008749-003/2024(H5N1)	62	5229
PA|PP755594.1|A/cattle/Texas/24-008749-003/2024(H5N1)	63	5937
PA|PP755594.1|A/cattle/Texas/24-008749-003/2024(H5N1)	64	5974
PA|PP755594.1|A/cattle/Texas/24-008749-003/2024(H5N1)	65	5970
PA|PP755594.1|A/cattle/Texas/24-008749-003/2024(H5N1)	66	5978
PA|PP755594.1|A/cattle/Texas/24-008749-003/2024(H5N1)	67	6070
PA|PP755594.1|A/cattle/Texas/24-008749-003/2024(H5N1)	68	6123
PA|PP755594.1|A/cattle/Texas/24-008749-003/2024(H5N1)	69	6368
PA|PP755594.1|A/cattle/Texas/24-008749-003/2024(H5N1)	70	6388
PA|PP755594.1|A/cattle/Texas/24-008749-003/2024(H5N1)	71	6410
PA|PP755594.1|A/cattle/Texas/24-008749-003/2024(H5N1)	72	6429
PA|PP755594.1|A/cattle/Texas/24-008749-003/2024(H5N1)	73	6437
PA|PP755594.1|A/cattle/Texas/24-008749-003/2024(H5N1)	74	6480
PA|PP755594.1|A/cattle/Texas/24-008749-003/2024(H5N1)	75	6478
PA|PP755594.1|A/cattle/Texas/24-008749-003/2024(H5N1)	76	6470
PA|PP755594.1|A/cattle/Texas/24-008749-003/2024(H5N1)	77	6475
PA|PP755594.1|A/cattle/Texas/24-008749-003/2024(H5N1)	78	6457
PA|PP755594.1|A/cattle/Texas/24-008749-003/2024(H5N1)	79	6476
PA|PP755594.1|A/cattle/Texas/24-008749-003/2024(H5N1)	80	6484
PA|PP755594.1|A/cattle/Texas/24-008749-003/2024(H5N1)	81	6492
PA|PP755594.1|A/cattle/Texas/24-008749-003/2024(H5N1)	82	6511
PA|PP755594.1|A/cattle/Texas/24-008749-003/2024(H5N1)	83	6521
PA|PP755594.1|A/cattle/Texas/24-008749-003/2024(H5N1)	84	6525
PA|PP755594.1|A/cattle/Texas/24-008749-003/2024(H5N1)	85	6541
PA|PP755594.1|A/cattle/Texas/24-008749-003/2024(H5N1)	86	6545
PA|PP755594.1|A/cattle/Texas/24-008749-003/2024(H5N1)	87	6552
PA|PP755594.1|A/cattle/Texas/24-008749-003/2024(H5N1)	88	6543
PA|PP755594.1|A/cattle/Texas/24-008749-003/2024(H5N1)	89	6528
PA|PP755594.1|A/cattle/Texas/24-008749-003/2024(H5N1)	90	6525
PA|PP755594.1|A/cattle/Texas/24-008749-003/2024(H5N1)	91	6518
PA|PP755594.1|A/cattle/Texas/24-008749-003/2024(H5N1)	92	6511
PA|PP755594.1|A/cattle/Texas/24-008749-003/2024(H5N1)	93	5277
PA|PP755594.1|A/cattle/Texas/24-008749-003/2024(H5N1)	94	5276
PA|PP755594.1|A/cattle/Texas/24-008749-003/2024(H5N1)	95	5277
PA|PP755594.1|A/cattle/Texas/24-008749-003/2024(H5N1)	96	5277
PA|PP755594.1|A/cattle/Texas/24-008749-003/2024(H5N1)	97	5319
PA|PP755594.1|A/cattle/Texas/24-008749-003/2024(H5N1)	98	5328
PA|PP755594.1|A/cattle/Texas/24-008749-003/2024(H5N1)	99	5326
PA|PP755594.1|A/cattle/Texas/24-008749-003/2024(H5N1)	100	5325
PA|PP755594.1|A/cattle/Texas/24-008749-003/2024(H5N1)	101	5319
PA|PP755594.1|A/cattle/Texas/24-008749-003/2024(H5N1)	102	5304
PA|PP755594.1|A/cattle/Texas/24-008749-003/2024(H5N1)	103	5323
PA|PP755594.1|A/cattle/Texas/24-008749-003/2024(H5N1)	104	5319
PA|PP755594.1|A/cattle/Texas/24-008749-003/2024(H5N1)	105	5307
PA|PP755594.1|A/cattle/Texas/24-008749-003/2024(H5N1)	106	5315
PA|PP755594.1|A/cattle/Texas/24-008749-003/2024(H5N1)	107	5388
PA|PP755594.1|A/cattle/Texas/24-008749-003/2024(H5N1)	108	5428
PA|PP755594.1|A/cattle/Texas/24-008749-003/2024(H5N1)	109	5856
PA|PP755594.1|A/cattle/Texas/24-008749-003/2024(H5N1)	110	5917
PA|PP755594.1|A/cattle/Texas/24-008749-003/2024(H5N1)	111	6004
PA|PP755594.1|A/cattle/Texas/24-008749-003/2024(H5N1)	112	6041
PA|PP755594.1|A/cattle/Texas/24-008749-003/2024(H5N1)	113	6054
PA|PP755594.1|A/cattle/Texas/24-008749-003/2024(H5N1)	114	6088
PA|PP755594.1|A/cattle/Texas/24-008749-003/2024(H5N1)	115	6102
PA|PP755594.1|A/cattle/Texas/24-008749-003/2024(H5N1)	116	6082
PA|PP755594.1|A/cattle/Texas/24-008749-003/2024(H5N1)	117	6079
PA|PP755594.1|A/cattle/Texas/24-008749-003/2024(H5N1)	118	6045
PA|PP755594.1|A/cattle/Texas/24-008749-003/2024(H5N1)	119	6018
PA|PP755594.1|A/cattle/Texas/24-008749-003/2024(H5N1)	120	4449
PA|PP755594.1|A/cattle/Texas/24-008749-003/2024(H5N1)	121	4604
PA|PP755594.1|A/cattle/Texas/24-008749-003/2024(H5N1)	122	4597
PA|PP755594.1|A/cattle/Texas/24-008749-003/2024(H5N1)	123	4571
PA|PP755594.1|A/cattle/Texas/24-008749-003/2024(H5N1)	124	4579
PA|PP755594.1|A/cattle/Texas/24-008749-003/2024(H5N1)	125	4577
PA|PP755594.1|A/cattle/Texas/24-008749-003/2024(H5N1)	126	4579
PA|PP755594.1|A/cattle/Texas/24-008749-003/2024(H5N1)	127	5130
PA|PP755594.1|A/cattle/Texas/24-008749-003/2024(H5N1)	128	5193
PA|PP755594.1|A/cattle/Texas/24-008749-003/2024(H5N1)	129	5217
PA|PP755594.1|A/cattle/Texas/24-008749-003/2024(H5N1)	130	5246
PA|PP755594.1|A/cattle/Texas/24-008749-003/2024(H5N1)	131	5235
PA|PP755594.1|A/cattle/Texas/24-008749-003/2024(H5N1)	132	4373
PA|PP755594.1|A/cattle/Texas/24-008749-003/2024(H5N1)	133	4379
PA|PP755594.1|A/cattle/Texas/24-008749-003/2024(H5N1)	134	4456
PA|PP755594.1|A/cattle/Texas/24-008749-003/2024(H5N1)	135	4479
PA|PP755594.1|A/cattle/Texas/24-008749-003/2024(H5N1)	136	4472
PA|PP755594.1|A/cattle/Texas/24-008749-003/2024(H5N1)	137	4478
PA|PP755594.1|A/cattle/Texas/24-008749-003/2024(H5N1)	138	4290
PA|PP755594.1|A/cattle/Texas/24-008749-003/2024(H5N1)	139	4290
PA|PP755594.1|A/cattle/Texas/24-008749-003/2024(H5N1)	140	4389
PA|PP755594.1|A/cattle/Texas/24-008749-003/2024(H5N1)	141	4411
PA|PP755594.1|A/cattle/Texas/24-008749-003/2024(H5N1)	142	4365
PA|PP755594.1|A/cattle/Texas/24-008749-003/2024(H5N1)	143	4312
PA|PP755594.1|A/cattle/Texas/24-008749-003/2024(H5N1)	144	4264
PA|PP755594.1|A/cattle/Texas/24-008749-003/2024(H5N1)	145	4261
PA|PP755594.1|A/cattle/Texas/24-008749-003/2024(H5N1)	146	4263
PA|PP755594.1|A/cattle/Texas/24-008749-003/2024(H5N1)	147	4271
PA|PP755594.1|A/cattle/Texas/24-008749-003/2024(H5N1)	148	4276
PA|PP755594.1|A/cattle/Texas/24-008749-003/2024(H5N1)	149	4294
PA|PP755594.1|A/cattle/Texas/24-008749-003/2024(H5N1)	150	4261
PA|PP755594.1|A/cattle/Texas/24-008749-003/2024(H5N1)	151	4262
PA|PP755594.1|A/cattle/Texas/24-008749-003/2024(H5N1)	152	4131
PA|PP755594.1|A/cattle/Texas/24-008749-003/2024(H5N1)	153	4136
PA|PP755594.1|A/cattle/Texas/24-008749-003/2024(H5N1)	154	4136
PA|PP755594.1|A/cattle/Texas/24-008749-003/2024(H5N1)	155	4134
PA|PP755594.1|A/cattle/Texas/24-008749-003/2024(H5N1)	156	4147
PA|PP755594.1|A/cattle/Texas/24-008749-003/2024(H5N1)	157	4101
PA|PP755594.1|A/cattle/Texas/24-008749-003/2024(H5N1)	158	4100
PA|PP755594.1|A/cattle/Texas/24-008749-003/2024(H5N1)	159	3804
PA|PP755594.1|A/cattle/Texas/24-008749-003/2024(H5N1)	160	3807
PA|PP755594.1|A/cattle/Texas/24-008749-003/2024(H5N1)	161	3827
PA|PP755594.1|A/cattle/Texas/24-008749-003/2024(H5N1)	162	3779
PA|PP755594.1|A/cattle/Texas/24-008749-003/2024(H5N1)	163	3767
PA|PP755594.1|A/cattle/Texas/24-008749-003/2024(H5N1)	164	3749
PA|PP755594.1|A/cattle/Texas/24-008749-003/2024(H5N1)	165	3413
PA|PP755594.1|A/cattle/Texas/24-008749-003/2024(H5N1)	166	3428
PA|PP755594.1|A/cattle/Texas/24-008749-003/2024(H5N1)	167	3402
PA|PP755594.1|A/cattle/Texas/24-008749-003/2024(H5N1)	168	3403
PA|PP755594.1|A/cattle/Texas/24-008749-003/2024(H5N1)	169	3359
PA|PP755594.1|A/cattle/Texas/24-008749-003/2024(H5N1)	170	3353
PA|PP755594.1|A/cattle/Texas/24-008749-003/2024(H5N1)	171	3260
PA|PP755594.1|A/cattle/Texas/24-008749-003/2024(H5N1)	172	3249
PA|PP755594.1|A/cattle/Texas/24-008749-003/2024(H5N1)	173	3250
PA|PP755594.1|A/cattle/Texas/24-008749-003/2024(H5N1)	174	3113
PA|PP755594.1|A/cattle/Texas/24-008749-003/2024(H5N1)	175	3107
PA|PP755594.1|A/cattle/Texas/24-008749-003/2024(H5N1)	176	3119
PA|PP755594.1|A/cattle/Texas/24-008749-003/2024(H5N1)	177	3116
PA|PP755594.1|A/cattle/Texas/24-008749-003/2024(H5N1)	178	3113
PA|PP755594.1|A/cattle/Texas/24-008749-003/2024(H5N1)	179	3025
PA|PP755594.1|A/cattle/Texas/24-008749-003/2024(H5N1)	180	2978
PA|PP755594.1|A/cattle/Texas/24-008749-003/2024(H5N1)	181	2972
PA|PP755594.1|A/cattle/Texas/24-008749-003/2024(H5N1)	182	2968
PA|PP755594.1|A/cattle/Texas/24-008749-003/2024(H5N1)	183	2233
PA|PP755594.1|A/cattle/Texas/24-008749-003/2024(H5N1)	184	2233
PA|PP755594.1|A/cattle/Texas/24-008749-003/2024(H5N1)	185	2219
PA|PP755594.1|A/cattle/Texas/24-008749-003/2024(H5N1)	186	2208
PA|PP755594.1|A/cattle/Texas/24-008749-003/2024(H5N1)	187	2197
PA|PP755594.1|A/cattle/Texas/24-008749-003/2024(H5N1)	188	2197
PA|PP755594.1|A/cattle/Texas/24-008749-003/2024(H5N1)	189	2184
PA|PP755594.1|A/cattle/Texas/24-008749-003/2024(H5N1)	190	2341
PA|PP755594.1|A/cattle/Texas/24-008749-003/2024(H5N1)	191	2410
PA|PP755594.1|A/cattle/Texas/24-008749-003/2024(H5N1)	192	2417
PA|PP755594.1|A/cattle/Texas/24-008749-003/2024(H5N1)	193	2419
PA|PP755594.1|A/cattle/Texas/24-008749-003/2024(H5N1)	194	2404
PA|PP755594.1|A/cattle/Texas/24-008749-003/2024(H5N1)	195	2412
PA|PP755594.1|A/cattle/Texas/24-008749-003/2024(H5N1)	196	2406
PA|PP755594.1|A/cattle/Texas/24-008749-003/2024(H5N1)	197	2451
PA|PP755594.1|A/cattle/Texas/24-008749-003/2024(H5N1)	198	2455
PA|PP755594.1|A/cattle/Texas/24-008749-003/2024(H5N1)	199	2408
PA|PP755594.1|A/cattle/Texas/24-008749-003/2024(H5N1)	200	2425
PA|PP755594.1|A/cattle/Texas/24-008749-003/2024(H5N1)	201	2434
PA|PP755594.1|A/cattle/Texas/24-008749-003/2024(H5N1)	202	2427
PA|PP755594.1|A/cattle/Texas/24-008749-003/2024(H5N1)	203	2429
PA|PP755594.1|A/cattle/Texas/24-008749-003/2024(H5N1)	204	2431
PA|PP755594.1|A/cattle/Texas/24-008749-003/2024(H5N1)	205	2444
PA|PP755594.1|A/cattle/Texas/24-008749-003/2024(H5N1)	206	2480
PA|PP755594.1|A/cattle/Texas/24-008749-003/2024(H5N1)	207	2479
PA|PP755594.1|A/cattle/Texas/24-008749-003/2024(H5N1)	208	2473
PA|PP755594.1|A/cattle/Texas/24-008749-003/2024(H5N1)	209	2378
PA|PP755594.1|A/cattle/Texas/24-008749-003/2024(H5N1)	210	2350
PA|PP755594.1|A/cattle/Texas/24-008749-003/2024(H5N1)	211	1944
PA|PP755594.1|A/cattle/Texas/24-008749-003/2024(H5N1)	212	1937
PA|PP755594.1|A/cattle/Texas/24-008749-003/2024(H5N1)	213	1935
PA|PP755594.1|A/cattle/Texas/24-008749-003/2024(H5N1)	214	1909
PA|PP755594.1|A/cattle/Texas/24-008749-003/2024(H5N1)	215	1913
PA|PP755594.1|A/cattle/Texas/24-008749-003/2024(H5N1)	216	1916
PA|PP755594.1|A/cattle/Texas/24-008749-003/2024(H5N1)	217	1909
PA|PP755594.1|A/cattle/Texas/24-008749-003/2024(H5N1)	218	1869
PA|PP755594.1|A/cattle/Texas/24-008749-003/2024(H5N1)	219	1859
PA|PP755594.1|A/cattle/Texas/24-008749-003/2024(H5N1)	220	1882
PA|PP755594.1|A/cattle/Texas/24-008749-003/2024(H5N1)	221	1885
PA|PP755594.1|A/cattle/Texas/24-008749-003/2024(H5N1)	222	1873
PA|PP755594.1|A/cattle/Texas/24-008749-003/2024(H5N1)	223	2103
PA|PP755594.1|A/cattle/Texas/24-008749-003/2024(H5N1)	224	2110
PA|PP755594.1|A/cattle/Texas/24-008749-003/2024(H5N1)	225	2133
PA|PP755594.1|A/cattle/Texas/24-008749-003/2024(H5N1)	226	2175
PA|PP755594.1|A/cattle/Texas/24-008749-003/2024(H5N1)	227	2175
PA|PP755594.1|A/cattle/Texas/24-008749-003/2024(H5N1)	228	2185
PA|PP755594.1|A/cattle/Texas/24-008749-003/2024(H5N1)	229	2189
PA|PP755594.1|A/cattle/Texas/24-008749-003/2024(H5N1)	230	2197
PA|PP755594.1|A/cattle/Texas/24-008749-003/2024(H5N1)	231	2200
PA|PP755594.1|A/cattle/Texas/24-008749-003/2024(H5N1)	232	2203
PA|PP755594.1|A/cattle/Texas/24-008749-003/2024(H5N1)	233	2193
PA|PP755594.1|A/cattle/Texas/24-008749-003/2024(H5N1)	234	2177
PA|PP755594.1|A/cattle/Texas/24-008749-003/2024(H5N1)	235	2186
PA|PP755594.1|A/cattle/Texas/24-008749-003/2024(H5N1)	236	2199
PA|PP755594.1|A/cattle/Texas/24-008749-003/2024(H5N1)	237	2107
PA|PP755594.1|A/cattle/Texas/24-008749-003/2024(H5N1)	238	2122
PA|PP755594.1|A/cattle/Texas/24-008749-003/2024(H5N1)	239	2123
PA|PP755594.1|A/cattle/Texas/24-008749-003/2024(H5N1)	240	2122
PA|PP755594.1|A/cattle/Texas/24-008749-003/2024(H5N1)	241	2140
PA|PP755594.1|A/cattle/Texas/24-008749-003/2024(H5N1)	242	2144
PA|PP755594.1|A/cattle/Texas/24-008749-003/2024(H5N1)	243	2112
PA|PP755594.1|A/cattle/Texas/24-008749-003/2024(H5N1)	244	2102
PA|PP755594.1|A/cattle/Texas/24-008749-003/2024(H5N1)	245	2094
PA|PP755594.1|A/cattle/Texas/24-008749-003/2024(H5N1)	246	2121
PA|PP755594.1|A/cattle/Texas/24-008749-003/2024(H5N1)	247	2121
PA|PP755594.1|A/cattle/Texas/24-008749-003/2024(H5N1)	248	2108
PA|PP755594.1|A/cattle/Texas/24-008749-003/2024(H5N1)	249	2104
PA|PP755594.1|A/cattle/Texas/24-008749-003/2024(H5N1)	250	1968
PA|PP755594.1|A/cattle/Texas/24-008749-003/2024(H5N1)	251	1991
PA|PP755594.1|A/cattle/Texas/24-008749-003/2024(H5N1)	252	2049
PA|PP755594.1|A/cattle/Texas/24-008749-003/2024(H5N1)	253	2072
PA|PP755594.1|A/cattle/Texas/24-008749-003/2024(H5N1)	254	2164
PA|PP755594.1|A/cattle/Texas/24-008749-003/2024(H5N1)	255	2170
PA|PP755594.1|A/cattle/Texas/24-008749-003/2024(H5N1)	256	2173
PA|PP755594.1|A/cattle/Texas/24-008749-003/2024(H5N1)	257	2174
PA|PP755594.1|A/cattle/Texas/24-008749-003/2024(H5N1)	258	2260
PA|PP755594.1|A/cattle/Texas/24-008749-003/2024(H5N1)	259	2263
PA|PP755594.1|A/cattle/Texas/24-008749-003/2024(H5N1)	260	2187
PA|PP755594.1|A/cattle/Texas/24-008749-003/2024(H5N1)	261	2164
PA|PP755594.1|A/cattle/Texas/24-008749-003/2024(H5N1)	262	2156
PA|PP755594.1|A/cattle/Texas/24-008749-003/2024(H5N1)	263	2187
PA|PP755594.1|A/cattle/Texas/24-008749-003/2024(H5N1)	264	2158
PA|PP755594.1|A/cattle/Texas/24-008749-003/2024(H5N1)	265	2085
PA|PP755594.1|A/cattle/Texas/24-008749-003/2024(H5N1)	266	2075
PA|PP755594.1|A/cattle/Texas/24-008749-003/2024(H5N1)	267	1905
PA|PP755594.1|A/cattle/Texas/24-008749-003/2024(H5N1)	268	1915
PA|PP755594.1|A/cattle/Texas/24-008749-003/2024(H5N1)	269	1903
PA|PP755594.1|A/cattle/Texas/24-008749-003/2024(H5N1)	270	1897
PA|PP755594.1|A/cattle/Texas/24-008749-003/2024(H5N1)	271	1895
PA|PP755594.1|A/cattle/Texas/24-008749-003/2024(H5N1)	272	1813
PA|PP755594.1|A/cattle/Texas/24-008749-003/2024(H5N1)	273	1793
PA|PP755594.1|A/cattle/Texas/24-008749-003/2024(H5N1)	274	1815
PA|PP755594.1|A/cattle/Texas/24-008749-003/2024(H5N1)	275	1813
PA|PP755594.1|A/cattle/Texas/24-008749-003/2024(H5N1)	276	1812
PA|PP755594.1|A/cattle/Texas/24-008749-003/2024(H5N1)	277	1679
PA|PP755594.1|A/cattle/Texas/24-008749-003/2024(H5N1)	278	1677
PA|PP755594.1|A/cattle/Texas/24-008749-003/2024(H5N1)	279	1606
PA|PP755594.1|A/cattle/Texas/24-008749-003/2024(H5N1)	280	1607
PA|PP755594.1|A/cattle/Texas/24-008749-003/2024(H5N1)	281	1601
PA|PP755594.1|A/cattle/Texas/24-008749-003/2024(H5N1)	282	1574
PA|PP755594.1|A/cattle/Texas/24-008749-003/2024(H5N1)	283	1578
PA|PP755594.1|A/cattle/Texas/24-008749-003/2024(H5N1)	284	1580
PA|PP755594.1|A/cattle/Texas/24-008749-003/2024(H5N1)	285	1580
PA|PP755594.1|A/cattle/Texas/24-008749-003/2024(H5N1)	286	1583
PA|PP755594.1|A/cattle/Texas/24-008749-003/2024(H5N1)	287	1583
PA|PP755594.1|A/cattle/Texas/24-008749-003/2024(H5N1)	288	1577
PA|PP755594.1|A/cattle/Texas/24-008749-003/2024(H5N1)	289	1571
PA|PP755594.1|A/cattle/Texas/24-008749-003/2024(H5N1)	290	1567
PA|PP755594.1|A/cattle/Texas/24-008749-003/2024(H5N1)	291	1469
PA|PP755594.1|A/cattle/Texas/24-008749-003/2024(H5N1)	292	1467
PA|PP755594.1|A/cattle/Texas/24-008749-003/2024(H5N1)	293	1454
PA|PP755594.1|A/cattle/Texas/24-008749-003/2024(H5N1)	294	1411
PA|PP755594.1|A/cattle/Texas/24-008749-003/2024(H5N1)	295	1411
PA|PP755594.1|A/cattle/Texas/24-008749-003/2024(H5N1)	296	1409
PA|PP755594.1|A/cattle/Texas/24-008749-003/2024(H5N1)	297	1381
PA|PP755594.1|A/cattle/Texas/24-008749-003/2024(H5N1)	298	1391
PA|PP755594.1|A/cattle/Texas/24-008749-003/2024(H5N1)	299	1391
PA|PP755594.1|A/cattle/Texas/24-008749-003/2024(H5N1)	300	1390
PA|PP755594.1|A/cattle/Texas/24-008749-003/2024(H5N1)	301	1390
PA|PP755594.1|A/cattle/Texas/24-008749-003/2024(H5N1)	302	1386
PA|PP755594.1|A/cattle/Texas/24-008749-003/2024(H5N1)	303	1384
PA|PP755594.1|A/cattle/Texas/24-008749-003/2024(H5N1)	304	1396
PA|PP755594.1|A/cattle/Texas/24-008749-003/2024(H5N1)	305	1395
PA|PP755594.1|A/cattle/Texas/24-008749-003/2024(H5N1)	306	1397
PA|PP755594.1|A/cattle/Texas/24-008749-003/2024(H5N1)	307	1388
PA|PP755594.1|A/cattle/Texas/24-008749-003/2024(H5N1)	308	1375
PA|PP755594.1|A/cattle/Texas/24-008749-003/2024(H5N1)	309	1365
PA|PP755594.1|A/cattle/Texas/24-008749-003/2024(H5N1)	310	1363
PA|PP755594.1|A/cattle/Texas/24-008749-003/2024(H5N1)	311	1360
PA|PP755594.1|A/cattle/Texas/24-008749-003/2024(H5N1)	312	1335
PA|PP755594.1|A/cattle/Texas/24-008749-003/2024(H5N1)	313	1339
PA|PP755594.1|A/cattle/Texas/24-008749-003/2024(H5N1)	314	1325
PA|PP755594.1|A/cattle/Texas/24-008749-003/2024(H5N1)	315	1311
PA|PP755594.1|A/cattle/Texas/24-008749-003/2024(H5N1)	316	1288
PA|PP755594.1|A/cattle/Texas/24-008749-003/2024(H5N1)	317	1286
PA|PP755594.1|A/cattle/Texas/24-008749-003/2024(H5N1)	318	1237
PA|PP755594.1|A/cattle/Texas/24-008749-003/2024(H5N1)	319	1238
PA|PP755594.1|A/cattle/Texas/24-008749-003/2024(H5N1)	320	1224
PA|PP755594.1|A/cattle/Texas/24-008749-003/2024(H5N1)	321	1214
PA|PP755594.1|A/cattle/Texas/24-008749-003/2024(H5N1)	322	1215
PA|PP755594.1|A/cattle/Texas/24-008749-003/2024(H5N1)	323	1215
PA|PP755594.1|A/cattle/Texas/24-008749-003/2024(H5N1)	324	1206
PA|PP755594.1|A/cattle/Texas/24-008749-003/2024(H5N1)	325	1205
PA|PP755594.1|A/cattle/Texas/24-008749-003/2024(H5N1)	326	1196
PA|PP755594.1|A/cattle/Texas/24-008749-003/2024(H5N1)	327	1194
PA|PP755594.1|A/cattle/Texas/24-008749-003/2024(H5N1)	328	1160
PA|PP755594.1|A/cattle/Texas/24-008749-003/2024(H5N1)	329	1153
PA|PP755594.1|A/cattle/Texas/24-008749-003/2024(H5N1)	330	1149
PA|PP755594.1|A/cattle/Texas/24-008749-003/2024(H5N1)	331	1138
PA|PP755594.1|A/cattle/Texas/24-008749-003/2024(H5N1)	332	1082
PA|PP755594.1|A/cattle/Texas/24-008749-003/2024(H5N1)	333	920
PA|PP755594.1|A/cattle/Texas/24-008749-003/2024(H5N1)	334	918
PA|PP755594.1|A/cattle/Texas/24-008749-003/2024(H5N1)	335	913
PA|PP755594.1|A/cattle/Texas/24-008749-003/2024(H5N1)	336	908
PA|PP755594.1|A/cattle/Texas/24-008749-003/2024(H5N1)	337	908
PA|PP755594.1|A/cattle/Texas/24-008749-003/2024(H5N1)	338	908
PA|PP755594.1|A/cattle/Texas/24-008749-003/2024(H5N1)	339	908
PA|PP755594.1|A/cattle/Texas/24-008749-003/2024(H5N1)	340	908
PA|PP755594.1|A/cattle/Texas/24-008749-003/2024(H5N1)	341	908
PA|PP755594.1|A/cattle/Texas/24-008749-003/2024(H5N1)	342	908
PA|PP755594.1|A/cattle/Texas/24-008749-003/2024(H5N1)	343	908
PA|PP755594.1|A/cattle/Texas/24-008749-003/2024(H5N1)	344	908
PA|PP755594.1|A/cattle/Texas/24-008749-003/2024(H5N1)	345	906
PA|PP755594.1|A/cattle/Texas/24-008749-003/2024(H5N1)	346	897
PA|PP755594.1|A/cattle/Texas/24-008749-003/2024(H5N1)	347	897
PA|PP755594.1|A/cattle/Texas/24-008749-003/2024(H5N1)	348	897
PA|PP755594.1|A/cattle/Texas/24-008749-003/2024(H5N1)	349	896
PA|PP755594.1|A/cattle/Texas/24-008749-003/2024(H5N1)	350	896
PA|PP755594.1|A/cattle/Texas/24-008749-003/2024(H5N1)	351	879
PA|PP755594.1|A/cattle/Texas/24-008749-003/2024(H5N1)	352	879
PA|PP755594.1|A/cattle/Texas/24-008749-003/2024(H5N1)	353	878
PA|PP755594.1|A/cattle/Texas/24-008749-003/2024(H5N1)	354	872
PA|PP755594.1|A/cattle/Texas/24-008749-003/2024(H5N1)	355	861
PA|PP755594.1|A/cattle/Texas/24-008749-003/2024(H5N1)	356	817
PA|PP755594.1|A/cattle/Texas/24-008749-003/2024(H5N1)	357	761
PA|PP755594.1|A/cattle/Texas/24-008749-003/2024(H5N1)	358	759
PA|PP755594.1|A/cattle/Texas/24-008749-003/2024(H5N1)	359	756
PA|PP755594.1|A/cattle/Texas/24-008749-003/2024(H5N1)	360	751
PA|PP755594.1|A/cattle/Texas/24-008749-003/2024(H5N1)	361	748
PA|PP755594.1|A/cattle/Texas/24-008749-003/2024(H5N1)	362	680
PA|PP755594.1|A/cattle/Texas/24-008749-003/2024(H5N1)	363	679
PA|PP755594.1|A/cattle/Texas/24-008749-003/2024(H5N1)	364	660
PA|PP755594.1|A/cattle/Texas/24-008749-003/2024(H5N1)	365	624
PA|PP755594.1|A/cattle/Texas/24-008749-003/2024(H5N1)	366	11
PA|PP755594.1|A/cattle/Texas/24-008749-003/2024(H5N1)	367	8
PA|PP755594.1|A/cattle/Texas/24-008749-003/2024(H5N1)	368	8
PA|PP755594.1|A/cattle/Texas/24-008749-003/2024(H5N1)	369	8
PA|PP755594.1|A/cattle/Texas/24-008749-003/2024(H5N1)	370	8
PA|PP755594.1|A/cattle/Texas/24-008749-003/2024(H5N1)	371	8
PA|PP755594.1|A/cattle/Texas/24-008749-003/2024(H5N1)	372	7
PA|PP755594.1|A/cattle/Texas/24-008749-003/2024(H5N1)	373	6
PA|PP755594.1|A/cattle/Texas/24-008749-003/2024(H5N1)	374	6
PA|PP755594.1|A/cattle/Texas/24-008749-003/2024(H5N1)	375	6
PA|PP755594.1|A/cattle/Texas/24-008749-003/2024(H5N1)	376	6
PA|PP755594.1|A/cattle/Texas/24-008749-003/2024(H5N1)	377	6
PA|PP755594.1|A/cattle/Texas/24-008749-003/2024(H5N1)	378	6
PA|PP755594.1|A/cattle/Texas/24-008749-003/2024(H5N1)	379	6
PA|PP755594.1|A/cattle/Texas/24-008749-003/2024(H5N1)	380	6
PA|PP755594.1|A/cattle/Texas/24-008749-003/2024(H5N1)	381	6
PA|PP755594.1|A/cattle/Texas/24-008749-003/2024(H5N1)	382	6
PA|PP755594.1|A/cattle/Texas/24-008749-003/2024(H5N1)	383	6
PA|PP755594.1|A/cattle/Texas/24-008749-003/2024(H5N1)	384	6
PA|PP755594.1|A/cattle/Texas/24-008749-003/2024(H5N1)	385	6
PA|PP755594.1|A/cattle/Texas/24-008749-003/2024(H5N1)	386	6
PA|PP755594.1|A/cattle/Texas/24-008749-003/2024(H5N1)	387	6
PA|PP755594.1|A/cattle/Texas/24-008749-003/2024(H5N1)	388	6
PA|PP755594.1|A/cattle/Texas/24-008749-003/2024(H5N1)	389	6
PA|PP755594.1|A/cattle/Texas/24-008749-003/2024(H5N1)	390	6
PA|PP755594.1|A/cattle/Texas/24-008749-003/2024(H5N1)	391	6
PA|PP755594.1|A/cattle/Texas/24-008749-003/2024(H5N1)	392	6
PA|PP755594.1|A/cattle/Texas/24-008749-003/2024(H5N1)	393	6
PA|PP755594.1|A/cattle/Texas/24-008749-003/2024(H5N1)	394	6
PA|PP755594.1|A/cattle/Texas/24-008749-003/2024(H5N1)	395	6
PA|PP755594.1|A/cattle/Texas/24-008749-003/2024(H5N1)	396	6
PA|PP755594.1|A/cattle/Texas/24-008749-003/2024(H5N1)	397	10
PA|PP755594.1|A/cattle/Texas/24-008749-003/2024(H5N1)	398	10
PA|PP755594.1|A/cattle/Texas/24-008749-003/2024(H5N1)	399	11
PA|PP755594.1|A/cattle/Texas/24-008749-003/2024(H5N1)	400	1349
PA|PP755594.1|A/cattle/Texas/24-008749-003/2024(H5N1)	401	1357
PA|PP755594.1|A/cattle/Texas/24-008749-003/2024(H5N1)	402	1359
PA|PP755594.1|A/cattle/Texas/24-008749-003/2024(H5N1)	403	1364
PA|PP755594.1|A/cattle/Texas/24-008749-003/2024(H5N1)	404	1392
PA|PP755594.1|A/cattle/Texas/24-008749-003/2024(H5N1)	405	1397
PA|PP755594.1|A/cattle/Texas/24-008749-003/2024(H5N1)	406	1397
PA|PP755594.1|A/cattle/Texas/24-008749-003/2024(H5N1)	407	1405
PA|PP755594.1|A/cattle/Texas/24-008749-003/2024(H5N1)	408	1406
PA|PP755594.1|A/cattle/Texas/24-008749-003/2024(H5N1)	409	1420
PA|PP755594.1|A/cattle/Texas/24-008749-003/2024(H5N1)	410	1423
PA|PP755594.1|A/cattle/Texas/24-008749-003/2024(H5N1)	411	1427
PA|PP755594.1|A/cattle/Texas/24-008749-003/2024(H5N1)	412	1433
PA|PP755594.1|A/cattle/Texas/24-008749-003/2024(H5N1)	413	1435
PA|PP755594.1|A/cattle/Texas/24-008749-003/2024(H5N1)	414	1500
PA|PP755594.1|A/cattle/Texas/24-008749-003/2024(H5N1)	415	1541
PA|PP755594.1|A/cattle/Texas/24-008749-003/2024(H5N1)	416	1541
PA|PP755594.1|A/cattle/Texas/24-008749-003/2024(H5N1)	417	1551
PA|PP755594.1|A/cattle/Texas/24-008749-003/2024(H5N1)	418	1555
PA|PP755594.1|A/cattle/Texas/24-008749-003/2024(H5N1)	419	1490
PA|PP755594.1|A/cattle/Texas/24-008749-003/2024(H5N1)	420	1451
PA|PP755594.1|A/cattle/Texas/24-008749-003/2024(H5N1)	421	1451
PA|PP755594.1|A/cattle/Texas/24-008749-003/2024(H5N1)	422	1452
PA|PP755594.1|A/cattle/Texas/24-008749-003/2024(H5N1)	423	1453
PA|PP755594.1|A/cattle/Texas/24-008749-003/2024(H5N1)	424	1459
PA|PP755594.1|A/cattle/Texas/24-008749-003/2024(H5N1)	425	1461
PA|PP755594.1|A/cattle/Texas/24-008749-003/2024(H5N1)	426	1446
PA|PP755594.1|A/cattle/Texas/24-008749-003/2024(H5N1)	427	1494
PA|PP755594.1|A/cattle/Texas/24-008749-003/2024(H5N1)	428	1512
PA|PP755594.1|A/cattle/Texas/24-008749-003/2024(H5N1)	429	1512
PA|PP755594.1|A/cattle/Texas/24-008749-003/2024(H5N1)	430	1521
PA|PP755594.1|A/cattle/Texas/24-008749-003/2024(H5N1)	431	1517
PA|PP755594.1|A/cattle/Texas/24-008749-003/2024(H5N1)	432	1425
PA|PP755594.1|A/cattle/Texas/24-008749-003/2024(H5N1)	433	1427
PA|PP755594.1|A/cattle/Texas/24-008749-003/2024(H5N1)	434	1433
PA|PP755594.1|A/cattle/Texas/24-008749-003/2024(H5N1)	435	1428
PA|PP755594.1|A/cattle/Texas/24-008749-003/2024(H5N1)	436	1531
PA|PP755594.1|A/cattle/Texas/24-008749-003/2024(H5N1)	437	1573
PA|PP755594.1|A/cattle/Texas/24-008749-003/2024(H5N1)	438	1563
PA|PP755594.1|A/cattle/Texas/24-008749-003/2024(H5N1)	439	1546
PA|PP755594.1|A/cattle/Texas/24-008749-003/2024(H5N1)	440	1546
PA|PP755594.1|A/cattle/Texas/24-008749-003/2024(H5N1)	441	1480
PA|PP755594.1|A/cattle/Texas/24-008749-003/2024(H5N1)	442	1495
PA|PP755594.1|A/cattle/Texas/24-008749-003/2024(H5N1)	443	1493
PA|PP755594.1|A/cattle/Texas/24-008749-003/2024(H5N1)	444	1492
PA|PP755594.1|A/cattle/Texas/24-008749-003/2024(H5N1)	445	1497
PA|PP755594.1|A/cattle/Texas/24-008749-003/2024(H5N1)	446	1499
PA|PP755594.1|A/cattle/Texas/24-008749-003/2024(H5N1)	447	1508
PA|PP755594.1|A/cattle/Texas/24-008749-003/2024(H5N1)	448	1508
PA|PP755594.1|A/cattle/Texas/24-008749-003/2024(H5N1)	449	1504
PA|PP755594.1|A/cattle/Texas/24-008749-003/2024(H5N1)	450	1486
PA|PP755594.1|A/cattle/Texas/24-008749-003/2024(H5N1)	451	1485
PA|PP755594.1|A/cattle/Texas/24-008749-003/2024(H5N1)	452	1493
PA|PP755594.1|A/cattle/Texas/24-008749-003/2024(H5N1)	453	1488
PA|PP755594.1|A/cattle/Texas/24-008749-003/2024(H5N1)	454	1496
PA|PP755594.1|A/cattle/Texas/24-008749-003/2024(H5N1)	455	1500
PA|PP755594.1|A/cattle/Texas/24-008749-003/2024(H5N1)	456	1486
PA|PP755594.1|A/cattle/Texas/24-008749-003/2024(H5N1)	457	1472
PA|PP755594.1|A/cattle/Texas/24-008749-003/2024(H5N1)	458	1460
PA|PP755594.1|A/cattle/Texas/24-008749-003/2024(H5N1)	459	1454
PA|PP755594.1|A/cattle/Texas/24-008749-003/2024(H5N1)	460	1507
PA|PP755594.1|A/cattle/Texas/24-008749-003/2024(H5N1)	461	1520
PA|PP755594.1|A/cattle/Texas/24-008749-003/2024(H5N1)	462	1520
PA|PP755594.1|A/cattle/Texas/24-008749-003/2024(H5N1)	463	1503
PA|PP755594.1|A/cattle/Texas/24-008749-003/2024(H5N1)	464	1501
PA|PP755594.1|A/cattle/Texas/24-008749-003/2024(H5N1)	465	1502
PA|PP755594.1|A/cattle/Texas/24-008749-003/2024(H5N1)	466	1495
PA|PP755594.1|A/cattle/Texas/24-008749-003/2024(H5N1)	467	1489
PA|PP755594.1|A/cattle/Texas/24-008749-003/2024(H5N1)	468	1488
PA|PP755594.1|A/cattle/Texas/24-008749-003/2024(H5N1)	469	1476
PA|PP755594.1|A/cattle/Texas/24-008749-003/2024(H5N1)	470	1476
PA|PP755594.1|A/cattle/Texas/24-008749-003/2024(H5N1)	471	1415
PA|PP755594.1|A/cattle/Texas/24-008749-003/2024(H5N1)	472	1424
PA|PP755594.1|A/cattle/Texas/24-008749-003/2024(H5N1)	473	1419
PA|PP755594.1|A/cattle/Texas/24-008749-003/2024(H5N1)	474	1415
PA|PP755594.1|A/cattle/Texas/24-008749-003/2024(H5N1)	475	1415
PA|PP755594.1|A/cattle/Texas/24-008749-003/2024(H5N1)	476	1417
PA|PP755594.1|A/cattle/Texas/24-008749-003/2024(H5N1)	477	1397
PA|PP755594.1|A/cattle/Texas/24-008749-003/2024(H5N1)	478	1559
PA|PP755594.1|A/cattle/Texas/24-008749-003/2024(H5N1)	479	1611
PA|PP755594.1|A/cattle/Texas/24-008749-003/2024(H5N1)	480	1627
PA|PP755594.1|A/cattle/Texas/24-008749-003/2024(H5N1)	481	1643
PA|PP755594.1|A/cattle/Texas/24-008749-003/2024(H5N1)	482	1645
PA|PP755594.1|A/cattle/Texas/24-008749-003/2024(H5N1)	483	1617
PA|PP755594.1|A/cattle/Texas/24-008749-003/2024(H5N1)	484	1615
PA|PP755594.1|A/cattle/Texas/24-008749-003/2024(H5N1)	485	1632
PA|PP755594.1|A/cattle/Texas/24-008749-003/2024(H5N1)	486	1648
PA|PP755594.1|A/cattle/Texas/24-008749-003/2024(H5N1)	487	1550
PA|PP755594.1|A/cattle/Texas/24-008749-003/2024(H5N1)	488	1541
PA|PP755594.1|A/cattle/Texas/24-008749-003/2024(H5N1)	489	1525
PA|PP755594.1|A/cattle/Texas/24-008749-003/2024(H5N1)	490	1523
PA|PP755594.1|A/cattle/Texas/24-008749-003/2024(H5N1)	491	1534
PA|PP755594.1|A/cattle/Texas/24-008749-003/2024(H5N1)	492	1520
PA|PP755594.1|A/cattle/Texas/24-008749-003/2024(H5N1)	493	1531
PA|PP755594.1|A/cattle/Texas/24-008749-003/2024(H5N1)	494	1519
PA|PP755594.1|A/cattle/Texas/24-008749-003/2024(H5N1)	495	1521
PA|PP755594.1|A/cattle/Texas/24-008749-003/2024(H5N1)	496	1521
PA|PP755594.1|A/cattle/Texas/24-008749-003/2024(H5N1)	497	1540
PA|PP755594.1|A/cattle/Texas/24-008749-003/2024(H5N1)	498	1528
PA|PP755594.1|A/cattle/Texas/24-008749-003/2024(H5N1)	499	1530
PA|PP755594.1|A/cattle/Texas/24-008749-003/2024(H5N1)	500	1540
PA|PP755594.1|A/cattle/Texas/24-008749-003/2024(H5N1)	501	1539
PA|PP755594.1|A/cattle/Texas/24-008749-003/2024(H5N1)	502	1518
PA|PP755594.1|A/cattle/Texas/24-008749-003/2024(H5N1)	503	1535
PA|PP755594.1|A/cattle/Texas/24-008749-003/2024(H5N1)	504	1535
PA|PP755594.1|A/cattle/Texas/24-008749-003/2024(H5N1)	505	1535
PA|PP755594.1|A/cattle/Texas/24-008749-003/2024(H5N1)	506	1530
PA|PP755594.1|A/cattle/Texas/24-008749-003/2024(H5N1)	507	1525
PA|PP755594.1|A/cattle/Texas/24-008749-003/2024(H5N1)	508	1513
PA|PP755594.1|A/cattle/Texas/24-008749-003/2024(H5N1)	509	1509
PA|PP755594.1|A/cattle/Texas/24-008749-003/2024(H5N1)	510	1481
PA|PP755594.1|A/cattle/Texas/24-008749-003/2024(H5N1)	511	1504
PA|PP755594.1|A/cattle/Texas/24-008749-003/2024(H5N1)	512	1480
PA|PP755594.1|A/cattle/Texas/24-008749-003/2024(H5N1)	513	1458
PA|PP755594.1|A/cattle/Texas/24-008749-003/2024(H5N1)	514	1577
PA|PP755594.1|A/cattle/Texas/24-008749-003/2024(H5N1)	515	1597
PA|PP755594.1|A/cattle/Texas/24-008749-003/2024(H5N1)	516	1605
PA|PP755594.1|A/cattle/Texas/24-008749-003/2024(H5N1)	517	1593
PA|PP755594.1|A/cattle/Texas/24-008749-003/2024(H5N1)	518	1567
PA|PP755594.1|A/cattle/Texas/24-008749-003/2024(H5N1)	519	1521
PA|PP755594.1|A/cattle/Texas/24-008749-003/2024(H5N1)	520	1520
PA|PP755594.1|A/cattle/Texas/24-008749-003/2024(H5N1)	521	1519
PA|PP755594.1|A/cattle/Texas/24-008749-003/2024(H5N1)	522	1487
PA|PP755594.1|A/cattle/Texas/24-008749-003/2024(H5N1)	523	1491
PA|PP755594.1|A/cattle/Texas/24-008749-003/2024(H5N1)	524	1478
PA|PP755594.1|A/cattle/Texas/24-008749-003/2024(H5N1)	525	1505
PA|PP755594.1|A/cattle/Texas/24-008749-003/2024(H5N1)	526	1545
PA|PP755594.1|A/cattle/Texas/24-008749-003/2024(H5N1)	527	1550
PA|PP755594.1|A/cattle/Texas/24-008749-003/2024(H5N1)	528	1531
PA|PP755594.1|A/cattle/Texas/24-008749-003/2024(H5N1)	529	1526
PA|PP755594.1|A/cattle/Texas/24-008749-003/2024(H5N1)	530	1568
PA|PP755594.1|A/cattle/Texas/24-008749-003/2024(H5N1)	531	1549
PA|PP755594.1|A/cattle/Texas/24-008749-003/2024(H5N1)	532	1553
PA|PP755594.1|A/cattle/Texas/24-008749-003/2024(H5N1)	533	1551
PA|PP755594.1|A/cattle/Texas/24-008749-003/2024(H5N1)	534	1533
PA|PP755594.1|A/cattle/Texas/24-008749-003/2024(H5N1)	535	1531
PA|PP755594.1|A/cattle/Texas/24-008749-003/2024(H5N1)	536	1522
PA|PP755594.1|A/cattle/Texas/24-008749-003/2024(H5N1)	537	1521
PA|PP755594.1|A/cattle/Texas/24-008749-003/2024(H5N1)	538	1504
PA|PP755594.1|A/cattle/Texas/24-008749-003/2024(H5N1)	539	1457
PA|PP755594.1|A/cattle/Texas/24-008749-003/2024(H5N1)	540	1454
PA|PP755594.1|A/cattle/Texas/24-008749-003/2024(H5N1)	541	1463
PA|PP755594.1|A/cattle/Texas/24-008749-003/2024(H5N1)	542	1491
PA|PP755594.1|A/cattle/Texas/24-008749-003/2024(H5N1)	543	1472
PA|PP755594.1|A/cattle/Texas/24-008749-003/2024(H5N1)	544	1473
PA|PP755594.1|A/cattle/Texas/24-008749-003/2024(H5N1)	545	1463
PA|PP755594.1|A/cattle/Texas/24-008749-003/2024(H5N1)	546	1486
PA|PP755594.1|A/cattle/Texas/24-008749-003/2024(H5N1)	547	1485
PA|PP755594.1|A/cattle/Texas/24-008749-003/2024(H5N1)	548	1492
PA|PP755594.1|A/cattle/Texas/24-008749-003/2024(H5N1)	549	1501
PA|PP755594.1|A/cattle/Texas/24-008749-003/2024(H5N1)	550	1483
PA|PP755594.1|A/cattle/Texas/24-008749-003/2024(H5N1)	551	1484
PA|PP755594.1|A/cattle/Texas/24-008749-003/2024(H5N1)	552	1479
PA|PP755594.1|A/cattle/Texas/24-008749-003/2024(H5N1)	553	1479
PA|PP755594.1|A/cattle/Texas/24-008749-003/2024(H5N1)	554	1482
PA|PP755594.1|A/cattle/Texas/24-008749-003/2024(H5N1)	555	1513
PA|PP755594.1|A/cattle/Texas/24-008749-003/2024(H5N1)	556	1651
PA|PP755594.1|A/cattle/Texas/24-008749-003/2024(H5N1)	557	1690
PA|PP755594.1|A/cattle/Texas/24-008749-003/2024(H5N1)	558	1702
PA|PP755594.1|A/cattle/Texas/24-008749-003/2024(H5N1)	559	1707
PA|PP755594.1|A/cattle/Texas/24-008749-003/2024(H5N1)	560	1693
PA|PP755594.1|A/cattle/Texas/24-008749-003/2024(H5N1)	561	1711
PA|PP755594.1|A/cattle/Texas/24-008749-003/2024(H5N1)	562	1753
PA|PP755594.1|A/cattle/Texas/24-008749-003/2024(H5N1)	563	1750
PA|PP755594.1|A/cattle/Texas/24-008749-003/2024(H5N1)	564	1754
PA|PP755594.1|A/cattle/Texas/24-008749-003/2024(H5N1)	565	1680
PA|PP755594.1|A/cattle/Texas/24-008749-003/2024(H5N1)	566	1634
PA|PP755594.1|A/cattle/Texas/24-008749-003/2024(H5N1)	567	1636
PA|PP755594.1|A/cattle/Texas/24-008749-003/2024(H5N1)	568	1625
PA|PP755594.1|A/cattle/Texas/24-008749-003/2024(H5N1)	569	1683
PA|PP755594.1|A/cattle/Texas/24-008749-003/2024(H5N1)	570	1678
PA|PP755594.1|A/cattle/Texas/24-008749-003/2024(H5N1)	571	1673
PA|PP755594.1|A/cattle/Texas/24-008749-003/2024(H5N1)	572	1678
PA|PP755594.1|A/cattle/Texas/24-008749-003/2024(H5N1)	573	1672
PA|PP755594.1|A/cattle/Texas/24-008749-003/2024(H5N1)	574	1681
PA|PP755594.1|A/cattle/Texas/24-008749-003/2024(H5N1)	575	1687
PA|PP755594.1|A/cattle/Texas/24-008749-003/2024(H5N1)	576	1695
PA|PP755594.1|A/cattle/Texas/24-008749-003/2024(H5N1)	577	1677
PA|PP755594.1|A/cattle/Texas/24-008749-003/2024(H5N1)	578	1623
PA|PP755594.1|A/cattle/Texas/24-008749-003/2024(H5N1)	579	1663
PA|PP755594.1|A/cattle/Texas/24-008749-003/2024(H5N1)	580	1744
PA|PP755594.1|A/cattle/Texas/24-008749-003/2024(H5N1)	581	1739
PA|PP755594.1|A/cattle/Texas/24-008749-003/2024(H5N1)	582	1688
PA|PP755594.1|A/cattle/Texas/24-008749-003/2024(H5N1)	583	1684
PA|PP755594.1|A/cattle/Texas/24-008749-003/2024(H5N1)	584	1681
PA|PP755594.1|A/cattle/Texas/24-008749-003/2024(H5N1)	585	1675
PA|PP755594.1|A/cattle/Texas/24-008749-003/2024(H5N1)	586	1680
PA|PP755594.1|A/cattle/Texas/24-008749-003/2024(H5N1)	587	1704
PA|PP755594.1|A/cattle/Texas/24-008749-003/2024(H5N1)	588	1683
PA|PP755594.1|A/cattle/Texas/24-008749-003/2024(H5N1)	589	1689
PA|PP755594.1|A/cattle/Texas/24-008749-003/2024(H5N1)	590	1690
PA|PP755594.1|A/cattle/Texas/24-008749-003/2024(H5N1)	591	1684
PA|PP755594.1|A/cattle/Texas/24-008749-003/2024(H5N1)	592	1684
PA|PP755594.1|A/cattle/Texas/24-008749-003/2024(H5N1)	593	1685
PA|PP755594.1|A/cattle/Texas/24-008749-003/2024(H5N1)	594	1683
PA|PP755594.1|A/cattle/Texas/24-008749-003/2024(H5N1)	595	1683
PA|PP755594.1|A/cattle/Texas/24-008749-003/2024(H5N1)	596	1685
PA|PP755594.1|A/cattle/Texas/24-008749-003/2024(H5N1)	597	1682
PA|PP755594.1|A/cattle/Texas/24-008749-003/2024(H5N1)	598	1677
PA|PP755594.1|A/cattle/Texas/24-008749-003/2024(H5N1)	599	1677
PA|PP755594.1|A/cattle/Texas/24-008749-003/2024(H5N1)	600	1676
PA|PP755594.1|A/cattle/Texas/24-008749-003/2024(H5N1)	601	1682
PA|PP755594.1|A/cattle/Texas/24-008749-003/2024(H5N1)	602	1684
PA|PP755594.1|A/cattle/Texas/24-008749-003/2024(H5N1)	603	1673
PA|PP755594.1|A/cattle/Texas/24-008749-003/2024(H5N1)	604	1677
PA|PP755594.1|A/cattle/Texas/24-008749-003/2024(H5N1)	605	1704
PA|PP755594.1|A/cattle/Texas/24-008749-003/2024(H5N1)	606	1695
PA|PP755594.1|A/cattle/Texas/24-008749-003/2024(H5N1)	607	1695
PA|PP755594.1|A/cattle/Texas/24-008749-003/2024(H5N1)	608	1695
PA|PP755594.1|A/cattle/Texas/24-008749-003/2024(H5N1)	609	1696
PA|PP755594.1|A/cattle/Texas/24-008749-003/2024(H5N1)	610	1680
PA|PP755594.1|A/cattle/Texas/24-008749-003/2024(H5N1)	611	1661
PA|PP755594.1|A/cattle/Texas/24-008749-003/2024(H5N1)	612	1679
PA|PP755594.1|A/cattle/Texas/24-008749-003/2024(H5N1)	613	1681
PA|PP755594.1|A/cattle/Texas/24-008749-003/2024(H5N1)	614	1682
PA|PP755594.1|A/cattle/Texas/24-008749-003/2024(H5N1)	615	1684
PA|PP755594.1|A/cattle/Texas/24-008749-003/2024(H5N1)	616	1681
PA|PP755594.1|A/cattle/Texas/24-008749-003/2024(H5N1)	617	1682
PA|PP755594.1|A/cattle/Texas/24-008749-003/2024(H5N1)	618	1682
PA|PP755594.1|A/cattle/Texas/24-008749-003/2024(H5N1)	619	1660
PA|PP755594.1|A/cattle/Texas/24-008749-003/2024(H5N1)	620	1681
PA|PP755594.1|A/cattle/Texas/24-008749-003/2024(H5N1)	621	1708
PA|PP755594.1|A/cattle/Texas/24-008749-003/2024(H5N1)	622	1708
PA|PP755594.1|A/cattle/Texas/24-008749-003/2024(H5N1)	623	1698
PA|PP755594.1|A/cattle/Texas/24-008749-003/2024(H5N1)	624	1698
PA|PP755594.1|A/cattle/Texas/24-008749-003/2024(H5N1)	625	1706
PA|PP755594.1|A/cattle/Texas/24-008749-003/2024(H5N1)	626	1723
PA|PP755594.1|A/cattle/Texas/24-008749-003/2024(H5N1)	627	1722
PA|PP755594.1|A/cattle/Texas/24-008749-003/2024(H5N1)	628	1738
PA|PP755594.1|A/cattle/Texas/24-008749-003/2024(H5N1)	629	1660
PA|PP755594.1|A/cattle/Texas/24-008749-003/2024(H5N1)	630	1599
PA|PP755594.1|A/cattle/Texas/24-008749-003/2024(H5N1)	631	1604
PA|PP755594.1|A/cattle/Texas/24-008749-003/2024(H5N1)	632	1596
PA|PP755594.1|A/cattle/Texas/24-008749-003/2024(H5N1)	633	1609
PA|PP755594.1|A/cattle/Texas/24-008749-003/2024(H5N1)	634	1606
PA|PP755594.1|A/cattle/Texas/24-008749-003/2024(H5N1)	635	1596
PA|PP755594.1|A/cattle/Texas/24-008749-003/2024(H5N1)	636	1576
PA|PP755594.1|A/cattle/Texas/24-008749-003/2024(H5N1)	637	1549
PA|PP755594.1|A/cattle/Texas/24-008749-003/2024(H5N1)	638	1575
PA|PP755594.1|A/cattle/Texas/24-008749-003/2024(H5N1)	639	1585
PA|PP755594.1|A/cattle/Texas/24-008749-003/2024(H5N1)	640	1585
PA|PP755594.1|A/cattle/Texas/24-008749-003/2024(H5N1)	641	1577
PA|PP755594.1|A/cattle/Texas/24-008749-003/2024(H5N1)	642	1566
PA|PP755594.1|A/cattle/Texas/24-008749-003/2024(H5N1)	643	1567
PA|PP755594.1|A/cattle/Texas/24-008749-003/2024(H5N1)	644	1584
PA|PP755594.1|A/cattle/Texas/24-008749-003/2024(H5N1)	645	1579
PA|PP755594.1|A/cattle/Texas/24-008749-003/2024(H5N1)	646	1593
PA|PP755594.1|A/cattle/Texas/24-008749-003/2024(H5N1)	647	1587
PA|PP755594.1|A/cattle/Texas/24-008749-003/2024(H5N1)	648	1608
PA|PP755594.1|A/cattle/Texas/24-008749-003/2024(H5N1)	649	1632
PA|PP755594.1|A/cattle/Texas/24-008749-003/2024(H5N1)	650	1632
PA|PP755594.1|A/cattle/Texas/24-008749-003/2024(H5N1)	651	1630
PA|PP755594.1|A/cattle/Texas/24-008749-003/2024(H5N1)	652	1627
PA|PP755594.1|A/cattle/Texas/24-008749-003/2024(H5N1)	653	1626
PA|PP755594.1|A/cattle/Texas/24-008749-003/2024(H5N1)	654	1608
PA|PP755594.1|A/cattle/Texas/24-008749-003/2024(H5N1)	655	1551
PA|PP755594.1|A/cattle/Texas/24-008749-003/2024(H5N1)	656	1547
PA|PP755594.1|A/cattle/Texas/24-008749-003/2024(H5N1)	657	1551
PA|PP755594.1|A/cattle/Texas/24-008749-003/2024(H5N1)	658	1649
PA|PP755594.1|A/cattle/Texas/24-008749-003/2024(H5N1)	659	1655
PA|PP755594.1|A/cattle/Texas/24-008749-003/2024(H5N1)	660	1661
PA|PP755594.1|A/cattle/Texas/24-008749-003/2024(H5N1)	661	1594
PA|PP755594.1|A/cattle/Texas/24-008749-003/2024(H5N1)	662	1569
PA|PP755594.1|A/cattle/Texas/24-008749-003/2024(H5N1)	663	1571
PA|PP755594.1|A/cattle/Texas/24-008749-003/2024(H5N1)	664	1581
PA|PP755594.1|A/cattle/Texas/24-008749-003/2024(H5N1)	665	1581
PA|PP755594.1|A/cattle/Texas/24-008749-003/2024(H5N1)	666	1567
PA|PP755594.1|A/cattle/Texas/24-008749-003/2024(H5N1)	667	1560
PA|PP755594.1|A/cattle/Texas/24-008749-003/2024(H5N1)	668	1594
PA|PP755594.1|A/cattle/Texas/24-008749-003/2024(H5N1)	669	1592
PA|PP755594.1|A/cattle/Texas/24-008749-003/2024(H5N1)	670	1590
PA|PP755594.1|A/cattle/Texas/24-008749-003/2024(H5N1)	671	1587
PA|PP755594.1|A/cattle/Texas/24-008749-003/2024(H5N1)	672	1581
PA|PP755594.1|A/cattle/Texas/24-008749-003/2024(H5N1)	673	1574
PA|PP755594.1|A/cattle/Texas/24-008749-003/2024(H5N1)	674	1595
PA|PP755594.1|A/cattle/Texas/24-008749-003/2024(H5N1)	675	1585
PA|PP755594.1|A/cattle/Texas/24-008749-003/2024(H5N1)	676	1591
PA|PP755594.1|A/cattle/Texas/24-008749-003/2024(H5N1)	677	1577
PA|PP755594.1|A/cattle/Texas/24-008749-003/2024(H5N1)	678	1582
PA|PP755594.1|A/cattle/Texas/24-008749-003/2024(H5N1)	679	1578
PA|PP755594.1|A/cattle/Texas/24-008749-003/2024(H5N1)	680	1682
PA|PP755594.1|A/cattle/Texas/24-008749-003/2024(H5N1)	681	1629
PA|PP755594.1|A/cattle/Texas/24-008749-003/2024(H5N1)	682	1630
PA|PP755594.1|A/cattle/Texas/24-008749-003/2024(H5N1)	683	1628
PA|PP755594.1|A/cattle/Texas/24-008749-003/2024(H5N1)	684	1662
PA|PP755594.1|A/cattle/Texas/24-008749-003/2024(H5N1)	685	1737
PA|PP755594.1|A/cattle/Texas/24-008749-003/2024(H5N1)	686	1739
PA|PP755594.1|A/cattle/Texas/24-008749-003/2024(H5N1)	687	1732
PA|PP755594.1|A/cattle/Texas/24-008749-003/2024(H5N1)	688	1732
PA|PP755594.1|A/cattle/Texas/24-008749-003/2024(H5N1)	689	1734
PA|PP755594.1|A/cattle/Texas/24-008749-003/2024(H5N1)	690	1742
PA|PP755594.1|A/cattle/Texas/24-008749-003/2024(H5N1)	691	1774
PA|PP755594.1|A/cattle/Texas/24-008749-003/2024(H5N1)	692	1768
PA|PP755594.1|A/cattle/Texas/24-008749-003/2024(H5N1)	693	1737
PA|PP755594.1|A/cattle/Texas/24-008749-003/2024(H5N1)	694	1741
PA|PP755594.1|A/cattle/Texas/24-008749-003/2024(H5N1)	695	1771
PA|PP755594.1|A/cattle/Texas/24-008749-003/2024(H5N1)	696	1774
PA|PP755594.1|A/cattle/Texas/24-008749-003/2024(H5N1)	697	1758
PA|PP755594.1|A/cattle/Texas/24-008749-003/2024(H5N1)	698	1750
PA|PP755594.1|A/cattle/Texas/24-008749-003/2024(H5N1)	699	1762
PA|PP755594.1|A/cattle/Texas/24-008749-003/2024(H5N1)	700	1725
PA|PP755594.1|A/cattle/Texas/24-008749-003/2024(H5N1)	701	1723
PA|PP755594.1|A/cattle/Texas/24-008749-003/2024(H5N1)	702	1703
PA|PP755594.1|A/cattle/Texas/24-008749-003/2024(H5N1)	703	1691
PA|PP755594.1|A/cattle/Texas/24-008749-003/2024(H5N1)	704	1684
PA|PP755594.1|A/cattle/Texas/24-008749-003/2024(H5N1)	705	1681
PA|PP755594.1|A/cattle/Texas/24-008749-003/2024(H5N1)	706	1674
PA|PP755594.1|A/cattle/Texas/24-008749-003/2024(H5N1)	707	1603
PA|PP755594.1|A/cattle/Texas/24-008749-003/2024(H5N1)	708	1550
PA|PP755594.1|A/cattle/Texas/24-008749-003/2024(H5N1)	709	1548
PA|PP755594.1|A/cattle/Texas/24-008749-003/2024(H5N1)	710	1556
PA|PP755594.1|A/cattle/Texas/24-008749-003/2024(H5N1)	711	1553
PA|PP755594.1|A/cattle/Texas/24-008749-003/2024(H5N1)	712	1543
PA|PP755594.1|A/cattle/Texas/24-008749-003/2024(H5N1)	713	1493
PA|PP755594.1|A/cattle/Texas/24-008749-003/2024(H5N1)	714	1497
PA|PP755594.1|A/cattle/Texas/24-008749-003/2024(H5N1)	715	1489
PA|PP755594.1|A/cattle/Texas/24-008749-003/2024(H5N1)	716	1489
PA|PP755594.1|A/cattle/Texas/24-008749-003/2024(H5N1)	717	1496
PA|PP755594.1|A/cattle/Texas/24-008749-003/2024(H5N1)	718	1494
PA|PP755594.1|A/cattle/Texas/24-008749-003/2024(H5N1)	719	1538
PA|PP755594.1|A/cattle/Texas/24-008749-003/2024(H5N1)	720	1486
PA|PP755594.1|A/cattle/Texas/24-008749-003/2024(H5N1)	721	1480
PA|PP755594.1|A/cattle/Texas/24-008749-003/2024(H5N1)	722	1512
PA|PP755594.1|A/cattle/Texas/24-008749-003/2024(H5N1)	723	1515
PA|PP755594.1|A/cattle/Texas/24-008749-003/2024(H5N1)	724	1522
PA|PP755594.1|A/cattle/Texas/24-008749-003/2024(H5N1)	725	1516
PA|PP755594.1|A/cattle/Texas/24-008749-003/2024(H5N1)	726	1492
PA|PP755594.1|A/cattle/Texas/24-008749-003/2024(H5N1)	727	1495
PA|PP755594.1|A/cattle/Texas/24-008749-003/2024(H5N1)	728	1440
PA|PP755594.1|A/cattle/Texas/24-008749-003/2024(H5N1)	729	1472
PA|PP755594.1|A/cattle/Texas/24-008749-003/2024(H5N1)	730	1413
PA|PP755594.1|A/cattle/Texas/24-008749-003/2024(H5N1)	731	1396
PA|PP755594.1|A/cattle/Texas/24-008749-003/2024(H5N1)	732	1390
PA|PP755594.1|A/cattle/Texas/24-008749-003/2024(H5N1)	733	1390
PA|PP755594.1|A/cattle/Texas/24-008749-003/2024(H5N1)	734	1393
PA|PP755594.1|A/cattle/Texas/24-008749-003/2024(H5N1)	735	1413
PA|PP755594.1|A/cattle/Texas/24-008749-003/2024(H5N1)	736	1399
PA|PP755594.1|A/cattle/Texas/24-008749-003/2024(H5N1)	737	1398
PA|PP755594.1|A/cattle/Texas/24-008749-003/2024(H5N1)	738	1377
PA|PP755594.1|A/cattle/Texas/24-008749-003/2024(H5N1)	739	1384
PA|PP755594.1|A/cattle/Texas/24-008749-003/2024(H5N1)	740	1382
PA|PP755594.1|A/cattle/Texas/24-008749-003/2024(H5N1)	741	1383
PA|PP755594.1|A/cattle/Texas/24-008749-003/2024(H5N1)	742	1389
PA|PP755594.1|A/cattle/Texas/24-008749-003/2024(H5N1)	743	1387
PA|PP755594.1|A/cattle/Texas/24-008749-003/2024(H5N1)	744	1409
PA|PP755594.1|A/cattle/Texas/24-008749-003/2024(H5N1)	745	1420
PA|PP755594.1|A/cattle/Texas/24-008749-003/2024(H5N1)	746	1427
PA|PP755594.1|A/cattle/Texas/24-008749-003/2024(H5N1)	747	1444
PA|PP755594.1|A/cattle/Texas/24-008749-003/2024(H5N1)	748	1449
PA|PP755594.1|A/cattle/Texas/24-008749-003/2024(H5N1)	749	1454
PA|PP755594.1|A/cattle/Texas/24-008749-003/2024(H5N1)	750	1455
PA|PP755594.1|A/cattle/Texas/24-008749-003/2024(H5N1)	751	1456
PA|PP755594.1|A/cattle/Texas/24-008749-003/2024(H5N1)	752	1455
PA|PP755594.1|A/cattle/Texas/24-008749-003/2024(H5N1)	753	1454
PA|PP755594.1|A/cattle/Texas/24-008749-003/2024(H5N1)	754	1470
PA|PP755594.1|A/cattle/Texas/24-008749-003/2024(H5N1)	755	1483
PA|PP755594.1|A/cattle/Texas/24-008749-003/2024(H5N1)	756	1452
PA|PP755594.1|A/cattle/Texas/24-008749-003/2024(H5N1)	757	1458
PA|PP755594.1|A/cattle/Texas/24-008749-003/2024(H5N1)	758	1485
PA|PP755594.1|A/cattle/Texas/24-008749-003/2024(H5N1)	759	1488
PA|PP755594.1|A/cattle/Texas/24-008749-003/2024(H5N1)	760	1627
PA|PP755594.1|A/cattle/Texas/24-008749-003/2024(H5N1)	761	1619
PA|PP755594.1|A/cattle/Texas/24-008749-003/2024(H5N1)	762	1619
PA|PP755594.1|A/cattle/Texas/24-008749-003/2024(H5N1)	763	1603
PA|PP755594.1|A/cattle/Texas/24-008749-003/2024(H5N1)	764	1603
PA|PP755594.1|A/cattle/Texas/24-008749-003/2024(H5N1)	765	1605
PA|PP755594.1|A/cattle/Texas/24-008749-003/2024(H5N1)	766	1598
PA|PP755594.1|A/cattle/Texas/24-008749-003/2024(H5N1)	767	1604
PA|PP755594.1|A/cattle/Texas/24-008749-003/2024(H5N1)	768	1782
PA|PP755594.1|A/cattle/Texas/24-008749-003/2024(H5N1)	769	1782
PA|PP755594.1|A/cattle/Texas/24-008749-003/2024(H5N1)	770	1825
PA|PP755594.1|A/cattle/Texas/24-008749-003/2024(H5N1)	771	1792
PA|PP755594.1|A/cattle/Texas/24-008749-003/2024(H5N1)	772	1752
PA|PP755594.1|A/cattle/Texas/24-008749-003/2024(H5N1)	773	1752
PA|PP755594.1|A/cattle/Texas/24-008749-003/2024(H5N1)	774	1744
PA|PP755594.1|A/cattle/Texas/24-008749-003/2024(H5N1)	775	1755
PA|PP755594.1|A/cattle/Texas/24-008749-003/2024(H5N1)	776	1734
PA|PP755594.1|A/cattle/Texas/24-008749-003/2024(H5N1)	777	1737
PA|PP755594.1|A/cattle/Texas/24-008749-003/2024(H5N1)	778	1741
PA|PP755594.1|A/cattle/Texas/24-008749-003/2024(H5N1)	779	1726
PA|PP755594.1|A/cattle/Texas/24-008749-003/2024(H5N1)	780	1742
PA|PP755594.1|A/cattle/Texas/24-008749-003/2024(H5N1)	781	1743
PA|PP755594.1|A/cattle/Texas/24-008749-003/2024(H5N1)	782	1747
PA|PP755594.1|A/cattle/Texas/24-008749-003/2024(H5N1)	783	1742
PA|PP755594.1|A/cattle/Texas/24-008749-003/2024(H5N1)	784	1730
PA|PP755594.1|A/cattle/Texas/24-008749-003/2024(H5N1)	785	1770
PA|PP755594.1|A/cattle/Texas/24-008749-003/2024(H5N1)	786	1776
PA|PP755594.1|A/cattle/Texas/24-008749-003/2024(H5N1)	787	1768
PA|PP755594.1|A/cattle/Texas/24-008749-003/2024(H5N1)	788	1760
PA|PP755594.1|A/cattle/Texas/24-008749-003/2024(H5N1)	789	1753
PA|PP755594.1|A/cattle/Texas/24-008749-003/2024(H5N1)	790	1769
PA|PP755594.1|A/cattle/Texas/24-008749-003/2024(H5N1)	791	1802
PA|PP755594.1|A/cattle/Texas/24-008749-003/2024(H5N1)	792	1800
PA|PP755594.1|A/cattle/Texas/24-008749-003/2024(H5N1)	793	1799
PA|PP755594.1|A/cattle/Texas/24-008749-003/2024(H5N1)	794	1771
PA|PP755594.1|A/cattle/Texas/24-008749-003/2024(H5N1)	795	1764
PA|PP755594.1|A/cattle/Texas/24-008749-003/2024(H5N1)	796	1756
PA|PP755594.1|A/cattle/Texas/24-008749-003/2024(H5N1)	797	1741
PA|PP755594.1|A/cattle/Texas/24-008749-003/2024(H5N1)	798	1736
PA|PP755594.1|A/cattle/Texas/24-008749-003/2024(H5N1)	799	1711
PA|PP755594.1|A/cattle/Texas/24-008749-003/2024(H5N1)	800	1700
PA|PP755594.1|A/cattle/Texas/24-008749-003/2024(H5N1)	801	1696
PA|PP755594.1|A/cattle/Texas/24-008749-003/2024(H5N1)	802	1682
PA|PP755594.1|A/cattle/Texas/24-008749-003/2024(H5N1)	803	1681
PA|PP755594.1|A/cattle/Texas/24-008749-003/2024(H5N1)	804	1685
PA|PP755594.1|A/cattle/Texas/24-008749-003/2024(H5N1)	805	1691
PA|PP755594.1|A/cattle/Texas/24-008749-003/2024(H5N1)	806	1671
PA|PP755594.1|A/cattle/Texas/24-008749-003/2024(H5N1)	807	1671
PA|PP755594.1|A/cattle/Texas/24-008749-003/2024(H5N1)	808	1676
PA|PP755594.1|A/cattle/Texas/24-008749-003/2024(H5N1)	809	1626
PA|PP755594.1|A/cattle/Texas/24-008749-003/2024(H5N1)	810	1625
PA|PP755594.1|A/cattle/Texas/24-008749-003/2024(H5N1)	811	1629
PA|PP755594.1|A/cattle/Texas/24-008749-003/2024(H5N1)	812	1622
PA|PP755594.1|A/cattle/Texas/24-008749-003/2024(H5N1)	813	1621
PA|PP755594.1|A/cattle/Texas/24-008749-003/2024(H5N1)	814	1633
PA|PP755594.1|A/cattle/Texas/24-008749-003/2024(H5N1)	815	1651
PA|PP755594.1|A/cattle/Texas/24-008749-003/2024(H5N1)	816	1651
PA|PP755594.1|A/cattle/Texas/24-008749-003/2024(H5N1)	817	1646
PA|PP755594.1|A/cattle/Texas/24-008749-003/2024(H5N1)	818	1646
PA|PP755594.1|A/cattle/Texas/24-008749-003/2024(H5N1)	819	1611
PA|PP755594.1|A/cattle/Texas/24-008749-003/2024(H5N1)	820	1604
PA|PP755594.1|A/cattle/Texas/24-008749-003/2024(H5N1)	821	1603
PA|PP755594.1|A/cattle/Texas/24-008749-003/2024(H5N1)	822	1592
PA|PP755594.1|A/cattle/Texas/24-008749-003/2024(H5N1)	823	1589
PA|PP755594.1|A/cattle/Texas/24-008749-003/2024(H5N1)	824	1569
PA|PP755594.1|A/cattle/Texas/24-008749-003/2024(H5N1)	825	1561
PA|PP755594.1|A/cattle/Texas/24-008749-003/2024(H5N1)	826	1538
PA|PP755594.1|A/cattle/Texas/24-008749-003/2024(H5N1)	827	1538
PA|PP755594.1|A/cattle/Texas/24-008749-003/2024(H5N1)	828	1382
PA|PP755594.1|A/cattle/Texas/24-008749-003/2024(H5N1)	829	1377
PA|PP755594.1|A/cattle/Texas/24-008749-003/2024(H5N1)	830	1379
PA|PP755594.1|A/cattle/Texas/24-008749-003/2024(H5N1)	831	1379
PA|PP755594.1|A/cattle/Texas/24-008749-003/2024(H5N1)	832	1379
PA|PP755594.1|A/cattle/Texas/24-008749-003/2024(H5N1)	833	1377
PA|PP755594.1|A/cattle/Texas/24-008749-003/2024(H5N1)	834	1372
PA|PP755594.1|A/cattle/Texas/24-008749-003/2024(H5N1)	835	1343
PA|PP755594.1|A/cattle/Texas/24-008749-003/2024(H5N1)	836	1262
PA|PP755594.1|A/cattle/Texas/24-008749-003/2024(H5N1)	837	1262
PA|PP755594.1|A/cattle/Texas/24-008749-003/2024(H5N1)	838	1260
PA|PP755594.1|A/cattle/Texas/24-008749-003/2024(H5N1)	839	1258
PA|PP755594.1|A/cattle/Texas/24-008749-003/2024(H5N1)	840	1174
PA|PP755594.1|A/cattle/Texas/24-008749-003/2024(H5N1)	841	1166
PA|PP755594.1|A/cattle/Texas/24-008749-003/2024(H5N1)	842	1144
PA|PP755594.1|A/cattle/Texas/24-008749-003/2024(H5N1)	843	1139
PA|PP755594.1|A/cattle/Texas/24-008749-003/2024(H5N1)	844	1139
PA|PP755594.1|A/cattle/Texas/24-008749-003/2024(H5N1)	845	1139
PA|PP755594.1|A/cattle/Texas/24-008749-003/2024(H5N1)	846	1110
PA|PP755594.1|A/cattle/Texas/24-008749-003/2024(H5N1)	847	1110
PA|PP755594.1|A/cattle/Texas/24-008749-003/2024(H5N1)	848	1111
PA|PP755594.1|A/cattle/Texas/24-008749-003/2024(H5N1)	849	1115
PA|PP755594.1|A/cattle/Texas/24-008749-003/2024(H5N1)	850	1134
PA|PP755594.1|A/cattle/Texas/24-008749-003/2024(H5N1)	851	1134
PA|PP755594.1|A/cattle/Texas/24-008749-003/2024(H5N1)	852	1134
PA|PP755594.1|A/cattle/Texas/24-008749-003/2024(H5N1)	853	1134
PA|PP755594.1|A/cattle/Texas/24-008749-003/2024(H5N1)	854	1134
PA|PP755594.1|A/cattle/Texas/24-008749-003/2024(H5N1)	855	1134
PA|PP755594.1|A/cattle/Texas/24-008749-003/2024(H5N1)	856	1133
PA|PP755594.1|A/cattle/Texas/24-008749-003/2024(H5N1)	857	1133
PA|PP755594.1|A/cattle/Texas/24-008749-003/2024(H5N1)	858	1128
PA|PP755594.1|A/cattle/Texas/24-008749-003/2024(H5N1)	859	1127
PA|PP755594.1|A/cattle/Texas/24-008749-003/2024(H5N1)	860	1124
PA|PP755594.1|A/cattle/Texas/24-008749-003/2024(H5N1)	861	860
PA|PP755594.1|A/cattle/Texas/24-008749-003/2024(H5N1)	862	861
PA|PP755594.1|A/cattle/Texas/24-008749-003/2024(H5N1)	863	861
PA|PP755594.1|A/cattle/Texas/24-008749-003/2024(H5N1)	864	861
PA|PP755594.1|A/cattle/Texas/24-008749-003/2024(H5N1)	865	868
PA|PP755594.1|A/cattle/Texas/24-008749-003/2024(H5N1)	866	868
PA|PP755594.1|A/cattle/Texas/24-008749-003/2024(H5N1)	867	868
PA|PP755594.1|A/cattle/Texas/24-008749-003/2024(H5N1)	868	868
PA|PP755594.1|A/cattle/Texas/24-008749-003/2024(H5N1)	869	868
PA|PP755594.1|A/cattle/Texas/24-008749-003/2024(H5N1)	870	869
PA|PP755594.1|A/cattle/Texas/24-008749-003/2024(H5N1)	871	1302
PA|PP755594.1|A/cattle/Texas/24-008749-003/2024(H5N1)	872	1344
PA|PP755594.1|A/cattle/Texas/24-008749-003/2024(H5N1)	873	1356
PA|PP755594.1|A/cattle/Texas/24-008749-003/2024(H5N1)	874	1359
PA|PP755594.1|A/cattle/Texas/24-008749-003/2024(H5N1)	875	1366
PA|PP755594.1|A/cattle/Texas/24-008749-003/2024(H5N1)	876	1366
PA|PP755594.1|A/cattle/Texas/24-008749-003/2024(H5N1)	877	1386
PA|PP755594.1|A/cattle/Texas/24-008749-003/2024(H5N1)	878	1407
PA|PP755594.1|A/cattle/Texas/24-008749-003/2024(H5N1)	879	1408
PA|PP755594.1|A/cattle/Texas/24-008749-003/2024(H5N1)	880	1413
PA|PP755594.1|A/cattle/Texas/24-008749-003/2024(H5N1)	881	1433
PA|PP755594.1|A/cattle/Texas/24-008749-003/2024(H5N1)	882	1447
PA|PP755594.1|A/cattle/Texas/24-008749-003/2024(H5N1)	883	1449
PA|PP755594.1|A/cattle/Texas/24-008749-003/2024(H5N1)	884	1450
PA|PP755594.1|A/cattle/Texas/24-008749-003/2024(H5N1)	885	1454
PA|PP755594.1|A/cattle/Texas/24-008749-003/2024(H5N1)	886	1484
PA|PP755594.1|A/cattle/Texas/24-008749-003/2024(H5N1)	887	1489
PA|PP755594.1|A/cattle/Texas/24-008749-003/2024(H5N1)	888	1504
PA|PP755594.1|A/cattle/Texas/24-008749-003/2024(H5N1)	889	1506
PA|PP755594.1|A/cattle/Texas/24-008749-003/2024(H5N1)	890	1508
PA|PP755594.1|A/cattle/Texas/24-008749-003/2024(H5N1)	891	1571
PA|PP755594.1|A/cattle/Texas/24-008749-003/2024(H5N1)	892	1574
PA|PP755594.1|A/cattle/Texas/24-008749-003/2024(H5N1)	893	1574
PA|PP755594.1|A/cattle/Texas/24-008749-003/2024(H5N1)	894	1600
PA|PP755594.1|A/cattle/Texas/24-008749-003/2024(H5N1)	895	1605
PA|PP755594.1|A/cattle/Texas/24-008749-003/2024(H5N1)	896	1594
PA|PP755594.1|A/cattle/Texas/24-008749-003/2024(H5N1)	897	1565
PA|PP755594.1|A/cattle/Texas/24-008749-003/2024(H5N1)	898	1556
PA|PP755594.1|A/cattle/Texas/24-008749-003/2024(H5N1)	899	1550
PA|PP755594.1|A/cattle/Texas/24-008749-003/2024(H5N1)	900	1605
PA|PP755594.1|A/cattle/Texas/24-008749-003/2024(H5N1)	901	1617
PA|PP755594.1|A/cattle/Texas/24-008749-003/2024(H5N1)	902	1765
PA|PP755594.1|A/cattle/Texas/24-008749-003/2024(H5N1)	903	1761
PA|PP755594.1|A/cattle/Texas/24-008749-003/2024(H5N1)	904	1765
PA|PP755594.1|A/cattle/Texas/24-008749-003/2024(H5N1)	905	1755
PA|PP755594.1|A/cattle/Texas/24-008749-003/2024(H5N1)	906	1752
PA|PP755594.1|A/cattle/Texas/24-008749-003/2024(H5N1)	907	1932
PA|PP755594.1|A/cattle/Texas/24-008749-003/2024(H5N1)	908	1934
PA|PP755594.1|A/cattle/Texas/24-008749-003/2024(H5N1)	909	1897
PA|PP755594.1|A/cattle/Texas/24-008749-003/2024(H5N1)	910	1921
PA|PP755594.1|A/cattle/Texas/24-008749-003/2024(H5N1)	911	1796
PA|PP755594.1|A/cattle/Texas/24-008749-003/2024(H5N1)	912	1829
PA|PP755594.1|A/cattle/Texas/24-008749-003/2024(H5N1)	913	1829
PA|PP755594.1|A/cattle/Texas/24-008749-003/2024(H5N1)	914	1834
PA|PP755594.1|A/cattle/Texas/24-008749-003/2024(H5N1)	915	1827
PA|PP755594.1|A/cattle/Texas/24-008749-003/2024(H5N1)	916	1676
PA|PP755594.1|A/cattle/Texas/24-008749-003/2024(H5N1)	917	1694
PA|PP755594.1|A/cattle/Texas/24-008749-003/2024(H5N1)	918	1686
PA|PP755594.1|A/cattle/Texas/24-008749-003/2024(H5N1)	919	1692
PA|PP755594.1|A/cattle/Texas/24-008749-003/2024(H5N1)	920	1695
PA|PP755594.1|A/cattle/Texas/24-008749-003/2024(H5N1)	921	1651
PA|PP755594.1|A/cattle/Texas/24-008749-003/2024(H5N1)	922	1658
PA|PP755594.1|A/cattle/Texas/24-008749-003/2024(H5N1)	923	1659
PA|PP755594.1|A/cattle/Texas/24-008749-003/2024(H5N1)	924	1666
PA|PP755594.1|A/cattle/Texas/24-008749-003/2024(H5N1)	925	1664
PA|PP755594.1|A/cattle/Texas/24-008749-003/2024(H5N1)	926	1667
PA|PP755594.1|A/cattle/Texas/24-008749-003/2024(H5N1)	927	1669
PA|PP755594.1|A/cattle/Texas/24-008749-003/2024(H5N1)	928	1667
PA|PP755594.1|A/cattle/Texas/24-008749-003/2024(H5N1)	929	1665
PA|PP755594.1|A/cattle/Texas/24-008749-003/2024(H5N1)	930	1656
PA|PP755594.1|A/cattle/Texas/24-008749-003/2024(H5N1)	931	1650
PA|PP755594.1|A/cattle/Texas/24-008749-003/2024(H5N1)	932	1650
PA|PP755594.1|A/cattle/Texas/24-008749-003/2024(H5N1)	933	1650
PA|PP755594.1|A/cattle/Texas/24-008749-003/2024(H5N1)	934	1659
PA|PP755594.1|A/cattle/Texas/24-008749-003/2024(H5N1)	935	1659
PA|PP755594.1|A/cattle/Texas/24-008749-003/2024(H5N1)	936	1629
PA|PP755594.1|A/cattle/Texas/24-008749-003/2024(H5N1)	937	1626
PA|PP755594.1|A/cattle/Texas/24-008749-003/2024(H5N1)	938	1627
PA|PP755594.1|A/cattle/Texas/24-008749-003/2024(H5N1)	939	1622
PA|PP755594.1|A/cattle/Texas/24-008749-003/2024(H5N1)	940	1618
PA|PP755594.1|A/cattle/Texas/24-008749-003/2024(H5N1)	941	1603
PA|PP755594.1|A/cattle/Texas/24-008749-003/2024(H5N1)	942	1569
PA|PP755594.1|A/cattle/Texas/24-008749-003/2024(H5N1)	943	1568
PA|PP755594.1|A/cattle/Texas/24-008749-003/2024(H5N1)	944	1567
PA|PP755594.1|A/cattle/Texas/24-008749-003/2024(H5N1)	945	1563
PA|PP755594.1|A/cattle/Texas/24-008749-003/2024(H5N1)	946	1563
PA|PP755594.1|A/cattle/Texas/24-008749-003/2024(H5N1)	947	1560
PA|PP755594.1|A/cattle/Texas/24-008749-003/2024(H5N1)	948	1530
PA|PP755594.1|A/cattle/Texas/24-008749-003/2024(H5N1)	949	1530
PA|PP755594.1|A/cattle/Texas/24-008749-003/2024(H5N1)	950	1530
PA|PP755594.1|A/cattle/Texas/24-008749-003/2024(H5N1)	951	1530
PA|PP755594.1|A/cattle/Texas/24-008749-003/2024(H5N1)	952	1530
PA|PP755594.1|A/cattle/Texas/24-008749-003/2024(H5N1)	953	1513
PA|PP755594.1|A/cattle/Texas/24-008749-003/2024(H5N1)	954	1510
PA|PP755594.1|A/cattle/Texas/24-008749-003/2024(H5N1)	955	1504
PA|PP755594.1|A/cattle/Texas/24-008749-003/2024(H5N1)	956	1490
PA|PP755594.1|A/cattle/Texas/24-008749-003/2024(H5N1)	957	1490
PA|PP755594.1|A/cattle/Texas/24-008749-003/2024(H5N1)	958	1487
PA|PP755594.1|A/cattle/Texas/24-008749-003/2024(H5N1)	959	1472
PA|PP755594.1|A/cattle/Texas/24-008749-003/2024(H5N1)	960	1454
PA|PP755594.1|A/cattle/Texas/24-008749-003/2024(H5N1)	961	1445
PA|PP755594.1|A/cattle/Texas/24-008749-003/2024(H5N1)	962	1438
PA|PP755594.1|A/cattle/Texas/24-008749-003/2024(H5N1)	963	894
PA|PP755594.1|A/cattle/Texas/24-008749-003/2024(H5N1)	964	892
PA|PP755594.1|A/cattle/Texas/24-008749-003/2024(H5N1)	965	892
PA|PP755594.1|A/cattle/Texas/24-008749-003/2024(H5N1)	966	895
PA|PP755594.1|A/cattle/Texas/24-008749-003/2024(H5N1)	967	884
PA|PP755594.1|A/cattle/Texas/24-008749-003/2024(H5N1)	968	884
PA|PP755594.1|A/cattle/Texas/24-008749-003/2024(H5N1)	969	885
PA|PP755594.1|A/cattle/Texas/24-008749-003/2024(H5N1)	970	897
PA|PP755594.1|A/cattle/Texas/24-008749-003/2024(H5N1)	971	897
PA|PP755594.1|A/cattle/Texas/24-008749-003/2024(H5N1)	972	897
PA|PP755594.1|A/cattle/Texas/24-008749-003/2024(H5N1)	973	901
PA|PP755594.1|A/cattle/Texas/24-008749-003/2024(H5N1)	974	977
PA|PP755594.1|A/cattle/Texas/24-008749-003/2024(H5N1)	975	977
PA|PP755594.1|A/cattle/Texas/24-008749-003/2024(H5N1)	976	1012
PA|PP755594.1|A/cattle/Texas/24-008749-003/2024(H5N1)	977	1014
PA|PP755594.1|A/cattle/Texas/24-008749-003/2024(H5N1)	978	1015
PA|PP755594.1|A/cattle/Texas/24-008749-003/2024(H5N1)	979	1015
PA|PP755594.1|A/cattle/Texas/24-008749-003/2024(H5N1)	980	1015
PA|PP755594.1|A/cattle/Texas/24-008749-003/2024(H5N1)	981	1015
PA|PP755594.1|A/cattle/Texas/24-008749-003/2024(H5N1)	982	1019
PA|PP755594.1|A/cattle/Texas/24-008749-003/2024(H5N1)	983	1019
PA|PP755594.1|A/cattle/Texas/24-008749-003/2024(H5N1)	984	1030
PA|PP755594.1|A/cattle/Texas/24-008749-003/2024(H5N1)	985	1371
PA|PP755594.1|A/cattle/Texas/24-008749-003/2024(H5N1)	986	1397
PA|PP755594.1|A/cattle/Texas/24-008749-003/2024(H5N1)	987	1403
PA|PP755594.1|A/cattle/Texas/24-008749-003/2024(H5N1)	988	1406
PA|PP755594.1|A/cattle/Texas/24-008749-003/2024(H5N1)	989	1406
PA|PP755594.1|A/cattle/Texas/24-008749-003/2024(H5N1)	990	1413
PA|PP755594.1|A/cattle/Texas/24-008749-003/2024(H5N1)	991	1426
PA|PP755594.1|A/cattle/Texas/24-008749-003/2024(H5N1)	992	1450
PA|PP755594.1|A/cattle/Texas/24-008749-003/2024(H5N1)	993	1497
PA|PP755594.1|A/cattle/Texas/24-008749-003/2024(H5N1)	994	1497
PA|PP755594.1|A/cattle/Texas/24-008749-003/2024(H5N1)	995	1499
PA|PP755594.1|A/cattle/Texas/24-008749-003/2024(H5N1)	996	1500
PA|PP755594.1|A/cattle/Texas/24-008749-003/2024(H5N1)	997	1539
PA|PP755594.1|A/cattle/Texas/24-008749-003/2024(H5N1)	998	1539
PA|PP755594.1|A/cattle/Texas/24-008749-003/2024(H5N1)	999	1539
PA|PP755594.1|A/cattle/Texas/24-008749-003/2024(H5N1)	1000	1539
PA|PP755594.1|A/cattle/Texas/24-008749-003/2024(H5N1)	1001	1548
PA|PP755594.1|A/cattle/Texas/24-008749-003/2024(H5N1)	1002	1548
PA|PP755594.1|A/cattle/Texas/24-008749-003/2024(H5N1)	1003	1602
PA|PP755594.1|A/cattle/Texas/24-008749-003/2024(H5N1)	1004	1603
PA|PP755594.1|A/cattle/Texas/24-008749-003/2024(H5N1)	1005	1608
PA|PP755594.1|A/cattle/Texas/24-008749-003/2024(H5N1)	1006	1609
PA|PP755594.1|A/cattle/Texas/24-008749-003/2024(H5N1)	1007	1709
PA|PP755594.1|A/cattle/Texas/24-008749-003/2024(H5N1)	1008	1719
PA|PP755594.1|A/cattle/Texas/24-008749-003/2024(H5N1)	1009	1730
PA|PP755594.1|A/cattle/Texas/24-008749-003/2024(H5N1)	1010	1756
PA|PP755594.1|A/cattle/Texas/24-008749-003/2024(H5N1)	1011	1757
PA|PP755594.1|A/cattle/Texas/24-008749-003/2024(H5N1)	1012	1758
PA|PP755594.1|A/cattle/Texas/24-008749-003/2024(H5N1)	1013	1764
PA|PP755594.1|A/cattle/Texas/24-008749-003/2024(H5N1)	1014	1783
PA|PP755594.1|A/cattle/Texas/24-008749-003/2024(H5N1)	1015	1800
PA|PP755594.1|A/cattle/Texas/24-008749-003/2024(H5N1)	1016	1796
PA|PP755594.1|A/cattle/Texas/24-008749-003/2024(H5N1)	1017	1793
PA|PP755594.1|A/cattle/Texas/24-008749-003/2024(H5N1)	1018	1780
PA|PP755594.1|A/cattle/Texas/24-008749-003/2024(H5N1)	1019	1779
PA|PP755594.1|A/cattle/Texas/24-008749-003/2024(H5N1)	1020	1787
PA|PP755594.1|A/cattle/Texas/24-008749-003/2024(H5N1)	1021	1801
PA|PP755594.1|A/cattle/Texas/24-008749-003/2024(H5N1)	1022	1810
PA|PP755594.1|A/cattle/Texas/24-008749-003/2024(H5N1)	1023	1782
PA|PP755594.1|A/cattle/Texas/24-008749-003/2024(H5N1)	1024	1826
PA|PP755594.1|A/cattle/Texas/24-008749-003/2024(H5N1)	1025	1831
PA|PP755594.1|A/cattle/Texas/24-008749-003/2024(H5N1)	1026	1826
PA|PP755594.1|A/cattle/Texas/24-008749-003/2024(H5N1)	1027	1833
PA|PP755594.1|A/cattle/Texas/24-008749-003/2024(H5N1)	1028	1838
PA|PP755594.1|A/cattle/Texas/24-008749-003/2024(H5N1)	1029	1818
PA|PP755594.1|A/cattle/Texas/24-008749-003/2024(H5N1)	1030	1838
PA|PP755594.1|A/cattle/Texas/24-008749-003/2024(H5N1)	1031	1824
PA|PP755594.1|A/cattle/Texas/24-008749-003/2024(H5N1)	1032	1833
PA|PP755594.1|A/cattle/Texas/24-008749-003/2024(H5N1)	1033	1819
PA|PP755594.1|A/cattle/Texas/24-008749-003/2024(H5N1)	1034	1814
PA|PP755594.1|A/cattle/Texas/24-008749-003/2024(H5N1)	1035	1754
PA|PP755594.1|A/cattle/Texas/24-008749-003/2024(H5N1)	1036	1735
PA|PP755594.1|A/cattle/Texas/24-008749-003/2024(H5N1)	1037	1732
PA|PP755594.1|A/cattle/Texas/24-008749-003/2024(H5N1)	1038	1728
PA|PP755594.1|A/cattle/Texas/24-008749-003/2024(H5N1)	1039	1733
PA|PP755594.1|A/cattle/Texas/24-008749-003/2024(H5N1)	1040	1734
PA|PP755594.1|A/cattle/Texas/24-008749-003/2024(H5N1)	1041	1741
PA|PP755594.1|A/cattle/Texas/24-008749-003/2024(H5N1)	1042	1646
PA|PP755594.1|A/cattle/Texas/24-008749-003/2024(H5N1)	1043	1884
PA|PP755594.1|A/cattle/Texas/24-008749-003/2024(H5N1)	1044	1888
PA|PP755594.1|A/cattle/Texas/24-008749-003/2024(H5N1)	1045	1888
PA|PP755594.1|A/cattle/Texas/24-008749-003/2024(H5N1)	1046	1878
PA|PP755594.1|A/cattle/Texas/24-008749-003/2024(H5N1)	1047	1883
PA|PP755594.1|A/cattle/Texas/24-008749-003/2024(H5N1)	1048	1893
PA|PP755594.1|A/cattle/Texas/24-008749-003/2024(H5N1)	1049	1915
PA|PP755594.1|A/cattle/Texas/24-008749-003/2024(H5N1)	1050	1910
PA|PP755594.1|A/cattle/Texas/24-008749-003/2024(H5N1)	1051	1851
PA|PP755594.1|A/cattle/Texas/24-008749-003/2024(H5N1)	1052	1840
PA|PP755594.1|A/cattle/Texas/24-008749-003/2024(H5N1)	1053	1714
PA|PP755594.1|A/cattle/Texas/24-008749-003/2024(H5N1)	1054	1718
PA|PP755594.1|A/cattle/Texas/24-008749-003/2024(H5N1)	1055	1757
PA|PP755594.1|A/cattle/Texas/24-008749-003/2024(H5N1)	1056	1766
PA|PP755594.1|A/cattle/Texas/24-008749-003/2024(H5N1)	1057	1802
PA|PP755594.1|A/cattle/Texas/24-008749-003/2024(H5N1)	1058	1641
PA|PP755594.1|A/cattle/Texas/24-008749-003/2024(H5N1)	1059	1639
PA|PP755594.1|A/cattle/Texas/24-008749-003/2024(H5N1)	1060	1636
PA|PP755594.1|A/cattle/Texas/24-008749-003/2024(H5N1)	1061	1624
PA|PP755594.1|A/cattle/Texas/24-008749-003/2024(H5N1)	1062	1592
PA|PP755594.1|A/cattle/Texas/24-008749-003/2024(H5N1)	1063	1591
PA|PP755594.1|A/cattle/Texas/24-008749-003/2024(H5N1)	1064	1592
PA|PP755594.1|A/cattle/Texas/24-008749-003/2024(H5N1)	1065	1588
PA|PP755594.1|A/cattle/Texas/24-008749-003/2024(H5N1)	1066	1588
PA|PP755594.1|A/cattle/Texas/24-008749-003/2024(H5N1)	1067	1588
PA|PP755594.1|A/cattle/Texas/24-008749-003/2024(H5N1)	1068	1564
PA|PP755594.1|A/cattle/Texas/24-008749-003/2024(H5N1)	1069	1573
PA|PP755594.1|A/cattle/Texas/24-008749-003/2024(H5N1)	1070	1562
PA|PP755594.1|A/cattle/Texas/24-008749-003/2024(H5N1)	1071	1561
PA|PP755594.1|A/cattle/Texas/24-008749-003/2024(H5N1)	1072	1614
PA|PP755594.1|A/cattle/Texas/24-008749-003/2024(H5N1)	1073	1618
PA|PP755594.1|A/cattle/Texas/24-008749-003/2024(H5N1)	1074	1627
PA|PP755594.1|A/cattle/Texas/24-008749-003/2024(H5N1)	1075	1623
PA|PP755594.1|A/cattle/Texas/24-008749-003/2024(H5N1)	1076	1664
PA|PP755594.1|A/cattle/Texas/24-008749-003/2024(H5N1)	1077	1657
PA|PP755594.1|A/cattle/Texas/24-008749-003/2024(H5N1)	1078	1654
PA|PP755594.1|A/cattle/Texas/24-008749-003/2024(H5N1)	1079	1654
PA|PP755594.1|A/cattle/Texas/24-008749-003/2024(H5N1)	1080	1668
PA|PP755594.1|A/cattle/Texas/24-008749-003/2024(H5N1)	1081	1667
PA|PP755594.1|A/cattle/Texas/24-008749-003/2024(H5N1)	1082	1666
PA|PP755594.1|A/cattle/Texas/24-008749-003/2024(H5N1)	1083	1672
PA|PP755594.1|A/cattle/Texas/24-008749-003/2024(H5N1)	1084	1671
PA|PP755594.1|A/cattle/Texas/24-008749-003/2024(H5N1)	1085	1672
PA|PP755594.1|A/cattle/Texas/24-008749-003/2024(H5N1)	1086	1684
PA|PP755594.1|A/cattle/Texas/24-008749-003/2024(H5N1)	1087	1681
PA|PP755594.1|A/cattle/Texas/24-008749-003/2024(H5N1)	1088	1682
PA|PP755594.1|A/cattle/Texas/24-008749-003/2024(H5N1)	1089	1670
PA|PP755594.1|A/cattle/Texas/24-008749-003/2024(H5N1)	1090	1671
PA|PP755594.1|A/cattle/Texas/24-008749-003/2024(H5N1)	1091	1672
PA|PP755594.1|A/cattle/Texas/24-008749-003/2024(H5N1)	1092	1693
PA|PP755594.1|A/cattle/Texas/24-008749-003/2024(H5N1)	1093	1752
PA|PP755594.1|A/cattle/Texas/24-008749-003/2024(H5N1)	1094	1751
PA|PP755594.1|A/cattle/Texas/24-008749-003/2024(H5N1)	1095	1758
PA|PP755594.1|A/cattle/Texas/24-008749-003/2024(H5N1)	1096	1761
PA|PP755594.1|A/cattle/Texas/24-008749-003/2024(H5N1)	1097	1771
PA|PP755594.1|A/cattle/Texas/24-008749-003/2024(H5N1)	1098	1756
PA|PP755594.1|A/cattle/Texas/24-008749-003/2024(H5N1)	1099	1779
PA|PP755594.1|A/cattle/Texas/24-008749-003/2024(H5N1)	1100	1797
PA|PP755594.1|A/cattle/Texas/24-008749-003/2024(H5N1)	1101	1792
PA|PP755594.1|A/cattle/Texas/24-008749-003/2024(H5N1)	1102	1761
PA|PP755594.1|A/cattle/Texas/24-008749-003/2024(H5N1)	1103	1760
PA|PP755594.1|A/cattle/Texas/24-008749-003/2024(H5N1)	1104	1771
PA|PP755594.1|A/cattle/Texas/24-008749-003/2024(H5N1)	1105	1779
PA|PP755594.1|A/cattle/Texas/24-008749-003/2024(H5N1)	1106	1774
PA|PP755594.1|A/cattle/Texas/24-008749-003/2024(H5N1)	1107	1772
PA|PP755594.1|A/cattle/Texas/24-008749-003/2024(H5N1)	1108	1768
PA|PP755594.1|A/cattle/Texas/24-008749-003/2024(H5N1)	1109	1756
PA|PP755594.1|A/cattle/Texas/24-008749-003/2024(H5N1)	1110	1753
PA|PP755594.1|A/cattle/Texas/24-008749-003/2024(H5N1)	1111	1823
PA|PP755594.1|A/cattle/Texas/24-008749-003/2024(H5N1)	1112	1813
PA|PP755594.1|A/cattle/Texas/24-008749-003/2024(H5N1)	1113	1834
PA|PP755594.1|A/cattle/Texas/24-008749-003/2024(H5N1)	1114	1839
PA|PP755594.1|A/cattle/Texas/24-008749-003/2024(H5N1)	1115	1837
PA|PP755594.1|A/cattle/Texas/24-008749-003/2024(H5N1)	1116	1933
PA|PP755594.1|A/cattle/Texas/24-008749-003/2024(H5N1)	1117	1896
PA|PP755594.1|A/cattle/Texas/24-008749-003/2024(H5N1)	1118	1923
PA|PP755594.1|A/cattle/Texas/24-008749-003/2024(H5N1)	1119	1923
PA|PP755594.1|A/cattle/Texas/24-008749-003/2024(H5N1)	1120	1866
PA|PP755594.1|A/cattle/Texas/24-008749-003/2024(H5N1)	1121	1861
PA|PP755594.1|A/cattle/Texas/24-008749-003/2024(H5N1)	1122	1855
PA|PP755594.1|A/cattle/Texas/24-008749-003/2024(H5N1)	1123	1861
PA|PP755594.1|A/cattle/Texas/24-008749-003/2024(H5N1)	1124	1856
PA|PP755594.1|A/cattle/Texas/24-008749-003/2024(H5N1)	1125	1770
PA|PP755594.1|A/cattle/Texas/24-008749-003/2024(H5N1)	1126	1750
PA|PP755594.1|A/cattle/Texas/24-008749-003/2024(H5N1)	1127	1736
PA|PP755594.1|A/cattle/Texas/24-008749-003/2024(H5N1)	1128	1735
PA|PP755594.1|A/cattle/Texas/24-008749-003/2024(H5N1)	1129	1876
PA|PP755594.1|A/cattle/Texas/24-008749-003/2024(H5N1)	1130	1878
PA|PP755594.1|A/cattle/Texas/24-008749-003/2024(H5N1)	1131	1880
PA|PP755594.1|A/cattle/Texas/24-008749-003/2024(H5N1)	1132	1877
PA|PP755594.1|A/cattle/Texas/24-008749-003/2024(H5N1)	1133	1888
PA|PP755594.1|A/cattle/Texas/24-008749-003/2024(H5N1)	1134	1892
PA|PP755594.1|A/cattle/Texas/24-008749-003/2024(H5N1)	1135	1882
PA|PP755594.1|A/cattle/Texas/24-008749-003/2024(H5N1)	1136	1848
PA|PP755594.1|A/cattle/Texas/24-008749-003/2024(H5N1)	1137	1828
PA|PP755594.1|A/cattle/Texas/24-008749-003/2024(H5N1)	1138	1828
PA|PP755594.1|A/cattle/Texas/24-008749-003/2024(H5N1)	1139	1873
PA|PP755594.1|A/cattle/Texas/24-008749-003/2024(H5N1)	1140	1864
PA|PP755594.1|A/cattle/Texas/24-008749-003/2024(H5N1)	1141	1862
PA|PP755594.1|A/cattle/Texas/24-008749-003/2024(H5N1)	1142	1863
PA|PP755594.1|A/cattle/Texas/24-008749-003/2024(H5N1)	1143	1843
PA|PP755594.1|A/cattle/Texas/24-008749-003/2024(H5N1)	1144	1797
PA|PP755594.1|A/cattle/Texas/24-008749-003/2024(H5N1)	1145	1799
PA|PP755594.1|A/cattle/Texas/24-008749-003/2024(H5N1)	1146	1801
PA|PP755594.1|A/cattle/Texas/24-008749-003/2024(H5N1)	1147	1800
PA|PP755594.1|A/cattle/Texas/24-008749-003/2024(H5N1)	1148	1755
PA|PP755594.1|A/cattle/Texas/24-008749-003/2024(H5N1)	1149	1735
PA|PP755594.1|A/cattle/Texas/24-008749-003/2024(H5N1)	1150	1726
PA|PP755594.1|A/cattle/Texas/24-008749-003/2024(H5N1)	1151	1726
PA|PP755594.1|A/cattle/Texas/24-008749-003/2024(H5N1)	1152	1721
PA|PP755594.1|A/cattle/Texas/24-008749-003/2024(H5N1)	1153	1721
PA|PP755594.1|A/cattle/Texas/24-008749-003/2024(H5N1)	1154	1698
PA|PP755594.1|A/cattle/Texas/24-008749-003/2024(H5N1)	1155	1688
PA|PP755594.1|A/cattle/Texas/24-008749-003/2024(H5N1)	1156	1683
PA|PP755594.1|A/cattle/Texas/24-008749-003/2024(H5N1)	1157	1683
PA|PP755594.1|A/cattle/Texas/24-008749-003/2024(H5N1)	1158	1568
PA|PP755594.1|A/cattle/Texas/24-008749-003/2024(H5N1)	1159	1567
PA|PP755594.1|A/cattle/Texas/24-008749-003/2024(H5N1)	1160	1529
PA|PP755594.1|A/cattle/Texas/24-008749-003/2024(H5N1)	1161	1523
PA|PP755594.1|A/cattle/Texas/24-008749-003/2024(H5N1)	1162	1518
PA|PP755594.1|A/cattle/Texas/24-008749-003/2024(H5N1)	1163	1518
PA|PP755594.1|A/cattle/Texas/24-008749-003/2024(H5N1)	1164	1493
PA|PP755594.1|A/cattle/Texas/24-008749-003/2024(H5N1)	1165	1479
PA|PP755594.1|A/cattle/Texas/24-008749-003/2024(H5N1)	1166	1476
PA|PP755594.1|A/cattle/Texas/24-008749-003/2024(H5N1)	1167	1474
PA|PP755594.1|A/cattle/Texas/24-008749-003/2024(H5N1)	1168	1473
PA|PP755594.1|A/cattle/Texas/24-008749-003/2024(H5N1)	1169	1472
PA|PP755594.1|A/cattle/Texas/24-008749-003/2024(H5N1)	1170	1469
PA|PP755594.1|A/cattle/Texas/24-008749-003/2024(H5N1)	1171	1449
PA|PP755594.1|A/cattle/Texas/24-008749-003/2024(H5N1)	1172	1415
PA|PP755594.1|A/cattle/Texas/24-008749-003/2024(H5N1)	1173	1405
PA|PP755594.1|A/cattle/Texas/24-008749-003/2024(H5N1)	1174	1400
PA|PP755594.1|A/cattle/Texas/24-008749-003/2024(H5N1)	1175	1320
PA|PP755594.1|A/cattle/Texas/24-008749-003/2024(H5N1)	1176	1317
PA|PP755594.1|A/cattle/Texas/24-008749-003/2024(H5N1)	1177	1307
PA|PP755594.1|A/cattle/Texas/24-008749-003/2024(H5N1)	1178	1301
PA|PP755594.1|A/cattle/Texas/24-008749-003/2024(H5N1)	1179	754
PA|PP755594.1|A/cattle/Texas/24-008749-003/2024(H5N1)	1180	753
PA|PP755594.1|A/cattle/Texas/24-008749-003/2024(H5N1)	1181	735
PA|PP755594.1|A/cattle/Texas/24-008749-003/2024(H5N1)	1182	729
PA|PP755594.1|A/cattle/Texas/24-008749-003/2024(H5N1)	1183	729
PA|PP755594.1|A/cattle/Texas/24-008749-003/2024(H5N1)	1184	729
PA|PP755594.1|A/cattle/Texas/24-008749-003/2024(H5N1)	1185	729
PA|PP755594.1|A/cattle/Texas/24-008749-003/2024(H5N1)	1186	729
PA|PP755594.1|A/cattle/Texas/24-008749-003/2024(H5N1)	1187	729
PA|PP755594.1|A/cattle/Texas/24-008749-003/2024(H5N1)	1188	729
PA|PP755594.1|A/cattle/Texas/24-008749-003/2024(H5N1)	1189	729
PA|PP755594.1|A/cattle/Texas/24-008749-003/2024(H5N1)	1190	729
PA|PP755594.1|A/cattle/Texas/24-008749-003/2024(H5N1)	1191	729
PA|PP755594.1|A/cattle/Texas/24-008749-003/2024(H5N1)	1192	1153
PA|PP755594.1|A/cattle/Texas/24-008749-003/2024(H5N1)	1193	1154
PA|PP755594.1|A/cattle/Texas/24-008749-003/2024(H5N1)	1194	1154
PA|PP755594.1|A/cattle/Texas/24-008749-003/2024(H5N1)	1195	1154
PA|PP755594.1|A/cattle/Texas/24-008749-003/2024(H5N1)	1196	1154
PA|PP755594.1|A/cattle/Texas/24-008749-003/2024(H5N1)	1197	1154
PA|PP755594.1|A/cattle/Texas/24-008749-003/2024(H5N1)	1198	1154
PA|PP755594.1|A/cattle/Texas/24-008749-003/2024(H5N1)	1199	1289
PA|PP755594.1|A/cattle/Texas/24-008749-003/2024(H5N1)	1200	1296
PA|PP755594.1|A/cattle/Texas/24-008749-003/2024(H5N1)	1201	1296
PA|PP755594.1|A/cattle/Texas/24-008749-003/2024(H5N1)	1202	1296
PA|PP755594.1|A/cattle/Texas/24-008749-003/2024(H5N1)	1203	1296
PA|PP755594.1|A/cattle/Texas/24-008749-003/2024(H5N1)	1204	1296
PA|PP755594.1|A/cattle/Texas/24-008749-003/2024(H5N1)	1205	1296
PA|PP755594.1|A/cattle/Texas/24-008749-003/2024(H5N1)	1206	1295
PA|PP755594.1|A/cattle/Texas/24-008749-003/2024(H5N1)	1207	1295
PA|PP755594.1|A/cattle/Texas/24-008749-003/2024(H5N1)	1208	1295
PA|PP755594.1|A/cattle/Texas/24-008749-003/2024(H5N1)	1209	1295
PA|PP755594.1|A/cattle/Texas/24-008749-003/2024(H5N1)	1210	1295
PA|PP755594.1|A/cattle/Texas/24-008749-003/2024(H5N1)	1211	1295
PA|PP755594.1|A/cattle/Texas/24-008749-003/2024(H5N1)	1212	1295
PA|PP755594.1|A/cattle/Texas/24-008749-003/2024(H5N1)	1213	1295
PA|PP755594.1|A/cattle/Texas/24-008749-003/2024(H5N1)	1214	1295
PA|PP755594.1|A/cattle/Texas/24-008749-003/2024(H5N1)	1215	1295
PA|PP755594.1|A/cattle/Texas/24-008749-003/2024(H5N1)	1216	1403
PA|PP755594.1|A/cattle/Texas/24-008749-003/2024(H5N1)	1217	1403
PA|PP755594.1|A/cattle/Texas/24-008749-003/2024(H5N1)	1218	1403
PA|PP755594.1|A/cattle/Texas/24-008749-003/2024(H5N1)	1219	1411
PA|PP755594.1|A/cattle/Texas/24-008749-003/2024(H5N1)	1220	1414
PA|PP755594.1|A/cattle/Texas/24-008749-003/2024(H5N1)	1221	1416
PA|PP755594.1|A/cattle/Texas/24-008749-003/2024(H5N1)	1222	1440
PA|PP755594.1|A/cattle/Texas/24-008749-003/2024(H5N1)	1223	1441
PA|PP755594.1|A/cattle/Texas/24-008749-003/2024(H5N1)	1224	1451
PA|PP755594.1|A/cattle/Texas/24-008749-003/2024(H5N1)	1225	1505
PA|PP755594.1|A/cattle/Texas/24-008749-003/2024(H5N1)	1226	1507
PA|PP755594.1|A/cattle/Texas/24-008749-003/2024(H5N1)	1227	1515
PA|PP755594.1|A/cattle/Texas/24-008749-003/2024(H5N1)	1228	1531
PA|PP755594.1|A/cattle/Texas/24-008749-003/2024(H5N1)	1229	1535
PA|PP755594.1|A/cattle/Texas/24-008749-003/2024(H5N1)	1230	1540
PA|PP755594.1|A/cattle/Texas/24-008749-003/2024(H5N1)	1231	1529
PA|PP755594.1|A/cattle/Texas/24-008749-003/2024(H5N1)	1232	1528
PA|PP755594.1|A/cattle/Texas/24-008749-003/2024(H5N1)	1233	1523
PA|PP755594.1|A/cattle/Texas/24-008749-003/2024(H5N1)	1234	1518
PA|PP755594.1|A/cattle/Texas/24-008749-003/2024(H5N1)	1235	1518
PA|PP755594.1|A/cattle/Texas/24-008749-003/2024(H5N1)	1236	1503
PA|PP755594.1|A/cattle/Texas/24-008749-003/2024(H5N1)	1237	1485
PA|PP755594.1|A/cattle/Texas/24-008749-003/2024(H5N1)	1238	1485
PA|PP755594.1|A/cattle/Texas/24-008749-003/2024(H5N1)	1239	1482
PA|PP755594.1|A/cattle/Texas/24-008749-003/2024(H5N1)	1240	1482
PA|PP755594.1|A/cattle/Texas/24-008749-003/2024(H5N1)	1241	1479
PA|PP755594.1|A/cattle/Texas/24-008749-003/2024(H5N1)	1242	1445
PA|PP755594.1|A/cattle/Texas/24-008749-003/2024(H5N1)	1243	1441
PA|PP755594.1|A/cattle/Texas/24-008749-003/2024(H5N1)	1244	1391
PA|PP755594.1|A/cattle/Texas/24-008749-003/2024(H5N1)	1245	805
PA|PP755594.1|A/cattle/Texas/24-008749-003/2024(H5N1)	1246	800
PA|PP755594.1|A/cattle/Texas/24-008749-003/2024(H5N1)	1247	795
PA|PP755594.1|A/cattle/Texas/24-008749-003/2024(H5N1)	1248	782
PA|PP755594.1|A/cattle/Texas/24-008749-003/2024(H5N1)	1249	776
PA|PP755594.1|A/cattle/Texas/24-008749-003/2024(H5N1)	1250	777
PA|PP755594.1|A/cattle/Texas/24-008749-003/2024(H5N1)	1251	765
PA|PP755594.1|A/cattle/Texas/24-008749-003/2024(H5N1)	1252	758
PA|PP755594.1|A/cattle/Texas/24-008749-003/2024(H5N1)	1253	756
PA|PP755594.1|A/cattle/Texas/24-008749-003/2024(H5N1)	1254	743
PA|PP755594.1|A/cattle/Texas/24-008749-003/2024(H5N1)	1255	743
PA|PP755594.1|A/cattle/Texas/24-008749-003/2024(H5N1)	1256	738
PA|PP755594.1|A/cattle/Texas/24-008749-003/2024(H5N1)	1257	712
PA|PP755594.1|A/cattle/Texas/24-008749-003/2024(H5N1)	1258	712
PA|PP755594.1|A/cattle/Texas/24-008749-003/2024(H5N1)	1259	712
PA|PP755594.1|A/cattle/Texas/24-008749-003/2024(H5N1)	1260	712
PA|PP755594.1|A/cattle/Texas/24-008749-003/2024(H5N1)	1261	713
PA|PP755594.1|A/cattle/Texas/24-008749-003/2024(H5N1)	1262	713
PA|PP755594.1|A/cattle/Texas/24-008749-003/2024(H5N1)	1263	713
PA|PP755594.1|A/cattle/Texas/24-008749-003/2024(H5N1)	1264	716
PA|PP755594.1|A/cattle/Texas/24-008749-003/2024(H5N1)	1265	808
PA|PP755594.1|A/cattle/Texas/24-008749-003/2024(H5N1)	1266	853
PA|PP755594.1|A/cattle/Texas/24-008749-003/2024(H5N1)	1267	853
PA|PP755594.1|A/cattle/Texas/24-008749-003/2024(H5N1)	1268	853
PA|PP755594.1|A/cattle/Texas/24-008749-003/2024(H5N1)	1269	853
PA|PP755594.1|A/cattle/Texas/24-008749-003/2024(H5N1)	1270	880
PA|PP755594.1|A/cattle/Texas/24-008749-003/2024(H5N1)	1271	891
PA|PP755594.1|A/cattle/Texas/24-008749-003/2024(H5N1)	1272	891
PA|PP755594.1|A/cattle/Texas/24-008749-003/2024(H5N1)	1273	891
PA|PP755594.1|A/cattle/Texas/24-008749-003/2024(H5N1)	1274	891
PA|PP755594.1|A/cattle/Texas/24-008749-003/2024(H5N1)	1275	891
PA|PP755594.1|A/cattle/Texas/24-008749-003/2024(H5N1)	1276	891
PA|PP755594.1|A/cattle/Texas/24-008749-003/2024(H5N1)	1277	891
PA|PP755594.1|A/cattle/Texas/24-008749-003/2024(H5N1)	1278	891
PA|PP755594.1|A/cattle/Texas/24-008749-003/2024(H5N1)	1279	892
PA|PP755594.1|A/cattle/Texas/24-008749-003/2024(H5N1)	1280	923
PA|PP755594.1|A/cattle/Texas/24-008749-003/2024(H5N1)	1281	924
PA|PP755594.1|A/cattle/Texas/24-008749-003/2024(H5N1)	1282	1390
PA|PP755594.1|A/cattle/Texas/24-008749-003/2024(H5N1)	1283	1393
PA|PP755594.1|A/cattle/Texas/24-008749-003/2024(H5N1)	1284	1404
PA|PP755594.1|A/cattle/Texas/24-008749-003/2024(H5N1)	1285	1420
PA|PP755594.1|A/cattle/Texas/24-008749-003/2024(H5N1)	1286	1488
PA|PP755594.1|A/cattle/Texas/24-008749-003/2024(H5N1)	1287	1490
PA|PP755594.1|A/cattle/Texas/24-008749-003/2024(H5N1)	1288	1495
PA|PP755594.1|A/cattle/Texas/24-008749-003/2024(H5N1)	1289	1500
PA|PP755594.1|A/cattle/Texas/24-008749-003/2024(H5N1)	1290	1501
PA|PP755594.1|A/cattle/Texas/24-008749-003/2024(H5N1)	1291	1503
PA|PP755594.1|A/cattle/Texas/24-008749-003/2024(H5N1)	1292	1563
PA|PP755594.1|A/cattle/Texas/24-008749-003/2024(H5N1)	1293	1563
PA|PP755594.1|A/cattle/Texas/24-008749-003/2024(H5N1)	1294	1564
PA|PP755594.1|A/cattle/Texas/24-008749-003/2024(H5N1)	1295	1609
PA|PP755594.1|A/cattle/Texas/24-008749-003/2024(H5N1)	1296	1614
PA|PP755594.1|A/cattle/Texas/24-008749-003/2024(H5N1)	1297	1615
PA|PP755594.1|A/cattle/Texas/24-008749-003/2024(H5N1)	1298	1615
PA|PP755594.1|A/cattle/Texas/24-008749-003/2024(H5N1)	1299	1615
PA|PP755594.1|A/cattle/Texas/24-008749-003/2024(H5N1)	1300	1616
PA|PP755594.1|A/cattle/Texas/24-008749-003/2024(H5N1)	1301	1557
PA|PP755594.1|A/cattle/Texas/24-008749-003/2024(H5N1)	1302	1485
PA|PP755594.1|A/cattle/Texas/24-008749-003/2024(H5N1)	1303	1518
PA|PP755594.1|A/cattle/Texas/24-008749-003/2024(H5N1)	1304	1523
PA|PP755594.1|A/cattle/Texas/24-008749-003/2024(H5N1)	1305	1525
PA|PP755594.1|A/cattle/Texas/24-008749-003/2024(H5N1)	1306	1543
PA|PP755594.1|A/cattle/Texas/24-008749-003/2024(H5N1)	1307	1558
PA|PP755594.1|A/cattle/Texas/24-008749-003/2024(H5N1)	1308	1561
PA|PP755594.1|A/cattle/Texas/24-008749-003/2024(H5N1)	1309	1563
PA|PP755594.1|A/cattle/Texas/24-008749-003/2024(H5N1)	1310	1564
PA|PP755594.1|A/cattle/Texas/24-008749-003/2024(H5N1)	1311	1594
PA|PP755594.1|A/cattle/Texas/24-008749-003/2024(H5N1)	1312	1594
PA|PP755594.1|A/cattle/Texas/24-008749-003/2024(H5N1)	1313	1594
PA|PP755594.1|A/cattle/Texas/24-008749-003/2024(H5N1)	1314	1591
PA|PP755594.1|A/cattle/Texas/24-008749-003/2024(H5N1)	1315	1591
PA|PP755594.1|A/cattle/Texas/24-008749-003/2024(H5N1)	1316	1538
PA|PP755594.1|A/cattle/Texas/24-008749-003/2024(H5N1)	1317	1407
PA|PP755594.1|A/cattle/Texas/24-008749-003/2024(H5N1)	1318	1407
PA|PP755594.1|A/cattle/Texas/24-008749-003/2024(H5N1)	1319	1407
PA|PP755594.1|A/cattle/Texas/24-008749-003/2024(H5N1)	1320	1406
PA|PP755594.1|A/cattle/Texas/24-008749-003/2024(H5N1)	1321	1407
PA|PP755594.1|A/cattle/Texas/24-008749-003/2024(H5N1)	1322	1540
PA|PP755594.1|A/cattle/Texas/24-008749-003/2024(H5N1)	1323	1544
PA|PP755594.1|A/cattle/Texas/24-008749-003/2024(H5N1)	1324	1545
PA|PP755594.1|A/cattle/Texas/24-008749-003/2024(H5N1)	1325	1547
PA|PP755594.1|A/cattle/Texas/24-008749-003/2024(H5N1)	1326	1549
PA|PP755594.1|A/cattle/Texas/24-008749-003/2024(H5N1)	1327	1551
PA|PP755594.1|A/cattle/Texas/24-008749-003/2024(H5N1)	1328	1553
PA|PP755594.1|A/cattle/Texas/24-008749-003/2024(H5N1)	1329	1576
PA|PP755594.1|A/cattle/Texas/24-008749-003/2024(H5N1)	1330	1577
PA|PP755594.1|A/cattle/Texas/24-008749-003/2024(H5N1)	1331	1580
PA|PP755594.1|A/cattle/Texas/24-008749-003/2024(H5N1)	1332	1588
PA|PP755594.1|A/cattle/Texas/24-008749-003/2024(H5N1)	1333	1591
PA|PP755594.1|A/cattle/Texas/24-008749-003/2024(H5N1)	1334	1592
PA|PP755594.1|A/cattle/Texas/24-008749-003/2024(H5N1)	1335	1599
PA|PP755594.1|A/cattle/Texas/24-008749-003/2024(H5N1)	1336	1599
PA|PP755594.1|A/cattle/Texas/24-008749-003/2024(H5N1)	1337	1599
PA|PP755594.1|A/cattle/Texas/24-008749-003/2024(H5N1)	1338	1598
PA|PP755594.1|A/cattle/Texas/24-008749-003/2024(H5N1)	1339	1596
PA|PP755594.1|A/cattle/Texas/24-008749-003/2024(H5N1)	1340	1660
PA|PP755594.1|A/cattle/Texas/24-008749-003/2024(H5N1)	1341	1655
PA|PP755594.1|A/cattle/Texas/24-008749-003/2024(H5N1)	1342	1644
PA|PP755594.1|A/cattle/Texas/24-008749-003/2024(H5N1)	1343	1642
PA|PP755594.1|A/cattle/Texas/24-008749-003/2024(H5N1)	1344	1459
PA|PP755594.1|A/cattle/Texas/24-008749-003/2024(H5N1)	1345	1472
PA|PP755594.1|A/cattle/Texas/24-008749-003/2024(H5N1)	1346	1472
PA|PP755594.1|A/cattle/Texas/24-008749-003/2024(H5N1)	1347	1472
PA|PP755594.1|A/cattle/Texas/24-008749-003/2024(H5N1)	1348	1479
PA|PP755594.1|A/cattle/Texas/24-008749-003/2024(H5N1)	1349	1490
PA|PP755594.1|A/cattle/Texas/24-008749-003/2024(H5N1)	1350	1507
PA|PP755594.1|A/cattle/Texas/24-008749-003/2024(H5N1)	1351	1553
PA|PP755594.1|A/cattle/Texas/24-008749-003/2024(H5N1)	1352	1554
PA|PP755594.1|A/cattle/Texas/24-008749-003/2024(H5N1)	1353	1586
PA|PP755594.1|A/cattle/Texas/24-008749-003/2024(H5N1)	1354	1595
PA|PP755594.1|A/cattle/Texas/24-008749-003/2024(H5N1)	1355	1633
PA|PP755594.1|A/cattle/Texas/24-008749-003/2024(H5N1)	1356	1697
PA|PP755594.1|A/cattle/Texas/24-008749-003/2024(H5N1)	1357	1702
PA|PP755594.1|A/cattle/Texas/24-008749-003/2024(H5N1)	1358	1705
PA|PP755594.1|A/cattle/Texas/24-008749-003/2024(H5N1)	1359	1713
PA|PP755594.1|A/cattle/Texas/24-008749-003/2024(H5N1)	1360	1705
PA|PP755594.1|A/cattle/Texas/24-008749-003/2024(H5N1)	1361	1711
PA|PP755594.1|A/cattle/Texas/24-008749-003/2024(H5N1)	1362	1712
PA|PP755594.1|A/cattle/Texas/24-008749-003/2024(H5N1)	1363	1709
PA|PP755594.1|A/cattle/Texas/24-008749-003/2024(H5N1)	1364	1703
PA|PP755594.1|A/cattle/Texas/24-008749-003/2024(H5N1)	1365	1694
PA|PP755594.1|A/cattle/Texas/24-008749-003/2024(H5N1)	1366	1728
PA|PP755594.1|A/cattle/Texas/24-008749-003/2024(H5N1)	1367	1720
PA|PP755594.1|A/cattle/Texas/24-008749-003/2024(H5N1)	1368	1721
PA|PP755594.1|A/cattle/Texas/24-008749-003/2024(H5N1)	1369	1731
PA|PP755594.1|A/cattle/Texas/24-008749-003/2024(H5N1)	1370	1729
PA|PP755594.1|A/cattle/Texas/24-008749-003/2024(H5N1)	1371	1735
PA|PP755594.1|A/cattle/Texas/24-008749-003/2024(H5N1)	1372	1732
PA|PP755594.1|A/cattle/Texas/24-008749-003/2024(H5N1)	1373	1719
PA|PP755594.1|A/cattle/Texas/24-008749-003/2024(H5N1)	1374	1737
PA|PP755594.1|A/cattle/Texas/24-008749-003/2024(H5N1)	1375	1695
PA|PP755594.1|A/cattle/Texas/24-008749-003/2024(H5N1)	1376	1689
PA|PP755594.1|A/cattle/Texas/24-008749-003/2024(H5N1)	1377	1685
PA|PP755594.1|A/cattle/Texas/24-008749-003/2024(H5N1)	1378	1680
PA|PP755594.1|A/cattle/Texas/24-008749-003/2024(H5N1)	1379	1657
PA|PP755594.1|A/cattle/Texas/24-008749-003/2024(H5N1)	1380	1655
PA|PP755594.1|A/cattle/Texas/24-008749-003/2024(H5N1)	1381	1646
PA|PP755594.1|A/cattle/Texas/24-008749-003/2024(H5N1)	1382	1643
PA|PP755594.1|A/cattle/Texas/24-008749-003/2024(H5N1)	1383	1635
PA|PP755594.1|A/cattle/Texas/24-008749-003/2024(H5N1)	1384	1605
PA|PP755594.1|A/cattle/Texas/24-008749-003/2024(H5N1)	1385	1604
PA|PP755594.1|A/cattle/Texas/24-008749-003/2024(H5N1)	1386	1589
PA|PP755594.1|A/cattle/Texas/24-008749-003/2024(H5N1)	1387	1588
PA|PP755594.1|A/cattle/Texas/24-008749-003/2024(H5N1)	1388	1584
PA|PP755594.1|A/cattle/Texas/24-008749-003/2024(H5N1)	1389	1558
PA|PP755594.1|A/cattle/Texas/24-008749-003/2024(H5N1)	1390	1555
PA|PP755594.1|A/cattle/Texas/24-008749-003/2024(H5N1)	1391	1555
PA|PP755594.1|A/cattle/Texas/24-008749-003/2024(H5N1)	1392	1541
PA|PP755594.1|A/cattle/Texas/24-008749-003/2024(H5N1)	1393	1537
PA|PP755594.1|A/cattle/Texas/24-008749-003/2024(H5N1)	1394	1532
PA|PP755594.1|A/cattle/Texas/24-008749-003/2024(H5N1)	1395	1509
PA|PP755594.1|A/cattle/Texas/24-008749-003/2024(H5N1)	1396	1497
PA|PP755594.1|A/cattle/Texas/24-008749-003/2024(H5N1)	1397	1485
PA|PP755594.1|A/cattle/Texas/24-008749-003/2024(H5N1)	1398	1469
PA|PP755594.1|A/cattle/Texas/24-008749-003/2024(H5N1)	1399	1469
PA|PP755594.1|A/cattle/Texas/24-008749-003/2024(H5N1)	1400	1468
PA|PP755594.1|A/cattle/Texas/24-008749-003/2024(H5N1)	1401	1384
PA|PP755594.1|A/cattle/Texas/24-008749-003/2024(H5N1)	1402	1378
PA|PP755594.1|A/cattle/Texas/24-008749-003/2024(H5N1)	1403	1376
PA|PP755594.1|A/cattle/Texas/24-008749-003/2024(H5N1)	1404	1023
PA|PP755594.1|A/cattle/Texas/24-008749-003/2024(H5N1)	1405	981
PA|PP755594.1|A/cattle/Texas/24-008749-003/2024(H5N1)	1406	914
PA|PP755594.1|A/cattle/Texas/24-008749-003/2024(H5N1)	1407	914
PA|PP755594.1|A/cattle/Texas/24-008749-003/2024(H5N1)	1408	914
PA|PP755594.1|A/cattle/Texas/24-008749-003/2024(H5N1)	1409	917
PA|PP755594.1|A/cattle/Texas/24-008749-003/2024(H5N1)	1410	917
PA|PP755594.1|A/cattle/Texas/24-008749-003/2024(H5N1)	1411	919
PA|PP755594.1|A/cattle/Texas/24-008749-003/2024(H5N1)	1412	919
PA|PP755594.1|A/cattle/Texas/24-008749-003/2024(H5N1)	1413	919
PA|PP755594.1|A/cattle/Texas/24-008749-003/2024(H5N1)	1414	919
PA|PP755594.1|A/cattle/Texas/24-008749-003/2024(H5N1)	1415	919
PA|PP755594.1|A/cattle/Texas/24-008749-003/2024(H5N1)	1416	919
PA|PP755594.1|A/cattle/Texas/24-008749-003/2024(H5N1)	1417	919
PA|PP755594.1|A/cattle/Texas/24-008749-003/2024(H5N1)	1418	919
PA|PP755594.1|A/cattle/Texas/24-008749-003/2024(H5N1)	1419	919
PA|PP755594.1|A/cattle/Texas/24-008749-003/2024(H5N1)	1420	919
PA|PP755594.1|A/cattle/Texas/24-008749-003/2024(H5N1)	1421	919
PA|PP755594.1|A/cattle/Texas/24-008749-003/2024(H5N1)	1422	919
PA|PP755594.1|A/cattle/Texas/24-008749-003/2024(H5N1)	1423	919
PA|PP755594.1|A/cattle/Texas/24-008749-003/2024(H5N1)	1424	919
PA|PP755594.1|A/cattle/Texas/24-008749-003/2024(H5N1)	1425	919
PA|PP755594.1|A/cattle/Texas/24-008749-003/2024(H5N1)	1426	1406
PA|PP755594.1|A/cattle/Texas/24-008749-003/2024(H5N1)	1427	1411
PA|PP755594.1|A/cattle/Texas/24-008749-003/2024(H5N1)	1428	1415
PA|PP755594.1|A/cattle/Texas/24-008749-003/2024(H5N1)	1429	1425
PA|PP755594.1|A/cattle/Texas/24-008749-003/2024(H5N1)	1430	1426
PA|PP755594.1|A/cattle/Texas/24-008749-003/2024(H5N1)	1431	1430
PA|PP755594.1|A/cattle/Texas/24-008749-003/2024(H5N1)	1432	1434
PA|PP755594.1|A/cattle/Texas/24-008749-003/2024(H5N1)	1433	1437
PA|PP755594.1|A/cattle/Texas/24-008749-003/2024(H5N1)	1434	1438
PA|PP755594.1|A/cattle/Texas/24-008749-003/2024(H5N1)	1435	1381
PA|PP755594.1|A/cattle/Texas/24-008749-003/2024(H5N1)	1436	1368
PA|PP755594.1|A/cattle/Texas/24-008749-003/2024(H5N1)	1437	1363
PA|PP755594.1|A/cattle/Texas/24-008749-003/2024(H5N1)	1438	1359
PA|PP755594.1|A/cattle/Texas/24-008749-003/2024(H5N1)	1439	1358
PA|PP755594.1|A/cattle/Texas/24-008749-003/2024(H5N1)	1440	1352
PA|PP755594.1|A/cattle/Texas/24-008749-003/2024(H5N1)	1441	1342
PA|PP755594.1|A/cattle/Texas/24-008749-003/2024(H5N1)	1442	1338
PA|PP755594.1|A/cattle/Texas/24-008749-003/2024(H5N1)	1443	1239
PA|PP755594.1|A/cattle/Texas/24-008749-003/2024(H5N1)	1444	1235
PA|PP755594.1|A/cattle/Texas/24-008749-003/2024(H5N1)	1445	1328
PA|PP755594.1|A/cattle/Texas/24-008749-003/2024(H5N1)	1446	1335
PA|PP755594.1|A/cattle/Texas/24-008749-003/2024(H5N1)	1447	1337
PA|PP755594.1|A/cattle/Texas/24-008749-003/2024(H5N1)	1448	1346
PA|PP755594.1|A/cattle/Texas/24-008749-003/2024(H5N1)	1449	1349
PA|PP755594.1|A/cattle/Texas/24-008749-003/2024(H5N1)	1450	1384
PA|PP755594.1|A/cattle/Texas/24-008749-003/2024(H5N1)	1451	1385
PA|PP755594.1|A/cattle/Texas/24-008749-003/2024(H5N1)	1452	1381
PA|PP755594.1|A/cattle/Texas/24-008749-003/2024(H5N1)	1453	1381
PA|PP755594.1|A/cattle/Texas/24-008749-003/2024(H5N1)	1454	1353
PA|PP755594.1|A/cattle/Texas/24-008749-003/2024(H5N1)	1455	1346
PA|PP755594.1|A/cattle/Texas/24-008749-003/2024(H5N1)	1456	1343
PA|PP755594.1|A/cattle/Texas/24-008749-003/2024(H5N1)	1457	1326
PA|PP755594.1|A/cattle/Texas/24-008749-003/2024(H5N1)	1458	1322
PA|PP755594.1|A/cattle/Texas/24-008749-003/2024(H5N1)	1459	1317
PA|PP755594.1|A/cattle/Texas/24-008749-003/2024(H5N1)	1460	1314
PA|PP755594.1|A/cattle/Texas/24-008749-003/2024(H5N1)	1461	1259
PA|PP755594.1|A/cattle/Texas/24-008749-003/2024(H5N1)	1462	1258
PA|PP755594.1|A/cattle/Texas/24-008749-003/2024(H5N1)	1463	1257
PA|PP755594.1|A/cattle/Texas/24-008749-003/2024(H5N1)	1464	1227
PA|PP755594.1|A/cattle/Texas/24-008749-003/2024(H5N1)	1465	1227
PA|PP755594.1|A/cattle/Texas/24-008749-003/2024(H5N1)	1466	1227
PA|PP755594.1|A/cattle/Texas/24-008749-003/2024(H5N1)	1467	1226
PA|PP755594.1|A/cattle/Texas/24-008749-003/2024(H5N1)	1468	1189
PA|PP755594.1|A/cattle/Texas/24-008749-003/2024(H5N1)	1469	1186
PA|PP755594.1|A/cattle/Texas/24-008749-003/2024(H5N1)	1470	1179
PA|PP755594.1|A/cattle/Texas/24-008749-003/2024(H5N1)	1471	1188
PA|PP755594.1|A/cattle/Texas/24-008749-003/2024(H5N1)	1472	1194
PA|PP755594.1|A/cattle/Texas/24-008749-003/2024(H5N1)	1473	1169
PA|PP755594.1|A/cattle/Texas/24-008749-003/2024(H5N1)	1474	1488
PA|PP755594.1|A/cattle/Texas/24-008749-003/2024(H5N1)	1475	1513
PA|PP755594.1|A/cattle/Texas/24-008749-003/2024(H5N1)	1476	1515
PA|PP755594.1|A/cattle/Texas/24-008749-003/2024(H5N1)	1477	1527
PA|PP755594.1|A/cattle/Texas/24-008749-003/2024(H5N1)	1478	1514
PA|PP755594.1|A/cattle/Texas/24-008749-003/2024(H5N1)	1479	1504
PA|PP755594.1|A/cattle/Texas/24-008749-003/2024(H5N1)	1480	1502
PA|PP755594.1|A/cattle/Texas/24-008749-003/2024(H5N1)	1481	1505
PA|PP755594.1|A/cattle/Texas/24-008749-003/2024(H5N1)	1482	1502
PA|PP755594.1|A/cattle/Texas/24-008749-003/2024(H5N1)	1483	1493
PA|PP755594.1|A/cattle/Texas/24-008749-003/2024(H5N1)	1484	1495
PA|PP755594.1|A/cattle/Texas/24-008749-003/2024(H5N1)	1485	1520
PA|PP755594.1|A/cattle/Texas/24-008749-003/2024(H5N1)	1486	1519
PA|PP755594.1|A/cattle/Texas/24-008749-003/2024(H5N1)	1487	1516
PA|PP755594.1|A/cattle/Texas/24-008749-003/2024(H5N1)	1488	1512
PA|PP755594.1|A/cattle/Texas/24-008749-003/2024(H5N1)	1489	1507
PA|PP755594.1|A/cattle/Texas/24-008749-003/2024(H5N1)	1490	1238
PA|PP755594.1|A/cattle/Texas/24-008749-003/2024(H5N1)	1491	1178
PA|PP755594.1|A/cattle/Texas/24-008749-003/2024(H5N1)	1492	1180
PA|PP755594.1|A/cattle/Texas/24-008749-003/2024(H5N1)	1493	1187
PA|PP755594.1|A/cattle/Texas/24-008749-003/2024(H5N1)	1494	1192
PA|PP755594.1|A/cattle/Texas/24-008749-003/2024(H5N1)	1495	1249
PA|PP755594.1|A/cattle/Texas/24-008749-003/2024(H5N1)	1496	1239
PA|PP755594.1|A/cattle/Texas/24-008749-003/2024(H5N1)	1497	1237
PA|PP755594.1|A/cattle/Texas/24-008749-003/2024(H5N1)	1498	1277
PA|PP755594.1|A/cattle/Texas/24-008749-003/2024(H5N1)	1499	1278
PA|PP755594.1|A/cattle/Texas/24-008749-003/2024(H5N1)	1500	1295
PA|PP755594.1|A/cattle/Texas/24-008749-003/2024(H5N1)	1501	1448
PA|PP755594.1|A/cattle/Texas/24-008749-003/2024(H5N1)	1502	1448
PA|PP755594.1|A/cattle/Texas/24-008749-003/2024(H5N1)	1503	1543
PA|PP755594.1|A/cattle/Texas/24-008749-003/2024(H5N1)	1504	1550
PA|PP755594.1|A/cattle/Texas/24-008749-003/2024(H5N1)	1505	1563
PA|PP755594.1|A/cattle/Texas/24-008749-003/2024(H5N1)	1506	1545
PA|PP755594.1|A/cattle/Texas/24-008749-003/2024(H5N1)	1507	1562
PA|PP755594.1|A/cattle/Texas/24-008749-003/2024(H5N1)	1508	1565
PA|PP755594.1|A/cattle/Texas/24-008749-003/2024(H5N1)	1509	1572
PA|PP755594.1|A/cattle/Texas/24-008749-003/2024(H5N1)	1510	1598
PA|PP755594.1|A/cattle/Texas/24-008749-003/2024(H5N1)	1511	1621
PA|PP755594.1|A/cattle/Texas/24-008749-003/2024(H5N1)	1512	1620
PA|PP755594.1|A/cattle/Texas/24-008749-003/2024(H5N1)	1513	1661
PA|PP755594.1|A/cattle/Texas/24-008749-003/2024(H5N1)	1514	1662
PA|PP755594.1|A/cattle/Texas/24-008749-003/2024(H5N1)	1515	1725
PA|PP755594.1|A/cattle/Texas/24-008749-003/2024(H5N1)	1516	1737
PA|PP755594.1|A/cattle/Texas/24-008749-003/2024(H5N1)	1517	1738
PA|PP755594.1|A/cattle/Texas/24-008749-003/2024(H5N1)	1518	1744
PA|PP755594.1|A/cattle/Texas/24-008749-003/2024(H5N1)	1519	1747
PA|PP755594.1|A/cattle/Texas/24-008749-003/2024(H5N1)	1520	1747
PA|PP755594.1|A/cattle/Texas/24-008749-003/2024(H5N1)	1521	1753
PA|PP755594.1|A/cattle/Texas/24-008749-003/2024(H5N1)	1522	1745
PA|PP755594.1|A/cattle/Texas/24-008749-003/2024(H5N1)	1523	1745
PA|PP755594.1|A/cattle/Texas/24-008749-003/2024(H5N1)	1524	1680
PA|PP755594.1|A/cattle/Texas/24-008749-003/2024(H5N1)	1525	1682
PA|PP755594.1|A/cattle/Texas/24-008749-003/2024(H5N1)	1526	1685
PA|PP755594.1|A/cattle/Texas/24-008749-003/2024(H5N1)	1527	1691
PA|PP755594.1|A/cattle/Texas/24-008749-003/2024(H5N1)	1528	1851
PA|PP755594.1|A/cattle/Texas/24-008749-003/2024(H5N1)	1529	1876
PA|PP755594.1|A/cattle/Texas/24-008749-003/2024(H5N1)	1530	1887
PA|PP755594.1|A/cattle/Texas/24-008749-003/2024(H5N1)	1531	1889
PA|PP755594.1|A/cattle/Texas/24-008749-003/2024(H5N1)	1532	1890
PA|PP755594.1|A/cattle/Texas/24-008749-003/2024(H5N1)	1533	1897
PA|PP755594.1|A/cattle/Texas/24-008749-003/2024(H5N1)	1534	1903
PA|PP755594.1|A/cattle/Texas/24-008749-003/2024(H5N1)	1535	1905
PA|PP755594.1|A/cattle/Texas/24-008749-003/2024(H5N1)	1536	1970
PA|PP755594.1|A/cattle/Texas/24-008749-003/2024(H5N1)	1537	1974
PA|PP755594.1|A/cattle/Texas/24-008749-003/2024(H5N1)	1538	1966
PA|PP755594.1|A/cattle/Texas/24-008749-003/2024(H5N1)	1539	1969
PA|PP755594.1|A/cattle/Texas/24-008749-003/2024(H5N1)	1540	1960
PA|PP755594.1|A/cattle/Texas/24-008749-003/2024(H5N1)	1541	1948
PA|PP755594.1|A/cattle/Texas/24-008749-003/2024(H5N1)	1542	1832
PA|PP755594.1|A/cattle/Texas/24-008749-003/2024(H5N1)	1543	1849
PA|PP755594.1|A/cattle/Texas/24-008749-003/2024(H5N1)	1544	1876
PA|PP755594.1|A/cattle/Texas/24-008749-003/2024(H5N1)	1545	1876
PA|PP755594.1|A/cattle/Texas/24-008749-003/2024(H5N1)	1546	1876
PA|PP755594.1|A/cattle/Texas/24-008749-003/2024(H5N1)	1547	1876
PA|PP755594.1|A/cattle/Texas/24-008749-003/2024(H5N1)	1548	1835
PA|PP755594.1|A/cattle/Texas/24-008749-003/2024(H5N1)	1549	1832
PA|PP755594.1|A/cattle/Texas/24-008749-003/2024(H5N1)	1550	1817
PA|PP755594.1|A/cattle/Texas/24-008749-003/2024(H5N1)	1551	1231
PA|PP755594.1|A/cattle/Texas/24-008749-003/2024(H5N1)	1552	1231
PA|PP755594.1|A/cattle/Texas/24-008749-003/2024(H5N1)	1553	1231
PA|PP755594.1|A/cattle/Texas/24-008749-003/2024(H5N1)	1554	1230
PA|PP755594.1|A/cattle/Texas/24-008749-003/2024(H5N1)	1555	1230
PA|PP755594.1|A/cattle/Texas/24-008749-003/2024(H5N1)	1556	1230
PA|PP755594.1|A/cattle/Texas/24-008749-003/2024(H5N1)	1557	1230
PA|PP755594.1|A/cattle/Texas/24-008749-003/2024(H5N1)	1558	1236
PA|PP755594.1|A/cattle/Texas/24-008749-003/2024(H5N1)	1559	1250
PA|PP755594.1|A/cattle/Texas/24-008749-003/2024(H5N1)	1560	1250
PA|PP755594.1|A/cattle/Texas/24-008749-003/2024(H5N1)	1561	1250
PA|PP755594.1|A/cattle/Texas/24-008749-003/2024(H5N1)	1562	1250
PA|PP755594.1|A/cattle/Texas/24-008749-003/2024(H5N1)	1563	1250
PA|PP755594.1|A/cattle/Texas/24-008749-003/2024(H5N1)	1564	1256
PA|PP755594.1|A/cattle/Texas/24-008749-003/2024(H5N1)	1565	1256
PA|PP755594.1|A/cattle/Texas/24-008749-003/2024(H5N1)	1566	1256
PA|PP755594.1|A/cattle/Texas/24-008749-003/2024(H5N1)	1567	1257
PA|PP755594.1|A/cattle/Texas/24-008749-003/2024(H5N1)	1568	1261
PA|PP755594.1|A/cattle/Texas/24-008749-003/2024(H5N1)	1569	1261
PA|PP755594.1|A/cattle/Texas/24-008749-003/2024(H5N1)	1570	1261
PA|PP755594.1|A/cattle/Texas/24-008749-003/2024(H5N1)	1571	1261
PA|PP755594.1|A/cattle/Texas/24-008749-003/2024(H5N1)	1572	1261
PA|PP755594.1|A/cattle/Texas/24-008749-003/2024(H5N1)	1573	1274
PA|PP755594.1|A/cattle/Texas/24-008749-003/2024(H5N1)	1574	1279
PA|PP755594.1|A/cattle/Texas/24-008749-003/2024(H5N1)	1575	1279
PA|PP755594.1|A/cattle/Texas/24-008749-003/2024(H5N1)	1576	1282
PA|PP755594.1|A/cattle/Texas/24-008749-003/2024(H5N1)	1577	1284
PA|PP755594.1|A/cattle/Texas/24-008749-003/2024(H5N1)	1578	1284
PA|PP755594.1|A/cattle/Texas/24-008749-003/2024(H5N1)	1579	1288
PA|PP755594.1|A/cattle/Texas/24-008749-003/2024(H5N1)	1580	1274
PA|PP755594.1|A/cattle/Texas/24-008749-003/2024(H5N1)	1581	1274
PA|PP755594.1|A/cattle/Texas/24-008749-003/2024(H5N1)	1582	1288
PA|PP755594.1|A/cattle/Texas/24-008749-003/2024(H5N1)	1583	1298
PA|PP755594.1|A/cattle/Texas/24-008749-003/2024(H5N1)	1584	1300
PA|PP755594.1|A/cattle/Texas/24-008749-003/2024(H5N1)	1585	1303
PA|PP755594.1|A/cattle/Texas/24-008749-003/2024(H5N1)	1586	1384
PA|PP755594.1|A/cattle/Texas/24-008749-003/2024(H5N1)	1587	1392
PA|PP755594.1|A/cattle/Texas/24-008749-003/2024(H5N1)	1588	1453
PA|PP755594.1|A/cattle/Texas/24-008749-003/2024(H5N1)	1589	1462
PA|PP755594.1|A/cattle/Texas/24-008749-003/2024(H5N1)	1590	1462
PA|PP755594.1|A/cattle/Texas/24-008749-003/2024(H5N1)	1591	1463
PA|PP755594.1|A/cattle/Texas/24-008749-003/2024(H5N1)	1592	1592
PA|PP755594.1|A/cattle/Texas/24-008749-003/2024(H5N1)	1593	1649
PA|PP755594.1|A/cattle/Texas/24-008749-003/2024(H5N1)	1594	1665
PA|PP755594.1|A/cattle/Texas/24-008749-003/2024(H5N1)	1595	1665
PA|PP755594.1|A/cattle/Texas/24-008749-003/2024(H5N1)	1596	1665
PA|PP755594.1|A/cattle/Texas/24-008749-003/2024(H5N1)	1597	1712
PA|PP755594.1|A/cattle/Texas/24-008749-003/2024(H5N1)	1598	1727
PA|PP755594.1|A/cattle/Texas/24-008749-003/2024(H5N1)	1599	1729
PA|PP755594.1|A/cattle/Texas/24-008749-003/2024(H5N1)	1600	2172
PA|PP755594.1|A/cattle/Texas/24-008749-003/2024(H5N1)	1601	2177
PA|PP755594.1|A/cattle/Texas/24-008749-003/2024(H5N1)	1602	2184
PA|PP755594.1|A/cattle/Texas/24-008749-003/2024(H5N1)	1603	2225
PA|PP755594.1|A/cattle/Texas/24-008749-003/2024(H5N1)	1604	2234
PA|PP755594.1|A/cattle/Texas/24-008749-003/2024(H5N1)	1605	2243
PA|PP755594.1|A/cattle/Texas/24-008749-003/2024(H5N1)	1606	2246
PA|PP755594.1|A/cattle/Texas/24-008749-003/2024(H5N1)	1607	2250
PA|PP755594.1|A/cattle/Texas/24-008749-003/2024(H5N1)	1608	2253
PA|PP755594.1|A/cattle/Texas/24-008749-003/2024(H5N1)	1609	2293
PA|PP755594.1|A/cattle/Texas/24-008749-003/2024(H5N1)	1610	2305
PA|PP755594.1|A/cattle/Texas/24-008749-003/2024(H5N1)	1611	2314
PA|PP755594.1|A/cattle/Texas/24-008749-003/2024(H5N1)	1612	2295
PA|PP755594.1|A/cattle/Texas/24-008749-003/2024(H5N1)	1613	2312
PA|PP755594.1|A/cattle/Texas/24-008749-003/2024(H5N1)	1614	2327
PA|PP755594.1|A/cattle/Texas/24-008749-003/2024(H5N1)	1615	2310
PA|PP755594.1|A/cattle/Texas/24-008749-003/2024(H5N1)	1616	2304
PA|PP755594.1|A/cattle/Texas/24-008749-003/2024(H5N1)	1617	2333
PA|PP755594.1|A/cattle/Texas/24-008749-003/2024(H5N1)	1618	2332
PA|PP755594.1|A/cattle/Texas/24-008749-003/2024(H5N1)	1619	2324
PA|PP755594.1|A/cattle/Texas/24-008749-003/2024(H5N1)	1620	2283
PA|PP755594.1|A/cattle/Texas/24-008749-003/2024(H5N1)	1621	2264
PA|PP755594.1|A/cattle/Texas/24-008749-003/2024(H5N1)	1622	2259
PA|PP755594.1|A/cattle/Texas/24-008749-003/2024(H5N1)	1623	2235
PA|PP755594.1|A/cattle/Texas/24-008749-003/2024(H5N1)	1624	2210
PA|PP755594.1|A/cattle/Texas/24-008749-003/2024(H5N1)	1625	2244
PA|PP755594.1|A/cattle/Texas/24-008749-003/2024(H5N1)	1626	2212
PA|PP755594.1|A/cattle/Texas/24-008749-003/2024(H5N1)	1627	2200
PA|PP755594.1|A/cattle/Texas/24-008749-003/2024(H5N1)	1628	2198
PA|PP755594.1|A/cattle/Texas/24-008749-003/2024(H5N1)	1629	2197
PA|PP755594.1|A/cattle/Texas/24-008749-003/2024(H5N1)	1630	2196
PA|PP755594.1|A/cattle/Texas/24-008749-003/2024(H5N1)	1631	2181
PA|PP755594.1|A/cattle/Texas/24-008749-003/2024(H5N1)	1632	1725
PA|PP755594.1|A/cattle/Texas/24-008749-003/2024(H5N1)	1633	1725
PA|PP755594.1|A/cattle/Texas/24-008749-003/2024(H5N1)	1634	1735
PA|PP755594.1|A/cattle/Texas/24-008749-003/2024(H5N1)	1635	1747
PA|PP755594.1|A/cattle/Texas/24-008749-003/2024(H5N1)	1636	1984
PA|PP755594.1|A/cattle/Texas/24-008749-003/2024(H5N1)	1637	1996
PA|PP755594.1|A/cattle/Texas/24-008749-003/2024(H5N1)	1638	2010
PA|PP755594.1|A/cattle/Texas/24-008749-003/2024(H5N1)	1639	2017
PA|PP755594.1|A/cattle/Texas/24-008749-003/2024(H5N1)	1640	2055
PA|PP755594.1|A/cattle/Texas/24-008749-003/2024(H5N1)	1641	2057
PA|PP755594.1|A/cattle/Texas/24-008749-003/2024(H5N1)	1642	2071
PA|PP755594.1|A/cattle/Texas/24-008749-003/2024(H5N1)	1643	2111
PA|PP755594.1|A/cattle/Texas/24-008749-003/2024(H5N1)	1644	2116
PA|PP755594.1|A/cattle/Texas/24-008749-003/2024(H5N1)	1645	2294
PA|PP755594.1|A/cattle/Texas/24-008749-003/2024(H5N1)	1646	2294
PA|PP755594.1|A/cattle/Texas/24-008749-003/2024(H5N1)	1647	2294
PA|PP755594.1|A/cattle/Texas/24-008749-003/2024(H5N1)	1648	2258
PA|PP755594.1|A/cattle/Texas/24-008749-003/2024(H5N1)	1649	2240
PA|PP755594.1|A/cattle/Texas/24-008749-003/2024(H5N1)	1650	2239
PA|PP755594.1|A/cattle/Texas/24-008749-003/2024(H5N1)	1651	2243
PA|PP755594.1|A/cattle/Texas/24-008749-003/2024(H5N1)	1652	2474
PA|PP755594.1|A/cattle/Texas/24-008749-003/2024(H5N1)	1653	2516
PA|PP755594.1|A/cattle/Texas/24-008749-003/2024(H5N1)	1654	2525
PA|PP755594.1|A/cattle/Texas/24-008749-003/2024(H5N1)	1655	2571
PA|PP755594.1|A/cattle/Texas/24-008749-003/2024(H5N1)	1656	2576
PA|PP755594.1|A/cattle/Texas/24-008749-003/2024(H5N1)	1657	2680
PA|PP755594.1|A/cattle/Texas/24-008749-003/2024(H5N1)	1658	2692
PA|PP755594.1|A/cattle/Texas/24-008749-003/2024(H5N1)	1659	2689
PA|PP755594.1|A/cattle/Texas/24-008749-003/2024(H5N1)	1660	2687
PA|PP755594.1|A/cattle/Texas/24-008749-003/2024(H5N1)	1661	2663
PA|PP755594.1|A/cattle/Texas/24-008749-003/2024(H5N1)	1662	2636
PA|PP755594.1|A/cattle/Texas/24-008749-003/2024(H5N1)	1663	2651
PA|PP755594.1|A/cattle/Texas/24-008749-003/2024(H5N1)	1664	2633
PA|PP755594.1|A/cattle/Texas/24-008749-003/2024(H5N1)	1665	2632
PA|PP755594.1|A/cattle/Texas/24-008749-003/2024(H5N1)	1666	2553
PA|PP755594.1|A/cattle/Texas/24-008749-003/2024(H5N1)	1667	2546
PA|PP755594.1|A/cattle/Texas/24-008749-003/2024(H5N1)	1668	2540
PA|PP755594.1|A/cattle/Texas/24-008749-003/2024(H5N1)	1669	2536
PA|PP755594.1|A/cattle/Texas/24-008749-003/2024(H5N1)	1670	2528
PA|PP755594.1|A/cattle/Texas/24-008749-003/2024(H5N1)	1671	2523
PA|PP755594.1|A/cattle/Texas/24-008749-003/2024(H5N1)	1672	2511
PA|PP755594.1|A/cattle/Texas/24-008749-003/2024(H5N1)	1673	2301
PA|PP755594.1|A/cattle/Texas/24-008749-003/2024(H5N1)	1674	2301
PA|PP755594.1|A/cattle/Texas/24-008749-003/2024(H5N1)	1675	2311
PA|PP755594.1|A/cattle/Texas/24-008749-003/2024(H5N1)	1676	2319
PA|PP755594.1|A/cattle/Texas/24-008749-003/2024(H5N1)	1677	2321
PA|PP755594.1|A/cattle/Texas/24-008749-003/2024(H5N1)	1678	2495
PA|PP755594.1|A/cattle/Texas/24-008749-003/2024(H5N1)	1679	2504
PA|PP755594.1|A/cattle/Texas/24-008749-003/2024(H5N1)	1680	2504
PA|PP755594.1|A/cattle/Texas/24-008749-003/2024(H5N1)	1681	2535
PA|PP755594.1|A/cattle/Texas/24-008749-003/2024(H5N1)	1682	2536
PA|PP755594.1|A/cattle/Texas/24-008749-003/2024(H5N1)	1683	2547
PA|PP755594.1|A/cattle/Texas/24-008749-003/2024(H5N1)	1684	2553
PA|PP755594.1|A/cattle/Texas/24-008749-003/2024(H5N1)	1685	2567
PA|PP755594.1|A/cattle/Texas/24-008749-003/2024(H5N1)	1686	2553
PA|PP755594.1|A/cattle/Texas/24-008749-003/2024(H5N1)	1687	2528
PA|PP755594.1|A/cattle/Texas/24-008749-003/2024(H5N1)	1688	2521
PA|PP755594.1|A/cattle/Texas/24-008749-003/2024(H5N1)	1689	2532
PA|PP755594.1|A/cattle/Texas/24-008749-003/2024(H5N1)	1690	2513
PA|PP755594.1|A/cattle/Texas/24-008749-003/2024(H5N1)	1691	2511
PA|PP755594.1|A/cattle/Texas/24-008749-003/2024(H5N1)	1692	2481
PA|PP755594.1|A/cattle/Texas/24-008749-003/2024(H5N1)	1693	2468
PA|PP755594.1|A/cattle/Texas/24-008749-003/2024(H5N1)	1694	2452
PA|PP755594.1|A/cattle/Texas/24-008749-003/2024(H5N1)	1695	2293
PA|PP755594.1|A/cattle/Texas/24-008749-003/2024(H5N1)	1696	2283
PA|PP755594.1|A/cattle/Texas/24-008749-003/2024(H5N1)	1697	2280
PA|PP755594.1|A/cattle/Texas/24-008749-003/2024(H5N1)	1698	2270
PA|PP755594.1|A/cattle/Texas/24-008749-003/2024(H5N1)	1699	2275
PA|PP755594.1|A/cattle/Texas/24-008749-003/2024(H5N1)	1700	2284
PA|PP755594.1|A/cattle/Texas/24-008749-003/2024(H5N1)	1701	2262
PA|PP755594.1|A/cattle/Texas/24-008749-003/2024(H5N1)	1702	2234
PA|PP755594.1|A/cattle/Texas/24-008749-003/2024(H5N1)	1703	2234
PA|PP755594.1|A/cattle/Texas/24-008749-003/2024(H5N1)	1704	2230
PA|PP755594.1|A/cattle/Texas/24-008749-003/2024(H5N1)	1705	2230
PA|PP755594.1|A/cattle/Texas/24-008749-003/2024(H5N1)	1706	2227
PA|PP755594.1|A/cattle/Texas/24-008749-003/2024(H5N1)	1707	2216
PA|PP755594.1|A/cattle/Texas/24-008749-003/2024(H5N1)	1708	2219
PA|PP755594.1|A/cattle/Texas/24-008749-003/2024(H5N1)	1709	2231
PA|PP755594.1|A/cattle/Texas/24-008749-003/2024(H5N1)	1710	2235
PA|PP755594.1|A/cattle/Texas/24-008749-003/2024(H5N1)	1711	2506
PA|PP755594.1|A/cattle/Texas/24-008749-003/2024(H5N1)	1712	2516
PA|PP755594.1|A/cattle/Texas/24-008749-003/2024(H5N1)	1713	2516
PA|PP755594.1|A/cattle/Texas/24-008749-003/2024(H5N1)	1714	2516
PA|PP755594.1|A/cattle/Texas/24-008749-003/2024(H5N1)	1715	2519
PA|PP755594.1|A/cattle/Texas/24-008749-003/2024(H5N1)	1716	2477
PA|PP755594.1|A/cattle/Texas/24-008749-003/2024(H5N1)	1717	2506
PA|PP755594.1|A/cattle/Texas/24-008749-003/2024(H5N1)	1718	2506
PA|PP755594.1|A/cattle/Texas/24-008749-003/2024(H5N1)	1719	2516
PA|PP755594.1|A/cattle/Texas/24-008749-003/2024(H5N1)	1720	2520
PA|PP755594.1|A/cattle/Texas/24-008749-003/2024(H5N1)	1721	2508
PA|PP755594.1|A/cattle/Texas/24-008749-003/2024(H5N1)	1722	2512
PA|PP755594.1|A/cattle/Texas/24-008749-003/2024(H5N1)	1723	2526
PA|PP755594.1|A/cattle/Texas/24-008749-003/2024(H5N1)	1724	2567
PA|PP755594.1|A/cattle/Texas/24-008749-003/2024(H5N1)	1725	2605
PA|PP755594.1|A/cattle/Texas/24-008749-003/2024(H5N1)	1726	2607
PA|PP755594.1|A/cattle/Texas/24-008749-003/2024(H5N1)	1727	2619
PA|PP755594.1|A/cattle/Texas/24-008749-003/2024(H5N1)	1728	2625
PA|PP755594.1|A/cattle/Texas/24-008749-003/2024(H5N1)	1729	2643
PA|PP755594.1|A/cattle/Texas/24-008749-003/2024(H5N1)	1730	2735
PA|PP755594.1|A/cattle/Texas/24-008749-003/2024(H5N1)	1731	2823
PA|PP755594.1|A/cattle/Texas/24-008749-003/2024(H5N1)	1732	2827
PA|PP755594.1|A/cattle/Texas/24-008749-003/2024(H5N1)	1733	2897
PA|PP755594.1|A/cattle/Texas/24-008749-003/2024(H5N1)	1734	2881
PA|PP755594.1|A/cattle/Texas/24-008749-003/2024(H5N1)	1735	2940
PA|PP755594.1|A/cattle/Texas/24-008749-003/2024(H5N1)	1736	2944
PA|PP755594.1|A/cattle/Texas/24-008749-003/2024(H5N1)	1737	2873
PA|PP755594.1|A/cattle/Texas/24-008749-003/2024(H5N1)	1738	2942
PA|PP755594.1|A/cattle/Texas/24-008749-003/2024(H5N1)	1739	2929
PA|PP755594.1|A/cattle/Texas/24-008749-003/2024(H5N1)	1740	2946
PA|PP755594.1|A/cattle/Texas/24-008749-003/2024(H5N1)	1741	2986
PA|PP755594.1|A/cattle/Texas/24-008749-003/2024(H5N1)	1742	2933
PA|PP755594.1|A/cattle/Texas/24-008749-003/2024(H5N1)	1743	2816
PA|PP755594.1|A/cattle/Texas/24-008749-003/2024(H5N1)	1744	2830
PA|PP755594.1|A/cattle/Texas/24-008749-003/2024(H5N1)	1745	2846
PA|PP755594.1|A/cattle/Texas/24-008749-003/2024(H5N1)	1746	2862
PA|PP755594.1|A/cattle/Texas/24-008749-003/2024(H5N1)	1747	2818
PA|PP755594.1|A/cattle/Texas/24-008749-003/2024(H5N1)	1748	2813
PA|PP755594.1|A/cattle/Texas/24-008749-003/2024(H5N1)	1749	2798
PA|PP755594.1|A/cattle/Texas/24-008749-003/2024(H5N1)	1750	2841
PA|PP755594.1|A/cattle/Texas/24-008749-003/2024(H5N1)	1751	2898
PA|PP755594.1|A/cattle/Texas/24-008749-003/2024(H5N1)	1752	2904
PA|PP755594.1|A/cattle/Texas/24-008749-003/2024(H5N1)	1753	2930
PA|PP755594.1|A/cattle/Texas/24-008749-003/2024(H5N1)	1754	2890
PA|PP755594.1|A/cattle/Texas/24-008749-003/2024(H5N1)	1755	2917
PA|PP755594.1|A/cattle/Texas/24-008749-003/2024(H5N1)	1756	2962
PA|PP755594.1|A/cattle/Texas/24-008749-003/2024(H5N1)	1757	2960
PA|PP755594.1|A/cattle/Texas/24-008749-003/2024(H5N1)	1758	2969
PA|PP755594.1|A/cattle/Texas/24-008749-003/2024(H5N1)	1759	2962
PA|PP755594.1|A/cattle/Texas/24-008749-003/2024(H5N1)	1760	2916
PA|PP755594.1|A/cattle/Texas/24-008749-003/2024(H5N1)	1761	2908
PA|PP755594.1|A/cattle/Texas/24-008749-003/2024(H5N1)	1762	2908
PA|PP755594.1|A/cattle/Texas/24-008749-003/2024(H5N1)	1763	3125
PA|PP755594.1|A/cattle/Texas/24-008749-003/2024(H5N1)	1764	3115
PA|PP755594.1|A/cattle/Texas/24-008749-003/2024(H5N1)	1765	3200
PA|PP755594.1|A/cattle/Texas/24-008749-003/2024(H5N1)	1766	3326
PA|PP755594.1|A/cattle/Texas/24-008749-003/2024(H5N1)	1767	3331
PA|PP755594.1|A/cattle/Texas/24-008749-003/2024(H5N1)	1768	3347
PA|PP755594.1|A/cattle/Texas/24-008749-003/2024(H5N1)	1769	3349
PA|PP755594.1|A/cattle/Texas/24-008749-003/2024(H5N1)	1770	3347
PA|PP755594.1|A/cattle/Texas/24-008749-003/2024(H5N1)	1771	3354
PA|PP755594.1|A/cattle/Texas/24-008749-003/2024(H5N1)	1772	3258
PA|PP755594.1|A/cattle/Texas/24-008749-003/2024(H5N1)	1773	3292
PA|PP755594.1|A/cattle/Texas/24-008749-003/2024(H5N1)	1774	3286
PA|PP755594.1|A/cattle/Texas/24-008749-003/2024(H5N1)	1775	3293
PA|PP755594.1|A/cattle/Texas/24-008749-003/2024(H5N1)	1776	3269
PA|PP755594.1|A/cattle/Texas/24-008749-003/2024(H5N1)	1777	3273
PA|PP755594.1|A/cattle/Texas/24-008749-003/2024(H5N1)	1778	3262
PA|PP755594.1|A/cattle/Texas/24-008749-003/2024(H5N1)	1779	3298
PA|PP755594.1|A/cattle/Texas/24-008749-003/2024(H5N1)	1780	3296
PA|PP755594.1|A/cattle/Texas/24-008749-003/2024(H5N1)	1781	3363
PA|PP755594.1|A/cattle/Texas/24-008749-003/2024(H5N1)	1782	3339
PA|PP755594.1|A/cattle/Texas/24-008749-003/2024(H5N1)	1783	3341
PA|PP755594.1|A/cattle/Texas/24-008749-003/2024(H5N1)	1784	3327
PA|PP755594.1|A/cattle/Texas/24-008749-003/2024(H5N1)	1785	3384
PA|PP755594.1|A/cattle/Texas/24-008749-003/2024(H5N1)	1786	3390
PA|PP755594.1|A/cattle/Texas/24-008749-003/2024(H5N1)	1787	3372
PA|PP755594.1|A/cattle/Texas/24-008749-003/2024(H5N1)	1788	3357
PA|PP755594.1|A/cattle/Texas/24-008749-003/2024(H5N1)	1789	3361
PA|PP755594.1|A/cattle/Texas/24-008749-003/2024(H5N1)	1790	3331
PA|PP755594.1|A/cattle/Texas/24-008749-003/2024(H5N1)	1791	3337
PA|PP755594.1|A/cattle/Texas/24-008749-003/2024(H5N1)	1792	3413
PA|PP755594.1|A/cattle/Texas/24-008749-003/2024(H5N1)	1793	3396
PA|PP755594.1|A/cattle/Texas/24-008749-003/2024(H5N1)	1794	3327
PA|PP755594.1|A/cattle/Texas/24-008749-003/2024(H5N1)	1795	3319
PA|PP755594.1|A/cattle/Texas/24-008749-003/2024(H5N1)	1796	3162
PA|PP755594.1|A/cattle/Texas/24-008749-003/2024(H5N1)	1797	3152
PA|PP755594.1|A/cattle/Texas/24-008749-003/2024(H5N1)	1798	3138
PA|PP755594.1|A/cattle/Texas/24-008749-003/2024(H5N1)	1799	3138
PA|PP755594.1|A/cattle/Texas/24-008749-003/2024(H5N1)	1800	3122
PA|PP755594.1|A/cattle/Texas/24-008749-003/2024(H5N1)	1801	3324
PA|PP755594.1|A/cattle/Texas/24-008749-003/2024(H5N1)	1802	3246
PA|PP755594.1|A/cattle/Texas/24-008749-003/2024(H5N1)	1803	3235
PA|PP755594.1|A/cattle/Texas/24-008749-003/2024(H5N1)	1804	3234
PA|PP755594.1|A/cattle/Texas/24-008749-003/2024(H5N1)	1805	3220
PA|PP755594.1|A/cattle/Texas/24-008749-003/2024(H5N1)	1806	3209
PA|PP755594.1|A/cattle/Texas/24-008749-003/2024(H5N1)	1807	3199
PA|PP755594.1|A/cattle/Texas/24-008749-003/2024(H5N1)	1808	3091
PA|PP755594.1|A/cattle/Texas/24-008749-003/2024(H5N1)	1809	3075
PA|PP755594.1|A/cattle/Texas/24-008749-003/2024(H5N1)	1810	3073
PA|PP755594.1|A/cattle/Texas/24-008749-003/2024(H5N1)	1811	3063
PA|PP755594.1|A/cattle/Texas/24-008749-003/2024(H5N1)	1812	2560
PA|PP755594.1|A/cattle/Texas/24-008749-003/2024(H5N1)	1813	2552
PA|PP755594.1|A/cattle/Texas/24-008749-003/2024(H5N1)	1814	2535
PA|PP755594.1|A/cattle/Texas/24-008749-003/2024(H5N1)	1815	2530
PA|PP755594.1|A/cattle/Texas/24-008749-003/2024(H5N1)	1816	2530
PA|PP755594.1|A/cattle/Texas/24-008749-003/2024(H5N1)	1817	2530
PA|PP755594.1|A/cattle/Texas/24-008749-003/2024(H5N1)	1818	2522
PA|PP755594.1|A/cattle/Texas/24-008749-003/2024(H5N1)	1819	2498
PA|PP755594.1|A/cattle/Texas/24-008749-003/2024(H5N1)	1820	2457
PA|PP755594.1|A/cattle/Texas/24-008749-003/2024(H5N1)	1821	2446
PA|PP755594.1|A/cattle/Texas/24-008749-003/2024(H5N1)	1822	2413
PA|PP755594.1|A/cattle/Texas/24-008749-003/2024(H5N1)	1823	2409
PA|PP755594.1|A/cattle/Texas/24-008749-003/2024(H5N1)	1824	2392
PA|PP755594.1|A/cattle/Texas/24-008749-003/2024(H5N1)	1825	2392
PA|PP755594.1|A/cattle/Texas/24-008749-003/2024(H5N1)	1826	2392
PA|PP755594.1|A/cattle/Texas/24-008749-003/2024(H5N1)	1827	2392
PA|PP755594.1|A/cattle/Texas/24-008749-003/2024(H5N1)	1828	2728
PA|PP755594.1|A/cattle/Texas/24-008749-003/2024(H5N1)	1829	2728
PA|PP755594.1|A/cattle/Texas/24-008749-003/2024(H5N1)	1830	2728
PA|PP755594.1|A/cattle/Texas/24-008749-003/2024(H5N1)	1831	2728
PA|PP755594.1|A/cattle/Texas/24-008749-003/2024(H5N1)	1832	2728
PA|PP755594.1|A/cattle/Texas/24-008749-003/2024(H5N1)	1833	2721
PA|PP755594.1|A/cattle/Texas/24-008749-003/2024(H5N1)	1834	2725
PA|PP755594.1|A/cattle/Texas/24-008749-003/2024(H5N1)	1835	2725
PA|PP755594.1|A/cattle/Texas/24-008749-003/2024(H5N1)	1836	2725
PA|PP755594.1|A/cattle/Texas/24-008749-003/2024(H5N1)	1837	2725
PA|PP755594.1|A/cattle/Texas/24-008749-003/2024(H5N1)	1838	2714
PA|PP755594.1|A/cattle/Texas/24-008749-003/2024(H5N1)	1839	2711
PA|PP755594.1|A/cattle/Texas/24-008749-003/2024(H5N1)	1840	2711
PA|PP755594.1|A/cattle/Texas/24-008749-003/2024(H5N1)	1841	2711
PA|PP755594.1|A/cattle/Texas/24-008749-003/2024(H5N1)	1842	2711
PA|PP755594.1|A/cattle/Texas/24-008749-003/2024(H5N1)	1843	2709
PA|PP755594.1|A/cattle/Texas/24-008749-003/2024(H5N1)	1844	2679
PA|PP755594.1|A/cattle/Texas/24-008749-003/2024(H5N1)	1845	2679
PA|PP755594.1|A/cattle/Texas/24-008749-003/2024(H5N1)	1846	2679
PA|PP755594.1|A/cattle/Texas/24-008749-003/2024(H5N1)	1847	2679
PA|PP755594.1|A/cattle/Texas/24-008749-003/2024(H5N1)	1848	2674
PA|PP755594.1|A/cattle/Texas/24-008749-003/2024(H5N1)	1849	2953
PA|PP755594.1|A/cattle/Texas/24-008749-003/2024(H5N1)	1850	2953
PA|PP755594.1|A/cattle/Texas/24-008749-003/2024(H5N1)	1851	2954
PA|PP755594.1|A/cattle/Texas/24-008749-003/2024(H5N1)	1852	2954
PA|PP755594.1|A/cattle/Texas/24-008749-003/2024(H5N1)	1853	2919
PA|PP755594.1|A/cattle/Texas/24-008749-003/2024(H5N1)	1854	2907
PA|PP755594.1|A/cattle/Texas/24-008749-003/2024(H5N1)	1855	2999
PA|PP755594.1|A/cattle/Texas/24-008749-003/2024(H5N1)	1856	3012
PA|PP755594.1|A/cattle/Texas/24-008749-003/2024(H5N1)	1857	3018
PA|PP755594.1|A/cattle/Texas/24-008749-003/2024(H5N1)	1858	3036
PA|PP755594.1|A/cattle/Texas/24-008749-003/2024(H5N1)	1859	3058
PA|PP755594.1|A/cattle/Texas/24-008749-003/2024(H5N1)	1860	3057
PA|PP755594.1|A/cattle/Texas/24-008749-003/2024(H5N1)	1861	3087
PA|PP755594.1|A/cattle/Texas/24-008749-003/2024(H5N1)	1862	3092
PA|PP755594.1|A/cattle/Texas/24-008749-003/2024(H5N1)	1863	3134
PA|PP755594.1|A/cattle/Texas/24-008749-003/2024(H5N1)	1864	3190
PA|PP755594.1|A/cattle/Texas/24-008749-003/2024(H5N1)	1865	3229
PA|PP755594.1|A/cattle/Texas/24-008749-003/2024(H5N1)	1866	3228
PA|PP755594.1|A/cattle/Texas/24-008749-003/2024(H5N1)	1867	3239
PA|PP755594.1|A/cattle/Texas/24-008749-003/2024(H5N1)	1868	3217
PA|PP755594.1|A/cattle/Texas/24-008749-003/2024(H5N1)	1869	3243
PA|PP755594.1|A/cattle/Texas/24-008749-003/2024(H5N1)	1870	3237
PA|PP755594.1|A/cattle/Texas/24-008749-003/2024(H5N1)	1871	3253
PA|PP755594.1|A/cattle/Texas/24-008749-003/2024(H5N1)	1872	3425
PA|PP755594.1|A/cattle/Texas/24-008749-003/2024(H5N1)	1873	3420
PA|PP755594.1|A/cattle/Texas/24-008749-003/2024(H5N1)	1874	3422
PA|PP755594.1|A/cattle/Texas/24-008749-003/2024(H5N1)	1875	3391
PA|PP755594.1|A/cattle/Texas/24-008749-003/2024(H5N1)	1876	3384
PA|PP755594.1|A/cattle/Texas/24-008749-003/2024(H5N1)	1877	3394
PA|PP755594.1|A/cattle/Texas/24-008749-003/2024(H5N1)	1878	3439
PA|PP755594.1|A/cattle/Texas/24-008749-003/2024(H5N1)	1879	3493
PA|PP755594.1|A/cattle/Texas/24-008749-003/2024(H5N1)	1880	3542
PA|PP755594.1|A/cattle/Texas/24-008749-003/2024(H5N1)	1881	3405
PA|PP755594.1|A/cattle/Texas/24-008749-003/2024(H5N1)	1882	3438
PA|PP755594.1|A/cattle/Texas/24-008749-003/2024(H5N1)	1883	3538
PA|PP755594.1|A/cattle/Texas/24-008749-003/2024(H5N1)	1884	3452
PA|PP755594.1|A/cattle/Texas/24-008749-003/2024(H5N1)	1885	3491
PA|PP755594.1|A/cattle/Texas/24-008749-003/2024(H5N1)	1886	3454
PA|PP755594.1|A/cattle/Texas/24-008749-003/2024(H5N1)	1887	3469
PA|PP755594.1|A/cattle/Texas/24-008749-003/2024(H5N1)	1888	3444
PA|PP755594.1|A/cattle/Texas/24-008749-003/2024(H5N1)	1889	3377
PA|PP755594.1|A/cattle/Texas/24-008749-003/2024(H5N1)	1890	3349
PA|PP755594.1|A/cattle/Texas/24-008749-003/2024(H5N1)	1891	3297
PA|PP755594.1|A/cattle/Texas/24-008749-003/2024(H5N1)	1892	3281
PA|PP755594.1|A/cattle/Texas/24-008749-003/2024(H5N1)	1893	3193
PA|PP755594.1|A/cattle/Texas/24-008749-003/2024(H5N1)	1894	3171
PA|PP755594.1|A/cattle/Texas/24-008749-003/2024(H5N1)	1895	3150
PA|PP755594.1|A/cattle/Texas/24-008749-003/2024(H5N1)	1896	3135
PA|PP755594.1|A/cattle/Texas/24-008749-003/2024(H5N1)	1897	3272
PA|PP755594.1|A/cattle/Texas/24-008749-003/2024(H5N1)	1898	3321
PA|PP755594.1|A/cattle/Texas/24-008749-003/2024(H5N1)	1899	3371
PA|PP755594.1|A/cattle/Texas/24-008749-003/2024(H5N1)	1900	3434
PA|PP755594.1|A/cattle/Texas/24-008749-003/2024(H5N1)	1901	3433
PA|PP755594.1|A/cattle/Texas/24-008749-003/2024(H5N1)	1902	3385
PA|PP755594.1|A/cattle/Texas/24-008749-003/2024(H5N1)	1903	3453
PA|PP755594.1|A/cattle/Texas/24-008749-003/2024(H5N1)	1904	3425
PA|PP755594.1|A/cattle/Texas/24-008749-003/2024(H5N1)	1905	3536
PA|PP755594.1|A/cattle/Texas/24-008749-003/2024(H5N1)	1906	3688
PA|PP755594.1|A/cattle/Texas/24-008749-003/2024(H5N1)	1907	3690
PA|PP755594.1|A/cattle/Texas/24-008749-003/2024(H5N1)	1908	3858
PA|PP755594.1|A/cattle/Texas/24-008749-003/2024(H5N1)	1909	3854
PA|PP755594.1|A/cattle/Texas/24-008749-003/2024(H5N1)	1910	3879
PA|PP755594.1|A/cattle/Texas/24-008749-003/2024(H5N1)	1911	3880
PA|PP755594.1|A/cattle/Texas/24-008749-003/2024(H5N1)	1912	3869
PA|PP755594.1|A/cattle/Texas/24-008749-003/2024(H5N1)	1913	3870
PA|PP755594.1|A/cattle/Texas/24-008749-003/2024(H5N1)	1914	3640
PA|PP755594.1|A/cattle/Texas/24-008749-003/2024(H5N1)	1915	3614
PA|PP755594.1|A/cattle/Texas/24-008749-003/2024(H5N1)	1916	3533
PA|PP755594.1|A/cattle/Texas/24-008749-003/2024(H5N1)	1917	3016
PA|PP755594.1|A/cattle/Texas/24-008749-003/2024(H5N1)	1918	3022
PA|PP755594.1|A/cattle/Texas/24-008749-003/2024(H5N1)	1919	3023
PA|PP755594.1|A/cattle/Texas/24-008749-003/2024(H5N1)	1920	3024
PA|PP755594.1|A/cattle/Texas/24-008749-003/2024(H5N1)	1921	3046
PA|PP755594.1|A/cattle/Texas/24-008749-003/2024(H5N1)	1922	3059
PA|PP755594.1|A/cattle/Texas/24-008749-003/2024(H5N1)	1923	3105
PA|PP755594.1|A/cattle/Texas/24-008749-003/2024(H5N1)	1924	3753
PA|PP755594.1|A/cattle/Texas/24-008749-003/2024(H5N1)	1925	3856
PA|PP755594.1|A/cattle/Texas/24-008749-003/2024(H5N1)	1926	4134
PA|PP755594.1|A/cattle/Texas/24-008749-003/2024(H5N1)	1927	4141
PA|PP755594.1|A/cattle/Texas/24-008749-003/2024(H5N1)	1928	4159
PA|PP755594.1|A/cattle/Texas/24-008749-003/2024(H5N1)	1929	4166
PA|PP755594.1|A/cattle/Texas/24-008749-003/2024(H5N1)	1930	4222
PA|PP755594.1|A/cattle/Texas/24-008749-003/2024(H5N1)	1931	4235
PA|PP755594.1|A/cattle/Texas/24-008749-003/2024(H5N1)	1932	4286
PA|PP755594.1|A/cattle/Texas/24-008749-003/2024(H5N1)	1933	4396
PA|PP755594.1|A/cattle/Texas/24-008749-003/2024(H5N1)	1934	4519
PA|PP755594.1|A/cattle/Texas/24-008749-003/2024(H5N1)	1935	4575
PA|PP755594.1|A/cattle/Texas/24-008749-003/2024(H5N1)	1936	4585
PA|PP755594.1|A/cattle/Texas/24-008749-003/2024(H5N1)	1937	4593
PA|PP755594.1|A/cattle/Texas/24-008749-003/2024(H5N1)	1938	4608
PA|PP755594.1|A/cattle/Texas/24-008749-003/2024(H5N1)	1939	4606
PA|PP755594.1|A/cattle/Texas/24-008749-003/2024(H5N1)	1940	4596
PA|PP755594.1|A/cattle/Texas/24-008749-003/2024(H5N1)	1941	4562
PA|PP755594.1|A/cattle/Texas/24-008749-003/2024(H5N1)	1942	4520
PA|PP755594.1|A/cattle/Texas/24-008749-003/2024(H5N1)	1943	4512
PA|PP755594.1|A/cattle/Texas/24-008749-003/2024(H5N1)	1944	4430
PA|PP755594.1|A/cattle/Texas/24-008749-003/2024(H5N1)	1945	4483
PA|PP755594.1|A/cattle/Texas/24-008749-003/2024(H5N1)	1946	4483
PA|PP755594.1|A/cattle/Texas/24-008749-003/2024(H5N1)	1947	4484
PA|PP755594.1|A/cattle/Texas/24-008749-003/2024(H5N1)	1948	4484
PA|PP755594.1|A/cattle/Texas/24-008749-003/2024(H5N1)	1949	4486
PA|PP755594.1|A/cattle/Texas/24-008749-003/2024(H5N1)	1950	4106
PA|PP755594.1|A/cattle/Texas/24-008749-003/2024(H5N1)	1951	4107
PA|PP755594.1|A/cattle/Texas/24-008749-003/2024(H5N1)	1952	4107
PA|PP755594.1|A/cattle/Texas/24-008749-003/2024(H5N1)	1953	4107
PA|PP755594.1|A/cattle/Texas/24-008749-003/2024(H5N1)	1954	4107
PA|PP755594.1|A/cattle/Texas/24-008749-003/2024(H5N1)	1955	4107
PA|PP755594.1|A/cattle/Texas/24-008749-003/2024(H5N1)	1956	3617
PA|PP755594.1|A/cattle/Texas/24-008749-003/2024(H5N1)	1957	3617
PA|PP755594.1|A/cattle/Texas/24-008749-003/2024(H5N1)	1958	3617
PA|PP755594.1|A/cattle/Texas/24-008749-003/2024(H5N1)	1959	3617
PA|PP755594.1|A/cattle/Texas/24-008749-003/2024(H5N1)	1960	3629
PA|PP755594.1|A/cattle/Texas/24-008749-003/2024(H5N1)	1961	3727
PA|PP755594.1|A/cattle/Texas/24-008749-003/2024(H5N1)	1962	3727
PA|PP755594.1|A/cattle/Texas/24-008749-003/2024(H5N1)	1963	3727
PA|PP755594.1|A/cattle/Texas/24-008749-003/2024(H5N1)	1964	3725
PA|PP755594.1|A/cattle/Texas/24-008749-003/2024(H5N1)	1965	3726
PA|PP755594.1|A/cattle/Texas/24-008749-003/2024(H5N1)	1966	3730
PA|PP755594.1|A/cattle/Texas/24-008749-003/2024(H5N1)	1967	3731
PA|PP755594.1|A/cattle/Texas/24-008749-003/2024(H5N1)	1968	3729
PA|PP755594.1|A/cattle/Texas/24-008749-003/2024(H5N1)	1969	3749
PA|PP755594.1|A/cattle/Texas/24-008749-003/2024(H5N1)	1970	3768
PA|PP755594.1|A/cattle/Texas/24-008749-003/2024(H5N1)	1971	3831
PA|PP755594.1|A/cattle/Texas/24-008749-003/2024(H5N1)	1972	6009
PA|PP755594.1|A/cattle/Texas/24-008749-003/2024(H5N1)	1973	6023
PA|PP755594.1|A/cattle/Texas/24-008749-003/2024(H5N1)	1974	6053
PA|PP755594.1|A/cattle/Texas/24-008749-003/2024(H5N1)	1975	6065
PA|PP755594.1|A/cattle/Texas/24-008749-003/2024(H5N1)	1976	6077
PA|PP755594.1|A/cattle/Texas/24-008749-003/2024(H5N1)	1977	6080
PA|PP755594.1|A/cattle/Texas/24-008749-003/2024(H5N1)	1978	6083
PA|PP755594.1|A/cattle/Texas/24-008749-003/2024(H5N1)	1979	6084
PA|PP755594.1|A/cattle/Texas/24-008749-003/2024(H5N1)	1980	6084
PA|PP755594.1|A/cattle/Texas/24-008749-003/2024(H5N1)	1981	6124
PA|PP755594.1|A/cattle/Texas/24-008749-003/2024(H5N1)	1982	6174
PA|PP755594.1|A/cattle/Texas/24-008749-003/2024(H5N1)	1983	6198
PA|PP755594.1|A/cattle/Texas/24-008749-003/2024(H5N1)	1984	6198
PA|PP755594.1|A/cattle/Texas/24-008749-003/2024(H5N1)	1985	6198
PA|PP755594.1|A/cattle/Texas/24-008749-003/2024(H5N1)	1986	6182
PA|PP755594.1|A/cattle/Texas/24-008749-003/2024(H5N1)	1987	6207
PA|PP755594.1|A/cattle/Texas/24-008749-003/2024(H5N1)	1988	6215
PA|PP755594.1|A/cattle/Texas/24-008749-003/2024(H5N1)	1989	6214
PA|PP755594.1|A/cattle/Texas/24-008749-003/2024(H5N1)	1990	6223
PA|PP755594.1|A/cattle/Texas/24-008749-003/2024(H5N1)	1991	6248
PA|PP755594.1|A/cattle/Texas/24-008749-003/2024(H5N1)	1992	6258
PA|PP755594.1|A/cattle/Texas/24-008749-003/2024(H5N1)	1993	6491
PA|PP755594.1|A/cattle/Texas/24-008749-003/2024(H5N1)	1994	7108
PA|PP755594.1|A/cattle/Texas/24-008749-003/2024(H5N1)	1995	7284
PA|PP755594.1|A/cattle/Texas/24-008749-003/2024(H5N1)	1996	7329
PA|PP755594.1|A/cattle/Texas/24-008749-003/2024(H5N1)	1997	7350
PA|PP755594.1|A/cattle/Texas/24-008749-003/2024(H5N1)	1998	7395
PA|PP755594.1|A/cattle/Texas/24-008749-003/2024(H5N1)	1999	7516
PA|PP755594.1|A/cattle/Texas/24-008749-003/2024(H5N1)	2000	7695
PA|PP755594.1|A/cattle/Texas/24-008749-003/2024(H5N1)	2001	7806
PA|PP755594.1|A/cattle/Texas/24-008749-003/2024(H5N1)	2002	7874
PA|PP755594.1|A/cattle/Texas/24-008749-003/2024(H5N1)	2003	7971
PA|PP755594.1|A/cattle/Texas/24-008749-003/2024(H5N1)	2004	8110
PA|PP755594.1|A/cattle/Texas/24-008749-003/2024(H5N1)	2005	8202
PA|PP755594.1|A/cattle/Texas/24-008749-003/2024(H5N1)	2006	8191
PA|PP755594.1|A/cattle/Texas/24-008749-003/2024(H5N1)	2007	8195
PA|PP755594.1|A/cattle/Texas/24-008749-003/2024(H5N1)	2008	8189
PA|PP755594.1|A/cattle/Texas/24-008749-003/2024(H5N1)	2009	8170
PA|PP755594.1|A/cattle/Texas/24-008749-003/2024(H5N1)	2010	8153
PA|PP755594.1|A/cattle/Texas/24-008749-003/2024(H5N1)	2011	8246
PA|PP755594.1|A/cattle/Texas/24-008749-003/2024(H5N1)	2012	8235
PA|PP755594.1|A/cattle/Texas/24-008749-003/2024(H5N1)	2013	8253
PA|PP755594.1|A/cattle/Texas/24-008749-003/2024(H5N1)	2014	8334
PA|PP755594.1|A/cattle/Texas/24-008749-003/2024(H5N1)	2015	8276
PA|PP755594.1|A/cattle/Texas/24-008749-003/2024(H5N1)	2016	8289
PA|PP755594.1|A/cattle/Texas/24-008749-003/2024(H5N1)	2017	8279
PA|PP755594.1|A/cattle/Texas/24-008749-003/2024(H5N1)	2018	8292
PA|PP755594.1|A/cattle/Texas/24-008749-003/2024(H5N1)	2019	8426
PA|PP755594.1|A/cattle/Texas/24-008749-003/2024(H5N1)	2020	8439
PA|PP755594.1|A/cattle/Texas/24-008749-003/2024(H5N1)	2021	8413
PA|PP755594.1|A/cattle/Texas/24-008749-003/2024(H5N1)	2022	8274
PA|PP755594.1|A/cattle/Texas/24-008749-003/2024(H5N1)	2023	8138
PA|PP755594.1|A/cattle/Texas/24-008749-003/2024(H5N1)	2024	8240
PA|PP755594.1|A/cattle/Texas/24-008749-003/2024(H5N1)	2025	8237
PA|PP755594.1|A/cattle/Texas/24-008749-003/2024(H5N1)	2026	8215
PA|PP755594.1|A/cattle/Texas/24-008749-003/2024(H5N1)	2027	8216
PA|PP755594.1|A/cattle/Texas/24-008749-003/2024(H5N1)	2028	8189
PA|PP755594.1|A/cattle/Texas/24-008749-003/2024(H5N1)	2029	8314
PA|PP755594.1|A/cattle/Texas/24-008749-003/2024(H5N1)	2030	8298
PA|PP755594.1|A/cattle/Texas/24-008749-003/2024(H5N1)	2031	8270
PA|PP755594.1|A/cattle/Texas/24-008749-003/2024(H5N1)	2032	8600
PA|PP755594.1|A/cattle/Texas/24-008749-003/2024(H5N1)	2033	8453
PA|PP755594.1|A/cattle/Texas/24-008749-003/2024(H5N1)	2034	8653
PA|PP755594.1|A/cattle/Texas/24-008749-003/2024(H5N1)	2035	8664
PA|PP755594.1|A/cattle/Texas/24-008749-003/2024(H5N1)	2036	8688
PA|PP755594.1|A/cattle/Texas/24-008749-003/2024(H5N1)	2037	8741
PA|PP755594.1|A/cattle/Texas/24-008749-003/2024(H5N1)	2038	8724
PA|PP755594.1|A/cattle/Texas/24-008749-003/2024(H5N1)	2039	8704
PA|PP755594.1|A/cattle/Texas/24-008749-003/2024(H5N1)	2040	8575
PA|PP755594.1|A/cattle/Texas/24-008749-003/2024(H5N1)	2041	8516
PA|PP755594.1|A/cattle/Texas/24-008749-003/2024(H5N1)	2042	8887
PA|PP755594.1|A/cattle/Texas/24-008749-003/2024(H5N1)	2043	8851
PA|PP755594.1|A/cattle/Texas/24-008749-003/2024(H5N1)	2044	8789
PA|PP755594.1|A/cattle/Texas/24-008749-003/2024(H5N1)	2045	8810
PA|PP755594.1|A/cattle/Texas/24-008749-003/2024(H5N1)	2046	8744
PA|PP755594.1|A/cattle/Texas/24-008749-003/2024(H5N1)	2047	8758
PA|PP755594.1|A/cattle/Texas/24-008749-003/2024(H5N1)	2048	8799
PA|PP755594.1|A/cattle/Texas/24-008749-003/2024(H5N1)	2049	8833
PA|PP755594.1|A/cattle/Texas/24-008749-003/2024(H5N1)	2050	8711
PA|PP755594.1|A/cattle/Texas/24-008749-003/2024(H5N1)	2051	8767
PA|PP755594.1|A/cattle/Texas/24-008749-003/2024(H5N1)	2052	8745
PA|PP755594.1|A/cattle/Texas/24-008749-003/2024(H5N1)	2053	9101
PA|PP755594.1|A/cattle/Texas/24-008749-003/2024(H5N1)	2054	8985
PA|PP755594.1|A/cattle/Texas/24-008749-003/2024(H5N1)	2055	9082
PA|PP755594.1|A/cattle/Texas/24-008749-003/2024(H5N1)	2056	8897
PA|PP755594.1|A/cattle/Texas/24-008749-003/2024(H5N1)	2057	8873
PA|PP755594.1|A/cattle/Texas/24-008749-003/2024(H5N1)	2058	9814
PA|PP755594.1|A/cattle/Texas/24-008749-003/2024(H5N1)	2059	9758
PA|PP755594.1|A/cattle/Texas/24-008749-003/2024(H5N1)	2060	9881
PA|PP755594.1|A/cattle/Texas/24-008749-003/2024(H5N1)	2061	9863
PA|PP755594.1|A/cattle/Texas/24-008749-003/2024(H5N1)	2062	9622
PA|PP755594.1|A/cattle/Texas/24-008749-003/2024(H5N1)	2063	9680
PA|PP755594.1|A/cattle/Texas/24-008749-003/2024(H5N1)	2064	9565
PA|PP755594.1|A/cattle/Texas/24-008749-003/2024(H5N1)	2065	9568
PA|PP755594.1|A/cattle/Texas/24-008749-003/2024(H5N1)	2066	9612
PA|PP755594.1|A/cattle/Texas/24-008749-003/2024(H5N1)	2067	9363
PA|PP755594.1|A/cattle/Texas/24-008749-003/2024(H5N1)	2068	9476
PA|PP755594.1|A/cattle/Texas/24-008749-003/2024(H5N1)	2069	9462
PA|PP755594.1|A/cattle/Texas/24-008749-003/2024(H5N1)	2070	9456
PA|PP755594.1|A/cattle/Texas/24-008749-003/2024(H5N1)	2071	9453
PA|PP755594.1|A/cattle/Texas/24-008749-003/2024(H5N1)	2072	9414
PA|PP755594.1|A/cattle/Texas/24-008749-003/2024(H5N1)	2073	9414
PA|PP755594.1|A/cattle/Texas/24-008749-003/2024(H5N1)	2074	9356
PA|PP755594.1|A/cattle/Texas/24-008749-003/2024(H5N1)	2075	9160
PA|PP755594.1|A/cattle/Texas/24-008749-003/2024(H5N1)	2076	9204
PA|PP755594.1|A/cattle/Texas/24-008749-003/2024(H5N1)	2077	8701
PA|PP755594.1|A/cattle/Texas/24-008749-003/2024(H5N1)	2078	8694
PA|PP755594.1|A/cattle/Texas/24-008749-003/2024(H5N1)	2079	8660
PA|PP755594.1|A/cattle/Texas/24-008749-003/2024(H5N1)	2080	8624
PA|PP755594.1|A/cattle/Texas/24-008749-003/2024(H5N1)	2081	8615
PA|PP755594.1|A/cattle/Texas/24-008749-003/2024(H5N1)	2082	8651
PA|PP755594.1|A/cattle/Texas/24-008749-003/2024(H5N1)	2083	8647
PA|PP755594.1|A/cattle/Texas/24-008749-003/2024(H5N1)	2084	8542
PA|PP755594.1|A/cattle/Texas/24-008749-003/2024(H5N1)	2085	8375
PA|PP755594.1|A/cattle/Texas/24-008749-003/2024(H5N1)	2086	8313
PA|PP755594.1|A/cattle/Texas/24-008749-003/2024(H5N1)	2087	8300
PA|PP755594.1|A/cattle/Texas/24-008749-003/2024(H5N1)	2088	8258
PA|PP755594.1|A/cattle/Texas/24-008749-003/2024(H5N1)	2089	8246
PA|PP755594.1|A/cattle/Texas/24-008749-003/2024(H5N1)	2090	8244
PA|PP755594.1|A/cattle/Texas/24-008749-003/2024(H5N1)	2091	8133
PA|PP755594.1|A/cattle/Texas/24-008749-003/2024(H5N1)	2092	8114
PA|PP755594.1|A/cattle/Texas/24-008749-003/2024(H5N1)	2093	7627
PA|PP755594.1|A/cattle/Texas/24-008749-003/2024(H5N1)	2094	7535
PA|PP755594.1|A/cattle/Texas/24-008749-003/2024(H5N1)	2095	7522
PA|PP755594.1|A/cattle/Texas/24-008749-003/2024(H5N1)	2096	7527
PA|PP755594.1|A/cattle/Texas/24-008749-003/2024(H5N1)	2097	7530
PA|PP755594.1|A/cattle/Texas/24-008749-003/2024(H5N1)	2098	7493
PA|PP755594.1|A/cattle/Texas/24-008749-003/2024(H5N1)	2099	7456
PA|PP755594.1|A/cattle/Texas/24-008749-003/2024(H5N1)	2100	7242
PA|PP755594.1|A/cattle/Texas/24-008749-003/2024(H5N1)	2101	7230
PA|PP755594.1|A/cattle/Texas/24-008749-003/2024(H5N1)	2102	7217
PA|PP755594.1|A/cattle/Texas/24-008749-003/2024(H5N1)	2103	7213
PA|PP755594.1|A/cattle/Texas/24-008749-003/2024(H5N1)	2104	7162
PA|PP755594.1|A/cattle/Texas/24-008749-003/2024(H5N1)	2105	7105
PA|PP755594.1|A/cattle/Texas/24-008749-003/2024(H5N1)	2106	7103
PA|PP755594.1|A/cattle/Texas/24-008749-003/2024(H5N1)	2107	6994
PA|PP755594.1|A/cattle/Texas/24-008749-003/2024(H5N1)	2108	7002
PA|PP755594.1|A/cattle/Texas/24-008749-003/2024(H5N1)	2109	6998
PA|PP755594.1|A/cattle/Texas/24-008749-003/2024(H5N1)	2110	6993
PA|PP755594.1|A/cattle/Texas/24-008749-003/2024(H5N1)	2111	6984
PA|PP755594.1|A/cattle/Texas/24-008749-003/2024(H5N1)	2112	6806
PA|PP755594.1|A/cattle/Texas/24-008749-003/2024(H5N1)	2113	6795
PA|PP755594.1|A/cattle/Texas/24-008749-003/2024(H5N1)	2114	6770
PA|PP755594.1|A/cattle/Texas/24-008749-003/2024(H5N1)	2115	6760
PA|PP755594.1|A/cattle/Texas/24-008749-003/2024(H5N1)	2116	6764
PA|PP755594.1|A/cattle/Texas/24-008749-003/2024(H5N1)	2117	6703
PA|PP755594.1|A/cattle/Texas/24-008749-003/2024(H5N1)	2118	6721
PA|PP755594.1|A/cattle/Texas/24-008749-003/2024(H5N1)	2119	6711
PA|PP755594.1|A/cattle/Texas/24-008749-003/2024(H5N1)	2120	6681
PA|PP755594.1|A/cattle/Texas/24-008749-003/2024(H5N1)	2121	6642
PA|PP755594.1|A/cattle/Texas/24-008749-003/2024(H5N1)	2122	6594
PA|PP755594.1|A/cattle/Texas/24-008749-003/2024(H5N1)	2123	6593
PA|PP755594.1|A/cattle/Texas/24-008749-003/2024(H5N1)	2124	6580
PA|PP755594.1|A/cattle/Texas/24-008749-003/2024(H5N1)	2125	6524
PA|PP755594.1|A/cattle/Texas/24-008749-003/2024(H5N1)	2126	6508
PA|PP755594.1|A/cattle/Texas/24-008749-003/2024(H5N1)	2127	6244
PA|PP755594.1|A/cattle/Texas/24-008749-003/2024(H5N1)	2128	6245
PA|PP755594.1|A/cattle/Texas/24-008749-003/2024(H5N1)	2129	6256
PA|PP755594.1|A/cattle/Texas/24-008749-003/2024(H5N1)	2130	6255
PA|PP755594.1|A/cattle/Texas/24-008749-003/2024(H5N1)	2131	6207
PA|PP755594.1|A/cattle/Texas/24-008749-003/2024(H5N1)	2132	6148
PA|PP755594.1|A/cattle/Texas/24-008749-003/2024(H5N1)	2133	6125
PA|PP755594.1|A/cattle/Texas/24-008749-003/2024(H5N1)	2134	6114
PA|PP755594.1|A/cattle/Texas/24-008749-003/2024(H5N1)	2135	6078
PA|PP755594.1|A/cattle/Texas/24-008749-003/2024(H5N1)	2136	6043
PA|PP755594.1|A/cattle/Texas/24-008749-003/2024(H5N1)	2137	6006
PA|PP755594.1|A/cattle/Texas/24-008749-003/2024(H5N1)	2138	5928
PA|PP755594.1|A/cattle/Texas/24-008749-003/2024(H5N1)	2139	5819
PA|PP755594.1|A/cattle/Texas/24-008749-003/2024(H5N1)	2140	5809
PA|PP755594.1|A/cattle/Texas/24-008749-003/2024(H5N1)	2141	5789
PA|PP755594.1|A/cattle/Texas/24-008749-003/2024(H5N1)	2142	5759
PA|PP755594.1|A/cattle/Texas/24-008749-003/2024(H5N1)	2143	5707
PA|PP755594.1|A/cattle/Texas/24-008749-003/2024(H5N1)	2144	5493
PA|PP755594.1|A/cattle/Texas/24-008749-003/2024(H5N1)	2145	5492
PA|PP755594.1|A/cattle/Texas/24-008749-003/2024(H5N1)	2146	5468
PA|PP755594.1|A/cattle/Texas/24-008749-003/2024(H5N1)	2147	5450
PA|PP755594.1|A/cattle/Texas/24-008749-003/2024(H5N1)	2148	5423
PA|PP755594.1|A/cattle/Texas/24-008749-003/2024(H5N1)	2149	5361
PA|PP755594.1|A/cattle/Texas/24-008749-003/2024(H5N1)	2150	5197
PA|PP755594.1|A/cattle/Texas/24-008749-003/2024(H5N1)	2151	5168
