NS|PP755593.1|A/cattle/Texas/24-008749-003/2024(H5N1)	1	3
NS|PP755593.1|A/cattle/Texas/24-008749-003/2024(H5N1)	2	3
NS|PP755593.1|A/cattle/Texas/24-008749-003/2024(H5N1)	3	3
NS|PP755593.1|A/cattle/Texas/24-008749-003/2024(H5N1)	4	3
NS|PP755593.1|A/cattle/Texas/24-008749-003/2024(H5N1)	5	5
NS|PP755593.1|A/cattle/Texas/24-008749-003/2024(H5N1)	6	13
NS|PP755593.1|A/cattle/Texas/24-008749-003/2024(H5N1)	7	13
NS|PP755593.1|A/cattle/Texas/24-008749-003/2024(H5N1)	8	13
NS|PP755593.1|A/cattle/Texas/24-008749-003/2024(H5N1)	9	13
NS|PP755593.1|A/cattle/Texas/24-008749-003/2024(H5N1)	10	13
NS|PP755593.1|A/cattle/Texas/24-008749-003/2024(H5N1)	11	13
NS|PP755593.1|A/cattle/Texas/24-008749-003/2024(H5N1)	12	14
NS|PP755593.1|A/cattle/Texas/24-008749-003/2024(H5N1)	13	14
NS|PP755593.1|A/cattle/Texas/24-008749-003/2024(H5N1)	14	14
NS|PP755593.1|A/cattle/Texas/24-008749-003/2024(H5N1)	15	14
NS|PP755593.1|A/cattle/Texas/24-008749-003/2024(H5N1)	16	18
NS|PP755593.1|A/cattle/Texas/24-008749-003/2024(H5N1)	17	18
NS|PP755593.1|A/cattle/Texas/24-008749-003/2024(H5N1)	18	19
NS|PP755593.1|A/cattle/Texas/24-008749-003/2024(H5N1)	19	19
NS|PP755593.1|A/cattle/Texas/24-008749-003/2024(H5N1)	20	19
NS|PP755593.1|A/cattle/Texas/24-008749-003/2024(H5N1)	21	19
NS|PP755593.1|A/cattle/Texas/24-008749-003/2024(H5N1)	22	19
NS|PP755593.1|A/cattle/Texas/24-008749-003/2024(H5N1)	23	19
NS|PP755593.1|A/cattle/Texas/24-008749-003/2024(H5N1)	24	21
NS|PP755593.1|A/cattle/Texas/24-008749-003/2024(H5N1)	25	21
NS|PP755593.1|A/cattle/Texas/24-008749-003/2024(H5N1)	26	21
NS|PP755593.1|A/cattle/Texas/24-008749-003/2024(H5N1)	27	21
NS|PP755593.1|A/cattle/Texas/24-008749-003/2024(H5N1)	28	21
NS|PP755593.1|A/cattle/Texas/24-008749-003/2024(H5N1)	29	21
NS|PP755593.1|A/cattle/Texas/24-008749-003/2024(H5N1)	30	21
NS|PP755593.1|A/cattle/Texas/24-008749-003/2024(H5N1)	31	21
NS|PP755593.1|A/cattle/Texas/24-008749-003/2024(H5N1)	32	21
NS|PP755593.1|A/cattle/Texas/24-008749-003/2024(H5N1)	33	21
NS|PP755593.1|A/cattle/Texas/24-008749-003/2024(H5N1)	34	21
NS|PP755593.1|A/cattle/Texas/24-008749-003/2024(H5N1)	35	21
NS|PP755593.1|A/cattle/Texas/24-008749-003/2024(H5N1)	36	21
NS|PP755593.1|A/cattle/Texas/24-008749-003/2024(H5N1)	37	21
NS|PP755593.1|A/cattle/Texas/24-008749-003/2024(H5N1)	38	22
NS|PP755593.1|A/cattle/Texas/24-008749-003/2024(H5N1)	39	22
NS|PP755593.1|A/cattle/Texas/24-008749-003/2024(H5N1)	40	22
NS|PP755593.1|A/cattle/Texas/24-008749-003/2024(H5N1)	41	22
NS|PP755593.1|A/cattle/Texas/24-008749-003/2024(H5N1)	42	22
NS|PP755593.1|A/cattle/Texas/24-008749-003/2024(H5N1)	43	22
NS|PP755593.1|A/cattle/Texas/24-008749-003/2024(H5N1)	44	22
NS|PP755593.1|A/cattle/Texas/24-008749-003/2024(H5N1)	45	22
NS|PP755593.1|A/cattle/Texas/24-008749-003/2024(H5N1)	46	22
NS|PP755593.1|A/cattle/Texas/24-008749-003/2024(H5N1)	47	22
NS|PP755593.1|A/cattle/Texas/24-008749-003/2024(H5N1)	48	22
NS|PP755593.1|A/cattle/Texas/24-008749-003/2024(H5N1)	49	22
NS|PP755593.1|A/cattle/Texas/24-008749-003/2024(H5N1)	50	22
NS|PP755593.1|A/cattle/Texas/24-008749-003/2024(H5N1)	51	23
NS|PP755593.1|A/cattle/Texas/24-008749-003/2024(H5N1)	52	23
NS|PP755593.1|A/cattle/Texas/24-008749-003/2024(H5N1)	53	23
NS|PP755593.1|A/cattle/Texas/24-008749-003/2024(H5N1)	54	23
NS|PP755593.1|A/cattle/Texas/24-008749-003/2024(H5N1)	55	23
NS|PP755593.1|A/cattle/Texas/24-008749-003/2024(H5N1)	56	23
NS|PP755593.1|A/cattle/Texas/24-008749-003/2024(H5N1)	57	23
NS|PP755593.1|A/cattle/Texas/24-008749-003/2024(H5N1)	58	23
NS|PP755593.1|A/cattle/Texas/24-008749-003/2024(H5N1)	59	23
NS|PP755593.1|A/cattle/Texas/24-008749-003/2024(H5N1)	60	23
NS|PP755593.1|A/cattle/Texas/24-008749-003/2024(H5N1)	61	23
NS|PP755593.1|A/cattle/Texas/24-008749-003/2024(H5N1)	62	23
NS|PP755593.1|A/cattle/Texas/24-008749-003/2024(H5N1)	63	23
NS|PP755593.1|A/cattle/Texas/24-008749-003/2024(H5N1)	64	23
NS|PP755593.1|A/cattle/Texas/24-008749-003/2024(H5N1)	65	23
NS|PP755593.1|A/cattle/Texas/24-008749-003/2024(H5N1)	66	23
NS|PP755593.1|A/cattle/Texas/24-008749-003/2024(H5N1)	67	23
NS|PP755593.1|A/cattle/Texas/24-008749-003/2024(H5N1)	68	24
NS|PP755593.1|A/cattle/Texas/24-008749-003/2024(H5N1)	69	24
NS|PP755593.1|A/cattle/Texas/24-008749-003/2024(H5N1)	70	24
NS|PP755593.1|A/cattle/Texas/24-008749-003/2024(H5N1)	71	25
NS|PP755593.1|A/cattle/Texas/24-008749-003/2024(H5N1)	72	25
NS|PP755593.1|A/cattle/Texas/24-008749-003/2024(H5N1)	73	25
NS|PP755593.1|A/cattle/Texas/24-008749-003/2024(H5N1)	74	25
NS|PP755593.1|A/cattle/Texas/24-008749-003/2024(H5N1)	75	25
NS|PP755593.1|A/cattle/Texas/24-008749-003/2024(H5N1)	76	26
NS|PP755593.1|A/cattle/Texas/24-008749-003/2024(H5N1)	77	26
NS|PP755593.1|A/cattle/Texas/24-008749-003/2024(H5N1)	78	26
NS|PP755593.1|A/cattle/Texas/24-008749-003/2024(H5N1)	79	26
NS|PP755593.1|A/cattle/Texas/24-008749-003/2024(H5N1)	80	26
NS|PP755593.1|A/cattle/Texas/24-008749-003/2024(H5N1)	81	26
NS|PP755593.1|A/cattle/Texas/24-008749-003/2024(H5N1)	82	26
NS|PP755593.1|A/cattle/Texas/24-008749-003/2024(H5N1)	83	26
NS|PP755593.1|A/cattle/Texas/24-008749-003/2024(H5N1)	84	26
NS|PP755593.1|A/cattle/Texas/24-008749-003/2024(H5N1)	85	26
NS|PP755593.1|A/cattle/Texas/24-008749-003/2024(H5N1)	86	26
NS|PP755593.1|A/cattle/Texas/24-008749-003/2024(H5N1)	87	26
NS|PP755593.1|A/cattle/Texas/24-008749-003/2024(H5N1)	88	26
NS|PP755593.1|A/cattle/Texas/24-008749-003/2024(H5N1)	89	26
NS|PP755593.1|A/cattle/Texas/24-008749-003/2024(H5N1)	90	26
NS|PP755593.1|A/cattle/Texas/24-008749-003/2024(H5N1)	91	26
NS|PP755593.1|A/cattle/Texas/24-008749-003/2024(H5N1)	92	26
NS|PP755593.1|A/cattle/Texas/24-008749-003/2024(H5N1)	93	26
NS|PP755593.1|A/cattle/Texas/24-008749-003/2024(H5N1)	94	27
NS|PP755593.1|A/cattle/Texas/24-008749-003/2024(H5N1)	95	27
NS|PP755593.1|A/cattle/Texas/24-008749-003/2024(H5N1)	96	27
NS|PP755593.1|A/cattle/Texas/24-008749-003/2024(H5N1)	97	27
NS|PP755593.1|A/cattle/Texas/24-008749-003/2024(H5N1)	98	27
NS|PP755593.1|A/cattle/Texas/24-008749-003/2024(H5N1)	99	27
NS|PP755593.1|A/cattle/Texas/24-008749-003/2024(H5N1)	100	27
NS|PP755593.1|A/cattle/Texas/24-008749-003/2024(H5N1)	101	27
NS|PP755593.1|A/cattle/Texas/24-008749-003/2024(H5N1)	102	27
NS|PP755593.1|A/cattle/Texas/24-008749-003/2024(H5N1)	103	27
NS|PP755593.1|A/cattle/Texas/24-008749-003/2024(H5N1)	104	27
NS|PP755593.1|A/cattle/Texas/24-008749-003/2024(H5N1)	105	29
NS|PP755593.1|A/cattle/Texas/24-008749-003/2024(H5N1)	106	29
NS|PP755593.1|A/cattle/Texas/24-008749-003/2024(H5N1)	107	30
NS|PP755593.1|A/cattle/Texas/24-008749-003/2024(H5N1)	108	30
NS|PP755593.1|A/cattle/Texas/24-008749-003/2024(H5N1)	109	30
NS|PP755593.1|A/cattle/Texas/24-008749-003/2024(H5N1)	110	30
NS|PP755593.1|A/cattle/Texas/24-008749-003/2024(H5N1)	111	30
NS|PP755593.1|A/cattle/Texas/24-008749-003/2024(H5N1)	112	30
NS|PP755593.1|A/cattle/Texas/24-008749-003/2024(H5N1)	113	30
NS|PP755593.1|A/cattle/Texas/24-008749-003/2024(H5N1)	114	30
NS|PP755593.1|A/cattle/Texas/24-008749-003/2024(H5N1)	115	31
NS|PP755593.1|A/cattle/Texas/24-008749-003/2024(H5N1)	116	31
NS|PP755593.1|A/cattle/Texas/24-008749-003/2024(H5N1)	117	31
NS|PP755593.1|A/cattle/Texas/24-008749-003/2024(H5N1)	118	31
NS|PP755593.1|A/cattle/Texas/24-008749-003/2024(H5N1)	119	31
NS|PP755593.1|A/cattle/Texas/24-008749-003/2024(H5N1)	120	31
NS|PP755593.1|A/cattle/Texas/24-008749-003/2024(H5N1)	121	31
NS|PP755593.1|A/cattle/Texas/24-008749-003/2024(H5N1)	122	31
NS|PP755593.1|A/cattle/Texas/24-008749-003/2024(H5N1)	123	31
NS|PP755593.1|A/cattle/Texas/24-008749-003/2024(H5N1)	124	32
NS|PP755593.1|A/cattle/Texas/24-008749-003/2024(H5N1)	125	32
NS|PP755593.1|A/cattle/Texas/24-008749-003/2024(H5N1)	126	32
NS|PP755593.1|A/cattle/Texas/24-008749-003/2024(H5N1)	127	32
NS|PP755593.1|A/cattle/Texas/24-008749-003/2024(H5N1)	128	32
NS|PP755593.1|A/cattle/Texas/24-008749-003/2024(H5N1)	129	32
NS|PP755593.1|A/cattle/Texas/24-008749-003/2024(H5N1)	130	32
NS|PP755593.1|A/cattle/Texas/24-008749-003/2024(H5N1)	131	33
NS|PP755593.1|A/cattle/Texas/24-008749-003/2024(H5N1)	132	34
NS|PP755593.1|A/cattle/Texas/24-008749-003/2024(H5N1)	133	35
NS|PP755593.1|A/cattle/Texas/24-008749-003/2024(H5N1)	134	35
NS|PP755593.1|A/cattle/Texas/24-008749-003/2024(H5N1)	135	35
NS|PP755593.1|A/cattle/Texas/24-008749-003/2024(H5N1)	136	35
NS|PP755593.1|A/cattle/Texas/24-008749-003/2024(H5N1)	137	35
NS|PP755593.1|A/cattle/Texas/24-008749-003/2024(H5N1)	138	35
NS|PP755593.1|A/cattle/Texas/24-008749-003/2024(H5N1)	139	35
NS|PP755593.1|A/cattle/Texas/24-008749-003/2024(H5N1)	140	36
NS|PP755593.1|A/cattle/Texas/24-008749-003/2024(H5N1)	141	35
NS|PP755593.1|A/cattle/Texas/24-008749-003/2024(H5N1)	142	35
NS|PP755593.1|A/cattle/Texas/24-008749-003/2024(H5N1)	143	35
NS|PP755593.1|A/cattle/Texas/24-008749-003/2024(H5N1)	144	37
NS|PP755593.1|A/cattle/Texas/24-008749-003/2024(H5N1)	145	38
NS|PP755593.1|A/cattle/Texas/24-008749-003/2024(H5N1)	146	44
NS|PP755593.1|A/cattle/Texas/24-008749-003/2024(H5N1)	147	49
NS|PP755593.1|A/cattle/Texas/24-008749-003/2024(H5N1)	148	49
NS|PP755593.1|A/cattle/Texas/24-008749-003/2024(H5N1)	149	49
NS|PP755593.1|A/cattle/Texas/24-008749-003/2024(H5N1)	150	48
NS|PP755593.1|A/cattle/Texas/24-008749-003/2024(H5N1)	151	49
NS|PP755593.1|A/cattle/Texas/24-008749-003/2024(H5N1)	152	49
NS|PP755593.1|A/cattle/Texas/24-008749-003/2024(H5N1)	153	48
NS|PP755593.1|A/cattle/Texas/24-008749-003/2024(H5N1)	154	40
NS|PP755593.1|A/cattle/Texas/24-008749-003/2024(H5N1)	155	38
NS|PP755593.1|A/cattle/Texas/24-008749-003/2024(H5N1)	156	38
NS|PP755593.1|A/cattle/Texas/24-008749-003/2024(H5N1)	157	38
NS|PP755593.1|A/cattle/Texas/24-008749-003/2024(H5N1)	158	38
NS|PP755593.1|A/cattle/Texas/24-008749-003/2024(H5N1)	159	38
NS|PP755593.1|A/cattle/Texas/24-008749-003/2024(H5N1)	160	38
NS|PP755593.1|A/cattle/Texas/24-008749-003/2024(H5N1)	161	38
NS|PP755593.1|A/cattle/Texas/24-008749-003/2024(H5N1)	162	37
NS|PP755593.1|A/cattle/Texas/24-008749-003/2024(H5N1)	163	37
NS|PP755593.1|A/cattle/Texas/24-008749-003/2024(H5N1)	164	39
NS|PP755593.1|A/cattle/Texas/24-008749-003/2024(H5N1)	165	39
NS|PP755593.1|A/cattle/Texas/24-008749-003/2024(H5N1)	166	39
NS|PP755593.1|A/cattle/Texas/24-008749-003/2024(H5N1)	167	35
NS|PP755593.1|A/cattle/Texas/24-008749-003/2024(H5N1)	168	35
NS|PP755593.1|A/cattle/Texas/24-008749-003/2024(H5N1)	169	34
NS|PP755593.1|A/cattle/Texas/24-008749-003/2024(H5N1)	170	34
NS|PP755593.1|A/cattle/Texas/24-008749-003/2024(H5N1)	171	34
NS|PP755593.1|A/cattle/Texas/24-008749-003/2024(H5N1)	172	34
NS|PP755593.1|A/cattle/Texas/24-008749-003/2024(H5N1)	173	32
NS|PP755593.1|A/cattle/Texas/24-008749-003/2024(H5N1)	174	32
NS|PP755593.1|A/cattle/Texas/24-008749-003/2024(H5N1)	175	33
NS|PP755593.1|A/cattle/Texas/24-008749-003/2024(H5N1)	176	33
NS|PP755593.1|A/cattle/Texas/24-008749-003/2024(H5N1)	177	33
NS|PP755593.1|A/cattle/Texas/24-008749-003/2024(H5N1)	178	33
NS|PP755593.1|A/cattle/Texas/24-008749-003/2024(H5N1)	179	33
NS|PP755593.1|A/cattle/Texas/24-008749-003/2024(H5N1)	180	33
NS|PP755593.1|A/cattle/Texas/24-008749-003/2024(H5N1)	181	33
NS|PP755593.1|A/cattle/Texas/24-008749-003/2024(H5N1)	182	33
NS|PP755593.1|A/cattle/Texas/24-008749-003/2024(H5N1)	183	33
NS|PP755593.1|A/cattle/Texas/24-008749-003/2024(H5N1)	184	33
NS|PP755593.1|A/cattle/Texas/24-008749-003/2024(H5N1)	185	33
NS|PP755593.1|A/cattle/Texas/24-008749-003/2024(H5N1)	186	33
NS|PP755593.1|A/cattle/Texas/24-008749-003/2024(H5N1)	187	33
NS|PP755593.1|A/cattle/Texas/24-008749-003/2024(H5N1)	188	33
NS|PP755593.1|A/cattle/Texas/24-008749-003/2024(H5N1)	189	32
NS|PP755593.1|A/cattle/Texas/24-008749-003/2024(H5N1)	190	32
NS|PP755593.1|A/cattle/Texas/24-008749-003/2024(H5N1)	191	33
NS|PP755593.1|A/cattle/Texas/24-008749-003/2024(H5N1)	192	33
NS|PP755593.1|A/cattle/Texas/24-008749-003/2024(H5N1)	193	34
NS|PP755593.1|A/cattle/Texas/24-008749-003/2024(H5N1)	194	34
NS|PP755593.1|A/cattle/Texas/24-008749-003/2024(H5N1)	195	34
NS|PP755593.1|A/cattle/Texas/24-008749-003/2024(H5N1)	196	35
NS|PP755593.1|A/cattle/Texas/24-008749-003/2024(H5N1)	197	35
NS|PP755593.1|A/cattle/Texas/24-008749-003/2024(H5N1)	198	35
NS|PP755593.1|A/cattle/Texas/24-008749-003/2024(H5N1)	199	35
NS|PP755593.1|A/cattle/Texas/24-008749-003/2024(H5N1)	200	35
NS|PP755593.1|A/cattle/Texas/24-008749-003/2024(H5N1)	201	36
NS|PP755593.1|A/cattle/Texas/24-008749-003/2024(H5N1)	202	35
NS|PP755593.1|A/cattle/Texas/24-008749-003/2024(H5N1)	203	36
NS|PP755593.1|A/cattle/Texas/24-008749-003/2024(H5N1)	204	36
NS|PP755593.1|A/cattle/Texas/24-008749-003/2024(H5N1)	205	39
NS|PP755593.1|A/cattle/Texas/24-008749-003/2024(H5N1)	206	39
NS|PP755593.1|A/cattle/Texas/24-008749-003/2024(H5N1)	207	39
NS|PP755593.1|A/cattle/Texas/24-008749-003/2024(H5N1)	208	39
NS|PP755593.1|A/cattle/Texas/24-008749-003/2024(H5N1)	209	39
NS|PP755593.1|A/cattle/Texas/24-008749-003/2024(H5N1)	210	39
NS|PP755593.1|A/cattle/Texas/24-008749-003/2024(H5N1)	211	39
NS|PP755593.1|A/cattle/Texas/24-008749-003/2024(H5N1)	212	40
NS|PP755593.1|A/cattle/Texas/24-008749-003/2024(H5N1)	213	40
NS|PP755593.1|A/cattle/Texas/24-008749-003/2024(H5N1)	214	40
NS|PP755593.1|A/cattle/Texas/24-008749-003/2024(H5N1)	215	40
NS|PP755593.1|A/cattle/Texas/24-008749-003/2024(H5N1)	216	40
NS|PP755593.1|A/cattle/Texas/24-008749-003/2024(H5N1)	217	40
NS|PP755593.1|A/cattle/Texas/24-008749-003/2024(H5N1)	218	40
NS|PP755593.1|A/cattle/Texas/24-008749-003/2024(H5N1)	219	40
NS|PP755593.1|A/cattle/Texas/24-008749-003/2024(H5N1)	220	40
NS|PP755593.1|A/cattle/Texas/24-008749-003/2024(H5N1)	221	40
NS|PP755593.1|A/cattle/Texas/24-008749-003/2024(H5N1)	222	39
NS|PP755593.1|A/cattle/Texas/24-008749-003/2024(H5N1)	223	39
NS|PP755593.1|A/cattle/Texas/24-008749-003/2024(H5N1)	224	37
NS|PP755593.1|A/cattle/Texas/24-008749-003/2024(H5N1)	225	37
NS|PP755593.1|A/cattle/Texas/24-008749-003/2024(H5N1)	226	37
NS|PP755593.1|A/cattle/Texas/24-008749-003/2024(H5N1)	227	36
NS|PP755593.1|A/cattle/Texas/24-008749-003/2024(H5N1)	228	36
NS|PP755593.1|A/cattle/Texas/24-008749-003/2024(H5N1)	229	38
NS|PP755593.1|A/cattle/Texas/24-008749-003/2024(H5N1)	230	38
NS|PP755593.1|A/cattle/Texas/24-008749-003/2024(H5N1)	231	39
NS|PP755593.1|A/cattle/Texas/24-008749-003/2024(H5N1)	232	39
NS|PP755593.1|A/cattle/Texas/24-008749-003/2024(H5N1)	233	39
NS|PP755593.1|A/cattle/Texas/24-008749-003/2024(H5N1)	234	39
NS|PP755593.1|A/cattle/Texas/24-008749-003/2024(H5N1)	235	39
NS|PP755593.1|A/cattle/Texas/24-008749-003/2024(H5N1)	236	40
NS|PP755593.1|A/cattle/Texas/24-008749-003/2024(H5N1)	237	40
NS|PP755593.1|A/cattle/Texas/24-008749-003/2024(H5N1)	238	42
NS|PP755593.1|A/cattle/Texas/24-008749-003/2024(H5N1)	239	42
NS|PP755593.1|A/cattle/Texas/24-008749-003/2024(H5N1)	240	42
NS|PP755593.1|A/cattle/Texas/24-008749-003/2024(H5N1)	241	42
NS|PP755593.1|A/cattle/Texas/24-008749-003/2024(H5N1)	242	42
NS|PP755593.1|A/cattle/Texas/24-008749-003/2024(H5N1)	243	42
NS|PP755593.1|A/cattle/Texas/24-008749-003/2024(H5N1)	244	42
NS|PP755593.1|A/cattle/Texas/24-008749-003/2024(H5N1)	245	42
NS|PP755593.1|A/cattle/Texas/24-008749-003/2024(H5N1)	246	43
NS|PP755593.1|A/cattle/Texas/24-008749-003/2024(H5N1)	247	43
NS|PP755593.1|A/cattle/Texas/24-008749-003/2024(H5N1)	248	44
NS|PP755593.1|A/cattle/Texas/24-008749-003/2024(H5N1)	249	44
NS|PP755593.1|A/cattle/Texas/24-008749-003/2024(H5N1)	250	45
NS|PP755593.1|A/cattle/Texas/24-008749-003/2024(H5N1)	251	45
NS|PP755593.1|A/cattle/Texas/24-008749-003/2024(H5N1)	252	45
NS|PP755593.1|A/cattle/Texas/24-008749-003/2024(H5N1)	253	45
NS|PP755593.1|A/cattle/Texas/24-008749-003/2024(H5N1)	254	43
NS|PP755593.1|A/cattle/Texas/24-008749-003/2024(H5N1)	255	43
NS|PP755593.1|A/cattle/Texas/24-008749-003/2024(H5N1)	256	43
NS|PP755593.1|A/cattle/Texas/24-008749-003/2024(H5N1)	257	44
NS|PP755593.1|A/cattle/Texas/24-008749-003/2024(H5N1)	258	43
NS|PP755593.1|A/cattle/Texas/24-008749-003/2024(H5N1)	259	41
NS|PP755593.1|A/cattle/Texas/24-008749-003/2024(H5N1)	260	41
NS|PP755593.1|A/cattle/Texas/24-008749-003/2024(H5N1)	261	41
NS|PP755593.1|A/cattle/Texas/24-008749-003/2024(H5N1)	262	41
NS|PP755593.1|A/cattle/Texas/24-008749-003/2024(H5N1)	263	41
NS|PP755593.1|A/cattle/Texas/24-008749-003/2024(H5N1)	264	41
NS|PP755593.1|A/cattle/Texas/24-008749-003/2024(H5N1)	265	41
NS|PP755593.1|A/cattle/Texas/24-008749-003/2024(H5N1)	266	42
NS|PP755593.1|A/cattle/Texas/24-008749-003/2024(H5N1)	267	42
NS|PP755593.1|A/cattle/Texas/24-008749-003/2024(H5N1)	268	42
NS|PP755593.1|A/cattle/Texas/24-008749-003/2024(H5N1)	269	42
NS|PP755593.1|A/cattle/Texas/24-008749-003/2024(H5N1)	270	42
NS|PP755593.1|A/cattle/Texas/24-008749-003/2024(H5N1)	271	42
NS|PP755593.1|A/cattle/Texas/24-008749-003/2024(H5N1)	272	42
NS|PP755593.1|A/cattle/Texas/24-008749-003/2024(H5N1)	273	42
NS|PP755593.1|A/cattle/Texas/24-008749-003/2024(H5N1)	274	42
NS|PP755593.1|A/cattle/Texas/24-008749-003/2024(H5N1)	275	41
NS|PP755593.1|A/cattle/Texas/24-008749-003/2024(H5N1)	276	41
NS|PP755593.1|A/cattle/Texas/24-008749-003/2024(H5N1)	277	41
NS|PP755593.1|A/cattle/Texas/24-008749-003/2024(H5N1)	278	41
NS|PP755593.1|A/cattle/Texas/24-008749-003/2024(H5N1)	279	41
NS|PP755593.1|A/cattle/Texas/24-008749-003/2024(H5N1)	280	41
NS|PP755593.1|A/cattle/Texas/24-008749-003/2024(H5N1)	281	42
NS|PP755593.1|A/cattle/Texas/24-008749-003/2024(H5N1)	282	42
NS|PP755593.1|A/cattle/Texas/24-008749-003/2024(H5N1)	283	41
NS|PP755593.1|A/cattle/Texas/24-008749-003/2024(H5N1)	284	41
NS|PP755593.1|A/cattle/Texas/24-008749-003/2024(H5N1)	285	41
NS|PP755593.1|A/cattle/Texas/24-008749-003/2024(H5N1)	286	40
NS|PP755593.1|A/cattle/Texas/24-008749-003/2024(H5N1)	287	42
NS|PP755593.1|A/cattle/Texas/24-008749-003/2024(H5N1)	288	42
NS|PP755593.1|A/cattle/Texas/24-008749-003/2024(H5N1)	289	42
NS|PP755593.1|A/cattle/Texas/24-008749-003/2024(H5N1)	290	41
NS|PP755593.1|A/cattle/Texas/24-008749-003/2024(H5N1)	291	41
NS|PP755593.1|A/cattle/Texas/24-008749-003/2024(H5N1)	292	41
NS|PP755593.1|A/cattle/Texas/24-008749-003/2024(H5N1)	293	41
NS|PP755593.1|A/cattle/Texas/24-008749-003/2024(H5N1)	294	41
NS|PP755593.1|A/cattle/Texas/24-008749-003/2024(H5N1)	295	41
NS|PP755593.1|A/cattle/Texas/24-008749-003/2024(H5N1)	296	36
NS|PP755593.1|A/cattle/Texas/24-008749-003/2024(H5N1)	297	36
NS|PP755593.1|A/cattle/Texas/24-008749-003/2024(H5N1)	298	36
NS|PP755593.1|A/cattle/Texas/24-008749-003/2024(H5N1)	299	36
NS|PP755593.1|A/cattle/Texas/24-008749-003/2024(H5N1)	300	36
NS|PP755593.1|A/cattle/Texas/24-008749-003/2024(H5N1)	301	37
NS|PP755593.1|A/cattle/Texas/24-008749-003/2024(H5N1)	302	36
NS|PP755593.1|A/cattle/Texas/24-008749-003/2024(H5N1)	303	36
NS|PP755593.1|A/cattle/Texas/24-008749-003/2024(H5N1)	304	36
NS|PP755593.1|A/cattle/Texas/24-008749-003/2024(H5N1)	305	36
NS|PP755593.1|A/cattle/Texas/24-008749-003/2024(H5N1)	306	36
NS|PP755593.1|A/cattle/Texas/24-008749-003/2024(H5N1)	307	36
NS|PP755593.1|A/cattle/Texas/24-008749-003/2024(H5N1)	308	36
NS|PP755593.1|A/cattle/Texas/24-008749-003/2024(H5N1)	309	36
NS|PP755593.1|A/cattle/Texas/24-008749-003/2024(H5N1)	310	36
NS|PP755593.1|A/cattle/Texas/24-008749-003/2024(H5N1)	311	36
NS|PP755593.1|A/cattle/Texas/24-008749-003/2024(H5N1)	312	36
NS|PP755593.1|A/cattle/Texas/24-008749-003/2024(H5N1)	313	37
NS|PP755593.1|A/cattle/Texas/24-008749-003/2024(H5N1)	314	35
NS|PP755593.1|A/cattle/Texas/24-008749-003/2024(H5N1)	315	35
NS|PP755593.1|A/cattle/Texas/24-008749-003/2024(H5N1)	316	35
NS|PP755593.1|A/cattle/Texas/24-008749-003/2024(H5N1)	317	35
NS|PP755593.1|A/cattle/Texas/24-008749-003/2024(H5N1)	318	35
NS|PP755593.1|A/cattle/Texas/24-008749-003/2024(H5N1)	319	35
NS|PP755593.1|A/cattle/Texas/24-008749-003/2024(H5N1)	320	35
NS|PP755593.1|A/cattle/Texas/24-008749-003/2024(H5N1)	321	34
NS|PP755593.1|A/cattle/Texas/24-008749-003/2024(H5N1)	322	34
NS|PP755593.1|A/cattle/Texas/24-008749-003/2024(H5N1)	323	34
NS|PP755593.1|A/cattle/Texas/24-008749-003/2024(H5N1)	324	34
NS|PP755593.1|A/cattle/Texas/24-008749-003/2024(H5N1)	325	34
NS|PP755593.1|A/cattle/Texas/24-008749-003/2024(H5N1)	326	33
NS|PP755593.1|A/cattle/Texas/24-008749-003/2024(H5N1)	327	33
NS|PP755593.1|A/cattle/Texas/24-008749-003/2024(H5N1)	328	33
NS|PP755593.1|A/cattle/Texas/24-008749-003/2024(H5N1)	329	33
NS|PP755593.1|A/cattle/Texas/24-008749-003/2024(H5N1)	330	33
NS|PP755593.1|A/cattle/Texas/24-008749-003/2024(H5N1)	331	33
NS|PP755593.1|A/cattle/Texas/24-008749-003/2024(H5N1)	332	33
NS|PP755593.1|A/cattle/Texas/24-008749-003/2024(H5N1)	333	33
NS|PP755593.1|A/cattle/Texas/24-008749-003/2024(H5N1)	334	33
NS|PP755593.1|A/cattle/Texas/24-008749-003/2024(H5N1)	335	33
NS|PP755593.1|A/cattle/Texas/24-008749-003/2024(H5N1)	336	33
NS|PP755593.1|A/cattle/Texas/24-008749-003/2024(H5N1)	337	33
NS|PP755593.1|A/cattle/Texas/24-008749-003/2024(H5N1)	338	33
NS|PP755593.1|A/cattle/Texas/24-008749-003/2024(H5N1)	339	33
NS|PP755593.1|A/cattle/Texas/24-008749-003/2024(H5N1)	340	33
NS|PP755593.1|A/cattle/Texas/24-008749-003/2024(H5N1)	341	33
NS|PP755593.1|A/cattle/Texas/24-008749-003/2024(H5N1)	342	33
NS|PP755593.1|A/cattle/Texas/24-008749-003/2024(H5N1)	343	32
NS|PP755593.1|A/cattle/Texas/24-008749-003/2024(H5N1)	344	32
NS|PP755593.1|A/cattle/Texas/24-008749-003/2024(H5N1)	345	32
NS|PP755593.1|A/cattle/Texas/24-008749-003/2024(H5N1)	346	31
NS|PP755593.1|A/cattle/Texas/24-008749-003/2024(H5N1)	347	31
NS|PP755593.1|A/cattle/Texas/24-008749-003/2024(H5N1)	348	31
NS|PP755593.1|A/cattle/Texas/24-008749-003/2024(H5N1)	349	31
NS|PP755593.1|A/cattle/Texas/24-008749-003/2024(H5N1)	350	30
NS|PP755593.1|A/cattle/Texas/24-008749-003/2024(H5N1)	351	30
NS|PP755593.1|A/cattle/Texas/24-008749-003/2024(H5N1)	352	30
NS|PP755593.1|A/cattle/Texas/24-008749-003/2024(H5N1)	353	30
NS|PP755593.1|A/cattle/Texas/24-008749-003/2024(H5N1)	354	37
NS|PP755593.1|A/cattle/Texas/24-008749-003/2024(H5N1)	355	37
NS|PP755593.1|A/cattle/Texas/24-008749-003/2024(H5N1)	356	34
NS|PP755593.1|A/cattle/Texas/24-008749-003/2024(H5N1)	357	34
NS|PP755593.1|A/cattle/Texas/24-008749-003/2024(H5N1)	358	34
NS|PP755593.1|A/cattle/Texas/24-008749-003/2024(H5N1)	359	34
NS|PP755593.1|A/cattle/Texas/24-008749-003/2024(H5N1)	360	34
NS|PP755593.1|A/cattle/Texas/24-008749-003/2024(H5N1)	361	34
NS|PP755593.1|A/cattle/Texas/24-008749-003/2024(H5N1)	362	33
NS|PP755593.1|A/cattle/Texas/24-008749-003/2024(H5N1)	363	33
NS|PP755593.1|A/cattle/Texas/24-008749-003/2024(H5N1)	364	33
NS|PP755593.1|A/cattle/Texas/24-008749-003/2024(H5N1)	365	33
NS|PP755593.1|A/cattle/Texas/24-008749-003/2024(H5N1)	366	33
NS|PP755593.1|A/cattle/Texas/24-008749-003/2024(H5N1)	367	34
NS|PP755593.1|A/cattle/Texas/24-008749-003/2024(H5N1)	368	34
NS|PP755593.1|A/cattle/Texas/24-008749-003/2024(H5N1)	369	34
NS|PP755593.1|A/cattle/Texas/24-008749-003/2024(H5N1)	370	34
NS|PP755593.1|A/cattle/Texas/24-008749-003/2024(H5N1)	371	34
NS|PP755593.1|A/cattle/Texas/24-008749-003/2024(H5N1)	372	34
NS|PP755593.1|A/cattle/Texas/24-008749-003/2024(H5N1)	373	34
NS|PP755593.1|A/cattle/Texas/24-008749-003/2024(H5N1)	374	34
NS|PP755593.1|A/cattle/Texas/24-008749-003/2024(H5N1)	375	34
NS|PP755593.1|A/cattle/Texas/24-008749-003/2024(H5N1)	376	33
NS|PP755593.1|A/cattle/Texas/24-008749-003/2024(H5N1)	377	33
NS|PP755593.1|A/cattle/Texas/24-008749-003/2024(H5N1)	378	34
NS|PP755593.1|A/cattle/Texas/24-008749-003/2024(H5N1)	379	34
NS|PP755593.1|A/cattle/Texas/24-008749-003/2024(H5N1)	380	32
NS|PP755593.1|A/cattle/Texas/24-008749-003/2024(H5N1)	381	32
NS|PP755593.1|A/cattle/Texas/24-008749-003/2024(H5N1)	382	31
NS|PP755593.1|A/cattle/Texas/24-008749-003/2024(H5N1)	383	31
NS|PP755593.1|A/cattle/Texas/24-008749-003/2024(H5N1)	384	31
NS|PP755593.1|A/cattle/Texas/24-008749-003/2024(H5N1)	385	31
NS|PP755593.1|A/cattle/Texas/24-008749-003/2024(H5N1)	386	28
NS|PP755593.1|A/cattle/Texas/24-008749-003/2024(H5N1)	387	27
NS|PP755593.1|A/cattle/Texas/24-008749-003/2024(H5N1)	388	28
NS|PP755593.1|A/cattle/Texas/24-008749-003/2024(H5N1)	389	28
NS|PP755593.1|A/cattle/Texas/24-008749-003/2024(H5N1)	390	28
NS|PP755593.1|A/cattle/Texas/24-008749-003/2024(H5N1)	391	29
NS|PP755593.1|A/cattle/Texas/24-008749-003/2024(H5N1)	392	29
NS|PP755593.1|A/cattle/Texas/24-008749-003/2024(H5N1)	393	29
NS|PP755593.1|A/cattle/Texas/24-008749-003/2024(H5N1)	394	30
NS|PP755593.1|A/cattle/Texas/24-008749-003/2024(H5N1)	395	30
NS|PP755593.1|A/cattle/Texas/24-008749-003/2024(H5N1)	396	30
NS|PP755593.1|A/cattle/Texas/24-008749-003/2024(H5N1)	397	29
NS|PP755593.1|A/cattle/Texas/24-008749-003/2024(H5N1)	398	29
NS|PP755593.1|A/cattle/Texas/24-008749-003/2024(H5N1)	399	28
NS|PP755593.1|A/cattle/Texas/24-008749-003/2024(H5N1)	400	28
NS|PP755593.1|A/cattle/Texas/24-008749-003/2024(H5N1)	401	28
NS|PP755593.1|A/cattle/Texas/24-008749-003/2024(H5N1)	402	28
NS|PP755593.1|A/cattle/Texas/24-008749-003/2024(H5N1)	403	20
NS|PP755593.1|A/cattle/Texas/24-008749-003/2024(H5N1)	404	20
NS|PP755593.1|A/cattle/Texas/24-008749-003/2024(H5N1)	405	22
NS|PP755593.1|A/cattle/Texas/24-008749-003/2024(H5N1)	406	22
NS|PP755593.1|A/cattle/Texas/24-008749-003/2024(H5N1)	407	22
NS|PP755593.1|A/cattle/Texas/24-008749-003/2024(H5N1)	408	21
NS|PP755593.1|A/cattle/Texas/24-008749-003/2024(H5N1)	409	21
NS|PP755593.1|A/cattle/Texas/24-008749-003/2024(H5N1)	410	21
NS|PP755593.1|A/cattle/Texas/24-008749-003/2024(H5N1)	411	21
NS|PP755593.1|A/cattle/Texas/24-008749-003/2024(H5N1)	412	21
NS|PP755593.1|A/cattle/Texas/24-008749-003/2024(H5N1)	413	21
NS|PP755593.1|A/cattle/Texas/24-008749-003/2024(H5N1)	414	20
NS|PP755593.1|A/cattle/Texas/24-008749-003/2024(H5N1)	415	20
NS|PP755593.1|A/cattle/Texas/24-008749-003/2024(H5N1)	416	20
NS|PP755593.1|A/cattle/Texas/24-008749-003/2024(H5N1)	417	19
NS|PP755593.1|A/cattle/Texas/24-008749-003/2024(H5N1)	418	19
NS|PP755593.1|A/cattle/Texas/24-008749-003/2024(H5N1)	419	19
NS|PP755593.1|A/cattle/Texas/24-008749-003/2024(H5N1)	420	20
NS|PP755593.1|A/cattle/Texas/24-008749-003/2024(H5N1)	421	20
NS|PP755593.1|A/cattle/Texas/24-008749-003/2024(H5N1)	422	21
NS|PP755593.1|A/cattle/Texas/24-008749-003/2024(H5N1)	423	21
NS|PP755593.1|A/cattle/Texas/24-008749-003/2024(H5N1)	424	21
NS|PP755593.1|A/cattle/Texas/24-008749-003/2024(H5N1)	425	21
NS|PP755593.1|A/cattle/Texas/24-008749-003/2024(H5N1)	426	21
NS|PP755593.1|A/cattle/Texas/24-008749-003/2024(H5N1)	427	22
NS|PP755593.1|A/cattle/Texas/24-008749-003/2024(H5N1)	428	30
NS|PP755593.1|A/cattle/Texas/24-008749-003/2024(H5N1)	429	30
NS|PP755593.1|A/cattle/Texas/24-008749-003/2024(H5N1)	430	27
NS|PP755593.1|A/cattle/Texas/24-008749-003/2024(H5N1)	431	27
NS|PP755593.1|A/cattle/Texas/24-008749-003/2024(H5N1)	432	27
NS|PP755593.1|A/cattle/Texas/24-008749-003/2024(H5N1)	433	27
NS|PP755593.1|A/cattle/Texas/24-008749-003/2024(H5N1)	434	27
NS|PP755593.1|A/cattle/Texas/24-008749-003/2024(H5N1)	435	27
NS|PP755593.1|A/cattle/Texas/24-008749-003/2024(H5N1)	436	27
NS|PP755593.1|A/cattle/Texas/24-008749-003/2024(H5N1)	437	26
NS|PP755593.1|A/cattle/Texas/24-008749-003/2024(H5N1)	438	29
NS|PP755593.1|A/cattle/Texas/24-008749-003/2024(H5N1)	439	29
NS|PP755593.1|A/cattle/Texas/24-008749-003/2024(H5N1)	440	29
NS|PP755593.1|A/cattle/Texas/24-008749-003/2024(H5N1)	441	29
NS|PP755593.1|A/cattle/Texas/24-008749-003/2024(H5N1)	442	27
NS|PP755593.1|A/cattle/Texas/24-008749-003/2024(H5N1)	443	28
NS|PP755593.1|A/cattle/Texas/24-008749-003/2024(H5N1)	444	28
NS|PP755593.1|A/cattle/Texas/24-008749-003/2024(H5N1)	445	28
NS|PP755593.1|A/cattle/Texas/24-008749-003/2024(H5N1)	446	28
NS|PP755593.1|A/cattle/Texas/24-008749-003/2024(H5N1)	447	28
NS|PP755593.1|A/cattle/Texas/24-008749-003/2024(H5N1)	448	28
NS|PP755593.1|A/cattle/Texas/24-008749-003/2024(H5N1)	449	28
NS|PP755593.1|A/cattle/Texas/24-008749-003/2024(H5N1)	450	29
NS|PP755593.1|A/cattle/Texas/24-008749-003/2024(H5N1)	451	29
NS|PP755593.1|A/cattle/Texas/24-008749-003/2024(H5N1)	452	28
NS|PP755593.1|A/cattle/Texas/24-008749-003/2024(H5N1)	453	28
NS|PP755593.1|A/cattle/Texas/24-008749-003/2024(H5N1)	454	28
NS|PP755593.1|A/cattle/Texas/24-008749-003/2024(H5N1)	455	28
NS|PP755593.1|A/cattle/Texas/24-008749-003/2024(H5N1)	456	28
NS|PP755593.1|A/cattle/Texas/24-008749-003/2024(H5N1)	457	28
NS|PP755593.1|A/cattle/Texas/24-008749-003/2024(H5N1)	458	28
NS|PP755593.1|A/cattle/Texas/24-008749-003/2024(H5N1)	459	28
NS|PP755593.1|A/cattle/Texas/24-008749-003/2024(H5N1)	460	28
NS|PP755593.1|A/cattle/Texas/24-008749-003/2024(H5N1)	461	28
NS|PP755593.1|A/cattle/Texas/24-008749-003/2024(H5N1)	462	28
NS|PP755593.1|A/cattle/Texas/24-008749-003/2024(H5N1)	463	28
NS|PP755593.1|A/cattle/Texas/24-008749-003/2024(H5N1)	464	27
NS|PP755593.1|A/cattle/Texas/24-008749-003/2024(H5N1)	465	27
NS|PP755593.1|A/cattle/Texas/24-008749-003/2024(H5N1)	466	27
NS|PP755593.1|A/cattle/Texas/24-008749-003/2024(H5N1)	467	27
NS|PP755593.1|A/cattle/Texas/24-008749-003/2024(H5N1)	468	27
NS|PP755593.1|A/cattle/Texas/24-008749-003/2024(H5N1)	469	27
NS|PP755593.1|A/cattle/Texas/24-008749-003/2024(H5N1)	470	27
NS|PP755593.1|A/cattle/Texas/24-008749-003/2024(H5N1)	471	28
NS|PP755593.1|A/cattle/Texas/24-008749-003/2024(H5N1)	472	28
NS|PP755593.1|A/cattle/Texas/24-008749-003/2024(H5N1)	473	29
NS|PP755593.1|A/cattle/Texas/24-008749-003/2024(H5N1)	474	29
NS|PP755593.1|A/cattle/Texas/24-008749-003/2024(H5N1)	475	29
NS|PP755593.1|A/cattle/Texas/24-008749-003/2024(H5N1)	476	29
NS|PP755593.1|A/cattle/Texas/24-008749-003/2024(H5N1)	477	29
NS|PP755593.1|A/cattle/Texas/24-008749-003/2024(H5N1)	478	29
NS|PP755593.1|A/cattle/Texas/24-008749-003/2024(H5N1)	479	29
NS|PP755593.1|A/cattle/Texas/24-008749-003/2024(H5N1)	480	32
NS|PP755593.1|A/cattle/Texas/24-008749-003/2024(H5N1)	481	32
NS|PP755593.1|A/cattle/Texas/24-008749-003/2024(H5N1)	482	32
NS|PP755593.1|A/cattle/Texas/24-008749-003/2024(H5N1)	483	32
NS|PP755593.1|A/cattle/Texas/24-008749-003/2024(H5N1)	484	32
NS|PP755593.1|A/cattle/Texas/24-008749-003/2024(H5N1)	485	32
NS|PP755593.1|A/cattle/Texas/24-008749-003/2024(H5N1)	486	32
NS|PP755593.1|A/cattle/Texas/24-008749-003/2024(H5N1)	487	32
NS|PP755593.1|A/cattle/Texas/24-008749-003/2024(H5N1)	488	32
NS|PP755593.1|A/cattle/Texas/24-008749-003/2024(H5N1)	489	32
NS|PP755593.1|A/cattle/Texas/24-008749-003/2024(H5N1)	490	32
NS|PP755593.1|A/cattle/Texas/24-008749-003/2024(H5N1)	491	32
NS|PP755593.1|A/cattle/Texas/24-008749-003/2024(H5N1)	492	33
NS|PP755593.1|A/cattle/Texas/24-008749-003/2024(H5N1)	493	33
NS|PP755593.1|A/cattle/Texas/24-008749-003/2024(H5N1)	494	33
NS|PP755593.1|A/cattle/Texas/24-008749-003/2024(H5N1)	495	33
NS|PP755593.1|A/cattle/Texas/24-008749-003/2024(H5N1)	496	37
NS|PP755593.1|A/cattle/Texas/24-008749-003/2024(H5N1)	497	38
NS|PP755593.1|A/cattle/Texas/24-008749-003/2024(H5N1)	498	38
NS|PP755593.1|A/cattle/Texas/24-008749-003/2024(H5N1)	499	38
NS|PP755593.1|A/cattle/Texas/24-008749-003/2024(H5N1)	500	38
NS|PP755593.1|A/cattle/Texas/24-008749-003/2024(H5N1)	501	38
NS|PP755593.1|A/cattle/Texas/24-008749-003/2024(H5N1)	502	38
NS|PP755593.1|A/cattle/Texas/24-008749-003/2024(H5N1)	503	38
NS|PP755593.1|A/cattle/Texas/24-008749-003/2024(H5N1)	504	40
NS|PP755593.1|A/cattle/Texas/24-008749-003/2024(H5N1)	505	40
NS|PP755593.1|A/cattle/Texas/24-008749-003/2024(H5N1)	506	40
NS|PP755593.1|A/cattle/Texas/24-008749-003/2024(H5N1)	507	40
NS|PP755593.1|A/cattle/Texas/24-008749-003/2024(H5N1)	508	40
NS|PP755593.1|A/cattle/Texas/24-008749-003/2024(H5N1)	509	40
NS|PP755593.1|A/cattle/Texas/24-008749-003/2024(H5N1)	510	40
NS|PP755593.1|A/cattle/Texas/24-008749-003/2024(H5N1)	511	40
NS|PP755593.1|A/cattle/Texas/24-008749-003/2024(H5N1)	512	40
NS|PP755593.1|A/cattle/Texas/24-008749-003/2024(H5N1)	513	40
NS|PP755593.1|A/cattle/Texas/24-008749-003/2024(H5N1)	514	1021
NS|PP755593.1|A/cattle/Texas/24-008749-003/2024(H5N1)	515	1026
NS|PP755593.1|A/cattle/Texas/24-008749-003/2024(H5N1)	516	1034
NS|PP755593.1|A/cattle/Texas/24-008749-003/2024(H5N1)	517	1040
NS|PP755593.1|A/cattle/Texas/24-008749-003/2024(H5N1)	518	1049
NS|PP755593.1|A/cattle/Texas/24-008749-003/2024(H5N1)	519	1054
NS|PP755593.1|A/cattle/Texas/24-008749-003/2024(H5N1)	520	1054
NS|PP755593.1|A/cattle/Texas/24-008749-003/2024(H5N1)	521	1054
NS|PP755593.1|A/cattle/Texas/24-008749-003/2024(H5N1)	522	1057
NS|PP755593.1|A/cattle/Texas/24-008749-003/2024(H5N1)	523	1057
NS|PP755593.1|A/cattle/Texas/24-008749-003/2024(H5N1)	524	1070
NS|PP755593.1|A/cattle/Texas/24-008749-003/2024(H5N1)	525	1070
NS|PP755593.1|A/cattle/Texas/24-008749-003/2024(H5N1)	526	1070
NS|PP755593.1|A/cattle/Texas/24-008749-003/2024(H5N1)	527	1075
NS|PP755593.1|A/cattle/Texas/24-008749-003/2024(H5N1)	528	1075
NS|PP755593.1|A/cattle/Texas/24-008749-003/2024(H5N1)	529	1075
NS|PP755593.1|A/cattle/Texas/24-008749-003/2024(H5N1)	530	1087
NS|PP755593.1|A/cattle/Texas/24-008749-003/2024(H5N1)	531	1087
NS|PP755593.1|A/cattle/Texas/24-008749-003/2024(H5N1)	532	1117
NS|PP755593.1|A/cattle/Texas/24-008749-003/2024(H5N1)	533	1114
NS|PP755593.1|A/cattle/Texas/24-008749-003/2024(H5N1)	534	1114
NS|PP755593.1|A/cattle/Texas/24-008749-003/2024(H5N1)	535	1114
NS|PP755593.1|A/cattle/Texas/24-008749-003/2024(H5N1)	536	1113
NS|PP755593.1|A/cattle/Texas/24-008749-003/2024(H5N1)	537	1105
NS|PP755593.1|A/cattle/Texas/24-008749-003/2024(H5N1)	538	1129
NS|PP755593.1|A/cattle/Texas/24-008749-003/2024(H5N1)	539	1133
NS|PP755593.1|A/cattle/Texas/24-008749-003/2024(H5N1)	540	1152
NS|PP755593.1|A/cattle/Texas/24-008749-003/2024(H5N1)	541	1152
NS|PP755593.1|A/cattle/Texas/24-008749-003/2024(H5N1)	542	1151
NS|PP755593.1|A/cattle/Texas/24-008749-003/2024(H5N1)	543	1150
NS|PP755593.1|A/cattle/Texas/24-008749-003/2024(H5N1)	544	1150
NS|PP755593.1|A/cattle/Texas/24-008749-003/2024(H5N1)	545	1161
NS|PP755593.1|A/cattle/Texas/24-008749-003/2024(H5N1)	546	1155
NS|PP755593.1|A/cattle/Texas/24-008749-003/2024(H5N1)	547	1155
NS|PP755593.1|A/cattle/Texas/24-008749-003/2024(H5N1)	548	1156
NS|PP755593.1|A/cattle/Texas/24-008749-003/2024(H5N1)	549	1156
NS|PP755593.1|A/cattle/Texas/24-008749-003/2024(H5N1)	550	1155
NS|PP755593.1|A/cattle/Texas/24-008749-003/2024(H5N1)	551	1174
NS|PP755593.1|A/cattle/Texas/24-008749-003/2024(H5N1)	552	1163
NS|PP755593.1|A/cattle/Texas/24-008749-003/2024(H5N1)	553	1173
NS|PP755593.1|A/cattle/Texas/24-008749-003/2024(H5N1)	554	1171
NS|PP755593.1|A/cattle/Texas/24-008749-003/2024(H5N1)	555	1191
NS|PP755593.1|A/cattle/Texas/24-008749-003/2024(H5N1)	556	1203
NS|PP755593.1|A/cattle/Texas/24-008749-003/2024(H5N1)	557	1191
NS|PP755593.1|A/cattle/Texas/24-008749-003/2024(H5N1)	558	1193
NS|PP755593.1|A/cattle/Texas/24-008749-003/2024(H5N1)	559	1193
NS|PP755593.1|A/cattle/Texas/24-008749-003/2024(H5N1)	560	1182
NS|PP755593.1|A/cattle/Texas/24-008749-003/2024(H5N1)	561	1185
NS|PP755593.1|A/cattle/Texas/24-008749-003/2024(H5N1)	562	1180
NS|PP755593.1|A/cattle/Texas/24-008749-003/2024(H5N1)	563	1183
NS|PP755593.1|A/cattle/Texas/24-008749-003/2024(H5N1)	564	1215
NS|PP755593.1|A/cattle/Texas/24-008749-003/2024(H5N1)	565	1213
NS|PP755593.1|A/cattle/Texas/24-008749-003/2024(H5N1)	566	1212
NS|PP755593.1|A/cattle/Texas/24-008749-003/2024(H5N1)	567	1212
NS|PP755593.1|A/cattle/Texas/24-008749-003/2024(H5N1)	568	1211
NS|PP755593.1|A/cattle/Texas/24-008749-003/2024(H5N1)	569	1209
NS|PP755593.1|A/cattle/Texas/24-008749-003/2024(H5N1)	570	1194
NS|PP755593.1|A/cattle/Texas/24-008749-003/2024(H5N1)	571	1117
NS|PP755593.1|A/cattle/Texas/24-008749-003/2024(H5N1)	572	1125
NS|PP755593.1|A/cattle/Texas/24-008749-003/2024(H5N1)	573	1104
NS|PP755593.1|A/cattle/Texas/24-008749-003/2024(H5N1)	574	1102
NS|PP755593.1|A/cattle/Texas/24-008749-003/2024(H5N1)	575	1102
NS|PP755593.1|A/cattle/Texas/24-008749-003/2024(H5N1)	576	1118
NS|PP755593.1|A/cattle/Texas/24-008749-003/2024(H5N1)	577	1097
NS|PP755593.1|A/cattle/Texas/24-008749-003/2024(H5N1)	578	1093
NS|PP755593.1|A/cattle/Texas/24-008749-003/2024(H5N1)	579	1067
NS|PP755593.1|A/cattle/Texas/24-008749-003/2024(H5N1)	580	1063
NS|PP755593.1|A/cattle/Texas/24-008749-003/2024(H5N1)	581	1043
NS|PP755593.1|A/cattle/Texas/24-008749-003/2024(H5N1)	582	1045
NS|PP755593.1|A/cattle/Texas/24-008749-003/2024(H5N1)	583	1047
NS|PP755593.1|A/cattle/Texas/24-008749-003/2024(H5N1)	584	1047
NS|PP755593.1|A/cattle/Texas/24-008749-003/2024(H5N1)	585	1053
NS|PP755593.1|A/cattle/Texas/24-008749-003/2024(H5N1)	586	1068
NS|PP755593.1|A/cattle/Texas/24-008749-003/2024(H5N1)	587	1086
NS|PP755593.1|A/cattle/Texas/24-008749-003/2024(H5N1)	588	1068
NS|PP755593.1|A/cattle/Texas/24-008749-003/2024(H5N1)	589	1064
NS|PP755593.1|A/cattle/Texas/24-008749-003/2024(H5N1)	590	1062
NS|PP755593.1|A/cattle/Texas/24-008749-003/2024(H5N1)	591	1078
NS|PP755593.1|A/cattle/Texas/24-008749-003/2024(H5N1)	592	1083
NS|PP755593.1|A/cattle/Texas/24-008749-003/2024(H5N1)	593	1137
NS|PP755593.1|A/cattle/Texas/24-008749-003/2024(H5N1)	594	1136
NS|PP755593.1|A/cattle/Texas/24-008749-003/2024(H5N1)	595	1136
NS|PP755593.1|A/cattle/Texas/24-008749-003/2024(H5N1)	596	1136
NS|PP755593.1|A/cattle/Texas/24-008749-003/2024(H5N1)	597	1146
NS|PP755593.1|A/cattle/Texas/24-008749-003/2024(H5N1)	598	1118
NS|PP755593.1|A/cattle/Texas/24-008749-003/2024(H5N1)	599	1110
NS|PP755593.1|A/cattle/Texas/24-008749-003/2024(H5N1)	600	1100
NS|PP755593.1|A/cattle/Texas/24-008749-003/2024(H5N1)	601	1093
NS|PP755593.1|A/cattle/Texas/24-008749-003/2024(H5N1)	602	1093
NS|PP755593.1|A/cattle/Texas/24-008749-003/2024(H5N1)	603	1093
NS|PP755593.1|A/cattle/Texas/24-008749-003/2024(H5N1)	604	1092
NS|PP755593.1|A/cattle/Texas/24-008749-003/2024(H5N1)	605	1081
NS|PP755593.1|A/cattle/Texas/24-008749-003/2024(H5N1)	606	1069
NS|PP755593.1|A/cattle/Texas/24-008749-003/2024(H5N1)	607	1069
NS|PP755593.1|A/cattle/Texas/24-008749-003/2024(H5N1)	608	1061
NS|PP755593.1|A/cattle/Texas/24-008749-003/2024(H5N1)	609	1061
NS|PP755593.1|A/cattle/Texas/24-008749-003/2024(H5N1)	610	846
NS|PP755593.1|A/cattle/Texas/24-008749-003/2024(H5N1)	611	846
NS|PP755593.1|A/cattle/Texas/24-008749-003/2024(H5N1)	612	807
NS|PP755593.1|A/cattle/Texas/24-008749-003/2024(H5N1)	613	806
NS|PP755593.1|A/cattle/Texas/24-008749-003/2024(H5N1)	614	806
NS|PP755593.1|A/cattle/Texas/24-008749-003/2024(H5N1)	615	806
NS|PP755593.1|A/cattle/Texas/24-008749-003/2024(H5N1)	616	806
NS|PP755593.1|A/cattle/Texas/24-008749-003/2024(H5N1)	617	809
NS|PP755593.1|A/cattle/Texas/24-008749-003/2024(H5N1)	618	836
NS|PP755593.1|A/cattle/Texas/24-008749-003/2024(H5N1)	619	838
NS|PP755593.1|A/cattle/Texas/24-008749-003/2024(H5N1)	620	1022
NS|PP755593.1|A/cattle/Texas/24-008749-003/2024(H5N1)	621	1021
NS|PP755593.1|A/cattle/Texas/24-008749-003/2024(H5N1)	622	1021
NS|PP755593.1|A/cattle/Texas/24-008749-003/2024(H5N1)	623	1025
NS|PP755593.1|A/cattle/Texas/24-008749-003/2024(H5N1)	624	1040
NS|PP755593.1|A/cattle/Texas/24-008749-003/2024(H5N1)	625	1046
NS|PP755593.1|A/cattle/Texas/24-008749-003/2024(H5N1)	626	1046
NS|PP755593.1|A/cattle/Texas/24-008749-003/2024(H5N1)	627	1062
NS|PP755593.1|A/cattle/Texas/24-008749-003/2024(H5N1)	628	1062
NS|PP755593.1|A/cattle/Texas/24-008749-003/2024(H5N1)	629	1063
NS|PP755593.1|A/cattle/Texas/24-008749-003/2024(H5N1)	630	1067
NS|PP755593.1|A/cattle/Texas/24-008749-003/2024(H5N1)	631	1064
NS|PP755593.1|A/cattle/Texas/24-008749-003/2024(H5N1)	632	1071
NS|PP755593.1|A/cattle/Texas/24-008749-003/2024(H5N1)	633	1081
NS|PP755593.1|A/cattle/Texas/24-008749-003/2024(H5N1)	634	1118
NS|PP755593.1|A/cattle/Texas/24-008749-003/2024(H5N1)	635	1133
NS|PP755593.1|A/cattle/Texas/24-008749-003/2024(H5N1)	636	1133
NS|PP755593.1|A/cattle/Texas/24-008749-003/2024(H5N1)	637	1154
NS|PP755593.1|A/cattle/Texas/24-008749-003/2024(H5N1)	638	1155
NS|PP755593.1|A/cattle/Texas/24-008749-003/2024(H5N1)	639	1155
NS|PP755593.1|A/cattle/Texas/24-008749-003/2024(H5N1)	640	1154
NS|PP755593.1|A/cattle/Texas/24-008749-003/2024(H5N1)	641	1145
NS|PP755593.1|A/cattle/Texas/24-008749-003/2024(H5N1)	642	1135
NS|PP755593.1|A/cattle/Texas/24-008749-003/2024(H5N1)	643	1045
NS|PP755593.1|A/cattle/Texas/24-008749-003/2024(H5N1)	644	1038
NS|PP755593.1|A/cattle/Texas/24-008749-003/2024(H5N1)	645	1037
NS|PP755593.1|A/cattle/Texas/24-008749-003/2024(H5N1)	646	1034
NS|PP755593.1|A/cattle/Texas/24-008749-003/2024(H5N1)	647	1013
NS|PP755593.1|A/cattle/Texas/24-008749-003/2024(H5N1)	648	1008
NS|PP755593.1|A/cattle/Texas/24-008749-003/2024(H5N1)	649	1008
NS|PP755593.1|A/cattle/Texas/24-008749-003/2024(H5N1)	650	1007
NS|PP755593.1|A/cattle/Texas/24-008749-003/2024(H5N1)	651	1007
NS|PP755593.1|A/cattle/Texas/24-008749-003/2024(H5N1)	652	1003
NS|PP755593.1|A/cattle/Texas/24-008749-003/2024(H5N1)	653	970
NS|PP755593.1|A/cattle/Texas/24-008749-003/2024(H5N1)	654	969
NS|PP755593.1|A/cattle/Texas/24-008749-003/2024(H5N1)	655	961
NS|PP755593.1|A/cattle/Texas/24-008749-003/2024(H5N1)	656	960
NS|PP755593.1|A/cattle/Texas/24-008749-003/2024(H5N1)	657	930
NS|PP755593.1|A/cattle/Texas/24-008749-003/2024(H5N1)	658	915
NS|PP755593.1|A/cattle/Texas/24-008749-003/2024(H5N1)	659	908
NS|PP755593.1|A/cattle/Texas/24-008749-003/2024(H5N1)	660	57
NS|PP755593.1|A/cattle/Texas/24-008749-003/2024(H5N1)	661	52
NS|PP755593.1|A/cattle/Texas/24-008749-003/2024(H5N1)	662	52
NS|PP755593.1|A/cattle/Texas/24-008749-003/2024(H5N1)	663	52
NS|PP755593.1|A/cattle/Texas/24-008749-003/2024(H5N1)	664	52
NS|PP755593.1|A/cattle/Texas/24-008749-003/2024(H5N1)	665	52
NS|PP755593.1|A/cattle/Texas/24-008749-003/2024(H5N1)	666	52
NS|PP755593.1|A/cattle/Texas/24-008749-003/2024(H5N1)	667	56
NS|PP755593.1|A/cattle/Texas/24-008749-003/2024(H5N1)	668	55
NS|PP755593.1|A/cattle/Texas/24-008749-003/2024(H5N1)	669	55
NS|PP755593.1|A/cattle/Texas/24-008749-003/2024(H5N1)	670	55
NS|PP755593.1|A/cattle/Texas/24-008749-003/2024(H5N1)	671	55
NS|PP755593.1|A/cattle/Texas/24-008749-003/2024(H5N1)	672	55
NS|PP755593.1|A/cattle/Texas/24-008749-003/2024(H5N1)	673	55
NS|PP755593.1|A/cattle/Texas/24-008749-003/2024(H5N1)	674	55
NS|PP755593.1|A/cattle/Texas/24-008749-003/2024(H5N1)	675	54
NS|PP755593.1|A/cattle/Texas/24-008749-003/2024(H5N1)	676	54
NS|PP755593.1|A/cattle/Texas/24-008749-003/2024(H5N1)	677	61
NS|PP755593.1|A/cattle/Texas/24-008749-003/2024(H5N1)	678	61
NS|PP755593.1|A/cattle/Texas/24-008749-003/2024(H5N1)	679	61
NS|PP755593.1|A/cattle/Texas/24-008749-003/2024(H5N1)	680	59
NS|PP755593.1|A/cattle/Texas/24-008749-003/2024(H5N1)	681	59
NS|PP755593.1|A/cattle/Texas/24-008749-003/2024(H5N1)	682	59
NS|PP755593.1|A/cattle/Texas/24-008749-003/2024(H5N1)	683	59
NS|PP755593.1|A/cattle/Texas/24-008749-003/2024(H5N1)	684	59
NS|PP755593.1|A/cattle/Texas/24-008749-003/2024(H5N1)	685	59
NS|PP755593.1|A/cattle/Texas/24-008749-003/2024(H5N1)	686	59
NS|PP755593.1|A/cattle/Texas/24-008749-003/2024(H5N1)	687	59
NS|PP755593.1|A/cattle/Texas/24-008749-003/2024(H5N1)	688	59
NS|PP755593.1|A/cattle/Texas/24-008749-003/2024(H5N1)	689	57
NS|PP755593.1|A/cattle/Texas/24-008749-003/2024(H5N1)	690	57
NS|PP755593.1|A/cattle/Texas/24-008749-003/2024(H5N1)	691	56
NS|PP755593.1|A/cattle/Texas/24-008749-003/2024(H5N1)	692	56
NS|PP755593.1|A/cattle/Texas/24-008749-003/2024(H5N1)	693	56
NS|PP755593.1|A/cattle/Texas/24-008749-003/2024(H5N1)	694	56
NS|PP755593.1|A/cattle/Texas/24-008749-003/2024(H5N1)	695	56
NS|PP755593.1|A/cattle/Texas/24-008749-003/2024(H5N1)	696	56
NS|PP755593.1|A/cattle/Texas/24-008749-003/2024(H5N1)	697	35
NS|PP755593.1|A/cattle/Texas/24-008749-003/2024(H5N1)	698	35
NS|PP755593.1|A/cattle/Texas/24-008749-003/2024(H5N1)	699	35
NS|PP755593.1|A/cattle/Texas/24-008749-003/2024(H5N1)	700	35
NS|PP755593.1|A/cattle/Texas/24-008749-003/2024(H5N1)	701	35
NS|PP755593.1|A/cattle/Texas/24-008749-003/2024(H5N1)	702	35
NS|PP755593.1|A/cattle/Texas/24-008749-003/2024(H5N1)	703	35
NS|PP755593.1|A/cattle/Texas/24-008749-003/2024(H5N1)	704	33
NS|PP755593.1|A/cattle/Texas/24-008749-003/2024(H5N1)	705	33
NS|PP755593.1|A/cattle/Texas/24-008749-003/2024(H5N1)	706	33
NS|PP755593.1|A/cattle/Texas/24-008749-003/2024(H5N1)	707	33
NS|PP755593.1|A/cattle/Texas/24-008749-003/2024(H5N1)	708	33
NS|PP755593.1|A/cattle/Texas/24-008749-003/2024(H5N1)	709	33
NS|PP755593.1|A/cattle/Texas/24-008749-003/2024(H5N1)	710	33
NS|PP755593.1|A/cattle/Texas/24-008749-003/2024(H5N1)	711	34
NS|PP755593.1|A/cattle/Texas/24-008749-003/2024(H5N1)	712	34
NS|PP755593.1|A/cattle/Texas/24-008749-003/2024(H5N1)	713	34
NS|PP755593.1|A/cattle/Texas/24-008749-003/2024(H5N1)	714	36
NS|PP755593.1|A/cattle/Texas/24-008749-003/2024(H5N1)	715	36
NS|PP755593.1|A/cattle/Texas/24-008749-003/2024(H5N1)	716	34
NS|PP755593.1|A/cattle/Texas/24-008749-003/2024(H5N1)	717	34
NS|PP755593.1|A/cattle/Texas/24-008749-003/2024(H5N1)	718	34
NS|PP755593.1|A/cattle/Texas/24-008749-003/2024(H5N1)	719	34
NS|PP755593.1|A/cattle/Texas/24-008749-003/2024(H5N1)	720	35
NS|PP755593.1|A/cattle/Texas/24-008749-003/2024(H5N1)	721	35
NS|PP755593.1|A/cattle/Texas/24-008749-003/2024(H5N1)	722	35
NS|PP755593.1|A/cattle/Texas/24-008749-003/2024(H5N1)	723	35
NS|PP755593.1|A/cattle/Texas/24-008749-003/2024(H5N1)	724	35
NS|PP755593.1|A/cattle/Texas/24-008749-003/2024(H5N1)	725	35
NS|PP755593.1|A/cattle/Texas/24-008749-003/2024(H5N1)	726	35
NS|PP755593.1|A/cattle/Texas/24-008749-003/2024(H5N1)	727	35
NS|PP755593.1|A/cattle/Texas/24-008749-003/2024(H5N1)	728	33
NS|PP755593.1|A/cattle/Texas/24-008749-003/2024(H5N1)	729	33
NS|PP755593.1|A/cattle/Texas/24-008749-003/2024(H5N1)	730	33
NS|PP755593.1|A/cattle/Texas/24-008749-003/2024(H5N1)	731	33
NS|PP755593.1|A/cattle/Texas/24-008749-003/2024(H5N1)	732	32
NS|PP755593.1|A/cattle/Texas/24-008749-003/2024(H5N1)	733	31
NS|PP755593.1|A/cattle/Texas/24-008749-003/2024(H5N1)	734	32
NS|PP755593.1|A/cattle/Texas/24-008749-003/2024(H5N1)	735	32
NS|PP755593.1|A/cattle/Texas/24-008749-003/2024(H5N1)	736	32
NS|PP755593.1|A/cattle/Texas/24-008749-003/2024(H5N1)	737	32
NS|PP755593.1|A/cattle/Texas/24-008749-003/2024(H5N1)	738	32
NS|PP755593.1|A/cattle/Texas/24-008749-003/2024(H5N1)	739	32
NS|PP755593.1|A/cattle/Texas/24-008749-003/2024(H5N1)	740	32
NS|PP755593.1|A/cattle/Texas/24-008749-003/2024(H5N1)	741	32
NS|PP755593.1|A/cattle/Texas/24-008749-003/2024(H5N1)	742	32
NS|PP755593.1|A/cattle/Texas/24-008749-003/2024(H5N1)	743	32
NS|PP755593.1|A/cattle/Texas/24-008749-003/2024(H5N1)	744	32
NS|PP755593.1|A/cattle/Texas/24-008749-003/2024(H5N1)	745	32
NS|PP755593.1|A/cattle/Texas/24-008749-003/2024(H5N1)	746	32
NS|PP755593.1|A/cattle/Texas/24-008749-003/2024(H5N1)	747	32
NS|PP755593.1|A/cattle/Texas/24-008749-003/2024(H5N1)	748	32
NS|PP755593.1|A/cattle/Texas/24-008749-003/2024(H5N1)	749	32
NS|PP755593.1|A/cattle/Texas/24-008749-003/2024(H5N1)	750	32
NS|PP755593.1|A/cattle/Texas/24-008749-003/2024(H5N1)	751	32
NS|PP755593.1|A/cattle/Texas/24-008749-003/2024(H5N1)	752	32
NS|PP755593.1|A/cattle/Texas/24-008749-003/2024(H5N1)	753	32
NS|PP755593.1|A/cattle/Texas/24-008749-003/2024(H5N1)	754	32
NS|PP755593.1|A/cattle/Texas/24-008749-003/2024(H5N1)	755	32
NS|PP755593.1|A/cattle/Texas/24-008749-003/2024(H5N1)	756	32
NS|PP755593.1|A/cattle/Texas/24-008749-003/2024(H5N1)	757	32
NS|PP755593.1|A/cattle/Texas/24-008749-003/2024(H5N1)	758	32
NS|PP755593.1|A/cattle/Texas/24-008749-003/2024(H5N1)	759	32
NS|PP755593.1|A/cattle/Texas/24-008749-003/2024(H5N1)	760	32
NS|PP755593.1|A/cattle/Texas/24-008749-003/2024(H5N1)	761	32
NS|PP755593.1|A/cattle/Texas/24-008749-003/2024(H5N1)	762	32
NS|PP755593.1|A/cattle/Texas/24-008749-003/2024(H5N1)	763	32
NS|PP755593.1|A/cattle/Texas/24-008749-003/2024(H5N1)	764	32
NS|PP755593.1|A/cattle/Texas/24-008749-003/2024(H5N1)	765	32
NS|PP755593.1|A/cattle/Texas/24-008749-003/2024(H5N1)	766	32
NS|PP755593.1|A/cattle/Texas/24-008749-003/2024(H5N1)	767	32
NS|PP755593.1|A/cattle/Texas/24-008749-003/2024(H5N1)	768	29
NS|PP755593.1|A/cattle/Texas/24-008749-003/2024(H5N1)	769	29
NS|PP755593.1|A/cattle/Texas/24-008749-003/2024(H5N1)	770	29
NS|PP755593.1|A/cattle/Texas/24-008749-003/2024(H5N1)	771	29
NS|PP755593.1|A/cattle/Texas/24-008749-003/2024(H5N1)	772	29
NS|PP755593.1|A/cattle/Texas/24-008749-003/2024(H5N1)	773	29
NS|PP755593.1|A/cattle/Texas/24-008749-003/2024(H5N1)	774	28
NS|PP755593.1|A/cattle/Texas/24-008749-003/2024(H5N1)	775	28
NS|PP755593.1|A/cattle/Texas/24-008749-003/2024(H5N1)	776	28
NS|PP755593.1|A/cattle/Texas/24-008749-003/2024(H5N1)	777	28
NS|PP755593.1|A/cattle/Texas/24-008749-003/2024(H5N1)	778	28
NS|PP755593.1|A/cattle/Texas/24-008749-003/2024(H5N1)	779	28
NS|PP755593.1|A/cattle/Texas/24-008749-003/2024(H5N1)	780	28
NS|PP755593.1|A/cattle/Texas/24-008749-003/2024(H5N1)	781	28
NS|PP755593.1|A/cattle/Texas/24-008749-003/2024(H5N1)	782	28
NS|PP755593.1|A/cattle/Texas/24-008749-003/2024(H5N1)	783	28
NS|PP755593.1|A/cattle/Texas/24-008749-003/2024(H5N1)	784	28
NS|PP755593.1|A/cattle/Texas/24-008749-003/2024(H5N1)	785	26
NS|PP755593.1|A/cattle/Texas/24-008749-003/2024(H5N1)	786	21
NS|PP755593.1|A/cattle/Texas/24-008749-003/2024(H5N1)	787	21
NS|PP755593.1|A/cattle/Texas/24-008749-003/2024(H5N1)	788	21
NS|PP755593.1|A/cattle/Texas/24-008749-003/2024(H5N1)	789	20
NS|PP755593.1|A/cattle/Texas/24-008749-003/2024(H5N1)	790	20
NS|PP755593.1|A/cattle/Texas/24-008749-003/2024(H5N1)	791	20
NS|PP755593.1|A/cattle/Texas/24-008749-003/2024(H5N1)	792	20
NS|PP755593.1|A/cattle/Texas/24-008749-003/2024(H5N1)	793	20
NS|PP755593.1|A/cattle/Texas/24-008749-003/2024(H5N1)	794	18
NS|PP755593.1|A/cattle/Texas/24-008749-003/2024(H5N1)	795	18
NS|PP755593.1|A/cattle/Texas/24-008749-003/2024(H5N1)	796	18
NS|PP755593.1|A/cattle/Texas/24-008749-003/2024(H5N1)	797	18
NS|PP755593.1|A/cattle/Texas/24-008749-003/2024(H5N1)	798	18
NS|PP755593.1|A/cattle/Texas/24-008749-003/2024(H5N1)	799	18
NS|PP755593.1|A/cattle/Texas/24-008749-003/2024(H5N1)	800	18
NS|PP755593.1|A/cattle/Texas/24-008749-003/2024(H5N1)	801	18
NS|PP755593.1|A/cattle/Texas/24-008749-003/2024(H5N1)	802	18
NS|PP755593.1|A/cattle/Texas/24-008749-003/2024(H5N1)	803	18
NS|PP755593.1|A/cattle/Texas/24-008749-003/2024(H5N1)	804	13
NS|PP755593.1|A/cattle/Texas/24-008749-003/2024(H5N1)	805	13
NS|PP755593.1|A/cattle/Texas/24-008749-003/2024(H5N1)	806	13
NS|PP755593.1|A/cattle/Texas/24-008749-003/2024(H5N1)	807	13
NS|PP755593.1|A/cattle/Texas/24-008749-003/2024(H5N1)	808	13
NS|PP755593.1|A/cattle/Texas/24-008749-003/2024(H5N1)	809	9
NS|PP755593.1|A/cattle/Texas/24-008749-003/2024(H5N1)	810	9
NS|PP755593.1|A/cattle/Texas/24-008749-003/2024(H5N1)	811	9
NS|PP755593.1|A/cattle/Texas/24-008749-003/2024(H5N1)	812	9
NS|PP755593.1|A/cattle/Texas/24-008749-003/2024(H5N1)	813	9
NS|PP755593.1|A/cattle/Texas/24-008749-003/2024(H5N1)	814	9
NS|PP755593.1|A/cattle/Texas/24-008749-003/2024(H5N1)	815	9
NS|PP755593.1|A/cattle/Texas/24-008749-003/2024(H5N1)	816	9
NS|PP755593.1|A/cattle/Texas/24-008749-003/2024(H5N1)	817	4
NS|PP755593.1|A/cattle/Texas/24-008749-003/2024(H5N1)	818	4
NS|PP755593.1|A/cattle/Texas/24-008749-003/2024(H5N1)	819	4
NS|PP755593.1|A/cattle/Texas/24-008749-003/2024(H5N1)	820	4
NS|PP755593.1|A/cattle/Texas/24-008749-003/2024(H5N1)	821	4
NS|PP755593.1|A/cattle/Texas/24-008749-003/2024(H5N1)	822	4
NS|PP755593.1|A/cattle/Texas/24-008749-003/2024(H5N1)	823	4
NS|PP755593.1|A/cattle/Texas/24-008749-003/2024(H5N1)	824	4
NS|PP755593.1|A/cattle/Texas/24-008749-003/2024(H5N1)	825	4
NS|PP755593.1|A/cattle/Texas/24-008749-003/2024(H5N1)	826	4
NS|PP755593.1|A/cattle/Texas/24-008749-003/2024(H5N1)	827	4
NS|PP755593.1|A/cattle/Texas/24-008749-003/2024(H5N1)	828	4
NS|PP755593.1|A/cattle/Texas/24-008749-003/2024(H5N1)	829	4
NS|PP755593.1|A/cattle/Texas/24-008749-003/2024(H5N1)	830	4
NS|PP755593.1|A/cattle/Texas/24-008749-003/2024(H5N1)	831	4
NS|PP755593.1|A/cattle/Texas/24-008749-003/2024(H5N1)	832	4
NS|PP755593.1|A/cattle/Texas/24-008749-003/2024(H5N1)	833	4
NS|PP755593.1|A/cattle/Texas/24-008749-003/2024(H5N1)	834	4
NS|PP755593.1|A/cattle/Texas/24-008749-003/2024(H5N1)	835	4
NS|PP755593.1|A/cattle/Texas/24-008749-003/2024(H5N1)	836	4
NS|PP755593.1|A/cattle/Texas/24-008749-003/2024(H5N1)	837	4
NS|PP755593.1|A/cattle/Texas/24-008749-003/2024(H5N1)	838	4
