NS|PP755593.1|A/cattle/Texas/24-008749-003/2024(H5N1)	1	512
NS|PP755593.1|A/cattle/Texas/24-008749-003/2024(H5N1)	2	512
NS|PP755593.1|A/cattle/Texas/24-008749-003/2024(H5N1)	3	523
NS|PP755593.1|A/cattle/Texas/24-008749-003/2024(H5N1)	4	543
NS|PP755593.1|A/cattle/Texas/24-008749-003/2024(H5N1)	5	568
NS|PP755593.1|A/cattle/Texas/24-008749-003/2024(H5N1)	6	836
NS|PP755593.1|A/cattle/Texas/24-008749-003/2024(H5N1)	7	836
NS|PP755593.1|A/cattle/Texas/24-008749-003/2024(H5N1)	8	849
NS|PP755593.1|A/cattle/Texas/24-008749-003/2024(H5N1)	9	859
NS|PP755593.1|A/cattle/Texas/24-008749-003/2024(H5N1)	10	859
NS|PP755593.1|A/cattle/Texas/24-008749-003/2024(H5N1)	11	866
NS|PP755593.1|A/cattle/Texas/24-008749-003/2024(H5N1)	12	870
NS|PP755593.1|A/cattle/Texas/24-008749-003/2024(H5N1)	13	871
NS|PP755593.1|A/cattle/Texas/24-008749-003/2024(H5N1)	14	874
NS|PP755593.1|A/cattle/Texas/24-008749-003/2024(H5N1)	15	874
NS|PP755593.1|A/cattle/Texas/24-008749-003/2024(H5N1)	16	967
NS|PP755593.1|A/cattle/Texas/24-008749-003/2024(H5N1)	17	972
NS|PP755593.1|A/cattle/Texas/24-008749-003/2024(H5N1)	18	980
NS|PP755593.1|A/cattle/Texas/24-008749-003/2024(H5N1)	19	980
NS|PP755593.1|A/cattle/Texas/24-008749-003/2024(H5N1)	20	980
NS|PP755593.1|A/cattle/Texas/24-008749-003/2024(H5N1)	21	983
NS|PP755593.1|A/cattle/Texas/24-008749-003/2024(H5N1)	22	983
NS|PP755593.1|A/cattle/Texas/24-008749-003/2024(H5N1)	23	1000
NS|PP755593.1|A/cattle/Texas/24-008749-003/2024(H5N1)	24	1018
NS|PP755593.1|A/cattle/Texas/24-008749-003/2024(H5N1)	25	1018
NS|PP755593.1|A/cattle/Texas/24-008749-003/2024(H5N1)	26	1026
NS|PP755593.1|A/cattle/Texas/24-008749-003/2024(H5N1)	27	1026
NS|PP755593.1|A/cattle/Texas/24-008749-003/2024(H5N1)	28	1040
NS|PP755593.1|A/cattle/Texas/24-008749-003/2024(H5N1)	29	1040
NS|PP755593.1|A/cattle/Texas/24-008749-003/2024(H5N1)	30	1043
NS|PP755593.1|A/cattle/Texas/24-008749-003/2024(H5N1)	31	1046
NS|PP755593.1|A/cattle/Texas/24-008749-003/2024(H5N1)	32	1049
NS|PP755593.1|A/cattle/Texas/24-008749-003/2024(H5N1)	33	1052
NS|PP755593.1|A/cattle/Texas/24-008749-003/2024(H5N1)	34	1057
NS|PP755593.1|A/cattle/Texas/24-008749-003/2024(H5N1)	35	1059
NS|PP755593.1|A/cattle/Texas/24-008749-003/2024(H5N1)	36	1067
NS|PP755593.1|A/cattle/Texas/24-008749-003/2024(H5N1)	37	1068
NS|PP755593.1|A/cattle/Texas/24-008749-003/2024(H5N1)	38	1092
NS|PP755593.1|A/cattle/Texas/24-008749-003/2024(H5N1)	39	1095
NS|PP755593.1|A/cattle/Texas/24-008749-003/2024(H5N1)	40	1096
NS|PP755593.1|A/cattle/Texas/24-008749-003/2024(H5N1)	41	1108
NS|PP755593.1|A/cattle/Texas/24-008749-003/2024(H5N1)	42	1121
NS|PP755593.1|A/cattle/Texas/24-008749-003/2024(H5N1)	43	1134
NS|PP755593.1|A/cattle/Texas/24-008749-003/2024(H5N1)	44	1147
NS|PP755593.1|A/cattle/Texas/24-008749-003/2024(H5N1)	45	1145
NS|PP755593.1|A/cattle/Texas/24-008749-003/2024(H5N1)	46	1150
NS|PP755593.1|A/cattle/Texas/24-008749-003/2024(H5N1)	47	1143
NS|PP755593.1|A/cattle/Texas/24-008749-003/2024(H5N1)	48	1143
NS|PP755593.1|A/cattle/Texas/24-008749-003/2024(H5N1)	49	1148
NS|PP755593.1|A/cattle/Texas/24-008749-003/2024(H5N1)	50	1148
NS|PP755593.1|A/cattle/Texas/24-008749-003/2024(H5N1)	51	1158
NS|PP755593.1|A/cattle/Texas/24-008749-003/2024(H5N1)	52	1173
NS|PP755593.1|A/cattle/Texas/24-008749-003/2024(H5N1)	53	1178
NS|PP755593.1|A/cattle/Texas/24-008749-003/2024(H5N1)	54	1184
NS|PP755593.1|A/cattle/Texas/24-008749-003/2024(H5N1)	55	1184
NS|PP755593.1|A/cattle/Texas/24-008749-003/2024(H5N1)	56	1184
NS|PP755593.1|A/cattle/Texas/24-008749-003/2024(H5N1)	57	1184
NS|PP755593.1|A/cattle/Texas/24-008749-003/2024(H5N1)	58	1184
NS|PP755593.1|A/cattle/Texas/24-008749-003/2024(H5N1)	59	1188
NS|PP755593.1|A/cattle/Texas/24-008749-003/2024(H5N1)	60	1189
NS|PP755593.1|A/cattle/Texas/24-008749-003/2024(H5N1)	61	1198
NS|PP755593.1|A/cattle/Texas/24-008749-003/2024(H5N1)	62	1198
NS|PP755593.1|A/cattle/Texas/24-008749-003/2024(H5N1)	63	1199
NS|PP755593.1|A/cattle/Texas/24-008749-003/2024(H5N1)	64	1201
NS|PP755593.1|A/cattle/Texas/24-008749-003/2024(H5N1)	65	1201
NS|PP755593.1|A/cattle/Texas/24-008749-003/2024(H5N1)	66	1202
NS|PP755593.1|A/cattle/Texas/24-008749-003/2024(H5N1)	67	1202
NS|PP755593.1|A/cattle/Texas/24-008749-003/2024(H5N1)	68	1208
NS|PP755593.1|A/cattle/Texas/24-008749-003/2024(H5N1)	69	1208
NS|PP755593.1|A/cattle/Texas/24-008749-003/2024(H5N1)	70	1224
NS|PP755593.1|A/cattle/Texas/24-008749-003/2024(H5N1)	71	1261
NS|PP755593.1|A/cattle/Texas/24-008749-003/2024(H5N1)	72	1288
NS|PP755593.1|A/cattle/Texas/24-008749-003/2024(H5N1)	73	1289
NS|PP755593.1|A/cattle/Texas/24-008749-003/2024(H5N1)	74	1296
NS|PP755593.1|A/cattle/Texas/24-008749-003/2024(H5N1)	75	1299
NS|PP755593.1|A/cattle/Texas/24-008749-003/2024(H5N1)	76	1342
NS|PP755593.1|A/cattle/Texas/24-008749-003/2024(H5N1)	77	1357
NS|PP755593.1|A/cattle/Texas/24-008749-003/2024(H5N1)	78	1358
NS|PP755593.1|A/cattle/Texas/24-008749-003/2024(H5N1)	79	1361
NS|PP755593.1|A/cattle/Texas/24-008749-003/2024(H5N1)	80	1353
NS|PP755593.1|A/cattle/Texas/24-008749-003/2024(H5N1)	81	1376
NS|PP755593.1|A/cattle/Texas/24-008749-003/2024(H5N1)	82	1380
NS|PP755593.1|A/cattle/Texas/24-008749-003/2024(H5N1)	83	1406
NS|PP755593.1|A/cattle/Texas/24-008749-003/2024(H5N1)	84	1407
NS|PP755593.1|A/cattle/Texas/24-008749-003/2024(H5N1)	85	1407
NS|PP755593.1|A/cattle/Texas/24-008749-003/2024(H5N1)	86	1412
NS|PP755593.1|A/cattle/Texas/24-008749-003/2024(H5N1)	87	1419
NS|PP755593.1|A/cattle/Texas/24-008749-003/2024(H5N1)	88	1454
NS|PP755593.1|A/cattle/Texas/24-008749-003/2024(H5N1)	89	1476
NS|PP755593.1|A/cattle/Texas/24-008749-003/2024(H5N1)	90	1480
NS|PP755593.1|A/cattle/Texas/24-008749-003/2024(H5N1)	91	1481
NS|PP755593.1|A/cattle/Texas/24-008749-003/2024(H5N1)	92	1483
NS|PP755593.1|A/cattle/Texas/24-008749-003/2024(H5N1)	93	1484
NS|PP755593.1|A/cattle/Texas/24-008749-003/2024(H5N1)	94	1508
NS|PP755593.1|A/cattle/Texas/24-008749-003/2024(H5N1)	95	1523
NS|PP755593.1|A/cattle/Texas/24-008749-003/2024(H5N1)	96	1531
NS|PP755593.1|A/cattle/Texas/24-008749-003/2024(H5N1)	97	1540
NS|PP755593.1|A/cattle/Texas/24-008749-003/2024(H5N1)	98	1546
NS|PP755593.1|A/cattle/Texas/24-008749-003/2024(H5N1)	99	1549
NS|PP755593.1|A/cattle/Texas/24-008749-003/2024(H5N1)	100	1549
NS|PP755593.1|A/cattle/Texas/24-008749-003/2024(H5N1)	101	1549
NS|PP755593.1|A/cattle/Texas/24-008749-003/2024(H5N1)	102	1549
NS|PP755593.1|A/cattle/Texas/24-008749-003/2024(H5N1)	103	1547
NS|PP755593.1|A/cattle/Texas/24-008749-003/2024(H5N1)	104	1543
NS|PP755593.1|A/cattle/Texas/24-008749-003/2024(H5N1)	105	1562
NS|PP755593.1|A/cattle/Texas/24-008749-003/2024(H5N1)	106	1561
NS|PP755593.1|A/cattle/Texas/24-008749-003/2024(H5N1)	107	1564
NS|PP755593.1|A/cattle/Texas/24-008749-003/2024(H5N1)	108	1568
NS|PP755593.1|A/cattle/Texas/24-008749-003/2024(H5N1)	109	1575
NS|PP755593.1|A/cattle/Texas/24-008749-003/2024(H5N1)	110	1577
NS|PP755593.1|A/cattle/Texas/24-008749-003/2024(H5N1)	111	1577
NS|PP755593.1|A/cattle/Texas/24-008749-003/2024(H5N1)	112	1577
NS|PP755593.1|A/cattle/Texas/24-008749-003/2024(H5N1)	113	1577
NS|PP755593.1|A/cattle/Texas/24-008749-003/2024(H5N1)	114	1573
NS|PP755593.1|A/cattle/Texas/24-008749-003/2024(H5N1)	115	1573
NS|PP755593.1|A/cattle/Texas/24-008749-003/2024(H5N1)	116	1554
NS|PP755593.1|A/cattle/Texas/24-008749-003/2024(H5N1)	117	1540
NS|PP755593.1|A/cattle/Texas/24-008749-003/2024(H5N1)	118	1549
NS|PP755593.1|A/cattle/Texas/24-008749-003/2024(H5N1)	119	1547
NS|PP755593.1|A/cattle/Texas/24-008749-003/2024(H5N1)	120	1547
NS|PP755593.1|A/cattle/Texas/24-008749-003/2024(H5N1)	121	1547
NS|PP755593.1|A/cattle/Texas/24-008749-003/2024(H5N1)	122	1547
NS|PP755593.1|A/cattle/Texas/24-008749-003/2024(H5N1)	123	1504
NS|PP755593.1|A/cattle/Texas/24-008749-003/2024(H5N1)	124	1549
NS|PP755593.1|A/cattle/Texas/24-008749-003/2024(H5N1)	125	1299
NS|PP755593.1|A/cattle/Texas/24-008749-003/2024(H5N1)	126	1219
NS|PP755593.1|A/cattle/Texas/24-008749-003/2024(H5N1)	127	1225
NS|PP755593.1|A/cattle/Texas/24-008749-003/2024(H5N1)	128	1225
NS|PP755593.1|A/cattle/Texas/24-008749-003/2024(H5N1)	129	1229
NS|PP755593.1|A/cattle/Texas/24-008749-003/2024(H5N1)	130	1313
NS|PP755593.1|A/cattle/Texas/24-008749-003/2024(H5N1)	131	1344
NS|PP755593.1|A/cattle/Texas/24-008749-003/2024(H5N1)	132	1347
NS|PP755593.1|A/cattle/Texas/24-008749-003/2024(H5N1)	133	1364
NS|PP755593.1|A/cattle/Texas/24-008749-003/2024(H5N1)	134	1380
NS|PP755593.1|A/cattle/Texas/24-008749-003/2024(H5N1)	135	1380
NS|PP755593.1|A/cattle/Texas/24-008749-003/2024(H5N1)	136	1373
NS|PP755593.1|A/cattle/Texas/24-008749-003/2024(H5N1)	137	1372
NS|PP755593.1|A/cattle/Texas/24-008749-003/2024(H5N1)	138	1407
NS|PP755593.1|A/cattle/Texas/24-008749-003/2024(H5N1)	139	1409
NS|PP755593.1|A/cattle/Texas/24-008749-003/2024(H5N1)	140	1449
NS|PP755593.1|A/cattle/Texas/24-008749-003/2024(H5N1)	141	1448
NS|PP755593.1|A/cattle/Texas/24-008749-003/2024(H5N1)	142	1446
NS|PP755593.1|A/cattle/Texas/24-008749-003/2024(H5N1)	143	1448
NS|PP755593.1|A/cattle/Texas/24-008749-003/2024(H5N1)	144	1485
NS|PP755593.1|A/cattle/Texas/24-008749-003/2024(H5N1)	145	1485
NS|PP755593.1|A/cattle/Texas/24-008749-003/2024(H5N1)	146	1544
NS|PP755593.1|A/cattle/Texas/24-008749-003/2024(H5N1)	147	1547
NS|PP755593.1|A/cattle/Texas/24-008749-003/2024(H5N1)	148	1545
NS|PP755593.1|A/cattle/Texas/24-008749-003/2024(H5N1)	149	1561
NS|PP755593.1|A/cattle/Texas/24-008749-003/2024(H5N1)	150	1565
NS|PP755593.1|A/cattle/Texas/24-008749-003/2024(H5N1)	151	1616
NS|PP755593.1|A/cattle/Texas/24-008749-003/2024(H5N1)	152	1642
NS|PP755593.1|A/cattle/Texas/24-008749-003/2024(H5N1)	153	1665
NS|PP755593.1|A/cattle/Texas/24-008749-003/2024(H5N1)	154	1387
NS|PP755593.1|A/cattle/Texas/24-008749-003/2024(H5N1)	155	1356
NS|PP755593.1|A/cattle/Texas/24-008749-003/2024(H5N1)	156	1358
NS|PP755593.1|A/cattle/Texas/24-008749-003/2024(H5N1)	157	1357
NS|PP755593.1|A/cattle/Texas/24-008749-003/2024(H5N1)	158	1380
NS|PP755593.1|A/cattle/Texas/24-008749-003/2024(H5N1)	159	1388
NS|PP755593.1|A/cattle/Texas/24-008749-003/2024(H5N1)	160	1370
NS|PP755593.1|A/cattle/Texas/24-008749-003/2024(H5N1)	161	1371
NS|PP755593.1|A/cattle/Texas/24-008749-003/2024(H5N1)	162	1362
NS|PP755593.1|A/cattle/Texas/24-008749-003/2024(H5N1)	163	1365
NS|PP755593.1|A/cattle/Texas/24-008749-003/2024(H5N1)	164	1364
NS|PP755593.1|A/cattle/Texas/24-008749-003/2024(H5N1)	165	1344
NS|PP755593.1|A/cattle/Texas/24-008749-003/2024(H5N1)	166	1350
NS|PP755593.1|A/cattle/Texas/24-008749-003/2024(H5N1)	167	1274
NS|PP755593.1|A/cattle/Texas/24-008749-003/2024(H5N1)	168	1271
NS|PP755593.1|A/cattle/Texas/24-008749-003/2024(H5N1)	169	1271
NS|PP755593.1|A/cattle/Texas/24-008749-003/2024(H5N1)	170	1286
NS|PP755593.1|A/cattle/Texas/24-008749-003/2024(H5N1)	171	1297
NS|PP755593.1|A/cattle/Texas/24-008749-003/2024(H5N1)	172	1297
NS|PP755593.1|A/cattle/Texas/24-008749-003/2024(H5N1)	173	1292
NS|PP755593.1|A/cattle/Texas/24-008749-003/2024(H5N1)	174	1277
NS|PP755593.1|A/cattle/Texas/24-008749-003/2024(H5N1)	175	1291
NS|PP755593.1|A/cattle/Texas/24-008749-003/2024(H5N1)	176	1299
NS|PP755593.1|A/cattle/Texas/24-008749-003/2024(H5N1)	177	1300
NS|PP755593.1|A/cattle/Texas/24-008749-003/2024(H5N1)	178	1300
NS|PP755593.1|A/cattle/Texas/24-008749-003/2024(H5N1)	179	1287
NS|PP755593.1|A/cattle/Texas/24-008749-003/2024(H5N1)	180	1278
NS|PP755593.1|A/cattle/Texas/24-008749-003/2024(H5N1)	181	1300
NS|PP755593.1|A/cattle/Texas/24-008749-003/2024(H5N1)	182	1306
NS|PP755593.1|A/cattle/Texas/24-008749-003/2024(H5N1)	183	1309
NS|PP755593.1|A/cattle/Texas/24-008749-003/2024(H5N1)	184	1454
NS|PP755593.1|A/cattle/Texas/24-008749-003/2024(H5N1)	185	1457
NS|PP755593.1|A/cattle/Texas/24-008749-003/2024(H5N1)	186	1479
NS|PP755593.1|A/cattle/Texas/24-008749-003/2024(H5N1)	187	1484
NS|PP755593.1|A/cattle/Texas/24-008749-003/2024(H5N1)	188	1500
NS|PP755593.1|A/cattle/Texas/24-008749-003/2024(H5N1)	189	1488
NS|PP755593.1|A/cattle/Texas/24-008749-003/2024(H5N1)	190	1487
NS|PP755593.1|A/cattle/Texas/24-008749-003/2024(H5N1)	191	1501
NS|PP755593.1|A/cattle/Texas/24-008749-003/2024(H5N1)	192	1485
NS|PP755593.1|A/cattle/Texas/24-008749-003/2024(H5N1)	193	1514
NS|PP755593.1|A/cattle/Texas/24-008749-003/2024(H5N1)	194	1506
NS|PP755593.1|A/cattle/Texas/24-008749-003/2024(H5N1)	195	1489
NS|PP755593.1|A/cattle/Texas/24-008749-003/2024(H5N1)	196	1493
NS|PP755593.1|A/cattle/Texas/24-008749-003/2024(H5N1)	197	1483
NS|PP755593.1|A/cattle/Texas/24-008749-003/2024(H5N1)	198	1482
NS|PP755593.1|A/cattle/Texas/24-008749-003/2024(H5N1)	199	1482
NS|PP755593.1|A/cattle/Texas/24-008749-003/2024(H5N1)	200	1479
NS|PP755593.1|A/cattle/Texas/24-008749-003/2024(H5N1)	201	1492
NS|PP755593.1|A/cattle/Texas/24-008749-003/2024(H5N1)	202	1494
NS|PP755593.1|A/cattle/Texas/24-008749-003/2024(H5N1)	203	1480
NS|PP755593.1|A/cattle/Texas/24-008749-003/2024(H5N1)	204	1475
NS|PP755593.1|A/cattle/Texas/24-008749-003/2024(H5N1)	205	1474
NS|PP755593.1|A/cattle/Texas/24-008749-003/2024(H5N1)	206	1479
NS|PP755593.1|A/cattle/Texas/24-008749-003/2024(H5N1)	207	1479
NS|PP755593.1|A/cattle/Texas/24-008749-003/2024(H5N1)	208	1479
NS|PP755593.1|A/cattle/Texas/24-008749-003/2024(H5N1)	209	1479
NS|PP755593.1|A/cattle/Texas/24-008749-003/2024(H5N1)	210	1477
NS|PP755593.1|A/cattle/Texas/24-008749-003/2024(H5N1)	211	1490
NS|PP755593.1|A/cattle/Texas/24-008749-003/2024(H5N1)	212	1564
NS|PP755593.1|A/cattle/Texas/24-008749-003/2024(H5N1)	213	1564
NS|PP755593.1|A/cattle/Texas/24-008749-003/2024(H5N1)	214	1578
NS|PP755593.1|A/cattle/Texas/24-008749-003/2024(H5N1)	215	1596
NS|PP755593.1|A/cattle/Texas/24-008749-003/2024(H5N1)	216	1607
NS|PP755593.1|A/cattle/Texas/24-008749-003/2024(H5N1)	217	1607
NS|PP755593.1|A/cattle/Texas/24-008749-003/2024(H5N1)	218	1606
NS|PP755593.1|A/cattle/Texas/24-008749-003/2024(H5N1)	219	1600
NS|PP755593.1|A/cattle/Texas/24-008749-003/2024(H5N1)	220	1604
NS|PP755593.1|A/cattle/Texas/24-008749-003/2024(H5N1)	221	1672
NS|PP755593.1|A/cattle/Texas/24-008749-003/2024(H5N1)	222	1648
NS|PP755593.1|A/cattle/Texas/24-008749-003/2024(H5N1)	223	1626
NS|PP755593.1|A/cattle/Texas/24-008749-003/2024(H5N1)	224	1628
NS|PP755593.1|A/cattle/Texas/24-008749-003/2024(H5N1)	225	1623
NS|PP755593.1|A/cattle/Texas/24-008749-003/2024(H5N1)	226	1623
NS|PP755593.1|A/cattle/Texas/24-008749-003/2024(H5N1)	227	1573
NS|PP755593.1|A/cattle/Texas/24-008749-003/2024(H5N1)	228	1571
NS|PP755593.1|A/cattle/Texas/24-008749-003/2024(H5N1)	229	1601
NS|PP755593.1|A/cattle/Texas/24-008749-003/2024(H5N1)	230	1601
NS|PP755593.1|A/cattle/Texas/24-008749-003/2024(H5N1)	231	1615
NS|PP755593.1|A/cattle/Texas/24-008749-003/2024(H5N1)	232	1604
NS|PP755593.1|A/cattle/Texas/24-008749-003/2024(H5N1)	233	1604
NS|PP755593.1|A/cattle/Texas/24-008749-003/2024(H5N1)	234	1578
NS|PP755593.1|A/cattle/Texas/24-008749-003/2024(H5N1)	235	1578
NS|PP755593.1|A/cattle/Texas/24-008749-003/2024(H5N1)	236	1579
NS|PP755593.1|A/cattle/Texas/24-008749-003/2024(H5N1)	237	1580
NS|PP755593.1|A/cattle/Texas/24-008749-003/2024(H5N1)	238	1578
NS|PP755593.1|A/cattle/Texas/24-008749-003/2024(H5N1)	239	1554
NS|PP755593.1|A/cattle/Texas/24-008749-003/2024(H5N1)	240	1556
NS|PP755593.1|A/cattle/Texas/24-008749-003/2024(H5N1)	241	1556
NS|PP755593.1|A/cattle/Texas/24-008749-003/2024(H5N1)	242	1555
NS|PP755593.1|A/cattle/Texas/24-008749-003/2024(H5N1)	243	1554
NS|PP755593.1|A/cattle/Texas/24-008749-003/2024(H5N1)	244	1556
NS|PP755593.1|A/cattle/Texas/24-008749-003/2024(H5N1)	245	1520
NS|PP755593.1|A/cattle/Texas/24-008749-003/2024(H5N1)	246	1516
NS|PP755593.1|A/cattle/Texas/24-008749-003/2024(H5N1)	247	1471
NS|PP755593.1|A/cattle/Texas/24-008749-003/2024(H5N1)	248	1463
NS|PP755593.1|A/cattle/Texas/24-008749-003/2024(H5N1)	249	1456
NS|PP755593.1|A/cattle/Texas/24-008749-003/2024(H5N1)	250	1461
NS|PP755593.1|A/cattle/Texas/24-008749-003/2024(H5N1)	251	1468
NS|PP755593.1|A/cattle/Texas/24-008749-003/2024(H5N1)	252	1468
NS|PP755593.1|A/cattle/Texas/24-008749-003/2024(H5N1)	253	1482
NS|PP755593.1|A/cattle/Texas/24-008749-003/2024(H5N1)	254	1482
NS|PP755593.1|A/cattle/Texas/24-008749-003/2024(H5N1)	255	1476
NS|PP755593.1|A/cattle/Texas/24-008749-003/2024(H5N1)	256	1498
NS|PP755593.1|A/cattle/Texas/24-008749-003/2024(H5N1)	257	1521
NS|PP755593.1|A/cattle/Texas/24-008749-003/2024(H5N1)	258	1516
NS|PP755593.1|A/cattle/Texas/24-008749-003/2024(H5N1)	259	1511
NS|PP755593.1|A/cattle/Texas/24-008749-003/2024(H5N1)	260	1535
NS|PP755593.1|A/cattle/Texas/24-008749-003/2024(H5N1)	261	1538
NS|PP755593.1|A/cattle/Texas/24-008749-003/2024(H5N1)	262	1543
NS|PP755593.1|A/cattle/Texas/24-008749-003/2024(H5N1)	263	1543
NS|PP755593.1|A/cattle/Texas/24-008749-003/2024(H5N1)	264	1559
NS|PP755593.1|A/cattle/Texas/24-008749-003/2024(H5N1)	265	1535
NS|PP755593.1|A/cattle/Texas/24-008749-003/2024(H5N1)	266	1604
NS|PP755593.1|A/cattle/Texas/24-008749-003/2024(H5N1)	267	1611
NS|PP755593.1|A/cattle/Texas/24-008749-003/2024(H5N1)	268	1607
NS|PP755593.1|A/cattle/Texas/24-008749-003/2024(H5N1)	269	1604
NS|PP755593.1|A/cattle/Texas/24-008749-003/2024(H5N1)	270	1604
NS|PP755593.1|A/cattle/Texas/24-008749-003/2024(H5N1)	271	1603
NS|PP755593.1|A/cattle/Texas/24-008749-003/2024(H5N1)	272	1596
NS|PP755593.1|A/cattle/Texas/24-008749-003/2024(H5N1)	273	1577
NS|PP755593.1|A/cattle/Texas/24-008749-003/2024(H5N1)	274	1577
NS|PP755593.1|A/cattle/Texas/24-008749-003/2024(H5N1)	275	1527
NS|PP755593.1|A/cattle/Texas/24-008749-003/2024(H5N1)	276	1527
NS|PP755593.1|A/cattle/Texas/24-008749-003/2024(H5N1)	277	1527
NS|PP755593.1|A/cattle/Texas/24-008749-003/2024(H5N1)	278	1549
NS|PP755593.1|A/cattle/Texas/24-008749-003/2024(H5N1)	279	1548
NS|PP755593.1|A/cattle/Texas/24-008749-003/2024(H5N1)	280	1561
NS|PP755593.1|A/cattle/Texas/24-008749-003/2024(H5N1)	281	1622
NS|PP755593.1|A/cattle/Texas/24-008749-003/2024(H5N1)	282	1621
NS|PP755593.1|A/cattle/Texas/24-008749-003/2024(H5N1)	283	1647
NS|PP755593.1|A/cattle/Texas/24-008749-003/2024(H5N1)	284	1638
NS|PP755593.1|A/cattle/Texas/24-008749-003/2024(H5N1)	285	1639
NS|PP755593.1|A/cattle/Texas/24-008749-003/2024(H5N1)	286	1634
NS|PP755593.1|A/cattle/Texas/24-008749-003/2024(H5N1)	287	1712
NS|PP755593.1|A/cattle/Texas/24-008749-003/2024(H5N1)	288	1714
NS|PP755593.1|A/cattle/Texas/24-008749-003/2024(H5N1)	289	1690
NS|PP755593.1|A/cattle/Texas/24-008749-003/2024(H5N1)	290	1629
NS|PP755593.1|A/cattle/Texas/24-008749-003/2024(H5N1)	291	1651
NS|PP755593.1|A/cattle/Texas/24-008749-003/2024(H5N1)	292	1638
NS|PP755593.1|A/cattle/Texas/24-008749-003/2024(H5N1)	293	1668
NS|PP755593.1|A/cattle/Texas/24-008749-003/2024(H5N1)	294	1681
NS|PP755593.1|A/cattle/Texas/24-008749-003/2024(H5N1)	295	1681
NS|PP755593.1|A/cattle/Texas/24-008749-003/2024(H5N1)	296	1621
NS|PP755593.1|A/cattle/Texas/24-008749-003/2024(H5N1)	297	1617
NS|PP755593.1|A/cattle/Texas/24-008749-003/2024(H5N1)	298	1616
NS|PP755593.1|A/cattle/Texas/24-008749-003/2024(H5N1)	299	1612
NS|PP755593.1|A/cattle/Texas/24-008749-003/2024(H5N1)	300	1619
NS|PP755593.1|A/cattle/Texas/24-008749-003/2024(H5N1)	301	1620
NS|PP755593.1|A/cattle/Texas/24-008749-003/2024(H5N1)	302	1559
NS|PP755593.1|A/cattle/Texas/24-008749-003/2024(H5N1)	303	1554
NS|PP755593.1|A/cattle/Texas/24-008749-003/2024(H5N1)	304	1537
NS|PP755593.1|A/cattle/Texas/24-008749-003/2024(H5N1)	305	1625
NS|PP755593.1|A/cattle/Texas/24-008749-003/2024(H5N1)	306	1659
NS|PP755593.1|A/cattle/Texas/24-008749-003/2024(H5N1)	307	1661
NS|PP755593.1|A/cattle/Texas/24-008749-003/2024(H5N1)	308	1663
NS|PP755593.1|A/cattle/Texas/24-008749-003/2024(H5N1)	309	1625
NS|PP755593.1|A/cattle/Texas/24-008749-003/2024(H5N1)	310	1626
NS|PP755593.1|A/cattle/Texas/24-008749-003/2024(H5N1)	311	1627
NS|PP755593.1|A/cattle/Texas/24-008749-003/2024(H5N1)	312	1629
NS|PP755593.1|A/cattle/Texas/24-008749-003/2024(H5N1)	313	1650
NS|PP755593.1|A/cattle/Texas/24-008749-003/2024(H5N1)	314	1537
NS|PP755593.1|A/cattle/Texas/24-008749-003/2024(H5N1)	315	1518
NS|PP755593.1|A/cattle/Texas/24-008749-003/2024(H5N1)	316	1510
NS|PP755593.1|A/cattle/Texas/24-008749-003/2024(H5N1)	317	1524
NS|PP755593.1|A/cattle/Texas/24-008749-003/2024(H5N1)	318	1515
NS|PP755593.1|A/cattle/Texas/24-008749-003/2024(H5N1)	319	1513
NS|PP755593.1|A/cattle/Texas/24-008749-003/2024(H5N1)	320	1512
NS|PP755593.1|A/cattle/Texas/24-008749-003/2024(H5N1)	321	1496
NS|PP755593.1|A/cattle/Texas/24-008749-003/2024(H5N1)	322	1483
NS|PP755593.1|A/cattle/Texas/24-008749-003/2024(H5N1)	323	1483
NS|PP755593.1|A/cattle/Texas/24-008749-003/2024(H5N1)	324	1451
NS|PP755593.1|A/cattle/Texas/24-008749-003/2024(H5N1)	325	1450
NS|PP755593.1|A/cattle/Texas/24-008749-003/2024(H5N1)	326	1437
NS|PP755593.1|A/cattle/Texas/24-008749-003/2024(H5N1)	327	1429
NS|PP755593.1|A/cattle/Texas/24-008749-003/2024(H5N1)	328	1487
NS|PP755593.1|A/cattle/Texas/24-008749-003/2024(H5N1)	329	1487
NS|PP755593.1|A/cattle/Texas/24-008749-003/2024(H5N1)	330	1484
NS|PP755593.1|A/cattle/Texas/24-008749-003/2024(H5N1)	331	1484
NS|PP755593.1|A/cattle/Texas/24-008749-003/2024(H5N1)	332	1461
NS|PP755593.1|A/cattle/Texas/24-008749-003/2024(H5N1)	333	1461
NS|PP755593.1|A/cattle/Texas/24-008749-003/2024(H5N1)	334	1456
NS|PP755593.1|A/cattle/Texas/24-008749-003/2024(H5N1)	335	1452
NS|PP755593.1|A/cattle/Texas/24-008749-003/2024(H5N1)	336	1442
NS|PP755593.1|A/cattle/Texas/24-008749-003/2024(H5N1)	337	1421
NS|PP755593.1|A/cattle/Texas/24-008749-003/2024(H5N1)	338	1417
NS|PP755593.1|A/cattle/Texas/24-008749-003/2024(H5N1)	339	1395
NS|PP755593.1|A/cattle/Texas/24-008749-003/2024(H5N1)	340	1387
NS|PP755593.1|A/cattle/Texas/24-008749-003/2024(H5N1)	341	1377
NS|PP755593.1|A/cattle/Texas/24-008749-003/2024(H5N1)	342	1373
NS|PP755593.1|A/cattle/Texas/24-008749-003/2024(H5N1)	343	1338
NS|PP755593.1|A/cattle/Texas/24-008749-003/2024(H5N1)	344	1337
NS|PP755593.1|A/cattle/Texas/24-008749-003/2024(H5N1)	345	1303
NS|PP755593.1|A/cattle/Texas/24-008749-003/2024(H5N1)	346	1299
NS|PP755593.1|A/cattle/Texas/24-008749-003/2024(H5N1)	347	1299
NS|PP755593.1|A/cattle/Texas/24-008749-003/2024(H5N1)	348	1299
NS|PP755593.1|A/cattle/Texas/24-008749-003/2024(H5N1)	349	1438
NS|PP755593.1|A/cattle/Texas/24-008749-003/2024(H5N1)	350	1442
NS|PP755593.1|A/cattle/Texas/24-008749-003/2024(H5N1)	351	1444
NS|PP755593.1|A/cattle/Texas/24-008749-003/2024(H5N1)	352	1473
NS|PP755593.1|A/cattle/Texas/24-008749-003/2024(H5N1)	353	1544
NS|PP755593.1|A/cattle/Texas/24-008749-003/2024(H5N1)	354	1584
NS|PP755593.1|A/cattle/Texas/24-008749-003/2024(H5N1)	355	1592
NS|PP755593.1|A/cattle/Texas/24-008749-003/2024(H5N1)	356	1586
NS|PP755593.1|A/cattle/Texas/24-008749-003/2024(H5N1)	357	1585
NS|PP755593.1|A/cattle/Texas/24-008749-003/2024(H5N1)	358	1592
NS|PP755593.1|A/cattle/Texas/24-008749-003/2024(H5N1)	359	1594
NS|PP755593.1|A/cattle/Texas/24-008749-003/2024(H5N1)	360	1612
NS|PP755593.1|A/cattle/Texas/24-008749-003/2024(H5N1)	361	1582
NS|PP755593.1|A/cattle/Texas/24-008749-003/2024(H5N1)	362	1538
NS|PP755593.1|A/cattle/Texas/24-008749-003/2024(H5N1)	363	1573
NS|PP755593.1|A/cattle/Texas/24-008749-003/2024(H5N1)	364	1582
NS|PP755593.1|A/cattle/Texas/24-008749-003/2024(H5N1)	365	1566
NS|PP755593.1|A/cattle/Texas/24-008749-003/2024(H5N1)	366	1517
NS|PP755593.1|A/cattle/Texas/24-008749-003/2024(H5N1)	367	1564
NS|PP755593.1|A/cattle/Texas/24-008749-003/2024(H5N1)	368	1563
NS|PP755593.1|A/cattle/Texas/24-008749-003/2024(H5N1)	369	1553
NS|PP755593.1|A/cattle/Texas/24-008749-003/2024(H5N1)	370	1645
NS|PP755593.1|A/cattle/Texas/24-008749-003/2024(H5N1)	371	1648
NS|PP755593.1|A/cattle/Texas/24-008749-003/2024(H5N1)	372	1607
NS|PP755593.1|A/cattle/Texas/24-008749-003/2024(H5N1)	373	1610
NS|PP755593.1|A/cattle/Texas/24-008749-003/2024(H5N1)	374	1610
NS|PP755593.1|A/cattle/Texas/24-008749-003/2024(H5N1)	375	1615
NS|PP755593.1|A/cattle/Texas/24-008749-003/2024(H5N1)	376	1610
NS|PP755593.1|A/cattle/Texas/24-008749-003/2024(H5N1)	377	1615
NS|PP755593.1|A/cattle/Texas/24-008749-003/2024(H5N1)	378	1617
NS|PP755593.1|A/cattle/Texas/24-008749-003/2024(H5N1)	379	1621
NS|PP755593.1|A/cattle/Texas/24-008749-003/2024(H5N1)	380	1609
NS|PP755593.1|A/cattle/Texas/24-008749-003/2024(H5N1)	381	1608
NS|PP755593.1|A/cattle/Texas/24-008749-003/2024(H5N1)	382	1597
NS|PP755593.1|A/cattle/Texas/24-008749-003/2024(H5N1)	383	1598
NS|PP755593.1|A/cattle/Texas/24-008749-003/2024(H5N1)	384	1594
NS|PP755593.1|A/cattle/Texas/24-008749-003/2024(H5N1)	385	1595
NS|PP755593.1|A/cattle/Texas/24-008749-003/2024(H5N1)	386	1595
NS|PP755593.1|A/cattle/Texas/24-008749-003/2024(H5N1)	387	1600
NS|PP755593.1|A/cattle/Texas/24-008749-003/2024(H5N1)	388	1610
NS|PP755593.1|A/cattle/Texas/24-008749-003/2024(H5N1)	389	1602
NS|PP755593.1|A/cattle/Texas/24-008749-003/2024(H5N1)	390	1576
NS|PP755593.1|A/cattle/Texas/24-008749-003/2024(H5N1)	391	1581
NS|PP755593.1|A/cattle/Texas/24-008749-003/2024(H5N1)	392	1583
NS|PP755593.1|A/cattle/Texas/24-008749-003/2024(H5N1)	393	1581
NS|PP755593.1|A/cattle/Texas/24-008749-003/2024(H5N1)	394	1595
NS|PP755593.1|A/cattle/Texas/24-008749-003/2024(H5N1)	395	1596
NS|PP755593.1|A/cattle/Texas/24-008749-003/2024(H5N1)	396	1597
NS|PP755593.1|A/cattle/Texas/24-008749-003/2024(H5N1)	397	1593
NS|PP755593.1|A/cattle/Texas/24-008749-003/2024(H5N1)	398	1616
NS|PP755593.1|A/cattle/Texas/24-008749-003/2024(H5N1)	399	1618
NS|PP755593.1|A/cattle/Texas/24-008749-003/2024(H5N1)	400	1617
NS|PP755593.1|A/cattle/Texas/24-008749-003/2024(H5N1)	401	1626
NS|PP755593.1|A/cattle/Texas/24-008749-003/2024(H5N1)	402	1622
NS|PP755593.1|A/cattle/Texas/24-008749-003/2024(H5N1)	403	1604
NS|PP755593.1|A/cattle/Texas/24-008749-003/2024(H5N1)	404	1604
NS|PP755593.1|A/cattle/Texas/24-008749-003/2024(H5N1)	405	1603
NS|PP755593.1|A/cattle/Texas/24-008749-003/2024(H5N1)	406	1599
NS|PP755593.1|A/cattle/Texas/24-008749-003/2024(H5N1)	407	1571
NS|PP755593.1|A/cattle/Texas/24-008749-003/2024(H5N1)	408	1554
NS|PP755593.1|A/cattle/Texas/24-008749-003/2024(H5N1)	409	1548
NS|PP755593.1|A/cattle/Texas/24-008749-003/2024(H5N1)	410	1546
NS|PP755593.1|A/cattle/Texas/24-008749-003/2024(H5N1)	411	1102
NS|PP755593.1|A/cattle/Texas/24-008749-003/2024(H5N1)	412	1104
NS|PP755593.1|A/cattle/Texas/24-008749-003/2024(H5N1)	413	1098
NS|PP755593.1|A/cattle/Texas/24-008749-003/2024(H5N1)	414	1096
NS|PP755593.1|A/cattle/Texas/24-008749-003/2024(H5N1)	415	1096
NS|PP755593.1|A/cattle/Texas/24-008749-003/2024(H5N1)	416	1097
NS|PP755593.1|A/cattle/Texas/24-008749-003/2024(H5N1)	417	1099
NS|PP755593.1|A/cattle/Texas/24-008749-003/2024(H5N1)	418	1169
NS|PP755593.1|A/cattle/Texas/24-008749-003/2024(H5N1)	419	1171
NS|PP755593.1|A/cattle/Texas/24-008749-003/2024(H5N1)	420	1214
NS|PP755593.1|A/cattle/Texas/24-008749-003/2024(H5N1)	421	1231
NS|PP755593.1|A/cattle/Texas/24-008749-003/2024(H5N1)	422	1292
NS|PP755593.1|A/cattle/Texas/24-008749-003/2024(H5N1)	423	1296
NS|PP755593.1|A/cattle/Texas/24-008749-003/2024(H5N1)	424	1297
NS|PP755593.1|A/cattle/Texas/24-008749-003/2024(H5N1)	425	1297
NS|PP755593.1|A/cattle/Texas/24-008749-003/2024(H5N1)	426	1297
NS|PP755593.1|A/cattle/Texas/24-008749-003/2024(H5N1)	427	1311
NS|PP755593.1|A/cattle/Texas/24-008749-003/2024(H5N1)	428	1400
NS|PP755593.1|A/cattle/Texas/24-008749-003/2024(H5N1)	429	1400
NS|PP755593.1|A/cattle/Texas/24-008749-003/2024(H5N1)	430	1426
NS|PP755593.1|A/cattle/Texas/24-008749-003/2024(H5N1)	431	1426
NS|PP755593.1|A/cattle/Texas/24-008749-003/2024(H5N1)	432	1478
NS|PP755593.1|A/cattle/Texas/24-008749-003/2024(H5N1)	433	1499
NS|PP755593.1|A/cattle/Texas/24-008749-003/2024(H5N1)	434	1499
NS|PP755593.1|A/cattle/Texas/24-008749-003/2024(H5N1)	435	1506
NS|PP755593.1|A/cattle/Texas/24-008749-003/2024(H5N1)	436	1506
NS|PP755593.1|A/cattle/Texas/24-008749-003/2024(H5N1)	437	1418
NS|PP755593.1|A/cattle/Texas/24-008749-003/2024(H5N1)	438	1418
NS|PP755593.1|A/cattle/Texas/24-008749-003/2024(H5N1)	439	1414
NS|PP755593.1|A/cattle/Texas/24-008749-003/2024(H5N1)	440	1433
NS|PP755593.1|A/cattle/Texas/24-008749-003/2024(H5N1)	441	1434
NS|PP755593.1|A/cattle/Texas/24-008749-003/2024(H5N1)	442	1476
NS|PP755593.1|A/cattle/Texas/24-008749-003/2024(H5N1)	443	1481
NS|PP755593.1|A/cattle/Texas/24-008749-003/2024(H5N1)	444	1483
NS|PP755593.1|A/cattle/Texas/24-008749-003/2024(H5N1)	445	1487
NS|PP755593.1|A/cattle/Texas/24-008749-003/2024(H5N1)	446	1498
NS|PP755593.1|A/cattle/Texas/24-008749-003/2024(H5N1)	447	1516
NS|PP755593.1|A/cattle/Texas/24-008749-003/2024(H5N1)	448	1520
NS|PP755593.1|A/cattle/Texas/24-008749-003/2024(H5N1)	449	1528
NS|PP755593.1|A/cattle/Texas/24-008749-003/2024(H5N1)	450	1528
NS|PP755593.1|A/cattle/Texas/24-008749-003/2024(H5N1)	451	1528
NS|PP755593.1|A/cattle/Texas/24-008749-003/2024(H5N1)	452	1524
NS|PP755593.1|A/cattle/Texas/24-008749-003/2024(H5N1)	453	1473
NS|PP755593.1|A/cattle/Texas/24-008749-003/2024(H5N1)	454	1489
NS|PP755593.1|A/cattle/Texas/24-008749-003/2024(H5N1)	455	1500
NS|PP755593.1|A/cattle/Texas/24-008749-003/2024(H5N1)	456	1451
NS|PP755593.1|A/cattle/Texas/24-008749-003/2024(H5N1)	457	1453
NS|PP755593.1|A/cattle/Texas/24-008749-003/2024(H5N1)	458	1458
NS|PP755593.1|A/cattle/Texas/24-008749-003/2024(H5N1)	459	1427
NS|PP755593.1|A/cattle/Texas/24-008749-003/2024(H5N1)	460	1429
NS|PP755593.1|A/cattle/Texas/24-008749-003/2024(H5N1)	461	1445
NS|PP755593.1|A/cattle/Texas/24-008749-003/2024(H5N1)	462	1448
NS|PP755593.1|A/cattle/Texas/24-008749-003/2024(H5N1)	463	1449
NS|PP755593.1|A/cattle/Texas/24-008749-003/2024(H5N1)	464	1454
NS|PP755593.1|A/cattle/Texas/24-008749-003/2024(H5N1)	465	1452
NS|PP755593.1|A/cattle/Texas/24-008749-003/2024(H5N1)	466	1452
NS|PP755593.1|A/cattle/Texas/24-008749-003/2024(H5N1)	467	1460
NS|PP755593.1|A/cattle/Texas/24-008749-003/2024(H5N1)	468	1439
NS|PP755593.1|A/cattle/Texas/24-008749-003/2024(H5N1)	469	1442
NS|PP755593.1|A/cattle/Texas/24-008749-003/2024(H5N1)	470	1409
NS|PP755593.1|A/cattle/Texas/24-008749-003/2024(H5N1)	471	1341
NS|PP755593.1|A/cattle/Texas/24-008749-003/2024(H5N1)	472	1351
NS|PP755593.1|A/cattle/Texas/24-008749-003/2024(H5N1)	473	1372
NS|PP755593.1|A/cattle/Texas/24-008749-003/2024(H5N1)	474	1377
NS|PP755593.1|A/cattle/Texas/24-008749-003/2024(H5N1)	475	1382
NS|PP755593.1|A/cattle/Texas/24-008749-003/2024(H5N1)	476	1417
NS|PP755593.1|A/cattle/Texas/24-008749-003/2024(H5N1)	477	1435
NS|PP755593.1|A/cattle/Texas/24-008749-003/2024(H5N1)	478	1437
NS|PP755593.1|A/cattle/Texas/24-008749-003/2024(H5N1)	479	1438
NS|PP755593.1|A/cattle/Texas/24-008749-003/2024(H5N1)	480	1448
NS|PP755593.1|A/cattle/Texas/24-008749-003/2024(H5N1)	481	1458
NS|PP755593.1|A/cattle/Texas/24-008749-003/2024(H5N1)	482	1512
NS|PP755593.1|A/cattle/Texas/24-008749-003/2024(H5N1)	483	1513
NS|PP755593.1|A/cattle/Texas/24-008749-003/2024(H5N1)	484	1535
NS|PP755593.1|A/cattle/Texas/24-008749-003/2024(H5N1)	485	1540
NS|PP755593.1|A/cattle/Texas/24-008749-003/2024(H5N1)	486	1545
NS|PP755593.1|A/cattle/Texas/24-008749-003/2024(H5N1)	487	1556
NS|PP755593.1|A/cattle/Texas/24-008749-003/2024(H5N1)	488	1545
NS|PP755593.1|A/cattle/Texas/24-008749-003/2024(H5N1)	489	1495
NS|PP755593.1|A/cattle/Texas/24-008749-003/2024(H5N1)	490	1509
NS|PP755593.1|A/cattle/Texas/24-008749-003/2024(H5N1)	491	1514
NS|PP755593.1|A/cattle/Texas/24-008749-003/2024(H5N1)	492	1630
NS|PP755593.1|A/cattle/Texas/24-008749-003/2024(H5N1)	493	1640
NS|PP755593.1|A/cattle/Texas/24-008749-003/2024(H5N1)	494	1645
NS|PP755593.1|A/cattle/Texas/24-008749-003/2024(H5N1)	495	1643
NS|PP755593.1|A/cattle/Texas/24-008749-003/2024(H5N1)	496	1684
NS|PP755593.1|A/cattle/Texas/24-008749-003/2024(H5N1)	497	1689
NS|PP755593.1|A/cattle/Texas/24-008749-003/2024(H5N1)	498	1688
NS|PP755593.1|A/cattle/Texas/24-008749-003/2024(H5N1)	499	1680
NS|PP755593.1|A/cattle/Texas/24-008749-003/2024(H5N1)	500	1678
NS|PP755593.1|A/cattle/Texas/24-008749-003/2024(H5N1)	501	1676
NS|PP755593.1|A/cattle/Texas/24-008749-003/2024(H5N1)	502	1705
NS|PP755593.1|A/cattle/Texas/24-008749-003/2024(H5N1)	503	1744
NS|PP755593.1|A/cattle/Texas/24-008749-003/2024(H5N1)	504	1699
NS|PP755593.1|A/cattle/Texas/24-008749-003/2024(H5N1)	505	1658
NS|PP755593.1|A/cattle/Texas/24-008749-003/2024(H5N1)	506	1689
NS|PP755593.1|A/cattle/Texas/24-008749-003/2024(H5N1)	507	1706
NS|PP755593.1|A/cattle/Texas/24-008749-003/2024(H5N1)	508	1703
NS|PP755593.1|A/cattle/Texas/24-008749-003/2024(H5N1)	509	1749
NS|PP755593.1|A/cattle/Texas/24-008749-003/2024(H5N1)	510	1749
NS|PP755593.1|A/cattle/Texas/24-008749-003/2024(H5N1)	511	1716
NS|PP755593.1|A/cattle/Texas/24-008749-003/2024(H5N1)	512	1717
NS|PP755593.1|A/cattle/Texas/24-008749-003/2024(H5N1)	513	1690
NS|PP755593.1|A/cattle/Texas/24-008749-003/2024(H5N1)	514	1656
NS|PP755593.1|A/cattle/Texas/24-008749-003/2024(H5N1)	515	1592
NS|PP755593.1|A/cattle/Texas/24-008749-003/2024(H5N1)	516	1572
NS|PP755593.1|A/cattle/Texas/24-008749-003/2024(H5N1)	517	1569
NS|PP755593.1|A/cattle/Texas/24-008749-003/2024(H5N1)	518	1513
NS|PP755593.1|A/cattle/Texas/24-008749-003/2024(H5N1)	519	1515
NS|PP755593.1|A/cattle/Texas/24-008749-003/2024(H5N1)	520	1513
NS|PP755593.1|A/cattle/Texas/24-008749-003/2024(H5N1)	521	1512
NS|PP755593.1|A/cattle/Texas/24-008749-003/2024(H5N1)	522	1512
NS|PP755593.1|A/cattle/Texas/24-008749-003/2024(H5N1)	523	1510
NS|PP755593.1|A/cattle/Texas/24-008749-003/2024(H5N1)	524	1508
NS|PP755593.1|A/cattle/Texas/24-008749-003/2024(H5N1)	525	1504
NS|PP755593.1|A/cattle/Texas/24-008749-003/2024(H5N1)	526	1498
NS|PP755593.1|A/cattle/Texas/24-008749-003/2024(H5N1)	527	1502
NS|PP755593.1|A/cattle/Texas/24-008749-003/2024(H5N1)	528	1497
NS|PP755593.1|A/cattle/Texas/24-008749-003/2024(H5N1)	529	1495
NS|PP755593.1|A/cattle/Texas/24-008749-003/2024(H5N1)	530	1523
NS|PP755593.1|A/cattle/Texas/24-008749-003/2024(H5N1)	531	1523
NS|PP755593.1|A/cattle/Texas/24-008749-003/2024(H5N1)	532	1535
NS|PP755593.1|A/cattle/Texas/24-008749-003/2024(H5N1)	533	1532
NS|PP755593.1|A/cattle/Texas/24-008749-003/2024(H5N1)	534	1532
NS|PP755593.1|A/cattle/Texas/24-008749-003/2024(H5N1)	535	1535
NS|PP755593.1|A/cattle/Texas/24-008749-003/2024(H5N1)	536	1530
NS|PP755593.1|A/cattle/Texas/24-008749-003/2024(H5N1)	537	1534
NS|PP755593.1|A/cattle/Texas/24-008749-003/2024(H5N1)	538	1531
NS|PP755593.1|A/cattle/Texas/24-008749-003/2024(H5N1)	539	1525
NS|PP755593.1|A/cattle/Texas/24-008749-003/2024(H5N1)	540	1549
NS|PP755593.1|A/cattle/Texas/24-008749-003/2024(H5N1)	541	1544
NS|PP755593.1|A/cattle/Texas/24-008749-003/2024(H5N1)	542	1540
NS|PP755593.1|A/cattle/Texas/24-008749-003/2024(H5N1)	543	1563
NS|PP755593.1|A/cattle/Texas/24-008749-003/2024(H5N1)	544	1558
NS|PP755593.1|A/cattle/Texas/24-008749-003/2024(H5N1)	545	1557
NS|PP755593.1|A/cattle/Texas/24-008749-003/2024(H5N1)	546	1556
NS|PP755593.1|A/cattle/Texas/24-008749-003/2024(H5N1)	547	1547
NS|PP755593.1|A/cattle/Texas/24-008749-003/2024(H5N1)	548	1548
NS|PP755593.1|A/cattle/Texas/24-008749-003/2024(H5N1)	549	1521
NS|PP755593.1|A/cattle/Texas/24-008749-003/2024(H5N1)	550	1511
NS|PP755593.1|A/cattle/Texas/24-008749-003/2024(H5N1)	551	1523
NS|PP755593.1|A/cattle/Texas/24-008749-003/2024(H5N1)	552	1507
NS|PP755593.1|A/cattle/Texas/24-008749-003/2024(H5N1)	553	1541
NS|PP755593.1|A/cattle/Texas/24-008749-003/2024(H5N1)	554	1538
NS|PP755593.1|A/cattle/Texas/24-008749-003/2024(H5N1)	555	1538
NS|PP755593.1|A/cattle/Texas/24-008749-003/2024(H5N1)	556	1538
NS|PP755593.1|A/cattle/Texas/24-008749-003/2024(H5N1)	557	1534
NS|PP755593.1|A/cattle/Texas/24-008749-003/2024(H5N1)	558	1539
NS|PP755593.1|A/cattle/Texas/24-008749-003/2024(H5N1)	559	1530
NS|PP755593.1|A/cattle/Texas/24-008749-003/2024(H5N1)	560	1516
NS|PP755593.1|A/cattle/Texas/24-008749-003/2024(H5N1)	561	1519
NS|PP755593.1|A/cattle/Texas/24-008749-003/2024(H5N1)	562	1503
NS|PP755593.1|A/cattle/Texas/24-008749-003/2024(H5N1)	563	1506
NS|PP755593.1|A/cattle/Texas/24-008749-003/2024(H5N1)	564	1573
NS|PP755593.1|A/cattle/Texas/24-008749-003/2024(H5N1)	565	1572
NS|PP755593.1|A/cattle/Texas/24-008749-003/2024(H5N1)	566	1574
NS|PP755593.1|A/cattle/Texas/24-008749-003/2024(H5N1)	567	1601
NS|PP755593.1|A/cattle/Texas/24-008749-003/2024(H5N1)	568	1599
NS|PP755593.1|A/cattle/Texas/24-008749-003/2024(H5N1)	569	1619
NS|PP755593.1|A/cattle/Texas/24-008749-003/2024(H5N1)	570	1578
NS|PP755593.1|A/cattle/Texas/24-008749-003/2024(H5N1)	571	1566
NS|PP755593.1|A/cattle/Texas/24-008749-003/2024(H5N1)	572	1569
NS|PP755593.1|A/cattle/Texas/24-008749-003/2024(H5N1)	573	1498
NS|PP755593.1|A/cattle/Texas/24-008749-003/2024(H5N1)	574	1546
NS|PP755593.1|A/cattle/Texas/24-008749-003/2024(H5N1)	575	1552
NS|PP755593.1|A/cattle/Texas/24-008749-003/2024(H5N1)	576	1552
NS|PP755593.1|A/cattle/Texas/24-008749-003/2024(H5N1)	577	1586
NS|PP755593.1|A/cattle/Texas/24-008749-003/2024(H5N1)	578	1568
NS|PP755593.1|A/cattle/Texas/24-008749-003/2024(H5N1)	579	1493
NS|PP755593.1|A/cattle/Texas/24-008749-003/2024(H5N1)	580	1495
NS|PP755593.1|A/cattle/Texas/24-008749-003/2024(H5N1)	581	1474
NS|PP755593.1|A/cattle/Texas/24-008749-003/2024(H5N1)	582	1475
NS|PP755593.1|A/cattle/Texas/24-008749-003/2024(H5N1)	583	1414
NS|PP755593.1|A/cattle/Texas/24-008749-003/2024(H5N1)	584	1411
NS|PP755593.1|A/cattle/Texas/24-008749-003/2024(H5N1)	585	1411
NS|PP755593.1|A/cattle/Texas/24-008749-003/2024(H5N1)	586	1411
NS|PP755593.1|A/cattle/Texas/24-008749-003/2024(H5N1)	587	1457
NS|PP755593.1|A/cattle/Texas/24-008749-003/2024(H5N1)	588	1456
NS|PP755593.1|A/cattle/Texas/24-008749-003/2024(H5N1)	589	1460
NS|PP755593.1|A/cattle/Texas/24-008749-003/2024(H5N1)	590	1467
NS|PP755593.1|A/cattle/Texas/24-008749-003/2024(H5N1)	591	1455
NS|PP755593.1|A/cattle/Texas/24-008749-003/2024(H5N1)	592	1463
NS|PP755593.1|A/cattle/Texas/24-008749-003/2024(H5N1)	593	1491
NS|PP755593.1|A/cattle/Texas/24-008749-003/2024(H5N1)	594	1500
NS|PP755593.1|A/cattle/Texas/24-008749-003/2024(H5N1)	595	1498
NS|PP755593.1|A/cattle/Texas/24-008749-003/2024(H5N1)	596	1490
NS|PP755593.1|A/cattle/Texas/24-008749-003/2024(H5N1)	597	1486
NS|PP755593.1|A/cattle/Texas/24-008749-003/2024(H5N1)	598	1449
NS|PP755593.1|A/cattle/Texas/24-008749-003/2024(H5N1)	599	1447
NS|PP755593.1|A/cattle/Texas/24-008749-003/2024(H5N1)	600	1463
NS|PP755593.1|A/cattle/Texas/24-008749-003/2024(H5N1)	601	1428
NS|PP755593.1|A/cattle/Texas/24-008749-003/2024(H5N1)	602	1428
NS|PP755593.1|A/cattle/Texas/24-008749-003/2024(H5N1)	603	1445
NS|PP755593.1|A/cattle/Texas/24-008749-003/2024(H5N1)	604	1450
NS|PP755593.1|A/cattle/Texas/24-008749-003/2024(H5N1)	605	1428
NS|PP755593.1|A/cattle/Texas/24-008749-003/2024(H5N1)	606	1425
NS|PP755593.1|A/cattle/Texas/24-008749-003/2024(H5N1)	607	1425
NS|PP755593.1|A/cattle/Texas/24-008749-003/2024(H5N1)	608	1420
NS|PP755593.1|A/cattle/Texas/24-008749-003/2024(H5N1)	609	1457
NS|PP755593.1|A/cattle/Texas/24-008749-003/2024(H5N1)	610	1457
NS|PP755593.1|A/cattle/Texas/24-008749-003/2024(H5N1)	611	1456
NS|PP755593.1|A/cattle/Texas/24-008749-003/2024(H5N1)	612	1442
NS|PP755593.1|A/cattle/Texas/24-008749-003/2024(H5N1)	613	1438
NS|PP755593.1|A/cattle/Texas/24-008749-003/2024(H5N1)	614	1450
NS|PP755593.1|A/cattle/Texas/24-008749-003/2024(H5N1)	615	1455
NS|PP755593.1|A/cattle/Texas/24-008749-003/2024(H5N1)	616	1455
NS|PP755593.1|A/cattle/Texas/24-008749-003/2024(H5N1)	617	1477
NS|PP755593.1|A/cattle/Texas/24-008749-003/2024(H5N1)	618	1488
NS|PP755593.1|A/cattle/Texas/24-008749-003/2024(H5N1)	619	1493
NS|PP755593.1|A/cattle/Texas/24-008749-003/2024(H5N1)	620	1491
NS|PP755593.1|A/cattle/Texas/24-008749-003/2024(H5N1)	621	1486
NS|PP755593.1|A/cattle/Texas/24-008749-003/2024(H5N1)	622	1493
NS|PP755593.1|A/cattle/Texas/24-008749-003/2024(H5N1)	623	1465
NS|PP755593.1|A/cattle/Texas/24-008749-003/2024(H5N1)	624	1479
NS|PP755593.1|A/cattle/Texas/24-008749-003/2024(H5N1)	625	1497
NS|PP755593.1|A/cattle/Texas/24-008749-003/2024(H5N1)	626	1448
NS|PP755593.1|A/cattle/Texas/24-008749-003/2024(H5N1)	627	1453
NS|PP755593.1|A/cattle/Texas/24-008749-003/2024(H5N1)	628	1440
NS|PP755593.1|A/cattle/Texas/24-008749-003/2024(H5N1)	629	1446
NS|PP755593.1|A/cattle/Texas/24-008749-003/2024(H5N1)	630	1445
NS|PP755593.1|A/cattle/Texas/24-008749-003/2024(H5N1)	631	1435
NS|PP755593.1|A/cattle/Texas/24-008749-003/2024(H5N1)	632	1449
NS|PP755593.1|A/cattle/Texas/24-008749-003/2024(H5N1)	633	1400
NS|PP755593.1|A/cattle/Texas/24-008749-003/2024(H5N1)	634	1417
NS|PP755593.1|A/cattle/Texas/24-008749-003/2024(H5N1)	635	1537
NS|PP755593.1|A/cattle/Texas/24-008749-003/2024(H5N1)	636	1534
NS|PP755593.1|A/cattle/Texas/24-008749-003/2024(H5N1)	637	1545
NS|PP755593.1|A/cattle/Texas/24-008749-003/2024(H5N1)	638	1539
NS|PP755593.1|A/cattle/Texas/24-008749-003/2024(H5N1)	639	1541
NS|PP755593.1|A/cattle/Texas/24-008749-003/2024(H5N1)	640	1548
NS|PP755593.1|A/cattle/Texas/24-008749-003/2024(H5N1)	641	1537
NS|PP755593.1|A/cattle/Texas/24-008749-003/2024(H5N1)	642	1543
NS|PP755593.1|A/cattle/Texas/24-008749-003/2024(H5N1)	643	1426
NS|PP755593.1|A/cattle/Texas/24-008749-003/2024(H5N1)	644	1441
NS|PP755593.1|A/cattle/Texas/24-008749-003/2024(H5N1)	645	1440
NS|PP755593.1|A/cattle/Texas/24-008749-003/2024(H5N1)	646	1392
NS|PP755593.1|A/cattle/Texas/24-008749-003/2024(H5N1)	647	1389
NS|PP755593.1|A/cattle/Texas/24-008749-003/2024(H5N1)	648	1425
NS|PP755593.1|A/cattle/Texas/24-008749-003/2024(H5N1)	649	1428
NS|PP755593.1|A/cattle/Texas/24-008749-003/2024(H5N1)	650	1428
NS|PP755593.1|A/cattle/Texas/24-008749-003/2024(H5N1)	651	1425
NS|PP755593.1|A/cattle/Texas/24-008749-003/2024(H5N1)	652	1399
NS|PP755593.1|A/cattle/Texas/24-008749-003/2024(H5N1)	653	1322
NS|PP755593.1|A/cattle/Texas/24-008749-003/2024(H5N1)	654	1321
NS|PP755593.1|A/cattle/Texas/24-008749-003/2024(H5N1)	655	1354
NS|PP755593.1|A/cattle/Texas/24-008749-003/2024(H5N1)	656	1359
NS|PP755593.1|A/cattle/Texas/24-008749-003/2024(H5N1)	657	1322
NS|PP755593.1|A/cattle/Texas/24-008749-003/2024(H5N1)	658	1334
NS|PP755593.1|A/cattle/Texas/24-008749-003/2024(H5N1)	659	1332
NS|PP755593.1|A/cattle/Texas/24-008749-003/2024(H5N1)	660	1292
NS|PP755593.1|A/cattle/Texas/24-008749-003/2024(H5N1)	661	1292
NS|PP755593.1|A/cattle/Texas/24-008749-003/2024(H5N1)	662	1287
NS|PP755593.1|A/cattle/Texas/24-008749-003/2024(H5N1)	663	1295
NS|PP755593.1|A/cattle/Texas/24-008749-003/2024(H5N1)	664	1296
NS|PP755593.1|A/cattle/Texas/24-008749-003/2024(H5N1)	665	1301
NS|PP755593.1|A/cattle/Texas/24-008749-003/2024(H5N1)	666	1302
NS|PP755593.1|A/cattle/Texas/24-008749-003/2024(H5N1)	667	1362
NS|PP755593.1|A/cattle/Texas/24-008749-003/2024(H5N1)	668	1361
NS|PP755593.1|A/cattle/Texas/24-008749-003/2024(H5N1)	669	1364
NS|PP755593.1|A/cattle/Texas/24-008749-003/2024(H5N1)	670	1360
NS|PP755593.1|A/cattle/Texas/24-008749-003/2024(H5N1)	671	1370
NS|PP755593.1|A/cattle/Texas/24-008749-003/2024(H5N1)	672	1382
NS|PP755593.1|A/cattle/Texas/24-008749-003/2024(H5N1)	673	1382
NS|PP755593.1|A/cattle/Texas/24-008749-003/2024(H5N1)	674	1385
NS|PP755593.1|A/cattle/Texas/24-008749-003/2024(H5N1)	675	1383
NS|PP755593.1|A/cattle/Texas/24-008749-003/2024(H5N1)	676	1383
NS|PP755593.1|A/cattle/Texas/24-008749-003/2024(H5N1)	677	1384
NS|PP755593.1|A/cattle/Texas/24-008749-003/2024(H5N1)	678	1379
NS|PP755593.1|A/cattle/Texas/24-008749-003/2024(H5N1)	679	1380
NS|PP755593.1|A/cattle/Texas/24-008749-003/2024(H5N1)	680	1356
NS|PP755593.1|A/cattle/Texas/24-008749-003/2024(H5N1)	681	1349
NS|PP755593.1|A/cattle/Texas/24-008749-003/2024(H5N1)	682	1362
NS|PP755593.1|A/cattle/Texas/24-008749-003/2024(H5N1)	683	1348
NS|PP755593.1|A/cattle/Texas/24-008749-003/2024(H5N1)	684	1348
NS|PP755593.1|A/cattle/Texas/24-008749-003/2024(H5N1)	685	1348
NS|PP755593.1|A/cattle/Texas/24-008749-003/2024(H5N1)	686	1356
NS|PP755593.1|A/cattle/Texas/24-008749-003/2024(H5N1)	687	1357
NS|PP755593.1|A/cattle/Texas/24-008749-003/2024(H5N1)	688	1353
NS|PP755593.1|A/cattle/Texas/24-008749-003/2024(H5N1)	689	1339
NS|PP755593.1|A/cattle/Texas/24-008749-003/2024(H5N1)	690	1341
NS|PP755593.1|A/cattle/Texas/24-008749-003/2024(H5N1)	691	1334
NS|PP755593.1|A/cattle/Texas/24-008749-003/2024(H5N1)	692	1334
NS|PP755593.1|A/cattle/Texas/24-008749-003/2024(H5N1)	693	1333
NS|PP755593.1|A/cattle/Texas/24-008749-003/2024(H5N1)	694	1313
NS|PP755593.1|A/cattle/Texas/24-008749-003/2024(H5N1)	695	1319
NS|PP755593.1|A/cattle/Texas/24-008749-003/2024(H5N1)	696	1313
NS|PP755593.1|A/cattle/Texas/24-008749-003/2024(H5N1)	697	1308
NS|PP755593.1|A/cattle/Texas/24-008749-003/2024(H5N1)	698	1309
NS|PP755593.1|A/cattle/Texas/24-008749-003/2024(H5N1)	699	1315
NS|PP755593.1|A/cattle/Texas/24-008749-003/2024(H5N1)	700	1315
NS|PP755593.1|A/cattle/Texas/24-008749-003/2024(H5N1)	701	1312
NS|PP755593.1|A/cattle/Texas/24-008749-003/2024(H5N1)	702	1300
NS|PP755593.1|A/cattle/Texas/24-008749-003/2024(H5N1)	703	1309
NS|PP755593.1|A/cattle/Texas/24-008749-003/2024(H5N1)	704	1275
NS|PP755593.1|A/cattle/Texas/24-008749-003/2024(H5N1)	705	1269
NS|PP755593.1|A/cattle/Texas/24-008749-003/2024(H5N1)	706	1269
NS|PP755593.1|A/cattle/Texas/24-008749-003/2024(H5N1)	707	1267
NS|PP755593.1|A/cattle/Texas/24-008749-003/2024(H5N1)	708	1261
NS|PP755593.1|A/cattle/Texas/24-008749-003/2024(H5N1)	709	1266
NS|PP755593.1|A/cattle/Texas/24-008749-003/2024(H5N1)	710	1335
NS|PP755593.1|A/cattle/Texas/24-008749-003/2024(H5N1)	711	1338
NS|PP755593.1|A/cattle/Texas/24-008749-003/2024(H5N1)	712	1341
NS|PP755593.1|A/cattle/Texas/24-008749-003/2024(H5N1)	713	1345
NS|PP755593.1|A/cattle/Texas/24-008749-003/2024(H5N1)	714	1561
NS|PP755593.1|A/cattle/Texas/24-008749-003/2024(H5N1)	715	1486
NS|PP755593.1|A/cattle/Texas/24-008749-003/2024(H5N1)	716	1482
NS|PP755593.1|A/cattle/Texas/24-008749-003/2024(H5N1)	717	1510
NS|PP755593.1|A/cattle/Texas/24-008749-003/2024(H5N1)	718	1483
NS|PP755593.1|A/cattle/Texas/24-008749-003/2024(H5N1)	719	1487
NS|PP755593.1|A/cattle/Texas/24-008749-003/2024(H5N1)	720	1484
NS|PP755593.1|A/cattle/Texas/24-008749-003/2024(H5N1)	721	1484
NS|PP755593.1|A/cattle/Texas/24-008749-003/2024(H5N1)	722	1466
NS|PP755593.1|A/cattle/Texas/24-008749-003/2024(H5N1)	723	1462
NS|PP755593.1|A/cattle/Texas/24-008749-003/2024(H5N1)	724	1458
NS|PP755593.1|A/cattle/Texas/24-008749-003/2024(H5N1)	725	1407
NS|PP755593.1|A/cattle/Texas/24-008749-003/2024(H5N1)	726	1407
NS|PP755593.1|A/cattle/Texas/24-008749-003/2024(H5N1)	727	1407
NS|PP755593.1|A/cattle/Texas/24-008749-003/2024(H5N1)	728	1356
NS|PP755593.1|A/cattle/Texas/24-008749-003/2024(H5N1)	729	1356
NS|PP755593.1|A/cattle/Texas/24-008749-003/2024(H5N1)	730	1355
NS|PP755593.1|A/cattle/Texas/24-008749-003/2024(H5N1)	731	1276
NS|PP755593.1|A/cattle/Texas/24-008749-003/2024(H5N1)	732	1276
NS|PP755593.1|A/cattle/Texas/24-008749-003/2024(H5N1)	733	1263
NS|PP755593.1|A/cattle/Texas/24-008749-003/2024(H5N1)	734	1263
NS|PP755593.1|A/cattle/Texas/24-008749-003/2024(H5N1)	735	1275
NS|PP755593.1|A/cattle/Texas/24-008749-003/2024(H5N1)	736	1277
NS|PP755593.1|A/cattle/Texas/24-008749-003/2024(H5N1)	737	1273
NS|PP755593.1|A/cattle/Texas/24-008749-003/2024(H5N1)	738	1230
NS|PP755593.1|A/cattle/Texas/24-008749-003/2024(H5N1)	739	1230
NS|PP755593.1|A/cattle/Texas/24-008749-003/2024(H5N1)	740	1228
NS|PP755593.1|A/cattle/Texas/24-008749-003/2024(H5N1)	741	1228
NS|PP755593.1|A/cattle/Texas/24-008749-003/2024(H5N1)	742	1218
NS|PP755593.1|A/cattle/Texas/24-008749-003/2024(H5N1)	743	1206
NS|PP755593.1|A/cattle/Texas/24-008749-003/2024(H5N1)	744	1176
NS|PP755593.1|A/cattle/Texas/24-008749-003/2024(H5N1)	745	1167
NS|PP755593.1|A/cattle/Texas/24-008749-003/2024(H5N1)	746	1167
NS|PP755593.1|A/cattle/Texas/24-008749-003/2024(H5N1)	747	1163
NS|PP755593.1|A/cattle/Texas/24-008749-003/2024(H5N1)	748	1163
NS|PP755593.1|A/cattle/Texas/24-008749-003/2024(H5N1)	749	1180
NS|PP755593.1|A/cattle/Texas/24-008749-003/2024(H5N1)	750	1186
NS|PP755593.1|A/cattle/Texas/24-008749-003/2024(H5N1)	751	1186
NS|PP755593.1|A/cattle/Texas/24-008749-003/2024(H5N1)	752	1185
NS|PP755593.1|A/cattle/Texas/24-008749-003/2024(H5N1)	753	1185
NS|PP755593.1|A/cattle/Texas/24-008749-003/2024(H5N1)	754	1152
NS|PP755593.1|A/cattle/Texas/24-008749-003/2024(H5N1)	755	1152
NS|PP755593.1|A/cattle/Texas/24-008749-003/2024(H5N1)	756	1152
NS|PP755593.1|A/cattle/Texas/24-008749-003/2024(H5N1)	757	1151
NS|PP755593.1|A/cattle/Texas/24-008749-003/2024(H5N1)	758	1150
NS|PP755593.1|A/cattle/Texas/24-008749-003/2024(H5N1)	759	1116
NS|PP755593.1|A/cattle/Texas/24-008749-003/2024(H5N1)	760	1110
NS|PP755593.1|A/cattle/Texas/24-008749-003/2024(H5N1)	761	1110
NS|PP755593.1|A/cattle/Texas/24-008749-003/2024(H5N1)	762	1110
NS|PP755593.1|A/cattle/Texas/24-008749-003/2024(H5N1)	763	1109
NS|PP755593.1|A/cattle/Texas/24-008749-003/2024(H5N1)	764	1109
NS|PP755593.1|A/cattle/Texas/24-008749-003/2024(H5N1)	765	1092
NS|PP755593.1|A/cattle/Texas/24-008749-003/2024(H5N1)	766	1092
NS|PP755593.1|A/cattle/Texas/24-008749-003/2024(H5N1)	767	1088
NS|PP755593.1|A/cattle/Texas/24-008749-003/2024(H5N1)	768	1068
NS|PP755593.1|A/cattle/Texas/24-008749-003/2024(H5N1)	769	1051
NS|PP755593.1|A/cattle/Texas/24-008749-003/2024(H5N1)	770	1060
NS|PP755593.1|A/cattle/Texas/24-008749-003/2024(H5N1)	771	1061
NS|PP755593.1|A/cattle/Texas/24-008749-003/2024(H5N1)	772	1061
NS|PP755593.1|A/cattle/Texas/24-008749-003/2024(H5N1)	773	1052
NS|PP755593.1|A/cattle/Texas/24-008749-003/2024(H5N1)	774	1035
NS|PP755593.1|A/cattle/Texas/24-008749-003/2024(H5N1)	775	1019
NS|PP755593.1|A/cattle/Texas/24-008749-003/2024(H5N1)	776	1019
NS|PP755593.1|A/cattle/Texas/24-008749-003/2024(H5N1)	777	1021
NS|PP755593.1|A/cattle/Texas/24-008749-003/2024(H5N1)	778	1009
NS|PP755593.1|A/cattle/Texas/24-008749-003/2024(H5N1)	779	994
NS|PP755593.1|A/cattle/Texas/24-008749-003/2024(H5N1)	780	994
NS|PP755593.1|A/cattle/Texas/24-008749-003/2024(H5N1)	781	994
NS|PP755593.1|A/cattle/Texas/24-008749-003/2024(H5N1)	782	985
NS|PP755593.1|A/cattle/Texas/24-008749-003/2024(H5N1)	783	985
NS|PP755593.1|A/cattle/Texas/24-008749-003/2024(H5N1)	784	984
NS|PP755593.1|A/cattle/Texas/24-008749-003/2024(H5N1)	785	957
NS|PP755593.1|A/cattle/Texas/24-008749-003/2024(H5N1)	786	829
NS|PP755593.1|A/cattle/Texas/24-008749-003/2024(H5N1)	787	827
NS|PP755593.1|A/cattle/Texas/24-008749-003/2024(H5N1)	788	814
NS|PP755593.1|A/cattle/Texas/24-008749-003/2024(H5N1)	789	808
NS|PP755593.1|A/cattle/Texas/24-008749-003/2024(H5N1)	790	807
NS|PP755593.1|A/cattle/Texas/24-008749-003/2024(H5N1)	791	786
NS|PP755593.1|A/cattle/Texas/24-008749-003/2024(H5N1)	792	786
NS|PP755593.1|A/cattle/Texas/24-008749-003/2024(H5N1)	793	781
NS|PP755593.1|A/cattle/Texas/24-008749-003/2024(H5N1)	794	772
NS|PP755593.1|A/cattle/Texas/24-008749-003/2024(H5N1)	795	758
NS|PP755593.1|A/cattle/Texas/24-008749-003/2024(H5N1)	796	758
NS|PP755593.1|A/cattle/Texas/24-008749-003/2024(H5N1)	797	758
NS|PP755593.1|A/cattle/Texas/24-008749-003/2024(H5N1)	798	758
NS|PP755593.1|A/cattle/Texas/24-008749-003/2024(H5N1)	799	712
NS|PP755593.1|A/cattle/Texas/24-008749-003/2024(H5N1)	800	714
NS|PP755593.1|A/cattle/Texas/24-008749-003/2024(H5N1)	801	713
NS|PP755593.1|A/cattle/Texas/24-008749-003/2024(H5N1)	802	712
NS|PP755593.1|A/cattle/Texas/24-008749-003/2024(H5N1)	803	707
NS|PP755593.1|A/cattle/Texas/24-008749-003/2024(H5N1)	804	664
NS|PP755593.1|A/cattle/Texas/24-008749-003/2024(H5N1)	805	664
NS|PP755593.1|A/cattle/Texas/24-008749-003/2024(H5N1)	806	664
NS|PP755593.1|A/cattle/Texas/24-008749-003/2024(H5N1)	807	660
NS|PP755593.1|A/cattle/Texas/24-008749-003/2024(H5N1)	808	666
NS|PP755593.1|A/cattle/Texas/24-008749-003/2024(H5N1)	809	636
NS|PP755593.1|A/cattle/Texas/24-008749-003/2024(H5N1)	810	632
NS|PP755593.1|A/cattle/Texas/24-008749-003/2024(H5N1)	811	628
NS|PP755593.1|A/cattle/Texas/24-008749-003/2024(H5N1)	812	628
NS|PP755593.1|A/cattle/Texas/24-008749-003/2024(H5N1)	813	630
NS|PP755593.1|A/cattle/Texas/24-008749-003/2024(H5N1)	814	621
NS|PP755593.1|A/cattle/Texas/24-008749-003/2024(H5N1)	815	620
NS|PP755593.1|A/cattle/Texas/24-008749-003/2024(H5N1)	816	615
NS|PP755593.1|A/cattle/Texas/24-008749-003/2024(H5N1)	817	550
NS|PP755593.1|A/cattle/Texas/24-008749-003/2024(H5N1)	818	545
NS|PP755593.1|A/cattle/Texas/24-008749-003/2024(H5N1)	819	543
NS|PP755593.1|A/cattle/Texas/24-008749-003/2024(H5N1)	820	537
NS|PP755593.1|A/cattle/Texas/24-008749-003/2024(H5N1)	821	537
NS|PP755593.1|A/cattle/Texas/24-008749-003/2024(H5N1)	822	527
NS|PP755593.1|A/cattle/Texas/24-008749-003/2024(H5N1)	823	526
NS|PP755593.1|A/cattle/Texas/24-008749-003/2024(H5N1)	824	522
NS|PP755593.1|A/cattle/Texas/24-008749-003/2024(H5N1)	825	520
NS|PP755593.1|A/cattle/Texas/24-008749-003/2024(H5N1)	826	520
NS|PP755593.1|A/cattle/Texas/24-008749-003/2024(H5N1)	827	520
NS|PP755593.1|A/cattle/Texas/24-008749-003/2024(H5N1)	828	519
NS|PP755593.1|A/cattle/Texas/24-008749-003/2024(H5N1)	829	519
NS|PP755593.1|A/cattle/Texas/24-008749-003/2024(H5N1)	830	514
NS|PP755593.1|A/cattle/Texas/24-008749-003/2024(H5N1)	831	494
NS|PP755593.1|A/cattle/Texas/24-008749-003/2024(H5N1)	832	492
NS|PP755593.1|A/cattle/Texas/24-008749-003/2024(H5N1)	833	488
NS|PP755593.1|A/cattle/Texas/24-008749-003/2024(H5N1)	834	488
NS|PP755593.1|A/cattle/Texas/24-008749-003/2024(H5N1)	835	485
NS|PP755593.1|A/cattle/Texas/24-008749-003/2024(H5N1)	836	482
NS|PP755593.1|A/cattle/Texas/24-008749-003/2024(H5N1)	837	476
NS|PP755593.1|A/cattle/Texas/24-008749-003/2024(H5N1)	838	471
