MP|PP755590.1|A/cattle/Texas/24-008749-003/2024(H5N1)	1	11277
MP|PP755590.1|A/cattle/Texas/24-008749-003/2024(H5N1)	2	11477
MP|PP755590.1|A/cattle/Texas/24-008749-003/2024(H5N1)	3	11522
MP|PP755590.1|A/cattle/Texas/24-008749-003/2024(H5N1)	4	11549
MP|PP755590.1|A/cattle/Texas/24-008749-003/2024(H5N1)	5	12244
MP|PP755590.1|A/cattle/Texas/24-008749-003/2024(H5N1)	6	12480
MP|PP755590.1|A/cattle/Texas/24-008749-003/2024(H5N1)	7	13530
MP|PP755590.1|A/cattle/Texas/24-008749-003/2024(H5N1)	8	13987
MP|PP755590.1|A/cattle/Texas/24-008749-003/2024(H5N1)	9	14105
MP|PP755590.1|A/cattle/Texas/24-008749-003/2024(H5N1)	10	14120
MP|PP755590.1|A/cattle/Texas/24-008749-003/2024(H5N1)	11	14178
MP|PP755590.1|A/cattle/Texas/24-008749-003/2024(H5N1)	12	14314
MP|PP755590.1|A/cattle/Texas/24-008749-003/2024(H5N1)	13	14390
MP|PP755590.1|A/cattle/Texas/24-008749-003/2024(H5N1)	14	14394
MP|PP755590.1|A/cattle/Texas/24-008749-003/2024(H5N1)	15	14395
MP|PP755590.1|A/cattle/Texas/24-008749-003/2024(H5N1)	16	14398
MP|PP755590.1|A/cattle/Texas/24-008749-003/2024(H5N1)	17	14481
MP|PP755590.1|A/cattle/Texas/24-008749-003/2024(H5N1)	18	14634
MP|PP755590.1|A/cattle/Texas/24-008749-003/2024(H5N1)	19	15154
MP|PP755590.1|A/cattle/Texas/24-008749-003/2024(H5N1)	20	15158
MP|PP755590.1|A/cattle/Texas/24-008749-003/2024(H5N1)	21	15173
MP|PP755590.1|A/cattle/Texas/24-008749-003/2024(H5N1)	22	15179
MP|PP755590.1|A/cattle/Texas/24-008749-003/2024(H5N1)	23	15531
MP|PP755590.1|A/cattle/Texas/24-008749-003/2024(H5N1)	24	15557
MP|PP755590.1|A/cattle/Texas/24-008749-003/2024(H5N1)	25	15605
MP|PP755590.1|A/cattle/Texas/24-008749-003/2024(H5N1)	26	16126
MP|PP755590.1|A/cattle/Texas/24-008749-003/2024(H5N1)	27	16202
MP|PP755590.1|A/cattle/Texas/24-008749-003/2024(H5N1)	28	16290
MP|PP755590.1|A/cattle/Texas/24-008749-003/2024(H5N1)	29	16310
MP|PP755590.1|A/cattle/Texas/24-008749-003/2024(H5N1)	30	16435
MP|PP755590.1|A/cattle/Texas/24-008749-003/2024(H5N1)	31	16529
MP|PP755590.1|A/cattle/Texas/24-008749-003/2024(H5N1)	32	16585
MP|PP755590.1|A/cattle/Texas/24-008749-003/2024(H5N1)	33	17081
MP|PP755590.1|A/cattle/Texas/24-008749-003/2024(H5N1)	34	17401
MP|PP755590.1|A/cattle/Texas/24-008749-003/2024(H5N1)	35	17413
MP|PP755590.1|A/cattle/Texas/24-008749-003/2024(H5N1)	36	18120
MP|PP755590.1|A/cattle/Texas/24-008749-003/2024(H5N1)	37	18122
MP|PP755590.1|A/cattle/Texas/24-008749-003/2024(H5N1)	38	18979
MP|PP755590.1|A/cattle/Texas/24-008749-003/2024(H5N1)	39	19001
MP|PP755590.1|A/cattle/Texas/24-008749-003/2024(H5N1)	40	19118
MP|PP755590.1|A/cattle/Texas/24-008749-003/2024(H5N1)	41	19126
MP|PP755590.1|A/cattle/Texas/24-008749-003/2024(H5N1)	42	19155
MP|PP755590.1|A/cattle/Texas/24-008749-003/2024(H5N1)	43	19238
MP|PP755590.1|A/cattle/Texas/24-008749-003/2024(H5N1)	44	19248
MP|PP755590.1|A/cattle/Texas/24-008749-003/2024(H5N1)	45	19317
MP|PP755590.1|A/cattle/Texas/24-008749-003/2024(H5N1)	46	19418
MP|PP755590.1|A/cattle/Texas/24-008749-003/2024(H5N1)	47	19665
MP|PP755590.1|A/cattle/Texas/24-008749-003/2024(H5N1)	48	19804
MP|PP755590.1|A/cattle/Texas/24-008749-003/2024(H5N1)	49	19835
MP|PP755590.1|A/cattle/Texas/24-008749-003/2024(H5N1)	50	19875
MP|PP755590.1|A/cattle/Texas/24-008749-003/2024(H5N1)	51	19884
MP|PP755590.1|A/cattle/Texas/24-008749-003/2024(H5N1)	52	20139
MP|PP755590.1|A/cattle/Texas/24-008749-003/2024(H5N1)	53	20486
MP|PP755590.1|A/cattle/Texas/24-008749-003/2024(H5N1)	54	20500
MP|PP755590.1|A/cattle/Texas/24-008749-003/2024(H5N1)	55	20518
MP|PP755590.1|A/cattle/Texas/24-008749-003/2024(H5N1)	56	20749
MP|PP755590.1|A/cattle/Texas/24-008749-003/2024(H5N1)	57	22103
MP|PP755590.1|A/cattle/Texas/24-008749-003/2024(H5N1)	58	22146
MP|PP755590.1|A/cattle/Texas/24-008749-003/2024(H5N1)	59	22232
MP|PP755590.1|A/cattle/Texas/24-008749-003/2024(H5N1)	60	22246
MP|PP755590.1|A/cattle/Texas/24-008749-003/2024(H5N1)	61	22374
MP|PP755590.1|A/cattle/Texas/24-008749-003/2024(H5N1)	62	22410
MP|PP755590.1|A/cattle/Texas/24-008749-003/2024(H5N1)	63	22660
MP|PP755590.1|A/cattle/Texas/24-008749-003/2024(H5N1)	64	22736
MP|PP755590.1|A/cattle/Texas/24-008749-003/2024(H5N1)	65	22854
MP|PP755590.1|A/cattle/Texas/24-008749-003/2024(H5N1)	66	22788
MP|PP755590.1|A/cattle/Texas/24-008749-003/2024(H5N1)	67	22790
MP|PP755590.1|A/cattle/Texas/24-008749-003/2024(H5N1)	68	22887
MP|PP755590.1|A/cattle/Texas/24-008749-003/2024(H5N1)	69	22912
MP|PP755590.1|A/cattle/Texas/24-008749-003/2024(H5N1)	70	23485
MP|PP755590.1|A/cattle/Texas/24-008749-003/2024(H5N1)	71	23489
MP|PP755590.1|A/cattle/Texas/24-008749-003/2024(H5N1)	72	23473
MP|PP755590.1|A/cattle/Texas/24-008749-003/2024(H5N1)	73	23633
MP|PP755590.1|A/cattle/Texas/24-008749-003/2024(H5N1)	74	23792
MP|PP755590.1|A/cattle/Texas/24-008749-003/2024(H5N1)	75	23801
MP|PP755590.1|A/cattle/Texas/24-008749-003/2024(H5N1)	76	24085
MP|PP755590.1|A/cattle/Texas/24-008749-003/2024(H5N1)	77	24068
MP|PP755590.1|A/cattle/Texas/24-008749-003/2024(H5N1)	78	24170
MP|PP755590.1|A/cattle/Texas/24-008749-003/2024(H5N1)	79	24681
MP|PP755590.1|A/cattle/Texas/24-008749-003/2024(H5N1)	80	26295
MP|PP755590.1|A/cattle/Texas/24-008749-003/2024(H5N1)	81	26409
MP|PP755590.1|A/cattle/Texas/24-008749-003/2024(H5N1)	82	26689
MP|PP755590.1|A/cattle/Texas/24-008749-003/2024(H5N1)	83	26994
MP|PP755590.1|A/cattle/Texas/24-008749-003/2024(H5N1)	84	27150
MP|PP755590.1|A/cattle/Texas/24-008749-003/2024(H5N1)	85	27456
MP|PP755590.1|A/cattle/Texas/24-008749-003/2024(H5N1)	86	27517
MP|PP755590.1|A/cattle/Texas/24-008749-003/2024(H5N1)	87	27513
MP|PP755590.1|A/cattle/Texas/24-008749-003/2024(H5N1)	88	27517
MP|PP755590.1|A/cattle/Texas/24-008749-003/2024(H5N1)	89	27369
MP|PP755590.1|A/cattle/Texas/24-008749-003/2024(H5N1)	90	27468
MP|PP755590.1|A/cattle/Texas/24-008749-003/2024(H5N1)	91	27509
MP|PP755590.1|A/cattle/Texas/24-008749-003/2024(H5N1)	92	27615
MP|PP755590.1|A/cattle/Texas/24-008749-003/2024(H5N1)	93	27648
MP|PP755590.1|A/cattle/Texas/24-008749-003/2024(H5N1)	94	27590
MP|PP755590.1|A/cattle/Texas/24-008749-003/2024(H5N1)	95	27737
MP|PP755590.1|A/cattle/Texas/24-008749-003/2024(H5N1)	96	28072
MP|PP755590.1|A/cattle/Texas/24-008749-003/2024(H5N1)	97	28150
MP|PP755590.1|A/cattle/Texas/24-008749-003/2024(H5N1)	98	28175
MP|PP755590.1|A/cattle/Texas/24-008749-003/2024(H5N1)	99	28145
MP|PP755590.1|A/cattle/Texas/24-008749-003/2024(H5N1)	100	28476
MP|PP755590.1|A/cattle/Texas/24-008749-003/2024(H5N1)	101	28539
MP|PP755590.1|A/cattle/Texas/24-008749-003/2024(H5N1)	102	29231
MP|PP755590.1|A/cattle/Texas/24-008749-003/2024(H5N1)	103	29261
MP|PP755590.1|A/cattle/Texas/24-008749-003/2024(H5N1)	104	29270
MP|PP755590.1|A/cattle/Texas/24-008749-003/2024(H5N1)	105	29468
MP|PP755590.1|A/cattle/Texas/24-008749-003/2024(H5N1)	106	29572
MP|PP755590.1|A/cattle/Texas/24-008749-003/2024(H5N1)	107	29651
MP|PP755590.1|A/cattle/Texas/24-008749-003/2024(H5N1)	108	29764
MP|PP755590.1|A/cattle/Texas/24-008749-003/2024(H5N1)	109	29695
MP|PP755590.1|A/cattle/Texas/24-008749-003/2024(H5N1)	110	29859
MP|PP755590.1|A/cattle/Texas/24-008749-003/2024(H5N1)	111	29738
MP|PP755590.1|A/cattle/Texas/24-008749-003/2024(H5N1)	112	29768
MP|PP755590.1|A/cattle/Texas/24-008749-003/2024(H5N1)	113	30532
MP|PP755590.1|A/cattle/Texas/24-008749-003/2024(H5N1)	114	30604
MP|PP755590.1|A/cattle/Texas/24-008749-003/2024(H5N1)	115	30795
MP|PP755590.1|A/cattle/Texas/24-008749-003/2024(H5N1)	116	30770
MP|PP755590.1|A/cattle/Texas/24-008749-003/2024(H5N1)	117	30751
MP|PP755590.1|A/cattle/Texas/24-008749-003/2024(H5N1)	118	30747
MP|PP755590.1|A/cattle/Texas/24-008749-003/2024(H5N1)	119	30793
MP|PP755590.1|A/cattle/Texas/24-008749-003/2024(H5N1)	120	30866
MP|PP755590.1|A/cattle/Texas/24-008749-003/2024(H5N1)	121	30897
MP|PP755590.1|A/cattle/Texas/24-008749-003/2024(H5N1)	122	30807
MP|PP755590.1|A/cattle/Texas/24-008749-003/2024(H5N1)	123	30986
MP|PP755590.1|A/cattle/Texas/24-008749-003/2024(H5N1)	124	27820
MP|PP755590.1|A/cattle/Texas/24-008749-003/2024(H5N1)	125	28068
MP|PP755590.1|A/cattle/Texas/24-008749-003/2024(H5N1)	126	27288
MP|PP755590.1|A/cattle/Texas/24-008749-003/2024(H5N1)	127	27298
MP|PP755590.1|A/cattle/Texas/24-008749-003/2024(H5N1)	128	26337
MP|PP755590.1|A/cattle/Texas/24-008749-003/2024(H5N1)	129	26320
MP|PP755590.1|A/cattle/Texas/24-008749-003/2024(H5N1)	130	26352
MP|PP755590.1|A/cattle/Texas/24-008749-003/2024(H5N1)	131	26263
MP|PP755590.1|A/cattle/Texas/24-008749-003/2024(H5N1)	132	27281
MP|PP755590.1|A/cattle/Texas/24-008749-003/2024(H5N1)	133	26657
MP|PP755590.1|A/cattle/Texas/24-008749-003/2024(H5N1)	134	27197
MP|PP755590.1|A/cattle/Texas/24-008749-003/2024(H5N1)	135	27672
MP|PP755590.1|A/cattle/Texas/24-008749-003/2024(H5N1)	136	26857
MP|PP755590.1|A/cattle/Texas/24-008749-003/2024(H5N1)	137	27560
MP|PP755590.1|A/cattle/Texas/24-008749-003/2024(H5N1)	138	27575
MP|PP755590.1|A/cattle/Texas/24-008749-003/2024(H5N1)	139	27575
MP|PP755590.1|A/cattle/Texas/24-008749-003/2024(H5N1)	140	28258
MP|PP755590.1|A/cattle/Texas/24-008749-003/2024(H5N1)	141	28447
MP|PP755590.1|A/cattle/Texas/24-008749-003/2024(H5N1)	142	28794
MP|PP755590.1|A/cattle/Texas/24-008749-003/2024(H5N1)	143	28439
MP|PP755590.1|A/cattle/Texas/24-008749-003/2024(H5N1)	144	28203
MP|PP755590.1|A/cattle/Texas/24-008749-003/2024(H5N1)	145	28231
MP|PP755590.1|A/cattle/Texas/24-008749-003/2024(H5N1)	146	29221
MP|PP755590.1|A/cattle/Texas/24-008749-003/2024(H5N1)	147	29688
MP|PP755590.1|A/cattle/Texas/24-008749-003/2024(H5N1)	148	29645
MP|PP755590.1|A/cattle/Texas/24-008749-003/2024(H5N1)	149	29423
MP|PP755590.1|A/cattle/Texas/24-008749-003/2024(H5N1)	150	29495
MP|PP755590.1|A/cattle/Texas/24-008749-003/2024(H5N1)	151	29588
MP|PP755590.1|A/cattle/Texas/24-008749-003/2024(H5N1)	152	29616
MP|PP755590.1|A/cattle/Texas/24-008749-003/2024(H5N1)	153	30004
MP|PP755590.1|A/cattle/Texas/24-008749-003/2024(H5N1)	154	28264
MP|PP755590.1|A/cattle/Texas/24-008749-003/2024(H5N1)	155	29282
MP|PP755590.1|A/cattle/Texas/24-008749-003/2024(H5N1)	156	29367
MP|PP755590.1|A/cattle/Texas/24-008749-003/2024(H5N1)	157	29451
MP|PP755590.1|A/cattle/Texas/24-008749-003/2024(H5N1)	158	29363
MP|PP755590.1|A/cattle/Texas/24-008749-003/2024(H5N1)	159	29367
MP|PP755590.1|A/cattle/Texas/24-008749-003/2024(H5N1)	160	30321
MP|PP755590.1|A/cattle/Texas/24-008749-003/2024(H5N1)	161	30204
MP|PP755590.1|A/cattle/Texas/24-008749-003/2024(H5N1)	162	30353
MP|PP755590.1|A/cattle/Texas/24-008749-003/2024(H5N1)	163	30355
MP|PP755590.1|A/cattle/Texas/24-008749-003/2024(H5N1)	164	30390
MP|PP755590.1|A/cattle/Texas/24-008749-003/2024(H5N1)	165	30971
MP|PP755590.1|A/cattle/Texas/24-008749-003/2024(H5N1)	166	31010
MP|PP755590.1|A/cattle/Texas/24-008749-003/2024(H5N1)	167	30855
MP|PP755590.1|A/cattle/Texas/24-008749-003/2024(H5N1)	168	30858
MP|PP755590.1|A/cattle/Texas/24-008749-003/2024(H5N1)	169	30522
MP|PP755590.1|A/cattle/Texas/24-008749-003/2024(H5N1)	170	30277
MP|PP755590.1|A/cattle/Texas/24-008749-003/2024(H5N1)	171	30308
MP|PP755590.1|A/cattle/Texas/24-008749-003/2024(H5N1)	172	30344
MP|PP755590.1|A/cattle/Texas/24-008749-003/2024(H5N1)	173	30400
MP|PP755590.1|A/cattle/Texas/24-008749-003/2024(H5N1)	174	30376
MP|PP755590.1|A/cattle/Texas/24-008749-003/2024(H5N1)	175	30808
MP|PP755590.1|A/cattle/Texas/24-008749-003/2024(H5N1)	176	30786
MP|PP755590.1|A/cattle/Texas/24-008749-003/2024(H5N1)	177	30506
MP|PP755590.1|A/cattle/Texas/24-008749-003/2024(H5N1)	178	30477
MP|PP755590.1|A/cattle/Texas/24-008749-003/2024(H5N1)	179	30419
MP|PP755590.1|A/cattle/Texas/24-008749-003/2024(H5N1)	180	30414
MP|PP755590.1|A/cattle/Texas/24-008749-003/2024(H5N1)	181	30530
MP|PP755590.1|A/cattle/Texas/24-008749-003/2024(H5N1)	182	30608
MP|PP755590.1|A/cattle/Texas/24-008749-003/2024(H5N1)	183	30653
MP|PP755590.1|A/cattle/Texas/24-008749-003/2024(H5N1)	184	30229
MP|PP755590.1|A/cattle/Texas/24-008749-003/2024(H5N1)	185	30040
MP|PP755590.1|A/cattle/Texas/24-008749-003/2024(H5N1)	186	30020
MP|PP755590.1|A/cattle/Texas/24-008749-003/2024(H5N1)	187	29723
MP|PP755590.1|A/cattle/Texas/24-008749-003/2024(H5N1)	188	29734
MP|PP755590.1|A/cattle/Texas/24-008749-003/2024(H5N1)	189	29044
MP|PP755590.1|A/cattle/Texas/24-008749-003/2024(H5N1)	190	29471
MP|PP755590.1|A/cattle/Texas/24-008749-003/2024(H5N1)	191	29782
MP|PP755590.1|A/cattle/Texas/24-008749-003/2024(H5N1)	192	29904
MP|PP755590.1|A/cattle/Texas/24-008749-003/2024(H5N1)	193	29913
MP|PP755590.1|A/cattle/Texas/24-008749-003/2024(H5N1)	194	30726
MP|PP755590.1|A/cattle/Texas/24-008749-003/2024(H5N1)	195	30726
MP|PP755590.1|A/cattle/Texas/24-008749-003/2024(H5N1)	196	30393
MP|PP755590.1|A/cattle/Texas/24-008749-003/2024(H5N1)	197	30316
MP|PP755590.1|A/cattle/Texas/24-008749-003/2024(H5N1)	198	30942
MP|PP755590.1|A/cattle/Texas/24-008749-003/2024(H5N1)	199	31212
MP|PP755590.1|A/cattle/Texas/24-008749-003/2024(H5N1)	200	31869
MP|PP755590.1|A/cattle/Texas/24-008749-003/2024(H5N1)	201	31943
MP|PP755590.1|A/cattle/Texas/24-008749-003/2024(H5N1)	202	31964
MP|PP755590.1|A/cattle/Texas/24-008749-003/2024(H5N1)	203	31633
MP|PP755590.1|A/cattle/Texas/24-008749-003/2024(H5N1)	204	31667
MP|PP755590.1|A/cattle/Texas/24-008749-003/2024(H5N1)	205	31944
MP|PP755590.1|A/cattle/Texas/24-008749-003/2024(H5N1)	206	31904
MP|PP755590.1|A/cattle/Texas/24-008749-003/2024(H5N1)	207	30750
MP|PP755590.1|A/cattle/Texas/24-008749-003/2024(H5N1)	208	30579
MP|PP755590.1|A/cattle/Texas/24-008749-003/2024(H5N1)	209	30814
MP|PP755590.1|A/cattle/Texas/24-008749-003/2024(H5N1)	210	31756
MP|PP755590.1|A/cattle/Texas/24-008749-003/2024(H5N1)	211	31912
MP|PP755590.1|A/cattle/Texas/24-008749-003/2024(H5N1)	212	32340
MP|PP755590.1|A/cattle/Texas/24-008749-003/2024(H5N1)	213	32387
MP|PP755590.1|A/cattle/Texas/24-008749-003/2024(H5N1)	214	32504
MP|PP755590.1|A/cattle/Texas/24-008749-003/2024(H5N1)	215	32616
MP|PP755590.1|A/cattle/Texas/24-008749-003/2024(H5N1)	216	32627
MP|PP755590.1|A/cattle/Texas/24-008749-003/2024(H5N1)	217	33295
MP|PP755590.1|A/cattle/Texas/24-008749-003/2024(H5N1)	218	33421
MP|PP755590.1|A/cattle/Texas/24-008749-003/2024(H5N1)	219	33242
MP|PP755590.1|A/cattle/Texas/24-008749-003/2024(H5N1)	220	34627
MP|PP755590.1|A/cattle/Texas/24-008749-003/2024(H5N1)	221	34209
MP|PP755590.1|A/cattle/Texas/24-008749-003/2024(H5N1)	222	34282
MP|PP755590.1|A/cattle/Texas/24-008749-003/2024(H5N1)	223	34164
MP|PP755590.1|A/cattle/Texas/24-008749-003/2024(H5N1)	224	34140
MP|PP755590.1|A/cattle/Texas/24-008749-003/2024(H5N1)	225	34818
MP|PP755590.1|A/cattle/Texas/24-008749-003/2024(H5N1)	226	34828
MP|PP755590.1|A/cattle/Texas/24-008749-003/2024(H5N1)	227	34911
MP|PP755590.1|A/cattle/Texas/24-008749-003/2024(H5N1)	228	35046
MP|PP755590.1|A/cattle/Texas/24-008749-003/2024(H5N1)	229	34335
MP|PP755590.1|A/cattle/Texas/24-008749-003/2024(H5N1)	230	34331
MP|PP755590.1|A/cattle/Texas/24-008749-003/2024(H5N1)	231	33199
MP|PP755590.1|A/cattle/Texas/24-008749-003/2024(H5N1)	232	32965
MP|PP755590.1|A/cattle/Texas/24-008749-003/2024(H5N1)	233	33010
MP|PP755590.1|A/cattle/Texas/24-008749-003/2024(H5N1)	234	32385
MP|PP755590.1|A/cattle/Texas/24-008749-003/2024(H5N1)	235	32715
MP|PP755590.1|A/cattle/Texas/24-008749-003/2024(H5N1)	236	33012
MP|PP755590.1|A/cattle/Texas/24-008749-003/2024(H5N1)	237	33008
MP|PP755590.1|A/cattle/Texas/24-008749-003/2024(H5N1)	238	33630
MP|PP755590.1|A/cattle/Texas/24-008749-003/2024(H5N1)	239	34046
MP|PP755590.1|A/cattle/Texas/24-008749-003/2024(H5N1)	240	33980
MP|PP755590.1|A/cattle/Texas/24-008749-003/2024(H5N1)	241	33908
MP|PP755590.1|A/cattle/Texas/24-008749-003/2024(H5N1)	242	33810
MP|PP755590.1|A/cattle/Texas/24-008749-003/2024(H5N1)	243	33956
MP|PP755590.1|A/cattle/Texas/24-008749-003/2024(H5N1)	244	34213
MP|PP755590.1|A/cattle/Texas/24-008749-003/2024(H5N1)	245	33632
MP|PP755590.1|A/cattle/Texas/24-008749-003/2024(H5N1)	246	34374
MP|PP755590.1|A/cattle/Texas/24-008749-003/2024(H5N1)	247	34101
MP|PP755590.1|A/cattle/Texas/24-008749-003/2024(H5N1)	248	34136
MP|PP755590.1|A/cattle/Texas/24-008749-003/2024(H5N1)	249	34868
MP|PP755590.1|A/cattle/Texas/24-008749-003/2024(H5N1)	250	34913
MP|PP755590.1|A/cattle/Texas/24-008749-003/2024(H5N1)	251	35062
MP|PP755590.1|A/cattle/Texas/24-008749-003/2024(H5N1)	252	35269
MP|PP755590.1|A/cattle/Texas/24-008749-003/2024(H5N1)	253	34655
MP|PP755590.1|A/cattle/Texas/24-008749-003/2024(H5N1)	254	35161
MP|PP755590.1|A/cattle/Texas/24-008749-003/2024(H5N1)	255	35470
MP|PP755590.1|A/cattle/Texas/24-008749-003/2024(H5N1)	256	35239
MP|PP755590.1|A/cattle/Texas/24-008749-003/2024(H5N1)	257	35387
MP|PP755590.1|A/cattle/Texas/24-008749-003/2024(H5N1)	258	35372
MP|PP755590.1|A/cattle/Texas/24-008749-003/2024(H5N1)	259	36062
MP|PP755590.1|A/cattle/Texas/24-008749-003/2024(H5N1)	260	36235
MP|PP755590.1|A/cattle/Texas/24-008749-003/2024(H5N1)	261	36258
MP|PP755590.1|A/cattle/Texas/24-008749-003/2024(H5N1)	262	36316
MP|PP755590.1|A/cattle/Texas/24-008749-003/2024(H5N1)	263	36365
MP|PP755590.1|A/cattle/Texas/24-008749-003/2024(H5N1)	264	35774
MP|PP755590.1|A/cattle/Texas/24-008749-003/2024(H5N1)	265	35905
MP|PP755590.1|A/cattle/Texas/24-008749-003/2024(H5N1)	266	35900
MP|PP755590.1|A/cattle/Texas/24-008749-003/2024(H5N1)	267	36373
MP|PP755590.1|A/cattle/Texas/24-008749-003/2024(H5N1)	268	36384
MP|PP755590.1|A/cattle/Texas/24-008749-003/2024(H5N1)	269	36361
MP|PP755590.1|A/cattle/Texas/24-008749-003/2024(H5N1)	270	36456
MP|PP755590.1|A/cattle/Texas/24-008749-003/2024(H5N1)	271	36411
MP|PP755590.1|A/cattle/Texas/24-008749-003/2024(H5N1)	272	36419
MP|PP755590.1|A/cattle/Texas/24-008749-003/2024(H5N1)	273	37183
MP|PP755590.1|A/cattle/Texas/24-008749-003/2024(H5N1)	274	37469
MP|PP755590.1|A/cattle/Texas/24-008749-003/2024(H5N1)	275	36038
MP|PP755590.1|A/cattle/Texas/24-008749-003/2024(H5N1)	276	35735
MP|PP755590.1|A/cattle/Texas/24-008749-003/2024(H5N1)	277	35712
MP|PP755590.1|A/cattle/Texas/24-008749-003/2024(H5N1)	278	35702
MP|PP755590.1|A/cattle/Texas/24-008749-003/2024(H5N1)	279	36447
MP|PP755590.1|A/cattle/Texas/24-008749-003/2024(H5N1)	280	36567
MP|PP755590.1|A/cattle/Texas/24-008749-003/2024(H5N1)	281	36501
MP|PP755590.1|A/cattle/Texas/24-008749-003/2024(H5N1)	282	36451
MP|PP755590.1|A/cattle/Texas/24-008749-003/2024(H5N1)	283	35199
MP|PP755590.1|A/cattle/Texas/24-008749-003/2024(H5N1)	284	35814
MP|PP755590.1|A/cattle/Texas/24-008749-003/2024(H5N1)	285	35230
MP|PP755590.1|A/cattle/Texas/24-008749-003/2024(H5N1)	286	34930
MP|PP755590.1|A/cattle/Texas/24-008749-003/2024(H5N1)	287	35109
MP|PP755590.1|A/cattle/Texas/24-008749-003/2024(H5N1)	288	34318
MP|PP755590.1|A/cattle/Texas/24-008749-003/2024(H5N1)	289	34673
MP|PP755590.1|A/cattle/Texas/24-008749-003/2024(H5N1)	290	34710
MP|PP755590.1|A/cattle/Texas/24-008749-003/2024(H5N1)	291	33657
MP|PP755590.1|A/cattle/Texas/24-008749-003/2024(H5N1)	292	33454
MP|PP755590.1|A/cattle/Texas/24-008749-003/2024(H5N1)	293	32998
MP|PP755590.1|A/cattle/Texas/24-008749-003/2024(H5N1)	294	32318
MP|PP755590.1|A/cattle/Texas/24-008749-003/2024(H5N1)	295	31718
MP|PP755590.1|A/cattle/Texas/24-008749-003/2024(H5N1)	296	35297
MP|PP755590.1|A/cattle/Texas/24-008749-003/2024(H5N1)	297	36556
MP|PP755590.1|A/cattle/Texas/24-008749-003/2024(H5N1)	298	37079
MP|PP755590.1|A/cattle/Texas/24-008749-003/2024(H5N1)	299	37117
MP|PP755590.1|A/cattle/Texas/24-008749-003/2024(H5N1)	300	37143
MP|PP755590.1|A/cattle/Texas/24-008749-003/2024(H5N1)	301	36994
MP|PP755590.1|A/cattle/Texas/24-008749-003/2024(H5N1)	302	36904
MP|PP755590.1|A/cattle/Texas/24-008749-003/2024(H5N1)	303	37492
MP|PP755590.1|A/cattle/Texas/24-008749-003/2024(H5N1)	304	37358
MP|PP755590.1|A/cattle/Texas/24-008749-003/2024(H5N1)	305	37343
MP|PP755590.1|A/cattle/Texas/24-008749-003/2024(H5N1)	306	36059
MP|PP755590.1|A/cattle/Texas/24-008749-003/2024(H5N1)	307	36855
MP|PP755590.1|A/cattle/Texas/24-008749-003/2024(H5N1)	308	36935
MP|PP755590.1|A/cattle/Texas/24-008749-003/2024(H5N1)	309	36980
MP|PP755590.1|A/cattle/Texas/24-008749-003/2024(H5N1)	310	37068
MP|PP755590.1|A/cattle/Texas/24-008749-003/2024(H5N1)	311	36226
MP|PP755590.1|A/cattle/Texas/24-008749-003/2024(H5N1)	312	36271
MP|PP755590.1|A/cattle/Texas/24-008749-003/2024(H5N1)	313	36070
MP|PP755590.1|A/cattle/Texas/24-008749-003/2024(H5N1)	314	36264
MP|PP755590.1|A/cattle/Texas/24-008749-003/2024(H5N1)	315	36325
MP|PP755590.1|A/cattle/Texas/24-008749-003/2024(H5N1)	316	36013
MP|PP755590.1|A/cattle/Texas/24-008749-003/2024(H5N1)	317	36293
MP|PP755590.1|A/cattle/Texas/24-008749-003/2024(H5N1)	318	36410
MP|PP755590.1|A/cattle/Texas/24-008749-003/2024(H5N1)	319	36590
MP|PP755590.1|A/cattle/Texas/24-008749-003/2024(H5N1)	320	36627
MP|PP755590.1|A/cattle/Texas/24-008749-003/2024(H5N1)	321	36603
MP|PP755590.1|A/cattle/Texas/24-008749-003/2024(H5N1)	322	36863
MP|PP755590.1|A/cattle/Texas/24-008749-003/2024(H5N1)	323	36974
MP|PP755590.1|A/cattle/Texas/24-008749-003/2024(H5N1)	324	36806
MP|PP755590.1|A/cattle/Texas/24-008749-003/2024(H5N1)	325	36827
MP|PP755590.1|A/cattle/Texas/24-008749-003/2024(H5N1)	326	36401
MP|PP755590.1|A/cattle/Texas/24-008749-003/2024(H5N1)	327	36613
MP|PP755590.1|A/cattle/Texas/24-008749-003/2024(H5N1)	328	36423
MP|PP755590.1|A/cattle/Texas/24-008749-003/2024(H5N1)	329	36395
MP|PP755590.1|A/cattle/Texas/24-008749-003/2024(H5N1)	330	36456
MP|PP755590.1|A/cattle/Texas/24-008749-003/2024(H5N1)	331	36264
MP|PP755590.1|A/cattle/Texas/24-008749-003/2024(H5N1)	332	36575
MP|PP755590.1|A/cattle/Texas/24-008749-003/2024(H5N1)	333	37040
MP|PP755590.1|A/cattle/Texas/24-008749-003/2024(H5N1)	334	37006
MP|PP755590.1|A/cattle/Texas/24-008749-003/2024(H5N1)	335	36990
MP|PP755590.1|A/cattle/Texas/24-008749-003/2024(H5N1)	336	36943
MP|PP755590.1|A/cattle/Texas/24-008749-003/2024(H5N1)	337	37010
MP|PP755590.1|A/cattle/Texas/24-008749-003/2024(H5N1)	338	36917
MP|PP755590.1|A/cattle/Texas/24-008749-003/2024(H5N1)	339	36901
MP|PP755590.1|A/cattle/Texas/24-008749-003/2024(H5N1)	340	36874
MP|PP755590.1|A/cattle/Texas/24-008749-003/2024(H5N1)	341	36677
MP|PP755590.1|A/cattle/Texas/24-008749-003/2024(H5N1)	342	36269
MP|PP755590.1|A/cattle/Texas/24-008749-003/2024(H5N1)	343	36291
MP|PP755590.1|A/cattle/Texas/24-008749-003/2024(H5N1)	344	36423
MP|PP755590.1|A/cattle/Texas/24-008749-003/2024(H5N1)	345	35642
MP|PP755590.1|A/cattle/Texas/24-008749-003/2024(H5N1)	346	35858
MP|PP755590.1|A/cattle/Texas/24-008749-003/2024(H5N1)	347	36341
MP|PP755590.1|A/cattle/Texas/24-008749-003/2024(H5N1)	348	36522
MP|PP755590.1|A/cattle/Texas/24-008749-003/2024(H5N1)	349	35281
MP|PP755590.1|A/cattle/Texas/24-008749-003/2024(H5N1)	350	35112
MP|PP755590.1|A/cattle/Texas/24-008749-003/2024(H5N1)	351	36029
MP|PP755590.1|A/cattle/Texas/24-008749-003/2024(H5N1)	352	35877
MP|PP755590.1|A/cattle/Texas/24-008749-003/2024(H5N1)	353	36185
MP|PP755590.1|A/cattle/Texas/24-008749-003/2024(H5N1)	354	36209
MP|PP755590.1|A/cattle/Texas/24-008749-003/2024(H5N1)	355	35958
MP|PP755590.1|A/cattle/Texas/24-008749-003/2024(H5N1)	356	36044
MP|PP755590.1|A/cattle/Texas/24-008749-003/2024(H5N1)	357	36046
MP|PP755590.1|A/cattle/Texas/24-008749-003/2024(H5N1)	358	36019
MP|PP755590.1|A/cattle/Texas/24-008749-003/2024(H5N1)	359	35819
MP|PP755590.1|A/cattle/Texas/24-008749-003/2024(H5N1)	360	34742
MP|PP755590.1|A/cattle/Texas/24-008749-003/2024(H5N1)	361	35259
MP|PP755590.1|A/cattle/Texas/24-008749-003/2024(H5N1)	362	35038
MP|PP755590.1|A/cattle/Texas/24-008749-003/2024(H5N1)	363	34584
MP|PP755590.1|A/cattle/Texas/24-008749-003/2024(H5N1)	364	34481
MP|PP755590.1|A/cattle/Texas/24-008749-003/2024(H5N1)	365	34659
MP|PP755590.1|A/cattle/Texas/24-008749-003/2024(H5N1)	366	34443
MP|PP755590.1|A/cattle/Texas/24-008749-003/2024(H5N1)	367	34546
MP|PP755590.1|A/cattle/Texas/24-008749-003/2024(H5N1)	368	33976
MP|PP755590.1|A/cattle/Texas/24-008749-003/2024(H5N1)	369	34180
MP|PP755590.1|A/cattle/Texas/24-008749-003/2024(H5N1)	370	33434
MP|PP755590.1|A/cattle/Texas/24-008749-003/2024(H5N1)	371	32878
MP|PP755590.1|A/cattle/Texas/24-008749-003/2024(H5N1)	372	33332
MP|PP755590.1|A/cattle/Texas/24-008749-003/2024(H5N1)	373	33254
MP|PP755590.1|A/cattle/Texas/24-008749-003/2024(H5N1)	374	33302
MP|PP755590.1|A/cattle/Texas/24-008749-003/2024(H5N1)	375	32659
MP|PP755590.1|A/cattle/Texas/24-008749-003/2024(H5N1)	376	32475
MP|PP755590.1|A/cattle/Texas/24-008749-003/2024(H5N1)	377	33008
MP|PP755590.1|A/cattle/Texas/24-008749-003/2024(H5N1)	378	33182
MP|PP755590.1|A/cattle/Texas/24-008749-003/2024(H5N1)	379	33097
MP|PP755590.1|A/cattle/Texas/24-008749-003/2024(H5N1)	380	33523
MP|PP755590.1|A/cattle/Texas/24-008749-003/2024(H5N1)	381	33398
MP|PP755590.1|A/cattle/Texas/24-008749-003/2024(H5N1)	382	33394
MP|PP755590.1|A/cattle/Texas/24-008749-003/2024(H5N1)	383	33380
MP|PP755590.1|A/cattle/Texas/24-008749-003/2024(H5N1)	384	33297
MP|PP755590.1|A/cattle/Texas/24-008749-003/2024(H5N1)	385	33526
MP|PP755590.1|A/cattle/Texas/24-008749-003/2024(H5N1)	386	33364
MP|PP755590.1|A/cattle/Texas/24-008749-003/2024(H5N1)	387	33097
MP|PP755590.1|A/cattle/Texas/24-008749-003/2024(H5N1)	388	33491
MP|PP755590.1|A/cattle/Texas/24-008749-003/2024(H5N1)	389	33003
MP|PP755590.1|A/cattle/Texas/24-008749-003/2024(H5N1)	390	33273
MP|PP755590.1|A/cattle/Texas/24-008749-003/2024(H5N1)	391	34366
MP|PP755590.1|A/cattle/Texas/24-008749-003/2024(H5N1)	392	34377
MP|PP755590.1|A/cattle/Texas/24-008749-003/2024(H5N1)	393	34522
MP|PP755590.1|A/cattle/Texas/24-008749-003/2024(H5N1)	394	34270
MP|PP755590.1|A/cattle/Texas/24-008749-003/2024(H5N1)	395	33844
MP|PP755590.1|A/cattle/Texas/24-008749-003/2024(H5N1)	396	35883
MP|PP755590.1|A/cattle/Texas/24-008749-003/2024(H5N1)	397	34824
MP|PP755590.1|A/cattle/Texas/24-008749-003/2024(H5N1)	398	34794
MP|PP755590.1|A/cattle/Texas/24-008749-003/2024(H5N1)	399	34718
MP|PP755590.1|A/cattle/Texas/24-008749-003/2024(H5N1)	400	33822
MP|PP755590.1|A/cattle/Texas/24-008749-003/2024(H5N1)	401	34633
MP|PP755590.1|A/cattle/Texas/24-008749-003/2024(H5N1)	402	35223
MP|PP755590.1|A/cattle/Texas/24-008749-003/2024(H5N1)	403	35063
MP|PP755590.1|A/cattle/Texas/24-008749-003/2024(H5N1)	404	35264
MP|PP755590.1|A/cattle/Texas/24-008749-003/2024(H5N1)	405	34681
MP|PP755590.1|A/cattle/Texas/24-008749-003/2024(H5N1)	406	34715
MP|PP755590.1|A/cattle/Texas/24-008749-003/2024(H5N1)	407	36723
MP|PP755590.1|A/cattle/Texas/24-008749-003/2024(H5N1)	408	36788
MP|PP755590.1|A/cattle/Texas/24-008749-003/2024(H5N1)	409	36914
MP|PP755590.1|A/cattle/Texas/24-008749-003/2024(H5N1)	410	35939
MP|PP755590.1|A/cattle/Texas/24-008749-003/2024(H5N1)	411	35882
MP|PP755590.1|A/cattle/Texas/24-008749-003/2024(H5N1)	412	35909
MP|PP755590.1|A/cattle/Texas/24-008749-003/2024(H5N1)	413	36888
MP|PP755590.1|A/cattle/Texas/24-008749-003/2024(H5N1)	414	36938
MP|PP755590.1|A/cattle/Texas/24-008749-003/2024(H5N1)	415	36959
MP|PP755590.1|A/cattle/Texas/24-008749-003/2024(H5N1)	416	37129
MP|PP755590.1|A/cattle/Texas/24-008749-003/2024(H5N1)	417	36662
MP|PP755590.1|A/cattle/Texas/24-008749-003/2024(H5N1)	418	36655
MP|PP755590.1|A/cattle/Texas/24-008749-003/2024(H5N1)	419	36783
MP|PP755590.1|A/cattle/Texas/24-008749-003/2024(H5N1)	420	36744
MP|PP755590.1|A/cattle/Texas/24-008749-003/2024(H5N1)	421	36827
MP|PP755590.1|A/cattle/Texas/24-008749-003/2024(H5N1)	422	37684
MP|PP755590.1|A/cattle/Texas/24-008749-003/2024(H5N1)	423	37604
MP|PP755590.1|A/cattle/Texas/24-008749-003/2024(H5N1)	424	36852
MP|PP755590.1|A/cattle/Texas/24-008749-003/2024(H5N1)	425	36485
MP|PP755590.1|A/cattle/Texas/24-008749-003/2024(H5N1)	426	36411
MP|PP755590.1|A/cattle/Texas/24-008749-003/2024(H5N1)	427	37203
MP|PP755590.1|A/cattle/Texas/24-008749-003/2024(H5N1)	428	37231
MP|PP755590.1|A/cattle/Texas/24-008749-003/2024(H5N1)	429	37276
MP|PP755590.1|A/cattle/Texas/24-008749-003/2024(H5N1)	430	36338
MP|PP755590.1|A/cattle/Texas/24-008749-003/2024(H5N1)	431	36338
MP|PP755590.1|A/cattle/Texas/24-008749-003/2024(H5N1)	432	36447
MP|PP755590.1|A/cattle/Texas/24-008749-003/2024(H5N1)	433	38853
MP|PP755590.1|A/cattle/Texas/24-008749-003/2024(H5N1)	434	39406
MP|PP755590.1|A/cattle/Texas/24-008749-003/2024(H5N1)	435	38813
MP|PP755590.1|A/cattle/Texas/24-008749-003/2024(H5N1)	436	38023
MP|PP755590.1|A/cattle/Texas/24-008749-003/2024(H5N1)	437	38034
MP|PP755590.1|A/cattle/Texas/24-008749-003/2024(H5N1)	438	38643
MP|PP755590.1|A/cattle/Texas/24-008749-003/2024(H5N1)	439	39162
MP|PP755590.1|A/cattle/Texas/24-008749-003/2024(H5N1)	440	38937
MP|PP755590.1|A/cattle/Texas/24-008749-003/2024(H5N1)	441	39327
MP|PP755590.1|A/cattle/Texas/24-008749-003/2024(H5N1)	442	36253
MP|PP755590.1|A/cattle/Texas/24-008749-003/2024(H5N1)	443	36163
MP|PP755590.1|A/cattle/Texas/24-008749-003/2024(H5N1)	444	36457
MP|PP755590.1|A/cattle/Texas/24-008749-003/2024(H5N1)	445	36450
MP|PP755590.1|A/cattle/Texas/24-008749-003/2024(H5N1)	446	36361
MP|PP755590.1|A/cattle/Texas/24-008749-003/2024(H5N1)	447	34741
MP|PP755590.1|A/cattle/Texas/24-008749-003/2024(H5N1)	448	34283
MP|PP755590.1|A/cattle/Texas/24-008749-003/2024(H5N1)	449	35232
MP|PP755590.1|A/cattle/Texas/24-008749-003/2024(H5N1)	450	35072
MP|PP755590.1|A/cattle/Texas/24-008749-003/2024(H5N1)	451	34787
MP|PP755590.1|A/cattle/Texas/24-008749-003/2024(H5N1)	452	34834
MP|PP755590.1|A/cattle/Texas/24-008749-003/2024(H5N1)	453	34561
MP|PP755590.1|A/cattle/Texas/24-008749-003/2024(H5N1)	454	34598
MP|PP755590.1|A/cattle/Texas/24-008749-003/2024(H5N1)	455	34339
MP|PP755590.1|A/cattle/Texas/24-008749-003/2024(H5N1)	456	34402
MP|PP755590.1|A/cattle/Texas/24-008749-003/2024(H5N1)	457	34628
MP|PP755590.1|A/cattle/Texas/24-008749-003/2024(H5N1)	458	33636
MP|PP755590.1|A/cattle/Texas/24-008749-003/2024(H5N1)	459	33759
MP|PP755590.1|A/cattle/Texas/24-008749-003/2024(H5N1)	460	33734
MP|PP755590.1|A/cattle/Texas/24-008749-003/2024(H5N1)	461	33789
MP|PP755590.1|A/cattle/Texas/24-008749-003/2024(H5N1)	462	34255
MP|PP755590.1|A/cattle/Texas/24-008749-003/2024(H5N1)	463	34294
MP|PP755590.1|A/cattle/Texas/24-008749-003/2024(H5N1)	464	34388
MP|PP755590.1|A/cattle/Texas/24-008749-003/2024(H5N1)	465	34306
MP|PP755590.1|A/cattle/Texas/24-008749-003/2024(H5N1)	466	34482
MP|PP755590.1|A/cattle/Texas/24-008749-003/2024(H5N1)	467	34580
MP|PP755590.1|A/cattle/Texas/24-008749-003/2024(H5N1)	468	34378
MP|PP755590.1|A/cattle/Texas/24-008749-003/2024(H5N1)	469	34331
MP|PP755590.1|A/cattle/Texas/24-008749-003/2024(H5N1)	470	34355
MP|PP755590.1|A/cattle/Texas/24-008749-003/2024(H5N1)	471	34331
MP|PP755590.1|A/cattle/Texas/24-008749-003/2024(H5N1)	472	34254
MP|PP755590.1|A/cattle/Texas/24-008749-003/2024(H5N1)	473	34128
MP|PP755590.1|A/cattle/Texas/24-008749-003/2024(H5N1)	474	34296
MP|PP755590.1|A/cattle/Texas/24-008749-003/2024(H5N1)	475	34526
MP|PP755590.1|A/cattle/Texas/24-008749-003/2024(H5N1)	476	34491
MP|PP755590.1|A/cattle/Texas/24-008749-003/2024(H5N1)	477	34906
MP|PP755590.1|A/cattle/Texas/24-008749-003/2024(H5N1)	478	34729
MP|PP755590.1|A/cattle/Texas/24-008749-003/2024(H5N1)	479	34771
MP|PP755590.1|A/cattle/Texas/24-008749-003/2024(H5N1)	480	34974
MP|PP755590.1|A/cattle/Texas/24-008749-003/2024(H5N1)	481	35060
MP|PP755590.1|A/cattle/Texas/24-008749-003/2024(H5N1)	482	35506
MP|PP755590.1|A/cattle/Texas/24-008749-003/2024(H5N1)	483	35227
MP|PP755590.1|A/cattle/Texas/24-008749-003/2024(H5N1)	484	35359
MP|PP755590.1|A/cattle/Texas/24-008749-003/2024(H5N1)	485	35343
MP|PP755590.1|A/cattle/Texas/24-008749-003/2024(H5N1)	486	35526
MP|PP755590.1|A/cattle/Texas/24-008749-003/2024(H5N1)	487	35435
MP|PP755590.1|A/cattle/Texas/24-008749-003/2024(H5N1)	488	36178
MP|PP755590.1|A/cattle/Texas/24-008749-003/2024(H5N1)	489	36478
MP|PP755590.1|A/cattle/Texas/24-008749-003/2024(H5N1)	490	36679
MP|PP755590.1|A/cattle/Texas/24-008749-003/2024(H5N1)	491	36402
MP|PP755590.1|A/cattle/Texas/24-008749-003/2024(H5N1)	492	36445
MP|PP755590.1|A/cattle/Texas/24-008749-003/2024(H5N1)	493	36414
MP|PP755590.1|A/cattle/Texas/24-008749-003/2024(H5N1)	494	36390
MP|PP755590.1|A/cattle/Texas/24-008749-003/2024(H5N1)	495	36403
MP|PP755590.1|A/cattle/Texas/24-008749-003/2024(H5N1)	496	36543
MP|PP755590.1|A/cattle/Texas/24-008749-003/2024(H5N1)	497	36243
MP|PP755590.1|A/cattle/Texas/24-008749-003/2024(H5N1)	498	36290
MP|PP755590.1|A/cattle/Texas/24-008749-003/2024(H5N1)	499	36248
MP|PP755590.1|A/cattle/Texas/24-008749-003/2024(H5N1)	500	36461
MP|PP755590.1|A/cattle/Texas/24-008749-003/2024(H5N1)	501	35732
MP|PP755590.1|A/cattle/Texas/24-008749-003/2024(H5N1)	502	35719
MP|PP755590.1|A/cattle/Texas/24-008749-003/2024(H5N1)	503	36201
MP|PP755590.1|A/cattle/Texas/24-008749-003/2024(H5N1)	504	36373
MP|PP755590.1|A/cattle/Texas/24-008749-003/2024(H5N1)	505	36237
MP|PP755590.1|A/cattle/Texas/24-008749-003/2024(H5N1)	506	36255
MP|PP755590.1|A/cattle/Texas/24-008749-003/2024(H5N1)	507	36099
MP|PP755590.1|A/cattle/Texas/24-008749-003/2024(H5N1)	508	36154
MP|PP755590.1|A/cattle/Texas/24-008749-003/2024(H5N1)	509	36321
MP|PP755590.1|A/cattle/Texas/24-008749-003/2024(H5N1)	510	36425
MP|PP755590.1|A/cattle/Texas/24-008749-003/2024(H5N1)	511	36620
MP|PP755590.1|A/cattle/Texas/24-008749-003/2024(H5N1)	512	36597
MP|PP755590.1|A/cattle/Texas/24-008749-003/2024(H5N1)	513	36520
MP|PP755590.1|A/cattle/Texas/24-008749-003/2024(H5N1)	514	36671
MP|PP755590.1|A/cattle/Texas/24-008749-003/2024(H5N1)	515	36556
MP|PP755590.1|A/cattle/Texas/24-008749-003/2024(H5N1)	516	36793
MP|PP755590.1|A/cattle/Texas/24-008749-003/2024(H5N1)	517	37074
MP|PP755590.1|A/cattle/Texas/24-008749-003/2024(H5N1)	518	36930
MP|PP755590.1|A/cattle/Texas/24-008749-003/2024(H5N1)	519	36822
MP|PP755590.1|A/cattle/Texas/24-008749-003/2024(H5N1)	520	36578
MP|PP755590.1|A/cattle/Texas/24-008749-003/2024(H5N1)	521	36520
MP|PP755590.1|A/cattle/Texas/24-008749-003/2024(H5N1)	522	36801
MP|PP755590.1|A/cattle/Texas/24-008749-003/2024(H5N1)	523	36683
MP|PP755590.1|A/cattle/Texas/24-008749-003/2024(H5N1)	524	37598
MP|PP755590.1|A/cattle/Texas/24-008749-003/2024(H5N1)	525	37472
MP|PP755590.1|A/cattle/Texas/24-008749-003/2024(H5N1)	526	37465
MP|PP755590.1|A/cattle/Texas/24-008749-003/2024(H5N1)	527	37504
MP|PP755590.1|A/cattle/Texas/24-008749-003/2024(H5N1)	528	37113
MP|PP755590.1|A/cattle/Texas/24-008749-003/2024(H5N1)	529	36895
MP|PP755590.1|A/cattle/Texas/24-008749-003/2024(H5N1)	530	36940
MP|PP755590.1|A/cattle/Texas/24-008749-003/2024(H5N1)	531	36617
MP|PP755590.1|A/cattle/Texas/24-008749-003/2024(H5N1)	532	36346
MP|PP755590.1|A/cattle/Texas/24-008749-003/2024(H5N1)	533	36711
MP|PP755590.1|A/cattle/Texas/24-008749-003/2024(H5N1)	534	37753
MP|PP755590.1|A/cattle/Texas/24-008749-003/2024(H5N1)	535	38237
MP|PP755590.1|A/cattle/Texas/24-008749-003/2024(H5N1)	536	38021
MP|PP755590.1|A/cattle/Texas/24-008749-003/2024(H5N1)	537	37590
MP|PP755590.1|A/cattle/Texas/24-008749-003/2024(H5N1)	538	39467
MP|PP755590.1|A/cattle/Texas/24-008749-003/2024(H5N1)	539	38583
MP|PP755590.1|A/cattle/Texas/24-008749-003/2024(H5N1)	540	38556
MP|PP755590.1|A/cattle/Texas/24-008749-003/2024(H5N1)	541	38715
MP|PP755590.1|A/cattle/Texas/24-008749-003/2024(H5N1)	542	37801
MP|PP755590.1|A/cattle/Texas/24-008749-003/2024(H5N1)	543	38732
MP|PP755590.1|A/cattle/Texas/24-008749-003/2024(H5N1)	544	38632
MP|PP755590.1|A/cattle/Texas/24-008749-003/2024(H5N1)	545	38774
MP|PP755590.1|A/cattle/Texas/24-008749-003/2024(H5N1)	546	38465
MP|PP755590.1|A/cattle/Texas/24-008749-003/2024(H5N1)	547	36784
MP|PP755590.1|A/cattle/Texas/24-008749-003/2024(H5N1)	548	39380
MP|PP755590.1|A/cattle/Texas/24-008749-003/2024(H5N1)	549	39888
MP|PP755590.1|A/cattle/Texas/24-008749-003/2024(H5N1)	550	39933
MP|PP755590.1|A/cattle/Texas/24-008749-003/2024(H5N1)	551	39320
MP|PP755590.1|A/cattle/Texas/24-008749-003/2024(H5N1)	552	38479
MP|PP755590.1|A/cattle/Texas/24-008749-003/2024(H5N1)	553	38488
MP|PP755590.1|A/cattle/Texas/24-008749-003/2024(H5N1)	554	38668
MP|PP755590.1|A/cattle/Texas/24-008749-003/2024(H5N1)	555	39329
MP|PP755590.1|A/cattle/Texas/24-008749-003/2024(H5N1)	556	39761
MP|PP755590.1|A/cattle/Texas/24-008749-003/2024(H5N1)	557	37593
MP|PP755590.1|A/cattle/Texas/24-008749-003/2024(H5N1)	558	37458
MP|PP755590.1|A/cattle/Texas/24-008749-003/2024(H5N1)	559	37408
MP|PP755590.1|A/cattle/Texas/24-008749-003/2024(H5N1)	560	37363
MP|PP755590.1|A/cattle/Texas/24-008749-003/2024(H5N1)	561	37877
MP|PP755590.1|A/cattle/Texas/24-008749-003/2024(H5N1)	562	37924
MP|PP755590.1|A/cattle/Texas/24-008749-003/2024(H5N1)	563	38249
MP|PP755590.1|A/cattle/Texas/24-008749-003/2024(H5N1)	564	37180
MP|PP755590.1|A/cattle/Texas/24-008749-003/2024(H5N1)	565	37259
MP|PP755590.1|A/cattle/Texas/24-008749-003/2024(H5N1)	566	37312
MP|PP755590.1|A/cattle/Texas/24-008749-003/2024(H5N1)	567	37023
MP|PP755590.1|A/cattle/Texas/24-008749-003/2024(H5N1)	568	37441
MP|PP755590.1|A/cattle/Texas/24-008749-003/2024(H5N1)	569	37296
MP|PP755590.1|A/cattle/Texas/24-008749-003/2024(H5N1)	570	36894
MP|PP755590.1|A/cattle/Texas/24-008749-003/2024(H5N1)	571	36818
MP|PP755590.1|A/cattle/Texas/24-008749-003/2024(H5N1)	572	36275
MP|PP755590.1|A/cattle/Texas/24-008749-003/2024(H5N1)	573	36316
MP|PP755590.1|A/cattle/Texas/24-008749-003/2024(H5N1)	574	36333
MP|PP755590.1|A/cattle/Texas/24-008749-003/2024(H5N1)	575	36949
MP|PP755590.1|A/cattle/Texas/24-008749-003/2024(H5N1)	576	36946
MP|PP755590.1|A/cattle/Texas/24-008749-003/2024(H5N1)	577	36702
MP|PP755590.1|A/cattle/Texas/24-008749-003/2024(H5N1)	578	36693
MP|PP755590.1|A/cattle/Texas/24-008749-003/2024(H5N1)	579	36592
MP|PP755590.1|A/cattle/Texas/24-008749-003/2024(H5N1)	580	36617
MP|PP755590.1|A/cattle/Texas/24-008749-003/2024(H5N1)	581	36771
MP|PP755590.1|A/cattle/Texas/24-008749-003/2024(H5N1)	582	36777
MP|PP755590.1|A/cattle/Texas/24-008749-003/2024(H5N1)	583	36691
MP|PP755590.1|A/cattle/Texas/24-008749-003/2024(H5N1)	584	34131
MP|PP755590.1|A/cattle/Texas/24-008749-003/2024(H5N1)	585	34219
MP|PP755590.1|A/cattle/Texas/24-008749-003/2024(H5N1)	586	34262
MP|PP755590.1|A/cattle/Texas/24-008749-003/2024(H5N1)	587	34297
MP|PP755590.1|A/cattle/Texas/24-008749-003/2024(H5N1)	588	34473
MP|PP755590.1|A/cattle/Texas/24-008749-003/2024(H5N1)	589	33931
MP|PP755590.1|A/cattle/Texas/24-008749-003/2024(H5N1)	590	33477
MP|PP755590.1|A/cattle/Texas/24-008749-003/2024(H5N1)	591	33490
MP|PP755590.1|A/cattle/Texas/24-008749-003/2024(H5N1)	592	34165
MP|PP755590.1|A/cattle/Texas/24-008749-003/2024(H5N1)	593	34173
MP|PP755590.1|A/cattle/Texas/24-008749-003/2024(H5N1)	594	33970
MP|PP755590.1|A/cattle/Texas/24-008749-003/2024(H5N1)	595	33806
MP|PP755590.1|A/cattle/Texas/24-008749-003/2024(H5N1)	596	34176
MP|PP755590.1|A/cattle/Texas/24-008749-003/2024(H5N1)	597	34097
MP|PP755590.1|A/cattle/Texas/24-008749-003/2024(H5N1)	598	34572
MP|PP755590.1|A/cattle/Texas/24-008749-003/2024(H5N1)	599	34200
MP|PP755590.1|A/cattle/Texas/24-008749-003/2024(H5N1)	600	34212
MP|PP755590.1|A/cattle/Texas/24-008749-003/2024(H5N1)	601	34316
MP|PP755590.1|A/cattle/Texas/24-008749-003/2024(H5N1)	602	34357
MP|PP755590.1|A/cattle/Texas/24-008749-003/2024(H5N1)	603	34364
MP|PP755590.1|A/cattle/Texas/24-008749-003/2024(H5N1)	604	34978
MP|PP755590.1|A/cattle/Texas/24-008749-003/2024(H5N1)	605	35464
MP|PP755590.1|A/cattle/Texas/24-008749-003/2024(H5N1)	606	35563
MP|PP755590.1|A/cattle/Texas/24-008749-003/2024(H5N1)	607	35273
MP|PP755590.1|A/cattle/Texas/24-008749-003/2024(H5N1)	608	35781
MP|PP755590.1|A/cattle/Texas/24-008749-003/2024(H5N1)	609	35807
MP|PP755590.1|A/cattle/Texas/24-008749-003/2024(H5N1)	610	35859
MP|PP755590.1|A/cattle/Texas/24-008749-003/2024(H5N1)	611	35832
MP|PP755590.1|A/cattle/Texas/24-008749-003/2024(H5N1)	612	35981
MP|PP755590.1|A/cattle/Texas/24-008749-003/2024(H5N1)	613	35869
MP|PP755590.1|A/cattle/Texas/24-008749-003/2024(H5N1)	614	35728
MP|PP755590.1|A/cattle/Texas/24-008749-003/2024(H5N1)	615	35686
MP|PP755590.1|A/cattle/Texas/24-008749-003/2024(H5N1)	616	35684
MP|PP755590.1|A/cattle/Texas/24-008749-003/2024(H5N1)	617	35787
MP|PP755590.1|A/cattle/Texas/24-008749-003/2024(H5N1)	618	35793
MP|PP755590.1|A/cattle/Texas/24-008749-003/2024(H5N1)	619	36282
MP|PP755590.1|A/cattle/Texas/24-008749-003/2024(H5N1)	620	36211
MP|PP755590.1|A/cattle/Texas/24-008749-003/2024(H5N1)	621	36596
MP|PP755590.1|A/cattle/Texas/24-008749-003/2024(H5N1)	622	36518
MP|PP755590.1|A/cattle/Texas/24-008749-003/2024(H5N1)	623	36189
MP|PP755590.1|A/cattle/Texas/24-008749-003/2024(H5N1)	624	37532
MP|PP755590.1|A/cattle/Texas/24-008749-003/2024(H5N1)	625	37651
MP|PP755590.1|A/cattle/Texas/24-008749-003/2024(H5N1)	626	37576
MP|PP755590.1|A/cattle/Texas/24-008749-003/2024(H5N1)	627	37564
MP|PP755590.1|A/cattle/Texas/24-008749-003/2024(H5N1)	628	37188
MP|PP755590.1|A/cattle/Texas/24-008749-003/2024(H5N1)	629	37858
MP|PP755590.1|A/cattle/Texas/24-008749-003/2024(H5N1)	630	37833
MP|PP755590.1|A/cattle/Texas/24-008749-003/2024(H5N1)	631	37700
MP|PP755590.1|A/cattle/Texas/24-008749-003/2024(H5N1)	632	37635
MP|PP755590.1|A/cattle/Texas/24-008749-003/2024(H5N1)	633	36342
MP|PP755590.1|A/cattle/Texas/24-008749-003/2024(H5N1)	634	36381
MP|PP755590.1|A/cattle/Texas/24-008749-003/2024(H5N1)	635	36330
MP|PP755590.1|A/cattle/Texas/24-008749-003/2024(H5N1)	636	36424
MP|PP755590.1|A/cattle/Texas/24-008749-003/2024(H5N1)	637	36849
MP|PP755590.1|A/cattle/Texas/24-008749-003/2024(H5N1)	638	36766
MP|PP755590.1|A/cattle/Texas/24-008749-003/2024(H5N1)	639	36065
MP|PP755590.1|A/cattle/Texas/24-008749-003/2024(H5N1)	640	35890
MP|PP755590.1|A/cattle/Texas/24-008749-003/2024(H5N1)	641	35861
MP|PP755590.1|A/cattle/Texas/24-008749-003/2024(H5N1)	642	36249
MP|PP755590.1|A/cattle/Texas/24-008749-003/2024(H5N1)	643	36855
MP|PP755590.1|A/cattle/Texas/24-008749-003/2024(H5N1)	644	36997
MP|PP755590.1|A/cattle/Texas/24-008749-003/2024(H5N1)	645	37089
MP|PP755590.1|A/cattle/Texas/24-008749-003/2024(H5N1)	646	36804
MP|PP755590.1|A/cattle/Texas/24-008749-003/2024(H5N1)	647	36648
MP|PP755590.1|A/cattle/Texas/24-008749-003/2024(H5N1)	648	36676
MP|PP755590.1|A/cattle/Texas/24-008749-003/2024(H5N1)	649	36619
MP|PP755590.1|A/cattle/Texas/24-008749-003/2024(H5N1)	650	36811
MP|PP755590.1|A/cattle/Texas/24-008749-003/2024(H5N1)	651	37185
MP|PP755590.1|A/cattle/Texas/24-008749-003/2024(H5N1)	652	37058
MP|PP755590.1|A/cattle/Texas/24-008749-003/2024(H5N1)	653	37431
MP|PP755590.1|A/cattle/Texas/24-008749-003/2024(H5N1)	654	37830
MP|PP755590.1|A/cattle/Texas/24-008749-003/2024(H5N1)	655	37656
MP|PP755590.1|A/cattle/Texas/24-008749-003/2024(H5N1)	656	38067
MP|PP755590.1|A/cattle/Texas/24-008749-003/2024(H5N1)	657	37961
MP|PP755590.1|A/cattle/Texas/24-008749-003/2024(H5N1)	658	37969
MP|PP755590.1|A/cattle/Texas/24-008749-003/2024(H5N1)	659	38158
MP|PP755590.1|A/cattle/Texas/24-008749-003/2024(H5N1)	660	38035
MP|PP755590.1|A/cattle/Texas/24-008749-003/2024(H5N1)	661	38613
MP|PP755590.1|A/cattle/Texas/24-008749-003/2024(H5N1)	662	38214
MP|PP755590.1|A/cattle/Texas/24-008749-003/2024(H5N1)	663	37536
MP|PP755590.1|A/cattle/Texas/24-008749-003/2024(H5N1)	664	37755
MP|PP755590.1|A/cattle/Texas/24-008749-003/2024(H5N1)	665	37660
MP|PP755590.1|A/cattle/Texas/24-008749-003/2024(H5N1)	666	39057
MP|PP755590.1|A/cattle/Texas/24-008749-003/2024(H5N1)	667	38854
MP|PP755590.1|A/cattle/Texas/24-008749-003/2024(H5N1)	668	38690
MP|PP755590.1|A/cattle/Texas/24-008749-003/2024(H5N1)	669	38712
MP|PP755590.1|A/cattle/Texas/24-008749-003/2024(H5N1)	670	38686
MP|PP755590.1|A/cattle/Texas/24-008749-003/2024(H5N1)	671	38722
MP|PP755590.1|A/cattle/Texas/24-008749-003/2024(H5N1)	672	39930
MP|PP755590.1|A/cattle/Texas/24-008749-003/2024(H5N1)	673	39705
MP|PP755590.1|A/cattle/Texas/24-008749-003/2024(H5N1)	674	39866
MP|PP755590.1|A/cattle/Texas/24-008749-003/2024(H5N1)	675	38791
MP|PP755590.1|A/cattle/Texas/24-008749-003/2024(H5N1)	676	38704
MP|PP755590.1|A/cattle/Texas/24-008749-003/2024(H5N1)	677	39213
MP|PP755590.1|A/cattle/Texas/24-008749-003/2024(H5N1)	678	39153
MP|PP755590.1|A/cattle/Texas/24-008749-003/2024(H5N1)	679	39015
MP|PP755590.1|A/cattle/Texas/24-008749-003/2024(H5N1)	680	38949
MP|PP755590.1|A/cattle/Texas/24-008749-003/2024(H5N1)	681	37852
MP|PP755590.1|A/cattle/Texas/24-008749-003/2024(H5N1)	682	38124
MP|PP755590.1|A/cattle/Texas/24-008749-003/2024(H5N1)	683	38561
MP|PP755590.1|A/cattle/Texas/24-008749-003/2024(H5N1)	684	38289
MP|PP755590.1|A/cattle/Texas/24-008749-003/2024(H5N1)	685	38280
MP|PP755590.1|A/cattle/Texas/24-008749-003/2024(H5N1)	686	37718
MP|PP755590.1|A/cattle/Texas/24-008749-003/2024(H5N1)	687	37873
MP|PP755590.1|A/cattle/Texas/24-008749-003/2024(H5N1)	688	38125
MP|PP755590.1|A/cattle/Texas/24-008749-003/2024(H5N1)	689	36949
MP|PP755590.1|A/cattle/Texas/24-008749-003/2024(H5N1)	690	36888
MP|PP755590.1|A/cattle/Texas/24-008749-003/2024(H5N1)	691	36868
MP|PP755590.1|A/cattle/Texas/24-008749-003/2024(H5N1)	692	36639
MP|PP755590.1|A/cattle/Texas/24-008749-003/2024(H5N1)	693	36518
MP|PP755590.1|A/cattle/Texas/24-008749-003/2024(H5N1)	694	35678
MP|PP755590.1|A/cattle/Texas/24-008749-003/2024(H5N1)	695	35899
MP|PP755590.1|A/cattle/Texas/24-008749-003/2024(H5N1)	696	36052
MP|PP755590.1|A/cattle/Texas/24-008749-003/2024(H5N1)	697	33605
MP|PP755590.1|A/cattle/Texas/24-008749-003/2024(H5N1)	698	33112
MP|PP755590.1|A/cattle/Texas/24-008749-003/2024(H5N1)	699	33289
MP|PP755590.1|A/cattle/Texas/24-008749-003/2024(H5N1)	700	32972
MP|PP755590.1|A/cattle/Texas/24-008749-003/2024(H5N1)	701	33000
MP|PP755590.1|A/cattle/Texas/24-008749-003/2024(H5N1)	702	33014
MP|PP755590.1|A/cattle/Texas/24-008749-003/2024(H5N1)	703	33016
MP|PP755590.1|A/cattle/Texas/24-008749-003/2024(H5N1)	704	33005
MP|PP755590.1|A/cattle/Texas/24-008749-003/2024(H5N1)	705	32798
MP|PP755590.1|A/cattle/Texas/24-008749-003/2024(H5N1)	706	32007
MP|PP755590.1|A/cattle/Texas/24-008749-003/2024(H5N1)	707	31831
MP|PP755590.1|A/cattle/Texas/24-008749-003/2024(H5N1)	708	32230
MP|PP755590.1|A/cattle/Texas/24-008749-003/2024(H5N1)	709	32743
MP|PP755590.1|A/cattle/Texas/24-008749-003/2024(H5N1)	710	32742
MP|PP755590.1|A/cattle/Texas/24-008749-003/2024(H5N1)	711	32649
MP|PP755590.1|A/cattle/Texas/24-008749-003/2024(H5N1)	712	32246
MP|PP755590.1|A/cattle/Texas/24-008749-003/2024(H5N1)	713	32228
MP|PP755590.1|A/cattle/Texas/24-008749-003/2024(H5N1)	714	31927
MP|PP755590.1|A/cattle/Texas/24-008749-003/2024(H5N1)	715	32004
MP|PP755590.1|A/cattle/Texas/24-008749-003/2024(H5N1)	716	31805
MP|PP755590.1|A/cattle/Texas/24-008749-003/2024(H5N1)	717	31385
MP|PP755590.1|A/cattle/Texas/24-008749-003/2024(H5N1)	718	31515
MP|PP755590.1|A/cattle/Texas/24-008749-003/2024(H5N1)	719	31977
MP|PP755590.1|A/cattle/Texas/24-008749-003/2024(H5N1)	720	32363
MP|PP755590.1|A/cattle/Texas/24-008749-003/2024(H5N1)	721	32306
MP|PP755590.1|A/cattle/Texas/24-008749-003/2024(H5N1)	722	32288
MP|PP755590.1|A/cattle/Texas/24-008749-003/2024(H5N1)	723	32212
MP|PP755590.1|A/cattle/Texas/24-008749-003/2024(H5N1)	724	32233
MP|PP755590.1|A/cattle/Texas/24-008749-003/2024(H5N1)	725	32311
MP|PP755590.1|A/cattle/Texas/24-008749-003/2024(H5N1)	726	31872
MP|PP755590.1|A/cattle/Texas/24-008749-003/2024(H5N1)	727	31795
MP|PP755590.1|A/cattle/Texas/24-008749-003/2024(H5N1)	728	31387
MP|PP755590.1|A/cattle/Texas/24-008749-003/2024(H5N1)	729	31381
MP|PP755590.1|A/cattle/Texas/24-008749-003/2024(H5N1)	730	31444
MP|PP755590.1|A/cattle/Texas/24-008749-003/2024(H5N1)	731	31423
MP|PP755590.1|A/cattle/Texas/24-008749-003/2024(H5N1)	732	31288
MP|PP755590.1|A/cattle/Texas/24-008749-003/2024(H5N1)	733	31743
MP|PP755590.1|A/cattle/Texas/24-008749-003/2024(H5N1)	734	32521
MP|PP755590.1|A/cattle/Texas/24-008749-003/2024(H5N1)	735	32493
MP|PP755590.1|A/cattle/Texas/24-008749-003/2024(H5N1)	736	32700
MP|PP755590.1|A/cattle/Texas/24-008749-003/2024(H5N1)	737	32766
MP|PP755590.1|A/cattle/Texas/24-008749-003/2024(H5N1)	738	32721
MP|PP755590.1|A/cattle/Texas/24-008749-003/2024(H5N1)	739	33306
MP|PP755590.1|A/cattle/Texas/24-008749-003/2024(H5N1)	740	33345
MP|PP755590.1|A/cattle/Texas/24-008749-003/2024(H5N1)	741	33297
MP|PP755590.1|A/cattle/Texas/24-008749-003/2024(H5N1)	742	33262
MP|PP755590.1|A/cattle/Texas/24-008749-003/2024(H5N1)	743	32246
MP|PP755590.1|A/cattle/Texas/24-008749-003/2024(H5N1)	744	32273
MP|PP755590.1|A/cattle/Texas/24-008749-003/2024(H5N1)	745	32172
MP|PP755590.1|A/cattle/Texas/24-008749-003/2024(H5N1)	746	32142
MP|PP755590.1|A/cattle/Texas/24-008749-003/2024(H5N1)	747	32101
MP|PP755590.1|A/cattle/Texas/24-008749-003/2024(H5N1)	748	33719
MP|PP755590.1|A/cattle/Texas/24-008749-003/2024(H5N1)	749	33786
MP|PP755590.1|A/cattle/Texas/24-008749-003/2024(H5N1)	750	34597
MP|PP755590.1|A/cattle/Texas/24-008749-003/2024(H5N1)	751	34707
MP|PP755590.1|A/cattle/Texas/24-008749-003/2024(H5N1)	752	34718
MP|PP755590.1|A/cattle/Texas/24-008749-003/2024(H5N1)	753	34780
MP|PP755590.1|A/cattle/Texas/24-008749-003/2024(H5N1)	754	35020
MP|PP755590.1|A/cattle/Texas/24-008749-003/2024(H5N1)	755	34447
MP|PP755590.1|A/cattle/Texas/24-008749-003/2024(H5N1)	756	33992
MP|PP755590.1|A/cattle/Texas/24-008749-003/2024(H5N1)	757	34567
MP|PP755590.1|A/cattle/Texas/24-008749-003/2024(H5N1)	758	34513
MP|PP755590.1|A/cattle/Texas/24-008749-003/2024(H5N1)	759	34570
MP|PP755590.1|A/cattle/Texas/24-008749-003/2024(H5N1)	760	34537
MP|PP755590.1|A/cattle/Texas/24-008749-003/2024(H5N1)	761	34763
MP|PP755590.1|A/cattle/Texas/24-008749-003/2024(H5N1)	762	34292
MP|PP755590.1|A/cattle/Texas/24-008749-003/2024(H5N1)	763	34556
MP|PP755590.1|A/cattle/Texas/24-008749-003/2024(H5N1)	764	34623
MP|PP755590.1|A/cattle/Texas/24-008749-003/2024(H5N1)	765	34550
MP|PP755590.1|A/cattle/Texas/24-008749-003/2024(H5N1)	766	35013
MP|PP755590.1|A/cattle/Texas/24-008749-003/2024(H5N1)	767	35018
MP|PP755590.1|A/cattle/Texas/24-008749-003/2024(H5N1)	768	34687
MP|PP755590.1|A/cattle/Texas/24-008749-003/2024(H5N1)	769	35002
MP|PP755590.1|A/cattle/Texas/24-008749-003/2024(H5N1)	770	34284
MP|PP755590.1|A/cattle/Texas/24-008749-003/2024(H5N1)	771	34621
MP|PP755590.1|A/cattle/Texas/24-008749-003/2024(H5N1)	772	34364
MP|PP755590.1|A/cattle/Texas/24-008749-003/2024(H5N1)	773	34274
MP|PP755590.1|A/cattle/Texas/24-008749-003/2024(H5N1)	774	33043
MP|PP755590.1|A/cattle/Texas/24-008749-003/2024(H5N1)	775	32720
MP|PP755590.1|A/cattle/Texas/24-008749-003/2024(H5N1)	776	32735
MP|PP755590.1|A/cattle/Texas/24-008749-003/2024(H5N1)	777	33183
MP|PP755590.1|A/cattle/Texas/24-008749-003/2024(H5N1)	778	33201
MP|PP755590.1|A/cattle/Texas/24-008749-003/2024(H5N1)	779	33101
MP|PP755590.1|A/cattle/Texas/24-008749-003/2024(H5N1)	780	32752
MP|PP755590.1|A/cattle/Texas/24-008749-003/2024(H5N1)	781	34911
MP|PP755590.1|A/cattle/Texas/24-008749-003/2024(H5N1)	782	34895
MP|PP755590.1|A/cattle/Texas/24-008749-003/2024(H5N1)	783	34927
MP|PP755590.1|A/cattle/Texas/24-008749-003/2024(H5N1)	784	35661
MP|PP755590.1|A/cattle/Texas/24-008749-003/2024(H5N1)	785	35727
MP|PP755590.1|A/cattle/Texas/24-008749-003/2024(H5N1)	786	36753
MP|PP755590.1|A/cattle/Texas/24-008749-003/2024(H5N1)	787	36619
MP|PP755590.1|A/cattle/Texas/24-008749-003/2024(H5N1)	788	36086
MP|PP755590.1|A/cattle/Texas/24-008749-003/2024(H5N1)	789	35555
MP|PP755590.1|A/cattle/Texas/24-008749-003/2024(H5N1)	790	35634
MP|PP755590.1|A/cattle/Texas/24-008749-003/2024(H5N1)	791	37421
MP|PP755590.1|A/cattle/Texas/24-008749-003/2024(H5N1)	792	37343
MP|PP755590.1|A/cattle/Texas/24-008749-003/2024(H5N1)	793	37070
MP|PP755590.1|A/cattle/Texas/24-008749-003/2024(H5N1)	794	37704
MP|PP755590.1|A/cattle/Texas/24-008749-003/2024(H5N1)	795	38252
MP|PP755590.1|A/cattle/Texas/24-008749-003/2024(H5N1)	796	38265
MP|PP755590.1|A/cattle/Texas/24-008749-003/2024(H5N1)	797	38125
MP|PP755590.1|A/cattle/Texas/24-008749-003/2024(H5N1)	798	38336
MP|PP755590.1|A/cattle/Texas/24-008749-003/2024(H5N1)	799	38260
MP|PP755590.1|A/cattle/Texas/24-008749-003/2024(H5N1)	800	37873
MP|PP755590.1|A/cattle/Texas/24-008749-003/2024(H5N1)	801	38021
MP|PP755590.1|A/cattle/Texas/24-008749-003/2024(H5N1)	802	37910
MP|PP755590.1|A/cattle/Texas/24-008749-003/2024(H5N1)	803	38236
MP|PP755590.1|A/cattle/Texas/24-008749-003/2024(H5N1)	804	37321
MP|PP755590.1|A/cattle/Texas/24-008749-003/2024(H5N1)	805	36718
MP|PP755590.1|A/cattle/Texas/24-008749-003/2024(H5N1)	806	36662
MP|PP755590.1|A/cattle/Texas/24-008749-003/2024(H5N1)	807	36256
MP|PP755590.1|A/cattle/Texas/24-008749-003/2024(H5N1)	808	36335
MP|PP755590.1|A/cattle/Texas/24-008749-003/2024(H5N1)	809	36283
MP|PP755590.1|A/cattle/Texas/24-008749-003/2024(H5N1)	810	35982
MP|PP755590.1|A/cattle/Texas/24-008749-003/2024(H5N1)	811	35974
MP|PP755590.1|A/cattle/Texas/24-008749-003/2024(H5N1)	812	35425
MP|PP755590.1|A/cattle/Texas/24-008749-003/2024(H5N1)	813	35414
MP|PP755590.1|A/cattle/Texas/24-008749-003/2024(H5N1)	814	35282
MP|PP755590.1|A/cattle/Texas/24-008749-003/2024(H5N1)	815	33956
MP|PP755590.1|A/cattle/Texas/24-008749-003/2024(H5N1)	816	33918
MP|PP755590.1|A/cattle/Texas/24-008749-003/2024(H5N1)	817	33646
MP|PP755590.1|A/cattle/Texas/24-008749-003/2024(H5N1)	818	33606
MP|PP755590.1|A/cattle/Texas/24-008749-003/2024(H5N1)	819	33959
MP|PP755590.1|A/cattle/Texas/24-008749-003/2024(H5N1)	820	33905
MP|PP755590.1|A/cattle/Texas/24-008749-003/2024(H5N1)	821	33894
MP|PP755590.1|A/cattle/Texas/24-008749-003/2024(H5N1)	822	33831
MP|PP755590.1|A/cattle/Texas/24-008749-003/2024(H5N1)	823	32651
MP|PP755590.1|A/cattle/Texas/24-008749-003/2024(H5N1)	824	35144
MP|PP755590.1|A/cattle/Texas/24-008749-003/2024(H5N1)	825	35026
MP|PP755590.1|A/cattle/Texas/24-008749-003/2024(H5N1)	826	35040
MP|PP755590.1|A/cattle/Texas/24-008749-003/2024(H5N1)	827	35073
MP|PP755590.1|A/cattle/Texas/24-008749-003/2024(H5N1)	828	34585
MP|PP755590.1|A/cattle/Texas/24-008749-003/2024(H5N1)	829	35424
MP|PP755590.1|A/cattle/Texas/24-008749-003/2024(H5N1)	830	35410
MP|PP755590.1|A/cattle/Texas/24-008749-003/2024(H5N1)	831	35408
MP|PP755590.1|A/cattle/Texas/24-008749-003/2024(H5N1)	832	35048
MP|PP755590.1|A/cattle/Texas/24-008749-003/2024(H5N1)	833	34859
MP|PP755590.1|A/cattle/Texas/24-008749-003/2024(H5N1)	834	34689
MP|PP755590.1|A/cattle/Texas/24-008749-003/2024(H5N1)	835	34686
MP|PP755590.1|A/cattle/Texas/24-008749-003/2024(H5N1)	836	34610
MP|PP755590.1|A/cattle/Texas/24-008749-003/2024(H5N1)	837	34672
MP|PP755590.1|A/cattle/Texas/24-008749-003/2024(H5N1)	838	34667
MP|PP755590.1|A/cattle/Texas/24-008749-003/2024(H5N1)	839	34678
MP|PP755590.1|A/cattle/Texas/24-008749-003/2024(H5N1)	840	34214
MP|PP755590.1|A/cattle/Texas/24-008749-003/2024(H5N1)	841	34225
MP|PP755590.1|A/cattle/Texas/24-008749-003/2024(H5N1)	842	34448
MP|PP755590.1|A/cattle/Texas/24-008749-003/2024(H5N1)	843	34444
MP|PP755590.1|A/cattle/Texas/24-008749-003/2024(H5N1)	844	34513
MP|PP755590.1|A/cattle/Texas/24-008749-003/2024(H5N1)	845	34460
MP|PP755590.1|A/cattle/Texas/24-008749-003/2024(H5N1)	846	34268
MP|PP755590.1|A/cattle/Texas/24-008749-003/2024(H5N1)	847	34539
MP|PP755590.1|A/cattle/Texas/24-008749-003/2024(H5N1)	848	34539
MP|PP755590.1|A/cattle/Texas/24-008749-003/2024(H5N1)	849	34576
MP|PP755590.1|A/cattle/Texas/24-008749-003/2024(H5N1)	850	34653
MP|PP755590.1|A/cattle/Texas/24-008749-003/2024(H5N1)	851	37829
MP|PP755590.1|A/cattle/Texas/24-008749-003/2024(H5N1)	852	38024
MP|PP755590.1|A/cattle/Texas/24-008749-003/2024(H5N1)	853	38550
MP|PP755590.1|A/cattle/Texas/24-008749-003/2024(H5N1)	854	38592
MP|PP755590.1|A/cattle/Texas/24-008749-003/2024(H5N1)	855	38619
MP|PP755590.1|A/cattle/Texas/24-008749-003/2024(H5N1)	856	38986
MP|PP755590.1|A/cattle/Texas/24-008749-003/2024(H5N1)	857	38980
MP|PP755590.1|A/cattle/Texas/24-008749-003/2024(H5N1)	858	38730
MP|PP755590.1|A/cattle/Texas/24-008749-003/2024(H5N1)	859	38019
MP|PP755590.1|A/cattle/Texas/24-008749-003/2024(H5N1)	860	37571
MP|PP755590.1|A/cattle/Texas/24-008749-003/2024(H5N1)	861	37663
MP|PP755590.1|A/cattle/Texas/24-008749-003/2024(H5N1)	862	37490
MP|PP755590.1|A/cattle/Texas/24-008749-003/2024(H5N1)	863	37424
MP|PP755590.1|A/cattle/Texas/24-008749-003/2024(H5N1)	864	37416
MP|PP755590.1|A/cattle/Texas/24-008749-003/2024(H5N1)	865	37290
MP|PP755590.1|A/cattle/Texas/24-008749-003/2024(H5N1)	866	37285
MP|PP755590.1|A/cattle/Texas/24-008749-003/2024(H5N1)	867	37261
MP|PP755590.1|A/cattle/Texas/24-008749-003/2024(H5N1)	868	37242
MP|PP755590.1|A/cattle/Texas/24-008749-003/2024(H5N1)	869	37020
MP|PP755590.1|A/cattle/Texas/24-008749-003/2024(H5N1)	870	36659
MP|PP755590.1|A/cattle/Texas/24-008749-003/2024(H5N1)	871	36166
MP|PP755590.1|A/cattle/Texas/24-008749-003/2024(H5N1)	872	36176
MP|PP755590.1|A/cattle/Texas/24-008749-003/2024(H5N1)	873	36175
MP|PP755590.1|A/cattle/Texas/24-008749-003/2024(H5N1)	874	36149
MP|PP755590.1|A/cattle/Texas/24-008749-003/2024(H5N1)	875	36068
MP|PP755590.1|A/cattle/Texas/24-008749-003/2024(H5N1)	876	35824
MP|PP755590.1|A/cattle/Texas/24-008749-003/2024(H5N1)	877	35789
MP|PP755590.1|A/cattle/Texas/24-008749-003/2024(H5N1)	878	35792
MP|PP755590.1|A/cattle/Texas/24-008749-003/2024(H5N1)	879	35671
MP|PP755590.1|A/cattle/Texas/24-008749-003/2024(H5N1)	880	35605
MP|PP755590.1|A/cattle/Texas/24-008749-003/2024(H5N1)	881	35614
MP|PP755590.1|A/cattle/Texas/24-008749-003/2024(H5N1)	882	35565
MP|PP755590.1|A/cattle/Texas/24-008749-003/2024(H5N1)	883	35124
MP|PP755590.1|A/cattle/Texas/24-008749-003/2024(H5N1)	884	35014
MP|PP755590.1|A/cattle/Texas/24-008749-003/2024(H5N1)	885	34059
MP|PP755590.1|A/cattle/Texas/24-008749-003/2024(H5N1)	886	33981
MP|PP755590.1|A/cattle/Texas/24-008749-003/2024(H5N1)	887	33644
MP|PP755590.1|A/cattle/Texas/24-008749-003/2024(H5N1)	888	33597
MP|PP755590.1|A/cattle/Texas/24-008749-003/2024(H5N1)	889	33439
MP|PP755590.1|A/cattle/Texas/24-008749-003/2024(H5N1)	890	33073
MP|PP755590.1|A/cattle/Texas/24-008749-003/2024(H5N1)	891	32982
MP|PP755590.1|A/cattle/Texas/24-008749-003/2024(H5N1)	892	32982
MP|PP755590.1|A/cattle/Texas/24-008749-003/2024(H5N1)	893	32923
MP|PP755590.1|A/cattle/Texas/24-008749-003/2024(H5N1)	894	32834
MP|PP755590.1|A/cattle/Texas/24-008749-003/2024(H5N1)	895	32545
MP|PP755590.1|A/cattle/Texas/24-008749-003/2024(H5N1)	896	32482
MP|PP755590.1|A/cattle/Texas/24-008749-003/2024(H5N1)	897	30518
MP|PP755590.1|A/cattle/Texas/24-008749-003/2024(H5N1)	898	30566
MP|PP755590.1|A/cattle/Texas/24-008749-003/2024(H5N1)	899	29630
MP|PP755590.1|A/cattle/Texas/24-008749-003/2024(H5N1)	900	29254
MP|PP755590.1|A/cattle/Texas/24-008749-003/2024(H5N1)	901	28801
MP|PP755590.1|A/cattle/Texas/24-008749-003/2024(H5N1)	902	28576
MP|PP755590.1|A/cattle/Texas/24-008749-003/2024(H5N1)	903	28580
MP|PP755590.1|A/cattle/Texas/24-008749-003/2024(H5N1)	904	28406
MP|PP755590.1|A/cattle/Texas/24-008749-003/2024(H5N1)	905	28144
MP|PP755590.1|A/cattle/Texas/24-008749-003/2024(H5N1)	906	28122
MP|PP755590.1|A/cattle/Texas/24-008749-003/2024(H5N1)	907	27265
MP|PP755590.1|A/cattle/Texas/24-008749-003/2024(H5N1)	908	27253
MP|PP755590.1|A/cattle/Texas/24-008749-003/2024(H5N1)	909	27199
MP|PP755590.1|A/cattle/Texas/24-008749-003/2024(H5N1)	910	26598
MP|PP755590.1|A/cattle/Texas/24-008749-003/2024(H5N1)	911	26621
MP|PP755590.1|A/cattle/Texas/24-008749-003/2024(H5N1)	912	26298
MP|PP755590.1|A/cattle/Texas/24-008749-003/2024(H5N1)	913	26269
MP|PP755590.1|A/cattle/Texas/24-008749-003/2024(H5N1)	914	25854
MP|PP755590.1|A/cattle/Texas/24-008749-003/2024(H5N1)	915	25435
MP|PP755590.1|A/cattle/Texas/24-008749-003/2024(H5N1)	916	25315
MP|PP755590.1|A/cattle/Texas/24-008749-003/2024(H5N1)	917	24967
MP|PP755590.1|A/cattle/Texas/24-008749-003/2024(H5N1)	918	24976
MP|PP755590.1|A/cattle/Texas/24-008749-003/2024(H5N1)	919	24932
MP|PP755590.1|A/cattle/Texas/24-008749-003/2024(H5N1)	920	24551
MP|PP755590.1|A/cattle/Texas/24-008749-003/2024(H5N1)	921	24430
MP|PP755590.1|A/cattle/Texas/24-008749-003/2024(H5N1)	922	23937
MP|PP755590.1|A/cattle/Texas/24-008749-003/2024(H5N1)	923	23997
MP|PP755590.1|A/cattle/Texas/24-008749-003/2024(H5N1)	924	23967
MP|PP755590.1|A/cattle/Texas/24-008749-003/2024(H5N1)	925	23919
MP|PP755590.1|A/cattle/Texas/24-008749-003/2024(H5N1)	926	23913
MP|PP755590.1|A/cattle/Texas/24-008749-003/2024(H5N1)	927	23364
MP|PP755590.1|A/cattle/Texas/24-008749-003/2024(H5N1)	928	23382
MP|PP755590.1|A/cattle/Texas/24-008749-003/2024(H5N1)	929	23349
MP|PP755590.1|A/cattle/Texas/24-008749-003/2024(H5N1)	930	23297
MP|PP755590.1|A/cattle/Texas/24-008749-003/2024(H5N1)	931	23061
MP|PP755590.1|A/cattle/Texas/24-008749-003/2024(H5N1)	932	20740
MP|PP755590.1|A/cattle/Texas/24-008749-003/2024(H5N1)	933	20765
MP|PP755590.1|A/cattle/Texas/24-008749-003/2024(H5N1)	934	20651
MP|PP755590.1|A/cattle/Texas/24-008749-003/2024(H5N1)	935	19901
MP|PP755590.1|A/cattle/Texas/24-008749-003/2024(H5N1)	936	19827
MP|PP755590.1|A/cattle/Texas/24-008749-003/2024(H5N1)	937	18646
MP|PP755590.1|A/cattle/Texas/24-008749-003/2024(H5N1)	938	18650
MP|PP755590.1|A/cattle/Texas/24-008749-003/2024(H5N1)	939	18600
MP|PP755590.1|A/cattle/Texas/24-008749-003/2024(H5N1)	940	18503
MP|PP755590.1|A/cattle/Texas/24-008749-003/2024(H5N1)	941	18466
MP|PP755590.1|A/cattle/Texas/24-008749-003/2024(H5N1)	942	16465
MP|PP755590.1|A/cattle/Texas/24-008749-003/2024(H5N1)	943	16423
MP|PP755590.1|A/cattle/Texas/24-008749-003/2024(H5N1)	944	15708
MP|PP755590.1|A/cattle/Texas/24-008749-003/2024(H5N1)	945	14906
MP|PP755590.1|A/cattle/Texas/24-008749-003/2024(H5N1)	946	14279
MP|PP755590.1|A/cattle/Texas/24-008749-003/2024(H5N1)	947	14092
MP|PP755590.1|A/cattle/Texas/24-008749-003/2024(H5N1)	948	14059
MP|PP755590.1|A/cattle/Texas/24-008749-003/2024(H5N1)	949	13764
MP|PP755590.1|A/cattle/Texas/24-008749-003/2024(H5N1)	950	13578
MP|PP755590.1|A/cattle/Texas/24-008749-003/2024(H5N1)	951	13410
MP|PP755590.1|A/cattle/Texas/24-008749-003/2024(H5N1)	952	13275
MP|PP755590.1|A/cattle/Texas/24-008749-003/2024(H5N1)	953	13162
MP|PP755590.1|A/cattle/Texas/24-008749-003/2024(H5N1)	954	13027
MP|PP755590.1|A/cattle/Texas/24-008749-003/2024(H5N1)	955	12999
MP|PP755590.1|A/cattle/Texas/24-008749-003/2024(H5N1)	956	12925
MP|PP755590.1|A/cattle/Texas/24-008749-003/2024(H5N1)	957	12906
MP|PP755590.1|A/cattle/Texas/24-008749-003/2024(H5N1)	958	12895
MP|PP755590.1|A/cattle/Texas/24-008749-003/2024(H5N1)	959	12841
MP|PP755590.1|A/cattle/Texas/24-008749-003/2024(H5N1)	960	12798
MP|PP755590.1|A/cattle/Texas/24-008749-003/2024(H5N1)	961	12737
MP|PP755590.1|A/cattle/Texas/24-008749-003/2024(H5N1)	962	12725
MP|PP755590.1|A/cattle/Texas/24-008749-003/2024(H5N1)	963	12535
MP|PP755590.1|A/cattle/Texas/24-008749-003/2024(H5N1)	964	12519
MP|PP755590.1|A/cattle/Texas/24-008749-003/2024(H5N1)	965	12452
MP|PP755590.1|A/cattle/Texas/24-008749-003/2024(H5N1)	966	12417
MP|PP755590.1|A/cattle/Texas/24-008749-003/2024(H5N1)	967	12405
MP|PP755590.1|A/cattle/Texas/24-008749-003/2024(H5N1)	968	12361
MP|PP755590.1|A/cattle/Texas/24-008749-003/2024(H5N1)	969	12360
MP|PP755590.1|A/cattle/Texas/24-008749-003/2024(H5N1)	970	11826
MP|PP755590.1|A/cattle/Texas/24-008749-003/2024(H5N1)	971	11824
MP|PP755590.1|A/cattle/Texas/24-008749-003/2024(H5N1)	972	11644
MP|PP755590.1|A/cattle/Texas/24-008749-003/2024(H5N1)	973	11632
MP|PP755590.1|A/cattle/Texas/24-008749-003/2024(H5N1)	974	11571
MP|PP755590.1|A/cattle/Texas/24-008749-003/2024(H5N1)	975	8644
MP|PP755590.1|A/cattle/Texas/24-008749-003/2024(H5N1)	976	8543
MP|PP755590.1|A/cattle/Texas/24-008749-003/2024(H5N1)	977	8533
MP|PP755590.1|A/cattle/Texas/24-008749-003/2024(H5N1)	978	8478
MP|PP755590.1|A/cattle/Texas/24-008749-003/2024(H5N1)	979	8453
MP|PP755590.1|A/cattle/Texas/24-008749-003/2024(H5N1)	980	7496
MP|PP755590.1|A/cattle/Texas/24-008749-003/2024(H5N1)	981	7453
MP|PP755590.1|A/cattle/Texas/24-008749-003/2024(H5N1)	982	7425
