PB2|PP755596.1|A/cattle/Texas/24-008749-003/2024(H5N1)	1	8569
PB2|PP755596.1|A/cattle/Texas/24-008749-003/2024(H5N1)	2	8595
PB2|PP755596.1|A/cattle/Texas/24-008749-003/2024(H5N1)	3	8832
PB2|PP755596.1|A/cattle/Texas/24-008749-003/2024(H5N1)	4	8853
PB2|PP755596.1|A/cattle/Texas/24-008749-003/2024(H5N1)	5	8913
PB2|PP755596.1|A/cattle/Texas/24-008749-003/2024(H5N1)	6	8969
PB2|PP755596.1|A/cattle/Texas/24-008749-003/2024(H5N1)	7	8977
PB2|PP755596.1|A/cattle/Texas/24-008749-003/2024(H5N1)	8	9666
PB2|PP755596.1|A/cattle/Texas/24-008749-003/2024(H5N1)	9	9685
PB2|PP755596.1|A/cattle/Texas/24-008749-003/2024(H5N1)	10	9716
PB2|PP755596.1|A/cattle/Texas/24-008749-003/2024(H5N1)	11	9824
PB2|PP755596.1|A/cattle/Texas/24-008749-003/2024(H5N1)	12	9832
PB2|PP755596.1|A/cattle/Texas/24-008749-003/2024(H5N1)	13	9904
PB2|PP755596.1|A/cattle/Texas/24-008749-003/2024(H5N1)	14	9913
PB2|PP755596.1|A/cattle/Texas/24-008749-003/2024(H5N1)	15	9926
PB2|PP755596.1|A/cattle/Texas/24-008749-003/2024(H5N1)	16	10089
PB2|PP755596.1|A/cattle/Texas/24-008749-003/2024(H5N1)	17	10156
PB2|PP755596.1|A/cattle/Texas/24-008749-003/2024(H5N1)	18	10183
PB2|PP755596.1|A/cattle/Texas/24-008749-003/2024(H5N1)	19	10218
PB2|PP755596.1|A/cattle/Texas/24-008749-003/2024(H5N1)	20	10224
PB2|PP755596.1|A/cattle/Texas/24-008749-003/2024(H5N1)	21	10189
PB2|PP755596.1|A/cattle/Texas/24-008749-003/2024(H5N1)	22	10194
PB2|PP755596.1|A/cattle/Texas/24-008749-003/2024(H5N1)	23	10319
PB2|PP755596.1|A/cattle/Texas/24-008749-003/2024(H5N1)	24	10373
PB2|PP755596.1|A/cattle/Texas/24-008749-003/2024(H5N1)	25	10749
PB2|PP755596.1|A/cattle/Texas/24-008749-003/2024(H5N1)	26	10943
PB2|PP755596.1|A/cattle/Texas/24-008749-003/2024(H5N1)	27	10987
PB2|PP755596.1|A/cattle/Texas/24-008749-003/2024(H5N1)	28	11017
PB2|PP755596.1|A/cattle/Texas/24-008749-003/2024(H5N1)	29	11046
PB2|PP755596.1|A/cattle/Texas/24-008749-003/2024(H5N1)	30	11065
PB2|PP755596.1|A/cattle/Texas/24-008749-003/2024(H5N1)	31	11178
PB2|PP755596.1|A/cattle/Texas/24-008749-003/2024(H5N1)	32	11238
PB2|PP755596.1|A/cattle/Texas/24-008749-003/2024(H5N1)	33	11301
PB2|PP755596.1|A/cattle/Texas/24-008749-003/2024(H5N1)	34	11348
PB2|PP755596.1|A/cattle/Texas/24-008749-003/2024(H5N1)	35	11345
PB2|PP755596.1|A/cattle/Texas/24-008749-003/2024(H5N1)	36	11343
PB2|PP755596.1|A/cattle/Texas/24-008749-003/2024(H5N1)	37	11364
PB2|PP755596.1|A/cattle/Texas/24-008749-003/2024(H5N1)	38	11369
PB2|PP755596.1|A/cattle/Texas/24-008749-003/2024(H5N1)	39	11907
PB2|PP755596.1|A/cattle/Texas/24-008749-003/2024(H5N1)	40	11983
PB2|PP755596.1|A/cattle/Texas/24-008749-003/2024(H5N1)	41	12008
PB2|PP755596.1|A/cattle/Texas/24-008749-003/2024(H5N1)	42	12011
PB2|PP755596.1|A/cattle/Texas/24-008749-003/2024(H5N1)	43	12025
PB2|PP755596.1|A/cattle/Texas/24-008749-003/2024(H5N1)	44	12038
PB2|PP755596.1|A/cattle/Texas/24-008749-003/2024(H5N1)	45	12074
PB2|PP755596.1|A/cattle/Texas/24-008749-003/2024(H5N1)	46	12118
PB2|PP755596.1|A/cattle/Texas/24-008749-003/2024(H5N1)	47	12190
PB2|PP755596.1|A/cattle/Texas/24-008749-003/2024(H5N1)	48	12176
PB2|PP755596.1|A/cattle/Texas/24-008749-003/2024(H5N1)	49	12422
PB2|PP755596.1|A/cattle/Texas/24-008749-003/2024(H5N1)	50	12439
PB2|PP755596.1|A/cattle/Texas/24-008749-003/2024(H5N1)	51	12495
PB2|PP755596.1|A/cattle/Texas/24-008749-003/2024(H5N1)	52	12497
PB2|PP755596.1|A/cattle/Texas/24-008749-003/2024(H5N1)	53	12514
PB2|PP755596.1|A/cattle/Texas/24-008749-003/2024(H5N1)	54	12599
PB2|PP755596.1|A/cattle/Texas/24-008749-003/2024(H5N1)	55	13154
PB2|PP755596.1|A/cattle/Texas/24-008749-003/2024(H5N1)	56	13240
PB2|PP755596.1|A/cattle/Texas/24-008749-003/2024(H5N1)	57	13260
PB2|PP755596.1|A/cattle/Texas/24-008749-003/2024(H5N1)	58	13276
PB2|PP755596.1|A/cattle/Texas/24-008749-003/2024(H5N1)	59	13318
PB2|PP755596.1|A/cattle/Texas/24-008749-003/2024(H5N1)	60	13487
PB2|PP755596.1|A/cattle/Texas/24-008749-003/2024(H5N1)	61	13597
PB2|PP755596.1|A/cattle/Texas/24-008749-003/2024(H5N1)	62	13650
PB2|PP755596.1|A/cattle/Texas/24-008749-003/2024(H5N1)	63	13680
PB2|PP755596.1|A/cattle/Texas/24-008749-003/2024(H5N1)	64	13661
PB2|PP755596.1|A/cattle/Texas/24-008749-003/2024(H5N1)	65	13730
PB2|PP755596.1|A/cattle/Texas/24-008749-003/2024(H5N1)	66	13821
PB2|PP755596.1|A/cattle/Texas/24-008749-003/2024(H5N1)	67	13858
PB2|PP755596.1|A/cattle/Texas/24-008749-003/2024(H5N1)	68	13934
PB2|PP755596.1|A/cattle/Texas/24-008749-003/2024(H5N1)	69	13937
PB2|PP755596.1|A/cattle/Texas/24-008749-003/2024(H5N1)	70	13954
PB2|PP755596.1|A/cattle/Texas/24-008749-003/2024(H5N1)	71	14163
PB2|PP755596.1|A/cattle/Texas/24-008749-003/2024(H5N1)	72	14168
PB2|PP755596.1|A/cattle/Texas/24-008749-003/2024(H5N1)	73	14489
PB2|PP755596.1|A/cattle/Texas/24-008749-003/2024(H5N1)	74	14474
PB2|PP755596.1|A/cattle/Texas/24-008749-003/2024(H5N1)	75	14490
PB2|PP755596.1|A/cattle/Texas/24-008749-003/2024(H5N1)	76	14496
PB2|PP755596.1|A/cattle/Texas/24-008749-003/2024(H5N1)	77	14527
PB2|PP755596.1|A/cattle/Texas/24-008749-003/2024(H5N1)	78	14672
PB2|PP755596.1|A/cattle/Texas/24-008749-003/2024(H5N1)	79	14757
PB2|PP755596.1|A/cattle/Texas/24-008749-003/2024(H5N1)	80	14779
PB2|PP755596.1|A/cattle/Texas/24-008749-003/2024(H5N1)	81	14825
PB2|PP755596.1|A/cattle/Texas/24-008749-003/2024(H5N1)	82	14780
PB2|PP755596.1|A/cattle/Texas/24-008749-003/2024(H5N1)	83	14795
PB2|PP755596.1|A/cattle/Texas/24-008749-003/2024(H5N1)	84	14834
PB2|PP755596.1|A/cattle/Texas/24-008749-003/2024(H5N1)	85	15019
PB2|PP755596.1|A/cattle/Texas/24-008749-003/2024(H5N1)	86	15040
PB2|PP755596.1|A/cattle/Texas/24-008749-003/2024(H5N1)	87	15150
PB2|PP755596.1|A/cattle/Texas/24-008749-003/2024(H5N1)	88	15151
PB2|PP755596.1|A/cattle/Texas/24-008749-003/2024(H5N1)	89	15569
PB2|PP755596.1|A/cattle/Texas/24-008749-003/2024(H5N1)	90	15605
PB2|PP755596.1|A/cattle/Texas/24-008749-003/2024(H5N1)	91	15835
PB2|PP755596.1|A/cattle/Texas/24-008749-003/2024(H5N1)	92	15865
PB2|PP755596.1|A/cattle/Texas/24-008749-003/2024(H5N1)	93	15915
PB2|PP755596.1|A/cattle/Texas/24-008749-003/2024(H5N1)	94	15922
PB2|PP755596.1|A/cattle/Texas/24-008749-003/2024(H5N1)	95	15931
PB2|PP755596.1|A/cattle/Texas/24-008749-003/2024(H5N1)	96	16020
PB2|PP755596.1|A/cattle/Texas/24-008749-003/2024(H5N1)	97	16295
PB2|PP755596.1|A/cattle/Texas/24-008749-003/2024(H5N1)	98	16281
PB2|PP755596.1|A/cattle/Texas/24-008749-003/2024(H5N1)	99	16538
PB2|PP755596.1|A/cattle/Texas/24-008749-003/2024(H5N1)	100	16559
PB2|PP755596.1|A/cattle/Texas/24-008749-003/2024(H5N1)	101	16585
PB2|PP755596.1|A/cattle/Texas/24-008749-003/2024(H5N1)	102	16618
PB2|PP755596.1|A/cattle/Texas/24-008749-003/2024(H5N1)	103	16643
PB2|PP755596.1|A/cattle/Texas/24-008749-003/2024(H5N1)	104	16833
PB2|PP755596.1|A/cattle/Texas/24-008749-003/2024(H5N1)	105	16961
PB2|PP755596.1|A/cattle/Texas/24-008749-003/2024(H5N1)	106	16986
PB2|PP755596.1|A/cattle/Texas/24-008749-003/2024(H5N1)	107	16983
PB2|PP755596.1|A/cattle/Texas/24-008749-003/2024(H5N1)	108	16877
PB2|PP755596.1|A/cattle/Texas/24-008749-003/2024(H5N1)	109	16879
PB2|PP755596.1|A/cattle/Texas/24-008749-003/2024(H5N1)	110	17003
PB2|PP755596.1|A/cattle/Texas/24-008749-003/2024(H5N1)	111	17099
PB2|PP755596.1|A/cattle/Texas/24-008749-003/2024(H5N1)	112	16946
PB2|PP755596.1|A/cattle/Texas/24-008749-003/2024(H5N1)	113	16889
PB2|PP755596.1|A/cattle/Texas/24-008749-003/2024(H5N1)	114	16657
PB2|PP755596.1|A/cattle/Texas/24-008749-003/2024(H5N1)	115	16714
PB2|PP755596.1|A/cattle/Texas/24-008749-003/2024(H5N1)	116	16732
PB2|PP755596.1|A/cattle/Texas/24-008749-003/2024(H5N1)	117	16770
PB2|PP755596.1|A/cattle/Texas/24-008749-003/2024(H5N1)	118	16920
PB2|PP755596.1|A/cattle/Texas/24-008749-003/2024(H5N1)	119	17040
PB2|PP755596.1|A/cattle/Texas/24-008749-003/2024(H5N1)	120	17088
PB2|PP755596.1|A/cattle/Texas/24-008749-003/2024(H5N1)	121	17029
PB2|PP755596.1|A/cattle/Texas/24-008749-003/2024(H5N1)	122	16802
PB2|PP755596.1|A/cattle/Texas/24-008749-003/2024(H5N1)	123	16936
PB2|PP755596.1|A/cattle/Texas/24-008749-003/2024(H5N1)	124	13952
PB2|PP755596.1|A/cattle/Texas/24-008749-003/2024(H5N1)	125	13243
PB2|PP755596.1|A/cattle/Texas/24-008749-003/2024(H5N1)	126	12181
PB2|PP755596.1|A/cattle/Texas/24-008749-003/2024(H5N1)	127	12148
PB2|PP755596.1|A/cattle/Texas/24-008749-003/2024(H5N1)	128	12150
PB2|PP755596.1|A/cattle/Texas/24-008749-003/2024(H5N1)	129	12246
PB2|PP755596.1|A/cattle/Texas/24-008749-003/2024(H5N1)	130	12263
PB2|PP755596.1|A/cattle/Texas/24-008749-003/2024(H5N1)	131	12207
PB2|PP755596.1|A/cattle/Texas/24-008749-003/2024(H5N1)	132	12181
PB2|PP755596.1|A/cattle/Texas/24-008749-003/2024(H5N1)	133	11633
PB2|PP755596.1|A/cattle/Texas/24-008749-003/2024(H5N1)	134	11538
PB2|PP755596.1|A/cattle/Texas/24-008749-003/2024(H5N1)	135	11504
PB2|PP755596.1|A/cattle/Texas/24-008749-003/2024(H5N1)	136	11456
PB2|PP755596.1|A/cattle/Texas/24-008749-003/2024(H5N1)	137	11622
PB2|PP755596.1|A/cattle/Texas/24-008749-003/2024(H5N1)	138	11105
PB2|PP755596.1|A/cattle/Texas/24-008749-003/2024(H5N1)	139	11135
PB2|PP755596.1|A/cattle/Texas/24-008749-003/2024(H5N1)	140	10707
PB2|PP755596.1|A/cattle/Texas/24-008749-003/2024(H5N1)	141	10715
PB2|PP755596.1|A/cattle/Texas/24-008749-003/2024(H5N1)	142	10784
PB2|PP755596.1|A/cattle/Texas/24-008749-003/2024(H5N1)	143	10670
PB2|PP755596.1|A/cattle/Texas/24-008749-003/2024(H5N1)	144	6889
PB2|PP755596.1|A/cattle/Texas/24-008749-003/2024(H5N1)	145	6731
PB2|PP755596.1|A/cattle/Texas/24-008749-003/2024(H5N1)	146	6652
PB2|PP755596.1|A/cattle/Texas/24-008749-003/2024(H5N1)	147	6564
PB2|PP755596.1|A/cattle/Texas/24-008749-003/2024(H5N1)	148	10673
PB2|PP755596.1|A/cattle/Texas/24-008749-003/2024(H5N1)	149	10645
PB2|PP755596.1|A/cattle/Texas/24-008749-003/2024(H5N1)	150	10514
PB2|PP755596.1|A/cattle/Texas/24-008749-003/2024(H5N1)	151	10528
PB2|PP755596.1|A/cattle/Texas/24-008749-003/2024(H5N1)	152	10569
PB2|PP755596.1|A/cattle/Texas/24-008749-003/2024(H5N1)	153	10570
PB2|PP755596.1|A/cattle/Texas/24-008749-003/2024(H5N1)	154	10430
PB2|PP755596.1|A/cattle/Texas/24-008749-003/2024(H5N1)	155	10480
PB2|PP755596.1|A/cattle/Texas/24-008749-003/2024(H5N1)	156	10469
PB2|PP755596.1|A/cattle/Texas/24-008749-003/2024(H5N1)	157	10485
PB2|PP755596.1|A/cattle/Texas/24-008749-003/2024(H5N1)	158	10467
PB2|PP755596.1|A/cattle/Texas/24-008749-003/2024(H5N1)	159	10275
PB2|PP755596.1|A/cattle/Texas/24-008749-003/2024(H5N1)	160	10257
PB2|PP755596.1|A/cattle/Texas/24-008749-003/2024(H5N1)	161	10244
PB2|PP755596.1|A/cattle/Texas/24-008749-003/2024(H5N1)	162	10193
PB2|PP755596.1|A/cattle/Texas/24-008749-003/2024(H5N1)	163	9965
PB2|PP755596.1|A/cattle/Texas/24-008749-003/2024(H5N1)	164	9799
PB2|PP755596.1|A/cattle/Texas/24-008749-003/2024(H5N1)	165	9789
PB2|PP755596.1|A/cattle/Texas/24-008749-003/2024(H5N1)	166	9743
PB2|PP755596.1|A/cattle/Texas/24-008749-003/2024(H5N1)	167	9757
PB2|PP755596.1|A/cattle/Texas/24-008749-003/2024(H5N1)	168	9726
PB2|PP755596.1|A/cattle/Texas/24-008749-003/2024(H5N1)	169	9730
PB2|PP755596.1|A/cattle/Texas/24-008749-003/2024(H5N1)	170	9731
PB2|PP755596.1|A/cattle/Texas/24-008749-003/2024(H5N1)	171	9680
PB2|PP755596.1|A/cattle/Texas/24-008749-003/2024(H5N1)	172	9653
PB2|PP755596.1|A/cattle/Texas/24-008749-003/2024(H5N1)	173	9704
PB2|PP755596.1|A/cattle/Texas/24-008749-003/2024(H5N1)	174	9649
PB2|PP755596.1|A/cattle/Texas/24-008749-003/2024(H5N1)	175	9668
PB2|PP755596.1|A/cattle/Texas/24-008749-003/2024(H5N1)	176	9598
PB2|PP755596.1|A/cattle/Texas/24-008749-003/2024(H5N1)	177	9567
PB2|PP755596.1|A/cattle/Texas/24-008749-003/2024(H5N1)	178	9548
PB2|PP755596.1|A/cattle/Texas/24-008749-003/2024(H5N1)	179	9577
PB2|PP755596.1|A/cattle/Texas/24-008749-003/2024(H5N1)	180	9408
PB2|PP755596.1|A/cattle/Texas/24-008749-003/2024(H5N1)	181	9401
PB2|PP755596.1|A/cattle/Texas/24-008749-003/2024(H5N1)	182	9306
PB2|PP755596.1|A/cattle/Texas/24-008749-003/2024(H5N1)	183	9287
PB2|PP755596.1|A/cattle/Texas/24-008749-003/2024(H5N1)	184	9194
PB2|PP755596.1|A/cattle/Texas/24-008749-003/2024(H5N1)	185	9197
PB2|PP755596.1|A/cattle/Texas/24-008749-003/2024(H5N1)	186	9190
PB2|PP755596.1|A/cattle/Texas/24-008749-003/2024(H5N1)	187	9169
PB2|PP755596.1|A/cattle/Texas/24-008749-003/2024(H5N1)	188	9165
PB2|PP755596.1|A/cattle/Texas/24-008749-003/2024(H5N1)	189	9122
PB2|PP755596.1|A/cattle/Texas/24-008749-003/2024(H5N1)	190	9096
PB2|PP755596.1|A/cattle/Texas/24-008749-003/2024(H5N1)	191	8927
PB2|PP755596.1|A/cattle/Texas/24-008749-003/2024(H5N1)	192	8902
PB2|PP755596.1|A/cattle/Texas/24-008749-003/2024(H5N1)	193	8447
PB2|PP755596.1|A/cattle/Texas/24-008749-003/2024(H5N1)	194	4930
PB2|PP755596.1|A/cattle/Texas/24-008749-003/2024(H5N1)	195	4886
PB2|PP755596.1|A/cattle/Texas/24-008749-003/2024(H5N1)	196	4883
PB2|PP755596.1|A/cattle/Texas/24-008749-003/2024(H5N1)	197	4905
PB2|PP755596.1|A/cattle/Texas/24-008749-003/2024(H5N1)	198	4879
PB2|PP755596.1|A/cattle/Texas/24-008749-003/2024(H5N1)	199	4824
PB2|PP755596.1|A/cattle/Texas/24-008749-003/2024(H5N1)	200	4416
PB2|PP755596.1|A/cattle/Texas/24-008749-003/2024(H5N1)	201	4410
PB2|PP755596.1|A/cattle/Texas/24-008749-003/2024(H5N1)	202	4421
PB2|PP755596.1|A/cattle/Texas/24-008749-003/2024(H5N1)	203	4297
PB2|PP755596.1|A/cattle/Texas/24-008749-003/2024(H5N1)	204	4437
PB2|PP755596.1|A/cattle/Texas/24-008749-003/2024(H5N1)	205	4416
PB2|PP755596.1|A/cattle/Texas/24-008749-003/2024(H5N1)	206	4243
PB2|PP755596.1|A/cattle/Texas/24-008749-003/2024(H5N1)	207	4166
PB2|PP755596.1|A/cattle/Texas/24-008749-003/2024(H5N1)	208	4144
PB2|PP755596.1|A/cattle/Texas/24-008749-003/2024(H5N1)	209	4157
PB2|PP755596.1|A/cattle/Texas/24-008749-003/2024(H5N1)	210	4179
PB2|PP755596.1|A/cattle/Texas/24-008749-003/2024(H5N1)	211	4136
PB2|PP755596.1|A/cattle/Texas/24-008749-003/2024(H5N1)	212	4130
PB2|PP755596.1|A/cattle/Texas/24-008749-003/2024(H5N1)	213	4103
PB2|PP755596.1|A/cattle/Texas/24-008749-003/2024(H5N1)	214	4146
PB2|PP755596.1|A/cattle/Texas/24-008749-003/2024(H5N1)	215	4124
PB2|PP755596.1|A/cattle/Texas/24-008749-003/2024(H5N1)	216	4106
PB2|PP755596.1|A/cattle/Texas/24-008749-003/2024(H5N1)	217	4081
PB2|PP755596.1|A/cattle/Texas/24-008749-003/2024(H5N1)	218	4058
PB2|PP755596.1|A/cattle/Texas/24-008749-003/2024(H5N1)	219	4039
PB2|PP755596.1|A/cattle/Texas/24-008749-003/2024(H5N1)	220	4138
PB2|PP755596.1|A/cattle/Texas/24-008749-003/2024(H5N1)	221	4158
PB2|PP755596.1|A/cattle/Texas/24-008749-003/2024(H5N1)	222	4107
PB2|PP755596.1|A/cattle/Texas/24-008749-003/2024(H5N1)	223	3984
PB2|PP755596.1|A/cattle/Texas/24-008749-003/2024(H5N1)	224	3967
PB2|PP755596.1|A/cattle/Texas/24-008749-003/2024(H5N1)	225	3967
PB2|PP755596.1|A/cattle/Texas/24-008749-003/2024(H5N1)	226	3985
PB2|PP755596.1|A/cattle/Texas/24-008749-003/2024(H5N1)	227	3999
PB2|PP755596.1|A/cattle/Texas/24-008749-003/2024(H5N1)	228	3956
PB2|PP755596.1|A/cattle/Texas/24-008749-003/2024(H5N1)	229	4003
PB2|PP755596.1|A/cattle/Texas/24-008749-003/2024(H5N1)	230	3959
PB2|PP755596.1|A/cattle/Texas/24-008749-003/2024(H5N1)	231	3968
PB2|PP755596.1|A/cattle/Texas/24-008749-003/2024(H5N1)	232	3965
PB2|PP755596.1|A/cattle/Texas/24-008749-003/2024(H5N1)	233	3969
PB2|PP755596.1|A/cattle/Texas/24-008749-003/2024(H5N1)	234	3957
PB2|PP755596.1|A/cattle/Texas/24-008749-003/2024(H5N1)	235	3923
PB2|PP755596.1|A/cattle/Texas/24-008749-003/2024(H5N1)	236	3876
PB2|PP755596.1|A/cattle/Texas/24-008749-003/2024(H5N1)	237	3886
PB2|PP755596.1|A/cattle/Texas/24-008749-003/2024(H5N1)	238	3843
PB2|PP755596.1|A/cattle/Texas/24-008749-003/2024(H5N1)	239	3875
PB2|PP755596.1|A/cattle/Texas/24-008749-003/2024(H5N1)	240	3875
PB2|PP755596.1|A/cattle/Texas/24-008749-003/2024(H5N1)	241	3881
PB2|PP755596.1|A/cattle/Texas/24-008749-003/2024(H5N1)	242	3708
PB2|PP755596.1|A/cattle/Texas/24-008749-003/2024(H5N1)	243	3721
PB2|PP755596.1|A/cattle/Texas/24-008749-003/2024(H5N1)	244	3763
PB2|PP755596.1|A/cattle/Texas/24-008749-003/2024(H5N1)	245	3855
PB2|PP755596.1|A/cattle/Texas/24-008749-003/2024(H5N1)	246	3853
PB2|PP755596.1|A/cattle/Texas/24-008749-003/2024(H5N1)	247	3808
PB2|PP755596.1|A/cattle/Texas/24-008749-003/2024(H5N1)	248	3764
PB2|PP755596.1|A/cattle/Texas/24-008749-003/2024(H5N1)	249	3745
PB2|PP755596.1|A/cattle/Texas/24-008749-003/2024(H5N1)	250	3604
PB2|PP755596.1|A/cattle/Texas/24-008749-003/2024(H5N1)	251	3778
PB2|PP755596.1|A/cattle/Texas/24-008749-003/2024(H5N1)	252	3808
PB2|PP755596.1|A/cattle/Texas/24-008749-003/2024(H5N1)	253	3977
PB2|PP755596.1|A/cattle/Texas/24-008749-003/2024(H5N1)	254	3986
PB2|PP755596.1|A/cattle/Texas/24-008749-003/2024(H5N1)	255	3986
PB2|PP755596.1|A/cattle/Texas/24-008749-003/2024(H5N1)	256	3987
PB2|PP755596.1|A/cattle/Texas/24-008749-003/2024(H5N1)	257	3997
PB2|PP755596.1|A/cattle/Texas/24-008749-003/2024(H5N1)	258	3996
PB2|PP755596.1|A/cattle/Texas/24-008749-003/2024(H5N1)	259	4087
PB2|PP755596.1|A/cattle/Texas/24-008749-003/2024(H5N1)	260	4113
PB2|PP755596.1|A/cattle/Texas/24-008749-003/2024(H5N1)	261	4121
PB2|PP755596.1|A/cattle/Texas/24-008749-003/2024(H5N1)	262	3991
PB2|PP755596.1|A/cattle/Texas/24-008749-003/2024(H5N1)	263	4092
PB2|PP755596.1|A/cattle/Texas/24-008749-003/2024(H5N1)	264	4062
PB2|PP755596.1|A/cattle/Texas/24-008749-003/2024(H5N1)	265	4109
PB2|PP755596.1|A/cattle/Texas/24-008749-003/2024(H5N1)	266	4074
PB2|PP755596.1|A/cattle/Texas/24-008749-003/2024(H5N1)	267	4062
PB2|PP755596.1|A/cattle/Texas/24-008749-003/2024(H5N1)	268	3986
PB2|PP755596.1|A/cattle/Texas/24-008749-003/2024(H5N1)	269	3866
PB2|PP755596.1|A/cattle/Texas/24-008749-003/2024(H5N1)	270	3880
PB2|PP755596.1|A/cattle/Texas/24-008749-003/2024(H5N1)	271	3977
PB2|PP755596.1|A/cattle/Texas/24-008749-003/2024(H5N1)	272	3914
PB2|PP755596.1|A/cattle/Texas/24-008749-003/2024(H5N1)	273	3902
PB2|PP755596.1|A/cattle/Texas/24-008749-003/2024(H5N1)	274	3838
PB2|PP755596.1|A/cattle/Texas/24-008749-003/2024(H5N1)	275	3704
PB2|PP755596.1|A/cattle/Texas/24-008749-003/2024(H5N1)	276	3740
PB2|PP755596.1|A/cattle/Texas/24-008749-003/2024(H5N1)	277	3899
PB2|PP755596.1|A/cattle/Texas/24-008749-003/2024(H5N1)	278	3902
PB2|PP755596.1|A/cattle/Texas/24-008749-003/2024(H5N1)	279	3885
PB2|PP755596.1|A/cattle/Texas/24-008749-003/2024(H5N1)	280	3750
PB2|PP755596.1|A/cattle/Texas/24-008749-003/2024(H5N1)	281	3728
PB2|PP755596.1|A/cattle/Texas/24-008749-003/2024(H5N1)	282	3796
PB2|PP755596.1|A/cattle/Texas/24-008749-003/2024(H5N1)	283	3807
PB2|PP755596.1|A/cattle/Texas/24-008749-003/2024(H5N1)	284	3730
PB2|PP755596.1|A/cattle/Texas/24-008749-003/2024(H5N1)	285	3696
PB2|PP755596.1|A/cattle/Texas/24-008749-003/2024(H5N1)	286	3678
PB2|PP755596.1|A/cattle/Texas/24-008749-003/2024(H5N1)	287	3656
PB2|PP755596.1|A/cattle/Texas/24-008749-003/2024(H5N1)	288	3660
PB2|PP755596.1|A/cattle/Texas/24-008749-003/2024(H5N1)	289	3667
PB2|PP755596.1|A/cattle/Texas/24-008749-003/2024(H5N1)	290	3694
PB2|PP755596.1|A/cattle/Texas/24-008749-003/2024(H5N1)	291	3655
PB2|PP755596.1|A/cattle/Texas/24-008749-003/2024(H5N1)	292	3626
PB2|PP755596.1|A/cattle/Texas/24-008749-003/2024(H5N1)	293	3587
PB2|PP755596.1|A/cattle/Texas/24-008749-003/2024(H5N1)	294	3614
PB2|PP755596.1|A/cattle/Texas/24-008749-003/2024(H5N1)	295	3816
PB2|PP755596.1|A/cattle/Texas/24-008749-003/2024(H5N1)	296	3837
PB2|PP755596.1|A/cattle/Texas/24-008749-003/2024(H5N1)	297	3872
PB2|PP755596.1|A/cattle/Texas/24-008749-003/2024(H5N1)	298	3852
PB2|PP755596.1|A/cattle/Texas/24-008749-003/2024(H5N1)	299	3848
PB2|PP755596.1|A/cattle/Texas/24-008749-003/2024(H5N1)	300	3886
PB2|PP755596.1|A/cattle/Texas/24-008749-003/2024(H5N1)	301	3878
PB2|PP755596.1|A/cattle/Texas/24-008749-003/2024(H5N1)	302	3926
PB2|PP755596.1|A/cattle/Texas/24-008749-003/2024(H5N1)	303	3915
PB2|PP755596.1|A/cattle/Texas/24-008749-003/2024(H5N1)	304	3899
PB2|PP755596.1|A/cattle/Texas/24-008749-003/2024(H5N1)	305	3947
PB2|PP755596.1|A/cattle/Texas/24-008749-003/2024(H5N1)	306	3902
PB2|PP755596.1|A/cattle/Texas/24-008749-003/2024(H5N1)	307	3905
PB2|PP755596.1|A/cattle/Texas/24-008749-003/2024(H5N1)	308	3915
PB2|PP755596.1|A/cattle/Texas/24-008749-003/2024(H5N1)	309	3918
PB2|PP755596.1|A/cattle/Texas/24-008749-003/2024(H5N1)	310	4010
PB2|PP755596.1|A/cattle/Texas/24-008749-003/2024(H5N1)	311	3963
PB2|PP755596.1|A/cattle/Texas/24-008749-003/2024(H5N1)	312	4004
PB2|PP755596.1|A/cattle/Texas/24-008749-003/2024(H5N1)	313	4007
PB2|PP755596.1|A/cattle/Texas/24-008749-003/2024(H5N1)	314	4064
PB2|PP755596.1|A/cattle/Texas/24-008749-003/2024(H5N1)	315	4089
PB2|PP755596.1|A/cattle/Texas/24-008749-003/2024(H5N1)	316	4069
PB2|PP755596.1|A/cattle/Texas/24-008749-003/2024(H5N1)	317	4121
PB2|PP755596.1|A/cattle/Texas/24-008749-003/2024(H5N1)	318	4120
PB2|PP755596.1|A/cattle/Texas/24-008749-003/2024(H5N1)	319	4082
PB2|PP755596.1|A/cattle/Texas/24-008749-003/2024(H5N1)	320	4147
PB2|PP755596.1|A/cattle/Texas/24-008749-003/2024(H5N1)	321	4148
PB2|PP755596.1|A/cattle/Texas/24-008749-003/2024(H5N1)	322	4148
PB2|PP755596.1|A/cattle/Texas/24-008749-003/2024(H5N1)	323	4087
PB2|PP755596.1|A/cattle/Texas/24-008749-003/2024(H5N1)	324	3986
PB2|PP755596.1|A/cattle/Texas/24-008749-003/2024(H5N1)	325	4024
PB2|PP755596.1|A/cattle/Texas/24-008749-003/2024(H5N1)	326	4068
PB2|PP755596.1|A/cattle/Texas/24-008749-003/2024(H5N1)	327	4089
PB2|PP755596.1|A/cattle/Texas/24-008749-003/2024(H5N1)	328	4080
PB2|PP755596.1|A/cattle/Texas/24-008749-003/2024(H5N1)	329	4025
PB2|PP755596.1|A/cattle/Texas/24-008749-003/2024(H5N1)	330	4035
PB2|PP755596.1|A/cattle/Texas/24-008749-003/2024(H5N1)	331	4025
PB2|PP755596.1|A/cattle/Texas/24-008749-003/2024(H5N1)	332	4228
PB2|PP755596.1|A/cattle/Texas/24-008749-003/2024(H5N1)	333	4241
PB2|PP755596.1|A/cattle/Texas/24-008749-003/2024(H5N1)	334	4212
PB2|PP755596.1|A/cattle/Texas/24-008749-003/2024(H5N1)	335	4203
PB2|PP755596.1|A/cattle/Texas/24-008749-003/2024(H5N1)	336	4173
PB2|PP755596.1|A/cattle/Texas/24-008749-003/2024(H5N1)	337	4177
PB2|PP755596.1|A/cattle/Texas/24-008749-003/2024(H5N1)	338	4175
PB2|PP755596.1|A/cattle/Texas/24-008749-003/2024(H5N1)	339	4293
PB2|PP755596.1|A/cattle/Texas/24-008749-003/2024(H5N1)	340	4390
PB2|PP755596.1|A/cattle/Texas/24-008749-003/2024(H5N1)	341	4175
PB2|PP755596.1|A/cattle/Texas/24-008749-003/2024(H5N1)	342	4176
PB2|PP755596.1|A/cattle/Texas/24-008749-003/2024(H5N1)	343	4166
PB2|PP755596.1|A/cattle/Texas/24-008749-003/2024(H5N1)	344	4155
PB2|PP755596.1|A/cattle/Texas/24-008749-003/2024(H5N1)	345	4155
PB2|PP755596.1|A/cattle/Texas/24-008749-003/2024(H5N1)	346	4166
PB2|PP755596.1|A/cattle/Texas/24-008749-003/2024(H5N1)	347	4175
PB2|PP755596.1|A/cattle/Texas/24-008749-003/2024(H5N1)	348	4123
PB2|PP755596.1|A/cattle/Texas/24-008749-003/2024(H5N1)	349	4123
PB2|PP755596.1|A/cattle/Texas/24-008749-003/2024(H5N1)	350	4104
PB2|PP755596.1|A/cattle/Texas/24-008749-003/2024(H5N1)	351	4104
PB2|PP755596.1|A/cattle/Texas/24-008749-003/2024(H5N1)	352	4105
PB2|PP755596.1|A/cattle/Texas/24-008749-003/2024(H5N1)	353	4088
PB2|PP755596.1|A/cattle/Texas/24-008749-003/2024(H5N1)	354	4086
PB2|PP755596.1|A/cattle/Texas/24-008749-003/2024(H5N1)	355	4088
PB2|PP755596.1|A/cattle/Texas/24-008749-003/2024(H5N1)	356	4085
PB2|PP755596.1|A/cattle/Texas/24-008749-003/2024(H5N1)	357	4086
PB2|PP755596.1|A/cattle/Texas/24-008749-003/2024(H5N1)	358	4085
PB2|PP755596.1|A/cattle/Texas/24-008749-003/2024(H5N1)	359	4065
PB2|PP755596.1|A/cattle/Texas/24-008749-003/2024(H5N1)	360	4039
PB2|PP755596.1|A/cattle/Texas/24-008749-003/2024(H5N1)	361	4029
PB2|PP755596.1|A/cattle/Texas/24-008749-003/2024(H5N1)	362	4032
PB2|PP755596.1|A/cattle/Texas/24-008749-003/2024(H5N1)	363	4033
PB2|PP755596.1|A/cattle/Texas/24-008749-003/2024(H5N1)	364	4201
PB2|PP755596.1|A/cattle/Texas/24-008749-003/2024(H5N1)	365	4165
PB2|PP755596.1|A/cattle/Texas/24-008749-003/2024(H5N1)	366	4150
PB2|PP755596.1|A/cattle/Texas/24-008749-003/2024(H5N1)	367	4153
PB2|PP755596.1|A/cattle/Texas/24-008749-003/2024(H5N1)	368	4159
PB2|PP755596.1|A/cattle/Texas/24-008749-003/2024(H5N1)	369	4160
PB2|PP755596.1|A/cattle/Texas/24-008749-003/2024(H5N1)	370	4153
PB2|PP755596.1|A/cattle/Texas/24-008749-003/2024(H5N1)	371	4110
PB2|PP755596.1|A/cattle/Texas/24-008749-003/2024(H5N1)	372	4222
PB2|PP755596.1|A/cattle/Texas/24-008749-003/2024(H5N1)	373	4231
PB2|PP755596.1|A/cattle/Texas/24-008749-003/2024(H5N1)	374	4221
PB2|PP755596.1|A/cattle/Texas/24-008749-003/2024(H5N1)	375	4222
PB2|PP755596.1|A/cattle/Texas/24-008749-003/2024(H5N1)	376	4239
PB2|PP755596.1|A/cattle/Texas/24-008749-003/2024(H5N1)	377	4245
PB2|PP755596.1|A/cattle/Texas/24-008749-003/2024(H5N1)	378	4240
PB2|PP755596.1|A/cattle/Texas/24-008749-003/2024(H5N1)	379	4218
PB2|PP755596.1|A/cattle/Texas/24-008749-003/2024(H5N1)	380	4168
PB2|PP755596.1|A/cattle/Texas/24-008749-003/2024(H5N1)	381	4157
PB2|PP755596.1|A/cattle/Texas/24-008749-003/2024(H5N1)	382	4137
PB2|PP755596.1|A/cattle/Texas/24-008749-003/2024(H5N1)	383	4145
PB2|PP755596.1|A/cattle/Texas/24-008749-003/2024(H5N1)	384	4144
PB2|PP755596.1|A/cattle/Texas/24-008749-003/2024(H5N1)	385	4201
PB2|PP755596.1|A/cattle/Texas/24-008749-003/2024(H5N1)	386	4325
PB2|PP755596.1|A/cattle/Texas/24-008749-003/2024(H5N1)	387	4354
PB2|PP755596.1|A/cattle/Texas/24-008749-003/2024(H5N1)	388	4333
PB2|PP755596.1|A/cattle/Texas/24-008749-003/2024(H5N1)	389	4336
PB2|PP755596.1|A/cattle/Texas/24-008749-003/2024(H5N1)	390	4309
PB2|PP755596.1|A/cattle/Texas/24-008749-003/2024(H5N1)	391	4310
PB2|PP755596.1|A/cattle/Texas/24-008749-003/2024(H5N1)	392	4537
PB2|PP755596.1|A/cattle/Texas/24-008749-003/2024(H5N1)	393	4534
PB2|PP755596.1|A/cattle/Texas/24-008749-003/2024(H5N1)	394	4551
PB2|PP755596.1|A/cattle/Texas/24-008749-003/2024(H5N1)	395	4518
PB2|PP755596.1|A/cattle/Texas/24-008749-003/2024(H5N1)	396	4429
PB2|PP755596.1|A/cattle/Texas/24-008749-003/2024(H5N1)	397	4550
PB2|PP755596.1|A/cattle/Texas/24-008749-003/2024(H5N1)	398	4564
PB2|PP755596.1|A/cattle/Texas/24-008749-003/2024(H5N1)	399	4570
PB2|PP755596.1|A/cattle/Texas/24-008749-003/2024(H5N1)	400	4572
PB2|PP755596.1|A/cattle/Texas/24-008749-003/2024(H5N1)	401	4331
PB2|PP755596.1|A/cattle/Texas/24-008749-003/2024(H5N1)	402	4249
PB2|PP755596.1|A/cattle/Texas/24-008749-003/2024(H5N1)	403	4185
PB2|PP755596.1|A/cattle/Texas/24-008749-003/2024(H5N1)	404	4202
PB2|PP755596.1|A/cattle/Texas/24-008749-003/2024(H5N1)	405	4184
PB2|PP755596.1|A/cattle/Texas/24-008749-003/2024(H5N1)	406	4098
PB2|PP755596.1|A/cattle/Texas/24-008749-003/2024(H5N1)	407	4098
PB2|PP755596.1|A/cattle/Texas/24-008749-003/2024(H5N1)	408	4096
PB2|PP755596.1|A/cattle/Texas/24-008749-003/2024(H5N1)	409	4089
PB2|PP755596.1|A/cattle/Texas/24-008749-003/2024(H5N1)	410	4004
PB2|PP755596.1|A/cattle/Texas/24-008749-003/2024(H5N1)	411	3974
PB2|PP755596.1|A/cattle/Texas/24-008749-003/2024(H5N1)	412	3973
PB2|PP755596.1|A/cattle/Texas/24-008749-003/2024(H5N1)	413	3969
PB2|PP755596.1|A/cattle/Texas/24-008749-003/2024(H5N1)	414	3906
PB2|PP755596.1|A/cattle/Texas/24-008749-003/2024(H5N1)	415	3927
PB2|PP755596.1|A/cattle/Texas/24-008749-003/2024(H5N1)	416	3898
PB2|PP755596.1|A/cattle/Texas/24-008749-003/2024(H5N1)	417	3905
PB2|PP755596.1|A/cattle/Texas/24-008749-003/2024(H5N1)	418	3908
PB2|PP755596.1|A/cattle/Texas/24-008749-003/2024(H5N1)	419	3949
PB2|PP755596.1|A/cattle/Texas/24-008749-003/2024(H5N1)	420	3952
PB2|PP755596.1|A/cattle/Texas/24-008749-003/2024(H5N1)	421	3950
PB2|PP755596.1|A/cattle/Texas/24-008749-003/2024(H5N1)	422	3839
PB2|PP755596.1|A/cattle/Texas/24-008749-003/2024(H5N1)	423	3805
PB2|PP755596.1|A/cattle/Texas/24-008749-003/2024(H5N1)	424	3806
PB2|PP755596.1|A/cattle/Texas/24-008749-003/2024(H5N1)	425	3822
PB2|PP755596.1|A/cattle/Texas/24-008749-003/2024(H5N1)	426	3833
PB2|PP755596.1|A/cattle/Texas/24-008749-003/2024(H5N1)	427	3698
PB2|PP755596.1|A/cattle/Texas/24-008749-003/2024(H5N1)	428	3632
PB2|PP755596.1|A/cattle/Texas/24-008749-003/2024(H5N1)	429	3631
PB2|PP755596.1|A/cattle/Texas/24-008749-003/2024(H5N1)	430	3639
PB2|PP755596.1|A/cattle/Texas/24-008749-003/2024(H5N1)	431	3655
PB2|PP755596.1|A/cattle/Texas/24-008749-003/2024(H5N1)	432	3677
PB2|PP755596.1|A/cattle/Texas/24-008749-003/2024(H5N1)	433	3624
PB2|PP755596.1|A/cattle/Texas/24-008749-003/2024(H5N1)	434	3621
PB2|PP755596.1|A/cattle/Texas/24-008749-003/2024(H5N1)	435	3848
PB2|PP755596.1|A/cattle/Texas/24-008749-003/2024(H5N1)	436	3848
PB2|PP755596.1|A/cattle/Texas/24-008749-003/2024(H5N1)	437	4092
PB2|PP755596.1|A/cattle/Texas/24-008749-003/2024(H5N1)	438	4096
PB2|PP755596.1|A/cattle/Texas/24-008749-003/2024(H5N1)	439	4094
PB2|PP755596.1|A/cattle/Texas/24-008749-003/2024(H5N1)	440	4088
PB2|PP755596.1|A/cattle/Texas/24-008749-003/2024(H5N1)	441	4057
PB2|PP755596.1|A/cattle/Texas/24-008749-003/2024(H5N1)	442	4087
PB2|PP755596.1|A/cattle/Texas/24-008749-003/2024(H5N1)	443	4133
PB2|PP755596.1|A/cattle/Texas/24-008749-003/2024(H5N1)	444	4099
PB2|PP755596.1|A/cattle/Texas/24-008749-003/2024(H5N1)	445	4099
PB2|PP755596.1|A/cattle/Texas/24-008749-003/2024(H5N1)	446	3859
PB2|PP755596.1|A/cattle/Texas/24-008749-003/2024(H5N1)	447	3883
PB2|PP755596.1|A/cattle/Texas/24-008749-003/2024(H5N1)	448	3834
PB2|PP755596.1|A/cattle/Texas/24-008749-003/2024(H5N1)	449	3836
PB2|PP755596.1|A/cattle/Texas/24-008749-003/2024(H5N1)	450	3835
PB2|PP755596.1|A/cattle/Texas/24-008749-003/2024(H5N1)	451	3799
PB2|PP755596.1|A/cattle/Texas/24-008749-003/2024(H5N1)	452	3924
PB2|PP755596.1|A/cattle/Texas/24-008749-003/2024(H5N1)	453	3872
PB2|PP755596.1|A/cattle/Texas/24-008749-003/2024(H5N1)	454	3926
PB2|PP755596.1|A/cattle/Texas/24-008749-003/2024(H5N1)	455	3933
PB2|PP755596.1|A/cattle/Texas/24-008749-003/2024(H5N1)	456	3967
PB2|PP755596.1|A/cattle/Texas/24-008749-003/2024(H5N1)	457	3968
PB2|PP755596.1|A/cattle/Texas/24-008749-003/2024(H5N1)	458	4085
PB2|PP755596.1|A/cattle/Texas/24-008749-003/2024(H5N1)	459	4130
PB2|PP755596.1|A/cattle/Texas/24-008749-003/2024(H5N1)	460	4126
PB2|PP755596.1|A/cattle/Texas/24-008749-003/2024(H5N1)	461	3978
PB2|PP755596.1|A/cattle/Texas/24-008749-003/2024(H5N1)	462	3985
PB2|PP755596.1|A/cattle/Texas/24-008749-003/2024(H5N1)	463	3913
PB2|PP755596.1|A/cattle/Texas/24-008749-003/2024(H5N1)	464	4033
PB2|PP755596.1|A/cattle/Texas/24-008749-003/2024(H5N1)	465	4134
PB2|PP755596.1|A/cattle/Texas/24-008749-003/2024(H5N1)	466	4122
PB2|PP755596.1|A/cattle/Texas/24-008749-003/2024(H5N1)	467	4106
PB2|PP755596.1|A/cattle/Texas/24-008749-003/2024(H5N1)	468	4081
PB2|PP755596.1|A/cattle/Texas/24-008749-003/2024(H5N1)	469	4098
PB2|PP755596.1|A/cattle/Texas/24-008749-003/2024(H5N1)	470	4111
PB2|PP755596.1|A/cattle/Texas/24-008749-003/2024(H5N1)	471	4041
PB2|PP755596.1|A/cattle/Texas/24-008749-003/2024(H5N1)	472	4074
PB2|PP755596.1|A/cattle/Texas/24-008749-003/2024(H5N1)	473	3982
PB2|PP755596.1|A/cattle/Texas/24-008749-003/2024(H5N1)	474	3988
PB2|PP755596.1|A/cattle/Texas/24-008749-003/2024(H5N1)	475	4009
PB2|PP755596.1|A/cattle/Texas/24-008749-003/2024(H5N1)	476	4011
PB2|PP755596.1|A/cattle/Texas/24-008749-003/2024(H5N1)	477	4011
PB2|PP755596.1|A/cattle/Texas/24-008749-003/2024(H5N1)	478	3994
PB2|PP755596.1|A/cattle/Texas/24-008749-003/2024(H5N1)	479	3993
PB2|PP755596.1|A/cattle/Texas/24-008749-003/2024(H5N1)	480	4096
PB2|PP755596.1|A/cattle/Texas/24-008749-003/2024(H5N1)	481	4109
PB2|PP755596.1|A/cattle/Texas/24-008749-003/2024(H5N1)	482	4238
PB2|PP755596.1|A/cattle/Texas/24-008749-003/2024(H5N1)	483	4037
PB2|PP755596.1|A/cattle/Texas/24-008749-003/2024(H5N1)	484	4012
PB2|PP755596.1|A/cattle/Texas/24-008749-003/2024(H5N1)	485	4019
PB2|PP755596.1|A/cattle/Texas/24-008749-003/2024(H5N1)	486	4079
PB2|PP755596.1|A/cattle/Texas/24-008749-003/2024(H5N1)	487	4087
PB2|PP755596.1|A/cattle/Texas/24-008749-003/2024(H5N1)	488	4095
PB2|PP755596.1|A/cattle/Texas/24-008749-003/2024(H5N1)	489	3876
PB2|PP755596.1|A/cattle/Texas/24-008749-003/2024(H5N1)	490	3867
PB2|PP755596.1|A/cattle/Texas/24-008749-003/2024(H5N1)	491	3851
PB2|PP755596.1|A/cattle/Texas/24-008749-003/2024(H5N1)	492	3848
PB2|PP755596.1|A/cattle/Texas/24-008749-003/2024(H5N1)	493	3857
PB2|PP755596.1|A/cattle/Texas/24-008749-003/2024(H5N1)	494	3867
PB2|PP755596.1|A/cattle/Texas/24-008749-003/2024(H5N1)	495	3866
PB2|PP755596.1|A/cattle/Texas/24-008749-003/2024(H5N1)	496	3862
PB2|PP755596.1|A/cattle/Texas/24-008749-003/2024(H5N1)	497	3835
PB2|PP755596.1|A/cattle/Texas/24-008749-003/2024(H5N1)	498	3827
PB2|PP755596.1|A/cattle/Texas/24-008749-003/2024(H5N1)	499	3835
PB2|PP755596.1|A/cattle/Texas/24-008749-003/2024(H5N1)	500	3917
PB2|PP755596.1|A/cattle/Texas/24-008749-003/2024(H5N1)	501	3919
PB2|PP755596.1|A/cattle/Texas/24-008749-003/2024(H5N1)	502	3900
PB2|PP755596.1|A/cattle/Texas/24-008749-003/2024(H5N1)	503	3900
PB2|PP755596.1|A/cattle/Texas/24-008749-003/2024(H5N1)	504	3909
PB2|PP755596.1|A/cattle/Texas/24-008749-003/2024(H5N1)	505	3940
PB2|PP755596.1|A/cattle/Texas/24-008749-003/2024(H5N1)	506	3972
PB2|PP755596.1|A/cattle/Texas/24-008749-003/2024(H5N1)	507	3974
PB2|PP755596.1|A/cattle/Texas/24-008749-003/2024(H5N1)	508	3976
PB2|PP755596.1|A/cattle/Texas/24-008749-003/2024(H5N1)	509	3979
PB2|PP755596.1|A/cattle/Texas/24-008749-003/2024(H5N1)	510	3982
PB2|PP755596.1|A/cattle/Texas/24-008749-003/2024(H5N1)	511	3989
PB2|PP755596.1|A/cattle/Texas/24-008749-003/2024(H5N1)	512	4123
PB2|PP755596.1|A/cattle/Texas/24-008749-003/2024(H5N1)	513	4121
PB2|PP755596.1|A/cattle/Texas/24-008749-003/2024(H5N1)	514	4130
PB2|PP755596.1|A/cattle/Texas/24-008749-003/2024(H5N1)	515	3966
PB2|PP755596.1|A/cattle/Texas/24-008749-003/2024(H5N1)	516	3956
PB2|PP755596.1|A/cattle/Texas/24-008749-003/2024(H5N1)	517	3969
PB2|PP755596.1|A/cattle/Texas/24-008749-003/2024(H5N1)	518	3986
PB2|PP755596.1|A/cattle/Texas/24-008749-003/2024(H5N1)	519	4024
PB2|PP755596.1|A/cattle/Texas/24-008749-003/2024(H5N1)	520	4026
PB2|PP755596.1|A/cattle/Texas/24-008749-003/2024(H5N1)	521	3876
PB2|PP755596.1|A/cattle/Texas/24-008749-003/2024(H5N1)	522	3876
PB2|PP755596.1|A/cattle/Texas/24-008749-003/2024(H5N1)	523	3843
PB2|PP755596.1|A/cattle/Texas/24-008749-003/2024(H5N1)	524	3857
PB2|PP755596.1|A/cattle/Texas/24-008749-003/2024(H5N1)	525	3857
PB2|PP755596.1|A/cattle/Texas/24-008749-003/2024(H5N1)	526	3849
PB2|PP755596.1|A/cattle/Texas/24-008749-003/2024(H5N1)	527	3790
PB2|PP755596.1|A/cattle/Texas/24-008749-003/2024(H5N1)	528	3764
PB2|PP755596.1|A/cattle/Texas/24-008749-003/2024(H5N1)	529	3760
PB2|PP755596.1|A/cattle/Texas/24-008749-003/2024(H5N1)	530	3891
PB2|PP755596.1|A/cattle/Texas/24-008749-003/2024(H5N1)	531	3893
PB2|PP755596.1|A/cattle/Texas/24-008749-003/2024(H5N1)	532	3932
PB2|PP755596.1|A/cattle/Texas/24-008749-003/2024(H5N1)	533	3932
PB2|PP755596.1|A/cattle/Texas/24-008749-003/2024(H5N1)	534	3936
PB2|PP755596.1|A/cattle/Texas/24-008749-003/2024(H5N1)	535	3968
PB2|PP755596.1|A/cattle/Texas/24-008749-003/2024(H5N1)	536	3894
PB2|PP755596.1|A/cattle/Texas/24-008749-003/2024(H5N1)	537	3894
PB2|PP755596.1|A/cattle/Texas/24-008749-003/2024(H5N1)	538	3926
PB2|PP755596.1|A/cattle/Texas/24-008749-003/2024(H5N1)	539	3983
PB2|PP755596.1|A/cattle/Texas/24-008749-003/2024(H5N1)	540	3973
PB2|PP755596.1|A/cattle/Texas/24-008749-003/2024(H5N1)	541	4132
PB2|PP755596.1|A/cattle/Texas/24-008749-003/2024(H5N1)	542	3923
PB2|PP755596.1|A/cattle/Texas/24-008749-003/2024(H5N1)	543	3922
PB2|PP755596.1|A/cattle/Texas/24-008749-003/2024(H5N1)	544	3916
PB2|PP755596.1|A/cattle/Texas/24-008749-003/2024(H5N1)	545	3918
PB2|PP755596.1|A/cattle/Texas/24-008749-003/2024(H5N1)	546	3929
PB2|PP755596.1|A/cattle/Texas/24-008749-003/2024(H5N1)	547	3916
PB2|PP755596.1|A/cattle/Texas/24-008749-003/2024(H5N1)	548	3792
PB2|PP755596.1|A/cattle/Texas/24-008749-003/2024(H5N1)	549	3802
PB2|PP755596.1|A/cattle/Texas/24-008749-003/2024(H5N1)	550	3835
PB2|PP755596.1|A/cattle/Texas/24-008749-003/2024(H5N1)	551	3837
PB2|PP755596.1|A/cattle/Texas/24-008749-003/2024(H5N1)	552	3837
PB2|PP755596.1|A/cattle/Texas/24-008749-003/2024(H5N1)	553	3769
PB2|PP755596.1|A/cattle/Texas/24-008749-003/2024(H5N1)	554	3838
PB2|PP755596.1|A/cattle/Texas/24-008749-003/2024(H5N1)	555	3856
PB2|PP755596.1|A/cattle/Texas/24-008749-003/2024(H5N1)	556	3874
PB2|PP755596.1|A/cattle/Texas/24-008749-003/2024(H5N1)	557	3873
PB2|PP755596.1|A/cattle/Texas/24-008749-003/2024(H5N1)	558	3857
PB2|PP755596.1|A/cattle/Texas/24-008749-003/2024(H5N1)	559	3861
PB2|PP755596.1|A/cattle/Texas/24-008749-003/2024(H5N1)	560	3856
PB2|PP755596.1|A/cattle/Texas/24-008749-003/2024(H5N1)	561	3870
PB2|PP755596.1|A/cattle/Texas/24-008749-003/2024(H5N1)	562	3896
PB2|PP755596.1|A/cattle/Texas/24-008749-003/2024(H5N1)	563	3888
PB2|PP755596.1|A/cattle/Texas/24-008749-003/2024(H5N1)	564	3888
PB2|PP755596.1|A/cattle/Texas/24-008749-003/2024(H5N1)	565	3865
PB2|PP755596.1|A/cattle/Texas/24-008749-003/2024(H5N1)	566	3842
PB2|PP755596.1|A/cattle/Texas/24-008749-003/2024(H5N1)	567	3853
PB2|PP755596.1|A/cattle/Texas/24-008749-003/2024(H5N1)	568	3932
PB2|PP755596.1|A/cattle/Texas/24-008749-003/2024(H5N1)	569	3930
PB2|PP755596.1|A/cattle/Texas/24-008749-003/2024(H5N1)	570	3877
PB2|PP755596.1|A/cattle/Texas/24-008749-003/2024(H5N1)	571	3891
PB2|PP755596.1|A/cattle/Texas/24-008749-003/2024(H5N1)	572	3895
PB2|PP755596.1|A/cattle/Texas/24-008749-003/2024(H5N1)	573	3888
PB2|PP755596.1|A/cattle/Texas/24-008749-003/2024(H5N1)	574	3897
PB2|PP755596.1|A/cattle/Texas/24-008749-003/2024(H5N1)	575	3907
PB2|PP755596.1|A/cattle/Texas/24-008749-003/2024(H5N1)	576	3887
PB2|PP755596.1|A/cattle/Texas/24-008749-003/2024(H5N1)	577	4072
PB2|PP755596.1|A/cattle/Texas/24-008749-003/2024(H5N1)	578	4063
PB2|PP755596.1|A/cattle/Texas/24-008749-003/2024(H5N1)	579	4124
PB2|PP755596.1|A/cattle/Texas/24-008749-003/2024(H5N1)	580	4106
PB2|PP755596.1|A/cattle/Texas/24-008749-003/2024(H5N1)	581	4104
PB2|PP755596.1|A/cattle/Texas/24-008749-003/2024(H5N1)	582	4099
PB2|PP755596.1|A/cattle/Texas/24-008749-003/2024(H5N1)	583	4084
PB2|PP755596.1|A/cattle/Texas/24-008749-003/2024(H5N1)	584	4193
PB2|PP755596.1|A/cattle/Texas/24-008749-003/2024(H5N1)	585	3961
PB2|PP755596.1|A/cattle/Texas/24-008749-003/2024(H5N1)	586	3730
PB2|PP755596.1|A/cattle/Texas/24-008749-003/2024(H5N1)	587	3732
PB2|PP755596.1|A/cattle/Texas/24-008749-003/2024(H5N1)	588	3800
PB2|PP755596.1|A/cattle/Texas/24-008749-003/2024(H5N1)	589	3800
PB2|PP755596.1|A/cattle/Texas/24-008749-003/2024(H5N1)	590	3809
PB2|PP755596.1|A/cattle/Texas/24-008749-003/2024(H5N1)	591	3806
PB2|PP755596.1|A/cattle/Texas/24-008749-003/2024(H5N1)	592	3859
PB2|PP755596.1|A/cattle/Texas/24-008749-003/2024(H5N1)	593	3843
PB2|PP755596.1|A/cattle/Texas/24-008749-003/2024(H5N1)	594	3788
PB2|PP755596.1|A/cattle/Texas/24-008749-003/2024(H5N1)	595	3788
PB2|PP755596.1|A/cattle/Texas/24-008749-003/2024(H5N1)	596	3805
PB2|PP755596.1|A/cattle/Texas/24-008749-003/2024(H5N1)	597	3773
PB2|PP755596.1|A/cattle/Texas/24-008749-003/2024(H5N1)	598	3878
PB2|PP755596.1|A/cattle/Texas/24-008749-003/2024(H5N1)	599	3893
PB2|PP755596.1|A/cattle/Texas/24-008749-003/2024(H5N1)	600	3979
PB2|PP755596.1|A/cattle/Texas/24-008749-003/2024(H5N1)	601	3870
PB2|PP755596.1|A/cattle/Texas/24-008749-003/2024(H5N1)	602	3867
PB2|PP755596.1|A/cattle/Texas/24-008749-003/2024(H5N1)	603	3863
PB2|PP755596.1|A/cattle/Texas/24-008749-003/2024(H5N1)	604	3876
PB2|PP755596.1|A/cattle/Texas/24-008749-003/2024(H5N1)	605	3833
PB2|PP755596.1|A/cattle/Texas/24-008749-003/2024(H5N1)	606	3852
PB2|PP755596.1|A/cattle/Texas/24-008749-003/2024(H5N1)	607	3861
PB2|PP755596.1|A/cattle/Texas/24-008749-003/2024(H5N1)	608	3845
PB2|PP755596.1|A/cattle/Texas/24-008749-003/2024(H5N1)	609	3742
PB2|PP755596.1|A/cattle/Texas/24-008749-003/2024(H5N1)	610	3692
PB2|PP755596.1|A/cattle/Texas/24-008749-003/2024(H5N1)	611	3702
PB2|PP755596.1|A/cattle/Texas/24-008749-003/2024(H5N1)	612	3711
PB2|PP755596.1|A/cattle/Texas/24-008749-003/2024(H5N1)	613	3703
PB2|PP755596.1|A/cattle/Texas/24-008749-003/2024(H5N1)	614	3726
PB2|PP755596.1|A/cattle/Texas/24-008749-003/2024(H5N1)	615	3613
PB2|PP755596.1|A/cattle/Texas/24-008749-003/2024(H5N1)	616	3471
PB2|PP755596.1|A/cattle/Texas/24-008749-003/2024(H5N1)	617	3457
PB2|PP755596.1|A/cattle/Texas/24-008749-003/2024(H5N1)	618	3501
PB2|PP755596.1|A/cattle/Texas/24-008749-003/2024(H5N1)	619	3627
PB2|PP755596.1|A/cattle/Texas/24-008749-003/2024(H5N1)	620	3615
PB2|PP755596.1|A/cattle/Texas/24-008749-003/2024(H5N1)	621	3605
PB2|PP755596.1|A/cattle/Texas/24-008749-003/2024(H5N1)	622	3610
PB2|PP755596.1|A/cattle/Texas/24-008749-003/2024(H5N1)	623	3677
PB2|PP755596.1|A/cattle/Texas/24-008749-003/2024(H5N1)	624	3722
PB2|PP755596.1|A/cattle/Texas/24-008749-003/2024(H5N1)	625	3700
PB2|PP755596.1|A/cattle/Texas/24-008749-003/2024(H5N1)	626	3683
PB2|PP755596.1|A/cattle/Texas/24-008749-003/2024(H5N1)	627	3639
PB2|PP755596.1|A/cattle/Texas/24-008749-003/2024(H5N1)	628	3669
PB2|PP755596.1|A/cattle/Texas/24-008749-003/2024(H5N1)	629	3641
PB2|PP755596.1|A/cattle/Texas/24-008749-003/2024(H5N1)	630	3644
PB2|PP755596.1|A/cattle/Texas/24-008749-003/2024(H5N1)	631	3605
PB2|PP755596.1|A/cattle/Texas/24-008749-003/2024(H5N1)	632	3501
PB2|PP755596.1|A/cattle/Texas/24-008749-003/2024(H5N1)	633	3515
PB2|PP755596.1|A/cattle/Texas/24-008749-003/2024(H5N1)	634	3516
PB2|PP755596.1|A/cattle/Texas/24-008749-003/2024(H5N1)	635	3510
PB2|PP755596.1|A/cattle/Texas/24-008749-003/2024(H5N1)	636	3514
PB2|PP755596.1|A/cattle/Texas/24-008749-003/2024(H5N1)	637	3446
PB2|PP755596.1|A/cattle/Texas/24-008749-003/2024(H5N1)	638	3446
PB2|PP755596.1|A/cattle/Texas/24-008749-003/2024(H5N1)	639	3425
PB2|PP755596.1|A/cattle/Texas/24-008749-003/2024(H5N1)	640	3426
PB2|PP755596.1|A/cattle/Texas/24-008749-003/2024(H5N1)	641	3477
PB2|PP755596.1|A/cattle/Texas/24-008749-003/2024(H5N1)	642	3474
PB2|PP755596.1|A/cattle/Texas/24-008749-003/2024(H5N1)	643	3511
PB2|PP755596.1|A/cattle/Texas/24-008749-003/2024(H5N1)	644	3494
PB2|PP755596.1|A/cattle/Texas/24-008749-003/2024(H5N1)	645	3587
PB2|PP755596.1|A/cattle/Texas/24-008749-003/2024(H5N1)	646	3592
PB2|PP755596.1|A/cattle/Texas/24-008749-003/2024(H5N1)	647	3616
PB2|PP755596.1|A/cattle/Texas/24-008749-003/2024(H5N1)	648	3646
PB2|PP755596.1|A/cattle/Texas/24-008749-003/2024(H5N1)	649	3653
PB2|PP755596.1|A/cattle/Texas/24-008749-003/2024(H5N1)	650	3615
PB2|PP755596.1|A/cattle/Texas/24-008749-003/2024(H5N1)	651	3600
PB2|PP755596.1|A/cattle/Texas/24-008749-003/2024(H5N1)	652	3608
PB2|PP755596.1|A/cattle/Texas/24-008749-003/2024(H5N1)	653	3618
PB2|PP755596.1|A/cattle/Texas/24-008749-003/2024(H5N1)	654	3668
PB2|PP755596.1|A/cattle/Texas/24-008749-003/2024(H5N1)	655	3667
PB2|PP755596.1|A/cattle/Texas/24-008749-003/2024(H5N1)	656	3637
PB2|PP755596.1|A/cattle/Texas/24-008749-003/2024(H5N1)	657	3599
PB2|PP755596.1|A/cattle/Texas/24-008749-003/2024(H5N1)	658	3608
PB2|PP755596.1|A/cattle/Texas/24-008749-003/2024(H5N1)	659	3625
PB2|PP755596.1|A/cattle/Texas/24-008749-003/2024(H5N1)	660	3630
PB2|PP755596.1|A/cattle/Texas/24-008749-003/2024(H5N1)	661	3631
PB2|PP755596.1|A/cattle/Texas/24-008749-003/2024(H5N1)	662	3517
PB2|PP755596.1|A/cattle/Texas/24-008749-003/2024(H5N1)	663	3505
PB2|PP755596.1|A/cattle/Texas/24-008749-003/2024(H5N1)	664	3516
PB2|PP755596.1|A/cattle/Texas/24-008749-003/2024(H5N1)	665	3617
PB2|PP755596.1|A/cattle/Texas/24-008749-003/2024(H5N1)	666	3634
PB2|PP755596.1|A/cattle/Texas/24-008749-003/2024(H5N1)	667	3656
PB2|PP755596.1|A/cattle/Texas/24-008749-003/2024(H5N1)	668	3678
PB2|PP755596.1|A/cattle/Texas/24-008749-003/2024(H5N1)	669	3652
PB2|PP755596.1|A/cattle/Texas/24-008749-003/2024(H5N1)	670	3632
PB2|PP755596.1|A/cattle/Texas/24-008749-003/2024(H5N1)	671	3630
PB2|PP755596.1|A/cattle/Texas/24-008749-003/2024(H5N1)	672	3632
PB2|PP755596.1|A/cattle/Texas/24-008749-003/2024(H5N1)	673	3653
PB2|PP755596.1|A/cattle/Texas/24-008749-003/2024(H5N1)	674	3779
PB2|PP755596.1|A/cattle/Texas/24-008749-003/2024(H5N1)	675	3767
PB2|PP755596.1|A/cattle/Texas/24-008749-003/2024(H5N1)	676	3724
PB2|PP755596.1|A/cattle/Texas/24-008749-003/2024(H5N1)	677	3780
PB2|PP755596.1|A/cattle/Texas/24-008749-003/2024(H5N1)	678	3825
PB2|PP755596.1|A/cattle/Texas/24-008749-003/2024(H5N1)	679	3909
PB2|PP755596.1|A/cattle/Texas/24-008749-003/2024(H5N1)	680	3910
PB2|PP755596.1|A/cattle/Texas/24-008749-003/2024(H5N1)	681	3911
PB2|PP755596.1|A/cattle/Texas/24-008749-003/2024(H5N1)	682	3881
PB2|PP755596.1|A/cattle/Texas/24-008749-003/2024(H5N1)	683	4120
PB2|PP755596.1|A/cattle/Texas/24-008749-003/2024(H5N1)	684	4124
PB2|PP755596.1|A/cattle/Texas/24-008749-003/2024(H5N1)	685	4131
PB2|PP755596.1|A/cattle/Texas/24-008749-003/2024(H5N1)	686	4106
PB2|PP755596.1|A/cattle/Texas/24-008749-003/2024(H5N1)	687	4009
PB2|PP755596.1|A/cattle/Texas/24-008749-003/2024(H5N1)	688	3972
PB2|PP755596.1|A/cattle/Texas/24-008749-003/2024(H5N1)	689	3901
PB2|PP755596.1|A/cattle/Texas/24-008749-003/2024(H5N1)	690	3903
PB2|PP755596.1|A/cattle/Texas/24-008749-003/2024(H5N1)	691	3938
PB2|PP755596.1|A/cattle/Texas/24-008749-003/2024(H5N1)	692	3787
PB2|PP755596.1|A/cattle/Texas/24-008749-003/2024(H5N1)	693	3779
PB2|PP755596.1|A/cattle/Texas/24-008749-003/2024(H5N1)	694	3762
PB2|PP755596.1|A/cattle/Texas/24-008749-003/2024(H5N1)	695	3750
PB2|PP755596.1|A/cattle/Texas/24-008749-003/2024(H5N1)	696	3814
PB2|PP755596.1|A/cattle/Texas/24-008749-003/2024(H5N1)	697	4068
PB2|PP755596.1|A/cattle/Texas/24-008749-003/2024(H5N1)	698	4095
PB2|PP755596.1|A/cattle/Texas/24-008749-003/2024(H5N1)	699	4097
PB2|PP755596.1|A/cattle/Texas/24-008749-003/2024(H5N1)	700	4039
PB2|PP755596.1|A/cattle/Texas/24-008749-003/2024(H5N1)	701	4039
PB2|PP755596.1|A/cattle/Texas/24-008749-003/2024(H5N1)	702	4033
PB2|PP755596.1|A/cattle/Texas/24-008749-003/2024(H5N1)	703	4056
PB2|PP755596.1|A/cattle/Texas/24-008749-003/2024(H5N1)	704	4059
PB2|PP755596.1|A/cattle/Texas/24-008749-003/2024(H5N1)	705	4021
PB2|PP755596.1|A/cattle/Texas/24-008749-003/2024(H5N1)	706	3993
PB2|PP755596.1|A/cattle/Texas/24-008749-003/2024(H5N1)	707	3985
PB2|PP755596.1|A/cattle/Texas/24-008749-003/2024(H5N1)	708	4077
PB2|PP755596.1|A/cattle/Texas/24-008749-003/2024(H5N1)	709	4156
PB2|PP755596.1|A/cattle/Texas/24-008749-003/2024(H5N1)	710	4161
PB2|PP755596.1|A/cattle/Texas/24-008749-003/2024(H5N1)	711	4160
PB2|PP755596.1|A/cattle/Texas/24-008749-003/2024(H5N1)	712	4136
PB2|PP755596.1|A/cattle/Texas/24-008749-003/2024(H5N1)	713	4135
PB2|PP755596.1|A/cattle/Texas/24-008749-003/2024(H5N1)	714	4130
PB2|PP755596.1|A/cattle/Texas/24-008749-003/2024(H5N1)	715	4149
PB2|PP755596.1|A/cattle/Texas/24-008749-003/2024(H5N1)	716	4151
PB2|PP755596.1|A/cattle/Texas/24-008749-003/2024(H5N1)	717	4125
PB2|PP755596.1|A/cattle/Texas/24-008749-003/2024(H5N1)	718	4068
PB2|PP755596.1|A/cattle/Texas/24-008749-003/2024(H5N1)	719	4054
PB2|PP755596.1|A/cattle/Texas/24-008749-003/2024(H5N1)	720	4049
PB2|PP755596.1|A/cattle/Texas/24-008749-003/2024(H5N1)	721	4102
PB2|PP755596.1|A/cattle/Texas/24-008749-003/2024(H5N1)	722	4084
PB2|PP755596.1|A/cattle/Texas/24-008749-003/2024(H5N1)	723	4086
PB2|PP755596.1|A/cattle/Texas/24-008749-003/2024(H5N1)	724	4106
PB2|PP755596.1|A/cattle/Texas/24-008749-003/2024(H5N1)	725	4102
PB2|PP755596.1|A/cattle/Texas/24-008749-003/2024(H5N1)	726	4225
PB2|PP755596.1|A/cattle/Texas/24-008749-003/2024(H5N1)	727	4237
PB2|PP755596.1|A/cattle/Texas/24-008749-003/2024(H5N1)	728	4124
PB2|PP755596.1|A/cattle/Texas/24-008749-003/2024(H5N1)	729	4200
PB2|PP755596.1|A/cattle/Texas/24-008749-003/2024(H5N1)	730	4190
PB2|PP755596.1|A/cattle/Texas/24-008749-003/2024(H5N1)	731	4195
PB2|PP755596.1|A/cattle/Texas/24-008749-003/2024(H5N1)	732	4201
PB2|PP755596.1|A/cattle/Texas/24-008749-003/2024(H5N1)	733	4177
PB2|PP755596.1|A/cattle/Texas/24-008749-003/2024(H5N1)	734	4220
PB2|PP755596.1|A/cattle/Texas/24-008749-003/2024(H5N1)	735	4071
PB2|PP755596.1|A/cattle/Texas/24-008749-003/2024(H5N1)	736	4107
PB2|PP755596.1|A/cattle/Texas/24-008749-003/2024(H5N1)	737	4068
PB2|PP755596.1|A/cattle/Texas/24-008749-003/2024(H5N1)	738	3985
PB2|PP755596.1|A/cattle/Texas/24-008749-003/2024(H5N1)	739	3990
PB2|PP755596.1|A/cattle/Texas/24-008749-003/2024(H5N1)	740	4028
PB2|PP755596.1|A/cattle/Texas/24-008749-003/2024(H5N1)	741	4035
PB2|PP755596.1|A/cattle/Texas/24-008749-003/2024(H5N1)	742	4042
PB2|PP755596.1|A/cattle/Texas/24-008749-003/2024(H5N1)	743	4003
PB2|PP755596.1|A/cattle/Texas/24-008749-003/2024(H5N1)	744	3985
PB2|PP755596.1|A/cattle/Texas/24-008749-003/2024(H5N1)	745	3995
PB2|PP755596.1|A/cattle/Texas/24-008749-003/2024(H5N1)	746	3991
PB2|PP755596.1|A/cattle/Texas/24-008749-003/2024(H5N1)	747	3989
PB2|PP755596.1|A/cattle/Texas/24-008749-003/2024(H5N1)	748	4007
PB2|PP755596.1|A/cattle/Texas/24-008749-003/2024(H5N1)	749	3900
PB2|PP755596.1|A/cattle/Texas/24-008749-003/2024(H5N1)	750	3881
PB2|PP755596.1|A/cattle/Texas/24-008749-003/2024(H5N1)	751	3801
PB2|PP755596.1|A/cattle/Texas/24-008749-003/2024(H5N1)	752	3794
PB2|PP755596.1|A/cattle/Texas/24-008749-003/2024(H5N1)	753	3793
PB2|PP755596.1|A/cattle/Texas/24-008749-003/2024(H5N1)	754	3770
PB2|PP755596.1|A/cattle/Texas/24-008749-003/2024(H5N1)	755	3776
PB2|PP755596.1|A/cattle/Texas/24-008749-003/2024(H5N1)	756	3772
PB2|PP755596.1|A/cattle/Texas/24-008749-003/2024(H5N1)	757	3759
PB2|PP755596.1|A/cattle/Texas/24-008749-003/2024(H5N1)	758	3698
PB2|PP755596.1|A/cattle/Texas/24-008749-003/2024(H5N1)	759	3679
PB2|PP755596.1|A/cattle/Texas/24-008749-003/2024(H5N1)	760	3716
PB2|PP755596.1|A/cattle/Texas/24-008749-003/2024(H5N1)	761	3848
PB2|PP755596.1|A/cattle/Texas/24-008749-003/2024(H5N1)	762	3839
PB2|PP755596.1|A/cattle/Texas/24-008749-003/2024(H5N1)	763	3830
PB2|PP755596.1|A/cattle/Texas/24-008749-003/2024(H5N1)	764	3815
PB2|PP755596.1|A/cattle/Texas/24-008749-003/2024(H5N1)	765	3779
PB2|PP755596.1|A/cattle/Texas/24-008749-003/2024(H5N1)	766	3939
PB2|PP755596.1|A/cattle/Texas/24-008749-003/2024(H5N1)	767	3953
PB2|PP755596.1|A/cattle/Texas/24-008749-003/2024(H5N1)	768	4118
PB2|PP755596.1|A/cattle/Texas/24-008749-003/2024(H5N1)	769	4072
PB2|PP755596.1|A/cattle/Texas/24-008749-003/2024(H5N1)	770	4014
PB2|PP755596.1|A/cattle/Texas/24-008749-003/2024(H5N1)	771	4016
PB2|PP755596.1|A/cattle/Texas/24-008749-003/2024(H5N1)	772	4035
PB2|PP755596.1|A/cattle/Texas/24-008749-003/2024(H5N1)	773	4067
PB2|PP755596.1|A/cattle/Texas/24-008749-003/2024(H5N1)	774	3988
PB2|PP755596.1|A/cattle/Texas/24-008749-003/2024(H5N1)	775	3944
PB2|PP755596.1|A/cattle/Texas/24-008749-003/2024(H5N1)	776	3946
PB2|PP755596.1|A/cattle/Texas/24-008749-003/2024(H5N1)	777	4060
PB2|PP755596.1|A/cattle/Texas/24-008749-003/2024(H5N1)	778	4074
PB2|PP755596.1|A/cattle/Texas/24-008749-003/2024(H5N1)	779	4045
PB2|PP755596.1|A/cattle/Texas/24-008749-003/2024(H5N1)	780	4049
PB2|PP755596.1|A/cattle/Texas/24-008749-003/2024(H5N1)	781	3993
PB2|PP755596.1|A/cattle/Texas/24-008749-003/2024(H5N1)	782	3984
PB2|PP755596.1|A/cattle/Texas/24-008749-003/2024(H5N1)	783	4101
PB2|PP755596.1|A/cattle/Texas/24-008749-003/2024(H5N1)	784	4114
PB2|PP755596.1|A/cattle/Texas/24-008749-003/2024(H5N1)	785	4184
PB2|PP755596.1|A/cattle/Texas/24-008749-003/2024(H5N1)	786	4180
PB2|PP755596.1|A/cattle/Texas/24-008749-003/2024(H5N1)	787	4338
PB2|PP755596.1|A/cattle/Texas/24-008749-003/2024(H5N1)	788	4410
PB2|PP755596.1|A/cattle/Texas/24-008749-003/2024(H5N1)	789	4418
PB2|PP755596.1|A/cattle/Texas/24-008749-003/2024(H5N1)	790	4427
PB2|PP755596.1|A/cattle/Texas/24-008749-003/2024(H5N1)	791	4426
PB2|PP755596.1|A/cattle/Texas/24-008749-003/2024(H5N1)	792	4418
PB2|PP755596.1|A/cattle/Texas/24-008749-003/2024(H5N1)	793	4413
PB2|PP755596.1|A/cattle/Texas/24-008749-003/2024(H5N1)	794	4380
PB2|PP755596.1|A/cattle/Texas/24-008749-003/2024(H5N1)	795	4398
PB2|PP755596.1|A/cattle/Texas/24-008749-003/2024(H5N1)	796	4304
PB2|PP755596.1|A/cattle/Texas/24-008749-003/2024(H5N1)	797	4309
PB2|PP755596.1|A/cattle/Texas/24-008749-003/2024(H5N1)	798	4308
PB2|PP755596.1|A/cattle/Texas/24-008749-003/2024(H5N1)	799	4305
PB2|PP755596.1|A/cattle/Texas/24-008749-003/2024(H5N1)	800	4327
PB2|PP755596.1|A/cattle/Texas/24-008749-003/2024(H5N1)	801	4276
PB2|PP755596.1|A/cattle/Texas/24-008749-003/2024(H5N1)	802	4272
PB2|PP755596.1|A/cattle/Texas/24-008749-003/2024(H5N1)	803	4291
PB2|PP755596.1|A/cattle/Texas/24-008749-003/2024(H5N1)	804	4368
PB2|PP755596.1|A/cattle/Texas/24-008749-003/2024(H5N1)	805	4323
PB2|PP755596.1|A/cattle/Texas/24-008749-003/2024(H5N1)	806	4412
PB2|PP755596.1|A/cattle/Texas/24-008749-003/2024(H5N1)	807	4414
PB2|PP755596.1|A/cattle/Texas/24-008749-003/2024(H5N1)	808	4429
PB2|PP755596.1|A/cattle/Texas/24-008749-003/2024(H5N1)	809	4422
PB2|PP755596.1|A/cattle/Texas/24-008749-003/2024(H5N1)	810	4429
PB2|PP755596.1|A/cattle/Texas/24-008749-003/2024(H5N1)	811	4417
PB2|PP755596.1|A/cattle/Texas/24-008749-003/2024(H5N1)	812	4436
PB2|PP755596.1|A/cattle/Texas/24-008749-003/2024(H5N1)	813	4459
PB2|PP755596.1|A/cattle/Texas/24-008749-003/2024(H5N1)	814	4542
PB2|PP755596.1|A/cattle/Texas/24-008749-003/2024(H5N1)	815	4558
PB2|PP755596.1|A/cattle/Texas/24-008749-003/2024(H5N1)	816	4548
PB2|PP755596.1|A/cattle/Texas/24-008749-003/2024(H5N1)	817	4544
PB2|PP755596.1|A/cattle/Texas/24-008749-003/2024(H5N1)	818	4536
PB2|PP755596.1|A/cattle/Texas/24-008749-003/2024(H5N1)	819	4533
PB2|PP755596.1|A/cattle/Texas/24-008749-003/2024(H5N1)	820	4533
PB2|PP755596.1|A/cattle/Texas/24-008749-003/2024(H5N1)	821	4526
PB2|PP755596.1|A/cattle/Texas/24-008749-003/2024(H5N1)	822	4398
PB2|PP755596.1|A/cattle/Texas/24-008749-003/2024(H5N1)	823	4412
PB2|PP755596.1|A/cattle/Texas/24-008749-003/2024(H5N1)	824	4422
PB2|PP755596.1|A/cattle/Texas/24-008749-003/2024(H5N1)	825	4514
PB2|PP755596.1|A/cattle/Texas/24-008749-003/2024(H5N1)	826	4510
PB2|PP755596.1|A/cattle/Texas/24-008749-003/2024(H5N1)	827	4414
PB2|PP755596.1|A/cattle/Texas/24-008749-003/2024(H5N1)	828	4408
PB2|PP755596.1|A/cattle/Texas/24-008749-003/2024(H5N1)	829	4435
PB2|PP755596.1|A/cattle/Texas/24-008749-003/2024(H5N1)	830	4359
PB2|PP755596.1|A/cattle/Texas/24-008749-003/2024(H5N1)	831	4356
PB2|PP755596.1|A/cattle/Texas/24-008749-003/2024(H5N1)	832	4353
PB2|PP755596.1|A/cattle/Texas/24-008749-003/2024(H5N1)	833	4218
PB2|PP755596.1|A/cattle/Texas/24-008749-003/2024(H5N1)	834	4111
PB2|PP755596.1|A/cattle/Texas/24-008749-003/2024(H5N1)	835	4112
PB2|PP755596.1|A/cattle/Texas/24-008749-003/2024(H5N1)	836	4145
PB2|PP755596.1|A/cattle/Texas/24-008749-003/2024(H5N1)	837	4134
PB2|PP755596.1|A/cattle/Texas/24-008749-003/2024(H5N1)	838	4462
PB2|PP755596.1|A/cattle/Texas/24-008749-003/2024(H5N1)	839	4458
PB2|PP755596.1|A/cattle/Texas/24-008749-003/2024(H5N1)	840	4479
PB2|PP755596.1|A/cattle/Texas/24-008749-003/2024(H5N1)	841	4478
PB2|PP755596.1|A/cattle/Texas/24-008749-003/2024(H5N1)	842	4439
PB2|PP755596.1|A/cattle/Texas/24-008749-003/2024(H5N1)	843	4449
PB2|PP755596.1|A/cattle/Texas/24-008749-003/2024(H5N1)	844	4451
PB2|PP755596.1|A/cattle/Texas/24-008749-003/2024(H5N1)	845	4437
PB2|PP755596.1|A/cattle/Texas/24-008749-003/2024(H5N1)	846	4444
PB2|PP755596.1|A/cattle/Texas/24-008749-003/2024(H5N1)	847	4170
PB2|PP755596.1|A/cattle/Texas/24-008749-003/2024(H5N1)	848	4146
PB2|PP755596.1|A/cattle/Texas/24-008749-003/2024(H5N1)	849	4300
PB2|PP755596.1|A/cattle/Texas/24-008749-003/2024(H5N1)	850	4320
PB2|PP755596.1|A/cattle/Texas/24-008749-003/2024(H5N1)	851	4323
PB2|PP755596.1|A/cattle/Texas/24-008749-003/2024(H5N1)	852	4336
PB2|PP755596.1|A/cattle/Texas/24-008749-003/2024(H5N1)	853	4355
PB2|PP755596.1|A/cattle/Texas/24-008749-003/2024(H5N1)	854	4349
PB2|PP755596.1|A/cattle/Texas/24-008749-003/2024(H5N1)	855	4338
PB2|PP755596.1|A/cattle/Texas/24-008749-003/2024(H5N1)	856	4305
PB2|PP755596.1|A/cattle/Texas/24-008749-003/2024(H5N1)	857	4336
PB2|PP755596.1|A/cattle/Texas/24-008749-003/2024(H5N1)	858	4231
PB2|PP755596.1|A/cattle/Texas/24-008749-003/2024(H5N1)	859	4230
PB2|PP755596.1|A/cattle/Texas/24-008749-003/2024(H5N1)	860	4225
PB2|PP755596.1|A/cattle/Texas/24-008749-003/2024(H5N1)	861	4221
PB2|PP755596.1|A/cattle/Texas/24-008749-003/2024(H5N1)	862	4266
PB2|PP755596.1|A/cattle/Texas/24-008749-003/2024(H5N1)	863	4259
PB2|PP755596.1|A/cattle/Texas/24-008749-003/2024(H5N1)	864	4292
PB2|PP755596.1|A/cattle/Texas/24-008749-003/2024(H5N1)	865	4293
PB2|PP755596.1|A/cattle/Texas/24-008749-003/2024(H5N1)	866	4269
PB2|PP755596.1|A/cattle/Texas/24-008749-003/2024(H5N1)	867	4264
PB2|PP755596.1|A/cattle/Texas/24-008749-003/2024(H5N1)	868	4267
PB2|PP755596.1|A/cattle/Texas/24-008749-003/2024(H5N1)	869	4262
PB2|PP755596.1|A/cattle/Texas/24-008749-003/2024(H5N1)	870	4261
PB2|PP755596.1|A/cattle/Texas/24-008749-003/2024(H5N1)	871	4260
PB2|PP755596.1|A/cattle/Texas/24-008749-003/2024(H5N1)	872	4392
PB2|PP755596.1|A/cattle/Texas/24-008749-003/2024(H5N1)	873	4359
PB2|PP755596.1|A/cattle/Texas/24-008749-003/2024(H5N1)	874	4367
PB2|PP755596.1|A/cattle/Texas/24-008749-003/2024(H5N1)	875	4365
PB2|PP755596.1|A/cattle/Texas/24-008749-003/2024(H5N1)	876	4365
PB2|PP755596.1|A/cattle/Texas/24-008749-003/2024(H5N1)	877	4237
PB2|PP755596.1|A/cattle/Texas/24-008749-003/2024(H5N1)	878	4257
PB2|PP755596.1|A/cattle/Texas/24-008749-003/2024(H5N1)	879	4246
PB2|PP755596.1|A/cattle/Texas/24-008749-003/2024(H5N1)	880	4220
PB2|PP755596.1|A/cattle/Texas/24-008749-003/2024(H5N1)	881	4170
PB2|PP755596.1|A/cattle/Texas/24-008749-003/2024(H5N1)	882	4213
PB2|PP755596.1|A/cattle/Texas/24-008749-003/2024(H5N1)	883	4249
PB2|PP755596.1|A/cattle/Texas/24-008749-003/2024(H5N1)	884	4248
PB2|PP755596.1|A/cattle/Texas/24-008749-003/2024(H5N1)	885	4206
PB2|PP755596.1|A/cattle/Texas/24-008749-003/2024(H5N1)	886	4207
PB2|PP755596.1|A/cattle/Texas/24-008749-003/2024(H5N1)	887	4196
PB2|PP755596.1|A/cattle/Texas/24-008749-003/2024(H5N1)	888	4212
PB2|PP755596.1|A/cattle/Texas/24-008749-003/2024(H5N1)	889	4190
PB2|PP755596.1|A/cattle/Texas/24-008749-003/2024(H5N1)	890	4240
PB2|PP755596.1|A/cattle/Texas/24-008749-003/2024(H5N1)	891	4228
PB2|PP755596.1|A/cattle/Texas/24-008749-003/2024(H5N1)	892	4233
PB2|PP755596.1|A/cattle/Texas/24-008749-003/2024(H5N1)	893	4221
PB2|PP755596.1|A/cattle/Texas/24-008749-003/2024(H5N1)	894	4221
PB2|PP755596.1|A/cattle/Texas/24-008749-003/2024(H5N1)	895	4216
PB2|PP755596.1|A/cattle/Texas/24-008749-003/2024(H5N1)	896	4213
PB2|PP755596.1|A/cattle/Texas/24-008749-003/2024(H5N1)	897	4216
PB2|PP755596.1|A/cattle/Texas/24-008749-003/2024(H5N1)	898	4189
PB2|PP755596.1|A/cattle/Texas/24-008749-003/2024(H5N1)	899	4188
PB2|PP755596.1|A/cattle/Texas/24-008749-003/2024(H5N1)	900	4204
PB2|PP755596.1|A/cattle/Texas/24-008749-003/2024(H5N1)	901	4215
PB2|PP755596.1|A/cattle/Texas/24-008749-003/2024(H5N1)	902	4331
PB2|PP755596.1|A/cattle/Texas/24-008749-003/2024(H5N1)	903	4344
PB2|PP755596.1|A/cattle/Texas/24-008749-003/2024(H5N1)	904	4346
PB2|PP755596.1|A/cattle/Texas/24-008749-003/2024(H5N1)	905	4357
PB2|PP755596.1|A/cattle/Texas/24-008749-003/2024(H5N1)	906	4352
PB2|PP755596.1|A/cattle/Texas/24-008749-003/2024(H5N1)	907	4310
PB2|PP755596.1|A/cattle/Texas/24-008749-003/2024(H5N1)	908	4294
PB2|PP755596.1|A/cattle/Texas/24-008749-003/2024(H5N1)	909	4277
PB2|PP755596.1|A/cattle/Texas/24-008749-003/2024(H5N1)	910	4311
PB2|PP755596.1|A/cattle/Texas/24-008749-003/2024(H5N1)	911	4229
PB2|PP755596.1|A/cattle/Texas/24-008749-003/2024(H5N1)	912	4214
PB2|PP755596.1|A/cattle/Texas/24-008749-003/2024(H5N1)	913	4229
PB2|PP755596.1|A/cattle/Texas/24-008749-003/2024(H5N1)	914	4276
PB2|PP755596.1|A/cattle/Texas/24-008749-003/2024(H5N1)	915	4275
PB2|PP755596.1|A/cattle/Texas/24-008749-003/2024(H5N1)	916	4187
PB2|PP755596.1|A/cattle/Texas/24-008749-003/2024(H5N1)	917	4159
PB2|PP755596.1|A/cattle/Texas/24-008749-003/2024(H5N1)	918	4153
PB2|PP755596.1|A/cattle/Texas/24-008749-003/2024(H5N1)	919	4109
PB2|PP755596.1|A/cattle/Texas/24-008749-003/2024(H5N1)	920	4125
PB2|PP755596.1|A/cattle/Texas/24-008749-003/2024(H5N1)	921	4076
PB2|PP755596.1|A/cattle/Texas/24-008749-003/2024(H5N1)	922	4089
PB2|PP755596.1|A/cattle/Texas/24-008749-003/2024(H5N1)	923	4088
PB2|PP755596.1|A/cattle/Texas/24-008749-003/2024(H5N1)	924	4061
PB2|PP755596.1|A/cattle/Texas/24-008749-003/2024(H5N1)	925	4329
PB2|PP755596.1|A/cattle/Texas/24-008749-003/2024(H5N1)	926	4358
PB2|PP755596.1|A/cattle/Texas/24-008749-003/2024(H5N1)	927	4497
PB2|PP755596.1|A/cattle/Texas/24-008749-003/2024(H5N1)	928	4356
PB2|PP755596.1|A/cattle/Texas/24-008749-003/2024(H5N1)	929	4362
PB2|PP755596.1|A/cattle/Texas/24-008749-003/2024(H5N1)	930	4443
PB2|PP755596.1|A/cattle/Texas/24-008749-003/2024(H5N1)	931	4426
PB2|PP755596.1|A/cattle/Texas/24-008749-003/2024(H5N1)	932	4428
PB2|PP755596.1|A/cattle/Texas/24-008749-003/2024(H5N1)	933	4443
PB2|PP755596.1|A/cattle/Texas/24-008749-003/2024(H5N1)	934	4480
PB2|PP755596.1|A/cattle/Texas/24-008749-003/2024(H5N1)	935	4476
PB2|PP755596.1|A/cattle/Texas/24-008749-003/2024(H5N1)	936	4396
PB2|PP755596.1|A/cattle/Texas/24-008749-003/2024(H5N1)	937	4428
PB2|PP755596.1|A/cattle/Texas/24-008749-003/2024(H5N1)	938	4281
PB2|PP755596.1|A/cattle/Texas/24-008749-003/2024(H5N1)	939	4219
PB2|PP755596.1|A/cattle/Texas/24-008749-003/2024(H5N1)	940	4276
PB2|PP755596.1|A/cattle/Texas/24-008749-003/2024(H5N1)	941	4278
PB2|PP755596.1|A/cattle/Texas/24-008749-003/2024(H5N1)	942	4297
PB2|PP755596.1|A/cattle/Texas/24-008749-003/2024(H5N1)	943	4269
PB2|PP755596.1|A/cattle/Texas/24-008749-003/2024(H5N1)	944	4272
PB2|PP755596.1|A/cattle/Texas/24-008749-003/2024(H5N1)	945	4284
PB2|PP755596.1|A/cattle/Texas/24-008749-003/2024(H5N1)	946	4347
PB2|PP755596.1|A/cattle/Texas/24-008749-003/2024(H5N1)	947	4368
PB2|PP755596.1|A/cattle/Texas/24-008749-003/2024(H5N1)	948	4338
PB2|PP755596.1|A/cattle/Texas/24-008749-003/2024(H5N1)	949	4314
PB2|PP755596.1|A/cattle/Texas/24-008749-003/2024(H5N1)	950	4308
PB2|PP755596.1|A/cattle/Texas/24-008749-003/2024(H5N1)	951	4317
PB2|PP755596.1|A/cattle/Texas/24-008749-003/2024(H5N1)	952	4324
PB2|PP755596.1|A/cattle/Texas/24-008749-003/2024(H5N1)	953	4425
PB2|PP755596.1|A/cattle/Texas/24-008749-003/2024(H5N1)	954	4483
PB2|PP755596.1|A/cattle/Texas/24-008749-003/2024(H5N1)	955	4466
PB2|PP755596.1|A/cattle/Texas/24-008749-003/2024(H5N1)	956	4454
PB2|PP755596.1|A/cattle/Texas/24-008749-003/2024(H5N1)	957	4366
PB2|PP755596.1|A/cattle/Texas/24-008749-003/2024(H5N1)	958	4369
PB2|PP755596.1|A/cattle/Texas/24-008749-003/2024(H5N1)	959	4361
PB2|PP755596.1|A/cattle/Texas/24-008749-003/2024(H5N1)	960	4395
PB2|PP755596.1|A/cattle/Texas/24-008749-003/2024(H5N1)	961	4396
PB2|PP755596.1|A/cattle/Texas/24-008749-003/2024(H5N1)	962	4307
PB2|PP755596.1|A/cattle/Texas/24-008749-003/2024(H5N1)	963	4267
PB2|PP755596.1|A/cattle/Texas/24-008749-003/2024(H5N1)	964	4336
PB2|PP755596.1|A/cattle/Texas/24-008749-003/2024(H5N1)	965	4260
PB2|PP755596.1|A/cattle/Texas/24-008749-003/2024(H5N1)	966	4252
PB2|PP755596.1|A/cattle/Texas/24-008749-003/2024(H5N1)	967	4253
PB2|PP755596.1|A/cattle/Texas/24-008749-003/2024(H5N1)	968	4243
PB2|PP755596.1|A/cattle/Texas/24-008749-003/2024(H5N1)	969	4198
PB2|PP755596.1|A/cattle/Texas/24-008749-003/2024(H5N1)	970	4199
PB2|PP755596.1|A/cattle/Texas/24-008749-003/2024(H5N1)	971	4265
PB2|PP755596.1|A/cattle/Texas/24-008749-003/2024(H5N1)	972	4316
PB2|PP755596.1|A/cattle/Texas/24-008749-003/2024(H5N1)	973	4272
PB2|PP755596.1|A/cattle/Texas/24-008749-003/2024(H5N1)	974	4277
PB2|PP755596.1|A/cattle/Texas/24-008749-003/2024(H5N1)	975	4452
PB2|PP755596.1|A/cattle/Texas/24-008749-003/2024(H5N1)	976	4375
PB2|PP755596.1|A/cattle/Texas/24-008749-003/2024(H5N1)	977	4376
PB2|PP755596.1|A/cattle/Texas/24-008749-003/2024(H5N1)	978	4363
PB2|PP755596.1|A/cattle/Texas/24-008749-003/2024(H5N1)	979	4366
PB2|PP755596.1|A/cattle/Texas/24-008749-003/2024(H5N1)	980	4317
PB2|PP755596.1|A/cattle/Texas/24-008749-003/2024(H5N1)	981	4336
PB2|PP755596.1|A/cattle/Texas/24-008749-003/2024(H5N1)	982	4338
PB2|PP755596.1|A/cattle/Texas/24-008749-003/2024(H5N1)	983	4334
PB2|PP755596.1|A/cattle/Texas/24-008749-003/2024(H5N1)	984	4344
PB2|PP755596.1|A/cattle/Texas/24-008749-003/2024(H5N1)	985	4343
PB2|PP755596.1|A/cattle/Texas/24-008749-003/2024(H5N1)	986	4299
PB2|PP755596.1|A/cattle/Texas/24-008749-003/2024(H5N1)	987	4302
PB2|PP755596.1|A/cattle/Texas/24-008749-003/2024(H5N1)	988	4303
PB2|PP755596.1|A/cattle/Texas/24-008749-003/2024(H5N1)	989	3989
PB2|PP755596.1|A/cattle/Texas/24-008749-003/2024(H5N1)	990	3990
PB2|PP755596.1|A/cattle/Texas/24-008749-003/2024(H5N1)	991	4257
PB2|PP755596.1|A/cattle/Texas/24-008749-003/2024(H5N1)	992	4247
PB2|PP755596.1|A/cattle/Texas/24-008749-003/2024(H5N1)	993	4250
PB2|PP755596.1|A/cattle/Texas/24-008749-003/2024(H5N1)	994	4243
PB2|PP755596.1|A/cattle/Texas/24-008749-003/2024(H5N1)	995	4254
PB2|PP755596.1|A/cattle/Texas/24-008749-003/2024(H5N1)	996	4248
PB2|PP755596.1|A/cattle/Texas/24-008749-003/2024(H5N1)	997	4277
PB2|PP755596.1|A/cattle/Texas/24-008749-003/2024(H5N1)	998	4272
PB2|PP755596.1|A/cattle/Texas/24-008749-003/2024(H5N1)	999	4273
PB2|PP755596.1|A/cattle/Texas/24-008749-003/2024(H5N1)	1000	4107
PB2|PP755596.1|A/cattle/Texas/24-008749-003/2024(H5N1)	1001	4098
PB2|PP755596.1|A/cattle/Texas/24-008749-003/2024(H5N1)	1002	4109
PB2|PP755596.1|A/cattle/Texas/24-008749-003/2024(H5N1)	1003	4103
PB2|PP755596.1|A/cattle/Texas/24-008749-003/2024(H5N1)	1004	4096
PB2|PP755596.1|A/cattle/Texas/24-008749-003/2024(H5N1)	1005	4085
PB2|PP755596.1|A/cattle/Texas/24-008749-003/2024(H5N1)	1006	4260
PB2|PP755596.1|A/cattle/Texas/24-008749-003/2024(H5N1)	1007	4224
PB2|PP755596.1|A/cattle/Texas/24-008749-003/2024(H5N1)	1008	4226
PB2|PP755596.1|A/cattle/Texas/24-008749-003/2024(H5N1)	1009	4222
PB2|PP755596.1|A/cattle/Texas/24-008749-003/2024(H5N1)	1010	4210
PB2|PP755596.1|A/cattle/Texas/24-008749-003/2024(H5N1)	1011	4216
PB2|PP755596.1|A/cattle/Texas/24-008749-003/2024(H5N1)	1012	4300
PB2|PP755596.1|A/cattle/Texas/24-008749-003/2024(H5N1)	1013	4287
PB2|PP755596.1|A/cattle/Texas/24-008749-003/2024(H5N1)	1014	4262
PB2|PP755596.1|A/cattle/Texas/24-008749-003/2024(H5N1)	1015	4261
PB2|PP755596.1|A/cattle/Texas/24-008749-003/2024(H5N1)	1016	4291
PB2|PP755596.1|A/cattle/Texas/24-008749-003/2024(H5N1)	1017	4294
PB2|PP755596.1|A/cattle/Texas/24-008749-003/2024(H5N1)	1018	4294
PB2|PP755596.1|A/cattle/Texas/24-008749-003/2024(H5N1)	1019	4328
PB2|PP755596.1|A/cattle/Texas/24-008749-003/2024(H5N1)	1020	4388
PB2|PP755596.1|A/cattle/Texas/24-008749-003/2024(H5N1)	1021	4321
PB2|PP755596.1|A/cattle/Texas/24-008749-003/2024(H5N1)	1022	4299
PB2|PP755596.1|A/cattle/Texas/24-008749-003/2024(H5N1)	1023	4222
PB2|PP755596.1|A/cattle/Texas/24-008749-003/2024(H5N1)	1024	4259
PB2|PP755596.1|A/cattle/Texas/24-008749-003/2024(H5N1)	1025	4318
PB2|PP755596.1|A/cattle/Texas/24-008749-003/2024(H5N1)	1026	4306
PB2|PP755596.1|A/cattle/Texas/24-008749-003/2024(H5N1)	1027	4318
PB2|PP755596.1|A/cattle/Texas/24-008749-003/2024(H5N1)	1028	4320
PB2|PP755596.1|A/cattle/Texas/24-008749-003/2024(H5N1)	1029	4272
PB2|PP755596.1|A/cattle/Texas/24-008749-003/2024(H5N1)	1030	4291
PB2|PP755596.1|A/cattle/Texas/24-008749-003/2024(H5N1)	1031	4257
PB2|PP755596.1|A/cattle/Texas/24-008749-003/2024(H5N1)	1032	4286
PB2|PP755596.1|A/cattle/Texas/24-008749-003/2024(H5N1)	1033	4205
PB2|PP755596.1|A/cattle/Texas/24-008749-003/2024(H5N1)	1034	4291
PB2|PP755596.1|A/cattle/Texas/24-008749-003/2024(H5N1)	1035	4293
PB2|PP755596.1|A/cattle/Texas/24-008749-003/2024(H5N1)	1036	4294
PB2|PP755596.1|A/cattle/Texas/24-008749-003/2024(H5N1)	1037	4288
PB2|PP755596.1|A/cattle/Texas/24-008749-003/2024(H5N1)	1038	4290
PB2|PP755596.1|A/cattle/Texas/24-008749-003/2024(H5N1)	1039	4275
PB2|PP755596.1|A/cattle/Texas/24-008749-003/2024(H5N1)	1040	4277
PB2|PP755596.1|A/cattle/Texas/24-008749-003/2024(H5N1)	1041	4226
PB2|PP755596.1|A/cattle/Texas/24-008749-003/2024(H5N1)	1042	4200
PB2|PP755596.1|A/cattle/Texas/24-008749-003/2024(H5N1)	1043	4213
PB2|PP755596.1|A/cattle/Texas/24-008749-003/2024(H5N1)	1044	4274
PB2|PP755596.1|A/cattle/Texas/24-008749-003/2024(H5N1)	1045	4301
PB2|PP755596.1|A/cattle/Texas/24-008749-003/2024(H5N1)	1046	4325
PB2|PP755596.1|A/cattle/Texas/24-008749-003/2024(H5N1)	1047	4325
PB2|PP755596.1|A/cattle/Texas/24-008749-003/2024(H5N1)	1048	4409
PB2|PP755596.1|A/cattle/Texas/24-008749-003/2024(H5N1)	1049	4409
PB2|PP755596.1|A/cattle/Texas/24-008749-003/2024(H5N1)	1050	4411
PB2|PP755596.1|A/cattle/Texas/24-008749-003/2024(H5N1)	1051	4399
PB2|PP755596.1|A/cattle/Texas/24-008749-003/2024(H5N1)	1052	4350
PB2|PP755596.1|A/cattle/Texas/24-008749-003/2024(H5N1)	1053	4298
PB2|PP755596.1|A/cattle/Texas/24-008749-003/2024(H5N1)	1054	4285
PB2|PP755596.1|A/cattle/Texas/24-008749-003/2024(H5N1)	1055	4280
PB2|PP755596.1|A/cattle/Texas/24-008749-003/2024(H5N1)	1056	4317
PB2|PP755596.1|A/cattle/Texas/24-008749-003/2024(H5N1)	1057	4320
PB2|PP755596.1|A/cattle/Texas/24-008749-003/2024(H5N1)	1058	4400
PB2|PP755596.1|A/cattle/Texas/24-008749-003/2024(H5N1)	1059	4408
PB2|PP755596.1|A/cattle/Texas/24-008749-003/2024(H5N1)	1060	4403
PB2|PP755596.1|A/cattle/Texas/24-008749-003/2024(H5N1)	1061	4372
PB2|PP755596.1|A/cattle/Texas/24-008749-003/2024(H5N1)	1062	4409
PB2|PP755596.1|A/cattle/Texas/24-008749-003/2024(H5N1)	1063	4340
PB2|PP755596.1|A/cattle/Texas/24-008749-003/2024(H5N1)	1064	4355
PB2|PP755596.1|A/cattle/Texas/24-008749-003/2024(H5N1)	1065	4330
PB2|PP755596.1|A/cattle/Texas/24-008749-003/2024(H5N1)	1066	4490
PB2|PP755596.1|A/cattle/Texas/24-008749-003/2024(H5N1)	1067	4469
PB2|PP755596.1|A/cattle/Texas/24-008749-003/2024(H5N1)	1068	4506
PB2|PP755596.1|A/cattle/Texas/24-008749-003/2024(H5N1)	1069	4485
PB2|PP755596.1|A/cattle/Texas/24-008749-003/2024(H5N1)	1070	4495
PB2|PP755596.1|A/cattle/Texas/24-008749-003/2024(H5N1)	1071	4485
PB2|PP755596.1|A/cattle/Texas/24-008749-003/2024(H5N1)	1072	4486
PB2|PP755596.1|A/cattle/Texas/24-008749-003/2024(H5N1)	1073	4512
PB2|PP755596.1|A/cattle/Texas/24-008749-003/2024(H5N1)	1074	4540
PB2|PP755596.1|A/cattle/Texas/24-008749-003/2024(H5N1)	1075	4503
PB2|PP755596.1|A/cattle/Texas/24-008749-003/2024(H5N1)	1076	4505
PB2|PP755596.1|A/cattle/Texas/24-008749-003/2024(H5N1)	1077	4501
PB2|PP755596.1|A/cattle/Texas/24-008749-003/2024(H5N1)	1078	4342
PB2|PP755596.1|A/cattle/Texas/24-008749-003/2024(H5N1)	1079	4385
PB2|PP755596.1|A/cattle/Texas/24-008749-003/2024(H5N1)	1080	4368
PB2|PP755596.1|A/cattle/Texas/24-008749-003/2024(H5N1)	1081	4316
PB2|PP755596.1|A/cattle/Texas/24-008749-003/2024(H5N1)	1082	4314
PB2|PP755596.1|A/cattle/Texas/24-008749-003/2024(H5N1)	1083	4283
PB2|PP755596.1|A/cattle/Texas/24-008749-003/2024(H5N1)	1084	4267
PB2|PP755596.1|A/cattle/Texas/24-008749-003/2024(H5N1)	1085	3991
PB2|PP755596.1|A/cattle/Texas/24-008749-003/2024(H5N1)	1086	3995
PB2|PP755596.1|A/cattle/Texas/24-008749-003/2024(H5N1)	1087	4095
PB2|PP755596.1|A/cattle/Texas/24-008749-003/2024(H5N1)	1088	4264
PB2|PP755596.1|A/cattle/Texas/24-008749-003/2024(H5N1)	1089	4293
PB2|PP755596.1|A/cattle/Texas/24-008749-003/2024(H5N1)	1090	4295
PB2|PP755596.1|A/cattle/Texas/24-008749-003/2024(H5N1)	1091	4281
PB2|PP755596.1|A/cattle/Texas/24-008749-003/2024(H5N1)	1092	4280
PB2|PP755596.1|A/cattle/Texas/24-008749-003/2024(H5N1)	1093	4295
PB2|PP755596.1|A/cattle/Texas/24-008749-003/2024(H5N1)	1094	4300
PB2|PP755596.1|A/cattle/Texas/24-008749-003/2024(H5N1)	1095	4360
PB2|PP755596.1|A/cattle/Texas/24-008749-003/2024(H5N1)	1096	4401
PB2|PP755596.1|A/cattle/Texas/24-008749-003/2024(H5N1)	1097	4340
PB2|PP755596.1|A/cattle/Texas/24-008749-003/2024(H5N1)	1098	4404
PB2|PP755596.1|A/cattle/Texas/24-008749-003/2024(H5N1)	1099	4399
PB2|PP755596.1|A/cattle/Texas/24-008749-003/2024(H5N1)	1100	4427
PB2|PP755596.1|A/cattle/Texas/24-008749-003/2024(H5N1)	1101	4432
PB2|PP755596.1|A/cattle/Texas/24-008749-003/2024(H5N1)	1102	4421
PB2|PP755596.1|A/cattle/Texas/24-008749-003/2024(H5N1)	1103	4426
PB2|PP755596.1|A/cattle/Texas/24-008749-003/2024(H5N1)	1104	4278
PB2|PP755596.1|A/cattle/Texas/24-008749-003/2024(H5N1)	1105	4185
PB2|PP755596.1|A/cattle/Texas/24-008749-003/2024(H5N1)	1106	4218
PB2|PP755596.1|A/cattle/Texas/24-008749-003/2024(H5N1)	1107	4215
PB2|PP755596.1|A/cattle/Texas/24-008749-003/2024(H5N1)	1108	4271
PB2|PP755596.1|A/cattle/Texas/24-008749-003/2024(H5N1)	1109	4300
PB2|PP755596.1|A/cattle/Texas/24-008749-003/2024(H5N1)	1110	4290
PB2|PP755596.1|A/cattle/Texas/24-008749-003/2024(H5N1)	1111	4288
PB2|PP755596.1|A/cattle/Texas/24-008749-003/2024(H5N1)	1112	4358
PB2|PP755596.1|A/cattle/Texas/24-008749-003/2024(H5N1)	1113	4361
PB2|PP755596.1|A/cattle/Texas/24-008749-003/2024(H5N1)	1114	4363
PB2|PP755596.1|A/cattle/Texas/24-008749-003/2024(H5N1)	1115	4258
PB2|PP755596.1|A/cattle/Texas/24-008749-003/2024(H5N1)	1116	4248
PB2|PP755596.1|A/cattle/Texas/24-008749-003/2024(H5N1)	1117	4451
PB2|PP755596.1|A/cattle/Texas/24-008749-003/2024(H5N1)	1118	4453
PB2|PP755596.1|A/cattle/Texas/24-008749-003/2024(H5N1)	1119	4457
PB2|PP755596.1|A/cattle/Texas/24-008749-003/2024(H5N1)	1120	4391
PB2|PP755596.1|A/cattle/Texas/24-008749-003/2024(H5N1)	1121	4320
PB2|PP755596.1|A/cattle/Texas/24-008749-003/2024(H5N1)	1122	4327
PB2|PP755596.1|A/cattle/Texas/24-008749-003/2024(H5N1)	1123	4328
PB2|PP755596.1|A/cattle/Texas/24-008749-003/2024(H5N1)	1124	4329
PB2|PP755596.1|A/cattle/Texas/24-008749-003/2024(H5N1)	1125	4340
PB2|PP755596.1|A/cattle/Texas/24-008749-003/2024(H5N1)	1126	4233
PB2|PP755596.1|A/cattle/Texas/24-008749-003/2024(H5N1)	1127	4226
PB2|PP755596.1|A/cattle/Texas/24-008749-003/2024(H5N1)	1128	4224
PB2|PP755596.1|A/cattle/Texas/24-008749-003/2024(H5N1)	1129	4241
PB2|PP755596.1|A/cattle/Texas/24-008749-003/2024(H5N1)	1130	4237
PB2|PP755596.1|A/cattle/Texas/24-008749-003/2024(H5N1)	1131	4226
PB2|PP755596.1|A/cattle/Texas/24-008749-003/2024(H5N1)	1132	4259
PB2|PP755596.1|A/cattle/Texas/24-008749-003/2024(H5N1)	1133	4455
PB2|PP755596.1|A/cattle/Texas/24-008749-003/2024(H5N1)	1134	4450
PB2|PP755596.1|A/cattle/Texas/24-008749-003/2024(H5N1)	1135	4441
PB2|PP755596.1|A/cattle/Texas/24-008749-003/2024(H5N1)	1136	4447
PB2|PP755596.1|A/cattle/Texas/24-008749-003/2024(H5N1)	1137	4437
PB2|PP755596.1|A/cattle/Texas/24-008749-003/2024(H5N1)	1138	4444
PB2|PP755596.1|A/cattle/Texas/24-008749-003/2024(H5N1)	1139	4475
PB2|PP755596.1|A/cattle/Texas/24-008749-003/2024(H5N1)	1140	4558
PB2|PP755596.1|A/cattle/Texas/24-008749-003/2024(H5N1)	1141	4558
PB2|PP755596.1|A/cattle/Texas/24-008749-003/2024(H5N1)	1142	4273
PB2|PP755596.1|A/cattle/Texas/24-008749-003/2024(H5N1)	1143	4288
PB2|PP755596.1|A/cattle/Texas/24-008749-003/2024(H5N1)	1144	4386
PB2|PP755596.1|A/cattle/Texas/24-008749-003/2024(H5N1)	1145	4381
PB2|PP755596.1|A/cattle/Texas/24-008749-003/2024(H5N1)	1146	4341
PB2|PP755596.1|A/cattle/Texas/24-008749-003/2024(H5N1)	1147	4335
PB2|PP755596.1|A/cattle/Texas/24-008749-003/2024(H5N1)	1148	4478
PB2|PP755596.1|A/cattle/Texas/24-008749-003/2024(H5N1)	1149	4492
PB2|PP755596.1|A/cattle/Texas/24-008749-003/2024(H5N1)	1150	4507
PB2|PP755596.1|A/cattle/Texas/24-008749-003/2024(H5N1)	1151	4543
PB2|PP755596.1|A/cattle/Texas/24-008749-003/2024(H5N1)	1152	4521
PB2|PP755596.1|A/cattle/Texas/24-008749-003/2024(H5N1)	1153	4535
PB2|PP755596.1|A/cattle/Texas/24-008749-003/2024(H5N1)	1154	4537
PB2|PP755596.1|A/cattle/Texas/24-008749-003/2024(H5N1)	1155	4519
PB2|PP755596.1|A/cattle/Texas/24-008749-003/2024(H5N1)	1156	4532
PB2|PP755596.1|A/cattle/Texas/24-008749-003/2024(H5N1)	1157	4410
PB2|PP755596.1|A/cattle/Texas/24-008749-003/2024(H5N1)	1158	4415
PB2|PP755596.1|A/cattle/Texas/24-008749-003/2024(H5N1)	1159	4415
PB2|PP755596.1|A/cattle/Texas/24-008749-003/2024(H5N1)	1160	4485
PB2|PP755596.1|A/cattle/Texas/24-008749-003/2024(H5N1)	1161	4503
PB2|PP755596.1|A/cattle/Texas/24-008749-003/2024(H5N1)	1162	4480
PB2|PP755596.1|A/cattle/Texas/24-008749-003/2024(H5N1)	1163	4415
PB2|PP755596.1|A/cattle/Texas/24-008749-003/2024(H5N1)	1164	4412
PB2|PP755596.1|A/cattle/Texas/24-008749-003/2024(H5N1)	1165	4404
PB2|PP755596.1|A/cattle/Texas/24-008749-003/2024(H5N1)	1166	4451
PB2|PP755596.1|A/cattle/Texas/24-008749-003/2024(H5N1)	1167	4462
PB2|PP755596.1|A/cattle/Texas/24-008749-003/2024(H5N1)	1168	4482
PB2|PP755596.1|A/cattle/Texas/24-008749-003/2024(H5N1)	1169	4513
PB2|PP755596.1|A/cattle/Texas/24-008749-003/2024(H5N1)	1170	4593
PB2|PP755596.1|A/cattle/Texas/24-008749-003/2024(H5N1)	1171	4582
PB2|PP755596.1|A/cattle/Texas/24-008749-003/2024(H5N1)	1172	4595
PB2|PP755596.1|A/cattle/Texas/24-008749-003/2024(H5N1)	1173	4598
PB2|PP755596.1|A/cattle/Texas/24-008749-003/2024(H5N1)	1174	4567
PB2|PP755596.1|A/cattle/Texas/24-008749-003/2024(H5N1)	1175	4502
PB2|PP755596.1|A/cattle/Texas/24-008749-003/2024(H5N1)	1176	4641
PB2|PP755596.1|A/cattle/Texas/24-008749-003/2024(H5N1)	1177	4613
PB2|PP755596.1|A/cattle/Texas/24-008749-003/2024(H5N1)	1178	4627
PB2|PP755596.1|A/cattle/Texas/24-008749-003/2024(H5N1)	1179	4620
PB2|PP755596.1|A/cattle/Texas/24-008749-003/2024(H5N1)	1180	4644
PB2|PP755596.1|A/cattle/Texas/24-008749-003/2024(H5N1)	1181	4634
PB2|PP755596.1|A/cattle/Texas/24-008749-003/2024(H5N1)	1182	4636
PB2|PP755596.1|A/cattle/Texas/24-008749-003/2024(H5N1)	1183	4605
PB2|PP755596.1|A/cattle/Texas/24-008749-003/2024(H5N1)	1184	4618
PB2|PP755596.1|A/cattle/Texas/24-008749-003/2024(H5N1)	1185	4526
PB2|PP755596.1|A/cattle/Texas/24-008749-003/2024(H5N1)	1186	4534
PB2|PP755596.1|A/cattle/Texas/24-008749-003/2024(H5N1)	1187	4522
PB2|PP755596.1|A/cattle/Texas/24-008749-003/2024(H5N1)	1188	4555
PB2|PP755596.1|A/cattle/Texas/24-008749-003/2024(H5N1)	1189	4561
PB2|PP755596.1|A/cattle/Texas/24-008749-003/2024(H5N1)	1190	4655
PB2|PP755596.1|A/cattle/Texas/24-008749-003/2024(H5N1)	1191	4647
PB2|PP755596.1|A/cattle/Texas/24-008749-003/2024(H5N1)	1192	4648
PB2|PP755596.1|A/cattle/Texas/24-008749-003/2024(H5N1)	1193	4648
PB2|PP755596.1|A/cattle/Texas/24-008749-003/2024(H5N1)	1194	4629
PB2|PP755596.1|A/cattle/Texas/24-008749-003/2024(H5N1)	1195	4618
PB2|PP755596.1|A/cattle/Texas/24-008749-003/2024(H5N1)	1196	4593
PB2|PP755596.1|A/cattle/Texas/24-008749-003/2024(H5N1)	1197	4546
PB2|PP755596.1|A/cattle/Texas/24-008749-003/2024(H5N1)	1198	4550
PB2|PP755596.1|A/cattle/Texas/24-008749-003/2024(H5N1)	1199	4471
PB2|PP755596.1|A/cattle/Texas/24-008749-003/2024(H5N1)	1200	4494
PB2|PP755596.1|A/cattle/Texas/24-008749-003/2024(H5N1)	1201	4506
PB2|PP755596.1|A/cattle/Texas/24-008749-003/2024(H5N1)	1202	4509
PB2|PP755596.1|A/cattle/Texas/24-008749-003/2024(H5N1)	1203	4501
PB2|PP755596.1|A/cattle/Texas/24-008749-003/2024(H5N1)	1204	4498
PB2|PP755596.1|A/cattle/Texas/24-008749-003/2024(H5N1)	1205	4518
PB2|PP755596.1|A/cattle/Texas/24-008749-003/2024(H5N1)	1206	4562
PB2|PP755596.1|A/cattle/Texas/24-008749-003/2024(H5N1)	1207	4539
PB2|PP755596.1|A/cattle/Texas/24-008749-003/2024(H5N1)	1208	4607
PB2|PP755596.1|A/cattle/Texas/24-008749-003/2024(H5N1)	1209	4579
PB2|PP755596.1|A/cattle/Texas/24-008749-003/2024(H5N1)	1210	4561
PB2|PP755596.1|A/cattle/Texas/24-008749-003/2024(H5N1)	1211	4628
PB2|PP755596.1|A/cattle/Texas/24-008749-003/2024(H5N1)	1212	4634
PB2|PP755596.1|A/cattle/Texas/24-008749-003/2024(H5N1)	1213	4595
PB2|PP755596.1|A/cattle/Texas/24-008749-003/2024(H5N1)	1214	4642
PB2|PP755596.1|A/cattle/Texas/24-008749-003/2024(H5N1)	1215	4726
PB2|PP755596.1|A/cattle/Texas/24-008749-003/2024(H5N1)	1216	4677
PB2|PP755596.1|A/cattle/Texas/24-008749-003/2024(H5N1)	1217	4645
PB2|PP755596.1|A/cattle/Texas/24-008749-003/2024(H5N1)	1218	4624
PB2|PP755596.1|A/cattle/Texas/24-008749-003/2024(H5N1)	1219	4580
PB2|PP755596.1|A/cattle/Texas/24-008749-003/2024(H5N1)	1220	4459
PB2|PP755596.1|A/cattle/Texas/24-008749-003/2024(H5N1)	1221	4510
PB2|PP755596.1|A/cattle/Texas/24-008749-003/2024(H5N1)	1222	4506
PB2|PP755596.1|A/cattle/Texas/24-008749-003/2024(H5N1)	1223	4444
PB2|PP755596.1|A/cattle/Texas/24-008749-003/2024(H5N1)	1224	4467
PB2|PP755596.1|A/cattle/Texas/24-008749-003/2024(H5N1)	1225	4396
PB2|PP755596.1|A/cattle/Texas/24-008749-003/2024(H5N1)	1226	4371
PB2|PP755596.1|A/cattle/Texas/24-008749-003/2024(H5N1)	1227	4253
PB2|PP755596.1|A/cattle/Texas/24-008749-003/2024(H5N1)	1228	4259
PB2|PP755596.1|A/cattle/Texas/24-008749-003/2024(H5N1)	1229	4287
PB2|PP755596.1|A/cattle/Texas/24-008749-003/2024(H5N1)	1230	4396
PB2|PP755596.1|A/cattle/Texas/24-008749-003/2024(H5N1)	1231	4404
PB2|PP755596.1|A/cattle/Texas/24-008749-003/2024(H5N1)	1232	4397
PB2|PP755596.1|A/cattle/Texas/24-008749-003/2024(H5N1)	1233	4381
PB2|PP755596.1|A/cattle/Texas/24-008749-003/2024(H5N1)	1234	4389
PB2|PP755596.1|A/cattle/Texas/24-008749-003/2024(H5N1)	1235	4369
PB2|PP755596.1|A/cattle/Texas/24-008749-003/2024(H5N1)	1236	4375
PB2|PP755596.1|A/cattle/Texas/24-008749-003/2024(H5N1)	1237	4353
PB2|PP755596.1|A/cattle/Texas/24-008749-003/2024(H5N1)	1238	4334
PB2|PP755596.1|A/cattle/Texas/24-008749-003/2024(H5N1)	1239	4202
PB2|PP755596.1|A/cattle/Texas/24-008749-003/2024(H5N1)	1240	4264
PB2|PP755596.1|A/cattle/Texas/24-008749-003/2024(H5N1)	1241	4336
PB2|PP755596.1|A/cattle/Texas/24-008749-003/2024(H5N1)	1242	4323
PB2|PP755596.1|A/cattle/Texas/24-008749-003/2024(H5N1)	1243	4359
PB2|PP755596.1|A/cattle/Texas/24-008749-003/2024(H5N1)	1244	4349
PB2|PP755596.1|A/cattle/Texas/24-008749-003/2024(H5N1)	1245	4382
PB2|PP755596.1|A/cattle/Texas/24-008749-003/2024(H5N1)	1246	4326
PB2|PP755596.1|A/cattle/Texas/24-008749-003/2024(H5N1)	1247	4272
PB2|PP755596.1|A/cattle/Texas/24-008749-003/2024(H5N1)	1248	4222
PB2|PP755596.1|A/cattle/Texas/24-008749-003/2024(H5N1)	1249	4193
PB2|PP755596.1|A/cattle/Texas/24-008749-003/2024(H5N1)	1250	4226
PB2|PP755596.1|A/cattle/Texas/24-008749-003/2024(H5N1)	1251	4224
PB2|PP755596.1|A/cattle/Texas/24-008749-003/2024(H5N1)	1252	4213
PB2|PP755596.1|A/cattle/Texas/24-008749-003/2024(H5N1)	1253	4205
PB2|PP755596.1|A/cattle/Texas/24-008749-003/2024(H5N1)	1254	4222
PB2|PP755596.1|A/cattle/Texas/24-008749-003/2024(H5N1)	1255	4248
PB2|PP755596.1|A/cattle/Texas/24-008749-003/2024(H5N1)	1256	4253
PB2|PP755596.1|A/cattle/Texas/24-008749-003/2024(H5N1)	1257	4216
PB2|PP755596.1|A/cattle/Texas/24-008749-003/2024(H5N1)	1258	4177
PB2|PP755596.1|A/cattle/Texas/24-008749-003/2024(H5N1)	1259	4130
PB2|PP755596.1|A/cattle/Texas/24-008749-003/2024(H5N1)	1260	4150
PB2|PP755596.1|A/cattle/Texas/24-008749-003/2024(H5N1)	1261	4151
PB2|PP755596.1|A/cattle/Texas/24-008749-003/2024(H5N1)	1262	4177
PB2|PP755596.1|A/cattle/Texas/24-008749-003/2024(H5N1)	1263	4111
PB2|PP755596.1|A/cattle/Texas/24-008749-003/2024(H5N1)	1264	4107
PB2|PP755596.1|A/cattle/Texas/24-008749-003/2024(H5N1)	1265	4100
PB2|PP755596.1|A/cattle/Texas/24-008749-003/2024(H5N1)	1266	4098
PB2|PP755596.1|A/cattle/Texas/24-008749-003/2024(H5N1)	1267	4090
PB2|PP755596.1|A/cattle/Texas/24-008749-003/2024(H5N1)	1268	3994
PB2|PP755596.1|A/cattle/Texas/24-008749-003/2024(H5N1)	1269	4049
PB2|PP755596.1|A/cattle/Texas/24-008749-003/2024(H5N1)	1270	4117
PB2|PP755596.1|A/cattle/Texas/24-008749-003/2024(H5N1)	1271	4118
PB2|PP755596.1|A/cattle/Texas/24-008749-003/2024(H5N1)	1272	4089
PB2|PP755596.1|A/cattle/Texas/24-008749-003/2024(H5N1)	1273	4114
PB2|PP755596.1|A/cattle/Texas/24-008749-003/2024(H5N1)	1274	4119
PB2|PP755596.1|A/cattle/Texas/24-008749-003/2024(H5N1)	1275	4125
PB2|PP755596.1|A/cattle/Texas/24-008749-003/2024(H5N1)	1276	4121
PB2|PP755596.1|A/cattle/Texas/24-008749-003/2024(H5N1)	1277	4025
PB2|PP755596.1|A/cattle/Texas/24-008749-003/2024(H5N1)	1278	4026
PB2|PP755596.1|A/cattle/Texas/24-008749-003/2024(H5N1)	1279	4089
PB2|PP755596.1|A/cattle/Texas/24-008749-003/2024(H5N1)	1280	4087
PB2|PP755596.1|A/cattle/Texas/24-008749-003/2024(H5N1)	1281	4189
PB2|PP755596.1|A/cattle/Texas/24-008749-003/2024(H5N1)	1282	3970
PB2|PP755596.1|A/cattle/Texas/24-008749-003/2024(H5N1)	1283	3961
PB2|PP755596.1|A/cattle/Texas/24-008749-003/2024(H5N1)	1284	3985
PB2|PP755596.1|A/cattle/Texas/24-008749-003/2024(H5N1)	1285	3989
PB2|PP755596.1|A/cattle/Texas/24-008749-003/2024(H5N1)	1286	4085
PB2|PP755596.1|A/cattle/Texas/24-008749-003/2024(H5N1)	1287	4076
PB2|PP755596.1|A/cattle/Texas/24-008749-003/2024(H5N1)	1288	4322
PB2|PP755596.1|A/cattle/Texas/24-008749-003/2024(H5N1)	1289	4290
PB2|PP755596.1|A/cattle/Texas/24-008749-003/2024(H5N1)	1290	4190
PB2|PP755596.1|A/cattle/Texas/24-008749-003/2024(H5N1)	1291	4195
PB2|PP755596.1|A/cattle/Texas/24-008749-003/2024(H5N1)	1292	4194
PB2|PP755596.1|A/cattle/Texas/24-008749-003/2024(H5N1)	1293	4202
PB2|PP755596.1|A/cattle/Texas/24-008749-003/2024(H5N1)	1294	4195
PB2|PP755596.1|A/cattle/Texas/24-008749-003/2024(H5N1)	1295	4092
PB2|PP755596.1|A/cattle/Texas/24-008749-003/2024(H5N1)	1296	4103
PB2|PP755596.1|A/cattle/Texas/24-008749-003/2024(H5N1)	1297	4087
PB2|PP755596.1|A/cattle/Texas/24-008749-003/2024(H5N1)	1298	4078
PB2|PP755596.1|A/cattle/Texas/24-008749-003/2024(H5N1)	1299	3973
PB2|PP755596.1|A/cattle/Texas/24-008749-003/2024(H5N1)	1300	4019
PB2|PP755596.1|A/cattle/Texas/24-008749-003/2024(H5N1)	1301	4080
PB2|PP755596.1|A/cattle/Texas/24-008749-003/2024(H5N1)	1302	4058
PB2|PP755596.1|A/cattle/Texas/24-008749-003/2024(H5N1)	1303	4070
PB2|PP755596.1|A/cattle/Texas/24-008749-003/2024(H5N1)	1304	4113
PB2|PP755596.1|A/cattle/Texas/24-008749-003/2024(H5N1)	1305	4110
PB2|PP755596.1|A/cattle/Texas/24-008749-003/2024(H5N1)	1306	4119
PB2|PP755596.1|A/cattle/Texas/24-008749-003/2024(H5N1)	1307	4108
PB2|PP755596.1|A/cattle/Texas/24-008749-003/2024(H5N1)	1308	4046
PB2|PP755596.1|A/cattle/Texas/24-008749-003/2024(H5N1)	1309	4078
PB2|PP755596.1|A/cattle/Texas/24-008749-003/2024(H5N1)	1310	4070
PB2|PP755596.1|A/cattle/Texas/24-008749-003/2024(H5N1)	1311	4189
PB2|PP755596.1|A/cattle/Texas/24-008749-003/2024(H5N1)	1312	4198
PB2|PP755596.1|A/cattle/Texas/24-008749-003/2024(H5N1)	1313	4221
PB2|PP755596.1|A/cattle/Texas/24-008749-003/2024(H5N1)	1314	4382
PB2|PP755596.1|A/cattle/Texas/24-008749-003/2024(H5N1)	1315	4381
PB2|PP755596.1|A/cattle/Texas/24-008749-003/2024(H5N1)	1316	4367
PB2|PP755596.1|A/cattle/Texas/24-008749-003/2024(H5N1)	1317	4363
PB2|PP755596.1|A/cattle/Texas/24-008749-003/2024(H5N1)	1318	4334
PB2|PP755596.1|A/cattle/Texas/24-008749-003/2024(H5N1)	1319	4315
PB2|PP755596.1|A/cattle/Texas/24-008749-003/2024(H5N1)	1320	4254
PB2|PP755596.1|A/cattle/Texas/24-008749-003/2024(H5N1)	1321	4129
PB2|PP755596.1|A/cattle/Texas/24-008749-003/2024(H5N1)	1322	4802
PB2|PP755596.1|A/cattle/Texas/24-008749-003/2024(H5N1)	1323	4791
PB2|PP755596.1|A/cattle/Texas/24-008749-003/2024(H5N1)	1324	4792
PB2|PP755596.1|A/cattle/Texas/24-008749-003/2024(H5N1)	1325	4867
PB2|PP755596.1|A/cattle/Texas/24-008749-003/2024(H5N1)	1326	4872
PB2|PP755596.1|A/cattle/Texas/24-008749-003/2024(H5N1)	1327	4917
PB2|PP755596.1|A/cattle/Texas/24-008749-003/2024(H5N1)	1328	4913
PB2|PP755596.1|A/cattle/Texas/24-008749-003/2024(H5N1)	1329	4886
PB2|PP755596.1|A/cattle/Texas/24-008749-003/2024(H5N1)	1330	4900
PB2|PP755596.1|A/cattle/Texas/24-008749-003/2024(H5N1)	1331	4873
PB2|PP755596.1|A/cattle/Texas/24-008749-003/2024(H5N1)	1332	4866
PB2|PP755596.1|A/cattle/Texas/24-008749-003/2024(H5N1)	1333	4871
PB2|PP755596.1|A/cattle/Texas/24-008749-003/2024(H5N1)	1334	4865
PB2|PP755596.1|A/cattle/Texas/24-008749-003/2024(H5N1)	1335	4869
PB2|PP755596.1|A/cattle/Texas/24-008749-003/2024(H5N1)	1336	4984
PB2|PP755596.1|A/cattle/Texas/24-008749-003/2024(H5N1)	1337	4984
PB2|PP755596.1|A/cattle/Texas/24-008749-003/2024(H5N1)	1338	4964
PB2|PP755596.1|A/cattle/Texas/24-008749-003/2024(H5N1)	1339	4956
PB2|PP755596.1|A/cattle/Texas/24-008749-003/2024(H5N1)	1340	4955
PB2|PP755596.1|A/cattle/Texas/24-008749-003/2024(H5N1)	1341	4974
PB2|PP755596.1|A/cattle/Texas/24-008749-003/2024(H5N1)	1342	4974
PB2|PP755596.1|A/cattle/Texas/24-008749-003/2024(H5N1)	1343	5013
PB2|PP755596.1|A/cattle/Texas/24-008749-003/2024(H5N1)	1344	5019
PB2|PP755596.1|A/cattle/Texas/24-008749-003/2024(H5N1)	1345	5011
PB2|PP755596.1|A/cattle/Texas/24-008749-003/2024(H5N1)	1346	4969
PB2|PP755596.1|A/cattle/Texas/24-008749-003/2024(H5N1)	1347	4968
PB2|PP755596.1|A/cattle/Texas/24-008749-003/2024(H5N1)	1348	4969
PB2|PP755596.1|A/cattle/Texas/24-008749-003/2024(H5N1)	1349	5025
PB2|PP755596.1|A/cattle/Texas/24-008749-003/2024(H5N1)	1350	5015
PB2|PP755596.1|A/cattle/Texas/24-008749-003/2024(H5N1)	1351	5032
PB2|PP755596.1|A/cattle/Texas/24-008749-003/2024(H5N1)	1352	5017
PB2|PP755596.1|A/cattle/Texas/24-008749-003/2024(H5N1)	1353	5013
PB2|PP755596.1|A/cattle/Texas/24-008749-003/2024(H5N1)	1354	5015
PB2|PP755596.1|A/cattle/Texas/24-008749-003/2024(H5N1)	1355	4990
PB2|PP755596.1|A/cattle/Texas/24-008749-003/2024(H5N1)	1356	4964
PB2|PP755596.1|A/cattle/Texas/24-008749-003/2024(H5N1)	1357	5003
PB2|PP755596.1|A/cattle/Texas/24-008749-003/2024(H5N1)	1358	4978
PB2|PP755596.1|A/cattle/Texas/24-008749-003/2024(H5N1)	1359	4995
PB2|PP755596.1|A/cattle/Texas/24-008749-003/2024(H5N1)	1360	4957
PB2|PP755596.1|A/cattle/Texas/24-008749-003/2024(H5N1)	1361	4971
PB2|PP755596.1|A/cattle/Texas/24-008749-003/2024(H5N1)	1362	4911
PB2|PP755596.1|A/cattle/Texas/24-008749-003/2024(H5N1)	1363	4908
PB2|PP755596.1|A/cattle/Texas/24-008749-003/2024(H5N1)	1364	4908
PB2|PP755596.1|A/cattle/Texas/24-008749-003/2024(H5N1)	1365	4834
PB2|PP755596.1|A/cattle/Texas/24-008749-003/2024(H5N1)	1366	4701
PB2|PP755596.1|A/cattle/Texas/24-008749-003/2024(H5N1)	1367	4666
PB2|PP755596.1|A/cattle/Texas/24-008749-003/2024(H5N1)	1368	4688
PB2|PP755596.1|A/cattle/Texas/24-008749-003/2024(H5N1)	1369	4701
PB2|PP755596.1|A/cattle/Texas/24-008749-003/2024(H5N1)	1370	4701
PB2|PP755596.1|A/cattle/Texas/24-008749-003/2024(H5N1)	1371	4703
PB2|PP755596.1|A/cattle/Texas/24-008749-003/2024(H5N1)	1372	4639
PB2|PP755596.1|A/cattle/Texas/24-008749-003/2024(H5N1)	1373	4631
PB2|PP755596.1|A/cattle/Texas/24-008749-003/2024(H5N1)	1374	4632
PB2|PP755596.1|A/cattle/Texas/24-008749-003/2024(H5N1)	1375	4614
PB2|PP755596.1|A/cattle/Texas/24-008749-003/2024(H5N1)	1376	4609
PB2|PP755596.1|A/cattle/Texas/24-008749-003/2024(H5N1)	1377	4569
PB2|PP755596.1|A/cattle/Texas/24-008749-003/2024(H5N1)	1378	4562
PB2|PP755596.1|A/cattle/Texas/24-008749-003/2024(H5N1)	1379	4560
PB2|PP755596.1|A/cattle/Texas/24-008749-003/2024(H5N1)	1380	4584
PB2|PP755596.1|A/cattle/Texas/24-008749-003/2024(H5N1)	1381	4428
PB2|PP755596.1|A/cattle/Texas/24-008749-003/2024(H5N1)	1382	4439
PB2|PP755596.1|A/cattle/Texas/24-008749-003/2024(H5N1)	1383	4425
PB2|PP755596.1|A/cattle/Texas/24-008749-003/2024(H5N1)	1384	4417
PB2|PP755596.1|A/cattle/Texas/24-008749-003/2024(H5N1)	1385	4500
PB2|PP755596.1|A/cattle/Texas/24-008749-003/2024(H5N1)	1386	4480
PB2|PP755596.1|A/cattle/Texas/24-008749-003/2024(H5N1)	1387	4614
PB2|PP755596.1|A/cattle/Texas/24-008749-003/2024(H5N1)	1388	4613
PB2|PP755596.1|A/cattle/Texas/24-008749-003/2024(H5N1)	1389	4688
PB2|PP755596.1|A/cattle/Texas/24-008749-003/2024(H5N1)	1390	4677
PB2|PP755596.1|A/cattle/Texas/24-008749-003/2024(H5N1)	1391	4602
PB2|PP755596.1|A/cattle/Texas/24-008749-003/2024(H5N1)	1392	4624
PB2|PP755596.1|A/cattle/Texas/24-008749-003/2024(H5N1)	1393	4625
PB2|PP755596.1|A/cattle/Texas/24-008749-003/2024(H5N1)	1394	4621
PB2|PP755596.1|A/cattle/Texas/24-008749-003/2024(H5N1)	1395	4585
PB2|PP755596.1|A/cattle/Texas/24-008749-003/2024(H5N1)	1396	4585
PB2|PP755596.1|A/cattle/Texas/24-008749-003/2024(H5N1)	1397	4628
PB2|PP755596.1|A/cattle/Texas/24-008749-003/2024(H5N1)	1398	4630
PB2|PP755596.1|A/cattle/Texas/24-008749-003/2024(H5N1)	1399	4673
PB2|PP755596.1|A/cattle/Texas/24-008749-003/2024(H5N1)	1400	4602
PB2|PP755596.1|A/cattle/Texas/24-008749-003/2024(H5N1)	1401	4593
PB2|PP755596.1|A/cattle/Texas/24-008749-003/2024(H5N1)	1402	4644
PB2|PP755596.1|A/cattle/Texas/24-008749-003/2024(H5N1)	1403	4635
PB2|PP755596.1|A/cattle/Texas/24-008749-003/2024(H5N1)	1404	4648
PB2|PP755596.1|A/cattle/Texas/24-008749-003/2024(H5N1)	1405	4646
PB2|PP755596.1|A/cattle/Texas/24-008749-003/2024(H5N1)	1406	4625
PB2|PP755596.1|A/cattle/Texas/24-008749-003/2024(H5N1)	1407	4624
PB2|PP755596.1|A/cattle/Texas/24-008749-003/2024(H5N1)	1408	4624
PB2|PP755596.1|A/cattle/Texas/24-008749-003/2024(H5N1)	1409	4685
PB2|PP755596.1|A/cattle/Texas/24-008749-003/2024(H5N1)	1410	4712
PB2|PP755596.1|A/cattle/Texas/24-008749-003/2024(H5N1)	1411	4679
PB2|PP755596.1|A/cattle/Texas/24-008749-003/2024(H5N1)	1412	4679
PB2|PP755596.1|A/cattle/Texas/24-008749-003/2024(H5N1)	1413	4633
PB2|PP755596.1|A/cattle/Texas/24-008749-003/2024(H5N1)	1414	4637
PB2|PP755596.1|A/cattle/Texas/24-008749-003/2024(H5N1)	1415	4674
PB2|PP755596.1|A/cattle/Texas/24-008749-003/2024(H5N1)	1416	4673
PB2|PP755596.1|A/cattle/Texas/24-008749-003/2024(H5N1)	1417	4681
PB2|PP755596.1|A/cattle/Texas/24-008749-003/2024(H5N1)	1418	4622
PB2|PP755596.1|A/cattle/Texas/24-008749-003/2024(H5N1)	1419	4553
PB2|PP755596.1|A/cattle/Texas/24-008749-003/2024(H5N1)	1420	4550
PB2|PP755596.1|A/cattle/Texas/24-008749-003/2024(H5N1)	1421	4572
PB2|PP755596.1|A/cattle/Texas/24-008749-003/2024(H5N1)	1422	4574
PB2|PP755596.1|A/cattle/Texas/24-008749-003/2024(H5N1)	1423	4582
PB2|PP755596.1|A/cattle/Texas/24-008749-003/2024(H5N1)	1424	4582
PB2|PP755596.1|A/cattle/Texas/24-008749-003/2024(H5N1)	1425	4588
PB2|PP755596.1|A/cattle/Texas/24-008749-003/2024(H5N1)	1426	4590
PB2|PP755596.1|A/cattle/Texas/24-008749-003/2024(H5N1)	1427	4609
PB2|PP755596.1|A/cattle/Texas/24-008749-003/2024(H5N1)	1428	4669
PB2|PP755596.1|A/cattle/Texas/24-008749-003/2024(H5N1)	1429	4604
PB2|PP755596.1|A/cattle/Texas/24-008749-003/2024(H5N1)	1430	4890
PB2|PP755596.1|A/cattle/Texas/24-008749-003/2024(H5N1)	1431	4894
PB2|PP755596.1|A/cattle/Texas/24-008749-003/2024(H5N1)	1432	4811
PB2|PP755596.1|A/cattle/Texas/24-008749-003/2024(H5N1)	1433	4812
PB2|PP755596.1|A/cattle/Texas/24-008749-003/2024(H5N1)	1434	4806
PB2|PP755596.1|A/cattle/Texas/24-008749-003/2024(H5N1)	1435	4788
PB2|PP755596.1|A/cattle/Texas/24-008749-003/2024(H5N1)	1436	4787
PB2|PP755596.1|A/cattle/Texas/24-008749-003/2024(H5N1)	1437	4709
PB2|PP755596.1|A/cattle/Texas/24-008749-003/2024(H5N1)	1438	4721
PB2|PP755596.1|A/cattle/Texas/24-008749-003/2024(H5N1)	1439	4463
PB2|PP755596.1|A/cattle/Texas/24-008749-003/2024(H5N1)	1440	4473
PB2|PP755596.1|A/cattle/Texas/24-008749-003/2024(H5N1)	1441	4469
PB2|PP755596.1|A/cattle/Texas/24-008749-003/2024(H5N1)	1442	4481
PB2|PP755596.1|A/cattle/Texas/24-008749-003/2024(H5N1)	1443	4498
PB2|PP755596.1|A/cattle/Texas/24-008749-003/2024(H5N1)	1444	4487
PB2|PP755596.1|A/cattle/Texas/24-008749-003/2024(H5N1)	1445	4474
PB2|PP755596.1|A/cattle/Texas/24-008749-003/2024(H5N1)	1446	4517
PB2|PP755596.1|A/cattle/Texas/24-008749-003/2024(H5N1)	1447	4543
PB2|PP755596.1|A/cattle/Texas/24-008749-003/2024(H5N1)	1448	4541
PB2|PP755596.1|A/cattle/Texas/24-008749-003/2024(H5N1)	1449	4528
PB2|PP755596.1|A/cattle/Texas/24-008749-003/2024(H5N1)	1450	4474
PB2|PP755596.1|A/cattle/Texas/24-008749-003/2024(H5N1)	1451	4479
PB2|PP755596.1|A/cattle/Texas/24-008749-003/2024(H5N1)	1452	4405
PB2|PP755596.1|A/cattle/Texas/24-008749-003/2024(H5N1)	1453	4416
PB2|PP755596.1|A/cattle/Texas/24-008749-003/2024(H5N1)	1454	4424
PB2|PP755596.1|A/cattle/Texas/24-008749-003/2024(H5N1)	1455	4362
PB2|PP755596.1|A/cattle/Texas/24-008749-003/2024(H5N1)	1456	4431
PB2|PP755596.1|A/cattle/Texas/24-008749-003/2024(H5N1)	1457	4442
PB2|PP755596.1|A/cattle/Texas/24-008749-003/2024(H5N1)	1458	4466
PB2|PP755596.1|A/cattle/Texas/24-008749-003/2024(H5N1)	1459	4491
PB2|PP755596.1|A/cattle/Texas/24-008749-003/2024(H5N1)	1460	4436
PB2|PP755596.1|A/cattle/Texas/24-008749-003/2024(H5N1)	1461	4445
PB2|PP755596.1|A/cattle/Texas/24-008749-003/2024(H5N1)	1462	4294
PB2|PP755596.1|A/cattle/Texas/24-008749-003/2024(H5N1)	1463	4282
PB2|PP755596.1|A/cattle/Texas/24-008749-003/2024(H5N1)	1464	5090
PB2|PP755596.1|A/cattle/Texas/24-008749-003/2024(H5N1)	1465	4927
PB2|PP755596.1|A/cattle/Texas/24-008749-003/2024(H5N1)	1466	5015
PB2|PP755596.1|A/cattle/Texas/24-008749-003/2024(H5N1)	1467	5009
PB2|PP755596.1|A/cattle/Texas/24-008749-003/2024(H5N1)	1468	4977
PB2|PP755596.1|A/cattle/Texas/24-008749-003/2024(H5N1)	1469	5098
PB2|PP755596.1|A/cattle/Texas/24-008749-003/2024(H5N1)	1470	5105
PB2|PP755596.1|A/cattle/Texas/24-008749-003/2024(H5N1)	1471	5082
PB2|PP755596.1|A/cattle/Texas/24-008749-003/2024(H5N1)	1472	5058
PB2|PP755596.1|A/cattle/Texas/24-008749-003/2024(H5N1)	1473	4373
PB2|PP755596.1|A/cattle/Texas/24-008749-003/2024(H5N1)	1474	4407
PB2|PP755596.1|A/cattle/Texas/24-008749-003/2024(H5N1)	1475	4386
PB2|PP755596.1|A/cattle/Texas/24-008749-003/2024(H5N1)	1476	4373
PB2|PP755596.1|A/cattle/Texas/24-008749-003/2024(H5N1)	1477	4415
PB2|PP755596.1|A/cattle/Texas/24-008749-003/2024(H5N1)	1478	4377
PB2|PP755596.1|A/cattle/Texas/24-008749-003/2024(H5N1)	1479	4382
PB2|PP755596.1|A/cattle/Texas/24-008749-003/2024(H5N1)	1480	4395
PB2|PP755596.1|A/cattle/Texas/24-008749-003/2024(H5N1)	1481	4515
PB2|PP755596.1|A/cattle/Texas/24-008749-003/2024(H5N1)	1482	4514
PB2|PP755596.1|A/cattle/Texas/24-008749-003/2024(H5N1)	1483	4655
PB2|PP755596.1|A/cattle/Texas/24-008749-003/2024(H5N1)	1484	4661
PB2|PP755596.1|A/cattle/Texas/24-008749-003/2024(H5N1)	1485	4700
PB2|PP755596.1|A/cattle/Texas/24-008749-003/2024(H5N1)	1486	4699
PB2|PP755596.1|A/cattle/Texas/24-008749-003/2024(H5N1)	1487	4620
PB2|PP755596.1|A/cattle/Texas/24-008749-003/2024(H5N1)	1488	4615
PB2|PP755596.1|A/cattle/Texas/24-008749-003/2024(H5N1)	1489	4594
PB2|PP755596.1|A/cattle/Texas/24-008749-003/2024(H5N1)	1490	4603
PB2|PP755596.1|A/cattle/Texas/24-008749-003/2024(H5N1)	1491	4741
PB2|PP755596.1|A/cattle/Texas/24-008749-003/2024(H5N1)	1492	4620
PB2|PP755596.1|A/cattle/Texas/24-008749-003/2024(H5N1)	1493	4621
PB2|PP755596.1|A/cattle/Texas/24-008749-003/2024(H5N1)	1494	4568
PB2|PP755596.1|A/cattle/Texas/24-008749-003/2024(H5N1)	1495	4566
PB2|PP755596.1|A/cattle/Texas/24-008749-003/2024(H5N1)	1496	4793
PB2|PP755596.1|A/cattle/Texas/24-008749-003/2024(H5N1)	1497	4799
PB2|PP755596.1|A/cattle/Texas/24-008749-003/2024(H5N1)	1498	4799
PB2|PP755596.1|A/cattle/Texas/24-008749-003/2024(H5N1)	1499	4790
PB2|PP755596.1|A/cattle/Texas/24-008749-003/2024(H5N1)	1500	4819
PB2|PP755596.1|A/cattle/Texas/24-008749-003/2024(H5N1)	1501	4942
PB2|PP755596.1|A/cattle/Texas/24-008749-003/2024(H5N1)	1502	4921
PB2|PP755596.1|A/cattle/Texas/24-008749-003/2024(H5N1)	1503	4976
PB2|PP755596.1|A/cattle/Texas/24-008749-003/2024(H5N1)	1504	4980
PB2|PP755596.1|A/cattle/Texas/24-008749-003/2024(H5N1)	1505	4979
PB2|PP755596.1|A/cattle/Texas/24-008749-003/2024(H5N1)	1506	4981
PB2|PP755596.1|A/cattle/Texas/24-008749-003/2024(H5N1)	1507	4980
PB2|PP755596.1|A/cattle/Texas/24-008749-003/2024(H5N1)	1508	4889
PB2|PP755596.1|A/cattle/Texas/24-008749-003/2024(H5N1)	1509	4844
PB2|PP755596.1|A/cattle/Texas/24-008749-003/2024(H5N1)	1510	4849
PB2|PP755596.1|A/cattle/Texas/24-008749-003/2024(H5N1)	1511	4865
PB2|PP755596.1|A/cattle/Texas/24-008749-003/2024(H5N1)	1512	4863
PB2|PP755596.1|A/cattle/Texas/24-008749-003/2024(H5N1)	1513	4855
PB2|PP755596.1|A/cattle/Texas/24-008749-003/2024(H5N1)	1514	4856
PB2|PP755596.1|A/cattle/Texas/24-008749-003/2024(H5N1)	1515	4858
PB2|PP755596.1|A/cattle/Texas/24-008749-003/2024(H5N1)	1516	4851
PB2|PP755596.1|A/cattle/Texas/24-008749-003/2024(H5N1)	1517	4854
PB2|PP755596.1|A/cattle/Texas/24-008749-003/2024(H5N1)	1518	4854
PB2|PP755596.1|A/cattle/Texas/24-008749-003/2024(H5N1)	1519	4786
PB2|PP755596.1|A/cattle/Texas/24-008749-003/2024(H5N1)	1520	4765
PB2|PP755596.1|A/cattle/Texas/24-008749-003/2024(H5N1)	1521	4766
PB2|PP755596.1|A/cattle/Texas/24-008749-003/2024(H5N1)	1522	4757
PB2|PP755596.1|A/cattle/Texas/24-008749-003/2024(H5N1)	1523	4753
PB2|PP755596.1|A/cattle/Texas/24-008749-003/2024(H5N1)	1524	4768
PB2|PP755596.1|A/cattle/Texas/24-008749-003/2024(H5N1)	1525	4763
PB2|PP755596.1|A/cattle/Texas/24-008749-003/2024(H5N1)	1526	4757
PB2|PP755596.1|A/cattle/Texas/24-008749-003/2024(H5N1)	1527	4699
PB2|PP755596.1|A/cattle/Texas/24-008749-003/2024(H5N1)	1528	4698
PB2|PP755596.1|A/cattle/Texas/24-008749-003/2024(H5N1)	1529	4845
PB2|PP755596.1|A/cattle/Texas/24-008749-003/2024(H5N1)	1530	4837
PB2|PP755596.1|A/cattle/Texas/24-008749-003/2024(H5N1)	1531	5044
PB2|PP755596.1|A/cattle/Texas/24-008749-003/2024(H5N1)	1532	5046
PB2|PP755596.1|A/cattle/Texas/24-008749-003/2024(H5N1)	1533	5028
PB2|PP755596.1|A/cattle/Texas/24-008749-003/2024(H5N1)	1534	4985
PB2|PP755596.1|A/cattle/Texas/24-008749-003/2024(H5N1)	1535	4951
PB2|PP755596.1|A/cattle/Texas/24-008749-003/2024(H5N1)	1536	5006
PB2|PP755596.1|A/cattle/Texas/24-008749-003/2024(H5N1)	1537	4978
PB2|PP755596.1|A/cattle/Texas/24-008749-003/2024(H5N1)	1538	4834
PB2|PP755596.1|A/cattle/Texas/24-008749-003/2024(H5N1)	1539	4838
PB2|PP755596.1|A/cattle/Texas/24-008749-003/2024(H5N1)	1540	4681
PB2|PP755596.1|A/cattle/Texas/24-008749-003/2024(H5N1)	1541	4743
PB2|PP755596.1|A/cattle/Texas/24-008749-003/2024(H5N1)	1542	4756
PB2|PP755596.1|A/cattle/Texas/24-008749-003/2024(H5N1)	1543	4753
PB2|PP755596.1|A/cattle/Texas/24-008749-003/2024(H5N1)	1544	4753
PB2|PP755596.1|A/cattle/Texas/24-008749-003/2024(H5N1)	1545	4691
PB2|PP755596.1|A/cattle/Texas/24-008749-003/2024(H5N1)	1546	4710
PB2|PP755596.1|A/cattle/Texas/24-008749-003/2024(H5N1)	1547	4716
PB2|PP755596.1|A/cattle/Texas/24-008749-003/2024(H5N1)	1548	4675
PB2|PP755596.1|A/cattle/Texas/24-008749-003/2024(H5N1)	1549	4672
PB2|PP755596.1|A/cattle/Texas/24-008749-003/2024(H5N1)	1550	4707
PB2|PP755596.1|A/cattle/Texas/24-008749-003/2024(H5N1)	1551	4756
PB2|PP755596.1|A/cattle/Texas/24-008749-003/2024(H5N1)	1552	4794
PB2|PP755596.1|A/cattle/Texas/24-008749-003/2024(H5N1)	1553	4744
PB2|PP755596.1|A/cattle/Texas/24-008749-003/2024(H5N1)	1554	4738
PB2|PP755596.1|A/cattle/Texas/24-008749-003/2024(H5N1)	1555	4724
PB2|PP755596.1|A/cattle/Texas/24-008749-003/2024(H5N1)	1556	4744
PB2|PP755596.1|A/cattle/Texas/24-008749-003/2024(H5N1)	1557	4760
PB2|PP755596.1|A/cattle/Texas/24-008749-003/2024(H5N1)	1558	4756
PB2|PP755596.1|A/cattle/Texas/24-008749-003/2024(H5N1)	1559	4777
PB2|PP755596.1|A/cattle/Texas/24-008749-003/2024(H5N1)	1560	4672
PB2|PP755596.1|A/cattle/Texas/24-008749-003/2024(H5N1)	1561	4719
PB2|PP755596.1|A/cattle/Texas/24-008749-003/2024(H5N1)	1562	4724
PB2|PP755596.1|A/cattle/Texas/24-008749-003/2024(H5N1)	1563	4726
PB2|PP755596.1|A/cattle/Texas/24-008749-003/2024(H5N1)	1564	4731
PB2|PP755596.1|A/cattle/Texas/24-008749-003/2024(H5N1)	1565	4706
PB2|PP755596.1|A/cattle/Texas/24-008749-003/2024(H5N1)	1566	4697
PB2|PP755596.1|A/cattle/Texas/24-008749-003/2024(H5N1)	1567	4704
PB2|PP755596.1|A/cattle/Texas/24-008749-003/2024(H5N1)	1568	4874
PB2|PP755596.1|A/cattle/Texas/24-008749-003/2024(H5N1)	1569	4906
PB2|PP755596.1|A/cattle/Texas/24-008749-003/2024(H5N1)	1570	4876
PB2|PP755596.1|A/cattle/Texas/24-008749-003/2024(H5N1)	1571	4804
PB2|PP755596.1|A/cattle/Texas/24-008749-003/2024(H5N1)	1572	4781
PB2|PP755596.1|A/cattle/Texas/24-008749-003/2024(H5N1)	1573	4788
PB2|PP755596.1|A/cattle/Texas/24-008749-003/2024(H5N1)	1574	4820
PB2|PP755596.1|A/cattle/Texas/24-008749-003/2024(H5N1)	1575	4822
PB2|PP755596.1|A/cattle/Texas/24-008749-003/2024(H5N1)	1576	4856
PB2|PP755596.1|A/cattle/Texas/24-008749-003/2024(H5N1)	1577	4785
PB2|PP755596.1|A/cattle/Texas/24-008749-003/2024(H5N1)	1578	4768
PB2|PP755596.1|A/cattle/Texas/24-008749-003/2024(H5N1)	1579	4524
PB2|PP755596.1|A/cattle/Texas/24-008749-003/2024(H5N1)	1580	4508
PB2|PP755596.1|A/cattle/Texas/24-008749-003/2024(H5N1)	1581	4527
PB2|PP755596.1|A/cattle/Texas/24-008749-003/2024(H5N1)	1582	4521
PB2|PP755596.1|A/cattle/Texas/24-008749-003/2024(H5N1)	1583	4523
PB2|PP755596.1|A/cattle/Texas/24-008749-003/2024(H5N1)	1584	4519
PB2|PP755596.1|A/cattle/Texas/24-008749-003/2024(H5N1)	1585	4543
PB2|PP755596.1|A/cattle/Texas/24-008749-003/2024(H5N1)	1586	4599
PB2|PP755596.1|A/cattle/Texas/24-008749-003/2024(H5N1)	1587	4629
PB2|PP755596.1|A/cattle/Texas/24-008749-003/2024(H5N1)	1588	4633
PB2|PP755596.1|A/cattle/Texas/24-008749-003/2024(H5N1)	1589	4615
PB2|PP755596.1|A/cattle/Texas/24-008749-003/2024(H5N1)	1590	4592
PB2|PP755596.1|A/cattle/Texas/24-008749-003/2024(H5N1)	1591	4622
PB2|PP755596.1|A/cattle/Texas/24-008749-003/2024(H5N1)	1592	4615
PB2|PP755596.1|A/cattle/Texas/24-008749-003/2024(H5N1)	1593	4613
PB2|PP755596.1|A/cattle/Texas/24-008749-003/2024(H5N1)	1594	4604
PB2|PP755596.1|A/cattle/Texas/24-008749-003/2024(H5N1)	1595	4688
PB2|PP755596.1|A/cattle/Texas/24-008749-003/2024(H5N1)	1596	4654
PB2|PP755596.1|A/cattle/Texas/24-008749-003/2024(H5N1)	1597	4653
PB2|PP755596.1|A/cattle/Texas/24-008749-003/2024(H5N1)	1598	4663
PB2|PP755596.1|A/cattle/Texas/24-008749-003/2024(H5N1)	1599	4662
PB2|PP755596.1|A/cattle/Texas/24-008749-003/2024(H5N1)	1600	4693
PB2|PP755596.1|A/cattle/Texas/24-008749-003/2024(H5N1)	1601	4639
PB2|PP755596.1|A/cattle/Texas/24-008749-003/2024(H5N1)	1602	4630
PB2|PP755596.1|A/cattle/Texas/24-008749-003/2024(H5N1)	1603	4668
PB2|PP755596.1|A/cattle/Texas/24-008749-003/2024(H5N1)	1604	4669
PB2|PP755596.1|A/cattle/Texas/24-008749-003/2024(H5N1)	1605	4669
PB2|PP755596.1|A/cattle/Texas/24-008749-003/2024(H5N1)	1606	4678
PB2|PP755596.1|A/cattle/Texas/24-008749-003/2024(H5N1)	1607	4617
PB2|PP755596.1|A/cattle/Texas/24-008749-003/2024(H5N1)	1608	4620
PB2|PP755596.1|A/cattle/Texas/24-008749-003/2024(H5N1)	1609	4598
PB2|PP755596.1|A/cattle/Texas/24-008749-003/2024(H5N1)	1610	4562
PB2|PP755596.1|A/cattle/Texas/24-008749-003/2024(H5N1)	1611	4729
PB2|PP755596.1|A/cattle/Texas/24-008749-003/2024(H5N1)	1612	4713
PB2|PP755596.1|A/cattle/Texas/24-008749-003/2024(H5N1)	1613	4684
PB2|PP755596.1|A/cattle/Texas/24-008749-003/2024(H5N1)	1614	4730
PB2|PP755596.1|A/cattle/Texas/24-008749-003/2024(H5N1)	1615	3939
PB2|PP755596.1|A/cattle/Texas/24-008749-003/2024(H5N1)	1616	3933
PB2|PP755596.1|A/cattle/Texas/24-008749-003/2024(H5N1)	1617	3884
PB2|PP755596.1|A/cattle/Texas/24-008749-003/2024(H5N1)	1618	3879
PB2|PP755596.1|A/cattle/Texas/24-008749-003/2024(H5N1)	1619	3914
PB2|PP755596.1|A/cattle/Texas/24-008749-003/2024(H5N1)	1620	3815
PB2|PP755596.1|A/cattle/Texas/24-008749-003/2024(H5N1)	1621	3830
PB2|PP755596.1|A/cattle/Texas/24-008749-003/2024(H5N1)	1622	4004
PB2|PP755596.1|A/cattle/Texas/24-008749-003/2024(H5N1)	1623	3964
PB2|PP755596.1|A/cattle/Texas/24-008749-003/2024(H5N1)	1624	3956
PB2|PP755596.1|A/cattle/Texas/24-008749-003/2024(H5N1)	1625	3942
PB2|PP755596.1|A/cattle/Texas/24-008749-003/2024(H5N1)	1626	4345
PB2|PP755596.1|A/cattle/Texas/24-008749-003/2024(H5N1)	1627	4389
PB2|PP755596.1|A/cattle/Texas/24-008749-003/2024(H5N1)	1628	4399
PB2|PP755596.1|A/cattle/Texas/24-008749-003/2024(H5N1)	1629	4277
PB2|PP755596.1|A/cattle/Texas/24-008749-003/2024(H5N1)	1630	4316
PB2|PP755596.1|A/cattle/Texas/24-008749-003/2024(H5N1)	1631	4197
PB2|PP755596.1|A/cattle/Texas/24-008749-003/2024(H5N1)	1632	4203
PB2|PP755596.1|A/cattle/Texas/24-008749-003/2024(H5N1)	1633	4422
PB2|PP755596.1|A/cattle/Texas/24-008749-003/2024(H5N1)	1634	4283
PB2|PP755596.1|A/cattle/Texas/24-008749-003/2024(H5N1)	1635	4285
PB2|PP755596.1|A/cattle/Texas/24-008749-003/2024(H5N1)	1636	4213
PB2|PP755596.1|A/cattle/Texas/24-008749-003/2024(H5N1)	1637	4202
PB2|PP755596.1|A/cattle/Texas/24-008749-003/2024(H5N1)	1638	4505
PB2|PP755596.1|A/cattle/Texas/24-008749-003/2024(H5N1)	1639	4553
PB2|PP755596.1|A/cattle/Texas/24-008749-003/2024(H5N1)	1640	4562
PB2|PP755596.1|A/cattle/Texas/24-008749-003/2024(H5N1)	1641	4562
PB2|PP755596.1|A/cattle/Texas/24-008749-003/2024(H5N1)	1642	4424
PB2|PP755596.1|A/cattle/Texas/24-008749-003/2024(H5N1)	1643	4571
PB2|PP755596.1|A/cattle/Texas/24-008749-003/2024(H5N1)	1644	4570
PB2|PP755596.1|A/cattle/Texas/24-008749-003/2024(H5N1)	1645	4624
PB2|PP755596.1|A/cattle/Texas/24-008749-003/2024(H5N1)	1646	4644
PB2|PP755596.1|A/cattle/Texas/24-008749-003/2024(H5N1)	1647	4401
PB2|PP755596.1|A/cattle/Texas/24-008749-003/2024(H5N1)	1648	4412
PB2|PP755596.1|A/cattle/Texas/24-008749-003/2024(H5N1)	1649	4427
PB2|PP755596.1|A/cattle/Texas/24-008749-003/2024(H5N1)	1650	4440
PB2|PP755596.1|A/cattle/Texas/24-008749-003/2024(H5N1)	1651	4386
PB2|PP755596.1|A/cattle/Texas/24-008749-003/2024(H5N1)	1652	4265
PB2|PP755596.1|A/cattle/Texas/24-008749-003/2024(H5N1)	1653	4282
PB2|PP755596.1|A/cattle/Texas/24-008749-003/2024(H5N1)	1654	4307
PB2|PP755596.1|A/cattle/Texas/24-008749-003/2024(H5N1)	1655	4309
PB2|PP755596.1|A/cattle/Texas/24-008749-003/2024(H5N1)	1656	4315
PB2|PP755596.1|A/cattle/Texas/24-008749-003/2024(H5N1)	1657	4312
PB2|PP755596.1|A/cattle/Texas/24-008749-003/2024(H5N1)	1658	4309
PB2|PP755596.1|A/cattle/Texas/24-008749-003/2024(H5N1)	1659	4310
PB2|PP755596.1|A/cattle/Texas/24-008749-003/2024(H5N1)	1660	4360
PB2|PP755596.1|A/cattle/Texas/24-008749-003/2024(H5N1)	1661	4326
PB2|PP755596.1|A/cattle/Texas/24-008749-003/2024(H5N1)	1662	4310
PB2|PP755596.1|A/cattle/Texas/24-008749-003/2024(H5N1)	1663	4299
PB2|PP755596.1|A/cattle/Texas/24-008749-003/2024(H5N1)	1664	4301
PB2|PP755596.1|A/cattle/Texas/24-008749-003/2024(H5N1)	1665	4299
PB2|PP755596.1|A/cattle/Texas/24-008749-003/2024(H5N1)	1666	4320
PB2|PP755596.1|A/cattle/Texas/24-008749-003/2024(H5N1)	1667	4320
PB2|PP755596.1|A/cattle/Texas/24-008749-003/2024(H5N1)	1668	4347
PB2|PP755596.1|A/cattle/Texas/24-008749-003/2024(H5N1)	1669	4314
PB2|PP755596.1|A/cattle/Texas/24-008749-003/2024(H5N1)	1670	4315
PB2|PP755596.1|A/cattle/Texas/24-008749-003/2024(H5N1)	1671	4320
PB2|PP755596.1|A/cattle/Texas/24-008749-003/2024(H5N1)	1672	4318
PB2|PP755596.1|A/cattle/Texas/24-008749-003/2024(H5N1)	1673	4452
PB2|PP755596.1|A/cattle/Texas/24-008749-003/2024(H5N1)	1674	4468
PB2|PP755596.1|A/cattle/Texas/24-008749-003/2024(H5N1)	1675	4453
PB2|PP755596.1|A/cattle/Texas/24-008749-003/2024(H5N1)	1676	4324
PB2|PP755596.1|A/cattle/Texas/24-008749-003/2024(H5N1)	1677	4308
PB2|PP755596.1|A/cattle/Texas/24-008749-003/2024(H5N1)	1678	4314
PB2|PP755596.1|A/cattle/Texas/24-008749-003/2024(H5N1)	1679	4319
PB2|PP755596.1|A/cattle/Texas/24-008749-003/2024(H5N1)	1680	4320
PB2|PP755596.1|A/cattle/Texas/24-008749-003/2024(H5N1)	1681	4327
PB2|PP755596.1|A/cattle/Texas/24-008749-003/2024(H5N1)	1682	4184
PB2|PP755596.1|A/cattle/Texas/24-008749-003/2024(H5N1)	1683	4196
PB2|PP755596.1|A/cattle/Texas/24-008749-003/2024(H5N1)	1684	4200
PB2|PP755596.1|A/cattle/Texas/24-008749-003/2024(H5N1)	1685	4397
PB2|PP755596.1|A/cattle/Texas/24-008749-003/2024(H5N1)	1686	4395
PB2|PP755596.1|A/cattle/Texas/24-008749-003/2024(H5N1)	1687	4341
PB2|PP755596.1|A/cattle/Texas/24-008749-003/2024(H5N1)	1688	4342
PB2|PP755596.1|A/cattle/Texas/24-008749-003/2024(H5N1)	1689	4342
PB2|PP755596.1|A/cattle/Texas/24-008749-003/2024(H5N1)	1690	4376
PB2|PP755596.1|A/cattle/Texas/24-008749-003/2024(H5N1)	1691	4425
PB2|PP755596.1|A/cattle/Texas/24-008749-003/2024(H5N1)	1692	4375
PB2|PP755596.1|A/cattle/Texas/24-008749-003/2024(H5N1)	1693	4416
PB2|PP755596.1|A/cattle/Texas/24-008749-003/2024(H5N1)	1694	4409
PB2|PP755596.1|A/cattle/Texas/24-008749-003/2024(H5N1)	1695	4521
PB2|PP755596.1|A/cattle/Texas/24-008749-003/2024(H5N1)	1696	4514
PB2|PP755596.1|A/cattle/Texas/24-008749-003/2024(H5N1)	1697	4505
PB2|PP755596.1|A/cattle/Texas/24-008749-003/2024(H5N1)	1698	4507
PB2|PP755596.1|A/cattle/Texas/24-008749-003/2024(H5N1)	1699	4509
PB2|PP755596.1|A/cattle/Texas/24-008749-003/2024(H5N1)	1700	4436
PB2|PP755596.1|A/cattle/Texas/24-008749-003/2024(H5N1)	1701	4428
PB2|PP755596.1|A/cattle/Texas/24-008749-003/2024(H5N1)	1702	4485
PB2|PP755596.1|A/cattle/Texas/24-008749-003/2024(H5N1)	1703	4502
PB2|PP755596.1|A/cattle/Texas/24-008749-003/2024(H5N1)	1704	4488
PB2|PP755596.1|A/cattle/Texas/24-008749-003/2024(H5N1)	1705	4486
PB2|PP755596.1|A/cattle/Texas/24-008749-003/2024(H5N1)	1706	4470
PB2|PP755596.1|A/cattle/Texas/24-008749-003/2024(H5N1)	1707	4457
PB2|PP755596.1|A/cattle/Texas/24-008749-003/2024(H5N1)	1708	4582
PB2|PP755596.1|A/cattle/Texas/24-008749-003/2024(H5N1)	1709	4570
PB2|PP755596.1|A/cattle/Texas/24-008749-003/2024(H5N1)	1710	4616
PB2|PP755596.1|A/cattle/Texas/24-008749-003/2024(H5N1)	1711	4605
PB2|PP755596.1|A/cattle/Texas/24-008749-003/2024(H5N1)	1712	4584
PB2|PP755596.1|A/cattle/Texas/24-008749-003/2024(H5N1)	1713	4634
PB2|PP755596.1|A/cattle/Texas/24-008749-003/2024(H5N1)	1714	4626
PB2|PP755596.1|A/cattle/Texas/24-008749-003/2024(H5N1)	1715	4645
PB2|PP755596.1|A/cattle/Texas/24-008749-003/2024(H5N1)	1716	4671
PB2|PP755596.1|A/cattle/Texas/24-008749-003/2024(H5N1)	1717	4571
PB2|PP755596.1|A/cattle/Texas/24-008749-003/2024(H5N1)	1718	4584
PB2|PP755596.1|A/cattle/Texas/24-008749-003/2024(H5N1)	1719	4469
PB2|PP755596.1|A/cattle/Texas/24-008749-003/2024(H5N1)	1720	4462
PB2|PP755596.1|A/cattle/Texas/24-008749-003/2024(H5N1)	1721	4446
PB2|PP755596.1|A/cattle/Texas/24-008749-003/2024(H5N1)	1722	4437
PB2|PP755596.1|A/cattle/Texas/24-008749-003/2024(H5N1)	1723	4447
PB2|PP755596.1|A/cattle/Texas/24-008749-003/2024(H5N1)	1724	4437
PB2|PP755596.1|A/cattle/Texas/24-008749-003/2024(H5N1)	1725	4402
PB2|PP755596.1|A/cattle/Texas/24-008749-003/2024(H5N1)	1726	4411
PB2|PP755596.1|A/cattle/Texas/24-008749-003/2024(H5N1)	1727	4428
PB2|PP755596.1|A/cattle/Texas/24-008749-003/2024(H5N1)	1728	4469
PB2|PP755596.1|A/cattle/Texas/24-008749-003/2024(H5N1)	1729	4493
PB2|PP755596.1|A/cattle/Texas/24-008749-003/2024(H5N1)	1730	4485
PB2|PP755596.1|A/cattle/Texas/24-008749-003/2024(H5N1)	1731	4430
PB2|PP755596.1|A/cattle/Texas/24-008749-003/2024(H5N1)	1732	4436
PB2|PP755596.1|A/cattle/Texas/24-008749-003/2024(H5N1)	1733	4478
PB2|PP755596.1|A/cattle/Texas/24-008749-003/2024(H5N1)	1734	4475
PB2|PP755596.1|A/cattle/Texas/24-008749-003/2024(H5N1)	1735	4476
PB2|PP755596.1|A/cattle/Texas/24-008749-003/2024(H5N1)	1736	4446
PB2|PP755596.1|A/cattle/Texas/24-008749-003/2024(H5N1)	1737	4573
PB2|PP755596.1|A/cattle/Texas/24-008749-003/2024(H5N1)	1738	4544
PB2|PP755596.1|A/cattle/Texas/24-008749-003/2024(H5N1)	1739	4554
PB2|PP755596.1|A/cattle/Texas/24-008749-003/2024(H5N1)	1740	4552
PB2|PP755596.1|A/cattle/Texas/24-008749-003/2024(H5N1)	1741	4550
PB2|PP755596.1|A/cattle/Texas/24-008749-003/2024(H5N1)	1742	4528
PB2|PP755596.1|A/cattle/Texas/24-008749-003/2024(H5N1)	1743	4534
PB2|PP755596.1|A/cattle/Texas/24-008749-003/2024(H5N1)	1744	4553
PB2|PP755596.1|A/cattle/Texas/24-008749-003/2024(H5N1)	1745	4571
PB2|PP755596.1|A/cattle/Texas/24-008749-003/2024(H5N1)	1746	4516
PB2|PP755596.1|A/cattle/Texas/24-008749-003/2024(H5N1)	1747	4630
PB2|PP755596.1|A/cattle/Texas/24-008749-003/2024(H5N1)	1748	4603
PB2|PP755596.1|A/cattle/Texas/24-008749-003/2024(H5N1)	1749	4628
PB2|PP755596.1|A/cattle/Texas/24-008749-003/2024(H5N1)	1750	4739
PB2|PP755596.1|A/cattle/Texas/24-008749-003/2024(H5N1)	1751	4720
PB2|PP755596.1|A/cattle/Texas/24-008749-003/2024(H5N1)	1752	4929
PB2|PP755596.1|A/cattle/Texas/24-008749-003/2024(H5N1)	1753	4901
PB2|PP755596.1|A/cattle/Texas/24-008749-003/2024(H5N1)	1754	4865
PB2|PP755596.1|A/cattle/Texas/24-008749-003/2024(H5N1)	1755	4866
PB2|PP755596.1|A/cattle/Texas/24-008749-003/2024(H5N1)	1756	4912
PB2|PP755596.1|A/cattle/Texas/24-008749-003/2024(H5N1)	1757	4906
PB2|PP755596.1|A/cattle/Texas/24-008749-003/2024(H5N1)	1758	4903
PB2|PP755596.1|A/cattle/Texas/24-008749-003/2024(H5N1)	1759	4906
PB2|PP755596.1|A/cattle/Texas/24-008749-003/2024(H5N1)	1760	4894
PB2|PP755596.1|A/cattle/Texas/24-008749-003/2024(H5N1)	1761	4744
PB2|PP755596.1|A/cattle/Texas/24-008749-003/2024(H5N1)	1762	4778
PB2|PP755596.1|A/cattle/Texas/24-008749-003/2024(H5N1)	1763	4835
PB2|PP755596.1|A/cattle/Texas/24-008749-003/2024(H5N1)	1764	4783
PB2|PP755596.1|A/cattle/Texas/24-008749-003/2024(H5N1)	1765	4769
PB2|PP755596.1|A/cattle/Texas/24-008749-003/2024(H5N1)	1766	4797
PB2|PP755596.1|A/cattle/Texas/24-008749-003/2024(H5N1)	1767	4831
PB2|PP755596.1|A/cattle/Texas/24-008749-003/2024(H5N1)	1768	5327
PB2|PP755596.1|A/cattle/Texas/24-008749-003/2024(H5N1)	1769	5369
PB2|PP755596.1|A/cattle/Texas/24-008749-003/2024(H5N1)	1770	5354
PB2|PP755596.1|A/cattle/Texas/24-008749-003/2024(H5N1)	1771	5325
PB2|PP755596.1|A/cattle/Texas/24-008749-003/2024(H5N1)	1772	5339
PB2|PP755596.1|A/cattle/Texas/24-008749-003/2024(H5N1)	1773	5313
PB2|PP755596.1|A/cattle/Texas/24-008749-003/2024(H5N1)	1774	5341
PB2|PP755596.1|A/cattle/Texas/24-008749-003/2024(H5N1)	1775	5312
PB2|PP755596.1|A/cattle/Texas/24-008749-003/2024(H5N1)	1776	5336
PB2|PP755596.1|A/cattle/Texas/24-008749-003/2024(H5N1)	1777	4834
PB2|PP755596.1|A/cattle/Texas/24-008749-003/2024(H5N1)	1778	4808
PB2|PP755596.1|A/cattle/Texas/24-008749-003/2024(H5N1)	1779	4802
PB2|PP755596.1|A/cattle/Texas/24-008749-003/2024(H5N1)	1780	4822
PB2|PP755596.1|A/cattle/Texas/24-008749-003/2024(H5N1)	1781	4822
PB2|PP755596.1|A/cattle/Texas/24-008749-003/2024(H5N1)	1782	4812
PB2|PP755596.1|A/cattle/Texas/24-008749-003/2024(H5N1)	1783	4901
PB2|PP755596.1|A/cattle/Texas/24-008749-003/2024(H5N1)	1784	4753
PB2|PP755596.1|A/cattle/Texas/24-008749-003/2024(H5N1)	1785	4792
PB2|PP755596.1|A/cattle/Texas/24-008749-003/2024(H5N1)	1786	4794
PB2|PP755596.1|A/cattle/Texas/24-008749-003/2024(H5N1)	1787	4800
PB2|PP755596.1|A/cattle/Texas/24-008749-003/2024(H5N1)	1788	4802
PB2|PP755596.1|A/cattle/Texas/24-008749-003/2024(H5N1)	1789	4534
PB2|PP755596.1|A/cattle/Texas/24-008749-003/2024(H5N1)	1790	4550
PB2|PP755596.1|A/cattle/Texas/24-008749-003/2024(H5N1)	1791	4547
PB2|PP755596.1|A/cattle/Texas/24-008749-003/2024(H5N1)	1792	4595
PB2|PP755596.1|A/cattle/Texas/24-008749-003/2024(H5N1)	1793	4534
PB2|PP755596.1|A/cattle/Texas/24-008749-003/2024(H5N1)	1794	4496
PB2|PP755596.1|A/cattle/Texas/24-008749-003/2024(H5N1)	1795	4522
PB2|PP755596.1|A/cattle/Texas/24-008749-003/2024(H5N1)	1796	4516
PB2|PP755596.1|A/cattle/Texas/24-008749-003/2024(H5N1)	1797	4555
PB2|PP755596.1|A/cattle/Texas/24-008749-003/2024(H5N1)	1798	4561
PB2|PP755596.1|A/cattle/Texas/24-008749-003/2024(H5N1)	1799	4558
PB2|PP755596.1|A/cattle/Texas/24-008749-003/2024(H5N1)	1800	4554
PB2|PP755596.1|A/cattle/Texas/24-008749-003/2024(H5N1)	1801	4541
PB2|PP755596.1|A/cattle/Texas/24-008749-003/2024(H5N1)	1802	4503
PB2|PP755596.1|A/cattle/Texas/24-008749-003/2024(H5N1)	1803	4509
PB2|PP755596.1|A/cattle/Texas/24-008749-003/2024(H5N1)	1804	4520
PB2|PP755596.1|A/cattle/Texas/24-008749-003/2024(H5N1)	1805	4490
PB2|PP755596.1|A/cattle/Texas/24-008749-003/2024(H5N1)	1806	4482
PB2|PP755596.1|A/cattle/Texas/24-008749-003/2024(H5N1)	1807	4486
PB2|PP755596.1|A/cattle/Texas/24-008749-003/2024(H5N1)	1808	4545
PB2|PP755596.1|A/cattle/Texas/24-008749-003/2024(H5N1)	1809	4547
PB2|PP755596.1|A/cattle/Texas/24-008749-003/2024(H5N1)	1810	4497
PB2|PP755596.1|A/cattle/Texas/24-008749-003/2024(H5N1)	1811	4517
PB2|PP755596.1|A/cattle/Texas/24-008749-003/2024(H5N1)	1812	4531
PB2|PP755596.1|A/cattle/Texas/24-008749-003/2024(H5N1)	1813	4542
PB2|PP755596.1|A/cattle/Texas/24-008749-003/2024(H5N1)	1814	4641
PB2|PP755596.1|A/cattle/Texas/24-008749-003/2024(H5N1)	1815	4639
PB2|PP755596.1|A/cattle/Texas/24-008749-003/2024(H5N1)	1816	4668
PB2|PP755596.1|A/cattle/Texas/24-008749-003/2024(H5N1)	1817	4661
PB2|PP755596.1|A/cattle/Texas/24-008749-003/2024(H5N1)	1818	4701
PB2|PP755596.1|A/cattle/Texas/24-008749-003/2024(H5N1)	1819	4674
PB2|PP755596.1|A/cattle/Texas/24-008749-003/2024(H5N1)	1820	4684
PB2|PP755596.1|A/cattle/Texas/24-008749-003/2024(H5N1)	1821	4718
PB2|PP755596.1|A/cattle/Texas/24-008749-003/2024(H5N1)	1822	4722
PB2|PP755596.1|A/cattle/Texas/24-008749-003/2024(H5N1)	1823	4725
PB2|PP755596.1|A/cattle/Texas/24-008749-003/2024(H5N1)	1824	4625
PB2|PP755596.1|A/cattle/Texas/24-008749-003/2024(H5N1)	1825	4622
PB2|PP755596.1|A/cattle/Texas/24-008749-003/2024(H5N1)	1826	4677
PB2|PP755596.1|A/cattle/Texas/24-008749-003/2024(H5N1)	1827	4857
PB2|PP755596.1|A/cattle/Texas/24-008749-003/2024(H5N1)	1828	4881
PB2|PP755596.1|A/cattle/Texas/24-008749-003/2024(H5N1)	1829	4877
PB2|PP755596.1|A/cattle/Texas/24-008749-003/2024(H5N1)	1830	4890
PB2|PP755596.1|A/cattle/Texas/24-008749-003/2024(H5N1)	1831	4891
PB2|PP755596.1|A/cattle/Texas/24-008749-003/2024(H5N1)	1832	4964
PB2|PP755596.1|A/cattle/Texas/24-008749-003/2024(H5N1)	1833	4966
PB2|PP755596.1|A/cattle/Texas/24-008749-003/2024(H5N1)	1834	4949
PB2|PP755596.1|A/cattle/Texas/24-008749-003/2024(H5N1)	1835	5004
PB2|PP755596.1|A/cattle/Texas/24-008749-003/2024(H5N1)	1836	4785
PB2|PP755596.1|A/cattle/Texas/24-008749-003/2024(H5N1)	1837	4972
PB2|PP755596.1|A/cattle/Texas/24-008749-003/2024(H5N1)	1838	4980
PB2|PP755596.1|A/cattle/Texas/24-008749-003/2024(H5N1)	1839	5023
PB2|PP755596.1|A/cattle/Texas/24-008749-003/2024(H5N1)	1840	5022
PB2|PP755596.1|A/cattle/Texas/24-008749-003/2024(H5N1)	1841	4986
PB2|PP755596.1|A/cattle/Texas/24-008749-003/2024(H5N1)	1842	4950
PB2|PP755596.1|A/cattle/Texas/24-008749-003/2024(H5N1)	1843	4994
PB2|PP755596.1|A/cattle/Texas/24-008749-003/2024(H5N1)	1844	4977
PB2|PP755596.1|A/cattle/Texas/24-008749-003/2024(H5N1)	1845	4964
PB2|PP755596.1|A/cattle/Texas/24-008749-003/2024(H5N1)	1846	4847
PB2|PP755596.1|A/cattle/Texas/24-008749-003/2024(H5N1)	1847	4853
PB2|PP755596.1|A/cattle/Texas/24-008749-003/2024(H5N1)	1848	4854
PB2|PP755596.1|A/cattle/Texas/24-008749-003/2024(H5N1)	1849	4931
PB2|PP755596.1|A/cattle/Texas/24-008749-003/2024(H5N1)	1850	4952
PB2|PP755596.1|A/cattle/Texas/24-008749-003/2024(H5N1)	1851	4944
PB2|PP755596.1|A/cattle/Texas/24-008749-003/2024(H5N1)	1852	4924
PB2|PP755596.1|A/cattle/Texas/24-008749-003/2024(H5N1)	1853	4771
PB2|PP755596.1|A/cattle/Texas/24-008749-003/2024(H5N1)	1854	4786
PB2|PP755596.1|A/cattle/Texas/24-008749-003/2024(H5N1)	1855	4782
PB2|PP755596.1|A/cattle/Texas/24-008749-003/2024(H5N1)	1856	4768
PB2|PP755596.1|A/cattle/Texas/24-008749-003/2024(H5N1)	1857	4857
PB2|PP755596.1|A/cattle/Texas/24-008749-003/2024(H5N1)	1858	4769
PB2|PP755596.1|A/cattle/Texas/24-008749-003/2024(H5N1)	1859	4721
PB2|PP755596.1|A/cattle/Texas/24-008749-003/2024(H5N1)	1860	4721
PB2|PP755596.1|A/cattle/Texas/24-008749-003/2024(H5N1)	1861	4726
PB2|PP755596.1|A/cattle/Texas/24-008749-003/2024(H5N1)	1862	4728
PB2|PP755596.1|A/cattle/Texas/24-008749-003/2024(H5N1)	1863	4727
PB2|PP755596.1|A/cattle/Texas/24-008749-003/2024(H5N1)	1864	4660
PB2|PP755596.1|A/cattle/Texas/24-008749-003/2024(H5N1)	1865	4675
PB2|PP755596.1|A/cattle/Texas/24-008749-003/2024(H5N1)	1866	4617
PB2|PP755596.1|A/cattle/Texas/24-008749-003/2024(H5N1)	1867	4619
PB2|PP755596.1|A/cattle/Texas/24-008749-003/2024(H5N1)	1868	4636
PB2|PP755596.1|A/cattle/Texas/24-008749-003/2024(H5N1)	1869	4636
PB2|PP755596.1|A/cattle/Texas/24-008749-003/2024(H5N1)	1870	4675
PB2|PP755596.1|A/cattle/Texas/24-008749-003/2024(H5N1)	1871	4663
PB2|PP755596.1|A/cattle/Texas/24-008749-003/2024(H5N1)	1872	4655
PB2|PP755596.1|A/cattle/Texas/24-008749-003/2024(H5N1)	1873	4755
PB2|PP755596.1|A/cattle/Texas/24-008749-003/2024(H5N1)	1874	4755
PB2|PP755596.1|A/cattle/Texas/24-008749-003/2024(H5N1)	1875	4796
PB2|PP755596.1|A/cattle/Texas/24-008749-003/2024(H5N1)	1876	4797
PB2|PP755596.1|A/cattle/Texas/24-008749-003/2024(H5N1)	1877	4792
PB2|PP755596.1|A/cattle/Texas/24-008749-003/2024(H5N1)	1878	4786
PB2|PP755596.1|A/cattle/Texas/24-008749-003/2024(H5N1)	1879	4819
PB2|PP755596.1|A/cattle/Texas/24-008749-003/2024(H5N1)	1880	4821
PB2|PP755596.1|A/cattle/Texas/24-008749-003/2024(H5N1)	1881	4835
PB2|PP755596.1|A/cattle/Texas/24-008749-003/2024(H5N1)	1882	4834
PB2|PP755596.1|A/cattle/Texas/24-008749-003/2024(H5N1)	1883	4832
PB2|PP755596.1|A/cattle/Texas/24-008749-003/2024(H5N1)	1884	4842
PB2|PP755596.1|A/cattle/Texas/24-008749-003/2024(H5N1)	1885	4848
PB2|PP755596.1|A/cattle/Texas/24-008749-003/2024(H5N1)	1886	4877
PB2|PP755596.1|A/cattle/Texas/24-008749-003/2024(H5N1)	1887	4914
PB2|PP755596.1|A/cattle/Texas/24-008749-003/2024(H5N1)	1888	4742
PB2|PP755596.1|A/cattle/Texas/24-008749-003/2024(H5N1)	1889	4727
PB2|PP755596.1|A/cattle/Texas/24-008749-003/2024(H5N1)	1890	4720
PB2|PP755596.1|A/cattle/Texas/24-008749-003/2024(H5N1)	1891	4853
PB2|PP755596.1|A/cattle/Texas/24-008749-003/2024(H5N1)	1892	4876
PB2|PP755596.1|A/cattle/Texas/24-008749-003/2024(H5N1)	1893	4849
PB2|PP755596.1|A/cattle/Texas/24-008749-003/2024(H5N1)	1894	4862
PB2|PP755596.1|A/cattle/Texas/24-008749-003/2024(H5N1)	1895	4836
PB2|PP755596.1|A/cattle/Texas/24-008749-003/2024(H5N1)	1896	4925
PB2|PP755596.1|A/cattle/Texas/24-008749-003/2024(H5N1)	1897	4894
PB2|PP755596.1|A/cattle/Texas/24-008749-003/2024(H5N1)	1898	4800
PB2|PP755596.1|A/cattle/Texas/24-008749-003/2024(H5N1)	1899	4774
PB2|PP755596.1|A/cattle/Texas/24-008749-003/2024(H5N1)	1900	4659
PB2|PP755596.1|A/cattle/Texas/24-008749-003/2024(H5N1)	1901	4671
PB2|PP755596.1|A/cattle/Texas/24-008749-003/2024(H5N1)	1902	4501
PB2|PP755596.1|A/cattle/Texas/24-008749-003/2024(H5N1)	1903	4483
PB2|PP755596.1|A/cattle/Texas/24-008749-003/2024(H5N1)	1904	4505
PB2|PP755596.1|A/cattle/Texas/24-008749-003/2024(H5N1)	1905	4451
PB2|PP755596.1|A/cattle/Texas/24-008749-003/2024(H5N1)	1906	4537
PB2|PP755596.1|A/cattle/Texas/24-008749-003/2024(H5N1)	1907	4482
PB2|PP755596.1|A/cattle/Texas/24-008749-003/2024(H5N1)	1908	4498
PB2|PP755596.1|A/cattle/Texas/24-008749-003/2024(H5N1)	1909	4575
PB2|PP755596.1|A/cattle/Texas/24-008749-003/2024(H5N1)	1910	4593
PB2|PP755596.1|A/cattle/Texas/24-008749-003/2024(H5N1)	1911	4629
PB2|PP755596.1|A/cattle/Texas/24-008749-003/2024(H5N1)	1912	4662
PB2|PP755596.1|A/cattle/Texas/24-008749-003/2024(H5N1)	1913	4646
PB2|PP755596.1|A/cattle/Texas/24-008749-003/2024(H5N1)	1914	4688
PB2|PP755596.1|A/cattle/Texas/24-008749-003/2024(H5N1)	1915	4702
PB2|PP755596.1|A/cattle/Texas/24-008749-003/2024(H5N1)	1916	4739
PB2|PP755596.1|A/cattle/Texas/24-008749-003/2024(H5N1)	1917	4718
PB2|PP755596.1|A/cattle/Texas/24-008749-003/2024(H5N1)	1918	4737
PB2|PP755596.1|A/cattle/Texas/24-008749-003/2024(H5N1)	1919	4365
PB2|PP755596.1|A/cattle/Texas/24-008749-003/2024(H5N1)	1920	4358
PB2|PP755596.1|A/cattle/Texas/24-008749-003/2024(H5N1)	1921	4344
PB2|PP755596.1|A/cattle/Texas/24-008749-003/2024(H5N1)	1922	4340
PB2|PP755596.1|A/cattle/Texas/24-008749-003/2024(H5N1)	1923	4337
PB2|PP755596.1|A/cattle/Texas/24-008749-003/2024(H5N1)	1924	4237
PB2|PP755596.1|A/cattle/Texas/24-008749-003/2024(H5N1)	1925	4385
PB2|PP755596.1|A/cattle/Texas/24-008749-003/2024(H5N1)	1926	4432
PB2|PP755596.1|A/cattle/Texas/24-008749-003/2024(H5N1)	1927	4419
PB2|PP755596.1|A/cattle/Texas/24-008749-003/2024(H5N1)	1928	4411
PB2|PP755596.1|A/cattle/Texas/24-008749-003/2024(H5N1)	1929	4405
PB2|PP755596.1|A/cattle/Texas/24-008749-003/2024(H5N1)	1930	4453
PB2|PP755596.1|A/cattle/Texas/24-008749-003/2024(H5N1)	1931	4429
PB2|PP755596.1|A/cattle/Texas/24-008749-003/2024(H5N1)	1932	4424
PB2|PP755596.1|A/cattle/Texas/24-008749-003/2024(H5N1)	1933	4402
PB2|PP755596.1|A/cattle/Texas/24-008749-003/2024(H5N1)	1934	4297
PB2|PP755596.1|A/cattle/Texas/24-008749-003/2024(H5N1)	1935	4342
PB2|PP755596.1|A/cattle/Texas/24-008749-003/2024(H5N1)	1936	4307
PB2|PP755596.1|A/cattle/Texas/24-008749-003/2024(H5N1)	1937	4359
PB2|PP755596.1|A/cattle/Texas/24-008749-003/2024(H5N1)	1938	4366
PB2|PP755596.1|A/cattle/Texas/24-008749-003/2024(H5N1)	1939	4352
PB2|PP755596.1|A/cattle/Texas/24-008749-003/2024(H5N1)	1940	4355
PB2|PP755596.1|A/cattle/Texas/24-008749-003/2024(H5N1)	1941	4339
PB2|PP755596.1|A/cattle/Texas/24-008749-003/2024(H5N1)	1942	4300
PB2|PP755596.1|A/cattle/Texas/24-008749-003/2024(H5N1)	1943	4236
PB2|PP755596.1|A/cattle/Texas/24-008749-003/2024(H5N1)	1944	4307
PB2|PP755596.1|A/cattle/Texas/24-008749-003/2024(H5N1)	1945	4312
PB2|PP755596.1|A/cattle/Texas/24-008749-003/2024(H5N1)	1946	4264
PB2|PP755596.1|A/cattle/Texas/24-008749-003/2024(H5N1)	1947	4262
PB2|PP755596.1|A/cattle/Texas/24-008749-003/2024(H5N1)	1948	4235
PB2|PP755596.1|A/cattle/Texas/24-008749-003/2024(H5N1)	1949	4244
PB2|PP755596.1|A/cattle/Texas/24-008749-003/2024(H5N1)	1950	4260
PB2|PP755596.1|A/cattle/Texas/24-008749-003/2024(H5N1)	1951	4252
PB2|PP755596.1|A/cattle/Texas/24-008749-003/2024(H5N1)	1952	4266
PB2|PP755596.1|A/cattle/Texas/24-008749-003/2024(H5N1)	1953	4250
PB2|PP755596.1|A/cattle/Texas/24-008749-003/2024(H5N1)	1954	4231
PB2|PP755596.1|A/cattle/Texas/24-008749-003/2024(H5N1)	1955	4363
PB2|PP755596.1|A/cattle/Texas/24-008749-003/2024(H5N1)	1956	4405
PB2|PP755596.1|A/cattle/Texas/24-008749-003/2024(H5N1)	1957	4407
PB2|PP755596.1|A/cattle/Texas/24-008749-003/2024(H5N1)	1958	4428
PB2|PP755596.1|A/cattle/Texas/24-008749-003/2024(H5N1)	1959	4408
PB2|PP755596.1|A/cattle/Texas/24-008749-003/2024(H5N1)	1960	4422
PB2|PP755596.1|A/cattle/Texas/24-008749-003/2024(H5N1)	1961	4410
PB2|PP755596.1|A/cattle/Texas/24-008749-003/2024(H5N1)	1962	4389
PB2|PP755596.1|A/cattle/Texas/24-008749-003/2024(H5N1)	1963	4432
PB2|PP755596.1|A/cattle/Texas/24-008749-003/2024(H5N1)	1964	4398
PB2|PP755596.1|A/cattle/Texas/24-008749-003/2024(H5N1)	1965	4430
PB2|PP755596.1|A/cattle/Texas/24-008749-003/2024(H5N1)	1966	4530
PB2|PP755596.1|A/cattle/Texas/24-008749-003/2024(H5N1)	1967	4550
PB2|PP755596.1|A/cattle/Texas/24-008749-003/2024(H5N1)	1968	4526
PB2|PP755596.1|A/cattle/Texas/24-008749-003/2024(H5N1)	1969	4528
PB2|PP755596.1|A/cattle/Texas/24-008749-003/2024(H5N1)	1970	4555
PB2|PP755596.1|A/cattle/Texas/24-008749-003/2024(H5N1)	1971	4554
PB2|PP755596.1|A/cattle/Texas/24-008749-003/2024(H5N1)	1972	5116
PB2|PP755596.1|A/cattle/Texas/24-008749-003/2024(H5N1)	1973	5126
PB2|PP755596.1|A/cattle/Texas/24-008749-003/2024(H5N1)	1974	5130
PB2|PP755596.1|A/cattle/Texas/24-008749-003/2024(H5N1)	1975	5116
PB2|PP755596.1|A/cattle/Texas/24-008749-003/2024(H5N1)	1976	5100
PB2|PP755596.1|A/cattle/Texas/24-008749-003/2024(H5N1)	1977	4993
PB2|PP755596.1|A/cattle/Texas/24-008749-003/2024(H5N1)	1978	4965
PB2|PP755596.1|A/cattle/Texas/24-008749-003/2024(H5N1)	1979	4941
PB2|PP755596.1|A/cattle/Texas/24-008749-003/2024(H5N1)	1980	4963
PB2|PP755596.1|A/cattle/Texas/24-008749-003/2024(H5N1)	1981	4993
PB2|PP755596.1|A/cattle/Texas/24-008749-003/2024(H5N1)	1982	5018
PB2|PP755596.1|A/cattle/Texas/24-008749-003/2024(H5N1)	1983	4971
PB2|PP755596.1|A/cattle/Texas/24-008749-003/2024(H5N1)	1984	5029
PB2|PP755596.1|A/cattle/Texas/24-008749-003/2024(H5N1)	1985	5000
PB2|PP755596.1|A/cattle/Texas/24-008749-003/2024(H5N1)	1986	4996
PB2|PP755596.1|A/cattle/Texas/24-008749-003/2024(H5N1)	1987	5090
PB2|PP755596.1|A/cattle/Texas/24-008749-003/2024(H5N1)	1988	4918
PB2|PP755596.1|A/cattle/Texas/24-008749-003/2024(H5N1)	1989	4961
PB2|PP755596.1|A/cattle/Texas/24-008749-003/2024(H5N1)	1990	4916
PB2|PP755596.1|A/cattle/Texas/24-008749-003/2024(H5N1)	1991	4967
PB2|PP755596.1|A/cattle/Texas/24-008749-003/2024(H5N1)	1992	5007
PB2|PP755596.1|A/cattle/Texas/24-008749-003/2024(H5N1)	1993	4966
PB2|PP755596.1|A/cattle/Texas/24-008749-003/2024(H5N1)	1994	4981
PB2|PP755596.1|A/cattle/Texas/24-008749-003/2024(H5N1)	1995	4977
PB2|PP755596.1|A/cattle/Texas/24-008749-003/2024(H5N1)	1996	4968
PB2|PP755596.1|A/cattle/Texas/24-008749-003/2024(H5N1)	1997	4961
PB2|PP755596.1|A/cattle/Texas/24-008749-003/2024(H5N1)	1998	4940
PB2|PP755596.1|A/cattle/Texas/24-008749-003/2024(H5N1)	1999	5035
PB2|PP755596.1|A/cattle/Texas/24-008749-003/2024(H5N1)	2000	4983
PB2|PP755596.1|A/cattle/Texas/24-008749-003/2024(H5N1)	2001	4964
PB2|PP755596.1|A/cattle/Texas/24-008749-003/2024(H5N1)	2002	5059
PB2|PP755596.1|A/cattle/Texas/24-008749-003/2024(H5N1)	2003	5063
PB2|PP755596.1|A/cattle/Texas/24-008749-003/2024(H5N1)	2004	5075
PB2|PP755596.1|A/cattle/Texas/24-008749-003/2024(H5N1)	2005	5063
PB2|PP755596.1|A/cattle/Texas/24-008749-003/2024(H5N1)	2006	5066
PB2|PP755596.1|A/cattle/Texas/24-008749-003/2024(H5N1)	2007	5114
PB2|PP755596.1|A/cattle/Texas/24-008749-003/2024(H5N1)	2008	4994
PB2|PP755596.1|A/cattle/Texas/24-008749-003/2024(H5N1)	2009	4990
PB2|PP755596.1|A/cattle/Texas/24-008749-003/2024(H5N1)	2010	4979
PB2|PP755596.1|A/cattle/Texas/24-008749-003/2024(H5N1)	2011	4968
PB2|PP755596.1|A/cattle/Texas/24-008749-003/2024(H5N1)	2012	5013
PB2|PP755596.1|A/cattle/Texas/24-008749-003/2024(H5N1)	2013	4955
PB2|PP755596.1|A/cattle/Texas/24-008749-003/2024(H5N1)	2014	4955
PB2|PP755596.1|A/cattle/Texas/24-008749-003/2024(H5N1)	2015	5005
PB2|PP755596.1|A/cattle/Texas/24-008749-003/2024(H5N1)	2016	5000
PB2|PP755596.1|A/cattle/Texas/24-008749-003/2024(H5N1)	2017	5038
PB2|PP755596.1|A/cattle/Texas/24-008749-003/2024(H5N1)	2018	5085
PB2|PP755596.1|A/cattle/Texas/24-008749-003/2024(H5N1)	2019	5145
PB2|PP755596.1|A/cattle/Texas/24-008749-003/2024(H5N1)	2020	5172
PB2|PP755596.1|A/cattle/Texas/24-008749-003/2024(H5N1)	2021	5176
PB2|PP755596.1|A/cattle/Texas/24-008749-003/2024(H5N1)	2022	5163
PB2|PP755596.1|A/cattle/Texas/24-008749-003/2024(H5N1)	2023	5167
PB2|PP755596.1|A/cattle/Texas/24-008749-003/2024(H5N1)	2024	5068
PB2|PP755596.1|A/cattle/Texas/24-008749-003/2024(H5N1)	2025	5068
PB2|PP755596.1|A/cattle/Texas/24-008749-003/2024(H5N1)	2026	5001
PB2|PP755596.1|A/cattle/Texas/24-008749-003/2024(H5N1)	2027	5609
PB2|PP755596.1|A/cattle/Texas/24-008749-003/2024(H5N1)	2028	5625
PB2|PP755596.1|A/cattle/Texas/24-008749-003/2024(H5N1)	2029	5622
PB2|PP755596.1|A/cattle/Texas/24-008749-003/2024(H5N1)	2030	5588
PB2|PP755596.1|A/cattle/Texas/24-008749-003/2024(H5N1)	2031	5583
PB2|PP755596.1|A/cattle/Texas/24-008749-003/2024(H5N1)	2032	5575
PB2|PP755596.1|A/cattle/Texas/24-008749-003/2024(H5N1)	2033	5729
PB2|PP755596.1|A/cattle/Texas/24-008749-003/2024(H5N1)	2034	5696
PB2|PP755596.1|A/cattle/Texas/24-008749-003/2024(H5N1)	2035	5722
PB2|PP755596.1|A/cattle/Texas/24-008749-003/2024(H5N1)	2036	5667
PB2|PP755596.1|A/cattle/Texas/24-008749-003/2024(H5N1)	2037	5755
PB2|PP755596.1|A/cattle/Texas/24-008749-003/2024(H5N1)	2038	5858
PB2|PP755596.1|A/cattle/Texas/24-008749-003/2024(H5N1)	2039	5960
PB2|PP755596.1|A/cattle/Texas/24-008749-003/2024(H5N1)	2040	5981
PB2|PP755596.1|A/cattle/Texas/24-008749-003/2024(H5N1)	2041	5999
PB2|PP755596.1|A/cattle/Texas/24-008749-003/2024(H5N1)	2042	5911
PB2|PP755596.1|A/cattle/Texas/24-008749-003/2024(H5N1)	2043	5923
PB2|PP755596.1|A/cattle/Texas/24-008749-003/2024(H5N1)	2044	5942
PB2|PP755596.1|A/cattle/Texas/24-008749-003/2024(H5N1)	2045	6041
PB2|PP755596.1|A/cattle/Texas/24-008749-003/2024(H5N1)	2046	6165
PB2|PP755596.1|A/cattle/Texas/24-008749-003/2024(H5N1)	2047	6052
PB2|PP755596.1|A/cattle/Texas/24-008749-003/2024(H5N1)	2048	6076
PB2|PP755596.1|A/cattle/Texas/24-008749-003/2024(H5N1)	2049	6066
PB2|PP755596.1|A/cattle/Texas/24-008749-003/2024(H5N1)	2050	6142
PB2|PP755596.1|A/cattle/Texas/24-008749-003/2024(H5N1)	2051	6335
PB2|PP755596.1|A/cattle/Texas/24-008749-003/2024(H5N1)	2052	6816
PB2|PP755596.1|A/cattle/Texas/24-008749-003/2024(H5N1)	2053	6894
PB2|PP755596.1|A/cattle/Texas/24-008749-003/2024(H5N1)	2054	6930
PB2|PP755596.1|A/cattle/Texas/24-008749-003/2024(H5N1)	2055	6897
PB2|PP755596.1|A/cattle/Texas/24-008749-003/2024(H5N1)	2056	6909
PB2|PP755596.1|A/cattle/Texas/24-008749-003/2024(H5N1)	2057	6924
PB2|PP755596.1|A/cattle/Texas/24-008749-003/2024(H5N1)	2058	6954
PB2|PP755596.1|A/cattle/Texas/24-008749-003/2024(H5N1)	2059	6903
PB2|PP755596.1|A/cattle/Texas/24-008749-003/2024(H5N1)	2060	6861
PB2|PP755596.1|A/cattle/Texas/24-008749-003/2024(H5N1)	2061	6871
PB2|PP755596.1|A/cattle/Texas/24-008749-003/2024(H5N1)	2062	6749
PB2|PP755596.1|A/cattle/Texas/24-008749-003/2024(H5N1)	2063	6639
PB2|PP755596.1|A/cattle/Texas/24-008749-003/2024(H5N1)	2064	6673
PB2|PP755596.1|A/cattle/Texas/24-008749-003/2024(H5N1)	2065	6716
PB2|PP755596.1|A/cattle/Texas/24-008749-003/2024(H5N1)	2066	6696
PB2|PP755596.1|A/cattle/Texas/24-008749-003/2024(H5N1)	2067	6947
PB2|PP755596.1|A/cattle/Texas/24-008749-003/2024(H5N1)	2068	7167
PB2|PP755596.1|A/cattle/Texas/24-008749-003/2024(H5N1)	2069	7126
PB2|PP755596.1|A/cattle/Texas/24-008749-003/2024(H5N1)	2070	7131
PB2|PP755596.1|A/cattle/Texas/24-008749-003/2024(H5N1)	2071	7133
PB2|PP755596.1|A/cattle/Texas/24-008749-003/2024(H5N1)	2072	7109
PB2|PP755596.1|A/cattle/Texas/24-008749-003/2024(H5N1)	2073	7105
PB2|PP755596.1|A/cattle/Texas/24-008749-003/2024(H5N1)	2074	7082
PB2|PP755596.1|A/cattle/Texas/24-008749-003/2024(H5N1)	2075	7068
PB2|PP755596.1|A/cattle/Texas/24-008749-003/2024(H5N1)	2076	6993
PB2|PP755596.1|A/cattle/Texas/24-008749-003/2024(H5N1)	2077	6933
PB2|PP755596.1|A/cattle/Texas/24-008749-003/2024(H5N1)	2078	6935
PB2|PP755596.1|A/cattle/Texas/24-008749-003/2024(H5N1)	2079	7045
PB2|PP755596.1|A/cattle/Texas/24-008749-003/2024(H5N1)	2080	7701
PB2|PP755596.1|A/cattle/Texas/24-008749-003/2024(H5N1)	2081	7666
PB2|PP755596.1|A/cattle/Texas/24-008749-003/2024(H5N1)	2082	7706
PB2|PP755596.1|A/cattle/Texas/24-008749-003/2024(H5N1)	2083	7773
PB2|PP755596.1|A/cattle/Texas/24-008749-003/2024(H5N1)	2084	7806
PB2|PP755596.1|A/cattle/Texas/24-008749-003/2024(H5N1)	2085	7818
PB2|PP755596.1|A/cattle/Texas/24-008749-003/2024(H5N1)	2086	7894
PB2|PP755596.1|A/cattle/Texas/24-008749-003/2024(H5N1)	2087	7890
PB2|PP755596.1|A/cattle/Texas/24-008749-003/2024(H5N1)	2088	8042
PB2|PP755596.1|A/cattle/Texas/24-008749-003/2024(H5N1)	2089	8035
PB2|PP755596.1|A/cattle/Texas/24-008749-003/2024(H5N1)	2090	8075
PB2|PP755596.1|A/cattle/Texas/24-008749-003/2024(H5N1)	2091	8067
PB2|PP755596.1|A/cattle/Texas/24-008749-003/2024(H5N1)	2092	8065
PB2|PP755596.1|A/cattle/Texas/24-008749-003/2024(H5N1)	2093	8087
PB2|PP755596.1|A/cattle/Texas/24-008749-003/2024(H5N1)	2094	8005
PB2|PP755596.1|A/cattle/Texas/24-008749-003/2024(H5N1)	2095	8004
PB2|PP755596.1|A/cattle/Texas/24-008749-003/2024(H5N1)	2096	8216
PB2|PP755596.1|A/cattle/Texas/24-008749-003/2024(H5N1)	2097	8195
PB2|PP755596.1|A/cattle/Texas/24-008749-003/2024(H5N1)	2098	8214
PB2|PP755596.1|A/cattle/Texas/24-008749-003/2024(H5N1)	2099	8427
PB2|PP755596.1|A/cattle/Texas/24-008749-003/2024(H5N1)	2100	8398
PB2|PP755596.1|A/cattle/Texas/24-008749-003/2024(H5N1)	2101	8396
PB2|PP755596.1|A/cattle/Texas/24-008749-003/2024(H5N1)	2102	8383
PB2|PP755596.1|A/cattle/Texas/24-008749-003/2024(H5N1)	2103	8383
PB2|PP755596.1|A/cattle/Texas/24-008749-003/2024(H5N1)	2104	8377
PB2|PP755596.1|A/cattle/Texas/24-008749-003/2024(H5N1)	2105	8362
PB2|PP755596.1|A/cattle/Texas/24-008749-003/2024(H5N1)	2106	8279
PB2|PP755596.1|A/cattle/Texas/24-008749-003/2024(H5N1)	2107	8266
PB2|PP755596.1|A/cattle/Texas/24-008749-003/2024(H5N1)	2108	8279
PB2|PP755596.1|A/cattle/Texas/24-008749-003/2024(H5N1)	2109	8325
PB2|PP755596.1|A/cattle/Texas/24-008749-003/2024(H5N1)	2110	8301
PB2|PP755596.1|A/cattle/Texas/24-008749-003/2024(H5N1)	2111	8551
PB2|PP755596.1|A/cattle/Texas/24-008749-003/2024(H5N1)	2112	8551
PB2|PP755596.1|A/cattle/Texas/24-008749-003/2024(H5N1)	2113	8544
PB2|PP755596.1|A/cattle/Texas/24-008749-003/2024(H5N1)	2114	8745
PB2|PP755596.1|A/cattle/Texas/24-008749-003/2024(H5N1)	2115	8650
PB2|PP755596.1|A/cattle/Texas/24-008749-003/2024(H5N1)	2116	8572
PB2|PP755596.1|A/cattle/Texas/24-008749-003/2024(H5N1)	2117	8501
PB2|PP755596.1|A/cattle/Texas/24-008749-003/2024(H5N1)	2118	8364
PB2|PP755596.1|A/cattle/Texas/24-008749-003/2024(H5N1)	2119	8435
PB2|PP755596.1|A/cattle/Texas/24-008749-003/2024(H5N1)	2120	8386
PB2|PP755596.1|A/cattle/Texas/24-008749-003/2024(H5N1)	2121	8416
PB2|PP755596.1|A/cattle/Texas/24-008749-003/2024(H5N1)	2122	8372
PB2|PP755596.1|A/cattle/Texas/24-008749-003/2024(H5N1)	2123	7577
PB2|PP755596.1|A/cattle/Texas/24-008749-003/2024(H5N1)	2124	7549
PB2|PP755596.1|A/cattle/Texas/24-008749-003/2024(H5N1)	2125	7522
PB2|PP755596.1|A/cattle/Texas/24-008749-003/2024(H5N1)	2126	7547
PB2|PP755596.1|A/cattle/Texas/24-008749-003/2024(H5N1)	2127	7641
PB2|PP755596.1|A/cattle/Texas/24-008749-003/2024(H5N1)	2128	7599
PB2|PP755596.1|A/cattle/Texas/24-008749-003/2024(H5N1)	2129	7612
PB2|PP755596.1|A/cattle/Texas/24-008749-003/2024(H5N1)	2130	7701
PB2|PP755596.1|A/cattle/Texas/24-008749-003/2024(H5N1)	2131	7709
PB2|PP755596.1|A/cattle/Texas/24-008749-003/2024(H5N1)	2132	7775
PB2|PP755596.1|A/cattle/Texas/24-008749-003/2024(H5N1)	2133	7748
PB2|PP755596.1|A/cattle/Texas/24-008749-003/2024(H5N1)	2134	7743
PB2|PP755596.1|A/cattle/Texas/24-008749-003/2024(H5N1)	2135	7654
PB2|PP755596.1|A/cattle/Texas/24-008749-003/2024(H5N1)	2136	7627
PB2|PP755596.1|A/cattle/Texas/24-008749-003/2024(H5N1)	2137	7596
PB2|PP755596.1|A/cattle/Texas/24-008749-003/2024(H5N1)	2138	7756
PB2|PP755596.1|A/cattle/Texas/24-008749-003/2024(H5N1)	2139	7752
PB2|PP755596.1|A/cattle/Texas/24-008749-003/2024(H5N1)	2140	7739
PB2|PP755596.1|A/cattle/Texas/24-008749-003/2024(H5N1)	2141	7722
PB2|PP755596.1|A/cattle/Texas/24-008749-003/2024(H5N1)	2142	7660
PB2|PP755596.1|A/cattle/Texas/24-008749-003/2024(H5N1)	2143	7559
PB2|PP755596.1|A/cattle/Texas/24-008749-003/2024(H5N1)	2144	7547
PB2|PP755596.1|A/cattle/Texas/24-008749-003/2024(H5N1)	2145	7505
PB2|PP755596.1|A/cattle/Texas/24-008749-003/2024(H5N1)	2146	7089
PB2|PP755596.1|A/cattle/Texas/24-008749-003/2024(H5N1)	2147	7100
PB2|PP755596.1|A/cattle/Texas/24-008749-003/2024(H5N1)	2148	7281
PB2|PP755596.1|A/cattle/Texas/24-008749-003/2024(H5N1)	2149	7559
PB2|PP755596.1|A/cattle/Texas/24-008749-003/2024(H5N1)	2150	7571
PB2|PP755596.1|A/cattle/Texas/24-008749-003/2024(H5N1)	2151	7616
PB2|PP755596.1|A/cattle/Texas/24-008749-003/2024(H5N1)	2152	7612
PB2|PP755596.1|A/cattle/Texas/24-008749-003/2024(H5N1)	2153	7440
PB2|PP755596.1|A/cattle/Texas/24-008749-003/2024(H5N1)	2154	7426
PB2|PP755596.1|A/cattle/Texas/24-008749-003/2024(H5N1)	2155	7555
PB2|PP755596.1|A/cattle/Texas/24-008749-003/2024(H5N1)	2156	7557
PB2|PP755596.1|A/cattle/Texas/24-008749-003/2024(H5N1)	2157	7513
PB2|PP755596.1|A/cattle/Texas/24-008749-003/2024(H5N1)	2158	7505
PB2|PP755596.1|A/cattle/Texas/24-008749-003/2024(H5N1)	2159	7504
PB2|PP755596.1|A/cattle/Texas/24-008749-003/2024(H5N1)	2160	7501
PB2|PP755596.1|A/cattle/Texas/24-008749-003/2024(H5N1)	2161	7784
PB2|PP755596.1|A/cattle/Texas/24-008749-003/2024(H5N1)	2162	7756
PB2|PP755596.1|A/cattle/Texas/24-008749-003/2024(H5N1)	2163	7731
PB2|PP755596.1|A/cattle/Texas/24-008749-003/2024(H5N1)	2164	9429
PB2|PP755596.1|A/cattle/Texas/24-008749-003/2024(H5N1)	2165	9536
PB2|PP755596.1|A/cattle/Texas/24-008749-003/2024(H5N1)	2166	9535
PB2|PP755596.1|A/cattle/Texas/24-008749-003/2024(H5N1)	2167	9501
PB2|PP755596.1|A/cattle/Texas/24-008749-003/2024(H5N1)	2168	9612
PB2|PP755596.1|A/cattle/Texas/24-008749-003/2024(H5N1)	2169	9473
PB2|PP755596.1|A/cattle/Texas/24-008749-003/2024(H5N1)	2170	9465
PB2|PP755596.1|A/cattle/Texas/24-008749-003/2024(H5N1)	2171	9426
PB2|PP755596.1|A/cattle/Texas/24-008749-003/2024(H5N1)	2172	9386
PB2|PP755596.1|A/cattle/Texas/24-008749-003/2024(H5N1)	2173	9348
PB2|PP755596.1|A/cattle/Texas/24-008749-003/2024(H5N1)	2174	9491
PB2|PP755596.1|A/cattle/Texas/24-008749-003/2024(H5N1)	2175	9489
PB2|PP755596.1|A/cattle/Texas/24-008749-003/2024(H5N1)	2176	9640
PB2|PP755596.1|A/cattle/Texas/24-008749-003/2024(H5N1)	2177	9829
PB2|PP755596.1|A/cattle/Texas/24-008749-003/2024(H5N1)	2178	14696
PB2|PP755596.1|A/cattle/Texas/24-008749-003/2024(H5N1)	2179	14595
PB2|PP755596.1|A/cattle/Texas/24-008749-003/2024(H5N1)	2180	14573
PB2|PP755596.1|A/cattle/Texas/24-008749-003/2024(H5N1)	2181	14661
PB2|PP755596.1|A/cattle/Texas/24-008749-003/2024(H5N1)	2182	14621
PB2|PP755596.1|A/cattle/Texas/24-008749-003/2024(H5N1)	2183	14493
PB2|PP755596.1|A/cattle/Texas/24-008749-003/2024(H5N1)	2184	14445
PB2|PP755596.1|A/cattle/Texas/24-008749-003/2024(H5N1)	2185	14462
PB2|PP755596.1|A/cattle/Texas/24-008749-003/2024(H5N1)	2186	14492
PB2|PP755596.1|A/cattle/Texas/24-008749-003/2024(H5N1)	2187	14512
PB2|PP755596.1|A/cattle/Texas/24-008749-003/2024(H5N1)	2188	14491
PB2|PP755596.1|A/cattle/Texas/24-008749-003/2024(H5N1)	2189	14403
PB2|PP755596.1|A/cattle/Texas/24-008749-003/2024(H5N1)	2190	14372
PB2|PP755596.1|A/cattle/Texas/24-008749-003/2024(H5N1)	2191	14401
PB2|PP755596.1|A/cattle/Texas/24-008749-003/2024(H5N1)	2192	14394
PB2|PP755596.1|A/cattle/Texas/24-008749-003/2024(H5N1)	2193	14350
PB2|PP755596.1|A/cattle/Texas/24-008749-003/2024(H5N1)	2194	14500
PB2|PP755596.1|A/cattle/Texas/24-008749-003/2024(H5N1)	2195	14343
PB2|PP755596.1|A/cattle/Texas/24-008749-003/2024(H5N1)	2196	14339
PB2|PP755596.1|A/cattle/Texas/24-008749-003/2024(H5N1)	2197	14106
PB2|PP755596.1|A/cattle/Texas/24-008749-003/2024(H5N1)	2198	14005
PB2|PP755596.1|A/cattle/Texas/24-008749-003/2024(H5N1)	2199	13956
PB2|PP755596.1|A/cattle/Texas/24-008749-003/2024(H5N1)	2200	13920
PB2|PP755596.1|A/cattle/Texas/24-008749-003/2024(H5N1)	2201	13782
PB2|PP755596.1|A/cattle/Texas/24-008749-003/2024(H5N1)	2202	13760
PB2|PP755596.1|A/cattle/Texas/24-008749-003/2024(H5N1)	2203	13615
PB2|PP755596.1|A/cattle/Texas/24-008749-003/2024(H5N1)	2204	13527
PB2|PP755596.1|A/cattle/Texas/24-008749-003/2024(H5N1)	2205	13500
PB2|PP755596.1|A/cattle/Texas/24-008749-003/2024(H5N1)	2206	13490
PB2|PP755596.1|A/cattle/Texas/24-008749-003/2024(H5N1)	2207	13483
PB2|PP755596.1|A/cattle/Texas/24-008749-003/2024(H5N1)	2208	13470
PB2|PP755596.1|A/cattle/Texas/24-008749-003/2024(H5N1)	2209	13427
PB2|PP755596.1|A/cattle/Texas/24-008749-003/2024(H5N1)	2210	13425
PB2|PP755596.1|A/cattle/Texas/24-008749-003/2024(H5N1)	2211	13414
PB2|PP755596.1|A/cattle/Texas/24-008749-003/2024(H5N1)	2212	13397
PB2|PP755596.1|A/cattle/Texas/24-008749-003/2024(H5N1)	2213	13343
PB2|PP755596.1|A/cattle/Texas/24-008749-003/2024(H5N1)	2214	13325
PB2|PP755596.1|A/cattle/Texas/24-008749-003/2024(H5N1)	2215	13238
PB2|PP755596.1|A/cattle/Texas/24-008749-003/2024(H5N1)	2216	13224
PB2|PP755596.1|A/cattle/Texas/24-008749-003/2024(H5N1)	2217	13232
PB2|PP755596.1|A/cattle/Texas/24-008749-003/2024(H5N1)	2218	13223
PB2|PP755596.1|A/cattle/Texas/24-008749-003/2024(H5N1)	2219	13153
PB2|PP755596.1|A/cattle/Texas/24-008749-003/2024(H5N1)	2220	13126
PB2|PP755596.1|A/cattle/Texas/24-008749-003/2024(H5N1)	2221	13092
PB2|PP755596.1|A/cattle/Texas/24-008749-003/2024(H5N1)	2222	13153
PB2|PP755596.1|A/cattle/Texas/24-008749-003/2024(H5N1)	2223	13139
PB2|PP755596.1|A/cattle/Texas/24-008749-003/2024(H5N1)	2224	13137
PB2|PP755596.1|A/cattle/Texas/24-008749-003/2024(H5N1)	2225	13133
PB2|PP755596.1|A/cattle/Texas/24-008749-003/2024(H5N1)	2226	12958
PB2|PP755596.1|A/cattle/Texas/24-008749-003/2024(H5N1)	2227	12953
PB2|PP755596.1|A/cattle/Texas/24-008749-003/2024(H5N1)	2228	12916
PB2|PP755596.1|A/cattle/Texas/24-008749-003/2024(H5N1)	2229	12633
PB2|PP755596.1|A/cattle/Texas/24-008749-003/2024(H5N1)	2230	12634
PB2|PP755596.1|A/cattle/Texas/24-008749-003/2024(H5N1)	2231	11119
PB2|PP755596.1|A/cattle/Texas/24-008749-003/2024(H5N1)	2232	11113
PB2|PP755596.1|A/cattle/Texas/24-008749-003/2024(H5N1)	2233	10893
PB2|PP755596.1|A/cattle/Texas/24-008749-003/2024(H5N1)	2234	10866
PB2|PP755596.1|A/cattle/Texas/24-008749-003/2024(H5N1)	2235	10824
PB2|PP755596.1|A/cattle/Texas/24-008749-003/2024(H5N1)	2236	10818
PB2|PP755596.1|A/cattle/Texas/24-008749-003/2024(H5N1)	2237	10669
PB2|PP755596.1|A/cattle/Texas/24-008749-003/2024(H5N1)	2238	10665
PB2|PP755596.1|A/cattle/Texas/24-008749-003/2024(H5N1)	2239	10199
PB2|PP755596.1|A/cattle/Texas/24-008749-003/2024(H5N1)	2240	10207
PB2|PP755596.1|A/cattle/Texas/24-008749-003/2024(H5N1)	2241	10136
PB2|PP755596.1|A/cattle/Texas/24-008749-003/2024(H5N1)	2242	10120
PB2|PP755596.1|A/cattle/Texas/24-008749-003/2024(H5N1)	2243	10084
PB2|PP755596.1|A/cattle/Texas/24-008749-003/2024(H5N1)	2244	10078
PB2|PP755596.1|A/cattle/Texas/24-008749-003/2024(H5N1)	2245	10065
PB2|PP755596.1|A/cattle/Texas/24-008749-003/2024(H5N1)	2246	10009
PB2|PP755596.1|A/cattle/Texas/24-008749-003/2024(H5N1)	2247	9508
PB2|PP755596.1|A/cattle/Texas/24-008749-003/2024(H5N1)	2248	9498
PB2|PP755596.1|A/cattle/Texas/24-008749-003/2024(H5N1)	2249	9066
PB2|PP755596.1|A/cattle/Texas/24-008749-003/2024(H5N1)	2250	9065
PB2|PP755596.1|A/cattle/Texas/24-008749-003/2024(H5N1)	2251	9052
PB2|PP755596.1|A/cattle/Texas/24-008749-003/2024(H5N1)	2252	9035
PB2|PP755596.1|A/cattle/Texas/24-008749-003/2024(H5N1)	2253	8998
PB2|PP755596.1|A/cattle/Texas/24-008749-003/2024(H5N1)	2254	8976
PB2|PP755596.1|A/cattle/Texas/24-008749-003/2024(H5N1)	2255	8964
PB2|PP755596.1|A/cattle/Texas/24-008749-003/2024(H5N1)	2256	8953
PB2|PP755596.1|A/cattle/Texas/24-008749-003/2024(H5N1)	2257	8930
PB2|PP755596.1|A/cattle/Texas/24-008749-003/2024(H5N1)	2258	8903
PB2|PP755596.1|A/cattle/Texas/24-008749-003/2024(H5N1)	2259	8742
PB2|PP755596.1|A/cattle/Texas/24-008749-003/2024(H5N1)	2260	8660
PB2|PP755596.1|A/cattle/Texas/24-008749-003/2024(H5N1)	2261	8641
PB2|PP755596.1|A/cattle/Texas/24-008749-003/2024(H5N1)	2262	8623
PB2|PP755596.1|A/cattle/Texas/24-008749-003/2024(H5N1)	2263	8606
PB2|PP755596.1|A/cattle/Texas/24-008749-003/2024(H5N1)	2264	8495
PB2|PP755596.1|A/cattle/Texas/24-008749-003/2024(H5N1)	2265	8323
PB2|PP755596.1|A/cattle/Texas/24-008749-003/2024(H5N1)	2266	8316
PB2|PP755596.1|A/cattle/Texas/24-008749-003/2024(H5N1)	2267	8136
PB2|PP755596.1|A/cattle/Texas/24-008749-003/2024(H5N1)	2268	8121
PB2|PP755596.1|A/cattle/Texas/24-008749-003/2024(H5N1)	2269	8101
PB2|PP755596.1|A/cattle/Texas/24-008749-003/2024(H5N1)	2270	8049
PB2|PP755596.1|A/cattle/Texas/24-008749-003/2024(H5N1)	2271	8034
PB2|PP755596.1|A/cattle/Texas/24-008749-003/2024(H5N1)	2272	8020
PB2|PP755596.1|A/cattle/Texas/24-008749-003/2024(H5N1)	2273	8009
PB2|PP755596.1|A/cattle/Texas/24-008749-003/2024(H5N1)	2274	7969
PB2|PP755596.1|A/cattle/Texas/24-008749-003/2024(H5N1)	2275	7959
PB2|PP755596.1|A/cattle/Texas/24-008749-003/2024(H5N1)	2276	7949
PB2|PP755596.1|A/cattle/Texas/24-008749-003/2024(H5N1)	2277	7825
PB2|PP755596.1|A/cattle/Texas/24-008749-003/2024(H5N1)	2278	7649
PB2|PP755596.1|A/cattle/Texas/24-008749-003/2024(H5N1)	2279	7293
PB2|PP755596.1|A/cattle/Texas/24-008749-003/2024(H5N1)	2280	7219
