NP|PP755592.1|A/cattle/Texas/24-008749-003/2024(H5N1)	1	5574
NP|PP755592.1|A/cattle/Texas/24-008749-003/2024(H5N1)	2	5593
NP|PP755592.1|A/cattle/Texas/24-008749-003/2024(H5N1)	3	5614
NP|PP755592.1|A/cattle/Texas/24-008749-003/2024(H5N1)	4	5623
NP|PP755592.1|A/cattle/Texas/24-008749-003/2024(H5N1)	5	5641
NP|PP755592.1|A/cattle/Texas/24-008749-003/2024(H5N1)	6	5677
NP|PP755592.1|A/cattle/Texas/24-008749-003/2024(H5N1)	7	5852
NP|PP755592.1|A/cattle/Texas/24-008749-003/2024(H5N1)	8	5891
NP|PP755592.1|A/cattle/Texas/24-008749-003/2024(H5N1)	9	5900
NP|PP755592.1|A/cattle/Texas/24-008749-003/2024(H5N1)	10	5911
NP|PP755592.1|A/cattle/Texas/24-008749-003/2024(H5N1)	11	5911
NP|PP755592.1|A/cattle/Texas/24-008749-003/2024(H5N1)	12	5919
NP|PP755592.1|A/cattle/Texas/24-008749-003/2024(H5N1)	13	5957
NP|PP755592.1|A/cattle/Texas/24-008749-003/2024(H5N1)	14	6104
NP|PP755592.1|A/cattle/Texas/24-008749-003/2024(H5N1)	15	6111
NP|PP755592.1|A/cattle/Texas/24-008749-003/2024(H5N1)	16	6138
NP|PP755592.1|A/cattle/Texas/24-008749-003/2024(H5N1)	17	6180
NP|PP755592.1|A/cattle/Texas/24-008749-003/2024(H5N1)	18	6193
NP|PP755592.1|A/cattle/Texas/24-008749-003/2024(H5N1)	19	6308
NP|PP755592.1|A/cattle/Texas/24-008749-003/2024(H5N1)	20	6312
NP|PP755592.1|A/cattle/Texas/24-008749-003/2024(H5N1)	21	6322
NP|PP755592.1|A/cattle/Texas/24-008749-003/2024(H5N1)	22	6347
NP|PP755592.1|A/cattle/Texas/24-008749-003/2024(H5N1)	23	6337
NP|PP755592.1|A/cattle/Texas/24-008749-003/2024(H5N1)	24	6365
NP|PP755592.1|A/cattle/Texas/24-008749-003/2024(H5N1)	25	6367
NP|PP755592.1|A/cattle/Texas/24-008749-003/2024(H5N1)	26	6486
NP|PP755592.1|A/cattle/Texas/24-008749-003/2024(H5N1)	27	6611
NP|PP755592.1|A/cattle/Texas/24-008749-003/2024(H5N1)	28	6600
NP|PP755592.1|A/cattle/Texas/24-008749-003/2024(H5N1)	29	6608
NP|PP755592.1|A/cattle/Texas/24-008749-003/2024(H5N1)	30	6609
NP|PP755592.1|A/cattle/Texas/24-008749-003/2024(H5N1)	31	6629
NP|PP755592.1|A/cattle/Texas/24-008749-003/2024(H5N1)	32	6643
NP|PP755592.1|A/cattle/Texas/24-008749-003/2024(H5N1)	33	6645
NP|PP755592.1|A/cattle/Texas/24-008749-003/2024(H5N1)	34	6658
NP|PP755592.1|A/cattle/Texas/24-008749-003/2024(H5N1)	35	6708
NP|PP755592.1|A/cattle/Texas/24-008749-003/2024(H5N1)	36	6828
NP|PP755592.1|A/cattle/Texas/24-008749-003/2024(H5N1)	37	6856
NP|PP755592.1|A/cattle/Texas/24-008749-003/2024(H5N1)	38	6866
NP|PP755592.1|A/cattle/Texas/24-008749-003/2024(H5N1)	39	6879
NP|PP755592.1|A/cattle/Texas/24-008749-003/2024(H5N1)	40	6874
NP|PP755592.1|A/cattle/Texas/24-008749-003/2024(H5N1)	41	6884
NP|PP755592.1|A/cattle/Texas/24-008749-003/2024(H5N1)	42	6950
NP|PP755592.1|A/cattle/Texas/24-008749-003/2024(H5N1)	43	7029
NP|PP755592.1|A/cattle/Texas/24-008749-003/2024(H5N1)	44	7186
NP|PP755592.1|A/cattle/Texas/24-008749-003/2024(H5N1)	45	7186
NP|PP755592.1|A/cattle/Texas/24-008749-003/2024(H5N1)	46	7272
NP|PP755592.1|A/cattle/Texas/24-008749-003/2024(H5N1)	47	7285
NP|PP755592.1|A/cattle/Texas/24-008749-003/2024(H5N1)	48	7282
NP|PP755592.1|A/cattle/Texas/24-008749-003/2024(H5N1)	49	7287
NP|PP755592.1|A/cattle/Texas/24-008749-003/2024(H5N1)	50	7321
NP|PP755592.1|A/cattle/Texas/24-008749-003/2024(H5N1)	51	7336
NP|PP755592.1|A/cattle/Texas/24-008749-003/2024(H5N1)	52	7350
NP|PP755592.1|A/cattle/Texas/24-008749-003/2024(H5N1)	53	7379
NP|PP755592.1|A/cattle/Texas/24-008749-003/2024(H5N1)	54	7392
NP|PP755592.1|A/cattle/Texas/24-008749-003/2024(H5N1)	55	7522
NP|PP755592.1|A/cattle/Texas/24-008749-003/2024(H5N1)	56	7523
NP|PP755592.1|A/cattle/Texas/24-008749-003/2024(H5N1)	57	7615
NP|PP755592.1|A/cattle/Texas/24-008749-003/2024(H5N1)	58	7613
NP|PP755592.1|A/cattle/Texas/24-008749-003/2024(H5N1)	59	7626
NP|PP755592.1|A/cattle/Texas/24-008749-003/2024(H5N1)	60	7662
NP|PP755592.1|A/cattle/Texas/24-008749-003/2024(H5N1)	61	7697
NP|PP755592.1|A/cattle/Texas/24-008749-003/2024(H5N1)	62	7754
NP|PP755592.1|A/cattle/Texas/24-008749-003/2024(H5N1)	63	7752
NP|PP755592.1|A/cattle/Texas/24-008749-003/2024(H5N1)	64	7743
NP|PP755592.1|A/cattle/Texas/24-008749-003/2024(H5N1)	65	7760
NP|PP755592.1|A/cattle/Texas/24-008749-003/2024(H5N1)	66	7768
NP|PP755592.1|A/cattle/Texas/24-008749-003/2024(H5N1)	67	7917
NP|PP755592.1|A/cattle/Texas/24-008749-003/2024(H5N1)	68	7920
NP|PP755592.1|A/cattle/Texas/24-008749-003/2024(H5N1)	69	7972
NP|PP755592.1|A/cattle/Texas/24-008749-003/2024(H5N1)	70	7996
NP|PP755592.1|A/cattle/Texas/24-008749-003/2024(H5N1)	71	8009
NP|PP755592.1|A/cattle/Texas/24-008749-003/2024(H5N1)	72	8124
NP|PP755592.1|A/cattle/Texas/24-008749-003/2024(H5N1)	73	8126
NP|PP755592.1|A/cattle/Texas/24-008749-003/2024(H5N1)	74	8125
NP|PP755592.1|A/cattle/Texas/24-008749-003/2024(H5N1)	75	8129
NP|PP755592.1|A/cattle/Texas/24-008749-003/2024(H5N1)	76	8111
NP|PP755592.1|A/cattle/Texas/24-008749-003/2024(H5N1)	77	8174
NP|PP755592.1|A/cattle/Texas/24-008749-003/2024(H5N1)	78	8231
NP|PP755592.1|A/cattle/Texas/24-008749-003/2024(H5N1)	79	8236
NP|PP755592.1|A/cattle/Texas/24-008749-003/2024(H5N1)	80	8325
NP|PP755592.1|A/cattle/Texas/24-008749-003/2024(H5N1)	81	8331
NP|PP755592.1|A/cattle/Texas/24-008749-003/2024(H5N1)	82	8374
NP|PP755592.1|A/cattle/Texas/24-008749-003/2024(H5N1)	83	8474
NP|PP755592.1|A/cattle/Texas/24-008749-003/2024(H5N1)	84	8492
NP|PP755592.1|A/cattle/Texas/24-008749-003/2024(H5N1)	85	8579
NP|PP755592.1|A/cattle/Texas/24-008749-003/2024(H5N1)	86	8606
NP|PP755592.1|A/cattle/Texas/24-008749-003/2024(H5N1)	87	8608
NP|PP755592.1|A/cattle/Texas/24-008749-003/2024(H5N1)	88	8611
NP|PP755592.1|A/cattle/Texas/24-008749-003/2024(H5N1)	89	8696
NP|PP755592.1|A/cattle/Texas/24-008749-003/2024(H5N1)	90	8742
NP|PP755592.1|A/cattle/Texas/24-008749-003/2024(H5N1)	91	8739
NP|PP755592.1|A/cattle/Texas/24-008749-003/2024(H5N1)	92	8742
NP|PP755592.1|A/cattle/Texas/24-008749-003/2024(H5N1)	93	8785
NP|PP755592.1|A/cattle/Texas/24-008749-003/2024(H5N1)	94	8783
NP|PP755592.1|A/cattle/Texas/24-008749-003/2024(H5N1)	95	8779
NP|PP755592.1|A/cattle/Texas/24-008749-003/2024(H5N1)	96	8803
NP|PP755592.1|A/cattle/Texas/24-008749-003/2024(H5N1)	97	8810
NP|PP755592.1|A/cattle/Texas/24-008749-003/2024(H5N1)	98	8800
NP|PP755592.1|A/cattle/Texas/24-008749-003/2024(H5N1)	99	8892
NP|PP755592.1|A/cattle/Texas/24-008749-003/2024(H5N1)	100	8892
NP|PP755592.1|A/cattle/Texas/24-008749-003/2024(H5N1)	101	8893
NP|PP755592.1|A/cattle/Texas/24-008749-003/2024(H5N1)	102	8916
NP|PP755592.1|A/cattle/Texas/24-008749-003/2024(H5N1)	103	8917
NP|PP755592.1|A/cattle/Texas/24-008749-003/2024(H5N1)	104	8936
NP|PP755592.1|A/cattle/Texas/24-008749-003/2024(H5N1)	105	9168
NP|PP755592.1|A/cattle/Texas/24-008749-003/2024(H5N1)	106	7868
NP|PP755592.1|A/cattle/Texas/24-008749-003/2024(H5N1)	107	7520
NP|PP755592.1|A/cattle/Texas/24-008749-003/2024(H5N1)	108	7069
NP|PP755592.1|A/cattle/Texas/24-008749-003/2024(H5N1)	109	7084
NP|PP755592.1|A/cattle/Texas/24-008749-003/2024(H5N1)	110	7383
NP|PP755592.1|A/cattle/Texas/24-008749-003/2024(H5N1)	111	7375
NP|PP755592.1|A/cattle/Texas/24-008749-003/2024(H5N1)	112	7430
NP|PP755592.1|A/cattle/Texas/24-008749-003/2024(H5N1)	113	7427
NP|PP755592.1|A/cattle/Texas/24-008749-003/2024(H5N1)	114	7578
NP|PP755592.1|A/cattle/Texas/24-008749-003/2024(H5N1)	115	7580
NP|PP755592.1|A/cattle/Texas/24-008749-003/2024(H5N1)	116	7675
NP|PP755592.1|A/cattle/Texas/24-008749-003/2024(H5N1)	117	7050
NP|PP755592.1|A/cattle/Texas/24-008749-003/2024(H5N1)	118	7049
NP|PP755592.1|A/cattle/Texas/24-008749-003/2024(H5N1)	119	7496
NP|PP755592.1|A/cattle/Texas/24-008749-003/2024(H5N1)	120	7512
NP|PP755592.1|A/cattle/Texas/24-008749-003/2024(H5N1)	121	7710
NP|PP755592.1|A/cattle/Texas/24-008749-003/2024(H5N1)	122	7484
NP|PP755592.1|A/cattle/Texas/24-008749-003/2024(H5N1)	123	7453
NP|PP755592.1|A/cattle/Texas/24-008749-003/2024(H5N1)	124	7479
NP|PP755592.1|A/cattle/Texas/24-008749-003/2024(H5N1)	125	7452
NP|PP755592.1|A/cattle/Texas/24-008749-003/2024(H5N1)	126	7939
NP|PP755592.1|A/cattle/Texas/24-008749-003/2024(H5N1)	127	8033
NP|PP755592.1|A/cattle/Texas/24-008749-003/2024(H5N1)	128	7975
NP|PP755592.1|A/cattle/Texas/24-008749-003/2024(H5N1)	129	7980
NP|PP755592.1|A/cattle/Texas/24-008749-003/2024(H5N1)	130	7842
NP|PP755592.1|A/cattle/Texas/24-008749-003/2024(H5N1)	131	7940
NP|PP755592.1|A/cattle/Texas/24-008749-003/2024(H5N1)	132	7903
NP|PP755592.1|A/cattle/Texas/24-008749-003/2024(H5N1)	133	7922
NP|PP755592.1|A/cattle/Texas/24-008749-003/2024(H5N1)	134	7672
NP|PP755592.1|A/cattle/Texas/24-008749-003/2024(H5N1)	135	7464
NP|PP755592.1|A/cattle/Texas/24-008749-003/2024(H5N1)	136	7585
NP|PP755592.1|A/cattle/Texas/24-008749-003/2024(H5N1)	137	7585
NP|PP755592.1|A/cattle/Texas/24-008749-003/2024(H5N1)	138	7656
NP|PP755592.1|A/cattle/Texas/24-008749-003/2024(H5N1)	139	7682
NP|PP755592.1|A/cattle/Texas/24-008749-003/2024(H5N1)	140	7645
NP|PP755592.1|A/cattle/Texas/24-008749-003/2024(H5N1)	141	7467
NP|PP755592.1|A/cattle/Texas/24-008749-003/2024(H5N1)	142	7466
NP|PP755592.1|A/cattle/Texas/24-008749-003/2024(H5N1)	143	7402
NP|PP755592.1|A/cattle/Texas/24-008749-003/2024(H5N1)	144	7606
NP|PP755592.1|A/cattle/Texas/24-008749-003/2024(H5N1)	145	7517
NP|PP755592.1|A/cattle/Texas/24-008749-003/2024(H5N1)	146	7539
NP|PP755592.1|A/cattle/Texas/24-008749-003/2024(H5N1)	147	7369
NP|PP755592.1|A/cattle/Texas/24-008749-003/2024(H5N1)	148	7325
NP|PP755592.1|A/cattle/Texas/24-008749-003/2024(H5N1)	149	7378
NP|PP755592.1|A/cattle/Texas/24-008749-003/2024(H5N1)	150	7418
NP|PP755592.1|A/cattle/Texas/24-008749-003/2024(H5N1)	151	7452
NP|PP755592.1|A/cattle/Texas/24-008749-003/2024(H5N1)	152	7689
NP|PP755592.1|A/cattle/Texas/24-008749-003/2024(H5N1)	153	7712
NP|PP755592.1|A/cattle/Texas/24-008749-003/2024(H5N1)	154	7763
NP|PP755592.1|A/cattle/Texas/24-008749-003/2024(H5N1)	155	7783
NP|PP755592.1|A/cattle/Texas/24-008749-003/2024(H5N1)	156	7766
NP|PP755592.1|A/cattle/Texas/24-008749-003/2024(H5N1)	157	7768
NP|PP755592.1|A/cattle/Texas/24-008749-003/2024(H5N1)	158	7752
NP|PP755592.1|A/cattle/Texas/24-008749-003/2024(H5N1)	159	7722
NP|PP755592.1|A/cattle/Texas/24-008749-003/2024(H5N1)	160	7733
NP|PP755592.1|A/cattle/Texas/24-008749-003/2024(H5N1)	161	7737
NP|PP755592.1|A/cattle/Texas/24-008749-003/2024(H5N1)	162	7738
NP|PP755592.1|A/cattle/Texas/24-008749-003/2024(H5N1)	163	7723
NP|PP755592.1|A/cattle/Texas/24-008749-003/2024(H5N1)	164	7735
NP|PP755592.1|A/cattle/Texas/24-008749-003/2024(H5N1)	165	7640
NP|PP755592.1|A/cattle/Texas/24-008749-003/2024(H5N1)	166	7603
NP|PP755592.1|A/cattle/Texas/24-008749-003/2024(H5N1)	167	7621
NP|PP755592.1|A/cattle/Texas/24-008749-003/2024(H5N1)	168	7663
NP|PP755592.1|A/cattle/Texas/24-008749-003/2024(H5N1)	169	7958
NP|PP755592.1|A/cattle/Texas/24-008749-003/2024(H5N1)	170	7857
NP|PP755592.1|A/cattle/Texas/24-008749-003/2024(H5N1)	171	7862
NP|PP755592.1|A/cattle/Texas/24-008749-003/2024(H5N1)	172	7873
NP|PP755592.1|A/cattle/Texas/24-008749-003/2024(H5N1)	173	7852
NP|PP755592.1|A/cattle/Texas/24-008749-003/2024(H5N1)	174	7886
NP|PP755592.1|A/cattle/Texas/24-008749-003/2024(H5N1)	175	7865
NP|PP755592.1|A/cattle/Texas/24-008749-003/2024(H5N1)	176	7861
NP|PP755592.1|A/cattle/Texas/24-008749-003/2024(H5N1)	177	7857
NP|PP755592.1|A/cattle/Texas/24-008749-003/2024(H5N1)	178	7738
NP|PP755592.1|A/cattle/Texas/24-008749-003/2024(H5N1)	179	7826
NP|PP755592.1|A/cattle/Texas/24-008749-003/2024(H5N1)	180	8019
NP|PP755592.1|A/cattle/Texas/24-008749-003/2024(H5N1)	181	8019
NP|PP755592.1|A/cattle/Texas/24-008749-003/2024(H5N1)	182	8027
NP|PP755592.1|A/cattle/Texas/24-008749-003/2024(H5N1)	183	8013
NP|PP755592.1|A/cattle/Texas/24-008749-003/2024(H5N1)	184	8132
NP|PP755592.1|A/cattle/Texas/24-008749-003/2024(H5N1)	185	8334
NP|PP755592.1|A/cattle/Texas/24-008749-003/2024(H5N1)	186	8461
NP|PP755592.1|A/cattle/Texas/24-008749-003/2024(H5N1)	187	8477
NP|PP755592.1|A/cattle/Texas/24-008749-003/2024(H5N1)	188	8519
NP|PP755592.1|A/cattle/Texas/24-008749-003/2024(H5N1)	189	8517
NP|PP755592.1|A/cattle/Texas/24-008749-003/2024(H5N1)	190	8516
NP|PP755592.1|A/cattle/Texas/24-008749-003/2024(H5N1)	191	8524
NP|PP755592.1|A/cattle/Texas/24-008749-003/2024(H5N1)	192	8527
NP|PP755592.1|A/cattle/Texas/24-008749-003/2024(H5N1)	193	8461
NP|PP755592.1|A/cattle/Texas/24-008749-003/2024(H5N1)	194	8468
NP|PP755592.1|A/cattle/Texas/24-008749-003/2024(H5N1)	195	8448
NP|PP755592.1|A/cattle/Texas/24-008749-003/2024(H5N1)	196	8465
NP|PP755592.1|A/cattle/Texas/24-008749-003/2024(H5N1)	197	8372
NP|PP755592.1|A/cattle/Texas/24-008749-003/2024(H5N1)	198	8418
NP|PP755592.1|A/cattle/Texas/24-008749-003/2024(H5N1)	199	8519
NP|PP755592.1|A/cattle/Texas/24-008749-003/2024(H5N1)	200	8508
NP|PP755592.1|A/cattle/Texas/24-008749-003/2024(H5N1)	201	8508
NP|PP755592.1|A/cattle/Texas/24-008749-003/2024(H5N1)	202	8504
NP|PP755592.1|A/cattle/Texas/24-008749-003/2024(H5N1)	203	8563
NP|PP755592.1|A/cattle/Texas/24-008749-003/2024(H5N1)	204	8449
NP|PP755592.1|A/cattle/Texas/24-008749-003/2024(H5N1)	205	8439
NP|PP755592.1|A/cattle/Texas/24-008749-003/2024(H5N1)	206	8445
NP|PP755592.1|A/cattle/Texas/24-008749-003/2024(H5N1)	207	8400
NP|PP755592.1|A/cattle/Texas/24-008749-003/2024(H5N1)	208	8455
NP|PP755592.1|A/cattle/Texas/24-008749-003/2024(H5N1)	209	8516
NP|PP755592.1|A/cattle/Texas/24-008749-003/2024(H5N1)	210	8500
NP|PP755592.1|A/cattle/Texas/24-008749-003/2024(H5N1)	211	8549
NP|PP755592.1|A/cattle/Texas/24-008749-003/2024(H5N1)	212	8548
NP|PP755592.1|A/cattle/Texas/24-008749-003/2024(H5N1)	213	8512
NP|PP755592.1|A/cattle/Texas/24-008749-003/2024(H5N1)	214	8573
NP|PP755592.1|A/cattle/Texas/24-008749-003/2024(H5N1)	215	8572
NP|PP755592.1|A/cattle/Texas/24-008749-003/2024(H5N1)	216	8558
NP|PP755592.1|A/cattle/Texas/24-008749-003/2024(H5N1)	217	8554
NP|PP755592.1|A/cattle/Texas/24-008749-003/2024(H5N1)	218	8410
NP|PP755592.1|A/cattle/Texas/24-008749-003/2024(H5N1)	219	8559
NP|PP755592.1|A/cattle/Texas/24-008749-003/2024(H5N1)	220	8529
NP|PP755592.1|A/cattle/Texas/24-008749-003/2024(H5N1)	221	8566
NP|PP755592.1|A/cattle/Texas/24-008749-003/2024(H5N1)	222	8605
NP|PP755592.1|A/cattle/Texas/24-008749-003/2024(H5N1)	223	8513
NP|PP755592.1|A/cattle/Texas/24-008749-003/2024(H5N1)	224	8554
NP|PP755592.1|A/cattle/Texas/24-008749-003/2024(H5N1)	225	8754
NP|PP755592.1|A/cattle/Texas/24-008749-003/2024(H5N1)	226	8797
NP|PP755592.1|A/cattle/Texas/24-008749-003/2024(H5N1)	227	8846
NP|PP755592.1|A/cattle/Texas/24-008749-003/2024(H5N1)	228	8741
NP|PP755592.1|A/cattle/Texas/24-008749-003/2024(H5N1)	229	8779
NP|PP755592.1|A/cattle/Texas/24-008749-003/2024(H5N1)	230	8772
NP|PP755592.1|A/cattle/Texas/24-008749-003/2024(H5N1)	231	8808
NP|PP755592.1|A/cattle/Texas/24-008749-003/2024(H5N1)	232	8838
NP|PP755592.1|A/cattle/Texas/24-008749-003/2024(H5N1)	233	8851
NP|PP755592.1|A/cattle/Texas/24-008749-003/2024(H5N1)	234	8769
NP|PP755592.1|A/cattle/Texas/24-008749-003/2024(H5N1)	235	8695
NP|PP755592.1|A/cattle/Texas/24-008749-003/2024(H5N1)	236	8690
NP|PP755592.1|A/cattle/Texas/24-008749-003/2024(H5N1)	237	8671
NP|PP755592.1|A/cattle/Texas/24-008749-003/2024(H5N1)	238	8685
NP|PP755592.1|A/cattle/Texas/24-008749-003/2024(H5N1)	239	9027
NP|PP755592.1|A/cattle/Texas/24-008749-003/2024(H5N1)	240	8917
NP|PP755592.1|A/cattle/Texas/24-008749-003/2024(H5N1)	241	9039
NP|PP755592.1|A/cattle/Texas/24-008749-003/2024(H5N1)	242	9068
NP|PP755592.1|A/cattle/Texas/24-008749-003/2024(H5N1)	243	9073
NP|PP755592.1|A/cattle/Texas/24-008749-003/2024(H5N1)	244	9153
NP|PP755592.1|A/cattle/Texas/24-008749-003/2024(H5N1)	245	9143
NP|PP755592.1|A/cattle/Texas/24-008749-003/2024(H5N1)	246	9471
NP|PP755592.1|A/cattle/Texas/24-008749-003/2024(H5N1)	247	9556
NP|PP755592.1|A/cattle/Texas/24-008749-003/2024(H5N1)	248	9560
NP|PP755592.1|A/cattle/Texas/24-008749-003/2024(H5N1)	249	9559
NP|PP755592.1|A/cattle/Texas/24-008749-003/2024(H5N1)	250	9461
NP|PP755592.1|A/cattle/Texas/24-008749-003/2024(H5N1)	251	9832
NP|PP755592.1|A/cattle/Texas/24-008749-003/2024(H5N1)	252	9912
NP|PP755592.1|A/cattle/Texas/24-008749-003/2024(H5N1)	253	10049
NP|PP755592.1|A/cattle/Texas/24-008749-003/2024(H5N1)	254	10082
NP|PP755592.1|A/cattle/Texas/24-008749-003/2024(H5N1)	255	9826
NP|PP755592.1|A/cattle/Texas/24-008749-003/2024(H5N1)	256	9859
NP|PP755592.1|A/cattle/Texas/24-008749-003/2024(H5N1)	257	9859
NP|PP755592.1|A/cattle/Texas/24-008749-003/2024(H5N1)	258	9901
NP|PP755592.1|A/cattle/Texas/24-008749-003/2024(H5N1)	259	9911
NP|PP755592.1|A/cattle/Texas/24-008749-003/2024(H5N1)	260	9589
NP|PP755592.1|A/cattle/Texas/24-008749-003/2024(H5N1)	261	9593
NP|PP755592.1|A/cattle/Texas/24-008749-003/2024(H5N1)	262	9552
NP|PP755592.1|A/cattle/Texas/24-008749-003/2024(H5N1)	263	9649
NP|PP755592.1|A/cattle/Texas/24-008749-003/2024(H5N1)	264	9645
NP|PP755592.1|A/cattle/Texas/24-008749-003/2024(H5N1)	265	9548
NP|PP755592.1|A/cattle/Texas/24-008749-003/2024(H5N1)	266	9461
NP|PP755592.1|A/cattle/Texas/24-008749-003/2024(H5N1)	267	9505
NP|PP755592.1|A/cattle/Texas/24-008749-003/2024(H5N1)	268	9516
NP|PP755592.1|A/cattle/Texas/24-008749-003/2024(H5N1)	269	9512
NP|PP755592.1|A/cattle/Texas/24-008749-003/2024(H5N1)	270	9118
NP|PP755592.1|A/cattle/Texas/24-008749-003/2024(H5N1)	271	9077
NP|PP755592.1|A/cattle/Texas/24-008749-003/2024(H5N1)	272	8893
NP|PP755592.1|A/cattle/Texas/24-008749-003/2024(H5N1)	273	8965
NP|PP755592.1|A/cattle/Texas/24-008749-003/2024(H5N1)	274	8926
NP|PP755592.1|A/cattle/Texas/24-008749-003/2024(H5N1)	275	8203
NP|PP755592.1|A/cattle/Texas/24-008749-003/2024(H5N1)	276	8129
NP|PP755592.1|A/cattle/Texas/24-008749-003/2024(H5N1)	277	8127
NP|PP755592.1|A/cattle/Texas/24-008749-003/2024(H5N1)	278	8174
NP|PP755592.1|A/cattle/Texas/24-008749-003/2024(H5N1)	279	8102
NP|PP755592.1|A/cattle/Texas/24-008749-003/2024(H5N1)	280	8142
NP|PP755592.1|A/cattle/Texas/24-008749-003/2024(H5N1)	281	8188
NP|PP755592.1|A/cattle/Texas/24-008749-003/2024(H5N1)	282	8128
NP|PP755592.1|A/cattle/Texas/24-008749-003/2024(H5N1)	283	8167
NP|PP755592.1|A/cattle/Texas/24-008749-003/2024(H5N1)	284	8148
NP|PP755592.1|A/cattle/Texas/24-008749-003/2024(H5N1)	285	8139
NP|PP755592.1|A/cattle/Texas/24-008749-003/2024(H5N1)	286	8349
NP|PP755592.1|A/cattle/Texas/24-008749-003/2024(H5N1)	287	8331
NP|PP755592.1|A/cattle/Texas/24-008749-003/2024(H5N1)	288	8164
NP|PP755592.1|A/cattle/Texas/24-008749-003/2024(H5N1)	289	8132
NP|PP755592.1|A/cattle/Texas/24-008749-003/2024(H5N1)	290	8079
NP|PP755592.1|A/cattle/Texas/24-008749-003/2024(H5N1)	291	8108
NP|PP755592.1|A/cattle/Texas/24-008749-003/2024(H5N1)	292	8090
NP|PP755592.1|A/cattle/Texas/24-008749-003/2024(H5N1)	293	8320
NP|PP755592.1|A/cattle/Texas/24-008749-003/2024(H5N1)	294	8370
NP|PP755592.1|A/cattle/Texas/24-008749-003/2024(H5N1)	295	8155
NP|PP755592.1|A/cattle/Texas/24-008749-003/2024(H5N1)	296	8145
NP|PP755592.1|A/cattle/Texas/24-008749-003/2024(H5N1)	297	8380
NP|PP755592.1|A/cattle/Texas/24-008749-003/2024(H5N1)	298	8386
NP|PP755592.1|A/cattle/Texas/24-008749-003/2024(H5N1)	299	8408
NP|PP755592.1|A/cattle/Texas/24-008749-003/2024(H5N1)	300	8369
NP|PP755592.1|A/cattle/Texas/24-008749-003/2024(H5N1)	301	8379
NP|PP755592.1|A/cattle/Texas/24-008749-003/2024(H5N1)	302	8306
NP|PP755592.1|A/cattle/Texas/24-008749-003/2024(H5N1)	303	8298
NP|PP755592.1|A/cattle/Texas/24-008749-003/2024(H5N1)	304	8283
NP|PP755592.1|A/cattle/Texas/24-008749-003/2024(H5N1)	305	8247
NP|PP755592.1|A/cattle/Texas/24-008749-003/2024(H5N1)	306	8265
NP|PP755592.1|A/cattle/Texas/24-008749-003/2024(H5N1)	307	8480
NP|PP755592.1|A/cattle/Texas/24-008749-003/2024(H5N1)	308	8449
NP|PP755592.1|A/cattle/Texas/24-008749-003/2024(H5N1)	309	8382
NP|PP755592.1|A/cattle/Texas/24-008749-003/2024(H5N1)	310	8416
NP|PP755592.1|A/cattle/Texas/24-008749-003/2024(H5N1)	311	8506
NP|PP755592.1|A/cattle/Texas/24-008749-003/2024(H5N1)	312	8507
NP|PP755592.1|A/cattle/Texas/24-008749-003/2024(H5N1)	313	8567
NP|PP755592.1|A/cattle/Texas/24-008749-003/2024(H5N1)	314	8567
NP|PP755592.1|A/cattle/Texas/24-008749-003/2024(H5N1)	315	8522
NP|PP755592.1|A/cattle/Texas/24-008749-003/2024(H5N1)	316	8562
NP|PP755592.1|A/cattle/Texas/24-008749-003/2024(H5N1)	317	8565
NP|PP755592.1|A/cattle/Texas/24-008749-003/2024(H5N1)	318	8534
NP|PP755592.1|A/cattle/Texas/24-008749-003/2024(H5N1)	319	8624
NP|PP755592.1|A/cattle/Texas/24-008749-003/2024(H5N1)	320	8504
NP|PP755592.1|A/cattle/Texas/24-008749-003/2024(H5N1)	321	8511
NP|PP755592.1|A/cattle/Texas/24-008749-003/2024(H5N1)	322	8566
NP|PP755592.1|A/cattle/Texas/24-008749-003/2024(H5N1)	323	8552
NP|PP755592.1|A/cattle/Texas/24-008749-003/2024(H5N1)	324	8561
NP|PP755592.1|A/cattle/Texas/24-008749-003/2024(H5N1)	325	8608
NP|PP755592.1|A/cattle/Texas/24-008749-003/2024(H5N1)	326	8648
NP|PP755592.1|A/cattle/Texas/24-008749-003/2024(H5N1)	327	8553
NP|PP755592.1|A/cattle/Texas/24-008749-003/2024(H5N1)	328	8712
NP|PP755592.1|A/cattle/Texas/24-008749-003/2024(H5N1)	329	8597
NP|PP755592.1|A/cattle/Texas/24-008749-003/2024(H5N1)	330	8815
NP|PP755592.1|A/cattle/Texas/24-008749-003/2024(H5N1)	331	8841
NP|PP755592.1|A/cattle/Texas/24-008749-003/2024(H5N1)	332	8865
NP|PP755592.1|A/cattle/Texas/24-008749-003/2024(H5N1)	333	8843
NP|PP755592.1|A/cattle/Texas/24-008749-003/2024(H5N1)	334	8841
NP|PP755592.1|A/cattle/Texas/24-008749-003/2024(H5N1)	335	8836
NP|PP755592.1|A/cattle/Texas/24-008749-003/2024(H5N1)	336	8651
NP|PP755592.1|A/cattle/Texas/24-008749-003/2024(H5N1)	337	8771
NP|PP755592.1|A/cattle/Texas/24-008749-003/2024(H5N1)	338	8880
NP|PP755592.1|A/cattle/Texas/24-008749-003/2024(H5N1)	339	8806
NP|PP755592.1|A/cattle/Texas/24-008749-003/2024(H5N1)	340	8894
NP|PP755592.1|A/cattle/Texas/24-008749-003/2024(H5N1)	341	8968
NP|PP755592.1|A/cattle/Texas/24-008749-003/2024(H5N1)	342	8962
NP|PP755592.1|A/cattle/Texas/24-008749-003/2024(H5N1)	343	8959
NP|PP755592.1|A/cattle/Texas/24-008749-003/2024(H5N1)	344	8927
NP|PP755592.1|A/cattle/Texas/24-008749-003/2024(H5N1)	345	8917
NP|PP755592.1|A/cattle/Texas/24-008749-003/2024(H5N1)	346	8991
NP|PP755592.1|A/cattle/Texas/24-008749-003/2024(H5N1)	347	9021
NP|PP755592.1|A/cattle/Texas/24-008749-003/2024(H5N1)	348	8980
NP|PP755592.1|A/cattle/Texas/24-008749-003/2024(H5N1)	349	8884
NP|PP755592.1|A/cattle/Texas/24-008749-003/2024(H5N1)	350	8914
NP|PP755592.1|A/cattle/Texas/24-008749-003/2024(H5N1)	351	8986
NP|PP755592.1|A/cattle/Texas/24-008749-003/2024(H5N1)	352	8951
NP|PP755592.1|A/cattle/Texas/24-008749-003/2024(H5N1)	353	8950
NP|PP755592.1|A/cattle/Texas/24-008749-003/2024(H5N1)	354	9175
NP|PP755592.1|A/cattle/Texas/24-008749-003/2024(H5N1)	355	9166
NP|PP755592.1|A/cattle/Texas/24-008749-003/2024(H5N1)	356	9177
NP|PP755592.1|A/cattle/Texas/24-008749-003/2024(H5N1)	357	9222
NP|PP755592.1|A/cattle/Texas/24-008749-003/2024(H5N1)	358	9228
NP|PP755592.1|A/cattle/Texas/24-008749-003/2024(H5N1)	359	9099
NP|PP755592.1|A/cattle/Texas/24-008749-003/2024(H5N1)	360	9089
NP|PP755592.1|A/cattle/Texas/24-008749-003/2024(H5N1)	361	9020
NP|PP755592.1|A/cattle/Texas/24-008749-003/2024(H5N1)	362	9016
NP|PP755592.1|A/cattle/Texas/24-008749-003/2024(H5N1)	363	9117
NP|PP755592.1|A/cattle/Texas/24-008749-003/2024(H5N1)	364	9260
NP|PP755592.1|A/cattle/Texas/24-008749-003/2024(H5N1)	365	9266
NP|PP755592.1|A/cattle/Texas/24-008749-003/2024(H5N1)	366	9341
NP|PP755592.1|A/cattle/Texas/24-008749-003/2024(H5N1)	367	9395
NP|PP755592.1|A/cattle/Texas/24-008749-003/2024(H5N1)	368	9251
NP|PP755592.1|A/cattle/Texas/24-008749-003/2024(H5N1)	369	9326
NP|PP755592.1|A/cattle/Texas/24-008749-003/2024(H5N1)	370	9348
NP|PP755592.1|A/cattle/Texas/24-008749-003/2024(H5N1)	371	9398
NP|PP755592.1|A/cattle/Texas/24-008749-003/2024(H5N1)	372	9512
NP|PP755592.1|A/cattle/Texas/24-008749-003/2024(H5N1)	373	9519
NP|PP755592.1|A/cattle/Texas/24-008749-003/2024(H5N1)	374	10150
NP|PP755592.1|A/cattle/Texas/24-008749-003/2024(H5N1)	375	10021
NP|PP755592.1|A/cattle/Texas/24-008749-003/2024(H5N1)	376	9891
NP|PP755592.1|A/cattle/Texas/24-008749-003/2024(H5N1)	377	9891
NP|PP755592.1|A/cattle/Texas/24-008749-003/2024(H5N1)	378	9854
NP|PP755592.1|A/cattle/Texas/24-008749-003/2024(H5N1)	379	9852
NP|PP755592.1|A/cattle/Texas/24-008749-003/2024(H5N1)	380	9767
NP|PP755592.1|A/cattle/Texas/24-008749-003/2024(H5N1)	381	10062
NP|PP755592.1|A/cattle/Texas/24-008749-003/2024(H5N1)	382	9995
NP|PP755592.1|A/cattle/Texas/24-008749-003/2024(H5N1)	383	10118
NP|PP755592.1|A/cattle/Texas/24-008749-003/2024(H5N1)	384	10102
NP|PP755592.1|A/cattle/Texas/24-008749-003/2024(H5N1)	385	10081
NP|PP755592.1|A/cattle/Texas/24-008749-003/2024(H5N1)	386	10124
NP|PP755592.1|A/cattle/Texas/24-008749-003/2024(H5N1)	387	10116
NP|PP755592.1|A/cattle/Texas/24-008749-003/2024(H5N1)	388	10118
NP|PP755592.1|A/cattle/Texas/24-008749-003/2024(H5N1)	389	10155
NP|PP755592.1|A/cattle/Texas/24-008749-003/2024(H5N1)	390	9775
NP|PP755592.1|A/cattle/Texas/24-008749-003/2024(H5N1)	391	9780
NP|PP755592.1|A/cattle/Texas/24-008749-003/2024(H5N1)	392	9776
NP|PP755592.1|A/cattle/Texas/24-008749-003/2024(H5N1)	393	9763
NP|PP755592.1|A/cattle/Texas/24-008749-003/2024(H5N1)	394	9850
NP|PP755592.1|A/cattle/Texas/24-008749-003/2024(H5N1)	395	9847
NP|PP755592.1|A/cattle/Texas/24-008749-003/2024(H5N1)	396	9861
NP|PP755592.1|A/cattle/Texas/24-008749-003/2024(H5N1)	397	9590
NP|PP755592.1|A/cattle/Texas/24-008749-003/2024(H5N1)	398	9465
NP|PP755592.1|A/cattle/Texas/24-008749-003/2024(H5N1)	399	9501
NP|PP755592.1|A/cattle/Texas/24-008749-003/2024(H5N1)	400	9492
NP|PP755592.1|A/cattle/Texas/24-008749-003/2024(H5N1)	401	9152
NP|PP755592.1|A/cattle/Texas/24-008749-003/2024(H5N1)	402	9248
NP|PP755592.1|A/cattle/Texas/24-008749-003/2024(H5N1)	403	9088
NP|PP755592.1|A/cattle/Texas/24-008749-003/2024(H5N1)	404	9129
NP|PP755592.1|A/cattle/Texas/24-008749-003/2024(H5N1)	405	9200
NP|PP755592.1|A/cattle/Texas/24-008749-003/2024(H5N1)	406	9244
NP|PP755592.1|A/cattle/Texas/24-008749-003/2024(H5N1)	407	9217
NP|PP755592.1|A/cattle/Texas/24-008749-003/2024(H5N1)	408	9182
NP|PP755592.1|A/cattle/Texas/24-008749-003/2024(H5N1)	409	9175
NP|PP755592.1|A/cattle/Texas/24-008749-003/2024(H5N1)	410	9177
NP|PP755592.1|A/cattle/Texas/24-008749-003/2024(H5N1)	411	9181
NP|PP755592.1|A/cattle/Texas/24-008749-003/2024(H5N1)	412	9116
NP|PP755592.1|A/cattle/Texas/24-008749-003/2024(H5N1)	413	9277
NP|PP755592.1|A/cattle/Texas/24-008749-003/2024(H5N1)	414	9180
NP|PP755592.1|A/cattle/Texas/24-008749-003/2024(H5N1)	415	9178
NP|PP755592.1|A/cattle/Texas/24-008749-003/2024(H5N1)	416	9116
NP|PP755592.1|A/cattle/Texas/24-008749-003/2024(H5N1)	417	9119
NP|PP755592.1|A/cattle/Texas/24-008749-003/2024(H5N1)	418	9184
NP|PP755592.1|A/cattle/Texas/24-008749-003/2024(H5N1)	419	9210
NP|PP755592.1|A/cattle/Texas/24-008749-003/2024(H5N1)	420	9198
NP|PP755592.1|A/cattle/Texas/24-008749-003/2024(H5N1)	421	9179
NP|PP755592.1|A/cattle/Texas/24-008749-003/2024(H5N1)	422	9167
NP|PP755592.1|A/cattle/Texas/24-008749-003/2024(H5N1)	423	9131
NP|PP755592.1|A/cattle/Texas/24-008749-003/2024(H5N1)	424	9274
NP|PP755592.1|A/cattle/Texas/24-008749-003/2024(H5N1)	425	9293
NP|PP755592.1|A/cattle/Texas/24-008749-003/2024(H5N1)	426	9269
NP|PP755592.1|A/cattle/Texas/24-008749-003/2024(H5N1)	427	9280
NP|PP755592.1|A/cattle/Texas/24-008749-003/2024(H5N1)	428	9228
NP|PP755592.1|A/cattle/Texas/24-008749-003/2024(H5N1)	429	9283
NP|PP755592.1|A/cattle/Texas/24-008749-003/2024(H5N1)	430	9289
NP|PP755592.1|A/cattle/Texas/24-008749-003/2024(H5N1)	431	9251
NP|PP755592.1|A/cattle/Texas/24-008749-003/2024(H5N1)	432	9258
NP|PP755592.1|A/cattle/Texas/24-008749-003/2024(H5N1)	433	9168
NP|PP755592.1|A/cattle/Texas/24-008749-003/2024(H5N1)	434	9185
NP|PP755592.1|A/cattle/Texas/24-008749-003/2024(H5N1)	435	9182
NP|PP755592.1|A/cattle/Texas/24-008749-003/2024(H5N1)	436	9206
NP|PP755592.1|A/cattle/Texas/24-008749-003/2024(H5N1)	437	9170
NP|PP755592.1|A/cattle/Texas/24-008749-003/2024(H5N1)	438	9032
NP|PP755592.1|A/cattle/Texas/24-008749-003/2024(H5N1)	439	9143
NP|PP755592.1|A/cattle/Texas/24-008749-003/2024(H5N1)	440	9146
NP|PP755592.1|A/cattle/Texas/24-008749-003/2024(H5N1)	441	9163
NP|PP755592.1|A/cattle/Texas/24-008749-003/2024(H5N1)	442	9157
NP|PP755592.1|A/cattle/Texas/24-008749-003/2024(H5N1)	443	9101
NP|PP755592.1|A/cattle/Texas/24-008749-003/2024(H5N1)	444	9052
NP|PP755592.1|A/cattle/Texas/24-008749-003/2024(H5N1)	445	9008
NP|PP755592.1|A/cattle/Texas/24-008749-003/2024(H5N1)	446	8821
NP|PP755592.1|A/cattle/Texas/24-008749-003/2024(H5N1)	447	8839
NP|PP755592.1|A/cattle/Texas/24-008749-003/2024(H5N1)	448	8897
NP|PP755592.1|A/cattle/Texas/24-008749-003/2024(H5N1)	449	9074
NP|PP755592.1|A/cattle/Texas/24-008749-003/2024(H5N1)	450	9071
NP|PP755592.1|A/cattle/Texas/24-008749-003/2024(H5N1)	451	9074
NP|PP755592.1|A/cattle/Texas/24-008749-003/2024(H5N1)	452	9096
NP|PP755592.1|A/cattle/Texas/24-008749-003/2024(H5N1)	453	8914
NP|PP755592.1|A/cattle/Texas/24-008749-003/2024(H5N1)	454	8910
NP|PP755592.1|A/cattle/Texas/24-008749-003/2024(H5N1)	455	8958
NP|PP755592.1|A/cattle/Texas/24-008749-003/2024(H5N1)	456	8933
NP|PP755592.1|A/cattle/Texas/24-008749-003/2024(H5N1)	457	8960
NP|PP755592.1|A/cattle/Texas/24-008749-003/2024(H5N1)	458	8802
NP|PP755592.1|A/cattle/Texas/24-008749-003/2024(H5N1)	459	8789
NP|PP755592.1|A/cattle/Texas/24-008749-003/2024(H5N1)	460	8781
NP|PP755592.1|A/cattle/Texas/24-008749-003/2024(H5N1)	461	8730
NP|PP755592.1|A/cattle/Texas/24-008749-003/2024(H5N1)	462	8757
NP|PP755592.1|A/cattle/Texas/24-008749-003/2024(H5N1)	463	8770
NP|PP755592.1|A/cattle/Texas/24-008749-003/2024(H5N1)	464	8696
NP|PP755592.1|A/cattle/Texas/24-008749-003/2024(H5N1)	465	8678
NP|PP755592.1|A/cattle/Texas/24-008749-003/2024(H5N1)	466	8636
NP|PP755592.1|A/cattle/Texas/24-008749-003/2024(H5N1)	467	8702
NP|PP755592.1|A/cattle/Texas/24-008749-003/2024(H5N1)	468	8733
NP|PP755592.1|A/cattle/Texas/24-008749-003/2024(H5N1)	469	8585
NP|PP755592.1|A/cattle/Texas/24-008749-003/2024(H5N1)	470	8459
NP|PP755592.1|A/cattle/Texas/24-008749-003/2024(H5N1)	471	8450
NP|PP755592.1|A/cattle/Texas/24-008749-003/2024(H5N1)	472	8595
NP|PP755592.1|A/cattle/Texas/24-008749-003/2024(H5N1)	473	8634
NP|PP755592.1|A/cattle/Texas/24-008749-003/2024(H5N1)	474	8699
NP|PP755592.1|A/cattle/Texas/24-008749-003/2024(H5N1)	475	8692
NP|PP755592.1|A/cattle/Texas/24-008749-003/2024(H5N1)	476	8607
NP|PP755592.1|A/cattle/Texas/24-008749-003/2024(H5N1)	477	8584
NP|PP755592.1|A/cattle/Texas/24-008749-003/2024(H5N1)	478	8621
NP|PP755592.1|A/cattle/Texas/24-008749-003/2024(H5N1)	479	8581
NP|PP755592.1|A/cattle/Texas/24-008749-003/2024(H5N1)	480	8733
NP|PP755592.1|A/cattle/Texas/24-008749-003/2024(H5N1)	481	8588
NP|PP755592.1|A/cattle/Texas/24-008749-003/2024(H5N1)	482	8540
NP|PP755592.1|A/cattle/Texas/24-008749-003/2024(H5N1)	483	8592
NP|PP755592.1|A/cattle/Texas/24-008749-003/2024(H5N1)	484	8698
NP|PP755592.1|A/cattle/Texas/24-008749-003/2024(H5N1)	485	8714
NP|PP755592.1|A/cattle/Texas/24-008749-003/2024(H5N1)	486	8699
NP|PP755592.1|A/cattle/Texas/24-008749-003/2024(H5N1)	487	8683
NP|PP755592.1|A/cattle/Texas/24-008749-003/2024(H5N1)	488	8248
NP|PP755592.1|A/cattle/Texas/24-008749-003/2024(H5N1)	489	8150
NP|PP755592.1|A/cattle/Texas/24-008749-003/2024(H5N1)	490	8073
NP|PP755592.1|A/cattle/Texas/24-008749-003/2024(H5N1)	491	8040
NP|PP755592.1|A/cattle/Texas/24-008749-003/2024(H5N1)	492	8049
NP|PP755592.1|A/cattle/Texas/24-008749-003/2024(H5N1)	493	7961
NP|PP755592.1|A/cattle/Texas/24-008749-003/2024(H5N1)	494	8055
NP|PP755592.1|A/cattle/Texas/24-008749-003/2024(H5N1)	495	7973
NP|PP755592.1|A/cattle/Texas/24-008749-003/2024(H5N1)	496	8088
NP|PP755592.1|A/cattle/Texas/24-008749-003/2024(H5N1)	497	8103
NP|PP755592.1|A/cattle/Texas/24-008749-003/2024(H5N1)	498	8084
NP|PP755592.1|A/cattle/Texas/24-008749-003/2024(H5N1)	499	8297
NP|PP755592.1|A/cattle/Texas/24-008749-003/2024(H5N1)	500	8273
NP|PP755592.1|A/cattle/Texas/24-008749-003/2024(H5N1)	501	8233
NP|PP755592.1|A/cattle/Texas/24-008749-003/2024(H5N1)	502	8249
NP|PP755592.1|A/cattle/Texas/24-008749-003/2024(H5N1)	503	8025
NP|PP755592.1|A/cattle/Texas/24-008749-003/2024(H5N1)	504	8096
NP|PP755592.1|A/cattle/Texas/24-008749-003/2024(H5N1)	505	8009
NP|PP755592.1|A/cattle/Texas/24-008749-003/2024(H5N1)	506	8278
NP|PP755592.1|A/cattle/Texas/24-008749-003/2024(H5N1)	507	8269
NP|PP755592.1|A/cattle/Texas/24-008749-003/2024(H5N1)	508	8201
NP|PP755592.1|A/cattle/Texas/24-008749-003/2024(H5N1)	509	8217
NP|PP755592.1|A/cattle/Texas/24-008749-003/2024(H5N1)	510	8473
NP|PP755592.1|A/cattle/Texas/24-008749-003/2024(H5N1)	511	8538
NP|PP755592.1|A/cattle/Texas/24-008749-003/2024(H5N1)	512	8581
NP|PP755592.1|A/cattle/Texas/24-008749-003/2024(H5N1)	513	8510
NP|PP755592.1|A/cattle/Texas/24-008749-003/2024(H5N1)	514	8670
NP|PP755592.1|A/cattle/Texas/24-008749-003/2024(H5N1)	515	8468
NP|PP755592.1|A/cattle/Texas/24-008749-003/2024(H5N1)	516	9123
NP|PP755592.1|A/cattle/Texas/24-008749-003/2024(H5N1)	517	9096
NP|PP755592.1|A/cattle/Texas/24-008749-003/2024(H5N1)	518	9069
NP|PP755592.1|A/cattle/Texas/24-008749-003/2024(H5N1)	519	9092
NP|PP755592.1|A/cattle/Texas/24-008749-003/2024(H5N1)	520	9014
NP|PP755592.1|A/cattle/Texas/24-008749-003/2024(H5N1)	521	8997
NP|PP755592.1|A/cattle/Texas/24-008749-003/2024(H5N1)	522	8955
NP|PP755592.1|A/cattle/Texas/24-008749-003/2024(H5N1)	523	8834
NP|PP755592.1|A/cattle/Texas/24-008749-003/2024(H5N1)	524	8825
NP|PP755592.1|A/cattle/Texas/24-008749-003/2024(H5N1)	525	8381
NP|PP755592.1|A/cattle/Texas/24-008749-003/2024(H5N1)	526	8397
NP|PP755592.1|A/cattle/Texas/24-008749-003/2024(H5N1)	527	8381
NP|PP755592.1|A/cattle/Texas/24-008749-003/2024(H5N1)	528	8370
NP|PP755592.1|A/cattle/Texas/24-008749-003/2024(H5N1)	529	8354
NP|PP755592.1|A/cattle/Texas/24-008749-003/2024(H5N1)	530	8369
NP|PP755592.1|A/cattle/Texas/24-008749-003/2024(H5N1)	531	8371
NP|PP755592.1|A/cattle/Texas/24-008749-003/2024(H5N1)	532	8110
NP|PP755592.1|A/cattle/Texas/24-008749-003/2024(H5N1)	533	8060
NP|PP755592.1|A/cattle/Texas/24-008749-003/2024(H5N1)	534	8016
NP|PP755592.1|A/cattle/Texas/24-008749-003/2024(H5N1)	535	8084
NP|PP755592.1|A/cattle/Texas/24-008749-003/2024(H5N1)	536	8058
NP|PP755592.1|A/cattle/Texas/24-008749-003/2024(H5N1)	537	8056
NP|PP755592.1|A/cattle/Texas/24-008749-003/2024(H5N1)	538	8057
NP|PP755592.1|A/cattle/Texas/24-008749-003/2024(H5N1)	539	8128
NP|PP755592.1|A/cattle/Texas/24-008749-003/2024(H5N1)	540	8005
NP|PP755592.1|A/cattle/Texas/24-008749-003/2024(H5N1)	541	8007
NP|PP755592.1|A/cattle/Texas/24-008749-003/2024(H5N1)	542	8004
NP|PP755592.1|A/cattle/Texas/24-008749-003/2024(H5N1)	543	7942
NP|PP755592.1|A/cattle/Texas/24-008749-003/2024(H5N1)	544	8063
NP|PP755592.1|A/cattle/Texas/24-008749-003/2024(H5N1)	545	7927
NP|PP755592.1|A/cattle/Texas/24-008749-003/2024(H5N1)	546	8012
NP|PP755592.1|A/cattle/Texas/24-008749-003/2024(H5N1)	547	8147
NP|PP755592.1|A/cattle/Texas/24-008749-003/2024(H5N1)	548	8316
NP|PP755592.1|A/cattle/Texas/24-008749-003/2024(H5N1)	549	8341
NP|PP755592.1|A/cattle/Texas/24-008749-003/2024(H5N1)	550	8315
NP|PP755592.1|A/cattle/Texas/24-008749-003/2024(H5N1)	551	8316
NP|PP755592.1|A/cattle/Texas/24-008749-003/2024(H5N1)	552	8308
NP|PP755592.1|A/cattle/Texas/24-008749-003/2024(H5N1)	553	8202
NP|PP755592.1|A/cattle/Texas/24-008749-003/2024(H5N1)	554	8508
NP|PP755592.1|A/cattle/Texas/24-008749-003/2024(H5N1)	555	8436
NP|PP755592.1|A/cattle/Texas/24-008749-003/2024(H5N1)	556	8357
NP|PP755592.1|A/cattle/Texas/24-008749-003/2024(H5N1)	557	8379
NP|PP755592.1|A/cattle/Texas/24-008749-003/2024(H5N1)	558	8418
NP|PP755592.1|A/cattle/Texas/24-008749-003/2024(H5N1)	559	8420
NP|PP755592.1|A/cattle/Texas/24-008749-003/2024(H5N1)	560	8566
NP|PP755592.1|A/cattle/Texas/24-008749-003/2024(H5N1)	561	8574
NP|PP755592.1|A/cattle/Texas/24-008749-003/2024(H5N1)	562	8567
NP|PP755592.1|A/cattle/Texas/24-008749-003/2024(H5N1)	563	8556
NP|PP755592.1|A/cattle/Texas/24-008749-003/2024(H5N1)	564	8340
NP|PP755592.1|A/cattle/Texas/24-008749-003/2024(H5N1)	565	8467
NP|PP755592.1|A/cattle/Texas/24-008749-003/2024(H5N1)	566	8543
NP|PP755592.1|A/cattle/Texas/24-008749-003/2024(H5N1)	567	8560
NP|PP755592.1|A/cattle/Texas/24-008749-003/2024(H5N1)	568	8588
NP|PP755592.1|A/cattle/Texas/24-008749-003/2024(H5N1)	569	8454
NP|PP755592.1|A/cattle/Texas/24-008749-003/2024(H5N1)	570	8848
NP|PP755592.1|A/cattle/Texas/24-008749-003/2024(H5N1)	571	8875
NP|PP755592.1|A/cattle/Texas/24-008749-003/2024(H5N1)	572	8872
NP|PP755592.1|A/cattle/Texas/24-008749-003/2024(H5N1)	573	8880
NP|PP755592.1|A/cattle/Texas/24-008749-003/2024(H5N1)	574	8930
NP|PP755592.1|A/cattle/Texas/24-008749-003/2024(H5N1)	575	8803
NP|PP755592.1|A/cattle/Texas/24-008749-003/2024(H5N1)	576	8928
NP|PP755592.1|A/cattle/Texas/24-008749-003/2024(H5N1)	577	8908
NP|PP755592.1|A/cattle/Texas/24-008749-003/2024(H5N1)	578	8910
NP|PP755592.1|A/cattle/Texas/24-008749-003/2024(H5N1)	579	8970
NP|PP755592.1|A/cattle/Texas/24-008749-003/2024(H5N1)	580	9005
NP|PP755592.1|A/cattle/Texas/24-008749-003/2024(H5N1)	581	9094
NP|PP755592.1|A/cattle/Texas/24-008749-003/2024(H5N1)	582	9132
NP|PP755592.1|A/cattle/Texas/24-008749-003/2024(H5N1)	583	9065
NP|PP755592.1|A/cattle/Texas/24-008749-003/2024(H5N1)	584	9065
NP|PP755592.1|A/cattle/Texas/24-008749-003/2024(H5N1)	585	9011
NP|PP755592.1|A/cattle/Texas/24-008749-003/2024(H5N1)	586	9046
NP|PP755592.1|A/cattle/Texas/24-008749-003/2024(H5N1)	587	9005
NP|PP755592.1|A/cattle/Texas/24-008749-003/2024(H5N1)	588	9076
NP|PP755592.1|A/cattle/Texas/24-008749-003/2024(H5N1)	589	9080
NP|PP755592.1|A/cattle/Texas/24-008749-003/2024(H5N1)	590	9016
NP|PP755592.1|A/cattle/Texas/24-008749-003/2024(H5N1)	591	9028
NP|PP755592.1|A/cattle/Texas/24-008749-003/2024(H5N1)	592	9039
NP|PP755592.1|A/cattle/Texas/24-008749-003/2024(H5N1)	593	9112
NP|PP755592.1|A/cattle/Texas/24-008749-003/2024(H5N1)	594	9109
NP|PP755592.1|A/cattle/Texas/24-008749-003/2024(H5N1)	595	8942
NP|PP755592.1|A/cattle/Texas/24-008749-003/2024(H5N1)	596	8956
NP|PP755592.1|A/cattle/Texas/24-008749-003/2024(H5N1)	597	8773
NP|PP755592.1|A/cattle/Texas/24-008749-003/2024(H5N1)	598	8768
NP|PP755592.1|A/cattle/Texas/24-008749-003/2024(H5N1)	599	8824
NP|PP755592.1|A/cattle/Texas/24-008749-003/2024(H5N1)	600	8669
NP|PP755592.1|A/cattle/Texas/24-008749-003/2024(H5N1)	601	8698
NP|PP755592.1|A/cattle/Texas/24-008749-003/2024(H5N1)	602	8677
NP|PP755592.1|A/cattle/Texas/24-008749-003/2024(H5N1)	603	8652
NP|PP755592.1|A/cattle/Texas/24-008749-003/2024(H5N1)	604	8683
NP|PP755592.1|A/cattle/Texas/24-008749-003/2024(H5N1)	605	8681
NP|PP755592.1|A/cattle/Texas/24-008749-003/2024(H5N1)	606	8611
NP|PP755592.1|A/cattle/Texas/24-008749-003/2024(H5N1)	607	8600
NP|PP755592.1|A/cattle/Texas/24-008749-003/2024(H5N1)	608	8564
NP|PP755592.1|A/cattle/Texas/24-008749-003/2024(H5N1)	609	8529
NP|PP755592.1|A/cattle/Texas/24-008749-003/2024(H5N1)	610	8405
NP|PP755592.1|A/cattle/Texas/24-008749-003/2024(H5N1)	611	8404
NP|PP755592.1|A/cattle/Texas/24-008749-003/2024(H5N1)	612	8450
NP|PP755592.1|A/cattle/Texas/24-008749-003/2024(H5N1)	613	8446
NP|PP755592.1|A/cattle/Texas/24-008749-003/2024(H5N1)	614	8486
NP|PP755592.1|A/cattle/Texas/24-008749-003/2024(H5N1)	615	8614
NP|PP755592.1|A/cattle/Texas/24-008749-003/2024(H5N1)	616	8691
NP|PP755592.1|A/cattle/Texas/24-008749-003/2024(H5N1)	617	8692
NP|PP755592.1|A/cattle/Texas/24-008749-003/2024(H5N1)	618	8527
NP|PP755592.1|A/cattle/Texas/24-008749-003/2024(H5N1)	619	8527
NP|PP755592.1|A/cattle/Texas/24-008749-003/2024(H5N1)	620	8528
NP|PP755592.1|A/cattle/Texas/24-008749-003/2024(H5N1)	621	8523
NP|PP755592.1|A/cattle/Texas/24-008749-003/2024(H5N1)	622	8556
NP|PP755592.1|A/cattle/Texas/24-008749-003/2024(H5N1)	623	8385
NP|PP755592.1|A/cattle/Texas/24-008749-003/2024(H5N1)	624	8290
NP|PP755592.1|A/cattle/Texas/24-008749-003/2024(H5N1)	625	8346
NP|PP755592.1|A/cattle/Texas/24-008749-003/2024(H5N1)	626	8352
NP|PP755592.1|A/cattle/Texas/24-008749-003/2024(H5N1)	627	8411
NP|PP755592.1|A/cattle/Texas/24-008749-003/2024(H5N1)	628	8416
NP|PP755592.1|A/cattle/Texas/24-008749-003/2024(H5N1)	629	8395
NP|PP755592.1|A/cattle/Texas/24-008749-003/2024(H5N1)	630	8127
NP|PP755592.1|A/cattle/Texas/24-008749-003/2024(H5N1)	631	7986
NP|PP755592.1|A/cattle/Texas/24-008749-003/2024(H5N1)	632	7966
NP|PP755592.1|A/cattle/Texas/24-008749-003/2024(H5N1)	633	7961
NP|PP755592.1|A/cattle/Texas/24-008749-003/2024(H5N1)	634	7896
NP|PP755592.1|A/cattle/Texas/24-008749-003/2024(H5N1)	635	7795
NP|PP755592.1|A/cattle/Texas/24-008749-003/2024(H5N1)	636	7826
NP|PP755592.1|A/cattle/Texas/24-008749-003/2024(H5N1)	637	7759
NP|PP755592.1|A/cattle/Texas/24-008749-003/2024(H5N1)	638	7745
NP|PP755592.1|A/cattle/Texas/24-008749-003/2024(H5N1)	639	7787
NP|PP755592.1|A/cattle/Texas/24-008749-003/2024(H5N1)	640	7738
NP|PP755592.1|A/cattle/Texas/24-008749-003/2024(H5N1)	641	7897
NP|PP755592.1|A/cattle/Texas/24-008749-003/2024(H5N1)	642	8045
NP|PP755592.1|A/cattle/Texas/24-008749-003/2024(H5N1)	643	8041
NP|PP755592.1|A/cattle/Texas/24-008749-003/2024(H5N1)	644	7854
NP|PP755592.1|A/cattle/Texas/24-008749-003/2024(H5N1)	645	7858
NP|PP755592.1|A/cattle/Texas/24-008749-003/2024(H5N1)	646	7847
NP|PP755592.1|A/cattle/Texas/24-008749-003/2024(H5N1)	647	7801
NP|PP755592.1|A/cattle/Texas/24-008749-003/2024(H5N1)	648	8025
NP|PP755592.1|A/cattle/Texas/24-008749-003/2024(H5N1)	649	8017
NP|PP755592.1|A/cattle/Texas/24-008749-003/2024(H5N1)	650	8020
NP|PP755592.1|A/cattle/Texas/24-008749-003/2024(H5N1)	651	8064
NP|PP755592.1|A/cattle/Texas/24-008749-003/2024(H5N1)	652	8388
NP|PP755592.1|A/cattle/Texas/24-008749-003/2024(H5N1)	653	8412
NP|PP755592.1|A/cattle/Texas/24-008749-003/2024(H5N1)	654	8326
NP|PP755592.1|A/cattle/Texas/24-008749-003/2024(H5N1)	655	8311
NP|PP755592.1|A/cattle/Texas/24-008749-003/2024(H5N1)	656	8309
NP|PP755592.1|A/cattle/Texas/24-008749-003/2024(H5N1)	657	8119
NP|PP755592.1|A/cattle/Texas/24-008749-003/2024(H5N1)	658	8124
NP|PP755592.1|A/cattle/Texas/24-008749-003/2024(H5N1)	659	8184
NP|PP755592.1|A/cattle/Texas/24-008749-003/2024(H5N1)	660	8168
NP|PP755592.1|A/cattle/Texas/24-008749-003/2024(H5N1)	661	7933
NP|PP755592.1|A/cattle/Texas/24-008749-003/2024(H5N1)	662	7877
NP|PP755592.1|A/cattle/Texas/24-008749-003/2024(H5N1)	663	8041
NP|PP755592.1|A/cattle/Texas/24-008749-003/2024(H5N1)	664	8109
NP|PP755592.1|A/cattle/Texas/24-008749-003/2024(H5N1)	665	7924
NP|PP755592.1|A/cattle/Texas/24-008749-003/2024(H5N1)	666	7981
NP|PP755592.1|A/cattle/Texas/24-008749-003/2024(H5N1)	667	7311
NP|PP755592.1|A/cattle/Texas/24-008749-003/2024(H5N1)	668	7312
NP|PP755592.1|A/cattle/Texas/24-008749-003/2024(H5N1)	669	7406
NP|PP755592.1|A/cattle/Texas/24-008749-003/2024(H5N1)	670	7399
NP|PP755592.1|A/cattle/Texas/24-008749-003/2024(H5N1)	671	7411
NP|PP755592.1|A/cattle/Texas/24-008749-003/2024(H5N1)	672	7587
NP|PP755592.1|A/cattle/Texas/24-008749-003/2024(H5N1)	673	7547
NP|PP755592.1|A/cattle/Texas/24-008749-003/2024(H5N1)	674	7556
NP|PP755592.1|A/cattle/Texas/24-008749-003/2024(H5N1)	675	7374
NP|PP755592.1|A/cattle/Texas/24-008749-003/2024(H5N1)	676	7365
NP|PP755592.1|A/cattle/Texas/24-008749-003/2024(H5N1)	677	7455
NP|PP755592.1|A/cattle/Texas/24-008749-003/2024(H5N1)	678	7463
NP|PP755592.1|A/cattle/Texas/24-008749-003/2024(H5N1)	679	7471
NP|PP755592.1|A/cattle/Texas/24-008749-003/2024(H5N1)	680	7453
NP|PP755592.1|A/cattle/Texas/24-008749-003/2024(H5N1)	681	7451
NP|PP755592.1|A/cattle/Texas/24-008749-003/2024(H5N1)	682	7529
NP|PP755592.1|A/cattle/Texas/24-008749-003/2024(H5N1)	683	7574
NP|PP755592.1|A/cattle/Texas/24-008749-003/2024(H5N1)	684	7571
NP|PP755592.1|A/cattle/Texas/24-008749-003/2024(H5N1)	685	7532
NP|PP755592.1|A/cattle/Texas/24-008749-003/2024(H5N1)	686	7464
NP|PP755592.1|A/cattle/Texas/24-008749-003/2024(H5N1)	687	7658
NP|PP755592.1|A/cattle/Texas/24-008749-003/2024(H5N1)	688	7723
NP|PP755592.1|A/cattle/Texas/24-008749-003/2024(H5N1)	689	7707
NP|PP755592.1|A/cattle/Texas/24-008749-003/2024(H5N1)	690	7698
NP|PP755592.1|A/cattle/Texas/24-008749-003/2024(H5N1)	691	7672
NP|PP755592.1|A/cattle/Texas/24-008749-003/2024(H5N1)	692	7680
NP|PP755592.1|A/cattle/Texas/24-008749-003/2024(H5N1)	693	7696
NP|PP755592.1|A/cattle/Texas/24-008749-003/2024(H5N1)	694	7688
NP|PP755592.1|A/cattle/Texas/24-008749-003/2024(H5N1)	695	7734
NP|PP755592.1|A/cattle/Texas/24-008749-003/2024(H5N1)	696	7512
NP|PP755592.1|A/cattle/Texas/24-008749-003/2024(H5N1)	697	7493
NP|PP755592.1|A/cattle/Texas/24-008749-003/2024(H5N1)	698	7531
NP|PP755592.1|A/cattle/Texas/24-008749-003/2024(H5N1)	699	7510
NP|PP755592.1|A/cattle/Texas/24-008749-003/2024(H5N1)	700	7519
NP|PP755592.1|A/cattle/Texas/24-008749-003/2024(H5N1)	701	7569
NP|PP755592.1|A/cattle/Texas/24-008749-003/2024(H5N1)	702	7577
NP|PP755592.1|A/cattle/Texas/24-008749-003/2024(H5N1)	703	7767
NP|PP755592.1|A/cattle/Texas/24-008749-003/2024(H5N1)	704	7600
NP|PP755592.1|A/cattle/Texas/24-008749-003/2024(H5N1)	705	7399
NP|PP755592.1|A/cattle/Texas/24-008749-003/2024(H5N1)	706	7285
NP|PP755592.1|A/cattle/Texas/24-008749-003/2024(H5N1)	707	7404
NP|PP755592.1|A/cattle/Texas/24-008749-003/2024(H5N1)	708	7444
NP|PP755592.1|A/cattle/Texas/24-008749-003/2024(H5N1)	709	7411
NP|PP755592.1|A/cattle/Texas/24-008749-003/2024(H5N1)	710	7804
NP|PP755592.1|A/cattle/Texas/24-008749-003/2024(H5N1)	711	7817
NP|PP755592.1|A/cattle/Texas/24-008749-003/2024(H5N1)	712	8234
NP|PP755592.1|A/cattle/Texas/24-008749-003/2024(H5N1)	713	8336
NP|PP755592.1|A/cattle/Texas/24-008749-003/2024(H5N1)	714	8327
NP|PP755592.1|A/cattle/Texas/24-008749-003/2024(H5N1)	715	8346
NP|PP755592.1|A/cattle/Texas/24-008749-003/2024(H5N1)	716	8208
NP|PP755592.1|A/cattle/Texas/24-008749-003/2024(H5N1)	717	8146
NP|PP755592.1|A/cattle/Texas/24-008749-003/2024(H5N1)	718	8278
NP|PP755592.1|A/cattle/Texas/24-008749-003/2024(H5N1)	719	8309
NP|PP755592.1|A/cattle/Texas/24-008749-003/2024(H5N1)	720	8592
NP|PP755592.1|A/cattle/Texas/24-008749-003/2024(H5N1)	721	8141
NP|PP755592.1|A/cattle/Texas/24-008749-003/2024(H5N1)	722	8191
NP|PP755592.1|A/cattle/Texas/24-008749-003/2024(H5N1)	723	8275
NP|PP755592.1|A/cattle/Texas/24-008749-003/2024(H5N1)	724	8320
NP|PP755592.1|A/cattle/Texas/24-008749-003/2024(H5N1)	725	8236
NP|PP755592.1|A/cattle/Texas/24-008749-003/2024(H5N1)	726	8232
NP|PP755592.1|A/cattle/Texas/24-008749-003/2024(H5N1)	727	8092
NP|PP755592.1|A/cattle/Texas/24-008749-003/2024(H5N1)	728	8118
NP|PP755592.1|A/cattle/Texas/24-008749-003/2024(H5N1)	729	8160
NP|PP755592.1|A/cattle/Texas/24-008749-003/2024(H5N1)	730	8107
NP|PP755592.1|A/cattle/Texas/24-008749-003/2024(H5N1)	731	8004
NP|PP755592.1|A/cattle/Texas/24-008749-003/2024(H5N1)	732	7914
NP|PP755592.1|A/cattle/Texas/24-008749-003/2024(H5N1)	733	7876
NP|PP755592.1|A/cattle/Texas/24-008749-003/2024(H5N1)	734	7925
NP|PP755592.1|A/cattle/Texas/24-008749-003/2024(H5N1)	735	7964
NP|PP755592.1|A/cattle/Texas/24-008749-003/2024(H5N1)	736	8019
NP|PP755592.1|A/cattle/Texas/24-008749-003/2024(H5N1)	737	7993
NP|PP755592.1|A/cattle/Texas/24-008749-003/2024(H5N1)	738	7991
NP|PP755592.1|A/cattle/Texas/24-008749-003/2024(H5N1)	739	7893
NP|PP755592.1|A/cattle/Texas/24-008749-003/2024(H5N1)	740	8000
NP|PP755592.1|A/cattle/Texas/24-008749-003/2024(H5N1)	741	8042
NP|PP755592.1|A/cattle/Texas/24-008749-003/2024(H5N1)	742	8062
NP|PP755592.1|A/cattle/Texas/24-008749-003/2024(H5N1)	743	8023
NP|PP755592.1|A/cattle/Texas/24-008749-003/2024(H5N1)	744	7973
NP|PP755592.1|A/cattle/Texas/24-008749-003/2024(H5N1)	745	7983
NP|PP755592.1|A/cattle/Texas/24-008749-003/2024(H5N1)	746	8031
NP|PP755592.1|A/cattle/Texas/24-008749-003/2024(H5N1)	747	8045
NP|PP755592.1|A/cattle/Texas/24-008749-003/2024(H5N1)	748	8089
NP|PP755592.1|A/cattle/Texas/24-008749-003/2024(H5N1)	749	8025
NP|PP755592.1|A/cattle/Texas/24-008749-003/2024(H5N1)	750	7990
NP|PP755592.1|A/cattle/Texas/24-008749-003/2024(H5N1)	751	7943
NP|PP755592.1|A/cattle/Texas/24-008749-003/2024(H5N1)	752	8012
NP|PP755592.1|A/cattle/Texas/24-008749-003/2024(H5N1)	753	7994
NP|PP755592.1|A/cattle/Texas/24-008749-003/2024(H5N1)	754	7994
NP|PP755592.1|A/cattle/Texas/24-008749-003/2024(H5N1)	755	7972
NP|PP755592.1|A/cattle/Texas/24-008749-003/2024(H5N1)	756	8050
NP|PP755592.1|A/cattle/Texas/24-008749-003/2024(H5N1)	757	8194
NP|PP755592.1|A/cattle/Texas/24-008749-003/2024(H5N1)	758	8212
NP|PP755592.1|A/cattle/Texas/24-008749-003/2024(H5N1)	759	8187
NP|PP755592.1|A/cattle/Texas/24-008749-003/2024(H5N1)	760	8189
NP|PP755592.1|A/cattle/Texas/24-008749-003/2024(H5N1)	761	8189
NP|PP755592.1|A/cattle/Texas/24-008749-003/2024(H5N1)	762	8190
NP|PP755592.1|A/cattle/Texas/24-008749-003/2024(H5N1)	763	8214
NP|PP755592.1|A/cattle/Texas/24-008749-003/2024(H5N1)	764	8326
NP|PP755592.1|A/cattle/Texas/24-008749-003/2024(H5N1)	765	8276
NP|PP755592.1|A/cattle/Texas/24-008749-003/2024(H5N1)	766	8270
NP|PP755592.1|A/cattle/Texas/24-008749-003/2024(H5N1)	767	8189
NP|PP755592.1|A/cattle/Texas/24-008749-003/2024(H5N1)	768	8265
NP|PP755592.1|A/cattle/Texas/24-008749-003/2024(H5N1)	769	8258
NP|PP755592.1|A/cattle/Texas/24-008749-003/2024(H5N1)	770	8259
NP|PP755592.1|A/cattle/Texas/24-008749-003/2024(H5N1)	771	8264
NP|PP755592.1|A/cattle/Texas/24-008749-003/2024(H5N1)	772	8202
NP|PP755592.1|A/cattle/Texas/24-008749-003/2024(H5N1)	773	8219
NP|PP755592.1|A/cattle/Texas/24-008749-003/2024(H5N1)	774	8207
NP|PP755592.1|A/cattle/Texas/24-008749-003/2024(H5N1)	775	8131
NP|PP755592.1|A/cattle/Texas/24-008749-003/2024(H5N1)	776	8145
NP|PP755592.1|A/cattle/Texas/24-008749-003/2024(H5N1)	777	8343
NP|PP755592.1|A/cattle/Texas/24-008749-003/2024(H5N1)	778	8345
NP|PP755592.1|A/cattle/Texas/24-008749-003/2024(H5N1)	779	8326
NP|PP755592.1|A/cattle/Texas/24-008749-003/2024(H5N1)	780	8327
NP|PP755592.1|A/cattle/Texas/24-008749-003/2024(H5N1)	781	8343
NP|PP755592.1|A/cattle/Texas/24-008749-003/2024(H5N1)	782	8402
NP|PP755592.1|A/cattle/Texas/24-008749-003/2024(H5N1)	783	8452
NP|PP755592.1|A/cattle/Texas/24-008749-003/2024(H5N1)	784	8466
NP|PP755592.1|A/cattle/Texas/24-008749-003/2024(H5N1)	785	8466
NP|PP755592.1|A/cattle/Texas/24-008749-003/2024(H5N1)	786	8445
NP|PP755592.1|A/cattle/Texas/24-008749-003/2024(H5N1)	787	8675
NP|PP755592.1|A/cattle/Texas/24-008749-003/2024(H5N1)	788	8680
NP|PP755592.1|A/cattle/Texas/24-008749-003/2024(H5N1)	789	8717
NP|PP755592.1|A/cattle/Texas/24-008749-003/2024(H5N1)	790	8593
NP|PP755592.1|A/cattle/Texas/24-008749-003/2024(H5N1)	791	8490
NP|PP755592.1|A/cattle/Texas/24-008749-003/2024(H5N1)	792	8713
NP|PP755592.1|A/cattle/Texas/24-008749-003/2024(H5N1)	793	8803
NP|PP755592.1|A/cattle/Texas/24-008749-003/2024(H5N1)	794	8876
NP|PP755592.1|A/cattle/Texas/24-008749-003/2024(H5N1)	795	8865
NP|PP755592.1|A/cattle/Texas/24-008749-003/2024(H5N1)	796	8620
NP|PP755592.1|A/cattle/Texas/24-008749-003/2024(H5N1)	797	8626
NP|PP755592.1|A/cattle/Texas/24-008749-003/2024(H5N1)	798	8590
NP|PP755592.1|A/cattle/Texas/24-008749-003/2024(H5N1)	799	8630
NP|PP755592.1|A/cattle/Texas/24-008749-003/2024(H5N1)	800	8672
NP|PP755592.1|A/cattle/Texas/24-008749-003/2024(H5N1)	801	8508
NP|PP755592.1|A/cattle/Texas/24-008749-003/2024(H5N1)	802	8419
NP|PP755592.1|A/cattle/Texas/24-008749-003/2024(H5N1)	803	8297
NP|PP755592.1|A/cattle/Texas/24-008749-003/2024(H5N1)	804	8542
NP|PP755592.1|A/cattle/Texas/24-008749-003/2024(H5N1)	805	8528
NP|PP755592.1|A/cattle/Texas/24-008749-003/2024(H5N1)	806	8505
NP|PP755592.1|A/cattle/Texas/24-008749-003/2024(H5N1)	807	8471
NP|PP755592.1|A/cattle/Texas/24-008749-003/2024(H5N1)	808	8474
NP|PP755592.1|A/cattle/Texas/24-008749-003/2024(H5N1)	809	8423
NP|PP755592.1|A/cattle/Texas/24-008749-003/2024(H5N1)	810	8399
NP|PP755592.1|A/cattle/Texas/24-008749-003/2024(H5N1)	811	8493
NP|PP755592.1|A/cattle/Texas/24-008749-003/2024(H5N1)	812	8269
NP|PP755592.1|A/cattle/Texas/24-008749-003/2024(H5N1)	813	8263
NP|PP755592.1|A/cattle/Texas/24-008749-003/2024(H5N1)	814	8409
NP|PP755592.1|A/cattle/Texas/24-008749-003/2024(H5N1)	815	8591
NP|PP755592.1|A/cattle/Texas/24-008749-003/2024(H5N1)	816	8605
NP|PP755592.1|A/cattle/Texas/24-008749-003/2024(H5N1)	817	8506
NP|PP755592.1|A/cattle/Texas/24-008749-003/2024(H5N1)	818	8559
NP|PP755592.1|A/cattle/Texas/24-008749-003/2024(H5N1)	819	8632
NP|PP755592.1|A/cattle/Texas/24-008749-003/2024(H5N1)	820	8539
NP|PP755592.1|A/cattle/Texas/24-008749-003/2024(H5N1)	821	8507
NP|PP755592.1|A/cattle/Texas/24-008749-003/2024(H5N1)	822	8499
NP|PP755592.1|A/cattle/Texas/24-008749-003/2024(H5N1)	823	8295
NP|PP755592.1|A/cattle/Texas/24-008749-003/2024(H5N1)	824	8337
NP|PP755592.1|A/cattle/Texas/24-008749-003/2024(H5N1)	825	8349
NP|PP755592.1|A/cattle/Texas/24-008749-003/2024(H5N1)	826	8395
NP|PP755592.1|A/cattle/Texas/24-008749-003/2024(H5N1)	827	8330
NP|PP755592.1|A/cattle/Texas/24-008749-003/2024(H5N1)	828	8251
NP|PP755592.1|A/cattle/Texas/24-008749-003/2024(H5N1)	829	8283
NP|PP755592.1|A/cattle/Texas/24-008749-003/2024(H5N1)	830	8255
NP|PP755592.1|A/cattle/Texas/24-008749-003/2024(H5N1)	831	8196
NP|PP755592.1|A/cattle/Texas/24-008749-003/2024(H5N1)	832	8232
NP|PP755592.1|A/cattle/Texas/24-008749-003/2024(H5N1)	833	8187
NP|PP755592.1|A/cattle/Texas/24-008749-003/2024(H5N1)	834	8189
NP|PP755592.1|A/cattle/Texas/24-008749-003/2024(H5N1)	835	8174
NP|PP755592.1|A/cattle/Texas/24-008749-003/2024(H5N1)	836	8175
NP|PP755592.1|A/cattle/Texas/24-008749-003/2024(H5N1)	837	7992
NP|PP755592.1|A/cattle/Texas/24-008749-003/2024(H5N1)	838	8015
NP|PP755592.1|A/cattle/Texas/24-008749-003/2024(H5N1)	839	8128
NP|PP755592.1|A/cattle/Texas/24-008749-003/2024(H5N1)	840	8187
NP|PP755592.1|A/cattle/Texas/24-008749-003/2024(H5N1)	841	8151
NP|PP755592.1|A/cattle/Texas/24-008749-003/2024(H5N1)	842	8457
NP|PP755592.1|A/cattle/Texas/24-008749-003/2024(H5N1)	843	8468
NP|PP755592.1|A/cattle/Texas/24-008749-003/2024(H5N1)	844	8453
NP|PP755592.1|A/cattle/Texas/24-008749-003/2024(H5N1)	845	8700
NP|PP755592.1|A/cattle/Texas/24-008749-003/2024(H5N1)	846	8517
NP|PP755592.1|A/cattle/Texas/24-008749-003/2024(H5N1)	847	8487
NP|PP755592.1|A/cattle/Texas/24-008749-003/2024(H5N1)	848	8348
NP|PP755592.1|A/cattle/Texas/24-008749-003/2024(H5N1)	849	8303
NP|PP755592.1|A/cattle/Texas/24-008749-003/2024(H5N1)	850	8884
NP|PP755592.1|A/cattle/Texas/24-008749-003/2024(H5N1)	851	8856
NP|PP755592.1|A/cattle/Texas/24-008749-003/2024(H5N1)	852	8984
NP|PP755592.1|A/cattle/Texas/24-008749-003/2024(H5N1)	853	8990
NP|PP755592.1|A/cattle/Texas/24-008749-003/2024(H5N1)	854	8906
NP|PP755592.1|A/cattle/Texas/24-008749-003/2024(H5N1)	855	8983
NP|PP755592.1|A/cattle/Texas/24-008749-003/2024(H5N1)	856	8989
NP|PP755592.1|A/cattle/Texas/24-008749-003/2024(H5N1)	857	8911
NP|PP755592.1|A/cattle/Texas/24-008749-003/2024(H5N1)	858	8884
NP|PP755592.1|A/cattle/Texas/24-008749-003/2024(H5N1)	859	8308
NP|PP755592.1|A/cattle/Texas/24-008749-003/2024(H5N1)	860	8363
NP|PP755592.1|A/cattle/Texas/24-008749-003/2024(H5N1)	861	8423
NP|PP755592.1|A/cattle/Texas/24-008749-003/2024(H5N1)	862	8714
NP|PP755592.1|A/cattle/Texas/24-008749-003/2024(H5N1)	863	8345
NP|PP755592.1|A/cattle/Texas/24-008749-003/2024(H5N1)	864	8238
NP|PP755592.1|A/cattle/Texas/24-008749-003/2024(H5N1)	865	8227
NP|PP755592.1|A/cattle/Texas/24-008749-003/2024(H5N1)	866	8219
NP|PP755592.1|A/cattle/Texas/24-008749-003/2024(H5N1)	867	8267
NP|PP755592.1|A/cattle/Texas/24-008749-003/2024(H5N1)	868	8259
NP|PP755592.1|A/cattle/Texas/24-008749-003/2024(H5N1)	869	8071
NP|PP755592.1|A/cattle/Texas/24-008749-003/2024(H5N1)	870	8133
NP|PP755592.1|A/cattle/Texas/24-008749-003/2024(H5N1)	871	7825
NP|PP755592.1|A/cattle/Texas/24-008749-003/2024(H5N1)	872	7824
NP|PP755592.1|A/cattle/Texas/24-008749-003/2024(H5N1)	873	7758
NP|PP755592.1|A/cattle/Texas/24-008749-003/2024(H5N1)	874	7672
NP|PP755592.1|A/cattle/Texas/24-008749-003/2024(H5N1)	875	7685
NP|PP755592.1|A/cattle/Texas/24-008749-003/2024(H5N1)	876	7692
NP|PP755592.1|A/cattle/Texas/24-008749-003/2024(H5N1)	877	7685
NP|PP755592.1|A/cattle/Texas/24-008749-003/2024(H5N1)	878	7737
NP|PP755592.1|A/cattle/Texas/24-008749-003/2024(H5N1)	879	8039
NP|PP755592.1|A/cattle/Texas/24-008749-003/2024(H5N1)	880	8162
NP|PP755592.1|A/cattle/Texas/24-008749-003/2024(H5N1)	881	8179
NP|PP755592.1|A/cattle/Texas/24-008749-003/2024(H5N1)	882	8210
NP|PP755592.1|A/cattle/Texas/24-008749-003/2024(H5N1)	883	8335
NP|PP755592.1|A/cattle/Texas/24-008749-003/2024(H5N1)	884	8336
NP|PP755592.1|A/cattle/Texas/24-008749-003/2024(H5N1)	885	8442
NP|PP755592.1|A/cattle/Texas/24-008749-003/2024(H5N1)	886	8423
NP|PP755592.1|A/cattle/Texas/24-008749-003/2024(H5N1)	887	8400
NP|PP755592.1|A/cattle/Texas/24-008749-003/2024(H5N1)	888	8432
NP|PP755592.1|A/cattle/Texas/24-008749-003/2024(H5N1)	889	8357
NP|PP755592.1|A/cattle/Texas/24-008749-003/2024(H5N1)	890	8347
NP|PP755592.1|A/cattle/Texas/24-008749-003/2024(H5N1)	891	8375
NP|PP755592.1|A/cattle/Texas/24-008749-003/2024(H5N1)	892	8277
NP|PP755592.1|A/cattle/Texas/24-008749-003/2024(H5N1)	893	8263
NP|PP755592.1|A/cattle/Texas/24-008749-003/2024(H5N1)	894	8302
NP|PP755592.1|A/cattle/Texas/24-008749-003/2024(H5N1)	895	8304
NP|PP755592.1|A/cattle/Texas/24-008749-003/2024(H5N1)	896	8302
NP|PP755592.1|A/cattle/Texas/24-008749-003/2024(H5N1)	897	8253
NP|PP755592.1|A/cattle/Texas/24-008749-003/2024(H5N1)	898	8242
NP|PP755592.1|A/cattle/Texas/24-008749-003/2024(H5N1)	899	8373
NP|PP755592.1|A/cattle/Texas/24-008749-003/2024(H5N1)	900	8362
NP|PP755592.1|A/cattle/Texas/24-008749-003/2024(H5N1)	901	8333
NP|PP755592.1|A/cattle/Texas/24-008749-003/2024(H5N1)	902	8345
NP|PP755592.1|A/cattle/Texas/24-008749-003/2024(H5N1)	903	8253
NP|PP755592.1|A/cattle/Texas/24-008749-003/2024(H5N1)	904	8304
NP|PP755592.1|A/cattle/Texas/24-008749-003/2024(H5N1)	905	8716
NP|PP755592.1|A/cattle/Texas/24-008749-003/2024(H5N1)	906	8721
NP|PP755592.1|A/cattle/Texas/24-008749-003/2024(H5N1)	907	8699
NP|PP755592.1|A/cattle/Texas/24-008749-003/2024(H5N1)	908	8635
NP|PP755592.1|A/cattle/Texas/24-008749-003/2024(H5N1)	909	8638
NP|PP755592.1|A/cattle/Texas/24-008749-003/2024(H5N1)	910	8866
NP|PP755592.1|A/cattle/Texas/24-008749-003/2024(H5N1)	911	8864
NP|PP755592.1|A/cattle/Texas/24-008749-003/2024(H5N1)	912	8867
NP|PP755592.1|A/cattle/Texas/24-008749-003/2024(H5N1)	913	8735
NP|PP755592.1|A/cattle/Texas/24-008749-003/2024(H5N1)	914	8740
NP|PP755592.1|A/cattle/Texas/24-008749-003/2024(H5N1)	915	8816
NP|PP755592.1|A/cattle/Texas/24-008749-003/2024(H5N1)	916	8747
NP|PP755592.1|A/cattle/Texas/24-008749-003/2024(H5N1)	917	8673
NP|PP755592.1|A/cattle/Texas/24-008749-003/2024(H5N1)	918	8742
NP|PP755592.1|A/cattle/Texas/24-008749-003/2024(H5N1)	919	8934
NP|PP755592.1|A/cattle/Texas/24-008749-003/2024(H5N1)	920	8933
NP|PP755592.1|A/cattle/Texas/24-008749-003/2024(H5N1)	921	8943
NP|PP755592.1|A/cattle/Texas/24-008749-003/2024(H5N1)	922	9127
NP|PP755592.1|A/cattle/Texas/24-008749-003/2024(H5N1)	923	9122
NP|PP755592.1|A/cattle/Texas/24-008749-003/2024(H5N1)	924	9142
NP|PP755592.1|A/cattle/Texas/24-008749-003/2024(H5N1)	925	9158
NP|PP755592.1|A/cattle/Texas/24-008749-003/2024(H5N1)	926	9169
NP|PP755592.1|A/cattle/Texas/24-008749-003/2024(H5N1)	927	9120
NP|PP755592.1|A/cattle/Texas/24-008749-003/2024(H5N1)	928	8874
NP|PP755592.1|A/cattle/Texas/24-008749-003/2024(H5N1)	929	8935
NP|PP755592.1|A/cattle/Texas/24-008749-003/2024(H5N1)	930	9058
NP|PP755592.1|A/cattle/Texas/24-008749-003/2024(H5N1)	931	9046
NP|PP755592.1|A/cattle/Texas/24-008749-003/2024(H5N1)	932	9118
NP|PP755592.1|A/cattle/Texas/24-008749-003/2024(H5N1)	933	9042
NP|PP755592.1|A/cattle/Texas/24-008749-003/2024(H5N1)	934	9060
NP|PP755592.1|A/cattle/Texas/24-008749-003/2024(H5N1)	935	9235
NP|PP755592.1|A/cattle/Texas/24-008749-003/2024(H5N1)	936	9043
NP|PP755592.1|A/cattle/Texas/24-008749-003/2024(H5N1)	937	9063
NP|PP755592.1|A/cattle/Texas/24-008749-003/2024(H5N1)	938	9018
NP|PP755592.1|A/cattle/Texas/24-008749-003/2024(H5N1)	939	9008
NP|PP755592.1|A/cattle/Texas/24-008749-003/2024(H5N1)	940	9039
NP|PP755592.1|A/cattle/Texas/24-008749-003/2024(H5N1)	941	9043
NP|PP755592.1|A/cattle/Texas/24-008749-003/2024(H5N1)	942	9065
NP|PP755592.1|A/cattle/Texas/24-008749-003/2024(H5N1)	943	8727
NP|PP755592.1|A/cattle/Texas/24-008749-003/2024(H5N1)	944	8731
NP|PP755592.1|A/cattle/Texas/24-008749-003/2024(H5N1)	945	9204
NP|PP755592.1|A/cattle/Texas/24-008749-003/2024(H5N1)	946	9208
NP|PP755592.1|A/cattle/Texas/24-008749-003/2024(H5N1)	947	9206
NP|PP755592.1|A/cattle/Texas/24-008749-003/2024(H5N1)	948	9171
NP|PP755592.1|A/cattle/Texas/24-008749-003/2024(H5N1)	949	9070
NP|PP755592.1|A/cattle/Texas/24-008749-003/2024(H5N1)	950	9061
NP|PP755592.1|A/cattle/Texas/24-008749-003/2024(H5N1)	951	9019
NP|PP755592.1|A/cattle/Texas/24-008749-003/2024(H5N1)	952	9003
NP|PP755592.1|A/cattle/Texas/24-008749-003/2024(H5N1)	953	8795
NP|PP755592.1|A/cattle/Texas/24-008749-003/2024(H5N1)	954	8530
NP|PP755592.1|A/cattle/Texas/24-008749-003/2024(H5N1)	955	8559
NP|PP755592.1|A/cattle/Texas/24-008749-003/2024(H5N1)	956	8553
NP|PP755592.1|A/cattle/Texas/24-008749-003/2024(H5N1)	957	8593
NP|PP755592.1|A/cattle/Texas/24-008749-003/2024(H5N1)	958	8595
NP|PP755592.1|A/cattle/Texas/24-008749-003/2024(H5N1)	959	8570
NP|PP755592.1|A/cattle/Texas/24-008749-003/2024(H5N1)	960	8592
NP|PP755592.1|A/cattle/Texas/24-008749-003/2024(H5N1)	961	8597
NP|PP755592.1|A/cattle/Texas/24-008749-003/2024(H5N1)	962	8523
NP|PP755592.1|A/cattle/Texas/24-008749-003/2024(H5N1)	963	8505
NP|PP755592.1|A/cattle/Texas/24-008749-003/2024(H5N1)	964	8330
NP|PP755592.1|A/cattle/Texas/24-008749-003/2024(H5N1)	965	8324
NP|PP755592.1|A/cattle/Texas/24-008749-003/2024(H5N1)	966	8111
NP|PP755592.1|A/cattle/Texas/24-008749-003/2024(H5N1)	967	8126
NP|PP755592.1|A/cattle/Texas/24-008749-003/2024(H5N1)	968	8134
NP|PP755592.1|A/cattle/Texas/24-008749-003/2024(H5N1)	969	8131
NP|PP755592.1|A/cattle/Texas/24-008749-003/2024(H5N1)	970	8184
NP|PP755592.1|A/cattle/Texas/24-008749-003/2024(H5N1)	971	8184
NP|PP755592.1|A/cattle/Texas/24-008749-003/2024(H5N1)	972	8173
NP|PP755592.1|A/cattle/Texas/24-008749-003/2024(H5N1)	973	8187
NP|PP755592.1|A/cattle/Texas/24-008749-003/2024(H5N1)	974	8194
NP|PP755592.1|A/cattle/Texas/24-008749-003/2024(H5N1)	975	8178
NP|PP755592.1|A/cattle/Texas/24-008749-003/2024(H5N1)	976	8161
NP|PP755592.1|A/cattle/Texas/24-008749-003/2024(H5N1)	977	8122
NP|PP755592.1|A/cattle/Texas/24-008749-003/2024(H5N1)	978	8228
NP|PP755592.1|A/cattle/Texas/24-008749-003/2024(H5N1)	979	8178
NP|PP755592.1|A/cattle/Texas/24-008749-003/2024(H5N1)	980	8162
NP|PP755592.1|A/cattle/Texas/24-008749-003/2024(H5N1)	981	8163
NP|PP755592.1|A/cattle/Texas/24-008749-003/2024(H5N1)	982	8169
NP|PP755592.1|A/cattle/Texas/24-008749-003/2024(H5N1)	983	8355
NP|PP755592.1|A/cattle/Texas/24-008749-003/2024(H5N1)	984	8678
NP|PP755592.1|A/cattle/Texas/24-008749-003/2024(H5N1)	985	8715
NP|PP755592.1|A/cattle/Texas/24-008749-003/2024(H5N1)	986	8826
NP|PP755592.1|A/cattle/Texas/24-008749-003/2024(H5N1)	987	8860
NP|PP755592.1|A/cattle/Texas/24-008749-003/2024(H5N1)	988	8843
NP|PP755592.1|A/cattle/Texas/24-008749-003/2024(H5N1)	989	8844
NP|PP755592.1|A/cattle/Texas/24-008749-003/2024(H5N1)	990	8707
NP|PP755592.1|A/cattle/Texas/24-008749-003/2024(H5N1)	991	8938
NP|PP755592.1|A/cattle/Texas/24-008749-003/2024(H5N1)	992	8963
NP|PP755592.1|A/cattle/Texas/24-008749-003/2024(H5N1)	993	8630
NP|PP755592.1|A/cattle/Texas/24-008749-003/2024(H5N1)	994	8798
NP|PP755592.1|A/cattle/Texas/24-008749-003/2024(H5N1)	995	8572
NP|PP755592.1|A/cattle/Texas/24-008749-003/2024(H5N1)	996	8681
NP|PP755592.1|A/cattle/Texas/24-008749-003/2024(H5N1)	997	8674
NP|PP755592.1|A/cattle/Texas/24-008749-003/2024(H5N1)	998	8637
NP|PP755592.1|A/cattle/Texas/24-008749-003/2024(H5N1)	999	8702
NP|PP755592.1|A/cattle/Texas/24-008749-003/2024(H5N1)	1000	8143
NP|PP755592.1|A/cattle/Texas/24-008749-003/2024(H5N1)	1001	8277
NP|PP755592.1|A/cattle/Texas/24-008749-003/2024(H5N1)	1002	8289
NP|PP755592.1|A/cattle/Texas/24-008749-003/2024(H5N1)	1003	8184
NP|PP755592.1|A/cattle/Texas/24-008749-003/2024(H5N1)	1004	8130
NP|PP755592.1|A/cattle/Texas/24-008749-003/2024(H5N1)	1005	8162
NP|PP755592.1|A/cattle/Texas/24-008749-003/2024(H5N1)	1006	8162
NP|PP755592.1|A/cattle/Texas/24-008749-003/2024(H5N1)	1007	8186
NP|PP755592.1|A/cattle/Texas/24-008749-003/2024(H5N1)	1008	8138
NP|PP755592.1|A/cattle/Texas/24-008749-003/2024(H5N1)	1009	8186
NP|PP755592.1|A/cattle/Texas/24-008749-003/2024(H5N1)	1010	8283
NP|PP755592.1|A/cattle/Texas/24-008749-003/2024(H5N1)	1011	8282
NP|PP755592.1|A/cattle/Texas/24-008749-003/2024(H5N1)	1012	8294
NP|PP755592.1|A/cattle/Texas/24-008749-003/2024(H5N1)	1013	7990
NP|PP755592.1|A/cattle/Texas/24-008749-003/2024(H5N1)	1014	7994
NP|PP755592.1|A/cattle/Texas/24-008749-003/2024(H5N1)	1015	7993
NP|PP755592.1|A/cattle/Texas/24-008749-003/2024(H5N1)	1016	8037
NP|PP755592.1|A/cattle/Texas/24-008749-003/2024(H5N1)	1017	8089
NP|PP755592.1|A/cattle/Texas/24-008749-003/2024(H5N1)	1018	8136
NP|PP755592.1|A/cattle/Texas/24-008749-003/2024(H5N1)	1019	8461
NP|PP755592.1|A/cattle/Texas/24-008749-003/2024(H5N1)	1020	8460
NP|PP755592.1|A/cattle/Texas/24-008749-003/2024(H5N1)	1021	8393
NP|PP755592.1|A/cattle/Texas/24-008749-003/2024(H5N1)	1022	8393
NP|PP755592.1|A/cattle/Texas/24-008749-003/2024(H5N1)	1023	8387
NP|PP755592.1|A/cattle/Texas/24-008749-003/2024(H5N1)	1024	8395
NP|PP755592.1|A/cattle/Texas/24-008749-003/2024(H5N1)	1025	8392
NP|PP755592.1|A/cattle/Texas/24-008749-003/2024(H5N1)	1026	8385
NP|PP755592.1|A/cattle/Texas/24-008749-003/2024(H5N1)	1027	8505
NP|PP755592.1|A/cattle/Texas/24-008749-003/2024(H5N1)	1028	8116
NP|PP755592.1|A/cattle/Texas/24-008749-003/2024(H5N1)	1029	8067
NP|PP755592.1|A/cattle/Texas/24-008749-003/2024(H5N1)	1030	8088
NP|PP755592.1|A/cattle/Texas/24-008749-003/2024(H5N1)	1031	7972
NP|PP755592.1|A/cattle/Texas/24-008749-003/2024(H5N1)	1032	7978
NP|PP755592.1|A/cattle/Texas/24-008749-003/2024(H5N1)	1033	8006
NP|PP755592.1|A/cattle/Texas/24-008749-003/2024(H5N1)	1034	7951
NP|PP755592.1|A/cattle/Texas/24-008749-003/2024(H5N1)	1035	7957
NP|PP755592.1|A/cattle/Texas/24-008749-003/2024(H5N1)	1036	7852
NP|PP755592.1|A/cattle/Texas/24-008749-003/2024(H5N1)	1037	7955
NP|PP755592.1|A/cattle/Texas/24-008749-003/2024(H5N1)	1038	7923
NP|PP755592.1|A/cattle/Texas/24-008749-003/2024(H5N1)	1039	7907
NP|PP755592.1|A/cattle/Texas/24-008749-003/2024(H5N1)	1040	7903
NP|PP755592.1|A/cattle/Texas/24-008749-003/2024(H5N1)	1041	7848
NP|PP755592.1|A/cattle/Texas/24-008749-003/2024(H5N1)	1042	7745
NP|PP755592.1|A/cattle/Texas/24-008749-003/2024(H5N1)	1043	7749
NP|PP755592.1|A/cattle/Texas/24-008749-003/2024(H5N1)	1044	7813
NP|PP755592.1|A/cattle/Texas/24-008749-003/2024(H5N1)	1045	7739
NP|PP755592.1|A/cattle/Texas/24-008749-003/2024(H5N1)	1046	7941
NP|PP755592.1|A/cattle/Texas/24-008749-003/2024(H5N1)	1047	8227
NP|PP755592.1|A/cattle/Texas/24-008749-003/2024(H5N1)	1048	8491
NP|PP755592.1|A/cattle/Texas/24-008749-003/2024(H5N1)	1049	8445
NP|PP755592.1|A/cattle/Texas/24-008749-003/2024(H5N1)	1050	8453
NP|PP755592.1|A/cattle/Texas/24-008749-003/2024(H5N1)	1051	8471
NP|PP755592.1|A/cattle/Texas/24-008749-003/2024(H5N1)	1052	8726
NP|PP755592.1|A/cattle/Texas/24-008749-003/2024(H5N1)	1053	8779
NP|PP755592.1|A/cattle/Texas/24-008749-003/2024(H5N1)	1054	8792
NP|PP755592.1|A/cattle/Texas/24-008749-003/2024(H5N1)	1055	8624
NP|PP755592.1|A/cattle/Texas/24-008749-003/2024(H5N1)	1056	8417
NP|PP755592.1|A/cattle/Texas/24-008749-003/2024(H5N1)	1057	8468
NP|PP755592.1|A/cattle/Texas/24-008749-003/2024(H5N1)	1058	8521
NP|PP755592.1|A/cattle/Texas/24-008749-003/2024(H5N1)	1059	8460
NP|PP755592.1|A/cattle/Texas/24-008749-003/2024(H5N1)	1060	8501
NP|PP755592.1|A/cattle/Texas/24-008749-003/2024(H5N1)	1061	8278
NP|PP755592.1|A/cattle/Texas/24-008749-003/2024(H5N1)	1062	8281
NP|PP755592.1|A/cattle/Texas/24-008749-003/2024(H5N1)	1063	8276
NP|PP755592.1|A/cattle/Texas/24-008749-003/2024(H5N1)	1064	8450
NP|PP755592.1|A/cattle/Texas/24-008749-003/2024(H5N1)	1065	8450
NP|PP755592.1|A/cattle/Texas/24-008749-003/2024(H5N1)	1066	8453
NP|PP755592.1|A/cattle/Texas/24-008749-003/2024(H5N1)	1067	8427
NP|PP755592.1|A/cattle/Texas/24-008749-003/2024(H5N1)	1068	8528
NP|PP755592.1|A/cattle/Texas/24-008749-003/2024(H5N1)	1069	8340
NP|PP755592.1|A/cattle/Texas/24-008749-003/2024(H5N1)	1070	8332
NP|PP755592.1|A/cattle/Texas/24-008749-003/2024(H5N1)	1071	8358
NP|PP755592.1|A/cattle/Texas/24-008749-003/2024(H5N1)	1072	8416
NP|PP755592.1|A/cattle/Texas/24-008749-003/2024(H5N1)	1073	8279
NP|PP755592.1|A/cattle/Texas/24-008749-003/2024(H5N1)	1074	8378
NP|PP755592.1|A/cattle/Texas/24-008749-003/2024(H5N1)	1075	8424
NP|PP755592.1|A/cattle/Texas/24-008749-003/2024(H5N1)	1076	8427
NP|PP755592.1|A/cattle/Texas/24-008749-003/2024(H5N1)	1077	8596
NP|PP755592.1|A/cattle/Texas/24-008749-003/2024(H5N1)	1078	8633
NP|PP755592.1|A/cattle/Texas/24-008749-003/2024(H5N1)	1079	8626
NP|PP755592.1|A/cattle/Texas/24-008749-003/2024(H5N1)	1080	8611
NP|PP755592.1|A/cattle/Texas/24-008749-003/2024(H5N1)	1081	8516
NP|PP755592.1|A/cattle/Texas/24-008749-003/2024(H5N1)	1082	8559
NP|PP755592.1|A/cattle/Texas/24-008749-003/2024(H5N1)	1083	8532
NP|PP755592.1|A/cattle/Texas/24-008749-003/2024(H5N1)	1084	8503
NP|PP755592.1|A/cattle/Texas/24-008749-003/2024(H5N1)	1085	8488
NP|PP755592.1|A/cattle/Texas/24-008749-003/2024(H5N1)	1086	8370
NP|PP755592.1|A/cattle/Texas/24-008749-003/2024(H5N1)	1087	8491
NP|PP755592.1|A/cattle/Texas/24-008749-003/2024(H5N1)	1088	8766
NP|PP755592.1|A/cattle/Texas/24-008749-003/2024(H5N1)	1089	8778
NP|PP755592.1|A/cattle/Texas/24-008749-003/2024(H5N1)	1090	8706
NP|PP755592.1|A/cattle/Texas/24-008749-003/2024(H5N1)	1091	8642
NP|PP755592.1|A/cattle/Texas/24-008749-003/2024(H5N1)	1092	8627
NP|PP755592.1|A/cattle/Texas/24-008749-003/2024(H5N1)	1093	8814
NP|PP755592.1|A/cattle/Texas/24-008749-003/2024(H5N1)	1094	8774
NP|PP755592.1|A/cattle/Texas/24-008749-003/2024(H5N1)	1095	8733
NP|PP755592.1|A/cattle/Texas/24-008749-003/2024(H5N1)	1096	8249
NP|PP755592.1|A/cattle/Texas/24-008749-003/2024(H5N1)	1097	8285
NP|PP755592.1|A/cattle/Texas/24-008749-003/2024(H5N1)	1098	8573
NP|PP755592.1|A/cattle/Texas/24-008749-003/2024(H5N1)	1099	8588
NP|PP755592.1|A/cattle/Texas/24-008749-003/2024(H5N1)	1100	8603
NP|PP755592.1|A/cattle/Texas/24-008749-003/2024(H5N1)	1101	8610
NP|PP755592.1|A/cattle/Texas/24-008749-003/2024(H5N1)	1102	8647
NP|PP755592.1|A/cattle/Texas/24-008749-003/2024(H5N1)	1103	8683
NP|PP755592.1|A/cattle/Texas/24-008749-003/2024(H5N1)	1104	8707
NP|PP755592.1|A/cattle/Texas/24-008749-003/2024(H5N1)	1105	8697
NP|PP755592.1|A/cattle/Texas/24-008749-003/2024(H5N1)	1106	8710
NP|PP755592.1|A/cattle/Texas/24-008749-003/2024(H5N1)	1107	8715
NP|PP755592.1|A/cattle/Texas/24-008749-003/2024(H5N1)	1108	8683
NP|PP755592.1|A/cattle/Texas/24-008749-003/2024(H5N1)	1109	8705
NP|PP755592.1|A/cattle/Texas/24-008749-003/2024(H5N1)	1110	8839
NP|PP755592.1|A/cattle/Texas/24-008749-003/2024(H5N1)	1111	8820
NP|PP755592.1|A/cattle/Texas/24-008749-003/2024(H5N1)	1112	8810
NP|PP755592.1|A/cattle/Texas/24-008749-003/2024(H5N1)	1113	8800
NP|PP755592.1|A/cattle/Texas/24-008749-003/2024(H5N1)	1114	8817
NP|PP755592.1|A/cattle/Texas/24-008749-003/2024(H5N1)	1115	8838
NP|PP755592.1|A/cattle/Texas/24-008749-003/2024(H5N1)	1116	8846
NP|PP755592.1|A/cattle/Texas/24-008749-003/2024(H5N1)	1117	8892
NP|PP755592.1|A/cattle/Texas/24-008749-003/2024(H5N1)	1118	8966
NP|PP755592.1|A/cattle/Texas/24-008749-003/2024(H5N1)	1119	8817
NP|PP755592.1|A/cattle/Texas/24-008749-003/2024(H5N1)	1120	8858
NP|PP755592.1|A/cattle/Texas/24-008749-003/2024(H5N1)	1121	8804
NP|PP755592.1|A/cattle/Texas/24-008749-003/2024(H5N1)	1122	8818
NP|PP755592.1|A/cattle/Texas/24-008749-003/2024(H5N1)	1123	8827
NP|PP755592.1|A/cattle/Texas/24-008749-003/2024(H5N1)	1124	8830
NP|PP755592.1|A/cattle/Texas/24-008749-003/2024(H5N1)	1125	9054
NP|PP755592.1|A/cattle/Texas/24-008749-003/2024(H5N1)	1126	9042
NP|PP755592.1|A/cattle/Texas/24-008749-003/2024(H5N1)	1127	9138
NP|PP755592.1|A/cattle/Texas/24-008749-003/2024(H5N1)	1128	9142
NP|PP755592.1|A/cattle/Texas/24-008749-003/2024(H5N1)	1129	9090
NP|PP755592.1|A/cattle/Texas/24-008749-003/2024(H5N1)	1130	9117
NP|PP755592.1|A/cattle/Texas/24-008749-003/2024(H5N1)	1131	9388
NP|PP755592.1|A/cattle/Texas/24-008749-003/2024(H5N1)	1132	9370
NP|PP755592.1|A/cattle/Texas/24-008749-003/2024(H5N1)	1133	9408
NP|PP755592.1|A/cattle/Texas/24-008749-003/2024(H5N1)	1134	9192
NP|PP755592.1|A/cattle/Texas/24-008749-003/2024(H5N1)	1135	9208
NP|PP755592.1|A/cattle/Texas/24-008749-003/2024(H5N1)	1136	9078
NP|PP755592.1|A/cattle/Texas/24-008749-003/2024(H5N1)	1137	9071
NP|PP755592.1|A/cattle/Texas/24-008749-003/2024(H5N1)	1138	9087
NP|PP755592.1|A/cattle/Texas/24-008749-003/2024(H5N1)	1139	9063
NP|PP755592.1|A/cattle/Texas/24-008749-003/2024(H5N1)	1140	9046
NP|PP755592.1|A/cattle/Texas/24-008749-003/2024(H5N1)	1141	9059
NP|PP755592.1|A/cattle/Texas/24-008749-003/2024(H5N1)	1142	8722
NP|PP755592.1|A/cattle/Texas/24-008749-003/2024(H5N1)	1143	8826
NP|PP755592.1|A/cattle/Texas/24-008749-003/2024(H5N1)	1144	8800
NP|PP755592.1|A/cattle/Texas/24-008749-003/2024(H5N1)	1145	8698
NP|PP755592.1|A/cattle/Texas/24-008749-003/2024(H5N1)	1146	8814
NP|PP755592.1|A/cattle/Texas/24-008749-003/2024(H5N1)	1147	8726
NP|PP755592.1|A/cattle/Texas/24-008749-003/2024(H5N1)	1148	8795
NP|PP755592.1|A/cattle/Texas/24-008749-003/2024(H5N1)	1149	8965
NP|PP755592.1|A/cattle/Texas/24-008749-003/2024(H5N1)	1150	8918
NP|PP755592.1|A/cattle/Texas/24-008749-003/2024(H5N1)	1151	8945
NP|PP755592.1|A/cattle/Texas/24-008749-003/2024(H5N1)	1152	9002
NP|PP755592.1|A/cattle/Texas/24-008749-003/2024(H5N1)	1153	9057
NP|PP755592.1|A/cattle/Texas/24-008749-003/2024(H5N1)	1154	9042
NP|PP755592.1|A/cattle/Texas/24-008749-003/2024(H5N1)	1155	9078
NP|PP755592.1|A/cattle/Texas/24-008749-003/2024(H5N1)	1156	8919
NP|PP755592.1|A/cattle/Texas/24-008749-003/2024(H5N1)	1157	8961
NP|PP755592.1|A/cattle/Texas/24-008749-003/2024(H5N1)	1158	8999
NP|PP755592.1|A/cattle/Texas/24-008749-003/2024(H5N1)	1159	9014
NP|PP755592.1|A/cattle/Texas/24-008749-003/2024(H5N1)	1160	9015
NP|PP755592.1|A/cattle/Texas/24-008749-003/2024(H5N1)	1161	8828
NP|PP755592.1|A/cattle/Texas/24-008749-003/2024(H5N1)	1162	8847
NP|PP755592.1|A/cattle/Texas/24-008749-003/2024(H5N1)	1163	8840
NP|PP755592.1|A/cattle/Texas/24-008749-003/2024(H5N1)	1164	8835
NP|PP755592.1|A/cattle/Texas/24-008749-003/2024(H5N1)	1165	8832
NP|PP755592.1|A/cattle/Texas/24-008749-003/2024(H5N1)	1166	8820
NP|PP755592.1|A/cattle/Texas/24-008749-003/2024(H5N1)	1167	8877
NP|PP755592.1|A/cattle/Texas/24-008749-003/2024(H5N1)	1168	8957
NP|PP755592.1|A/cattle/Texas/24-008749-003/2024(H5N1)	1169	8589
NP|PP755592.1|A/cattle/Texas/24-008749-003/2024(H5N1)	1170	8600
NP|PP755592.1|A/cattle/Texas/24-008749-003/2024(H5N1)	1171	8577
NP|PP755592.1|A/cattle/Texas/24-008749-003/2024(H5N1)	1172	8604
NP|PP755592.1|A/cattle/Texas/24-008749-003/2024(H5N1)	1173	8648
NP|PP755592.1|A/cattle/Texas/24-008749-003/2024(H5N1)	1174	8645
NP|PP755592.1|A/cattle/Texas/24-008749-003/2024(H5N1)	1175	8705
NP|PP755592.1|A/cattle/Texas/24-008749-003/2024(H5N1)	1176	8780
NP|PP755592.1|A/cattle/Texas/24-008749-003/2024(H5N1)	1177	8789
NP|PP755592.1|A/cattle/Texas/24-008749-003/2024(H5N1)	1178	8799
NP|PP755592.1|A/cattle/Texas/24-008749-003/2024(H5N1)	1179	8805
NP|PP755592.1|A/cattle/Texas/24-008749-003/2024(H5N1)	1180	8802
NP|PP755592.1|A/cattle/Texas/24-008749-003/2024(H5N1)	1181	8882
NP|PP755592.1|A/cattle/Texas/24-008749-003/2024(H5N1)	1182	8893
NP|PP755592.1|A/cattle/Texas/24-008749-003/2024(H5N1)	1183	8898
NP|PP755592.1|A/cattle/Texas/24-008749-003/2024(H5N1)	1184	8851
NP|PP755592.1|A/cattle/Texas/24-008749-003/2024(H5N1)	1185	8813
NP|PP755592.1|A/cattle/Texas/24-008749-003/2024(H5N1)	1186	8797
NP|PP755592.1|A/cattle/Texas/24-008749-003/2024(H5N1)	1187	8897
NP|PP755592.1|A/cattle/Texas/24-008749-003/2024(H5N1)	1188	8815
NP|PP755592.1|A/cattle/Texas/24-008749-003/2024(H5N1)	1189	9186
NP|PP755592.1|A/cattle/Texas/24-008749-003/2024(H5N1)	1190	9258
NP|PP755592.1|A/cattle/Texas/24-008749-003/2024(H5N1)	1191	9359
NP|PP755592.1|A/cattle/Texas/24-008749-003/2024(H5N1)	1192	9363
NP|PP755592.1|A/cattle/Texas/24-008749-003/2024(H5N1)	1193	9273
NP|PP755592.1|A/cattle/Texas/24-008749-003/2024(H5N1)	1194	9317
NP|PP755592.1|A/cattle/Texas/24-008749-003/2024(H5N1)	1195	9313
NP|PP755592.1|A/cattle/Texas/24-008749-003/2024(H5N1)	1196	9253
NP|PP755592.1|A/cattle/Texas/24-008749-003/2024(H5N1)	1197	9103
NP|PP755592.1|A/cattle/Texas/24-008749-003/2024(H5N1)	1198	8631
NP|PP755592.1|A/cattle/Texas/24-008749-003/2024(H5N1)	1199	8730
NP|PP755592.1|A/cattle/Texas/24-008749-003/2024(H5N1)	1200	8620
NP|PP755592.1|A/cattle/Texas/24-008749-003/2024(H5N1)	1201	8622
NP|PP755592.1|A/cattle/Texas/24-008749-003/2024(H5N1)	1202	8439
NP|PP755592.1|A/cattle/Texas/24-008749-003/2024(H5N1)	1203	8411
NP|PP755592.1|A/cattle/Texas/24-008749-003/2024(H5N1)	1204	8398
NP|PP755592.1|A/cattle/Texas/24-008749-003/2024(H5N1)	1205	8354
NP|PP755592.1|A/cattle/Texas/24-008749-003/2024(H5N1)	1206	8325
NP|PP755592.1|A/cattle/Texas/24-008749-003/2024(H5N1)	1207	8329
NP|PP755592.1|A/cattle/Texas/24-008749-003/2024(H5N1)	1208	8305
NP|PP755592.1|A/cattle/Texas/24-008749-003/2024(H5N1)	1209	8220
NP|PP755592.1|A/cattle/Texas/24-008749-003/2024(H5N1)	1210	8349
NP|PP755592.1|A/cattle/Texas/24-008749-003/2024(H5N1)	1211	8381
NP|PP755592.1|A/cattle/Texas/24-008749-003/2024(H5N1)	1212	8367
NP|PP755592.1|A/cattle/Texas/24-008749-003/2024(H5N1)	1213	8482
NP|PP755592.1|A/cattle/Texas/24-008749-003/2024(H5N1)	1214	8488
NP|PP755592.1|A/cattle/Texas/24-008749-003/2024(H5N1)	1215	8468
NP|PP755592.1|A/cattle/Texas/24-008749-003/2024(H5N1)	1216	8501
NP|PP755592.1|A/cattle/Texas/24-008749-003/2024(H5N1)	1217	8550
NP|PP755592.1|A/cattle/Texas/24-008749-003/2024(H5N1)	1218	8546
NP|PP755592.1|A/cattle/Texas/24-008749-003/2024(H5N1)	1219	8404
NP|PP755592.1|A/cattle/Texas/24-008749-003/2024(H5N1)	1220	8434
NP|PP755592.1|A/cattle/Texas/24-008749-003/2024(H5N1)	1221	8500
NP|PP755592.1|A/cattle/Texas/24-008749-003/2024(H5N1)	1222	8558
NP|PP755592.1|A/cattle/Texas/24-008749-003/2024(H5N1)	1223	8473
NP|PP755592.1|A/cattle/Texas/24-008749-003/2024(H5N1)	1224	8399
NP|PP755592.1|A/cattle/Texas/24-008749-003/2024(H5N1)	1225	8315
NP|PP755592.1|A/cattle/Texas/24-008749-003/2024(H5N1)	1226	8210
NP|PP755592.1|A/cattle/Texas/24-008749-003/2024(H5N1)	1227	8438
NP|PP755592.1|A/cattle/Texas/24-008749-003/2024(H5N1)	1228	8467
NP|PP755592.1|A/cattle/Texas/24-008749-003/2024(H5N1)	1229	8370
NP|PP755592.1|A/cattle/Texas/24-008749-003/2024(H5N1)	1230	8596
NP|PP755592.1|A/cattle/Texas/24-008749-003/2024(H5N1)	1231	8539
NP|PP755592.1|A/cattle/Texas/24-008749-003/2024(H5N1)	1232	8529
NP|PP755592.1|A/cattle/Texas/24-008749-003/2024(H5N1)	1233	8526
NP|PP755592.1|A/cattle/Texas/24-008749-003/2024(H5N1)	1234	8514
NP|PP755592.1|A/cattle/Texas/24-008749-003/2024(H5N1)	1235	8675
NP|PP755592.1|A/cattle/Texas/24-008749-003/2024(H5N1)	1236	8446
NP|PP755592.1|A/cattle/Texas/24-008749-003/2024(H5N1)	1237	8362
NP|PP755592.1|A/cattle/Texas/24-008749-003/2024(H5N1)	1238	8369
NP|PP755592.1|A/cattle/Texas/24-008749-003/2024(H5N1)	1239	8272
NP|PP755592.1|A/cattle/Texas/24-008749-003/2024(H5N1)	1240	8569
NP|PP755592.1|A/cattle/Texas/24-008749-003/2024(H5N1)	1241	8535
NP|PP755592.1|A/cattle/Texas/24-008749-003/2024(H5N1)	1242	8553
NP|PP755592.1|A/cattle/Texas/24-008749-003/2024(H5N1)	1243	8546
NP|PP755592.1|A/cattle/Texas/24-008749-003/2024(H5N1)	1244	8375
NP|PP755592.1|A/cattle/Texas/24-008749-003/2024(H5N1)	1245	8414
NP|PP755592.1|A/cattle/Texas/24-008749-003/2024(H5N1)	1246	8684
NP|PP755592.1|A/cattle/Texas/24-008749-003/2024(H5N1)	1247	8716
NP|PP755592.1|A/cattle/Texas/24-008749-003/2024(H5N1)	1248	8775
NP|PP755592.1|A/cattle/Texas/24-008749-003/2024(H5N1)	1249	8462
NP|PP755592.1|A/cattle/Texas/24-008749-003/2024(H5N1)	1250	8462
NP|PP755592.1|A/cattle/Texas/24-008749-003/2024(H5N1)	1251	8463
NP|PP755592.1|A/cattle/Texas/24-008749-003/2024(H5N1)	1252	8426
NP|PP755592.1|A/cattle/Texas/24-008749-003/2024(H5N1)	1253	8420
NP|PP755592.1|A/cattle/Texas/24-008749-003/2024(H5N1)	1254	8390
NP|PP755592.1|A/cattle/Texas/24-008749-003/2024(H5N1)	1255	8385
NP|PP755592.1|A/cattle/Texas/24-008749-003/2024(H5N1)	1256	8391
NP|PP755592.1|A/cattle/Texas/24-008749-003/2024(H5N1)	1257	8406
NP|PP755592.1|A/cattle/Texas/24-008749-003/2024(H5N1)	1258	8405
NP|PP755592.1|A/cattle/Texas/24-008749-003/2024(H5N1)	1259	8398
NP|PP755592.1|A/cattle/Texas/24-008749-003/2024(H5N1)	1260	8290
NP|PP755592.1|A/cattle/Texas/24-008749-003/2024(H5N1)	1261	8288
NP|PP755592.1|A/cattle/Texas/24-008749-003/2024(H5N1)	1262	8318
NP|PP755592.1|A/cattle/Texas/24-008749-003/2024(H5N1)	1263	8311
NP|PP755592.1|A/cattle/Texas/24-008749-003/2024(H5N1)	1264	8303
NP|PP755592.1|A/cattle/Texas/24-008749-003/2024(H5N1)	1265	8359
NP|PP755592.1|A/cattle/Texas/24-008749-003/2024(H5N1)	1266	8305
NP|PP755592.1|A/cattle/Texas/24-008749-003/2024(H5N1)	1267	8315
NP|PP755592.1|A/cattle/Texas/24-008749-003/2024(H5N1)	1268	8225
NP|PP755592.1|A/cattle/Texas/24-008749-003/2024(H5N1)	1269	8237
NP|PP755592.1|A/cattle/Texas/24-008749-003/2024(H5N1)	1270	8302
NP|PP755592.1|A/cattle/Texas/24-008749-003/2024(H5N1)	1271	8343
NP|PP755592.1|A/cattle/Texas/24-008749-003/2024(H5N1)	1272	8411
NP|PP755592.1|A/cattle/Texas/24-008749-003/2024(H5N1)	1273	8407
NP|PP755592.1|A/cattle/Texas/24-008749-003/2024(H5N1)	1274	8373
NP|PP755592.1|A/cattle/Texas/24-008749-003/2024(H5N1)	1275	8382
NP|PP755592.1|A/cattle/Texas/24-008749-003/2024(H5N1)	1276	8232
NP|PP755592.1|A/cattle/Texas/24-008749-003/2024(H5N1)	1277	8239
NP|PP755592.1|A/cattle/Texas/24-008749-003/2024(H5N1)	1278	8088
NP|PP755592.1|A/cattle/Texas/24-008749-003/2024(H5N1)	1279	8043
NP|PP755592.1|A/cattle/Texas/24-008749-003/2024(H5N1)	1280	8000
NP|PP755592.1|A/cattle/Texas/24-008749-003/2024(H5N1)	1281	7755
NP|PP755592.1|A/cattle/Texas/24-008749-003/2024(H5N1)	1282	7768
NP|PP755592.1|A/cattle/Texas/24-008749-003/2024(H5N1)	1283	7539
NP|PP755592.1|A/cattle/Texas/24-008749-003/2024(H5N1)	1284	7618
NP|PP755592.1|A/cattle/Texas/24-008749-003/2024(H5N1)	1285	7626
NP|PP755592.1|A/cattle/Texas/24-008749-003/2024(H5N1)	1286	7589
NP|PP755592.1|A/cattle/Texas/24-008749-003/2024(H5N1)	1287	7590
NP|PP755592.1|A/cattle/Texas/24-008749-003/2024(H5N1)	1288	7597
NP|PP755592.1|A/cattle/Texas/24-008749-003/2024(H5N1)	1289	7561
NP|PP755592.1|A/cattle/Texas/24-008749-003/2024(H5N1)	1290	7565
NP|PP755592.1|A/cattle/Texas/24-008749-003/2024(H5N1)	1291	7586
NP|PP755592.1|A/cattle/Texas/24-008749-003/2024(H5N1)	1292	8013
NP|PP755592.1|A/cattle/Texas/24-008749-003/2024(H5N1)	1293	8007
NP|PP755592.1|A/cattle/Texas/24-008749-003/2024(H5N1)	1294	7904
NP|PP755592.1|A/cattle/Texas/24-008749-003/2024(H5N1)	1295	7948
NP|PP755592.1|A/cattle/Texas/24-008749-003/2024(H5N1)	1296	7974
NP|PP755592.1|A/cattle/Texas/24-008749-003/2024(H5N1)	1297	7989
NP|PP755592.1|A/cattle/Texas/24-008749-003/2024(H5N1)	1298	7884
NP|PP755592.1|A/cattle/Texas/24-008749-003/2024(H5N1)	1299	7684
NP|PP755592.1|A/cattle/Texas/24-008749-003/2024(H5N1)	1300	7677
NP|PP755592.1|A/cattle/Texas/24-008749-003/2024(H5N1)	1301	7801
NP|PP755592.1|A/cattle/Texas/24-008749-003/2024(H5N1)	1302	7796
NP|PP755592.1|A/cattle/Texas/24-008749-003/2024(H5N1)	1303	7606
NP|PP755592.1|A/cattle/Texas/24-008749-003/2024(H5N1)	1304	7596
NP|PP755592.1|A/cattle/Texas/24-008749-003/2024(H5N1)	1305	7608
NP|PP755592.1|A/cattle/Texas/24-008749-003/2024(H5N1)	1306	7536
NP|PP755592.1|A/cattle/Texas/24-008749-003/2024(H5N1)	1307	7549
NP|PP755592.1|A/cattle/Texas/24-008749-003/2024(H5N1)	1308	7583
NP|PP755592.1|A/cattle/Texas/24-008749-003/2024(H5N1)	1309	7552
NP|PP755592.1|A/cattle/Texas/24-008749-003/2024(H5N1)	1310	7593
NP|PP755592.1|A/cattle/Texas/24-008749-003/2024(H5N1)	1311	7516
NP|PP755592.1|A/cattle/Texas/24-008749-003/2024(H5N1)	1312	7549
NP|PP755592.1|A/cattle/Texas/24-008749-003/2024(H5N1)	1313	7528
NP|PP755592.1|A/cattle/Texas/24-008749-003/2024(H5N1)	1314	7530
NP|PP755592.1|A/cattle/Texas/24-008749-003/2024(H5N1)	1315	7541
NP|PP755592.1|A/cattle/Texas/24-008749-003/2024(H5N1)	1316	7651
NP|PP755592.1|A/cattle/Texas/24-008749-003/2024(H5N1)	1317	7650
NP|PP755592.1|A/cattle/Texas/24-008749-003/2024(H5N1)	1318	7590
NP|PP755592.1|A/cattle/Texas/24-008749-003/2024(H5N1)	1319	7473
NP|PP755592.1|A/cattle/Texas/24-008749-003/2024(H5N1)	1320	7463
NP|PP755592.1|A/cattle/Texas/24-008749-003/2024(H5N1)	1321	7448
NP|PP755592.1|A/cattle/Texas/24-008749-003/2024(H5N1)	1322	7495
NP|PP755592.1|A/cattle/Texas/24-008749-003/2024(H5N1)	1323	7563
NP|PP755592.1|A/cattle/Texas/24-008749-003/2024(H5N1)	1324	7526
NP|PP755592.1|A/cattle/Texas/24-008749-003/2024(H5N1)	1325	7449
NP|PP755592.1|A/cattle/Texas/24-008749-003/2024(H5N1)	1326	7319
NP|PP755592.1|A/cattle/Texas/24-008749-003/2024(H5N1)	1327	7325
NP|PP755592.1|A/cattle/Texas/24-008749-003/2024(H5N1)	1328	7271
NP|PP755592.1|A/cattle/Texas/24-008749-003/2024(H5N1)	1329	7213
NP|PP755592.1|A/cattle/Texas/24-008749-003/2024(H5N1)	1330	7370
NP|PP755592.1|A/cattle/Texas/24-008749-003/2024(H5N1)	1331	7348
NP|PP755592.1|A/cattle/Texas/24-008749-003/2024(H5N1)	1332	7382
NP|PP755592.1|A/cattle/Texas/24-008749-003/2024(H5N1)	1333	8318
NP|PP755592.1|A/cattle/Texas/24-008749-003/2024(H5N1)	1334	8309
NP|PP755592.1|A/cattle/Texas/24-008749-003/2024(H5N1)	1335	8408
NP|PP755592.1|A/cattle/Texas/24-008749-003/2024(H5N1)	1336	8374
NP|PP755592.1|A/cattle/Texas/24-008749-003/2024(H5N1)	1337	8390
NP|PP755592.1|A/cattle/Texas/24-008749-003/2024(H5N1)	1338	8271
NP|PP755592.1|A/cattle/Texas/24-008749-003/2024(H5N1)	1339	8286
NP|PP755592.1|A/cattle/Texas/24-008749-003/2024(H5N1)	1340	8002
NP|PP755592.1|A/cattle/Texas/24-008749-003/2024(H5N1)	1341	7912
NP|PP755592.1|A/cattle/Texas/24-008749-003/2024(H5N1)	1342	8408
NP|PP755592.1|A/cattle/Texas/24-008749-003/2024(H5N1)	1343	8639
NP|PP755592.1|A/cattle/Texas/24-008749-003/2024(H5N1)	1344	8638
NP|PP755592.1|A/cattle/Texas/24-008749-003/2024(H5N1)	1345	8591
NP|PP755592.1|A/cattle/Texas/24-008749-003/2024(H5N1)	1346	8528
NP|PP755592.1|A/cattle/Texas/24-008749-003/2024(H5N1)	1347	8520
NP|PP755592.1|A/cattle/Texas/24-008749-003/2024(H5N1)	1348	8497
NP|PP755592.1|A/cattle/Texas/24-008749-003/2024(H5N1)	1349	8530
NP|PP755592.1|A/cattle/Texas/24-008749-003/2024(H5N1)	1350	8464
NP|PP755592.1|A/cattle/Texas/24-008749-003/2024(H5N1)	1351	8453
NP|PP755592.1|A/cattle/Texas/24-008749-003/2024(H5N1)	1352	8398
NP|PP755592.1|A/cattle/Texas/24-008749-003/2024(H5N1)	1353	8392
NP|PP755592.1|A/cattle/Texas/24-008749-003/2024(H5N1)	1354	8338
NP|PP755592.1|A/cattle/Texas/24-008749-003/2024(H5N1)	1355	8353
NP|PP755592.1|A/cattle/Texas/24-008749-003/2024(H5N1)	1356	8297
NP|PP755592.1|A/cattle/Texas/24-008749-003/2024(H5N1)	1357	8370
NP|PP755592.1|A/cattle/Texas/24-008749-003/2024(H5N1)	1358	8230
NP|PP755592.1|A/cattle/Texas/24-008749-003/2024(H5N1)	1359	8176
NP|PP755592.1|A/cattle/Texas/24-008749-003/2024(H5N1)	1360	8182
NP|PP755592.1|A/cattle/Texas/24-008749-003/2024(H5N1)	1361	8191
NP|PP755592.1|A/cattle/Texas/24-008749-003/2024(H5N1)	1362	8203
NP|PP755592.1|A/cattle/Texas/24-008749-003/2024(H5N1)	1363	8197
NP|PP755592.1|A/cattle/Texas/24-008749-003/2024(H5N1)	1364	8105
NP|PP755592.1|A/cattle/Texas/24-008749-003/2024(H5N1)	1365	8165
NP|PP755592.1|A/cattle/Texas/24-008749-003/2024(H5N1)	1366	8018
NP|PP755592.1|A/cattle/Texas/24-008749-003/2024(H5N1)	1367	8005
NP|PP755592.1|A/cattle/Texas/24-008749-003/2024(H5N1)	1368	7916
NP|PP755592.1|A/cattle/Texas/24-008749-003/2024(H5N1)	1369	9136
NP|PP755592.1|A/cattle/Texas/24-008749-003/2024(H5N1)	1370	9089
NP|PP755592.1|A/cattle/Texas/24-008749-003/2024(H5N1)	1371	9180
NP|PP755592.1|A/cattle/Texas/24-008749-003/2024(H5N1)	1372	9215
NP|PP755592.1|A/cattle/Texas/24-008749-003/2024(H5N1)	1373	9173
NP|PP755592.1|A/cattle/Texas/24-008749-003/2024(H5N1)	1374	9287
NP|PP755592.1|A/cattle/Texas/24-008749-003/2024(H5N1)	1375	9248
NP|PP755592.1|A/cattle/Texas/24-008749-003/2024(H5N1)	1376	9184
NP|PP755592.1|A/cattle/Texas/24-008749-003/2024(H5N1)	1377	9174
NP|PP755592.1|A/cattle/Texas/24-008749-003/2024(H5N1)	1378	8945
NP|PP755592.1|A/cattle/Texas/24-008749-003/2024(H5N1)	1379	8911
NP|PP755592.1|A/cattle/Texas/24-008749-003/2024(H5N1)	1380	8887
NP|PP755592.1|A/cattle/Texas/24-008749-003/2024(H5N1)	1381	8626
NP|PP755592.1|A/cattle/Texas/24-008749-003/2024(H5N1)	1382	8624
NP|PP755592.1|A/cattle/Texas/24-008749-003/2024(H5N1)	1383	8584
NP|PP755592.1|A/cattle/Texas/24-008749-003/2024(H5N1)	1384	8584
NP|PP755592.1|A/cattle/Texas/24-008749-003/2024(H5N1)	1385	8581
NP|PP755592.1|A/cattle/Texas/24-008749-003/2024(H5N1)	1386	8427
NP|PP755592.1|A/cattle/Texas/24-008749-003/2024(H5N1)	1387	8478
NP|PP755592.1|A/cattle/Texas/24-008749-003/2024(H5N1)	1388	8273
NP|PP755592.1|A/cattle/Texas/24-008749-003/2024(H5N1)	1389	8007
NP|PP755592.1|A/cattle/Texas/24-008749-003/2024(H5N1)	1390	7999
NP|PP755592.1|A/cattle/Texas/24-008749-003/2024(H5N1)	1391	7999
NP|PP755592.1|A/cattle/Texas/24-008749-003/2024(H5N1)	1392	7972
NP|PP755592.1|A/cattle/Texas/24-008749-003/2024(H5N1)	1393	7974
NP|PP755592.1|A/cattle/Texas/24-008749-003/2024(H5N1)	1394	7945
NP|PP755592.1|A/cattle/Texas/24-008749-003/2024(H5N1)	1395	7947
NP|PP755592.1|A/cattle/Texas/24-008749-003/2024(H5N1)	1396	7596
NP|PP755592.1|A/cattle/Texas/24-008749-003/2024(H5N1)	1397	7540
NP|PP755592.1|A/cattle/Texas/24-008749-003/2024(H5N1)	1398	7492
NP|PP755592.1|A/cattle/Texas/24-008749-003/2024(H5N1)	1399	7490
NP|PP755592.1|A/cattle/Texas/24-008749-003/2024(H5N1)	1400	7487
NP|PP755592.1|A/cattle/Texas/24-008749-003/2024(H5N1)	1401	7487
NP|PP755592.1|A/cattle/Texas/24-008749-003/2024(H5N1)	1402	7497
NP|PP755592.1|A/cattle/Texas/24-008749-003/2024(H5N1)	1403	7493
NP|PP755592.1|A/cattle/Texas/24-008749-003/2024(H5N1)	1404	7480
NP|PP755592.1|A/cattle/Texas/24-008749-003/2024(H5N1)	1405	7468
NP|PP755592.1|A/cattle/Texas/24-008749-003/2024(H5N1)	1406	7461
NP|PP755592.1|A/cattle/Texas/24-008749-003/2024(H5N1)	1407	7426
NP|PP755592.1|A/cattle/Texas/24-008749-003/2024(H5N1)	1408	7408
NP|PP755592.1|A/cattle/Texas/24-008749-003/2024(H5N1)	1409	7404
NP|PP755592.1|A/cattle/Texas/24-008749-003/2024(H5N1)	1410	7407
NP|PP755592.1|A/cattle/Texas/24-008749-003/2024(H5N1)	1411	7370
NP|PP755592.1|A/cattle/Texas/24-008749-003/2024(H5N1)	1412	7369
NP|PP755592.1|A/cattle/Texas/24-008749-003/2024(H5N1)	1413	7338
NP|PP755592.1|A/cattle/Texas/24-008749-003/2024(H5N1)	1414	7338
NP|PP755592.1|A/cattle/Texas/24-008749-003/2024(H5N1)	1415	7272
NP|PP755592.1|A/cattle/Texas/24-008749-003/2024(H5N1)	1416	7270
NP|PP755592.1|A/cattle/Texas/24-008749-003/2024(H5N1)	1417	7264
NP|PP755592.1|A/cattle/Texas/24-008749-003/2024(H5N1)	1418	7251
NP|PP755592.1|A/cattle/Texas/24-008749-003/2024(H5N1)	1419	7234
NP|PP755592.1|A/cattle/Texas/24-008749-003/2024(H5N1)	1420	7195
NP|PP755592.1|A/cattle/Texas/24-008749-003/2024(H5N1)	1421	7068
NP|PP755592.1|A/cattle/Texas/24-008749-003/2024(H5N1)	1422	7066
NP|PP755592.1|A/cattle/Texas/24-008749-003/2024(H5N1)	1423	6971
NP|PP755592.1|A/cattle/Texas/24-008749-003/2024(H5N1)	1424	6975
NP|PP755592.1|A/cattle/Texas/24-008749-003/2024(H5N1)	1425	6908
NP|PP755592.1|A/cattle/Texas/24-008749-003/2024(H5N1)	1426	6888
NP|PP755592.1|A/cattle/Texas/24-008749-003/2024(H5N1)	1427	6839
NP|PP755592.1|A/cattle/Texas/24-008749-003/2024(H5N1)	1428	6828
NP|PP755592.1|A/cattle/Texas/24-008749-003/2024(H5N1)	1429	6826
NP|PP755592.1|A/cattle/Texas/24-008749-003/2024(H5N1)	1430	6804
NP|PP755592.1|A/cattle/Texas/24-008749-003/2024(H5N1)	1431	6758
NP|PP755592.1|A/cattle/Texas/24-008749-003/2024(H5N1)	1432	6725
NP|PP755592.1|A/cattle/Texas/24-008749-003/2024(H5N1)	1433	6724
NP|PP755592.1|A/cattle/Texas/24-008749-003/2024(H5N1)	1434	6715
NP|PP755592.1|A/cattle/Texas/24-008749-003/2024(H5N1)	1435	6637
NP|PP755592.1|A/cattle/Texas/24-008749-003/2024(H5N1)	1436	6616
NP|PP755592.1|A/cattle/Texas/24-008749-003/2024(H5N1)	1437	6596
NP|PP755592.1|A/cattle/Texas/24-008749-003/2024(H5N1)	1438	6609
NP|PP755592.1|A/cattle/Texas/24-008749-003/2024(H5N1)	1439	6602
NP|PP755592.1|A/cattle/Texas/24-008749-003/2024(H5N1)	1440	6582
NP|PP755592.1|A/cattle/Texas/24-008749-003/2024(H5N1)	1441	6563
NP|PP755592.1|A/cattle/Texas/24-008749-003/2024(H5N1)	1442	6004
NP|PP755592.1|A/cattle/Texas/24-008749-003/2024(H5N1)	1443	6012
NP|PP755592.1|A/cattle/Texas/24-008749-003/2024(H5N1)	1444	6001
NP|PP755592.1|A/cattle/Texas/24-008749-003/2024(H5N1)	1445	6004
NP|PP755592.1|A/cattle/Texas/24-008749-003/2024(H5N1)	1446	5949
NP|PP755592.1|A/cattle/Texas/24-008749-003/2024(H5N1)	1447	5801
NP|PP755592.1|A/cattle/Texas/24-008749-003/2024(H5N1)	1448	5790
NP|PP755592.1|A/cattle/Texas/24-008749-003/2024(H5N1)	1449	5761
NP|PP755592.1|A/cattle/Texas/24-008749-003/2024(H5N1)	1450	5760
NP|PP755592.1|A/cattle/Texas/24-008749-003/2024(H5N1)	1451	5757
NP|PP755592.1|A/cattle/Texas/24-008749-003/2024(H5N1)	1452	5611
NP|PP755592.1|A/cattle/Texas/24-008749-003/2024(H5N1)	1453	5575
NP|PP755592.1|A/cattle/Texas/24-008749-003/2024(H5N1)	1454	5504
NP|PP755592.1|A/cattle/Texas/24-008749-003/2024(H5N1)	1455	5469
NP|PP755592.1|A/cattle/Texas/24-008749-003/2024(H5N1)	1456	5471
NP|PP755592.1|A/cattle/Texas/24-008749-003/2024(H5N1)	1457	5412
NP|PP755592.1|A/cattle/Texas/24-008749-003/2024(H5N1)	1458	5378
NP|PP755592.1|A/cattle/Texas/24-008749-003/2024(H5N1)	1459	5362
NP|PP755592.1|A/cattle/Texas/24-008749-003/2024(H5N1)	1460	5347
NP|PP755592.1|A/cattle/Texas/24-008749-003/2024(H5N1)	1461	5300
NP|PP755592.1|A/cattle/Texas/24-008749-003/2024(H5N1)	1462	5274
NP|PP755592.1|A/cattle/Texas/24-008749-003/2024(H5N1)	1463	5237
NP|PP755592.1|A/cattle/Texas/24-008749-003/2024(H5N1)	1464	5201
NP|PP755592.1|A/cattle/Texas/24-008749-003/2024(H5N1)	1465	5091
NP|PP755592.1|A/cattle/Texas/24-008749-003/2024(H5N1)	1466	5090
NP|PP755592.1|A/cattle/Texas/24-008749-003/2024(H5N1)	1467	5044
NP|PP755592.1|A/cattle/Texas/24-008749-003/2024(H5N1)	1468	5036
NP|PP755592.1|A/cattle/Texas/24-008749-003/2024(H5N1)	1469	5036
NP|PP755592.1|A/cattle/Texas/24-008749-003/2024(H5N1)	1470	5016
NP|PP755592.1|A/cattle/Texas/24-008749-003/2024(H5N1)	1471	5016
NP|PP755592.1|A/cattle/Texas/24-008749-003/2024(H5N1)	1472	5005
NP|PP755592.1|A/cattle/Texas/24-008749-003/2024(H5N1)	1473	4949
NP|PP755592.1|A/cattle/Texas/24-008749-003/2024(H5N1)	1474	4872
NP|PP755592.1|A/cattle/Texas/24-008749-003/2024(H5N1)	1475	4871
NP|PP755592.1|A/cattle/Texas/24-008749-003/2024(H5N1)	1476	4870
NP|PP755592.1|A/cattle/Texas/24-008749-003/2024(H5N1)	1477	4870
NP|PP755592.1|A/cattle/Texas/24-008749-003/2024(H5N1)	1478	4862
NP|PP755592.1|A/cattle/Texas/24-008749-003/2024(H5N1)	1479	4725
NP|PP755592.1|A/cattle/Texas/24-008749-003/2024(H5N1)	1480	4710
NP|PP755592.1|A/cattle/Texas/24-008749-003/2024(H5N1)	1481	4660
NP|PP755592.1|A/cattle/Texas/24-008749-003/2024(H5N1)	1482	4567
NP|PP755592.1|A/cattle/Texas/24-008749-003/2024(H5N1)	1483	4535
NP|PP755592.1|A/cattle/Texas/24-008749-003/2024(H5N1)	1484	3515
NP|PP755592.1|A/cattle/Texas/24-008749-003/2024(H5N1)	1485	3515
NP|PP755592.1|A/cattle/Texas/24-008749-003/2024(H5N1)	1486	3343
NP|PP755592.1|A/cattle/Texas/24-008749-003/2024(H5N1)	1487	3340
NP|PP755592.1|A/cattle/Texas/24-008749-003/2024(H5N1)	1488	3325
NP|PP755592.1|A/cattle/Texas/24-008749-003/2024(H5N1)	1489	3268
NP|PP755592.1|A/cattle/Texas/24-008749-003/2024(H5N1)	1490	3262
NP|PP755592.1|A/cattle/Texas/24-008749-003/2024(H5N1)	1491	3170
NP|PP755592.1|A/cattle/Texas/24-008749-003/2024(H5N1)	1492	2530
NP|PP755592.1|A/cattle/Texas/24-008749-003/2024(H5N1)	1493	2528
NP|PP755592.1|A/cattle/Texas/24-008749-003/2024(H5N1)	1494	2261
NP|PP755592.1|A/cattle/Texas/24-008749-003/2024(H5N1)	1495	2249
NP|PP755592.1|A/cattle/Texas/24-008749-003/2024(H5N1)	1496	2243
NP|PP755592.1|A/cattle/Texas/24-008749-003/2024(H5N1)	1497	2239
