PB1|PP755595.1|A/cattle/Texas/24-008749-003/2024(H5N1)	1	810
PB1|PP755595.1|A/cattle/Texas/24-008749-003/2024(H5N1)	2	810
PB1|PP755595.1|A/cattle/Texas/24-008749-003/2024(H5N1)	3	813
PB1|PP755595.1|A/cattle/Texas/24-008749-003/2024(H5N1)	4	822
PB1|PP755595.1|A/cattle/Texas/24-008749-003/2024(H5N1)	5	857
PB1|PP755595.1|A/cattle/Texas/24-008749-003/2024(H5N1)	6	869
PB1|PP755595.1|A/cattle/Texas/24-008749-003/2024(H5N1)	7	869
PB1|PP755595.1|A/cattle/Texas/24-008749-003/2024(H5N1)	8	869
PB1|PP755595.1|A/cattle/Texas/24-008749-003/2024(H5N1)	9	879
PB1|PP755595.1|A/cattle/Texas/24-008749-003/2024(H5N1)	10	895
PB1|PP755595.1|A/cattle/Texas/24-008749-003/2024(H5N1)	11	901
PB1|PP755595.1|A/cattle/Texas/24-008749-003/2024(H5N1)	12	901
PB1|PP755595.1|A/cattle/Texas/24-008749-003/2024(H5N1)	13	903
PB1|PP755595.1|A/cattle/Texas/24-008749-003/2024(H5N1)	14	904
PB1|PP755595.1|A/cattle/Texas/24-008749-003/2024(H5N1)	15	906
PB1|PP755595.1|A/cattle/Texas/24-008749-003/2024(H5N1)	16	1076
PB1|PP755595.1|A/cattle/Texas/24-008749-003/2024(H5N1)	17	1080
PB1|PP755595.1|A/cattle/Texas/24-008749-003/2024(H5N1)	18	1080
PB1|PP755595.1|A/cattle/Texas/24-008749-003/2024(H5N1)	19	1087
PB1|PP755595.1|A/cattle/Texas/24-008749-003/2024(H5N1)	20	1092
PB1|PP755595.1|A/cattle/Texas/24-008749-003/2024(H5N1)	21	1095
PB1|PP755595.1|A/cattle/Texas/24-008749-003/2024(H5N1)	22	1099
PB1|PP755595.1|A/cattle/Texas/24-008749-003/2024(H5N1)	23	1099
PB1|PP755595.1|A/cattle/Texas/24-008749-003/2024(H5N1)	24	1121
PB1|PP755595.1|A/cattle/Texas/24-008749-003/2024(H5N1)	25	1122
PB1|PP755595.1|A/cattle/Texas/24-008749-003/2024(H5N1)	26	1139
PB1|PP755595.1|A/cattle/Texas/24-008749-003/2024(H5N1)	27	1139
PB1|PP755595.1|A/cattle/Texas/24-008749-003/2024(H5N1)	28	1140
PB1|PP755595.1|A/cattle/Texas/24-008749-003/2024(H5N1)	29	1143
PB1|PP755595.1|A/cattle/Texas/24-008749-003/2024(H5N1)	30	1144
PB1|PP755595.1|A/cattle/Texas/24-008749-003/2024(H5N1)	31	1145
PB1|PP755595.1|A/cattle/Texas/24-008749-003/2024(H5N1)	32	1150
PB1|PP755595.1|A/cattle/Texas/24-008749-003/2024(H5N1)	33	1150
PB1|PP755595.1|A/cattle/Texas/24-008749-003/2024(H5N1)	34	1157
PB1|PP755595.1|A/cattle/Texas/24-008749-003/2024(H5N1)	35	1151
PB1|PP755595.1|A/cattle/Texas/24-008749-003/2024(H5N1)	36	1151
PB1|PP755595.1|A/cattle/Texas/24-008749-003/2024(H5N1)	37	1151
PB1|PP755595.1|A/cattle/Texas/24-008749-003/2024(H5N1)	38	1150
PB1|PP755595.1|A/cattle/Texas/24-008749-003/2024(H5N1)	39	1150
PB1|PP755595.1|A/cattle/Texas/24-008749-003/2024(H5N1)	40	1159
PB1|PP755595.1|A/cattle/Texas/24-008749-003/2024(H5N1)	41	1160
PB1|PP755595.1|A/cattle/Texas/24-008749-003/2024(H5N1)	42	1162
PB1|PP755595.1|A/cattle/Texas/24-008749-003/2024(H5N1)	43	1163
PB1|PP755595.1|A/cattle/Texas/24-008749-003/2024(H5N1)	44	1164
PB1|PP755595.1|A/cattle/Texas/24-008749-003/2024(H5N1)	45	1165
PB1|PP755595.1|A/cattle/Texas/24-008749-003/2024(H5N1)	46	1165
PB1|PP755595.1|A/cattle/Texas/24-008749-003/2024(H5N1)	47	1172
PB1|PP755595.1|A/cattle/Texas/24-008749-003/2024(H5N1)	48	1198
PB1|PP755595.1|A/cattle/Texas/24-008749-003/2024(H5N1)	49	1233
PB1|PP755595.1|A/cattle/Texas/24-008749-003/2024(H5N1)	50	1234
PB1|PP755595.1|A/cattle/Texas/24-008749-003/2024(H5N1)	51	1234
PB1|PP755595.1|A/cattle/Texas/24-008749-003/2024(H5N1)	52	1236
PB1|PP755595.1|A/cattle/Texas/24-008749-003/2024(H5N1)	53	1248
PB1|PP755595.1|A/cattle/Texas/24-008749-003/2024(H5N1)	54	1288
PB1|PP755595.1|A/cattle/Texas/24-008749-003/2024(H5N1)	55	1288
PB1|PP755595.1|A/cattle/Texas/24-008749-003/2024(H5N1)	56	1298
PB1|PP755595.1|A/cattle/Texas/24-008749-003/2024(H5N1)	57	1305
PB1|PP755595.1|A/cattle/Texas/24-008749-003/2024(H5N1)	58	1312
PB1|PP755595.1|A/cattle/Texas/24-008749-003/2024(H5N1)	59	1352
PB1|PP755595.1|A/cattle/Texas/24-008749-003/2024(H5N1)	60	1355
PB1|PP755595.1|A/cattle/Texas/24-008749-003/2024(H5N1)	61	1380
PB1|PP755595.1|A/cattle/Texas/24-008749-003/2024(H5N1)	62	1384
PB1|PP755595.1|A/cattle/Texas/24-008749-003/2024(H5N1)	63	1383
PB1|PP755595.1|A/cattle/Texas/24-008749-003/2024(H5N1)	64	1403
PB1|PP755595.1|A/cattle/Texas/24-008749-003/2024(H5N1)	65	1406
PB1|PP755595.1|A/cattle/Texas/24-008749-003/2024(H5N1)	66	1514
PB1|PP755595.1|A/cattle/Texas/24-008749-003/2024(H5N1)	67	1516
PB1|PP755595.1|A/cattle/Texas/24-008749-003/2024(H5N1)	68	1512
PB1|PP755595.1|A/cattle/Texas/24-008749-003/2024(H5N1)	69	1537
PB1|PP755595.1|A/cattle/Texas/24-008749-003/2024(H5N1)	70	1539
PB1|PP755595.1|A/cattle/Texas/24-008749-003/2024(H5N1)	71	1615
PB1|PP755595.1|A/cattle/Texas/24-008749-003/2024(H5N1)	72	1620
PB1|PP755595.1|A/cattle/Texas/24-008749-003/2024(H5N1)	73	1622
PB1|PP755595.1|A/cattle/Texas/24-008749-003/2024(H5N1)	74	1637
PB1|PP755595.1|A/cattle/Texas/24-008749-003/2024(H5N1)	75	1621
PB1|PP755595.1|A/cattle/Texas/24-008749-003/2024(H5N1)	76	1631
PB1|PP755595.1|A/cattle/Texas/24-008749-003/2024(H5N1)	77	1639
PB1|PP755595.1|A/cattle/Texas/24-008749-003/2024(H5N1)	78	1640
PB1|PP755595.1|A/cattle/Texas/24-008749-003/2024(H5N1)	79	1640
PB1|PP755595.1|A/cattle/Texas/24-008749-003/2024(H5N1)	80	1658
PB1|PP755595.1|A/cattle/Texas/24-008749-003/2024(H5N1)	81	1657
PB1|PP755595.1|A/cattle/Texas/24-008749-003/2024(H5N1)	82	1759
PB1|PP755595.1|A/cattle/Texas/24-008749-003/2024(H5N1)	83	1760
PB1|PP755595.1|A/cattle/Texas/24-008749-003/2024(H5N1)	84	1768
PB1|PP755595.1|A/cattle/Texas/24-008749-003/2024(H5N1)	85	1875
PB1|PP755595.1|A/cattle/Texas/24-008749-003/2024(H5N1)	86	1887
PB1|PP755595.1|A/cattle/Texas/24-008749-003/2024(H5N1)	87	1900
PB1|PP755595.1|A/cattle/Texas/24-008749-003/2024(H5N1)	88	1900
PB1|PP755595.1|A/cattle/Texas/24-008749-003/2024(H5N1)	89	1896
PB1|PP755595.1|A/cattle/Texas/24-008749-003/2024(H5N1)	90	1905
PB1|PP755595.1|A/cattle/Texas/24-008749-003/2024(H5N1)	91	1881
PB1|PP755595.1|A/cattle/Texas/24-008749-003/2024(H5N1)	92	1946
PB1|PP755595.1|A/cattle/Texas/24-008749-003/2024(H5N1)	93	1980
PB1|PP755595.1|A/cattle/Texas/24-008749-003/2024(H5N1)	94	1975
PB1|PP755595.1|A/cattle/Texas/24-008749-003/2024(H5N1)	95	1989
PB1|PP755595.1|A/cattle/Texas/24-008749-003/2024(H5N1)	96	1989
PB1|PP755595.1|A/cattle/Texas/24-008749-003/2024(H5N1)	97	1989
PB1|PP755595.1|A/cattle/Texas/24-008749-003/2024(H5N1)	98	2040
PB1|PP755595.1|A/cattle/Texas/24-008749-003/2024(H5N1)	99	2044
PB1|PP755595.1|A/cattle/Texas/24-008749-003/2024(H5N1)	100	2044
PB1|PP755595.1|A/cattle/Texas/24-008749-003/2024(H5N1)	101	2048
PB1|PP755595.1|A/cattle/Texas/24-008749-003/2024(H5N1)	102	2045
PB1|PP755595.1|A/cattle/Texas/24-008749-003/2024(H5N1)	103	2079
PB1|PP755595.1|A/cattle/Texas/24-008749-003/2024(H5N1)	104	2151
PB1|PP755595.1|A/cattle/Texas/24-008749-003/2024(H5N1)	105	2166
PB1|PP755595.1|A/cattle/Texas/24-008749-003/2024(H5N1)	106	2164
PB1|PP755595.1|A/cattle/Texas/24-008749-003/2024(H5N1)	107	2170
PB1|PP755595.1|A/cattle/Texas/24-008749-003/2024(H5N1)	108	2174
PB1|PP755595.1|A/cattle/Texas/24-008749-003/2024(H5N1)	109	2443
PB1|PP755595.1|A/cattle/Texas/24-008749-003/2024(H5N1)	110	2485
PB1|PP755595.1|A/cattle/Texas/24-008749-003/2024(H5N1)	111	2490
PB1|PP755595.1|A/cattle/Texas/24-008749-003/2024(H5N1)	112	2487
PB1|PP755595.1|A/cattle/Texas/24-008749-003/2024(H5N1)	113	2504
PB1|PP755595.1|A/cattle/Texas/24-008749-003/2024(H5N1)	114	2495
PB1|PP755595.1|A/cattle/Texas/24-008749-003/2024(H5N1)	115	2557
PB1|PP755595.1|A/cattle/Texas/24-008749-003/2024(H5N1)	116	2566
PB1|PP755595.1|A/cattle/Texas/24-008749-003/2024(H5N1)	117	2566
PB1|PP755595.1|A/cattle/Texas/24-008749-003/2024(H5N1)	118	2525
PB1|PP755595.1|A/cattle/Texas/24-008749-003/2024(H5N1)	119	2526
PB1|PP755595.1|A/cattle/Texas/24-008749-003/2024(H5N1)	120	2543
PB1|PP755595.1|A/cattle/Texas/24-008749-003/2024(H5N1)	121	2549
PB1|PP755595.1|A/cattle/Texas/24-008749-003/2024(H5N1)	122	2563
PB1|PP755595.1|A/cattle/Texas/24-008749-003/2024(H5N1)	123	2565
PB1|PP755595.1|A/cattle/Texas/24-008749-003/2024(H5N1)	124	2560
PB1|PP755595.1|A/cattle/Texas/24-008749-003/2024(H5N1)	125	2673
PB1|PP755595.1|A/cattle/Texas/24-008749-003/2024(H5N1)	126	2676
PB1|PP755595.1|A/cattle/Texas/24-008749-003/2024(H5N1)	127	2352
PB1|PP755595.1|A/cattle/Texas/24-008749-003/2024(H5N1)	128	2319
PB1|PP755595.1|A/cattle/Texas/24-008749-003/2024(H5N1)	129	2327
PB1|PP755595.1|A/cattle/Texas/24-008749-003/2024(H5N1)	130	2328
PB1|PP755595.1|A/cattle/Texas/24-008749-003/2024(H5N1)	131	2330
PB1|PP755595.1|A/cattle/Texas/24-008749-003/2024(H5N1)	132	2324
PB1|PP755595.1|A/cattle/Texas/24-008749-003/2024(H5N1)	133	2322
PB1|PP755595.1|A/cattle/Texas/24-008749-003/2024(H5N1)	134	2355
PB1|PP755595.1|A/cattle/Texas/24-008749-003/2024(H5N1)	135	2364
PB1|PP755595.1|A/cattle/Texas/24-008749-003/2024(H5N1)	136	2362
PB1|PP755595.1|A/cattle/Texas/24-008749-003/2024(H5N1)	137	2330
PB1|PP755595.1|A/cattle/Texas/24-008749-003/2024(H5N1)	138	2315
PB1|PP755595.1|A/cattle/Texas/24-008749-003/2024(H5N1)	139	2381
PB1|PP755595.1|A/cattle/Texas/24-008749-003/2024(H5N1)	140	2387
PB1|PP755595.1|A/cattle/Texas/24-008749-003/2024(H5N1)	141	2400
PB1|PP755595.1|A/cattle/Texas/24-008749-003/2024(H5N1)	142	2393
PB1|PP755595.1|A/cattle/Texas/24-008749-003/2024(H5N1)	143	2402
PB1|PP755595.1|A/cattle/Texas/24-008749-003/2024(H5N1)	144	2382
PB1|PP755595.1|A/cattle/Texas/24-008749-003/2024(H5N1)	145	2382
PB1|PP755595.1|A/cattle/Texas/24-008749-003/2024(H5N1)	146	2373
PB1|PP755595.1|A/cattle/Texas/24-008749-003/2024(H5N1)	147	2359
PB1|PP755595.1|A/cattle/Texas/24-008749-003/2024(H5N1)	148	2352
PB1|PP755595.1|A/cattle/Texas/24-008749-003/2024(H5N1)	149	2345
PB1|PP755595.1|A/cattle/Texas/24-008749-003/2024(H5N1)	150	2340
PB1|PP755595.1|A/cattle/Texas/24-008749-003/2024(H5N1)	151	2347
PB1|PP755595.1|A/cattle/Texas/24-008749-003/2024(H5N1)	152	2366
PB1|PP755595.1|A/cattle/Texas/24-008749-003/2024(H5N1)	153	2365
PB1|PP755595.1|A/cattle/Texas/24-008749-003/2024(H5N1)	154	2377
PB1|PP755595.1|A/cattle/Texas/24-008749-003/2024(H5N1)	155	2374
PB1|PP755595.1|A/cattle/Texas/24-008749-003/2024(H5N1)	156	2355
PB1|PP755595.1|A/cattle/Texas/24-008749-003/2024(H5N1)	157	2358
PB1|PP755595.1|A/cattle/Texas/24-008749-003/2024(H5N1)	158	2367
PB1|PP755595.1|A/cattle/Texas/24-008749-003/2024(H5N1)	159	2373
PB1|PP755595.1|A/cattle/Texas/24-008749-003/2024(H5N1)	160	2362
PB1|PP755595.1|A/cattle/Texas/24-008749-003/2024(H5N1)	161	2348
PB1|PP755595.1|A/cattle/Texas/24-008749-003/2024(H5N1)	162	2352
PB1|PP755595.1|A/cattle/Texas/24-008749-003/2024(H5N1)	163	2353
PB1|PP755595.1|A/cattle/Texas/24-008749-003/2024(H5N1)	164	2357
PB1|PP755595.1|A/cattle/Texas/24-008749-003/2024(H5N1)	165	2358
PB1|PP755595.1|A/cattle/Texas/24-008749-003/2024(H5N1)	166	2351
PB1|PP755595.1|A/cattle/Texas/24-008749-003/2024(H5N1)	167	2218
PB1|PP755595.1|A/cattle/Texas/24-008749-003/2024(H5N1)	168	2218
PB1|PP755595.1|A/cattle/Texas/24-008749-003/2024(H5N1)	169	2219
PB1|PP755595.1|A/cattle/Texas/24-008749-003/2024(H5N1)	170	2215
PB1|PP755595.1|A/cattle/Texas/24-008749-003/2024(H5N1)	171	2212
PB1|PP755595.1|A/cattle/Texas/24-008749-003/2024(H5N1)	172	2207
PB1|PP755595.1|A/cattle/Texas/24-008749-003/2024(H5N1)	173	2215
PB1|PP755595.1|A/cattle/Texas/24-008749-003/2024(H5N1)	174	2222
PB1|PP755595.1|A/cattle/Texas/24-008749-003/2024(H5N1)	175	2223
PB1|PP755595.1|A/cattle/Texas/24-008749-003/2024(H5N1)	176	2214
PB1|PP755595.1|A/cattle/Texas/24-008749-003/2024(H5N1)	177	2211
PB1|PP755595.1|A/cattle/Texas/24-008749-003/2024(H5N1)	178	2212
PB1|PP755595.1|A/cattle/Texas/24-008749-003/2024(H5N1)	179	2237
PB1|PP755595.1|A/cattle/Texas/24-008749-003/2024(H5N1)	180	2249
PB1|PP755595.1|A/cattle/Texas/24-008749-003/2024(H5N1)	181	2248
PB1|PP755595.1|A/cattle/Texas/24-008749-003/2024(H5N1)	182	2256
PB1|PP755595.1|A/cattle/Texas/24-008749-003/2024(H5N1)	183	2247
PB1|PP755595.1|A/cattle/Texas/24-008749-003/2024(H5N1)	184	2247
PB1|PP755595.1|A/cattle/Texas/24-008749-003/2024(H5N1)	185	2259
PB1|PP755595.1|A/cattle/Texas/24-008749-003/2024(H5N1)	186	2258
PB1|PP755595.1|A/cattle/Texas/24-008749-003/2024(H5N1)	187	2260
PB1|PP755595.1|A/cattle/Texas/24-008749-003/2024(H5N1)	188	2301
PB1|PP755595.1|A/cattle/Texas/24-008749-003/2024(H5N1)	189	2302
PB1|PP755595.1|A/cattle/Texas/24-008749-003/2024(H5N1)	190	2430
PB1|PP755595.1|A/cattle/Texas/24-008749-003/2024(H5N1)	191	2427
PB1|PP755595.1|A/cattle/Texas/24-008749-003/2024(H5N1)	192	2427
PB1|PP755595.1|A/cattle/Texas/24-008749-003/2024(H5N1)	193	2443
PB1|PP755595.1|A/cattle/Texas/24-008749-003/2024(H5N1)	194	2442
PB1|PP755595.1|A/cattle/Texas/24-008749-003/2024(H5N1)	195	2467
PB1|PP755595.1|A/cattle/Texas/24-008749-003/2024(H5N1)	196	2465
PB1|PP755595.1|A/cattle/Texas/24-008749-003/2024(H5N1)	197	2465
PB1|PP755595.1|A/cattle/Texas/24-008749-003/2024(H5N1)	198	2487
PB1|PP755595.1|A/cattle/Texas/24-008749-003/2024(H5N1)	199	2445
PB1|PP755595.1|A/cattle/Texas/24-008749-003/2024(H5N1)	200	2432
PB1|PP755595.1|A/cattle/Texas/24-008749-003/2024(H5N1)	201	2437
PB1|PP755595.1|A/cattle/Texas/24-008749-003/2024(H5N1)	202	2441
PB1|PP755595.1|A/cattle/Texas/24-008749-003/2024(H5N1)	203	2465
PB1|PP755595.1|A/cattle/Texas/24-008749-003/2024(H5N1)	204	2452
PB1|PP755595.1|A/cattle/Texas/24-008749-003/2024(H5N1)	205	2458
PB1|PP755595.1|A/cattle/Texas/24-008749-003/2024(H5N1)	206	2466
PB1|PP755595.1|A/cattle/Texas/24-008749-003/2024(H5N1)	207	2453
PB1|PP755595.1|A/cattle/Texas/24-008749-003/2024(H5N1)	208	2449
PB1|PP755595.1|A/cattle/Texas/24-008749-003/2024(H5N1)	209	2447
PB1|PP755595.1|A/cattle/Texas/24-008749-003/2024(H5N1)	210	2438
PB1|PP755595.1|A/cattle/Texas/24-008749-003/2024(H5N1)	211	2438
PB1|PP755595.1|A/cattle/Texas/24-008749-003/2024(H5N1)	212	2447
PB1|PP755595.1|A/cattle/Texas/24-008749-003/2024(H5N1)	213	2519
PB1|PP755595.1|A/cattle/Texas/24-008749-003/2024(H5N1)	214	2526
PB1|PP755595.1|A/cattle/Texas/24-008749-003/2024(H5N1)	215	2545
PB1|PP755595.1|A/cattle/Texas/24-008749-003/2024(H5N1)	216	2545
PB1|PP755595.1|A/cattle/Texas/24-008749-003/2024(H5N1)	217	2445
PB1|PP755595.1|A/cattle/Texas/24-008749-003/2024(H5N1)	218	2447
PB1|PP755595.1|A/cattle/Texas/24-008749-003/2024(H5N1)	219	2482
PB1|PP755595.1|A/cattle/Texas/24-008749-003/2024(H5N1)	220	2530
PB1|PP755595.1|A/cattle/Texas/24-008749-003/2024(H5N1)	221	2484
PB1|PP755595.1|A/cattle/Texas/24-008749-003/2024(H5N1)	222	2440
PB1|PP755595.1|A/cattle/Texas/24-008749-003/2024(H5N1)	223	2442
PB1|PP755595.1|A/cattle/Texas/24-008749-003/2024(H5N1)	224	2454
PB1|PP755595.1|A/cattle/Texas/24-008749-003/2024(H5N1)	225	2524
PB1|PP755595.1|A/cattle/Texas/24-008749-003/2024(H5N1)	226	2523
PB1|PP755595.1|A/cattle/Texas/24-008749-003/2024(H5N1)	227	2522
PB1|PP755595.1|A/cattle/Texas/24-008749-003/2024(H5N1)	228	2557
PB1|PP755595.1|A/cattle/Texas/24-008749-003/2024(H5N1)	229	2546
PB1|PP755595.1|A/cattle/Texas/24-008749-003/2024(H5N1)	230	2543
PB1|PP755595.1|A/cattle/Texas/24-008749-003/2024(H5N1)	231	2542
PB1|PP755595.1|A/cattle/Texas/24-008749-003/2024(H5N1)	232	2552
PB1|PP755595.1|A/cattle/Texas/24-008749-003/2024(H5N1)	233	2474
PB1|PP755595.1|A/cattle/Texas/24-008749-003/2024(H5N1)	234	2496
PB1|PP755595.1|A/cattle/Texas/24-008749-003/2024(H5N1)	235	2425
PB1|PP755595.1|A/cattle/Texas/24-008749-003/2024(H5N1)	236	2417
PB1|PP755595.1|A/cattle/Texas/24-008749-003/2024(H5N1)	237	2433
PB1|PP755595.1|A/cattle/Texas/24-008749-003/2024(H5N1)	238	2422
PB1|PP755595.1|A/cattle/Texas/24-008749-003/2024(H5N1)	239	2453
PB1|PP755595.1|A/cattle/Texas/24-008749-003/2024(H5N1)	240	2517
PB1|PP755595.1|A/cattle/Texas/24-008749-003/2024(H5N1)	241	2539
PB1|PP755595.1|A/cattle/Texas/24-008749-003/2024(H5N1)	242	2607
PB1|PP755595.1|A/cattle/Texas/24-008749-003/2024(H5N1)	243	2544
PB1|PP755595.1|A/cattle/Texas/24-008749-003/2024(H5N1)	244	2527
PB1|PP755595.1|A/cattle/Texas/24-008749-003/2024(H5N1)	245	2536
PB1|PP755595.1|A/cattle/Texas/24-008749-003/2024(H5N1)	246	2536
PB1|PP755595.1|A/cattle/Texas/24-008749-003/2024(H5N1)	247	2556
PB1|PP755595.1|A/cattle/Texas/24-008749-003/2024(H5N1)	248	2518
PB1|PP755595.1|A/cattle/Texas/24-008749-003/2024(H5N1)	249	2514
PB1|PP755595.1|A/cattle/Texas/24-008749-003/2024(H5N1)	250	2552
PB1|PP755595.1|A/cattle/Texas/24-008749-003/2024(H5N1)	251	2507
PB1|PP755595.1|A/cattle/Texas/24-008749-003/2024(H5N1)	252	2553
PB1|PP755595.1|A/cattle/Texas/24-008749-003/2024(H5N1)	253	2553
PB1|PP755595.1|A/cattle/Texas/24-008749-003/2024(H5N1)	254	2496
PB1|PP755595.1|A/cattle/Texas/24-008749-003/2024(H5N1)	255	2485
PB1|PP755595.1|A/cattle/Texas/24-008749-003/2024(H5N1)	256	2498
PB1|PP755595.1|A/cattle/Texas/24-008749-003/2024(H5N1)	257	2493
PB1|PP755595.1|A/cattle/Texas/24-008749-003/2024(H5N1)	258	2248
PB1|PP755595.1|A/cattle/Texas/24-008749-003/2024(H5N1)	259	2230
PB1|PP755595.1|A/cattle/Texas/24-008749-003/2024(H5N1)	260	2234
PB1|PP755595.1|A/cattle/Texas/24-008749-003/2024(H5N1)	261	2224
PB1|PP755595.1|A/cattle/Texas/24-008749-003/2024(H5N1)	262	2223
PB1|PP755595.1|A/cattle/Texas/24-008749-003/2024(H5N1)	263	2248
PB1|PP755595.1|A/cattle/Texas/24-008749-003/2024(H5N1)	264	2259
PB1|PP755595.1|A/cattle/Texas/24-008749-003/2024(H5N1)	265	2177
PB1|PP755595.1|A/cattle/Texas/24-008749-003/2024(H5N1)	266	2174
PB1|PP755595.1|A/cattle/Texas/24-008749-003/2024(H5N1)	267	2174
PB1|PP755595.1|A/cattle/Texas/24-008749-003/2024(H5N1)	268	2172
PB1|PP755595.1|A/cattle/Texas/24-008749-003/2024(H5N1)	269	2181
PB1|PP755595.1|A/cattle/Texas/24-008749-003/2024(H5N1)	270	2180
PB1|PP755595.1|A/cattle/Texas/24-008749-003/2024(H5N1)	271	2175
PB1|PP755595.1|A/cattle/Texas/24-008749-003/2024(H5N1)	272	2189
PB1|PP755595.1|A/cattle/Texas/24-008749-003/2024(H5N1)	273	2173
PB1|PP755595.1|A/cattle/Texas/24-008749-003/2024(H5N1)	274	2183
PB1|PP755595.1|A/cattle/Texas/24-008749-003/2024(H5N1)	275	2184
PB1|PP755595.1|A/cattle/Texas/24-008749-003/2024(H5N1)	276	2093
PB1|PP755595.1|A/cattle/Texas/24-008749-003/2024(H5N1)	277	2090
PB1|PP755595.1|A/cattle/Texas/24-008749-003/2024(H5N1)	278	2016
PB1|PP755595.1|A/cattle/Texas/24-008749-003/2024(H5N1)	279	2008
PB1|PP755595.1|A/cattle/Texas/24-008749-003/2024(H5N1)	280	2002
PB1|PP755595.1|A/cattle/Texas/24-008749-003/2024(H5N1)	281	2046
PB1|PP755595.1|A/cattle/Texas/24-008749-003/2024(H5N1)	282	2100
PB1|PP755595.1|A/cattle/Texas/24-008749-003/2024(H5N1)	283	2072
PB1|PP755595.1|A/cattle/Texas/24-008749-003/2024(H5N1)	284	2071
PB1|PP755595.1|A/cattle/Texas/24-008749-003/2024(H5N1)	285	2054
PB1|PP755595.1|A/cattle/Texas/24-008749-003/2024(H5N1)	286	2080
PB1|PP755595.1|A/cattle/Texas/24-008749-003/2024(H5N1)	287	2302
PB1|PP755595.1|A/cattle/Texas/24-008749-003/2024(H5N1)	288	2298
PB1|PP755595.1|A/cattle/Texas/24-008749-003/2024(H5N1)	289	2307
PB1|PP755595.1|A/cattle/Texas/24-008749-003/2024(H5N1)	290	2240
PB1|PP755595.1|A/cattle/Texas/24-008749-003/2024(H5N1)	291	2252
PB1|PP755595.1|A/cattle/Texas/24-008749-003/2024(H5N1)	292	2435
PB1|PP755595.1|A/cattle/Texas/24-008749-003/2024(H5N1)	293	2440
PB1|PP755595.1|A/cattle/Texas/24-008749-003/2024(H5N1)	294	2442
PB1|PP755595.1|A/cattle/Texas/24-008749-003/2024(H5N1)	295	2597
PB1|PP755595.1|A/cattle/Texas/24-008749-003/2024(H5N1)	296	2617
PB1|PP755595.1|A/cattle/Texas/24-008749-003/2024(H5N1)	297	2628
PB1|PP755595.1|A/cattle/Texas/24-008749-003/2024(H5N1)	298	2633
PB1|PP755595.1|A/cattle/Texas/24-008749-003/2024(H5N1)	299	2631
PB1|PP755595.1|A/cattle/Texas/24-008749-003/2024(H5N1)	300	2607
PB1|PP755595.1|A/cattle/Texas/24-008749-003/2024(H5N1)	301	2606
PB1|PP755595.1|A/cattle/Texas/24-008749-003/2024(H5N1)	302	2618
PB1|PP755595.1|A/cattle/Texas/24-008749-003/2024(H5N1)	303	2626
PB1|PP755595.1|A/cattle/Texas/24-008749-003/2024(H5N1)	304	2631
PB1|PP755595.1|A/cattle/Texas/24-008749-003/2024(H5N1)	305	2641
PB1|PP755595.1|A/cattle/Texas/24-008749-003/2024(H5N1)	306	2651
PB1|PP755595.1|A/cattle/Texas/24-008749-003/2024(H5N1)	307	2644
PB1|PP755595.1|A/cattle/Texas/24-008749-003/2024(H5N1)	308	2647
PB1|PP755595.1|A/cattle/Texas/24-008749-003/2024(H5N1)	309	2647
PB1|PP755595.1|A/cattle/Texas/24-008749-003/2024(H5N1)	310	2642
PB1|PP755595.1|A/cattle/Texas/24-008749-003/2024(H5N1)	311	2648
PB1|PP755595.1|A/cattle/Texas/24-008749-003/2024(H5N1)	312	2649
PB1|PP755595.1|A/cattle/Texas/24-008749-003/2024(H5N1)	313	2642
PB1|PP755595.1|A/cattle/Texas/24-008749-003/2024(H5N1)	314	2641
PB1|PP755595.1|A/cattle/Texas/24-008749-003/2024(H5N1)	315	2656
PB1|PP755595.1|A/cattle/Texas/24-008749-003/2024(H5N1)	316	2650
PB1|PP755595.1|A/cattle/Texas/24-008749-003/2024(H5N1)	317	2651
PB1|PP755595.1|A/cattle/Texas/24-008749-003/2024(H5N1)	318	2651
PB1|PP755595.1|A/cattle/Texas/24-008749-003/2024(H5N1)	319	2925
PB1|PP755595.1|A/cattle/Texas/24-008749-003/2024(H5N1)	320	2937
PB1|PP755595.1|A/cattle/Texas/24-008749-003/2024(H5N1)	321	2981
PB1|PP755595.1|A/cattle/Texas/24-008749-003/2024(H5N1)	322	2982
PB1|PP755595.1|A/cattle/Texas/24-008749-003/2024(H5N1)	323	2981
PB1|PP755595.1|A/cattle/Texas/24-008749-003/2024(H5N1)	324	2968
PB1|PP755595.1|A/cattle/Texas/24-008749-003/2024(H5N1)	325	2947
PB1|PP755595.1|A/cattle/Texas/24-008749-003/2024(H5N1)	326	2958
PB1|PP755595.1|A/cattle/Texas/24-008749-003/2024(H5N1)	327	2973
PB1|PP755595.1|A/cattle/Texas/24-008749-003/2024(H5N1)	328	2976
PB1|PP755595.1|A/cattle/Texas/24-008749-003/2024(H5N1)	329	2975
PB1|PP755595.1|A/cattle/Texas/24-008749-003/2024(H5N1)	330	2991
PB1|PP755595.1|A/cattle/Texas/24-008749-003/2024(H5N1)	331	2980
PB1|PP755595.1|A/cattle/Texas/24-008749-003/2024(H5N1)	332	2982
PB1|PP755595.1|A/cattle/Texas/24-008749-003/2024(H5N1)	333	2974
PB1|PP755595.1|A/cattle/Texas/24-008749-003/2024(H5N1)	334	2992
PB1|PP755595.1|A/cattle/Texas/24-008749-003/2024(H5N1)	335	3000
PB1|PP755595.1|A/cattle/Texas/24-008749-003/2024(H5N1)	336	2981
PB1|PP755595.1|A/cattle/Texas/24-008749-003/2024(H5N1)	337	2981
PB1|PP755595.1|A/cattle/Texas/24-008749-003/2024(H5N1)	338	2961
PB1|PP755595.1|A/cattle/Texas/24-008749-003/2024(H5N1)	339	2936
PB1|PP755595.1|A/cattle/Texas/24-008749-003/2024(H5N1)	340	2944
PB1|PP755595.1|A/cattle/Texas/24-008749-003/2024(H5N1)	341	2802
PB1|PP755595.1|A/cattle/Texas/24-008749-003/2024(H5N1)	342	2801
PB1|PP755595.1|A/cattle/Texas/24-008749-003/2024(H5N1)	343	2912
PB1|PP755595.1|A/cattle/Texas/24-008749-003/2024(H5N1)	344	2908
PB1|PP755595.1|A/cattle/Texas/24-008749-003/2024(H5N1)	345	2938
PB1|PP755595.1|A/cattle/Texas/24-008749-003/2024(H5N1)	346	2918
PB1|PP755595.1|A/cattle/Texas/24-008749-003/2024(H5N1)	347	2944
PB1|PP755595.1|A/cattle/Texas/24-008749-003/2024(H5N1)	348	2947
PB1|PP755595.1|A/cattle/Texas/24-008749-003/2024(H5N1)	349	2925
PB1|PP755595.1|A/cattle/Texas/24-008749-003/2024(H5N1)	350	2900
PB1|PP755595.1|A/cattle/Texas/24-008749-003/2024(H5N1)	351	2911
PB1|PP755595.1|A/cattle/Texas/24-008749-003/2024(H5N1)	352	2930
PB1|PP755595.1|A/cattle/Texas/24-008749-003/2024(H5N1)	353	2944
PB1|PP755595.1|A/cattle/Texas/24-008749-003/2024(H5N1)	354	2922
PB1|PP755595.1|A/cattle/Texas/24-008749-003/2024(H5N1)	355	2936
PB1|PP755595.1|A/cattle/Texas/24-008749-003/2024(H5N1)	356	2953
PB1|PP755595.1|A/cattle/Texas/24-008749-003/2024(H5N1)	357	2967
PB1|PP755595.1|A/cattle/Texas/24-008749-003/2024(H5N1)	358	2963
PB1|PP755595.1|A/cattle/Texas/24-008749-003/2024(H5N1)	359	2961
PB1|PP755595.1|A/cattle/Texas/24-008749-003/2024(H5N1)	360	2955
PB1|PP755595.1|A/cattle/Texas/24-008749-003/2024(H5N1)	361	2932
PB1|PP755595.1|A/cattle/Texas/24-008749-003/2024(H5N1)	362	2975
PB1|PP755595.1|A/cattle/Texas/24-008749-003/2024(H5N1)	363	2961
PB1|PP755595.1|A/cattle/Texas/24-008749-003/2024(H5N1)	364	2936
PB1|PP755595.1|A/cattle/Texas/24-008749-003/2024(H5N1)	365	2913
PB1|PP755595.1|A/cattle/Texas/24-008749-003/2024(H5N1)	366	2892
PB1|PP755595.1|A/cattle/Texas/24-008749-003/2024(H5N1)	367	2991
PB1|PP755595.1|A/cattle/Texas/24-008749-003/2024(H5N1)	368	3021
PB1|PP755595.1|A/cattle/Texas/24-008749-003/2024(H5N1)	369	2983
PB1|PP755595.1|A/cattle/Texas/24-008749-003/2024(H5N1)	370	2961
PB1|PP755595.1|A/cattle/Texas/24-008749-003/2024(H5N1)	371	2912
PB1|PP755595.1|A/cattle/Texas/24-008749-003/2024(H5N1)	372	2913
PB1|PP755595.1|A/cattle/Texas/24-008749-003/2024(H5N1)	373	2912
PB1|PP755595.1|A/cattle/Texas/24-008749-003/2024(H5N1)	374	2913
PB1|PP755595.1|A/cattle/Texas/24-008749-003/2024(H5N1)	375	2923
PB1|PP755595.1|A/cattle/Texas/24-008749-003/2024(H5N1)	376	2836
PB1|PP755595.1|A/cattle/Texas/24-008749-003/2024(H5N1)	377	2836
PB1|PP755595.1|A/cattle/Texas/24-008749-003/2024(H5N1)	378	2826
PB1|PP755595.1|A/cattle/Texas/24-008749-003/2024(H5N1)	379	2792
PB1|PP755595.1|A/cattle/Texas/24-008749-003/2024(H5N1)	380	2793
PB1|PP755595.1|A/cattle/Texas/24-008749-003/2024(H5N1)	381	2839
PB1|PP755595.1|A/cattle/Texas/24-008749-003/2024(H5N1)	382	2888
PB1|PP755595.1|A/cattle/Texas/24-008749-003/2024(H5N1)	383	2845
PB1|PP755595.1|A/cattle/Texas/24-008749-003/2024(H5N1)	384	2825
PB1|PP755595.1|A/cattle/Texas/24-008749-003/2024(H5N1)	385	2820
PB1|PP755595.1|A/cattle/Texas/24-008749-003/2024(H5N1)	386	2820
PB1|PP755595.1|A/cattle/Texas/24-008749-003/2024(H5N1)	387	2835
PB1|PP755595.1|A/cattle/Texas/24-008749-003/2024(H5N1)	388	2810
PB1|PP755595.1|A/cattle/Texas/24-008749-003/2024(H5N1)	389	2826
PB1|PP755595.1|A/cattle/Texas/24-008749-003/2024(H5N1)	390	2754
PB1|PP755595.1|A/cattle/Texas/24-008749-003/2024(H5N1)	391	2728
PB1|PP755595.1|A/cattle/Texas/24-008749-003/2024(H5N1)	392	2697
PB1|PP755595.1|A/cattle/Texas/24-008749-003/2024(H5N1)	393	2637
PB1|PP755595.1|A/cattle/Texas/24-008749-003/2024(H5N1)	394	2645
PB1|PP755595.1|A/cattle/Texas/24-008749-003/2024(H5N1)	395	2659
PB1|PP755595.1|A/cattle/Texas/24-008749-003/2024(H5N1)	396	2649
PB1|PP755595.1|A/cattle/Texas/24-008749-003/2024(H5N1)	397	2634
PB1|PP755595.1|A/cattle/Texas/24-008749-003/2024(H5N1)	398	2616
PB1|PP755595.1|A/cattle/Texas/24-008749-003/2024(H5N1)	399	2626
PB1|PP755595.1|A/cattle/Texas/24-008749-003/2024(H5N1)	400	2641
PB1|PP755595.1|A/cattle/Texas/24-008749-003/2024(H5N1)	401	2617
PB1|PP755595.1|A/cattle/Texas/24-008749-003/2024(H5N1)	402	2602
PB1|PP755595.1|A/cattle/Texas/24-008749-003/2024(H5N1)	403	2566
PB1|PP755595.1|A/cattle/Texas/24-008749-003/2024(H5N1)	404	2577
PB1|PP755595.1|A/cattle/Texas/24-008749-003/2024(H5N1)	405	2573
PB1|PP755595.1|A/cattle/Texas/24-008749-003/2024(H5N1)	406	2573
PB1|PP755595.1|A/cattle/Texas/24-008749-003/2024(H5N1)	407	2556
PB1|PP755595.1|A/cattle/Texas/24-008749-003/2024(H5N1)	408	2540
PB1|PP755595.1|A/cattle/Texas/24-008749-003/2024(H5N1)	409	2535
PB1|PP755595.1|A/cattle/Texas/24-008749-003/2024(H5N1)	410	2527
PB1|PP755595.1|A/cattle/Texas/24-008749-003/2024(H5N1)	411	2518
PB1|PP755595.1|A/cattle/Texas/24-008749-003/2024(H5N1)	412	2527
PB1|PP755595.1|A/cattle/Texas/24-008749-003/2024(H5N1)	413	2500
PB1|PP755595.1|A/cattle/Texas/24-008749-003/2024(H5N1)	414	2526
PB1|PP755595.1|A/cattle/Texas/24-008749-003/2024(H5N1)	415	2499
PB1|PP755595.1|A/cattle/Texas/24-008749-003/2024(H5N1)	416	2498
PB1|PP755595.1|A/cattle/Texas/24-008749-003/2024(H5N1)	417	2502
PB1|PP755595.1|A/cattle/Texas/24-008749-003/2024(H5N1)	418	2503
PB1|PP755595.1|A/cattle/Texas/24-008749-003/2024(H5N1)	419	2530
PB1|PP755595.1|A/cattle/Texas/24-008749-003/2024(H5N1)	420	2528
PB1|PP755595.1|A/cattle/Texas/24-008749-003/2024(H5N1)	421	2548
PB1|PP755595.1|A/cattle/Texas/24-008749-003/2024(H5N1)	422	2529
PB1|PP755595.1|A/cattle/Texas/24-008749-003/2024(H5N1)	423	2511
PB1|PP755595.1|A/cattle/Texas/24-008749-003/2024(H5N1)	424	2581
PB1|PP755595.1|A/cattle/Texas/24-008749-003/2024(H5N1)	425	2573
PB1|PP755595.1|A/cattle/Texas/24-008749-003/2024(H5N1)	426	2573
PB1|PP755595.1|A/cattle/Texas/24-008749-003/2024(H5N1)	427	2567
PB1|PP755595.1|A/cattle/Texas/24-008749-003/2024(H5N1)	428	2563
PB1|PP755595.1|A/cattle/Texas/24-008749-003/2024(H5N1)	429	2740
PB1|PP755595.1|A/cattle/Texas/24-008749-003/2024(H5N1)	430	2875
PB1|PP755595.1|A/cattle/Texas/24-008749-003/2024(H5N1)	431	2875
PB1|PP755595.1|A/cattle/Texas/24-008749-003/2024(H5N1)	432	2883
PB1|PP755595.1|A/cattle/Texas/24-008749-003/2024(H5N1)	433	2853
PB1|PP755595.1|A/cattle/Texas/24-008749-003/2024(H5N1)	434	2997
PB1|PP755595.1|A/cattle/Texas/24-008749-003/2024(H5N1)	435	3002
PB1|PP755595.1|A/cattle/Texas/24-008749-003/2024(H5N1)	436	3005
PB1|PP755595.1|A/cattle/Texas/24-008749-003/2024(H5N1)	437	3186
PB1|PP755595.1|A/cattle/Texas/24-008749-003/2024(H5N1)	438	2953
PB1|PP755595.1|A/cattle/Texas/24-008749-003/2024(H5N1)	439	2968
PB1|PP755595.1|A/cattle/Texas/24-008749-003/2024(H5N1)	440	2956
PB1|PP755595.1|A/cattle/Texas/24-008749-003/2024(H5N1)	441	2955
PB1|PP755595.1|A/cattle/Texas/24-008749-003/2024(H5N1)	442	2940
PB1|PP755595.1|A/cattle/Texas/24-008749-003/2024(H5N1)	443	2730
PB1|PP755595.1|A/cattle/Texas/24-008749-003/2024(H5N1)	444	2737
PB1|PP755595.1|A/cattle/Texas/24-008749-003/2024(H5N1)	445	2739
PB1|PP755595.1|A/cattle/Texas/24-008749-003/2024(H5N1)	446	2572
PB1|PP755595.1|A/cattle/Texas/24-008749-003/2024(H5N1)	447	2567
PB1|PP755595.1|A/cattle/Texas/24-008749-003/2024(H5N1)	448	2564
PB1|PP755595.1|A/cattle/Texas/24-008749-003/2024(H5N1)	449	2581
PB1|PP755595.1|A/cattle/Texas/24-008749-003/2024(H5N1)	450	2581
PB1|PP755595.1|A/cattle/Texas/24-008749-003/2024(H5N1)	451	2573
PB1|PP755595.1|A/cattle/Texas/24-008749-003/2024(H5N1)	452	2583
PB1|PP755595.1|A/cattle/Texas/24-008749-003/2024(H5N1)	453	2568
PB1|PP755595.1|A/cattle/Texas/24-008749-003/2024(H5N1)	454	2590
PB1|PP755595.1|A/cattle/Texas/24-008749-003/2024(H5N1)	455	2580
PB1|PP755595.1|A/cattle/Texas/24-008749-003/2024(H5N1)	456	2558
PB1|PP755595.1|A/cattle/Texas/24-008749-003/2024(H5N1)	457	2542
PB1|PP755595.1|A/cattle/Texas/24-008749-003/2024(H5N1)	458	2538
PB1|PP755595.1|A/cattle/Texas/24-008749-003/2024(H5N1)	459	2541
PB1|PP755595.1|A/cattle/Texas/24-008749-003/2024(H5N1)	460	2541
PB1|PP755595.1|A/cattle/Texas/24-008749-003/2024(H5N1)	461	2866
PB1|PP755595.1|A/cattle/Texas/24-008749-003/2024(H5N1)	462	2890
PB1|PP755595.1|A/cattle/Texas/24-008749-003/2024(H5N1)	463	2898
PB1|PP755595.1|A/cattle/Texas/24-008749-003/2024(H5N1)	464	2918
PB1|PP755595.1|A/cattle/Texas/24-008749-003/2024(H5N1)	465	2917
PB1|PP755595.1|A/cattle/Texas/24-008749-003/2024(H5N1)	466	2899
PB1|PP755595.1|A/cattle/Texas/24-008749-003/2024(H5N1)	467	2906
PB1|PP755595.1|A/cattle/Texas/24-008749-003/2024(H5N1)	468	2904
PB1|PP755595.1|A/cattle/Texas/24-008749-003/2024(H5N1)	469	2936
PB1|PP755595.1|A/cattle/Texas/24-008749-003/2024(H5N1)	470	2676
PB1|PP755595.1|A/cattle/Texas/24-008749-003/2024(H5N1)	471	2644
PB1|PP755595.1|A/cattle/Texas/24-008749-003/2024(H5N1)	472	2643
PB1|PP755595.1|A/cattle/Texas/24-008749-003/2024(H5N1)	473	2643
PB1|PP755595.1|A/cattle/Texas/24-008749-003/2024(H5N1)	474	2658
PB1|PP755595.1|A/cattle/Texas/24-008749-003/2024(H5N1)	475	2681
PB1|PP755595.1|A/cattle/Texas/24-008749-003/2024(H5N1)	476	2667
PB1|PP755595.1|A/cattle/Texas/24-008749-003/2024(H5N1)	477	2669
PB1|PP755595.1|A/cattle/Texas/24-008749-003/2024(H5N1)	478	2653
PB1|PP755595.1|A/cattle/Texas/24-008749-003/2024(H5N1)	479	2638
PB1|PP755595.1|A/cattle/Texas/24-008749-003/2024(H5N1)	480	2635
PB1|PP755595.1|A/cattle/Texas/24-008749-003/2024(H5N1)	481	2616
PB1|PP755595.1|A/cattle/Texas/24-008749-003/2024(H5N1)	482	2637
PB1|PP755595.1|A/cattle/Texas/24-008749-003/2024(H5N1)	483	2658
PB1|PP755595.1|A/cattle/Texas/24-008749-003/2024(H5N1)	484	2639
PB1|PP755595.1|A/cattle/Texas/24-008749-003/2024(H5N1)	485	2785
PB1|PP755595.1|A/cattle/Texas/24-008749-003/2024(H5N1)	486	2809
PB1|PP755595.1|A/cattle/Texas/24-008749-003/2024(H5N1)	487	2813
PB1|PP755595.1|A/cattle/Texas/24-008749-003/2024(H5N1)	488	2811
PB1|PP755595.1|A/cattle/Texas/24-008749-003/2024(H5N1)	489	2829
PB1|PP755595.1|A/cattle/Texas/24-008749-003/2024(H5N1)	490	2847
PB1|PP755595.1|A/cattle/Texas/24-008749-003/2024(H5N1)	491	2835
PB1|PP755595.1|A/cattle/Texas/24-008749-003/2024(H5N1)	492	2835
PB1|PP755595.1|A/cattle/Texas/24-008749-003/2024(H5N1)	493	2843
PB1|PP755595.1|A/cattle/Texas/24-008749-003/2024(H5N1)	494	2728
PB1|PP755595.1|A/cattle/Texas/24-008749-003/2024(H5N1)	495	2729
PB1|PP755595.1|A/cattle/Texas/24-008749-003/2024(H5N1)	496	2701
PB1|PP755595.1|A/cattle/Texas/24-008749-003/2024(H5N1)	497	2710
PB1|PP755595.1|A/cattle/Texas/24-008749-003/2024(H5N1)	498	2751
PB1|PP755595.1|A/cattle/Texas/24-008749-003/2024(H5N1)	499	2747
PB1|PP755595.1|A/cattle/Texas/24-008749-003/2024(H5N1)	500	2747
PB1|PP755595.1|A/cattle/Texas/24-008749-003/2024(H5N1)	501	2765
PB1|PP755595.1|A/cattle/Texas/24-008749-003/2024(H5N1)	502	2764
PB1|PP755595.1|A/cattle/Texas/24-008749-003/2024(H5N1)	503	2743
PB1|PP755595.1|A/cattle/Texas/24-008749-003/2024(H5N1)	504	2747
PB1|PP755595.1|A/cattle/Texas/24-008749-003/2024(H5N1)	505	2779
PB1|PP755595.1|A/cattle/Texas/24-008749-003/2024(H5N1)	506	2771
PB1|PP755595.1|A/cattle/Texas/24-008749-003/2024(H5N1)	507	2721
PB1|PP755595.1|A/cattle/Texas/24-008749-003/2024(H5N1)	508	2735
PB1|PP755595.1|A/cattle/Texas/24-008749-003/2024(H5N1)	509	2760
PB1|PP755595.1|A/cattle/Texas/24-008749-003/2024(H5N1)	510	2777
PB1|PP755595.1|A/cattle/Texas/24-008749-003/2024(H5N1)	511	2777
PB1|PP755595.1|A/cattle/Texas/24-008749-003/2024(H5N1)	512	2840
PB1|PP755595.1|A/cattle/Texas/24-008749-003/2024(H5N1)	513	2781
PB1|PP755595.1|A/cattle/Texas/24-008749-003/2024(H5N1)	514	2749
PB1|PP755595.1|A/cattle/Texas/24-008749-003/2024(H5N1)	515	2747
PB1|PP755595.1|A/cattle/Texas/24-008749-003/2024(H5N1)	516	2749
PB1|PP755595.1|A/cattle/Texas/24-008749-003/2024(H5N1)	517	2722
PB1|PP755595.1|A/cattle/Texas/24-008749-003/2024(H5N1)	518	2706
PB1|PP755595.1|A/cattle/Texas/24-008749-003/2024(H5N1)	519	2668
PB1|PP755595.1|A/cattle/Texas/24-008749-003/2024(H5N1)	520	2741
PB1|PP755595.1|A/cattle/Texas/24-008749-003/2024(H5N1)	521	2740
PB1|PP755595.1|A/cattle/Texas/24-008749-003/2024(H5N1)	522	2762
PB1|PP755595.1|A/cattle/Texas/24-008749-003/2024(H5N1)	523	2770
PB1|PP755595.1|A/cattle/Texas/24-008749-003/2024(H5N1)	524	2766
PB1|PP755595.1|A/cattle/Texas/24-008749-003/2024(H5N1)	525	2826
PB1|PP755595.1|A/cattle/Texas/24-008749-003/2024(H5N1)	526	2817
PB1|PP755595.1|A/cattle/Texas/24-008749-003/2024(H5N1)	527	2835
PB1|PP755595.1|A/cattle/Texas/24-008749-003/2024(H5N1)	528	2838
PB1|PP755595.1|A/cattle/Texas/24-008749-003/2024(H5N1)	529	2850
PB1|PP755595.1|A/cattle/Texas/24-008749-003/2024(H5N1)	530	2846
PB1|PP755595.1|A/cattle/Texas/24-008749-003/2024(H5N1)	531	2830
PB1|PP755595.1|A/cattle/Texas/24-008749-003/2024(H5N1)	532	2834
PB1|PP755595.1|A/cattle/Texas/24-008749-003/2024(H5N1)	533	2835
PB1|PP755595.1|A/cattle/Texas/24-008749-003/2024(H5N1)	534	2841
PB1|PP755595.1|A/cattle/Texas/24-008749-003/2024(H5N1)	535	2863
PB1|PP755595.1|A/cattle/Texas/24-008749-003/2024(H5N1)	536	2868
PB1|PP755595.1|A/cattle/Texas/24-008749-003/2024(H5N1)	537	2880
PB1|PP755595.1|A/cattle/Texas/24-008749-003/2024(H5N1)	538	2873
PB1|PP755595.1|A/cattle/Texas/24-008749-003/2024(H5N1)	539	2901
PB1|PP755595.1|A/cattle/Texas/24-008749-003/2024(H5N1)	540	2900
PB1|PP755595.1|A/cattle/Texas/24-008749-003/2024(H5N1)	541	2896
PB1|PP755595.1|A/cattle/Texas/24-008749-003/2024(H5N1)	542	2906
PB1|PP755595.1|A/cattle/Texas/24-008749-003/2024(H5N1)	543	2906
PB1|PP755595.1|A/cattle/Texas/24-008749-003/2024(H5N1)	544	2903
PB1|PP755595.1|A/cattle/Texas/24-008749-003/2024(H5N1)	545	2895
PB1|PP755595.1|A/cattle/Texas/24-008749-003/2024(H5N1)	546	2875
PB1|PP755595.1|A/cattle/Texas/24-008749-003/2024(H5N1)	547	2883
PB1|PP755595.1|A/cattle/Texas/24-008749-003/2024(H5N1)	548	2912
PB1|PP755595.1|A/cattle/Texas/24-008749-003/2024(H5N1)	549	2912
PB1|PP755595.1|A/cattle/Texas/24-008749-003/2024(H5N1)	550	2898
PB1|PP755595.1|A/cattle/Texas/24-008749-003/2024(H5N1)	551	2881
PB1|PP755595.1|A/cattle/Texas/24-008749-003/2024(H5N1)	552	2888
PB1|PP755595.1|A/cattle/Texas/24-008749-003/2024(H5N1)	553	2889
PB1|PP755595.1|A/cattle/Texas/24-008749-003/2024(H5N1)	554	2888
PB1|PP755595.1|A/cattle/Texas/24-008749-003/2024(H5N1)	555	2883
PB1|PP755595.1|A/cattle/Texas/24-008749-003/2024(H5N1)	556	2889
PB1|PP755595.1|A/cattle/Texas/24-008749-003/2024(H5N1)	557	2892
PB1|PP755595.1|A/cattle/Texas/24-008749-003/2024(H5N1)	558	2893
PB1|PP755595.1|A/cattle/Texas/24-008749-003/2024(H5N1)	559	2892
PB1|PP755595.1|A/cattle/Texas/24-008749-003/2024(H5N1)	560	2905
PB1|PP755595.1|A/cattle/Texas/24-008749-003/2024(H5N1)	561	2927
PB1|PP755595.1|A/cattle/Texas/24-008749-003/2024(H5N1)	562	2935
PB1|PP755595.1|A/cattle/Texas/24-008749-003/2024(H5N1)	563	2980
PB1|PP755595.1|A/cattle/Texas/24-008749-003/2024(H5N1)	564	2990
PB1|PP755595.1|A/cattle/Texas/24-008749-003/2024(H5N1)	565	2970
PB1|PP755595.1|A/cattle/Texas/24-008749-003/2024(H5N1)	566	2975
PB1|PP755595.1|A/cattle/Texas/24-008749-003/2024(H5N1)	567	2977
PB1|PP755595.1|A/cattle/Texas/24-008749-003/2024(H5N1)	568	2973
PB1|PP755595.1|A/cattle/Texas/24-008749-003/2024(H5N1)	569	3029
PB1|PP755595.1|A/cattle/Texas/24-008749-003/2024(H5N1)	570	2993
PB1|PP755595.1|A/cattle/Texas/24-008749-003/2024(H5N1)	571	3045
PB1|PP755595.1|A/cattle/Texas/24-008749-003/2024(H5N1)	572	3027
PB1|PP755595.1|A/cattle/Texas/24-008749-003/2024(H5N1)	573	3031
PB1|PP755595.1|A/cattle/Texas/24-008749-003/2024(H5N1)	574	3031
PB1|PP755595.1|A/cattle/Texas/24-008749-003/2024(H5N1)	575	2982
PB1|PP755595.1|A/cattle/Texas/24-008749-003/2024(H5N1)	576	3047
PB1|PP755595.1|A/cattle/Texas/24-008749-003/2024(H5N1)	577	3050
PB1|PP755595.1|A/cattle/Texas/24-008749-003/2024(H5N1)	578	3030
PB1|PP755595.1|A/cattle/Texas/24-008749-003/2024(H5N1)	579	2905
PB1|PP755595.1|A/cattle/Texas/24-008749-003/2024(H5N1)	580	2889
PB1|PP755595.1|A/cattle/Texas/24-008749-003/2024(H5N1)	581	2769
PB1|PP755595.1|A/cattle/Texas/24-008749-003/2024(H5N1)	582	2767
PB1|PP755595.1|A/cattle/Texas/24-008749-003/2024(H5N1)	583	2757
PB1|PP755595.1|A/cattle/Texas/24-008749-003/2024(H5N1)	584	2728
PB1|PP755595.1|A/cattle/Texas/24-008749-003/2024(H5N1)	585	2601
PB1|PP755595.1|A/cattle/Texas/24-008749-003/2024(H5N1)	586	2610
PB1|PP755595.1|A/cattle/Texas/24-008749-003/2024(H5N1)	587	2465
PB1|PP755595.1|A/cattle/Texas/24-008749-003/2024(H5N1)	588	2418
PB1|PP755595.1|A/cattle/Texas/24-008749-003/2024(H5N1)	589	2425
PB1|PP755595.1|A/cattle/Texas/24-008749-003/2024(H5N1)	590	2418
PB1|PP755595.1|A/cattle/Texas/24-008749-003/2024(H5N1)	591	2431
PB1|PP755595.1|A/cattle/Texas/24-008749-003/2024(H5N1)	592	2441
PB1|PP755595.1|A/cattle/Texas/24-008749-003/2024(H5N1)	593	2433
PB1|PP755595.1|A/cattle/Texas/24-008749-003/2024(H5N1)	594	2485
PB1|PP755595.1|A/cattle/Texas/24-008749-003/2024(H5N1)	595	2471
PB1|PP755595.1|A/cattle/Texas/24-008749-003/2024(H5N1)	596	2506
PB1|PP755595.1|A/cattle/Texas/24-008749-003/2024(H5N1)	597	2512
PB1|PP755595.1|A/cattle/Texas/24-008749-003/2024(H5N1)	598	2501
PB1|PP755595.1|A/cattle/Texas/24-008749-003/2024(H5N1)	599	2500
PB1|PP755595.1|A/cattle/Texas/24-008749-003/2024(H5N1)	600	2526
PB1|PP755595.1|A/cattle/Texas/24-008749-003/2024(H5N1)	601	2547
PB1|PP755595.1|A/cattle/Texas/24-008749-003/2024(H5N1)	602	2592
PB1|PP755595.1|A/cattle/Texas/24-008749-003/2024(H5N1)	603	2592
PB1|PP755595.1|A/cattle/Texas/24-008749-003/2024(H5N1)	604	2627
PB1|PP755595.1|A/cattle/Texas/24-008749-003/2024(H5N1)	605	2605
PB1|PP755595.1|A/cattle/Texas/24-008749-003/2024(H5N1)	606	2658
PB1|PP755595.1|A/cattle/Texas/24-008749-003/2024(H5N1)	607	2682
PB1|PP755595.1|A/cattle/Texas/24-008749-003/2024(H5N1)	608	2689
PB1|PP755595.1|A/cattle/Texas/24-008749-003/2024(H5N1)	609	2702
PB1|PP755595.1|A/cattle/Texas/24-008749-003/2024(H5N1)	610	2820
PB1|PP755595.1|A/cattle/Texas/24-008749-003/2024(H5N1)	611	2553
PB1|PP755595.1|A/cattle/Texas/24-008749-003/2024(H5N1)	612	2547
PB1|PP755595.1|A/cattle/Texas/24-008749-003/2024(H5N1)	613	2559
PB1|PP755595.1|A/cattle/Texas/24-008749-003/2024(H5N1)	614	2561
PB1|PP755595.1|A/cattle/Texas/24-008749-003/2024(H5N1)	615	2542
PB1|PP755595.1|A/cattle/Texas/24-008749-003/2024(H5N1)	616	2555
PB1|PP755595.1|A/cattle/Texas/24-008749-003/2024(H5N1)	617	2555
PB1|PP755595.1|A/cattle/Texas/24-008749-003/2024(H5N1)	618	2533
PB1|PP755595.1|A/cattle/Texas/24-008749-003/2024(H5N1)	619	2536
PB1|PP755595.1|A/cattle/Texas/24-008749-003/2024(H5N1)	620	2482
PB1|PP755595.1|A/cattle/Texas/24-008749-003/2024(H5N1)	621	2492
PB1|PP755595.1|A/cattle/Texas/24-008749-003/2024(H5N1)	622	2518
PB1|PP755595.1|A/cattle/Texas/24-008749-003/2024(H5N1)	623	2512
PB1|PP755595.1|A/cattle/Texas/24-008749-003/2024(H5N1)	624	2514
PB1|PP755595.1|A/cattle/Texas/24-008749-003/2024(H5N1)	625	2517
PB1|PP755595.1|A/cattle/Texas/24-008749-003/2024(H5N1)	626	2503
PB1|PP755595.1|A/cattle/Texas/24-008749-003/2024(H5N1)	627	2507
PB1|PP755595.1|A/cattle/Texas/24-008749-003/2024(H5N1)	628	2564
PB1|PP755595.1|A/cattle/Texas/24-008749-003/2024(H5N1)	629	2563
PB1|PP755595.1|A/cattle/Texas/24-008749-003/2024(H5N1)	630	2566
PB1|PP755595.1|A/cattle/Texas/24-008749-003/2024(H5N1)	631	2558
PB1|PP755595.1|A/cattle/Texas/24-008749-003/2024(H5N1)	632	2630
PB1|PP755595.1|A/cattle/Texas/24-008749-003/2024(H5N1)	633	2636
PB1|PP755595.1|A/cattle/Texas/24-008749-003/2024(H5N1)	634	2626
PB1|PP755595.1|A/cattle/Texas/24-008749-003/2024(H5N1)	635	2620
PB1|PP755595.1|A/cattle/Texas/24-008749-003/2024(H5N1)	636	2473
PB1|PP755595.1|A/cattle/Texas/24-008749-003/2024(H5N1)	637	2461
PB1|PP755595.1|A/cattle/Texas/24-008749-003/2024(H5N1)	638	2512
PB1|PP755595.1|A/cattle/Texas/24-008749-003/2024(H5N1)	639	2535
PB1|PP755595.1|A/cattle/Texas/24-008749-003/2024(H5N1)	640	2520
PB1|PP755595.1|A/cattle/Texas/24-008749-003/2024(H5N1)	641	2502
PB1|PP755595.1|A/cattle/Texas/24-008749-003/2024(H5N1)	642	2501
PB1|PP755595.1|A/cattle/Texas/24-008749-003/2024(H5N1)	643	2504
PB1|PP755595.1|A/cattle/Texas/24-008749-003/2024(H5N1)	644	2513
PB1|PP755595.1|A/cattle/Texas/24-008749-003/2024(H5N1)	645	2542
PB1|PP755595.1|A/cattle/Texas/24-008749-003/2024(H5N1)	646	2535
PB1|PP755595.1|A/cattle/Texas/24-008749-003/2024(H5N1)	647	2537
PB1|PP755595.1|A/cattle/Texas/24-008749-003/2024(H5N1)	648	2491
PB1|PP755595.1|A/cattle/Texas/24-008749-003/2024(H5N1)	649	2476
PB1|PP755595.1|A/cattle/Texas/24-008749-003/2024(H5N1)	650	2488
PB1|PP755595.1|A/cattle/Texas/24-008749-003/2024(H5N1)	651	2512
PB1|PP755595.1|A/cattle/Texas/24-008749-003/2024(H5N1)	652	2515
PB1|PP755595.1|A/cattle/Texas/24-008749-003/2024(H5N1)	653	2505
PB1|PP755595.1|A/cattle/Texas/24-008749-003/2024(H5N1)	654	2562
PB1|PP755595.1|A/cattle/Texas/24-008749-003/2024(H5N1)	655	2575
PB1|PP755595.1|A/cattle/Texas/24-008749-003/2024(H5N1)	656	2550
PB1|PP755595.1|A/cattle/Texas/24-008749-003/2024(H5N1)	657	2552
PB1|PP755595.1|A/cattle/Texas/24-008749-003/2024(H5N1)	658	2540
PB1|PP755595.1|A/cattle/Texas/24-008749-003/2024(H5N1)	659	2560
PB1|PP755595.1|A/cattle/Texas/24-008749-003/2024(H5N1)	660	2544
PB1|PP755595.1|A/cattle/Texas/24-008749-003/2024(H5N1)	661	2553
PB1|PP755595.1|A/cattle/Texas/24-008749-003/2024(H5N1)	662	2672
PB1|PP755595.1|A/cattle/Texas/24-008749-003/2024(H5N1)	663	2614
PB1|PP755595.1|A/cattle/Texas/24-008749-003/2024(H5N1)	664	2615
PB1|PP755595.1|A/cattle/Texas/24-008749-003/2024(H5N1)	665	2607
PB1|PP755595.1|A/cattle/Texas/24-008749-003/2024(H5N1)	666	2611
PB1|PP755595.1|A/cattle/Texas/24-008749-003/2024(H5N1)	667	2703
PB1|PP755595.1|A/cattle/Texas/24-008749-003/2024(H5N1)	668	2707
PB1|PP755595.1|A/cattle/Texas/24-008749-003/2024(H5N1)	669	2683
PB1|PP755595.1|A/cattle/Texas/24-008749-003/2024(H5N1)	670	2667
PB1|PP755595.1|A/cattle/Texas/24-008749-003/2024(H5N1)	671	2617
PB1|PP755595.1|A/cattle/Texas/24-008749-003/2024(H5N1)	672	2667
PB1|PP755595.1|A/cattle/Texas/24-008749-003/2024(H5N1)	673	2687
PB1|PP755595.1|A/cattle/Texas/24-008749-003/2024(H5N1)	674	2684
PB1|PP755595.1|A/cattle/Texas/24-008749-003/2024(H5N1)	675	2759
PB1|PP755595.1|A/cattle/Texas/24-008749-003/2024(H5N1)	676	2691
PB1|PP755595.1|A/cattle/Texas/24-008749-003/2024(H5N1)	677	2718
PB1|PP755595.1|A/cattle/Texas/24-008749-003/2024(H5N1)	678	2695
PB1|PP755595.1|A/cattle/Texas/24-008749-003/2024(H5N1)	679	2699
PB1|PP755595.1|A/cattle/Texas/24-008749-003/2024(H5N1)	680	2709
PB1|PP755595.1|A/cattle/Texas/24-008749-003/2024(H5N1)	681	2666
PB1|PP755595.1|A/cattle/Texas/24-008749-003/2024(H5N1)	682	2666
PB1|PP755595.1|A/cattle/Texas/24-008749-003/2024(H5N1)	683	2659
PB1|PP755595.1|A/cattle/Texas/24-008749-003/2024(H5N1)	684	2654
PB1|PP755595.1|A/cattle/Texas/24-008749-003/2024(H5N1)	685	2670
PB1|PP755595.1|A/cattle/Texas/24-008749-003/2024(H5N1)	686	2649
PB1|PP755595.1|A/cattle/Texas/24-008749-003/2024(H5N1)	687	2644
PB1|PP755595.1|A/cattle/Texas/24-008749-003/2024(H5N1)	688	2633
PB1|PP755595.1|A/cattle/Texas/24-008749-003/2024(H5N1)	689	2615
PB1|PP755595.1|A/cattle/Texas/24-008749-003/2024(H5N1)	690	2628
PB1|PP755595.1|A/cattle/Texas/24-008749-003/2024(H5N1)	691	2621
PB1|PP755595.1|A/cattle/Texas/24-008749-003/2024(H5N1)	692	2611
PB1|PP755595.1|A/cattle/Texas/24-008749-003/2024(H5N1)	693	2611
PB1|PP755595.1|A/cattle/Texas/24-008749-003/2024(H5N1)	694	2616
PB1|PP755595.1|A/cattle/Texas/24-008749-003/2024(H5N1)	695	2641
PB1|PP755595.1|A/cattle/Texas/24-008749-003/2024(H5N1)	696	2641
PB1|PP755595.1|A/cattle/Texas/24-008749-003/2024(H5N1)	697	2641
PB1|PP755595.1|A/cattle/Texas/24-008749-003/2024(H5N1)	698	2645
PB1|PP755595.1|A/cattle/Texas/24-008749-003/2024(H5N1)	699	2614
PB1|PP755595.1|A/cattle/Texas/24-008749-003/2024(H5N1)	700	2618
PB1|PP755595.1|A/cattle/Texas/24-008749-003/2024(H5N1)	701	2615
PB1|PP755595.1|A/cattle/Texas/24-008749-003/2024(H5N1)	702	2615
PB1|PP755595.1|A/cattle/Texas/24-008749-003/2024(H5N1)	703	2623
PB1|PP755595.1|A/cattle/Texas/24-008749-003/2024(H5N1)	704	2681
PB1|PP755595.1|A/cattle/Texas/24-008749-003/2024(H5N1)	705	2696
PB1|PP755595.1|A/cattle/Texas/24-008749-003/2024(H5N1)	706	2711
PB1|PP755595.1|A/cattle/Texas/24-008749-003/2024(H5N1)	707	2704
PB1|PP755595.1|A/cattle/Texas/24-008749-003/2024(H5N1)	708	2710
PB1|PP755595.1|A/cattle/Texas/24-008749-003/2024(H5N1)	709	2710
PB1|PP755595.1|A/cattle/Texas/24-008749-003/2024(H5N1)	710	2713
PB1|PP755595.1|A/cattle/Texas/24-008749-003/2024(H5N1)	711	2720
PB1|PP755595.1|A/cattle/Texas/24-008749-003/2024(H5N1)	712	2687
PB1|PP755595.1|A/cattle/Texas/24-008749-003/2024(H5N1)	713	2690
PB1|PP755595.1|A/cattle/Texas/24-008749-003/2024(H5N1)	714	2660
PB1|PP755595.1|A/cattle/Texas/24-008749-003/2024(H5N1)	715	2649
PB1|PP755595.1|A/cattle/Texas/24-008749-003/2024(H5N1)	716	2692
PB1|PP755595.1|A/cattle/Texas/24-008749-003/2024(H5N1)	717	2700
PB1|PP755595.1|A/cattle/Texas/24-008749-003/2024(H5N1)	718	2702
PB1|PP755595.1|A/cattle/Texas/24-008749-003/2024(H5N1)	719	2663
PB1|PP755595.1|A/cattle/Texas/24-008749-003/2024(H5N1)	720	2651
PB1|PP755595.1|A/cattle/Texas/24-008749-003/2024(H5N1)	721	2656
PB1|PP755595.1|A/cattle/Texas/24-008749-003/2024(H5N1)	722	2662
PB1|PP755595.1|A/cattle/Texas/24-008749-003/2024(H5N1)	723	2668
PB1|PP755595.1|A/cattle/Texas/24-008749-003/2024(H5N1)	724	2673
PB1|PP755595.1|A/cattle/Texas/24-008749-003/2024(H5N1)	725	2605
PB1|PP755595.1|A/cattle/Texas/24-008749-003/2024(H5N1)	726	2588
PB1|PP755595.1|A/cattle/Texas/24-008749-003/2024(H5N1)	727	2588
PB1|PP755595.1|A/cattle/Texas/24-008749-003/2024(H5N1)	728	2608
PB1|PP755595.1|A/cattle/Texas/24-008749-003/2024(H5N1)	729	2608
PB1|PP755595.1|A/cattle/Texas/24-008749-003/2024(H5N1)	730	2593
PB1|PP755595.1|A/cattle/Texas/24-008749-003/2024(H5N1)	731	2557
PB1|PP755595.1|A/cattle/Texas/24-008749-003/2024(H5N1)	732	2552
PB1|PP755595.1|A/cattle/Texas/24-008749-003/2024(H5N1)	733	2542
PB1|PP755595.1|A/cattle/Texas/24-008749-003/2024(H5N1)	734	2559
PB1|PP755595.1|A/cattle/Texas/24-008749-003/2024(H5N1)	735	2565
PB1|PP755595.1|A/cattle/Texas/24-008749-003/2024(H5N1)	736	2603
PB1|PP755595.1|A/cattle/Texas/24-008749-003/2024(H5N1)	737	2609
PB1|PP755595.1|A/cattle/Texas/24-008749-003/2024(H5N1)	738	2605
PB1|PP755595.1|A/cattle/Texas/24-008749-003/2024(H5N1)	739	2593
PB1|PP755595.1|A/cattle/Texas/24-008749-003/2024(H5N1)	740	2593
PB1|PP755595.1|A/cattle/Texas/24-008749-003/2024(H5N1)	741	2606
PB1|PP755595.1|A/cattle/Texas/24-008749-003/2024(H5N1)	742	2739
PB1|PP755595.1|A/cattle/Texas/24-008749-003/2024(H5N1)	743	2743
PB1|PP755595.1|A/cattle/Texas/24-008749-003/2024(H5N1)	744	2744
PB1|PP755595.1|A/cattle/Texas/24-008749-003/2024(H5N1)	745	2681
PB1|PP755595.1|A/cattle/Texas/24-008749-003/2024(H5N1)	746	2687
PB1|PP755595.1|A/cattle/Texas/24-008749-003/2024(H5N1)	747	2658
PB1|PP755595.1|A/cattle/Texas/24-008749-003/2024(H5N1)	748	2667
PB1|PP755595.1|A/cattle/Texas/24-008749-003/2024(H5N1)	749	2719
PB1|PP755595.1|A/cattle/Texas/24-008749-003/2024(H5N1)	750	2837
PB1|PP755595.1|A/cattle/Texas/24-008749-003/2024(H5N1)	751	2830
PB1|PP755595.1|A/cattle/Texas/24-008749-003/2024(H5N1)	752	2892
PB1|PP755595.1|A/cattle/Texas/24-008749-003/2024(H5N1)	753	2843
PB1|PP755595.1|A/cattle/Texas/24-008749-003/2024(H5N1)	754	2869
PB1|PP755595.1|A/cattle/Texas/24-008749-003/2024(H5N1)	755	2849
PB1|PP755595.1|A/cattle/Texas/24-008749-003/2024(H5N1)	756	2858
PB1|PP755595.1|A/cattle/Texas/24-008749-003/2024(H5N1)	757	2812
PB1|PP755595.1|A/cattle/Texas/24-008749-003/2024(H5N1)	758	2771
PB1|PP755595.1|A/cattle/Texas/24-008749-003/2024(H5N1)	759	2752
PB1|PP755595.1|A/cattle/Texas/24-008749-003/2024(H5N1)	760	2628
PB1|PP755595.1|A/cattle/Texas/24-008749-003/2024(H5N1)	761	2634
PB1|PP755595.1|A/cattle/Texas/24-008749-003/2024(H5N1)	762	2596
PB1|PP755595.1|A/cattle/Texas/24-008749-003/2024(H5N1)	763	2628
PB1|PP755595.1|A/cattle/Texas/24-008749-003/2024(H5N1)	764	2627
PB1|PP755595.1|A/cattle/Texas/24-008749-003/2024(H5N1)	765	2625
PB1|PP755595.1|A/cattle/Texas/24-008749-003/2024(H5N1)	766	2624
PB1|PP755595.1|A/cattle/Texas/24-008749-003/2024(H5N1)	767	2621
PB1|PP755595.1|A/cattle/Texas/24-008749-003/2024(H5N1)	768	2640
PB1|PP755595.1|A/cattle/Texas/24-008749-003/2024(H5N1)	769	2653
PB1|PP755595.1|A/cattle/Texas/24-008749-003/2024(H5N1)	770	2769
PB1|PP755595.1|A/cattle/Texas/24-008749-003/2024(H5N1)	771	2767
PB1|PP755595.1|A/cattle/Texas/24-008749-003/2024(H5N1)	772	2732
PB1|PP755595.1|A/cattle/Texas/24-008749-003/2024(H5N1)	773	2737
PB1|PP755595.1|A/cattle/Texas/24-008749-003/2024(H5N1)	774	2746
PB1|PP755595.1|A/cattle/Texas/24-008749-003/2024(H5N1)	775	2754
PB1|PP755595.1|A/cattle/Texas/24-008749-003/2024(H5N1)	776	2836
PB1|PP755595.1|A/cattle/Texas/24-008749-003/2024(H5N1)	777	2842
PB1|PP755595.1|A/cattle/Texas/24-008749-003/2024(H5N1)	778	2838
PB1|PP755595.1|A/cattle/Texas/24-008749-003/2024(H5N1)	779	2771
PB1|PP755595.1|A/cattle/Texas/24-008749-003/2024(H5N1)	780	2816
PB1|PP755595.1|A/cattle/Texas/24-008749-003/2024(H5N1)	781	2807
PB1|PP755595.1|A/cattle/Texas/24-008749-003/2024(H5N1)	782	2815
PB1|PP755595.1|A/cattle/Texas/24-008749-003/2024(H5N1)	783	2747
PB1|PP755595.1|A/cattle/Texas/24-008749-003/2024(H5N1)	784	2740
PB1|PP755595.1|A/cattle/Texas/24-008749-003/2024(H5N1)	785	2747
PB1|PP755595.1|A/cattle/Texas/24-008749-003/2024(H5N1)	786	2748
PB1|PP755595.1|A/cattle/Texas/24-008749-003/2024(H5N1)	787	2758
PB1|PP755595.1|A/cattle/Texas/24-008749-003/2024(H5N1)	788	2758
PB1|PP755595.1|A/cattle/Texas/24-008749-003/2024(H5N1)	789	2707
PB1|PP755595.1|A/cattle/Texas/24-008749-003/2024(H5N1)	790	2684
PB1|PP755595.1|A/cattle/Texas/24-008749-003/2024(H5N1)	791	2672
PB1|PP755595.1|A/cattle/Texas/24-008749-003/2024(H5N1)	792	2668
PB1|PP755595.1|A/cattle/Texas/24-008749-003/2024(H5N1)	793	2677
PB1|PP755595.1|A/cattle/Texas/24-008749-003/2024(H5N1)	794	2727
PB1|PP755595.1|A/cattle/Texas/24-008749-003/2024(H5N1)	795	2713
PB1|PP755595.1|A/cattle/Texas/24-008749-003/2024(H5N1)	796	2700
PB1|PP755595.1|A/cattle/Texas/24-008749-003/2024(H5N1)	797	2697
PB1|PP755595.1|A/cattle/Texas/24-008749-003/2024(H5N1)	798	2689
PB1|PP755595.1|A/cattle/Texas/24-008749-003/2024(H5N1)	799	2695
PB1|PP755595.1|A/cattle/Texas/24-008749-003/2024(H5N1)	800	2702
PB1|PP755595.1|A/cattle/Texas/24-008749-003/2024(H5N1)	801	2715
PB1|PP755595.1|A/cattle/Texas/24-008749-003/2024(H5N1)	802	2698
PB1|PP755595.1|A/cattle/Texas/24-008749-003/2024(H5N1)	803	2679
PB1|PP755595.1|A/cattle/Texas/24-008749-003/2024(H5N1)	804	2714
PB1|PP755595.1|A/cattle/Texas/24-008749-003/2024(H5N1)	805	2648
PB1|PP755595.1|A/cattle/Texas/24-008749-003/2024(H5N1)	806	2654
PB1|PP755595.1|A/cattle/Texas/24-008749-003/2024(H5N1)	807	2653
PB1|PP755595.1|A/cattle/Texas/24-008749-003/2024(H5N1)	808	2643
PB1|PP755595.1|A/cattle/Texas/24-008749-003/2024(H5N1)	809	2644
PB1|PP755595.1|A/cattle/Texas/24-008749-003/2024(H5N1)	810	2622
PB1|PP755595.1|A/cattle/Texas/24-008749-003/2024(H5N1)	811	2551
PB1|PP755595.1|A/cattle/Texas/24-008749-003/2024(H5N1)	812	2522
PB1|PP755595.1|A/cattle/Texas/24-008749-003/2024(H5N1)	813	2500
PB1|PP755595.1|A/cattle/Texas/24-008749-003/2024(H5N1)	814	2486
PB1|PP755595.1|A/cattle/Texas/24-008749-003/2024(H5N1)	815	2515
PB1|PP755595.1|A/cattle/Texas/24-008749-003/2024(H5N1)	816	2515
PB1|PP755595.1|A/cattle/Texas/24-008749-003/2024(H5N1)	817	2579
PB1|PP755595.1|A/cattle/Texas/24-008749-003/2024(H5N1)	818	2509
PB1|PP755595.1|A/cattle/Texas/24-008749-003/2024(H5N1)	819	2505
PB1|PP755595.1|A/cattle/Texas/24-008749-003/2024(H5N1)	820	2464
PB1|PP755595.1|A/cattle/Texas/24-008749-003/2024(H5N1)	821	2492
PB1|PP755595.1|A/cattle/Texas/24-008749-003/2024(H5N1)	822	2469
PB1|PP755595.1|A/cattle/Texas/24-008749-003/2024(H5N1)	823	2422
PB1|PP755595.1|A/cattle/Texas/24-008749-003/2024(H5N1)	824	2414
PB1|PP755595.1|A/cattle/Texas/24-008749-003/2024(H5N1)	825	2420
PB1|PP755595.1|A/cattle/Texas/24-008749-003/2024(H5N1)	826	2391
PB1|PP755595.1|A/cattle/Texas/24-008749-003/2024(H5N1)	827	2497
PB1|PP755595.1|A/cattle/Texas/24-008749-003/2024(H5N1)	828	2475
PB1|PP755595.1|A/cattle/Texas/24-008749-003/2024(H5N1)	829	2484
PB1|PP755595.1|A/cattle/Texas/24-008749-003/2024(H5N1)	830	2498
PB1|PP755595.1|A/cattle/Texas/24-008749-003/2024(H5N1)	831	2485
PB1|PP755595.1|A/cattle/Texas/24-008749-003/2024(H5N1)	832	2465
PB1|PP755595.1|A/cattle/Texas/24-008749-003/2024(H5N1)	833	2461
PB1|PP755595.1|A/cattle/Texas/24-008749-003/2024(H5N1)	834	2459
PB1|PP755595.1|A/cattle/Texas/24-008749-003/2024(H5N1)	835	2471
PB1|PP755595.1|A/cattle/Texas/24-008749-003/2024(H5N1)	836	2454
PB1|PP755595.1|A/cattle/Texas/24-008749-003/2024(H5N1)	837	2496
PB1|PP755595.1|A/cattle/Texas/24-008749-003/2024(H5N1)	838	2492
PB1|PP755595.1|A/cattle/Texas/24-008749-003/2024(H5N1)	839	2532
PB1|PP755595.1|A/cattle/Texas/24-008749-003/2024(H5N1)	840	2505
PB1|PP755595.1|A/cattle/Texas/24-008749-003/2024(H5N1)	841	2501
PB1|PP755595.1|A/cattle/Texas/24-008749-003/2024(H5N1)	842	2503
PB1|PP755595.1|A/cattle/Texas/24-008749-003/2024(H5N1)	843	2502
PB1|PP755595.1|A/cattle/Texas/24-008749-003/2024(H5N1)	844	2548
PB1|PP755595.1|A/cattle/Texas/24-008749-003/2024(H5N1)	845	2552
PB1|PP755595.1|A/cattle/Texas/24-008749-003/2024(H5N1)	846	2576
PB1|PP755595.1|A/cattle/Texas/24-008749-003/2024(H5N1)	847	2577
PB1|PP755595.1|A/cattle/Texas/24-008749-003/2024(H5N1)	848	2591
PB1|PP755595.1|A/cattle/Texas/24-008749-003/2024(H5N1)	849	2607
PB1|PP755595.1|A/cattle/Texas/24-008749-003/2024(H5N1)	850	2611
PB1|PP755595.1|A/cattle/Texas/24-008749-003/2024(H5N1)	851	2608
PB1|PP755595.1|A/cattle/Texas/24-008749-003/2024(H5N1)	852	2613
PB1|PP755595.1|A/cattle/Texas/24-008749-003/2024(H5N1)	853	2621
PB1|PP755595.1|A/cattle/Texas/24-008749-003/2024(H5N1)	854	2766
PB1|PP755595.1|A/cattle/Texas/24-008749-003/2024(H5N1)	855	2703
PB1|PP755595.1|A/cattle/Texas/24-008749-003/2024(H5N1)	856	2693
PB1|PP755595.1|A/cattle/Texas/24-008749-003/2024(H5N1)	857	2681
PB1|PP755595.1|A/cattle/Texas/24-008749-003/2024(H5N1)	858	2687
PB1|PP755595.1|A/cattle/Texas/24-008749-003/2024(H5N1)	859	2676
PB1|PP755595.1|A/cattle/Texas/24-008749-003/2024(H5N1)	860	2684
PB1|PP755595.1|A/cattle/Texas/24-008749-003/2024(H5N1)	861	2778
PB1|PP755595.1|A/cattle/Texas/24-008749-003/2024(H5N1)	862	2756
PB1|PP755595.1|A/cattle/Texas/24-008749-003/2024(H5N1)	863	2757
PB1|PP755595.1|A/cattle/Texas/24-008749-003/2024(H5N1)	864	2790
PB1|PP755595.1|A/cattle/Texas/24-008749-003/2024(H5N1)	865	2936
PB1|PP755595.1|A/cattle/Texas/24-008749-003/2024(H5N1)	866	2950
PB1|PP755595.1|A/cattle/Texas/24-008749-003/2024(H5N1)	867	2898
PB1|PP755595.1|A/cattle/Texas/24-008749-003/2024(H5N1)	868	2885
PB1|PP755595.1|A/cattle/Texas/24-008749-003/2024(H5N1)	869	2887
PB1|PP755595.1|A/cattle/Texas/24-008749-003/2024(H5N1)	870	2887
PB1|PP755595.1|A/cattle/Texas/24-008749-003/2024(H5N1)	871	2939
PB1|PP755595.1|A/cattle/Texas/24-008749-003/2024(H5N1)	872	2918
PB1|PP755595.1|A/cattle/Texas/24-008749-003/2024(H5N1)	873	2872
PB1|PP755595.1|A/cattle/Texas/24-008749-003/2024(H5N1)	874	2876
PB1|PP755595.1|A/cattle/Texas/24-008749-003/2024(H5N1)	875	2869
PB1|PP755595.1|A/cattle/Texas/24-008749-003/2024(H5N1)	876	2868
PB1|PP755595.1|A/cattle/Texas/24-008749-003/2024(H5N1)	877	2889
PB1|PP755595.1|A/cattle/Texas/24-008749-003/2024(H5N1)	878	2874
PB1|PP755595.1|A/cattle/Texas/24-008749-003/2024(H5N1)	879	2875
PB1|PP755595.1|A/cattle/Texas/24-008749-003/2024(H5N1)	880	3008
PB1|PP755595.1|A/cattle/Texas/24-008749-003/2024(H5N1)	881	2999
PB1|PP755595.1|A/cattle/Texas/24-008749-003/2024(H5N1)	882	2998
PB1|PP755595.1|A/cattle/Texas/24-008749-003/2024(H5N1)	883	3001
PB1|PP755595.1|A/cattle/Texas/24-008749-003/2024(H5N1)	884	3140
PB1|PP755595.1|A/cattle/Texas/24-008749-003/2024(H5N1)	885	3131
PB1|PP755595.1|A/cattle/Texas/24-008749-003/2024(H5N1)	886	3127
PB1|PP755595.1|A/cattle/Texas/24-008749-003/2024(H5N1)	887	3090
PB1|PP755595.1|A/cattle/Texas/24-008749-003/2024(H5N1)	888	3070
PB1|PP755595.1|A/cattle/Texas/24-008749-003/2024(H5N1)	889	3116
PB1|PP755595.1|A/cattle/Texas/24-008749-003/2024(H5N1)	890	3116
PB1|PP755595.1|A/cattle/Texas/24-008749-003/2024(H5N1)	891	3127
PB1|PP755595.1|A/cattle/Texas/24-008749-003/2024(H5N1)	892	3075
PB1|PP755595.1|A/cattle/Texas/24-008749-003/2024(H5N1)	893	2940
PB1|PP755595.1|A/cattle/Texas/24-008749-003/2024(H5N1)	894	2995
PB1|PP755595.1|A/cattle/Texas/24-008749-003/2024(H5N1)	895	2988
PB1|PP755595.1|A/cattle/Texas/24-008749-003/2024(H5N1)	896	3000
PB1|PP755595.1|A/cattle/Texas/24-008749-003/2024(H5N1)	897	2996
PB1|PP755595.1|A/cattle/Texas/24-008749-003/2024(H5N1)	898	2975
PB1|PP755595.1|A/cattle/Texas/24-008749-003/2024(H5N1)	899	2956
PB1|PP755595.1|A/cattle/Texas/24-008749-003/2024(H5N1)	900	2789
PB1|PP755595.1|A/cattle/Texas/24-008749-003/2024(H5N1)	901	2786
PB1|PP755595.1|A/cattle/Texas/24-008749-003/2024(H5N1)	902	2790
PB1|PP755595.1|A/cattle/Texas/24-008749-003/2024(H5N1)	903	2707
PB1|PP755595.1|A/cattle/Texas/24-008749-003/2024(H5N1)	904	2710
PB1|PP755595.1|A/cattle/Texas/24-008749-003/2024(H5N1)	905	2696
PB1|PP755595.1|A/cattle/Texas/24-008749-003/2024(H5N1)	906	2713
PB1|PP755595.1|A/cattle/Texas/24-008749-003/2024(H5N1)	907	2748
PB1|PP755595.1|A/cattle/Texas/24-008749-003/2024(H5N1)	908	2758
PB1|PP755595.1|A/cattle/Texas/24-008749-003/2024(H5N1)	909	2759
PB1|PP755595.1|A/cattle/Texas/24-008749-003/2024(H5N1)	910	2776
PB1|PP755595.1|A/cattle/Texas/24-008749-003/2024(H5N1)	911	2767
PB1|PP755595.1|A/cattle/Texas/24-008749-003/2024(H5N1)	912	2834
PB1|PP755595.1|A/cattle/Texas/24-008749-003/2024(H5N1)	913	2832
PB1|PP755595.1|A/cattle/Texas/24-008749-003/2024(H5N1)	914	2792
PB1|PP755595.1|A/cattle/Texas/24-008749-003/2024(H5N1)	915	2798
PB1|PP755595.1|A/cattle/Texas/24-008749-003/2024(H5N1)	916	2807
PB1|PP755595.1|A/cattle/Texas/24-008749-003/2024(H5N1)	917	2884
PB1|PP755595.1|A/cattle/Texas/24-008749-003/2024(H5N1)	918	3023
PB1|PP755595.1|A/cattle/Texas/24-008749-003/2024(H5N1)	919	3006
PB1|PP755595.1|A/cattle/Texas/24-008749-003/2024(H5N1)	920	2949
PB1|PP755595.1|A/cattle/Texas/24-008749-003/2024(H5N1)	921	2873
PB1|PP755595.1|A/cattle/Texas/24-008749-003/2024(H5N1)	922	2881
PB1|PP755595.1|A/cattle/Texas/24-008749-003/2024(H5N1)	923	2879
PB1|PP755595.1|A/cattle/Texas/24-008749-003/2024(H5N1)	924	2874
PB1|PP755595.1|A/cattle/Texas/24-008749-003/2024(H5N1)	925	2864
PB1|PP755595.1|A/cattle/Texas/24-008749-003/2024(H5N1)	926	2765
PB1|PP755595.1|A/cattle/Texas/24-008749-003/2024(H5N1)	927	2767
PB1|PP755595.1|A/cattle/Texas/24-008749-003/2024(H5N1)	928	2756
PB1|PP755595.1|A/cattle/Texas/24-008749-003/2024(H5N1)	929	2759
PB1|PP755595.1|A/cattle/Texas/24-008749-003/2024(H5N1)	930	2758
PB1|PP755595.1|A/cattle/Texas/24-008749-003/2024(H5N1)	931	2722
PB1|PP755595.1|A/cattle/Texas/24-008749-003/2024(H5N1)	932	2716
PB1|PP755595.1|A/cattle/Texas/24-008749-003/2024(H5N1)	933	2703
PB1|PP755595.1|A/cattle/Texas/24-008749-003/2024(H5N1)	934	2731
PB1|PP755595.1|A/cattle/Texas/24-008749-003/2024(H5N1)	935	2732
PB1|PP755595.1|A/cattle/Texas/24-008749-003/2024(H5N1)	936	2730
PB1|PP755595.1|A/cattle/Texas/24-008749-003/2024(H5N1)	937	2728
PB1|PP755595.1|A/cattle/Texas/24-008749-003/2024(H5N1)	938	2717
PB1|PP755595.1|A/cattle/Texas/24-008749-003/2024(H5N1)	939	2714
PB1|PP755595.1|A/cattle/Texas/24-008749-003/2024(H5N1)	940	2748
PB1|PP755595.1|A/cattle/Texas/24-008749-003/2024(H5N1)	941	2763
PB1|PP755595.1|A/cattle/Texas/24-008749-003/2024(H5N1)	942	2759
PB1|PP755595.1|A/cattle/Texas/24-008749-003/2024(H5N1)	943	2778
PB1|PP755595.1|A/cattle/Texas/24-008749-003/2024(H5N1)	944	2740
PB1|PP755595.1|A/cattle/Texas/24-008749-003/2024(H5N1)	945	2719
PB1|PP755595.1|A/cattle/Texas/24-008749-003/2024(H5N1)	946	2718
PB1|PP755595.1|A/cattle/Texas/24-008749-003/2024(H5N1)	947	2717
PB1|PP755595.1|A/cattle/Texas/24-008749-003/2024(H5N1)	948	2729
PB1|PP755595.1|A/cattle/Texas/24-008749-003/2024(H5N1)	949	2731
PB1|PP755595.1|A/cattle/Texas/24-008749-003/2024(H5N1)	950	2721
PB1|PP755595.1|A/cattle/Texas/24-008749-003/2024(H5N1)	951	2741
PB1|PP755595.1|A/cattle/Texas/24-008749-003/2024(H5N1)	952	2718
PB1|PP755595.1|A/cattle/Texas/24-008749-003/2024(H5N1)	953	2714
PB1|PP755595.1|A/cattle/Texas/24-008749-003/2024(H5N1)	954	2695
PB1|PP755595.1|A/cattle/Texas/24-008749-003/2024(H5N1)	955	2683
PB1|PP755595.1|A/cattle/Texas/24-008749-003/2024(H5N1)	956	2672
PB1|PP755595.1|A/cattle/Texas/24-008749-003/2024(H5N1)	957	2686
PB1|PP755595.1|A/cattle/Texas/24-008749-003/2024(H5N1)	958	2697
PB1|PP755595.1|A/cattle/Texas/24-008749-003/2024(H5N1)	959	2696
PB1|PP755595.1|A/cattle/Texas/24-008749-003/2024(H5N1)	960	2665
PB1|PP755595.1|A/cattle/Texas/24-008749-003/2024(H5N1)	961	2675
PB1|PP755595.1|A/cattle/Texas/24-008749-003/2024(H5N1)	962	2709
PB1|PP755595.1|A/cattle/Texas/24-008749-003/2024(H5N1)	963	2719
PB1|PP755595.1|A/cattle/Texas/24-008749-003/2024(H5N1)	964	2704
PB1|PP755595.1|A/cattle/Texas/24-008749-003/2024(H5N1)	965	2705
PB1|PP755595.1|A/cattle/Texas/24-008749-003/2024(H5N1)	966	2668
PB1|PP755595.1|A/cattle/Texas/24-008749-003/2024(H5N1)	967	2670
PB1|PP755595.1|A/cattle/Texas/24-008749-003/2024(H5N1)	968	2676
PB1|PP755595.1|A/cattle/Texas/24-008749-003/2024(H5N1)	969	2734
PB1|PP755595.1|A/cattle/Texas/24-008749-003/2024(H5N1)	970	2739
PB1|PP755595.1|A/cattle/Texas/24-008749-003/2024(H5N1)	971	2709
PB1|PP755595.1|A/cattle/Texas/24-008749-003/2024(H5N1)	972	2718
PB1|PP755595.1|A/cattle/Texas/24-008749-003/2024(H5N1)	973	2710
PB1|PP755595.1|A/cattle/Texas/24-008749-003/2024(H5N1)	974	2710
PB1|PP755595.1|A/cattle/Texas/24-008749-003/2024(H5N1)	975	2699
PB1|PP755595.1|A/cattle/Texas/24-008749-003/2024(H5N1)	976	2695
PB1|PP755595.1|A/cattle/Texas/24-008749-003/2024(H5N1)	977	2650
PB1|PP755595.1|A/cattle/Texas/24-008749-003/2024(H5N1)	978	2571
PB1|PP755595.1|A/cattle/Texas/24-008749-003/2024(H5N1)	979	2562
PB1|PP755595.1|A/cattle/Texas/24-008749-003/2024(H5N1)	980	2539
PB1|PP755595.1|A/cattle/Texas/24-008749-003/2024(H5N1)	981	2585
PB1|PP755595.1|A/cattle/Texas/24-008749-003/2024(H5N1)	982	2603
PB1|PP755595.1|A/cattle/Texas/24-008749-003/2024(H5N1)	983	2598
PB1|PP755595.1|A/cattle/Texas/24-008749-003/2024(H5N1)	984	2598
PB1|PP755595.1|A/cattle/Texas/24-008749-003/2024(H5N1)	985	2594
PB1|PP755595.1|A/cattle/Texas/24-008749-003/2024(H5N1)	986	2639
PB1|PP755595.1|A/cattle/Texas/24-008749-003/2024(H5N1)	987	2694
PB1|PP755595.1|A/cattle/Texas/24-008749-003/2024(H5N1)	988	2693
PB1|PP755595.1|A/cattle/Texas/24-008749-003/2024(H5N1)	989	2691
PB1|PP755595.1|A/cattle/Texas/24-008749-003/2024(H5N1)	990	2662
PB1|PP755595.1|A/cattle/Texas/24-008749-003/2024(H5N1)	991	2679
PB1|PP755595.1|A/cattle/Texas/24-008749-003/2024(H5N1)	992	2740
PB1|PP755595.1|A/cattle/Texas/24-008749-003/2024(H5N1)	993	2761
PB1|PP755595.1|A/cattle/Texas/24-008749-003/2024(H5N1)	994	2764
PB1|PP755595.1|A/cattle/Texas/24-008749-003/2024(H5N1)	995	2710
PB1|PP755595.1|A/cattle/Texas/24-008749-003/2024(H5N1)	996	2894
PB1|PP755595.1|A/cattle/Texas/24-008749-003/2024(H5N1)	997	2851
PB1|PP755595.1|A/cattle/Texas/24-008749-003/2024(H5N1)	998	2852
PB1|PP755595.1|A/cattle/Texas/24-008749-003/2024(H5N1)	999	2854
PB1|PP755595.1|A/cattle/Texas/24-008749-003/2024(H5N1)	1000	2837
PB1|PP755595.1|A/cattle/Texas/24-008749-003/2024(H5N1)	1001	2938
PB1|PP755595.1|A/cattle/Texas/24-008749-003/2024(H5N1)	1002	2943
PB1|PP755595.1|A/cattle/Texas/24-008749-003/2024(H5N1)	1003	2942
PB1|PP755595.1|A/cattle/Texas/24-008749-003/2024(H5N1)	1004	2930
PB1|PP755595.1|A/cattle/Texas/24-008749-003/2024(H5N1)	1005	2775
PB1|PP755595.1|A/cattle/Texas/24-008749-003/2024(H5N1)	1006	2932
PB1|PP755595.1|A/cattle/Texas/24-008749-003/2024(H5N1)	1007	2952
PB1|PP755595.1|A/cattle/Texas/24-008749-003/2024(H5N1)	1008	2976
PB1|PP755595.1|A/cattle/Texas/24-008749-003/2024(H5N1)	1009	2971
PB1|PP755595.1|A/cattle/Texas/24-008749-003/2024(H5N1)	1010	2863
PB1|PP755595.1|A/cattle/Texas/24-008749-003/2024(H5N1)	1011	2870
PB1|PP755595.1|A/cattle/Texas/24-008749-003/2024(H5N1)	1012	2866
PB1|PP755595.1|A/cattle/Texas/24-008749-003/2024(H5N1)	1013	2925
PB1|PP755595.1|A/cattle/Texas/24-008749-003/2024(H5N1)	1014	2891
PB1|PP755595.1|A/cattle/Texas/24-008749-003/2024(H5N1)	1015	2732
PB1|PP755595.1|A/cattle/Texas/24-008749-003/2024(H5N1)	1016	2761
PB1|PP755595.1|A/cattle/Texas/24-008749-003/2024(H5N1)	1017	2745
PB1|PP755595.1|A/cattle/Texas/24-008749-003/2024(H5N1)	1018	2777
PB1|PP755595.1|A/cattle/Texas/24-008749-003/2024(H5N1)	1019	2793
PB1|PP755595.1|A/cattle/Texas/24-008749-003/2024(H5N1)	1020	2785
PB1|PP755595.1|A/cattle/Texas/24-008749-003/2024(H5N1)	1021	2981
PB1|PP755595.1|A/cattle/Texas/24-008749-003/2024(H5N1)	1022	2925
PB1|PP755595.1|A/cattle/Texas/24-008749-003/2024(H5N1)	1023	2933
PB1|PP755595.1|A/cattle/Texas/24-008749-003/2024(H5N1)	1024	2951
PB1|PP755595.1|A/cattle/Texas/24-008749-003/2024(H5N1)	1025	2941
PB1|PP755595.1|A/cattle/Texas/24-008749-003/2024(H5N1)	1026	2942
PB1|PP755595.1|A/cattle/Texas/24-008749-003/2024(H5N1)	1027	2941
PB1|PP755595.1|A/cattle/Texas/24-008749-003/2024(H5N1)	1028	2924
PB1|PP755595.1|A/cattle/Texas/24-008749-003/2024(H5N1)	1029	2926
PB1|PP755595.1|A/cattle/Texas/24-008749-003/2024(H5N1)	1030	2794
PB1|PP755595.1|A/cattle/Texas/24-008749-003/2024(H5N1)	1031	2873
PB1|PP755595.1|A/cattle/Texas/24-008749-003/2024(H5N1)	1032	2868
PB1|PP755595.1|A/cattle/Texas/24-008749-003/2024(H5N1)	1033	2847
PB1|PP755595.1|A/cattle/Texas/24-008749-003/2024(H5N1)	1034	2729
PB1|PP755595.1|A/cattle/Texas/24-008749-003/2024(H5N1)	1035	2730
PB1|PP755595.1|A/cattle/Texas/24-008749-003/2024(H5N1)	1036	2742
PB1|PP755595.1|A/cattle/Texas/24-008749-003/2024(H5N1)	1037	2737
PB1|PP755595.1|A/cattle/Texas/24-008749-003/2024(H5N1)	1038	2741
PB1|PP755595.1|A/cattle/Texas/24-008749-003/2024(H5N1)	1039	2739
PB1|PP755595.1|A/cattle/Texas/24-008749-003/2024(H5N1)	1040	2726
PB1|PP755595.1|A/cattle/Texas/24-008749-003/2024(H5N1)	1041	2738
PB1|PP755595.1|A/cattle/Texas/24-008749-003/2024(H5N1)	1042	2779
PB1|PP755595.1|A/cattle/Texas/24-008749-003/2024(H5N1)	1043	2797
PB1|PP755595.1|A/cattle/Texas/24-008749-003/2024(H5N1)	1044	2806
PB1|PP755595.1|A/cattle/Texas/24-008749-003/2024(H5N1)	1045	2765
PB1|PP755595.1|A/cattle/Texas/24-008749-003/2024(H5N1)	1046	2768
PB1|PP755595.1|A/cattle/Texas/24-008749-003/2024(H5N1)	1047	2766
PB1|PP755595.1|A/cattle/Texas/24-008749-003/2024(H5N1)	1048	2790
PB1|PP755595.1|A/cattle/Texas/24-008749-003/2024(H5N1)	1049	2844
PB1|PP755595.1|A/cattle/Texas/24-008749-003/2024(H5N1)	1050	2870
PB1|PP755595.1|A/cattle/Texas/24-008749-003/2024(H5N1)	1051	2868
PB1|PP755595.1|A/cattle/Texas/24-008749-003/2024(H5N1)	1052	2873
PB1|PP755595.1|A/cattle/Texas/24-008749-003/2024(H5N1)	1053	2862
PB1|PP755595.1|A/cattle/Texas/24-008749-003/2024(H5N1)	1054	2871
PB1|PP755595.1|A/cattle/Texas/24-008749-003/2024(H5N1)	1055	2927
PB1|PP755595.1|A/cattle/Texas/24-008749-003/2024(H5N1)	1056	2917
PB1|PP755595.1|A/cattle/Texas/24-008749-003/2024(H5N1)	1057	2889
PB1|PP755595.1|A/cattle/Texas/24-008749-003/2024(H5N1)	1058	2853
PB1|PP755595.1|A/cattle/Texas/24-008749-003/2024(H5N1)	1059	2845
PB1|PP755595.1|A/cattle/Texas/24-008749-003/2024(H5N1)	1060	3000
PB1|PP755595.1|A/cattle/Texas/24-008749-003/2024(H5N1)	1061	3026
PB1|PP755595.1|A/cattle/Texas/24-008749-003/2024(H5N1)	1062	3023
PB1|PP755595.1|A/cattle/Texas/24-008749-003/2024(H5N1)	1063	3043
PB1|PP755595.1|A/cattle/Texas/24-008749-003/2024(H5N1)	1064	3040
PB1|PP755595.1|A/cattle/Texas/24-008749-003/2024(H5N1)	1065	3033
PB1|PP755595.1|A/cattle/Texas/24-008749-003/2024(H5N1)	1066	3035
PB1|PP755595.1|A/cattle/Texas/24-008749-003/2024(H5N1)	1067	3018
PB1|PP755595.1|A/cattle/Texas/24-008749-003/2024(H5N1)	1068	2952
PB1|PP755595.1|A/cattle/Texas/24-008749-003/2024(H5N1)	1069	2884
PB1|PP755595.1|A/cattle/Texas/24-008749-003/2024(H5N1)	1070	2888
PB1|PP755595.1|A/cattle/Texas/24-008749-003/2024(H5N1)	1071	2884
PB1|PP755595.1|A/cattle/Texas/24-008749-003/2024(H5N1)	1072	2887
PB1|PP755595.1|A/cattle/Texas/24-008749-003/2024(H5N1)	1073	2896
PB1|PP755595.1|A/cattle/Texas/24-008749-003/2024(H5N1)	1074	2912
PB1|PP755595.1|A/cattle/Texas/24-008749-003/2024(H5N1)	1075	2922
PB1|PP755595.1|A/cattle/Texas/24-008749-003/2024(H5N1)	1076	2938
PB1|PP755595.1|A/cattle/Texas/24-008749-003/2024(H5N1)	1077	2952
PB1|PP755595.1|A/cattle/Texas/24-008749-003/2024(H5N1)	1078	2943
PB1|PP755595.1|A/cattle/Texas/24-008749-003/2024(H5N1)	1079	2941
PB1|PP755595.1|A/cattle/Texas/24-008749-003/2024(H5N1)	1080	2943
PB1|PP755595.1|A/cattle/Texas/24-008749-003/2024(H5N1)	1081	2978
PB1|PP755595.1|A/cattle/Texas/24-008749-003/2024(H5N1)	1082	3004
PB1|PP755595.1|A/cattle/Texas/24-008749-003/2024(H5N1)	1083	2990
PB1|PP755595.1|A/cattle/Texas/24-008749-003/2024(H5N1)	1084	2985
PB1|PP755595.1|A/cattle/Texas/24-008749-003/2024(H5N1)	1085	2972
PB1|PP755595.1|A/cattle/Texas/24-008749-003/2024(H5N1)	1086	2969
PB1|PP755595.1|A/cattle/Texas/24-008749-003/2024(H5N1)	1087	2995
PB1|PP755595.1|A/cattle/Texas/24-008749-003/2024(H5N1)	1088	2995
PB1|PP755595.1|A/cattle/Texas/24-008749-003/2024(H5N1)	1089	3008
PB1|PP755595.1|A/cattle/Texas/24-008749-003/2024(H5N1)	1090	2992
PB1|PP755595.1|A/cattle/Texas/24-008749-003/2024(H5N1)	1091	2990
PB1|PP755595.1|A/cattle/Texas/24-008749-003/2024(H5N1)	1092	2990
PB1|PP755595.1|A/cattle/Texas/24-008749-003/2024(H5N1)	1093	2974
PB1|PP755595.1|A/cattle/Texas/24-008749-003/2024(H5N1)	1094	2976
PB1|PP755595.1|A/cattle/Texas/24-008749-003/2024(H5N1)	1095	2994
PB1|PP755595.1|A/cattle/Texas/24-008749-003/2024(H5N1)	1096	2994
PB1|PP755595.1|A/cattle/Texas/24-008749-003/2024(H5N1)	1097	3072
PB1|PP755595.1|A/cattle/Texas/24-008749-003/2024(H5N1)	1098	3065
PB1|PP755595.1|A/cattle/Texas/24-008749-003/2024(H5N1)	1099	3083
PB1|PP755595.1|A/cattle/Texas/24-008749-003/2024(H5N1)	1100	3175
PB1|PP755595.1|A/cattle/Texas/24-008749-003/2024(H5N1)	1101	3179
PB1|PP755595.1|A/cattle/Texas/24-008749-003/2024(H5N1)	1102	3146
PB1|PP755595.1|A/cattle/Texas/24-008749-003/2024(H5N1)	1103	3194
PB1|PP755595.1|A/cattle/Texas/24-008749-003/2024(H5N1)	1104	3196
PB1|PP755595.1|A/cattle/Texas/24-008749-003/2024(H5N1)	1105	3292
PB1|PP755595.1|A/cattle/Texas/24-008749-003/2024(H5N1)	1106	3259
PB1|PP755595.1|A/cattle/Texas/24-008749-003/2024(H5N1)	1107	3256
PB1|PP755595.1|A/cattle/Texas/24-008749-003/2024(H5N1)	1108	3245
PB1|PP755595.1|A/cattle/Texas/24-008749-003/2024(H5N1)	1109	3243
PB1|PP755595.1|A/cattle/Texas/24-008749-003/2024(H5N1)	1110	3242
PB1|PP755595.1|A/cattle/Texas/24-008749-003/2024(H5N1)	1111	3245
PB1|PP755595.1|A/cattle/Texas/24-008749-003/2024(H5N1)	1112	3353
PB1|PP755595.1|A/cattle/Texas/24-008749-003/2024(H5N1)	1113	3309
PB1|PP755595.1|A/cattle/Texas/24-008749-003/2024(H5N1)	1114	3316
PB1|PP755595.1|A/cattle/Texas/24-008749-003/2024(H5N1)	1115	3314
PB1|PP755595.1|A/cattle/Texas/24-008749-003/2024(H5N1)	1116	3313
PB1|PP755595.1|A/cattle/Texas/24-008749-003/2024(H5N1)	1117	3245
PB1|PP755595.1|A/cattle/Texas/24-008749-003/2024(H5N1)	1118	3243
PB1|PP755595.1|A/cattle/Texas/24-008749-003/2024(H5N1)	1119	3277
PB1|PP755595.1|A/cattle/Texas/24-008749-003/2024(H5N1)	1120	3221
PB1|PP755595.1|A/cattle/Texas/24-008749-003/2024(H5N1)	1121	3208
PB1|PP755595.1|A/cattle/Texas/24-008749-003/2024(H5N1)	1122	3207
PB1|PP755595.1|A/cattle/Texas/24-008749-003/2024(H5N1)	1123	3188
PB1|PP755595.1|A/cattle/Texas/24-008749-003/2024(H5N1)	1124	3214
PB1|PP755595.1|A/cattle/Texas/24-008749-003/2024(H5N1)	1125	3222
PB1|PP755595.1|A/cattle/Texas/24-008749-003/2024(H5N1)	1126	3223
PB1|PP755595.1|A/cattle/Texas/24-008749-003/2024(H5N1)	1127	3230
PB1|PP755595.1|A/cattle/Texas/24-008749-003/2024(H5N1)	1128	3203
PB1|PP755595.1|A/cattle/Texas/24-008749-003/2024(H5N1)	1129	3273
PB1|PP755595.1|A/cattle/Texas/24-008749-003/2024(H5N1)	1130	3300
PB1|PP755595.1|A/cattle/Texas/24-008749-003/2024(H5N1)	1131	3312
PB1|PP755595.1|A/cattle/Texas/24-008749-003/2024(H5N1)	1132	3284
PB1|PP755595.1|A/cattle/Texas/24-008749-003/2024(H5N1)	1133	3254
PB1|PP755595.1|A/cattle/Texas/24-008749-003/2024(H5N1)	1134	3343
PB1|PP755595.1|A/cattle/Texas/24-008749-003/2024(H5N1)	1135	3346
PB1|PP755595.1|A/cattle/Texas/24-008749-003/2024(H5N1)	1136	3343
PB1|PP755595.1|A/cattle/Texas/24-008749-003/2024(H5N1)	1137	3303
PB1|PP755595.1|A/cattle/Texas/24-008749-003/2024(H5N1)	1138	3247
PB1|PP755595.1|A/cattle/Texas/24-008749-003/2024(H5N1)	1139	3262
PB1|PP755595.1|A/cattle/Texas/24-008749-003/2024(H5N1)	1140	3252
PB1|PP755595.1|A/cattle/Texas/24-008749-003/2024(H5N1)	1141	3232
PB1|PP755595.1|A/cattle/Texas/24-008749-003/2024(H5N1)	1142	3219
PB1|PP755595.1|A/cattle/Texas/24-008749-003/2024(H5N1)	1143	3185
PB1|PP755595.1|A/cattle/Texas/24-008749-003/2024(H5N1)	1144	3156
PB1|PP755595.1|A/cattle/Texas/24-008749-003/2024(H5N1)	1145	3164
PB1|PP755595.1|A/cattle/Texas/24-008749-003/2024(H5N1)	1146	3166
PB1|PP755595.1|A/cattle/Texas/24-008749-003/2024(H5N1)	1147	2999
PB1|PP755595.1|A/cattle/Texas/24-008749-003/2024(H5N1)	1148	2972
PB1|PP755595.1|A/cattle/Texas/24-008749-003/2024(H5N1)	1149	2993
PB1|PP755595.1|A/cattle/Texas/24-008749-003/2024(H5N1)	1150	2988
PB1|PP755595.1|A/cattle/Texas/24-008749-003/2024(H5N1)	1151	2923
PB1|PP755595.1|A/cattle/Texas/24-008749-003/2024(H5N1)	1152	2922
PB1|PP755595.1|A/cattle/Texas/24-008749-003/2024(H5N1)	1153	2927
PB1|PP755595.1|A/cattle/Texas/24-008749-003/2024(H5N1)	1154	2926
PB1|PP755595.1|A/cattle/Texas/24-008749-003/2024(H5N1)	1155	2925
PB1|PP755595.1|A/cattle/Texas/24-008749-003/2024(H5N1)	1156	2905
PB1|PP755595.1|A/cattle/Texas/24-008749-003/2024(H5N1)	1157	2758
PB1|PP755595.1|A/cattle/Texas/24-008749-003/2024(H5N1)	1158	2770
PB1|PP755595.1|A/cattle/Texas/24-008749-003/2024(H5N1)	1159	2793
PB1|PP755595.1|A/cattle/Texas/24-008749-003/2024(H5N1)	1160	2797
PB1|PP755595.1|A/cattle/Texas/24-008749-003/2024(H5N1)	1161	2800
PB1|PP755595.1|A/cattle/Texas/24-008749-003/2024(H5N1)	1162	2811
PB1|PP755595.1|A/cattle/Texas/24-008749-003/2024(H5N1)	1163	2842
PB1|PP755595.1|A/cattle/Texas/24-008749-003/2024(H5N1)	1164	2790
PB1|PP755595.1|A/cattle/Texas/24-008749-003/2024(H5N1)	1165	2795
PB1|PP755595.1|A/cattle/Texas/24-008749-003/2024(H5N1)	1166	2814
PB1|PP755595.1|A/cattle/Texas/24-008749-003/2024(H5N1)	1167	2781
PB1|PP755595.1|A/cattle/Texas/24-008749-003/2024(H5N1)	1168	2784
PB1|PP755595.1|A/cattle/Texas/24-008749-003/2024(H5N1)	1169	2760
PB1|PP755595.1|A/cattle/Texas/24-008749-003/2024(H5N1)	1170	2758
PB1|PP755595.1|A/cattle/Texas/24-008749-003/2024(H5N1)	1171	2771
PB1|PP755595.1|A/cattle/Texas/24-008749-003/2024(H5N1)	1172	2630
PB1|PP755595.1|A/cattle/Texas/24-008749-003/2024(H5N1)	1173	2742
PB1|PP755595.1|A/cattle/Texas/24-008749-003/2024(H5N1)	1174	2743
PB1|PP755595.1|A/cattle/Texas/24-008749-003/2024(H5N1)	1175	2727
PB1|PP755595.1|A/cattle/Texas/24-008749-003/2024(H5N1)	1176	2754
PB1|PP755595.1|A/cattle/Texas/24-008749-003/2024(H5N1)	1177	2751
PB1|PP755595.1|A/cattle/Texas/24-008749-003/2024(H5N1)	1178	2771
PB1|PP755595.1|A/cattle/Texas/24-008749-003/2024(H5N1)	1179	2842
PB1|PP755595.1|A/cattle/Texas/24-008749-003/2024(H5N1)	1180	2839
PB1|PP755595.1|A/cattle/Texas/24-008749-003/2024(H5N1)	1181	2823
PB1|PP755595.1|A/cattle/Texas/24-008749-003/2024(H5N1)	1182	2730
PB1|PP755595.1|A/cattle/Texas/24-008749-003/2024(H5N1)	1183	2799
PB1|PP755595.1|A/cattle/Texas/24-008749-003/2024(H5N1)	1184	2805
PB1|PP755595.1|A/cattle/Texas/24-008749-003/2024(H5N1)	1185	2813
PB1|PP755595.1|A/cattle/Texas/24-008749-003/2024(H5N1)	1186	2856
PB1|PP755595.1|A/cattle/Texas/24-008749-003/2024(H5N1)	1187	2840
PB1|PP755595.1|A/cattle/Texas/24-008749-003/2024(H5N1)	1188	2867
PB1|PP755595.1|A/cattle/Texas/24-008749-003/2024(H5N1)	1189	2863
PB1|PP755595.1|A/cattle/Texas/24-008749-003/2024(H5N1)	1190	2866
PB1|PP755595.1|A/cattle/Texas/24-008749-003/2024(H5N1)	1191	2857
PB1|PP755595.1|A/cattle/Texas/24-008749-003/2024(H5N1)	1192	2843
PB1|PP755595.1|A/cattle/Texas/24-008749-003/2024(H5N1)	1193	2786
PB1|PP755595.1|A/cattle/Texas/24-008749-003/2024(H5N1)	1194	2780
PB1|PP755595.1|A/cattle/Texas/24-008749-003/2024(H5N1)	1195	2790
PB1|PP755595.1|A/cattle/Texas/24-008749-003/2024(H5N1)	1196	2881
PB1|PP755595.1|A/cattle/Texas/24-008749-003/2024(H5N1)	1197	2862
PB1|PP755595.1|A/cattle/Texas/24-008749-003/2024(H5N1)	1198	2860
PB1|PP755595.1|A/cattle/Texas/24-008749-003/2024(H5N1)	1199	2783
PB1|PP755595.1|A/cattle/Texas/24-008749-003/2024(H5N1)	1200	2759
PB1|PP755595.1|A/cattle/Texas/24-008749-003/2024(H5N1)	1201	2801
PB1|PP755595.1|A/cattle/Texas/24-008749-003/2024(H5N1)	1202	2801
PB1|PP755595.1|A/cattle/Texas/24-008749-003/2024(H5N1)	1203	2778
PB1|PP755595.1|A/cattle/Texas/24-008749-003/2024(H5N1)	1204	2751
PB1|PP755595.1|A/cattle/Texas/24-008749-003/2024(H5N1)	1205	2895
PB1|PP755595.1|A/cattle/Texas/24-008749-003/2024(H5N1)	1206	2903
PB1|PP755595.1|A/cattle/Texas/24-008749-003/2024(H5N1)	1207	2902
PB1|PP755595.1|A/cattle/Texas/24-008749-003/2024(H5N1)	1208	2906
PB1|PP755595.1|A/cattle/Texas/24-008749-003/2024(H5N1)	1209	2901
PB1|PP755595.1|A/cattle/Texas/24-008749-003/2024(H5N1)	1210	2841
PB1|PP755595.1|A/cattle/Texas/24-008749-003/2024(H5N1)	1211	2794
PB1|PP755595.1|A/cattle/Texas/24-008749-003/2024(H5N1)	1212	2796
PB1|PP755595.1|A/cattle/Texas/24-008749-003/2024(H5N1)	1213	2791
PB1|PP755595.1|A/cattle/Texas/24-008749-003/2024(H5N1)	1214	2702
PB1|PP755595.1|A/cattle/Texas/24-008749-003/2024(H5N1)	1215	2703
PB1|PP755595.1|A/cattle/Texas/24-008749-003/2024(H5N1)	1216	2861
PB1|PP755595.1|A/cattle/Texas/24-008749-003/2024(H5N1)	1217	2913
PB1|PP755595.1|A/cattle/Texas/24-008749-003/2024(H5N1)	1218	2913
PB1|PP755595.1|A/cattle/Texas/24-008749-003/2024(H5N1)	1219	2898
PB1|PP755595.1|A/cattle/Texas/24-008749-003/2024(H5N1)	1220	2811
PB1|PP755595.1|A/cattle/Texas/24-008749-003/2024(H5N1)	1221	2843
PB1|PP755595.1|A/cattle/Texas/24-008749-003/2024(H5N1)	1222	2862
PB1|PP755595.1|A/cattle/Texas/24-008749-003/2024(H5N1)	1223	2862
PB1|PP755595.1|A/cattle/Texas/24-008749-003/2024(H5N1)	1224	2860
PB1|PP755595.1|A/cattle/Texas/24-008749-003/2024(H5N1)	1225	2841
PB1|PP755595.1|A/cattle/Texas/24-008749-003/2024(H5N1)	1226	2807
PB1|PP755595.1|A/cattle/Texas/24-008749-003/2024(H5N1)	1227	2795
PB1|PP755595.1|A/cattle/Texas/24-008749-003/2024(H5N1)	1228	2835
PB1|PP755595.1|A/cattle/Texas/24-008749-003/2024(H5N1)	1229	2846
PB1|PP755595.1|A/cattle/Texas/24-008749-003/2024(H5N1)	1230	2831
PB1|PP755595.1|A/cattle/Texas/24-008749-003/2024(H5N1)	1231	2832
PB1|PP755595.1|A/cattle/Texas/24-008749-003/2024(H5N1)	1232	2853
PB1|PP755595.1|A/cattle/Texas/24-008749-003/2024(H5N1)	1233	2883
PB1|PP755595.1|A/cattle/Texas/24-008749-003/2024(H5N1)	1234	2903
PB1|PP755595.1|A/cattle/Texas/24-008749-003/2024(H5N1)	1235	2918
PB1|PP755595.1|A/cattle/Texas/24-008749-003/2024(H5N1)	1236	2921
PB1|PP755595.1|A/cattle/Texas/24-008749-003/2024(H5N1)	1237	2899
PB1|PP755595.1|A/cattle/Texas/24-008749-003/2024(H5N1)	1238	2907
PB1|PP755595.1|A/cattle/Texas/24-008749-003/2024(H5N1)	1239	2898
PB1|PP755595.1|A/cattle/Texas/24-008749-003/2024(H5N1)	1240	2932
PB1|PP755595.1|A/cattle/Texas/24-008749-003/2024(H5N1)	1241	2926
PB1|PP755595.1|A/cattle/Texas/24-008749-003/2024(H5N1)	1242	2998
PB1|PP755595.1|A/cattle/Texas/24-008749-003/2024(H5N1)	1243	3176
PB1|PP755595.1|A/cattle/Texas/24-008749-003/2024(H5N1)	1244	3176
PB1|PP755595.1|A/cattle/Texas/24-008749-003/2024(H5N1)	1245	3268
PB1|PP755595.1|A/cattle/Texas/24-008749-003/2024(H5N1)	1246	3264
PB1|PP755595.1|A/cattle/Texas/24-008749-003/2024(H5N1)	1247	3401
PB1|PP755595.1|A/cattle/Texas/24-008749-003/2024(H5N1)	1248	3334
PB1|PP755595.1|A/cattle/Texas/24-008749-003/2024(H5N1)	1249	3325
PB1|PP755595.1|A/cattle/Texas/24-008749-003/2024(H5N1)	1250	3321
PB1|PP755595.1|A/cattle/Texas/24-008749-003/2024(H5N1)	1251	3225
PB1|PP755595.1|A/cattle/Texas/24-008749-003/2024(H5N1)	1252	3360
PB1|PP755595.1|A/cattle/Texas/24-008749-003/2024(H5N1)	1253	3436
PB1|PP755595.1|A/cattle/Texas/24-008749-003/2024(H5N1)	1254	3382
PB1|PP755595.1|A/cattle/Texas/24-008749-003/2024(H5N1)	1255	3375
PB1|PP755595.1|A/cattle/Texas/24-008749-003/2024(H5N1)	1256	3367
PB1|PP755595.1|A/cattle/Texas/24-008749-003/2024(H5N1)	1257	3370
PB1|PP755595.1|A/cattle/Texas/24-008749-003/2024(H5N1)	1258	3403
PB1|PP755595.1|A/cattle/Texas/24-008749-003/2024(H5N1)	1259	3393
PB1|PP755595.1|A/cattle/Texas/24-008749-003/2024(H5N1)	1260	3382
PB1|PP755595.1|A/cattle/Texas/24-008749-003/2024(H5N1)	1261	3324
PB1|PP755595.1|A/cattle/Texas/24-008749-003/2024(H5N1)	1262	3281
PB1|PP755595.1|A/cattle/Texas/24-008749-003/2024(H5N1)	1263	3275
PB1|PP755595.1|A/cattle/Texas/24-008749-003/2024(H5N1)	1264	3306
PB1|PP755595.1|A/cattle/Texas/24-008749-003/2024(H5N1)	1265	3293
PB1|PP755595.1|A/cattle/Texas/24-008749-003/2024(H5N1)	1266	3292
PB1|PP755595.1|A/cattle/Texas/24-008749-003/2024(H5N1)	1267	3304
PB1|PP755595.1|A/cattle/Texas/24-008749-003/2024(H5N1)	1268	3310
PB1|PP755595.1|A/cattle/Texas/24-008749-003/2024(H5N1)	1269	3314
PB1|PP755595.1|A/cattle/Texas/24-008749-003/2024(H5N1)	1270	3301
PB1|PP755595.1|A/cattle/Texas/24-008749-003/2024(H5N1)	1271	3307
PB1|PP755595.1|A/cattle/Texas/24-008749-003/2024(H5N1)	1272	3308
PB1|PP755595.1|A/cattle/Texas/24-008749-003/2024(H5N1)	1273	3311
PB1|PP755595.1|A/cattle/Texas/24-008749-003/2024(H5N1)	1274	3350
PB1|PP755595.1|A/cattle/Texas/24-008749-003/2024(H5N1)	1275	3335
PB1|PP755595.1|A/cattle/Texas/24-008749-003/2024(H5N1)	1276	3323
PB1|PP755595.1|A/cattle/Texas/24-008749-003/2024(H5N1)	1277	3320
PB1|PP755595.1|A/cattle/Texas/24-008749-003/2024(H5N1)	1278	3308
PB1|PP755595.1|A/cattle/Texas/24-008749-003/2024(H5N1)	1279	3323
PB1|PP755595.1|A/cattle/Texas/24-008749-003/2024(H5N1)	1280	3334
PB1|PP755595.1|A/cattle/Texas/24-008749-003/2024(H5N1)	1281	3314
PB1|PP755595.1|A/cattle/Texas/24-008749-003/2024(H5N1)	1282	3315
PB1|PP755595.1|A/cattle/Texas/24-008749-003/2024(H5N1)	1283	3309
PB1|PP755595.1|A/cattle/Texas/24-008749-003/2024(H5N1)	1284	3312
PB1|PP755595.1|A/cattle/Texas/24-008749-003/2024(H5N1)	1285	3232
PB1|PP755595.1|A/cattle/Texas/24-008749-003/2024(H5N1)	1286	3230
PB1|PP755595.1|A/cattle/Texas/24-008749-003/2024(H5N1)	1287	3262
PB1|PP755595.1|A/cattle/Texas/24-008749-003/2024(H5N1)	1288	3251
PB1|PP755595.1|A/cattle/Texas/24-008749-003/2024(H5N1)	1289	3238
PB1|PP755595.1|A/cattle/Texas/24-008749-003/2024(H5N1)	1290	3201
PB1|PP755595.1|A/cattle/Texas/24-008749-003/2024(H5N1)	1291	3204
PB1|PP755595.1|A/cattle/Texas/24-008749-003/2024(H5N1)	1292	3204
PB1|PP755595.1|A/cattle/Texas/24-008749-003/2024(H5N1)	1293	3257
PB1|PP755595.1|A/cattle/Texas/24-008749-003/2024(H5N1)	1294	3249
PB1|PP755595.1|A/cattle/Texas/24-008749-003/2024(H5N1)	1295	3258
PB1|PP755595.1|A/cattle/Texas/24-008749-003/2024(H5N1)	1296	3244
PB1|PP755595.1|A/cattle/Texas/24-008749-003/2024(H5N1)	1297	3238
PB1|PP755595.1|A/cattle/Texas/24-008749-003/2024(H5N1)	1298	3251
PB1|PP755595.1|A/cattle/Texas/24-008749-003/2024(H5N1)	1299	3246
PB1|PP755595.1|A/cattle/Texas/24-008749-003/2024(H5N1)	1300	3255
PB1|PP755595.1|A/cattle/Texas/24-008749-003/2024(H5N1)	1301	3303
PB1|PP755595.1|A/cattle/Texas/24-008749-003/2024(H5N1)	1302	3271
PB1|PP755595.1|A/cattle/Texas/24-008749-003/2024(H5N1)	1303	3320
PB1|PP755595.1|A/cattle/Texas/24-008749-003/2024(H5N1)	1304	3310
PB1|PP755595.1|A/cattle/Texas/24-008749-003/2024(H5N1)	1305	3565
PB1|PP755595.1|A/cattle/Texas/24-008749-003/2024(H5N1)	1306	3588
PB1|PP755595.1|A/cattle/Texas/24-008749-003/2024(H5N1)	1307	3608
PB1|PP755595.1|A/cattle/Texas/24-008749-003/2024(H5N1)	1308	3606
PB1|PP755595.1|A/cattle/Texas/24-008749-003/2024(H5N1)	1309	3563
PB1|PP755595.1|A/cattle/Texas/24-008749-003/2024(H5N1)	1310	3585
PB1|PP755595.1|A/cattle/Texas/24-008749-003/2024(H5N1)	1311	3635
PB1|PP755595.1|A/cattle/Texas/24-008749-003/2024(H5N1)	1312	3603
PB1|PP755595.1|A/cattle/Texas/24-008749-003/2024(H5N1)	1313	3616
PB1|PP755595.1|A/cattle/Texas/24-008749-003/2024(H5N1)	1314	3596
PB1|PP755595.1|A/cattle/Texas/24-008749-003/2024(H5N1)	1315	3587
PB1|PP755595.1|A/cattle/Texas/24-008749-003/2024(H5N1)	1316	3676
PB1|PP755595.1|A/cattle/Texas/24-008749-003/2024(H5N1)	1317	3645
PB1|PP755595.1|A/cattle/Texas/24-008749-003/2024(H5N1)	1318	3692
PB1|PP755595.1|A/cattle/Texas/24-008749-003/2024(H5N1)	1319	3736
PB1|PP755595.1|A/cattle/Texas/24-008749-003/2024(H5N1)	1320	3741
PB1|PP755595.1|A/cattle/Texas/24-008749-003/2024(H5N1)	1321	3727
PB1|PP755595.1|A/cattle/Texas/24-008749-003/2024(H5N1)	1322	3715
PB1|PP755595.1|A/cattle/Texas/24-008749-003/2024(H5N1)	1323	3742
PB1|PP755595.1|A/cattle/Texas/24-008749-003/2024(H5N1)	1324	3665
PB1|PP755595.1|A/cattle/Texas/24-008749-003/2024(H5N1)	1325	3662
PB1|PP755595.1|A/cattle/Texas/24-008749-003/2024(H5N1)	1326	3667
PB1|PP755595.1|A/cattle/Texas/24-008749-003/2024(H5N1)	1327	3635
PB1|PP755595.1|A/cattle/Texas/24-008749-003/2024(H5N1)	1328	3587
PB1|PP755595.1|A/cattle/Texas/24-008749-003/2024(H5N1)	1329	3582
PB1|PP755595.1|A/cattle/Texas/24-008749-003/2024(H5N1)	1330	3595
PB1|PP755595.1|A/cattle/Texas/24-008749-003/2024(H5N1)	1331	3529
PB1|PP755595.1|A/cattle/Texas/24-008749-003/2024(H5N1)	1332	3500
PB1|PP755595.1|A/cattle/Texas/24-008749-003/2024(H5N1)	1333	3500
PB1|PP755595.1|A/cattle/Texas/24-008749-003/2024(H5N1)	1334	3503
PB1|PP755595.1|A/cattle/Texas/24-008749-003/2024(H5N1)	1335	3493
PB1|PP755595.1|A/cattle/Texas/24-008749-003/2024(H5N1)	1336	3492
PB1|PP755595.1|A/cattle/Texas/24-008749-003/2024(H5N1)	1337	3527
PB1|PP755595.1|A/cattle/Texas/24-008749-003/2024(H5N1)	1338	3535
PB1|PP755595.1|A/cattle/Texas/24-008749-003/2024(H5N1)	1339	3510
PB1|PP755595.1|A/cattle/Texas/24-008749-003/2024(H5N1)	1340	3512
PB1|PP755595.1|A/cattle/Texas/24-008749-003/2024(H5N1)	1341	3510
PB1|PP755595.1|A/cattle/Texas/24-008749-003/2024(H5N1)	1342	3498
PB1|PP755595.1|A/cattle/Texas/24-008749-003/2024(H5N1)	1343	3492
PB1|PP755595.1|A/cattle/Texas/24-008749-003/2024(H5N1)	1344	3494
PB1|PP755595.1|A/cattle/Texas/24-008749-003/2024(H5N1)	1345	3460
PB1|PP755595.1|A/cattle/Texas/24-008749-003/2024(H5N1)	1346	3385
PB1|PP755595.1|A/cattle/Texas/24-008749-003/2024(H5N1)	1347	3453
PB1|PP755595.1|A/cattle/Texas/24-008749-003/2024(H5N1)	1348	3455
PB1|PP755595.1|A/cattle/Texas/24-008749-003/2024(H5N1)	1349	3462
PB1|PP755595.1|A/cattle/Texas/24-008749-003/2024(H5N1)	1350	3472
PB1|PP755595.1|A/cattle/Texas/24-008749-003/2024(H5N1)	1351	3473
PB1|PP755595.1|A/cattle/Texas/24-008749-003/2024(H5N1)	1352	3476
PB1|PP755595.1|A/cattle/Texas/24-008749-003/2024(H5N1)	1353	3479
PB1|PP755595.1|A/cattle/Texas/24-008749-003/2024(H5N1)	1354	3486
PB1|PP755595.1|A/cattle/Texas/24-008749-003/2024(H5N1)	1355	3484
PB1|PP755595.1|A/cattle/Texas/24-008749-003/2024(H5N1)	1356	3315
PB1|PP755595.1|A/cattle/Texas/24-008749-003/2024(H5N1)	1357	3324
PB1|PP755595.1|A/cattle/Texas/24-008749-003/2024(H5N1)	1358	3367
PB1|PP755595.1|A/cattle/Texas/24-008749-003/2024(H5N1)	1359	3371
PB1|PP755595.1|A/cattle/Texas/24-008749-003/2024(H5N1)	1360	3374
PB1|PP755595.1|A/cattle/Texas/24-008749-003/2024(H5N1)	1361	3301
PB1|PP755595.1|A/cattle/Texas/24-008749-003/2024(H5N1)	1362	3301
PB1|PP755595.1|A/cattle/Texas/24-008749-003/2024(H5N1)	1363	3299
PB1|PP755595.1|A/cattle/Texas/24-008749-003/2024(H5N1)	1364	3305
PB1|PP755595.1|A/cattle/Texas/24-008749-003/2024(H5N1)	1365	3313
PB1|PP755595.1|A/cattle/Texas/24-008749-003/2024(H5N1)	1366	3146
PB1|PP755595.1|A/cattle/Texas/24-008749-003/2024(H5N1)	1367	3122
PB1|PP755595.1|A/cattle/Texas/24-008749-003/2024(H5N1)	1368	3101
PB1|PP755595.1|A/cattle/Texas/24-008749-003/2024(H5N1)	1369	3104
PB1|PP755595.1|A/cattle/Texas/24-008749-003/2024(H5N1)	1370	3135
PB1|PP755595.1|A/cattle/Texas/24-008749-003/2024(H5N1)	1371	3144
PB1|PP755595.1|A/cattle/Texas/24-008749-003/2024(H5N1)	1372	3122
PB1|PP755595.1|A/cattle/Texas/24-008749-003/2024(H5N1)	1373	3130
PB1|PP755595.1|A/cattle/Texas/24-008749-003/2024(H5N1)	1374	3139
PB1|PP755595.1|A/cattle/Texas/24-008749-003/2024(H5N1)	1375	3198
PB1|PP755595.1|A/cattle/Texas/24-008749-003/2024(H5N1)	1376	3197
PB1|PP755595.1|A/cattle/Texas/24-008749-003/2024(H5N1)	1377	3200
PB1|PP755595.1|A/cattle/Texas/24-008749-003/2024(H5N1)	1378	3161
PB1|PP755595.1|A/cattle/Texas/24-008749-003/2024(H5N1)	1379	3286
PB1|PP755595.1|A/cattle/Texas/24-008749-003/2024(H5N1)	1380	3303
PB1|PP755595.1|A/cattle/Texas/24-008749-003/2024(H5N1)	1381	3302
PB1|PP755595.1|A/cattle/Texas/24-008749-003/2024(H5N1)	1382	3401
PB1|PP755595.1|A/cattle/Texas/24-008749-003/2024(H5N1)	1383	3369
PB1|PP755595.1|A/cattle/Texas/24-008749-003/2024(H5N1)	1384	3558
PB1|PP755595.1|A/cattle/Texas/24-008749-003/2024(H5N1)	1385	3576
PB1|PP755595.1|A/cattle/Texas/24-008749-003/2024(H5N1)	1386	3575
PB1|PP755595.1|A/cattle/Texas/24-008749-003/2024(H5N1)	1387	3581
PB1|PP755595.1|A/cattle/Texas/24-008749-003/2024(H5N1)	1388	3572
PB1|PP755595.1|A/cattle/Texas/24-008749-003/2024(H5N1)	1389	3573
PB1|PP755595.1|A/cattle/Texas/24-008749-003/2024(H5N1)	1390	3595
PB1|PP755595.1|A/cattle/Texas/24-008749-003/2024(H5N1)	1391	3560
PB1|PP755595.1|A/cattle/Texas/24-008749-003/2024(H5N1)	1392	3461
PB1|PP755595.1|A/cattle/Texas/24-008749-003/2024(H5N1)	1393	3285
PB1|PP755595.1|A/cattle/Texas/24-008749-003/2024(H5N1)	1394	3288
PB1|PP755595.1|A/cattle/Texas/24-008749-003/2024(H5N1)	1395	3534
PB1|PP755595.1|A/cattle/Texas/24-008749-003/2024(H5N1)	1396	3458
PB1|PP755595.1|A/cattle/Texas/24-008749-003/2024(H5N1)	1397	3458
PB1|PP755595.1|A/cattle/Texas/24-008749-003/2024(H5N1)	1398	3544
PB1|PP755595.1|A/cattle/Texas/24-008749-003/2024(H5N1)	1399	3532
PB1|PP755595.1|A/cattle/Texas/24-008749-003/2024(H5N1)	1400	3540
PB1|PP755595.1|A/cattle/Texas/24-008749-003/2024(H5N1)	1401	3539
PB1|PP755595.1|A/cattle/Texas/24-008749-003/2024(H5N1)	1402	3534
PB1|PP755595.1|A/cattle/Texas/24-008749-003/2024(H5N1)	1403	3409
PB1|PP755595.1|A/cattle/Texas/24-008749-003/2024(H5N1)	1404	3336
PB1|PP755595.1|A/cattle/Texas/24-008749-003/2024(H5N1)	1405	3340
PB1|PP755595.1|A/cattle/Texas/24-008749-003/2024(H5N1)	1406	3375
PB1|PP755595.1|A/cattle/Texas/24-008749-003/2024(H5N1)	1407	3281
PB1|PP755595.1|A/cattle/Texas/24-008749-003/2024(H5N1)	1408	3248
PB1|PP755595.1|A/cattle/Texas/24-008749-003/2024(H5N1)	1409	3257
PB1|PP755595.1|A/cattle/Texas/24-008749-003/2024(H5N1)	1410	3291
PB1|PP755595.1|A/cattle/Texas/24-008749-003/2024(H5N1)	1411	3292
PB1|PP755595.1|A/cattle/Texas/24-008749-003/2024(H5N1)	1412	3322
PB1|PP755595.1|A/cattle/Texas/24-008749-003/2024(H5N1)	1413	3335
PB1|PP755595.1|A/cattle/Texas/24-008749-003/2024(H5N1)	1414	3350
PB1|PP755595.1|A/cattle/Texas/24-008749-003/2024(H5N1)	1415	3319
PB1|PP755595.1|A/cattle/Texas/24-008749-003/2024(H5N1)	1416	3384
PB1|PP755595.1|A/cattle/Texas/24-008749-003/2024(H5N1)	1417	3402
PB1|PP755595.1|A/cattle/Texas/24-008749-003/2024(H5N1)	1418	3437
PB1|PP755595.1|A/cattle/Texas/24-008749-003/2024(H5N1)	1419	3432
PB1|PP755595.1|A/cattle/Texas/24-008749-003/2024(H5N1)	1420	3428
PB1|PP755595.1|A/cattle/Texas/24-008749-003/2024(H5N1)	1421	3540
PB1|PP755595.1|A/cattle/Texas/24-008749-003/2024(H5N1)	1422	3596
PB1|PP755595.1|A/cattle/Texas/24-008749-003/2024(H5N1)	1423	3605
PB1|PP755595.1|A/cattle/Texas/24-008749-003/2024(H5N1)	1424	3632
PB1|PP755595.1|A/cattle/Texas/24-008749-003/2024(H5N1)	1425	3612
PB1|PP755595.1|A/cattle/Texas/24-008749-003/2024(H5N1)	1426	3601
PB1|PP755595.1|A/cattle/Texas/24-008749-003/2024(H5N1)	1427	3622
PB1|PP755595.1|A/cattle/Texas/24-008749-003/2024(H5N1)	1428	3622
PB1|PP755595.1|A/cattle/Texas/24-008749-003/2024(H5N1)	1429	3690
PB1|PP755595.1|A/cattle/Texas/24-008749-003/2024(H5N1)	1430	3597
PB1|PP755595.1|A/cattle/Texas/24-008749-003/2024(H5N1)	1431	3603
PB1|PP755595.1|A/cattle/Texas/24-008749-003/2024(H5N1)	1432	3594
PB1|PP755595.1|A/cattle/Texas/24-008749-003/2024(H5N1)	1433	3597
PB1|PP755595.1|A/cattle/Texas/24-008749-003/2024(H5N1)	1434	3601
PB1|PP755595.1|A/cattle/Texas/24-008749-003/2024(H5N1)	1435	3805
PB1|PP755595.1|A/cattle/Texas/24-008749-003/2024(H5N1)	1436	3814
PB1|PP755595.1|A/cattle/Texas/24-008749-003/2024(H5N1)	1437	3815
PB1|PP755595.1|A/cattle/Texas/24-008749-003/2024(H5N1)	1438	3789
PB1|PP755595.1|A/cattle/Texas/24-008749-003/2024(H5N1)	1439	3783
PB1|PP755595.1|A/cattle/Texas/24-008749-003/2024(H5N1)	1440	3788
PB1|PP755595.1|A/cattle/Texas/24-008749-003/2024(H5N1)	1441	3793
PB1|PP755595.1|A/cattle/Texas/24-008749-003/2024(H5N1)	1442	3793
PB1|PP755595.1|A/cattle/Texas/24-008749-003/2024(H5N1)	1443	3857
PB1|PP755595.1|A/cattle/Texas/24-008749-003/2024(H5N1)	1444	3853
PB1|PP755595.1|A/cattle/Texas/24-008749-003/2024(H5N1)	1445	3841
PB1|PP755595.1|A/cattle/Texas/24-008749-003/2024(H5N1)	1446	3874
PB1|PP755595.1|A/cattle/Texas/24-008749-003/2024(H5N1)	1447	4252
PB1|PP755595.1|A/cattle/Texas/24-008749-003/2024(H5N1)	1448	4302
PB1|PP755595.1|A/cattle/Texas/24-008749-003/2024(H5N1)	1449	4354
PB1|PP755595.1|A/cattle/Texas/24-008749-003/2024(H5N1)	1450	4359
PB1|PP755595.1|A/cattle/Texas/24-008749-003/2024(H5N1)	1451	4371
PB1|PP755595.1|A/cattle/Texas/24-008749-003/2024(H5N1)	1452	4385
PB1|PP755595.1|A/cattle/Texas/24-008749-003/2024(H5N1)	1453	4387
PB1|PP755595.1|A/cattle/Texas/24-008749-003/2024(H5N1)	1454	4342
PB1|PP755595.1|A/cattle/Texas/24-008749-003/2024(H5N1)	1455	4330
PB1|PP755595.1|A/cattle/Texas/24-008749-003/2024(H5N1)	1456	4076
PB1|PP755595.1|A/cattle/Texas/24-008749-003/2024(H5N1)	1457	4229
PB1|PP755595.1|A/cattle/Texas/24-008749-003/2024(H5N1)	1458	4233
PB1|PP755595.1|A/cattle/Texas/24-008749-003/2024(H5N1)	1459	4201
PB1|PP755595.1|A/cattle/Texas/24-008749-003/2024(H5N1)	1460	4177
PB1|PP755595.1|A/cattle/Texas/24-008749-003/2024(H5N1)	1461	4129
PB1|PP755595.1|A/cattle/Texas/24-008749-003/2024(H5N1)	1462	4130
PB1|PP755595.1|A/cattle/Texas/24-008749-003/2024(H5N1)	1463	4201
PB1|PP755595.1|A/cattle/Texas/24-008749-003/2024(H5N1)	1464	4188
PB1|PP755595.1|A/cattle/Texas/24-008749-003/2024(H5N1)	1465	4234
PB1|PP755595.1|A/cattle/Texas/24-008749-003/2024(H5N1)	1466	4214
PB1|PP755595.1|A/cattle/Texas/24-008749-003/2024(H5N1)	1467	4188
PB1|PP755595.1|A/cattle/Texas/24-008749-003/2024(H5N1)	1468	4193
PB1|PP755595.1|A/cattle/Texas/24-008749-003/2024(H5N1)	1469	4144
PB1|PP755595.1|A/cattle/Texas/24-008749-003/2024(H5N1)	1470	4090
PB1|PP755595.1|A/cattle/Texas/24-008749-003/2024(H5N1)	1471	4085
PB1|PP755595.1|A/cattle/Texas/24-008749-003/2024(H5N1)	1472	4113
PB1|PP755595.1|A/cattle/Texas/24-008749-003/2024(H5N1)	1473	4121
PB1|PP755595.1|A/cattle/Texas/24-008749-003/2024(H5N1)	1474	4088
PB1|PP755595.1|A/cattle/Texas/24-008749-003/2024(H5N1)	1475	4059
PB1|PP755595.1|A/cattle/Texas/24-008749-003/2024(H5N1)	1476	4056
PB1|PP755595.1|A/cattle/Texas/24-008749-003/2024(H5N1)	1477	4067
PB1|PP755595.1|A/cattle/Texas/24-008749-003/2024(H5N1)	1478	4060
PB1|PP755595.1|A/cattle/Texas/24-008749-003/2024(H5N1)	1479	4061
PB1|PP755595.1|A/cattle/Texas/24-008749-003/2024(H5N1)	1480	4090
PB1|PP755595.1|A/cattle/Texas/24-008749-003/2024(H5N1)	1481	4060
PB1|PP755595.1|A/cattle/Texas/24-008749-003/2024(H5N1)	1482	4078
PB1|PP755595.1|A/cattle/Texas/24-008749-003/2024(H5N1)	1483	4092
PB1|PP755595.1|A/cattle/Texas/24-008749-003/2024(H5N1)	1484	4093
PB1|PP755595.1|A/cattle/Texas/24-008749-003/2024(H5N1)	1485	4089
PB1|PP755595.1|A/cattle/Texas/24-008749-003/2024(H5N1)	1486	4096
PB1|PP755595.1|A/cattle/Texas/24-008749-003/2024(H5N1)	1487	4095
PB1|PP755595.1|A/cattle/Texas/24-008749-003/2024(H5N1)	1488	4104
PB1|PP755595.1|A/cattle/Texas/24-008749-003/2024(H5N1)	1489	4106
PB1|PP755595.1|A/cattle/Texas/24-008749-003/2024(H5N1)	1490	4132
PB1|PP755595.1|A/cattle/Texas/24-008749-003/2024(H5N1)	1491	4133
PB1|PP755595.1|A/cattle/Texas/24-008749-003/2024(H5N1)	1492	4147
PB1|PP755595.1|A/cattle/Texas/24-008749-003/2024(H5N1)	1493	4166
PB1|PP755595.1|A/cattle/Texas/24-008749-003/2024(H5N1)	1494	4186
PB1|PP755595.1|A/cattle/Texas/24-008749-003/2024(H5N1)	1495	4205
PB1|PP755595.1|A/cattle/Texas/24-008749-003/2024(H5N1)	1496	4217
PB1|PP755595.1|A/cattle/Texas/24-008749-003/2024(H5N1)	1497	4328
PB1|PP755595.1|A/cattle/Texas/24-008749-003/2024(H5N1)	1498	4276
PB1|PP755595.1|A/cattle/Texas/24-008749-003/2024(H5N1)	1499	4374
PB1|PP755595.1|A/cattle/Texas/24-008749-003/2024(H5N1)	1500	4391
PB1|PP755595.1|A/cattle/Texas/24-008749-003/2024(H5N1)	1501	4390
PB1|PP755595.1|A/cattle/Texas/24-008749-003/2024(H5N1)	1502	4378
PB1|PP755595.1|A/cattle/Texas/24-008749-003/2024(H5N1)	1503	4362
PB1|PP755595.1|A/cattle/Texas/24-008749-003/2024(H5N1)	1504	4367
PB1|PP755595.1|A/cattle/Texas/24-008749-003/2024(H5N1)	1505	4382
PB1|PP755595.1|A/cattle/Texas/24-008749-003/2024(H5N1)	1506	4378
PB1|PP755595.1|A/cattle/Texas/24-008749-003/2024(H5N1)	1507	4393
PB1|PP755595.1|A/cattle/Texas/24-008749-003/2024(H5N1)	1508	4346
PB1|PP755595.1|A/cattle/Texas/24-008749-003/2024(H5N1)	1509	4348
PB1|PP755595.1|A/cattle/Texas/24-008749-003/2024(H5N1)	1510	4346
PB1|PP755595.1|A/cattle/Texas/24-008749-003/2024(H5N1)	1511	4359
PB1|PP755595.1|A/cattle/Texas/24-008749-003/2024(H5N1)	1512	4381
PB1|PP755595.1|A/cattle/Texas/24-008749-003/2024(H5N1)	1513	4381
PB1|PP755595.1|A/cattle/Texas/24-008749-003/2024(H5N1)	1514	4379
PB1|PP755595.1|A/cattle/Texas/24-008749-003/2024(H5N1)	1515	4361
PB1|PP755595.1|A/cattle/Texas/24-008749-003/2024(H5N1)	1516	4360
PB1|PP755595.1|A/cattle/Texas/24-008749-003/2024(H5N1)	1517	4430
PB1|PP755595.1|A/cattle/Texas/24-008749-003/2024(H5N1)	1518	4562
PB1|PP755595.1|A/cattle/Texas/24-008749-003/2024(H5N1)	1519	4559
PB1|PP755595.1|A/cattle/Texas/24-008749-003/2024(H5N1)	1520	4554
PB1|PP755595.1|A/cattle/Texas/24-008749-003/2024(H5N1)	1521	4509
PB1|PP755595.1|A/cattle/Texas/24-008749-003/2024(H5N1)	1522	4729
PB1|PP755595.1|A/cattle/Texas/24-008749-003/2024(H5N1)	1523	4724
PB1|PP755595.1|A/cattle/Texas/24-008749-003/2024(H5N1)	1524	4637
PB1|PP755595.1|A/cattle/Texas/24-008749-003/2024(H5N1)	1525	4822
PB1|PP755595.1|A/cattle/Texas/24-008749-003/2024(H5N1)	1526	4713
PB1|PP755595.1|A/cattle/Texas/24-008749-003/2024(H5N1)	1527	4730
PB1|PP755595.1|A/cattle/Texas/24-008749-003/2024(H5N1)	1528	4753
PB1|PP755595.1|A/cattle/Texas/24-008749-003/2024(H5N1)	1529	4795
PB1|PP755595.1|A/cattle/Texas/24-008749-003/2024(H5N1)	1530	4774
PB1|PP755595.1|A/cattle/Texas/24-008749-003/2024(H5N1)	1531	4626
PB1|PP755595.1|A/cattle/Texas/24-008749-003/2024(H5N1)	1532	4842
PB1|PP755595.1|A/cattle/Texas/24-008749-003/2024(H5N1)	1533	4667
PB1|PP755595.1|A/cattle/Texas/24-008749-003/2024(H5N1)	1534	4662
PB1|PP755595.1|A/cattle/Texas/24-008749-003/2024(H5N1)	1535	4660
PB1|PP755595.1|A/cattle/Texas/24-008749-003/2024(H5N1)	1536	4640
PB1|PP755595.1|A/cattle/Texas/24-008749-003/2024(H5N1)	1537	4637
PB1|PP755595.1|A/cattle/Texas/24-008749-003/2024(H5N1)	1538	4635
PB1|PP755595.1|A/cattle/Texas/24-008749-003/2024(H5N1)	1539	4685
PB1|PP755595.1|A/cattle/Texas/24-008749-003/2024(H5N1)	1540	4683
PB1|PP755595.1|A/cattle/Texas/24-008749-003/2024(H5N1)	1541	4589
PB1|PP755595.1|A/cattle/Texas/24-008749-003/2024(H5N1)	1542	4591
PB1|PP755595.1|A/cattle/Texas/24-008749-003/2024(H5N1)	1543	4617
PB1|PP755595.1|A/cattle/Texas/24-008749-003/2024(H5N1)	1544	4505
PB1|PP755595.1|A/cattle/Texas/24-008749-003/2024(H5N1)	1545	4508
PB1|PP755595.1|A/cattle/Texas/24-008749-003/2024(H5N1)	1546	4515
PB1|PP755595.1|A/cattle/Texas/24-008749-003/2024(H5N1)	1547	4544
PB1|PP755595.1|A/cattle/Texas/24-008749-003/2024(H5N1)	1548	4552
PB1|PP755595.1|A/cattle/Texas/24-008749-003/2024(H5N1)	1549	4388
PB1|PP755595.1|A/cattle/Texas/24-008749-003/2024(H5N1)	1550	4383
PB1|PP755595.1|A/cattle/Texas/24-008749-003/2024(H5N1)	1551	4412
PB1|PP755595.1|A/cattle/Texas/24-008749-003/2024(H5N1)	1552	4402
PB1|PP755595.1|A/cattle/Texas/24-008749-003/2024(H5N1)	1553	4413
PB1|PP755595.1|A/cattle/Texas/24-008749-003/2024(H5N1)	1554	4409
PB1|PP755595.1|A/cattle/Texas/24-008749-003/2024(H5N1)	1555	4409
PB1|PP755595.1|A/cattle/Texas/24-008749-003/2024(H5N1)	1556	4433
PB1|PP755595.1|A/cattle/Texas/24-008749-003/2024(H5N1)	1557	4408
PB1|PP755595.1|A/cattle/Texas/24-008749-003/2024(H5N1)	1558	4406
PB1|PP755595.1|A/cattle/Texas/24-008749-003/2024(H5N1)	1559	4490
PB1|PP755595.1|A/cattle/Texas/24-008749-003/2024(H5N1)	1560	4456
PB1|PP755595.1|A/cattle/Texas/24-008749-003/2024(H5N1)	1561	4468
PB1|PP755595.1|A/cattle/Texas/24-008749-003/2024(H5N1)	1562	4440
PB1|PP755595.1|A/cattle/Texas/24-008749-003/2024(H5N1)	1563	4436
PB1|PP755595.1|A/cattle/Texas/24-008749-003/2024(H5N1)	1564	4509
PB1|PP755595.1|A/cattle/Texas/24-008749-003/2024(H5N1)	1565	4512
PB1|PP755595.1|A/cattle/Texas/24-008749-003/2024(H5N1)	1566	4510
PB1|PP755595.1|A/cattle/Texas/24-008749-003/2024(H5N1)	1567	4548
PB1|PP755595.1|A/cattle/Texas/24-008749-003/2024(H5N1)	1568	4490
PB1|PP755595.1|A/cattle/Texas/24-008749-003/2024(H5N1)	1569	4511
PB1|PP755595.1|A/cattle/Texas/24-008749-003/2024(H5N1)	1570	4493
PB1|PP755595.1|A/cattle/Texas/24-008749-003/2024(H5N1)	1571	4607
PB1|PP755595.1|A/cattle/Texas/24-008749-003/2024(H5N1)	1572	4522
PB1|PP755595.1|A/cattle/Texas/24-008749-003/2024(H5N1)	1573	4491
PB1|PP755595.1|A/cattle/Texas/24-008749-003/2024(H5N1)	1574	4487
PB1|PP755595.1|A/cattle/Texas/24-008749-003/2024(H5N1)	1575	4454
PB1|PP755595.1|A/cattle/Texas/24-008749-003/2024(H5N1)	1576	4478
PB1|PP755595.1|A/cattle/Texas/24-008749-003/2024(H5N1)	1577	4807
PB1|PP755595.1|A/cattle/Texas/24-008749-003/2024(H5N1)	1578	4786
PB1|PP755595.1|A/cattle/Texas/24-008749-003/2024(H5N1)	1579	4785
PB1|PP755595.1|A/cattle/Texas/24-008749-003/2024(H5N1)	1580	4718
PB1|PP755595.1|A/cattle/Texas/24-008749-003/2024(H5N1)	1581	4718
PB1|PP755595.1|A/cattle/Texas/24-008749-003/2024(H5N1)	1582	4707
PB1|PP755595.1|A/cattle/Texas/24-008749-003/2024(H5N1)	1583	4739
PB1|PP755595.1|A/cattle/Texas/24-008749-003/2024(H5N1)	1584	4728
PB1|PP755595.1|A/cattle/Texas/24-008749-003/2024(H5N1)	1585	4825
PB1|PP755595.1|A/cattle/Texas/24-008749-003/2024(H5N1)	1586	4628
PB1|PP755595.1|A/cattle/Texas/24-008749-003/2024(H5N1)	1587	4636
PB1|PP755595.1|A/cattle/Texas/24-008749-003/2024(H5N1)	1588	4652
PB1|PP755595.1|A/cattle/Texas/24-008749-003/2024(H5N1)	1589	4647
PB1|PP755595.1|A/cattle/Texas/24-008749-003/2024(H5N1)	1590	4650
PB1|PP755595.1|A/cattle/Texas/24-008749-003/2024(H5N1)	1591	4665
PB1|PP755595.1|A/cattle/Texas/24-008749-003/2024(H5N1)	1592	4643
PB1|PP755595.1|A/cattle/Texas/24-008749-003/2024(H5N1)	1593	4728
PB1|PP755595.1|A/cattle/Texas/24-008749-003/2024(H5N1)	1594	4634
PB1|PP755595.1|A/cattle/Texas/24-008749-003/2024(H5N1)	1595	4631
PB1|PP755595.1|A/cattle/Texas/24-008749-003/2024(H5N1)	1596	4639
PB1|PP755595.1|A/cattle/Texas/24-008749-003/2024(H5N1)	1597	4605
PB1|PP755595.1|A/cattle/Texas/24-008749-003/2024(H5N1)	1598	4251
PB1|PP755595.1|A/cattle/Texas/24-008749-003/2024(H5N1)	1599	4313
PB1|PP755595.1|A/cattle/Texas/24-008749-003/2024(H5N1)	1600	4315
PB1|PP755595.1|A/cattle/Texas/24-008749-003/2024(H5N1)	1601	4309
PB1|PP755595.1|A/cattle/Texas/24-008749-003/2024(H5N1)	1602	4298
PB1|PP755595.1|A/cattle/Texas/24-008749-003/2024(H5N1)	1603	4247
PB1|PP755595.1|A/cattle/Texas/24-008749-003/2024(H5N1)	1604	4255
PB1|PP755595.1|A/cattle/Texas/24-008749-003/2024(H5N1)	1605	4235
PB1|PP755595.1|A/cattle/Texas/24-008749-003/2024(H5N1)	1606	4232
PB1|PP755595.1|A/cattle/Texas/24-008749-003/2024(H5N1)	1607	4299
PB1|PP755595.1|A/cattle/Texas/24-008749-003/2024(H5N1)	1608	4153
PB1|PP755595.1|A/cattle/Texas/24-008749-003/2024(H5N1)	1609	4160
PB1|PP755595.1|A/cattle/Texas/24-008749-003/2024(H5N1)	1610	4182
PB1|PP755595.1|A/cattle/Texas/24-008749-003/2024(H5N1)	1611	4127
PB1|PP755595.1|A/cattle/Texas/24-008749-003/2024(H5N1)	1612	4135
PB1|PP755595.1|A/cattle/Texas/24-008749-003/2024(H5N1)	1613	4208
PB1|PP755595.1|A/cattle/Texas/24-008749-003/2024(H5N1)	1614	4237
PB1|PP755595.1|A/cattle/Texas/24-008749-003/2024(H5N1)	1615	4283
PB1|PP755595.1|A/cattle/Texas/24-008749-003/2024(H5N1)	1616	4221
PB1|PP755595.1|A/cattle/Texas/24-008749-003/2024(H5N1)	1617	4197
PB1|PP755595.1|A/cattle/Texas/24-008749-003/2024(H5N1)	1618	4201
PB1|PP755595.1|A/cattle/Texas/24-008749-003/2024(H5N1)	1619	4261
PB1|PP755595.1|A/cattle/Texas/24-008749-003/2024(H5N1)	1620	4306
PB1|PP755595.1|A/cattle/Texas/24-008749-003/2024(H5N1)	1621	4295
PB1|PP755595.1|A/cattle/Texas/24-008749-003/2024(H5N1)	1622	4255
PB1|PP755595.1|A/cattle/Texas/24-008749-003/2024(H5N1)	1623	4225
PB1|PP755595.1|A/cattle/Texas/24-008749-003/2024(H5N1)	1624	4248
PB1|PP755595.1|A/cattle/Texas/24-008749-003/2024(H5N1)	1625	4294
PB1|PP755595.1|A/cattle/Texas/24-008749-003/2024(H5N1)	1626	4290
PB1|PP755595.1|A/cattle/Texas/24-008749-003/2024(H5N1)	1627	4289
PB1|PP755595.1|A/cattle/Texas/24-008749-003/2024(H5N1)	1628	4287
PB1|PP755595.1|A/cattle/Texas/24-008749-003/2024(H5N1)	1629	4269
PB1|PP755595.1|A/cattle/Texas/24-008749-003/2024(H5N1)	1630	4393
PB1|PP755595.1|A/cattle/Texas/24-008749-003/2024(H5N1)	1631	4467
PB1|PP755595.1|A/cattle/Texas/24-008749-003/2024(H5N1)	1632	4471
PB1|PP755595.1|A/cattle/Texas/24-008749-003/2024(H5N1)	1633	4486
PB1|PP755595.1|A/cattle/Texas/24-008749-003/2024(H5N1)	1634	4480
PB1|PP755595.1|A/cattle/Texas/24-008749-003/2024(H5N1)	1635	4488
PB1|PP755595.1|A/cattle/Texas/24-008749-003/2024(H5N1)	1636	4493
PB1|PP755595.1|A/cattle/Texas/24-008749-003/2024(H5N1)	1637	4510
PB1|PP755595.1|A/cattle/Texas/24-008749-003/2024(H5N1)	1638	4504
PB1|PP755595.1|A/cattle/Texas/24-008749-003/2024(H5N1)	1639	4553
PB1|PP755595.1|A/cattle/Texas/24-008749-003/2024(H5N1)	1640	4618
PB1|PP755595.1|A/cattle/Texas/24-008749-003/2024(H5N1)	1641	4589
PB1|PP755595.1|A/cattle/Texas/24-008749-003/2024(H5N1)	1642	4679
PB1|PP755595.1|A/cattle/Texas/24-008749-003/2024(H5N1)	1643	4677
PB1|PP755595.1|A/cattle/Texas/24-008749-003/2024(H5N1)	1644	4678
PB1|PP755595.1|A/cattle/Texas/24-008749-003/2024(H5N1)	1645	4666
PB1|PP755595.1|A/cattle/Texas/24-008749-003/2024(H5N1)	1646	4644
PB1|PP755595.1|A/cattle/Texas/24-008749-003/2024(H5N1)	1647	4682
PB1|PP755595.1|A/cattle/Texas/24-008749-003/2024(H5N1)	1648	4816
PB1|PP755595.1|A/cattle/Texas/24-008749-003/2024(H5N1)	1649	4769
PB1|PP755595.1|A/cattle/Texas/24-008749-003/2024(H5N1)	1650	4830
PB1|PP755595.1|A/cattle/Texas/24-008749-003/2024(H5N1)	1651	4806
PB1|PP755595.1|A/cattle/Texas/24-008749-003/2024(H5N1)	1652	4818
PB1|PP755595.1|A/cattle/Texas/24-008749-003/2024(H5N1)	1653	4844
PB1|PP755595.1|A/cattle/Texas/24-008749-003/2024(H5N1)	1654	4824
PB1|PP755595.1|A/cattle/Texas/24-008749-003/2024(H5N1)	1655	4825
PB1|PP755595.1|A/cattle/Texas/24-008749-003/2024(H5N1)	1656	4790
PB1|PP755595.1|A/cattle/Texas/24-008749-003/2024(H5N1)	1657	4788
PB1|PP755595.1|A/cattle/Texas/24-008749-003/2024(H5N1)	1658	4774
PB1|PP755595.1|A/cattle/Texas/24-008749-003/2024(H5N1)	1659	4909
PB1|PP755595.1|A/cattle/Texas/24-008749-003/2024(H5N1)	1660	4956
PB1|PP755595.1|A/cattle/Texas/24-008749-003/2024(H5N1)	1661	4959
PB1|PP755595.1|A/cattle/Texas/24-008749-003/2024(H5N1)	1662	4953
PB1|PP755595.1|A/cattle/Texas/24-008749-003/2024(H5N1)	1663	4937
PB1|PP755595.1|A/cattle/Texas/24-008749-003/2024(H5N1)	1664	4946
PB1|PP755595.1|A/cattle/Texas/24-008749-003/2024(H5N1)	1665	5201
PB1|PP755595.1|A/cattle/Texas/24-008749-003/2024(H5N1)	1666	5200
PB1|PP755595.1|A/cattle/Texas/24-008749-003/2024(H5N1)	1667	5239
PB1|PP755595.1|A/cattle/Texas/24-008749-003/2024(H5N1)	1668	5110
PB1|PP755595.1|A/cattle/Texas/24-008749-003/2024(H5N1)	1669	5097
PB1|PP755595.1|A/cattle/Texas/24-008749-003/2024(H5N1)	1670	5105
PB1|PP755595.1|A/cattle/Texas/24-008749-003/2024(H5N1)	1671	5189
PB1|PP755595.1|A/cattle/Texas/24-008749-003/2024(H5N1)	1672	5192
PB1|PP755595.1|A/cattle/Texas/24-008749-003/2024(H5N1)	1673	5050
PB1|PP755595.1|A/cattle/Texas/24-008749-003/2024(H5N1)	1674	4850
PB1|PP755595.1|A/cattle/Texas/24-008749-003/2024(H5N1)	1675	4982
PB1|PP755595.1|A/cattle/Texas/24-008749-003/2024(H5N1)	1676	4941
PB1|PP755595.1|A/cattle/Texas/24-008749-003/2024(H5N1)	1677	4985
PB1|PP755595.1|A/cattle/Texas/24-008749-003/2024(H5N1)	1678	4955
PB1|PP755595.1|A/cattle/Texas/24-008749-003/2024(H5N1)	1679	4947
PB1|PP755595.1|A/cattle/Texas/24-008749-003/2024(H5N1)	1680	4938
PB1|PP755595.1|A/cattle/Texas/24-008749-003/2024(H5N1)	1681	4931
PB1|PP755595.1|A/cattle/Texas/24-008749-003/2024(H5N1)	1682	4907
PB1|PP755595.1|A/cattle/Texas/24-008749-003/2024(H5N1)	1683	4823
PB1|PP755595.1|A/cattle/Texas/24-008749-003/2024(H5N1)	1684	4805
PB1|PP755595.1|A/cattle/Texas/24-008749-003/2024(H5N1)	1685	4828
PB1|PP755595.1|A/cattle/Texas/24-008749-003/2024(H5N1)	1686	4842
PB1|PP755595.1|A/cattle/Texas/24-008749-003/2024(H5N1)	1687	4839
PB1|PP755595.1|A/cattle/Texas/24-008749-003/2024(H5N1)	1688	4865
PB1|PP755595.1|A/cattle/Texas/24-008749-003/2024(H5N1)	1689	4871
PB1|PP755595.1|A/cattle/Texas/24-008749-003/2024(H5N1)	1690	4913
PB1|PP755595.1|A/cattle/Texas/24-008749-003/2024(H5N1)	1691	4912
PB1|PP755595.1|A/cattle/Texas/24-008749-003/2024(H5N1)	1692	4808
PB1|PP755595.1|A/cattle/Texas/24-008749-003/2024(H5N1)	1693	4806
PB1|PP755595.1|A/cattle/Texas/24-008749-003/2024(H5N1)	1694	4795
PB1|PP755595.1|A/cattle/Texas/24-008749-003/2024(H5N1)	1695	4794
PB1|PP755595.1|A/cattle/Texas/24-008749-003/2024(H5N1)	1696	4789
PB1|PP755595.1|A/cattle/Texas/24-008749-003/2024(H5N1)	1697	4776
PB1|PP755595.1|A/cattle/Texas/24-008749-003/2024(H5N1)	1698	4770
PB1|PP755595.1|A/cattle/Texas/24-008749-003/2024(H5N1)	1699	4762
PB1|PP755595.1|A/cattle/Texas/24-008749-003/2024(H5N1)	1700	4734
PB1|PP755595.1|A/cattle/Texas/24-008749-003/2024(H5N1)	1701	4773
PB1|PP755595.1|A/cattle/Texas/24-008749-003/2024(H5N1)	1702	4737
PB1|PP755595.1|A/cattle/Texas/24-008749-003/2024(H5N1)	1703	4745
PB1|PP755595.1|A/cattle/Texas/24-008749-003/2024(H5N1)	1704	4737
PB1|PP755595.1|A/cattle/Texas/24-008749-003/2024(H5N1)	1705	4766
PB1|PP755595.1|A/cattle/Texas/24-008749-003/2024(H5N1)	1706	4751
PB1|PP755595.1|A/cattle/Texas/24-008749-003/2024(H5N1)	1707	4797
PB1|PP755595.1|A/cattle/Texas/24-008749-003/2024(H5N1)	1708	4791
PB1|PP755595.1|A/cattle/Texas/24-008749-003/2024(H5N1)	1709	4778
PB1|PP755595.1|A/cattle/Texas/24-008749-003/2024(H5N1)	1710	4741
PB1|PP755595.1|A/cattle/Texas/24-008749-003/2024(H5N1)	1711	4734
PB1|PP755595.1|A/cattle/Texas/24-008749-003/2024(H5N1)	1712	4719
PB1|PP755595.1|A/cattle/Texas/24-008749-003/2024(H5N1)	1713	4807
PB1|PP755595.1|A/cattle/Texas/24-008749-003/2024(H5N1)	1714	4829
PB1|PP755595.1|A/cattle/Texas/24-008749-003/2024(H5N1)	1715	4787
PB1|PP755595.1|A/cattle/Texas/24-008749-003/2024(H5N1)	1716	4888
PB1|PP755595.1|A/cattle/Texas/24-008749-003/2024(H5N1)	1717	4862
PB1|PP755595.1|A/cattle/Texas/24-008749-003/2024(H5N1)	1718	4839
PB1|PP755595.1|A/cattle/Texas/24-008749-003/2024(H5N1)	1719	4841
PB1|PP755595.1|A/cattle/Texas/24-008749-003/2024(H5N1)	1720	4865
PB1|PP755595.1|A/cattle/Texas/24-008749-003/2024(H5N1)	1721	4871
PB1|PP755595.1|A/cattle/Texas/24-008749-003/2024(H5N1)	1722	4741
PB1|PP755595.1|A/cattle/Texas/24-008749-003/2024(H5N1)	1723	4743
PB1|PP755595.1|A/cattle/Texas/24-008749-003/2024(H5N1)	1724	4709
PB1|PP755595.1|A/cattle/Texas/24-008749-003/2024(H5N1)	1725	4703
PB1|PP755595.1|A/cattle/Texas/24-008749-003/2024(H5N1)	1726	4404
PB1|PP755595.1|A/cattle/Texas/24-008749-003/2024(H5N1)	1727	4501
PB1|PP755595.1|A/cattle/Texas/24-008749-003/2024(H5N1)	1728	4508
PB1|PP755595.1|A/cattle/Texas/24-008749-003/2024(H5N1)	1729	4520
PB1|PP755595.1|A/cattle/Texas/24-008749-003/2024(H5N1)	1730	4602
PB1|PP755595.1|A/cattle/Texas/24-008749-003/2024(H5N1)	1731	4607
PB1|PP755595.1|A/cattle/Texas/24-008749-003/2024(H5N1)	1732	4655
PB1|PP755595.1|A/cattle/Texas/24-008749-003/2024(H5N1)	1733	4667
PB1|PP755595.1|A/cattle/Texas/24-008749-003/2024(H5N1)	1734	4634
PB1|PP755595.1|A/cattle/Texas/24-008749-003/2024(H5N1)	1735	4617
PB1|PP755595.1|A/cattle/Texas/24-008749-003/2024(H5N1)	1736	4528
PB1|PP755595.1|A/cattle/Texas/24-008749-003/2024(H5N1)	1737	4536
PB1|PP755595.1|A/cattle/Texas/24-008749-003/2024(H5N1)	1738	4563
PB1|PP755595.1|A/cattle/Texas/24-008749-003/2024(H5N1)	1739	4546
PB1|PP755595.1|A/cattle/Texas/24-008749-003/2024(H5N1)	1740	4555
PB1|PP755595.1|A/cattle/Texas/24-008749-003/2024(H5N1)	1741	4746
PB1|PP755595.1|A/cattle/Texas/24-008749-003/2024(H5N1)	1742	4737
PB1|PP755595.1|A/cattle/Texas/24-008749-003/2024(H5N1)	1743	4715
PB1|PP755595.1|A/cattle/Texas/24-008749-003/2024(H5N1)	1744	4663
PB1|PP755595.1|A/cattle/Texas/24-008749-003/2024(H5N1)	1745	4660
PB1|PP755595.1|A/cattle/Texas/24-008749-003/2024(H5N1)	1746	4678
PB1|PP755595.1|A/cattle/Texas/24-008749-003/2024(H5N1)	1747	4666
PB1|PP755595.1|A/cattle/Texas/24-008749-003/2024(H5N1)	1748	4663
PB1|PP755595.1|A/cattle/Texas/24-008749-003/2024(H5N1)	1749	4668
PB1|PP755595.1|A/cattle/Texas/24-008749-003/2024(H5N1)	1750	4479
PB1|PP755595.1|A/cattle/Texas/24-008749-003/2024(H5N1)	1751	4499
PB1|PP755595.1|A/cattle/Texas/24-008749-003/2024(H5N1)	1752	4494
PB1|PP755595.1|A/cattle/Texas/24-008749-003/2024(H5N1)	1753	4494
PB1|PP755595.1|A/cattle/Texas/24-008749-003/2024(H5N1)	1754	4491
PB1|PP755595.1|A/cattle/Texas/24-008749-003/2024(H5N1)	1755	4484
PB1|PP755595.1|A/cattle/Texas/24-008749-003/2024(H5N1)	1756	4505
PB1|PP755595.1|A/cattle/Texas/24-008749-003/2024(H5N1)	1757	4594
PB1|PP755595.1|A/cattle/Texas/24-008749-003/2024(H5N1)	1758	4513
PB1|PP755595.1|A/cattle/Texas/24-008749-003/2024(H5N1)	1759	4505
PB1|PP755595.1|A/cattle/Texas/24-008749-003/2024(H5N1)	1760	4495
PB1|PP755595.1|A/cattle/Texas/24-008749-003/2024(H5N1)	1761	4474
PB1|PP755595.1|A/cattle/Texas/24-008749-003/2024(H5N1)	1762	4498
PB1|PP755595.1|A/cattle/Texas/24-008749-003/2024(H5N1)	1763	4564
PB1|PP755595.1|A/cattle/Texas/24-008749-003/2024(H5N1)	1764	4641
PB1|PP755595.1|A/cattle/Texas/24-008749-003/2024(H5N1)	1765	4646
PB1|PP755595.1|A/cattle/Texas/24-008749-003/2024(H5N1)	1766	4577
PB1|PP755595.1|A/cattle/Texas/24-008749-003/2024(H5N1)	1767	4609
PB1|PP755595.1|A/cattle/Texas/24-008749-003/2024(H5N1)	1768	4581
PB1|PP755595.1|A/cattle/Texas/24-008749-003/2024(H5N1)	1769	4518
PB1|PP755595.1|A/cattle/Texas/24-008749-003/2024(H5N1)	1770	4571
PB1|PP755595.1|A/cattle/Texas/24-008749-003/2024(H5N1)	1771	4570
PB1|PP755595.1|A/cattle/Texas/24-008749-003/2024(H5N1)	1772	4587
PB1|PP755595.1|A/cattle/Texas/24-008749-003/2024(H5N1)	1773	4686
PB1|PP755595.1|A/cattle/Texas/24-008749-003/2024(H5N1)	1774	4657
PB1|PP755595.1|A/cattle/Texas/24-008749-003/2024(H5N1)	1775	4699
PB1|PP755595.1|A/cattle/Texas/24-008749-003/2024(H5N1)	1776	4681
PB1|PP755595.1|A/cattle/Texas/24-008749-003/2024(H5N1)	1777	4691
PB1|PP755595.1|A/cattle/Texas/24-008749-003/2024(H5N1)	1778	4831
PB1|PP755595.1|A/cattle/Texas/24-008749-003/2024(H5N1)	1779	4789
PB1|PP755595.1|A/cattle/Texas/24-008749-003/2024(H5N1)	1780	4764
PB1|PP755595.1|A/cattle/Texas/24-008749-003/2024(H5N1)	1781	4667
PB1|PP755595.1|A/cattle/Texas/24-008749-003/2024(H5N1)	1782	4626
PB1|PP755595.1|A/cattle/Texas/24-008749-003/2024(H5N1)	1783	4645
PB1|PP755595.1|A/cattle/Texas/24-008749-003/2024(H5N1)	1784	4860
PB1|PP755595.1|A/cattle/Texas/24-008749-003/2024(H5N1)	1785	4863
PB1|PP755595.1|A/cattle/Texas/24-008749-003/2024(H5N1)	1786	4913
PB1|PP755595.1|A/cattle/Texas/24-008749-003/2024(H5N1)	1787	4888
PB1|PP755595.1|A/cattle/Texas/24-008749-003/2024(H5N1)	1788	4917
PB1|PP755595.1|A/cattle/Texas/24-008749-003/2024(H5N1)	1789	5196
PB1|PP755595.1|A/cattle/Texas/24-008749-003/2024(H5N1)	1790	5129
PB1|PP755595.1|A/cattle/Texas/24-008749-003/2024(H5N1)	1791	5079
PB1|PP755595.1|A/cattle/Texas/24-008749-003/2024(H5N1)	1792	5108
PB1|PP755595.1|A/cattle/Texas/24-008749-003/2024(H5N1)	1793	5011
PB1|PP755595.1|A/cattle/Texas/24-008749-003/2024(H5N1)	1794	5030
PB1|PP755595.1|A/cattle/Texas/24-008749-003/2024(H5N1)	1795	5069
PB1|PP755595.1|A/cattle/Texas/24-008749-003/2024(H5N1)	1796	5046
PB1|PP755595.1|A/cattle/Texas/24-008749-003/2024(H5N1)	1797	5014
PB1|PP755595.1|A/cattle/Texas/24-008749-003/2024(H5N1)	1798	4699
PB1|PP755595.1|A/cattle/Texas/24-008749-003/2024(H5N1)	1799	4700
PB1|PP755595.1|A/cattle/Texas/24-008749-003/2024(H5N1)	1800	4702
PB1|PP755595.1|A/cattle/Texas/24-008749-003/2024(H5N1)	1801	4674
PB1|PP755595.1|A/cattle/Texas/24-008749-003/2024(H5N1)	1802	4685
PB1|PP755595.1|A/cattle/Texas/24-008749-003/2024(H5N1)	1803	4635
PB1|PP755595.1|A/cattle/Texas/24-008749-003/2024(H5N1)	1804	4623
PB1|PP755595.1|A/cattle/Texas/24-008749-003/2024(H5N1)	1805	4615
PB1|PP755595.1|A/cattle/Texas/24-008749-003/2024(H5N1)	1806	4619
PB1|PP755595.1|A/cattle/Texas/24-008749-003/2024(H5N1)	1807	4673
PB1|PP755595.1|A/cattle/Texas/24-008749-003/2024(H5N1)	1808	4672
PB1|PP755595.1|A/cattle/Texas/24-008749-003/2024(H5N1)	1809	4684
PB1|PP755595.1|A/cattle/Texas/24-008749-003/2024(H5N1)	1810	4514
PB1|PP755595.1|A/cattle/Texas/24-008749-003/2024(H5N1)	1811	4672
PB1|PP755595.1|A/cattle/Texas/24-008749-003/2024(H5N1)	1812	4762
PB1|PP755595.1|A/cattle/Texas/24-008749-003/2024(H5N1)	1813	4763
PB1|PP755595.1|A/cattle/Texas/24-008749-003/2024(H5N1)	1814	4764
PB1|PP755595.1|A/cattle/Texas/24-008749-003/2024(H5N1)	1815	4538
PB1|PP755595.1|A/cattle/Texas/24-008749-003/2024(H5N1)	1816	4535
PB1|PP755595.1|A/cattle/Texas/24-008749-003/2024(H5N1)	1817	4718
PB1|PP755595.1|A/cattle/Texas/24-008749-003/2024(H5N1)	1818	4662
PB1|PP755595.1|A/cattle/Texas/24-008749-003/2024(H5N1)	1819	4727
PB1|PP755595.1|A/cattle/Texas/24-008749-003/2024(H5N1)	1820	4719
PB1|PP755595.1|A/cattle/Texas/24-008749-003/2024(H5N1)	1821	4715
PB1|PP755595.1|A/cattle/Texas/24-008749-003/2024(H5N1)	1822	4663
PB1|PP755595.1|A/cattle/Texas/24-008749-003/2024(H5N1)	1823	4666
PB1|PP755595.1|A/cattle/Texas/24-008749-003/2024(H5N1)	1824	4611
PB1|PP755595.1|A/cattle/Texas/24-008749-003/2024(H5N1)	1825	4610
PB1|PP755595.1|A/cattle/Texas/24-008749-003/2024(H5N1)	1826	4619
PB1|PP755595.1|A/cattle/Texas/24-008749-003/2024(H5N1)	1827	4611
PB1|PP755595.1|A/cattle/Texas/24-008749-003/2024(H5N1)	1828	4586
PB1|PP755595.1|A/cattle/Texas/24-008749-003/2024(H5N1)	1829	4635
PB1|PP755595.1|A/cattle/Texas/24-008749-003/2024(H5N1)	1830	4589
PB1|PP755595.1|A/cattle/Texas/24-008749-003/2024(H5N1)	1831	4600
PB1|PP755595.1|A/cattle/Texas/24-008749-003/2024(H5N1)	1832	4604
PB1|PP755595.1|A/cattle/Texas/24-008749-003/2024(H5N1)	1833	4595
PB1|PP755595.1|A/cattle/Texas/24-008749-003/2024(H5N1)	1834	4512
PB1|PP755595.1|A/cattle/Texas/24-008749-003/2024(H5N1)	1835	4520
PB1|PP755595.1|A/cattle/Texas/24-008749-003/2024(H5N1)	1836	4519
PB1|PP755595.1|A/cattle/Texas/24-008749-003/2024(H5N1)	1837	4500
PB1|PP755595.1|A/cattle/Texas/24-008749-003/2024(H5N1)	1838	4435
PB1|PP755595.1|A/cattle/Texas/24-008749-003/2024(H5N1)	1839	4433
PB1|PP755595.1|A/cattle/Texas/24-008749-003/2024(H5N1)	1840	4443
PB1|PP755595.1|A/cattle/Texas/24-008749-003/2024(H5N1)	1841	4418
PB1|PP755595.1|A/cattle/Texas/24-008749-003/2024(H5N1)	1842	4423
PB1|PP755595.1|A/cattle/Texas/24-008749-003/2024(H5N1)	1843	4445
PB1|PP755595.1|A/cattle/Texas/24-008749-003/2024(H5N1)	1844	4449
PB1|PP755595.1|A/cattle/Texas/24-008749-003/2024(H5N1)	1845	4515
PB1|PP755595.1|A/cattle/Texas/24-008749-003/2024(H5N1)	1846	4513
PB1|PP755595.1|A/cattle/Texas/24-008749-003/2024(H5N1)	1847	4512
PB1|PP755595.1|A/cattle/Texas/24-008749-003/2024(H5N1)	1848	4492
PB1|PP755595.1|A/cattle/Texas/24-008749-003/2024(H5N1)	1849	4558
PB1|PP755595.1|A/cattle/Texas/24-008749-003/2024(H5N1)	1850	4781
PB1|PP755595.1|A/cattle/Texas/24-008749-003/2024(H5N1)	1851	4759
PB1|PP755595.1|A/cattle/Texas/24-008749-003/2024(H5N1)	1852	4736
PB1|PP755595.1|A/cattle/Texas/24-008749-003/2024(H5N1)	1853	4761
PB1|PP755595.1|A/cattle/Texas/24-008749-003/2024(H5N1)	1854	4752
PB1|PP755595.1|A/cattle/Texas/24-008749-003/2024(H5N1)	1855	4791
PB1|PP755595.1|A/cattle/Texas/24-008749-003/2024(H5N1)	1856	4763
PB1|PP755595.1|A/cattle/Texas/24-008749-003/2024(H5N1)	1857	4871
PB1|PP755595.1|A/cattle/Texas/24-008749-003/2024(H5N1)	1858	4813
PB1|PP755595.1|A/cattle/Texas/24-008749-003/2024(H5N1)	1859	4899
PB1|PP755595.1|A/cattle/Texas/24-008749-003/2024(H5N1)	1860	4904
PB1|PP755595.1|A/cattle/Texas/24-008749-003/2024(H5N1)	1861	4914
PB1|PP755595.1|A/cattle/Texas/24-008749-003/2024(H5N1)	1862	4863
PB1|PP755595.1|A/cattle/Texas/24-008749-003/2024(H5N1)	1863	4872
PB1|PP755595.1|A/cattle/Texas/24-008749-003/2024(H5N1)	1864	4830
PB1|PP755595.1|A/cattle/Texas/24-008749-003/2024(H5N1)	1865	4829
PB1|PP755595.1|A/cattle/Texas/24-008749-003/2024(H5N1)	1866	4707
PB1|PP755595.1|A/cattle/Texas/24-008749-003/2024(H5N1)	1867	4707
PB1|PP755595.1|A/cattle/Texas/24-008749-003/2024(H5N1)	1868	4706
PB1|PP755595.1|A/cattle/Texas/24-008749-003/2024(H5N1)	1869	4784
PB1|PP755595.1|A/cattle/Texas/24-008749-003/2024(H5N1)	1870	4782
PB1|PP755595.1|A/cattle/Texas/24-008749-003/2024(H5N1)	1871	4746
PB1|PP755595.1|A/cattle/Texas/24-008749-003/2024(H5N1)	1872	4800
PB1|PP755595.1|A/cattle/Texas/24-008749-003/2024(H5N1)	1873	4941
PB1|PP755595.1|A/cattle/Texas/24-008749-003/2024(H5N1)	1874	4964
PB1|PP755595.1|A/cattle/Texas/24-008749-003/2024(H5N1)	1875	4969
PB1|PP755595.1|A/cattle/Texas/24-008749-003/2024(H5N1)	1876	4959
PB1|PP755595.1|A/cattle/Texas/24-008749-003/2024(H5N1)	1877	4953
PB1|PP755595.1|A/cattle/Texas/24-008749-003/2024(H5N1)	1878	4930
PB1|PP755595.1|A/cattle/Texas/24-008749-003/2024(H5N1)	1879	4939
PB1|PP755595.1|A/cattle/Texas/24-008749-003/2024(H5N1)	1880	5083
PB1|PP755595.1|A/cattle/Texas/24-008749-003/2024(H5N1)	1881	5013
PB1|PP755595.1|A/cattle/Texas/24-008749-003/2024(H5N1)	1882	4988
PB1|PP755595.1|A/cattle/Texas/24-008749-003/2024(H5N1)	1883	4936
PB1|PP755595.1|A/cattle/Texas/24-008749-003/2024(H5N1)	1884	4944
PB1|PP755595.1|A/cattle/Texas/24-008749-003/2024(H5N1)	1885	4999
PB1|PP755595.1|A/cattle/Texas/24-008749-003/2024(H5N1)	1886	5001
PB1|PP755595.1|A/cattle/Texas/24-008749-003/2024(H5N1)	1887	4997
PB1|PP755595.1|A/cattle/Texas/24-008749-003/2024(H5N1)	1888	4973
PB1|PP755595.1|A/cattle/Texas/24-008749-003/2024(H5N1)	1889	4922
PB1|PP755595.1|A/cattle/Texas/24-008749-003/2024(H5N1)	1890	4919
PB1|PP755595.1|A/cattle/Texas/24-008749-003/2024(H5N1)	1891	4997
PB1|PP755595.1|A/cattle/Texas/24-008749-003/2024(H5N1)	1892	4847
PB1|PP755595.1|A/cattle/Texas/24-008749-003/2024(H5N1)	1893	4837
PB1|PP755595.1|A/cattle/Texas/24-008749-003/2024(H5N1)	1894	4839
PB1|PP755595.1|A/cattle/Texas/24-008749-003/2024(H5N1)	1895	4831
PB1|PP755595.1|A/cattle/Texas/24-008749-003/2024(H5N1)	1896	4835
PB1|PP755595.1|A/cattle/Texas/24-008749-003/2024(H5N1)	1897	4821
PB1|PP755595.1|A/cattle/Texas/24-008749-003/2024(H5N1)	1898	4824
PB1|PP755595.1|A/cattle/Texas/24-008749-003/2024(H5N1)	1899	4875
PB1|PP755595.1|A/cattle/Texas/24-008749-003/2024(H5N1)	1900	4867
PB1|PP755595.1|A/cattle/Texas/24-008749-003/2024(H5N1)	1901	4861
PB1|PP755595.1|A/cattle/Texas/24-008749-003/2024(H5N1)	1902	4845
PB1|PP755595.1|A/cattle/Texas/24-008749-003/2024(H5N1)	1903	4850
PB1|PP755595.1|A/cattle/Texas/24-008749-003/2024(H5N1)	1904	4955
PB1|PP755595.1|A/cattle/Texas/24-008749-003/2024(H5N1)	1905	4955
PB1|PP755595.1|A/cattle/Texas/24-008749-003/2024(H5N1)	1906	5118
PB1|PP755595.1|A/cattle/Texas/24-008749-003/2024(H5N1)	1907	5101
PB1|PP755595.1|A/cattle/Texas/24-008749-003/2024(H5N1)	1908	5021
PB1|PP755595.1|A/cattle/Texas/24-008749-003/2024(H5N1)	1909	5051
PB1|PP755595.1|A/cattle/Texas/24-008749-003/2024(H5N1)	1910	5049
PB1|PP755595.1|A/cattle/Texas/24-008749-003/2024(H5N1)	1911	5018
PB1|PP755595.1|A/cattle/Texas/24-008749-003/2024(H5N1)	1912	5025
PB1|PP755595.1|A/cattle/Texas/24-008749-003/2024(H5N1)	1913	4963
PB1|PP755595.1|A/cattle/Texas/24-008749-003/2024(H5N1)	1914	5026
PB1|PP755595.1|A/cattle/Texas/24-008749-003/2024(H5N1)	1915	4965
PB1|PP755595.1|A/cattle/Texas/24-008749-003/2024(H5N1)	1916	4897
PB1|PP755595.1|A/cattle/Texas/24-008749-003/2024(H5N1)	1917	4893
PB1|PP755595.1|A/cattle/Texas/24-008749-003/2024(H5N1)	1918	4914
PB1|PP755595.1|A/cattle/Texas/24-008749-003/2024(H5N1)	1919	4969
PB1|PP755595.1|A/cattle/Texas/24-008749-003/2024(H5N1)	1920	5053
PB1|PP755595.1|A/cattle/Texas/24-008749-003/2024(H5N1)	1921	5008
PB1|PP755595.1|A/cattle/Texas/24-008749-003/2024(H5N1)	1922	4992
PB1|PP755595.1|A/cattle/Texas/24-008749-003/2024(H5N1)	1923	5004
PB1|PP755595.1|A/cattle/Texas/24-008749-003/2024(H5N1)	1924	4932
PB1|PP755595.1|A/cattle/Texas/24-008749-003/2024(H5N1)	1925	5100
PB1|PP755595.1|A/cattle/Texas/24-008749-003/2024(H5N1)	1926	5103
PB1|PP755595.1|A/cattle/Texas/24-008749-003/2024(H5N1)	1927	5114
PB1|PP755595.1|A/cattle/Texas/24-008749-003/2024(H5N1)	1928	5108
PB1|PP755595.1|A/cattle/Texas/24-008749-003/2024(H5N1)	1929	4988
PB1|PP755595.1|A/cattle/Texas/24-008749-003/2024(H5N1)	1930	5016
PB1|PP755595.1|A/cattle/Texas/24-008749-003/2024(H5N1)	1931	5011
PB1|PP755595.1|A/cattle/Texas/24-008749-003/2024(H5N1)	1932	5067
PB1|PP755595.1|A/cattle/Texas/24-008749-003/2024(H5N1)	1933	5066
PB1|PP755595.1|A/cattle/Texas/24-008749-003/2024(H5N1)	1934	4867
PB1|PP755595.1|A/cattle/Texas/24-008749-003/2024(H5N1)	1935	4794
PB1|PP755595.1|A/cattle/Texas/24-008749-003/2024(H5N1)	1936	4738
PB1|PP755595.1|A/cattle/Texas/24-008749-003/2024(H5N1)	1937	4762
PB1|PP755595.1|A/cattle/Texas/24-008749-003/2024(H5N1)	1938	4764
PB1|PP755595.1|A/cattle/Texas/24-008749-003/2024(H5N1)	1939	4471
PB1|PP755595.1|A/cattle/Texas/24-008749-003/2024(H5N1)	1940	4458
PB1|PP755595.1|A/cattle/Texas/24-008749-003/2024(H5N1)	1941	4394
PB1|PP755595.1|A/cattle/Texas/24-008749-003/2024(H5N1)	1942	4413
PB1|PP755595.1|A/cattle/Texas/24-008749-003/2024(H5N1)	1943	4369
PB1|PP755595.1|A/cattle/Texas/24-008749-003/2024(H5N1)	1944	4362
PB1|PP755595.1|A/cattle/Texas/24-008749-003/2024(H5N1)	1945	4363
PB1|PP755595.1|A/cattle/Texas/24-008749-003/2024(H5N1)	1946	4321
PB1|PP755595.1|A/cattle/Texas/24-008749-003/2024(H5N1)	1947	4331
PB1|PP755595.1|A/cattle/Texas/24-008749-003/2024(H5N1)	1948	4328
PB1|PP755595.1|A/cattle/Texas/24-008749-003/2024(H5N1)	1949	4370
PB1|PP755595.1|A/cattle/Texas/24-008749-003/2024(H5N1)	1950	4364
PB1|PP755595.1|A/cattle/Texas/24-008749-003/2024(H5N1)	1951	4315
PB1|PP755595.1|A/cattle/Texas/24-008749-003/2024(H5N1)	1952	4275
PB1|PP755595.1|A/cattle/Texas/24-008749-003/2024(H5N1)	1953	4427
PB1|PP755595.1|A/cattle/Texas/24-008749-003/2024(H5N1)	1954	4538
PB1|PP755595.1|A/cattle/Texas/24-008749-003/2024(H5N1)	1955	4549
PB1|PP755595.1|A/cattle/Texas/24-008749-003/2024(H5N1)	1956	4570
PB1|PP755595.1|A/cattle/Texas/24-008749-003/2024(H5N1)	1957	4573
PB1|PP755595.1|A/cattle/Texas/24-008749-003/2024(H5N1)	1958	4518
PB1|PP755595.1|A/cattle/Texas/24-008749-003/2024(H5N1)	1959	4598
PB1|PP755595.1|A/cattle/Texas/24-008749-003/2024(H5N1)	1960	4616
PB1|PP755595.1|A/cattle/Texas/24-008749-003/2024(H5N1)	1961	4676
PB1|PP755595.1|A/cattle/Texas/24-008749-003/2024(H5N1)	1962	4500
PB1|PP755595.1|A/cattle/Texas/24-008749-003/2024(H5N1)	1963	4433
PB1|PP755595.1|A/cattle/Texas/24-008749-003/2024(H5N1)	1964	4431
PB1|PP755595.1|A/cattle/Texas/24-008749-003/2024(H5N1)	1965	4442
PB1|PP755595.1|A/cattle/Texas/24-008749-003/2024(H5N1)	1966	4577
PB1|PP755595.1|A/cattle/Texas/24-008749-003/2024(H5N1)	1967	4631
PB1|PP755595.1|A/cattle/Texas/24-008749-003/2024(H5N1)	1968	4696
PB1|PP755595.1|A/cattle/Texas/24-008749-003/2024(H5N1)	1969	4698
PB1|PP755595.1|A/cattle/Texas/24-008749-003/2024(H5N1)	1970	4657
PB1|PP755595.1|A/cattle/Texas/24-008749-003/2024(H5N1)	1971	4660
PB1|PP755595.1|A/cattle/Texas/24-008749-003/2024(H5N1)	1972	4627
PB1|PP755595.1|A/cattle/Texas/24-008749-003/2024(H5N1)	1973	4682
PB1|PP755595.1|A/cattle/Texas/24-008749-003/2024(H5N1)	1974	4675
PB1|PP755595.1|A/cattle/Texas/24-008749-003/2024(H5N1)	1975	4605
PB1|PP755595.1|A/cattle/Texas/24-008749-003/2024(H5N1)	1976	4567
PB1|PP755595.1|A/cattle/Texas/24-008749-003/2024(H5N1)	1977	4480
PB1|PP755595.1|A/cattle/Texas/24-008749-003/2024(H5N1)	1978	4509
PB1|PP755595.1|A/cattle/Texas/24-008749-003/2024(H5N1)	1979	4486
PB1|PP755595.1|A/cattle/Texas/24-008749-003/2024(H5N1)	1980	4508
PB1|PP755595.1|A/cattle/Texas/24-008749-003/2024(H5N1)	1981	4514
PB1|PP755595.1|A/cattle/Texas/24-008749-003/2024(H5N1)	1982	4524
PB1|PP755595.1|A/cattle/Texas/24-008749-003/2024(H5N1)	1983	4530
PB1|PP755595.1|A/cattle/Texas/24-008749-003/2024(H5N1)	1984	4521
PB1|PP755595.1|A/cattle/Texas/24-008749-003/2024(H5N1)	1985	4533
PB1|PP755595.1|A/cattle/Texas/24-008749-003/2024(H5N1)	1986	4530
PB1|PP755595.1|A/cattle/Texas/24-008749-003/2024(H5N1)	1987	4560
PB1|PP755595.1|A/cattle/Texas/24-008749-003/2024(H5N1)	1988	4565
PB1|PP755595.1|A/cattle/Texas/24-008749-003/2024(H5N1)	1989	4553
PB1|PP755595.1|A/cattle/Texas/24-008749-003/2024(H5N1)	1990	4552
PB1|PP755595.1|A/cattle/Texas/24-008749-003/2024(H5N1)	1991	4550
PB1|PP755595.1|A/cattle/Texas/24-008749-003/2024(H5N1)	1992	4762
PB1|PP755595.1|A/cattle/Texas/24-008749-003/2024(H5N1)	1993	4765
PB1|PP755595.1|A/cattle/Texas/24-008749-003/2024(H5N1)	1994	4758
PB1|PP755595.1|A/cattle/Texas/24-008749-003/2024(H5N1)	1995	4739
PB1|PP755595.1|A/cattle/Texas/24-008749-003/2024(H5N1)	1996	4735
PB1|PP755595.1|A/cattle/Texas/24-008749-003/2024(H5N1)	1997	4736
PB1|PP755595.1|A/cattle/Texas/24-008749-003/2024(H5N1)	1998	4736
PB1|PP755595.1|A/cattle/Texas/24-008749-003/2024(H5N1)	1999	4741
PB1|PP755595.1|A/cattle/Texas/24-008749-003/2024(H5N1)	2000	4738
PB1|PP755595.1|A/cattle/Texas/24-008749-003/2024(H5N1)	2001	4681
PB1|PP755595.1|A/cattle/Texas/24-008749-003/2024(H5N1)	2002	4716
PB1|PP755595.1|A/cattle/Texas/24-008749-003/2024(H5N1)	2003	4692
PB1|PP755595.1|A/cattle/Texas/24-008749-003/2024(H5N1)	2004	4695
PB1|PP755595.1|A/cattle/Texas/24-008749-003/2024(H5N1)	2005	4726
PB1|PP755595.1|A/cattle/Texas/24-008749-003/2024(H5N1)	2006	4685
PB1|PP755595.1|A/cattle/Texas/24-008749-003/2024(H5N1)	2007	4690
PB1|PP755595.1|A/cattle/Texas/24-008749-003/2024(H5N1)	2008	4640
PB1|PP755595.1|A/cattle/Texas/24-008749-003/2024(H5N1)	2009	4641
PB1|PP755595.1|A/cattle/Texas/24-008749-003/2024(H5N1)	2010	4587
PB1|PP755595.1|A/cattle/Texas/24-008749-003/2024(H5N1)	2011	4560
PB1|PP755595.1|A/cattle/Texas/24-008749-003/2024(H5N1)	2012	4654
PB1|PP755595.1|A/cattle/Texas/24-008749-003/2024(H5N1)	2013	4638
PB1|PP755595.1|A/cattle/Texas/24-008749-003/2024(H5N1)	2014	4627
PB1|PP755595.1|A/cattle/Texas/24-008749-003/2024(H5N1)	2015	4735
PB1|PP755595.1|A/cattle/Texas/24-008749-003/2024(H5N1)	2016	4734
PB1|PP755595.1|A/cattle/Texas/24-008749-003/2024(H5N1)	2017	4731
PB1|PP755595.1|A/cattle/Texas/24-008749-003/2024(H5N1)	2018	4637
PB1|PP755595.1|A/cattle/Texas/24-008749-003/2024(H5N1)	2019	4620
PB1|PP755595.1|A/cattle/Texas/24-008749-003/2024(H5N1)	2020	4707
PB1|PP755595.1|A/cattle/Texas/24-008749-003/2024(H5N1)	2021	4753
PB1|PP755595.1|A/cattle/Texas/24-008749-003/2024(H5N1)	2022	4827
PB1|PP755595.1|A/cattle/Texas/24-008749-003/2024(H5N1)	2023	4760
PB1|PP755595.1|A/cattle/Texas/24-008749-003/2024(H5N1)	2024	4605
PB1|PP755595.1|A/cattle/Texas/24-008749-003/2024(H5N1)	2025	4599
PB1|PP755595.1|A/cattle/Texas/24-008749-003/2024(H5N1)	2026	4638
PB1|PP755595.1|A/cattle/Texas/24-008749-003/2024(H5N1)	2027	4661
PB1|PP755595.1|A/cattle/Texas/24-008749-003/2024(H5N1)	2028	4668
PB1|PP755595.1|A/cattle/Texas/24-008749-003/2024(H5N1)	2029	4564
PB1|PP755595.1|A/cattle/Texas/24-008749-003/2024(H5N1)	2030	4509
PB1|PP755595.1|A/cattle/Texas/24-008749-003/2024(H5N1)	2031	4389
PB1|PP755595.1|A/cattle/Texas/24-008749-003/2024(H5N1)	2032	4420
PB1|PP755595.1|A/cattle/Texas/24-008749-003/2024(H5N1)	2033	4432
PB1|PP755595.1|A/cattle/Texas/24-008749-003/2024(H5N1)	2034	4439
PB1|PP755595.1|A/cattle/Texas/24-008749-003/2024(H5N1)	2035	4459
PB1|PP755595.1|A/cattle/Texas/24-008749-003/2024(H5N1)	2036	4403
PB1|PP755595.1|A/cattle/Texas/24-008749-003/2024(H5N1)	2037	4428
PB1|PP755595.1|A/cattle/Texas/24-008749-003/2024(H5N1)	2038	4428
PB1|PP755595.1|A/cattle/Texas/24-008749-003/2024(H5N1)	2039	4454
PB1|PP755595.1|A/cattle/Texas/24-008749-003/2024(H5N1)	2040	4466
PB1|PP755595.1|A/cattle/Texas/24-008749-003/2024(H5N1)	2041	4381
PB1|PP755595.1|A/cattle/Texas/24-008749-003/2024(H5N1)	2042	4356
PB1|PP755595.1|A/cattle/Texas/24-008749-003/2024(H5N1)	2043	4344
PB1|PP755595.1|A/cattle/Texas/24-008749-003/2024(H5N1)	2044	4348
PB1|PP755595.1|A/cattle/Texas/24-008749-003/2024(H5N1)	2045	4392
PB1|PP755595.1|A/cattle/Texas/24-008749-003/2024(H5N1)	2046	4427
PB1|PP755595.1|A/cattle/Texas/24-008749-003/2024(H5N1)	2047	4420
PB1|PP755595.1|A/cattle/Texas/24-008749-003/2024(H5N1)	2048	4373
PB1|PP755595.1|A/cattle/Texas/24-008749-003/2024(H5N1)	2049	4373
PB1|PP755595.1|A/cattle/Texas/24-008749-003/2024(H5N1)	2050	4360
PB1|PP755595.1|A/cattle/Texas/24-008749-003/2024(H5N1)	2051	4416
PB1|PP755595.1|A/cattle/Texas/24-008749-003/2024(H5N1)	2052	4414
PB1|PP755595.1|A/cattle/Texas/24-008749-003/2024(H5N1)	2053	4398
PB1|PP755595.1|A/cattle/Texas/24-008749-003/2024(H5N1)	2054	4392
PB1|PP755595.1|A/cattle/Texas/24-008749-003/2024(H5N1)	2055	4309
PB1|PP755595.1|A/cattle/Texas/24-008749-003/2024(H5N1)	2056	4345
PB1|PP755595.1|A/cattle/Texas/24-008749-003/2024(H5N1)	2057	4188
PB1|PP755595.1|A/cattle/Texas/24-008749-003/2024(H5N1)	2058	4186
PB1|PP755595.1|A/cattle/Texas/24-008749-003/2024(H5N1)	2059	4192
PB1|PP755595.1|A/cattle/Texas/24-008749-003/2024(H5N1)	2060	4158
PB1|PP755595.1|A/cattle/Texas/24-008749-003/2024(H5N1)	2061	4190
PB1|PP755595.1|A/cattle/Texas/24-008749-003/2024(H5N1)	2062	4530
PB1|PP755595.1|A/cattle/Texas/24-008749-003/2024(H5N1)	2063	4515
PB1|PP755595.1|A/cattle/Texas/24-008749-003/2024(H5N1)	2064	4516
PB1|PP755595.1|A/cattle/Texas/24-008749-003/2024(H5N1)	2065	4433
PB1|PP755595.1|A/cattle/Texas/24-008749-003/2024(H5N1)	2066	4412
PB1|PP755595.1|A/cattle/Texas/24-008749-003/2024(H5N1)	2067	4442
PB1|PP755595.1|A/cattle/Texas/24-008749-003/2024(H5N1)	2068	4416
PB1|PP755595.1|A/cattle/Texas/24-008749-003/2024(H5N1)	2069	4424
PB1|PP755595.1|A/cattle/Texas/24-008749-003/2024(H5N1)	2070	4369
PB1|PP755595.1|A/cattle/Texas/24-008749-003/2024(H5N1)	2071	4294
PB1|PP755595.1|A/cattle/Texas/24-008749-003/2024(H5N1)	2072	4283
PB1|PP755595.1|A/cattle/Texas/24-008749-003/2024(H5N1)	2073	4298
PB1|PP755595.1|A/cattle/Texas/24-008749-003/2024(H5N1)	2074	4331
PB1|PP755595.1|A/cattle/Texas/24-008749-003/2024(H5N1)	2075	4320
PB1|PP755595.1|A/cattle/Texas/24-008749-003/2024(H5N1)	2076	4140
PB1|PP755595.1|A/cattle/Texas/24-008749-003/2024(H5N1)	2077	4096
PB1|PP755595.1|A/cattle/Texas/24-008749-003/2024(H5N1)	2078	4102
PB1|PP755595.1|A/cattle/Texas/24-008749-003/2024(H5N1)	2079	4112
PB1|PP755595.1|A/cattle/Texas/24-008749-003/2024(H5N1)	2080	4110
PB1|PP755595.1|A/cattle/Texas/24-008749-003/2024(H5N1)	2081	4085
PB1|PP755595.1|A/cattle/Texas/24-008749-003/2024(H5N1)	2082	4058
PB1|PP755595.1|A/cattle/Texas/24-008749-003/2024(H5N1)	2083	4000
PB1|PP755595.1|A/cattle/Texas/24-008749-003/2024(H5N1)	2084	4046
PB1|PP755595.1|A/cattle/Texas/24-008749-003/2024(H5N1)	2085	4089
PB1|PP755595.1|A/cattle/Texas/24-008749-003/2024(H5N1)	2086	4094
PB1|PP755595.1|A/cattle/Texas/24-008749-003/2024(H5N1)	2087	4101
PB1|PP755595.1|A/cattle/Texas/24-008749-003/2024(H5N1)	2088	4161
PB1|PP755595.1|A/cattle/Texas/24-008749-003/2024(H5N1)	2089	4165
PB1|PP755595.1|A/cattle/Texas/24-008749-003/2024(H5N1)	2090	4170
PB1|PP755595.1|A/cattle/Texas/24-008749-003/2024(H5N1)	2091	4170
PB1|PP755595.1|A/cattle/Texas/24-008749-003/2024(H5N1)	2092	4165
PB1|PP755595.1|A/cattle/Texas/24-008749-003/2024(H5N1)	2093	4204
PB1|PP755595.1|A/cattle/Texas/24-008749-003/2024(H5N1)	2094	4189
PB1|PP755595.1|A/cattle/Texas/24-008749-003/2024(H5N1)	2095	4186
PB1|PP755595.1|A/cattle/Texas/24-008749-003/2024(H5N1)	2096	4242
PB1|PP755595.1|A/cattle/Texas/24-008749-003/2024(H5N1)	2097	4252
PB1|PP755595.1|A/cattle/Texas/24-008749-003/2024(H5N1)	2098	4297
PB1|PP755595.1|A/cattle/Texas/24-008749-003/2024(H5N1)	2099	4313
PB1|PP755595.1|A/cattle/Texas/24-008749-003/2024(H5N1)	2100	4290
PB1|PP755595.1|A/cattle/Texas/24-008749-003/2024(H5N1)	2101	4287
PB1|PP755595.1|A/cattle/Texas/24-008749-003/2024(H5N1)	2102	4158
PB1|PP755595.1|A/cattle/Texas/24-008749-003/2024(H5N1)	2103	4163
PB1|PP755595.1|A/cattle/Texas/24-008749-003/2024(H5N1)	2104	4169
PB1|PP755595.1|A/cattle/Texas/24-008749-003/2024(H5N1)	2105	4063
PB1|PP755595.1|A/cattle/Texas/24-008749-003/2024(H5N1)	2106	4341
PB1|PP755595.1|A/cattle/Texas/24-008749-003/2024(H5N1)	2107	4337
PB1|PP755595.1|A/cattle/Texas/24-008749-003/2024(H5N1)	2108	4361
PB1|PP755595.1|A/cattle/Texas/24-008749-003/2024(H5N1)	2109	4394
PB1|PP755595.1|A/cattle/Texas/24-008749-003/2024(H5N1)	2110	4378
PB1|PP755595.1|A/cattle/Texas/24-008749-003/2024(H5N1)	2111	4319
PB1|PP755595.1|A/cattle/Texas/24-008749-003/2024(H5N1)	2112	4354
PB1|PP755595.1|A/cattle/Texas/24-008749-003/2024(H5N1)	2113	4378
PB1|PP755595.1|A/cattle/Texas/24-008749-003/2024(H5N1)	2114	4352
PB1|PP755595.1|A/cattle/Texas/24-008749-003/2024(H5N1)	2115	4345
PB1|PP755595.1|A/cattle/Texas/24-008749-003/2024(H5N1)	2116	4267
PB1|PP755595.1|A/cattle/Texas/24-008749-003/2024(H5N1)	2117	4160
PB1|PP755595.1|A/cattle/Texas/24-008749-003/2024(H5N1)	2118	4257
PB1|PP755595.1|A/cattle/Texas/24-008749-003/2024(H5N1)	2119	4005
PB1|PP755595.1|A/cattle/Texas/24-008749-003/2024(H5N1)	2120	4001
PB1|PP755595.1|A/cattle/Texas/24-008749-003/2024(H5N1)	2121	3964
PB1|PP755595.1|A/cattle/Texas/24-008749-003/2024(H5N1)	2122	4002
PB1|PP755595.1|A/cattle/Texas/24-008749-003/2024(H5N1)	2123	3980
PB1|PP755595.1|A/cattle/Texas/24-008749-003/2024(H5N1)	2124	3956
PB1|PP755595.1|A/cattle/Texas/24-008749-003/2024(H5N1)	2125	4007
PB1|PP755595.1|A/cattle/Texas/24-008749-003/2024(H5N1)	2126	4008
PB1|PP755595.1|A/cattle/Texas/24-008749-003/2024(H5N1)	2127	4015
PB1|PP755595.1|A/cattle/Texas/24-008749-003/2024(H5N1)	2128	4010
PB1|PP755595.1|A/cattle/Texas/24-008749-003/2024(H5N1)	2129	3985
PB1|PP755595.1|A/cattle/Texas/24-008749-003/2024(H5N1)	2130	4004
PB1|PP755595.1|A/cattle/Texas/24-008749-003/2024(H5N1)	2131	4002
PB1|PP755595.1|A/cattle/Texas/24-008749-003/2024(H5N1)	2132	3990
PB1|PP755595.1|A/cattle/Texas/24-008749-003/2024(H5N1)	2133	3973
PB1|PP755595.1|A/cattle/Texas/24-008749-003/2024(H5N1)	2134	4104
PB1|PP755595.1|A/cattle/Texas/24-008749-003/2024(H5N1)	2135	4104
PB1|PP755595.1|A/cattle/Texas/24-008749-003/2024(H5N1)	2136	4105
PB1|PP755595.1|A/cattle/Texas/24-008749-003/2024(H5N1)	2137	4092
PB1|PP755595.1|A/cattle/Texas/24-008749-003/2024(H5N1)	2138	4064
PB1|PP755595.1|A/cattle/Texas/24-008749-003/2024(H5N1)	2139	4067
PB1|PP755595.1|A/cattle/Texas/24-008749-003/2024(H5N1)	2140	4399
PB1|PP755595.1|A/cattle/Texas/24-008749-003/2024(H5N1)	2141	4409
PB1|PP755595.1|A/cattle/Texas/24-008749-003/2024(H5N1)	2142	4420
PB1|PP755595.1|A/cattle/Texas/24-008749-003/2024(H5N1)	2143	4254
PB1|PP755595.1|A/cattle/Texas/24-008749-003/2024(H5N1)	2144	4250
PB1|PP755595.1|A/cattle/Texas/24-008749-003/2024(H5N1)	2145	4240
PB1|PP755595.1|A/cattle/Texas/24-008749-003/2024(H5N1)	2146	4250
PB1|PP755595.1|A/cattle/Texas/24-008749-003/2024(H5N1)	2147	4196
PB1|PP755595.1|A/cattle/Texas/24-008749-003/2024(H5N1)	2148	4206
PB1|PP755595.1|A/cattle/Texas/24-008749-003/2024(H5N1)	2149	4206
PB1|PP755595.1|A/cattle/Texas/24-008749-003/2024(H5N1)	2150	4190
PB1|PP755595.1|A/cattle/Texas/24-008749-003/2024(H5N1)	2151	4082
PB1|PP755595.1|A/cattle/Texas/24-008749-003/2024(H5N1)	2152	3931
PB1|PP755595.1|A/cattle/Texas/24-008749-003/2024(H5N1)	2153	3905
PB1|PP755595.1|A/cattle/Texas/24-008749-003/2024(H5N1)	2154	3923
PB1|PP755595.1|A/cattle/Texas/24-008749-003/2024(H5N1)	2155	3927
PB1|PP755595.1|A/cattle/Texas/24-008749-003/2024(H5N1)	2156	3924
PB1|PP755595.1|A/cattle/Texas/24-008749-003/2024(H5N1)	2157	3874
PB1|PP755595.1|A/cattle/Texas/24-008749-003/2024(H5N1)	2158	3868
PB1|PP755595.1|A/cattle/Texas/24-008749-003/2024(H5N1)	2159	3856
PB1|PP755595.1|A/cattle/Texas/24-008749-003/2024(H5N1)	2160	3837
PB1|PP755595.1|A/cattle/Texas/24-008749-003/2024(H5N1)	2161	3819
PB1|PP755595.1|A/cattle/Texas/24-008749-003/2024(H5N1)	2162	3819
PB1|PP755595.1|A/cattle/Texas/24-008749-003/2024(H5N1)	2163	3774
PB1|PP755595.1|A/cattle/Texas/24-008749-003/2024(H5N1)	2164	3767
PB1|PP755595.1|A/cattle/Texas/24-008749-003/2024(H5N1)	2165	3640
PB1|PP755595.1|A/cattle/Texas/24-008749-003/2024(H5N1)	2166	4157
PB1|PP755595.1|A/cattle/Texas/24-008749-003/2024(H5N1)	2167	4267
PB1|PP755595.1|A/cattle/Texas/24-008749-003/2024(H5N1)	2168	4273
PB1|PP755595.1|A/cattle/Texas/24-008749-003/2024(H5N1)	2169	4408
PB1|PP755595.1|A/cattle/Texas/24-008749-003/2024(H5N1)	2170	4411
PB1|PP755595.1|A/cattle/Texas/24-008749-003/2024(H5N1)	2171	4440
PB1|PP755595.1|A/cattle/Texas/24-008749-003/2024(H5N1)	2172	4388
PB1|PP755595.1|A/cattle/Texas/24-008749-003/2024(H5N1)	2173	4300
PB1|PP755595.1|A/cattle/Texas/24-008749-003/2024(H5N1)	2174	4287
PB1|PP755595.1|A/cattle/Texas/24-008749-003/2024(H5N1)	2175	4291
PB1|PP755595.1|A/cattle/Texas/24-008749-003/2024(H5N1)	2176	4291
PB1|PP755595.1|A/cattle/Texas/24-008749-003/2024(H5N1)	2177	4237
PB1|PP755595.1|A/cattle/Texas/24-008749-003/2024(H5N1)	2178	4231
PB1|PP755595.1|A/cattle/Texas/24-008749-003/2024(H5N1)	2179	4248
PB1|PP755595.1|A/cattle/Texas/24-008749-003/2024(H5N1)	2180	4239
PB1|PP755595.1|A/cattle/Texas/24-008749-003/2024(H5N1)	2181	4238
PB1|PP755595.1|A/cattle/Texas/24-008749-003/2024(H5N1)	2182	4235
PB1|PP755595.1|A/cattle/Texas/24-008749-003/2024(H5N1)	2183	4201
PB1|PP755595.1|A/cattle/Texas/24-008749-003/2024(H5N1)	2184	4189
PB1|PP755595.1|A/cattle/Texas/24-008749-003/2024(H5N1)	2185	4187
PB1|PP755595.1|A/cattle/Texas/24-008749-003/2024(H5N1)	2186	4161
PB1|PP755595.1|A/cattle/Texas/24-008749-003/2024(H5N1)	2187	4161
PB1|PP755595.1|A/cattle/Texas/24-008749-003/2024(H5N1)	2188	4132
PB1|PP755595.1|A/cattle/Texas/24-008749-003/2024(H5N1)	2189	4132
PB1|PP755595.1|A/cattle/Texas/24-008749-003/2024(H5N1)	2190	4090
PB1|PP755595.1|A/cattle/Texas/24-008749-003/2024(H5N1)	2191	4090
PB1|PP755595.1|A/cattle/Texas/24-008749-003/2024(H5N1)	2192	4097
PB1|PP755595.1|A/cattle/Texas/24-008749-003/2024(H5N1)	2193	4095
PB1|PP755595.1|A/cattle/Texas/24-008749-003/2024(H5N1)	2194	4078
PB1|PP755595.1|A/cattle/Texas/24-008749-003/2024(H5N1)	2195	4040
PB1|PP755595.1|A/cattle/Texas/24-008749-003/2024(H5N1)	2196	4001
PB1|PP755595.1|A/cattle/Texas/24-008749-003/2024(H5N1)	2197	4001
PB1|PP755595.1|A/cattle/Texas/24-008749-003/2024(H5N1)	2198	4004
PB1|PP755595.1|A/cattle/Texas/24-008749-003/2024(H5N1)	2199	4004
PB1|PP755595.1|A/cattle/Texas/24-008749-003/2024(H5N1)	2200	4006
PB1|PP755595.1|A/cattle/Texas/24-008749-003/2024(H5N1)	2201	3937
PB1|PP755595.1|A/cattle/Texas/24-008749-003/2024(H5N1)	2202	3974
PB1|PP755595.1|A/cattle/Texas/24-008749-003/2024(H5N1)	2203	3974
PB1|PP755595.1|A/cattle/Texas/24-008749-003/2024(H5N1)	2204	3971
PB1|PP755595.1|A/cattle/Texas/24-008749-003/2024(H5N1)	2205	3968
PB1|PP755595.1|A/cattle/Texas/24-008749-003/2024(H5N1)	2206	3948
PB1|PP755595.1|A/cattle/Texas/24-008749-003/2024(H5N1)	2207	3912
PB1|PP755595.1|A/cattle/Texas/24-008749-003/2024(H5N1)	2208	3913
PB1|PP755595.1|A/cattle/Texas/24-008749-003/2024(H5N1)	2209	3911
PB1|PP755595.1|A/cattle/Texas/24-008749-003/2024(H5N1)	2210	3879
PB1|PP755595.1|A/cattle/Texas/24-008749-003/2024(H5N1)	2211	3538
PB1|PP755595.1|A/cattle/Texas/24-008749-003/2024(H5N1)	2212	3502
PB1|PP755595.1|A/cattle/Texas/24-008749-003/2024(H5N1)	2213	3489
PB1|PP755595.1|A/cattle/Texas/24-008749-003/2024(H5N1)	2214	3491
PB1|PP755595.1|A/cattle/Texas/24-008749-003/2024(H5N1)	2215	3493
PB1|PP755595.1|A/cattle/Texas/24-008749-003/2024(H5N1)	2216	3444
PB1|PP755595.1|A/cattle/Texas/24-008749-003/2024(H5N1)	2217	3435
PB1|PP755595.1|A/cattle/Texas/24-008749-003/2024(H5N1)	2218	3391
PB1|PP755595.1|A/cattle/Texas/24-008749-003/2024(H5N1)	2219	3387
PB1|PP755595.1|A/cattle/Texas/24-008749-003/2024(H5N1)	2220	3372
PB1|PP755595.1|A/cattle/Texas/24-008749-003/2024(H5N1)	2221	3362
PB1|PP755595.1|A/cattle/Texas/24-008749-003/2024(H5N1)	2222	3346
PB1|PP755595.1|A/cattle/Texas/24-008749-003/2024(H5N1)	2223	3331
PB1|PP755595.1|A/cattle/Texas/24-008749-003/2024(H5N1)	2224	3332
PB1|PP755595.1|A/cattle/Texas/24-008749-003/2024(H5N1)	2225	3222
PB1|PP755595.1|A/cattle/Texas/24-008749-003/2024(H5N1)	2226	3219
PB1|PP755595.1|A/cattle/Texas/24-008749-003/2024(H5N1)	2227	3214
PB1|PP755595.1|A/cattle/Texas/24-008749-003/2024(H5N1)	2228	3208
PB1|PP755595.1|A/cattle/Texas/24-008749-003/2024(H5N1)	2229	3200
PB1|PP755595.1|A/cattle/Texas/24-008749-003/2024(H5N1)	2230	3192
PB1|PP755595.1|A/cattle/Texas/24-008749-003/2024(H5N1)	2231	3190
PB1|PP755595.1|A/cattle/Texas/24-008749-003/2024(H5N1)	2232	3188
PB1|PP755595.1|A/cattle/Texas/24-008749-003/2024(H5N1)	2233	3183
PB1|PP755595.1|A/cattle/Texas/24-008749-003/2024(H5N1)	2234	3174
PB1|PP755595.1|A/cattle/Texas/24-008749-003/2024(H5N1)	2235	3126
PB1|PP755595.1|A/cattle/Texas/24-008749-003/2024(H5N1)	2236	3096
PB1|PP755595.1|A/cattle/Texas/24-008749-003/2024(H5N1)	2237	3085
PB1|PP755595.1|A/cattle/Texas/24-008749-003/2024(H5N1)	2238	3060
PB1|PP755595.1|A/cattle/Texas/24-008749-003/2024(H5N1)	2239	2972
PB1|PP755595.1|A/cattle/Texas/24-008749-003/2024(H5N1)	2240	2975
PB1|PP755595.1|A/cattle/Texas/24-008749-003/2024(H5N1)	2241	2971
PB1|PP755595.1|A/cattle/Texas/24-008749-003/2024(H5N1)	2242	2971
PB1|PP755595.1|A/cattle/Texas/24-008749-003/2024(H5N1)	2243	2969
PB1|PP755595.1|A/cattle/Texas/24-008749-003/2024(H5N1)	2244	2863
PB1|PP755595.1|A/cattle/Texas/24-008749-003/2024(H5N1)	2245	2855
PB1|PP755595.1|A/cattle/Texas/24-008749-003/2024(H5N1)	2246	2855
PB1|PP755595.1|A/cattle/Texas/24-008749-003/2024(H5N1)	2247	2788
PB1|PP755595.1|A/cattle/Texas/24-008749-003/2024(H5N1)	2248	2773
PB1|PP755595.1|A/cattle/Texas/24-008749-003/2024(H5N1)	2249	2707
PB1|PP755595.1|A/cattle/Texas/24-008749-003/2024(H5N1)	2250	2691
PB1|PP755595.1|A/cattle/Texas/24-008749-003/2024(H5N1)	2251	2676
PB1|PP755595.1|A/cattle/Texas/24-008749-003/2024(H5N1)	2252	2673
PB1|PP755595.1|A/cattle/Texas/24-008749-003/2024(H5N1)	2253	2673
PB1|PP755595.1|A/cattle/Texas/24-008749-003/2024(H5N1)	2254	2671
PB1|PP755595.1|A/cattle/Texas/24-008749-003/2024(H5N1)	2255	2367
PB1|PP755595.1|A/cattle/Texas/24-008749-003/2024(H5N1)	2256	2365
PB1|PP755595.1|A/cattle/Texas/24-008749-003/2024(H5N1)	2257	2312
PB1|PP755595.1|A/cattle/Texas/24-008749-003/2024(H5N1)	2258	2281
PB1|PP755595.1|A/cattle/Texas/24-008749-003/2024(H5N1)	2259	2276
PB1|PP755595.1|A/cattle/Texas/24-008749-003/2024(H5N1)	2260	2240
PB1|PP755595.1|A/cattle/Texas/24-008749-003/2024(H5N1)	2261	2196
PB1|PP755595.1|A/cattle/Texas/24-008749-003/2024(H5N1)	2262	2195
PB1|PP755595.1|A/cattle/Texas/24-008749-003/2024(H5N1)	2263	2161
PB1|PP755595.1|A/cattle/Texas/24-008749-003/2024(H5N1)	2264	2141
PB1|PP755595.1|A/cattle/Texas/24-008749-003/2024(H5N1)	2265	2002
PB1|PP755595.1|A/cattle/Texas/24-008749-003/2024(H5N1)	2266	1990
PB1|PP755595.1|A/cattle/Texas/24-008749-003/2024(H5N1)	2267	1986
PB1|PP755595.1|A/cattle/Texas/24-008749-003/2024(H5N1)	2268	1986
PB1|PP755595.1|A/cattle/Texas/24-008749-003/2024(H5N1)	2269	1982
PB1|PP755595.1|A/cattle/Texas/24-008749-003/2024(H5N1)	2270	1972
PB1|PP755595.1|A/cattle/Texas/24-008749-003/2024(H5N1)	2271	1971
PB1|PP755595.1|A/cattle/Texas/24-008749-003/2024(H5N1)	2272	1936
PB1|PP755595.1|A/cattle/Texas/24-008749-003/2024(H5N1)	2273	1918
PB1|PP755595.1|A/cattle/Texas/24-008749-003/2024(H5N1)	2274	1916
