MP|PP755590.1|A/cattle/Texas/24-008749-003/2024(H5N1)	1	4000
MP|PP755590.1|A/cattle/Texas/24-008749-003/2024(H5N1)	2	4089
MP|PP755590.1|A/cattle/Texas/24-008749-003/2024(H5N1)	3	4097
MP|PP755590.1|A/cattle/Texas/24-008749-003/2024(H5N1)	4	4115
MP|PP755590.1|A/cattle/Texas/24-008749-003/2024(H5N1)	5	4395
MP|PP755590.1|A/cattle/Texas/24-008749-003/2024(H5N1)	6	4531
MP|PP755590.1|A/cattle/Texas/24-008749-003/2024(H5N1)	7	4921
MP|PP755590.1|A/cattle/Texas/24-008749-003/2024(H5N1)	8	5049
MP|PP755590.1|A/cattle/Texas/24-008749-003/2024(H5N1)	9	5100
MP|PP755590.1|A/cattle/Texas/24-008749-003/2024(H5N1)	10	5103
MP|PP755590.1|A/cattle/Texas/24-008749-003/2024(H5N1)	11	5135
MP|PP755590.1|A/cattle/Texas/24-008749-003/2024(H5N1)	12	5178
MP|PP755590.1|A/cattle/Texas/24-008749-003/2024(H5N1)	13	5217
MP|PP755590.1|A/cattle/Texas/24-008749-003/2024(H5N1)	14	5219
MP|PP755590.1|A/cattle/Texas/24-008749-003/2024(H5N1)	15	5221
MP|PP755590.1|A/cattle/Texas/24-008749-003/2024(H5N1)	16	5223
MP|PP755590.1|A/cattle/Texas/24-008749-003/2024(H5N1)	17	5247
MP|PP755590.1|A/cattle/Texas/24-008749-003/2024(H5N1)	18	5302
MP|PP755590.1|A/cattle/Texas/24-008749-003/2024(H5N1)	19	5527
MP|PP755590.1|A/cattle/Texas/24-008749-003/2024(H5N1)	20	5532
MP|PP755590.1|A/cattle/Texas/24-008749-003/2024(H5N1)	21	5538
MP|PP755590.1|A/cattle/Texas/24-008749-003/2024(H5N1)	22	5542
MP|PP755590.1|A/cattle/Texas/24-008749-003/2024(H5N1)	23	5709
MP|PP755590.1|A/cattle/Texas/24-008749-003/2024(H5N1)	24	5723
MP|PP755590.1|A/cattle/Texas/24-008749-003/2024(H5N1)	25	5741
MP|PP755590.1|A/cattle/Texas/24-008749-003/2024(H5N1)	26	5964
MP|PP755590.1|A/cattle/Texas/24-008749-003/2024(H5N1)	27	5995
MP|PP755590.1|A/cattle/Texas/24-008749-003/2024(H5N1)	28	6034
MP|PP755590.1|A/cattle/Texas/24-008749-003/2024(H5N1)	29	6049
MP|PP755590.1|A/cattle/Texas/24-008749-003/2024(H5N1)	30	6111
MP|PP755590.1|A/cattle/Texas/24-008749-003/2024(H5N1)	31	6142
MP|PP755590.1|A/cattle/Texas/24-008749-003/2024(H5N1)	32	6160
MP|PP755590.1|A/cattle/Texas/24-008749-003/2024(H5N1)	33	6345
MP|PP755590.1|A/cattle/Texas/24-008749-003/2024(H5N1)	34	6470
MP|PP755590.1|A/cattle/Texas/24-008749-003/2024(H5N1)	35	6467
MP|PP755590.1|A/cattle/Texas/24-008749-003/2024(H5N1)	36	6645
MP|PP755590.1|A/cattle/Texas/24-008749-003/2024(H5N1)	37	6645
MP|PP755590.1|A/cattle/Texas/24-008749-003/2024(H5N1)	38	6904
MP|PP755590.1|A/cattle/Texas/24-008749-003/2024(H5N1)	39	6917
MP|PP755590.1|A/cattle/Texas/24-008749-003/2024(H5N1)	40	6979
MP|PP755590.1|A/cattle/Texas/24-008749-003/2024(H5N1)	41	6980
MP|PP755590.1|A/cattle/Texas/24-008749-003/2024(H5N1)	42	7022
MP|PP755590.1|A/cattle/Texas/24-008749-003/2024(H5N1)	43	7026
MP|PP755590.1|A/cattle/Texas/24-008749-003/2024(H5N1)	44	7029
MP|PP755590.1|A/cattle/Texas/24-008749-003/2024(H5N1)	45	7068
MP|PP755590.1|A/cattle/Texas/24-008749-003/2024(H5N1)	46	7140
MP|PP755590.1|A/cattle/Texas/24-008749-003/2024(H5N1)	47	7396
MP|PP755590.1|A/cattle/Texas/24-008749-003/2024(H5N1)	48	7441
MP|PP755590.1|A/cattle/Texas/24-008749-003/2024(H5N1)	49	7446
MP|PP755590.1|A/cattle/Texas/24-008749-003/2024(H5N1)	50	7449
MP|PP755590.1|A/cattle/Texas/24-008749-003/2024(H5N1)	51	7448
MP|PP755590.1|A/cattle/Texas/24-008749-003/2024(H5N1)	52	7540
MP|PP755590.1|A/cattle/Texas/24-008749-003/2024(H5N1)	53	7758
MP|PP755590.1|A/cattle/Texas/24-008749-003/2024(H5N1)	54	7763
MP|PP755590.1|A/cattle/Texas/24-008749-003/2024(H5N1)	55	7766
MP|PP755590.1|A/cattle/Texas/24-008749-003/2024(H5N1)	56	7841
MP|PP755590.1|A/cattle/Texas/24-008749-003/2024(H5N1)	57	8308
MP|PP755590.1|A/cattle/Texas/24-008749-003/2024(H5N1)	58	8331
MP|PP755590.1|A/cattle/Texas/24-008749-003/2024(H5N1)	59	8409
MP|PP755590.1|A/cattle/Texas/24-008749-003/2024(H5N1)	60	8416
MP|PP755590.1|A/cattle/Texas/24-008749-003/2024(H5N1)	61	8497
MP|PP755590.1|A/cattle/Texas/24-008749-003/2024(H5N1)	62	8505
MP|PP755590.1|A/cattle/Texas/24-008749-003/2024(H5N1)	63	8615
MP|PP755590.1|A/cattle/Texas/24-008749-003/2024(H5N1)	64	8650
MP|PP755590.1|A/cattle/Texas/24-008749-003/2024(H5N1)	65	8709
MP|PP755590.1|A/cattle/Texas/24-008749-003/2024(H5N1)	66	8669
MP|PP755590.1|A/cattle/Texas/24-008749-003/2024(H5N1)	67	8673
MP|PP755590.1|A/cattle/Texas/24-008749-003/2024(H5N1)	68	8711
MP|PP755590.1|A/cattle/Texas/24-008749-003/2024(H5N1)	69	8718
MP|PP755590.1|A/cattle/Texas/24-008749-003/2024(H5N1)	70	8969
MP|PP755590.1|A/cattle/Texas/24-008749-003/2024(H5N1)	71	8975
MP|PP755590.1|A/cattle/Texas/24-008749-003/2024(H5N1)	72	8977
MP|PP755590.1|A/cattle/Texas/24-008749-003/2024(H5N1)	73	9025
MP|PP755590.1|A/cattle/Texas/24-008749-003/2024(H5N1)	74	9082
MP|PP755590.1|A/cattle/Texas/24-008749-003/2024(H5N1)	75	9084
MP|PP755590.1|A/cattle/Texas/24-008749-003/2024(H5N1)	76	9241
MP|PP755590.1|A/cattle/Texas/24-008749-003/2024(H5N1)	77	9241
MP|PP755590.1|A/cattle/Texas/24-008749-003/2024(H5N1)	78	9264
MP|PP755590.1|A/cattle/Texas/24-008749-003/2024(H5N1)	79	9517
MP|PP755590.1|A/cattle/Texas/24-008749-003/2024(H5N1)	80	10077
MP|PP755590.1|A/cattle/Texas/24-008749-003/2024(H5N1)	81	10101
MP|PP755590.1|A/cattle/Texas/24-008749-003/2024(H5N1)	82	10211
MP|PP755590.1|A/cattle/Texas/24-008749-003/2024(H5N1)	83	10347
MP|PP755590.1|A/cattle/Texas/24-008749-003/2024(H5N1)	84	10394
MP|PP755590.1|A/cattle/Texas/24-008749-003/2024(H5N1)	85	10516
MP|PP755590.1|A/cattle/Texas/24-008749-003/2024(H5N1)	86	10545
MP|PP755590.1|A/cattle/Texas/24-008749-003/2024(H5N1)	87	10547
MP|PP755590.1|A/cattle/Texas/24-008749-003/2024(H5N1)	88	10552
MP|PP755590.1|A/cattle/Texas/24-008749-003/2024(H5N1)	89	10463
MP|PP755590.1|A/cattle/Texas/24-008749-003/2024(H5N1)	90	10518
MP|PP755590.1|A/cattle/Texas/24-008749-003/2024(H5N1)	91	10524
MP|PP755590.1|A/cattle/Texas/24-008749-003/2024(H5N1)	92	10579
MP|PP755590.1|A/cattle/Texas/24-008749-003/2024(H5N1)	93	10595
MP|PP755590.1|A/cattle/Texas/24-008749-003/2024(H5N1)	94	10561
MP|PP755590.1|A/cattle/Texas/24-008749-003/2024(H5N1)	95	10598
MP|PP755590.1|A/cattle/Texas/24-008749-003/2024(H5N1)	96	10743
MP|PP755590.1|A/cattle/Texas/24-008749-003/2024(H5N1)	97	10766
MP|PP755590.1|A/cattle/Texas/24-008749-003/2024(H5N1)	98	10782
MP|PP755590.1|A/cattle/Texas/24-008749-003/2024(H5N1)	99	10765
MP|PP755590.1|A/cattle/Texas/24-008749-003/2024(H5N1)	100	10912
MP|PP755590.1|A/cattle/Texas/24-008749-003/2024(H5N1)	101	10938
MP|PP755590.1|A/cattle/Texas/24-008749-003/2024(H5N1)	102	11138
MP|PP755590.1|A/cattle/Texas/24-008749-003/2024(H5N1)	103	11155
MP|PP755590.1|A/cattle/Texas/24-008749-003/2024(H5N1)	104	11169
MP|PP755590.1|A/cattle/Texas/24-008749-003/2024(H5N1)	105	11244
MP|PP755590.1|A/cattle/Texas/24-008749-003/2024(H5N1)	106	11302
MP|PP755590.1|A/cattle/Texas/24-008749-003/2024(H5N1)	107	11327
MP|PP755590.1|A/cattle/Texas/24-008749-003/2024(H5N1)	108	11389
MP|PP755590.1|A/cattle/Texas/24-008749-003/2024(H5N1)	109	11347
MP|PP755590.1|A/cattle/Texas/24-008749-003/2024(H5N1)	110	11421
MP|PP755590.1|A/cattle/Texas/24-008749-003/2024(H5N1)	111	11327
MP|PP755590.1|A/cattle/Texas/24-008749-003/2024(H5N1)	112	11346
MP|PP755590.1|A/cattle/Texas/24-008749-003/2024(H5N1)	113	11627
MP|PP755590.1|A/cattle/Texas/24-008749-003/2024(H5N1)	114	11650
MP|PP755590.1|A/cattle/Texas/24-008749-003/2024(H5N1)	115	11724
MP|PP755590.1|A/cattle/Texas/24-008749-003/2024(H5N1)	116	11716
MP|PP755590.1|A/cattle/Texas/24-008749-003/2024(H5N1)	117	11705
MP|PP755590.1|A/cattle/Texas/24-008749-003/2024(H5N1)	118	11710
MP|PP755590.1|A/cattle/Texas/24-008749-003/2024(H5N1)	119	11731
MP|PP755590.1|A/cattle/Texas/24-008749-003/2024(H5N1)	120	11753
MP|PP755590.1|A/cattle/Texas/24-008749-003/2024(H5N1)	121	11771
MP|PP755590.1|A/cattle/Texas/24-008749-003/2024(H5N1)	122	11685
MP|PP755590.1|A/cattle/Texas/24-008749-003/2024(H5N1)	123	11747
MP|PP755590.1|A/cattle/Texas/24-008749-003/2024(H5N1)	124	10883
MP|PP755590.1|A/cattle/Texas/24-008749-003/2024(H5N1)	125	10986
MP|PP755590.1|A/cattle/Texas/24-008749-003/2024(H5N1)	126	10716
MP|PP755590.1|A/cattle/Texas/24-008749-003/2024(H5N1)	127	10697
MP|PP755590.1|A/cattle/Texas/24-008749-003/2024(H5N1)	128	10431
MP|PP755590.1|A/cattle/Texas/24-008749-003/2024(H5N1)	129	10413
MP|PP755590.1|A/cattle/Texas/24-008749-003/2024(H5N1)	130	10425
MP|PP755590.1|A/cattle/Texas/24-008749-003/2024(H5N1)	131	10401
MP|PP755590.1|A/cattle/Texas/24-008749-003/2024(H5N1)	132	10771
MP|PP755590.1|A/cattle/Texas/24-008749-003/2024(H5N1)	133	10510
MP|PP755590.1|A/cattle/Texas/24-008749-003/2024(H5N1)	134	10731
MP|PP755590.1|A/cattle/Texas/24-008749-003/2024(H5N1)	135	10900
MP|PP755590.1|A/cattle/Texas/24-008749-003/2024(H5N1)	136	10623
MP|PP755590.1|A/cattle/Texas/24-008749-003/2024(H5N1)	137	10891
MP|PP755590.1|A/cattle/Texas/24-008749-003/2024(H5N1)	138	10897
MP|PP755590.1|A/cattle/Texas/24-008749-003/2024(H5N1)	139	10894
MP|PP755590.1|A/cattle/Texas/24-008749-003/2024(H5N1)	140	11113
MP|PP755590.1|A/cattle/Texas/24-008749-003/2024(H5N1)	141	11186
MP|PP755590.1|A/cattle/Texas/24-008749-003/2024(H5N1)	142	11325
MP|PP755590.1|A/cattle/Texas/24-008749-003/2024(H5N1)	143	11193
MP|PP755590.1|A/cattle/Texas/24-008749-003/2024(H5N1)	144	11072
MP|PP755590.1|A/cattle/Texas/24-008749-003/2024(H5N1)	145	11085
MP|PP755590.1|A/cattle/Texas/24-008749-003/2024(H5N1)	146	11451
MP|PP755590.1|A/cattle/Texas/24-008749-003/2024(H5N1)	147	11614
MP|PP755590.1|A/cattle/Texas/24-008749-003/2024(H5N1)	148	11599
MP|PP755590.1|A/cattle/Texas/24-008749-003/2024(H5N1)	149	11438
MP|PP755590.1|A/cattle/Texas/24-008749-003/2024(H5N1)	150	11415
MP|PP755590.1|A/cattle/Texas/24-008749-003/2024(H5N1)	151	11466
MP|PP755590.1|A/cattle/Texas/24-008749-003/2024(H5N1)	152	11479
MP|PP755590.1|A/cattle/Texas/24-008749-003/2024(H5N1)	153	11616
MP|PP755590.1|A/cattle/Texas/24-008749-003/2024(H5N1)	154	11034
MP|PP755590.1|A/cattle/Texas/24-008749-003/2024(H5N1)	155	11293
MP|PP755590.1|A/cattle/Texas/24-008749-003/2024(H5N1)	156	11307
MP|PP755590.1|A/cattle/Texas/24-008749-003/2024(H5N1)	157	11310
MP|PP755590.1|A/cattle/Texas/24-008749-003/2024(H5N1)	158	11293
MP|PP755590.1|A/cattle/Texas/24-008749-003/2024(H5N1)	159	11294
MP|PP755590.1|A/cattle/Texas/24-008749-003/2024(H5N1)	160	11644
MP|PP755590.1|A/cattle/Texas/24-008749-003/2024(H5N1)	161	11608
MP|PP755590.1|A/cattle/Texas/24-008749-003/2024(H5N1)	162	11674
MP|PP755590.1|A/cattle/Texas/24-008749-003/2024(H5N1)	163	11669
MP|PP755590.1|A/cattle/Texas/24-008749-003/2024(H5N1)	164	11672
MP|PP755590.1|A/cattle/Texas/24-008749-003/2024(H5N1)	165	11871
MP|PP755590.1|A/cattle/Texas/24-008749-003/2024(H5N1)	166	11884
MP|PP755590.1|A/cattle/Texas/24-008749-003/2024(H5N1)	167	11856
MP|PP755590.1|A/cattle/Texas/24-008749-003/2024(H5N1)	168	11865
MP|PP755590.1|A/cattle/Texas/24-008749-003/2024(H5N1)	169	11679
MP|PP755590.1|A/cattle/Texas/24-008749-003/2024(H5N1)	170	11605
MP|PP755590.1|A/cattle/Texas/24-008749-003/2024(H5N1)	171	11615
MP|PP755590.1|A/cattle/Texas/24-008749-003/2024(H5N1)	172	11635
MP|PP755590.1|A/cattle/Texas/24-008749-003/2024(H5N1)	173	11649
MP|PP755590.1|A/cattle/Texas/24-008749-003/2024(H5N1)	174	11596
MP|PP755590.1|A/cattle/Texas/24-008749-003/2024(H5N1)	175	11758
MP|PP755590.1|A/cattle/Texas/24-008749-003/2024(H5N1)	176	11752
MP|PP755590.1|A/cattle/Texas/24-008749-003/2024(H5N1)	177	11647
MP|PP755590.1|A/cattle/Texas/24-008749-003/2024(H5N1)	178	11625
MP|PP755590.1|A/cattle/Texas/24-008749-003/2024(H5N1)	179	11592
MP|PP755590.1|A/cattle/Texas/24-008749-003/2024(H5N1)	180	11603
MP|PP755590.1|A/cattle/Texas/24-008749-003/2024(H5N1)	181	11712
MP|PP755590.1|A/cattle/Texas/24-008749-003/2024(H5N1)	182	11751
MP|PP755590.1|A/cattle/Texas/24-008749-003/2024(H5N1)	183	11740
MP|PP755590.1|A/cattle/Texas/24-008749-003/2024(H5N1)	184	11616
MP|PP755590.1|A/cattle/Texas/24-008749-003/2024(H5N1)	185	11524
MP|PP755590.1|A/cattle/Texas/24-008749-003/2024(H5N1)	186	11517
MP|PP755590.1|A/cattle/Texas/24-008749-003/2024(H5N1)	187	11503
MP|PP755590.1|A/cattle/Texas/24-008749-003/2024(H5N1)	188	11498
MP|PP755590.1|A/cattle/Texas/24-008749-003/2024(H5N1)	189	11307
MP|PP755590.1|A/cattle/Texas/24-008749-003/2024(H5N1)	190	11343
MP|PP755590.1|A/cattle/Texas/24-008749-003/2024(H5N1)	191	11321
MP|PP755590.1|A/cattle/Texas/24-008749-003/2024(H5N1)	192	11331
MP|PP755590.1|A/cattle/Texas/24-008749-003/2024(H5N1)	193	11324
MP|PP755590.1|A/cattle/Texas/24-008749-003/2024(H5N1)	194	11605
MP|PP755590.1|A/cattle/Texas/24-008749-003/2024(H5N1)	195	11606
MP|PP755590.1|A/cattle/Texas/24-008749-003/2024(H5N1)	196	11310
MP|PP755590.1|A/cattle/Texas/24-008749-003/2024(H5N1)	197	11264
MP|PP755590.1|A/cattle/Texas/24-008749-003/2024(H5N1)	198	11474
MP|PP755590.1|A/cattle/Texas/24-008749-003/2024(H5N1)	199	11591
MP|PP755590.1|A/cattle/Texas/24-008749-003/2024(H5N1)	200	11700
MP|PP755590.1|A/cattle/Texas/24-008749-003/2024(H5N1)	201	11733
MP|PP755590.1|A/cattle/Texas/24-008749-003/2024(H5N1)	202	11743
MP|PP755590.1|A/cattle/Texas/24-008749-003/2024(H5N1)	203	11522
MP|PP755590.1|A/cattle/Texas/24-008749-003/2024(H5N1)	204	11540
MP|PP755590.1|A/cattle/Texas/24-008749-003/2024(H5N1)	205	11601
MP|PP755590.1|A/cattle/Texas/24-008749-003/2024(H5N1)	206	11588
MP|PP755590.1|A/cattle/Texas/24-008749-003/2024(H5N1)	207	11205
MP|PP755590.1|A/cattle/Texas/24-008749-003/2024(H5N1)	208	11118
MP|PP755590.1|A/cattle/Texas/24-008749-003/2024(H5N1)	209	11190
MP|PP755590.1|A/cattle/Texas/24-008749-003/2024(H5N1)	210	11515
MP|PP755590.1|A/cattle/Texas/24-008749-003/2024(H5N1)	211	11580
MP|PP755590.1|A/cattle/Texas/24-008749-003/2024(H5N1)	212	11718
MP|PP755590.1|A/cattle/Texas/24-008749-003/2024(H5N1)	213	11725
MP|PP755590.1|A/cattle/Texas/24-008749-003/2024(H5N1)	214	11785
MP|PP755590.1|A/cattle/Texas/24-008749-003/2024(H5N1)	215	11822
MP|PP755590.1|A/cattle/Texas/24-008749-003/2024(H5N1)	216	11801
MP|PP755590.1|A/cattle/Texas/24-008749-003/2024(H5N1)	217	12028
MP|PP755590.1|A/cattle/Texas/24-008749-003/2024(H5N1)	218	12048
MP|PP755590.1|A/cattle/Texas/24-008749-003/2024(H5N1)	219	11943
MP|PP755590.1|A/cattle/Texas/24-008749-003/2024(H5N1)	220	12486
MP|PP755590.1|A/cattle/Texas/24-008749-003/2024(H5N1)	221	12281
MP|PP755590.1|A/cattle/Texas/24-008749-003/2024(H5N1)	222	12310
MP|PP755590.1|A/cattle/Texas/24-008749-003/2024(H5N1)	223	12274
MP|PP755590.1|A/cattle/Texas/24-008749-003/2024(H5N1)	224	12254
MP|PP755590.1|A/cattle/Texas/24-008749-003/2024(H5N1)	225	12543
MP|PP755590.1|A/cattle/Texas/24-008749-003/2024(H5N1)	226	12464
MP|PP755590.1|A/cattle/Texas/24-008749-003/2024(H5N1)	227	12490
MP|PP755590.1|A/cattle/Texas/24-008749-003/2024(H5N1)	228	12557
MP|PP755590.1|A/cattle/Texas/24-008749-003/2024(H5N1)	229	12221
MP|PP755590.1|A/cattle/Texas/24-008749-003/2024(H5N1)	230	12226
MP|PP755590.1|A/cattle/Texas/24-008749-003/2024(H5N1)	231	11879
MP|PP755590.1|A/cattle/Texas/24-008749-003/2024(H5N1)	232	11806
MP|PP755590.1|A/cattle/Texas/24-008749-003/2024(H5N1)	233	11826
MP|PP755590.1|A/cattle/Texas/24-008749-003/2024(H5N1)	234	11577
MP|PP755590.1|A/cattle/Texas/24-008749-003/2024(H5N1)	235	11695
MP|PP755590.1|A/cattle/Texas/24-008749-003/2024(H5N1)	236	11782
MP|PP755590.1|A/cattle/Texas/24-008749-003/2024(H5N1)	237	11779
MP|PP755590.1|A/cattle/Texas/24-008749-003/2024(H5N1)	238	12025
MP|PP755590.1|A/cattle/Texas/24-008749-003/2024(H5N1)	239	12164
MP|PP755590.1|A/cattle/Texas/24-008749-003/2024(H5N1)	240	12109
MP|PP755590.1|A/cattle/Texas/24-008749-003/2024(H5N1)	241	12071
MP|PP755590.1|A/cattle/Texas/24-008749-003/2024(H5N1)	242	12012
MP|PP755590.1|A/cattle/Texas/24-008749-003/2024(H5N1)	243	12038
MP|PP755590.1|A/cattle/Texas/24-008749-003/2024(H5N1)	244	12138
MP|PP755590.1|A/cattle/Texas/24-008749-003/2024(H5N1)	245	11914
MP|PP755590.1|A/cattle/Texas/24-008749-003/2024(H5N1)	246	12166
MP|PP755590.1|A/cattle/Texas/24-008749-003/2024(H5N1)	247	12059
MP|PP755590.1|A/cattle/Texas/24-008749-003/2024(H5N1)	248	12074
MP|PP755590.1|A/cattle/Texas/24-008749-003/2024(H5N1)	249	12334
MP|PP755590.1|A/cattle/Texas/24-008749-003/2024(H5N1)	250	12348
MP|PP755590.1|A/cattle/Texas/24-008749-003/2024(H5N1)	251	12389
MP|PP755590.1|A/cattle/Texas/24-008749-003/2024(H5N1)	252	12476
MP|PP755590.1|A/cattle/Texas/24-008749-003/2024(H5N1)	253	12290
MP|PP755590.1|A/cattle/Texas/24-008749-003/2024(H5N1)	254	12391
MP|PP755590.1|A/cattle/Texas/24-008749-003/2024(H5N1)	255	12484
MP|PP755590.1|A/cattle/Texas/24-008749-003/2024(H5N1)	256	12384
MP|PP755590.1|A/cattle/Texas/24-008749-003/2024(H5N1)	257	12425
MP|PP755590.1|A/cattle/Texas/24-008749-003/2024(H5N1)	258	12421
MP|PP755590.1|A/cattle/Texas/24-008749-003/2024(H5N1)	259	12397
MP|PP755590.1|A/cattle/Texas/24-008749-003/2024(H5N1)	260	12672
MP|PP755590.1|A/cattle/Texas/24-008749-003/2024(H5N1)	261	12675
MP|PP755590.1|A/cattle/Texas/24-008749-003/2024(H5N1)	262	12708
MP|PP755590.1|A/cattle/Texas/24-008749-003/2024(H5N1)	263	12804
MP|PP755590.1|A/cattle/Texas/24-008749-003/2024(H5N1)	264	12596
MP|PP755590.1|A/cattle/Texas/24-008749-003/2024(H5N1)	265	12665
MP|PP755590.1|A/cattle/Texas/24-008749-003/2024(H5N1)	266	12631
MP|PP755590.1|A/cattle/Texas/24-008749-003/2024(H5N1)	267	12760
MP|PP755590.1|A/cattle/Texas/24-008749-003/2024(H5N1)	268	12764
MP|PP755590.1|A/cattle/Texas/24-008749-003/2024(H5N1)	269	12725
MP|PP755590.1|A/cattle/Texas/24-008749-003/2024(H5N1)	270	12741
MP|PP755590.1|A/cattle/Texas/24-008749-003/2024(H5N1)	271	12728
MP|PP755590.1|A/cattle/Texas/24-008749-003/2024(H5N1)	272	12725
MP|PP755590.1|A/cattle/Texas/24-008749-003/2024(H5N1)	273	12956
MP|PP755590.1|A/cattle/Texas/24-008749-003/2024(H5N1)	274	13005
MP|PP755590.1|A/cattle/Texas/24-008749-003/2024(H5N1)	275	12558
MP|PP755590.1|A/cattle/Texas/24-008749-003/2024(H5N1)	276	12424
MP|PP755590.1|A/cattle/Texas/24-008749-003/2024(H5N1)	277	12421
MP|PP755590.1|A/cattle/Texas/24-008749-003/2024(H5N1)	278	12417
MP|PP755590.1|A/cattle/Texas/24-008749-003/2024(H5N1)	279	12687
MP|PP755590.1|A/cattle/Texas/24-008749-003/2024(H5N1)	280	12737
MP|PP755590.1|A/cattle/Texas/24-008749-003/2024(H5N1)	281	12704
MP|PP755590.1|A/cattle/Texas/24-008749-003/2024(H5N1)	282	12657
MP|PP755590.1|A/cattle/Texas/24-008749-003/2024(H5N1)	283	12171
MP|PP755590.1|A/cattle/Texas/24-008749-003/2024(H5N1)	284	12318
MP|PP755590.1|A/cattle/Texas/24-008749-003/2024(H5N1)	285	12092
MP|PP755590.1|A/cattle/Texas/24-008749-003/2024(H5N1)	286	12003
MP|PP755590.1|A/cattle/Texas/24-008749-003/2024(H5N1)	287	12080
MP|PP755590.1|A/cattle/Texas/24-008749-003/2024(H5N1)	288	11749
MP|PP755590.1|A/cattle/Texas/24-008749-003/2024(H5N1)	289	11896
MP|PP755590.1|A/cattle/Texas/24-008749-003/2024(H5N1)	290	11908
MP|PP755590.1|A/cattle/Texas/24-008749-003/2024(H5N1)	291	11577
MP|PP755590.1|A/cattle/Texas/24-008749-003/2024(H5N1)	292	11544
MP|PP755590.1|A/cattle/Texas/24-008749-003/2024(H5N1)	293	11343
MP|PP755590.1|A/cattle/Texas/24-008749-003/2024(H5N1)	294	11108
MP|PP755590.1|A/cattle/Texas/24-008749-003/2024(H5N1)	295	10879
MP|PP755590.1|A/cattle/Texas/24-008749-003/2024(H5N1)	296	11991
MP|PP755590.1|A/cattle/Texas/24-008749-003/2024(H5N1)	297	12453
MP|PP755590.1|A/cattle/Texas/24-008749-003/2024(H5N1)	298	12630
MP|PP755590.1|A/cattle/Texas/24-008749-003/2024(H5N1)	299	12658
MP|PP755590.1|A/cattle/Texas/24-008749-003/2024(H5N1)	300	12665
MP|PP755590.1|A/cattle/Texas/24-008749-003/2024(H5N1)	301	12606
MP|PP755590.1|A/cattle/Texas/24-008749-003/2024(H5N1)	302	12555
MP|PP755590.1|A/cattle/Texas/24-008749-003/2024(H5N1)	303	12879
MP|PP755590.1|A/cattle/Texas/24-008749-003/2024(H5N1)	304	12829
MP|PP755590.1|A/cattle/Texas/24-008749-003/2024(H5N1)	305	12822
MP|PP755590.1|A/cattle/Texas/24-008749-003/2024(H5N1)	306	12380
MP|PP755590.1|A/cattle/Texas/24-008749-003/2024(H5N1)	307	12599
MP|PP755590.1|A/cattle/Texas/24-008749-003/2024(H5N1)	308	12622
MP|PP755590.1|A/cattle/Texas/24-008749-003/2024(H5N1)	309	12651
MP|PP755590.1|A/cattle/Texas/24-008749-003/2024(H5N1)	310	12682
MP|PP755590.1|A/cattle/Texas/24-008749-003/2024(H5N1)	311	12334
MP|PP755590.1|A/cattle/Texas/24-008749-003/2024(H5N1)	312	12350
MP|PP755590.1|A/cattle/Texas/24-008749-003/2024(H5N1)	313	12226
MP|PP755590.1|A/cattle/Texas/24-008749-003/2024(H5N1)	314	12311
MP|PP755590.1|A/cattle/Texas/24-008749-003/2024(H5N1)	315	12339
MP|PP755590.1|A/cattle/Texas/24-008749-003/2024(H5N1)	316	12240
MP|PP755590.1|A/cattle/Texas/24-008749-003/2024(H5N1)	317	12386
MP|PP755590.1|A/cattle/Texas/24-008749-003/2024(H5N1)	318	12418
MP|PP755590.1|A/cattle/Texas/24-008749-003/2024(H5N1)	319	12527
MP|PP755590.1|A/cattle/Texas/24-008749-003/2024(H5N1)	320	12553
MP|PP755590.1|A/cattle/Texas/24-008749-003/2024(H5N1)	321	12545
MP|PP755590.1|A/cattle/Texas/24-008749-003/2024(H5N1)	322	12698
MP|PP755590.1|A/cattle/Texas/24-008749-003/2024(H5N1)	323	12732
MP|PP755590.1|A/cattle/Texas/24-008749-003/2024(H5N1)	324	12674
MP|PP755590.1|A/cattle/Texas/24-008749-003/2024(H5N1)	325	12662
MP|PP755590.1|A/cattle/Texas/24-008749-003/2024(H5N1)	326	12508
MP|PP755590.1|A/cattle/Texas/24-008749-003/2024(H5N1)	327	12545
MP|PP755590.1|A/cattle/Texas/24-008749-003/2024(H5N1)	328	12465
MP|PP755590.1|A/cattle/Texas/24-008749-003/2024(H5N1)	329	12462
MP|PP755590.1|A/cattle/Texas/24-008749-003/2024(H5N1)	330	12484
MP|PP755590.1|A/cattle/Texas/24-008749-003/2024(H5N1)	331	12341
MP|PP755590.1|A/cattle/Texas/24-008749-003/2024(H5N1)	332	12298
MP|PP755590.1|A/cattle/Texas/24-008749-003/2024(H5N1)	333	12367
MP|PP755590.1|A/cattle/Texas/24-008749-003/2024(H5N1)	334	12361
MP|PP755590.1|A/cattle/Texas/24-008749-003/2024(H5N1)	335	12330
MP|PP755590.1|A/cattle/Texas/24-008749-003/2024(H5N1)	336	12315
MP|PP755590.1|A/cattle/Texas/24-008749-003/2024(H5N1)	337	12372
MP|PP755590.1|A/cattle/Texas/24-008749-003/2024(H5N1)	338	12358
MP|PP755590.1|A/cattle/Texas/24-008749-003/2024(H5N1)	339	12356
MP|PP755590.1|A/cattle/Texas/24-008749-003/2024(H5N1)	340	12351
MP|PP755590.1|A/cattle/Texas/24-008749-003/2024(H5N1)	341	12477
MP|PP755590.1|A/cattle/Texas/24-008749-003/2024(H5N1)	342	12439
MP|PP755590.1|A/cattle/Texas/24-008749-003/2024(H5N1)	343	12460
MP|PP755590.1|A/cattle/Texas/24-008749-003/2024(H5N1)	344	12526
MP|PP755590.1|A/cattle/Texas/24-008749-003/2024(H5N1)	345	12269
MP|PP755590.1|A/cattle/Texas/24-008749-003/2024(H5N1)	346	12358
MP|PP755590.1|A/cattle/Texas/24-008749-003/2024(H5N1)	347	12518
MP|PP755590.1|A/cattle/Texas/24-008749-003/2024(H5N1)	348	12574
MP|PP755590.1|A/cattle/Texas/24-008749-003/2024(H5N1)	349	12257
MP|PP755590.1|A/cattle/Texas/24-008749-003/2024(H5N1)	350	12167
MP|PP755590.1|A/cattle/Texas/24-008749-003/2024(H5N1)	351	12534
MP|PP755590.1|A/cattle/Texas/24-008749-003/2024(H5N1)	352	12458
MP|PP755590.1|A/cattle/Texas/24-008749-003/2024(H5N1)	353	12542
MP|PP755590.1|A/cattle/Texas/24-008749-003/2024(H5N1)	354	12565
MP|PP755590.1|A/cattle/Texas/24-008749-003/2024(H5N1)	355	12517
MP|PP755590.1|A/cattle/Texas/24-008749-003/2024(H5N1)	356	12565
MP|PP755590.1|A/cattle/Texas/24-008749-003/2024(H5N1)	357	12583
MP|PP755590.1|A/cattle/Texas/24-008749-003/2024(H5N1)	358	12571
MP|PP755590.1|A/cattle/Texas/24-008749-003/2024(H5N1)	359	12516
MP|PP755590.1|A/cattle/Texas/24-008749-003/2024(H5N1)	360	12053
MP|PP755590.1|A/cattle/Texas/24-008749-003/2024(H5N1)	361	12227
MP|PP755590.1|A/cattle/Texas/24-008749-003/2024(H5N1)	362	12222
MP|PP755590.1|A/cattle/Texas/24-008749-003/2024(H5N1)	363	12020
MP|PP755590.1|A/cattle/Texas/24-008749-003/2024(H5N1)	364	11965
MP|PP755590.1|A/cattle/Texas/24-008749-003/2024(H5N1)	365	12041
MP|PP755590.1|A/cattle/Texas/24-008749-003/2024(H5N1)	366	11965
MP|PP755590.1|A/cattle/Texas/24-008749-003/2024(H5N1)	367	12026
MP|PP755590.1|A/cattle/Texas/24-008749-003/2024(H5N1)	368	11861
MP|PP755590.1|A/cattle/Texas/24-008749-003/2024(H5N1)	369	11949
MP|PP755590.1|A/cattle/Texas/24-008749-003/2024(H5N1)	370	11632
MP|PP755590.1|A/cattle/Texas/24-008749-003/2024(H5N1)	371	11443
MP|PP755590.1|A/cattle/Texas/24-008749-003/2024(H5N1)	372	11619
MP|PP755590.1|A/cattle/Texas/24-008749-003/2024(H5N1)	373	11594
MP|PP755590.1|A/cattle/Texas/24-008749-003/2024(H5N1)	374	11612
MP|PP755590.1|A/cattle/Texas/24-008749-003/2024(H5N1)	375	11351
MP|PP755590.1|A/cattle/Texas/24-008749-003/2024(H5N1)	376	11269
MP|PP755590.1|A/cattle/Texas/24-008749-003/2024(H5N1)	377	11515
MP|PP755590.1|A/cattle/Texas/24-008749-003/2024(H5N1)	378	11584
MP|PP755590.1|A/cattle/Texas/24-008749-003/2024(H5N1)	379	11523
MP|PP755590.1|A/cattle/Texas/24-008749-003/2024(H5N1)	380	11667
MP|PP755590.1|A/cattle/Texas/24-008749-003/2024(H5N1)	381	11629
MP|PP755590.1|A/cattle/Texas/24-008749-003/2024(H5N1)	382	11630
MP|PP755590.1|A/cattle/Texas/24-008749-003/2024(H5N1)	383	11623
MP|PP755590.1|A/cattle/Texas/24-008749-003/2024(H5N1)	384	11592
MP|PP755590.1|A/cattle/Texas/24-008749-003/2024(H5N1)	385	11701
MP|PP755590.1|A/cattle/Texas/24-008749-003/2024(H5N1)	386	11629
MP|PP755590.1|A/cattle/Texas/24-008749-003/2024(H5N1)	387	11551
MP|PP755590.1|A/cattle/Texas/24-008749-003/2024(H5N1)	388	11701
MP|PP755590.1|A/cattle/Texas/24-008749-003/2024(H5N1)	389	11528
MP|PP755590.1|A/cattle/Texas/24-008749-003/2024(H5N1)	390	11639
MP|PP755590.1|A/cattle/Texas/24-008749-003/2024(H5N1)	391	11970
MP|PP755590.1|A/cattle/Texas/24-008749-003/2024(H5N1)	392	11974
MP|PP755590.1|A/cattle/Texas/24-008749-003/2024(H5N1)	393	12051
MP|PP755590.1|A/cattle/Texas/24-008749-003/2024(H5N1)	394	11975
MP|PP755590.1|A/cattle/Texas/24-008749-003/2024(H5N1)	395	11855
MP|PP755590.1|A/cattle/Texas/24-008749-003/2024(H5N1)	396	12302
MP|PP755590.1|A/cattle/Texas/24-008749-003/2024(H5N1)	397	11925
MP|PP755590.1|A/cattle/Texas/24-008749-003/2024(H5N1)	398	11877
MP|PP755590.1|A/cattle/Texas/24-008749-003/2024(H5N1)	399	11845
MP|PP755590.1|A/cattle/Texas/24-008749-003/2024(H5N1)	400	11502
MP|PP755590.1|A/cattle/Texas/24-008749-003/2024(H5N1)	401	11648
MP|PP755590.1|A/cattle/Texas/24-008749-003/2024(H5N1)	402	11854
MP|PP755590.1|A/cattle/Texas/24-008749-003/2024(H5N1)	403	11785
MP|PP755590.1|A/cattle/Texas/24-008749-003/2024(H5N1)	404	11847
MP|PP755590.1|A/cattle/Texas/24-008749-003/2024(H5N1)	405	11719
MP|PP755590.1|A/cattle/Texas/24-008749-003/2024(H5N1)	406	11677
MP|PP755590.1|A/cattle/Texas/24-008749-003/2024(H5N1)	407	11670
MP|PP755590.1|A/cattle/Texas/24-008749-003/2024(H5N1)	408	11509
MP|PP755590.1|A/cattle/Texas/24-008749-003/2024(H5N1)	409	11580
MP|PP755590.1|A/cattle/Texas/24-008749-003/2024(H5N1)	410	11527
MP|PP755590.1|A/cattle/Texas/24-008749-003/2024(H5N1)	411	11199
MP|PP755590.1|A/cattle/Texas/24-008749-003/2024(H5N1)	412	11657
MP|PP755590.1|A/cattle/Texas/24-008749-003/2024(H5N1)	413	12035
MP|PP755590.1|A/cattle/Texas/24-008749-003/2024(H5N1)	414	12056
MP|PP755590.1|A/cattle/Texas/24-008749-003/2024(H5N1)	415	12097
MP|PP755590.1|A/cattle/Texas/24-008749-003/2024(H5N1)	416	12102
MP|PP755590.1|A/cattle/Texas/24-008749-003/2024(H5N1)	417	11984
MP|PP755590.1|A/cattle/Texas/24-008749-003/2024(H5N1)	418	11984
MP|PP755590.1|A/cattle/Texas/24-008749-003/2024(H5N1)	419	12044
MP|PP755590.1|A/cattle/Texas/24-008749-003/2024(H5N1)	420	12046
MP|PP755590.1|A/cattle/Texas/24-008749-003/2024(H5N1)	421	12096
MP|PP755590.1|A/cattle/Texas/24-008749-003/2024(H5N1)	422	12376
MP|PP755590.1|A/cattle/Texas/24-008749-003/2024(H5N1)	423	12371
MP|PP755590.1|A/cattle/Texas/24-008749-003/2024(H5N1)	424	12147
MP|PP755590.1|A/cattle/Texas/24-008749-003/2024(H5N1)	425	12065
MP|PP755590.1|A/cattle/Texas/24-008749-003/2024(H5N1)	426	12044
MP|PP755590.1|A/cattle/Texas/24-008749-003/2024(H5N1)	427	12386
MP|PP755590.1|A/cattle/Texas/24-008749-003/2024(H5N1)	428	12394
MP|PP755590.1|A/cattle/Texas/24-008749-003/2024(H5N1)	429	12411
MP|PP755590.1|A/cattle/Texas/24-008749-003/2024(H5N1)	430	12058
MP|PP755590.1|A/cattle/Texas/24-008749-003/2024(H5N1)	431	12063
MP|PP755590.1|A/cattle/Texas/24-008749-003/2024(H5N1)	432	12101
MP|PP755590.1|A/cattle/Texas/24-008749-003/2024(H5N1)	433	13044
MP|PP755590.1|A/cattle/Texas/24-008749-003/2024(H5N1)	434	13216
MP|PP755590.1|A/cattle/Texas/24-008749-003/2024(H5N1)	435	13050
MP|PP755590.1|A/cattle/Texas/24-008749-003/2024(H5N1)	436	12785
MP|PP755590.1|A/cattle/Texas/24-008749-003/2024(H5N1)	437	12786
MP|PP755590.1|A/cattle/Texas/24-008749-003/2024(H5N1)	438	13002
MP|PP755590.1|A/cattle/Texas/24-008749-003/2024(H5N1)	439	13205
MP|PP755590.1|A/cattle/Texas/24-008749-003/2024(H5N1)	440	13125
MP|PP755590.1|A/cattle/Texas/24-008749-003/2024(H5N1)	441	13229
MP|PP755590.1|A/cattle/Texas/24-008749-003/2024(H5N1)	442	12273
MP|PP755590.1|A/cattle/Texas/24-008749-003/2024(H5N1)	443	12254
MP|PP755590.1|A/cattle/Texas/24-008749-003/2024(H5N1)	444	12375
MP|PP755590.1|A/cattle/Texas/24-008749-003/2024(H5N1)	445	12374
MP|PP755590.1|A/cattle/Texas/24-008749-003/2024(H5N1)	446	12338
MP|PP755590.1|A/cattle/Texas/24-008749-003/2024(H5N1)	447	11785
MP|PP755590.1|A/cattle/Texas/24-008749-003/2024(H5N1)	448	11637
MP|PP755590.1|A/cattle/Texas/24-008749-003/2024(H5N1)	449	12000
MP|PP755590.1|A/cattle/Texas/24-008749-003/2024(H5N1)	450	11940
MP|PP755590.1|A/cattle/Texas/24-008749-003/2024(H5N1)	451	11639
MP|PP755590.1|A/cattle/Texas/24-008749-003/2024(H5N1)	452	11651
MP|PP755590.1|A/cattle/Texas/24-008749-003/2024(H5N1)	453	11575
MP|PP755590.1|A/cattle/Texas/24-008749-003/2024(H5N1)	454	11578
MP|PP755590.1|A/cattle/Texas/24-008749-003/2024(H5N1)	455	11494
MP|PP755590.1|A/cattle/Texas/24-008749-003/2024(H5N1)	456	11514
MP|PP755590.1|A/cattle/Texas/24-008749-003/2024(H5N1)	457	11599
MP|PP755590.1|A/cattle/Texas/24-008749-003/2024(H5N1)	458	11288
MP|PP755590.1|A/cattle/Texas/24-008749-003/2024(H5N1)	459	11389
MP|PP755590.1|A/cattle/Texas/24-008749-003/2024(H5N1)	460	11389
MP|PP755590.1|A/cattle/Texas/24-008749-003/2024(H5N1)	461	11413
MP|PP755590.1|A/cattle/Texas/24-008749-003/2024(H5N1)	462	11596
MP|PP755590.1|A/cattle/Texas/24-008749-003/2024(H5N1)	463	11609
MP|PP755590.1|A/cattle/Texas/24-008749-003/2024(H5N1)	464	11648
MP|PP755590.1|A/cattle/Texas/24-008749-003/2024(H5N1)	465	11622
MP|PP755590.1|A/cattle/Texas/24-008749-003/2024(H5N1)	466	11683
MP|PP755590.1|A/cattle/Texas/24-008749-003/2024(H5N1)	467	11706
MP|PP755590.1|A/cattle/Texas/24-008749-003/2024(H5N1)	468	11554
MP|PP755590.1|A/cattle/Texas/24-008749-003/2024(H5N1)	469	11538
MP|PP755590.1|A/cattle/Texas/24-008749-003/2024(H5N1)	470	11549
MP|PP755590.1|A/cattle/Texas/24-008749-003/2024(H5N1)	471	11539
MP|PP755590.1|A/cattle/Texas/24-008749-003/2024(H5N1)	472	11487
MP|PP755590.1|A/cattle/Texas/24-008749-003/2024(H5N1)	473	11446
MP|PP755590.1|A/cattle/Texas/24-008749-003/2024(H5N1)	474	11543
MP|PP755590.1|A/cattle/Texas/24-008749-003/2024(H5N1)	475	11585
MP|PP755590.1|A/cattle/Texas/24-008749-003/2024(H5N1)	476	11574
MP|PP755590.1|A/cattle/Texas/24-008749-003/2024(H5N1)	477	11710
MP|PP755590.1|A/cattle/Texas/24-008749-003/2024(H5N1)	478	11684
MP|PP755590.1|A/cattle/Texas/24-008749-003/2024(H5N1)	479	11704
MP|PP755590.1|A/cattle/Texas/24-008749-003/2024(H5N1)	480	11764
MP|PP755590.1|A/cattle/Texas/24-008749-003/2024(H5N1)	481	11795
MP|PP755590.1|A/cattle/Texas/24-008749-003/2024(H5N1)	482	12091
MP|PP755590.1|A/cattle/Texas/24-008749-003/2024(H5N1)	483	11995
MP|PP755590.1|A/cattle/Texas/24-008749-003/2024(H5N1)	484	12028
MP|PP755590.1|A/cattle/Texas/24-008749-003/2024(H5N1)	485	12016
MP|PP755590.1|A/cattle/Texas/24-008749-003/2024(H5N1)	486	12014
MP|PP755590.1|A/cattle/Texas/24-008749-003/2024(H5N1)	487	11988
MP|PP755590.1|A/cattle/Texas/24-008749-003/2024(H5N1)	488	12190
MP|PP755590.1|A/cattle/Texas/24-008749-003/2024(H5N1)	489	12308
MP|PP755590.1|A/cattle/Texas/24-008749-003/2024(H5N1)	490	12390
MP|PP755590.1|A/cattle/Texas/24-008749-003/2024(H5N1)	491	12297
MP|PP755590.1|A/cattle/Texas/24-008749-003/2024(H5N1)	492	12269
MP|PP755590.1|A/cattle/Texas/24-008749-003/2024(H5N1)	493	12253
MP|PP755590.1|A/cattle/Texas/24-008749-003/2024(H5N1)	494	12243
MP|PP755590.1|A/cattle/Texas/24-008749-003/2024(H5N1)	495	12244
MP|PP755590.1|A/cattle/Texas/24-008749-003/2024(H5N1)	496	12293
MP|PP755590.1|A/cattle/Texas/24-008749-003/2024(H5N1)	497	12180
MP|PP755590.1|A/cattle/Texas/24-008749-003/2024(H5N1)	498	12143
MP|PP755590.1|A/cattle/Texas/24-008749-003/2024(H5N1)	499	12107
MP|PP755590.1|A/cattle/Texas/24-008749-003/2024(H5N1)	500	12209
MP|PP755590.1|A/cattle/Texas/24-008749-003/2024(H5N1)	501	11965
MP|PP755590.1|A/cattle/Texas/24-008749-003/2024(H5N1)	502	11962
MP|PP755590.1|A/cattle/Texas/24-008749-003/2024(H5N1)	503	12180
MP|PP755590.1|A/cattle/Texas/24-008749-003/2024(H5N1)	504	12235
MP|PP755590.1|A/cattle/Texas/24-008749-003/2024(H5N1)	505	12185
MP|PP755590.1|A/cattle/Texas/24-008749-003/2024(H5N1)	506	12195
MP|PP755590.1|A/cattle/Texas/24-008749-003/2024(H5N1)	507	12121
MP|PP755590.1|A/cattle/Texas/24-008749-003/2024(H5N1)	508	12145
MP|PP755590.1|A/cattle/Texas/24-008749-003/2024(H5N1)	509	12188
MP|PP755590.1|A/cattle/Texas/24-008749-003/2024(H5N1)	510	12234
MP|PP755590.1|A/cattle/Texas/24-008749-003/2024(H5N1)	511	12345
MP|PP755590.1|A/cattle/Texas/24-008749-003/2024(H5N1)	512	12306
MP|PP755590.1|A/cattle/Texas/24-008749-003/2024(H5N1)	513	12266
MP|PP755590.1|A/cattle/Texas/24-008749-003/2024(H5N1)	514	12306
MP|PP755590.1|A/cattle/Texas/24-008749-003/2024(H5N1)	515	12259
MP|PP755590.1|A/cattle/Texas/24-008749-003/2024(H5N1)	516	12327
MP|PP755590.1|A/cattle/Texas/24-008749-003/2024(H5N1)	517	12432
MP|PP755590.1|A/cattle/Texas/24-008749-003/2024(H5N1)	518	12361
MP|PP755590.1|A/cattle/Texas/24-008749-003/2024(H5N1)	519	12337
MP|PP755590.1|A/cattle/Texas/24-008749-003/2024(H5N1)	520	12234
MP|PP755590.1|A/cattle/Texas/24-008749-003/2024(H5N1)	521	12220
MP|PP755590.1|A/cattle/Texas/24-008749-003/2024(H5N1)	522	12342
MP|PP755590.1|A/cattle/Texas/24-008749-003/2024(H5N1)	523	12336
MP|PP755590.1|A/cattle/Texas/24-008749-003/2024(H5N1)	524	12634
MP|PP755590.1|A/cattle/Texas/24-008749-003/2024(H5N1)	525	12555
MP|PP755590.1|A/cattle/Texas/24-008749-003/2024(H5N1)	526	12551
MP|PP755590.1|A/cattle/Texas/24-008749-003/2024(H5N1)	527	12571
MP|PP755590.1|A/cattle/Texas/24-008749-003/2024(H5N1)	528	12468
MP|PP755590.1|A/cattle/Texas/24-008749-003/2024(H5N1)	529	12376
MP|PP755590.1|A/cattle/Texas/24-008749-003/2024(H5N1)	530	12402
MP|PP755590.1|A/cattle/Texas/24-008749-003/2024(H5N1)	531	12296
MP|PP755590.1|A/cattle/Texas/24-008749-003/2024(H5N1)	532	12174
MP|PP755590.1|A/cattle/Texas/24-008749-003/2024(H5N1)	533	12268
MP|PP755590.1|A/cattle/Texas/24-008749-003/2024(H5N1)	534	12652
MP|PP755590.1|A/cattle/Texas/24-008749-003/2024(H5N1)	535	12784
MP|PP755590.1|A/cattle/Texas/24-008749-003/2024(H5N1)	536	12675
MP|PP755590.1|A/cattle/Texas/24-008749-003/2024(H5N1)	537	12545
MP|PP755590.1|A/cattle/Texas/24-008749-003/2024(H5N1)	538	12957
MP|PP755590.1|A/cattle/Texas/24-008749-003/2024(H5N1)	539	12624
MP|PP755590.1|A/cattle/Texas/24-008749-003/2024(H5N1)	540	12597
MP|PP755590.1|A/cattle/Texas/24-008749-003/2024(H5N1)	541	12674
MP|PP755590.1|A/cattle/Texas/24-008749-003/2024(H5N1)	542	12392
MP|PP755590.1|A/cattle/Texas/24-008749-003/2024(H5N1)	543	12559
MP|PP755590.1|A/cattle/Texas/24-008749-003/2024(H5N1)	544	12488
MP|PP755590.1|A/cattle/Texas/24-008749-003/2024(H5N1)	545	12518
MP|PP755590.1|A/cattle/Texas/24-008749-003/2024(H5N1)	546	12484
MP|PP755590.1|A/cattle/Texas/24-008749-003/2024(H5N1)	547	12070
MP|PP755590.1|A/cattle/Texas/24-008749-003/2024(H5N1)	548	12685
MP|PP755590.1|A/cattle/Texas/24-008749-003/2024(H5N1)	549	12897
MP|PP755590.1|A/cattle/Texas/24-008749-003/2024(H5N1)	550	12926
MP|PP755590.1|A/cattle/Texas/24-008749-003/2024(H5N1)	551	12734
MP|PP755590.1|A/cattle/Texas/24-008749-003/2024(H5N1)	552	12597
MP|PP755590.1|A/cattle/Texas/24-008749-003/2024(H5N1)	553	12601
MP|PP755590.1|A/cattle/Texas/24-008749-003/2024(H5N1)	554	12646
MP|PP755590.1|A/cattle/Texas/24-008749-003/2024(H5N1)	555	12934
MP|PP755590.1|A/cattle/Texas/24-008749-003/2024(H5N1)	556	13084
MP|PP755590.1|A/cattle/Texas/24-008749-003/2024(H5N1)	557	12704
MP|PP755590.1|A/cattle/Texas/24-008749-003/2024(H5N1)	558	12645
MP|PP755590.1|A/cattle/Texas/24-008749-003/2024(H5N1)	559	12632
MP|PP755590.1|A/cattle/Texas/24-008749-003/2024(H5N1)	560	12607
MP|PP755590.1|A/cattle/Texas/24-008749-003/2024(H5N1)	561	12783
MP|PP755590.1|A/cattle/Texas/24-008749-003/2024(H5N1)	562	12820
MP|PP755590.1|A/cattle/Texas/24-008749-003/2024(H5N1)	563	12996
MP|PP755590.1|A/cattle/Texas/24-008749-003/2024(H5N1)	564	12570
MP|PP755590.1|A/cattle/Texas/24-008749-003/2024(H5N1)	565	12598
MP|PP755590.1|A/cattle/Texas/24-008749-003/2024(H5N1)	566	12608
MP|PP755590.1|A/cattle/Texas/24-008749-003/2024(H5N1)	567	12549
MP|PP755590.1|A/cattle/Texas/24-008749-003/2024(H5N1)	568	12707
MP|PP755590.1|A/cattle/Texas/24-008749-003/2024(H5N1)	569	12626
MP|PP755590.1|A/cattle/Texas/24-008749-003/2024(H5N1)	570	12472
MP|PP755590.1|A/cattle/Texas/24-008749-003/2024(H5N1)	571	12440
MP|PP755590.1|A/cattle/Texas/24-008749-003/2024(H5N1)	572	12245
MP|PP755590.1|A/cattle/Texas/24-008749-003/2024(H5N1)	573	12280
MP|PP755590.1|A/cattle/Texas/24-008749-003/2024(H5N1)	574	12287
MP|PP755590.1|A/cattle/Texas/24-008749-003/2024(H5N1)	575	12462
MP|PP755590.1|A/cattle/Texas/24-008749-003/2024(H5N1)	576	12456
MP|PP755590.1|A/cattle/Texas/24-008749-003/2024(H5N1)	577	12353
MP|PP755590.1|A/cattle/Texas/24-008749-003/2024(H5N1)	578	12341
MP|PP755590.1|A/cattle/Texas/24-008749-003/2024(H5N1)	579	12322
MP|PP755590.1|A/cattle/Texas/24-008749-003/2024(H5N1)	580	12330
MP|PP755590.1|A/cattle/Texas/24-008749-003/2024(H5N1)	581	12399
MP|PP755590.1|A/cattle/Texas/24-008749-003/2024(H5N1)	582	12398
MP|PP755590.1|A/cattle/Texas/24-008749-003/2024(H5N1)	583	12385
MP|PP755590.1|A/cattle/Texas/24-008749-003/2024(H5N1)	584	11450
MP|PP755590.1|A/cattle/Texas/24-008749-003/2024(H5N1)	585	11484
MP|PP755590.1|A/cattle/Texas/24-008749-003/2024(H5N1)	586	11499
MP|PP755590.1|A/cattle/Texas/24-008749-003/2024(H5N1)	587	11517
MP|PP755590.1|A/cattle/Texas/24-008749-003/2024(H5N1)	588	11590
MP|PP755590.1|A/cattle/Texas/24-008749-003/2024(H5N1)	589	11419
MP|PP755590.1|A/cattle/Texas/24-008749-003/2024(H5N1)	590	11260
MP|PP755590.1|A/cattle/Texas/24-008749-003/2024(H5N1)	591	11265
MP|PP755590.1|A/cattle/Texas/24-008749-003/2024(H5N1)	592	11529
MP|PP755590.1|A/cattle/Texas/24-008749-003/2024(H5N1)	593	11536
MP|PP755590.1|A/cattle/Texas/24-008749-003/2024(H5N1)	594	11460
MP|PP755590.1|A/cattle/Texas/24-008749-003/2024(H5N1)	595	11386
MP|PP755590.1|A/cattle/Texas/24-008749-003/2024(H5N1)	596	11510
MP|PP755590.1|A/cattle/Texas/24-008749-003/2024(H5N1)	597	11477
MP|PP755590.1|A/cattle/Texas/24-008749-003/2024(H5N1)	598	11659
MP|PP755590.1|A/cattle/Texas/24-008749-003/2024(H5N1)	599	11459
MP|PP755590.1|A/cattle/Texas/24-008749-003/2024(H5N1)	600	11449
MP|PP755590.1|A/cattle/Texas/24-008749-003/2024(H5N1)	601	11481
MP|PP755590.1|A/cattle/Texas/24-008749-003/2024(H5N1)	602	11500
MP|PP755590.1|A/cattle/Texas/24-008749-003/2024(H5N1)	603	11515
MP|PP755590.1|A/cattle/Texas/24-008749-003/2024(H5N1)	604	11730
MP|PP755590.1|A/cattle/Texas/24-008749-003/2024(H5N1)	605	11932
MP|PP755590.1|A/cattle/Texas/24-008749-003/2024(H5N1)	606	11960
MP|PP755590.1|A/cattle/Texas/24-008749-003/2024(H5N1)	607	11836
MP|PP755590.1|A/cattle/Texas/24-008749-003/2024(H5N1)	608	11988
MP|PP755590.1|A/cattle/Texas/24-008749-003/2024(H5N1)	609	12005
MP|PP755590.1|A/cattle/Texas/24-008749-003/2024(H5N1)	610	11977
MP|PP755590.1|A/cattle/Texas/24-008749-003/2024(H5N1)	611	11964
MP|PP755590.1|A/cattle/Texas/24-008749-003/2024(H5N1)	612	12018
MP|PP755590.1|A/cattle/Texas/24-008749-003/2024(H5N1)	613	11981
MP|PP755590.1|A/cattle/Texas/24-008749-003/2024(H5N1)	614	11926
MP|PP755590.1|A/cattle/Texas/24-008749-003/2024(H5N1)	615	11910
MP|PP755590.1|A/cattle/Texas/24-008749-003/2024(H5N1)	616	11912
MP|PP755590.1|A/cattle/Texas/24-008749-003/2024(H5N1)	617	11967
MP|PP755590.1|A/cattle/Texas/24-008749-003/2024(H5N1)	618	11968
MP|PP755590.1|A/cattle/Texas/24-008749-003/2024(H5N1)	619	12130
MP|PP755590.1|A/cattle/Texas/24-008749-003/2024(H5N1)	620	12109
MP|PP755590.1|A/cattle/Texas/24-008749-003/2024(H5N1)	621	12214
MP|PP755590.1|A/cattle/Texas/24-008749-003/2024(H5N1)	622	12192
MP|PP755590.1|A/cattle/Texas/24-008749-003/2024(H5N1)	623	12069
MP|PP755590.1|A/cattle/Texas/24-008749-003/2024(H5N1)	624	12502
MP|PP755590.1|A/cattle/Texas/24-008749-003/2024(H5N1)	625	12523
MP|PP755590.1|A/cattle/Texas/24-008749-003/2024(H5N1)	626	12540
MP|PP755590.1|A/cattle/Texas/24-008749-003/2024(H5N1)	627	12532
MP|PP755590.1|A/cattle/Texas/24-008749-003/2024(H5N1)	628	12387
MP|PP755590.1|A/cattle/Texas/24-008749-003/2024(H5N1)	629	12639
MP|PP755590.1|A/cattle/Texas/24-008749-003/2024(H5N1)	630	12626
MP|PP755590.1|A/cattle/Texas/24-008749-003/2024(H5N1)	631	12597
MP|PP755590.1|A/cattle/Texas/24-008749-003/2024(H5N1)	632	12574
MP|PP755590.1|A/cattle/Texas/24-008749-003/2024(H5N1)	633	12161
MP|PP755590.1|A/cattle/Texas/24-008749-003/2024(H5N1)	634	12183
MP|PP755590.1|A/cattle/Texas/24-008749-003/2024(H5N1)	635	12170
MP|PP755590.1|A/cattle/Texas/24-008749-003/2024(H5N1)	636	12217
MP|PP755590.1|A/cattle/Texas/24-008749-003/2024(H5N1)	637	12426
MP|PP755590.1|A/cattle/Texas/24-008749-003/2024(H5N1)	638	12302
MP|PP755590.1|A/cattle/Texas/24-008749-003/2024(H5N1)	639	12117
MP|PP755590.1|A/cattle/Texas/24-008749-003/2024(H5N1)	640	12048
MP|PP755590.1|A/cattle/Texas/24-008749-003/2024(H5N1)	641	12036
MP|PP755590.1|A/cattle/Texas/24-008749-003/2024(H5N1)	642	12162
MP|PP755590.1|A/cattle/Texas/24-008749-003/2024(H5N1)	643	12315
MP|PP755590.1|A/cattle/Texas/24-008749-003/2024(H5N1)	644	12380
MP|PP755590.1|A/cattle/Texas/24-008749-003/2024(H5N1)	645	12400
MP|PP755590.1|A/cattle/Texas/24-008749-003/2024(H5N1)	646	12257
MP|PP755590.1|A/cattle/Texas/24-008749-003/2024(H5N1)	647	12228
MP|PP755590.1|A/cattle/Texas/24-008749-003/2024(H5N1)	648	12246
MP|PP755590.1|A/cattle/Texas/24-008749-003/2024(H5N1)	649	12219
MP|PP755590.1|A/cattle/Texas/24-008749-003/2024(H5N1)	650	12326
MP|PP755590.1|A/cattle/Texas/24-008749-003/2024(H5N1)	651	12522
MP|PP755590.1|A/cattle/Texas/24-008749-003/2024(H5N1)	652	12487
MP|PP755590.1|A/cattle/Texas/24-008749-003/2024(H5N1)	653	12600
MP|PP755590.1|A/cattle/Texas/24-008749-003/2024(H5N1)	654	12783
MP|PP755590.1|A/cattle/Texas/24-008749-003/2024(H5N1)	655	12715
MP|PP755590.1|A/cattle/Texas/24-008749-003/2024(H5N1)	656	12856
MP|PP755590.1|A/cattle/Texas/24-008749-003/2024(H5N1)	657	12819
MP|PP755590.1|A/cattle/Texas/24-008749-003/2024(H5N1)	658	12822
MP|PP755590.1|A/cattle/Texas/24-008749-003/2024(H5N1)	659	12850
MP|PP755590.1|A/cattle/Texas/24-008749-003/2024(H5N1)	660	12815
MP|PP755590.1|A/cattle/Texas/24-008749-003/2024(H5N1)	661	13005
MP|PP755590.1|A/cattle/Texas/24-008749-003/2024(H5N1)	662	12840
MP|PP755590.1|A/cattle/Texas/24-008749-003/2024(H5N1)	663	12578
MP|PP755590.1|A/cattle/Texas/24-008749-003/2024(H5N1)	664	12673
MP|PP755590.1|A/cattle/Texas/24-008749-003/2024(H5N1)	665	12627
MP|PP755590.1|A/cattle/Texas/24-008749-003/2024(H5N1)	666	13167
MP|PP755590.1|A/cattle/Texas/24-008749-003/2024(H5N1)	667	13104
MP|PP755590.1|A/cattle/Texas/24-008749-003/2024(H5N1)	668	13022
MP|PP755590.1|A/cattle/Texas/24-008749-003/2024(H5N1)	669	13031
MP|PP755590.1|A/cattle/Texas/24-008749-003/2024(H5N1)	670	13022
MP|PP755590.1|A/cattle/Texas/24-008749-003/2024(H5N1)	671	13032
MP|PP755590.1|A/cattle/Texas/24-008749-003/2024(H5N1)	672	13438
MP|PP755590.1|A/cattle/Texas/24-008749-003/2024(H5N1)	673	13325
MP|PP755590.1|A/cattle/Texas/24-008749-003/2024(H5N1)	674	13355
MP|PP755590.1|A/cattle/Texas/24-008749-003/2024(H5N1)	675	12948
MP|PP755590.1|A/cattle/Texas/24-008749-003/2024(H5N1)	676	12920
MP|PP755590.1|A/cattle/Texas/24-008749-003/2024(H5N1)	677	13089
MP|PP755590.1|A/cattle/Texas/24-008749-003/2024(H5N1)	678	13062
MP|PP755590.1|A/cattle/Texas/24-008749-003/2024(H5N1)	679	12977
MP|PP755590.1|A/cattle/Texas/24-008749-003/2024(H5N1)	680	12962
MP|PP755590.1|A/cattle/Texas/24-008749-003/2024(H5N1)	681	12515
MP|PP755590.1|A/cattle/Texas/24-008749-003/2024(H5N1)	682	12622
MP|PP755590.1|A/cattle/Texas/24-008749-003/2024(H5N1)	683	12746
MP|PP755590.1|A/cattle/Texas/24-008749-003/2024(H5N1)	684	12730
MP|PP755590.1|A/cattle/Texas/24-008749-003/2024(H5N1)	685	12728
MP|PP755590.1|A/cattle/Texas/24-008749-003/2024(H5N1)	686	12547
MP|PP755590.1|A/cattle/Texas/24-008749-003/2024(H5N1)	687	12607
MP|PP755590.1|A/cattle/Texas/24-008749-003/2024(H5N1)	688	12688
MP|PP755590.1|A/cattle/Texas/24-008749-003/2024(H5N1)	689	12524
MP|PP755590.1|A/cattle/Texas/24-008749-003/2024(H5N1)	690	12495
MP|PP755590.1|A/cattle/Texas/24-008749-003/2024(H5N1)	691	12471
MP|PP755590.1|A/cattle/Texas/24-008749-003/2024(H5N1)	692	12370
MP|PP755590.1|A/cattle/Texas/24-008749-003/2024(H5N1)	693	12341
MP|PP755590.1|A/cattle/Texas/24-008749-003/2024(H5N1)	694	12198
MP|PP755590.1|A/cattle/Texas/24-008749-003/2024(H5N1)	695	12279
MP|PP755590.1|A/cattle/Texas/24-008749-003/2024(H5N1)	696	12348
MP|PP755590.1|A/cattle/Texas/24-008749-003/2024(H5N1)	697	11865
MP|PP755590.1|A/cattle/Texas/24-008749-003/2024(H5N1)	698	11676
MP|PP755590.1|A/cattle/Texas/24-008749-003/2024(H5N1)	699	11764
MP|PP755590.1|A/cattle/Texas/24-008749-003/2024(H5N1)	700	11634
MP|PP755590.1|A/cattle/Texas/24-008749-003/2024(H5N1)	701	11639
MP|PP755590.1|A/cattle/Texas/24-008749-003/2024(H5N1)	702	11647
MP|PP755590.1|A/cattle/Texas/24-008749-003/2024(H5N1)	703	11648
MP|PP755590.1|A/cattle/Texas/24-008749-003/2024(H5N1)	704	11642
MP|PP755590.1|A/cattle/Texas/24-008749-003/2024(H5N1)	705	11575
MP|PP755590.1|A/cattle/Texas/24-008749-003/2024(H5N1)	706	11293
MP|PP755590.1|A/cattle/Texas/24-008749-003/2024(H5N1)	707	11249
MP|PP755590.1|A/cattle/Texas/24-008749-003/2024(H5N1)	708	11387
MP|PP755590.1|A/cattle/Texas/24-008749-003/2024(H5N1)	709	11553
MP|PP755590.1|A/cattle/Texas/24-008749-003/2024(H5N1)	710	11557
MP|PP755590.1|A/cattle/Texas/24-008749-003/2024(H5N1)	711	11525
MP|PP755590.1|A/cattle/Texas/24-008749-003/2024(H5N1)	712	11390
MP|PP755590.1|A/cattle/Texas/24-008749-003/2024(H5N1)	713	11382
MP|PP755590.1|A/cattle/Texas/24-008749-003/2024(H5N1)	714	11281
MP|PP755590.1|A/cattle/Texas/24-008749-003/2024(H5N1)	715	11300
MP|PP755590.1|A/cattle/Texas/24-008749-003/2024(H5N1)	716	11226
MP|PP755590.1|A/cattle/Texas/24-008749-003/2024(H5N1)	717	11091
MP|PP755590.1|A/cattle/Texas/24-008749-003/2024(H5N1)	718	11133
MP|PP755590.1|A/cattle/Texas/24-008749-003/2024(H5N1)	719	11334
MP|PP755590.1|A/cattle/Texas/24-008749-003/2024(H5N1)	720	11438
MP|PP755590.1|A/cattle/Texas/24-008749-003/2024(H5N1)	721	11423
MP|PP755590.1|A/cattle/Texas/24-008749-003/2024(H5N1)	722	11416
MP|PP755590.1|A/cattle/Texas/24-008749-003/2024(H5N1)	723	11386
MP|PP755590.1|A/cattle/Texas/24-008749-003/2024(H5N1)	724	11398
MP|PP755590.1|A/cattle/Texas/24-008749-003/2024(H5N1)	725	11420
MP|PP755590.1|A/cattle/Texas/24-008749-003/2024(H5N1)	726	11379
MP|PP755590.1|A/cattle/Texas/24-008749-003/2024(H5N1)	727	11369
MP|PP755590.1|A/cattle/Texas/24-008749-003/2024(H5N1)	728	11230
MP|PP755590.1|A/cattle/Texas/24-008749-003/2024(H5N1)	729	11232
MP|PP755590.1|A/cattle/Texas/24-008749-003/2024(H5N1)	730	11243
MP|PP755590.1|A/cattle/Texas/24-008749-003/2024(H5N1)	731	11258
MP|PP755590.1|A/cattle/Texas/24-008749-003/2024(H5N1)	732	11204
MP|PP755590.1|A/cattle/Texas/24-008749-003/2024(H5N1)	733	11375
MP|PP755590.1|A/cattle/Texas/24-008749-003/2024(H5N1)	734	11722
MP|PP755590.1|A/cattle/Texas/24-008749-003/2024(H5N1)	735	11664
MP|PP755590.1|A/cattle/Texas/24-008749-003/2024(H5N1)	736	11749
MP|PP755590.1|A/cattle/Texas/24-008749-003/2024(H5N1)	737	11722
MP|PP755590.1|A/cattle/Texas/24-008749-003/2024(H5N1)	738	11707
MP|PP755590.1|A/cattle/Texas/24-008749-003/2024(H5N1)	739	11946
MP|PP755590.1|A/cattle/Texas/24-008749-003/2024(H5N1)	740	11969
MP|PP755590.1|A/cattle/Texas/24-008749-003/2024(H5N1)	741	11947
MP|PP755590.1|A/cattle/Texas/24-008749-003/2024(H5N1)	742	11960
MP|PP755590.1|A/cattle/Texas/24-008749-003/2024(H5N1)	743	11572
MP|PP755590.1|A/cattle/Texas/24-008749-003/2024(H5N1)	744	11588
MP|PP755590.1|A/cattle/Texas/24-008749-003/2024(H5N1)	745	11528
MP|PP755590.1|A/cattle/Texas/24-008749-003/2024(H5N1)	746	11512
MP|PP755590.1|A/cattle/Texas/24-008749-003/2024(H5N1)	747	11503
MP|PP755590.1|A/cattle/Texas/24-008749-003/2024(H5N1)	748	12070
MP|PP755590.1|A/cattle/Texas/24-008749-003/2024(H5N1)	749	12094
MP|PP755590.1|A/cattle/Texas/24-008749-003/2024(H5N1)	750	12414
MP|PP755590.1|A/cattle/Texas/24-008749-003/2024(H5N1)	751	12456
MP|PP755590.1|A/cattle/Texas/24-008749-003/2024(H5N1)	752	12449
MP|PP755590.1|A/cattle/Texas/24-008749-003/2024(H5N1)	753	12522
MP|PP755590.1|A/cattle/Texas/24-008749-003/2024(H5N1)	754	12617
MP|PP755590.1|A/cattle/Texas/24-008749-003/2024(H5N1)	755	12449
MP|PP755590.1|A/cattle/Texas/24-008749-003/2024(H5N1)	756	12318
MP|PP755590.1|A/cattle/Texas/24-008749-003/2024(H5N1)	757	12469
MP|PP755590.1|A/cattle/Texas/24-008749-003/2024(H5N1)	758	12457
MP|PP755590.1|A/cattle/Texas/24-008749-003/2024(H5N1)	759	12489
MP|PP755590.1|A/cattle/Texas/24-008749-003/2024(H5N1)	760	12478
MP|PP755590.1|A/cattle/Texas/24-008749-003/2024(H5N1)	761	12573
MP|PP755590.1|A/cattle/Texas/24-008749-003/2024(H5N1)	762	12374
MP|PP755590.1|A/cattle/Texas/24-008749-003/2024(H5N1)	763	12437
MP|PP755590.1|A/cattle/Texas/24-008749-003/2024(H5N1)	764	12457
MP|PP755590.1|A/cattle/Texas/24-008749-003/2024(H5N1)	765	12420
MP|PP755590.1|A/cattle/Texas/24-008749-003/2024(H5N1)	766	12597
MP|PP755590.1|A/cattle/Texas/24-008749-003/2024(H5N1)	767	12593
MP|PP755590.1|A/cattle/Texas/24-008749-003/2024(H5N1)	768	12471
MP|PP755590.1|A/cattle/Texas/24-008749-003/2024(H5N1)	769	12548
MP|PP755590.1|A/cattle/Texas/24-008749-003/2024(H5N1)	770	12325
MP|PP755590.1|A/cattle/Texas/24-008749-003/2024(H5N1)	771	12438
MP|PP755590.1|A/cattle/Texas/24-008749-003/2024(H5N1)	772	12372
MP|PP755590.1|A/cattle/Texas/24-008749-003/2024(H5N1)	773	12354
MP|PP755590.1|A/cattle/Texas/24-008749-003/2024(H5N1)	774	11999
MP|PP755590.1|A/cattle/Texas/24-008749-003/2024(H5N1)	775	11893
MP|PP755590.1|A/cattle/Texas/24-008749-003/2024(H5N1)	776	11896
MP|PP755590.1|A/cattle/Texas/24-008749-003/2024(H5N1)	777	11998
MP|PP755590.1|A/cattle/Texas/24-008749-003/2024(H5N1)	778	11999
MP|PP755590.1|A/cattle/Texas/24-008749-003/2024(H5N1)	779	11986
MP|PP755590.1|A/cattle/Texas/24-008749-003/2024(H5N1)	780	11851
MP|PP755590.1|A/cattle/Texas/24-008749-003/2024(H5N1)	781	12438
MP|PP755590.1|A/cattle/Texas/24-008749-003/2024(H5N1)	782	12434
MP|PP755590.1|A/cattle/Texas/24-008749-003/2024(H5N1)	783	12383
MP|PP755590.1|A/cattle/Texas/24-008749-003/2024(H5N1)	784	12662
MP|PP755590.1|A/cattle/Texas/24-008749-003/2024(H5N1)	785	12674
MP|PP755590.1|A/cattle/Texas/24-008749-003/2024(H5N1)	786	12871
MP|PP755590.1|A/cattle/Texas/24-008749-003/2024(H5N1)	787	12613
MP|PP755590.1|A/cattle/Texas/24-008749-003/2024(H5N1)	788	12597
MP|PP755590.1|A/cattle/Texas/24-008749-003/2024(H5N1)	789	12568
MP|PP755590.1|A/cattle/Texas/24-008749-003/2024(H5N1)	790	12591
MP|PP755590.1|A/cattle/Texas/24-008749-003/2024(H5N1)	791	12971
MP|PP755590.1|A/cattle/Texas/24-008749-003/2024(H5N1)	792	12991
MP|PP755590.1|A/cattle/Texas/24-008749-003/2024(H5N1)	793	12729
MP|PP755590.1|A/cattle/Texas/24-008749-003/2024(H5N1)	794	12818
MP|PP755590.1|A/cattle/Texas/24-008749-003/2024(H5N1)	795	12928
MP|PP755590.1|A/cattle/Texas/24-008749-003/2024(H5N1)	796	12971
MP|PP755590.1|A/cattle/Texas/24-008749-003/2024(H5N1)	797	13005
MP|PP755590.1|A/cattle/Texas/24-008749-003/2024(H5N1)	798	13036
MP|PP755590.1|A/cattle/Texas/24-008749-003/2024(H5N1)	799	12959
MP|PP755590.1|A/cattle/Texas/24-008749-003/2024(H5N1)	800	12753
MP|PP755590.1|A/cattle/Texas/24-008749-003/2024(H5N1)	801	12814
MP|PP755590.1|A/cattle/Texas/24-008749-003/2024(H5N1)	802	12751
MP|PP755590.1|A/cattle/Texas/24-008749-003/2024(H5N1)	803	12880
MP|PP755590.1|A/cattle/Texas/24-008749-003/2024(H5N1)	804	12596
MP|PP755590.1|A/cattle/Texas/24-008749-003/2024(H5N1)	805	12405
MP|PP755590.1|A/cattle/Texas/24-008749-003/2024(H5N1)	806	12397
MP|PP755590.1|A/cattle/Texas/24-008749-003/2024(H5N1)	807	12280
MP|PP755590.1|A/cattle/Texas/24-008749-003/2024(H5N1)	808	12337
MP|PP755590.1|A/cattle/Texas/24-008749-003/2024(H5N1)	809	12317
MP|PP755590.1|A/cattle/Texas/24-008749-003/2024(H5N1)	810	12240
MP|PP755590.1|A/cattle/Texas/24-008749-003/2024(H5N1)	811	12244
MP|PP755590.1|A/cattle/Texas/24-008749-003/2024(H5N1)	812	12037
MP|PP755590.1|A/cattle/Texas/24-008749-003/2024(H5N1)	813	12031
MP|PP755590.1|A/cattle/Texas/24-008749-003/2024(H5N1)	814	11971
MP|PP755590.1|A/cattle/Texas/24-008749-003/2024(H5N1)	815	11508
MP|PP755590.1|A/cattle/Texas/24-008749-003/2024(H5N1)	816	11500
MP|PP755590.1|A/cattle/Texas/24-008749-003/2024(H5N1)	817	11395
MP|PP755590.1|A/cattle/Texas/24-008749-003/2024(H5N1)	818	11390
MP|PP755590.1|A/cattle/Texas/24-008749-003/2024(H5N1)	819	11481
MP|PP755590.1|A/cattle/Texas/24-008749-003/2024(H5N1)	820	11468
MP|PP755590.1|A/cattle/Texas/24-008749-003/2024(H5N1)	821	11475
MP|PP755590.1|A/cattle/Texas/24-008749-003/2024(H5N1)	822	11457
MP|PP755590.1|A/cattle/Texas/24-008749-003/2024(H5N1)	823	11037
MP|PP755590.1|A/cattle/Texas/24-008749-003/2024(H5N1)	824	11801
MP|PP755590.1|A/cattle/Texas/24-008749-003/2024(H5N1)	825	11776
MP|PP755590.1|A/cattle/Texas/24-008749-003/2024(H5N1)	826	11782
MP|PP755590.1|A/cattle/Texas/24-008749-003/2024(H5N1)	827	11797
MP|PP755590.1|A/cattle/Texas/24-008749-003/2024(H5N1)	828	11622
MP|PP755590.1|A/cattle/Texas/24-008749-003/2024(H5N1)	829	11912
MP|PP755590.1|A/cattle/Texas/24-008749-003/2024(H5N1)	830	11889
MP|PP755590.1|A/cattle/Texas/24-008749-003/2024(H5N1)	831	11896
MP|PP755590.1|A/cattle/Texas/24-008749-003/2024(H5N1)	832	11767
MP|PP755590.1|A/cattle/Texas/24-008749-003/2024(H5N1)	833	11712
MP|PP755590.1|A/cattle/Texas/24-008749-003/2024(H5N1)	834	11660
MP|PP755590.1|A/cattle/Texas/24-008749-003/2024(H5N1)	835	11643
MP|PP755590.1|A/cattle/Texas/24-008749-003/2024(H5N1)	836	11617
MP|PP755590.1|A/cattle/Texas/24-008749-003/2024(H5N1)	837	11647
MP|PP755590.1|A/cattle/Texas/24-008749-003/2024(H5N1)	838	11677
MP|PP755590.1|A/cattle/Texas/24-008749-003/2024(H5N1)	839	11692
MP|PP755590.1|A/cattle/Texas/24-008749-003/2024(H5N1)	840	11537
MP|PP755590.1|A/cattle/Texas/24-008749-003/2024(H5N1)	841	11529
MP|PP755590.1|A/cattle/Texas/24-008749-003/2024(H5N1)	842	11573
MP|PP755590.1|A/cattle/Texas/24-008749-003/2024(H5N1)	843	11567
MP|PP755590.1|A/cattle/Texas/24-008749-003/2024(H5N1)	844	11590
MP|PP755590.1|A/cattle/Texas/24-008749-003/2024(H5N1)	845	11559
MP|PP755590.1|A/cattle/Texas/24-008749-003/2024(H5N1)	846	11495
MP|PP755590.1|A/cattle/Texas/24-008749-003/2024(H5N1)	847	11538
MP|PP755590.1|A/cattle/Texas/24-008749-003/2024(H5N1)	848	11529
MP|PP755590.1|A/cattle/Texas/24-008749-003/2024(H5N1)	849	11548
MP|PP755590.1|A/cattle/Texas/24-008749-003/2024(H5N1)	850	11589
MP|PP755590.1|A/cattle/Texas/24-008749-003/2024(H5N1)	851	12604
MP|PP755590.1|A/cattle/Texas/24-008749-003/2024(H5N1)	852	12653
MP|PP755590.1|A/cattle/Texas/24-008749-003/2024(H5N1)	853	12798
MP|PP755590.1|A/cattle/Texas/24-008749-003/2024(H5N1)	854	12827
MP|PP755590.1|A/cattle/Texas/24-008749-003/2024(H5N1)	855	12831
MP|PP755590.1|A/cattle/Texas/24-008749-003/2024(H5N1)	856	12934
MP|PP755590.1|A/cattle/Texas/24-008749-003/2024(H5N1)	857	12936
MP|PP755590.1|A/cattle/Texas/24-008749-003/2024(H5N1)	858	12839
MP|PP755590.1|A/cattle/Texas/24-008749-003/2024(H5N1)	859	12580
MP|PP755590.1|A/cattle/Texas/24-008749-003/2024(H5N1)	860	12417
MP|PP755590.1|A/cattle/Texas/24-008749-003/2024(H5N1)	861	12435
MP|PP755590.1|A/cattle/Texas/24-008749-003/2024(H5N1)	862	12374
MP|PP755590.1|A/cattle/Texas/24-008749-003/2024(H5N1)	863	12350
MP|PP755590.1|A/cattle/Texas/24-008749-003/2024(H5N1)	864	12350
MP|PP755590.1|A/cattle/Texas/24-008749-003/2024(H5N1)	865	12296
MP|PP755590.1|A/cattle/Texas/24-008749-003/2024(H5N1)	866	12293
MP|PP755590.1|A/cattle/Texas/24-008749-003/2024(H5N1)	867	12302
MP|PP755590.1|A/cattle/Texas/24-008749-003/2024(H5N1)	868	12288
MP|PP755590.1|A/cattle/Texas/24-008749-003/2024(H5N1)	869	12185
MP|PP755590.1|A/cattle/Texas/24-008749-003/2024(H5N1)	870	12025
MP|PP755590.1|A/cattle/Texas/24-008749-003/2024(H5N1)	871	11853
MP|PP755590.1|A/cattle/Texas/24-008749-003/2024(H5N1)	872	11853
MP|PP755590.1|A/cattle/Texas/24-008749-003/2024(H5N1)	873	11859
MP|PP755590.1|A/cattle/Texas/24-008749-003/2024(H5N1)	874	11860
MP|PP755590.1|A/cattle/Texas/24-008749-003/2024(H5N1)	875	11814
MP|PP755590.1|A/cattle/Texas/24-008749-003/2024(H5N1)	876	11669
MP|PP755590.1|A/cattle/Texas/24-008749-003/2024(H5N1)	877	11654
MP|PP755590.1|A/cattle/Texas/24-008749-003/2024(H5N1)	878	11650
MP|PP755590.1|A/cattle/Texas/24-008749-003/2024(H5N1)	879	11583
MP|PP755590.1|A/cattle/Texas/24-008749-003/2024(H5N1)	880	11559
MP|PP755590.1|A/cattle/Texas/24-008749-003/2024(H5N1)	881	11566
MP|PP755590.1|A/cattle/Texas/24-008749-003/2024(H5N1)	882	11539
MP|PP755590.1|A/cattle/Texas/24-008749-003/2024(H5N1)	883	11342
MP|PP755590.1|A/cattle/Texas/24-008749-003/2024(H5N1)	884	11305
MP|PP755590.1|A/cattle/Texas/24-008749-003/2024(H5N1)	885	10972
MP|PP755590.1|A/cattle/Texas/24-008749-003/2024(H5N1)	886	10973
MP|PP755590.1|A/cattle/Texas/24-008749-003/2024(H5N1)	887	10865
MP|PP755590.1|A/cattle/Texas/24-008749-003/2024(H5N1)	888	10920
MP|PP755590.1|A/cattle/Texas/24-008749-003/2024(H5N1)	889	10857
MP|PP755590.1|A/cattle/Texas/24-008749-003/2024(H5N1)	890	10715
MP|PP755590.1|A/cattle/Texas/24-008749-003/2024(H5N1)	891	10672
MP|PP755590.1|A/cattle/Texas/24-008749-003/2024(H5N1)	892	10687
MP|PP755590.1|A/cattle/Texas/24-008749-003/2024(H5N1)	893	10663
MP|PP755590.1|A/cattle/Texas/24-008749-003/2024(H5N1)	894	10623
MP|PP755590.1|A/cattle/Texas/24-008749-003/2024(H5N1)	895	10532
MP|PP755590.1|A/cattle/Texas/24-008749-003/2024(H5N1)	896	10512
MP|PP755590.1|A/cattle/Texas/24-008749-003/2024(H5N1)	897	9854
MP|PP755590.1|A/cattle/Texas/24-008749-003/2024(H5N1)	898	9896
MP|PP755590.1|A/cattle/Texas/24-008749-003/2024(H5N1)	899	9556
MP|PP755590.1|A/cattle/Texas/24-008749-003/2024(H5N1)	900	9396
MP|PP755590.1|A/cattle/Texas/24-008749-003/2024(H5N1)	901	9221
MP|PP755590.1|A/cattle/Texas/24-008749-003/2024(H5N1)	902	9138
MP|PP755590.1|A/cattle/Texas/24-008749-003/2024(H5N1)	903	9141
MP|PP755590.1|A/cattle/Texas/24-008749-003/2024(H5N1)	904	9041
MP|PP755590.1|A/cattle/Texas/24-008749-003/2024(H5N1)	905	8934
MP|PP755590.1|A/cattle/Texas/24-008749-003/2024(H5N1)	906	8920
MP|PP755590.1|A/cattle/Texas/24-008749-003/2024(H5N1)	907	8614
MP|PP755590.1|A/cattle/Texas/24-008749-003/2024(H5N1)	908	8619
MP|PP755590.1|A/cattle/Texas/24-008749-003/2024(H5N1)	909	8590
MP|PP755590.1|A/cattle/Texas/24-008749-003/2024(H5N1)	910	8387
MP|PP755590.1|A/cattle/Texas/24-008749-003/2024(H5N1)	911	8389
MP|PP755590.1|A/cattle/Texas/24-008749-003/2024(H5N1)	912	8264
MP|PP755590.1|A/cattle/Texas/24-008749-003/2024(H5N1)	913	8253
MP|PP755590.1|A/cattle/Texas/24-008749-003/2024(H5N1)	914	8120
MP|PP755590.1|A/cattle/Texas/24-008749-003/2024(H5N1)	915	7982
MP|PP755590.1|A/cattle/Texas/24-008749-003/2024(H5N1)	916	7923
MP|PP755590.1|A/cattle/Texas/24-008749-003/2024(H5N1)	917	7802
MP|PP755590.1|A/cattle/Texas/24-008749-003/2024(H5N1)	918	7799
MP|PP755590.1|A/cattle/Texas/24-008749-003/2024(H5N1)	919	7783
MP|PP755590.1|A/cattle/Texas/24-008749-003/2024(H5N1)	920	7688
MP|PP755590.1|A/cattle/Texas/24-008749-003/2024(H5N1)	921	7646
MP|PP755590.1|A/cattle/Texas/24-008749-003/2024(H5N1)	922	7480
MP|PP755590.1|A/cattle/Texas/24-008749-003/2024(H5N1)	923	7523
MP|PP755590.1|A/cattle/Texas/24-008749-003/2024(H5N1)	924	7490
MP|PP755590.1|A/cattle/Texas/24-008749-003/2024(H5N1)	925	7465
MP|PP755590.1|A/cattle/Texas/24-008749-003/2024(H5N1)	926	7477
MP|PP755590.1|A/cattle/Texas/24-008749-003/2024(H5N1)	927	7313
MP|PP755590.1|A/cattle/Texas/24-008749-003/2024(H5N1)	928	7324
MP|PP755590.1|A/cattle/Texas/24-008749-003/2024(H5N1)	929	7297
MP|PP755590.1|A/cattle/Texas/24-008749-003/2024(H5N1)	930	7252
MP|PP755590.1|A/cattle/Texas/24-008749-003/2024(H5N1)	931	7177
MP|PP755590.1|A/cattle/Texas/24-008749-003/2024(H5N1)	932	6486
MP|PP755590.1|A/cattle/Texas/24-008749-003/2024(H5N1)	933	6490
MP|PP755590.1|A/cattle/Texas/24-008749-003/2024(H5N1)	934	6391
MP|PP755590.1|A/cattle/Texas/24-008749-003/2024(H5N1)	935	6140
MP|PP755590.1|A/cattle/Texas/24-008749-003/2024(H5N1)	936	6109
MP|PP755590.1|A/cattle/Texas/24-008749-003/2024(H5N1)	937	5833
MP|PP755590.1|A/cattle/Texas/24-008749-003/2024(H5N1)	938	5842
MP|PP755590.1|A/cattle/Texas/24-008749-003/2024(H5N1)	939	5839
MP|PP755590.1|A/cattle/Texas/24-008749-003/2024(H5N1)	940	5832
MP|PP755590.1|A/cattle/Texas/24-008749-003/2024(H5N1)	941	5824
MP|PP755590.1|A/cattle/Texas/24-008749-003/2024(H5N1)	942	5402
MP|PP755590.1|A/cattle/Texas/24-008749-003/2024(H5N1)	943	5383
MP|PP755590.1|A/cattle/Texas/24-008749-003/2024(H5N1)	944	5349
MP|PP755590.1|A/cattle/Texas/24-008749-003/2024(H5N1)	945	5081
MP|PP755590.1|A/cattle/Texas/24-008749-003/2024(H5N1)	946	4942
MP|PP755590.1|A/cattle/Texas/24-008749-003/2024(H5N1)	947	4869
MP|PP755590.1|A/cattle/Texas/24-008749-003/2024(H5N1)	948	4848
MP|PP755590.1|A/cattle/Texas/24-008749-003/2024(H5N1)	949	4781
MP|PP755590.1|A/cattle/Texas/24-008749-003/2024(H5N1)	950	4761
MP|PP755590.1|A/cattle/Texas/24-008749-003/2024(H5N1)	951	4692
MP|PP755590.1|A/cattle/Texas/24-008749-003/2024(H5N1)	952	4635
MP|PP755590.1|A/cattle/Texas/24-008749-003/2024(H5N1)	953	4611
MP|PP755590.1|A/cattle/Texas/24-008749-003/2024(H5N1)	954	4548
MP|PP755590.1|A/cattle/Texas/24-008749-003/2024(H5N1)	955	4546
MP|PP755590.1|A/cattle/Texas/24-008749-003/2024(H5N1)	956	4475
MP|PP755590.1|A/cattle/Texas/24-008749-003/2024(H5N1)	957	4459
MP|PP755590.1|A/cattle/Texas/24-008749-003/2024(H5N1)	958	4422
MP|PP755590.1|A/cattle/Texas/24-008749-003/2024(H5N1)	959	4393
MP|PP755590.1|A/cattle/Texas/24-008749-003/2024(H5N1)	960	4383
MP|PP755590.1|A/cattle/Texas/24-008749-003/2024(H5N1)	961	4353
MP|PP755590.1|A/cattle/Texas/24-008749-003/2024(H5N1)	962	4350
MP|PP755590.1|A/cattle/Texas/24-008749-003/2024(H5N1)	963	4265
MP|PP755590.1|A/cattle/Texas/24-008749-003/2024(H5N1)	964	4263
MP|PP755590.1|A/cattle/Texas/24-008749-003/2024(H5N1)	965	4236
MP|PP755590.1|A/cattle/Texas/24-008749-003/2024(H5N1)	966	4216
MP|PP755590.1|A/cattle/Texas/24-008749-003/2024(H5N1)	967	4212
MP|PP755590.1|A/cattle/Texas/24-008749-003/2024(H5N1)	968	4204
MP|PP755590.1|A/cattle/Texas/24-008749-003/2024(H5N1)	969	4201
MP|PP755590.1|A/cattle/Texas/24-008749-003/2024(H5N1)	970	4035
MP|PP755590.1|A/cattle/Texas/24-008749-003/2024(H5N1)	971	4027
MP|PP755590.1|A/cattle/Texas/24-008749-003/2024(H5N1)	972	3964
MP|PP755590.1|A/cattle/Texas/24-008749-003/2024(H5N1)	973	3956
MP|PP755590.1|A/cattle/Texas/24-008749-003/2024(H5N1)	974	3931
MP|PP755590.1|A/cattle/Texas/24-008749-003/2024(H5N1)	975	2965
MP|PP755590.1|A/cattle/Texas/24-008749-003/2024(H5N1)	976	2918
MP|PP755590.1|A/cattle/Texas/24-008749-003/2024(H5N1)	977	2911
MP|PP755590.1|A/cattle/Texas/24-008749-003/2024(H5N1)	978	2885
MP|PP755590.1|A/cattle/Texas/24-008749-003/2024(H5N1)	979	2835
MP|PP755590.1|A/cattle/Texas/24-008749-003/2024(H5N1)	980	2482
MP|PP755590.1|A/cattle/Texas/24-008749-003/2024(H5N1)	981	2454
MP|PP755590.1|A/cattle/Texas/24-008749-003/2024(H5N1)	982	2440
