PB1|PP755595.1|A/cattle/Texas/24-008749-003/2024(H5N1)	1	833
PB1|PP755595.1|A/cattle/Texas/24-008749-003/2024(H5N1)	2	841
PB1|PP755595.1|A/cattle/Texas/24-008749-003/2024(H5N1)	3	842
PB1|PP755595.1|A/cattle/Texas/24-008749-003/2024(H5N1)	4	846
PB1|PP755595.1|A/cattle/Texas/24-008749-003/2024(H5N1)	5	866
PB1|PP755595.1|A/cattle/Texas/24-008749-003/2024(H5N1)	6	873
PB1|PP755595.1|A/cattle/Texas/24-008749-003/2024(H5N1)	7	874
PB1|PP755595.1|A/cattle/Texas/24-008749-003/2024(H5N1)	8	875
PB1|PP755595.1|A/cattle/Texas/24-008749-003/2024(H5N1)	9	888
PB1|PP755595.1|A/cattle/Texas/24-008749-003/2024(H5N1)	10	890
PB1|PP755595.1|A/cattle/Texas/24-008749-003/2024(H5N1)	11	891
PB1|PP755595.1|A/cattle/Texas/24-008749-003/2024(H5N1)	12	891
PB1|PP755595.1|A/cattle/Texas/24-008749-003/2024(H5N1)	13	892
PB1|PP755595.1|A/cattle/Texas/24-008749-003/2024(H5N1)	14	901
PB1|PP755595.1|A/cattle/Texas/24-008749-003/2024(H5N1)	15	911
PB1|PP755595.1|A/cattle/Texas/24-008749-003/2024(H5N1)	16	937
PB1|PP755595.1|A/cattle/Texas/24-008749-003/2024(H5N1)	17	939
PB1|PP755595.1|A/cattle/Texas/24-008749-003/2024(H5N1)	18	939
PB1|PP755595.1|A/cattle/Texas/24-008749-003/2024(H5N1)	19	943
PB1|PP755595.1|A/cattle/Texas/24-008749-003/2024(H5N1)	20	943
PB1|PP755595.1|A/cattle/Texas/24-008749-003/2024(H5N1)	21	943
PB1|PP755595.1|A/cattle/Texas/24-008749-003/2024(H5N1)	22	943
PB1|PP755595.1|A/cattle/Texas/24-008749-003/2024(H5N1)	23	943
PB1|PP755595.1|A/cattle/Texas/24-008749-003/2024(H5N1)	24	945
PB1|PP755595.1|A/cattle/Texas/24-008749-003/2024(H5N1)	25	945
PB1|PP755595.1|A/cattle/Texas/24-008749-003/2024(H5N1)	26	989
PB1|PP755595.1|A/cattle/Texas/24-008749-003/2024(H5N1)	27	990
PB1|PP755595.1|A/cattle/Texas/24-008749-003/2024(H5N1)	28	990
PB1|PP755595.1|A/cattle/Texas/24-008749-003/2024(H5N1)	29	990
PB1|PP755595.1|A/cattle/Texas/24-008749-003/2024(H5N1)	30	989
PB1|PP755595.1|A/cattle/Texas/24-008749-003/2024(H5N1)	31	990
PB1|PP755595.1|A/cattle/Texas/24-008749-003/2024(H5N1)	32	1003
PB1|PP755595.1|A/cattle/Texas/24-008749-003/2024(H5N1)	33	1004
PB1|PP755595.1|A/cattle/Texas/24-008749-003/2024(H5N1)	34	1024
PB1|PP755595.1|A/cattle/Texas/24-008749-003/2024(H5N1)	35	1032
PB1|PP755595.1|A/cattle/Texas/24-008749-003/2024(H5N1)	36	1033
PB1|PP755595.1|A/cattle/Texas/24-008749-003/2024(H5N1)	37	1036
PB1|PP755595.1|A/cattle/Texas/24-008749-003/2024(H5N1)	38	1042
PB1|PP755595.1|A/cattle/Texas/24-008749-003/2024(H5N1)	39	1043
PB1|PP755595.1|A/cattle/Texas/24-008749-003/2024(H5N1)	40	1084
PB1|PP755595.1|A/cattle/Texas/24-008749-003/2024(H5N1)	41	1100
PB1|PP755595.1|A/cattle/Texas/24-008749-003/2024(H5N1)	42	1100
PB1|PP755595.1|A/cattle/Texas/24-008749-003/2024(H5N1)	43	1117
PB1|PP755595.1|A/cattle/Texas/24-008749-003/2024(H5N1)	44	1117
PB1|PP755595.1|A/cattle/Texas/24-008749-003/2024(H5N1)	45	1117
PB1|PP755595.1|A/cattle/Texas/24-008749-003/2024(H5N1)	46	1119
PB1|PP755595.1|A/cattle/Texas/24-008749-003/2024(H5N1)	47	1137
PB1|PP755595.1|A/cattle/Texas/24-008749-003/2024(H5N1)	48	1192
PB1|PP755595.1|A/cattle/Texas/24-008749-003/2024(H5N1)	49	1235
PB1|PP755595.1|A/cattle/Texas/24-008749-003/2024(H5N1)	50	1241
PB1|PP755595.1|A/cattle/Texas/24-008749-003/2024(H5N1)	51	1249
PB1|PP755595.1|A/cattle/Texas/24-008749-003/2024(H5N1)	52	1256
PB1|PP755595.1|A/cattle/Texas/24-008749-003/2024(H5N1)	53	1267
PB1|PP755595.1|A/cattle/Texas/24-008749-003/2024(H5N1)	54	1306
PB1|PP755595.1|A/cattle/Texas/24-008749-003/2024(H5N1)	55	1306
PB1|PP755595.1|A/cattle/Texas/24-008749-003/2024(H5N1)	56	1340
PB1|PP755595.1|A/cattle/Texas/24-008749-003/2024(H5N1)	57	1342
PB1|PP755595.1|A/cattle/Texas/24-008749-003/2024(H5N1)	58	1365
PB1|PP755595.1|A/cattle/Texas/24-008749-003/2024(H5N1)	59	1388
PB1|PP755595.1|A/cattle/Texas/24-008749-003/2024(H5N1)	60	1388
PB1|PP755595.1|A/cattle/Texas/24-008749-003/2024(H5N1)	61	1398
PB1|PP755595.1|A/cattle/Texas/24-008749-003/2024(H5N1)	62	1403
PB1|PP755595.1|A/cattle/Texas/24-008749-003/2024(H5N1)	63	1405
PB1|PP755595.1|A/cattle/Texas/24-008749-003/2024(H5N1)	64	1424
PB1|PP755595.1|A/cattle/Texas/24-008749-003/2024(H5N1)	65	1427
PB1|PP755595.1|A/cattle/Texas/24-008749-003/2024(H5N1)	66	1598
PB1|PP755595.1|A/cattle/Texas/24-008749-003/2024(H5N1)	67	1599
PB1|PP755595.1|A/cattle/Texas/24-008749-003/2024(H5N1)	68	1599
PB1|PP755595.1|A/cattle/Texas/24-008749-003/2024(H5N1)	69	1599
PB1|PP755595.1|A/cattle/Texas/24-008749-003/2024(H5N1)	70	1615
PB1|PP755595.1|A/cattle/Texas/24-008749-003/2024(H5N1)	71	1680
PB1|PP755595.1|A/cattle/Texas/24-008749-003/2024(H5N1)	72	1696
PB1|PP755595.1|A/cattle/Texas/24-008749-003/2024(H5N1)	73	1725
PB1|PP755595.1|A/cattle/Texas/24-008749-003/2024(H5N1)	74	1733
PB1|PP755595.1|A/cattle/Texas/24-008749-003/2024(H5N1)	75	1739
PB1|PP755595.1|A/cattle/Texas/24-008749-003/2024(H5N1)	76	1754
PB1|PP755595.1|A/cattle/Texas/24-008749-003/2024(H5N1)	77	1768
PB1|PP755595.1|A/cattle/Texas/24-008749-003/2024(H5N1)	78	1776
PB1|PP755595.1|A/cattle/Texas/24-008749-003/2024(H5N1)	79	1779
PB1|PP755595.1|A/cattle/Texas/24-008749-003/2024(H5N1)	80	1810
PB1|PP755595.1|A/cattle/Texas/24-008749-003/2024(H5N1)	81	1813
PB1|PP755595.1|A/cattle/Texas/24-008749-003/2024(H5N1)	82	1906
PB1|PP755595.1|A/cattle/Texas/24-008749-003/2024(H5N1)	83	1912
PB1|PP755595.1|A/cattle/Texas/24-008749-003/2024(H5N1)	84	1913
PB1|PP755595.1|A/cattle/Texas/24-008749-003/2024(H5N1)	85	1979
PB1|PP755595.1|A/cattle/Texas/24-008749-003/2024(H5N1)	86	1983
PB1|PP755595.1|A/cattle/Texas/24-008749-003/2024(H5N1)	87	1986
PB1|PP755595.1|A/cattle/Texas/24-008749-003/2024(H5N1)	88	1986
PB1|PP755595.1|A/cattle/Texas/24-008749-003/2024(H5N1)	89	1986
PB1|PP755595.1|A/cattle/Texas/24-008749-003/2024(H5N1)	90	1993
PB1|PP755595.1|A/cattle/Texas/24-008749-003/2024(H5N1)	91	1993
PB1|PP755595.1|A/cattle/Texas/24-008749-003/2024(H5N1)	92	2054
PB1|PP755595.1|A/cattle/Texas/24-008749-003/2024(H5N1)	93	2082
PB1|PP755595.1|A/cattle/Texas/24-008749-003/2024(H5N1)	94	2070
PB1|PP755595.1|A/cattle/Texas/24-008749-003/2024(H5N1)	95	2076
PB1|PP755595.1|A/cattle/Texas/24-008749-003/2024(H5N1)	96	2077
PB1|PP755595.1|A/cattle/Texas/24-008749-003/2024(H5N1)	97	2082
PB1|PP755595.1|A/cattle/Texas/24-008749-003/2024(H5N1)	98	2124
PB1|PP755595.1|A/cattle/Texas/24-008749-003/2024(H5N1)	99	2128
PB1|PP755595.1|A/cattle/Texas/24-008749-003/2024(H5N1)	100	2126
PB1|PP755595.1|A/cattle/Texas/24-008749-003/2024(H5N1)	101	2122
PB1|PP755595.1|A/cattle/Texas/24-008749-003/2024(H5N1)	102	2118
PB1|PP755595.1|A/cattle/Texas/24-008749-003/2024(H5N1)	103	2116
PB1|PP755595.1|A/cattle/Texas/24-008749-003/2024(H5N1)	104	2116
PB1|PP755595.1|A/cattle/Texas/24-008749-003/2024(H5N1)	105	2115
PB1|PP755595.1|A/cattle/Texas/24-008749-003/2024(H5N1)	106	2230
PB1|PP755595.1|A/cattle/Texas/24-008749-003/2024(H5N1)	107	2251
PB1|PP755595.1|A/cattle/Texas/24-008749-003/2024(H5N1)	108	2243
PB1|PP755595.1|A/cattle/Texas/24-008749-003/2024(H5N1)	109	2244
PB1|PP755595.1|A/cattle/Texas/24-008749-003/2024(H5N1)	110	2244
PB1|PP755595.1|A/cattle/Texas/24-008749-003/2024(H5N1)	111	2244
PB1|PP755595.1|A/cattle/Texas/24-008749-003/2024(H5N1)	112	2242
PB1|PP755595.1|A/cattle/Texas/24-008749-003/2024(H5N1)	113	2239
PB1|PP755595.1|A/cattle/Texas/24-008749-003/2024(H5N1)	114	2216
PB1|PP755595.1|A/cattle/Texas/24-008749-003/2024(H5N1)	115	2212
PB1|PP755595.1|A/cattle/Texas/24-008749-003/2024(H5N1)	116	2212
PB1|PP755595.1|A/cattle/Texas/24-008749-003/2024(H5N1)	117	2180
PB1|PP755595.1|A/cattle/Texas/24-008749-003/2024(H5N1)	118	2409
PB1|PP755595.1|A/cattle/Texas/24-008749-003/2024(H5N1)	119	2409
PB1|PP755595.1|A/cattle/Texas/24-008749-003/2024(H5N1)	120	2413
PB1|PP755595.1|A/cattle/Texas/24-008749-003/2024(H5N1)	121	2419
PB1|PP755595.1|A/cattle/Texas/24-008749-003/2024(H5N1)	122	2428
PB1|PP755595.1|A/cattle/Texas/24-008749-003/2024(H5N1)	123	2424
PB1|PP755595.1|A/cattle/Texas/24-008749-003/2024(H5N1)	124	2419
PB1|PP755595.1|A/cattle/Texas/24-008749-003/2024(H5N1)	125	2403
PB1|PP755595.1|A/cattle/Texas/24-008749-003/2024(H5N1)	126	2400
PB1|PP755595.1|A/cattle/Texas/24-008749-003/2024(H5N1)	127	2042
PB1|PP755595.1|A/cattle/Texas/24-008749-003/2024(H5N1)	128	1994
PB1|PP755595.1|A/cattle/Texas/24-008749-003/2024(H5N1)	129	1901
PB1|PP755595.1|A/cattle/Texas/24-008749-003/2024(H5N1)	130	2006
PB1|PP755595.1|A/cattle/Texas/24-008749-003/2024(H5N1)	131	2012
PB1|PP755595.1|A/cattle/Texas/24-008749-003/2024(H5N1)	132	2006
PB1|PP755595.1|A/cattle/Texas/24-008749-003/2024(H5N1)	133	2004
PB1|PP755595.1|A/cattle/Texas/24-008749-003/2024(H5N1)	134	2045
PB1|PP755595.1|A/cattle/Texas/24-008749-003/2024(H5N1)	135	2044
PB1|PP755595.1|A/cattle/Texas/24-008749-003/2024(H5N1)	136	2039
PB1|PP755595.1|A/cattle/Texas/24-008749-003/2024(H5N1)	137	2025
PB1|PP755595.1|A/cattle/Texas/24-008749-003/2024(H5N1)	138	2006
PB1|PP755595.1|A/cattle/Texas/24-008749-003/2024(H5N1)	139	2154
PB1|PP755595.1|A/cattle/Texas/24-008749-003/2024(H5N1)	140	2149
PB1|PP755595.1|A/cattle/Texas/24-008749-003/2024(H5N1)	141	2178
PB1|PP755595.1|A/cattle/Texas/24-008749-003/2024(H5N1)	142	2174
PB1|PP755595.1|A/cattle/Texas/24-008749-003/2024(H5N1)	143	2165
PB1|PP755595.1|A/cattle/Texas/24-008749-003/2024(H5N1)	144	2132
PB1|PP755595.1|A/cattle/Texas/24-008749-003/2024(H5N1)	145	2127
PB1|PP755595.1|A/cattle/Texas/24-008749-003/2024(H5N1)	146	2121
PB1|PP755595.1|A/cattle/Texas/24-008749-003/2024(H5N1)	147	2080
PB1|PP755595.1|A/cattle/Texas/24-008749-003/2024(H5N1)	148	2053
PB1|PP755595.1|A/cattle/Texas/24-008749-003/2024(H5N1)	149	2043
PB1|PP755595.1|A/cattle/Texas/24-008749-003/2024(H5N1)	150	2035
PB1|PP755595.1|A/cattle/Texas/24-008749-003/2024(H5N1)	151	2035
PB1|PP755595.1|A/cattle/Texas/24-008749-003/2024(H5N1)	152	2028
PB1|PP755595.1|A/cattle/Texas/24-008749-003/2024(H5N1)	153	1999
PB1|PP755595.1|A/cattle/Texas/24-008749-003/2024(H5N1)	154	1997
PB1|PP755595.1|A/cattle/Texas/24-008749-003/2024(H5N1)	155	2003
PB1|PP755595.1|A/cattle/Texas/24-008749-003/2024(H5N1)	156	1991
PB1|PP755595.1|A/cattle/Texas/24-008749-003/2024(H5N1)	157	2029
PB1|PP755595.1|A/cattle/Texas/24-008749-003/2024(H5N1)	158	2032
PB1|PP755595.1|A/cattle/Texas/24-008749-003/2024(H5N1)	159	2033
PB1|PP755595.1|A/cattle/Texas/24-008749-003/2024(H5N1)	160	2194
PB1|PP755595.1|A/cattle/Texas/24-008749-003/2024(H5N1)	161	2196
PB1|PP755595.1|A/cattle/Texas/24-008749-003/2024(H5N1)	162	2201
PB1|PP755595.1|A/cattle/Texas/24-008749-003/2024(H5N1)	163	2202
PB1|PP755595.1|A/cattle/Texas/24-008749-003/2024(H5N1)	164	2207
PB1|PP755595.1|A/cattle/Texas/24-008749-003/2024(H5N1)	165	2203
PB1|PP755595.1|A/cattle/Texas/24-008749-003/2024(H5N1)	166	2192
PB1|PP755595.1|A/cattle/Texas/24-008749-003/2024(H5N1)	167	2200
PB1|PP755595.1|A/cattle/Texas/24-008749-003/2024(H5N1)	168	2197
PB1|PP755595.1|A/cattle/Texas/24-008749-003/2024(H5N1)	169	2205
PB1|PP755595.1|A/cattle/Texas/24-008749-003/2024(H5N1)	170	2210
PB1|PP755595.1|A/cattle/Texas/24-008749-003/2024(H5N1)	171	2210
PB1|PP755595.1|A/cattle/Texas/24-008749-003/2024(H5N1)	172	2211
PB1|PP755595.1|A/cattle/Texas/24-008749-003/2024(H5N1)	173	2239
PB1|PP755595.1|A/cattle/Texas/24-008749-003/2024(H5N1)	174	2263
PB1|PP755595.1|A/cattle/Texas/24-008749-003/2024(H5N1)	175	2261
PB1|PP755595.1|A/cattle/Texas/24-008749-003/2024(H5N1)	176	2249
PB1|PP755595.1|A/cattle/Texas/24-008749-003/2024(H5N1)	177	2239
PB1|PP755595.1|A/cattle/Texas/24-008749-003/2024(H5N1)	178	2239
PB1|PP755595.1|A/cattle/Texas/24-008749-003/2024(H5N1)	179	2258
PB1|PP755595.1|A/cattle/Texas/24-008749-003/2024(H5N1)	180	2298
PB1|PP755595.1|A/cattle/Texas/24-008749-003/2024(H5N1)	181	2295
PB1|PP755595.1|A/cattle/Texas/24-008749-003/2024(H5N1)	182	2305
PB1|PP755595.1|A/cattle/Texas/24-008749-003/2024(H5N1)	183	2288
PB1|PP755595.1|A/cattle/Texas/24-008749-003/2024(H5N1)	184	2286
PB1|PP755595.1|A/cattle/Texas/24-008749-003/2024(H5N1)	185	2275
PB1|PP755595.1|A/cattle/Texas/24-008749-003/2024(H5N1)	186	2258
PB1|PP755595.1|A/cattle/Texas/24-008749-003/2024(H5N1)	187	2258
PB1|PP755595.1|A/cattle/Texas/24-008749-003/2024(H5N1)	188	2290
PB1|PP755595.1|A/cattle/Texas/24-008749-003/2024(H5N1)	189	2282
PB1|PP755595.1|A/cattle/Texas/24-008749-003/2024(H5N1)	190	2360
PB1|PP755595.1|A/cattle/Texas/24-008749-003/2024(H5N1)	191	2349
PB1|PP755595.1|A/cattle/Texas/24-008749-003/2024(H5N1)	192	2347
PB1|PP755595.1|A/cattle/Texas/24-008749-003/2024(H5N1)	193	2357
PB1|PP755595.1|A/cattle/Texas/24-008749-003/2024(H5N1)	194	2350
PB1|PP755595.1|A/cattle/Texas/24-008749-003/2024(H5N1)	195	2390
PB1|PP755595.1|A/cattle/Texas/24-008749-003/2024(H5N1)	196	2390
PB1|PP755595.1|A/cattle/Texas/24-008749-003/2024(H5N1)	197	2386
PB1|PP755595.1|A/cattle/Texas/24-008749-003/2024(H5N1)	198	2385
PB1|PP755595.1|A/cattle/Texas/24-008749-003/2024(H5N1)	199	2325
PB1|PP755595.1|A/cattle/Texas/24-008749-003/2024(H5N1)	200	2317
PB1|PP755595.1|A/cattle/Texas/24-008749-003/2024(H5N1)	201	2315
PB1|PP755595.1|A/cattle/Texas/24-008749-003/2024(H5N1)	202	2312
PB1|PP755595.1|A/cattle/Texas/24-008749-003/2024(H5N1)	203	2358
PB1|PP755595.1|A/cattle/Texas/24-008749-003/2024(H5N1)	204	2342
PB1|PP755595.1|A/cattle/Texas/24-008749-003/2024(H5N1)	205	2350
PB1|PP755595.1|A/cattle/Texas/24-008749-003/2024(H5N1)	206	2352
PB1|PP755595.1|A/cattle/Texas/24-008749-003/2024(H5N1)	207	2332
PB1|PP755595.1|A/cattle/Texas/24-008749-003/2024(H5N1)	208	2295
PB1|PP755595.1|A/cattle/Texas/24-008749-003/2024(H5N1)	209	2259
PB1|PP755595.1|A/cattle/Texas/24-008749-003/2024(H5N1)	210	2237
PB1|PP755595.1|A/cattle/Texas/24-008749-003/2024(H5N1)	211	2237
PB1|PP755595.1|A/cattle/Texas/24-008749-003/2024(H5N1)	212	2227
PB1|PP755595.1|A/cattle/Texas/24-008749-003/2024(H5N1)	213	1785
PB1|PP755595.1|A/cattle/Texas/24-008749-003/2024(H5N1)	214	1773
PB1|PP755595.1|A/cattle/Texas/24-008749-003/2024(H5N1)	215	1772
PB1|PP755595.1|A/cattle/Texas/24-008749-003/2024(H5N1)	216	1769
PB1|PP755595.1|A/cattle/Texas/24-008749-003/2024(H5N1)	217	1633
PB1|PP755595.1|A/cattle/Texas/24-008749-003/2024(H5N1)	218	1640
PB1|PP755595.1|A/cattle/Texas/24-008749-003/2024(H5N1)	219	1652
PB1|PP755595.1|A/cattle/Texas/24-008749-003/2024(H5N1)	220	1764
PB1|PP755595.1|A/cattle/Texas/24-008749-003/2024(H5N1)	221	1764
PB1|PP755595.1|A/cattle/Texas/24-008749-003/2024(H5N1)	222	1764
PB1|PP755595.1|A/cattle/Texas/24-008749-003/2024(H5N1)	223	1778
PB1|PP755595.1|A/cattle/Texas/24-008749-003/2024(H5N1)	224	1775
PB1|PP755595.1|A/cattle/Texas/24-008749-003/2024(H5N1)	225	1769
PB1|PP755595.1|A/cattle/Texas/24-008749-003/2024(H5N1)	226	1793
PB1|PP755595.1|A/cattle/Texas/24-008749-003/2024(H5N1)	227	1799
PB1|PP755595.1|A/cattle/Texas/24-008749-003/2024(H5N1)	228	1808
PB1|PP755595.1|A/cattle/Texas/24-008749-003/2024(H5N1)	229	1782
PB1|PP755595.1|A/cattle/Texas/24-008749-003/2024(H5N1)	230	1781
PB1|PP755595.1|A/cattle/Texas/24-008749-003/2024(H5N1)	231	1779
PB1|PP755595.1|A/cattle/Texas/24-008749-003/2024(H5N1)	232	1783
PB1|PP755595.1|A/cattle/Texas/24-008749-003/2024(H5N1)	233	1796
PB1|PP755595.1|A/cattle/Texas/24-008749-003/2024(H5N1)	234	1830
PB1|PP755595.1|A/cattle/Texas/24-008749-003/2024(H5N1)	235	2022
PB1|PP755595.1|A/cattle/Texas/24-008749-003/2024(H5N1)	236	2025
PB1|PP755595.1|A/cattle/Texas/24-008749-003/2024(H5N1)	237	2040
PB1|PP755595.1|A/cattle/Texas/24-008749-003/2024(H5N1)	238	2044
PB1|PP755595.1|A/cattle/Texas/24-008749-003/2024(H5N1)	239	2050
PB1|PP755595.1|A/cattle/Texas/24-008749-003/2024(H5N1)	240	2127
PB1|PP755595.1|A/cattle/Texas/24-008749-003/2024(H5N1)	241	2129
PB1|PP755595.1|A/cattle/Texas/24-008749-003/2024(H5N1)	242	2238
PB1|PP755595.1|A/cattle/Texas/24-008749-003/2024(H5N1)	243	2239
PB1|PP755595.1|A/cattle/Texas/24-008749-003/2024(H5N1)	244	2239
PB1|PP755595.1|A/cattle/Texas/24-008749-003/2024(H5N1)	245	2251
PB1|PP755595.1|A/cattle/Texas/24-008749-003/2024(H5N1)	246	2296
PB1|PP755595.1|A/cattle/Texas/24-008749-003/2024(H5N1)	247	2313
PB1|PP755595.1|A/cattle/Texas/24-008749-003/2024(H5N1)	248	2313
PB1|PP755595.1|A/cattle/Texas/24-008749-003/2024(H5N1)	249	2313
PB1|PP755595.1|A/cattle/Texas/24-008749-003/2024(H5N1)	250	2309
PB1|PP755595.1|A/cattle/Texas/24-008749-003/2024(H5N1)	251	2264
PB1|PP755595.1|A/cattle/Texas/24-008749-003/2024(H5N1)	252	2260
PB1|PP755595.1|A/cattle/Texas/24-008749-003/2024(H5N1)	253	2259
PB1|PP755595.1|A/cattle/Texas/24-008749-003/2024(H5N1)	254	2217
PB1|PP755595.1|A/cattle/Texas/24-008749-003/2024(H5N1)	255	1819
PB1|PP755595.1|A/cattle/Texas/24-008749-003/2024(H5N1)	256	1819
PB1|PP755595.1|A/cattle/Texas/24-008749-003/2024(H5N1)	257	1819
PB1|PP755595.1|A/cattle/Texas/24-008749-003/2024(H5N1)	258	1819
PB1|PP755595.1|A/cattle/Texas/24-008749-003/2024(H5N1)	259	1819
PB1|PP755595.1|A/cattle/Texas/24-008749-003/2024(H5N1)	260	1819
PB1|PP755595.1|A/cattle/Texas/24-008749-003/2024(H5N1)	261	1817
PB1|PP755595.1|A/cattle/Texas/24-008749-003/2024(H5N1)	262	1817
PB1|PP755595.1|A/cattle/Texas/24-008749-003/2024(H5N1)	263	1817
PB1|PP755595.1|A/cattle/Texas/24-008749-003/2024(H5N1)	264	1816
PB1|PP755595.1|A/cattle/Texas/24-008749-003/2024(H5N1)	265	1818
PB1|PP755595.1|A/cattle/Texas/24-008749-003/2024(H5N1)	266	1824
PB1|PP755595.1|A/cattle/Texas/24-008749-003/2024(H5N1)	267	1824
PB1|PP755595.1|A/cattle/Texas/24-008749-003/2024(H5N1)	268	2019
PB1|PP755595.1|A/cattle/Texas/24-008749-003/2024(H5N1)	269	2036
PB1|PP755595.1|A/cattle/Texas/24-008749-003/2024(H5N1)	270	2044
PB1|PP755595.1|A/cattle/Texas/24-008749-003/2024(H5N1)	271	2054
PB1|PP755595.1|A/cattle/Texas/24-008749-003/2024(H5N1)	272	2072
PB1|PP755595.1|A/cattle/Texas/24-008749-003/2024(H5N1)	273	2080
PB1|PP755595.1|A/cattle/Texas/24-008749-003/2024(H5N1)	274	2089
PB1|PP755595.1|A/cattle/Texas/24-008749-003/2024(H5N1)	275	2091
PB1|PP755595.1|A/cattle/Texas/24-008749-003/2024(H5N1)	276	2113
PB1|PP755595.1|A/cattle/Texas/24-008749-003/2024(H5N1)	277	2115
PB1|PP755595.1|A/cattle/Texas/24-008749-003/2024(H5N1)	278	2170
PB1|PP755595.1|A/cattle/Texas/24-008749-003/2024(H5N1)	279	2170
PB1|PP755595.1|A/cattle/Texas/24-008749-003/2024(H5N1)	280	2170
PB1|PP755595.1|A/cattle/Texas/24-008749-003/2024(H5N1)	281	2222
PB1|PP755595.1|A/cattle/Texas/24-008749-003/2024(H5N1)	282	2260
PB1|PP755595.1|A/cattle/Texas/24-008749-003/2024(H5N1)	283	2217
PB1|PP755595.1|A/cattle/Texas/24-008749-003/2024(H5N1)	284	2217
PB1|PP755595.1|A/cattle/Texas/24-008749-003/2024(H5N1)	285	2209
PB1|PP755595.1|A/cattle/Texas/24-008749-003/2024(H5N1)	286	2226
PB1|PP755595.1|A/cattle/Texas/24-008749-003/2024(H5N1)	287	2224
PB1|PP755595.1|A/cattle/Texas/24-008749-003/2024(H5N1)	288	2170
PB1|PP755595.1|A/cattle/Texas/24-008749-003/2024(H5N1)	289	2171
PB1|PP755595.1|A/cattle/Texas/24-008749-003/2024(H5N1)	290	2015
PB1|PP755595.1|A/cattle/Texas/24-008749-003/2024(H5N1)	291	2093
PB1|PP755595.1|A/cattle/Texas/24-008749-003/2024(H5N1)	292	2392
PB1|PP755595.1|A/cattle/Texas/24-008749-003/2024(H5N1)	293	2399
PB1|PP755595.1|A/cattle/Texas/24-008749-003/2024(H5N1)	294	2389
PB1|PP755595.1|A/cattle/Texas/24-008749-003/2024(H5N1)	295	2556
PB1|PP755595.1|A/cattle/Texas/24-008749-003/2024(H5N1)	296	2583
PB1|PP755595.1|A/cattle/Texas/24-008749-003/2024(H5N1)	297	2595
PB1|PP755595.1|A/cattle/Texas/24-008749-003/2024(H5N1)	298	2613
PB1|PP755595.1|A/cattle/Texas/24-008749-003/2024(H5N1)	299	2603
PB1|PP755595.1|A/cattle/Texas/24-008749-003/2024(H5N1)	300	2492
PB1|PP755595.1|A/cattle/Texas/24-008749-003/2024(H5N1)	301	2492
PB1|PP755595.1|A/cattle/Texas/24-008749-003/2024(H5N1)	302	2485
PB1|PP755595.1|A/cattle/Texas/24-008749-003/2024(H5N1)	303	2491
PB1|PP755595.1|A/cattle/Texas/24-008749-003/2024(H5N1)	304	2544
PB1|PP755595.1|A/cattle/Texas/24-008749-003/2024(H5N1)	305	2548
PB1|PP755595.1|A/cattle/Texas/24-008749-003/2024(H5N1)	306	2527
PB1|PP755595.1|A/cattle/Texas/24-008749-003/2024(H5N1)	307	2519
PB1|PP755595.1|A/cattle/Texas/24-008749-003/2024(H5N1)	308	2524
PB1|PP755595.1|A/cattle/Texas/24-008749-003/2024(H5N1)	309	2533
PB1|PP755595.1|A/cattle/Texas/24-008749-003/2024(H5N1)	310	2534
PB1|PP755595.1|A/cattle/Texas/24-008749-003/2024(H5N1)	311	2543
PB1|PP755595.1|A/cattle/Texas/24-008749-003/2024(H5N1)	312	2544
PB1|PP755595.1|A/cattle/Texas/24-008749-003/2024(H5N1)	313	2539
PB1|PP755595.1|A/cattle/Texas/24-008749-003/2024(H5N1)	314	2541
PB1|PP755595.1|A/cattle/Texas/24-008749-003/2024(H5N1)	315	2572
PB1|PP755595.1|A/cattle/Texas/24-008749-003/2024(H5N1)	316	2568
PB1|PP755595.1|A/cattle/Texas/24-008749-003/2024(H5N1)	317	2569
PB1|PP755595.1|A/cattle/Texas/24-008749-003/2024(H5N1)	318	2560
PB1|PP755595.1|A/cattle/Texas/24-008749-003/2024(H5N1)	319	2698
PB1|PP755595.1|A/cattle/Texas/24-008749-003/2024(H5N1)	320	2712
PB1|PP755595.1|A/cattle/Texas/24-008749-003/2024(H5N1)	321	2719
PB1|PP755595.1|A/cattle/Texas/24-008749-003/2024(H5N1)	322	2722
PB1|PP755595.1|A/cattle/Texas/24-008749-003/2024(H5N1)	323	2721
PB1|PP755595.1|A/cattle/Texas/24-008749-003/2024(H5N1)	324	2686
PB1|PP755595.1|A/cattle/Texas/24-008749-003/2024(H5N1)	325	2662
PB1|PP755595.1|A/cattle/Texas/24-008749-003/2024(H5N1)	326	2664
PB1|PP755595.1|A/cattle/Texas/24-008749-003/2024(H5N1)	327	2662
PB1|PP755595.1|A/cattle/Texas/24-008749-003/2024(H5N1)	328	2670
PB1|PP755595.1|A/cattle/Texas/24-008749-003/2024(H5N1)	329	2666
PB1|PP755595.1|A/cattle/Texas/24-008749-003/2024(H5N1)	330	2673
PB1|PP755595.1|A/cattle/Texas/24-008749-003/2024(H5N1)	331	2645
PB1|PP755595.1|A/cattle/Texas/24-008749-003/2024(H5N1)	332	2645
PB1|PP755595.1|A/cattle/Texas/24-008749-003/2024(H5N1)	333	2635
PB1|PP755595.1|A/cattle/Texas/24-008749-003/2024(H5N1)	334	2656
PB1|PP755595.1|A/cattle/Texas/24-008749-003/2024(H5N1)	335	2659
PB1|PP755595.1|A/cattle/Texas/24-008749-003/2024(H5N1)	336	2654
PB1|PP755595.1|A/cattle/Texas/24-008749-003/2024(H5N1)	337	2655
PB1|PP755595.1|A/cattle/Texas/24-008749-003/2024(H5N1)	338	2648
PB1|PP755595.1|A/cattle/Texas/24-008749-003/2024(H5N1)	339	2618
PB1|PP755595.1|A/cattle/Texas/24-008749-003/2024(H5N1)	340	2618
PB1|PP755595.1|A/cattle/Texas/24-008749-003/2024(H5N1)	341	2513
PB1|PP755595.1|A/cattle/Texas/24-008749-003/2024(H5N1)	342	2513
PB1|PP755595.1|A/cattle/Texas/24-008749-003/2024(H5N1)	343	2505
PB1|PP755595.1|A/cattle/Texas/24-008749-003/2024(H5N1)	344	2497
PB1|PP755595.1|A/cattle/Texas/24-008749-003/2024(H5N1)	345	2515
PB1|PP755595.1|A/cattle/Texas/24-008749-003/2024(H5N1)	346	2573
PB1|PP755595.1|A/cattle/Texas/24-008749-003/2024(H5N1)	347	2592
PB1|PP755595.1|A/cattle/Texas/24-008749-003/2024(H5N1)	348	2596
PB1|PP755595.1|A/cattle/Texas/24-008749-003/2024(H5N1)	349	2586
PB1|PP755595.1|A/cattle/Texas/24-008749-003/2024(H5N1)	350	2567
PB1|PP755595.1|A/cattle/Texas/24-008749-003/2024(H5N1)	351	2574
PB1|PP755595.1|A/cattle/Texas/24-008749-003/2024(H5N1)	352	2584
PB1|PP755595.1|A/cattle/Texas/24-008749-003/2024(H5N1)	353	2595
PB1|PP755595.1|A/cattle/Texas/24-008749-003/2024(H5N1)	354	2548
PB1|PP755595.1|A/cattle/Texas/24-008749-003/2024(H5N1)	355	2548
PB1|PP755595.1|A/cattle/Texas/24-008749-003/2024(H5N1)	356	2506
PB1|PP755595.1|A/cattle/Texas/24-008749-003/2024(H5N1)	357	2503
PB1|PP755595.1|A/cattle/Texas/24-008749-003/2024(H5N1)	358	2497
PB1|PP755595.1|A/cattle/Texas/24-008749-003/2024(H5N1)	359	2478
PB1|PP755595.1|A/cattle/Texas/24-008749-003/2024(H5N1)	360	2474
PB1|PP755595.1|A/cattle/Texas/24-008749-003/2024(H5N1)	361	2455
PB1|PP755595.1|A/cattle/Texas/24-008749-003/2024(H5N1)	362	2450
PB1|PP755595.1|A/cattle/Texas/24-008749-003/2024(H5N1)	363	1746
PB1|PP755595.1|A/cattle/Texas/24-008749-003/2024(H5N1)	364	1687
PB1|PP755595.1|A/cattle/Texas/24-008749-003/2024(H5N1)	365	1687
PB1|PP755595.1|A/cattle/Texas/24-008749-003/2024(H5N1)	366	1687
PB1|PP755595.1|A/cattle/Texas/24-008749-003/2024(H5N1)	367	1695
PB1|PP755595.1|A/cattle/Texas/24-008749-003/2024(H5N1)	368	1699
PB1|PP755595.1|A/cattle/Texas/24-008749-003/2024(H5N1)	369	1699
PB1|PP755595.1|A/cattle/Texas/24-008749-003/2024(H5N1)	370	1701
PB1|PP755595.1|A/cattle/Texas/24-008749-003/2024(H5N1)	371	1715
PB1|PP755595.1|A/cattle/Texas/24-008749-003/2024(H5N1)	372	1716
PB1|PP755595.1|A/cattle/Texas/24-008749-003/2024(H5N1)	373	1725
PB1|PP755595.1|A/cattle/Texas/24-008749-003/2024(H5N1)	374	1725
PB1|PP755595.1|A/cattle/Texas/24-008749-003/2024(H5N1)	375	1725
PB1|PP755595.1|A/cattle/Texas/24-008749-003/2024(H5N1)	376	1764
PB1|PP755595.1|A/cattle/Texas/24-008749-003/2024(H5N1)	377	1764
PB1|PP755595.1|A/cattle/Texas/24-008749-003/2024(H5N1)	378	1767
PB1|PP755595.1|A/cattle/Texas/24-008749-003/2024(H5N1)	379	2012
PB1|PP755595.1|A/cattle/Texas/24-008749-003/2024(H5N1)	380	2012
PB1|PP755595.1|A/cattle/Texas/24-008749-003/2024(H5N1)	381	2023
PB1|PP755595.1|A/cattle/Texas/24-008749-003/2024(H5N1)	382	2110
PB1|PP755595.1|A/cattle/Texas/24-008749-003/2024(H5N1)	383	2123
PB1|PP755595.1|A/cattle/Texas/24-008749-003/2024(H5N1)	384	2124
PB1|PP755595.1|A/cattle/Texas/24-008749-003/2024(H5N1)	385	2131
PB1|PP755595.1|A/cattle/Texas/24-008749-003/2024(H5N1)	386	2148
PB1|PP755595.1|A/cattle/Texas/24-008749-003/2024(H5N1)	387	2165
PB1|PP755595.1|A/cattle/Texas/24-008749-003/2024(H5N1)	388	2165
PB1|PP755595.1|A/cattle/Texas/24-008749-003/2024(H5N1)	389	2176
PB1|PP755595.1|A/cattle/Texas/24-008749-003/2024(H5N1)	390	2177
PB1|PP755595.1|A/cattle/Texas/24-008749-003/2024(H5N1)	391	2177
PB1|PP755595.1|A/cattle/Texas/24-008749-003/2024(H5N1)	392	2177
PB1|PP755595.1|A/cattle/Texas/24-008749-003/2024(H5N1)	393	2177
PB1|PP755595.1|A/cattle/Texas/24-008749-003/2024(H5N1)	394	2177
PB1|PP755595.1|A/cattle/Texas/24-008749-003/2024(H5N1)	395	2174
PB1|PP755595.1|A/cattle/Texas/24-008749-003/2024(H5N1)	396	2165
PB1|PP755595.1|A/cattle/Texas/24-008749-003/2024(H5N1)	397	2111
PB1|PP755595.1|A/cattle/Texas/24-008749-003/2024(H5N1)	398	2111
PB1|PP755595.1|A/cattle/Texas/24-008749-003/2024(H5N1)	399	2111
PB1|PP755595.1|A/cattle/Texas/24-008749-003/2024(H5N1)	400	2111
PB1|PP755595.1|A/cattle/Texas/24-008749-003/2024(H5N1)	401	2095
PB1|PP755595.1|A/cattle/Texas/24-008749-003/2024(H5N1)	402	2095
PB1|PP755595.1|A/cattle/Texas/24-008749-003/2024(H5N1)	403	2095
PB1|PP755595.1|A/cattle/Texas/24-008749-003/2024(H5N1)	404	2094
PB1|PP755595.1|A/cattle/Texas/24-008749-003/2024(H5N1)	405	2077
PB1|PP755595.1|A/cattle/Texas/24-008749-003/2024(H5N1)	406	2062
PB1|PP755595.1|A/cattle/Texas/24-008749-003/2024(H5N1)	407	2047
PB1|PP755595.1|A/cattle/Texas/24-008749-003/2024(H5N1)	408	2038
PB1|PP755595.1|A/cattle/Texas/24-008749-003/2024(H5N1)	409	2034
PB1|PP755595.1|A/cattle/Texas/24-008749-003/2024(H5N1)	410	2014
PB1|PP755595.1|A/cattle/Texas/24-008749-003/2024(H5N1)	411	2010
PB1|PP755595.1|A/cattle/Texas/24-008749-003/2024(H5N1)	412	2010
PB1|PP755595.1|A/cattle/Texas/24-008749-003/2024(H5N1)	413	2009
PB1|PP755595.1|A/cattle/Texas/24-008749-003/2024(H5N1)	414	2002
PB1|PP755595.1|A/cattle/Texas/24-008749-003/2024(H5N1)	415	2011
PB1|PP755595.1|A/cattle/Texas/24-008749-003/2024(H5N1)	416	2011
PB1|PP755595.1|A/cattle/Texas/24-008749-003/2024(H5N1)	417	2011
PB1|PP755595.1|A/cattle/Texas/24-008749-003/2024(H5N1)	418	2011
PB1|PP755595.1|A/cattle/Texas/24-008749-003/2024(H5N1)	419	2006
PB1|PP755595.1|A/cattle/Texas/24-008749-003/2024(H5N1)	420	2006
PB1|PP755595.1|A/cattle/Texas/24-008749-003/2024(H5N1)	421	2000
PB1|PP755595.1|A/cattle/Texas/24-008749-003/2024(H5N1)	422	1989
PB1|PP755595.1|A/cattle/Texas/24-008749-003/2024(H5N1)	423	1975
PB1|PP755595.1|A/cattle/Texas/24-008749-003/2024(H5N1)	424	1967
PB1|PP755595.1|A/cattle/Texas/24-008749-003/2024(H5N1)	425	1959
PB1|PP755595.1|A/cattle/Texas/24-008749-003/2024(H5N1)	426	1130
PB1|PP755595.1|A/cattle/Texas/24-008749-003/2024(H5N1)	427	1126
PB1|PP755595.1|A/cattle/Texas/24-008749-003/2024(H5N1)	428	1126
PB1|PP755595.1|A/cattle/Texas/24-008749-003/2024(H5N1)	429	1126
PB1|PP755595.1|A/cattle/Texas/24-008749-003/2024(H5N1)	430	1180
PB1|PP755595.1|A/cattle/Texas/24-008749-003/2024(H5N1)	431	1180
PB1|PP755595.1|A/cattle/Texas/24-008749-003/2024(H5N1)	432	1180
PB1|PP755595.1|A/cattle/Texas/24-008749-003/2024(H5N1)	433	1195
PB1|PP755595.1|A/cattle/Texas/24-008749-003/2024(H5N1)	434	1408
PB1|PP755595.1|A/cattle/Texas/24-008749-003/2024(H5N1)	435	1427
PB1|PP755595.1|A/cattle/Texas/24-008749-003/2024(H5N1)	436	1948
PB1|PP755595.1|A/cattle/Texas/24-008749-003/2024(H5N1)	437	2225
PB1|PP755595.1|A/cattle/Texas/24-008749-003/2024(H5N1)	438	2226
PB1|PP755595.1|A/cattle/Texas/24-008749-003/2024(H5N1)	439	2246
PB1|PP755595.1|A/cattle/Texas/24-008749-003/2024(H5N1)	440	2247
PB1|PP755595.1|A/cattle/Texas/24-008749-003/2024(H5N1)	441	2251
PB1|PP755595.1|A/cattle/Texas/24-008749-003/2024(H5N1)	442	2256
PB1|PP755595.1|A/cattle/Texas/24-008749-003/2024(H5N1)	443	2255
PB1|PP755595.1|A/cattle/Texas/24-008749-003/2024(H5N1)	444	2265
PB1|PP755595.1|A/cattle/Texas/24-008749-003/2024(H5N1)	445	2277
PB1|PP755595.1|A/cattle/Texas/24-008749-003/2024(H5N1)	446	2283
PB1|PP755595.1|A/cattle/Texas/24-008749-003/2024(H5N1)	447	2263
PB1|PP755595.1|A/cattle/Texas/24-008749-003/2024(H5N1)	448	2256
PB1|PP755595.1|A/cattle/Texas/24-008749-003/2024(H5N1)	449	2265
PB1|PP755595.1|A/cattle/Texas/24-008749-003/2024(H5N1)	450	2264
PB1|PP755595.1|A/cattle/Texas/24-008749-003/2024(H5N1)	451	2263
PB1|PP755595.1|A/cattle/Texas/24-008749-003/2024(H5N1)	452	2284
PB1|PP755595.1|A/cattle/Texas/24-008749-003/2024(H5N1)	453	2279
PB1|PP755595.1|A/cattle/Texas/24-008749-003/2024(H5N1)	454	2286
PB1|PP755595.1|A/cattle/Texas/24-008749-003/2024(H5N1)	455	2282
PB1|PP755595.1|A/cattle/Texas/24-008749-003/2024(H5N1)	456	2222
PB1|PP755595.1|A/cattle/Texas/24-008749-003/2024(H5N1)	457	2218
PB1|PP755595.1|A/cattle/Texas/24-008749-003/2024(H5N1)	458	2218
PB1|PP755595.1|A/cattle/Texas/24-008749-003/2024(H5N1)	459	2231
PB1|PP755595.1|A/cattle/Texas/24-008749-003/2024(H5N1)	460	2221
PB1|PP755595.1|A/cattle/Texas/24-008749-003/2024(H5N1)	461	2359
PB1|PP755595.1|A/cattle/Texas/24-008749-003/2024(H5N1)	462	2376
PB1|PP755595.1|A/cattle/Texas/24-008749-003/2024(H5N1)	463	2380
PB1|PP755595.1|A/cattle/Texas/24-008749-003/2024(H5N1)	464	2387
PB1|PP755595.1|A/cattle/Texas/24-008749-003/2024(H5N1)	465	2384
PB1|PP755595.1|A/cattle/Texas/24-008749-003/2024(H5N1)	466	2392
PB1|PP755595.1|A/cattle/Texas/24-008749-003/2024(H5N1)	467	2390
PB1|PP755595.1|A/cattle/Texas/24-008749-003/2024(H5N1)	468	2368
PB1|PP755595.1|A/cattle/Texas/24-008749-003/2024(H5N1)	469	2375
PB1|PP755595.1|A/cattle/Texas/24-008749-003/2024(H5N1)	470	2327
PB1|PP755595.1|A/cattle/Texas/24-008749-003/2024(H5N1)	471	2329
PB1|PP755595.1|A/cattle/Texas/24-008749-003/2024(H5N1)	472	2328
PB1|PP755595.1|A/cattle/Texas/24-008749-003/2024(H5N1)	473	2327
PB1|PP755595.1|A/cattle/Texas/24-008749-003/2024(H5N1)	474	2330
PB1|PP755595.1|A/cattle/Texas/24-008749-003/2024(H5N1)	475	2358
PB1|PP755595.1|A/cattle/Texas/24-008749-003/2024(H5N1)	476	2354
PB1|PP755595.1|A/cattle/Texas/24-008749-003/2024(H5N1)	477	2353
PB1|PP755595.1|A/cattle/Texas/24-008749-003/2024(H5N1)	478	2351
PB1|PP755595.1|A/cattle/Texas/24-008749-003/2024(H5N1)	479	2334
PB1|PP755595.1|A/cattle/Texas/24-008749-003/2024(H5N1)	480	2285
PB1|PP755595.1|A/cattle/Texas/24-008749-003/2024(H5N1)	481	2277
PB1|PP755595.1|A/cattle/Texas/24-008749-003/2024(H5N1)	482	2274
PB1|PP755595.1|A/cattle/Texas/24-008749-003/2024(H5N1)	483	2274
PB1|PP755595.1|A/cattle/Texas/24-008749-003/2024(H5N1)	484	2274
PB1|PP755595.1|A/cattle/Texas/24-008749-003/2024(H5N1)	485	2353
PB1|PP755595.1|A/cattle/Texas/24-008749-003/2024(H5N1)	486	2381
PB1|PP755595.1|A/cattle/Texas/24-008749-003/2024(H5N1)	487	2460
PB1|PP755595.1|A/cattle/Texas/24-008749-003/2024(H5N1)	488	2462
PB1|PP755595.1|A/cattle/Texas/24-008749-003/2024(H5N1)	489	2473
PB1|PP755595.1|A/cattle/Texas/24-008749-003/2024(H5N1)	490	2503
PB1|PP755595.1|A/cattle/Texas/24-008749-003/2024(H5N1)	491	2503
PB1|PP755595.1|A/cattle/Texas/24-008749-003/2024(H5N1)	492	2505
PB1|PP755595.1|A/cattle/Texas/24-008749-003/2024(H5N1)	493	2508
PB1|PP755595.1|A/cattle/Texas/24-008749-003/2024(H5N1)	494	2461
PB1|PP755595.1|A/cattle/Texas/24-008749-003/2024(H5N1)	495	2483
PB1|PP755595.1|A/cattle/Texas/24-008749-003/2024(H5N1)	496	2443
PB1|PP755595.1|A/cattle/Texas/24-008749-003/2024(H5N1)	497	2457
PB1|PP755595.1|A/cattle/Texas/24-008749-003/2024(H5N1)	498	2476
PB1|PP755595.1|A/cattle/Texas/24-008749-003/2024(H5N1)	499	2475
PB1|PP755595.1|A/cattle/Texas/24-008749-003/2024(H5N1)	500	2475
PB1|PP755595.1|A/cattle/Texas/24-008749-003/2024(H5N1)	501	2478
PB1|PP755595.1|A/cattle/Texas/24-008749-003/2024(H5N1)	502	2470
PB1|PP755595.1|A/cattle/Texas/24-008749-003/2024(H5N1)	503	2450
PB1|PP755595.1|A/cattle/Texas/24-008749-003/2024(H5N1)	504	2445
PB1|PP755595.1|A/cattle/Texas/24-008749-003/2024(H5N1)	505	2485
PB1|PP755595.1|A/cattle/Texas/24-008749-003/2024(H5N1)	506	2477
PB1|PP755595.1|A/cattle/Texas/24-008749-003/2024(H5N1)	507	2376
PB1|PP755595.1|A/cattle/Texas/24-008749-003/2024(H5N1)	508	2404
PB1|PP755595.1|A/cattle/Texas/24-008749-003/2024(H5N1)	509	2467
PB1|PP755595.1|A/cattle/Texas/24-008749-003/2024(H5N1)	510	2479
PB1|PP755595.1|A/cattle/Texas/24-008749-003/2024(H5N1)	511	2488
PB1|PP755595.1|A/cattle/Texas/24-008749-003/2024(H5N1)	512	2497
PB1|PP755595.1|A/cattle/Texas/24-008749-003/2024(H5N1)	513	2462
PB1|PP755595.1|A/cattle/Texas/24-008749-003/2024(H5N1)	514	2453
PB1|PP755595.1|A/cattle/Texas/24-008749-003/2024(H5N1)	515	2465
PB1|PP755595.1|A/cattle/Texas/24-008749-003/2024(H5N1)	516	2443
PB1|PP755595.1|A/cattle/Texas/24-008749-003/2024(H5N1)	517	2478
PB1|PP755595.1|A/cattle/Texas/24-008749-003/2024(H5N1)	518	2494
PB1|PP755595.1|A/cattle/Texas/24-008749-003/2024(H5N1)	519	2488
PB1|PP755595.1|A/cattle/Texas/24-008749-003/2024(H5N1)	520	2549
PB1|PP755595.1|A/cattle/Texas/24-008749-003/2024(H5N1)	521	2548
PB1|PP755595.1|A/cattle/Texas/24-008749-003/2024(H5N1)	522	2559
PB1|PP755595.1|A/cattle/Texas/24-008749-003/2024(H5N1)	523	2568
PB1|PP755595.1|A/cattle/Texas/24-008749-003/2024(H5N1)	524	2553
PB1|PP755595.1|A/cattle/Texas/24-008749-003/2024(H5N1)	525	2581
PB1|PP755595.1|A/cattle/Texas/24-008749-003/2024(H5N1)	526	2582
PB1|PP755595.1|A/cattle/Texas/24-008749-003/2024(H5N1)	527	2580
PB1|PP755595.1|A/cattle/Texas/24-008749-003/2024(H5N1)	528	2580
PB1|PP755595.1|A/cattle/Texas/24-008749-003/2024(H5N1)	529	2582
PB1|PP755595.1|A/cattle/Texas/24-008749-003/2024(H5N1)	530	2688
PB1|PP755595.1|A/cattle/Texas/24-008749-003/2024(H5N1)	531	2657
PB1|PP755595.1|A/cattle/Texas/24-008749-003/2024(H5N1)	532	2648
PB1|PP755595.1|A/cattle/Texas/24-008749-003/2024(H5N1)	533	2596
PB1|PP755595.1|A/cattle/Texas/24-008749-003/2024(H5N1)	534	2584
PB1|PP755595.1|A/cattle/Texas/24-008749-003/2024(H5N1)	535	2586
PB1|PP755595.1|A/cattle/Texas/24-008749-003/2024(H5N1)	536	2584
PB1|PP755595.1|A/cattle/Texas/24-008749-003/2024(H5N1)	537	2586
PB1|PP755595.1|A/cattle/Texas/24-008749-003/2024(H5N1)	538	2565
PB1|PP755595.1|A/cattle/Texas/24-008749-003/2024(H5N1)	539	2586
PB1|PP755595.1|A/cattle/Texas/24-008749-003/2024(H5N1)	540	2581
PB1|PP755595.1|A/cattle/Texas/24-008749-003/2024(H5N1)	541	2587
PB1|PP755595.1|A/cattle/Texas/24-008749-003/2024(H5N1)	542	2624
PB1|PP755595.1|A/cattle/Texas/24-008749-003/2024(H5N1)	543	2623
PB1|PP755595.1|A/cattle/Texas/24-008749-003/2024(H5N1)	544	2622
PB1|PP755595.1|A/cattle/Texas/24-008749-003/2024(H5N1)	545	2615
PB1|PP755595.1|A/cattle/Texas/24-008749-003/2024(H5N1)	546	2599
PB1|PP755595.1|A/cattle/Texas/24-008749-003/2024(H5N1)	547	2601
PB1|PP755595.1|A/cattle/Texas/24-008749-003/2024(H5N1)	548	2602
PB1|PP755595.1|A/cattle/Texas/24-008749-003/2024(H5N1)	549	2601
PB1|PP755595.1|A/cattle/Texas/24-008749-003/2024(H5N1)	550	2598
PB1|PP755595.1|A/cattle/Texas/24-008749-003/2024(H5N1)	551	2565
PB1|PP755595.1|A/cattle/Texas/24-008749-003/2024(H5N1)	552	2573
PB1|PP755595.1|A/cattle/Texas/24-008749-003/2024(H5N1)	553	2573
PB1|PP755595.1|A/cattle/Texas/24-008749-003/2024(H5N1)	554	2575
PB1|PP755595.1|A/cattle/Texas/24-008749-003/2024(H5N1)	555	2544
PB1|PP755595.1|A/cattle/Texas/24-008749-003/2024(H5N1)	556	2536
PB1|PP755595.1|A/cattle/Texas/24-008749-003/2024(H5N1)	557	2528
PB1|PP755595.1|A/cattle/Texas/24-008749-003/2024(H5N1)	558	2369
PB1|PP755595.1|A/cattle/Texas/24-008749-003/2024(H5N1)	559	2366
PB1|PP755595.1|A/cattle/Texas/24-008749-003/2024(H5N1)	560	2366
PB1|PP755595.1|A/cattle/Texas/24-008749-003/2024(H5N1)	561	2357
PB1|PP755595.1|A/cattle/Texas/24-008749-003/2024(H5N1)	562	2377
PB1|PP755595.1|A/cattle/Texas/24-008749-003/2024(H5N1)	563	2387
PB1|PP755595.1|A/cattle/Texas/24-008749-003/2024(H5N1)	564	2405
PB1|PP755595.1|A/cattle/Texas/24-008749-003/2024(H5N1)	565	2431
PB1|PP755595.1|A/cattle/Texas/24-008749-003/2024(H5N1)	566	2441
PB1|PP755595.1|A/cattle/Texas/24-008749-003/2024(H5N1)	567	2447
PB1|PP755595.1|A/cattle/Texas/24-008749-003/2024(H5N1)	568	2447
PB1|PP755595.1|A/cattle/Texas/24-008749-003/2024(H5N1)	569	2553
PB1|PP755595.1|A/cattle/Texas/24-008749-003/2024(H5N1)	570	2508
PB1|PP755595.1|A/cattle/Texas/24-008749-003/2024(H5N1)	571	2555
PB1|PP755595.1|A/cattle/Texas/24-008749-003/2024(H5N1)	572	2544
PB1|PP755595.1|A/cattle/Texas/24-008749-003/2024(H5N1)	573	2525
PB1|PP755595.1|A/cattle/Texas/24-008749-003/2024(H5N1)	574	2532
PB1|PP755595.1|A/cattle/Texas/24-008749-003/2024(H5N1)	575	2526
PB1|PP755595.1|A/cattle/Texas/24-008749-003/2024(H5N1)	576	2578
PB1|PP755595.1|A/cattle/Texas/24-008749-003/2024(H5N1)	577	2611
PB1|PP755595.1|A/cattle/Texas/24-008749-003/2024(H5N1)	578	2614
PB1|PP755595.1|A/cattle/Texas/24-008749-003/2024(H5N1)	579	2567
PB1|PP755595.1|A/cattle/Texas/24-008749-003/2024(H5N1)	580	2575
PB1|PP755595.1|A/cattle/Texas/24-008749-003/2024(H5N1)	581	2595
PB1|PP755595.1|A/cattle/Texas/24-008749-003/2024(H5N1)	582	2596
PB1|PP755595.1|A/cattle/Texas/24-008749-003/2024(H5N1)	583	2595
PB1|PP755595.1|A/cattle/Texas/24-008749-003/2024(H5N1)	584	2581
PB1|PP755595.1|A/cattle/Texas/24-008749-003/2024(H5N1)	585	2389
PB1|PP755595.1|A/cattle/Texas/24-008749-003/2024(H5N1)	586	2445
PB1|PP755595.1|A/cattle/Texas/24-008749-003/2024(H5N1)	587	2310
PB1|PP755595.1|A/cattle/Texas/24-008749-003/2024(H5N1)	588	2203
PB1|PP755595.1|A/cattle/Texas/24-008749-003/2024(H5N1)	589	2206
PB1|PP755595.1|A/cattle/Texas/24-008749-003/2024(H5N1)	590	2190
PB1|PP755595.1|A/cattle/Texas/24-008749-003/2024(H5N1)	591	2192
PB1|PP755595.1|A/cattle/Texas/24-008749-003/2024(H5N1)	592	2219
PB1|PP755595.1|A/cattle/Texas/24-008749-003/2024(H5N1)	593	2217
PB1|PP755595.1|A/cattle/Texas/24-008749-003/2024(H5N1)	594	2220
PB1|PP755595.1|A/cattle/Texas/24-008749-003/2024(H5N1)	595	2210
PB1|PP755595.1|A/cattle/Texas/24-008749-003/2024(H5N1)	596	2204
PB1|PP755595.1|A/cattle/Texas/24-008749-003/2024(H5N1)	597	2206
PB1|PP755595.1|A/cattle/Texas/24-008749-003/2024(H5N1)	598	2191
PB1|PP755595.1|A/cattle/Texas/24-008749-003/2024(H5N1)	599	2178
PB1|PP755595.1|A/cattle/Texas/24-008749-003/2024(H5N1)	600	2163
PB1|PP755595.1|A/cattle/Texas/24-008749-003/2024(H5N1)	601	2162
PB1|PP755595.1|A/cattle/Texas/24-008749-003/2024(H5N1)	602	2132
PB1|PP755595.1|A/cattle/Texas/24-008749-003/2024(H5N1)	603	2117
PB1|PP755595.1|A/cattle/Texas/24-008749-003/2024(H5N1)	604	2111
PB1|PP755595.1|A/cattle/Texas/24-008749-003/2024(H5N1)	605	2099
PB1|PP755595.1|A/cattle/Texas/24-008749-003/2024(H5N1)	606	2098
PB1|PP755595.1|A/cattle/Texas/24-008749-003/2024(H5N1)	607	1795
PB1|PP755595.1|A/cattle/Texas/24-008749-003/2024(H5N1)	608	1795
PB1|PP755595.1|A/cattle/Texas/24-008749-003/2024(H5N1)	609	1795
PB1|PP755595.1|A/cattle/Texas/24-008749-003/2024(H5N1)	610	1795
PB1|PP755595.1|A/cattle/Texas/24-008749-003/2024(H5N1)	611	1795
PB1|PP755595.1|A/cattle/Texas/24-008749-003/2024(H5N1)	612	1795
PB1|PP755595.1|A/cattle/Texas/24-008749-003/2024(H5N1)	613	2043
PB1|PP755595.1|A/cattle/Texas/24-008749-003/2024(H5N1)	614	2044
PB1|PP755595.1|A/cattle/Texas/24-008749-003/2024(H5N1)	615	2044
PB1|PP755595.1|A/cattle/Texas/24-008749-003/2024(H5N1)	616	2044
PB1|PP755595.1|A/cattle/Texas/24-008749-003/2024(H5N1)	617	2044
PB1|PP755595.1|A/cattle/Texas/24-008749-003/2024(H5N1)	618	2036
PB1|PP755595.1|A/cattle/Texas/24-008749-003/2024(H5N1)	619	2034
PB1|PP755595.1|A/cattle/Texas/24-008749-003/2024(H5N1)	620	2004
PB1|PP755595.1|A/cattle/Texas/24-008749-003/2024(H5N1)	621	2027
PB1|PP755595.1|A/cattle/Texas/24-008749-003/2024(H5N1)	622	2054
PB1|PP755595.1|A/cattle/Texas/24-008749-003/2024(H5N1)	623	2051
PB1|PP755595.1|A/cattle/Texas/24-008749-003/2024(H5N1)	624	2050
PB1|PP755595.1|A/cattle/Texas/24-008749-003/2024(H5N1)	625	2047
PB1|PP755595.1|A/cattle/Texas/24-008749-003/2024(H5N1)	626	2026
PB1|PP755595.1|A/cattle/Texas/24-008749-003/2024(H5N1)	627	2026
PB1|PP755595.1|A/cattle/Texas/24-008749-003/2024(H5N1)	628	2021
PB1|PP755595.1|A/cattle/Texas/24-008749-003/2024(H5N1)	629	2007
PB1|PP755595.1|A/cattle/Texas/24-008749-003/2024(H5N1)	630	2005
PB1|PP755595.1|A/cattle/Texas/24-008749-003/2024(H5N1)	631	1994
PB1|PP755595.1|A/cattle/Texas/24-008749-003/2024(H5N1)	632	1991
PB1|PP755595.1|A/cattle/Texas/24-008749-003/2024(H5N1)	633	1887
PB1|PP755595.1|A/cattle/Texas/24-008749-003/2024(H5N1)	634	1831
PB1|PP755595.1|A/cattle/Texas/24-008749-003/2024(H5N1)	635	1831
PB1|PP755595.1|A/cattle/Texas/24-008749-003/2024(H5N1)	636	1831
PB1|PP755595.1|A/cattle/Texas/24-008749-003/2024(H5N1)	637	1831
PB1|PP755595.1|A/cattle/Texas/24-008749-003/2024(H5N1)	638	1831
PB1|PP755595.1|A/cattle/Texas/24-008749-003/2024(H5N1)	639	1830
PB1|PP755595.1|A/cattle/Texas/24-008749-003/2024(H5N1)	640	1822
PB1|PP755595.1|A/cattle/Texas/24-008749-003/2024(H5N1)	641	1793
PB1|PP755595.1|A/cattle/Texas/24-008749-003/2024(H5N1)	642	1793
PB1|PP755595.1|A/cattle/Texas/24-008749-003/2024(H5N1)	643	1793
PB1|PP755595.1|A/cattle/Texas/24-008749-003/2024(H5N1)	644	1792
PB1|PP755595.1|A/cattle/Texas/24-008749-003/2024(H5N1)	645	1759
PB1|PP755595.1|A/cattle/Texas/24-008749-003/2024(H5N1)	646	1736
PB1|PP755595.1|A/cattle/Texas/24-008749-003/2024(H5N1)	647	1734
PB1|PP755595.1|A/cattle/Texas/24-008749-003/2024(H5N1)	648	1691
PB1|PP755595.1|A/cattle/Texas/24-008749-003/2024(H5N1)	649	1686
PB1|PP755595.1|A/cattle/Texas/24-008749-003/2024(H5N1)	650	1676
PB1|PP755595.1|A/cattle/Texas/24-008749-003/2024(H5N1)	651	1462
PB1|PP755595.1|A/cattle/Texas/24-008749-003/2024(H5N1)	652	1461
PB1|PP755595.1|A/cattle/Texas/24-008749-003/2024(H5N1)	653	1461
PB1|PP755595.1|A/cattle/Texas/24-008749-003/2024(H5N1)	654	1460
PB1|PP755595.1|A/cattle/Texas/24-008749-003/2024(H5N1)	655	1738
PB1|PP755595.1|A/cattle/Texas/24-008749-003/2024(H5N1)	656	1740
PB1|PP755595.1|A/cattle/Texas/24-008749-003/2024(H5N1)	657	1744
PB1|PP755595.1|A/cattle/Texas/24-008749-003/2024(H5N1)	658	1744
PB1|PP755595.1|A/cattle/Texas/24-008749-003/2024(H5N1)	659	1750
PB1|PP755595.1|A/cattle/Texas/24-008749-003/2024(H5N1)	660	1750
PB1|PP755595.1|A/cattle/Texas/24-008749-003/2024(H5N1)	661	1750
PB1|PP755595.1|A/cattle/Texas/24-008749-003/2024(H5N1)	662	1741
PB1|PP755595.1|A/cattle/Texas/24-008749-003/2024(H5N1)	663	1731
PB1|PP755595.1|A/cattle/Texas/24-008749-003/2024(H5N1)	664	1709
PB1|PP755595.1|A/cattle/Texas/24-008749-003/2024(H5N1)	665	1827
PB1|PP755595.1|A/cattle/Texas/24-008749-003/2024(H5N1)	666	1829
PB1|PP755595.1|A/cattle/Texas/24-008749-003/2024(H5N1)	667	1846
PB1|PP755595.1|A/cattle/Texas/24-008749-003/2024(H5N1)	668	1836
PB1|PP755595.1|A/cattle/Texas/24-008749-003/2024(H5N1)	669	1833
PB1|PP755595.1|A/cattle/Texas/24-008749-003/2024(H5N1)	670	1814
PB1|PP755595.1|A/cattle/Texas/24-008749-003/2024(H5N1)	671	1753
PB1|PP755595.1|A/cattle/Texas/24-008749-003/2024(H5N1)	672	1756
PB1|PP755595.1|A/cattle/Texas/24-008749-003/2024(H5N1)	673	1738
PB1|PP755595.1|A/cattle/Texas/24-008749-003/2024(H5N1)	674	1738
PB1|PP755595.1|A/cattle/Texas/24-008749-003/2024(H5N1)	675	1731
PB1|PP755595.1|A/cattle/Texas/24-008749-003/2024(H5N1)	676	1825
PB1|PP755595.1|A/cattle/Texas/24-008749-003/2024(H5N1)	677	1827
PB1|PP755595.1|A/cattle/Texas/24-008749-003/2024(H5N1)	678	1794
PB1|PP755595.1|A/cattle/Texas/24-008749-003/2024(H5N1)	679	1799
PB1|PP755595.1|A/cattle/Texas/24-008749-003/2024(H5N1)	680	1796
PB1|PP755595.1|A/cattle/Texas/24-008749-003/2024(H5N1)	681	1691
PB1|PP755595.1|A/cattle/Texas/24-008749-003/2024(H5N1)	682	1700
PB1|PP755595.1|A/cattle/Texas/24-008749-003/2024(H5N1)	683	1698
PB1|PP755595.1|A/cattle/Texas/24-008749-003/2024(H5N1)	684	1694
PB1|PP755595.1|A/cattle/Texas/24-008749-003/2024(H5N1)	685	1694
PB1|PP755595.1|A/cattle/Texas/24-008749-003/2024(H5N1)	686	1691
PB1|PP755595.1|A/cattle/Texas/24-008749-003/2024(H5N1)	687	1690
PB1|PP755595.1|A/cattle/Texas/24-008749-003/2024(H5N1)	688	1672
PB1|PP755595.1|A/cattle/Texas/24-008749-003/2024(H5N1)	689	1657
PB1|PP755595.1|A/cattle/Texas/24-008749-003/2024(H5N1)	690	1635
PB1|PP755595.1|A/cattle/Texas/24-008749-003/2024(H5N1)	691	1633
PB1|PP755595.1|A/cattle/Texas/24-008749-003/2024(H5N1)	692	1594
PB1|PP755595.1|A/cattle/Texas/24-008749-003/2024(H5N1)	693	1593
PB1|PP755595.1|A/cattle/Texas/24-008749-003/2024(H5N1)	694	1637
PB1|PP755595.1|A/cattle/Texas/24-008749-003/2024(H5N1)	695	1656
PB1|PP755595.1|A/cattle/Texas/24-008749-003/2024(H5N1)	696	1650
PB1|PP755595.1|A/cattle/Texas/24-008749-003/2024(H5N1)	697	1645
PB1|PP755595.1|A/cattle/Texas/24-008749-003/2024(H5N1)	698	1636
PB1|PP755595.1|A/cattle/Texas/24-008749-003/2024(H5N1)	699	1621
PB1|PP755595.1|A/cattle/Texas/24-008749-003/2024(H5N1)	700	1623
PB1|PP755595.1|A/cattle/Texas/24-008749-003/2024(H5N1)	701	1618
PB1|PP755595.1|A/cattle/Texas/24-008749-003/2024(H5N1)	702	1605
PB1|PP755595.1|A/cattle/Texas/24-008749-003/2024(H5N1)	703	1594
PB1|PP755595.1|A/cattle/Texas/24-008749-003/2024(H5N1)	704	1594
PB1|PP755595.1|A/cattle/Texas/24-008749-003/2024(H5N1)	705	1594
PB1|PP755595.1|A/cattle/Texas/24-008749-003/2024(H5N1)	706	1588
PB1|PP755595.1|A/cattle/Texas/24-008749-003/2024(H5N1)	707	1583
PB1|PP755595.1|A/cattle/Texas/24-008749-003/2024(H5N1)	708	1580
PB1|PP755595.1|A/cattle/Texas/24-008749-003/2024(H5N1)	709	1620
PB1|PP755595.1|A/cattle/Texas/24-008749-003/2024(H5N1)	710	1619
PB1|PP755595.1|A/cattle/Texas/24-008749-003/2024(H5N1)	711	1616
PB1|PP755595.1|A/cattle/Texas/24-008749-003/2024(H5N1)	712	1593
PB1|PP755595.1|A/cattle/Texas/24-008749-003/2024(H5N1)	713	1592
PB1|PP755595.1|A/cattle/Texas/24-008749-003/2024(H5N1)	714	1571
PB1|PP755595.1|A/cattle/Texas/24-008749-003/2024(H5N1)	715	1547
PB1|PP755595.1|A/cattle/Texas/24-008749-003/2024(H5N1)	716	1547
PB1|PP755595.1|A/cattle/Texas/24-008749-003/2024(H5N1)	717	1528
PB1|PP755595.1|A/cattle/Texas/24-008749-003/2024(H5N1)	718	1528
PB1|PP755595.1|A/cattle/Texas/24-008749-003/2024(H5N1)	719	1430
PB1|PP755595.1|A/cattle/Texas/24-008749-003/2024(H5N1)	720	1430
PB1|PP755595.1|A/cattle/Texas/24-008749-003/2024(H5N1)	721	1457
PB1|PP755595.1|A/cattle/Texas/24-008749-003/2024(H5N1)	722	1430
PB1|PP755595.1|A/cattle/Texas/24-008749-003/2024(H5N1)	723	1434
PB1|PP755595.1|A/cattle/Texas/24-008749-003/2024(H5N1)	724	1438
PB1|PP755595.1|A/cattle/Texas/24-008749-003/2024(H5N1)	725	1408
PB1|PP755595.1|A/cattle/Texas/24-008749-003/2024(H5N1)	726	1390
PB1|PP755595.1|A/cattle/Texas/24-008749-003/2024(H5N1)	727	1358
PB1|PP755595.1|A/cattle/Texas/24-008749-003/2024(H5N1)	728	1359
PB1|PP755595.1|A/cattle/Texas/24-008749-003/2024(H5N1)	729	1358
PB1|PP755595.1|A/cattle/Texas/24-008749-003/2024(H5N1)	730	1328
PB1|PP755595.1|A/cattle/Texas/24-008749-003/2024(H5N1)	731	1264
PB1|PP755595.1|A/cattle/Texas/24-008749-003/2024(H5N1)	732	993
PB1|PP755595.1|A/cattle/Texas/24-008749-003/2024(H5N1)	733	995
PB1|PP755595.1|A/cattle/Texas/24-008749-003/2024(H5N1)	734	993
PB1|PP755595.1|A/cattle/Texas/24-008749-003/2024(H5N1)	735	990
PB1|PP755595.1|A/cattle/Texas/24-008749-003/2024(H5N1)	736	990
PB1|PP755595.1|A/cattle/Texas/24-008749-003/2024(H5N1)	737	990
PB1|PP755595.1|A/cattle/Texas/24-008749-003/2024(H5N1)	738	989
PB1|PP755595.1|A/cattle/Texas/24-008749-003/2024(H5N1)	739	989
PB1|PP755595.1|A/cattle/Texas/24-008749-003/2024(H5N1)	740	989
PB1|PP755595.1|A/cattle/Texas/24-008749-003/2024(H5N1)	741	989
PB1|PP755595.1|A/cattle/Texas/24-008749-003/2024(H5N1)	742	990
PB1|PP755595.1|A/cattle/Texas/24-008749-003/2024(H5N1)	743	990
PB1|PP755595.1|A/cattle/Texas/24-008749-003/2024(H5N1)	744	990
PB1|PP755595.1|A/cattle/Texas/24-008749-003/2024(H5N1)	745	1292
PB1|PP755595.1|A/cattle/Texas/24-008749-003/2024(H5N1)	746	1294
PB1|PP755595.1|A/cattle/Texas/24-008749-003/2024(H5N1)	747	1294
PB1|PP755595.1|A/cattle/Texas/24-008749-003/2024(H5N1)	748	1294
PB1|PP755595.1|A/cattle/Texas/24-008749-003/2024(H5N1)	749	1298
PB1|PP755595.1|A/cattle/Texas/24-008749-003/2024(H5N1)	750	1298
PB1|PP755595.1|A/cattle/Texas/24-008749-003/2024(H5N1)	751	1416
PB1|PP755595.1|A/cattle/Texas/24-008749-003/2024(H5N1)	752	1435
PB1|PP755595.1|A/cattle/Texas/24-008749-003/2024(H5N1)	753	1442
PB1|PP755595.1|A/cattle/Texas/24-008749-003/2024(H5N1)	754	1448
PB1|PP755595.1|A/cattle/Texas/24-008749-003/2024(H5N1)	755	1458
PB1|PP755595.1|A/cattle/Texas/24-008749-003/2024(H5N1)	756	1460
PB1|PP755595.1|A/cattle/Texas/24-008749-003/2024(H5N1)	757	1460
PB1|PP755595.1|A/cattle/Texas/24-008749-003/2024(H5N1)	758	1447
PB1|PP755595.1|A/cattle/Texas/24-008749-003/2024(H5N1)	759	1435
PB1|PP755595.1|A/cattle/Texas/24-008749-003/2024(H5N1)	760	1353
PB1|PP755595.1|A/cattle/Texas/24-008749-003/2024(H5N1)	761	1353
PB1|PP755595.1|A/cattle/Texas/24-008749-003/2024(H5N1)	762	1346
PB1|PP755595.1|A/cattle/Texas/24-008749-003/2024(H5N1)	763	1337
PB1|PP755595.1|A/cattle/Texas/24-008749-003/2024(H5N1)	764	1334
PB1|PP755595.1|A/cattle/Texas/24-008749-003/2024(H5N1)	765	1326
PB1|PP755595.1|A/cattle/Texas/24-008749-003/2024(H5N1)	766	1326
PB1|PP755595.1|A/cattle/Texas/24-008749-003/2024(H5N1)	767	1327
PB1|PP755595.1|A/cattle/Texas/24-008749-003/2024(H5N1)	768	1327
PB1|PP755595.1|A/cattle/Texas/24-008749-003/2024(H5N1)	769	1327
PB1|PP755595.1|A/cattle/Texas/24-008749-003/2024(H5N1)	770	1327
PB1|PP755595.1|A/cattle/Texas/24-008749-003/2024(H5N1)	771	1320
PB1|PP755595.1|A/cattle/Texas/24-008749-003/2024(H5N1)	772	1252
PB1|PP755595.1|A/cattle/Texas/24-008749-003/2024(H5N1)	773	1252
PB1|PP755595.1|A/cattle/Texas/24-008749-003/2024(H5N1)	774	1255
PB1|PP755595.1|A/cattle/Texas/24-008749-003/2024(H5N1)	775	1401
PB1|PP755595.1|A/cattle/Texas/24-008749-003/2024(H5N1)	776	1410
PB1|PP755595.1|A/cattle/Texas/24-008749-003/2024(H5N1)	777	1415
PB1|PP755595.1|A/cattle/Texas/24-008749-003/2024(H5N1)	778	1417
PB1|PP755595.1|A/cattle/Texas/24-008749-003/2024(H5N1)	779	1423
PB1|PP755595.1|A/cattle/Texas/24-008749-003/2024(H5N1)	780	1442
PB1|PP755595.1|A/cattle/Texas/24-008749-003/2024(H5N1)	781	1442
PB1|PP755595.1|A/cattle/Texas/24-008749-003/2024(H5N1)	782	1442
PB1|PP755595.1|A/cattle/Texas/24-008749-003/2024(H5N1)	783	1363
PB1|PP755595.1|A/cattle/Texas/24-008749-003/2024(H5N1)	784	1363
PB1|PP755595.1|A/cattle/Texas/24-008749-003/2024(H5N1)	785	1361
PB1|PP755595.1|A/cattle/Texas/24-008749-003/2024(H5N1)	786	1304
PB1|PP755595.1|A/cattle/Texas/24-008749-003/2024(H5N1)	787	1319
PB1|PP755595.1|A/cattle/Texas/24-008749-003/2024(H5N1)	788	1326
PB1|PP755595.1|A/cattle/Texas/24-008749-003/2024(H5N1)	789	1326
PB1|PP755595.1|A/cattle/Texas/24-008749-003/2024(H5N1)	790	1326
PB1|PP755595.1|A/cattle/Texas/24-008749-003/2024(H5N1)	791	1326
PB1|PP755595.1|A/cattle/Texas/24-008749-003/2024(H5N1)	792	1294
PB1|PP755595.1|A/cattle/Texas/24-008749-003/2024(H5N1)	793	1329
PB1|PP755595.1|A/cattle/Texas/24-008749-003/2024(H5N1)	794	1336
PB1|PP755595.1|A/cattle/Texas/24-008749-003/2024(H5N1)	795	1337
PB1|PP755595.1|A/cattle/Texas/24-008749-003/2024(H5N1)	796	1340
PB1|PP755595.1|A/cattle/Texas/24-008749-003/2024(H5N1)	797	1340
PB1|PP755595.1|A/cattle/Texas/24-008749-003/2024(H5N1)	798	1332
PB1|PP755595.1|A/cattle/Texas/24-008749-003/2024(H5N1)	799	1332
PB1|PP755595.1|A/cattle/Texas/24-008749-003/2024(H5N1)	800	1331
PB1|PP755595.1|A/cattle/Texas/24-008749-003/2024(H5N1)	801	1277
PB1|PP755595.1|A/cattle/Texas/24-008749-003/2024(H5N1)	802	1285
PB1|PP755595.1|A/cattle/Texas/24-008749-003/2024(H5N1)	803	1327
PB1|PP755595.1|A/cattle/Texas/24-008749-003/2024(H5N1)	804	1347
PB1|PP755595.1|A/cattle/Texas/24-008749-003/2024(H5N1)	805	1355
PB1|PP755595.1|A/cattle/Texas/24-008749-003/2024(H5N1)	806	1356
PB1|PP755595.1|A/cattle/Texas/24-008749-003/2024(H5N1)	807	1354
PB1|PP755595.1|A/cattle/Texas/24-008749-003/2024(H5N1)	808	1360
PB1|PP755595.1|A/cattle/Texas/24-008749-003/2024(H5N1)	809	1360
PB1|PP755595.1|A/cattle/Texas/24-008749-003/2024(H5N1)	810	1358
PB1|PP755595.1|A/cattle/Texas/24-008749-003/2024(H5N1)	811	1331
PB1|PP755595.1|A/cattle/Texas/24-008749-003/2024(H5N1)	812	1286
PB1|PP755595.1|A/cattle/Texas/24-008749-003/2024(H5N1)	813	1268
PB1|PP755595.1|A/cattle/Texas/24-008749-003/2024(H5N1)	814	1245
PB1|PP755595.1|A/cattle/Texas/24-008749-003/2024(H5N1)	815	1307
PB1|PP755595.1|A/cattle/Texas/24-008749-003/2024(H5N1)	816	1271
PB1|PP755595.1|A/cattle/Texas/24-008749-003/2024(H5N1)	817	1319
PB1|PP755595.1|A/cattle/Texas/24-008749-003/2024(H5N1)	818	1321
PB1|PP755595.1|A/cattle/Texas/24-008749-003/2024(H5N1)	819	1323
PB1|PP755595.1|A/cattle/Texas/24-008749-003/2024(H5N1)	820	1323
PB1|PP755595.1|A/cattle/Texas/24-008749-003/2024(H5N1)	821	1365
PB1|PP755595.1|A/cattle/Texas/24-008749-003/2024(H5N1)	822	1330
PB1|PP755595.1|A/cattle/Texas/24-008749-003/2024(H5N1)	823	1286
PB1|PP755595.1|A/cattle/Texas/24-008749-003/2024(H5N1)	824	1335
PB1|PP755595.1|A/cattle/Texas/24-008749-003/2024(H5N1)	825	1328
PB1|PP755595.1|A/cattle/Texas/24-008749-003/2024(H5N1)	826	1367
PB1|PP755595.1|A/cattle/Texas/24-008749-003/2024(H5N1)	827	1378
PB1|PP755595.1|A/cattle/Texas/24-008749-003/2024(H5N1)	828	1379
PB1|PP755595.1|A/cattle/Texas/24-008749-003/2024(H5N1)	829	1385
PB1|PP755595.1|A/cattle/Texas/24-008749-003/2024(H5N1)	830	1386
PB1|PP755595.1|A/cattle/Texas/24-008749-003/2024(H5N1)	831	1365
PB1|PP755595.1|A/cattle/Texas/24-008749-003/2024(H5N1)	832	1421
PB1|PP755595.1|A/cattle/Texas/24-008749-003/2024(H5N1)	833	1421
PB1|PP755595.1|A/cattle/Texas/24-008749-003/2024(H5N1)	834	1423
PB1|PP755595.1|A/cattle/Texas/24-008749-003/2024(H5N1)	835	1436
PB1|PP755595.1|A/cattle/Texas/24-008749-003/2024(H5N1)	836	1445
PB1|PP755595.1|A/cattle/Texas/24-008749-003/2024(H5N1)	837	1440
PB1|PP755595.1|A/cattle/Texas/24-008749-003/2024(H5N1)	838	1440
PB1|PP755595.1|A/cattle/Texas/24-008749-003/2024(H5N1)	839	1433
PB1|PP755595.1|A/cattle/Texas/24-008749-003/2024(H5N1)	840	1324
PB1|PP755595.1|A/cattle/Texas/24-008749-003/2024(H5N1)	841	1331
PB1|PP755595.1|A/cattle/Texas/24-008749-003/2024(H5N1)	842	1331
PB1|PP755595.1|A/cattle/Texas/24-008749-003/2024(H5N1)	843	1331
PB1|PP755595.1|A/cattle/Texas/24-008749-003/2024(H5N1)	844	1331
PB1|PP755595.1|A/cattle/Texas/24-008749-003/2024(H5N1)	845	1333
PB1|PP755595.1|A/cattle/Texas/24-008749-003/2024(H5N1)	846	1365
PB1|PP755595.1|A/cattle/Texas/24-008749-003/2024(H5N1)	847	1467
PB1|PP755595.1|A/cattle/Texas/24-008749-003/2024(H5N1)	848	1467
PB1|PP755595.1|A/cattle/Texas/24-008749-003/2024(H5N1)	849	1470
PB1|PP755595.1|A/cattle/Texas/24-008749-003/2024(H5N1)	850	1470
PB1|PP755595.1|A/cattle/Texas/24-008749-003/2024(H5N1)	851	1469
PB1|PP755595.1|A/cattle/Texas/24-008749-003/2024(H5N1)	852	1470
PB1|PP755595.1|A/cattle/Texas/24-008749-003/2024(H5N1)	853	1473
PB1|PP755595.1|A/cattle/Texas/24-008749-003/2024(H5N1)	854	1593
PB1|PP755595.1|A/cattle/Texas/24-008749-003/2024(H5N1)	855	1592
PB1|PP755595.1|A/cattle/Texas/24-008749-003/2024(H5N1)	856	1594
PB1|PP755595.1|A/cattle/Texas/24-008749-003/2024(H5N1)	857	1595
PB1|PP755595.1|A/cattle/Texas/24-008749-003/2024(H5N1)	858	1595
PB1|PP755595.1|A/cattle/Texas/24-008749-003/2024(H5N1)	859	1603
PB1|PP755595.1|A/cattle/Texas/24-008749-003/2024(H5N1)	860	1618
PB1|PP755595.1|A/cattle/Texas/24-008749-003/2024(H5N1)	861	1635
PB1|PP755595.1|A/cattle/Texas/24-008749-003/2024(H5N1)	862	1631
PB1|PP755595.1|A/cattle/Texas/24-008749-003/2024(H5N1)	863	1634
PB1|PP755595.1|A/cattle/Texas/24-008749-003/2024(H5N1)	864	1682
PB1|PP755595.1|A/cattle/Texas/24-008749-003/2024(H5N1)	865	1687
PB1|PP755595.1|A/cattle/Texas/24-008749-003/2024(H5N1)	866	1704
PB1|PP755595.1|A/cattle/Texas/24-008749-003/2024(H5N1)	867	1709
PB1|PP755595.1|A/cattle/Texas/24-008749-003/2024(H5N1)	868	1709
PB1|PP755595.1|A/cattle/Texas/24-008749-003/2024(H5N1)	869	1714
PB1|PP755595.1|A/cattle/Texas/24-008749-003/2024(H5N1)	870	1735
PB1|PP755595.1|A/cattle/Texas/24-008749-003/2024(H5N1)	871	1805
PB1|PP755595.1|A/cattle/Texas/24-008749-003/2024(H5N1)	872	1784
PB1|PP755595.1|A/cattle/Texas/24-008749-003/2024(H5N1)	873	1785
PB1|PP755595.1|A/cattle/Texas/24-008749-003/2024(H5N1)	874	1784
PB1|PP755595.1|A/cattle/Texas/24-008749-003/2024(H5N1)	875	1780
PB1|PP755595.1|A/cattle/Texas/24-008749-003/2024(H5N1)	876	1644
PB1|PP755595.1|A/cattle/Texas/24-008749-003/2024(H5N1)	877	1694
PB1|PP755595.1|A/cattle/Texas/24-008749-003/2024(H5N1)	878	1715
PB1|PP755595.1|A/cattle/Texas/24-008749-003/2024(H5N1)	879	1837
PB1|PP755595.1|A/cattle/Texas/24-008749-003/2024(H5N1)	880	1952
PB1|PP755595.1|A/cattle/Texas/24-008749-003/2024(H5N1)	881	1953
PB1|PP755595.1|A/cattle/Texas/24-008749-003/2024(H5N1)	882	1954
PB1|PP755595.1|A/cattle/Texas/24-008749-003/2024(H5N1)	883	1967
PB1|PP755595.1|A/cattle/Texas/24-008749-003/2024(H5N1)	884	2166
PB1|PP755595.1|A/cattle/Texas/24-008749-003/2024(H5N1)	885	2166
PB1|PP755595.1|A/cattle/Texas/24-008749-003/2024(H5N1)	886	2179
PB1|PP755595.1|A/cattle/Texas/24-008749-003/2024(H5N1)	887	2179
PB1|PP755595.1|A/cattle/Texas/24-008749-003/2024(H5N1)	888	2179
PB1|PP755595.1|A/cattle/Texas/24-008749-003/2024(H5N1)	889	2254
PB1|PP755595.1|A/cattle/Texas/24-008749-003/2024(H5N1)	890	2256
PB1|PP755595.1|A/cattle/Texas/24-008749-003/2024(H5N1)	891	2270
PB1|PP755595.1|A/cattle/Texas/24-008749-003/2024(H5N1)	892	2197
PB1|PP755595.1|A/cattle/Texas/24-008749-003/2024(H5N1)	893	2114
PB1|PP755595.1|A/cattle/Texas/24-008749-003/2024(H5N1)	894	2162
PB1|PP755595.1|A/cattle/Texas/24-008749-003/2024(H5N1)	895	2157
PB1|PP755595.1|A/cattle/Texas/24-008749-003/2024(H5N1)	896	2179
PB1|PP755595.1|A/cattle/Texas/24-008749-003/2024(H5N1)	897	2066
PB1|PP755595.1|A/cattle/Texas/24-008749-003/2024(H5N1)	898	2069
PB1|PP755595.1|A/cattle/Texas/24-008749-003/2024(H5N1)	899	2070
PB1|PP755595.1|A/cattle/Texas/24-008749-003/2024(H5N1)	900	2077
PB1|PP755595.1|A/cattle/Texas/24-008749-003/2024(H5N1)	901	2077
PB1|PP755595.1|A/cattle/Texas/24-008749-003/2024(H5N1)	902	2101
PB1|PP755595.1|A/cattle/Texas/24-008749-003/2024(H5N1)	903	2084
PB1|PP755595.1|A/cattle/Texas/24-008749-003/2024(H5N1)	904	2079
PB1|PP755595.1|A/cattle/Texas/24-008749-003/2024(H5N1)	905	2064
PB1|PP755595.1|A/cattle/Texas/24-008749-003/2024(H5N1)	906	1923
PB1|PP755595.1|A/cattle/Texas/24-008749-003/2024(H5N1)	907	1938
PB1|PP755595.1|A/cattle/Texas/24-008749-003/2024(H5N1)	908	1945
PB1|PP755595.1|A/cattle/Texas/24-008749-003/2024(H5N1)	909	1945
PB1|PP755595.1|A/cattle/Texas/24-008749-003/2024(H5N1)	910	2002
PB1|PP755595.1|A/cattle/Texas/24-008749-003/2024(H5N1)	911	2005
PB1|PP755595.1|A/cattle/Texas/24-008749-003/2024(H5N1)	912	2072
PB1|PP755595.1|A/cattle/Texas/24-008749-003/2024(H5N1)	913	2082
PB1|PP755595.1|A/cattle/Texas/24-008749-003/2024(H5N1)	914	2107
PB1|PP755595.1|A/cattle/Texas/24-008749-003/2024(H5N1)	915	2107
PB1|PP755595.1|A/cattle/Texas/24-008749-003/2024(H5N1)	916	2117
PB1|PP755595.1|A/cattle/Texas/24-008749-003/2024(H5N1)	917	2134
PB1|PP755595.1|A/cattle/Texas/24-008749-003/2024(H5N1)	918	2232
PB1|PP755595.1|A/cattle/Texas/24-008749-003/2024(H5N1)	919	2239
PB1|PP755595.1|A/cattle/Texas/24-008749-003/2024(H5N1)	920	2246
PB1|PP755595.1|A/cattle/Texas/24-008749-003/2024(H5N1)	921	2248
PB1|PP755595.1|A/cattle/Texas/24-008749-003/2024(H5N1)	922	2254
PB1|PP755595.1|A/cattle/Texas/24-008749-003/2024(H5N1)	923	2266
PB1|PP755595.1|A/cattle/Texas/24-008749-003/2024(H5N1)	924	2268
PB1|PP755595.1|A/cattle/Texas/24-008749-003/2024(H5N1)	925	2273
PB1|PP755595.1|A/cattle/Texas/24-008749-003/2024(H5N1)	926	2273
PB1|PP755595.1|A/cattle/Texas/24-008749-003/2024(H5N1)	927	2294
PB1|PP755595.1|A/cattle/Texas/24-008749-003/2024(H5N1)	928	2295
PB1|PP755595.1|A/cattle/Texas/24-008749-003/2024(H5N1)	929	2293
PB1|PP755595.1|A/cattle/Texas/24-008749-003/2024(H5N1)	930	2289
PB1|PP755595.1|A/cattle/Texas/24-008749-003/2024(H5N1)	931	2270
PB1|PP755595.1|A/cattle/Texas/24-008749-003/2024(H5N1)	932	2263
PB1|PP755595.1|A/cattle/Texas/24-008749-003/2024(H5N1)	933	2285
PB1|PP755595.1|A/cattle/Texas/24-008749-003/2024(H5N1)	934	2315
PB1|PP755595.1|A/cattle/Texas/24-008749-003/2024(H5N1)	935	2315
PB1|PP755595.1|A/cattle/Texas/24-008749-003/2024(H5N1)	936	2260
PB1|PP755595.1|A/cattle/Texas/24-008749-003/2024(H5N1)	937	2261
PB1|PP755595.1|A/cattle/Texas/24-008749-003/2024(H5N1)	938	2263
PB1|PP755595.1|A/cattle/Texas/24-008749-003/2024(H5N1)	939	2284
PB1|PP755595.1|A/cattle/Texas/24-008749-003/2024(H5N1)	940	2320
PB1|PP755595.1|A/cattle/Texas/24-008749-003/2024(H5N1)	941	2325
PB1|PP755595.1|A/cattle/Texas/24-008749-003/2024(H5N1)	942	2326
PB1|PP755595.1|A/cattle/Texas/24-008749-003/2024(H5N1)	943	2346
PB1|PP755595.1|A/cattle/Texas/24-008749-003/2024(H5N1)	944	2347
PB1|PP755595.1|A/cattle/Texas/24-008749-003/2024(H5N1)	945	2358
PB1|PP755595.1|A/cattle/Texas/24-008749-003/2024(H5N1)	946	2359
PB1|PP755595.1|A/cattle/Texas/24-008749-003/2024(H5N1)	947	2363
PB1|PP755595.1|A/cattle/Texas/24-008749-003/2024(H5N1)	948	2396
PB1|PP755595.1|A/cattle/Texas/24-008749-003/2024(H5N1)	949	2400
PB1|PP755595.1|A/cattle/Texas/24-008749-003/2024(H5N1)	950	2401
PB1|PP755595.1|A/cattle/Texas/24-008749-003/2024(H5N1)	951	2436
PB1|PP755595.1|A/cattle/Texas/24-008749-003/2024(H5N1)	952	2438
PB1|PP755595.1|A/cattle/Texas/24-008749-003/2024(H5N1)	953	2451
PB1|PP755595.1|A/cattle/Texas/24-008749-003/2024(H5N1)	954	2410
PB1|PP755595.1|A/cattle/Texas/24-008749-003/2024(H5N1)	955	2407
PB1|PP755595.1|A/cattle/Texas/24-008749-003/2024(H5N1)	956	2422
PB1|PP755595.1|A/cattle/Texas/24-008749-003/2024(H5N1)	957	2429
PB1|PP755595.1|A/cattle/Texas/24-008749-003/2024(H5N1)	958	2433
PB1|PP755595.1|A/cattle/Texas/24-008749-003/2024(H5N1)	959	2427
PB1|PP755595.1|A/cattle/Texas/24-008749-003/2024(H5N1)	960	2423
PB1|PP755595.1|A/cattle/Texas/24-008749-003/2024(H5N1)	961	2427
PB1|PP755595.1|A/cattle/Texas/24-008749-003/2024(H5N1)	962	2459
PB1|PP755595.1|A/cattle/Texas/24-008749-003/2024(H5N1)	963	2493
PB1|PP755595.1|A/cattle/Texas/24-008749-003/2024(H5N1)	964	2492
PB1|PP755595.1|A/cattle/Texas/24-008749-003/2024(H5N1)	965	2495
PB1|PP755595.1|A/cattle/Texas/24-008749-003/2024(H5N1)	966	2430
PB1|PP755595.1|A/cattle/Texas/24-008749-003/2024(H5N1)	967	2428
PB1|PP755595.1|A/cattle/Texas/24-008749-003/2024(H5N1)	968	2407
PB1|PP755595.1|A/cattle/Texas/24-008749-003/2024(H5N1)	969	2406
PB1|PP755595.1|A/cattle/Texas/24-008749-003/2024(H5N1)	970	2403
PB1|PP755595.1|A/cattle/Texas/24-008749-003/2024(H5N1)	971	2359
PB1|PP755595.1|A/cattle/Texas/24-008749-003/2024(H5N1)	972	2270
PB1|PP755595.1|A/cattle/Texas/24-008749-003/2024(H5N1)	973	2198
PB1|PP755595.1|A/cattle/Texas/24-008749-003/2024(H5N1)	974	2195
PB1|PP755595.1|A/cattle/Texas/24-008749-003/2024(H5N1)	975	2176
PB1|PP755595.1|A/cattle/Texas/24-008749-003/2024(H5N1)	976	2280
PB1|PP755595.1|A/cattle/Texas/24-008749-003/2024(H5N1)	977	2281
PB1|PP755595.1|A/cattle/Texas/24-008749-003/2024(H5N1)	978	2271
PB1|PP755595.1|A/cattle/Texas/24-008749-003/2024(H5N1)	979	2270
PB1|PP755595.1|A/cattle/Texas/24-008749-003/2024(H5N1)	980	2263
PB1|PP755595.1|A/cattle/Texas/24-008749-003/2024(H5N1)	981	2199
PB1|PP755595.1|A/cattle/Texas/24-008749-003/2024(H5N1)	982	2247
PB1|PP755595.1|A/cattle/Texas/24-008749-003/2024(H5N1)	983	2251
PB1|PP755595.1|A/cattle/Texas/24-008749-003/2024(H5N1)	984	2277
PB1|PP755595.1|A/cattle/Texas/24-008749-003/2024(H5N1)	985	2275
PB1|PP755595.1|A/cattle/Texas/24-008749-003/2024(H5N1)	986	2278
PB1|PP755595.1|A/cattle/Texas/24-008749-003/2024(H5N1)	987	2280
PB1|PP755595.1|A/cattle/Texas/24-008749-003/2024(H5N1)	988	2288
PB1|PP755595.1|A/cattle/Texas/24-008749-003/2024(H5N1)	989	2284
PB1|PP755595.1|A/cattle/Texas/24-008749-003/2024(H5N1)	990	2254
PB1|PP755595.1|A/cattle/Texas/24-008749-003/2024(H5N1)	991	2264
PB1|PP755595.1|A/cattle/Texas/24-008749-003/2024(H5N1)	992	2267
PB1|PP755595.1|A/cattle/Texas/24-008749-003/2024(H5N1)	993	2266
PB1|PP755595.1|A/cattle/Texas/24-008749-003/2024(H5N1)	994	2261
PB1|PP755595.1|A/cattle/Texas/24-008749-003/2024(H5N1)	995	2249
PB1|PP755595.1|A/cattle/Texas/24-008749-003/2024(H5N1)	996	2247
PB1|PP755595.1|A/cattle/Texas/24-008749-003/2024(H5N1)	997	2208
PB1|PP755595.1|A/cattle/Texas/24-008749-003/2024(H5N1)	998	2207
PB1|PP755595.1|A/cattle/Texas/24-008749-003/2024(H5N1)	999	2187
PB1|PP755595.1|A/cattle/Texas/24-008749-003/2024(H5N1)	1000	2180
PB1|PP755595.1|A/cattle/Texas/24-008749-003/2024(H5N1)	1001	2180
PB1|PP755595.1|A/cattle/Texas/24-008749-003/2024(H5N1)	1002	2180
PB1|PP755595.1|A/cattle/Texas/24-008749-003/2024(H5N1)	1003	2327
PB1|PP755595.1|A/cattle/Texas/24-008749-003/2024(H5N1)	1004	2327
PB1|PP755595.1|A/cattle/Texas/24-008749-003/2024(H5N1)	1005	2183
PB1|PP755595.1|A/cattle/Texas/24-008749-003/2024(H5N1)	1006	2183
PB1|PP755595.1|A/cattle/Texas/24-008749-003/2024(H5N1)	1007	2183
PB1|PP755595.1|A/cattle/Texas/24-008749-003/2024(H5N1)	1008	2182
PB1|PP755595.1|A/cattle/Texas/24-008749-003/2024(H5N1)	1009	2284
PB1|PP755595.1|A/cattle/Texas/24-008749-003/2024(H5N1)	1010	2271
PB1|PP755595.1|A/cattle/Texas/24-008749-003/2024(H5N1)	1011	2258
PB1|PP755595.1|A/cattle/Texas/24-008749-003/2024(H5N1)	1012	2256
PB1|PP755595.1|A/cattle/Texas/24-008749-003/2024(H5N1)	1013	2256
PB1|PP755595.1|A/cattle/Texas/24-008749-003/2024(H5N1)	1014	2251
PB1|PP755595.1|A/cattle/Texas/24-008749-003/2024(H5N1)	1015	2257
PB1|PP755595.1|A/cattle/Texas/24-008749-003/2024(H5N1)	1016	2254
PB1|PP755595.1|A/cattle/Texas/24-008749-003/2024(H5N1)	1017	2232
PB1|PP755595.1|A/cattle/Texas/24-008749-003/2024(H5N1)	1018	2230
PB1|PP755595.1|A/cattle/Texas/24-008749-003/2024(H5N1)	1019	2229
PB1|PP755595.1|A/cattle/Texas/24-008749-003/2024(H5N1)	1020	2202
PB1|PP755595.1|A/cattle/Texas/24-008749-003/2024(H5N1)	1021	2359
PB1|PP755595.1|A/cattle/Texas/24-008749-003/2024(H5N1)	1022	2323
PB1|PP755595.1|A/cattle/Texas/24-008749-003/2024(H5N1)	1023	2330
PB1|PP755595.1|A/cattle/Texas/24-008749-003/2024(H5N1)	1024	2340
PB1|PP755595.1|A/cattle/Texas/24-008749-003/2024(H5N1)	1025	2342
PB1|PP755595.1|A/cattle/Texas/24-008749-003/2024(H5N1)	1026	2331
PB1|PP755595.1|A/cattle/Texas/24-008749-003/2024(H5N1)	1027	2315
PB1|PP755595.1|A/cattle/Texas/24-008749-003/2024(H5N1)	1028	2259
PB1|PP755595.1|A/cattle/Texas/24-008749-003/2024(H5N1)	1029	2242
PB1|PP755595.1|A/cattle/Texas/24-008749-003/2024(H5N1)	1030	2107
PB1|PP755595.1|A/cattle/Texas/24-008749-003/2024(H5N1)	1031	2029
PB1|PP755595.1|A/cattle/Texas/24-008749-003/2024(H5N1)	1032	2014
PB1|PP755595.1|A/cattle/Texas/24-008749-003/2024(H5N1)	1033	1997
PB1|PP755595.1|A/cattle/Texas/24-008749-003/2024(H5N1)	1034	1837
PB1|PP755595.1|A/cattle/Texas/24-008749-003/2024(H5N1)	1035	1827
PB1|PP755595.1|A/cattle/Texas/24-008749-003/2024(H5N1)	1036	1865
PB1|PP755595.1|A/cattle/Texas/24-008749-003/2024(H5N1)	1037	1858
PB1|PP755595.1|A/cattle/Texas/24-008749-003/2024(H5N1)	1038	1858
PB1|PP755595.1|A/cattle/Texas/24-008749-003/2024(H5N1)	1039	1858
PB1|PP755595.1|A/cattle/Texas/24-008749-003/2024(H5N1)	1040	1792
PB1|PP755595.1|A/cattle/Texas/24-008749-003/2024(H5N1)	1041	1792
PB1|PP755595.1|A/cattle/Texas/24-008749-003/2024(H5N1)	1042	1783
PB1|PP755595.1|A/cattle/Texas/24-008749-003/2024(H5N1)	1043	1782
PB1|PP755595.1|A/cattle/Texas/24-008749-003/2024(H5N1)	1044	1779
PB1|PP755595.1|A/cattle/Texas/24-008749-003/2024(H5N1)	1045	1732
PB1|PP755595.1|A/cattle/Texas/24-008749-003/2024(H5N1)	1046	1706
PB1|PP755595.1|A/cattle/Texas/24-008749-003/2024(H5N1)	1047	1519
PB1|PP755595.1|A/cattle/Texas/24-008749-003/2024(H5N1)	1048	1516
PB1|PP755595.1|A/cattle/Texas/24-008749-003/2024(H5N1)	1049	1512
PB1|PP755595.1|A/cattle/Texas/24-008749-003/2024(H5N1)	1050	1511
PB1|PP755595.1|A/cattle/Texas/24-008749-003/2024(H5N1)	1051	1501
PB1|PP755595.1|A/cattle/Texas/24-008749-003/2024(H5N1)	1052	1502
PB1|PP755595.1|A/cattle/Texas/24-008749-003/2024(H5N1)	1053	1472
PB1|PP755595.1|A/cattle/Texas/24-008749-003/2024(H5N1)	1054	1472
PB1|PP755595.1|A/cattle/Texas/24-008749-003/2024(H5N1)	1055	1472
PB1|PP755595.1|A/cattle/Texas/24-008749-003/2024(H5N1)	1056	1471
PB1|PP755595.1|A/cattle/Texas/24-008749-003/2024(H5N1)	1057	1687
PB1|PP755595.1|A/cattle/Texas/24-008749-003/2024(H5N1)	1058	1687
PB1|PP755595.1|A/cattle/Texas/24-008749-003/2024(H5N1)	1059	1687
PB1|PP755595.1|A/cattle/Texas/24-008749-003/2024(H5N1)	1060	1687
PB1|PP755595.1|A/cattle/Texas/24-008749-003/2024(H5N1)	1061	1688
PB1|PP755595.1|A/cattle/Texas/24-008749-003/2024(H5N1)	1062	1688
PB1|PP755595.1|A/cattle/Texas/24-008749-003/2024(H5N1)	1063	1932
PB1|PP755595.1|A/cattle/Texas/24-008749-003/2024(H5N1)	1064	1939
PB1|PP755595.1|A/cattle/Texas/24-008749-003/2024(H5N1)	1065	1939
PB1|PP755595.1|A/cattle/Texas/24-008749-003/2024(H5N1)	1066	1941
PB1|PP755595.1|A/cattle/Texas/24-008749-003/2024(H5N1)	1067	1941
PB1|PP755595.1|A/cattle/Texas/24-008749-003/2024(H5N1)	1068	1927
PB1|PP755595.1|A/cattle/Texas/24-008749-003/2024(H5N1)	1069	1830
PB1|PP755595.1|A/cattle/Texas/24-008749-003/2024(H5N1)	1070	1825
PB1|PP755595.1|A/cattle/Texas/24-008749-003/2024(H5N1)	1071	1817
PB1|PP755595.1|A/cattle/Texas/24-008749-003/2024(H5N1)	1072	1894
PB1|PP755595.1|A/cattle/Texas/24-008749-003/2024(H5N1)	1073	1898
PB1|PP755595.1|A/cattle/Texas/24-008749-003/2024(H5N1)	1074	1909
PB1|PP755595.1|A/cattle/Texas/24-008749-003/2024(H5N1)	1075	1913
PB1|PP755595.1|A/cattle/Texas/24-008749-003/2024(H5N1)	1076	1911
PB1|PP755595.1|A/cattle/Texas/24-008749-003/2024(H5N1)	1077	1901
PB1|PP755595.1|A/cattle/Texas/24-008749-003/2024(H5N1)	1078	1891
PB1|PP755595.1|A/cattle/Texas/24-008749-003/2024(H5N1)	1079	1891
PB1|PP755595.1|A/cattle/Texas/24-008749-003/2024(H5N1)	1080	1900
PB1|PP755595.1|A/cattle/Texas/24-008749-003/2024(H5N1)	1081	1917
PB1|PP755595.1|A/cattle/Texas/24-008749-003/2024(H5N1)	1082	1942
PB1|PP755595.1|A/cattle/Texas/24-008749-003/2024(H5N1)	1083	1909
PB1|PP755595.1|A/cattle/Texas/24-008749-003/2024(H5N1)	1084	1904
PB1|PP755595.1|A/cattle/Texas/24-008749-003/2024(H5N1)	1085	1903
PB1|PP755595.1|A/cattle/Texas/24-008749-003/2024(H5N1)	1086	1900
PB1|PP755595.1|A/cattle/Texas/24-008749-003/2024(H5N1)	1087	1894
PB1|PP755595.1|A/cattle/Texas/24-008749-003/2024(H5N1)	1088	1893
PB1|PP755595.1|A/cattle/Texas/24-008749-003/2024(H5N1)	1089	1890
PB1|PP755595.1|A/cattle/Texas/24-008749-003/2024(H5N1)	1090	1769
PB1|PP755595.1|A/cattle/Texas/24-008749-003/2024(H5N1)	1091	1744
PB1|PP755595.1|A/cattle/Texas/24-008749-003/2024(H5N1)	1092	1739
PB1|PP755595.1|A/cattle/Texas/24-008749-003/2024(H5N1)	1093	1780
PB1|PP755595.1|A/cattle/Texas/24-008749-003/2024(H5N1)	1094	1780
PB1|PP755595.1|A/cattle/Texas/24-008749-003/2024(H5N1)	1095	1790
PB1|PP755595.1|A/cattle/Texas/24-008749-003/2024(H5N1)	1096	1939
PB1|PP755595.1|A/cattle/Texas/24-008749-003/2024(H5N1)	1097	2004
PB1|PP755595.1|A/cattle/Texas/24-008749-003/2024(H5N1)	1098	2031
PB1|PP755595.1|A/cattle/Texas/24-008749-003/2024(H5N1)	1099	2057
PB1|PP755595.1|A/cattle/Texas/24-008749-003/2024(H5N1)	1100	2132
PB1|PP755595.1|A/cattle/Texas/24-008749-003/2024(H5N1)	1101	2132
PB1|PP755595.1|A/cattle/Texas/24-008749-003/2024(H5N1)	1102	2103
PB1|PP755595.1|A/cattle/Texas/24-008749-003/2024(H5N1)	1103	2140
PB1|PP755595.1|A/cattle/Texas/24-008749-003/2024(H5N1)	1104	2126
PB1|PP755595.1|A/cattle/Texas/24-008749-003/2024(H5N1)	1105	2129
PB1|PP755595.1|A/cattle/Texas/24-008749-003/2024(H5N1)	1106	2095
PB1|PP755595.1|A/cattle/Texas/24-008749-003/2024(H5N1)	1107	2067
PB1|PP755595.1|A/cattle/Texas/24-008749-003/2024(H5N1)	1108	2107
PB1|PP755595.1|A/cattle/Texas/24-008749-003/2024(H5N1)	1109	2109
PB1|PP755595.1|A/cattle/Texas/24-008749-003/2024(H5N1)	1110	2109
PB1|PP755595.1|A/cattle/Texas/24-008749-003/2024(H5N1)	1111	2109
PB1|PP755595.1|A/cattle/Texas/24-008749-003/2024(H5N1)	1112	2109
PB1|PP755595.1|A/cattle/Texas/24-008749-003/2024(H5N1)	1113	2073
PB1|PP755595.1|A/cattle/Texas/24-008749-003/2024(H5N1)	1114	2042
PB1|PP755595.1|A/cattle/Texas/24-008749-003/2024(H5N1)	1115	2011
PB1|PP755595.1|A/cattle/Texas/24-008749-003/2024(H5N1)	1116	2007
PB1|PP755595.1|A/cattle/Texas/24-008749-003/2024(H5N1)	1117	1972
PB1|PP755595.1|A/cattle/Texas/24-008749-003/2024(H5N1)	1118	1969
PB1|PP755595.1|A/cattle/Texas/24-008749-003/2024(H5N1)	1119	1560
PB1|PP755595.1|A/cattle/Texas/24-008749-003/2024(H5N1)	1120	1560
PB1|PP755595.1|A/cattle/Texas/24-008749-003/2024(H5N1)	1121	1560
PB1|PP755595.1|A/cattle/Texas/24-008749-003/2024(H5N1)	1122	1559
PB1|PP755595.1|A/cattle/Texas/24-008749-003/2024(H5N1)	1123	1560
PB1|PP755595.1|A/cattle/Texas/24-008749-003/2024(H5N1)	1124	1560
PB1|PP755595.1|A/cattle/Texas/24-008749-003/2024(H5N1)	1125	1560
PB1|PP755595.1|A/cattle/Texas/24-008749-003/2024(H5N1)	1126	1560
PB1|PP755595.1|A/cattle/Texas/24-008749-003/2024(H5N1)	1127	1560
PB1|PP755595.1|A/cattle/Texas/24-008749-003/2024(H5N1)	1128	1560
PB1|PP755595.1|A/cattle/Texas/24-008749-003/2024(H5N1)	1129	1560
PB1|PP755595.1|A/cattle/Texas/24-008749-003/2024(H5N1)	1130	1560
PB1|PP755595.1|A/cattle/Texas/24-008749-003/2024(H5N1)	1131	1543
PB1|PP755595.1|A/cattle/Texas/24-008749-003/2024(H5N1)	1132	1560
PB1|PP755595.1|A/cattle/Texas/24-008749-003/2024(H5N1)	1133	1560
PB1|PP755595.1|A/cattle/Texas/24-008749-003/2024(H5N1)	1134	1560
PB1|PP755595.1|A/cattle/Texas/24-008749-003/2024(H5N1)	1135	2248
PB1|PP755595.1|A/cattle/Texas/24-008749-003/2024(H5N1)	1136	2249
PB1|PP755595.1|A/cattle/Texas/24-008749-003/2024(H5N1)	1137	2263
PB1|PP755595.1|A/cattle/Texas/24-008749-003/2024(H5N1)	1138	2279
PB1|PP755595.1|A/cattle/Texas/24-008749-003/2024(H5N1)	1139	2304
PB1|PP755595.1|A/cattle/Texas/24-008749-003/2024(H5N1)	1140	2313
PB1|PP755595.1|A/cattle/Texas/24-008749-003/2024(H5N1)	1141	2313
PB1|PP755595.1|A/cattle/Texas/24-008749-003/2024(H5N1)	1142	2314
PB1|PP755595.1|A/cattle/Texas/24-008749-003/2024(H5N1)	1143	2321
PB1|PP755595.1|A/cattle/Texas/24-008749-003/2024(H5N1)	1144	2321
PB1|PP755595.1|A/cattle/Texas/24-008749-003/2024(H5N1)	1145	2332
PB1|PP755595.1|A/cattle/Texas/24-008749-003/2024(H5N1)	1146	2335
PB1|PP755595.1|A/cattle/Texas/24-008749-003/2024(H5N1)	1147	2346
PB1|PP755595.1|A/cattle/Texas/24-008749-003/2024(H5N1)	1148	2348
PB1|PP755595.1|A/cattle/Texas/24-008749-003/2024(H5N1)	1149	2356
PB1|PP755595.1|A/cattle/Texas/24-008749-003/2024(H5N1)	1150	2360
PB1|PP755595.1|A/cattle/Texas/24-008749-003/2024(H5N1)	1151	2396
PB1|PP755595.1|A/cattle/Texas/24-008749-003/2024(H5N1)	1152	2403
PB1|PP755595.1|A/cattle/Texas/24-008749-003/2024(H5N1)	1153	2409
PB1|PP755595.1|A/cattle/Texas/24-008749-003/2024(H5N1)	1154	2414
PB1|PP755595.1|A/cattle/Texas/24-008749-003/2024(H5N1)	1155	2415
PB1|PP755595.1|A/cattle/Texas/24-008749-003/2024(H5N1)	1156	2416
PB1|PP755595.1|A/cattle/Texas/24-008749-003/2024(H5N1)	1157	2346
PB1|PP755595.1|A/cattle/Texas/24-008749-003/2024(H5N1)	1158	2384
PB1|PP755595.1|A/cattle/Texas/24-008749-003/2024(H5N1)	1159	2398
PB1|PP755595.1|A/cattle/Texas/24-008749-003/2024(H5N1)	1160	2397
PB1|PP755595.1|A/cattle/Texas/24-008749-003/2024(H5N1)	1161	2397
PB1|PP755595.1|A/cattle/Texas/24-008749-003/2024(H5N1)	1162	2420
PB1|PP755595.1|A/cattle/Texas/24-008749-003/2024(H5N1)	1163	2423
PB1|PP755595.1|A/cattle/Texas/24-008749-003/2024(H5N1)	1164	2364
PB1|PP755595.1|A/cattle/Texas/24-008749-003/2024(H5N1)	1165	2362
PB1|PP755595.1|A/cattle/Texas/24-008749-003/2024(H5N1)	1166	2361
PB1|PP755595.1|A/cattle/Texas/24-008749-003/2024(H5N1)	1167	2060
PB1|PP755595.1|A/cattle/Texas/24-008749-003/2024(H5N1)	1168	2060
PB1|PP755595.1|A/cattle/Texas/24-008749-003/2024(H5N1)	1169	2060
PB1|PP755595.1|A/cattle/Texas/24-008749-003/2024(H5N1)	1170	2057
PB1|PP755595.1|A/cattle/Texas/24-008749-003/2024(H5N1)	1171	2075
PB1|PP755595.1|A/cattle/Texas/24-008749-003/2024(H5N1)	1172	2090
PB1|PP755595.1|A/cattle/Texas/24-008749-003/2024(H5N1)	1173	2108
PB1|PP755595.1|A/cattle/Texas/24-008749-003/2024(H5N1)	1174	2169
PB1|PP755595.1|A/cattle/Texas/24-008749-003/2024(H5N1)	1175	2169
PB1|PP755595.1|A/cattle/Texas/24-008749-003/2024(H5N1)	1176	2177
PB1|PP755595.1|A/cattle/Texas/24-008749-003/2024(H5N1)	1177	2178
PB1|PP755595.1|A/cattle/Texas/24-008749-003/2024(H5N1)	1178	2207
PB1|PP755595.1|A/cattle/Texas/24-008749-003/2024(H5N1)	1179	2229
PB1|PP755595.1|A/cattle/Texas/24-008749-003/2024(H5N1)	1180	2314
PB1|PP755595.1|A/cattle/Texas/24-008749-003/2024(H5N1)	1181	2326
PB1|PP755595.1|A/cattle/Texas/24-008749-003/2024(H5N1)	1182	2328
PB1|PP755595.1|A/cattle/Texas/24-008749-003/2024(H5N1)	1183	2426
PB1|PP755595.1|A/cattle/Texas/24-008749-003/2024(H5N1)	1184	2439
PB1|PP755595.1|A/cattle/Texas/24-008749-003/2024(H5N1)	1185	2488
PB1|PP755595.1|A/cattle/Texas/24-008749-003/2024(H5N1)	1186	2526
PB1|PP755595.1|A/cattle/Texas/24-008749-003/2024(H5N1)	1187	2527
PB1|PP755595.1|A/cattle/Texas/24-008749-003/2024(H5N1)	1188	2544
PB1|PP755595.1|A/cattle/Texas/24-008749-003/2024(H5N1)	1189	2557
PB1|PP755595.1|A/cattle/Texas/24-008749-003/2024(H5N1)	1190	2559
PB1|PP755595.1|A/cattle/Texas/24-008749-003/2024(H5N1)	1191	2589
PB1|PP755595.1|A/cattle/Texas/24-008749-003/2024(H5N1)	1192	2589
PB1|PP755595.1|A/cattle/Texas/24-008749-003/2024(H5N1)	1193	2535
PB1|PP755595.1|A/cattle/Texas/24-008749-003/2024(H5N1)	1194	2527
PB1|PP755595.1|A/cattle/Texas/24-008749-003/2024(H5N1)	1195	2523
PB1|PP755595.1|A/cattle/Texas/24-008749-003/2024(H5N1)	1196	2523
PB1|PP755595.1|A/cattle/Texas/24-008749-003/2024(H5N1)	1197	2415
PB1|PP755595.1|A/cattle/Texas/24-008749-003/2024(H5N1)	1198	2415
PB1|PP755595.1|A/cattle/Texas/24-008749-003/2024(H5N1)	1199	2422
PB1|PP755595.1|A/cattle/Texas/24-008749-003/2024(H5N1)	1200	2422
PB1|PP755595.1|A/cattle/Texas/24-008749-003/2024(H5N1)	1201	2622
PB1|PP755595.1|A/cattle/Texas/24-008749-003/2024(H5N1)	1202	2641
PB1|PP755595.1|A/cattle/Texas/24-008749-003/2024(H5N1)	1203	2678
PB1|PP755595.1|A/cattle/Texas/24-008749-003/2024(H5N1)	1204	2678
PB1|PP755595.1|A/cattle/Texas/24-008749-003/2024(H5N1)	1205	2720
PB1|PP755595.1|A/cattle/Texas/24-008749-003/2024(H5N1)	1206	2727
PB1|PP755595.1|A/cattle/Texas/24-008749-003/2024(H5N1)	1207	2744
PB1|PP755595.1|A/cattle/Texas/24-008749-003/2024(H5N1)	1208	2735
PB1|PP755595.1|A/cattle/Texas/24-008749-003/2024(H5N1)	1209	2482
PB1|PP755595.1|A/cattle/Texas/24-008749-003/2024(H5N1)	1210	2481
PB1|PP755595.1|A/cattle/Texas/24-008749-003/2024(H5N1)	1211	2597
PB1|PP755595.1|A/cattle/Texas/24-008749-003/2024(H5N1)	1212	2616
PB1|PP755595.1|A/cattle/Texas/24-008749-003/2024(H5N1)	1213	2629
PB1|PP755595.1|A/cattle/Texas/24-008749-003/2024(H5N1)	1214	2634
PB1|PP755595.1|A/cattle/Texas/24-008749-003/2024(H5N1)	1215	2644
PB1|PP755595.1|A/cattle/Texas/24-008749-003/2024(H5N1)	1216	2660
PB1|PP755595.1|A/cattle/Texas/24-008749-003/2024(H5N1)	1217	2674
PB1|PP755595.1|A/cattle/Texas/24-008749-003/2024(H5N1)	1218	2679
PB1|PP755595.1|A/cattle/Texas/24-008749-003/2024(H5N1)	1219	2682
PB1|PP755595.1|A/cattle/Texas/24-008749-003/2024(H5N1)	1220	2639
PB1|PP755595.1|A/cattle/Texas/24-008749-003/2024(H5N1)	1221	2669
PB1|PP755595.1|A/cattle/Texas/24-008749-003/2024(H5N1)	1222	2691
PB1|PP755595.1|A/cattle/Texas/24-008749-003/2024(H5N1)	1223	2698
PB1|PP755595.1|A/cattle/Texas/24-008749-003/2024(H5N1)	1224	2698
PB1|PP755595.1|A/cattle/Texas/24-008749-003/2024(H5N1)	1225	2682
PB1|PP755595.1|A/cattle/Texas/24-008749-003/2024(H5N1)	1226	2671
PB1|PP755595.1|A/cattle/Texas/24-008749-003/2024(H5N1)	1227	2669
PB1|PP755595.1|A/cattle/Texas/24-008749-003/2024(H5N1)	1228	2693
PB1|PP755595.1|A/cattle/Texas/24-008749-003/2024(H5N1)	1229	2704
PB1|PP755595.1|A/cattle/Texas/24-008749-003/2024(H5N1)	1230	2694
PB1|PP755595.1|A/cattle/Texas/24-008749-003/2024(H5N1)	1231	2699
PB1|PP755595.1|A/cattle/Texas/24-008749-003/2024(H5N1)	1232	2692
PB1|PP755595.1|A/cattle/Texas/24-008749-003/2024(H5N1)	1233	2729
PB1|PP755595.1|A/cattle/Texas/24-008749-003/2024(H5N1)	1234	2751
PB1|PP755595.1|A/cattle/Texas/24-008749-003/2024(H5N1)	1235	2796
PB1|PP755595.1|A/cattle/Texas/24-008749-003/2024(H5N1)	1236	2800
PB1|PP755595.1|A/cattle/Texas/24-008749-003/2024(H5N1)	1237	2778
PB1|PP755595.1|A/cattle/Texas/24-008749-003/2024(H5N1)	1238	2767
PB1|PP755595.1|A/cattle/Texas/24-008749-003/2024(H5N1)	1239	2765
PB1|PP755595.1|A/cattle/Texas/24-008749-003/2024(H5N1)	1240	2762
PB1|PP755595.1|A/cattle/Texas/24-008749-003/2024(H5N1)	1241	2758
PB1|PP755595.1|A/cattle/Texas/24-008749-003/2024(H5N1)	1242	2783
PB1|PP755595.1|A/cattle/Texas/24-008749-003/2024(H5N1)	1243	2832
PB1|PP755595.1|A/cattle/Texas/24-008749-003/2024(H5N1)	1244	2786
PB1|PP755595.1|A/cattle/Texas/24-008749-003/2024(H5N1)	1245	2842
PB1|PP755595.1|A/cattle/Texas/24-008749-003/2024(H5N1)	1246	2863
PB1|PP755595.1|A/cattle/Texas/24-008749-003/2024(H5N1)	1247	2978
PB1|PP755595.1|A/cattle/Texas/24-008749-003/2024(H5N1)	1248	2912
PB1|PP755595.1|A/cattle/Texas/24-008749-003/2024(H5N1)	1249	2879
PB1|PP755595.1|A/cattle/Texas/24-008749-003/2024(H5N1)	1250	2859
PB1|PP755595.1|A/cattle/Texas/24-008749-003/2024(H5N1)	1251	2770
PB1|PP755595.1|A/cattle/Texas/24-008749-003/2024(H5N1)	1252	2770
PB1|PP755595.1|A/cattle/Texas/24-008749-003/2024(H5N1)	1253	2768
PB1|PP755595.1|A/cattle/Texas/24-008749-003/2024(H5N1)	1254	2156
PB1|PP755595.1|A/cattle/Texas/24-008749-003/2024(H5N1)	1255	2154
PB1|PP755595.1|A/cattle/Texas/24-008749-003/2024(H5N1)	1256	2240
PB1|PP755595.1|A/cattle/Texas/24-008749-003/2024(H5N1)	1257	2242
PB1|PP755595.1|A/cattle/Texas/24-008749-003/2024(H5N1)	1258	2692
PB1|PP755595.1|A/cattle/Texas/24-008749-003/2024(H5N1)	1259	2705
PB1|PP755595.1|A/cattle/Texas/24-008749-003/2024(H5N1)	1260	2705
PB1|PP755595.1|A/cattle/Texas/24-008749-003/2024(H5N1)	1261	2709
PB1|PP755595.1|A/cattle/Texas/24-008749-003/2024(H5N1)	1262	2716
PB1|PP755595.1|A/cattle/Texas/24-008749-003/2024(H5N1)	1263	2716
PB1|PP755595.1|A/cattle/Texas/24-008749-003/2024(H5N1)	1264	2774
PB1|PP755595.1|A/cattle/Texas/24-008749-003/2024(H5N1)	1265	2772
PB1|PP755595.1|A/cattle/Texas/24-008749-003/2024(H5N1)	1266	2772
PB1|PP755595.1|A/cattle/Texas/24-008749-003/2024(H5N1)	1267	2782
PB1|PP755595.1|A/cattle/Texas/24-008749-003/2024(H5N1)	1268	2792
PB1|PP755595.1|A/cattle/Texas/24-008749-003/2024(H5N1)	1269	2814
PB1|PP755595.1|A/cattle/Texas/24-008749-003/2024(H5N1)	1270	2825
PB1|PP755595.1|A/cattle/Texas/24-008749-003/2024(H5N1)	1271	2826
PB1|PP755595.1|A/cattle/Texas/24-008749-003/2024(H5N1)	1272	2836
PB1|PP755595.1|A/cattle/Texas/24-008749-003/2024(H5N1)	1273	2836
PB1|PP755595.1|A/cattle/Texas/24-008749-003/2024(H5N1)	1274	2865
PB1|PP755595.1|A/cattle/Texas/24-008749-003/2024(H5N1)	1275	2873
PB1|PP755595.1|A/cattle/Texas/24-008749-003/2024(H5N1)	1276	2822
PB1|PP755595.1|A/cattle/Texas/24-008749-003/2024(H5N1)	1277	2813
PB1|PP755595.1|A/cattle/Texas/24-008749-003/2024(H5N1)	1278	2784
PB1|PP755595.1|A/cattle/Texas/24-008749-003/2024(H5N1)	1279	2792
PB1|PP755595.1|A/cattle/Texas/24-008749-003/2024(H5N1)	1280	2862
PB1|PP755595.1|A/cattle/Texas/24-008749-003/2024(H5N1)	1281	2840
PB1|PP755595.1|A/cattle/Texas/24-008749-003/2024(H5N1)	1282	2830
PB1|PP755595.1|A/cattle/Texas/24-008749-003/2024(H5N1)	1283	2832
PB1|PP755595.1|A/cattle/Texas/24-008749-003/2024(H5N1)	1284	2835
PB1|PP755595.1|A/cattle/Texas/24-008749-003/2024(H5N1)	1285	2851
PB1|PP755595.1|A/cattle/Texas/24-008749-003/2024(H5N1)	1286	2837
PB1|PP755595.1|A/cattle/Texas/24-008749-003/2024(H5N1)	1287	2863
PB1|PP755595.1|A/cattle/Texas/24-008749-003/2024(H5N1)	1288	2864
PB1|PP755595.1|A/cattle/Texas/24-008749-003/2024(H5N1)	1289	2849
PB1|PP755595.1|A/cattle/Texas/24-008749-003/2024(H5N1)	1290	2830
PB1|PP755595.1|A/cattle/Texas/24-008749-003/2024(H5N1)	1291	2834
PB1|PP755595.1|A/cattle/Texas/24-008749-003/2024(H5N1)	1292	2834
PB1|PP755595.1|A/cattle/Texas/24-008749-003/2024(H5N1)	1293	2876
PB1|PP755595.1|A/cattle/Texas/24-008749-003/2024(H5N1)	1294	2873
PB1|PP755595.1|A/cattle/Texas/24-008749-003/2024(H5N1)	1295	2886
PB1|PP755595.1|A/cattle/Texas/24-008749-003/2024(H5N1)	1296	2875
PB1|PP755595.1|A/cattle/Texas/24-008749-003/2024(H5N1)	1297	2872
PB1|PP755595.1|A/cattle/Texas/24-008749-003/2024(H5N1)	1298	2869
PB1|PP755595.1|A/cattle/Texas/24-008749-003/2024(H5N1)	1299	2870
PB1|PP755595.1|A/cattle/Texas/24-008749-003/2024(H5N1)	1300	2969
PB1|PP755595.1|A/cattle/Texas/24-008749-003/2024(H5N1)	1301	3036
PB1|PP755595.1|A/cattle/Texas/24-008749-003/2024(H5N1)	1302	3003
PB1|PP755595.1|A/cattle/Texas/24-008749-003/2024(H5N1)	1303	3014
PB1|PP755595.1|A/cattle/Texas/24-008749-003/2024(H5N1)	1304	3014
PB1|PP755595.1|A/cattle/Texas/24-008749-003/2024(H5N1)	1305	3028
PB1|PP755595.1|A/cattle/Texas/24-008749-003/2024(H5N1)	1306	3060
PB1|PP755595.1|A/cattle/Texas/24-008749-003/2024(H5N1)	1307	3051
PB1|PP755595.1|A/cattle/Texas/24-008749-003/2024(H5N1)	1308	3109
PB1|PP755595.1|A/cattle/Texas/24-008749-003/2024(H5N1)	1309	3035
PB1|PP755595.1|A/cattle/Texas/24-008749-003/2024(H5N1)	1310	3054
PB1|PP755595.1|A/cattle/Texas/24-008749-003/2024(H5N1)	1311	3066
PB1|PP755595.1|A/cattle/Texas/24-008749-003/2024(H5N1)	1312	3054
PB1|PP755595.1|A/cattle/Texas/24-008749-003/2024(H5N1)	1313	3062
PB1|PP755595.1|A/cattle/Texas/24-008749-003/2024(H5N1)	1314	3059
PB1|PP755595.1|A/cattle/Texas/24-008749-003/2024(H5N1)	1315	3065
PB1|PP755595.1|A/cattle/Texas/24-008749-003/2024(H5N1)	1316	3102
PB1|PP755595.1|A/cattle/Texas/24-008749-003/2024(H5N1)	1317	3056
PB1|PP755595.1|A/cattle/Texas/24-008749-003/2024(H5N1)	1318	3065
PB1|PP755595.1|A/cattle/Texas/24-008749-003/2024(H5N1)	1319	3055
PB1|PP755595.1|A/cattle/Texas/24-008749-003/2024(H5N1)	1320	3050
PB1|PP755595.1|A/cattle/Texas/24-008749-003/2024(H5N1)	1321	3154
PB1|PP755595.1|A/cattle/Texas/24-008749-003/2024(H5N1)	1322	3135
PB1|PP755595.1|A/cattle/Texas/24-008749-003/2024(H5N1)	1323	3115
PB1|PP755595.1|A/cattle/Texas/24-008749-003/2024(H5N1)	1324	3125
PB1|PP755595.1|A/cattle/Texas/24-008749-003/2024(H5N1)	1325	3126
PB1|PP755595.1|A/cattle/Texas/24-008749-003/2024(H5N1)	1326	3135
PB1|PP755595.1|A/cattle/Texas/24-008749-003/2024(H5N1)	1327	3127
PB1|PP755595.1|A/cattle/Texas/24-008749-003/2024(H5N1)	1328	3088
PB1|PP755595.1|A/cattle/Texas/24-008749-003/2024(H5N1)	1329	3064
PB1|PP755595.1|A/cattle/Texas/24-008749-003/2024(H5N1)	1330	2984
PB1|PP755595.1|A/cattle/Texas/24-008749-003/2024(H5N1)	1331	2905
PB1|PP755595.1|A/cattle/Texas/24-008749-003/2024(H5N1)	1332	2895
PB1|PP755595.1|A/cattle/Texas/24-008749-003/2024(H5N1)	1333	2895
PB1|PP755595.1|A/cattle/Texas/24-008749-003/2024(H5N1)	1334	2895
PB1|PP755595.1|A/cattle/Texas/24-008749-003/2024(H5N1)	1335	2884
PB1|PP755595.1|A/cattle/Texas/24-008749-003/2024(H5N1)	1336	2846
PB1|PP755595.1|A/cattle/Texas/24-008749-003/2024(H5N1)	1337	2812
PB1|PP755595.1|A/cattle/Texas/24-008749-003/2024(H5N1)	1338	2313
PB1|PP755595.1|A/cattle/Texas/24-008749-003/2024(H5N1)	1339	2295
PB1|PP755595.1|A/cattle/Texas/24-008749-003/2024(H5N1)	1340	2285
PB1|PP755595.1|A/cattle/Texas/24-008749-003/2024(H5N1)	1341	2258
PB1|PP755595.1|A/cattle/Texas/24-008749-003/2024(H5N1)	1342	2259
PB1|PP755595.1|A/cattle/Texas/24-008749-003/2024(H5N1)	1343	2259
PB1|PP755595.1|A/cattle/Texas/24-008749-003/2024(H5N1)	1344	2258
PB1|PP755595.1|A/cattle/Texas/24-008749-003/2024(H5N1)	1345	2281
PB1|PP755595.1|A/cattle/Texas/24-008749-003/2024(H5N1)	1346	2281
PB1|PP755595.1|A/cattle/Texas/24-008749-003/2024(H5N1)	1347	2331
PB1|PP755595.1|A/cattle/Texas/24-008749-003/2024(H5N1)	1348	2332
PB1|PP755595.1|A/cattle/Texas/24-008749-003/2024(H5N1)	1349	2333
PB1|PP755595.1|A/cattle/Texas/24-008749-003/2024(H5N1)	1350	2326
PB1|PP755595.1|A/cattle/Texas/24-008749-003/2024(H5N1)	1351	2371
PB1|PP755595.1|A/cattle/Texas/24-008749-003/2024(H5N1)	1352	2419
PB1|PP755595.1|A/cattle/Texas/24-008749-003/2024(H5N1)	1353	2419
PB1|PP755595.1|A/cattle/Texas/24-008749-003/2024(H5N1)	1354	2424
PB1|PP755595.1|A/cattle/Texas/24-008749-003/2024(H5N1)	1355	2427
PB1|PP755595.1|A/cattle/Texas/24-008749-003/2024(H5N1)	1356	2435
PB1|PP755595.1|A/cattle/Texas/24-008749-003/2024(H5N1)	1357	2447
PB1|PP755595.1|A/cattle/Texas/24-008749-003/2024(H5N1)	1358	2448
PB1|PP755595.1|A/cattle/Texas/24-008749-003/2024(H5N1)	1359	2444
PB1|PP755595.1|A/cattle/Texas/24-008749-003/2024(H5N1)	1360	2448
PB1|PP755595.1|A/cattle/Texas/24-008749-003/2024(H5N1)	1361	2448
PB1|PP755595.1|A/cattle/Texas/24-008749-003/2024(H5N1)	1362	2454
PB1|PP755595.1|A/cattle/Texas/24-008749-003/2024(H5N1)	1363	2714
PB1|PP755595.1|A/cattle/Texas/24-008749-003/2024(H5N1)	1364	2718
PB1|PP755595.1|A/cattle/Texas/24-008749-003/2024(H5N1)	1365	2739
PB1|PP755595.1|A/cattle/Texas/24-008749-003/2024(H5N1)	1366	2744
PB1|PP755595.1|A/cattle/Texas/24-008749-003/2024(H5N1)	1367	2745
PB1|PP755595.1|A/cattle/Texas/24-008749-003/2024(H5N1)	1368	2748
PB1|PP755595.1|A/cattle/Texas/24-008749-003/2024(H5N1)	1369	2748
PB1|PP755595.1|A/cattle/Texas/24-008749-003/2024(H5N1)	1370	2764
PB1|PP755595.1|A/cattle/Texas/24-008749-003/2024(H5N1)	1371	2779
PB1|PP755595.1|A/cattle/Texas/24-008749-003/2024(H5N1)	1372	2880
PB1|PP755595.1|A/cattle/Texas/24-008749-003/2024(H5N1)	1373	2891
PB1|PP755595.1|A/cattle/Texas/24-008749-003/2024(H5N1)	1374	2886
PB1|PP755595.1|A/cattle/Texas/24-008749-003/2024(H5N1)	1375	3056
PB1|PP755595.1|A/cattle/Texas/24-008749-003/2024(H5N1)	1376	3056
PB1|PP755595.1|A/cattle/Texas/24-008749-003/2024(H5N1)	1377	3066
PB1|PP755595.1|A/cattle/Texas/24-008749-003/2024(H5N1)	1378	3047
PB1|PP755595.1|A/cattle/Texas/24-008749-003/2024(H5N1)	1379	3073
PB1|PP755595.1|A/cattle/Texas/24-008749-003/2024(H5N1)	1380	3074
PB1|PP755595.1|A/cattle/Texas/24-008749-003/2024(H5N1)	1381	3074
PB1|PP755595.1|A/cattle/Texas/24-008749-003/2024(H5N1)	1382	3112
PB1|PP755595.1|A/cattle/Texas/24-008749-003/2024(H5N1)	1383	3094
PB1|PP755595.1|A/cattle/Texas/24-008749-003/2024(H5N1)	1384	3113
PB1|PP755595.1|A/cattle/Texas/24-008749-003/2024(H5N1)	1385	3110
PB1|PP755595.1|A/cattle/Texas/24-008749-003/2024(H5N1)	1386	3064
PB1|PP755595.1|A/cattle/Texas/24-008749-003/2024(H5N1)	1387	3058
PB1|PP755595.1|A/cattle/Texas/24-008749-003/2024(H5N1)	1388	3035
PB1|PP755595.1|A/cattle/Texas/24-008749-003/2024(H5N1)	1389	2631
PB1|PP755595.1|A/cattle/Texas/24-008749-003/2024(H5N1)	1390	2646
PB1|PP755595.1|A/cattle/Texas/24-008749-003/2024(H5N1)	1391	2622
PB1|PP755595.1|A/cattle/Texas/24-008749-003/2024(H5N1)	1392	2622
PB1|PP755595.1|A/cattle/Texas/24-008749-003/2024(H5N1)	1393	2629
PB1|PP755595.1|A/cattle/Texas/24-008749-003/2024(H5N1)	1394	2663
PB1|PP755595.1|A/cattle/Texas/24-008749-003/2024(H5N1)	1395	2946
PB1|PP755595.1|A/cattle/Texas/24-008749-003/2024(H5N1)	1396	3180
PB1|PP755595.1|A/cattle/Texas/24-008749-003/2024(H5N1)	1397	3184
PB1|PP755595.1|A/cattle/Texas/24-008749-003/2024(H5N1)	1398	3314
PB1|PP755595.1|A/cattle/Texas/24-008749-003/2024(H5N1)	1399	3320
PB1|PP755595.1|A/cattle/Texas/24-008749-003/2024(H5N1)	1400	3327
PB1|PP755595.1|A/cattle/Texas/24-008749-003/2024(H5N1)	1401	3331
PB1|PP755595.1|A/cattle/Texas/24-008749-003/2024(H5N1)	1402	3324
PB1|PP755595.1|A/cattle/Texas/24-008749-003/2024(H5N1)	1403	3138
PB1|PP755595.1|A/cattle/Texas/24-008749-003/2024(H5N1)	1404	2956
PB1|PP755595.1|A/cattle/Texas/24-008749-003/2024(H5N1)	1405	2954
PB1|PP755595.1|A/cattle/Texas/24-008749-003/2024(H5N1)	1406	3052
PB1|PP755595.1|A/cattle/Texas/24-008749-003/2024(H5N1)	1407	2962
PB1|PP755595.1|A/cattle/Texas/24-008749-003/2024(H5N1)	1408	2955
PB1|PP755595.1|A/cattle/Texas/24-008749-003/2024(H5N1)	1409	2971
PB1|PP755595.1|A/cattle/Texas/24-008749-003/2024(H5N1)	1410	2996
PB1|PP755595.1|A/cattle/Texas/24-008749-003/2024(H5N1)	1411	2999
PB1|PP755595.1|A/cattle/Texas/24-008749-003/2024(H5N1)	1412	3011
PB1|PP755595.1|A/cattle/Texas/24-008749-003/2024(H5N1)	1413	3001
PB1|PP755595.1|A/cattle/Texas/24-008749-003/2024(H5N1)	1414	3007
PB1|PP755595.1|A/cattle/Texas/24-008749-003/2024(H5N1)	1415	2937
PB1|PP755595.1|A/cattle/Texas/24-008749-003/2024(H5N1)	1416	2968
PB1|PP755595.1|A/cattle/Texas/24-008749-003/2024(H5N1)	1417	2971
PB1|PP755595.1|A/cattle/Texas/24-008749-003/2024(H5N1)	1418	2960
PB1|PP755595.1|A/cattle/Texas/24-008749-003/2024(H5N1)	1419	2929
PB1|PP755595.1|A/cattle/Texas/24-008749-003/2024(H5N1)	1420	2926
PB1|PP755595.1|A/cattle/Texas/24-008749-003/2024(H5N1)	1421	3082
PB1|PP755595.1|A/cattle/Texas/24-008749-003/2024(H5N1)	1422	3086
PB1|PP755595.1|A/cattle/Texas/24-008749-003/2024(H5N1)	1423	3234
PB1|PP755595.1|A/cattle/Texas/24-008749-003/2024(H5N1)	1424	3249
PB1|PP755595.1|A/cattle/Texas/24-008749-003/2024(H5N1)	1425	3233
PB1|PP755595.1|A/cattle/Texas/24-008749-003/2024(H5N1)	1426	3235
PB1|PP755595.1|A/cattle/Texas/24-008749-003/2024(H5N1)	1427	3258
PB1|PP755595.1|A/cattle/Texas/24-008749-003/2024(H5N1)	1428	3261
PB1|PP755595.1|A/cattle/Texas/24-008749-003/2024(H5N1)	1429	3306
PB1|PP755595.1|A/cattle/Texas/24-008749-003/2024(H5N1)	1430	3213
PB1|PP755595.1|A/cattle/Texas/24-008749-003/2024(H5N1)	1431	3218
PB1|PP755595.1|A/cattle/Texas/24-008749-003/2024(H5N1)	1432	3222
PB1|PP755595.1|A/cattle/Texas/24-008749-003/2024(H5N1)	1433	3229
PB1|PP755595.1|A/cattle/Texas/24-008749-003/2024(H5N1)	1434	3229
PB1|PP755595.1|A/cattle/Texas/24-008749-003/2024(H5N1)	1435	3286
PB1|PP755595.1|A/cattle/Texas/24-008749-003/2024(H5N1)	1436	3275
PB1|PP755595.1|A/cattle/Texas/24-008749-003/2024(H5N1)	1437	3284
PB1|PP755595.1|A/cattle/Texas/24-008749-003/2024(H5N1)	1438	3260
PB1|PP755595.1|A/cattle/Texas/24-008749-003/2024(H5N1)	1439	3255
PB1|PP755595.1|A/cattle/Texas/24-008749-003/2024(H5N1)	1440	3256
PB1|PP755595.1|A/cattle/Texas/24-008749-003/2024(H5N1)	1441	3266
PB1|PP755595.1|A/cattle/Texas/24-008749-003/2024(H5N1)	1442	3260
PB1|PP755595.1|A/cattle/Texas/24-008749-003/2024(H5N1)	1443	3366
PB1|PP755595.1|A/cattle/Texas/24-008749-003/2024(H5N1)	1444	3410
PB1|PP755595.1|A/cattle/Texas/24-008749-003/2024(H5N1)	1445	3408
PB1|PP755595.1|A/cattle/Texas/24-008749-003/2024(H5N1)	1446	3434
PB1|PP755595.1|A/cattle/Texas/24-008749-003/2024(H5N1)	1447	3460
PB1|PP755595.1|A/cattle/Texas/24-008749-003/2024(H5N1)	1448	3505
PB1|PP755595.1|A/cattle/Texas/24-008749-003/2024(H5N1)	1449	3496
PB1|PP755595.1|A/cattle/Texas/24-008749-003/2024(H5N1)	1450	3495
PB1|PP755595.1|A/cattle/Texas/24-008749-003/2024(H5N1)	1451	3444
PB1|PP755595.1|A/cattle/Texas/24-008749-003/2024(H5N1)	1452	3379
PB1|PP755595.1|A/cattle/Texas/24-008749-003/2024(H5N1)	1453	3388
PB1|PP755595.1|A/cattle/Texas/24-008749-003/2024(H5N1)	1454	3387
PB1|PP755595.1|A/cattle/Texas/24-008749-003/2024(H5N1)	1455	3378
PB1|PP755595.1|A/cattle/Texas/24-008749-003/2024(H5N1)	1456	3372
PB1|PP755595.1|A/cattle/Texas/24-008749-003/2024(H5N1)	1457	3356
PB1|PP755595.1|A/cattle/Texas/24-008749-003/2024(H5N1)	1458	3408
PB1|PP755595.1|A/cattle/Texas/24-008749-003/2024(H5N1)	1459	3382
PB1|PP755595.1|A/cattle/Texas/24-008749-003/2024(H5N1)	1460	3368
PB1|PP755595.1|A/cattle/Texas/24-008749-003/2024(H5N1)	1461	3357
PB1|PP755595.1|A/cattle/Texas/24-008749-003/2024(H5N1)	1462	3354
PB1|PP755595.1|A/cattle/Texas/24-008749-003/2024(H5N1)	1463	3396
PB1|PP755595.1|A/cattle/Texas/24-008749-003/2024(H5N1)	1464	3395
PB1|PP755595.1|A/cattle/Texas/24-008749-003/2024(H5N1)	1465	3456
PB1|PP755595.1|A/cattle/Texas/24-008749-003/2024(H5N1)	1466	3465
PB1|PP755595.1|A/cattle/Texas/24-008749-003/2024(H5N1)	1467	3434
PB1|PP755595.1|A/cattle/Texas/24-008749-003/2024(H5N1)	1468	3445
PB1|PP755595.1|A/cattle/Texas/24-008749-003/2024(H5N1)	1469	3434
PB1|PP755595.1|A/cattle/Texas/24-008749-003/2024(H5N1)	1470	3427
PB1|PP755595.1|A/cattle/Texas/24-008749-003/2024(H5N1)	1471	3420
PB1|PP755595.1|A/cattle/Texas/24-008749-003/2024(H5N1)	1472	3353
PB1|PP755595.1|A/cattle/Texas/24-008749-003/2024(H5N1)	1473	3364
PB1|PP755595.1|A/cattle/Texas/24-008749-003/2024(H5N1)	1474	3420
PB1|PP755595.1|A/cattle/Texas/24-008749-003/2024(H5N1)	1475	3400
PB1|PP755595.1|A/cattle/Texas/24-008749-003/2024(H5N1)	1476	3406
PB1|PP755595.1|A/cattle/Texas/24-008749-003/2024(H5N1)	1477	3397
PB1|PP755595.1|A/cattle/Texas/24-008749-003/2024(H5N1)	1478	3404
PB1|PP755595.1|A/cattle/Texas/24-008749-003/2024(H5N1)	1479	3402
PB1|PP755595.1|A/cattle/Texas/24-008749-003/2024(H5N1)	1480	3415
PB1|PP755595.1|A/cattle/Texas/24-008749-003/2024(H5N1)	1481	3418
PB1|PP755595.1|A/cattle/Texas/24-008749-003/2024(H5N1)	1482	3425
PB1|PP755595.1|A/cattle/Texas/24-008749-003/2024(H5N1)	1483	3437
PB1|PP755595.1|A/cattle/Texas/24-008749-003/2024(H5N1)	1484	3432
PB1|PP755595.1|A/cattle/Texas/24-008749-003/2024(H5N1)	1485	3431
PB1|PP755595.1|A/cattle/Texas/24-008749-003/2024(H5N1)	1486	3446
PB1|PP755595.1|A/cattle/Texas/24-008749-003/2024(H5N1)	1487	3432
PB1|PP755595.1|A/cattle/Texas/24-008749-003/2024(H5N1)	1488	3465
PB1|PP755595.1|A/cattle/Texas/24-008749-003/2024(H5N1)	1489	3452
PB1|PP755595.1|A/cattle/Texas/24-008749-003/2024(H5N1)	1490	3451
PB1|PP755595.1|A/cattle/Texas/24-008749-003/2024(H5N1)	1491	3479
PB1|PP755595.1|A/cattle/Texas/24-008749-003/2024(H5N1)	1492	3487
PB1|PP755595.1|A/cattle/Texas/24-008749-003/2024(H5N1)	1493	3509
PB1|PP755595.1|A/cattle/Texas/24-008749-003/2024(H5N1)	1494	3514
PB1|PP755595.1|A/cattle/Texas/24-008749-003/2024(H5N1)	1495	3510
PB1|PP755595.1|A/cattle/Texas/24-008749-003/2024(H5N1)	1496	3518
PB1|PP755595.1|A/cattle/Texas/24-008749-003/2024(H5N1)	1497	3519
PB1|PP755595.1|A/cattle/Texas/24-008749-003/2024(H5N1)	1498	3477
PB1|PP755595.1|A/cattle/Texas/24-008749-003/2024(H5N1)	1499	3576
PB1|PP755595.1|A/cattle/Texas/24-008749-003/2024(H5N1)	1500	3562
PB1|PP755595.1|A/cattle/Texas/24-008749-003/2024(H5N1)	1501	3562
PB1|PP755595.1|A/cattle/Texas/24-008749-003/2024(H5N1)	1502	3507
PB1|PP755595.1|A/cattle/Texas/24-008749-003/2024(H5N1)	1503	3471
PB1|PP755595.1|A/cattle/Texas/24-008749-003/2024(H5N1)	1504	3471
PB1|PP755595.1|A/cattle/Texas/24-008749-003/2024(H5N1)	1505	3466
PB1|PP755595.1|A/cattle/Texas/24-008749-003/2024(H5N1)	1506	3073
PB1|PP755595.1|A/cattle/Texas/24-008749-003/2024(H5N1)	1507	3077
PB1|PP755595.1|A/cattle/Texas/24-008749-003/2024(H5N1)	1508	3047
PB1|PP755595.1|A/cattle/Texas/24-008749-003/2024(H5N1)	1509	3045
PB1|PP755595.1|A/cattle/Texas/24-008749-003/2024(H5N1)	1510	3053
PB1|PP755595.1|A/cattle/Texas/24-008749-003/2024(H5N1)	1511	3065
PB1|PP755595.1|A/cattle/Texas/24-008749-003/2024(H5N1)	1512	3202
PB1|PP755595.1|A/cattle/Texas/24-008749-003/2024(H5N1)	1513	3243
PB1|PP755595.1|A/cattle/Texas/24-008749-003/2024(H5N1)	1514	3257
PB1|PP755595.1|A/cattle/Texas/24-008749-003/2024(H5N1)	1515	3257
PB1|PP755595.1|A/cattle/Texas/24-008749-003/2024(H5N1)	1516	3257
PB1|PP755595.1|A/cattle/Texas/24-008749-003/2024(H5N1)	1517	3442
PB1|PP755595.1|A/cattle/Texas/24-008749-003/2024(H5N1)	1518	3539
PB1|PP755595.1|A/cattle/Texas/24-008749-003/2024(H5N1)	1519	3547
PB1|PP755595.1|A/cattle/Texas/24-008749-003/2024(H5N1)	1520	3553
PB1|PP755595.1|A/cattle/Texas/24-008749-003/2024(H5N1)	1521	3554
PB1|PP755595.1|A/cattle/Texas/24-008749-003/2024(H5N1)	1522	3619
PB1|PP755595.1|A/cattle/Texas/24-008749-003/2024(H5N1)	1523	3593
PB1|PP755595.1|A/cattle/Texas/24-008749-003/2024(H5N1)	1524	3578
PB1|PP755595.1|A/cattle/Texas/24-008749-003/2024(H5N1)	1525	3665
PB1|PP755595.1|A/cattle/Texas/24-008749-003/2024(H5N1)	1526	3680
PB1|PP755595.1|A/cattle/Texas/24-008749-003/2024(H5N1)	1527	3732
PB1|PP755595.1|A/cattle/Texas/24-008749-003/2024(H5N1)	1528	3764
PB1|PP755595.1|A/cattle/Texas/24-008749-003/2024(H5N1)	1529	3758
PB1|PP755595.1|A/cattle/Texas/24-008749-003/2024(H5N1)	1530	3749
PB1|PP755595.1|A/cattle/Texas/24-008749-003/2024(H5N1)	1531	3680
PB1|PP755595.1|A/cattle/Texas/24-008749-003/2024(H5N1)	1532	3840
PB1|PP755595.1|A/cattle/Texas/24-008749-003/2024(H5N1)	1533	3847
PB1|PP755595.1|A/cattle/Texas/24-008749-003/2024(H5N1)	1534	3842
PB1|PP755595.1|A/cattle/Texas/24-008749-003/2024(H5N1)	1535	3845
PB1|PP755595.1|A/cattle/Texas/24-008749-003/2024(H5N1)	1536	3807
PB1|PP755595.1|A/cattle/Texas/24-008749-003/2024(H5N1)	1537	3805
PB1|PP755595.1|A/cattle/Texas/24-008749-003/2024(H5N1)	1538	3773
PB1|PP755595.1|A/cattle/Texas/24-008749-003/2024(H5N1)	1539	3883
PB1|PP755595.1|A/cattle/Texas/24-008749-003/2024(H5N1)	1540	3852
PB1|PP755595.1|A/cattle/Texas/24-008749-003/2024(H5N1)	1541	3791
PB1|PP755595.1|A/cattle/Texas/24-008749-003/2024(H5N1)	1542	3794
PB1|PP755595.1|A/cattle/Texas/24-008749-003/2024(H5N1)	1543	3806
PB1|PP755595.1|A/cattle/Texas/24-008749-003/2024(H5N1)	1544	3542
PB1|PP755595.1|A/cattle/Texas/24-008749-003/2024(H5N1)	1545	3527
PB1|PP755595.1|A/cattle/Texas/24-008749-003/2024(H5N1)	1546	3529
PB1|PP755595.1|A/cattle/Texas/24-008749-003/2024(H5N1)	1547	3542
PB1|PP755595.1|A/cattle/Texas/24-008749-003/2024(H5N1)	1548	3552
PB1|PP755595.1|A/cattle/Texas/24-008749-003/2024(H5N1)	1549	3474
PB1|PP755595.1|A/cattle/Texas/24-008749-003/2024(H5N1)	1550	3471
PB1|PP755595.1|A/cattle/Texas/24-008749-003/2024(H5N1)	1551	3489
PB1|PP755595.1|A/cattle/Texas/24-008749-003/2024(H5N1)	1552	3478
PB1|PP755595.1|A/cattle/Texas/24-008749-003/2024(H5N1)	1553	3483
PB1|PP755595.1|A/cattle/Texas/24-008749-003/2024(H5N1)	1554	3485
PB1|PP755595.1|A/cattle/Texas/24-008749-003/2024(H5N1)	1555	3481
PB1|PP755595.1|A/cattle/Texas/24-008749-003/2024(H5N1)	1556	3492
PB1|PP755595.1|A/cattle/Texas/24-008749-003/2024(H5N1)	1557	3409
PB1|PP755595.1|A/cattle/Texas/24-008749-003/2024(H5N1)	1558	3406
PB1|PP755595.1|A/cattle/Texas/24-008749-003/2024(H5N1)	1559	3388
PB1|PP755595.1|A/cattle/Texas/24-008749-003/2024(H5N1)	1560	3338
PB1|PP755595.1|A/cattle/Texas/24-008749-003/2024(H5N1)	1561	3387
PB1|PP755595.1|A/cattle/Texas/24-008749-003/2024(H5N1)	1562	3390
PB1|PP755595.1|A/cattle/Texas/24-008749-003/2024(H5N1)	1563	3387
PB1|PP755595.1|A/cattle/Texas/24-008749-003/2024(H5N1)	1564	3450
PB1|PP755595.1|A/cattle/Texas/24-008749-003/2024(H5N1)	1565	3461
PB1|PP755595.1|A/cattle/Texas/24-008749-003/2024(H5N1)	1566	3456
PB1|PP755595.1|A/cattle/Texas/24-008749-003/2024(H5N1)	1567	3473
PB1|PP755595.1|A/cattle/Texas/24-008749-003/2024(H5N1)	1568	3457
PB1|PP755595.1|A/cattle/Texas/24-008749-003/2024(H5N1)	1569	3473
PB1|PP755595.1|A/cattle/Texas/24-008749-003/2024(H5N1)	1570	3447
PB1|PP755595.1|A/cattle/Texas/24-008749-003/2024(H5N1)	1571	3485
PB1|PP755595.1|A/cattle/Texas/24-008749-003/2024(H5N1)	1572	3342
PB1|PP755595.1|A/cattle/Texas/24-008749-003/2024(H5N1)	1573	3282
PB1|PP755595.1|A/cattle/Texas/24-008749-003/2024(H5N1)	1574	3270
PB1|PP755595.1|A/cattle/Texas/24-008749-003/2024(H5N1)	1575	3258
PB1|PP755595.1|A/cattle/Texas/24-008749-003/2024(H5N1)	1576	3253
PB1|PP755595.1|A/cattle/Texas/24-008749-003/2024(H5N1)	1577	3247
PB1|PP755595.1|A/cattle/Texas/24-008749-003/2024(H5N1)	1578	3201
PB1|PP755595.1|A/cattle/Texas/24-008749-003/2024(H5N1)	1579	3200
PB1|PP755595.1|A/cattle/Texas/24-008749-003/2024(H5N1)	1580	3156
PB1|PP755595.1|A/cattle/Texas/24-008749-003/2024(H5N1)	1581	3155
PB1|PP755595.1|A/cattle/Texas/24-008749-003/2024(H5N1)	1582	3232
PB1|PP755595.1|A/cattle/Texas/24-008749-003/2024(H5N1)	1583	3262
PB1|PP755595.1|A/cattle/Texas/24-008749-003/2024(H5N1)	1584	3256
PB1|PP755595.1|A/cattle/Texas/24-008749-003/2024(H5N1)	1585	3337
PB1|PP755595.1|A/cattle/Texas/24-008749-003/2024(H5N1)	1586	3316
PB1|PP755595.1|A/cattle/Texas/24-008749-003/2024(H5N1)	1587	3321
PB1|PP755595.1|A/cattle/Texas/24-008749-003/2024(H5N1)	1588	3324
PB1|PP755595.1|A/cattle/Texas/24-008749-003/2024(H5N1)	1589	3323
PB1|PP755595.1|A/cattle/Texas/24-008749-003/2024(H5N1)	1590	3323
PB1|PP755595.1|A/cattle/Texas/24-008749-003/2024(H5N1)	1591	3324
PB1|PP755595.1|A/cattle/Texas/24-008749-003/2024(H5N1)	1592	3306
PB1|PP755595.1|A/cattle/Texas/24-008749-003/2024(H5N1)	1593	3317
PB1|PP755595.1|A/cattle/Texas/24-008749-003/2024(H5N1)	1594	3211
PB1|PP755595.1|A/cattle/Texas/24-008749-003/2024(H5N1)	1595	3212
PB1|PP755595.1|A/cattle/Texas/24-008749-003/2024(H5N1)	1596	3222
PB1|PP755595.1|A/cattle/Texas/24-008749-003/2024(H5N1)	1597	3186
PB1|PP755595.1|A/cattle/Texas/24-008749-003/2024(H5N1)	1598	3168
PB1|PP755595.1|A/cattle/Texas/24-008749-003/2024(H5N1)	1599	3272
PB1|PP755595.1|A/cattle/Texas/24-008749-003/2024(H5N1)	1600	3283
PB1|PP755595.1|A/cattle/Texas/24-008749-003/2024(H5N1)	1601	3281
PB1|PP755595.1|A/cattle/Texas/24-008749-003/2024(H5N1)	1602	3237
PB1|PP755595.1|A/cattle/Texas/24-008749-003/2024(H5N1)	1603	3226
PB1|PP755595.1|A/cattle/Texas/24-008749-003/2024(H5N1)	1604	3216
PB1|PP755595.1|A/cattle/Texas/24-008749-003/2024(H5N1)	1605	3203
PB1|PP755595.1|A/cattle/Texas/24-008749-003/2024(H5N1)	1606	3231
PB1|PP755595.1|A/cattle/Texas/24-008749-003/2024(H5N1)	1607	3231
PB1|PP755595.1|A/cattle/Texas/24-008749-003/2024(H5N1)	1608	3182
PB1|PP755595.1|A/cattle/Texas/24-008749-003/2024(H5N1)	1609	3184
PB1|PP755595.1|A/cattle/Texas/24-008749-003/2024(H5N1)	1610	3185
PB1|PP755595.1|A/cattle/Texas/24-008749-003/2024(H5N1)	1611	3168
PB1|PP755595.1|A/cattle/Texas/24-008749-003/2024(H5N1)	1612	3167
PB1|PP755595.1|A/cattle/Texas/24-008749-003/2024(H5N1)	1613	3159
PB1|PP755595.1|A/cattle/Texas/24-008749-003/2024(H5N1)	1614	3115
PB1|PP755595.1|A/cattle/Texas/24-008749-003/2024(H5N1)	1615	3240
PB1|PP755595.1|A/cattle/Texas/24-008749-003/2024(H5N1)	1616	3192
PB1|PP755595.1|A/cattle/Texas/24-008749-003/2024(H5N1)	1617	3185
PB1|PP755595.1|A/cattle/Texas/24-008749-003/2024(H5N1)	1618	3187
PB1|PP755595.1|A/cattle/Texas/24-008749-003/2024(H5N1)	1619	3181
PB1|PP755595.1|A/cattle/Texas/24-008749-003/2024(H5N1)	1620	3232
PB1|PP755595.1|A/cattle/Texas/24-008749-003/2024(H5N1)	1621	3235
PB1|PP755595.1|A/cattle/Texas/24-008749-003/2024(H5N1)	1622	3186
PB1|PP755595.1|A/cattle/Texas/24-008749-003/2024(H5N1)	1623	3104
PB1|PP755595.1|A/cattle/Texas/24-008749-003/2024(H5N1)	1624	3095
PB1|PP755595.1|A/cattle/Texas/24-008749-003/2024(H5N1)	1625	3149
PB1|PP755595.1|A/cattle/Texas/24-008749-003/2024(H5N1)	1626	3149
PB1|PP755595.1|A/cattle/Texas/24-008749-003/2024(H5N1)	1627	3141
PB1|PP755595.1|A/cattle/Texas/24-008749-003/2024(H5N1)	1628	3137
PB1|PP755595.1|A/cattle/Texas/24-008749-003/2024(H5N1)	1629	3097
PB1|PP755595.1|A/cattle/Texas/24-008749-003/2024(H5N1)	1630	3097
PB1|PP755595.1|A/cattle/Texas/24-008749-003/2024(H5N1)	1631	3063
PB1|PP755595.1|A/cattle/Texas/24-008749-003/2024(H5N1)	1632	3055
PB1|PP755595.1|A/cattle/Texas/24-008749-003/2024(H5N1)	1633	3047
PB1|PP755595.1|A/cattle/Texas/24-008749-003/2024(H5N1)	1634	3035
PB1|PP755595.1|A/cattle/Texas/24-008749-003/2024(H5N1)	1635	3032
PB1|PP755595.1|A/cattle/Texas/24-008749-003/2024(H5N1)	1636	3032
PB1|PP755595.1|A/cattle/Texas/24-008749-003/2024(H5N1)	1637	3016
PB1|PP755595.1|A/cattle/Texas/24-008749-003/2024(H5N1)	1638	3013
PB1|PP755595.1|A/cattle/Texas/24-008749-003/2024(H5N1)	1639	2965
PB1|PP755595.1|A/cattle/Texas/24-008749-003/2024(H5N1)	1640	2952
PB1|PP755595.1|A/cattle/Texas/24-008749-003/2024(H5N1)	1641	2751
PB1|PP755595.1|A/cattle/Texas/24-008749-003/2024(H5N1)	1642	2693
PB1|PP755595.1|A/cattle/Texas/24-008749-003/2024(H5N1)	1643	2686
PB1|PP755595.1|A/cattle/Texas/24-008749-003/2024(H5N1)	1644	2685
PB1|PP755595.1|A/cattle/Texas/24-008749-003/2024(H5N1)	1645	2685
PB1|PP755595.1|A/cattle/Texas/24-008749-003/2024(H5N1)	1646	2685
PB1|PP755595.1|A/cattle/Texas/24-008749-003/2024(H5N1)	1647	2680
PB1|PP755595.1|A/cattle/Texas/24-008749-003/2024(H5N1)	1648	2962
PB1|PP755595.1|A/cattle/Texas/24-008749-003/2024(H5N1)	1649	2962
PB1|PP755595.1|A/cattle/Texas/24-008749-003/2024(H5N1)	1650	2998
PB1|PP755595.1|A/cattle/Texas/24-008749-003/2024(H5N1)	1651	2999
PB1|PP755595.1|A/cattle/Texas/24-008749-003/2024(H5N1)	1652	2996
PB1|PP755595.1|A/cattle/Texas/24-008749-003/2024(H5N1)	1653	2998
PB1|PP755595.1|A/cattle/Texas/24-008749-003/2024(H5N1)	1654	2977
PB1|PP755595.1|A/cattle/Texas/24-008749-003/2024(H5N1)	1655	2973
PB1|PP755595.1|A/cattle/Texas/24-008749-003/2024(H5N1)	1656	2969
PB1|PP755595.1|A/cattle/Texas/24-008749-003/2024(H5N1)	1657	2963
PB1|PP755595.1|A/cattle/Texas/24-008749-003/2024(H5N1)	1658	2955
PB1|PP755595.1|A/cattle/Texas/24-008749-003/2024(H5N1)	1659	2935
PB1|PP755595.1|A/cattle/Texas/24-008749-003/2024(H5N1)	1660	2936
PB1|PP755595.1|A/cattle/Texas/24-008749-003/2024(H5N1)	1661	2932
PB1|PP755595.1|A/cattle/Texas/24-008749-003/2024(H5N1)	1662	2917
PB1|PP755595.1|A/cattle/Texas/24-008749-003/2024(H5N1)	1663	2758
PB1|PP755595.1|A/cattle/Texas/24-008749-003/2024(H5N1)	1664	2758
PB1|PP755595.1|A/cattle/Texas/24-008749-003/2024(H5N1)	1665	2744
PB1|PP755595.1|A/cattle/Texas/24-008749-003/2024(H5N1)	1666	2731
PB1|PP755595.1|A/cattle/Texas/24-008749-003/2024(H5N1)	1667	2729
PB1|PP755595.1|A/cattle/Texas/24-008749-003/2024(H5N1)	1668	2551
PB1|PP755595.1|A/cattle/Texas/24-008749-003/2024(H5N1)	1669	2450
PB1|PP755595.1|A/cattle/Texas/24-008749-003/2024(H5N1)	1670	2448
PB1|PP755595.1|A/cattle/Texas/24-008749-003/2024(H5N1)	1671	2442
PB1|PP755595.1|A/cattle/Texas/24-008749-003/2024(H5N1)	1672	2437
PB1|PP755595.1|A/cattle/Texas/24-008749-003/2024(H5N1)	1673	2364
PB1|PP755595.1|A/cattle/Texas/24-008749-003/2024(H5N1)	1674	1824
PB1|PP755595.1|A/cattle/Texas/24-008749-003/2024(H5N1)	1675	1815
PB1|PP755595.1|A/cattle/Texas/24-008749-003/2024(H5N1)	1676	1779
PB1|PP755595.1|A/cattle/Texas/24-008749-003/2024(H5N1)	1677	1742
PB1|PP755595.1|A/cattle/Texas/24-008749-003/2024(H5N1)	1678	1742
PB1|PP755595.1|A/cattle/Texas/24-008749-003/2024(H5N1)	1679	1742
PB1|PP755595.1|A/cattle/Texas/24-008749-003/2024(H5N1)	1680	1730
PB1|PP755595.1|A/cattle/Texas/24-008749-003/2024(H5N1)	1681	1730
PB1|PP755595.1|A/cattle/Texas/24-008749-003/2024(H5N1)	1682	1730
PB1|PP755595.1|A/cattle/Texas/24-008749-003/2024(H5N1)	1683	1730
PB1|PP755595.1|A/cattle/Texas/24-008749-003/2024(H5N1)	1684	2303
PB1|PP755595.1|A/cattle/Texas/24-008749-003/2024(H5N1)	1685	2308
PB1|PP755595.1|A/cattle/Texas/24-008749-003/2024(H5N1)	1686	2310
PB1|PP755595.1|A/cattle/Texas/24-008749-003/2024(H5N1)	1687	2313
PB1|PP755595.1|A/cattle/Texas/24-008749-003/2024(H5N1)	1688	2313
PB1|PP755595.1|A/cattle/Texas/24-008749-003/2024(H5N1)	1689	2312
PB1|PP755595.1|A/cattle/Texas/24-008749-003/2024(H5N1)	1690	2312
PB1|PP755595.1|A/cattle/Texas/24-008749-003/2024(H5N1)	1691	2309
PB1|PP755595.1|A/cattle/Texas/24-008749-003/2024(H5N1)	1692	2240
PB1|PP755595.1|A/cattle/Texas/24-008749-003/2024(H5N1)	1693	2356
PB1|PP755595.1|A/cattle/Texas/24-008749-003/2024(H5N1)	1694	2369
PB1|PP755595.1|A/cattle/Texas/24-008749-003/2024(H5N1)	1695	2367
PB1|PP755595.1|A/cattle/Texas/24-008749-003/2024(H5N1)	1696	2376
PB1|PP755595.1|A/cattle/Texas/24-008749-003/2024(H5N1)	1697	2372
PB1|PP755595.1|A/cattle/Texas/24-008749-003/2024(H5N1)	1698	2378
PB1|PP755595.1|A/cattle/Texas/24-008749-003/2024(H5N1)	1699	2372
PB1|PP755595.1|A/cattle/Texas/24-008749-003/2024(H5N1)	1700	2326
PB1|PP755595.1|A/cattle/Texas/24-008749-003/2024(H5N1)	1701	2335
PB1|PP755595.1|A/cattle/Texas/24-008749-003/2024(H5N1)	1702	2316
PB1|PP755595.1|A/cattle/Texas/24-008749-003/2024(H5N1)	1703	2320
PB1|PP755595.1|A/cattle/Texas/24-008749-003/2024(H5N1)	1704	2315
PB1|PP755595.1|A/cattle/Texas/24-008749-003/2024(H5N1)	1705	2325
PB1|PP755595.1|A/cattle/Texas/24-008749-003/2024(H5N1)	1706	2313
PB1|PP755595.1|A/cattle/Texas/24-008749-003/2024(H5N1)	1707	2307
PB1|PP755595.1|A/cattle/Texas/24-008749-003/2024(H5N1)	1708	2304
PB1|PP755595.1|A/cattle/Texas/24-008749-003/2024(H5N1)	1709	2285
PB1|PP755595.1|A/cattle/Texas/24-008749-003/2024(H5N1)	1710	2280
PB1|PP755595.1|A/cattle/Texas/24-008749-003/2024(H5N1)	1711	2297
PB1|PP755595.1|A/cattle/Texas/24-008749-003/2024(H5N1)	1712	2258
PB1|PP755595.1|A/cattle/Texas/24-008749-003/2024(H5N1)	1713	2258
PB1|PP755595.1|A/cattle/Texas/24-008749-003/2024(H5N1)	1714	2245
PB1|PP755595.1|A/cattle/Texas/24-008749-003/2024(H5N1)	1715	2201
PB1|PP755595.1|A/cattle/Texas/24-008749-003/2024(H5N1)	1716	2190
PB1|PP755595.1|A/cattle/Texas/24-008749-003/2024(H5N1)	1717	2276
PB1|PP755595.1|A/cattle/Texas/24-008749-003/2024(H5N1)	1718	2276
PB1|PP755595.1|A/cattle/Texas/24-008749-003/2024(H5N1)	1719	2268
PB1|PP755595.1|A/cattle/Texas/24-008749-003/2024(H5N1)	1720	2272
PB1|PP755595.1|A/cattle/Texas/24-008749-003/2024(H5N1)	1721	2277
PB1|PP755595.1|A/cattle/Texas/24-008749-003/2024(H5N1)	1722	2244
PB1|PP755595.1|A/cattle/Texas/24-008749-003/2024(H5N1)	1723	2241
PB1|PP755595.1|A/cattle/Texas/24-008749-003/2024(H5N1)	1724	2223
PB1|PP755595.1|A/cattle/Texas/24-008749-003/2024(H5N1)	1725	2223
PB1|PP755595.1|A/cattle/Texas/24-008749-003/2024(H5N1)	1726	2164
PB1|PP755595.1|A/cattle/Texas/24-008749-003/2024(H5N1)	1727	2145
PB1|PP755595.1|A/cattle/Texas/24-008749-003/2024(H5N1)	1728	2142
PB1|PP755595.1|A/cattle/Texas/24-008749-003/2024(H5N1)	1729	2140
PB1|PP755595.1|A/cattle/Texas/24-008749-003/2024(H5N1)	1730	2138
PB1|PP755595.1|A/cattle/Texas/24-008749-003/2024(H5N1)	1731	1804
PB1|PP755595.1|A/cattle/Texas/24-008749-003/2024(H5N1)	1732	1795
PB1|PP755595.1|A/cattle/Texas/24-008749-003/2024(H5N1)	1733	1787
PB1|PP755595.1|A/cattle/Texas/24-008749-003/2024(H5N1)	1734	1760
PB1|PP755595.1|A/cattle/Texas/24-008749-003/2024(H5N1)	1735	1685
PB1|PP755595.1|A/cattle/Texas/24-008749-003/2024(H5N1)	1736	1683
PB1|PP755595.1|A/cattle/Texas/24-008749-003/2024(H5N1)	1737	1671
PB1|PP755595.1|A/cattle/Texas/24-008749-003/2024(H5N1)	1738	1973
PB1|PP755595.1|A/cattle/Texas/24-008749-003/2024(H5N1)	1739	1976
PB1|PP755595.1|A/cattle/Texas/24-008749-003/2024(H5N1)	1740	1976
PB1|PP755595.1|A/cattle/Texas/24-008749-003/2024(H5N1)	1741	1977
PB1|PP755595.1|A/cattle/Texas/24-008749-003/2024(H5N1)	1742	1977
PB1|PP755595.1|A/cattle/Texas/24-008749-003/2024(H5N1)	1743	1977
PB1|PP755595.1|A/cattle/Texas/24-008749-003/2024(H5N1)	1744	1977
PB1|PP755595.1|A/cattle/Texas/24-008749-003/2024(H5N1)	1745	1977
PB1|PP755595.1|A/cattle/Texas/24-008749-003/2024(H5N1)	1746	1977
PB1|PP755595.1|A/cattle/Texas/24-008749-003/2024(H5N1)	1747	1977
PB1|PP755595.1|A/cattle/Texas/24-008749-003/2024(H5N1)	1748	1977
PB1|PP755595.1|A/cattle/Texas/24-008749-003/2024(H5N1)	1749	1977
PB1|PP755595.1|A/cattle/Texas/24-008749-003/2024(H5N1)	1750	1976
PB1|PP755595.1|A/cattle/Texas/24-008749-003/2024(H5N1)	1751	1976
PB1|PP755595.1|A/cattle/Texas/24-008749-003/2024(H5N1)	1752	1948
PB1|PP755595.1|A/cattle/Texas/24-008749-003/2024(H5N1)	1753	1948
PB1|PP755595.1|A/cattle/Texas/24-008749-003/2024(H5N1)	1754	1948
PB1|PP755595.1|A/cattle/Texas/24-008749-003/2024(H5N1)	1755	1948
PB1|PP755595.1|A/cattle/Texas/24-008749-003/2024(H5N1)	1756	1948
PB1|PP755595.1|A/cattle/Texas/24-008749-003/2024(H5N1)	1757	1948
PB1|PP755595.1|A/cattle/Texas/24-008749-003/2024(H5N1)	1758	1597
PB1|PP755595.1|A/cattle/Texas/24-008749-003/2024(H5N1)	1759	1597
PB1|PP755595.1|A/cattle/Texas/24-008749-003/2024(H5N1)	1760	1836
PB1|PP755595.1|A/cattle/Texas/24-008749-003/2024(H5N1)	1761	1837
PB1|PP755595.1|A/cattle/Texas/24-008749-003/2024(H5N1)	1762	1865
PB1|PP755595.1|A/cattle/Texas/24-008749-003/2024(H5N1)	1763	1880
PB1|PP755595.1|A/cattle/Texas/24-008749-003/2024(H5N1)	1764	1880
PB1|PP755595.1|A/cattle/Texas/24-008749-003/2024(H5N1)	1765	1880
PB1|PP755595.1|A/cattle/Texas/24-008749-003/2024(H5N1)	1766	1880
PB1|PP755595.1|A/cattle/Texas/24-008749-003/2024(H5N1)	1767	1880
PB1|PP755595.1|A/cattle/Texas/24-008749-003/2024(H5N1)	1768	1880
PB1|PP755595.1|A/cattle/Texas/24-008749-003/2024(H5N1)	1769	1880
PB1|PP755595.1|A/cattle/Texas/24-008749-003/2024(H5N1)	1770	1880
PB1|PP755595.1|A/cattle/Texas/24-008749-003/2024(H5N1)	1771	1880
PB1|PP755595.1|A/cattle/Texas/24-008749-003/2024(H5N1)	1772	1880
PB1|PP755595.1|A/cattle/Texas/24-008749-003/2024(H5N1)	1773	1880
PB1|PP755595.1|A/cattle/Texas/24-008749-003/2024(H5N1)	1774	1982
PB1|PP755595.1|A/cattle/Texas/24-008749-003/2024(H5N1)	1775	1985
PB1|PP755595.1|A/cattle/Texas/24-008749-003/2024(H5N1)	1776	1987
PB1|PP755595.1|A/cattle/Texas/24-008749-003/2024(H5N1)	1777	1993
PB1|PP755595.1|A/cattle/Texas/24-008749-003/2024(H5N1)	1778	2012
PB1|PP755595.1|A/cattle/Texas/24-008749-003/2024(H5N1)	1779	2009
PB1|PP755595.1|A/cattle/Texas/24-008749-003/2024(H5N1)	1780	1993
PB1|PP755595.1|A/cattle/Texas/24-008749-003/2024(H5N1)	1781	1975
PB1|PP755595.1|A/cattle/Texas/24-008749-003/2024(H5N1)	1782	1954
PB1|PP755595.1|A/cattle/Texas/24-008749-003/2024(H5N1)	1783	1953
PB1|PP755595.1|A/cattle/Texas/24-008749-003/2024(H5N1)	1784	1933
PB1|PP755595.1|A/cattle/Texas/24-008749-003/2024(H5N1)	1785	1916
PB1|PP755595.1|A/cattle/Texas/24-008749-003/2024(H5N1)	1786	1917
PB1|PP755595.1|A/cattle/Texas/24-008749-003/2024(H5N1)	1787	1917
PB1|PP755595.1|A/cattle/Texas/24-008749-003/2024(H5N1)	1788	1917
PB1|PP755595.1|A/cattle/Texas/24-008749-003/2024(H5N1)	1789	1920
PB1|PP755595.1|A/cattle/Texas/24-008749-003/2024(H5N1)	1790	1980
PB1|PP755595.1|A/cattle/Texas/24-008749-003/2024(H5N1)	1791	1945
PB1|PP755595.1|A/cattle/Texas/24-008749-003/2024(H5N1)	1792	1934
PB1|PP755595.1|A/cattle/Texas/24-008749-003/2024(H5N1)	1793	1895
PB1|PP755595.1|A/cattle/Texas/24-008749-003/2024(H5N1)	1794	1895
PB1|PP755595.1|A/cattle/Texas/24-008749-003/2024(H5N1)	1795	1891
PB1|PP755595.1|A/cattle/Texas/24-008749-003/2024(H5N1)	1796	1877
PB1|PP755595.1|A/cattle/Texas/24-008749-003/2024(H5N1)	1797	1874
PB1|PP755595.1|A/cattle/Texas/24-008749-003/2024(H5N1)	1798	1789
PB1|PP755595.1|A/cattle/Texas/24-008749-003/2024(H5N1)	1799	1785
PB1|PP755595.1|A/cattle/Texas/24-008749-003/2024(H5N1)	1800	653
PB1|PP755595.1|A/cattle/Texas/24-008749-003/2024(H5N1)	1801	653
PB1|PP755595.1|A/cattle/Texas/24-008749-003/2024(H5N1)	1802	653
PB1|PP755595.1|A/cattle/Texas/24-008749-003/2024(H5N1)	1803	652
PB1|PP755595.1|A/cattle/Texas/24-008749-003/2024(H5N1)	1804	652
PB1|PP755595.1|A/cattle/Texas/24-008749-003/2024(H5N1)	1805	652
PB1|PP755595.1|A/cattle/Texas/24-008749-003/2024(H5N1)	1806	652
PB1|PP755595.1|A/cattle/Texas/24-008749-003/2024(H5N1)	1807	652
PB1|PP755595.1|A/cattle/Texas/24-008749-003/2024(H5N1)	1808	652
PB1|PP755595.1|A/cattle/Texas/24-008749-003/2024(H5N1)	1809	652
PB1|PP755595.1|A/cattle/Texas/24-008749-003/2024(H5N1)	1810	653
PB1|PP755595.1|A/cattle/Texas/24-008749-003/2024(H5N1)	1811	653
PB1|PP755595.1|A/cattle/Texas/24-008749-003/2024(H5N1)	1812	653
PB1|PP755595.1|A/cattle/Texas/24-008749-003/2024(H5N1)	1813	653
PB1|PP755595.1|A/cattle/Texas/24-008749-003/2024(H5N1)	1814	652
PB1|PP755595.1|A/cattle/Texas/24-008749-003/2024(H5N1)	1815	651
PB1|PP755595.1|A/cattle/Texas/24-008749-003/2024(H5N1)	1816	648
PB1|PP755595.1|A/cattle/Texas/24-008749-003/2024(H5N1)	1817	648
PB1|PP755595.1|A/cattle/Texas/24-008749-003/2024(H5N1)	1818	648
PB1|PP755595.1|A/cattle/Texas/24-008749-003/2024(H5N1)	1819	649
PB1|PP755595.1|A/cattle/Texas/24-008749-003/2024(H5N1)	1820	649
PB1|PP755595.1|A/cattle/Texas/24-008749-003/2024(H5N1)	1821	649
PB1|PP755595.1|A/cattle/Texas/24-008749-003/2024(H5N1)	1822	649
PB1|PP755595.1|A/cattle/Texas/24-008749-003/2024(H5N1)	1823	649
PB1|PP755595.1|A/cattle/Texas/24-008749-003/2024(H5N1)	1824	649
PB1|PP755595.1|A/cattle/Texas/24-008749-003/2024(H5N1)	1825	740
PB1|PP755595.1|A/cattle/Texas/24-008749-003/2024(H5N1)	1826	740
PB1|PP755595.1|A/cattle/Texas/24-008749-003/2024(H5N1)	1827	740
PB1|PP755595.1|A/cattle/Texas/24-008749-003/2024(H5N1)	1828	740
PB1|PP755595.1|A/cattle/Texas/24-008749-003/2024(H5N1)	1829	740
PB1|PP755595.1|A/cattle/Texas/24-008749-003/2024(H5N1)	1830	740
PB1|PP755595.1|A/cattle/Texas/24-008749-003/2024(H5N1)	1831	740
PB1|PP755595.1|A/cattle/Texas/24-008749-003/2024(H5N1)	1832	740
PB1|PP755595.1|A/cattle/Texas/24-008749-003/2024(H5N1)	1833	740
PB1|PP755595.1|A/cattle/Texas/24-008749-003/2024(H5N1)	1834	746
PB1|PP755595.1|A/cattle/Texas/24-008749-003/2024(H5N1)	1835	770
PB1|PP755595.1|A/cattle/Texas/24-008749-003/2024(H5N1)	1836	770
PB1|PP755595.1|A/cattle/Texas/24-008749-003/2024(H5N1)	1837	782
PB1|PP755595.1|A/cattle/Texas/24-008749-003/2024(H5N1)	1838	784
PB1|PP755595.1|A/cattle/Texas/24-008749-003/2024(H5N1)	1839	790
PB1|PP755595.1|A/cattle/Texas/24-008749-003/2024(H5N1)	1840	805
PB1|PP755595.1|A/cattle/Texas/24-008749-003/2024(H5N1)	1841	805
PB1|PP755595.1|A/cattle/Texas/24-008749-003/2024(H5N1)	1842	805
PB1|PP755595.1|A/cattle/Texas/24-008749-003/2024(H5N1)	1843	830
PB1|PP755595.1|A/cattle/Texas/24-008749-003/2024(H5N1)	1844	831
PB1|PP755595.1|A/cattle/Texas/24-008749-003/2024(H5N1)	1845	844
PB1|PP755595.1|A/cattle/Texas/24-008749-003/2024(H5N1)	1846	1987
PB1|PP755595.1|A/cattle/Texas/24-008749-003/2024(H5N1)	1847	1990
PB1|PP755595.1|A/cattle/Texas/24-008749-003/2024(H5N1)	1848	1998
PB1|PP755595.1|A/cattle/Texas/24-008749-003/2024(H5N1)	1849	2056
PB1|PP755595.1|A/cattle/Texas/24-008749-003/2024(H5N1)	1850	2186
PB1|PP755595.1|A/cattle/Texas/24-008749-003/2024(H5N1)	1851	2186
PB1|PP755595.1|A/cattle/Texas/24-008749-003/2024(H5N1)	1852	2187
PB1|PP755595.1|A/cattle/Texas/24-008749-003/2024(H5N1)	1853	2260
PB1|PP755595.1|A/cattle/Texas/24-008749-003/2024(H5N1)	1854	2260
PB1|PP755595.1|A/cattle/Texas/24-008749-003/2024(H5N1)	1855	2293
PB1|PP755595.1|A/cattle/Texas/24-008749-003/2024(H5N1)	1856	2293
PB1|PP755595.1|A/cattle/Texas/24-008749-003/2024(H5N1)	1857	2293
PB1|PP755595.1|A/cattle/Texas/24-008749-003/2024(H5N1)	1858	2331
PB1|PP755595.1|A/cattle/Texas/24-008749-003/2024(H5N1)	1859	2336
PB1|PP755595.1|A/cattle/Texas/24-008749-003/2024(H5N1)	1860	2365
PB1|PP755595.1|A/cattle/Texas/24-008749-003/2024(H5N1)	1861	2365
PB1|PP755595.1|A/cattle/Texas/24-008749-003/2024(H5N1)	1862	2380
PB1|PP755595.1|A/cattle/Texas/24-008749-003/2024(H5N1)	1863	2440
PB1|PP755595.1|A/cattle/Texas/24-008749-003/2024(H5N1)	1864	2466
PB1|PP755595.1|A/cattle/Texas/24-008749-003/2024(H5N1)	1865	2468
PB1|PP755595.1|A/cattle/Texas/24-008749-003/2024(H5N1)	1866	2468
PB1|PP755595.1|A/cattle/Texas/24-008749-003/2024(H5N1)	1867	2476
PB1|PP755595.1|A/cattle/Texas/24-008749-003/2024(H5N1)	1868	2491
PB1|PP755595.1|A/cattle/Texas/24-008749-003/2024(H5N1)	1869	2538
PB1|PP755595.1|A/cattle/Texas/24-008749-003/2024(H5N1)	1870	2540
PB1|PP755595.1|A/cattle/Texas/24-008749-003/2024(H5N1)	1871	2540
PB1|PP755595.1|A/cattle/Texas/24-008749-003/2024(H5N1)	1872	2541
PB1|PP755595.1|A/cattle/Texas/24-008749-003/2024(H5N1)	1873	2575
PB1|PP755595.1|A/cattle/Texas/24-008749-003/2024(H5N1)	1874	2582
PB1|PP755595.1|A/cattle/Texas/24-008749-003/2024(H5N1)	1875	2585
PB1|PP755595.1|A/cattle/Texas/24-008749-003/2024(H5N1)	1876	2585
PB1|PP755595.1|A/cattle/Texas/24-008749-003/2024(H5N1)	1877	2585
PB1|PP755595.1|A/cattle/Texas/24-008749-003/2024(H5N1)	1878	2585
PB1|PP755595.1|A/cattle/Texas/24-008749-003/2024(H5N1)	1879	2586
PB1|PP755595.1|A/cattle/Texas/24-008749-003/2024(H5N1)	1880	2586
PB1|PP755595.1|A/cattle/Texas/24-008749-003/2024(H5N1)	1881	2104
PB1|PP755595.1|A/cattle/Texas/24-008749-003/2024(H5N1)	1882	2104
PB1|PP755595.1|A/cattle/Texas/24-008749-003/2024(H5N1)	1883	2118
PB1|PP755595.1|A/cattle/Texas/24-008749-003/2024(H5N1)	1884	2120
PB1|PP755595.1|A/cattle/Texas/24-008749-003/2024(H5N1)	1885	2140
PB1|PP755595.1|A/cattle/Texas/24-008749-003/2024(H5N1)	1886	2140
PB1|PP755595.1|A/cattle/Texas/24-008749-003/2024(H5N1)	1887	2140
PB1|PP755595.1|A/cattle/Texas/24-008749-003/2024(H5N1)	1888	2154
PB1|PP755595.1|A/cattle/Texas/24-008749-003/2024(H5N1)	1889	2157
PB1|PP755595.1|A/cattle/Texas/24-008749-003/2024(H5N1)	1890	2171
PB1|PP755595.1|A/cattle/Texas/24-008749-003/2024(H5N1)	1891	2803
PB1|PP755595.1|A/cattle/Texas/24-008749-003/2024(H5N1)	1892	2808
PB1|PP755595.1|A/cattle/Texas/24-008749-003/2024(H5N1)	1893	2808
PB1|PP755595.1|A/cattle/Texas/24-008749-003/2024(H5N1)	1894	2808
PB1|PP755595.1|A/cattle/Texas/24-008749-003/2024(H5N1)	1895	2810
PB1|PP755595.1|A/cattle/Texas/24-008749-003/2024(H5N1)	1896	2810
PB1|PP755595.1|A/cattle/Texas/24-008749-003/2024(H5N1)	1897	2822
PB1|PP755595.1|A/cattle/Texas/24-008749-003/2024(H5N1)	1898	2857
PB1|PP755595.1|A/cattle/Texas/24-008749-003/2024(H5N1)	1899	2894
PB1|PP755595.1|A/cattle/Texas/24-008749-003/2024(H5N1)	1900	2901
PB1|PP755595.1|A/cattle/Texas/24-008749-003/2024(H5N1)	1901	2902
PB1|PP755595.1|A/cattle/Texas/24-008749-003/2024(H5N1)	1902	2911
PB1|PP755595.1|A/cattle/Texas/24-008749-003/2024(H5N1)	1903	2934
PB1|PP755595.1|A/cattle/Texas/24-008749-003/2024(H5N1)	1904	2951
PB1|PP755595.1|A/cattle/Texas/24-008749-003/2024(H5N1)	1905	2953
PB1|PP755595.1|A/cattle/Texas/24-008749-003/2024(H5N1)	1906	2997
PB1|PP755595.1|A/cattle/Texas/24-008749-003/2024(H5N1)	1907	3009
PB1|PP755595.1|A/cattle/Texas/24-008749-003/2024(H5N1)	1908	3015
PB1|PP755595.1|A/cattle/Texas/24-008749-003/2024(H5N1)	1909	3032
PB1|PP755595.1|A/cattle/Texas/24-008749-003/2024(H5N1)	1910	3036
PB1|PP755595.1|A/cattle/Texas/24-008749-003/2024(H5N1)	1911	3036
PB1|PP755595.1|A/cattle/Texas/24-008749-003/2024(H5N1)	1912	3037
PB1|PP755595.1|A/cattle/Texas/24-008749-003/2024(H5N1)	1913	3043
PB1|PP755595.1|A/cattle/Texas/24-008749-003/2024(H5N1)	1914	3056
PB1|PP755595.1|A/cattle/Texas/24-008749-003/2024(H5N1)	1915	3136
PB1|PP755595.1|A/cattle/Texas/24-008749-003/2024(H5N1)	1916	3136
PB1|PP755595.1|A/cattle/Texas/24-008749-003/2024(H5N1)	1917	3058
PB1|PP755595.1|A/cattle/Texas/24-008749-003/2024(H5N1)	1918	3061
PB1|PP755595.1|A/cattle/Texas/24-008749-003/2024(H5N1)	1919	3088
PB1|PP755595.1|A/cattle/Texas/24-008749-003/2024(H5N1)	1920	3154
PB1|PP755595.1|A/cattle/Texas/24-008749-003/2024(H5N1)	1921	3233
PB1|PP755595.1|A/cattle/Texas/24-008749-003/2024(H5N1)	1922	3257
PB1|PP755595.1|A/cattle/Texas/24-008749-003/2024(H5N1)	1923	3268
PB1|PP755595.1|A/cattle/Texas/24-008749-003/2024(H5N1)	1924	3277
PB1|PP755595.1|A/cattle/Texas/24-008749-003/2024(H5N1)	1925	3388
PB1|PP755595.1|A/cattle/Texas/24-008749-003/2024(H5N1)	1926	3393
PB1|PP755595.1|A/cattle/Texas/24-008749-003/2024(H5N1)	1927	3415
PB1|PP755595.1|A/cattle/Texas/24-008749-003/2024(H5N1)	1928	3419
PB1|PP755595.1|A/cattle/Texas/24-008749-003/2024(H5N1)	1929	3410
PB1|PP755595.1|A/cattle/Texas/24-008749-003/2024(H5N1)	1930	3439
PB1|PP755595.1|A/cattle/Texas/24-008749-003/2024(H5N1)	1931	3454
PB1|PP755595.1|A/cattle/Texas/24-008749-003/2024(H5N1)	1932	3512
PB1|PP755595.1|A/cattle/Texas/24-008749-003/2024(H5N1)	1933	3511
PB1|PP755595.1|A/cattle/Texas/24-008749-003/2024(H5N1)	1934	3482
PB1|PP755595.1|A/cattle/Texas/24-008749-003/2024(H5N1)	1935	3443
PB1|PP755595.1|A/cattle/Texas/24-008749-003/2024(H5N1)	1936	3437
PB1|PP755595.1|A/cattle/Texas/24-008749-003/2024(H5N1)	1937	3435
PB1|PP755595.1|A/cattle/Texas/24-008749-003/2024(H5N1)	1938	3431
PB1|PP755595.1|A/cattle/Texas/24-008749-003/2024(H5N1)	1939	3331
PB1|PP755595.1|A/cattle/Texas/24-008749-003/2024(H5N1)	1940	3322
PB1|PP755595.1|A/cattle/Texas/24-008749-003/2024(H5N1)	1941	3251
PB1|PP755595.1|A/cattle/Texas/24-008749-003/2024(H5N1)	1942	3247
PB1|PP755595.1|A/cattle/Texas/24-008749-003/2024(H5N1)	1943	3199
PB1|PP755595.1|A/cattle/Texas/24-008749-003/2024(H5N1)	1944	2601
PB1|PP755595.1|A/cattle/Texas/24-008749-003/2024(H5N1)	1945	2595
PB1|PP755595.1|A/cattle/Texas/24-008749-003/2024(H5N1)	1946	2567
PB1|PP755595.1|A/cattle/Texas/24-008749-003/2024(H5N1)	1947	2566
PB1|PP755595.1|A/cattle/Texas/24-008749-003/2024(H5N1)	1948	2566
PB1|PP755595.1|A/cattle/Texas/24-008749-003/2024(H5N1)	1949	2566
PB1|PP755595.1|A/cattle/Texas/24-008749-003/2024(H5N1)	1950	2545
PB1|PP755595.1|A/cattle/Texas/24-008749-003/2024(H5N1)	1951	2545
PB1|PP755595.1|A/cattle/Texas/24-008749-003/2024(H5N1)	1952	2545
PB1|PP755595.1|A/cattle/Texas/24-008749-003/2024(H5N1)	1953	2545
PB1|PP755595.1|A/cattle/Texas/24-008749-003/2024(H5N1)	1954	2545
PB1|PP755595.1|A/cattle/Texas/24-008749-003/2024(H5N1)	1955	2542
PB1|PP755595.1|A/cattle/Texas/24-008749-003/2024(H5N1)	1956	2539
PB1|PP755595.1|A/cattle/Texas/24-008749-003/2024(H5N1)	1957	2539
PB1|PP755595.1|A/cattle/Texas/24-008749-003/2024(H5N1)	1958	2539
PB1|PP755595.1|A/cattle/Texas/24-008749-003/2024(H5N1)	1959	2539
PB1|PP755595.1|A/cattle/Texas/24-008749-003/2024(H5N1)	1960	2540
PB1|PP755595.1|A/cattle/Texas/24-008749-003/2024(H5N1)	1961	2540
PB1|PP755595.1|A/cattle/Texas/24-008749-003/2024(H5N1)	1962	2540
PB1|PP755595.1|A/cattle/Texas/24-008749-003/2024(H5N1)	1963	2919
PB1|PP755595.1|A/cattle/Texas/24-008749-003/2024(H5N1)	1964	2920
PB1|PP755595.1|A/cattle/Texas/24-008749-003/2024(H5N1)	1965	2927
PB1|PP755595.1|A/cattle/Texas/24-008749-003/2024(H5N1)	1966	3108
PB1|PP755595.1|A/cattle/Texas/24-008749-003/2024(H5N1)	1967	3109
PB1|PP755595.1|A/cattle/Texas/24-008749-003/2024(H5N1)	1968	3210
PB1|PP755595.1|A/cattle/Texas/24-008749-003/2024(H5N1)	1969	3214
PB1|PP755595.1|A/cattle/Texas/24-008749-003/2024(H5N1)	1970	3166
PB1|PP755595.1|A/cattle/Texas/24-008749-003/2024(H5N1)	1971	3158
PB1|PP755595.1|A/cattle/Texas/24-008749-003/2024(H5N1)	1972	3156
PB1|PP755595.1|A/cattle/Texas/24-008749-003/2024(H5N1)	1973	3153
PB1|PP755595.1|A/cattle/Texas/24-008749-003/2024(H5N1)	1974	3139
PB1|PP755595.1|A/cattle/Texas/24-008749-003/2024(H5N1)	1975	2996
PB1|PP755595.1|A/cattle/Texas/24-008749-003/2024(H5N1)	1976	2989
PB1|PP755595.1|A/cattle/Texas/24-008749-003/2024(H5N1)	1977	2932
PB1|PP755595.1|A/cattle/Texas/24-008749-003/2024(H5N1)	1978	2930
PB1|PP755595.1|A/cattle/Texas/24-008749-003/2024(H5N1)	1979	2923
PB1|PP755595.1|A/cattle/Texas/24-008749-003/2024(H5N1)	1980	2870
PB1|PP755595.1|A/cattle/Texas/24-008749-003/2024(H5N1)	1981	2868
PB1|PP755595.1|A/cattle/Texas/24-008749-003/2024(H5N1)	1982	2865
PB1|PP755595.1|A/cattle/Texas/24-008749-003/2024(H5N1)	1983	2181
PB1|PP755595.1|A/cattle/Texas/24-008749-003/2024(H5N1)	1984	2172
PB1|PP755595.1|A/cattle/Texas/24-008749-003/2024(H5N1)	1985	2144
PB1|PP755595.1|A/cattle/Texas/24-008749-003/2024(H5N1)	1986	2136
PB1|PP755595.1|A/cattle/Texas/24-008749-003/2024(H5N1)	1987	2136
PB1|PP755595.1|A/cattle/Texas/24-008749-003/2024(H5N1)	1988	2136
PB1|PP755595.1|A/cattle/Texas/24-008749-003/2024(H5N1)	1989	2134
PB1|PP755595.1|A/cattle/Texas/24-008749-003/2024(H5N1)	1990	2134
PB1|PP755595.1|A/cattle/Texas/24-008749-003/2024(H5N1)	1991	2134
PB1|PP755595.1|A/cattle/Texas/24-008749-003/2024(H5N1)	1992	2134
PB1|PP755595.1|A/cattle/Texas/24-008749-003/2024(H5N1)	1993	2136
PB1|PP755595.1|A/cattle/Texas/24-008749-003/2024(H5N1)	1994	2115
PB1|PP755595.1|A/cattle/Texas/24-008749-003/2024(H5N1)	1995	2113
PB1|PP755595.1|A/cattle/Texas/24-008749-003/2024(H5N1)	1996	2156
PB1|PP755595.1|A/cattle/Texas/24-008749-003/2024(H5N1)	1997	2157
PB1|PP755595.1|A/cattle/Texas/24-008749-003/2024(H5N1)	1998	2161
PB1|PP755595.1|A/cattle/Texas/24-008749-003/2024(H5N1)	1999	2112
PB1|PP755595.1|A/cattle/Texas/24-008749-003/2024(H5N1)	2000	2103
PB1|PP755595.1|A/cattle/Texas/24-008749-003/2024(H5N1)	2001	1945
PB1|PP755595.1|A/cattle/Texas/24-008749-003/2024(H5N1)	2002	1975
PB1|PP755595.1|A/cattle/Texas/24-008749-003/2024(H5N1)	2003	1978
PB1|PP755595.1|A/cattle/Texas/24-008749-003/2024(H5N1)	2004	1978
PB1|PP755595.1|A/cattle/Texas/24-008749-003/2024(H5N1)	2005	1978
PB1|PP755595.1|A/cattle/Texas/24-008749-003/2024(H5N1)	2006	1951
PB1|PP755595.1|A/cattle/Texas/24-008749-003/2024(H5N1)	2007	1951
PB1|PP755595.1|A/cattle/Texas/24-008749-003/2024(H5N1)	2008	1951
PB1|PP755595.1|A/cattle/Texas/24-008749-003/2024(H5N1)	2009	1915
PB1|PP755595.1|A/cattle/Texas/24-008749-003/2024(H5N1)	2010	1911
PB1|PP755595.1|A/cattle/Texas/24-008749-003/2024(H5N1)	2011	1868
PB1|PP755595.1|A/cattle/Texas/24-008749-003/2024(H5N1)	2012	1868
PB1|PP755595.1|A/cattle/Texas/24-008749-003/2024(H5N1)	2013	1854
PB1|PP755595.1|A/cattle/Texas/24-008749-003/2024(H5N1)	2014	1800
PB1|PP755595.1|A/cattle/Texas/24-008749-003/2024(H5N1)	2015	1798
PB1|PP755595.1|A/cattle/Texas/24-008749-003/2024(H5N1)	2016	1796
PB1|PP755595.1|A/cattle/Texas/24-008749-003/2024(H5N1)	2017	1802
PB1|PP755595.1|A/cattle/Texas/24-008749-003/2024(H5N1)	2018	1802
PB1|PP755595.1|A/cattle/Texas/24-008749-003/2024(H5N1)	2019	1761
PB1|PP755595.1|A/cattle/Texas/24-008749-003/2024(H5N1)	2020	1782
PB1|PP755595.1|A/cattle/Texas/24-008749-003/2024(H5N1)	2021	1824
PB1|PP755595.1|A/cattle/Texas/24-008749-003/2024(H5N1)	2022	1930
PB1|PP755595.1|A/cattle/Texas/24-008749-003/2024(H5N1)	2023	2029
PB1|PP755595.1|A/cattle/Texas/24-008749-003/2024(H5N1)	2024	1996
PB1|PP755595.1|A/cattle/Texas/24-008749-003/2024(H5N1)	2025	1995
PB1|PP755595.1|A/cattle/Texas/24-008749-003/2024(H5N1)	2026	2015
PB1|PP755595.1|A/cattle/Texas/24-008749-003/2024(H5N1)	2027	2052
PB1|PP755595.1|A/cattle/Texas/24-008749-003/2024(H5N1)	2028	2053
PB1|PP755595.1|A/cattle/Texas/24-008749-003/2024(H5N1)	2029	2053
PB1|PP755595.1|A/cattle/Texas/24-008749-003/2024(H5N1)	2030	1997
PB1|PP755595.1|A/cattle/Texas/24-008749-003/2024(H5N1)	2031	1925
PB1|PP755595.1|A/cattle/Texas/24-008749-003/2024(H5N1)	2032	1932
PB1|PP755595.1|A/cattle/Texas/24-008749-003/2024(H5N1)	2033	1968
PB1|PP755595.1|A/cattle/Texas/24-008749-003/2024(H5N1)	2034	2067
PB1|PP755595.1|A/cattle/Texas/24-008749-003/2024(H5N1)	2035	3199
PB1|PP755595.1|A/cattle/Texas/24-008749-003/2024(H5N1)	2036	3201
PB1|PP755595.1|A/cattle/Texas/24-008749-003/2024(H5N1)	2037	3227
PB1|PP755595.1|A/cattle/Texas/24-008749-003/2024(H5N1)	2038	3229
PB1|PP755595.1|A/cattle/Texas/24-008749-003/2024(H5N1)	2039	3256
PB1|PP755595.1|A/cattle/Texas/24-008749-003/2024(H5N1)	2040	3331
PB1|PP755595.1|A/cattle/Texas/24-008749-003/2024(H5N1)	2041	3318
PB1|PP755595.1|A/cattle/Texas/24-008749-003/2024(H5N1)	2042	3305
PB1|PP755595.1|A/cattle/Texas/24-008749-003/2024(H5N1)	2043	3323
PB1|PP755595.1|A/cattle/Texas/24-008749-003/2024(H5N1)	2044	3332
PB1|PP755595.1|A/cattle/Texas/24-008749-003/2024(H5N1)	2045	3347
PB1|PP755595.1|A/cattle/Texas/24-008749-003/2024(H5N1)	2046	3342
PB1|PP755595.1|A/cattle/Texas/24-008749-003/2024(H5N1)	2047	3313
PB1|PP755595.1|A/cattle/Texas/24-008749-003/2024(H5N1)	2048	3283
PB1|PP755595.1|A/cattle/Texas/24-008749-003/2024(H5N1)	2049	3283
PB1|PP755595.1|A/cattle/Texas/24-008749-003/2024(H5N1)	2050	3280
PB1|PP755595.1|A/cattle/Texas/24-008749-003/2024(H5N1)	2051	3273
PB1|PP755595.1|A/cattle/Texas/24-008749-003/2024(H5N1)	2052	3220
PB1|PP755595.1|A/cattle/Texas/24-008749-003/2024(H5N1)	2053	3232
PB1|PP755595.1|A/cattle/Texas/24-008749-003/2024(H5N1)	2054	3231
PB1|PP755595.1|A/cattle/Texas/24-008749-003/2024(H5N1)	2055	3223
PB1|PP755595.1|A/cattle/Texas/24-008749-003/2024(H5N1)	2056	3364
PB1|PP755595.1|A/cattle/Texas/24-008749-003/2024(H5N1)	2057	3365
PB1|PP755595.1|A/cattle/Texas/24-008749-003/2024(H5N1)	2058	3364
PB1|PP755595.1|A/cattle/Texas/24-008749-003/2024(H5N1)	2059	3374
PB1|PP755595.1|A/cattle/Texas/24-008749-003/2024(H5N1)	2060	3356
PB1|PP755595.1|A/cattle/Texas/24-008749-003/2024(H5N1)	2061	3370
PB1|PP755595.1|A/cattle/Texas/24-008749-003/2024(H5N1)	2062	3405
PB1|PP755595.1|A/cattle/Texas/24-008749-003/2024(H5N1)	2063	3398
PB1|PP755595.1|A/cattle/Texas/24-008749-003/2024(H5N1)	2064	3396
PB1|PP755595.1|A/cattle/Texas/24-008749-003/2024(H5N1)	2065	3311
PB1|PP755595.1|A/cattle/Texas/24-008749-003/2024(H5N1)	2066	3300
PB1|PP755595.1|A/cattle/Texas/24-008749-003/2024(H5N1)	2067	2916
PB1|PP755595.1|A/cattle/Texas/24-008749-003/2024(H5N1)	2068	2901
PB1|PP755595.1|A/cattle/Texas/24-008749-003/2024(H5N1)	2069	2885
PB1|PP755595.1|A/cattle/Texas/24-008749-003/2024(H5N1)	2070	2873
PB1|PP755595.1|A/cattle/Texas/24-008749-003/2024(H5N1)	2071	2897
PB1|PP755595.1|A/cattle/Texas/24-008749-003/2024(H5N1)	2072	2901
PB1|PP755595.1|A/cattle/Texas/24-008749-003/2024(H5N1)	2073	2911
PB1|PP755595.1|A/cattle/Texas/24-008749-003/2024(H5N1)	2074	3117
PB1|PP755595.1|A/cattle/Texas/24-008749-003/2024(H5N1)	2075	3142
PB1|PP755595.1|A/cattle/Texas/24-008749-003/2024(H5N1)	2076	3153
PB1|PP755595.1|A/cattle/Texas/24-008749-003/2024(H5N1)	2077	3155
PB1|PP755595.1|A/cattle/Texas/24-008749-003/2024(H5N1)	2078	3159
PB1|PP755595.1|A/cattle/Texas/24-008749-003/2024(H5N1)	2079	3160
PB1|PP755595.1|A/cattle/Texas/24-008749-003/2024(H5N1)	2080	3160
PB1|PP755595.1|A/cattle/Texas/24-008749-003/2024(H5N1)	2081	3180
PB1|PP755595.1|A/cattle/Texas/24-008749-003/2024(H5N1)	2082	3196
PB1|PP755595.1|A/cattle/Texas/24-008749-003/2024(H5N1)	2083	3220
PB1|PP755595.1|A/cattle/Texas/24-008749-003/2024(H5N1)	2084	3255
PB1|PP755595.1|A/cattle/Texas/24-008749-003/2024(H5N1)	2085	3285
PB1|PP755595.1|A/cattle/Texas/24-008749-003/2024(H5N1)	2086	3287
PB1|PP755595.1|A/cattle/Texas/24-008749-003/2024(H5N1)	2087	3287
PB1|PP755595.1|A/cattle/Texas/24-008749-003/2024(H5N1)	2088	3166
PB1|PP755595.1|A/cattle/Texas/24-008749-003/2024(H5N1)	2089	3172
PB1|PP755595.1|A/cattle/Texas/24-008749-003/2024(H5N1)	2090	3174
PB1|PP755595.1|A/cattle/Texas/24-008749-003/2024(H5N1)	2091	3174
PB1|PP755595.1|A/cattle/Texas/24-008749-003/2024(H5N1)	2092	3289
PB1|PP755595.1|A/cattle/Texas/24-008749-003/2024(H5N1)	2093	3362
PB1|PP755595.1|A/cattle/Texas/24-008749-003/2024(H5N1)	2094	3366
PB1|PP755595.1|A/cattle/Texas/24-008749-003/2024(H5N1)	2095	3378
PB1|PP755595.1|A/cattle/Texas/24-008749-003/2024(H5N1)	2096	3415
PB1|PP755595.1|A/cattle/Texas/24-008749-003/2024(H5N1)	2097	3429
PB1|PP755595.1|A/cattle/Texas/24-008749-003/2024(H5N1)	2098	3475
PB1|PP755595.1|A/cattle/Texas/24-008749-003/2024(H5N1)	2099	3487
PB1|PP755595.1|A/cattle/Texas/24-008749-003/2024(H5N1)	2100	3443
PB1|PP755595.1|A/cattle/Texas/24-008749-003/2024(H5N1)	2101	3446
PB1|PP755595.1|A/cattle/Texas/24-008749-003/2024(H5N1)	2102	3428
PB1|PP755595.1|A/cattle/Texas/24-008749-003/2024(H5N1)	2103	3287
PB1|PP755595.1|A/cattle/Texas/24-008749-003/2024(H5N1)	2104	3287
PB1|PP755595.1|A/cattle/Texas/24-008749-003/2024(H5N1)	2105	3294
PB1|PP755595.1|A/cattle/Texas/24-008749-003/2024(H5N1)	2106	3528
PB1|PP755595.1|A/cattle/Texas/24-008749-003/2024(H5N1)	2107	3618
PB1|PP755595.1|A/cattle/Texas/24-008749-003/2024(H5N1)	2108	3621
PB1|PP755595.1|A/cattle/Texas/24-008749-003/2024(H5N1)	2109	3678
PB1|PP755595.1|A/cattle/Texas/24-008749-003/2024(H5N1)	2110	3722
PB1|PP755595.1|A/cattle/Texas/24-008749-003/2024(H5N1)	2111	3729
PB1|PP755595.1|A/cattle/Texas/24-008749-003/2024(H5N1)	2112	3753
PB1|PP755595.1|A/cattle/Texas/24-008749-003/2024(H5N1)	2113	3769
PB1|PP755595.1|A/cattle/Texas/24-008749-003/2024(H5N1)	2114	3752
PB1|PP755595.1|A/cattle/Texas/24-008749-003/2024(H5N1)	2115	3770
PB1|PP755595.1|A/cattle/Texas/24-008749-003/2024(H5N1)	2116	3682
PB1|PP755595.1|A/cattle/Texas/24-008749-003/2024(H5N1)	2117	3611
PB1|PP755595.1|A/cattle/Texas/24-008749-003/2024(H5N1)	2118	3671
PB1|PP755595.1|A/cattle/Texas/24-008749-003/2024(H5N1)	2119	3567
PB1|PP755595.1|A/cattle/Texas/24-008749-003/2024(H5N1)	2120	3563
PB1|PP755595.1|A/cattle/Texas/24-008749-003/2024(H5N1)	2121	3471
PB1|PP755595.1|A/cattle/Texas/24-008749-003/2024(H5N1)	2122	3494
PB1|PP755595.1|A/cattle/Texas/24-008749-003/2024(H5N1)	2123	3497
PB1|PP755595.1|A/cattle/Texas/24-008749-003/2024(H5N1)	2124	3499
PB1|PP755595.1|A/cattle/Texas/24-008749-003/2024(H5N1)	2125	3527
PB1|PP755595.1|A/cattle/Texas/24-008749-003/2024(H5N1)	2126	3571
PB1|PP755595.1|A/cattle/Texas/24-008749-003/2024(H5N1)	2127	3574
PB1|PP755595.1|A/cattle/Texas/24-008749-003/2024(H5N1)	2128	3574
PB1|PP755595.1|A/cattle/Texas/24-008749-003/2024(H5N1)	2129	3577
PB1|PP755595.1|A/cattle/Texas/24-008749-003/2024(H5N1)	2130	3603
PB1|PP755595.1|A/cattle/Texas/24-008749-003/2024(H5N1)	2131	3620
PB1|PP755595.1|A/cattle/Texas/24-008749-003/2024(H5N1)	2132	3615
PB1|PP755595.1|A/cattle/Texas/24-008749-003/2024(H5N1)	2133	3568
PB1|PP755595.1|A/cattle/Texas/24-008749-003/2024(H5N1)	2134	3682
PB1|PP755595.1|A/cattle/Texas/24-008749-003/2024(H5N1)	2135	3590
PB1|PP755595.1|A/cattle/Texas/24-008749-003/2024(H5N1)	2136	3592
PB1|PP755595.1|A/cattle/Texas/24-008749-003/2024(H5N1)	2137	3589
PB1|PP755595.1|A/cattle/Texas/24-008749-003/2024(H5N1)	2138	3606
PB1|PP755595.1|A/cattle/Texas/24-008749-003/2024(H5N1)	2139	3611
PB1|PP755595.1|A/cattle/Texas/24-008749-003/2024(H5N1)	2140	3774
PB1|PP755595.1|A/cattle/Texas/24-008749-003/2024(H5N1)	2141	3759
PB1|PP755595.1|A/cattle/Texas/24-008749-003/2024(H5N1)	2142	3778
PB1|PP755595.1|A/cattle/Texas/24-008749-003/2024(H5N1)	2143	3669
PB1|PP755595.1|A/cattle/Texas/24-008749-003/2024(H5N1)	2144	3669
PB1|PP755595.1|A/cattle/Texas/24-008749-003/2024(H5N1)	2145	3666
PB1|PP755595.1|A/cattle/Texas/24-008749-003/2024(H5N1)	2146	3676
PB1|PP755595.1|A/cattle/Texas/24-008749-003/2024(H5N1)	2147	3635
PB1|PP755595.1|A/cattle/Texas/24-008749-003/2024(H5N1)	2148	3643
PB1|PP755595.1|A/cattle/Texas/24-008749-003/2024(H5N1)	2149	3659
PB1|PP755595.1|A/cattle/Texas/24-008749-003/2024(H5N1)	2150	3660
PB1|PP755595.1|A/cattle/Texas/24-008749-003/2024(H5N1)	2151	3619
PB1|PP755595.1|A/cattle/Texas/24-008749-003/2024(H5N1)	2152	3425
PB1|PP755595.1|A/cattle/Texas/24-008749-003/2024(H5N1)	2153	3395
PB1|PP755595.1|A/cattle/Texas/24-008749-003/2024(H5N1)	2154	3405
PB1|PP755595.1|A/cattle/Texas/24-008749-003/2024(H5N1)	2155	3410
PB1|PP755595.1|A/cattle/Texas/24-008749-003/2024(H5N1)	2156	3355
PB1|PP755595.1|A/cattle/Texas/24-008749-003/2024(H5N1)	2157	3361
PB1|PP755595.1|A/cattle/Texas/24-008749-003/2024(H5N1)	2158	3327
PB1|PP755595.1|A/cattle/Texas/24-008749-003/2024(H5N1)	2159	3300
PB1|PP755595.1|A/cattle/Texas/24-008749-003/2024(H5N1)	2160	3304
PB1|PP755595.1|A/cattle/Texas/24-008749-003/2024(H5N1)	2161	3266
PB1|PP755595.1|A/cattle/Texas/24-008749-003/2024(H5N1)	2162	3266
PB1|PP755595.1|A/cattle/Texas/24-008749-003/2024(H5N1)	2163	3270
PB1|PP755595.1|A/cattle/Texas/24-008749-003/2024(H5N1)	2164	3256
PB1|PP755595.1|A/cattle/Texas/24-008749-003/2024(H5N1)	2165	3175
PB1|PP755595.1|A/cattle/Texas/24-008749-003/2024(H5N1)	2166	3541
PB1|PP755595.1|A/cattle/Texas/24-008749-003/2024(H5N1)	2167	3565
PB1|PP755595.1|A/cattle/Texas/24-008749-003/2024(H5N1)	2168	3566
PB1|PP755595.1|A/cattle/Texas/24-008749-003/2024(H5N1)	2169	3679
PB1|PP755595.1|A/cattle/Texas/24-008749-003/2024(H5N1)	2170	3685
PB1|PP755595.1|A/cattle/Texas/24-008749-003/2024(H5N1)	2171	3724
PB1|PP755595.1|A/cattle/Texas/24-008749-003/2024(H5N1)	2172	3607
PB1|PP755595.1|A/cattle/Texas/24-008749-003/2024(H5N1)	2173	3580
PB1|PP755595.1|A/cattle/Texas/24-008749-003/2024(H5N1)	2174	3501
PB1|PP755595.1|A/cattle/Texas/24-008749-003/2024(H5N1)	2175	3501
PB1|PP755595.1|A/cattle/Texas/24-008749-003/2024(H5N1)	2176	3485
PB1|PP755595.1|A/cattle/Texas/24-008749-003/2024(H5N1)	2177	3441
PB1|PP755595.1|A/cattle/Texas/24-008749-003/2024(H5N1)	2178	3435
PB1|PP755595.1|A/cattle/Texas/24-008749-003/2024(H5N1)	2179	3436
PB1|PP755595.1|A/cattle/Texas/24-008749-003/2024(H5N1)	2180	3419
PB1|PP755595.1|A/cattle/Texas/24-008749-003/2024(H5N1)	2181	3426
PB1|PP755595.1|A/cattle/Texas/24-008749-003/2024(H5N1)	2182	3419
PB1|PP755595.1|A/cattle/Texas/24-008749-003/2024(H5N1)	2183	3388
PB1|PP755595.1|A/cattle/Texas/24-008749-003/2024(H5N1)	2184	3251
PB1|PP755595.1|A/cattle/Texas/24-008749-003/2024(H5N1)	2185	3259
PB1|PP755595.1|A/cattle/Texas/24-008749-003/2024(H5N1)	2186	3254
PB1|PP755595.1|A/cattle/Texas/24-008749-003/2024(H5N1)	2187	3266
PB1|PP755595.1|A/cattle/Texas/24-008749-003/2024(H5N1)	2188	3232
PB1|PP755595.1|A/cattle/Texas/24-008749-003/2024(H5N1)	2189	3229
PB1|PP755595.1|A/cattle/Texas/24-008749-003/2024(H5N1)	2190	3165
PB1|PP755595.1|A/cattle/Texas/24-008749-003/2024(H5N1)	2191	3165
PB1|PP755595.1|A/cattle/Texas/24-008749-003/2024(H5N1)	2192	3169
PB1|PP755595.1|A/cattle/Texas/24-008749-003/2024(H5N1)	2193	3160
PB1|PP755595.1|A/cattle/Texas/24-008749-003/2024(H5N1)	2194	3135
PB1|PP755595.1|A/cattle/Texas/24-008749-003/2024(H5N1)	2195	3108
PB1|PP755595.1|A/cattle/Texas/24-008749-003/2024(H5N1)	2196	3099
PB1|PP755595.1|A/cattle/Texas/24-008749-003/2024(H5N1)	2197	3095
PB1|PP755595.1|A/cattle/Texas/24-008749-003/2024(H5N1)	2198	3090
PB1|PP755595.1|A/cattle/Texas/24-008749-003/2024(H5N1)	2199	3090
PB1|PP755595.1|A/cattle/Texas/24-008749-003/2024(H5N1)	2200	3056
PB1|PP755595.1|A/cattle/Texas/24-008749-003/2024(H5N1)	2201	3028
PB1|PP755595.1|A/cattle/Texas/24-008749-003/2024(H5N1)	2202	3006
PB1|PP755595.1|A/cattle/Texas/24-008749-003/2024(H5N1)	2203	3003
PB1|PP755595.1|A/cattle/Texas/24-008749-003/2024(H5N1)	2204	2988
PB1|PP755595.1|A/cattle/Texas/24-008749-003/2024(H5N1)	2205	2982
PB1|PP755595.1|A/cattle/Texas/24-008749-003/2024(H5N1)	2206	2977
PB1|PP755595.1|A/cattle/Texas/24-008749-003/2024(H5N1)	2207	2917
PB1|PP755595.1|A/cattle/Texas/24-008749-003/2024(H5N1)	2208	2916
PB1|PP755595.1|A/cattle/Texas/24-008749-003/2024(H5N1)	2209	2921
PB1|PP755595.1|A/cattle/Texas/24-008749-003/2024(H5N1)	2210	2921
PB1|PP755595.1|A/cattle/Texas/24-008749-003/2024(H5N1)	2211	2875
PB1|PP755595.1|A/cattle/Texas/24-008749-003/2024(H5N1)	2212	2857
PB1|PP755595.1|A/cattle/Texas/24-008749-003/2024(H5N1)	2213	2847
PB1|PP755595.1|A/cattle/Texas/24-008749-003/2024(H5N1)	2214	2845
PB1|PP755595.1|A/cattle/Texas/24-008749-003/2024(H5N1)	2215	2848
PB1|PP755595.1|A/cattle/Texas/24-008749-003/2024(H5N1)	2216	2830
PB1|PP755595.1|A/cattle/Texas/24-008749-003/2024(H5N1)	2217	2825
PB1|PP755595.1|A/cattle/Texas/24-008749-003/2024(H5N1)	2218	2779
PB1|PP755595.1|A/cattle/Texas/24-008749-003/2024(H5N1)	2219	2774
PB1|PP755595.1|A/cattle/Texas/24-008749-003/2024(H5N1)	2220	2765
PB1|PP755595.1|A/cattle/Texas/24-008749-003/2024(H5N1)	2221	2752
PB1|PP755595.1|A/cattle/Texas/24-008749-003/2024(H5N1)	2222	2718
PB1|PP755595.1|A/cattle/Texas/24-008749-003/2024(H5N1)	2223	2715
PB1|PP755595.1|A/cattle/Texas/24-008749-003/2024(H5N1)	2224	2713
PB1|PP755595.1|A/cattle/Texas/24-008749-003/2024(H5N1)	2225	2627
PB1|PP755595.1|A/cattle/Texas/24-008749-003/2024(H5N1)	2226	2617
PB1|PP755595.1|A/cattle/Texas/24-008749-003/2024(H5N1)	2227	2606
PB1|PP755595.1|A/cattle/Texas/24-008749-003/2024(H5N1)	2228	2606
PB1|PP755595.1|A/cattle/Texas/24-008749-003/2024(H5N1)	2229	2602
PB1|PP755595.1|A/cattle/Texas/24-008749-003/2024(H5N1)	2230	2602
PB1|PP755595.1|A/cattle/Texas/24-008749-003/2024(H5N1)	2231	2604
PB1|PP755595.1|A/cattle/Texas/24-008749-003/2024(H5N1)	2232	2589
PB1|PP755595.1|A/cattle/Texas/24-008749-003/2024(H5N1)	2233	2583
PB1|PP755595.1|A/cattle/Texas/24-008749-003/2024(H5N1)	2234	2562
PB1|PP755595.1|A/cattle/Texas/24-008749-003/2024(H5N1)	2235	2524
PB1|PP755595.1|A/cattle/Texas/24-008749-003/2024(H5N1)	2236	2491
PB1|PP755595.1|A/cattle/Texas/24-008749-003/2024(H5N1)	2237	2487
PB1|PP755595.1|A/cattle/Texas/24-008749-003/2024(H5N1)	2238	2470
PB1|PP755595.1|A/cattle/Texas/24-008749-003/2024(H5N1)	2239	2396
PB1|PP755595.1|A/cattle/Texas/24-008749-003/2024(H5N1)	2240	2396
PB1|PP755595.1|A/cattle/Texas/24-008749-003/2024(H5N1)	2241	2393
PB1|PP755595.1|A/cattle/Texas/24-008749-003/2024(H5N1)	2242	2393
PB1|PP755595.1|A/cattle/Texas/24-008749-003/2024(H5N1)	2243	2389
PB1|PP755595.1|A/cattle/Texas/24-008749-003/2024(H5N1)	2244	2308
PB1|PP755595.1|A/cattle/Texas/24-008749-003/2024(H5N1)	2245	2307
PB1|PP755595.1|A/cattle/Texas/24-008749-003/2024(H5N1)	2246	2307
PB1|PP755595.1|A/cattle/Texas/24-008749-003/2024(H5N1)	2247	2263
PB1|PP755595.1|A/cattle/Texas/24-008749-003/2024(H5N1)	2248	2259
PB1|PP755595.1|A/cattle/Texas/24-008749-003/2024(H5N1)	2249	2207
PB1|PP755595.1|A/cattle/Texas/24-008749-003/2024(H5N1)	2250	2192
PB1|PP755595.1|A/cattle/Texas/24-008749-003/2024(H5N1)	2251	2187
PB1|PP755595.1|A/cattle/Texas/24-008749-003/2024(H5N1)	2252	2180
PB1|PP755595.1|A/cattle/Texas/24-008749-003/2024(H5N1)	2253	2171
PB1|PP755595.1|A/cattle/Texas/24-008749-003/2024(H5N1)	2254	2166
PB1|PP755595.1|A/cattle/Texas/24-008749-003/2024(H5N1)	2255	1893
PB1|PP755595.1|A/cattle/Texas/24-008749-003/2024(H5N1)	2256	1888
PB1|PP755595.1|A/cattle/Texas/24-008749-003/2024(H5N1)	2257	1832
PB1|PP755595.1|A/cattle/Texas/24-008749-003/2024(H5N1)	2258	1802
PB1|PP755595.1|A/cattle/Texas/24-008749-003/2024(H5N1)	2259	1801
PB1|PP755595.1|A/cattle/Texas/24-008749-003/2024(H5N1)	2260	1767
PB1|PP755595.1|A/cattle/Texas/24-008749-003/2024(H5N1)	2261	1733
PB1|PP755595.1|A/cattle/Texas/24-008749-003/2024(H5N1)	2262	1731
PB1|PP755595.1|A/cattle/Texas/24-008749-003/2024(H5N1)	2263	1706
PB1|PP755595.1|A/cattle/Texas/24-008749-003/2024(H5N1)	2264	1689
PB1|PP755595.1|A/cattle/Texas/24-008749-003/2024(H5N1)	2265	1606
PB1|PP755595.1|A/cattle/Texas/24-008749-003/2024(H5N1)	2266	1591
PB1|PP755595.1|A/cattle/Texas/24-008749-003/2024(H5N1)	2267	1589
PB1|PP755595.1|A/cattle/Texas/24-008749-003/2024(H5N1)	2268	1573
PB1|PP755595.1|A/cattle/Texas/24-008749-003/2024(H5N1)	2269	1573
PB1|PP755595.1|A/cattle/Texas/24-008749-003/2024(H5N1)	2270	1569
PB1|PP755595.1|A/cattle/Texas/24-008749-003/2024(H5N1)	2271	1567
PB1|PP755595.1|A/cattle/Texas/24-008749-003/2024(H5N1)	2272	1559
PB1|PP755595.1|A/cattle/Texas/24-008749-003/2024(H5N1)	2273	1529
PB1|PP755595.1|A/cattle/Texas/24-008749-003/2024(H5N1)	2274	1521
