PB1|PP755595.1|A/cattle/Texas/24-008749-003/2024(H5N1)	1	3672
PB1|PP755595.1|A/cattle/Texas/24-008749-003/2024(H5N1)	2	3681
PB1|PP755595.1|A/cattle/Texas/24-008749-003/2024(H5N1)	3	3705
PB1|PP755595.1|A/cattle/Texas/24-008749-003/2024(H5N1)	4	3743
PB1|PP755595.1|A/cattle/Texas/24-008749-003/2024(H5N1)	5	3866
PB1|PP755595.1|A/cattle/Texas/24-008749-003/2024(H5N1)	6	3926
PB1|PP755595.1|A/cattle/Texas/24-008749-003/2024(H5N1)	7	3936
PB1|PP755595.1|A/cattle/Texas/24-008749-003/2024(H5N1)	8	3940
PB1|PP755595.1|A/cattle/Texas/24-008749-003/2024(H5N1)	9	4000
PB1|PP755595.1|A/cattle/Texas/24-008749-003/2024(H5N1)	10	4004
PB1|PP755595.1|A/cattle/Texas/24-008749-003/2024(H5N1)	11	4026
PB1|PP755595.1|A/cattle/Texas/24-008749-003/2024(H5N1)	12	4027
PB1|PP755595.1|A/cattle/Texas/24-008749-003/2024(H5N1)	13	4032
PB1|PP755595.1|A/cattle/Texas/24-008749-003/2024(H5N1)	14	4047
PB1|PP755595.1|A/cattle/Texas/24-008749-003/2024(H5N1)	15	4074
PB1|PP755595.1|A/cattle/Texas/24-008749-003/2024(H5N1)	16	4140
PB1|PP755595.1|A/cattle/Texas/24-008749-003/2024(H5N1)	17	4144
PB1|PP755595.1|A/cattle/Texas/24-008749-003/2024(H5N1)	18	4144
PB1|PP755595.1|A/cattle/Texas/24-008749-003/2024(H5N1)	19	4164
PB1|PP755595.1|A/cattle/Texas/24-008749-003/2024(H5N1)	20	4171
PB1|PP755595.1|A/cattle/Texas/24-008749-003/2024(H5N1)	21	4174
PB1|PP755595.1|A/cattle/Texas/24-008749-003/2024(H5N1)	22	4177
PB1|PP755595.1|A/cattle/Texas/24-008749-003/2024(H5N1)	23	4179
PB1|PP755595.1|A/cattle/Texas/24-008749-003/2024(H5N1)	24	4197
PB1|PP755595.1|A/cattle/Texas/24-008749-003/2024(H5N1)	25	4210
PB1|PP755595.1|A/cattle/Texas/24-008749-003/2024(H5N1)	26	4299
PB1|PP755595.1|A/cattle/Texas/24-008749-003/2024(H5N1)	27	4299
PB1|PP755595.1|A/cattle/Texas/24-008749-003/2024(H5N1)	28	4305
PB1|PP755595.1|A/cattle/Texas/24-008749-003/2024(H5N1)	29	4312
PB1|PP755595.1|A/cattle/Texas/24-008749-003/2024(H5N1)	30	4321
PB1|PP755595.1|A/cattle/Texas/24-008749-003/2024(H5N1)	31	4333
PB1|PP755595.1|A/cattle/Texas/24-008749-003/2024(H5N1)	32	4339
PB1|PP755595.1|A/cattle/Texas/24-008749-003/2024(H5N1)	33	4344
PB1|PP755595.1|A/cattle/Texas/24-008749-003/2024(H5N1)	34	4452
PB1|PP755595.1|A/cattle/Texas/24-008749-003/2024(H5N1)	35	4454
PB1|PP755595.1|A/cattle/Texas/24-008749-003/2024(H5N1)	36	4190
PB1|PP755595.1|A/cattle/Texas/24-008749-003/2024(H5N1)	37	4203
PB1|PP755595.1|A/cattle/Texas/24-008749-003/2024(H5N1)	38	4205
PB1|PP755595.1|A/cattle/Texas/24-008749-003/2024(H5N1)	39	4208
PB1|PP755595.1|A/cattle/Texas/24-008749-003/2024(H5N1)	40	4617
PB1|PP755595.1|A/cattle/Texas/24-008749-003/2024(H5N1)	41	4646
PB1|PP755595.1|A/cattle/Texas/24-008749-003/2024(H5N1)	42	4718
PB1|PP755595.1|A/cattle/Texas/24-008749-003/2024(H5N1)	43	4741
PB1|PP755595.1|A/cattle/Texas/24-008749-003/2024(H5N1)	44	4745
PB1|PP755595.1|A/cattle/Texas/24-008749-003/2024(H5N1)	45	4758
PB1|PP755595.1|A/cattle/Texas/24-008749-003/2024(H5N1)	46	4764
PB1|PP755595.1|A/cattle/Texas/24-008749-003/2024(H5N1)	47	4832
PB1|PP755595.1|A/cattle/Texas/24-008749-003/2024(H5N1)	48	5095
PB1|PP755595.1|A/cattle/Texas/24-008749-003/2024(H5N1)	49	5253
PB1|PP755595.1|A/cattle/Texas/24-008749-003/2024(H5N1)	50	5287
PB1|PP755595.1|A/cattle/Texas/24-008749-003/2024(H5N1)	51	5326
PB1|PP755595.1|A/cattle/Texas/24-008749-003/2024(H5N1)	52	5343
PB1|PP755595.1|A/cattle/Texas/24-008749-003/2024(H5N1)	53	5363
PB1|PP755595.1|A/cattle/Texas/24-008749-003/2024(H5N1)	54	5533
PB1|PP755595.1|A/cattle/Texas/24-008749-003/2024(H5N1)	55	5534
PB1|PP755595.1|A/cattle/Texas/24-008749-003/2024(H5N1)	56	5691
PB1|PP755595.1|A/cattle/Texas/24-008749-003/2024(H5N1)	57	5709
PB1|PP755595.1|A/cattle/Texas/24-008749-003/2024(H5N1)	58	5752
PB1|PP755595.1|A/cattle/Texas/24-008749-003/2024(H5N1)	59	5883
PB1|PP755595.1|A/cattle/Texas/24-008749-003/2024(H5N1)	60	5889
PB1|PP755595.1|A/cattle/Texas/24-008749-003/2024(H5N1)	61	5919
PB1|PP755595.1|A/cattle/Texas/24-008749-003/2024(H5N1)	62	5944
PB1|PP755595.1|A/cattle/Texas/24-008749-003/2024(H5N1)	63	5962
PB1|PP755595.1|A/cattle/Texas/24-008749-003/2024(H5N1)	64	6051
PB1|PP755595.1|A/cattle/Texas/24-008749-003/2024(H5N1)	65	6064
PB1|PP755595.1|A/cattle/Texas/24-008749-003/2024(H5N1)	66	6770
PB1|PP755595.1|A/cattle/Texas/24-008749-003/2024(H5N1)	67	6778
PB1|PP755595.1|A/cattle/Texas/24-008749-003/2024(H5N1)	68	6778
PB1|PP755595.1|A/cattle/Texas/24-008749-003/2024(H5N1)	69	6776
PB1|PP755595.1|A/cattle/Texas/24-008749-003/2024(H5N1)	70	6788
PB1|PP755595.1|A/cattle/Texas/24-008749-003/2024(H5N1)	71	6952
PB1|PP755595.1|A/cattle/Texas/24-008749-003/2024(H5N1)	72	7022
PB1|PP755595.1|A/cattle/Texas/24-008749-003/2024(H5N1)	73	7090
PB1|PP755595.1|A/cattle/Texas/24-008749-003/2024(H5N1)	74	7163
PB1|PP755595.1|A/cattle/Texas/24-008749-003/2024(H5N1)	75	7191
PB1|PP755595.1|A/cattle/Texas/24-008749-003/2024(H5N1)	76	7252
PB1|PP755595.1|A/cattle/Texas/24-008749-003/2024(H5N1)	77	7271
PB1|PP755595.1|A/cattle/Texas/24-008749-003/2024(H5N1)	78	7283
PB1|PP755595.1|A/cattle/Texas/24-008749-003/2024(H5N1)	79	7292
PB1|PP755595.1|A/cattle/Texas/24-008749-003/2024(H5N1)	80	7338
PB1|PP755595.1|A/cattle/Texas/24-008749-003/2024(H5N1)	81	7367
PB1|PP755595.1|A/cattle/Texas/24-008749-003/2024(H5N1)	82	7648
PB1|PP755595.1|A/cattle/Texas/24-008749-003/2024(H5N1)	83	7659
PB1|PP755595.1|A/cattle/Texas/24-008749-003/2024(H5N1)	84	7680
PB1|PP755595.1|A/cattle/Texas/24-008749-003/2024(H5N1)	85	7909
PB1|PP755595.1|A/cattle/Texas/24-008749-003/2024(H5N1)	86	7924
PB1|PP755595.1|A/cattle/Texas/24-008749-003/2024(H5N1)	87	7943
PB1|PP755595.1|A/cattle/Texas/24-008749-003/2024(H5N1)	88	7959
PB1|PP755595.1|A/cattle/Texas/24-008749-003/2024(H5N1)	89	7960
PB1|PP755595.1|A/cattle/Texas/24-008749-003/2024(H5N1)	90	7964
PB1|PP755595.1|A/cattle/Texas/24-008749-003/2024(H5N1)	91	7965
PB1|PP755595.1|A/cattle/Texas/24-008749-003/2024(H5N1)	92	8008
PB1|PP755595.1|A/cattle/Texas/24-008749-003/2024(H5N1)	93	8081
PB1|PP755595.1|A/cattle/Texas/24-008749-003/2024(H5N1)	94	8059
PB1|PP755595.1|A/cattle/Texas/24-008749-003/2024(H5N1)	95	8078
PB1|PP755595.1|A/cattle/Texas/24-008749-003/2024(H5N1)	96	8088
PB1|PP755595.1|A/cattle/Texas/24-008749-003/2024(H5N1)	97	8092
PB1|PP755595.1|A/cattle/Texas/24-008749-003/2024(H5N1)	98	8126
PB1|PP755595.1|A/cattle/Texas/24-008749-003/2024(H5N1)	99	8155
PB1|PP755595.1|A/cattle/Texas/24-008749-003/2024(H5N1)	100	8152
PB1|PP755595.1|A/cattle/Texas/24-008749-003/2024(H5N1)	101	8144
PB1|PP755595.1|A/cattle/Texas/24-008749-003/2024(H5N1)	102	8132
PB1|PP755595.1|A/cattle/Texas/24-008749-003/2024(H5N1)	103	8132
PB1|PP755595.1|A/cattle/Texas/24-008749-003/2024(H5N1)	104	8132
PB1|PP755595.1|A/cattle/Texas/24-008749-003/2024(H5N1)	105	8044
PB1|PP755595.1|A/cattle/Texas/24-008749-003/2024(H5N1)	106	8169
PB1|PP755595.1|A/cattle/Texas/24-008749-003/2024(H5N1)	107	8177
PB1|PP755595.1|A/cattle/Texas/24-008749-003/2024(H5N1)	108	8153
PB1|PP755595.1|A/cattle/Texas/24-008749-003/2024(H5N1)	109	8155
PB1|PP755595.1|A/cattle/Texas/24-008749-003/2024(H5N1)	110	8155
PB1|PP755595.1|A/cattle/Texas/24-008749-003/2024(H5N1)	111	8154
PB1|PP755595.1|A/cattle/Texas/24-008749-003/2024(H5N1)	112	8139
PB1|PP755595.1|A/cattle/Texas/24-008749-003/2024(H5N1)	113	8066
PB1|PP755595.1|A/cattle/Texas/24-008749-003/2024(H5N1)	114	7777
PB1|PP755595.1|A/cattle/Texas/24-008749-003/2024(H5N1)	115	7777
PB1|PP755595.1|A/cattle/Texas/24-008749-003/2024(H5N1)	116	7776
PB1|PP755595.1|A/cattle/Texas/24-008749-003/2024(H5N1)	117	7708
PB1|PP755595.1|A/cattle/Texas/24-008749-003/2024(H5N1)	118	8064
PB1|PP755595.1|A/cattle/Texas/24-008749-003/2024(H5N1)	119	8069
PB1|PP755595.1|A/cattle/Texas/24-008749-003/2024(H5N1)	120	8082
PB1|PP755595.1|A/cattle/Texas/24-008749-003/2024(H5N1)	121	8084
PB1|PP755595.1|A/cattle/Texas/24-008749-003/2024(H5N1)	122	8084
PB1|PP755595.1|A/cattle/Texas/24-008749-003/2024(H5N1)	123	8083
PB1|PP755595.1|A/cattle/Texas/24-008749-003/2024(H5N1)	124	8058
PB1|PP755595.1|A/cattle/Texas/24-008749-003/2024(H5N1)	125	7994
PB1|PP755595.1|A/cattle/Texas/24-008749-003/2024(H5N1)	126	7975
PB1|PP755595.1|A/cattle/Texas/24-008749-003/2024(H5N1)	127	6487
PB1|PP755595.1|A/cattle/Texas/24-008749-003/2024(H5N1)	128	6204
PB1|PP755595.1|A/cattle/Texas/24-008749-003/2024(H5N1)	129	5883
PB1|PP755595.1|A/cattle/Texas/24-008749-003/2024(H5N1)	130	6005
PB1|PP755595.1|A/cattle/Texas/24-008749-003/2024(H5N1)	131	5887
PB1|PP755595.1|A/cattle/Texas/24-008749-003/2024(H5N1)	132	5812
PB1|PP755595.1|A/cattle/Texas/24-008749-003/2024(H5N1)	133	5807
PB1|PP755595.1|A/cattle/Texas/24-008749-003/2024(H5N1)	134	5813
PB1|PP755595.1|A/cattle/Texas/24-008749-003/2024(H5N1)	135	5785
PB1|PP755595.1|A/cattle/Texas/24-008749-003/2024(H5N1)	136	5733
PB1|PP755595.1|A/cattle/Texas/24-008749-003/2024(H5N1)	137	5603
PB1|PP755595.1|A/cattle/Texas/24-008749-003/2024(H5N1)	138	5579
PB1|PP755595.1|A/cattle/Texas/24-008749-003/2024(H5N1)	139	5624
PB1|PP755595.1|A/cattle/Texas/24-008749-003/2024(H5N1)	140	5566
PB1|PP755595.1|A/cattle/Texas/24-008749-003/2024(H5N1)	141	5572
PB1|PP755595.1|A/cattle/Texas/24-008749-003/2024(H5N1)	142	5268
PB1|PP755595.1|A/cattle/Texas/24-008749-003/2024(H5N1)	143	4429
PB1|PP755595.1|A/cattle/Texas/24-008749-003/2024(H5N1)	144	4209
PB1|PP755595.1|A/cattle/Texas/24-008749-003/2024(H5N1)	145	4188
PB1|PP755595.1|A/cattle/Texas/24-008749-003/2024(H5N1)	146	4096
PB1|PP755595.1|A/cattle/Texas/24-008749-003/2024(H5N1)	147	3746
PB1|PP755595.1|A/cattle/Texas/24-008749-003/2024(H5N1)	148	3695
PB1|PP755595.1|A/cattle/Texas/24-008749-003/2024(H5N1)	149	3651
PB1|PP755595.1|A/cattle/Texas/24-008749-003/2024(H5N1)	150	3635
PB1|PP755595.1|A/cattle/Texas/24-008749-003/2024(H5N1)	151	3627
PB1|PP755595.1|A/cattle/Texas/24-008749-003/2024(H5N1)	152	3601
PB1|PP755595.1|A/cattle/Texas/24-008749-003/2024(H5N1)	153	3335
PB1|PP755595.1|A/cattle/Texas/24-008749-003/2024(H5N1)	154	3323
PB1|PP755595.1|A/cattle/Texas/24-008749-003/2024(H5N1)	155	3302
PB1|PP755595.1|A/cattle/Texas/24-008749-003/2024(H5N1)	156	3263
PB1|PP755595.1|A/cattle/Texas/24-008749-003/2024(H5N1)	157	3282
PB1|PP755595.1|A/cattle/Texas/24-008749-003/2024(H5N1)	158	3287
PB1|PP755595.1|A/cattle/Texas/24-008749-003/2024(H5N1)	159	3284
PB1|PP755595.1|A/cattle/Texas/24-008749-003/2024(H5N1)	160	3642
PB1|PP755595.1|A/cattle/Texas/24-008749-003/2024(H5N1)	161	3645
PB1|PP755595.1|A/cattle/Texas/24-008749-003/2024(H5N1)	162	3646
PB1|PP755595.1|A/cattle/Texas/24-008749-003/2024(H5N1)	163	3644
PB1|PP755595.1|A/cattle/Texas/24-008749-003/2024(H5N1)	164	3646
PB1|PP755595.1|A/cattle/Texas/24-008749-003/2024(H5N1)	165	3638
PB1|PP755595.1|A/cattle/Texas/24-008749-003/2024(H5N1)	166	3647
PB1|PP755595.1|A/cattle/Texas/24-008749-003/2024(H5N1)	167	3660
PB1|PP755595.1|A/cattle/Texas/24-008749-003/2024(H5N1)	168	3661
PB1|PP755595.1|A/cattle/Texas/24-008749-003/2024(H5N1)	169	3661
PB1|PP755595.1|A/cattle/Texas/24-008749-003/2024(H5N1)	170	3659
PB1|PP755595.1|A/cattle/Texas/24-008749-003/2024(H5N1)	171	3655
PB1|PP755595.1|A/cattle/Texas/24-008749-003/2024(H5N1)	172	3655
PB1|PP755595.1|A/cattle/Texas/24-008749-003/2024(H5N1)	173	3668
PB1|PP755595.1|A/cattle/Texas/24-008749-003/2024(H5N1)	174	3670
PB1|PP755595.1|A/cattle/Texas/24-008749-003/2024(H5N1)	175	3631
PB1|PP755595.1|A/cattle/Texas/24-008749-003/2024(H5N1)	176	3604
PB1|PP755595.1|A/cattle/Texas/24-008749-003/2024(H5N1)	177	3603
PB1|PP755595.1|A/cattle/Texas/24-008749-003/2024(H5N1)	178	3604
PB1|PP755595.1|A/cattle/Texas/24-008749-003/2024(H5N1)	179	3629
PB1|PP755595.1|A/cattle/Texas/24-008749-003/2024(H5N1)	180	3643
PB1|PP755595.1|A/cattle/Texas/24-008749-003/2024(H5N1)	181	3632
PB1|PP755595.1|A/cattle/Texas/24-008749-003/2024(H5N1)	182	3633
PB1|PP755595.1|A/cattle/Texas/24-008749-003/2024(H5N1)	183	3621
PB1|PP755595.1|A/cattle/Texas/24-008749-003/2024(H5N1)	184	3620
PB1|PP755595.1|A/cattle/Texas/24-008749-003/2024(H5N1)	185	3562
PB1|PP755595.1|A/cattle/Texas/24-008749-003/2024(H5N1)	186	2735
PB1|PP755595.1|A/cattle/Texas/24-008749-003/2024(H5N1)	187	2738
PB1|PP755595.1|A/cattle/Texas/24-008749-003/2024(H5N1)	188	2742
PB1|PP755595.1|A/cattle/Texas/24-008749-003/2024(H5N1)	189	2736
PB1|PP755595.1|A/cattle/Texas/24-008749-003/2024(H5N1)	190	2755
PB1|PP755595.1|A/cattle/Texas/24-008749-003/2024(H5N1)	191	2752
PB1|PP755595.1|A/cattle/Texas/24-008749-003/2024(H5N1)	192	2748
PB1|PP755595.1|A/cattle/Texas/24-008749-003/2024(H5N1)	193	2752
PB1|PP755595.1|A/cattle/Texas/24-008749-003/2024(H5N1)	194	2745
PB1|PP755595.1|A/cattle/Texas/24-008749-003/2024(H5N1)	195	2756
PB1|PP755595.1|A/cattle/Texas/24-008749-003/2024(H5N1)	196	2746
PB1|PP755595.1|A/cattle/Texas/24-008749-003/2024(H5N1)	197	2736
PB1|PP755595.1|A/cattle/Texas/24-008749-003/2024(H5N1)	198	2724
PB1|PP755595.1|A/cattle/Texas/24-008749-003/2024(H5N1)	199	2684
PB1|PP755595.1|A/cattle/Texas/24-008749-003/2024(H5N1)	200	2641
PB1|PP755595.1|A/cattle/Texas/24-008749-003/2024(H5N1)	201	2621
PB1|PP755595.1|A/cattle/Texas/24-008749-003/2024(H5N1)	202	2616
PB1|PP755595.1|A/cattle/Texas/24-008749-003/2024(H5N1)	203	2645
PB1|PP755595.1|A/cattle/Texas/24-008749-003/2024(H5N1)	204	2634
PB1|PP755595.1|A/cattle/Texas/24-008749-003/2024(H5N1)	205	2599
PB1|PP755595.1|A/cattle/Texas/24-008749-003/2024(H5N1)	206	2602
PB1|PP755595.1|A/cattle/Texas/24-008749-003/2024(H5N1)	207	2545
PB1|PP755595.1|A/cattle/Texas/24-008749-003/2024(H5N1)	208	2537
PB1|PP755595.1|A/cattle/Texas/24-008749-003/2024(H5N1)	209	2033
PB1|PP755595.1|A/cattle/Texas/24-008749-003/2024(H5N1)	210	1980
PB1|PP755595.1|A/cattle/Texas/24-008749-003/2024(H5N1)	211	1976
PB1|PP755595.1|A/cattle/Texas/24-008749-003/2024(H5N1)	212	1961
PB1|PP755595.1|A/cattle/Texas/24-008749-003/2024(H5N1)	213	1385
PB1|PP755595.1|A/cattle/Texas/24-008749-003/2024(H5N1)	214	1361
PB1|PP755595.1|A/cattle/Texas/24-008749-003/2024(H5N1)	215	1357
PB1|PP755595.1|A/cattle/Texas/24-008749-003/2024(H5N1)	216	1336
PB1|PP755595.1|A/cattle/Texas/24-008749-003/2024(H5N1)	217	1176
PB1|PP755595.1|A/cattle/Texas/24-008749-003/2024(H5N1)	218	1178
PB1|PP755595.1|A/cattle/Texas/24-008749-003/2024(H5N1)	219	1182
PB1|PP755595.1|A/cattle/Texas/24-008749-003/2024(H5N1)	220	1255
PB1|PP755595.1|A/cattle/Texas/24-008749-003/2024(H5N1)	221	1256
PB1|PP755595.1|A/cattle/Texas/24-008749-003/2024(H5N1)	222	1257
PB1|PP755595.1|A/cattle/Texas/24-008749-003/2024(H5N1)	223	1269
PB1|PP755595.1|A/cattle/Texas/24-008749-003/2024(H5N1)	224	1268
PB1|PP755595.1|A/cattle/Texas/24-008749-003/2024(H5N1)	225	1255
PB1|PP755595.1|A/cattle/Texas/24-008749-003/2024(H5N1)	226	1267
PB1|PP755595.1|A/cattle/Texas/24-008749-003/2024(H5N1)	227	1267
PB1|PP755595.1|A/cattle/Texas/24-008749-003/2024(H5N1)	228	1279
PB1|PP755595.1|A/cattle/Texas/24-008749-003/2024(H5N1)	229	1267
PB1|PP755595.1|A/cattle/Texas/24-008749-003/2024(H5N1)	230	1265
PB1|PP755595.1|A/cattle/Texas/24-008749-003/2024(H5N1)	231	1260
PB1|PP755595.1|A/cattle/Texas/24-008749-003/2024(H5N1)	232	1263
PB1|PP755595.1|A/cattle/Texas/24-008749-003/2024(H5N1)	233	1273
PB1|PP755595.1|A/cattle/Texas/24-008749-003/2024(H5N1)	234	1290
PB1|PP755595.1|A/cattle/Texas/24-008749-003/2024(H5N1)	235	1409
PB1|PP755595.1|A/cattle/Texas/24-008749-003/2024(H5N1)	236	1410
PB1|PP755595.1|A/cattle/Texas/24-008749-003/2024(H5N1)	237	1414
PB1|PP755595.1|A/cattle/Texas/24-008749-003/2024(H5N1)	238	1414
PB1|PP755595.1|A/cattle/Texas/24-008749-003/2024(H5N1)	239	1416
PB1|PP755595.1|A/cattle/Texas/24-008749-003/2024(H5N1)	240	1476
PB1|PP755595.1|A/cattle/Texas/24-008749-003/2024(H5N1)	241	1477
PB1|PP755595.1|A/cattle/Texas/24-008749-003/2024(H5N1)	242	1536
PB1|PP755595.1|A/cattle/Texas/24-008749-003/2024(H5N1)	243	1552
PB1|PP755595.1|A/cattle/Texas/24-008749-003/2024(H5N1)	244	1554
PB1|PP755595.1|A/cattle/Texas/24-008749-003/2024(H5N1)	245	1569
PB1|PP755595.1|A/cattle/Texas/24-008749-003/2024(H5N1)	246	1606
PB1|PP755595.1|A/cattle/Texas/24-008749-003/2024(H5N1)	247	1616
PB1|PP755595.1|A/cattle/Texas/24-008749-003/2024(H5N1)	248	1617
PB1|PP755595.1|A/cattle/Texas/24-008749-003/2024(H5N1)	249	1616
PB1|PP755595.1|A/cattle/Texas/24-008749-003/2024(H5N1)	250	1613
PB1|PP755595.1|A/cattle/Texas/24-008749-003/2024(H5N1)	251	1579
PB1|PP755595.1|A/cattle/Texas/24-008749-003/2024(H5N1)	252	1578
PB1|PP755595.1|A/cattle/Texas/24-008749-003/2024(H5N1)	253	1555
PB1|PP755595.1|A/cattle/Texas/24-008749-003/2024(H5N1)	254	1535
PB1|PP755595.1|A/cattle/Texas/24-008749-003/2024(H5N1)	255	1268
PB1|PP755595.1|A/cattle/Texas/24-008749-003/2024(H5N1)	256	1268
PB1|PP755595.1|A/cattle/Texas/24-008749-003/2024(H5N1)	257	1268
PB1|PP755595.1|A/cattle/Texas/24-008749-003/2024(H5N1)	258	1268
PB1|PP755595.1|A/cattle/Texas/24-008749-003/2024(H5N1)	259	1268
PB1|PP755595.1|A/cattle/Texas/24-008749-003/2024(H5N1)	260	1268
PB1|PP755595.1|A/cattle/Texas/24-008749-003/2024(H5N1)	261	1267
PB1|PP755595.1|A/cattle/Texas/24-008749-003/2024(H5N1)	262	1267
PB1|PP755595.1|A/cattle/Texas/24-008749-003/2024(H5N1)	263	1267
PB1|PP755595.1|A/cattle/Texas/24-008749-003/2024(H5N1)	264	1267
PB1|PP755595.1|A/cattle/Texas/24-008749-003/2024(H5N1)	265	1267
PB1|PP755595.1|A/cattle/Texas/24-008749-003/2024(H5N1)	266	1270
PB1|PP755595.1|A/cattle/Texas/24-008749-003/2024(H5N1)	267	1271
PB1|PP755595.1|A/cattle/Texas/24-008749-003/2024(H5N1)	268	1398
PB1|PP755595.1|A/cattle/Texas/24-008749-003/2024(H5N1)	269	1405
PB1|PP755595.1|A/cattle/Texas/24-008749-003/2024(H5N1)	270	1413
PB1|PP755595.1|A/cattle/Texas/24-008749-003/2024(H5N1)	271	1419
PB1|PP755595.1|A/cattle/Texas/24-008749-003/2024(H5N1)	272	1434
PB1|PP755595.1|A/cattle/Texas/24-008749-003/2024(H5N1)	273	1438
PB1|PP755595.1|A/cattle/Texas/24-008749-003/2024(H5N1)	274	1440
PB1|PP755595.1|A/cattle/Texas/24-008749-003/2024(H5N1)	275	1441
PB1|PP755595.1|A/cattle/Texas/24-008749-003/2024(H5N1)	276	1452
PB1|PP755595.1|A/cattle/Texas/24-008749-003/2024(H5N1)	277	1458
PB1|PP755595.1|A/cattle/Texas/24-008749-003/2024(H5N1)	278	1495
PB1|PP755595.1|A/cattle/Texas/24-008749-003/2024(H5N1)	279	1495
PB1|PP755595.1|A/cattle/Texas/24-008749-003/2024(H5N1)	280	1495
PB1|PP755595.1|A/cattle/Texas/24-008749-003/2024(H5N1)	281	1561
PB1|PP755595.1|A/cattle/Texas/24-008749-003/2024(H5N1)	282	1591
PB1|PP755595.1|A/cattle/Texas/24-008749-003/2024(H5N1)	283	1578
PB1|PP755595.1|A/cattle/Texas/24-008749-003/2024(H5N1)	284	1575
PB1|PP755595.1|A/cattle/Texas/24-008749-003/2024(H5N1)	285	1571
PB1|PP755595.1|A/cattle/Texas/24-008749-003/2024(H5N1)	286	1584
PB1|PP755595.1|A/cattle/Texas/24-008749-003/2024(H5N1)	287	1569
PB1|PP755595.1|A/cattle/Texas/24-008749-003/2024(H5N1)	288	1513
PB1|PP755595.1|A/cattle/Texas/24-008749-003/2024(H5N1)	289	1572
PB1|PP755595.1|A/cattle/Texas/24-008749-003/2024(H5N1)	290	1449
PB1|PP755595.1|A/cattle/Texas/24-008749-003/2024(H5N1)	291	1510
PB1|PP755595.1|A/cattle/Texas/24-008749-003/2024(H5N1)	292	1668
PB1|PP755595.1|A/cattle/Texas/24-008749-003/2024(H5N1)	293	1671
PB1|PP755595.1|A/cattle/Texas/24-008749-003/2024(H5N1)	294	1654
PB1|PP755595.1|A/cattle/Texas/24-008749-003/2024(H5N1)	295	1812
PB1|PP755595.1|A/cattle/Texas/24-008749-003/2024(H5N1)	296	1819
PB1|PP755595.1|A/cattle/Texas/24-008749-003/2024(H5N1)	297	1824
PB1|PP755595.1|A/cattle/Texas/24-008749-003/2024(H5N1)	298	1837
PB1|PP755595.1|A/cattle/Texas/24-008749-003/2024(H5N1)	299	1833
PB1|PP755595.1|A/cattle/Texas/24-008749-003/2024(H5N1)	300	1769
PB1|PP755595.1|A/cattle/Texas/24-008749-003/2024(H5N1)	301	1770
PB1|PP755595.1|A/cattle/Texas/24-008749-003/2024(H5N1)	302	1760
PB1|PP755595.1|A/cattle/Texas/24-008749-003/2024(H5N1)	303	1761
PB1|PP755595.1|A/cattle/Texas/24-008749-003/2024(H5N1)	304	1772
PB1|PP755595.1|A/cattle/Texas/24-008749-003/2024(H5N1)	305	1786
PB1|PP755595.1|A/cattle/Texas/24-008749-003/2024(H5N1)	306	1765
PB1|PP755595.1|A/cattle/Texas/24-008749-003/2024(H5N1)	307	1765
PB1|PP755595.1|A/cattle/Texas/24-008749-003/2024(H5N1)	308	1769
PB1|PP755595.1|A/cattle/Texas/24-008749-003/2024(H5N1)	309	1773
PB1|PP755595.1|A/cattle/Texas/24-008749-003/2024(H5N1)	310	1772
PB1|PP755595.1|A/cattle/Texas/24-008749-003/2024(H5N1)	311	1778
PB1|PP755595.1|A/cattle/Texas/24-008749-003/2024(H5N1)	312	1776
PB1|PP755595.1|A/cattle/Texas/24-008749-003/2024(H5N1)	313	1766
PB1|PP755595.1|A/cattle/Texas/24-008749-003/2024(H5N1)	314	1766
PB1|PP755595.1|A/cattle/Texas/24-008749-003/2024(H5N1)	315	1790
PB1|PP755595.1|A/cattle/Texas/24-008749-003/2024(H5N1)	316	1774
PB1|PP755595.1|A/cattle/Texas/24-008749-003/2024(H5N1)	317	1768
PB1|PP755595.1|A/cattle/Texas/24-008749-003/2024(H5N1)	318	1700
PB1|PP755595.1|A/cattle/Texas/24-008749-003/2024(H5N1)	319	1795
PB1|PP755595.1|A/cattle/Texas/24-008749-003/2024(H5N1)	320	1806
PB1|PP755595.1|A/cattle/Texas/24-008749-003/2024(H5N1)	321	1803
PB1|PP755595.1|A/cattle/Texas/24-008749-003/2024(H5N1)	322	1803
PB1|PP755595.1|A/cattle/Texas/24-008749-003/2024(H5N1)	323	1802
PB1|PP755595.1|A/cattle/Texas/24-008749-003/2024(H5N1)	324	1772
PB1|PP755595.1|A/cattle/Texas/24-008749-003/2024(H5N1)	325	1759
PB1|PP755595.1|A/cattle/Texas/24-008749-003/2024(H5N1)	326	1756
PB1|PP755595.1|A/cattle/Texas/24-008749-003/2024(H5N1)	327	1753
PB1|PP755595.1|A/cattle/Texas/24-008749-003/2024(H5N1)	328	1753
PB1|PP755595.1|A/cattle/Texas/24-008749-003/2024(H5N1)	329	1745
PB1|PP755595.1|A/cattle/Texas/24-008749-003/2024(H5N1)	330	1753
PB1|PP755595.1|A/cattle/Texas/24-008749-003/2024(H5N1)	331	1743
PB1|PP755595.1|A/cattle/Texas/24-008749-003/2024(H5N1)	332	1744
PB1|PP755595.1|A/cattle/Texas/24-008749-003/2024(H5N1)	333	1740
PB1|PP755595.1|A/cattle/Texas/24-008749-003/2024(H5N1)	334	1752
PB1|PP755595.1|A/cattle/Texas/24-008749-003/2024(H5N1)	335	1748
PB1|PP755595.1|A/cattle/Texas/24-008749-003/2024(H5N1)	336	1744
PB1|PP755595.1|A/cattle/Texas/24-008749-003/2024(H5N1)	337	1742
PB1|PP755595.1|A/cattle/Texas/24-008749-003/2024(H5N1)	338	1741
PB1|PP755595.1|A/cattle/Texas/24-008749-003/2024(H5N1)	339	1715
PB1|PP755595.1|A/cattle/Texas/24-008749-003/2024(H5N1)	340	1714
PB1|PP755595.1|A/cattle/Texas/24-008749-003/2024(H5N1)	341	1650
PB1|PP755595.1|A/cattle/Texas/24-008749-003/2024(H5N1)	342	1650
PB1|PP755595.1|A/cattle/Texas/24-008749-003/2024(H5N1)	343	1650
PB1|PP755595.1|A/cattle/Texas/24-008749-003/2024(H5N1)	344	1649
PB1|PP755595.1|A/cattle/Texas/24-008749-003/2024(H5N1)	345	1661
PB1|PP755595.1|A/cattle/Texas/24-008749-003/2024(H5N1)	346	1706
PB1|PP755595.1|A/cattle/Texas/24-008749-003/2024(H5N1)	347	1716
PB1|PP755595.1|A/cattle/Texas/24-008749-003/2024(H5N1)	348	1718
PB1|PP755595.1|A/cattle/Texas/24-008749-003/2024(H5N1)	349	1717
PB1|PP755595.1|A/cattle/Texas/24-008749-003/2024(H5N1)	350	1708
PB1|PP755595.1|A/cattle/Texas/24-008749-003/2024(H5N1)	351	1708
PB1|PP755595.1|A/cattle/Texas/24-008749-003/2024(H5N1)	352	1705
PB1|PP755595.1|A/cattle/Texas/24-008749-003/2024(H5N1)	353	1705
PB1|PP755595.1|A/cattle/Texas/24-008749-003/2024(H5N1)	354	1675
PB1|PP755595.1|A/cattle/Texas/24-008749-003/2024(H5N1)	355	1675
PB1|PP755595.1|A/cattle/Texas/24-008749-003/2024(H5N1)	356	1640
PB1|PP755595.1|A/cattle/Texas/24-008749-003/2024(H5N1)	357	1637
PB1|PP755595.1|A/cattle/Texas/24-008749-003/2024(H5N1)	358	1632
PB1|PP755595.1|A/cattle/Texas/24-008749-003/2024(H5N1)	359	1615
PB1|PP755595.1|A/cattle/Texas/24-008749-003/2024(H5N1)	360	1601
PB1|PP755595.1|A/cattle/Texas/24-008749-003/2024(H5N1)	361	1579
PB1|PP755595.1|A/cattle/Texas/24-008749-003/2024(H5N1)	362	1574
PB1|PP755595.1|A/cattle/Texas/24-008749-003/2024(H5N1)	363	453
PB1|PP755595.1|A/cattle/Texas/24-008749-003/2024(H5N1)	364	427
PB1|PP755595.1|A/cattle/Texas/24-008749-003/2024(H5N1)	365	427
PB1|PP755595.1|A/cattle/Texas/24-008749-003/2024(H5N1)	366	427
PB1|PP755595.1|A/cattle/Texas/24-008749-003/2024(H5N1)	367	427
PB1|PP755595.1|A/cattle/Texas/24-008749-003/2024(H5N1)	368	427
PB1|PP755595.1|A/cattle/Texas/24-008749-003/2024(H5N1)	369	427
PB1|PP755595.1|A/cattle/Texas/24-008749-003/2024(H5N1)	370	428
PB1|PP755595.1|A/cattle/Texas/24-008749-003/2024(H5N1)	371	428
PB1|PP755595.1|A/cattle/Texas/24-008749-003/2024(H5N1)	372	428
PB1|PP755595.1|A/cattle/Texas/24-008749-003/2024(H5N1)	373	428
PB1|PP755595.1|A/cattle/Texas/24-008749-003/2024(H5N1)	374	428
PB1|PP755595.1|A/cattle/Texas/24-008749-003/2024(H5N1)	375	428
PB1|PP755595.1|A/cattle/Texas/24-008749-003/2024(H5N1)	376	428
PB1|PP755595.1|A/cattle/Texas/24-008749-003/2024(H5N1)	377	428
PB1|PP755595.1|A/cattle/Texas/24-008749-003/2024(H5N1)	378	428
PB1|PP755595.1|A/cattle/Texas/24-008749-003/2024(H5N1)	379	428
PB1|PP755595.1|A/cattle/Texas/24-008749-003/2024(H5N1)	380	428
PB1|PP755595.1|A/cattle/Texas/24-008749-003/2024(H5N1)	381	428
PB1|PP755595.1|A/cattle/Texas/24-008749-003/2024(H5N1)	382	434
PB1|PP755595.1|A/cattle/Texas/24-008749-003/2024(H5N1)	383	434
PB1|PP755595.1|A/cattle/Texas/24-008749-003/2024(H5N1)	384	434
PB1|PP755595.1|A/cattle/Texas/24-008749-003/2024(H5N1)	385	435
PB1|PP755595.1|A/cattle/Texas/24-008749-003/2024(H5N1)	386	435
PB1|PP755595.1|A/cattle/Texas/24-008749-003/2024(H5N1)	387	436
PB1|PP755595.1|A/cattle/Texas/24-008749-003/2024(H5N1)	388	436
PB1|PP755595.1|A/cattle/Texas/24-008749-003/2024(H5N1)	389	436
PB1|PP755595.1|A/cattle/Texas/24-008749-003/2024(H5N1)	390	436
PB1|PP755595.1|A/cattle/Texas/24-008749-003/2024(H5N1)	391	434
PB1|PP755595.1|A/cattle/Texas/24-008749-003/2024(H5N1)	392	434
PB1|PP755595.1|A/cattle/Texas/24-008749-003/2024(H5N1)	393	434
PB1|PP755595.1|A/cattle/Texas/24-008749-003/2024(H5N1)	394	433
PB1|PP755595.1|A/cattle/Texas/24-008749-003/2024(H5N1)	395	432
PB1|PP755595.1|A/cattle/Texas/24-008749-003/2024(H5N1)	396	417
PB1|PP755595.1|A/cattle/Texas/24-008749-003/2024(H5N1)	397	380
PB1|PP755595.1|A/cattle/Texas/24-008749-003/2024(H5N1)	398	380
PB1|PP755595.1|A/cattle/Texas/24-008749-003/2024(H5N1)	399	379
PB1|PP755595.1|A/cattle/Texas/24-008749-003/2024(H5N1)	400	379
PB1|PP755595.1|A/cattle/Texas/24-008749-003/2024(H5N1)	401	372
PB1|PP755595.1|A/cattle/Texas/24-008749-003/2024(H5N1)	402	361
PB1|PP755595.1|A/cattle/Texas/24-008749-003/2024(H5N1)	403	361
PB1|PP755595.1|A/cattle/Texas/24-008749-003/2024(H5N1)	404	360
PB1|PP755595.1|A/cattle/Texas/24-008749-003/2024(H5N1)	405	360
PB1|PP755595.1|A/cattle/Texas/24-008749-003/2024(H5N1)	406	360
PB1|PP755595.1|A/cattle/Texas/24-008749-003/2024(H5N1)	407	360
PB1|PP755595.1|A/cattle/Texas/24-008749-003/2024(H5N1)	408	360
PB1|PP755595.1|A/cattle/Texas/24-008749-003/2024(H5N1)	409	360
PB1|PP755595.1|A/cattle/Texas/24-008749-003/2024(H5N1)	410	360
PB1|PP755595.1|A/cattle/Texas/24-008749-003/2024(H5N1)	411	360
PB1|PP755595.1|A/cattle/Texas/24-008749-003/2024(H5N1)	412	360
PB1|PP755595.1|A/cattle/Texas/24-008749-003/2024(H5N1)	413	360
PB1|PP755595.1|A/cattle/Texas/24-008749-003/2024(H5N1)	414	360
PB1|PP755595.1|A/cattle/Texas/24-008749-003/2024(H5N1)	415	370
PB1|PP755595.1|A/cattle/Texas/24-008749-003/2024(H5N1)	416	370
PB1|PP755595.1|A/cattle/Texas/24-008749-003/2024(H5N1)	417	370
PB1|PP755595.1|A/cattle/Texas/24-008749-003/2024(H5N1)	418	370
PB1|PP755595.1|A/cattle/Texas/24-008749-003/2024(H5N1)	419	370
PB1|PP755595.1|A/cattle/Texas/24-008749-003/2024(H5N1)	420	370
PB1|PP755595.1|A/cattle/Texas/24-008749-003/2024(H5N1)	421	370
PB1|PP755595.1|A/cattle/Texas/24-008749-003/2024(H5N1)	422	370
PB1|PP755595.1|A/cattle/Texas/24-008749-003/2024(H5N1)	423	370
PB1|PP755595.1|A/cattle/Texas/24-008749-003/2024(H5N1)	424	367
PB1|PP755595.1|A/cattle/Texas/24-008749-003/2024(H5N1)	425	366
PB1|PP755595.1|A/cattle/Texas/24-008749-003/2024(H5N1)	426	357
PB1|PP755595.1|A/cattle/Texas/24-008749-003/2024(H5N1)	427	357
PB1|PP755595.1|A/cattle/Texas/24-008749-003/2024(H5N1)	428	357
PB1|PP755595.1|A/cattle/Texas/24-008749-003/2024(H5N1)	429	357
PB1|PP755595.1|A/cattle/Texas/24-008749-003/2024(H5N1)	430	384
PB1|PP755595.1|A/cattle/Texas/24-008749-003/2024(H5N1)	431	384
PB1|PP755595.1|A/cattle/Texas/24-008749-003/2024(H5N1)	432	384
PB1|PP755595.1|A/cattle/Texas/24-008749-003/2024(H5N1)	433	389
PB1|PP755595.1|A/cattle/Texas/24-008749-003/2024(H5N1)	434	552
PB1|PP755595.1|A/cattle/Texas/24-008749-003/2024(H5N1)	435	565
PB1|PP755595.1|A/cattle/Texas/24-008749-003/2024(H5N1)	436	1312
PB1|PP755595.1|A/cattle/Texas/24-008749-003/2024(H5N1)	437	1455
PB1|PP755595.1|A/cattle/Texas/24-008749-003/2024(H5N1)	438	1458
PB1|PP755595.1|A/cattle/Texas/24-008749-003/2024(H5N1)	439	1471
PB1|PP755595.1|A/cattle/Texas/24-008749-003/2024(H5N1)	440	1477
PB1|PP755595.1|A/cattle/Texas/24-008749-003/2024(H5N1)	441	1481
PB1|PP755595.1|A/cattle/Texas/24-008749-003/2024(H5N1)	442	1486
PB1|PP755595.1|A/cattle/Texas/24-008749-003/2024(H5N1)	443	1489
PB1|PP755595.1|A/cattle/Texas/24-008749-003/2024(H5N1)	444	1497
PB1|PP755595.1|A/cattle/Texas/24-008749-003/2024(H5N1)	445	1509
PB1|PP755595.1|A/cattle/Texas/24-008749-003/2024(H5N1)	446	1511
PB1|PP755595.1|A/cattle/Texas/24-008749-003/2024(H5N1)	447	1524
PB1|PP755595.1|A/cattle/Texas/24-008749-003/2024(H5N1)	448	1526
PB1|PP755595.1|A/cattle/Texas/24-008749-003/2024(H5N1)	449	1537
PB1|PP755595.1|A/cattle/Texas/24-008749-003/2024(H5N1)	450	1536
PB1|PP755595.1|A/cattle/Texas/24-008749-003/2024(H5N1)	451	1536
PB1|PP755595.1|A/cattle/Texas/24-008749-003/2024(H5N1)	452	1553
PB1|PP755595.1|A/cattle/Texas/24-008749-003/2024(H5N1)	453	1553
PB1|PP755595.1|A/cattle/Texas/24-008749-003/2024(H5N1)	454	1556
PB1|PP755595.1|A/cattle/Texas/24-008749-003/2024(H5N1)	455	1556
PB1|PP755595.1|A/cattle/Texas/24-008749-003/2024(H5N1)	456	1495
PB1|PP755595.1|A/cattle/Texas/24-008749-003/2024(H5N1)	457	1495
PB1|PP755595.1|A/cattle/Texas/24-008749-003/2024(H5N1)	458	1494
PB1|PP755595.1|A/cattle/Texas/24-008749-003/2024(H5N1)	459	1503
PB1|PP755595.1|A/cattle/Texas/24-008749-003/2024(H5N1)	460	1495
PB1|PP755595.1|A/cattle/Texas/24-008749-003/2024(H5N1)	461	1568
PB1|PP755595.1|A/cattle/Texas/24-008749-003/2024(H5N1)	462	1584
PB1|PP755595.1|A/cattle/Texas/24-008749-003/2024(H5N1)	463	1587
PB1|PP755595.1|A/cattle/Texas/24-008749-003/2024(H5N1)	464	1594
PB1|PP755595.1|A/cattle/Texas/24-008749-003/2024(H5N1)	465	1593
PB1|PP755595.1|A/cattle/Texas/24-008749-003/2024(H5N1)	466	1602
PB1|PP755595.1|A/cattle/Texas/24-008749-003/2024(H5N1)	467	1597
PB1|PP755595.1|A/cattle/Texas/24-008749-003/2024(H5N1)	468	1592
PB1|PP755595.1|A/cattle/Texas/24-008749-003/2024(H5N1)	469	1596
PB1|PP755595.1|A/cattle/Texas/24-008749-003/2024(H5N1)	470	1544
PB1|PP755595.1|A/cattle/Texas/24-008749-003/2024(H5N1)	471	1550
PB1|PP755595.1|A/cattle/Texas/24-008749-003/2024(H5N1)	472	1548
PB1|PP755595.1|A/cattle/Texas/24-008749-003/2024(H5N1)	473	1548
PB1|PP755595.1|A/cattle/Texas/24-008749-003/2024(H5N1)	474	1550
PB1|PP755595.1|A/cattle/Texas/24-008749-003/2024(H5N1)	475	1563
PB1|PP755595.1|A/cattle/Texas/24-008749-003/2024(H5N1)	476	1563
PB1|PP755595.1|A/cattle/Texas/24-008749-003/2024(H5N1)	477	1562
PB1|PP755595.1|A/cattle/Texas/24-008749-003/2024(H5N1)	478	1562
PB1|PP755595.1|A/cattle/Texas/24-008749-003/2024(H5N1)	479	1552
PB1|PP755595.1|A/cattle/Texas/24-008749-003/2024(H5N1)	480	1524
PB1|PP755595.1|A/cattle/Texas/24-008749-003/2024(H5N1)	481	1518
PB1|PP755595.1|A/cattle/Texas/24-008749-003/2024(H5N1)	482	1517
PB1|PP755595.1|A/cattle/Texas/24-008749-003/2024(H5N1)	483	1516
PB1|PP755595.1|A/cattle/Texas/24-008749-003/2024(H5N1)	484	1517
PB1|PP755595.1|A/cattle/Texas/24-008749-003/2024(H5N1)	485	1556
PB1|PP755595.1|A/cattle/Texas/24-008749-003/2024(H5N1)	486	1570
PB1|PP755595.1|A/cattle/Texas/24-008749-003/2024(H5N1)	487	1626
PB1|PP755595.1|A/cattle/Texas/24-008749-003/2024(H5N1)	488	1628
PB1|PP755595.1|A/cattle/Texas/24-008749-003/2024(H5N1)	489	1637
PB1|PP755595.1|A/cattle/Texas/24-008749-003/2024(H5N1)	490	1652
PB1|PP755595.1|A/cattle/Texas/24-008749-003/2024(H5N1)	491	1654
PB1|PP755595.1|A/cattle/Texas/24-008749-003/2024(H5N1)	492	1654
PB1|PP755595.1|A/cattle/Texas/24-008749-003/2024(H5N1)	493	1655
PB1|PP755595.1|A/cattle/Texas/24-008749-003/2024(H5N1)	494	1613
PB1|PP755595.1|A/cattle/Texas/24-008749-003/2024(H5N1)	495	1617
PB1|PP755595.1|A/cattle/Texas/24-008749-003/2024(H5N1)	496	1580
PB1|PP755595.1|A/cattle/Texas/24-008749-003/2024(H5N1)	497	1585
PB1|PP755595.1|A/cattle/Texas/24-008749-003/2024(H5N1)	498	1596
PB1|PP755595.1|A/cattle/Texas/24-008749-003/2024(H5N1)	499	1593
PB1|PP755595.1|A/cattle/Texas/24-008749-003/2024(H5N1)	500	1593
PB1|PP755595.1|A/cattle/Texas/24-008749-003/2024(H5N1)	501	1617
PB1|PP755595.1|A/cattle/Texas/24-008749-003/2024(H5N1)	502	1619
PB1|PP755595.1|A/cattle/Texas/24-008749-003/2024(H5N1)	503	1607
PB1|PP755595.1|A/cattle/Texas/24-008749-003/2024(H5N1)	504	1607
PB1|PP755595.1|A/cattle/Texas/24-008749-003/2024(H5N1)	505	1632
PB1|PP755595.1|A/cattle/Texas/24-008749-003/2024(H5N1)	506	1629
PB1|PP755595.1|A/cattle/Texas/24-008749-003/2024(H5N1)	507	1605
PB1|PP755595.1|A/cattle/Texas/24-008749-003/2024(H5N1)	508	1638
PB1|PP755595.1|A/cattle/Texas/24-008749-003/2024(H5N1)	509	1673
PB1|PP755595.1|A/cattle/Texas/24-008749-003/2024(H5N1)	510	1679
PB1|PP755595.1|A/cattle/Texas/24-008749-003/2024(H5N1)	511	1673
PB1|PP755595.1|A/cattle/Texas/24-008749-003/2024(H5N1)	512	1664
PB1|PP755595.1|A/cattle/Texas/24-008749-003/2024(H5N1)	513	1637
PB1|PP755595.1|A/cattle/Texas/24-008749-003/2024(H5N1)	514	1618
PB1|PP755595.1|A/cattle/Texas/24-008749-003/2024(H5N1)	515	1629
PB1|PP755595.1|A/cattle/Texas/24-008749-003/2024(H5N1)	516	1624
PB1|PP755595.1|A/cattle/Texas/24-008749-003/2024(H5N1)	517	1597
PB1|PP755595.1|A/cattle/Texas/24-008749-003/2024(H5N1)	518	1602
PB1|PP755595.1|A/cattle/Texas/24-008749-003/2024(H5N1)	519	1601
PB1|PP755595.1|A/cattle/Texas/24-008749-003/2024(H5N1)	520	1645
PB1|PP755595.1|A/cattle/Texas/24-008749-003/2024(H5N1)	521	1645
PB1|PP755595.1|A/cattle/Texas/24-008749-003/2024(H5N1)	522	1648
PB1|PP755595.1|A/cattle/Texas/24-008749-003/2024(H5N1)	523	1649
PB1|PP755595.1|A/cattle/Texas/24-008749-003/2024(H5N1)	524	1617
PB1|PP755595.1|A/cattle/Texas/24-008749-003/2024(H5N1)	525	1631
PB1|PP755595.1|A/cattle/Texas/24-008749-003/2024(H5N1)	526	1634
PB1|PP755595.1|A/cattle/Texas/24-008749-003/2024(H5N1)	527	1633
PB1|PP755595.1|A/cattle/Texas/24-008749-003/2024(H5N1)	528	1631
PB1|PP755595.1|A/cattle/Texas/24-008749-003/2024(H5N1)	529	1634
PB1|PP755595.1|A/cattle/Texas/24-008749-003/2024(H5N1)	530	1694
PB1|PP755595.1|A/cattle/Texas/24-008749-003/2024(H5N1)	531	1672
PB1|PP755595.1|A/cattle/Texas/24-008749-003/2024(H5N1)	532	1662
PB1|PP755595.1|A/cattle/Texas/24-008749-003/2024(H5N1)	533	1626
PB1|PP755595.1|A/cattle/Texas/24-008749-003/2024(H5N1)	534	1621
PB1|PP755595.1|A/cattle/Texas/24-008749-003/2024(H5N1)	535	1621
PB1|PP755595.1|A/cattle/Texas/24-008749-003/2024(H5N1)	536	1620
PB1|PP755595.1|A/cattle/Texas/24-008749-003/2024(H5N1)	537	1623
PB1|PP755595.1|A/cattle/Texas/24-008749-003/2024(H5N1)	538	1615
PB1|PP755595.1|A/cattle/Texas/24-008749-003/2024(H5N1)	539	1631
PB1|PP755595.1|A/cattle/Texas/24-008749-003/2024(H5N1)	540	1628
PB1|PP755595.1|A/cattle/Texas/24-008749-003/2024(H5N1)	541	1636
PB1|PP755595.1|A/cattle/Texas/24-008749-003/2024(H5N1)	542	1661
PB1|PP755595.1|A/cattle/Texas/24-008749-003/2024(H5N1)	543	1661
PB1|PP755595.1|A/cattle/Texas/24-008749-003/2024(H5N1)	544	1662
PB1|PP755595.1|A/cattle/Texas/24-008749-003/2024(H5N1)	545	1663
PB1|PP755595.1|A/cattle/Texas/24-008749-003/2024(H5N1)	546	1652
PB1|PP755595.1|A/cattle/Texas/24-008749-003/2024(H5N1)	547	1656
PB1|PP755595.1|A/cattle/Texas/24-008749-003/2024(H5N1)	548	1657
PB1|PP755595.1|A/cattle/Texas/24-008749-003/2024(H5N1)	549	1643
PB1|PP755595.1|A/cattle/Texas/24-008749-003/2024(H5N1)	550	1633
PB1|PP755595.1|A/cattle/Texas/24-008749-003/2024(H5N1)	551	1613
PB1|PP755595.1|A/cattle/Texas/24-008749-003/2024(H5N1)	552	1618
PB1|PP755595.1|A/cattle/Texas/24-008749-003/2024(H5N1)	553	1617
PB1|PP755595.1|A/cattle/Texas/24-008749-003/2024(H5N1)	554	1617
PB1|PP755595.1|A/cattle/Texas/24-008749-003/2024(H5N1)	555	1613
PB1|PP755595.1|A/cattle/Texas/24-008749-003/2024(H5N1)	556	1610
PB1|PP755595.1|A/cattle/Texas/24-008749-003/2024(H5N1)	557	1603
PB1|PP755595.1|A/cattle/Texas/24-008749-003/2024(H5N1)	558	1468
PB1|PP755595.1|A/cattle/Texas/24-008749-003/2024(H5N1)	559	1462
PB1|PP755595.1|A/cattle/Texas/24-008749-003/2024(H5N1)	560	1462
PB1|PP755595.1|A/cattle/Texas/24-008749-003/2024(H5N1)	561	1449
PB1|PP755595.1|A/cattle/Texas/24-008749-003/2024(H5N1)	562	1460
PB1|PP755595.1|A/cattle/Texas/24-008749-003/2024(H5N1)	563	1470
PB1|PP755595.1|A/cattle/Texas/24-008749-003/2024(H5N1)	564	1484
PB1|PP755595.1|A/cattle/Texas/24-008749-003/2024(H5N1)	565	1504
PB1|PP755595.1|A/cattle/Texas/24-008749-003/2024(H5N1)	566	1513
PB1|PP755595.1|A/cattle/Texas/24-008749-003/2024(H5N1)	567	1516
PB1|PP755595.1|A/cattle/Texas/24-008749-003/2024(H5N1)	568	1516
PB1|PP755595.1|A/cattle/Texas/24-008749-003/2024(H5N1)	569	1571
PB1|PP755595.1|A/cattle/Texas/24-008749-003/2024(H5N1)	570	1544
PB1|PP755595.1|A/cattle/Texas/24-008749-003/2024(H5N1)	571	1585
PB1|PP755595.1|A/cattle/Texas/24-008749-003/2024(H5N1)	572	1579
PB1|PP755595.1|A/cattle/Texas/24-008749-003/2024(H5N1)	573	1573
PB1|PP755595.1|A/cattle/Texas/24-008749-003/2024(H5N1)	574	1573
PB1|PP755595.1|A/cattle/Texas/24-008749-003/2024(H5N1)	575	1566
PB1|PP755595.1|A/cattle/Texas/24-008749-003/2024(H5N1)	576	1627
PB1|PP755595.1|A/cattle/Texas/24-008749-003/2024(H5N1)	577	1637
PB1|PP755595.1|A/cattle/Texas/24-008749-003/2024(H5N1)	578	1639
PB1|PP755595.1|A/cattle/Texas/24-008749-003/2024(H5N1)	579	1592
PB1|PP755595.1|A/cattle/Texas/24-008749-003/2024(H5N1)	580	1603
PB1|PP755595.1|A/cattle/Texas/24-008749-003/2024(H5N1)	581	1605
PB1|PP755595.1|A/cattle/Texas/24-008749-003/2024(H5N1)	582	1604
PB1|PP755595.1|A/cattle/Texas/24-008749-003/2024(H5N1)	583	1605
PB1|PP755595.1|A/cattle/Texas/24-008749-003/2024(H5N1)	584	1479
PB1|PP755595.1|A/cattle/Texas/24-008749-003/2024(H5N1)	585	1460
PB1|PP755595.1|A/cattle/Texas/24-008749-003/2024(H5N1)	586	1489
PB1|PP755595.1|A/cattle/Texas/24-008749-003/2024(H5N1)	587	1393
PB1|PP755595.1|A/cattle/Texas/24-008749-003/2024(H5N1)	588	1388
PB1|PP755595.1|A/cattle/Texas/24-008749-003/2024(H5N1)	589	1389
PB1|PP755595.1|A/cattle/Texas/24-008749-003/2024(H5N1)	590	1381
PB1|PP755595.1|A/cattle/Texas/24-008749-003/2024(H5N1)	591	1380
PB1|PP755595.1|A/cattle/Texas/24-008749-003/2024(H5N1)	592	1391
PB1|PP755595.1|A/cattle/Texas/24-008749-003/2024(H5N1)	593	1386
PB1|PP755595.1|A/cattle/Texas/24-008749-003/2024(H5N1)	594	1394
PB1|PP755595.1|A/cattle/Texas/24-008749-003/2024(H5N1)	595	1389
PB1|PP755595.1|A/cattle/Texas/24-008749-003/2024(H5N1)	596	1379
PB1|PP755595.1|A/cattle/Texas/24-008749-003/2024(H5N1)	597	1379
PB1|PP755595.1|A/cattle/Texas/24-008749-003/2024(H5N1)	598	1368
PB1|PP755595.1|A/cattle/Texas/24-008749-003/2024(H5N1)	599	1364
PB1|PP755595.1|A/cattle/Texas/24-008749-003/2024(H5N1)	600	1352
PB1|PP755595.1|A/cattle/Texas/24-008749-003/2024(H5N1)	601	1351
PB1|PP755595.1|A/cattle/Texas/24-008749-003/2024(H5N1)	602	1329
PB1|PP755595.1|A/cattle/Texas/24-008749-003/2024(H5N1)	603	1329
PB1|PP755595.1|A/cattle/Texas/24-008749-003/2024(H5N1)	604	1328
PB1|PP755595.1|A/cattle/Texas/24-008749-003/2024(H5N1)	605	1321
PB1|PP755595.1|A/cattle/Texas/24-008749-003/2024(H5N1)	606	1320
PB1|PP755595.1|A/cattle/Texas/24-008749-003/2024(H5N1)	607	1156
PB1|PP755595.1|A/cattle/Texas/24-008749-003/2024(H5N1)	608	1155
PB1|PP755595.1|A/cattle/Texas/24-008749-003/2024(H5N1)	609	1153
PB1|PP755595.1|A/cattle/Texas/24-008749-003/2024(H5N1)	610	1153
PB1|PP755595.1|A/cattle/Texas/24-008749-003/2024(H5N1)	611	1149
PB1|PP755595.1|A/cattle/Texas/24-008749-003/2024(H5N1)	612	1149
PB1|PP755595.1|A/cattle/Texas/24-008749-003/2024(H5N1)	613	1349
PB1|PP755595.1|A/cattle/Texas/24-008749-003/2024(H5N1)	614	1351
PB1|PP755595.1|A/cattle/Texas/24-008749-003/2024(H5N1)	615	1352
PB1|PP755595.1|A/cattle/Texas/24-008749-003/2024(H5N1)	616	1352
PB1|PP755595.1|A/cattle/Texas/24-008749-003/2024(H5N1)	617	1349
PB1|PP755595.1|A/cattle/Texas/24-008749-003/2024(H5N1)	618	1346
PB1|PP755595.1|A/cattle/Texas/24-008749-003/2024(H5N1)	619	1344
PB1|PP755595.1|A/cattle/Texas/24-008749-003/2024(H5N1)	620	1330
PB1|PP755595.1|A/cattle/Texas/24-008749-003/2024(H5N1)	621	1346
PB1|PP755595.1|A/cattle/Texas/24-008749-003/2024(H5N1)	622	1358
PB1|PP755595.1|A/cattle/Texas/24-008749-003/2024(H5N1)	623	1360
PB1|PP755595.1|A/cattle/Texas/24-008749-003/2024(H5N1)	624	1361
PB1|PP755595.1|A/cattle/Texas/24-008749-003/2024(H5N1)	625	1359
PB1|PP755595.1|A/cattle/Texas/24-008749-003/2024(H5N1)	626	1345
PB1|PP755595.1|A/cattle/Texas/24-008749-003/2024(H5N1)	627	1345
PB1|PP755595.1|A/cattle/Texas/24-008749-003/2024(H5N1)	628	1344
PB1|PP755595.1|A/cattle/Texas/24-008749-003/2024(H5N1)	629	1330
PB1|PP755595.1|A/cattle/Texas/24-008749-003/2024(H5N1)	630	1329
PB1|PP755595.1|A/cattle/Texas/24-008749-003/2024(H5N1)	631	1318
PB1|PP755595.1|A/cattle/Texas/24-008749-003/2024(H5N1)	632	1314
PB1|PP755595.1|A/cattle/Texas/24-008749-003/2024(H5N1)	633	1239
PB1|PP755595.1|A/cattle/Texas/24-008749-003/2024(H5N1)	634	1202
PB1|PP755595.1|A/cattle/Texas/24-008749-003/2024(H5N1)	635	1204
PB1|PP755595.1|A/cattle/Texas/24-008749-003/2024(H5N1)	636	1204
PB1|PP755595.1|A/cattle/Texas/24-008749-003/2024(H5N1)	637	1204
PB1|PP755595.1|A/cattle/Texas/24-008749-003/2024(H5N1)	638	1204
PB1|PP755595.1|A/cattle/Texas/24-008749-003/2024(H5N1)	639	1199
PB1|PP755595.1|A/cattle/Texas/24-008749-003/2024(H5N1)	640	1196
PB1|PP755595.1|A/cattle/Texas/24-008749-003/2024(H5N1)	641	1184
PB1|PP755595.1|A/cattle/Texas/24-008749-003/2024(H5N1)	642	1184
PB1|PP755595.1|A/cattle/Texas/24-008749-003/2024(H5N1)	643	1184
PB1|PP755595.1|A/cattle/Texas/24-008749-003/2024(H5N1)	644	1184
PB1|PP755595.1|A/cattle/Texas/24-008749-003/2024(H5N1)	645	1178
PB1|PP755595.1|A/cattle/Texas/24-008749-003/2024(H5N1)	646	1165
PB1|PP755595.1|A/cattle/Texas/24-008749-003/2024(H5N1)	647	1165
PB1|PP755595.1|A/cattle/Texas/24-008749-003/2024(H5N1)	648	1140
PB1|PP755595.1|A/cattle/Texas/24-008749-003/2024(H5N1)	649	1138
PB1|PP755595.1|A/cattle/Texas/24-008749-003/2024(H5N1)	650	1136
PB1|PP755595.1|A/cattle/Texas/24-008749-003/2024(H5N1)	651	964
PB1|PP755595.1|A/cattle/Texas/24-008749-003/2024(H5N1)	652	961
PB1|PP755595.1|A/cattle/Texas/24-008749-003/2024(H5N1)	653	961
PB1|PP755595.1|A/cattle/Texas/24-008749-003/2024(H5N1)	654	961
PB1|PP755595.1|A/cattle/Texas/24-008749-003/2024(H5N1)	655	1159
PB1|PP755595.1|A/cattle/Texas/24-008749-003/2024(H5N1)	656	1162
PB1|PP755595.1|A/cattle/Texas/24-008749-003/2024(H5N1)	657	1169
PB1|PP755595.1|A/cattle/Texas/24-008749-003/2024(H5N1)	658	1171
PB1|PP755595.1|A/cattle/Texas/24-008749-003/2024(H5N1)	659	1176
PB1|PP755595.1|A/cattle/Texas/24-008749-003/2024(H5N1)	660	1176
PB1|PP755595.1|A/cattle/Texas/24-008749-003/2024(H5N1)	661	1176
PB1|PP755595.1|A/cattle/Texas/24-008749-003/2024(H5N1)	662	1169
PB1|PP755595.1|A/cattle/Texas/24-008749-003/2024(H5N1)	663	1168
PB1|PP755595.1|A/cattle/Texas/24-008749-003/2024(H5N1)	664	1153
PB1|PP755595.1|A/cattle/Texas/24-008749-003/2024(H5N1)	665	1256
PB1|PP755595.1|A/cattle/Texas/24-008749-003/2024(H5N1)	666	1259
PB1|PP755595.1|A/cattle/Texas/24-008749-003/2024(H5N1)	667	1273
PB1|PP755595.1|A/cattle/Texas/24-008749-003/2024(H5N1)	668	1276
PB1|PP755595.1|A/cattle/Texas/24-008749-003/2024(H5N1)	669	1279
PB1|PP755595.1|A/cattle/Texas/24-008749-003/2024(H5N1)	670	1267
PB1|PP755595.1|A/cattle/Texas/24-008749-003/2024(H5N1)	671	1223
PB1|PP755595.1|A/cattle/Texas/24-008749-003/2024(H5N1)	672	1223
PB1|PP755595.1|A/cattle/Texas/24-008749-003/2024(H5N1)	673	1218
PB1|PP755595.1|A/cattle/Texas/24-008749-003/2024(H5N1)	674	1216
PB1|PP755595.1|A/cattle/Texas/24-008749-003/2024(H5N1)	675	1212
PB1|PP755595.1|A/cattle/Texas/24-008749-003/2024(H5N1)	676	1293
PB1|PP755595.1|A/cattle/Texas/24-008749-003/2024(H5N1)	677	1291
PB1|PP755595.1|A/cattle/Texas/24-008749-003/2024(H5N1)	678	1271
PB1|PP755595.1|A/cattle/Texas/24-008749-003/2024(H5N1)	679	1271
PB1|PP755595.1|A/cattle/Texas/24-008749-003/2024(H5N1)	680	1269
PB1|PP755595.1|A/cattle/Texas/24-008749-003/2024(H5N1)	681	1216
PB1|PP755595.1|A/cattle/Texas/24-008749-003/2024(H5N1)	682	1215
PB1|PP755595.1|A/cattle/Texas/24-008749-003/2024(H5N1)	683	1214
PB1|PP755595.1|A/cattle/Texas/24-008749-003/2024(H5N1)	684	1212
PB1|PP755595.1|A/cattle/Texas/24-008749-003/2024(H5N1)	685	1210
PB1|PP755595.1|A/cattle/Texas/24-008749-003/2024(H5N1)	686	1207
PB1|PP755595.1|A/cattle/Texas/24-008749-003/2024(H5N1)	687	1207
PB1|PP755595.1|A/cattle/Texas/24-008749-003/2024(H5N1)	688	1195
PB1|PP755595.1|A/cattle/Texas/24-008749-003/2024(H5N1)	689	1190
PB1|PP755595.1|A/cattle/Texas/24-008749-003/2024(H5N1)	690	1167
PB1|PP755595.1|A/cattle/Texas/24-008749-003/2024(H5N1)	691	1168
PB1|PP755595.1|A/cattle/Texas/24-008749-003/2024(H5N1)	692	1137
PB1|PP755595.1|A/cattle/Texas/24-008749-003/2024(H5N1)	693	1136
PB1|PP755595.1|A/cattle/Texas/24-008749-003/2024(H5N1)	694	1175
PB1|PP755595.1|A/cattle/Texas/24-008749-003/2024(H5N1)	695	1183
PB1|PP755595.1|A/cattle/Texas/24-008749-003/2024(H5N1)	696	1182
PB1|PP755595.1|A/cattle/Texas/24-008749-003/2024(H5N1)	697	1178
PB1|PP755595.1|A/cattle/Texas/24-008749-003/2024(H5N1)	698	1173
PB1|PP755595.1|A/cattle/Texas/24-008749-003/2024(H5N1)	699	1165
PB1|PP755595.1|A/cattle/Texas/24-008749-003/2024(H5N1)	700	1169
PB1|PP755595.1|A/cattle/Texas/24-008749-003/2024(H5N1)	701	1168
PB1|PP755595.1|A/cattle/Texas/24-008749-003/2024(H5N1)	702	1159
PB1|PP755595.1|A/cattle/Texas/24-008749-003/2024(H5N1)	703	1162
PB1|PP755595.1|A/cattle/Texas/24-008749-003/2024(H5N1)	704	1162
PB1|PP755595.1|A/cattle/Texas/24-008749-003/2024(H5N1)	705	1163
PB1|PP755595.1|A/cattle/Texas/24-008749-003/2024(H5N1)	706	1161
PB1|PP755595.1|A/cattle/Texas/24-008749-003/2024(H5N1)	707	1157
PB1|PP755595.1|A/cattle/Texas/24-008749-003/2024(H5N1)	708	1151
PB1|PP755595.1|A/cattle/Texas/24-008749-003/2024(H5N1)	709	1177
PB1|PP755595.1|A/cattle/Texas/24-008749-003/2024(H5N1)	710	1177
PB1|PP755595.1|A/cattle/Texas/24-008749-003/2024(H5N1)	711	1177
PB1|PP755595.1|A/cattle/Texas/24-008749-003/2024(H5N1)	712	1165
PB1|PP755595.1|A/cattle/Texas/24-008749-003/2024(H5N1)	713	1165
PB1|PP755595.1|A/cattle/Texas/24-008749-003/2024(H5N1)	714	1148
PB1|PP755595.1|A/cattle/Texas/24-008749-003/2024(H5N1)	715	1123
PB1|PP755595.1|A/cattle/Texas/24-008749-003/2024(H5N1)	716	1123
PB1|PP755595.1|A/cattle/Texas/24-008749-003/2024(H5N1)	717	1114
PB1|PP755595.1|A/cattle/Texas/24-008749-003/2024(H5N1)	718	1114
PB1|PP755595.1|A/cattle/Texas/24-008749-003/2024(H5N1)	719	1061
PB1|PP755595.1|A/cattle/Texas/24-008749-003/2024(H5N1)	720	1060
PB1|PP755595.1|A/cattle/Texas/24-008749-003/2024(H5N1)	721	1097
PB1|PP755595.1|A/cattle/Texas/24-008749-003/2024(H5N1)	722	1082
PB1|PP755595.1|A/cattle/Texas/24-008749-003/2024(H5N1)	723	1086
PB1|PP755595.1|A/cattle/Texas/24-008749-003/2024(H5N1)	724	1088
PB1|PP755595.1|A/cattle/Texas/24-008749-003/2024(H5N1)	725	1073
PB1|PP755595.1|A/cattle/Texas/24-008749-003/2024(H5N1)	726	1060
PB1|PP755595.1|A/cattle/Texas/24-008749-003/2024(H5N1)	727	1018
PB1|PP755595.1|A/cattle/Texas/24-008749-003/2024(H5N1)	728	1018
PB1|PP755595.1|A/cattle/Texas/24-008749-003/2024(H5N1)	729	1016
PB1|PP755595.1|A/cattle/Texas/24-008749-003/2024(H5N1)	730	1007
PB1|PP755595.1|A/cattle/Texas/24-008749-003/2024(H5N1)	731	965
PB1|PP755595.1|A/cattle/Texas/24-008749-003/2024(H5N1)	732	776
PB1|PP755595.1|A/cattle/Texas/24-008749-003/2024(H5N1)	733	776
PB1|PP755595.1|A/cattle/Texas/24-008749-003/2024(H5N1)	734	774
PB1|PP755595.1|A/cattle/Texas/24-008749-003/2024(H5N1)	735	773
PB1|PP755595.1|A/cattle/Texas/24-008749-003/2024(H5N1)	736	773
PB1|PP755595.1|A/cattle/Texas/24-008749-003/2024(H5N1)	737	773
PB1|PP755595.1|A/cattle/Texas/24-008749-003/2024(H5N1)	738	771
PB1|PP755595.1|A/cattle/Texas/24-008749-003/2024(H5N1)	739	764
PB1|PP755595.1|A/cattle/Texas/24-008749-003/2024(H5N1)	740	764
PB1|PP755595.1|A/cattle/Texas/24-008749-003/2024(H5N1)	741	764
PB1|PP755595.1|A/cattle/Texas/24-008749-003/2024(H5N1)	742	764
PB1|PP755595.1|A/cattle/Texas/24-008749-003/2024(H5N1)	743	764
PB1|PP755595.1|A/cattle/Texas/24-008749-003/2024(H5N1)	744	764
PB1|PP755595.1|A/cattle/Texas/24-008749-003/2024(H5N1)	745	983
PB1|PP755595.1|A/cattle/Texas/24-008749-003/2024(H5N1)	746	983
PB1|PP755595.1|A/cattle/Texas/24-008749-003/2024(H5N1)	747	983
PB1|PP755595.1|A/cattle/Texas/24-008749-003/2024(H5N1)	748	983
PB1|PP755595.1|A/cattle/Texas/24-008749-003/2024(H5N1)	749	983
PB1|PP755595.1|A/cattle/Texas/24-008749-003/2024(H5N1)	750	983
PB1|PP755595.1|A/cattle/Texas/24-008749-003/2024(H5N1)	751	1048
PB1|PP755595.1|A/cattle/Texas/24-008749-003/2024(H5N1)	752	1079
PB1|PP755595.1|A/cattle/Texas/24-008749-003/2024(H5N1)	753	1085
PB1|PP755595.1|A/cattle/Texas/24-008749-003/2024(H5N1)	754	1093
PB1|PP755595.1|A/cattle/Texas/24-008749-003/2024(H5N1)	755	1104
PB1|PP755595.1|A/cattle/Texas/24-008749-003/2024(H5N1)	756	1106
PB1|PP755595.1|A/cattle/Texas/24-008749-003/2024(H5N1)	757	1106
PB1|PP755595.1|A/cattle/Texas/24-008749-003/2024(H5N1)	758	1101
PB1|PP755595.1|A/cattle/Texas/24-008749-003/2024(H5N1)	759	1087
PB1|PP755595.1|A/cattle/Texas/24-008749-003/2024(H5N1)	760	1018
PB1|PP755595.1|A/cattle/Texas/24-008749-003/2024(H5N1)	761	1018
PB1|PP755595.1|A/cattle/Texas/24-008749-003/2024(H5N1)	762	1011
PB1|PP755595.1|A/cattle/Texas/24-008749-003/2024(H5N1)	763	1009
PB1|PP755595.1|A/cattle/Texas/24-008749-003/2024(H5N1)	764	1007
PB1|PP755595.1|A/cattle/Texas/24-008749-003/2024(H5N1)	765	996
PB1|PP755595.1|A/cattle/Texas/24-008749-003/2024(H5N1)	766	996
PB1|PP755595.1|A/cattle/Texas/24-008749-003/2024(H5N1)	767	996
PB1|PP755595.1|A/cattle/Texas/24-008749-003/2024(H5N1)	768	996
PB1|PP755595.1|A/cattle/Texas/24-008749-003/2024(H5N1)	769	996
PB1|PP755595.1|A/cattle/Texas/24-008749-003/2024(H5N1)	770	996
PB1|PP755595.1|A/cattle/Texas/24-008749-003/2024(H5N1)	771	994
PB1|PP755595.1|A/cattle/Texas/24-008749-003/2024(H5N1)	772	938
PB1|PP755595.1|A/cattle/Texas/24-008749-003/2024(H5N1)	773	938
PB1|PP755595.1|A/cattle/Texas/24-008749-003/2024(H5N1)	774	938
PB1|PP755595.1|A/cattle/Texas/24-008749-003/2024(H5N1)	775	1040
PB1|PP755595.1|A/cattle/Texas/24-008749-003/2024(H5N1)	776	1044
PB1|PP755595.1|A/cattle/Texas/24-008749-003/2024(H5N1)	777	1046
PB1|PP755595.1|A/cattle/Texas/24-008749-003/2024(H5N1)	778	1050
PB1|PP755595.1|A/cattle/Texas/24-008749-003/2024(H5N1)	779	1056
PB1|PP755595.1|A/cattle/Texas/24-008749-003/2024(H5N1)	780	1067
PB1|PP755595.1|A/cattle/Texas/24-008749-003/2024(H5N1)	781	1067
PB1|PP755595.1|A/cattle/Texas/24-008749-003/2024(H5N1)	782	1067
PB1|PP755595.1|A/cattle/Texas/24-008749-003/2024(H5N1)	783	1012
PB1|PP755595.1|A/cattle/Texas/24-008749-003/2024(H5N1)	784	1010
PB1|PP755595.1|A/cattle/Texas/24-008749-003/2024(H5N1)	785	1006
PB1|PP755595.1|A/cattle/Texas/24-008749-003/2024(H5N1)	786	975
PB1|PP755595.1|A/cattle/Texas/24-008749-003/2024(H5N1)	787	990
PB1|PP755595.1|A/cattle/Texas/24-008749-003/2024(H5N1)	788	990
PB1|PP755595.1|A/cattle/Texas/24-008749-003/2024(H5N1)	789	990
PB1|PP755595.1|A/cattle/Texas/24-008749-003/2024(H5N1)	790	990
PB1|PP755595.1|A/cattle/Texas/24-008749-003/2024(H5N1)	791	990
PB1|PP755595.1|A/cattle/Texas/24-008749-003/2024(H5N1)	792	964
PB1|PP755595.1|A/cattle/Texas/24-008749-003/2024(H5N1)	793	992
PB1|PP755595.1|A/cattle/Texas/24-008749-003/2024(H5N1)	794	996
PB1|PP755595.1|A/cattle/Texas/24-008749-003/2024(H5N1)	795	996
PB1|PP755595.1|A/cattle/Texas/24-008749-003/2024(H5N1)	796	997
PB1|PP755595.1|A/cattle/Texas/24-008749-003/2024(H5N1)	797	997
PB1|PP755595.1|A/cattle/Texas/24-008749-003/2024(H5N1)	798	990
PB1|PP755595.1|A/cattle/Texas/24-008749-003/2024(H5N1)	799	988
PB1|PP755595.1|A/cattle/Texas/24-008749-003/2024(H5N1)	800	987
PB1|PP755595.1|A/cattle/Texas/24-008749-003/2024(H5N1)	801	949
PB1|PP755595.1|A/cattle/Texas/24-008749-003/2024(H5N1)	802	961
PB1|PP755595.1|A/cattle/Texas/24-008749-003/2024(H5N1)	803	1002
PB1|PP755595.1|A/cattle/Texas/24-008749-003/2024(H5N1)	804	1012
PB1|PP755595.1|A/cattle/Texas/24-008749-003/2024(H5N1)	805	1013
PB1|PP755595.1|A/cattle/Texas/24-008749-003/2024(H5N1)	806	1014
PB1|PP755595.1|A/cattle/Texas/24-008749-003/2024(H5N1)	807	1012
PB1|PP755595.1|A/cattle/Texas/24-008749-003/2024(H5N1)	808	1013
PB1|PP755595.1|A/cattle/Texas/24-008749-003/2024(H5N1)	809	1013
PB1|PP755595.1|A/cattle/Texas/24-008749-003/2024(H5N1)	810	1009
PB1|PP755595.1|A/cattle/Texas/24-008749-003/2024(H5N1)	811	985
PB1|PP755595.1|A/cattle/Texas/24-008749-003/2024(H5N1)	812	929
PB1|PP755595.1|A/cattle/Texas/24-008749-003/2024(H5N1)	813	922
PB1|PP755595.1|A/cattle/Texas/24-008749-003/2024(H5N1)	814	916
PB1|PP755595.1|A/cattle/Texas/24-008749-003/2024(H5N1)	815	956
PB1|PP755595.1|A/cattle/Texas/24-008749-003/2024(H5N1)	816	917
PB1|PP755595.1|A/cattle/Texas/24-008749-003/2024(H5N1)	817	950
PB1|PP755595.1|A/cattle/Texas/24-008749-003/2024(H5N1)	818	950
PB1|PP755595.1|A/cattle/Texas/24-008749-003/2024(H5N1)	819	952
PB1|PP755595.1|A/cattle/Texas/24-008749-003/2024(H5N1)	820	953
PB1|PP755595.1|A/cattle/Texas/24-008749-003/2024(H5N1)	821	991
PB1|PP755595.1|A/cattle/Texas/24-008749-003/2024(H5N1)	822	968
PB1|PP755595.1|A/cattle/Texas/24-008749-003/2024(H5N1)	823	937
PB1|PP755595.1|A/cattle/Texas/24-008749-003/2024(H5N1)	824	944
PB1|PP755595.1|A/cattle/Texas/24-008749-003/2024(H5N1)	825	936
PB1|PP755595.1|A/cattle/Texas/24-008749-003/2024(H5N1)	826	951
PB1|PP755595.1|A/cattle/Texas/24-008749-003/2024(H5N1)	827	959
PB1|PP755595.1|A/cattle/Texas/24-008749-003/2024(H5N1)	828	960
PB1|PP755595.1|A/cattle/Texas/24-008749-003/2024(H5N1)	829	961
PB1|PP755595.1|A/cattle/Texas/24-008749-003/2024(H5N1)	830	1003
PB1|PP755595.1|A/cattle/Texas/24-008749-003/2024(H5N1)	831	1004
PB1|PP755595.1|A/cattle/Texas/24-008749-003/2024(H5N1)	832	996
PB1|PP755595.1|A/cattle/Texas/24-008749-003/2024(H5N1)	833	996
PB1|PP755595.1|A/cattle/Texas/24-008749-003/2024(H5N1)	834	996
PB1|PP755595.1|A/cattle/Texas/24-008749-003/2024(H5N1)	835	986
PB1|PP755595.1|A/cattle/Texas/24-008749-003/2024(H5N1)	836	978
PB1|PP755595.1|A/cattle/Texas/24-008749-003/2024(H5N1)	837	977
PB1|PP755595.1|A/cattle/Texas/24-008749-003/2024(H5N1)	838	976
PB1|PP755595.1|A/cattle/Texas/24-008749-003/2024(H5N1)	839	973
PB1|PP755595.1|A/cattle/Texas/24-008749-003/2024(H5N1)	840	903
PB1|PP755595.1|A/cattle/Texas/24-008749-003/2024(H5N1)	841	905
PB1|PP755595.1|A/cattle/Texas/24-008749-003/2024(H5N1)	842	905
PB1|PP755595.1|A/cattle/Texas/24-008749-003/2024(H5N1)	843	905
PB1|PP755595.1|A/cattle/Texas/24-008749-003/2024(H5N1)	844	905
PB1|PP755595.1|A/cattle/Texas/24-008749-003/2024(H5N1)	845	906
PB1|PP755595.1|A/cattle/Texas/24-008749-003/2024(H5N1)	846	920
PB1|PP755595.1|A/cattle/Texas/24-008749-003/2024(H5N1)	847	990
PB1|PP755595.1|A/cattle/Texas/24-008749-003/2024(H5N1)	848	991
PB1|PP755595.1|A/cattle/Texas/24-008749-003/2024(H5N1)	849	992
PB1|PP755595.1|A/cattle/Texas/24-008749-003/2024(H5N1)	850	992
PB1|PP755595.1|A/cattle/Texas/24-008749-003/2024(H5N1)	851	992
PB1|PP755595.1|A/cattle/Texas/24-008749-003/2024(H5N1)	852	992
PB1|PP755595.1|A/cattle/Texas/24-008749-003/2024(H5N1)	853	1000
PB1|PP755595.1|A/cattle/Texas/24-008749-003/2024(H5N1)	854	1073
PB1|PP755595.1|A/cattle/Texas/24-008749-003/2024(H5N1)	855	1072
PB1|PP755595.1|A/cattle/Texas/24-008749-003/2024(H5N1)	856	1072
PB1|PP755595.1|A/cattle/Texas/24-008749-003/2024(H5N1)	857	1073
PB1|PP755595.1|A/cattle/Texas/24-008749-003/2024(H5N1)	858	1076
PB1|PP755595.1|A/cattle/Texas/24-008749-003/2024(H5N1)	859	1076
PB1|PP755595.1|A/cattle/Texas/24-008749-003/2024(H5N1)	860	1083
PB1|PP755595.1|A/cattle/Texas/24-008749-003/2024(H5N1)	861	1043
PB1|PP755595.1|A/cattle/Texas/24-008749-003/2024(H5N1)	862	1047
PB1|PP755595.1|A/cattle/Texas/24-008749-003/2024(H5N1)	863	1052
PB1|PP755595.1|A/cattle/Texas/24-008749-003/2024(H5N1)	864	1100
PB1|PP755595.1|A/cattle/Texas/24-008749-003/2024(H5N1)	865	1152
PB1|PP755595.1|A/cattle/Texas/24-008749-003/2024(H5N1)	866	1162
PB1|PP755595.1|A/cattle/Texas/24-008749-003/2024(H5N1)	867	1162
PB1|PP755595.1|A/cattle/Texas/24-008749-003/2024(H5N1)	868	1165
PB1|PP755595.1|A/cattle/Texas/24-008749-003/2024(H5N1)	869	1168
PB1|PP755595.1|A/cattle/Texas/24-008749-003/2024(H5N1)	870	1185
PB1|PP755595.1|A/cattle/Texas/24-008749-003/2024(H5N1)	871	1220
PB1|PP755595.1|A/cattle/Texas/24-008749-003/2024(H5N1)	872	1202
PB1|PP755595.1|A/cattle/Texas/24-008749-003/2024(H5N1)	873	1199
PB1|PP755595.1|A/cattle/Texas/24-008749-003/2024(H5N1)	874	1197
PB1|PP755595.1|A/cattle/Texas/24-008749-003/2024(H5N1)	875	1192
PB1|PP755595.1|A/cattle/Texas/24-008749-003/2024(H5N1)	876	1069
PB1|PP755595.1|A/cattle/Texas/24-008749-003/2024(H5N1)	877	1091
PB1|PP755595.1|A/cattle/Texas/24-008749-003/2024(H5N1)	878	1102
PB1|PP755595.1|A/cattle/Texas/24-008749-003/2024(H5N1)	879	1166
PB1|PP755595.1|A/cattle/Texas/24-008749-003/2024(H5N1)	880	1367
PB1|PP755595.1|A/cattle/Texas/24-008749-003/2024(H5N1)	881	1368
PB1|PP755595.1|A/cattle/Texas/24-008749-003/2024(H5N1)	882	1375
PB1|PP755595.1|A/cattle/Texas/24-008749-003/2024(H5N1)	883	1383
PB1|PP755595.1|A/cattle/Texas/24-008749-003/2024(H5N1)	884	1547
PB1|PP755595.1|A/cattle/Texas/24-008749-003/2024(H5N1)	885	1547
PB1|PP755595.1|A/cattle/Texas/24-008749-003/2024(H5N1)	886	1559
PB1|PP755595.1|A/cattle/Texas/24-008749-003/2024(H5N1)	887	1563
PB1|PP755595.1|A/cattle/Texas/24-008749-003/2024(H5N1)	888	1564
PB1|PP755595.1|A/cattle/Texas/24-008749-003/2024(H5N1)	889	1630
PB1|PP755595.1|A/cattle/Texas/24-008749-003/2024(H5N1)	890	1633
PB1|PP755595.1|A/cattle/Texas/24-008749-003/2024(H5N1)	891	1646
PB1|PP755595.1|A/cattle/Texas/24-008749-003/2024(H5N1)	892	1623
PB1|PP755595.1|A/cattle/Texas/24-008749-003/2024(H5N1)	893	1549
PB1|PP755595.1|A/cattle/Texas/24-008749-003/2024(H5N1)	894	1582
PB1|PP755595.1|A/cattle/Texas/24-008749-003/2024(H5N1)	895	1576
PB1|PP755595.1|A/cattle/Texas/24-008749-003/2024(H5N1)	896	1600
PB1|PP755595.1|A/cattle/Texas/24-008749-003/2024(H5N1)	897	1541
PB1|PP755595.1|A/cattle/Texas/24-008749-003/2024(H5N1)	898	1544
PB1|PP755595.1|A/cattle/Texas/24-008749-003/2024(H5N1)	899	1546
PB1|PP755595.1|A/cattle/Texas/24-008749-003/2024(H5N1)	900	1550
PB1|PP755595.1|A/cattle/Texas/24-008749-003/2024(H5N1)	901	1550
PB1|PP755595.1|A/cattle/Texas/24-008749-003/2024(H5N1)	902	1569
PB1|PP755595.1|A/cattle/Texas/24-008749-003/2024(H5N1)	903	1557
PB1|PP755595.1|A/cattle/Texas/24-008749-003/2024(H5N1)	904	1552
PB1|PP755595.1|A/cattle/Texas/24-008749-003/2024(H5N1)	905	1534
PB1|PP755595.1|A/cattle/Texas/24-008749-003/2024(H5N1)	906	1425
PB1|PP755595.1|A/cattle/Texas/24-008749-003/2024(H5N1)	907	1437
PB1|PP755595.1|A/cattle/Texas/24-008749-003/2024(H5N1)	908	1446
PB1|PP755595.1|A/cattle/Texas/24-008749-003/2024(H5N1)	909	1446
PB1|PP755595.1|A/cattle/Texas/24-008749-003/2024(H5N1)	910	1467
PB1|PP755595.1|A/cattle/Texas/24-008749-003/2024(H5N1)	911	1469
PB1|PP755595.1|A/cattle/Texas/24-008749-003/2024(H5N1)	912	1533
PB1|PP755595.1|A/cattle/Texas/24-008749-003/2024(H5N1)	913	1542
PB1|PP755595.1|A/cattle/Texas/24-008749-003/2024(H5N1)	914	1553
PB1|PP755595.1|A/cattle/Texas/24-008749-003/2024(H5N1)	915	1554
PB1|PP755595.1|A/cattle/Texas/24-008749-003/2024(H5N1)	916	1563
PB1|PP755595.1|A/cattle/Texas/24-008749-003/2024(H5N1)	917	1575
PB1|PP755595.1|A/cattle/Texas/24-008749-003/2024(H5N1)	918	1650
PB1|PP755595.1|A/cattle/Texas/24-008749-003/2024(H5N1)	919	1655
PB1|PP755595.1|A/cattle/Texas/24-008749-003/2024(H5N1)	920	1661
PB1|PP755595.1|A/cattle/Texas/24-008749-003/2024(H5N1)	921	1663
PB1|PP755595.1|A/cattle/Texas/24-008749-003/2024(H5N1)	922	1672
PB1|PP755595.1|A/cattle/Texas/24-008749-003/2024(H5N1)	923	1680
PB1|PP755595.1|A/cattle/Texas/24-008749-003/2024(H5N1)	924	1684
PB1|PP755595.1|A/cattle/Texas/24-008749-003/2024(H5N1)	925	1684
PB1|PP755595.1|A/cattle/Texas/24-008749-003/2024(H5N1)	926	1687
PB1|PP755595.1|A/cattle/Texas/24-008749-003/2024(H5N1)	927	1700
PB1|PP755595.1|A/cattle/Texas/24-008749-003/2024(H5N1)	928	1703
PB1|PP755595.1|A/cattle/Texas/24-008749-003/2024(H5N1)	929	1701
PB1|PP755595.1|A/cattle/Texas/24-008749-003/2024(H5N1)	930	1700
PB1|PP755595.1|A/cattle/Texas/24-008749-003/2024(H5N1)	931	1687
PB1|PP755595.1|A/cattle/Texas/24-008749-003/2024(H5N1)	932	1683
PB1|PP755595.1|A/cattle/Texas/24-008749-003/2024(H5N1)	933	1692
PB1|PP755595.1|A/cattle/Texas/24-008749-003/2024(H5N1)	934	1715
PB1|PP755595.1|A/cattle/Texas/24-008749-003/2024(H5N1)	935	1712
PB1|PP755595.1|A/cattle/Texas/24-008749-003/2024(H5N1)	936	1677
PB1|PP755595.1|A/cattle/Texas/24-008749-003/2024(H5N1)	937	1678
PB1|PP755595.1|A/cattle/Texas/24-008749-003/2024(H5N1)	938	1679
PB1|PP755595.1|A/cattle/Texas/24-008749-003/2024(H5N1)	939	1686
PB1|PP755595.1|A/cattle/Texas/24-008749-003/2024(H5N1)	940	1715
PB1|PP755595.1|A/cattle/Texas/24-008749-003/2024(H5N1)	941	1718
PB1|PP755595.1|A/cattle/Texas/24-008749-003/2024(H5N1)	942	1718
PB1|PP755595.1|A/cattle/Texas/24-008749-003/2024(H5N1)	943	1725
PB1|PP755595.1|A/cattle/Texas/24-008749-003/2024(H5N1)	944	1726
PB1|PP755595.1|A/cattle/Texas/24-008749-003/2024(H5N1)	945	1730
PB1|PP755595.1|A/cattle/Texas/24-008749-003/2024(H5N1)	946	1736
PB1|PP755595.1|A/cattle/Texas/24-008749-003/2024(H5N1)	947	1744
PB1|PP755595.1|A/cattle/Texas/24-008749-003/2024(H5N1)	948	1760
PB1|PP755595.1|A/cattle/Texas/24-008749-003/2024(H5N1)	949	1763
PB1|PP755595.1|A/cattle/Texas/24-008749-003/2024(H5N1)	950	1764
PB1|PP755595.1|A/cattle/Texas/24-008749-003/2024(H5N1)	951	1776
PB1|PP755595.1|A/cattle/Texas/24-008749-003/2024(H5N1)	952	1772
PB1|PP755595.1|A/cattle/Texas/24-008749-003/2024(H5N1)	953	1779
PB1|PP755595.1|A/cattle/Texas/24-008749-003/2024(H5N1)	954	1738
PB1|PP755595.1|A/cattle/Texas/24-008749-003/2024(H5N1)	955	1743
PB1|PP755595.1|A/cattle/Texas/24-008749-003/2024(H5N1)	956	1755
PB1|PP755595.1|A/cattle/Texas/24-008749-003/2024(H5N1)	957	1760
PB1|PP755595.1|A/cattle/Texas/24-008749-003/2024(H5N1)	958	1761
PB1|PP755595.1|A/cattle/Texas/24-008749-003/2024(H5N1)	959	1760
PB1|PP755595.1|A/cattle/Texas/24-008749-003/2024(H5N1)	960	1757
PB1|PP755595.1|A/cattle/Texas/24-008749-003/2024(H5N1)	961	1757
PB1|PP755595.1|A/cattle/Texas/24-008749-003/2024(H5N1)	962	1780
PB1|PP755595.1|A/cattle/Texas/24-008749-003/2024(H5N1)	963	1811
PB1|PP755595.1|A/cattle/Texas/24-008749-003/2024(H5N1)	964	1805
PB1|PP755595.1|A/cattle/Texas/24-008749-003/2024(H5N1)	965	1805
PB1|PP755595.1|A/cattle/Texas/24-008749-003/2024(H5N1)	966	1764
PB1|PP755595.1|A/cattle/Texas/24-008749-003/2024(H5N1)	967	1763
PB1|PP755595.1|A/cattle/Texas/24-008749-003/2024(H5N1)	968	1752
PB1|PP755595.1|A/cattle/Texas/24-008749-003/2024(H5N1)	969	1749
PB1|PP755595.1|A/cattle/Texas/24-008749-003/2024(H5N1)	970	1749
PB1|PP755595.1|A/cattle/Texas/24-008749-003/2024(H5N1)	971	1710
PB1|PP755595.1|A/cattle/Texas/24-008749-003/2024(H5N1)	972	1677
PB1|PP755595.1|A/cattle/Texas/24-008749-003/2024(H5N1)	973	1637
PB1|PP755595.1|A/cattle/Texas/24-008749-003/2024(H5N1)	974	1632
PB1|PP755595.1|A/cattle/Texas/24-008749-003/2024(H5N1)	975	1625
PB1|PP755595.1|A/cattle/Texas/24-008749-003/2024(H5N1)	976	1688
PB1|PP755595.1|A/cattle/Texas/24-008749-003/2024(H5N1)	977	1687
PB1|PP755595.1|A/cattle/Texas/24-008749-003/2024(H5N1)	978	1686
PB1|PP755595.1|A/cattle/Texas/24-008749-003/2024(H5N1)	979	1686
PB1|PP755595.1|A/cattle/Texas/24-008749-003/2024(H5N1)	980	1683
PB1|PP755595.1|A/cattle/Texas/24-008749-003/2024(H5N1)	981	1642
PB1|PP755595.1|A/cattle/Texas/24-008749-003/2024(H5N1)	982	1678
PB1|PP755595.1|A/cattle/Texas/24-008749-003/2024(H5N1)	983	1684
PB1|PP755595.1|A/cattle/Texas/24-008749-003/2024(H5N1)	984	1713
PB1|PP755595.1|A/cattle/Texas/24-008749-003/2024(H5N1)	985	1708
PB1|PP755595.1|A/cattle/Texas/24-008749-003/2024(H5N1)	986	1714
PB1|PP755595.1|A/cattle/Texas/24-008749-003/2024(H5N1)	987	1719
PB1|PP755595.1|A/cattle/Texas/24-008749-003/2024(H5N1)	988	1727
PB1|PP755595.1|A/cattle/Texas/24-008749-003/2024(H5N1)	989	1722
PB1|PP755595.1|A/cattle/Texas/24-008749-003/2024(H5N1)	990	1713
PB1|PP755595.1|A/cattle/Texas/24-008749-003/2024(H5N1)	991	1718
PB1|PP755595.1|A/cattle/Texas/24-008749-003/2024(H5N1)	992	1719
PB1|PP755595.1|A/cattle/Texas/24-008749-003/2024(H5N1)	993	1718
PB1|PP755595.1|A/cattle/Texas/24-008749-003/2024(H5N1)	994	1693
PB1|PP755595.1|A/cattle/Texas/24-008749-003/2024(H5N1)	995	1683
PB1|PP755595.1|A/cattle/Texas/24-008749-003/2024(H5N1)	996	1682
PB1|PP755595.1|A/cattle/Texas/24-008749-003/2024(H5N1)	997	1658
PB1|PP755595.1|A/cattle/Texas/24-008749-003/2024(H5N1)	998	1657
PB1|PP755595.1|A/cattle/Texas/24-008749-003/2024(H5N1)	999	1618
PB1|PP755595.1|A/cattle/Texas/24-008749-003/2024(H5N1)	1000	1617
PB1|PP755595.1|A/cattle/Texas/24-008749-003/2024(H5N1)	1001	1617
PB1|PP755595.1|A/cattle/Texas/24-008749-003/2024(H5N1)	1002	1617
PB1|PP755595.1|A/cattle/Texas/24-008749-003/2024(H5N1)	1003	1731
PB1|PP755595.1|A/cattle/Texas/24-008749-003/2024(H5N1)	1004	1731
PB1|PP755595.1|A/cattle/Texas/24-008749-003/2024(H5N1)	1005	1652
PB1|PP755595.1|A/cattle/Texas/24-008749-003/2024(H5N1)	1006	1651
PB1|PP755595.1|A/cattle/Texas/24-008749-003/2024(H5N1)	1007	1651
PB1|PP755595.1|A/cattle/Texas/24-008749-003/2024(H5N1)	1008	1647
PB1|PP755595.1|A/cattle/Texas/24-008749-003/2024(H5N1)	1009	1731
PB1|PP755595.1|A/cattle/Texas/24-008749-003/2024(H5N1)	1010	1726
PB1|PP755595.1|A/cattle/Texas/24-008749-003/2024(H5N1)	1011	1714
PB1|PP755595.1|A/cattle/Texas/24-008749-003/2024(H5N1)	1012	1710
PB1|PP755595.1|A/cattle/Texas/24-008749-003/2024(H5N1)	1013	1710
PB1|PP755595.1|A/cattle/Texas/24-008749-003/2024(H5N1)	1014	1705
PB1|PP755595.1|A/cattle/Texas/24-008749-003/2024(H5N1)	1015	1714
PB1|PP755595.1|A/cattle/Texas/24-008749-003/2024(H5N1)	1016	1703
PB1|PP755595.1|A/cattle/Texas/24-008749-003/2024(H5N1)	1017	1693
PB1|PP755595.1|A/cattle/Texas/24-008749-003/2024(H5N1)	1018	1693
PB1|PP755595.1|A/cattle/Texas/24-008749-003/2024(H5N1)	1019	1693
PB1|PP755595.1|A/cattle/Texas/24-008749-003/2024(H5N1)	1020	1674
PB1|PP755595.1|A/cattle/Texas/24-008749-003/2024(H5N1)	1021	1765
PB1|PP755595.1|A/cattle/Texas/24-008749-003/2024(H5N1)	1022	1756
PB1|PP755595.1|A/cattle/Texas/24-008749-003/2024(H5N1)	1023	1756
PB1|PP755595.1|A/cattle/Texas/24-008749-003/2024(H5N1)	1024	1772
PB1|PP755595.1|A/cattle/Texas/24-008749-003/2024(H5N1)	1025	1772
PB1|PP755595.1|A/cattle/Texas/24-008749-003/2024(H5N1)	1026	1761
PB1|PP755595.1|A/cattle/Texas/24-008749-003/2024(H5N1)	1027	1757
PB1|PP755595.1|A/cattle/Texas/24-008749-003/2024(H5N1)	1028	1730
PB1|PP755595.1|A/cattle/Texas/24-008749-003/2024(H5N1)	1029	1718
PB1|PP755595.1|A/cattle/Texas/24-008749-003/2024(H5N1)	1030	1659
PB1|PP755595.1|A/cattle/Texas/24-008749-003/2024(H5N1)	1031	1478
PB1|PP755595.1|A/cattle/Texas/24-008749-003/2024(H5N1)	1032	1457
PB1|PP755595.1|A/cattle/Texas/24-008749-003/2024(H5N1)	1033	1434
PB1|PP755595.1|A/cattle/Texas/24-008749-003/2024(H5N1)	1034	1298
PB1|PP755595.1|A/cattle/Texas/24-008749-003/2024(H5N1)	1035	1292
PB1|PP755595.1|A/cattle/Texas/24-008749-003/2024(H5N1)	1036	1327
PB1|PP755595.1|A/cattle/Texas/24-008749-003/2024(H5N1)	1037	1324
PB1|PP755595.1|A/cattle/Texas/24-008749-003/2024(H5N1)	1038	1324
PB1|PP755595.1|A/cattle/Texas/24-008749-003/2024(H5N1)	1039	1321
PB1|PP755595.1|A/cattle/Texas/24-008749-003/2024(H5N1)	1040	1262
PB1|PP755595.1|A/cattle/Texas/24-008749-003/2024(H5N1)	1041	1261
PB1|PP755595.1|A/cattle/Texas/24-008749-003/2024(H5N1)	1042	1250
PB1|PP755595.1|A/cattle/Texas/24-008749-003/2024(H5N1)	1043	1247
PB1|PP755595.1|A/cattle/Texas/24-008749-003/2024(H5N1)	1044	1245
PB1|PP755595.1|A/cattle/Texas/24-008749-003/2024(H5N1)	1045	1209
PB1|PP755595.1|A/cattle/Texas/24-008749-003/2024(H5N1)	1046	1182
PB1|PP755595.1|A/cattle/Texas/24-008749-003/2024(H5N1)	1047	1035
PB1|PP755595.1|A/cattle/Texas/24-008749-003/2024(H5N1)	1048	1033
PB1|PP755595.1|A/cattle/Texas/24-008749-003/2024(H5N1)	1049	1033
PB1|PP755595.1|A/cattle/Texas/24-008749-003/2024(H5N1)	1050	1033
PB1|PP755595.1|A/cattle/Texas/24-008749-003/2024(H5N1)	1051	1031
PB1|PP755595.1|A/cattle/Texas/24-008749-003/2024(H5N1)	1052	1031
PB1|PP755595.1|A/cattle/Texas/24-008749-003/2024(H5N1)	1053	1016
PB1|PP755595.1|A/cattle/Texas/24-008749-003/2024(H5N1)	1054	1017
PB1|PP755595.1|A/cattle/Texas/24-008749-003/2024(H5N1)	1055	1017
PB1|PP755595.1|A/cattle/Texas/24-008749-003/2024(H5N1)	1056	1017
PB1|PP755595.1|A/cattle/Texas/24-008749-003/2024(H5N1)	1057	1180
PB1|PP755595.1|A/cattle/Texas/24-008749-003/2024(H5N1)	1058	1180
PB1|PP755595.1|A/cattle/Texas/24-008749-003/2024(H5N1)	1059	1180
PB1|PP755595.1|A/cattle/Texas/24-008749-003/2024(H5N1)	1060	1181
PB1|PP755595.1|A/cattle/Texas/24-008749-003/2024(H5N1)	1061	1182
PB1|PP755595.1|A/cattle/Texas/24-008749-003/2024(H5N1)	1062	1182
PB1|PP755595.1|A/cattle/Texas/24-008749-003/2024(H5N1)	1063	1315
PB1|PP755595.1|A/cattle/Texas/24-008749-003/2024(H5N1)	1064	1323
PB1|PP755595.1|A/cattle/Texas/24-008749-003/2024(H5N1)	1065	1323
PB1|PP755595.1|A/cattle/Texas/24-008749-003/2024(H5N1)	1066	1324
PB1|PP755595.1|A/cattle/Texas/24-008749-003/2024(H5N1)	1067	1324
PB1|PP755595.1|A/cattle/Texas/24-008749-003/2024(H5N1)	1068	1313
PB1|PP755595.1|A/cattle/Texas/24-008749-003/2024(H5N1)	1069	1239
PB1|PP755595.1|A/cattle/Texas/24-008749-003/2024(H5N1)	1070	1234
PB1|PP755595.1|A/cattle/Texas/24-008749-003/2024(H5N1)	1071	1229
PB1|PP755595.1|A/cattle/Texas/24-008749-003/2024(H5N1)	1072	1296
PB1|PP755595.1|A/cattle/Texas/24-008749-003/2024(H5N1)	1073	1298
PB1|PP755595.1|A/cattle/Texas/24-008749-003/2024(H5N1)	1074	1302
PB1|PP755595.1|A/cattle/Texas/24-008749-003/2024(H5N1)	1075	1302
PB1|PP755595.1|A/cattle/Texas/24-008749-003/2024(H5N1)	1076	1305
PB1|PP755595.1|A/cattle/Texas/24-008749-003/2024(H5N1)	1077	1298
PB1|PP755595.1|A/cattle/Texas/24-008749-003/2024(H5N1)	1078	1291
PB1|PP755595.1|A/cattle/Texas/24-008749-003/2024(H5N1)	1079	1288
PB1|PP755595.1|A/cattle/Texas/24-008749-003/2024(H5N1)	1080	1287
PB1|PP755595.1|A/cattle/Texas/24-008749-003/2024(H5N1)	1081	1293
PB1|PP755595.1|A/cattle/Texas/24-008749-003/2024(H5N1)	1082	1304
PB1|PP755595.1|A/cattle/Texas/24-008749-003/2024(H5N1)	1083	1283
PB1|PP755595.1|A/cattle/Texas/24-008749-003/2024(H5N1)	1084	1276
PB1|PP755595.1|A/cattle/Texas/24-008749-003/2024(H5N1)	1085	1269
PB1|PP755595.1|A/cattle/Texas/24-008749-003/2024(H5N1)	1086	1263
PB1|PP755595.1|A/cattle/Texas/24-008749-003/2024(H5N1)	1087	1263
PB1|PP755595.1|A/cattle/Texas/24-008749-003/2024(H5N1)	1088	1261
PB1|PP755595.1|A/cattle/Texas/24-008749-003/2024(H5N1)	1089	1260
PB1|PP755595.1|A/cattle/Texas/24-008749-003/2024(H5N1)	1090	1199
PB1|PP755595.1|A/cattle/Texas/24-008749-003/2024(H5N1)	1091	1179
PB1|PP755595.1|A/cattle/Texas/24-008749-003/2024(H5N1)	1092	1175
PB1|PP755595.1|A/cattle/Texas/24-008749-003/2024(H5N1)	1093	1213
PB1|PP755595.1|A/cattle/Texas/24-008749-003/2024(H5N1)	1094	1213
PB1|PP755595.1|A/cattle/Texas/24-008749-003/2024(H5N1)	1095	1213
PB1|PP755595.1|A/cattle/Texas/24-008749-003/2024(H5N1)	1096	1214
PB1|PP755595.1|A/cattle/Texas/24-008749-003/2024(H5N1)	1097	1259
PB1|PP755595.1|A/cattle/Texas/24-008749-003/2024(H5N1)	1098	1276
PB1|PP755595.1|A/cattle/Texas/24-008749-003/2024(H5N1)	1099	1288
PB1|PP755595.1|A/cattle/Texas/24-008749-003/2024(H5N1)	1100	1288
PB1|PP755595.1|A/cattle/Texas/24-008749-003/2024(H5N1)	1101	1288
PB1|PP755595.1|A/cattle/Texas/24-008749-003/2024(H5N1)	1102	1276
PB1|PP755595.1|A/cattle/Texas/24-008749-003/2024(H5N1)	1103	1276
PB1|PP755595.1|A/cattle/Texas/24-008749-003/2024(H5N1)	1104	1268
PB1|PP755595.1|A/cattle/Texas/24-008749-003/2024(H5N1)	1105	1268
PB1|PP755595.1|A/cattle/Texas/24-008749-003/2024(H5N1)	1106	1245
PB1|PP755595.1|A/cattle/Texas/24-008749-003/2024(H5N1)	1107	1133
PB1|PP755595.1|A/cattle/Texas/24-008749-003/2024(H5N1)	1108	1133
PB1|PP755595.1|A/cattle/Texas/24-008749-003/2024(H5N1)	1109	1133
PB1|PP755595.1|A/cattle/Texas/24-008749-003/2024(H5N1)	1110	1133
PB1|PP755595.1|A/cattle/Texas/24-008749-003/2024(H5N1)	1111	1133
PB1|PP755595.1|A/cattle/Texas/24-008749-003/2024(H5N1)	1112	1133
PB1|PP755595.1|A/cattle/Texas/24-008749-003/2024(H5N1)	1113	1133
PB1|PP755595.1|A/cattle/Texas/24-008749-003/2024(H5N1)	1114	1133
PB1|PP755595.1|A/cattle/Texas/24-008749-003/2024(H5N1)	1115	1133
PB1|PP755595.1|A/cattle/Texas/24-008749-003/2024(H5N1)	1116	1133
PB1|PP755595.1|A/cattle/Texas/24-008749-003/2024(H5N1)	1117	1133
PB1|PP755595.1|A/cattle/Texas/24-008749-003/2024(H5N1)	1118	1131
PB1|PP755595.1|A/cattle/Texas/24-008749-003/2024(H5N1)	1119	845
PB1|PP755595.1|A/cattle/Texas/24-008749-003/2024(H5N1)	1120	845
PB1|PP755595.1|A/cattle/Texas/24-008749-003/2024(H5N1)	1121	845
PB1|PP755595.1|A/cattle/Texas/24-008749-003/2024(H5N1)	1122	845
PB1|PP755595.1|A/cattle/Texas/24-008749-003/2024(H5N1)	1123	845
PB1|PP755595.1|A/cattle/Texas/24-008749-003/2024(H5N1)	1124	845
PB1|PP755595.1|A/cattle/Texas/24-008749-003/2024(H5N1)	1125	845
PB1|PP755595.1|A/cattle/Texas/24-008749-003/2024(H5N1)	1126	845
PB1|PP755595.1|A/cattle/Texas/24-008749-003/2024(H5N1)	1127	845
PB1|PP755595.1|A/cattle/Texas/24-008749-003/2024(H5N1)	1128	845
PB1|PP755595.1|A/cattle/Texas/24-008749-003/2024(H5N1)	1129	845
PB1|PP755595.1|A/cattle/Texas/24-008749-003/2024(H5N1)	1130	845
PB1|PP755595.1|A/cattle/Texas/24-008749-003/2024(H5N1)	1131	843
PB1|PP755595.1|A/cattle/Texas/24-008749-003/2024(H5N1)	1132	845
PB1|PP755595.1|A/cattle/Texas/24-008749-003/2024(H5N1)	1133	846
PB1|PP755595.1|A/cattle/Texas/24-008749-003/2024(H5N1)	1134	848
PB1|PP755595.1|A/cattle/Texas/24-008749-003/2024(H5N1)	1135	1615
PB1|PP755595.1|A/cattle/Texas/24-008749-003/2024(H5N1)	1136	1617
PB1|PP755595.1|A/cattle/Texas/24-008749-003/2024(H5N1)	1137	1623
PB1|PP755595.1|A/cattle/Texas/24-008749-003/2024(H5N1)	1138	1631
PB1|PP755595.1|A/cattle/Texas/24-008749-003/2024(H5N1)	1139	1641
PB1|PP755595.1|A/cattle/Texas/24-008749-003/2024(H5N1)	1140	1647
PB1|PP755595.1|A/cattle/Texas/24-008749-003/2024(H5N1)	1141	1648
PB1|PP755595.1|A/cattle/Texas/24-008749-003/2024(H5N1)	1142	1649
PB1|PP755595.1|A/cattle/Texas/24-008749-003/2024(H5N1)	1143	1658
PB1|PP755595.1|A/cattle/Texas/24-008749-003/2024(H5N1)	1144	1658
PB1|PP755595.1|A/cattle/Texas/24-008749-003/2024(H5N1)	1145	1667
PB1|PP755595.1|A/cattle/Texas/24-008749-003/2024(H5N1)	1146	1668
PB1|PP755595.1|A/cattle/Texas/24-008749-003/2024(H5N1)	1147	1670
PB1|PP755595.1|A/cattle/Texas/24-008749-003/2024(H5N1)	1148	1673
PB1|PP755595.1|A/cattle/Texas/24-008749-003/2024(H5N1)	1149	1676
PB1|PP755595.1|A/cattle/Texas/24-008749-003/2024(H5N1)	1150	1676
PB1|PP755595.1|A/cattle/Texas/24-008749-003/2024(H5N1)	1151	1691
PB1|PP755595.1|A/cattle/Texas/24-008749-003/2024(H5N1)	1152	1692
PB1|PP755595.1|A/cattle/Texas/24-008749-003/2024(H5N1)	1153	1698
PB1|PP755595.1|A/cattle/Texas/24-008749-003/2024(H5N1)	1154	1701
PB1|PP755595.1|A/cattle/Texas/24-008749-003/2024(H5N1)	1155	1701
PB1|PP755595.1|A/cattle/Texas/24-008749-003/2024(H5N1)	1156	1691
PB1|PP755595.1|A/cattle/Texas/24-008749-003/2024(H5N1)	1157	1640
PB1|PP755595.1|A/cattle/Texas/24-008749-003/2024(H5N1)	1158	1606
PB1|PP755595.1|A/cattle/Texas/24-008749-003/2024(H5N1)	1159	1611
PB1|PP755595.1|A/cattle/Texas/24-008749-003/2024(H5N1)	1160	1611
PB1|PP755595.1|A/cattle/Texas/24-008749-003/2024(H5N1)	1161	1611
PB1|PP755595.1|A/cattle/Texas/24-008749-003/2024(H5N1)	1162	1611
PB1|PP755595.1|A/cattle/Texas/24-008749-003/2024(H5N1)	1163	1611
PB1|PP755595.1|A/cattle/Texas/24-008749-003/2024(H5N1)	1164	1564
PB1|PP755595.1|A/cattle/Texas/24-008749-003/2024(H5N1)	1165	1563
PB1|PP755595.1|A/cattle/Texas/24-008749-003/2024(H5N1)	1166	1562
PB1|PP755595.1|A/cattle/Texas/24-008749-003/2024(H5N1)	1167	1206
PB1|PP755595.1|A/cattle/Texas/24-008749-003/2024(H5N1)	1168	1206
PB1|PP755595.1|A/cattle/Texas/24-008749-003/2024(H5N1)	1169	1206
PB1|PP755595.1|A/cattle/Texas/24-008749-003/2024(H5N1)	1170	1205
PB1|PP755595.1|A/cattle/Texas/24-008749-003/2024(H5N1)	1171	1218
PB1|PP755595.1|A/cattle/Texas/24-008749-003/2024(H5N1)	1172	1218
PB1|PP755595.1|A/cattle/Texas/24-008749-003/2024(H5N1)	1173	1218
PB1|PP755595.1|A/cattle/Texas/24-008749-003/2024(H5N1)	1174	1208
PB1|PP755595.1|A/cattle/Texas/24-008749-003/2024(H5N1)	1175	1233
PB1|PP755595.1|A/cattle/Texas/24-008749-003/2024(H5N1)	1176	1235
PB1|PP755595.1|A/cattle/Texas/24-008749-003/2024(H5N1)	1177	1235
PB1|PP755595.1|A/cattle/Texas/24-008749-003/2024(H5N1)	1178	1261
PB1|PP755595.1|A/cattle/Texas/24-008749-003/2024(H5N1)	1179	1279
PB1|PP755595.1|A/cattle/Texas/24-008749-003/2024(H5N1)	1180	1507
PB1|PP755595.1|A/cattle/Texas/24-008749-003/2024(H5N1)	1181	1522
PB1|PP755595.1|A/cattle/Texas/24-008749-003/2024(H5N1)	1182	1524
PB1|PP755595.1|A/cattle/Texas/24-008749-003/2024(H5N1)	1183	1587
PB1|PP755595.1|A/cattle/Texas/24-008749-003/2024(H5N1)	1184	1595
PB1|PP755595.1|A/cattle/Texas/24-008749-003/2024(H5N1)	1185	1621
PB1|PP755595.1|A/cattle/Texas/24-008749-003/2024(H5N1)	1186	1651
PB1|PP755595.1|A/cattle/Texas/24-008749-003/2024(H5N1)	1187	1655
PB1|PP755595.1|A/cattle/Texas/24-008749-003/2024(H5N1)	1188	1667
PB1|PP755595.1|A/cattle/Texas/24-008749-003/2024(H5N1)	1189	1676
PB1|PP755595.1|A/cattle/Texas/24-008749-003/2024(H5N1)	1190	1676
PB1|PP755595.1|A/cattle/Texas/24-008749-003/2024(H5N1)	1191	1701
PB1|PP755595.1|A/cattle/Texas/24-008749-003/2024(H5N1)	1192	1702
PB1|PP755595.1|A/cattle/Texas/24-008749-003/2024(H5N1)	1193	1703
PB1|PP755595.1|A/cattle/Texas/24-008749-003/2024(H5N1)	1194	1712
PB1|PP755595.1|A/cattle/Texas/24-008749-003/2024(H5N1)	1195	1716
PB1|PP755595.1|A/cattle/Texas/24-008749-003/2024(H5N1)	1196	1716
PB1|PP755595.1|A/cattle/Texas/24-008749-003/2024(H5N1)	1197	1716
PB1|PP755595.1|A/cattle/Texas/24-008749-003/2024(H5N1)	1198	1716
PB1|PP755595.1|A/cattle/Texas/24-008749-003/2024(H5N1)	1199	1722
PB1|PP755595.1|A/cattle/Texas/24-008749-003/2024(H5N1)	1200	1725
PB1|PP755595.1|A/cattle/Texas/24-008749-003/2024(H5N1)	1201	1859
PB1|PP755595.1|A/cattle/Texas/24-008749-003/2024(H5N1)	1202	1867
PB1|PP755595.1|A/cattle/Texas/24-008749-003/2024(H5N1)	1203	1882
PB1|PP755595.1|A/cattle/Texas/24-008749-003/2024(H5N1)	1204	1885
PB1|PP755595.1|A/cattle/Texas/24-008749-003/2024(H5N1)	1205	1933
PB1|PP755595.1|A/cattle/Texas/24-008749-003/2024(H5N1)	1206	1942
PB1|PP755595.1|A/cattle/Texas/24-008749-003/2024(H5N1)	1207	1954
PB1|PP755595.1|A/cattle/Texas/24-008749-003/2024(H5N1)	1208	1950
PB1|PP755595.1|A/cattle/Texas/24-008749-003/2024(H5N1)	1209	1821
PB1|PP755595.1|A/cattle/Texas/24-008749-003/2024(H5N1)	1210	1818
PB1|PP755595.1|A/cattle/Texas/24-008749-003/2024(H5N1)	1211	1889
PB1|PP755595.1|A/cattle/Texas/24-008749-003/2024(H5N1)	1212	1909
PB1|PP755595.1|A/cattle/Texas/24-008749-003/2024(H5N1)	1213	1922
PB1|PP755595.1|A/cattle/Texas/24-008749-003/2024(H5N1)	1214	1930
PB1|PP755595.1|A/cattle/Texas/24-008749-003/2024(H5N1)	1215	1936
PB1|PP755595.1|A/cattle/Texas/24-008749-003/2024(H5N1)	1216	1939
PB1|PP755595.1|A/cattle/Texas/24-008749-003/2024(H5N1)	1217	1951
PB1|PP755595.1|A/cattle/Texas/24-008749-003/2024(H5N1)	1218	1952
PB1|PP755595.1|A/cattle/Texas/24-008749-003/2024(H5N1)	1219	1959
PB1|PP755595.1|A/cattle/Texas/24-008749-003/2024(H5N1)	1220	1916
PB1|PP755595.1|A/cattle/Texas/24-008749-003/2024(H5N1)	1221	1930
PB1|PP755595.1|A/cattle/Texas/24-008749-003/2024(H5N1)	1222	1947
PB1|PP755595.1|A/cattle/Texas/24-008749-003/2024(H5N1)	1223	1948
PB1|PP755595.1|A/cattle/Texas/24-008749-003/2024(H5N1)	1224	1948
PB1|PP755595.1|A/cattle/Texas/24-008749-003/2024(H5N1)	1225	1942
PB1|PP755595.1|A/cattle/Texas/24-008749-003/2024(H5N1)	1226	1938
PB1|PP755595.1|A/cattle/Texas/24-008749-003/2024(H5N1)	1227	1937
PB1|PP755595.1|A/cattle/Texas/24-008749-003/2024(H5N1)	1228	1953
PB1|PP755595.1|A/cattle/Texas/24-008749-003/2024(H5N1)	1229	1962
PB1|PP755595.1|A/cattle/Texas/24-008749-003/2024(H5N1)	1230	1954
PB1|PP755595.1|A/cattle/Texas/24-008749-003/2024(H5N1)	1231	1966
PB1|PP755595.1|A/cattle/Texas/24-008749-003/2024(H5N1)	1232	1954
PB1|PP755595.1|A/cattle/Texas/24-008749-003/2024(H5N1)	1233	1976
PB1|PP755595.1|A/cattle/Texas/24-008749-003/2024(H5N1)	1234	1985
PB1|PP755595.1|A/cattle/Texas/24-008749-003/2024(H5N1)	1235	2012
PB1|PP755595.1|A/cattle/Texas/24-008749-003/2024(H5N1)	1236	2015
PB1|PP755595.1|A/cattle/Texas/24-008749-003/2024(H5N1)	1237	2004
PB1|PP755595.1|A/cattle/Texas/24-008749-003/2024(H5N1)	1238	1980
PB1|PP755595.1|A/cattle/Texas/24-008749-003/2024(H5N1)	1239	1966
PB1|PP755595.1|A/cattle/Texas/24-008749-003/2024(H5N1)	1240	1977
PB1|PP755595.1|A/cattle/Texas/24-008749-003/2024(H5N1)	1241	1974
PB1|PP755595.1|A/cattle/Texas/24-008749-003/2024(H5N1)	1242	2000
PB1|PP755595.1|A/cattle/Texas/24-008749-003/2024(H5N1)	1243	1996
PB1|PP755595.1|A/cattle/Texas/24-008749-003/2024(H5N1)	1244	1955
PB1|PP755595.1|A/cattle/Texas/24-008749-003/2024(H5N1)	1245	1954
PB1|PP755595.1|A/cattle/Texas/24-008749-003/2024(H5N1)	1246	1953
PB1|PP755595.1|A/cattle/Texas/24-008749-003/2024(H5N1)	1247	1949
PB1|PP755595.1|A/cattle/Texas/24-008749-003/2024(H5N1)	1248	1901
PB1|PP755595.1|A/cattle/Texas/24-008749-003/2024(H5N1)	1249	1880
PB1|PP755595.1|A/cattle/Texas/24-008749-003/2024(H5N1)	1250	1868
PB1|PP755595.1|A/cattle/Texas/24-008749-003/2024(H5N1)	1251	1816
PB1|PP755595.1|A/cattle/Texas/24-008749-003/2024(H5N1)	1252	1815
PB1|PP755595.1|A/cattle/Texas/24-008749-003/2024(H5N1)	1253	1815
PB1|PP755595.1|A/cattle/Texas/24-008749-003/2024(H5N1)	1254	1398
PB1|PP755595.1|A/cattle/Texas/24-008749-003/2024(H5N1)	1255	1393
PB1|PP755595.1|A/cattle/Texas/24-008749-003/2024(H5N1)	1256	1441
PB1|PP755595.1|A/cattle/Texas/24-008749-003/2024(H5N1)	1257	1441
PB1|PP755595.1|A/cattle/Texas/24-008749-003/2024(H5N1)	1258	1994
PB1|PP755595.1|A/cattle/Texas/24-008749-003/2024(H5N1)	1259	2005
PB1|PP755595.1|A/cattle/Texas/24-008749-003/2024(H5N1)	1260	2005
PB1|PP755595.1|A/cattle/Texas/24-008749-003/2024(H5N1)	1261	2010
PB1|PP755595.1|A/cattle/Texas/24-008749-003/2024(H5N1)	1262	2014
PB1|PP755595.1|A/cattle/Texas/24-008749-003/2024(H5N1)	1263	2014
PB1|PP755595.1|A/cattle/Texas/24-008749-003/2024(H5N1)	1264	2058
PB1|PP755595.1|A/cattle/Texas/24-008749-003/2024(H5N1)	1265	2049
PB1|PP755595.1|A/cattle/Texas/24-008749-003/2024(H5N1)	1266	2049
PB1|PP755595.1|A/cattle/Texas/24-008749-003/2024(H5N1)	1267	2055
PB1|PP755595.1|A/cattle/Texas/24-008749-003/2024(H5N1)	1268	2060
PB1|PP755595.1|A/cattle/Texas/24-008749-003/2024(H5N1)	1269	2075
PB1|PP755595.1|A/cattle/Texas/24-008749-003/2024(H5N1)	1270	2095
PB1|PP755595.1|A/cattle/Texas/24-008749-003/2024(H5N1)	1271	2095
PB1|PP755595.1|A/cattle/Texas/24-008749-003/2024(H5N1)	1272	2099
PB1|PP755595.1|A/cattle/Texas/24-008749-003/2024(H5N1)	1273	2099
PB1|PP755595.1|A/cattle/Texas/24-008749-003/2024(H5N1)	1274	2123
PB1|PP755595.1|A/cattle/Texas/24-008749-003/2024(H5N1)	1275	2121
PB1|PP755595.1|A/cattle/Texas/24-008749-003/2024(H5N1)	1276	2036
PB1|PP755595.1|A/cattle/Texas/24-008749-003/2024(H5N1)	1277	2027
PB1|PP755595.1|A/cattle/Texas/24-008749-003/2024(H5N1)	1278	2017
PB1|PP755595.1|A/cattle/Texas/24-008749-003/2024(H5N1)	1279	2028
PB1|PP755595.1|A/cattle/Texas/24-008749-003/2024(H5N1)	1280	2075
PB1|PP755595.1|A/cattle/Texas/24-008749-003/2024(H5N1)	1281	2057
PB1|PP755595.1|A/cattle/Texas/24-008749-003/2024(H5N1)	1282	2051
PB1|PP755595.1|A/cattle/Texas/24-008749-003/2024(H5N1)	1283	2056
PB1|PP755595.1|A/cattle/Texas/24-008749-003/2024(H5N1)	1284	2063
PB1|PP755595.1|A/cattle/Texas/24-008749-003/2024(H5N1)	1285	2064
PB1|PP755595.1|A/cattle/Texas/24-008749-003/2024(H5N1)	1286	2058
PB1|PP755595.1|A/cattle/Texas/24-008749-003/2024(H5N1)	1287	2077
PB1|PP755595.1|A/cattle/Texas/24-008749-003/2024(H5N1)	1288	2075
PB1|PP755595.1|A/cattle/Texas/24-008749-003/2024(H5N1)	1289	2068
PB1|PP755595.1|A/cattle/Texas/24-008749-003/2024(H5N1)	1290	2065
PB1|PP755595.1|A/cattle/Texas/24-008749-003/2024(H5N1)	1291	2070
PB1|PP755595.1|A/cattle/Texas/24-008749-003/2024(H5N1)	1292	2071
PB1|PP755595.1|A/cattle/Texas/24-008749-003/2024(H5N1)	1293	2093
PB1|PP755595.1|A/cattle/Texas/24-008749-003/2024(H5N1)	1294	2087
PB1|PP755595.1|A/cattle/Texas/24-008749-003/2024(H5N1)	1295	2092
PB1|PP755595.1|A/cattle/Texas/24-008749-003/2024(H5N1)	1296	2083
PB1|PP755595.1|A/cattle/Texas/24-008749-003/2024(H5N1)	1297	2082
PB1|PP755595.1|A/cattle/Texas/24-008749-003/2024(H5N1)	1298	2083
PB1|PP755595.1|A/cattle/Texas/24-008749-003/2024(H5N1)	1299	2081
PB1|PP755595.1|A/cattle/Texas/24-008749-003/2024(H5N1)	1300	2154
PB1|PP755595.1|A/cattle/Texas/24-008749-003/2024(H5N1)	1301	2198
PB1|PP755595.1|A/cattle/Texas/24-008749-003/2024(H5N1)	1302	2181
PB1|PP755595.1|A/cattle/Texas/24-008749-003/2024(H5N1)	1303	2190
PB1|PP755595.1|A/cattle/Texas/24-008749-003/2024(H5N1)	1304	2187
PB1|PP755595.1|A/cattle/Texas/24-008749-003/2024(H5N1)	1305	2195
PB1|PP755595.1|A/cattle/Texas/24-008749-003/2024(H5N1)	1306	2225
PB1|PP755595.1|A/cattle/Texas/24-008749-003/2024(H5N1)	1307	2223
PB1|PP755595.1|A/cattle/Texas/24-008749-003/2024(H5N1)	1308	2252
PB1|PP755595.1|A/cattle/Texas/24-008749-003/2024(H5N1)	1309	2187
PB1|PP755595.1|A/cattle/Texas/24-008749-003/2024(H5N1)	1310	2201
PB1|PP755595.1|A/cattle/Texas/24-008749-003/2024(H5N1)	1311	2214
PB1|PP755595.1|A/cattle/Texas/24-008749-003/2024(H5N1)	1312	2199
PB1|PP755595.1|A/cattle/Texas/24-008749-003/2024(H5N1)	1313	2220
PB1|PP755595.1|A/cattle/Texas/24-008749-003/2024(H5N1)	1314	2219
PB1|PP755595.1|A/cattle/Texas/24-008749-003/2024(H5N1)	1315	2217
PB1|PP755595.1|A/cattle/Texas/24-008749-003/2024(H5N1)	1316	2242
PB1|PP755595.1|A/cattle/Texas/24-008749-003/2024(H5N1)	1317	2217
PB1|PP755595.1|A/cattle/Texas/24-008749-003/2024(H5N1)	1318	2217
PB1|PP755595.1|A/cattle/Texas/24-008749-003/2024(H5N1)	1319	2208
PB1|PP755595.1|A/cattle/Texas/24-008749-003/2024(H5N1)	1320	2194
PB1|PP755595.1|A/cattle/Texas/24-008749-003/2024(H5N1)	1321	2243
PB1|PP755595.1|A/cattle/Texas/24-008749-003/2024(H5N1)	1322	2229
PB1|PP755595.1|A/cattle/Texas/24-008749-003/2024(H5N1)	1323	2203
PB1|PP755595.1|A/cattle/Texas/24-008749-003/2024(H5N1)	1324	2200
PB1|PP755595.1|A/cattle/Texas/24-008749-003/2024(H5N1)	1325	2195
PB1|PP755595.1|A/cattle/Texas/24-008749-003/2024(H5N1)	1326	2200
PB1|PP755595.1|A/cattle/Texas/24-008749-003/2024(H5N1)	1327	2197
PB1|PP755595.1|A/cattle/Texas/24-008749-003/2024(H5N1)	1328	2170
PB1|PP755595.1|A/cattle/Texas/24-008749-003/2024(H5N1)	1329	2152
PB1|PP755595.1|A/cattle/Texas/24-008749-003/2024(H5N1)	1330	2091
PB1|PP755595.1|A/cattle/Texas/24-008749-003/2024(H5N1)	1331	2040
PB1|PP755595.1|A/cattle/Texas/24-008749-003/2024(H5N1)	1332	2035
PB1|PP755595.1|A/cattle/Texas/24-008749-003/2024(H5N1)	1333	2033
PB1|PP755595.1|A/cattle/Texas/24-008749-003/2024(H5N1)	1334	2033
PB1|PP755595.1|A/cattle/Texas/24-008749-003/2024(H5N1)	1335	2024
PB1|PP755595.1|A/cattle/Texas/24-008749-003/2024(H5N1)	1336	1999
PB1|PP755595.1|A/cattle/Texas/24-008749-003/2024(H5N1)	1337	1978
PB1|PP755595.1|A/cattle/Texas/24-008749-003/2024(H5N1)	1338	1607
PB1|PP755595.1|A/cattle/Texas/24-008749-003/2024(H5N1)	1339	1595
PB1|PP755595.1|A/cattle/Texas/24-008749-003/2024(H5N1)	1340	1589
PB1|PP755595.1|A/cattle/Texas/24-008749-003/2024(H5N1)	1341	1563
PB1|PP755595.1|A/cattle/Texas/24-008749-003/2024(H5N1)	1342	1563
PB1|PP755595.1|A/cattle/Texas/24-008749-003/2024(H5N1)	1343	1563
PB1|PP755595.1|A/cattle/Texas/24-008749-003/2024(H5N1)	1344	1563
PB1|PP755595.1|A/cattle/Texas/24-008749-003/2024(H5N1)	1345	1581
PB1|PP755595.1|A/cattle/Texas/24-008749-003/2024(H5N1)	1346	1581
PB1|PP755595.1|A/cattle/Texas/24-008749-003/2024(H5N1)	1347	1634
PB1|PP755595.1|A/cattle/Texas/24-008749-003/2024(H5N1)	1348	1634
PB1|PP755595.1|A/cattle/Texas/24-008749-003/2024(H5N1)	1349	1634
PB1|PP755595.1|A/cattle/Texas/24-008749-003/2024(H5N1)	1350	1629
PB1|PP755595.1|A/cattle/Texas/24-008749-003/2024(H5N1)	1351	1659
PB1|PP755595.1|A/cattle/Texas/24-008749-003/2024(H5N1)	1352	1690
PB1|PP755595.1|A/cattle/Texas/24-008749-003/2024(H5N1)	1353	1690
PB1|PP755595.1|A/cattle/Texas/24-008749-003/2024(H5N1)	1354	1695
PB1|PP755595.1|A/cattle/Texas/24-008749-003/2024(H5N1)	1355	1695
PB1|PP755595.1|A/cattle/Texas/24-008749-003/2024(H5N1)	1356	1695
PB1|PP755595.1|A/cattle/Texas/24-008749-003/2024(H5N1)	1357	1699
PB1|PP755595.1|A/cattle/Texas/24-008749-003/2024(H5N1)	1358	1699
PB1|PP755595.1|A/cattle/Texas/24-008749-003/2024(H5N1)	1359	1695
PB1|PP755595.1|A/cattle/Texas/24-008749-003/2024(H5N1)	1360	1705
PB1|PP755595.1|A/cattle/Texas/24-008749-003/2024(H5N1)	1361	1704
PB1|PP755595.1|A/cattle/Texas/24-008749-003/2024(H5N1)	1362	1705
PB1|PP755595.1|A/cattle/Texas/24-008749-003/2024(H5N1)	1363	1866
PB1|PP755595.1|A/cattle/Texas/24-008749-003/2024(H5N1)	1364	1878
PB1|PP755595.1|A/cattle/Texas/24-008749-003/2024(H5N1)	1365	1897
PB1|PP755595.1|A/cattle/Texas/24-008749-003/2024(H5N1)	1366	1900
PB1|PP755595.1|A/cattle/Texas/24-008749-003/2024(H5N1)	1367	1903
PB1|PP755595.1|A/cattle/Texas/24-008749-003/2024(H5N1)	1368	1905
PB1|PP755595.1|A/cattle/Texas/24-008749-003/2024(H5N1)	1369	1907
PB1|PP755595.1|A/cattle/Texas/24-008749-003/2024(H5N1)	1370	1909
PB1|PP755595.1|A/cattle/Texas/24-008749-003/2024(H5N1)	1371	1926
PB1|PP755595.1|A/cattle/Texas/24-008749-003/2024(H5N1)	1372	1969
PB1|PP755595.1|A/cattle/Texas/24-008749-003/2024(H5N1)	1373	1978
PB1|PP755595.1|A/cattle/Texas/24-008749-003/2024(H5N1)	1374	1975
PB1|PP755595.1|A/cattle/Texas/24-008749-003/2024(H5N1)	1375	2043
PB1|PP755595.1|A/cattle/Texas/24-008749-003/2024(H5N1)	1376	2044
PB1|PP755595.1|A/cattle/Texas/24-008749-003/2024(H5N1)	1377	2046
PB1|PP755595.1|A/cattle/Texas/24-008749-003/2024(H5N1)	1378	2035
PB1|PP755595.1|A/cattle/Texas/24-008749-003/2024(H5N1)	1379	2042
PB1|PP755595.1|A/cattle/Texas/24-008749-003/2024(H5N1)	1380	2038
PB1|PP755595.1|A/cattle/Texas/24-008749-003/2024(H5N1)	1381	2040
PB1|PP755595.1|A/cattle/Texas/24-008749-003/2024(H5N1)	1382	2083
PB1|PP755595.1|A/cattle/Texas/24-008749-003/2024(H5N1)	1383	2065
PB1|PP755595.1|A/cattle/Texas/24-008749-003/2024(H5N1)	1384	2078
PB1|PP755595.1|A/cattle/Texas/24-008749-003/2024(H5N1)	1385	2079
PB1|PP755595.1|A/cattle/Texas/24-008749-003/2024(H5N1)	1386	2044
PB1|PP755595.1|A/cattle/Texas/24-008749-003/2024(H5N1)	1387	2039
PB1|PP755595.1|A/cattle/Texas/24-008749-003/2024(H5N1)	1388	2030
PB1|PP755595.1|A/cattle/Texas/24-008749-003/2024(H5N1)	1389	1809
PB1|PP755595.1|A/cattle/Texas/24-008749-003/2024(H5N1)	1390	1818
PB1|PP755595.1|A/cattle/Texas/24-008749-003/2024(H5N1)	1391	1789
PB1|PP755595.1|A/cattle/Texas/24-008749-003/2024(H5N1)	1392	1789
PB1|PP755595.1|A/cattle/Texas/24-008749-003/2024(H5N1)	1393	1791
PB1|PP755595.1|A/cattle/Texas/24-008749-003/2024(H5N1)	1394	1810
PB1|PP755595.1|A/cattle/Texas/24-008749-003/2024(H5N1)	1395	1985
PB1|PP755595.1|A/cattle/Texas/24-008749-003/2024(H5N1)	1396	2149
PB1|PP755595.1|A/cattle/Texas/24-008749-003/2024(H5N1)	1397	2151
PB1|PP755595.1|A/cattle/Texas/24-008749-003/2024(H5N1)	1398	2252
PB1|PP755595.1|A/cattle/Texas/24-008749-003/2024(H5N1)	1399	2255
PB1|PP755595.1|A/cattle/Texas/24-008749-003/2024(H5N1)	1400	2257
PB1|PP755595.1|A/cattle/Texas/24-008749-003/2024(H5N1)	1401	2221
PB1|PP755595.1|A/cattle/Texas/24-008749-003/2024(H5N1)	1402	2214
PB1|PP755595.1|A/cattle/Texas/24-008749-003/2024(H5N1)	1403	2010
PB1|PP755595.1|A/cattle/Texas/24-008749-003/2024(H5N1)	1404	1899
PB1|PP755595.1|A/cattle/Texas/24-008749-003/2024(H5N1)	1405	1899
PB1|PP755595.1|A/cattle/Texas/24-008749-003/2024(H5N1)	1406	1965
PB1|PP755595.1|A/cattle/Texas/24-008749-003/2024(H5N1)	1407	1911
PB1|PP755595.1|A/cattle/Texas/24-008749-003/2024(H5N1)	1408	1907
PB1|PP755595.1|A/cattle/Texas/24-008749-003/2024(H5N1)	1409	1955
PB1|PP755595.1|A/cattle/Texas/24-008749-003/2024(H5N1)	1410	1970
PB1|PP755595.1|A/cattle/Texas/24-008749-003/2024(H5N1)	1411	1969
PB1|PP755595.1|A/cattle/Texas/24-008749-003/2024(H5N1)	1412	1973
PB1|PP755595.1|A/cattle/Texas/24-008749-003/2024(H5N1)	1413	1961
PB1|PP755595.1|A/cattle/Texas/24-008749-003/2024(H5N1)	1414	1969
PB1|PP755595.1|A/cattle/Texas/24-008749-003/2024(H5N1)	1415	1921
PB1|PP755595.1|A/cattle/Texas/24-008749-003/2024(H5N1)	1416	1942
PB1|PP755595.1|A/cattle/Texas/24-008749-003/2024(H5N1)	1417	1945
PB1|PP755595.1|A/cattle/Texas/24-008749-003/2024(H5N1)	1418	1939
PB1|PP755595.1|A/cattle/Texas/24-008749-003/2024(H5N1)	1419	1925
PB1|PP755595.1|A/cattle/Texas/24-008749-003/2024(H5N1)	1420	1926
PB1|PP755595.1|A/cattle/Texas/24-008749-003/2024(H5N1)	1421	1984
PB1|PP755595.1|A/cattle/Texas/24-008749-003/2024(H5N1)	1422	1988
PB1|PP755595.1|A/cattle/Texas/24-008749-003/2024(H5N1)	1423	2077
PB1|PP755595.1|A/cattle/Texas/24-008749-003/2024(H5N1)	1424	2095
PB1|PP755595.1|A/cattle/Texas/24-008749-003/2024(H5N1)	1425	2077
PB1|PP755595.1|A/cattle/Texas/24-008749-003/2024(H5N1)	1426	2080
PB1|PP755595.1|A/cattle/Texas/24-008749-003/2024(H5N1)	1427	2099
PB1|PP755595.1|A/cattle/Texas/24-008749-003/2024(H5N1)	1428	2100
PB1|PP755595.1|A/cattle/Texas/24-008749-003/2024(H5N1)	1429	2123
PB1|PP755595.1|A/cattle/Texas/24-008749-003/2024(H5N1)	1430	2063
PB1|PP755595.1|A/cattle/Texas/24-008749-003/2024(H5N1)	1431	2069
PB1|PP755595.1|A/cattle/Texas/24-008749-003/2024(H5N1)	1432	2069
PB1|PP755595.1|A/cattle/Texas/24-008749-003/2024(H5N1)	1433	2075
PB1|PP755595.1|A/cattle/Texas/24-008749-003/2024(H5N1)	1434	2065
PB1|PP755595.1|A/cattle/Texas/24-008749-003/2024(H5N1)	1435	2095
PB1|PP755595.1|A/cattle/Texas/24-008749-003/2024(H5N1)	1436	2098
PB1|PP755595.1|A/cattle/Texas/24-008749-003/2024(H5N1)	1437	2099
PB1|PP755595.1|A/cattle/Texas/24-008749-003/2024(H5N1)	1438	2089
PB1|PP755595.1|A/cattle/Texas/24-008749-003/2024(H5N1)	1439	2087
PB1|PP755595.1|A/cattle/Texas/24-008749-003/2024(H5N1)	1440	2091
PB1|PP755595.1|A/cattle/Texas/24-008749-003/2024(H5N1)	1441	2102
PB1|PP755595.1|A/cattle/Texas/24-008749-003/2024(H5N1)	1442	2103
PB1|PP755595.1|A/cattle/Texas/24-008749-003/2024(H5N1)	1443	2153
PB1|PP755595.1|A/cattle/Texas/24-008749-003/2024(H5N1)	1444	2169
PB1|PP755595.1|A/cattle/Texas/24-008749-003/2024(H5N1)	1445	2170
PB1|PP755595.1|A/cattle/Texas/24-008749-003/2024(H5N1)	1446	2205
PB1|PP755595.1|A/cattle/Texas/24-008749-003/2024(H5N1)	1447	2220
PB1|PP755595.1|A/cattle/Texas/24-008749-003/2024(H5N1)	1448	2257
PB1|PP755595.1|A/cattle/Texas/24-008749-003/2024(H5N1)	1449	2259
PB1|PP755595.1|A/cattle/Texas/24-008749-003/2024(H5N1)	1450	2259
PB1|PP755595.1|A/cattle/Texas/24-008749-003/2024(H5N1)	1451	2209
PB1|PP755595.1|A/cattle/Texas/24-008749-003/2024(H5N1)	1452	2165
PB1|PP755595.1|A/cattle/Texas/24-008749-003/2024(H5N1)	1453	2177
PB1|PP755595.1|A/cattle/Texas/24-008749-003/2024(H5N1)	1454	2171
PB1|PP755595.1|A/cattle/Texas/24-008749-003/2024(H5N1)	1455	2167
PB1|PP755595.1|A/cattle/Texas/24-008749-003/2024(H5N1)	1456	2156
PB1|PP755595.1|A/cattle/Texas/24-008749-003/2024(H5N1)	1457	2140
PB1|PP755595.1|A/cattle/Texas/24-008749-003/2024(H5N1)	1458	2166
PB1|PP755595.1|A/cattle/Texas/24-008749-003/2024(H5N1)	1459	2161
PB1|PP755595.1|A/cattle/Texas/24-008749-003/2024(H5N1)	1460	2148
PB1|PP755595.1|A/cattle/Texas/24-008749-003/2024(H5N1)	1461	2138
PB1|PP755595.1|A/cattle/Texas/24-008749-003/2024(H5N1)	1462	2139
PB1|PP755595.1|A/cattle/Texas/24-008749-003/2024(H5N1)	1463	2167
PB1|PP755595.1|A/cattle/Texas/24-008749-003/2024(H5N1)	1464	2160
PB1|PP755595.1|A/cattle/Texas/24-008749-003/2024(H5N1)	1465	2200
PB1|PP755595.1|A/cattle/Texas/24-008749-003/2024(H5N1)	1466	2204
PB1|PP755595.1|A/cattle/Texas/24-008749-003/2024(H5N1)	1467	2191
PB1|PP755595.1|A/cattle/Texas/24-008749-003/2024(H5N1)	1468	2197
PB1|PP755595.1|A/cattle/Texas/24-008749-003/2024(H5N1)	1469	2188
PB1|PP755595.1|A/cattle/Texas/24-008749-003/2024(H5N1)	1470	2184
PB1|PP755595.1|A/cattle/Texas/24-008749-003/2024(H5N1)	1471	2186
PB1|PP755595.1|A/cattle/Texas/24-008749-003/2024(H5N1)	1472	2154
PB1|PP755595.1|A/cattle/Texas/24-008749-003/2024(H5N1)	1473	2153
PB1|PP755595.1|A/cattle/Texas/24-008749-003/2024(H5N1)	1474	2192
PB1|PP755595.1|A/cattle/Texas/24-008749-003/2024(H5N1)	1475	2187
PB1|PP755595.1|A/cattle/Texas/24-008749-003/2024(H5N1)	1476	2189
PB1|PP755595.1|A/cattle/Texas/24-008749-003/2024(H5N1)	1477	2184
PB1|PP755595.1|A/cattle/Texas/24-008749-003/2024(H5N1)	1478	2218
PB1|PP755595.1|A/cattle/Texas/24-008749-003/2024(H5N1)	1479	2219
PB1|PP755595.1|A/cattle/Texas/24-008749-003/2024(H5N1)	1480	2224
PB1|PP755595.1|A/cattle/Texas/24-008749-003/2024(H5N1)	1481	2223
PB1|PP755595.1|A/cattle/Texas/24-008749-003/2024(H5N1)	1482	2226
PB1|PP755595.1|A/cattle/Texas/24-008749-003/2024(H5N1)	1483	2224
PB1|PP755595.1|A/cattle/Texas/24-008749-003/2024(H5N1)	1484	2224
PB1|PP755595.1|A/cattle/Texas/24-008749-003/2024(H5N1)	1485	2222
PB1|PP755595.1|A/cattle/Texas/24-008749-003/2024(H5N1)	1486	2238
PB1|PP755595.1|A/cattle/Texas/24-008749-003/2024(H5N1)	1487	2233
PB1|PP755595.1|A/cattle/Texas/24-008749-003/2024(H5N1)	1488	2254
PB1|PP755595.1|A/cattle/Texas/24-008749-003/2024(H5N1)	1489	2254
PB1|PP755595.1|A/cattle/Texas/24-008749-003/2024(H5N1)	1490	2254
PB1|PP755595.1|A/cattle/Texas/24-008749-003/2024(H5N1)	1491	2265
PB1|PP755595.1|A/cattle/Texas/24-008749-003/2024(H5N1)	1492	2267
PB1|PP755595.1|A/cattle/Texas/24-008749-003/2024(H5N1)	1493	2281
PB1|PP755595.1|A/cattle/Texas/24-008749-003/2024(H5N1)	1494	2271
PB1|PP755595.1|A/cattle/Texas/24-008749-003/2024(H5N1)	1495	2288
PB1|PP755595.1|A/cattle/Texas/24-008749-003/2024(H5N1)	1496	2299
PB1|PP755595.1|A/cattle/Texas/24-008749-003/2024(H5N1)	1497	2299
PB1|PP755595.1|A/cattle/Texas/24-008749-003/2024(H5N1)	1498	2254
PB1|PP755595.1|A/cattle/Texas/24-008749-003/2024(H5N1)	1499	2294
PB1|PP755595.1|A/cattle/Texas/24-008749-003/2024(H5N1)	1500	2300
PB1|PP755595.1|A/cattle/Texas/24-008749-003/2024(H5N1)	1501	2299
PB1|PP755595.1|A/cattle/Texas/24-008749-003/2024(H5N1)	1502	2265
PB1|PP755595.1|A/cattle/Texas/24-008749-003/2024(H5N1)	1503	2236
PB1|PP755595.1|A/cattle/Texas/24-008749-003/2024(H5N1)	1504	2233
PB1|PP755595.1|A/cattle/Texas/24-008749-003/2024(H5N1)	1505	2226
PB1|PP755595.1|A/cattle/Texas/24-008749-003/2024(H5N1)	1506	2171
PB1|PP755595.1|A/cattle/Texas/24-008749-003/2024(H5N1)	1507	2182
PB1|PP755595.1|A/cattle/Texas/24-008749-003/2024(H5N1)	1508	2171
PB1|PP755595.1|A/cattle/Texas/24-008749-003/2024(H5N1)	1509	2169
PB1|PP755595.1|A/cattle/Texas/24-008749-003/2024(H5N1)	1510	2183
PB1|PP755595.1|A/cattle/Texas/24-008749-003/2024(H5N1)	1511	2187
PB1|PP755595.1|A/cattle/Texas/24-008749-003/2024(H5N1)	1512	2264
PB1|PP755595.1|A/cattle/Texas/24-008749-003/2024(H5N1)	1513	2298
PB1|PP755595.1|A/cattle/Texas/24-008749-003/2024(H5N1)	1514	2303
PB1|PP755595.1|A/cattle/Texas/24-008749-003/2024(H5N1)	1515	2303
PB1|PP755595.1|A/cattle/Texas/24-008749-003/2024(H5N1)	1516	2303
PB1|PP755595.1|A/cattle/Texas/24-008749-003/2024(H5N1)	1517	2355
PB1|PP755595.1|A/cattle/Texas/24-008749-003/2024(H5N1)	1518	2403
PB1|PP755595.1|A/cattle/Texas/24-008749-003/2024(H5N1)	1519	2403
PB1|PP755595.1|A/cattle/Texas/24-008749-003/2024(H5N1)	1520	2401
PB1|PP755595.1|A/cattle/Texas/24-008749-003/2024(H5N1)	1521	2351
PB1|PP755595.1|A/cattle/Texas/24-008749-003/2024(H5N1)	1522	2416
PB1|PP755595.1|A/cattle/Texas/24-008749-003/2024(H5N1)	1523	2392
PB1|PP755595.1|A/cattle/Texas/24-008749-003/2024(H5N1)	1524	2374
PB1|PP755595.1|A/cattle/Texas/24-008749-003/2024(H5N1)	1525	2412
PB1|PP755595.1|A/cattle/Texas/24-008749-003/2024(H5N1)	1526	2370
PB1|PP755595.1|A/cattle/Texas/24-008749-003/2024(H5N1)	1527	2414
PB1|PP755595.1|A/cattle/Texas/24-008749-003/2024(H5N1)	1528	2439
PB1|PP755595.1|A/cattle/Texas/24-008749-003/2024(H5N1)	1529	2447
PB1|PP755595.1|A/cattle/Texas/24-008749-003/2024(H5N1)	1530	2447
PB1|PP755595.1|A/cattle/Texas/24-008749-003/2024(H5N1)	1531	2377
PB1|PP755595.1|A/cattle/Texas/24-008749-003/2024(H5N1)	1532	2455
PB1|PP755595.1|A/cattle/Texas/24-008749-003/2024(H5N1)	1533	2407
PB1|PP755595.1|A/cattle/Texas/24-008749-003/2024(H5N1)	1534	2403
PB1|PP755595.1|A/cattle/Texas/24-008749-003/2024(H5N1)	1535	2403
PB1|PP755595.1|A/cattle/Texas/24-008749-003/2024(H5N1)	1536	2374
PB1|PP755595.1|A/cattle/Texas/24-008749-003/2024(H5N1)	1537	2374
PB1|PP755595.1|A/cattle/Texas/24-008749-003/2024(H5N1)	1538	2356
PB1|PP755595.1|A/cattle/Texas/24-008749-003/2024(H5N1)	1539	2383
PB1|PP755595.1|A/cattle/Texas/24-008749-003/2024(H5N1)	1540	2353
PB1|PP755595.1|A/cattle/Texas/24-008749-003/2024(H5N1)	1541	2350
PB1|PP755595.1|A/cattle/Texas/24-008749-003/2024(H5N1)	1542	2352
PB1|PP755595.1|A/cattle/Texas/24-008749-003/2024(H5N1)	1543	2359
PB1|PP755595.1|A/cattle/Texas/24-008749-003/2024(H5N1)	1544	2189
PB1|PP755595.1|A/cattle/Texas/24-008749-003/2024(H5N1)	1545	2170
PB1|PP755595.1|A/cattle/Texas/24-008749-003/2024(H5N1)	1546	2168
PB1|PP755595.1|A/cattle/Texas/24-008749-003/2024(H5N1)	1547	2174
PB1|PP755595.1|A/cattle/Texas/24-008749-003/2024(H5N1)	1548	2184
PB1|PP755595.1|A/cattle/Texas/24-008749-003/2024(H5N1)	1549	2151
PB1|PP755595.1|A/cattle/Texas/24-008749-003/2024(H5N1)	1550	2149
PB1|PP755595.1|A/cattle/Texas/24-008749-003/2024(H5N1)	1551	2170
PB1|PP755595.1|A/cattle/Texas/24-008749-003/2024(H5N1)	1552	2165
PB1|PP755595.1|A/cattle/Texas/24-008749-003/2024(H5N1)	1553	2169
PB1|PP755595.1|A/cattle/Texas/24-008749-003/2024(H5N1)	1554	2167
PB1|PP755595.1|A/cattle/Texas/24-008749-003/2024(H5N1)	1555	2170
PB1|PP755595.1|A/cattle/Texas/24-008749-003/2024(H5N1)	1556	2179
PB1|PP755595.1|A/cattle/Texas/24-008749-003/2024(H5N1)	1557	2115
PB1|PP755595.1|A/cattle/Texas/24-008749-003/2024(H5N1)	1558	2106
PB1|PP755595.1|A/cattle/Texas/24-008749-003/2024(H5N1)	1559	2056
PB1|PP755595.1|A/cattle/Texas/24-008749-003/2024(H5N1)	1560	2032
PB1|PP755595.1|A/cattle/Texas/24-008749-003/2024(H5N1)	1561	2053
PB1|PP755595.1|A/cattle/Texas/24-008749-003/2024(H5N1)	1562	2058
PB1|PP755595.1|A/cattle/Texas/24-008749-003/2024(H5N1)	1563	2077
PB1|PP755595.1|A/cattle/Texas/24-008749-003/2024(H5N1)	1564	2134
PB1|PP755595.1|A/cattle/Texas/24-008749-003/2024(H5N1)	1565	2138
PB1|PP755595.1|A/cattle/Texas/24-008749-003/2024(H5N1)	1566	2138
PB1|PP755595.1|A/cattle/Texas/24-008749-003/2024(H5N1)	1567	2141
PB1|PP755595.1|A/cattle/Texas/24-008749-003/2024(H5N1)	1568	2134
PB1|PP755595.1|A/cattle/Texas/24-008749-003/2024(H5N1)	1569	2142
PB1|PP755595.1|A/cattle/Texas/24-008749-003/2024(H5N1)	1570	2103
PB1|PP755595.1|A/cattle/Texas/24-008749-003/2024(H5N1)	1571	2130
PB1|PP755595.1|A/cattle/Texas/24-008749-003/2024(H5N1)	1572	2078
PB1|PP755595.1|A/cattle/Texas/24-008749-003/2024(H5N1)	1573	2051
PB1|PP755595.1|A/cattle/Texas/24-008749-003/2024(H5N1)	1574	2048
PB1|PP755595.1|A/cattle/Texas/24-008749-003/2024(H5N1)	1575	2031
PB1|PP755595.1|A/cattle/Texas/24-008749-003/2024(H5N1)	1576	2027
PB1|PP755595.1|A/cattle/Texas/24-008749-003/2024(H5N1)	1577	2024
PB1|PP755595.1|A/cattle/Texas/24-008749-003/2024(H5N1)	1578	1995
PB1|PP755595.1|A/cattle/Texas/24-008749-003/2024(H5N1)	1579	1995
PB1|PP755595.1|A/cattle/Texas/24-008749-003/2024(H5N1)	1580	1970
PB1|PP755595.1|A/cattle/Texas/24-008749-003/2024(H5N1)	1581	1969
PB1|PP755595.1|A/cattle/Texas/24-008749-003/2024(H5N1)	1582	2020
PB1|PP755595.1|A/cattle/Texas/24-008749-003/2024(H5N1)	1583	2048
PB1|PP755595.1|A/cattle/Texas/24-008749-003/2024(H5N1)	1584	2045
PB1|PP755595.1|A/cattle/Texas/24-008749-003/2024(H5N1)	1585	2104
PB1|PP755595.1|A/cattle/Texas/24-008749-003/2024(H5N1)	1586	2151
PB1|PP755595.1|A/cattle/Texas/24-008749-003/2024(H5N1)	1587	2153
PB1|PP755595.1|A/cattle/Texas/24-008749-003/2024(H5N1)	1588	2160
PB1|PP755595.1|A/cattle/Texas/24-008749-003/2024(H5N1)	1589	2159
PB1|PP755595.1|A/cattle/Texas/24-008749-003/2024(H5N1)	1590	2158
PB1|PP755595.1|A/cattle/Texas/24-008749-003/2024(H5N1)	1591	2159
PB1|PP755595.1|A/cattle/Texas/24-008749-003/2024(H5N1)	1592	2138
PB1|PP755595.1|A/cattle/Texas/24-008749-003/2024(H5N1)	1593	2144
PB1|PP755595.1|A/cattle/Texas/24-008749-003/2024(H5N1)	1594	2107
PB1|PP755595.1|A/cattle/Texas/24-008749-003/2024(H5N1)	1595	2108
PB1|PP755595.1|A/cattle/Texas/24-008749-003/2024(H5N1)	1596	2107
PB1|PP755595.1|A/cattle/Texas/24-008749-003/2024(H5N1)	1597	2068
PB1|PP755595.1|A/cattle/Texas/24-008749-003/2024(H5N1)	1598	2060
PB1|PP755595.1|A/cattle/Texas/24-008749-003/2024(H5N1)	1599	2111
PB1|PP755595.1|A/cattle/Texas/24-008749-003/2024(H5N1)	1600	2117
PB1|PP755595.1|A/cattle/Texas/24-008749-003/2024(H5N1)	1601	2116
PB1|PP755595.1|A/cattle/Texas/24-008749-003/2024(H5N1)	1602	2096
PB1|PP755595.1|A/cattle/Texas/24-008749-003/2024(H5N1)	1603	2091
PB1|PP755595.1|A/cattle/Texas/24-008749-003/2024(H5N1)	1604	2079
PB1|PP755595.1|A/cattle/Texas/24-008749-003/2024(H5N1)	1605	2070
PB1|PP755595.1|A/cattle/Texas/24-008749-003/2024(H5N1)	1606	2100
PB1|PP755595.1|A/cattle/Texas/24-008749-003/2024(H5N1)	1607	2110
PB1|PP755595.1|A/cattle/Texas/24-008749-003/2024(H5N1)	1608	2083
PB1|PP755595.1|A/cattle/Texas/24-008749-003/2024(H5N1)	1609	2082
PB1|PP755595.1|A/cattle/Texas/24-008749-003/2024(H5N1)	1610	2081
PB1|PP755595.1|A/cattle/Texas/24-008749-003/2024(H5N1)	1611	2067
PB1|PP755595.1|A/cattle/Texas/24-008749-003/2024(H5N1)	1612	2067
PB1|PP755595.1|A/cattle/Texas/24-008749-003/2024(H5N1)	1613	2064
PB1|PP755595.1|A/cattle/Texas/24-008749-003/2024(H5N1)	1614	2038
PB1|PP755595.1|A/cattle/Texas/24-008749-003/2024(H5N1)	1615	2109
PB1|PP755595.1|A/cattle/Texas/24-008749-003/2024(H5N1)	1616	2076
PB1|PP755595.1|A/cattle/Texas/24-008749-003/2024(H5N1)	1617	2071
PB1|PP755595.1|A/cattle/Texas/24-008749-003/2024(H5N1)	1618	2073
PB1|PP755595.1|A/cattle/Texas/24-008749-003/2024(H5N1)	1619	2073
PB1|PP755595.1|A/cattle/Texas/24-008749-003/2024(H5N1)	1620	2116
PB1|PP755595.1|A/cattle/Texas/24-008749-003/2024(H5N1)	1621	2116
PB1|PP755595.1|A/cattle/Texas/24-008749-003/2024(H5N1)	1622	2088
PB1|PP755595.1|A/cattle/Texas/24-008749-003/2024(H5N1)	1623	2031
PB1|PP755595.1|A/cattle/Texas/24-008749-003/2024(H5N1)	1624	2034
PB1|PP755595.1|A/cattle/Texas/24-008749-003/2024(H5N1)	1625	2074
PB1|PP755595.1|A/cattle/Texas/24-008749-003/2024(H5N1)	1626	2074
PB1|PP755595.1|A/cattle/Texas/24-008749-003/2024(H5N1)	1627	2067
PB1|PP755595.1|A/cattle/Texas/24-008749-003/2024(H5N1)	1628	2068
PB1|PP755595.1|A/cattle/Texas/24-008749-003/2024(H5N1)	1629	2002
PB1|PP755595.1|A/cattle/Texas/24-008749-003/2024(H5N1)	1630	1999
PB1|PP755595.1|A/cattle/Texas/24-008749-003/2024(H5N1)	1631	1969
PB1|PP755595.1|A/cattle/Texas/24-008749-003/2024(H5N1)	1632	1954
PB1|PP755595.1|A/cattle/Texas/24-008749-003/2024(H5N1)	1633	1951
PB1|PP755595.1|A/cattle/Texas/24-008749-003/2024(H5N1)	1634	1948
PB1|PP755595.1|A/cattle/Texas/24-008749-003/2024(H5N1)	1635	1948
PB1|PP755595.1|A/cattle/Texas/24-008749-003/2024(H5N1)	1636	1948
PB1|PP755595.1|A/cattle/Texas/24-008749-003/2024(H5N1)	1637	1932
PB1|PP755595.1|A/cattle/Texas/24-008749-003/2024(H5N1)	1638	1930
PB1|PP755595.1|A/cattle/Texas/24-008749-003/2024(H5N1)	1639	1901
PB1|PP755595.1|A/cattle/Texas/24-008749-003/2024(H5N1)	1640	1896
PB1|PP755595.1|A/cattle/Texas/24-008749-003/2024(H5N1)	1641	1763
PB1|PP755595.1|A/cattle/Texas/24-008749-003/2024(H5N1)	1642	1741
PB1|PP755595.1|A/cattle/Texas/24-008749-003/2024(H5N1)	1643	1740
PB1|PP755595.1|A/cattle/Texas/24-008749-003/2024(H5N1)	1644	1740
PB1|PP755595.1|A/cattle/Texas/24-008749-003/2024(H5N1)	1645	1739
PB1|PP755595.1|A/cattle/Texas/24-008749-003/2024(H5N1)	1646	1739
PB1|PP755595.1|A/cattle/Texas/24-008749-003/2024(H5N1)	1647	1728
PB1|PP755595.1|A/cattle/Texas/24-008749-003/2024(H5N1)	1648	1949
PB1|PP755595.1|A/cattle/Texas/24-008749-003/2024(H5N1)	1649	1949
PB1|PP755595.1|A/cattle/Texas/24-008749-003/2024(H5N1)	1650	1985
PB1|PP755595.1|A/cattle/Texas/24-008749-003/2024(H5N1)	1651	1993
PB1|PP755595.1|A/cattle/Texas/24-008749-003/2024(H5N1)	1652	1993
PB1|PP755595.1|A/cattle/Texas/24-008749-003/2024(H5N1)	1653	1998
PB1|PP755595.1|A/cattle/Texas/24-008749-003/2024(H5N1)	1654	1985
PB1|PP755595.1|A/cattle/Texas/24-008749-003/2024(H5N1)	1655	1984
PB1|PP755595.1|A/cattle/Texas/24-008749-003/2024(H5N1)	1656	1983
PB1|PP755595.1|A/cattle/Texas/24-008749-003/2024(H5N1)	1657	1979
PB1|PP755595.1|A/cattle/Texas/24-008749-003/2024(H5N1)	1658	1967
PB1|PP755595.1|A/cattle/Texas/24-008749-003/2024(H5N1)	1659	1949
PB1|PP755595.1|A/cattle/Texas/24-008749-003/2024(H5N1)	1660	1980
PB1|PP755595.1|A/cattle/Texas/24-008749-003/2024(H5N1)	1661	1979
PB1|PP755595.1|A/cattle/Texas/24-008749-003/2024(H5N1)	1662	1978
PB1|PP755595.1|A/cattle/Texas/24-008749-003/2024(H5N1)	1663	1905
PB1|PP755595.1|A/cattle/Texas/24-008749-003/2024(H5N1)	1664	1905
PB1|PP755595.1|A/cattle/Texas/24-008749-003/2024(H5N1)	1665	1901
PB1|PP755595.1|A/cattle/Texas/24-008749-003/2024(H5N1)	1666	1899
PB1|PP755595.1|A/cattle/Texas/24-008749-003/2024(H5N1)	1667	1897
PB1|PP755595.1|A/cattle/Texas/24-008749-003/2024(H5N1)	1668	1844
PB1|PP755595.1|A/cattle/Texas/24-008749-003/2024(H5N1)	1669	1793
PB1|PP755595.1|A/cattle/Texas/24-008749-003/2024(H5N1)	1670	1793
PB1|PP755595.1|A/cattle/Texas/24-008749-003/2024(H5N1)	1671	1792
PB1|PP755595.1|A/cattle/Texas/24-008749-003/2024(H5N1)	1672	1792
PB1|PP755595.1|A/cattle/Texas/24-008749-003/2024(H5N1)	1673	1718
PB1|PP755595.1|A/cattle/Texas/24-008749-003/2024(H5N1)	1674	1610
PB1|PP755595.1|A/cattle/Texas/24-008749-003/2024(H5N1)	1675	1610
PB1|PP755595.1|A/cattle/Texas/24-008749-003/2024(H5N1)	1676	1594
PB1|PP755595.1|A/cattle/Texas/24-008749-003/2024(H5N1)	1677	1558
PB1|PP755595.1|A/cattle/Texas/24-008749-003/2024(H5N1)	1678	1931
PB1|PP755595.1|A/cattle/Texas/24-008749-003/2024(H5N1)	1679	1931
PB1|PP755595.1|A/cattle/Texas/24-008749-003/2024(H5N1)	1680	1912
PB1|PP755595.1|A/cattle/Texas/24-008749-003/2024(H5N1)	1681	1908
PB1|PP755595.1|A/cattle/Texas/24-008749-003/2024(H5N1)	1682	1904
PB1|PP755595.1|A/cattle/Texas/24-008749-003/2024(H5N1)	1683	1843
PB1|PP755595.1|A/cattle/Texas/24-008749-003/2024(H5N1)	1684	1966
PB1|PP755595.1|A/cattle/Texas/24-008749-003/2024(H5N1)	1685	1969
PB1|PP755595.1|A/cattle/Texas/24-008749-003/2024(H5N1)	1686	1969
PB1|PP755595.1|A/cattle/Texas/24-008749-003/2024(H5N1)	1687	1968
PB1|PP755595.1|A/cattle/Texas/24-008749-003/2024(H5N1)	1688	1968
PB1|PP755595.1|A/cattle/Texas/24-008749-003/2024(H5N1)	1689	1935
PB1|PP755595.1|A/cattle/Texas/24-008749-003/2024(H5N1)	1690	1932
PB1|PP755595.1|A/cattle/Texas/24-008749-003/2024(H5N1)	1691	1928
PB1|PP755595.1|A/cattle/Texas/24-008749-003/2024(H5N1)	1692	1840
PB1|PP755595.1|A/cattle/Texas/24-008749-003/2024(H5N1)	1693	1840
PB1|PP755595.1|A/cattle/Texas/24-008749-003/2024(H5N1)	1694	1835
PB1|PP755595.1|A/cattle/Texas/24-008749-003/2024(H5N1)	1695	1834
PB1|PP755595.1|A/cattle/Texas/24-008749-003/2024(H5N1)	1696	1938
PB1|PP755595.1|A/cattle/Texas/24-008749-003/2024(H5N1)	1697	1944
PB1|PP755595.1|A/cattle/Texas/24-008749-003/2024(H5N1)	1698	1946
PB1|PP755595.1|A/cattle/Texas/24-008749-003/2024(H5N1)	1699	1944
PB1|PP755595.1|A/cattle/Texas/24-008749-003/2024(H5N1)	1700	1880
PB1|PP755595.1|A/cattle/Texas/24-008749-003/2024(H5N1)	1701	1886
PB1|PP755595.1|A/cattle/Texas/24-008749-003/2024(H5N1)	1702	1869
PB1|PP755595.1|A/cattle/Texas/24-008749-003/2024(H5N1)	1703	1880
PB1|PP755595.1|A/cattle/Texas/24-008749-003/2024(H5N1)	1704	1877
PB1|PP755595.1|A/cattle/Texas/24-008749-003/2024(H5N1)	1705	1875
PB1|PP755595.1|A/cattle/Texas/24-008749-003/2024(H5N1)	1706	1867
PB1|PP755595.1|A/cattle/Texas/24-008749-003/2024(H5N1)	1707	1863
PB1|PP755595.1|A/cattle/Texas/24-008749-003/2024(H5N1)	1708	1857
PB1|PP755595.1|A/cattle/Texas/24-008749-003/2024(H5N1)	1709	1839
PB1|PP755595.1|A/cattle/Texas/24-008749-003/2024(H5N1)	1710	1827
PB1|PP755595.1|A/cattle/Texas/24-008749-003/2024(H5N1)	1711	1834
PB1|PP755595.1|A/cattle/Texas/24-008749-003/2024(H5N1)	1712	1812
PB1|PP755595.1|A/cattle/Texas/24-008749-003/2024(H5N1)	1713	1815
PB1|PP755595.1|A/cattle/Texas/24-008749-003/2024(H5N1)	1714	1783
PB1|PP755595.1|A/cattle/Texas/24-008749-003/2024(H5N1)	1715	1763
PB1|PP755595.1|A/cattle/Texas/24-008749-003/2024(H5N1)	1716	1760
PB1|PP755595.1|A/cattle/Texas/24-008749-003/2024(H5N1)	1717	1814
PB1|PP755595.1|A/cattle/Texas/24-008749-003/2024(H5N1)	1718	1820
PB1|PP755595.1|A/cattle/Texas/24-008749-003/2024(H5N1)	1719	1820
PB1|PP755595.1|A/cattle/Texas/24-008749-003/2024(H5N1)	1720	1818
PB1|PP755595.1|A/cattle/Texas/24-008749-003/2024(H5N1)	1721	1822
PB1|PP755595.1|A/cattle/Texas/24-008749-003/2024(H5N1)	1722	1810
PB1|PP755595.1|A/cattle/Texas/24-008749-003/2024(H5N1)	1723	1810
PB1|PP755595.1|A/cattle/Texas/24-008749-003/2024(H5N1)	1724	1804
PB1|PP755595.1|A/cattle/Texas/24-008749-003/2024(H5N1)	1725	1801
PB1|PP755595.1|A/cattle/Texas/24-008749-003/2024(H5N1)	1726	1763
PB1|PP755595.1|A/cattle/Texas/24-008749-003/2024(H5N1)	1727	1751
PB1|PP755595.1|A/cattle/Texas/24-008749-003/2024(H5N1)	1728	1748
PB1|PP755595.1|A/cattle/Texas/24-008749-003/2024(H5N1)	1729	1746
PB1|PP755595.1|A/cattle/Texas/24-008749-003/2024(H5N1)	1730	1743
PB1|PP755595.1|A/cattle/Texas/24-008749-003/2024(H5N1)	1731	1458
PB1|PP755595.1|A/cattle/Texas/24-008749-003/2024(H5N1)	1732	1451
PB1|PP755595.1|A/cattle/Texas/24-008749-003/2024(H5N1)	1733	1444
PB1|PP755595.1|A/cattle/Texas/24-008749-003/2024(H5N1)	1734	1423
PB1|PP755595.1|A/cattle/Texas/24-008749-003/2024(H5N1)	1735	1367
PB1|PP755595.1|A/cattle/Texas/24-008749-003/2024(H5N1)	1736	1367
PB1|PP755595.1|A/cattle/Texas/24-008749-003/2024(H5N1)	1737	1354
PB1|PP755595.1|A/cattle/Texas/24-008749-003/2024(H5N1)	1738	1559
PB1|PP755595.1|A/cattle/Texas/24-008749-003/2024(H5N1)	1739	1561
PB1|PP755595.1|A/cattle/Texas/24-008749-003/2024(H5N1)	1740	1561
PB1|PP755595.1|A/cattle/Texas/24-008749-003/2024(H5N1)	1741	1561
PB1|PP755595.1|A/cattle/Texas/24-008749-003/2024(H5N1)	1742	1561
PB1|PP755595.1|A/cattle/Texas/24-008749-003/2024(H5N1)	1743	1561
PB1|PP755595.1|A/cattle/Texas/24-008749-003/2024(H5N1)	1744	1561
PB1|PP755595.1|A/cattle/Texas/24-008749-003/2024(H5N1)	1745	1561
PB1|PP755595.1|A/cattle/Texas/24-008749-003/2024(H5N1)	1746	1561
PB1|PP755595.1|A/cattle/Texas/24-008749-003/2024(H5N1)	1747	1562
PB1|PP755595.1|A/cattle/Texas/24-008749-003/2024(H5N1)	1748	1562
PB1|PP755595.1|A/cattle/Texas/24-008749-003/2024(H5N1)	1749	1562
PB1|PP755595.1|A/cattle/Texas/24-008749-003/2024(H5N1)	1750	1560
PB1|PP755595.1|A/cattle/Texas/24-008749-003/2024(H5N1)	1751	1560
PB1|PP755595.1|A/cattle/Texas/24-008749-003/2024(H5N1)	1752	1511
PB1|PP755595.1|A/cattle/Texas/24-008749-003/2024(H5N1)	1753	1512
PB1|PP755595.1|A/cattle/Texas/24-008749-003/2024(H5N1)	1754	1512
PB1|PP755595.1|A/cattle/Texas/24-008749-003/2024(H5N1)	1755	1512
PB1|PP755595.1|A/cattle/Texas/24-008749-003/2024(H5N1)	1756	1512
PB1|PP755595.1|A/cattle/Texas/24-008749-003/2024(H5N1)	1757	1512
PB1|PP755595.1|A/cattle/Texas/24-008749-003/2024(H5N1)	1758	1297
PB1|PP755595.1|A/cattle/Texas/24-008749-003/2024(H5N1)	1759	1297
PB1|PP755595.1|A/cattle/Texas/24-008749-003/2024(H5N1)	1760	1499
PB1|PP755595.1|A/cattle/Texas/24-008749-003/2024(H5N1)	1761	1502
PB1|PP755595.1|A/cattle/Texas/24-008749-003/2024(H5N1)	1762	1530
PB1|PP755595.1|A/cattle/Texas/24-008749-003/2024(H5N1)	1763	1541
PB1|PP755595.1|A/cattle/Texas/24-008749-003/2024(H5N1)	1764	1541
PB1|PP755595.1|A/cattle/Texas/24-008749-003/2024(H5N1)	1765	1542
PB1|PP755595.1|A/cattle/Texas/24-008749-003/2024(H5N1)	1766	1542
PB1|PP755595.1|A/cattle/Texas/24-008749-003/2024(H5N1)	1767	1542
PB1|PP755595.1|A/cattle/Texas/24-008749-003/2024(H5N1)	1768	1540
PB1|PP755595.1|A/cattle/Texas/24-008749-003/2024(H5N1)	1769	1540
PB1|PP755595.1|A/cattle/Texas/24-008749-003/2024(H5N1)	1770	1540
PB1|PP755595.1|A/cattle/Texas/24-008749-003/2024(H5N1)	1771	1540
PB1|PP755595.1|A/cattle/Texas/24-008749-003/2024(H5N1)	1772	1540
PB1|PP755595.1|A/cattle/Texas/24-008749-003/2024(H5N1)	1773	1540
PB1|PP755595.1|A/cattle/Texas/24-008749-003/2024(H5N1)	1774	1633
PB1|PP755595.1|A/cattle/Texas/24-008749-003/2024(H5N1)	1775	1634
PB1|PP755595.1|A/cattle/Texas/24-008749-003/2024(H5N1)	1776	1639
PB1|PP755595.1|A/cattle/Texas/24-008749-003/2024(H5N1)	1777	1639
PB1|PP755595.1|A/cattle/Texas/24-008749-003/2024(H5N1)	1778	1640
PB1|PP755595.1|A/cattle/Texas/24-008749-003/2024(H5N1)	1779	1634
PB1|PP755595.1|A/cattle/Texas/24-008749-003/2024(H5N1)	1780	1617
PB1|PP755595.1|A/cattle/Texas/24-008749-003/2024(H5N1)	1781	1605
PB1|PP755595.1|A/cattle/Texas/24-008749-003/2024(H5N1)	1782	1585
PB1|PP755595.1|A/cattle/Texas/24-008749-003/2024(H5N1)	1783	1585
PB1|PP755595.1|A/cattle/Texas/24-008749-003/2024(H5N1)	1784	1572
PB1|PP755595.1|A/cattle/Texas/24-008749-003/2024(H5N1)	1785	1557
PB1|PP755595.1|A/cattle/Texas/24-008749-003/2024(H5N1)	1786	1557
PB1|PP755595.1|A/cattle/Texas/24-008749-003/2024(H5N1)	1787	1557
PB1|PP755595.1|A/cattle/Texas/24-008749-003/2024(H5N1)	1788	1557
PB1|PP755595.1|A/cattle/Texas/24-008749-003/2024(H5N1)	1789	1557
PB1|PP755595.1|A/cattle/Texas/24-008749-003/2024(H5N1)	1790	1557
PB1|PP755595.1|A/cattle/Texas/24-008749-003/2024(H5N1)	1791	1533
PB1|PP755595.1|A/cattle/Texas/24-008749-003/2024(H5N1)	1792	1519
PB1|PP755595.1|A/cattle/Texas/24-008749-003/2024(H5N1)	1793	1493
PB1|PP755595.1|A/cattle/Texas/24-008749-003/2024(H5N1)	1794	1492
PB1|PP755595.1|A/cattle/Texas/24-008749-003/2024(H5N1)	1795	1491
PB1|PP755595.1|A/cattle/Texas/24-008749-003/2024(H5N1)	1796	1477
PB1|PP755595.1|A/cattle/Texas/24-008749-003/2024(H5N1)	1797	1476
PB1|PP755595.1|A/cattle/Texas/24-008749-003/2024(H5N1)	1798	1412
PB1|PP755595.1|A/cattle/Texas/24-008749-003/2024(H5N1)	1799	1409
PB1|PP755595.1|A/cattle/Texas/24-008749-003/2024(H5N1)	1800	4
PB1|PP755595.1|A/cattle/Texas/24-008749-003/2024(H5N1)	1801	4
PB1|PP755595.1|A/cattle/Texas/24-008749-003/2024(H5N1)	1802	4
PB1|PP755595.1|A/cattle/Texas/24-008749-003/2024(H5N1)	1803	4
PB1|PP755595.1|A/cattle/Texas/24-008749-003/2024(H5N1)	1804	4
PB1|PP755595.1|A/cattle/Texas/24-008749-003/2024(H5N1)	1805	4
PB1|PP755595.1|A/cattle/Texas/24-008749-003/2024(H5N1)	1806	4
PB1|PP755595.1|A/cattle/Texas/24-008749-003/2024(H5N1)	1807	4
PB1|PP755595.1|A/cattle/Texas/24-008749-003/2024(H5N1)	1808	4
PB1|PP755595.1|A/cattle/Texas/24-008749-003/2024(H5N1)	1809	4
PB1|PP755595.1|A/cattle/Texas/24-008749-003/2024(H5N1)	1810	4
PB1|PP755595.1|A/cattle/Texas/24-008749-003/2024(H5N1)	1811	4
PB1|PP755595.1|A/cattle/Texas/24-008749-003/2024(H5N1)	1812	4
PB1|PP755595.1|A/cattle/Texas/24-008749-003/2024(H5N1)	1813	4
PB1|PP755595.1|A/cattle/Texas/24-008749-003/2024(H5N1)	1814	4
PB1|PP755595.1|A/cattle/Texas/24-008749-003/2024(H5N1)	1815	2
PB1|PP755595.1|A/cattle/Texas/24-008749-003/2024(H5N1)	1816	1
PB1|PP755595.1|A/cattle/Texas/24-008749-003/2024(H5N1)	1817	1
PB1|PP755595.1|A/cattle/Texas/24-008749-003/2024(H5N1)	1818	0
PB1|PP755595.1|A/cattle/Texas/24-008749-003/2024(H5N1)	1819	0
PB1|PP755595.1|A/cattle/Texas/24-008749-003/2024(H5N1)	1820	0
PB1|PP755595.1|A/cattle/Texas/24-008749-003/2024(H5N1)	1821	0
PB1|PP755595.1|A/cattle/Texas/24-008749-003/2024(H5N1)	1822	0
PB1|PP755595.1|A/cattle/Texas/24-008749-003/2024(H5N1)	1823	0
PB1|PP755595.1|A/cattle/Texas/24-008749-003/2024(H5N1)	1824	0
PB1|PP755595.1|A/cattle/Texas/24-008749-003/2024(H5N1)	1825	0
PB1|PP755595.1|A/cattle/Texas/24-008749-003/2024(H5N1)	1826	0
PB1|PP755595.1|A/cattle/Texas/24-008749-003/2024(H5N1)	1827	0
PB1|PP755595.1|A/cattle/Texas/24-008749-003/2024(H5N1)	1828	0
PB1|PP755595.1|A/cattle/Texas/24-008749-003/2024(H5N1)	1829	0
PB1|PP755595.1|A/cattle/Texas/24-008749-003/2024(H5N1)	1830	0
PB1|PP755595.1|A/cattle/Texas/24-008749-003/2024(H5N1)	1831	0
PB1|PP755595.1|A/cattle/Texas/24-008749-003/2024(H5N1)	1832	0
PB1|PP755595.1|A/cattle/Texas/24-008749-003/2024(H5N1)	1833	0
PB1|PP755595.1|A/cattle/Texas/24-008749-003/2024(H5N1)	1834	0
PB1|PP755595.1|A/cattle/Texas/24-008749-003/2024(H5N1)	1835	0
PB1|PP755595.1|A/cattle/Texas/24-008749-003/2024(H5N1)	1836	0
PB1|PP755595.1|A/cattle/Texas/24-008749-003/2024(H5N1)	1837	0
PB1|PP755595.1|A/cattle/Texas/24-008749-003/2024(H5N1)	1838	0
PB1|PP755595.1|A/cattle/Texas/24-008749-003/2024(H5N1)	1839	0
PB1|PP755595.1|A/cattle/Texas/24-008749-003/2024(H5N1)	1840	0
PB1|PP755595.1|A/cattle/Texas/24-008749-003/2024(H5N1)	1841	0
PB1|PP755595.1|A/cattle/Texas/24-008749-003/2024(H5N1)	1842	0
PB1|PP755595.1|A/cattle/Texas/24-008749-003/2024(H5N1)	1843	0
PB1|PP755595.1|A/cattle/Texas/24-008749-003/2024(H5N1)	1844	0
PB1|PP755595.1|A/cattle/Texas/24-008749-003/2024(H5N1)	1845	0
PB1|PP755595.1|A/cattle/Texas/24-008749-003/2024(H5N1)	1846	0
PB1|PP755595.1|A/cattle/Texas/24-008749-003/2024(H5N1)	1847	0
PB1|PP755595.1|A/cattle/Texas/24-008749-003/2024(H5N1)	1848	0
PB1|PP755595.1|A/cattle/Texas/24-008749-003/2024(H5N1)	1849	0
PB1|PP755595.1|A/cattle/Texas/24-008749-003/2024(H5N1)	1850	0
PB1|PP755595.1|A/cattle/Texas/24-008749-003/2024(H5N1)	1851	0
PB1|PP755595.1|A/cattle/Texas/24-008749-003/2024(H5N1)	1852	0
PB1|PP755595.1|A/cattle/Texas/24-008749-003/2024(H5N1)	1853	0
PB1|PP755595.1|A/cattle/Texas/24-008749-003/2024(H5N1)	1854	0
PB1|PP755595.1|A/cattle/Texas/24-008749-003/2024(H5N1)	1855	0
PB1|PP755595.1|A/cattle/Texas/24-008749-003/2024(H5N1)	1856	0
PB1|PP755595.1|A/cattle/Texas/24-008749-003/2024(H5N1)	1857	0
PB1|PP755595.1|A/cattle/Texas/24-008749-003/2024(H5N1)	1858	0
PB1|PP755595.1|A/cattle/Texas/24-008749-003/2024(H5N1)	1859	0
PB1|PP755595.1|A/cattle/Texas/24-008749-003/2024(H5N1)	1860	0
PB1|PP755595.1|A/cattle/Texas/24-008749-003/2024(H5N1)	1861	0
PB1|PP755595.1|A/cattle/Texas/24-008749-003/2024(H5N1)	1862	0
PB1|PP755595.1|A/cattle/Texas/24-008749-003/2024(H5N1)	1863	0
PB1|PP755595.1|A/cattle/Texas/24-008749-003/2024(H5N1)	1864	0
PB1|PP755595.1|A/cattle/Texas/24-008749-003/2024(H5N1)	1865	0
PB1|PP755595.1|A/cattle/Texas/24-008749-003/2024(H5N1)	1866	0
PB1|PP755595.1|A/cattle/Texas/24-008749-003/2024(H5N1)	1867	0
PB1|PP755595.1|A/cattle/Texas/24-008749-003/2024(H5N1)	1868	0
PB1|PP755595.1|A/cattle/Texas/24-008749-003/2024(H5N1)	1869	0
PB1|PP755595.1|A/cattle/Texas/24-008749-003/2024(H5N1)	1870	0
PB1|PP755595.1|A/cattle/Texas/24-008749-003/2024(H5N1)	1871	0
PB1|PP755595.1|A/cattle/Texas/24-008749-003/2024(H5N1)	1872	2
PB1|PP755595.1|A/cattle/Texas/24-008749-003/2024(H5N1)	1873	21
PB1|PP755595.1|A/cattle/Texas/24-008749-003/2024(H5N1)	1874	31
PB1|PP755595.1|A/cattle/Texas/24-008749-003/2024(H5N1)	1875	33
PB1|PP755595.1|A/cattle/Texas/24-008749-003/2024(H5N1)	1876	33
PB1|PP755595.1|A/cattle/Texas/24-008749-003/2024(H5N1)	1877	33
PB1|PP755595.1|A/cattle/Texas/24-008749-003/2024(H5N1)	1878	33
PB1|PP755595.1|A/cattle/Texas/24-008749-003/2024(H5N1)	1879	33
PB1|PP755595.1|A/cattle/Texas/24-008749-003/2024(H5N1)	1880	33
PB1|PP755595.1|A/cattle/Texas/24-008749-003/2024(H5N1)	1881	33
PB1|PP755595.1|A/cattle/Texas/24-008749-003/2024(H5N1)	1882	33
PB1|PP755595.1|A/cattle/Texas/24-008749-003/2024(H5N1)	1883	53
PB1|PP755595.1|A/cattle/Texas/24-008749-003/2024(H5N1)	1884	58
PB1|PP755595.1|A/cattle/Texas/24-008749-003/2024(H5N1)	1885	73
PB1|PP755595.1|A/cattle/Texas/24-008749-003/2024(H5N1)	1886	73
PB1|PP755595.1|A/cattle/Texas/24-008749-003/2024(H5N1)	1887	73
PB1|PP755595.1|A/cattle/Texas/24-008749-003/2024(H5N1)	1888	83
PB1|PP755595.1|A/cattle/Texas/24-008749-003/2024(H5N1)	1889	87
PB1|PP755595.1|A/cattle/Texas/24-008749-003/2024(H5N1)	1890	102
PB1|PP755595.1|A/cattle/Texas/24-008749-003/2024(H5N1)	1891	2564
PB1|PP755595.1|A/cattle/Texas/24-008749-003/2024(H5N1)	1892	2580
PB1|PP755595.1|A/cattle/Texas/24-008749-003/2024(H5N1)	1893	2580
PB1|PP755595.1|A/cattle/Texas/24-008749-003/2024(H5N1)	1894	2580
PB1|PP755595.1|A/cattle/Texas/24-008749-003/2024(H5N1)	1895	2581
PB1|PP755595.1|A/cattle/Texas/24-008749-003/2024(H5N1)	1896	2581
PB1|PP755595.1|A/cattle/Texas/24-008749-003/2024(H5N1)	1897	2614
PB1|PP755595.1|A/cattle/Texas/24-008749-003/2024(H5N1)	1898	2665
PB1|PP755595.1|A/cattle/Texas/24-008749-003/2024(H5N1)	1899	2685
PB1|PP755595.1|A/cattle/Texas/24-008749-003/2024(H5N1)	1900	2708
PB1|PP755595.1|A/cattle/Texas/24-008749-003/2024(H5N1)	1901	2708
PB1|PP755595.1|A/cattle/Texas/24-008749-003/2024(H5N1)	1902	2721
PB1|PP755595.1|A/cattle/Texas/24-008749-003/2024(H5N1)	1903	2947
PB1|PP755595.1|A/cattle/Texas/24-008749-003/2024(H5N1)	1904	2983
PB1|PP755595.1|A/cattle/Texas/24-008749-003/2024(H5N1)	1905	2985
PB1|PP755595.1|A/cattle/Texas/24-008749-003/2024(H5N1)	1906	3031
PB1|PP755595.1|A/cattle/Texas/24-008749-003/2024(H5N1)	1907	3037
PB1|PP755595.1|A/cattle/Texas/24-008749-003/2024(H5N1)	1908	3040
PB1|PP755595.1|A/cattle/Texas/24-008749-003/2024(H5N1)	1909	3071
PB1|PP755595.1|A/cattle/Texas/24-008749-003/2024(H5N1)	1910	3072
PB1|PP755595.1|A/cattle/Texas/24-008749-003/2024(H5N1)	1911	3072
PB1|PP755595.1|A/cattle/Texas/24-008749-003/2024(H5N1)	1912	3072
PB1|PP755595.1|A/cattle/Texas/24-008749-003/2024(H5N1)	1913	3075
PB1|PP755595.1|A/cattle/Texas/24-008749-003/2024(H5N1)	1914	3102
PB1|PP755595.1|A/cattle/Texas/24-008749-003/2024(H5N1)	1915	3179
PB1|PP755595.1|A/cattle/Texas/24-008749-003/2024(H5N1)	1916	3179
PB1|PP755595.1|A/cattle/Texas/24-008749-003/2024(H5N1)	1917	3179
PB1|PP755595.1|A/cattle/Texas/24-008749-003/2024(H5N1)	1918	3183
PB1|PP755595.1|A/cattle/Texas/24-008749-003/2024(H5N1)	1919	3252
PB1|PP755595.1|A/cattle/Texas/24-008749-003/2024(H5N1)	1920	3319
PB1|PP755595.1|A/cattle/Texas/24-008749-003/2024(H5N1)	1921	3438
PB1|PP755595.1|A/cattle/Texas/24-008749-003/2024(H5N1)	1922	3455
PB1|PP755595.1|A/cattle/Texas/24-008749-003/2024(H5N1)	1923	3487
PB1|PP755595.1|A/cattle/Texas/24-008749-003/2024(H5N1)	1924	3496
PB1|PP755595.1|A/cattle/Texas/24-008749-003/2024(H5N1)	1925	3600
PB1|PP755595.1|A/cattle/Texas/24-008749-003/2024(H5N1)	1926	3614
PB1|PP755595.1|A/cattle/Texas/24-008749-003/2024(H5N1)	1927	3668
PB1|PP755595.1|A/cattle/Texas/24-008749-003/2024(H5N1)	1928	3703
PB1|PP755595.1|A/cattle/Texas/24-008749-003/2024(H5N1)	1929	3716
PB1|PP755595.1|A/cattle/Texas/24-008749-003/2024(H5N1)	1930	3765
PB1|PP755595.1|A/cattle/Texas/24-008749-003/2024(H5N1)	1931	3780
PB1|PP755595.1|A/cattle/Texas/24-008749-003/2024(H5N1)	1932	3837
PB1|PP755595.1|A/cattle/Texas/24-008749-003/2024(H5N1)	1933	3837
PB1|PP755595.1|A/cattle/Texas/24-008749-003/2024(H5N1)	1934	3837
PB1|PP755595.1|A/cattle/Texas/24-008749-003/2024(H5N1)	1935	3823
PB1|PP755595.1|A/cattle/Texas/24-008749-003/2024(H5N1)	1936	3812
PB1|PP755595.1|A/cattle/Texas/24-008749-003/2024(H5N1)	1937	3808
PB1|PP755595.1|A/cattle/Texas/24-008749-003/2024(H5N1)	1938	3806
PB1|PP755595.1|A/cattle/Texas/24-008749-003/2024(H5N1)	1939	3740
PB1|PP755595.1|A/cattle/Texas/24-008749-003/2024(H5N1)	1940	3729
PB1|PP755595.1|A/cattle/Texas/24-008749-003/2024(H5N1)	1941	3681
PB1|PP755595.1|A/cattle/Texas/24-008749-003/2024(H5N1)	1942	3673
PB1|PP755595.1|A/cattle/Texas/24-008749-003/2024(H5N1)	1943	3657
PB1|PP755595.1|A/cattle/Texas/24-008749-003/2024(H5N1)	1944	3075
PB1|PP755595.1|A/cattle/Texas/24-008749-003/2024(H5N1)	1945	3069
PB1|PP755595.1|A/cattle/Texas/24-008749-003/2024(H5N1)	1946	3057
PB1|PP755595.1|A/cattle/Texas/24-008749-003/2024(H5N1)	1947	3057
PB1|PP755595.1|A/cattle/Texas/24-008749-003/2024(H5N1)	1948	3057
PB1|PP755595.1|A/cattle/Texas/24-008749-003/2024(H5N1)	1949	3057
PB1|PP755595.1|A/cattle/Texas/24-008749-003/2024(H5N1)	1950	3044
PB1|PP755595.1|A/cattle/Texas/24-008749-003/2024(H5N1)	1951	3044
PB1|PP755595.1|A/cattle/Texas/24-008749-003/2024(H5N1)	1952	3043
PB1|PP755595.1|A/cattle/Texas/24-008749-003/2024(H5N1)	1953	3043
PB1|PP755595.1|A/cattle/Texas/24-008749-003/2024(H5N1)	1954	3043
PB1|PP755595.1|A/cattle/Texas/24-008749-003/2024(H5N1)	1955	3042
PB1|PP755595.1|A/cattle/Texas/24-008749-003/2024(H5N1)	1956	3041
PB1|PP755595.1|A/cattle/Texas/24-008749-003/2024(H5N1)	1957	3041
PB1|PP755595.1|A/cattle/Texas/24-008749-003/2024(H5N1)	1958	3041
PB1|PP755595.1|A/cattle/Texas/24-008749-003/2024(H5N1)	1959	3041
PB1|PP755595.1|A/cattle/Texas/24-008749-003/2024(H5N1)	1960	3041
PB1|PP755595.1|A/cattle/Texas/24-008749-003/2024(H5N1)	1961	3041
PB1|PP755595.1|A/cattle/Texas/24-008749-003/2024(H5N1)	1962	3041
PB1|PP755595.1|A/cattle/Texas/24-008749-003/2024(H5N1)	1963	3419
PB1|PP755595.1|A/cattle/Texas/24-008749-003/2024(H5N1)	1964	3426
PB1|PP755595.1|A/cattle/Texas/24-008749-003/2024(H5N1)	1965	3432
PB1|PP755595.1|A/cattle/Texas/24-008749-003/2024(H5N1)	1966	3626
PB1|PP755595.1|A/cattle/Texas/24-008749-003/2024(H5N1)	1967	3635
PB1|PP755595.1|A/cattle/Texas/24-008749-003/2024(H5N1)	1968	3730
PB1|PP755595.1|A/cattle/Texas/24-008749-003/2024(H5N1)	1969	3733
PB1|PP755595.1|A/cattle/Texas/24-008749-003/2024(H5N1)	1970	3713
PB1|PP755595.1|A/cattle/Texas/24-008749-003/2024(H5N1)	1971	3703
PB1|PP755595.1|A/cattle/Texas/24-008749-003/2024(H5N1)	1972	3664
PB1|PP755595.1|A/cattle/Texas/24-008749-003/2024(H5N1)	1973	3662
PB1|PP755595.1|A/cattle/Texas/24-008749-003/2024(H5N1)	1974	3654
PB1|PP755595.1|A/cattle/Texas/24-008749-003/2024(H5N1)	1975	3584
PB1|PP755595.1|A/cattle/Texas/24-008749-003/2024(H5N1)	1976	3566
PB1|PP755595.1|A/cattle/Texas/24-008749-003/2024(H5N1)	1977	3515
PB1|PP755595.1|A/cattle/Texas/24-008749-003/2024(H5N1)	1978	3514
PB1|PP755595.1|A/cattle/Texas/24-008749-003/2024(H5N1)	1979	3479
PB1|PP755595.1|A/cattle/Texas/24-008749-003/2024(H5N1)	1980	3426
PB1|PP755595.1|A/cattle/Texas/24-008749-003/2024(H5N1)	1981	3423
PB1|PP755595.1|A/cattle/Texas/24-008749-003/2024(H5N1)	1982	3417
PB1|PP755595.1|A/cattle/Texas/24-008749-003/2024(H5N1)	1983	2460
PB1|PP755595.1|A/cattle/Texas/24-008749-003/2024(H5N1)	1984	2446
PB1|PP755595.1|A/cattle/Texas/24-008749-003/2024(H5N1)	1985	2394
PB1|PP755595.1|A/cattle/Texas/24-008749-003/2024(H5N1)	1986	2381
PB1|PP755595.1|A/cattle/Texas/24-008749-003/2024(H5N1)	1987	2382
PB1|PP755595.1|A/cattle/Texas/24-008749-003/2024(H5N1)	1988	2382
PB1|PP755595.1|A/cattle/Texas/24-008749-003/2024(H5N1)	1989	2382
PB1|PP755595.1|A/cattle/Texas/24-008749-003/2024(H5N1)	1990	2383
PB1|PP755595.1|A/cattle/Texas/24-008749-003/2024(H5N1)	1991	2383
PB1|PP755595.1|A/cattle/Texas/24-008749-003/2024(H5N1)	1992	2383
PB1|PP755595.1|A/cattle/Texas/24-008749-003/2024(H5N1)	1993	2387
PB1|PP755595.1|A/cattle/Texas/24-008749-003/2024(H5N1)	1994	2376
PB1|PP755595.1|A/cattle/Texas/24-008749-003/2024(H5N1)	1995	2375
PB1|PP755595.1|A/cattle/Texas/24-008749-003/2024(H5N1)	1996	2410
PB1|PP755595.1|A/cattle/Texas/24-008749-003/2024(H5N1)	1997	2410
PB1|PP755595.1|A/cattle/Texas/24-008749-003/2024(H5N1)	1998	2413
PB1|PP755595.1|A/cattle/Texas/24-008749-003/2024(H5N1)	1999	2392
PB1|PP755595.1|A/cattle/Texas/24-008749-003/2024(H5N1)	2000	2378
PB1|PP755595.1|A/cattle/Texas/24-008749-003/2024(H5N1)	2001	2268
PB1|PP755595.1|A/cattle/Texas/24-008749-003/2024(H5N1)	2002	2394
PB1|PP755595.1|A/cattle/Texas/24-008749-003/2024(H5N1)	2003	2394
PB1|PP755595.1|A/cattle/Texas/24-008749-003/2024(H5N1)	2004	2394
PB1|PP755595.1|A/cattle/Texas/24-008749-003/2024(H5N1)	2005	2392
PB1|PP755595.1|A/cattle/Texas/24-008749-003/2024(H5N1)	2006	2387
PB1|PP755595.1|A/cattle/Texas/24-008749-003/2024(H5N1)	2007	2376
PB1|PP755595.1|A/cattle/Texas/24-008749-003/2024(H5N1)	2008	2376
PB1|PP755595.1|A/cattle/Texas/24-008749-003/2024(H5N1)	2009	2354
PB1|PP755595.1|A/cattle/Texas/24-008749-003/2024(H5N1)	2010	2342
PB1|PP755595.1|A/cattle/Texas/24-008749-003/2024(H5N1)	2011	2316
PB1|PP755595.1|A/cattle/Texas/24-008749-003/2024(H5N1)	2012	2308
PB1|PP755595.1|A/cattle/Texas/24-008749-003/2024(H5N1)	2013	2297
PB1|PP755595.1|A/cattle/Texas/24-008749-003/2024(H5N1)	2014	2309
PB1|PP755595.1|A/cattle/Texas/24-008749-003/2024(H5N1)	2015	2309
PB1|PP755595.1|A/cattle/Texas/24-008749-003/2024(H5N1)	2016	2289
PB1|PP755595.1|A/cattle/Texas/24-008749-003/2024(H5N1)	2017	2303
PB1|PP755595.1|A/cattle/Texas/24-008749-003/2024(H5N1)	2018	2303
PB1|PP755595.1|A/cattle/Texas/24-008749-003/2024(H5N1)	2019	2256
PB1|PP755595.1|A/cattle/Texas/24-008749-003/2024(H5N1)	2020	2283
PB1|PP755595.1|A/cattle/Texas/24-008749-003/2024(H5N1)	2021	2361
PB1|PP755595.1|A/cattle/Texas/24-008749-003/2024(H5N1)	2022	2522
PB1|PP755595.1|A/cattle/Texas/24-008749-003/2024(H5N1)	2023	2656
PB1|PP755595.1|A/cattle/Texas/24-008749-003/2024(H5N1)	2024	2630
PB1|PP755595.1|A/cattle/Texas/24-008749-003/2024(H5N1)	2025	2561
PB1|PP755595.1|A/cattle/Texas/24-008749-003/2024(H5N1)	2026	2584
PB1|PP755595.1|A/cattle/Texas/24-008749-003/2024(H5N1)	2027	2605
PB1|PP755595.1|A/cattle/Texas/24-008749-003/2024(H5N1)	2028	2607
PB1|PP755595.1|A/cattle/Texas/24-008749-003/2024(H5N1)	2029	2596
PB1|PP755595.1|A/cattle/Texas/24-008749-003/2024(H5N1)	2030	2539
PB1|PP755595.1|A/cattle/Texas/24-008749-003/2024(H5N1)	2031	2458
PB1|PP755595.1|A/cattle/Texas/24-008749-003/2024(H5N1)	2032	2485
PB1|PP755595.1|A/cattle/Texas/24-008749-003/2024(H5N1)	2033	2532
PB1|PP755595.1|A/cattle/Texas/24-008749-003/2024(H5N1)	2034	2672
PB1|PP755595.1|A/cattle/Texas/24-008749-003/2024(H5N1)	2035	4989
PB1|PP755595.1|A/cattle/Texas/24-008749-003/2024(H5N1)	2036	4995
PB1|PP755595.1|A/cattle/Texas/24-008749-003/2024(H5N1)	2037	5049
PB1|PP755595.1|A/cattle/Texas/24-008749-003/2024(H5N1)	2038	5057
PB1|PP755595.1|A/cattle/Texas/24-008749-003/2024(H5N1)	2039	5083
PB1|PP755595.1|A/cattle/Texas/24-008749-003/2024(H5N1)	2040	5167
PB1|PP755595.1|A/cattle/Texas/24-008749-003/2024(H5N1)	2041	5147
PB1|PP755595.1|A/cattle/Texas/24-008749-003/2024(H5N1)	2042	5120
PB1|PP755595.1|A/cattle/Texas/24-008749-003/2024(H5N1)	2043	5158
PB1|PP755595.1|A/cattle/Texas/24-008749-003/2024(H5N1)	2044	5168
PB1|PP755595.1|A/cattle/Texas/24-008749-003/2024(H5N1)	2045	5204
PB1|PP755595.1|A/cattle/Texas/24-008749-003/2024(H5N1)	2046	5194
PB1|PP755595.1|A/cattle/Texas/24-008749-003/2024(H5N1)	2047	5151
PB1|PP755595.1|A/cattle/Texas/24-008749-003/2024(H5N1)	2048	5137
PB1|PP755595.1|A/cattle/Texas/24-008749-003/2024(H5N1)	2049	5145
PB1|PP755595.1|A/cattle/Texas/24-008749-003/2024(H5N1)	2050	5148
PB1|PP755595.1|A/cattle/Texas/24-008749-003/2024(H5N1)	2051	5124
PB1|PP755595.1|A/cattle/Texas/24-008749-003/2024(H5N1)	2052	5053
PB1|PP755595.1|A/cattle/Texas/24-008749-003/2024(H5N1)	2053	5084
PB1|PP755595.1|A/cattle/Texas/24-008749-003/2024(H5N1)	2054	5085
PB1|PP755595.1|A/cattle/Texas/24-008749-003/2024(H5N1)	2055	5074
PB1|PP755595.1|A/cattle/Texas/24-008749-003/2024(H5N1)	2056	5479
PB1|PP755595.1|A/cattle/Texas/24-008749-003/2024(H5N1)	2057	5483
PB1|PP755595.1|A/cattle/Texas/24-008749-003/2024(H5N1)	2058	5485
PB1|PP755595.1|A/cattle/Texas/24-008749-003/2024(H5N1)	2059	5505
PB1|PP755595.1|A/cattle/Texas/24-008749-003/2024(H5N1)	2060	5478
PB1|PP755595.1|A/cattle/Texas/24-008749-003/2024(H5N1)	2061	5497
PB1|PP755595.1|A/cattle/Texas/24-008749-003/2024(H5N1)	2062	5562
PB1|PP755595.1|A/cattle/Texas/24-008749-003/2024(H5N1)	2063	5565
PB1|PP755595.1|A/cattle/Texas/24-008749-003/2024(H5N1)	2064	5562
PB1|PP755595.1|A/cattle/Texas/24-008749-003/2024(H5N1)	2065	5465
PB1|PP755595.1|A/cattle/Texas/24-008749-003/2024(H5N1)	2066	5445
PB1|PP755595.1|A/cattle/Texas/24-008749-003/2024(H5N1)	2067	4980
PB1|PP755595.1|A/cattle/Texas/24-008749-003/2024(H5N1)	2068	4969
PB1|PP755595.1|A/cattle/Texas/24-008749-003/2024(H5N1)	2069	4909
PB1|PP755595.1|A/cattle/Texas/24-008749-003/2024(H5N1)	2070	4898
PB1|PP755595.1|A/cattle/Texas/24-008749-003/2024(H5N1)	2071	4931
PB1|PP755595.1|A/cattle/Texas/24-008749-003/2024(H5N1)	2072	4946
PB1|PP755595.1|A/cattle/Texas/24-008749-003/2024(H5N1)	2073	4883
PB1|PP755595.1|A/cattle/Texas/24-008749-003/2024(H5N1)	2074	5717
PB1|PP755595.1|A/cattle/Texas/24-008749-003/2024(H5N1)	2075	5820
PB1|PP755595.1|A/cattle/Texas/24-008749-003/2024(H5N1)	2076	6075
PB1|PP755595.1|A/cattle/Texas/24-008749-003/2024(H5N1)	2077	6167
PB1|PP755595.1|A/cattle/Texas/24-008749-003/2024(H5N1)	2078	6169
PB1|PP755595.1|A/cattle/Texas/24-008749-003/2024(H5N1)	2079	6176
PB1|PP755595.1|A/cattle/Texas/24-008749-003/2024(H5N1)	2080	6176
PB1|PP755595.1|A/cattle/Texas/24-008749-003/2024(H5N1)	2081	6193
PB1|PP755595.1|A/cattle/Texas/24-008749-003/2024(H5N1)	2082	6242
PB1|PP755595.1|A/cattle/Texas/24-008749-003/2024(H5N1)	2083	6281
PB1|PP755595.1|A/cattle/Texas/24-008749-003/2024(H5N1)	2084	6384
PB1|PP755595.1|A/cattle/Texas/24-008749-003/2024(H5N1)	2085	6467
PB1|PP755595.1|A/cattle/Texas/24-008749-003/2024(H5N1)	2086	6481
PB1|PP755595.1|A/cattle/Texas/24-008749-003/2024(H5N1)	2087	6481
PB1|PP755595.1|A/cattle/Texas/24-008749-003/2024(H5N1)	2088	6330
PB1|PP755595.1|A/cattle/Texas/24-008749-003/2024(H5N1)	2089	6341
PB1|PP755595.1|A/cattle/Texas/24-008749-003/2024(H5N1)	2090	6346
PB1|PP755595.1|A/cattle/Texas/24-008749-003/2024(H5N1)	2091	6347
PB1|PP755595.1|A/cattle/Texas/24-008749-003/2024(H5N1)	2092	7237
PB1|PP755595.1|A/cattle/Texas/24-008749-003/2024(H5N1)	2093	7472
PB1|PP755595.1|A/cattle/Texas/24-008749-003/2024(H5N1)	2094	7487
PB1|PP755595.1|A/cattle/Texas/24-008749-003/2024(H5N1)	2095	7512
PB1|PP755595.1|A/cattle/Texas/24-008749-003/2024(H5N1)	2096	7684
PB1|PP755595.1|A/cattle/Texas/24-008749-003/2024(H5N1)	2097	7722
PB1|PP755595.1|A/cattle/Texas/24-008749-003/2024(H5N1)	2098	7826
PB1|PP755595.1|A/cattle/Texas/24-008749-003/2024(H5N1)	2099	7867
PB1|PP755595.1|A/cattle/Texas/24-008749-003/2024(H5N1)	2100	7834
PB1|PP755595.1|A/cattle/Texas/24-008749-003/2024(H5N1)	2101	7838
PB1|PP755595.1|A/cattle/Texas/24-008749-003/2024(H5N1)	2102	7828
PB1|PP755595.1|A/cattle/Texas/24-008749-003/2024(H5N1)	2103	7598
PB1|PP755595.1|A/cattle/Texas/24-008749-003/2024(H5N1)	2104	7598
PB1|PP755595.1|A/cattle/Texas/24-008749-003/2024(H5N1)	2105	7622
PB1|PP755595.1|A/cattle/Texas/24-008749-003/2024(H5N1)	2106	8389
PB1|PP755595.1|A/cattle/Texas/24-008749-003/2024(H5N1)	2107	8713
PB1|PP755595.1|A/cattle/Texas/24-008749-003/2024(H5N1)	2108	8722
PB1|PP755595.1|A/cattle/Texas/24-008749-003/2024(H5N1)	2109	8849
PB1|PP755595.1|A/cattle/Texas/24-008749-003/2024(H5N1)	2110	9005
PB1|PP755595.1|A/cattle/Texas/24-008749-003/2024(H5N1)	2111	9029
PB1|PP755595.1|A/cattle/Texas/24-008749-003/2024(H5N1)	2112	9137
PB1|PP755595.1|A/cattle/Texas/24-008749-003/2024(H5N1)	2113	9191
PB1|PP755595.1|A/cattle/Texas/24-008749-003/2024(H5N1)	2114	9180
PB1|PP755595.1|A/cattle/Texas/24-008749-003/2024(H5N1)	2115	9175
PB1|PP755595.1|A/cattle/Texas/24-008749-003/2024(H5N1)	2116	9081
PB1|PP755595.1|A/cattle/Texas/24-008749-003/2024(H5N1)	2117	8997
PB1|PP755595.1|A/cattle/Texas/24-008749-003/2024(H5N1)	2118	9161
PB1|PP755595.1|A/cattle/Texas/24-008749-003/2024(H5N1)	2119	9061
PB1|PP755595.1|A/cattle/Texas/24-008749-003/2024(H5N1)	2120	9055
PB1|PP755595.1|A/cattle/Texas/24-008749-003/2024(H5N1)	2121	8826
PB1|PP755595.1|A/cattle/Texas/24-008749-003/2024(H5N1)	2122	8898
PB1|PP755595.1|A/cattle/Texas/24-008749-003/2024(H5N1)	2123	8906
PB1|PP755595.1|A/cattle/Texas/24-008749-003/2024(H5N1)	2124	8907
PB1|PP755595.1|A/cattle/Texas/24-008749-003/2024(H5N1)	2125	8976
PB1|PP755595.1|A/cattle/Texas/24-008749-003/2024(H5N1)	2126	9285
PB1|PP755595.1|A/cattle/Texas/24-008749-003/2024(H5N1)	2127	9319
PB1|PP755595.1|A/cattle/Texas/24-008749-003/2024(H5N1)	2128	9336
PB1|PP755595.1|A/cattle/Texas/24-008749-003/2024(H5N1)	2129	9355
PB1|PP755595.1|A/cattle/Texas/24-008749-003/2024(H5N1)	2130	9426
PB1|PP755595.1|A/cattle/Texas/24-008749-003/2024(H5N1)	2131	9442
PB1|PP755595.1|A/cattle/Texas/24-008749-003/2024(H5N1)	2132	9425
PB1|PP755595.1|A/cattle/Texas/24-008749-003/2024(H5N1)	2133	9387
PB1|PP755595.1|A/cattle/Texas/24-008749-003/2024(H5N1)	2134	9782
PB1|PP755595.1|A/cattle/Texas/24-008749-003/2024(H5N1)	2135	9730
PB1|PP755595.1|A/cattle/Texas/24-008749-003/2024(H5N1)	2136	9773
PB1|PP755595.1|A/cattle/Texas/24-008749-003/2024(H5N1)	2137	9770
PB1|PP755595.1|A/cattle/Texas/24-008749-003/2024(H5N1)	2138	9800
PB1|PP755595.1|A/cattle/Texas/24-008749-003/2024(H5N1)	2139	9824
PB1|PP755595.1|A/cattle/Texas/24-008749-003/2024(H5N1)	2140	10414
PB1|PP755595.1|A/cattle/Texas/24-008749-003/2024(H5N1)	2141	10389
PB1|PP755595.1|A/cattle/Texas/24-008749-003/2024(H5N1)	2142	10386
PB1|PP755595.1|A/cattle/Texas/24-008749-003/2024(H5N1)	2143	10304
PB1|PP755595.1|A/cattle/Texas/24-008749-003/2024(H5N1)	2144	10265
PB1|PP755595.1|A/cattle/Texas/24-008749-003/2024(H5N1)	2145	10199
PB1|PP755595.1|A/cattle/Texas/24-008749-003/2024(H5N1)	2146	10209
PB1|PP755595.1|A/cattle/Texas/24-008749-003/2024(H5N1)	2147	10149
PB1|PP755595.1|A/cattle/Texas/24-008749-003/2024(H5N1)	2148	10153
PB1|PP755595.1|A/cattle/Texas/24-008749-003/2024(H5N1)	2149	10128
PB1|PP755595.1|A/cattle/Texas/24-008749-003/2024(H5N1)	2150	10106
PB1|PP755595.1|A/cattle/Texas/24-008749-003/2024(H5N1)	2151	9953
PB1|PP755595.1|A/cattle/Texas/24-008749-003/2024(H5N1)	2152	9505
PB1|PP755595.1|A/cattle/Texas/24-008749-003/2024(H5N1)	2153	9452
PB1|PP755595.1|A/cattle/Texas/24-008749-003/2024(H5N1)	2154	9479
PB1|PP755595.1|A/cattle/Texas/24-008749-003/2024(H5N1)	2155	9483
PB1|PP755595.1|A/cattle/Texas/24-008749-003/2024(H5N1)	2156	9375
PB1|PP755595.1|A/cattle/Texas/24-008749-003/2024(H5N1)	2157	9345
PB1|PP755595.1|A/cattle/Texas/24-008749-003/2024(H5N1)	2158	9263
PB1|PP755595.1|A/cattle/Texas/24-008749-003/2024(H5N1)	2159	9177
PB1|PP755595.1|A/cattle/Texas/24-008749-003/2024(H5N1)	2160	9184
PB1|PP755595.1|A/cattle/Texas/24-008749-003/2024(H5N1)	2161	9116
PB1|PP755595.1|A/cattle/Texas/24-008749-003/2024(H5N1)	2162	9103
PB1|PP755595.1|A/cattle/Texas/24-008749-003/2024(H5N1)	2163	9108
PB1|PP755595.1|A/cattle/Texas/24-008749-003/2024(H5N1)	2164	9057
PB1|PP755595.1|A/cattle/Texas/24-008749-003/2024(H5N1)	2165	8925
PB1|PP755595.1|A/cattle/Texas/24-008749-003/2024(H5N1)	2166	10273
PB1|PP755595.1|A/cattle/Texas/24-008749-003/2024(H5N1)	2167	10386
PB1|PP755595.1|A/cattle/Texas/24-008749-003/2024(H5N1)	2168	10383
PB1|PP755595.1|A/cattle/Texas/24-008749-003/2024(H5N1)	2169	10701
PB1|PP755595.1|A/cattle/Texas/24-008749-003/2024(H5N1)	2170	10713
PB1|PP755595.1|A/cattle/Texas/24-008749-003/2024(H5N1)	2171	10894
PB1|PP755595.1|A/cattle/Texas/24-008749-003/2024(H5N1)	2172	10668
PB1|PP755595.1|A/cattle/Texas/24-008749-003/2024(H5N1)	2173	10664
PB1|PP755595.1|A/cattle/Texas/24-008749-003/2024(H5N1)	2174	10558
PB1|PP755595.1|A/cattle/Texas/24-008749-003/2024(H5N1)	2175	10555
PB1|PP755595.1|A/cattle/Texas/24-008749-003/2024(H5N1)	2176	10531
PB1|PP755595.1|A/cattle/Texas/24-008749-003/2024(H5N1)	2177	10471
PB1|PP755595.1|A/cattle/Texas/24-008749-003/2024(H5N1)	2178	10460
PB1|PP755595.1|A/cattle/Texas/24-008749-003/2024(H5N1)	2179	10442
PB1|PP755595.1|A/cattle/Texas/24-008749-003/2024(H5N1)	2180	10428
PB1|PP755595.1|A/cattle/Texas/24-008749-003/2024(H5N1)	2181	10396
PB1|PP755595.1|A/cattle/Texas/24-008749-003/2024(H5N1)	2182	10424
PB1|PP755595.1|A/cattle/Texas/24-008749-003/2024(H5N1)	2183	10356
PB1|PP755595.1|A/cattle/Texas/24-008749-003/2024(H5N1)	2184	10100
PB1|PP755595.1|A/cattle/Texas/24-008749-003/2024(H5N1)	2185	10088
PB1|PP755595.1|A/cattle/Texas/24-008749-003/2024(H5N1)	2186	10069
PB1|PP755595.1|A/cattle/Texas/24-008749-003/2024(H5N1)	2187	10048
PB1|PP755595.1|A/cattle/Texas/24-008749-003/2024(H5N1)	2188	9993
PB1|PP755595.1|A/cattle/Texas/24-008749-003/2024(H5N1)	2189	9977
PB1|PP755595.1|A/cattle/Texas/24-008749-003/2024(H5N1)	2190	9838
PB1|PP755595.1|A/cattle/Texas/24-008749-003/2024(H5N1)	2191	9842
PB1|PP755595.1|A/cattle/Texas/24-008749-003/2024(H5N1)	2192	9861
PB1|PP755595.1|A/cattle/Texas/24-008749-003/2024(H5N1)	2193	9842
PB1|PP755595.1|A/cattle/Texas/24-008749-003/2024(H5N1)	2194	9761
PB1|PP755595.1|A/cattle/Texas/24-008749-003/2024(H5N1)	2195	9700
PB1|PP755595.1|A/cattle/Texas/24-008749-003/2024(H5N1)	2196	9634
PB1|PP755595.1|A/cattle/Texas/24-008749-003/2024(H5N1)	2197	9634
PB1|PP755595.1|A/cattle/Texas/24-008749-003/2024(H5N1)	2198	9629
PB1|PP755595.1|A/cattle/Texas/24-008749-003/2024(H5N1)	2199	9611
PB1|PP755595.1|A/cattle/Texas/24-008749-003/2024(H5N1)	2200	9482
PB1|PP755595.1|A/cattle/Texas/24-008749-003/2024(H5N1)	2201	9289
PB1|PP755595.1|A/cattle/Texas/24-008749-003/2024(H5N1)	2202	9236
PB1|PP755595.1|A/cattle/Texas/24-008749-003/2024(H5N1)	2203	9205
PB1|PP755595.1|A/cattle/Texas/24-008749-003/2024(H5N1)	2204	9179
PB1|PP755595.1|A/cattle/Texas/24-008749-003/2024(H5N1)	2205	9170
PB1|PP755595.1|A/cattle/Texas/24-008749-003/2024(H5N1)	2206	9154
PB1|PP755595.1|A/cattle/Texas/24-008749-003/2024(H5N1)	2207	9076
PB1|PP755595.1|A/cattle/Texas/24-008749-003/2024(H5N1)	2208	9062
PB1|PP755595.1|A/cattle/Texas/24-008749-003/2024(H5N1)	2209	9103
PB1|PP755595.1|A/cattle/Texas/24-008749-003/2024(H5N1)	2210	9102
PB1|PP755595.1|A/cattle/Texas/24-008749-003/2024(H5N1)	2211	9006
PB1|PP755595.1|A/cattle/Texas/24-008749-003/2024(H5N1)	2212	8966
PB1|PP755595.1|A/cattle/Texas/24-008749-003/2024(H5N1)	2213	8950
PB1|PP755595.1|A/cattle/Texas/24-008749-003/2024(H5N1)	2214	8937
PB1|PP755595.1|A/cattle/Texas/24-008749-003/2024(H5N1)	2215	8969
PB1|PP755595.1|A/cattle/Texas/24-008749-003/2024(H5N1)	2216	8978
PB1|PP755595.1|A/cattle/Texas/24-008749-003/2024(H5N1)	2217	8968
PB1|PP755595.1|A/cattle/Texas/24-008749-003/2024(H5N1)	2218	8853
PB1|PP755595.1|A/cattle/Texas/24-008749-003/2024(H5N1)	2219	8837
PB1|PP755595.1|A/cattle/Texas/24-008749-003/2024(H5N1)	2220	8802
PB1|PP755595.1|A/cattle/Texas/24-008749-003/2024(H5N1)	2221	8762
PB1|PP755595.1|A/cattle/Texas/24-008749-003/2024(H5N1)	2222	8699
PB1|PP755595.1|A/cattle/Texas/24-008749-003/2024(H5N1)	2223	8688
PB1|PP755595.1|A/cattle/Texas/24-008749-003/2024(H5N1)	2224	8687
PB1|PP755595.1|A/cattle/Texas/24-008749-003/2024(H5N1)	2225	8411
PB1|PP755595.1|A/cattle/Texas/24-008749-003/2024(H5N1)	2226	8407
PB1|PP755595.1|A/cattle/Texas/24-008749-003/2024(H5N1)	2227	8397
PB1|PP755595.1|A/cattle/Texas/24-008749-003/2024(H5N1)	2228	8375
PB1|PP755595.1|A/cattle/Texas/24-008749-003/2024(H5N1)	2229	8367
PB1|PP755595.1|A/cattle/Texas/24-008749-003/2024(H5N1)	2230	8334
PB1|PP755595.1|A/cattle/Texas/24-008749-003/2024(H5N1)	2231	8329
PB1|PP755595.1|A/cattle/Texas/24-008749-003/2024(H5N1)	2232	8317
PB1|PP755595.1|A/cattle/Texas/24-008749-003/2024(H5N1)	2233	8298
PB1|PP755595.1|A/cattle/Texas/24-008749-003/2024(H5N1)	2234	8250
PB1|PP755595.1|A/cattle/Texas/24-008749-003/2024(H5N1)	2235	8121
PB1|PP755595.1|A/cattle/Texas/24-008749-003/2024(H5N1)	2236	8020
PB1|PP755595.1|A/cattle/Texas/24-008749-003/2024(H5N1)	2237	7995
PB1|PP755595.1|A/cattle/Texas/24-008749-003/2024(H5N1)	2238	7954
PB1|PP755595.1|A/cattle/Texas/24-008749-003/2024(H5N1)	2239	7713
PB1|PP755595.1|A/cattle/Texas/24-008749-003/2024(H5N1)	2240	7725
PB1|PP755595.1|A/cattle/Texas/24-008749-003/2024(H5N1)	2241	7721
PB1|PP755595.1|A/cattle/Texas/24-008749-003/2024(H5N1)	2242	7721
PB1|PP755595.1|A/cattle/Texas/24-008749-003/2024(H5N1)	2243	7708
PB1|PP755595.1|A/cattle/Texas/24-008749-003/2024(H5N1)	2244	7439
PB1|PP755595.1|A/cattle/Texas/24-008749-003/2024(H5N1)	2245	7437
PB1|PP755595.1|A/cattle/Texas/24-008749-003/2024(H5N1)	2246	7441
PB1|PP755595.1|A/cattle/Texas/24-008749-003/2024(H5N1)	2247	7273
PB1|PP755595.1|A/cattle/Texas/24-008749-003/2024(H5N1)	2248	7226
PB1|PP755595.1|A/cattle/Texas/24-008749-003/2024(H5N1)	2249	7094
PB1|PP755595.1|A/cattle/Texas/24-008749-003/2024(H5N1)	2250	7043
PB1|PP755595.1|A/cattle/Texas/24-008749-003/2024(H5N1)	2251	7026
PB1|PP755595.1|A/cattle/Texas/24-008749-003/2024(H5N1)	2252	7012
PB1|PP755595.1|A/cattle/Texas/24-008749-003/2024(H5N1)	2253	6995
PB1|PP755595.1|A/cattle/Texas/24-008749-003/2024(H5N1)	2254	6983
PB1|PP755595.1|A/cattle/Texas/24-008749-003/2024(H5N1)	2255	6061
PB1|PP755595.1|A/cattle/Texas/24-008749-003/2024(H5N1)	2256	6045
PB1|PP755595.1|A/cattle/Texas/24-008749-003/2024(H5N1)	2257	5861
PB1|PP755595.1|A/cattle/Texas/24-008749-003/2024(H5N1)	2258	5802
PB1|PP755595.1|A/cattle/Texas/24-008749-003/2024(H5N1)	2259	5797
PB1|PP755595.1|A/cattle/Texas/24-008749-003/2024(H5N1)	2260	5685
PB1|PP755595.1|A/cattle/Texas/24-008749-003/2024(H5N1)	2261	5629
PB1|PP755595.1|A/cattle/Texas/24-008749-003/2024(H5N1)	2262	5622
PB1|PP755595.1|A/cattle/Texas/24-008749-003/2024(H5N1)	2263	5509
PB1|PP755595.1|A/cattle/Texas/24-008749-003/2024(H5N1)	2264	5437
PB1|PP755595.1|A/cattle/Texas/24-008749-003/2024(H5N1)	2265	5208
PB1|PP755595.1|A/cattle/Texas/24-008749-003/2024(H5N1)	2266	5184
PB1|PP755595.1|A/cattle/Texas/24-008749-003/2024(H5N1)	2267	5169
PB1|PP755595.1|A/cattle/Texas/24-008749-003/2024(H5N1)	2268	4987
PB1|PP755595.1|A/cattle/Texas/24-008749-003/2024(H5N1)	2269	4985
PB1|PP755595.1|A/cattle/Texas/24-008749-003/2024(H5N1)	2270	4983
PB1|PP755595.1|A/cattle/Texas/24-008749-003/2024(H5N1)	2271	4981
PB1|PP755595.1|A/cattle/Texas/24-008749-003/2024(H5N1)	2272	4970
PB1|PP755595.1|A/cattle/Texas/24-008749-003/2024(H5N1)	2273	4883
PB1|PP755595.1|A/cattle/Texas/24-008749-003/2024(H5N1)	2274	4868
