NS|PP755593.1|A/cattle/Texas/24-008749-003/2024(H5N1)	1	15200
NS|PP755593.1|A/cattle/Texas/24-008749-003/2024(H5N1)	2	15255
NS|PP755593.1|A/cattle/Texas/24-008749-003/2024(H5N1)	3	15715
NS|PP755593.1|A/cattle/Texas/24-008749-003/2024(H5N1)	4	16314
NS|PP755593.1|A/cattle/Texas/24-008749-003/2024(H5N1)	5	16939
NS|PP755593.1|A/cattle/Texas/24-008749-003/2024(H5N1)	6	23104
NS|PP755593.1|A/cattle/Texas/24-008749-003/2024(H5N1)	7	23115
NS|PP755593.1|A/cattle/Texas/24-008749-003/2024(H5N1)	8	23482
NS|PP755593.1|A/cattle/Texas/24-008749-003/2024(H5N1)	9	23748
NS|PP755593.1|A/cattle/Texas/24-008749-003/2024(H5N1)	10	23782
NS|PP755593.1|A/cattle/Texas/24-008749-003/2024(H5N1)	11	24235
NS|PP755593.1|A/cattle/Texas/24-008749-003/2024(H5N1)	12	24254
NS|PP755593.1|A/cattle/Texas/24-008749-003/2024(H5N1)	13	24281
NS|PP755593.1|A/cattle/Texas/24-008749-003/2024(H5N1)	14	24326
NS|PP755593.1|A/cattle/Texas/24-008749-003/2024(H5N1)	15	24345
NS|PP755593.1|A/cattle/Texas/24-008749-003/2024(H5N1)	16	29085
NS|PP755593.1|A/cattle/Texas/24-008749-003/2024(H5N1)	17	29163
NS|PP755593.1|A/cattle/Texas/24-008749-003/2024(H5N1)	18	29244
NS|PP755593.1|A/cattle/Texas/24-008749-003/2024(H5N1)	19	29257
NS|PP755593.1|A/cattle/Texas/24-008749-003/2024(H5N1)	20	29273
NS|PP755593.1|A/cattle/Texas/24-008749-003/2024(H5N1)	21	29296
NS|PP755593.1|A/cattle/Texas/24-008749-003/2024(H5N1)	22	29297
NS|PP755593.1|A/cattle/Texas/24-008749-003/2024(H5N1)	23	29848
NS|PP755593.1|A/cattle/Texas/24-008749-003/2024(H5N1)	24	30186
NS|PP755593.1|A/cattle/Texas/24-008749-003/2024(H5N1)	25	30205
NS|PP755593.1|A/cattle/Texas/24-008749-003/2024(H5N1)	26	30387
NS|PP755593.1|A/cattle/Texas/24-008749-003/2024(H5N1)	27	30405
NS|PP755593.1|A/cattle/Texas/24-008749-003/2024(H5N1)	28	31333
NS|PP755593.1|A/cattle/Texas/24-008749-003/2024(H5N1)	29	31343
NS|PP755593.1|A/cattle/Texas/24-008749-003/2024(H5N1)	30	31549
NS|PP755593.1|A/cattle/Texas/24-008749-003/2024(H5N1)	31	31788
NS|PP755593.1|A/cattle/Texas/24-008749-003/2024(H5N1)	32	32071
NS|PP755593.1|A/cattle/Texas/24-008749-003/2024(H5N1)	33	32121
NS|PP755593.1|A/cattle/Texas/24-008749-003/2024(H5N1)	34	32223
NS|PP755593.1|A/cattle/Texas/24-008749-003/2024(H5N1)	35	32495
NS|PP755593.1|A/cattle/Texas/24-008749-003/2024(H5N1)	36	32637
NS|PP755593.1|A/cattle/Texas/24-008749-003/2024(H5N1)	37	32668
NS|PP755593.1|A/cattle/Texas/24-008749-003/2024(H5N1)	38	33226
NS|PP755593.1|A/cattle/Texas/24-008749-003/2024(H5N1)	39	33444
NS|PP755593.1|A/cattle/Texas/24-008749-003/2024(H5N1)	40	33449
NS|PP755593.1|A/cattle/Texas/24-008749-003/2024(H5N1)	41	33798
NS|PP755593.1|A/cattle/Texas/24-008749-003/2024(H5N1)	42	34011
NS|PP755593.1|A/cattle/Texas/24-008749-003/2024(H5N1)	43	34197
NS|PP755593.1|A/cattle/Texas/24-008749-003/2024(H5N1)	44	34339
NS|PP755593.1|A/cattle/Texas/24-008749-003/2024(H5N1)	45	34362
NS|PP755593.1|A/cattle/Texas/24-008749-003/2024(H5N1)	46	34703
NS|PP755593.1|A/cattle/Texas/24-008749-003/2024(H5N1)	47	34746
NS|PP755593.1|A/cattle/Texas/24-008749-003/2024(H5N1)	48	34768
NS|PP755593.1|A/cattle/Texas/24-008749-003/2024(H5N1)	49	34838
NS|PP755593.1|A/cattle/Texas/24-008749-003/2024(H5N1)	50	34855
NS|PP755593.1|A/cattle/Texas/24-008749-003/2024(H5N1)	51	35379
NS|PP755593.1|A/cattle/Texas/24-008749-003/2024(H5N1)	52	35677
NS|PP755593.1|A/cattle/Texas/24-008749-003/2024(H5N1)	53	35795
NS|PP755593.1|A/cattle/Texas/24-008749-003/2024(H5N1)	54	35896
NS|PP755593.1|A/cattle/Texas/24-008749-003/2024(H5N1)	55	35951
NS|PP755593.1|A/cattle/Texas/24-008749-003/2024(H5N1)	56	35956
NS|PP755593.1|A/cattle/Texas/24-008749-003/2024(H5N1)	57	35991
NS|PP755593.1|A/cattle/Texas/24-008749-003/2024(H5N1)	58	36174
NS|PP755593.1|A/cattle/Texas/24-008749-003/2024(H5N1)	59	36209
NS|PP755593.1|A/cattle/Texas/24-008749-003/2024(H5N1)	60	36298
NS|PP755593.1|A/cattle/Texas/24-008749-003/2024(H5N1)	61	36563
NS|PP755593.1|A/cattle/Texas/24-008749-003/2024(H5N1)	62	36599
NS|PP755593.1|A/cattle/Texas/24-008749-003/2024(H5N1)	63	36616
NS|PP755593.1|A/cattle/Texas/24-008749-003/2024(H5N1)	64	36684
NS|PP755593.1|A/cattle/Texas/24-008749-003/2024(H5N1)	65	36757
NS|PP755593.1|A/cattle/Texas/24-008749-003/2024(H5N1)	66	36780
NS|PP755593.1|A/cattle/Texas/24-008749-003/2024(H5N1)	67	36783
NS|PP755593.1|A/cattle/Texas/24-008749-003/2024(H5N1)	68	36802
NS|PP755593.1|A/cattle/Texas/24-008749-003/2024(H5N1)	69	36797
NS|PP755593.1|A/cattle/Texas/24-008749-003/2024(H5N1)	70	37175
NS|PP755593.1|A/cattle/Texas/24-008749-003/2024(H5N1)	71	38323
NS|PP755593.1|A/cattle/Texas/24-008749-003/2024(H5N1)	72	38800
NS|PP755593.1|A/cattle/Texas/24-008749-003/2024(H5N1)	73	38933
NS|PP755593.1|A/cattle/Texas/24-008749-003/2024(H5N1)	74	38960
NS|PP755593.1|A/cattle/Texas/24-008749-003/2024(H5N1)	75	39050
NS|PP755593.1|A/cattle/Texas/24-008749-003/2024(H5N1)	76	40569
NS|PP755593.1|A/cattle/Texas/24-008749-003/2024(H5N1)	77	41575
NS|PP755593.1|A/cattle/Texas/24-008749-003/2024(H5N1)	78	41658
NS|PP755593.1|A/cattle/Texas/24-008749-003/2024(H5N1)	79	41702
NS|PP755593.1|A/cattle/Texas/24-008749-003/2024(H5N1)	80	41571
NS|PP755593.1|A/cattle/Texas/24-008749-003/2024(H5N1)	81	42115
NS|PP755593.1|A/cattle/Texas/24-008749-003/2024(H5N1)	82	42214
NS|PP755593.1|A/cattle/Texas/24-008749-003/2024(H5N1)	83	42741
NS|PP755593.1|A/cattle/Texas/24-008749-003/2024(H5N1)	84	42765
NS|PP755593.1|A/cattle/Texas/24-008749-003/2024(H5N1)	85	42603
NS|PP755593.1|A/cattle/Texas/24-008749-003/2024(H5N1)	86	42693
NS|PP755593.1|A/cattle/Texas/24-008749-003/2024(H5N1)	87	42855
NS|PP755593.1|A/cattle/Texas/24-008749-003/2024(H5N1)	88	43528
NS|PP755593.1|A/cattle/Texas/24-008749-003/2024(H5N1)	89	44184
NS|PP755593.1|A/cattle/Texas/24-008749-003/2024(H5N1)	90	44246
NS|PP755593.1|A/cattle/Texas/24-008749-003/2024(H5N1)	91	44313
NS|PP755593.1|A/cattle/Texas/24-008749-003/2024(H5N1)	92	44290
NS|PP755593.1|A/cattle/Texas/24-008749-003/2024(H5N1)	93	44344
NS|PP755593.1|A/cattle/Texas/24-008749-003/2024(H5N1)	94	45080
NS|PP755593.1|A/cattle/Texas/24-008749-003/2024(H5N1)	95	45665
NS|PP755593.1|A/cattle/Texas/24-008749-003/2024(H5N1)	96	46205
NS|PP755593.1|A/cattle/Texas/24-008749-003/2024(H5N1)	97	46239
NS|PP755593.1|A/cattle/Texas/24-008749-003/2024(H5N1)	98	46319
NS|PP755593.1|A/cattle/Texas/24-008749-003/2024(H5N1)	99	46314
NS|PP755593.1|A/cattle/Texas/24-008749-003/2024(H5N1)	100	46441
NS|PP755593.1|A/cattle/Texas/24-008749-003/2024(H5N1)	101	46472
NS|PP755593.1|A/cattle/Texas/24-008749-003/2024(H5N1)	102	46539
NS|PP755593.1|A/cattle/Texas/24-008749-003/2024(H5N1)	103	46724
NS|PP755593.1|A/cattle/Texas/24-008749-003/2024(H5N1)	104	46647
NS|PP755593.1|A/cattle/Texas/24-008749-003/2024(H5N1)	105	48155
NS|PP755593.1|A/cattle/Texas/24-008749-003/2024(H5N1)	106	48192
NS|PP755593.1|A/cattle/Texas/24-008749-003/2024(H5N1)	107	48226
NS|PP755593.1|A/cattle/Texas/24-008749-003/2024(H5N1)	108	48347
NS|PP755593.1|A/cattle/Texas/24-008749-003/2024(H5N1)	109	49186
NS|PP755593.1|A/cattle/Texas/24-008749-003/2024(H5N1)	110	49560
NS|PP755593.1|A/cattle/Texas/24-008749-003/2024(H5N1)	111	49587
NS|PP755593.1|A/cattle/Texas/24-008749-003/2024(H5N1)	112	49594
NS|PP755593.1|A/cattle/Texas/24-008749-003/2024(H5N1)	113	49594
NS|PP755593.1|A/cattle/Texas/24-008749-003/2024(H5N1)	114	49440
NS|PP755593.1|A/cattle/Texas/24-008749-003/2024(H5N1)	115	50551
NS|PP755593.1|A/cattle/Texas/24-008749-003/2024(H5N1)	116	51247
NS|PP755593.1|A/cattle/Texas/24-008749-003/2024(H5N1)	117	51424
NS|PP755593.1|A/cattle/Texas/24-008749-003/2024(H5N1)	118	51406
NS|PP755593.1|A/cattle/Texas/24-008749-003/2024(H5N1)	119	51276
NS|PP755593.1|A/cattle/Texas/24-008749-003/2024(H5N1)	120	51228
NS|PP755593.1|A/cattle/Texas/24-008749-003/2024(H5N1)	121	51568
NS|PP755593.1|A/cattle/Texas/24-008749-003/2024(H5N1)	122	51501
NS|PP755593.1|A/cattle/Texas/24-008749-003/2024(H5N1)	123	51789
NS|PP755593.1|A/cattle/Texas/24-008749-003/2024(H5N1)	124	53385
NS|PP755593.1|A/cattle/Texas/24-008749-003/2024(H5N1)	125	43581
NS|PP755593.1|A/cattle/Texas/24-008749-003/2024(H5N1)	126	43526
NS|PP755593.1|A/cattle/Texas/24-008749-003/2024(H5N1)	127	43510
NS|PP755593.1|A/cattle/Texas/24-008749-003/2024(H5N1)	128	43551
NS|PP755593.1|A/cattle/Texas/24-008749-003/2024(H5N1)	129	43652
NS|PP755593.1|A/cattle/Texas/24-008749-003/2024(H5N1)	130	43389
NS|PP755593.1|A/cattle/Texas/24-008749-003/2024(H5N1)	131	43994
NS|PP755593.1|A/cattle/Texas/24-008749-003/2024(H5N1)	132	43935
NS|PP755593.1|A/cattle/Texas/24-008749-003/2024(H5N1)	133	44277
NS|PP755593.1|A/cattle/Texas/24-008749-003/2024(H5N1)	134	44420
NS|PP755593.1|A/cattle/Texas/24-008749-003/2024(H5N1)	135	44426
NS|PP755593.1|A/cattle/Texas/24-008749-003/2024(H5N1)	136	44105
NS|PP755593.1|A/cattle/Texas/24-008749-003/2024(H5N1)	137	44100
NS|PP755593.1|A/cattle/Texas/24-008749-003/2024(H5N1)	138	44786
NS|PP755593.1|A/cattle/Texas/24-008749-003/2024(H5N1)	139	44920
NS|PP755593.1|A/cattle/Texas/24-008749-003/2024(H5N1)	140	45975
NS|PP755593.1|A/cattle/Texas/24-008749-003/2024(H5N1)	141	45857
NS|PP755593.1|A/cattle/Texas/24-008749-003/2024(H5N1)	142	45757
NS|PP755593.1|A/cattle/Texas/24-008749-003/2024(H5N1)	143	45879
NS|PP755593.1|A/cattle/Texas/24-008749-003/2024(H5N1)	144	46614
NS|PP755593.1|A/cattle/Texas/24-008749-003/2024(H5N1)	145	46611
NS|PP755593.1|A/cattle/Texas/24-008749-003/2024(H5N1)	146	48003
NS|PP755593.1|A/cattle/Texas/24-008749-003/2024(H5N1)	147	47835
NS|PP755593.1|A/cattle/Texas/24-008749-003/2024(H5N1)	148	47822
NS|PP755593.1|A/cattle/Texas/24-008749-003/2024(H5N1)	149	48540
NS|PP755593.1|A/cattle/Texas/24-008749-003/2024(H5N1)	150	48527
NS|PP755593.1|A/cattle/Texas/24-008749-003/2024(H5N1)	151	49747
NS|PP755593.1|A/cattle/Texas/24-008749-003/2024(H5N1)	152	50034
NS|PP755593.1|A/cattle/Texas/24-008749-003/2024(H5N1)	153	50342
NS|PP755593.1|A/cattle/Texas/24-008749-003/2024(H5N1)	154	44064
NS|PP755593.1|A/cattle/Texas/24-008749-003/2024(H5N1)	155	43405
NS|PP755593.1|A/cattle/Texas/24-008749-003/2024(H5N1)	156	43544
NS|PP755593.1|A/cattle/Texas/24-008749-003/2024(H5N1)	157	43542
NS|PP755593.1|A/cattle/Texas/24-008749-003/2024(H5N1)	158	43778
NS|PP755593.1|A/cattle/Texas/24-008749-003/2024(H5N1)	159	43990
NS|PP755593.1|A/cattle/Texas/24-008749-003/2024(H5N1)	160	43594
NS|PP755593.1|A/cattle/Texas/24-008749-003/2024(H5N1)	161	43590
NS|PP755593.1|A/cattle/Texas/24-008749-003/2024(H5N1)	162	43213
NS|PP755593.1|A/cattle/Texas/24-008749-003/2024(H5N1)	163	43234
NS|PP755593.1|A/cattle/Texas/24-008749-003/2024(H5N1)	164	44866
NS|PP755593.1|A/cattle/Texas/24-008749-003/2024(H5N1)	165	44821
NS|PP755593.1|A/cattle/Texas/24-008749-003/2024(H5N1)	166	45558
NS|PP755593.1|A/cattle/Texas/24-008749-003/2024(H5N1)	167	41438
NS|PP755593.1|A/cattle/Texas/24-008749-003/2024(H5N1)	168	41403
NS|PP755593.1|A/cattle/Texas/24-008749-003/2024(H5N1)	169	41417
NS|PP755593.1|A/cattle/Texas/24-008749-003/2024(H5N1)	170	42001
NS|PP755593.1|A/cattle/Texas/24-008749-003/2024(H5N1)	171	42946
NS|PP755593.1|A/cattle/Texas/24-008749-003/2024(H5N1)	172	42931
NS|PP755593.1|A/cattle/Texas/24-008749-003/2024(H5N1)	173	43034
NS|PP755593.1|A/cattle/Texas/24-008749-003/2024(H5N1)	174	43005
NS|PP755593.1|A/cattle/Texas/24-008749-003/2024(H5N1)	175	43080
NS|PP755593.1|A/cattle/Texas/24-008749-003/2024(H5N1)	176	43727
NS|PP755593.1|A/cattle/Texas/24-008749-003/2024(H5N1)	177	43547
NS|PP755593.1|A/cattle/Texas/24-008749-003/2024(H5N1)	178	43436
NS|PP755593.1|A/cattle/Texas/24-008749-003/2024(H5N1)	179	42702
NS|PP755593.1|A/cattle/Texas/24-008749-003/2024(H5N1)	180	42493
NS|PP755593.1|A/cattle/Texas/24-008749-003/2024(H5N1)	181	43118
NS|PP755593.1|A/cattle/Texas/24-008749-003/2024(H5N1)	182	43113
NS|PP755593.1|A/cattle/Texas/24-008749-003/2024(H5N1)	183	43626
NS|PP755593.1|A/cattle/Texas/24-008749-003/2024(H5N1)	184	43580
NS|PP755593.1|A/cattle/Texas/24-008749-003/2024(H5N1)	185	43228
NS|PP755593.1|A/cattle/Texas/24-008749-003/2024(H5N1)	186	43617
NS|PP755593.1|A/cattle/Texas/24-008749-003/2024(H5N1)	187	43563
NS|PP755593.1|A/cattle/Texas/24-008749-003/2024(H5N1)	188	44235
NS|PP755593.1|A/cattle/Texas/24-008749-003/2024(H5N1)	189	43873
NS|PP755593.1|A/cattle/Texas/24-008749-003/2024(H5N1)	190	43878
NS|PP755593.1|A/cattle/Texas/24-008749-003/2024(H5N1)	191	44062
NS|PP755593.1|A/cattle/Texas/24-008749-003/2024(H5N1)	192	43722
NS|PP755593.1|A/cattle/Texas/24-008749-003/2024(H5N1)	193	44827
NS|PP755593.1|A/cattle/Texas/24-008749-003/2024(H5N1)	194	44644
NS|PP755593.1|A/cattle/Texas/24-008749-003/2024(H5N1)	195	44546
NS|PP755593.1|A/cattle/Texas/24-008749-003/2024(H5N1)	196	45024
NS|PP755593.1|A/cattle/Texas/24-008749-003/2024(H5N1)	197	44655
NS|PP755593.1|A/cattle/Texas/24-008749-003/2024(H5N1)	198	44604
NS|PP755593.1|A/cattle/Texas/24-008749-003/2024(H5N1)	199	44738
NS|PP755593.1|A/cattle/Texas/24-008749-003/2024(H5N1)	200	45532
NS|PP755593.1|A/cattle/Texas/24-008749-003/2024(H5N1)	201	45602
NS|PP755593.1|A/cattle/Texas/24-008749-003/2024(H5N1)	202	45344
NS|PP755593.1|A/cattle/Texas/24-008749-003/2024(H5N1)	203	45518
NS|PP755593.1|A/cattle/Texas/24-008749-003/2024(H5N1)	204	45430
NS|PP755593.1|A/cattle/Texas/24-008749-003/2024(H5N1)	205	47430
NS|PP755593.1|A/cattle/Texas/24-008749-003/2024(H5N1)	206	47457
NS|PP755593.1|A/cattle/Texas/24-008749-003/2024(H5N1)	207	47499
NS|PP755593.1|A/cattle/Texas/24-008749-003/2024(H5N1)	208	47536
NS|PP755593.1|A/cattle/Texas/24-008749-003/2024(H5N1)	209	47325
NS|PP755593.1|A/cattle/Texas/24-008749-003/2024(H5N1)	210	47404
NS|PP755593.1|A/cattle/Texas/24-008749-003/2024(H5N1)	211	47497
NS|PP755593.1|A/cattle/Texas/24-008749-003/2024(H5N1)	212	48859
NS|PP755593.1|A/cattle/Texas/24-008749-003/2024(H5N1)	213	48824
NS|PP755593.1|A/cattle/Texas/24-008749-003/2024(H5N1)	214	49094
NS|PP755593.1|A/cattle/Texas/24-008749-003/2024(H5N1)	215	49204
NS|PP755593.1|A/cattle/Texas/24-008749-003/2024(H5N1)	216	49444
NS|PP755593.1|A/cattle/Texas/24-008749-003/2024(H5N1)	217	49436
NS|PP755593.1|A/cattle/Texas/24-008749-003/2024(H5N1)	218	49499
NS|PP755593.1|A/cattle/Texas/24-008749-003/2024(H5N1)	219	49665
NS|PP755593.1|A/cattle/Texas/24-008749-003/2024(H5N1)	220	49598
NS|PP755593.1|A/cattle/Texas/24-008749-003/2024(H5N1)	221	49580
NS|PP755593.1|A/cattle/Texas/24-008749-003/2024(H5N1)	222	47987
NS|PP755593.1|A/cattle/Texas/24-008749-003/2024(H5N1)	223	47878
NS|PP755593.1|A/cattle/Texas/24-008749-003/2024(H5N1)	224	49183
NS|PP755593.1|A/cattle/Texas/24-008749-003/2024(H5N1)	225	49186
NS|PP755593.1|A/cattle/Texas/24-008749-003/2024(H5N1)	226	49399
NS|PP755593.1|A/cattle/Texas/24-008749-003/2024(H5N1)	227	48323
NS|PP755593.1|A/cattle/Texas/24-008749-003/2024(H5N1)	228	47378
NS|PP755593.1|A/cattle/Texas/24-008749-003/2024(H5N1)	229	47556
NS|PP755593.1|A/cattle/Texas/24-008749-003/2024(H5N1)	230	47672
NS|PP755593.1|A/cattle/Texas/24-008749-003/2024(H5N1)	231	48202
NS|PP755593.1|A/cattle/Texas/24-008749-003/2024(H5N1)	232	48208
NS|PP755593.1|A/cattle/Texas/24-008749-003/2024(H5N1)	233	48347
NS|PP755593.1|A/cattle/Texas/24-008749-003/2024(H5N1)	234	47864
NS|PP755593.1|A/cattle/Texas/24-008749-003/2024(H5N1)	235	47842
NS|PP755593.1|A/cattle/Texas/24-008749-003/2024(H5N1)	236	48547
NS|PP755593.1|A/cattle/Texas/24-008749-003/2024(H5N1)	237	48683
NS|PP755593.1|A/cattle/Texas/24-008749-003/2024(H5N1)	238	50031
NS|PP755593.1|A/cattle/Texas/24-008749-003/2024(H5N1)	239	49388
NS|PP755593.1|A/cattle/Texas/24-008749-003/2024(H5N1)	240	49543
NS|PP755593.1|A/cattle/Texas/24-008749-003/2024(H5N1)	241	49607
NS|PP755593.1|A/cattle/Texas/24-008749-003/2024(H5N1)	242	49602
NS|PP755593.1|A/cattle/Texas/24-008749-003/2024(H5N1)	243	49654
NS|PP755593.1|A/cattle/Texas/24-008749-003/2024(H5N1)	244	49649
NS|PP755593.1|A/cattle/Texas/24-008749-003/2024(H5N1)	245	49067
NS|PP755593.1|A/cattle/Texas/24-008749-003/2024(H5N1)	246	49720
NS|PP755593.1|A/cattle/Texas/24-008749-003/2024(H5N1)	247	49203
NS|PP755593.1|A/cattle/Texas/24-008749-003/2024(H5N1)	248	49019
NS|PP755593.1|A/cattle/Texas/24-008749-003/2024(H5N1)	249	48907
NS|PP755593.1|A/cattle/Texas/24-008749-003/2024(H5N1)	250	49941
NS|PP755593.1|A/cattle/Texas/24-008749-003/2024(H5N1)	251	50141
NS|PP755593.1|A/cattle/Texas/24-008749-003/2024(H5N1)	252	50184
NS|PP755593.1|A/cattle/Texas/24-008749-003/2024(H5N1)	253	50292
NS|PP755593.1|A/cattle/Texas/24-008749-003/2024(H5N1)	254	49232
NS|PP755593.1|A/cattle/Texas/24-008749-003/2024(H5N1)	255	48482
NS|PP755593.1|A/cattle/Texas/24-008749-003/2024(H5N1)	256	49308
NS|PP755593.1|A/cattle/Texas/24-008749-003/2024(H5N1)	257	50156
NS|PP755593.1|A/cattle/Texas/24-008749-003/2024(H5N1)	258	50131
NS|PP755593.1|A/cattle/Texas/24-008749-003/2024(H5N1)	259	50270
NS|PP755593.1|A/cattle/Texas/24-008749-003/2024(H5N1)	260	49006
NS|PP755593.1|A/cattle/Texas/24-008749-003/2024(H5N1)	261	49368
NS|PP755593.1|A/cattle/Texas/24-008749-003/2024(H5N1)	262	49612
NS|PP755593.1|A/cattle/Texas/24-008749-003/2024(H5N1)	263	49600
NS|PP755593.1|A/cattle/Texas/24-008749-003/2024(H5N1)	264	49438
NS|PP755593.1|A/cattle/Texas/24-008749-003/2024(H5N1)	265	48666
NS|PP755593.1|A/cattle/Texas/24-008749-003/2024(H5N1)	266	50258
NS|PP755593.1|A/cattle/Texas/24-008749-003/2024(H5N1)	267	50389
NS|PP755593.1|A/cattle/Texas/24-008749-003/2024(H5N1)	268	50292
NS|PP755593.1|A/cattle/Texas/24-008749-003/2024(H5N1)	269	50357
NS|PP755593.1|A/cattle/Texas/24-008749-003/2024(H5N1)	270	50118
NS|PP755593.1|A/cattle/Texas/24-008749-003/2024(H5N1)	271	50197
NS|PP755593.1|A/cattle/Texas/24-008749-003/2024(H5N1)	272	49714
NS|PP755593.1|A/cattle/Texas/24-008749-003/2024(H5N1)	273	49118
NS|PP755593.1|A/cattle/Texas/24-008749-003/2024(H5N1)	274	49393
NS|PP755593.1|A/cattle/Texas/24-008749-003/2024(H5N1)	275	47893
NS|PP755593.1|A/cattle/Texas/24-008749-003/2024(H5N1)	276	47507
NS|PP755593.1|A/cattle/Texas/24-008749-003/2024(H5N1)	277	47514
NS|PP755593.1|A/cattle/Texas/24-008749-003/2024(H5N1)	278	47950
NS|PP755593.1|A/cattle/Texas/24-008749-003/2024(H5N1)	279	47909
NS|PP755593.1|A/cattle/Texas/24-008749-003/2024(H5N1)	280	47855
NS|PP755593.1|A/cattle/Texas/24-008749-003/2024(H5N1)	281	48864
NS|PP755593.1|A/cattle/Texas/24-008749-003/2024(H5N1)	282	48838
NS|PP755593.1|A/cattle/Texas/24-008749-003/2024(H5N1)	283	49147
NS|PP755593.1|A/cattle/Texas/24-008749-003/2024(H5N1)	284	49097
NS|PP755593.1|A/cattle/Texas/24-008749-003/2024(H5N1)	285	49086
NS|PP755593.1|A/cattle/Texas/24-008749-003/2024(H5N1)	286	49176
NS|PP755593.1|A/cattle/Texas/24-008749-003/2024(H5N1)	287	53428
NS|PP755593.1|A/cattle/Texas/24-008749-003/2024(H5N1)	288	53363
NS|PP755593.1|A/cattle/Texas/24-008749-003/2024(H5N1)	289	52797
NS|PP755593.1|A/cattle/Texas/24-008749-003/2024(H5N1)	290	51419
NS|PP755593.1|A/cattle/Texas/24-008749-003/2024(H5N1)	291	52388
NS|PP755593.1|A/cattle/Texas/24-008749-003/2024(H5N1)	292	53282
NS|PP755593.1|A/cattle/Texas/24-008749-003/2024(H5N1)	293	53660
NS|PP755593.1|A/cattle/Texas/24-008749-003/2024(H5N1)	294	53852
NS|PP755593.1|A/cattle/Texas/24-008749-003/2024(H5N1)	295	53889
NS|PP755593.1|A/cattle/Texas/24-008749-003/2024(H5N1)	296	52755
NS|PP755593.1|A/cattle/Texas/24-008749-003/2024(H5N1)	297	52754
NS|PP755593.1|A/cattle/Texas/24-008749-003/2024(H5N1)	298	52764
NS|PP755593.1|A/cattle/Texas/24-008749-003/2024(H5N1)	299	52788
NS|PP755593.1|A/cattle/Texas/24-008749-003/2024(H5N1)	300	52118
NS|PP755593.1|A/cattle/Texas/24-008749-003/2024(H5N1)	301	52374
NS|PP755593.1|A/cattle/Texas/24-008749-003/2024(H5N1)	302	51273
NS|PP755593.1|A/cattle/Texas/24-008749-003/2024(H5N1)	303	51148
NS|PP755593.1|A/cattle/Texas/24-008749-003/2024(H5N1)	304	50953
NS|PP755593.1|A/cattle/Texas/24-008749-003/2024(H5N1)	305	52648
NS|PP755593.1|A/cattle/Texas/24-008749-003/2024(H5N1)	306	53488
NS|PP755593.1|A/cattle/Texas/24-008749-003/2024(H5N1)	307	53614
NS|PP755593.1|A/cattle/Texas/24-008749-003/2024(H5N1)	308	53639
NS|PP755593.1|A/cattle/Texas/24-008749-003/2024(H5N1)	309	53393
NS|PP755593.1|A/cattle/Texas/24-008749-003/2024(H5N1)	310	53226
NS|PP755593.1|A/cattle/Texas/24-008749-003/2024(H5N1)	311	53401
NS|PP755593.1|A/cattle/Texas/24-008749-003/2024(H5N1)	312	53933
NS|PP755593.1|A/cattle/Texas/24-008749-003/2024(H5N1)	313	54464
NS|PP755593.1|A/cattle/Texas/24-008749-003/2024(H5N1)	314	52865
NS|PP755593.1|A/cattle/Texas/24-008749-003/2024(H5N1)	315	52167
NS|PP755593.1|A/cattle/Texas/24-008749-003/2024(H5N1)	316	52070
NS|PP755593.1|A/cattle/Texas/24-008749-003/2024(H5N1)	317	52334
NS|PP755593.1|A/cattle/Texas/24-008749-003/2024(H5N1)	318	52233
NS|PP755593.1|A/cattle/Texas/24-008749-003/2024(H5N1)	319	52701
NS|PP755593.1|A/cattle/Texas/24-008749-003/2024(H5N1)	320	52637
NS|PP755593.1|A/cattle/Texas/24-008749-003/2024(H5N1)	321	51559
NS|PP755593.1|A/cattle/Texas/24-008749-003/2024(H5N1)	322	51081
NS|PP755593.1|A/cattle/Texas/24-008749-003/2024(H5N1)	323	51314
NS|PP755593.1|A/cattle/Texas/24-008749-003/2024(H5N1)	324	50625
NS|PP755593.1|A/cattle/Texas/24-008749-003/2024(H5N1)	325	50594
NS|PP755593.1|A/cattle/Texas/24-008749-003/2024(H5N1)	326	50510
NS|PP755593.1|A/cattle/Texas/24-008749-003/2024(H5N1)	327	49945
NS|PP755593.1|A/cattle/Texas/24-008749-003/2024(H5N1)	328	49925
NS|PP755593.1|A/cattle/Texas/24-008749-003/2024(H5N1)	329	49980
NS|PP755593.1|A/cattle/Texas/24-008749-003/2024(H5N1)	330	49844
NS|PP755593.1|A/cattle/Texas/24-008749-003/2024(H5N1)	331	50016
NS|PP755593.1|A/cattle/Texas/24-008749-003/2024(H5N1)	332	49140
NS|PP755593.1|A/cattle/Texas/24-008749-003/2024(H5N1)	333	49120
NS|PP755593.1|A/cattle/Texas/24-008749-003/2024(H5N1)	334	48684
NS|PP755593.1|A/cattle/Texas/24-008749-003/2024(H5N1)	335	48682
NS|PP755593.1|A/cattle/Texas/24-008749-003/2024(H5N1)	336	48635
NS|PP755593.1|A/cattle/Texas/24-008749-003/2024(H5N1)	337	48776
NS|PP755593.1|A/cattle/Texas/24-008749-003/2024(H5N1)	338	48945
NS|PP755593.1|A/cattle/Texas/24-008749-003/2024(H5N1)	339	48283
NS|PP755593.1|A/cattle/Texas/24-008749-003/2024(H5N1)	340	48137
NS|PP755593.1|A/cattle/Texas/24-008749-003/2024(H5N1)	341	48515
NS|PP755593.1|A/cattle/Texas/24-008749-003/2024(H5N1)	342	48724
NS|PP755593.1|A/cattle/Texas/24-008749-003/2024(H5N1)	343	47764
NS|PP755593.1|A/cattle/Texas/24-008749-003/2024(H5N1)	344	47815
NS|PP755593.1|A/cattle/Texas/24-008749-003/2024(H5N1)	345	48107
NS|PP755593.1|A/cattle/Texas/24-008749-003/2024(H5N1)	346	47574
NS|PP755593.1|A/cattle/Texas/24-008749-003/2024(H5N1)	347	49700
NS|PP755593.1|A/cattle/Texas/24-008749-003/2024(H5N1)	348	49809
NS|PP755593.1|A/cattle/Texas/24-008749-003/2024(H5N1)	349	49792
NS|PP755593.1|A/cattle/Texas/24-008749-003/2024(H5N1)	350	49395
NS|PP755593.1|A/cattle/Texas/24-008749-003/2024(H5N1)	351	48958
NS|PP755593.1|A/cattle/Texas/24-008749-003/2024(H5N1)	352	48769
NS|PP755593.1|A/cattle/Texas/24-008749-003/2024(H5N1)	353	50280
NS|PP755593.1|A/cattle/Texas/24-008749-003/2024(H5N1)	354	51274
NS|PP755593.1|A/cattle/Texas/24-008749-003/2024(H5N1)	355	51955
NS|PP755593.1|A/cattle/Texas/24-008749-003/2024(H5N1)	356	49735
NS|PP755593.1|A/cattle/Texas/24-008749-003/2024(H5N1)	357	49844
NS|PP755593.1|A/cattle/Texas/24-008749-003/2024(H5N1)	358	50142
NS|PP755593.1|A/cattle/Texas/24-008749-003/2024(H5N1)	359	50392
NS|PP755593.1|A/cattle/Texas/24-008749-003/2024(H5N1)	360	50797
NS|PP755593.1|A/cattle/Texas/24-008749-003/2024(H5N1)	361	50618
NS|PP755593.1|A/cattle/Texas/24-008749-003/2024(H5N1)	362	48925
NS|PP755593.1|A/cattle/Texas/24-008749-003/2024(H5N1)	363	49264
NS|PP755593.1|A/cattle/Texas/24-008749-003/2024(H5N1)	364	49838
NS|PP755593.1|A/cattle/Texas/24-008749-003/2024(H5N1)	365	50916
NS|PP755593.1|A/cattle/Texas/24-008749-003/2024(H5N1)	366	50810
NS|PP755593.1|A/cattle/Texas/24-008749-003/2024(H5N1)	367	52056
NS|PP755593.1|A/cattle/Texas/24-008749-003/2024(H5N1)	368	52086
NS|PP755593.1|A/cattle/Texas/24-008749-003/2024(H5N1)	369	52300
NS|PP755593.1|A/cattle/Texas/24-008749-003/2024(H5N1)	370	51039
NS|PP755593.1|A/cattle/Texas/24-008749-003/2024(H5N1)	371	50976
NS|PP755593.1|A/cattle/Texas/24-008749-003/2024(H5N1)	372	50801
NS|PP755593.1|A/cattle/Texas/24-008749-003/2024(H5N1)	373	51495
NS|PP755593.1|A/cattle/Texas/24-008749-003/2024(H5N1)	374	51470
NS|PP755593.1|A/cattle/Texas/24-008749-003/2024(H5N1)	375	51675
NS|PP755593.1|A/cattle/Texas/24-008749-003/2024(H5N1)	376	51372
NS|PP755593.1|A/cattle/Texas/24-008749-003/2024(H5N1)	377	51324
NS|PP755593.1|A/cattle/Texas/24-008749-003/2024(H5N1)	378	52136
NS|PP755593.1|A/cattle/Texas/24-008749-003/2024(H5N1)	379	52112
NS|PP755593.1|A/cattle/Texas/24-008749-003/2024(H5N1)	380	52827
NS|PP755593.1|A/cattle/Texas/24-008749-003/2024(H5N1)	381	52572
NS|PP755593.1|A/cattle/Texas/24-008749-003/2024(H5N1)	382	52116
NS|PP755593.1|A/cattle/Texas/24-008749-003/2024(H5N1)	383	52190
NS|PP755593.1|A/cattle/Texas/24-008749-003/2024(H5N1)	384	51983
NS|PP755593.1|A/cattle/Texas/24-008749-003/2024(H5N1)	385	52297
NS|PP755593.1|A/cattle/Texas/24-008749-003/2024(H5N1)	386	52328
NS|PP755593.1|A/cattle/Texas/24-008749-003/2024(H5N1)	387	51598
NS|PP755593.1|A/cattle/Texas/24-008749-003/2024(H5N1)	388	51134
NS|PP755593.1|A/cattle/Texas/24-008749-003/2024(H5N1)	389	49942
NS|PP755593.1|A/cattle/Texas/24-008749-003/2024(H5N1)	390	49871
NS|PP755593.1|A/cattle/Texas/24-008749-003/2024(H5N1)	391	49729
NS|PP755593.1|A/cattle/Texas/24-008749-003/2024(H5N1)	392	49769
NS|PP755593.1|A/cattle/Texas/24-008749-003/2024(H5N1)	393	49803
NS|PP755593.1|A/cattle/Texas/24-008749-003/2024(H5N1)	394	49928
NS|PP755593.1|A/cattle/Texas/24-008749-003/2024(H5N1)	395	49526
NS|PP755593.1|A/cattle/Texas/24-008749-003/2024(H5N1)	396	49783
NS|PP755593.1|A/cattle/Texas/24-008749-003/2024(H5N1)	397	49051
NS|PP755593.1|A/cattle/Texas/24-008749-003/2024(H5N1)	398	50194
NS|PP755593.1|A/cattle/Texas/24-008749-003/2024(H5N1)	399	49880
NS|PP755593.1|A/cattle/Texas/24-008749-003/2024(H5N1)	400	49984
NS|PP755593.1|A/cattle/Texas/24-008749-003/2024(H5N1)	401	50294
NS|PP755593.1|A/cattle/Texas/24-008749-003/2024(H5N1)	402	50169
NS|PP755593.1|A/cattle/Texas/24-008749-003/2024(H5N1)	403	49977
NS|PP755593.1|A/cattle/Texas/24-008749-003/2024(H5N1)	404	50220
NS|PP755593.1|A/cattle/Texas/24-008749-003/2024(H5N1)	405	50375
NS|PP755593.1|A/cattle/Texas/24-008749-003/2024(H5N1)	406	50483
NS|PP755593.1|A/cattle/Texas/24-008749-003/2024(H5N1)	407	49434
NS|PP755593.1|A/cattle/Texas/24-008749-003/2024(H5N1)	408	48754
NS|PP755593.1|A/cattle/Texas/24-008749-003/2024(H5N1)	409	50275
NS|PP755593.1|A/cattle/Texas/24-008749-003/2024(H5N1)	410	50155
NS|PP755593.1|A/cattle/Texas/24-008749-003/2024(H5N1)	411	49997
NS|PP755593.1|A/cattle/Texas/24-008749-003/2024(H5N1)	412	49970
NS|PP755593.1|A/cattle/Texas/24-008749-003/2024(H5N1)	413	49836
NS|PP755593.1|A/cattle/Texas/24-008749-003/2024(H5N1)	414	49339
NS|PP755593.1|A/cattle/Texas/24-008749-003/2024(H5N1)	415	49240
NS|PP755593.1|A/cattle/Texas/24-008749-003/2024(H5N1)	416	49214
NS|PP755593.1|A/cattle/Texas/24-008749-003/2024(H5N1)	417	47688
NS|PP755593.1|A/cattle/Texas/24-008749-003/2024(H5N1)	418	47636
NS|PP755593.1|A/cattle/Texas/24-008749-003/2024(H5N1)	419	47633
NS|PP755593.1|A/cattle/Texas/24-008749-003/2024(H5N1)	420	48375
NS|PP755593.1|A/cattle/Texas/24-008749-003/2024(H5N1)	421	48491
NS|PP755593.1|A/cattle/Texas/24-008749-003/2024(H5N1)	422	50810
NS|PP755593.1|A/cattle/Texas/24-008749-003/2024(H5N1)	423	50979
NS|PP755593.1|A/cattle/Texas/24-008749-003/2024(H5N1)	424	51052
NS|PP755593.1|A/cattle/Texas/24-008749-003/2024(H5N1)	425	50913
NS|PP755593.1|A/cattle/Texas/24-008749-003/2024(H5N1)	426	50886
NS|PP755593.1|A/cattle/Texas/24-008749-003/2024(H5N1)	427	50846
NS|PP755593.1|A/cattle/Texas/24-008749-003/2024(H5N1)	428	55555
NS|PP755593.1|A/cattle/Texas/24-008749-003/2024(H5N1)	429	54798
NS|PP755593.1|A/cattle/Texas/24-008749-003/2024(H5N1)	430	54212
NS|PP755593.1|A/cattle/Texas/24-008749-003/2024(H5N1)	431	54220
NS|PP755593.1|A/cattle/Texas/24-008749-003/2024(H5N1)	432	55037
NS|PP755593.1|A/cattle/Texas/24-008749-003/2024(H5N1)	433	57015
NS|PP755593.1|A/cattle/Texas/24-008749-003/2024(H5N1)	434	56188
NS|PP755593.1|A/cattle/Texas/24-008749-003/2024(H5N1)	435	56160
NS|PP755593.1|A/cattle/Texas/24-008749-003/2024(H5N1)	436	56143
NS|PP755593.1|A/cattle/Texas/24-008749-003/2024(H5N1)	437	51387
NS|PP755593.1|A/cattle/Texas/24-008749-003/2024(H5N1)	438	52490
NS|PP755593.1|A/cattle/Texas/24-008749-003/2024(H5N1)	439	52224
NS|PP755593.1|A/cattle/Texas/24-008749-003/2024(H5N1)	440	52677
NS|PP755593.1|A/cattle/Texas/24-008749-003/2024(H5N1)	441	51859
NS|PP755593.1|A/cattle/Texas/24-008749-003/2024(H5N1)	442	49871
NS|PP755593.1|A/cattle/Texas/24-008749-003/2024(H5N1)	443	50193
NS|PP755593.1|A/cattle/Texas/24-008749-003/2024(H5N1)	444	49901
NS|PP755593.1|A/cattle/Texas/24-008749-003/2024(H5N1)	445	49690
NS|PP755593.1|A/cattle/Texas/24-008749-003/2024(H5N1)	446	49613
NS|PP755593.1|A/cattle/Texas/24-008749-003/2024(H5N1)	447	49430
NS|PP755593.1|A/cattle/Texas/24-008749-003/2024(H5N1)	448	49495
NS|PP755593.1|A/cattle/Texas/24-008749-003/2024(H5N1)	449	49767
NS|PP755593.1|A/cattle/Texas/24-008749-003/2024(H5N1)	450	49747
NS|PP755593.1|A/cattle/Texas/24-008749-003/2024(H5N1)	451	49912
NS|PP755593.1|A/cattle/Texas/24-008749-003/2024(H5N1)	452	49893
NS|PP755593.1|A/cattle/Texas/24-008749-003/2024(H5N1)	453	49487
NS|PP755593.1|A/cattle/Texas/24-008749-003/2024(H5N1)	454	49762
NS|PP755593.1|A/cattle/Texas/24-008749-003/2024(H5N1)	455	49822
NS|PP755593.1|A/cattle/Texas/24-008749-003/2024(H5N1)	456	48324
NS|PP755593.1|A/cattle/Texas/24-008749-003/2024(H5N1)	457	47634
NS|PP755593.1|A/cattle/Texas/24-008749-003/2024(H5N1)	458	47383
NS|PP755593.1|A/cattle/Texas/24-008749-003/2024(H5N1)	459	47485
NS|PP755593.1|A/cattle/Texas/24-008749-003/2024(H5N1)	460	47354
NS|PP755593.1|A/cattle/Texas/24-008749-003/2024(H5N1)	461	47877
NS|PP755593.1|A/cattle/Texas/24-008749-003/2024(H5N1)	462	47787
NS|PP755593.1|A/cattle/Texas/24-008749-003/2024(H5N1)	463	47241
NS|PP755593.1|A/cattle/Texas/24-008749-003/2024(H5N1)	464	46879
NS|PP755593.1|A/cattle/Texas/24-008749-003/2024(H5N1)	465	46756
NS|PP755593.1|A/cattle/Texas/24-008749-003/2024(H5N1)	466	46763
NS|PP755593.1|A/cattle/Texas/24-008749-003/2024(H5N1)	467	47083
NS|PP755593.1|A/cattle/Texas/24-008749-003/2024(H5N1)	468	46834
NS|PP755593.1|A/cattle/Texas/24-008749-003/2024(H5N1)	469	46833
NS|PP755593.1|A/cattle/Texas/24-008749-003/2024(H5N1)	470	46257
NS|PP755593.1|A/cattle/Texas/24-008749-003/2024(H5N1)	471	46255
NS|PP755593.1|A/cattle/Texas/24-008749-003/2024(H5N1)	472	46258
NS|PP755593.1|A/cattle/Texas/24-008749-003/2024(H5N1)	473	47067
NS|PP755593.1|A/cattle/Texas/24-008749-003/2024(H5N1)	474	46896
NS|PP755593.1|A/cattle/Texas/24-008749-003/2024(H5N1)	475	46900
NS|PP755593.1|A/cattle/Texas/24-008749-003/2024(H5N1)	476	48371
NS|PP755593.1|A/cattle/Texas/24-008749-003/2024(H5N1)	477	48641
NS|PP755593.1|A/cattle/Texas/24-008749-003/2024(H5N1)	478	48655
NS|PP755593.1|A/cattle/Texas/24-008749-003/2024(H5N1)	479	48682
NS|PP755593.1|A/cattle/Texas/24-008749-003/2024(H5N1)	480	48936
NS|PP755593.1|A/cattle/Texas/24-008749-003/2024(H5N1)	481	48939
NS|PP755593.1|A/cattle/Texas/24-008749-003/2024(H5N1)	482	49996
NS|PP755593.1|A/cattle/Texas/24-008749-003/2024(H5N1)	483	50147
NS|PP755593.1|A/cattle/Texas/24-008749-003/2024(H5N1)	484	50392
NS|PP755593.1|A/cattle/Texas/24-008749-003/2024(H5N1)	485	50570
NS|PP755593.1|A/cattle/Texas/24-008749-003/2024(H5N1)	486	50512
NS|PP755593.1|A/cattle/Texas/24-008749-003/2024(H5N1)	487	50811
NS|PP755593.1|A/cattle/Texas/24-008749-003/2024(H5N1)	488	50382
NS|PP755593.1|A/cattle/Texas/24-008749-003/2024(H5N1)	489	50572
NS|PP755593.1|A/cattle/Texas/24-008749-003/2024(H5N1)	490	50784
NS|PP755593.1|A/cattle/Texas/24-008749-003/2024(H5N1)	491	50359
NS|PP755593.1|A/cattle/Texas/24-008749-003/2024(H5N1)	492	52900
NS|PP755593.1|A/cattle/Texas/24-008749-003/2024(H5N1)	493	52913
NS|PP755593.1|A/cattle/Texas/24-008749-003/2024(H5N1)	494	52678
NS|PP755593.1|A/cattle/Texas/24-008749-003/2024(H5N1)	495	52655
NS|PP755593.1|A/cattle/Texas/24-008749-003/2024(H5N1)	496	52249
NS|PP755593.1|A/cattle/Texas/24-008749-003/2024(H5N1)	497	52614
NS|PP755593.1|A/cattle/Texas/24-008749-003/2024(H5N1)	498	52459
NS|PP755593.1|A/cattle/Texas/24-008749-003/2024(H5N1)	499	52469
NS|PP755593.1|A/cattle/Texas/24-008749-003/2024(H5N1)	500	52395
NS|PP755593.1|A/cattle/Texas/24-008749-003/2024(H5N1)	501	52567
NS|PP755593.1|A/cattle/Texas/24-008749-003/2024(H5N1)	502	53337
NS|PP755593.1|A/cattle/Texas/24-008749-003/2024(H5N1)	503	54645
NS|PP755593.1|A/cattle/Texas/24-008749-003/2024(H5N1)	504	53442
NS|PP755593.1|A/cattle/Texas/24-008749-003/2024(H5N1)	505	52196
NS|PP755593.1|A/cattle/Texas/24-008749-003/2024(H5N1)	506	52467
NS|PP755593.1|A/cattle/Texas/24-008749-003/2024(H5N1)	507	52550
NS|PP755593.1|A/cattle/Texas/24-008749-003/2024(H5N1)	508	52568
NS|PP755593.1|A/cattle/Texas/24-008749-003/2024(H5N1)	509	53352
NS|PP755593.1|A/cattle/Texas/24-008749-003/2024(H5N1)	510	53087
NS|PP755593.1|A/cattle/Texas/24-008749-003/2024(H5N1)	511	52983
NS|PP755593.1|A/cattle/Texas/24-008749-003/2024(H5N1)	512	52801
NS|PP755593.1|A/cattle/Texas/24-008749-003/2024(H5N1)	513	52360
NS|PP755593.1|A/cattle/Texas/24-008749-003/2024(H5N1)	514	52037
NS|PP755593.1|A/cattle/Texas/24-008749-003/2024(H5N1)	515	50657
NS|PP755593.1|A/cattle/Texas/24-008749-003/2024(H5N1)	516	50644
NS|PP755593.1|A/cattle/Texas/24-008749-003/2024(H5N1)	517	50569
NS|PP755593.1|A/cattle/Texas/24-008749-003/2024(H5N1)	518	49328
NS|PP755593.1|A/cattle/Texas/24-008749-003/2024(H5N1)	519	49411
NS|PP755593.1|A/cattle/Texas/24-008749-003/2024(H5N1)	520	49129
NS|PP755593.1|A/cattle/Texas/24-008749-003/2024(H5N1)	521	48999
NS|PP755593.1|A/cattle/Texas/24-008749-003/2024(H5N1)	522	48974
NS|PP755593.1|A/cattle/Texas/24-008749-003/2024(H5N1)	523	48902
NS|PP755593.1|A/cattle/Texas/24-008749-003/2024(H5N1)	524	48520
NS|PP755593.1|A/cattle/Texas/24-008749-003/2024(H5N1)	525	48468
NS|PP755593.1|A/cattle/Texas/24-008749-003/2024(H5N1)	526	48271
NS|PP755593.1|A/cattle/Texas/24-008749-003/2024(H5N1)	527	48643
NS|PP755593.1|A/cattle/Texas/24-008749-003/2024(H5N1)	528	48574
NS|PP755593.1|A/cattle/Texas/24-008749-003/2024(H5N1)	529	47821
NS|PP755593.1|A/cattle/Texas/24-008749-003/2024(H5N1)	530	48530
NS|PP755593.1|A/cattle/Texas/24-008749-003/2024(H5N1)	531	48497
NS|PP755593.1|A/cattle/Texas/24-008749-003/2024(H5N1)	532	48754
NS|PP755593.1|A/cattle/Texas/24-008749-003/2024(H5N1)	533	48602
NS|PP755593.1|A/cattle/Texas/24-008749-003/2024(H5N1)	534	48546
NS|PP755593.1|A/cattle/Texas/24-008749-003/2024(H5N1)	535	48621
NS|PP755593.1|A/cattle/Texas/24-008749-003/2024(H5N1)	536	48298
NS|PP755593.1|A/cattle/Texas/24-008749-003/2024(H5N1)	537	48323
NS|PP755593.1|A/cattle/Texas/24-008749-003/2024(H5N1)	538	48479
NS|PP755593.1|A/cattle/Texas/24-008749-003/2024(H5N1)	539	48504
NS|PP755593.1|A/cattle/Texas/24-008749-003/2024(H5N1)	540	49334
NS|PP755593.1|A/cattle/Texas/24-008749-003/2024(H5N1)	541	49084
NS|PP755593.1|A/cattle/Texas/24-008749-003/2024(H5N1)	542	49055
NS|PP755593.1|A/cattle/Texas/24-008749-003/2024(H5N1)	543	49549
NS|PP755593.1|A/cattle/Texas/24-008749-003/2024(H5N1)	544	49481
NS|PP755593.1|A/cattle/Texas/24-008749-003/2024(H5N1)	545	49635
NS|PP755593.1|A/cattle/Texas/24-008749-003/2024(H5N1)	546	49613
NS|PP755593.1|A/cattle/Texas/24-008749-003/2024(H5N1)	547	49316
NS|PP755593.1|A/cattle/Texas/24-008749-003/2024(H5N1)	548	49321
NS|PP755593.1|A/cattle/Texas/24-008749-003/2024(H5N1)	549	48098
NS|PP755593.1|A/cattle/Texas/24-008749-003/2024(H5N1)	550	47641
NS|PP755593.1|A/cattle/Texas/24-008749-003/2024(H5N1)	551	48485
NS|PP755593.1|A/cattle/Texas/24-008749-003/2024(H5N1)	552	48011
NS|PP755593.1|A/cattle/Texas/24-008749-003/2024(H5N1)	553	48952
NS|PP755593.1|A/cattle/Texas/24-008749-003/2024(H5N1)	554	48966
NS|PP755593.1|A/cattle/Texas/24-008749-003/2024(H5N1)	555	48994
NS|PP755593.1|A/cattle/Texas/24-008749-003/2024(H5N1)	556	49196
NS|PP755593.1|A/cattle/Texas/24-008749-003/2024(H5N1)	557	49180
NS|PP755593.1|A/cattle/Texas/24-008749-003/2024(H5N1)	558	49199
NS|PP755593.1|A/cattle/Texas/24-008749-003/2024(H5N1)	559	49088
NS|PP755593.1|A/cattle/Texas/24-008749-003/2024(H5N1)	560	47639
NS|PP755593.1|A/cattle/Texas/24-008749-003/2024(H5N1)	561	47857
NS|PP755593.1|A/cattle/Texas/24-008749-003/2024(H5N1)	562	47710
NS|PP755593.1|A/cattle/Texas/24-008749-003/2024(H5N1)	563	47915
NS|PP755593.1|A/cattle/Texas/24-008749-003/2024(H5N1)	564	49972
NS|PP755593.1|A/cattle/Texas/24-008749-003/2024(H5N1)	565	50047
NS|PP755593.1|A/cattle/Texas/24-008749-003/2024(H5N1)	566	50192
NS|PP755593.1|A/cattle/Texas/24-008749-003/2024(H5N1)	567	51144
NS|PP755593.1|A/cattle/Texas/24-008749-003/2024(H5N1)	568	51115
NS|PP755593.1|A/cattle/Texas/24-008749-003/2024(H5N1)	569	51407
NS|PP755593.1|A/cattle/Texas/24-008749-003/2024(H5N1)	570	50538
NS|PP755593.1|A/cattle/Texas/24-008749-003/2024(H5N1)	571	50300
NS|PP755593.1|A/cattle/Texas/24-008749-003/2024(H5N1)	572	50621
NS|PP755593.1|A/cattle/Texas/24-008749-003/2024(H5N1)	573	47761
NS|PP755593.1|A/cattle/Texas/24-008749-003/2024(H5N1)	574	48428
NS|PP755593.1|A/cattle/Texas/24-008749-003/2024(H5N1)	575	48457
NS|PP755593.1|A/cattle/Texas/24-008749-003/2024(H5N1)	576	48457
NS|PP755593.1|A/cattle/Texas/24-008749-003/2024(H5N1)	577	50559
NS|PP755593.1|A/cattle/Texas/24-008749-003/2024(H5N1)	578	50334
NS|PP755593.1|A/cattle/Texas/24-008749-003/2024(H5N1)	579	46124
NS|PP755593.1|A/cattle/Texas/24-008749-003/2024(H5N1)	580	46107
NS|PP755593.1|A/cattle/Texas/24-008749-003/2024(H5N1)	581	45423
NS|PP755593.1|A/cattle/Texas/24-008749-003/2024(H5N1)	582	44588
NS|PP755593.1|A/cattle/Texas/24-008749-003/2024(H5N1)	583	43483
NS|PP755593.1|A/cattle/Texas/24-008749-003/2024(H5N1)	584	43428
NS|PP755593.1|A/cattle/Texas/24-008749-003/2024(H5N1)	585	43426
NS|PP755593.1|A/cattle/Texas/24-008749-003/2024(H5N1)	586	43439
NS|PP755593.1|A/cattle/Texas/24-008749-003/2024(H5N1)	587	45908
NS|PP755593.1|A/cattle/Texas/24-008749-003/2024(H5N1)	588	45946
NS|PP755593.1|A/cattle/Texas/24-008749-003/2024(H5N1)	589	45673
NS|PP755593.1|A/cattle/Texas/24-008749-003/2024(H5N1)	590	45693
NS|PP755593.1|A/cattle/Texas/24-008749-003/2024(H5N1)	591	45093
NS|PP755593.1|A/cattle/Texas/24-008749-003/2024(H5N1)	592	45244
NS|PP755593.1|A/cattle/Texas/24-008749-003/2024(H5N1)	593	45275
NS|PP755593.1|A/cattle/Texas/24-008749-003/2024(H5N1)	594	45018
NS|PP755593.1|A/cattle/Texas/24-008749-003/2024(H5N1)	595	44919
NS|PP755593.1|A/cattle/Texas/24-008749-003/2024(H5N1)	596	44834
NS|PP755593.1|A/cattle/Texas/24-008749-003/2024(H5N1)	597	44867
NS|PP755593.1|A/cattle/Texas/24-008749-003/2024(H5N1)	598	44152
NS|PP755593.1|A/cattle/Texas/24-008749-003/2024(H5N1)	599	44239
NS|PP755593.1|A/cattle/Texas/24-008749-003/2024(H5N1)	600	44123
NS|PP755593.1|A/cattle/Texas/24-008749-003/2024(H5N1)	601	44110
NS|PP755593.1|A/cattle/Texas/24-008749-003/2024(H5N1)	602	43943
NS|PP755593.1|A/cattle/Texas/24-008749-003/2024(H5N1)	603	44114
NS|PP755593.1|A/cattle/Texas/24-008749-003/2024(H5N1)	604	44174
NS|PP755593.1|A/cattle/Texas/24-008749-003/2024(H5N1)	605	43769
NS|PP755593.1|A/cattle/Texas/24-008749-003/2024(H5N1)	606	43685
NS|PP755593.1|A/cattle/Texas/24-008749-003/2024(H5N1)	607	43684
NS|PP755593.1|A/cattle/Texas/24-008749-003/2024(H5N1)	608	43499
NS|PP755593.1|A/cattle/Texas/24-008749-003/2024(H5N1)	609	43976
NS|PP755593.1|A/cattle/Texas/24-008749-003/2024(H5N1)	610	43728
NS|PP755593.1|A/cattle/Texas/24-008749-003/2024(H5N1)	611	43713
NS|PP755593.1|A/cattle/Texas/24-008749-003/2024(H5N1)	612	43129
NS|PP755593.1|A/cattle/Texas/24-008749-003/2024(H5N1)	613	43013
NS|PP755593.1|A/cattle/Texas/24-008749-003/2024(H5N1)	614	43406
NS|PP755593.1|A/cattle/Texas/24-008749-003/2024(H5N1)	615	43499
NS|PP755593.1|A/cattle/Texas/24-008749-003/2024(H5N1)	616	43451
NS|PP755593.1|A/cattle/Texas/24-008749-003/2024(H5N1)	617	44379
NS|PP755593.1|A/cattle/Texas/24-008749-003/2024(H5N1)	618	44529
NS|PP755593.1|A/cattle/Texas/24-008749-003/2024(H5N1)	619	44634
NS|PP755593.1|A/cattle/Texas/24-008749-003/2024(H5N1)	620	44666
NS|PP755593.1|A/cattle/Texas/24-008749-003/2024(H5N1)	621	44533
NS|PP755593.1|A/cattle/Texas/24-008749-003/2024(H5N1)	622	44707
NS|PP755593.1|A/cattle/Texas/24-008749-003/2024(H5N1)	623	43939
NS|PP755593.1|A/cattle/Texas/24-008749-003/2024(H5N1)	624	44601
NS|PP755593.1|A/cattle/Texas/24-008749-003/2024(H5N1)	625	45799
NS|PP755593.1|A/cattle/Texas/24-008749-003/2024(H5N1)	626	44320
NS|PP755593.1|A/cattle/Texas/24-008749-003/2024(H5N1)	627	44391
NS|PP755593.1|A/cattle/Texas/24-008749-003/2024(H5N1)	628	44158
NS|PP755593.1|A/cattle/Texas/24-008749-003/2024(H5N1)	629	44820
NS|PP755593.1|A/cattle/Texas/24-008749-003/2024(H5N1)	630	44795
NS|PP755593.1|A/cattle/Texas/24-008749-003/2024(H5N1)	631	44482
NS|PP755593.1|A/cattle/Texas/24-008749-003/2024(H5N1)	632	44648
NS|PP755593.1|A/cattle/Texas/24-008749-003/2024(H5N1)	633	43368
NS|PP755593.1|A/cattle/Texas/24-008749-003/2024(H5N1)	634	44809
NS|PP755593.1|A/cattle/Texas/24-008749-003/2024(H5N1)	635	48260
NS|PP755593.1|A/cattle/Texas/24-008749-003/2024(H5N1)	636	48061
NS|PP755593.1|A/cattle/Texas/24-008749-003/2024(H5N1)	637	48086
NS|PP755593.1|A/cattle/Texas/24-008749-003/2024(H5N1)	638	48856
NS|PP755593.1|A/cattle/Texas/24-008749-003/2024(H5N1)	639	48922
NS|PP755593.1|A/cattle/Texas/24-008749-003/2024(H5N1)	640	49279
NS|PP755593.1|A/cattle/Texas/24-008749-003/2024(H5N1)	641	48856
NS|PP755593.1|A/cattle/Texas/24-008749-003/2024(H5N1)	642	48946
NS|PP755593.1|A/cattle/Texas/24-008749-003/2024(H5N1)	643	46250
NS|PP755593.1|A/cattle/Texas/24-008749-003/2024(H5N1)	644	46623
NS|PP755593.1|A/cattle/Texas/24-008749-003/2024(H5N1)	645	46582
NS|PP755593.1|A/cattle/Texas/24-008749-003/2024(H5N1)	646	45101
NS|PP755593.1|A/cattle/Texas/24-008749-003/2024(H5N1)	647	44889
NS|PP755593.1|A/cattle/Texas/24-008749-003/2024(H5N1)	648	46488
NS|PP755593.1|A/cattle/Texas/24-008749-003/2024(H5N1)	649	46482
NS|PP755593.1|A/cattle/Texas/24-008749-003/2024(H5N1)	650	46428
NS|PP755593.1|A/cattle/Texas/24-008749-003/2024(H5N1)	651	46331
NS|PP755593.1|A/cattle/Texas/24-008749-003/2024(H5N1)	652	45556
NS|PP755593.1|A/cattle/Texas/24-008749-003/2024(H5N1)	653	43947
NS|PP755593.1|A/cattle/Texas/24-008749-003/2024(H5N1)	654	43787
NS|PP755593.1|A/cattle/Texas/24-008749-003/2024(H5N1)	655	43975
NS|PP755593.1|A/cattle/Texas/24-008749-003/2024(H5N1)	656	44050
NS|PP755593.1|A/cattle/Texas/24-008749-003/2024(H5N1)	657	43139
NS|PP755593.1|A/cattle/Texas/24-008749-003/2024(H5N1)	658	44268
NS|PP755593.1|A/cattle/Texas/24-008749-003/2024(H5N1)	659	44299
NS|PP755593.1|A/cattle/Texas/24-008749-003/2024(H5N1)	660	43375
NS|PP755593.1|A/cattle/Texas/24-008749-003/2024(H5N1)	661	43362
NS|PP755593.1|A/cattle/Texas/24-008749-003/2024(H5N1)	662	43002
NS|PP755593.1|A/cattle/Texas/24-008749-003/2024(H5N1)	663	43155
NS|PP755593.1|A/cattle/Texas/24-008749-003/2024(H5N1)	664	43283
NS|PP755593.1|A/cattle/Texas/24-008749-003/2024(H5N1)	665	43330
NS|PP755593.1|A/cattle/Texas/24-008749-003/2024(H5N1)	666	43455
NS|PP755593.1|A/cattle/Texas/24-008749-003/2024(H5N1)	667	45140
NS|PP755593.1|A/cattle/Texas/24-008749-003/2024(H5N1)	668	44850
NS|PP755593.1|A/cattle/Texas/24-008749-003/2024(H5N1)	669	44945
NS|PP755593.1|A/cattle/Texas/24-008749-003/2024(H5N1)	670	44788
NS|PP755593.1|A/cattle/Texas/24-008749-003/2024(H5N1)	671	45268
NS|PP755593.1|A/cattle/Texas/24-008749-003/2024(H5N1)	672	45539
NS|PP755593.1|A/cattle/Texas/24-008749-003/2024(H5N1)	673	45483
NS|PP755593.1|A/cattle/Texas/24-008749-003/2024(H5N1)	674	45591
NS|PP755593.1|A/cattle/Texas/24-008749-003/2024(H5N1)	675	45358
NS|PP755593.1|A/cattle/Texas/24-008749-003/2024(H5N1)	676	45361
NS|PP755593.1|A/cattle/Texas/24-008749-003/2024(H5N1)	677	45411
NS|PP755593.1|A/cattle/Texas/24-008749-003/2024(H5N1)	678	45024
NS|PP755593.1|A/cattle/Texas/24-008749-003/2024(H5N1)	679	45013
NS|PP755593.1|A/cattle/Texas/24-008749-003/2024(H5N1)	680	43859
NS|PP755593.1|A/cattle/Texas/24-008749-003/2024(H5N1)	681	43544
NS|PP755593.1|A/cattle/Texas/24-008749-003/2024(H5N1)	682	44141
NS|PP755593.1|A/cattle/Texas/24-008749-003/2024(H5N1)	683	43655
NS|PP755593.1|A/cattle/Texas/24-008749-003/2024(H5N1)	684	43615
NS|PP755593.1|A/cattle/Texas/24-008749-003/2024(H5N1)	685	43629
NS|PP755593.1|A/cattle/Texas/24-008749-003/2024(H5N1)	686	43671
NS|PP755593.1|A/cattle/Texas/24-008749-003/2024(H5N1)	687	43690
NS|PP755593.1|A/cattle/Texas/24-008749-003/2024(H5N1)	688	43665
NS|PP755593.1|A/cattle/Texas/24-008749-003/2024(H5N1)	689	43135
NS|PP755593.1|A/cattle/Texas/24-008749-003/2024(H5N1)	690	43149
NS|PP755593.1|A/cattle/Texas/24-008749-003/2024(H5N1)	691	42622
NS|PP755593.1|A/cattle/Texas/24-008749-003/2024(H5N1)	692	42596
NS|PP755593.1|A/cattle/Texas/24-008749-003/2024(H5N1)	693	42481
NS|PP755593.1|A/cattle/Texas/24-008749-003/2024(H5N1)	694	41941
NS|PP755593.1|A/cattle/Texas/24-008749-003/2024(H5N1)	695	42167
NS|PP755593.1|A/cattle/Texas/24-008749-003/2024(H5N1)	696	41977
NS|PP755593.1|A/cattle/Texas/24-008749-003/2024(H5N1)	697	41907
NS|PP755593.1|A/cattle/Texas/24-008749-003/2024(H5N1)	698	41909
NS|PP755593.1|A/cattle/Texas/24-008749-003/2024(H5N1)	699	42246
NS|PP755593.1|A/cattle/Texas/24-008749-003/2024(H5N1)	700	42259
NS|PP755593.1|A/cattle/Texas/24-008749-003/2024(H5N1)	701	42111
NS|PP755593.1|A/cattle/Texas/24-008749-003/2024(H5N1)	702	41174
NS|PP755593.1|A/cattle/Texas/24-008749-003/2024(H5N1)	703	41274
NS|PP755593.1|A/cattle/Texas/24-008749-003/2024(H5N1)	704	40229
NS|PP755593.1|A/cattle/Texas/24-008749-003/2024(H5N1)	705	40177
NS|PP755593.1|A/cattle/Texas/24-008749-003/2024(H5N1)	706	40158
NS|PP755593.1|A/cattle/Texas/24-008749-003/2024(H5N1)	707	40091
NS|PP755593.1|A/cattle/Texas/24-008749-003/2024(H5N1)	708	40026
NS|PP755593.1|A/cattle/Texas/24-008749-003/2024(H5N1)	709	40246
NS|PP755593.1|A/cattle/Texas/24-008749-003/2024(H5N1)	710	42617
NS|PP755593.1|A/cattle/Texas/24-008749-003/2024(H5N1)	711	42697
NS|PP755593.1|A/cattle/Texas/24-008749-003/2024(H5N1)	712	42490
NS|PP755593.1|A/cattle/Texas/24-008749-003/2024(H5N1)	713	42638
NS|PP755593.1|A/cattle/Texas/24-008749-003/2024(H5N1)	714	50997
NS|PP755593.1|A/cattle/Texas/24-008749-003/2024(H5N1)	715	48971
NS|PP755593.1|A/cattle/Texas/24-008749-003/2024(H5N1)	716	48732
NS|PP755593.1|A/cattle/Texas/24-008749-003/2024(H5N1)	717	49438
NS|PP755593.1|A/cattle/Texas/24-008749-003/2024(H5N1)	718	48374
NS|PP755593.1|A/cattle/Texas/24-008749-003/2024(H5N1)	719	48983
NS|PP755593.1|A/cattle/Texas/24-008749-003/2024(H5N1)	720	49246
NS|PP755593.1|A/cattle/Texas/24-008749-003/2024(H5N1)	721	49215
NS|PP755593.1|A/cattle/Texas/24-008749-003/2024(H5N1)	722	48803
NS|PP755593.1|A/cattle/Texas/24-008749-003/2024(H5N1)	723	48776
NS|PP755593.1|A/cattle/Texas/24-008749-003/2024(H5N1)	724	48901
NS|PP755593.1|A/cattle/Texas/24-008749-003/2024(H5N1)	725	48124
NS|PP755593.1|A/cattle/Texas/24-008749-003/2024(H5N1)	726	48083
NS|PP755593.1|A/cattle/Texas/24-008749-003/2024(H5N1)	727	48085
NS|PP755593.1|A/cattle/Texas/24-008749-003/2024(H5N1)	728	45638
NS|PP755593.1|A/cattle/Texas/24-008749-003/2024(H5N1)	729	46125
NS|PP755593.1|A/cattle/Texas/24-008749-003/2024(H5N1)	730	46075
NS|PP755593.1|A/cattle/Texas/24-008749-003/2024(H5N1)	731	45683
NS|PP755593.1|A/cattle/Texas/24-008749-003/2024(H5N1)	732	45659
NS|PP755593.1|A/cattle/Texas/24-008749-003/2024(H5N1)	733	45143
NS|PP755593.1|A/cattle/Texas/24-008749-003/2024(H5N1)	734	45170
NS|PP755593.1|A/cattle/Texas/24-008749-003/2024(H5N1)	735	45127
NS|PP755593.1|A/cattle/Texas/24-008749-003/2024(H5N1)	736	45141
NS|PP755593.1|A/cattle/Texas/24-008749-003/2024(H5N1)	737	45045
NS|PP755593.1|A/cattle/Texas/24-008749-003/2024(H5N1)	738	42395
NS|PP755593.1|A/cattle/Texas/24-008749-003/2024(H5N1)	739	41887
NS|PP755593.1|A/cattle/Texas/24-008749-003/2024(H5N1)	740	41617
NS|PP755593.1|A/cattle/Texas/24-008749-003/2024(H5N1)	741	41591
NS|PP755593.1|A/cattle/Texas/24-008749-003/2024(H5N1)	742	41508
NS|PP755593.1|A/cattle/Texas/24-008749-003/2024(H5N1)	743	41412
NS|PP755593.1|A/cattle/Texas/24-008749-003/2024(H5N1)	744	41348
NS|PP755593.1|A/cattle/Texas/24-008749-003/2024(H5N1)	745	41292
NS|PP755593.1|A/cattle/Texas/24-008749-003/2024(H5N1)	746	41288
NS|PP755593.1|A/cattle/Texas/24-008749-003/2024(H5N1)	747	41273
NS|PP755593.1|A/cattle/Texas/24-008749-003/2024(H5N1)	748	41230
NS|PP755593.1|A/cattle/Texas/24-008749-003/2024(H5N1)	749	41161
NS|PP755593.1|A/cattle/Texas/24-008749-003/2024(H5N1)	750	41069
NS|PP755593.1|A/cattle/Texas/24-008749-003/2024(H5N1)	751	40921
NS|PP755593.1|A/cattle/Texas/24-008749-003/2024(H5N1)	752	40718
NS|PP755593.1|A/cattle/Texas/24-008749-003/2024(H5N1)	753	40713
NS|PP755593.1|A/cattle/Texas/24-008749-003/2024(H5N1)	754	40302
NS|PP755593.1|A/cattle/Texas/24-008749-003/2024(H5N1)	755	40264
NS|PP755593.1|A/cattle/Texas/24-008749-003/2024(H5N1)	756	40240
NS|PP755593.1|A/cattle/Texas/24-008749-003/2024(H5N1)	757	40237
NS|PP755593.1|A/cattle/Texas/24-008749-003/2024(H5N1)	758	40229
NS|PP755593.1|A/cattle/Texas/24-008749-003/2024(H5N1)	759	39930
NS|PP755593.1|A/cattle/Texas/24-008749-003/2024(H5N1)	760	39722
NS|PP755593.1|A/cattle/Texas/24-008749-003/2024(H5N1)	761	39718
NS|PP755593.1|A/cattle/Texas/24-008749-003/2024(H5N1)	762	39717
NS|PP755593.1|A/cattle/Texas/24-008749-003/2024(H5N1)	763	39647
NS|PP755593.1|A/cattle/Texas/24-008749-003/2024(H5N1)	764	39609
NS|PP755593.1|A/cattle/Texas/24-008749-003/2024(H5N1)	765	39225
NS|PP755593.1|A/cattle/Texas/24-008749-003/2024(H5N1)	766	39205
NS|PP755593.1|A/cattle/Texas/24-008749-003/2024(H5N1)	767	38998
NS|PP755593.1|A/cattle/Texas/24-008749-003/2024(H5N1)	768	38055
NS|PP755593.1|A/cattle/Texas/24-008749-003/2024(H5N1)	769	37737
NS|PP755593.1|A/cattle/Texas/24-008749-003/2024(H5N1)	770	37658
NS|PP755593.1|A/cattle/Texas/24-008749-003/2024(H5N1)	771	37610
NS|PP755593.1|A/cattle/Texas/24-008749-003/2024(H5N1)	772	37600
NS|PP755593.1|A/cattle/Texas/24-008749-003/2024(H5N1)	773	37367
NS|PP755593.1|A/cattle/Texas/24-008749-003/2024(H5N1)	774	36039
NS|PP755593.1|A/cattle/Texas/24-008749-003/2024(H5N1)	775	35380
NS|PP755593.1|A/cattle/Texas/24-008749-003/2024(H5N1)	776	35346
NS|PP755593.1|A/cattle/Texas/24-008749-003/2024(H5N1)	777	35396
NS|PP755593.1|A/cattle/Texas/24-008749-003/2024(H5N1)	778	35146
NS|PP755593.1|A/cattle/Texas/24-008749-003/2024(H5N1)	779	34603
NS|PP755593.1|A/cattle/Texas/24-008749-003/2024(H5N1)	780	34638
NS|PP755593.1|A/cattle/Texas/24-008749-003/2024(H5N1)	781	34633
NS|PP755593.1|A/cattle/Texas/24-008749-003/2024(H5N1)	782	34509
NS|PP755593.1|A/cattle/Texas/24-008749-003/2024(H5N1)	783	34491
NS|PP755593.1|A/cattle/Texas/24-008749-003/2024(H5N1)	784	34378
NS|PP755593.1|A/cattle/Texas/24-008749-003/2024(H5N1)	785	32742
NS|PP755593.1|A/cattle/Texas/24-008749-003/2024(H5N1)	786	29062
NS|PP755593.1|A/cattle/Texas/24-008749-003/2024(H5N1)	787	29021
NS|PP755593.1|A/cattle/Texas/24-008749-003/2024(H5N1)	788	28840
NS|PP755593.1|A/cattle/Texas/24-008749-003/2024(H5N1)	789	27610
NS|PP755593.1|A/cattle/Texas/24-008749-003/2024(H5N1)	790	27658
NS|PP755593.1|A/cattle/Texas/24-008749-003/2024(H5N1)	791	26910
NS|PP755593.1|A/cattle/Texas/24-008749-003/2024(H5N1)	792	26893
NS|PP755593.1|A/cattle/Texas/24-008749-003/2024(H5N1)	793	26819
NS|PP755593.1|A/cattle/Texas/24-008749-003/2024(H5N1)	794	26516
NS|PP755593.1|A/cattle/Texas/24-008749-003/2024(H5N1)	795	25992
NS|PP755593.1|A/cattle/Texas/24-008749-003/2024(H5N1)	796	25960
NS|PP755593.1|A/cattle/Texas/24-008749-003/2024(H5N1)	797	25953
NS|PP755593.1|A/cattle/Texas/24-008749-003/2024(H5N1)	798	25832
NS|PP755593.1|A/cattle/Texas/24-008749-003/2024(H5N1)	799	23969
NS|PP755593.1|A/cattle/Texas/24-008749-003/2024(H5N1)	800	23986
NS|PP755593.1|A/cattle/Texas/24-008749-003/2024(H5N1)	801	23930
NS|PP755593.1|A/cattle/Texas/24-008749-003/2024(H5N1)	802	23915
NS|PP755593.1|A/cattle/Texas/24-008749-003/2024(H5N1)	803	23783
NS|PP755593.1|A/cattle/Texas/24-008749-003/2024(H5N1)	804	23416
NS|PP755593.1|A/cattle/Texas/24-008749-003/2024(H5N1)	805	23408
NS|PP755593.1|A/cattle/Texas/24-008749-003/2024(H5N1)	806	23383
NS|PP755593.1|A/cattle/Texas/24-008749-003/2024(H5N1)	807	23276
NS|PP755593.1|A/cattle/Texas/24-008749-003/2024(H5N1)	808	23318
NS|PP755593.1|A/cattle/Texas/24-008749-003/2024(H5N1)	809	21859
NS|PP755593.1|A/cattle/Texas/24-008749-003/2024(H5N1)	810	21804
NS|PP755593.1|A/cattle/Texas/24-008749-003/2024(H5N1)	811	21734
NS|PP755593.1|A/cattle/Texas/24-008749-003/2024(H5N1)	812	21712
NS|PP755593.1|A/cattle/Texas/24-008749-003/2024(H5N1)	813	21719
NS|PP755593.1|A/cattle/Texas/24-008749-003/2024(H5N1)	814	21496
NS|PP755593.1|A/cattle/Texas/24-008749-003/2024(H5N1)	815	21360
NS|PP755593.1|A/cattle/Texas/24-008749-003/2024(H5N1)	816	21234
NS|PP755593.1|A/cattle/Texas/24-008749-003/2024(H5N1)	817	19253
NS|PP755593.1|A/cattle/Texas/24-008749-003/2024(H5N1)	818	19226
NS|PP755593.1|A/cattle/Texas/24-008749-003/2024(H5N1)	819	19219
NS|PP755593.1|A/cattle/Texas/24-008749-003/2024(H5N1)	820	18898
NS|PP755593.1|A/cattle/Texas/24-008749-003/2024(H5N1)	821	18895
NS|PP755593.1|A/cattle/Texas/24-008749-003/2024(H5N1)	822	18543
NS|PP755593.1|A/cattle/Texas/24-008749-003/2024(H5N1)	823	18514
NS|PP755593.1|A/cattle/Texas/24-008749-003/2024(H5N1)	824	18422
NS|PP755593.1|A/cattle/Texas/24-008749-003/2024(H5N1)	825	18330
NS|PP755593.1|A/cattle/Texas/24-008749-003/2024(H5N1)	826	18324
NS|PP755593.1|A/cattle/Texas/24-008749-003/2024(H5N1)	827	18309
NS|PP755593.1|A/cattle/Texas/24-008749-003/2024(H5N1)	828	18241
NS|PP755593.1|A/cattle/Texas/24-008749-003/2024(H5N1)	829	18240
NS|PP755593.1|A/cattle/Texas/24-008749-003/2024(H5N1)	830	18122
NS|PP755593.1|A/cattle/Texas/24-008749-003/2024(H5N1)	831	17615
NS|PP755593.1|A/cattle/Texas/24-008749-003/2024(H5N1)	832	17553
NS|PP755593.1|A/cattle/Texas/24-008749-003/2024(H5N1)	833	17331
NS|PP755593.1|A/cattle/Texas/24-008749-003/2024(H5N1)	834	17319
NS|PP755593.1|A/cattle/Texas/24-008749-003/2024(H5N1)	835	17256
NS|PP755593.1|A/cattle/Texas/24-008749-003/2024(H5N1)	836	17181
NS|PP755593.1|A/cattle/Texas/24-008749-003/2024(H5N1)	837	17023
NS|PP755593.1|A/cattle/Texas/24-008749-003/2024(H5N1)	838	16764
