NS|PP755593.1|A/cattle/Texas/24-008749-003/2024(H5N1)	1	3261
NS|PP755593.1|A/cattle/Texas/24-008749-003/2024(H5N1)	2	3277
NS|PP755593.1|A/cattle/Texas/24-008749-003/2024(H5N1)	3	3346
NS|PP755593.1|A/cattle/Texas/24-008749-003/2024(H5N1)	4	3441
NS|PP755593.1|A/cattle/Texas/24-008749-003/2024(H5N1)	5	3744
NS|PP755593.1|A/cattle/Texas/24-008749-003/2024(H5N1)	6	5467
NS|PP755593.1|A/cattle/Texas/24-008749-003/2024(H5N1)	7	5474
NS|PP755593.1|A/cattle/Texas/24-008749-003/2024(H5N1)	8	5540
NS|PP755593.1|A/cattle/Texas/24-008749-003/2024(H5N1)	9	5777
NS|PP755593.1|A/cattle/Texas/24-008749-003/2024(H5N1)	10	5779
NS|PP755593.1|A/cattle/Texas/24-008749-003/2024(H5N1)	11	5905
NS|PP755593.1|A/cattle/Texas/24-008749-003/2024(H5N1)	12	5922
NS|PP755593.1|A/cattle/Texas/24-008749-003/2024(H5N1)	13	5925
NS|PP755593.1|A/cattle/Texas/24-008749-003/2024(H5N1)	14	5955
NS|PP755593.1|A/cattle/Texas/24-008749-003/2024(H5N1)	15	5964
NS|PP755593.1|A/cattle/Texas/24-008749-003/2024(H5N1)	16	6531
NS|PP755593.1|A/cattle/Texas/24-008749-003/2024(H5N1)	17	6608
NS|PP755593.1|A/cattle/Texas/24-008749-003/2024(H5N1)	18	6627
NS|PP755593.1|A/cattle/Texas/24-008749-003/2024(H5N1)	19	6652
NS|PP755593.1|A/cattle/Texas/24-008749-003/2024(H5N1)	20	6657
NS|PP755593.1|A/cattle/Texas/24-008749-003/2024(H5N1)	21	6680
NS|PP755593.1|A/cattle/Texas/24-008749-003/2024(H5N1)	22	6686
NS|PP755593.1|A/cattle/Texas/24-008749-003/2024(H5N1)	23	6778
NS|PP755593.1|A/cattle/Texas/24-008749-003/2024(H5N1)	24	6926
NS|PP755593.1|A/cattle/Texas/24-008749-003/2024(H5N1)	25	6978
NS|PP755593.1|A/cattle/Texas/24-008749-003/2024(H5N1)	26	7038
NS|PP755593.1|A/cattle/Texas/24-008749-003/2024(H5N1)	27	7043
NS|PP755593.1|A/cattle/Texas/24-008749-003/2024(H5N1)	28	7204
NS|PP755593.1|A/cattle/Texas/24-008749-003/2024(H5N1)	29	7204
NS|PP755593.1|A/cattle/Texas/24-008749-003/2024(H5N1)	30	7258
NS|PP755593.1|A/cattle/Texas/24-008749-003/2024(H5N1)	31	7287
NS|PP755593.1|A/cattle/Texas/24-008749-003/2024(H5N1)	32	7336
NS|PP755593.1|A/cattle/Texas/24-008749-003/2024(H5N1)	33	7358
NS|PP755593.1|A/cattle/Texas/24-008749-003/2024(H5N1)	34	7374
NS|PP755593.1|A/cattle/Texas/24-008749-003/2024(H5N1)	35	7420
NS|PP755593.1|A/cattle/Texas/24-008749-003/2024(H5N1)	36	7460
NS|PP755593.1|A/cattle/Texas/24-008749-003/2024(H5N1)	37	7504
NS|PP755593.1|A/cattle/Texas/24-008749-003/2024(H5N1)	38	7605
NS|PP755593.1|A/cattle/Texas/24-008749-003/2024(H5N1)	39	7677
NS|PP755593.1|A/cattle/Texas/24-008749-003/2024(H5N1)	40	7671
NS|PP755593.1|A/cattle/Texas/24-008749-003/2024(H5N1)	41	7769
NS|PP755593.1|A/cattle/Texas/24-008749-003/2024(H5N1)	42	7809
NS|PP755593.1|A/cattle/Texas/24-008749-003/2024(H5N1)	43	7889
NS|PP755593.1|A/cattle/Texas/24-008749-003/2024(H5N1)	44	8038
NS|PP755593.1|A/cattle/Texas/24-008749-003/2024(H5N1)	45	8032
NS|PP755593.1|A/cattle/Texas/24-008749-003/2024(H5N1)	46	8112
NS|PP755593.1|A/cattle/Texas/24-008749-003/2024(H5N1)	47	8103
NS|PP755593.1|A/cattle/Texas/24-008749-003/2024(H5N1)	48	8108
NS|PP755593.1|A/cattle/Texas/24-008749-003/2024(H5N1)	49	8143
NS|PP755593.1|A/cattle/Texas/24-008749-003/2024(H5N1)	50	8131
NS|PP755593.1|A/cattle/Texas/24-008749-003/2024(H5N1)	51	8210
NS|PP755593.1|A/cattle/Texas/24-008749-003/2024(H5N1)	52	8267
NS|PP755593.1|A/cattle/Texas/24-008749-003/2024(H5N1)	53	8274
NS|PP755593.1|A/cattle/Texas/24-008749-003/2024(H5N1)	54	8305
NS|PP755593.1|A/cattle/Texas/24-008749-003/2024(H5N1)	55	8307
NS|PP755593.1|A/cattle/Texas/24-008749-003/2024(H5N1)	56	8305
NS|PP755593.1|A/cattle/Texas/24-008749-003/2024(H5N1)	57	8303
NS|PP755593.1|A/cattle/Texas/24-008749-003/2024(H5N1)	58	8309
NS|PP755593.1|A/cattle/Texas/24-008749-003/2024(H5N1)	59	8358
NS|PP755593.1|A/cattle/Texas/24-008749-003/2024(H5N1)	60	8368
NS|PP755593.1|A/cattle/Texas/24-008749-003/2024(H5N1)	61	8398
NS|PP755593.1|A/cattle/Texas/24-008749-003/2024(H5N1)	62	8388
NS|PP755593.1|A/cattle/Texas/24-008749-003/2024(H5N1)	63	8391
NS|PP755593.1|A/cattle/Texas/24-008749-003/2024(H5N1)	64	8390
NS|PP755593.1|A/cattle/Texas/24-008749-003/2024(H5N1)	65	8407
NS|PP755593.1|A/cattle/Texas/24-008749-003/2024(H5N1)	66	8411
NS|PP755593.1|A/cattle/Texas/24-008749-003/2024(H5N1)	67	8413
NS|PP755593.1|A/cattle/Texas/24-008749-003/2024(H5N1)	68	8461
NS|PP755593.1|A/cattle/Texas/24-008749-003/2024(H5N1)	69	8439
NS|PP755593.1|A/cattle/Texas/24-008749-003/2024(H5N1)	70	8545
NS|PP755593.1|A/cattle/Texas/24-008749-003/2024(H5N1)	71	8808
NS|PP755593.1|A/cattle/Texas/24-008749-003/2024(H5N1)	72	8927
NS|PP755593.1|A/cattle/Texas/24-008749-003/2024(H5N1)	73	8938
NS|PP755593.1|A/cattle/Texas/24-008749-003/2024(H5N1)	74	8968
NS|PP755593.1|A/cattle/Texas/24-008749-003/2024(H5N1)	75	8975
NS|PP755593.1|A/cattle/Texas/24-008749-003/2024(H5N1)	76	9303
NS|PP755593.1|A/cattle/Texas/24-008749-003/2024(H5N1)	77	9342
NS|PP755593.1|A/cattle/Texas/24-008749-003/2024(H5N1)	78	9377
NS|PP755593.1|A/cattle/Texas/24-008749-003/2024(H5N1)	79	9386
NS|PP755593.1|A/cattle/Texas/24-008749-003/2024(H5N1)	80	9110
NS|PP755593.1|A/cattle/Texas/24-008749-003/2024(H5N1)	81	9254
NS|PP755593.1|A/cattle/Texas/24-008749-003/2024(H5N1)	82	9255
NS|PP755593.1|A/cattle/Texas/24-008749-003/2024(H5N1)	83	9376
NS|PP755593.1|A/cattle/Texas/24-008749-003/2024(H5N1)	84	9339
NS|PP755593.1|A/cattle/Texas/24-008749-003/2024(H5N1)	85	9039
NS|PP755593.1|A/cattle/Texas/24-008749-003/2024(H5N1)	86	9046
NS|PP755593.1|A/cattle/Texas/24-008749-003/2024(H5N1)	87	9099
NS|PP755593.1|A/cattle/Texas/24-008749-003/2024(H5N1)	88	9258
NS|PP755593.1|A/cattle/Texas/24-008749-003/2024(H5N1)	89	9399
NS|PP755593.1|A/cattle/Texas/24-008749-003/2024(H5N1)	90	9287
NS|PP755593.1|A/cattle/Texas/24-008749-003/2024(H5N1)	91	9290
NS|PP755593.1|A/cattle/Texas/24-008749-003/2024(H5N1)	92	9195
NS|PP755593.1|A/cattle/Texas/24-008749-003/2024(H5N1)	93	9246
NS|PP755593.1|A/cattle/Texas/24-008749-003/2024(H5N1)	94	9410
NS|PP755593.1|A/cattle/Texas/24-008749-003/2024(H5N1)	95	9488
NS|PP755593.1|A/cattle/Texas/24-008749-003/2024(H5N1)	96	9538
NS|PP755593.1|A/cattle/Texas/24-008749-003/2024(H5N1)	97	9414
NS|PP755593.1|A/cattle/Texas/24-008749-003/2024(H5N1)	98	9291
NS|PP755593.1|A/cattle/Texas/24-008749-003/2024(H5N1)	99	9242
NS|PP755593.1|A/cattle/Texas/24-008749-003/2024(H5N1)	100	9250
NS|PP755593.1|A/cattle/Texas/24-008749-003/2024(H5N1)	101	9203
NS|PP755593.1|A/cattle/Texas/24-008749-003/2024(H5N1)	102	9208
NS|PP755593.1|A/cattle/Texas/24-008749-003/2024(H5N1)	103	8970
NS|PP755593.1|A/cattle/Texas/24-008749-003/2024(H5N1)	104	8899
NS|PP755593.1|A/cattle/Texas/24-008749-003/2024(H5N1)	105	8995
NS|PP755593.1|A/cattle/Texas/24-008749-003/2024(H5N1)	106	8996
NS|PP755593.1|A/cattle/Texas/24-008749-003/2024(H5N1)	107	9021
NS|PP755593.1|A/cattle/Texas/24-008749-003/2024(H5N1)	108	9038
NS|PP755593.1|A/cattle/Texas/24-008749-003/2024(H5N1)	109	9034
NS|PP755593.1|A/cattle/Texas/24-008749-003/2024(H5N1)	110	9049
NS|PP755593.1|A/cattle/Texas/24-008749-003/2024(H5N1)	111	9050
NS|PP755593.1|A/cattle/Texas/24-008749-003/2024(H5N1)	112	9048
NS|PP755593.1|A/cattle/Texas/24-008749-003/2024(H5N1)	113	9042
NS|PP755593.1|A/cattle/Texas/24-008749-003/2024(H5N1)	114	8873
NS|PP755593.1|A/cattle/Texas/24-008749-003/2024(H5N1)	115	8870
NS|PP755593.1|A/cattle/Texas/24-008749-003/2024(H5N1)	116	8867
NS|PP755593.1|A/cattle/Texas/24-008749-003/2024(H5N1)	117	8840
NS|PP755593.1|A/cattle/Texas/24-008749-003/2024(H5N1)	118	8849
NS|PP755593.1|A/cattle/Texas/24-008749-003/2024(H5N1)	119	8804
NS|PP755593.1|A/cattle/Texas/24-008749-003/2024(H5N1)	120	8804
NS|PP755593.1|A/cattle/Texas/24-008749-003/2024(H5N1)	121	8802
NS|PP755593.1|A/cattle/Texas/24-008749-003/2024(H5N1)	122	8787
NS|PP755593.1|A/cattle/Texas/24-008749-003/2024(H5N1)	123	8552
NS|PP755593.1|A/cattle/Texas/24-008749-003/2024(H5N1)	124	8589
NS|PP755593.1|A/cattle/Texas/24-008749-003/2024(H5N1)	125	7923
NS|PP755593.1|A/cattle/Texas/24-008749-003/2024(H5N1)	126	7683
NS|PP755593.1|A/cattle/Texas/24-008749-003/2024(H5N1)	127	7697
NS|PP755593.1|A/cattle/Texas/24-008749-003/2024(H5N1)	128	7705
NS|PP755593.1|A/cattle/Texas/24-008749-003/2024(H5N1)	129	7738
NS|PP755593.1|A/cattle/Texas/24-008749-003/2024(H5N1)	130	8114
NS|PP755593.1|A/cattle/Texas/24-008749-003/2024(H5N1)	131	8297
NS|PP755593.1|A/cattle/Texas/24-008749-003/2024(H5N1)	132	8305
NS|PP755593.1|A/cattle/Texas/24-008749-003/2024(H5N1)	133	8394
NS|PP755593.1|A/cattle/Texas/24-008749-003/2024(H5N1)	134	8409
NS|PP755593.1|A/cattle/Texas/24-008749-003/2024(H5N1)	135	8405
NS|PP755593.1|A/cattle/Texas/24-008749-003/2024(H5N1)	136	8364
NS|PP755593.1|A/cattle/Texas/24-008749-003/2024(H5N1)	137	8365
NS|PP755593.1|A/cattle/Texas/24-008749-003/2024(H5N1)	138	8548
NS|PP755593.1|A/cattle/Texas/24-008749-003/2024(H5N1)	139	8579
NS|PP755593.1|A/cattle/Texas/24-008749-003/2024(H5N1)	140	8531
NS|PP755593.1|A/cattle/Texas/24-008749-003/2024(H5N1)	141	8518
NS|PP755593.1|A/cattle/Texas/24-008749-003/2024(H5N1)	142	8363
NS|PP755593.1|A/cattle/Texas/24-008749-003/2024(H5N1)	143	8399
NS|PP755593.1|A/cattle/Texas/24-008749-003/2024(H5N1)	144	8470
NS|PP755593.1|A/cattle/Texas/24-008749-003/2024(H5N1)	145	8471
NS|PP755593.1|A/cattle/Texas/24-008749-003/2024(H5N1)	146	8950
NS|PP755593.1|A/cattle/Texas/24-008749-003/2024(H5N1)	147	8668
NS|PP755593.1|A/cattle/Texas/24-008749-003/2024(H5N1)	148	8670
NS|PP755593.1|A/cattle/Texas/24-008749-003/2024(H5N1)	149	8634
NS|PP755593.1|A/cattle/Texas/24-008749-003/2024(H5N1)	150	8606
NS|PP755593.1|A/cattle/Texas/24-008749-003/2024(H5N1)	151	8850
NS|PP755593.1|A/cattle/Texas/24-008749-003/2024(H5N1)	152	8868
NS|PP755593.1|A/cattle/Texas/24-008749-003/2024(H5N1)	153	8916
NS|PP755593.1|A/cattle/Texas/24-008749-003/2024(H5N1)	154	8175
NS|PP755593.1|A/cattle/Texas/24-008749-003/2024(H5N1)	155	7379
NS|PP755593.1|A/cattle/Texas/24-008749-003/2024(H5N1)	156	7413
NS|PP755593.1|A/cattle/Texas/24-008749-003/2024(H5N1)	157	7409
NS|PP755593.1|A/cattle/Texas/24-008749-003/2024(H5N1)	158	7476
NS|PP755593.1|A/cattle/Texas/24-008749-003/2024(H5N1)	159	7450
NS|PP755593.1|A/cattle/Texas/24-008749-003/2024(H5N1)	160	6996
NS|PP755593.1|A/cattle/Texas/24-008749-003/2024(H5N1)	161	6989
NS|PP755593.1|A/cattle/Texas/24-008749-003/2024(H5N1)	162	6945
NS|PP755593.1|A/cattle/Texas/24-008749-003/2024(H5N1)	163	6938
NS|PP755593.1|A/cattle/Texas/24-008749-003/2024(H5N1)	164	6921
NS|PP755593.1|A/cattle/Texas/24-008749-003/2024(H5N1)	165	6158
NS|PP755593.1|A/cattle/Texas/24-008749-003/2024(H5N1)	166	6149
NS|PP755593.1|A/cattle/Texas/24-008749-003/2024(H5N1)	167	5946
NS|PP755593.1|A/cattle/Texas/24-008749-003/2024(H5N1)	168	5830
NS|PP755593.1|A/cattle/Texas/24-008749-003/2024(H5N1)	169	5830
NS|PP755593.1|A/cattle/Texas/24-008749-003/2024(H5N1)	170	5827
NS|PP755593.1|A/cattle/Texas/24-008749-003/2024(H5N1)	171	5823
NS|PP755593.1|A/cattle/Texas/24-008749-003/2024(H5N1)	172	5813
NS|PP755593.1|A/cattle/Texas/24-008749-003/2024(H5N1)	173	5783
NS|PP755593.1|A/cattle/Texas/24-008749-003/2024(H5N1)	174	5744
NS|PP755593.1|A/cattle/Texas/24-008749-003/2024(H5N1)	175	5744
NS|PP755593.1|A/cattle/Texas/24-008749-003/2024(H5N1)	176	5659
NS|PP755593.1|A/cattle/Texas/24-008749-003/2024(H5N1)	177	5690
NS|PP755593.1|A/cattle/Texas/24-008749-003/2024(H5N1)	178	5694
NS|PP755593.1|A/cattle/Texas/24-008749-003/2024(H5N1)	179	5696
NS|PP755593.1|A/cattle/Texas/24-008749-003/2024(H5N1)	180	5696
NS|PP755593.1|A/cattle/Texas/24-008749-003/2024(H5N1)	181	5780
NS|PP755593.1|A/cattle/Texas/24-008749-003/2024(H5N1)	182	5795
NS|PP755593.1|A/cattle/Texas/24-008749-003/2024(H5N1)	183	5836
NS|PP755593.1|A/cattle/Texas/24-008749-003/2024(H5N1)	184	6690
NS|PP755593.1|A/cattle/Texas/24-008749-003/2024(H5N1)	185	6726
NS|PP755593.1|A/cattle/Texas/24-008749-003/2024(H5N1)	186	6955
NS|PP755593.1|A/cattle/Texas/24-008749-003/2024(H5N1)	187	6985
NS|PP755593.1|A/cattle/Texas/24-008749-003/2024(H5N1)	188	7080
NS|PP755593.1|A/cattle/Texas/24-008749-003/2024(H5N1)	189	7105
NS|PP755593.1|A/cattle/Texas/24-008749-003/2024(H5N1)	190	7133
NS|PP755593.1|A/cattle/Texas/24-008749-003/2024(H5N1)	191	7173
NS|PP755593.1|A/cattle/Texas/24-008749-003/2024(H5N1)	192	7083
NS|PP755593.1|A/cattle/Texas/24-008749-003/2024(H5N1)	193	7183
NS|PP755593.1|A/cattle/Texas/24-008749-003/2024(H5N1)	194	7110
NS|PP755593.1|A/cattle/Texas/24-008749-003/2024(H5N1)	195	6843
NS|PP755593.1|A/cattle/Texas/24-008749-003/2024(H5N1)	196	6872
NS|PP755593.1|A/cattle/Texas/24-008749-003/2024(H5N1)	197	6704
NS|PP755593.1|A/cattle/Texas/24-008749-003/2024(H5N1)	198	6700
NS|PP755593.1|A/cattle/Texas/24-008749-003/2024(H5N1)	199	6680
NS|PP755593.1|A/cattle/Texas/24-008749-003/2024(H5N1)	200	6638
NS|PP755593.1|A/cattle/Texas/24-008749-003/2024(H5N1)	201	6716
NS|PP755593.1|A/cattle/Texas/24-008749-003/2024(H5N1)	202	6582
NS|PP755593.1|A/cattle/Texas/24-008749-003/2024(H5N1)	203	6566
NS|PP755593.1|A/cattle/Texas/24-008749-003/2024(H5N1)	204	6549
NS|PP755593.1|A/cattle/Texas/24-008749-003/2024(H5N1)	205	6563
NS|PP755593.1|A/cattle/Texas/24-008749-003/2024(H5N1)	206	6595
NS|PP755593.1|A/cattle/Texas/24-008749-003/2024(H5N1)	207	6598
NS|PP755593.1|A/cattle/Texas/24-008749-003/2024(H5N1)	208	6602
NS|PP755593.1|A/cattle/Texas/24-008749-003/2024(H5N1)	209	6591
NS|PP755593.1|A/cattle/Texas/24-008749-003/2024(H5N1)	210	6490
NS|PP755593.1|A/cattle/Texas/24-008749-003/2024(H5N1)	211	6511
NS|PP755593.1|A/cattle/Texas/24-008749-003/2024(H5N1)	212	6696
NS|PP755593.1|A/cattle/Texas/24-008749-003/2024(H5N1)	213	6696
NS|PP755593.1|A/cattle/Texas/24-008749-003/2024(H5N1)	214	6824
NS|PP755593.1|A/cattle/Texas/24-008749-003/2024(H5N1)	215	6867
NS|PP755593.1|A/cattle/Texas/24-008749-003/2024(H5N1)	216	6888
NS|PP755593.1|A/cattle/Texas/24-008749-003/2024(H5N1)	217	6870
NS|PP755593.1|A/cattle/Texas/24-008749-003/2024(H5N1)	218	6862
NS|PP755593.1|A/cattle/Texas/24-008749-003/2024(H5N1)	219	6816
NS|PP755593.1|A/cattle/Texas/24-008749-003/2024(H5N1)	220	6799
NS|PP755593.1|A/cattle/Texas/24-008749-003/2024(H5N1)	221	6941
NS|PP755593.1|A/cattle/Texas/24-008749-003/2024(H5N1)	222	6827
NS|PP755593.1|A/cattle/Texas/24-008749-003/2024(H5N1)	223	6695
NS|PP755593.1|A/cattle/Texas/24-008749-003/2024(H5N1)	224	6687
NS|PP755593.1|A/cattle/Texas/24-008749-003/2024(H5N1)	225	6637
NS|PP755593.1|A/cattle/Texas/24-008749-003/2024(H5N1)	226	6642
NS|PP755593.1|A/cattle/Texas/24-008749-003/2024(H5N1)	227	6455
NS|PP755593.1|A/cattle/Texas/24-008749-003/2024(H5N1)	228	6442
NS|PP755593.1|A/cattle/Texas/24-008749-003/2024(H5N1)	229	6563
NS|PP755593.1|A/cattle/Texas/24-008749-003/2024(H5N1)	230	6540
NS|PP755593.1|A/cattle/Texas/24-008749-003/2024(H5N1)	231	6600
NS|PP755593.1|A/cattle/Texas/24-008749-003/2024(H5N1)	232	6554
NS|PP755593.1|A/cattle/Texas/24-008749-003/2024(H5N1)	233	6548
NS|PP755593.1|A/cattle/Texas/24-008749-003/2024(H5N1)	234	6524
NS|PP755593.1|A/cattle/Texas/24-008749-003/2024(H5N1)	235	6522
NS|PP755593.1|A/cattle/Texas/24-008749-003/2024(H5N1)	236	6556
NS|PP755593.1|A/cattle/Texas/24-008749-003/2024(H5N1)	237	6563
NS|PP755593.1|A/cattle/Texas/24-008749-003/2024(H5N1)	238	6431
NS|PP755593.1|A/cattle/Texas/24-008749-003/2024(H5N1)	239	6447
NS|PP755593.1|A/cattle/Texas/24-008749-003/2024(H5N1)	240	6416
NS|PP755593.1|A/cattle/Texas/24-008749-003/2024(H5N1)	241	6419
NS|PP755593.1|A/cattle/Texas/24-008749-003/2024(H5N1)	242	6405
NS|PP755593.1|A/cattle/Texas/24-008749-003/2024(H5N1)	243	6394
NS|PP755593.1|A/cattle/Texas/24-008749-003/2024(H5N1)	244	6369
NS|PP755593.1|A/cattle/Texas/24-008749-003/2024(H5N1)	245	6232
NS|PP755593.1|A/cattle/Texas/24-008749-003/2024(H5N1)	246	6212
NS|PP755593.1|A/cattle/Texas/24-008749-003/2024(H5N1)	247	6000
NS|PP755593.1|A/cattle/Texas/24-008749-003/2024(H5N1)	248	5871
NS|PP755593.1|A/cattle/Texas/24-008749-003/2024(H5N1)	249	5855
NS|PP755593.1|A/cattle/Texas/24-008749-003/2024(H5N1)	250	5884
NS|PP755593.1|A/cattle/Texas/24-008749-003/2024(H5N1)	251	5919
NS|PP755593.1|A/cattle/Texas/24-008749-003/2024(H5N1)	252	5919
NS|PP755593.1|A/cattle/Texas/24-008749-003/2024(H5N1)	253	5951
NS|PP755593.1|A/cattle/Texas/24-008749-003/2024(H5N1)	254	5943
NS|PP755593.1|A/cattle/Texas/24-008749-003/2024(H5N1)	255	5906
NS|PP755593.1|A/cattle/Texas/24-008749-003/2024(H5N1)	256	6023
NS|PP755593.1|A/cattle/Texas/24-008749-003/2024(H5N1)	257	6080
NS|PP755593.1|A/cattle/Texas/24-008749-003/2024(H5N1)	258	6043
NS|PP755593.1|A/cattle/Texas/24-008749-003/2024(H5N1)	259	6018
NS|PP755593.1|A/cattle/Texas/24-008749-003/2024(H5N1)	260	6137
NS|PP755593.1|A/cattle/Texas/24-008749-003/2024(H5N1)	261	6153
NS|PP755593.1|A/cattle/Texas/24-008749-003/2024(H5N1)	262	6184
NS|PP755593.1|A/cattle/Texas/24-008749-003/2024(H5N1)	263	6183
NS|PP755593.1|A/cattle/Texas/24-008749-003/2024(H5N1)	264	6259
NS|PP755593.1|A/cattle/Texas/24-008749-003/2024(H5N1)	265	6140
NS|PP755593.1|A/cattle/Texas/24-008749-003/2024(H5N1)	266	6529
NS|PP755593.1|A/cattle/Texas/24-008749-003/2024(H5N1)	267	6561
NS|PP755593.1|A/cattle/Texas/24-008749-003/2024(H5N1)	268	6548
NS|PP755593.1|A/cattle/Texas/24-008749-003/2024(H5N1)	269	6555
NS|PP755593.1|A/cattle/Texas/24-008749-003/2024(H5N1)	270	6547
NS|PP755593.1|A/cattle/Texas/24-008749-003/2024(H5N1)	271	6543
NS|PP755593.1|A/cattle/Texas/24-008749-003/2024(H5N1)	272	6505
NS|PP755593.1|A/cattle/Texas/24-008749-003/2024(H5N1)	273	6394
NS|PP755593.1|A/cattle/Texas/24-008749-003/2024(H5N1)	274	6422
NS|PP755593.1|A/cattle/Texas/24-008749-003/2024(H5N1)	275	6074
NS|PP755593.1|A/cattle/Texas/24-008749-003/2024(H5N1)	276	6073
NS|PP755593.1|A/cattle/Texas/24-008749-003/2024(H5N1)	277	6075
NS|PP755593.1|A/cattle/Texas/24-008749-003/2024(H5N1)	278	6136
NS|PP755593.1|A/cattle/Texas/24-008749-003/2024(H5N1)	279	6121
NS|PP755593.1|A/cattle/Texas/24-008749-003/2024(H5N1)	280	6124
NS|PP755593.1|A/cattle/Texas/24-008749-003/2024(H5N1)	281	6371
NS|PP755593.1|A/cattle/Texas/24-008749-003/2024(H5N1)	282	6364
NS|PP755593.1|A/cattle/Texas/24-008749-003/2024(H5N1)	283	6373
NS|PP755593.1|A/cattle/Texas/24-008749-003/2024(H5N1)	284	6340
NS|PP755593.1|A/cattle/Texas/24-008749-003/2024(H5N1)	285	6321
NS|PP755593.1|A/cattle/Texas/24-008749-003/2024(H5N1)	286	6323
NS|PP755593.1|A/cattle/Texas/24-008749-003/2024(H5N1)	287	6475
NS|PP755593.1|A/cattle/Texas/24-008749-003/2024(H5N1)	288	6483
NS|PP755593.1|A/cattle/Texas/24-008749-003/2024(H5N1)	289	6382
NS|PP755593.1|A/cattle/Texas/24-008749-003/2024(H5N1)	290	6127
NS|PP755593.1|A/cattle/Texas/24-008749-003/2024(H5N1)	291	6249
NS|PP755593.1|A/cattle/Texas/24-008749-003/2024(H5N1)	292	6101
NS|PP755593.1|A/cattle/Texas/24-008749-003/2024(H5N1)	293	6237
NS|PP755593.1|A/cattle/Texas/24-008749-003/2024(H5N1)	294	6334
NS|PP755593.1|A/cattle/Texas/24-008749-003/2024(H5N1)	295	6334
NS|PP755593.1|A/cattle/Texas/24-008749-003/2024(H5N1)	296	6186
NS|PP755593.1|A/cattle/Texas/24-008749-003/2024(H5N1)	297	6163
NS|PP755593.1|A/cattle/Texas/24-008749-003/2024(H5N1)	298	6161
NS|PP755593.1|A/cattle/Texas/24-008749-003/2024(H5N1)	299	6166
NS|PP755593.1|A/cattle/Texas/24-008749-003/2024(H5N1)	300	6202
NS|PP755593.1|A/cattle/Texas/24-008749-003/2024(H5N1)	301	6216
NS|PP755593.1|A/cattle/Texas/24-008749-003/2024(H5N1)	302	5987
NS|PP755593.1|A/cattle/Texas/24-008749-003/2024(H5N1)	303	5973
NS|PP755593.1|A/cattle/Texas/24-008749-003/2024(H5N1)	304	5861
NS|PP755593.1|A/cattle/Texas/24-008749-003/2024(H5N1)	305	6390
NS|PP755593.1|A/cattle/Texas/24-008749-003/2024(H5N1)	306	6443
NS|PP755593.1|A/cattle/Texas/24-008749-003/2024(H5N1)	307	6420
NS|PP755593.1|A/cattle/Texas/24-008749-003/2024(H5N1)	308	6418
NS|PP755593.1|A/cattle/Texas/24-008749-003/2024(H5N1)	309	6196
NS|PP755593.1|A/cattle/Texas/24-008749-003/2024(H5N1)	310	6180
NS|PP755593.1|A/cattle/Texas/24-008749-003/2024(H5N1)	311	6200
NS|PP755593.1|A/cattle/Texas/24-008749-003/2024(H5N1)	312	6198
NS|PP755593.1|A/cattle/Texas/24-008749-003/2024(H5N1)	313	6246
NS|PP755593.1|A/cattle/Texas/24-008749-003/2024(H5N1)	314	5794
NS|PP755593.1|A/cattle/Texas/24-008749-003/2024(H5N1)	315	5642
NS|PP755593.1|A/cattle/Texas/24-008749-003/2024(H5N1)	316	5617
NS|PP755593.1|A/cattle/Texas/24-008749-003/2024(H5N1)	317	5650
NS|PP755593.1|A/cattle/Texas/24-008749-003/2024(H5N1)	318	5624
NS|PP755593.1|A/cattle/Texas/24-008749-003/2024(H5N1)	319	5613
NS|PP755593.1|A/cattle/Texas/24-008749-003/2024(H5N1)	320	5597
NS|PP755593.1|A/cattle/Texas/24-008749-003/2024(H5N1)	321	5566
NS|PP755593.1|A/cattle/Texas/24-008749-003/2024(H5N1)	322	5500
NS|PP755593.1|A/cattle/Texas/24-008749-003/2024(H5N1)	323	5496
NS|PP755593.1|A/cattle/Texas/24-008749-003/2024(H5N1)	324	5404
NS|PP755593.1|A/cattle/Texas/24-008749-003/2024(H5N1)	325	5398
NS|PP755593.1|A/cattle/Texas/24-008749-003/2024(H5N1)	326	5292
NS|PP755593.1|A/cattle/Texas/24-008749-003/2024(H5N1)	327	5286
NS|PP755593.1|A/cattle/Texas/24-008749-003/2024(H5N1)	328	5534
NS|PP755593.1|A/cattle/Texas/24-008749-003/2024(H5N1)	329	5534
NS|PP755593.1|A/cattle/Texas/24-008749-003/2024(H5N1)	330	5515
NS|PP755593.1|A/cattle/Texas/24-008749-003/2024(H5N1)	331	5515
NS|PP755593.1|A/cattle/Texas/24-008749-003/2024(H5N1)	332	5462
NS|PP755593.1|A/cattle/Texas/24-008749-003/2024(H5N1)	333	5461
NS|PP755593.1|A/cattle/Texas/24-008749-003/2024(H5N1)	334	5443
NS|PP755593.1|A/cattle/Texas/24-008749-003/2024(H5N1)	335	5429
NS|PP755593.1|A/cattle/Texas/24-008749-003/2024(H5N1)	336	5376
NS|PP755593.1|A/cattle/Texas/24-008749-003/2024(H5N1)	337	5285
NS|PP755593.1|A/cattle/Texas/24-008749-003/2024(H5N1)	338	5274
NS|PP755593.1|A/cattle/Texas/24-008749-003/2024(H5N1)	339	5216
NS|PP755593.1|A/cattle/Texas/24-008749-003/2024(H5N1)	340	5172
NS|PP755593.1|A/cattle/Texas/24-008749-003/2024(H5N1)	341	5160
NS|PP755593.1|A/cattle/Texas/24-008749-003/2024(H5N1)	342	5143
NS|PP755593.1|A/cattle/Texas/24-008749-003/2024(H5N1)	343	5092
NS|PP755593.1|A/cattle/Texas/24-008749-003/2024(H5N1)	344	5057
NS|PP755593.1|A/cattle/Texas/24-008749-003/2024(H5N1)	345	4893
NS|PP755593.1|A/cattle/Texas/24-008749-003/2024(H5N1)	346	4844
NS|PP755593.1|A/cattle/Texas/24-008749-003/2024(H5N1)	347	4844
NS|PP755593.1|A/cattle/Texas/24-008749-003/2024(H5N1)	348	4845
NS|PP755593.1|A/cattle/Texas/24-008749-003/2024(H5N1)	349	5190
NS|PP755593.1|A/cattle/Texas/24-008749-003/2024(H5N1)	350	5198
NS|PP755593.1|A/cattle/Texas/24-008749-003/2024(H5N1)	351	5202
NS|PP755593.1|A/cattle/Texas/24-008749-003/2024(H5N1)	352	5241
NS|PP755593.1|A/cattle/Texas/24-008749-003/2024(H5N1)	353	5433
NS|PP755593.1|A/cattle/Texas/24-008749-003/2024(H5N1)	354	5498
NS|PP755593.1|A/cattle/Texas/24-008749-003/2024(H5N1)	355	5536
NS|PP755593.1|A/cattle/Texas/24-008749-003/2024(H5N1)	356	5506
NS|PP755593.1|A/cattle/Texas/24-008749-003/2024(H5N1)	357	5468
NS|PP755593.1|A/cattle/Texas/24-008749-003/2024(H5N1)	358	5478
NS|PP755593.1|A/cattle/Texas/24-008749-003/2024(H5N1)	359	5480
NS|PP755593.1|A/cattle/Texas/24-008749-003/2024(H5N1)	360	5548
NS|PP755593.1|A/cattle/Texas/24-008749-003/2024(H5N1)	361	5421
NS|PP755593.1|A/cattle/Texas/24-008749-003/2024(H5N1)	362	5058
NS|PP755593.1|A/cattle/Texas/24-008749-003/2024(H5N1)	363	5185
NS|PP755593.1|A/cattle/Texas/24-008749-003/2024(H5N1)	364	5227
NS|PP755593.1|A/cattle/Texas/24-008749-003/2024(H5N1)	365	5169
NS|PP755593.1|A/cattle/Texas/24-008749-003/2024(H5N1)	366	4985
NS|PP755593.1|A/cattle/Texas/24-008749-003/2024(H5N1)	367	5106
NS|PP755593.1|A/cattle/Texas/24-008749-003/2024(H5N1)	368	5112
NS|PP755593.1|A/cattle/Texas/24-008749-003/2024(H5N1)	369	5095
NS|PP755593.1|A/cattle/Texas/24-008749-003/2024(H5N1)	370	5331
NS|PP755593.1|A/cattle/Texas/24-008749-003/2024(H5N1)	371	5336
NS|PP755593.1|A/cattle/Texas/24-008749-003/2024(H5N1)	372	5171
NS|PP755593.1|A/cattle/Texas/24-008749-003/2024(H5N1)	373	5206
NS|PP755593.1|A/cattle/Texas/24-008749-003/2024(H5N1)	374	5187
NS|PP755593.1|A/cattle/Texas/24-008749-003/2024(H5N1)	375	5193
NS|PP755593.1|A/cattle/Texas/24-008749-003/2024(H5N1)	376	5154
NS|PP755593.1|A/cattle/Texas/24-008749-003/2024(H5N1)	377	5156
NS|PP755593.1|A/cattle/Texas/24-008749-003/2024(H5N1)	378	5187
NS|PP755593.1|A/cattle/Texas/24-008749-003/2024(H5N1)	379	5189
NS|PP755593.1|A/cattle/Texas/24-008749-003/2024(H5N1)	380	5163
NS|PP755593.1|A/cattle/Texas/24-008749-003/2024(H5N1)	381	5149
NS|PP755593.1|A/cattle/Texas/24-008749-003/2024(H5N1)	382	5071
NS|PP755593.1|A/cattle/Texas/24-008749-003/2024(H5N1)	383	5069
NS|PP755593.1|A/cattle/Texas/24-008749-003/2024(H5N1)	384	5059
NS|PP755593.1|A/cattle/Texas/24-008749-003/2024(H5N1)	385	5058
NS|PP755593.1|A/cattle/Texas/24-008749-003/2024(H5N1)	386	4867
NS|PP755593.1|A/cattle/Texas/24-008749-003/2024(H5N1)	387	4803
NS|PP755593.1|A/cattle/Texas/24-008749-003/2024(H5N1)	388	4827
NS|PP755593.1|A/cattle/Texas/24-008749-003/2024(H5N1)	389	4828
NS|PP755593.1|A/cattle/Texas/24-008749-003/2024(H5N1)	390	4834
NS|PP755593.1|A/cattle/Texas/24-008749-003/2024(H5N1)	391	4853
NS|PP755593.1|A/cattle/Texas/24-008749-003/2024(H5N1)	392	4872
NS|PP755593.1|A/cattle/Texas/24-008749-003/2024(H5N1)	393	4872
NS|PP755593.1|A/cattle/Texas/24-008749-003/2024(H5N1)	394	5028
NS|PP755593.1|A/cattle/Texas/24-008749-003/2024(H5N1)	395	5041
NS|PP755593.1|A/cattle/Texas/24-008749-003/2024(H5N1)	396	5068
NS|PP755593.1|A/cattle/Texas/24-008749-003/2024(H5N1)	397	5062
NS|PP755593.1|A/cattle/Texas/24-008749-003/2024(H5N1)	398	5127
NS|PP755593.1|A/cattle/Texas/24-008749-003/2024(H5N1)	399	5165
NS|PP755593.1|A/cattle/Texas/24-008749-003/2024(H5N1)	400	5148
NS|PP755593.1|A/cattle/Texas/24-008749-003/2024(H5N1)	401	5164
NS|PP755593.1|A/cattle/Texas/24-008749-003/2024(H5N1)	402	5154
NS|PP755593.1|A/cattle/Texas/24-008749-003/2024(H5N1)	403	5045
NS|PP755593.1|A/cattle/Texas/24-008749-003/2024(H5N1)	404	5045
NS|PP755593.1|A/cattle/Texas/24-008749-003/2024(H5N1)	405	5031
NS|PP755593.1|A/cattle/Texas/24-008749-003/2024(H5N1)	406	5024
NS|PP755593.1|A/cattle/Texas/24-008749-003/2024(H5N1)	407	4939
NS|PP755593.1|A/cattle/Texas/24-008749-003/2024(H5N1)	408	4861
NS|PP755593.1|A/cattle/Texas/24-008749-003/2024(H5N1)	409	4856
NS|PP755593.1|A/cattle/Texas/24-008749-003/2024(H5N1)	410	4845
NS|PP755593.1|A/cattle/Texas/24-008749-003/2024(H5N1)	411	3537
NS|PP755593.1|A/cattle/Texas/24-008749-003/2024(H5N1)	412	3533
NS|PP755593.1|A/cattle/Texas/24-008749-003/2024(H5N1)	413	3492
NS|PP755593.1|A/cattle/Texas/24-008749-003/2024(H5N1)	414	3487
NS|PP755593.1|A/cattle/Texas/24-008749-003/2024(H5N1)	415	3487
NS|PP755593.1|A/cattle/Texas/24-008749-003/2024(H5N1)	416	3489
NS|PP755593.1|A/cattle/Texas/24-008749-003/2024(H5N1)	417	3494
NS|PP755593.1|A/cattle/Texas/24-008749-003/2024(H5N1)	418	3750
NS|PP755593.1|A/cattle/Texas/24-008749-003/2024(H5N1)	419	3755
NS|PP755593.1|A/cattle/Texas/24-008749-003/2024(H5N1)	420	3970
NS|PP755593.1|A/cattle/Texas/24-008749-003/2024(H5N1)	421	4004
NS|PP755593.1|A/cattle/Texas/24-008749-003/2024(H5N1)	422	4178
NS|PP755593.1|A/cattle/Texas/24-008749-003/2024(H5N1)	423	4206
NS|PP755593.1|A/cattle/Texas/24-008749-003/2024(H5N1)	424	4207
NS|PP755593.1|A/cattle/Texas/24-008749-003/2024(H5N1)	425	4207
NS|PP755593.1|A/cattle/Texas/24-008749-003/2024(H5N1)	426	4207
NS|PP755593.1|A/cattle/Texas/24-008749-003/2024(H5N1)	427	4228
NS|PP755593.1|A/cattle/Texas/24-008749-003/2024(H5N1)	428	4818
NS|PP755593.1|A/cattle/Texas/24-008749-003/2024(H5N1)	429	4818
NS|PP755593.1|A/cattle/Texas/24-008749-003/2024(H5N1)	430	4871
NS|PP755593.1|A/cattle/Texas/24-008749-003/2024(H5N1)	431	4873
NS|PP755593.1|A/cattle/Texas/24-008749-003/2024(H5N1)	432	5024
NS|PP755593.1|A/cattle/Texas/24-008749-003/2024(H5N1)	433	5142
NS|PP755593.1|A/cattle/Texas/24-008749-003/2024(H5N1)	434	5146
NS|PP755593.1|A/cattle/Texas/24-008749-003/2024(H5N1)	435	5171
NS|PP755593.1|A/cattle/Texas/24-008749-003/2024(H5N1)	436	5182
NS|PP755593.1|A/cattle/Texas/24-008749-003/2024(H5N1)	437	4711
NS|PP755593.1|A/cattle/Texas/24-008749-003/2024(H5N1)	438	4714
NS|PP755593.1|A/cattle/Texas/24-008749-003/2024(H5N1)	439	4708
NS|PP755593.1|A/cattle/Texas/24-008749-003/2024(H5N1)	440	4747
NS|PP755593.1|A/cattle/Texas/24-008749-003/2024(H5N1)	441	4749
NS|PP755593.1|A/cattle/Texas/24-008749-003/2024(H5N1)	442	4985
NS|PP755593.1|A/cattle/Texas/24-008749-003/2024(H5N1)	443	5015
NS|PP755593.1|A/cattle/Texas/24-008749-003/2024(H5N1)	444	5043
NS|PP755593.1|A/cattle/Texas/24-008749-003/2024(H5N1)	445	5058
NS|PP755593.1|A/cattle/Texas/24-008749-003/2024(H5N1)	446	5076
NS|PP755593.1|A/cattle/Texas/24-008749-003/2024(H5N1)	447	5095
NS|PP755593.1|A/cattle/Texas/24-008749-003/2024(H5N1)	448	5112
NS|PP755593.1|A/cattle/Texas/24-008749-003/2024(H5N1)	449	5124
NS|PP755593.1|A/cattle/Texas/24-008749-003/2024(H5N1)	450	5101
NS|PP755593.1|A/cattle/Texas/24-008749-003/2024(H5N1)	451	5108
NS|PP755593.1|A/cattle/Texas/24-008749-003/2024(H5N1)	452	5125
NS|PP755593.1|A/cattle/Texas/24-008749-003/2024(H5N1)	453	5028
NS|PP755593.1|A/cattle/Texas/24-008749-003/2024(H5N1)	454	5110
NS|PP755593.1|A/cattle/Texas/24-008749-003/2024(H5N1)	455	5127
NS|PP755593.1|A/cattle/Texas/24-008749-003/2024(H5N1)	456	4948
NS|PP755593.1|A/cattle/Texas/24-008749-003/2024(H5N1)	457	4955
NS|PP755593.1|A/cattle/Texas/24-008749-003/2024(H5N1)	458	4965
NS|PP755593.1|A/cattle/Texas/24-008749-003/2024(H5N1)	459	4877
NS|PP755593.1|A/cattle/Texas/24-008749-003/2024(H5N1)	460	4880
NS|PP755593.1|A/cattle/Texas/24-008749-003/2024(H5N1)	461	5209
NS|PP755593.1|A/cattle/Texas/24-008749-003/2024(H5N1)	462	5220
NS|PP755593.1|A/cattle/Texas/24-008749-003/2024(H5N1)	463	5259
NS|PP755593.1|A/cattle/Texas/24-008749-003/2024(H5N1)	464	5277
NS|PP755593.1|A/cattle/Texas/24-008749-003/2024(H5N1)	465	5253
NS|PP755593.1|A/cattle/Texas/24-008749-003/2024(H5N1)	466	5248
NS|PP755593.1|A/cattle/Texas/24-008749-003/2024(H5N1)	467	5244
NS|PP755593.1|A/cattle/Texas/24-008749-003/2024(H5N1)	468	4818
NS|PP755593.1|A/cattle/Texas/24-008749-003/2024(H5N1)	469	4841
NS|PP755593.1|A/cattle/Texas/24-008749-003/2024(H5N1)	470	4840
NS|PP755593.1|A/cattle/Texas/24-008749-003/2024(H5N1)	471	4840
NS|PP755593.1|A/cattle/Texas/24-008749-003/2024(H5N1)	472	4895
NS|PP755593.1|A/cattle/Texas/24-008749-003/2024(H5N1)	473	4941
NS|PP755593.1|A/cattle/Texas/24-008749-003/2024(H5N1)	474	4948
NS|PP755593.1|A/cattle/Texas/24-008749-003/2024(H5N1)	475	5110
NS|PP755593.1|A/cattle/Texas/24-008749-003/2024(H5N1)	476	5234
NS|PP755593.1|A/cattle/Texas/24-008749-003/2024(H5N1)	477	5290
NS|PP755593.1|A/cattle/Texas/24-008749-003/2024(H5N1)	478	5306
NS|PP755593.1|A/cattle/Texas/24-008749-003/2024(H5N1)	479	5316
NS|PP755593.1|A/cattle/Texas/24-008749-003/2024(H5N1)	480	5341
NS|PP755593.1|A/cattle/Texas/24-008749-003/2024(H5N1)	481	5349
NS|PP755593.1|A/cattle/Texas/24-008749-003/2024(H5N1)	482	5510
NS|PP755593.1|A/cattle/Texas/24-008749-003/2024(H5N1)	483	5530
NS|PP755593.1|A/cattle/Texas/24-008749-003/2024(H5N1)	484	5723
NS|PP755593.1|A/cattle/Texas/24-008749-003/2024(H5N1)	485	5743
NS|PP755593.1|A/cattle/Texas/24-008749-003/2024(H5N1)	486	5789
NS|PP755593.1|A/cattle/Texas/24-008749-003/2024(H5N1)	487	5820
NS|PP755593.1|A/cattle/Texas/24-008749-003/2024(H5N1)	488	5832
NS|PP755593.1|A/cattle/Texas/24-008749-003/2024(H5N1)	489	5741
NS|PP755593.1|A/cattle/Texas/24-008749-003/2024(H5N1)	490	5782
NS|PP755593.1|A/cattle/Texas/24-008749-003/2024(H5N1)	491	5813
NS|PP755593.1|A/cattle/Texas/24-008749-003/2024(H5N1)	492	6045
NS|PP755593.1|A/cattle/Texas/24-008749-003/2024(H5N1)	493	6068
NS|PP755593.1|A/cattle/Texas/24-008749-003/2024(H5N1)	494	6112
NS|PP755593.1|A/cattle/Texas/24-008749-003/2024(H5N1)	495	6105
NS|PP755593.1|A/cattle/Texas/24-008749-003/2024(H5N1)	496	6378
NS|PP755593.1|A/cattle/Texas/24-008749-003/2024(H5N1)	497	6440
NS|PP755593.1|A/cattle/Texas/24-008749-003/2024(H5N1)	498	6436
NS|PP755593.1|A/cattle/Texas/24-008749-003/2024(H5N1)	499	6382
NS|PP755593.1|A/cattle/Texas/24-008749-003/2024(H5N1)	500	6376
NS|PP755593.1|A/cattle/Texas/24-008749-003/2024(H5N1)	501	6377
NS|PP755593.1|A/cattle/Texas/24-008749-003/2024(H5N1)	502	6606
NS|PP755593.1|A/cattle/Texas/24-008749-003/2024(H5N1)	503	6732
NS|PP755593.1|A/cattle/Texas/24-008749-003/2024(H5N1)	504	6632
NS|PP755593.1|A/cattle/Texas/24-008749-003/2024(H5N1)	505	6577
NS|PP755593.1|A/cattle/Texas/24-008749-003/2024(H5N1)	506	6860
NS|PP755593.1|A/cattle/Texas/24-008749-003/2024(H5N1)	507	6966
NS|PP755593.1|A/cattle/Texas/24-008749-003/2024(H5N1)	508	6948
NS|PP755593.1|A/cattle/Texas/24-008749-003/2024(H5N1)	509	7228
NS|PP755593.1|A/cattle/Texas/24-008749-003/2024(H5N1)	510	7219
NS|PP755593.1|A/cattle/Texas/24-008749-003/2024(H5N1)	511	7054
NS|PP755593.1|A/cattle/Texas/24-008749-003/2024(H5N1)	512	7059
NS|PP755593.1|A/cattle/Texas/24-008749-003/2024(H5N1)	513	6972
NS|PP755593.1|A/cattle/Texas/24-008749-003/2024(H5N1)	514	6870
NS|PP755593.1|A/cattle/Texas/24-008749-003/2024(H5N1)	515	6640
NS|PP755593.1|A/cattle/Texas/24-008749-003/2024(H5N1)	516	6576
NS|PP755593.1|A/cattle/Texas/24-008749-003/2024(H5N1)	517	6578
NS|PP755593.1|A/cattle/Texas/24-008749-003/2024(H5N1)	518	6316
NS|PP755593.1|A/cattle/Texas/24-008749-003/2024(H5N1)	519	6339
NS|PP755593.1|A/cattle/Texas/24-008749-003/2024(H5N1)	520	6323
NS|PP755593.1|A/cattle/Texas/24-008749-003/2024(H5N1)	521	6319
NS|PP755593.1|A/cattle/Texas/24-008749-003/2024(H5N1)	522	6292
NS|PP755593.1|A/cattle/Texas/24-008749-003/2024(H5N1)	523	6287
NS|PP755593.1|A/cattle/Texas/24-008749-003/2024(H5N1)	524	6277
NS|PP755593.1|A/cattle/Texas/24-008749-003/2024(H5N1)	525	6276
NS|PP755593.1|A/cattle/Texas/24-008749-003/2024(H5N1)	526	6261
NS|PP755593.1|A/cattle/Texas/24-008749-003/2024(H5N1)	527	6299
NS|PP755593.1|A/cattle/Texas/24-008749-003/2024(H5N1)	528	6285
NS|PP755593.1|A/cattle/Texas/24-008749-003/2024(H5N1)	529	6255
NS|PP755593.1|A/cattle/Texas/24-008749-003/2024(H5N1)	530	6414
NS|PP755593.1|A/cattle/Texas/24-008749-003/2024(H5N1)	531	6407
NS|PP755593.1|A/cattle/Texas/24-008749-003/2024(H5N1)	532	6484
NS|PP755593.1|A/cattle/Texas/24-008749-003/2024(H5N1)	533	6490
NS|PP755593.1|A/cattle/Texas/24-008749-003/2024(H5N1)	534	6486
NS|PP755593.1|A/cattle/Texas/24-008749-003/2024(H5N1)	535	6509
NS|PP755593.1|A/cattle/Texas/24-008749-003/2024(H5N1)	536	6465
NS|PP755593.1|A/cattle/Texas/24-008749-003/2024(H5N1)	537	6461
NS|PP755593.1|A/cattle/Texas/24-008749-003/2024(H5N1)	538	6533
NS|PP755593.1|A/cattle/Texas/24-008749-003/2024(H5N1)	539	6532
NS|PP755593.1|A/cattle/Texas/24-008749-003/2024(H5N1)	540	6672
NS|PP755593.1|A/cattle/Texas/24-008749-003/2024(H5N1)	541	6637
NS|PP755593.1|A/cattle/Texas/24-008749-003/2024(H5N1)	542	6624
NS|PP755593.1|A/cattle/Texas/24-008749-003/2024(H5N1)	543	6713
NS|PP755593.1|A/cattle/Texas/24-008749-003/2024(H5N1)	544	6694
NS|PP755593.1|A/cattle/Texas/24-008749-003/2024(H5N1)	545	6717
NS|PP755593.1|A/cattle/Texas/24-008749-003/2024(H5N1)	546	6704
NS|PP755593.1|A/cattle/Texas/24-008749-003/2024(H5N1)	547	6652
NS|PP755593.1|A/cattle/Texas/24-008749-003/2024(H5N1)	548	6676
NS|PP755593.1|A/cattle/Texas/24-008749-003/2024(H5N1)	549	6569
NS|PP755593.1|A/cattle/Texas/24-008749-003/2024(H5N1)	550	6545
NS|PP755593.1|A/cattle/Texas/24-008749-003/2024(H5N1)	551	6639
NS|PP755593.1|A/cattle/Texas/24-008749-003/2024(H5N1)	552	6540
NS|PP755593.1|A/cattle/Texas/24-008749-003/2024(H5N1)	553	6634
NS|PP755593.1|A/cattle/Texas/24-008749-003/2024(H5N1)	554	6595
NS|PP755593.1|A/cattle/Texas/24-008749-003/2024(H5N1)	555	6596
NS|PP755593.1|A/cattle/Texas/24-008749-003/2024(H5N1)	556	6633
NS|PP755593.1|A/cattle/Texas/24-008749-003/2024(H5N1)	557	6631
NS|PP755593.1|A/cattle/Texas/24-008749-003/2024(H5N1)	558	6633
NS|PP755593.1|A/cattle/Texas/24-008749-003/2024(H5N1)	559	6603
NS|PP755593.1|A/cattle/Texas/24-008749-003/2024(H5N1)	560	6483
NS|PP755593.1|A/cattle/Texas/24-008749-003/2024(H5N1)	561	6535
NS|PP755593.1|A/cattle/Texas/24-008749-003/2024(H5N1)	562	6462
NS|PP755593.1|A/cattle/Texas/24-008749-003/2024(H5N1)	563	6500
NS|PP755593.1|A/cattle/Texas/24-008749-003/2024(H5N1)	564	6878
NS|PP755593.1|A/cattle/Texas/24-008749-003/2024(H5N1)	565	6896
NS|PP755593.1|A/cattle/Texas/24-008749-003/2024(H5N1)	566	6913
NS|PP755593.1|A/cattle/Texas/24-008749-003/2024(H5N1)	567	6988
NS|PP755593.1|A/cattle/Texas/24-008749-003/2024(H5N1)	568	6986
NS|PP755593.1|A/cattle/Texas/24-008749-003/2024(H5N1)	569	7092
NS|PP755593.1|A/cattle/Texas/24-008749-003/2024(H5N1)	570	6937
NS|PP755593.1|A/cattle/Texas/24-008749-003/2024(H5N1)	571	6898
NS|PP755593.1|A/cattle/Texas/24-008749-003/2024(H5N1)	572	6962
NS|PP755593.1|A/cattle/Texas/24-008749-003/2024(H5N1)	573	6471
NS|PP755593.1|A/cattle/Texas/24-008749-003/2024(H5N1)	574	6777
NS|PP755593.1|A/cattle/Texas/24-008749-003/2024(H5N1)	575	6773
NS|PP755593.1|A/cattle/Texas/24-008749-003/2024(H5N1)	576	6770
NS|PP755593.1|A/cattle/Texas/24-008749-003/2024(H5N1)	577	6959
NS|PP755593.1|A/cattle/Texas/24-008749-003/2024(H5N1)	578	6879
NS|PP755593.1|A/cattle/Texas/24-008749-003/2024(H5N1)	579	6637
NS|PP755593.1|A/cattle/Texas/24-008749-003/2024(H5N1)	580	6642
NS|PP755593.1|A/cattle/Texas/24-008749-003/2024(H5N1)	581	6588
NS|PP755593.1|A/cattle/Texas/24-008749-003/2024(H5N1)	582	6625
NS|PP755593.1|A/cattle/Texas/24-008749-003/2024(H5N1)	583	6315
NS|PP755593.1|A/cattle/Texas/24-008749-003/2024(H5N1)	584	6321
NS|PP755593.1|A/cattle/Texas/24-008749-003/2024(H5N1)	585	6322
NS|PP755593.1|A/cattle/Texas/24-008749-003/2024(H5N1)	586	6329
NS|PP755593.1|A/cattle/Texas/24-008749-003/2024(H5N1)	587	6559
NS|PP755593.1|A/cattle/Texas/24-008749-003/2024(H5N1)	588	6556
NS|PP755593.1|A/cattle/Texas/24-008749-003/2024(H5N1)	589	6713
NS|PP755593.1|A/cattle/Texas/24-008749-003/2024(H5N1)	590	6758
NS|PP755593.1|A/cattle/Texas/24-008749-003/2024(H5N1)	591	6694
NS|PP755593.1|A/cattle/Texas/24-008749-003/2024(H5N1)	592	6909
NS|PP755593.1|A/cattle/Texas/24-008749-003/2024(H5N1)	593	6966
NS|PP755593.1|A/cattle/Texas/24-008749-003/2024(H5N1)	594	7025
NS|PP755593.1|A/cattle/Texas/24-008749-003/2024(H5N1)	595	7015
NS|PP755593.1|A/cattle/Texas/24-008749-003/2024(H5N1)	596	7000
NS|PP755593.1|A/cattle/Texas/24-008749-003/2024(H5N1)	597	7020
NS|PP755593.1|A/cattle/Texas/24-008749-003/2024(H5N1)	598	6839
NS|PP755593.1|A/cattle/Texas/24-008749-003/2024(H5N1)	599	6843
NS|PP755593.1|A/cattle/Texas/24-008749-003/2024(H5N1)	600	6890
NS|PP755593.1|A/cattle/Texas/24-008749-003/2024(H5N1)	601	6737
NS|PP755593.1|A/cattle/Texas/24-008749-003/2024(H5N1)	602	6737
NS|PP755593.1|A/cattle/Texas/24-008749-003/2024(H5N1)	603	6786
NS|PP755593.1|A/cattle/Texas/24-008749-003/2024(H5N1)	604	6807
NS|PP755593.1|A/cattle/Texas/24-008749-003/2024(H5N1)	605	6767
NS|PP755593.1|A/cattle/Texas/24-008749-003/2024(H5N1)	606	6751
NS|PP755593.1|A/cattle/Texas/24-008749-003/2024(H5N1)	607	6760
NS|PP755593.1|A/cattle/Texas/24-008749-003/2024(H5N1)	608	6742
NS|PP755593.1|A/cattle/Texas/24-008749-003/2024(H5N1)	609	6923
NS|PP755593.1|A/cattle/Texas/24-008749-003/2024(H5N1)	610	6911
NS|PP755593.1|A/cattle/Texas/24-008749-003/2024(H5N1)	611	6908
NS|PP755593.1|A/cattle/Texas/24-008749-003/2024(H5N1)	612	6767
NS|PP755593.1|A/cattle/Texas/24-008749-003/2024(H5N1)	613	6758
NS|PP755593.1|A/cattle/Texas/24-008749-003/2024(H5N1)	614	6914
NS|PP755593.1|A/cattle/Texas/24-008749-003/2024(H5N1)	615	6924
NS|PP755593.1|A/cattle/Texas/24-008749-003/2024(H5N1)	616	6916
NS|PP755593.1|A/cattle/Texas/24-008749-003/2024(H5N1)	617	7235
NS|PP755593.1|A/cattle/Texas/24-008749-003/2024(H5N1)	618	7246
NS|PP755593.1|A/cattle/Texas/24-008749-003/2024(H5N1)	619	7280
NS|PP755593.1|A/cattle/Texas/24-008749-003/2024(H5N1)	620	7273
NS|PP755593.1|A/cattle/Texas/24-008749-003/2024(H5N1)	621	7260
NS|PP755593.1|A/cattle/Texas/24-008749-003/2024(H5N1)	622	7341
NS|PP755593.1|A/cattle/Texas/24-008749-003/2024(H5N1)	623	7180
NS|PP755593.1|A/cattle/Texas/24-008749-003/2024(H5N1)	624	7494
NS|PP755593.1|A/cattle/Texas/24-008749-003/2024(H5N1)	625	7598
NS|PP755593.1|A/cattle/Texas/24-008749-003/2024(H5N1)	626	7346
NS|PP755593.1|A/cattle/Texas/24-008749-003/2024(H5N1)	627	7423
NS|PP755593.1|A/cattle/Texas/24-008749-003/2024(H5N1)	628	7381
NS|PP755593.1|A/cattle/Texas/24-008749-003/2024(H5N1)	629	7495
NS|PP755593.1|A/cattle/Texas/24-008749-003/2024(H5N1)	630	7494
NS|PP755593.1|A/cattle/Texas/24-008749-003/2024(H5N1)	631	7438
NS|PP755593.1|A/cattle/Texas/24-008749-003/2024(H5N1)	632	7558
NS|PP755593.1|A/cattle/Texas/24-008749-003/2024(H5N1)	633	7267
NS|PP755593.1|A/cattle/Texas/24-008749-003/2024(H5N1)	634	7844
NS|PP755593.1|A/cattle/Texas/24-008749-003/2024(H5N1)	635	8199
NS|PP755593.1|A/cattle/Texas/24-008749-003/2024(H5N1)	636	8167
NS|PP755593.1|A/cattle/Texas/24-008749-003/2024(H5N1)	637	8217
NS|PP755593.1|A/cattle/Texas/24-008749-003/2024(H5N1)	638	8158
NS|PP755593.1|A/cattle/Texas/24-008749-003/2024(H5N1)	639	8227
NS|PP755593.1|A/cattle/Texas/24-008749-003/2024(H5N1)	640	8274
NS|PP755593.1|A/cattle/Texas/24-008749-003/2024(H5N1)	641	8193
NS|PP755593.1|A/cattle/Texas/24-008749-003/2024(H5N1)	642	8256
NS|PP755593.1|A/cattle/Texas/24-008749-003/2024(H5N1)	643	7700
NS|PP755593.1|A/cattle/Texas/24-008749-003/2024(H5N1)	644	8132
NS|PP755593.1|A/cattle/Texas/24-008749-003/2024(H5N1)	645	8132
NS|PP755593.1|A/cattle/Texas/24-008749-003/2024(H5N1)	646	8032
NS|PP755593.1|A/cattle/Texas/24-008749-003/2024(H5N1)	647	8018
NS|PP755593.1|A/cattle/Texas/24-008749-003/2024(H5N1)	648	8155
NS|PP755593.1|A/cattle/Texas/24-008749-003/2024(H5N1)	649	8172
NS|PP755593.1|A/cattle/Texas/24-008749-003/2024(H5N1)	650	8167
NS|PP755593.1|A/cattle/Texas/24-008749-003/2024(H5N1)	651	8149
NS|PP755593.1|A/cattle/Texas/24-008749-003/2024(H5N1)	652	8058
NS|PP755593.1|A/cattle/Texas/24-008749-003/2024(H5N1)	653	7673
NS|PP755593.1|A/cattle/Texas/24-008749-003/2024(H5N1)	654	7680
NS|PP755593.1|A/cattle/Texas/24-008749-003/2024(H5N1)	655	7856
NS|PP755593.1|A/cattle/Texas/24-008749-003/2024(H5N1)	656	7874
NS|PP755593.1|A/cattle/Texas/24-008749-003/2024(H5N1)	657	7794
NS|PP755593.1|A/cattle/Texas/24-008749-003/2024(H5N1)	658	7904
NS|PP755593.1|A/cattle/Texas/24-008749-003/2024(H5N1)	659	7908
NS|PP755593.1|A/cattle/Texas/24-008749-003/2024(H5N1)	660	7829
NS|PP755593.1|A/cattle/Texas/24-008749-003/2024(H5N1)	661	7837
NS|PP755593.1|A/cattle/Texas/24-008749-003/2024(H5N1)	662	7858
NS|PP755593.1|A/cattle/Texas/24-008749-003/2024(H5N1)	663	7874
NS|PP755593.1|A/cattle/Texas/24-008749-003/2024(H5N1)	664	7885
NS|PP755593.1|A/cattle/Texas/24-008749-003/2024(H5N1)	665	7889
NS|PP755593.1|A/cattle/Texas/24-008749-003/2024(H5N1)	666	7957
NS|PP755593.1|A/cattle/Texas/24-008749-003/2024(H5N1)	667	8117
NS|PP755593.1|A/cattle/Texas/24-008749-003/2024(H5N1)	668	8098
NS|PP755593.1|A/cattle/Texas/24-008749-003/2024(H5N1)	669	8146
NS|PP755593.1|A/cattle/Texas/24-008749-003/2024(H5N1)	670	8129
NS|PP755593.1|A/cattle/Texas/24-008749-003/2024(H5N1)	671	8441
NS|PP755593.1|A/cattle/Texas/24-008749-003/2024(H5N1)	672	8481
NS|PP755593.1|A/cattle/Texas/24-008749-003/2024(H5N1)	673	8490
NS|PP755593.1|A/cattle/Texas/24-008749-003/2024(H5N1)	674	8595
NS|PP755593.1|A/cattle/Texas/24-008749-003/2024(H5N1)	675	8546
NS|PP755593.1|A/cattle/Texas/24-008749-003/2024(H5N1)	676	8546
NS|PP755593.1|A/cattle/Texas/24-008749-003/2024(H5N1)	677	8552
NS|PP755593.1|A/cattle/Texas/24-008749-003/2024(H5N1)	678	8519
NS|PP755593.1|A/cattle/Texas/24-008749-003/2024(H5N1)	679	8520
NS|PP755593.1|A/cattle/Texas/24-008749-003/2024(H5N1)	680	8452
NS|PP755593.1|A/cattle/Texas/24-008749-003/2024(H5N1)	681	8415
NS|PP755593.1|A/cattle/Texas/24-008749-003/2024(H5N1)	682	8475
NS|PP755593.1|A/cattle/Texas/24-008749-003/2024(H5N1)	683	8375
NS|PP755593.1|A/cattle/Texas/24-008749-003/2024(H5N1)	684	8355
NS|PP755593.1|A/cattle/Texas/24-008749-003/2024(H5N1)	685	8356
NS|PP755593.1|A/cattle/Texas/24-008749-003/2024(H5N1)	686	8357
NS|PP755593.1|A/cattle/Texas/24-008749-003/2024(H5N1)	687	8390
NS|PP755593.1|A/cattle/Texas/24-008749-003/2024(H5N1)	688	8409
NS|PP755593.1|A/cattle/Texas/24-008749-003/2024(H5N1)	689	8264
NS|PP755593.1|A/cattle/Texas/24-008749-003/2024(H5N1)	690	8299
NS|PP755593.1|A/cattle/Texas/24-008749-003/2024(H5N1)	691	8248
NS|PP755593.1|A/cattle/Texas/24-008749-003/2024(H5N1)	692	8253
NS|PP755593.1|A/cattle/Texas/24-008749-003/2024(H5N1)	693	8271
NS|PP755593.1|A/cattle/Texas/24-008749-003/2024(H5N1)	694	8205
NS|PP755593.1|A/cattle/Texas/24-008749-003/2024(H5N1)	695	8308
NS|PP755593.1|A/cattle/Texas/24-008749-003/2024(H5N1)	696	8290
NS|PP755593.1|A/cattle/Texas/24-008749-003/2024(H5N1)	697	8278
NS|PP755593.1|A/cattle/Texas/24-008749-003/2024(H5N1)	698	8281
NS|PP755593.1|A/cattle/Texas/24-008749-003/2024(H5N1)	699	8334
NS|PP755593.1|A/cattle/Texas/24-008749-003/2024(H5N1)	700	8336
NS|PP755593.1|A/cattle/Texas/24-008749-003/2024(H5N1)	701	8325
NS|PP755593.1|A/cattle/Texas/24-008749-003/2024(H5N1)	702	8274
NS|PP755593.1|A/cattle/Texas/24-008749-003/2024(H5N1)	703	8298
NS|PP755593.1|A/cattle/Texas/24-008749-003/2024(H5N1)	704	8153
NS|PP755593.1|A/cattle/Texas/24-008749-003/2024(H5N1)	705	8129
NS|PP755593.1|A/cattle/Texas/24-008749-003/2024(H5N1)	706	8128
NS|PP755593.1|A/cattle/Texas/24-008749-003/2024(H5N1)	707	8110
NS|PP755593.1|A/cattle/Texas/24-008749-003/2024(H5N1)	708	8053
NS|PP755593.1|A/cattle/Texas/24-008749-003/2024(H5N1)	709	8199
NS|PP755593.1|A/cattle/Texas/24-008749-003/2024(H5N1)	710	8325
NS|PP755593.1|A/cattle/Texas/24-008749-003/2024(H5N1)	711	8422
NS|PP755593.1|A/cattle/Texas/24-008749-003/2024(H5N1)	712	8403
NS|PP755593.1|A/cattle/Texas/24-008749-003/2024(H5N1)	713	8431
NS|PP755593.1|A/cattle/Texas/24-008749-003/2024(H5N1)	714	8994
NS|PP755593.1|A/cattle/Texas/24-008749-003/2024(H5N1)	715	8737
NS|PP755593.1|A/cattle/Texas/24-008749-003/2024(H5N1)	716	8718
NS|PP755593.1|A/cattle/Texas/24-008749-003/2024(H5N1)	717	8781
NS|PP755593.1|A/cattle/Texas/24-008749-003/2024(H5N1)	718	8585
NS|PP755593.1|A/cattle/Texas/24-008749-003/2024(H5N1)	719	9075
NS|PP755593.1|A/cattle/Texas/24-008749-003/2024(H5N1)	720	8983
NS|PP755593.1|A/cattle/Texas/24-008749-003/2024(H5N1)	721	8992
NS|PP755593.1|A/cattle/Texas/24-008749-003/2024(H5N1)	722	8905
NS|PP755593.1|A/cattle/Texas/24-008749-003/2024(H5N1)	723	8878
NS|PP755593.1|A/cattle/Texas/24-008749-003/2024(H5N1)	724	8842
NS|PP755593.1|A/cattle/Texas/24-008749-003/2024(H5N1)	725	8636
NS|PP755593.1|A/cattle/Texas/24-008749-003/2024(H5N1)	726	8633
NS|PP755593.1|A/cattle/Texas/24-008749-003/2024(H5N1)	727	8635
NS|PP755593.1|A/cattle/Texas/24-008749-003/2024(H5N1)	728	8225
NS|PP755593.1|A/cattle/Texas/24-008749-003/2024(H5N1)	729	8444
NS|PP755593.1|A/cattle/Texas/24-008749-003/2024(H5N1)	730	8420
NS|PP755593.1|A/cattle/Texas/24-008749-003/2024(H5N1)	731	7971
NS|PP755593.1|A/cattle/Texas/24-008749-003/2024(H5N1)	732	7952
NS|PP755593.1|A/cattle/Texas/24-008749-003/2024(H5N1)	733	7919
NS|PP755593.1|A/cattle/Texas/24-008749-003/2024(H5N1)	734	7923
NS|PP755593.1|A/cattle/Texas/24-008749-003/2024(H5N1)	735	8138
NS|PP755593.1|A/cattle/Texas/24-008749-003/2024(H5N1)	736	8148
NS|PP755593.1|A/cattle/Texas/24-008749-003/2024(H5N1)	737	8122
NS|PP755593.1|A/cattle/Texas/24-008749-003/2024(H5N1)	738	7658
NS|PP755593.1|A/cattle/Texas/24-008749-003/2024(H5N1)	739	7634
NS|PP755593.1|A/cattle/Texas/24-008749-003/2024(H5N1)	740	7756
NS|PP755593.1|A/cattle/Texas/24-008749-003/2024(H5N1)	741	7759
NS|PP755593.1|A/cattle/Texas/24-008749-003/2024(H5N1)	742	7702
NS|PP755593.1|A/cattle/Texas/24-008749-003/2024(H5N1)	743	7630
NS|PP755593.1|A/cattle/Texas/24-008749-003/2024(H5N1)	744	7451
NS|PP755593.1|A/cattle/Texas/24-008749-003/2024(H5N1)	745	7415
NS|PP755593.1|A/cattle/Texas/24-008749-003/2024(H5N1)	746	7415
NS|PP755593.1|A/cattle/Texas/24-008749-003/2024(H5N1)	747	7381
NS|PP755593.1|A/cattle/Texas/24-008749-003/2024(H5N1)	748	7371
NS|PP755593.1|A/cattle/Texas/24-008749-003/2024(H5N1)	749	7912
NS|PP755593.1|A/cattle/Texas/24-008749-003/2024(H5N1)	750	8129
NS|PP755593.1|A/cattle/Texas/24-008749-003/2024(H5N1)	751	8129
NS|PP755593.1|A/cattle/Texas/24-008749-003/2024(H5N1)	752	8108
NS|PP755593.1|A/cattle/Texas/24-008749-003/2024(H5N1)	753	8108
NS|PP755593.1|A/cattle/Texas/24-008749-003/2024(H5N1)	754	7913
NS|PP755593.1|A/cattle/Texas/24-008749-003/2024(H5N1)	755	7913
NS|PP755593.1|A/cattle/Texas/24-008749-003/2024(H5N1)	756	7912
NS|PP755593.1|A/cattle/Texas/24-008749-003/2024(H5N1)	757	7908
NS|PP755593.1|A/cattle/Texas/24-008749-003/2024(H5N1)	758	7920
NS|PP755593.1|A/cattle/Texas/24-008749-003/2024(H5N1)	759	7660
NS|PP755593.1|A/cattle/Texas/24-008749-003/2024(H5N1)	760	7632
NS|PP755593.1|A/cattle/Texas/24-008749-003/2024(H5N1)	761	7632
NS|PP755593.1|A/cattle/Texas/24-008749-003/2024(H5N1)	762	7631
NS|PP755593.1|A/cattle/Texas/24-008749-003/2024(H5N1)	763	7618
NS|PP755593.1|A/cattle/Texas/24-008749-003/2024(H5N1)	764	7643
NS|PP755593.1|A/cattle/Texas/24-008749-003/2024(H5N1)	765	7551
NS|PP755593.1|A/cattle/Texas/24-008749-003/2024(H5N1)	766	7548
NS|PP755593.1|A/cattle/Texas/24-008749-003/2024(H5N1)	767	7521
NS|PP755593.1|A/cattle/Texas/24-008749-003/2024(H5N1)	768	7331
NS|PP755593.1|A/cattle/Texas/24-008749-003/2024(H5N1)	769	7164
NS|PP755593.1|A/cattle/Texas/24-008749-003/2024(H5N1)	770	7390
NS|PP755593.1|A/cattle/Texas/24-008749-003/2024(H5N1)	771	7393
NS|PP755593.1|A/cattle/Texas/24-008749-003/2024(H5N1)	772	7395
NS|PP755593.1|A/cattle/Texas/24-008749-003/2024(H5N1)	773	7328
NS|PP755593.1|A/cattle/Texas/24-008749-003/2024(H5N1)	774	7178
NS|PP755593.1|A/cattle/Texas/24-008749-003/2024(H5N1)	775	7066
NS|PP755593.1|A/cattle/Texas/24-008749-003/2024(H5N1)	776	7072
NS|PP755593.1|A/cattle/Texas/24-008749-003/2024(H5N1)	777	7244
NS|PP755593.1|A/cattle/Texas/24-008749-003/2024(H5N1)	778	7170
NS|PP755593.1|A/cattle/Texas/24-008749-003/2024(H5N1)	779	7141
NS|PP755593.1|A/cattle/Texas/24-008749-003/2024(H5N1)	780	7145
NS|PP755593.1|A/cattle/Texas/24-008749-003/2024(H5N1)	781	7139
NS|PP755593.1|A/cattle/Texas/24-008749-003/2024(H5N1)	782	7117
NS|PP755593.1|A/cattle/Texas/24-008749-003/2024(H5N1)	783	7110
NS|PP755593.1|A/cattle/Texas/24-008749-003/2024(H5N1)	784	7099
NS|PP755593.1|A/cattle/Texas/24-008749-003/2024(H5N1)	785	6766
NS|PP755593.1|A/cattle/Texas/24-008749-003/2024(H5N1)	786	6184
NS|PP755593.1|A/cattle/Texas/24-008749-003/2024(H5N1)	787	6161
NS|PP755593.1|A/cattle/Texas/24-008749-003/2024(H5N1)	788	6104
NS|PP755593.1|A/cattle/Texas/24-008749-003/2024(H5N1)	789	6079
NS|PP755593.1|A/cattle/Texas/24-008749-003/2024(H5N1)	790	6119
NS|PP755593.1|A/cattle/Texas/24-008749-003/2024(H5N1)	791	6013
NS|PP755593.1|A/cattle/Texas/24-008749-003/2024(H5N1)	792	6013
NS|PP755593.1|A/cattle/Texas/24-008749-003/2024(H5N1)	793	5981
NS|PP755593.1|A/cattle/Texas/24-008749-003/2024(H5N1)	794	5963
NS|PP755593.1|A/cattle/Texas/24-008749-003/2024(H5N1)	795	5797
NS|PP755593.1|A/cattle/Texas/24-008749-003/2024(H5N1)	796	5790
NS|PP755593.1|A/cattle/Texas/24-008749-003/2024(H5N1)	797	5796
NS|PP755593.1|A/cattle/Texas/24-008749-003/2024(H5N1)	798	5783
NS|PP755593.1|A/cattle/Texas/24-008749-003/2024(H5N1)	799	5528
NS|PP755593.1|A/cattle/Texas/24-008749-003/2024(H5N1)	800	5564
NS|PP755593.1|A/cattle/Texas/24-008749-003/2024(H5N1)	801	5557
NS|PP755593.1|A/cattle/Texas/24-008749-003/2024(H5N1)	802	5558
NS|PP755593.1|A/cattle/Texas/24-008749-003/2024(H5N1)	803	5541
NS|PP755593.1|A/cattle/Texas/24-008749-003/2024(H5N1)	804	5281
NS|PP755593.1|A/cattle/Texas/24-008749-003/2024(H5N1)	805	5288
NS|PP755593.1|A/cattle/Texas/24-008749-003/2024(H5N1)	806	5274
NS|PP755593.1|A/cattle/Texas/24-008749-003/2024(H5N1)	807	5252
NS|PP755593.1|A/cattle/Texas/24-008749-003/2024(H5N1)	808	5286
NS|PP755593.1|A/cattle/Texas/24-008749-003/2024(H5N1)	809	5072
NS|PP755593.1|A/cattle/Texas/24-008749-003/2024(H5N1)	810	5060
NS|PP755593.1|A/cattle/Texas/24-008749-003/2024(H5N1)	811	5052
NS|PP755593.1|A/cattle/Texas/24-008749-003/2024(H5N1)	812	5049
NS|PP755593.1|A/cattle/Texas/24-008749-003/2024(H5N1)	813	5061
NS|PP755593.1|A/cattle/Texas/24-008749-003/2024(H5N1)	814	5032
NS|PP755593.1|A/cattle/Texas/24-008749-003/2024(H5N1)	815	5019
NS|PP755593.1|A/cattle/Texas/24-008749-003/2024(H5N1)	816	4987
NS|PP755593.1|A/cattle/Texas/24-008749-003/2024(H5N1)	817	4732
NS|PP755593.1|A/cattle/Texas/24-008749-003/2024(H5N1)	818	4722
NS|PP755593.1|A/cattle/Texas/24-008749-003/2024(H5N1)	819	4716
NS|PP755593.1|A/cattle/Texas/24-008749-003/2024(H5N1)	820	4636
NS|PP755593.1|A/cattle/Texas/24-008749-003/2024(H5N1)	821	4636
NS|PP755593.1|A/cattle/Texas/24-008749-003/2024(H5N1)	822	4574
NS|PP755593.1|A/cattle/Texas/24-008749-003/2024(H5N1)	823	4570
NS|PP755593.1|A/cattle/Texas/24-008749-003/2024(H5N1)	824	4550
NS|PP755593.1|A/cattle/Texas/24-008749-003/2024(H5N1)	825	4510
NS|PP755593.1|A/cattle/Texas/24-008749-003/2024(H5N1)	826	4506
NS|PP755593.1|A/cattle/Texas/24-008749-003/2024(H5N1)	827	4496
NS|PP755593.1|A/cattle/Texas/24-008749-003/2024(H5N1)	828	4467
NS|PP755593.1|A/cattle/Texas/24-008749-003/2024(H5N1)	829	4465
NS|PP755593.1|A/cattle/Texas/24-008749-003/2024(H5N1)	830	4400
NS|PP755593.1|A/cattle/Texas/24-008749-003/2024(H5N1)	831	4317
NS|PP755593.1|A/cattle/Texas/24-008749-003/2024(H5N1)	832	4285
NS|PP755593.1|A/cattle/Texas/24-008749-003/2024(H5N1)	833	4137
NS|PP755593.1|A/cattle/Texas/24-008749-003/2024(H5N1)	834	4137
NS|PP755593.1|A/cattle/Texas/24-008749-003/2024(H5N1)	835	4136
NS|PP755593.1|A/cattle/Texas/24-008749-003/2024(H5N1)	836	4124
NS|PP755593.1|A/cattle/Texas/24-008749-003/2024(H5N1)	837	4107
NS|PP755593.1|A/cattle/Texas/24-008749-003/2024(H5N1)	838	4043
