PB1|PP755595.1|A/cattle/Texas/24-008749-003/2024(H5N1)	1	1957
PB1|PP755595.1|A/cattle/Texas/24-008749-003/2024(H5N1)	2	1964
PB1|PP755595.1|A/cattle/Texas/24-008749-003/2024(H5N1)	3	1973
PB1|PP755595.1|A/cattle/Texas/24-008749-003/2024(H5N1)	4	1998
PB1|PP755595.1|A/cattle/Texas/24-008749-003/2024(H5N1)	5	2054
PB1|PP755595.1|A/cattle/Texas/24-008749-003/2024(H5N1)	6	2075
PB1|PP755595.1|A/cattle/Texas/24-008749-003/2024(H5N1)	7	2078
PB1|PP755595.1|A/cattle/Texas/24-008749-003/2024(H5N1)	8	2082
PB1|PP755595.1|A/cattle/Texas/24-008749-003/2024(H5N1)	9	2106
PB1|PP755595.1|A/cattle/Texas/24-008749-003/2024(H5N1)	10	2112
PB1|PP755595.1|A/cattle/Texas/24-008749-003/2024(H5N1)	11	2115
PB1|PP755595.1|A/cattle/Texas/24-008749-003/2024(H5N1)	12	2118
PB1|PP755595.1|A/cattle/Texas/24-008749-003/2024(H5N1)	13	2122
PB1|PP755595.1|A/cattle/Texas/24-008749-003/2024(H5N1)	14	2139
PB1|PP755595.1|A/cattle/Texas/24-008749-003/2024(H5N1)	15	2150
PB1|PP755595.1|A/cattle/Texas/24-008749-003/2024(H5N1)	16	2180
PB1|PP755595.1|A/cattle/Texas/24-008749-003/2024(H5N1)	17	2182
PB1|PP755595.1|A/cattle/Texas/24-008749-003/2024(H5N1)	18	2183
PB1|PP755595.1|A/cattle/Texas/24-008749-003/2024(H5N1)	19	2191
PB1|PP755595.1|A/cattle/Texas/24-008749-003/2024(H5N1)	20	2193
PB1|PP755595.1|A/cattle/Texas/24-008749-003/2024(H5N1)	21	2194
PB1|PP755595.1|A/cattle/Texas/24-008749-003/2024(H5N1)	22	2194
PB1|PP755595.1|A/cattle/Texas/24-008749-003/2024(H5N1)	23	2201
PB1|PP755595.1|A/cattle/Texas/24-008749-003/2024(H5N1)	24	2203
PB1|PP755595.1|A/cattle/Texas/24-008749-003/2024(H5N1)	25	2209
PB1|PP755595.1|A/cattle/Texas/24-008749-003/2024(H5N1)	26	2265
PB1|PP755595.1|A/cattle/Texas/24-008749-003/2024(H5N1)	27	2269
PB1|PP755595.1|A/cattle/Texas/24-008749-003/2024(H5N1)	28	2288
PB1|PP755595.1|A/cattle/Texas/24-008749-003/2024(H5N1)	29	2292
PB1|PP755595.1|A/cattle/Texas/24-008749-003/2024(H5N1)	30	2294
PB1|PP755595.1|A/cattle/Texas/24-008749-003/2024(H5N1)	31	2298
PB1|PP755595.1|A/cattle/Texas/24-008749-003/2024(H5N1)	32	2312
PB1|PP755595.1|A/cattle/Texas/24-008749-003/2024(H5N1)	33	2312
PB1|PP755595.1|A/cattle/Texas/24-008749-003/2024(H5N1)	34	2333
PB1|PP755595.1|A/cattle/Texas/24-008749-003/2024(H5N1)	35	2350
PB1|PP755595.1|A/cattle/Texas/24-008749-003/2024(H5N1)	36	2348
PB1|PP755595.1|A/cattle/Texas/24-008749-003/2024(H5N1)	37	2353
PB1|PP755595.1|A/cattle/Texas/24-008749-003/2024(H5N1)	38	2355
PB1|PP755595.1|A/cattle/Texas/24-008749-003/2024(H5N1)	39	2359
PB1|PP755595.1|A/cattle/Texas/24-008749-003/2024(H5N1)	40	2429
PB1|PP755595.1|A/cattle/Texas/24-008749-003/2024(H5N1)	41	2451
PB1|PP755595.1|A/cattle/Texas/24-008749-003/2024(H5N1)	42	2455
PB1|PP755595.1|A/cattle/Texas/24-008749-003/2024(H5N1)	43	2477
PB1|PP755595.1|A/cattle/Texas/24-008749-003/2024(H5N1)	44	2363
PB1|PP755595.1|A/cattle/Texas/24-008749-003/2024(H5N1)	45	2467
PB1|PP755595.1|A/cattle/Texas/24-008749-003/2024(H5N1)	46	2485
PB1|PP755595.1|A/cattle/Texas/24-008749-003/2024(H5N1)	47	2562
PB1|PP755595.1|A/cattle/Texas/24-008749-003/2024(H5N1)	48	2635
PB1|PP755595.1|A/cattle/Texas/24-008749-003/2024(H5N1)	49	2720
PB1|PP755595.1|A/cattle/Texas/24-008749-003/2024(H5N1)	50	2738
PB1|PP755595.1|A/cattle/Texas/24-008749-003/2024(H5N1)	51	2779
PB1|PP755595.1|A/cattle/Texas/24-008749-003/2024(H5N1)	52	2825
PB1|PP755595.1|A/cattle/Texas/24-008749-003/2024(H5N1)	53	2860
PB1|PP755595.1|A/cattle/Texas/24-008749-003/2024(H5N1)	54	2952
PB1|PP755595.1|A/cattle/Texas/24-008749-003/2024(H5N1)	55	2953
PB1|PP755595.1|A/cattle/Texas/24-008749-003/2024(H5N1)	56	3015
PB1|PP755595.1|A/cattle/Texas/24-008749-003/2024(H5N1)	57	3018
PB1|PP755595.1|A/cattle/Texas/24-008749-003/2024(H5N1)	58	3033
PB1|PP755595.1|A/cattle/Texas/24-008749-003/2024(H5N1)	59	3107
PB1|PP755595.1|A/cattle/Texas/24-008749-003/2024(H5N1)	60	3135
PB1|PP755595.1|A/cattle/Texas/24-008749-003/2024(H5N1)	61	3153
PB1|PP755595.1|A/cattle/Texas/24-008749-003/2024(H5N1)	62	3173
PB1|PP755595.1|A/cattle/Texas/24-008749-003/2024(H5N1)	63	3188
PB1|PP755595.1|A/cattle/Texas/24-008749-003/2024(H5N1)	64	3221
PB1|PP755595.1|A/cattle/Texas/24-008749-003/2024(H5N1)	65	3224
PB1|PP755595.1|A/cattle/Texas/24-008749-003/2024(H5N1)	66	3578
PB1|PP755595.1|A/cattle/Texas/24-008749-003/2024(H5N1)	67	3584
PB1|PP755595.1|A/cattle/Texas/24-008749-003/2024(H5N1)	68	3584
PB1|PP755595.1|A/cattle/Texas/24-008749-003/2024(H5N1)	69	3584
PB1|PP755595.1|A/cattle/Texas/24-008749-003/2024(H5N1)	70	3609
PB1|PP755595.1|A/cattle/Texas/24-008749-003/2024(H5N1)	71	3711
PB1|PP755595.1|A/cattle/Texas/24-008749-003/2024(H5N1)	72	3751
PB1|PP755595.1|A/cattle/Texas/24-008749-003/2024(H5N1)	73	3785
PB1|PP755595.1|A/cattle/Texas/24-008749-003/2024(H5N1)	74	3824
PB1|PP755595.1|A/cattle/Texas/24-008749-003/2024(H5N1)	75	3837
PB1|PP755595.1|A/cattle/Texas/24-008749-003/2024(H5N1)	76	3868
PB1|PP755595.1|A/cattle/Texas/24-008749-003/2024(H5N1)	77	3883
PB1|PP755595.1|A/cattle/Texas/24-008749-003/2024(H5N1)	78	3896
PB1|PP755595.1|A/cattle/Texas/24-008749-003/2024(H5N1)	79	3897
PB1|PP755595.1|A/cattle/Texas/24-008749-003/2024(H5N1)	80	3938
PB1|PP755595.1|A/cattle/Texas/24-008749-003/2024(H5N1)	81	3948
PB1|PP755595.1|A/cattle/Texas/24-008749-003/2024(H5N1)	82	4089
PB1|PP755595.1|A/cattle/Texas/24-008749-003/2024(H5N1)	83	4097
PB1|PP755595.1|A/cattle/Texas/24-008749-003/2024(H5N1)	84	4102
PB1|PP755595.1|A/cattle/Texas/24-008749-003/2024(H5N1)	85	4203
PB1|PP755595.1|A/cattle/Texas/24-008749-003/2024(H5N1)	86	4211
PB1|PP755595.1|A/cattle/Texas/24-008749-003/2024(H5N1)	87	4219
PB1|PP755595.1|A/cattle/Texas/24-008749-003/2024(H5N1)	88	4220
PB1|PP755595.1|A/cattle/Texas/24-008749-003/2024(H5N1)	89	4221
PB1|PP755595.1|A/cattle/Texas/24-008749-003/2024(H5N1)	90	4227
PB1|PP755595.1|A/cattle/Texas/24-008749-003/2024(H5N1)	91	4227
PB1|PP755595.1|A/cattle/Texas/24-008749-003/2024(H5N1)	92	4247
PB1|PP755595.1|A/cattle/Texas/24-008749-003/2024(H5N1)	93	4258
PB1|PP755595.1|A/cattle/Texas/24-008749-003/2024(H5N1)	94	4241
PB1|PP755595.1|A/cattle/Texas/24-008749-003/2024(H5N1)	95	4253
PB1|PP755595.1|A/cattle/Texas/24-008749-003/2024(H5N1)	96	4253
PB1|PP755595.1|A/cattle/Texas/24-008749-003/2024(H5N1)	97	4254
PB1|PP755595.1|A/cattle/Texas/24-008749-003/2024(H5N1)	98	4275
PB1|PP755595.1|A/cattle/Texas/24-008749-003/2024(H5N1)	99	4276
PB1|PP755595.1|A/cattle/Texas/24-008749-003/2024(H5N1)	100	4275
PB1|PP755595.1|A/cattle/Texas/24-008749-003/2024(H5N1)	101	4255
PB1|PP755595.1|A/cattle/Texas/24-008749-003/2024(H5N1)	102	4250
PB1|PP755595.1|A/cattle/Texas/24-008749-003/2024(H5N1)	103	4249
PB1|PP755595.1|A/cattle/Texas/24-008749-003/2024(H5N1)	104	4249
PB1|PP755595.1|A/cattle/Texas/24-008749-003/2024(H5N1)	105	3343
PB1|PP755595.1|A/cattle/Texas/24-008749-003/2024(H5N1)	106	3449
PB1|PP755595.1|A/cattle/Texas/24-008749-003/2024(H5N1)	107	3451
PB1|PP755595.1|A/cattle/Texas/24-008749-003/2024(H5N1)	108	3443
PB1|PP755595.1|A/cattle/Texas/24-008749-003/2024(H5N1)	109	3441
PB1|PP755595.1|A/cattle/Texas/24-008749-003/2024(H5N1)	110	3439
PB1|PP755595.1|A/cattle/Texas/24-008749-003/2024(H5N1)	111	3438
PB1|PP755595.1|A/cattle/Texas/24-008749-003/2024(H5N1)	112	3427
PB1|PP755595.1|A/cattle/Texas/24-008749-003/2024(H5N1)	113	3414
PB1|PP755595.1|A/cattle/Texas/24-008749-003/2024(H5N1)	114	3387
PB1|PP755595.1|A/cattle/Texas/24-008749-003/2024(H5N1)	115	3387
PB1|PP755595.1|A/cattle/Texas/24-008749-003/2024(H5N1)	116	3388
PB1|PP755595.1|A/cattle/Texas/24-008749-003/2024(H5N1)	117	3361
PB1|PP755595.1|A/cattle/Texas/24-008749-003/2024(H5N1)	118	3552
PB1|PP755595.1|A/cattle/Texas/24-008749-003/2024(H5N1)	119	3552
PB1|PP755595.1|A/cattle/Texas/24-008749-003/2024(H5N1)	120	3557
PB1|PP755595.1|A/cattle/Texas/24-008749-003/2024(H5N1)	121	3563
PB1|PP755595.1|A/cattle/Texas/24-008749-003/2024(H5N1)	122	3574
PB1|PP755595.1|A/cattle/Texas/24-008749-003/2024(H5N1)	123	3572
PB1|PP755595.1|A/cattle/Texas/24-008749-003/2024(H5N1)	124	3563
PB1|PP755595.1|A/cattle/Texas/24-008749-003/2024(H5N1)	125	3525
PB1|PP755595.1|A/cattle/Texas/24-008749-003/2024(H5N1)	126	3519
PB1|PP755595.1|A/cattle/Texas/24-008749-003/2024(H5N1)	127	2920
PB1|PP755595.1|A/cattle/Texas/24-008749-003/2024(H5N1)	128	2793
PB1|PP755595.1|A/cattle/Texas/24-008749-003/2024(H5N1)	129	2643
PB1|PP755595.1|A/cattle/Texas/24-008749-003/2024(H5N1)	130	2728
PB1|PP755595.1|A/cattle/Texas/24-008749-003/2024(H5N1)	131	2736
PB1|PP755595.1|A/cattle/Texas/24-008749-003/2024(H5N1)	132	2715
PB1|PP755595.1|A/cattle/Texas/24-008749-003/2024(H5N1)	133	2712
PB1|PP755595.1|A/cattle/Texas/24-008749-003/2024(H5N1)	134	2716
PB1|PP755595.1|A/cattle/Texas/24-008749-003/2024(H5N1)	135	2701
PB1|PP755595.1|A/cattle/Texas/24-008749-003/2024(H5N1)	136	2682
PB1|PP755595.1|A/cattle/Texas/24-008749-003/2024(H5N1)	137	2596
PB1|PP755595.1|A/cattle/Texas/24-008749-003/2024(H5N1)	138	2568
PB1|PP755595.1|A/cattle/Texas/24-008749-003/2024(H5N1)	139	2642
PB1|PP755595.1|A/cattle/Texas/24-008749-003/2024(H5N1)	140	2644
PB1|PP755595.1|A/cattle/Texas/24-008749-003/2024(H5N1)	141	2674
PB1|PP755595.1|A/cattle/Texas/24-008749-003/2024(H5N1)	142	2641
PB1|PP755595.1|A/cattle/Texas/24-008749-003/2024(H5N1)	143	2614
PB1|PP755595.1|A/cattle/Texas/24-008749-003/2024(H5N1)	144	2526
PB1|PP755595.1|A/cattle/Texas/24-008749-003/2024(H5N1)	145	2510
PB1|PP755595.1|A/cattle/Texas/24-008749-003/2024(H5N1)	146	2499
PB1|PP755595.1|A/cattle/Texas/24-008749-003/2024(H5N1)	147	2448
PB1|PP755595.1|A/cattle/Texas/24-008749-003/2024(H5N1)	148	2432
PB1|PP755595.1|A/cattle/Texas/24-008749-003/2024(H5N1)	149	2415
PB1|PP755595.1|A/cattle/Texas/24-008749-003/2024(H5N1)	150	2398
PB1|PP755595.1|A/cattle/Texas/24-008749-003/2024(H5N1)	151	2396
PB1|PP755595.1|A/cattle/Texas/24-008749-003/2024(H5N1)	152	2389
PB1|PP755595.1|A/cattle/Texas/24-008749-003/2024(H5N1)	153	2354
PB1|PP755595.1|A/cattle/Texas/24-008749-003/2024(H5N1)	154	2348
PB1|PP755595.1|A/cattle/Texas/24-008749-003/2024(H5N1)	155	2347
PB1|PP755595.1|A/cattle/Texas/24-008749-003/2024(H5N1)	156	2327
PB1|PP755595.1|A/cattle/Texas/24-008749-003/2024(H5N1)	157	2362
PB1|PP755595.1|A/cattle/Texas/24-008749-003/2024(H5N1)	158	2367
PB1|PP755595.1|A/cattle/Texas/24-008749-003/2024(H5N1)	159	2368
PB1|PP755595.1|A/cattle/Texas/24-008749-003/2024(H5N1)	160	2547
PB1|PP755595.1|A/cattle/Texas/24-008749-003/2024(H5N1)	161	2551
PB1|PP755595.1|A/cattle/Texas/24-008749-003/2024(H5N1)	162	2554
PB1|PP755595.1|A/cattle/Texas/24-008749-003/2024(H5N1)	163	2556
PB1|PP755595.1|A/cattle/Texas/24-008749-003/2024(H5N1)	164	2558
PB1|PP755595.1|A/cattle/Texas/24-008749-003/2024(H5N1)	165	2549
PB1|PP755595.1|A/cattle/Texas/24-008749-003/2024(H5N1)	166	2580
PB1|PP755595.1|A/cattle/Texas/24-008749-003/2024(H5N1)	167	2607
PB1|PP755595.1|A/cattle/Texas/24-008749-003/2024(H5N1)	168	2609
PB1|PP755595.1|A/cattle/Texas/24-008749-003/2024(H5N1)	169	2616
PB1|PP755595.1|A/cattle/Texas/24-008749-003/2024(H5N1)	170	2626
PB1|PP755595.1|A/cattle/Texas/24-008749-003/2024(H5N1)	171	2625
PB1|PP755595.1|A/cattle/Texas/24-008749-003/2024(H5N1)	172	2624
PB1|PP755595.1|A/cattle/Texas/24-008749-003/2024(H5N1)	173	2636
PB1|PP755595.1|A/cattle/Texas/24-008749-003/2024(H5N1)	174	2641
PB1|PP755595.1|A/cattle/Texas/24-008749-003/2024(H5N1)	175	2640
PB1|PP755595.1|A/cattle/Texas/24-008749-003/2024(H5N1)	176	2607
PB1|PP755595.1|A/cattle/Texas/24-008749-003/2024(H5N1)	177	2599
PB1|PP755595.1|A/cattle/Texas/24-008749-003/2024(H5N1)	178	2599
PB1|PP755595.1|A/cattle/Texas/24-008749-003/2024(H5N1)	179	2622
PB1|PP755595.1|A/cattle/Texas/24-008749-003/2024(H5N1)	180	2646
PB1|PP755595.1|A/cattle/Texas/24-008749-003/2024(H5N1)	181	2652
PB1|PP755595.1|A/cattle/Texas/24-008749-003/2024(H5N1)	182	2664
PB1|PP755595.1|A/cattle/Texas/24-008749-003/2024(H5N1)	183	2667
PB1|PP755595.1|A/cattle/Texas/24-008749-003/2024(H5N1)	184	2662
PB1|PP755595.1|A/cattle/Texas/24-008749-003/2024(H5N1)	185	2654
PB1|PP755595.1|A/cattle/Texas/24-008749-003/2024(H5N1)	186	2639
PB1|PP755595.1|A/cattle/Texas/24-008749-003/2024(H5N1)	187	2639
PB1|PP755595.1|A/cattle/Texas/24-008749-003/2024(H5N1)	188	2676
PB1|PP755595.1|A/cattle/Texas/24-008749-003/2024(H5N1)	189	2670
PB1|PP755595.1|A/cattle/Texas/24-008749-003/2024(H5N1)	190	2691
PB1|PP755595.1|A/cattle/Texas/24-008749-003/2024(H5N1)	191	2645
PB1|PP755595.1|A/cattle/Texas/24-008749-003/2024(H5N1)	192	2635
PB1|PP755595.1|A/cattle/Texas/24-008749-003/2024(H5N1)	193	2681
PB1|PP755595.1|A/cattle/Texas/24-008749-003/2024(H5N1)	194	2722
PB1|PP755595.1|A/cattle/Texas/24-008749-003/2024(H5N1)	195	2803
PB1|PP755595.1|A/cattle/Texas/24-008749-003/2024(H5N1)	196	2791
PB1|PP755595.1|A/cattle/Texas/24-008749-003/2024(H5N1)	197	2781
PB1|PP755595.1|A/cattle/Texas/24-008749-003/2024(H5N1)	198	2705
PB1|PP755595.1|A/cattle/Texas/24-008749-003/2024(H5N1)	199	2640
PB1|PP755595.1|A/cattle/Texas/24-008749-003/2024(H5N1)	200	2610
PB1|PP755595.1|A/cattle/Texas/24-008749-003/2024(H5N1)	201	2571
PB1|PP755595.1|A/cattle/Texas/24-008749-003/2024(H5N1)	202	2564
PB1|PP755595.1|A/cattle/Texas/24-008749-003/2024(H5N1)	203	2585
PB1|PP755595.1|A/cattle/Texas/24-008749-003/2024(H5N1)	204	2552
PB1|PP755595.1|A/cattle/Texas/24-008749-003/2024(H5N1)	205	2506
PB1|PP755595.1|A/cattle/Texas/24-008749-003/2024(H5N1)	206	2505
PB1|PP755595.1|A/cattle/Texas/24-008749-003/2024(H5N1)	207	2459
PB1|PP755595.1|A/cattle/Texas/24-008749-003/2024(H5N1)	208	2364
PB1|PP755595.1|A/cattle/Texas/24-008749-003/2024(H5N1)	209	2287
PB1|PP755595.1|A/cattle/Texas/24-008749-003/2024(H5N1)	210	2242
PB1|PP755595.1|A/cattle/Texas/24-008749-003/2024(H5N1)	211	2237
PB1|PP755595.1|A/cattle/Texas/24-008749-003/2024(H5N1)	212	2225
PB1|PP755595.1|A/cattle/Texas/24-008749-003/2024(H5N1)	213	1726
PB1|PP755595.1|A/cattle/Texas/24-008749-003/2024(H5N1)	214	1701
PB1|PP755595.1|A/cattle/Texas/24-008749-003/2024(H5N1)	215	1700
PB1|PP755595.1|A/cattle/Texas/24-008749-003/2024(H5N1)	216	1682
PB1|PP755595.1|A/cattle/Texas/24-008749-003/2024(H5N1)	217	1533
PB1|PP755595.1|A/cattle/Texas/24-008749-003/2024(H5N1)	218	1539
PB1|PP755595.1|A/cattle/Texas/24-008749-003/2024(H5N1)	219	1552
PB1|PP755595.1|A/cattle/Texas/24-008749-003/2024(H5N1)	220	1631
PB1|PP755595.1|A/cattle/Texas/24-008749-003/2024(H5N1)	221	1634
PB1|PP755595.1|A/cattle/Texas/24-008749-003/2024(H5N1)	222	1635
PB1|PP755595.1|A/cattle/Texas/24-008749-003/2024(H5N1)	223	1641
PB1|PP755595.1|A/cattle/Texas/24-008749-003/2024(H5N1)	224	1638
PB1|PP755595.1|A/cattle/Texas/24-008749-003/2024(H5N1)	225	1622
PB1|PP755595.1|A/cattle/Texas/24-008749-003/2024(H5N1)	226	1646
PB1|PP755595.1|A/cattle/Texas/24-008749-003/2024(H5N1)	227	1655
PB1|PP755595.1|A/cattle/Texas/24-008749-003/2024(H5N1)	228	1663
PB1|PP755595.1|A/cattle/Texas/24-008749-003/2024(H5N1)	229	1634
PB1|PP755595.1|A/cattle/Texas/24-008749-003/2024(H5N1)	230	1633
PB1|PP755595.1|A/cattle/Texas/24-008749-003/2024(H5N1)	231	1629
PB1|PP755595.1|A/cattle/Texas/24-008749-003/2024(H5N1)	232	1631
PB1|PP755595.1|A/cattle/Texas/24-008749-003/2024(H5N1)	233	1636
PB1|PP755595.1|A/cattle/Texas/24-008749-003/2024(H5N1)	234	1655
PB1|PP755595.1|A/cattle/Texas/24-008749-003/2024(H5N1)	235	1803
PB1|PP755595.1|A/cattle/Texas/24-008749-003/2024(H5N1)	236	1803
PB1|PP755595.1|A/cattle/Texas/24-008749-003/2024(H5N1)	237	1806
PB1|PP755595.1|A/cattle/Texas/24-008749-003/2024(H5N1)	238	1807
PB1|PP755595.1|A/cattle/Texas/24-008749-003/2024(H5N1)	239	1811
PB1|PP755595.1|A/cattle/Texas/24-008749-003/2024(H5N1)	240	1847
PB1|PP755595.1|A/cattle/Texas/24-008749-003/2024(H5N1)	241	1852
PB1|PP755595.1|A/cattle/Texas/24-008749-003/2024(H5N1)	242	1905
PB1|PP755595.1|A/cattle/Texas/24-008749-003/2024(H5N1)	243	1914
PB1|PP755595.1|A/cattle/Texas/24-008749-003/2024(H5N1)	244	1915
PB1|PP755595.1|A/cattle/Texas/24-008749-003/2024(H5N1)	245	1939
PB1|PP755595.1|A/cattle/Texas/24-008749-003/2024(H5N1)	246	1969
PB1|PP755595.1|A/cattle/Texas/24-008749-003/2024(H5N1)	247	1976
PB1|PP755595.1|A/cattle/Texas/24-008749-003/2024(H5N1)	248	1975
PB1|PP755595.1|A/cattle/Texas/24-008749-003/2024(H5N1)	249	1975
PB1|PP755595.1|A/cattle/Texas/24-008749-003/2024(H5N1)	250	1958
PB1|PP755595.1|A/cattle/Texas/24-008749-003/2024(H5N1)	251	1914
PB1|PP755595.1|A/cattle/Texas/24-008749-003/2024(H5N1)	252	1909
PB1|PP755595.1|A/cattle/Texas/24-008749-003/2024(H5N1)	253	1890
PB1|PP755595.1|A/cattle/Texas/24-008749-003/2024(H5N1)	254	1872
PB1|PP755595.1|A/cattle/Texas/24-008749-003/2024(H5N1)	255	1603
PB1|PP755595.1|A/cattle/Texas/24-008749-003/2024(H5N1)	256	1603
PB1|PP755595.1|A/cattle/Texas/24-008749-003/2024(H5N1)	257	1603
PB1|PP755595.1|A/cattle/Texas/24-008749-003/2024(H5N1)	258	1603
PB1|PP755595.1|A/cattle/Texas/24-008749-003/2024(H5N1)	259	1603
PB1|PP755595.1|A/cattle/Texas/24-008749-003/2024(H5N1)	260	1603
PB1|PP755595.1|A/cattle/Texas/24-008749-003/2024(H5N1)	261	1603
PB1|PP755595.1|A/cattle/Texas/24-008749-003/2024(H5N1)	262	1603
PB1|PP755595.1|A/cattle/Texas/24-008749-003/2024(H5N1)	263	1603
PB1|PP755595.1|A/cattle/Texas/24-008749-003/2024(H5N1)	264	1603
PB1|PP755595.1|A/cattle/Texas/24-008749-003/2024(H5N1)	265	1603
PB1|PP755595.1|A/cattle/Texas/24-008749-003/2024(H5N1)	266	1607
PB1|PP755595.1|A/cattle/Texas/24-008749-003/2024(H5N1)	267	1608
PB1|PP755595.1|A/cattle/Texas/24-008749-003/2024(H5N1)	268	1837
PB1|PP755595.1|A/cattle/Texas/24-008749-003/2024(H5N1)	269	1845
PB1|PP755595.1|A/cattle/Texas/24-008749-003/2024(H5N1)	270	1846
PB1|PP755595.1|A/cattle/Texas/24-008749-003/2024(H5N1)	271	1848
PB1|PP755595.1|A/cattle/Texas/24-008749-003/2024(H5N1)	272	1865
PB1|PP755595.1|A/cattle/Texas/24-008749-003/2024(H5N1)	273	1876
PB1|PP755595.1|A/cattle/Texas/24-008749-003/2024(H5N1)	274	1879
PB1|PP755595.1|A/cattle/Texas/24-008749-003/2024(H5N1)	275	1882
PB1|PP755595.1|A/cattle/Texas/24-008749-003/2024(H5N1)	276	1890
PB1|PP755595.1|A/cattle/Texas/24-008749-003/2024(H5N1)	277	1895
PB1|PP755595.1|A/cattle/Texas/24-008749-003/2024(H5N1)	278	1932
PB1|PP755595.1|A/cattle/Texas/24-008749-003/2024(H5N1)	279	1932
PB1|PP755595.1|A/cattle/Texas/24-008749-003/2024(H5N1)	280	1936
PB1|PP755595.1|A/cattle/Texas/24-008749-003/2024(H5N1)	281	2009
PB1|PP755595.1|A/cattle/Texas/24-008749-003/2024(H5N1)	282	2025
PB1|PP755595.1|A/cattle/Texas/24-008749-003/2024(H5N1)	283	2023
PB1|PP755595.1|A/cattle/Texas/24-008749-003/2024(H5N1)	284	2020
PB1|PP755595.1|A/cattle/Texas/24-008749-003/2024(H5N1)	285	2015
PB1|PP755595.1|A/cattle/Texas/24-008749-003/2024(H5N1)	286	2023
PB1|PP755595.1|A/cattle/Texas/24-008749-003/2024(H5N1)	287	1845
PB1|PP755595.1|A/cattle/Texas/24-008749-003/2024(H5N1)	288	1779
PB1|PP755595.1|A/cattle/Texas/24-008749-003/2024(H5N1)	289	1827
PB1|PP755595.1|A/cattle/Texas/24-008749-003/2024(H5N1)	290	1705
PB1|PP755595.1|A/cattle/Texas/24-008749-003/2024(H5N1)	291	1782
PB1|PP755595.1|A/cattle/Texas/24-008749-003/2024(H5N1)	292	1890
PB1|PP755595.1|A/cattle/Texas/24-008749-003/2024(H5N1)	293	1895
PB1|PP755595.1|A/cattle/Texas/24-008749-003/2024(H5N1)	294	1885
PB1|PP755595.1|A/cattle/Texas/24-008749-003/2024(H5N1)	295	1971
PB1|PP755595.1|A/cattle/Texas/24-008749-003/2024(H5N1)	296	1983
PB1|PP755595.1|A/cattle/Texas/24-008749-003/2024(H5N1)	297	1982
PB1|PP755595.1|A/cattle/Texas/24-008749-003/2024(H5N1)	298	1993
PB1|PP755595.1|A/cattle/Texas/24-008749-003/2024(H5N1)	299	1976
PB1|PP755595.1|A/cattle/Texas/24-008749-003/2024(H5N1)	300	1899
PB1|PP755595.1|A/cattle/Texas/24-008749-003/2024(H5N1)	301	1899
PB1|PP755595.1|A/cattle/Texas/24-008749-003/2024(H5N1)	302	1893
PB1|PP755595.1|A/cattle/Texas/24-008749-003/2024(H5N1)	303	1899
PB1|PP755595.1|A/cattle/Texas/24-008749-003/2024(H5N1)	304	1920
PB1|PP755595.1|A/cattle/Texas/24-008749-003/2024(H5N1)	305	1917
PB1|PP755595.1|A/cattle/Texas/24-008749-003/2024(H5N1)	306	1909
PB1|PP755595.1|A/cattle/Texas/24-008749-003/2024(H5N1)	307	1901
PB1|PP755595.1|A/cattle/Texas/24-008749-003/2024(H5N1)	308	1905
PB1|PP755595.1|A/cattle/Texas/24-008749-003/2024(H5N1)	309	1901
PB1|PP755595.1|A/cattle/Texas/24-008749-003/2024(H5N1)	310	1898
PB1|PP755595.1|A/cattle/Texas/24-008749-003/2024(H5N1)	311	1901
PB1|PP755595.1|A/cattle/Texas/24-008749-003/2024(H5N1)	312	1902
PB1|PP755595.1|A/cattle/Texas/24-008749-003/2024(H5N1)	313	1892
PB1|PP755595.1|A/cattle/Texas/24-008749-003/2024(H5N1)	314	1899
PB1|PP755595.1|A/cattle/Texas/24-008749-003/2024(H5N1)	315	1913
PB1|PP755595.1|A/cattle/Texas/24-008749-003/2024(H5N1)	316	1877
PB1|PP755595.1|A/cattle/Texas/24-008749-003/2024(H5N1)	317	1879
PB1|PP755595.1|A/cattle/Texas/24-008749-003/2024(H5N1)	318	1821
PB1|PP755595.1|A/cattle/Texas/24-008749-003/2024(H5N1)	319	1902
PB1|PP755595.1|A/cattle/Texas/24-008749-003/2024(H5N1)	320	1922
PB1|PP755595.1|A/cattle/Texas/24-008749-003/2024(H5N1)	321	1916
PB1|PP755595.1|A/cattle/Texas/24-008749-003/2024(H5N1)	322	1923
PB1|PP755595.1|A/cattle/Texas/24-008749-003/2024(H5N1)	323	1923
PB1|PP755595.1|A/cattle/Texas/24-008749-003/2024(H5N1)	324	1896
PB1|PP755595.1|A/cattle/Texas/24-008749-003/2024(H5N1)	325	1893
PB1|PP755595.1|A/cattle/Texas/24-008749-003/2024(H5N1)	326	1896
PB1|PP755595.1|A/cattle/Texas/24-008749-003/2024(H5N1)	327	1894
PB1|PP755595.1|A/cattle/Texas/24-008749-003/2024(H5N1)	328	1900
PB1|PP755595.1|A/cattle/Texas/24-008749-003/2024(H5N1)	329	1883
PB1|PP755595.1|A/cattle/Texas/24-008749-003/2024(H5N1)	330	1889
PB1|PP755595.1|A/cattle/Texas/24-008749-003/2024(H5N1)	331	1870
PB1|PP755595.1|A/cattle/Texas/24-008749-003/2024(H5N1)	332	1871
PB1|PP755595.1|A/cattle/Texas/24-008749-003/2024(H5N1)	333	1859
PB1|PP755595.1|A/cattle/Texas/24-008749-003/2024(H5N1)	334	1876
PB1|PP755595.1|A/cattle/Texas/24-008749-003/2024(H5N1)	335	1875
PB1|PP755595.1|A/cattle/Texas/24-008749-003/2024(H5N1)	336	1868
PB1|PP755595.1|A/cattle/Texas/24-008749-003/2024(H5N1)	337	1867
PB1|PP755595.1|A/cattle/Texas/24-008749-003/2024(H5N1)	338	1856
PB1|PP755595.1|A/cattle/Texas/24-008749-003/2024(H5N1)	339	1767
PB1|PP755595.1|A/cattle/Texas/24-008749-003/2024(H5N1)	340	1769
PB1|PP755595.1|A/cattle/Texas/24-008749-003/2024(H5N1)	341	1710
PB1|PP755595.1|A/cattle/Texas/24-008749-003/2024(H5N1)	342	1714
PB1|PP755595.1|A/cattle/Texas/24-008749-003/2024(H5N1)	343	1684
PB1|PP755595.1|A/cattle/Texas/24-008749-003/2024(H5N1)	344	1680
PB1|PP755595.1|A/cattle/Texas/24-008749-003/2024(H5N1)	345	1631
PB1|PP755595.1|A/cattle/Texas/24-008749-003/2024(H5N1)	346	1586
PB1|PP755595.1|A/cattle/Texas/24-008749-003/2024(H5N1)	347	1588
PB1|PP755595.1|A/cattle/Texas/24-008749-003/2024(H5N1)	348	1590
PB1|PP755595.1|A/cattle/Texas/24-008749-003/2024(H5N1)	349	1586
PB1|PP755595.1|A/cattle/Texas/24-008749-003/2024(H5N1)	350	1575
PB1|PP755595.1|A/cattle/Texas/24-008749-003/2024(H5N1)	351	1581
PB1|PP755595.1|A/cattle/Texas/24-008749-003/2024(H5N1)	352	1588
PB1|PP755595.1|A/cattle/Texas/24-008749-003/2024(H5N1)	353	1595
PB1|PP755595.1|A/cattle/Texas/24-008749-003/2024(H5N1)	354	1559
PB1|PP755595.1|A/cattle/Texas/24-008749-003/2024(H5N1)	355	1558
PB1|PP755595.1|A/cattle/Texas/24-008749-003/2024(H5N1)	356	1539
PB1|PP755595.1|A/cattle/Texas/24-008749-003/2024(H5N1)	357	1538
PB1|PP755595.1|A/cattle/Texas/24-008749-003/2024(H5N1)	358	1498
PB1|PP755595.1|A/cattle/Texas/24-008749-003/2024(H5N1)	359	1492
PB1|PP755595.1|A/cattle/Texas/24-008749-003/2024(H5N1)	360	1492
PB1|PP755595.1|A/cattle/Texas/24-008749-003/2024(H5N1)	361	1460
PB1|PP755595.1|A/cattle/Texas/24-008749-003/2024(H5N1)	362	1457
PB1|PP755595.1|A/cattle/Texas/24-008749-003/2024(H5N1)	363	853
PB1|PP755595.1|A/cattle/Texas/24-008749-003/2024(H5N1)	364	826
PB1|PP755595.1|A/cattle/Texas/24-008749-003/2024(H5N1)	365	826
PB1|PP755595.1|A/cattle/Texas/24-008749-003/2024(H5N1)	366	826
PB1|PP755595.1|A/cattle/Texas/24-008749-003/2024(H5N1)	367	827
PB1|PP755595.1|A/cattle/Texas/24-008749-003/2024(H5N1)	368	829
PB1|PP755595.1|A/cattle/Texas/24-008749-003/2024(H5N1)	369	829
PB1|PP755595.1|A/cattle/Texas/24-008749-003/2024(H5N1)	370	832
PB1|PP755595.1|A/cattle/Texas/24-008749-003/2024(H5N1)	371	839
PB1|PP755595.1|A/cattle/Texas/24-008749-003/2024(H5N1)	372	841
PB1|PP755595.1|A/cattle/Texas/24-008749-003/2024(H5N1)	373	845
PB1|PP755595.1|A/cattle/Texas/24-008749-003/2024(H5N1)	374	845
PB1|PP755595.1|A/cattle/Texas/24-008749-003/2024(H5N1)	375	845
PB1|PP755595.1|A/cattle/Texas/24-008749-003/2024(H5N1)	376	866
PB1|PP755595.1|A/cattle/Texas/24-008749-003/2024(H5N1)	377	866
PB1|PP755595.1|A/cattle/Texas/24-008749-003/2024(H5N1)	378	866
PB1|PP755595.1|A/cattle/Texas/24-008749-003/2024(H5N1)	379	977
PB1|PP755595.1|A/cattle/Texas/24-008749-003/2024(H5N1)	380	977
PB1|PP755595.1|A/cattle/Texas/24-008749-003/2024(H5N1)	381	983
PB1|PP755595.1|A/cattle/Texas/24-008749-003/2024(H5N1)	382	1018
PB1|PP755595.1|A/cattle/Texas/24-008749-003/2024(H5N1)	383	1023
PB1|PP755595.1|A/cattle/Texas/24-008749-003/2024(H5N1)	384	1023
PB1|PP755595.1|A/cattle/Texas/24-008749-003/2024(H5N1)	385	1029
PB1|PP755595.1|A/cattle/Texas/24-008749-003/2024(H5N1)	386	1034
PB1|PP755595.1|A/cattle/Texas/24-008749-003/2024(H5N1)	387	1043
PB1|PP755595.1|A/cattle/Texas/24-008749-003/2024(H5N1)	388	1043
PB1|PP755595.1|A/cattle/Texas/24-008749-003/2024(H5N1)	389	1045
PB1|PP755595.1|A/cattle/Texas/24-008749-003/2024(H5N1)	390	1044
PB1|PP755595.1|A/cattle/Texas/24-008749-003/2024(H5N1)	391	1044
PB1|PP755595.1|A/cattle/Texas/24-008749-003/2024(H5N1)	392	1044
PB1|PP755595.1|A/cattle/Texas/24-008749-003/2024(H5N1)	393	1044
PB1|PP755595.1|A/cattle/Texas/24-008749-003/2024(H5N1)	394	1042
PB1|PP755595.1|A/cattle/Texas/24-008749-003/2024(H5N1)	395	1037
PB1|PP755595.1|A/cattle/Texas/24-008749-003/2024(H5N1)	396	1023
PB1|PP755595.1|A/cattle/Texas/24-008749-003/2024(H5N1)	397	995
PB1|PP755595.1|A/cattle/Texas/24-008749-003/2024(H5N1)	398	995
PB1|PP755595.1|A/cattle/Texas/24-008749-003/2024(H5N1)	399	995
PB1|PP755595.1|A/cattle/Texas/24-008749-003/2024(H5N1)	400	995
PB1|PP755595.1|A/cattle/Texas/24-008749-003/2024(H5N1)	401	991
PB1|PP755595.1|A/cattle/Texas/24-008749-003/2024(H5N1)	402	991
PB1|PP755595.1|A/cattle/Texas/24-008749-003/2024(H5N1)	403	991
PB1|PP755595.1|A/cattle/Texas/24-008749-003/2024(H5N1)	404	990
PB1|PP755595.1|A/cattle/Texas/24-008749-003/2024(H5N1)	405	977
PB1|PP755595.1|A/cattle/Texas/24-008749-003/2024(H5N1)	406	968
PB1|PP755595.1|A/cattle/Texas/24-008749-003/2024(H5N1)	407	959
PB1|PP755595.1|A/cattle/Texas/24-008749-003/2024(H5N1)	408	951
PB1|PP755595.1|A/cattle/Texas/24-008749-003/2024(H5N1)	409	951
PB1|PP755595.1|A/cattle/Texas/24-008749-003/2024(H5N1)	410	945
PB1|PP755595.1|A/cattle/Texas/24-008749-003/2024(H5N1)	411	945
PB1|PP755595.1|A/cattle/Texas/24-008749-003/2024(H5N1)	412	945
PB1|PP755595.1|A/cattle/Texas/24-008749-003/2024(H5N1)	413	945
PB1|PP755595.1|A/cattle/Texas/24-008749-003/2024(H5N1)	414	934
PB1|PP755595.1|A/cattle/Texas/24-008749-003/2024(H5N1)	415	936
PB1|PP755595.1|A/cattle/Texas/24-008749-003/2024(H5N1)	416	936
PB1|PP755595.1|A/cattle/Texas/24-008749-003/2024(H5N1)	417	936
PB1|PP755595.1|A/cattle/Texas/24-008749-003/2024(H5N1)	418	936
PB1|PP755595.1|A/cattle/Texas/24-008749-003/2024(H5N1)	419	933
PB1|PP755595.1|A/cattle/Texas/24-008749-003/2024(H5N1)	420	933
PB1|PP755595.1|A/cattle/Texas/24-008749-003/2024(H5N1)	421	933
PB1|PP755595.1|A/cattle/Texas/24-008749-003/2024(H5N1)	422	930
PB1|PP755595.1|A/cattle/Texas/24-008749-003/2024(H5N1)	423	920
PB1|PP755595.1|A/cattle/Texas/24-008749-003/2024(H5N1)	424	908
PB1|PP755595.1|A/cattle/Texas/24-008749-003/2024(H5N1)	425	906
PB1|PP755595.1|A/cattle/Texas/24-008749-003/2024(H5N1)	426	524
PB1|PP755595.1|A/cattle/Texas/24-008749-003/2024(H5N1)	427	524
PB1|PP755595.1|A/cattle/Texas/24-008749-003/2024(H5N1)	428	524
PB1|PP755595.1|A/cattle/Texas/24-008749-003/2024(H5N1)	429	524
PB1|PP755595.1|A/cattle/Texas/24-008749-003/2024(H5N1)	430	543
PB1|PP755595.1|A/cattle/Texas/24-008749-003/2024(H5N1)	431	543
PB1|PP755595.1|A/cattle/Texas/24-008749-003/2024(H5N1)	432	543
PB1|PP755595.1|A/cattle/Texas/24-008749-003/2024(H5N1)	433	555
PB1|PP755595.1|A/cattle/Texas/24-008749-003/2024(H5N1)	434	635
PB1|PP755595.1|A/cattle/Texas/24-008749-003/2024(H5N1)	435	642
PB1|PP755595.1|A/cattle/Texas/24-008749-003/2024(H5N1)	436	854
PB1|PP755595.1|A/cattle/Texas/24-008749-003/2024(H5N1)	437	954
PB1|PP755595.1|A/cattle/Texas/24-008749-003/2024(H5N1)	438	955
PB1|PP755595.1|A/cattle/Texas/24-008749-003/2024(H5N1)	439	959
PB1|PP755595.1|A/cattle/Texas/24-008749-003/2024(H5N1)	440	959
PB1|PP755595.1|A/cattle/Texas/24-008749-003/2024(H5N1)	441	960
PB1|PP755595.1|A/cattle/Texas/24-008749-003/2024(H5N1)	442	962
PB1|PP755595.1|A/cattle/Texas/24-008749-003/2024(H5N1)	443	962
PB1|PP755595.1|A/cattle/Texas/24-008749-003/2024(H5N1)	444	966
PB1|PP755595.1|A/cattle/Texas/24-008749-003/2024(H5N1)	445	970
PB1|PP755595.1|A/cattle/Texas/24-008749-003/2024(H5N1)	446	972
PB1|PP755595.1|A/cattle/Texas/24-008749-003/2024(H5N1)	447	972
PB1|PP755595.1|A/cattle/Texas/24-008749-003/2024(H5N1)	448	960
PB1|PP755595.1|A/cattle/Texas/24-008749-003/2024(H5N1)	449	964
PB1|PP755595.1|A/cattle/Texas/24-008749-003/2024(H5N1)	450	964
PB1|PP755595.1|A/cattle/Texas/24-008749-003/2024(H5N1)	451	963
PB1|PP755595.1|A/cattle/Texas/24-008749-003/2024(H5N1)	452	976
PB1|PP755595.1|A/cattle/Texas/24-008749-003/2024(H5N1)	453	970
PB1|PP755595.1|A/cattle/Texas/24-008749-003/2024(H5N1)	454	967
PB1|PP755595.1|A/cattle/Texas/24-008749-003/2024(H5N1)	455	965
PB1|PP755595.1|A/cattle/Texas/24-008749-003/2024(H5N1)	456	932
PB1|PP755595.1|A/cattle/Texas/24-008749-003/2024(H5N1)	457	932
PB1|PP755595.1|A/cattle/Texas/24-008749-003/2024(H5N1)	458	932
PB1|PP755595.1|A/cattle/Texas/24-008749-003/2024(H5N1)	459	943
PB1|PP755595.1|A/cattle/Texas/24-008749-003/2024(H5N1)	460	937
PB1|PP755595.1|A/cattle/Texas/24-008749-003/2024(H5N1)	461	979
PB1|PP755595.1|A/cattle/Texas/24-008749-003/2024(H5N1)	462	997
PB1|PP755595.1|A/cattle/Texas/24-008749-003/2024(H5N1)	463	997
PB1|PP755595.1|A/cattle/Texas/24-008749-003/2024(H5N1)	464	997
PB1|PP755595.1|A/cattle/Texas/24-008749-003/2024(H5N1)	465	995
PB1|PP755595.1|A/cattle/Texas/24-008749-003/2024(H5N1)	466	1004
PB1|PP755595.1|A/cattle/Texas/24-008749-003/2024(H5N1)	467	1004
PB1|PP755595.1|A/cattle/Texas/24-008749-003/2024(H5N1)	468	999
PB1|PP755595.1|A/cattle/Texas/24-008749-003/2024(H5N1)	469	1002
PB1|PP755595.1|A/cattle/Texas/24-008749-003/2024(H5N1)	470	949
PB1|PP755595.1|A/cattle/Texas/24-008749-003/2024(H5N1)	471	960
PB1|PP755595.1|A/cattle/Texas/24-008749-003/2024(H5N1)	472	959
PB1|PP755595.1|A/cattle/Texas/24-008749-003/2024(H5N1)	473	958
PB1|PP755595.1|A/cattle/Texas/24-008749-003/2024(H5N1)	474	958
PB1|PP755595.1|A/cattle/Texas/24-008749-003/2024(H5N1)	475	968
PB1|PP755595.1|A/cattle/Texas/24-008749-003/2024(H5N1)	476	966
PB1|PP755595.1|A/cattle/Texas/24-008749-003/2024(H5N1)	477	966
PB1|PP755595.1|A/cattle/Texas/24-008749-003/2024(H5N1)	478	963
PB1|PP755595.1|A/cattle/Texas/24-008749-003/2024(H5N1)	479	955
PB1|PP755595.1|A/cattle/Texas/24-008749-003/2024(H5N1)	480	937
PB1|PP755595.1|A/cattle/Texas/24-008749-003/2024(H5N1)	481	925
PB1|PP755595.1|A/cattle/Texas/24-008749-003/2024(H5N1)	482	924
PB1|PP755595.1|A/cattle/Texas/24-008749-003/2024(H5N1)	483	924
PB1|PP755595.1|A/cattle/Texas/24-008749-003/2024(H5N1)	484	924
PB1|PP755595.1|A/cattle/Texas/24-008749-003/2024(H5N1)	485	951
PB1|PP755595.1|A/cattle/Texas/24-008749-003/2024(H5N1)	486	950
PB1|PP755595.1|A/cattle/Texas/24-008749-003/2024(H5N1)	487	985
PB1|PP755595.1|A/cattle/Texas/24-008749-003/2024(H5N1)	488	985
PB1|PP755595.1|A/cattle/Texas/24-008749-003/2024(H5N1)	489	988
PB1|PP755595.1|A/cattle/Texas/24-008749-003/2024(H5N1)	490	1000
PB1|PP755595.1|A/cattle/Texas/24-008749-003/2024(H5N1)	491	998
PB1|PP755595.1|A/cattle/Texas/24-008749-003/2024(H5N1)	492	997
PB1|PP755595.1|A/cattle/Texas/24-008749-003/2024(H5N1)	493	1000
PB1|PP755595.1|A/cattle/Texas/24-008749-003/2024(H5N1)	494	983
PB1|PP755595.1|A/cattle/Texas/24-008749-003/2024(H5N1)	495	987
PB1|PP755595.1|A/cattle/Texas/24-008749-003/2024(H5N1)	496	972
PB1|PP755595.1|A/cattle/Texas/24-008749-003/2024(H5N1)	497	981
PB1|PP755595.1|A/cattle/Texas/24-008749-003/2024(H5N1)	498	993
PB1|PP755595.1|A/cattle/Texas/24-008749-003/2024(H5N1)	499	989
PB1|PP755595.1|A/cattle/Texas/24-008749-003/2024(H5N1)	500	991
PB1|PP755595.1|A/cattle/Texas/24-008749-003/2024(H5N1)	501	989
PB1|PP755595.1|A/cattle/Texas/24-008749-003/2024(H5N1)	502	984
PB1|PP755595.1|A/cattle/Texas/24-008749-003/2024(H5N1)	503	975
PB1|PP755595.1|A/cattle/Texas/24-008749-003/2024(H5N1)	504	980
PB1|PP755595.1|A/cattle/Texas/24-008749-003/2024(H5N1)	505	993
PB1|PP755595.1|A/cattle/Texas/24-008749-003/2024(H5N1)	506	995
PB1|PP755595.1|A/cattle/Texas/24-008749-003/2024(H5N1)	507	982
PB1|PP755595.1|A/cattle/Texas/24-008749-003/2024(H5N1)	508	999
PB1|PP755595.1|A/cattle/Texas/24-008749-003/2024(H5N1)	509	1010
PB1|PP755595.1|A/cattle/Texas/24-008749-003/2024(H5N1)	510	1005
PB1|PP755595.1|A/cattle/Texas/24-008749-003/2024(H5N1)	511	1004
PB1|PP755595.1|A/cattle/Texas/24-008749-003/2024(H5N1)	512	1004
PB1|PP755595.1|A/cattle/Texas/24-008749-003/2024(H5N1)	513	988
PB1|PP755595.1|A/cattle/Texas/24-008749-003/2024(H5N1)	514	977
PB1|PP755595.1|A/cattle/Texas/24-008749-003/2024(H5N1)	515	987
PB1|PP755595.1|A/cattle/Texas/24-008749-003/2024(H5N1)	516	987
PB1|PP755595.1|A/cattle/Texas/24-008749-003/2024(H5N1)	517	958
PB1|PP755595.1|A/cattle/Texas/24-008749-003/2024(H5N1)	518	963
PB1|PP755595.1|A/cattle/Texas/24-008749-003/2024(H5N1)	519	962
PB1|PP755595.1|A/cattle/Texas/24-008749-003/2024(H5N1)	520	992
PB1|PP755595.1|A/cattle/Texas/24-008749-003/2024(H5N1)	521	992
PB1|PP755595.1|A/cattle/Texas/24-008749-003/2024(H5N1)	522	997
PB1|PP755595.1|A/cattle/Texas/24-008749-003/2024(H5N1)	523	1001
PB1|PP755595.1|A/cattle/Texas/24-008749-003/2024(H5N1)	524	988
PB1|PP755595.1|A/cattle/Texas/24-008749-003/2024(H5N1)	525	981
PB1|PP755595.1|A/cattle/Texas/24-008749-003/2024(H5N1)	526	977
PB1|PP755595.1|A/cattle/Texas/24-008749-003/2024(H5N1)	527	975
PB1|PP755595.1|A/cattle/Texas/24-008749-003/2024(H5N1)	528	974
PB1|PP755595.1|A/cattle/Texas/24-008749-003/2024(H5N1)	529	974
PB1|PP755595.1|A/cattle/Texas/24-008749-003/2024(H5N1)	530	995
PB1|PP755595.1|A/cattle/Texas/24-008749-003/2024(H5N1)	531	984
PB1|PP755595.1|A/cattle/Texas/24-008749-003/2024(H5N1)	532	981
PB1|PP755595.1|A/cattle/Texas/24-008749-003/2024(H5N1)	533	960
PB1|PP755595.1|A/cattle/Texas/24-008749-003/2024(H5N1)	534	958
PB1|PP755595.1|A/cattle/Texas/24-008749-003/2024(H5N1)	535	960
PB1|PP755595.1|A/cattle/Texas/24-008749-003/2024(H5N1)	536	958
PB1|PP755595.1|A/cattle/Texas/24-008749-003/2024(H5N1)	537	957
PB1|PP755595.1|A/cattle/Texas/24-008749-003/2024(H5N1)	538	954
PB1|PP755595.1|A/cattle/Texas/24-008749-003/2024(H5N1)	539	962
PB1|PP755595.1|A/cattle/Texas/24-008749-003/2024(H5N1)	540	962
PB1|PP755595.1|A/cattle/Texas/24-008749-003/2024(H5N1)	541	965
PB1|PP755595.1|A/cattle/Texas/24-008749-003/2024(H5N1)	542	980
PB1|PP755595.1|A/cattle/Texas/24-008749-003/2024(H5N1)	543	978
PB1|PP755595.1|A/cattle/Texas/24-008749-003/2024(H5N1)	544	978
PB1|PP755595.1|A/cattle/Texas/24-008749-003/2024(H5N1)	545	977
PB1|PP755595.1|A/cattle/Texas/24-008749-003/2024(H5N1)	546	975
PB1|PP755595.1|A/cattle/Texas/24-008749-003/2024(H5N1)	547	977
PB1|PP755595.1|A/cattle/Texas/24-008749-003/2024(H5N1)	548	982
PB1|PP755595.1|A/cattle/Texas/24-008749-003/2024(H5N1)	549	980
PB1|PP755595.1|A/cattle/Texas/24-008749-003/2024(H5N1)	550	976
PB1|PP755595.1|A/cattle/Texas/24-008749-003/2024(H5N1)	551	969
PB1|PP755595.1|A/cattle/Texas/24-008749-003/2024(H5N1)	552	969
PB1|PP755595.1|A/cattle/Texas/24-008749-003/2024(H5N1)	553	967
PB1|PP755595.1|A/cattle/Texas/24-008749-003/2024(H5N1)	554	965
PB1|PP755595.1|A/cattle/Texas/24-008749-003/2024(H5N1)	555	957
PB1|PP755595.1|A/cattle/Texas/24-008749-003/2024(H5N1)	556	957
PB1|PP755595.1|A/cattle/Texas/24-008749-003/2024(H5N1)	557	955
PB1|PP755595.1|A/cattle/Texas/24-008749-003/2024(H5N1)	558	896
PB1|PP755595.1|A/cattle/Texas/24-008749-003/2024(H5N1)	559	890
PB1|PP755595.1|A/cattle/Texas/24-008749-003/2024(H5N1)	560	891
PB1|PP755595.1|A/cattle/Texas/24-008749-003/2024(H5N1)	561	887
PB1|PP755595.1|A/cattle/Texas/24-008749-003/2024(H5N1)	562	897
PB1|PP755595.1|A/cattle/Texas/24-008749-003/2024(H5N1)	563	901
PB1|PP755595.1|A/cattle/Texas/24-008749-003/2024(H5N1)	564	903
PB1|PP755595.1|A/cattle/Texas/24-008749-003/2024(H5N1)	565	917
PB1|PP755595.1|A/cattle/Texas/24-008749-003/2024(H5N1)	566	921
PB1|PP755595.1|A/cattle/Texas/24-008749-003/2024(H5N1)	567	923
PB1|PP755595.1|A/cattle/Texas/24-008749-003/2024(H5N1)	568	923
PB1|PP755595.1|A/cattle/Texas/24-008749-003/2024(H5N1)	569	945
PB1|PP755595.1|A/cattle/Texas/24-008749-003/2024(H5N1)	570	934
PB1|PP755595.1|A/cattle/Texas/24-008749-003/2024(H5N1)	571	957
PB1|PP755595.1|A/cattle/Texas/24-008749-003/2024(H5N1)	572	955
PB1|PP755595.1|A/cattle/Texas/24-008749-003/2024(H5N1)	573	945
PB1|PP755595.1|A/cattle/Texas/24-008749-003/2024(H5N1)	574	945
PB1|PP755595.1|A/cattle/Texas/24-008749-003/2024(H5N1)	575	937
PB1|PP755595.1|A/cattle/Texas/24-008749-003/2024(H5N1)	576	960
PB1|PP755595.1|A/cattle/Texas/24-008749-003/2024(H5N1)	577	971
PB1|PP755595.1|A/cattle/Texas/24-008749-003/2024(H5N1)	578	977
PB1|PP755595.1|A/cattle/Texas/24-008749-003/2024(H5N1)	579	960
PB1|PP755595.1|A/cattle/Texas/24-008749-003/2024(H5N1)	580	958
PB1|PP755595.1|A/cattle/Texas/24-008749-003/2024(H5N1)	581	961
PB1|PP755595.1|A/cattle/Texas/24-008749-003/2024(H5N1)	582	961
PB1|PP755595.1|A/cattle/Texas/24-008749-003/2024(H5N1)	583	963
PB1|PP755595.1|A/cattle/Texas/24-008749-003/2024(H5N1)	584	950
PB1|PP755595.1|A/cattle/Texas/24-008749-003/2024(H5N1)	585	875
PB1|PP755595.1|A/cattle/Texas/24-008749-003/2024(H5N1)	586	887
PB1|PP755595.1|A/cattle/Texas/24-008749-003/2024(H5N1)	587	810
PB1|PP755595.1|A/cattle/Texas/24-008749-003/2024(H5N1)	588	804
PB1|PP755595.1|A/cattle/Texas/24-008749-003/2024(H5N1)	589	805
PB1|PP755595.1|A/cattle/Texas/24-008749-003/2024(H5N1)	590	804
PB1|PP755595.1|A/cattle/Texas/24-008749-003/2024(H5N1)	591	804
PB1|PP755595.1|A/cattle/Texas/24-008749-003/2024(H5N1)	592	821
PB1|PP755595.1|A/cattle/Texas/24-008749-003/2024(H5N1)	593	819
PB1|PP755595.1|A/cattle/Texas/24-008749-003/2024(H5N1)	594	816
PB1|PP755595.1|A/cattle/Texas/24-008749-003/2024(H5N1)	595	812
PB1|PP755595.1|A/cattle/Texas/24-008749-003/2024(H5N1)	596	810
PB1|PP755595.1|A/cattle/Texas/24-008749-003/2024(H5N1)	597	809
PB1|PP755595.1|A/cattle/Texas/24-008749-003/2024(H5N1)	598	795
PB1|PP755595.1|A/cattle/Texas/24-008749-003/2024(H5N1)	599	795
PB1|PP755595.1|A/cattle/Texas/24-008749-003/2024(H5N1)	600	791
PB1|PP755595.1|A/cattle/Texas/24-008749-003/2024(H5N1)	601	791
PB1|PP755595.1|A/cattle/Texas/24-008749-003/2024(H5N1)	602	773
PB1|PP755595.1|A/cattle/Texas/24-008749-003/2024(H5N1)	603	772
PB1|PP755595.1|A/cattle/Texas/24-008749-003/2024(H5N1)	604	771
PB1|PP755595.1|A/cattle/Texas/24-008749-003/2024(H5N1)	605	766
PB1|PP755595.1|A/cattle/Texas/24-008749-003/2024(H5N1)	606	765
PB1|PP755595.1|A/cattle/Texas/24-008749-003/2024(H5N1)	607	577
PB1|PP755595.1|A/cattle/Texas/24-008749-003/2024(H5N1)	608	577
PB1|PP755595.1|A/cattle/Texas/24-008749-003/2024(H5N1)	609	576
PB1|PP755595.1|A/cattle/Texas/24-008749-003/2024(H5N1)	610	576
PB1|PP755595.1|A/cattle/Texas/24-008749-003/2024(H5N1)	611	571
PB1|PP755595.1|A/cattle/Texas/24-008749-003/2024(H5N1)	612	571
PB1|PP755595.1|A/cattle/Texas/24-008749-003/2024(H5N1)	613	571
PB1|PP755595.1|A/cattle/Texas/24-008749-003/2024(H5N1)	614	678
PB1|PP755595.1|A/cattle/Texas/24-008749-003/2024(H5N1)	615	678
PB1|PP755595.1|A/cattle/Texas/24-008749-003/2024(H5N1)	616	678
PB1|PP755595.1|A/cattle/Texas/24-008749-003/2024(H5N1)	617	678
PB1|PP755595.1|A/cattle/Texas/24-008749-003/2024(H5N1)	618	678
PB1|PP755595.1|A/cattle/Texas/24-008749-003/2024(H5N1)	619	678
PB1|PP755595.1|A/cattle/Texas/24-008749-003/2024(H5N1)	620	678
PB1|PP755595.1|A/cattle/Texas/24-008749-003/2024(H5N1)	621	688
PB1|PP755595.1|A/cattle/Texas/24-008749-003/2024(H5N1)	622	697
PB1|PP755595.1|A/cattle/Texas/24-008749-003/2024(H5N1)	623	698
PB1|PP755595.1|A/cattle/Texas/24-008749-003/2024(H5N1)	624	698
PB1|PP755595.1|A/cattle/Texas/24-008749-003/2024(H5N1)	625	698
PB1|PP755595.1|A/cattle/Texas/24-008749-003/2024(H5N1)	626	697
PB1|PP755595.1|A/cattle/Texas/24-008749-003/2024(H5N1)	627	697
PB1|PP755595.1|A/cattle/Texas/24-008749-003/2024(H5N1)	628	696
PB1|PP755595.1|A/cattle/Texas/24-008749-003/2024(H5N1)	629	691
PB1|PP755595.1|A/cattle/Texas/24-008749-003/2024(H5N1)	630	689
PB1|PP755595.1|A/cattle/Texas/24-008749-003/2024(H5N1)	631	688
PB1|PP755595.1|A/cattle/Texas/24-008749-003/2024(H5N1)	632	688
PB1|PP755595.1|A/cattle/Texas/24-008749-003/2024(H5N1)	633	660
PB1|PP755595.1|A/cattle/Texas/24-008749-003/2024(H5N1)	634	641
PB1|PP755595.1|A/cattle/Texas/24-008749-003/2024(H5N1)	635	641
PB1|PP755595.1|A/cattle/Texas/24-008749-003/2024(H5N1)	636	641
PB1|PP755595.1|A/cattle/Texas/24-008749-003/2024(H5N1)	637	641
PB1|PP755595.1|A/cattle/Texas/24-008749-003/2024(H5N1)	638	641
PB1|PP755595.1|A/cattle/Texas/24-008749-003/2024(H5N1)	639	640
PB1|PP755595.1|A/cattle/Texas/24-008749-003/2024(H5N1)	640	638
PB1|PP755595.1|A/cattle/Texas/24-008749-003/2024(H5N1)	641	631
PB1|PP755595.1|A/cattle/Texas/24-008749-003/2024(H5N1)	642	631
PB1|PP755595.1|A/cattle/Texas/24-008749-003/2024(H5N1)	643	631
PB1|PP755595.1|A/cattle/Texas/24-008749-003/2024(H5N1)	644	628
PB1|PP755595.1|A/cattle/Texas/24-008749-003/2024(H5N1)	645	619
PB1|PP755595.1|A/cattle/Texas/24-008749-003/2024(H5N1)	646	617
PB1|PP755595.1|A/cattle/Texas/24-008749-003/2024(H5N1)	647	617
PB1|PP755595.1|A/cattle/Texas/24-008749-003/2024(H5N1)	648	595
PB1|PP755595.1|A/cattle/Texas/24-008749-003/2024(H5N1)	649	592
PB1|PP755595.1|A/cattle/Texas/24-008749-003/2024(H5N1)	650	590
PB1|PP755595.1|A/cattle/Texas/24-008749-003/2024(H5N1)	651	506
PB1|PP755595.1|A/cattle/Texas/24-008749-003/2024(H5N1)	652	505
PB1|PP755595.1|A/cattle/Texas/24-008749-003/2024(H5N1)	653	505
PB1|PP755595.1|A/cattle/Texas/24-008749-003/2024(H5N1)	654	505
PB1|PP755595.1|A/cattle/Texas/24-008749-003/2024(H5N1)	655	605
PB1|PP755595.1|A/cattle/Texas/24-008749-003/2024(H5N1)	656	608
PB1|PP755595.1|A/cattle/Texas/24-008749-003/2024(H5N1)	657	611
PB1|PP755595.1|A/cattle/Texas/24-008749-003/2024(H5N1)	658	612
PB1|PP755595.1|A/cattle/Texas/24-008749-003/2024(H5N1)	659	612
PB1|PP755595.1|A/cattle/Texas/24-008749-003/2024(H5N1)	660	612
PB1|PP755595.1|A/cattle/Texas/24-008749-003/2024(H5N1)	661	612
PB1|PP755595.1|A/cattle/Texas/24-008749-003/2024(H5N1)	662	609
PB1|PP755595.1|A/cattle/Texas/24-008749-003/2024(H5N1)	663	606
PB1|PP755595.1|A/cattle/Texas/24-008749-003/2024(H5N1)	664	594
PB1|PP755595.1|A/cattle/Texas/24-008749-003/2024(H5N1)	665	639
PB1|PP755595.1|A/cattle/Texas/24-008749-003/2024(H5N1)	666	640
PB1|PP755595.1|A/cattle/Texas/24-008749-003/2024(H5N1)	667	649
PB1|PP755595.1|A/cattle/Texas/24-008749-003/2024(H5N1)	668	654
PB1|PP755595.1|A/cattle/Texas/24-008749-003/2024(H5N1)	669	657
PB1|PP755595.1|A/cattle/Texas/24-008749-003/2024(H5N1)	670	647
PB1|PP755595.1|A/cattle/Texas/24-008749-003/2024(H5N1)	671	617
PB1|PP755595.1|A/cattle/Texas/24-008749-003/2024(H5N1)	672	616
PB1|PP755595.1|A/cattle/Texas/24-008749-003/2024(H5N1)	673	612
PB1|PP755595.1|A/cattle/Texas/24-008749-003/2024(H5N1)	674	612
PB1|PP755595.1|A/cattle/Texas/24-008749-003/2024(H5N1)	675	609
PB1|PP755595.1|A/cattle/Texas/24-008749-003/2024(H5N1)	676	657
PB1|PP755595.1|A/cattle/Texas/24-008749-003/2024(H5N1)	677	657
PB1|PP755595.1|A/cattle/Texas/24-008749-003/2024(H5N1)	678	647
PB1|PP755595.1|A/cattle/Texas/24-008749-003/2024(H5N1)	679	654
PB1|PP755595.1|A/cattle/Texas/24-008749-003/2024(H5N1)	680	654
PB1|PP755595.1|A/cattle/Texas/24-008749-003/2024(H5N1)	681	638
PB1|PP755595.1|A/cattle/Texas/24-008749-003/2024(H5N1)	682	642
PB1|PP755595.1|A/cattle/Texas/24-008749-003/2024(H5N1)	683	644
PB1|PP755595.1|A/cattle/Texas/24-008749-003/2024(H5N1)	684	644
PB1|PP755595.1|A/cattle/Texas/24-008749-003/2024(H5N1)	685	644
PB1|PP755595.1|A/cattle/Texas/24-008749-003/2024(H5N1)	686	644
PB1|PP755595.1|A/cattle/Texas/24-008749-003/2024(H5N1)	687	644
PB1|PP755595.1|A/cattle/Texas/24-008749-003/2024(H5N1)	688	638
PB1|PP755595.1|A/cattle/Texas/24-008749-003/2024(H5N1)	689	637
PB1|PP755595.1|A/cattle/Texas/24-008749-003/2024(H5N1)	690	626
PB1|PP755595.1|A/cattle/Texas/24-008749-003/2024(H5N1)	691	626
PB1|PP755595.1|A/cattle/Texas/24-008749-003/2024(H5N1)	692	616
PB1|PP755595.1|A/cattle/Texas/24-008749-003/2024(H5N1)	693	615
PB1|PP755595.1|A/cattle/Texas/24-008749-003/2024(H5N1)	694	639
PB1|PP755595.1|A/cattle/Texas/24-008749-003/2024(H5N1)	695	648
PB1|PP755595.1|A/cattle/Texas/24-008749-003/2024(H5N1)	696	647
PB1|PP755595.1|A/cattle/Texas/24-008749-003/2024(H5N1)	697	642
PB1|PP755595.1|A/cattle/Texas/24-008749-003/2024(H5N1)	698	639
PB1|PP755595.1|A/cattle/Texas/24-008749-003/2024(H5N1)	699	626
PB1|PP755595.1|A/cattle/Texas/24-008749-003/2024(H5N1)	700	625
PB1|PP755595.1|A/cattle/Texas/24-008749-003/2024(H5N1)	701	621
PB1|PP755595.1|A/cattle/Texas/24-008749-003/2024(H5N1)	702	617
PB1|PP755595.1|A/cattle/Texas/24-008749-003/2024(H5N1)	703	618
PB1|PP755595.1|A/cattle/Texas/24-008749-003/2024(H5N1)	704	618
PB1|PP755595.1|A/cattle/Texas/24-008749-003/2024(H5N1)	705	617
PB1|PP755595.1|A/cattle/Texas/24-008749-003/2024(H5N1)	706	616
PB1|PP755595.1|A/cattle/Texas/24-008749-003/2024(H5N1)	707	614
PB1|PP755595.1|A/cattle/Texas/24-008749-003/2024(H5N1)	708	612
PB1|PP755595.1|A/cattle/Texas/24-008749-003/2024(H5N1)	709	631
PB1|PP755595.1|A/cattle/Texas/24-008749-003/2024(H5N1)	710	632
PB1|PP755595.1|A/cattle/Texas/24-008749-003/2024(H5N1)	711	631
PB1|PP755595.1|A/cattle/Texas/24-008749-003/2024(H5N1)	712	619
PB1|PP755595.1|A/cattle/Texas/24-008749-003/2024(H5N1)	713	619
PB1|PP755595.1|A/cattle/Texas/24-008749-003/2024(H5N1)	714	608
PB1|PP755595.1|A/cattle/Texas/24-008749-003/2024(H5N1)	715	599
PB1|PP755595.1|A/cattle/Texas/24-008749-003/2024(H5N1)	716	599
PB1|PP755595.1|A/cattle/Texas/24-008749-003/2024(H5N1)	717	595
PB1|PP755595.1|A/cattle/Texas/24-008749-003/2024(H5N1)	718	595
PB1|PP755595.1|A/cattle/Texas/24-008749-003/2024(H5N1)	719	571
PB1|PP755595.1|A/cattle/Texas/24-008749-003/2024(H5N1)	720	571
PB1|PP755595.1|A/cattle/Texas/24-008749-003/2024(H5N1)	721	577
PB1|PP755595.1|A/cattle/Texas/24-008749-003/2024(H5N1)	722	569
PB1|PP755595.1|A/cattle/Texas/24-008749-003/2024(H5N1)	723	570
PB1|PP755595.1|A/cattle/Texas/24-008749-003/2024(H5N1)	724	571
PB1|PP755595.1|A/cattle/Texas/24-008749-003/2024(H5N1)	725	566
PB1|PP755595.1|A/cattle/Texas/24-008749-003/2024(H5N1)	726	555
PB1|PP755595.1|A/cattle/Texas/24-008749-003/2024(H5N1)	727	542
PB1|PP755595.1|A/cattle/Texas/24-008749-003/2024(H5N1)	728	541
PB1|PP755595.1|A/cattle/Texas/24-008749-003/2024(H5N1)	729	538
PB1|PP755595.1|A/cattle/Texas/24-008749-003/2024(H5N1)	730	531
PB1|PP755595.1|A/cattle/Texas/24-008749-003/2024(H5N1)	731	510
PB1|PP755595.1|A/cattle/Texas/24-008749-003/2024(H5N1)	732	408
PB1|PP755595.1|A/cattle/Texas/24-008749-003/2024(H5N1)	733	408
PB1|PP755595.1|A/cattle/Texas/24-008749-003/2024(H5N1)	734	405
PB1|PP755595.1|A/cattle/Texas/24-008749-003/2024(H5N1)	735	405
PB1|PP755595.1|A/cattle/Texas/24-008749-003/2024(H5N1)	736	405
PB1|PP755595.1|A/cattle/Texas/24-008749-003/2024(H5N1)	737	405
PB1|PP755595.1|A/cattle/Texas/24-008749-003/2024(H5N1)	738	404
PB1|PP755595.1|A/cattle/Texas/24-008749-003/2024(H5N1)	739	404
PB1|PP755595.1|A/cattle/Texas/24-008749-003/2024(H5N1)	740	404
PB1|PP755595.1|A/cattle/Texas/24-008749-003/2024(H5N1)	741	404
PB1|PP755595.1|A/cattle/Texas/24-008749-003/2024(H5N1)	742	404
PB1|PP755595.1|A/cattle/Texas/24-008749-003/2024(H5N1)	743	404
PB1|PP755595.1|A/cattle/Texas/24-008749-003/2024(H5N1)	744	404
PB1|PP755595.1|A/cattle/Texas/24-008749-003/2024(H5N1)	745	503
PB1|PP755595.1|A/cattle/Texas/24-008749-003/2024(H5N1)	746	503
PB1|PP755595.1|A/cattle/Texas/24-008749-003/2024(H5N1)	747	503
PB1|PP755595.1|A/cattle/Texas/24-008749-003/2024(H5N1)	748	503
PB1|PP755595.1|A/cattle/Texas/24-008749-003/2024(H5N1)	749	503
PB1|PP755595.1|A/cattle/Texas/24-008749-003/2024(H5N1)	750	503
PB1|PP755595.1|A/cattle/Texas/24-008749-003/2024(H5N1)	751	537
PB1|PP755595.1|A/cattle/Texas/24-008749-003/2024(H5N1)	752	550
PB1|PP755595.1|A/cattle/Texas/24-008749-003/2024(H5N1)	753	550
PB1|PP755595.1|A/cattle/Texas/24-008749-003/2024(H5N1)	754	552
PB1|PP755595.1|A/cattle/Texas/24-008749-003/2024(H5N1)	755	556
PB1|PP755595.1|A/cattle/Texas/24-008749-003/2024(H5N1)	756	558
PB1|PP755595.1|A/cattle/Texas/24-008749-003/2024(H5N1)	757	558
PB1|PP755595.1|A/cattle/Texas/24-008749-003/2024(H5N1)	758	553
PB1|PP755595.1|A/cattle/Texas/24-008749-003/2024(H5N1)	759	545
PB1|PP755595.1|A/cattle/Texas/24-008749-003/2024(H5N1)	760	509
PB1|PP755595.1|A/cattle/Texas/24-008749-003/2024(H5N1)	761	509
PB1|PP755595.1|A/cattle/Texas/24-008749-003/2024(H5N1)	762	504
PB1|PP755595.1|A/cattle/Texas/24-008749-003/2024(H5N1)	763	504
PB1|PP755595.1|A/cattle/Texas/24-008749-003/2024(H5N1)	764	501
PB1|PP755595.1|A/cattle/Texas/24-008749-003/2024(H5N1)	765	497
PB1|PP755595.1|A/cattle/Texas/24-008749-003/2024(H5N1)	766	497
PB1|PP755595.1|A/cattle/Texas/24-008749-003/2024(H5N1)	767	497
PB1|PP755595.1|A/cattle/Texas/24-008749-003/2024(H5N1)	768	497
PB1|PP755595.1|A/cattle/Texas/24-008749-003/2024(H5N1)	769	497
PB1|PP755595.1|A/cattle/Texas/24-008749-003/2024(H5N1)	770	497
PB1|PP755595.1|A/cattle/Texas/24-008749-003/2024(H5N1)	771	494
PB1|PP755595.1|A/cattle/Texas/24-008749-003/2024(H5N1)	772	462
PB1|PP755595.1|A/cattle/Texas/24-008749-003/2024(H5N1)	773	462
PB1|PP755595.1|A/cattle/Texas/24-008749-003/2024(H5N1)	774	462
PB1|PP755595.1|A/cattle/Texas/24-008749-003/2024(H5N1)	775	522
PB1|PP755595.1|A/cattle/Texas/24-008749-003/2024(H5N1)	776	524
PB1|PP755595.1|A/cattle/Texas/24-008749-003/2024(H5N1)	777	528
PB1|PP755595.1|A/cattle/Texas/24-008749-003/2024(H5N1)	778	528
PB1|PP755595.1|A/cattle/Texas/24-008749-003/2024(H5N1)	779	528
PB1|PP755595.1|A/cattle/Texas/24-008749-003/2024(H5N1)	780	542
PB1|PP755595.1|A/cattle/Texas/24-008749-003/2024(H5N1)	781	542
PB1|PP755595.1|A/cattle/Texas/24-008749-003/2024(H5N1)	782	542
PB1|PP755595.1|A/cattle/Texas/24-008749-003/2024(H5N1)	783	525
PB1|PP755595.1|A/cattle/Texas/24-008749-003/2024(H5N1)	784	523
PB1|PP755595.1|A/cattle/Texas/24-008749-003/2024(H5N1)	785	522
PB1|PP755595.1|A/cattle/Texas/24-008749-003/2024(H5N1)	786	506
PB1|PP755595.1|A/cattle/Texas/24-008749-003/2024(H5N1)	787	508
PB1|PP755595.1|A/cattle/Texas/24-008749-003/2024(H5N1)	788	508
PB1|PP755595.1|A/cattle/Texas/24-008749-003/2024(H5N1)	789	508
PB1|PP755595.1|A/cattle/Texas/24-008749-003/2024(H5N1)	790	508
PB1|PP755595.1|A/cattle/Texas/24-008749-003/2024(H5N1)	791	508
PB1|PP755595.1|A/cattle/Texas/24-008749-003/2024(H5N1)	792	493
PB1|PP755595.1|A/cattle/Texas/24-008749-003/2024(H5N1)	793	503
PB1|PP755595.1|A/cattle/Texas/24-008749-003/2024(H5N1)	794	505
PB1|PP755595.1|A/cattle/Texas/24-008749-003/2024(H5N1)	795	505
PB1|PP755595.1|A/cattle/Texas/24-008749-003/2024(H5N1)	796	506
PB1|PP755595.1|A/cattle/Texas/24-008749-003/2024(H5N1)	797	506
PB1|PP755595.1|A/cattle/Texas/24-008749-003/2024(H5N1)	798	503
PB1|PP755595.1|A/cattle/Texas/24-008749-003/2024(H5N1)	799	501
PB1|PP755595.1|A/cattle/Texas/24-008749-003/2024(H5N1)	800	501
PB1|PP755595.1|A/cattle/Texas/24-008749-003/2024(H5N1)	801	477
PB1|PP755595.1|A/cattle/Texas/24-008749-003/2024(H5N1)	802	488
PB1|PP755595.1|A/cattle/Texas/24-008749-003/2024(H5N1)	803	510
PB1|PP755595.1|A/cattle/Texas/24-008749-003/2024(H5N1)	804	516
PB1|PP755595.1|A/cattle/Texas/24-008749-003/2024(H5N1)	805	520
PB1|PP755595.1|A/cattle/Texas/24-008749-003/2024(H5N1)	806	521
PB1|PP755595.1|A/cattle/Texas/24-008749-003/2024(H5N1)	807	520
PB1|PP755595.1|A/cattle/Texas/24-008749-003/2024(H5N1)	808	523
PB1|PP755595.1|A/cattle/Texas/24-008749-003/2024(H5N1)	809	525
PB1|PP755595.1|A/cattle/Texas/24-008749-003/2024(H5N1)	810	529
PB1|PP755595.1|A/cattle/Texas/24-008749-003/2024(H5N1)	811	522
PB1|PP755595.1|A/cattle/Texas/24-008749-003/2024(H5N1)	812	507
PB1|PP755595.1|A/cattle/Texas/24-008749-003/2024(H5N1)	813	499
PB1|PP755595.1|A/cattle/Texas/24-008749-003/2024(H5N1)	814	496
PB1|PP755595.1|A/cattle/Texas/24-008749-003/2024(H5N1)	815	514
PB1|PP755595.1|A/cattle/Texas/24-008749-003/2024(H5N1)	816	493
PB1|PP755595.1|A/cattle/Texas/24-008749-003/2024(H5N1)	817	512
PB1|PP755595.1|A/cattle/Texas/24-008749-003/2024(H5N1)	818	514
PB1|PP755595.1|A/cattle/Texas/24-008749-003/2024(H5N1)	819	515
PB1|PP755595.1|A/cattle/Texas/24-008749-003/2024(H5N1)	820	518
PB1|PP755595.1|A/cattle/Texas/24-008749-003/2024(H5N1)	821	537
PB1|PP755595.1|A/cattle/Texas/24-008749-003/2024(H5N1)	822	523
PB1|PP755595.1|A/cattle/Texas/24-008749-003/2024(H5N1)	823	509
PB1|PP755595.1|A/cattle/Texas/24-008749-003/2024(H5N1)	824	517
PB1|PP755595.1|A/cattle/Texas/24-008749-003/2024(H5N1)	825	506
PB1|PP755595.1|A/cattle/Texas/24-008749-003/2024(H5N1)	826	537
PB1|PP755595.1|A/cattle/Texas/24-008749-003/2024(H5N1)	827	548
PB1|PP755595.1|A/cattle/Texas/24-008749-003/2024(H5N1)	828	549
PB1|PP755595.1|A/cattle/Texas/24-008749-003/2024(H5N1)	829	553
PB1|PP755595.1|A/cattle/Texas/24-008749-003/2024(H5N1)	830	554
PB1|PP755595.1|A/cattle/Texas/24-008749-003/2024(H5N1)	831	540
PB1|PP755595.1|A/cattle/Texas/24-008749-003/2024(H5N1)	832	564
PB1|PP755595.1|A/cattle/Texas/24-008749-003/2024(H5N1)	833	564
PB1|PP755595.1|A/cattle/Texas/24-008749-003/2024(H5N1)	834	565
PB1|PP755595.1|A/cattle/Texas/24-008749-003/2024(H5N1)	835	568
PB1|PP755595.1|A/cattle/Texas/24-008749-003/2024(H5N1)	836	568
PB1|PP755595.1|A/cattle/Texas/24-008749-003/2024(H5N1)	837	566
PB1|PP755595.1|A/cattle/Texas/24-008749-003/2024(H5N1)	838	565
PB1|PP755595.1|A/cattle/Texas/24-008749-003/2024(H5N1)	839	563
PB1|PP755595.1|A/cattle/Texas/24-008749-003/2024(H5N1)	840	518
PB1|PP755595.1|A/cattle/Texas/24-008749-003/2024(H5N1)	841	519
PB1|PP755595.1|A/cattle/Texas/24-008749-003/2024(H5N1)	842	519
PB1|PP755595.1|A/cattle/Texas/24-008749-003/2024(H5N1)	843	519
PB1|PP755595.1|A/cattle/Texas/24-008749-003/2024(H5N1)	844	519
PB1|PP755595.1|A/cattle/Texas/24-008749-003/2024(H5N1)	845	522
PB1|PP755595.1|A/cattle/Texas/24-008749-003/2024(H5N1)	846	528
PB1|PP755595.1|A/cattle/Texas/24-008749-003/2024(H5N1)	847	576
PB1|PP755595.1|A/cattle/Texas/24-008749-003/2024(H5N1)	848	577
PB1|PP755595.1|A/cattle/Texas/24-008749-003/2024(H5N1)	849	579
PB1|PP755595.1|A/cattle/Texas/24-008749-003/2024(H5N1)	850	579
PB1|PP755595.1|A/cattle/Texas/24-008749-003/2024(H5N1)	851	579
PB1|PP755595.1|A/cattle/Texas/24-008749-003/2024(H5N1)	852	579
PB1|PP755595.1|A/cattle/Texas/24-008749-003/2024(H5N1)	853	580
PB1|PP755595.1|A/cattle/Texas/24-008749-003/2024(H5N1)	854	644
PB1|PP755595.1|A/cattle/Texas/24-008749-003/2024(H5N1)	855	644
PB1|PP755595.1|A/cattle/Texas/24-008749-003/2024(H5N1)	856	644
PB1|PP755595.1|A/cattle/Texas/24-008749-003/2024(H5N1)	857	644
PB1|PP755595.1|A/cattle/Texas/24-008749-003/2024(H5N1)	858	645
PB1|PP755595.1|A/cattle/Texas/24-008749-003/2024(H5N1)	859	645
PB1|PP755595.1|A/cattle/Texas/24-008749-003/2024(H5N1)	860	648
PB1|PP755595.1|A/cattle/Texas/24-008749-003/2024(H5N1)	861	653
PB1|PP755595.1|A/cattle/Texas/24-008749-003/2024(H5N1)	862	650
PB1|PP755595.1|A/cattle/Texas/24-008749-003/2024(H5N1)	863	650
PB1|PP755595.1|A/cattle/Texas/24-008749-003/2024(H5N1)	864	667
PB1|PP755595.1|A/cattle/Texas/24-008749-003/2024(H5N1)	865	672
PB1|PP755595.1|A/cattle/Texas/24-008749-003/2024(H5N1)	866	679
PB1|PP755595.1|A/cattle/Texas/24-008749-003/2024(H5N1)	867	680
PB1|PP755595.1|A/cattle/Texas/24-008749-003/2024(H5N1)	868	680
PB1|PP755595.1|A/cattle/Texas/24-008749-003/2024(H5N1)	869	683
PB1|PP755595.1|A/cattle/Texas/24-008749-003/2024(H5N1)	870	687
PB1|PP755595.1|A/cattle/Texas/24-008749-003/2024(H5N1)	871	708
PB1|PP755595.1|A/cattle/Texas/24-008749-003/2024(H5N1)	872	699
PB1|PP755595.1|A/cattle/Texas/24-008749-003/2024(H5N1)	873	698
PB1|PP755595.1|A/cattle/Texas/24-008749-003/2024(H5N1)	874	698
PB1|PP755595.1|A/cattle/Texas/24-008749-003/2024(H5N1)	875	695
PB1|PP755595.1|A/cattle/Texas/24-008749-003/2024(H5N1)	876	647
PB1|PP755595.1|A/cattle/Texas/24-008749-003/2024(H5N1)	877	658
PB1|PP755595.1|A/cattle/Texas/24-008749-003/2024(H5N1)	878	671
PB1|PP755595.1|A/cattle/Texas/24-008749-003/2024(H5N1)	879	705
PB1|PP755595.1|A/cattle/Texas/24-008749-003/2024(H5N1)	880	784
PB1|PP755595.1|A/cattle/Texas/24-008749-003/2024(H5N1)	881	784
PB1|PP755595.1|A/cattle/Texas/24-008749-003/2024(H5N1)	882	786
PB1|PP755595.1|A/cattle/Texas/24-008749-003/2024(H5N1)	883	788
PB1|PP755595.1|A/cattle/Texas/24-008749-003/2024(H5N1)	884	862
PB1|PP755595.1|A/cattle/Texas/24-008749-003/2024(H5N1)	885	864
PB1|PP755595.1|A/cattle/Texas/24-008749-003/2024(H5N1)	886	871
PB1|PP755595.1|A/cattle/Texas/24-008749-003/2024(H5N1)	887	873
PB1|PP755595.1|A/cattle/Texas/24-008749-003/2024(H5N1)	888	874
PB1|PP755595.1|A/cattle/Texas/24-008749-003/2024(H5N1)	889	914
PB1|PP755595.1|A/cattle/Texas/24-008749-003/2024(H5N1)	890	917
PB1|PP755595.1|A/cattle/Texas/24-008749-003/2024(H5N1)	891	919
PB1|PP755595.1|A/cattle/Texas/24-008749-003/2024(H5N1)	892	895
PB1|PP755595.1|A/cattle/Texas/24-008749-003/2024(H5N1)	893	863
PB1|PP755595.1|A/cattle/Texas/24-008749-003/2024(H5N1)	894	884
PB1|PP755595.1|A/cattle/Texas/24-008749-003/2024(H5N1)	895	883
PB1|PP755595.1|A/cattle/Texas/24-008749-003/2024(H5N1)	896	896
PB1|PP755595.1|A/cattle/Texas/24-008749-003/2024(H5N1)	897	865
PB1|PP755595.1|A/cattle/Texas/24-008749-003/2024(H5N1)	898	865
PB1|PP755595.1|A/cattle/Texas/24-008749-003/2024(H5N1)	899	869
PB1|PP755595.1|A/cattle/Texas/24-008749-003/2024(H5N1)	900	870
PB1|PP755595.1|A/cattle/Texas/24-008749-003/2024(H5N1)	901	871
PB1|PP755595.1|A/cattle/Texas/24-008749-003/2024(H5N1)	902	881
PB1|PP755595.1|A/cattle/Texas/24-008749-003/2024(H5N1)	903	876
PB1|PP755595.1|A/cattle/Texas/24-008749-003/2024(H5N1)	904	878
PB1|PP755595.1|A/cattle/Texas/24-008749-003/2024(H5N1)	905	873
PB1|PP755595.1|A/cattle/Texas/24-008749-003/2024(H5N1)	906	808
PB1|PP755595.1|A/cattle/Texas/24-008749-003/2024(H5N1)	907	815
PB1|PP755595.1|A/cattle/Texas/24-008749-003/2024(H5N1)	908	819
PB1|PP755595.1|A/cattle/Texas/24-008749-003/2024(H5N1)	909	819
PB1|PP755595.1|A/cattle/Texas/24-008749-003/2024(H5N1)	910	839
PB1|PP755595.1|A/cattle/Texas/24-008749-003/2024(H5N1)	911	839
PB1|PP755595.1|A/cattle/Texas/24-008749-003/2024(H5N1)	912	877
PB1|PP755595.1|A/cattle/Texas/24-008749-003/2024(H5N1)	913	883
PB1|PP755595.1|A/cattle/Texas/24-008749-003/2024(H5N1)	914	889
PB1|PP755595.1|A/cattle/Texas/24-008749-003/2024(H5N1)	915	890
PB1|PP755595.1|A/cattle/Texas/24-008749-003/2024(H5N1)	916	892
PB1|PP755595.1|A/cattle/Texas/24-008749-003/2024(H5N1)	917	899
PB1|PP755595.1|A/cattle/Texas/24-008749-003/2024(H5N1)	918	945
PB1|PP755595.1|A/cattle/Texas/24-008749-003/2024(H5N1)	919	945
PB1|PP755595.1|A/cattle/Texas/24-008749-003/2024(H5N1)	920	952
PB1|PP755595.1|A/cattle/Texas/24-008749-003/2024(H5N1)	921	952
PB1|PP755595.1|A/cattle/Texas/24-008749-003/2024(H5N1)	922	953
PB1|PP755595.1|A/cattle/Texas/24-008749-003/2024(H5N1)	923	960
PB1|PP755595.1|A/cattle/Texas/24-008749-003/2024(H5N1)	924	961
PB1|PP755595.1|A/cattle/Texas/24-008749-003/2024(H5N1)	925	961
PB1|PP755595.1|A/cattle/Texas/24-008749-003/2024(H5N1)	926	962
PB1|PP755595.1|A/cattle/Texas/24-008749-003/2024(H5N1)	927	972
PB1|PP755595.1|A/cattle/Texas/24-008749-003/2024(H5N1)	928	972
PB1|PP755595.1|A/cattle/Texas/24-008749-003/2024(H5N1)	929	971
PB1|PP755595.1|A/cattle/Texas/24-008749-003/2024(H5N1)	930	972
PB1|PP755595.1|A/cattle/Texas/24-008749-003/2024(H5N1)	931	962
PB1|PP755595.1|A/cattle/Texas/24-008749-003/2024(H5N1)	932	962
PB1|PP755595.1|A/cattle/Texas/24-008749-003/2024(H5N1)	933	974
PB1|PP755595.1|A/cattle/Texas/24-008749-003/2024(H5N1)	934	988
PB1|PP755595.1|A/cattle/Texas/24-008749-003/2024(H5N1)	935	986
PB1|PP755595.1|A/cattle/Texas/24-008749-003/2024(H5N1)	936	964
PB1|PP755595.1|A/cattle/Texas/24-008749-003/2024(H5N1)	937	964
PB1|PP755595.1|A/cattle/Texas/24-008749-003/2024(H5N1)	938	967
PB1|PP755595.1|A/cattle/Texas/24-008749-003/2024(H5N1)	939	973
PB1|PP755595.1|A/cattle/Texas/24-008749-003/2024(H5N1)	940	988
PB1|PP755595.1|A/cattle/Texas/24-008749-003/2024(H5N1)	941	996
PB1|PP755595.1|A/cattle/Texas/24-008749-003/2024(H5N1)	942	996
PB1|PP755595.1|A/cattle/Texas/24-008749-003/2024(H5N1)	943	1006
PB1|PP755595.1|A/cattle/Texas/24-008749-003/2024(H5N1)	944	1010
PB1|PP755595.1|A/cattle/Texas/24-008749-003/2024(H5N1)	945	1013
PB1|PP755595.1|A/cattle/Texas/24-008749-003/2024(H5N1)	946	1015
PB1|PP755595.1|A/cattle/Texas/24-008749-003/2024(H5N1)	947	1016
PB1|PP755595.1|A/cattle/Texas/24-008749-003/2024(H5N1)	948	1021
PB1|PP755595.1|A/cattle/Texas/24-008749-003/2024(H5N1)	949	1021
PB1|PP755595.1|A/cattle/Texas/24-008749-003/2024(H5N1)	950	1022
PB1|PP755595.1|A/cattle/Texas/24-008749-003/2024(H5N1)	951	1033
PB1|PP755595.1|A/cattle/Texas/24-008749-003/2024(H5N1)	952	1027
PB1|PP755595.1|A/cattle/Texas/24-008749-003/2024(H5N1)	953	1026
PB1|PP755595.1|A/cattle/Texas/24-008749-003/2024(H5N1)	954	1007
PB1|PP755595.1|A/cattle/Texas/24-008749-003/2024(H5N1)	955	1008
PB1|PP755595.1|A/cattle/Texas/24-008749-003/2024(H5N1)	956	1010
PB1|PP755595.1|A/cattle/Texas/24-008749-003/2024(H5N1)	957	1014
PB1|PP755595.1|A/cattle/Texas/24-008749-003/2024(H5N1)	958	1014
PB1|PP755595.1|A/cattle/Texas/24-008749-003/2024(H5N1)	959	1008
PB1|PP755595.1|A/cattle/Texas/24-008749-003/2024(H5N1)	960	1006
PB1|PP755595.1|A/cattle/Texas/24-008749-003/2024(H5N1)	961	1005
PB1|PP755595.1|A/cattle/Texas/24-008749-003/2024(H5N1)	962	1016
PB1|PP755595.1|A/cattle/Texas/24-008749-003/2024(H5N1)	963	1031
PB1|PP755595.1|A/cattle/Texas/24-008749-003/2024(H5N1)	964	1029
PB1|PP755595.1|A/cattle/Texas/24-008749-003/2024(H5N1)	965	1032
PB1|PP755595.1|A/cattle/Texas/24-008749-003/2024(H5N1)	966	1004
PB1|PP755595.1|A/cattle/Texas/24-008749-003/2024(H5N1)	967	1004
PB1|PP755595.1|A/cattle/Texas/24-008749-003/2024(H5N1)	968	995
PB1|PP755595.1|A/cattle/Texas/24-008749-003/2024(H5N1)	969	993
PB1|PP755595.1|A/cattle/Texas/24-008749-003/2024(H5N1)	970	992
PB1|PP755595.1|A/cattle/Texas/24-008749-003/2024(H5N1)	971	963
PB1|PP755595.1|A/cattle/Texas/24-008749-003/2024(H5N1)	972	909
PB1|PP755595.1|A/cattle/Texas/24-008749-003/2024(H5N1)	973	891
PB1|PP755595.1|A/cattle/Texas/24-008749-003/2024(H5N1)	974	886
PB1|PP755595.1|A/cattle/Texas/24-008749-003/2024(H5N1)	975	877
PB1|PP755595.1|A/cattle/Texas/24-008749-003/2024(H5N1)	976	922
PB1|PP755595.1|A/cattle/Texas/24-008749-003/2024(H5N1)	977	922
PB1|PP755595.1|A/cattle/Texas/24-008749-003/2024(H5N1)	978	915
PB1|PP755595.1|A/cattle/Texas/24-008749-003/2024(H5N1)	979	914
PB1|PP755595.1|A/cattle/Texas/24-008749-003/2024(H5N1)	980	911
PB1|PP755595.1|A/cattle/Texas/24-008749-003/2024(H5N1)	981	888
PB1|PP755595.1|A/cattle/Texas/24-008749-003/2024(H5N1)	982	910
PB1|PP755595.1|A/cattle/Texas/24-008749-003/2024(H5N1)	983	913
PB1|PP755595.1|A/cattle/Texas/24-008749-003/2024(H5N1)	984	922
PB1|PP755595.1|A/cattle/Texas/24-008749-003/2024(H5N1)	985	919
PB1|PP755595.1|A/cattle/Texas/24-008749-003/2024(H5N1)	986	923
PB1|PP755595.1|A/cattle/Texas/24-008749-003/2024(H5N1)	987	922
PB1|PP755595.1|A/cattle/Texas/24-008749-003/2024(H5N1)	988	933
PB1|PP755595.1|A/cattle/Texas/24-008749-003/2024(H5N1)	989	931
PB1|PP755595.1|A/cattle/Texas/24-008749-003/2024(H5N1)	990	926
PB1|PP755595.1|A/cattle/Texas/24-008749-003/2024(H5N1)	991	928
PB1|PP755595.1|A/cattle/Texas/24-008749-003/2024(H5N1)	992	928
PB1|PP755595.1|A/cattle/Texas/24-008749-003/2024(H5N1)	993	928
PB1|PP755595.1|A/cattle/Texas/24-008749-003/2024(H5N1)	994	921
PB1|PP755595.1|A/cattle/Texas/24-008749-003/2024(H5N1)	995	915
PB1|PP755595.1|A/cattle/Texas/24-008749-003/2024(H5N1)	996	912
PB1|PP755595.1|A/cattle/Texas/24-008749-003/2024(H5N1)	997	898
PB1|PP755595.1|A/cattle/Texas/24-008749-003/2024(H5N1)	998	887
PB1|PP755595.1|A/cattle/Texas/24-008749-003/2024(H5N1)	999	881
PB1|PP755595.1|A/cattle/Texas/24-008749-003/2024(H5N1)	1000	879
PB1|PP755595.1|A/cattle/Texas/24-008749-003/2024(H5N1)	1001	879
PB1|PP755595.1|A/cattle/Texas/24-008749-003/2024(H5N1)	1002	879
PB1|PP755595.1|A/cattle/Texas/24-008749-003/2024(H5N1)	1003	938
PB1|PP755595.1|A/cattle/Texas/24-008749-003/2024(H5N1)	1004	938
PB1|PP755595.1|A/cattle/Texas/24-008749-003/2024(H5N1)	1005	875
PB1|PP755595.1|A/cattle/Texas/24-008749-003/2024(H5N1)	1006	875
PB1|PP755595.1|A/cattle/Texas/24-008749-003/2024(H5N1)	1007	875
PB1|PP755595.1|A/cattle/Texas/24-008749-003/2024(H5N1)	1008	874
PB1|PP755595.1|A/cattle/Texas/24-008749-003/2024(H5N1)	1009	926
PB1|PP755595.1|A/cattle/Texas/24-008749-003/2024(H5N1)	1010	919
PB1|PP755595.1|A/cattle/Texas/24-008749-003/2024(H5N1)	1011	916
PB1|PP755595.1|A/cattle/Texas/24-008749-003/2024(H5N1)	1012	914
PB1|PP755595.1|A/cattle/Texas/24-008749-003/2024(H5N1)	1013	915
PB1|PP755595.1|A/cattle/Texas/24-008749-003/2024(H5N1)	1014	915
PB1|PP755595.1|A/cattle/Texas/24-008749-003/2024(H5N1)	1015	920
PB1|PP755595.1|A/cattle/Texas/24-008749-003/2024(H5N1)	1016	915
PB1|PP755595.1|A/cattle/Texas/24-008749-003/2024(H5N1)	1017	906
PB1|PP755595.1|A/cattle/Texas/24-008749-003/2024(H5N1)	1018	906
PB1|PP755595.1|A/cattle/Texas/24-008749-003/2024(H5N1)	1019	906
PB1|PP755595.1|A/cattle/Texas/24-008749-003/2024(H5N1)	1020	899
PB1|PP755595.1|A/cattle/Texas/24-008749-003/2024(H5N1)	1021	964
PB1|PP755595.1|A/cattle/Texas/24-008749-003/2024(H5N1)	1022	952
PB1|PP755595.1|A/cattle/Texas/24-008749-003/2024(H5N1)	1023	947
PB1|PP755595.1|A/cattle/Texas/24-008749-003/2024(H5N1)	1024	959
PB1|PP755595.1|A/cattle/Texas/24-008749-003/2024(H5N1)	1025	960
PB1|PP755595.1|A/cattle/Texas/24-008749-003/2024(H5N1)	1026	960
PB1|PP755595.1|A/cattle/Texas/24-008749-003/2024(H5N1)	1027	950
PB1|PP755595.1|A/cattle/Texas/24-008749-003/2024(H5N1)	1028	929
PB1|PP755595.1|A/cattle/Texas/24-008749-003/2024(H5N1)	1029	916
PB1|PP755595.1|A/cattle/Texas/24-008749-003/2024(H5N1)	1030	880
PB1|PP755595.1|A/cattle/Texas/24-008749-003/2024(H5N1)	1031	826
PB1|PP755595.1|A/cattle/Texas/24-008749-003/2024(H5N1)	1032	823
PB1|PP755595.1|A/cattle/Texas/24-008749-003/2024(H5N1)	1033	816
PB1|PP755595.1|A/cattle/Texas/24-008749-003/2024(H5N1)	1034	755
PB1|PP755595.1|A/cattle/Texas/24-008749-003/2024(H5N1)	1035	752
PB1|PP755595.1|A/cattle/Texas/24-008749-003/2024(H5N1)	1036	759
PB1|PP755595.1|A/cattle/Texas/24-008749-003/2024(H5N1)	1037	756
PB1|PP755595.1|A/cattle/Texas/24-008749-003/2024(H5N1)	1038	756
PB1|PP755595.1|A/cattle/Texas/24-008749-003/2024(H5N1)	1039	752
PB1|PP755595.1|A/cattle/Texas/24-008749-003/2024(H5N1)	1040	718
PB1|PP755595.1|A/cattle/Texas/24-008749-003/2024(H5N1)	1041	718
PB1|PP755595.1|A/cattle/Texas/24-008749-003/2024(H5N1)	1042	716
PB1|PP755595.1|A/cattle/Texas/24-008749-003/2024(H5N1)	1043	715
PB1|PP755595.1|A/cattle/Texas/24-008749-003/2024(H5N1)	1044	715
PB1|PP755595.1|A/cattle/Texas/24-008749-003/2024(H5N1)	1045	698
PB1|PP755595.1|A/cattle/Texas/24-008749-003/2024(H5N1)	1046	682
PB1|PP755595.1|A/cattle/Texas/24-008749-003/2024(H5N1)	1047	594
PB1|PP755595.1|A/cattle/Texas/24-008749-003/2024(H5N1)	1048	594
PB1|PP755595.1|A/cattle/Texas/24-008749-003/2024(H5N1)	1049	594
PB1|PP755595.1|A/cattle/Texas/24-008749-003/2024(H5N1)	1050	591
PB1|PP755595.1|A/cattle/Texas/24-008749-003/2024(H5N1)	1051	590
PB1|PP755595.1|A/cattle/Texas/24-008749-003/2024(H5N1)	1052	591
PB1|PP755595.1|A/cattle/Texas/24-008749-003/2024(H5N1)	1053	587
PB1|PP755595.1|A/cattle/Texas/24-008749-003/2024(H5N1)	1054	590
PB1|PP755595.1|A/cattle/Texas/24-008749-003/2024(H5N1)	1055	590
PB1|PP755595.1|A/cattle/Texas/24-008749-003/2024(H5N1)	1056	590
PB1|PP755595.1|A/cattle/Texas/24-008749-003/2024(H5N1)	1057	654
PB1|PP755595.1|A/cattle/Texas/24-008749-003/2024(H5N1)	1058	654
PB1|PP755595.1|A/cattle/Texas/24-008749-003/2024(H5N1)	1059	654
PB1|PP755595.1|A/cattle/Texas/24-008749-003/2024(H5N1)	1060	654
PB1|PP755595.1|A/cattle/Texas/24-008749-003/2024(H5N1)	1061	654
PB1|PP755595.1|A/cattle/Texas/24-008749-003/2024(H5N1)	1062	654
PB1|PP755595.1|A/cattle/Texas/24-008749-003/2024(H5N1)	1063	746
PB1|PP755595.1|A/cattle/Texas/24-008749-003/2024(H5N1)	1064	752
PB1|PP755595.1|A/cattle/Texas/24-008749-003/2024(H5N1)	1065	752
PB1|PP755595.1|A/cattle/Texas/24-008749-003/2024(H5N1)	1066	752
PB1|PP755595.1|A/cattle/Texas/24-008749-003/2024(H5N1)	1067	752
PB1|PP755595.1|A/cattle/Texas/24-008749-003/2024(H5N1)	1068	747
PB1|PP755595.1|A/cattle/Texas/24-008749-003/2024(H5N1)	1069	703
PB1|PP755595.1|A/cattle/Texas/24-008749-003/2024(H5N1)	1070	703
PB1|PP755595.1|A/cattle/Texas/24-008749-003/2024(H5N1)	1071	696
PB1|PP755595.1|A/cattle/Texas/24-008749-003/2024(H5N1)	1072	726
PB1|PP755595.1|A/cattle/Texas/24-008749-003/2024(H5N1)	1073	727
PB1|PP755595.1|A/cattle/Texas/24-008749-003/2024(H5N1)	1074	731
PB1|PP755595.1|A/cattle/Texas/24-008749-003/2024(H5N1)	1075	734
PB1|PP755595.1|A/cattle/Texas/24-008749-003/2024(H5N1)	1076	738
PB1|PP755595.1|A/cattle/Texas/24-008749-003/2024(H5N1)	1077	739
PB1|PP755595.1|A/cattle/Texas/24-008749-003/2024(H5N1)	1078	732
PB1|PP755595.1|A/cattle/Texas/24-008749-003/2024(H5N1)	1079	734
PB1|PP755595.1|A/cattle/Texas/24-008749-003/2024(H5N1)	1080	738
PB1|PP755595.1|A/cattle/Texas/24-008749-003/2024(H5N1)	1081	740
PB1|PP755595.1|A/cattle/Texas/24-008749-003/2024(H5N1)	1082	743
PB1|PP755595.1|A/cattle/Texas/24-008749-003/2024(H5N1)	1083	729
PB1|PP755595.1|A/cattle/Texas/24-008749-003/2024(H5N1)	1084	719
PB1|PP755595.1|A/cattle/Texas/24-008749-003/2024(H5N1)	1085	720
PB1|PP755595.1|A/cattle/Texas/24-008749-003/2024(H5N1)	1086	718
PB1|PP755595.1|A/cattle/Texas/24-008749-003/2024(H5N1)	1087	713
PB1|PP755595.1|A/cattle/Texas/24-008749-003/2024(H5N1)	1088	713
PB1|PP755595.1|A/cattle/Texas/24-008749-003/2024(H5N1)	1089	711
PB1|PP755595.1|A/cattle/Texas/24-008749-003/2024(H5N1)	1090	677
PB1|PP755595.1|A/cattle/Texas/24-008749-003/2024(H5N1)	1091	671
PB1|PP755595.1|A/cattle/Texas/24-008749-003/2024(H5N1)	1092	667
PB1|PP755595.1|A/cattle/Texas/24-008749-003/2024(H5N1)	1093	684
PB1|PP755595.1|A/cattle/Texas/24-008749-003/2024(H5N1)	1094	685
PB1|PP755595.1|A/cattle/Texas/24-008749-003/2024(H5N1)	1095	690
PB1|PP755595.1|A/cattle/Texas/24-008749-003/2024(H5N1)	1096	744
PB1|PP755595.1|A/cattle/Texas/24-008749-003/2024(H5N1)	1097	777
PB1|PP755595.1|A/cattle/Texas/24-008749-003/2024(H5N1)	1098	781
PB1|PP755595.1|A/cattle/Texas/24-008749-003/2024(H5N1)	1099	791
PB1|PP755595.1|A/cattle/Texas/24-008749-003/2024(H5N1)	1100	816
PB1|PP755595.1|A/cattle/Texas/24-008749-003/2024(H5N1)	1101	815
PB1|PP755595.1|A/cattle/Texas/24-008749-003/2024(H5N1)	1102	805
PB1|PP755595.1|A/cattle/Texas/24-008749-003/2024(H5N1)	1103	819
PB1|PP755595.1|A/cattle/Texas/24-008749-003/2024(H5N1)	1104	820
PB1|PP755595.1|A/cattle/Texas/24-008749-003/2024(H5N1)	1105	820
PB1|PP755595.1|A/cattle/Texas/24-008749-003/2024(H5N1)	1106	804
PB1|PP755595.1|A/cattle/Texas/24-008749-003/2024(H5N1)	1107	798
PB1|PP755595.1|A/cattle/Texas/24-008749-003/2024(H5N1)	1108	807
PB1|PP755595.1|A/cattle/Texas/24-008749-003/2024(H5N1)	1109	810
PB1|PP755595.1|A/cattle/Texas/24-008749-003/2024(H5N1)	1110	810
PB1|PP755595.1|A/cattle/Texas/24-008749-003/2024(H5N1)	1111	810
PB1|PP755595.1|A/cattle/Texas/24-008749-003/2024(H5N1)	1112	810
PB1|PP755595.1|A/cattle/Texas/24-008749-003/2024(H5N1)	1113	800
PB1|PP755595.1|A/cattle/Texas/24-008749-003/2024(H5N1)	1114	784
PB1|PP755595.1|A/cattle/Texas/24-008749-003/2024(H5N1)	1115	779
PB1|PP755595.1|A/cattle/Texas/24-008749-003/2024(H5N1)	1116	774
PB1|PP755595.1|A/cattle/Texas/24-008749-003/2024(H5N1)	1117	764
PB1|PP755595.1|A/cattle/Texas/24-008749-003/2024(H5N1)	1118	752
PB1|PP755595.1|A/cattle/Texas/24-008749-003/2024(H5N1)	1119	597
PB1|PP755595.1|A/cattle/Texas/24-008749-003/2024(H5N1)	1120	597
PB1|PP755595.1|A/cattle/Texas/24-008749-003/2024(H5N1)	1121	597
PB1|PP755595.1|A/cattle/Texas/24-008749-003/2024(H5N1)	1122	596
PB1|PP755595.1|A/cattle/Texas/24-008749-003/2024(H5N1)	1123	596
PB1|PP755595.1|A/cattle/Texas/24-008749-003/2024(H5N1)	1124	596
PB1|PP755595.1|A/cattle/Texas/24-008749-003/2024(H5N1)	1125	596
PB1|PP755595.1|A/cattle/Texas/24-008749-003/2024(H5N1)	1126	596
PB1|PP755595.1|A/cattle/Texas/24-008749-003/2024(H5N1)	1127	596
PB1|PP755595.1|A/cattle/Texas/24-008749-003/2024(H5N1)	1128	596
PB1|PP755595.1|A/cattle/Texas/24-008749-003/2024(H5N1)	1129	596
PB1|PP755595.1|A/cattle/Texas/24-008749-003/2024(H5N1)	1130	596
PB1|PP755595.1|A/cattle/Texas/24-008749-003/2024(H5N1)	1131	596
PB1|PP755595.1|A/cattle/Texas/24-008749-003/2024(H5N1)	1132	596
PB1|PP755595.1|A/cattle/Texas/24-008749-003/2024(H5N1)	1133	596
PB1|PP755595.1|A/cattle/Texas/24-008749-003/2024(H5N1)	1134	596
PB1|PP755595.1|A/cattle/Texas/24-008749-003/2024(H5N1)	1135	870
PB1|PP755595.1|A/cattle/Texas/24-008749-003/2024(H5N1)	1136	870
PB1|PP755595.1|A/cattle/Texas/24-008749-003/2024(H5N1)	1137	878
PB1|PP755595.1|A/cattle/Texas/24-008749-003/2024(H5N1)	1138	884
PB1|PP755595.1|A/cattle/Texas/24-008749-003/2024(H5N1)	1139	887
PB1|PP755595.1|A/cattle/Texas/24-008749-003/2024(H5N1)	1140	892
PB1|PP755595.1|A/cattle/Texas/24-008749-003/2024(H5N1)	1141	892
PB1|PP755595.1|A/cattle/Texas/24-008749-003/2024(H5N1)	1142	893
PB1|PP755595.1|A/cattle/Texas/24-008749-003/2024(H5N1)	1143	895
PB1|PP755595.1|A/cattle/Texas/24-008749-003/2024(H5N1)	1144	895
PB1|PP755595.1|A/cattle/Texas/24-008749-003/2024(H5N1)	1145	898
PB1|PP755595.1|A/cattle/Texas/24-008749-003/2024(H5N1)	1146	903
PB1|PP755595.1|A/cattle/Texas/24-008749-003/2024(H5N1)	1147	904
PB1|PP755595.1|A/cattle/Texas/24-008749-003/2024(H5N1)	1148	904
PB1|PP755595.1|A/cattle/Texas/24-008749-003/2024(H5N1)	1149	904
PB1|PP755595.1|A/cattle/Texas/24-008749-003/2024(H5N1)	1150	905
PB1|PP755595.1|A/cattle/Texas/24-008749-003/2024(H5N1)	1151	916
PB1|PP755595.1|A/cattle/Texas/24-008749-003/2024(H5N1)	1152	918
PB1|PP755595.1|A/cattle/Texas/24-008749-003/2024(H5N1)	1153	919
PB1|PP755595.1|A/cattle/Texas/24-008749-003/2024(H5N1)	1154	923
PB1|PP755595.1|A/cattle/Texas/24-008749-003/2024(H5N1)	1155	923
PB1|PP755595.1|A/cattle/Texas/24-008749-003/2024(H5N1)	1156	919
PB1|PP755595.1|A/cattle/Texas/24-008749-003/2024(H5N1)	1157	893
PB1|PP755595.1|A/cattle/Texas/24-008749-003/2024(H5N1)	1158	903
PB1|PP755595.1|A/cattle/Texas/24-008749-003/2024(H5N1)	1159	908
PB1|PP755595.1|A/cattle/Texas/24-008749-003/2024(H5N1)	1160	908
PB1|PP755595.1|A/cattle/Texas/24-008749-003/2024(H5N1)	1161	908
PB1|PP755595.1|A/cattle/Texas/24-008749-003/2024(H5N1)	1162	913
PB1|PP755595.1|A/cattle/Texas/24-008749-003/2024(H5N1)	1163	915
PB1|PP755595.1|A/cattle/Texas/24-008749-003/2024(H5N1)	1164	891
PB1|PP755595.1|A/cattle/Texas/24-008749-003/2024(H5N1)	1165	890
PB1|PP755595.1|A/cattle/Texas/24-008749-003/2024(H5N1)	1166	889
PB1|PP755595.1|A/cattle/Texas/24-008749-003/2024(H5N1)	1167	769
PB1|PP755595.1|A/cattle/Texas/24-008749-003/2024(H5N1)	1168	769
PB1|PP755595.1|A/cattle/Texas/24-008749-003/2024(H5N1)	1169	769
PB1|PP755595.1|A/cattle/Texas/24-008749-003/2024(H5N1)	1170	768
PB1|PP755595.1|A/cattle/Texas/24-008749-003/2024(H5N1)	1171	771
PB1|PP755595.1|A/cattle/Texas/24-008749-003/2024(H5N1)	1172	772
PB1|PP755595.1|A/cattle/Texas/24-008749-003/2024(H5N1)	1173	784
PB1|PP755595.1|A/cattle/Texas/24-008749-003/2024(H5N1)	1174	821
PB1|PP755595.1|A/cattle/Texas/24-008749-003/2024(H5N1)	1175	821
PB1|PP755595.1|A/cattle/Texas/24-008749-003/2024(H5N1)	1176	826
PB1|PP755595.1|A/cattle/Texas/24-008749-003/2024(H5N1)	1177	826
PB1|PP755595.1|A/cattle/Texas/24-008749-003/2024(H5N1)	1178	836
PB1|PP755595.1|A/cattle/Texas/24-008749-003/2024(H5N1)	1179	846
PB1|PP755595.1|A/cattle/Texas/24-008749-003/2024(H5N1)	1180	873
PB1|PP755595.1|A/cattle/Texas/24-008749-003/2024(H5N1)	1181	882
PB1|PP755595.1|A/cattle/Texas/24-008749-003/2024(H5N1)	1182	886
PB1|PP755595.1|A/cattle/Texas/24-008749-003/2024(H5N1)	1183	929
PB1|PP755595.1|A/cattle/Texas/24-008749-003/2024(H5N1)	1184	933
PB1|PP755595.1|A/cattle/Texas/24-008749-003/2024(H5N1)	1185	947
PB1|PP755595.1|A/cattle/Texas/24-008749-003/2024(H5N1)	1186	970
PB1|PP755595.1|A/cattle/Texas/24-008749-003/2024(H5N1)	1187	972
PB1|PP755595.1|A/cattle/Texas/24-008749-003/2024(H5N1)	1188	976
PB1|PP755595.1|A/cattle/Texas/24-008749-003/2024(H5N1)	1189	978
PB1|PP755595.1|A/cattle/Texas/24-008749-003/2024(H5N1)	1190	978
PB1|PP755595.1|A/cattle/Texas/24-008749-003/2024(H5N1)	1191	990
PB1|PP755595.1|A/cattle/Texas/24-008749-003/2024(H5N1)	1192	990
PB1|PP755595.1|A/cattle/Texas/24-008749-003/2024(H5N1)	1193	972
PB1|PP755595.1|A/cattle/Texas/24-008749-003/2024(H5N1)	1194	965
PB1|PP755595.1|A/cattle/Texas/24-008749-003/2024(H5N1)	1195	966
PB1|PP755595.1|A/cattle/Texas/24-008749-003/2024(H5N1)	1196	966
PB1|PP755595.1|A/cattle/Texas/24-008749-003/2024(H5N1)	1197	938
PB1|PP755595.1|A/cattle/Texas/24-008749-003/2024(H5N1)	1198	938
PB1|PP755595.1|A/cattle/Texas/24-008749-003/2024(H5N1)	1199	940
PB1|PP755595.1|A/cattle/Texas/24-008749-003/2024(H5N1)	1200	941
PB1|PP755595.1|A/cattle/Texas/24-008749-003/2024(H5N1)	1201	1041
PB1|PP755595.1|A/cattle/Texas/24-008749-003/2024(H5N1)	1202	1051
PB1|PP755595.1|A/cattle/Texas/24-008749-003/2024(H5N1)	1203	1068
PB1|PP755595.1|A/cattle/Texas/24-008749-003/2024(H5N1)	1204	1070
PB1|PP755595.1|A/cattle/Texas/24-008749-003/2024(H5N1)	1205	1093
PB1|PP755595.1|A/cattle/Texas/24-008749-003/2024(H5N1)	1206	1099
PB1|PP755595.1|A/cattle/Texas/24-008749-003/2024(H5N1)	1207	1101
PB1|PP755595.1|A/cattle/Texas/24-008749-003/2024(H5N1)	1208	1100
PB1|PP755595.1|A/cattle/Texas/24-008749-003/2024(H5N1)	1209	1001
PB1|PP755595.1|A/cattle/Texas/24-008749-003/2024(H5N1)	1210	1001
PB1|PP755595.1|A/cattle/Texas/24-008749-003/2024(H5N1)	1211	1045
PB1|PP755595.1|A/cattle/Texas/24-008749-003/2024(H5N1)	1212	1051
PB1|PP755595.1|A/cattle/Texas/24-008749-003/2024(H5N1)	1213	1062
PB1|PP755595.1|A/cattle/Texas/24-008749-003/2024(H5N1)	1214	1064
PB1|PP755595.1|A/cattle/Texas/24-008749-003/2024(H5N1)	1215	1069
PB1|PP755595.1|A/cattle/Texas/24-008749-003/2024(H5N1)	1216	1074
PB1|PP755595.1|A/cattle/Texas/24-008749-003/2024(H5N1)	1217	1105
PB1|PP755595.1|A/cattle/Texas/24-008749-003/2024(H5N1)	1218	1112
PB1|PP755595.1|A/cattle/Texas/24-008749-003/2024(H5N1)	1219	1119
PB1|PP755595.1|A/cattle/Texas/24-008749-003/2024(H5N1)	1220	1103
PB1|PP755595.1|A/cattle/Texas/24-008749-003/2024(H5N1)	1221	1112
PB1|PP755595.1|A/cattle/Texas/24-008749-003/2024(H5N1)	1222	1123
PB1|PP755595.1|A/cattle/Texas/24-008749-003/2024(H5N1)	1223	1128
PB1|PP755595.1|A/cattle/Texas/24-008749-003/2024(H5N1)	1224	1129
PB1|PP755595.1|A/cattle/Texas/24-008749-003/2024(H5N1)	1225	1122
PB1|PP755595.1|A/cattle/Texas/24-008749-003/2024(H5N1)	1226	1113
PB1|PP755595.1|A/cattle/Texas/24-008749-003/2024(H5N1)	1227	1115
PB1|PP755595.1|A/cattle/Texas/24-008749-003/2024(H5N1)	1228	1127
PB1|PP755595.1|A/cattle/Texas/24-008749-003/2024(H5N1)	1229	1132
PB1|PP755595.1|A/cattle/Texas/24-008749-003/2024(H5N1)	1230	1123
PB1|PP755595.1|A/cattle/Texas/24-008749-003/2024(H5N1)	1231	1129
PB1|PP755595.1|A/cattle/Texas/24-008749-003/2024(H5N1)	1232	1131
PB1|PP755595.1|A/cattle/Texas/24-008749-003/2024(H5N1)	1233	1142
PB1|PP755595.1|A/cattle/Texas/24-008749-003/2024(H5N1)	1234	1146
PB1|PP755595.1|A/cattle/Texas/24-008749-003/2024(H5N1)	1235	1160
PB1|PP755595.1|A/cattle/Texas/24-008749-003/2024(H5N1)	1236	1155
PB1|PP755595.1|A/cattle/Texas/24-008749-003/2024(H5N1)	1237	1142
PB1|PP755595.1|A/cattle/Texas/24-008749-003/2024(H5N1)	1238	1133
PB1|PP755595.1|A/cattle/Texas/24-008749-003/2024(H5N1)	1239	1133
PB1|PP755595.1|A/cattle/Texas/24-008749-003/2024(H5N1)	1240	1138
PB1|PP755595.1|A/cattle/Texas/24-008749-003/2024(H5N1)	1241	1138
PB1|PP755595.1|A/cattle/Texas/24-008749-003/2024(H5N1)	1242	1154
PB1|PP755595.1|A/cattle/Texas/24-008749-003/2024(H5N1)	1243	1171
PB1|PP755595.1|A/cattle/Texas/24-008749-003/2024(H5N1)	1244	1154
PB1|PP755595.1|A/cattle/Texas/24-008749-003/2024(H5N1)	1245	1167
PB1|PP755595.1|A/cattle/Texas/24-008749-003/2024(H5N1)	1246	1179
PB1|PP755595.1|A/cattle/Texas/24-008749-003/2024(H5N1)	1247	1217
PB1|PP755595.1|A/cattle/Texas/24-008749-003/2024(H5N1)	1248	1183
PB1|PP755595.1|A/cattle/Texas/24-008749-003/2024(H5N1)	1249	1179
PB1|PP755595.1|A/cattle/Texas/24-008749-003/2024(H5N1)	1250	1168
PB1|PP755595.1|A/cattle/Texas/24-008749-003/2024(H5N1)	1251	1140
PB1|PP755595.1|A/cattle/Texas/24-008749-003/2024(H5N1)	1252	1138
PB1|PP755595.1|A/cattle/Texas/24-008749-003/2024(H5N1)	1253	1137
PB1|PP755595.1|A/cattle/Texas/24-008749-003/2024(H5N1)	1254	911
PB1|PP755595.1|A/cattle/Texas/24-008749-003/2024(H5N1)	1255	909
PB1|PP755595.1|A/cattle/Texas/24-008749-003/2024(H5N1)	1256	941
PB1|PP755595.1|A/cattle/Texas/24-008749-003/2024(H5N1)	1257	942
PB1|PP755595.1|A/cattle/Texas/24-008749-003/2024(H5N1)	1258	1149
PB1|PP755595.1|A/cattle/Texas/24-008749-003/2024(H5N1)	1259	1157
PB1|PP755595.1|A/cattle/Texas/24-008749-003/2024(H5N1)	1260	1157
PB1|PP755595.1|A/cattle/Texas/24-008749-003/2024(H5N1)	1261	1158
PB1|PP755595.1|A/cattle/Texas/24-008749-003/2024(H5N1)	1262	1163
PB1|PP755595.1|A/cattle/Texas/24-008749-003/2024(H5N1)	1263	1164
PB1|PP755595.1|A/cattle/Texas/24-008749-003/2024(H5N1)	1264	1183
PB1|PP755595.1|A/cattle/Texas/24-008749-003/2024(H5N1)	1265	1179
PB1|PP755595.1|A/cattle/Texas/24-008749-003/2024(H5N1)	1266	1179
PB1|PP755595.1|A/cattle/Texas/24-008749-003/2024(H5N1)	1267	1183
PB1|PP755595.1|A/cattle/Texas/24-008749-003/2024(H5N1)	1268	1186
PB1|PP755595.1|A/cattle/Texas/24-008749-003/2024(H5N1)	1269	1195
PB1|PP755595.1|A/cattle/Texas/24-008749-003/2024(H5N1)	1270	1200
PB1|PP755595.1|A/cattle/Texas/24-008749-003/2024(H5N1)	1271	1203
PB1|PP755595.1|A/cattle/Texas/24-008749-003/2024(H5N1)	1272	1206
PB1|PP755595.1|A/cattle/Texas/24-008749-003/2024(H5N1)	1273	1207
PB1|PP755595.1|A/cattle/Texas/24-008749-003/2024(H5N1)	1274	1212
PB1|PP755595.1|A/cattle/Texas/24-008749-003/2024(H5N1)	1275	1213
PB1|PP755595.1|A/cattle/Texas/24-008749-003/2024(H5N1)	1276	1183
PB1|PP755595.1|A/cattle/Texas/24-008749-003/2024(H5N1)	1277	1179
PB1|PP755595.1|A/cattle/Texas/24-008749-003/2024(H5N1)	1278	1166
PB1|PP755595.1|A/cattle/Texas/24-008749-003/2024(H5N1)	1279	1167
PB1|PP755595.1|A/cattle/Texas/24-008749-003/2024(H5N1)	1280	1196
PB1|PP755595.1|A/cattle/Texas/24-008749-003/2024(H5N1)	1281	1193
PB1|PP755595.1|A/cattle/Texas/24-008749-003/2024(H5N1)	1282	1193
PB1|PP755595.1|A/cattle/Texas/24-008749-003/2024(H5N1)	1283	1193
PB1|PP755595.1|A/cattle/Texas/24-008749-003/2024(H5N1)	1284	1195
PB1|PP755595.1|A/cattle/Texas/24-008749-003/2024(H5N1)	1285	1203
PB1|PP755595.1|A/cattle/Texas/24-008749-003/2024(H5N1)	1286	1203
PB1|PP755595.1|A/cattle/Texas/24-008749-003/2024(H5N1)	1287	1205
PB1|PP755595.1|A/cattle/Texas/24-008749-003/2024(H5N1)	1288	1200
PB1|PP755595.1|A/cattle/Texas/24-008749-003/2024(H5N1)	1289	1194
PB1|PP755595.1|A/cattle/Texas/24-008749-003/2024(H5N1)	1290	1195
PB1|PP755595.1|A/cattle/Texas/24-008749-003/2024(H5N1)	1291	1200
PB1|PP755595.1|A/cattle/Texas/24-008749-003/2024(H5N1)	1292	1201
PB1|PP755595.1|A/cattle/Texas/24-008749-003/2024(H5N1)	1293	1210
PB1|PP755595.1|A/cattle/Texas/24-008749-003/2024(H5N1)	1294	1212
PB1|PP755595.1|A/cattle/Texas/24-008749-003/2024(H5N1)	1295	1213
PB1|PP755595.1|A/cattle/Texas/24-008749-003/2024(H5N1)	1296	1212
PB1|PP755595.1|A/cattle/Texas/24-008749-003/2024(H5N1)	1297	1207
PB1|PP755595.1|A/cattle/Texas/24-008749-003/2024(H5N1)	1298	1206
PB1|PP755595.1|A/cattle/Texas/24-008749-003/2024(H5N1)	1299	1206
PB1|PP755595.1|A/cattle/Texas/24-008749-003/2024(H5N1)	1300	1243
PB1|PP755595.1|A/cattle/Texas/24-008749-003/2024(H5N1)	1301	1268
PB1|PP755595.1|A/cattle/Texas/24-008749-003/2024(H5N1)	1302	1256
PB1|PP755595.1|A/cattle/Texas/24-008749-003/2024(H5N1)	1303	1262
PB1|PP755595.1|A/cattle/Texas/24-008749-003/2024(H5N1)	1304	1260
PB1|PP755595.1|A/cattle/Texas/24-008749-003/2024(H5N1)	1305	1270
PB1|PP755595.1|A/cattle/Texas/24-008749-003/2024(H5N1)	1306	1284
PB1|PP755595.1|A/cattle/Texas/24-008749-003/2024(H5N1)	1307	1284
PB1|PP755595.1|A/cattle/Texas/24-008749-003/2024(H5N1)	1308	1295
PB1|PP755595.1|A/cattle/Texas/24-008749-003/2024(H5N1)	1309	1255
PB1|PP755595.1|A/cattle/Texas/24-008749-003/2024(H5N1)	1310	1273
PB1|PP755595.1|A/cattle/Texas/24-008749-003/2024(H5N1)	1311	1272
PB1|PP755595.1|A/cattle/Texas/24-008749-003/2024(H5N1)	1312	1268
PB1|PP755595.1|A/cattle/Texas/24-008749-003/2024(H5N1)	1313	1265
PB1|PP755595.1|A/cattle/Texas/24-008749-003/2024(H5N1)	1314	1262
PB1|PP755595.1|A/cattle/Texas/24-008749-003/2024(H5N1)	1315	1264
PB1|PP755595.1|A/cattle/Texas/24-008749-003/2024(H5N1)	1316	1277
PB1|PP755595.1|A/cattle/Texas/24-008749-003/2024(H5N1)	1317	1262
PB1|PP755595.1|A/cattle/Texas/24-008749-003/2024(H5N1)	1318	1263
PB1|PP755595.1|A/cattle/Texas/24-008749-003/2024(H5N1)	1319	1254
PB1|PP755595.1|A/cattle/Texas/24-008749-003/2024(H5N1)	1320	1255
PB1|PP755595.1|A/cattle/Texas/24-008749-003/2024(H5N1)	1321	1292
PB1|PP755595.1|A/cattle/Texas/24-008749-003/2024(H5N1)	1322	1290
PB1|PP755595.1|A/cattle/Texas/24-008749-003/2024(H5N1)	1323	1280
PB1|PP755595.1|A/cattle/Texas/24-008749-003/2024(H5N1)	1324	1272
PB1|PP755595.1|A/cattle/Texas/24-008749-003/2024(H5N1)	1325	1269
PB1|PP755595.1|A/cattle/Texas/24-008749-003/2024(H5N1)	1326	1274
PB1|PP755595.1|A/cattle/Texas/24-008749-003/2024(H5N1)	1327	1269
PB1|PP755595.1|A/cattle/Texas/24-008749-003/2024(H5N1)	1328	1251
PB1|PP755595.1|A/cattle/Texas/24-008749-003/2024(H5N1)	1329	1239
PB1|PP755595.1|A/cattle/Texas/24-008749-003/2024(H5N1)	1330	1224
PB1|PP755595.1|A/cattle/Texas/24-008749-003/2024(H5N1)	1331	1186
PB1|PP755595.1|A/cattle/Texas/24-008749-003/2024(H5N1)	1332	1175
PB1|PP755595.1|A/cattle/Texas/24-008749-003/2024(H5N1)	1333	1174
PB1|PP755595.1|A/cattle/Texas/24-008749-003/2024(H5N1)	1334	1174
PB1|PP755595.1|A/cattle/Texas/24-008749-003/2024(H5N1)	1335	1168
PB1|PP755595.1|A/cattle/Texas/24-008749-003/2024(H5N1)	1336	1155
PB1|PP755595.1|A/cattle/Texas/24-008749-003/2024(H5N1)	1337	1141
PB1|PP755595.1|A/cattle/Texas/24-008749-003/2024(H5N1)	1338	888
PB1|PP755595.1|A/cattle/Texas/24-008749-003/2024(H5N1)	1339	886
PB1|PP755595.1|A/cattle/Texas/24-008749-003/2024(H5N1)	1340	885
PB1|PP755595.1|A/cattle/Texas/24-008749-003/2024(H5N1)	1341	874
PB1|PP755595.1|A/cattle/Texas/24-008749-003/2024(H5N1)	1342	875
PB1|PP755595.1|A/cattle/Texas/24-008749-003/2024(H5N1)	1343	877
PB1|PP755595.1|A/cattle/Texas/24-008749-003/2024(H5N1)	1344	875
PB1|PP755595.1|A/cattle/Texas/24-008749-003/2024(H5N1)	1345	879
PB1|PP755595.1|A/cattle/Texas/24-008749-003/2024(H5N1)	1346	879
PB1|PP755595.1|A/cattle/Texas/24-008749-003/2024(H5N1)	1347	906
PB1|PP755595.1|A/cattle/Texas/24-008749-003/2024(H5N1)	1348	907
PB1|PP755595.1|A/cattle/Texas/24-008749-003/2024(H5N1)	1349	907
PB1|PP755595.1|A/cattle/Texas/24-008749-003/2024(H5N1)	1350	905
PB1|PP755595.1|A/cattle/Texas/24-008749-003/2024(H5N1)	1351	915
PB1|PP755595.1|A/cattle/Texas/24-008749-003/2024(H5N1)	1352	932
PB1|PP755595.1|A/cattle/Texas/24-008749-003/2024(H5N1)	1353	932
PB1|PP755595.1|A/cattle/Texas/24-008749-003/2024(H5N1)	1354	940
PB1|PP755595.1|A/cattle/Texas/24-008749-003/2024(H5N1)	1355	942
PB1|PP755595.1|A/cattle/Texas/24-008749-003/2024(H5N1)	1356	942
PB1|PP755595.1|A/cattle/Texas/24-008749-003/2024(H5N1)	1357	946
PB1|PP755595.1|A/cattle/Texas/24-008749-003/2024(H5N1)	1358	963
PB1|PP755595.1|A/cattle/Texas/24-008749-003/2024(H5N1)	1359	959
PB1|PP755595.1|A/cattle/Texas/24-008749-003/2024(H5N1)	1360	966
PB1|PP755595.1|A/cattle/Texas/24-008749-003/2024(H5N1)	1361	966
PB1|PP755595.1|A/cattle/Texas/24-008749-003/2024(H5N1)	1362	967
PB1|PP755595.1|A/cattle/Texas/24-008749-003/2024(H5N1)	1363	1058
PB1|PP755595.1|A/cattle/Texas/24-008749-003/2024(H5N1)	1364	1062
PB1|PP755595.1|A/cattle/Texas/24-008749-003/2024(H5N1)	1365	1070
PB1|PP755595.1|A/cattle/Texas/24-008749-003/2024(H5N1)	1366	1069
PB1|PP755595.1|A/cattle/Texas/24-008749-003/2024(H5N1)	1367	1066
PB1|PP755595.1|A/cattle/Texas/24-008749-003/2024(H5N1)	1368	1065
PB1|PP755595.1|A/cattle/Texas/24-008749-003/2024(H5N1)	1369	1065
PB1|PP755595.1|A/cattle/Texas/24-008749-003/2024(H5N1)	1370	1074
PB1|PP755595.1|A/cattle/Texas/24-008749-003/2024(H5N1)	1371	1078
PB1|PP755595.1|A/cattle/Texas/24-008749-003/2024(H5N1)	1372	1109
PB1|PP755595.1|A/cattle/Texas/24-008749-003/2024(H5N1)	1373	1121
PB1|PP755595.1|A/cattle/Texas/24-008749-003/2024(H5N1)	1374	1120
PB1|PP755595.1|A/cattle/Texas/24-008749-003/2024(H5N1)	1375	1173
PB1|PP755595.1|A/cattle/Texas/24-008749-003/2024(H5N1)	1376	1175
PB1|PP755595.1|A/cattle/Texas/24-008749-003/2024(H5N1)	1377	1178
PB1|PP755595.1|A/cattle/Texas/24-008749-003/2024(H5N1)	1378	1162
PB1|PP755595.1|A/cattle/Texas/24-008749-003/2024(H5N1)	1379	1164
PB1|PP755595.1|A/cattle/Texas/24-008749-003/2024(H5N1)	1380	1161
PB1|PP755595.1|A/cattle/Texas/24-008749-003/2024(H5N1)	1381	1161
PB1|PP755595.1|A/cattle/Texas/24-008749-003/2024(H5N1)	1382	1162
PB1|PP755595.1|A/cattle/Texas/24-008749-003/2024(H5N1)	1383	1157
PB1|PP755595.1|A/cattle/Texas/24-008749-003/2024(H5N1)	1384	1161
PB1|PP755595.1|A/cattle/Texas/24-008749-003/2024(H5N1)	1385	1162
PB1|PP755595.1|A/cattle/Texas/24-008749-003/2024(H5N1)	1386	1145
PB1|PP755595.1|A/cattle/Texas/24-008749-003/2024(H5N1)	1387	1144
PB1|PP755595.1|A/cattle/Texas/24-008749-003/2024(H5N1)	1388	1141
PB1|PP755595.1|A/cattle/Texas/24-008749-003/2024(H5N1)	1389	984
PB1|PP755595.1|A/cattle/Texas/24-008749-003/2024(H5N1)	1390	988
PB1|PP755595.1|A/cattle/Texas/24-008749-003/2024(H5N1)	1391	980
PB1|PP755595.1|A/cattle/Texas/24-008749-003/2024(H5N1)	1392	979
PB1|PP755595.1|A/cattle/Texas/24-008749-003/2024(H5N1)	1393	979
PB1|PP755595.1|A/cattle/Texas/24-008749-003/2024(H5N1)	1394	991
PB1|PP755595.1|A/cattle/Texas/24-008749-003/2024(H5N1)	1395	1077
PB1|PP755595.1|A/cattle/Texas/24-008749-003/2024(H5N1)	1396	1165
PB1|PP755595.1|A/cattle/Texas/24-008749-003/2024(H5N1)	1397	1166
PB1|PP755595.1|A/cattle/Texas/24-008749-003/2024(H5N1)	1398	1213
PB1|PP755595.1|A/cattle/Texas/24-008749-003/2024(H5N1)	1399	1213
PB1|PP755595.1|A/cattle/Texas/24-008749-003/2024(H5N1)	1400	1215
PB1|PP755595.1|A/cattle/Texas/24-008749-003/2024(H5N1)	1401	1211
PB1|PP755595.1|A/cattle/Texas/24-008749-003/2024(H5N1)	1402	1206
PB1|PP755595.1|A/cattle/Texas/24-008749-003/2024(H5N1)	1403	1107
PB1|PP755595.1|A/cattle/Texas/24-008749-003/2024(H5N1)	1404	1040
PB1|PP755595.1|A/cattle/Texas/24-008749-003/2024(H5N1)	1405	1046
PB1|PP755595.1|A/cattle/Texas/24-008749-003/2024(H5N1)	1406	1071
PB1|PP755595.1|A/cattle/Texas/24-008749-003/2024(H5N1)	1407	1034
PB1|PP755595.1|A/cattle/Texas/24-008749-003/2024(H5N1)	1408	1030
PB1|PP755595.1|A/cattle/Texas/24-008749-003/2024(H5N1)	1409	1037
PB1|PP755595.1|A/cattle/Texas/24-008749-003/2024(H5N1)	1410	1043
PB1|PP755595.1|A/cattle/Texas/24-008749-003/2024(H5N1)	1411	1043
PB1|PP755595.1|A/cattle/Texas/24-008749-003/2024(H5N1)	1412	1044
PB1|PP755595.1|A/cattle/Texas/24-008749-003/2024(H5N1)	1413	1038
PB1|PP755595.1|A/cattle/Texas/24-008749-003/2024(H5N1)	1414	1041
PB1|PP755595.1|A/cattle/Texas/24-008749-003/2024(H5N1)	1415	1022
PB1|PP755595.1|A/cattle/Texas/24-008749-003/2024(H5N1)	1416	1029
PB1|PP755595.1|A/cattle/Texas/24-008749-003/2024(H5N1)	1417	1032
PB1|PP755595.1|A/cattle/Texas/24-008749-003/2024(H5N1)	1418	1028
PB1|PP755595.1|A/cattle/Texas/24-008749-003/2024(H5N1)	1419	1020
PB1|PP755595.1|A/cattle/Texas/24-008749-003/2024(H5N1)	1420	1021
PB1|PP755595.1|A/cattle/Texas/24-008749-003/2024(H5N1)	1421	1065
PB1|PP755595.1|A/cattle/Texas/24-008749-003/2024(H5N1)	1422	1067
PB1|PP755595.1|A/cattle/Texas/24-008749-003/2024(H5N1)	1423	1115
PB1|PP755595.1|A/cattle/Texas/24-008749-003/2024(H5N1)	1424	1122
PB1|PP755595.1|A/cattle/Texas/24-008749-003/2024(H5N1)	1425	1123
PB1|PP755595.1|A/cattle/Texas/24-008749-003/2024(H5N1)	1426	1118
PB1|PP755595.1|A/cattle/Texas/24-008749-003/2024(H5N1)	1427	1130
PB1|PP755595.1|A/cattle/Texas/24-008749-003/2024(H5N1)	1428	1132
PB1|PP755595.1|A/cattle/Texas/24-008749-003/2024(H5N1)	1429	1148
PB1|PP755595.1|A/cattle/Texas/24-008749-003/2024(H5N1)	1430	1117
PB1|PP755595.1|A/cattle/Texas/24-008749-003/2024(H5N1)	1431	1115
PB1|PP755595.1|A/cattle/Texas/24-008749-003/2024(H5N1)	1432	1116
PB1|PP755595.1|A/cattle/Texas/24-008749-003/2024(H5N1)	1433	1116
PB1|PP755595.1|A/cattle/Texas/24-008749-003/2024(H5N1)	1434	1113
PB1|PP755595.1|A/cattle/Texas/24-008749-003/2024(H5N1)	1435	1128
PB1|PP755595.1|A/cattle/Texas/24-008749-003/2024(H5N1)	1436	1140
PB1|PP755595.1|A/cattle/Texas/24-008749-003/2024(H5N1)	1437	1146
PB1|PP755595.1|A/cattle/Texas/24-008749-003/2024(H5N1)	1438	1147
PB1|PP755595.1|A/cattle/Texas/24-008749-003/2024(H5N1)	1439	1145
PB1|PP755595.1|A/cattle/Texas/24-008749-003/2024(H5N1)	1440	1145
PB1|PP755595.1|A/cattle/Texas/24-008749-003/2024(H5N1)	1441	1144
PB1|PP755595.1|A/cattle/Texas/24-008749-003/2024(H5N1)	1442	1137
PB1|PP755595.1|A/cattle/Texas/24-008749-003/2024(H5N1)	1443	1176
PB1|PP755595.1|A/cattle/Texas/24-008749-003/2024(H5N1)	1444	1192
PB1|PP755595.1|A/cattle/Texas/24-008749-003/2024(H5N1)	1445	1188
PB1|PP755595.1|A/cattle/Texas/24-008749-003/2024(H5N1)	1446	1211
PB1|PP755595.1|A/cattle/Texas/24-008749-003/2024(H5N1)	1447	1219
PB1|PP755595.1|A/cattle/Texas/24-008749-003/2024(H5N1)	1448	1235
PB1|PP755595.1|A/cattle/Texas/24-008749-003/2024(H5N1)	1449	1234
PB1|PP755595.1|A/cattle/Texas/24-008749-003/2024(H5N1)	1450	1239
PB1|PP755595.1|A/cattle/Texas/24-008749-003/2024(H5N1)	1451	1219
PB1|PP755595.1|A/cattle/Texas/24-008749-003/2024(H5N1)	1452	1194
PB1|PP755595.1|A/cattle/Texas/24-008749-003/2024(H5N1)	1453	1198
PB1|PP755595.1|A/cattle/Texas/24-008749-003/2024(H5N1)	1454	1189
PB1|PP755595.1|A/cattle/Texas/24-008749-003/2024(H5N1)	1455	1187
PB1|PP755595.1|A/cattle/Texas/24-008749-003/2024(H5N1)	1456	1175
PB1|PP755595.1|A/cattle/Texas/24-008749-003/2024(H5N1)	1457	1162
PB1|PP755595.1|A/cattle/Texas/24-008749-003/2024(H5N1)	1458	1172
PB1|PP755595.1|A/cattle/Texas/24-008749-003/2024(H5N1)	1459	1175
PB1|PP755595.1|A/cattle/Texas/24-008749-003/2024(H5N1)	1460	1160
PB1|PP755595.1|A/cattle/Texas/24-008749-003/2024(H5N1)	1461	1159
PB1|PP755595.1|A/cattle/Texas/24-008749-003/2024(H5N1)	1462	1162
PB1|PP755595.1|A/cattle/Texas/24-008749-003/2024(H5N1)	1463	1168
PB1|PP755595.1|A/cattle/Texas/24-008749-003/2024(H5N1)	1464	1169
PB1|PP755595.1|A/cattle/Texas/24-008749-003/2024(H5N1)	1465	1197
PB1|PP755595.1|A/cattle/Texas/24-008749-003/2024(H5N1)	1466	1200
PB1|PP755595.1|A/cattle/Texas/24-008749-003/2024(H5N1)	1467	1192
PB1|PP755595.1|A/cattle/Texas/24-008749-003/2024(H5N1)	1468	1194
PB1|PP755595.1|A/cattle/Texas/24-008749-003/2024(H5N1)	1469	1190
PB1|PP755595.1|A/cattle/Texas/24-008749-003/2024(H5N1)	1470	1189
PB1|PP755595.1|A/cattle/Texas/24-008749-003/2024(H5N1)	1471	1189
PB1|PP755595.1|A/cattle/Texas/24-008749-003/2024(H5N1)	1472	1161
PB1|PP755595.1|A/cattle/Texas/24-008749-003/2024(H5N1)	1473	1161
PB1|PP755595.1|A/cattle/Texas/24-008749-003/2024(H5N1)	1474	1177
PB1|PP755595.1|A/cattle/Texas/24-008749-003/2024(H5N1)	1475	1178
PB1|PP755595.1|A/cattle/Texas/24-008749-003/2024(H5N1)	1476	1182
PB1|PP755595.1|A/cattle/Texas/24-008749-003/2024(H5N1)	1477	1177
PB1|PP755595.1|A/cattle/Texas/24-008749-003/2024(H5N1)	1478	1184
PB1|PP755595.1|A/cattle/Texas/24-008749-003/2024(H5N1)	1479	1184
PB1|PP755595.1|A/cattle/Texas/24-008749-003/2024(H5N1)	1480	1181
PB1|PP755595.1|A/cattle/Texas/24-008749-003/2024(H5N1)	1481	1175
PB1|PP755595.1|A/cattle/Texas/24-008749-003/2024(H5N1)	1482	1183
PB1|PP755595.1|A/cattle/Texas/24-008749-003/2024(H5N1)	1483	1191
PB1|PP755595.1|A/cattle/Texas/24-008749-003/2024(H5N1)	1484	1190
PB1|PP755595.1|A/cattle/Texas/24-008749-003/2024(H5N1)	1485	1189
PB1|PP755595.1|A/cattle/Texas/24-008749-003/2024(H5N1)	1486	1195
PB1|PP755595.1|A/cattle/Texas/24-008749-003/2024(H5N1)	1487	1191
PB1|PP755595.1|A/cattle/Texas/24-008749-003/2024(H5N1)	1488	1202
PB1|PP755595.1|A/cattle/Texas/24-008749-003/2024(H5N1)	1489	1197
PB1|PP755595.1|A/cattle/Texas/24-008749-003/2024(H5N1)	1490	1197
PB1|PP755595.1|A/cattle/Texas/24-008749-003/2024(H5N1)	1491	1198
PB1|PP755595.1|A/cattle/Texas/24-008749-003/2024(H5N1)	1492	1203
PB1|PP755595.1|A/cattle/Texas/24-008749-003/2024(H5N1)	1493	1213
PB1|PP755595.1|A/cattle/Texas/24-008749-003/2024(H5N1)	1494	1217
PB1|PP755595.1|A/cattle/Texas/24-008749-003/2024(H5N1)	1495	1223
PB1|PP755595.1|A/cattle/Texas/24-008749-003/2024(H5N1)	1496	1225
PB1|PP755595.1|A/cattle/Texas/24-008749-003/2024(H5N1)	1497	1225
PB1|PP755595.1|A/cattle/Texas/24-008749-003/2024(H5N1)	1498	1198
PB1|PP755595.1|A/cattle/Texas/24-008749-003/2024(H5N1)	1499	1223
PB1|PP755595.1|A/cattle/Texas/24-008749-003/2024(H5N1)	1500	1216
PB1|PP755595.1|A/cattle/Texas/24-008749-003/2024(H5N1)	1501	1215
PB1|PP755595.1|A/cattle/Texas/24-008749-003/2024(H5N1)	1502	1202
PB1|PP755595.1|A/cattle/Texas/24-008749-003/2024(H5N1)	1503	1187
PB1|PP755595.1|A/cattle/Texas/24-008749-003/2024(H5N1)	1504	1185
PB1|PP755595.1|A/cattle/Texas/24-008749-003/2024(H5N1)	1505	1184
PB1|PP755595.1|A/cattle/Texas/24-008749-003/2024(H5N1)	1506	1039
PB1|PP755595.1|A/cattle/Texas/24-008749-003/2024(H5N1)	1507	1044
PB1|PP755595.1|A/cattle/Texas/24-008749-003/2024(H5N1)	1508	1021
PB1|PP755595.1|A/cattle/Texas/24-008749-003/2024(H5N1)	1509	1019
PB1|PP755595.1|A/cattle/Texas/24-008749-003/2024(H5N1)	1510	1020
PB1|PP755595.1|A/cattle/Texas/24-008749-003/2024(H5N1)	1511	1023
PB1|PP755595.1|A/cattle/Texas/24-008749-003/2024(H5N1)	1512	1086
PB1|PP755595.1|A/cattle/Texas/24-008749-003/2024(H5N1)	1513	1105
PB1|PP755595.1|A/cattle/Texas/24-008749-003/2024(H5N1)	1514	1114
PB1|PP755595.1|A/cattle/Texas/24-008749-003/2024(H5N1)	1515	1115
PB1|PP755595.1|A/cattle/Texas/24-008749-003/2024(H5N1)	1516	1116
PB1|PP755595.1|A/cattle/Texas/24-008749-003/2024(H5N1)	1517	1187
PB1|PP755595.1|A/cattle/Texas/24-008749-003/2024(H5N1)	1518	1227
PB1|PP755595.1|A/cattle/Texas/24-008749-003/2024(H5N1)	1519	1230
PB1|PP755595.1|A/cattle/Texas/24-008749-003/2024(H5N1)	1520	1233
PB1|PP755595.1|A/cattle/Texas/24-008749-003/2024(H5N1)	1521	1233
PB1|PP755595.1|A/cattle/Texas/24-008749-003/2024(H5N1)	1522	1243
PB1|PP755595.1|A/cattle/Texas/24-008749-003/2024(H5N1)	1523	1233
PB1|PP755595.1|A/cattle/Texas/24-008749-003/2024(H5N1)	1524	1224
PB1|PP755595.1|A/cattle/Texas/24-008749-003/2024(H5N1)	1525	1248
PB1|PP755595.1|A/cattle/Texas/24-008749-003/2024(H5N1)	1526	1251
PB1|PP755595.1|A/cattle/Texas/24-008749-003/2024(H5N1)	1527	1274
PB1|PP755595.1|A/cattle/Texas/24-008749-003/2024(H5N1)	1528	1285
PB1|PP755595.1|A/cattle/Texas/24-008749-003/2024(H5N1)	1529	1293
PB1|PP755595.1|A/cattle/Texas/24-008749-003/2024(H5N1)	1530	1292
PB1|PP755595.1|A/cattle/Texas/24-008749-003/2024(H5N1)	1531	1271
PB1|PP755595.1|A/cattle/Texas/24-008749-003/2024(H5N1)	1532	1321
PB1|PP755595.1|A/cattle/Texas/24-008749-003/2024(H5N1)	1533	1301
PB1|PP755595.1|A/cattle/Texas/24-008749-003/2024(H5N1)	1534	1301
PB1|PP755595.1|A/cattle/Texas/24-008749-003/2024(H5N1)	1535	1302
PB1|PP755595.1|A/cattle/Texas/24-008749-003/2024(H5N1)	1536	1287
PB1|PP755595.1|A/cattle/Texas/24-008749-003/2024(H5N1)	1537	1287
PB1|PP755595.1|A/cattle/Texas/24-008749-003/2024(H5N1)	1538	1276
PB1|PP755595.1|A/cattle/Texas/24-008749-003/2024(H5N1)	1539	1295
PB1|PP755595.1|A/cattle/Texas/24-008749-003/2024(H5N1)	1540	1281
PB1|PP755595.1|A/cattle/Texas/24-008749-003/2024(H5N1)	1541	1270
PB1|PP755595.1|A/cattle/Texas/24-008749-003/2024(H5N1)	1542	1273
PB1|PP755595.1|A/cattle/Texas/24-008749-003/2024(H5N1)	1543	1278
PB1|PP755595.1|A/cattle/Texas/24-008749-003/2024(H5N1)	1544	1193
PB1|PP755595.1|A/cattle/Texas/24-008749-003/2024(H5N1)	1545	1180
PB1|PP755595.1|A/cattle/Texas/24-008749-003/2024(H5N1)	1546	1179
PB1|PP755595.1|A/cattle/Texas/24-008749-003/2024(H5N1)	1547	1183
PB1|PP755595.1|A/cattle/Texas/24-008749-003/2024(H5N1)	1548	1187
PB1|PP755595.1|A/cattle/Texas/24-008749-003/2024(H5N1)	1549	1155
PB1|PP755595.1|A/cattle/Texas/24-008749-003/2024(H5N1)	1550	1155
PB1|PP755595.1|A/cattle/Texas/24-008749-003/2024(H5N1)	1551	1164
PB1|PP755595.1|A/cattle/Texas/24-008749-003/2024(H5N1)	1552	1162
PB1|PP755595.1|A/cattle/Texas/24-008749-003/2024(H5N1)	1553	1167
PB1|PP755595.1|A/cattle/Texas/24-008749-003/2024(H5N1)	1554	1167
PB1|PP755595.1|A/cattle/Texas/24-008749-003/2024(H5N1)	1555	1166
PB1|PP755595.1|A/cattle/Texas/24-008749-003/2024(H5N1)	1556	1169
PB1|PP755595.1|A/cattle/Texas/24-008749-003/2024(H5N1)	1557	1143
PB1|PP755595.1|A/cattle/Texas/24-008749-003/2024(H5N1)	1558	1146
PB1|PP755595.1|A/cattle/Texas/24-008749-003/2024(H5N1)	1559	1140
PB1|PP755595.1|A/cattle/Texas/24-008749-003/2024(H5N1)	1560	1129
PB1|PP755595.1|A/cattle/Texas/24-008749-003/2024(H5N1)	1561	1137
PB1|PP755595.1|A/cattle/Texas/24-008749-003/2024(H5N1)	1562	1136
PB1|PP755595.1|A/cattle/Texas/24-008749-003/2024(H5N1)	1563	1139
PB1|PP755595.1|A/cattle/Texas/24-008749-003/2024(H5N1)	1564	1188
PB1|PP755595.1|A/cattle/Texas/24-008749-003/2024(H5N1)	1565	1188
PB1|PP755595.1|A/cattle/Texas/24-008749-003/2024(H5N1)	1566	1188
PB1|PP755595.1|A/cattle/Texas/24-008749-003/2024(H5N1)	1567	1192
PB1|PP755595.1|A/cattle/Texas/24-008749-003/2024(H5N1)	1568	1177
PB1|PP755595.1|A/cattle/Texas/24-008749-003/2024(H5N1)	1569	1187
PB1|PP755595.1|A/cattle/Texas/24-008749-003/2024(H5N1)	1570	1175
PB1|PP755595.1|A/cattle/Texas/24-008749-003/2024(H5N1)	1571	1194
PB1|PP755595.1|A/cattle/Texas/24-008749-003/2024(H5N1)	1572	1149
PB1|PP755595.1|A/cattle/Texas/24-008749-003/2024(H5N1)	1573	1137
PB1|PP755595.1|A/cattle/Texas/24-008749-003/2024(H5N1)	1574	1135
PB1|PP755595.1|A/cattle/Texas/24-008749-003/2024(H5N1)	1575	1129
PB1|PP755595.1|A/cattle/Texas/24-008749-003/2024(H5N1)	1576	1125
PB1|PP755595.1|A/cattle/Texas/24-008749-003/2024(H5N1)	1577	1124
PB1|PP755595.1|A/cattle/Texas/24-008749-003/2024(H5N1)	1578	1111
PB1|PP755595.1|A/cattle/Texas/24-008749-003/2024(H5N1)	1579	1110
PB1|PP755595.1|A/cattle/Texas/24-008749-003/2024(H5N1)	1580	1094
PB1|PP755595.1|A/cattle/Texas/24-008749-003/2024(H5N1)	1581	1098
PB1|PP755595.1|A/cattle/Texas/24-008749-003/2024(H5N1)	1582	1121
PB1|PP755595.1|A/cattle/Texas/24-008749-003/2024(H5N1)	1583	1133
PB1|PP755595.1|A/cattle/Texas/24-008749-003/2024(H5N1)	1584	1131
PB1|PP755595.1|A/cattle/Texas/24-008749-003/2024(H5N1)	1585	1164
PB1|PP755595.1|A/cattle/Texas/24-008749-003/2024(H5N1)	1586	1166
PB1|PP755595.1|A/cattle/Texas/24-008749-003/2024(H5N1)	1587	1164
PB1|PP755595.1|A/cattle/Texas/24-008749-003/2024(H5N1)	1588	1162
PB1|PP755595.1|A/cattle/Texas/24-008749-003/2024(H5N1)	1589	1158
PB1|PP755595.1|A/cattle/Texas/24-008749-003/2024(H5N1)	1590	1158
PB1|PP755595.1|A/cattle/Texas/24-008749-003/2024(H5N1)	1591	1160
PB1|PP755595.1|A/cattle/Texas/24-008749-003/2024(H5N1)	1592	1158
PB1|PP755595.1|A/cattle/Texas/24-008749-003/2024(H5N1)	1593	1163
PB1|PP755595.1|A/cattle/Texas/24-008749-003/2024(H5N1)	1594	1128
PB1|PP755595.1|A/cattle/Texas/24-008749-003/2024(H5N1)	1595	1129
PB1|PP755595.1|A/cattle/Texas/24-008749-003/2024(H5N1)	1596	1132
PB1|PP755595.1|A/cattle/Texas/24-008749-003/2024(H5N1)	1597	1105
PB1|PP755595.1|A/cattle/Texas/24-008749-003/2024(H5N1)	1598	1105
PB1|PP755595.1|A/cattle/Texas/24-008749-003/2024(H5N1)	1599	1130
PB1|PP755595.1|A/cattle/Texas/24-008749-003/2024(H5N1)	1600	1130
PB1|PP755595.1|A/cattle/Texas/24-008749-003/2024(H5N1)	1601	1126
PB1|PP755595.1|A/cattle/Texas/24-008749-003/2024(H5N1)	1602	1115
PB1|PP755595.1|A/cattle/Texas/24-008749-003/2024(H5N1)	1603	1110
PB1|PP755595.1|A/cattle/Texas/24-008749-003/2024(H5N1)	1604	1104
PB1|PP755595.1|A/cattle/Texas/24-008749-003/2024(H5N1)	1605	1104
PB1|PP755595.1|A/cattle/Texas/24-008749-003/2024(H5N1)	1606	1117
PB1|PP755595.1|A/cattle/Texas/24-008749-003/2024(H5N1)	1607	1118
PB1|PP755595.1|A/cattle/Texas/24-008749-003/2024(H5N1)	1608	1110
PB1|PP755595.1|A/cattle/Texas/24-008749-003/2024(H5N1)	1609	1110
PB1|PP755595.1|A/cattle/Texas/24-008749-003/2024(H5N1)	1610	1110
PB1|PP755595.1|A/cattle/Texas/24-008749-003/2024(H5N1)	1611	1102
PB1|PP755595.1|A/cattle/Texas/24-008749-003/2024(H5N1)	1612	1102
PB1|PP755595.1|A/cattle/Texas/24-008749-003/2024(H5N1)	1613	1100
PB1|PP755595.1|A/cattle/Texas/24-008749-003/2024(H5N1)	1614	1094
PB1|PP755595.1|A/cattle/Texas/24-008749-003/2024(H5N1)	1615	1122
PB1|PP755595.1|A/cattle/Texas/24-008749-003/2024(H5N1)	1616	1097
PB1|PP755595.1|A/cattle/Texas/24-008749-003/2024(H5N1)	1617	1101
PB1|PP755595.1|A/cattle/Texas/24-008749-003/2024(H5N1)	1618	1101
PB1|PP755595.1|A/cattle/Texas/24-008749-003/2024(H5N1)	1619	1105
PB1|PP755595.1|A/cattle/Texas/24-008749-003/2024(H5N1)	1620	1121
PB1|PP755595.1|A/cattle/Texas/24-008749-003/2024(H5N1)	1621	1120
PB1|PP755595.1|A/cattle/Texas/24-008749-003/2024(H5N1)	1622	1097
PB1|PP755595.1|A/cattle/Texas/24-008749-003/2024(H5N1)	1623	1068
PB1|PP755595.1|A/cattle/Texas/24-008749-003/2024(H5N1)	1624	1071
PB1|PP755595.1|A/cattle/Texas/24-008749-003/2024(H5N1)	1625	1101
PB1|PP755595.1|A/cattle/Texas/24-008749-003/2024(H5N1)	1626	1100
PB1|PP755595.1|A/cattle/Texas/24-008749-003/2024(H5N1)	1627	1097
PB1|PP755595.1|A/cattle/Texas/24-008749-003/2024(H5N1)	1628	1098
PB1|PP755595.1|A/cattle/Texas/24-008749-003/2024(H5N1)	1629	1071
PB1|PP755595.1|A/cattle/Texas/24-008749-003/2024(H5N1)	1630	1071
PB1|PP755595.1|A/cattle/Texas/24-008749-003/2024(H5N1)	1631	1060
PB1|PP755595.1|A/cattle/Texas/24-008749-003/2024(H5N1)	1632	1056
PB1|PP755595.1|A/cattle/Texas/24-008749-003/2024(H5N1)	1633	1053
PB1|PP755595.1|A/cattle/Texas/24-008749-003/2024(H5N1)	1634	1052
PB1|PP755595.1|A/cattle/Texas/24-008749-003/2024(H5N1)	1635	1052
PB1|PP755595.1|A/cattle/Texas/24-008749-003/2024(H5N1)	1636	1052
PB1|PP755595.1|A/cattle/Texas/24-008749-003/2024(H5N1)	1637	1047
PB1|PP755595.1|A/cattle/Texas/24-008749-003/2024(H5N1)	1638	1046
PB1|PP755595.1|A/cattle/Texas/24-008749-003/2024(H5N1)	1639	1036
PB1|PP755595.1|A/cattle/Texas/24-008749-003/2024(H5N1)	1640	1034
PB1|PP755595.1|A/cattle/Texas/24-008749-003/2024(H5N1)	1641	967
PB1|PP755595.1|A/cattle/Texas/24-008749-003/2024(H5N1)	1642	954
PB1|PP755595.1|A/cattle/Texas/24-008749-003/2024(H5N1)	1643	952
PB1|PP755595.1|A/cattle/Texas/24-008749-003/2024(H5N1)	1644	951
PB1|PP755595.1|A/cattle/Texas/24-008749-003/2024(H5N1)	1645	951
PB1|PP755595.1|A/cattle/Texas/24-008749-003/2024(H5N1)	1646	951
PB1|PP755595.1|A/cattle/Texas/24-008749-003/2024(H5N1)	1647	950
PB1|PP755595.1|A/cattle/Texas/24-008749-003/2024(H5N1)	1648	1052
PB1|PP755595.1|A/cattle/Texas/24-008749-003/2024(H5N1)	1649	1053
PB1|PP755595.1|A/cattle/Texas/24-008749-003/2024(H5N1)	1650	1067
PB1|PP755595.1|A/cattle/Texas/24-008749-003/2024(H5N1)	1651	1069
PB1|PP755595.1|A/cattle/Texas/24-008749-003/2024(H5N1)	1652	1076
PB1|PP755595.1|A/cattle/Texas/24-008749-003/2024(H5N1)	1653	1076
PB1|PP755595.1|A/cattle/Texas/24-008749-003/2024(H5N1)	1654	1071
PB1|PP755595.1|A/cattle/Texas/24-008749-003/2024(H5N1)	1655	1069
PB1|PP755595.1|A/cattle/Texas/24-008749-003/2024(H5N1)	1656	1068
PB1|PP755595.1|A/cattle/Texas/24-008749-003/2024(H5N1)	1657	1065
PB1|PP755595.1|A/cattle/Texas/24-008749-003/2024(H5N1)	1658	1062
PB1|PP755595.1|A/cattle/Texas/24-008749-003/2024(H5N1)	1659	1052
PB1|PP755595.1|A/cattle/Texas/24-008749-003/2024(H5N1)	1660	1092
PB1|PP755595.1|A/cattle/Texas/24-008749-003/2024(H5N1)	1661	1095
PB1|PP755595.1|A/cattle/Texas/24-008749-003/2024(H5N1)	1662	1092
PB1|PP755595.1|A/cattle/Texas/24-008749-003/2024(H5N1)	1663	1034
PB1|PP755595.1|A/cattle/Texas/24-008749-003/2024(H5N1)	1664	1033
PB1|PP755595.1|A/cattle/Texas/24-008749-003/2024(H5N1)	1665	1026
PB1|PP755595.1|A/cattle/Texas/24-008749-003/2024(H5N1)	1666	1024
PB1|PP755595.1|A/cattle/Texas/24-008749-003/2024(H5N1)	1667	1023
PB1|PP755595.1|A/cattle/Texas/24-008749-003/2024(H5N1)	1668	951
PB1|PP755595.1|A/cattle/Texas/24-008749-003/2024(H5N1)	1669	915
PB1|PP755595.1|A/cattle/Texas/24-008749-003/2024(H5N1)	1670	916
PB1|PP755595.1|A/cattle/Texas/24-008749-003/2024(H5N1)	1671	912
PB1|PP755595.1|A/cattle/Texas/24-008749-003/2024(H5N1)	1672	911
PB1|PP755595.1|A/cattle/Texas/24-008749-003/2024(H5N1)	1673	899
PB1|PP755595.1|A/cattle/Texas/24-008749-003/2024(H5N1)	1674	839
PB1|PP755595.1|A/cattle/Texas/24-008749-003/2024(H5N1)	1675	839
PB1|PP755595.1|A/cattle/Texas/24-008749-003/2024(H5N1)	1676	832
PB1|PP755595.1|A/cattle/Texas/24-008749-003/2024(H5N1)	1677	810
PB1|PP755595.1|A/cattle/Texas/24-008749-003/2024(H5N1)	1678	969
PB1|PP755595.1|A/cattle/Texas/24-008749-003/2024(H5N1)	1679	969
PB1|PP755595.1|A/cattle/Texas/24-008749-003/2024(H5N1)	1680	955
PB1|PP755595.1|A/cattle/Texas/24-008749-003/2024(H5N1)	1681	954
PB1|PP755595.1|A/cattle/Texas/24-008749-003/2024(H5N1)	1682	951
PB1|PP755595.1|A/cattle/Texas/24-008749-003/2024(H5N1)	1683	908
PB1|PP755595.1|A/cattle/Texas/24-008749-003/2024(H5N1)	1684	965
PB1|PP755595.1|A/cattle/Texas/24-008749-003/2024(H5N1)	1685	967
PB1|PP755595.1|A/cattle/Texas/24-008749-003/2024(H5N1)	1686	968
PB1|PP755595.1|A/cattle/Texas/24-008749-003/2024(H5N1)	1687	968
PB1|PP755595.1|A/cattle/Texas/24-008749-003/2024(H5N1)	1688	968
PB1|PP755595.1|A/cattle/Texas/24-008749-003/2024(H5N1)	1689	944
PB1|PP755595.1|A/cattle/Texas/24-008749-003/2024(H5N1)	1690	942
PB1|PP755595.1|A/cattle/Texas/24-008749-003/2024(H5N1)	1691	942
PB1|PP755595.1|A/cattle/Texas/24-008749-003/2024(H5N1)	1692	896
PB1|PP755595.1|A/cattle/Texas/24-008749-003/2024(H5N1)	1693	924
PB1|PP755595.1|A/cattle/Texas/24-008749-003/2024(H5N1)	1694	982
PB1|PP755595.1|A/cattle/Texas/24-008749-003/2024(H5N1)	1695	984
PB1|PP755595.1|A/cattle/Texas/24-008749-003/2024(H5N1)	1696	986
PB1|PP755595.1|A/cattle/Texas/24-008749-003/2024(H5N1)	1697	980
PB1|PP755595.1|A/cattle/Texas/24-008749-003/2024(H5N1)	1698	978
PB1|PP755595.1|A/cattle/Texas/24-008749-003/2024(H5N1)	1699	977
PB1|PP755595.1|A/cattle/Texas/24-008749-003/2024(H5N1)	1700	958
PB1|PP755595.1|A/cattle/Texas/24-008749-003/2024(H5N1)	1701	964
PB1|PP755595.1|A/cattle/Texas/24-008749-003/2024(H5N1)	1702	957
PB1|PP755595.1|A/cattle/Texas/24-008749-003/2024(H5N1)	1703	960
PB1|PP755595.1|A/cattle/Texas/24-008749-003/2024(H5N1)	1704	957
PB1|PP755595.1|A/cattle/Texas/24-008749-003/2024(H5N1)	1705	962
PB1|PP755595.1|A/cattle/Texas/24-008749-003/2024(H5N1)	1706	956
PB1|PP755595.1|A/cattle/Texas/24-008749-003/2024(H5N1)	1707	954
PB1|PP755595.1|A/cattle/Texas/24-008749-003/2024(H5N1)	1708	949
PB1|PP755595.1|A/cattle/Texas/24-008749-003/2024(H5N1)	1709	937
PB1|PP755595.1|A/cattle/Texas/24-008749-003/2024(H5N1)	1710	926
PB1|PP755595.1|A/cattle/Texas/24-008749-003/2024(H5N1)	1711	943
PB1|PP755595.1|A/cattle/Texas/24-008749-003/2024(H5N1)	1712	937
PB1|PP755595.1|A/cattle/Texas/24-008749-003/2024(H5N1)	1713	943
PB1|PP755595.1|A/cattle/Texas/24-008749-003/2024(H5N1)	1714	938
PB1|PP755595.1|A/cattle/Texas/24-008749-003/2024(H5N1)	1715	917
PB1|PP755595.1|A/cattle/Texas/24-008749-003/2024(H5N1)	1716	911
PB1|PP755595.1|A/cattle/Texas/24-008749-003/2024(H5N1)	1717	954
PB1|PP755595.1|A/cattle/Texas/24-008749-003/2024(H5N1)	1718	954
PB1|PP755595.1|A/cattle/Texas/24-008749-003/2024(H5N1)	1719	951
PB1|PP755595.1|A/cattle/Texas/24-008749-003/2024(H5N1)	1720	946
PB1|PP755595.1|A/cattle/Texas/24-008749-003/2024(H5N1)	1721	946
PB1|PP755595.1|A/cattle/Texas/24-008749-003/2024(H5N1)	1722	931
PB1|PP755595.1|A/cattle/Texas/24-008749-003/2024(H5N1)	1723	929
PB1|PP755595.1|A/cattle/Texas/24-008749-003/2024(H5N1)	1724	927
PB1|PP755595.1|A/cattle/Texas/24-008749-003/2024(H5N1)	1725	926
PB1|PP755595.1|A/cattle/Texas/24-008749-003/2024(H5N1)	1726	906
PB1|PP755595.1|A/cattle/Texas/24-008749-003/2024(H5N1)	1727	902
PB1|PP755595.1|A/cattle/Texas/24-008749-003/2024(H5N1)	1728	902
PB1|PP755595.1|A/cattle/Texas/24-008749-003/2024(H5N1)	1729	902
PB1|PP755595.1|A/cattle/Texas/24-008749-003/2024(H5N1)	1730	901
PB1|PP755595.1|A/cattle/Texas/24-008749-003/2024(H5N1)	1731	786
PB1|PP755595.1|A/cattle/Texas/24-008749-003/2024(H5N1)	1732	781
PB1|PP755595.1|A/cattle/Texas/24-008749-003/2024(H5N1)	1733	776
PB1|PP755595.1|A/cattle/Texas/24-008749-003/2024(H5N1)	1734	765
PB1|PP755595.1|A/cattle/Texas/24-008749-003/2024(H5N1)	1735	737
PB1|PP755595.1|A/cattle/Texas/24-008749-003/2024(H5N1)	1736	738
PB1|PP755595.1|A/cattle/Texas/24-008749-003/2024(H5N1)	1737	727
PB1|PP755595.1|A/cattle/Texas/24-008749-003/2024(H5N1)	1738	845
PB1|PP755595.1|A/cattle/Texas/24-008749-003/2024(H5N1)	1739	850
PB1|PP755595.1|A/cattle/Texas/24-008749-003/2024(H5N1)	1740	850
PB1|PP755595.1|A/cattle/Texas/24-008749-003/2024(H5N1)	1741	850
PB1|PP755595.1|A/cattle/Texas/24-008749-003/2024(H5N1)	1742	850
PB1|PP755595.1|A/cattle/Texas/24-008749-003/2024(H5N1)	1743	850
PB1|PP755595.1|A/cattle/Texas/24-008749-003/2024(H5N1)	1744	850
PB1|PP755595.1|A/cattle/Texas/24-008749-003/2024(H5N1)	1745	850
PB1|PP755595.1|A/cattle/Texas/24-008749-003/2024(H5N1)	1746	850
PB1|PP755595.1|A/cattle/Texas/24-008749-003/2024(H5N1)	1747	849
PB1|PP755595.1|A/cattle/Texas/24-008749-003/2024(H5N1)	1748	849
PB1|PP755595.1|A/cattle/Texas/24-008749-003/2024(H5N1)	1749	849
PB1|PP755595.1|A/cattle/Texas/24-008749-003/2024(H5N1)	1750	849
PB1|PP755595.1|A/cattle/Texas/24-008749-003/2024(H5N1)	1751	849
PB1|PP755595.1|A/cattle/Texas/24-008749-003/2024(H5N1)	1752	836
PB1|PP755595.1|A/cattle/Texas/24-008749-003/2024(H5N1)	1753	836
PB1|PP755595.1|A/cattle/Texas/24-008749-003/2024(H5N1)	1754	836
PB1|PP755595.1|A/cattle/Texas/24-008749-003/2024(H5N1)	1755	836
PB1|PP755595.1|A/cattle/Texas/24-008749-003/2024(H5N1)	1756	836
PB1|PP755595.1|A/cattle/Texas/24-008749-003/2024(H5N1)	1757	836
PB1|PP755595.1|A/cattle/Texas/24-008749-003/2024(H5N1)	1758	709
PB1|PP755595.1|A/cattle/Texas/24-008749-003/2024(H5N1)	1759	709
PB1|PP755595.1|A/cattle/Texas/24-008749-003/2024(H5N1)	1760	845
PB1|PP755595.1|A/cattle/Texas/24-008749-003/2024(H5N1)	1761	845
PB1|PP755595.1|A/cattle/Texas/24-008749-003/2024(H5N1)	1762	863
PB1|PP755595.1|A/cattle/Texas/24-008749-003/2024(H5N1)	1763	871
PB1|PP755595.1|A/cattle/Texas/24-008749-003/2024(H5N1)	1764	870
PB1|PP755595.1|A/cattle/Texas/24-008749-003/2024(H5N1)	1765	870
PB1|PP755595.1|A/cattle/Texas/24-008749-003/2024(H5N1)	1766	870
PB1|PP755595.1|A/cattle/Texas/24-008749-003/2024(H5N1)	1767	871
PB1|PP755595.1|A/cattle/Texas/24-008749-003/2024(H5N1)	1768	872
PB1|PP755595.1|A/cattle/Texas/24-008749-003/2024(H5N1)	1769	872
PB1|PP755595.1|A/cattle/Texas/24-008749-003/2024(H5N1)	1770	872
PB1|PP755595.1|A/cattle/Texas/24-008749-003/2024(H5N1)	1771	872
PB1|PP755595.1|A/cattle/Texas/24-008749-003/2024(H5N1)	1772	872
PB1|PP755595.1|A/cattle/Texas/24-008749-003/2024(H5N1)	1773	872
PB1|PP755595.1|A/cattle/Texas/24-008749-003/2024(H5N1)	1774	942
PB1|PP755595.1|A/cattle/Texas/24-008749-003/2024(H5N1)	1775	943
PB1|PP755595.1|A/cattle/Texas/24-008749-003/2024(H5N1)	1776	942
PB1|PP755595.1|A/cattle/Texas/24-008749-003/2024(H5N1)	1777	942
PB1|PP755595.1|A/cattle/Texas/24-008749-003/2024(H5N1)	1778	947
PB1|PP755595.1|A/cattle/Texas/24-008749-003/2024(H5N1)	1779	942
PB1|PP755595.1|A/cattle/Texas/24-008749-003/2024(H5N1)	1780	936
PB1|PP755595.1|A/cattle/Texas/24-008749-003/2024(H5N1)	1781	934
PB1|PP755595.1|A/cattle/Texas/24-008749-003/2024(H5N1)	1782	924
PB1|PP755595.1|A/cattle/Texas/24-008749-003/2024(H5N1)	1783	924
PB1|PP755595.1|A/cattle/Texas/24-008749-003/2024(H5N1)	1784	918
PB1|PP755595.1|A/cattle/Texas/24-008749-003/2024(H5N1)	1785	905
PB1|PP755595.1|A/cattle/Texas/24-008749-003/2024(H5N1)	1786	905
PB1|PP755595.1|A/cattle/Texas/24-008749-003/2024(H5N1)	1787	904
PB1|PP755595.1|A/cattle/Texas/24-008749-003/2024(H5N1)	1788	904
PB1|PP755595.1|A/cattle/Texas/24-008749-003/2024(H5N1)	1789	904
PB1|PP755595.1|A/cattle/Texas/24-008749-003/2024(H5N1)	1790	918
PB1|PP755595.1|A/cattle/Texas/24-008749-003/2024(H5N1)	1791	904
PB1|PP755595.1|A/cattle/Texas/24-008749-003/2024(H5N1)	1792	898
PB1|PP755595.1|A/cattle/Texas/24-008749-003/2024(H5N1)	1793	894
PB1|PP755595.1|A/cattle/Texas/24-008749-003/2024(H5N1)	1794	894
PB1|PP755595.1|A/cattle/Texas/24-008749-003/2024(H5N1)	1795	889
PB1|PP755595.1|A/cattle/Texas/24-008749-003/2024(H5N1)	1796	880
PB1|PP755595.1|A/cattle/Texas/24-008749-003/2024(H5N1)	1797	878
PB1|PP755595.1|A/cattle/Texas/24-008749-003/2024(H5N1)	1798	842
PB1|PP755595.1|A/cattle/Texas/24-008749-003/2024(H5N1)	1799	839
PB1|PP755595.1|A/cattle/Texas/24-008749-003/2024(H5N1)	1800	92
PB1|PP755595.1|A/cattle/Texas/24-008749-003/2024(H5N1)	1801	92
PB1|PP755595.1|A/cattle/Texas/24-008749-003/2024(H5N1)	1802	92
PB1|PP755595.1|A/cattle/Texas/24-008749-003/2024(H5N1)	1803	92
PB1|PP755595.1|A/cattle/Texas/24-008749-003/2024(H5N1)	1804	92
PB1|PP755595.1|A/cattle/Texas/24-008749-003/2024(H5N1)	1805	92
PB1|PP755595.1|A/cattle/Texas/24-008749-003/2024(H5N1)	1806	92
PB1|PP755595.1|A/cattle/Texas/24-008749-003/2024(H5N1)	1807	92
PB1|PP755595.1|A/cattle/Texas/24-008749-003/2024(H5N1)	1808	92
PB1|PP755595.1|A/cattle/Texas/24-008749-003/2024(H5N1)	1809	92
PB1|PP755595.1|A/cattle/Texas/24-008749-003/2024(H5N1)	1810	92
PB1|PP755595.1|A/cattle/Texas/24-008749-003/2024(H5N1)	1811	92
PB1|PP755595.1|A/cattle/Texas/24-008749-003/2024(H5N1)	1812	92
PB1|PP755595.1|A/cattle/Texas/24-008749-003/2024(H5N1)	1813	92
PB1|PP755595.1|A/cattle/Texas/24-008749-003/2024(H5N1)	1814	92
PB1|PP755595.1|A/cattle/Texas/24-008749-003/2024(H5N1)	1815	92
PB1|PP755595.1|A/cattle/Texas/24-008749-003/2024(H5N1)	1816	92
PB1|PP755595.1|A/cattle/Texas/24-008749-003/2024(H5N1)	1817	92
PB1|PP755595.1|A/cattle/Texas/24-008749-003/2024(H5N1)	1818	92
PB1|PP755595.1|A/cattle/Texas/24-008749-003/2024(H5N1)	1819	92
PB1|PP755595.1|A/cattle/Texas/24-008749-003/2024(H5N1)	1820	92
PB1|PP755595.1|A/cattle/Texas/24-008749-003/2024(H5N1)	1821	91
PB1|PP755595.1|A/cattle/Texas/24-008749-003/2024(H5N1)	1822	91
PB1|PP755595.1|A/cattle/Texas/24-008749-003/2024(H5N1)	1823	91
PB1|PP755595.1|A/cattle/Texas/24-008749-003/2024(H5N1)	1824	91
PB1|PP755595.1|A/cattle/Texas/24-008749-003/2024(H5N1)	1825	115
PB1|PP755595.1|A/cattle/Texas/24-008749-003/2024(H5N1)	1826	115
PB1|PP755595.1|A/cattle/Texas/24-008749-003/2024(H5N1)	1827	115
PB1|PP755595.1|A/cattle/Texas/24-008749-003/2024(H5N1)	1828	116
PB1|PP755595.1|A/cattle/Texas/24-008749-003/2024(H5N1)	1829	116
PB1|PP755595.1|A/cattle/Texas/24-008749-003/2024(H5N1)	1830	116
PB1|PP755595.1|A/cattle/Texas/24-008749-003/2024(H5N1)	1831	114
PB1|PP755595.1|A/cattle/Texas/24-008749-003/2024(H5N1)	1832	114
PB1|PP755595.1|A/cattle/Texas/24-008749-003/2024(H5N1)	1833	114
PB1|PP755595.1|A/cattle/Texas/24-008749-003/2024(H5N1)	1834	118
PB1|PP755595.1|A/cattle/Texas/24-008749-003/2024(H5N1)	1835	129
PB1|PP755595.1|A/cattle/Texas/24-008749-003/2024(H5N1)	1836	129
PB1|PP755595.1|A/cattle/Texas/24-008749-003/2024(H5N1)	1837	138
PB1|PP755595.1|A/cattle/Texas/24-008749-003/2024(H5N1)	1838	138
PB1|PP755595.1|A/cattle/Texas/24-008749-003/2024(H5N1)	1839	138
PB1|PP755595.1|A/cattle/Texas/24-008749-003/2024(H5N1)	1840	143
PB1|PP755595.1|A/cattle/Texas/24-008749-003/2024(H5N1)	1841	144
PB1|PP755595.1|A/cattle/Texas/24-008749-003/2024(H5N1)	1842	144
PB1|PP755595.1|A/cattle/Texas/24-008749-003/2024(H5N1)	1843	154
PB1|PP755595.1|A/cattle/Texas/24-008749-003/2024(H5N1)	1844	157
PB1|PP755595.1|A/cattle/Texas/24-008749-003/2024(H5N1)	1845	161
PB1|PP755595.1|A/cattle/Texas/24-008749-003/2024(H5N1)	1846	872
PB1|PP755595.1|A/cattle/Texas/24-008749-003/2024(H5N1)	1847	873
PB1|PP755595.1|A/cattle/Texas/24-008749-003/2024(H5N1)	1848	875
PB1|PP755595.1|A/cattle/Texas/24-008749-003/2024(H5N1)	1849	909
PB1|PP755595.1|A/cattle/Texas/24-008749-003/2024(H5N1)	1850	973
PB1|PP755595.1|A/cattle/Texas/24-008749-003/2024(H5N1)	1851	974
PB1|PP755595.1|A/cattle/Texas/24-008749-003/2024(H5N1)	1852	974
PB1|PP755595.1|A/cattle/Texas/24-008749-003/2024(H5N1)	1853	974
PB1|PP755595.1|A/cattle/Texas/24-008749-003/2024(H5N1)	1854	974
PB1|PP755595.1|A/cattle/Texas/24-008749-003/2024(H5N1)	1855	974
PB1|PP755595.1|A/cattle/Texas/24-008749-003/2024(H5N1)	1856	974
PB1|PP755595.1|A/cattle/Texas/24-008749-003/2024(H5N1)	1857	974
PB1|PP755595.1|A/cattle/Texas/24-008749-003/2024(H5N1)	1858	974
PB1|PP755595.1|A/cattle/Texas/24-008749-003/2024(H5N1)	1859	974
PB1|PP755595.1|A/cattle/Texas/24-008749-003/2024(H5N1)	1860	974
PB1|PP755595.1|A/cattle/Texas/24-008749-003/2024(H5N1)	1861	974
PB1|PP755595.1|A/cattle/Texas/24-008749-003/2024(H5N1)	1862	979
PB1|PP755595.1|A/cattle/Texas/24-008749-003/2024(H5N1)	1863	979
PB1|PP755595.1|A/cattle/Texas/24-008749-003/2024(H5N1)	1864	979
PB1|PP755595.1|A/cattle/Texas/24-008749-003/2024(H5N1)	1865	979
PB1|PP755595.1|A/cattle/Texas/24-008749-003/2024(H5N1)	1866	978
PB1|PP755595.1|A/cattle/Texas/24-008749-003/2024(H5N1)	1867	981
PB1|PP755595.1|A/cattle/Texas/24-008749-003/2024(H5N1)	1868	981
PB1|PP755595.1|A/cattle/Texas/24-008749-003/2024(H5N1)	1869	981
PB1|PP755595.1|A/cattle/Texas/24-008749-003/2024(H5N1)	1870	981
PB1|PP755595.1|A/cattle/Texas/24-008749-003/2024(H5N1)	1871	981
PB1|PP755595.1|A/cattle/Texas/24-008749-003/2024(H5N1)	1872	1092
PB1|PP755595.1|A/cattle/Texas/24-008749-003/2024(H5N1)	1873	1108
PB1|PP755595.1|A/cattle/Texas/24-008749-003/2024(H5N1)	1874	1110
PB1|PP755595.1|A/cattle/Texas/24-008749-003/2024(H5N1)	1875	1112
PB1|PP755595.1|A/cattle/Texas/24-008749-003/2024(H5N1)	1876	1112
PB1|PP755595.1|A/cattle/Texas/24-008749-003/2024(H5N1)	1877	1112
PB1|PP755595.1|A/cattle/Texas/24-008749-003/2024(H5N1)	1878	1112
PB1|PP755595.1|A/cattle/Texas/24-008749-003/2024(H5N1)	1879	1112
PB1|PP755595.1|A/cattle/Texas/24-008749-003/2024(H5N1)	1880	1112
PB1|PP755595.1|A/cattle/Texas/24-008749-003/2024(H5N1)	1881	1110
PB1|PP755595.1|A/cattle/Texas/24-008749-003/2024(H5N1)	1882	1114
PB1|PP755595.1|A/cattle/Texas/24-008749-003/2024(H5N1)	1883	1128
PB1|PP755595.1|A/cattle/Texas/24-008749-003/2024(H5N1)	1884	1129
PB1|PP755595.1|A/cattle/Texas/24-008749-003/2024(H5N1)	1885	1139
PB1|PP755595.1|A/cattle/Texas/24-008749-003/2024(H5N1)	1886	1139
PB1|PP755595.1|A/cattle/Texas/24-008749-003/2024(H5N1)	1887	1140
PB1|PP755595.1|A/cattle/Texas/24-008749-003/2024(H5N1)	1888	1781
PB1|PP755595.1|A/cattle/Texas/24-008749-003/2024(H5N1)	1889	1782
PB1|PP755595.1|A/cattle/Texas/24-008749-003/2024(H5N1)	1890	1784
PB1|PP755595.1|A/cattle/Texas/24-008749-003/2024(H5N1)	1891	1802
PB1|PP755595.1|A/cattle/Texas/24-008749-003/2024(H5N1)	1892	1815
PB1|PP755595.1|A/cattle/Texas/24-008749-003/2024(H5N1)	1893	1818
PB1|PP755595.1|A/cattle/Texas/24-008749-003/2024(H5N1)	1894	1818
PB1|PP755595.1|A/cattle/Texas/24-008749-003/2024(H5N1)	1895	1821
PB1|PP755595.1|A/cattle/Texas/24-008749-003/2024(H5N1)	1896	1821
PB1|PP755595.1|A/cattle/Texas/24-008749-003/2024(H5N1)	1897	1845
PB1|PP755595.1|A/cattle/Texas/24-008749-003/2024(H5N1)	1898	1877
PB1|PP755595.1|A/cattle/Texas/24-008749-003/2024(H5N1)	1899	1902
PB1|PP755595.1|A/cattle/Texas/24-008749-003/2024(H5N1)	1900	1903
PB1|PP755595.1|A/cattle/Texas/24-008749-003/2024(H5N1)	1901	1905
PB1|PP755595.1|A/cattle/Texas/24-008749-003/2024(H5N1)	1902	1913
PB1|PP755595.1|A/cattle/Texas/24-008749-003/2024(H5N1)	1903	1974
PB1|PP755595.1|A/cattle/Texas/24-008749-003/2024(H5N1)	1904	1987
PB1|PP755595.1|A/cattle/Texas/24-008749-003/2024(H5N1)	1905	2001
PB1|PP755595.1|A/cattle/Texas/24-008749-003/2024(H5N1)	1906	2016
PB1|PP755595.1|A/cattle/Texas/24-008749-003/2024(H5N1)	1907	2021
PB1|PP755595.1|A/cattle/Texas/24-008749-003/2024(H5N1)	1908	2021
PB1|PP755595.1|A/cattle/Texas/24-008749-003/2024(H5N1)	1909	2042
PB1|PP755595.1|A/cattle/Texas/24-008749-003/2024(H5N1)	1910	2046
PB1|PP755595.1|A/cattle/Texas/24-008749-003/2024(H5N1)	1911	2024
PB1|PP755595.1|A/cattle/Texas/24-008749-003/2024(H5N1)	1912	2028
PB1|PP755595.1|A/cattle/Texas/24-008749-003/2024(H5N1)	1913	2034
PB1|PP755595.1|A/cattle/Texas/24-008749-003/2024(H5N1)	1914	2048
PB1|PP755595.1|A/cattle/Texas/24-008749-003/2024(H5N1)	1915	2112
PB1|PP755595.1|A/cattle/Texas/24-008749-003/2024(H5N1)	1916	2112
PB1|PP755595.1|A/cattle/Texas/24-008749-003/2024(H5N1)	1917	2068
PB1|PP755595.1|A/cattle/Texas/24-008749-003/2024(H5N1)	1918	2071
PB1|PP755595.1|A/cattle/Texas/24-008749-003/2024(H5N1)	1919	2099
PB1|PP755595.1|A/cattle/Texas/24-008749-003/2024(H5N1)	1920	2140
PB1|PP755595.1|A/cattle/Texas/24-008749-003/2024(H5N1)	1921	2220
PB1|PP755595.1|A/cattle/Texas/24-008749-003/2024(H5N1)	1922	2230
PB1|PP755595.1|A/cattle/Texas/24-008749-003/2024(H5N1)	1923	2243
PB1|PP755595.1|A/cattle/Texas/24-008749-003/2024(H5N1)	1924	2247
PB1|PP755595.1|A/cattle/Texas/24-008749-003/2024(H5N1)	1925	2320
PB1|PP755595.1|A/cattle/Texas/24-008749-003/2024(H5N1)	1926	2331
PB1|PP755595.1|A/cattle/Texas/24-008749-003/2024(H5N1)	1927	2358
PB1|PP755595.1|A/cattle/Texas/24-008749-003/2024(H5N1)	1928	2363
PB1|PP755595.1|A/cattle/Texas/24-008749-003/2024(H5N1)	1929	2361
PB1|PP755595.1|A/cattle/Texas/24-008749-003/2024(H5N1)	1930	2387
PB1|PP755595.1|A/cattle/Texas/24-008749-003/2024(H5N1)	1931	2389
PB1|PP755595.1|A/cattle/Texas/24-008749-003/2024(H5N1)	1932	2450
PB1|PP755595.1|A/cattle/Texas/24-008749-003/2024(H5N1)	1933	2449
PB1|PP755595.1|A/cattle/Texas/24-008749-003/2024(H5N1)	1934	2436
PB1|PP755595.1|A/cattle/Texas/24-008749-003/2024(H5N1)	1935	2420
PB1|PP755595.1|A/cattle/Texas/24-008749-003/2024(H5N1)	1936	2411
PB1|PP755595.1|A/cattle/Texas/24-008749-003/2024(H5N1)	1937	2406
PB1|PP755595.1|A/cattle/Texas/24-008749-003/2024(H5N1)	1938	2391
PB1|PP755595.1|A/cattle/Texas/24-008749-003/2024(H5N1)	1939	2344
PB1|PP755595.1|A/cattle/Texas/24-008749-003/2024(H5N1)	1940	2335
PB1|PP755595.1|A/cattle/Texas/24-008749-003/2024(H5N1)	1941	2306
PB1|PP755595.1|A/cattle/Texas/24-008749-003/2024(H5N1)	1942	2298
PB1|PP755595.1|A/cattle/Texas/24-008749-003/2024(H5N1)	1943	2261
PB1|PP755595.1|A/cattle/Texas/24-008749-003/2024(H5N1)	1944	1882
PB1|PP755595.1|A/cattle/Texas/24-008749-003/2024(H5N1)	1945	1867
PB1|PP755595.1|A/cattle/Texas/24-008749-003/2024(H5N1)	1946	1855
PB1|PP755595.1|A/cattle/Texas/24-008749-003/2024(H5N1)	1947	1851
PB1|PP755595.1|A/cattle/Texas/24-008749-003/2024(H5N1)	1948	1851
PB1|PP755595.1|A/cattle/Texas/24-008749-003/2024(H5N1)	1949	1851
PB1|PP755595.1|A/cattle/Texas/24-008749-003/2024(H5N1)	1950	1838
PB1|PP755595.1|A/cattle/Texas/24-008749-003/2024(H5N1)	1951	1838
PB1|PP755595.1|A/cattle/Texas/24-008749-003/2024(H5N1)	1952	1838
PB1|PP755595.1|A/cattle/Texas/24-008749-003/2024(H5N1)	1953	1838
PB1|PP755595.1|A/cattle/Texas/24-008749-003/2024(H5N1)	1954	1838
PB1|PP755595.1|A/cattle/Texas/24-008749-003/2024(H5N1)	1955	1833
PB1|PP755595.1|A/cattle/Texas/24-008749-003/2024(H5N1)	1956	1829
PB1|PP755595.1|A/cattle/Texas/24-008749-003/2024(H5N1)	1957	1829
PB1|PP755595.1|A/cattle/Texas/24-008749-003/2024(H5N1)	1958	1829
PB1|PP755595.1|A/cattle/Texas/24-008749-003/2024(H5N1)	1959	1829
PB1|PP755595.1|A/cattle/Texas/24-008749-003/2024(H5N1)	1960	1829
PB1|PP755595.1|A/cattle/Texas/24-008749-003/2024(H5N1)	1961	1829
PB1|PP755595.1|A/cattle/Texas/24-008749-003/2024(H5N1)	1962	1829
PB1|PP755595.1|A/cattle/Texas/24-008749-003/2024(H5N1)	1963	2162
PB1|PP755595.1|A/cattle/Texas/24-008749-003/2024(H5N1)	1964	2164
PB1|PP755595.1|A/cattle/Texas/24-008749-003/2024(H5N1)	1965	2169
PB1|PP755595.1|A/cattle/Texas/24-008749-003/2024(H5N1)	1966	2311
PB1|PP755595.1|A/cattle/Texas/24-008749-003/2024(H5N1)	1967	2313
PB1|PP755595.1|A/cattle/Texas/24-008749-003/2024(H5N1)	1968	2361
PB1|PP755595.1|A/cattle/Texas/24-008749-003/2024(H5N1)	1969	2363
PB1|PP755595.1|A/cattle/Texas/24-008749-003/2024(H5N1)	1970	2351
PB1|PP755595.1|A/cattle/Texas/24-008749-003/2024(H5N1)	1971	2348
PB1|PP755595.1|A/cattle/Texas/24-008749-003/2024(H5N1)	1972	2344
PB1|PP755595.1|A/cattle/Texas/24-008749-003/2024(H5N1)	1973	2338
PB1|PP755595.1|A/cattle/Texas/24-008749-003/2024(H5N1)	1974	2324
PB1|PP755595.1|A/cattle/Texas/24-008749-003/2024(H5N1)	1975	2262
PB1|PP755595.1|A/cattle/Texas/24-008749-003/2024(H5N1)	1976	2253
PB1|PP755595.1|A/cattle/Texas/24-008749-003/2024(H5N1)	1977	2216
PB1|PP755595.1|A/cattle/Texas/24-008749-003/2024(H5N1)	1978	2214
PB1|PP755595.1|A/cattle/Texas/24-008749-003/2024(H5N1)	1979	2208
PB1|PP755595.1|A/cattle/Texas/24-008749-003/2024(H5N1)	1980	2184
PB1|PP755595.1|A/cattle/Texas/24-008749-003/2024(H5N1)	1981	2183
PB1|PP755595.1|A/cattle/Texas/24-008749-003/2024(H5N1)	1982	2181
PB1|PP755595.1|A/cattle/Texas/24-008749-003/2024(H5N1)	1983	1725
PB1|PP755595.1|A/cattle/Texas/24-008749-003/2024(H5N1)	1984	1720
PB1|PP755595.1|A/cattle/Texas/24-008749-003/2024(H5N1)	1985	1614
PB1|PP755595.1|A/cattle/Texas/24-008749-003/2024(H5N1)	1986	1605
PB1|PP755595.1|A/cattle/Texas/24-008749-003/2024(H5N1)	1987	1605
PB1|PP755595.1|A/cattle/Texas/24-008749-003/2024(H5N1)	1988	1605
PB1|PP755595.1|A/cattle/Texas/24-008749-003/2024(H5N1)	1989	1603
PB1|PP755595.1|A/cattle/Texas/24-008749-003/2024(H5N1)	1990	1603
PB1|PP755595.1|A/cattle/Texas/24-008749-003/2024(H5N1)	1991	1603
PB1|PP755595.1|A/cattle/Texas/24-008749-003/2024(H5N1)	1992	1604
PB1|PP755595.1|A/cattle/Texas/24-008749-003/2024(H5N1)	1993	1604
PB1|PP755595.1|A/cattle/Texas/24-008749-003/2024(H5N1)	1994	1600
PB1|PP755595.1|A/cattle/Texas/24-008749-003/2024(H5N1)	1995	1597
PB1|PP755595.1|A/cattle/Texas/24-008749-003/2024(H5N1)	1996	1629
PB1|PP755595.1|A/cattle/Texas/24-008749-003/2024(H5N1)	1997	1630
PB1|PP755595.1|A/cattle/Texas/24-008749-003/2024(H5N1)	1998	1630
PB1|PP755595.1|A/cattle/Texas/24-008749-003/2024(H5N1)	1999	1579
PB1|PP755595.1|A/cattle/Texas/24-008749-003/2024(H5N1)	2000	1569
PB1|PP755595.1|A/cattle/Texas/24-008749-003/2024(H5N1)	2001	1479
PB1|PP755595.1|A/cattle/Texas/24-008749-003/2024(H5N1)	2002	1506
PB1|PP755595.1|A/cattle/Texas/24-008749-003/2024(H5N1)	2003	1505
PB1|PP755595.1|A/cattle/Texas/24-008749-003/2024(H5N1)	2004	1505
PB1|PP755595.1|A/cattle/Texas/24-008749-003/2024(H5N1)	2005	1504
PB1|PP755595.1|A/cattle/Texas/24-008749-003/2024(H5N1)	2006	1487
PB1|PP755595.1|A/cattle/Texas/24-008749-003/2024(H5N1)	2007	1486
PB1|PP755595.1|A/cattle/Texas/24-008749-003/2024(H5N1)	2008	1486
PB1|PP755595.1|A/cattle/Texas/24-008749-003/2024(H5N1)	2009	1463
PB1|PP755595.1|A/cattle/Texas/24-008749-003/2024(H5N1)	2010	1460
PB1|PP755595.1|A/cattle/Texas/24-008749-003/2024(H5N1)	2011	1433
PB1|PP755595.1|A/cattle/Texas/24-008749-003/2024(H5N1)	2012	1427
PB1|PP755595.1|A/cattle/Texas/24-008749-003/2024(H5N1)	2013	1420
PB1|PP755595.1|A/cattle/Texas/24-008749-003/2024(H5N1)	2014	1409
PB1|PP755595.1|A/cattle/Texas/24-008749-003/2024(H5N1)	2015	1409
PB1|PP755595.1|A/cattle/Texas/24-008749-003/2024(H5N1)	2016	1408
PB1|PP755595.1|A/cattle/Texas/24-008749-003/2024(H5N1)	2017	1412
PB1|PP755595.1|A/cattle/Texas/24-008749-003/2024(H5N1)	2018	1416
PB1|PP755595.1|A/cattle/Texas/24-008749-003/2024(H5N1)	2019	1397
PB1|PP755595.1|A/cattle/Texas/24-008749-003/2024(H5N1)	2020	1411
PB1|PP755595.1|A/cattle/Texas/24-008749-003/2024(H5N1)	2021	1454
PB1|PP755595.1|A/cattle/Texas/24-008749-003/2024(H5N1)	2022	1570
PB1|PP755595.1|A/cattle/Texas/24-008749-003/2024(H5N1)	2023	1660
PB1|PP755595.1|A/cattle/Texas/24-008749-003/2024(H5N1)	2024	1717
PB1|PP755595.1|A/cattle/Texas/24-008749-003/2024(H5N1)	2025	1715
PB1|PP755595.1|A/cattle/Texas/24-008749-003/2024(H5N1)	2026	1731
PB1|PP755595.1|A/cattle/Texas/24-008749-003/2024(H5N1)	2027	1755
PB1|PP755595.1|A/cattle/Texas/24-008749-003/2024(H5N1)	2028	1760
PB1|PP755595.1|A/cattle/Texas/24-008749-003/2024(H5N1)	2029	1753
PB1|PP755595.1|A/cattle/Texas/24-008749-003/2024(H5N1)	2030	1717
PB1|PP755595.1|A/cattle/Texas/24-008749-003/2024(H5N1)	2031	1668
PB1|PP755595.1|A/cattle/Texas/24-008749-003/2024(H5N1)	2032	1677
PB1|PP755595.1|A/cattle/Texas/24-008749-003/2024(H5N1)	2033	1705
PB1|PP755595.1|A/cattle/Texas/24-008749-003/2024(H5N1)	2034	1793
PB1|PP755595.1|A/cattle/Texas/24-008749-003/2024(H5N1)	2035	2838
PB1|PP755595.1|A/cattle/Texas/24-008749-003/2024(H5N1)	2036	2838
PB1|PP755595.1|A/cattle/Texas/24-008749-003/2024(H5N1)	2037	2854
PB1|PP755595.1|A/cattle/Texas/24-008749-003/2024(H5N1)	2038	2870
PB1|PP755595.1|A/cattle/Texas/24-008749-003/2024(H5N1)	2039	2905
PB1|PP755595.1|A/cattle/Texas/24-008749-003/2024(H5N1)	2040	2951
PB1|PP755595.1|A/cattle/Texas/24-008749-003/2024(H5N1)	2041	2939
PB1|PP755595.1|A/cattle/Texas/24-008749-003/2024(H5N1)	2042	2946
PB1|PP755595.1|A/cattle/Texas/24-008749-003/2024(H5N1)	2043	2966
PB1|PP755595.1|A/cattle/Texas/24-008749-003/2024(H5N1)	2044	2968
PB1|PP755595.1|A/cattle/Texas/24-008749-003/2024(H5N1)	2045	2973
PB1|PP755595.1|A/cattle/Texas/24-008749-003/2024(H5N1)	2046	2967
PB1|PP755595.1|A/cattle/Texas/24-008749-003/2024(H5N1)	2047	2942
PB1|PP755595.1|A/cattle/Texas/24-008749-003/2024(H5N1)	2048	2920
PB1|PP755595.1|A/cattle/Texas/24-008749-003/2024(H5N1)	2049	2919
PB1|PP755595.1|A/cattle/Texas/24-008749-003/2024(H5N1)	2050	2918
PB1|PP755595.1|A/cattle/Texas/24-008749-003/2024(H5N1)	2051	2917
PB1|PP755595.1|A/cattle/Texas/24-008749-003/2024(H5N1)	2052	2877
PB1|PP755595.1|A/cattle/Texas/24-008749-003/2024(H5N1)	2053	2898
PB1|PP755595.1|A/cattle/Texas/24-008749-003/2024(H5N1)	2054	2904
PB1|PP755595.1|A/cattle/Texas/24-008749-003/2024(H5N1)	2055	2901
PB1|PP755595.1|A/cattle/Texas/24-008749-003/2024(H5N1)	2056	3045
PB1|PP755595.1|A/cattle/Texas/24-008749-003/2024(H5N1)	2057	3045
PB1|PP755595.1|A/cattle/Texas/24-008749-003/2024(H5N1)	2058	3045
PB1|PP755595.1|A/cattle/Texas/24-008749-003/2024(H5N1)	2059	3064
PB1|PP755595.1|A/cattle/Texas/24-008749-003/2024(H5N1)	2060	3044
PB1|PP755595.1|A/cattle/Texas/24-008749-003/2024(H5N1)	2061	3060
PB1|PP755595.1|A/cattle/Texas/24-008749-003/2024(H5N1)	2062	3135
PB1|PP755595.1|A/cattle/Texas/24-008749-003/2024(H5N1)	2063	3132
PB1|PP755595.1|A/cattle/Texas/24-008749-003/2024(H5N1)	2064	3130
PB1|PP755595.1|A/cattle/Texas/24-008749-003/2024(H5N1)	2065	3059
PB1|PP755595.1|A/cattle/Texas/24-008749-003/2024(H5N1)	2066	3046
PB1|PP755595.1|A/cattle/Texas/24-008749-003/2024(H5N1)	2067	2754
PB1|PP755595.1|A/cattle/Texas/24-008749-003/2024(H5N1)	2068	2734
PB1|PP755595.1|A/cattle/Texas/24-008749-003/2024(H5N1)	2069	2717
PB1|PP755595.1|A/cattle/Texas/24-008749-003/2024(H5N1)	2070	2700
PB1|PP755595.1|A/cattle/Texas/24-008749-003/2024(H5N1)	2071	2730
PB1|PP755595.1|A/cattle/Texas/24-008749-003/2024(H5N1)	2072	2733
PB1|PP755595.1|A/cattle/Texas/24-008749-003/2024(H5N1)	2073	2750
PB1|PP755595.1|A/cattle/Texas/24-008749-003/2024(H5N1)	2074	3036
PB1|PP755595.1|A/cattle/Texas/24-008749-003/2024(H5N1)	2075	3088
PB1|PP755595.1|A/cattle/Texas/24-008749-003/2024(H5N1)	2076	3097
PB1|PP755595.1|A/cattle/Texas/24-008749-003/2024(H5N1)	2077	3105
PB1|PP755595.1|A/cattle/Texas/24-008749-003/2024(H5N1)	2078	3110
PB1|PP755595.1|A/cattle/Texas/24-008749-003/2024(H5N1)	2079	3115
PB1|PP755595.1|A/cattle/Texas/24-008749-003/2024(H5N1)	2080	3115
PB1|PP755595.1|A/cattle/Texas/24-008749-003/2024(H5N1)	2081	3119
PB1|PP755595.1|A/cattle/Texas/24-008749-003/2024(H5N1)	2082	3128
PB1|PP755595.1|A/cattle/Texas/24-008749-003/2024(H5N1)	2083	3146
PB1|PP755595.1|A/cattle/Texas/24-008749-003/2024(H5N1)	2084	3180
PB1|PP755595.1|A/cattle/Texas/24-008749-003/2024(H5N1)	2085	3207
PB1|PP755595.1|A/cattle/Texas/24-008749-003/2024(H5N1)	2086	3222
PB1|PP755595.1|A/cattle/Texas/24-008749-003/2024(H5N1)	2087	3222
PB1|PP755595.1|A/cattle/Texas/24-008749-003/2024(H5N1)	2088	3096
PB1|PP755595.1|A/cattle/Texas/24-008749-003/2024(H5N1)	2089	3099
PB1|PP755595.1|A/cattle/Texas/24-008749-003/2024(H5N1)	2090	3100
PB1|PP755595.1|A/cattle/Texas/24-008749-003/2024(H5N1)	2091	3101
PB1|PP755595.1|A/cattle/Texas/24-008749-003/2024(H5N1)	2092	3901
PB1|PP755595.1|A/cattle/Texas/24-008749-003/2024(H5N1)	2093	4017
PB1|PP755595.1|A/cattle/Texas/24-008749-003/2024(H5N1)	2094	4092
PB1|PP755595.1|A/cattle/Texas/24-008749-003/2024(H5N1)	2095	4102
PB1|PP755595.1|A/cattle/Texas/24-008749-003/2024(H5N1)	2096	4170
PB1|PP755595.1|A/cattle/Texas/24-008749-003/2024(H5N1)	2097	4188
PB1|PP755595.1|A/cattle/Texas/24-008749-003/2024(H5N1)	2098	4256
PB1|PP755595.1|A/cattle/Texas/24-008749-003/2024(H5N1)	2099	4266
PB1|PP755595.1|A/cattle/Texas/24-008749-003/2024(H5N1)	2100	4252
PB1|PP755595.1|A/cattle/Texas/24-008749-003/2024(H5N1)	2101	4252
PB1|PP755595.1|A/cattle/Texas/24-008749-003/2024(H5N1)	2102	4248
PB1|PP755595.1|A/cattle/Texas/24-008749-003/2024(H5N1)	2103	4124
PB1|PP755595.1|A/cattle/Texas/24-008749-003/2024(H5N1)	2104	4124
PB1|PP755595.1|A/cattle/Texas/24-008749-003/2024(H5N1)	2105	4138
PB1|PP755595.1|A/cattle/Texas/24-008749-003/2024(H5N1)	2106	4502
PB1|PP755595.1|A/cattle/Texas/24-008749-003/2024(H5N1)	2107	4659
PB1|PP755595.1|A/cattle/Texas/24-008749-003/2024(H5N1)	2108	4666
PB1|PP755595.1|A/cattle/Texas/24-008749-003/2024(H5N1)	2109	4724
PB1|PP755595.1|A/cattle/Texas/24-008749-003/2024(H5N1)	2110	4795
PB1|PP755595.1|A/cattle/Texas/24-008749-003/2024(H5N1)	2111	4828
PB1|PP755595.1|A/cattle/Texas/24-008749-003/2024(H5N1)	2112	4886
PB1|PP755595.1|A/cattle/Texas/24-008749-003/2024(H5N1)	2113	4924
PB1|PP755595.1|A/cattle/Texas/24-008749-003/2024(H5N1)	2114	4912
PB1|PP755595.1|A/cattle/Texas/24-008749-003/2024(H5N1)	2115	4922
PB1|PP755595.1|A/cattle/Texas/24-008749-003/2024(H5N1)	2116	4847
PB1|PP755595.1|A/cattle/Texas/24-008749-003/2024(H5N1)	2117	4777
PB1|PP755595.1|A/cattle/Texas/24-008749-003/2024(H5N1)	2118	4870
PB1|PP755595.1|A/cattle/Texas/24-008749-003/2024(H5N1)	2119	4826
PB1|PP755595.1|A/cattle/Texas/24-008749-003/2024(H5N1)	2120	4823
PB1|PP755595.1|A/cattle/Texas/24-008749-003/2024(H5N1)	2121	4736
PB1|PP755595.1|A/cattle/Texas/24-008749-003/2024(H5N1)	2122	4759
PB1|PP755595.1|A/cattle/Texas/24-008749-003/2024(H5N1)	2123	4763
PB1|PP755595.1|A/cattle/Texas/24-008749-003/2024(H5N1)	2124	4768
PB1|PP755595.1|A/cattle/Texas/24-008749-003/2024(H5N1)	2125	4829
PB1|PP755595.1|A/cattle/Texas/24-008749-003/2024(H5N1)	2126	4862
PB1|PP755595.1|A/cattle/Texas/24-008749-003/2024(H5N1)	2127	4877
PB1|PP755595.1|A/cattle/Texas/24-008749-003/2024(H5N1)	2128	4878
PB1|PP755595.1|A/cattle/Texas/24-008749-003/2024(H5N1)	2129	4937
PB1|PP755595.1|A/cattle/Texas/24-008749-003/2024(H5N1)	2130	5080
PB1|PP755595.1|A/cattle/Texas/24-008749-003/2024(H5N1)	2131	5097
PB1|PP755595.1|A/cattle/Texas/24-008749-003/2024(H5N1)	2132	5092
PB1|PP755595.1|A/cattle/Texas/24-008749-003/2024(H5N1)	2133	5063
PB1|PP755595.1|A/cattle/Texas/24-008749-003/2024(H5N1)	2134	5219
PB1|PP755595.1|A/cattle/Texas/24-008749-003/2024(H5N1)	2135	5172
PB1|PP755595.1|A/cattle/Texas/24-008749-003/2024(H5N1)	2136	5170
PB1|PP755595.1|A/cattle/Texas/24-008749-003/2024(H5N1)	2137	5169
PB1|PP755595.1|A/cattle/Texas/24-008749-003/2024(H5N1)	2138	5194
PB1|PP755595.1|A/cattle/Texas/24-008749-003/2024(H5N1)	2139	5198
PB1|PP755595.1|A/cattle/Texas/24-008749-003/2024(H5N1)	2140	5462
PB1|PP755595.1|A/cattle/Texas/24-008749-003/2024(H5N1)	2141	5441
PB1|PP755595.1|A/cattle/Texas/24-008749-003/2024(H5N1)	2142	5454
PB1|PP755595.1|A/cattle/Texas/24-008749-003/2024(H5N1)	2143	5399
PB1|PP755595.1|A/cattle/Texas/24-008749-003/2024(H5N1)	2144	5398
PB1|PP755595.1|A/cattle/Texas/24-008749-003/2024(H5N1)	2145	5387
PB1|PP755595.1|A/cattle/Texas/24-008749-003/2024(H5N1)	2146	5402
PB1|PP755595.1|A/cattle/Texas/24-008749-003/2024(H5N1)	2147	5391
PB1|PP755595.1|A/cattle/Texas/24-008749-003/2024(H5N1)	2148	5401
PB1|PP755595.1|A/cattle/Texas/24-008749-003/2024(H5N1)	2149	5398
PB1|PP755595.1|A/cattle/Texas/24-008749-003/2024(H5N1)	2150	5371
PB1|PP755595.1|A/cattle/Texas/24-008749-003/2024(H5N1)	2151	5336
PB1|PP755595.1|A/cattle/Texas/24-008749-003/2024(H5N1)	2152	5101
PB1|PP755595.1|A/cattle/Texas/24-008749-003/2024(H5N1)	2153	5073
PB1|PP755595.1|A/cattle/Texas/24-008749-003/2024(H5N1)	2154	5097
PB1|PP755595.1|A/cattle/Texas/24-008749-003/2024(H5N1)	2155	5117
PB1|PP755595.1|A/cattle/Texas/24-008749-003/2024(H5N1)	2156	5038
PB1|PP755595.1|A/cattle/Texas/24-008749-003/2024(H5N1)	2157	5052
PB1|PP755595.1|A/cattle/Texas/24-008749-003/2024(H5N1)	2158	5028
PB1|PP755595.1|A/cattle/Texas/24-008749-003/2024(H5N1)	2159	4996
PB1|PP755595.1|A/cattle/Texas/24-008749-003/2024(H5N1)	2160	5000
PB1|PP755595.1|A/cattle/Texas/24-008749-003/2024(H5N1)	2161	4967
PB1|PP755595.1|A/cattle/Texas/24-008749-003/2024(H5N1)	2162	4966
PB1|PP755595.1|A/cattle/Texas/24-008749-003/2024(H5N1)	2163	4987
PB1|PP755595.1|A/cattle/Texas/24-008749-003/2024(H5N1)	2164	4964
PB1|PP755595.1|A/cattle/Texas/24-008749-003/2024(H5N1)	2165	4932
PB1|PP755595.1|A/cattle/Texas/24-008749-003/2024(H5N1)	2166	5484
PB1|PP755595.1|A/cattle/Texas/24-008749-003/2024(H5N1)	2167	5525
PB1|PP755595.1|A/cattle/Texas/24-008749-003/2024(H5N1)	2168	5527
PB1|PP755595.1|A/cattle/Texas/24-008749-003/2024(H5N1)	2169	5723
PB1|PP755595.1|A/cattle/Texas/24-008749-003/2024(H5N1)	2170	5728
PB1|PP755595.1|A/cattle/Texas/24-008749-003/2024(H5N1)	2171	5810
PB1|PP755595.1|A/cattle/Texas/24-008749-003/2024(H5N1)	2172	5636
PB1|PP755595.1|A/cattle/Texas/24-008749-003/2024(H5N1)	2173	5620
PB1|PP755595.1|A/cattle/Texas/24-008749-003/2024(H5N1)	2174	5537
PB1|PP755595.1|A/cattle/Texas/24-008749-003/2024(H5N1)	2175	5531
PB1|PP755595.1|A/cattle/Texas/24-008749-003/2024(H5N1)	2176	5524
PB1|PP755595.1|A/cattle/Texas/24-008749-003/2024(H5N1)	2177	5458
PB1|PP755595.1|A/cattle/Texas/24-008749-003/2024(H5N1)	2178	5456
PB1|PP755595.1|A/cattle/Texas/24-008749-003/2024(H5N1)	2179	5437
PB1|PP755595.1|A/cattle/Texas/24-008749-003/2024(H5N1)	2180	5426
PB1|PP755595.1|A/cattle/Texas/24-008749-003/2024(H5N1)	2181	5421
PB1|PP755595.1|A/cattle/Texas/24-008749-003/2024(H5N1)	2182	5419
PB1|PP755595.1|A/cattle/Texas/24-008749-003/2024(H5N1)	2183	5380
PB1|PP755595.1|A/cattle/Texas/24-008749-003/2024(H5N1)	2184	5188
PB1|PP755595.1|A/cattle/Texas/24-008749-003/2024(H5N1)	2185	5192
PB1|PP755595.1|A/cattle/Texas/24-008749-003/2024(H5N1)	2186	5182
PB1|PP755595.1|A/cattle/Texas/24-008749-003/2024(H5N1)	2187	5178
PB1|PP755595.1|A/cattle/Texas/24-008749-003/2024(H5N1)	2188	5173
PB1|PP755595.1|A/cattle/Texas/24-008749-003/2024(H5N1)	2189	5171
PB1|PP755595.1|A/cattle/Texas/24-008749-003/2024(H5N1)	2190	5024
PB1|PP755595.1|A/cattle/Texas/24-008749-003/2024(H5N1)	2191	5023
PB1|PP755595.1|A/cattle/Texas/24-008749-003/2024(H5N1)	2192	5026
PB1|PP755595.1|A/cattle/Texas/24-008749-003/2024(H5N1)	2193	5010
PB1|PP755595.1|A/cattle/Texas/24-008749-003/2024(H5N1)	2194	4964
PB1|PP755595.1|A/cattle/Texas/24-008749-003/2024(H5N1)	2195	4923
PB1|PP755595.1|A/cattle/Texas/24-008749-003/2024(H5N1)	2196	4906
PB1|PP755595.1|A/cattle/Texas/24-008749-003/2024(H5N1)	2197	4899
PB1|PP755595.1|A/cattle/Texas/24-008749-003/2024(H5N1)	2198	4893
PB1|PP755595.1|A/cattle/Texas/24-008749-003/2024(H5N1)	2199	4889
PB1|PP755595.1|A/cattle/Texas/24-008749-003/2024(H5N1)	2200	4459
PB1|PP755595.1|A/cattle/Texas/24-008749-003/2024(H5N1)	2201	4411
PB1|PP755595.1|A/cattle/Texas/24-008749-003/2024(H5N1)	2202	4389
PB1|PP755595.1|A/cattle/Texas/24-008749-003/2024(H5N1)	2203	4375
PB1|PP755595.1|A/cattle/Texas/24-008749-003/2024(H5N1)	2204	4344
PB1|PP755595.1|A/cattle/Texas/24-008749-003/2024(H5N1)	2205	4328
PB1|PP755595.1|A/cattle/Texas/24-008749-003/2024(H5N1)	2206	4316
PB1|PP755595.1|A/cattle/Texas/24-008749-003/2024(H5N1)	2207	4283
PB1|PP755595.1|A/cattle/Texas/24-008749-003/2024(H5N1)	2208	4289
PB1|PP755595.1|A/cattle/Texas/24-008749-003/2024(H5N1)	2209	4360
PB1|PP755595.1|A/cattle/Texas/24-008749-003/2024(H5N1)	2210	4362
PB1|PP755595.1|A/cattle/Texas/24-008749-003/2024(H5N1)	2211	4373
PB1|PP755595.1|A/cattle/Texas/24-008749-003/2024(H5N1)	2212	4372
PB1|PP755595.1|A/cattle/Texas/24-008749-003/2024(H5N1)	2213	4371
PB1|PP755595.1|A/cattle/Texas/24-008749-003/2024(H5N1)	2214	4371
PB1|PP755595.1|A/cattle/Texas/24-008749-003/2024(H5N1)	2215	4385
PB1|PP755595.1|A/cattle/Texas/24-008749-003/2024(H5N1)	2216	4388
PB1|PP755595.1|A/cattle/Texas/24-008749-003/2024(H5N1)	2217	4390
PB1|PP755595.1|A/cattle/Texas/24-008749-003/2024(H5N1)	2218	4388
PB1|PP755595.1|A/cattle/Texas/24-008749-003/2024(H5N1)	2219	4392
PB1|PP755595.1|A/cattle/Texas/24-008749-003/2024(H5N1)	2220	4392
PB1|PP755595.1|A/cattle/Texas/24-008749-003/2024(H5N1)	2221	4379
PB1|PP755595.1|A/cattle/Texas/24-008749-003/2024(H5N1)	2222	4335
PB1|PP755595.1|A/cattle/Texas/24-008749-003/2024(H5N1)	2223	4331
PB1|PP755595.1|A/cattle/Texas/24-008749-003/2024(H5N1)	2224	4331
PB1|PP755595.1|A/cattle/Texas/24-008749-003/2024(H5N1)	2225	4216
PB1|PP755595.1|A/cattle/Texas/24-008749-003/2024(H5N1)	2226	4227
PB1|PP755595.1|A/cattle/Texas/24-008749-003/2024(H5N1)	2227	4215
PB1|PP755595.1|A/cattle/Texas/24-008749-003/2024(H5N1)	2228	4204
PB1|PP755595.1|A/cattle/Texas/24-008749-003/2024(H5N1)	2229	4203
PB1|PP755595.1|A/cattle/Texas/24-008749-003/2024(H5N1)	2230	4191
PB1|PP755595.1|A/cattle/Texas/24-008749-003/2024(H5N1)	2231	4183
PB1|PP755595.1|A/cattle/Texas/24-008749-003/2024(H5N1)	2232	4160
PB1|PP755595.1|A/cattle/Texas/24-008749-003/2024(H5N1)	2233	4181
PB1|PP755595.1|A/cattle/Texas/24-008749-003/2024(H5N1)	2234	4169
PB1|PP755595.1|A/cattle/Texas/24-008749-003/2024(H5N1)	2235	4126
PB1|PP755595.1|A/cattle/Texas/24-008749-003/2024(H5N1)	2236	4092
PB1|PP755595.1|A/cattle/Texas/24-008749-003/2024(H5N1)	2237	4076
PB1|PP755595.1|A/cattle/Texas/24-008749-003/2024(H5N1)	2238	4045
PB1|PP755595.1|A/cattle/Texas/24-008749-003/2024(H5N1)	2239	3916
PB1|PP755595.1|A/cattle/Texas/24-008749-003/2024(H5N1)	2240	3922
PB1|PP755595.1|A/cattle/Texas/24-008749-003/2024(H5N1)	2241	3915
PB1|PP755595.1|A/cattle/Texas/24-008749-003/2024(H5N1)	2242	3915
PB1|PP755595.1|A/cattle/Texas/24-008749-003/2024(H5N1)	2243	3910
PB1|PP755595.1|A/cattle/Texas/24-008749-003/2024(H5N1)	2244	3783
PB1|PP755595.1|A/cattle/Texas/24-008749-003/2024(H5N1)	2245	3777
PB1|PP755595.1|A/cattle/Texas/24-008749-003/2024(H5N1)	2246	3782
PB1|PP755595.1|A/cattle/Texas/24-008749-003/2024(H5N1)	2247	3713
PB1|PP755595.1|A/cattle/Texas/24-008749-003/2024(H5N1)	2248	3693
PB1|PP755595.1|A/cattle/Texas/24-008749-003/2024(H5N1)	2249	3604
PB1|PP755595.1|A/cattle/Texas/24-008749-003/2024(H5N1)	2250	3585
PB1|PP755595.1|A/cattle/Texas/24-008749-003/2024(H5N1)	2251	3563
PB1|PP755595.1|A/cattle/Texas/24-008749-003/2024(H5N1)	2252	3554
PB1|PP755595.1|A/cattle/Texas/24-008749-003/2024(H5N1)	2253	3550
PB1|PP755595.1|A/cattle/Texas/24-008749-003/2024(H5N1)	2254	3541
PB1|PP755595.1|A/cattle/Texas/24-008749-003/2024(H5N1)	2255	3147
PB1|PP755595.1|A/cattle/Texas/24-008749-003/2024(H5N1)	2256	3135
PB1|PP755595.1|A/cattle/Texas/24-008749-003/2024(H5N1)	2257	3024
PB1|PP755595.1|A/cattle/Texas/24-008749-003/2024(H5N1)	2258	2995
PB1|PP755595.1|A/cattle/Texas/24-008749-003/2024(H5N1)	2259	2992
PB1|PP755595.1|A/cattle/Texas/24-008749-003/2024(H5N1)	2260	2947
PB1|PP755595.1|A/cattle/Texas/24-008749-003/2024(H5N1)	2261	2906
PB1|PP755595.1|A/cattle/Texas/24-008749-003/2024(H5N1)	2262	2905
PB1|PP755595.1|A/cattle/Texas/24-008749-003/2024(H5N1)	2263	2853
PB1|PP755595.1|A/cattle/Texas/24-008749-003/2024(H5N1)	2264	2818
PB1|PP755595.1|A/cattle/Texas/24-008749-003/2024(H5N1)	2265	2696
PB1|PP755595.1|A/cattle/Texas/24-008749-003/2024(H5N1)	2266	2675
PB1|PP755595.1|A/cattle/Texas/24-008749-003/2024(H5N1)	2267	2669
PB1|PP755595.1|A/cattle/Texas/24-008749-003/2024(H5N1)	2268	2640
PB1|PP755595.1|A/cattle/Texas/24-008749-003/2024(H5N1)	2269	2638
PB1|PP755595.1|A/cattle/Texas/24-008749-003/2024(H5N1)	2270	2636
PB1|PP755595.1|A/cattle/Texas/24-008749-003/2024(H5N1)	2271	2626
PB1|PP755595.1|A/cattle/Texas/24-008749-003/2024(H5N1)	2272	2616
PB1|PP755595.1|A/cattle/Texas/24-008749-003/2024(H5N1)	2273	2581
PB1|PP755595.1|A/cattle/Texas/24-008749-003/2024(H5N1)	2274	2218
