MP|PP755590.1|A/cattle/Texas/24-008749-003/2024(H5N1)	1	7117
MP|PP755590.1|A/cattle/Texas/24-008749-003/2024(H5N1)	2	7231
MP|PP755590.1|A/cattle/Texas/24-008749-003/2024(H5N1)	3	7252
MP|PP755590.1|A/cattle/Texas/24-008749-003/2024(H5N1)	4	7263
MP|PP755590.1|A/cattle/Texas/24-008749-003/2024(H5N1)	5	7723
MP|PP755590.1|A/cattle/Texas/24-008749-003/2024(H5N1)	6	7859
MP|PP755590.1|A/cattle/Texas/24-008749-003/2024(H5N1)	7	8474
MP|PP755590.1|A/cattle/Texas/24-008749-003/2024(H5N1)	8	8728
MP|PP755590.1|A/cattle/Texas/24-008749-003/2024(H5N1)	9	8784
MP|PP755590.1|A/cattle/Texas/24-008749-003/2024(H5N1)	10	8788
MP|PP755590.1|A/cattle/Texas/24-008749-003/2024(H5N1)	11	8815
MP|PP755590.1|A/cattle/Texas/24-008749-003/2024(H5N1)	12	8900
MP|PP755590.1|A/cattle/Texas/24-008749-003/2024(H5N1)	13	8933
MP|PP755590.1|A/cattle/Texas/24-008749-003/2024(H5N1)	14	8937
MP|PP755590.1|A/cattle/Texas/24-008749-003/2024(H5N1)	15	8938
MP|PP755590.1|A/cattle/Texas/24-008749-003/2024(H5N1)	16	8942
MP|PP755590.1|A/cattle/Texas/24-008749-003/2024(H5N1)	17	8990
MP|PP755590.1|A/cattle/Texas/24-008749-003/2024(H5N1)	18	9078
MP|PP755590.1|A/cattle/Texas/24-008749-003/2024(H5N1)	19	9389
MP|PP755590.1|A/cattle/Texas/24-008749-003/2024(H5N1)	20	9389
MP|PP755590.1|A/cattle/Texas/24-008749-003/2024(H5N1)	21	9395
MP|PP755590.1|A/cattle/Texas/24-008749-003/2024(H5N1)	22	9400
MP|PP755590.1|A/cattle/Texas/24-008749-003/2024(H5N1)	23	9612
MP|PP755590.1|A/cattle/Texas/24-008749-003/2024(H5N1)	24	9615
MP|PP755590.1|A/cattle/Texas/24-008749-003/2024(H5N1)	25	9642
MP|PP755590.1|A/cattle/Texas/24-008749-003/2024(H5N1)	26	9997
MP|PP755590.1|A/cattle/Texas/24-008749-003/2024(H5N1)	27	10040
MP|PP755590.1|A/cattle/Texas/24-008749-003/2024(H5N1)	28	10096
MP|PP755590.1|A/cattle/Texas/24-008749-003/2024(H5N1)	29	10112
MP|PP755590.1|A/cattle/Texas/24-008749-003/2024(H5N1)	30	10189
MP|PP755590.1|A/cattle/Texas/24-008749-003/2024(H5N1)	31	10262
MP|PP755590.1|A/cattle/Texas/24-008749-003/2024(H5N1)	32	10285
MP|PP755590.1|A/cattle/Texas/24-008749-003/2024(H5N1)	33	10585
MP|PP755590.1|A/cattle/Texas/24-008749-003/2024(H5N1)	34	10789
MP|PP755590.1|A/cattle/Texas/24-008749-003/2024(H5N1)	35	10795
MP|PP755590.1|A/cattle/Texas/24-008749-003/2024(H5N1)	36	11139
MP|PP755590.1|A/cattle/Texas/24-008749-003/2024(H5N1)	37	11138
MP|PP755590.1|A/cattle/Texas/24-008749-003/2024(H5N1)	38	11669
MP|PP755590.1|A/cattle/Texas/24-008749-003/2024(H5N1)	39	11679
MP|PP755590.1|A/cattle/Texas/24-008749-003/2024(H5N1)	40	11759
MP|PP755590.1|A/cattle/Texas/24-008749-003/2024(H5N1)	41	11765
MP|PP755590.1|A/cattle/Texas/24-008749-003/2024(H5N1)	42	11772
MP|PP755590.1|A/cattle/Texas/24-008749-003/2024(H5N1)	43	11824
MP|PP755590.1|A/cattle/Texas/24-008749-003/2024(H5N1)	44	11826
MP|PP755590.1|A/cattle/Texas/24-008749-003/2024(H5N1)	45	11850
MP|PP755590.1|A/cattle/Texas/24-008749-003/2024(H5N1)	46	11924
MP|PP755590.1|A/cattle/Texas/24-008749-003/2024(H5N1)	47	12049
MP|PP755590.1|A/cattle/Texas/24-008749-003/2024(H5N1)	48	12121
MP|PP755590.1|A/cattle/Texas/24-008749-003/2024(H5N1)	49	12128
MP|PP755590.1|A/cattle/Texas/24-008749-003/2024(H5N1)	50	12151
MP|PP755590.1|A/cattle/Texas/24-008749-003/2024(H5N1)	51	12153
MP|PP755590.1|A/cattle/Texas/24-008749-003/2024(H5N1)	52	12253
MP|PP755590.1|A/cattle/Texas/24-008749-003/2024(H5N1)	53	12439
MP|PP755590.1|A/cattle/Texas/24-008749-003/2024(H5N1)	54	12448
MP|PP755590.1|A/cattle/Texas/24-008749-003/2024(H5N1)	55	12453
MP|PP755590.1|A/cattle/Texas/24-008749-003/2024(H5N1)	56	12574
MP|PP755590.1|A/cattle/Texas/24-008749-003/2024(H5N1)	57	13278
MP|PP755590.1|A/cattle/Texas/24-008749-003/2024(H5N1)	58	13294
MP|PP755590.1|A/cattle/Texas/24-008749-003/2024(H5N1)	59	13349
MP|PP755590.1|A/cattle/Texas/24-008749-003/2024(H5N1)	60	13353
MP|PP755590.1|A/cattle/Texas/24-008749-003/2024(H5N1)	61	13412
MP|PP755590.1|A/cattle/Texas/24-008749-003/2024(H5N1)	62	13419
MP|PP755590.1|A/cattle/Texas/24-008749-003/2024(H5N1)	63	13566
MP|PP755590.1|A/cattle/Texas/24-008749-003/2024(H5N1)	64	13611
MP|PP755590.1|A/cattle/Texas/24-008749-003/2024(H5N1)	65	13680
MP|PP755590.1|A/cattle/Texas/24-008749-003/2024(H5N1)	66	13645
MP|PP755590.1|A/cattle/Texas/24-008749-003/2024(H5N1)	67	13646
MP|PP755590.1|A/cattle/Texas/24-008749-003/2024(H5N1)	68	13690
MP|PP755590.1|A/cattle/Texas/24-008749-003/2024(H5N1)	69	13694
MP|PP755590.1|A/cattle/Texas/24-008749-003/2024(H5N1)	70	13946
MP|PP755590.1|A/cattle/Texas/24-008749-003/2024(H5N1)	71	13951
MP|PP755590.1|A/cattle/Texas/24-008749-003/2024(H5N1)	72	13943
MP|PP755590.1|A/cattle/Texas/24-008749-003/2024(H5N1)	73	14018
MP|PP755590.1|A/cattle/Texas/24-008749-003/2024(H5N1)	74	14133
MP|PP755590.1|A/cattle/Texas/24-008749-003/2024(H5N1)	75	14137
MP|PP755590.1|A/cattle/Texas/24-008749-003/2024(H5N1)	76	14300
MP|PP755590.1|A/cattle/Texas/24-008749-003/2024(H5N1)	77	14298
MP|PP755590.1|A/cattle/Texas/24-008749-003/2024(H5N1)	78	14346
MP|PP755590.1|A/cattle/Texas/24-008749-003/2024(H5N1)	79	14640
MP|PP755590.1|A/cattle/Texas/24-008749-003/2024(H5N1)	80	15611
MP|PP755590.1|A/cattle/Texas/24-008749-003/2024(H5N1)	81	15664
MP|PP755590.1|A/cattle/Texas/24-008749-003/2024(H5N1)	82	15816
MP|PP755590.1|A/cattle/Texas/24-008749-003/2024(H5N1)	83	15978
MP|PP755590.1|A/cattle/Texas/24-008749-003/2024(H5N1)	84	16039
MP|PP755590.1|A/cattle/Texas/24-008749-003/2024(H5N1)	85	16172
MP|PP755590.1|A/cattle/Texas/24-008749-003/2024(H5N1)	86	16195
MP|PP755590.1|A/cattle/Texas/24-008749-003/2024(H5N1)	87	16195
MP|PP755590.1|A/cattle/Texas/24-008749-003/2024(H5N1)	88	16196
MP|PP755590.1|A/cattle/Texas/24-008749-003/2024(H5N1)	89	16127
MP|PP755590.1|A/cattle/Texas/24-008749-003/2024(H5N1)	90	16241
MP|PP755590.1|A/cattle/Texas/24-008749-003/2024(H5N1)	91	16292
MP|PP755590.1|A/cattle/Texas/24-008749-003/2024(H5N1)	92	16389
MP|PP755590.1|A/cattle/Texas/24-008749-003/2024(H5N1)	93	16399
MP|PP755590.1|A/cattle/Texas/24-008749-003/2024(H5N1)	94	16383
MP|PP755590.1|A/cattle/Texas/24-008749-003/2024(H5N1)	95	16471
MP|PP755590.1|A/cattle/Texas/24-008749-003/2024(H5N1)	96	16583
MP|PP755590.1|A/cattle/Texas/24-008749-003/2024(H5N1)	97	16669
MP|PP755590.1|A/cattle/Texas/24-008749-003/2024(H5N1)	98	16669
MP|PP755590.1|A/cattle/Texas/24-008749-003/2024(H5N1)	99	16654
MP|PP755590.1|A/cattle/Texas/24-008749-003/2024(H5N1)	100	16849
MP|PP755590.1|A/cattle/Texas/24-008749-003/2024(H5N1)	101	16858
MP|PP755590.1|A/cattle/Texas/24-008749-003/2024(H5N1)	102	17572
MP|PP755590.1|A/cattle/Texas/24-008749-003/2024(H5N1)	103	17573
MP|PP755590.1|A/cattle/Texas/24-008749-003/2024(H5N1)	104	17554
MP|PP755590.1|A/cattle/Texas/24-008749-003/2024(H5N1)	105	17983
MP|PP755590.1|A/cattle/Texas/24-008749-003/2024(H5N1)	106	18166
MP|PP755590.1|A/cattle/Texas/24-008749-003/2024(H5N1)	107	18216
MP|PP755590.1|A/cattle/Texas/24-008749-003/2024(H5N1)	108	18325
MP|PP755590.1|A/cattle/Texas/24-008749-003/2024(H5N1)	109	18310
MP|PP755590.1|A/cattle/Texas/24-008749-003/2024(H5N1)	110	18548
MP|PP755590.1|A/cattle/Texas/24-008749-003/2024(H5N1)	111	18416
MP|PP755590.1|A/cattle/Texas/24-008749-003/2024(H5N1)	112	18423
MP|PP755590.1|A/cattle/Texas/24-008749-003/2024(H5N1)	113	18833
MP|PP755590.1|A/cattle/Texas/24-008749-003/2024(H5N1)	114	18865
MP|PP755590.1|A/cattle/Texas/24-008749-003/2024(H5N1)	115	19082
MP|PP755590.1|A/cattle/Texas/24-008749-003/2024(H5N1)	116	19072
MP|PP755590.1|A/cattle/Texas/24-008749-003/2024(H5N1)	117	19059
MP|PP755590.1|A/cattle/Texas/24-008749-003/2024(H5N1)	118	19061
MP|PP755590.1|A/cattle/Texas/24-008749-003/2024(H5N1)	119	19125
MP|PP755590.1|A/cattle/Texas/24-008749-003/2024(H5N1)	120	19157
MP|PP755590.1|A/cattle/Texas/24-008749-003/2024(H5N1)	121	19186
MP|PP755590.1|A/cattle/Texas/24-008749-003/2024(H5N1)	122	19138
MP|PP755590.1|A/cattle/Texas/24-008749-003/2024(H5N1)	123	19206
MP|PP755590.1|A/cattle/Texas/24-008749-003/2024(H5N1)	124	17110
MP|PP755590.1|A/cattle/Texas/24-008749-003/2024(H5N1)	125	17233
MP|PP755590.1|A/cattle/Texas/24-008749-003/2024(H5N1)	126	16591
MP|PP755590.1|A/cattle/Texas/24-008749-003/2024(H5N1)	127	16577
MP|PP755590.1|A/cattle/Texas/24-008749-003/2024(H5N1)	128	16030
MP|PP755590.1|A/cattle/Texas/24-008749-003/2024(H5N1)	129	16008
MP|PP755590.1|A/cattle/Texas/24-008749-003/2024(H5N1)	130	16010
MP|PP755590.1|A/cattle/Texas/24-008749-003/2024(H5N1)	131	15950
MP|PP755590.1|A/cattle/Texas/24-008749-003/2024(H5N1)	132	16450
MP|PP755590.1|A/cattle/Texas/24-008749-003/2024(H5N1)	133	16140
MP|PP755590.1|A/cattle/Texas/24-008749-003/2024(H5N1)	134	16440
MP|PP755590.1|A/cattle/Texas/24-008749-003/2024(H5N1)	135	16778
MP|PP755590.1|A/cattle/Texas/24-008749-003/2024(H5N1)	136	16217
MP|PP755590.1|A/cattle/Texas/24-008749-003/2024(H5N1)	137	16681
MP|PP755590.1|A/cattle/Texas/24-008749-003/2024(H5N1)	138	16689
MP|PP755590.1|A/cattle/Texas/24-008749-003/2024(H5N1)	139	16684
MP|PP755590.1|A/cattle/Texas/24-008749-003/2024(H5N1)	140	17056
MP|PP755590.1|A/cattle/Texas/24-008749-003/2024(H5N1)	141	17147
MP|PP755590.1|A/cattle/Texas/24-008749-003/2024(H5N1)	142	17440
MP|PP755590.1|A/cattle/Texas/24-008749-003/2024(H5N1)	143	17204
MP|PP755590.1|A/cattle/Texas/24-008749-003/2024(H5N1)	144	17112
MP|PP755590.1|A/cattle/Texas/24-008749-003/2024(H5N1)	145	17117
MP|PP755590.1|A/cattle/Texas/24-008749-003/2024(H5N1)	146	17716
MP|PP755590.1|A/cattle/Texas/24-008749-003/2024(H5N1)	147	17917
MP|PP755590.1|A/cattle/Texas/24-008749-003/2024(H5N1)	148	17900
MP|PP755590.1|A/cattle/Texas/24-008749-003/2024(H5N1)	149	17781
MP|PP755590.1|A/cattle/Texas/24-008749-003/2024(H5N1)	150	17823
MP|PP755590.1|A/cattle/Texas/24-008749-003/2024(H5N1)	151	17875
MP|PP755590.1|A/cattle/Texas/24-008749-003/2024(H5N1)	152	17977
MP|PP755590.1|A/cattle/Texas/24-008749-003/2024(H5N1)	153	18081
MP|PP755590.1|A/cattle/Texas/24-008749-003/2024(H5N1)	154	16912
MP|PP755590.1|A/cattle/Texas/24-008749-003/2024(H5N1)	155	17241
MP|PP755590.1|A/cattle/Texas/24-008749-003/2024(H5N1)	156	17249
MP|PP755590.1|A/cattle/Texas/24-008749-003/2024(H5N1)	157	17272
MP|PP755590.1|A/cattle/Texas/24-008749-003/2024(H5N1)	158	17267
MP|PP755590.1|A/cattle/Texas/24-008749-003/2024(H5N1)	159	17283
MP|PP755590.1|A/cattle/Texas/24-008749-003/2024(H5N1)	160	17837
MP|PP755590.1|A/cattle/Texas/24-008749-003/2024(H5N1)	161	17768
MP|PP755590.1|A/cattle/Texas/24-008749-003/2024(H5N1)	162	17943
MP|PP755590.1|A/cattle/Texas/24-008749-003/2024(H5N1)	163	17943
MP|PP755590.1|A/cattle/Texas/24-008749-003/2024(H5N1)	164	18000
MP|PP755590.1|A/cattle/Texas/24-008749-003/2024(H5N1)	165	18323
MP|PP755590.1|A/cattle/Texas/24-008749-003/2024(H5N1)	166	18383
MP|PP755590.1|A/cattle/Texas/24-008749-003/2024(H5N1)	167	18305
MP|PP755590.1|A/cattle/Texas/24-008749-003/2024(H5N1)	168	18312
MP|PP755590.1|A/cattle/Texas/24-008749-003/2024(H5N1)	169	18167
MP|PP755590.1|A/cattle/Texas/24-008749-003/2024(H5N1)	170	17991
MP|PP755590.1|A/cattle/Texas/24-008749-003/2024(H5N1)	171	18009
MP|PP755590.1|A/cattle/Texas/24-008749-003/2024(H5N1)	172	18041
MP|PP755590.1|A/cattle/Texas/24-008749-003/2024(H5N1)	173	18062
MP|PP755590.1|A/cattle/Texas/24-008749-003/2024(H5N1)	174	18020
MP|PP755590.1|A/cattle/Texas/24-008749-003/2024(H5N1)	175	18255
MP|PP755590.1|A/cattle/Texas/24-008749-003/2024(H5N1)	176	18233
MP|PP755590.1|A/cattle/Texas/24-008749-003/2024(H5N1)	177	18031
MP|PP755590.1|A/cattle/Texas/24-008749-003/2024(H5N1)	178	18005
MP|PP755590.1|A/cattle/Texas/24-008749-003/2024(H5N1)	179	17966
MP|PP755590.1|A/cattle/Texas/24-008749-003/2024(H5N1)	180	17957
MP|PP755590.1|A/cattle/Texas/24-008749-003/2024(H5N1)	181	18025
MP|PP755590.1|A/cattle/Texas/24-008749-003/2024(H5N1)	182	18076
MP|PP755590.1|A/cattle/Texas/24-008749-003/2024(H5N1)	183	18102
MP|PP755590.1|A/cattle/Texas/24-008749-003/2024(H5N1)	184	17857
MP|PP755590.1|A/cattle/Texas/24-008749-003/2024(H5N1)	185	17745
MP|PP755590.1|A/cattle/Texas/24-008749-003/2024(H5N1)	186	17735
MP|PP755590.1|A/cattle/Texas/24-008749-003/2024(H5N1)	187	17651
MP|PP755590.1|A/cattle/Texas/24-008749-003/2024(H5N1)	188	17660
MP|PP755590.1|A/cattle/Texas/24-008749-003/2024(H5N1)	189	17194
MP|PP755590.1|A/cattle/Texas/24-008749-003/2024(H5N1)	190	17506
MP|PP755590.1|A/cattle/Texas/24-008749-003/2024(H5N1)	191	17617
MP|PP755590.1|A/cattle/Texas/24-008749-003/2024(H5N1)	192	17679
MP|PP755590.1|A/cattle/Texas/24-008749-003/2024(H5N1)	193	17688
MP|PP755590.1|A/cattle/Texas/24-008749-003/2024(H5N1)	194	18112
MP|PP755590.1|A/cattle/Texas/24-008749-003/2024(H5N1)	195	18114
MP|PP755590.1|A/cattle/Texas/24-008749-003/2024(H5N1)	196	17933
MP|PP755590.1|A/cattle/Texas/24-008749-003/2024(H5N1)	197	17917
MP|PP755590.1|A/cattle/Texas/24-008749-003/2024(H5N1)	198	18253
MP|PP755590.1|A/cattle/Texas/24-008749-003/2024(H5N1)	199	18438
MP|PP755590.1|A/cattle/Texas/24-008749-003/2024(H5N1)	200	18585
MP|PP755590.1|A/cattle/Texas/24-008749-003/2024(H5N1)	201	18701
MP|PP755590.1|A/cattle/Texas/24-008749-003/2024(H5N1)	202	18709
MP|PP755590.1|A/cattle/Texas/24-008749-003/2024(H5N1)	203	18524
MP|PP755590.1|A/cattle/Texas/24-008749-003/2024(H5N1)	204	18557
MP|PP755590.1|A/cattle/Texas/24-008749-003/2024(H5N1)	205	18714
MP|PP755590.1|A/cattle/Texas/24-008749-003/2024(H5N1)	206	18688
MP|PP755590.1|A/cattle/Texas/24-008749-003/2024(H5N1)	207	18122
MP|PP755590.1|A/cattle/Texas/24-008749-003/2024(H5N1)	208	18054
MP|PP755590.1|A/cattle/Texas/24-008749-003/2024(H5N1)	209	18228
MP|PP755590.1|A/cattle/Texas/24-008749-003/2024(H5N1)	210	18832
MP|PP755590.1|A/cattle/Texas/24-008749-003/2024(H5N1)	211	18926
MP|PP755590.1|A/cattle/Texas/24-008749-003/2024(H5N1)	212	19197
MP|PP755590.1|A/cattle/Texas/24-008749-003/2024(H5N1)	213	19198
MP|PP755590.1|A/cattle/Texas/24-008749-003/2024(H5N1)	214	19259
MP|PP755590.1|A/cattle/Texas/24-008749-003/2024(H5N1)	215	19310
MP|PP755590.1|A/cattle/Texas/24-008749-003/2024(H5N1)	216	19321
MP|PP755590.1|A/cattle/Texas/24-008749-003/2024(H5N1)	217	19731
MP|PP755590.1|A/cattle/Texas/24-008749-003/2024(H5N1)	218	19777
MP|PP755590.1|A/cattle/Texas/24-008749-003/2024(H5N1)	219	19706
MP|PP755590.1|A/cattle/Texas/24-008749-003/2024(H5N1)	220	20585
MP|PP755590.1|A/cattle/Texas/24-008749-003/2024(H5N1)	221	20390
MP|PP755590.1|A/cattle/Texas/24-008749-003/2024(H5N1)	222	20428
MP|PP755590.1|A/cattle/Texas/24-008749-003/2024(H5N1)	223	20360
MP|PP755590.1|A/cattle/Texas/24-008749-003/2024(H5N1)	224	20321
MP|PP755590.1|A/cattle/Texas/24-008749-003/2024(H5N1)	225	20708
MP|PP755590.1|A/cattle/Texas/24-008749-003/2024(H5N1)	226	20708
MP|PP755590.1|A/cattle/Texas/24-008749-003/2024(H5N1)	227	20752
MP|PP755590.1|A/cattle/Texas/24-008749-003/2024(H5N1)	228	20878
MP|PP755590.1|A/cattle/Texas/24-008749-003/2024(H5N1)	229	20482
MP|PP755590.1|A/cattle/Texas/24-008749-003/2024(H5N1)	230	20486
MP|PP755590.1|A/cattle/Texas/24-008749-003/2024(H5N1)	231	19800
MP|PP755590.1|A/cattle/Texas/24-008749-003/2024(H5N1)	232	19672
MP|PP755590.1|A/cattle/Texas/24-008749-003/2024(H5N1)	233	19710
MP|PP755590.1|A/cattle/Texas/24-008749-003/2024(H5N1)	234	19427
MP|PP755590.1|A/cattle/Texas/24-008749-003/2024(H5N1)	235	19656
MP|PP755590.1|A/cattle/Texas/24-008749-003/2024(H5N1)	236	19811
MP|PP755590.1|A/cattle/Texas/24-008749-003/2024(H5N1)	237	19804
MP|PP755590.1|A/cattle/Texas/24-008749-003/2024(H5N1)	238	20077
MP|PP755590.1|A/cattle/Texas/24-008749-003/2024(H5N1)	239	20324
MP|PP755590.1|A/cattle/Texas/24-008749-003/2024(H5N1)	240	20229
MP|PP755590.1|A/cattle/Texas/24-008749-003/2024(H5N1)	241	20165
MP|PP755590.1|A/cattle/Texas/24-008749-003/2024(H5N1)	242	20165
MP|PP755590.1|A/cattle/Texas/24-008749-003/2024(H5N1)	243	20242
MP|PP755590.1|A/cattle/Texas/24-008749-003/2024(H5N1)	244	20474
MP|PP755590.1|A/cattle/Texas/24-008749-003/2024(H5N1)	245	20460
MP|PP755590.1|A/cattle/Texas/24-008749-003/2024(H5N1)	246	20963
MP|PP755590.1|A/cattle/Texas/24-008749-003/2024(H5N1)	247	21030
MP|PP755590.1|A/cattle/Texas/24-008749-003/2024(H5N1)	248	21054
MP|PP755590.1|A/cattle/Texas/24-008749-003/2024(H5N1)	249	21579
MP|PP755590.1|A/cattle/Texas/24-008749-003/2024(H5N1)	250	21393
MP|PP755590.1|A/cattle/Texas/24-008749-003/2024(H5N1)	251	21470
MP|PP755590.1|A/cattle/Texas/24-008749-003/2024(H5N1)	252	21838
MP|PP755590.1|A/cattle/Texas/24-008749-003/2024(H5N1)	253	21197
MP|PP755590.1|A/cattle/Texas/24-008749-003/2024(H5N1)	254	21277
MP|PP755590.1|A/cattle/Texas/24-008749-003/2024(H5N1)	255	21598
MP|PP755590.1|A/cattle/Texas/24-008749-003/2024(H5N1)	256	21024
MP|PP755590.1|A/cattle/Texas/24-008749-003/2024(H5N1)	257	21273
MP|PP755590.1|A/cattle/Texas/24-008749-003/2024(H5N1)	258	21261
MP|PP755590.1|A/cattle/Texas/24-008749-003/2024(H5N1)	259	21669
MP|PP755590.1|A/cattle/Texas/24-008749-003/2024(H5N1)	260	21824
MP|PP755590.1|A/cattle/Texas/24-008749-003/2024(H5N1)	261	21574
MP|PP755590.1|A/cattle/Texas/24-008749-003/2024(H5N1)	262	21572
MP|PP755590.1|A/cattle/Texas/24-008749-003/2024(H5N1)	263	21607
MP|PP755590.1|A/cattle/Texas/24-008749-003/2024(H5N1)	264	21257
MP|PP755590.1|A/cattle/Texas/24-008749-003/2024(H5N1)	265	21286
MP|PP755590.1|A/cattle/Texas/24-008749-003/2024(H5N1)	266	21156
MP|PP755590.1|A/cattle/Texas/24-008749-003/2024(H5N1)	267	21358
MP|PP755590.1|A/cattle/Texas/24-008749-003/2024(H5N1)	268	21351
MP|PP755590.1|A/cattle/Texas/24-008749-003/2024(H5N1)	269	21291
MP|PP755590.1|A/cattle/Texas/24-008749-003/2024(H5N1)	270	21328
MP|PP755590.1|A/cattle/Texas/24-008749-003/2024(H5N1)	271	21302
MP|PP755590.1|A/cattle/Texas/24-008749-003/2024(H5N1)	272	21315
MP|PP755590.1|A/cattle/Texas/24-008749-003/2024(H5N1)	273	21742
MP|PP755590.1|A/cattle/Texas/24-008749-003/2024(H5N1)	274	22021
MP|PP755590.1|A/cattle/Texas/24-008749-003/2024(H5N1)	275	21158
MP|PP755590.1|A/cattle/Texas/24-008749-003/2024(H5N1)	276	21063
MP|PP755590.1|A/cattle/Texas/24-008749-003/2024(H5N1)	277	21064
MP|PP755590.1|A/cattle/Texas/24-008749-003/2024(H5N1)	278	21062
MP|PP755590.1|A/cattle/Texas/24-008749-003/2024(H5N1)	279	21592
MP|PP755590.1|A/cattle/Texas/24-008749-003/2024(H5N1)	280	21674
MP|PP755590.1|A/cattle/Texas/24-008749-003/2024(H5N1)	281	21661
MP|PP755590.1|A/cattle/Texas/24-008749-003/2024(H5N1)	282	21656
MP|PP755590.1|A/cattle/Texas/24-008749-003/2024(H5N1)	283	21109
MP|PP755590.1|A/cattle/Texas/24-008749-003/2024(H5N1)	284	21546
MP|PP755590.1|A/cattle/Texas/24-008749-003/2024(H5N1)	285	21227
MP|PP755590.1|A/cattle/Texas/24-008749-003/2024(H5N1)	286	20735
MP|PP755590.1|A/cattle/Texas/24-008749-003/2024(H5N1)	287	21107
MP|PP755590.1|A/cattle/Texas/24-008749-003/2024(H5N1)	288	20608
MP|PP755590.1|A/cattle/Texas/24-008749-003/2024(H5N1)	289	20837
MP|PP755590.1|A/cattle/Texas/24-008749-003/2024(H5N1)	290	20846
MP|PP755590.1|A/cattle/Texas/24-008749-003/2024(H5N1)	291	21818
MP|PP755590.1|A/cattle/Texas/24-008749-003/2024(H5N1)	292	21900
MP|PP755590.1|A/cattle/Texas/24-008749-003/2024(H5N1)	293	21548
MP|PP755590.1|A/cattle/Texas/24-008749-003/2024(H5N1)	294	21638
MP|PP755590.1|A/cattle/Texas/24-008749-003/2024(H5N1)	295	21617
MP|PP755590.1|A/cattle/Texas/24-008749-003/2024(H5N1)	296	21874
MP|PP755590.1|A/cattle/Texas/24-008749-003/2024(H5N1)	297	21704
MP|PP755590.1|A/cattle/Texas/24-008749-003/2024(H5N1)	298	21762
MP|PP755590.1|A/cattle/Texas/24-008749-003/2024(H5N1)	299	21750
MP|PP755590.1|A/cattle/Texas/24-008749-003/2024(H5N1)	300	21738
MP|PP755590.1|A/cattle/Texas/24-008749-003/2024(H5N1)	301	21652
MP|PP755590.1|A/cattle/Texas/24-008749-003/2024(H5N1)	302	21574
MP|PP755590.1|A/cattle/Texas/24-008749-003/2024(H5N1)	303	21818
MP|PP755590.1|A/cattle/Texas/24-008749-003/2024(H5N1)	304	21888
MP|PP755590.1|A/cattle/Texas/24-008749-003/2024(H5N1)	305	21877
MP|PP755590.1|A/cattle/Texas/24-008749-003/2024(H5N1)	306	21556
MP|PP755590.1|A/cattle/Texas/24-008749-003/2024(H5N1)	307	22344
MP|PP755590.1|A/cattle/Texas/24-008749-003/2024(H5N1)	308	22310
MP|PP755590.1|A/cattle/Texas/24-008749-003/2024(H5N1)	309	22371
MP|PP755590.1|A/cattle/Texas/24-008749-003/2024(H5N1)	310	22463
MP|PP755590.1|A/cattle/Texas/24-008749-003/2024(H5N1)	311	21863
MP|PP755590.1|A/cattle/Texas/24-008749-003/2024(H5N1)	312	21879
MP|PP755590.1|A/cattle/Texas/24-008749-003/2024(H5N1)	313	21670
MP|PP755590.1|A/cattle/Texas/24-008749-003/2024(H5N1)	314	21756
MP|PP755590.1|A/cattle/Texas/24-008749-003/2024(H5N1)	315	21710
MP|PP755590.1|A/cattle/Texas/24-008749-003/2024(H5N1)	316	21465
MP|PP755590.1|A/cattle/Texas/24-008749-003/2024(H5N1)	317	21617
MP|PP755590.1|A/cattle/Texas/24-008749-003/2024(H5N1)	318	21665
MP|PP755590.1|A/cattle/Texas/24-008749-003/2024(H5N1)	319	21785
MP|PP755590.1|A/cattle/Texas/24-008749-003/2024(H5N1)	320	21808
MP|PP755590.1|A/cattle/Texas/24-008749-003/2024(H5N1)	321	21782
MP|PP755590.1|A/cattle/Texas/24-008749-003/2024(H5N1)	322	21904
MP|PP755590.1|A/cattle/Texas/24-008749-003/2024(H5N1)	323	21982
MP|PP755590.1|A/cattle/Texas/24-008749-003/2024(H5N1)	324	21921
MP|PP755590.1|A/cattle/Texas/24-008749-003/2024(H5N1)	325	21937
MP|PP755590.1|A/cattle/Texas/24-008749-003/2024(H5N1)	326	21713
MP|PP755590.1|A/cattle/Texas/24-008749-003/2024(H5N1)	327	21843
MP|PP755590.1|A/cattle/Texas/24-008749-003/2024(H5N1)	328	21737
MP|PP755590.1|A/cattle/Texas/24-008749-003/2024(H5N1)	329	21722
MP|PP755590.1|A/cattle/Texas/24-008749-003/2024(H5N1)	330	21748
MP|PP755590.1|A/cattle/Texas/24-008749-003/2024(H5N1)	331	21646
MP|PP755590.1|A/cattle/Texas/24-008749-003/2024(H5N1)	332	21877
MP|PP755590.1|A/cattle/Texas/24-008749-003/2024(H5N1)	333	22093
MP|PP755590.1|A/cattle/Texas/24-008749-003/2024(H5N1)	334	22081
MP|PP755590.1|A/cattle/Texas/24-008749-003/2024(H5N1)	335	22065
MP|PP755590.1|A/cattle/Texas/24-008749-003/2024(H5N1)	336	22039
MP|PP755590.1|A/cattle/Texas/24-008749-003/2024(H5N1)	337	22058
MP|PP755590.1|A/cattle/Texas/24-008749-003/2024(H5N1)	338	22111
MP|PP755590.1|A/cattle/Texas/24-008749-003/2024(H5N1)	339	22103
MP|PP755590.1|A/cattle/Texas/24-008749-003/2024(H5N1)	340	22094
MP|PP755590.1|A/cattle/Texas/24-008749-003/2024(H5N1)	341	22132
MP|PP755590.1|A/cattle/Texas/24-008749-003/2024(H5N1)	342	21915
MP|PP755590.1|A/cattle/Texas/24-008749-003/2024(H5N1)	343	21930
MP|PP755590.1|A/cattle/Texas/24-008749-003/2024(H5N1)	344	22086
MP|PP755590.1|A/cattle/Texas/24-008749-003/2024(H5N1)	345	21635
MP|PP755590.1|A/cattle/Texas/24-008749-003/2024(H5N1)	346	21724
MP|PP755590.1|A/cattle/Texas/24-008749-003/2024(H5N1)	347	21991
MP|PP755590.1|A/cattle/Texas/24-008749-003/2024(H5N1)	348	22147
MP|PP755590.1|A/cattle/Texas/24-008749-003/2024(H5N1)	349	21614
MP|PP755590.1|A/cattle/Texas/24-008749-003/2024(H5N1)	350	21512
MP|PP755590.1|A/cattle/Texas/24-008749-003/2024(H5N1)	351	22069
MP|PP755590.1|A/cattle/Texas/24-008749-003/2024(H5N1)	352	21894
MP|PP755590.1|A/cattle/Texas/24-008749-003/2024(H5N1)	353	22081
MP|PP755590.1|A/cattle/Texas/24-008749-003/2024(H5N1)	354	22203
MP|PP755590.1|A/cattle/Texas/24-008749-003/2024(H5N1)	355	22086
MP|PP755590.1|A/cattle/Texas/24-008749-003/2024(H5N1)	356	22100
MP|PP755590.1|A/cattle/Texas/24-008749-003/2024(H5N1)	357	22090
MP|PP755590.1|A/cattle/Texas/24-008749-003/2024(H5N1)	358	22047
MP|PP755590.1|A/cattle/Texas/24-008749-003/2024(H5N1)	359	21901
MP|PP755590.1|A/cattle/Texas/24-008749-003/2024(H5N1)	360	21284
MP|PP755590.1|A/cattle/Texas/24-008749-003/2024(H5N1)	361	21552
MP|PP755590.1|A/cattle/Texas/24-008749-003/2024(H5N1)	362	21460
MP|PP755590.1|A/cattle/Texas/24-008749-003/2024(H5N1)	363	21229
MP|PP755590.1|A/cattle/Texas/24-008749-003/2024(H5N1)	364	21158
MP|PP755590.1|A/cattle/Texas/24-008749-003/2024(H5N1)	365	21435
MP|PP755590.1|A/cattle/Texas/24-008749-003/2024(H5N1)	366	21328
MP|PP755590.1|A/cattle/Texas/24-008749-003/2024(H5N1)	367	21407
MP|PP755590.1|A/cattle/Texas/24-008749-003/2024(H5N1)	368	21034
MP|PP755590.1|A/cattle/Texas/24-008749-003/2024(H5N1)	369	21149
MP|PP755590.1|A/cattle/Texas/24-008749-003/2024(H5N1)	370	20632
MP|PP755590.1|A/cattle/Texas/24-008749-003/2024(H5N1)	371	20317
MP|PP755590.1|A/cattle/Texas/24-008749-003/2024(H5N1)	372	20585
MP|PP755590.1|A/cattle/Texas/24-008749-003/2024(H5N1)	373	20550
MP|PP755590.1|A/cattle/Texas/24-008749-003/2024(H5N1)	374	20742
MP|PP755590.1|A/cattle/Texas/24-008749-003/2024(H5N1)	375	20322
MP|PP755590.1|A/cattle/Texas/24-008749-003/2024(H5N1)	376	20230
MP|PP755590.1|A/cattle/Texas/24-008749-003/2024(H5N1)	377	20535
MP|PP755590.1|A/cattle/Texas/24-008749-003/2024(H5N1)	378	20630
MP|PP755590.1|A/cattle/Texas/24-008749-003/2024(H5N1)	379	20591
MP|PP755590.1|A/cattle/Texas/24-008749-003/2024(H5N1)	380	20858
MP|PP755590.1|A/cattle/Texas/24-008749-003/2024(H5N1)	381	20785
MP|PP755590.1|A/cattle/Texas/24-008749-003/2024(H5N1)	382	20788
MP|PP755590.1|A/cattle/Texas/24-008749-003/2024(H5N1)	383	20760
MP|PP755590.1|A/cattle/Texas/24-008749-003/2024(H5N1)	384	20703
MP|PP755590.1|A/cattle/Texas/24-008749-003/2024(H5N1)	385	20818
MP|PP755590.1|A/cattle/Texas/24-008749-003/2024(H5N1)	386	20719
MP|PP755590.1|A/cattle/Texas/24-008749-003/2024(H5N1)	387	20548
MP|PP755590.1|A/cattle/Texas/24-008749-003/2024(H5N1)	388	20773
MP|PP755590.1|A/cattle/Texas/24-008749-003/2024(H5N1)	389	20522
MP|PP755590.1|A/cattle/Texas/24-008749-003/2024(H5N1)	390	20660
MP|PP755590.1|A/cattle/Texas/24-008749-003/2024(H5N1)	391	21180
MP|PP755590.1|A/cattle/Texas/24-008749-003/2024(H5N1)	392	21184
MP|PP755590.1|A/cattle/Texas/24-008749-003/2024(H5N1)	393	21253
MP|PP755590.1|A/cattle/Texas/24-008749-003/2024(H5N1)	394	21115
MP|PP755590.1|A/cattle/Texas/24-008749-003/2024(H5N1)	395	20881
MP|PP755590.1|A/cattle/Texas/24-008749-003/2024(H5N1)	396	21711
MP|PP755590.1|A/cattle/Texas/24-008749-003/2024(H5N1)	397	21110
MP|PP755590.1|A/cattle/Texas/24-008749-003/2024(H5N1)	398	20957
MP|PP755590.1|A/cattle/Texas/24-008749-003/2024(H5N1)	399	20881
MP|PP755590.1|A/cattle/Texas/24-008749-003/2024(H5N1)	400	20343
MP|PP755590.1|A/cattle/Texas/24-008749-003/2024(H5N1)	401	20805
MP|PP755590.1|A/cattle/Texas/24-008749-003/2024(H5N1)	402	21045
MP|PP755590.1|A/cattle/Texas/24-008749-003/2024(H5N1)	403	20718
MP|PP755590.1|A/cattle/Texas/24-008749-003/2024(H5N1)	404	20811
MP|PP755590.1|A/cattle/Texas/24-008749-003/2024(H5N1)	405	20414
MP|PP755590.1|A/cattle/Texas/24-008749-003/2024(H5N1)	406	20610
MP|PP755590.1|A/cattle/Texas/24-008749-003/2024(H5N1)	407	21859
MP|PP755590.1|A/cattle/Texas/24-008749-003/2024(H5N1)	408	21728
MP|PP755590.1|A/cattle/Texas/24-008749-003/2024(H5N1)	409	21838
MP|PP755590.1|A/cattle/Texas/24-008749-003/2024(H5N1)	410	21198
MP|PP755590.1|A/cattle/Texas/24-008749-003/2024(H5N1)	411	21145
MP|PP755590.1|A/cattle/Texas/24-008749-003/2024(H5N1)	412	21152
MP|PP755590.1|A/cattle/Texas/24-008749-003/2024(H5N1)	413	21656
MP|PP755590.1|A/cattle/Texas/24-008749-003/2024(H5N1)	414	21669
MP|PP755590.1|A/cattle/Texas/24-008749-003/2024(H5N1)	415	21705
MP|PP755590.1|A/cattle/Texas/24-008749-003/2024(H5N1)	416	21784
MP|PP755590.1|A/cattle/Texas/24-008749-003/2024(H5N1)	417	21542
MP|PP755590.1|A/cattle/Texas/24-008749-003/2024(H5N1)	418	21543
MP|PP755590.1|A/cattle/Texas/24-008749-003/2024(H5N1)	419	21834
MP|PP755590.1|A/cattle/Texas/24-008749-003/2024(H5N1)	420	21818
MP|PP755590.1|A/cattle/Texas/24-008749-003/2024(H5N1)	421	21893
MP|PP755590.1|A/cattle/Texas/24-008749-003/2024(H5N1)	422	22243
MP|PP755590.1|A/cattle/Texas/24-008749-003/2024(H5N1)	423	22198
MP|PP755590.1|A/cattle/Texas/24-008749-003/2024(H5N1)	424	21766
MP|PP755590.1|A/cattle/Texas/24-008749-003/2024(H5N1)	425	21465
MP|PP755590.1|A/cattle/Texas/24-008749-003/2024(H5N1)	426	21456
MP|PP755590.1|A/cattle/Texas/24-008749-003/2024(H5N1)	427	21847
MP|PP755590.1|A/cattle/Texas/24-008749-003/2024(H5N1)	428	21911
MP|PP755590.1|A/cattle/Texas/24-008749-003/2024(H5N1)	429	21914
MP|PP755590.1|A/cattle/Texas/24-008749-003/2024(H5N1)	430	21269
MP|PP755590.1|A/cattle/Texas/24-008749-003/2024(H5N1)	431	21271
MP|PP755590.1|A/cattle/Texas/24-008749-003/2024(H5N1)	432	21322
MP|PP755590.1|A/cattle/Texas/24-008749-003/2024(H5N1)	433	22692
MP|PP755590.1|A/cattle/Texas/24-008749-003/2024(H5N1)	434	23056
MP|PP755590.1|A/cattle/Texas/24-008749-003/2024(H5N1)	435	22678
MP|PP755590.1|A/cattle/Texas/24-008749-003/2024(H5N1)	436	22261
MP|PP755590.1|A/cattle/Texas/24-008749-003/2024(H5N1)	437	22266
MP|PP755590.1|A/cattle/Texas/24-008749-003/2024(H5N1)	438	22558
MP|PP755590.1|A/cattle/Texas/24-008749-003/2024(H5N1)	439	22843
MP|PP755590.1|A/cattle/Texas/24-008749-003/2024(H5N1)	440	22694
MP|PP755590.1|A/cattle/Texas/24-008749-003/2024(H5N1)	441	22904
MP|PP755590.1|A/cattle/Texas/24-008749-003/2024(H5N1)	442	21230
MP|PP755590.1|A/cattle/Texas/24-008749-003/2024(H5N1)	443	21197
MP|PP755590.1|A/cattle/Texas/24-008749-003/2024(H5N1)	444	21292
MP|PP755590.1|A/cattle/Texas/24-008749-003/2024(H5N1)	445	21219
MP|PP755590.1|A/cattle/Texas/24-008749-003/2024(H5N1)	446	21250
MP|PP755590.1|A/cattle/Texas/24-008749-003/2024(H5N1)	447	20562
MP|PP755590.1|A/cattle/Texas/24-008749-003/2024(H5N1)	448	20390
MP|PP755590.1|A/cattle/Texas/24-008749-003/2024(H5N1)	449	21146
MP|PP755590.1|A/cattle/Texas/24-008749-003/2024(H5N1)	450	21045
MP|PP755590.1|A/cattle/Texas/24-008749-003/2024(H5N1)	451	20785
MP|PP755590.1|A/cattle/Texas/24-008749-003/2024(H5N1)	452	20856
MP|PP755590.1|A/cattle/Texas/24-008749-003/2024(H5N1)	453	20820
MP|PP755590.1|A/cattle/Texas/24-008749-003/2024(H5N1)	454	20832
MP|PP755590.1|A/cattle/Texas/24-008749-003/2024(H5N1)	455	20706
MP|PP755590.1|A/cattle/Texas/24-008749-003/2024(H5N1)	456	20724
MP|PP755590.1|A/cattle/Texas/24-008749-003/2024(H5N1)	457	20553
MP|PP755590.1|A/cattle/Texas/24-008749-003/2024(H5N1)	458	19719
MP|PP755590.1|A/cattle/Texas/24-008749-003/2024(H5N1)	459	19788
MP|PP755590.1|A/cattle/Texas/24-008749-003/2024(H5N1)	460	20188
MP|PP755590.1|A/cattle/Texas/24-008749-003/2024(H5N1)	461	20157
MP|PP755590.1|A/cattle/Texas/24-008749-003/2024(H5N1)	462	20353
MP|PP755590.1|A/cattle/Texas/24-008749-003/2024(H5N1)	463	20368
MP|PP755590.1|A/cattle/Texas/24-008749-003/2024(H5N1)	464	20474
MP|PP755590.1|A/cattle/Texas/24-008749-003/2024(H5N1)	465	20454
MP|PP755590.1|A/cattle/Texas/24-008749-003/2024(H5N1)	466	20520
MP|PP755590.1|A/cattle/Texas/24-008749-003/2024(H5N1)	467	20564
MP|PP755590.1|A/cattle/Texas/24-008749-003/2024(H5N1)	468	20390
MP|PP755590.1|A/cattle/Texas/24-008749-003/2024(H5N1)	469	20345
MP|PP755590.1|A/cattle/Texas/24-008749-003/2024(H5N1)	470	20346
MP|PP755590.1|A/cattle/Texas/24-008749-003/2024(H5N1)	471	20335
MP|PP755590.1|A/cattle/Texas/24-008749-003/2024(H5N1)	472	20290
MP|PP755590.1|A/cattle/Texas/24-008749-003/2024(H5N1)	473	20239
MP|PP755590.1|A/cattle/Texas/24-008749-003/2024(H5N1)	474	20276
MP|PP755590.1|A/cattle/Texas/24-008749-003/2024(H5N1)	475	20306
MP|PP755590.1|A/cattle/Texas/24-008749-003/2024(H5N1)	476	20278
MP|PP755590.1|A/cattle/Texas/24-008749-003/2024(H5N1)	477	20448
MP|PP755590.1|A/cattle/Texas/24-008749-003/2024(H5N1)	478	20339
MP|PP755590.1|A/cattle/Texas/24-008749-003/2024(H5N1)	479	20346
MP|PP755590.1|A/cattle/Texas/24-008749-003/2024(H5N1)	480	20556
MP|PP755590.1|A/cattle/Texas/24-008749-003/2024(H5N1)	481	20953
MP|PP755590.1|A/cattle/Texas/24-008749-003/2024(H5N1)	482	20870
MP|PP755590.1|A/cattle/Texas/24-008749-003/2024(H5N1)	483	20892
MP|PP755590.1|A/cattle/Texas/24-008749-003/2024(H5N1)	484	20962
MP|PP755590.1|A/cattle/Texas/24-008749-003/2024(H5N1)	485	20959
MP|PP755590.1|A/cattle/Texas/24-008749-003/2024(H5N1)	486	21034
MP|PP755590.1|A/cattle/Texas/24-008749-003/2024(H5N1)	487	20993
MP|PP755590.1|A/cattle/Texas/24-008749-003/2024(H5N1)	488	21215
MP|PP755590.1|A/cattle/Texas/24-008749-003/2024(H5N1)	489	20991
MP|PP755590.1|A/cattle/Texas/24-008749-003/2024(H5N1)	490	21143
MP|PP755590.1|A/cattle/Texas/24-008749-003/2024(H5N1)	491	20815
MP|PP755590.1|A/cattle/Texas/24-008749-003/2024(H5N1)	492	20874
MP|PP755590.1|A/cattle/Texas/24-008749-003/2024(H5N1)	493	21103
MP|PP755590.1|A/cattle/Texas/24-008749-003/2024(H5N1)	494	21102
MP|PP755590.1|A/cattle/Texas/24-008749-003/2024(H5N1)	495	21057
MP|PP755590.1|A/cattle/Texas/24-008749-003/2024(H5N1)	496	21141
MP|PP755590.1|A/cattle/Texas/24-008749-003/2024(H5N1)	497	21253
MP|PP755590.1|A/cattle/Texas/24-008749-003/2024(H5N1)	498	21253
MP|PP755590.1|A/cattle/Texas/24-008749-003/2024(H5N1)	499	21203
MP|PP755590.1|A/cattle/Texas/24-008749-003/2024(H5N1)	500	21266
MP|PP755590.1|A/cattle/Texas/24-008749-003/2024(H5N1)	501	20775
MP|PP755590.1|A/cattle/Texas/24-008749-003/2024(H5N1)	502	20672
MP|PP755590.1|A/cattle/Texas/24-008749-003/2024(H5N1)	503	20808
MP|PP755590.1|A/cattle/Texas/24-008749-003/2024(H5N1)	504	20931
MP|PP755590.1|A/cattle/Texas/24-008749-003/2024(H5N1)	505	20861
MP|PP755590.1|A/cattle/Texas/24-008749-003/2024(H5N1)	506	20994
MP|PP755590.1|A/cattle/Texas/24-008749-003/2024(H5N1)	507	20926
MP|PP755590.1|A/cattle/Texas/24-008749-003/2024(H5N1)	508	20939
MP|PP755590.1|A/cattle/Texas/24-008749-003/2024(H5N1)	509	21014
MP|PP755590.1|A/cattle/Texas/24-008749-003/2024(H5N1)	510	21055
MP|PP755590.1|A/cattle/Texas/24-008749-003/2024(H5N1)	511	21160
MP|PP755590.1|A/cattle/Texas/24-008749-003/2024(H5N1)	512	21123
MP|PP755590.1|A/cattle/Texas/24-008749-003/2024(H5N1)	513	21028
MP|PP755590.1|A/cattle/Texas/24-008749-003/2024(H5N1)	514	21065
MP|PP755590.1|A/cattle/Texas/24-008749-003/2024(H5N1)	515	20864
MP|PP755590.1|A/cattle/Texas/24-008749-003/2024(H5N1)	516	21173
MP|PP755590.1|A/cattle/Texas/24-008749-003/2024(H5N1)	517	21284
MP|PP755590.1|A/cattle/Texas/24-008749-003/2024(H5N1)	518	21185
MP|PP755590.1|A/cattle/Texas/24-008749-003/2024(H5N1)	519	21152
MP|PP755590.1|A/cattle/Texas/24-008749-003/2024(H5N1)	520	21023
MP|PP755590.1|A/cattle/Texas/24-008749-003/2024(H5N1)	521	21052
MP|PP755590.1|A/cattle/Texas/24-008749-003/2024(H5N1)	522	21196
MP|PP755590.1|A/cattle/Texas/24-008749-003/2024(H5N1)	523	21143
MP|PP755590.1|A/cattle/Texas/24-008749-003/2024(H5N1)	524	21494
MP|PP755590.1|A/cattle/Texas/24-008749-003/2024(H5N1)	525	21195
MP|PP755590.1|A/cattle/Texas/24-008749-003/2024(H5N1)	526	21183
MP|PP755590.1|A/cattle/Texas/24-008749-003/2024(H5N1)	527	21184
MP|PP755590.1|A/cattle/Texas/24-008749-003/2024(H5N1)	528	20970
MP|PP755590.1|A/cattle/Texas/24-008749-003/2024(H5N1)	529	20815
MP|PP755590.1|A/cattle/Texas/24-008749-003/2024(H5N1)	530	20763
MP|PP755590.1|A/cattle/Texas/24-008749-003/2024(H5N1)	531	20560
MP|PP755590.1|A/cattle/Texas/24-008749-003/2024(H5N1)	532	20355
MP|PP755590.1|A/cattle/Texas/24-008749-003/2024(H5N1)	533	20428
MP|PP755590.1|A/cattle/Texas/24-008749-003/2024(H5N1)	534	22121
MP|PP755590.1|A/cattle/Texas/24-008749-003/2024(H5N1)	535	22402
MP|PP755590.1|A/cattle/Texas/24-008749-003/2024(H5N1)	536	22283
MP|PP755590.1|A/cattle/Texas/24-008749-003/2024(H5N1)	537	22143
MP|PP755590.1|A/cattle/Texas/24-008749-003/2024(H5N1)	538	22669
MP|PP755590.1|A/cattle/Texas/24-008749-003/2024(H5N1)	539	22272
MP|PP755590.1|A/cattle/Texas/24-008749-003/2024(H5N1)	540	22357
MP|PP755590.1|A/cattle/Texas/24-008749-003/2024(H5N1)	541	22388
MP|PP755590.1|A/cattle/Texas/24-008749-003/2024(H5N1)	542	21926
MP|PP755590.1|A/cattle/Texas/24-008749-003/2024(H5N1)	543	22264
MP|PP755590.1|A/cattle/Texas/24-008749-003/2024(H5N1)	544	22176
MP|PP755590.1|A/cattle/Texas/24-008749-003/2024(H5N1)	545	22226
MP|PP755590.1|A/cattle/Texas/24-008749-003/2024(H5N1)	546	21999
MP|PP755590.1|A/cattle/Texas/24-008749-003/2024(H5N1)	547	21441
MP|PP755590.1|A/cattle/Texas/24-008749-003/2024(H5N1)	548	23150
MP|PP755590.1|A/cattle/Texas/24-008749-003/2024(H5N1)	549	23396
MP|PP755590.1|A/cattle/Texas/24-008749-003/2024(H5N1)	550	23435
MP|PP755590.1|A/cattle/Texas/24-008749-003/2024(H5N1)	551	23012
MP|PP755590.1|A/cattle/Texas/24-008749-003/2024(H5N1)	552	22688
MP|PP755590.1|A/cattle/Texas/24-008749-003/2024(H5N1)	553	22687
MP|PP755590.1|A/cattle/Texas/24-008749-003/2024(H5N1)	554	22760
MP|PP755590.1|A/cattle/Texas/24-008749-003/2024(H5N1)	555	23078
MP|PP755590.1|A/cattle/Texas/24-008749-003/2024(H5N1)	556	23298
MP|PP755590.1|A/cattle/Texas/24-008749-003/2024(H5N1)	557	21820
MP|PP755590.1|A/cattle/Texas/24-008749-003/2024(H5N1)	558	21713
MP|PP755590.1|A/cattle/Texas/24-008749-003/2024(H5N1)	559	21675
MP|PP755590.1|A/cattle/Texas/24-008749-003/2024(H5N1)	560	21837
MP|PP755590.1|A/cattle/Texas/24-008749-003/2024(H5N1)	561	22001
MP|PP755590.1|A/cattle/Texas/24-008749-003/2024(H5N1)	562	22085
MP|PP755590.1|A/cattle/Texas/24-008749-003/2024(H5N1)	563	22271
MP|PP755590.1|A/cattle/Texas/24-008749-003/2024(H5N1)	564	21722
MP|PP755590.1|A/cattle/Texas/24-008749-003/2024(H5N1)	565	21721
MP|PP755590.1|A/cattle/Texas/24-008749-003/2024(H5N1)	566	21748
MP|PP755590.1|A/cattle/Texas/24-008749-003/2024(H5N1)	567	21611
MP|PP755590.1|A/cattle/Texas/24-008749-003/2024(H5N1)	568	21797
MP|PP755590.1|A/cattle/Texas/24-008749-003/2024(H5N1)	569	21486
MP|PP755590.1|A/cattle/Texas/24-008749-003/2024(H5N1)	570	21519
MP|PP755590.1|A/cattle/Texas/24-008749-003/2024(H5N1)	571	21316
MP|PP755590.1|A/cattle/Texas/24-008749-003/2024(H5N1)	572	21096
MP|PP755590.1|A/cattle/Texas/24-008749-003/2024(H5N1)	573	21115
MP|PP755590.1|A/cattle/Texas/24-008749-003/2024(H5N1)	574	21139
MP|PP755590.1|A/cattle/Texas/24-008749-003/2024(H5N1)	575	21555
MP|PP755590.1|A/cattle/Texas/24-008749-003/2024(H5N1)	576	21565
MP|PP755590.1|A/cattle/Texas/24-008749-003/2024(H5N1)	577	21453
MP|PP755590.1|A/cattle/Texas/24-008749-003/2024(H5N1)	578	21382
MP|PP755590.1|A/cattle/Texas/24-008749-003/2024(H5N1)	579	21296
MP|PP755590.1|A/cattle/Texas/24-008749-003/2024(H5N1)	580	21321
MP|PP755590.1|A/cattle/Texas/24-008749-003/2024(H5N1)	581	21388
MP|PP755590.1|A/cattle/Texas/24-008749-003/2024(H5N1)	582	21387
MP|PP755590.1|A/cattle/Texas/24-008749-003/2024(H5N1)	583	21336
MP|PP755590.1|A/cattle/Texas/24-008749-003/2024(H5N1)	584	19830
MP|PP755590.1|A/cattle/Texas/24-008749-003/2024(H5N1)	585	19848
MP|PP755590.1|A/cattle/Texas/24-008749-003/2024(H5N1)	586	19858
MP|PP755590.1|A/cattle/Texas/24-008749-003/2024(H5N1)	587	19884
MP|PP755590.1|A/cattle/Texas/24-008749-003/2024(H5N1)	588	19998
MP|PP755590.1|A/cattle/Texas/24-008749-003/2024(H5N1)	589	19752
MP|PP755590.1|A/cattle/Texas/24-008749-003/2024(H5N1)	590	19582
MP|PP755590.1|A/cattle/Texas/24-008749-003/2024(H5N1)	591	19588
MP|PP755590.1|A/cattle/Texas/24-008749-003/2024(H5N1)	592	19872
MP|PP755590.1|A/cattle/Texas/24-008749-003/2024(H5N1)	593	19893
MP|PP755590.1|A/cattle/Texas/24-008749-003/2024(H5N1)	594	19840
MP|PP755590.1|A/cattle/Texas/24-008749-003/2024(H5N1)	595	19813
MP|PP755590.1|A/cattle/Texas/24-008749-003/2024(H5N1)	596	20027
MP|PP755590.1|A/cattle/Texas/24-008749-003/2024(H5N1)	597	19984
MP|PP755590.1|A/cattle/Texas/24-008749-003/2024(H5N1)	598	20628
MP|PP755590.1|A/cattle/Texas/24-008749-003/2024(H5N1)	599	20872
MP|PP755590.1|A/cattle/Texas/24-008749-003/2024(H5N1)	600	20138
MP|PP755590.1|A/cattle/Texas/24-008749-003/2024(H5N1)	601	20168
MP|PP755590.1|A/cattle/Texas/24-008749-003/2024(H5N1)	602	20220
MP|PP755590.1|A/cattle/Texas/24-008749-003/2024(H5N1)	603	20175
MP|PP755590.1|A/cattle/Texas/24-008749-003/2024(H5N1)	604	20419
MP|PP755590.1|A/cattle/Texas/24-008749-003/2024(H5N1)	605	20665
MP|PP755590.1|A/cattle/Texas/24-008749-003/2024(H5N1)	606	20725
MP|PP755590.1|A/cattle/Texas/24-008749-003/2024(H5N1)	607	20260
MP|PP755590.1|A/cattle/Texas/24-008749-003/2024(H5N1)	608	20496
MP|PP755590.1|A/cattle/Texas/24-008749-003/2024(H5N1)	609	20497
MP|PP755590.1|A/cattle/Texas/24-008749-003/2024(H5N1)	610	20518
MP|PP755590.1|A/cattle/Texas/24-008749-003/2024(H5N1)	611	20482
MP|PP755590.1|A/cattle/Texas/24-008749-003/2024(H5N1)	612	20559
MP|PP755590.1|A/cattle/Texas/24-008749-003/2024(H5N1)	613	20586
MP|PP755590.1|A/cattle/Texas/24-008749-003/2024(H5N1)	614	20467
MP|PP755590.1|A/cattle/Texas/24-008749-003/2024(H5N1)	615	20443
MP|PP755590.1|A/cattle/Texas/24-008749-003/2024(H5N1)	616	20445
MP|PP755590.1|A/cattle/Texas/24-008749-003/2024(H5N1)	617	20528
MP|PP755590.1|A/cattle/Texas/24-008749-003/2024(H5N1)	618	20529
MP|PP755590.1|A/cattle/Texas/24-008749-003/2024(H5N1)	619	20695
MP|PP755590.1|A/cattle/Texas/24-008749-003/2024(H5N1)	620	20664
MP|PP755590.1|A/cattle/Texas/24-008749-003/2024(H5N1)	621	20836
MP|PP755590.1|A/cattle/Texas/24-008749-003/2024(H5N1)	622	20792
MP|PP755590.1|A/cattle/Texas/24-008749-003/2024(H5N1)	623	20806
MP|PP755590.1|A/cattle/Texas/24-008749-003/2024(H5N1)	624	21504
MP|PP755590.1|A/cattle/Texas/24-008749-003/2024(H5N1)	625	21604
MP|PP755590.1|A/cattle/Texas/24-008749-003/2024(H5N1)	626	21660
MP|PP755590.1|A/cattle/Texas/24-008749-003/2024(H5N1)	627	21657
MP|PP755590.1|A/cattle/Texas/24-008749-003/2024(H5N1)	628	21530
MP|PP755590.1|A/cattle/Texas/24-008749-003/2024(H5N1)	629	21799
MP|PP755590.1|A/cattle/Texas/24-008749-003/2024(H5N1)	630	21814
MP|PP755590.1|A/cattle/Texas/24-008749-003/2024(H5N1)	631	21639
MP|PP755590.1|A/cattle/Texas/24-008749-003/2024(H5N1)	632	21181
MP|PP755590.1|A/cattle/Texas/24-008749-003/2024(H5N1)	633	20794
MP|PP755590.1|A/cattle/Texas/24-008749-003/2024(H5N1)	634	20712
MP|PP755590.1|A/cattle/Texas/24-008749-003/2024(H5N1)	635	20686
MP|PP755590.1|A/cattle/Texas/24-008749-003/2024(H5N1)	636	20746
MP|PP755590.1|A/cattle/Texas/24-008749-003/2024(H5N1)	637	21236
MP|PP755590.1|A/cattle/Texas/24-008749-003/2024(H5N1)	638	21129
MP|PP755590.1|A/cattle/Texas/24-008749-003/2024(H5N1)	639	20914
MP|PP755590.1|A/cattle/Texas/24-008749-003/2024(H5N1)	640	20767
MP|PP755590.1|A/cattle/Texas/24-008749-003/2024(H5N1)	641	20734
MP|PP755590.1|A/cattle/Texas/24-008749-003/2024(H5N1)	642	20934
MP|PP755590.1|A/cattle/Texas/24-008749-003/2024(H5N1)	643	21076
MP|PP755590.1|A/cattle/Texas/24-008749-003/2024(H5N1)	644	21170
MP|PP755590.1|A/cattle/Texas/24-008749-003/2024(H5N1)	645	21214
MP|PP755590.1|A/cattle/Texas/24-008749-003/2024(H5N1)	646	20812
MP|PP755590.1|A/cattle/Texas/24-008749-003/2024(H5N1)	647	20688
MP|PP755590.1|A/cattle/Texas/24-008749-003/2024(H5N1)	648	20699
MP|PP755590.1|A/cattle/Texas/24-008749-003/2024(H5N1)	649	20686
MP|PP755590.1|A/cattle/Texas/24-008749-003/2024(H5N1)	650	20711
MP|PP755590.1|A/cattle/Texas/24-008749-003/2024(H5N1)	651	20958
MP|PP755590.1|A/cattle/Texas/24-008749-003/2024(H5N1)	652	20889
MP|PP755590.1|A/cattle/Texas/24-008749-003/2024(H5N1)	653	21115
MP|PP755590.1|A/cattle/Texas/24-008749-003/2024(H5N1)	654	21261
MP|PP755590.1|A/cattle/Texas/24-008749-003/2024(H5N1)	655	21157
MP|PP755590.1|A/cattle/Texas/24-008749-003/2024(H5N1)	656	21378
MP|PP755590.1|A/cattle/Texas/24-008749-003/2024(H5N1)	657	21196
MP|PP755590.1|A/cattle/Texas/24-008749-003/2024(H5N1)	658	21189
MP|PP755590.1|A/cattle/Texas/24-008749-003/2024(H5N1)	659	21284
MP|PP755590.1|A/cattle/Texas/24-008749-003/2024(H5N1)	660	21286
MP|PP755590.1|A/cattle/Texas/24-008749-003/2024(H5N1)	661	21598
MP|PP755590.1|A/cattle/Texas/24-008749-003/2024(H5N1)	662	21411
MP|PP755590.1|A/cattle/Texas/24-008749-003/2024(H5N1)	663	21114
MP|PP755590.1|A/cattle/Texas/24-008749-003/2024(H5N1)	664	21203
MP|PP755590.1|A/cattle/Texas/24-008749-003/2024(H5N1)	665	21148
MP|PP755590.1|A/cattle/Texas/24-008749-003/2024(H5N1)	666	21838
MP|PP755590.1|A/cattle/Texas/24-008749-003/2024(H5N1)	667	21552
MP|PP755590.1|A/cattle/Texas/24-008749-003/2024(H5N1)	668	21474
MP|PP755590.1|A/cattle/Texas/24-008749-003/2024(H5N1)	669	21463
MP|PP755590.1|A/cattle/Texas/24-008749-003/2024(H5N1)	670	21484
MP|PP755590.1|A/cattle/Texas/24-008749-003/2024(H5N1)	671	21515
MP|PP755590.1|A/cattle/Texas/24-008749-003/2024(H5N1)	672	23152
MP|PP755590.1|A/cattle/Texas/24-008749-003/2024(H5N1)	673	23041
MP|PP755590.1|A/cattle/Texas/24-008749-003/2024(H5N1)	674	23120
MP|PP755590.1|A/cattle/Texas/24-008749-003/2024(H5N1)	675	22765
MP|PP755590.1|A/cattle/Texas/24-008749-003/2024(H5N1)	676	22746
MP|PP755590.1|A/cattle/Texas/24-008749-003/2024(H5N1)	677	23078
MP|PP755590.1|A/cattle/Texas/24-008749-003/2024(H5N1)	678	23077
MP|PP755590.1|A/cattle/Texas/24-008749-003/2024(H5N1)	679	23038
MP|PP755590.1|A/cattle/Texas/24-008749-003/2024(H5N1)	680	23018
MP|PP755590.1|A/cattle/Texas/24-008749-003/2024(H5N1)	681	21285
MP|PP755590.1|A/cattle/Texas/24-008749-003/2024(H5N1)	682	21409
MP|PP755590.1|A/cattle/Texas/24-008749-003/2024(H5N1)	683	21678
MP|PP755590.1|A/cattle/Texas/24-008749-003/2024(H5N1)	684	21587
MP|PP755590.1|A/cattle/Texas/24-008749-003/2024(H5N1)	685	21544
MP|PP755590.1|A/cattle/Texas/24-008749-003/2024(H5N1)	686	21217
MP|PP755590.1|A/cattle/Texas/24-008749-003/2024(H5N1)	687	21321
MP|PP755590.1|A/cattle/Texas/24-008749-003/2024(H5N1)	688	21449
MP|PP755590.1|A/cattle/Texas/24-008749-003/2024(H5N1)	689	21233
MP|PP755590.1|A/cattle/Texas/24-008749-003/2024(H5N1)	690	21207
MP|PP755590.1|A/cattle/Texas/24-008749-003/2024(H5N1)	691	21161
MP|PP755590.1|A/cattle/Texas/24-008749-003/2024(H5N1)	692	20999
MP|PP755590.1|A/cattle/Texas/24-008749-003/2024(H5N1)	693	20969
MP|PP755590.1|A/cattle/Texas/24-008749-003/2024(H5N1)	694	20647
MP|PP755590.1|A/cattle/Texas/24-008749-003/2024(H5N1)	695	20774
MP|PP755590.1|A/cattle/Texas/24-008749-003/2024(H5N1)	696	20914
MP|PP755590.1|A/cattle/Texas/24-008749-003/2024(H5N1)	697	19286
MP|PP755590.1|A/cattle/Texas/24-008749-003/2024(H5N1)	698	19097
MP|PP755590.1|A/cattle/Texas/24-008749-003/2024(H5N1)	699	19218
MP|PP755590.1|A/cattle/Texas/24-008749-003/2024(H5N1)	700	19029
MP|PP755590.1|A/cattle/Texas/24-008749-003/2024(H5N1)	701	19039
MP|PP755590.1|A/cattle/Texas/24-008749-003/2024(H5N1)	702	19044
MP|PP755590.1|A/cattle/Texas/24-008749-003/2024(H5N1)	703	19042
MP|PP755590.1|A/cattle/Texas/24-008749-003/2024(H5N1)	704	19036
MP|PP755590.1|A/cattle/Texas/24-008749-003/2024(H5N1)	705	18946
MP|PP755590.1|A/cattle/Texas/24-008749-003/2024(H5N1)	706	18569
MP|PP755590.1|A/cattle/Texas/24-008749-003/2024(H5N1)	707	18470
MP|PP755590.1|A/cattle/Texas/24-008749-003/2024(H5N1)	708	18746
MP|PP755590.1|A/cattle/Texas/24-008749-003/2024(H5N1)	709	18982
MP|PP755590.1|A/cattle/Texas/24-008749-003/2024(H5N1)	710	18982
MP|PP755590.1|A/cattle/Texas/24-008749-003/2024(H5N1)	711	18772
MP|PP755590.1|A/cattle/Texas/24-008749-003/2024(H5N1)	712	18619
MP|PP755590.1|A/cattle/Texas/24-008749-003/2024(H5N1)	713	18613
MP|PP755590.1|A/cattle/Texas/24-008749-003/2024(H5N1)	714	18463
MP|PP755590.1|A/cattle/Texas/24-008749-003/2024(H5N1)	715	18501
MP|PP755590.1|A/cattle/Texas/24-008749-003/2024(H5N1)	716	18400
MP|PP755590.1|A/cattle/Texas/24-008749-003/2024(H5N1)	717	18259
MP|PP755590.1|A/cattle/Texas/24-008749-003/2024(H5N1)	718	18257
MP|PP755590.1|A/cattle/Texas/24-008749-003/2024(H5N1)	719	18639
MP|PP755590.1|A/cattle/Texas/24-008749-003/2024(H5N1)	720	19029
MP|PP755590.1|A/cattle/Texas/24-008749-003/2024(H5N1)	721	19026
MP|PP755590.1|A/cattle/Texas/24-008749-003/2024(H5N1)	722	19014
MP|PP755590.1|A/cattle/Texas/24-008749-003/2024(H5N1)	723	18954
MP|PP755590.1|A/cattle/Texas/24-008749-003/2024(H5N1)	724	18981
MP|PP755590.1|A/cattle/Texas/24-008749-003/2024(H5N1)	725	19038
MP|PP755590.1|A/cattle/Texas/24-008749-003/2024(H5N1)	726	18756
MP|PP755590.1|A/cattle/Texas/24-008749-003/2024(H5N1)	727	18777
MP|PP755590.1|A/cattle/Texas/24-008749-003/2024(H5N1)	728	18599
MP|PP755590.1|A/cattle/Texas/24-008749-003/2024(H5N1)	729	18602
MP|PP755590.1|A/cattle/Texas/24-008749-003/2024(H5N1)	730	18625
MP|PP755590.1|A/cattle/Texas/24-008749-003/2024(H5N1)	731	18639
MP|PP755590.1|A/cattle/Texas/24-008749-003/2024(H5N1)	732	18583
MP|PP755590.1|A/cattle/Texas/24-008749-003/2024(H5N1)	733	18967
MP|PP755590.1|A/cattle/Texas/24-008749-003/2024(H5N1)	734	19356
MP|PP755590.1|A/cattle/Texas/24-008749-003/2024(H5N1)	735	19280
MP|PP755590.1|A/cattle/Texas/24-008749-003/2024(H5N1)	736	19356
MP|PP755590.1|A/cattle/Texas/24-008749-003/2024(H5N1)	737	19347
MP|PP755590.1|A/cattle/Texas/24-008749-003/2024(H5N1)	738	19313
MP|PP755590.1|A/cattle/Texas/24-008749-003/2024(H5N1)	739	19637
MP|PP755590.1|A/cattle/Texas/24-008749-003/2024(H5N1)	740	19642
MP|PP755590.1|A/cattle/Texas/24-008749-003/2024(H5N1)	741	19589
MP|PP755590.1|A/cattle/Texas/24-008749-003/2024(H5N1)	742	19545
MP|PP755590.1|A/cattle/Texas/24-008749-003/2024(H5N1)	743	19085
MP|PP755590.1|A/cattle/Texas/24-008749-003/2024(H5N1)	744	19103
MP|PP755590.1|A/cattle/Texas/24-008749-003/2024(H5N1)	745	19018
MP|PP755590.1|A/cattle/Texas/24-008749-003/2024(H5N1)	746	19007
MP|PP755590.1|A/cattle/Texas/24-008749-003/2024(H5N1)	747	18957
MP|PP755590.1|A/cattle/Texas/24-008749-003/2024(H5N1)	748	19717
MP|PP755590.1|A/cattle/Texas/24-008749-003/2024(H5N1)	749	19704
MP|PP755590.1|A/cattle/Texas/24-008749-003/2024(H5N1)	750	20179
MP|PP755590.1|A/cattle/Texas/24-008749-003/2024(H5N1)	751	20275
MP|PP755590.1|A/cattle/Texas/24-008749-003/2024(H5N1)	752	20275
MP|PP755590.1|A/cattle/Texas/24-008749-003/2024(H5N1)	753	20289
MP|PP755590.1|A/cattle/Texas/24-008749-003/2024(H5N1)	754	20459
MP|PP755590.1|A/cattle/Texas/24-008749-003/2024(H5N1)	755	20212
MP|PP755590.1|A/cattle/Texas/24-008749-003/2024(H5N1)	756	19966
MP|PP755590.1|A/cattle/Texas/24-008749-003/2024(H5N1)	757	20368
MP|PP755590.1|A/cattle/Texas/24-008749-003/2024(H5N1)	758	20352
MP|PP755590.1|A/cattle/Texas/24-008749-003/2024(H5N1)	759	20460
MP|PP755590.1|A/cattle/Texas/24-008749-003/2024(H5N1)	760	20443
MP|PP755590.1|A/cattle/Texas/24-008749-003/2024(H5N1)	761	20537
MP|PP755590.1|A/cattle/Texas/24-008749-003/2024(H5N1)	762	20275
MP|PP755590.1|A/cattle/Texas/24-008749-003/2024(H5N1)	763	20394
MP|PP755590.1|A/cattle/Texas/24-008749-003/2024(H5N1)	764	20479
MP|PP755590.1|A/cattle/Texas/24-008749-003/2024(H5N1)	765	20446
MP|PP755590.1|A/cattle/Texas/24-008749-003/2024(H5N1)	766	20734
MP|PP755590.1|A/cattle/Texas/24-008749-003/2024(H5N1)	767	20734
MP|PP755590.1|A/cattle/Texas/24-008749-003/2024(H5N1)	768	20543
MP|PP755590.1|A/cattle/Texas/24-008749-003/2024(H5N1)	769	20740
MP|PP755590.1|A/cattle/Texas/24-008749-003/2024(H5N1)	770	20502
MP|PP755590.1|A/cattle/Texas/24-008749-003/2024(H5N1)	771	20774
MP|PP755590.1|A/cattle/Texas/24-008749-003/2024(H5N1)	772	20671
MP|PP755590.1|A/cattle/Texas/24-008749-003/2024(H5N1)	773	20622
MP|PP755590.1|A/cattle/Texas/24-008749-003/2024(H5N1)	774	19841
MP|PP755590.1|A/cattle/Texas/24-008749-003/2024(H5N1)	775	19656
MP|PP755590.1|A/cattle/Texas/24-008749-003/2024(H5N1)	776	19659
MP|PP755590.1|A/cattle/Texas/24-008749-003/2024(H5N1)	777	19967
MP|PP755590.1|A/cattle/Texas/24-008749-003/2024(H5N1)	778	19963
MP|PP755590.1|A/cattle/Texas/24-008749-003/2024(H5N1)	779	19896
MP|PP755590.1|A/cattle/Texas/24-008749-003/2024(H5N1)	780	19676
MP|PP755590.1|A/cattle/Texas/24-008749-003/2024(H5N1)	781	20412
MP|PP755590.1|A/cattle/Texas/24-008749-003/2024(H5N1)	782	20383
MP|PP755590.1|A/cattle/Texas/24-008749-003/2024(H5N1)	783	20308
MP|PP755590.1|A/cattle/Texas/24-008749-003/2024(H5N1)	784	20720
MP|PP755590.1|A/cattle/Texas/24-008749-003/2024(H5N1)	785	20724
MP|PP755590.1|A/cattle/Texas/24-008749-003/2024(H5N1)	786	21525
MP|PP755590.1|A/cattle/Texas/24-008749-003/2024(H5N1)	787	21451
MP|PP755590.1|A/cattle/Texas/24-008749-003/2024(H5N1)	788	20867
MP|PP755590.1|A/cattle/Texas/24-008749-003/2024(H5N1)	789	20767
MP|PP755590.1|A/cattle/Texas/24-008749-003/2024(H5N1)	790	20747
MP|PP755590.1|A/cattle/Texas/24-008749-003/2024(H5N1)	791	21262
MP|PP755590.1|A/cattle/Texas/24-008749-003/2024(H5N1)	792	21298
MP|PP755590.1|A/cattle/Texas/24-008749-003/2024(H5N1)	793	21139
MP|PP755590.1|A/cattle/Texas/24-008749-003/2024(H5N1)	794	21562
MP|PP755590.1|A/cattle/Texas/24-008749-003/2024(H5N1)	795	21632
MP|PP755590.1|A/cattle/Texas/24-008749-003/2024(H5N1)	796	21588
MP|PP755590.1|A/cattle/Texas/24-008749-003/2024(H5N1)	797	21485
MP|PP755590.1|A/cattle/Texas/24-008749-003/2024(H5N1)	798	21491
MP|PP755590.1|A/cattle/Texas/24-008749-003/2024(H5N1)	799	21792
MP|PP755590.1|A/cattle/Texas/24-008749-003/2024(H5N1)	800	21537
MP|PP755590.1|A/cattle/Texas/24-008749-003/2024(H5N1)	801	21641
MP|PP755590.1|A/cattle/Texas/24-008749-003/2024(H5N1)	802	21558
MP|PP755590.1|A/cattle/Texas/24-008749-003/2024(H5N1)	803	21761
MP|PP755590.1|A/cattle/Texas/24-008749-003/2024(H5N1)	804	21343
MP|PP755590.1|A/cattle/Texas/24-008749-003/2024(H5N1)	805	21115
MP|PP755590.1|A/cattle/Texas/24-008749-003/2024(H5N1)	806	21103
MP|PP755590.1|A/cattle/Texas/24-008749-003/2024(H5N1)	807	20880
MP|PP755590.1|A/cattle/Texas/24-008749-003/2024(H5N1)	808	20911
MP|PP755590.1|A/cattle/Texas/24-008749-003/2024(H5N1)	809	20896
MP|PP755590.1|A/cattle/Texas/24-008749-003/2024(H5N1)	810	20712
MP|PP755590.1|A/cattle/Texas/24-008749-003/2024(H5N1)	811	20749
MP|PP755590.1|A/cattle/Texas/24-008749-003/2024(H5N1)	812	20460
MP|PP755590.1|A/cattle/Texas/24-008749-003/2024(H5N1)	813	20463
MP|PP755590.1|A/cattle/Texas/24-008749-003/2024(H5N1)	814	20388
MP|PP755590.1|A/cattle/Texas/24-008749-003/2024(H5N1)	815	19765
MP|PP755590.1|A/cattle/Texas/24-008749-003/2024(H5N1)	816	19732
MP|PP755590.1|A/cattle/Texas/24-008749-003/2024(H5N1)	817	19572
MP|PP755590.1|A/cattle/Texas/24-008749-003/2024(H5N1)	818	19568
MP|PP755590.1|A/cattle/Texas/24-008749-003/2024(H5N1)	819	19764
MP|PP755590.1|A/cattle/Texas/24-008749-003/2024(H5N1)	820	19755
MP|PP755590.1|A/cattle/Texas/24-008749-003/2024(H5N1)	821	19754
MP|PP755590.1|A/cattle/Texas/24-008749-003/2024(H5N1)	822	19717
MP|PP755590.1|A/cattle/Texas/24-008749-003/2024(H5N1)	823	18016
MP|PP755590.1|A/cattle/Texas/24-008749-003/2024(H5N1)	824	19698
MP|PP755590.1|A/cattle/Texas/24-008749-003/2024(H5N1)	825	19668
MP|PP755590.1|A/cattle/Texas/24-008749-003/2024(H5N1)	826	19672
MP|PP755590.1|A/cattle/Texas/24-008749-003/2024(H5N1)	827	19685
MP|PP755590.1|A/cattle/Texas/24-008749-003/2024(H5N1)	828	19366
MP|PP755590.1|A/cattle/Texas/24-008749-003/2024(H5N1)	829	20016
MP|PP755590.1|A/cattle/Texas/24-008749-003/2024(H5N1)	830	20007
MP|PP755590.1|A/cattle/Texas/24-008749-003/2024(H5N1)	831	20010
MP|PP755590.1|A/cattle/Texas/24-008749-003/2024(H5N1)	832	19801
MP|PP755590.1|A/cattle/Texas/24-008749-003/2024(H5N1)	833	19695
MP|PP755590.1|A/cattle/Texas/24-008749-003/2024(H5N1)	834	19575
MP|PP755590.1|A/cattle/Texas/24-008749-003/2024(H5N1)	835	19601
MP|PP755590.1|A/cattle/Texas/24-008749-003/2024(H5N1)	836	19577
MP|PP755590.1|A/cattle/Texas/24-008749-003/2024(H5N1)	837	19607
MP|PP755590.1|A/cattle/Texas/24-008749-003/2024(H5N1)	838	19712
MP|PP755590.1|A/cattle/Texas/24-008749-003/2024(H5N1)	839	19725
MP|PP755590.1|A/cattle/Texas/24-008749-003/2024(H5N1)	840	19524
MP|PP755590.1|A/cattle/Texas/24-008749-003/2024(H5N1)	841	19538
MP|PP755590.1|A/cattle/Texas/24-008749-003/2024(H5N1)	842	19766
MP|PP755590.1|A/cattle/Texas/24-008749-003/2024(H5N1)	843	19756
MP|PP755590.1|A/cattle/Texas/24-008749-003/2024(H5N1)	844	19804
MP|PP755590.1|A/cattle/Texas/24-008749-003/2024(H5N1)	845	19771
MP|PP755590.1|A/cattle/Texas/24-008749-003/2024(H5N1)	846	19678
MP|PP755590.1|A/cattle/Texas/24-008749-003/2024(H5N1)	847	19976
MP|PP755590.1|A/cattle/Texas/24-008749-003/2024(H5N1)	848	19937
MP|PP755590.1|A/cattle/Texas/24-008749-003/2024(H5N1)	849	19941
MP|PP755590.1|A/cattle/Texas/24-008749-003/2024(H5N1)	850	19926
MP|PP755590.1|A/cattle/Texas/24-008749-003/2024(H5N1)	851	22055
MP|PP755590.1|A/cattle/Texas/24-008749-003/2024(H5N1)	852	22232
MP|PP755590.1|A/cattle/Texas/24-008749-003/2024(H5N1)	853	22475
MP|PP755590.1|A/cattle/Texas/24-008749-003/2024(H5N1)	854	22496
MP|PP755590.1|A/cattle/Texas/24-008749-003/2024(H5N1)	855	22519
MP|PP755590.1|A/cattle/Texas/24-008749-003/2024(H5N1)	856	22807
MP|PP755590.1|A/cattle/Texas/24-008749-003/2024(H5N1)	857	22808
MP|PP755590.1|A/cattle/Texas/24-008749-003/2024(H5N1)	858	22679
MP|PP755590.1|A/cattle/Texas/24-008749-003/2024(H5N1)	859	22246
MP|PP755590.1|A/cattle/Texas/24-008749-003/2024(H5N1)	860	22021
MP|PP755590.1|A/cattle/Texas/24-008749-003/2024(H5N1)	861	22101
MP|PP755590.1|A/cattle/Texas/24-008749-003/2024(H5N1)	862	22002
MP|PP755590.1|A/cattle/Texas/24-008749-003/2024(H5N1)	863	21966
MP|PP755590.1|A/cattle/Texas/24-008749-003/2024(H5N1)	864	21964
MP|PP755590.1|A/cattle/Texas/24-008749-003/2024(H5N1)	865	21881
MP|PP755590.1|A/cattle/Texas/24-008749-003/2024(H5N1)	866	21885
MP|PP755590.1|A/cattle/Texas/24-008749-003/2024(H5N1)	867	21902
MP|PP755590.1|A/cattle/Texas/24-008749-003/2024(H5N1)	868	21839
MP|PP755590.1|A/cattle/Texas/24-008749-003/2024(H5N1)	869	21836
MP|PP755590.1|A/cattle/Texas/24-008749-003/2024(H5N1)	870	21470
MP|PP755590.1|A/cattle/Texas/24-008749-003/2024(H5N1)	871	20948
MP|PP755590.1|A/cattle/Texas/24-008749-003/2024(H5N1)	872	20960
MP|PP755590.1|A/cattle/Texas/24-008749-003/2024(H5N1)	873	20960
MP|PP755590.1|A/cattle/Texas/24-008749-003/2024(H5N1)	874	20964
MP|PP755590.1|A/cattle/Texas/24-008749-003/2024(H5N1)	875	20911
MP|PP755590.1|A/cattle/Texas/24-008749-003/2024(H5N1)	876	20731
MP|PP755590.1|A/cattle/Texas/24-008749-003/2024(H5N1)	877	20707
MP|PP755590.1|A/cattle/Texas/24-008749-003/2024(H5N1)	878	20653
MP|PP755590.1|A/cattle/Texas/24-008749-003/2024(H5N1)	879	20574
MP|PP755590.1|A/cattle/Texas/24-008749-003/2024(H5N1)	880	20544
MP|PP755590.1|A/cattle/Texas/24-008749-003/2024(H5N1)	881	20553
MP|PP755590.1|A/cattle/Texas/24-008749-003/2024(H5N1)	882	20515
MP|PP755590.1|A/cattle/Texas/24-008749-003/2024(H5N1)	883	20114
MP|PP755590.1|A/cattle/Texas/24-008749-003/2024(H5N1)	884	20080
MP|PP755590.1|A/cattle/Texas/24-008749-003/2024(H5N1)	885	19655
MP|PP755590.1|A/cattle/Texas/24-008749-003/2024(H5N1)	886	19641
MP|PP755590.1|A/cattle/Texas/24-008749-003/2024(H5N1)	887	19494
MP|PP755590.1|A/cattle/Texas/24-008749-003/2024(H5N1)	888	19501
MP|PP755590.1|A/cattle/Texas/24-008749-003/2024(H5N1)	889	19401
MP|PP755590.1|A/cattle/Texas/24-008749-003/2024(H5N1)	890	19180
MP|PP755590.1|A/cattle/Texas/24-008749-003/2024(H5N1)	891	19122
MP|PP755590.1|A/cattle/Texas/24-008749-003/2024(H5N1)	892	19099
MP|PP755590.1|A/cattle/Texas/24-008749-003/2024(H5N1)	893	19066
MP|PP755590.1|A/cattle/Texas/24-008749-003/2024(H5N1)	894	19022
MP|PP755590.1|A/cattle/Texas/24-008749-003/2024(H5N1)	895	18897
MP|PP755590.1|A/cattle/Texas/24-008749-003/2024(H5N1)	896	18852
MP|PP755590.1|A/cattle/Texas/24-008749-003/2024(H5N1)	897	17646
MP|PP755590.1|A/cattle/Texas/24-008749-003/2024(H5N1)	898	17664
MP|PP755590.1|A/cattle/Texas/24-008749-003/2024(H5N1)	899	17092
MP|PP755590.1|A/cattle/Texas/24-008749-003/2024(H5N1)	900	16896
MP|PP755590.1|A/cattle/Texas/24-008749-003/2024(H5N1)	901	16567
MP|PP755590.1|A/cattle/Texas/24-008749-003/2024(H5N1)	902	16429
MP|PP755590.1|A/cattle/Texas/24-008749-003/2024(H5N1)	903	16427
MP|PP755590.1|A/cattle/Texas/24-008749-003/2024(H5N1)	904	16325
MP|PP755590.1|A/cattle/Texas/24-008749-003/2024(H5N1)	905	16154
MP|PP755590.1|A/cattle/Texas/24-008749-003/2024(H5N1)	906	16148
MP|PP755590.1|A/cattle/Texas/24-008749-003/2024(H5N1)	907	15572
MP|PP755590.1|A/cattle/Texas/24-008749-003/2024(H5N1)	908	15577
MP|PP755590.1|A/cattle/Texas/24-008749-003/2024(H5N1)	909	15532
MP|PP755590.1|A/cattle/Texas/24-008749-003/2024(H5N1)	910	15200
MP|PP755590.1|A/cattle/Texas/24-008749-003/2024(H5N1)	911	15222
MP|PP755590.1|A/cattle/Texas/24-008749-003/2024(H5N1)	912	15054
MP|PP755590.1|A/cattle/Texas/24-008749-003/2024(H5N1)	913	15035
MP|PP755590.1|A/cattle/Texas/24-008749-003/2024(H5N1)	914	14831
MP|PP755590.1|A/cattle/Texas/24-008749-003/2024(H5N1)	915	14578
MP|PP755590.1|A/cattle/Texas/24-008749-003/2024(H5N1)	916	14502
MP|PP755590.1|A/cattle/Texas/24-008749-003/2024(H5N1)	917	14280
MP|PP755590.1|A/cattle/Texas/24-008749-003/2024(H5N1)	918	14287
MP|PP755590.1|A/cattle/Texas/24-008749-003/2024(H5N1)	919	14258
MP|PP755590.1|A/cattle/Texas/24-008749-003/2024(H5N1)	920	14024
MP|PP755590.1|A/cattle/Texas/24-008749-003/2024(H5N1)	921	13927
MP|PP755590.1|A/cattle/Texas/24-008749-003/2024(H5N1)	922	13589
MP|PP755590.1|A/cattle/Texas/24-008749-003/2024(H5N1)	923	13602
MP|PP755590.1|A/cattle/Texas/24-008749-003/2024(H5N1)	924	13577
MP|PP755590.1|A/cattle/Texas/24-008749-003/2024(H5N1)	925	13551
MP|PP755590.1|A/cattle/Texas/24-008749-003/2024(H5N1)	926	13560
MP|PP755590.1|A/cattle/Texas/24-008749-003/2024(H5N1)	927	13169
MP|PP755590.1|A/cattle/Texas/24-008749-003/2024(H5N1)	928	13181
MP|PP755590.1|A/cattle/Texas/24-008749-003/2024(H5N1)	929	13169
MP|PP755590.1|A/cattle/Texas/24-008749-003/2024(H5N1)	930	13144
MP|PP755590.1|A/cattle/Texas/24-008749-003/2024(H5N1)	931	13091
MP|PP755590.1|A/cattle/Texas/24-008749-003/2024(H5N1)	932	12298
MP|PP755590.1|A/cattle/Texas/24-008749-003/2024(H5N1)	933	12289
MP|PP755590.1|A/cattle/Texas/24-008749-003/2024(H5N1)	934	12276
MP|PP755590.1|A/cattle/Texas/24-008749-003/2024(H5N1)	935	11866
MP|PP755590.1|A/cattle/Texas/24-008749-003/2024(H5N1)	936	11823
MP|PP755590.1|A/cattle/Texas/24-008749-003/2024(H5N1)	937	10968
MP|PP755590.1|A/cattle/Texas/24-008749-003/2024(H5N1)	938	10969
MP|PP755590.1|A/cattle/Texas/24-008749-003/2024(H5N1)	939	10941
MP|PP755590.1|A/cattle/Texas/24-008749-003/2024(H5N1)	940	10912
MP|PP755590.1|A/cattle/Texas/24-008749-003/2024(H5N1)	941	10909
MP|PP755590.1|A/cattle/Texas/24-008749-003/2024(H5N1)	942	10425
MP|PP755590.1|A/cattle/Texas/24-008749-003/2024(H5N1)	943	10336
MP|PP755590.1|A/cattle/Texas/24-008749-003/2024(H5N1)	944	10028
MP|PP755590.1|A/cattle/Texas/24-008749-003/2024(H5N1)	945	9560
MP|PP755590.1|A/cattle/Texas/24-008749-003/2024(H5N1)	946	9374
MP|PP755590.1|A/cattle/Texas/24-008749-003/2024(H5N1)	947	9317
MP|PP755590.1|A/cattle/Texas/24-008749-003/2024(H5N1)	948	9287
MP|PP755590.1|A/cattle/Texas/24-008749-003/2024(H5N1)	949	9252
MP|PP755590.1|A/cattle/Texas/24-008749-003/2024(H5N1)	950	8807
MP|PP755590.1|A/cattle/Texas/24-008749-003/2024(H5N1)	951	8774
MP|PP755590.1|A/cattle/Texas/24-008749-003/2024(H5N1)	952	8663
MP|PP755590.1|A/cattle/Texas/24-008749-003/2024(H5N1)	953	8585
MP|PP755590.1|A/cattle/Texas/24-008749-003/2024(H5N1)	954	8508
MP|PP755590.1|A/cattle/Texas/24-008749-003/2024(H5N1)	955	8440
MP|PP755590.1|A/cattle/Texas/24-008749-003/2024(H5N1)	956	8389
MP|PP755590.1|A/cattle/Texas/24-008749-003/2024(H5N1)	957	8367
MP|PP755590.1|A/cattle/Texas/24-008749-003/2024(H5N1)	958	8345
MP|PP755590.1|A/cattle/Texas/24-008749-003/2024(H5N1)	959	8321
MP|PP755590.1|A/cattle/Texas/24-008749-003/2024(H5N1)	960	8281
MP|PP755590.1|A/cattle/Texas/24-008749-003/2024(H5N1)	961	8201
MP|PP755590.1|A/cattle/Texas/24-008749-003/2024(H5N1)	962	8189
MP|PP755590.1|A/cattle/Texas/24-008749-003/2024(H5N1)	963	8084
MP|PP755590.1|A/cattle/Texas/24-008749-003/2024(H5N1)	964	8077
MP|PP755590.1|A/cattle/Texas/24-008749-003/2024(H5N1)	965	8045
MP|PP755590.1|A/cattle/Texas/24-008749-003/2024(H5N1)	966	8037
MP|PP755590.1|A/cattle/Texas/24-008749-003/2024(H5N1)	967	8034
MP|PP755590.1|A/cattle/Texas/24-008749-003/2024(H5N1)	968	8023
MP|PP755590.1|A/cattle/Texas/24-008749-003/2024(H5N1)	969	8018
MP|PP755590.1|A/cattle/Texas/24-008749-003/2024(H5N1)	970	7722
MP|PP755590.1|A/cattle/Texas/24-008749-003/2024(H5N1)	971	7718
MP|PP755590.1|A/cattle/Texas/24-008749-003/2024(H5N1)	972	7608
MP|PP755590.1|A/cattle/Texas/24-008749-003/2024(H5N1)	973	7605
MP|PP755590.1|A/cattle/Texas/24-008749-003/2024(H5N1)	974	7593
MP|PP755590.1|A/cattle/Texas/24-008749-003/2024(H5N1)	975	5672
MP|PP755590.1|A/cattle/Texas/24-008749-003/2024(H5N1)	976	5608
MP|PP755590.1|A/cattle/Texas/24-008749-003/2024(H5N1)	977	5608
MP|PP755590.1|A/cattle/Texas/24-008749-003/2024(H5N1)	978	5593
MP|PP755590.1|A/cattle/Texas/24-008749-003/2024(H5N1)	979	5591
MP|PP755590.1|A/cattle/Texas/24-008749-003/2024(H5N1)	980	4888
MP|PP755590.1|A/cattle/Texas/24-008749-003/2024(H5N1)	981	4858
MP|PP755590.1|A/cattle/Texas/24-008749-003/2024(H5N1)	982	4854
