PB1|PP755595.1|A/cattle/Texas/24-008749-003/2024(H5N1)	1	55
PB1|PP755595.1|A/cattle/Texas/24-008749-003/2024(H5N1)	2	56
PB1|PP755595.1|A/cattle/Texas/24-008749-003/2024(H5N1)	3	56
PB1|PP755595.1|A/cattle/Texas/24-008749-003/2024(H5N1)	4	60
PB1|PP755595.1|A/cattle/Texas/24-008749-003/2024(H5N1)	5	61
PB1|PP755595.1|A/cattle/Texas/24-008749-003/2024(H5N1)	6	64
PB1|PP755595.1|A/cattle/Texas/24-008749-003/2024(H5N1)	7	64
PB1|PP755595.1|A/cattle/Texas/24-008749-003/2024(H5N1)	8	66
PB1|PP755595.1|A/cattle/Texas/24-008749-003/2024(H5N1)	9	67
PB1|PP755595.1|A/cattle/Texas/24-008749-003/2024(H5N1)	10	67
PB1|PP755595.1|A/cattle/Texas/24-008749-003/2024(H5N1)	11	67
PB1|PP755595.1|A/cattle/Texas/24-008749-003/2024(H5N1)	12	68
PB1|PP755595.1|A/cattle/Texas/24-008749-003/2024(H5N1)	13	68
PB1|PP755595.1|A/cattle/Texas/24-008749-003/2024(H5N1)	14	68
PB1|PP755595.1|A/cattle/Texas/24-008749-003/2024(H5N1)	15	68
PB1|PP755595.1|A/cattle/Texas/24-008749-003/2024(H5N1)	16	73
PB1|PP755595.1|A/cattle/Texas/24-008749-003/2024(H5N1)	17	73
PB1|PP755595.1|A/cattle/Texas/24-008749-003/2024(H5N1)	18	74
PB1|PP755595.1|A/cattle/Texas/24-008749-003/2024(H5N1)	19	75
PB1|PP755595.1|A/cattle/Texas/24-008749-003/2024(H5N1)	20	76
PB1|PP755595.1|A/cattle/Texas/24-008749-003/2024(H5N1)	21	76
PB1|PP755595.1|A/cattle/Texas/24-008749-003/2024(H5N1)	22	79
PB1|PP755595.1|A/cattle/Texas/24-008749-003/2024(H5N1)	23	79
PB1|PP755595.1|A/cattle/Texas/24-008749-003/2024(H5N1)	24	79
PB1|PP755595.1|A/cattle/Texas/24-008749-003/2024(H5N1)	25	79
PB1|PP755595.1|A/cattle/Texas/24-008749-003/2024(H5N1)	26	80
PB1|PP755595.1|A/cattle/Texas/24-008749-003/2024(H5N1)	27	80
PB1|PP755595.1|A/cattle/Texas/24-008749-003/2024(H5N1)	28	80
PB1|PP755595.1|A/cattle/Texas/24-008749-003/2024(H5N1)	29	80
PB1|PP755595.1|A/cattle/Texas/24-008749-003/2024(H5N1)	30	80
PB1|PP755595.1|A/cattle/Texas/24-008749-003/2024(H5N1)	31	81
PB1|PP755595.1|A/cattle/Texas/24-008749-003/2024(H5N1)	32	81
PB1|PP755595.1|A/cattle/Texas/24-008749-003/2024(H5N1)	33	81
PB1|PP755595.1|A/cattle/Texas/24-008749-003/2024(H5N1)	34	77
PB1|PP755595.1|A/cattle/Texas/24-008749-003/2024(H5N1)	35	77
PB1|PP755595.1|A/cattle/Texas/24-008749-003/2024(H5N1)	36	77
PB1|PP755595.1|A/cattle/Texas/24-008749-003/2024(H5N1)	37	77
PB1|PP755595.1|A/cattle/Texas/24-008749-003/2024(H5N1)	38	77
PB1|PP755595.1|A/cattle/Texas/24-008749-003/2024(H5N1)	39	77
PB1|PP755595.1|A/cattle/Texas/24-008749-003/2024(H5N1)	40	77
PB1|PP755595.1|A/cattle/Texas/24-008749-003/2024(H5N1)	41	81
PB1|PP755595.1|A/cattle/Texas/24-008749-003/2024(H5N1)	42	85
PB1|PP755595.1|A/cattle/Texas/24-008749-003/2024(H5N1)	43	85
PB1|PP755595.1|A/cattle/Texas/24-008749-003/2024(H5N1)	44	85
PB1|PP755595.1|A/cattle/Texas/24-008749-003/2024(H5N1)	45	85
PB1|PP755595.1|A/cattle/Texas/24-008749-003/2024(H5N1)	46	85
PB1|PP755595.1|A/cattle/Texas/24-008749-003/2024(H5N1)	47	86
PB1|PP755595.1|A/cattle/Texas/24-008749-003/2024(H5N1)	48	86
PB1|PP755595.1|A/cattle/Texas/24-008749-003/2024(H5N1)	49	87
PB1|PP755595.1|A/cattle/Texas/24-008749-003/2024(H5N1)	50	89
PB1|PP755595.1|A/cattle/Texas/24-008749-003/2024(H5N1)	51	89
PB1|PP755595.1|A/cattle/Texas/24-008749-003/2024(H5N1)	52	89
PB1|PP755595.1|A/cattle/Texas/24-008749-003/2024(H5N1)	53	89
PB1|PP755595.1|A/cattle/Texas/24-008749-003/2024(H5N1)	54	91
PB1|PP755595.1|A/cattle/Texas/24-008749-003/2024(H5N1)	55	91
PB1|PP755595.1|A/cattle/Texas/24-008749-003/2024(H5N1)	56	92
PB1|PP755595.1|A/cattle/Texas/24-008749-003/2024(H5N1)	57	94
PB1|PP755595.1|A/cattle/Texas/24-008749-003/2024(H5N1)	58	94
PB1|PP755595.1|A/cattle/Texas/24-008749-003/2024(H5N1)	59	96
PB1|PP755595.1|A/cattle/Texas/24-008749-003/2024(H5N1)	60	96
PB1|PP755595.1|A/cattle/Texas/24-008749-003/2024(H5N1)	61	96
PB1|PP755595.1|A/cattle/Texas/24-008749-003/2024(H5N1)	62	96
PB1|PP755595.1|A/cattle/Texas/24-008749-003/2024(H5N1)	63	96
PB1|PP755595.1|A/cattle/Texas/24-008749-003/2024(H5N1)	64	98
PB1|PP755595.1|A/cattle/Texas/24-008749-003/2024(H5N1)	65	98
PB1|PP755595.1|A/cattle/Texas/24-008749-003/2024(H5N1)	66	109
PB1|PP755595.1|A/cattle/Texas/24-008749-003/2024(H5N1)	67	109
PB1|PP755595.1|A/cattle/Texas/24-008749-003/2024(H5N1)	68	109
PB1|PP755595.1|A/cattle/Texas/24-008749-003/2024(H5N1)	69	111
PB1|PP755595.1|A/cattle/Texas/24-008749-003/2024(H5N1)	70	111
PB1|PP755595.1|A/cattle/Texas/24-008749-003/2024(H5N1)	71	116
PB1|PP755595.1|A/cattle/Texas/24-008749-003/2024(H5N1)	72	116
PB1|PP755595.1|A/cattle/Texas/24-008749-003/2024(H5N1)	73	117
PB1|PP755595.1|A/cattle/Texas/24-008749-003/2024(H5N1)	74	119
PB1|PP755595.1|A/cattle/Texas/24-008749-003/2024(H5N1)	75	119
PB1|PP755595.1|A/cattle/Texas/24-008749-003/2024(H5N1)	76	120
PB1|PP755595.1|A/cattle/Texas/24-008749-003/2024(H5N1)	77	120
PB1|PP755595.1|A/cattle/Texas/24-008749-003/2024(H5N1)	78	120
PB1|PP755595.1|A/cattle/Texas/24-008749-003/2024(H5N1)	79	120
PB1|PP755595.1|A/cattle/Texas/24-008749-003/2024(H5N1)	80	118
PB1|PP755595.1|A/cattle/Texas/24-008749-003/2024(H5N1)	81	118
PB1|PP755595.1|A/cattle/Texas/24-008749-003/2024(H5N1)	82	123
PB1|PP755595.1|A/cattle/Texas/24-008749-003/2024(H5N1)	83	123
PB1|PP755595.1|A/cattle/Texas/24-008749-003/2024(H5N1)	84	123
PB1|PP755595.1|A/cattle/Texas/24-008749-003/2024(H5N1)	85	126
PB1|PP755595.1|A/cattle/Texas/24-008749-003/2024(H5N1)	86	126
PB1|PP755595.1|A/cattle/Texas/24-008749-003/2024(H5N1)	87	127
PB1|PP755595.1|A/cattle/Texas/24-008749-003/2024(H5N1)	88	128
PB1|PP755595.1|A/cattle/Texas/24-008749-003/2024(H5N1)	89	128
PB1|PP755595.1|A/cattle/Texas/24-008749-003/2024(H5N1)	90	129
PB1|PP755595.1|A/cattle/Texas/24-008749-003/2024(H5N1)	91	129
PB1|PP755595.1|A/cattle/Texas/24-008749-003/2024(H5N1)	92	129
PB1|PP755595.1|A/cattle/Texas/24-008749-003/2024(H5N1)	93	130
PB1|PP755595.1|A/cattle/Texas/24-008749-003/2024(H5N1)	94	130
PB1|PP755595.1|A/cattle/Texas/24-008749-003/2024(H5N1)	95	130
PB1|PP755595.1|A/cattle/Texas/24-008749-003/2024(H5N1)	96	130
PB1|PP755595.1|A/cattle/Texas/24-008749-003/2024(H5N1)	97	130
PB1|PP755595.1|A/cattle/Texas/24-008749-003/2024(H5N1)	98	134
PB1|PP755595.1|A/cattle/Texas/24-008749-003/2024(H5N1)	99	137
PB1|PP755595.1|A/cattle/Texas/24-008749-003/2024(H5N1)	100	137
PB1|PP755595.1|A/cattle/Texas/24-008749-003/2024(H5N1)	101	137
PB1|PP755595.1|A/cattle/Texas/24-008749-003/2024(H5N1)	102	137
PB1|PP755595.1|A/cattle/Texas/24-008749-003/2024(H5N1)	103	140
PB1|PP755595.1|A/cattle/Texas/24-008749-003/2024(H5N1)	104	143
PB1|PP755595.1|A/cattle/Texas/24-008749-003/2024(H5N1)	105	143
PB1|PP755595.1|A/cattle/Texas/24-008749-003/2024(H5N1)	106	143
PB1|PP755595.1|A/cattle/Texas/24-008749-003/2024(H5N1)	107	144
PB1|PP755595.1|A/cattle/Texas/24-008749-003/2024(H5N1)	108	142
PB1|PP755595.1|A/cattle/Texas/24-008749-003/2024(H5N1)	109	151
PB1|PP755595.1|A/cattle/Texas/24-008749-003/2024(H5N1)	110	152
PB1|PP755595.1|A/cattle/Texas/24-008749-003/2024(H5N1)	111	152
PB1|PP755595.1|A/cattle/Texas/24-008749-003/2024(H5N1)	112	152
PB1|PP755595.1|A/cattle/Texas/24-008749-003/2024(H5N1)	113	155
PB1|PP755595.1|A/cattle/Texas/24-008749-003/2024(H5N1)	114	155
PB1|PP755595.1|A/cattle/Texas/24-008749-003/2024(H5N1)	115	158
PB1|PP755595.1|A/cattle/Texas/24-008749-003/2024(H5N1)	116	158
PB1|PP755595.1|A/cattle/Texas/24-008749-003/2024(H5N1)	117	158
PB1|PP755595.1|A/cattle/Texas/24-008749-003/2024(H5N1)	118	158
PB1|PP755595.1|A/cattle/Texas/24-008749-003/2024(H5N1)	119	158
PB1|PP755595.1|A/cattle/Texas/24-008749-003/2024(H5N1)	120	158
PB1|PP755595.1|A/cattle/Texas/24-008749-003/2024(H5N1)	121	163
PB1|PP755595.1|A/cattle/Texas/24-008749-003/2024(H5N1)	122	162
PB1|PP755595.1|A/cattle/Texas/24-008749-003/2024(H5N1)	123	162
PB1|PP755595.1|A/cattle/Texas/24-008749-003/2024(H5N1)	124	161
PB1|PP755595.1|A/cattle/Texas/24-008749-003/2024(H5N1)	125	163
PB1|PP755595.1|A/cattle/Texas/24-008749-003/2024(H5N1)	126	164
PB1|PP755595.1|A/cattle/Texas/24-008749-003/2024(H5N1)	127	172
PB1|PP755595.1|A/cattle/Texas/24-008749-003/2024(H5N1)	128	173
PB1|PP755595.1|A/cattle/Texas/24-008749-003/2024(H5N1)	129	178
PB1|PP755595.1|A/cattle/Texas/24-008749-003/2024(H5N1)	130	178
PB1|PP755595.1|A/cattle/Texas/24-008749-003/2024(H5N1)	131	178
PB1|PP755595.1|A/cattle/Texas/24-008749-003/2024(H5N1)	132	178
PB1|PP755595.1|A/cattle/Texas/24-008749-003/2024(H5N1)	133	176
PB1|PP755595.1|A/cattle/Texas/24-008749-003/2024(H5N1)	134	178
PB1|PP755595.1|A/cattle/Texas/24-008749-003/2024(H5N1)	135	182
PB1|PP755595.1|A/cattle/Texas/24-008749-003/2024(H5N1)	136	183
PB1|PP755595.1|A/cattle/Texas/24-008749-003/2024(H5N1)	137	184
PB1|PP755595.1|A/cattle/Texas/24-008749-003/2024(H5N1)	138	182
PB1|PP755595.1|A/cattle/Texas/24-008749-003/2024(H5N1)	139	189
PB1|PP755595.1|A/cattle/Texas/24-008749-003/2024(H5N1)	140	190
PB1|PP755595.1|A/cattle/Texas/24-008749-003/2024(H5N1)	141	190
PB1|PP755595.1|A/cattle/Texas/24-008749-003/2024(H5N1)	142	190
PB1|PP755595.1|A/cattle/Texas/24-008749-003/2024(H5N1)	143	188
PB1|PP755595.1|A/cattle/Texas/24-008749-003/2024(H5N1)	144	189
PB1|PP755595.1|A/cattle/Texas/24-008749-003/2024(H5N1)	145	190
PB1|PP755595.1|A/cattle/Texas/24-008749-003/2024(H5N1)	146	190
PB1|PP755595.1|A/cattle/Texas/24-008749-003/2024(H5N1)	147	190
PB1|PP755595.1|A/cattle/Texas/24-008749-003/2024(H5N1)	148	190
PB1|PP755595.1|A/cattle/Texas/24-008749-003/2024(H5N1)	149	190
PB1|PP755595.1|A/cattle/Texas/24-008749-003/2024(H5N1)	150	190
PB1|PP755595.1|A/cattle/Texas/24-008749-003/2024(H5N1)	151	191
PB1|PP755595.1|A/cattle/Texas/24-008749-003/2024(H5N1)	152	191
PB1|PP755595.1|A/cattle/Texas/24-008749-003/2024(H5N1)	153	191
PB1|PP755595.1|A/cattle/Texas/24-008749-003/2024(H5N1)	154	191
PB1|PP755595.1|A/cattle/Texas/24-008749-003/2024(H5N1)	155	191
PB1|PP755595.1|A/cattle/Texas/24-008749-003/2024(H5N1)	156	191
PB1|PP755595.1|A/cattle/Texas/24-008749-003/2024(H5N1)	157	191
PB1|PP755595.1|A/cattle/Texas/24-008749-003/2024(H5N1)	158	190
PB1|PP755595.1|A/cattle/Texas/24-008749-003/2024(H5N1)	159	190
PB1|PP755595.1|A/cattle/Texas/24-008749-003/2024(H5N1)	160	191
PB1|PP755595.1|A/cattle/Texas/24-008749-003/2024(H5N1)	161	191
PB1|PP755595.1|A/cattle/Texas/24-008749-003/2024(H5N1)	162	191
PB1|PP755595.1|A/cattle/Texas/24-008749-003/2024(H5N1)	163	191
PB1|PP755595.1|A/cattle/Texas/24-008749-003/2024(H5N1)	164	191
PB1|PP755595.1|A/cattle/Texas/24-008749-003/2024(H5N1)	165	189
PB1|PP755595.1|A/cattle/Texas/24-008749-003/2024(H5N1)	166	190
PB1|PP755595.1|A/cattle/Texas/24-008749-003/2024(H5N1)	167	190
PB1|PP755595.1|A/cattle/Texas/24-008749-003/2024(H5N1)	168	190
PB1|PP755595.1|A/cattle/Texas/24-008749-003/2024(H5N1)	169	190
PB1|PP755595.1|A/cattle/Texas/24-008749-003/2024(H5N1)	170	190
PB1|PP755595.1|A/cattle/Texas/24-008749-003/2024(H5N1)	171	190
PB1|PP755595.1|A/cattle/Texas/24-008749-003/2024(H5N1)	172	191
PB1|PP755595.1|A/cattle/Texas/24-008749-003/2024(H5N1)	173	191
PB1|PP755595.1|A/cattle/Texas/24-008749-003/2024(H5N1)	174	196
PB1|PP755595.1|A/cattle/Texas/24-008749-003/2024(H5N1)	175	196
PB1|PP755595.1|A/cattle/Texas/24-008749-003/2024(H5N1)	176	196
PB1|PP755595.1|A/cattle/Texas/24-008749-003/2024(H5N1)	177	196
PB1|PP755595.1|A/cattle/Texas/24-008749-003/2024(H5N1)	178	196
PB1|PP755595.1|A/cattle/Texas/24-008749-003/2024(H5N1)	179	196
PB1|PP755595.1|A/cattle/Texas/24-008749-003/2024(H5N1)	180	198
PB1|PP755595.1|A/cattle/Texas/24-008749-003/2024(H5N1)	181	198
PB1|PP755595.1|A/cattle/Texas/24-008749-003/2024(H5N1)	182	198
PB1|PP755595.1|A/cattle/Texas/24-008749-003/2024(H5N1)	183	196
PB1|PP755595.1|A/cattle/Texas/24-008749-003/2024(H5N1)	184	196
PB1|PP755595.1|A/cattle/Texas/24-008749-003/2024(H5N1)	185	198
PB1|PP755595.1|A/cattle/Texas/24-008749-003/2024(H5N1)	186	198
PB1|PP755595.1|A/cattle/Texas/24-008749-003/2024(H5N1)	187	201
PB1|PP755595.1|A/cattle/Texas/24-008749-003/2024(H5N1)	188	210
PB1|PP755595.1|A/cattle/Texas/24-008749-003/2024(H5N1)	189	210
PB1|PP755595.1|A/cattle/Texas/24-008749-003/2024(H5N1)	190	219
PB1|PP755595.1|A/cattle/Texas/24-008749-003/2024(H5N1)	191	219
PB1|PP755595.1|A/cattle/Texas/24-008749-003/2024(H5N1)	192	224
PB1|PP755595.1|A/cattle/Texas/24-008749-003/2024(H5N1)	193	224
PB1|PP755595.1|A/cattle/Texas/24-008749-003/2024(H5N1)	194	222
PB1|PP755595.1|A/cattle/Texas/24-008749-003/2024(H5N1)	195	231
PB1|PP755595.1|A/cattle/Texas/24-008749-003/2024(H5N1)	196	231
PB1|PP755595.1|A/cattle/Texas/24-008749-003/2024(H5N1)	197	231
PB1|PP755595.1|A/cattle/Texas/24-008749-003/2024(H5N1)	198	234
PB1|PP755595.1|A/cattle/Texas/24-008749-003/2024(H5N1)	199	228
PB1|PP755595.1|A/cattle/Texas/24-008749-003/2024(H5N1)	200	228
PB1|PP755595.1|A/cattle/Texas/24-008749-003/2024(H5N1)	201	228
PB1|PP755595.1|A/cattle/Texas/24-008749-003/2024(H5N1)	202	228
PB1|PP755595.1|A/cattle/Texas/24-008749-003/2024(H5N1)	203	228
PB1|PP755595.1|A/cattle/Texas/24-008749-003/2024(H5N1)	204	224
PB1|PP755595.1|A/cattle/Texas/24-008749-003/2024(H5N1)	205	224
PB1|PP755595.1|A/cattle/Texas/24-008749-003/2024(H5N1)	206	225
PB1|PP755595.1|A/cattle/Texas/24-008749-003/2024(H5N1)	207	227
PB1|PP755595.1|A/cattle/Texas/24-008749-003/2024(H5N1)	208	229
PB1|PP755595.1|A/cattle/Texas/24-008749-003/2024(H5N1)	209	223
PB1|PP755595.1|A/cattle/Texas/24-008749-003/2024(H5N1)	210	223
PB1|PP755595.1|A/cattle/Texas/24-008749-003/2024(H5N1)	211	223
PB1|PP755595.1|A/cattle/Texas/24-008749-003/2024(H5N1)	212	223
PB1|PP755595.1|A/cattle/Texas/24-008749-003/2024(H5N1)	213	239
PB1|PP755595.1|A/cattle/Texas/24-008749-003/2024(H5N1)	214	239
PB1|PP755595.1|A/cattle/Texas/24-008749-003/2024(H5N1)	215	240
PB1|PP755595.1|A/cattle/Texas/24-008749-003/2024(H5N1)	216	238
PB1|PP755595.1|A/cattle/Texas/24-008749-003/2024(H5N1)	217	239
PB1|PP755595.1|A/cattle/Texas/24-008749-003/2024(H5N1)	218	239
PB1|PP755595.1|A/cattle/Texas/24-008749-003/2024(H5N1)	219	243
PB1|PP755595.1|A/cattle/Texas/24-008749-003/2024(H5N1)	220	253
PB1|PP755595.1|A/cattle/Texas/24-008749-003/2024(H5N1)	221	253
PB1|PP755595.1|A/cattle/Texas/24-008749-003/2024(H5N1)	222	243
PB1|PP755595.1|A/cattle/Texas/24-008749-003/2024(H5N1)	223	243
PB1|PP755595.1|A/cattle/Texas/24-008749-003/2024(H5N1)	224	243
PB1|PP755595.1|A/cattle/Texas/24-008749-003/2024(H5N1)	225	242
PB1|PP755595.1|A/cattle/Texas/24-008749-003/2024(H5N1)	226	243
PB1|PP755595.1|A/cattle/Texas/24-008749-003/2024(H5N1)	227	231
PB1|PP755595.1|A/cattle/Texas/24-008749-003/2024(H5N1)	228	230
PB1|PP755595.1|A/cattle/Texas/24-008749-003/2024(H5N1)	229	230
PB1|PP755595.1|A/cattle/Texas/24-008749-003/2024(H5N1)	230	230
PB1|PP755595.1|A/cattle/Texas/24-008749-003/2024(H5N1)	231	230
PB1|PP755595.1|A/cattle/Texas/24-008749-003/2024(H5N1)	232	230
PB1|PP755595.1|A/cattle/Texas/24-008749-003/2024(H5N1)	233	230
PB1|PP755595.1|A/cattle/Texas/24-008749-003/2024(H5N1)	234	231
PB1|PP755595.1|A/cattle/Texas/24-008749-003/2024(H5N1)	235	231
PB1|PP755595.1|A/cattle/Texas/24-008749-003/2024(H5N1)	236	231
PB1|PP755595.1|A/cattle/Texas/24-008749-003/2024(H5N1)	237	233
PB1|PP755595.1|A/cattle/Texas/24-008749-003/2024(H5N1)	238	231
PB1|PP755595.1|A/cattle/Texas/24-008749-003/2024(H5N1)	239	233
PB1|PP755595.1|A/cattle/Texas/24-008749-003/2024(H5N1)	240	233
PB1|PP755595.1|A/cattle/Texas/24-008749-003/2024(H5N1)	241	233
PB1|PP755595.1|A/cattle/Texas/24-008749-003/2024(H5N1)	242	239
PB1|PP755595.1|A/cattle/Texas/24-008749-003/2024(H5N1)	243	238
PB1|PP755595.1|A/cattle/Texas/24-008749-003/2024(H5N1)	244	235
PB1|PP755595.1|A/cattle/Texas/24-008749-003/2024(H5N1)	245	235
PB1|PP755595.1|A/cattle/Texas/24-008749-003/2024(H5N1)	246	235
PB1|PP755595.1|A/cattle/Texas/24-008749-003/2024(H5N1)	247	236
PB1|PP755595.1|A/cattle/Texas/24-008749-003/2024(H5N1)	248	235
PB1|PP755595.1|A/cattle/Texas/24-008749-003/2024(H5N1)	249	235
PB1|PP755595.1|A/cattle/Texas/24-008749-003/2024(H5N1)	250	239
PB1|PP755595.1|A/cattle/Texas/24-008749-003/2024(H5N1)	251	239
PB1|PP755595.1|A/cattle/Texas/24-008749-003/2024(H5N1)	252	239
PB1|PP755595.1|A/cattle/Texas/24-008749-003/2024(H5N1)	253	239
PB1|PP755595.1|A/cattle/Texas/24-008749-003/2024(H5N1)	254	237
PB1|PP755595.1|A/cattle/Texas/24-008749-003/2024(H5N1)	255	235
PB1|PP755595.1|A/cattle/Texas/24-008749-003/2024(H5N1)	256	234
PB1|PP755595.1|A/cattle/Texas/24-008749-003/2024(H5N1)	257	233
PB1|PP755595.1|A/cattle/Texas/24-008749-003/2024(H5N1)	258	232
PB1|PP755595.1|A/cattle/Texas/24-008749-003/2024(H5N1)	259	230
PB1|PP755595.1|A/cattle/Texas/24-008749-003/2024(H5N1)	260	232
PB1|PP755595.1|A/cattle/Texas/24-008749-003/2024(H5N1)	261	233
PB1|PP755595.1|A/cattle/Texas/24-008749-003/2024(H5N1)	262	236
PB1|PP755595.1|A/cattle/Texas/24-008749-003/2024(H5N1)	263	237
PB1|PP755595.1|A/cattle/Texas/24-008749-003/2024(H5N1)	264	241
PB1|PP755595.1|A/cattle/Texas/24-008749-003/2024(H5N1)	265	238
PB1|PP755595.1|A/cattle/Texas/24-008749-003/2024(H5N1)	266	239
PB1|PP755595.1|A/cattle/Texas/24-008749-003/2024(H5N1)	267	239
PB1|PP755595.1|A/cattle/Texas/24-008749-003/2024(H5N1)	268	239
PB1|PP755595.1|A/cattle/Texas/24-008749-003/2024(H5N1)	269	240
PB1|PP755595.1|A/cattle/Texas/24-008749-003/2024(H5N1)	270	242
PB1|PP755595.1|A/cattle/Texas/24-008749-003/2024(H5N1)	271	239
PB1|PP755595.1|A/cattle/Texas/24-008749-003/2024(H5N1)	272	241
PB1|PP755595.1|A/cattle/Texas/24-008749-003/2024(H5N1)	273	238
PB1|PP755595.1|A/cattle/Texas/24-008749-003/2024(H5N1)	274	238
PB1|PP755595.1|A/cattle/Texas/24-008749-003/2024(H5N1)	275	238
PB1|PP755595.1|A/cattle/Texas/24-008749-003/2024(H5N1)	276	240
PB1|PP755595.1|A/cattle/Texas/24-008749-003/2024(H5N1)	277	240
PB1|PP755595.1|A/cattle/Texas/24-008749-003/2024(H5N1)	278	240
PB1|PP755595.1|A/cattle/Texas/24-008749-003/2024(H5N1)	279	240
PB1|PP755595.1|A/cattle/Texas/24-008749-003/2024(H5N1)	280	241
PB1|PP755595.1|A/cattle/Texas/24-008749-003/2024(H5N1)	281	243
PB1|PP755595.1|A/cattle/Texas/24-008749-003/2024(H5N1)	282	245
PB1|PP755595.1|A/cattle/Texas/24-008749-003/2024(H5N1)	283	245
PB1|PP755595.1|A/cattle/Texas/24-008749-003/2024(H5N1)	284	245
PB1|PP755595.1|A/cattle/Texas/24-008749-003/2024(H5N1)	285	245
PB1|PP755595.1|A/cattle/Texas/24-008749-003/2024(H5N1)	286	247
PB1|PP755595.1|A/cattle/Texas/24-008749-003/2024(H5N1)	287	247
PB1|PP755595.1|A/cattle/Texas/24-008749-003/2024(H5N1)	288	247
PB1|PP755595.1|A/cattle/Texas/24-008749-003/2024(H5N1)	289	252
PB1|PP755595.1|A/cattle/Texas/24-008749-003/2024(H5N1)	290	244
PB1|PP755595.1|A/cattle/Texas/24-008749-003/2024(H5N1)	291	248
PB1|PP755595.1|A/cattle/Texas/24-008749-003/2024(H5N1)	292	249
PB1|PP755595.1|A/cattle/Texas/24-008749-003/2024(H5N1)	293	249
PB1|PP755595.1|A/cattle/Texas/24-008749-003/2024(H5N1)	294	249
PB1|PP755595.1|A/cattle/Texas/24-008749-003/2024(H5N1)	295	248
PB1|PP755595.1|A/cattle/Texas/24-008749-003/2024(H5N1)	296	249
PB1|PP755595.1|A/cattle/Texas/24-008749-003/2024(H5N1)	297	251
PB1|PP755595.1|A/cattle/Texas/24-008749-003/2024(H5N1)	298	250
PB1|PP755595.1|A/cattle/Texas/24-008749-003/2024(H5N1)	299	249
PB1|PP755595.1|A/cattle/Texas/24-008749-003/2024(H5N1)	300	239
PB1|PP755595.1|A/cattle/Texas/24-008749-003/2024(H5N1)	301	239
PB1|PP755595.1|A/cattle/Texas/24-008749-003/2024(H5N1)	302	239
PB1|PP755595.1|A/cattle/Texas/24-008749-003/2024(H5N1)	303	239
PB1|PP755595.1|A/cattle/Texas/24-008749-003/2024(H5N1)	304	241
PB1|PP755595.1|A/cattle/Texas/24-008749-003/2024(H5N1)	305	239
PB1|PP755595.1|A/cattle/Texas/24-008749-003/2024(H5N1)	306	242
PB1|PP755595.1|A/cattle/Texas/24-008749-003/2024(H5N1)	307	242
PB1|PP755595.1|A/cattle/Texas/24-008749-003/2024(H5N1)	308	243
PB1|PP755595.1|A/cattle/Texas/24-008749-003/2024(H5N1)	309	243
PB1|PP755595.1|A/cattle/Texas/24-008749-003/2024(H5N1)	310	243
PB1|PP755595.1|A/cattle/Texas/24-008749-003/2024(H5N1)	311	243
PB1|PP755595.1|A/cattle/Texas/24-008749-003/2024(H5N1)	312	243
PB1|PP755595.1|A/cattle/Texas/24-008749-003/2024(H5N1)	313	243
PB1|PP755595.1|A/cattle/Texas/24-008749-003/2024(H5N1)	314	243
PB1|PP755595.1|A/cattle/Texas/24-008749-003/2024(H5N1)	315	235
PB1|PP755595.1|A/cattle/Texas/24-008749-003/2024(H5N1)	316	232
PB1|PP755595.1|A/cattle/Texas/24-008749-003/2024(H5N1)	317	232
PB1|PP755595.1|A/cattle/Texas/24-008749-003/2024(H5N1)	318	232
PB1|PP755595.1|A/cattle/Texas/24-008749-003/2024(H5N1)	319	233
PB1|PP755595.1|A/cattle/Texas/24-008749-003/2024(H5N1)	320	241
PB1|PP755595.1|A/cattle/Texas/24-008749-003/2024(H5N1)	321	241
PB1|PP755595.1|A/cattle/Texas/24-008749-003/2024(H5N1)	322	238
PB1|PP755595.1|A/cattle/Texas/24-008749-003/2024(H5N1)	323	238
PB1|PP755595.1|A/cattle/Texas/24-008749-003/2024(H5N1)	324	237
PB1|PP755595.1|A/cattle/Texas/24-008749-003/2024(H5N1)	325	237
PB1|PP755595.1|A/cattle/Texas/24-008749-003/2024(H5N1)	326	237
PB1|PP755595.1|A/cattle/Texas/24-008749-003/2024(H5N1)	327	237
PB1|PP755595.1|A/cattle/Texas/24-008749-003/2024(H5N1)	328	237
PB1|PP755595.1|A/cattle/Texas/24-008749-003/2024(H5N1)	329	242
PB1|PP755595.1|A/cattle/Texas/24-008749-003/2024(H5N1)	330	244
PB1|PP755595.1|A/cattle/Texas/24-008749-003/2024(H5N1)	331	246
PB1|PP755595.1|A/cattle/Texas/24-008749-003/2024(H5N1)	332	248
PB1|PP755595.1|A/cattle/Texas/24-008749-003/2024(H5N1)	333	245
PB1|PP755595.1|A/cattle/Texas/24-008749-003/2024(H5N1)	334	247
PB1|PP755595.1|A/cattle/Texas/24-008749-003/2024(H5N1)	335	248
PB1|PP755595.1|A/cattle/Texas/24-008749-003/2024(H5N1)	336	246
PB1|PP755595.1|A/cattle/Texas/24-008749-003/2024(H5N1)	337	246
PB1|PP755595.1|A/cattle/Texas/24-008749-003/2024(H5N1)	338	246
PB1|PP755595.1|A/cattle/Texas/24-008749-003/2024(H5N1)	339	245
PB1|PP755595.1|A/cattle/Texas/24-008749-003/2024(H5N1)	340	245
PB1|PP755595.1|A/cattle/Texas/24-008749-003/2024(H5N1)	341	244
PB1|PP755595.1|A/cattle/Texas/24-008749-003/2024(H5N1)	342	244
PB1|PP755595.1|A/cattle/Texas/24-008749-003/2024(H5N1)	343	243
PB1|PP755595.1|A/cattle/Texas/24-008749-003/2024(H5N1)	344	243
PB1|PP755595.1|A/cattle/Texas/24-008749-003/2024(H5N1)	345	243
PB1|PP755595.1|A/cattle/Texas/24-008749-003/2024(H5N1)	346	243
PB1|PP755595.1|A/cattle/Texas/24-008749-003/2024(H5N1)	347	246
PB1|PP755595.1|A/cattle/Texas/24-008749-003/2024(H5N1)	348	247
PB1|PP755595.1|A/cattle/Texas/24-008749-003/2024(H5N1)	349	245
PB1|PP755595.1|A/cattle/Texas/24-008749-003/2024(H5N1)	350	245
PB1|PP755595.1|A/cattle/Texas/24-008749-003/2024(H5N1)	351	245
PB1|PP755595.1|A/cattle/Texas/24-008749-003/2024(H5N1)	352	246
PB1|PP755595.1|A/cattle/Texas/24-008749-003/2024(H5N1)	353	249
PB1|PP755595.1|A/cattle/Texas/24-008749-003/2024(H5N1)	354	241
PB1|PP755595.1|A/cattle/Texas/24-008749-003/2024(H5N1)	355	241
PB1|PP755595.1|A/cattle/Texas/24-008749-003/2024(H5N1)	356	242
PB1|PP755595.1|A/cattle/Texas/24-008749-003/2024(H5N1)	357	242
PB1|PP755595.1|A/cattle/Texas/24-008749-003/2024(H5N1)	358	242
PB1|PP755595.1|A/cattle/Texas/24-008749-003/2024(H5N1)	359	241
PB1|PP755595.1|A/cattle/Texas/24-008749-003/2024(H5N1)	360	239
PB1|PP755595.1|A/cattle/Texas/24-008749-003/2024(H5N1)	361	239
PB1|PP755595.1|A/cattle/Texas/24-008749-003/2024(H5N1)	362	245
PB1|PP755595.1|A/cattle/Texas/24-008749-003/2024(H5N1)	363	248
PB1|PP755595.1|A/cattle/Texas/24-008749-003/2024(H5N1)	364	248
PB1|PP755595.1|A/cattle/Texas/24-008749-003/2024(H5N1)	365	248
PB1|PP755595.1|A/cattle/Texas/24-008749-003/2024(H5N1)	366	247
PB1|PP755595.1|A/cattle/Texas/24-008749-003/2024(H5N1)	367	257
PB1|PP755595.1|A/cattle/Texas/24-008749-003/2024(H5N1)	368	257
PB1|PP755595.1|A/cattle/Texas/24-008749-003/2024(H5N1)	369	260
PB1|PP755595.1|A/cattle/Texas/24-008749-003/2024(H5N1)	370	259
PB1|PP755595.1|A/cattle/Texas/24-008749-003/2024(H5N1)	371	249
PB1|PP755595.1|A/cattle/Texas/24-008749-003/2024(H5N1)	372	248
PB1|PP755595.1|A/cattle/Texas/24-008749-003/2024(H5N1)	373	248
PB1|PP755595.1|A/cattle/Texas/24-008749-003/2024(H5N1)	374	249
PB1|PP755595.1|A/cattle/Texas/24-008749-003/2024(H5N1)	375	249
PB1|PP755595.1|A/cattle/Texas/24-008749-003/2024(H5N1)	376	244
PB1|PP755595.1|A/cattle/Texas/24-008749-003/2024(H5N1)	377	244
PB1|PP755595.1|A/cattle/Texas/24-008749-003/2024(H5N1)	378	238
PB1|PP755595.1|A/cattle/Texas/24-008749-003/2024(H5N1)	379	237
PB1|PP755595.1|A/cattle/Texas/24-008749-003/2024(H5N1)	380	237
PB1|PP755595.1|A/cattle/Texas/24-008749-003/2024(H5N1)	381	237
PB1|PP755595.1|A/cattle/Texas/24-008749-003/2024(H5N1)	382	238
PB1|PP755595.1|A/cattle/Texas/24-008749-003/2024(H5N1)	383	238
PB1|PP755595.1|A/cattle/Texas/24-008749-003/2024(H5N1)	384	239
PB1|PP755595.1|A/cattle/Texas/24-008749-003/2024(H5N1)	385	239
PB1|PP755595.1|A/cattle/Texas/24-008749-003/2024(H5N1)	386	239
PB1|PP755595.1|A/cattle/Texas/24-008749-003/2024(H5N1)	387	238
PB1|PP755595.1|A/cattle/Texas/24-008749-003/2024(H5N1)	388	237
PB1|PP755595.1|A/cattle/Texas/24-008749-003/2024(H5N1)	389	238
PB1|PP755595.1|A/cattle/Texas/24-008749-003/2024(H5N1)	390	231
PB1|PP755595.1|A/cattle/Texas/24-008749-003/2024(H5N1)	391	228
PB1|PP755595.1|A/cattle/Texas/24-008749-003/2024(H5N1)	392	230
PB1|PP755595.1|A/cattle/Texas/24-008749-003/2024(H5N1)	393	230
PB1|PP755595.1|A/cattle/Texas/24-008749-003/2024(H5N1)	394	233
PB1|PP755595.1|A/cattle/Texas/24-008749-003/2024(H5N1)	395	233
PB1|PP755595.1|A/cattle/Texas/24-008749-003/2024(H5N1)	396	231
PB1|PP755595.1|A/cattle/Texas/24-008749-003/2024(H5N1)	397	231
PB1|PP755595.1|A/cattle/Texas/24-008749-003/2024(H5N1)	398	231
PB1|PP755595.1|A/cattle/Texas/24-008749-003/2024(H5N1)	399	232
PB1|PP755595.1|A/cattle/Texas/24-008749-003/2024(H5N1)	400	232
PB1|PP755595.1|A/cattle/Texas/24-008749-003/2024(H5N1)	401	232
PB1|PP755595.1|A/cattle/Texas/24-008749-003/2024(H5N1)	402	231
PB1|PP755595.1|A/cattle/Texas/24-008749-003/2024(H5N1)	403	231
PB1|PP755595.1|A/cattle/Texas/24-008749-003/2024(H5N1)	404	232
PB1|PP755595.1|A/cattle/Texas/24-008749-003/2024(H5N1)	405	232
PB1|PP755595.1|A/cattle/Texas/24-008749-003/2024(H5N1)	406	230
PB1|PP755595.1|A/cattle/Texas/24-008749-003/2024(H5N1)	407	230
PB1|PP755595.1|A/cattle/Texas/24-008749-003/2024(H5N1)	408	229
PB1|PP755595.1|A/cattle/Texas/24-008749-003/2024(H5N1)	409	229
PB1|PP755595.1|A/cattle/Texas/24-008749-003/2024(H5N1)	410	228
PB1|PP755595.1|A/cattle/Texas/24-008749-003/2024(H5N1)	411	228
PB1|PP755595.1|A/cattle/Texas/24-008749-003/2024(H5N1)	412	232
PB1|PP755595.1|A/cattle/Texas/24-008749-003/2024(H5N1)	413	232
PB1|PP755595.1|A/cattle/Texas/24-008749-003/2024(H5N1)	414	232
PB1|PP755595.1|A/cattle/Texas/24-008749-003/2024(H5N1)	415	233
PB1|PP755595.1|A/cattle/Texas/24-008749-003/2024(H5N1)	416	233
PB1|PP755595.1|A/cattle/Texas/24-008749-003/2024(H5N1)	417	233
PB1|PP755595.1|A/cattle/Texas/24-008749-003/2024(H5N1)	418	233
PB1|PP755595.1|A/cattle/Texas/24-008749-003/2024(H5N1)	419	238
PB1|PP755595.1|A/cattle/Texas/24-008749-003/2024(H5N1)	420	240
PB1|PP755595.1|A/cattle/Texas/24-008749-003/2024(H5N1)	421	240
PB1|PP755595.1|A/cattle/Texas/24-008749-003/2024(H5N1)	422	238
PB1|PP755595.1|A/cattle/Texas/24-008749-003/2024(H5N1)	423	237
PB1|PP755595.1|A/cattle/Texas/24-008749-003/2024(H5N1)	424	242
PB1|PP755595.1|A/cattle/Texas/24-008749-003/2024(H5N1)	425	244
PB1|PP755595.1|A/cattle/Texas/24-008749-003/2024(H5N1)	426	244
PB1|PP755595.1|A/cattle/Texas/24-008749-003/2024(H5N1)	427	244
PB1|PP755595.1|A/cattle/Texas/24-008749-003/2024(H5N1)	428	244
PB1|PP755595.1|A/cattle/Texas/24-008749-003/2024(H5N1)	429	269
PB1|PP755595.1|A/cattle/Texas/24-008749-003/2024(H5N1)	430	298
PB1|PP755595.1|A/cattle/Texas/24-008749-003/2024(H5N1)	431	296
PB1|PP755595.1|A/cattle/Texas/24-008749-003/2024(H5N1)	432	296
PB1|PP755595.1|A/cattle/Texas/24-008749-003/2024(H5N1)	433	290
PB1|PP755595.1|A/cattle/Texas/24-008749-003/2024(H5N1)	434	300
PB1|PP755595.1|A/cattle/Texas/24-008749-003/2024(H5N1)	435	301
PB1|PP755595.1|A/cattle/Texas/24-008749-003/2024(H5N1)	436	301
PB1|PP755595.1|A/cattle/Texas/24-008749-003/2024(H5N1)	437	307
PB1|PP755595.1|A/cattle/Texas/24-008749-003/2024(H5N1)	438	296
PB1|PP755595.1|A/cattle/Texas/24-008749-003/2024(H5N1)	439	300
PB1|PP755595.1|A/cattle/Texas/24-008749-003/2024(H5N1)	440	301
PB1|PP755595.1|A/cattle/Texas/24-008749-003/2024(H5N1)	441	293
PB1|PP755595.1|A/cattle/Texas/24-008749-003/2024(H5N1)	442	293
PB1|PP755595.1|A/cattle/Texas/24-008749-003/2024(H5N1)	443	279
PB1|PP755595.1|A/cattle/Texas/24-008749-003/2024(H5N1)	444	279
PB1|PP755595.1|A/cattle/Texas/24-008749-003/2024(H5N1)	445	279
PB1|PP755595.1|A/cattle/Texas/24-008749-003/2024(H5N1)	446	264
PB1|PP755595.1|A/cattle/Texas/24-008749-003/2024(H5N1)	447	264
PB1|PP755595.1|A/cattle/Texas/24-008749-003/2024(H5N1)	448	262
PB1|PP755595.1|A/cattle/Texas/24-008749-003/2024(H5N1)	449	262
PB1|PP755595.1|A/cattle/Texas/24-008749-003/2024(H5N1)	450	262
PB1|PP755595.1|A/cattle/Texas/24-008749-003/2024(H5N1)	451	262
PB1|PP755595.1|A/cattle/Texas/24-008749-003/2024(H5N1)	452	262
PB1|PP755595.1|A/cattle/Texas/24-008749-003/2024(H5N1)	453	262
PB1|PP755595.1|A/cattle/Texas/24-008749-003/2024(H5N1)	454	262
PB1|PP755595.1|A/cattle/Texas/24-008749-003/2024(H5N1)	455	264
PB1|PP755595.1|A/cattle/Texas/24-008749-003/2024(H5N1)	456	267
PB1|PP755595.1|A/cattle/Texas/24-008749-003/2024(H5N1)	457	266
PB1|PP755595.1|A/cattle/Texas/24-008749-003/2024(H5N1)	458	267
PB1|PP755595.1|A/cattle/Texas/24-008749-003/2024(H5N1)	459	267
PB1|PP755595.1|A/cattle/Texas/24-008749-003/2024(H5N1)	460	267
PB1|PP755595.1|A/cattle/Texas/24-008749-003/2024(H5N1)	461	289
PB1|PP755595.1|A/cattle/Texas/24-008749-003/2024(H5N1)	462	291
PB1|PP755595.1|A/cattle/Texas/24-008749-003/2024(H5N1)	463	288
PB1|PP755595.1|A/cattle/Texas/24-008749-003/2024(H5N1)	464	287
PB1|PP755595.1|A/cattle/Texas/24-008749-003/2024(H5N1)	465	287
PB1|PP755595.1|A/cattle/Texas/24-008749-003/2024(H5N1)	466	286
PB1|PP755595.1|A/cattle/Texas/24-008749-003/2024(H5N1)	467	290
PB1|PP755595.1|A/cattle/Texas/24-008749-003/2024(H5N1)	468	289
PB1|PP755595.1|A/cattle/Texas/24-008749-003/2024(H5N1)	469	289
PB1|PP755595.1|A/cattle/Texas/24-008749-003/2024(H5N1)	470	273
PB1|PP755595.1|A/cattle/Texas/24-008749-003/2024(H5N1)	471	273
PB1|PP755595.1|A/cattle/Texas/24-008749-003/2024(H5N1)	472	273
PB1|PP755595.1|A/cattle/Texas/24-008749-003/2024(H5N1)	473	273
PB1|PP755595.1|A/cattle/Texas/24-008749-003/2024(H5N1)	474	279
PB1|PP755595.1|A/cattle/Texas/24-008749-003/2024(H5N1)	475	282
PB1|PP755595.1|A/cattle/Texas/24-008749-003/2024(H5N1)	476	284
PB1|PP755595.1|A/cattle/Texas/24-008749-003/2024(H5N1)	477	284
PB1|PP755595.1|A/cattle/Texas/24-008749-003/2024(H5N1)	478	283
PB1|PP755595.1|A/cattle/Texas/24-008749-003/2024(H5N1)	479	281
PB1|PP755595.1|A/cattle/Texas/24-008749-003/2024(H5N1)	480	281
PB1|PP755595.1|A/cattle/Texas/24-008749-003/2024(H5N1)	481	281
PB1|PP755595.1|A/cattle/Texas/24-008749-003/2024(H5N1)	482	285
PB1|PP755595.1|A/cattle/Texas/24-008749-003/2024(H5N1)	483	286
PB1|PP755595.1|A/cattle/Texas/24-008749-003/2024(H5N1)	484	285
PB1|PP755595.1|A/cattle/Texas/24-008749-003/2024(H5N1)	485	294
PB1|PP755595.1|A/cattle/Texas/24-008749-003/2024(H5N1)	486	298
PB1|PP755595.1|A/cattle/Texas/24-008749-003/2024(H5N1)	487	298
PB1|PP755595.1|A/cattle/Texas/24-008749-003/2024(H5N1)	488	298
PB1|PP755595.1|A/cattle/Texas/24-008749-003/2024(H5N1)	489	298
PB1|PP755595.1|A/cattle/Texas/24-008749-003/2024(H5N1)	490	296
PB1|PP755595.1|A/cattle/Texas/24-008749-003/2024(H5N1)	491	296
PB1|PP755595.1|A/cattle/Texas/24-008749-003/2024(H5N1)	492	296
PB1|PP755595.1|A/cattle/Texas/24-008749-003/2024(H5N1)	493	296
PB1|PP755595.1|A/cattle/Texas/24-008749-003/2024(H5N1)	494	297
PB1|PP755595.1|A/cattle/Texas/24-008749-003/2024(H5N1)	495	297
PB1|PP755595.1|A/cattle/Texas/24-008749-003/2024(H5N1)	496	297
PB1|PP755595.1|A/cattle/Texas/24-008749-003/2024(H5N1)	497	297
PB1|PP755595.1|A/cattle/Texas/24-008749-003/2024(H5N1)	498	299
PB1|PP755595.1|A/cattle/Texas/24-008749-003/2024(H5N1)	499	297
PB1|PP755595.1|A/cattle/Texas/24-008749-003/2024(H5N1)	500	299
PB1|PP755595.1|A/cattle/Texas/24-008749-003/2024(H5N1)	501	301
PB1|PP755595.1|A/cattle/Texas/24-008749-003/2024(H5N1)	502	301
PB1|PP755595.1|A/cattle/Texas/24-008749-003/2024(H5N1)	503	302
PB1|PP755595.1|A/cattle/Texas/24-008749-003/2024(H5N1)	504	302
PB1|PP755595.1|A/cattle/Texas/24-008749-003/2024(H5N1)	505	308
PB1|PP755595.1|A/cattle/Texas/24-008749-003/2024(H5N1)	506	310
PB1|PP755595.1|A/cattle/Texas/24-008749-003/2024(H5N1)	507	312
PB1|PP755595.1|A/cattle/Texas/24-008749-003/2024(H5N1)	508	313
PB1|PP755595.1|A/cattle/Texas/24-008749-003/2024(H5N1)	509	323
PB1|PP755595.1|A/cattle/Texas/24-008749-003/2024(H5N1)	510	328
PB1|PP755595.1|A/cattle/Texas/24-008749-003/2024(H5N1)	511	326
PB1|PP755595.1|A/cattle/Texas/24-008749-003/2024(H5N1)	512	325
PB1|PP755595.1|A/cattle/Texas/24-008749-003/2024(H5N1)	513	320
PB1|PP755595.1|A/cattle/Texas/24-008749-003/2024(H5N1)	514	314
PB1|PP755595.1|A/cattle/Texas/24-008749-003/2024(H5N1)	515	312
PB1|PP755595.1|A/cattle/Texas/24-008749-003/2024(H5N1)	516	312
PB1|PP755595.1|A/cattle/Texas/24-008749-003/2024(H5N1)	517	312
PB1|PP755595.1|A/cattle/Texas/24-008749-003/2024(H5N1)	518	312
PB1|PP755595.1|A/cattle/Texas/24-008749-003/2024(H5N1)	519	310
PB1|PP755595.1|A/cattle/Texas/24-008749-003/2024(H5N1)	520	310
PB1|PP755595.1|A/cattle/Texas/24-008749-003/2024(H5N1)	521	313
PB1|PP755595.1|A/cattle/Texas/24-008749-003/2024(H5N1)	522	315
PB1|PP755595.1|A/cattle/Texas/24-008749-003/2024(H5N1)	523	311
PB1|PP755595.1|A/cattle/Texas/24-008749-003/2024(H5N1)	524	310
PB1|PP755595.1|A/cattle/Texas/24-008749-003/2024(H5N1)	525	310
PB1|PP755595.1|A/cattle/Texas/24-008749-003/2024(H5N1)	526	310
PB1|PP755595.1|A/cattle/Texas/24-008749-003/2024(H5N1)	527	311
PB1|PP755595.1|A/cattle/Texas/24-008749-003/2024(H5N1)	528	309
PB1|PP755595.1|A/cattle/Texas/24-008749-003/2024(H5N1)	529	309
PB1|PP755595.1|A/cattle/Texas/24-008749-003/2024(H5N1)	530	314
PB1|PP755595.1|A/cattle/Texas/24-008749-003/2024(H5N1)	531	316
PB1|PP755595.1|A/cattle/Texas/24-008749-003/2024(H5N1)	532	315
PB1|PP755595.1|A/cattle/Texas/24-008749-003/2024(H5N1)	533	314
PB1|PP755595.1|A/cattle/Texas/24-008749-003/2024(H5N1)	534	314
PB1|PP755595.1|A/cattle/Texas/24-008749-003/2024(H5N1)	535	314
PB1|PP755595.1|A/cattle/Texas/24-008749-003/2024(H5N1)	536	315
PB1|PP755595.1|A/cattle/Texas/24-008749-003/2024(H5N1)	537	315
PB1|PP755595.1|A/cattle/Texas/24-008749-003/2024(H5N1)	538	316
PB1|PP755595.1|A/cattle/Texas/24-008749-003/2024(H5N1)	539	320
PB1|PP755595.1|A/cattle/Texas/24-008749-003/2024(H5N1)	540	320
PB1|PP755595.1|A/cattle/Texas/24-008749-003/2024(H5N1)	541	318
PB1|PP755595.1|A/cattle/Texas/24-008749-003/2024(H5N1)	542	321
PB1|PP755595.1|A/cattle/Texas/24-008749-003/2024(H5N1)	543	321
PB1|PP755595.1|A/cattle/Texas/24-008749-003/2024(H5N1)	544	324
PB1|PP755595.1|A/cattle/Texas/24-008749-003/2024(H5N1)	545	325
PB1|PP755595.1|A/cattle/Texas/24-008749-003/2024(H5N1)	546	324
PB1|PP755595.1|A/cattle/Texas/24-008749-003/2024(H5N1)	547	323
PB1|PP755595.1|A/cattle/Texas/24-008749-003/2024(H5N1)	548	325
PB1|PP755595.1|A/cattle/Texas/24-008749-003/2024(H5N1)	549	325
PB1|PP755595.1|A/cattle/Texas/24-008749-003/2024(H5N1)	550	328
PB1|PP755595.1|A/cattle/Texas/24-008749-003/2024(H5N1)	551	324
PB1|PP755595.1|A/cattle/Texas/24-008749-003/2024(H5N1)	552	326
PB1|PP755595.1|A/cattle/Texas/24-008749-003/2024(H5N1)	553	326
PB1|PP755595.1|A/cattle/Texas/24-008749-003/2024(H5N1)	554	326
PB1|PP755595.1|A/cattle/Texas/24-008749-003/2024(H5N1)	555	326
PB1|PP755595.1|A/cattle/Texas/24-008749-003/2024(H5N1)	556	324
PB1|PP755595.1|A/cattle/Texas/24-008749-003/2024(H5N1)	557	321
PB1|PP755595.1|A/cattle/Texas/24-008749-003/2024(H5N1)	558	321
PB1|PP755595.1|A/cattle/Texas/24-008749-003/2024(H5N1)	559	320
PB1|PP755595.1|A/cattle/Texas/24-008749-003/2024(H5N1)	560	320
PB1|PP755595.1|A/cattle/Texas/24-008749-003/2024(H5N1)	561	321
PB1|PP755595.1|A/cattle/Texas/24-008749-003/2024(H5N1)	562	323
PB1|PP755595.1|A/cattle/Texas/24-008749-003/2024(H5N1)	563	323
PB1|PP755595.1|A/cattle/Texas/24-008749-003/2024(H5N1)	564	326
PB1|PP755595.1|A/cattle/Texas/24-008749-003/2024(H5N1)	565	326
PB1|PP755595.1|A/cattle/Texas/24-008749-003/2024(H5N1)	566	326
PB1|PP755595.1|A/cattle/Texas/24-008749-003/2024(H5N1)	567	327
PB1|PP755595.1|A/cattle/Texas/24-008749-003/2024(H5N1)	568	327
PB1|PP755595.1|A/cattle/Texas/24-008749-003/2024(H5N1)	569	330
PB1|PP755595.1|A/cattle/Texas/24-008749-003/2024(H5N1)	570	325
PB1|PP755595.1|A/cattle/Texas/24-008749-003/2024(H5N1)	571	327
PB1|PP755595.1|A/cattle/Texas/24-008749-003/2024(H5N1)	572	324
PB1|PP755595.1|A/cattle/Texas/24-008749-003/2024(H5N1)	573	325
PB1|PP755595.1|A/cattle/Texas/24-008749-003/2024(H5N1)	574	329
PB1|PP755595.1|A/cattle/Texas/24-008749-003/2024(H5N1)	575	327
PB1|PP755595.1|A/cattle/Texas/24-008749-003/2024(H5N1)	576	333
PB1|PP755595.1|A/cattle/Texas/24-008749-003/2024(H5N1)	577	333
PB1|PP755595.1|A/cattle/Texas/24-008749-003/2024(H5N1)	578	333
PB1|PP755595.1|A/cattle/Texas/24-008749-003/2024(H5N1)	579	339
PB1|PP755595.1|A/cattle/Texas/24-008749-003/2024(H5N1)	580	337
PB1|PP755595.1|A/cattle/Texas/24-008749-003/2024(H5N1)	581	337
PB1|PP755595.1|A/cattle/Texas/24-008749-003/2024(H5N1)	582	335
PB1|PP755595.1|A/cattle/Texas/24-008749-003/2024(H5N1)	583	334
PB1|PP755595.1|A/cattle/Texas/24-008749-003/2024(H5N1)	584	330
PB1|PP755595.1|A/cattle/Texas/24-008749-003/2024(H5N1)	585	330
PB1|PP755595.1|A/cattle/Texas/24-008749-003/2024(H5N1)	586	329
PB1|PP755595.1|A/cattle/Texas/24-008749-003/2024(H5N1)	587	331
PB1|PP755595.1|A/cattle/Texas/24-008749-003/2024(H5N1)	588	326
PB1|PP755595.1|A/cattle/Texas/24-008749-003/2024(H5N1)	589	325
PB1|PP755595.1|A/cattle/Texas/24-008749-003/2024(H5N1)	590	325
PB1|PP755595.1|A/cattle/Texas/24-008749-003/2024(H5N1)	591	325
PB1|PP755595.1|A/cattle/Texas/24-008749-003/2024(H5N1)	592	325
PB1|PP755595.1|A/cattle/Texas/24-008749-003/2024(H5N1)	593	325
PB1|PP755595.1|A/cattle/Texas/24-008749-003/2024(H5N1)	594	325
PB1|PP755595.1|A/cattle/Texas/24-008749-003/2024(H5N1)	595	325
PB1|PP755595.1|A/cattle/Texas/24-008749-003/2024(H5N1)	596	328
PB1|PP755595.1|A/cattle/Texas/24-008749-003/2024(H5N1)	597	328
PB1|PP755595.1|A/cattle/Texas/24-008749-003/2024(H5N1)	598	328
PB1|PP755595.1|A/cattle/Texas/24-008749-003/2024(H5N1)	599	327
PB1|PP755595.1|A/cattle/Texas/24-008749-003/2024(H5N1)	600	328
PB1|PP755595.1|A/cattle/Texas/24-008749-003/2024(H5N1)	601	331
PB1|PP755595.1|A/cattle/Texas/24-008749-003/2024(H5N1)	602	339
PB1|PP755595.1|A/cattle/Texas/24-008749-003/2024(H5N1)	603	339
PB1|PP755595.1|A/cattle/Texas/24-008749-003/2024(H5N1)	604	341
PB1|PP755595.1|A/cattle/Texas/24-008749-003/2024(H5N1)	605	336
PB1|PP755595.1|A/cattle/Texas/24-008749-003/2024(H5N1)	606	339
PB1|PP755595.1|A/cattle/Texas/24-008749-003/2024(H5N1)	607	339
PB1|PP755595.1|A/cattle/Texas/24-008749-003/2024(H5N1)	608	350
PB1|PP755595.1|A/cattle/Texas/24-008749-003/2024(H5N1)	609	351
PB1|PP755595.1|A/cattle/Texas/24-008749-003/2024(H5N1)	610	351
PB1|PP755595.1|A/cattle/Texas/24-008749-003/2024(H5N1)	611	350
PB1|PP755595.1|A/cattle/Texas/24-008749-003/2024(H5N1)	612	346
PB1|PP755595.1|A/cattle/Texas/24-008749-003/2024(H5N1)	613	348
PB1|PP755595.1|A/cattle/Texas/24-008749-003/2024(H5N1)	614	347
PB1|PP755595.1|A/cattle/Texas/24-008749-003/2024(H5N1)	615	346
PB1|PP755595.1|A/cattle/Texas/24-008749-003/2024(H5N1)	616	347
PB1|PP755595.1|A/cattle/Texas/24-008749-003/2024(H5N1)	617	341
PB1|PP755595.1|A/cattle/Texas/24-008749-003/2024(H5N1)	618	341
PB1|PP755595.1|A/cattle/Texas/24-008749-003/2024(H5N1)	619	341
PB1|PP755595.1|A/cattle/Texas/24-008749-003/2024(H5N1)	620	336
PB1|PP755595.1|A/cattle/Texas/24-008749-003/2024(H5N1)	621	336
PB1|PP755595.1|A/cattle/Texas/24-008749-003/2024(H5N1)	622	339
PB1|PP755595.1|A/cattle/Texas/24-008749-003/2024(H5N1)	623	338
PB1|PP755595.1|A/cattle/Texas/24-008749-003/2024(H5N1)	624	338
PB1|PP755595.1|A/cattle/Texas/24-008749-003/2024(H5N1)	625	336
PB1|PP755595.1|A/cattle/Texas/24-008749-003/2024(H5N1)	626	336
PB1|PP755595.1|A/cattle/Texas/24-008749-003/2024(H5N1)	627	336
PB1|PP755595.1|A/cattle/Texas/24-008749-003/2024(H5N1)	628	338
PB1|PP755595.1|A/cattle/Texas/24-008749-003/2024(H5N1)	629	338
PB1|PP755595.1|A/cattle/Texas/24-008749-003/2024(H5N1)	630	338
PB1|PP755595.1|A/cattle/Texas/24-008749-003/2024(H5N1)	631	339
PB1|PP755595.1|A/cattle/Texas/24-008749-003/2024(H5N1)	632	349
PB1|PP755595.1|A/cattle/Texas/24-008749-003/2024(H5N1)	633	349
PB1|PP755595.1|A/cattle/Texas/24-008749-003/2024(H5N1)	634	349
PB1|PP755595.1|A/cattle/Texas/24-008749-003/2024(H5N1)	635	350
PB1|PP755595.1|A/cattle/Texas/24-008749-003/2024(H5N1)	636	350
PB1|PP755595.1|A/cattle/Texas/24-008749-003/2024(H5N1)	637	351
PB1|PP755595.1|A/cattle/Texas/24-008749-003/2024(H5N1)	638	351
PB1|PP755595.1|A/cattle/Texas/24-008749-003/2024(H5N1)	639	351
PB1|PP755595.1|A/cattle/Texas/24-008749-003/2024(H5N1)	640	350
PB1|PP755595.1|A/cattle/Texas/24-008749-003/2024(H5N1)	641	350
PB1|PP755595.1|A/cattle/Texas/24-008749-003/2024(H5N1)	642	359
PB1|PP755595.1|A/cattle/Texas/24-008749-003/2024(H5N1)	643	359
PB1|PP755595.1|A/cattle/Texas/24-008749-003/2024(H5N1)	644	359
PB1|PP755595.1|A/cattle/Texas/24-008749-003/2024(H5N1)	645	358
PB1|PP755595.1|A/cattle/Texas/24-008749-003/2024(H5N1)	646	357
PB1|PP755595.1|A/cattle/Texas/24-008749-003/2024(H5N1)	647	357
PB1|PP755595.1|A/cattle/Texas/24-008749-003/2024(H5N1)	648	361
PB1|PP755595.1|A/cattle/Texas/24-008749-003/2024(H5N1)	649	361
PB1|PP755595.1|A/cattle/Texas/24-008749-003/2024(H5N1)	650	360
PB1|PP755595.1|A/cattle/Texas/24-008749-003/2024(H5N1)	651	360
PB1|PP755595.1|A/cattle/Texas/24-008749-003/2024(H5N1)	652	365
PB1|PP755595.1|A/cattle/Texas/24-008749-003/2024(H5N1)	653	365
PB1|PP755595.1|A/cattle/Texas/24-008749-003/2024(H5N1)	654	375
PB1|PP755595.1|A/cattle/Texas/24-008749-003/2024(H5N1)	655	375
PB1|PP755595.1|A/cattle/Texas/24-008749-003/2024(H5N1)	656	375
PB1|PP755595.1|A/cattle/Texas/24-008749-003/2024(H5N1)	657	375
PB1|PP755595.1|A/cattle/Texas/24-008749-003/2024(H5N1)	658	375
PB1|PP755595.1|A/cattle/Texas/24-008749-003/2024(H5N1)	659	384
PB1|PP755595.1|A/cattle/Texas/24-008749-003/2024(H5N1)	660	380
PB1|PP755595.1|A/cattle/Texas/24-008749-003/2024(H5N1)	661	380
PB1|PP755595.1|A/cattle/Texas/24-008749-003/2024(H5N1)	662	385
PB1|PP755595.1|A/cattle/Texas/24-008749-003/2024(H5N1)	663	379
PB1|PP755595.1|A/cattle/Texas/24-008749-003/2024(H5N1)	664	379
PB1|PP755595.1|A/cattle/Texas/24-008749-003/2024(H5N1)	665	379
PB1|PP755595.1|A/cattle/Texas/24-008749-003/2024(H5N1)	666	380
PB1|PP755595.1|A/cattle/Texas/24-008749-003/2024(H5N1)	667	389
PB1|PP755595.1|A/cattle/Texas/24-008749-003/2024(H5N1)	668	389
PB1|PP755595.1|A/cattle/Texas/24-008749-003/2024(H5N1)	669	386
PB1|PP755595.1|A/cattle/Texas/24-008749-003/2024(H5N1)	670	390
PB1|PP755595.1|A/cattle/Texas/24-008749-003/2024(H5N1)	671	382
PB1|PP755595.1|A/cattle/Texas/24-008749-003/2024(H5N1)	672	392
PB1|PP755595.1|A/cattle/Texas/24-008749-003/2024(H5N1)	673	393
PB1|PP755595.1|A/cattle/Texas/24-008749-003/2024(H5N1)	674	393
PB1|PP755595.1|A/cattle/Texas/24-008749-003/2024(H5N1)	675	390
PB1|PP755595.1|A/cattle/Texas/24-008749-003/2024(H5N1)	676	386
PB1|PP755595.1|A/cattle/Texas/24-008749-003/2024(H5N1)	677	390
PB1|PP755595.1|A/cattle/Texas/24-008749-003/2024(H5N1)	678	384
PB1|PP755595.1|A/cattle/Texas/24-008749-003/2024(H5N1)	679	385
PB1|PP755595.1|A/cattle/Texas/24-008749-003/2024(H5N1)	680	375
PB1|PP755595.1|A/cattle/Texas/24-008749-003/2024(H5N1)	681	359
PB1|PP755595.1|A/cattle/Texas/24-008749-003/2024(H5N1)	682	360
PB1|PP755595.1|A/cattle/Texas/24-008749-003/2024(H5N1)	683	360
PB1|PP755595.1|A/cattle/Texas/24-008749-003/2024(H5N1)	684	360
PB1|PP755595.1|A/cattle/Texas/24-008749-003/2024(H5N1)	685	353
PB1|PP755595.1|A/cattle/Texas/24-008749-003/2024(H5N1)	686	350
PB1|PP755595.1|A/cattle/Texas/24-008749-003/2024(H5N1)	687	350
PB1|PP755595.1|A/cattle/Texas/24-008749-003/2024(H5N1)	688	345
PB1|PP755595.1|A/cattle/Texas/24-008749-003/2024(H5N1)	689	346
PB1|PP755595.1|A/cattle/Texas/24-008749-003/2024(H5N1)	690	346
PB1|PP755595.1|A/cattle/Texas/24-008749-003/2024(H5N1)	691	345
PB1|PP755595.1|A/cattle/Texas/24-008749-003/2024(H5N1)	692	345
PB1|PP755595.1|A/cattle/Texas/24-008749-003/2024(H5N1)	693	345
PB1|PP755595.1|A/cattle/Texas/24-008749-003/2024(H5N1)	694	345
PB1|PP755595.1|A/cattle/Texas/24-008749-003/2024(H5N1)	695	345
PB1|PP755595.1|A/cattle/Texas/24-008749-003/2024(H5N1)	696	345
PB1|PP755595.1|A/cattle/Texas/24-008749-003/2024(H5N1)	697	345
PB1|PP755595.1|A/cattle/Texas/24-008749-003/2024(H5N1)	698	344
PB1|PP755595.1|A/cattle/Texas/24-008749-003/2024(H5N1)	699	341
PB1|PP755595.1|A/cattle/Texas/24-008749-003/2024(H5N1)	700	341
PB1|PP755595.1|A/cattle/Texas/24-008749-003/2024(H5N1)	701	341
PB1|PP755595.1|A/cattle/Texas/24-008749-003/2024(H5N1)	702	341
PB1|PP755595.1|A/cattle/Texas/24-008749-003/2024(H5N1)	703	342
PB1|PP755595.1|A/cattle/Texas/24-008749-003/2024(H5N1)	704	342
PB1|PP755595.1|A/cattle/Texas/24-008749-003/2024(H5N1)	705	346
PB1|PP755595.1|A/cattle/Texas/24-008749-003/2024(H5N1)	706	346
PB1|PP755595.1|A/cattle/Texas/24-008749-003/2024(H5N1)	707	343
PB1|PP755595.1|A/cattle/Texas/24-008749-003/2024(H5N1)	708	345
PB1|PP755595.1|A/cattle/Texas/24-008749-003/2024(H5N1)	709	349
PB1|PP755595.1|A/cattle/Texas/24-008749-003/2024(H5N1)	710	349
PB1|PP755595.1|A/cattle/Texas/24-008749-003/2024(H5N1)	711	353
PB1|PP755595.1|A/cattle/Texas/24-008749-003/2024(H5N1)	712	338
PB1|PP755595.1|A/cattle/Texas/24-008749-003/2024(H5N1)	713	337
PB1|PP755595.1|A/cattle/Texas/24-008749-003/2024(H5N1)	714	336
PB1|PP755595.1|A/cattle/Texas/24-008749-003/2024(H5N1)	715	335
PB1|PP755595.1|A/cattle/Texas/24-008749-003/2024(H5N1)	716	339
PB1|PP755595.1|A/cattle/Texas/24-008749-003/2024(H5N1)	717	342
PB1|PP755595.1|A/cattle/Texas/24-008749-003/2024(H5N1)	718	338
PB1|PP755595.1|A/cattle/Texas/24-008749-003/2024(H5N1)	719	338
PB1|PP755595.1|A/cattle/Texas/24-008749-003/2024(H5N1)	720	337
PB1|PP755595.1|A/cattle/Texas/24-008749-003/2024(H5N1)	721	339
PB1|PP755595.1|A/cattle/Texas/24-008749-003/2024(H5N1)	722	339
PB1|PP755595.1|A/cattle/Texas/24-008749-003/2024(H5N1)	723	339
PB1|PP755595.1|A/cattle/Texas/24-008749-003/2024(H5N1)	724	342
PB1|PP755595.1|A/cattle/Texas/24-008749-003/2024(H5N1)	725	333
PB1|PP755595.1|A/cattle/Texas/24-008749-003/2024(H5N1)	726	337
PB1|PP755595.1|A/cattle/Texas/24-008749-003/2024(H5N1)	727	340
PB1|PP755595.1|A/cattle/Texas/24-008749-003/2024(H5N1)	728	343
PB1|PP755595.1|A/cattle/Texas/24-008749-003/2024(H5N1)	729	343
PB1|PP755595.1|A/cattle/Texas/24-008749-003/2024(H5N1)	730	343
PB1|PP755595.1|A/cattle/Texas/24-008749-003/2024(H5N1)	731	334
PB1|PP755595.1|A/cattle/Texas/24-008749-003/2024(H5N1)	732	334
PB1|PP755595.1|A/cattle/Texas/24-008749-003/2024(H5N1)	733	331
PB1|PP755595.1|A/cattle/Texas/24-008749-003/2024(H5N1)	734	331
PB1|PP755595.1|A/cattle/Texas/24-008749-003/2024(H5N1)	735	331
PB1|PP755595.1|A/cattle/Texas/24-008749-003/2024(H5N1)	736	329
PB1|PP755595.1|A/cattle/Texas/24-008749-003/2024(H5N1)	737	323
PB1|PP755595.1|A/cattle/Texas/24-008749-003/2024(H5N1)	738	323
PB1|PP755595.1|A/cattle/Texas/24-008749-003/2024(H5N1)	739	321
PB1|PP755595.1|A/cattle/Texas/24-008749-003/2024(H5N1)	740	321
PB1|PP755595.1|A/cattle/Texas/24-008749-003/2024(H5N1)	741	322
PB1|PP755595.1|A/cattle/Texas/24-008749-003/2024(H5N1)	742	324
PB1|PP755595.1|A/cattle/Texas/24-008749-003/2024(H5N1)	743	325
PB1|PP755595.1|A/cattle/Texas/24-008749-003/2024(H5N1)	744	326
PB1|PP755595.1|A/cattle/Texas/24-008749-003/2024(H5N1)	745	322
PB1|PP755595.1|A/cattle/Texas/24-008749-003/2024(H5N1)	746	324
PB1|PP755595.1|A/cattle/Texas/24-008749-003/2024(H5N1)	747	324
PB1|PP755595.1|A/cattle/Texas/24-008749-003/2024(H5N1)	748	326
PB1|PP755595.1|A/cattle/Texas/24-008749-003/2024(H5N1)	749	326
PB1|PP755595.1|A/cattle/Texas/24-008749-003/2024(H5N1)	750	330
PB1|PP755595.1|A/cattle/Texas/24-008749-003/2024(H5N1)	751	328
PB1|PP755595.1|A/cattle/Texas/24-008749-003/2024(H5N1)	752	326
PB1|PP755595.1|A/cattle/Texas/24-008749-003/2024(H5N1)	753	326
PB1|PP755595.1|A/cattle/Texas/24-008749-003/2024(H5N1)	754	329
PB1|PP755595.1|A/cattle/Texas/24-008749-003/2024(H5N1)	755	336
PB1|PP755595.1|A/cattle/Texas/24-008749-003/2024(H5N1)	756	334
PB1|PP755595.1|A/cattle/Texas/24-008749-003/2024(H5N1)	757	332
PB1|PP755595.1|A/cattle/Texas/24-008749-003/2024(H5N1)	758	328
PB1|PP755595.1|A/cattle/Texas/24-008749-003/2024(H5N1)	759	326
PB1|PP755595.1|A/cattle/Texas/24-008749-003/2024(H5N1)	760	314
PB1|PP755595.1|A/cattle/Texas/24-008749-003/2024(H5N1)	761	314
PB1|PP755595.1|A/cattle/Texas/24-008749-003/2024(H5N1)	762	314
PB1|PP755595.1|A/cattle/Texas/24-008749-003/2024(H5N1)	763	319
PB1|PP755595.1|A/cattle/Texas/24-008749-003/2024(H5N1)	764	325
PB1|PP755595.1|A/cattle/Texas/24-008749-003/2024(H5N1)	765	325
PB1|PP755595.1|A/cattle/Texas/24-008749-003/2024(H5N1)	766	325
PB1|PP755595.1|A/cattle/Texas/24-008749-003/2024(H5N1)	767	326
PB1|PP755595.1|A/cattle/Texas/24-008749-003/2024(H5N1)	768	325
PB1|PP755595.1|A/cattle/Texas/24-008749-003/2024(H5N1)	769	325
PB1|PP755595.1|A/cattle/Texas/24-008749-003/2024(H5N1)	770	329
PB1|PP755595.1|A/cattle/Texas/24-008749-003/2024(H5N1)	771	332
PB1|PP755595.1|A/cattle/Texas/24-008749-003/2024(H5N1)	772	328
PB1|PP755595.1|A/cattle/Texas/24-008749-003/2024(H5N1)	773	326
PB1|PP755595.1|A/cattle/Texas/24-008749-003/2024(H5N1)	774	326
PB1|PP755595.1|A/cattle/Texas/24-008749-003/2024(H5N1)	775	327
PB1|PP755595.1|A/cattle/Texas/24-008749-003/2024(H5N1)	776	329
PB1|PP755595.1|A/cattle/Texas/24-008749-003/2024(H5N1)	777	330
PB1|PP755595.1|A/cattle/Texas/24-008749-003/2024(H5N1)	778	329
PB1|PP755595.1|A/cattle/Texas/24-008749-003/2024(H5N1)	779	322
PB1|PP755595.1|A/cattle/Texas/24-008749-003/2024(H5N1)	780	334
PB1|PP755595.1|A/cattle/Texas/24-008749-003/2024(H5N1)	781	332
PB1|PP755595.1|A/cattle/Texas/24-008749-003/2024(H5N1)	782	335
PB1|PP755595.1|A/cattle/Texas/24-008749-003/2024(H5N1)	783	334
PB1|PP755595.1|A/cattle/Texas/24-008749-003/2024(H5N1)	784	336
PB1|PP755595.1|A/cattle/Texas/24-008749-003/2024(H5N1)	785	336
PB1|PP755595.1|A/cattle/Texas/24-008749-003/2024(H5N1)	786	336
PB1|PP755595.1|A/cattle/Texas/24-008749-003/2024(H5N1)	787	336
PB1|PP755595.1|A/cattle/Texas/24-008749-003/2024(H5N1)	788	337
PB1|PP755595.1|A/cattle/Texas/24-008749-003/2024(H5N1)	789	326
PB1|PP755595.1|A/cattle/Texas/24-008749-003/2024(H5N1)	790	326
PB1|PP755595.1|A/cattle/Texas/24-008749-003/2024(H5N1)	791	323
PB1|PP755595.1|A/cattle/Texas/24-008749-003/2024(H5N1)	792	323
PB1|PP755595.1|A/cattle/Texas/24-008749-003/2024(H5N1)	793	320
PB1|PP755595.1|A/cattle/Texas/24-008749-003/2024(H5N1)	794	320
PB1|PP755595.1|A/cattle/Texas/24-008749-003/2024(H5N1)	795	319
PB1|PP755595.1|A/cattle/Texas/24-008749-003/2024(H5N1)	796	320
PB1|PP755595.1|A/cattle/Texas/24-008749-003/2024(H5N1)	797	320
PB1|PP755595.1|A/cattle/Texas/24-008749-003/2024(H5N1)	798	318
PB1|PP755595.1|A/cattle/Texas/24-008749-003/2024(H5N1)	799	318
PB1|PP755595.1|A/cattle/Texas/24-008749-003/2024(H5N1)	800	318
PB1|PP755595.1|A/cattle/Texas/24-008749-003/2024(H5N1)	801	317
PB1|PP755595.1|A/cattle/Texas/24-008749-003/2024(H5N1)	802	319
PB1|PP755595.1|A/cattle/Texas/24-008749-003/2024(H5N1)	803	320
PB1|PP755595.1|A/cattle/Texas/24-008749-003/2024(H5N1)	804	320
PB1|PP755595.1|A/cattle/Texas/24-008749-003/2024(H5N1)	805	318
PB1|PP755595.1|A/cattle/Texas/24-008749-003/2024(H5N1)	806	319
PB1|PP755595.1|A/cattle/Texas/24-008749-003/2024(H5N1)	807	321
PB1|PP755595.1|A/cattle/Texas/24-008749-003/2024(H5N1)	808	323
PB1|PP755595.1|A/cattle/Texas/24-008749-003/2024(H5N1)	809	323
PB1|PP755595.1|A/cattle/Texas/24-008749-003/2024(H5N1)	810	323
PB1|PP755595.1|A/cattle/Texas/24-008749-003/2024(H5N1)	811	318
PB1|PP755595.1|A/cattle/Texas/24-008749-003/2024(H5N1)	812	320
PB1|PP755595.1|A/cattle/Texas/24-008749-003/2024(H5N1)	813	324
PB1|PP755595.1|A/cattle/Texas/24-008749-003/2024(H5N1)	814	323
PB1|PP755595.1|A/cattle/Texas/24-008749-003/2024(H5N1)	815	324
PB1|PP755595.1|A/cattle/Texas/24-008749-003/2024(H5N1)	816	323
PB1|PP755595.1|A/cattle/Texas/24-008749-003/2024(H5N1)	817	328
PB1|PP755595.1|A/cattle/Texas/24-008749-003/2024(H5N1)	818	335
PB1|PP755595.1|A/cattle/Texas/24-008749-003/2024(H5N1)	819	335
PB1|PP755595.1|A/cattle/Texas/24-008749-003/2024(H5N1)	820	330
PB1|PP755595.1|A/cattle/Texas/24-008749-003/2024(H5N1)	821	330
PB1|PP755595.1|A/cattle/Texas/24-008749-003/2024(H5N1)	822	327
PB1|PP755595.1|A/cattle/Texas/24-008749-003/2024(H5N1)	823	327
PB1|PP755595.1|A/cattle/Texas/24-008749-003/2024(H5N1)	824	323
PB1|PP755595.1|A/cattle/Texas/24-008749-003/2024(H5N1)	825	323
PB1|PP755595.1|A/cattle/Texas/24-008749-003/2024(H5N1)	826	319
PB1|PP755595.1|A/cattle/Texas/24-008749-003/2024(H5N1)	827	321
PB1|PP755595.1|A/cattle/Texas/24-008749-003/2024(H5N1)	828	320
PB1|PP755595.1|A/cattle/Texas/24-008749-003/2024(H5N1)	829	320
PB1|PP755595.1|A/cattle/Texas/24-008749-003/2024(H5N1)	830	318
PB1|PP755595.1|A/cattle/Texas/24-008749-003/2024(H5N1)	831	317
PB1|PP755595.1|A/cattle/Texas/24-008749-003/2024(H5N1)	832	317
PB1|PP755595.1|A/cattle/Texas/24-008749-003/2024(H5N1)	833	317
PB1|PP755595.1|A/cattle/Texas/24-008749-003/2024(H5N1)	834	317
PB1|PP755595.1|A/cattle/Texas/24-008749-003/2024(H5N1)	835	319
PB1|PP755595.1|A/cattle/Texas/24-008749-003/2024(H5N1)	836	320
PB1|PP755595.1|A/cattle/Texas/24-008749-003/2024(H5N1)	837	324
PB1|PP755595.1|A/cattle/Texas/24-008749-003/2024(H5N1)	838	320
PB1|PP755595.1|A/cattle/Texas/24-008749-003/2024(H5N1)	839	321
PB1|PP755595.1|A/cattle/Texas/24-008749-003/2024(H5N1)	840	320
PB1|PP755595.1|A/cattle/Texas/24-008749-003/2024(H5N1)	841	319
PB1|PP755595.1|A/cattle/Texas/24-008749-003/2024(H5N1)	842	319
PB1|PP755595.1|A/cattle/Texas/24-008749-003/2024(H5N1)	843	319
PB1|PP755595.1|A/cattle/Texas/24-008749-003/2024(H5N1)	844	321
PB1|PP755595.1|A/cattle/Texas/24-008749-003/2024(H5N1)	845	321
PB1|PP755595.1|A/cattle/Texas/24-008749-003/2024(H5N1)	846	329
PB1|PP755595.1|A/cattle/Texas/24-008749-003/2024(H5N1)	847	326
PB1|PP755595.1|A/cattle/Texas/24-008749-003/2024(H5N1)	848	327
PB1|PP755595.1|A/cattle/Texas/24-008749-003/2024(H5N1)	849	327
PB1|PP755595.1|A/cattle/Texas/24-008749-003/2024(H5N1)	850	325
PB1|PP755595.1|A/cattle/Texas/24-008749-003/2024(H5N1)	851	325
PB1|PP755595.1|A/cattle/Texas/24-008749-003/2024(H5N1)	852	324
PB1|PP755595.1|A/cattle/Texas/24-008749-003/2024(H5N1)	853	320
PB1|PP755595.1|A/cattle/Texas/24-008749-003/2024(H5N1)	854	320
PB1|PP755595.1|A/cattle/Texas/24-008749-003/2024(H5N1)	855	318
PB1|PP755595.1|A/cattle/Texas/24-008749-003/2024(H5N1)	856	318
PB1|PP755595.1|A/cattle/Texas/24-008749-003/2024(H5N1)	857	316
PB1|PP755595.1|A/cattle/Texas/24-008749-003/2024(H5N1)	858	316
PB1|PP755595.1|A/cattle/Texas/24-008749-003/2024(H5N1)	859	305
PB1|PP755595.1|A/cattle/Texas/24-008749-003/2024(H5N1)	860	305
PB1|PP755595.1|A/cattle/Texas/24-008749-003/2024(H5N1)	861	305
PB1|PP755595.1|A/cattle/Texas/24-008749-003/2024(H5N1)	862	304
PB1|PP755595.1|A/cattle/Texas/24-008749-003/2024(H5N1)	863	304
PB1|PP755595.1|A/cattle/Texas/24-008749-003/2024(H5N1)	864	307
PB1|PP755595.1|A/cattle/Texas/24-008749-003/2024(H5N1)	865	307
PB1|PP755595.1|A/cattle/Texas/24-008749-003/2024(H5N1)	866	308
PB1|PP755595.1|A/cattle/Texas/24-008749-003/2024(H5N1)	867	306
PB1|PP755595.1|A/cattle/Texas/24-008749-003/2024(H5N1)	868	306
PB1|PP755595.1|A/cattle/Texas/24-008749-003/2024(H5N1)	869	306
PB1|PP755595.1|A/cattle/Texas/24-008749-003/2024(H5N1)	870	308
PB1|PP755595.1|A/cattle/Texas/24-008749-003/2024(H5N1)	871	308
PB1|PP755595.1|A/cattle/Texas/24-008749-003/2024(H5N1)	872	308
PB1|PP755595.1|A/cattle/Texas/24-008749-003/2024(H5N1)	873	304
PB1|PP755595.1|A/cattle/Texas/24-008749-003/2024(H5N1)	874	304
PB1|PP755595.1|A/cattle/Texas/24-008749-003/2024(H5N1)	875	304
PB1|PP755595.1|A/cattle/Texas/24-008749-003/2024(H5N1)	876	304
PB1|PP755595.1|A/cattle/Texas/24-008749-003/2024(H5N1)	877	305
PB1|PP755595.1|A/cattle/Texas/24-008749-003/2024(H5N1)	878	302
PB1|PP755595.1|A/cattle/Texas/24-008749-003/2024(H5N1)	879	300
PB1|PP755595.1|A/cattle/Texas/24-008749-003/2024(H5N1)	880	300
PB1|PP755595.1|A/cattle/Texas/24-008749-003/2024(H5N1)	881	300
PB1|PP755595.1|A/cattle/Texas/24-008749-003/2024(H5N1)	882	299
PB1|PP755595.1|A/cattle/Texas/24-008749-003/2024(H5N1)	883	296
PB1|PP755595.1|A/cattle/Texas/24-008749-003/2024(H5N1)	884	305
PB1|PP755595.1|A/cattle/Texas/24-008749-003/2024(H5N1)	885	305
PB1|PP755595.1|A/cattle/Texas/24-008749-003/2024(H5N1)	886	307
PB1|PP755595.1|A/cattle/Texas/24-008749-003/2024(H5N1)	887	307
PB1|PP755595.1|A/cattle/Texas/24-008749-003/2024(H5N1)	888	306
PB1|PP755595.1|A/cattle/Texas/24-008749-003/2024(H5N1)	889	311
PB1|PP755595.1|A/cattle/Texas/24-008749-003/2024(H5N1)	890	316
PB1|PP755595.1|A/cattle/Texas/24-008749-003/2024(H5N1)	891	319
PB1|PP755595.1|A/cattle/Texas/24-008749-003/2024(H5N1)	892	319
PB1|PP755595.1|A/cattle/Texas/24-008749-003/2024(H5N1)	893	302
PB1|PP755595.1|A/cattle/Texas/24-008749-003/2024(H5N1)	894	305
PB1|PP755595.1|A/cattle/Texas/24-008749-003/2024(H5N1)	895	307
PB1|PP755595.1|A/cattle/Texas/24-008749-003/2024(H5N1)	896	311
PB1|PP755595.1|A/cattle/Texas/24-008749-003/2024(H5N1)	897	310
PB1|PP755595.1|A/cattle/Texas/24-008749-003/2024(H5N1)	898	299
PB1|PP755595.1|A/cattle/Texas/24-008749-003/2024(H5N1)	899	299
PB1|PP755595.1|A/cattle/Texas/24-008749-003/2024(H5N1)	900	299
PB1|PP755595.1|A/cattle/Texas/24-008749-003/2024(H5N1)	901	300
PB1|PP755595.1|A/cattle/Texas/24-008749-003/2024(H5N1)	902	300
PB1|PP755595.1|A/cattle/Texas/24-008749-003/2024(H5N1)	903	286
PB1|PP755595.1|A/cattle/Texas/24-008749-003/2024(H5N1)	904	288
PB1|PP755595.1|A/cattle/Texas/24-008749-003/2024(H5N1)	905	286
PB1|PP755595.1|A/cattle/Texas/24-008749-003/2024(H5N1)	906	286
PB1|PP755595.1|A/cattle/Texas/24-008749-003/2024(H5N1)	907	285
PB1|PP755595.1|A/cattle/Texas/24-008749-003/2024(H5N1)	908	286
PB1|PP755595.1|A/cattle/Texas/24-008749-003/2024(H5N1)	909	286
PB1|PP755595.1|A/cattle/Texas/24-008749-003/2024(H5N1)	910	283
PB1|PP755595.1|A/cattle/Texas/24-008749-003/2024(H5N1)	911	282
PB1|PP755595.1|A/cattle/Texas/24-008749-003/2024(H5N1)	912	289
PB1|PP755595.1|A/cattle/Texas/24-008749-003/2024(H5N1)	913	285
PB1|PP755595.1|A/cattle/Texas/24-008749-003/2024(H5N1)	914	285
PB1|PP755595.1|A/cattle/Texas/24-008749-003/2024(H5N1)	915	285
PB1|PP755595.1|A/cattle/Texas/24-008749-003/2024(H5N1)	916	286
PB1|PP755595.1|A/cattle/Texas/24-008749-003/2024(H5N1)	917	286
PB1|PP755595.1|A/cattle/Texas/24-008749-003/2024(H5N1)	918	285
PB1|PP755595.1|A/cattle/Texas/24-008749-003/2024(H5N1)	919	285
PB1|PP755595.1|A/cattle/Texas/24-008749-003/2024(H5N1)	920	284
PB1|PP755595.1|A/cattle/Texas/24-008749-003/2024(H5N1)	921	276
PB1|PP755595.1|A/cattle/Texas/24-008749-003/2024(H5N1)	922	276
PB1|PP755595.1|A/cattle/Texas/24-008749-003/2024(H5N1)	923	272
PB1|PP755595.1|A/cattle/Texas/24-008749-003/2024(H5N1)	924	271
PB1|PP755595.1|A/cattle/Texas/24-008749-003/2024(H5N1)	925	272
PB1|PP755595.1|A/cattle/Texas/24-008749-003/2024(H5N1)	926	269
PB1|PP755595.1|A/cattle/Texas/24-008749-003/2024(H5N1)	927	273
PB1|PP755595.1|A/cattle/Texas/24-008749-003/2024(H5N1)	928	269
PB1|PP755595.1|A/cattle/Texas/24-008749-003/2024(H5N1)	929	269
PB1|PP755595.1|A/cattle/Texas/24-008749-003/2024(H5N1)	930	270
PB1|PP755595.1|A/cattle/Texas/24-008749-003/2024(H5N1)	931	269
PB1|PP755595.1|A/cattle/Texas/24-008749-003/2024(H5N1)	932	264
PB1|PP755595.1|A/cattle/Texas/24-008749-003/2024(H5N1)	933	265
PB1|PP755595.1|A/cattle/Texas/24-008749-003/2024(H5N1)	934	265
PB1|PP755595.1|A/cattle/Texas/24-008749-003/2024(H5N1)	935	265
PB1|PP755595.1|A/cattle/Texas/24-008749-003/2024(H5N1)	936	265
PB1|PP755595.1|A/cattle/Texas/24-008749-003/2024(H5N1)	937	265
PB1|PP755595.1|A/cattle/Texas/24-008749-003/2024(H5N1)	938	265
PB1|PP755595.1|A/cattle/Texas/24-008749-003/2024(H5N1)	939	265
PB1|PP755595.1|A/cattle/Texas/24-008749-003/2024(H5N1)	940	266
PB1|PP755595.1|A/cattle/Texas/24-008749-003/2024(H5N1)	941	272
PB1|PP755595.1|A/cattle/Texas/24-008749-003/2024(H5N1)	942	274
PB1|PP755595.1|A/cattle/Texas/24-008749-003/2024(H5N1)	943	277
PB1|PP755595.1|A/cattle/Texas/24-008749-003/2024(H5N1)	944	279
PB1|PP755595.1|A/cattle/Texas/24-008749-003/2024(H5N1)	945	279
PB1|PP755595.1|A/cattle/Texas/24-008749-003/2024(H5N1)	946	279
PB1|PP755595.1|A/cattle/Texas/24-008749-003/2024(H5N1)	947	279
PB1|PP755595.1|A/cattle/Texas/24-008749-003/2024(H5N1)	948	278
PB1|PP755595.1|A/cattle/Texas/24-008749-003/2024(H5N1)	949	279
PB1|PP755595.1|A/cattle/Texas/24-008749-003/2024(H5N1)	950	273
PB1|PP755595.1|A/cattle/Texas/24-008749-003/2024(H5N1)	951	277
PB1|PP755595.1|A/cattle/Texas/24-008749-003/2024(H5N1)	952	278
PB1|PP755595.1|A/cattle/Texas/24-008749-003/2024(H5N1)	953	279
PB1|PP755595.1|A/cattle/Texas/24-008749-003/2024(H5N1)	954	278
PB1|PP755595.1|A/cattle/Texas/24-008749-003/2024(H5N1)	955	276
PB1|PP755595.1|A/cattle/Texas/24-008749-003/2024(H5N1)	956	276
PB1|PP755595.1|A/cattle/Texas/24-008749-003/2024(H5N1)	957	278
PB1|PP755595.1|A/cattle/Texas/24-008749-003/2024(H5N1)	958	278
PB1|PP755595.1|A/cattle/Texas/24-008749-003/2024(H5N1)	959	278
PB1|PP755595.1|A/cattle/Texas/24-008749-003/2024(H5N1)	960	271
PB1|PP755595.1|A/cattle/Texas/24-008749-003/2024(H5N1)	961	271
PB1|PP755595.1|A/cattle/Texas/24-008749-003/2024(H5N1)	962	273
PB1|PP755595.1|A/cattle/Texas/24-008749-003/2024(H5N1)	963	273
PB1|PP755595.1|A/cattle/Texas/24-008749-003/2024(H5N1)	964	278
PB1|PP755595.1|A/cattle/Texas/24-008749-003/2024(H5N1)	965	278
PB1|PP755595.1|A/cattle/Texas/24-008749-003/2024(H5N1)	966	278
PB1|PP755595.1|A/cattle/Texas/24-008749-003/2024(H5N1)	967	276
PB1|PP755595.1|A/cattle/Texas/24-008749-003/2024(H5N1)	968	281
PB1|PP755595.1|A/cattle/Texas/24-008749-003/2024(H5N1)	969	287
PB1|PP755595.1|A/cattle/Texas/24-008749-003/2024(H5N1)	970	286
PB1|PP755595.1|A/cattle/Texas/24-008749-003/2024(H5N1)	971	284
PB1|PP755595.1|A/cattle/Texas/24-008749-003/2024(H5N1)	972	282
PB1|PP755595.1|A/cattle/Texas/24-008749-003/2024(H5N1)	973	282
PB1|PP755595.1|A/cattle/Texas/24-008749-003/2024(H5N1)	974	283
PB1|PP755595.1|A/cattle/Texas/24-008749-003/2024(H5N1)	975	282
PB1|PP755595.1|A/cattle/Texas/24-008749-003/2024(H5N1)	976	283
PB1|PP755595.1|A/cattle/Texas/24-008749-003/2024(H5N1)	977	276
PB1|PP755595.1|A/cattle/Texas/24-008749-003/2024(H5N1)	978	273
PB1|PP755595.1|A/cattle/Texas/24-008749-003/2024(H5N1)	979	270
PB1|PP755595.1|A/cattle/Texas/24-008749-003/2024(H5N1)	980	268
PB1|PP755595.1|A/cattle/Texas/24-008749-003/2024(H5N1)	981	270
PB1|PP755595.1|A/cattle/Texas/24-008749-003/2024(H5N1)	982	269
PB1|PP755595.1|A/cattle/Texas/24-008749-003/2024(H5N1)	983	269
PB1|PP755595.1|A/cattle/Texas/24-008749-003/2024(H5N1)	984	269
PB1|PP755595.1|A/cattle/Texas/24-008749-003/2024(H5N1)	985	270
PB1|PP755595.1|A/cattle/Texas/24-008749-003/2024(H5N1)	986	283
PB1|PP755595.1|A/cattle/Texas/24-008749-003/2024(H5N1)	987	283
PB1|PP755595.1|A/cattle/Texas/24-008749-003/2024(H5N1)	988	285
PB1|PP755595.1|A/cattle/Texas/24-008749-003/2024(H5N1)	989	284
PB1|PP755595.1|A/cattle/Texas/24-008749-003/2024(H5N1)	990	282
PB1|PP755595.1|A/cattle/Texas/24-008749-003/2024(H5N1)	991	282
PB1|PP755595.1|A/cattle/Texas/24-008749-003/2024(H5N1)	992	288
PB1|PP755595.1|A/cattle/Texas/24-008749-003/2024(H5N1)	993	286
PB1|PP755595.1|A/cattle/Texas/24-008749-003/2024(H5N1)	994	284
PB1|PP755595.1|A/cattle/Texas/24-008749-003/2024(H5N1)	995	283
PB1|PP755595.1|A/cattle/Texas/24-008749-003/2024(H5N1)	996	301
PB1|PP755595.1|A/cattle/Texas/24-008749-003/2024(H5N1)	997	300
PB1|PP755595.1|A/cattle/Texas/24-008749-003/2024(H5N1)	998	300
PB1|PP755595.1|A/cattle/Texas/24-008749-003/2024(H5N1)	999	299
PB1|PP755595.1|A/cattle/Texas/24-008749-003/2024(H5N1)	1000	293
PB1|PP755595.1|A/cattle/Texas/24-008749-003/2024(H5N1)	1001	295
PB1|PP755595.1|A/cattle/Texas/24-008749-003/2024(H5N1)	1002	300
PB1|PP755595.1|A/cattle/Texas/24-008749-003/2024(H5N1)	1003	300
PB1|PP755595.1|A/cattle/Texas/24-008749-003/2024(H5N1)	1004	300
PB1|PP755595.1|A/cattle/Texas/24-008749-003/2024(H5N1)	1005	292
PB1|PP755595.1|A/cattle/Texas/24-008749-003/2024(H5N1)	1006	306
PB1|PP755595.1|A/cattle/Texas/24-008749-003/2024(H5N1)	1007	306
PB1|PP755595.1|A/cattle/Texas/24-008749-003/2024(H5N1)	1008	309
PB1|PP755595.1|A/cattle/Texas/24-008749-003/2024(H5N1)	1009	314
PB1|PP755595.1|A/cattle/Texas/24-008749-003/2024(H5N1)	1010	317
PB1|PP755595.1|A/cattle/Texas/24-008749-003/2024(H5N1)	1011	318
PB1|PP755595.1|A/cattle/Texas/24-008749-003/2024(H5N1)	1012	318
PB1|PP755595.1|A/cattle/Texas/24-008749-003/2024(H5N1)	1013	326
PB1|PP755595.1|A/cattle/Texas/24-008749-003/2024(H5N1)	1014	322
PB1|PP755595.1|A/cattle/Texas/24-008749-003/2024(H5N1)	1015	313
PB1|PP755595.1|A/cattle/Texas/24-008749-003/2024(H5N1)	1016	313
PB1|PP755595.1|A/cattle/Texas/24-008749-003/2024(H5N1)	1017	312
PB1|PP755595.1|A/cattle/Texas/24-008749-003/2024(H5N1)	1018	312
PB1|PP755595.1|A/cattle/Texas/24-008749-003/2024(H5N1)	1019	314
PB1|PP755595.1|A/cattle/Texas/24-008749-003/2024(H5N1)	1020	314
PB1|PP755595.1|A/cattle/Texas/24-008749-003/2024(H5N1)	1021	333
PB1|PP755595.1|A/cattle/Texas/24-008749-003/2024(H5N1)	1022	328
PB1|PP755595.1|A/cattle/Texas/24-008749-003/2024(H5N1)	1023	328
PB1|PP755595.1|A/cattle/Texas/24-008749-003/2024(H5N1)	1024	330
PB1|PP755595.1|A/cattle/Texas/24-008749-003/2024(H5N1)	1025	331
PB1|PP755595.1|A/cattle/Texas/24-008749-003/2024(H5N1)	1026	330
PB1|PP755595.1|A/cattle/Texas/24-008749-003/2024(H5N1)	1027	330
PB1|PP755595.1|A/cattle/Texas/24-008749-003/2024(H5N1)	1028	329
PB1|PP755595.1|A/cattle/Texas/24-008749-003/2024(H5N1)	1029	329
PB1|PP755595.1|A/cattle/Texas/24-008749-003/2024(H5N1)	1030	319
PB1|PP755595.1|A/cattle/Texas/24-008749-003/2024(H5N1)	1031	315
PB1|PP755595.1|A/cattle/Texas/24-008749-003/2024(H5N1)	1032	316
PB1|PP755595.1|A/cattle/Texas/24-008749-003/2024(H5N1)	1033	315
PB1|PP755595.1|A/cattle/Texas/24-008749-003/2024(H5N1)	1034	315
PB1|PP755595.1|A/cattle/Texas/24-008749-003/2024(H5N1)	1035	315
PB1|PP755595.1|A/cattle/Texas/24-008749-003/2024(H5N1)	1036	315
PB1|PP755595.1|A/cattle/Texas/24-008749-003/2024(H5N1)	1037	317
PB1|PP755595.1|A/cattle/Texas/24-008749-003/2024(H5N1)	1038	316
PB1|PP755595.1|A/cattle/Texas/24-008749-003/2024(H5N1)	1039	316
PB1|PP755595.1|A/cattle/Texas/24-008749-003/2024(H5N1)	1040	318
PB1|PP755595.1|A/cattle/Texas/24-008749-003/2024(H5N1)	1041	318
PB1|PP755595.1|A/cattle/Texas/24-008749-003/2024(H5N1)	1042	319
PB1|PP755595.1|A/cattle/Texas/24-008749-003/2024(H5N1)	1043	322
PB1|PP755595.1|A/cattle/Texas/24-008749-003/2024(H5N1)	1044	322
PB1|PP755595.1|A/cattle/Texas/24-008749-003/2024(H5N1)	1045	321
PB1|PP755595.1|A/cattle/Texas/24-008749-003/2024(H5N1)	1046	321
PB1|PP755595.1|A/cattle/Texas/24-008749-003/2024(H5N1)	1047	321
PB1|PP755595.1|A/cattle/Texas/24-008749-003/2024(H5N1)	1048	328
PB1|PP755595.1|A/cattle/Texas/24-008749-003/2024(H5N1)	1049	333
PB1|PP755595.1|A/cattle/Texas/24-008749-003/2024(H5N1)	1050	333
PB1|PP755595.1|A/cattle/Texas/24-008749-003/2024(H5N1)	1051	332
PB1|PP755595.1|A/cattle/Texas/24-008749-003/2024(H5N1)	1052	333
PB1|PP755595.1|A/cattle/Texas/24-008749-003/2024(H5N1)	1053	332
PB1|PP755595.1|A/cattle/Texas/24-008749-003/2024(H5N1)	1054	331
PB1|PP755595.1|A/cattle/Texas/24-008749-003/2024(H5N1)	1055	334
PB1|PP755595.1|A/cattle/Texas/24-008749-003/2024(H5N1)	1056	334
PB1|PP755595.1|A/cattle/Texas/24-008749-003/2024(H5N1)	1057	333
PB1|PP755595.1|A/cattle/Texas/24-008749-003/2024(H5N1)	1058	330
PB1|PP755595.1|A/cattle/Texas/24-008749-003/2024(H5N1)	1059	330
PB1|PP755595.1|A/cattle/Texas/24-008749-003/2024(H5N1)	1060	342
PB1|PP755595.1|A/cattle/Texas/24-008749-003/2024(H5N1)	1061	342
PB1|PP755595.1|A/cattle/Texas/24-008749-003/2024(H5N1)	1062	343
PB1|PP755595.1|A/cattle/Texas/24-008749-003/2024(H5N1)	1063	339
PB1|PP755595.1|A/cattle/Texas/24-008749-003/2024(H5N1)	1064	337
PB1|PP755595.1|A/cattle/Texas/24-008749-003/2024(H5N1)	1065	337
PB1|PP755595.1|A/cattle/Texas/24-008749-003/2024(H5N1)	1066	339
PB1|PP755595.1|A/cattle/Texas/24-008749-003/2024(H5N1)	1067	336
PB1|PP755595.1|A/cattle/Texas/24-008749-003/2024(H5N1)	1068	334
PB1|PP755595.1|A/cattle/Texas/24-008749-003/2024(H5N1)	1069	322
PB1|PP755595.1|A/cattle/Texas/24-008749-003/2024(H5N1)	1070	323
PB1|PP755595.1|A/cattle/Texas/24-008749-003/2024(H5N1)	1071	323
PB1|PP755595.1|A/cattle/Texas/24-008749-003/2024(H5N1)	1072	323
PB1|PP755595.1|A/cattle/Texas/24-008749-003/2024(H5N1)	1073	324
PB1|PP755595.1|A/cattle/Texas/24-008749-003/2024(H5N1)	1074	326
PB1|PP755595.1|A/cattle/Texas/24-008749-003/2024(H5N1)	1075	327
PB1|PP755595.1|A/cattle/Texas/24-008749-003/2024(H5N1)	1076	332
PB1|PP755595.1|A/cattle/Texas/24-008749-003/2024(H5N1)	1077	331
PB1|PP755595.1|A/cattle/Texas/24-008749-003/2024(H5N1)	1078	329
PB1|PP755595.1|A/cattle/Texas/24-008749-003/2024(H5N1)	1079	329
PB1|PP755595.1|A/cattle/Texas/24-008749-003/2024(H5N1)	1080	329
PB1|PP755595.1|A/cattle/Texas/24-008749-003/2024(H5N1)	1081	334
PB1|PP755595.1|A/cattle/Texas/24-008749-003/2024(H5N1)	1082	339
PB1|PP755595.1|A/cattle/Texas/24-008749-003/2024(H5N1)	1083	338
PB1|PP755595.1|A/cattle/Texas/24-008749-003/2024(H5N1)	1084	336
PB1|PP755595.1|A/cattle/Texas/24-008749-003/2024(H5N1)	1085	334
PB1|PP755595.1|A/cattle/Texas/24-008749-003/2024(H5N1)	1086	334
PB1|PP755595.1|A/cattle/Texas/24-008749-003/2024(H5N1)	1087	334
PB1|PP755595.1|A/cattle/Texas/24-008749-003/2024(H5N1)	1088	332
PB1|PP755595.1|A/cattle/Texas/24-008749-003/2024(H5N1)	1089	333
PB1|PP755595.1|A/cattle/Texas/24-008749-003/2024(H5N1)	1090	335
PB1|PP755595.1|A/cattle/Texas/24-008749-003/2024(H5N1)	1091	333
PB1|PP755595.1|A/cattle/Texas/24-008749-003/2024(H5N1)	1092	333
PB1|PP755595.1|A/cattle/Texas/24-008749-003/2024(H5N1)	1093	333
PB1|PP755595.1|A/cattle/Texas/24-008749-003/2024(H5N1)	1094	333
PB1|PP755595.1|A/cattle/Texas/24-008749-003/2024(H5N1)	1095	334
PB1|PP755595.1|A/cattle/Texas/24-008749-003/2024(H5N1)	1096	334
PB1|PP755595.1|A/cattle/Texas/24-008749-003/2024(H5N1)	1097	341
PB1|PP755595.1|A/cattle/Texas/24-008749-003/2024(H5N1)	1098	337
PB1|PP755595.1|A/cattle/Texas/24-008749-003/2024(H5N1)	1099	338
PB1|PP755595.1|A/cattle/Texas/24-008749-003/2024(H5N1)	1100	338
PB1|PP755595.1|A/cattle/Texas/24-008749-003/2024(H5N1)	1101	340
PB1|PP755595.1|A/cattle/Texas/24-008749-003/2024(H5N1)	1102	339
PB1|PP755595.1|A/cattle/Texas/24-008749-003/2024(H5N1)	1103	341
PB1|PP755595.1|A/cattle/Texas/24-008749-003/2024(H5N1)	1104	338
PB1|PP755595.1|A/cattle/Texas/24-008749-003/2024(H5N1)	1105	341
PB1|PP755595.1|A/cattle/Texas/24-008749-003/2024(H5N1)	1106	338
PB1|PP755595.1|A/cattle/Texas/24-008749-003/2024(H5N1)	1107	338
PB1|PP755595.1|A/cattle/Texas/24-008749-003/2024(H5N1)	1108	338
PB1|PP755595.1|A/cattle/Texas/24-008749-003/2024(H5N1)	1109	339
PB1|PP755595.1|A/cattle/Texas/24-008749-003/2024(H5N1)	1110	339
PB1|PP755595.1|A/cattle/Texas/24-008749-003/2024(H5N1)	1111	339
PB1|PP755595.1|A/cattle/Texas/24-008749-003/2024(H5N1)	1112	338
PB1|PP755595.1|A/cattle/Texas/24-008749-003/2024(H5N1)	1113	339
PB1|PP755595.1|A/cattle/Texas/24-008749-003/2024(H5N1)	1114	339
PB1|PP755595.1|A/cattle/Texas/24-008749-003/2024(H5N1)	1115	337
PB1|PP755595.1|A/cattle/Texas/24-008749-003/2024(H5N1)	1116	337
PB1|PP755595.1|A/cattle/Texas/24-008749-003/2024(H5N1)	1117	337
PB1|PP755595.1|A/cattle/Texas/24-008749-003/2024(H5N1)	1118	337
PB1|PP755595.1|A/cattle/Texas/24-008749-003/2024(H5N1)	1119	339
PB1|PP755595.1|A/cattle/Texas/24-008749-003/2024(H5N1)	1120	338
PB1|PP755595.1|A/cattle/Texas/24-008749-003/2024(H5N1)	1121	338
PB1|PP755595.1|A/cattle/Texas/24-008749-003/2024(H5N1)	1122	338
PB1|PP755595.1|A/cattle/Texas/24-008749-003/2024(H5N1)	1123	338
PB1|PP755595.1|A/cattle/Texas/24-008749-003/2024(H5N1)	1124	335
PB1|PP755595.1|A/cattle/Texas/24-008749-003/2024(H5N1)	1125	335
PB1|PP755595.1|A/cattle/Texas/24-008749-003/2024(H5N1)	1126	335
PB1|PP755595.1|A/cattle/Texas/24-008749-003/2024(H5N1)	1127	335
PB1|PP755595.1|A/cattle/Texas/24-008749-003/2024(H5N1)	1128	306
PB1|PP755595.1|A/cattle/Texas/24-008749-003/2024(H5N1)	1129	313
PB1|PP755595.1|A/cattle/Texas/24-008749-003/2024(H5N1)	1130	322
PB1|PP755595.1|A/cattle/Texas/24-008749-003/2024(H5N1)	1131	324
PB1|PP755595.1|A/cattle/Texas/24-008749-003/2024(H5N1)	1132	325
PB1|PP755595.1|A/cattle/Texas/24-008749-003/2024(H5N1)	1133	327
PB1|PP755595.1|A/cattle/Texas/24-008749-003/2024(H5N1)	1134	327
PB1|PP755595.1|A/cattle/Texas/24-008749-003/2024(H5N1)	1135	328
PB1|PP755595.1|A/cattle/Texas/24-008749-003/2024(H5N1)	1136	328
PB1|PP755595.1|A/cattle/Texas/24-008749-003/2024(H5N1)	1137	327
PB1|PP755595.1|A/cattle/Texas/24-008749-003/2024(H5N1)	1138	327
PB1|PP755595.1|A/cattle/Texas/24-008749-003/2024(H5N1)	1139	325
PB1|PP755595.1|A/cattle/Texas/24-008749-003/2024(H5N1)	1140	321
PB1|PP755595.1|A/cattle/Texas/24-008749-003/2024(H5N1)	1141	321
PB1|PP755595.1|A/cattle/Texas/24-008749-003/2024(H5N1)	1142	327
PB1|PP755595.1|A/cattle/Texas/24-008749-003/2024(H5N1)	1143	323
PB1|PP755595.1|A/cattle/Texas/24-008749-003/2024(H5N1)	1144	324
PB1|PP755595.1|A/cattle/Texas/24-008749-003/2024(H5N1)	1145	321
PB1|PP755595.1|A/cattle/Texas/24-008749-003/2024(H5N1)	1146	319
PB1|PP755595.1|A/cattle/Texas/24-008749-003/2024(H5N1)	1147	319
PB1|PP755595.1|A/cattle/Texas/24-008749-003/2024(H5N1)	1148	312
PB1|PP755595.1|A/cattle/Texas/24-008749-003/2024(H5N1)	1149	312
PB1|PP755595.1|A/cattle/Texas/24-008749-003/2024(H5N1)	1150	312
PB1|PP755595.1|A/cattle/Texas/24-008749-003/2024(H5N1)	1151	311
PB1|PP755595.1|A/cattle/Texas/24-008749-003/2024(H5N1)	1152	310
PB1|PP755595.1|A/cattle/Texas/24-008749-003/2024(H5N1)	1153	314
PB1|PP755595.1|A/cattle/Texas/24-008749-003/2024(H5N1)	1154	313
PB1|PP755595.1|A/cattle/Texas/24-008749-003/2024(H5N1)	1155	312
PB1|PP755595.1|A/cattle/Texas/24-008749-003/2024(H5N1)	1156	310
PB1|PP755595.1|A/cattle/Texas/24-008749-003/2024(H5N1)	1157	307
PB1|PP755595.1|A/cattle/Texas/24-008749-003/2024(H5N1)	1158	306
PB1|PP755595.1|A/cattle/Texas/24-008749-003/2024(H5N1)	1159	312
PB1|PP755595.1|A/cattle/Texas/24-008749-003/2024(H5N1)	1160	312
PB1|PP755595.1|A/cattle/Texas/24-008749-003/2024(H5N1)	1161	312
PB1|PP755595.1|A/cattle/Texas/24-008749-003/2024(H5N1)	1162	311
PB1|PP755595.1|A/cattle/Texas/24-008749-003/2024(H5N1)	1163	311
PB1|PP755595.1|A/cattle/Texas/24-008749-003/2024(H5N1)	1164	311
PB1|PP755595.1|A/cattle/Texas/24-008749-003/2024(H5N1)	1165	314
PB1|PP755595.1|A/cattle/Texas/24-008749-003/2024(H5N1)	1166	314
PB1|PP755595.1|A/cattle/Texas/24-008749-003/2024(H5N1)	1167	313
PB1|PP755595.1|A/cattle/Texas/24-008749-003/2024(H5N1)	1168	312
PB1|PP755595.1|A/cattle/Texas/24-008749-003/2024(H5N1)	1169	312
PB1|PP755595.1|A/cattle/Texas/24-008749-003/2024(H5N1)	1170	311
PB1|PP755595.1|A/cattle/Texas/24-008749-003/2024(H5N1)	1171	318
PB1|PP755595.1|A/cattle/Texas/24-008749-003/2024(H5N1)	1172	320
PB1|PP755595.1|A/cattle/Texas/24-008749-003/2024(H5N1)	1173	328
PB1|PP755595.1|A/cattle/Texas/24-008749-003/2024(H5N1)	1174	329
PB1|PP755595.1|A/cattle/Texas/24-008749-003/2024(H5N1)	1175	329
PB1|PP755595.1|A/cattle/Texas/24-008749-003/2024(H5N1)	1176	328
PB1|PP755595.1|A/cattle/Texas/24-008749-003/2024(H5N1)	1177	327
PB1|PP755595.1|A/cattle/Texas/24-008749-003/2024(H5N1)	1178	326
PB1|PP755595.1|A/cattle/Texas/24-008749-003/2024(H5N1)	1179	327
PB1|PP755595.1|A/cattle/Texas/24-008749-003/2024(H5N1)	1180	327
PB1|PP755595.1|A/cattle/Texas/24-008749-003/2024(H5N1)	1181	326
PB1|PP755595.1|A/cattle/Texas/24-008749-003/2024(H5N1)	1182	320
PB1|PP755595.1|A/cattle/Texas/24-008749-003/2024(H5N1)	1183	326
PB1|PP755595.1|A/cattle/Texas/24-008749-003/2024(H5N1)	1184	327
PB1|PP755595.1|A/cattle/Texas/24-008749-003/2024(H5N1)	1185	327
PB1|PP755595.1|A/cattle/Texas/24-008749-003/2024(H5N1)	1186	326
PB1|PP755595.1|A/cattle/Texas/24-008749-003/2024(H5N1)	1187	324
PB1|PP755595.1|A/cattle/Texas/24-008749-003/2024(H5N1)	1188	324
PB1|PP755595.1|A/cattle/Texas/24-008749-003/2024(H5N1)	1189	324
PB1|PP755595.1|A/cattle/Texas/24-008749-003/2024(H5N1)	1190	324
PB1|PP755595.1|A/cattle/Texas/24-008749-003/2024(H5N1)	1191	327
PB1|PP755595.1|A/cattle/Texas/24-008749-003/2024(H5N1)	1192	323
PB1|PP755595.1|A/cattle/Texas/24-008749-003/2024(H5N1)	1193	316
PB1|PP755595.1|A/cattle/Texas/24-008749-003/2024(H5N1)	1194	316
PB1|PP755595.1|A/cattle/Texas/24-008749-003/2024(H5N1)	1195	312
PB1|PP755595.1|A/cattle/Texas/24-008749-003/2024(H5N1)	1196	314
PB1|PP755595.1|A/cattle/Texas/24-008749-003/2024(H5N1)	1197	314
PB1|PP755595.1|A/cattle/Texas/24-008749-003/2024(H5N1)	1198	314
PB1|PP755595.1|A/cattle/Texas/24-008749-003/2024(H5N1)	1199	314
PB1|PP755595.1|A/cattle/Texas/24-008749-003/2024(H5N1)	1200	313
PB1|PP755595.1|A/cattle/Texas/24-008749-003/2024(H5N1)	1201	317
PB1|PP755595.1|A/cattle/Texas/24-008749-003/2024(H5N1)	1202	319
PB1|PP755595.1|A/cattle/Texas/24-008749-003/2024(H5N1)	1203	318
PB1|PP755595.1|A/cattle/Texas/24-008749-003/2024(H5N1)	1204	317
PB1|PP755595.1|A/cattle/Texas/24-008749-003/2024(H5N1)	1205	332
PB1|PP755595.1|A/cattle/Texas/24-008749-003/2024(H5N1)	1206	333
PB1|PP755595.1|A/cattle/Texas/24-008749-003/2024(H5N1)	1207	334
PB1|PP755595.1|A/cattle/Texas/24-008749-003/2024(H5N1)	1208	334
PB1|PP755595.1|A/cattle/Texas/24-008749-003/2024(H5N1)	1209	332
PB1|PP755595.1|A/cattle/Texas/24-008749-003/2024(H5N1)	1210	332
PB1|PP755595.1|A/cattle/Texas/24-008749-003/2024(H5N1)	1211	341
PB1|PP755595.1|A/cattle/Texas/24-008749-003/2024(H5N1)	1212	341
PB1|PP755595.1|A/cattle/Texas/24-008749-003/2024(H5N1)	1213	341
PB1|PP755595.1|A/cattle/Texas/24-008749-003/2024(H5N1)	1214	329
PB1|PP755595.1|A/cattle/Texas/24-008749-003/2024(H5N1)	1215	330
PB1|PP755595.1|A/cattle/Texas/24-008749-003/2024(H5N1)	1216	334
PB1|PP755595.1|A/cattle/Texas/24-008749-003/2024(H5N1)	1217	342
PB1|PP755595.1|A/cattle/Texas/24-008749-003/2024(H5N1)	1218	342
PB1|PP755595.1|A/cattle/Texas/24-008749-003/2024(H5N1)	1219	339
PB1|PP755595.1|A/cattle/Texas/24-008749-003/2024(H5N1)	1220	321
PB1|PP755595.1|A/cattle/Texas/24-008749-003/2024(H5N1)	1221	323
PB1|PP755595.1|A/cattle/Texas/24-008749-003/2024(H5N1)	1222	323
PB1|PP755595.1|A/cattle/Texas/24-008749-003/2024(H5N1)	1223	323
PB1|PP755595.1|A/cattle/Texas/24-008749-003/2024(H5N1)	1224	323
PB1|PP755595.1|A/cattle/Texas/24-008749-003/2024(H5N1)	1225	322
PB1|PP755595.1|A/cattle/Texas/24-008749-003/2024(H5N1)	1226	321
PB1|PP755595.1|A/cattle/Texas/24-008749-003/2024(H5N1)	1227	320
PB1|PP755595.1|A/cattle/Texas/24-008749-003/2024(H5N1)	1228	321
PB1|PP755595.1|A/cattle/Texas/24-008749-003/2024(H5N1)	1229	321
PB1|PP755595.1|A/cattle/Texas/24-008749-003/2024(H5N1)	1230	318
PB1|PP755595.1|A/cattle/Texas/24-008749-003/2024(H5N1)	1231	320
PB1|PP755595.1|A/cattle/Texas/24-008749-003/2024(H5N1)	1232	322
PB1|PP755595.1|A/cattle/Texas/24-008749-003/2024(H5N1)	1233	324
PB1|PP755595.1|A/cattle/Texas/24-008749-003/2024(H5N1)	1234	325
PB1|PP755595.1|A/cattle/Texas/24-008749-003/2024(H5N1)	1235	325
PB1|PP755595.1|A/cattle/Texas/24-008749-003/2024(H5N1)	1236	321
PB1|PP755595.1|A/cattle/Texas/24-008749-003/2024(H5N1)	1237	317
PB1|PP755595.1|A/cattle/Texas/24-008749-003/2024(H5N1)	1238	317
PB1|PP755595.1|A/cattle/Texas/24-008749-003/2024(H5N1)	1239	315
PB1|PP755595.1|A/cattle/Texas/24-008749-003/2024(H5N1)	1240	316
PB1|PP755595.1|A/cattle/Texas/24-008749-003/2024(H5N1)	1241	315
PB1|PP755595.1|A/cattle/Texas/24-008749-003/2024(H5N1)	1242	311
PB1|PP755595.1|A/cattle/Texas/24-008749-003/2024(H5N1)	1243	312
PB1|PP755595.1|A/cattle/Texas/24-008749-003/2024(H5N1)	1244	311
PB1|PP755595.1|A/cattle/Texas/24-008749-003/2024(H5N1)	1245	319
PB1|PP755595.1|A/cattle/Texas/24-008749-003/2024(H5N1)	1246	318
PB1|PP755595.1|A/cattle/Texas/24-008749-003/2024(H5N1)	1247	313
PB1|PP755595.1|A/cattle/Texas/24-008749-003/2024(H5N1)	1248	313
PB1|PP755595.1|A/cattle/Texas/24-008749-003/2024(H5N1)	1249	313
PB1|PP755595.1|A/cattle/Texas/24-008749-003/2024(H5N1)	1250	313
PB1|PP755595.1|A/cattle/Texas/24-008749-003/2024(H5N1)	1251	306
PB1|PP755595.1|A/cattle/Texas/24-008749-003/2024(H5N1)	1252	303
PB1|PP755595.1|A/cattle/Texas/24-008749-003/2024(H5N1)	1253	304
PB1|PP755595.1|A/cattle/Texas/24-008749-003/2024(H5N1)	1254	303
PB1|PP755595.1|A/cattle/Texas/24-008749-003/2024(H5N1)	1255	303
PB1|PP755595.1|A/cattle/Texas/24-008749-003/2024(H5N1)	1256	297
PB1|PP755595.1|A/cattle/Texas/24-008749-003/2024(H5N1)	1257	294
PB1|PP755595.1|A/cattle/Texas/24-008749-003/2024(H5N1)	1258	296
PB1|PP755595.1|A/cattle/Texas/24-008749-003/2024(H5N1)	1259	295
PB1|PP755595.1|A/cattle/Texas/24-008749-003/2024(H5N1)	1260	291
PB1|PP755595.1|A/cattle/Texas/24-008749-003/2024(H5N1)	1261	288
PB1|PP755595.1|A/cattle/Texas/24-008749-003/2024(H5N1)	1262	286
PB1|PP755595.1|A/cattle/Texas/24-008749-003/2024(H5N1)	1263	286
PB1|PP755595.1|A/cattle/Texas/24-008749-003/2024(H5N1)	1264	282
PB1|PP755595.1|A/cattle/Texas/24-008749-003/2024(H5N1)	1265	282
PB1|PP755595.1|A/cattle/Texas/24-008749-003/2024(H5N1)	1266	282
PB1|PP755595.1|A/cattle/Texas/24-008749-003/2024(H5N1)	1267	283
PB1|PP755595.1|A/cattle/Texas/24-008749-003/2024(H5N1)	1268	283
PB1|PP755595.1|A/cattle/Texas/24-008749-003/2024(H5N1)	1269	285
PB1|PP755595.1|A/cattle/Texas/24-008749-003/2024(H5N1)	1270	286
PB1|PP755595.1|A/cattle/Texas/24-008749-003/2024(H5N1)	1271	286
PB1|PP755595.1|A/cattle/Texas/24-008749-003/2024(H5N1)	1272	277
PB1|PP755595.1|A/cattle/Texas/24-008749-003/2024(H5N1)	1273	277
PB1|PP755595.1|A/cattle/Texas/24-008749-003/2024(H5N1)	1274	277
PB1|PP755595.1|A/cattle/Texas/24-008749-003/2024(H5N1)	1275	282
PB1|PP755595.1|A/cattle/Texas/24-008749-003/2024(H5N1)	1276	281
PB1|PP755595.1|A/cattle/Texas/24-008749-003/2024(H5N1)	1277	281
PB1|PP755595.1|A/cattle/Texas/24-008749-003/2024(H5N1)	1278	283
PB1|PP755595.1|A/cattle/Texas/24-008749-003/2024(H5N1)	1279	285
PB1|PP755595.1|A/cattle/Texas/24-008749-003/2024(H5N1)	1280	285
PB1|PP755595.1|A/cattle/Texas/24-008749-003/2024(H5N1)	1281	288
PB1|PP755595.1|A/cattle/Texas/24-008749-003/2024(H5N1)	1282	290
PB1|PP755595.1|A/cattle/Texas/24-008749-003/2024(H5N1)	1283	287
PB1|PP755595.1|A/cattle/Texas/24-008749-003/2024(H5N1)	1284	287
PB1|PP755595.1|A/cattle/Texas/24-008749-003/2024(H5N1)	1285	289
PB1|PP755595.1|A/cattle/Texas/24-008749-003/2024(H5N1)	1286	289
PB1|PP755595.1|A/cattle/Texas/24-008749-003/2024(H5N1)	1287	294
PB1|PP755595.1|A/cattle/Texas/24-008749-003/2024(H5N1)	1288	289
PB1|PP755595.1|A/cattle/Texas/24-008749-003/2024(H5N1)	1289	289
PB1|PP755595.1|A/cattle/Texas/24-008749-003/2024(H5N1)	1290	290
PB1|PP755595.1|A/cattle/Texas/24-008749-003/2024(H5N1)	1291	294
PB1|PP755595.1|A/cattle/Texas/24-008749-003/2024(H5N1)	1292	294
PB1|PP755595.1|A/cattle/Texas/24-008749-003/2024(H5N1)	1293	299
PB1|PP755595.1|A/cattle/Texas/24-008749-003/2024(H5N1)	1294	296
PB1|PP755595.1|A/cattle/Texas/24-008749-003/2024(H5N1)	1295	297
PB1|PP755595.1|A/cattle/Texas/24-008749-003/2024(H5N1)	1296	293
PB1|PP755595.1|A/cattle/Texas/24-008749-003/2024(H5N1)	1297	293
PB1|PP755595.1|A/cattle/Texas/24-008749-003/2024(H5N1)	1298	293
PB1|PP755595.1|A/cattle/Texas/24-008749-003/2024(H5N1)	1299	290
PB1|PP755595.1|A/cattle/Texas/24-008749-003/2024(H5N1)	1300	297
PB1|PP755595.1|A/cattle/Texas/24-008749-003/2024(H5N1)	1301	302
PB1|PP755595.1|A/cattle/Texas/24-008749-003/2024(H5N1)	1302	302
PB1|PP755595.1|A/cattle/Texas/24-008749-003/2024(H5N1)	1303	303
PB1|PP755595.1|A/cattle/Texas/24-008749-003/2024(H5N1)	1304	298
PB1|PP755595.1|A/cattle/Texas/24-008749-003/2024(H5N1)	1305	300
PB1|PP755595.1|A/cattle/Texas/24-008749-003/2024(H5N1)	1306	300
PB1|PP755595.1|A/cattle/Texas/24-008749-003/2024(H5N1)	1307	300
PB1|PP755595.1|A/cattle/Texas/24-008749-003/2024(H5N1)	1308	293
PB1|PP755595.1|A/cattle/Texas/24-008749-003/2024(H5N1)	1309	290
PB1|PP755595.1|A/cattle/Texas/24-008749-003/2024(H5N1)	1310	293
PB1|PP755595.1|A/cattle/Texas/24-008749-003/2024(H5N1)	1311	292
PB1|PP755595.1|A/cattle/Texas/24-008749-003/2024(H5N1)	1312	291
PB1|PP755595.1|A/cattle/Texas/24-008749-003/2024(H5N1)	1313	291
PB1|PP755595.1|A/cattle/Texas/24-008749-003/2024(H5N1)	1314	292
PB1|PP755595.1|A/cattle/Texas/24-008749-003/2024(H5N1)	1315	292
PB1|PP755595.1|A/cattle/Texas/24-008749-003/2024(H5N1)	1316	291
PB1|PP755595.1|A/cattle/Texas/24-008749-003/2024(H5N1)	1317	283
PB1|PP755595.1|A/cattle/Texas/24-008749-003/2024(H5N1)	1318	286
PB1|PP755595.1|A/cattle/Texas/24-008749-003/2024(H5N1)	1319	292
PB1|PP755595.1|A/cattle/Texas/24-008749-003/2024(H5N1)	1320	292
PB1|PP755595.1|A/cattle/Texas/24-008749-003/2024(H5N1)	1321	293
PB1|PP755595.1|A/cattle/Texas/24-008749-003/2024(H5N1)	1322	294
PB1|PP755595.1|A/cattle/Texas/24-008749-003/2024(H5N1)	1323	298
PB1|PP755595.1|A/cattle/Texas/24-008749-003/2024(H5N1)	1324	298
PB1|PP755595.1|A/cattle/Texas/24-008749-003/2024(H5N1)	1325	297
PB1|PP755595.1|A/cattle/Texas/24-008749-003/2024(H5N1)	1326	297
PB1|PP755595.1|A/cattle/Texas/24-008749-003/2024(H5N1)	1327	294
PB1|PP755595.1|A/cattle/Texas/24-008749-003/2024(H5N1)	1328	293
PB1|PP755595.1|A/cattle/Texas/24-008749-003/2024(H5N1)	1329	298
PB1|PP755595.1|A/cattle/Texas/24-008749-003/2024(H5N1)	1330	297
PB1|PP755595.1|A/cattle/Texas/24-008749-003/2024(H5N1)	1331	296
PB1|PP755595.1|A/cattle/Texas/24-008749-003/2024(H5N1)	1332	295
PB1|PP755595.1|A/cattle/Texas/24-008749-003/2024(H5N1)	1333	295
PB1|PP755595.1|A/cattle/Texas/24-008749-003/2024(H5N1)	1334	295
PB1|PP755595.1|A/cattle/Texas/24-008749-003/2024(H5N1)	1335	303
PB1|PP755595.1|A/cattle/Texas/24-008749-003/2024(H5N1)	1336	303
PB1|PP755595.1|A/cattle/Texas/24-008749-003/2024(H5N1)	1337	305
PB1|PP755595.1|A/cattle/Texas/24-008749-003/2024(H5N1)	1338	305
PB1|PP755595.1|A/cattle/Texas/24-008749-003/2024(H5N1)	1339	304
PB1|PP755595.1|A/cattle/Texas/24-008749-003/2024(H5N1)	1340	303
PB1|PP755595.1|A/cattle/Texas/24-008749-003/2024(H5N1)	1341	302
PB1|PP755595.1|A/cattle/Texas/24-008749-003/2024(H5N1)	1342	302
PB1|PP755595.1|A/cattle/Texas/24-008749-003/2024(H5N1)	1343	304
PB1|PP755595.1|A/cattle/Texas/24-008749-003/2024(H5N1)	1344	304
PB1|PP755595.1|A/cattle/Texas/24-008749-003/2024(H5N1)	1345	313
PB1|PP755595.1|A/cattle/Texas/24-008749-003/2024(H5N1)	1346	312
PB1|PP755595.1|A/cattle/Texas/24-008749-003/2024(H5N1)	1347	313
PB1|PP755595.1|A/cattle/Texas/24-008749-003/2024(H5N1)	1348	313
PB1|PP755595.1|A/cattle/Texas/24-008749-003/2024(H5N1)	1349	313
PB1|PP755595.1|A/cattle/Texas/24-008749-003/2024(H5N1)	1350	312
PB1|PP755595.1|A/cattle/Texas/24-008749-003/2024(H5N1)	1351	314
PB1|PP755595.1|A/cattle/Texas/24-008749-003/2024(H5N1)	1352	316
PB1|PP755595.1|A/cattle/Texas/24-008749-003/2024(H5N1)	1353	318
PB1|PP755595.1|A/cattle/Texas/24-008749-003/2024(H5N1)	1354	313
PB1|PP755595.1|A/cattle/Texas/24-008749-003/2024(H5N1)	1355	313
PB1|PP755595.1|A/cattle/Texas/24-008749-003/2024(H5N1)	1356	308
PB1|PP755595.1|A/cattle/Texas/24-008749-003/2024(H5N1)	1357	312
PB1|PP755595.1|A/cattle/Texas/24-008749-003/2024(H5N1)	1358	313
PB1|PP755595.1|A/cattle/Texas/24-008749-003/2024(H5N1)	1359	310
PB1|PP755595.1|A/cattle/Texas/24-008749-003/2024(H5N1)	1360	310
PB1|PP755595.1|A/cattle/Texas/24-008749-003/2024(H5N1)	1361	308
PB1|PP755595.1|A/cattle/Texas/24-008749-003/2024(H5N1)	1362	306
PB1|PP755595.1|A/cattle/Texas/24-008749-003/2024(H5N1)	1363	306
PB1|PP755595.1|A/cattle/Texas/24-008749-003/2024(H5N1)	1364	305
PB1|PP755595.1|A/cattle/Texas/24-008749-003/2024(H5N1)	1365	308
PB1|PP755595.1|A/cattle/Texas/24-008749-003/2024(H5N1)	1366	309
PB1|PP755595.1|A/cattle/Texas/24-008749-003/2024(H5N1)	1367	308
PB1|PP755595.1|A/cattle/Texas/24-008749-003/2024(H5N1)	1368	308
PB1|PP755595.1|A/cattle/Texas/24-008749-003/2024(H5N1)	1369	308
PB1|PP755595.1|A/cattle/Texas/24-008749-003/2024(H5N1)	1370	308
PB1|PP755595.1|A/cattle/Texas/24-008749-003/2024(H5N1)	1371	308
PB1|PP755595.1|A/cattle/Texas/24-008749-003/2024(H5N1)	1372	308
PB1|PP755595.1|A/cattle/Texas/24-008749-003/2024(H5N1)	1373	309
PB1|PP755595.1|A/cattle/Texas/24-008749-003/2024(H5N1)	1374	309
PB1|PP755595.1|A/cattle/Texas/24-008749-003/2024(H5N1)	1375	311
PB1|PP755595.1|A/cattle/Texas/24-008749-003/2024(H5N1)	1376	313
PB1|PP755595.1|A/cattle/Texas/24-008749-003/2024(H5N1)	1377	315
PB1|PP755595.1|A/cattle/Texas/24-008749-003/2024(H5N1)	1378	315
PB1|PP755595.1|A/cattle/Texas/24-008749-003/2024(H5N1)	1379	318
PB1|PP755595.1|A/cattle/Texas/24-008749-003/2024(H5N1)	1380	313
PB1|PP755595.1|A/cattle/Texas/24-008749-003/2024(H5N1)	1381	309
PB1|PP755595.1|A/cattle/Texas/24-008749-003/2024(H5N1)	1382	308
PB1|PP755595.1|A/cattle/Texas/24-008749-003/2024(H5N1)	1383	303
PB1|PP755595.1|A/cattle/Texas/24-008749-003/2024(H5N1)	1384	333
PB1|PP755595.1|A/cattle/Texas/24-008749-003/2024(H5N1)	1385	336
PB1|PP755595.1|A/cattle/Texas/24-008749-003/2024(H5N1)	1386	338
PB1|PP755595.1|A/cattle/Texas/24-008749-003/2024(H5N1)	1387	338
PB1|PP755595.1|A/cattle/Texas/24-008749-003/2024(H5N1)	1388	339
PB1|PP755595.1|A/cattle/Texas/24-008749-003/2024(H5N1)	1389	339
PB1|PP755595.1|A/cattle/Texas/24-008749-003/2024(H5N1)	1390	340
PB1|PP755595.1|A/cattle/Texas/24-008749-003/2024(H5N1)	1391	340
PB1|PP755595.1|A/cattle/Texas/24-008749-003/2024(H5N1)	1392	340
PB1|PP755595.1|A/cattle/Texas/24-008749-003/2024(H5N1)	1393	323
PB1|PP755595.1|A/cattle/Texas/24-008749-003/2024(H5N1)	1394	324
PB1|PP755595.1|A/cattle/Texas/24-008749-003/2024(H5N1)	1395	327
PB1|PP755595.1|A/cattle/Texas/24-008749-003/2024(H5N1)	1396	327
PB1|PP755595.1|A/cattle/Texas/24-008749-003/2024(H5N1)	1397	329
PB1|PP755595.1|A/cattle/Texas/24-008749-003/2024(H5N1)	1398	343
PB1|PP755595.1|A/cattle/Texas/24-008749-003/2024(H5N1)	1399	343
PB1|PP755595.1|A/cattle/Texas/24-008749-003/2024(H5N1)	1400	343
PB1|PP755595.1|A/cattle/Texas/24-008749-003/2024(H5N1)	1401	343
PB1|PP755595.1|A/cattle/Texas/24-008749-003/2024(H5N1)	1402	341
PB1|PP755595.1|A/cattle/Texas/24-008749-003/2024(H5N1)	1403	341
PB1|PP755595.1|A/cattle/Texas/24-008749-003/2024(H5N1)	1404	338
PB1|PP755595.1|A/cattle/Texas/24-008749-003/2024(H5N1)	1405	339
PB1|PP755595.1|A/cattle/Texas/24-008749-003/2024(H5N1)	1406	348
PB1|PP755595.1|A/cattle/Texas/24-008749-003/2024(H5N1)	1407	341
PB1|PP755595.1|A/cattle/Texas/24-008749-003/2024(H5N1)	1408	339
PB1|PP755595.1|A/cattle/Texas/24-008749-003/2024(H5N1)	1409	341
PB1|PP755595.1|A/cattle/Texas/24-008749-003/2024(H5N1)	1410	341
PB1|PP755595.1|A/cattle/Texas/24-008749-003/2024(H5N1)	1411	341
PB1|PP755595.1|A/cattle/Texas/24-008749-003/2024(H5N1)	1412	356
PB1|PP755595.1|A/cattle/Texas/24-008749-003/2024(H5N1)	1413	357
PB1|PP755595.1|A/cattle/Texas/24-008749-003/2024(H5N1)	1414	356
PB1|PP755595.1|A/cattle/Texas/24-008749-003/2024(H5N1)	1415	356
PB1|PP755595.1|A/cattle/Texas/24-008749-003/2024(H5N1)	1416	359
PB1|PP755595.1|A/cattle/Texas/24-008749-003/2024(H5N1)	1417	359
PB1|PP755595.1|A/cattle/Texas/24-008749-003/2024(H5N1)	1418	367
PB1|PP755595.1|A/cattle/Texas/24-008749-003/2024(H5N1)	1419	367
PB1|PP755595.1|A/cattle/Texas/24-008749-003/2024(H5N1)	1420	367
PB1|PP755595.1|A/cattle/Texas/24-008749-003/2024(H5N1)	1421	372
PB1|PP755595.1|A/cattle/Texas/24-008749-003/2024(H5N1)	1422	373
PB1|PP755595.1|A/cattle/Texas/24-008749-003/2024(H5N1)	1423	379
PB1|PP755595.1|A/cattle/Texas/24-008749-003/2024(H5N1)	1424	375
PB1|PP755595.1|A/cattle/Texas/24-008749-003/2024(H5N1)	1425	370
PB1|PP755595.1|A/cattle/Texas/24-008749-003/2024(H5N1)	1426	370
PB1|PP755595.1|A/cattle/Texas/24-008749-003/2024(H5N1)	1427	370
PB1|PP755595.1|A/cattle/Texas/24-008749-003/2024(H5N1)	1428	369
PB1|PP755595.1|A/cattle/Texas/24-008749-003/2024(H5N1)	1429	372
PB1|PP755595.1|A/cattle/Texas/24-008749-003/2024(H5N1)	1430	358
PB1|PP755595.1|A/cattle/Texas/24-008749-003/2024(H5N1)	1431	358
PB1|PP755595.1|A/cattle/Texas/24-008749-003/2024(H5N1)	1432	359
PB1|PP755595.1|A/cattle/Texas/24-008749-003/2024(H5N1)	1433	360
PB1|PP755595.1|A/cattle/Texas/24-008749-003/2024(H5N1)	1434	356
PB1|PP755595.1|A/cattle/Texas/24-008749-003/2024(H5N1)	1435	356
PB1|PP755595.1|A/cattle/Texas/24-008749-003/2024(H5N1)	1436	358
PB1|PP755595.1|A/cattle/Texas/24-008749-003/2024(H5N1)	1437	358
PB1|PP755595.1|A/cattle/Texas/24-008749-003/2024(H5N1)	1438	360
PB1|PP755595.1|A/cattle/Texas/24-008749-003/2024(H5N1)	1439	360
PB1|PP755595.1|A/cattle/Texas/24-008749-003/2024(H5N1)	1440	360
PB1|PP755595.1|A/cattle/Texas/24-008749-003/2024(H5N1)	1441	365
PB1|PP755595.1|A/cattle/Texas/24-008749-003/2024(H5N1)	1442	365
PB1|PP755595.1|A/cattle/Texas/24-008749-003/2024(H5N1)	1443	372
PB1|PP755595.1|A/cattle/Texas/24-008749-003/2024(H5N1)	1444	371
PB1|PP755595.1|A/cattle/Texas/24-008749-003/2024(H5N1)	1445	370
PB1|PP755595.1|A/cattle/Texas/24-008749-003/2024(H5N1)	1446	372
PB1|PP755595.1|A/cattle/Texas/24-008749-003/2024(H5N1)	1447	374
PB1|PP755595.1|A/cattle/Texas/24-008749-003/2024(H5N1)	1448	380
PB1|PP755595.1|A/cattle/Texas/24-008749-003/2024(H5N1)	1449	385
PB1|PP755595.1|A/cattle/Texas/24-008749-003/2024(H5N1)	1450	385
PB1|PP755595.1|A/cattle/Texas/24-008749-003/2024(H5N1)	1451	387
PB1|PP755595.1|A/cattle/Texas/24-008749-003/2024(H5N1)	1452	385
PB1|PP755595.1|A/cattle/Texas/24-008749-003/2024(H5N1)	1453	385
PB1|PP755595.1|A/cattle/Texas/24-008749-003/2024(H5N1)	1454	385
PB1|PP755595.1|A/cattle/Texas/24-008749-003/2024(H5N1)	1455	382
PB1|PP755595.1|A/cattle/Texas/24-008749-003/2024(H5N1)	1456	378
PB1|PP755595.1|A/cattle/Texas/24-008749-003/2024(H5N1)	1457	383
PB1|PP755595.1|A/cattle/Texas/24-008749-003/2024(H5N1)	1458	382
PB1|PP755595.1|A/cattle/Texas/24-008749-003/2024(H5N1)	1459	382
PB1|PP755595.1|A/cattle/Texas/24-008749-003/2024(H5N1)	1460	382
PB1|PP755595.1|A/cattle/Texas/24-008749-003/2024(H5N1)	1461	372
PB1|PP755595.1|A/cattle/Texas/24-008749-003/2024(H5N1)	1462	370
PB1|PP755595.1|A/cattle/Texas/24-008749-003/2024(H5N1)	1463	370
PB1|PP755595.1|A/cattle/Texas/24-008749-003/2024(H5N1)	1464	373
PB1|PP755595.1|A/cattle/Texas/24-008749-003/2024(H5N1)	1465	375
PB1|PP755595.1|A/cattle/Texas/24-008749-003/2024(H5N1)	1466	383
PB1|PP755595.1|A/cattle/Texas/24-008749-003/2024(H5N1)	1467	379
PB1|PP755595.1|A/cattle/Texas/24-008749-003/2024(H5N1)	1468	375
PB1|PP755595.1|A/cattle/Texas/24-008749-003/2024(H5N1)	1469	376
PB1|PP755595.1|A/cattle/Texas/24-008749-003/2024(H5N1)	1470	376
PB1|PP755595.1|A/cattle/Texas/24-008749-003/2024(H5N1)	1471	376
PB1|PP755595.1|A/cattle/Texas/24-008749-003/2024(H5N1)	1472	377
PB1|PP755595.1|A/cattle/Texas/24-008749-003/2024(H5N1)	1473	383
PB1|PP755595.1|A/cattle/Texas/24-008749-003/2024(H5N1)	1474	383
PB1|PP755595.1|A/cattle/Texas/24-008749-003/2024(H5N1)	1475	381
PB1|PP755595.1|A/cattle/Texas/24-008749-003/2024(H5N1)	1476	383
PB1|PP755595.1|A/cattle/Texas/24-008749-003/2024(H5N1)	1477	383
PB1|PP755595.1|A/cattle/Texas/24-008749-003/2024(H5N1)	1478	384
PB1|PP755595.1|A/cattle/Texas/24-008749-003/2024(H5N1)	1479	384
PB1|PP755595.1|A/cattle/Texas/24-008749-003/2024(H5N1)	1480	385
PB1|PP755595.1|A/cattle/Texas/24-008749-003/2024(H5N1)	1481	385
PB1|PP755595.1|A/cattle/Texas/24-008749-003/2024(H5N1)	1482	385
PB1|PP755595.1|A/cattle/Texas/24-008749-003/2024(H5N1)	1483	384
PB1|PP755595.1|A/cattle/Texas/24-008749-003/2024(H5N1)	1484	382
PB1|PP755595.1|A/cattle/Texas/24-008749-003/2024(H5N1)	1485	381
PB1|PP755595.1|A/cattle/Texas/24-008749-003/2024(H5N1)	1486	383
PB1|PP755595.1|A/cattle/Texas/24-008749-003/2024(H5N1)	1487	383
PB1|PP755595.1|A/cattle/Texas/24-008749-003/2024(H5N1)	1488	383
PB1|PP755595.1|A/cattle/Texas/24-008749-003/2024(H5N1)	1489	383
PB1|PP755595.1|A/cattle/Texas/24-008749-003/2024(H5N1)	1490	384
PB1|PP755595.1|A/cattle/Texas/24-008749-003/2024(H5N1)	1491	386
PB1|PP755595.1|A/cattle/Texas/24-008749-003/2024(H5N1)	1492	386
PB1|PP755595.1|A/cattle/Texas/24-008749-003/2024(H5N1)	1493	390
PB1|PP755595.1|A/cattle/Texas/24-008749-003/2024(H5N1)	1494	390
PB1|PP755595.1|A/cattle/Texas/24-008749-003/2024(H5N1)	1495	390
PB1|PP755595.1|A/cattle/Texas/24-008749-003/2024(H5N1)	1496	392
PB1|PP755595.1|A/cattle/Texas/24-008749-003/2024(H5N1)	1497	392
PB1|PP755595.1|A/cattle/Texas/24-008749-003/2024(H5N1)	1498	389
PB1|PP755595.1|A/cattle/Texas/24-008749-003/2024(H5N1)	1499	390
PB1|PP755595.1|A/cattle/Texas/24-008749-003/2024(H5N1)	1500	392
PB1|PP755595.1|A/cattle/Texas/24-008749-003/2024(H5N1)	1501	392
PB1|PP755595.1|A/cattle/Texas/24-008749-003/2024(H5N1)	1502	390
PB1|PP755595.1|A/cattle/Texas/24-008749-003/2024(H5N1)	1503	388
PB1|PP755595.1|A/cattle/Texas/24-008749-003/2024(H5N1)	1504	390
PB1|PP755595.1|A/cattle/Texas/24-008749-003/2024(H5N1)	1505	389
PB1|PP755595.1|A/cattle/Texas/24-008749-003/2024(H5N1)	1506	389
PB1|PP755595.1|A/cattle/Texas/24-008749-003/2024(H5N1)	1507	391
PB1|PP755595.1|A/cattle/Texas/24-008749-003/2024(H5N1)	1508	386
PB1|PP755595.1|A/cattle/Texas/24-008749-003/2024(H5N1)	1509	386
PB1|PP755595.1|A/cattle/Texas/24-008749-003/2024(H5N1)	1510	384
PB1|PP755595.1|A/cattle/Texas/24-008749-003/2024(H5N1)	1511	384
PB1|PP755595.1|A/cattle/Texas/24-008749-003/2024(H5N1)	1512	392
PB1|PP755595.1|A/cattle/Texas/24-008749-003/2024(H5N1)	1513	391
PB1|PP755595.1|A/cattle/Texas/24-008749-003/2024(H5N1)	1514	391
PB1|PP755595.1|A/cattle/Texas/24-008749-003/2024(H5N1)	1515	391
PB1|PP755595.1|A/cattle/Texas/24-008749-003/2024(H5N1)	1516	391
PB1|PP755595.1|A/cattle/Texas/24-008749-003/2024(H5N1)	1517	402
PB1|PP755595.1|A/cattle/Texas/24-008749-003/2024(H5N1)	1518	406
PB1|PP755595.1|A/cattle/Texas/24-008749-003/2024(H5N1)	1519	406
PB1|PP755595.1|A/cattle/Texas/24-008749-003/2024(H5N1)	1520	408
PB1|PP755595.1|A/cattle/Texas/24-008749-003/2024(H5N1)	1521	405
PB1|PP755595.1|A/cattle/Texas/24-008749-003/2024(H5N1)	1522	419
PB1|PP755595.1|A/cattle/Texas/24-008749-003/2024(H5N1)	1523	419
PB1|PP755595.1|A/cattle/Texas/24-008749-003/2024(H5N1)	1524	419
PB1|PP755595.1|A/cattle/Texas/24-008749-003/2024(H5N1)	1525	420
PB1|PP755595.1|A/cattle/Texas/24-008749-003/2024(H5N1)	1526	413
PB1|PP755595.1|A/cattle/Texas/24-008749-003/2024(H5N1)	1527	415
PB1|PP755595.1|A/cattle/Texas/24-008749-003/2024(H5N1)	1528	417
PB1|PP755595.1|A/cattle/Texas/24-008749-003/2024(H5N1)	1529	417
PB1|PP755595.1|A/cattle/Texas/24-008749-003/2024(H5N1)	1530	417
PB1|PP755595.1|A/cattle/Texas/24-008749-003/2024(H5N1)	1531	410
PB1|PP755595.1|A/cattle/Texas/24-008749-003/2024(H5N1)	1532	427
PB1|PP755595.1|A/cattle/Texas/24-008749-003/2024(H5N1)	1533	424
PB1|PP755595.1|A/cattle/Texas/24-008749-003/2024(H5N1)	1534	426
PB1|PP755595.1|A/cattle/Texas/24-008749-003/2024(H5N1)	1535	426
PB1|PP755595.1|A/cattle/Texas/24-008749-003/2024(H5N1)	1536	426
PB1|PP755595.1|A/cattle/Texas/24-008749-003/2024(H5N1)	1537	426
PB1|PP755595.1|A/cattle/Texas/24-008749-003/2024(H5N1)	1538	425
PB1|PP755595.1|A/cattle/Texas/24-008749-003/2024(H5N1)	1539	425
PB1|PP755595.1|A/cattle/Texas/24-008749-003/2024(H5N1)	1540	425
PB1|PP755595.1|A/cattle/Texas/24-008749-003/2024(H5N1)	1541	416
PB1|PP755595.1|A/cattle/Texas/24-008749-003/2024(H5N1)	1542	436
PB1|PP755595.1|A/cattle/Texas/24-008749-003/2024(H5N1)	1543	439
PB1|PP755595.1|A/cattle/Texas/24-008749-003/2024(H5N1)	1544	437
PB1|PP755595.1|A/cattle/Texas/24-008749-003/2024(H5N1)	1545	437
PB1|PP755595.1|A/cattle/Texas/24-008749-003/2024(H5N1)	1546	437
PB1|PP755595.1|A/cattle/Texas/24-008749-003/2024(H5N1)	1547	438
PB1|PP755595.1|A/cattle/Texas/24-008749-003/2024(H5N1)	1548	445
PB1|PP755595.1|A/cattle/Texas/24-008749-003/2024(H5N1)	1549	443
PB1|PP755595.1|A/cattle/Texas/24-008749-003/2024(H5N1)	1550	443
PB1|PP755595.1|A/cattle/Texas/24-008749-003/2024(H5N1)	1551	414
PB1|PP755595.1|A/cattle/Texas/24-008749-003/2024(H5N1)	1552	413
PB1|PP755595.1|A/cattle/Texas/24-008749-003/2024(H5N1)	1553	413
PB1|PP755595.1|A/cattle/Texas/24-008749-003/2024(H5N1)	1554	415
PB1|PP755595.1|A/cattle/Texas/24-008749-003/2024(H5N1)	1555	415
PB1|PP755595.1|A/cattle/Texas/24-008749-003/2024(H5N1)	1556	414
PB1|PP755595.1|A/cattle/Texas/24-008749-003/2024(H5N1)	1557	414
PB1|PP755595.1|A/cattle/Texas/24-008749-003/2024(H5N1)	1558	415
PB1|PP755595.1|A/cattle/Texas/24-008749-003/2024(H5N1)	1559	421
PB1|PP755595.1|A/cattle/Texas/24-008749-003/2024(H5N1)	1560	420
PB1|PP755595.1|A/cattle/Texas/24-008749-003/2024(H5N1)	1561	421
PB1|PP755595.1|A/cattle/Texas/24-008749-003/2024(H5N1)	1562	421
PB1|PP755595.1|A/cattle/Texas/24-008749-003/2024(H5N1)	1563	420
PB1|PP755595.1|A/cattle/Texas/24-008749-003/2024(H5N1)	1564	421
PB1|PP755595.1|A/cattle/Texas/24-008749-003/2024(H5N1)	1565	423
PB1|PP755595.1|A/cattle/Texas/24-008749-003/2024(H5N1)	1566	425
PB1|PP755595.1|A/cattle/Texas/24-008749-003/2024(H5N1)	1567	429
PB1|PP755595.1|A/cattle/Texas/24-008749-003/2024(H5N1)	1568	431
PB1|PP755595.1|A/cattle/Texas/24-008749-003/2024(H5N1)	1569	437
PB1|PP755595.1|A/cattle/Texas/24-008749-003/2024(H5N1)	1570	434
PB1|PP755595.1|A/cattle/Texas/24-008749-003/2024(H5N1)	1571	450
PB1|PP755595.1|A/cattle/Texas/24-008749-003/2024(H5N1)	1572	449
PB1|PP755595.1|A/cattle/Texas/24-008749-003/2024(H5N1)	1573	447
PB1|PP755595.1|A/cattle/Texas/24-008749-003/2024(H5N1)	1574	445
PB1|PP755595.1|A/cattle/Texas/24-008749-003/2024(H5N1)	1575	445
PB1|PP755595.1|A/cattle/Texas/24-008749-003/2024(H5N1)	1576	447
PB1|PP755595.1|A/cattle/Texas/24-008749-003/2024(H5N1)	1577	461
PB1|PP755595.1|A/cattle/Texas/24-008749-003/2024(H5N1)	1578	457
PB1|PP755595.1|A/cattle/Texas/24-008749-003/2024(H5N1)	1579	456
PB1|PP755595.1|A/cattle/Texas/24-008749-003/2024(H5N1)	1580	439
PB1|PP755595.1|A/cattle/Texas/24-008749-003/2024(H5N1)	1581	435
PB1|PP755595.1|A/cattle/Texas/24-008749-003/2024(H5N1)	1582	435
PB1|PP755595.1|A/cattle/Texas/24-008749-003/2024(H5N1)	1583	440
PB1|PP755595.1|A/cattle/Texas/24-008749-003/2024(H5N1)	1584	440
PB1|PP755595.1|A/cattle/Texas/24-008749-003/2024(H5N1)	1585	447
PB1|PP755595.1|A/cattle/Texas/24-008749-003/2024(H5N1)	1586	424
PB1|PP755595.1|A/cattle/Texas/24-008749-003/2024(H5N1)	1587	425
PB1|PP755595.1|A/cattle/Texas/24-008749-003/2024(H5N1)	1588	430
PB1|PP755595.1|A/cattle/Texas/24-008749-003/2024(H5N1)	1589	430
PB1|PP755595.1|A/cattle/Texas/24-008749-003/2024(H5N1)	1590	430
PB1|PP755595.1|A/cattle/Texas/24-008749-003/2024(H5N1)	1591	430
PB1|PP755595.1|A/cattle/Texas/24-008749-003/2024(H5N1)	1592	426
PB1|PP755595.1|A/cattle/Texas/24-008749-003/2024(H5N1)	1593	432
PB1|PP755595.1|A/cattle/Texas/24-008749-003/2024(H5N1)	1594	430
PB1|PP755595.1|A/cattle/Texas/24-008749-003/2024(H5N1)	1595	428
PB1|PP755595.1|A/cattle/Texas/24-008749-003/2024(H5N1)	1596	427
PB1|PP755595.1|A/cattle/Texas/24-008749-003/2024(H5N1)	1597	425
PB1|PP755595.1|A/cattle/Texas/24-008749-003/2024(H5N1)	1598	422
PB1|PP755595.1|A/cattle/Texas/24-008749-003/2024(H5N1)	1599	422
PB1|PP755595.1|A/cattle/Texas/24-008749-003/2024(H5N1)	1600	424
PB1|PP755595.1|A/cattle/Texas/24-008749-003/2024(H5N1)	1601	424
PB1|PP755595.1|A/cattle/Texas/24-008749-003/2024(H5N1)	1602	420
PB1|PP755595.1|A/cattle/Texas/24-008749-003/2024(H5N1)	1603	421
PB1|PP755595.1|A/cattle/Texas/24-008749-003/2024(H5N1)	1604	421
PB1|PP755595.1|A/cattle/Texas/24-008749-003/2024(H5N1)	1605	421
PB1|PP755595.1|A/cattle/Texas/24-008749-003/2024(H5N1)	1606	424
PB1|PP755595.1|A/cattle/Texas/24-008749-003/2024(H5N1)	1607	429
PB1|PP755595.1|A/cattle/Texas/24-008749-003/2024(H5N1)	1608	427
PB1|PP755595.1|A/cattle/Texas/24-008749-003/2024(H5N1)	1609	427
PB1|PP755595.1|A/cattle/Texas/24-008749-003/2024(H5N1)	1610	429
PB1|PP755595.1|A/cattle/Texas/24-008749-003/2024(H5N1)	1611	429
PB1|PP755595.1|A/cattle/Texas/24-008749-003/2024(H5N1)	1612	429
PB1|PP755595.1|A/cattle/Texas/24-008749-003/2024(H5N1)	1613	432
PB1|PP755595.1|A/cattle/Texas/24-008749-003/2024(H5N1)	1614	432
PB1|PP755595.1|A/cattle/Texas/24-008749-003/2024(H5N1)	1615	437
PB1|PP755595.1|A/cattle/Texas/24-008749-003/2024(H5N1)	1616	432
PB1|PP755595.1|A/cattle/Texas/24-008749-003/2024(H5N1)	1617	431
PB1|PP755595.1|A/cattle/Texas/24-008749-003/2024(H5N1)	1618	432
PB1|PP755595.1|A/cattle/Texas/24-008749-003/2024(H5N1)	1619	434
PB1|PP755595.1|A/cattle/Texas/24-008749-003/2024(H5N1)	1620	438
PB1|PP755595.1|A/cattle/Texas/24-008749-003/2024(H5N1)	1621	440
PB1|PP755595.1|A/cattle/Texas/24-008749-003/2024(H5N1)	1622	440
PB1|PP755595.1|A/cattle/Texas/24-008749-003/2024(H5N1)	1623	435
PB1|PP755595.1|A/cattle/Texas/24-008749-003/2024(H5N1)	1624	436
PB1|PP755595.1|A/cattle/Texas/24-008749-003/2024(H5N1)	1625	436
PB1|PP755595.1|A/cattle/Texas/24-008749-003/2024(H5N1)	1626	436
PB1|PP755595.1|A/cattle/Texas/24-008749-003/2024(H5N1)	1627	436
PB1|PP755595.1|A/cattle/Texas/24-008749-003/2024(H5N1)	1628	438
PB1|PP755595.1|A/cattle/Texas/24-008749-003/2024(H5N1)	1629	436
PB1|PP755595.1|A/cattle/Texas/24-008749-003/2024(H5N1)	1630	447
PB1|PP755595.1|A/cattle/Texas/24-008749-003/2024(H5N1)	1631	456
PB1|PP755595.1|A/cattle/Texas/24-008749-003/2024(H5N1)	1632	455
PB1|PP755595.1|A/cattle/Texas/24-008749-003/2024(H5N1)	1633	454
PB1|PP755595.1|A/cattle/Texas/24-008749-003/2024(H5N1)	1634	454
PB1|PP755595.1|A/cattle/Texas/24-008749-003/2024(H5N1)	1635	445
PB1|PP755595.1|A/cattle/Texas/24-008749-003/2024(H5N1)	1636	445
PB1|PP755595.1|A/cattle/Texas/24-008749-003/2024(H5N1)	1637	448
PB1|PP755595.1|A/cattle/Texas/24-008749-003/2024(H5N1)	1638	451
PB1|PP755595.1|A/cattle/Texas/24-008749-003/2024(H5N1)	1639	452
PB1|PP755595.1|A/cattle/Texas/24-008749-003/2024(H5N1)	1640	457
PB1|PP755595.1|A/cattle/Texas/24-008749-003/2024(H5N1)	1641	457
PB1|PP755595.1|A/cattle/Texas/24-008749-003/2024(H5N1)	1642	460
PB1|PP755595.1|A/cattle/Texas/24-008749-003/2024(H5N1)	1643	460
PB1|PP755595.1|A/cattle/Texas/24-008749-003/2024(H5N1)	1644	460
PB1|PP755595.1|A/cattle/Texas/24-008749-003/2024(H5N1)	1645	458
PB1|PP755595.1|A/cattle/Texas/24-008749-003/2024(H5N1)	1646	456
PB1|PP755595.1|A/cattle/Texas/24-008749-003/2024(H5N1)	1647	456
PB1|PP755595.1|A/cattle/Texas/24-008749-003/2024(H5N1)	1648	448
PB1|PP755595.1|A/cattle/Texas/24-008749-003/2024(H5N1)	1649	437
PB1|PP755595.1|A/cattle/Texas/24-008749-003/2024(H5N1)	1650	441
PB1|PP755595.1|A/cattle/Texas/24-008749-003/2024(H5N1)	1651	433
PB1|PP755595.1|A/cattle/Texas/24-008749-003/2024(H5N1)	1652	433
PB1|PP755595.1|A/cattle/Texas/24-008749-003/2024(H5N1)	1653	434
PB1|PP755595.1|A/cattle/Texas/24-008749-003/2024(H5N1)	1654	431
PB1|PP755595.1|A/cattle/Texas/24-008749-003/2024(H5N1)	1655	431
PB1|PP755595.1|A/cattle/Texas/24-008749-003/2024(H5N1)	1656	426
PB1|PP755595.1|A/cattle/Texas/24-008749-003/2024(H5N1)	1657	427
PB1|PP755595.1|A/cattle/Texas/24-008749-003/2024(H5N1)	1658	426
PB1|PP755595.1|A/cattle/Texas/24-008749-003/2024(H5N1)	1659	446
PB1|PP755595.1|A/cattle/Texas/24-008749-003/2024(H5N1)	1660	452
PB1|PP755595.1|A/cattle/Texas/24-008749-003/2024(H5N1)	1661	454
PB1|PP755595.1|A/cattle/Texas/24-008749-003/2024(H5N1)	1662	457
PB1|PP755595.1|A/cattle/Texas/24-008749-003/2024(H5N1)	1663	452
PB1|PP755595.1|A/cattle/Texas/24-008749-003/2024(H5N1)	1664	454
PB1|PP755595.1|A/cattle/Texas/24-008749-003/2024(H5N1)	1665	462
PB1|PP755595.1|A/cattle/Texas/24-008749-003/2024(H5N1)	1666	462
PB1|PP755595.1|A/cattle/Texas/24-008749-003/2024(H5N1)	1667	463
PB1|PP755595.1|A/cattle/Texas/24-008749-003/2024(H5N1)	1668	458
PB1|PP755595.1|A/cattle/Texas/24-008749-003/2024(H5N1)	1669	459
PB1|PP755595.1|A/cattle/Texas/24-008749-003/2024(H5N1)	1670	461
PB1|PP755595.1|A/cattle/Texas/24-008749-003/2024(H5N1)	1671	466
PB1|PP755595.1|A/cattle/Texas/24-008749-003/2024(H5N1)	1672	466
PB1|PP755595.1|A/cattle/Texas/24-008749-003/2024(H5N1)	1673	476
PB1|PP755595.1|A/cattle/Texas/24-008749-003/2024(H5N1)	1674	465
PB1|PP755595.1|A/cattle/Texas/24-008749-003/2024(H5N1)	1675	465
PB1|PP755595.1|A/cattle/Texas/24-008749-003/2024(H5N1)	1676	463
PB1|PP755595.1|A/cattle/Texas/24-008749-003/2024(H5N1)	1677	465
PB1|PP755595.1|A/cattle/Texas/24-008749-003/2024(H5N1)	1678	462
PB1|PP755595.1|A/cattle/Texas/24-008749-003/2024(H5N1)	1679	461
PB1|PP755595.1|A/cattle/Texas/24-008749-003/2024(H5N1)	1680	466
PB1|PP755595.1|A/cattle/Texas/24-008749-003/2024(H5N1)	1681	466
PB1|PP755595.1|A/cattle/Texas/24-008749-003/2024(H5N1)	1682	461
PB1|PP755595.1|A/cattle/Texas/24-008749-003/2024(H5N1)	1683	477
PB1|PP755595.1|A/cattle/Texas/24-008749-003/2024(H5N1)	1684	474
PB1|PP755595.1|A/cattle/Texas/24-008749-003/2024(H5N1)	1685	474
PB1|PP755595.1|A/cattle/Texas/24-008749-003/2024(H5N1)	1686	476
PB1|PP755595.1|A/cattle/Texas/24-008749-003/2024(H5N1)	1687	476
PB1|PP755595.1|A/cattle/Texas/24-008749-003/2024(H5N1)	1688	476
PB1|PP755595.1|A/cattle/Texas/24-008749-003/2024(H5N1)	1689	477
PB1|PP755595.1|A/cattle/Texas/24-008749-003/2024(H5N1)	1690	480
PB1|PP755595.1|A/cattle/Texas/24-008749-003/2024(H5N1)	1691	483
PB1|PP755595.1|A/cattle/Texas/24-008749-003/2024(H5N1)	1692	476
PB1|PP755595.1|A/cattle/Texas/24-008749-003/2024(H5N1)	1693	478
PB1|PP755595.1|A/cattle/Texas/24-008749-003/2024(H5N1)	1694	473
PB1|PP755595.1|A/cattle/Texas/24-008749-003/2024(H5N1)	1695	474
PB1|PP755595.1|A/cattle/Texas/24-008749-003/2024(H5N1)	1696	474
PB1|PP755595.1|A/cattle/Texas/24-008749-003/2024(H5N1)	1697	473
PB1|PP755595.1|A/cattle/Texas/24-008749-003/2024(H5N1)	1698	473
PB1|PP755595.1|A/cattle/Texas/24-008749-003/2024(H5N1)	1699	467
PB1|PP755595.1|A/cattle/Texas/24-008749-003/2024(H5N1)	1700	462
PB1|PP755595.1|A/cattle/Texas/24-008749-003/2024(H5N1)	1701	464
PB1|PP755595.1|A/cattle/Texas/24-008749-003/2024(H5N1)	1702	460
PB1|PP755595.1|A/cattle/Texas/24-008749-003/2024(H5N1)	1703	460
PB1|PP755595.1|A/cattle/Texas/24-008749-003/2024(H5N1)	1704	460
PB1|PP755595.1|A/cattle/Texas/24-008749-003/2024(H5N1)	1705	463
PB1|PP755595.1|A/cattle/Texas/24-008749-003/2024(H5N1)	1706	462
PB1|PP755595.1|A/cattle/Texas/24-008749-003/2024(H5N1)	1707	466
PB1|PP755595.1|A/cattle/Texas/24-008749-003/2024(H5N1)	1708	464
PB1|PP755595.1|A/cattle/Texas/24-008749-003/2024(H5N1)	1709	467
PB1|PP755595.1|A/cattle/Texas/24-008749-003/2024(H5N1)	1710	467
PB1|PP755595.1|A/cattle/Texas/24-008749-003/2024(H5N1)	1711	468
PB1|PP755595.1|A/cattle/Texas/24-008749-003/2024(H5N1)	1712	467
PB1|PP755595.1|A/cattle/Texas/24-008749-003/2024(H5N1)	1713	480
PB1|PP755595.1|A/cattle/Texas/24-008749-003/2024(H5N1)	1714	477
PB1|PP755595.1|A/cattle/Texas/24-008749-003/2024(H5N1)	1715	483
PB1|PP755595.1|A/cattle/Texas/24-008749-003/2024(H5N1)	1716	482
PB1|PP755595.1|A/cattle/Texas/24-008749-003/2024(H5N1)	1717	487
PB1|PP755595.1|A/cattle/Texas/24-008749-003/2024(H5N1)	1718	491
PB1|PP755595.1|A/cattle/Texas/24-008749-003/2024(H5N1)	1719	493
PB1|PP755595.1|A/cattle/Texas/24-008749-003/2024(H5N1)	1720	493
PB1|PP755595.1|A/cattle/Texas/24-008749-003/2024(H5N1)	1721	494
PB1|PP755595.1|A/cattle/Texas/24-008749-003/2024(H5N1)	1722	489
PB1|PP755595.1|A/cattle/Texas/24-008749-003/2024(H5N1)	1723	490
PB1|PP755595.1|A/cattle/Texas/24-008749-003/2024(H5N1)	1724	483
PB1|PP755595.1|A/cattle/Texas/24-008749-003/2024(H5N1)	1725	486
PB1|PP755595.1|A/cattle/Texas/24-008749-003/2024(H5N1)	1726	493
PB1|PP755595.1|A/cattle/Texas/24-008749-003/2024(H5N1)	1727	493
PB1|PP755595.1|A/cattle/Texas/24-008749-003/2024(H5N1)	1728	497
PB1|PP755595.1|A/cattle/Texas/24-008749-003/2024(H5N1)	1729	498
PB1|PP755595.1|A/cattle/Texas/24-008749-003/2024(H5N1)	1730	499
PB1|PP755595.1|A/cattle/Texas/24-008749-003/2024(H5N1)	1731	500
PB1|PP755595.1|A/cattle/Texas/24-008749-003/2024(H5N1)	1732	500
PB1|PP755595.1|A/cattle/Texas/24-008749-003/2024(H5N1)	1733	504
PB1|PP755595.1|A/cattle/Texas/24-008749-003/2024(H5N1)	1734	507
PB1|PP755595.1|A/cattle/Texas/24-008749-003/2024(H5N1)	1735	507
PB1|PP755595.1|A/cattle/Texas/24-008749-003/2024(H5N1)	1736	510
PB1|PP755595.1|A/cattle/Texas/24-008749-003/2024(H5N1)	1737	502
PB1|PP755595.1|A/cattle/Texas/24-008749-003/2024(H5N1)	1738	504
PB1|PP755595.1|A/cattle/Texas/24-008749-003/2024(H5N1)	1739	504
PB1|PP755595.1|A/cattle/Texas/24-008749-003/2024(H5N1)	1740	504
PB1|PP755595.1|A/cattle/Texas/24-008749-003/2024(H5N1)	1741	519
PB1|PP755595.1|A/cattle/Texas/24-008749-003/2024(H5N1)	1742	514
PB1|PP755595.1|A/cattle/Texas/24-008749-003/2024(H5N1)	1743	513
PB1|PP755595.1|A/cattle/Texas/24-008749-003/2024(H5N1)	1744	511
PB1|PP755595.1|A/cattle/Texas/24-008749-003/2024(H5N1)	1745	509
PB1|PP755595.1|A/cattle/Texas/24-008749-003/2024(H5N1)	1746	510
PB1|PP755595.1|A/cattle/Texas/24-008749-003/2024(H5N1)	1747	508
PB1|PP755595.1|A/cattle/Texas/24-008749-003/2024(H5N1)	1748	510
PB1|PP755595.1|A/cattle/Texas/24-008749-003/2024(H5N1)	1749	507
PB1|PP755595.1|A/cattle/Texas/24-008749-003/2024(H5N1)	1750	506
PB1|PP755595.1|A/cattle/Texas/24-008749-003/2024(H5N1)	1751	506
PB1|PP755595.1|A/cattle/Texas/24-008749-003/2024(H5N1)	1752	509
PB1|PP755595.1|A/cattle/Texas/24-008749-003/2024(H5N1)	1753	509
PB1|PP755595.1|A/cattle/Texas/24-008749-003/2024(H5N1)	1754	508
PB1|PP755595.1|A/cattle/Texas/24-008749-003/2024(H5N1)	1755	506
PB1|PP755595.1|A/cattle/Texas/24-008749-003/2024(H5N1)	1756	506
PB1|PP755595.1|A/cattle/Texas/24-008749-003/2024(H5N1)	1757	515
PB1|PP755595.1|A/cattle/Texas/24-008749-003/2024(H5N1)	1758	513
PB1|PP755595.1|A/cattle/Texas/24-008749-003/2024(H5N1)	1759	513
PB1|PP755595.1|A/cattle/Texas/24-008749-003/2024(H5N1)	1760	519
PB1|PP755595.1|A/cattle/Texas/24-008749-003/2024(H5N1)	1761	516
PB1|PP755595.1|A/cattle/Texas/24-008749-003/2024(H5N1)	1762	523
PB1|PP755595.1|A/cattle/Texas/24-008749-003/2024(H5N1)	1763	522
PB1|PP755595.1|A/cattle/Texas/24-008749-003/2024(H5N1)	1764	523
PB1|PP755595.1|A/cattle/Texas/24-008749-003/2024(H5N1)	1765	522
PB1|PP755595.1|A/cattle/Texas/24-008749-003/2024(H5N1)	1766	512
PB1|PP755595.1|A/cattle/Texas/24-008749-003/2024(H5N1)	1767	515
PB1|PP755595.1|A/cattle/Texas/24-008749-003/2024(H5N1)	1768	517
PB1|PP755595.1|A/cattle/Texas/24-008749-003/2024(H5N1)	1769	515
PB1|PP755595.1|A/cattle/Texas/24-008749-003/2024(H5N1)	1770	519
PB1|PP755595.1|A/cattle/Texas/24-008749-003/2024(H5N1)	1771	515
PB1|PP755595.1|A/cattle/Texas/24-008749-003/2024(H5N1)	1772	516
PB1|PP755595.1|A/cattle/Texas/24-008749-003/2024(H5N1)	1773	516
PB1|PP755595.1|A/cattle/Texas/24-008749-003/2024(H5N1)	1774	513
PB1|PP755595.1|A/cattle/Texas/24-008749-003/2024(H5N1)	1775	515
PB1|PP755595.1|A/cattle/Texas/24-008749-003/2024(H5N1)	1776	513
PB1|PP755595.1|A/cattle/Texas/24-008749-003/2024(H5N1)	1777	514
PB1|PP755595.1|A/cattle/Texas/24-008749-003/2024(H5N1)	1778	512
PB1|PP755595.1|A/cattle/Texas/24-008749-003/2024(H5N1)	1779	508
PB1|PP755595.1|A/cattle/Texas/24-008749-003/2024(H5N1)	1780	506
PB1|PP755595.1|A/cattle/Texas/24-008749-003/2024(H5N1)	1781	509
PB1|PP755595.1|A/cattle/Texas/24-008749-003/2024(H5N1)	1782	509
PB1|PP755595.1|A/cattle/Texas/24-008749-003/2024(H5N1)	1783	500
PB1|PP755595.1|A/cattle/Texas/24-008749-003/2024(H5N1)	1784	504
PB1|PP755595.1|A/cattle/Texas/24-008749-003/2024(H5N1)	1785	508
PB1|PP755595.1|A/cattle/Texas/24-008749-003/2024(H5N1)	1786	508
PB1|PP755595.1|A/cattle/Texas/24-008749-003/2024(H5N1)	1787	506
PB1|PP755595.1|A/cattle/Texas/24-008749-003/2024(H5N1)	1788	506
PB1|PP755595.1|A/cattle/Texas/24-008749-003/2024(H5N1)	1789	526
PB1|PP755595.1|A/cattle/Texas/24-008749-003/2024(H5N1)	1790	526
PB1|PP755595.1|A/cattle/Texas/24-008749-003/2024(H5N1)	1791	528
PB1|PP755595.1|A/cattle/Texas/24-008749-003/2024(H5N1)	1792	527
PB1|PP755595.1|A/cattle/Texas/24-008749-003/2024(H5N1)	1793	517
PB1|PP755595.1|A/cattle/Texas/24-008749-003/2024(H5N1)	1794	517
PB1|PP755595.1|A/cattle/Texas/24-008749-003/2024(H5N1)	1795	517
PB1|PP755595.1|A/cattle/Texas/24-008749-003/2024(H5N1)	1796	518
PB1|PP755595.1|A/cattle/Texas/24-008749-003/2024(H5N1)	1797	521
PB1|PP755595.1|A/cattle/Texas/24-008749-003/2024(H5N1)	1798	508
PB1|PP755595.1|A/cattle/Texas/24-008749-003/2024(H5N1)	1799	513
PB1|PP755595.1|A/cattle/Texas/24-008749-003/2024(H5N1)	1800	515
PB1|PP755595.1|A/cattle/Texas/24-008749-003/2024(H5N1)	1801	526
PB1|PP755595.1|A/cattle/Texas/24-008749-003/2024(H5N1)	1802	528
PB1|PP755595.1|A/cattle/Texas/24-008749-003/2024(H5N1)	1803	528
PB1|PP755595.1|A/cattle/Texas/24-008749-003/2024(H5N1)	1804	525
PB1|PP755595.1|A/cattle/Texas/24-008749-003/2024(H5N1)	1805	517
PB1|PP755595.1|A/cattle/Texas/24-008749-003/2024(H5N1)	1806	505
PB1|PP755595.1|A/cattle/Texas/24-008749-003/2024(H5N1)	1807	502
PB1|PP755595.1|A/cattle/Texas/24-008749-003/2024(H5N1)	1808	502
PB1|PP755595.1|A/cattle/Texas/24-008749-003/2024(H5N1)	1809	519
PB1|PP755595.1|A/cattle/Texas/24-008749-003/2024(H5N1)	1810	519
PB1|PP755595.1|A/cattle/Texas/24-008749-003/2024(H5N1)	1811	519
PB1|PP755595.1|A/cattle/Texas/24-008749-003/2024(H5N1)	1812	519
PB1|PP755595.1|A/cattle/Texas/24-008749-003/2024(H5N1)	1813	519
PB1|PP755595.1|A/cattle/Texas/24-008749-003/2024(H5N1)	1814	522
PB1|PP755595.1|A/cattle/Texas/24-008749-003/2024(H5N1)	1815	523
PB1|PP755595.1|A/cattle/Texas/24-008749-003/2024(H5N1)	1816	521
PB1|PP755595.1|A/cattle/Texas/24-008749-003/2024(H5N1)	1817	524
PB1|PP755595.1|A/cattle/Texas/24-008749-003/2024(H5N1)	1818	506
PB1|PP755595.1|A/cattle/Texas/24-008749-003/2024(H5N1)	1819	513
PB1|PP755595.1|A/cattle/Texas/24-008749-003/2024(H5N1)	1820	511
PB1|PP755595.1|A/cattle/Texas/24-008749-003/2024(H5N1)	1821	511
PB1|PP755595.1|A/cattle/Texas/24-008749-003/2024(H5N1)	1822	509
PB1|PP755595.1|A/cattle/Texas/24-008749-003/2024(H5N1)	1823	513
PB1|PP755595.1|A/cattle/Texas/24-008749-003/2024(H5N1)	1824	513
PB1|PP755595.1|A/cattle/Texas/24-008749-003/2024(H5N1)	1825	513
PB1|PP755595.1|A/cattle/Texas/24-008749-003/2024(H5N1)	1826	507
PB1|PP755595.1|A/cattle/Texas/24-008749-003/2024(H5N1)	1827	498
PB1|PP755595.1|A/cattle/Texas/24-008749-003/2024(H5N1)	1828	489
PB1|PP755595.1|A/cattle/Texas/24-008749-003/2024(H5N1)	1829	503
PB1|PP755595.1|A/cattle/Texas/24-008749-003/2024(H5N1)	1830	500
PB1|PP755595.1|A/cattle/Texas/24-008749-003/2024(H5N1)	1831	502
PB1|PP755595.1|A/cattle/Texas/24-008749-003/2024(H5N1)	1832	502
PB1|PP755595.1|A/cattle/Texas/24-008749-003/2024(H5N1)	1833	505
PB1|PP755595.1|A/cattle/Texas/24-008749-003/2024(H5N1)	1834	503
PB1|PP755595.1|A/cattle/Texas/24-008749-003/2024(H5N1)	1835	503
PB1|PP755595.1|A/cattle/Texas/24-008749-003/2024(H5N1)	1836	500
PB1|PP755595.1|A/cattle/Texas/24-008749-003/2024(H5N1)	1837	500
PB1|PP755595.1|A/cattle/Texas/24-008749-003/2024(H5N1)	1838	489
PB1|PP755595.1|A/cattle/Texas/24-008749-003/2024(H5N1)	1839	488
PB1|PP755595.1|A/cattle/Texas/24-008749-003/2024(H5N1)	1840	489
PB1|PP755595.1|A/cattle/Texas/24-008749-003/2024(H5N1)	1841	490
PB1|PP755595.1|A/cattle/Texas/24-008749-003/2024(H5N1)	1842	492
PB1|PP755595.1|A/cattle/Texas/24-008749-003/2024(H5N1)	1843	488
PB1|PP755595.1|A/cattle/Texas/24-008749-003/2024(H5N1)	1844	488
PB1|PP755595.1|A/cattle/Texas/24-008749-003/2024(H5N1)	1845	493
PB1|PP755595.1|A/cattle/Texas/24-008749-003/2024(H5N1)	1846	493
PB1|PP755595.1|A/cattle/Texas/24-008749-003/2024(H5N1)	1847	493
PB1|PP755595.1|A/cattle/Texas/24-008749-003/2024(H5N1)	1848	498
PB1|PP755595.1|A/cattle/Texas/24-008749-003/2024(H5N1)	1849	497
PB1|PP755595.1|A/cattle/Texas/24-008749-003/2024(H5N1)	1850	495
PB1|PP755595.1|A/cattle/Texas/24-008749-003/2024(H5N1)	1851	486
PB1|PP755595.1|A/cattle/Texas/24-008749-003/2024(H5N1)	1852	485
PB1|PP755595.1|A/cattle/Texas/24-008749-003/2024(H5N1)	1853	490
PB1|PP755595.1|A/cattle/Texas/24-008749-003/2024(H5N1)	1854	498
PB1|PP755595.1|A/cattle/Texas/24-008749-003/2024(H5N1)	1855	499
PB1|PP755595.1|A/cattle/Texas/24-008749-003/2024(H5N1)	1856	501
PB1|PP755595.1|A/cattle/Texas/24-008749-003/2024(H5N1)	1857	518
PB1|PP755595.1|A/cattle/Texas/24-008749-003/2024(H5N1)	1858	515
PB1|PP755595.1|A/cattle/Texas/24-008749-003/2024(H5N1)	1859	519
PB1|PP755595.1|A/cattle/Texas/24-008749-003/2024(H5N1)	1860	519
PB1|PP755595.1|A/cattle/Texas/24-008749-003/2024(H5N1)	1861	517
PB1|PP755595.1|A/cattle/Texas/24-008749-003/2024(H5N1)	1862	517
PB1|PP755595.1|A/cattle/Texas/24-008749-003/2024(H5N1)	1863	523
PB1|PP755595.1|A/cattle/Texas/24-008749-003/2024(H5N1)	1864	524
PB1|PP755595.1|A/cattle/Texas/24-008749-003/2024(H5N1)	1865	522
PB1|PP755595.1|A/cattle/Texas/24-008749-003/2024(H5N1)	1866	514
PB1|PP755595.1|A/cattle/Texas/24-008749-003/2024(H5N1)	1867	514
PB1|PP755595.1|A/cattle/Texas/24-008749-003/2024(H5N1)	1868	514
PB1|PP755595.1|A/cattle/Texas/24-008749-003/2024(H5N1)	1869	521
PB1|PP755595.1|A/cattle/Texas/24-008749-003/2024(H5N1)	1870	520
PB1|PP755595.1|A/cattle/Texas/24-008749-003/2024(H5N1)	1871	517
PB1|PP755595.1|A/cattle/Texas/24-008749-003/2024(H5N1)	1872	520
PB1|PP755595.1|A/cattle/Texas/24-008749-003/2024(H5N1)	1873	522
PB1|PP755595.1|A/cattle/Texas/24-008749-003/2024(H5N1)	1874	525
PB1|PP755595.1|A/cattle/Texas/24-008749-003/2024(H5N1)	1875	523
PB1|PP755595.1|A/cattle/Texas/24-008749-003/2024(H5N1)	1876	525
PB1|PP755595.1|A/cattle/Texas/24-008749-003/2024(H5N1)	1877	523
PB1|PP755595.1|A/cattle/Texas/24-008749-003/2024(H5N1)	1878	515
PB1|PP755595.1|A/cattle/Texas/24-008749-003/2024(H5N1)	1879	520
PB1|PP755595.1|A/cattle/Texas/24-008749-003/2024(H5N1)	1880	521
PB1|PP755595.1|A/cattle/Texas/24-008749-003/2024(H5N1)	1881	517
PB1|PP755595.1|A/cattle/Texas/24-008749-003/2024(H5N1)	1882	515
PB1|PP755595.1|A/cattle/Texas/24-008749-003/2024(H5N1)	1883	511
PB1|PP755595.1|A/cattle/Texas/24-008749-003/2024(H5N1)	1884	511
PB1|PP755595.1|A/cattle/Texas/24-008749-003/2024(H5N1)	1885	511
PB1|PP755595.1|A/cattle/Texas/24-008749-003/2024(H5N1)	1886	511
PB1|PP755595.1|A/cattle/Texas/24-008749-003/2024(H5N1)	1887	512
PB1|PP755595.1|A/cattle/Texas/24-008749-003/2024(H5N1)	1888	504
PB1|PP755595.1|A/cattle/Texas/24-008749-003/2024(H5N1)	1889	498
PB1|PP755595.1|A/cattle/Texas/24-008749-003/2024(H5N1)	1890	498
PB1|PP755595.1|A/cattle/Texas/24-008749-003/2024(H5N1)	1891	492
PB1|PP755595.1|A/cattle/Texas/24-008749-003/2024(H5N1)	1892	492
PB1|PP755595.1|A/cattle/Texas/24-008749-003/2024(H5N1)	1893	490
PB1|PP755595.1|A/cattle/Texas/24-008749-003/2024(H5N1)	1894	490
PB1|PP755595.1|A/cattle/Texas/24-008749-003/2024(H5N1)	1895	490
PB1|PP755595.1|A/cattle/Texas/24-008749-003/2024(H5N1)	1896	488
PB1|PP755595.1|A/cattle/Texas/24-008749-003/2024(H5N1)	1897	485
PB1|PP755595.1|A/cattle/Texas/24-008749-003/2024(H5N1)	1898	486
PB1|PP755595.1|A/cattle/Texas/24-008749-003/2024(H5N1)	1899	489
PB1|PP755595.1|A/cattle/Texas/24-008749-003/2024(H5N1)	1900	490
PB1|PP755595.1|A/cattle/Texas/24-008749-003/2024(H5N1)	1901	499
PB1|PP755595.1|A/cattle/Texas/24-008749-003/2024(H5N1)	1902	501
PB1|PP755595.1|A/cattle/Texas/24-008749-003/2024(H5N1)	1903	501
PB1|PP755595.1|A/cattle/Texas/24-008749-003/2024(H5N1)	1904	503
PB1|PP755595.1|A/cattle/Texas/24-008749-003/2024(H5N1)	1905	503
PB1|PP755595.1|A/cattle/Texas/24-008749-003/2024(H5N1)	1906	516
PB1|PP755595.1|A/cattle/Texas/24-008749-003/2024(H5N1)	1907	518
PB1|PP755595.1|A/cattle/Texas/24-008749-003/2024(H5N1)	1908	517
PB1|PP755595.1|A/cattle/Texas/24-008749-003/2024(H5N1)	1909	520
PB1|PP755595.1|A/cattle/Texas/24-008749-003/2024(H5N1)	1910	508
PB1|PP755595.1|A/cattle/Texas/24-008749-003/2024(H5N1)	1911	503
PB1|PP755595.1|A/cattle/Texas/24-008749-003/2024(H5N1)	1912	502
PB1|PP755595.1|A/cattle/Texas/24-008749-003/2024(H5N1)	1913	499
PB1|PP755595.1|A/cattle/Texas/24-008749-003/2024(H5N1)	1914	505
PB1|PP755595.1|A/cattle/Texas/24-008749-003/2024(H5N1)	1915	496
PB1|PP755595.1|A/cattle/Texas/24-008749-003/2024(H5N1)	1916	494
PB1|PP755595.1|A/cattle/Texas/24-008749-003/2024(H5N1)	1917	493
PB1|PP755595.1|A/cattle/Texas/24-008749-003/2024(H5N1)	1918	496
PB1|PP755595.1|A/cattle/Texas/24-008749-003/2024(H5N1)	1919	496
PB1|PP755595.1|A/cattle/Texas/24-008749-003/2024(H5N1)	1920	508
PB1|PP755595.1|A/cattle/Texas/24-008749-003/2024(H5N1)	1921	513
PB1|PP755595.1|A/cattle/Texas/24-008749-003/2024(H5N1)	1922	515
PB1|PP755595.1|A/cattle/Texas/24-008749-003/2024(H5N1)	1923	512
PB1|PP755595.1|A/cattle/Texas/24-008749-003/2024(H5N1)	1924	509
PB1|PP755595.1|A/cattle/Texas/24-008749-003/2024(H5N1)	1925	518
PB1|PP755595.1|A/cattle/Texas/24-008749-003/2024(H5N1)	1926	518
PB1|PP755595.1|A/cattle/Texas/24-008749-003/2024(H5N1)	1927	519
PB1|PP755595.1|A/cattle/Texas/24-008749-003/2024(H5N1)	1928	514
PB1|PP755595.1|A/cattle/Texas/24-008749-003/2024(H5N1)	1929	511
PB1|PP755595.1|A/cattle/Texas/24-008749-003/2024(H5N1)	1930	513
PB1|PP755595.1|A/cattle/Texas/24-008749-003/2024(H5N1)	1931	511
PB1|PP755595.1|A/cattle/Texas/24-008749-003/2024(H5N1)	1932	512
PB1|PP755595.1|A/cattle/Texas/24-008749-003/2024(H5N1)	1933	511
PB1|PP755595.1|A/cattle/Texas/24-008749-003/2024(H5N1)	1934	489
PB1|PP755595.1|A/cattle/Texas/24-008749-003/2024(H5N1)	1935	491
PB1|PP755595.1|A/cattle/Texas/24-008749-003/2024(H5N1)	1936	487
PB1|PP755595.1|A/cattle/Texas/24-008749-003/2024(H5N1)	1937	486
PB1|PP755595.1|A/cattle/Texas/24-008749-003/2024(H5N1)	1938	486
PB1|PP755595.1|A/cattle/Texas/24-008749-003/2024(H5N1)	1939	483
PB1|PP755595.1|A/cattle/Texas/24-008749-003/2024(H5N1)	1940	482
PB1|PP755595.1|A/cattle/Texas/24-008749-003/2024(H5N1)	1941	480
PB1|PP755595.1|A/cattle/Texas/24-008749-003/2024(H5N1)	1942	486
PB1|PP755595.1|A/cattle/Texas/24-008749-003/2024(H5N1)	1943	488
PB1|PP755595.1|A/cattle/Texas/24-008749-003/2024(H5N1)	1944	487
PB1|PP755595.1|A/cattle/Texas/24-008749-003/2024(H5N1)	1945	487
PB1|PP755595.1|A/cattle/Texas/24-008749-003/2024(H5N1)	1946	485
PB1|PP755595.1|A/cattle/Texas/24-008749-003/2024(H5N1)	1947	486
PB1|PP755595.1|A/cattle/Texas/24-008749-003/2024(H5N1)	1948	485
PB1|PP755595.1|A/cattle/Texas/24-008749-003/2024(H5N1)	1949	489
PB1|PP755595.1|A/cattle/Texas/24-008749-003/2024(H5N1)	1950	489
PB1|PP755595.1|A/cattle/Texas/24-008749-003/2024(H5N1)	1951	479
PB1|PP755595.1|A/cattle/Texas/24-008749-003/2024(H5N1)	1952	477
PB1|PP755595.1|A/cattle/Texas/24-008749-003/2024(H5N1)	1953	483
PB1|PP755595.1|A/cattle/Texas/24-008749-003/2024(H5N1)	1954	490
PB1|PP755595.1|A/cattle/Texas/24-008749-003/2024(H5N1)	1955	489
PB1|PP755595.1|A/cattle/Texas/24-008749-003/2024(H5N1)	1956	489
PB1|PP755595.1|A/cattle/Texas/24-008749-003/2024(H5N1)	1957	490
PB1|PP755595.1|A/cattle/Texas/24-008749-003/2024(H5N1)	1958	485
PB1|PP755595.1|A/cattle/Texas/24-008749-003/2024(H5N1)	1959	492
PB1|PP755595.1|A/cattle/Texas/24-008749-003/2024(H5N1)	1960	498
PB1|PP755595.1|A/cattle/Texas/24-008749-003/2024(H5N1)	1961	510
PB1|PP755595.1|A/cattle/Texas/24-008749-003/2024(H5N1)	1962	509
PB1|PP755595.1|A/cattle/Texas/24-008749-003/2024(H5N1)	1963	505
PB1|PP755595.1|A/cattle/Texas/24-008749-003/2024(H5N1)	1964	504
PB1|PP755595.1|A/cattle/Texas/24-008749-003/2024(H5N1)	1965	504
PB1|PP755595.1|A/cattle/Texas/24-008749-003/2024(H5N1)	1966	511
PB1|PP755595.1|A/cattle/Texas/24-008749-003/2024(H5N1)	1967	505
PB1|PP755595.1|A/cattle/Texas/24-008749-003/2024(H5N1)	1968	501
PB1|PP755595.1|A/cattle/Texas/24-008749-003/2024(H5N1)	1969	500
PB1|PP755595.1|A/cattle/Texas/24-008749-003/2024(H5N1)	1970	492
PB1|PP755595.1|A/cattle/Texas/24-008749-003/2024(H5N1)	1971	491
PB1|PP755595.1|A/cattle/Texas/24-008749-003/2024(H5N1)	1972	488
PB1|PP755595.1|A/cattle/Texas/24-008749-003/2024(H5N1)	1973	491
PB1|PP755595.1|A/cattle/Texas/24-008749-003/2024(H5N1)	1974	490
PB1|PP755595.1|A/cattle/Texas/24-008749-003/2024(H5N1)	1975	484
PB1|PP755595.1|A/cattle/Texas/24-008749-003/2024(H5N1)	1976	484
PB1|PP755595.1|A/cattle/Texas/24-008749-003/2024(H5N1)	1977	478
PB1|PP755595.1|A/cattle/Texas/24-008749-003/2024(H5N1)	1978	481
PB1|PP755595.1|A/cattle/Texas/24-008749-003/2024(H5N1)	1979	479
PB1|PP755595.1|A/cattle/Texas/24-008749-003/2024(H5N1)	1980	488
PB1|PP755595.1|A/cattle/Texas/24-008749-003/2024(H5N1)	1981	487
PB1|PP755595.1|A/cattle/Texas/24-008749-003/2024(H5N1)	1982	488
PB1|PP755595.1|A/cattle/Texas/24-008749-003/2024(H5N1)	1983	488
PB1|PP755595.1|A/cattle/Texas/24-008749-003/2024(H5N1)	1984	492
PB1|PP755595.1|A/cattle/Texas/24-008749-003/2024(H5N1)	1985	492
PB1|PP755595.1|A/cattle/Texas/24-008749-003/2024(H5N1)	1986	489
PB1|PP755595.1|A/cattle/Texas/24-008749-003/2024(H5N1)	1987	485
PB1|PP755595.1|A/cattle/Texas/24-008749-003/2024(H5N1)	1988	487
PB1|PP755595.1|A/cattle/Texas/24-008749-003/2024(H5N1)	1989	485
PB1|PP755595.1|A/cattle/Texas/24-008749-003/2024(H5N1)	1990	487
PB1|PP755595.1|A/cattle/Texas/24-008749-003/2024(H5N1)	1991	485
PB1|PP755595.1|A/cattle/Texas/24-008749-003/2024(H5N1)	1992	488
PB1|PP755595.1|A/cattle/Texas/24-008749-003/2024(H5N1)	1993	491
PB1|PP755595.1|A/cattle/Texas/24-008749-003/2024(H5N1)	1994	493
PB1|PP755595.1|A/cattle/Texas/24-008749-003/2024(H5N1)	1995	492
PB1|PP755595.1|A/cattle/Texas/24-008749-003/2024(H5N1)	1996	494
PB1|PP755595.1|A/cattle/Texas/24-008749-003/2024(H5N1)	1997	492
PB1|PP755595.1|A/cattle/Texas/24-008749-003/2024(H5N1)	1998	492
PB1|PP755595.1|A/cattle/Texas/24-008749-003/2024(H5N1)	1999	500
PB1|PP755595.1|A/cattle/Texas/24-008749-003/2024(H5N1)	2000	500
PB1|PP755595.1|A/cattle/Texas/24-008749-003/2024(H5N1)	2001	499
PB1|PP755595.1|A/cattle/Texas/24-008749-003/2024(H5N1)	2002	502
PB1|PP755595.1|A/cattle/Texas/24-008749-003/2024(H5N1)	2003	502
PB1|PP755595.1|A/cattle/Texas/24-008749-003/2024(H5N1)	2004	508
PB1|PP755595.1|A/cattle/Texas/24-008749-003/2024(H5N1)	2005	512
PB1|PP755595.1|A/cattle/Texas/24-008749-003/2024(H5N1)	2006	512
PB1|PP755595.1|A/cattle/Texas/24-008749-003/2024(H5N1)	2007	511
PB1|PP755595.1|A/cattle/Texas/24-008749-003/2024(H5N1)	2008	510
PB1|PP755595.1|A/cattle/Texas/24-008749-003/2024(H5N1)	2009	510
PB1|PP755595.1|A/cattle/Texas/24-008749-003/2024(H5N1)	2010	509
PB1|PP755595.1|A/cattle/Texas/24-008749-003/2024(H5N1)	2011	507
PB1|PP755595.1|A/cattle/Texas/24-008749-003/2024(H5N1)	2012	507
PB1|PP755595.1|A/cattle/Texas/24-008749-003/2024(H5N1)	2013	505
PB1|PP755595.1|A/cattle/Texas/24-008749-003/2024(H5N1)	2014	514
PB1|PP755595.1|A/cattle/Texas/24-008749-003/2024(H5N1)	2015	522
PB1|PP755595.1|A/cattle/Texas/24-008749-003/2024(H5N1)	2016	524
PB1|PP755595.1|A/cattle/Texas/24-008749-003/2024(H5N1)	2017	523
PB1|PP755595.1|A/cattle/Texas/24-008749-003/2024(H5N1)	2018	524
PB1|PP755595.1|A/cattle/Texas/24-008749-003/2024(H5N1)	2019	520
PB1|PP755595.1|A/cattle/Texas/24-008749-003/2024(H5N1)	2020	527
PB1|PP755595.1|A/cattle/Texas/24-008749-003/2024(H5N1)	2021	527
PB1|PP755595.1|A/cattle/Texas/24-008749-003/2024(H5N1)	2022	538
PB1|PP755595.1|A/cattle/Texas/24-008749-003/2024(H5N1)	2023	535
PB1|PP755595.1|A/cattle/Texas/24-008749-003/2024(H5N1)	2024	534
PB1|PP755595.1|A/cattle/Texas/24-008749-003/2024(H5N1)	2025	534
PB1|PP755595.1|A/cattle/Texas/24-008749-003/2024(H5N1)	2026	536
PB1|PP755595.1|A/cattle/Texas/24-008749-003/2024(H5N1)	2027	547
PB1|PP755595.1|A/cattle/Texas/24-008749-003/2024(H5N1)	2028	547
PB1|PP755595.1|A/cattle/Texas/24-008749-003/2024(H5N1)	2029	530
PB1|PP755595.1|A/cattle/Texas/24-008749-003/2024(H5N1)	2030	530
PB1|PP755595.1|A/cattle/Texas/24-008749-003/2024(H5N1)	2031	518
PB1|PP755595.1|A/cattle/Texas/24-008749-003/2024(H5N1)	2032	526
PB1|PP755595.1|A/cattle/Texas/24-008749-003/2024(H5N1)	2033	528
PB1|PP755595.1|A/cattle/Texas/24-008749-003/2024(H5N1)	2034	533
PB1|PP755595.1|A/cattle/Texas/24-008749-003/2024(H5N1)	2035	536
PB1|PP755595.1|A/cattle/Texas/24-008749-003/2024(H5N1)	2036	529
PB1|PP755595.1|A/cattle/Texas/24-008749-003/2024(H5N1)	2037	529
PB1|PP755595.1|A/cattle/Texas/24-008749-003/2024(H5N1)	2038	529
PB1|PP755595.1|A/cattle/Texas/24-008749-003/2024(H5N1)	2039	541
PB1|PP755595.1|A/cattle/Texas/24-008749-003/2024(H5N1)	2040	533
PB1|PP755595.1|A/cattle/Texas/24-008749-003/2024(H5N1)	2041	550
PB1|PP755595.1|A/cattle/Texas/24-008749-003/2024(H5N1)	2042	548
PB1|PP755595.1|A/cattle/Texas/24-008749-003/2024(H5N1)	2043	547
PB1|PP755595.1|A/cattle/Texas/24-008749-003/2024(H5N1)	2044	547
PB1|PP755595.1|A/cattle/Texas/24-008749-003/2024(H5N1)	2045	547
PB1|PP755595.1|A/cattle/Texas/24-008749-003/2024(H5N1)	2046	551
PB1|PP755595.1|A/cattle/Texas/24-008749-003/2024(H5N1)	2047	548
PB1|PP755595.1|A/cattle/Texas/24-008749-003/2024(H5N1)	2048	540
PB1|PP755595.1|A/cattle/Texas/24-008749-003/2024(H5N1)	2049	540
PB1|PP755595.1|A/cattle/Texas/24-008749-003/2024(H5N1)	2050	538
PB1|PP755595.1|A/cattle/Texas/24-008749-003/2024(H5N1)	2051	535
PB1|PP755595.1|A/cattle/Texas/24-008749-003/2024(H5N1)	2052	532
PB1|PP755595.1|A/cattle/Texas/24-008749-003/2024(H5N1)	2053	531
PB1|PP755595.1|A/cattle/Texas/24-008749-003/2024(H5N1)	2054	532
PB1|PP755595.1|A/cattle/Texas/24-008749-003/2024(H5N1)	2055	535
PB1|PP755595.1|A/cattle/Texas/24-008749-003/2024(H5N1)	2056	543
PB1|PP755595.1|A/cattle/Texas/24-008749-003/2024(H5N1)	2057	545
PB1|PP755595.1|A/cattle/Texas/24-008749-003/2024(H5N1)	2058	545
PB1|PP755595.1|A/cattle/Texas/24-008749-003/2024(H5N1)	2059	545
PB1|PP755595.1|A/cattle/Texas/24-008749-003/2024(H5N1)	2060	537
PB1|PP755595.1|A/cattle/Texas/24-008749-003/2024(H5N1)	2061	539
PB1|PP755595.1|A/cattle/Texas/24-008749-003/2024(H5N1)	2062	542
PB1|PP755595.1|A/cattle/Texas/24-008749-003/2024(H5N1)	2063	542
PB1|PP755595.1|A/cattle/Texas/24-008749-003/2024(H5N1)	2064	548
PB1|PP755595.1|A/cattle/Texas/24-008749-003/2024(H5N1)	2065	549
PB1|PP755595.1|A/cattle/Texas/24-008749-003/2024(H5N1)	2066	573
PB1|PP755595.1|A/cattle/Texas/24-008749-003/2024(H5N1)	2067	577
PB1|PP755595.1|A/cattle/Texas/24-008749-003/2024(H5N1)	2068	581
PB1|PP755595.1|A/cattle/Texas/24-008749-003/2024(H5N1)	2069	581
PB1|PP755595.1|A/cattle/Texas/24-008749-003/2024(H5N1)	2070	569
PB1|PP755595.1|A/cattle/Texas/24-008749-003/2024(H5N1)	2071	572
PB1|PP755595.1|A/cattle/Texas/24-008749-003/2024(H5N1)	2072	569
PB1|PP755595.1|A/cattle/Texas/24-008749-003/2024(H5N1)	2073	573
PB1|PP755595.1|A/cattle/Texas/24-008749-003/2024(H5N1)	2074	561
PB1|PP755595.1|A/cattle/Texas/24-008749-003/2024(H5N1)	2075	559
PB1|PP755595.1|A/cattle/Texas/24-008749-003/2024(H5N1)	2076	557
PB1|PP755595.1|A/cattle/Texas/24-008749-003/2024(H5N1)	2077	555
PB1|PP755595.1|A/cattle/Texas/24-008749-003/2024(H5N1)	2078	555
PB1|PP755595.1|A/cattle/Texas/24-008749-003/2024(H5N1)	2079	551
PB1|PP755595.1|A/cattle/Texas/24-008749-003/2024(H5N1)	2080	551
PB1|PP755595.1|A/cattle/Texas/24-008749-003/2024(H5N1)	2081	551
PB1|PP755595.1|A/cattle/Texas/24-008749-003/2024(H5N1)	2082	548
PB1|PP755595.1|A/cattle/Texas/24-008749-003/2024(H5N1)	2083	550
PB1|PP755595.1|A/cattle/Texas/24-008749-003/2024(H5N1)	2084	547
PB1|PP755595.1|A/cattle/Texas/24-008749-003/2024(H5N1)	2085	546
PB1|PP755595.1|A/cattle/Texas/24-008749-003/2024(H5N1)	2086	549
PB1|PP755595.1|A/cattle/Texas/24-008749-003/2024(H5N1)	2087	551
PB1|PP755595.1|A/cattle/Texas/24-008749-003/2024(H5N1)	2088	552
PB1|PP755595.1|A/cattle/Texas/24-008749-003/2024(H5N1)	2089	555
PB1|PP755595.1|A/cattle/Texas/24-008749-003/2024(H5N1)	2090	555
PB1|PP755595.1|A/cattle/Texas/24-008749-003/2024(H5N1)	2091	553
PB1|PP755595.1|A/cattle/Texas/24-008749-003/2024(H5N1)	2092	552
PB1|PP755595.1|A/cattle/Texas/24-008749-003/2024(H5N1)	2093	550
PB1|PP755595.1|A/cattle/Texas/24-008749-003/2024(H5N1)	2094	550
PB1|PP755595.1|A/cattle/Texas/24-008749-003/2024(H5N1)	2095	552
PB1|PP755595.1|A/cattle/Texas/24-008749-003/2024(H5N1)	2096	550
PB1|PP755595.1|A/cattle/Texas/24-008749-003/2024(H5N1)	2097	549
PB1|PP755595.1|A/cattle/Texas/24-008749-003/2024(H5N1)	2098	549
PB1|PP755595.1|A/cattle/Texas/24-008749-003/2024(H5N1)	2099	549
PB1|PP755595.1|A/cattle/Texas/24-008749-003/2024(H5N1)	2100	551
PB1|PP755595.1|A/cattle/Texas/24-008749-003/2024(H5N1)	2101	551
PB1|PP755595.1|A/cattle/Texas/24-008749-003/2024(H5N1)	2102	550
PB1|PP755595.1|A/cattle/Texas/24-008749-003/2024(H5N1)	2103	554
PB1|PP755595.1|A/cattle/Texas/24-008749-003/2024(H5N1)	2104	554
PB1|PP755595.1|A/cattle/Texas/24-008749-003/2024(H5N1)	2105	553
PB1|PP755595.1|A/cattle/Texas/24-008749-003/2024(H5N1)	2106	550
PB1|PP755595.1|A/cattle/Texas/24-008749-003/2024(H5N1)	2107	550
PB1|PP755595.1|A/cattle/Texas/24-008749-003/2024(H5N1)	2108	547
PB1|PP755595.1|A/cattle/Texas/24-008749-003/2024(H5N1)	2109	547
PB1|PP755595.1|A/cattle/Texas/24-008749-003/2024(H5N1)	2110	567
PB1|PP755595.1|A/cattle/Texas/24-008749-003/2024(H5N1)	2111	567
PB1|PP755595.1|A/cattle/Texas/24-008749-003/2024(H5N1)	2112	567
PB1|PP755595.1|A/cattle/Texas/24-008749-003/2024(H5N1)	2113	565
PB1|PP755595.1|A/cattle/Texas/24-008749-003/2024(H5N1)	2114	562
PB1|PP755595.1|A/cattle/Texas/24-008749-003/2024(H5N1)	2115	562
PB1|PP755595.1|A/cattle/Texas/24-008749-003/2024(H5N1)	2116	558
PB1|PP755595.1|A/cattle/Texas/24-008749-003/2024(H5N1)	2117	552
PB1|PP755595.1|A/cattle/Texas/24-008749-003/2024(H5N1)	2118	550
PB1|PP755595.1|A/cattle/Texas/24-008749-003/2024(H5N1)	2119	529
PB1|PP755595.1|A/cattle/Texas/24-008749-003/2024(H5N1)	2120	528
PB1|PP755595.1|A/cattle/Texas/24-008749-003/2024(H5N1)	2121	528
PB1|PP755595.1|A/cattle/Texas/24-008749-003/2024(H5N1)	2122	527
PB1|PP755595.1|A/cattle/Texas/24-008749-003/2024(H5N1)	2123	525
PB1|PP755595.1|A/cattle/Texas/24-008749-003/2024(H5N1)	2124	521
PB1|PP755595.1|A/cattle/Texas/24-008749-003/2024(H5N1)	2125	520
PB1|PP755595.1|A/cattle/Texas/24-008749-003/2024(H5N1)	2126	518
PB1|PP755595.1|A/cattle/Texas/24-008749-003/2024(H5N1)	2127	518
PB1|PP755595.1|A/cattle/Texas/24-008749-003/2024(H5N1)	2128	518
PB1|PP755595.1|A/cattle/Texas/24-008749-003/2024(H5N1)	2129	518
PB1|PP755595.1|A/cattle/Texas/24-008749-003/2024(H5N1)	2130	512
PB1|PP755595.1|A/cattle/Texas/24-008749-003/2024(H5N1)	2131	510
PB1|PP755595.1|A/cattle/Texas/24-008749-003/2024(H5N1)	2132	509
PB1|PP755595.1|A/cattle/Texas/24-008749-003/2024(H5N1)	2133	511
PB1|PP755595.1|A/cattle/Texas/24-008749-003/2024(H5N1)	2134	510
PB1|PP755595.1|A/cattle/Texas/24-008749-003/2024(H5N1)	2135	510
PB1|PP755595.1|A/cattle/Texas/24-008749-003/2024(H5N1)	2136	512
PB1|PP755595.1|A/cattle/Texas/24-008749-003/2024(H5N1)	2137	512
PB1|PP755595.1|A/cattle/Texas/24-008749-003/2024(H5N1)	2138	516
PB1|PP755595.1|A/cattle/Texas/24-008749-003/2024(H5N1)	2139	516
PB1|PP755595.1|A/cattle/Texas/24-008749-003/2024(H5N1)	2140	516
PB1|PP755595.1|A/cattle/Texas/24-008749-003/2024(H5N1)	2141	516
PB1|PP755595.1|A/cattle/Texas/24-008749-003/2024(H5N1)	2142	518
PB1|PP755595.1|A/cattle/Texas/24-008749-003/2024(H5N1)	2143	524
PB1|PP755595.1|A/cattle/Texas/24-008749-003/2024(H5N1)	2144	524
PB1|PP755595.1|A/cattle/Texas/24-008749-003/2024(H5N1)	2145	524
PB1|PP755595.1|A/cattle/Texas/24-008749-003/2024(H5N1)	2146	524
PB1|PP755595.1|A/cattle/Texas/24-008749-003/2024(H5N1)	2147	522
PB1|PP755595.1|A/cattle/Texas/24-008749-003/2024(H5N1)	2148	526
PB1|PP755595.1|A/cattle/Texas/24-008749-003/2024(H5N1)	2149	525
PB1|PP755595.1|A/cattle/Texas/24-008749-003/2024(H5N1)	2150	524
PB1|PP755595.1|A/cattle/Texas/24-008749-003/2024(H5N1)	2151	519
PB1|PP755595.1|A/cattle/Texas/24-008749-003/2024(H5N1)	2152	495
PB1|PP755595.1|A/cattle/Texas/24-008749-003/2024(H5N1)	2153	493
PB1|PP755595.1|A/cattle/Texas/24-008749-003/2024(H5N1)	2154	501
PB1|PP755595.1|A/cattle/Texas/24-008749-003/2024(H5N1)	2155	500
PB1|PP755595.1|A/cattle/Texas/24-008749-003/2024(H5N1)	2156	499
PB1|PP755595.1|A/cattle/Texas/24-008749-003/2024(H5N1)	2157	476
PB1|PP755595.1|A/cattle/Texas/24-008749-003/2024(H5N1)	2158	476
PB1|PP755595.1|A/cattle/Texas/24-008749-003/2024(H5N1)	2159	476
PB1|PP755595.1|A/cattle/Texas/24-008749-003/2024(H5N1)	2160	471
PB1|PP755595.1|A/cattle/Texas/24-008749-003/2024(H5N1)	2161	470
PB1|PP755595.1|A/cattle/Texas/24-008749-003/2024(H5N1)	2162	470
PB1|PP755595.1|A/cattle/Texas/24-008749-003/2024(H5N1)	2163	453
PB1|PP755595.1|A/cattle/Texas/24-008749-003/2024(H5N1)	2164	452
PB1|PP755595.1|A/cattle/Texas/24-008749-003/2024(H5N1)	2165	448
PB1|PP755595.1|A/cattle/Texas/24-008749-003/2024(H5N1)	2166	448
PB1|PP755595.1|A/cattle/Texas/24-008749-003/2024(H5N1)	2167	446
PB1|PP755595.1|A/cattle/Texas/24-008749-003/2024(H5N1)	2168	450
PB1|PP755595.1|A/cattle/Texas/24-008749-003/2024(H5N1)	2169	449
PB1|PP755595.1|A/cattle/Texas/24-008749-003/2024(H5N1)	2170	449
PB1|PP755595.1|A/cattle/Texas/24-008749-003/2024(H5N1)	2171	445
PB1|PP755595.1|A/cattle/Texas/24-008749-003/2024(H5N1)	2172	434
PB1|PP755595.1|A/cattle/Texas/24-008749-003/2024(H5N1)	2173	432
PB1|PP755595.1|A/cattle/Texas/24-008749-003/2024(H5N1)	2174	431
PB1|PP755595.1|A/cattle/Texas/24-008749-003/2024(H5N1)	2175	431
PB1|PP755595.1|A/cattle/Texas/24-008749-003/2024(H5N1)	2176	428
PB1|PP755595.1|A/cattle/Texas/24-008749-003/2024(H5N1)	2177	423
PB1|PP755595.1|A/cattle/Texas/24-008749-003/2024(H5N1)	2178	423
PB1|PP755595.1|A/cattle/Texas/24-008749-003/2024(H5N1)	2179	423
PB1|PP755595.1|A/cattle/Texas/24-008749-003/2024(H5N1)	2180	423
PB1|PP755595.1|A/cattle/Texas/24-008749-003/2024(H5N1)	2181	421
PB1|PP755595.1|A/cattle/Texas/24-008749-003/2024(H5N1)	2182	421
PB1|PP755595.1|A/cattle/Texas/24-008749-003/2024(H5N1)	2183	419
PB1|PP755595.1|A/cattle/Texas/24-008749-003/2024(H5N1)	2184	419
PB1|PP755595.1|A/cattle/Texas/24-008749-003/2024(H5N1)	2185	421
PB1|PP755595.1|A/cattle/Texas/24-008749-003/2024(H5N1)	2186	420
PB1|PP755595.1|A/cattle/Texas/24-008749-003/2024(H5N1)	2187	420
PB1|PP755595.1|A/cattle/Texas/24-008749-003/2024(H5N1)	2188	420
PB1|PP755595.1|A/cattle/Texas/24-008749-003/2024(H5N1)	2189	420
PB1|PP755595.1|A/cattle/Texas/24-008749-003/2024(H5N1)	2190	420
PB1|PP755595.1|A/cattle/Texas/24-008749-003/2024(H5N1)	2191	420
PB1|PP755595.1|A/cattle/Texas/24-008749-003/2024(H5N1)	2192	422
PB1|PP755595.1|A/cattle/Texas/24-008749-003/2024(H5N1)	2193	419
PB1|PP755595.1|A/cattle/Texas/24-008749-003/2024(H5N1)	2194	419
PB1|PP755595.1|A/cattle/Texas/24-008749-003/2024(H5N1)	2195	418
PB1|PP755595.1|A/cattle/Texas/24-008749-003/2024(H5N1)	2196	412
PB1|PP755595.1|A/cattle/Texas/24-008749-003/2024(H5N1)	2197	410
PB1|PP755595.1|A/cattle/Texas/24-008749-003/2024(H5N1)	2198	412
PB1|PP755595.1|A/cattle/Texas/24-008749-003/2024(H5N1)	2199	412
PB1|PP755595.1|A/cattle/Texas/24-008749-003/2024(H5N1)	2200	407
PB1|PP755595.1|A/cattle/Texas/24-008749-003/2024(H5N1)	2201	405
PB1|PP755595.1|A/cattle/Texas/24-008749-003/2024(H5N1)	2202	405
PB1|PP755595.1|A/cattle/Texas/24-008749-003/2024(H5N1)	2203	405
PB1|PP755595.1|A/cattle/Texas/24-008749-003/2024(H5N1)	2204	401
PB1|PP755595.1|A/cattle/Texas/24-008749-003/2024(H5N1)	2205	398
PB1|PP755595.1|A/cattle/Texas/24-008749-003/2024(H5N1)	2206	398
PB1|PP755595.1|A/cattle/Texas/24-008749-003/2024(H5N1)	2207	398
PB1|PP755595.1|A/cattle/Texas/24-008749-003/2024(H5N1)	2208	398
PB1|PP755595.1|A/cattle/Texas/24-008749-003/2024(H5N1)	2209	397
PB1|PP755595.1|A/cattle/Texas/24-008749-003/2024(H5N1)	2210	382
PB1|PP755595.1|A/cattle/Texas/24-008749-003/2024(H5N1)	2211	369
PB1|PP755595.1|A/cattle/Texas/24-008749-003/2024(H5N1)	2212	360
PB1|PP755595.1|A/cattle/Texas/24-008749-003/2024(H5N1)	2213	358
PB1|PP755595.1|A/cattle/Texas/24-008749-003/2024(H5N1)	2214	357
PB1|PP755595.1|A/cattle/Texas/24-008749-003/2024(H5N1)	2215	357
PB1|PP755595.1|A/cattle/Texas/24-008749-003/2024(H5N1)	2216	358
PB1|PP755595.1|A/cattle/Texas/24-008749-003/2024(H5N1)	2217	354
PB1|PP755595.1|A/cattle/Texas/24-008749-003/2024(H5N1)	2218	350
PB1|PP755595.1|A/cattle/Texas/24-008749-003/2024(H5N1)	2219	347
PB1|PP755595.1|A/cattle/Texas/24-008749-003/2024(H5N1)	2220	344
PB1|PP755595.1|A/cattle/Texas/24-008749-003/2024(H5N1)	2221	341
PB1|PP755595.1|A/cattle/Texas/24-008749-003/2024(H5N1)	2222	341
PB1|PP755595.1|A/cattle/Texas/24-008749-003/2024(H5N1)	2223	336
PB1|PP755595.1|A/cattle/Texas/24-008749-003/2024(H5N1)	2224	334
PB1|PP755595.1|A/cattle/Texas/24-008749-003/2024(H5N1)	2225	332
PB1|PP755595.1|A/cattle/Texas/24-008749-003/2024(H5N1)	2226	332
PB1|PP755595.1|A/cattle/Texas/24-008749-003/2024(H5N1)	2227	327
PB1|PP755595.1|A/cattle/Texas/24-008749-003/2024(H5N1)	2228	326
PB1|PP755595.1|A/cattle/Texas/24-008749-003/2024(H5N1)	2229	325
PB1|PP755595.1|A/cattle/Texas/24-008749-003/2024(H5N1)	2230	323
PB1|PP755595.1|A/cattle/Texas/24-008749-003/2024(H5N1)	2231	318
PB1|PP755595.1|A/cattle/Texas/24-008749-003/2024(H5N1)	2232	318
PB1|PP755595.1|A/cattle/Texas/24-008749-003/2024(H5N1)	2233	317
PB1|PP755595.1|A/cattle/Texas/24-008749-003/2024(H5N1)	2234	317
PB1|PP755595.1|A/cattle/Texas/24-008749-003/2024(H5N1)	2235	313
PB1|PP755595.1|A/cattle/Texas/24-008749-003/2024(H5N1)	2236	312
PB1|PP755595.1|A/cattle/Texas/24-008749-003/2024(H5N1)	2237	312
PB1|PP755595.1|A/cattle/Texas/24-008749-003/2024(H5N1)	2238	307
PB1|PP755595.1|A/cattle/Texas/24-008749-003/2024(H5N1)	2239	300
PB1|PP755595.1|A/cattle/Texas/24-008749-003/2024(H5N1)	2240	300
PB1|PP755595.1|A/cattle/Texas/24-008749-003/2024(H5N1)	2241	300
PB1|PP755595.1|A/cattle/Texas/24-008749-003/2024(H5N1)	2242	300
PB1|PP755595.1|A/cattle/Texas/24-008749-003/2024(H5N1)	2243	295
PB1|PP755595.1|A/cattle/Texas/24-008749-003/2024(H5N1)	2244	287
PB1|PP755595.1|A/cattle/Texas/24-008749-003/2024(H5N1)	2245	287
PB1|PP755595.1|A/cattle/Texas/24-008749-003/2024(H5N1)	2246	291
PB1|PP755595.1|A/cattle/Texas/24-008749-003/2024(H5N1)	2247	289
PB1|PP755595.1|A/cattle/Texas/24-008749-003/2024(H5N1)	2248	287
PB1|PP755595.1|A/cattle/Texas/24-008749-003/2024(H5N1)	2249	273
PB1|PP755595.1|A/cattle/Texas/24-008749-003/2024(H5N1)	2250	268
PB1|PP755595.1|A/cattle/Texas/24-008749-003/2024(H5N1)	2251	268
PB1|PP755595.1|A/cattle/Texas/24-008749-003/2024(H5N1)	2252	264
PB1|PP755595.1|A/cattle/Texas/24-008749-003/2024(H5N1)	2253	262
PB1|PP755595.1|A/cattle/Texas/24-008749-003/2024(H5N1)	2254	262
PB1|PP755595.1|A/cattle/Texas/24-008749-003/2024(H5N1)	2255	242
PB1|PP755595.1|A/cattle/Texas/24-008749-003/2024(H5N1)	2256	242
PB1|PP755595.1|A/cattle/Texas/24-008749-003/2024(H5N1)	2257	242
PB1|PP755595.1|A/cattle/Texas/24-008749-003/2024(H5N1)	2258	238
PB1|PP755595.1|A/cattle/Texas/24-008749-003/2024(H5N1)	2259	237
PB1|PP755595.1|A/cattle/Texas/24-008749-003/2024(H5N1)	2260	229
PB1|PP755595.1|A/cattle/Texas/24-008749-003/2024(H5N1)	2261	227
PB1|PP755595.1|A/cattle/Texas/24-008749-003/2024(H5N1)	2262	227
PB1|PP755595.1|A/cattle/Texas/24-008749-003/2024(H5N1)	2263	224
PB1|PP755595.1|A/cattle/Texas/24-008749-003/2024(H5N1)	2264	221
PB1|PP755595.1|A/cattle/Texas/24-008749-003/2024(H5N1)	2265	203
PB1|PP755595.1|A/cattle/Texas/24-008749-003/2024(H5N1)	2266	200
PB1|PP755595.1|A/cattle/Texas/24-008749-003/2024(H5N1)	2267	200
PB1|PP755595.1|A/cattle/Texas/24-008749-003/2024(H5N1)	2268	200
PB1|PP755595.1|A/cattle/Texas/24-008749-003/2024(H5N1)	2269	199
PB1|PP755595.1|A/cattle/Texas/24-008749-003/2024(H5N1)	2270	199
PB1|PP755595.1|A/cattle/Texas/24-008749-003/2024(H5N1)	2271	198
PB1|PP755595.1|A/cattle/Texas/24-008749-003/2024(H5N1)	2272	196
PB1|PP755595.1|A/cattle/Texas/24-008749-003/2024(H5N1)	2273	187
PB1|PP755595.1|A/cattle/Texas/24-008749-003/2024(H5N1)	2274	187
