NA|PP755591.1|A/cattle/Texas/24-008749-003/2024(H5N1)	1	3661
NA|PP755591.1|A/cattle/Texas/24-008749-003/2024(H5N1)	2	3667
NA|PP755591.1|A/cattle/Texas/24-008749-003/2024(H5N1)	3	3671
NA|PP755591.1|A/cattle/Texas/24-008749-003/2024(H5N1)	4	3683
NA|PP755591.1|A/cattle/Texas/24-008749-003/2024(H5N1)	5	3811
NA|PP755591.1|A/cattle/Texas/24-008749-003/2024(H5N1)	6	3814
NA|PP755591.1|A/cattle/Texas/24-008749-003/2024(H5N1)	7	3876
NA|PP755591.1|A/cattle/Texas/24-008749-003/2024(H5N1)	8	3879
NA|PP755591.1|A/cattle/Texas/24-008749-003/2024(H5N1)	9	3885
NA|PP755591.1|A/cattle/Texas/24-008749-003/2024(H5N1)	10	3984
NA|PP755591.1|A/cattle/Texas/24-008749-003/2024(H5N1)	11	3998
NA|PP755591.1|A/cattle/Texas/24-008749-003/2024(H5N1)	12	4014
NA|PP755591.1|A/cattle/Texas/24-008749-003/2024(H5N1)	13	4031
NA|PP755591.1|A/cattle/Texas/24-008749-003/2024(H5N1)	14	4036
NA|PP755591.1|A/cattle/Texas/24-008749-003/2024(H5N1)	15	4214
NA|PP755591.1|A/cattle/Texas/24-008749-003/2024(H5N1)	16	4215
NA|PP755591.1|A/cattle/Texas/24-008749-003/2024(H5N1)	17	4262
NA|PP755591.1|A/cattle/Texas/24-008749-003/2024(H5N1)	18	4262
NA|PP755591.1|A/cattle/Texas/24-008749-003/2024(H5N1)	19	4262
NA|PP755591.1|A/cattle/Texas/24-008749-003/2024(H5N1)	20	4262
NA|PP755591.1|A/cattle/Texas/24-008749-003/2024(H5N1)	21	4262
NA|PP755591.1|A/cattle/Texas/24-008749-003/2024(H5N1)	22	4262
NA|PP755591.1|A/cattle/Texas/24-008749-003/2024(H5N1)	23	4262
NA|PP755591.1|A/cattle/Texas/24-008749-003/2024(H5N1)	24	4256
NA|PP755591.1|A/cattle/Texas/24-008749-003/2024(H5N1)	25	4256
NA|PP755591.1|A/cattle/Texas/24-008749-003/2024(H5N1)	26	4254
NA|PP755591.1|A/cattle/Texas/24-008749-003/2024(H5N1)	27	4194
NA|PP755591.1|A/cattle/Texas/24-008749-003/2024(H5N1)	28	4194
NA|PP755591.1|A/cattle/Texas/24-008749-003/2024(H5N1)	29	4194
NA|PP755591.1|A/cattle/Texas/24-008749-003/2024(H5N1)	30	4193
NA|PP755591.1|A/cattle/Texas/24-008749-003/2024(H5N1)	31	4193
NA|PP755591.1|A/cattle/Texas/24-008749-003/2024(H5N1)	32	4193
NA|PP755591.1|A/cattle/Texas/24-008749-003/2024(H5N1)	33	4193
NA|PP755591.1|A/cattle/Texas/24-008749-003/2024(H5N1)	34	4193
NA|PP755591.1|A/cattle/Texas/24-008749-003/2024(H5N1)	35	4193
NA|PP755591.1|A/cattle/Texas/24-008749-003/2024(H5N1)	36	4194
NA|PP755591.1|A/cattle/Texas/24-008749-003/2024(H5N1)	37	4194
NA|PP755591.1|A/cattle/Texas/24-008749-003/2024(H5N1)	38	4194
NA|PP755591.1|A/cattle/Texas/24-008749-003/2024(H5N1)	39	4194
NA|PP755591.1|A/cattle/Texas/24-008749-003/2024(H5N1)	40	4188
NA|PP755591.1|A/cattle/Texas/24-008749-003/2024(H5N1)	41	4176
NA|PP755591.1|A/cattle/Texas/24-008749-003/2024(H5N1)	42	4176
NA|PP755591.1|A/cattle/Texas/24-008749-003/2024(H5N1)	43	4172
NA|PP755591.1|A/cattle/Texas/24-008749-003/2024(H5N1)	44	4172
NA|PP755591.1|A/cattle/Texas/24-008749-003/2024(H5N1)	45	4162
NA|PP755591.1|A/cattle/Texas/24-008749-003/2024(H5N1)	46	4162
NA|PP755591.1|A/cattle/Texas/24-008749-003/2024(H5N1)	47	4142
NA|PP755591.1|A/cattle/Texas/24-008749-003/2024(H5N1)	48	4137
NA|PP755591.1|A/cattle/Texas/24-008749-003/2024(H5N1)	49	4137
NA|PP755591.1|A/cattle/Texas/24-008749-003/2024(H5N1)	50	4134
NA|PP755591.1|A/cattle/Texas/24-008749-003/2024(H5N1)	51	4134
NA|PP755591.1|A/cattle/Texas/24-008749-003/2024(H5N1)	52	4134
NA|PP755591.1|A/cattle/Texas/24-008749-003/2024(H5N1)	53	4134
NA|PP755591.1|A/cattle/Texas/24-008749-003/2024(H5N1)	54	3860
NA|PP755591.1|A/cattle/Texas/24-008749-003/2024(H5N1)	55	3853
NA|PP755591.1|A/cattle/Texas/24-008749-003/2024(H5N1)	56	3852
NA|PP755591.1|A/cattle/Texas/24-008749-003/2024(H5N1)	57	3844
NA|PP755591.1|A/cattle/Texas/24-008749-003/2024(H5N1)	58	3843
NA|PP755591.1|A/cattle/Texas/24-008749-003/2024(H5N1)	59	3843
NA|PP755591.1|A/cattle/Texas/24-008749-003/2024(H5N1)	60	3843
NA|PP755591.1|A/cattle/Texas/24-008749-003/2024(H5N1)	61	3838
NA|PP755591.1|A/cattle/Texas/24-008749-003/2024(H5N1)	62	3837
NA|PP755591.1|A/cattle/Texas/24-008749-003/2024(H5N1)	63	3837
NA|PP755591.1|A/cattle/Texas/24-008749-003/2024(H5N1)	64	3837
NA|PP755591.1|A/cattle/Texas/24-008749-003/2024(H5N1)	65	3909
NA|PP755591.1|A/cattle/Texas/24-008749-003/2024(H5N1)	66	3926
NA|PP755591.1|A/cattle/Texas/24-008749-003/2024(H5N1)	67	4084
NA|PP755591.1|A/cattle/Texas/24-008749-003/2024(H5N1)	68	4090
NA|PP755591.1|A/cattle/Texas/24-008749-003/2024(H5N1)	69	4126
NA|PP755591.1|A/cattle/Texas/24-008749-003/2024(H5N1)	70	4133
NA|PP755591.1|A/cattle/Texas/24-008749-003/2024(H5N1)	71	4139
NA|PP755591.1|A/cattle/Texas/24-008749-003/2024(H5N1)	72	4146
NA|PP755591.1|A/cattle/Texas/24-008749-003/2024(H5N1)	73	8029
NA|PP755591.1|A/cattle/Texas/24-008749-003/2024(H5N1)	74	8052
NA|PP755591.1|A/cattle/Texas/24-008749-003/2024(H5N1)	75	8073
NA|PP755591.1|A/cattle/Texas/24-008749-003/2024(H5N1)	76	8091
NA|PP755591.1|A/cattle/Texas/24-008749-003/2024(H5N1)	77	8111
NA|PP755591.1|A/cattle/Texas/24-008749-003/2024(H5N1)	78	8112
NA|PP755591.1|A/cattle/Texas/24-008749-003/2024(H5N1)	79	8207
NA|PP755591.1|A/cattle/Texas/24-008749-003/2024(H5N1)	80	8214
NA|PP755591.1|A/cattle/Texas/24-008749-003/2024(H5N1)	81	8214
NA|PP755591.1|A/cattle/Texas/24-008749-003/2024(H5N1)	82	8277
NA|PP755591.1|A/cattle/Texas/24-008749-003/2024(H5N1)	83	8293
NA|PP755591.1|A/cattle/Texas/24-008749-003/2024(H5N1)	84	8414
NA|PP755591.1|A/cattle/Texas/24-008749-003/2024(H5N1)	85	8417
NA|PP755591.1|A/cattle/Texas/24-008749-003/2024(H5N1)	86	8425
NA|PP755591.1|A/cattle/Texas/24-008749-003/2024(H5N1)	87	8436
NA|PP755591.1|A/cattle/Texas/24-008749-003/2024(H5N1)	88	8440
NA|PP755591.1|A/cattle/Texas/24-008749-003/2024(H5N1)	89	8443
NA|PP755591.1|A/cattle/Texas/24-008749-003/2024(H5N1)	90	8444
NA|PP755591.1|A/cattle/Texas/24-008749-003/2024(H5N1)	91	8451
NA|PP755591.1|A/cattle/Texas/24-008749-003/2024(H5N1)	92	8449
NA|PP755591.1|A/cattle/Texas/24-008749-003/2024(H5N1)	93	8427
NA|PP755591.1|A/cattle/Texas/24-008749-003/2024(H5N1)	94	8428
NA|PP755591.1|A/cattle/Texas/24-008749-003/2024(H5N1)	95	8428
NA|PP755591.1|A/cattle/Texas/24-008749-003/2024(H5N1)	96	8424
NA|PP755591.1|A/cattle/Texas/24-008749-003/2024(H5N1)	97	8424
NA|PP755591.1|A/cattle/Texas/24-008749-003/2024(H5N1)	98	8374
NA|PP755591.1|A/cattle/Texas/24-008749-003/2024(H5N1)	99	8374
NA|PP755591.1|A/cattle/Texas/24-008749-003/2024(H5N1)	100	8374
NA|PP755591.1|A/cattle/Texas/24-008749-003/2024(H5N1)	101	7721
NA|PP755591.1|A/cattle/Texas/24-008749-003/2024(H5N1)	102	7718
NA|PP755591.1|A/cattle/Texas/24-008749-003/2024(H5N1)	103	7603
NA|PP755591.1|A/cattle/Texas/24-008749-003/2024(H5N1)	104	7602
NA|PP755591.1|A/cattle/Texas/24-008749-003/2024(H5N1)	105	7566
NA|PP755591.1|A/cattle/Texas/24-008749-003/2024(H5N1)	106	7556
NA|PP755591.1|A/cattle/Texas/24-008749-003/2024(H5N1)	107	7089
NA|PP755591.1|A/cattle/Texas/24-008749-003/2024(H5N1)	108	7005
NA|PP755591.1|A/cattle/Texas/24-008749-003/2024(H5N1)	109	7003
NA|PP755591.1|A/cattle/Texas/24-008749-003/2024(H5N1)	110	7002
NA|PP755591.1|A/cattle/Texas/24-008749-003/2024(H5N1)	111	6950
NA|PP755591.1|A/cattle/Texas/24-008749-003/2024(H5N1)	112	6948
NA|PP755591.1|A/cattle/Texas/24-008749-003/2024(H5N1)	113	6905
NA|PP755591.1|A/cattle/Texas/24-008749-003/2024(H5N1)	114	6847
NA|PP755591.1|A/cattle/Texas/24-008749-003/2024(H5N1)	115	6841
NA|PP755591.1|A/cattle/Texas/24-008749-003/2024(H5N1)	116	6740
NA|PP755591.1|A/cattle/Texas/24-008749-003/2024(H5N1)	117	6740
NA|PP755591.1|A/cattle/Texas/24-008749-003/2024(H5N1)	118	6740
NA|PP755591.1|A/cattle/Texas/24-008749-003/2024(H5N1)	119	6736
NA|PP755591.1|A/cattle/Texas/24-008749-003/2024(H5N1)	120	1112
NA|PP755591.1|A/cattle/Texas/24-008749-003/2024(H5N1)	121	1023
NA|PP755591.1|A/cattle/Texas/24-008749-003/2024(H5N1)	122	1019
NA|PP755591.1|A/cattle/Texas/24-008749-003/2024(H5N1)	123	1019
NA|PP755591.1|A/cattle/Texas/24-008749-003/2024(H5N1)	124	1019
NA|PP755591.1|A/cattle/Texas/24-008749-003/2024(H5N1)	125	1019
NA|PP755591.1|A/cattle/Texas/24-008749-003/2024(H5N1)	126	993
NA|PP755591.1|A/cattle/Texas/24-008749-003/2024(H5N1)	127	993
NA|PP755591.1|A/cattle/Texas/24-008749-003/2024(H5N1)	128	993
NA|PP755591.1|A/cattle/Texas/24-008749-003/2024(H5N1)	129	993
NA|PP755591.1|A/cattle/Texas/24-008749-003/2024(H5N1)	130	993
NA|PP755591.1|A/cattle/Texas/24-008749-003/2024(H5N1)	131	993
NA|PP755591.1|A/cattle/Texas/24-008749-003/2024(H5N1)	132	993
NA|PP755591.1|A/cattle/Texas/24-008749-003/2024(H5N1)	133	993
NA|PP755591.1|A/cattle/Texas/24-008749-003/2024(H5N1)	134	993
NA|PP755591.1|A/cattle/Texas/24-008749-003/2024(H5N1)	135	993
NA|PP755591.1|A/cattle/Texas/24-008749-003/2024(H5N1)	136	993
NA|PP755591.1|A/cattle/Texas/24-008749-003/2024(H5N1)	137	993
NA|PP755591.1|A/cattle/Texas/24-008749-003/2024(H5N1)	138	993
NA|PP755591.1|A/cattle/Texas/24-008749-003/2024(H5N1)	139	993
NA|PP755591.1|A/cattle/Texas/24-008749-003/2024(H5N1)	140	993
NA|PP755591.1|A/cattle/Texas/24-008749-003/2024(H5N1)	141	993
NA|PP755591.1|A/cattle/Texas/24-008749-003/2024(H5N1)	142	993
NA|PP755591.1|A/cattle/Texas/24-008749-003/2024(H5N1)	143	994
NA|PP755591.1|A/cattle/Texas/24-008749-003/2024(H5N1)	144	994
NA|PP755591.1|A/cattle/Texas/24-008749-003/2024(H5N1)	145	994
NA|PP755591.1|A/cattle/Texas/24-008749-003/2024(H5N1)	146	994
NA|PP755591.1|A/cattle/Texas/24-008749-003/2024(H5N1)	147	994
NA|PP755591.1|A/cattle/Texas/24-008749-003/2024(H5N1)	148	994
NA|PP755591.1|A/cattle/Texas/24-008749-003/2024(H5N1)	149	994
NA|PP755591.1|A/cattle/Texas/24-008749-003/2024(H5N1)	150	994
NA|PP755591.1|A/cattle/Texas/24-008749-003/2024(H5N1)	151	994
NA|PP755591.1|A/cattle/Texas/24-008749-003/2024(H5N1)	152	993
NA|PP755591.1|A/cattle/Texas/24-008749-003/2024(H5N1)	153	993
NA|PP755591.1|A/cattle/Texas/24-008749-003/2024(H5N1)	154	993
NA|PP755591.1|A/cattle/Texas/24-008749-003/2024(H5N1)	155	993
NA|PP755591.1|A/cattle/Texas/24-008749-003/2024(H5N1)	156	886
NA|PP755591.1|A/cattle/Texas/24-008749-003/2024(H5N1)	157	886
NA|PP755591.1|A/cattle/Texas/24-008749-003/2024(H5N1)	158	886
NA|PP755591.1|A/cattle/Texas/24-008749-003/2024(H5N1)	159	886
NA|PP755591.1|A/cattle/Texas/24-008749-003/2024(H5N1)	160	886
NA|PP755591.1|A/cattle/Texas/24-008749-003/2024(H5N1)	161	886
NA|PP755591.1|A/cattle/Texas/24-008749-003/2024(H5N1)	162	886
NA|PP755591.1|A/cattle/Texas/24-008749-003/2024(H5N1)	163	886
NA|PP755591.1|A/cattle/Texas/24-008749-003/2024(H5N1)	164	884
NA|PP755591.1|A/cattle/Texas/24-008749-003/2024(H5N1)	165	884
NA|PP755591.1|A/cattle/Texas/24-008749-003/2024(H5N1)	166	415
NA|PP755591.1|A/cattle/Texas/24-008749-003/2024(H5N1)	167	411
NA|PP755591.1|A/cattle/Texas/24-008749-003/2024(H5N1)	168	284
NA|PP755591.1|A/cattle/Texas/24-008749-003/2024(H5N1)	169	284
NA|PP755591.1|A/cattle/Texas/24-008749-003/2024(H5N1)	170	284
NA|PP755591.1|A/cattle/Texas/24-008749-003/2024(H5N1)	171	283
NA|PP755591.1|A/cattle/Texas/24-008749-003/2024(H5N1)	172	283
NA|PP755591.1|A/cattle/Texas/24-008749-003/2024(H5N1)	173	283
NA|PP755591.1|A/cattle/Texas/24-008749-003/2024(H5N1)	174	283
NA|PP755591.1|A/cattle/Texas/24-008749-003/2024(H5N1)	175	283
NA|PP755591.1|A/cattle/Texas/24-008749-003/2024(H5N1)	176	253
NA|PP755591.1|A/cattle/Texas/24-008749-003/2024(H5N1)	177	192
NA|PP755591.1|A/cattle/Texas/24-008749-003/2024(H5N1)	178	192
NA|PP755591.1|A/cattle/Texas/24-008749-003/2024(H5N1)	179	192
NA|PP755591.1|A/cattle/Texas/24-008749-003/2024(H5N1)	180	192
NA|PP755591.1|A/cattle/Texas/24-008749-003/2024(H5N1)	181	192
NA|PP755591.1|A/cattle/Texas/24-008749-003/2024(H5N1)	182	192
NA|PP755591.1|A/cattle/Texas/24-008749-003/2024(H5N1)	183	191
NA|PP755591.1|A/cattle/Texas/24-008749-003/2024(H5N1)	184	191
NA|PP755591.1|A/cattle/Texas/24-008749-003/2024(H5N1)	185	191
NA|PP755591.1|A/cattle/Texas/24-008749-003/2024(H5N1)	186	191
NA|PP755591.1|A/cattle/Texas/24-008749-003/2024(H5N1)	187	191
NA|PP755591.1|A/cattle/Texas/24-008749-003/2024(H5N1)	188	191
NA|PP755591.1|A/cattle/Texas/24-008749-003/2024(H5N1)	189	191
NA|PP755591.1|A/cattle/Texas/24-008749-003/2024(H5N1)	190	191
NA|PP755591.1|A/cattle/Texas/24-008749-003/2024(H5N1)	191	191
NA|PP755591.1|A/cattle/Texas/24-008749-003/2024(H5N1)	192	190
NA|PP755591.1|A/cattle/Texas/24-008749-003/2024(H5N1)	193	190
NA|PP755591.1|A/cattle/Texas/24-008749-003/2024(H5N1)	194	190
NA|PP755591.1|A/cattle/Texas/24-008749-003/2024(H5N1)	195	190
NA|PP755591.1|A/cattle/Texas/24-008749-003/2024(H5N1)	196	190
NA|PP755591.1|A/cattle/Texas/24-008749-003/2024(H5N1)	197	190
NA|PP755591.1|A/cattle/Texas/24-008749-003/2024(H5N1)	198	190
NA|PP755591.1|A/cattle/Texas/24-008749-003/2024(H5N1)	199	190
NA|PP755591.1|A/cattle/Texas/24-008749-003/2024(H5N1)	200	190
NA|PP755591.1|A/cattle/Texas/24-008749-003/2024(H5N1)	201	190
NA|PP755591.1|A/cattle/Texas/24-008749-003/2024(H5N1)	202	189
NA|PP755591.1|A/cattle/Texas/24-008749-003/2024(H5N1)	203	189
NA|PP755591.1|A/cattle/Texas/24-008749-003/2024(H5N1)	204	189
NA|PP755591.1|A/cattle/Texas/24-008749-003/2024(H5N1)	205	189
NA|PP755591.1|A/cattle/Texas/24-008749-003/2024(H5N1)	206	179
NA|PP755591.1|A/cattle/Texas/24-008749-003/2024(H5N1)	207	12
NA|PP755591.1|A/cattle/Texas/24-008749-003/2024(H5N1)	208	12
NA|PP755591.1|A/cattle/Texas/24-008749-003/2024(H5N1)	209	12
NA|PP755591.1|A/cattle/Texas/24-008749-003/2024(H5N1)	210	12
NA|PP755591.1|A/cattle/Texas/24-008749-003/2024(H5N1)	211	12
NA|PP755591.1|A/cattle/Texas/24-008749-003/2024(H5N1)	212	12
NA|PP755591.1|A/cattle/Texas/24-008749-003/2024(H5N1)	213	12
NA|PP755591.1|A/cattle/Texas/24-008749-003/2024(H5N1)	214	12
NA|PP755591.1|A/cattle/Texas/24-008749-003/2024(H5N1)	215	12
NA|PP755591.1|A/cattle/Texas/24-008749-003/2024(H5N1)	216	12
NA|PP755591.1|A/cattle/Texas/24-008749-003/2024(H5N1)	217	12
NA|PP755591.1|A/cattle/Texas/24-008749-003/2024(H5N1)	218	12
NA|PP755591.1|A/cattle/Texas/24-008749-003/2024(H5N1)	219	12
NA|PP755591.1|A/cattle/Texas/24-008749-003/2024(H5N1)	220	12
NA|PP755591.1|A/cattle/Texas/24-008749-003/2024(H5N1)	221	9
NA|PP755591.1|A/cattle/Texas/24-008749-003/2024(H5N1)	222	0
NA|PP755591.1|A/cattle/Texas/24-008749-003/2024(H5N1)	223	0
NA|PP755591.1|A/cattle/Texas/24-008749-003/2024(H5N1)	224	0
NA|PP755591.1|A/cattle/Texas/24-008749-003/2024(H5N1)	225	0
NA|PP755591.1|A/cattle/Texas/24-008749-003/2024(H5N1)	226	0
NA|PP755591.1|A/cattle/Texas/24-008749-003/2024(H5N1)	227	0
NA|PP755591.1|A/cattle/Texas/24-008749-003/2024(H5N1)	228	0
NA|PP755591.1|A/cattle/Texas/24-008749-003/2024(H5N1)	229	0
NA|PP755591.1|A/cattle/Texas/24-008749-003/2024(H5N1)	230	0
NA|PP755591.1|A/cattle/Texas/24-008749-003/2024(H5N1)	231	0
NA|PP755591.1|A/cattle/Texas/24-008749-003/2024(H5N1)	232	0
NA|PP755591.1|A/cattle/Texas/24-008749-003/2024(H5N1)	233	0
NA|PP755591.1|A/cattle/Texas/24-008749-003/2024(H5N1)	234	0
NA|PP755591.1|A/cattle/Texas/24-008749-003/2024(H5N1)	235	0
NA|PP755591.1|A/cattle/Texas/24-008749-003/2024(H5N1)	236	0
NA|PP755591.1|A/cattle/Texas/24-008749-003/2024(H5N1)	237	0
NA|PP755591.1|A/cattle/Texas/24-008749-003/2024(H5N1)	238	0
NA|PP755591.1|A/cattle/Texas/24-008749-003/2024(H5N1)	239	0
NA|PP755591.1|A/cattle/Texas/24-008749-003/2024(H5N1)	240	0
NA|PP755591.1|A/cattle/Texas/24-008749-003/2024(H5N1)	241	0
NA|PP755591.1|A/cattle/Texas/24-008749-003/2024(H5N1)	242	0
NA|PP755591.1|A/cattle/Texas/24-008749-003/2024(H5N1)	243	0
NA|PP755591.1|A/cattle/Texas/24-008749-003/2024(H5N1)	244	0
NA|PP755591.1|A/cattle/Texas/24-008749-003/2024(H5N1)	245	0
NA|PP755591.1|A/cattle/Texas/24-008749-003/2024(H5N1)	246	0
NA|PP755591.1|A/cattle/Texas/24-008749-003/2024(H5N1)	247	0
NA|PP755591.1|A/cattle/Texas/24-008749-003/2024(H5N1)	248	0
NA|PP755591.1|A/cattle/Texas/24-008749-003/2024(H5N1)	249	0
NA|PP755591.1|A/cattle/Texas/24-008749-003/2024(H5N1)	250	0
NA|PP755591.1|A/cattle/Texas/24-008749-003/2024(H5N1)	251	0
NA|PP755591.1|A/cattle/Texas/24-008749-003/2024(H5N1)	252	0
NA|PP755591.1|A/cattle/Texas/24-008749-003/2024(H5N1)	253	0
NA|PP755591.1|A/cattle/Texas/24-008749-003/2024(H5N1)	254	0
NA|PP755591.1|A/cattle/Texas/24-008749-003/2024(H5N1)	255	0
NA|PP755591.1|A/cattle/Texas/24-008749-003/2024(H5N1)	256	0
NA|PP755591.1|A/cattle/Texas/24-008749-003/2024(H5N1)	257	0
NA|PP755591.1|A/cattle/Texas/24-008749-003/2024(H5N1)	258	0
NA|PP755591.1|A/cattle/Texas/24-008749-003/2024(H5N1)	259	0
NA|PP755591.1|A/cattle/Texas/24-008749-003/2024(H5N1)	260	0
NA|PP755591.1|A/cattle/Texas/24-008749-003/2024(H5N1)	261	0
NA|PP755591.1|A/cattle/Texas/24-008749-003/2024(H5N1)	262	0
NA|PP755591.1|A/cattle/Texas/24-008749-003/2024(H5N1)	263	0
NA|PP755591.1|A/cattle/Texas/24-008749-003/2024(H5N1)	264	0
NA|PP755591.1|A/cattle/Texas/24-008749-003/2024(H5N1)	265	0
NA|PP755591.1|A/cattle/Texas/24-008749-003/2024(H5N1)	266	0
NA|PP755591.1|A/cattle/Texas/24-008749-003/2024(H5N1)	267	0
NA|PP755591.1|A/cattle/Texas/24-008749-003/2024(H5N1)	268	0
NA|PP755591.1|A/cattle/Texas/24-008749-003/2024(H5N1)	269	0
NA|PP755591.1|A/cattle/Texas/24-008749-003/2024(H5N1)	270	0
NA|PP755591.1|A/cattle/Texas/24-008749-003/2024(H5N1)	271	0
NA|PP755591.1|A/cattle/Texas/24-008749-003/2024(H5N1)	272	0
NA|PP755591.1|A/cattle/Texas/24-008749-003/2024(H5N1)	273	0
NA|PP755591.1|A/cattle/Texas/24-008749-003/2024(H5N1)	274	0
NA|PP755591.1|A/cattle/Texas/24-008749-003/2024(H5N1)	275	0
NA|PP755591.1|A/cattle/Texas/24-008749-003/2024(H5N1)	276	0
NA|PP755591.1|A/cattle/Texas/24-008749-003/2024(H5N1)	277	0
NA|PP755591.1|A/cattle/Texas/24-008749-003/2024(H5N1)	278	0
NA|PP755591.1|A/cattle/Texas/24-008749-003/2024(H5N1)	279	0
NA|PP755591.1|A/cattle/Texas/24-008749-003/2024(H5N1)	280	0
NA|PP755591.1|A/cattle/Texas/24-008749-003/2024(H5N1)	281	0
NA|PP755591.1|A/cattle/Texas/24-008749-003/2024(H5N1)	282	0
NA|PP755591.1|A/cattle/Texas/24-008749-003/2024(H5N1)	283	0
NA|PP755591.1|A/cattle/Texas/24-008749-003/2024(H5N1)	284	0
NA|PP755591.1|A/cattle/Texas/24-008749-003/2024(H5N1)	285	0
NA|PP755591.1|A/cattle/Texas/24-008749-003/2024(H5N1)	286	0
NA|PP755591.1|A/cattle/Texas/24-008749-003/2024(H5N1)	287	0
NA|PP755591.1|A/cattle/Texas/24-008749-003/2024(H5N1)	288	0
NA|PP755591.1|A/cattle/Texas/24-008749-003/2024(H5N1)	289	0
NA|PP755591.1|A/cattle/Texas/24-008749-003/2024(H5N1)	290	0
NA|PP755591.1|A/cattle/Texas/24-008749-003/2024(H5N1)	291	1
NA|PP755591.1|A/cattle/Texas/24-008749-003/2024(H5N1)	292	1
NA|PP755591.1|A/cattle/Texas/24-008749-003/2024(H5N1)	293	1
NA|PP755591.1|A/cattle/Texas/24-008749-003/2024(H5N1)	294	1
NA|PP755591.1|A/cattle/Texas/24-008749-003/2024(H5N1)	295	1
NA|PP755591.1|A/cattle/Texas/24-008749-003/2024(H5N1)	296	1
NA|PP755591.1|A/cattle/Texas/24-008749-003/2024(H5N1)	297	1
NA|PP755591.1|A/cattle/Texas/24-008749-003/2024(H5N1)	298	1
NA|PP755591.1|A/cattle/Texas/24-008749-003/2024(H5N1)	299	1
NA|PP755591.1|A/cattle/Texas/24-008749-003/2024(H5N1)	300	1
NA|PP755591.1|A/cattle/Texas/24-008749-003/2024(H5N1)	301	1
NA|PP755591.1|A/cattle/Texas/24-008749-003/2024(H5N1)	302	1
NA|PP755591.1|A/cattle/Texas/24-008749-003/2024(H5N1)	303	1
NA|PP755591.1|A/cattle/Texas/24-008749-003/2024(H5N1)	304	1
NA|PP755591.1|A/cattle/Texas/24-008749-003/2024(H5N1)	305	1
NA|PP755591.1|A/cattle/Texas/24-008749-003/2024(H5N1)	306	1
NA|PP755591.1|A/cattle/Texas/24-008749-003/2024(H5N1)	307	1
NA|PP755591.1|A/cattle/Texas/24-008749-003/2024(H5N1)	308	1
NA|PP755591.1|A/cattle/Texas/24-008749-003/2024(H5N1)	309	1
NA|PP755591.1|A/cattle/Texas/24-008749-003/2024(H5N1)	310	1
NA|PP755591.1|A/cattle/Texas/24-008749-003/2024(H5N1)	311	1
NA|PP755591.1|A/cattle/Texas/24-008749-003/2024(H5N1)	312	1
NA|PP755591.1|A/cattle/Texas/24-008749-003/2024(H5N1)	313	1
NA|PP755591.1|A/cattle/Texas/24-008749-003/2024(H5N1)	314	1
NA|PP755591.1|A/cattle/Texas/24-008749-003/2024(H5N1)	315	1
NA|PP755591.1|A/cattle/Texas/24-008749-003/2024(H5N1)	316	1
NA|PP755591.1|A/cattle/Texas/24-008749-003/2024(H5N1)	317	1
NA|PP755591.1|A/cattle/Texas/24-008749-003/2024(H5N1)	318	1
NA|PP755591.1|A/cattle/Texas/24-008749-003/2024(H5N1)	319	1
NA|PP755591.1|A/cattle/Texas/24-008749-003/2024(H5N1)	320	1
NA|PP755591.1|A/cattle/Texas/24-008749-003/2024(H5N1)	321	1
NA|PP755591.1|A/cattle/Texas/24-008749-003/2024(H5N1)	322	1
NA|PP755591.1|A/cattle/Texas/24-008749-003/2024(H5N1)	323	1
NA|PP755591.1|A/cattle/Texas/24-008749-003/2024(H5N1)	324	1
NA|PP755591.1|A/cattle/Texas/24-008749-003/2024(H5N1)	325	1
NA|PP755591.1|A/cattle/Texas/24-008749-003/2024(H5N1)	326	1
NA|PP755591.1|A/cattle/Texas/24-008749-003/2024(H5N1)	327	1
NA|PP755591.1|A/cattle/Texas/24-008749-003/2024(H5N1)	328	1
NA|PP755591.1|A/cattle/Texas/24-008749-003/2024(H5N1)	329	1
NA|PP755591.1|A/cattle/Texas/24-008749-003/2024(H5N1)	330	1
NA|PP755591.1|A/cattle/Texas/24-008749-003/2024(H5N1)	331	1
NA|PP755591.1|A/cattle/Texas/24-008749-003/2024(H5N1)	332	1
NA|PP755591.1|A/cattle/Texas/24-008749-003/2024(H5N1)	333	1
NA|PP755591.1|A/cattle/Texas/24-008749-003/2024(H5N1)	334	1
NA|PP755591.1|A/cattle/Texas/24-008749-003/2024(H5N1)	335	1
NA|PP755591.1|A/cattle/Texas/24-008749-003/2024(H5N1)	336	1
NA|PP755591.1|A/cattle/Texas/24-008749-003/2024(H5N1)	337	1
NA|PP755591.1|A/cattle/Texas/24-008749-003/2024(H5N1)	338	1
NA|PP755591.1|A/cattle/Texas/24-008749-003/2024(H5N1)	339	1
NA|PP755591.1|A/cattle/Texas/24-008749-003/2024(H5N1)	340	1
NA|PP755591.1|A/cattle/Texas/24-008749-003/2024(H5N1)	341	1
NA|PP755591.1|A/cattle/Texas/24-008749-003/2024(H5N1)	342	1
NA|PP755591.1|A/cattle/Texas/24-008749-003/2024(H5N1)	343	1
NA|PP755591.1|A/cattle/Texas/24-008749-003/2024(H5N1)	344	1
NA|PP755591.1|A/cattle/Texas/24-008749-003/2024(H5N1)	345	1
NA|PP755591.1|A/cattle/Texas/24-008749-003/2024(H5N1)	346	1
NA|PP755591.1|A/cattle/Texas/24-008749-003/2024(H5N1)	347	1
NA|PP755591.1|A/cattle/Texas/24-008749-003/2024(H5N1)	348	1
NA|PP755591.1|A/cattle/Texas/24-008749-003/2024(H5N1)	349	1
NA|PP755591.1|A/cattle/Texas/24-008749-003/2024(H5N1)	350	1
NA|PP755591.1|A/cattle/Texas/24-008749-003/2024(H5N1)	351	1
NA|PP755591.1|A/cattle/Texas/24-008749-003/2024(H5N1)	352	1
NA|PP755591.1|A/cattle/Texas/24-008749-003/2024(H5N1)	353	1
NA|PP755591.1|A/cattle/Texas/24-008749-003/2024(H5N1)	354	1
NA|PP755591.1|A/cattle/Texas/24-008749-003/2024(H5N1)	355	1
NA|PP755591.1|A/cattle/Texas/24-008749-003/2024(H5N1)	356	1
NA|PP755591.1|A/cattle/Texas/24-008749-003/2024(H5N1)	357	1
NA|PP755591.1|A/cattle/Texas/24-008749-003/2024(H5N1)	358	1
NA|PP755591.1|A/cattle/Texas/24-008749-003/2024(H5N1)	359	1
NA|PP755591.1|A/cattle/Texas/24-008749-003/2024(H5N1)	360	1
NA|PP755591.1|A/cattle/Texas/24-008749-003/2024(H5N1)	361	1
NA|PP755591.1|A/cattle/Texas/24-008749-003/2024(H5N1)	362	1
NA|PP755591.1|A/cattle/Texas/24-008749-003/2024(H5N1)	363	1
NA|PP755591.1|A/cattle/Texas/24-008749-003/2024(H5N1)	364	1
NA|PP755591.1|A/cattle/Texas/24-008749-003/2024(H5N1)	365	2
NA|PP755591.1|A/cattle/Texas/24-008749-003/2024(H5N1)	366	2
NA|PP755591.1|A/cattle/Texas/24-008749-003/2024(H5N1)	367	268
NA|PP755591.1|A/cattle/Texas/24-008749-003/2024(H5N1)	368	268
NA|PP755591.1|A/cattle/Texas/24-008749-003/2024(H5N1)	369	268
NA|PP755591.1|A/cattle/Texas/24-008749-003/2024(H5N1)	370	273
NA|PP755591.1|A/cattle/Texas/24-008749-003/2024(H5N1)	371	273
NA|PP755591.1|A/cattle/Texas/24-008749-003/2024(H5N1)	372	273
NA|PP755591.1|A/cattle/Texas/24-008749-003/2024(H5N1)	373	273
NA|PP755591.1|A/cattle/Texas/24-008749-003/2024(H5N1)	374	273
NA|PP755591.1|A/cattle/Texas/24-008749-003/2024(H5N1)	375	273
NA|PP755591.1|A/cattle/Texas/24-008749-003/2024(H5N1)	376	420
NA|PP755591.1|A/cattle/Texas/24-008749-003/2024(H5N1)	377	420
NA|PP755591.1|A/cattle/Texas/24-008749-003/2024(H5N1)	378	433
NA|PP755591.1|A/cattle/Texas/24-008749-003/2024(H5N1)	379	433
NA|PP755591.1|A/cattle/Texas/24-008749-003/2024(H5N1)	380	433
NA|PP755591.1|A/cattle/Texas/24-008749-003/2024(H5N1)	381	433
NA|PP755591.1|A/cattle/Texas/24-008749-003/2024(H5N1)	382	434
NA|PP755591.1|A/cattle/Texas/24-008749-003/2024(H5N1)	383	434
NA|PP755591.1|A/cattle/Texas/24-008749-003/2024(H5N1)	384	434
NA|PP755591.1|A/cattle/Texas/24-008749-003/2024(H5N1)	385	434
NA|PP755591.1|A/cattle/Texas/24-008749-003/2024(H5N1)	386	434
NA|PP755591.1|A/cattle/Texas/24-008749-003/2024(H5N1)	387	434
NA|PP755591.1|A/cattle/Texas/24-008749-003/2024(H5N1)	388	434
NA|PP755591.1|A/cattle/Texas/24-008749-003/2024(H5N1)	389	434
NA|PP755591.1|A/cattle/Texas/24-008749-003/2024(H5N1)	390	434
NA|PP755591.1|A/cattle/Texas/24-008749-003/2024(H5N1)	391	434
NA|PP755591.1|A/cattle/Texas/24-008749-003/2024(H5N1)	392	434
NA|PP755591.1|A/cattle/Texas/24-008749-003/2024(H5N1)	393	434
NA|PP755591.1|A/cattle/Texas/24-008749-003/2024(H5N1)	394	434
NA|PP755591.1|A/cattle/Texas/24-008749-003/2024(H5N1)	395	434
NA|PP755591.1|A/cattle/Texas/24-008749-003/2024(H5N1)	396	434
NA|PP755591.1|A/cattle/Texas/24-008749-003/2024(H5N1)	397	434
NA|PP755591.1|A/cattle/Texas/24-008749-003/2024(H5N1)	398	432
NA|PP755591.1|A/cattle/Texas/24-008749-003/2024(H5N1)	399	323
NA|PP755591.1|A/cattle/Texas/24-008749-003/2024(H5N1)	400	324
NA|PP755591.1|A/cattle/Texas/24-008749-003/2024(H5N1)	401	324
NA|PP755591.1|A/cattle/Texas/24-008749-003/2024(H5N1)	402	324
NA|PP755591.1|A/cattle/Texas/24-008749-003/2024(H5N1)	403	324
NA|PP755591.1|A/cattle/Texas/24-008749-003/2024(H5N1)	404	324
NA|PP755591.1|A/cattle/Texas/24-008749-003/2024(H5N1)	405	324
NA|PP755591.1|A/cattle/Texas/24-008749-003/2024(H5N1)	406	324
NA|PP755591.1|A/cattle/Texas/24-008749-003/2024(H5N1)	407	324
NA|PP755591.1|A/cattle/Texas/24-008749-003/2024(H5N1)	408	324
NA|PP755591.1|A/cattle/Texas/24-008749-003/2024(H5N1)	409	324
NA|PP755591.1|A/cattle/Texas/24-008749-003/2024(H5N1)	410	324
NA|PP755591.1|A/cattle/Texas/24-008749-003/2024(H5N1)	411	324
NA|PP755591.1|A/cattle/Texas/24-008749-003/2024(H5N1)	412	394
NA|PP755591.1|A/cattle/Texas/24-008749-003/2024(H5N1)	413	403
NA|PP755591.1|A/cattle/Texas/24-008749-003/2024(H5N1)	414	403
NA|PP755591.1|A/cattle/Texas/24-008749-003/2024(H5N1)	415	484
NA|PP755591.1|A/cattle/Texas/24-008749-003/2024(H5N1)	416	487
NA|PP755591.1|A/cattle/Texas/24-008749-003/2024(H5N1)	417	715
NA|PP755591.1|A/cattle/Texas/24-008749-003/2024(H5N1)	418	804
NA|PP755591.1|A/cattle/Texas/24-008749-003/2024(H5N1)	419	1270
NA|PP755591.1|A/cattle/Texas/24-008749-003/2024(H5N1)	420	1275
NA|PP755591.1|A/cattle/Texas/24-008749-003/2024(H5N1)	421	1288
NA|PP755591.1|A/cattle/Texas/24-008749-003/2024(H5N1)	422	1338
NA|PP755591.1|A/cattle/Texas/24-008749-003/2024(H5N1)	423	1349
NA|PP755591.1|A/cattle/Texas/24-008749-003/2024(H5N1)	424	1370
NA|PP755591.1|A/cattle/Texas/24-008749-003/2024(H5N1)	425	1370
NA|PP755591.1|A/cattle/Texas/24-008749-003/2024(H5N1)	426	1370
NA|PP755591.1|A/cattle/Texas/24-008749-003/2024(H5N1)	427	1376
NA|PP755591.1|A/cattle/Texas/24-008749-003/2024(H5N1)	428	1376
NA|PP755591.1|A/cattle/Texas/24-008749-003/2024(H5N1)	429	1429
NA|PP755591.1|A/cattle/Texas/24-008749-003/2024(H5N1)	430	1474
NA|PP755591.1|A/cattle/Texas/24-008749-003/2024(H5N1)	431	1490
NA|PP755591.1|A/cattle/Texas/24-008749-003/2024(H5N1)	432	1556
NA|PP755591.1|A/cattle/Texas/24-008749-003/2024(H5N1)	433	1592
NA|PP755591.1|A/cattle/Texas/24-008749-003/2024(H5N1)	434	1641
NA|PP755591.1|A/cattle/Texas/24-008749-003/2024(H5N1)	435	1654
NA|PP755591.1|A/cattle/Texas/24-008749-003/2024(H5N1)	436	1656
NA|PP755591.1|A/cattle/Texas/24-008749-003/2024(H5N1)	437	1675
NA|PP755591.1|A/cattle/Texas/24-008749-003/2024(H5N1)	438	1678
NA|PP755591.1|A/cattle/Texas/24-008749-003/2024(H5N1)	439	1678
NA|PP755591.1|A/cattle/Texas/24-008749-003/2024(H5N1)	440	1678
NA|PP755591.1|A/cattle/Texas/24-008749-003/2024(H5N1)	441	1678
NA|PP755591.1|A/cattle/Texas/24-008749-003/2024(H5N1)	442	1693
NA|PP755591.1|A/cattle/Texas/24-008749-003/2024(H5N1)	443	1767
NA|PP755591.1|A/cattle/Texas/24-008749-003/2024(H5N1)	444	1767
NA|PP755591.1|A/cattle/Texas/24-008749-003/2024(H5N1)	445	2274
NA|PP755591.1|A/cattle/Texas/24-008749-003/2024(H5N1)	446	2274
NA|PP755591.1|A/cattle/Texas/24-008749-003/2024(H5N1)	447	2350
NA|PP755591.1|A/cattle/Texas/24-008749-003/2024(H5N1)	448	2356
NA|PP755591.1|A/cattle/Texas/24-008749-003/2024(H5N1)	449	2356
NA|PP755591.1|A/cattle/Texas/24-008749-003/2024(H5N1)	450	2356
NA|PP755591.1|A/cattle/Texas/24-008749-003/2024(H5N1)	451	2385
NA|PP755591.1|A/cattle/Texas/24-008749-003/2024(H5N1)	452	2413
NA|PP755591.1|A/cattle/Texas/24-008749-003/2024(H5N1)	453	2442
NA|PP755591.1|A/cattle/Texas/24-008749-003/2024(H5N1)	454	2543
NA|PP755591.1|A/cattle/Texas/24-008749-003/2024(H5N1)	455	2550
NA|PP755591.1|A/cattle/Texas/24-008749-003/2024(H5N1)	456	2743
NA|PP755591.1|A/cattle/Texas/24-008749-003/2024(H5N1)	457	2770
NA|PP755591.1|A/cattle/Texas/24-008749-003/2024(H5N1)	458	2781
NA|PP755591.1|A/cattle/Texas/24-008749-003/2024(H5N1)	459	3313
NA|PP755591.1|A/cattle/Texas/24-008749-003/2024(H5N1)	460	3337
NA|PP755591.1|A/cattle/Texas/24-008749-003/2024(H5N1)	461	3392
NA|PP755591.1|A/cattle/Texas/24-008749-003/2024(H5N1)	462	3464
NA|PP755591.1|A/cattle/Texas/24-008749-003/2024(H5N1)	463	3477
NA|PP755591.1|A/cattle/Texas/24-008749-003/2024(H5N1)	464	3605
NA|PP755591.1|A/cattle/Texas/24-008749-003/2024(H5N1)	465	3588
NA|PP755591.1|A/cattle/Texas/24-008749-003/2024(H5N1)	466	3588
NA|PP755591.1|A/cattle/Texas/24-008749-003/2024(H5N1)	467	3588
NA|PP755591.1|A/cattle/Texas/24-008749-003/2024(H5N1)	468	3588
NA|PP755591.1|A/cattle/Texas/24-008749-003/2024(H5N1)	469	3584
NA|PP755591.1|A/cattle/Texas/24-008749-003/2024(H5N1)	470	3574
NA|PP755591.1|A/cattle/Texas/24-008749-003/2024(H5N1)	471	3443
NA|PP755591.1|A/cattle/Texas/24-008749-003/2024(H5N1)	472	3447
NA|PP755591.1|A/cattle/Texas/24-008749-003/2024(H5N1)	473	3454
NA|PP755591.1|A/cattle/Texas/24-008749-003/2024(H5N1)	474	3466
NA|PP755591.1|A/cattle/Texas/24-008749-003/2024(H5N1)	475	3466
NA|PP755591.1|A/cattle/Texas/24-008749-003/2024(H5N1)	476	3466
NA|PP755591.1|A/cattle/Texas/24-008749-003/2024(H5N1)	477	3466
NA|PP755591.1|A/cattle/Texas/24-008749-003/2024(H5N1)	478	3466
NA|PP755591.1|A/cattle/Texas/24-008749-003/2024(H5N1)	479	3466
NA|PP755591.1|A/cattle/Texas/24-008749-003/2024(H5N1)	480	3466
NA|PP755591.1|A/cattle/Texas/24-008749-003/2024(H5N1)	481	3466
NA|PP755591.1|A/cattle/Texas/24-008749-003/2024(H5N1)	482	3466
NA|PP755591.1|A/cattle/Texas/24-008749-003/2024(H5N1)	483	3466
NA|PP755591.1|A/cattle/Texas/24-008749-003/2024(H5N1)	484	3469
NA|PP755591.1|A/cattle/Texas/24-008749-003/2024(H5N1)	485	3469
NA|PP755591.1|A/cattle/Texas/24-008749-003/2024(H5N1)	486	3469
NA|PP755591.1|A/cattle/Texas/24-008749-003/2024(H5N1)	487	3553
NA|PP755591.1|A/cattle/Texas/24-008749-003/2024(H5N1)	488	3657
NA|PP755591.1|A/cattle/Texas/24-008749-003/2024(H5N1)	489	3672
NA|PP755591.1|A/cattle/Texas/24-008749-003/2024(H5N1)	490	4933
NA|PP755591.1|A/cattle/Texas/24-008749-003/2024(H5N1)	491	5032
NA|PP755591.1|A/cattle/Texas/24-008749-003/2024(H5N1)	492	5045
NA|PP755591.1|A/cattle/Texas/24-008749-003/2024(H5N1)	493	5075
NA|PP755591.1|A/cattle/Texas/24-008749-003/2024(H5N1)	494	5097
NA|PP755591.1|A/cattle/Texas/24-008749-003/2024(H5N1)	495	5123
NA|PP755591.1|A/cattle/Texas/24-008749-003/2024(H5N1)	496	5232
NA|PP755591.1|A/cattle/Texas/24-008749-003/2024(H5N1)	497	5350
NA|PP755591.1|A/cattle/Texas/24-008749-003/2024(H5N1)	498	5377
NA|PP755591.1|A/cattle/Texas/24-008749-003/2024(H5N1)	499	5472
NA|PP755591.1|A/cattle/Texas/24-008749-003/2024(H5N1)	500	5477
NA|PP755591.1|A/cattle/Texas/24-008749-003/2024(H5N1)	501	5506
NA|PP755591.1|A/cattle/Texas/24-008749-003/2024(H5N1)	502	5770
NA|PP755591.1|A/cattle/Texas/24-008749-003/2024(H5N1)	503	5770
NA|PP755591.1|A/cattle/Texas/24-008749-003/2024(H5N1)	504	5770
NA|PP755591.1|A/cattle/Texas/24-008749-003/2024(H5N1)	505	5938
NA|PP755591.1|A/cattle/Texas/24-008749-003/2024(H5N1)	506	5941
NA|PP755591.1|A/cattle/Texas/24-008749-003/2024(H5N1)	507	6066
NA|PP755591.1|A/cattle/Texas/24-008749-003/2024(H5N1)	508	6256
NA|PP755591.1|A/cattle/Texas/24-008749-003/2024(H5N1)	509	6318
NA|PP755591.1|A/cattle/Texas/24-008749-003/2024(H5N1)	510	6346
NA|PP755591.1|A/cattle/Texas/24-008749-003/2024(H5N1)	511	6361
NA|PP755591.1|A/cattle/Texas/24-008749-003/2024(H5N1)	512	6511
NA|PP755591.1|A/cattle/Texas/24-008749-003/2024(H5N1)	513	6515
NA|PP755591.1|A/cattle/Texas/24-008749-003/2024(H5N1)	514	6517
NA|PP755591.1|A/cattle/Texas/24-008749-003/2024(H5N1)	515	6523
NA|PP755591.1|A/cattle/Texas/24-008749-003/2024(H5N1)	516	6522
NA|PP755591.1|A/cattle/Texas/24-008749-003/2024(H5N1)	517	6576
NA|PP755591.1|A/cattle/Texas/24-008749-003/2024(H5N1)	518	6611
NA|PP755591.1|A/cattle/Texas/24-008749-003/2024(H5N1)	519	6775
NA|PP755591.1|A/cattle/Texas/24-008749-003/2024(H5N1)	520	6929
NA|PP755591.1|A/cattle/Texas/24-008749-003/2024(H5N1)	521	6929
NA|PP755591.1|A/cattle/Texas/24-008749-003/2024(H5N1)	522	6944
NA|PP755591.1|A/cattle/Texas/24-008749-003/2024(H5N1)	523	6946
NA|PP755591.1|A/cattle/Texas/24-008749-003/2024(H5N1)	524	6991
NA|PP755591.1|A/cattle/Texas/24-008749-003/2024(H5N1)	525	7054
NA|PP755591.1|A/cattle/Texas/24-008749-003/2024(H5N1)	526	7100
NA|PP755591.1|A/cattle/Texas/24-008749-003/2024(H5N1)	527	7057
NA|PP755591.1|A/cattle/Texas/24-008749-003/2024(H5N1)	528	7060
NA|PP755591.1|A/cattle/Texas/24-008749-003/2024(H5N1)	529	7121
NA|PP755591.1|A/cattle/Texas/24-008749-003/2024(H5N1)	530	7124
NA|PP755591.1|A/cattle/Texas/24-008749-003/2024(H5N1)	531	7169
NA|PP755591.1|A/cattle/Texas/24-008749-003/2024(H5N1)	532	7178
NA|PP755591.1|A/cattle/Texas/24-008749-003/2024(H5N1)	533	7244
NA|PP755591.1|A/cattle/Texas/24-008749-003/2024(H5N1)	534	7288
NA|PP755591.1|A/cattle/Texas/24-008749-003/2024(H5N1)	535	7297
NA|PP755591.1|A/cattle/Texas/24-008749-003/2024(H5N1)	536	7303
NA|PP755591.1|A/cattle/Texas/24-008749-003/2024(H5N1)	537	7536
NA|PP755591.1|A/cattle/Texas/24-008749-003/2024(H5N1)	538	7544
NA|PP755591.1|A/cattle/Texas/24-008749-003/2024(H5N1)	539	7582
NA|PP755591.1|A/cattle/Texas/24-008749-003/2024(H5N1)	540	7558
NA|PP755591.1|A/cattle/Texas/24-008749-003/2024(H5N1)	541	7656
NA|PP755591.1|A/cattle/Texas/24-008749-003/2024(H5N1)	542	7809
NA|PP755591.1|A/cattle/Texas/24-008749-003/2024(H5N1)	543	7805
NA|PP755591.1|A/cattle/Texas/24-008749-003/2024(H5N1)	544	7808
NA|PP755591.1|A/cattle/Texas/24-008749-003/2024(H5N1)	545	7974
NA|PP755591.1|A/cattle/Texas/24-008749-003/2024(H5N1)	546	7817
NA|PP755591.1|A/cattle/Texas/24-008749-003/2024(H5N1)	547	7815
NA|PP755591.1|A/cattle/Texas/24-008749-003/2024(H5N1)	548	7784
NA|PP755591.1|A/cattle/Texas/24-008749-003/2024(H5N1)	549	7743
NA|PP755591.1|A/cattle/Texas/24-008749-003/2024(H5N1)	550	7667
NA|PP755591.1|A/cattle/Texas/24-008749-003/2024(H5N1)	551	7665
NA|PP755591.1|A/cattle/Texas/24-008749-003/2024(H5N1)	552	7684
NA|PP755591.1|A/cattle/Texas/24-008749-003/2024(H5N1)	553	7659
NA|PP755591.1|A/cattle/Texas/24-008749-003/2024(H5N1)	554	7459
NA|PP755591.1|A/cattle/Texas/24-008749-003/2024(H5N1)	555	7376
NA|PP755591.1|A/cattle/Texas/24-008749-003/2024(H5N1)	556	7371
NA|PP755591.1|A/cattle/Texas/24-008749-003/2024(H5N1)	557	7417
NA|PP755591.1|A/cattle/Texas/24-008749-003/2024(H5N1)	558	7412
NA|PP755591.1|A/cattle/Texas/24-008749-003/2024(H5N1)	559	7349
NA|PP755591.1|A/cattle/Texas/24-008749-003/2024(H5N1)	560	7284
NA|PP755591.1|A/cattle/Texas/24-008749-003/2024(H5N1)	561	7248
NA|PP755591.1|A/cattle/Texas/24-008749-003/2024(H5N1)	562	7228
NA|PP755591.1|A/cattle/Texas/24-008749-003/2024(H5N1)	563	7175
NA|PP755591.1|A/cattle/Texas/24-008749-003/2024(H5N1)	564	7151
NA|PP755591.1|A/cattle/Texas/24-008749-003/2024(H5N1)	565	7155
NA|PP755591.1|A/cattle/Texas/24-008749-003/2024(H5N1)	566	7124
NA|PP755591.1|A/cattle/Texas/24-008749-003/2024(H5N1)	567	7128
NA|PP755591.1|A/cattle/Texas/24-008749-003/2024(H5N1)	568	6767
NA|PP755591.1|A/cattle/Texas/24-008749-003/2024(H5N1)	569	6676
NA|PP755591.1|A/cattle/Texas/24-008749-003/2024(H5N1)	570	6628
NA|PP755591.1|A/cattle/Texas/24-008749-003/2024(H5N1)	571	6634
NA|PP755591.1|A/cattle/Texas/24-008749-003/2024(H5N1)	572	6624
NA|PP755591.1|A/cattle/Texas/24-008749-003/2024(H5N1)	573	6596
NA|PP755591.1|A/cattle/Texas/24-008749-003/2024(H5N1)	574	6570
NA|PP755591.1|A/cattle/Texas/24-008749-003/2024(H5N1)	575	6564
NA|PP755591.1|A/cattle/Texas/24-008749-003/2024(H5N1)	576	6542
NA|PP755591.1|A/cattle/Texas/24-008749-003/2024(H5N1)	577	6535
NA|PP755591.1|A/cattle/Texas/24-008749-003/2024(H5N1)	578	6504
NA|PP755591.1|A/cattle/Texas/24-008749-003/2024(H5N1)	579	6434
NA|PP755591.1|A/cattle/Texas/24-008749-003/2024(H5N1)	580	6437
NA|PP755591.1|A/cattle/Texas/24-008749-003/2024(H5N1)	581	6441
NA|PP755591.1|A/cattle/Texas/24-008749-003/2024(H5N1)	582	6429
NA|PP755591.1|A/cattle/Texas/24-008749-003/2024(H5N1)	583	6400
NA|PP755591.1|A/cattle/Texas/24-008749-003/2024(H5N1)	584	6259
NA|PP755591.1|A/cattle/Texas/24-008749-003/2024(H5N1)	585	6235
NA|PP755591.1|A/cattle/Texas/24-008749-003/2024(H5N1)	586	6302
NA|PP755591.1|A/cattle/Texas/24-008749-003/2024(H5N1)	587	6293
NA|PP755591.1|A/cattle/Texas/24-008749-003/2024(H5N1)	588	6228
NA|PP755591.1|A/cattle/Texas/24-008749-003/2024(H5N1)	589	6221
NA|PP755591.1|A/cattle/Texas/24-008749-003/2024(H5N1)	590	6215
NA|PP755591.1|A/cattle/Texas/24-008749-003/2024(H5N1)	591	6198
NA|PP755591.1|A/cattle/Texas/24-008749-003/2024(H5N1)	592	6215
NA|PP755591.1|A/cattle/Texas/24-008749-003/2024(H5N1)	593	6060
NA|PP755591.1|A/cattle/Texas/24-008749-003/2024(H5N1)	594	6020
NA|PP755591.1|A/cattle/Texas/24-008749-003/2024(H5N1)	595	6025
NA|PP755591.1|A/cattle/Texas/24-008749-003/2024(H5N1)	596	5827
NA|PP755591.1|A/cattle/Texas/24-008749-003/2024(H5N1)	597	5824
NA|PP755591.1|A/cattle/Texas/24-008749-003/2024(H5N1)	598	5569
NA|PP755591.1|A/cattle/Texas/24-008749-003/2024(H5N1)	599	5565
NA|PP755591.1|A/cattle/Texas/24-008749-003/2024(H5N1)	600	5554
NA|PP755591.1|A/cattle/Texas/24-008749-003/2024(H5N1)	601	5527
NA|PP755591.1|A/cattle/Texas/24-008749-003/2024(H5N1)	602	5509
NA|PP755591.1|A/cattle/Texas/24-008749-003/2024(H5N1)	603	5298
NA|PP755591.1|A/cattle/Texas/24-008749-003/2024(H5N1)	604	5216
NA|PP755591.1|A/cattle/Texas/24-008749-003/2024(H5N1)	605	5083
NA|PP755591.1|A/cattle/Texas/24-008749-003/2024(H5N1)	606	4737
NA|PP755591.1|A/cattle/Texas/24-008749-003/2024(H5N1)	607	4831
NA|PP755591.1|A/cattle/Texas/24-008749-003/2024(H5N1)	608	4832
NA|PP755591.1|A/cattle/Texas/24-008749-003/2024(H5N1)	609	4830
NA|PP755591.1|A/cattle/Texas/24-008749-003/2024(H5N1)	610	4629
NA|PP755591.1|A/cattle/Texas/24-008749-003/2024(H5N1)	611	4533
NA|PP755591.1|A/cattle/Texas/24-008749-003/2024(H5N1)	612	4438
NA|PP755591.1|A/cattle/Texas/24-008749-003/2024(H5N1)	613	4440
NA|PP755591.1|A/cattle/Texas/24-008749-003/2024(H5N1)	614	4435
NA|PP755591.1|A/cattle/Texas/24-008749-003/2024(H5N1)	615	4442
NA|PP755591.1|A/cattle/Texas/24-008749-003/2024(H5N1)	616	4440
NA|PP755591.1|A/cattle/Texas/24-008749-003/2024(H5N1)	617	4414
NA|PP755591.1|A/cattle/Texas/24-008749-003/2024(H5N1)	618	4398
NA|PP755591.1|A/cattle/Texas/24-008749-003/2024(H5N1)	619	4356
NA|PP755591.1|A/cattle/Texas/24-008749-003/2024(H5N1)	620	4250
NA|PP755591.1|A/cattle/Texas/24-008749-003/2024(H5N1)	621	4241
NA|PP755591.1|A/cattle/Texas/24-008749-003/2024(H5N1)	622	4060
NA|PP755591.1|A/cattle/Texas/24-008749-003/2024(H5N1)	623	3967
NA|PP755591.1|A/cattle/Texas/24-008749-003/2024(H5N1)	624	3955
NA|PP755591.1|A/cattle/Texas/24-008749-003/2024(H5N1)	625	3835
NA|PP755591.1|A/cattle/Texas/24-008749-003/2024(H5N1)	626	3835
NA|PP755591.1|A/cattle/Texas/24-008749-003/2024(H5N1)	627	3754
NA|PP755591.1|A/cattle/Texas/24-008749-003/2024(H5N1)	628	3695
NA|PP755591.1|A/cattle/Texas/24-008749-003/2024(H5N1)	629	3705
NA|PP755591.1|A/cattle/Texas/24-008749-003/2024(H5N1)	630	3624
NA|PP755591.1|A/cattle/Texas/24-008749-003/2024(H5N1)	631	3620
NA|PP755591.1|A/cattle/Texas/24-008749-003/2024(H5N1)	632	3620
NA|PP755591.1|A/cattle/Texas/24-008749-003/2024(H5N1)	633	3505
NA|PP755591.1|A/cattle/Texas/24-008749-003/2024(H5N1)	634	3499
NA|PP755591.1|A/cattle/Texas/24-008749-003/2024(H5N1)	635	3494
NA|PP755591.1|A/cattle/Texas/24-008749-003/2024(H5N1)	636	3452
NA|PP755591.1|A/cattle/Texas/24-008749-003/2024(H5N1)	637	3419
NA|PP755591.1|A/cattle/Texas/24-008749-003/2024(H5N1)	638	3354
NA|PP755591.1|A/cattle/Texas/24-008749-003/2024(H5N1)	639	3193
NA|PP755591.1|A/cattle/Texas/24-008749-003/2024(H5N1)	640	3196
NA|PP755591.1|A/cattle/Texas/24-008749-003/2024(H5N1)	641	3083
NA|PP755591.1|A/cattle/Texas/24-008749-003/2024(H5N1)	642	3063
NA|PP755591.1|A/cattle/Texas/24-008749-003/2024(H5N1)	643	3040
NA|PP755591.1|A/cattle/Texas/24-008749-003/2024(H5N1)	644	3005
NA|PP755591.1|A/cattle/Texas/24-008749-003/2024(H5N1)	645	2953
NA|PP755591.1|A/cattle/Texas/24-008749-003/2024(H5N1)	646	2944
NA|PP755591.1|A/cattle/Texas/24-008749-003/2024(H5N1)	647	2863
NA|PP755591.1|A/cattle/Texas/24-008749-003/2024(H5N1)	648	2816
NA|PP755591.1|A/cattle/Texas/24-008749-003/2024(H5N1)	649	2864
NA|PP755591.1|A/cattle/Texas/24-008749-003/2024(H5N1)	650	2789
NA|PP755591.1|A/cattle/Texas/24-008749-003/2024(H5N1)	651	2803
NA|PP755591.1|A/cattle/Texas/24-008749-003/2024(H5N1)	652	2743
NA|PP755591.1|A/cattle/Texas/24-008749-003/2024(H5N1)	653	2607
NA|PP755591.1|A/cattle/Texas/24-008749-003/2024(H5N1)	654	2393
NA|PP755591.1|A/cattle/Texas/24-008749-003/2024(H5N1)	655	2306
NA|PP755591.1|A/cattle/Texas/24-008749-003/2024(H5N1)	656	2242
NA|PP755591.1|A/cattle/Texas/24-008749-003/2024(H5N1)	657	2238
NA|PP755591.1|A/cattle/Texas/24-008749-003/2024(H5N1)	658	2194
NA|PP755591.1|A/cattle/Texas/24-008749-003/2024(H5N1)	659	2192
NA|PP755591.1|A/cattle/Texas/24-008749-003/2024(H5N1)	660	2081
NA|PP755591.1|A/cattle/Texas/24-008749-003/2024(H5N1)	661	2065
NA|PP755591.1|A/cattle/Texas/24-008749-003/2024(H5N1)	662	1765
NA|PP755591.1|A/cattle/Texas/24-008749-003/2024(H5N1)	663	1702
NA|PP755591.1|A/cattle/Texas/24-008749-003/2024(H5N1)	664	1699
NA|PP755591.1|A/cattle/Texas/24-008749-003/2024(H5N1)	665	1698
NA|PP755591.1|A/cattle/Texas/24-008749-003/2024(H5N1)	666	1691
NA|PP755591.1|A/cattle/Texas/24-008749-003/2024(H5N1)	667	1691
NA|PP755591.1|A/cattle/Texas/24-008749-003/2024(H5N1)	668	1669
NA|PP755591.1|A/cattle/Texas/24-008749-003/2024(H5N1)	669	1632
NA|PP755591.1|A/cattle/Texas/24-008749-003/2024(H5N1)	670	1770
NA|PP755591.1|A/cattle/Texas/24-008749-003/2024(H5N1)	671	1770
NA|PP755591.1|A/cattle/Texas/24-008749-003/2024(H5N1)	672	1770
NA|PP755591.1|A/cattle/Texas/24-008749-003/2024(H5N1)	673	1742
NA|PP755591.1|A/cattle/Texas/24-008749-003/2024(H5N1)	674	1739
NA|PP755591.1|A/cattle/Texas/24-008749-003/2024(H5N1)	675	1695
NA|PP755591.1|A/cattle/Texas/24-008749-003/2024(H5N1)	676	1625
NA|PP755591.1|A/cattle/Texas/24-008749-003/2024(H5N1)	677	1607
NA|PP755591.1|A/cattle/Texas/24-008749-003/2024(H5N1)	678	1542
NA|PP755591.1|A/cattle/Texas/24-008749-003/2024(H5N1)	679	1598
NA|PP755591.1|A/cattle/Texas/24-008749-003/2024(H5N1)	680	1598
NA|PP755591.1|A/cattle/Texas/24-008749-003/2024(H5N1)	681	1595
NA|PP755591.1|A/cattle/Texas/24-008749-003/2024(H5N1)	682	1584
NA|PP755591.1|A/cattle/Texas/24-008749-003/2024(H5N1)	683	1448
NA|PP755591.1|A/cattle/Texas/24-008749-003/2024(H5N1)	684	1447
NA|PP755591.1|A/cattle/Texas/24-008749-003/2024(H5N1)	685	1511
NA|PP755591.1|A/cattle/Texas/24-008749-003/2024(H5N1)	686	1439
NA|PP755591.1|A/cattle/Texas/24-008749-003/2024(H5N1)	687	1432
NA|PP755591.1|A/cattle/Texas/24-008749-003/2024(H5N1)	688	1427
NA|PP755591.1|A/cattle/Texas/24-008749-003/2024(H5N1)	689	1422
NA|PP755591.1|A/cattle/Texas/24-008749-003/2024(H5N1)	690	1399
NA|PP755591.1|A/cattle/Texas/24-008749-003/2024(H5N1)	691	1367
NA|PP755591.1|A/cattle/Texas/24-008749-003/2024(H5N1)	692	1293
NA|PP755591.1|A/cattle/Texas/24-008749-003/2024(H5N1)	693	1165
NA|PP755591.1|A/cattle/Texas/24-008749-003/2024(H5N1)	694	1164
NA|PP755591.1|A/cattle/Texas/24-008749-003/2024(H5N1)	695	1108
NA|PP755591.1|A/cattle/Texas/24-008749-003/2024(H5N1)	696	787
NA|PP755591.1|A/cattle/Texas/24-008749-003/2024(H5N1)	697	787
NA|PP755591.1|A/cattle/Texas/24-008749-003/2024(H5N1)	698	787
NA|PP755591.1|A/cattle/Texas/24-008749-003/2024(H5N1)	699	787
NA|PP755591.1|A/cattle/Texas/24-008749-003/2024(H5N1)	700	786
NA|PP755591.1|A/cattle/Texas/24-008749-003/2024(H5N1)	701	786
NA|PP755591.1|A/cattle/Texas/24-008749-003/2024(H5N1)	702	786
NA|PP755591.1|A/cattle/Texas/24-008749-003/2024(H5N1)	703	832
NA|PP755591.1|A/cattle/Texas/24-008749-003/2024(H5N1)	704	837
NA|PP755591.1|A/cattle/Texas/24-008749-003/2024(H5N1)	705	848
NA|PP755591.1|A/cattle/Texas/24-008749-003/2024(H5N1)	706	868
NA|PP755591.1|A/cattle/Texas/24-008749-003/2024(H5N1)	707	868
NA|PP755591.1|A/cattle/Texas/24-008749-003/2024(H5N1)	708	866
NA|PP755591.1|A/cattle/Texas/24-008749-003/2024(H5N1)	709	876
NA|PP755591.1|A/cattle/Texas/24-008749-003/2024(H5N1)	710	877
NA|PP755591.1|A/cattle/Texas/24-008749-003/2024(H5N1)	711	877
NA|PP755591.1|A/cattle/Texas/24-008749-003/2024(H5N1)	712	895
NA|PP755591.1|A/cattle/Texas/24-008749-003/2024(H5N1)	713	926
NA|PP755591.1|A/cattle/Texas/24-008749-003/2024(H5N1)	714	942
NA|PP755591.1|A/cattle/Texas/24-008749-003/2024(H5N1)	715	948
NA|PP755591.1|A/cattle/Texas/24-008749-003/2024(H5N1)	716	962
NA|PP755591.1|A/cattle/Texas/24-008749-003/2024(H5N1)	717	961
NA|PP755591.1|A/cattle/Texas/24-008749-003/2024(H5N1)	718	1007
NA|PP755591.1|A/cattle/Texas/24-008749-003/2024(H5N1)	719	1144
NA|PP755591.1|A/cattle/Texas/24-008749-003/2024(H5N1)	720	1151
NA|PP755591.1|A/cattle/Texas/24-008749-003/2024(H5N1)	721	1179
NA|PP755591.1|A/cattle/Texas/24-008749-003/2024(H5N1)	722	1530
NA|PP755591.1|A/cattle/Texas/24-008749-003/2024(H5N1)	723	1563
NA|PP755591.1|A/cattle/Texas/24-008749-003/2024(H5N1)	724	1567
NA|PP755591.1|A/cattle/Texas/24-008749-003/2024(H5N1)	725	1583
NA|PP755591.1|A/cattle/Texas/24-008749-003/2024(H5N1)	726	1601
NA|PP755591.1|A/cattle/Texas/24-008749-003/2024(H5N1)	727	1627
NA|PP755591.1|A/cattle/Texas/24-008749-003/2024(H5N1)	728	1872
NA|PP755591.1|A/cattle/Texas/24-008749-003/2024(H5N1)	729	1873
NA|PP755591.1|A/cattle/Texas/24-008749-003/2024(H5N1)	730	1880
NA|PP755591.1|A/cattle/Texas/24-008749-003/2024(H5N1)	731	1946
NA|PP755591.1|A/cattle/Texas/24-008749-003/2024(H5N1)	732	1949
NA|PP755591.1|A/cattle/Texas/24-008749-003/2024(H5N1)	733	1996
NA|PP755591.1|A/cattle/Texas/24-008749-003/2024(H5N1)	734	2002
NA|PP755591.1|A/cattle/Texas/24-008749-003/2024(H5N1)	735	2076
NA|PP755591.1|A/cattle/Texas/24-008749-003/2024(H5N1)	736	2131
NA|PP755591.1|A/cattle/Texas/24-008749-003/2024(H5N1)	737	2055
NA|PP755591.1|A/cattle/Texas/24-008749-003/2024(H5N1)	738	1926
NA|PP755591.1|A/cattle/Texas/24-008749-003/2024(H5N1)	739	1982
NA|PP755591.1|A/cattle/Texas/24-008749-003/2024(H5N1)	740	2223
NA|PP755591.1|A/cattle/Texas/24-008749-003/2024(H5N1)	741	2262
NA|PP755591.1|A/cattle/Texas/24-008749-003/2024(H5N1)	742	2406
NA|PP755591.1|A/cattle/Texas/24-008749-003/2024(H5N1)	743	2414
NA|PP755591.1|A/cattle/Texas/24-008749-003/2024(H5N1)	744	2430
NA|PP755591.1|A/cattle/Texas/24-008749-003/2024(H5N1)	745	2745
NA|PP755591.1|A/cattle/Texas/24-008749-003/2024(H5N1)	746	2756
NA|PP755591.1|A/cattle/Texas/24-008749-003/2024(H5N1)	747	2779
NA|PP755591.1|A/cattle/Texas/24-008749-003/2024(H5N1)	748	2784
NA|PP755591.1|A/cattle/Texas/24-008749-003/2024(H5N1)	749	2784
NA|PP755591.1|A/cattle/Texas/24-008749-003/2024(H5N1)	750	2802
NA|PP755591.1|A/cattle/Texas/24-008749-003/2024(H5N1)	751	3076
NA|PP755591.1|A/cattle/Texas/24-008749-003/2024(H5N1)	752	3119
NA|PP755591.1|A/cattle/Texas/24-008749-003/2024(H5N1)	753	3122
NA|PP755591.1|A/cattle/Texas/24-008749-003/2024(H5N1)	754	3099
NA|PP755591.1|A/cattle/Texas/24-008749-003/2024(H5N1)	755	3099
NA|PP755591.1|A/cattle/Texas/24-008749-003/2024(H5N1)	756	3099
NA|PP755591.1|A/cattle/Texas/24-008749-003/2024(H5N1)	757	3098
NA|PP755591.1|A/cattle/Texas/24-008749-003/2024(H5N1)	758	3098
NA|PP755591.1|A/cattle/Texas/24-008749-003/2024(H5N1)	759	3083
NA|PP755591.1|A/cattle/Texas/24-008749-003/2024(H5N1)	760	3083
NA|PP755591.1|A/cattle/Texas/24-008749-003/2024(H5N1)	761	3083
NA|PP755591.1|A/cattle/Texas/24-008749-003/2024(H5N1)	762	3083
NA|PP755591.1|A/cattle/Texas/24-008749-003/2024(H5N1)	763	3083
NA|PP755591.1|A/cattle/Texas/24-008749-003/2024(H5N1)	764	3083
NA|PP755591.1|A/cattle/Texas/24-008749-003/2024(H5N1)	765	2932
NA|PP755591.1|A/cattle/Texas/24-008749-003/2024(H5N1)	766	2932
NA|PP755591.1|A/cattle/Texas/24-008749-003/2024(H5N1)	767	2932
NA|PP755591.1|A/cattle/Texas/24-008749-003/2024(H5N1)	768	2932
NA|PP755591.1|A/cattle/Texas/24-008749-003/2024(H5N1)	769	2932
NA|PP755591.1|A/cattle/Texas/24-008749-003/2024(H5N1)	770	2932
NA|PP755591.1|A/cattle/Texas/24-008749-003/2024(H5N1)	771	2932
NA|PP755591.1|A/cattle/Texas/24-008749-003/2024(H5N1)	772	2964
NA|PP755591.1|A/cattle/Texas/24-008749-003/2024(H5N1)	773	2973
NA|PP755591.1|A/cattle/Texas/24-008749-003/2024(H5N1)	774	2993
NA|PP755591.1|A/cattle/Texas/24-008749-003/2024(H5N1)	775	2993
NA|PP755591.1|A/cattle/Texas/24-008749-003/2024(H5N1)	776	2994
NA|PP755591.1|A/cattle/Texas/24-008749-003/2024(H5N1)	777	589
NA|PP755591.1|A/cattle/Texas/24-008749-003/2024(H5N1)	778	2998
NA|PP755591.1|A/cattle/Texas/24-008749-003/2024(H5N1)	779	3012
NA|PP755591.1|A/cattle/Texas/24-008749-003/2024(H5N1)	780	3039
NA|PP755591.1|A/cattle/Texas/24-008749-003/2024(H5N1)	781	3170
NA|PP755591.1|A/cattle/Texas/24-008749-003/2024(H5N1)	782	3175
NA|PP755591.1|A/cattle/Texas/24-008749-003/2024(H5N1)	783	3175
NA|PP755591.1|A/cattle/Texas/24-008749-003/2024(H5N1)	784	3199
NA|PP755591.1|A/cattle/Texas/24-008749-003/2024(H5N1)	785	3199
NA|PP755591.1|A/cattle/Texas/24-008749-003/2024(H5N1)	786	3199
NA|PP755591.1|A/cattle/Texas/24-008749-003/2024(H5N1)	787	3220
NA|PP755591.1|A/cattle/Texas/24-008749-003/2024(H5N1)	788	3222
NA|PP755591.1|A/cattle/Texas/24-008749-003/2024(H5N1)	789	3281
NA|PP755591.1|A/cattle/Texas/24-008749-003/2024(H5N1)	790	3744
NA|PP755591.1|A/cattle/Texas/24-008749-003/2024(H5N1)	791	3764
NA|PP755591.1|A/cattle/Texas/24-008749-003/2024(H5N1)	792	3773
NA|PP755591.1|A/cattle/Texas/24-008749-003/2024(H5N1)	793	3811
NA|PP755591.1|A/cattle/Texas/24-008749-003/2024(H5N1)	794	3888
NA|PP755591.1|A/cattle/Texas/24-008749-003/2024(H5N1)	795	3899
NA|PP755591.1|A/cattle/Texas/24-008749-003/2024(H5N1)	796	3905
NA|PP755591.1|A/cattle/Texas/24-008749-003/2024(H5N1)	797	3946
NA|PP755591.1|A/cattle/Texas/24-008749-003/2024(H5N1)	798	3946
NA|PP755591.1|A/cattle/Texas/24-008749-003/2024(H5N1)	799	4024
NA|PP755591.1|A/cattle/Texas/24-008749-003/2024(H5N1)	800	4038
NA|PP755591.1|A/cattle/Texas/24-008749-003/2024(H5N1)	801	4038
NA|PP755591.1|A/cattle/Texas/24-008749-003/2024(H5N1)	802	4023
NA|PP755591.1|A/cattle/Texas/24-008749-003/2024(H5N1)	803	4019
NA|PP755591.1|A/cattle/Texas/24-008749-003/2024(H5N1)	804	3903
NA|PP755591.1|A/cattle/Texas/24-008749-003/2024(H5N1)	805	3989
NA|PP755591.1|A/cattle/Texas/24-008749-003/2024(H5N1)	806	4372
NA|PP755591.1|A/cattle/Texas/24-008749-003/2024(H5N1)	807	4389
NA|PP755591.1|A/cattle/Texas/24-008749-003/2024(H5N1)	808	4390
NA|PP755591.1|A/cattle/Texas/24-008749-003/2024(H5N1)	809	4400
NA|PP755591.1|A/cattle/Texas/24-008749-003/2024(H5N1)	810	4405
NA|PP755591.1|A/cattle/Texas/24-008749-003/2024(H5N1)	811	4420
NA|PP755591.1|A/cattle/Texas/24-008749-003/2024(H5N1)	812	4562
NA|PP755591.1|A/cattle/Texas/24-008749-003/2024(H5N1)	813	4564
NA|PP755591.1|A/cattle/Texas/24-008749-003/2024(H5N1)	814	4569
NA|PP755591.1|A/cattle/Texas/24-008749-003/2024(H5N1)	815	4664
NA|PP755591.1|A/cattle/Texas/24-008749-003/2024(H5N1)	816	4666
NA|PP755591.1|A/cattle/Texas/24-008749-003/2024(H5N1)	817	4921
NA|PP755591.1|A/cattle/Texas/24-008749-003/2024(H5N1)	818	4935
NA|PP755591.1|A/cattle/Texas/24-008749-003/2024(H5N1)	819	4963
NA|PP755591.1|A/cattle/Texas/24-008749-003/2024(H5N1)	820	4955
NA|PP755591.1|A/cattle/Texas/24-008749-003/2024(H5N1)	821	4971
NA|PP755591.1|A/cattle/Texas/24-008749-003/2024(H5N1)	822	5085
NA|PP755591.1|A/cattle/Texas/24-008749-003/2024(H5N1)	823	5092
NA|PP755591.1|A/cattle/Texas/24-008749-003/2024(H5N1)	824	5567
NA|PP755591.1|A/cattle/Texas/24-008749-003/2024(H5N1)	825	5679
NA|PP755591.1|A/cattle/Texas/24-008749-003/2024(H5N1)	826	5749
NA|PP755591.1|A/cattle/Texas/24-008749-003/2024(H5N1)	827	5773
NA|PP755591.1|A/cattle/Texas/24-008749-003/2024(H5N1)	828	5757
NA|PP755591.1|A/cattle/Texas/24-008749-003/2024(H5N1)	829	5803
NA|PP755591.1|A/cattle/Texas/24-008749-003/2024(H5N1)	830	5803
NA|PP755591.1|A/cattle/Texas/24-008749-003/2024(H5N1)	831	5853
NA|PP755591.1|A/cattle/Texas/24-008749-003/2024(H5N1)	832	5885
NA|PP755591.1|A/cattle/Texas/24-008749-003/2024(H5N1)	833	5918
NA|PP755591.1|A/cattle/Texas/24-008749-003/2024(H5N1)	834	6052
NA|PP755591.1|A/cattle/Texas/24-008749-003/2024(H5N1)	835	6072
NA|PP755591.1|A/cattle/Texas/24-008749-003/2024(H5N1)	836	6114
NA|PP755591.1|A/cattle/Texas/24-008749-003/2024(H5N1)	837	6114
NA|PP755591.1|A/cattle/Texas/24-008749-003/2024(H5N1)	838	6114
NA|PP755591.1|A/cattle/Texas/24-008749-003/2024(H5N1)	839	6114
NA|PP755591.1|A/cattle/Texas/24-008749-003/2024(H5N1)	840	6094
NA|PP755591.1|A/cattle/Texas/24-008749-003/2024(H5N1)	841	6094
NA|PP755591.1|A/cattle/Texas/24-008749-003/2024(H5N1)	842	6094
NA|PP755591.1|A/cattle/Texas/24-008749-003/2024(H5N1)	843	6094
NA|PP755591.1|A/cattle/Texas/24-008749-003/2024(H5N1)	844	6094
NA|PP755591.1|A/cattle/Texas/24-008749-003/2024(H5N1)	845	6091
NA|PP755591.1|A/cattle/Texas/24-008749-003/2024(H5N1)	846	6091
NA|PP755591.1|A/cattle/Texas/24-008749-003/2024(H5N1)	847	6090
NA|PP755591.1|A/cattle/Texas/24-008749-003/2024(H5N1)	848	5945
NA|PP755591.1|A/cattle/Texas/24-008749-003/2024(H5N1)	849	5941
NA|PP755591.1|A/cattle/Texas/24-008749-003/2024(H5N1)	850	5941
NA|PP755591.1|A/cattle/Texas/24-008749-003/2024(H5N1)	851	5941
NA|PP755591.1|A/cattle/Texas/24-008749-003/2024(H5N1)	852	5937
NA|PP755591.1|A/cattle/Texas/24-008749-003/2024(H5N1)	853	5936
NA|PP755591.1|A/cattle/Texas/24-008749-003/2024(H5N1)	854	5805
NA|PP755591.1|A/cattle/Texas/24-008749-003/2024(H5N1)	855	934
NA|PP755591.1|A/cattle/Texas/24-008749-003/2024(H5N1)	856	895
NA|PP755591.1|A/cattle/Texas/24-008749-003/2024(H5N1)	857	894
NA|PP755591.1|A/cattle/Texas/24-008749-003/2024(H5N1)	858	894
NA|PP755591.1|A/cattle/Texas/24-008749-003/2024(H5N1)	859	894
NA|PP755591.1|A/cattle/Texas/24-008749-003/2024(H5N1)	860	894
NA|PP755591.1|A/cattle/Texas/24-008749-003/2024(H5N1)	861	894
NA|PP755591.1|A/cattle/Texas/24-008749-003/2024(H5N1)	862	894
NA|PP755591.1|A/cattle/Texas/24-008749-003/2024(H5N1)	863	894
NA|PP755591.1|A/cattle/Texas/24-008749-003/2024(H5N1)	864	894
NA|PP755591.1|A/cattle/Texas/24-008749-003/2024(H5N1)	865	1552
NA|PP755591.1|A/cattle/Texas/24-008749-003/2024(H5N1)	866	1554
NA|PP755591.1|A/cattle/Texas/24-008749-003/2024(H5N1)	867	1582
NA|PP755591.1|A/cattle/Texas/24-008749-003/2024(H5N1)	868	1591
NA|PP755591.1|A/cattle/Texas/24-008749-003/2024(H5N1)	869	1592
NA|PP755591.1|A/cattle/Texas/24-008749-003/2024(H5N1)	870	1592
NA|PP755591.1|A/cattle/Texas/24-008749-003/2024(H5N1)	871	1592
NA|PP755591.1|A/cattle/Texas/24-008749-003/2024(H5N1)	872	1592
NA|PP755591.1|A/cattle/Texas/24-008749-003/2024(H5N1)	873	1592
NA|PP755591.1|A/cattle/Texas/24-008749-003/2024(H5N1)	874	1592
NA|PP755591.1|A/cattle/Texas/24-008749-003/2024(H5N1)	875	1592
NA|PP755591.1|A/cattle/Texas/24-008749-003/2024(H5N1)	876	1591
NA|PP755591.1|A/cattle/Texas/24-008749-003/2024(H5N1)	877	1591
NA|PP755591.1|A/cattle/Texas/24-008749-003/2024(H5N1)	878	1591
NA|PP755591.1|A/cattle/Texas/24-008749-003/2024(H5N1)	879	1590
NA|PP755591.1|A/cattle/Texas/24-008749-003/2024(H5N1)	880	1590
NA|PP755591.1|A/cattle/Texas/24-008749-003/2024(H5N1)	881	1590
NA|PP755591.1|A/cattle/Texas/24-008749-003/2024(H5N1)	882	1590
NA|PP755591.1|A/cattle/Texas/24-008749-003/2024(H5N1)	883	1591
NA|PP755591.1|A/cattle/Texas/24-008749-003/2024(H5N1)	884	1591
NA|PP755591.1|A/cattle/Texas/24-008749-003/2024(H5N1)	885	1591
NA|PP755591.1|A/cattle/Texas/24-008749-003/2024(H5N1)	886	1614
NA|PP755591.1|A/cattle/Texas/24-008749-003/2024(H5N1)	887	1640
NA|PP755591.1|A/cattle/Texas/24-008749-003/2024(H5N1)	888	1660
NA|PP755591.1|A/cattle/Texas/24-008749-003/2024(H5N1)	889	1660
NA|PP755591.1|A/cattle/Texas/24-008749-003/2024(H5N1)	890	1660
NA|PP755591.1|A/cattle/Texas/24-008749-003/2024(H5N1)	891	1660
NA|PP755591.1|A/cattle/Texas/24-008749-003/2024(H5N1)	892	1660
NA|PP755591.1|A/cattle/Texas/24-008749-003/2024(H5N1)	893	1660
NA|PP755591.1|A/cattle/Texas/24-008749-003/2024(H5N1)	894	1660
NA|PP755591.1|A/cattle/Texas/24-008749-003/2024(H5N1)	895	1660
NA|PP755591.1|A/cattle/Texas/24-008749-003/2024(H5N1)	896	1660
NA|PP755591.1|A/cattle/Texas/24-008749-003/2024(H5N1)	897	1659
NA|PP755591.1|A/cattle/Texas/24-008749-003/2024(H5N1)	898	1672
NA|PP755591.1|A/cattle/Texas/24-008749-003/2024(H5N1)	899	1672
NA|PP755591.1|A/cattle/Texas/24-008749-003/2024(H5N1)	900	1672
NA|PP755591.1|A/cattle/Texas/24-008749-003/2024(H5N1)	901	1672
NA|PP755591.1|A/cattle/Texas/24-008749-003/2024(H5N1)	902	1672
NA|PP755591.1|A/cattle/Texas/24-008749-003/2024(H5N1)	903	1672
NA|PP755591.1|A/cattle/Texas/24-008749-003/2024(H5N1)	904	1672
NA|PP755591.1|A/cattle/Texas/24-008749-003/2024(H5N1)	905	1672
NA|PP755591.1|A/cattle/Texas/24-008749-003/2024(H5N1)	906	1672
NA|PP755591.1|A/cattle/Texas/24-008749-003/2024(H5N1)	907	1754
NA|PP755591.1|A/cattle/Texas/24-008749-003/2024(H5N1)	908	1771
NA|PP755591.1|A/cattle/Texas/24-008749-003/2024(H5N1)	909	1771
NA|PP755591.1|A/cattle/Texas/24-008749-003/2024(H5N1)	910	1771
NA|PP755591.1|A/cattle/Texas/24-008749-003/2024(H5N1)	911	1770
NA|PP755591.1|A/cattle/Texas/24-008749-003/2024(H5N1)	912	1770
NA|PP755591.1|A/cattle/Texas/24-008749-003/2024(H5N1)	913	1781
NA|PP755591.1|A/cattle/Texas/24-008749-003/2024(H5N1)	914	1781
NA|PP755591.1|A/cattle/Texas/24-008749-003/2024(H5N1)	915	1781
NA|PP755591.1|A/cattle/Texas/24-008749-003/2024(H5N1)	916	1782
NA|PP755591.1|A/cattle/Texas/24-008749-003/2024(H5N1)	917	1905
NA|PP755591.1|A/cattle/Texas/24-008749-003/2024(H5N1)	918	1909
NA|PP755591.1|A/cattle/Texas/24-008749-003/2024(H5N1)	919	3266
NA|PP755591.1|A/cattle/Texas/24-008749-003/2024(H5N1)	920	3307
NA|PP755591.1|A/cattle/Texas/24-008749-003/2024(H5N1)	921	3310
NA|PP755591.1|A/cattle/Texas/24-008749-003/2024(H5N1)	922	3314
NA|PP755591.1|A/cattle/Texas/24-008749-003/2024(H5N1)	923	3316
NA|PP755591.1|A/cattle/Texas/24-008749-003/2024(H5N1)	924	3332
NA|PP755591.1|A/cattle/Texas/24-008749-003/2024(H5N1)	925	3361
NA|PP755591.1|A/cattle/Texas/24-008749-003/2024(H5N1)	926	3425
NA|PP755591.1|A/cattle/Texas/24-008749-003/2024(H5N1)	927	3433
NA|PP755591.1|A/cattle/Texas/24-008749-003/2024(H5N1)	928	3442
NA|PP755591.1|A/cattle/Texas/24-008749-003/2024(H5N1)	929	3443
NA|PP755591.1|A/cattle/Texas/24-008749-003/2024(H5N1)	930	3447
NA|PP755591.1|A/cattle/Texas/24-008749-003/2024(H5N1)	931	3459
NA|PP755591.1|A/cattle/Texas/24-008749-003/2024(H5N1)	932	3488
NA|PP755591.1|A/cattle/Texas/24-008749-003/2024(H5N1)	933	3547
NA|PP755591.1|A/cattle/Texas/24-008749-003/2024(H5N1)	934	3548
NA|PP755591.1|A/cattle/Texas/24-008749-003/2024(H5N1)	935	3669
NA|PP755591.1|A/cattle/Texas/24-008749-003/2024(H5N1)	936	3679
NA|PP755591.1|A/cattle/Texas/24-008749-003/2024(H5N1)	937	3720
NA|PP755591.1|A/cattle/Texas/24-008749-003/2024(H5N1)	938	3746
NA|PP755591.1|A/cattle/Texas/24-008749-003/2024(H5N1)	939	3746
NA|PP755591.1|A/cattle/Texas/24-008749-003/2024(H5N1)	940	3746
NA|PP755591.1|A/cattle/Texas/24-008749-003/2024(H5N1)	941	3745
NA|PP755591.1|A/cattle/Texas/24-008749-003/2024(H5N1)	942	3722
NA|PP755591.1|A/cattle/Texas/24-008749-003/2024(H5N1)	943	3720
NA|PP755591.1|A/cattle/Texas/24-008749-003/2024(H5N1)	944	3688
NA|PP755591.1|A/cattle/Texas/24-008749-003/2024(H5N1)	945	3660
NA|PP755591.1|A/cattle/Texas/24-008749-003/2024(H5N1)	946	3649
NA|PP755591.1|A/cattle/Texas/24-008749-003/2024(H5N1)	947	3646
NA|PP755591.1|A/cattle/Texas/24-008749-003/2024(H5N1)	948	3637
NA|PP755591.1|A/cattle/Texas/24-008749-003/2024(H5N1)	949	3637
NA|PP755591.1|A/cattle/Texas/24-008749-003/2024(H5N1)	950	3637
NA|PP755591.1|A/cattle/Texas/24-008749-003/2024(H5N1)	951	3635
NA|PP755591.1|A/cattle/Texas/24-008749-003/2024(H5N1)	952	3511
NA|PP755591.1|A/cattle/Texas/24-008749-003/2024(H5N1)	953	3473
NA|PP755591.1|A/cattle/Texas/24-008749-003/2024(H5N1)	954	3432
NA|PP755591.1|A/cattle/Texas/24-008749-003/2024(H5N1)	955	3398
NA|PP755591.1|A/cattle/Texas/24-008749-003/2024(H5N1)	956	3398
NA|PP755591.1|A/cattle/Texas/24-008749-003/2024(H5N1)	957	2635
NA|PP755591.1|A/cattle/Texas/24-008749-003/2024(H5N1)	958	2634
NA|PP755591.1|A/cattle/Texas/24-008749-003/2024(H5N1)	959	2632
NA|PP755591.1|A/cattle/Texas/24-008749-003/2024(H5N1)	960	2620
NA|PP755591.1|A/cattle/Texas/24-008749-003/2024(H5N1)	961	2620
NA|PP755591.1|A/cattle/Texas/24-008749-003/2024(H5N1)	962	2683
NA|PP755591.1|A/cattle/Texas/24-008749-003/2024(H5N1)	963	2687
NA|PP755591.1|A/cattle/Texas/24-008749-003/2024(H5N1)	964	2687
NA|PP755591.1|A/cattle/Texas/24-008749-003/2024(H5N1)	965	2687
NA|PP755591.1|A/cattle/Texas/24-008749-003/2024(H5N1)	966	2687
NA|PP755591.1|A/cattle/Texas/24-008749-003/2024(H5N1)	967	2696
NA|PP755591.1|A/cattle/Texas/24-008749-003/2024(H5N1)	968	2866
NA|PP755591.1|A/cattle/Texas/24-008749-003/2024(H5N1)	969	2866
NA|PP755591.1|A/cattle/Texas/24-008749-003/2024(H5N1)	970	2874
NA|PP755591.1|A/cattle/Texas/24-008749-003/2024(H5N1)	971	2874
NA|PP755591.1|A/cattle/Texas/24-008749-003/2024(H5N1)	972	2897
NA|PP755591.1|A/cattle/Texas/24-008749-003/2024(H5N1)	973	2898
NA|PP755591.1|A/cattle/Texas/24-008749-003/2024(H5N1)	974	2898
NA|PP755591.1|A/cattle/Texas/24-008749-003/2024(H5N1)	975	2898
NA|PP755591.1|A/cattle/Texas/24-008749-003/2024(H5N1)	976	2917
NA|PP755591.1|A/cattle/Texas/24-008749-003/2024(H5N1)	977	2966
NA|PP755591.1|A/cattle/Texas/24-008749-003/2024(H5N1)	978	2990
NA|PP755591.1|A/cattle/Texas/24-008749-003/2024(H5N1)	979	4527
NA|PP755591.1|A/cattle/Texas/24-008749-003/2024(H5N1)	980	4532
NA|PP755591.1|A/cattle/Texas/24-008749-003/2024(H5N1)	981	4697
NA|PP755591.1|A/cattle/Texas/24-008749-003/2024(H5N1)	982	4703
NA|PP755591.1|A/cattle/Texas/24-008749-003/2024(H5N1)	983	4735
NA|PP755591.1|A/cattle/Texas/24-008749-003/2024(H5N1)	984	4753
NA|PP755591.1|A/cattle/Texas/24-008749-003/2024(H5N1)	985	4757
NA|PP755591.1|A/cattle/Texas/24-008749-003/2024(H5N1)	986	4966
NA|PP755591.1|A/cattle/Texas/24-008749-003/2024(H5N1)	987	5109
NA|PP755591.1|A/cattle/Texas/24-008749-003/2024(H5N1)	988	5120
NA|PP755591.1|A/cattle/Texas/24-008749-003/2024(H5N1)	989	5128
NA|PP755591.1|A/cattle/Texas/24-008749-003/2024(H5N1)	990	5131
NA|PP755591.1|A/cattle/Texas/24-008749-003/2024(H5N1)	991	5181
NA|PP755591.1|A/cattle/Texas/24-008749-003/2024(H5N1)	992	5266
NA|PP755591.1|A/cattle/Texas/24-008749-003/2024(H5N1)	993	5295
NA|PP755591.1|A/cattle/Texas/24-008749-003/2024(H5N1)	994	5300
NA|PP755591.1|A/cattle/Texas/24-008749-003/2024(H5N1)	995	5302
NA|PP755591.1|A/cattle/Texas/24-008749-003/2024(H5N1)	996	5440
NA|PP755591.1|A/cattle/Texas/24-008749-003/2024(H5N1)	997	5491
NA|PP755591.1|A/cattle/Texas/24-008749-003/2024(H5N1)	998	5512
NA|PP755591.1|A/cattle/Texas/24-008749-003/2024(H5N1)	999	5598
NA|PP755591.1|A/cattle/Texas/24-008749-003/2024(H5N1)	1000	5585
NA|PP755591.1|A/cattle/Texas/24-008749-003/2024(H5N1)	1001	5568
NA|PP755591.1|A/cattle/Texas/24-008749-003/2024(H5N1)	1002	5556
NA|PP755591.1|A/cattle/Texas/24-008749-003/2024(H5N1)	1003	5552
NA|PP755591.1|A/cattle/Texas/24-008749-003/2024(H5N1)	1004	5551
NA|PP755591.1|A/cattle/Texas/24-008749-003/2024(H5N1)	1005	4935
NA|PP755591.1|A/cattle/Texas/24-008749-003/2024(H5N1)	1006	4935
NA|PP755591.1|A/cattle/Texas/24-008749-003/2024(H5N1)	1007	5162
NA|PP755591.1|A/cattle/Texas/24-008749-003/2024(H5N1)	1008	5175
NA|PP755591.1|A/cattle/Texas/24-008749-003/2024(H5N1)	1009	5210
NA|PP755591.1|A/cattle/Texas/24-008749-003/2024(H5N1)	1010	5210
NA|PP755591.1|A/cattle/Texas/24-008749-003/2024(H5N1)	1011	5210
NA|PP755591.1|A/cattle/Texas/24-008749-003/2024(H5N1)	1012	5211
NA|PP755591.1|A/cattle/Texas/24-008749-003/2024(H5N1)	1013	5226
NA|PP755591.1|A/cattle/Texas/24-008749-003/2024(H5N1)	1014	5473
NA|PP755591.1|A/cattle/Texas/24-008749-003/2024(H5N1)	1015	5488
NA|PP755591.1|A/cattle/Texas/24-008749-003/2024(H5N1)	1016	6452
NA|PP755591.1|A/cattle/Texas/24-008749-003/2024(H5N1)	1017	6452
NA|PP755591.1|A/cattle/Texas/24-008749-003/2024(H5N1)	1018	6454
NA|PP755591.1|A/cattle/Texas/24-008749-003/2024(H5N1)	1019	6457
NA|PP755591.1|A/cattle/Texas/24-008749-003/2024(H5N1)	1020	6458
NA|PP755591.1|A/cattle/Texas/24-008749-003/2024(H5N1)	1021	6460
NA|PP755591.1|A/cattle/Texas/24-008749-003/2024(H5N1)	1022	6460
NA|PP755591.1|A/cattle/Texas/24-008749-003/2024(H5N1)	1023	6461
NA|PP755591.1|A/cattle/Texas/24-008749-003/2024(H5N1)	1024	6460
NA|PP755591.1|A/cattle/Texas/24-008749-003/2024(H5N1)	1025	6460
NA|PP755591.1|A/cattle/Texas/24-008749-003/2024(H5N1)	1026	6429
NA|PP755591.1|A/cattle/Texas/24-008749-003/2024(H5N1)	1027	6429
NA|PP755591.1|A/cattle/Texas/24-008749-003/2024(H5N1)	1028	6329
NA|PP755591.1|A/cattle/Texas/24-008749-003/2024(H5N1)	1029	6325
NA|PP755591.1|A/cattle/Texas/24-008749-003/2024(H5N1)	1030	6324
NA|PP755591.1|A/cattle/Texas/24-008749-003/2024(H5N1)	1031	6291
NA|PP755591.1|A/cattle/Texas/24-008749-003/2024(H5N1)	1032	6291
NA|PP755591.1|A/cattle/Texas/24-008749-003/2024(H5N1)	1033	6278
NA|PP755591.1|A/cattle/Texas/24-008749-003/2024(H5N1)	1034	6266
NA|PP755591.1|A/cattle/Texas/24-008749-003/2024(H5N1)	1035	5312
NA|PP755591.1|A/cattle/Texas/24-008749-003/2024(H5N1)	1036	5307
NA|PP755591.1|A/cattle/Texas/24-008749-003/2024(H5N1)	1037	5208
NA|PP755591.1|A/cattle/Texas/24-008749-003/2024(H5N1)	1038	5172
NA|PP755591.1|A/cattle/Texas/24-008749-003/2024(H5N1)	1039	5172
NA|PP755591.1|A/cattle/Texas/24-008749-003/2024(H5N1)	1040	5172
NA|PP755591.1|A/cattle/Texas/24-008749-003/2024(H5N1)	1041	5172
NA|PP755591.1|A/cattle/Texas/24-008749-003/2024(H5N1)	1042	5172
NA|PP755591.1|A/cattle/Texas/24-008749-003/2024(H5N1)	1043	5172
NA|PP755591.1|A/cattle/Texas/24-008749-003/2024(H5N1)	1044	5172
NA|PP755591.1|A/cattle/Texas/24-008749-003/2024(H5N1)	1045	5416
NA|PP755591.1|A/cattle/Texas/24-008749-003/2024(H5N1)	1046	5417
NA|PP755591.1|A/cattle/Texas/24-008749-003/2024(H5N1)	1047	5423
NA|PP755591.1|A/cattle/Texas/24-008749-003/2024(H5N1)	1048	5423
NA|PP755591.1|A/cattle/Texas/24-008749-003/2024(H5N1)	1049	5446
NA|PP755591.1|A/cattle/Texas/24-008749-003/2024(H5N1)	1050	5448
NA|PP755591.1|A/cattle/Texas/24-008749-003/2024(H5N1)	1051	5437
NA|PP755591.1|A/cattle/Texas/24-008749-003/2024(H5N1)	1052	5430
NA|PP755591.1|A/cattle/Texas/24-008749-003/2024(H5N1)	1053	5316
NA|PP755591.1|A/cattle/Texas/24-008749-003/2024(H5N1)	1054	5314
NA|PP755591.1|A/cattle/Texas/24-008749-003/2024(H5N1)	1055	5305
NA|PP755591.1|A/cattle/Texas/24-008749-003/2024(H5N1)	1056	5298
NA|PP755591.1|A/cattle/Texas/24-008749-003/2024(H5N1)	1057	5511
NA|PP755591.1|A/cattle/Texas/24-008749-003/2024(H5N1)	1058	5444
NA|PP755591.1|A/cattle/Texas/24-008749-003/2024(H5N1)	1059	5495
NA|PP755591.1|A/cattle/Texas/24-008749-003/2024(H5N1)	1060	5480
NA|PP755591.1|A/cattle/Texas/24-008749-003/2024(H5N1)	1061	5468
NA|PP755591.1|A/cattle/Texas/24-008749-003/2024(H5N1)	1062	5466
NA|PP755591.1|A/cattle/Texas/24-008749-003/2024(H5N1)	1063	5432
NA|PP755591.1|A/cattle/Texas/24-008749-003/2024(H5N1)	1064	5432
NA|PP755591.1|A/cattle/Texas/24-008749-003/2024(H5N1)	1065	5403
NA|PP755591.1|A/cattle/Texas/24-008749-003/2024(H5N1)	1066	5401
NA|PP755591.1|A/cattle/Texas/24-008749-003/2024(H5N1)	1067	5401
NA|PP755591.1|A/cattle/Texas/24-008749-003/2024(H5N1)	1068	5059
NA|PP755591.1|A/cattle/Texas/24-008749-003/2024(H5N1)	1069	5063
NA|PP755591.1|A/cattle/Texas/24-008749-003/2024(H5N1)	1070	4809
NA|PP755591.1|A/cattle/Texas/24-008749-003/2024(H5N1)	1071	4796
NA|PP755591.1|A/cattle/Texas/24-008749-003/2024(H5N1)	1072	4796
NA|PP755591.1|A/cattle/Texas/24-008749-003/2024(H5N1)	1073	4785
NA|PP755591.1|A/cattle/Texas/24-008749-003/2024(H5N1)	1074	4783
NA|PP755591.1|A/cattle/Texas/24-008749-003/2024(H5N1)	1075	4757
NA|PP755591.1|A/cattle/Texas/24-008749-003/2024(H5N1)	1076	4665
NA|PP755591.1|A/cattle/Texas/24-008749-003/2024(H5N1)	1077	4555
NA|PP755591.1|A/cattle/Texas/24-008749-003/2024(H5N1)	1078	4543
NA|PP755591.1|A/cattle/Texas/24-008749-003/2024(H5N1)	1079	4543
NA|PP755591.1|A/cattle/Texas/24-008749-003/2024(H5N1)	1080	4542
NA|PP755591.1|A/cattle/Texas/24-008749-003/2024(H5N1)	1081	4529
NA|PP755591.1|A/cattle/Texas/24-008749-003/2024(H5N1)	1082	4505
NA|PP755591.1|A/cattle/Texas/24-008749-003/2024(H5N1)	1083	4435
NA|PP755591.1|A/cattle/Texas/24-008749-003/2024(H5N1)	1084	4403
NA|PP755591.1|A/cattle/Texas/24-008749-003/2024(H5N1)	1085	4335
NA|PP755591.1|A/cattle/Texas/24-008749-003/2024(H5N1)	1086	4317
NA|PP755591.1|A/cattle/Texas/24-008749-003/2024(H5N1)	1087	4305
NA|PP755591.1|A/cattle/Texas/24-008749-003/2024(H5N1)	1088	4272
NA|PP755591.1|A/cattle/Texas/24-008749-003/2024(H5N1)	1089	4255
NA|PP755591.1|A/cattle/Texas/24-008749-003/2024(H5N1)	1090	4252
NA|PP755591.1|A/cattle/Texas/24-008749-003/2024(H5N1)	1091	4221
NA|PP755591.1|A/cattle/Texas/24-008749-003/2024(H5N1)	1092	4142
NA|PP755591.1|A/cattle/Texas/24-008749-003/2024(H5N1)	1093	4107
NA|PP755591.1|A/cattle/Texas/24-008749-003/2024(H5N1)	1094	3819
NA|PP755591.1|A/cattle/Texas/24-008749-003/2024(H5N1)	1095	3804
NA|PP755591.1|A/cattle/Texas/24-008749-003/2024(H5N1)	1096	3791
NA|PP755591.1|A/cattle/Texas/24-008749-003/2024(H5N1)	1097	3786
NA|PP755591.1|A/cattle/Texas/24-008749-003/2024(H5N1)	1098	2620
NA|PP755591.1|A/cattle/Texas/24-008749-003/2024(H5N1)	1099	2614
NA|PP755591.1|A/cattle/Texas/24-008749-003/2024(H5N1)	1100	2448
NA|PP755591.1|A/cattle/Texas/24-008749-003/2024(H5N1)	1101	2432
NA|PP755591.1|A/cattle/Texas/24-008749-003/2024(H5N1)	1102	2432
NA|PP755591.1|A/cattle/Texas/24-008749-003/2024(H5N1)	1103	2432
NA|PP755591.1|A/cattle/Texas/24-008749-003/2024(H5N1)	1104	2429
NA|PP755591.1|A/cattle/Texas/24-008749-003/2024(H5N1)	1105	2428
NA|PP755591.1|A/cattle/Texas/24-008749-003/2024(H5N1)	1106	2428
NA|PP755591.1|A/cattle/Texas/24-008749-003/2024(H5N1)	1107	2428
NA|PP755591.1|A/cattle/Texas/24-008749-003/2024(H5N1)	1108	2428
NA|PP755591.1|A/cattle/Texas/24-008749-003/2024(H5N1)	1109	2428
NA|PP755591.1|A/cattle/Texas/24-008749-003/2024(H5N1)	1110	2427
NA|PP755591.1|A/cattle/Texas/24-008749-003/2024(H5N1)	1111	2593
NA|PP755591.1|A/cattle/Texas/24-008749-003/2024(H5N1)	1112	2594
NA|PP755591.1|A/cattle/Texas/24-008749-003/2024(H5N1)	1113	2595
NA|PP755591.1|A/cattle/Texas/24-008749-003/2024(H5N1)	1114	2597
NA|PP755591.1|A/cattle/Texas/24-008749-003/2024(H5N1)	1115	2603
NA|PP755591.1|A/cattle/Texas/24-008749-003/2024(H5N1)	1116	2603
NA|PP755591.1|A/cattle/Texas/24-008749-003/2024(H5N1)	1117	2607
NA|PP755591.1|A/cattle/Texas/24-008749-003/2024(H5N1)	1118	2607
NA|PP755591.1|A/cattle/Texas/24-008749-003/2024(H5N1)	1119	2576
NA|PP755591.1|A/cattle/Texas/24-008749-003/2024(H5N1)	1120	2574
NA|PP755591.1|A/cattle/Texas/24-008749-003/2024(H5N1)	1121	2574
NA|PP755591.1|A/cattle/Texas/24-008749-003/2024(H5N1)	1122	2534
NA|PP755591.1|A/cattle/Texas/24-008749-003/2024(H5N1)	1123	2554
NA|PP755591.1|A/cattle/Texas/24-008749-003/2024(H5N1)	1124	2553
NA|PP755591.1|A/cattle/Texas/24-008749-003/2024(H5N1)	1125	2553
NA|PP755591.1|A/cattle/Texas/24-008749-003/2024(H5N1)	1126	2545
NA|PP755591.1|A/cattle/Texas/24-008749-003/2024(H5N1)	1127	2542
NA|PP755591.1|A/cattle/Texas/24-008749-003/2024(H5N1)	1128	2381
NA|PP755591.1|A/cattle/Texas/24-008749-003/2024(H5N1)	1129	2351
NA|PP755591.1|A/cattle/Texas/24-008749-003/2024(H5N1)	1130	2270
NA|PP755591.1|A/cattle/Texas/24-008749-003/2024(H5N1)	1131	2248
NA|PP755591.1|A/cattle/Texas/24-008749-003/2024(H5N1)	1132	2289
NA|PP755591.1|A/cattle/Texas/24-008749-003/2024(H5N1)	1133	2285
NA|PP755591.1|A/cattle/Texas/24-008749-003/2024(H5N1)	1134	2255
NA|PP755591.1|A/cattle/Texas/24-008749-003/2024(H5N1)	1135	2248
NA|PP755591.1|A/cattle/Texas/24-008749-003/2024(H5N1)	1136	2172
NA|PP755591.1|A/cattle/Texas/24-008749-003/2024(H5N1)	1137	2109
NA|PP755591.1|A/cattle/Texas/24-008749-003/2024(H5N1)	1138	1919
NA|PP755591.1|A/cattle/Texas/24-008749-003/2024(H5N1)	1139	1907
NA|PP755591.1|A/cattle/Texas/24-008749-003/2024(H5N1)	1140	1902
NA|PP755591.1|A/cattle/Texas/24-008749-003/2024(H5N1)	1141	1892
NA|PP755591.1|A/cattle/Texas/24-008749-003/2024(H5N1)	1142	1851
NA|PP755591.1|A/cattle/Texas/24-008749-003/2024(H5N1)	1143	1812
NA|PP755591.1|A/cattle/Texas/24-008749-003/2024(H5N1)	1144	1789
NA|PP755591.1|A/cattle/Texas/24-008749-003/2024(H5N1)	1145	1749
NA|PP755591.1|A/cattle/Texas/24-008749-003/2024(H5N1)	1146	1743
NA|PP755591.1|A/cattle/Texas/24-008749-003/2024(H5N1)	1147	1694
NA|PP755591.1|A/cattle/Texas/24-008749-003/2024(H5N1)	1148	1675
NA|PP755591.1|A/cattle/Texas/24-008749-003/2024(H5N1)	1149	1540
NA|PP755591.1|A/cattle/Texas/24-008749-003/2024(H5N1)	1150	1524
NA|PP755591.1|A/cattle/Texas/24-008749-003/2024(H5N1)	1151	1514
NA|PP755591.1|A/cattle/Texas/24-008749-003/2024(H5N1)	1152	1396
NA|PP755591.1|A/cattle/Texas/24-008749-003/2024(H5N1)	1153	1214
NA|PP755591.1|A/cattle/Texas/24-008749-003/2024(H5N1)	1154	1214
NA|PP755591.1|A/cattle/Texas/24-008749-003/2024(H5N1)	1155	1194
NA|PP755591.1|A/cattle/Texas/24-008749-003/2024(H5N1)	1156	1192
NA|PP755591.1|A/cattle/Texas/24-008749-003/2024(H5N1)	1157	1165
NA|PP755591.1|A/cattle/Texas/24-008749-003/2024(H5N1)	1158	1071
NA|PP755591.1|A/cattle/Texas/24-008749-003/2024(H5N1)	1159	1067
NA|PP755591.1|A/cattle/Texas/24-008749-003/2024(H5N1)	1160	1050
NA|PP755591.1|A/cattle/Texas/24-008749-003/2024(H5N1)	1161	952
NA|PP755591.1|A/cattle/Texas/24-008749-003/2024(H5N1)	1162	943
NA|PP755591.1|A/cattle/Texas/24-008749-003/2024(H5N1)	1163	794
NA|PP755591.1|A/cattle/Texas/24-008749-003/2024(H5N1)	1164	778
NA|PP755591.1|A/cattle/Texas/24-008749-003/2024(H5N1)	1165	778
NA|PP755591.1|A/cattle/Texas/24-008749-003/2024(H5N1)	1166	778
NA|PP755591.1|A/cattle/Texas/24-008749-003/2024(H5N1)	1167	776
NA|PP755591.1|A/cattle/Texas/24-008749-003/2024(H5N1)	1168	871
NA|PP755591.1|A/cattle/Texas/24-008749-003/2024(H5N1)	1169	871
NA|PP755591.1|A/cattle/Texas/24-008749-003/2024(H5N1)	1170	887
NA|PP755591.1|A/cattle/Texas/24-008749-003/2024(H5N1)	1171	887
NA|PP755591.1|A/cattle/Texas/24-008749-003/2024(H5N1)	1172	887
NA|PP755591.1|A/cattle/Texas/24-008749-003/2024(H5N1)	1173	887
NA|PP755591.1|A/cattle/Texas/24-008749-003/2024(H5N1)	1174	887
NA|PP755591.1|A/cattle/Texas/24-008749-003/2024(H5N1)	1175	888
NA|PP755591.1|A/cattle/Texas/24-008749-003/2024(H5N1)	1176	888
NA|PP755591.1|A/cattle/Texas/24-008749-003/2024(H5N1)	1177	928
NA|PP755591.1|A/cattle/Texas/24-008749-003/2024(H5N1)	1178	931
NA|PP755591.1|A/cattle/Texas/24-008749-003/2024(H5N1)	1179	931
NA|PP755591.1|A/cattle/Texas/24-008749-003/2024(H5N1)	1180	931
NA|PP755591.1|A/cattle/Texas/24-008749-003/2024(H5N1)	1181	931
NA|PP755591.1|A/cattle/Texas/24-008749-003/2024(H5N1)	1182	912
NA|PP755591.1|A/cattle/Texas/24-008749-003/2024(H5N1)	1183	912
NA|PP755591.1|A/cattle/Texas/24-008749-003/2024(H5N1)	1184	829
NA|PP755591.1|A/cattle/Texas/24-008749-003/2024(H5N1)	1185	839
NA|PP755591.1|A/cattle/Texas/24-008749-003/2024(H5N1)	1186	894
NA|PP755591.1|A/cattle/Texas/24-008749-003/2024(H5N1)	1187	894
NA|PP755591.1|A/cattle/Texas/24-008749-003/2024(H5N1)	1188	894
NA|PP755591.1|A/cattle/Texas/24-008749-003/2024(H5N1)	1189	894
NA|PP755591.1|A/cattle/Texas/24-008749-003/2024(H5N1)	1190	893
NA|PP755591.1|A/cattle/Texas/24-008749-003/2024(H5N1)	1191	826
NA|PP755591.1|A/cattle/Texas/24-008749-003/2024(H5N1)	1192	840
NA|PP755591.1|A/cattle/Texas/24-008749-003/2024(H5N1)	1193	841
NA|PP755591.1|A/cattle/Texas/24-008749-003/2024(H5N1)	1194	850
NA|PP755591.1|A/cattle/Texas/24-008749-003/2024(H5N1)	1195	850
NA|PP755591.1|A/cattle/Texas/24-008749-003/2024(H5N1)	1196	1185
NA|PP755591.1|A/cattle/Texas/24-008749-003/2024(H5N1)	1197	1191
NA|PP755591.1|A/cattle/Texas/24-008749-003/2024(H5N1)	1198	1191
NA|PP755591.1|A/cattle/Texas/24-008749-003/2024(H5N1)	1199	1191
NA|PP755591.1|A/cattle/Texas/24-008749-003/2024(H5N1)	1200	1169
NA|PP755591.1|A/cattle/Texas/24-008749-003/2024(H5N1)	1201	1384
NA|PP755591.1|A/cattle/Texas/24-008749-003/2024(H5N1)	1202	1385
NA|PP755591.1|A/cattle/Texas/24-008749-003/2024(H5N1)	1203	1381
NA|PP755591.1|A/cattle/Texas/24-008749-003/2024(H5N1)	1204	1380
NA|PP755591.1|A/cattle/Texas/24-008749-003/2024(H5N1)	1205	1174
NA|PP755591.1|A/cattle/Texas/24-008749-003/2024(H5N1)	1206	1174
NA|PP755591.1|A/cattle/Texas/24-008749-003/2024(H5N1)	1207	1170
NA|PP755591.1|A/cattle/Texas/24-008749-003/2024(H5N1)	1208	1170
NA|PP755591.1|A/cattle/Texas/24-008749-003/2024(H5N1)	1209	1074
NA|PP755591.1|A/cattle/Texas/24-008749-003/2024(H5N1)	1210	1074
NA|PP755591.1|A/cattle/Texas/24-008749-003/2024(H5N1)	1211	1074
NA|PP755591.1|A/cattle/Texas/24-008749-003/2024(H5N1)	1212	1074
NA|PP755591.1|A/cattle/Texas/24-008749-003/2024(H5N1)	1213	1098
NA|PP755591.1|A/cattle/Texas/24-008749-003/2024(H5N1)	1214	1139
NA|PP755591.1|A/cattle/Texas/24-008749-003/2024(H5N1)	1215	1139
NA|PP755591.1|A/cattle/Texas/24-008749-003/2024(H5N1)	1216	1140
NA|PP755591.1|A/cattle/Texas/24-008749-003/2024(H5N1)	1217	1140
NA|PP755591.1|A/cattle/Texas/24-008749-003/2024(H5N1)	1218	1140
NA|PP755591.1|A/cattle/Texas/24-008749-003/2024(H5N1)	1219	1140
NA|PP755591.1|A/cattle/Texas/24-008749-003/2024(H5N1)	1220	1137
NA|PP755591.1|A/cattle/Texas/24-008749-003/2024(H5N1)	1221	1123
NA|PP755591.1|A/cattle/Texas/24-008749-003/2024(H5N1)	1222	1146
NA|PP755591.1|A/cattle/Texas/24-008749-003/2024(H5N1)	1223	1148
NA|PP755591.1|A/cattle/Texas/24-008749-003/2024(H5N1)	1224	1178
NA|PP755591.1|A/cattle/Texas/24-008749-003/2024(H5N1)	1225	1180
NA|PP755591.1|A/cattle/Texas/24-008749-003/2024(H5N1)	1226	1349
NA|PP755591.1|A/cattle/Texas/24-008749-003/2024(H5N1)	1227	1406
NA|PP755591.1|A/cattle/Texas/24-008749-003/2024(H5N1)	1228	1428
NA|PP755591.1|A/cattle/Texas/24-008749-003/2024(H5N1)	1229	1428
NA|PP755591.1|A/cattle/Texas/24-008749-003/2024(H5N1)	1230	1430
NA|PP755591.1|A/cattle/Texas/24-008749-003/2024(H5N1)	1231	1487
NA|PP755591.1|A/cattle/Texas/24-008749-003/2024(H5N1)	1232	1516
NA|PP755591.1|A/cattle/Texas/24-008749-003/2024(H5N1)	1233	1517
NA|PP755591.1|A/cattle/Texas/24-008749-003/2024(H5N1)	1234	1531
NA|PP755591.1|A/cattle/Texas/24-008749-003/2024(H5N1)	1235	1491
NA|PP755591.1|A/cattle/Texas/24-008749-003/2024(H5N1)	1236	1491
NA|PP755591.1|A/cattle/Texas/24-008749-003/2024(H5N1)	1237	1490
NA|PP755591.1|A/cattle/Texas/24-008749-003/2024(H5N1)	1238	1490
NA|PP755591.1|A/cattle/Texas/24-008749-003/2024(H5N1)	1239	1439
NA|PP755591.1|A/cattle/Texas/24-008749-003/2024(H5N1)	1240	1758
NA|PP755591.1|A/cattle/Texas/24-008749-003/2024(H5N1)	1241	1758
NA|PP755591.1|A/cattle/Texas/24-008749-003/2024(H5N1)	1242	1757
NA|PP755591.1|A/cattle/Texas/24-008749-003/2024(H5N1)	1243	1821
NA|PP755591.1|A/cattle/Texas/24-008749-003/2024(H5N1)	1244	1824
NA|PP755591.1|A/cattle/Texas/24-008749-003/2024(H5N1)	1245	1935
NA|PP755591.1|A/cattle/Texas/24-008749-003/2024(H5N1)	1246	2506
NA|PP755591.1|A/cattle/Texas/24-008749-003/2024(H5N1)	1247	2541
NA|PP755591.1|A/cattle/Texas/24-008749-003/2024(H5N1)	1248	2567
NA|PP755591.1|A/cattle/Texas/24-008749-003/2024(H5N1)	1249	2569
NA|PP755591.1|A/cattle/Texas/24-008749-003/2024(H5N1)	1250	2840
NA|PP755591.1|A/cattle/Texas/24-008749-003/2024(H5N1)	1251	2921
NA|PP755591.1|A/cattle/Texas/24-008749-003/2024(H5N1)	1252	2924
NA|PP755591.1|A/cattle/Texas/24-008749-003/2024(H5N1)	1253	2926
NA|PP755591.1|A/cattle/Texas/24-008749-003/2024(H5N1)	1254	2926
NA|PP755591.1|A/cattle/Texas/24-008749-003/2024(H5N1)	1255	2940
NA|PP755591.1|A/cattle/Texas/24-008749-003/2024(H5N1)	1256	3014
NA|PP755591.1|A/cattle/Texas/24-008749-003/2024(H5N1)	1257	3190
NA|PP755591.1|A/cattle/Texas/24-008749-003/2024(H5N1)	1258	3245
NA|PP755591.1|A/cattle/Texas/24-008749-003/2024(H5N1)	1259	3212
NA|PP755591.1|A/cattle/Texas/24-008749-003/2024(H5N1)	1260	3279
NA|PP755591.1|A/cattle/Texas/24-008749-003/2024(H5N1)	1261	3285
NA|PP755591.1|A/cattle/Texas/24-008749-003/2024(H5N1)	1262	3304
NA|PP755591.1|A/cattle/Texas/24-008749-003/2024(H5N1)	1263	3928
NA|PP755591.1|A/cattle/Texas/24-008749-003/2024(H5N1)	1264	3941
NA|PP755591.1|A/cattle/Texas/24-008749-003/2024(H5N1)	1265	3993
NA|PP755591.1|A/cattle/Texas/24-008749-003/2024(H5N1)	1266	3996
NA|PP755591.1|A/cattle/Texas/24-008749-003/2024(H5N1)	1267	4012
NA|PP755591.1|A/cattle/Texas/24-008749-003/2024(H5N1)	1268	4403
NA|PP755591.1|A/cattle/Texas/24-008749-003/2024(H5N1)	1269	4405
NA|PP755591.1|A/cattle/Texas/24-008749-003/2024(H5N1)	1270	4420
NA|PP755591.1|A/cattle/Texas/24-008749-003/2024(H5N1)	1271	4419
NA|PP755591.1|A/cattle/Texas/24-008749-003/2024(H5N1)	1272	4436
NA|PP755591.1|A/cattle/Texas/24-008749-003/2024(H5N1)	1273	4598
NA|PP755591.1|A/cattle/Texas/24-008749-003/2024(H5N1)	1274	4602
NA|PP755591.1|A/cattle/Texas/24-008749-003/2024(H5N1)	1275	4627
NA|PP755591.1|A/cattle/Texas/24-008749-003/2024(H5N1)	1276	4615
NA|PP755591.1|A/cattle/Texas/24-008749-003/2024(H5N1)	1277	4600
NA|PP755591.1|A/cattle/Texas/24-008749-003/2024(H5N1)	1278	4512
NA|PP755591.1|A/cattle/Texas/24-008749-003/2024(H5N1)	1279	4524
NA|PP755591.1|A/cattle/Texas/24-008749-003/2024(H5N1)	1280	4550
NA|PP755591.1|A/cattle/Texas/24-008749-003/2024(H5N1)	1281	4550
NA|PP755591.1|A/cattle/Texas/24-008749-003/2024(H5N1)	1282	4550
NA|PP755591.1|A/cattle/Texas/24-008749-003/2024(H5N1)	1283	4838
NA|PP755591.1|A/cattle/Texas/24-008749-003/2024(H5N1)	1284	4892
NA|PP755591.1|A/cattle/Texas/24-008749-003/2024(H5N1)	1285	4903
NA|PP755591.1|A/cattle/Texas/24-008749-003/2024(H5N1)	1286	4903
NA|PP755591.1|A/cattle/Texas/24-008749-003/2024(H5N1)	1287	4904
NA|PP755591.1|A/cattle/Texas/24-008749-003/2024(H5N1)	1288	4906
NA|PP755591.1|A/cattle/Texas/24-008749-003/2024(H5N1)	1289	5086
NA|PP755591.1|A/cattle/Texas/24-008749-003/2024(H5N1)	1290	5281
NA|PP755591.1|A/cattle/Texas/24-008749-003/2024(H5N1)	1291	6567
NA|PP755591.1|A/cattle/Texas/24-008749-003/2024(H5N1)	1292	6656
NA|PP755591.1|A/cattle/Texas/24-008749-003/2024(H5N1)	1293	6662
NA|PP755591.1|A/cattle/Texas/24-008749-003/2024(H5N1)	1294	6685
NA|PP755591.1|A/cattle/Texas/24-008749-003/2024(H5N1)	1295	6690
NA|PP755591.1|A/cattle/Texas/24-008749-003/2024(H5N1)	1296	6702
NA|PP755591.1|A/cattle/Texas/24-008749-003/2024(H5N1)	1297	6726
NA|PP755591.1|A/cattle/Texas/24-008749-003/2024(H5N1)	1298	6724
NA|PP755591.1|A/cattle/Texas/24-008749-003/2024(H5N1)	1299	6799
NA|PP755591.1|A/cattle/Texas/24-008749-003/2024(H5N1)	1300	6789
NA|PP755591.1|A/cattle/Texas/24-008749-003/2024(H5N1)	1301	6786
NA|PP755591.1|A/cattle/Texas/24-008749-003/2024(H5N1)	1302	6775
NA|PP755591.1|A/cattle/Texas/24-008749-003/2024(H5N1)	1303	6777
NA|PP755591.1|A/cattle/Texas/24-008749-003/2024(H5N1)	1304	6845
NA|PP755591.1|A/cattle/Texas/24-008749-003/2024(H5N1)	1305	6861
NA|PP755591.1|A/cattle/Texas/24-008749-003/2024(H5N1)	1306	7221
NA|PP755591.1|A/cattle/Texas/24-008749-003/2024(H5N1)	1307	7221
NA|PP755591.1|A/cattle/Texas/24-008749-003/2024(H5N1)	1308	7220
NA|PP755591.1|A/cattle/Texas/24-008749-003/2024(H5N1)	1309	7220
NA|PP755591.1|A/cattle/Texas/24-008749-003/2024(H5N1)	1310	7240
NA|PP755591.1|A/cattle/Texas/24-008749-003/2024(H5N1)	1311	7240
NA|PP755591.1|A/cattle/Texas/24-008749-003/2024(H5N1)	1312	7240
NA|PP755591.1|A/cattle/Texas/24-008749-003/2024(H5N1)	1313	7236
NA|PP755591.1|A/cattle/Texas/24-008749-003/2024(H5N1)	1314	7088
NA|PP755591.1|A/cattle/Texas/24-008749-003/2024(H5N1)	1315	7396
NA|PP755591.1|A/cattle/Texas/24-008749-003/2024(H5N1)	1316	7396
NA|PP755591.1|A/cattle/Texas/24-008749-003/2024(H5N1)	1317	7394
NA|PP755591.1|A/cattle/Texas/24-008749-003/2024(H5N1)	1318	7404
NA|PP755591.1|A/cattle/Texas/24-008749-003/2024(H5N1)	1319	7406
NA|PP755591.1|A/cattle/Texas/24-008749-003/2024(H5N1)	1320	7428
NA|PP755591.1|A/cattle/Texas/24-008749-003/2024(H5N1)	1321	7628
NA|PP755591.1|A/cattle/Texas/24-008749-003/2024(H5N1)	1322	7636
NA|PP755591.1|A/cattle/Texas/24-008749-003/2024(H5N1)	1323	7692
NA|PP755591.1|A/cattle/Texas/24-008749-003/2024(H5N1)	1324	7692
NA|PP755591.1|A/cattle/Texas/24-008749-003/2024(H5N1)	1325	7756
NA|PP755591.1|A/cattle/Texas/24-008749-003/2024(H5N1)	1326	7755
NA|PP755591.1|A/cattle/Texas/24-008749-003/2024(H5N1)	1327	7757
NA|PP755591.1|A/cattle/Texas/24-008749-003/2024(H5N1)	1328	7757
NA|PP755591.1|A/cattle/Texas/24-008749-003/2024(H5N1)	1329	7756
NA|PP755591.1|A/cattle/Texas/24-008749-003/2024(H5N1)	1330	7772
NA|PP755591.1|A/cattle/Texas/24-008749-003/2024(H5N1)	1331	7792
NA|PP755591.1|A/cattle/Texas/24-008749-003/2024(H5N1)	1332	7796
NA|PP755591.1|A/cattle/Texas/24-008749-003/2024(H5N1)	1333	7816
NA|PP755591.1|A/cattle/Texas/24-008749-003/2024(H5N1)	1334	7822
NA|PP755591.1|A/cattle/Texas/24-008749-003/2024(H5N1)	1335	7822
NA|PP755591.1|A/cattle/Texas/24-008749-003/2024(H5N1)	1336	7822
NA|PP755591.1|A/cattle/Texas/24-008749-003/2024(H5N1)	1337	7834
NA|PP755591.1|A/cattle/Texas/24-008749-003/2024(H5N1)	1338	7834
NA|PP755591.1|A/cattle/Texas/24-008749-003/2024(H5N1)	1339	7892
NA|PP755591.1|A/cattle/Texas/24-008749-003/2024(H5N1)	1340	7946
NA|PP755591.1|A/cattle/Texas/24-008749-003/2024(H5N1)	1341	7929
NA|PP755591.1|A/cattle/Texas/24-008749-003/2024(H5N1)	1342	8028
NA|PP755591.1|A/cattle/Texas/24-008749-003/2024(H5N1)	1343	8028
NA|PP755591.1|A/cattle/Texas/24-008749-003/2024(H5N1)	1344	8052
NA|PP755591.1|A/cattle/Texas/24-008749-003/2024(H5N1)	1345	8094
NA|PP755591.1|A/cattle/Texas/24-008749-003/2024(H5N1)	1346	8098
NA|PP755591.1|A/cattle/Texas/24-008749-003/2024(H5N1)	1347	7891
NA|PP755591.1|A/cattle/Texas/24-008749-003/2024(H5N1)	1348	7887
NA|PP755591.1|A/cattle/Texas/24-008749-003/2024(H5N1)	1349	7886
NA|PP755591.1|A/cattle/Texas/24-008749-003/2024(H5N1)	1350	7656
NA|PP755591.1|A/cattle/Texas/24-008749-003/2024(H5N1)	1351	7663
NA|PP755591.1|A/cattle/Texas/24-008749-003/2024(H5N1)	1352	7673
NA|PP755591.1|A/cattle/Texas/24-008749-003/2024(H5N1)	1353	7690
NA|PP755591.1|A/cattle/Texas/24-008749-003/2024(H5N1)	1354	7708
NA|PP755591.1|A/cattle/Texas/24-008749-003/2024(H5N1)	1355	7766
NA|PP755591.1|A/cattle/Texas/24-008749-003/2024(H5N1)	1356	7765
NA|PP755591.1|A/cattle/Texas/24-008749-003/2024(H5N1)	1357	7773
NA|PP755591.1|A/cattle/Texas/24-008749-003/2024(H5N1)	1358	7766
NA|PP755591.1|A/cattle/Texas/24-008749-003/2024(H5N1)	1359	7812
NA|PP755591.1|A/cattle/Texas/24-008749-003/2024(H5N1)	1360	7836
NA|PP755591.1|A/cattle/Texas/24-008749-003/2024(H5N1)	1361	7836
NA|PP755591.1|A/cattle/Texas/24-008749-003/2024(H5N1)	1362	7840
NA|PP755591.1|A/cattle/Texas/24-008749-003/2024(H5N1)	1363	7840
NA|PP755591.1|A/cattle/Texas/24-008749-003/2024(H5N1)	1364	7854
NA|PP755591.1|A/cattle/Texas/24-008749-003/2024(H5N1)	1365	8004
NA|PP755591.1|A/cattle/Texas/24-008749-003/2024(H5N1)	1366	8004
NA|PP755591.1|A/cattle/Texas/24-008749-003/2024(H5N1)	1367	7998
NA|PP755591.1|A/cattle/Texas/24-008749-003/2024(H5N1)	1368	8000
NA|PP755591.1|A/cattle/Texas/24-008749-003/2024(H5N1)	1369	8022
NA|PP755591.1|A/cattle/Texas/24-008749-003/2024(H5N1)	1370	8029
NA|PP755591.1|A/cattle/Texas/24-008749-003/2024(H5N1)	1371	8037
NA|PP755591.1|A/cattle/Texas/24-008749-003/2024(H5N1)	1372	8036
NA|PP755591.1|A/cattle/Texas/24-008749-003/2024(H5N1)	1373	8034
NA|PP755591.1|A/cattle/Texas/24-008749-003/2024(H5N1)	1374	8042
NA|PP755591.1|A/cattle/Texas/24-008749-003/2024(H5N1)	1375	8013
NA|PP755591.1|A/cattle/Texas/24-008749-003/2024(H5N1)	1376	8018
NA|PP755591.1|A/cattle/Texas/24-008749-003/2024(H5N1)	1377	7851
NA|PP755591.1|A/cattle/Texas/24-008749-003/2024(H5N1)	1378	7701
NA|PP755591.1|A/cattle/Texas/24-008749-003/2024(H5N1)	1379	7808
NA|PP755591.1|A/cattle/Texas/24-008749-003/2024(H5N1)	1380	7719
NA|PP755591.1|A/cattle/Texas/24-008749-003/2024(H5N1)	1381	7720
NA|PP755591.1|A/cattle/Texas/24-008749-003/2024(H5N1)	1382	7652
NA|PP755591.1|A/cattle/Texas/24-008749-003/2024(H5N1)	1383	7593
NA|PP755591.1|A/cattle/Texas/24-008749-003/2024(H5N1)	1384	7609
NA|PP755591.1|A/cattle/Texas/24-008749-003/2024(H5N1)	1385	7568
NA|PP755591.1|A/cattle/Texas/24-008749-003/2024(H5N1)	1386	7569
NA|PP755591.1|A/cattle/Texas/24-008749-003/2024(H5N1)	1387	7548
NA|PP755591.1|A/cattle/Texas/24-008749-003/2024(H5N1)	1388	5796
NA|PP755591.1|A/cattle/Texas/24-008749-003/2024(H5N1)	1389	5817
NA|PP755591.1|A/cattle/Texas/24-008749-003/2024(H5N1)	1390	5650
NA|PP755591.1|A/cattle/Texas/24-008749-003/2024(H5N1)	1391	5639
NA|PP755591.1|A/cattle/Texas/24-008749-003/2024(H5N1)	1392	5647
NA|PP755591.1|A/cattle/Texas/24-008749-003/2024(H5N1)	1393	5392
NA|PP755591.1|A/cattle/Texas/24-008749-003/2024(H5N1)	1394	5375
NA|PP755591.1|A/cattle/Texas/24-008749-003/2024(H5N1)	1395	5330
NA|PP755591.1|A/cattle/Texas/24-008749-003/2024(H5N1)	1396	5287
NA|PP755591.1|A/cattle/Texas/24-008749-003/2024(H5N1)	1397	5271
NA|PP755591.1|A/cattle/Texas/24-008749-003/2024(H5N1)	1398	5144
NA|PP755591.1|A/cattle/Texas/24-008749-003/2024(H5N1)	1399	5042
NA|PP755591.1|A/cattle/Texas/24-008749-003/2024(H5N1)	1400	5036
NA|PP755591.1|A/cattle/Texas/24-008749-003/2024(H5N1)	1401	4822
NA|PP755591.1|A/cattle/Texas/24-008749-003/2024(H5N1)	1402	4805
NA|PP755591.1|A/cattle/Texas/24-008749-003/2024(H5N1)	1403	4796
NA|PP755591.1|A/cattle/Texas/24-008749-003/2024(H5N1)	1404	4788
NA|PP755591.1|A/cattle/Texas/24-008749-003/2024(H5N1)	1405	4729
NA|PP755591.1|A/cattle/Texas/24-008749-003/2024(H5N1)	1406	4342
NA|PP755591.1|A/cattle/Texas/24-008749-003/2024(H5N1)	1407	4261
NA|PP755591.1|A/cattle/Texas/24-008749-003/2024(H5N1)	1408	4231
NA|PP755591.1|A/cattle/Texas/24-008749-003/2024(H5N1)	1409	4077
NA|PP755591.1|A/cattle/Texas/24-008749-003/2024(H5N1)	1410	4069
