NS|PP755593.1|A/cattle/Texas/24-008749-003/2024(H5N1)	1	12186
NS|PP755593.1|A/cattle/Texas/24-008749-003/2024(H5N1)	2	12222
NS|PP755593.1|A/cattle/Texas/24-008749-003/2024(H5N1)	3	12488
NS|PP755593.1|A/cattle/Texas/24-008749-003/2024(H5N1)	4	12865
NS|PP755593.1|A/cattle/Texas/24-008749-003/2024(H5N1)	5	13593
NS|PP755593.1|A/cattle/Texas/24-008749-003/2024(H5N1)	6	20048
NS|PP755593.1|A/cattle/Texas/24-008749-003/2024(H5N1)	7	20056
NS|PP755593.1|A/cattle/Texas/24-008749-003/2024(H5N1)	8	20384
NS|PP755593.1|A/cattle/Texas/24-008749-003/2024(H5N1)	9	20776
NS|PP755593.1|A/cattle/Texas/24-008749-003/2024(H5N1)	10	20787
NS|PP755593.1|A/cattle/Texas/24-008749-003/2024(H5N1)	11	21072
NS|PP755593.1|A/cattle/Texas/24-008749-003/2024(H5N1)	12	21119
NS|PP755593.1|A/cattle/Texas/24-008749-003/2024(H5N1)	13	21139
NS|PP755593.1|A/cattle/Texas/24-008749-003/2024(H5N1)	14	21224
NS|PP755593.1|A/cattle/Texas/24-008749-003/2024(H5N1)	15	21227
NS|PP755593.1|A/cattle/Texas/24-008749-003/2024(H5N1)	16	23260
NS|PP755593.1|A/cattle/Texas/24-008749-003/2024(H5N1)	17	23385
NS|PP755593.1|A/cattle/Texas/24-008749-003/2024(H5N1)	18	23465
NS|PP755593.1|A/cattle/Texas/24-008749-003/2024(H5N1)	19	23508
NS|PP755593.1|A/cattle/Texas/24-008749-003/2024(H5N1)	20	23522
NS|PP755593.1|A/cattle/Texas/24-008749-003/2024(H5N1)	21	23579
NS|PP755593.1|A/cattle/Texas/24-008749-003/2024(H5N1)	22	23592
NS|PP755593.1|A/cattle/Texas/24-008749-003/2024(H5N1)	23	23766
NS|PP755593.1|A/cattle/Texas/24-008749-003/2024(H5N1)	24	24721
NS|PP755593.1|A/cattle/Texas/24-008749-003/2024(H5N1)	25	24772
NS|PP755593.1|A/cattle/Texas/24-008749-003/2024(H5N1)	26	25095
NS|PP755593.1|A/cattle/Texas/24-008749-003/2024(H5N1)	27	25127
NS|PP755593.1|A/cattle/Texas/24-008749-003/2024(H5N1)	28	25756
NS|PP755593.1|A/cattle/Texas/24-008749-003/2024(H5N1)	29	25785
NS|PP755593.1|A/cattle/Texas/24-008749-003/2024(H5N1)	30	25944
NS|PP755593.1|A/cattle/Texas/24-008749-003/2024(H5N1)	31	26098
NS|PP755593.1|A/cattle/Texas/24-008749-003/2024(H5N1)	32	26175
NS|PP755593.1|A/cattle/Texas/24-008749-003/2024(H5N1)	33	26223
NS|PP755593.1|A/cattle/Texas/24-008749-003/2024(H5N1)	34	26294
NS|PP755593.1|A/cattle/Texas/24-008749-003/2024(H5N1)	35	26467
NS|PP755593.1|A/cattle/Texas/24-008749-003/2024(H5N1)	36	26585
NS|PP755593.1|A/cattle/Texas/24-008749-003/2024(H5N1)	37	26652
NS|PP755593.1|A/cattle/Texas/24-008749-003/2024(H5N1)	38	27106
NS|PP755593.1|A/cattle/Texas/24-008749-003/2024(H5N1)	39	27361
NS|PP755593.1|A/cattle/Texas/24-008749-003/2024(H5N1)	40	27363
NS|PP755593.1|A/cattle/Texas/24-008749-003/2024(H5N1)	41	27620
NS|PP755593.1|A/cattle/Texas/24-008749-003/2024(H5N1)	42	27811
NS|PP755593.1|A/cattle/Texas/24-008749-003/2024(H5N1)	43	28069
NS|PP755593.1|A/cattle/Texas/24-008749-003/2024(H5N1)	44	28498
NS|PP755593.1|A/cattle/Texas/24-008749-003/2024(H5N1)	45	28510
NS|PP755593.1|A/cattle/Texas/24-008749-003/2024(H5N1)	46	28812
NS|PP755593.1|A/cattle/Texas/24-008749-003/2024(H5N1)	47	28844
NS|PP755593.1|A/cattle/Texas/24-008749-003/2024(H5N1)	48	28853
NS|PP755593.1|A/cattle/Texas/24-008749-003/2024(H5N1)	49	28978
NS|PP755593.1|A/cattle/Texas/24-008749-003/2024(H5N1)	50	28967
NS|PP755593.1|A/cattle/Texas/24-008749-003/2024(H5N1)	51	29254
NS|PP755593.1|A/cattle/Texas/24-008749-003/2024(H5N1)	52	29529
NS|PP755593.1|A/cattle/Texas/24-008749-003/2024(H5N1)	53	29592
NS|PP755593.1|A/cattle/Texas/24-008749-003/2024(H5N1)	54	29659
NS|PP755593.1|A/cattle/Texas/24-008749-003/2024(H5N1)	55	29709
NS|PP755593.1|A/cattle/Texas/24-008749-003/2024(H5N1)	56	29709
NS|PP755593.1|A/cattle/Texas/24-008749-003/2024(H5N1)	57	29722
NS|PP755593.1|A/cattle/Texas/24-008749-003/2024(H5N1)	58	29738
NS|PP755593.1|A/cattle/Texas/24-008749-003/2024(H5N1)	59	29911
NS|PP755593.1|A/cattle/Texas/24-008749-003/2024(H5N1)	60	29962
NS|PP755593.1|A/cattle/Texas/24-008749-003/2024(H5N1)	61	30175
NS|PP755593.1|A/cattle/Texas/24-008749-003/2024(H5N1)	62	30197
NS|PP755593.1|A/cattle/Texas/24-008749-003/2024(H5N1)	63	30223
NS|PP755593.1|A/cattle/Texas/24-008749-003/2024(H5N1)	64	30247
NS|PP755593.1|A/cattle/Texas/24-008749-003/2024(H5N1)	65	30330
NS|PP755593.1|A/cattle/Texas/24-008749-003/2024(H5N1)	66	30360
NS|PP755593.1|A/cattle/Texas/24-008749-003/2024(H5N1)	67	30373
NS|PP755593.1|A/cattle/Texas/24-008749-003/2024(H5N1)	68	30375
NS|PP755593.1|A/cattle/Texas/24-008749-003/2024(H5N1)	69	30352
NS|PP755593.1|A/cattle/Texas/24-008749-003/2024(H5N1)	70	30767
NS|PP755593.1|A/cattle/Texas/24-008749-003/2024(H5N1)	71	31885
NS|PP755593.1|A/cattle/Texas/24-008749-003/2024(H5N1)	72	32562
NS|PP755593.1|A/cattle/Texas/24-008749-003/2024(H5N1)	73	32609
NS|PP755593.1|A/cattle/Texas/24-008749-003/2024(H5N1)	74	32778
NS|PP755593.1|A/cattle/Texas/24-008749-003/2024(H5N1)	75	32981
NS|PP755593.1|A/cattle/Texas/24-008749-003/2024(H5N1)	76	34629
NS|PP755593.1|A/cattle/Texas/24-008749-003/2024(H5N1)	77	34823
NS|PP755593.1|A/cattle/Texas/24-008749-003/2024(H5N1)	78	34907
NS|PP755593.1|A/cattle/Texas/24-008749-003/2024(H5N1)	79	34946
NS|PP755593.1|A/cattle/Texas/24-008749-003/2024(H5N1)	80	34764
NS|PP755593.1|A/cattle/Texas/24-008749-003/2024(H5N1)	81	35252
NS|PP755593.1|A/cattle/Texas/24-008749-003/2024(H5N1)	82	35327
NS|PP755593.1|A/cattle/Texas/24-008749-003/2024(H5N1)	83	35781
NS|PP755593.1|A/cattle/Texas/24-008749-003/2024(H5N1)	84	35774
NS|PP755593.1|A/cattle/Texas/24-008749-003/2024(H5N1)	85	35591
NS|PP755593.1|A/cattle/Texas/24-008749-003/2024(H5N1)	86	35697
NS|PP755593.1|A/cattle/Texas/24-008749-003/2024(H5N1)	87	36117
NS|PP755593.1|A/cattle/Texas/24-008749-003/2024(H5N1)	88	36735
NS|PP755593.1|A/cattle/Texas/24-008749-003/2024(H5N1)	89	37294
NS|PP755593.1|A/cattle/Texas/24-008749-003/2024(H5N1)	90	37392
NS|PP755593.1|A/cattle/Texas/24-008749-003/2024(H5N1)	91	37447
NS|PP755593.1|A/cattle/Texas/24-008749-003/2024(H5N1)	92	37413
NS|PP755593.1|A/cattle/Texas/24-008749-003/2024(H5N1)	93	37477
NS|PP755593.1|A/cattle/Texas/24-008749-003/2024(H5N1)	94	38169
NS|PP755593.1|A/cattle/Texas/24-008749-003/2024(H5N1)	95	38454
NS|PP755593.1|A/cattle/Texas/24-008749-003/2024(H5N1)	96	38668
NS|PP755593.1|A/cattle/Texas/24-008749-003/2024(H5N1)	97	39003
NS|PP755593.1|A/cattle/Texas/24-008749-003/2024(H5N1)	98	39193
NS|PP755593.1|A/cattle/Texas/24-008749-003/2024(H5N1)	99	39165
NS|PP755593.1|A/cattle/Texas/24-008749-003/2024(H5N1)	100	39193
NS|PP755593.1|A/cattle/Texas/24-008749-003/2024(H5N1)	101	39218
NS|PP755593.1|A/cattle/Texas/24-008749-003/2024(H5N1)	102	39259
NS|PP755593.1|A/cattle/Texas/24-008749-003/2024(H5N1)	103	39181
NS|PP755593.1|A/cattle/Texas/24-008749-003/2024(H5N1)	104	39122
NS|PP755593.1|A/cattle/Texas/24-008749-003/2024(H5N1)	105	39643
NS|PP755593.1|A/cattle/Texas/24-008749-003/2024(H5N1)	106	39646
NS|PP755593.1|A/cattle/Texas/24-008749-003/2024(H5N1)	107	39872
NS|PP755593.1|A/cattle/Texas/24-008749-003/2024(H5N1)	108	39935
NS|PP755593.1|A/cattle/Texas/24-008749-003/2024(H5N1)	109	40030
NS|PP755593.1|A/cattle/Texas/24-008749-003/2024(H5N1)	110	40110
NS|PP755593.1|A/cattle/Texas/24-008749-003/2024(H5N1)	111	40112
NS|PP755593.1|A/cattle/Texas/24-008749-003/2024(H5N1)	112	40109
NS|PP755593.1|A/cattle/Texas/24-008749-003/2024(H5N1)	113	40121
NS|PP755593.1|A/cattle/Texas/24-008749-003/2024(H5N1)	114	40004
NS|PP755593.1|A/cattle/Texas/24-008749-003/2024(H5N1)	115	39992
NS|PP755593.1|A/cattle/Texas/24-008749-003/2024(H5N1)	116	39964
NS|PP755593.1|A/cattle/Texas/24-008749-003/2024(H5N1)	117	39820
NS|PP755593.1|A/cattle/Texas/24-008749-003/2024(H5N1)	118	39866
NS|PP755593.1|A/cattle/Texas/24-008749-003/2024(H5N1)	119	39834
NS|PP755593.1|A/cattle/Texas/24-008749-003/2024(H5N1)	120	39831
NS|PP755593.1|A/cattle/Texas/24-008749-003/2024(H5N1)	121	39821
NS|PP755593.1|A/cattle/Texas/24-008749-003/2024(H5N1)	122	39791
NS|PP755593.1|A/cattle/Texas/24-008749-003/2024(H5N1)	123	38992
NS|PP755593.1|A/cattle/Texas/24-008749-003/2024(H5N1)	124	40451
NS|PP755593.1|A/cattle/Texas/24-008749-003/2024(H5N1)	125	34226
NS|PP755593.1|A/cattle/Texas/24-008749-003/2024(H5N1)	126	32405
NS|PP755593.1|A/cattle/Texas/24-008749-003/2024(H5N1)	127	32514
NS|PP755593.1|A/cattle/Texas/24-008749-003/2024(H5N1)	128	32564
NS|PP755593.1|A/cattle/Texas/24-008749-003/2024(H5N1)	129	32672
NS|PP755593.1|A/cattle/Texas/24-008749-003/2024(H5N1)	130	35287
NS|PP755593.1|A/cattle/Texas/24-008749-003/2024(H5N1)	131	36041
NS|PP755593.1|A/cattle/Texas/24-008749-003/2024(H5N1)	132	36154
NS|PP755593.1|A/cattle/Texas/24-008749-003/2024(H5N1)	133	36651
NS|PP755593.1|A/cattle/Texas/24-008749-003/2024(H5N1)	134	36979
NS|PP755593.1|A/cattle/Texas/24-008749-003/2024(H5N1)	135	37079
NS|PP755593.1|A/cattle/Texas/24-008749-003/2024(H5N1)	136	36718
NS|PP755593.1|A/cattle/Texas/24-008749-003/2024(H5N1)	137	36737
NS|PP755593.1|A/cattle/Texas/24-008749-003/2024(H5N1)	138	37449
NS|PP755593.1|A/cattle/Texas/24-008749-003/2024(H5N1)	139	37580
NS|PP755593.1|A/cattle/Texas/24-008749-003/2024(H5N1)	140	38858
NS|PP755593.1|A/cattle/Texas/24-008749-003/2024(H5N1)	141	38767
NS|PP755593.1|A/cattle/Texas/24-008749-003/2024(H5N1)	142	38616
NS|PP755593.1|A/cattle/Texas/24-008749-003/2024(H5N1)	143	38794
NS|PP755593.1|A/cattle/Texas/24-008749-003/2024(H5N1)	144	39600
NS|PP755593.1|A/cattle/Texas/24-008749-003/2024(H5N1)	145	39704
NS|PP755593.1|A/cattle/Texas/24-008749-003/2024(H5N1)	146	41152
NS|PP755593.1|A/cattle/Texas/24-008749-003/2024(H5N1)	147	40852
NS|PP755593.1|A/cattle/Texas/24-008749-003/2024(H5N1)	148	40869
NS|PP755593.1|A/cattle/Texas/24-008749-003/2024(H5N1)	149	41251
NS|PP755593.1|A/cattle/Texas/24-008749-003/2024(H5N1)	150	41256
NS|PP755593.1|A/cattle/Texas/24-008749-003/2024(H5N1)	151	42392
NS|PP755593.1|A/cattle/Texas/24-008749-003/2024(H5N1)	152	42887
NS|PP755593.1|A/cattle/Texas/24-008749-003/2024(H5N1)	153	43407
NS|PP755593.1|A/cattle/Texas/24-008749-003/2024(H5N1)	154	37152
NS|PP755593.1|A/cattle/Texas/24-008749-003/2024(H5N1)	155	36213
NS|PP755593.1|A/cattle/Texas/24-008749-003/2024(H5N1)	156	36545
NS|PP755593.1|A/cattle/Texas/24-008749-003/2024(H5N1)	157	36532
NS|PP755593.1|A/cattle/Texas/24-008749-003/2024(H5N1)	158	37361
NS|PP755593.1|A/cattle/Texas/24-008749-003/2024(H5N1)	159	37594
NS|PP755593.1|A/cattle/Texas/24-008749-003/2024(H5N1)	160	36977
NS|PP755593.1|A/cattle/Texas/24-008749-003/2024(H5N1)	161	37077
NS|PP755593.1|A/cattle/Texas/24-008749-003/2024(H5N1)	162	36836
NS|PP755593.1|A/cattle/Texas/24-008749-003/2024(H5N1)	163	36857
NS|PP755593.1|A/cattle/Texas/24-008749-003/2024(H5N1)	164	36812
NS|PP755593.1|A/cattle/Texas/24-008749-003/2024(H5N1)	165	36247
NS|PP755593.1|A/cattle/Texas/24-008749-003/2024(H5N1)	166	36354
NS|PP755593.1|A/cattle/Texas/24-008749-003/2024(H5N1)	167	34757
NS|PP755593.1|A/cattle/Texas/24-008749-003/2024(H5N1)	168	34686
NS|PP755593.1|A/cattle/Texas/24-008749-003/2024(H5N1)	169	34784
NS|PP755593.1|A/cattle/Texas/24-008749-003/2024(H5N1)	170	34980
NS|PP755593.1|A/cattle/Texas/24-008749-003/2024(H5N1)	171	35235
NS|PP755593.1|A/cattle/Texas/24-008749-003/2024(H5N1)	172	35213
NS|PP755593.1|A/cattle/Texas/24-008749-003/2024(H5N1)	173	35200
NS|PP755593.1|A/cattle/Texas/24-008749-003/2024(H5N1)	174	34493
NS|PP755593.1|A/cattle/Texas/24-008749-003/2024(H5N1)	175	34896
NS|PP755593.1|A/cattle/Texas/24-008749-003/2024(H5N1)	176	35099
NS|PP755593.1|A/cattle/Texas/24-008749-003/2024(H5N1)	177	34984
NS|PP755593.1|A/cattle/Texas/24-008749-003/2024(H5N1)	178	34969
NS|PP755593.1|A/cattle/Texas/24-008749-003/2024(H5N1)	179	34488
NS|PP755593.1|A/cattle/Texas/24-008749-003/2024(H5N1)	180	34204
NS|PP755593.1|A/cattle/Texas/24-008749-003/2024(H5N1)	181	34761
NS|PP755593.1|A/cattle/Texas/24-008749-003/2024(H5N1)	182	34754
NS|PP755593.1|A/cattle/Texas/24-008749-003/2024(H5N1)	183	34925
NS|PP755593.1|A/cattle/Texas/24-008749-003/2024(H5N1)	184	38425
NS|PP755593.1|A/cattle/Texas/24-008749-003/2024(H5N1)	185	38540
NS|PP755593.1|A/cattle/Texas/24-008749-003/2024(H5N1)	186	39084
NS|PP755593.1|A/cattle/Texas/24-008749-003/2024(H5N1)	187	39203
NS|PP755593.1|A/cattle/Texas/24-008749-003/2024(H5N1)	188	39468
NS|PP755593.1|A/cattle/Texas/24-008749-003/2024(H5N1)	189	39213
NS|PP755593.1|A/cattle/Texas/24-008749-003/2024(H5N1)	190	39203
NS|PP755593.1|A/cattle/Texas/24-008749-003/2024(H5N1)	191	39361
NS|PP755593.1|A/cattle/Texas/24-008749-003/2024(H5N1)	192	39115
NS|PP755593.1|A/cattle/Texas/24-008749-003/2024(H5N1)	193	39420
NS|PP755593.1|A/cattle/Texas/24-008749-003/2024(H5N1)	194	39284
NS|PP755593.1|A/cattle/Texas/24-008749-003/2024(H5N1)	195	38800
NS|PP755593.1|A/cattle/Texas/24-008749-003/2024(H5N1)	196	38965
NS|PP755593.1|A/cattle/Texas/24-008749-003/2024(H5N1)	197	38773
NS|PP755593.1|A/cattle/Texas/24-008749-003/2024(H5N1)	198	38725
NS|PP755593.1|A/cattle/Texas/24-008749-003/2024(H5N1)	199	38756
NS|PP755593.1|A/cattle/Texas/24-008749-003/2024(H5N1)	200	38710
NS|PP755593.1|A/cattle/Texas/24-008749-003/2024(H5N1)	201	38985
NS|PP755593.1|A/cattle/Texas/24-008749-003/2024(H5N1)	202	38760
NS|PP755593.1|A/cattle/Texas/24-008749-003/2024(H5N1)	203	38620
NS|PP755593.1|A/cattle/Texas/24-008749-003/2024(H5N1)	204	38561
NS|PP755593.1|A/cattle/Texas/24-008749-003/2024(H5N1)	205	38683
NS|PP755593.1|A/cattle/Texas/24-008749-003/2024(H5N1)	206	38925
NS|PP755593.1|A/cattle/Texas/24-008749-003/2024(H5N1)	207	38964
NS|PP755593.1|A/cattle/Texas/24-008749-003/2024(H5N1)	208	38967
NS|PP755593.1|A/cattle/Texas/24-008749-003/2024(H5N1)	209	38971
NS|PP755593.1|A/cattle/Texas/24-008749-003/2024(H5N1)	210	38718
NS|PP755593.1|A/cattle/Texas/24-008749-003/2024(H5N1)	211	38815
NS|PP755593.1|A/cattle/Texas/24-008749-003/2024(H5N1)	212	40681
NS|PP755593.1|A/cattle/Texas/24-008749-003/2024(H5N1)	213	40666
NS|PP755593.1|A/cattle/Texas/24-008749-003/2024(H5N1)	214	41018
NS|PP755593.1|A/cattle/Texas/24-008749-003/2024(H5N1)	215	41351
NS|PP755593.1|A/cattle/Texas/24-008749-003/2024(H5N1)	216	41573
NS|PP755593.1|A/cattle/Texas/24-008749-003/2024(H5N1)	217	41515
NS|PP755593.1|A/cattle/Texas/24-008749-003/2024(H5N1)	218	41395
NS|PP755593.1|A/cattle/Texas/24-008749-003/2024(H5N1)	219	41182
NS|PP755593.1|A/cattle/Texas/24-008749-003/2024(H5N1)	220	41157
NS|PP755593.1|A/cattle/Texas/24-008749-003/2024(H5N1)	221	42554
NS|PP755593.1|A/cattle/Texas/24-008749-003/2024(H5N1)	222	41730
NS|PP755593.1|A/cattle/Texas/24-008749-003/2024(H5N1)	223	41050
NS|PP755593.1|A/cattle/Texas/24-008749-003/2024(H5N1)	224	41102
NS|PP755593.1|A/cattle/Texas/24-008749-003/2024(H5N1)	225	40967
NS|PP755593.1|A/cattle/Texas/24-008749-003/2024(H5N1)	226	40908
NS|PP755593.1|A/cattle/Texas/24-008749-003/2024(H5N1)	227	39378
NS|PP755593.1|A/cattle/Texas/24-008749-003/2024(H5N1)	228	39371
NS|PP755593.1|A/cattle/Texas/24-008749-003/2024(H5N1)	229	39847
NS|PP755593.1|A/cattle/Texas/24-008749-003/2024(H5N1)	230	39879
NS|PP755593.1|A/cattle/Texas/24-008749-003/2024(H5N1)	231	40344
NS|PP755593.1|A/cattle/Texas/24-008749-003/2024(H5N1)	232	39943
NS|PP755593.1|A/cattle/Texas/24-008749-003/2024(H5N1)	233	39917
NS|PP755593.1|A/cattle/Texas/24-008749-003/2024(H5N1)	234	39630
NS|PP755593.1|A/cattle/Texas/24-008749-003/2024(H5N1)	235	39624
NS|PP755593.1|A/cattle/Texas/24-008749-003/2024(H5N1)	236	39823
NS|PP755593.1|A/cattle/Texas/24-008749-003/2024(H5N1)	237	39829
NS|PP755593.1|A/cattle/Texas/24-008749-003/2024(H5N1)	238	39554
NS|PP755593.1|A/cattle/Texas/24-008749-003/2024(H5N1)	239	39297
NS|PP755593.1|A/cattle/Texas/24-008749-003/2024(H5N1)	240	39223
NS|PP755593.1|A/cattle/Texas/24-008749-003/2024(H5N1)	241	39220
NS|PP755593.1|A/cattle/Texas/24-008749-003/2024(H5N1)	242	39163
NS|PP755593.1|A/cattle/Texas/24-008749-003/2024(H5N1)	243	39135
NS|PP755593.1|A/cattle/Texas/24-008749-003/2024(H5N1)	244	39110
NS|PP755593.1|A/cattle/Texas/24-008749-003/2024(H5N1)	245	38250
NS|PP755593.1|A/cattle/Texas/24-008749-003/2024(H5N1)	246	38147
NS|PP755593.1|A/cattle/Texas/24-008749-003/2024(H5N1)	247	36571
NS|PP755593.1|A/cattle/Texas/24-008749-003/2024(H5N1)	248	36070
NS|PP755593.1|A/cattle/Texas/24-008749-003/2024(H5N1)	249	35987
NS|PP755593.1|A/cattle/Texas/24-008749-003/2024(H5N1)	250	36175
NS|PP755593.1|A/cattle/Texas/24-008749-003/2024(H5N1)	251	36377
NS|PP755593.1|A/cattle/Texas/24-008749-003/2024(H5N1)	252	36382
NS|PP755593.1|A/cattle/Texas/24-008749-003/2024(H5N1)	253	36619
NS|PP755593.1|A/cattle/Texas/24-008749-003/2024(H5N1)	254	36537
NS|PP755593.1|A/cattle/Texas/24-008749-003/2024(H5N1)	255	36353
NS|PP755593.1|A/cattle/Texas/24-008749-003/2024(H5N1)	256	36971
NS|PP755593.1|A/cattle/Texas/24-008749-003/2024(H5N1)	257	37599
NS|PP755593.1|A/cattle/Texas/24-008749-003/2024(H5N1)	258	37359
NS|PP755593.1|A/cattle/Texas/24-008749-003/2024(H5N1)	259	37284
NS|PP755593.1|A/cattle/Texas/24-008749-003/2024(H5N1)	260	37874
NS|PP755593.1|A/cattle/Texas/24-008749-003/2024(H5N1)	261	37955
NS|PP755593.1|A/cattle/Texas/24-008749-003/2024(H5N1)	262	38350
NS|PP755593.1|A/cattle/Texas/24-008749-003/2024(H5N1)	263	38355
NS|PP755593.1|A/cattle/Texas/24-008749-003/2024(H5N1)	264	38615
NS|PP755593.1|A/cattle/Texas/24-008749-003/2024(H5N1)	265	38088
NS|PP755593.1|A/cattle/Texas/24-008749-003/2024(H5N1)	266	39859
NS|PP755593.1|A/cattle/Texas/24-008749-003/2024(H5N1)	267	40075
NS|PP755593.1|A/cattle/Texas/24-008749-003/2024(H5N1)	268	40024
NS|PP755593.1|A/cattle/Texas/24-008749-003/2024(H5N1)	269	40041
NS|PP755593.1|A/cattle/Texas/24-008749-003/2024(H5N1)	270	40019
NS|PP755593.1|A/cattle/Texas/24-008749-003/2024(H5N1)	271	39981
NS|PP755593.1|A/cattle/Texas/24-008749-003/2024(H5N1)	272	39792
NS|PP755593.1|A/cattle/Texas/24-008749-003/2024(H5N1)	273	39312
NS|PP755593.1|A/cattle/Texas/24-008749-003/2024(H5N1)	274	39556
NS|PP755593.1|A/cattle/Texas/24-008749-003/2024(H5N1)	275	37893
NS|PP755593.1|A/cattle/Texas/24-008749-003/2024(H5N1)	276	37836
NS|PP755593.1|A/cattle/Texas/24-008749-003/2024(H5N1)	277	37834
NS|PP755593.1|A/cattle/Texas/24-008749-003/2024(H5N1)	278	38363
NS|PP755593.1|A/cattle/Texas/24-008749-003/2024(H5N1)	279	38319
NS|PP755593.1|A/cattle/Texas/24-008749-003/2024(H5N1)	280	38489
NS|PP755593.1|A/cattle/Texas/24-008749-003/2024(H5N1)	281	39608
NS|PP755593.1|A/cattle/Texas/24-008749-003/2024(H5N1)	282	39522
NS|PP755593.1|A/cattle/Texas/24-008749-003/2024(H5N1)	283	39734
NS|PP755593.1|A/cattle/Texas/24-008749-003/2024(H5N1)	284	39645
NS|PP755593.1|A/cattle/Texas/24-008749-003/2024(H5N1)	285	39580
NS|PP755593.1|A/cattle/Texas/24-008749-003/2024(H5N1)	286	39583
NS|PP755593.1|A/cattle/Texas/24-008749-003/2024(H5N1)	287	41112
NS|PP755593.1|A/cattle/Texas/24-008749-003/2024(H5N1)	288	41119
NS|PP755593.1|A/cattle/Texas/24-008749-003/2024(H5N1)	289	40614
NS|PP755593.1|A/cattle/Texas/24-008749-003/2024(H5N1)	290	39679
NS|PP755593.1|A/cattle/Texas/24-008749-003/2024(H5N1)	291	40218
NS|PP755593.1|A/cattle/Texas/24-008749-003/2024(H5N1)	292	39863
NS|PP755593.1|A/cattle/Texas/24-008749-003/2024(H5N1)	293	40530
NS|PP755593.1|A/cattle/Texas/24-008749-003/2024(H5N1)	294	41024
NS|PP755593.1|A/cattle/Texas/24-008749-003/2024(H5N1)	295	41007
NS|PP755593.1|A/cattle/Texas/24-008749-003/2024(H5N1)	296	39942
NS|PP755593.1|A/cattle/Texas/24-008749-003/2024(H5N1)	297	39831
NS|PP755593.1|A/cattle/Texas/24-008749-003/2024(H5N1)	298	39846
NS|PP755593.1|A/cattle/Texas/24-008749-003/2024(H5N1)	299	39858
NS|PP755593.1|A/cattle/Texas/24-008749-003/2024(H5N1)	300	40343
NS|PP755593.1|A/cattle/Texas/24-008749-003/2024(H5N1)	301	40451
NS|PP755593.1|A/cattle/Texas/24-008749-003/2024(H5N1)	302	39164
NS|PP755593.1|A/cattle/Texas/24-008749-003/2024(H5N1)	303	39059
NS|PP755593.1|A/cattle/Texas/24-008749-003/2024(H5N1)	304	38574
NS|PP755593.1|A/cattle/Texas/24-008749-003/2024(H5N1)	305	41033
NS|PP755593.1|A/cattle/Texas/24-008749-003/2024(H5N1)	306	41751
NS|PP755593.1|A/cattle/Texas/24-008749-003/2024(H5N1)	307	41522
NS|PP755593.1|A/cattle/Texas/24-008749-003/2024(H5N1)	308	41513
NS|PP755593.1|A/cattle/Texas/24-008749-003/2024(H5N1)	309	40240
NS|PP755593.1|A/cattle/Texas/24-008749-003/2024(H5N1)	310	40216
NS|PP755593.1|A/cattle/Texas/24-008749-003/2024(H5N1)	311	40370
NS|PP755593.1|A/cattle/Texas/24-008749-003/2024(H5N1)	312	40372
NS|PP755593.1|A/cattle/Texas/24-008749-003/2024(H5N1)	313	40749
NS|PP755593.1|A/cattle/Texas/24-008749-003/2024(H5N1)	314	38391
NS|PP755593.1|A/cattle/Texas/24-008749-003/2024(H5N1)	315	37637
NS|PP755593.1|A/cattle/Texas/24-008749-003/2024(H5N1)	316	37449
NS|PP755593.1|A/cattle/Texas/24-008749-003/2024(H5N1)	317	37711
NS|PP755593.1|A/cattle/Texas/24-008749-003/2024(H5N1)	318	37570
NS|PP755593.1|A/cattle/Texas/24-008749-003/2024(H5N1)	319	37441
NS|PP755593.1|A/cattle/Texas/24-008749-003/2024(H5N1)	320	37394
NS|PP755593.1|A/cattle/Texas/24-008749-003/2024(H5N1)	321	37229
NS|PP755593.1|A/cattle/Texas/24-008749-003/2024(H5N1)	322	36909
NS|PP755593.1|A/cattle/Texas/24-008749-003/2024(H5N1)	323	36894
NS|PP755593.1|A/cattle/Texas/24-008749-003/2024(H5N1)	324	36473
NS|PP755593.1|A/cattle/Texas/24-008749-003/2024(H5N1)	325	36453
NS|PP755593.1|A/cattle/Texas/24-008749-003/2024(H5N1)	326	36025
NS|PP755593.1|A/cattle/Texas/24-008749-003/2024(H5N1)	327	35808
NS|PP755593.1|A/cattle/Texas/24-008749-003/2024(H5N1)	328	37059
NS|PP755593.1|A/cattle/Texas/24-008749-003/2024(H5N1)	329	37059
NS|PP755593.1|A/cattle/Texas/24-008749-003/2024(H5N1)	330	36978
NS|PP755593.1|A/cattle/Texas/24-008749-003/2024(H5N1)	331	36972
NS|PP755593.1|A/cattle/Texas/24-008749-003/2024(H5N1)	332	36491
NS|PP755593.1|A/cattle/Texas/24-008749-003/2024(H5N1)	333	36455
NS|PP755593.1|A/cattle/Texas/24-008749-003/2024(H5N1)	334	36319
NS|PP755593.1|A/cattle/Texas/24-008749-003/2024(H5N1)	335	36158
NS|PP755593.1|A/cattle/Texas/24-008749-003/2024(H5N1)	336	35962
NS|PP755593.1|A/cattle/Texas/24-008749-003/2024(H5N1)	337	35244
NS|PP755593.1|A/cattle/Texas/24-008749-003/2024(H5N1)	338	35189
NS|PP755593.1|A/cattle/Texas/24-008749-003/2024(H5N1)	339	34775
NS|PP755593.1|A/cattle/Texas/24-008749-003/2024(H5N1)	340	34501
NS|PP755593.1|A/cattle/Texas/24-008749-003/2024(H5N1)	341	34400
NS|PP755593.1|A/cattle/Texas/24-008749-003/2024(H5N1)	342	34327
NS|PP755593.1|A/cattle/Texas/24-008749-003/2024(H5N1)	343	33916
NS|PP755593.1|A/cattle/Texas/24-008749-003/2024(H5N1)	344	33789
NS|PP755593.1|A/cattle/Texas/24-008749-003/2024(H5N1)	345	32857
NS|PP755593.1|A/cattle/Texas/24-008749-003/2024(H5N1)	346	32650
NS|PP755593.1|A/cattle/Texas/24-008749-003/2024(H5N1)	347	32653
NS|PP755593.1|A/cattle/Texas/24-008749-003/2024(H5N1)	348	32653
NS|PP755593.1|A/cattle/Texas/24-008749-003/2024(H5N1)	349	36275
NS|PP755593.1|A/cattle/Texas/24-008749-003/2024(H5N1)	350	36359
NS|PP755593.1|A/cattle/Texas/24-008749-003/2024(H5N1)	351	36403
NS|PP755593.1|A/cattle/Texas/24-008749-003/2024(H5N1)	352	36792
NS|PP755593.1|A/cattle/Texas/24-008749-003/2024(H5N1)	353	38322
NS|PP755593.1|A/cattle/Texas/24-008749-003/2024(H5N1)	354	39193
NS|PP755593.1|A/cattle/Texas/24-008749-003/2024(H5N1)	355	39541
NS|PP755593.1|A/cattle/Texas/24-008749-003/2024(H5N1)	356	39324
NS|PP755593.1|A/cattle/Texas/24-008749-003/2024(H5N1)	357	39318
NS|PP755593.1|A/cattle/Texas/24-008749-003/2024(H5N1)	358	39416
NS|PP755593.1|A/cattle/Texas/24-008749-003/2024(H5N1)	359	39385
NS|PP755593.1|A/cattle/Texas/24-008749-003/2024(H5N1)	360	40016
NS|PP755593.1|A/cattle/Texas/24-008749-003/2024(H5N1)	361	39422
NS|PP755593.1|A/cattle/Texas/24-008749-003/2024(H5N1)	362	37852
NS|PP755593.1|A/cattle/Texas/24-008749-003/2024(H5N1)	363	38790
NS|PP755593.1|A/cattle/Texas/24-008749-003/2024(H5N1)	364	39054
NS|PP755593.1|A/cattle/Texas/24-008749-003/2024(H5N1)	365	38707
NS|PP755593.1|A/cattle/Texas/24-008749-003/2024(H5N1)	366	37712
NS|PP755593.1|A/cattle/Texas/24-008749-003/2024(H5N1)	367	38717
NS|PP755593.1|A/cattle/Texas/24-008749-003/2024(H5N1)	368	38718
NS|PP755593.1|A/cattle/Texas/24-008749-003/2024(H5N1)	369	38559
NS|PP755593.1|A/cattle/Texas/24-008749-003/2024(H5N1)	370	40638
NS|PP755593.1|A/cattle/Texas/24-008749-003/2024(H5N1)	371	40650
NS|PP755593.1|A/cattle/Texas/24-008749-003/2024(H5N1)	372	39836
NS|PP755593.1|A/cattle/Texas/24-008749-003/2024(H5N1)	373	40018
NS|PP755593.1|A/cattle/Texas/24-008749-003/2024(H5N1)	374	39971
NS|PP755593.1|A/cattle/Texas/24-008749-003/2024(H5N1)	375	39992
NS|PP755593.1|A/cattle/Texas/24-008749-003/2024(H5N1)	376	39870
NS|PP755593.1|A/cattle/Texas/24-008749-003/2024(H5N1)	377	39913
NS|PP755593.1|A/cattle/Texas/24-008749-003/2024(H5N1)	378	40049
NS|PP755593.1|A/cattle/Texas/24-008749-003/2024(H5N1)	379	40069
NS|PP755593.1|A/cattle/Texas/24-008749-003/2024(H5N1)	380	39711
NS|PP755593.1|A/cattle/Texas/24-008749-003/2024(H5N1)	381	39571
NS|PP755593.1|A/cattle/Texas/24-008749-003/2024(H5N1)	382	39132
NS|PP755593.1|A/cattle/Texas/24-008749-003/2024(H5N1)	383	39114
NS|PP755593.1|A/cattle/Texas/24-008749-003/2024(H5N1)	384	39058
NS|PP755593.1|A/cattle/Texas/24-008749-003/2024(H5N1)	385	39034
NS|PP755593.1|A/cattle/Texas/24-008749-003/2024(H5N1)	386	37649
NS|PP755593.1|A/cattle/Texas/24-008749-003/2024(H5N1)	387	37447
NS|PP755593.1|A/cattle/Texas/24-008749-003/2024(H5N1)	388	37792
NS|PP755593.1|A/cattle/Texas/24-008749-003/2024(H5N1)	389	37795
NS|PP755593.1|A/cattle/Texas/24-008749-003/2024(H5N1)	390	37867
NS|PP755593.1|A/cattle/Texas/24-008749-003/2024(H5N1)	391	38063
NS|PP755593.1|A/cattle/Texas/24-008749-003/2024(H5N1)	392	38093
NS|PP755593.1|A/cattle/Texas/24-008749-003/2024(H5N1)	393	38063
NS|PP755593.1|A/cattle/Texas/24-008749-003/2024(H5N1)	394	38964
NS|PP755593.1|A/cattle/Texas/24-008749-003/2024(H5N1)	395	39091
NS|PP755593.1|A/cattle/Texas/24-008749-003/2024(H5N1)	396	39380
NS|PP755593.1|A/cattle/Texas/24-008749-003/2024(H5N1)	397	39260
NS|PP755593.1|A/cattle/Texas/24-008749-003/2024(H5N1)	398	39754
NS|PP755593.1|A/cattle/Texas/24-008749-003/2024(H5N1)	399	39662
NS|PP755593.1|A/cattle/Texas/24-008749-003/2024(H5N1)	400	39653
NS|PP755593.1|A/cattle/Texas/24-008749-003/2024(H5N1)	401	39963
NS|PP755593.1|A/cattle/Texas/24-008749-003/2024(H5N1)	402	39853
NS|PP755593.1|A/cattle/Texas/24-008749-003/2024(H5N1)	403	39457
NS|PP755593.1|A/cattle/Texas/24-008749-003/2024(H5N1)	404	39457
NS|PP755593.1|A/cattle/Texas/24-008749-003/2024(H5N1)	405	39440
NS|PP755593.1|A/cattle/Texas/24-008749-003/2024(H5N1)	406	39369
NS|PP755593.1|A/cattle/Texas/24-008749-003/2024(H5N1)	407	38709
NS|PP755593.1|A/cattle/Texas/24-008749-003/2024(H5N1)	408	38086
NS|PP755593.1|A/cattle/Texas/24-008749-003/2024(H5N1)	409	38045
NS|PP755593.1|A/cattle/Texas/24-008749-003/2024(H5N1)	410	37965
NS|PP755593.1|A/cattle/Texas/24-008749-003/2024(H5N1)	411	28025
NS|PP755593.1|A/cattle/Texas/24-008749-003/2024(H5N1)	412	27968
NS|PP755593.1|A/cattle/Texas/24-008749-003/2024(H5N1)	413	27811
NS|PP755593.1|A/cattle/Texas/24-008749-003/2024(H5N1)	414	27794
NS|PP755593.1|A/cattle/Texas/24-008749-003/2024(H5N1)	415	27794
NS|PP755593.1|A/cattle/Texas/24-008749-003/2024(H5N1)	416	27809
NS|PP755593.1|A/cattle/Texas/24-008749-003/2024(H5N1)	417	27826
NS|PP755593.1|A/cattle/Texas/24-008749-003/2024(H5N1)	418	29750
NS|PP755593.1|A/cattle/Texas/24-008749-003/2024(H5N1)	419	29788
NS|PP755593.1|A/cattle/Texas/24-008749-003/2024(H5N1)	420	30982
NS|PP755593.1|A/cattle/Texas/24-008749-003/2024(H5N1)	421	31240
NS|PP755593.1|A/cattle/Texas/24-008749-003/2024(H5N1)	422	33280
NS|PP755593.1|A/cattle/Texas/24-008749-003/2024(H5N1)	423	33370
NS|PP755593.1|A/cattle/Texas/24-008749-003/2024(H5N1)	424	33376
NS|PP755593.1|A/cattle/Texas/24-008749-003/2024(H5N1)	425	33377
NS|PP755593.1|A/cattle/Texas/24-008749-003/2024(H5N1)	426	33371
NS|PP755593.1|A/cattle/Texas/24-008749-003/2024(H5N1)	427	33634
NS|PP755593.1|A/cattle/Texas/24-008749-003/2024(H5N1)	428	36626
NS|PP755593.1|A/cattle/Texas/24-008749-003/2024(H5N1)	429	36629
NS|PP755593.1|A/cattle/Texas/24-008749-003/2024(H5N1)	430	37173
NS|PP755593.1|A/cattle/Texas/24-008749-003/2024(H5N1)	431	37191
NS|PP755593.1|A/cattle/Texas/24-008749-003/2024(H5N1)	432	38757
NS|PP755593.1|A/cattle/Texas/24-008749-003/2024(H5N1)	433	39202
NS|PP755593.1|A/cattle/Texas/24-008749-003/2024(H5N1)	434	39217
NS|PP755593.1|A/cattle/Texas/24-008749-003/2024(H5N1)	435	39331
NS|PP755593.1|A/cattle/Texas/24-008749-003/2024(H5N1)	436	39351
NS|PP755593.1|A/cattle/Texas/24-008749-003/2024(H5N1)	437	36697
NS|PP755593.1|A/cattle/Texas/24-008749-003/2024(H5N1)	438	36706
NS|PP755593.1|A/cattle/Texas/24-008749-003/2024(H5N1)	439	36627
NS|PP755593.1|A/cattle/Texas/24-008749-003/2024(H5N1)	440	37053
NS|PP755593.1|A/cattle/Texas/24-008749-003/2024(H5N1)	441	37057
NS|PP755593.1|A/cattle/Texas/24-008749-003/2024(H5N1)	442	38119
NS|PP755593.1|A/cattle/Texas/24-008749-003/2024(H5N1)	443	38206
NS|PP755593.1|A/cattle/Texas/24-008749-003/2024(H5N1)	444	38416
NS|PP755593.1|A/cattle/Texas/24-008749-003/2024(H5N1)	445	38460
NS|PP755593.1|A/cattle/Texas/24-008749-003/2024(H5N1)	446	38546
NS|PP755593.1|A/cattle/Texas/24-008749-003/2024(H5N1)	447	38783
NS|PP755593.1|A/cattle/Texas/24-008749-003/2024(H5N1)	448	38938
NS|PP755593.1|A/cattle/Texas/24-008749-003/2024(H5N1)	449	39003
NS|PP755593.1|A/cattle/Texas/24-008749-003/2024(H5N1)	450	38818
NS|PP755593.1|A/cattle/Texas/24-008749-003/2024(H5N1)	451	38826
NS|PP755593.1|A/cattle/Texas/24-008749-003/2024(H5N1)	452	38852
NS|PP755593.1|A/cattle/Texas/24-008749-003/2024(H5N1)	453	37799
NS|PP755593.1|A/cattle/Texas/24-008749-003/2024(H5N1)	454	38204
NS|PP755593.1|A/cattle/Texas/24-008749-003/2024(H5N1)	455	38401
NS|PP755593.1|A/cattle/Texas/24-008749-003/2024(H5N1)	456	36495
NS|PP755593.1|A/cattle/Texas/24-008749-003/2024(H5N1)	457	36527
NS|PP755593.1|A/cattle/Texas/24-008749-003/2024(H5N1)	458	36658
NS|PP755593.1|A/cattle/Texas/24-008749-003/2024(H5N1)	459	35857
NS|PP755593.1|A/cattle/Texas/24-008749-003/2024(H5N1)	460	35929
NS|PP755593.1|A/cattle/Texas/24-008749-003/2024(H5N1)	461	36518
NS|PP755593.1|A/cattle/Texas/24-008749-003/2024(H5N1)	462	36610
NS|PP755593.1|A/cattle/Texas/24-008749-003/2024(H5N1)	463	36634
NS|PP755593.1|A/cattle/Texas/24-008749-003/2024(H5N1)	464	36746
NS|PP755593.1|A/cattle/Texas/24-008749-003/2024(H5N1)	465	36675
NS|PP755593.1|A/cattle/Texas/24-008749-003/2024(H5N1)	466	36711
NS|PP755593.1|A/cattle/Texas/24-008749-003/2024(H5N1)	467	36921
NS|PP755593.1|A/cattle/Texas/24-008749-003/2024(H5N1)	468	36545
NS|PP755593.1|A/cattle/Texas/24-008749-003/2024(H5N1)	469	36555
NS|PP755593.1|A/cattle/Texas/24-008749-003/2024(H5N1)	470	35883
NS|PP755593.1|A/cattle/Texas/24-008749-003/2024(H5N1)	471	34074
NS|PP755593.1|A/cattle/Texas/24-008749-003/2024(H5N1)	472	34243
NS|PP755593.1|A/cattle/Texas/24-008749-003/2024(H5N1)	473	34702
NS|PP755593.1|A/cattle/Texas/24-008749-003/2024(H5N1)	474	34766
NS|PP755593.1|A/cattle/Texas/24-008749-003/2024(H5N1)	475	35062
NS|PP755593.1|A/cattle/Texas/24-008749-003/2024(H5N1)	476	36041
NS|PP755593.1|A/cattle/Texas/24-008749-003/2024(H5N1)	477	36465
NS|PP755593.1|A/cattle/Texas/24-008749-003/2024(H5N1)	478	36545
NS|PP755593.1|A/cattle/Texas/24-008749-003/2024(H5N1)	479	36566
NS|PP755593.1|A/cattle/Texas/24-008749-003/2024(H5N1)	480	36744
NS|PP755593.1|A/cattle/Texas/24-008749-003/2024(H5N1)	481	36792
NS|PP755593.1|A/cattle/Texas/24-008749-003/2024(H5N1)	482	38073
NS|PP755593.1|A/cattle/Texas/24-008749-003/2024(H5N1)	483	38151
NS|PP755593.1|A/cattle/Texas/24-008749-003/2024(H5N1)	484	39006
NS|PP755593.1|A/cattle/Texas/24-008749-003/2024(H5N1)	485	39202
NS|PP755593.1|A/cattle/Texas/24-008749-003/2024(H5N1)	486	39355
NS|PP755593.1|A/cattle/Texas/24-008749-003/2024(H5N1)	487	39535
NS|PP755593.1|A/cattle/Texas/24-008749-003/2024(H5N1)	488	39424
NS|PP755593.1|A/cattle/Texas/24-008749-003/2024(H5N1)	489	38234
NS|PP755593.1|A/cattle/Texas/24-008749-003/2024(H5N1)	490	38606
NS|PP755593.1|A/cattle/Texas/24-008749-003/2024(H5N1)	491	38717
NS|PP755593.1|A/cattle/Texas/24-008749-003/2024(H5N1)	492	40911
NS|PP755593.1|A/cattle/Texas/24-008749-003/2024(H5N1)	493	41027
NS|PP755593.1|A/cattle/Texas/24-008749-003/2024(H5N1)	494	41211
NS|PP755593.1|A/cattle/Texas/24-008749-003/2024(H5N1)	495	41135
NS|PP755593.1|A/cattle/Texas/24-008749-003/2024(H5N1)	496	41950
NS|PP755593.1|A/cattle/Texas/24-008749-003/2024(H5N1)	497	42191
NS|PP755593.1|A/cattle/Texas/24-008749-003/2024(H5N1)	498	42113
NS|PP755593.1|A/cattle/Texas/24-008749-003/2024(H5N1)	499	41838
NS|PP755593.1|A/cattle/Texas/24-008749-003/2024(H5N1)	500	41729
NS|PP755593.1|A/cattle/Texas/24-008749-003/2024(H5N1)	501	41676
NS|PP755593.1|A/cattle/Texas/24-008749-003/2024(H5N1)	502	42375
NS|PP755593.1|A/cattle/Texas/24-008749-003/2024(H5N1)	503	43355
NS|PP755593.1|A/cattle/Texas/24-008749-003/2024(H5N1)	504	42190
NS|PP755593.1|A/cattle/Texas/24-008749-003/2024(H5N1)	505	41495
NS|PP755593.1|A/cattle/Texas/24-008749-003/2024(H5N1)	506	42325
NS|PP755593.1|A/cattle/Texas/24-008749-003/2024(H5N1)	507	42674
NS|PP755593.1|A/cattle/Texas/24-008749-003/2024(H5N1)	508	42460
NS|PP755593.1|A/cattle/Texas/24-008749-003/2024(H5N1)	509	43599
NS|PP755593.1|A/cattle/Texas/24-008749-003/2024(H5N1)	510	43577
NS|PP755593.1|A/cattle/Texas/24-008749-003/2024(H5N1)	511	42636
NS|PP755593.1|A/cattle/Texas/24-008749-003/2024(H5N1)	512	42666
NS|PP755593.1|A/cattle/Texas/24-008749-003/2024(H5N1)	513	42172
NS|PP755593.1|A/cattle/Texas/24-008749-003/2024(H5N1)	514	41271
NS|PP755593.1|A/cattle/Texas/24-008749-003/2024(H5N1)	515	39907
NS|PP755593.1|A/cattle/Texas/24-008749-003/2024(H5N1)	516	39622
NS|PP755593.1|A/cattle/Texas/24-008749-003/2024(H5N1)	517	39607
NS|PP755593.1|A/cattle/Texas/24-008749-003/2024(H5N1)	518	38204
NS|PP755593.1|A/cattle/Texas/24-008749-003/2024(H5N1)	519	38238
NS|PP755593.1|A/cattle/Texas/24-008749-003/2024(H5N1)	520	38216
NS|PP755593.1|A/cattle/Texas/24-008749-003/2024(H5N1)	521	38200
NS|PP755593.1|A/cattle/Texas/24-008749-003/2024(H5N1)	522	37982
NS|PP755593.1|A/cattle/Texas/24-008749-003/2024(H5N1)	523	37965
NS|PP755593.1|A/cattle/Texas/24-008749-003/2024(H5N1)	524	37884
NS|PP755593.1|A/cattle/Texas/24-008749-003/2024(H5N1)	525	37864
NS|PP755593.1|A/cattle/Texas/24-008749-003/2024(H5N1)	526	37779
NS|PP755593.1|A/cattle/Texas/24-008749-003/2024(H5N1)	527	37962
NS|PP755593.1|A/cattle/Texas/24-008749-003/2024(H5N1)	528	37893
NS|PP755593.1|A/cattle/Texas/24-008749-003/2024(H5N1)	529	37674
NS|PP755593.1|A/cattle/Texas/24-008749-003/2024(H5N1)	530	38566
NS|PP755593.1|A/cattle/Texas/24-008749-003/2024(H5N1)	531	38541
NS|PP755593.1|A/cattle/Texas/24-008749-003/2024(H5N1)	532	38887
NS|PP755593.1|A/cattle/Texas/24-008749-003/2024(H5N1)	533	38940
NS|PP755593.1|A/cattle/Texas/24-008749-003/2024(H5N1)	534	38940
NS|PP755593.1|A/cattle/Texas/24-008749-003/2024(H5N1)	535	38998
NS|PP755593.1|A/cattle/Texas/24-008749-003/2024(H5N1)	536	38833
NS|PP755593.1|A/cattle/Texas/24-008749-003/2024(H5N1)	537	38666
NS|PP755593.1|A/cattle/Texas/24-008749-003/2024(H5N1)	538	38895
NS|PP755593.1|A/cattle/Texas/24-008749-003/2024(H5N1)	539	38882
NS|PP755593.1|A/cattle/Texas/24-008749-003/2024(H5N1)	540	39276
NS|PP755593.1|A/cattle/Texas/24-008749-003/2024(H5N1)	541	39101
NS|PP755593.1|A/cattle/Texas/24-008749-003/2024(H5N1)	542	39057
NS|PP755593.1|A/cattle/Texas/24-008749-003/2024(H5N1)	543	39495
NS|PP755593.1|A/cattle/Texas/24-008749-003/2024(H5N1)	544	39418
NS|PP755593.1|A/cattle/Texas/24-008749-003/2024(H5N1)	545	39367
NS|PP755593.1|A/cattle/Texas/24-008749-003/2024(H5N1)	546	39362
NS|PP755593.1|A/cattle/Texas/24-008749-003/2024(H5N1)	547	39045
NS|PP755593.1|A/cattle/Texas/24-008749-003/2024(H5N1)	548	39130
NS|PP755593.1|A/cattle/Texas/24-008749-003/2024(H5N1)	549	38555
NS|PP755593.1|A/cattle/Texas/24-008749-003/2024(H5N1)	550	38399
NS|PP755593.1|A/cattle/Texas/24-008749-003/2024(H5N1)	551	38816
NS|PP755593.1|A/cattle/Texas/24-008749-003/2024(H5N1)	552	38368
NS|PP755593.1|A/cattle/Texas/24-008749-003/2024(H5N1)	553	39031
NS|PP755593.1|A/cattle/Texas/24-008749-003/2024(H5N1)	554	38942
NS|PP755593.1|A/cattle/Texas/24-008749-003/2024(H5N1)	555	38955
NS|PP755593.1|A/cattle/Texas/24-008749-003/2024(H5N1)	556	39077
NS|PP755593.1|A/cattle/Texas/24-008749-003/2024(H5N1)	557	39145
NS|PP755593.1|A/cattle/Texas/24-008749-003/2024(H5N1)	558	39152
NS|PP755593.1|A/cattle/Texas/24-008749-003/2024(H5N1)	559	38986
NS|PP755593.1|A/cattle/Texas/24-008749-003/2024(H5N1)	560	38327
NS|PP755593.1|A/cattle/Texas/24-008749-003/2024(H5N1)	561	38567
NS|PP755593.1|A/cattle/Texas/24-008749-003/2024(H5N1)	562	38205
NS|PP755593.1|A/cattle/Texas/24-008749-003/2024(H5N1)	563	38411
NS|PP755593.1|A/cattle/Texas/24-008749-003/2024(H5N1)	564	40342
NS|PP755593.1|A/cattle/Texas/24-008749-003/2024(H5N1)	565	40428
NS|PP755593.1|A/cattle/Texas/24-008749-003/2024(H5N1)	566	40473
NS|PP755593.1|A/cattle/Texas/24-008749-003/2024(H5N1)	567	41094
NS|PP755593.1|A/cattle/Texas/24-008749-003/2024(H5N1)	568	41076
NS|PP755593.1|A/cattle/Texas/24-008749-003/2024(H5N1)	569	41644
NS|PP755593.1|A/cattle/Texas/24-008749-003/2024(H5N1)	570	40529
NS|PP755593.1|A/cattle/Texas/24-008749-003/2024(H5N1)	571	40288
NS|PP755593.1|A/cattle/Texas/24-008749-003/2024(H5N1)	572	40507
NS|PP755593.1|A/cattle/Texas/24-008749-003/2024(H5N1)	573	38072
NS|PP755593.1|A/cattle/Texas/24-008749-003/2024(H5N1)	574	39587
NS|PP755593.1|A/cattle/Texas/24-008749-003/2024(H5N1)	575	39714
NS|PP755593.1|A/cattle/Texas/24-008749-003/2024(H5N1)	576	39681
NS|PP755593.1|A/cattle/Texas/24-008749-003/2024(H5N1)	577	41139
NS|PP755593.1|A/cattle/Texas/24-008749-003/2024(H5N1)	578	40744
NS|PP755593.1|A/cattle/Texas/24-008749-003/2024(H5N1)	579	38136
NS|PP755593.1|A/cattle/Texas/24-008749-003/2024(H5N1)	580	38162
NS|PP755593.1|A/cattle/Texas/24-008749-003/2024(H5N1)	581	37917
NS|PP755593.1|A/cattle/Texas/24-008749-003/2024(H5N1)	582	38009
NS|PP755593.1|A/cattle/Texas/24-008749-003/2024(H5N1)	583	36359
NS|PP755593.1|A/cattle/Texas/24-008749-003/2024(H5N1)	584	36338
NS|PP755593.1|A/cattle/Texas/24-008749-003/2024(H5N1)	585	36333
NS|PP755593.1|A/cattle/Texas/24-008749-003/2024(H5N1)	586	36354
NS|PP755593.1|A/cattle/Texas/24-008749-003/2024(H5N1)	587	37183
NS|PP755593.1|A/cattle/Texas/24-008749-003/2024(H5N1)	588	37175
NS|PP755593.1|A/cattle/Texas/24-008749-003/2024(H5N1)	589	37176
NS|PP755593.1|A/cattle/Texas/24-008749-003/2024(H5N1)	590	37315
NS|PP755593.1|A/cattle/Texas/24-008749-003/2024(H5N1)	591	37070
NS|PP755593.1|A/cattle/Texas/24-008749-003/2024(H5N1)	592	37733
NS|PP755593.1|A/cattle/Texas/24-008749-003/2024(H5N1)	593	38354
NS|PP755593.1|A/cattle/Texas/24-008749-003/2024(H5N1)	594	38540
NS|PP755593.1|A/cattle/Texas/24-008749-003/2024(H5N1)	595	38459
NS|PP755593.1|A/cattle/Texas/24-008749-003/2024(H5N1)	596	38408
NS|PP755593.1|A/cattle/Texas/24-008749-003/2024(H5N1)	597	38464
NS|PP755593.1|A/cattle/Texas/24-008749-003/2024(H5N1)	598	37617
NS|PP755593.1|A/cattle/Texas/24-008749-003/2024(H5N1)	599	37574
NS|PP755593.1|A/cattle/Texas/24-008749-003/2024(H5N1)	600	38010
NS|PP755593.1|A/cattle/Texas/24-008749-003/2024(H5N1)	601	37144
NS|PP755593.1|A/cattle/Texas/24-008749-003/2024(H5N1)	602	37135
NS|PP755593.1|A/cattle/Texas/24-008749-003/2024(H5N1)	603	37659
NS|PP755593.1|A/cattle/Texas/24-008749-003/2024(H5N1)	604	37715
NS|PP755593.1|A/cattle/Texas/24-008749-003/2024(H5N1)	605	37264
NS|PP755593.1|A/cattle/Texas/24-008749-003/2024(H5N1)	606	37201
NS|PP755593.1|A/cattle/Texas/24-008749-003/2024(H5N1)	607	37212
NS|PP755593.1|A/cattle/Texas/24-008749-003/2024(H5N1)	608	37079
NS|PP755593.1|A/cattle/Texas/24-008749-003/2024(H5N1)	609	38168
NS|PP755593.1|A/cattle/Texas/24-008749-003/2024(H5N1)	610	38152
NS|PP755593.1|A/cattle/Texas/24-008749-003/2024(H5N1)	611	38123
NS|PP755593.1|A/cattle/Texas/24-008749-003/2024(H5N1)	612	37586
NS|PP755593.1|A/cattle/Texas/24-008749-003/2024(H5N1)	613	37496
NS|PP755593.1|A/cattle/Texas/24-008749-003/2024(H5N1)	614	37995
NS|PP755593.1|A/cattle/Texas/24-008749-003/2024(H5N1)	615	38032
NS|PP755593.1|A/cattle/Texas/24-008749-003/2024(H5N1)	616	37990
NS|PP755593.1|A/cattle/Texas/24-008749-003/2024(H5N1)	617	38839
NS|PP755593.1|A/cattle/Texas/24-008749-003/2024(H5N1)	618	39150
NS|PP755593.1|A/cattle/Texas/24-008749-003/2024(H5N1)	619	39270
NS|PP755593.1|A/cattle/Texas/24-008749-003/2024(H5N1)	620	39258
NS|PP755593.1|A/cattle/Texas/24-008749-003/2024(H5N1)	621	39167
NS|PP755593.1|A/cattle/Texas/24-008749-003/2024(H5N1)	622	39346
NS|PP755593.1|A/cattle/Texas/24-008749-003/2024(H5N1)	623	38700
NS|PP755593.1|A/cattle/Texas/24-008749-003/2024(H5N1)	624	39385
NS|PP755593.1|A/cattle/Texas/24-008749-003/2024(H5N1)	625	39897
NS|PP755593.1|A/cattle/Texas/24-008749-003/2024(H5N1)	626	38812
NS|PP755593.1|A/cattle/Texas/24-008749-003/2024(H5N1)	627	38992
NS|PP755593.1|A/cattle/Texas/24-008749-003/2024(H5N1)	628	38576
NS|PP755593.1|A/cattle/Texas/24-008749-003/2024(H5N1)	629	38859
NS|PP755593.1|A/cattle/Texas/24-008749-003/2024(H5N1)	630	38860
NS|PP755593.1|A/cattle/Texas/24-008749-003/2024(H5N1)	631	38650
NS|PP755593.1|A/cattle/Texas/24-008749-003/2024(H5N1)	632	38864
NS|PP755593.1|A/cattle/Texas/24-008749-003/2024(H5N1)	633	37611
NS|PP755593.1|A/cattle/Texas/24-008749-003/2024(H5N1)	634	38516
NS|PP755593.1|A/cattle/Texas/24-008749-003/2024(H5N1)	635	40947
NS|PP755593.1|A/cattle/Texas/24-008749-003/2024(H5N1)	636	40815
NS|PP755593.1|A/cattle/Texas/24-008749-003/2024(H5N1)	637	41018
NS|PP755593.1|A/cattle/Texas/24-008749-003/2024(H5N1)	638	40870
NS|PP755593.1|A/cattle/Texas/24-008749-003/2024(H5N1)	639	40952
NS|PP755593.1|A/cattle/Texas/24-008749-003/2024(H5N1)	640	41240
NS|PP755593.1|A/cattle/Texas/24-008749-003/2024(H5N1)	641	40912
NS|PP755593.1|A/cattle/Texas/24-008749-003/2024(H5N1)	642	41127
NS|PP755593.1|A/cattle/Texas/24-008749-003/2024(H5N1)	643	38784
NS|PP755593.1|A/cattle/Texas/24-008749-003/2024(H5N1)	644	39500
NS|PP755593.1|A/cattle/Texas/24-008749-003/2024(H5N1)	645	39501
NS|PP755593.1|A/cattle/Texas/24-008749-003/2024(H5N1)	646	38663
NS|PP755593.1|A/cattle/Texas/24-008749-003/2024(H5N1)	647	38487
NS|PP755593.1|A/cattle/Texas/24-008749-003/2024(H5N1)	648	39483
NS|PP755593.1|A/cattle/Texas/24-008749-003/2024(H5N1)	649	39490
NS|PP755593.1|A/cattle/Texas/24-008749-003/2024(H5N1)	650	39442
NS|PP755593.1|A/cattle/Texas/24-008749-003/2024(H5N1)	651	39360
NS|PP755593.1|A/cattle/Texas/24-008749-003/2024(H5N1)	652	38821
NS|PP755593.1|A/cattle/Texas/24-008749-003/2024(H5N1)	653	37297
NS|PP755593.1|A/cattle/Texas/24-008749-003/2024(H5N1)	654	37301
NS|PP755593.1|A/cattle/Texas/24-008749-003/2024(H5N1)	655	38390
NS|PP755593.1|A/cattle/Texas/24-008749-003/2024(H5N1)	656	38475
NS|PP755593.1|A/cattle/Texas/24-008749-003/2024(H5N1)	657	37529
NS|PP755593.1|A/cattle/Texas/24-008749-003/2024(H5N1)	658	37987
NS|PP755593.1|A/cattle/Texas/24-008749-003/2024(H5N1)	659	37986
NS|PP755593.1|A/cattle/Texas/24-008749-003/2024(H5N1)	660	36891
NS|PP755593.1|A/cattle/Texas/24-008749-003/2024(H5N1)	661	36915
NS|PP755593.1|A/cattle/Texas/24-008749-003/2024(H5N1)	662	36829
NS|PP755593.1|A/cattle/Texas/24-008749-003/2024(H5N1)	663	36938
NS|PP755593.1|A/cattle/Texas/24-008749-003/2024(H5N1)	664	37003
NS|PP755593.1|A/cattle/Texas/24-008749-003/2024(H5N1)	665	37045
NS|PP755593.1|A/cattle/Texas/24-008749-003/2024(H5N1)	666	37134
NS|PP755593.1|A/cattle/Texas/24-008749-003/2024(H5N1)	667	38803
NS|PP755593.1|A/cattle/Texas/24-008749-003/2024(H5N1)	668	38792
NS|PP755593.1|A/cattle/Texas/24-008749-003/2024(H5N1)	669	38902
NS|PP755593.1|A/cattle/Texas/24-008749-003/2024(H5N1)	670	38857
NS|PP755593.1|A/cattle/Texas/24-008749-003/2024(H5N1)	671	39298
NS|PP755593.1|A/cattle/Texas/24-008749-003/2024(H5N1)	672	39556
NS|PP755593.1|A/cattle/Texas/24-008749-003/2024(H5N1)	673	39622
NS|PP755593.1|A/cattle/Texas/24-008749-003/2024(H5N1)	674	39788
NS|PP755593.1|A/cattle/Texas/24-008749-003/2024(H5N1)	675	39650
NS|PP755593.1|A/cattle/Texas/24-008749-003/2024(H5N1)	676	39663
NS|PP755593.1|A/cattle/Texas/24-008749-003/2024(H5N1)	677	39719
NS|PP755593.1|A/cattle/Texas/24-008749-003/2024(H5N1)	678	39554
NS|PP755593.1|A/cattle/Texas/24-008749-003/2024(H5N1)	679	39556
NS|PP755593.1|A/cattle/Texas/24-008749-003/2024(H5N1)	680	38961
NS|PP755593.1|A/cattle/Texas/24-008749-003/2024(H5N1)	681	38679
NS|PP755593.1|A/cattle/Texas/24-008749-003/2024(H5N1)	682	39301
NS|PP755593.1|A/cattle/Texas/24-008749-003/2024(H5N1)	683	38842
NS|PP755593.1|A/cattle/Texas/24-008749-003/2024(H5N1)	684	38808
NS|PP755593.1|A/cattle/Texas/24-008749-003/2024(H5N1)	685	38810
NS|PP755593.1|A/cattle/Texas/24-008749-003/2024(H5N1)	686	38813
NS|PP755593.1|A/cattle/Texas/24-008749-003/2024(H5N1)	687	38839
NS|PP755593.1|A/cattle/Texas/24-008749-003/2024(H5N1)	688	38835
NS|PP755593.1|A/cattle/Texas/24-008749-003/2024(H5N1)	689	38208
NS|PP755593.1|A/cattle/Texas/24-008749-003/2024(H5N1)	690	38737
NS|PP755593.1|A/cattle/Texas/24-008749-003/2024(H5N1)	691	38408
NS|PP755593.1|A/cattle/Texas/24-008749-003/2024(H5N1)	692	38385
NS|PP755593.1|A/cattle/Texas/24-008749-003/2024(H5N1)	693	38442
NS|PP755593.1|A/cattle/Texas/24-008749-003/2024(H5N1)	694	38044
NS|PP755593.1|A/cattle/Texas/24-008749-003/2024(H5N1)	695	38200
NS|PP755593.1|A/cattle/Texas/24-008749-003/2024(H5N1)	696	38005
NS|PP755593.1|A/cattle/Texas/24-008749-003/2024(H5N1)	697	37940
NS|PP755593.1|A/cattle/Texas/24-008749-003/2024(H5N1)	698	37956
NS|PP755593.1|A/cattle/Texas/24-008749-003/2024(H5N1)	699	38247
NS|PP755593.1|A/cattle/Texas/24-008749-003/2024(H5N1)	700	38242
NS|PP755593.1|A/cattle/Texas/24-008749-003/2024(H5N1)	701	38089
NS|PP755593.1|A/cattle/Texas/24-008749-003/2024(H5N1)	702	37663
NS|PP755593.1|A/cattle/Texas/24-008749-003/2024(H5N1)	703	38208
NS|PP755593.1|A/cattle/Texas/24-008749-003/2024(H5N1)	704	37529
NS|PP755593.1|A/cattle/Texas/24-008749-003/2024(H5N1)	705	37431
NS|PP755593.1|A/cattle/Texas/24-008749-003/2024(H5N1)	706	37434
NS|PP755593.1|A/cattle/Texas/24-008749-003/2024(H5N1)	707	37409
NS|PP755593.1|A/cattle/Texas/24-008749-003/2024(H5N1)	708	37244
NS|PP755593.1|A/cattle/Texas/24-008749-003/2024(H5N1)	709	37385
NS|PP755593.1|A/cattle/Texas/24-008749-003/2024(H5N1)	710	39227
NS|PP755593.1|A/cattle/Texas/24-008749-003/2024(H5N1)	711	39348
NS|PP755593.1|A/cattle/Texas/24-008749-003/2024(H5N1)	712	39167
NS|PP755593.1|A/cattle/Texas/24-008749-003/2024(H5N1)	713	39262
NS|PP755593.1|A/cattle/Texas/24-008749-003/2024(H5N1)	714	45103
NS|PP755593.1|A/cattle/Texas/24-008749-003/2024(H5N1)	715	43221
NS|PP755593.1|A/cattle/Texas/24-008749-003/2024(H5N1)	716	43042
NS|PP755593.1|A/cattle/Texas/24-008749-003/2024(H5N1)	717	43583
NS|PP755593.1|A/cattle/Texas/24-008749-003/2024(H5N1)	718	42818
NS|PP755593.1|A/cattle/Texas/24-008749-003/2024(H5N1)	719	43316
NS|PP755593.1|A/cattle/Texas/24-008749-003/2024(H5N1)	720	43070
NS|PP755593.1|A/cattle/Texas/24-008749-003/2024(H5N1)	721	43072
NS|PP755593.1|A/cattle/Texas/24-008749-003/2024(H5N1)	722	42626
NS|PP755593.1|A/cattle/Texas/24-008749-003/2024(H5N1)	723	42478
NS|PP755593.1|A/cattle/Texas/24-008749-003/2024(H5N1)	724	42298
NS|PP755593.1|A/cattle/Texas/24-008749-003/2024(H5N1)	725	40818
NS|PP755593.1|A/cattle/Texas/24-008749-003/2024(H5N1)	726	40806
NS|PP755593.1|A/cattle/Texas/24-008749-003/2024(H5N1)	727	40804
NS|PP755593.1|A/cattle/Texas/24-008749-003/2024(H5N1)	728	39159
NS|PP755593.1|A/cattle/Texas/24-008749-003/2024(H5N1)	729	39157
NS|PP755593.1|A/cattle/Texas/24-008749-003/2024(H5N1)	730	39074
NS|PP755593.1|A/cattle/Texas/24-008749-003/2024(H5N1)	731	36963
NS|PP755593.1|A/cattle/Texas/24-008749-003/2024(H5N1)	732	36901
NS|PP755593.1|A/cattle/Texas/24-008749-003/2024(H5N1)	733	36486
NS|PP755593.1|A/cattle/Texas/24-008749-003/2024(H5N1)	734	36516
NS|PP755593.1|A/cattle/Texas/24-008749-003/2024(H5N1)	735	36683
NS|PP755593.1|A/cattle/Texas/24-008749-003/2024(H5N1)	736	36685
NS|PP755593.1|A/cattle/Texas/24-008749-003/2024(H5N1)	737	36515
NS|PP755593.1|A/cattle/Texas/24-008749-003/2024(H5N1)	738	35792
NS|PP755593.1|A/cattle/Texas/24-008749-003/2024(H5N1)	739	35750
NS|PP755593.1|A/cattle/Texas/24-008749-003/2024(H5N1)	740	35828
NS|PP755593.1|A/cattle/Texas/24-008749-003/2024(H5N1)	741	35830
NS|PP755593.1|A/cattle/Texas/24-008749-003/2024(H5N1)	742	35612
NS|PP755593.1|A/cattle/Texas/24-008749-003/2024(H5N1)	743	35009
NS|PP755593.1|A/cattle/Texas/24-008749-003/2024(H5N1)	744	34224
NS|PP755593.1|A/cattle/Texas/24-008749-003/2024(H5N1)	745	34088
NS|PP755593.1|A/cattle/Texas/24-008749-003/2024(H5N1)	746	34088
NS|PP755593.1|A/cattle/Texas/24-008749-003/2024(H5N1)	747	33937
NS|PP755593.1|A/cattle/Texas/24-008749-003/2024(H5N1)	748	33861
NS|PP755593.1|A/cattle/Texas/24-008749-003/2024(H5N1)	749	34270
NS|PP755593.1|A/cattle/Texas/24-008749-003/2024(H5N1)	750	34420
NS|PP755593.1|A/cattle/Texas/24-008749-003/2024(H5N1)	751	34421
NS|PP755593.1|A/cattle/Texas/24-008749-003/2024(H5N1)	752	34341
NS|PP755593.1|A/cattle/Texas/24-008749-003/2024(H5N1)	753	34338
NS|PP755593.1|A/cattle/Texas/24-008749-003/2024(H5N1)	754	33414
NS|PP755593.1|A/cattle/Texas/24-008749-003/2024(H5N1)	755	33418
NS|PP755593.1|A/cattle/Texas/24-008749-003/2024(H5N1)	756	33419
NS|PP755593.1|A/cattle/Texas/24-008749-003/2024(H5N1)	757	33412
NS|PP755593.1|A/cattle/Texas/24-008749-003/2024(H5N1)	758	33388
NS|PP755593.1|A/cattle/Texas/24-008749-003/2024(H5N1)	759	32377
NS|PP755593.1|A/cattle/Texas/24-008749-003/2024(H5N1)	760	32205
NS|PP755593.1|A/cattle/Texas/24-008749-003/2024(H5N1)	761	32205
NS|PP755593.1|A/cattle/Texas/24-008749-003/2024(H5N1)	762	32201
NS|PP755593.1|A/cattle/Texas/24-008749-003/2024(H5N1)	763	32149
NS|PP755593.1|A/cattle/Texas/24-008749-003/2024(H5N1)	764	32142
NS|PP755593.1|A/cattle/Texas/24-008749-003/2024(H5N1)	765	31680
NS|PP755593.1|A/cattle/Texas/24-008749-003/2024(H5N1)	766	31656
NS|PP755593.1|A/cattle/Texas/24-008749-003/2024(H5N1)	767	31524
NS|PP755593.1|A/cattle/Texas/24-008749-003/2024(H5N1)	768	30744
NS|PP755593.1|A/cattle/Texas/24-008749-003/2024(H5N1)	769	30140
NS|PP755593.1|A/cattle/Texas/24-008749-003/2024(H5N1)	770	30318
NS|PP755593.1|A/cattle/Texas/24-008749-003/2024(H5N1)	771	30319
NS|PP755593.1|A/cattle/Texas/24-008749-003/2024(H5N1)	772	30333
NS|PP755593.1|A/cattle/Texas/24-008749-003/2024(H5N1)	773	30066
NS|PP755593.1|A/cattle/Texas/24-008749-003/2024(H5N1)	774	29575
NS|PP755593.1|A/cattle/Texas/24-008749-003/2024(H5N1)	775	28999
NS|PP755593.1|A/cattle/Texas/24-008749-003/2024(H5N1)	776	28952
NS|PP755593.1|A/cattle/Texas/24-008749-003/2024(H5N1)	777	28976
NS|PP755593.1|A/cattle/Texas/24-008749-003/2024(H5N1)	778	28750
NS|PP755593.1|A/cattle/Texas/24-008749-003/2024(H5N1)	779	28584
NS|PP755593.1|A/cattle/Texas/24-008749-003/2024(H5N1)	780	28576
NS|PP755593.1|A/cattle/Texas/24-008749-003/2024(H5N1)	781	28566
NS|PP755593.1|A/cattle/Texas/24-008749-003/2024(H5N1)	782	28447
NS|PP755593.1|A/cattle/Texas/24-008749-003/2024(H5N1)	783	28415
NS|PP755593.1|A/cattle/Texas/24-008749-003/2024(H5N1)	784	28361
NS|PP755593.1|A/cattle/Texas/24-008749-003/2024(H5N1)	785	26927
NS|PP755593.1|A/cattle/Texas/24-008749-003/2024(H5N1)	786	24207
NS|PP755593.1|A/cattle/Texas/24-008749-003/2024(H5N1)	787	24124
NS|PP755593.1|A/cattle/Texas/24-008749-003/2024(H5N1)	788	23839
NS|PP755593.1|A/cattle/Texas/24-008749-003/2024(H5N1)	789	23725
NS|PP755593.1|A/cattle/Texas/24-008749-003/2024(H5N1)	790	23709
NS|PP755593.1|A/cattle/Texas/24-008749-003/2024(H5N1)	791	23152
NS|PP755593.1|A/cattle/Texas/24-008749-003/2024(H5N1)	792	23135
NS|PP755593.1|A/cattle/Texas/24-008749-003/2024(H5N1)	793	22955
NS|PP755593.1|A/cattle/Texas/24-008749-003/2024(H5N1)	794	22756
NS|PP755593.1|A/cattle/Texas/24-008749-003/2024(H5N1)	795	22122
NS|PP755593.1|A/cattle/Texas/24-008749-003/2024(H5N1)	796	22104
NS|PP755593.1|A/cattle/Texas/24-008749-003/2024(H5N1)	797	22091
NS|PP755593.1|A/cattle/Texas/24-008749-003/2024(H5N1)	798	22061
NS|PP755593.1|A/cattle/Texas/24-008749-003/2024(H5N1)	799	20863
NS|PP755593.1|A/cattle/Texas/24-008749-003/2024(H5N1)	800	20882
NS|PP755593.1|A/cattle/Texas/24-008749-003/2024(H5N1)	801	20786
NS|PP755593.1|A/cattle/Texas/24-008749-003/2024(H5N1)	802	20779
NS|PP755593.1|A/cattle/Texas/24-008749-003/2024(H5N1)	803	20665
NS|PP755593.1|A/cattle/Texas/24-008749-003/2024(H5N1)	804	19407
NS|PP755593.1|A/cattle/Texas/24-008749-003/2024(H5N1)	805	19398
NS|PP755593.1|A/cattle/Texas/24-008749-003/2024(H5N1)	806	19359
NS|PP755593.1|A/cattle/Texas/24-008749-003/2024(H5N1)	807	19233
NS|PP755593.1|A/cattle/Texas/24-008749-003/2024(H5N1)	808	19295
NS|PP755593.1|A/cattle/Texas/24-008749-003/2024(H5N1)	809	18349
NS|PP755593.1|A/cattle/Texas/24-008749-003/2024(H5N1)	810	18290
NS|PP755593.1|A/cattle/Texas/24-008749-003/2024(H5N1)	811	18253
NS|PP755593.1|A/cattle/Texas/24-008749-003/2024(H5N1)	812	18229
NS|PP755593.1|A/cattle/Texas/24-008749-003/2024(H5N1)	813	18245
NS|PP755593.1|A/cattle/Texas/24-008749-003/2024(H5N1)	814	18111
NS|PP755593.1|A/cattle/Texas/24-008749-003/2024(H5N1)	815	18033
NS|PP755593.1|A/cattle/Texas/24-008749-003/2024(H5N1)	816	17923
NS|PP755593.1|A/cattle/Texas/24-008749-003/2024(H5N1)	817	16010
NS|PP755593.1|A/cattle/Texas/24-008749-003/2024(H5N1)	818	15900
NS|PP755593.1|A/cattle/Texas/24-008749-003/2024(H5N1)	819	15881
NS|PP755593.1|A/cattle/Texas/24-008749-003/2024(H5N1)	820	15601
NS|PP755593.1|A/cattle/Texas/24-008749-003/2024(H5N1)	821	15595
NS|PP755593.1|A/cattle/Texas/24-008749-003/2024(H5N1)	822	15311
NS|PP755593.1|A/cattle/Texas/24-008749-003/2024(H5N1)	823	15279
NS|PP755593.1|A/cattle/Texas/24-008749-003/2024(H5N1)	824	15199
NS|PP755593.1|A/cattle/Texas/24-008749-003/2024(H5N1)	825	15081
NS|PP755593.1|A/cattle/Texas/24-008749-003/2024(H5N1)	826	15066
NS|PP755593.1|A/cattle/Texas/24-008749-003/2024(H5N1)	827	15046
NS|PP755593.1|A/cattle/Texas/24-008749-003/2024(H5N1)	828	14966
NS|PP755593.1|A/cattle/Texas/24-008749-003/2024(H5N1)	829	14959
NS|PP755593.1|A/cattle/Texas/24-008749-003/2024(H5N1)	830	14804
NS|PP755593.1|A/cattle/Texas/24-008749-003/2024(H5N1)	831	14512
NS|PP755593.1|A/cattle/Texas/24-008749-003/2024(H5N1)	832	14358
NS|PP755593.1|A/cattle/Texas/24-008749-003/2024(H5N1)	833	13900
NS|PP755593.1|A/cattle/Texas/24-008749-003/2024(H5N1)	834	13899
NS|PP755593.1|A/cattle/Texas/24-008749-003/2024(H5N1)	835	13893
NS|PP755593.1|A/cattle/Texas/24-008749-003/2024(H5N1)	836	13870
NS|PP755593.1|A/cattle/Texas/24-008749-003/2024(H5N1)	837	13823
NS|PP755593.1|A/cattle/Texas/24-008749-003/2024(H5N1)	838	13737
