NA|PP755591.1|A/cattle/Texas/24-008749-003/2024(H5N1)	1	1387
NA|PP755591.1|A/cattle/Texas/24-008749-003/2024(H5N1)	2	1390
NA|PP755591.1|A/cattle/Texas/24-008749-003/2024(H5N1)	3	1397
NA|PP755591.1|A/cattle/Texas/24-008749-003/2024(H5N1)	4	1399
NA|PP755591.1|A/cattle/Texas/24-008749-003/2024(H5N1)	5	1423
NA|PP755591.1|A/cattle/Texas/24-008749-003/2024(H5N1)	6	1427
NA|PP755591.1|A/cattle/Texas/24-008749-003/2024(H5N1)	7	1431
NA|PP755591.1|A/cattle/Texas/24-008749-003/2024(H5N1)	8	1432
NA|PP755591.1|A/cattle/Texas/24-008749-003/2024(H5N1)	9	1433
NA|PP755591.1|A/cattle/Texas/24-008749-003/2024(H5N1)	10	1469
NA|PP755591.1|A/cattle/Texas/24-008749-003/2024(H5N1)	11	1472
NA|PP755591.1|A/cattle/Texas/24-008749-003/2024(H5N1)	12	1479
NA|PP755591.1|A/cattle/Texas/24-008749-003/2024(H5N1)	13	1479
NA|PP755591.1|A/cattle/Texas/24-008749-003/2024(H5N1)	14	1482
NA|PP755591.1|A/cattle/Texas/24-008749-003/2024(H5N1)	15	1507
NA|PP755591.1|A/cattle/Texas/24-008749-003/2024(H5N1)	16	1514
NA|PP755591.1|A/cattle/Texas/24-008749-003/2024(H5N1)	17	1519
NA|PP755591.1|A/cattle/Texas/24-008749-003/2024(H5N1)	18	1600
NA|PP755591.1|A/cattle/Texas/24-008749-003/2024(H5N1)	19	1643
NA|PP755591.1|A/cattle/Texas/24-008749-003/2024(H5N1)	20	1646
NA|PP755591.1|A/cattle/Texas/24-008749-003/2024(H5N1)	21	1661
NA|PP755591.1|A/cattle/Texas/24-008749-003/2024(H5N1)	22	1668
NA|PP755591.1|A/cattle/Texas/24-008749-003/2024(H5N1)	23	1699
NA|PP755591.1|A/cattle/Texas/24-008749-003/2024(H5N1)	24	1702
NA|PP755591.1|A/cattle/Texas/24-008749-003/2024(H5N1)	25	1715
NA|PP755591.1|A/cattle/Texas/24-008749-003/2024(H5N1)	26	1904
NA|PP755591.1|A/cattle/Texas/24-008749-003/2024(H5N1)	27	1918
NA|PP755591.1|A/cattle/Texas/24-008749-003/2024(H5N1)	28	1918
NA|PP755591.1|A/cattle/Texas/24-008749-003/2024(H5N1)	29	1948
NA|PP755591.1|A/cattle/Texas/24-008749-003/2024(H5N1)	30	1954
NA|PP755591.1|A/cattle/Texas/24-008749-003/2024(H5N1)	31	2101
NA|PP755591.1|A/cattle/Texas/24-008749-003/2024(H5N1)	32	2108
NA|PP755591.1|A/cattle/Texas/24-008749-003/2024(H5N1)	33	2113
NA|PP755591.1|A/cattle/Texas/24-008749-003/2024(H5N1)	34	2114
NA|PP755591.1|A/cattle/Texas/24-008749-003/2024(H5N1)	35	2129
NA|PP755591.1|A/cattle/Texas/24-008749-003/2024(H5N1)	36	2177
NA|PP755591.1|A/cattle/Texas/24-008749-003/2024(H5N1)	37	2194
NA|PP755591.1|A/cattle/Texas/24-008749-003/2024(H5N1)	38	2215
NA|PP755591.1|A/cattle/Texas/24-008749-003/2024(H5N1)	39	2261
NA|PP755591.1|A/cattle/Texas/24-008749-003/2024(H5N1)	40	2282
NA|PP755591.1|A/cattle/Texas/24-008749-003/2024(H5N1)	41	2535
NA|PP755591.1|A/cattle/Texas/24-008749-003/2024(H5N1)	42	2535
NA|PP755591.1|A/cattle/Texas/24-008749-003/2024(H5N1)	43	2538
NA|PP755591.1|A/cattle/Texas/24-008749-003/2024(H5N1)	44	2557
NA|PP755591.1|A/cattle/Texas/24-008749-003/2024(H5N1)	45	2590
NA|PP755591.1|A/cattle/Texas/24-008749-003/2024(H5N1)	46	2698
NA|PP755591.1|A/cattle/Texas/24-008749-003/2024(H5N1)	47	2707
NA|PP755591.1|A/cattle/Texas/24-008749-003/2024(H5N1)	48	2726
NA|PP755591.1|A/cattle/Texas/24-008749-003/2024(H5N1)	49	2726
NA|PP755591.1|A/cattle/Texas/24-008749-003/2024(H5N1)	50	2752
NA|PP755591.1|A/cattle/Texas/24-008749-003/2024(H5N1)	51	2757
NA|PP755591.1|A/cattle/Texas/24-008749-003/2024(H5N1)	52	2836
NA|PP755591.1|A/cattle/Texas/24-008749-003/2024(H5N1)	53	2840
NA|PP755591.1|A/cattle/Texas/24-008749-003/2024(H5N1)	54	2841
NA|PP755591.1|A/cattle/Texas/24-008749-003/2024(H5N1)	55	2857
NA|PP755591.1|A/cattle/Texas/24-008749-003/2024(H5N1)	56	2866
NA|PP755591.1|A/cattle/Texas/24-008749-003/2024(H5N1)	57	2930
NA|PP755591.1|A/cattle/Texas/24-008749-003/2024(H5N1)	58	2951
NA|PP755591.1|A/cattle/Texas/24-008749-003/2024(H5N1)	59	2956
NA|PP755591.1|A/cattle/Texas/24-008749-003/2024(H5N1)	60	2969
NA|PP755591.1|A/cattle/Texas/24-008749-003/2024(H5N1)	61	2967
NA|PP755591.1|A/cattle/Texas/24-008749-003/2024(H5N1)	62	3070
NA|PP755591.1|A/cattle/Texas/24-008749-003/2024(H5N1)	63	3097
NA|PP755591.1|A/cattle/Texas/24-008749-003/2024(H5N1)	64	3097
NA|PP755591.1|A/cattle/Texas/24-008749-003/2024(H5N1)	65	3100
NA|PP755591.1|A/cattle/Texas/24-008749-003/2024(H5N1)	66	3096
NA|PP755591.1|A/cattle/Texas/24-008749-003/2024(H5N1)	67	3107
NA|PP755591.1|A/cattle/Texas/24-008749-003/2024(H5N1)	68	3108
NA|PP755591.1|A/cattle/Texas/24-008749-003/2024(H5N1)	69	3111
NA|PP755591.1|A/cattle/Texas/24-008749-003/2024(H5N1)	70	3131
NA|PP755591.1|A/cattle/Texas/24-008749-003/2024(H5N1)	71	3131
NA|PP755591.1|A/cattle/Texas/24-008749-003/2024(H5N1)	72	3148
NA|PP755591.1|A/cattle/Texas/24-008749-003/2024(H5N1)	73	3151
NA|PP755591.1|A/cattle/Texas/24-008749-003/2024(H5N1)	74	3160
NA|PP755591.1|A/cattle/Texas/24-008749-003/2024(H5N1)	75	3160
NA|PP755591.1|A/cattle/Texas/24-008749-003/2024(H5N1)	76	3164
NA|PP755591.1|A/cattle/Texas/24-008749-003/2024(H5N1)	77	3169
NA|PP755591.1|A/cattle/Texas/24-008749-003/2024(H5N1)	78	3171
NA|PP755591.1|A/cattle/Texas/24-008749-003/2024(H5N1)	79	3173
NA|PP755591.1|A/cattle/Texas/24-008749-003/2024(H5N1)	80	3182
NA|PP755591.1|A/cattle/Texas/24-008749-003/2024(H5N1)	81	3186
NA|PP755591.1|A/cattle/Texas/24-008749-003/2024(H5N1)	82	3191
NA|PP755591.1|A/cattle/Texas/24-008749-003/2024(H5N1)	83	3197
NA|PP755591.1|A/cattle/Texas/24-008749-003/2024(H5N1)	84	3249
NA|PP755591.1|A/cattle/Texas/24-008749-003/2024(H5N1)	85	3252
NA|PP755591.1|A/cattle/Texas/24-008749-003/2024(H5N1)	86	3261
NA|PP755591.1|A/cattle/Texas/24-008749-003/2024(H5N1)	87	3278
NA|PP755591.1|A/cattle/Texas/24-008749-003/2024(H5N1)	88	3287
NA|PP755591.1|A/cattle/Texas/24-008749-003/2024(H5N1)	89	3327
NA|PP755591.1|A/cattle/Texas/24-008749-003/2024(H5N1)	90	3330
NA|PP755591.1|A/cattle/Texas/24-008749-003/2024(H5N1)	91	3331
NA|PP755591.1|A/cattle/Texas/24-008749-003/2024(H5N1)	92	3591
NA|PP755591.1|A/cattle/Texas/24-008749-003/2024(H5N1)	93	3594
NA|PP755591.1|A/cattle/Texas/24-008749-003/2024(H5N1)	94	3668
NA|PP755591.1|A/cattle/Texas/24-008749-003/2024(H5N1)	95	3670
NA|PP755591.1|A/cattle/Texas/24-008749-003/2024(H5N1)	96	3671
NA|PP755591.1|A/cattle/Texas/24-008749-003/2024(H5N1)	97	3673
NA|PP755591.1|A/cattle/Texas/24-008749-003/2024(H5N1)	98	3775
NA|PP755591.1|A/cattle/Texas/24-008749-003/2024(H5N1)	99	3795
NA|PP755591.1|A/cattle/Texas/24-008749-003/2024(H5N1)	100	3795
NA|PP755591.1|A/cattle/Texas/24-008749-003/2024(H5N1)	101	3755
NA|PP755591.1|A/cattle/Texas/24-008749-003/2024(H5N1)	102	3764
NA|PP755591.1|A/cattle/Texas/24-008749-003/2024(H5N1)	103	3760
NA|PP755591.1|A/cattle/Texas/24-008749-003/2024(H5N1)	104	3767
NA|PP755591.1|A/cattle/Texas/24-008749-003/2024(H5N1)	105	3810
NA|PP755591.1|A/cattle/Texas/24-008749-003/2024(H5N1)	106	3814
NA|PP755591.1|A/cattle/Texas/24-008749-003/2024(H5N1)	107	3830
NA|PP755591.1|A/cattle/Texas/24-008749-003/2024(H5N1)	108	3839
NA|PP755591.1|A/cattle/Texas/24-008749-003/2024(H5N1)	109	3840
NA|PP755591.1|A/cattle/Texas/24-008749-003/2024(H5N1)	110	3843
NA|PP755591.1|A/cattle/Texas/24-008749-003/2024(H5N1)	111	3864
NA|PP755591.1|A/cattle/Texas/24-008749-003/2024(H5N1)	112	3895
NA|PP755591.1|A/cattle/Texas/24-008749-003/2024(H5N1)	113	3898
NA|PP755591.1|A/cattle/Texas/24-008749-003/2024(H5N1)	114	3909
NA|PP755591.1|A/cattle/Texas/24-008749-003/2024(H5N1)	115	3910
NA|PP755591.1|A/cattle/Texas/24-008749-003/2024(H5N1)	116	3905
NA|PP755591.1|A/cattle/Texas/24-008749-003/2024(H5N1)	117	3905
NA|PP755591.1|A/cattle/Texas/24-008749-003/2024(H5N1)	118	3907
NA|PP755591.1|A/cattle/Texas/24-008749-003/2024(H5N1)	119	3937
NA|PP755591.1|A/cattle/Texas/24-008749-003/2024(H5N1)	120	3931
NA|PP755591.1|A/cattle/Texas/24-008749-003/2024(H5N1)	121	3943
NA|PP755591.1|A/cattle/Texas/24-008749-003/2024(H5N1)	122	4017
NA|PP755591.1|A/cattle/Texas/24-008749-003/2024(H5N1)	123	4038
NA|PP755591.1|A/cattle/Texas/24-008749-003/2024(H5N1)	124	4065
NA|PP755591.1|A/cattle/Texas/24-008749-003/2024(H5N1)	125	4164
NA|PP755591.1|A/cattle/Texas/24-008749-003/2024(H5N1)	126	4166
NA|PP755591.1|A/cattle/Texas/24-008749-003/2024(H5N1)	127	4184
NA|PP755591.1|A/cattle/Texas/24-008749-003/2024(H5N1)	128	4202
NA|PP755591.1|A/cattle/Texas/24-008749-003/2024(H5N1)	129	4283
NA|PP755591.1|A/cattle/Texas/24-008749-003/2024(H5N1)	130	4280
NA|PP755591.1|A/cattle/Texas/24-008749-003/2024(H5N1)	131	3716
NA|PP755591.1|A/cattle/Texas/24-008749-003/2024(H5N1)	132	3404
NA|PP755591.1|A/cattle/Texas/24-008749-003/2024(H5N1)	133	3390
NA|PP755591.1|A/cattle/Texas/24-008749-003/2024(H5N1)	134	3979
NA|PP755591.1|A/cattle/Texas/24-008749-003/2024(H5N1)	135	4023
NA|PP755591.1|A/cattle/Texas/24-008749-003/2024(H5N1)	136	4049
NA|PP755591.1|A/cattle/Texas/24-008749-003/2024(H5N1)	137	4029
NA|PP755591.1|A/cattle/Texas/24-008749-003/2024(H5N1)	138	4187
NA|PP755591.1|A/cattle/Texas/24-008749-003/2024(H5N1)	139	4241
NA|PP755591.1|A/cattle/Texas/24-008749-003/2024(H5N1)	140	4241
NA|PP755591.1|A/cattle/Texas/24-008749-003/2024(H5N1)	141	4237
NA|PP755591.1|A/cattle/Texas/24-008749-003/2024(H5N1)	142	4226
NA|PP755591.1|A/cattle/Texas/24-008749-003/2024(H5N1)	143	4128
NA|PP755591.1|A/cattle/Texas/24-008749-003/2024(H5N1)	144	4119
NA|PP755591.1|A/cattle/Texas/24-008749-003/2024(H5N1)	145	3997
NA|PP755591.1|A/cattle/Texas/24-008749-003/2024(H5N1)	146	3996
NA|PP755591.1|A/cattle/Texas/24-008749-003/2024(H5N1)	147	3998
NA|PP755591.1|A/cattle/Texas/24-008749-003/2024(H5N1)	148	4063
NA|PP755591.1|A/cattle/Texas/24-008749-003/2024(H5N1)	149	4092
NA|PP755591.1|A/cattle/Texas/24-008749-003/2024(H5N1)	150	4212
NA|PP755591.1|A/cattle/Texas/24-008749-003/2024(H5N1)	151	4210
NA|PP755591.1|A/cattle/Texas/24-008749-003/2024(H5N1)	152	4209
NA|PP755591.1|A/cattle/Texas/24-008749-003/2024(H5N1)	153	4380
NA|PP755591.1|A/cattle/Texas/24-008749-003/2024(H5N1)	154	4377
NA|PP755591.1|A/cattle/Texas/24-008749-003/2024(H5N1)	155	4392
NA|PP755591.1|A/cattle/Texas/24-008749-003/2024(H5N1)	156	4429
NA|PP755591.1|A/cattle/Texas/24-008749-003/2024(H5N1)	157	4473
NA|PP755591.1|A/cattle/Texas/24-008749-003/2024(H5N1)	158	4555
NA|PP755591.1|A/cattle/Texas/24-008749-003/2024(H5N1)	159	4569
NA|PP755591.1|A/cattle/Texas/24-008749-003/2024(H5N1)	160	4574
NA|PP755591.1|A/cattle/Texas/24-008749-003/2024(H5N1)	161	4589
NA|PP755591.1|A/cattle/Texas/24-008749-003/2024(H5N1)	162	4596
NA|PP755591.1|A/cattle/Texas/24-008749-003/2024(H5N1)	163	4633
NA|PP755591.1|A/cattle/Texas/24-008749-003/2024(H5N1)	164	4728
NA|PP755591.1|A/cattle/Texas/24-008749-003/2024(H5N1)	165	4706
NA|PP755591.1|A/cattle/Texas/24-008749-003/2024(H5N1)	166	4717
NA|PP755591.1|A/cattle/Texas/24-008749-003/2024(H5N1)	167	4716
NA|PP755591.1|A/cattle/Texas/24-008749-003/2024(H5N1)	168	4714
NA|PP755591.1|A/cattle/Texas/24-008749-003/2024(H5N1)	169	4656
NA|PP755591.1|A/cattle/Texas/24-008749-003/2024(H5N1)	170	4621
NA|PP755591.1|A/cattle/Texas/24-008749-003/2024(H5N1)	171	4734
NA|PP755591.1|A/cattle/Texas/24-008749-003/2024(H5N1)	172	4909
NA|PP755591.1|A/cattle/Texas/24-008749-003/2024(H5N1)	173	4901
NA|PP755591.1|A/cattle/Texas/24-008749-003/2024(H5N1)	174	4884
NA|PP755591.1|A/cattle/Texas/24-008749-003/2024(H5N1)	175	4881
NA|PP755591.1|A/cattle/Texas/24-008749-003/2024(H5N1)	176	4886
NA|PP755591.1|A/cattle/Texas/24-008749-003/2024(H5N1)	177	4751
NA|PP755591.1|A/cattle/Texas/24-008749-003/2024(H5N1)	178	4767
NA|PP755591.1|A/cattle/Texas/24-008749-003/2024(H5N1)	179	4772
NA|PP755591.1|A/cattle/Texas/24-008749-003/2024(H5N1)	180	4619
NA|PP755591.1|A/cattle/Texas/24-008749-003/2024(H5N1)	181	4610
NA|PP755591.1|A/cattle/Texas/24-008749-003/2024(H5N1)	182	4704
NA|PP755591.1|A/cattle/Texas/24-008749-003/2024(H5N1)	183	4702
NA|PP755591.1|A/cattle/Texas/24-008749-003/2024(H5N1)	184	4700
NA|PP755591.1|A/cattle/Texas/24-008749-003/2024(H5N1)	185	4880
NA|PP755591.1|A/cattle/Texas/24-008749-003/2024(H5N1)	186	4862
NA|PP755591.1|A/cattle/Texas/24-008749-003/2024(H5N1)	187	4879
NA|PP755591.1|A/cattle/Texas/24-008749-003/2024(H5N1)	188	4874
NA|PP755591.1|A/cattle/Texas/24-008749-003/2024(H5N1)	189	4858
NA|PP755591.1|A/cattle/Texas/24-008749-003/2024(H5N1)	190	4804
NA|PP755591.1|A/cattle/Texas/24-008749-003/2024(H5N1)	191	4770
NA|PP755591.1|A/cattle/Texas/24-008749-003/2024(H5N1)	192	4608
NA|PP755591.1|A/cattle/Texas/24-008749-003/2024(H5N1)	193	4668
NA|PP755591.1|A/cattle/Texas/24-008749-003/2024(H5N1)	194	4682
NA|PP755591.1|A/cattle/Texas/24-008749-003/2024(H5N1)	195	4688
NA|PP755591.1|A/cattle/Texas/24-008749-003/2024(H5N1)	196	4663
NA|PP755591.1|A/cattle/Texas/24-008749-003/2024(H5N1)	197	4595
NA|PP755591.1|A/cattle/Texas/24-008749-003/2024(H5N1)	198	4612
NA|PP755591.1|A/cattle/Texas/24-008749-003/2024(H5N1)	199	4613
NA|PP755591.1|A/cattle/Texas/24-008749-003/2024(H5N1)	200	4625
NA|PP755591.1|A/cattle/Texas/24-008749-003/2024(H5N1)	201	4613
NA|PP755591.1|A/cattle/Texas/24-008749-003/2024(H5N1)	202	4615
NA|PP755591.1|A/cattle/Texas/24-008749-003/2024(H5N1)	203	4582
NA|PP755591.1|A/cattle/Texas/24-008749-003/2024(H5N1)	204	4627
NA|PP755591.1|A/cattle/Texas/24-008749-003/2024(H5N1)	205	4628
NA|PP755591.1|A/cattle/Texas/24-008749-003/2024(H5N1)	206	4622
NA|PP755591.1|A/cattle/Texas/24-008749-003/2024(H5N1)	207	4596
NA|PP755591.1|A/cattle/Texas/24-008749-003/2024(H5N1)	208	4592
NA|PP755591.1|A/cattle/Texas/24-008749-003/2024(H5N1)	209	4580
NA|PP755591.1|A/cattle/Texas/24-008749-003/2024(H5N1)	210	4600
NA|PP755591.1|A/cattle/Texas/24-008749-003/2024(H5N1)	211	4578
NA|PP755591.1|A/cattle/Texas/24-008749-003/2024(H5N1)	212	4599
NA|PP755591.1|A/cattle/Texas/24-008749-003/2024(H5N1)	213	4515
NA|PP755591.1|A/cattle/Texas/24-008749-003/2024(H5N1)	214	4521
NA|PP755591.1|A/cattle/Texas/24-008749-003/2024(H5N1)	215	4525
NA|PP755591.1|A/cattle/Texas/24-008749-003/2024(H5N1)	216	4588
NA|PP755591.1|A/cattle/Texas/24-008749-003/2024(H5N1)	217	4591
NA|PP755591.1|A/cattle/Texas/24-008749-003/2024(H5N1)	218	4627
NA|PP755591.1|A/cattle/Texas/24-008749-003/2024(H5N1)	219	4643
NA|PP755591.1|A/cattle/Texas/24-008749-003/2024(H5N1)	220	4638
NA|PP755591.1|A/cattle/Texas/24-008749-003/2024(H5N1)	221	4633
NA|PP755591.1|A/cattle/Texas/24-008749-003/2024(H5N1)	222	4648
NA|PP755591.1|A/cattle/Texas/24-008749-003/2024(H5N1)	223	4633
NA|PP755591.1|A/cattle/Texas/24-008749-003/2024(H5N1)	224	4646
NA|PP755591.1|A/cattle/Texas/24-008749-003/2024(H5N1)	225	4645
NA|PP755591.1|A/cattle/Texas/24-008749-003/2024(H5N1)	226	4650
NA|PP755591.1|A/cattle/Texas/24-008749-003/2024(H5N1)	227	4651
NA|PP755591.1|A/cattle/Texas/24-008749-003/2024(H5N1)	228	4664
NA|PP755591.1|A/cattle/Texas/24-008749-003/2024(H5N1)	229	4747
NA|PP755591.1|A/cattle/Texas/24-008749-003/2024(H5N1)	230	4745
NA|PP755591.1|A/cattle/Texas/24-008749-003/2024(H5N1)	231	4748
NA|PP755591.1|A/cattle/Texas/24-008749-003/2024(H5N1)	232	4748
NA|PP755591.1|A/cattle/Texas/24-008749-003/2024(H5N1)	233	4746
NA|PP755591.1|A/cattle/Texas/24-008749-003/2024(H5N1)	234	4857
NA|PP755591.1|A/cattle/Texas/24-008749-003/2024(H5N1)	235	4878
NA|PP755591.1|A/cattle/Texas/24-008749-003/2024(H5N1)	236	4912
NA|PP755591.1|A/cattle/Texas/24-008749-003/2024(H5N1)	237	4926
NA|PP755591.1|A/cattle/Texas/24-008749-003/2024(H5N1)	238	4936
NA|PP755591.1|A/cattle/Texas/24-008749-003/2024(H5N1)	239	4937
NA|PP755591.1|A/cattle/Texas/24-008749-003/2024(H5N1)	240	4950
NA|PP755591.1|A/cattle/Texas/24-008749-003/2024(H5N1)	241	4948
NA|PP755591.1|A/cattle/Texas/24-008749-003/2024(H5N1)	242	4797
NA|PP755591.1|A/cattle/Texas/24-008749-003/2024(H5N1)	243	4714
NA|PP755591.1|A/cattle/Texas/24-008749-003/2024(H5N1)	244	4724
NA|PP755591.1|A/cattle/Texas/24-008749-003/2024(H5N1)	245	4655
NA|PP755591.1|A/cattle/Texas/24-008749-003/2024(H5N1)	246	4700
NA|PP755591.1|A/cattle/Texas/24-008749-003/2024(H5N1)	247	4703
NA|PP755591.1|A/cattle/Texas/24-008749-003/2024(H5N1)	248	4707
NA|PP755591.1|A/cattle/Texas/24-008749-003/2024(H5N1)	249	4600
NA|PP755591.1|A/cattle/Texas/24-008749-003/2024(H5N1)	250	4626
NA|PP755591.1|A/cattle/Texas/24-008749-003/2024(H5N1)	251	4698
NA|PP755591.1|A/cattle/Texas/24-008749-003/2024(H5N1)	252	4698
NA|PP755591.1|A/cattle/Texas/24-008749-003/2024(H5N1)	253	4706
NA|PP755591.1|A/cattle/Texas/24-008749-003/2024(H5N1)	254	4700
NA|PP755591.1|A/cattle/Texas/24-008749-003/2024(H5N1)	255	4659
NA|PP755591.1|A/cattle/Texas/24-008749-003/2024(H5N1)	256	4658
NA|PP755591.1|A/cattle/Texas/24-008749-003/2024(H5N1)	257	4658
NA|PP755591.1|A/cattle/Texas/24-008749-003/2024(H5N1)	258	4665
NA|PP755591.1|A/cattle/Texas/24-008749-003/2024(H5N1)	259	4645
NA|PP755591.1|A/cattle/Texas/24-008749-003/2024(H5N1)	260	4646
NA|PP755591.1|A/cattle/Texas/24-008749-003/2024(H5N1)	261	4722
NA|PP755591.1|A/cattle/Texas/24-008749-003/2024(H5N1)	262	4730
NA|PP755591.1|A/cattle/Texas/24-008749-003/2024(H5N1)	263	4838
NA|PP755591.1|A/cattle/Texas/24-008749-003/2024(H5N1)	264	4834
NA|PP755591.1|A/cattle/Texas/24-008749-003/2024(H5N1)	265	4864
NA|PP755591.1|A/cattle/Texas/24-008749-003/2024(H5N1)	266	4863
NA|PP755591.1|A/cattle/Texas/24-008749-003/2024(H5N1)	267	4856
NA|PP755591.1|A/cattle/Texas/24-008749-003/2024(H5N1)	268	4917
NA|PP755591.1|A/cattle/Texas/24-008749-003/2024(H5N1)	269	4899
NA|PP755591.1|A/cattle/Texas/24-008749-003/2024(H5N1)	270	4955
NA|PP755591.1|A/cattle/Texas/24-008749-003/2024(H5N1)	271	4947
NA|PP755591.1|A/cattle/Texas/24-008749-003/2024(H5N1)	272	4876
NA|PP755591.1|A/cattle/Texas/24-008749-003/2024(H5N1)	273	4945
NA|PP755591.1|A/cattle/Texas/24-008749-003/2024(H5N1)	274	4925
NA|PP755591.1|A/cattle/Texas/24-008749-003/2024(H5N1)	275	4906
NA|PP755591.1|A/cattle/Texas/24-008749-003/2024(H5N1)	276	4894
NA|PP755591.1|A/cattle/Texas/24-008749-003/2024(H5N1)	277	4889
NA|PP755591.1|A/cattle/Texas/24-008749-003/2024(H5N1)	278	4906
NA|PP755591.1|A/cattle/Texas/24-008749-003/2024(H5N1)	279	4890
NA|PP755591.1|A/cattle/Texas/24-008749-003/2024(H5N1)	280	5214
NA|PP755591.1|A/cattle/Texas/24-008749-003/2024(H5N1)	281	5215
NA|PP755591.1|A/cattle/Texas/24-008749-003/2024(H5N1)	282	5216
NA|PP755591.1|A/cattle/Texas/24-008749-003/2024(H5N1)	283	5215
NA|PP755591.1|A/cattle/Texas/24-008749-003/2024(H5N1)	284	5220
NA|PP755591.1|A/cattle/Texas/24-008749-003/2024(H5N1)	285	4583
NA|PP755591.1|A/cattle/Texas/24-008749-003/2024(H5N1)	286	4527
NA|PP755591.1|A/cattle/Texas/24-008749-003/2024(H5N1)	287	4484
NA|PP755591.1|A/cattle/Texas/24-008749-003/2024(H5N1)	288	4491
NA|PP755591.1|A/cattle/Texas/24-008749-003/2024(H5N1)	289	4305
NA|PP755591.1|A/cattle/Texas/24-008749-003/2024(H5N1)	290	4344
NA|PP755591.1|A/cattle/Texas/24-008749-003/2024(H5N1)	291	4414
NA|PP755591.1|A/cattle/Texas/24-008749-003/2024(H5N1)	292	4562
NA|PP755591.1|A/cattle/Texas/24-008749-003/2024(H5N1)	293	4567
NA|PP755591.1|A/cattle/Texas/24-008749-003/2024(H5N1)	294	4571
NA|PP755591.1|A/cattle/Texas/24-008749-003/2024(H5N1)	295	4827
NA|PP755591.1|A/cattle/Texas/24-008749-003/2024(H5N1)	296	4835
NA|PP755591.1|A/cattle/Texas/24-008749-003/2024(H5N1)	297	4865
NA|PP755591.1|A/cattle/Texas/24-008749-003/2024(H5N1)	298	4877
NA|PP755591.1|A/cattle/Texas/24-008749-003/2024(H5N1)	299	4822
NA|PP755591.1|A/cattle/Texas/24-008749-003/2024(H5N1)	300	4852
NA|PP755591.1|A/cattle/Texas/24-008749-003/2024(H5N1)	301	4698
NA|PP755591.1|A/cattle/Texas/24-008749-003/2024(H5N1)	302	4715
NA|PP755591.1|A/cattle/Texas/24-008749-003/2024(H5N1)	303	5278
NA|PP755591.1|A/cattle/Texas/24-008749-003/2024(H5N1)	304	5122
NA|PP755591.1|A/cattle/Texas/24-008749-003/2024(H5N1)	305	5121
NA|PP755591.1|A/cattle/Texas/24-008749-003/2024(H5N1)	306	5136
NA|PP755591.1|A/cattle/Texas/24-008749-003/2024(H5N1)	307	5116
NA|PP755591.1|A/cattle/Texas/24-008749-003/2024(H5N1)	308	5200
NA|PP755591.1|A/cattle/Texas/24-008749-003/2024(H5N1)	309	5119
NA|PP755591.1|A/cattle/Texas/24-008749-003/2024(H5N1)	310	5132
NA|PP755591.1|A/cattle/Texas/24-008749-003/2024(H5N1)	311	5154
NA|PP755591.1|A/cattle/Texas/24-008749-003/2024(H5N1)	312	5173
NA|PP755591.1|A/cattle/Texas/24-008749-003/2024(H5N1)	313	5174
NA|PP755591.1|A/cattle/Texas/24-008749-003/2024(H5N1)	314	5296
NA|PP755591.1|A/cattle/Texas/24-008749-003/2024(H5N1)	315	5196
NA|PP755591.1|A/cattle/Texas/24-008749-003/2024(H5N1)	316	5194
NA|PP755591.1|A/cattle/Texas/24-008749-003/2024(H5N1)	317	5257
NA|PP755591.1|A/cattle/Texas/24-008749-003/2024(H5N1)	318	5248
NA|PP755591.1|A/cattle/Texas/24-008749-003/2024(H5N1)	319	5253
NA|PP755591.1|A/cattle/Texas/24-008749-003/2024(H5N1)	320	5298
NA|PP755591.1|A/cattle/Texas/24-008749-003/2024(H5N1)	321	5315
NA|PP755591.1|A/cattle/Texas/24-008749-003/2024(H5N1)	322	5215
NA|PP755591.1|A/cattle/Texas/24-008749-003/2024(H5N1)	323	5050
NA|PP755591.1|A/cattle/Texas/24-008749-003/2024(H5N1)	324	5048
NA|PP755591.1|A/cattle/Texas/24-008749-003/2024(H5N1)	325	5063
NA|PP755591.1|A/cattle/Texas/24-008749-003/2024(H5N1)	326	5150
NA|PP755591.1|A/cattle/Texas/24-008749-003/2024(H5N1)	327	5294
NA|PP755591.1|A/cattle/Texas/24-008749-003/2024(H5N1)	328	5281
NA|PP755591.1|A/cattle/Texas/24-008749-003/2024(H5N1)	329	5258
NA|PP755591.1|A/cattle/Texas/24-008749-003/2024(H5N1)	330	5318
NA|PP755591.1|A/cattle/Texas/24-008749-003/2024(H5N1)	331	5326
NA|PP755591.1|A/cattle/Texas/24-008749-003/2024(H5N1)	332	5335
NA|PP755591.1|A/cattle/Texas/24-008749-003/2024(H5N1)	333	5278
NA|PP755591.1|A/cattle/Texas/24-008749-003/2024(H5N1)	334	5313
NA|PP755591.1|A/cattle/Texas/24-008749-003/2024(H5N1)	335	5255
NA|PP755591.1|A/cattle/Texas/24-008749-003/2024(H5N1)	336	5207
NA|PP755591.1|A/cattle/Texas/24-008749-003/2024(H5N1)	337	5201
NA|PP755591.1|A/cattle/Texas/24-008749-003/2024(H5N1)	338	5253
NA|PP755591.1|A/cattle/Texas/24-008749-003/2024(H5N1)	339	5246
NA|PP755591.1|A/cattle/Texas/24-008749-003/2024(H5N1)	340	5269
NA|PP755591.1|A/cattle/Texas/24-008749-003/2024(H5N1)	341	5318
NA|PP755591.1|A/cattle/Texas/24-008749-003/2024(H5N1)	342	5333
NA|PP755591.1|A/cattle/Texas/24-008749-003/2024(H5N1)	343	5265
NA|PP755591.1|A/cattle/Texas/24-008749-003/2024(H5N1)	344	5252
NA|PP755591.1|A/cattle/Texas/24-008749-003/2024(H5N1)	345	5248
NA|PP755591.1|A/cattle/Texas/24-008749-003/2024(H5N1)	346	5271
NA|PP755591.1|A/cattle/Texas/24-008749-003/2024(H5N1)	347	5306
NA|PP755591.1|A/cattle/Texas/24-008749-003/2024(H5N1)	348	5316
NA|PP755591.1|A/cattle/Texas/24-008749-003/2024(H5N1)	349	5335
NA|PP755591.1|A/cattle/Texas/24-008749-003/2024(H5N1)	350	5352
NA|PP755591.1|A/cattle/Texas/24-008749-003/2024(H5N1)	351	5341
NA|PP755591.1|A/cattle/Texas/24-008749-003/2024(H5N1)	352	5332
NA|PP755591.1|A/cattle/Texas/24-008749-003/2024(H5N1)	353	5335
NA|PP755591.1|A/cattle/Texas/24-008749-003/2024(H5N1)	354	5383
NA|PP755591.1|A/cattle/Texas/24-008749-003/2024(H5N1)	355	5377
NA|PP755591.1|A/cattle/Texas/24-008749-003/2024(H5N1)	356	5438
NA|PP755591.1|A/cattle/Texas/24-008749-003/2024(H5N1)	357	5449
NA|PP755591.1|A/cattle/Texas/24-008749-003/2024(H5N1)	358	5512
NA|PP755591.1|A/cattle/Texas/24-008749-003/2024(H5N1)	359	5476
NA|PP755591.1|A/cattle/Texas/24-008749-003/2024(H5N1)	360	5654
NA|PP755591.1|A/cattle/Texas/24-008749-003/2024(H5N1)	361	5657
NA|PP755591.1|A/cattle/Texas/24-008749-003/2024(H5N1)	362	5665
NA|PP755591.1|A/cattle/Texas/24-008749-003/2024(H5N1)	363	5692
NA|PP755591.1|A/cattle/Texas/24-008749-003/2024(H5N1)	364	5683
NA|PP755591.1|A/cattle/Texas/24-008749-003/2024(H5N1)	365	5714
NA|PP755591.1|A/cattle/Texas/24-008749-003/2024(H5N1)	366	5719
NA|PP755591.1|A/cattle/Texas/24-008749-003/2024(H5N1)	367	5630
NA|PP755591.1|A/cattle/Texas/24-008749-003/2024(H5N1)	368	5609
NA|PP755591.1|A/cattle/Texas/24-008749-003/2024(H5N1)	369	5592
NA|PP755591.1|A/cattle/Texas/24-008749-003/2024(H5N1)	370	5624
NA|PP755591.1|A/cattle/Texas/24-008749-003/2024(H5N1)	371	5628
NA|PP755591.1|A/cattle/Texas/24-008749-003/2024(H5N1)	372	5622
NA|PP755591.1|A/cattle/Texas/24-008749-003/2024(H5N1)	373	5608
NA|PP755591.1|A/cattle/Texas/24-008749-003/2024(H5N1)	374	5625
NA|PP755591.1|A/cattle/Texas/24-008749-003/2024(H5N1)	375	5639
NA|PP755591.1|A/cattle/Texas/24-008749-003/2024(H5N1)	376	5710
NA|PP755591.1|A/cattle/Texas/24-008749-003/2024(H5N1)	377	5721
NA|PP755591.1|A/cattle/Texas/24-008749-003/2024(H5N1)	378	5649
NA|PP755591.1|A/cattle/Texas/24-008749-003/2024(H5N1)	379	5638
NA|PP755591.1|A/cattle/Texas/24-008749-003/2024(H5N1)	380	5635
NA|PP755591.1|A/cattle/Texas/24-008749-003/2024(H5N1)	381	5632
NA|PP755591.1|A/cattle/Texas/24-008749-003/2024(H5N1)	382	5635
NA|PP755591.1|A/cattle/Texas/24-008749-003/2024(H5N1)	383	5647
NA|PP755591.1|A/cattle/Texas/24-008749-003/2024(H5N1)	384	5669
NA|PP755591.1|A/cattle/Texas/24-008749-003/2024(H5N1)	385	5526
NA|PP755591.1|A/cattle/Texas/24-008749-003/2024(H5N1)	386	5532
NA|PP755591.1|A/cattle/Texas/24-008749-003/2024(H5N1)	387	5469
NA|PP755591.1|A/cattle/Texas/24-008749-003/2024(H5N1)	388	5440
NA|PP755591.1|A/cattle/Texas/24-008749-003/2024(H5N1)	389	5416
NA|PP755591.1|A/cattle/Texas/24-008749-003/2024(H5N1)	390	5430
NA|PP755591.1|A/cattle/Texas/24-008749-003/2024(H5N1)	391	5434
NA|PP755591.1|A/cattle/Texas/24-008749-003/2024(H5N1)	392	5477
NA|PP755591.1|A/cattle/Texas/24-008749-003/2024(H5N1)	393	5465
NA|PP755591.1|A/cattle/Texas/24-008749-003/2024(H5N1)	394	5453
NA|PP755591.1|A/cattle/Texas/24-008749-003/2024(H5N1)	395	5537
NA|PP755591.1|A/cattle/Texas/24-008749-003/2024(H5N1)	396	5526
NA|PP755591.1|A/cattle/Texas/24-008749-003/2024(H5N1)	397	5507
NA|PP755591.1|A/cattle/Texas/24-008749-003/2024(H5N1)	398	5555
NA|PP755591.1|A/cattle/Texas/24-008749-003/2024(H5N1)	399	5554
NA|PP755591.1|A/cattle/Texas/24-008749-003/2024(H5N1)	400	5514
NA|PP755591.1|A/cattle/Texas/24-008749-003/2024(H5N1)	401	5438
NA|PP755591.1|A/cattle/Texas/24-008749-003/2024(H5N1)	402	5530
NA|PP755591.1|A/cattle/Texas/24-008749-003/2024(H5N1)	403	5632
NA|PP755591.1|A/cattle/Texas/24-008749-003/2024(H5N1)	404	5670
NA|PP755591.1|A/cattle/Texas/24-008749-003/2024(H5N1)	405	5682
NA|PP755591.1|A/cattle/Texas/24-008749-003/2024(H5N1)	406	5664
NA|PP755591.1|A/cattle/Texas/24-008749-003/2024(H5N1)	407	5682
NA|PP755591.1|A/cattle/Texas/24-008749-003/2024(H5N1)	408	5685
NA|PP755591.1|A/cattle/Texas/24-008749-003/2024(H5N1)	409	5722
NA|PP755591.1|A/cattle/Texas/24-008749-003/2024(H5N1)	410	5839
NA|PP755591.1|A/cattle/Texas/24-008749-003/2024(H5N1)	411	5774
NA|PP755591.1|A/cattle/Texas/24-008749-003/2024(H5N1)	412	6137
NA|PP755591.1|A/cattle/Texas/24-008749-003/2024(H5N1)	413	6044
NA|PP755591.1|A/cattle/Texas/24-008749-003/2024(H5N1)	414	6028
NA|PP755591.1|A/cattle/Texas/24-008749-003/2024(H5N1)	415	6103
NA|PP755591.1|A/cattle/Texas/24-008749-003/2024(H5N1)	416	6076
NA|PP755591.1|A/cattle/Texas/24-008749-003/2024(H5N1)	417	6125
NA|PP755591.1|A/cattle/Texas/24-008749-003/2024(H5N1)	418	6149
NA|PP755591.1|A/cattle/Texas/24-008749-003/2024(H5N1)	419	6093
NA|PP755591.1|A/cattle/Texas/24-008749-003/2024(H5N1)	420	6101
NA|PP755591.1|A/cattle/Texas/24-008749-003/2024(H5N1)	421	6059
NA|PP755591.1|A/cattle/Texas/24-008749-003/2024(H5N1)	422	6079
NA|PP755591.1|A/cattle/Texas/24-008749-003/2024(H5N1)	423	6079
NA|PP755591.1|A/cattle/Texas/24-008749-003/2024(H5N1)	424	6010
NA|PP755591.1|A/cattle/Texas/24-008749-003/2024(H5N1)	425	6030
NA|PP755591.1|A/cattle/Texas/24-008749-003/2024(H5N1)	426	5952
NA|PP755591.1|A/cattle/Texas/24-008749-003/2024(H5N1)	427	5952
NA|PP755591.1|A/cattle/Texas/24-008749-003/2024(H5N1)	428	5964
NA|PP755591.1|A/cattle/Texas/24-008749-003/2024(H5N1)	429	5876
NA|PP755591.1|A/cattle/Texas/24-008749-003/2024(H5N1)	430	5663
NA|PP755591.1|A/cattle/Texas/24-008749-003/2024(H5N1)	431	5648
NA|PP755591.1|A/cattle/Texas/24-008749-003/2024(H5N1)	432	5658
NA|PP755591.1|A/cattle/Texas/24-008749-003/2024(H5N1)	433	5672
NA|PP755591.1|A/cattle/Texas/24-008749-003/2024(H5N1)	434	5685
NA|PP755591.1|A/cattle/Texas/24-008749-003/2024(H5N1)	435	5685
NA|PP755591.1|A/cattle/Texas/24-008749-003/2024(H5N1)	436	5688
NA|PP755591.1|A/cattle/Texas/24-008749-003/2024(H5N1)	437	5750
NA|PP755591.1|A/cattle/Texas/24-008749-003/2024(H5N1)	438	5739
NA|PP755591.1|A/cattle/Texas/24-008749-003/2024(H5N1)	439	5715
NA|PP755591.1|A/cattle/Texas/24-008749-003/2024(H5N1)	440	5736
NA|PP755591.1|A/cattle/Texas/24-008749-003/2024(H5N1)	441	5651
NA|PP755591.1|A/cattle/Texas/24-008749-003/2024(H5N1)	442	5598
NA|PP755591.1|A/cattle/Texas/24-008749-003/2024(H5N1)	443	5498
NA|PP755591.1|A/cattle/Texas/24-008749-003/2024(H5N1)	444	5489
NA|PP755591.1|A/cattle/Texas/24-008749-003/2024(H5N1)	445	6100
NA|PP755591.1|A/cattle/Texas/24-008749-003/2024(H5N1)	446	5878
NA|PP755591.1|A/cattle/Texas/24-008749-003/2024(H5N1)	447	5949
NA|PP755591.1|A/cattle/Texas/24-008749-003/2024(H5N1)	448	5921
NA|PP755591.1|A/cattle/Texas/24-008749-003/2024(H5N1)	449	5901
NA|PP755591.1|A/cattle/Texas/24-008749-003/2024(H5N1)	450	6017
NA|PP755591.1|A/cattle/Texas/24-008749-003/2024(H5N1)	451	5995
NA|PP755591.1|A/cattle/Texas/24-008749-003/2024(H5N1)	452	6068
NA|PP755591.1|A/cattle/Texas/24-008749-003/2024(H5N1)	453	6066
NA|PP755591.1|A/cattle/Texas/24-008749-003/2024(H5N1)	454	5502
NA|PP755591.1|A/cattle/Texas/24-008749-003/2024(H5N1)	455	5494
NA|PP755591.1|A/cattle/Texas/24-008749-003/2024(H5N1)	456	5670
NA|PP755591.1|A/cattle/Texas/24-008749-003/2024(H5N1)	457	5608
NA|PP755591.1|A/cattle/Texas/24-008749-003/2024(H5N1)	458	5611
NA|PP755591.1|A/cattle/Texas/24-008749-003/2024(H5N1)	459	5621
NA|PP755591.1|A/cattle/Texas/24-008749-003/2024(H5N1)	460	5651
NA|PP755591.1|A/cattle/Texas/24-008749-003/2024(H5N1)	461	5627
NA|PP755591.1|A/cattle/Texas/24-008749-003/2024(H5N1)	462	5674
NA|PP755591.1|A/cattle/Texas/24-008749-003/2024(H5N1)	463	5688
NA|PP755591.1|A/cattle/Texas/24-008749-003/2024(H5N1)	464	5693
NA|PP755591.1|A/cattle/Texas/24-008749-003/2024(H5N1)	465	5540
NA|PP755591.1|A/cattle/Texas/24-008749-003/2024(H5N1)	466	5537
NA|PP755591.1|A/cattle/Texas/24-008749-003/2024(H5N1)	467	5544
NA|PP755591.1|A/cattle/Texas/24-008749-003/2024(H5N1)	468	5497
NA|PP755591.1|A/cattle/Texas/24-008749-003/2024(H5N1)	469	5520
NA|PP755591.1|A/cattle/Texas/24-008749-003/2024(H5N1)	470	5468
NA|PP755591.1|A/cattle/Texas/24-008749-003/2024(H5N1)	471	5584
NA|PP755591.1|A/cattle/Texas/24-008749-003/2024(H5N1)	472	5641
NA|PP755591.1|A/cattle/Texas/24-008749-003/2024(H5N1)	473	5639
NA|PP755591.1|A/cattle/Texas/24-008749-003/2024(H5N1)	474	5641
NA|PP755591.1|A/cattle/Texas/24-008749-003/2024(H5N1)	475	5671
NA|PP755591.1|A/cattle/Texas/24-008749-003/2024(H5N1)	476	5681
NA|PP755591.1|A/cattle/Texas/24-008749-003/2024(H5N1)	477	5663
NA|PP755591.1|A/cattle/Texas/24-008749-003/2024(H5N1)	478	5519
NA|PP755591.1|A/cattle/Texas/24-008749-003/2024(H5N1)	479	5629
NA|PP755591.1|A/cattle/Texas/24-008749-003/2024(H5N1)	480	5785
NA|PP755591.1|A/cattle/Texas/24-008749-003/2024(H5N1)	481	5815
NA|PP755591.1|A/cattle/Texas/24-008749-003/2024(H5N1)	482	5854
NA|PP755591.1|A/cattle/Texas/24-008749-003/2024(H5N1)	483	5910
NA|PP755591.1|A/cattle/Texas/24-008749-003/2024(H5N1)	484	5865
NA|PP755591.1|A/cattle/Texas/24-008749-003/2024(H5N1)	485	5887
NA|PP755591.1|A/cattle/Texas/24-008749-003/2024(H5N1)	486	5833
NA|PP755591.1|A/cattle/Texas/24-008749-003/2024(H5N1)	487	5846
NA|PP755591.1|A/cattle/Texas/24-008749-003/2024(H5N1)	488	5792
NA|PP755591.1|A/cattle/Texas/24-008749-003/2024(H5N1)	489	5846
NA|PP755591.1|A/cattle/Texas/24-008749-003/2024(H5N1)	490	5901
NA|PP755591.1|A/cattle/Texas/24-008749-003/2024(H5N1)	491	5897
NA|PP755591.1|A/cattle/Texas/24-008749-003/2024(H5N1)	492	5859
NA|PP755591.1|A/cattle/Texas/24-008749-003/2024(H5N1)	493	5830
NA|PP755591.1|A/cattle/Texas/24-008749-003/2024(H5N1)	494	5827
NA|PP755591.1|A/cattle/Texas/24-008749-003/2024(H5N1)	495	5927
NA|PP755591.1|A/cattle/Texas/24-008749-003/2024(H5N1)	496	5956
NA|PP755591.1|A/cattle/Texas/24-008749-003/2024(H5N1)	497	6017
NA|PP755591.1|A/cattle/Texas/24-008749-003/2024(H5N1)	498	5968
NA|PP755591.1|A/cattle/Texas/24-008749-003/2024(H5N1)	499	5958
NA|PP755591.1|A/cattle/Texas/24-008749-003/2024(H5N1)	500	5884
NA|PP755591.1|A/cattle/Texas/24-008749-003/2024(H5N1)	501	5918
NA|PP755591.1|A/cattle/Texas/24-008749-003/2024(H5N1)	502	6120
NA|PP755591.1|A/cattle/Texas/24-008749-003/2024(H5N1)	503	6205
NA|PP755591.1|A/cattle/Texas/24-008749-003/2024(H5N1)	504	6177
NA|PP755591.1|A/cattle/Texas/24-008749-003/2024(H5N1)	505	6151
NA|PP755591.1|A/cattle/Texas/24-008749-003/2024(H5N1)	506	6080
NA|PP755591.1|A/cattle/Texas/24-008749-003/2024(H5N1)	507	6114
NA|PP755591.1|A/cattle/Texas/24-008749-003/2024(H5N1)	508	6101
NA|PP755591.1|A/cattle/Texas/24-008749-003/2024(H5N1)	509	6082
NA|PP755591.1|A/cattle/Texas/24-008749-003/2024(H5N1)	510	6071
NA|PP755591.1|A/cattle/Texas/24-008749-003/2024(H5N1)	511	5901
NA|PP755591.1|A/cattle/Texas/24-008749-003/2024(H5N1)	512	5956
NA|PP755591.1|A/cattle/Texas/24-008749-003/2024(H5N1)	513	5950
NA|PP755591.1|A/cattle/Texas/24-008749-003/2024(H5N1)	514	5907
NA|PP755591.1|A/cattle/Texas/24-008749-003/2024(H5N1)	515	5878
NA|PP755591.1|A/cattle/Texas/24-008749-003/2024(H5N1)	516	5857
NA|PP755591.1|A/cattle/Texas/24-008749-003/2024(H5N1)	517	5867
NA|PP755591.1|A/cattle/Texas/24-008749-003/2024(H5N1)	518	5875
NA|PP755591.1|A/cattle/Texas/24-008749-003/2024(H5N1)	519	5899
NA|PP755591.1|A/cattle/Texas/24-008749-003/2024(H5N1)	520	5899
NA|PP755591.1|A/cattle/Texas/24-008749-003/2024(H5N1)	521	5852
NA|PP755591.1|A/cattle/Texas/24-008749-003/2024(H5N1)	522	5847
NA|PP755591.1|A/cattle/Texas/24-008749-003/2024(H5N1)	523	5842
NA|PP755591.1|A/cattle/Texas/24-008749-003/2024(H5N1)	524	5845
NA|PP755591.1|A/cattle/Texas/24-008749-003/2024(H5N1)	525	5839
NA|PP755591.1|A/cattle/Texas/24-008749-003/2024(H5N1)	526	5844
NA|PP755591.1|A/cattle/Texas/24-008749-003/2024(H5N1)	527	5786
NA|PP755591.1|A/cattle/Texas/24-008749-003/2024(H5N1)	528	5771
NA|PP755591.1|A/cattle/Texas/24-008749-003/2024(H5N1)	529	5798
NA|PP755591.1|A/cattle/Texas/24-008749-003/2024(H5N1)	530	5798
NA|PP755591.1|A/cattle/Texas/24-008749-003/2024(H5N1)	531	5802
NA|PP755591.1|A/cattle/Texas/24-008749-003/2024(H5N1)	532	5796
NA|PP755591.1|A/cattle/Texas/24-008749-003/2024(H5N1)	533	5777
NA|PP755591.1|A/cattle/Texas/24-008749-003/2024(H5N1)	534	5765
NA|PP755591.1|A/cattle/Texas/24-008749-003/2024(H5N1)	535	5770
NA|PP755591.1|A/cattle/Texas/24-008749-003/2024(H5N1)	536	5745
NA|PP755591.1|A/cattle/Texas/24-008749-003/2024(H5N1)	537	5844
NA|PP755591.1|A/cattle/Texas/24-008749-003/2024(H5N1)	538	5824
NA|PP755591.1|A/cattle/Texas/24-008749-003/2024(H5N1)	539	5824
NA|PP755591.1|A/cattle/Texas/24-008749-003/2024(H5N1)	540	5870
NA|PP755591.1|A/cattle/Texas/24-008749-003/2024(H5N1)	541	5899
NA|PP755591.1|A/cattle/Texas/24-008749-003/2024(H5N1)	542	5916
NA|PP755591.1|A/cattle/Texas/24-008749-003/2024(H5N1)	543	5924
NA|PP755591.1|A/cattle/Texas/24-008749-003/2024(H5N1)	544	5923
NA|PP755591.1|A/cattle/Texas/24-008749-003/2024(H5N1)	545	6002
NA|PP755591.1|A/cattle/Texas/24-008749-003/2024(H5N1)	546	6007
NA|PP755591.1|A/cattle/Texas/24-008749-003/2024(H5N1)	547	6019
NA|PP755591.1|A/cattle/Texas/24-008749-003/2024(H5N1)	548	6005
NA|PP755591.1|A/cattle/Texas/24-008749-003/2024(H5N1)	549	5955
NA|PP755591.1|A/cattle/Texas/24-008749-003/2024(H5N1)	550	5985
NA|PP755591.1|A/cattle/Texas/24-008749-003/2024(H5N1)	551	6045
NA|PP755591.1|A/cattle/Texas/24-008749-003/2024(H5N1)	552	6062
NA|PP755591.1|A/cattle/Texas/24-008749-003/2024(H5N1)	553	5967
NA|PP755591.1|A/cattle/Texas/24-008749-003/2024(H5N1)	554	5879
NA|PP755591.1|A/cattle/Texas/24-008749-003/2024(H5N1)	555	5892
NA|PP755591.1|A/cattle/Texas/24-008749-003/2024(H5N1)	556	5885
NA|PP755591.1|A/cattle/Texas/24-008749-003/2024(H5N1)	557	5906
NA|PP755591.1|A/cattle/Texas/24-008749-003/2024(H5N1)	558	5899
NA|PP755591.1|A/cattle/Texas/24-008749-003/2024(H5N1)	559	5923
NA|PP755591.1|A/cattle/Texas/24-008749-003/2024(H5N1)	560	5867
NA|PP755591.1|A/cattle/Texas/24-008749-003/2024(H5N1)	561	5832
NA|PP755591.1|A/cattle/Texas/24-008749-003/2024(H5N1)	562	5829
NA|PP755591.1|A/cattle/Texas/24-008749-003/2024(H5N1)	563	5487
NA|PP755591.1|A/cattle/Texas/24-008749-003/2024(H5N1)	564	5466
NA|PP755591.1|A/cattle/Texas/24-008749-003/2024(H5N1)	565	5463
NA|PP755591.1|A/cattle/Texas/24-008749-003/2024(H5N1)	566	5428
NA|PP755591.1|A/cattle/Texas/24-008749-003/2024(H5N1)	567	5468
NA|PP755591.1|A/cattle/Texas/24-008749-003/2024(H5N1)	568	5372
NA|PP755591.1|A/cattle/Texas/24-008749-003/2024(H5N1)	569	5369
NA|PP755591.1|A/cattle/Texas/24-008749-003/2024(H5N1)	570	5435
NA|PP755591.1|A/cattle/Texas/24-008749-003/2024(H5N1)	571	5443
NA|PP755591.1|A/cattle/Texas/24-008749-003/2024(H5N1)	572	5434
NA|PP755591.1|A/cattle/Texas/24-008749-003/2024(H5N1)	573	5436
NA|PP755591.1|A/cattle/Texas/24-008749-003/2024(H5N1)	574	5467
NA|PP755591.1|A/cattle/Texas/24-008749-003/2024(H5N1)	575	5477
NA|PP755591.1|A/cattle/Texas/24-008749-003/2024(H5N1)	576	5475
NA|PP755591.1|A/cattle/Texas/24-008749-003/2024(H5N1)	577	5515
NA|PP755591.1|A/cattle/Texas/24-008749-003/2024(H5N1)	578	5573
NA|PP755591.1|A/cattle/Texas/24-008749-003/2024(H5N1)	579	5629
NA|PP755591.1|A/cattle/Texas/24-008749-003/2024(H5N1)	580	5630
NA|PP755591.1|A/cattle/Texas/24-008749-003/2024(H5N1)	581	5600
NA|PP755591.1|A/cattle/Texas/24-008749-003/2024(H5N1)	582	5598
NA|PP755591.1|A/cattle/Texas/24-008749-003/2024(H5N1)	583	5583
NA|PP755591.1|A/cattle/Texas/24-008749-003/2024(H5N1)	584	5595
NA|PP755591.1|A/cattle/Texas/24-008749-003/2024(H5N1)	585	5595
NA|PP755591.1|A/cattle/Texas/24-008749-003/2024(H5N1)	586	5796
NA|PP755591.1|A/cattle/Texas/24-008749-003/2024(H5N1)	587	5797
NA|PP755591.1|A/cattle/Texas/24-008749-003/2024(H5N1)	588	5727
NA|PP755591.1|A/cattle/Texas/24-008749-003/2024(H5N1)	589	5808
NA|PP755591.1|A/cattle/Texas/24-008749-003/2024(H5N1)	590	5816
NA|PP755591.1|A/cattle/Texas/24-008749-003/2024(H5N1)	591	5820
NA|PP755591.1|A/cattle/Texas/24-008749-003/2024(H5N1)	592	5840
NA|PP755591.1|A/cattle/Texas/24-008749-003/2024(H5N1)	593	5786
NA|PP755591.1|A/cattle/Texas/24-008749-003/2024(H5N1)	594	5857
NA|PP755591.1|A/cattle/Texas/24-008749-003/2024(H5N1)	595	5855
NA|PP755591.1|A/cattle/Texas/24-008749-003/2024(H5N1)	596	5339
NA|PP755591.1|A/cattle/Texas/24-008749-003/2024(H5N1)	597	5518
NA|PP755591.1|A/cattle/Texas/24-008749-003/2024(H5N1)	598	5637
NA|PP755591.1|A/cattle/Texas/24-008749-003/2024(H5N1)	599	5683
NA|PP755591.1|A/cattle/Texas/24-008749-003/2024(H5N1)	600	5683
NA|PP755591.1|A/cattle/Texas/24-008749-003/2024(H5N1)	601	5554
NA|PP755591.1|A/cattle/Texas/24-008749-003/2024(H5N1)	602	5563
NA|PP755591.1|A/cattle/Texas/24-008749-003/2024(H5N1)	603	5497
NA|PP755591.1|A/cattle/Texas/24-008749-003/2024(H5N1)	604	5510
NA|PP755591.1|A/cattle/Texas/24-008749-003/2024(H5N1)	605	5677
NA|PP755591.1|A/cattle/Texas/24-008749-003/2024(H5N1)	606	5496
NA|PP755591.1|A/cattle/Texas/24-008749-003/2024(H5N1)	607	5514
NA|PP755591.1|A/cattle/Texas/24-008749-003/2024(H5N1)	608	5469
NA|PP755591.1|A/cattle/Texas/24-008749-003/2024(H5N1)	609	5476
NA|PP755591.1|A/cattle/Texas/24-008749-003/2024(H5N1)	610	5443
NA|PP755591.1|A/cattle/Texas/24-008749-003/2024(H5N1)	611	5349
NA|PP755591.1|A/cattle/Texas/24-008749-003/2024(H5N1)	612	5288
NA|PP755591.1|A/cattle/Texas/24-008749-003/2024(H5N1)	613	5462
NA|PP755591.1|A/cattle/Texas/24-008749-003/2024(H5N1)	614	5504
NA|PP755591.1|A/cattle/Texas/24-008749-003/2024(H5N1)	615	5539
NA|PP755591.1|A/cattle/Texas/24-008749-003/2024(H5N1)	616	5565
NA|PP755591.1|A/cattle/Texas/24-008749-003/2024(H5N1)	617	5551
NA|PP755591.1|A/cattle/Texas/24-008749-003/2024(H5N1)	618	5586
NA|PP755591.1|A/cattle/Texas/24-008749-003/2024(H5N1)	619	5584
NA|PP755591.1|A/cattle/Texas/24-008749-003/2024(H5N1)	620	5550
NA|PP755591.1|A/cattle/Texas/24-008749-003/2024(H5N1)	621	5743
NA|PP755591.1|A/cattle/Texas/24-008749-003/2024(H5N1)	622	5590
NA|PP755591.1|A/cattle/Texas/24-008749-003/2024(H5N1)	623	5747
NA|PP755591.1|A/cattle/Texas/24-008749-003/2024(H5N1)	624	5774
NA|PP755591.1|A/cattle/Texas/24-008749-003/2024(H5N1)	625	5746
NA|PP755591.1|A/cattle/Texas/24-008749-003/2024(H5N1)	626	5749
NA|PP755591.1|A/cattle/Texas/24-008749-003/2024(H5N1)	627	5703
NA|PP755591.1|A/cattle/Texas/24-008749-003/2024(H5N1)	628	5648
NA|PP755591.1|A/cattle/Texas/24-008749-003/2024(H5N1)	629	5759
NA|PP755591.1|A/cattle/Texas/24-008749-003/2024(H5N1)	630	5581
NA|PP755591.1|A/cattle/Texas/24-008749-003/2024(H5N1)	631	5510
NA|PP755591.1|A/cattle/Texas/24-008749-003/2024(H5N1)	632	5450
NA|PP755591.1|A/cattle/Texas/24-008749-003/2024(H5N1)	633	5402
NA|PP755591.1|A/cattle/Texas/24-008749-003/2024(H5N1)	634	5400
NA|PP755591.1|A/cattle/Texas/24-008749-003/2024(H5N1)	635	5398
NA|PP755591.1|A/cattle/Texas/24-008749-003/2024(H5N1)	636	5400
NA|PP755591.1|A/cattle/Texas/24-008749-003/2024(H5N1)	637	5395
NA|PP755591.1|A/cattle/Texas/24-008749-003/2024(H5N1)	638	5365
NA|PP755591.1|A/cattle/Texas/24-008749-003/2024(H5N1)	639	5376
NA|PP755591.1|A/cattle/Texas/24-008749-003/2024(H5N1)	640	5333
NA|PP755591.1|A/cattle/Texas/24-008749-003/2024(H5N1)	641	5279
NA|PP755591.1|A/cattle/Texas/24-008749-003/2024(H5N1)	642	5273
NA|PP755591.1|A/cattle/Texas/24-008749-003/2024(H5N1)	643	5277
NA|PP755591.1|A/cattle/Texas/24-008749-003/2024(H5N1)	644	5262
NA|PP755591.1|A/cattle/Texas/24-008749-003/2024(H5N1)	645	5279
NA|PP755591.1|A/cattle/Texas/24-008749-003/2024(H5N1)	646	5362
NA|PP755591.1|A/cattle/Texas/24-008749-003/2024(H5N1)	647	5364
NA|PP755591.1|A/cattle/Texas/24-008749-003/2024(H5N1)	648	5268
NA|PP755591.1|A/cattle/Texas/24-008749-003/2024(H5N1)	649	5260
NA|PP755591.1|A/cattle/Texas/24-008749-003/2024(H5N1)	650	5246
NA|PP755591.1|A/cattle/Texas/24-008749-003/2024(H5N1)	651	5292
NA|PP755591.1|A/cattle/Texas/24-008749-003/2024(H5N1)	652	5256
NA|PP755591.1|A/cattle/Texas/24-008749-003/2024(H5N1)	653	5074
NA|PP755591.1|A/cattle/Texas/24-008749-003/2024(H5N1)	654	4984
NA|PP755591.1|A/cattle/Texas/24-008749-003/2024(H5N1)	655	4923
NA|PP755591.1|A/cattle/Texas/24-008749-003/2024(H5N1)	656	4917
NA|PP755591.1|A/cattle/Texas/24-008749-003/2024(H5N1)	657	4912
NA|PP755591.1|A/cattle/Texas/24-008749-003/2024(H5N1)	658	4976
NA|PP755591.1|A/cattle/Texas/24-008749-003/2024(H5N1)	659	4975
NA|PP755591.1|A/cattle/Texas/24-008749-003/2024(H5N1)	660	4930
NA|PP755591.1|A/cattle/Texas/24-008749-003/2024(H5N1)	661	4922
NA|PP755591.1|A/cattle/Texas/24-008749-003/2024(H5N1)	662	4921
NA|PP755591.1|A/cattle/Texas/24-008749-003/2024(H5N1)	663	4865
NA|PP755591.1|A/cattle/Texas/24-008749-003/2024(H5N1)	664	4863
NA|PP755591.1|A/cattle/Texas/24-008749-003/2024(H5N1)	665	4885
NA|PP755591.1|A/cattle/Texas/24-008749-003/2024(H5N1)	666	4906
NA|PP755591.1|A/cattle/Texas/24-008749-003/2024(H5N1)	667	4902
NA|PP755591.1|A/cattle/Texas/24-008749-003/2024(H5N1)	668	4890
NA|PP755591.1|A/cattle/Texas/24-008749-003/2024(H5N1)	669	4878
NA|PP755591.1|A/cattle/Texas/24-008749-003/2024(H5N1)	670	4966
NA|PP755591.1|A/cattle/Texas/24-008749-003/2024(H5N1)	671	4970
NA|PP755591.1|A/cattle/Texas/24-008749-003/2024(H5N1)	672	4970
NA|PP755591.1|A/cattle/Texas/24-008749-003/2024(H5N1)	673	5008
NA|PP755591.1|A/cattle/Texas/24-008749-003/2024(H5N1)	674	5024
NA|PP755591.1|A/cattle/Texas/24-008749-003/2024(H5N1)	675	5394
NA|PP755591.1|A/cattle/Texas/24-008749-003/2024(H5N1)	676	5381
NA|PP755591.1|A/cattle/Texas/24-008749-003/2024(H5N1)	677	5392
NA|PP755591.1|A/cattle/Texas/24-008749-003/2024(H5N1)	678	5384
NA|PP755591.1|A/cattle/Texas/24-008749-003/2024(H5N1)	679	5374
NA|PP755591.1|A/cattle/Texas/24-008749-003/2024(H5N1)	680	5398
NA|PP755591.1|A/cattle/Texas/24-008749-003/2024(H5N1)	681	5398
NA|PP755591.1|A/cattle/Texas/24-008749-003/2024(H5N1)	682	5402
NA|PP755591.1|A/cattle/Texas/24-008749-003/2024(H5N1)	683	5449
NA|PP755591.1|A/cattle/Texas/24-008749-003/2024(H5N1)	684	5511
NA|PP755591.1|A/cattle/Texas/24-008749-003/2024(H5N1)	685	5503
NA|PP755591.1|A/cattle/Texas/24-008749-003/2024(H5N1)	686	5422
NA|PP755591.1|A/cattle/Texas/24-008749-003/2024(H5N1)	687	5403
NA|PP755591.1|A/cattle/Texas/24-008749-003/2024(H5N1)	688	5479
NA|PP755591.1|A/cattle/Texas/24-008749-003/2024(H5N1)	689	5482
NA|PP755591.1|A/cattle/Texas/24-008749-003/2024(H5N1)	690	5541
NA|PP755591.1|A/cattle/Texas/24-008749-003/2024(H5N1)	691	5474
NA|PP755591.1|A/cattle/Texas/24-008749-003/2024(H5N1)	692	5496
NA|PP755591.1|A/cattle/Texas/24-008749-003/2024(H5N1)	693	5460
NA|PP755591.1|A/cattle/Texas/24-008749-003/2024(H5N1)	694	5455
NA|PP755591.1|A/cattle/Texas/24-008749-003/2024(H5N1)	695	5401
NA|PP755591.1|A/cattle/Texas/24-008749-003/2024(H5N1)	696	5398
NA|PP755591.1|A/cattle/Texas/24-008749-003/2024(H5N1)	697	5366
NA|PP755591.1|A/cattle/Texas/24-008749-003/2024(H5N1)	698	5383
NA|PP755591.1|A/cattle/Texas/24-008749-003/2024(H5N1)	699	5509
NA|PP755591.1|A/cattle/Texas/24-008749-003/2024(H5N1)	700	5514
NA|PP755591.1|A/cattle/Texas/24-008749-003/2024(H5N1)	701	5483
NA|PP755591.1|A/cattle/Texas/24-008749-003/2024(H5N1)	702	5424
NA|PP755591.1|A/cattle/Texas/24-008749-003/2024(H5N1)	703	5580
NA|PP755591.1|A/cattle/Texas/24-008749-003/2024(H5N1)	704	5580
NA|PP755591.1|A/cattle/Texas/24-008749-003/2024(H5N1)	705	5584
NA|PP755591.1|A/cattle/Texas/24-008749-003/2024(H5N1)	706	5538
NA|PP755591.1|A/cattle/Texas/24-008749-003/2024(H5N1)	707	5528
NA|PP755591.1|A/cattle/Texas/24-008749-003/2024(H5N1)	708	5442
NA|PP755591.1|A/cattle/Texas/24-008749-003/2024(H5N1)	709	5433
NA|PP755591.1|A/cattle/Texas/24-008749-003/2024(H5N1)	710	5436
NA|PP755591.1|A/cattle/Texas/24-008749-003/2024(H5N1)	711	5462
NA|PP755591.1|A/cattle/Texas/24-008749-003/2024(H5N1)	712	5454
NA|PP755591.1|A/cattle/Texas/24-008749-003/2024(H5N1)	713	5499
NA|PP755591.1|A/cattle/Texas/24-008749-003/2024(H5N1)	714	5569
NA|PP755591.1|A/cattle/Texas/24-008749-003/2024(H5N1)	715	5577
NA|PP755591.1|A/cattle/Texas/24-008749-003/2024(H5N1)	716	5561
NA|PP755591.1|A/cattle/Texas/24-008749-003/2024(H5N1)	717	5688
NA|PP755591.1|A/cattle/Texas/24-008749-003/2024(H5N1)	718	5706
NA|PP755591.1|A/cattle/Texas/24-008749-003/2024(H5N1)	719	5986
NA|PP755591.1|A/cattle/Texas/24-008749-003/2024(H5N1)	720	5916
NA|PP755591.1|A/cattle/Texas/24-008749-003/2024(H5N1)	721	5931
NA|PP755591.1|A/cattle/Texas/24-008749-003/2024(H5N1)	722	5953
NA|PP755591.1|A/cattle/Texas/24-008749-003/2024(H5N1)	723	5973
NA|PP755591.1|A/cattle/Texas/24-008749-003/2024(H5N1)	724	5970
NA|PP755591.1|A/cattle/Texas/24-008749-003/2024(H5N1)	725	5962
NA|PP755591.1|A/cattle/Texas/24-008749-003/2024(H5N1)	726	5961
NA|PP755591.1|A/cattle/Texas/24-008749-003/2024(H5N1)	727	6027
NA|PP755591.1|A/cattle/Texas/24-008749-003/2024(H5N1)	728	6135
NA|PP755591.1|A/cattle/Texas/24-008749-003/2024(H5N1)	729	6079
NA|PP755591.1|A/cattle/Texas/24-008749-003/2024(H5N1)	730	6056
NA|PP755591.1|A/cattle/Texas/24-008749-003/2024(H5N1)	731	6127
NA|PP755591.1|A/cattle/Texas/24-008749-003/2024(H5N1)	732	6146
NA|PP755591.1|A/cattle/Texas/24-008749-003/2024(H5N1)	733	6206
NA|PP755591.1|A/cattle/Texas/24-008749-003/2024(H5N1)	734	6228
NA|PP755591.1|A/cattle/Texas/24-008749-003/2024(H5N1)	735	6269
NA|PP755591.1|A/cattle/Texas/24-008749-003/2024(H5N1)	736	6281
NA|PP755591.1|A/cattle/Texas/24-008749-003/2024(H5N1)	737	6065
NA|PP755591.1|A/cattle/Texas/24-008749-003/2024(H5N1)	738	6076
NA|PP755591.1|A/cattle/Texas/24-008749-003/2024(H5N1)	739	6086
NA|PP755591.1|A/cattle/Texas/24-008749-003/2024(H5N1)	740	6188
NA|PP755591.1|A/cattle/Texas/24-008749-003/2024(H5N1)	741	6269
NA|PP755591.1|A/cattle/Texas/24-008749-003/2024(H5N1)	742	6218
NA|PP755591.1|A/cattle/Texas/24-008749-003/2024(H5N1)	743	6199
NA|PP755591.1|A/cattle/Texas/24-008749-003/2024(H5N1)	744	6131
NA|PP755591.1|A/cattle/Texas/24-008749-003/2024(H5N1)	745	6221
NA|PP755591.1|A/cattle/Texas/24-008749-003/2024(H5N1)	746	6258
NA|PP755591.1|A/cattle/Texas/24-008749-003/2024(H5N1)	747	6254
NA|PP755591.1|A/cattle/Texas/24-008749-003/2024(H5N1)	748	6076
NA|PP755591.1|A/cattle/Texas/24-008749-003/2024(H5N1)	749	5841
NA|PP755591.1|A/cattle/Texas/24-008749-003/2024(H5N1)	750	5816
NA|PP755591.1|A/cattle/Texas/24-008749-003/2024(H5N1)	751	6045
NA|PP755591.1|A/cattle/Texas/24-008749-003/2024(H5N1)	752	6055
NA|PP755591.1|A/cattle/Texas/24-008749-003/2024(H5N1)	753	5983
NA|PP755591.1|A/cattle/Texas/24-008749-003/2024(H5N1)	754	5811
NA|PP755591.1|A/cattle/Texas/24-008749-003/2024(H5N1)	755	5841
NA|PP755591.1|A/cattle/Texas/24-008749-003/2024(H5N1)	756	5878
NA|PP755591.1|A/cattle/Texas/24-008749-003/2024(H5N1)	757	5900
NA|PP755591.1|A/cattle/Texas/24-008749-003/2024(H5N1)	758	5886
NA|PP755591.1|A/cattle/Texas/24-008749-003/2024(H5N1)	759	5862
NA|PP755591.1|A/cattle/Texas/24-008749-003/2024(H5N1)	760	5855
NA|PP755591.1|A/cattle/Texas/24-008749-003/2024(H5N1)	761	5869
NA|PP755591.1|A/cattle/Texas/24-008749-003/2024(H5N1)	762	5860
NA|PP755591.1|A/cattle/Texas/24-008749-003/2024(H5N1)	763	5878
NA|PP755591.1|A/cattle/Texas/24-008749-003/2024(H5N1)	764	5675
NA|PP755591.1|A/cattle/Texas/24-008749-003/2024(H5N1)	765	5695
NA|PP755591.1|A/cattle/Texas/24-008749-003/2024(H5N1)	766	5684
NA|PP755591.1|A/cattle/Texas/24-008749-003/2024(H5N1)	767	5708
NA|PP755591.1|A/cattle/Texas/24-008749-003/2024(H5N1)	768	5661
NA|PP755591.1|A/cattle/Texas/24-008749-003/2024(H5N1)	769	5660
NA|PP755591.1|A/cattle/Texas/24-008749-003/2024(H5N1)	770	5681
NA|PP755591.1|A/cattle/Texas/24-008749-003/2024(H5N1)	771	5683
NA|PP755591.1|A/cattle/Texas/24-008749-003/2024(H5N1)	772	5508
NA|PP755591.1|A/cattle/Texas/24-008749-003/2024(H5N1)	773	5504
NA|PP755591.1|A/cattle/Texas/24-008749-003/2024(H5N1)	774	5300
NA|PP755591.1|A/cattle/Texas/24-008749-003/2024(H5N1)	775	5297
NA|PP755591.1|A/cattle/Texas/24-008749-003/2024(H5N1)	776	5292
NA|PP755591.1|A/cattle/Texas/24-008749-003/2024(H5N1)	777	5294
NA|PP755591.1|A/cattle/Texas/24-008749-003/2024(H5N1)	778	5292
NA|PP755591.1|A/cattle/Texas/24-008749-003/2024(H5N1)	779	5238
NA|PP755591.1|A/cattle/Texas/24-008749-003/2024(H5N1)	780	5197
NA|PP755591.1|A/cattle/Texas/24-008749-003/2024(H5N1)	781	5198
NA|PP755591.1|A/cattle/Texas/24-008749-003/2024(H5N1)	782	5199
NA|PP755591.1|A/cattle/Texas/24-008749-003/2024(H5N1)	783	5166
NA|PP755591.1|A/cattle/Texas/24-008749-003/2024(H5N1)	784	5167
NA|PP755591.1|A/cattle/Texas/24-008749-003/2024(H5N1)	785	5143
NA|PP755591.1|A/cattle/Texas/24-008749-003/2024(H5N1)	786	5134
NA|PP755591.1|A/cattle/Texas/24-008749-003/2024(H5N1)	787	5120
NA|PP755591.1|A/cattle/Texas/24-008749-003/2024(H5N1)	788	5108
NA|PP755591.1|A/cattle/Texas/24-008749-003/2024(H5N1)	789	5099
NA|PP755591.1|A/cattle/Texas/24-008749-003/2024(H5N1)	790	5083
NA|PP755591.1|A/cattle/Texas/24-008749-003/2024(H5N1)	791	5116
NA|PP755591.1|A/cattle/Texas/24-008749-003/2024(H5N1)	792	5109
NA|PP755591.1|A/cattle/Texas/24-008749-003/2024(H5N1)	793	5144
NA|PP755591.1|A/cattle/Texas/24-008749-003/2024(H5N1)	794	5126
NA|PP755591.1|A/cattle/Texas/24-008749-003/2024(H5N1)	795	5047
NA|PP755591.1|A/cattle/Texas/24-008749-003/2024(H5N1)	796	5003
NA|PP755591.1|A/cattle/Texas/24-008749-003/2024(H5N1)	797	4931
NA|PP755591.1|A/cattle/Texas/24-008749-003/2024(H5N1)	798	4901
NA|PP755591.1|A/cattle/Texas/24-008749-003/2024(H5N1)	799	4989
NA|PP755591.1|A/cattle/Texas/24-008749-003/2024(H5N1)	800	5002
NA|PP755591.1|A/cattle/Texas/24-008749-003/2024(H5N1)	801	5239
NA|PP755591.1|A/cattle/Texas/24-008749-003/2024(H5N1)	802	5206
NA|PP755591.1|A/cattle/Texas/24-008749-003/2024(H5N1)	803	5225
NA|PP755591.1|A/cattle/Texas/24-008749-003/2024(H5N1)	804	5419
NA|PP755591.1|A/cattle/Texas/24-008749-003/2024(H5N1)	805	5420
NA|PP755591.1|A/cattle/Texas/24-008749-003/2024(H5N1)	806	5481
NA|PP755591.1|A/cattle/Texas/24-008749-003/2024(H5N1)	807	5500
NA|PP755591.1|A/cattle/Texas/24-008749-003/2024(H5N1)	808	5413
NA|PP755591.1|A/cattle/Texas/24-008749-003/2024(H5N1)	809	5428
NA|PP755591.1|A/cattle/Texas/24-008749-003/2024(H5N1)	810	5440
NA|PP755591.1|A/cattle/Texas/24-008749-003/2024(H5N1)	811	5422
NA|PP755591.1|A/cattle/Texas/24-008749-003/2024(H5N1)	812	5506
NA|PP755591.1|A/cattle/Texas/24-008749-003/2024(H5N1)	813	5505
NA|PP755591.1|A/cattle/Texas/24-008749-003/2024(H5N1)	814	5693
NA|PP755591.1|A/cattle/Texas/24-008749-003/2024(H5N1)	815	5757
NA|PP755591.1|A/cattle/Texas/24-008749-003/2024(H5N1)	816	5756
NA|PP755591.1|A/cattle/Texas/24-008749-003/2024(H5N1)	817	5883
NA|PP755591.1|A/cattle/Texas/24-008749-003/2024(H5N1)	818	5883
NA|PP755591.1|A/cattle/Texas/24-008749-003/2024(H5N1)	819	5885
NA|PP755591.1|A/cattle/Texas/24-008749-003/2024(H5N1)	820	5873
NA|PP755591.1|A/cattle/Texas/24-008749-003/2024(H5N1)	821	5763
NA|PP755591.1|A/cattle/Texas/24-008749-003/2024(H5N1)	822	5809
NA|PP755591.1|A/cattle/Texas/24-008749-003/2024(H5N1)	823	5773
NA|PP755591.1|A/cattle/Texas/24-008749-003/2024(H5N1)	824	5518
NA|PP755591.1|A/cattle/Texas/24-008749-003/2024(H5N1)	825	5516
NA|PP755591.1|A/cattle/Texas/24-008749-003/2024(H5N1)	826	5395
NA|PP755591.1|A/cattle/Texas/24-008749-003/2024(H5N1)	827	5418
NA|PP755591.1|A/cattle/Texas/24-008749-003/2024(H5N1)	828	5424
NA|PP755591.1|A/cattle/Texas/24-008749-003/2024(H5N1)	829	5449
NA|PP755591.1|A/cattle/Texas/24-008749-003/2024(H5N1)	830	5438
NA|PP755591.1|A/cattle/Texas/24-008749-003/2024(H5N1)	831	5420
NA|PP755591.1|A/cattle/Texas/24-008749-003/2024(H5N1)	832	5424
NA|PP755591.1|A/cattle/Texas/24-008749-003/2024(H5N1)	833	5465
NA|PP755591.1|A/cattle/Texas/24-008749-003/2024(H5N1)	834	5467
NA|PP755591.1|A/cattle/Texas/24-008749-003/2024(H5N1)	835	5408
NA|PP755591.1|A/cattle/Texas/24-008749-003/2024(H5N1)	836	5412
NA|PP755591.1|A/cattle/Texas/24-008749-003/2024(H5N1)	837	5367
NA|PP755591.1|A/cattle/Texas/24-008749-003/2024(H5N1)	838	5344
NA|PP755591.1|A/cattle/Texas/24-008749-003/2024(H5N1)	839	5447
NA|PP755591.1|A/cattle/Texas/24-008749-003/2024(H5N1)	840	5490
NA|PP755591.1|A/cattle/Texas/24-008749-003/2024(H5N1)	841	5422
NA|PP755591.1|A/cattle/Texas/24-008749-003/2024(H5N1)	842	5437
NA|PP755591.1|A/cattle/Texas/24-008749-003/2024(H5N1)	843	5402
NA|PP755591.1|A/cattle/Texas/24-008749-003/2024(H5N1)	844	5407
NA|PP755591.1|A/cattle/Texas/24-008749-003/2024(H5N1)	845	5538
NA|PP755591.1|A/cattle/Texas/24-008749-003/2024(H5N1)	846	5527
NA|PP755591.1|A/cattle/Texas/24-008749-003/2024(H5N1)	847	5508
NA|PP755591.1|A/cattle/Texas/24-008749-003/2024(H5N1)	848	5437
NA|PP755591.1|A/cattle/Texas/24-008749-003/2024(H5N1)	849	5305
NA|PP755591.1|A/cattle/Texas/24-008749-003/2024(H5N1)	850	5314
NA|PP755591.1|A/cattle/Texas/24-008749-003/2024(H5N1)	851	5329
NA|PP755591.1|A/cattle/Texas/24-008749-003/2024(H5N1)	852	5331
NA|PP755591.1|A/cattle/Texas/24-008749-003/2024(H5N1)	853	5331
NA|PP755591.1|A/cattle/Texas/24-008749-003/2024(H5N1)	854	5168
NA|PP755591.1|A/cattle/Texas/24-008749-003/2024(H5N1)	855	5227
NA|PP755591.1|A/cattle/Texas/24-008749-003/2024(H5N1)	856	5323
NA|PP755591.1|A/cattle/Texas/24-008749-003/2024(H5N1)	857	5320
NA|PP755591.1|A/cattle/Texas/24-008749-003/2024(H5N1)	858	5312
NA|PP755591.1|A/cattle/Texas/24-008749-003/2024(H5N1)	859	5495
NA|PP755591.1|A/cattle/Texas/24-008749-003/2024(H5N1)	860	5620
NA|PP755591.1|A/cattle/Texas/24-008749-003/2024(H5N1)	861	5779
NA|PP755591.1|A/cattle/Texas/24-008749-003/2024(H5N1)	862	5757
NA|PP755591.1|A/cattle/Texas/24-008749-003/2024(H5N1)	863	5813
NA|PP755591.1|A/cattle/Texas/24-008749-003/2024(H5N1)	864	5690
NA|PP755591.1|A/cattle/Texas/24-008749-003/2024(H5N1)	865	5891
NA|PP755591.1|A/cattle/Texas/24-008749-003/2024(H5N1)	866	5852
NA|PP755591.1|A/cattle/Texas/24-008749-003/2024(H5N1)	867	5870
NA|PP755591.1|A/cattle/Texas/24-008749-003/2024(H5N1)	868	5750
NA|PP755591.1|A/cattle/Texas/24-008749-003/2024(H5N1)	869	5756
NA|PP755591.1|A/cattle/Texas/24-008749-003/2024(H5N1)	870	5487
NA|PP755591.1|A/cattle/Texas/24-008749-003/2024(H5N1)	871	5502
NA|PP755591.1|A/cattle/Texas/24-008749-003/2024(H5N1)	872	5464
NA|PP755591.1|A/cattle/Texas/24-008749-003/2024(H5N1)	873	5578
NA|PP755591.1|A/cattle/Texas/24-008749-003/2024(H5N1)	874	5600
NA|PP755591.1|A/cattle/Texas/24-008749-003/2024(H5N1)	875	5617
NA|PP755591.1|A/cattle/Texas/24-008749-003/2024(H5N1)	876	5710
NA|PP755591.1|A/cattle/Texas/24-008749-003/2024(H5N1)	877	5644
NA|PP755591.1|A/cattle/Texas/24-008749-003/2024(H5N1)	878	5664
NA|PP755591.1|A/cattle/Texas/24-008749-003/2024(H5N1)	879	5649
NA|PP755591.1|A/cattle/Texas/24-008749-003/2024(H5N1)	880	5663
NA|PP755591.1|A/cattle/Texas/24-008749-003/2024(H5N1)	881	5651
NA|PP755591.1|A/cattle/Texas/24-008749-003/2024(H5N1)	882	5700
NA|PP755591.1|A/cattle/Texas/24-008749-003/2024(H5N1)	883	5681
NA|PP755591.1|A/cattle/Texas/24-008749-003/2024(H5N1)	884	5693
NA|PP755591.1|A/cattle/Texas/24-008749-003/2024(H5N1)	885	5678
NA|PP755591.1|A/cattle/Texas/24-008749-003/2024(H5N1)	886	5634
NA|PP755591.1|A/cattle/Texas/24-008749-003/2024(H5N1)	887	5635
NA|PP755591.1|A/cattle/Texas/24-008749-003/2024(H5N1)	888	5650
NA|PP755591.1|A/cattle/Texas/24-008749-003/2024(H5N1)	889	5616
NA|PP755591.1|A/cattle/Texas/24-008749-003/2024(H5N1)	890	5610
NA|PP755591.1|A/cattle/Texas/24-008749-003/2024(H5N1)	891	5361
NA|PP755591.1|A/cattle/Texas/24-008749-003/2024(H5N1)	892	5581
NA|PP755591.1|A/cattle/Texas/24-008749-003/2024(H5N1)	893	5711
NA|PP755591.1|A/cattle/Texas/24-008749-003/2024(H5N1)	894	5629
NA|PP755591.1|A/cattle/Texas/24-008749-003/2024(H5N1)	895	5628
NA|PP755591.1|A/cattle/Texas/24-008749-003/2024(H5N1)	896	5581
NA|PP755591.1|A/cattle/Texas/24-008749-003/2024(H5N1)	897	5586
NA|PP755591.1|A/cattle/Texas/24-008749-003/2024(H5N1)	898	5624
NA|PP755591.1|A/cattle/Texas/24-008749-003/2024(H5N1)	899	5623
NA|PP755591.1|A/cattle/Texas/24-008749-003/2024(H5N1)	900	5618
NA|PP755591.1|A/cattle/Texas/24-008749-003/2024(H5N1)	901	5392
NA|PP755591.1|A/cattle/Texas/24-008749-003/2024(H5N1)	902	5385
NA|PP755591.1|A/cattle/Texas/24-008749-003/2024(H5N1)	903	5437
NA|PP755591.1|A/cattle/Texas/24-008749-003/2024(H5N1)	904	5437
NA|PP755591.1|A/cattle/Texas/24-008749-003/2024(H5N1)	905	5394
NA|PP755591.1|A/cattle/Texas/24-008749-003/2024(H5N1)	906	5406
NA|PP755591.1|A/cattle/Texas/24-008749-003/2024(H5N1)	907	5391
NA|PP755591.1|A/cattle/Texas/24-008749-003/2024(H5N1)	908	5405
NA|PP755591.1|A/cattle/Texas/24-008749-003/2024(H5N1)	909	5439
NA|PP755591.1|A/cattle/Texas/24-008749-003/2024(H5N1)	910	5447
NA|PP755591.1|A/cattle/Texas/24-008749-003/2024(H5N1)	911	5410
NA|PP755591.1|A/cattle/Texas/24-008749-003/2024(H5N1)	912	5400
NA|PP755591.1|A/cattle/Texas/24-008749-003/2024(H5N1)	913	5400
NA|PP755591.1|A/cattle/Texas/24-008749-003/2024(H5N1)	914	5401
NA|PP755591.1|A/cattle/Texas/24-008749-003/2024(H5N1)	915	5390
NA|PP755591.1|A/cattle/Texas/24-008749-003/2024(H5N1)	916	5384
NA|PP755591.1|A/cattle/Texas/24-008749-003/2024(H5N1)	917	5421
NA|PP755591.1|A/cattle/Texas/24-008749-003/2024(H5N1)	918	5397
NA|PP755591.1|A/cattle/Texas/24-008749-003/2024(H5N1)	919	5591
NA|PP755591.1|A/cattle/Texas/24-008749-003/2024(H5N1)	920	5596
NA|PP755591.1|A/cattle/Texas/24-008749-003/2024(H5N1)	921	5559
NA|PP755591.1|A/cattle/Texas/24-008749-003/2024(H5N1)	922	5555
NA|PP755591.1|A/cattle/Texas/24-008749-003/2024(H5N1)	923	5530
NA|PP755591.1|A/cattle/Texas/24-008749-003/2024(H5N1)	924	5536
NA|PP755591.1|A/cattle/Texas/24-008749-003/2024(H5N1)	925	5562
NA|PP755591.1|A/cattle/Texas/24-008749-003/2024(H5N1)	926	5597
NA|PP755591.1|A/cattle/Texas/24-008749-003/2024(H5N1)	927	5604
NA|PP755591.1|A/cattle/Texas/24-008749-003/2024(H5N1)	928	5574
NA|PP755591.1|A/cattle/Texas/24-008749-003/2024(H5N1)	929	5565
NA|PP755591.1|A/cattle/Texas/24-008749-003/2024(H5N1)	930	5564
NA|PP755591.1|A/cattle/Texas/24-008749-003/2024(H5N1)	931	5565
NA|PP755591.1|A/cattle/Texas/24-008749-003/2024(H5N1)	932	5559
NA|PP755591.1|A/cattle/Texas/24-008749-003/2024(H5N1)	933	5638
NA|PP755591.1|A/cattle/Texas/24-008749-003/2024(H5N1)	934	5622
NA|PP755591.1|A/cattle/Texas/24-008749-003/2024(H5N1)	935	5678
NA|PP755591.1|A/cattle/Texas/24-008749-003/2024(H5N1)	936	5680
NA|PP755591.1|A/cattle/Texas/24-008749-003/2024(H5N1)	937	5695
NA|PP755591.1|A/cattle/Texas/24-008749-003/2024(H5N1)	938	5712
NA|PP755591.1|A/cattle/Texas/24-008749-003/2024(H5N1)	939	5715
NA|PP755591.1|A/cattle/Texas/24-008749-003/2024(H5N1)	940	5700
NA|PP755591.1|A/cattle/Texas/24-008749-003/2024(H5N1)	941	5706
NA|PP755591.1|A/cattle/Texas/24-008749-003/2024(H5N1)	942	5648
NA|PP755591.1|A/cattle/Texas/24-008749-003/2024(H5N1)	943	5942
NA|PP755591.1|A/cattle/Texas/24-008749-003/2024(H5N1)	944	5937
NA|PP755591.1|A/cattle/Texas/24-008749-003/2024(H5N1)	945	5975
NA|PP755591.1|A/cattle/Texas/24-008749-003/2024(H5N1)	946	6195
NA|PP755591.1|A/cattle/Texas/24-008749-003/2024(H5N1)	947	6243
NA|PP755591.1|A/cattle/Texas/24-008749-003/2024(H5N1)	948	6357
NA|PP755591.1|A/cattle/Texas/24-008749-003/2024(H5N1)	949	6373
NA|PP755591.1|A/cattle/Texas/24-008749-003/2024(H5N1)	950	6292
NA|PP755591.1|A/cattle/Texas/24-008749-003/2024(H5N1)	951	6308
NA|PP755591.1|A/cattle/Texas/24-008749-003/2024(H5N1)	952	6057
NA|PP755591.1|A/cattle/Texas/24-008749-003/2024(H5N1)	953	6030
NA|PP755591.1|A/cattle/Texas/24-008749-003/2024(H5N1)	954	6027
NA|PP755591.1|A/cattle/Texas/24-008749-003/2024(H5N1)	955	5806
NA|PP755591.1|A/cattle/Texas/24-008749-003/2024(H5N1)	956	5812
NA|PP755591.1|A/cattle/Texas/24-008749-003/2024(H5N1)	957	5871
NA|PP755591.1|A/cattle/Texas/24-008749-003/2024(H5N1)	958	5864
NA|PP755591.1|A/cattle/Texas/24-008749-003/2024(H5N1)	959	5860
NA|PP755591.1|A/cattle/Texas/24-008749-003/2024(H5N1)	960	5850
NA|PP755591.1|A/cattle/Texas/24-008749-003/2024(H5N1)	961	5840
NA|PP755591.1|A/cattle/Texas/24-008749-003/2024(H5N1)	962	5836
NA|PP755591.1|A/cattle/Texas/24-008749-003/2024(H5N1)	963	5751
NA|PP755591.1|A/cattle/Texas/24-008749-003/2024(H5N1)	964	5796
NA|PP755591.1|A/cattle/Texas/24-008749-003/2024(H5N1)	965	5614
NA|PP755591.1|A/cattle/Texas/24-008749-003/2024(H5N1)	966	5512
NA|PP755591.1|A/cattle/Texas/24-008749-003/2024(H5N1)	967	5512
NA|PP755591.1|A/cattle/Texas/24-008749-003/2024(H5N1)	968	5482
NA|PP755591.1|A/cattle/Texas/24-008749-003/2024(H5N1)	969	5500
NA|PP755591.1|A/cattle/Texas/24-008749-003/2024(H5N1)	970	5540
NA|PP755591.1|A/cattle/Texas/24-008749-003/2024(H5N1)	971	5541
NA|PP755591.1|A/cattle/Texas/24-008749-003/2024(H5N1)	972	5526
NA|PP755591.1|A/cattle/Texas/24-008749-003/2024(H5N1)	973	5490
NA|PP755591.1|A/cattle/Texas/24-008749-003/2024(H5N1)	974	5568
NA|PP755591.1|A/cattle/Texas/24-008749-003/2024(H5N1)	975	5569
NA|PP755591.1|A/cattle/Texas/24-008749-003/2024(H5N1)	976	5549
NA|PP755591.1|A/cattle/Texas/24-008749-003/2024(H5N1)	977	5582
NA|PP755591.1|A/cattle/Texas/24-008749-003/2024(H5N1)	978	5560
NA|PP755591.1|A/cattle/Texas/24-008749-003/2024(H5N1)	979	5511
NA|PP755591.1|A/cattle/Texas/24-008749-003/2024(H5N1)	980	5513
NA|PP755591.1|A/cattle/Texas/24-008749-003/2024(H5N1)	981	5557
NA|PP755591.1|A/cattle/Texas/24-008749-003/2024(H5N1)	982	5551
NA|PP755591.1|A/cattle/Texas/24-008749-003/2024(H5N1)	983	5511
NA|PP755591.1|A/cattle/Texas/24-008749-003/2024(H5N1)	984	5472
NA|PP755591.1|A/cattle/Texas/24-008749-003/2024(H5N1)	985	5480
NA|PP755591.1|A/cattle/Texas/24-008749-003/2024(H5N1)	986	5492
NA|PP755591.1|A/cattle/Texas/24-008749-003/2024(H5N1)	987	5543
NA|PP755591.1|A/cattle/Texas/24-008749-003/2024(H5N1)	988	5513
NA|PP755591.1|A/cattle/Texas/24-008749-003/2024(H5N1)	989	5521
NA|PP755591.1|A/cattle/Texas/24-008749-003/2024(H5N1)	990	5417
NA|PP755591.1|A/cattle/Texas/24-008749-003/2024(H5N1)	991	5380
NA|PP755591.1|A/cattle/Texas/24-008749-003/2024(H5N1)	992	5418
NA|PP755591.1|A/cattle/Texas/24-008749-003/2024(H5N1)	993	5608
NA|PP755591.1|A/cattle/Texas/24-008749-003/2024(H5N1)	994	5609
NA|PP755591.1|A/cattle/Texas/24-008749-003/2024(H5N1)	995	5503
NA|PP755591.1|A/cattle/Texas/24-008749-003/2024(H5N1)	996	5443
NA|PP755591.1|A/cattle/Texas/24-008749-003/2024(H5N1)	997	5556
NA|PP755591.1|A/cattle/Texas/24-008749-003/2024(H5N1)	998	5666
NA|PP755591.1|A/cattle/Texas/24-008749-003/2024(H5N1)	999	5739
NA|PP755591.1|A/cattle/Texas/24-008749-003/2024(H5N1)	1000	5710
NA|PP755591.1|A/cattle/Texas/24-008749-003/2024(H5N1)	1001	5759
NA|PP755591.1|A/cattle/Texas/24-008749-003/2024(H5N1)	1002	5883
NA|PP755591.1|A/cattle/Texas/24-008749-003/2024(H5N1)	1003	5884
NA|PP755591.1|A/cattle/Texas/24-008749-003/2024(H5N1)	1004	5889
NA|PP755591.1|A/cattle/Texas/24-008749-003/2024(H5N1)	1005	5836
NA|PP755591.1|A/cattle/Texas/24-008749-003/2024(H5N1)	1006	5746
NA|PP755591.1|A/cattle/Texas/24-008749-003/2024(H5N1)	1007	5960
NA|PP755591.1|A/cattle/Texas/24-008749-003/2024(H5N1)	1008	6029
NA|PP755591.1|A/cattle/Texas/24-008749-003/2024(H5N1)	1009	5915
NA|PP755591.1|A/cattle/Texas/24-008749-003/2024(H5N1)	1010	5855
NA|PP755591.1|A/cattle/Texas/24-008749-003/2024(H5N1)	1011	5837
NA|PP755591.1|A/cattle/Texas/24-008749-003/2024(H5N1)	1012	5683
NA|PP755591.1|A/cattle/Texas/24-008749-003/2024(H5N1)	1013	5704
NA|PP755591.1|A/cattle/Texas/24-008749-003/2024(H5N1)	1014	5690
NA|PP755591.1|A/cattle/Texas/24-008749-003/2024(H5N1)	1015	5688
NA|PP755591.1|A/cattle/Texas/24-008749-003/2024(H5N1)	1016	5514
NA|PP755591.1|A/cattle/Texas/24-008749-003/2024(H5N1)	1017	5603
NA|PP755591.1|A/cattle/Texas/24-008749-003/2024(H5N1)	1018	5573
NA|PP755591.1|A/cattle/Texas/24-008749-003/2024(H5N1)	1019	5787
NA|PP755591.1|A/cattle/Texas/24-008749-003/2024(H5N1)	1020	5785
NA|PP755591.1|A/cattle/Texas/24-008749-003/2024(H5N1)	1021	5813
NA|PP755591.1|A/cattle/Texas/24-008749-003/2024(H5N1)	1022	5799
NA|PP755591.1|A/cattle/Texas/24-008749-003/2024(H5N1)	1023	5759
NA|PP755591.1|A/cattle/Texas/24-008749-003/2024(H5N1)	1024	5641
NA|PP755591.1|A/cattle/Texas/24-008749-003/2024(H5N1)	1025	5686
NA|PP755591.1|A/cattle/Texas/24-008749-003/2024(H5N1)	1026	5608
NA|PP755591.1|A/cattle/Texas/24-008749-003/2024(H5N1)	1027	5705
NA|PP755591.1|A/cattle/Texas/24-008749-003/2024(H5N1)	1028	5533
NA|PP755591.1|A/cattle/Texas/24-008749-003/2024(H5N1)	1029	5543
NA|PP755591.1|A/cattle/Texas/24-008749-003/2024(H5N1)	1030	5520
NA|PP755591.1|A/cattle/Texas/24-008749-003/2024(H5N1)	1031	5523
NA|PP755591.1|A/cattle/Texas/24-008749-003/2024(H5N1)	1032	5523
NA|PP755591.1|A/cattle/Texas/24-008749-003/2024(H5N1)	1033	5415
NA|PP755591.1|A/cattle/Texas/24-008749-003/2024(H5N1)	1034	5645
NA|PP755591.1|A/cattle/Texas/24-008749-003/2024(H5N1)	1035	5597
NA|PP755591.1|A/cattle/Texas/24-008749-003/2024(H5N1)	1036	5661
NA|PP755591.1|A/cattle/Texas/24-008749-003/2024(H5N1)	1037	5696
NA|PP755591.1|A/cattle/Texas/24-008749-003/2024(H5N1)	1038	5664
NA|PP755591.1|A/cattle/Texas/24-008749-003/2024(H5N1)	1039	5658
NA|PP755591.1|A/cattle/Texas/24-008749-003/2024(H5N1)	1040	5701
NA|PP755591.1|A/cattle/Texas/24-008749-003/2024(H5N1)	1041	5700
NA|PP755591.1|A/cattle/Texas/24-008749-003/2024(H5N1)	1042	5710
NA|PP755591.1|A/cattle/Texas/24-008749-003/2024(H5N1)	1043	5410
NA|PP755591.1|A/cattle/Texas/24-008749-003/2024(H5N1)	1044	5361
NA|PP755591.1|A/cattle/Texas/24-008749-003/2024(H5N1)	1045	5379
NA|PP755591.1|A/cattle/Texas/24-008749-003/2024(H5N1)	1046	5381
NA|PP755591.1|A/cattle/Texas/24-008749-003/2024(H5N1)	1047	5389
NA|PP755591.1|A/cattle/Texas/24-008749-003/2024(H5N1)	1048	5390
NA|PP755591.1|A/cattle/Texas/24-008749-003/2024(H5N1)	1049	5367
NA|PP755591.1|A/cattle/Texas/24-008749-003/2024(H5N1)	1050	5371
NA|PP755591.1|A/cattle/Texas/24-008749-003/2024(H5N1)	1051	5378
NA|PP755591.1|A/cattle/Texas/24-008749-003/2024(H5N1)	1052	5378
NA|PP755591.1|A/cattle/Texas/24-008749-003/2024(H5N1)	1053	5340
NA|PP755591.1|A/cattle/Texas/24-008749-003/2024(H5N1)	1054	5537
NA|PP755591.1|A/cattle/Texas/24-008749-003/2024(H5N1)	1055	5537
NA|PP755591.1|A/cattle/Texas/24-008749-003/2024(H5N1)	1056	5580
NA|PP755591.1|A/cattle/Texas/24-008749-003/2024(H5N1)	1057	5590
NA|PP755591.1|A/cattle/Texas/24-008749-003/2024(H5N1)	1058	5654
NA|PP755591.1|A/cattle/Texas/24-008749-003/2024(H5N1)	1059	5955
NA|PP755591.1|A/cattle/Texas/24-008749-003/2024(H5N1)	1060	5950
NA|PP755591.1|A/cattle/Texas/24-008749-003/2024(H5N1)	1061	6247
NA|PP755591.1|A/cattle/Texas/24-008749-003/2024(H5N1)	1062	6255
NA|PP755591.1|A/cattle/Texas/24-008749-003/2024(H5N1)	1063	6235
NA|PP755591.1|A/cattle/Texas/24-008749-003/2024(H5N1)	1064	6264
NA|PP755591.1|A/cattle/Texas/24-008749-003/2024(H5N1)	1065	6207
NA|PP755591.1|A/cattle/Texas/24-008749-003/2024(H5N1)	1066	6210
NA|PP755591.1|A/cattle/Texas/24-008749-003/2024(H5N1)	1067	6225
NA|PP755591.1|A/cattle/Texas/24-008749-003/2024(H5N1)	1068	6221
NA|PP755591.1|A/cattle/Texas/24-008749-003/2024(H5N1)	1069	6229
NA|PP755591.1|A/cattle/Texas/24-008749-003/2024(H5N1)	1070	6009
NA|PP755591.1|A/cattle/Texas/24-008749-003/2024(H5N1)	1071	6006
NA|PP755591.1|A/cattle/Texas/24-008749-003/2024(H5N1)	1072	6030
NA|PP755591.1|A/cattle/Texas/24-008749-003/2024(H5N1)	1073	6033
NA|PP755591.1|A/cattle/Texas/24-008749-003/2024(H5N1)	1074	6051
NA|PP755591.1|A/cattle/Texas/24-008749-003/2024(H5N1)	1075	6047
NA|PP755591.1|A/cattle/Texas/24-008749-003/2024(H5N1)	1076	6029
NA|PP755591.1|A/cattle/Texas/24-008749-003/2024(H5N1)	1077	5976
NA|PP755591.1|A/cattle/Texas/24-008749-003/2024(H5N1)	1078	5967
NA|PP755591.1|A/cattle/Texas/24-008749-003/2024(H5N1)	1079	6003
NA|PP755591.1|A/cattle/Texas/24-008749-003/2024(H5N1)	1080	6070
NA|PP755591.1|A/cattle/Texas/24-008749-003/2024(H5N1)	1081	6067
NA|PP755591.1|A/cattle/Texas/24-008749-003/2024(H5N1)	1082	6085
NA|PP755591.1|A/cattle/Texas/24-008749-003/2024(H5N1)	1083	6083
NA|PP755591.1|A/cattle/Texas/24-008749-003/2024(H5N1)	1084	6169
NA|PP755591.1|A/cattle/Texas/24-008749-003/2024(H5N1)	1085	6121
NA|PP755591.1|A/cattle/Texas/24-008749-003/2024(H5N1)	1086	6121
NA|PP755591.1|A/cattle/Texas/24-008749-003/2024(H5N1)	1087	6129
NA|PP755591.1|A/cattle/Texas/24-008749-003/2024(H5N1)	1088	6091
NA|PP755591.1|A/cattle/Texas/24-008749-003/2024(H5N1)	1089	6114
NA|PP755591.1|A/cattle/Texas/24-008749-003/2024(H5N1)	1090	6110
NA|PP755591.1|A/cattle/Texas/24-008749-003/2024(H5N1)	1091	6127
NA|PP755591.1|A/cattle/Texas/24-008749-003/2024(H5N1)	1092	6129
NA|PP755591.1|A/cattle/Texas/24-008749-003/2024(H5N1)	1093	6120
NA|PP755591.1|A/cattle/Texas/24-008749-003/2024(H5N1)	1094	5815
NA|PP755591.1|A/cattle/Texas/24-008749-003/2024(H5N1)	1095	5808
NA|PP755591.1|A/cattle/Texas/24-008749-003/2024(H5N1)	1096	5865
NA|PP755591.1|A/cattle/Texas/24-008749-003/2024(H5N1)	1097	5664
NA|PP755591.1|A/cattle/Texas/24-008749-003/2024(H5N1)	1098	5930
NA|PP755591.1|A/cattle/Texas/24-008749-003/2024(H5N1)	1099	5830
NA|PP755591.1|A/cattle/Texas/24-008749-003/2024(H5N1)	1100	5815
NA|PP755591.1|A/cattle/Texas/24-008749-003/2024(H5N1)	1101	5803
NA|PP755591.1|A/cattle/Texas/24-008749-003/2024(H5N1)	1102	5793
NA|PP755591.1|A/cattle/Texas/24-008749-003/2024(H5N1)	1103	5791
NA|PP755591.1|A/cattle/Texas/24-008749-003/2024(H5N1)	1104	5843
NA|PP755591.1|A/cattle/Texas/24-008749-003/2024(H5N1)	1105	5780
NA|PP755591.1|A/cattle/Texas/24-008749-003/2024(H5N1)	1106	5777
NA|PP755591.1|A/cattle/Texas/24-008749-003/2024(H5N1)	1107	5699
NA|PP755591.1|A/cattle/Texas/24-008749-003/2024(H5N1)	1108	5700
NA|PP755591.1|A/cattle/Texas/24-008749-003/2024(H5N1)	1109	5865
NA|PP755591.1|A/cattle/Texas/24-008749-003/2024(H5N1)	1110	5879
NA|PP755591.1|A/cattle/Texas/24-008749-003/2024(H5N1)	1111	5875
NA|PP755591.1|A/cattle/Texas/24-008749-003/2024(H5N1)	1112	5874
NA|PP755591.1|A/cattle/Texas/24-008749-003/2024(H5N1)	1113	5875
NA|PP755591.1|A/cattle/Texas/24-008749-003/2024(H5N1)	1114	5878
NA|PP755591.1|A/cattle/Texas/24-008749-003/2024(H5N1)	1115	5861
NA|PP755591.1|A/cattle/Texas/24-008749-003/2024(H5N1)	1116	5863
NA|PP755591.1|A/cattle/Texas/24-008749-003/2024(H5N1)	1117	5892
NA|PP755591.1|A/cattle/Texas/24-008749-003/2024(H5N1)	1118	5808
NA|PP755591.1|A/cattle/Texas/24-008749-003/2024(H5N1)	1119	5868
NA|PP755591.1|A/cattle/Texas/24-008749-003/2024(H5N1)	1120	5896
NA|PP755591.1|A/cattle/Texas/24-008749-003/2024(H5N1)	1121	5980
NA|PP755591.1|A/cattle/Texas/24-008749-003/2024(H5N1)	1122	5980
NA|PP755591.1|A/cattle/Texas/24-008749-003/2024(H5N1)	1123	5977
NA|PP755591.1|A/cattle/Texas/24-008749-003/2024(H5N1)	1124	5978
NA|PP755591.1|A/cattle/Texas/24-008749-003/2024(H5N1)	1125	5912
NA|PP755591.1|A/cattle/Texas/24-008749-003/2024(H5N1)	1126	5904
NA|PP755591.1|A/cattle/Texas/24-008749-003/2024(H5N1)	1127	5931
NA|PP755591.1|A/cattle/Texas/24-008749-003/2024(H5N1)	1128	5855
NA|PP755591.1|A/cattle/Texas/24-008749-003/2024(H5N1)	1129	5879
NA|PP755591.1|A/cattle/Texas/24-008749-003/2024(H5N1)	1130	5865
NA|PP755591.1|A/cattle/Texas/24-008749-003/2024(H5N1)	1131	5870
NA|PP755591.1|A/cattle/Texas/24-008749-003/2024(H5N1)	1132	5873
NA|PP755591.1|A/cattle/Texas/24-008749-003/2024(H5N1)	1133	5897
NA|PP755591.1|A/cattle/Texas/24-008749-003/2024(H5N1)	1134	5935
NA|PP755591.1|A/cattle/Texas/24-008749-003/2024(H5N1)	1135	5937
NA|PP755591.1|A/cattle/Texas/24-008749-003/2024(H5N1)	1136	5977
NA|PP755591.1|A/cattle/Texas/24-008749-003/2024(H5N1)	1137	6120
NA|PP755591.1|A/cattle/Texas/24-008749-003/2024(H5N1)	1138	6137
NA|PP755591.1|A/cattle/Texas/24-008749-003/2024(H5N1)	1139	6170
NA|PP755591.1|A/cattle/Texas/24-008749-003/2024(H5N1)	1140	6218
NA|PP755591.1|A/cattle/Texas/24-008749-003/2024(H5N1)	1141	6229
NA|PP755591.1|A/cattle/Texas/24-008749-003/2024(H5N1)	1142	6172
NA|PP755591.1|A/cattle/Texas/24-008749-003/2024(H5N1)	1143	5967
NA|PP755591.1|A/cattle/Texas/24-008749-003/2024(H5N1)	1144	6024
NA|PP755591.1|A/cattle/Texas/24-008749-003/2024(H5N1)	1145	5955
NA|PP755591.1|A/cattle/Texas/24-008749-003/2024(H5N1)	1146	5956
NA|PP755591.1|A/cattle/Texas/24-008749-003/2024(H5N1)	1147	6037
NA|PP755591.1|A/cattle/Texas/24-008749-003/2024(H5N1)	1148	5879
NA|PP755591.1|A/cattle/Texas/24-008749-003/2024(H5N1)	1149	5880
NA|PP755591.1|A/cattle/Texas/24-008749-003/2024(H5N1)	1150	5912
NA|PP755591.1|A/cattle/Texas/24-008749-003/2024(H5N1)	1151	5907
NA|PP755591.1|A/cattle/Texas/24-008749-003/2024(H5N1)	1152	5804
NA|PP755591.1|A/cattle/Texas/24-008749-003/2024(H5N1)	1153	5725
NA|PP755591.1|A/cattle/Texas/24-008749-003/2024(H5N1)	1154	5771
NA|PP755591.1|A/cattle/Texas/24-008749-003/2024(H5N1)	1155	5799
NA|PP755591.1|A/cattle/Texas/24-008749-003/2024(H5N1)	1156	5797
NA|PP755591.1|A/cattle/Texas/24-008749-003/2024(H5N1)	1157	5809
NA|PP755591.1|A/cattle/Texas/24-008749-003/2024(H5N1)	1158	5536
NA|PP755591.1|A/cattle/Texas/24-008749-003/2024(H5N1)	1159	5543
NA|PP755591.1|A/cattle/Texas/24-008749-003/2024(H5N1)	1160	5503
NA|PP755591.1|A/cattle/Texas/24-008749-003/2024(H5N1)	1161	5477
NA|PP755591.1|A/cattle/Texas/24-008749-003/2024(H5N1)	1162	5437
NA|PP755591.1|A/cattle/Texas/24-008749-003/2024(H5N1)	1163	5458
NA|PP755591.1|A/cattle/Texas/24-008749-003/2024(H5N1)	1164	5404
NA|PP755591.1|A/cattle/Texas/24-008749-003/2024(H5N1)	1165	5367
NA|PP755591.1|A/cattle/Texas/24-008749-003/2024(H5N1)	1166	5367
NA|PP755591.1|A/cattle/Texas/24-008749-003/2024(H5N1)	1167	5356
NA|PP755591.1|A/cattle/Texas/24-008749-003/2024(H5N1)	1168	5314
NA|PP755591.1|A/cattle/Texas/24-008749-003/2024(H5N1)	1169	5302
NA|PP755591.1|A/cattle/Texas/24-008749-003/2024(H5N1)	1170	5089
NA|PP755591.1|A/cattle/Texas/24-008749-003/2024(H5N1)	1171	5070
NA|PP755591.1|A/cattle/Texas/24-008749-003/2024(H5N1)	1172	5057
NA|PP755591.1|A/cattle/Texas/24-008749-003/2024(H5N1)	1173	5073
NA|PP755591.1|A/cattle/Texas/24-008749-003/2024(H5N1)	1174	5068
NA|PP755591.1|A/cattle/Texas/24-008749-003/2024(H5N1)	1175	5275
NA|PP755591.1|A/cattle/Texas/24-008749-003/2024(H5N1)	1176	5168
NA|PP755591.1|A/cattle/Texas/24-008749-003/2024(H5N1)	1177	5049
NA|PP755591.1|A/cattle/Texas/24-008749-003/2024(H5N1)	1178	5088
NA|PP755591.1|A/cattle/Texas/24-008749-003/2024(H5N1)	1179	5064
NA|PP755591.1|A/cattle/Texas/24-008749-003/2024(H5N1)	1180	5058
NA|PP755591.1|A/cattle/Texas/24-008749-003/2024(H5N1)	1181	5069
NA|PP755591.1|A/cattle/Texas/24-008749-003/2024(H5N1)	1182	5067
NA|PP755591.1|A/cattle/Texas/24-008749-003/2024(H5N1)	1183	5068
NA|PP755591.1|A/cattle/Texas/24-008749-003/2024(H5N1)	1184	5148
NA|PP755591.1|A/cattle/Texas/24-008749-003/2024(H5N1)	1185	5026
NA|PP755591.1|A/cattle/Texas/24-008749-003/2024(H5N1)	1186	4990
NA|PP755591.1|A/cattle/Texas/24-008749-003/2024(H5N1)	1187	4920
NA|PP755591.1|A/cattle/Texas/24-008749-003/2024(H5N1)	1188	4952
NA|PP755591.1|A/cattle/Texas/24-008749-003/2024(H5N1)	1189	4937
NA|PP755591.1|A/cattle/Texas/24-008749-003/2024(H5N1)	1190	4991
NA|PP755591.1|A/cattle/Texas/24-008749-003/2024(H5N1)	1191	4946
NA|PP755591.1|A/cattle/Texas/24-008749-003/2024(H5N1)	1192	4941
NA|PP755591.1|A/cattle/Texas/24-008749-003/2024(H5N1)	1193	4933
NA|PP755591.1|A/cattle/Texas/24-008749-003/2024(H5N1)	1194	4931
NA|PP755591.1|A/cattle/Texas/24-008749-003/2024(H5N1)	1195	4885
NA|PP755591.1|A/cattle/Texas/24-008749-003/2024(H5N1)	1196	4992
NA|PP755591.1|A/cattle/Texas/24-008749-003/2024(H5N1)	1197	4990
NA|PP755591.1|A/cattle/Texas/24-008749-003/2024(H5N1)	1198	5042
NA|PP755591.1|A/cattle/Texas/24-008749-003/2024(H5N1)	1199	5028
NA|PP755591.1|A/cattle/Texas/24-008749-003/2024(H5N1)	1200	5024
NA|PP755591.1|A/cattle/Texas/24-008749-003/2024(H5N1)	1201	5161
NA|PP755591.1|A/cattle/Texas/24-008749-003/2024(H5N1)	1202	5258
NA|PP755591.1|A/cattle/Texas/24-008749-003/2024(H5N1)	1203	5291
NA|PP755591.1|A/cattle/Texas/24-008749-003/2024(H5N1)	1204	5284
NA|PP755591.1|A/cattle/Texas/24-008749-003/2024(H5N1)	1205	5183
NA|PP755591.1|A/cattle/Texas/24-008749-003/2024(H5N1)	1206	5185
NA|PP755591.1|A/cattle/Texas/24-008749-003/2024(H5N1)	1207	5125
NA|PP755591.1|A/cattle/Texas/24-008749-003/2024(H5N1)	1208	5130
NA|PP755591.1|A/cattle/Texas/24-008749-003/2024(H5N1)	1209	5060
NA|PP755591.1|A/cattle/Texas/24-008749-003/2024(H5N1)	1210	4699
NA|PP755591.1|A/cattle/Texas/24-008749-003/2024(H5N1)	1211	4687
NA|PP755591.1|A/cattle/Texas/24-008749-003/2024(H5N1)	1212	4484
NA|PP755591.1|A/cattle/Texas/24-008749-003/2024(H5N1)	1213	4517
NA|PP755591.1|A/cattle/Texas/24-008749-003/2024(H5N1)	1214	4520
NA|PP755591.1|A/cattle/Texas/24-008749-003/2024(H5N1)	1215	4596
NA|PP755591.1|A/cattle/Texas/24-008749-003/2024(H5N1)	1216	4604
NA|PP755591.1|A/cattle/Texas/24-008749-003/2024(H5N1)	1217	4682
NA|PP755591.1|A/cattle/Texas/24-008749-003/2024(H5N1)	1218	4687
NA|PP755591.1|A/cattle/Texas/24-008749-003/2024(H5N1)	1219	4625
NA|PP755591.1|A/cattle/Texas/24-008749-003/2024(H5N1)	1220	4615
NA|PP755591.1|A/cattle/Texas/24-008749-003/2024(H5N1)	1221	4612
NA|PP755591.1|A/cattle/Texas/24-008749-003/2024(H5N1)	1222	4614
NA|PP755591.1|A/cattle/Texas/24-008749-003/2024(H5N1)	1223	4583
NA|PP755591.1|A/cattle/Texas/24-008749-003/2024(H5N1)	1224	4586
NA|PP755591.1|A/cattle/Texas/24-008749-003/2024(H5N1)	1225	4813
NA|PP755591.1|A/cattle/Texas/24-008749-003/2024(H5N1)	1226	4852
NA|PP755591.1|A/cattle/Texas/24-008749-003/2024(H5N1)	1227	4911
NA|PP755591.1|A/cattle/Texas/24-008749-003/2024(H5N1)	1228	4924
NA|PP755591.1|A/cattle/Texas/24-008749-003/2024(H5N1)	1229	4887
NA|PP755591.1|A/cattle/Texas/24-008749-003/2024(H5N1)	1230	4823
NA|PP755591.1|A/cattle/Texas/24-008749-003/2024(H5N1)	1231	4835
NA|PP755591.1|A/cattle/Texas/24-008749-003/2024(H5N1)	1232	4870
NA|PP755591.1|A/cattle/Texas/24-008749-003/2024(H5N1)	1233	4847
NA|PP755591.1|A/cattle/Texas/24-008749-003/2024(H5N1)	1234	4837
NA|PP755591.1|A/cattle/Texas/24-008749-003/2024(H5N1)	1235	4697
NA|PP755591.1|A/cattle/Texas/24-008749-003/2024(H5N1)	1236	4710
NA|PP755591.1|A/cattle/Texas/24-008749-003/2024(H5N1)	1237	4729
NA|PP755591.1|A/cattle/Texas/24-008749-003/2024(H5N1)	1238	4722
NA|PP755591.1|A/cattle/Texas/24-008749-003/2024(H5N1)	1239	4721
NA|PP755591.1|A/cattle/Texas/24-008749-003/2024(H5N1)	1240	4749
NA|PP755591.1|A/cattle/Texas/24-008749-003/2024(H5N1)	1241	5292
NA|PP755591.1|A/cattle/Texas/24-008749-003/2024(H5N1)	1242	5337
NA|PP755591.1|A/cattle/Texas/24-008749-003/2024(H5N1)	1243	5334
NA|PP755591.1|A/cattle/Texas/24-008749-003/2024(H5N1)	1244	5335
NA|PP755591.1|A/cattle/Texas/24-008749-003/2024(H5N1)	1245	5316
NA|PP755591.1|A/cattle/Texas/24-008749-003/2024(H5N1)	1246	5322
NA|PP755591.1|A/cattle/Texas/24-008749-003/2024(H5N1)	1247	5295
NA|PP755591.1|A/cattle/Texas/24-008749-003/2024(H5N1)	1248	5312
NA|PP755591.1|A/cattle/Texas/24-008749-003/2024(H5N1)	1249	4977
NA|PP755591.1|A/cattle/Texas/24-008749-003/2024(H5N1)	1250	4983
NA|PP755591.1|A/cattle/Texas/24-008749-003/2024(H5N1)	1251	5017
NA|PP755591.1|A/cattle/Texas/24-008749-003/2024(H5N1)	1252	5015
NA|PP755591.1|A/cattle/Texas/24-008749-003/2024(H5N1)	1253	5018
NA|PP755591.1|A/cattle/Texas/24-008749-003/2024(H5N1)	1254	4993
NA|PP755591.1|A/cattle/Texas/24-008749-003/2024(H5N1)	1255	4988
NA|PP755591.1|A/cattle/Texas/24-008749-003/2024(H5N1)	1256	4990
NA|PP755591.1|A/cattle/Texas/24-008749-003/2024(H5N1)	1257	5220
NA|PP755591.1|A/cattle/Texas/24-008749-003/2024(H5N1)	1258	5321
NA|PP755591.1|A/cattle/Texas/24-008749-003/2024(H5N1)	1259	5163
NA|PP755591.1|A/cattle/Texas/24-008749-003/2024(H5N1)	1260	5232
NA|PP755591.1|A/cattle/Texas/24-008749-003/2024(H5N1)	1261	5235
NA|PP755591.1|A/cattle/Texas/24-008749-003/2024(H5N1)	1262	5245
NA|PP755591.1|A/cattle/Texas/24-008749-003/2024(H5N1)	1263	5366
NA|PP755591.1|A/cattle/Texas/24-008749-003/2024(H5N1)	1264	5366
NA|PP755591.1|A/cattle/Texas/24-008749-003/2024(H5N1)	1265	5343
NA|PP755591.1|A/cattle/Texas/24-008749-003/2024(H5N1)	1266	5332
NA|PP755591.1|A/cattle/Texas/24-008749-003/2024(H5N1)	1267	5321
NA|PP755591.1|A/cattle/Texas/24-008749-003/2024(H5N1)	1268	5329
NA|PP755591.1|A/cattle/Texas/24-008749-003/2024(H5N1)	1269	5331
NA|PP755591.1|A/cattle/Texas/24-008749-003/2024(H5N1)	1270	5264
NA|PP755591.1|A/cattle/Texas/24-008749-003/2024(H5N1)	1271	5219
NA|PP755591.1|A/cattle/Texas/24-008749-003/2024(H5N1)	1272	5106
NA|PP755591.1|A/cattle/Texas/24-008749-003/2024(H5N1)	1273	5120
NA|PP755591.1|A/cattle/Texas/24-008749-003/2024(H5N1)	1274	5119
NA|PP755591.1|A/cattle/Texas/24-008749-003/2024(H5N1)	1275	5125
NA|PP755591.1|A/cattle/Texas/24-008749-003/2024(H5N1)	1276	5172
NA|PP755591.1|A/cattle/Texas/24-008749-003/2024(H5N1)	1277	5145
NA|PP755591.1|A/cattle/Texas/24-008749-003/2024(H5N1)	1278	5181
NA|PP755591.1|A/cattle/Texas/24-008749-003/2024(H5N1)	1279	5195
NA|PP755591.1|A/cattle/Texas/24-008749-003/2024(H5N1)	1280	5181
NA|PP755591.1|A/cattle/Texas/24-008749-003/2024(H5N1)	1281	5183
NA|PP755591.1|A/cattle/Texas/24-008749-003/2024(H5N1)	1282	5109
NA|PP755591.1|A/cattle/Texas/24-008749-003/2024(H5N1)	1283	5111
NA|PP755591.1|A/cattle/Texas/24-008749-003/2024(H5N1)	1284	5114
NA|PP755591.1|A/cattle/Texas/24-008749-003/2024(H5N1)	1285	5074
NA|PP755591.1|A/cattle/Texas/24-008749-003/2024(H5N1)	1286	5077
NA|PP755591.1|A/cattle/Texas/24-008749-003/2024(H5N1)	1287	4874
NA|PP755591.1|A/cattle/Texas/24-008749-003/2024(H5N1)	1288	5129
NA|PP755591.1|A/cattle/Texas/24-008749-003/2024(H5N1)	1289	5148
NA|PP755591.1|A/cattle/Texas/24-008749-003/2024(H5N1)	1290	5188
NA|PP755591.1|A/cattle/Texas/24-008749-003/2024(H5N1)	1291	5190
NA|PP755591.1|A/cattle/Texas/24-008749-003/2024(H5N1)	1292	5235
NA|PP755591.1|A/cattle/Texas/24-008749-003/2024(H5N1)	1293	5232
NA|PP755591.1|A/cattle/Texas/24-008749-003/2024(H5N1)	1294	5217
NA|PP755591.1|A/cattle/Texas/24-008749-003/2024(H5N1)	1295	5158
NA|PP755591.1|A/cattle/Texas/24-008749-003/2024(H5N1)	1296	5169
NA|PP755591.1|A/cattle/Texas/24-008749-003/2024(H5N1)	1297	5168
NA|PP755591.1|A/cattle/Texas/24-008749-003/2024(H5N1)	1298	5074
NA|PP755591.1|A/cattle/Texas/24-008749-003/2024(H5N1)	1299	5075
NA|PP755591.1|A/cattle/Texas/24-008749-003/2024(H5N1)	1300	4959
NA|PP755591.1|A/cattle/Texas/24-008749-003/2024(H5N1)	1301	4950
NA|PP755591.1|A/cattle/Texas/24-008749-003/2024(H5N1)	1302	4949
NA|PP755591.1|A/cattle/Texas/24-008749-003/2024(H5N1)	1303	4939
NA|PP755591.1|A/cattle/Texas/24-008749-003/2024(H5N1)	1304	4892
NA|PP755591.1|A/cattle/Texas/24-008749-003/2024(H5N1)	1305	4863
NA|PP755591.1|A/cattle/Texas/24-008749-003/2024(H5N1)	1306	4859
NA|PP755591.1|A/cattle/Texas/24-008749-003/2024(H5N1)	1307	4851
NA|PP755591.1|A/cattle/Texas/24-008749-003/2024(H5N1)	1308	4803
NA|PP755591.1|A/cattle/Texas/24-008749-003/2024(H5N1)	1309	4800
NA|PP755591.1|A/cattle/Texas/24-008749-003/2024(H5N1)	1310	4782
NA|PP755591.1|A/cattle/Texas/24-008749-003/2024(H5N1)	1311	4776
NA|PP755591.1|A/cattle/Texas/24-008749-003/2024(H5N1)	1312	4776
NA|PP755591.1|A/cattle/Texas/24-008749-003/2024(H5N1)	1313	4757
NA|PP755591.1|A/cattle/Texas/24-008749-003/2024(H5N1)	1314	4748
NA|PP755591.1|A/cattle/Texas/24-008749-003/2024(H5N1)	1315	4748
NA|PP755591.1|A/cattle/Texas/24-008749-003/2024(H5N1)	1316	4743
NA|PP755591.1|A/cattle/Texas/24-008749-003/2024(H5N1)	1317	4735
NA|PP755591.1|A/cattle/Texas/24-008749-003/2024(H5N1)	1318	4735
NA|PP755591.1|A/cattle/Texas/24-008749-003/2024(H5N1)	1319	4648
NA|PP755591.1|A/cattle/Texas/24-008749-003/2024(H5N1)	1320	4643
NA|PP755591.1|A/cattle/Texas/24-008749-003/2024(H5N1)	1321	4628
NA|PP755591.1|A/cattle/Texas/24-008749-003/2024(H5N1)	1322	4629
NA|PP755591.1|A/cattle/Texas/24-008749-003/2024(H5N1)	1323	4621
NA|PP755591.1|A/cattle/Texas/24-008749-003/2024(H5N1)	1324	4460
NA|PP755591.1|A/cattle/Texas/24-008749-003/2024(H5N1)	1325	4465
NA|PP755591.1|A/cattle/Texas/24-008749-003/2024(H5N1)	1326	4385
NA|PP755591.1|A/cattle/Texas/24-008749-003/2024(H5N1)	1327	4375
NA|PP755591.1|A/cattle/Texas/24-008749-003/2024(H5N1)	1328	4365
NA|PP755591.1|A/cattle/Texas/24-008749-003/2024(H5N1)	1329	4323
NA|PP755591.1|A/cattle/Texas/24-008749-003/2024(H5N1)	1330	4323
NA|PP755591.1|A/cattle/Texas/24-008749-003/2024(H5N1)	1331	4312
NA|PP755591.1|A/cattle/Texas/24-008749-003/2024(H5N1)	1332	4289
NA|PP755591.1|A/cattle/Texas/24-008749-003/2024(H5N1)	1333	4247
NA|PP755591.1|A/cattle/Texas/24-008749-003/2024(H5N1)	1334	4049
NA|PP755591.1|A/cattle/Texas/24-008749-003/2024(H5N1)	1335	4043
NA|PP755591.1|A/cattle/Texas/24-008749-003/2024(H5N1)	1336	4026
NA|PP755591.1|A/cattle/Texas/24-008749-003/2024(H5N1)	1337	4025
NA|PP755591.1|A/cattle/Texas/24-008749-003/2024(H5N1)	1338	3986
NA|PP755591.1|A/cattle/Texas/24-008749-003/2024(H5N1)	1339	3963
NA|PP755591.1|A/cattle/Texas/24-008749-003/2024(H5N1)	1340	3962
NA|PP755591.1|A/cattle/Texas/24-008749-003/2024(H5N1)	1341	3892
NA|PP755591.1|A/cattle/Texas/24-008749-003/2024(H5N1)	1342	3891
NA|PP755591.1|A/cattle/Texas/24-008749-003/2024(H5N1)	1343	3888
NA|PP755591.1|A/cattle/Texas/24-008749-003/2024(H5N1)	1344	3888
NA|PP755591.1|A/cattle/Texas/24-008749-003/2024(H5N1)	1345	3881
NA|PP755591.1|A/cattle/Texas/24-008749-003/2024(H5N1)	1346	3873
NA|PP755591.1|A/cattle/Texas/24-008749-003/2024(H5N1)	1347	3790
NA|PP755591.1|A/cattle/Texas/24-008749-003/2024(H5N1)	1348	3720
NA|PP755591.1|A/cattle/Texas/24-008749-003/2024(H5N1)	1349	3722
NA|PP755591.1|A/cattle/Texas/24-008749-003/2024(H5N1)	1350	3622
NA|PP755591.1|A/cattle/Texas/24-008749-003/2024(H5N1)	1351	3616
NA|PP755591.1|A/cattle/Texas/24-008749-003/2024(H5N1)	1352	3498
NA|PP755591.1|A/cattle/Texas/24-008749-003/2024(H5N1)	1353	3477
NA|PP755591.1|A/cattle/Texas/24-008749-003/2024(H5N1)	1354	3447
NA|PP755591.1|A/cattle/Texas/24-008749-003/2024(H5N1)	1355	3441
NA|PP755591.1|A/cattle/Texas/24-008749-003/2024(H5N1)	1356	3250
NA|PP755591.1|A/cattle/Texas/24-008749-003/2024(H5N1)	1357	3248
NA|PP755591.1|A/cattle/Texas/24-008749-003/2024(H5N1)	1358	3228
NA|PP755591.1|A/cattle/Texas/24-008749-003/2024(H5N1)	1359	3230
NA|PP755591.1|A/cattle/Texas/24-008749-003/2024(H5N1)	1360	3229
NA|PP755591.1|A/cattle/Texas/24-008749-003/2024(H5N1)	1361	3219
NA|PP755591.1|A/cattle/Texas/24-008749-003/2024(H5N1)	1362	3156
NA|PP755591.1|A/cattle/Texas/24-008749-003/2024(H5N1)	1363	3107
NA|PP755591.1|A/cattle/Texas/24-008749-003/2024(H5N1)	1364	3040
NA|PP755591.1|A/cattle/Texas/24-008749-003/2024(H5N1)	1365	3029
NA|PP755591.1|A/cattle/Texas/24-008749-003/2024(H5N1)	1366	2986
NA|PP755591.1|A/cattle/Texas/24-008749-003/2024(H5N1)	1367	2976
NA|PP755591.1|A/cattle/Texas/24-008749-003/2024(H5N1)	1368	2884
NA|PP755591.1|A/cattle/Texas/24-008749-003/2024(H5N1)	1369	2864
NA|PP755591.1|A/cattle/Texas/24-008749-003/2024(H5N1)	1370	2860
NA|PP755591.1|A/cattle/Texas/24-008749-003/2024(H5N1)	1371	2860
NA|PP755591.1|A/cattle/Texas/24-008749-003/2024(H5N1)	1372	2860
NA|PP755591.1|A/cattle/Texas/24-008749-003/2024(H5N1)	1373	2827
NA|PP755591.1|A/cattle/Texas/24-008749-003/2024(H5N1)	1374	2591
NA|PP755591.1|A/cattle/Texas/24-008749-003/2024(H5N1)	1375	2585
NA|PP755591.1|A/cattle/Texas/24-008749-003/2024(H5N1)	1376	2585
NA|PP755591.1|A/cattle/Texas/24-008749-003/2024(H5N1)	1377	2553
NA|PP755591.1|A/cattle/Texas/24-008749-003/2024(H5N1)	1378	2491
NA|PP755591.1|A/cattle/Texas/24-008749-003/2024(H5N1)	1379	2470
NA|PP755591.1|A/cattle/Texas/24-008749-003/2024(H5N1)	1380	2445
NA|PP755591.1|A/cattle/Texas/24-008749-003/2024(H5N1)	1381	2442
NA|PP755591.1|A/cattle/Texas/24-008749-003/2024(H5N1)	1382	2428
NA|PP755591.1|A/cattle/Texas/24-008749-003/2024(H5N1)	1383	2417
NA|PP755591.1|A/cattle/Texas/24-008749-003/2024(H5N1)	1384	2416
NA|PP755591.1|A/cattle/Texas/24-008749-003/2024(H5N1)	1385	2399
NA|PP755591.1|A/cattle/Texas/24-008749-003/2024(H5N1)	1386	2399
NA|PP755591.1|A/cattle/Texas/24-008749-003/2024(H5N1)	1387	2386
NA|PP755591.1|A/cattle/Texas/24-008749-003/2024(H5N1)	1388	1791
NA|PP755591.1|A/cattle/Texas/24-008749-003/2024(H5N1)	1389	1792
NA|PP755591.1|A/cattle/Texas/24-008749-003/2024(H5N1)	1390	1750
NA|PP755591.1|A/cattle/Texas/24-008749-003/2024(H5N1)	1391	1747
NA|PP755591.1|A/cattle/Texas/24-008749-003/2024(H5N1)	1392	1746
NA|PP755591.1|A/cattle/Texas/24-008749-003/2024(H5N1)	1393	1679
NA|PP755591.1|A/cattle/Texas/24-008749-003/2024(H5N1)	1394	1675
NA|PP755591.1|A/cattle/Texas/24-008749-003/2024(H5N1)	1395	1670
NA|PP755591.1|A/cattle/Texas/24-008749-003/2024(H5N1)	1396	1660
NA|PP755591.1|A/cattle/Texas/24-008749-003/2024(H5N1)	1397	1655
NA|PP755591.1|A/cattle/Texas/24-008749-003/2024(H5N1)	1398	1618
NA|PP755591.1|A/cattle/Texas/24-008749-003/2024(H5N1)	1399	1589
NA|PP755591.1|A/cattle/Texas/24-008749-003/2024(H5N1)	1400	1589
NA|PP755591.1|A/cattle/Texas/24-008749-003/2024(H5N1)	1401	1546
NA|PP755591.1|A/cattle/Texas/24-008749-003/2024(H5N1)	1402	1546
NA|PP755591.1|A/cattle/Texas/24-008749-003/2024(H5N1)	1403	1546
NA|PP755591.1|A/cattle/Texas/24-008749-003/2024(H5N1)	1404	1542
NA|PP755591.1|A/cattle/Texas/24-008749-003/2024(H5N1)	1405	1516
NA|PP755591.1|A/cattle/Texas/24-008749-003/2024(H5N1)	1406	1411
NA|PP755591.1|A/cattle/Texas/24-008749-003/2024(H5N1)	1407	1276
NA|PP755591.1|A/cattle/Texas/24-008749-003/2024(H5N1)	1408	1257
NA|PP755591.1|A/cattle/Texas/24-008749-003/2024(H5N1)	1409	1152
NA|PP755591.1|A/cattle/Texas/24-008749-003/2024(H5N1)	1410	1151
