NA|PP755591.1|A/cattle/Texas/24-008749-003/2024(H5N1)	1	91
NA|PP755591.1|A/cattle/Texas/24-008749-003/2024(H5N1)	2	91
NA|PP755591.1|A/cattle/Texas/24-008749-003/2024(H5N1)	3	91
NA|PP755591.1|A/cattle/Texas/24-008749-003/2024(H5N1)	4	91
NA|PP755591.1|A/cattle/Texas/24-008749-003/2024(H5N1)	5	92
NA|PP755591.1|A/cattle/Texas/24-008749-003/2024(H5N1)	6	93
NA|PP755591.1|A/cattle/Texas/24-008749-003/2024(H5N1)	7	93
NA|PP755591.1|A/cattle/Texas/24-008749-003/2024(H5N1)	8	93
NA|PP755591.1|A/cattle/Texas/24-008749-003/2024(H5N1)	9	93
NA|PP755591.1|A/cattle/Texas/24-008749-003/2024(H5N1)	10	94
NA|PP755591.1|A/cattle/Texas/24-008749-003/2024(H5N1)	11	94
NA|PP755591.1|A/cattle/Texas/24-008749-003/2024(H5N1)	12	94
NA|PP755591.1|A/cattle/Texas/24-008749-003/2024(H5N1)	13	94
NA|PP755591.1|A/cattle/Texas/24-008749-003/2024(H5N1)	14	94
NA|PP755591.1|A/cattle/Texas/24-008749-003/2024(H5N1)	15	95
NA|PP755591.1|A/cattle/Texas/24-008749-003/2024(H5N1)	16	95
NA|PP755591.1|A/cattle/Texas/24-008749-003/2024(H5N1)	17	95
NA|PP755591.1|A/cattle/Texas/24-008749-003/2024(H5N1)	18	95
NA|PP755591.1|A/cattle/Texas/24-008749-003/2024(H5N1)	19	95
NA|PP755591.1|A/cattle/Texas/24-008749-003/2024(H5N1)	20	95
NA|PP755591.1|A/cattle/Texas/24-008749-003/2024(H5N1)	21	95
NA|PP755591.1|A/cattle/Texas/24-008749-003/2024(H5N1)	22	95
NA|PP755591.1|A/cattle/Texas/24-008749-003/2024(H5N1)	23	95
NA|PP755591.1|A/cattle/Texas/24-008749-003/2024(H5N1)	24	95
NA|PP755591.1|A/cattle/Texas/24-008749-003/2024(H5N1)	25	95
NA|PP755591.1|A/cattle/Texas/24-008749-003/2024(H5N1)	26	95
NA|PP755591.1|A/cattle/Texas/24-008749-003/2024(H5N1)	27	95
NA|PP755591.1|A/cattle/Texas/24-008749-003/2024(H5N1)	28	95
NA|PP755591.1|A/cattle/Texas/24-008749-003/2024(H5N1)	29	95
NA|PP755591.1|A/cattle/Texas/24-008749-003/2024(H5N1)	30	95
NA|PP755591.1|A/cattle/Texas/24-008749-003/2024(H5N1)	31	95
NA|PP755591.1|A/cattle/Texas/24-008749-003/2024(H5N1)	32	95
NA|PP755591.1|A/cattle/Texas/24-008749-003/2024(H5N1)	33	95
NA|PP755591.1|A/cattle/Texas/24-008749-003/2024(H5N1)	34	95
NA|PP755591.1|A/cattle/Texas/24-008749-003/2024(H5N1)	35	95
NA|PP755591.1|A/cattle/Texas/24-008749-003/2024(H5N1)	36	95
NA|PP755591.1|A/cattle/Texas/24-008749-003/2024(H5N1)	37	95
NA|PP755591.1|A/cattle/Texas/24-008749-003/2024(H5N1)	38	95
NA|PP755591.1|A/cattle/Texas/24-008749-003/2024(H5N1)	39	95
NA|PP755591.1|A/cattle/Texas/24-008749-003/2024(H5N1)	40	95
NA|PP755591.1|A/cattle/Texas/24-008749-003/2024(H5N1)	41	95
NA|PP755591.1|A/cattle/Texas/24-008749-003/2024(H5N1)	42	95
NA|PP755591.1|A/cattle/Texas/24-008749-003/2024(H5N1)	43	95
NA|PP755591.1|A/cattle/Texas/24-008749-003/2024(H5N1)	44	95
NA|PP755591.1|A/cattle/Texas/24-008749-003/2024(H5N1)	45	95
NA|PP755591.1|A/cattle/Texas/24-008749-003/2024(H5N1)	46	95
NA|PP755591.1|A/cattle/Texas/24-008749-003/2024(H5N1)	47	95
NA|PP755591.1|A/cattle/Texas/24-008749-003/2024(H5N1)	48	95
NA|PP755591.1|A/cattle/Texas/24-008749-003/2024(H5N1)	49	95
NA|PP755591.1|A/cattle/Texas/24-008749-003/2024(H5N1)	50	95
NA|PP755591.1|A/cattle/Texas/24-008749-003/2024(H5N1)	51	95
NA|PP755591.1|A/cattle/Texas/24-008749-003/2024(H5N1)	52	95
NA|PP755591.1|A/cattle/Texas/24-008749-003/2024(H5N1)	53	95
NA|PP755591.1|A/cattle/Texas/24-008749-003/2024(H5N1)	54	95
NA|PP755591.1|A/cattle/Texas/24-008749-003/2024(H5N1)	55	95
NA|PP755591.1|A/cattle/Texas/24-008749-003/2024(H5N1)	56	95
NA|PP755591.1|A/cattle/Texas/24-008749-003/2024(H5N1)	57	95
NA|PP755591.1|A/cattle/Texas/24-008749-003/2024(H5N1)	58	95
NA|PP755591.1|A/cattle/Texas/24-008749-003/2024(H5N1)	59	95
NA|PP755591.1|A/cattle/Texas/24-008749-003/2024(H5N1)	60	95
NA|PP755591.1|A/cattle/Texas/24-008749-003/2024(H5N1)	61	95
NA|PP755591.1|A/cattle/Texas/24-008749-003/2024(H5N1)	62	95
NA|PP755591.1|A/cattle/Texas/24-008749-003/2024(H5N1)	63	95
NA|PP755591.1|A/cattle/Texas/24-008749-003/2024(H5N1)	64	95
NA|PP755591.1|A/cattle/Texas/24-008749-003/2024(H5N1)	65	95
NA|PP755591.1|A/cattle/Texas/24-008749-003/2024(H5N1)	66	97
NA|PP755591.1|A/cattle/Texas/24-008749-003/2024(H5N1)	67	98
NA|PP755591.1|A/cattle/Texas/24-008749-003/2024(H5N1)	68	98
NA|PP755591.1|A/cattle/Texas/24-008749-003/2024(H5N1)	69	100
NA|PP755591.1|A/cattle/Texas/24-008749-003/2024(H5N1)	70	100
NA|PP755591.1|A/cattle/Texas/24-008749-003/2024(H5N1)	71	100
NA|PP755591.1|A/cattle/Texas/24-008749-003/2024(H5N1)	72	101
NA|PP755591.1|A/cattle/Texas/24-008749-003/2024(H5N1)	73	174
NA|PP755591.1|A/cattle/Texas/24-008749-003/2024(H5N1)	74	176
NA|PP755591.1|A/cattle/Texas/24-008749-003/2024(H5N1)	75	176
NA|PP755591.1|A/cattle/Texas/24-008749-003/2024(H5N1)	76	176
NA|PP755591.1|A/cattle/Texas/24-008749-003/2024(H5N1)	77	179
NA|PP755591.1|A/cattle/Texas/24-008749-003/2024(H5N1)	78	179
NA|PP755591.1|A/cattle/Texas/24-008749-003/2024(H5N1)	79	194
NA|PP755591.1|A/cattle/Texas/24-008749-003/2024(H5N1)	80	194
NA|PP755591.1|A/cattle/Texas/24-008749-003/2024(H5N1)	81	194
NA|PP755591.1|A/cattle/Texas/24-008749-003/2024(H5N1)	82	197
NA|PP755591.1|A/cattle/Texas/24-008749-003/2024(H5N1)	83	197
NA|PP755591.1|A/cattle/Texas/24-008749-003/2024(H5N1)	84	203
NA|PP755591.1|A/cattle/Texas/24-008749-003/2024(H5N1)	85	204
NA|PP755591.1|A/cattle/Texas/24-008749-003/2024(H5N1)	86	205
NA|PP755591.1|A/cattle/Texas/24-008749-003/2024(H5N1)	87	207
NA|PP755591.1|A/cattle/Texas/24-008749-003/2024(H5N1)	88	207
NA|PP755591.1|A/cattle/Texas/24-008749-003/2024(H5N1)	89	207
NA|PP755591.1|A/cattle/Texas/24-008749-003/2024(H5N1)	90	207
NA|PP755591.1|A/cattle/Texas/24-008749-003/2024(H5N1)	91	207
NA|PP755591.1|A/cattle/Texas/24-008749-003/2024(H5N1)	92	212
NA|PP755591.1|A/cattle/Texas/24-008749-003/2024(H5N1)	93	212
NA|PP755591.1|A/cattle/Texas/24-008749-003/2024(H5N1)	94	212
NA|PP755591.1|A/cattle/Texas/24-008749-003/2024(H5N1)	95	212
NA|PP755591.1|A/cattle/Texas/24-008749-003/2024(H5N1)	96	212
NA|PP755591.1|A/cattle/Texas/24-008749-003/2024(H5N1)	97	212
NA|PP755591.1|A/cattle/Texas/24-008749-003/2024(H5N1)	98	212
NA|PP755591.1|A/cattle/Texas/24-008749-003/2024(H5N1)	99	212
NA|PP755591.1|A/cattle/Texas/24-008749-003/2024(H5N1)	100	212
NA|PP755591.1|A/cattle/Texas/24-008749-003/2024(H5N1)	101	204
NA|PP755591.1|A/cattle/Texas/24-008749-003/2024(H5N1)	102	204
NA|PP755591.1|A/cattle/Texas/24-008749-003/2024(H5N1)	103	204
NA|PP755591.1|A/cattle/Texas/24-008749-003/2024(H5N1)	104	204
NA|PP755591.1|A/cattle/Texas/24-008749-003/2024(H5N1)	105	204
NA|PP755591.1|A/cattle/Texas/24-008749-003/2024(H5N1)	106	204
NA|PP755591.1|A/cattle/Texas/24-008749-003/2024(H5N1)	107	202
NA|PP755591.1|A/cattle/Texas/24-008749-003/2024(H5N1)	108	202
NA|PP755591.1|A/cattle/Texas/24-008749-003/2024(H5N1)	109	202
NA|PP755591.1|A/cattle/Texas/24-008749-003/2024(H5N1)	110	202
NA|PP755591.1|A/cattle/Texas/24-008749-003/2024(H5N1)	111	200
NA|PP755591.1|A/cattle/Texas/24-008749-003/2024(H5N1)	112	199
NA|PP755591.1|A/cattle/Texas/24-008749-003/2024(H5N1)	113	198
NA|PP755591.1|A/cattle/Texas/24-008749-003/2024(H5N1)	114	187
NA|PP755591.1|A/cattle/Texas/24-008749-003/2024(H5N1)	115	187
NA|PP755591.1|A/cattle/Texas/24-008749-003/2024(H5N1)	116	187
NA|PP755591.1|A/cattle/Texas/24-008749-003/2024(H5N1)	117	187
NA|PP755591.1|A/cattle/Texas/24-008749-003/2024(H5N1)	118	187
NA|PP755591.1|A/cattle/Texas/24-008749-003/2024(H5N1)	119	187
NA|PP755591.1|A/cattle/Texas/24-008749-003/2024(H5N1)	120	71
NA|PP755591.1|A/cattle/Texas/24-008749-003/2024(H5N1)	121	69
NA|PP755591.1|A/cattle/Texas/24-008749-003/2024(H5N1)	122	69
NA|PP755591.1|A/cattle/Texas/24-008749-003/2024(H5N1)	123	69
NA|PP755591.1|A/cattle/Texas/24-008749-003/2024(H5N1)	124	69
NA|PP755591.1|A/cattle/Texas/24-008749-003/2024(H5N1)	125	69
NA|PP755591.1|A/cattle/Texas/24-008749-003/2024(H5N1)	126	68
NA|PP755591.1|A/cattle/Texas/24-008749-003/2024(H5N1)	127	68
NA|PP755591.1|A/cattle/Texas/24-008749-003/2024(H5N1)	128	68
NA|PP755591.1|A/cattle/Texas/24-008749-003/2024(H5N1)	129	68
NA|PP755591.1|A/cattle/Texas/24-008749-003/2024(H5N1)	130	68
NA|PP755591.1|A/cattle/Texas/24-008749-003/2024(H5N1)	131	68
NA|PP755591.1|A/cattle/Texas/24-008749-003/2024(H5N1)	132	68
NA|PP755591.1|A/cattle/Texas/24-008749-003/2024(H5N1)	133	68
NA|PP755591.1|A/cattle/Texas/24-008749-003/2024(H5N1)	134	68
NA|PP755591.1|A/cattle/Texas/24-008749-003/2024(H5N1)	135	68
NA|PP755591.1|A/cattle/Texas/24-008749-003/2024(H5N1)	136	68
NA|PP755591.1|A/cattle/Texas/24-008749-003/2024(H5N1)	137	68
NA|PP755591.1|A/cattle/Texas/24-008749-003/2024(H5N1)	138	68
NA|PP755591.1|A/cattle/Texas/24-008749-003/2024(H5N1)	139	68
NA|PP755591.1|A/cattle/Texas/24-008749-003/2024(H5N1)	140	68
NA|PP755591.1|A/cattle/Texas/24-008749-003/2024(H5N1)	141	68
NA|PP755591.1|A/cattle/Texas/24-008749-003/2024(H5N1)	142	68
NA|PP755591.1|A/cattle/Texas/24-008749-003/2024(H5N1)	143	86
NA|PP755591.1|A/cattle/Texas/24-008749-003/2024(H5N1)	144	86
NA|PP755591.1|A/cattle/Texas/24-008749-003/2024(H5N1)	145	86
NA|PP755591.1|A/cattle/Texas/24-008749-003/2024(H5N1)	146	86
NA|PP755591.1|A/cattle/Texas/24-008749-003/2024(H5N1)	147	86
NA|PP755591.1|A/cattle/Texas/24-008749-003/2024(H5N1)	148	86
NA|PP755591.1|A/cattle/Texas/24-008749-003/2024(H5N1)	149	86
NA|PP755591.1|A/cattle/Texas/24-008749-003/2024(H5N1)	150	86
NA|PP755591.1|A/cattle/Texas/24-008749-003/2024(H5N1)	151	86
NA|PP755591.1|A/cattle/Texas/24-008749-003/2024(H5N1)	152	86
NA|PP755591.1|A/cattle/Texas/24-008749-003/2024(H5N1)	153	86
NA|PP755591.1|A/cattle/Texas/24-008749-003/2024(H5N1)	154	86
NA|PP755591.1|A/cattle/Texas/24-008749-003/2024(H5N1)	155	86
NA|PP755591.1|A/cattle/Texas/24-008749-003/2024(H5N1)	156	85
NA|PP755591.1|A/cattle/Texas/24-008749-003/2024(H5N1)	157	85
NA|PP755591.1|A/cattle/Texas/24-008749-003/2024(H5N1)	158	86
NA|PP755591.1|A/cattle/Texas/24-008749-003/2024(H5N1)	159	86
NA|PP755591.1|A/cattle/Texas/24-008749-003/2024(H5N1)	160	86
NA|PP755591.1|A/cattle/Texas/24-008749-003/2024(H5N1)	161	86
NA|PP755591.1|A/cattle/Texas/24-008749-003/2024(H5N1)	162	86
NA|PP755591.1|A/cattle/Texas/24-008749-003/2024(H5N1)	163	86
NA|PP755591.1|A/cattle/Texas/24-008749-003/2024(H5N1)	164	86
NA|PP755591.1|A/cattle/Texas/24-008749-003/2024(H5N1)	165	86
NA|PP755591.1|A/cattle/Texas/24-008749-003/2024(H5N1)	166	83
NA|PP755591.1|A/cattle/Texas/24-008749-003/2024(H5N1)	167	83
NA|PP755591.1|A/cattle/Texas/24-008749-003/2024(H5N1)	168	77
NA|PP755591.1|A/cattle/Texas/24-008749-003/2024(H5N1)	169	77
NA|PP755591.1|A/cattle/Texas/24-008749-003/2024(H5N1)	170	77
NA|PP755591.1|A/cattle/Texas/24-008749-003/2024(H5N1)	171	75
NA|PP755591.1|A/cattle/Texas/24-008749-003/2024(H5N1)	172	75
NA|PP755591.1|A/cattle/Texas/24-008749-003/2024(H5N1)	173	75
NA|PP755591.1|A/cattle/Texas/24-008749-003/2024(H5N1)	174	75
NA|PP755591.1|A/cattle/Texas/24-008749-003/2024(H5N1)	175	75
NA|PP755591.1|A/cattle/Texas/24-008749-003/2024(H5N1)	176	74
NA|PP755591.1|A/cattle/Texas/24-008749-003/2024(H5N1)	177	73
NA|PP755591.1|A/cattle/Texas/24-008749-003/2024(H5N1)	178	73
NA|PP755591.1|A/cattle/Texas/24-008749-003/2024(H5N1)	179	73
NA|PP755591.1|A/cattle/Texas/24-008749-003/2024(H5N1)	180	73
NA|PP755591.1|A/cattle/Texas/24-008749-003/2024(H5N1)	181	73
NA|PP755591.1|A/cattle/Texas/24-008749-003/2024(H5N1)	182	73
NA|PP755591.1|A/cattle/Texas/24-008749-003/2024(H5N1)	183	73
NA|PP755591.1|A/cattle/Texas/24-008749-003/2024(H5N1)	184	73
NA|PP755591.1|A/cattle/Texas/24-008749-003/2024(H5N1)	185	73
NA|PP755591.1|A/cattle/Texas/24-008749-003/2024(H5N1)	186	73
NA|PP755591.1|A/cattle/Texas/24-008749-003/2024(H5N1)	187	73
NA|PP755591.1|A/cattle/Texas/24-008749-003/2024(H5N1)	188	73
NA|PP755591.1|A/cattle/Texas/24-008749-003/2024(H5N1)	189	73
NA|PP755591.1|A/cattle/Texas/24-008749-003/2024(H5N1)	190	73
NA|PP755591.1|A/cattle/Texas/24-008749-003/2024(H5N1)	191	73
NA|PP755591.1|A/cattle/Texas/24-008749-003/2024(H5N1)	192	72
NA|PP755591.1|A/cattle/Texas/24-008749-003/2024(H5N1)	193	72
NA|PP755591.1|A/cattle/Texas/24-008749-003/2024(H5N1)	194	72
NA|PP755591.1|A/cattle/Texas/24-008749-003/2024(H5N1)	195	72
NA|PP755591.1|A/cattle/Texas/24-008749-003/2024(H5N1)	196	71
NA|PP755591.1|A/cattle/Texas/24-008749-003/2024(H5N1)	197	70
NA|PP755591.1|A/cattle/Texas/24-008749-003/2024(H5N1)	198	69
NA|PP755591.1|A/cattle/Texas/24-008749-003/2024(H5N1)	199	69
NA|PP755591.1|A/cattle/Texas/24-008749-003/2024(H5N1)	200	69
NA|PP755591.1|A/cattle/Texas/24-008749-003/2024(H5N1)	201	67
NA|PP755591.1|A/cattle/Texas/24-008749-003/2024(H5N1)	202	67
NA|PP755591.1|A/cattle/Texas/24-008749-003/2024(H5N1)	203	61
NA|PP755591.1|A/cattle/Texas/24-008749-003/2024(H5N1)	204	61
NA|PP755591.1|A/cattle/Texas/24-008749-003/2024(H5N1)	205	61
NA|PP755591.1|A/cattle/Texas/24-008749-003/2024(H5N1)	206	60
NA|PP755591.1|A/cattle/Texas/24-008749-003/2024(H5N1)	207	7
NA|PP755591.1|A/cattle/Texas/24-008749-003/2024(H5N1)	208	7
NA|PP755591.1|A/cattle/Texas/24-008749-003/2024(H5N1)	209	7
NA|PP755591.1|A/cattle/Texas/24-008749-003/2024(H5N1)	210	7
NA|PP755591.1|A/cattle/Texas/24-008749-003/2024(H5N1)	211	7
NA|PP755591.1|A/cattle/Texas/24-008749-003/2024(H5N1)	212	7
NA|PP755591.1|A/cattle/Texas/24-008749-003/2024(H5N1)	213	7
NA|PP755591.1|A/cattle/Texas/24-008749-003/2024(H5N1)	214	7
NA|PP755591.1|A/cattle/Texas/24-008749-003/2024(H5N1)	215	7
NA|PP755591.1|A/cattle/Texas/24-008749-003/2024(H5N1)	216	7
NA|PP755591.1|A/cattle/Texas/24-008749-003/2024(H5N1)	217	7
NA|PP755591.1|A/cattle/Texas/24-008749-003/2024(H5N1)	218	7
NA|PP755591.1|A/cattle/Texas/24-008749-003/2024(H5N1)	219	7
NA|PP755591.1|A/cattle/Texas/24-008749-003/2024(H5N1)	220	6
NA|PP755591.1|A/cattle/Texas/24-008749-003/2024(H5N1)	221	6
NA|PP755591.1|A/cattle/Texas/24-008749-003/2024(H5N1)	222	4
NA|PP755591.1|A/cattle/Texas/24-008749-003/2024(H5N1)	223	3
NA|PP755591.1|A/cattle/Texas/24-008749-003/2024(H5N1)	224	3
NA|PP755591.1|A/cattle/Texas/24-008749-003/2024(H5N1)	225	3
NA|PP755591.1|A/cattle/Texas/24-008749-003/2024(H5N1)	226	3
NA|PP755591.1|A/cattle/Texas/24-008749-003/2024(H5N1)	227	3
NA|PP755591.1|A/cattle/Texas/24-008749-003/2024(H5N1)	228	0
NA|PP755591.1|A/cattle/Texas/24-008749-003/2024(H5N1)	229	0
NA|PP755591.1|A/cattle/Texas/24-008749-003/2024(H5N1)	230	0
NA|PP755591.1|A/cattle/Texas/24-008749-003/2024(H5N1)	231	0
NA|PP755591.1|A/cattle/Texas/24-008749-003/2024(H5N1)	232	0
NA|PP755591.1|A/cattle/Texas/24-008749-003/2024(H5N1)	233	0
NA|PP755591.1|A/cattle/Texas/24-008749-003/2024(H5N1)	234	0
NA|PP755591.1|A/cattle/Texas/24-008749-003/2024(H5N1)	235	0
NA|PP755591.1|A/cattle/Texas/24-008749-003/2024(H5N1)	236	0
NA|PP755591.1|A/cattle/Texas/24-008749-003/2024(H5N1)	237	0
NA|PP755591.1|A/cattle/Texas/24-008749-003/2024(H5N1)	238	0
NA|PP755591.1|A/cattle/Texas/24-008749-003/2024(H5N1)	239	0
NA|PP755591.1|A/cattle/Texas/24-008749-003/2024(H5N1)	240	0
NA|PP755591.1|A/cattle/Texas/24-008749-003/2024(H5N1)	241	0
NA|PP755591.1|A/cattle/Texas/24-008749-003/2024(H5N1)	242	0
NA|PP755591.1|A/cattle/Texas/24-008749-003/2024(H5N1)	243	0
NA|PP755591.1|A/cattle/Texas/24-008749-003/2024(H5N1)	244	0
NA|PP755591.1|A/cattle/Texas/24-008749-003/2024(H5N1)	245	0
NA|PP755591.1|A/cattle/Texas/24-008749-003/2024(H5N1)	246	0
NA|PP755591.1|A/cattle/Texas/24-008749-003/2024(H5N1)	247	0
NA|PP755591.1|A/cattle/Texas/24-008749-003/2024(H5N1)	248	0
NA|PP755591.1|A/cattle/Texas/24-008749-003/2024(H5N1)	249	0
NA|PP755591.1|A/cattle/Texas/24-008749-003/2024(H5N1)	250	0
NA|PP755591.1|A/cattle/Texas/24-008749-003/2024(H5N1)	251	0
NA|PP755591.1|A/cattle/Texas/24-008749-003/2024(H5N1)	252	0
NA|PP755591.1|A/cattle/Texas/24-008749-003/2024(H5N1)	253	0
NA|PP755591.1|A/cattle/Texas/24-008749-003/2024(H5N1)	254	0
NA|PP755591.1|A/cattle/Texas/24-008749-003/2024(H5N1)	255	0
NA|PP755591.1|A/cattle/Texas/24-008749-003/2024(H5N1)	256	0
NA|PP755591.1|A/cattle/Texas/24-008749-003/2024(H5N1)	257	0
NA|PP755591.1|A/cattle/Texas/24-008749-003/2024(H5N1)	258	0
NA|PP755591.1|A/cattle/Texas/24-008749-003/2024(H5N1)	259	0
NA|PP755591.1|A/cattle/Texas/24-008749-003/2024(H5N1)	260	0
NA|PP755591.1|A/cattle/Texas/24-008749-003/2024(H5N1)	261	0
NA|PP755591.1|A/cattle/Texas/24-008749-003/2024(H5N1)	262	0
NA|PP755591.1|A/cattle/Texas/24-008749-003/2024(H5N1)	263	0
NA|PP755591.1|A/cattle/Texas/24-008749-003/2024(H5N1)	264	0
NA|PP755591.1|A/cattle/Texas/24-008749-003/2024(H5N1)	265	0
NA|PP755591.1|A/cattle/Texas/24-008749-003/2024(H5N1)	266	0
NA|PP755591.1|A/cattle/Texas/24-008749-003/2024(H5N1)	267	0
NA|PP755591.1|A/cattle/Texas/24-008749-003/2024(H5N1)	268	0
NA|PP755591.1|A/cattle/Texas/24-008749-003/2024(H5N1)	269	0
NA|PP755591.1|A/cattle/Texas/24-008749-003/2024(H5N1)	270	0
NA|PP755591.1|A/cattle/Texas/24-008749-003/2024(H5N1)	271	0
NA|PP755591.1|A/cattle/Texas/24-008749-003/2024(H5N1)	272	0
NA|PP755591.1|A/cattle/Texas/24-008749-003/2024(H5N1)	273	0
NA|PP755591.1|A/cattle/Texas/24-008749-003/2024(H5N1)	274	0
NA|PP755591.1|A/cattle/Texas/24-008749-003/2024(H5N1)	275	0
NA|PP755591.1|A/cattle/Texas/24-008749-003/2024(H5N1)	276	0
NA|PP755591.1|A/cattle/Texas/24-008749-003/2024(H5N1)	277	0
NA|PP755591.1|A/cattle/Texas/24-008749-003/2024(H5N1)	278	0
NA|PP755591.1|A/cattle/Texas/24-008749-003/2024(H5N1)	279	0
NA|PP755591.1|A/cattle/Texas/24-008749-003/2024(H5N1)	280	0
NA|PP755591.1|A/cattle/Texas/24-008749-003/2024(H5N1)	281	0
NA|PP755591.1|A/cattle/Texas/24-008749-003/2024(H5N1)	282	0
NA|PP755591.1|A/cattle/Texas/24-008749-003/2024(H5N1)	283	0
NA|PP755591.1|A/cattle/Texas/24-008749-003/2024(H5N1)	284	0
NA|PP755591.1|A/cattle/Texas/24-008749-003/2024(H5N1)	285	0
NA|PP755591.1|A/cattle/Texas/24-008749-003/2024(H5N1)	286	0
NA|PP755591.1|A/cattle/Texas/24-008749-003/2024(H5N1)	287	0
NA|PP755591.1|A/cattle/Texas/24-008749-003/2024(H5N1)	288	0
NA|PP755591.1|A/cattle/Texas/24-008749-003/2024(H5N1)	289	0
NA|PP755591.1|A/cattle/Texas/24-008749-003/2024(H5N1)	290	0
NA|PP755591.1|A/cattle/Texas/24-008749-003/2024(H5N1)	291	0
NA|PP755591.1|A/cattle/Texas/24-008749-003/2024(H5N1)	292	0
NA|PP755591.1|A/cattle/Texas/24-008749-003/2024(H5N1)	293	0
NA|PP755591.1|A/cattle/Texas/24-008749-003/2024(H5N1)	294	0
NA|PP755591.1|A/cattle/Texas/24-008749-003/2024(H5N1)	295	2
NA|PP755591.1|A/cattle/Texas/24-008749-003/2024(H5N1)	296	2
NA|PP755591.1|A/cattle/Texas/24-008749-003/2024(H5N1)	297	2
NA|PP755591.1|A/cattle/Texas/24-008749-003/2024(H5N1)	298	2
NA|PP755591.1|A/cattle/Texas/24-008749-003/2024(H5N1)	299	2
NA|PP755591.1|A/cattle/Texas/24-008749-003/2024(H5N1)	300	2
NA|PP755591.1|A/cattle/Texas/24-008749-003/2024(H5N1)	301	2
NA|PP755591.1|A/cattle/Texas/24-008749-003/2024(H5N1)	302	2
NA|PP755591.1|A/cattle/Texas/24-008749-003/2024(H5N1)	303	2
NA|PP755591.1|A/cattle/Texas/24-008749-003/2024(H5N1)	304	2
NA|PP755591.1|A/cattle/Texas/24-008749-003/2024(H5N1)	305	2
NA|PP755591.1|A/cattle/Texas/24-008749-003/2024(H5N1)	306	2
NA|PP755591.1|A/cattle/Texas/24-008749-003/2024(H5N1)	307	2
NA|PP755591.1|A/cattle/Texas/24-008749-003/2024(H5N1)	308	2
NA|PP755591.1|A/cattle/Texas/24-008749-003/2024(H5N1)	309	2
NA|PP755591.1|A/cattle/Texas/24-008749-003/2024(H5N1)	310	2
NA|PP755591.1|A/cattle/Texas/24-008749-003/2024(H5N1)	311	2
NA|PP755591.1|A/cattle/Texas/24-008749-003/2024(H5N1)	312	2
NA|PP755591.1|A/cattle/Texas/24-008749-003/2024(H5N1)	313	2
NA|PP755591.1|A/cattle/Texas/24-008749-003/2024(H5N1)	314	2
NA|PP755591.1|A/cattle/Texas/24-008749-003/2024(H5N1)	315	2
NA|PP755591.1|A/cattle/Texas/24-008749-003/2024(H5N1)	316	2
NA|PP755591.1|A/cattle/Texas/24-008749-003/2024(H5N1)	317	2
NA|PP755591.1|A/cattle/Texas/24-008749-003/2024(H5N1)	318	2
NA|PP755591.1|A/cattle/Texas/24-008749-003/2024(H5N1)	319	2
NA|PP755591.1|A/cattle/Texas/24-008749-003/2024(H5N1)	320	2
NA|PP755591.1|A/cattle/Texas/24-008749-003/2024(H5N1)	321	2
NA|PP755591.1|A/cattle/Texas/24-008749-003/2024(H5N1)	322	2
NA|PP755591.1|A/cattle/Texas/24-008749-003/2024(H5N1)	323	2
NA|PP755591.1|A/cattle/Texas/24-008749-003/2024(H5N1)	324	2
NA|PP755591.1|A/cattle/Texas/24-008749-003/2024(H5N1)	325	2
NA|PP755591.1|A/cattle/Texas/24-008749-003/2024(H5N1)	326	2
NA|PP755591.1|A/cattle/Texas/24-008749-003/2024(H5N1)	327	2
NA|PP755591.1|A/cattle/Texas/24-008749-003/2024(H5N1)	328	2
NA|PP755591.1|A/cattle/Texas/24-008749-003/2024(H5N1)	329	2
NA|PP755591.1|A/cattle/Texas/24-008749-003/2024(H5N1)	330	2
NA|PP755591.1|A/cattle/Texas/24-008749-003/2024(H5N1)	331	2
NA|PP755591.1|A/cattle/Texas/24-008749-003/2024(H5N1)	332	2
NA|PP755591.1|A/cattle/Texas/24-008749-003/2024(H5N1)	333	2
NA|PP755591.1|A/cattle/Texas/24-008749-003/2024(H5N1)	334	2
NA|PP755591.1|A/cattle/Texas/24-008749-003/2024(H5N1)	335	2
NA|PP755591.1|A/cattle/Texas/24-008749-003/2024(H5N1)	336	2
NA|PP755591.1|A/cattle/Texas/24-008749-003/2024(H5N1)	337	2
NA|PP755591.1|A/cattle/Texas/24-008749-003/2024(H5N1)	338	2
NA|PP755591.1|A/cattle/Texas/24-008749-003/2024(H5N1)	339	2
NA|PP755591.1|A/cattle/Texas/24-008749-003/2024(H5N1)	340	2
NA|PP755591.1|A/cattle/Texas/24-008749-003/2024(H5N1)	341	2
NA|PP755591.1|A/cattle/Texas/24-008749-003/2024(H5N1)	342	2
NA|PP755591.1|A/cattle/Texas/24-008749-003/2024(H5N1)	343	2
NA|PP755591.1|A/cattle/Texas/24-008749-003/2024(H5N1)	344	2
NA|PP755591.1|A/cattle/Texas/24-008749-003/2024(H5N1)	345	2
NA|PP755591.1|A/cattle/Texas/24-008749-003/2024(H5N1)	346	2
NA|PP755591.1|A/cattle/Texas/24-008749-003/2024(H5N1)	347	2
NA|PP755591.1|A/cattle/Texas/24-008749-003/2024(H5N1)	348	2
NA|PP755591.1|A/cattle/Texas/24-008749-003/2024(H5N1)	349	2
NA|PP755591.1|A/cattle/Texas/24-008749-003/2024(H5N1)	350	2
NA|PP755591.1|A/cattle/Texas/24-008749-003/2024(H5N1)	351	2
NA|PP755591.1|A/cattle/Texas/24-008749-003/2024(H5N1)	352	2
NA|PP755591.1|A/cattle/Texas/24-008749-003/2024(H5N1)	353	2
NA|PP755591.1|A/cattle/Texas/24-008749-003/2024(H5N1)	354	2
NA|PP755591.1|A/cattle/Texas/24-008749-003/2024(H5N1)	355	2
NA|PP755591.1|A/cattle/Texas/24-008749-003/2024(H5N1)	356	2
NA|PP755591.1|A/cattle/Texas/24-008749-003/2024(H5N1)	357	2
NA|PP755591.1|A/cattle/Texas/24-008749-003/2024(H5N1)	358	2
NA|PP755591.1|A/cattle/Texas/24-008749-003/2024(H5N1)	359	2
NA|PP755591.1|A/cattle/Texas/24-008749-003/2024(H5N1)	360	2
NA|PP755591.1|A/cattle/Texas/24-008749-003/2024(H5N1)	361	2
NA|PP755591.1|A/cattle/Texas/24-008749-003/2024(H5N1)	362	2
NA|PP755591.1|A/cattle/Texas/24-008749-003/2024(H5N1)	363	2
NA|PP755591.1|A/cattle/Texas/24-008749-003/2024(H5N1)	364	2
NA|PP755591.1|A/cattle/Texas/24-008749-003/2024(H5N1)	365	2
NA|PP755591.1|A/cattle/Texas/24-008749-003/2024(H5N1)	366	2
NA|PP755591.1|A/cattle/Texas/24-008749-003/2024(H5N1)	367	136
NA|PP755591.1|A/cattle/Texas/24-008749-003/2024(H5N1)	368	136
NA|PP755591.1|A/cattle/Texas/24-008749-003/2024(H5N1)	369	136
NA|PP755591.1|A/cattle/Texas/24-008749-003/2024(H5N1)	370	136
NA|PP755591.1|A/cattle/Texas/24-008749-003/2024(H5N1)	371	136
NA|PP755591.1|A/cattle/Texas/24-008749-003/2024(H5N1)	372	136
NA|PP755591.1|A/cattle/Texas/24-008749-003/2024(H5N1)	373	136
NA|PP755591.1|A/cattle/Texas/24-008749-003/2024(H5N1)	374	136
NA|PP755591.1|A/cattle/Texas/24-008749-003/2024(H5N1)	375	136
NA|PP755591.1|A/cattle/Texas/24-008749-003/2024(H5N1)	376	154
NA|PP755591.1|A/cattle/Texas/24-008749-003/2024(H5N1)	377	155
NA|PP755591.1|A/cattle/Texas/24-008749-003/2024(H5N1)	378	155
NA|PP755591.1|A/cattle/Texas/24-008749-003/2024(H5N1)	379	155
NA|PP755591.1|A/cattle/Texas/24-008749-003/2024(H5N1)	380	155
NA|PP755591.1|A/cattle/Texas/24-008749-003/2024(H5N1)	381	155
NA|PP755591.1|A/cattle/Texas/24-008749-003/2024(H5N1)	382	155
NA|PP755591.1|A/cattle/Texas/24-008749-003/2024(H5N1)	383	155
NA|PP755591.1|A/cattle/Texas/24-008749-003/2024(H5N1)	384	155
NA|PP755591.1|A/cattle/Texas/24-008749-003/2024(H5N1)	385	155
NA|PP755591.1|A/cattle/Texas/24-008749-003/2024(H5N1)	386	155
NA|PP755591.1|A/cattle/Texas/24-008749-003/2024(H5N1)	387	155
NA|PP755591.1|A/cattle/Texas/24-008749-003/2024(H5N1)	388	155
NA|PP755591.1|A/cattle/Texas/24-008749-003/2024(H5N1)	389	155
NA|PP755591.1|A/cattle/Texas/24-008749-003/2024(H5N1)	390	155
NA|PP755591.1|A/cattle/Texas/24-008749-003/2024(H5N1)	391	155
NA|PP755591.1|A/cattle/Texas/24-008749-003/2024(H5N1)	392	155
NA|PP755591.1|A/cattle/Texas/24-008749-003/2024(H5N1)	393	155
NA|PP755591.1|A/cattle/Texas/24-008749-003/2024(H5N1)	394	155
NA|PP755591.1|A/cattle/Texas/24-008749-003/2024(H5N1)	395	155
NA|PP755591.1|A/cattle/Texas/24-008749-003/2024(H5N1)	396	154
NA|PP755591.1|A/cattle/Texas/24-008749-003/2024(H5N1)	397	154
NA|PP755591.1|A/cattle/Texas/24-008749-003/2024(H5N1)	398	154
NA|PP755591.1|A/cattle/Texas/24-008749-003/2024(H5N1)	399	81
NA|PP755591.1|A/cattle/Texas/24-008749-003/2024(H5N1)	400	80
NA|PP755591.1|A/cattle/Texas/24-008749-003/2024(H5N1)	401	80
NA|PP755591.1|A/cattle/Texas/24-008749-003/2024(H5N1)	402	80
NA|PP755591.1|A/cattle/Texas/24-008749-003/2024(H5N1)	403	80
NA|PP755591.1|A/cattle/Texas/24-008749-003/2024(H5N1)	404	80
NA|PP755591.1|A/cattle/Texas/24-008749-003/2024(H5N1)	405	80
NA|PP755591.1|A/cattle/Texas/24-008749-003/2024(H5N1)	406	80
NA|PP755591.1|A/cattle/Texas/24-008749-003/2024(H5N1)	407	80
NA|PP755591.1|A/cattle/Texas/24-008749-003/2024(H5N1)	408	80
NA|PP755591.1|A/cattle/Texas/24-008749-003/2024(H5N1)	409	80
NA|PP755591.1|A/cattle/Texas/24-008749-003/2024(H5N1)	410	80
NA|PP755591.1|A/cattle/Texas/24-008749-003/2024(H5N1)	411	80
NA|PP755591.1|A/cattle/Texas/24-008749-003/2024(H5N1)	412	84
NA|PP755591.1|A/cattle/Texas/24-008749-003/2024(H5N1)	413	87
NA|PP755591.1|A/cattle/Texas/24-008749-003/2024(H5N1)	414	87
NA|PP755591.1|A/cattle/Texas/24-008749-003/2024(H5N1)	415	87
NA|PP755591.1|A/cattle/Texas/24-008749-003/2024(H5N1)	416	87
NA|PP755591.1|A/cattle/Texas/24-008749-003/2024(H5N1)	417	101
NA|PP755591.1|A/cattle/Texas/24-008749-003/2024(H5N1)	418	108
NA|PP755591.1|A/cattle/Texas/24-008749-003/2024(H5N1)	419	143
NA|PP755591.1|A/cattle/Texas/24-008749-003/2024(H5N1)	420	143
NA|PP755591.1|A/cattle/Texas/24-008749-003/2024(H5N1)	421	143
NA|PP755591.1|A/cattle/Texas/24-008749-003/2024(H5N1)	422	146
NA|PP755591.1|A/cattle/Texas/24-008749-003/2024(H5N1)	423	148
NA|PP755591.1|A/cattle/Texas/24-008749-003/2024(H5N1)	424	149
NA|PP755591.1|A/cattle/Texas/24-008749-003/2024(H5N1)	425	149
NA|PP755591.1|A/cattle/Texas/24-008749-003/2024(H5N1)	426	149
NA|PP755591.1|A/cattle/Texas/24-008749-003/2024(H5N1)	427	149
NA|PP755591.1|A/cattle/Texas/24-008749-003/2024(H5N1)	428	149
NA|PP755591.1|A/cattle/Texas/24-008749-003/2024(H5N1)	429	152
NA|PP755591.1|A/cattle/Texas/24-008749-003/2024(H5N1)	430	153
NA|PP755591.1|A/cattle/Texas/24-008749-003/2024(H5N1)	431	153
NA|PP755591.1|A/cattle/Texas/24-008749-003/2024(H5N1)	432	158
NA|PP755591.1|A/cattle/Texas/24-008749-003/2024(H5N1)	433	161
NA|PP755591.1|A/cattle/Texas/24-008749-003/2024(H5N1)	434	162
NA|PP755591.1|A/cattle/Texas/24-008749-003/2024(H5N1)	435	162
NA|PP755591.1|A/cattle/Texas/24-008749-003/2024(H5N1)	436	162
NA|PP755591.1|A/cattle/Texas/24-008749-003/2024(H5N1)	437	163
NA|PP755591.1|A/cattle/Texas/24-008749-003/2024(H5N1)	438	164
NA|PP755591.1|A/cattle/Texas/24-008749-003/2024(H5N1)	439	164
NA|PP755591.1|A/cattle/Texas/24-008749-003/2024(H5N1)	440	164
NA|PP755591.1|A/cattle/Texas/24-008749-003/2024(H5N1)	441	163
NA|PP755591.1|A/cattle/Texas/24-008749-003/2024(H5N1)	442	164
NA|PP755591.1|A/cattle/Texas/24-008749-003/2024(H5N1)	443	167
NA|PP755591.1|A/cattle/Texas/24-008749-003/2024(H5N1)	444	167
NA|PP755591.1|A/cattle/Texas/24-008749-003/2024(H5N1)	445	204
NA|PP755591.1|A/cattle/Texas/24-008749-003/2024(H5N1)	446	204
NA|PP755591.1|A/cattle/Texas/24-008749-003/2024(H5N1)	447	210
NA|PP755591.1|A/cattle/Texas/24-008749-003/2024(H5N1)	448	210
NA|PP755591.1|A/cattle/Texas/24-008749-003/2024(H5N1)	449	210
NA|PP755591.1|A/cattle/Texas/24-008749-003/2024(H5N1)	450	210
NA|PP755591.1|A/cattle/Texas/24-008749-003/2024(H5N1)	451	213
NA|PP755591.1|A/cattle/Texas/24-008749-003/2024(H5N1)	452	217
NA|PP755591.1|A/cattle/Texas/24-008749-003/2024(H5N1)	453	217
NA|PP755591.1|A/cattle/Texas/24-008749-003/2024(H5N1)	454	226
NA|PP755591.1|A/cattle/Texas/24-008749-003/2024(H5N1)	455	226
NA|PP755591.1|A/cattle/Texas/24-008749-003/2024(H5N1)	456	248
NA|PP755591.1|A/cattle/Texas/24-008749-003/2024(H5N1)	457	249
NA|PP755591.1|A/cattle/Texas/24-008749-003/2024(H5N1)	458	249
NA|PP755591.1|A/cattle/Texas/24-008749-003/2024(H5N1)	459	268
NA|PP755591.1|A/cattle/Texas/24-008749-003/2024(H5N1)	460	268
NA|PP755591.1|A/cattle/Texas/24-008749-003/2024(H5N1)	461	274
NA|PP755591.1|A/cattle/Texas/24-008749-003/2024(H5N1)	462	274
NA|PP755591.1|A/cattle/Texas/24-008749-003/2024(H5N1)	463	276
NA|PP755591.1|A/cattle/Texas/24-008749-003/2024(H5N1)	464	287
NA|PP755591.1|A/cattle/Texas/24-008749-003/2024(H5N1)	465	279
NA|PP755591.1|A/cattle/Texas/24-008749-003/2024(H5N1)	466	279
NA|PP755591.1|A/cattle/Texas/24-008749-003/2024(H5N1)	467	280
NA|PP755591.1|A/cattle/Texas/24-008749-003/2024(H5N1)	468	279
NA|PP755591.1|A/cattle/Texas/24-008749-003/2024(H5N1)	469	277
NA|PP755591.1|A/cattle/Texas/24-008749-003/2024(H5N1)	470	274
NA|PP755591.1|A/cattle/Texas/24-008749-003/2024(H5N1)	471	238
NA|PP755591.1|A/cattle/Texas/24-008749-003/2024(H5N1)	472	255
NA|PP755591.1|A/cattle/Texas/24-008749-003/2024(H5N1)	473	269
NA|PP755591.1|A/cattle/Texas/24-008749-003/2024(H5N1)	474	271
NA|PP755591.1|A/cattle/Texas/24-008749-003/2024(H5N1)	475	272
NA|PP755591.1|A/cattle/Texas/24-008749-003/2024(H5N1)	476	272
NA|PP755591.1|A/cattle/Texas/24-008749-003/2024(H5N1)	477	275
NA|PP755591.1|A/cattle/Texas/24-008749-003/2024(H5N1)	478	274
NA|PP755591.1|A/cattle/Texas/24-008749-003/2024(H5N1)	479	282
NA|PP755591.1|A/cattle/Texas/24-008749-003/2024(H5N1)	480	282
NA|PP755591.1|A/cattle/Texas/24-008749-003/2024(H5N1)	481	283
NA|PP755591.1|A/cattle/Texas/24-008749-003/2024(H5N1)	482	297
NA|PP755591.1|A/cattle/Texas/24-008749-003/2024(H5N1)	483	302
NA|PP755591.1|A/cattle/Texas/24-008749-003/2024(H5N1)	484	302
NA|PP755591.1|A/cattle/Texas/24-008749-003/2024(H5N1)	485	302
NA|PP755591.1|A/cattle/Texas/24-008749-003/2024(H5N1)	486	302
NA|PP755591.1|A/cattle/Texas/24-008749-003/2024(H5N1)	487	302
NA|PP755591.1|A/cattle/Texas/24-008749-003/2024(H5N1)	488	308
NA|PP755591.1|A/cattle/Texas/24-008749-003/2024(H5N1)	489	308
NA|PP755591.1|A/cattle/Texas/24-008749-003/2024(H5N1)	490	313
NA|PP755591.1|A/cattle/Texas/24-008749-003/2024(H5N1)	491	315
NA|PP755591.1|A/cattle/Texas/24-008749-003/2024(H5N1)	492	319
NA|PP755591.1|A/cattle/Texas/24-008749-003/2024(H5N1)	493	319
NA|PP755591.1|A/cattle/Texas/24-008749-003/2024(H5N1)	494	321
NA|PP755591.1|A/cattle/Texas/24-008749-003/2024(H5N1)	495	323
NA|PP755591.1|A/cattle/Texas/24-008749-003/2024(H5N1)	496	327
NA|PP755591.1|A/cattle/Texas/24-008749-003/2024(H5N1)	497	329
NA|PP755591.1|A/cattle/Texas/24-008749-003/2024(H5N1)	498	329
NA|PP755591.1|A/cattle/Texas/24-008749-003/2024(H5N1)	499	333
NA|PP755591.1|A/cattle/Texas/24-008749-003/2024(H5N1)	500	333
NA|PP755591.1|A/cattle/Texas/24-008749-003/2024(H5N1)	501	335
NA|PP755591.1|A/cattle/Texas/24-008749-003/2024(H5N1)	502	350
NA|PP755591.1|A/cattle/Texas/24-008749-003/2024(H5N1)	503	350
NA|PP755591.1|A/cattle/Texas/24-008749-003/2024(H5N1)	504	341
NA|PP755591.1|A/cattle/Texas/24-008749-003/2024(H5N1)	505	350
NA|PP755591.1|A/cattle/Texas/24-008749-003/2024(H5N1)	506	350
NA|PP755591.1|A/cattle/Texas/24-008749-003/2024(H5N1)	507	357
NA|PP755591.1|A/cattle/Texas/24-008749-003/2024(H5N1)	508	376
NA|PP755591.1|A/cattle/Texas/24-008749-003/2024(H5N1)	509	379
NA|PP755591.1|A/cattle/Texas/24-008749-003/2024(H5N1)	510	379
NA|PP755591.1|A/cattle/Texas/24-008749-003/2024(H5N1)	511	379
NA|PP755591.1|A/cattle/Texas/24-008749-003/2024(H5N1)	512	387
NA|PP755591.1|A/cattle/Texas/24-008749-003/2024(H5N1)	513	387
NA|PP755591.1|A/cattle/Texas/24-008749-003/2024(H5N1)	514	387
NA|PP755591.1|A/cattle/Texas/24-008749-003/2024(H5N1)	515	387
NA|PP755591.1|A/cattle/Texas/24-008749-003/2024(H5N1)	516	387
NA|PP755591.1|A/cattle/Texas/24-008749-003/2024(H5N1)	517	388
NA|PP755591.1|A/cattle/Texas/24-008749-003/2024(H5N1)	518	389
NA|PP755591.1|A/cattle/Texas/24-008749-003/2024(H5N1)	519	395
NA|PP755591.1|A/cattle/Texas/24-008749-003/2024(H5N1)	520	414
NA|PP755591.1|A/cattle/Texas/24-008749-003/2024(H5N1)	521	414
NA|PP755591.1|A/cattle/Texas/24-008749-003/2024(H5N1)	522	415
NA|PP755591.1|A/cattle/Texas/24-008749-003/2024(H5N1)	523	416
NA|PP755591.1|A/cattle/Texas/24-008749-003/2024(H5N1)	524	416
NA|PP755591.1|A/cattle/Texas/24-008749-003/2024(H5N1)	525	413
NA|PP755591.1|A/cattle/Texas/24-008749-003/2024(H5N1)	526	415
NA|PP755591.1|A/cattle/Texas/24-008749-003/2024(H5N1)	527	404
NA|PP755591.1|A/cattle/Texas/24-008749-003/2024(H5N1)	528	403
NA|PP755591.1|A/cattle/Texas/24-008749-003/2024(H5N1)	529	406
NA|PP755591.1|A/cattle/Texas/24-008749-003/2024(H5N1)	530	406
NA|PP755591.1|A/cattle/Texas/24-008749-003/2024(H5N1)	531	407
NA|PP755591.1|A/cattle/Texas/24-008749-003/2024(H5N1)	532	408
NA|PP755591.1|A/cattle/Texas/24-008749-003/2024(H5N1)	533	412
NA|PP755591.1|A/cattle/Texas/24-008749-003/2024(H5N1)	534	418
NA|PP755591.1|A/cattle/Texas/24-008749-003/2024(H5N1)	535	419
NA|PP755591.1|A/cattle/Texas/24-008749-003/2024(H5N1)	536	419
NA|PP755591.1|A/cattle/Texas/24-008749-003/2024(H5N1)	537	426
NA|PP755591.1|A/cattle/Texas/24-008749-003/2024(H5N1)	538	426
NA|PP755591.1|A/cattle/Texas/24-008749-003/2024(H5N1)	539	428
NA|PP755591.1|A/cattle/Texas/24-008749-003/2024(H5N1)	540	429
NA|PP755591.1|A/cattle/Texas/24-008749-003/2024(H5N1)	541	430
NA|PP755591.1|A/cattle/Texas/24-008749-003/2024(H5N1)	542	446
NA|PP755591.1|A/cattle/Texas/24-008749-003/2024(H5N1)	543	446
NA|PP755591.1|A/cattle/Texas/24-008749-003/2024(H5N1)	544	446
NA|PP755591.1|A/cattle/Texas/24-008749-003/2024(H5N1)	545	453
NA|PP755591.1|A/cattle/Texas/24-008749-003/2024(H5N1)	546	455
NA|PP755591.1|A/cattle/Texas/24-008749-003/2024(H5N1)	547	455
NA|PP755591.1|A/cattle/Texas/24-008749-003/2024(H5N1)	548	452
NA|PP755591.1|A/cattle/Texas/24-008749-003/2024(H5N1)	549	451
NA|PP755591.1|A/cattle/Texas/24-008749-003/2024(H5N1)	550	450
NA|PP755591.1|A/cattle/Texas/24-008749-003/2024(H5N1)	551	450
NA|PP755591.1|A/cattle/Texas/24-008749-003/2024(H5N1)	552	451
NA|PP755591.1|A/cattle/Texas/24-008749-003/2024(H5N1)	553	447
NA|PP755591.1|A/cattle/Texas/24-008749-003/2024(H5N1)	554	443
NA|PP755591.1|A/cattle/Texas/24-008749-003/2024(H5N1)	555	439
NA|PP755591.1|A/cattle/Texas/24-008749-003/2024(H5N1)	556	440
NA|PP755591.1|A/cattle/Texas/24-008749-003/2024(H5N1)	557	447
NA|PP755591.1|A/cattle/Texas/24-008749-003/2024(H5N1)	558	447
NA|PP755591.1|A/cattle/Texas/24-008749-003/2024(H5N1)	559	449
NA|PP755591.1|A/cattle/Texas/24-008749-003/2024(H5N1)	560	449
NA|PP755591.1|A/cattle/Texas/24-008749-003/2024(H5N1)	561	443
NA|PP755591.1|A/cattle/Texas/24-008749-003/2024(H5N1)	562	443
NA|PP755591.1|A/cattle/Texas/24-008749-003/2024(H5N1)	563	439
NA|PP755591.1|A/cattle/Texas/24-008749-003/2024(H5N1)	564	436
NA|PP755591.1|A/cattle/Texas/24-008749-003/2024(H5N1)	565	439
NA|PP755591.1|A/cattle/Texas/24-008749-003/2024(H5N1)	566	440
NA|PP755591.1|A/cattle/Texas/24-008749-003/2024(H5N1)	567	442
NA|PP755591.1|A/cattle/Texas/24-008749-003/2024(H5N1)	568	423
NA|PP755591.1|A/cattle/Texas/24-008749-003/2024(H5N1)	569	422
NA|PP755591.1|A/cattle/Texas/24-008749-003/2024(H5N1)	570	422
NA|PP755591.1|A/cattle/Texas/24-008749-003/2024(H5N1)	571	425
NA|PP755591.1|A/cattle/Texas/24-008749-003/2024(H5N1)	572	426
NA|PP755591.1|A/cattle/Texas/24-008749-003/2024(H5N1)	573	423
NA|PP755591.1|A/cattle/Texas/24-008749-003/2024(H5N1)	574	421
NA|PP755591.1|A/cattle/Texas/24-008749-003/2024(H5N1)	575	420
NA|PP755591.1|A/cattle/Texas/24-008749-003/2024(H5N1)	576	420
NA|PP755591.1|A/cattle/Texas/24-008749-003/2024(H5N1)	577	420
NA|PP755591.1|A/cattle/Texas/24-008749-003/2024(H5N1)	578	420
NA|PP755591.1|A/cattle/Texas/24-008749-003/2024(H5N1)	579	419
NA|PP755591.1|A/cattle/Texas/24-008749-003/2024(H5N1)	580	423
NA|PP755591.1|A/cattle/Texas/24-008749-003/2024(H5N1)	581	423
NA|PP755591.1|A/cattle/Texas/24-008749-003/2024(H5N1)	582	423
NA|PP755591.1|A/cattle/Texas/24-008749-003/2024(H5N1)	583	418
NA|PP755591.1|A/cattle/Texas/24-008749-003/2024(H5N1)	584	418
NA|PP755591.1|A/cattle/Texas/24-008749-003/2024(H5N1)	585	419
NA|PP755591.1|A/cattle/Texas/24-008749-003/2024(H5N1)	586	429
NA|PP755591.1|A/cattle/Texas/24-008749-003/2024(H5N1)	587	429
NA|PP755591.1|A/cattle/Texas/24-008749-003/2024(H5N1)	588	428
NA|PP755591.1|A/cattle/Texas/24-008749-003/2024(H5N1)	589	427
NA|PP755591.1|A/cattle/Texas/24-008749-003/2024(H5N1)	590	427
NA|PP755591.1|A/cattle/Texas/24-008749-003/2024(H5N1)	591	425
NA|PP755591.1|A/cattle/Texas/24-008749-003/2024(H5N1)	592	431
NA|PP755591.1|A/cattle/Texas/24-008749-003/2024(H5N1)	593	428
NA|PP755591.1|A/cattle/Texas/24-008749-003/2024(H5N1)	594	428
NA|PP755591.1|A/cattle/Texas/24-008749-003/2024(H5N1)	595	429
NA|PP755591.1|A/cattle/Texas/24-008749-003/2024(H5N1)	596	396
NA|PP755591.1|A/cattle/Texas/24-008749-003/2024(H5N1)	597	396
NA|PP755591.1|A/cattle/Texas/24-008749-003/2024(H5N1)	598	387
NA|PP755591.1|A/cattle/Texas/24-008749-003/2024(H5N1)	599	387
NA|PP755591.1|A/cattle/Texas/24-008749-003/2024(H5N1)	600	387
NA|PP755591.1|A/cattle/Texas/24-008749-003/2024(H5N1)	601	384
NA|PP755591.1|A/cattle/Texas/24-008749-003/2024(H5N1)	602	381
NA|PP755591.1|A/cattle/Texas/24-008749-003/2024(H5N1)	603	371
NA|PP755591.1|A/cattle/Texas/24-008749-003/2024(H5N1)	604	367
NA|PP755591.1|A/cattle/Texas/24-008749-003/2024(H5N1)	605	357
NA|PP755591.1|A/cattle/Texas/24-008749-003/2024(H5N1)	606	346
NA|PP755591.1|A/cattle/Texas/24-008749-003/2024(H5N1)	607	368
NA|PP755591.1|A/cattle/Texas/24-008749-003/2024(H5N1)	608	368
NA|PP755591.1|A/cattle/Texas/24-008749-003/2024(H5N1)	609	368
NA|PP755591.1|A/cattle/Texas/24-008749-003/2024(H5N1)	610	351
NA|PP755591.1|A/cattle/Texas/24-008749-003/2024(H5N1)	611	342
NA|PP755591.1|A/cattle/Texas/24-008749-003/2024(H5N1)	612	335
NA|PP755591.1|A/cattle/Texas/24-008749-003/2024(H5N1)	613	343
NA|PP755591.1|A/cattle/Texas/24-008749-003/2024(H5N1)	614	343
NA|PP755591.1|A/cattle/Texas/24-008749-003/2024(H5N1)	615	345
NA|PP755591.1|A/cattle/Texas/24-008749-003/2024(H5N1)	616	348
NA|PP755591.1|A/cattle/Texas/24-008749-003/2024(H5N1)	617	348
NA|PP755591.1|A/cattle/Texas/24-008749-003/2024(H5N1)	618	347
NA|PP755591.1|A/cattle/Texas/24-008749-003/2024(H5N1)	619	346
NA|PP755591.1|A/cattle/Texas/24-008749-003/2024(H5N1)	620	335
NA|PP755591.1|A/cattle/Texas/24-008749-003/2024(H5N1)	621	335
NA|PP755591.1|A/cattle/Texas/24-008749-003/2024(H5N1)	622	339
NA|PP755591.1|A/cattle/Texas/24-008749-003/2024(H5N1)	623	322
NA|PP755591.1|A/cattle/Texas/24-008749-003/2024(H5N1)	624	322
NA|PP755591.1|A/cattle/Texas/24-008749-003/2024(H5N1)	625	321
NA|PP755591.1|A/cattle/Texas/24-008749-003/2024(H5N1)	626	321
NA|PP755591.1|A/cattle/Texas/24-008749-003/2024(H5N1)	627	320
NA|PP755591.1|A/cattle/Texas/24-008749-003/2024(H5N1)	628	318
NA|PP755591.1|A/cattle/Texas/24-008749-003/2024(H5N1)	629	320
NA|PP755591.1|A/cattle/Texas/24-008749-003/2024(H5N1)	630	310
NA|PP755591.1|A/cattle/Texas/24-008749-003/2024(H5N1)	631	310
NA|PP755591.1|A/cattle/Texas/24-008749-003/2024(H5N1)	632	309
NA|PP755591.1|A/cattle/Texas/24-008749-003/2024(H5N1)	633	297
NA|PP755591.1|A/cattle/Texas/24-008749-003/2024(H5N1)	634	297
NA|PP755591.1|A/cattle/Texas/24-008749-003/2024(H5N1)	635	297
NA|PP755591.1|A/cattle/Texas/24-008749-003/2024(H5N1)	636	297
NA|PP755591.1|A/cattle/Texas/24-008749-003/2024(H5N1)	637	297
NA|PP755591.1|A/cattle/Texas/24-008749-003/2024(H5N1)	638	294
NA|PP755591.1|A/cattle/Texas/24-008749-003/2024(H5N1)	639	289
NA|PP755591.1|A/cattle/Texas/24-008749-003/2024(H5N1)	640	291
NA|PP755591.1|A/cattle/Texas/24-008749-003/2024(H5N1)	641	295
NA|PP755591.1|A/cattle/Texas/24-008749-003/2024(H5N1)	642	294
NA|PP755591.1|A/cattle/Texas/24-008749-003/2024(H5N1)	643	290
NA|PP755591.1|A/cattle/Texas/24-008749-003/2024(H5N1)	644	288
NA|PP755591.1|A/cattle/Texas/24-008749-003/2024(H5N1)	645	286
NA|PP755591.1|A/cattle/Texas/24-008749-003/2024(H5N1)	646	286
NA|PP755591.1|A/cattle/Texas/24-008749-003/2024(H5N1)	647	283
NA|PP755591.1|A/cattle/Texas/24-008749-003/2024(H5N1)	648	282
NA|PP755591.1|A/cattle/Texas/24-008749-003/2024(H5N1)	649	302
NA|PP755591.1|A/cattle/Texas/24-008749-003/2024(H5N1)	650	298
NA|PP755591.1|A/cattle/Texas/24-008749-003/2024(H5N1)	651	300
NA|PP755591.1|A/cattle/Texas/24-008749-003/2024(H5N1)	652	298
NA|PP755591.1|A/cattle/Texas/24-008749-003/2024(H5N1)	653	283
NA|PP755591.1|A/cattle/Texas/24-008749-003/2024(H5N1)	654	270
NA|PP755591.1|A/cattle/Texas/24-008749-003/2024(H5N1)	655	264
NA|PP755591.1|A/cattle/Texas/24-008749-003/2024(H5N1)	656	255
NA|PP755591.1|A/cattle/Texas/24-008749-003/2024(H5N1)	657	254
NA|PP755591.1|A/cattle/Texas/24-008749-003/2024(H5N1)	658	246
NA|PP755591.1|A/cattle/Texas/24-008749-003/2024(H5N1)	659	246
NA|PP755591.1|A/cattle/Texas/24-008749-003/2024(H5N1)	660	243
NA|PP755591.1|A/cattle/Texas/24-008749-003/2024(H5N1)	661	243
NA|PP755591.1|A/cattle/Texas/24-008749-003/2024(H5N1)	662	219
NA|PP755591.1|A/cattle/Texas/24-008749-003/2024(H5N1)	663	213
NA|PP755591.1|A/cattle/Texas/24-008749-003/2024(H5N1)	664	213
NA|PP755591.1|A/cattle/Texas/24-008749-003/2024(H5N1)	665	213
NA|PP755591.1|A/cattle/Texas/24-008749-003/2024(H5N1)	666	213
NA|PP755591.1|A/cattle/Texas/24-008749-003/2024(H5N1)	667	213
NA|PP755591.1|A/cattle/Texas/24-008749-003/2024(H5N1)	668	213
NA|PP755591.1|A/cattle/Texas/24-008749-003/2024(H5N1)	669	210
NA|PP755591.1|A/cattle/Texas/24-008749-003/2024(H5N1)	670	238
NA|PP755591.1|A/cattle/Texas/24-008749-003/2024(H5N1)	671	238
NA|PP755591.1|A/cattle/Texas/24-008749-003/2024(H5N1)	672	238
NA|PP755591.1|A/cattle/Texas/24-008749-003/2024(H5N1)	673	238
NA|PP755591.1|A/cattle/Texas/24-008749-003/2024(H5N1)	674	237
NA|PP755591.1|A/cattle/Texas/24-008749-003/2024(H5N1)	675	235
NA|PP755591.1|A/cattle/Texas/24-008749-003/2024(H5N1)	676	233
NA|PP755591.1|A/cattle/Texas/24-008749-003/2024(H5N1)	677	233
NA|PP755591.1|A/cattle/Texas/24-008749-003/2024(H5N1)	678	231
NA|PP755591.1|A/cattle/Texas/24-008749-003/2024(H5N1)	679	239
NA|PP755591.1|A/cattle/Texas/24-008749-003/2024(H5N1)	680	239
NA|PP755591.1|A/cattle/Texas/24-008749-003/2024(H5N1)	681	239
NA|PP755591.1|A/cattle/Texas/24-008749-003/2024(H5N1)	682	238
NA|PP755591.1|A/cattle/Texas/24-008749-003/2024(H5N1)	683	231
NA|PP755591.1|A/cattle/Texas/24-008749-003/2024(H5N1)	684	231
NA|PP755591.1|A/cattle/Texas/24-008749-003/2024(H5N1)	685	248
NA|PP755591.1|A/cattle/Texas/24-008749-003/2024(H5N1)	686	244
NA|PP755591.1|A/cattle/Texas/24-008749-003/2024(H5N1)	687	244
NA|PP755591.1|A/cattle/Texas/24-008749-003/2024(H5N1)	688	244
NA|PP755591.1|A/cattle/Texas/24-008749-003/2024(H5N1)	689	244
NA|PP755591.1|A/cattle/Texas/24-008749-003/2024(H5N1)	690	242
NA|PP755591.1|A/cattle/Texas/24-008749-003/2024(H5N1)	691	239
NA|PP755591.1|A/cattle/Texas/24-008749-003/2024(H5N1)	692	238
NA|PP755591.1|A/cattle/Texas/24-008749-003/2024(H5N1)	693	219
NA|PP755591.1|A/cattle/Texas/24-008749-003/2024(H5N1)	694	219
NA|PP755591.1|A/cattle/Texas/24-008749-003/2024(H5N1)	695	212
NA|PP755591.1|A/cattle/Texas/24-008749-003/2024(H5N1)	696	173
NA|PP755591.1|A/cattle/Texas/24-008749-003/2024(H5N1)	697	173
NA|PP755591.1|A/cattle/Texas/24-008749-003/2024(H5N1)	698	173
NA|PP755591.1|A/cattle/Texas/24-008749-003/2024(H5N1)	699	173
NA|PP755591.1|A/cattle/Texas/24-008749-003/2024(H5N1)	700	173
NA|PP755591.1|A/cattle/Texas/24-008749-003/2024(H5N1)	701	173
NA|PP755591.1|A/cattle/Texas/24-008749-003/2024(H5N1)	702	173
NA|PP755591.1|A/cattle/Texas/24-008749-003/2024(H5N1)	703	173
NA|PP755591.1|A/cattle/Texas/24-008749-003/2024(H5N1)	704	173
NA|PP755591.1|A/cattle/Texas/24-008749-003/2024(H5N1)	705	175
NA|PP755591.1|A/cattle/Texas/24-008749-003/2024(H5N1)	706	178
NA|PP755591.1|A/cattle/Texas/24-008749-003/2024(H5N1)	707	178
NA|PP755591.1|A/cattle/Texas/24-008749-003/2024(H5N1)	708	178
NA|PP755591.1|A/cattle/Texas/24-008749-003/2024(H5N1)	709	178
NA|PP755591.1|A/cattle/Texas/24-008749-003/2024(H5N1)	710	178
NA|PP755591.1|A/cattle/Texas/24-008749-003/2024(H5N1)	711	178
NA|PP755591.1|A/cattle/Texas/24-008749-003/2024(H5N1)	712	179
NA|PP755591.1|A/cattle/Texas/24-008749-003/2024(H5N1)	713	182
NA|PP755591.1|A/cattle/Texas/24-008749-003/2024(H5N1)	714	183
NA|PP755591.1|A/cattle/Texas/24-008749-003/2024(H5N1)	715	184
NA|PP755591.1|A/cattle/Texas/24-008749-003/2024(H5N1)	716	184
NA|PP755591.1|A/cattle/Texas/24-008749-003/2024(H5N1)	717	184
NA|PP755591.1|A/cattle/Texas/24-008749-003/2024(H5N1)	718	196
NA|PP755591.1|A/cattle/Texas/24-008749-003/2024(H5N1)	719	222
NA|PP755591.1|A/cattle/Texas/24-008749-003/2024(H5N1)	720	222
NA|PP755591.1|A/cattle/Texas/24-008749-003/2024(H5N1)	721	223
NA|PP755591.1|A/cattle/Texas/24-008749-003/2024(H5N1)	722	270
NA|PP755591.1|A/cattle/Texas/24-008749-003/2024(H5N1)	723	273
NA|PP755591.1|A/cattle/Texas/24-008749-003/2024(H5N1)	724	274
NA|PP755591.1|A/cattle/Texas/24-008749-003/2024(H5N1)	725	276
NA|PP755591.1|A/cattle/Texas/24-008749-003/2024(H5N1)	726	277
NA|PP755591.1|A/cattle/Texas/24-008749-003/2024(H5N1)	727	279
NA|PP755591.1|A/cattle/Texas/24-008749-003/2024(H5N1)	728	304
NA|PP755591.1|A/cattle/Texas/24-008749-003/2024(H5N1)	729	304
NA|PP755591.1|A/cattle/Texas/24-008749-003/2024(H5N1)	730	304
NA|PP755591.1|A/cattle/Texas/24-008749-003/2024(H5N1)	731	312
NA|PP755591.1|A/cattle/Texas/24-008749-003/2024(H5N1)	732	312
NA|PP755591.1|A/cattle/Texas/24-008749-003/2024(H5N1)	733	312
NA|PP755591.1|A/cattle/Texas/24-008749-003/2024(H5N1)	734	312
NA|PP755591.1|A/cattle/Texas/24-008749-003/2024(H5N1)	735	308
NA|PP755591.1|A/cattle/Texas/24-008749-003/2024(H5N1)	736	307
NA|PP755591.1|A/cattle/Texas/24-008749-003/2024(H5N1)	737	297
NA|PP755591.1|A/cattle/Texas/24-008749-003/2024(H5N1)	738	259
NA|PP755591.1|A/cattle/Texas/24-008749-003/2024(H5N1)	739	266
NA|PP755591.1|A/cattle/Texas/24-008749-003/2024(H5N1)	740	266
NA|PP755591.1|A/cattle/Texas/24-008749-003/2024(H5N1)	741	266
NA|PP755591.1|A/cattle/Texas/24-008749-003/2024(H5N1)	742	266
NA|PP755591.1|A/cattle/Texas/24-008749-003/2024(H5N1)	743	267
NA|PP755591.1|A/cattle/Texas/24-008749-003/2024(H5N1)	744	267
NA|PP755591.1|A/cattle/Texas/24-008749-003/2024(H5N1)	745	267
NA|PP755591.1|A/cattle/Texas/24-008749-003/2024(H5N1)	746	267
NA|PP755591.1|A/cattle/Texas/24-008749-003/2024(H5N1)	747	267
NA|PP755591.1|A/cattle/Texas/24-008749-003/2024(H5N1)	748	267
NA|PP755591.1|A/cattle/Texas/24-008749-003/2024(H5N1)	749	267
NA|PP755591.1|A/cattle/Texas/24-008749-003/2024(H5N1)	750	267
NA|PP755591.1|A/cattle/Texas/24-008749-003/2024(H5N1)	751	267
NA|PP755591.1|A/cattle/Texas/24-008749-003/2024(H5N1)	752	267
NA|PP755591.1|A/cattle/Texas/24-008749-003/2024(H5N1)	753	267
NA|PP755591.1|A/cattle/Texas/24-008749-003/2024(H5N1)	754	267
NA|PP755591.1|A/cattle/Texas/24-008749-003/2024(H5N1)	755	267
NA|PP755591.1|A/cattle/Texas/24-008749-003/2024(H5N1)	756	267
NA|PP755591.1|A/cattle/Texas/24-008749-003/2024(H5N1)	757	267
NA|PP755591.1|A/cattle/Texas/24-008749-003/2024(H5N1)	758	267
NA|PP755591.1|A/cattle/Texas/24-008749-003/2024(H5N1)	759	259
NA|PP755591.1|A/cattle/Texas/24-008749-003/2024(H5N1)	760	259
NA|PP755591.1|A/cattle/Texas/24-008749-003/2024(H5N1)	761	259
NA|PP755591.1|A/cattle/Texas/24-008749-003/2024(H5N1)	762	259
NA|PP755591.1|A/cattle/Texas/24-008749-003/2024(H5N1)	763	259
NA|PP755591.1|A/cattle/Texas/24-008749-003/2024(H5N1)	764	259
NA|PP755591.1|A/cattle/Texas/24-008749-003/2024(H5N1)	765	213
NA|PP755591.1|A/cattle/Texas/24-008749-003/2024(H5N1)	766	213
NA|PP755591.1|A/cattle/Texas/24-008749-003/2024(H5N1)	767	213
NA|PP755591.1|A/cattle/Texas/24-008749-003/2024(H5N1)	768	213
NA|PP755591.1|A/cattle/Texas/24-008749-003/2024(H5N1)	769	213
NA|PP755591.1|A/cattle/Texas/24-008749-003/2024(H5N1)	770	213
NA|PP755591.1|A/cattle/Texas/24-008749-003/2024(H5N1)	771	213
NA|PP755591.1|A/cattle/Texas/24-008749-003/2024(H5N1)	772	218
NA|PP755591.1|A/cattle/Texas/24-008749-003/2024(H5N1)	773	219
NA|PP755591.1|A/cattle/Texas/24-008749-003/2024(H5N1)	774	219
NA|PP755591.1|A/cattle/Texas/24-008749-003/2024(H5N1)	775	219
NA|PP755591.1|A/cattle/Texas/24-008749-003/2024(H5N1)	776	219
NA|PP755591.1|A/cattle/Texas/24-008749-003/2024(H5N1)	777	108
NA|PP755591.1|A/cattle/Texas/24-008749-003/2024(H5N1)	778	221
NA|PP755591.1|A/cattle/Texas/24-008749-003/2024(H5N1)	779	224
NA|PP755591.1|A/cattle/Texas/24-008749-003/2024(H5N1)	780	230
NA|PP755591.1|A/cattle/Texas/24-008749-003/2024(H5N1)	781	231
NA|PP755591.1|A/cattle/Texas/24-008749-003/2024(H5N1)	782	231
NA|PP755591.1|A/cattle/Texas/24-008749-003/2024(H5N1)	783	231
NA|PP755591.1|A/cattle/Texas/24-008749-003/2024(H5N1)	784	233
NA|PP755591.1|A/cattle/Texas/24-008749-003/2024(H5N1)	785	233
NA|PP755591.1|A/cattle/Texas/24-008749-003/2024(H5N1)	786	233
NA|PP755591.1|A/cattle/Texas/24-008749-003/2024(H5N1)	787	233
NA|PP755591.1|A/cattle/Texas/24-008749-003/2024(H5N1)	788	233
NA|PP755591.1|A/cattle/Texas/24-008749-003/2024(H5N1)	789	237
NA|PP755591.1|A/cattle/Texas/24-008749-003/2024(H5N1)	790	329
NA|PP755591.1|A/cattle/Texas/24-008749-003/2024(H5N1)	791	333
NA|PP755591.1|A/cattle/Texas/24-008749-003/2024(H5N1)	792	335
NA|PP755591.1|A/cattle/Texas/24-008749-003/2024(H5N1)	793	339
NA|PP755591.1|A/cattle/Texas/24-008749-003/2024(H5N1)	794	346
NA|PP755591.1|A/cattle/Texas/24-008749-003/2024(H5N1)	795	349
NA|PP755591.1|A/cattle/Texas/24-008749-003/2024(H5N1)	796	349
NA|PP755591.1|A/cattle/Texas/24-008749-003/2024(H5N1)	797	351
NA|PP755591.1|A/cattle/Texas/24-008749-003/2024(H5N1)	798	351
NA|PP755591.1|A/cattle/Texas/24-008749-003/2024(H5N1)	799	353
NA|PP755591.1|A/cattle/Texas/24-008749-003/2024(H5N1)	800	354
NA|PP755591.1|A/cattle/Texas/24-008749-003/2024(H5N1)	801	354
NA|PP755591.1|A/cattle/Texas/24-008749-003/2024(H5N1)	802	352
NA|PP755591.1|A/cattle/Texas/24-008749-003/2024(H5N1)	803	349
NA|PP755591.1|A/cattle/Texas/24-008749-003/2024(H5N1)	804	326
NA|PP755591.1|A/cattle/Texas/24-008749-003/2024(H5N1)	805	334
NA|PP755591.1|A/cattle/Texas/24-008749-003/2024(H5N1)	806	357
NA|PP755591.1|A/cattle/Texas/24-008749-003/2024(H5N1)	807	359
NA|PP755591.1|A/cattle/Texas/24-008749-003/2024(H5N1)	808	361
NA|PP755591.1|A/cattle/Texas/24-008749-003/2024(H5N1)	809	362
NA|PP755591.1|A/cattle/Texas/24-008749-003/2024(H5N1)	810	362
NA|PP755591.1|A/cattle/Texas/24-008749-003/2024(H5N1)	811	362
NA|PP755591.1|A/cattle/Texas/24-008749-003/2024(H5N1)	812	366
NA|PP755591.1|A/cattle/Texas/24-008749-003/2024(H5N1)	813	366
NA|PP755591.1|A/cattle/Texas/24-008749-003/2024(H5N1)	814	366
NA|PP755591.1|A/cattle/Texas/24-008749-003/2024(H5N1)	815	371
NA|PP755591.1|A/cattle/Texas/24-008749-003/2024(H5N1)	816	371
NA|PP755591.1|A/cattle/Texas/24-008749-003/2024(H5N1)	817	385
NA|PP755591.1|A/cattle/Texas/24-008749-003/2024(H5N1)	818	387
NA|PP755591.1|A/cattle/Texas/24-008749-003/2024(H5N1)	819	387
NA|PP755591.1|A/cattle/Texas/24-008749-003/2024(H5N1)	820	387
NA|PP755591.1|A/cattle/Texas/24-008749-003/2024(H5N1)	821	384
NA|PP755591.1|A/cattle/Texas/24-008749-003/2024(H5N1)	822	387
NA|PP755591.1|A/cattle/Texas/24-008749-003/2024(H5N1)	823	387
NA|PP755591.1|A/cattle/Texas/24-008749-003/2024(H5N1)	824	408
NA|PP755591.1|A/cattle/Texas/24-008749-003/2024(H5N1)	825	406
NA|PP755591.1|A/cattle/Texas/24-008749-003/2024(H5N1)	826	408
NA|PP755591.1|A/cattle/Texas/24-008749-003/2024(H5N1)	827	408
NA|PP755591.1|A/cattle/Texas/24-008749-003/2024(H5N1)	828	390
NA|PP755591.1|A/cattle/Texas/24-008749-003/2024(H5N1)	829	390
NA|PP755591.1|A/cattle/Texas/24-008749-003/2024(H5N1)	830	390
NA|PP755591.1|A/cattle/Texas/24-008749-003/2024(H5N1)	831	391
NA|PP755591.1|A/cattle/Texas/24-008749-003/2024(H5N1)	832	391
NA|PP755591.1|A/cattle/Texas/24-008749-003/2024(H5N1)	833	394
NA|PP755591.1|A/cattle/Texas/24-008749-003/2024(H5N1)	834	384
NA|PP755591.1|A/cattle/Texas/24-008749-003/2024(H5N1)	835	384
NA|PP755591.1|A/cattle/Texas/24-008749-003/2024(H5N1)	836	387
NA|PP755591.1|A/cattle/Texas/24-008749-003/2024(H5N1)	837	387
NA|PP755591.1|A/cattle/Texas/24-008749-003/2024(H5N1)	838	387
NA|PP755591.1|A/cattle/Texas/24-008749-003/2024(H5N1)	839	387
NA|PP755591.1|A/cattle/Texas/24-008749-003/2024(H5N1)	840	386
NA|PP755591.1|A/cattle/Texas/24-008749-003/2024(H5N1)	841	385
NA|PP755591.1|A/cattle/Texas/24-008749-003/2024(H5N1)	842	385
NA|PP755591.1|A/cattle/Texas/24-008749-003/2024(H5N1)	843	380
NA|PP755591.1|A/cattle/Texas/24-008749-003/2024(H5N1)	844	379
NA|PP755591.1|A/cattle/Texas/24-008749-003/2024(H5N1)	845	379
NA|PP755591.1|A/cattle/Texas/24-008749-003/2024(H5N1)	846	377
NA|PP755591.1|A/cattle/Texas/24-008749-003/2024(H5N1)	847	377
NA|PP755591.1|A/cattle/Texas/24-008749-003/2024(H5N1)	848	367
NA|PP755591.1|A/cattle/Texas/24-008749-003/2024(H5N1)	849	358
NA|PP755591.1|A/cattle/Texas/24-008749-003/2024(H5N1)	850	358
NA|PP755591.1|A/cattle/Texas/24-008749-003/2024(H5N1)	851	358
NA|PP755591.1|A/cattle/Texas/24-008749-003/2024(H5N1)	852	358
NA|PP755591.1|A/cattle/Texas/24-008749-003/2024(H5N1)	853	358
NA|PP755591.1|A/cattle/Texas/24-008749-003/2024(H5N1)	854	356
NA|PP755591.1|A/cattle/Texas/24-008749-003/2024(H5N1)	855	2
NA|PP755591.1|A/cattle/Texas/24-008749-003/2024(H5N1)	856	1
NA|PP755591.1|A/cattle/Texas/24-008749-003/2024(H5N1)	857	1
NA|PP755591.1|A/cattle/Texas/24-008749-003/2024(H5N1)	858	1
NA|PP755591.1|A/cattle/Texas/24-008749-003/2024(H5N1)	859	1
NA|PP755591.1|A/cattle/Texas/24-008749-003/2024(H5N1)	860	1
NA|PP755591.1|A/cattle/Texas/24-008749-003/2024(H5N1)	861	1
NA|PP755591.1|A/cattle/Texas/24-008749-003/2024(H5N1)	862	1
NA|PP755591.1|A/cattle/Texas/24-008749-003/2024(H5N1)	863	1
NA|PP755591.1|A/cattle/Texas/24-008749-003/2024(H5N1)	864	1
NA|PP755591.1|A/cattle/Texas/24-008749-003/2024(H5N1)	865	1
NA|PP755591.1|A/cattle/Texas/24-008749-003/2024(H5N1)	866	1
NA|PP755591.1|A/cattle/Texas/24-008749-003/2024(H5N1)	867	1
NA|PP755591.1|A/cattle/Texas/24-008749-003/2024(H5N1)	868	1
NA|PP755591.1|A/cattle/Texas/24-008749-003/2024(H5N1)	869	1
NA|PP755591.1|A/cattle/Texas/24-008749-003/2024(H5N1)	870	1
NA|PP755591.1|A/cattle/Texas/24-008749-003/2024(H5N1)	871	1
NA|PP755591.1|A/cattle/Texas/24-008749-003/2024(H5N1)	872	1
NA|PP755591.1|A/cattle/Texas/24-008749-003/2024(H5N1)	873	1
NA|PP755591.1|A/cattle/Texas/24-008749-003/2024(H5N1)	874	1
NA|PP755591.1|A/cattle/Texas/24-008749-003/2024(H5N1)	875	1
NA|PP755591.1|A/cattle/Texas/24-008749-003/2024(H5N1)	876	1
NA|PP755591.1|A/cattle/Texas/24-008749-003/2024(H5N1)	877	1
NA|PP755591.1|A/cattle/Texas/24-008749-003/2024(H5N1)	878	1
NA|PP755591.1|A/cattle/Texas/24-008749-003/2024(H5N1)	879	1
NA|PP755591.1|A/cattle/Texas/24-008749-003/2024(H5N1)	880	1
NA|PP755591.1|A/cattle/Texas/24-008749-003/2024(H5N1)	881	1
NA|PP755591.1|A/cattle/Texas/24-008749-003/2024(H5N1)	882	1
NA|PP755591.1|A/cattle/Texas/24-008749-003/2024(H5N1)	883	1
NA|PP755591.1|A/cattle/Texas/24-008749-003/2024(H5N1)	884	1
NA|PP755591.1|A/cattle/Texas/24-008749-003/2024(H5N1)	885	1
NA|PP755591.1|A/cattle/Texas/24-008749-003/2024(H5N1)	886	1
NA|PP755591.1|A/cattle/Texas/24-008749-003/2024(H5N1)	887	1
NA|PP755591.1|A/cattle/Texas/24-008749-003/2024(H5N1)	888	1
NA|PP755591.1|A/cattle/Texas/24-008749-003/2024(H5N1)	889	1
NA|PP755591.1|A/cattle/Texas/24-008749-003/2024(H5N1)	890	1
NA|PP755591.1|A/cattle/Texas/24-008749-003/2024(H5N1)	891	1
NA|PP755591.1|A/cattle/Texas/24-008749-003/2024(H5N1)	892	1
NA|PP755591.1|A/cattle/Texas/24-008749-003/2024(H5N1)	893	1
NA|PP755591.1|A/cattle/Texas/24-008749-003/2024(H5N1)	894	1
NA|PP755591.1|A/cattle/Texas/24-008749-003/2024(H5N1)	895	1
NA|PP755591.1|A/cattle/Texas/24-008749-003/2024(H5N1)	896	1
NA|PP755591.1|A/cattle/Texas/24-008749-003/2024(H5N1)	897	1
NA|PP755591.1|A/cattle/Texas/24-008749-003/2024(H5N1)	898	3
NA|PP755591.1|A/cattle/Texas/24-008749-003/2024(H5N1)	899	3
NA|PP755591.1|A/cattle/Texas/24-008749-003/2024(H5N1)	900	3
NA|PP755591.1|A/cattle/Texas/24-008749-003/2024(H5N1)	901	3
NA|PP755591.1|A/cattle/Texas/24-008749-003/2024(H5N1)	902	3
NA|PP755591.1|A/cattle/Texas/24-008749-003/2024(H5N1)	903	3
NA|PP755591.1|A/cattle/Texas/24-008749-003/2024(H5N1)	904	3
NA|PP755591.1|A/cattle/Texas/24-008749-003/2024(H5N1)	905	3
NA|PP755591.1|A/cattle/Texas/24-008749-003/2024(H5N1)	906	3
NA|PP755591.1|A/cattle/Texas/24-008749-003/2024(H5N1)	907	6
NA|PP755591.1|A/cattle/Texas/24-008749-003/2024(H5N1)	908	6
NA|PP755591.1|A/cattle/Texas/24-008749-003/2024(H5N1)	909	6
NA|PP755591.1|A/cattle/Texas/24-008749-003/2024(H5N1)	910	6
NA|PP755591.1|A/cattle/Texas/24-008749-003/2024(H5N1)	911	6
NA|PP755591.1|A/cattle/Texas/24-008749-003/2024(H5N1)	912	6
NA|PP755591.1|A/cattle/Texas/24-008749-003/2024(H5N1)	913	9
NA|PP755591.1|A/cattle/Texas/24-008749-003/2024(H5N1)	914	9
NA|PP755591.1|A/cattle/Texas/24-008749-003/2024(H5N1)	915	9
NA|PP755591.1|A/cattle/Texas/24-008749-003/2024(H5N1)	916	9
NA|PP755591.1|A/cattle/Texas/24-008749-003/2024(H5N1)	917	29
NA|PP755591.1|A/cattle/Texas/24-008749-003/2024(H5N1)	918	29
NA|PP755591.1|A/cattle/Texas/24-008749-003/2024(H5N1)	919	174
NA|PP755591.1|A/cattle/Texas/24-008749-003/2024(H5N1)	920	175
NA|PP755591.1|A/cattle/Texas/24-008749-003/2024(H5N1)	921	175
NA|PP755591.1|A/cattle/Texas/24-008749-003/2024(H5N1)	922	176
NA|PP755591.1|A/cattle/Texas/24-008749-003/2024(H5N1)	923	176
NA|PP755591.1|A/cattle/Texas/24-008749-003/2024(H5N1)	924	176
NA|PP755591.1|A/cattle/Texas/24-008749-003/2024(H5N1)	925	178
NA|PP755591.1|A/cattle/Texas/24-008749-003/2024(H5N1)	926	180
NA|PP755591.1|A/cattle/Texas/24-008749-003/2024(H5N1)	927	180
NA|PP755591.1|A/cattle/Texas/24-008749-003/2024(H5N1)	928	181
NA|PP755591.1|A/cattle/Texas/24-008749-003/2024(H5N1)	929	181
NA|PP755591.1|A/cattle/Texas/24-008749-003/2024(H5N1)	930	181
NA|PP755591.1|A/cattle/Texas/24-008749-003/2024(H5N1)	931	181
NA|PP755591.1|A/cattle/Texas/24-008749-003/2024(H5N1)	932	183
NA|PP755591.1|A/cattle/Texas/24-008749-003/2024(H5N1)	933	187
NA|PP755591.1|A/cattle/Texas/24-008749-003/2024(H5N1)	934	187
NA|PP755591.1|A/cattle/Texas/24-008749-003/2024(H5N1)	935	199
NA|PP755591.1|A/cattle/Texas/24-008749-003/2024(H5N1)	936	199
NA|PP755591.1|A/cattle/Texas/24-008749-003/2024(H5N1)	937	200
NA|PP755591.1|A/cattle/Texas/24-008749-003/2024(H5N1)	938	200
NA|PP755591.1|A/cattle/Texas/24-008749-003/2024(H5N1)	939	200
NA|PP755591.1|A/cattle/Texas/24-008749-003/2024(H5N1)	940	200
NA|PP755591.1|A/cattle/Texas/24-008749-003/2024(H5N1)	941	200
NA|PP755591.1|A/cattle/Texas/24-008749-003/2024(H5N1)	942	200
NA|PP755591.1|A/cattle/Texas/24-008749-003/2024(H5N1)	943	200
NA|PP755591.1|A/cattle/Texas/24-008749-003/2024(H5N1)	944	200
NA|PP755591.1|A/cattle/Texas/24-008749-003/2024(H5N1)	945	200
NA|PP755591.1|A/cattle/Texas/24-008749-003/2024(H5N1)	946	200
NA|PP755591.1|A/cattle/Texas/24-008749-003/2024(H5N1)	947	200
NA|PP755591.1|A/cattle/Texas/24-008749-003/2024(H5N1)	948	200
NA|PP755591.1|A/cattle/Texas/24-008749-003/2024(H5N1)	949	200
NA|PP755591.1|A/cattle/Texas/24-008749-003/2024(H5N1)	950	200
NA|PP755591.1|A/cattle/Texas/24-008749-003/2024(H5N1)	951	200
NA|PP755591.1|A/cattle/Texas/24-008749-003/2024(H5N1)	952	200
NA|PP755591.1|A/cattle/Texas/24-008749-003/2024(H5N1)	953	200
NA|PP755591.1|A/cattle/Texas/24-008749-003/2024(H5N1)	954	200
NA|PP755591.1|A/cattle/Texas/24-008749-003/2024(H5N1)	955	200
NA|PP755591.1|A/cattle/Texas/24-008749-003/2024(H5N1)	956	200
NA|PP755591.1|A/cattle/Texas/24-008749-003/2024(H5N1)	957	199
NA|PP755591.1|A/cattle/Texas/24-008749-003/2024(H5N1)	958	199
NA|PP755591.1|A/cattle/Texas/24-008749-003/2024(H5N1)	959	199
NA|PP755591.1|A/cattle/Texas/24-008749-003/2024(H5N1)	960	199
NA|PP755591.1|A/cattle/Texas/24-008749-003/2024(H5N1)	961	199
NA|PP755591.1|A/cattle/Texas/24-008749-003/2024(H5N1)	962	201
NA|PP755591.1|A/cattle/Texas/24-008749-003/2024(H5N1)	963	201
NA|PP755591.1|A/cattle/Texas/24-008749-003/2024(H5N1)	964	201
NA|PP755591.1|A/cattle/Texas/24-008749-003/2024(H5N1)	965	201
NA|PP755591.1|A/cattle/Texas/24-008749-003/2024(H5N1)	966	201
NA|PP755591.1|A/cattle/Texas/24-008749-003/2024(H5N1)	967	203
NA|PP755591.1|A/cattle/Texas/24-008749-003/2024(H5N1)	968	215
NA|PP755591.1|A/cattle/Texas/24-008749-003/2024(H5N1)	969	215
NA|PP755591.1|A/cattle/Texas/24-008749-003/2024(H5N1)	970	215
NA|PP755591.1|A/cattle/Texas/24-008749-003/2024(H5N1)	971	215
NA|PP755591.1|A/cattle/Texas/24-008749-003/2024(H5N1)	972	217
NA|PP755591.1|A/cattle/Texas/24-008749-003/2024(H5N1)	973	217
NA|PP755591.1|A/cattle/Texas/24-008749-003/2024(H5N1)	974	217
NA|PP755591.1|A/cattle/Texas/24-008749-003/2024(H5N1)	975	217
NA|PP755591.1|A/cattle/Texas/24-008749-003/2024(H5N1)	976	217
NA|PP755591.1|A/cattle/Texas/24-008749-003/2024(H5N1)	977	221
NA|PP755591.1|A/cattle/Texas/24-008749-003/2024(H5N1)	978	221
NA|PP755591.1|A/cattle/Texas/24-008749-003/2024(H5N1)	979	317
NA|PP755591.1|A/cattle/Texas/24-008749-003/2024(H5N1)	980	317
NA|PP755591.1|A/cattle/Texas/24-008749-003/2024(H5N1)	981	325
NA|PP755591.1|A/cattle/Texas/24-008749-003/2024(H5N1)	982	325
NA|PP755591.1|A/cattle/Texas/24-008749-003/2024(H5N1)	983	328
NA|PP755591.1|A/cattle/Texas/24-008749-003/2024(H5N1)	984	328
NA|PP755591.1|A/cattle/Texas/24-008749-003/2024(H5N1)	985	328
NA|PP755591.1|A/cattle/Texas/24-008749-003/2024(H5N1)	986	340
NA|PP755591.1|A/cattle/Texas/24-008749-003/2024(H5N1)	987	352
NA|PP755591.1|A/cattle/Texas/24-008749-003/2024(H5N1)	988	352
NA|PP755591.1|A/cattle/Texas/24-008749-003/2024(H5N1)	989	355
NA|PP755591.1|A/cattle/Texas/24-008749-003/2024(H5N1)	990	355
NA|PP755591.1|A/cattle/Texas/24-008749-003/2024(H5N1)	991	355
NA|PP755591.1|A/cattle/Texas/24-008749-003/2024(H5N1)	992	360
NA|PP755591.1|A/cattle/Texas/24-008749-003/2024(H5N1)	993	361
NA|PP755591.1|A/cattle/Texas/24-008749-003/2024(H5N1)	994	361
NA|PP755591.1|A/cattle/Texas/24-008749-003/2024(H5N1)	995	362
NA|PP755591.1|A/cattle/Texas/24-008749-003/2024(H5N1)	996	367
NA|PP755591.1|A/cattle/Texas/24-008749-003/2024(H5N1)	997	368
NA|PP755591.1|A/cattle/Texas/24-008749-003/2024(H5N1)	998	369
NA|PP755591.1|A/cattle/Texas/24-008749-003/2024(H5N1)	999	379
NA|PP755591.1|A/cattle/Texas/24-008749-003/2024(H5N1)	1000	378
NA|PP755591.1|A/cattle/Texas/24-008749-003/2024(H5N1)	1001	378
NA|PP755591.1|A/cattle/Texas/24-008749-003/2024(H5N1)	1002	378
NA|PP755591.1|A/cattle/Texas/24-008749-003/2024(H5N1)	1003	378
NA|PP755591.1|A/cattle/Texas/24-008749-003/2024(H5N1)	1004	378
NA|PP755591.1|A/cattle/Texas/24-008749-003/2024(H5N1)	1005	329
NA|PP755591.1|A/cattle/Texas/24-008749-003/2024(H5N1)	1006	329
NA|PP755591.1|A/cattle/Texas/24-008749-003/2024(H5N1)	1007	340
NA|PP755591.1|A/cattle/Texas/24-008749-003/2024(H5N1)	1008	341
NA|PP755591.1|A/cattle/Texas/24-008749-003/2024(H5N1)	1009	342
NA|PP755591.1|A/cattle/Texas/24-008749-003/2024(H5N1)	1010	342
NA|PP755591.1|A/cattle/Texas/24-008749-003/2024(H5N1)	1011	342
NA|PP755591.1|A/cattle/Texas/24-008749-003/2024(H5N1)	1012	342
NA|PP755591.1|A/cattle/Texas/24-008749-003/2024(H5N1)	1013	342
NA|PP755591.1|A/cattle/Texas/24-008749-003/2024(H5N1)	1014	349
NA|PP755591.1|A/cattle/Texas/24-008749-003/2024(H5N1)	1015	350
NA|PP755591.1|A/cattle/Texas/24-008749-003/2024(H5N1)	1016	398
NA|PP755591.1|A/cattle/Texas/24-008749-003/2024(H5N1)	1017	399
NA|PP755591.1|A/cattle/Texas/24-008749-003/2024(H5N1)	1018	399
NA|PP755591.1|A/cattle/Texas/24-008749-003/2024(H5N1)	1019	404
NA|PP755591.1|A/cattle/Texas/24-008749-003/2024(H5N1)	1020	404
NA|PP755591.1|A/cattle/Texas/24-008749-003/2024(H5N1)	1021	406
NA|PP755591.1|A/cattle/Texas/24-008749-003/2024(H5N1)	1022	406
NA|PP755591.1|A/cattle/Texas/24-008749-003/2024(H5N1)	1023	406
NA|PP755591.1|A/cattle/Texas/24-008749-003/2024(H5N1)	1024	406
NA|PP755591.1|A/cattle/Texas/24-008749-003/2024(H5N1)	1025	406
NA|PP755591.1|A/cattle/Texas/24-008749-003/2024(H5N1)	1026	403
NA|PP755591.1|A/cattle/Texas/24-008749-003/2024(H5N1)	1027	403
NA|PP755591.1|A/cattle/Texas/24-008749-003/2024(H5N1)	1028	398
NA|PP755591.1|A/cattle/Texas/24-008749-003/2024(H5N1)	1029	398
NA|PP755591.1|A/cattle/Texas/24-008749-003/2024(H5N1)	1030	398
NA|PP755591.1|A/cattle/Texas/24-008749-003/2024(H5N1)	1031	397
NA|PP755591.1|A/cattle/Texas/24-008749-003/2024(H5N1)	1032	397
NA|PP755591.1|A/cattle/Texas/24-008749-003/2024(H5N1)	1033	397
NA|PP755591.1|A/cattle/Texas/24-008749-003/2024(H5N1)	1034	397
NA|PP755591.1|A/cattle/Texas/24-008749-003/2024(H5N1)	1035	340
NA|PP755591.1|A/cattle/Texas/24-008749-003/2024(H5N1)	1036	340
NA|PP755591.1|A/cattle/Texas/24-008749-003/2024(H5N1)	1037	340
NA|PP755591.1|A/cattle/Texas/24-008749-003/2024(H5N1)	1038	340
NA|PP755591.1|A/cattle/Texas/24-008749-003/2024(H5N1)	1039	340
NA|PP755591.1|A/cattle/Texas/24-008749-003/2024(H5N1)	1040	340
NA|PP755591.1|A/cattle/Texas/24-008749-003/2024(H5N1)	1041	340
NA|PP755591.1|A/cattle/Texas/24-008749-003/2024(H5N1)	1042	340
NA|PP755591.1|A/cattle/Texas/24-008749-003/2024(H5N1)	1043	340
NA|PP755591.1|A/cattle/Texas/24-008749-003/2024(H5N1)	1044	340
NA|PP755591.1|A/cattle/Texas/24-008749-003/2024(H5N1)	1045	370
NA|PP755591.1|A/cattle/Texas/24-008749-003/2024(H5N1)	1046	370
NA|PP755591.1|A/cattle/Texas/24-008749-003/2024(H5N1)	1047	370
NA|PP755591.1|A/cattle/Texas/24-008749-003/2024(H5N1)	1048	371
NA|PP755591.1|A/cattle/Texas/24-008749-003/2024(H5N1)	1049	374
NA|PP755591.1|A/cattle/Texas/24-008749-003/2024(H5N1)	1050	374
NA|PP755591.1|A/cattle/Texas/24-008749-003/2024(H5N1)	1051	374
NA|PP755591.1|A/cattle/Texas/24-008749-003/2024(H5N1)	1052	373
NA|PP755591.1|A/cattle/Texas/24-008749-003/2024(H5N1)	1053	352
NA|PP755591.1|A/cattle/Texas/24-008749-003/2024(H5N1)	1054	350
NA|PP755591.1|A/cattle/Texas/24-008749-003/2024(H5N1)	1055	348
NA|PP755591.1|A/cattle/Texas/24-008749-003/2024(H5N1)	1056	348
NA|PP755591.1|A/cattle/Texas/24-008749-003/2024(H5N1)	1057	381
NA|PP755591.1|A/cattle/Texas/24-008749-003/2024(H5N1)	1058	378
NA|PP755591.1|A/cattle/Texas/24-008749-003/2024(H5N1)	1059	392
NA|PP755591.1|A/cattle/Texas/24-008749-003/2024(H5N1)	1060	391
NA|PP755591.1|A/cattle/Texas/24-008749-003/2024(H5N1)	1061	398
NA|PP755591.1|A/cattle/Texas/24-008749-003/2024(H5N1)	1062	398
NA|PP755591.1|A/cattle/Texas/24-008749-003/2024(H5N1)	1063	394
NA|PP755591.1|A/cattle/Texas/24-008749-003/2024(H5N1)	1064	394
NA|PP755591.1|A/cattle/Texas/24-008749-003/2024(H5N1)	1065	392
NA|PP755591.1|A/cattle/Texas/24-008749-003/2024(H5N1)	1066	392
NA|PP755591.1|A/cattle/Texas/24-008749-003/2024(H5N1)	1067	392
NA|PP755591.1|A/cattle/Texas/24-008749-003/2024(H5N1)	1068	369
NA|PP755591.1|A/cattle/Texas/24-008749-003/2024(H5N1)	1069	374
NA|PP755591.1|A/cattle/Texas/24-008749-003/2024(H5N1)	1070	363
NA|PP755591.1|A/cattle/Texas/24-008749-003/2024(H5N1)	1071	362
NA|PP755591.1|A/cattle/Texas/24-008749-003/2024(H5N1)	1072	362
NA|PP755591.1|A/cattle/Texas/24-008749-003/2024(H5N1)	1073	362
NA|PP755591.1|A/cattle/Texas/24-008749-003/2024(H5N1)	1074	362
NA|PP755591.1|A/cattle/Texas/24-008749-003/2024(H5N1)	1075	361
NA|PP755591.1|A/cattle/Texas/24-008749-003/2024(H5N1)	1076	353
NA|PP755591.1|A/cattle/Texas/24-008749-003/2024(H5N1)	1077	351
NA|PP755591.1|A/cattle/Texas/24-008749-003/2024(H5N1)	1078	351
NA|PP755591.1|A/cattle/Texas/24-008749-003/2024(H5N1)	1079	351
NA|PP755591.1|A/cattle/Texas/24-008749-003/2024(H5N1)	1080	351
NA|PP755591.1|A/cattle/Texas/24-008749-003/2024(H5N1)	1081	351
NA|PP755591.1|A/cattle/Texas/24-008749-003/2024(H5N1)	1082	349
NA|PP755591.1|A/cattle/Texas/24-008749-003/2024(H5N1)	1083	349
NA|PP755591.1|A/cattle/Texas/24-008749-003/2024(H5N1)	1084	345
NA|PP755591.1|A/cattle/Texas/24-008749-003/2024(H5N1)	1085	331
NA|PP755591.1|A/cattle/Texas/24-008749-003/2024(H5N1)	1086	329
NA|PP755591.1|A/cattle/Texas/24-008749-003/2024(H5N1)	1087	329
NA|PP755591.1|A/cattle/Texas/24-008749-003/2024(H5N1)	1088	328
NA|PP755591.1|A/cattle/Texas/24-008749-003/2024(H5N1)	1089	328
NA|PP755591.1|A/cattle/Texas/24-008749-003/2024(H5N1)	1090	328
NA|PP755591.1|A/cattle/Texas/24-008749-003/2024(H5N1)	1091	328
NA|PP755591.1|A/cattle/Texas/24-008749-003/2024(H5N1)	1092	327
NA|PP755591.1|A/cattle/Texas/24-008749-003/2024(H5N1)	1093	326
NA|PP755591.1|A/cattle/Texas/24-008749-003/2024(H5N1)	1094	303
NA|PP755591.1|A/cattle/Texas/24-008749-003/2024(H5N1)	1095	303
NA|PP755591.1|A/cattle/Texas/24-008749-003/2024(H5N1)	1096	303
NA|PP755591.1|A/cattle/Texas/24-008749-003/2024(H5N1)	1097	303
NA|PP755591.1|A/cattle/Texas/24-008749-003/2024(H5N1)	1098	248
NA|PP755591.1|A/cattle/Texas/24-008749-003/2024(H5N1)	1099	248
NA|PP755591.1|A/cattle/Texas/24-008749-003/2024(H5N1)	1100	241
NA|PP755591.1|A/cattle/Texas/24-008749-003/2024(H5N1)	1101	241
NA|PP755591.1|A/cattle/Texas/24-008749-003/2024(H5N1)	1102	241
NA|PP755591.1|A/cattle/Texas/24-008749-003/2024(H5N1)	1103	241
NA|PP755591.1|A/cattle/Texas/24-008749-003/2024(H5N1)	1104	241
NA|PP755591.1|A/cattle/Texas/24-008749-003/2024(H5N1)	1105	241
NA|PP755591.1|A/cattle/Texas/24-008749-003/2024(H5N1)	1106	241
NA|PP755591.1|A/cattle/Texas/24-008749-003/2024(H5N1)	1107	241
NA|PP755591.1|A/cattle/Texas/24-008749-003/2024(H5N1)	1108	241
NA|PP755591.1|A/cattle/Texas/24-008749-003/2024(H5N1)	1109	241
NA|PP755591.1|A/cattle/Texas/24-008749-003/2024(H5N1)	1110	241
NA|PP755591.1|A/cattle/Texas/24-008749-003/2024(H5N1)	1111	310
NA|PP755591.1|A/cattle/Texas/24-008749-003/2024(H5N1)	1112	310
NA|PP755591.1|A/cattle/Texas/24-008749-003/2024(H5N1)	1113	311
NA|PP755591.1|A/cattle/Texas/24-008749-003/2024(H5N1)	1114	311
NA|PP755591.1|A/cattle/Texas/24-008749-003/2024(H5N1)	1115	325
NA|PP755591.1|A/cattle/Texas/24-008749-003/2024(H5N1)	1116	325
NA|PP755591.1|A/cattle/Texas/24-008749-003/2024(H5N1)	1117	326
NA|PP755591.1|A/cattle/Texas/24-008749-003/2024(H5N1)	1118	326
NA|PP755591.1|A/cattle/Texas/24-008749-003/2024(H5N1)	1119	324
NA|PP755591.1|A/cattle/Texas/24-008749-003/2024(H5N1)	1120	324
NA|PP755591.1|A/cattle/Texas/24-008749-003/2024(H5N1)	1121	324
NA|PP755591.1|A/cattle/Texas/24-008749-003/2024(H5N1)	1122	319
NA|PP755591.1|A/cattle/Texas/24-008749-003/2024(H5N1)	1123	332
NA|PP755591.1|A/cattle/Texas/24-008749-003/2024(H5N1)	1124	333
NA|PP755591.1|A/cattle/Texas/24-008749-003/2024(H5N1)	1125	333
NA|PP755591.1|A/cattle/Texas/24-008749-003/2024(H5N1)	1126	333
NA|PP755591.1|A/cattle/Texas/24-008749-003/2024(H5N1)	1127	333
NA|PP755591.1|A/cattle/Texas/24-008749-003/2024(H5N1)	1128	332
NA|PP755591.1|A/cattle/Texas/24-008749-003/2024(H5N1)	1129	330
NA|PP755591.1|A/cattle/Texas/24-008749-003/2024(H5N1)	1130	325
NA|PP755591.1|A/cattle/Texas/24-008749-003/2024(H5N1)	1131	322
NA|PP755591.1|A/cattle/Texas/24-008749-003/2024(H5N1)	1132	342
NA|PP755591.1|A/cattle/Texas/24-008749-003/2024(H5N1)	1133	342
NA|PP755591.1|A/cattle/Texas/24-008749-003/2024(H5N1)	1134	339
NA|PP755591.1|A/cattle/Texas/24-008749-003/2024(H5N1)	1135	338
NA|PP755591.1|A/cattle/Texas/24-008749-003/2024(H5N1)	1136	338
NA|PP755591.1|A/cattle/Texas/24-008749-003/2024(H5N1)	1137	329
NA|PP755591.1|A/cattle/Texas/24-008749-003/2024(H5N1)	1138	315
NA|PP755591.1|A/cattle/Texas/24-008749-003/2024(H5N1)	1139	313
NA|PP755591.1|A/cattle/Texas/24-008749-003/2024(H5N1)	1140	313
NA|PP755591.1|A/cattle/Texas/24-008749-003/2024(H5N1)	1141	313
NA|PP755591.1|A/cattle/Texas/24-008749-003/2024(H5N1)	1142	310
NA|PP755591.1|A/cattle/Texas/24-008749-003/2024(H5N1)	1143	305
NA|PP755591.1|A/cattle/Texas/24-008749-003/2024(H5N1)	1144	305
NA|PP755591.1|A/cattle/Texas/24-008749-003/2024(H5N1)	1145	302
NA|PP755591.1|A/cattle/Texas/24-008749-003/2024(H5N1)	1146	301
NA|PP755591.1|A/cattle/Texas/24-008749-003/2024(H5N1)	1147	296
NA|PP755591.1|A/cattle/Texas/24-008749-003/2024(H5N1)	1148	295
NA|PP755591.1|A/cattle/Texas/24-008749-003/2024(H5N1)	1149	281
NA|PP755591.1|A/cattle/Texas/24-008749-003/2024(H5N1)	1150	279
NA|PP755591.1|A/cattle/Texas/24-008749-003/2024(H5N1)	1151	279
NA|PP755591.1|A/cattle/Texas/24-008749-003/2024(H5N1)	1152	264
NA|PP755591.1|A/cattle/Texas/24-008749-003/2024(H5N1)	1153	252
NA|PP755591.1|A/cattle/Texas/24-008749-003/2024(H5N1)	1154	252
NA|PP755591.1|A/cattle/Texas/24-008749-003/2024(H5N1)	1155	249
NA|PP755591.1|A/cattle/Texas/24-008749-003/2024(H5N1)	1156	249
NA|PP755591.1|A/cattle/Texas/24-008749-003/2024(H5N1)	1157	248
NA|PP755591.1|A/cattle/Texas/24-008749-003/2024(H5N1)	1158	237
NA|PP755591.1|A/cattle/Texas/24-008749-003/2024(H5N1)	1159	237
NA|PP755591.1|A/cattle/Texas/24-008749-003/2024(H5N1)	1160	236
NA|PP755591.1|A/cattle/Texas/24-008749-003/2024(H5N1)	1161	208
NA|PP755591.1|A/cattle/Texas/24-008749-003/2024(H5N1)	1162	208
NA|PP755591.1|A/cattle/Texas/24-008749-003/2024(H5N1)	1163	198
NA|PP755591.1|A/cattle/Texas/24-008749-003/2024(H5N1)	1164	198
NA|PP755591.1|A/cattle/Texas/24-008749-003/2024(H5N1)	1165	198
NA|PP755591.1|A/cattle/Texas/24-008749-003/2024(H5N1)	1166	198
NA|PP755591.1|A/cattle/Texas/24-008749-003/2024(H5N1)	1167	197
NA|PP755591.1|A/cattle/Texas/24-008749-003/2024(H5N1)	1168	224
NA|PP755591.1|A/cattle/Texas/24-008749-003/2024(H5N1)	1169	228
NA|PP755591.1|A/cattle/Texas/24-008749-003/2024(H5N1)	1170	231
NA|PP755591.1|A/cattle/Texas/24-008749-003/2024(H5N1)	1171	233
NA|PP755591.1|A/cattle/Texas/24-008749-003/2024(H5N1)	1172	233
NA|PP755591.1|A/cattle/Texas/24-008749-003/2024(H5N1)	1173	233
NA|PP755591.1|A/cattle/Texas/24-008749-003/2024(H5N1)	1174	233
NA|PP755591.1|A/cattle/Texas/24-008749-003/2024(H5N1)	1175	233
NA|PP755591.1|A/cattle/Texas/24-008749-003/2024(H5N1)	1176	233
NA|PP755591.1|A/cattle/Texas/24-008749-003/2024(H5N1)	1177	243
NA|PP755591.1|A/cattle/Texas/24-008749-003/2024(H5N1)	1178	244
NA|PP755591.1|A/cattle/Texas/24-008749-003/2024(H5N1)	1179	244
NA|PP755591.1|A/cattle/Texas/24-008749-003/2024(H5N1)	1180	244
NA|PP755591.1|A/cattle/Texas/24-008749-003/2024(H5N1)	1181	244
NA|PP755591.1|A/cattle/Texas/24-008749-003/2024(H5N1)	1182	244
NA|PP755591.1|A/cattle/Texas/24-008749-003/2024(H5N1)	1183	244
NA|PP755591.1|A/cattle/Texas/24-008749-003/2024(H5N1)	1184	240
NA|PP755591.1|A/cattle/Texas/24-008749-003/2024(H5N1)	1185	242
NA|PP755591.1|A/cattle/Texas/24-008749-003/2024(H5N1)	1186	250
NA|PP755591.1|A/cattle/Texas/24-008749-003/2024(H5N1)	1187	250
NA|PP755591.1|A/cattle/Texas/24-008749-003/2024(H5N1)	1188	250
NA|PP755591.1|A/cattle/Texas/24-008749-003/2024(H5N1)	1189	250
NA|PP755591.1|A/cattle/Texas/24-008749-003/2024(H5N1)	1190	250
NA|PP755591.1|A/cattle/Texas/24-008749-003/2024(H5N1)	1191	243
NA|PP755591.1|A/cattle/Texas/24-008749-003/2024(H5N1)	1192	244
NA|PP755591.1|A/cattle/Texas/24-008749-003/2024(H5N1)	1193	244
NA|PP755591.1|A/cattle/Texas/24-008749-003/2024(H5N1)	1194	244
NA|PP755591.1|A/cattle/Texas/24-008749-003/2024(H5N1)	1195	244
NA|PP755591.1|A/cattle/Texas/24-008749-003/2024(H5N1)	1196	254
NA|PP755591.1|A/cattle/Texas/24-008749-003/2024(H5N1)	1197	254
NA|PP755591.1|A/cattle/Texas/24-008749-003/2024(H5N1)	1198	255
NA|PP755591.1|A/cattle/Texas/24-008749-003/2024(H5N1)	1199	254
NA|PP755591.1|A/cattle/Texas/24-008749-003/2024(H5N1)	1200	250
NA|PP755591.1|A/cattle/Texas/24-008749-003/2024(H5N1)	1201	254
NA|PP755591.1|A/cattle/Texas/24-008749-003/2024(H5N1)	1202	258
NA|PP755591.1|A/cattle/Texas/24-008749-003/2024(H5N1)	1203	258
NA|PP755591.1|A/cattle/Texas/24-008749-003/2024(H5N1)	1204	258
NA|PP755591.1|A/cattle/Texas/24-008749-003/2024(H5N1)	1205	225
NA|PP755591.1|A/cattle/Texas/24-008749-003/2024(H5N1)	1206	225
NA|PP755591.1|A/cattle/Texas/24-008749-003/2024(H5N1)	1207	225
NA|PP755591.1|A/cattle/Texas/24-008749-003/2024(H5N1)	1208	225
NA|PP755591.1|A/cattle/Texas/24-008749-003/2024(H5N1)	1209	198
NA|PP755591.1|A/cattle/Texas/24-008749-003/2024(H5N1)	1210	198
NA|PP755591.1|A/cattle/Texas/24-008749-003/2024(H5N1)	1211	198
NA|PP755591.1|A/cattle/Texas/24-008749-003/2024(H5N1)	1212	198
NA|PP755591.1|A/cattle/Texas/24-008749-003/2024(H5N1)	1213	200
NA|PP755591.1|A/cattle/Texas/24-008749-003/2024(H5N1)	1214	201
NA|PP755591.1|A/cattle/Texas/24-008749-003/2024(H5N1)	1215	201
NA|PP755591.1|A/cattle/Texas/24-008749-003/2024(H5N1)	1216	201
NA|PP755591.1|A/cattle/Texas/24-008749-003/2024(H5N1)	1217	201
NA|PP755591.1|A/cattle/Texas/24-008749-003/2024(H5N1)	1218	201
NA|PP755591.1|A/cattle/Texas/24-008749-003/2024(H5N1)	1219	201
NA|PP755591.1|A/cattle/Texas/24-008749-003/2024(H5N1)	1220	201
NA|PP755591.1|A/cattle/Texas/24-008749-003/2024(H5N1)	1221	195
NA|PP755591.1|A/cattle/Texas/24-008749-003/2024(H5N1)	1222	199
NA|PP755591.1|A/cattle/Texas/24-008749-003/2024(H5N1)	1223	199
NA|PP755591.1|A/cattle/Texas/24-008749-003/2024(H5N1)	1224	199
NA|PP755591.1|A/cattle/Texas/24-008749-003/2024(H5N1)	1225	201
NA|PP755591.1|A/cattle/Texas/24-008749-003/2024(H5N1)	1226	202
NA|PP755591.1|A/cattle/Texas/24-008749-003/2024(H5N1)	1227	205
NA|PP755591.1|A/cattle/Texas/24-008749-003/2024(H5N1)	1228	211
NA|PP755591.1|A/cattle/Texas/24-008749-003/2024(H5N1)	1229	210
NA|PP755591.1|A/cattle/Texas/24-008749-003/2024(H5N1)	1230	210
NA|PP755591.1|A/cattle/Texas/24-008749-003/2024(H5N1)	1231	210
NA|PP755591.1|A/cattle/Texas/24-008749-003/2024(H5N1)	1232	213
NA|PP755591.1|A/cattle/Texas/24-008749-003/2024(H5N1)	1233	211
NA|PP755591.1|A/cattle/Texas/24-008749-003/2024(H5N1)	1234	213
NA|PP755591.1|A/cattle/Texas/24-008749-003/2024(H5N1)	1235	211
NA|PP755591.1|A/cattle/Texas/24-008749-003/2024(H5N1)	1236	211
NA|PP755591.1|A/cattle/Texas/24-008749-003/2024(H5N1)	1237	211
NA|PP755591.1|A/cattle/Texas/24-008749-003/2024(H5N1)	1238	210
NA|PP755591.1|A/cattle/Texas/24-008749-003/2024(H5N1)	1239	170
NA|PP755591.1|A/cattle/Texas/24-008749-003/2024(H5N1)	1240	179
NA|PP755591.1|A/cattle/Texas/24-008749-003/2024(H5N1)	1241	179
NA|PP755591.1|A/cattle/Texas/24-008749-003/2024(H5N1)	1242	179
NA|PP755591.1|A/cattle/Texas/24-008749-003/2024(H5N1)	1243	188
NA|PP755591.1|A/cattle/Texas/24-008749-003/2024(H5N1)	1244	188
NA|PP755591.1|A/cattle/Texas/24-008749-003/2024(H5N1)	1245	188
NA|PP755591.1|A/cattle/Texas/24-008749-003/2024(H5N1)	1246	226
NA|PP755591.1|A/cattle/Texas/24-008749-003/2024(H5N1)	1247	229
NA|PP755591.1|A/cattle/Texas/24-008749-003/2024(H5N1)	1248	230
NA|PP755591.1|A/cattle/Texas/24-008749-003/2024(H5N1)	1249	231
NA|PP755591.1|A/cattle/Texas/24-008749-003/2024(H5N1)	1250	236
NA|PP755591.1|A/cattle/Texas/24-008749-003/2024(H5N1)	1251	239
NA|PP755591.1|A/cattle/Texas/24-008749-003/2024(H5N1)	1252	239
NA|PP755591.1|A/cattle/Texas/24-008749-003/2024(H5N1)	1253	239
NA|PP755591.1|A/cattle/Texas/24-008749-003/2024(H5N1)	1254	240
NA|PP755591.1|A/cattle/Texas/24-008749-003/2024(H5N1)	1255	244
NA|PP755591.1|A/cattle/Texas/24-008749-003/2024(H5N1)	1256	244
NA|PP755591.1|A/cattle/Texas/24-008749-003/2024(H5N1)	1257	261
NA|PP755591.1|A/cattle/Texas/24-008749-003/2024(H5N1)	1258	265
NA|PP755591.1|A/cattle/Texas/24-008749-003/2024(H5N1)	1259	243
NA|PP755591.1|A/cattle/Texas/24-008749-003/2024(H5N1)	1260	253
NA|PP755591.1|A/cattle/Texas/24-008749-003/2024(H5N1)	1261	252
NA|PP755591.1|A/cattle/Texas/24-008749-003/2024(H5N1)	1262	252
NA|PP755591.1|A/cattle/Texas/24-008749-003/2024(H5N1)	1263	255
NA|PP755591.1|A/cattle/Texas/24-008749-003/2024(H5N1)	1264	256
NA|PP755591.1|A/cattle/Texas/24-008749-003/2024(H5N1)	1265	256
NA|PP755591.1|A/cattle/Texas/24-008749-003/2024(H5N1)	1266	256
NA|PP755591.1|A/cattle/Texas/24-008749-003/2024(H5N1)	1267	256
NA|PP755591.1|A/cattle/Texas/24-008749-003/2024(H5N1)	1268	259
NA|PP755591.1|A/cattle/Texas/24-008749-003/2024(H5N1)	1269	259
NA|PP755591.1|A/cattle/Texas/24-008749-003/2024(H5N1)	1270	254
NA|PP755591.1|A/cattle/Texas/24-008749-003/2024(H5N1)	1271	253
NA|PP755591.1|A/cattle/Texas/24-008749-003/2024(H5N1)	1272	247
NA|PP755591.1|A/cattle/Texas/24-008749-003/2024(H5N1)	1273	247
NA|PP755591.1|A/cattle/Texas/24-008749-003/2024(H5N1)	1274	247
NA|PP755591.1|A/cattle/Texas/24-008749-003/2024(H5N1)	1275	247
NA|PP755591.1|A/cattle/Texas/24-008749-003/2024(H5N1)	1276	247
NA|PP755591.1|A/cattle/Texas/24-008749-003/2024(H5N1)	1277	242
NA|PP755591.1|A/cattle/Texas/24-008749-003/2024(H5N1)	1278	210
NA|PP755591.1|A/cattle/Texas/24-008749-003/2024(H5N1)	1279	213
NA|PP755591.1|A/cattle/Texas/24-008749-003/2024(H5N1)	1280	213
NA|PP755591.1|A/cattle/Texas/24-008749-003/2024(H5N1)	1281	213
NA|PP755591.1|A/cattle/Texas/24-008749-003/2024(H5N1)	1282	213
NA|PP755591.1|A/cattle/Texas/24-008749-003/2024(H5N1)	1283	214
NA|PP755591.1|A/cattle/Texas/24-008749-003/2024(H5N1)	1284	216
NA|PP755591.1|A/cattle/Texas/24-008749-003/2024(H5N1)	1285	216
NA|PP755591.1|A/cattle/Texas/24-008749-003/2024(H5N1)	1286	216
NA|PP755591.1|A/cattle/Texas/24-008749-003/2024(H5N1)	1287	216
NA|PP755591.1|A/cattle/Texas/24-008749-003/2024(H5N1)	1288	216
NA|PP755591.1|A/cattle/Texas/24-008749-003/2024(H5N1)	1289	218
NA|PP755591.1|A/cattle/Texas/24-008749-003/2024(H5N1)	1290	250
NA|PP755591.1|A/cattle/Texas/24-008749-003/2024(H5N1)	1291	281
NA|PP755591.1|A/cattle/Texas/24-008749-003/2024(H5N1)	1292	281
NA|PP755591.1|A/cattle/Texas/24-008749-003/2024(H5N1)	1293	282
NA|PP755591.1|A/cattle/Texas/24-008749-003/2024(H5N1)	1294	282
NA|PP755591.1|A/cattle/Texas/24-008749-003/2024(H5N1)	1295	282
NA|PP755591.1|A/cattle/Texas/24-008749-003/2024(H5N1)	1296	282
NA|PP755591.1|A/cattle/Texas/24-008749-003/2024(H5N1)	1297	282
NA|PP755591.1|A/cattle/Texas/24-008749-003/2024(H5N1)	1298	282
NA|PP755591.1|A/cattle/Texas/24-008749-003/2024(H5N1)	1299	282
NA|PP755591.1|A/cattle/Texas/24-008749-003/2024(H5N1)	1300	275
NA|PP755591.1|A/cattle/Texas/24-008749-003/2024(H5N1)	1301	275
NA|PP755591.1|A/cattle/Texas/24-008749-003/2024(H5N1)	1302	270
NA|PP755591.1|A/cattle/Texas/24-008749-003/2024(H5N1)	1303	270
NA|PP755591.1|A/cattle/Texas/24-008749-003/2024(H5N1)	1304	270
NA|PP755591.1|A/cattle/Texas/24-008749-003/2024(H5N1)	1305	270
NA|PP755591.1|A/cattle/Texas/24-008749-003/2024(H5N1)	1306	270
NA|PP755591.1|A/cattle/Texas/24-008749-003/2024(H5N1)	1307	270
NA|PP755591.1|A/cattle/Texas/24-008749-003/2024(H5N1)	1308	270
NA|PP755591.1|A/cattle/Texas/24-008749-003/2024(H5N1)	1309	270
NA|PP755591.1|A/cattle/Texas/24-008749-003/2024(H5N1)	1310	270
NA|PP755591.1|A/cattle/Texas/24-008749-003/2024(H5N1)	1311	270
NA|PP755591.1|A/cattle/Texas/24-008749-003/2024(H5N1)	1312	270
NA|PP755591.1|A/cattle/Texas/24-008749-003/2024(H5N1)	1313	269
NA|PP755591.1|A/cattle/Texas/24-008749-003/2024(H5N1)	1314	240
NA|PP755591.1|A/cattle/Texas/24-008749-003/2024(H5N1)	1315	240
NA|PP755591.1|A/cattle/Texas/24-008749-003/2024(H5N1)	1316	240
NA|PP755591.1|A/cattle/Texas/24-008749-003/2024(H5N1)	1317	240
NA|PP755591.1|A/cattle/Texas/24-008749-003/2024(H5N1)	1318	240
NA|PP755591.1|A/cattle/Texas/24-008749-003/2024(H5N1)	1319	240
NA|PP755591.1|A/cattle/Texas/24-008749-003/2024(H5N1)	1320	240
NA|PP755591.1|A/cattle/Texas/24-008749-003/2024(H5N1)	1321	245
NA|PP755591.1|A/cattle/Texas/24-008749-003/2024(H5N1)	1322	245
NA|PP755591.1|A/cattle/Texas/24-008749-003/2024(H5N1)	1323	245
NA|PP755591.1|A/cattle/Texas/24-008749-003/2024(H5N1)	1324	245
NA|PP755591.1|A/cattle/Texas/24-008749-003/2024(H5N1)	1325	245
NA|PP755591.1|A/cattle/Texas/24-008749-003/2024(H5N1)	1326	245
NA|PP755591.1|A/cattle/Texas/24-008749-003/2024(H5N1)	1327	245
NA|PP755591.1|A/cattle/Texas/24-008749-003/2024(H5N1)	1328	245
NA|PP755591.1|A/cattle/Texas/24-008749-003/2024(H5N1)	1329	245
NA|PP755591.1|A/cattle/Texas/24-008749-003/2024(H5N1)	1330	245
NA|PP755591.1|A/cattle/Texas/24-008749-003/2024(H5N1)	1331	245
NA|PP755591.1|A/cattle/Texas/24-008749-003/2024(H5N1)	1332	245
NA|PP755591.1|A/cattle/Texas/24-008749-003/2024(H5N1)	1333	245
NA|PP755591.1|A/cattle/Texas/24-008749-003/2024(H5N1)	1334	245
NA|PP755591.1|A/cattle/Texas/24-008749-003/2024(H5N1)	1335	245
NA|PP755591.1|A/cattle/Texas/24-008749-003/2024(H5N1)	1336	245
NA|PP755591.1|A/cattle/Texas/24-008749-003/2024(H5N1)	1337	245
NA|PP755591.1|A/cattle/Texas/24-008749-003/2024(H5N1)	1338	245
NA|PP755591.1|A/cattle/Texas/24-008749-003/2024(H5N1)	1339	247
NA|PP755591.1|A/cattle/Texas/24-008749-003/2024(H5N1)	1340	247
NA|PP755591.1|A/cattle/Texas/24-008749-003/2024(H5N1)	1341	243
NA|PP755591.1|A/cattle/Texas/24-008749-003/2024(H5N1)	1342	243
NA|PP755591.1|A/cattle/Texas/24-008749-003/2024(H5N1)	1343	243
NA|PP755591.1|A/cattle/Texas/24-008749-003/2024(H5N1)	1344	243
NA|PP755591.1|A/cattle/Texas/24-008749-003/2024(H5N1)	1345	243
NA|PP755591.1|A/cattle/Texas/24-008749-003/2024(H5N1)	1346	243
NA|PP755591.1|A/cattle/Texas/24-008749-003/2024(H5N1)	1347	239
NA|PP755591.1|A/cattle/Texas/24-008749-003/2024(H5N1)	1348	238
NA|PP755591.1|A/cattle/Texas/24-008749-003/2024(H5N1)	1349	238
NA|PP755591.1|A/cattle/Texas/24-008749-003/2024(H5N1)	1350	235
NA|PP755591.1|A/cattle/Texas/24-008749-003/2024(H5N1)	1351	235
NA|PP755591.1|A/cattle/Texas/24-008749-003/2024(H5N1)	1352	231
NA|PP755591.1|A/cattle/Texas/24-008749-003/2024(H5N1)	1353	230
NA|PP755591.1|A/cattle/Texas/24-008749-003/2024(H5N1)	1354	230
NA|PP755591.1|A/cattle/Texas/24-008749-003/2024(H5N1)	1355	230
NA|PP755591.1|A/cattle/Texas/24-008749-003/2024(H5N1)	1356	230
NA|PP755591.1|A/cattle/Texas/24-008749-003/2024(H5N1)	1357	230
NA|PP755591.1|A/cattle/Texas/24-008749-003/2024(H5N1)	1358	229
NA|PP755591.1|A/cattle/Texas/24-008749-003/2024(H5N1)	1359	229
NA|PP755591.1|A/cattle/Texas/24-008749-003/2024(H5N1)	1360	229
NA|PP755591.1|A/cattle/Texas/24-008749-003/2024(H5N1)	1361	229
NA|PP755591.1|A/cattle/Texas/24-008749-003/2024(H5N1)	1362	229
NA|PP755591.1|A/cattle/Texas/24-008749-003/2024(H5N1)	1363	229
NA|PP755591.1|A/cattle/Texas/24-008749-003/2024(H5N1)	1364	229
NA|PP755591.1|A/cattle/Texas/24-008749-003/2024(H5N1)	1365	228
NA|PP755591.1|A/cattle/Texas/24-008749-003/2024(H5N1)	1366	228
NA|PP755591.1|A/cattle/Texas/24-008749-003/2024(H5N1)	1367	228
NA|PP755591.1|A/cattle/Texas/24-008749-003/2024(H5N1)	1368	228
NA|PP755591.1|A/cattle/Texas/24-008749-003/2024(H5N1)	1369	224
NA|PP755591.1|A/cattle/Texas/24-008749-003/2024(H5N1)	1370	224
NA|PP755591.1|A/cattle/Texas/24-008749-003/2024(H5N1)	1371	224
NA|PP755591.1|A/cattle/Texas/24-008749-003/2024(H5N1)	1372	224
NA|PP755591.1|A/cattle/Texas/24-008749-003/2024(H5N1)	1373	224
NA|PP755591.1|A/cattle/Texas/24-008749-003/2024(H5N1)	1374	222
NA|PP755591.1|A/cattle/Texas/24-008749-003/2024(H5N1)	1375	222
NA|PP755591.1|A/cattle/Texas/24-008749-003/2024(H5N1)	1376	222
NA|PP755591.1|A/cattle/Texas/24-008749-003/2024(H5N1)	1377	221
NA|PP755591.1|A/cattle/Texas/24-008749-003/2024(H5N1)	1378	218
NA|PP755591.1|A/cattle/Texas/24-008749-003/2024(H5N1)	1379	214
NA|PP755591.1|A/cattle/Texas/24-008749-003/2024(H5N1)	1380	212
NA|PP755591.1|A/cattle/Texas/24-008749-003/2024(H5N1)	1381	212
NA|PP755591.1|A/cattle/Texas/24-008749-003/2024(H5N1)	1382	212
NA|PP755591.1|A/cattle/Texas/24-008749-003/2024(H5N1)	1383	210
NA|PP755591.1|A/cattle/Texas/24-008749-003/2024(H5N1)	1384	210
NA|PP755591.1|A/cattle/Texas/24-008749-003/2024(H5N1)	1385	208
NA|PP755591.1|A/cattle/Texas/24-008749-003/2024(H5N1)	1386	208
NA|PP755591.1|A/cattle/Texas/24-008749-003/2024(H5N1)	1387	208
NA|PP755591.1|A/cattle/Texas/24-008749-003/2024(H5N1)	1388	165
NA|PP755591.1|A/cattle/Texas/24-008749-003/2024(H5N1)	1389	165
NA|PP755591.1|A/cattle/Texas/24-008749-003/2024(H5N1)	1390	156
NA|PP755591.1|A/cattle/Texas/24-008749-003/2024(H5N1)	1391	156
NA|PP755591.1|A/cattle/Texas/24-008749-003/2024(H5N1)	1392	156
NA|PP755591.1|A/cattle/Texas/24-008749-003/2024(H5N1)	1393	143
NA|PP755591.1|A/cattle/Texas/24-008749-003/2024(H5N1)	1394	145
NA|PP755591.1|A/cattle/Texas/24-008749-003/2024(H5N1)	1395	145
NA|PP755591.1|A/cattle/Texas/24-008749-003/2024(H5N1)	1396	145
NA|PP755591.1|A/cattle/Texas/24-008749-003/2024(H5N1)	1397	145
NA|PP755591.1|A/cattle/Texas/24-008749-003/2024(H5N1)	1398	140
NA|PP755591.1|A/cattle/Texas/24-008749-003/2024(H5N1)	1399	137
NA|PP755591.1|A/cattle/Texas/24-008749-003/2024(H5N1)	1400	137
NA|PP755591.1|A/cattle/Texas/24-008749-003/2024(H5N1)	1401	131
NA|PP755591.1|A/cattle/Texas/24-008749-003/2024(H5N1)	1402	131
NA|PP755591.1|A/cattle/Texas/24-008749-003/2024(H5N1)	1403	131
NA|PP755591.1|A/cattle/Texas/24-008749-003/2024(H5N1)	1404	130
NA|PP755591.1|A/cattle/Texas/24-008749-003/2024(H5N1)	1405	127
NA|PP755591.1|A/cattle/Texas/24-008749-003/2024(H5N1)	1406	115
NA|PP755591.1|A/cattle/Texas/24-008749-003/2024(H5N1)	1407	108
NA|PP755591.1|A/cattle/Texas/24-008749-003/2024(H5N1)	1408	107
NA|PP755591.1|A/cattle/Texas/24-008749-003/2024(H5N1)	1409	101
NA|PP755591.1|A/cattle/Texas/24-008749-003/2024(H5N1)	1410	101
