HA|PP755589.1|A/cattle/Texas/24-008749-003/2024(H5N1)	1	385
HA|PP755589.1|A/cattle/Texas/24-008749-003/2024(H5N1)	2	386
HA|PP755589.1|A/cattle/Texas/24-008749-003/2024(H5N1)	3	402
HA|PP755589.1|A/cattle/Texas/24-008749-003/2024(H5N1)	4	405
HA|PP755589.1|A/cattle/Texas/24-008749-003/2024(H5N1)	5	406
HA|PP755589.1|A/cattle/Texas/24-008749-003/2024(H5N1)	6	415
HA|PP755589.1|A/cattle/Texas/24-008749-003/2024(H5N1)	7	416
HA|PP755589.1|A/cattle/Texas/24-008749-003/2024(H5N1)	8	495
HA|PP755589.1|A/cattle/Texas/24-008749-003/2024(H5N1)	9	496
HA|PP755589.1|A/cattle/Texas/24-008749-003/2024(H5N1)	10	496
HA|PP755589.1|A/cattle/Texas/24-008749-003/2024(H5N1)	11	526
HA|PP755589.1|A/cattle/Texas/24-008749-003/2024(H5N1)	12	527
HA|PP755589.1|A/cattle/Texas/24-008749-003/2024(H5N1)	13	602
HA|PP755589.1|A/cattle/Texas/24-008749-003/2024(H5N1)	14	602
HA|PP755589.1|A/cattle/Texas/24-008749-003/2024(H5N1)	15	604
HA|PP755589.1|A/cattle/Texas/24-008749-003/2024(H5N1)	16	607
HA|PP755589.1|A/cattle/Texas/24-008749-003/2024(H5N1)	17	607
HA|PP755589.1|A/cattle/Texas/24-008749-003/2024(H5N1)	18	613
HA|PP755589.1|A/cattle/Texas/24-008749-003/2024(H5N1)	19	614
HA|PP755589.1|A/cattle/Texas/24-008749-003/2024(H5N1)	20	614
HA|PP755589.1|A/cattle/Texas/24-008749-003/2024(H5N1)	21	620
HA|PP755589.1|A/cattle/Texas/24-008749-003/2024(H5N1)	22	621
HA|PP755589.1|A/cattle/Texas/24-008749-003/2024(H5N1)	23	636
HA|PP755589.1|A/cattle/Texas/24-008749-003/2024(H5N1)	24	637
HA|PP755589.1|A/cattle/Texas/24-008749-003/2024(H5N1)	25	646
HA|PP755589.1|A/cattle/Texas/24-008749-003/2024(H5N1)	26	649
HA|PP755589.1|A/cattle/Texas/24-008749-003/2024(H5N1)	27	649
HA|PP755589.1|A/cattle/Texas/24-008749-003/2024(H5N1)	28	655
HA|PP755589.1|A/cattle/Texas/24-008749-003/2024(H5N1)	29	674
HA|PP755589.1|A/cattle/Texas/24-008749-003/2024(H5N1)	30	692
HA|PP755589.1|A/cattle/Texas/24-008749-003/2024(H5N1)	31	692
HA|PP755589.1|A/cattle/Texas/24-008749-003/2024(H5N1)	32	693
HA|PP755589.1|A/cattle/Texas/24-008749-003/2024(H5N1)	33	694
HA|PP755589.1|A/cattle/Texas/24-008749-003/2024(H5N1)	34	765
HA|PP755589.1|A/cattle/Texas/24-008749-003/2024(H5N1)	35	774
HA|PP755589.1|A/cattle/Texas/24-008749-003/2024(H5N1)	36	772
HA|PP755589.1|A/cattle/Texas/24-008749-003/2024(H5N1)	37	773
HA|PP755589.1|A/cattle/Texas/24-008749-003/2024(H5N1)	38	774
HA|PP755589.1|A/cattle/Texas/24-008749-003/2024(H5N1)	39	835
HA|PP755589.1|A/cattle/Texas/24-008749-003/2024(H5N1)	40	846
HA|PP755589.1|A/cattle/Texas/24-008749-003/2024(H5N1)	41	848
HA|PP755589.1|A/cattle/Texas/24-008749-003/2024(H5N1)	42	849
HA|PP755589.1|A/cattle/Texas/24-008749-003/2024(H5N1)	43	846
HA|PP755589.1|A/cattle/Texas/24-008749-003/2024(H5N1)	44	855
HA|PP755589.1|A/cattle/Texas/24-008749-003/2024(H5N1)	45	856
HA|PP755589.1|A/cattle/Texas/24-008749-003/2024(H5N1)	46	857
HA|PP755589.1|A/cattle/Texas/24-008749-003/2024(H5N1)	47	858
HA|PP755589.1|A/cattle/Texas/24-008749-003/2024(H5N1)	48	858
HA|PP755589.1|A/cattle/Texas/24-008749-003/2024(H5N1)	49	864
HA|PP755589.1|A/cattle/Texas/24-008749-003/2024(H5N1)	50	864
HA|PP755589.1|A/cattle/Texas/24-008749-003/2024(H5N1)	51	865
HA|PP755589.1|A/cattle/Texas/24-008749-003/2024(H5N1)	52	881
HA|PP755589.1|A/cattle/Texas/24-008749-003/2024(H5N1)	53	881
HA|PP755589.1|A/cattle/Texas/24-008749-003/2024(H5N1)	54	935
HA|PP755589.1|A/cattle/Texas/24-008749-003/2024(H5N1)	55	935
HA|PP755589.1|A/cattle/Texas/24-008749-003/2024(H5N1)	56	937
HA|PP755589.1|A/cattle/Texas/24-008749-003/2024(H5N1)	57	943
HA|PP755589.1|A/cattle/Texas/24-008749-003/2024(H5N1)	58	943
HA|PP755589.1|A/cattle/Texas/24-008749-003/2024(H5N1)	59	946
HA|PP755589.1|A/cattle/Texas/24-008749-003/2024(H5N1)	60	947
HA|PP755589.1|A/cattle/Texas/24-008749-003/2024(H5N1)	61	950
HA|PP755589.1|A/cattle/Texas/24-008749-003/2024(H5N1)	62	954
HA|PP755589.1|A/cattle/Texas/24-008749-003/2024(H5N1)	63	953
HA|PP755589.1|A/cattle/Texas/24-008749-003/2024(H5N1)	64	975
HA|PP755589.1|A/cattle/Texas/24-008749-003/2024(H5N1)	65	981
HA|PP755589.1|A/cattle/Texas/24-008749-003/2024(H5N1)	66	981
HA|PP755589.1|A/cattle/Texas/24-008749-003/2024(H5N1)	67	981
HA|PP755589.1|A/cattle/Texas/24-008749-003/2024(H5N1)	68	981
HA|PP755589.1|A/cattle/Texas/24-008749-003/2024(H5N1)	69	992
HA|PP755589.1|A/cattle/Texas/24-008749-003/2024(H5N1)	70	992
HA|PP755589.1|A/cattle/Texas/24-008749-003/2024(H5N1)	71	994
HA|PP755589.1|A/cattle/Texas/24-008749-003/2024(H5N1)	72	996
HA|PP755589.1|A/cattle/Texas/24-008749-003/2024(H5N1)	73	1015
HA|PP755589.1|A/cattle/Texas/24-008749-003/2024(H5N1)	74	1015
HA|PP755589.1|A/cattle/Texas/24-008749-003/2024(H5N1)	75	1015
HA|PP755589.1|A/cattle/Texas/24-008749-003/2024(H5N1)	76	1027
HA|PP755589.1|A/cattle/Texas/24-008749-003/2024(H5N1)	77	1047
HA|PP755589.1|A/cattle/Texas/24-008749-003/2024(H5N1)	78	1094
HA|PP755589.1|A/cattle/Texas/24-008749-003/2024(H5N1)	79	1097
HA|PP755589.1|A/cattle/Texas/24-008749-003/2024(H5N1)	80	1100
HA|PP755589.1|A/cattle/Texas/24-008749-003/2024(H5N1)	81	1101
HA|PP755589.1|A/cattle/Texas/24-008749-003/2024(H5N1)	82	1101
HA|PP755589.1|A/cattle/Texas/24-008749-003/2024(H5N1)	83	1108
HA|PP755589.1|A/cattle/Texas/24-008749-003/2024(H5N1)	84	1109
HA|PP755589.1|A/cattle/Texas/24-008749-003/2024(H5N1)	85	1109
HA|PP755589.1|A/cattle/Texas/24-008749-003/2024(H5N1)	86	1109
HA|PP755589.1|A/cattle/Texas/24-008749-003/2024(H5N1)	87	1109
HA|PP755589.1|A/cattle/Texas/24-008749-003/2024(H5N1)	88	1149
HA|PP755589.1|A/cattle/Texas/24-008749-003/2024(H5N1)	89	1151
HA|PP755589.1|A/cattle/Texas/24-008749-003/2024(H5N1)	90	1159
HA|PP755589.1|A/cattle/Texas/24-008749-003/2024(H5N1)	91	1159
HA|PP755589.1|A/cattle/Texas/24-008749-003/2024(H5N1)	92	1161
HA|PP755589.1|A/cattle/Texas/24-008749-003/2024(H5N1)	93	1167
HA|PP755589.1|A/cattle/Texas/24-008749-003/2024(H5N1)	94	1172
HA|PP755589.1|A/cattle/Texas/24-008749-003/2024(H5N1)	95	1172
HA|PP755589.1|A/cattle/Texas/24-008749-003/2024(H5N1)	96	1173
HA|PP755589.1|A/cattle/Texas/24-008749-003/2024(H5N1)	97	1177
HA|PP755589.1|A/cattle/Texas/24-008749-003/2024(H5N1)	98	1174
HA|PP755589.1|A/cattle/Texas/24-008749-003/2024(H5N1)	99	1179
HA|PP755589.1|A/cattle/Texas/24-008749-003/2024(H5N1)	100	1179
HA|PP755589.1|A/cattle/Texas/24-008749-003/2024(H5N1)	101	1183
HA|PP755589.1|A/cattle/Texas/24-008749-003/2024(H5N1)	102	1181
HA|PP755589.1|A/cattle/Texas/24-008749-003/2024(H5N1)	103	1182
HA|PP755589.1|A/cattle/Texas/24-008749-003/2024(H5N1)	104	1186
HA|PP755589.1|A/cattle/Texas/24-008749-003/2024(H5N1)	105	1186
HA|PP755589.1|A/cattle/Texas/24-008749-003/2024(H5N1)	106	1187
HA|PP755589.1|A/cattle/Texas/24-008749-003/2024(H5N1)	107	1195
HA|PP755589.1|A/cattle/Texas/24-008749-003/2024(H5N1)	108	1198
HA|PP755589.1|A/cattle/Texas/24-008749-003/2024(H5N1)	109	1186
HA|PP755589.1|A/cattle/Texas/24-008749-003/2024(H5N1)	110	1171
HA|PP755589.1|A/cattle/Texas/24-008749-003/2024(H5N1)	111	1176
HA|PP755589.1|A/cattle/Texas/24-008749-003/2024(H5N1)	112	1176
HA|PP755589.1|A/cattle/Texas/24-008749-003/2024(H5N1)	113	1179
HA|PP755589.1|A/cattle/Texas/24-008749-003/2024(H5N1)	114	1183
HA|PP755589.1|A/cattle/Texas/24-008749-003/2024(H5N1)	115	1183
HA|PP755589.1|A/cattle/Texas/24-008749-003/2024(H5N1)	116	1192
HA|PP755589.1|A/cattle/Texas/24-008749-003/2024(H5N1)	117	1203
HA|PP755589.1|A/cattle/Texas/24-008749-003/2024(H5N1)	118	1204
HA|PP755589.1|A/cattle/Texas/24-008749-003/2024(H5N1)	119	1203
HA|PP755589.1|A/cattle/Texas/24-008749-003/2024(H5N1)	120	1203
HA|PP755589.1|A/cattle/Texas/24-008749-003/2024(H5N1)	121	1207
HA|PP755589.1|A/cattle/Texas/24-008749-003/2024(H5N1)	122	1294
HA|PP755589.1|A/cattle/Texas/24-008749-003/2024(H5N1)	123	1294
HA|PP755589.1|A/cattle/Texas/24-008749-003/2024(H5N1)	124	1302
HA|PP755589.1|A/cattle/Texas/24-008749-003/2024(H5N1)	125	1299
HA|PP755589.1|A/cattle/Texas/24-008749-003/2024(H5N1)	126	1307
HA|PP755589.1|A/cattle/Texas/24-008749-003/2024(H5N1)	127	1309
HA|PP755589.1|A/cattle/Texas/24-008749-003/2024(H5N1)	128	1314
HA|PP755589.1|A/cattle/Texas/24-008749-003/2024(H5N1)	129	1314
HA|PP755589.1|A/cattle/Texas/24-008749-003/2024(H5N1)	130	1317
HA|PP755589.1|A/cattle/Texas/24-008749-003/2024(H5N1)	131	1276
HA|PP755589.1|A/cattle/Texas/24-008749-003/2024(H5N1)	132	1289
HA|PP755589.1|A/cattle/Texas/24-008749-003/2024(H5N1)	133	1319
HA|PP755589.1|A/cattle/Texas/24-008749-003/2024(H5N1)	134	1317
HA|PP755589.1|A/cattle/Texas/24-008749-003/2024(H5N1)	135	1318
HA|PP755589.1|A/cattle/Texas/24-008749-003/2024(H5N1)	136	1318
HA|PP755589.1|A/cattle/Texas/24-008749-003/2024(H5N1)	137	1316
HA|PP755589.1|A/cattle/Texas/24-008749-003/2024(H5N1)	138	1317
HA|PP755589.1|A/cattle/Texas/24-008749-003/2024(H5N1)	139	1318
HA|PP755589.1|A/cattle/Texas/24-008749-003/2024(H5N1)	140	1319
HA|PP755589.1|A/cattle/Texas/24-008749-003/2024(H5N1)	141	1319
HA|PP755589.1|A/cattle/Texas/24-008749-003/2024(H5N1)	142	1287
HA|PP755589.1|A/cattle/Texas/24-008749-003/2024(H5N1)	143	1287
HA|PP755589.1|A/cattle/Texas/24-008749-003/2024(H5N1)	144	1288
HA|PP755589.1|A/cattle/Texas/24-008749-003/2024(H5N1)	145	1289
HA|PP755589.1|A/cattle/Texas/24-008749-003/2024(H5N1)	146	1294
HA|PP755589.1|A/cattle/Texas/24-008749-003/2024(H5N1)	147	1294
HA|PP755589.1|A/cattle/Texas/24-008749-003/2024(H5N1)	148	1289
HA|PP755589.1|A/cattle/Texas/24-008749-003/2024(H5N1)	149	1283
HA|PP755589.1|A/cattle/Texas/24-008749-003/2024(H5N1)	150	1285
HA|PP755589.1|A/cattle/Texas/24-008749-003/2024(H5N1)	151	1288
HA|PP755589.1|A/cattle/Texas/24-008749-003/2024(H5N1)	152	1290
HA|PP755589.1|A/cattle/Texas/24-008749-003/2024(H5N1)	153	1290
HA|PP755589.1|A/cattle/Texas/24-008749-003/2024(H5N1)	154	1290
HA|PP755589.1|A/cattle/Texas/24-008749-003/2024(H5N1)	155	1292
HA|PP755589.1|A/cattle/Texas/24-008749-003/2024(H5N1)	156	1291
HA|PP755589.1|A/cattle/Texas/24-008749-003/2024(H5N1)	157	1305
HA|PP755589.1|A/cattle/Texas/24-008749-003/2024(H5N1)	158	1306
HA|PP755589.1|A/cattle/Texas/24-008749-003/2024(H5N1)	159	1309
HA|PP755589.1|A/cattle/Texas/24-008749-003/2024(H5N1)	160	1312
HA|PP755589.1|A/cattle/Texas/24-008749-003/2024(H5N1)	161	1330
HA|PP755589.1|A/cattle/Texas/24-008749-003/2024(H5N1)	162	1330
HA|PP755589.1|A/cattle/Texas/24-008749-003/2024(H5N1)	163	1337
HA|PP755589.1|A/cattle/Texas/24-008749-003/2024(H5N1)	164	1338
HA|PP755589.1|A/cattle/Texas/24-008749-003/2024(H5N1)	165	1341
HA|PP755589.1|A/cattle/Texas/24-008749-003/2024(H5N1)	166	1340
HA|PP755589.1|A/cattle/Texas/24-008749-003/2024(H5N1)	167	1340
HA|PP755589.1|A/cattle/Texas/24-008749-003/2024(H5N1)	168	1326
HA|PP755589.1|A/cattle/Texas/24-008749-003/2024(H5N1)	169	1322
HA|PP755589.1|A/cattle/Texas/24-008749-003/2024(H5N1)	170	1310
HA|PP755589.1|A/cattle/Texas/24-008749-003/2024(H5N1)	171	1276
HA|PP755589.1|A/cattle/Texas/24-008749-003/2024(H5N1)	172	1273
HA|PP755589.1|A/cattle/Texas/24-008749-003/2024(H5N1)	173	1273
HA|PP755589.1|A/cattle/Texas/24-008749-003/2024(H5N1)	174	1273
HA|PP755589.1|A/cattle/Texas/24-008749-003/2024(H5N1)	175	1288
HA|PP755589.1|A/cattle/Texas/24-008749-003/2024(H5N1)	176	1291
HA|PP755589.1|A/cattle/Texas/24-008749-003/2024(H5N1)	177	1287
HA|PP755589.1|A/cattle/Texas/24-008749-003/2024(H5N1)	178	1364
HA|PP755589.1|A/cattle/Texas/24-008749-003/2024(H5N1)	179	1367
HA|PP755589.1|A/cattle/Texas/24-008749-003/2024(H5N1)	180	1376
HA|PP755589.1|A/cattle/Texas/24-008749-003/2024(H5N1)	181	1376
HA|PP755589.1|A/cattle/Texas/24-008749-003/2024(H5N1)	182	1376
HA|PP755589.1|A/cattle/Texas/24-008749-003/2024(H5N1)	183	1376
HA|PP755589.1|A/cattle/Texas/24-008749-003/2024(H5N1)	184	1373
HA|PP755589.1|A/cattle/Texas/24-008749-003/2024(H5N1)	185	1376
HA|PP755589.1|A/cattle/Texas/24-008749-003/2024(H5N1)	186	1382
HA|PP755589.1|A/cattle/Texas/24-008749-003/2024(H5N1)	187	1380
HA|PP755589.1|A/cattle/Texas/24-008749-003/2024(H5N1)	188	1378
HA|PP755589.1|A/cattle/Texas/24-008749-003/2024(H5N1)	189	1387
HA|PP755589.1|A/cattle/Texas/24-008749-003/2024(H5N1)	190	1383
HA|PP755589.1|A/cattle/Texas/24-008749-003/2024(H5N1)	191	1386
HA|PP755589.1|A/cattle/Texas/24-008749-003/2024(H5N1)	192	1389
HA|PP755589.1|A/cattle/Texas/24-008749-003/2024(H5N1)	193	1389
HA|PP755589.1|A/cattle/Texas/24-008749-003/2024(H5N1)	194	1387
HA|PP755589.1|A/cattle/Texas/24-008749-003/2024(H5N1)	195	1369
HA|PP755589.1|A/cattle/Texas/24-008749-003/2024(H5N1)	196	1375
HA|PP755589.1|A/cattle/Texas/24-008749-003/2024(H5N1)	197	1375
HA|PP755589.1|A/cattle/Texas/24-008749-003/2024(H5N1)	198	1380
HA|PP755589.1|A/cattle/Texas/24-008749-003/2024(H5N1)	199	1385
HA|PP755589.1|A/cattle/Texas/24-008749-003/2024(H5N1)	200	1392
HA|PP755589.1|A/cattle/Texas/24-008749-003/2024(H5N1)	201	1386
HA|PP755589.1|A/cattle/Texas/24-008749-003/2024(H5N1)	202	1384
HA|PP755589.1|A/cattle/Texas/24-008749-003/2024(H5N1)	203	1384
HA|PP755589.1|A/cattle/Texas/24-008749-003/2024(H5N1)	204	1390
HA|PP755589.1|A/cattle/Texas/24-008749-003/2024(H5N1)	205	1390
HA|PP755589.1|A/cattle/Texas/24-008749-003/2024(H5N1)	206	1390
HA|PP755589.1|A/cattle/Texas/24-008749-003/2024(H5N1)	207	1403
HA|PP755589.1|A/cattle/Texas/24-008749-003/2024(H5N1)	208	1400
HA|PP755589.1|A/cattle/Texas/24-008749-003/2024(H5N1)	209	1396
HA|PP755589.1|A/cattle/Texas/24-008749-003/2024(H5N1)	210	1362
HA|PP755589.1|A/cattle/Texas/24-008749-003/2024(H5N1)	211	1361
HA|PP755589.1|A/cattle/Texas/24-008749-003/2024(H5N1)	212	1366
HA|PP755589.1|A/cattle/Texas/24-008749-003/2024(H5N1)	213	1366
HA|PP755589.1|A/cattle/Texas/24-008749-003/2024(H5N1)	214	1430
HA|PP755589.1|A/cattle/Texas/24-008749-003/2024(H5N1)	215	1452
HA|PP755589.1|A/cattle/Texas/24-008749-003/2024(H5N1)	216	1433
HA|PP755589.1|A/cattle/Texas/24-008749-003/2024(H5N1)	217	1441
HA|PP755589.1|A/cattle/Texas/24-008749-003/2024(H5N1)	218	1440
HA|PP755589.1|A/cattle/Texas/24-008749-003/2024(H5N1)	219	1437
HA|PP755589.1|A/cattle/Texas/24-008749-003/2024(H5N1)	220	1443
HA|PP755589.1|A/cattle/Texas/24-008749-003/2024(H5N1)	221	1438
HA|PP755589.1|A/cattle/Texas/24-008749-003/2024(H5N1)	222	1436
HA|PP755589.1|A/cattle/Texas/24-008749-003/2024(H5N1)	223	1419
HA|PP755589.1|A/cattle/Texas/24-008749-003/2024(H5N1)	224	1385
HA|PP755589.1|A/cattle/Texas/24-008749-003/2024(H5N1)	225	1379
HA|PP755589.1|A/cattle/Texas/24-008749-003/2024(H5N1)	226	1373
HA|PP755589.1|A/cattle/Texas/24-008749-003/2024(H5N1)	227	1369
HA|PP755589.1|A/cattle/Texas/24-008749-003/2024(H5N1)	228	1372
HA|PP755589.1|A/cattle/Texas/24-008749-003/2024(H5N1)	229	1363
HA|PP755589.1|A/cattle/Texas/24-008749-003/2024(H5N1)	230	1358
HA|PP755589.1|A/cattle/Texas/24-008749-003/2024(H5N1)	231	1355
HA|PP755589.1|A/cattle/Texas/24-008749-003/2024(H5N1)	232	1356
HA|PP755589.1|A/cattle/Texas/24-008749-003/2024(H5N1)	233	1359
HA|PP755589.1|A/cattle/Texas/24-008749-003/2024(H5N1)	234	1352
HA|PP755589.1|A/cattle/Texas/24-008749-003/2024(H5N1)	235	1351
HA|PP755589.1|A/cattle/Texas/24-008749-003/2024(H5N1)	236	1329
HA|PP755589.1|A/cattle/Texas/24-008749-003/2024(H5N1)	237	1324
HA|PP755589.1|A/cattle/Texas/24-008749-003/2024(H5N1)	238	1321
HA|PP755589.1|A/cattle/Texas/24-008749-003/2024(H5N1)	239	1320
HA|PP755589.1|A/cattle/Texas/24-008749-003/2024(H5N1)	240	1332
HA|PP755589.1|A/cattle/Texas/24-008749-003/2024(H5N1)	241	1331
HA|PP755589.1|A/cattle/Texas/24-008749-003/2024(H5N1)	242	1330
HA|PP755589.1|A/cattle/Texas/24-008749-003/2024(H5N1)	243	1317
HA|PP755589.1|A/cattle/Texas/24-008749-003/2024(H5N1)	244	1325
HA|PP755589.1|A/cattle/Texas/24-008749-003/2024(H5N1)	245	1327
HA|PP755589.1|A/cattle/Texas/24-008749-003/2024(H5N1)	246	1323
HA|PP755589.1|A/cattle/Texas/24-008749-003/2024(H5N1)	247	1322
HA|PP755589.1|A/cattle/Texas/24-008749-003/2024(H5N1)	248	1323
HA|PP755589.1|A/cattle/Texas/24-008749-003/2024(H5N1)	249	1318
HA|PP755589.1|A/cattle/Texas/24-008749-003/2024(H5N1)	250	1316
HA|PP755589.1|A/cattle/Texas/24-008749-003/2024(H5N1)	251	1314
HA|PP755589.1|A/cattle/Texas/24-008749-003/2024(H5N1)	252	1307
HA|PP755589.1|A/cattle/Texas/24-008749-003/2024(H5N1)	253	1315
HA|PP755589.1|A/cattle/Texas/24-008749-003/2024(H5N1)	254	1309
HA|PP755589.1|A/cattle/Texas/24-008749-003/2024(H5N1)	255	1313
HA|PP755589.1|A/cattle/Texas/24-008749-003/2024(H5N1)	256	1314
HA|PP755589.1|A/cattle/Texas/24-008749-003/2024(H5N1)	257	1312
HA|PP755589.1|A/cattle/Texas/24-008749-003/2024(H5N1)	258	1315
HA|PP755589.1|A/cattle/Texas/24-008749-003/2024(H5N1)	259	1280
HA|PP755589.1|A/cattle/Texas/24-008749-003/2024(H5N1)	260	1280
HA|PP755589.1|A/cattle/Texas/24-008749-003/2024(H5N1)	261	1280
HA|PP755589.1|A/cattle/Texas/24-008749-003/2024(H5N1)	262	1258
HA|PP755589.1|A/cattle/Texas/24-008749-003/2024(H5N1)	263	1259
HA|PP755589.1|A/cattle/Texas/24-008749-003/2024(H5N1)	264	1209
HA|PP755589.1|A/cattle/Texas/24-008749-003/2024(H5N1)	265	1243
HA|PP755589.1|A/cattle/Texas/24-008749-003/2024(H5N1)	266	1242
HA|PP755589.1|A/cattle/Texas/24-008749-003/2024(H5N1)	267	1241
HA|PP755589.1|A/cattle/Texas/24-008749-003/2024(H5N1)	268	1226
HA|PP755589.1|A/cattle/Texas/24-008749-003/2024(H5N1)	269	1222
HA|PP755589.1|A/cattle/Texas/24-008749-003/2024(H5N1)	270	1231
HA|PP755589.1|A/cattle/Texas/24-008749-003/2024(H5N1)	271	1240
HA|PP755589.1|A/cattle/Texas/24-008749-003/2024(H5N1)	272	1235
HA|PP755589.1|A/cattle/Texas/24-008749-003/2024(H5N1)	273	1235
HA|PP755589.1|A/cattle/Texas/24-008749-003/2024(H5N1)	274	1212
HA|PP755589.1|A/cattle/Texas/24-008749-003/2024(H5N1)	275	1213
HA|PP755589.1|A/cattle/Texas/24-008749-003/2024(H5N1)	276	1308
HA|PP755589.1|A/cattle/Texas/24-008749-003/2024(H5N1)	277	1306
HA|PP755589.1|A/cattle/Texas/24-008749-003/2024(H5N1)	278	1308
HA|PP755589.1|A/cattle/Texas/24-008749-003/2024(H5N1)	279	1309
HA|PP755589.1|A/cattle/Texas/24-008749-003/2024(H5N1)	280	1343
HA|PP755589.1|A/cattle/Texas/24-008749-003/2024(H5N1)	281	1381
HA|PP755589.1|A/cattle/Texas/24-008749-003/2024(H5N1)	282	1388
HA|PP755589.1|A/cattle/Texas/24-008749-003/2024(H5N1)	283	1393
HA|PP755589.1|A/cattle/Texas/24-008749-003/2024(H5N1)	284	1400
HA|PP755589.1|A/cattle/Texas/24-008749-003/2024(H5N1)	285	1211
HA|PP755589.1|A/cattle/Texas/24-008749-003/2024(H5N1)	286	1210
HA|PP755589.1|A/cattle/Texas/24-008749-003/2024(H5N1)	287	1207
HA|PP755589.1|A/cattle/Texas/24-008749-003/2024(H5N1)	288	1217
HA|PP755589.1|A/cattle/Texas/24-008749-003/2024(H5N1)	289	1218
HA|PP755589.1|A/cattle/Texas/24-008749-003/2024(H5N1)	290	1161
HA|PP755589.1|A/cattle/Texas/24-008749-003/2024(H5N1)	291	1158
HA|PP755589.1|A/cattle/Texas/24-008749-003/2024(H5N1)	292	1156
HA|PP755589.1|A/cattle/Texas/24-008749-003/2024(H5N1)	293	1189
HA|PP755589.1|A/cattle/Texas/24-008749-003/2024(H5N1)	294	1211
HA|PP755589.1|A/cattle/Texas/24-008749-003/2024(H5N1)	295	1210
HA|PP755589.1|A/cattle/Texas/24-008749-003/2024(H5N1)	296	1208
HA|PP755589.1|A/cattle/Texas/24-008749-003/2024(H5N1)	297	1203
HA|PP755589.1|A/cattle/Texas/24-008749-003/2024(H5N1)	298	1218
HA|PP755589.1|A/cattle/Texas/24-008749-003/2024(H5N1)	299	1225
HA|PP755589.1|A/cattle/Texas/24-008749-003/2024(H5N1)	300	1214
HA|PP755589.1|A/cattle/Texas/24-008749-003/2024(H5N1)	301	1215
HA|PP755589.1|A/cattle/Texas/24-008749-003/2024(H5N1)	302	1218
HA|PP755589.1|A/cattle/Texas/24-008749-003/2024(H5N1)	303	1200
HA|PP755589.1|A/cattle/Texas/24-008749-003/2024(H5N1)	304	1233
HA|PP755589.1|A/cattle/Texas/24-008749-003/2024(H5N1)	305	1227
HA|PP755589.1|A/cattle/Texas/24-008749-003/2024(H5N1)	306	1227
HA|PP755589.1|A/cattle/Texas/24-008749-003/2024(H5N1)	307	1224
HA|PP755589.1|A/cattle/Texas/24-008749-003/2024(H5N1)	308	1225
HA|PP755589.1|A/cattle/Texas/24-008749-003/2024(H5N1)	309	1229
HA|PP755589.1|A/cattle/Texas/24-008749-003/2024(H5N1)	310	1234
HA|PP755589.1|A/cattle/Texas/24-008749-003/2024(H5N1)	311	1231
HA|PP755589.1|A/cattle/Texas/24-008749-003/2024(H5N1)	312	1232
HA|PP755589.1|A/cattle/Texas/24-008749-003/2024(H5N1)	313	1230
HA|PP755589.1|A/cattle/Texas/24-008749-003/2024(H5N1)	314	1219
HA|PP755589.1|A/cattle/Texas/24-008749-003/2024(H5N1)	315	1274
HA|PP755589.1|A/cattle/Texas/24-008749-003/2024(H5N1)	316	1270
HA|PP755589.1|A/cattle/Texas/24-008749-003/2024(H5N1)	317	1289
HA|PP755589.1|A/cattle/Texas/24-008749-003/2024(H5N1)	318	1288
HA|PP755589.1|A/cattle/Texas/24-008749-003/2024(H5N1)	319	1310
HA|PP755589.1|A/cattle/Texas/24-008749-003/2024(H5N1)	320	1332
HA|PP755589.1|A/cattle/Texas/24-008749-003/2024(H5N1)	321	1357
HA|PP755589.1|A/cattle/Texas/24-008749-003/2024(H5N1)	322	1360
HA|PP755589.1|A/cattle/Texas/24-008749-003/2024(H5N1)	323	1364
HA|PP755589.1|A/cattle/Texas/24-008749-003/2024(H5N1)	324	1314
HA|PP755589.1|A/cattle/Texas/24-008749-003/2024(H5N1)	325	1314
HA|PP755589.1|A/cattle/Texas/24-008749-003/2024(H5N1)	326	1315
HA|PP755589.1|A/cattle/Texas/24-008749-003/2024(H5N1)	327	1314
HA|PP755589.1|A/cattle/Texas/24-008749-003/2024(H5N1)	328	1302
HA|PP755589.1|A/cattle/Texas/24-008749-003/2024(H5N1)	329	1300
HA|PP755589.1|A/cattle/Texas/24-008749-003/2024(H5N1)	330	1302
HA|PP755589.1|A/cattle/Texas/24-008749-003/2024(H5N1)	331	1332
HA|PP755589.1|A/cattle/Texas/24-008749-003/2024(H5N1)	332	1333
HA|PP755589.1|A/cattle/Texas/24-008749-003/2024(H5N1)	333	1334
HA|PP755589.1|A/cattle/Texas/24-008749-003/2024(H5N1)	334	1328
HA|PP755589.1|A/cattle/Texas/24-008749-003/2024(H5N1)	335	1327
HA|PP755589.1|A/cattle/Texas/24-008749-003/2024(H5N1)	336	1336
HA|PP755589.1|A/cattle/Texas/24-008749-003/2024(H5N1)	337	1339
HA|PP755589.1|A/cattle/Texas/24-008749-003/2024(H5N1)	338	1336
HA|PP755589.1|A/cattle/Texas/24-008749-003/2024(H5N1)	339	1334
HA|PP755589.1|A/cattle/Texas/24-008749-003/2024(H5N1)	340	1328
HA|PP755589.1|A/cattle/Texas/24-008749-003/2024(H5N1)	341	1334
HA|PP755589.1|A/cattle/Texas/24-008749-003/2024(H5N1)	342	1332
HA|PP755589.1|A/cattle/Texas/24-008749-003/2024(H5N1)	343	1333
HA|PP755589.1|A/cattle/Texas/24-008749-003/2024(H5N1)	344	1338
HA|PP755589.1|A/cattle/Texas/24-008749-003/2024(H5N1)	345	1335
HA|PP755589.1|A/cattle/Texas/24-008749-003/2024(H5N1)	346	1345
HA|PP755589.1|A/cattle/Texas/24-008749-003/2024(H5N1)	347	1331
HA|PP755589.1|A/cattle/Texas/24-008749-003/2024(H5N1)	348	1328
HA|PP755589.1|A/cattle/Texas/24-008749-003/2024(H5N1)	349	1338
HA|PP755589.1|A/cattle/Texas/24-008749-003/2024(H5N1)	350	1333
HA|PP755589.1|A/cattle/Texas/24-008749-003/2024(H5N1)	351	1337
HA|PP755589.1|A/cattle/Texas/24-008749-003/2024(H5N1)	352	1336
HA|PP755589.1|A/cattle/Texas/24-008749-003/2024(H5N1)	353	1340
HA|PP755589.1|A/cattle/Texas/24-008749-003/2024(H5N1)	354	1356
HA|PP755589.1|A/cattle/Texas/24-008749-003/2024(H5N1)	355	1361
HA|PP755589.1|A/cattle/Texas/24-008749-003/2024(H5N1)	356	1361
HA|PP755589.1|A/cattle/Texas/24-008749-003/2024(H5N1)	357	1366
HA|PP755589.1|A/cattle/Texas/24-008749-003/2024(H5N1)	358	1360
HA|PP755589.1|A/cattle/Texas/24-008749-003/2024(H5N1)	359	1360
HA|PP755589.1|A/cattle/Texas/24-008749-003/2024(H5N1)	360	1358
HA|PP755589.1|A/cattle/Texas/24-008749-003/2024(H5N1)	361	1359
HA|PP755589.1|A/cattle/Texas/24-008749-003/2024(H5N1)	362	1343
HA|PP755589.1|A/cattle/Texas/24-008749-003/2024(H5N1)	363	1362
HA|PP755589.1|A/cattle/Texas/24-008749-003/2024(H5N1)	364	1357
HA|PP755589.1|A/cattle/Texas/24-008749-003/2024(H5N1)	365	1355
HA|PP755589.1|A/cattle/Texas/24-008749-003/2024(H5N1)	366	1360
HA|PP755589.1|A/cattle/Texas/24-008749-003/2024(H5N1)	367	1354
HA|PP755589.1|A/cattle/Texas/24-008749-003/2024(H5N1)	368	1385
HA|PP755589.1|A/cattle/Texas/24-008749-003/2024(H5N1)	369	1382
HA|PP755589.1|A/cattle/Texas/24-008749-003/2024(H5N1)	370	1382
HA|PP755589.1|A/cattle/Texas/24-008749-003/2024(H5N1)	371	1383
HA|PP755589.1|A/cattle/Texas/24-008749-003/2024(H5N1)	372	1372
HA|PP755589.1|A/cattle/Texas/24-008749-003/2024(H5N1)	373	1346
HA|PP755589.1|A/cattle/Texas/24-008749-003/2024(H5N1)	374	1346
HA|PP755589.1|A/cattle/Texas/24-008749-003/2024(H5N1)	375	1342
HA|PP755589.1|A/cattle/Texas/24-008749-003/2024(H5N1)	376	1342
HA|PP755589.1|A/cattle/Texas/24-008749-003/2024(H5N1)	377	1319
HA|PP755589.1|A/cattle/Texas/24-008749-003/2024(H5N1)	378	1320
HA|PP755589.1|A/cattle/Texas/24-008749-003/2024(H5N1)	379	1318
HA|PP755589.1|A/cattle/Texas/24-008749-003/2024(H5N1)	380	1318
HA|PP755589.1|A/cattle/Texas/24-008749-003/2024(H5N1)	381	1318
HA|PP755589.1|A/cattle/Texas/24-008749-003/2024(H5N1)	382	1318
HA|PP755589.1|A/cattle/Texas/24-008749-003/2024(H5N1)	383	1316
HA|PP755589.1|A/cattle/Texas/24-008749-003/2024(H5N1)	384	1308
HA|PP755589.1|A/cattle/Texas/24-008749-003/2024(H5N1)	385	1309
HA|PP755589.1|A/cattle/Texas/24-008749-003/2024(H5N1)	386	1314
HA|PP755589.1|A/cattle/Texas/24-008749-003/2024(H5N1)	387	1320
HA|PP755589.1|A/cattle/Texas/24-008749-003/2024(H5N1)	388	1330
HA|PP755589.1|A/cattle/Texas/24-008749-003/2024(H5N1)	389	1333
HA|PP755589.1|A/cattle/Texas/24-008749-003/2024(H5N1)	390	1334
HA|PP755589.1|A/cattle/Texas/24-008749-003/2024(H5N1)	391	1334
HA|PP755589.1|A/cattle/Texas/24-008749-003/2024(H5N1)	392	1329
HA|PP755589.1|A/cattle/Texas/24-008749-003/2024(H5N1)	393	1344
HA|PP755589.1|A/cattle/Texas/24-008749-003/2024(H5N1)	394	1347
HA|PP755589.1|A/cattle/Texas/24-008749-003/2024(H5N1)	395	1346
HA|PP755589.1|A/cattle/Texas/24-008749-003/2024(H5N1)	396	1356
HA|PP755589.1|A/cattle/Texas/24-008749-003/2024(H5N1)	397	1352
HA|PP755589.1|A/cattle/Texas/24-008749-003/2024(H5N1)	398	1353
HA|PP755589.1|A/cattle/Texas/24-008749-003/2024(H5N1)	399	1372
HA|PP755589.1|A/cattle/Texas/24-008749-003/2024(H5N1)	400	1388
HA|PP755589.1|A/cattle/Texas/24-008749-003/2024(H5N1)	401	1388
HA|PP755589.1|A/cattle/Texas/24-008749-003/2024(H5N1)	402	1393
HA|PP755589.1|A/cattle/Texas/24-008749-003/2024(H5N1)	403	1394
HA|PP755589.1|A/cattle/Texas/24-008749-003/2024(H5N1)	404	1396
HA|PP755589.1|A/cattle/Texas/24-008749-003/2024(H5N1)	405	1398
HA|PP755589.1|A/cattle/Texas/24-008749-003/2024(H5N1)	406	1395
HA|PP755589.1|A/cattle/Texas/24-008749-003/2024(H5N1)	407	1397
HA|PP755589.1|A/cattle/Texas/24-008749-003/2024(H5N1)	408	1366
HA|PP755589.1|A/cattle/Texas/24-008749-003/2024(H5N1)	409	1370
HA|PP755589.1|A/cattle/Texas/24-008749-003/2024(H5N1)	410	1367
HA|PP755589.1|A/cattle/Texas/24-008749-003/2024(H5N1)	411	1362
HA|PP755589.1|A/cattle/Texas/24-008749-003/2024(H5N1)	412	1355
HA|PP755589.1|A/cattle/Texas/24-008749-003/2024(H5N1)	413	1362
HA|PP755589.1|A/cattle/Texas/24-008749-003/2024(H5N1)	414	1356
HA|PP755589.1|A/cattle/Texas/24-008749-003/2024(H5N1)	415	1355
HA|PP755589.1|A/cattle/Texas/24-008749-003/2024(H5N1)	416	1356
HA|PP755589.1|A/cattle/Texas/24-008749-003/2024(H5N1)	417	1366
HA|PP755589.1|A/cattle/Texas/24-008749-003/2024(H5N1)	418	1367
HA|PP755589.1|A/cattle/Texas/24-008749-003/2024(H5N1)	419	1364
HA|PP755589.1|A/cattle/Texas/24-008749-003/2024(H5N1)	420	1364
HA|PP755589.1|A/cattle/Texas/24-008749-003/2024(H5N1)	421	1366
HA|PP755589.1|A/cattle/Texas/24-008749-003/2024(H5N1)	422	1365
HA|PP755589.1|A/cattle/Texas/24-008749-003/2024(H5N1)	423	1367
HA|PP755589.1|A/cattle/Texas/24-008749-003/2024(H5N1)	424	1352
HA|PP755589.1|A/cattle/Texas/24-008749-003/2024(H5N1)	425	1353
HA|PP755589.1|A/cattle/Texas/24-008749-003/2024(H5N1)	426	1345
HA|PP755589.1|A/cattle/Texas/24-008749-003/2024(H5N1)	427	1348
HA|PP755589.1|A/cattle/Texas/24-008749-003/2024(H5N1)	428	1354
HA|PP755589.1|A/cattle/Texas/24-008749-003/2024(H5N1)	429	1355
HA|PP755589.1|A/cattle/Texas/24-008749-003/2024(H5N1)	430	1356
HA|PP755589.1|A/cattle/Texas/24-008749-003/2024(H5N1)	431	1392
HA|PP755589.1|A/cattle/Texas/24-008749-003/2024(H5N1)	432	1392
HA|PP755589.1|A/cattle/Texas/24-008749-003/2024(H5N1)	433	1406
HA|PP755589.1|A/cattle/Texas/24-008749-003/2024(H5N1)	434	1405
HA|PP755589.1|A/cattle/Texas/24-008749-003/2024(H5N1)	435	1402
HA|PP755589.1|A/cattle/Texas/24-008749-003/2024(H5N1)	436	1401
HA|PP755589.1|A/cattle/Texas/24-008749-003/2024(H5N1)	437	1401
HA|PP755589.1|A/cattle/Texas/24-008749-003/2024(H5N1)	438	1411
HA|PP755589.1|A/cattle/Texas/24-008749-003/2024(H5N1)	439	1409
HA|PP755589.1|A/cattle/Texas/24-008749-003/2024(H5N1)	440	1363
HA|PP755589.1|A/cattle/Texas/24-008749-003/2024(H5N1)	441	1372
HA|PP755589.1|A/cattle/Texas/24-008749-003/2024(H5N1)	442	1350
HA|PP755589.1|A/cattle/Texas/24-008749-003/2024(H5N1)	443	1349
HA|PP755589.1|A/cattle/Texas/24-008749-003/2024(H5N1)	444	1354
HA|PP755589.1|A/cattle/Texas/24-008749-003/2024(H5N1)	445	1357
HA|PP755589.1|A/cattle/Texas/24-008749-003/2024(H5N1)	446	1366
HA|PP755589.1|A/cattle/Texas/24-008749-003/2024(H5N1)	447	1358
HA|PP755589.1|A/cattle/Texas/24-008749-003/2024(H5N1)	448	1362
HA|PP755589.1|A/cattle/Texas/24-008749-003/2024(H5N1)	449	1367
HA|PP755589.1|A/cattle/Texas/24-008749-003/2024(H5N1)	450	1360
HA|PP755589.1|A/cattle/Texas/24-008749-003/2024(H5N1)	451	1361
HA|PP755589.1|A/cattle/Texas/24-008749-003/2024(H5N1)	452	1391
HA|PP755589.1|A/cattle/Texas/24-008749-003/2024(H5N1)	453	1395
HA|PP755589.1|A/cattle/Texas/24-008749-003/2024(H5N1)	454	1396
HA|PP755589.1|A/cattle/Texas/24-008749-003/2024(H5N1)	455	1385
HA|PP755589.1|A/cattle/Texas/24-008749-003/2024(H5N1)	456	1411
HA|PP755589.1|A/cattle/Texas/24-008749-003/2024(H5N1)	457	1411
HA|PP755589.1|A/cattle/Texas/24-008749-003/2024(H5N1)	458	1403
HA|PP755589.1|A/cattle/Texas/24-008749-003/2024(H5N1)	459	1409
HA|PP755589.1|A/cattle/Texas/24-008749-003/2024(H5N1)	460	1403
HA|PP755589.1|A/cattle/Texas/24-008749-003/2024(H5N1)	461	1353
HA|PP755589.1|A/cattle/Texas/24-008749-003/2024(H5N1)	462	1354
HA|PP755589.1|A/cattle/Texas/24-008749-003/2024(H5N1)	463	1351
HA|PP755589.1|A/cattle/Texas/24-008749-003/2024(H5N1)	464	1351
HA|PP755589.1|A/cattle/Texas/24-008749-003/2024(H5N1)	465	1316
HA|PP755589.1|A/cattle/Texas/24-008749-003/2024(H5N1)	466	1310
HA|PP755589.1|A/cattle/Texas/24-008749-003/2024(H5N1)	467	1309
HA|PP755589.1|A/cattle/Texas/24-008749-003/2024(H5N1)	468	1304
HA|PP755589.1|A/cattle/Texas/24-008749-003/2024(H5N1)	469	1302
HA|PP755589.1|A/cattle/Texas/24-008749-003/2024(H5N1)	470	1300
HA|PP755589.1|A/cattle/Texas/24-008749-003/2024(H5N1)	471	1296
HA|PP755589.1|A/cattle/Texas/24-008749-003/2024(H5N1)	472	1310
HA|PP755589.1|A/cattle/Texas/24-008749-003/2024(H5N1)	473	1313
HA|PP755589.1|A/cattle/Texas/24-008749-003/2024(H5N1)	474	1306
HA|PP755589.1|A/cattle/Texas/24-008749-003/2024(H5N1)	475	1306
HA|PP755589.1|A/cattle/Texas/24-008749-003/2024(H5N1)	476	1307
HA|PP755589.1|A/cattle/Texas/24-008749-003/2024(H5N1)	477	1308
HA|PP755589.1|A/cattle/Texas/24-008749-003/2024(H5N1)	478	1308
HA|PP755589.1|A/cattle/Texas/24-008749-003/2024(H5N1)	479	1305
HA|PP755589.1|A/cattle/Texas/24-008749-003/2024(H5N1)	480	1308
HA|PP755589.1|A/cattle/Texas/24-008749-003/2024(H5N1)	481	1305
HA|PP755589.1|A/cattle/Texas/24-008749-003/2024(H5N1)	482	1315
HA|PP755589.1|A/cattle/Texas/24-008749-003/2024(H5N1)	483	1311
HA|PP755589.1|A/cattle/Texas/24-008749-003/2024(H5N1)	484	1315
HA|PP755589.1|A/cattle/Texas/24-008749-003/2024(H5N1)	485	1323
HA|PP755589.1|A/cattle/Texas/24-008749-003/2024(H5N1)	486	1320
HA|PP755589.1|A/cattle/Texas/24-008749-003/2024(H5N1)	487	1332
HA|PP755589.1|A/cattle/Texas/24-008749-003/2024(H5N1)	488	1333
HA|PP755589.1|A/cattle/Texas/24-008749-003/2024(H5N1)	489	1348
HA|PP755589.1|A/cattle/Texas/24-008749-003/2024(H5N1)	490	1398
HA|PP755589.1|A/cattle/Texas/24-008749-003/2024(H5N1)	491	1387
HA|PP755589.1|A/cattle/Texas/24-008749-003/2024(H5N1)	492	1387
HA|PP755589.1|A/cattle/Texas/24-008749-003/2024(H5N1)	493	1379
HA|PP755589.1|A/cattle/Texas/24-008749-003/2024(H5N1)	494	1381
HA|PP755589.1|A/cattle/Texas/24-008749-003/2024(H5N1)	495	1378
HA|PP755589.1|A/cattle/Texas/24-008749-003/2024(H5N1)	496	1368
HA|PP755589.1|A/cattle/Texas/24-008749-003/2024(H5N1)	497	1361
HA|PP755589.1|A/cattle/Texas/24-008749-003/2024(H5N1)	498	1342
HA|PP755589.1|A/cattle/Texas/24-008749-003/2024(H5N1)	499	1339
HA|PP755589.1|A/cattle/Texas/24-008749-003/2024(H5N1)	500	1342
HA|PP755589.1|A/cattle/Texas/24-008749-003/2024(H5N1)	501	1352
HA|PP755589.1|A/cattle/Texas/24-008749-003/2024(H5N1)	502	1362
HA|PP755589.1|A/cattle/Texas/24-008749-003/2024(H5N1)	503	1357
HA|PP755589.1|A/cattle/Texas/24-008749-003/2024(H5N1)	504	1352
HA|PP755589.1|A/cattle/Texas/24-008749-003/2024(H5N1)	505	1352
HA|PP755589.1|A/cattle/Texas/24-008749-003/2024(H5N1)	506	1347
HA|PP755589.1|A/cattle/Texas/24-008749-003/2024(H5N1)	507	1360
HA|PP755589.1|A/cattle/Texas/24-008749-003/2024(H5N1)	508	1352
HA|PP755589.1|A/cattle/Texas/24-008749-003/2024(H5N1)	509	1351
HA|PP755589.1|A/cattle/Texas/24-008749-003/2024(H5N1)	510	1352
HA|PP755589.1|A/cattle/Texas/24-008749-003/2024(H5N1)	511	1374
HA|PP755589.1|A/cattle/Texas/24-008749-003/2024(H5N1)	512	1406
HA|PP755589.1|A/cattle/Texas/24-008749-003/2024(H5N1)	513	1412
HA|PP755589.1|A/cattle/Texas/24-008749-003/2024(H5N1)	514	1412
HA|PP755589.1|A/cattle/Texas/24-008749-003/2024(H5N1)	515	1413
HA|PP755589.1|A/cattle/Texas/24-008749-003/2024(H5N1)	516	1414
HA|PP755589.1|A/cattle/Texas/24-008749-003/2024(H5N1)	517	1414
HA|PP755589.1|A/cattle/Texas/24-008749-003/2024(H5N1)	518	1413
HA|PP755589.1|A/cattle/Texas/24-008749-003/2024(H5N1)	519	1419
HA|PP755589.1|A/cattle/Texas/24-008749-003/2024(H5N1)	520	1419
HA|PP755589.1|A/cattle/Texas/24-008749-003/2024(H5N1)	521	1390
HA|PP755589.1|A/cattle/Texas/24-008749-003/2024(H5N1)	522	1361
HA|PP755589.1|A/cattle/Texas/24-008749-003/2024(H5N1)	523	1362
HA|PP755589.1|A/cattle/Texas/24-008749-003/2024(H5N1)	524	1414
HA|PP755589.1|A/cattle/Texas/24-008749-003/2024(H5N1)	525	1395
HA|PP755589.1|A/cattle/Texas/24-008749-003/2024(H5N1)	526	1399
HA|PP755589.1|A/cattle/Texas/24-008749-003/2024(H5N1)	527	1343
HA|PP755589.1|A/cattle/Texas/24-008749-003/2024(H5N1)	528	1339
HA|PP755589.1|A/cattle/Texas/24-008749-003/2024(H5N1)	529	1339
HA|PP755589.1|A/cattle/Texas/24-008749-003/2024(H5N1)	530	1338
HA|PP755589.1|A/cattle/Texas/24-008749-003/2024(H5N1)	531	1340
HA|PP755589.1|A/cattle/Texas/24-008749-003/2024(H5N1)	532	1321
HA|PP755589.1|A/cattle/Texas/24-008749-003/2024(H5N1)	533	1306
HA|PP755589.1|A/cattle/Texas/24-008749-003/2024(H5N1)	534	1309
HA|PP755589.1|A/cattle/Texas/24-008749-003/2024(H5N1)	535	1322
HA|PP755589.1|A/cattle/Texas/24-008749-003/2024(H5N1)	536	1349
HA|PP755589.1|A/cattle/Texas/24-008749-003/2024(H5N1)	537	1349
HA|PP755589.1|A/cattle/Texas/24-008749-003/2024(H5N1)	538	1347
HA|PP755589.1|A/cattle/Texas/24-008749-003/2024(H5N1)	539	1339
HA|PP755589.1|A/cattle/Texas/24-008749-003/2024(H5N1)	540	1415
HA|PP755589.1|A/cattle/Texas/24-008749-003/2024(H5N1)	541	1415
HA|PP755589.1|A/cattle/Texas/24-008749-003/2024(H5N1)	542	1419
HA|PP755589.1|A/cattle/Texas/24-008749-003/2024(H5N1)	543	1422
HA|PP755589.1|A/cattle/Texas/24-008749-003/2024(H5N1)	544	1391
HA|PP755589.1|A/cattle/Texas/24-008749-003/2024(H5N1)	545	1376
HA|PP755589.1|A/cattle/Texas/24-008749-003/2024(H5N1)	546	1377
HA|PP755589.1|A/cattle/Texas/24-008749-003/2024(H5N1)	547	1375
HA|PP755589.1|A/cattle/Texas/24-008749-003/2024(H5N1)	548	1375
HA|PP755589.1|A/cattle/Texas/24-008749-003/2024(H5N1)	549	1314
HA|PP755589.1|A/cattle/Texas/24-008749-003/2024(H5N1)	550	1310
HA|PP755589.1|A/cattle/Texas/24-008749-003/2024(H5N1)	551	1334
HA|PP755589.1|A/cattle/Texas/24-008749-003/2024(H5N1)	552	1336
HA|PP755589.1|A/cattle/Texas/24-008749-003/2024(H5N1)	553	1338
HA|PP755589.1|A/cattle/Texas/24-008749-003/2024(H5N1)	554	1335
HA|PP755589.1|A/cattle/Texas/24-008749-003/2024(H5N1)	555	1316
HA|PP755589.1|A/cattle/Texas/24-008749-003/2024(H5N1)	556	1318
HA|PP755589.1|A/cattle/Texas/24-008749-003/2024(H5N1)	557	1328
HA|PP755589.1|A/cattle/Texas/24-008749-003/2024(H5N1)	558	1327
HA|PP755589.1|A/cattle/Texas/24-008749-003/2024(H5N1)	559	1342
HA|PP755589.1|A/cattle/Texas/24-008749-003/2024(H5N1)	560	1333
HA|PP755589.1|A/cattle/Texas/24-008749-003/2024(H5N1)	561	1349
HA|PP755589.1|A/cattle/Texas/24-008749-003/2024(H5N1)	562	1369
HA|PP755589.1|A/cattle/Texas/24-008749-003/2024(H5N1)	563	1392
HA|PP755589.1|A/cattle/Texas/24-008749-003/2024(H5N1)	564	1412
HA|PP755589.1|A/cattle/Texas/24-008749-003/2024(H5N1)	565	1415
HA|PP755589.1|A/cattle/Texas/24-008749-003/2024(H5N1)	566	1389
HA|PP755589.1|A/cattle/Texas/24-008749-003/2024(H5N1)	567	1391
HA|PP755589.1|A/cattle/Texas/24-008749-003/2024(H5N1)	568	1388
HA|PP755589.1|A/cattle/Texas/24-008749-003/2024(H5N1)	569	1386
HA|PP755589.1|A/cattle/Texas/24-008749-003/2024(H5N1)	570	1386
HA|PP755589.1|A/cattle/Texas/24-008749-003/2024(H5N1)	571	1389
HA|PP755589.1|A/cattle/Texas/24-008749-003/2024(H5N1)	572	1346
HA|PP755589.1|A/cattle/Texas/24-008749-003/2024(H5N1)	573	1375
HA|PP755589.1|A/cattle/Texas/24-008749-003/2024(H5N1)	574	1367
HA|PP755589.1|A/cattle/Texas/24-008749-003/2024(H5N1)	575	1368
HA|PP755589.1|A/cattle/Texas/24-008749-003/2024(H5N1)	576	1369
HA|PP755589.1|A/cattle/Texas/24-008749-003/2024(H5N1)	577	1365
HA|PP755589.1|A/cattle/Texas/24-008749-003/2024(H5N1)	578	1385
HA|PP755589.1|A/cattle/Texas/24-008749-003/2024(H5N1)	579	1380
HA|PP755589.1|A/cattle/Texas/24-008749-003/2024(H5N1)	580	1368
HA|PP755589.1|A/cattle/Texas/24-008749-003/2024(H5N1)	581	1368
HA|PP755589.1|A/cattle/Texas/24-008749-003/2024(H5N1)	582	1332
HA|PP755589.1|A/cattle/Texas/24-008749-003/2024(H5N1)	583	1334
HA|PP755589.1|A/cattle/Texas/24-008749-003/2024(H5N1)	584	1333
HA|PP755589.1|A/cattle/Texas/24-008749-003/2024(H5N1)	585	1340
HA|PP755589.1|A/cattle/Texas/24-008749-003/2024(H5N1)	586	1353
HA|PP755589.1|A/cattle/Texas/24-008749-003/2024(H5N1)	587	1329
HA|PP755589.1|A/cattle/Texas/24-008749-003/2024(H5N1)	588	1344
HA|PP755589.1|A/cattle/Texas/24-008749-003/2024(H5N1)	589	1342
HA|PP755589.1|A/cattle/Texas/24-008749-003/2024(H5N1)	590	1339
HA|PP755589.1|A/cattle/Texas/24-008749-003/2024(H5N1)	591	1351
HA|PP755589.1|A/cattle/Texas/24-008749-003/2024(H5N1)	592	1344
HA|PP755589.1|A/cattle/Texas/24-008749-003/2024(H5N1)	593	1345
HA|PP755589.1|A/cattle/Texas/24-008749-003/2024(H5N1)	594	1349
HA|PP755589.1|A/cattle/Texas/24-008749-003/2024(H5N1)	595	1338
HA|PP755589.1|A/cattle/Texas/24-008749-003/2024(H5N1)	596	1379
HA|PP755589.1|A/cattle/Texas/24-008749-003/2024(H5N1)	597	1370
HA|PP755589.1|A/cattle/Texas/24-008749-003/2024(H5N1)	598	1374
HA|PP755589.1|A/cattle/Texas/24-008749-003/2024(H5N1)	599	1374
HA|PP755589.1|A/cattle/Texas/24-008749-003/2024(H5N1)	600	1364
HA|PP755589.1|A/cattle/Texas/24-008749-003/2024(H5N1)	601	1368
HA|PP755589.1|A/cattle/Texas/24-008749-003/2024(H5N1)	602	1365
HA|PP755589.1|A/cattle/Texas/24-008749-003/2024(H5N1)	603	1364
HA|PP755589.1|A/cattle/Texas/24-008749-003/2024(H5N1)	604	1372
HA|PP755589.1|A/cattle/Texas/24-008749-003/2024(H5N1)	605	1333
HA|PP755589.1|A/cattle/Texas/24-008749-003/2024(H5N1)	606	1335
HA|PP755589.1|A/cattle/Texas/24-008749-003/2024(H5N1)	607	1335
HA|PP755589.1|A/cattle/Texas/24-008749-003/2024(H5N1)	608	1345
HA|PP755589.1|A/cattle/Texas/24-008749-003/2024(H5N1)	609	1353
HA|PP755589.1|A/cattle/Texas/24-008749-003/2024(H5N1)	610	1349
HA|PP755589.1|A/cattle/Texas/24-008749-003/2024(H5N1)	611	1358
HA|PP755589.1|A/cattle/Texas/24-008749-003/2024(H5N1)	612	1354
HA|PP755589.1|A/cattle/Texas/24-008749-003/2024(H5N1)	613	1361
HA|PP755589.1|A/cattle/Texas/24-008749-003/2024(H5N1)	614	1388
HA|PP755589.1|A/cattle/Texas/24-008749-003/2024(H5N1)	615	1402
HA|PP755589.1|A/cattle/Texas/24-008749-003/2024(H5N1)	616	1404
HA|PP755589.1|A/cattle/Texas/24-008749-003/2024(H5N1)	617	1391
HA|PP755589.1|A/cattle/Texas/24-008749-003/2024(H5N1)	618	1391
HA|PP755589.1|A/cattle/Texas/24-008749-003/2024(H5N1)	619	1380
HA|PP755589.1|A/cattle/Texas/24-008749-003/2024(H5N1)	620	1390
HA|PP755589.1|A/cattle/Texas/24-008749-003/2024(H5N1)	621	1390
HA|PP755589.1|A/cattle/Texas/24-008749-003/2024(H5N1)	622	1385
HA|PP755589.1|A/cattle/Texas/24-008749-003/2024(H5N1)	623	1386
HA|PP755589.1|A/cattle/Texas/24-008749-003/2024(H5N1)	624	1387
HA|PP755589.1|A/cattle/Texas/24-008749-003/2024(H5N1)	625	1415
HA|PP755589.1|A/cattle/Texas/24-008749-003/2024(H5N1)	626	1415
HA|PP755589.1|A/cattle/Texas/24-008749-003/2024(H5N1)	627	1417
HA|PP755589.1|A/cattle/Texas/24-008749-003/2024(H5N1)	628	1413
HA|PP755589.1|A/cattle/Texas/24-008749-003/2024(H5N1)	629	1409
HA|PP755589.1|A/cattle/Texas/24-008749-003/2024(H5N1)	630	1405
HA|PP755589.1|A/cattle/Texas/24-008749-003/2024(H5N1)	631	1428
HA|PP755589.1|A/cattle/Texas/24-008749-003/2024(H5N1)	632	1455
HA|PP755589.1|A/cattle/Texas/24-008749-003/2024(H5N1)	633	1468
HA|PP755589.1|A/cattle/Texas/24-008749-003/2024(H5N1)	634	1476
HA|PP755589.1|A/cattle/Texas/24-008749-003/2024(H5N1)	635	1495
HA|PP755589.1|A/cattle/Texas/24-008749-003/2024(H5N1)	636	1502
HA|PP755589.1|A/cattle/Texas/24-008749-003/2024(H5N1)	637	1501
HA|PP755589.1|A/cattle/Texas/24-008749-003/2024(H5N1)	638	1516
HA|PP755589.1|A/cattle/Texas/24-008749-003/2024(H5N1)	639	1527
HA|PP755589.1|A/cattle/Texas/24-008749-003/2024(H5N1)	640	1518
HA|PP755589.1|A/cattle/Texas/24-008749-003/2024(H5N1)	641	1527
HA|PP755589.1|A/cattle/Texas/24-008749-003/2024(H5N1)	642	1525
HA|PP755589.1|A/cattle/Texas/24-008749-003/2024(H5N1)	643	1523
HA|PP755589.1|A/cattle/Texas/24-008749-003/2024(H5N1)	644	1521
HA|PP755589.1|A/cattle/Texas/24-008749-003/2024(H5N1)	645	1522
HA|PP755589.1|A/cattle/Texas/24-008749-003/2024(H5N1)	646	1527
HA|PP755589.1|A/cattle/Texas/24-008749-003/2024(H5N1)	647	1514
HA|PP755589.1|A/cattle/Texas/24-008749-003/2024(H5N1)	648	1521
HA|PP755589.1|A/cattle/Texas/24-008749-003/2024(H5N1)	649	1520
HA|PP755589.1|A/cattle/Texas/24-008749-003/2024(H5N1)	650	1512
HA|PP755589.1|A/cattle/Texas/24-008749-003/2024(H5N1)	651	1519
HA|PP755589.1|A/cattle/Texas/24-008749-003/2024(H5N1)	652	1519
HA|PP755589.1|A/cattle/Texas/24-008749-003/2024(H5N1)	653	1519
HA|PP755589.1|A/cattle/Texas/24-008749-003/2024(H5N1)	654	1519
HA|PP755589.1|A/cattle/Texas/24-008749-003/2024(H5N1)	655	1515
HA|PP755589.1|A/cattle/Texas/24-008749-003/2024(H5N1)	656	1515
HA|PP755589.1|A/cattle/Texas/24-008749-003/2024(H5N1)	657	1514
HA|PP755589.1|A/cattle/Texas/24-008749-003/2024(H5N1)	658	1536
HA|PP755589.1|A/cattle/Texas/24-008749-003/2024(H5N1)	659	1577
HA|PP755589.1|A/cattle/Texas/24-008749-003/2024(H5N1)	660	1560
HA|PP755589.1|A/cattle/Texas/24-008749-003/2024(H5N1)	661	1566
HA|PP755589.1|A/cattle/Texas/24-008749-003/2024(H5N1)	662	1563
HA|PP755589.1|A/cattle/Texas/24-008749-003/2024(H5N1)	663	1565
HA|PP755589.1|A/cattle/Texas/24-008749-003/2024(H5N1)	664	1573
HA|PP755589.1|A/cattle/Texas/24-008749-003/2024(H5N1)	665	1572
HA|PP755589.1|A/cattle/Texas/24-008749-003/2024(H5N1)	666	1578
HA|PP755589.1|A/cattle/Texas/24-008749-003/2024(H5N1)	667	1577
HA|PP755589.1|A/cattle/Texas/24-008749-003/2024(H5N1)	668	1556
HA|PP755589.1|A/cattle/Texas/24-008749-003/2024(H5N1)	669	1570
HA|PP755589.1|A/cattle/Texas/24-008749-003/2024(H5N1)	670	1566
HA|PP755589.1|A/cattle/Texas/24-008749-003/2024(H5N1)	671	1589
HA|PP755589.1|A/cattle/Texas/24-008749-003/2024(H5N1)	672	1582
HA|PP755589.1|A/cattle/Texas/24-008749-003/2024(H5N1)	673	1570
HA|PP755589.1|A/cattle/Texas/24-008749-003/2024(H5N1)	674	1572
HA|PP755589.1|A/cattle/Texas/24-008749-003/2024(H5N1)	675	1571
HA|PP755589.1|A/cattle/Texas/24-008749-003/2024(H5N1)	676	1562
HA|PP755589.1|A/cattle/Texas/24-008749-003/2024(H5N1)	677	1568
HA|PP755589.1|A/cattle/Texas/24-008749-003/2024(H5N1)	678	1564
HA|PP755589.1|A/cattle/Texas/24-008749-003/2024(H5N1)	679	1569
HA|PP755589.1|A/cattle/Texas/24-008749-003/2024(H5N1)	680	1562
HA|PP755589.1|A/cattle/Texas/24-008749-003/2024(H5N1)	681	1561
HA|PP755589.1|A/cattle/Texas/24-008749-003/2024(H5N1)	682	1542
HA|PP755589.1|A/cattle/Texas/24-008749-003/2024(H5N1)	683	1543
HA|PP755589.1|A/cattle/Texas/24-008749-003/2024(H5N1)	684	1584
HA|PP755589.1|A/cattle/Texas/24-008749-003/2024(H5N1)	685	1590
HA|PP755589.1|A/cattle/Texas/24-008749-003/2024(H5N1)	686	1591
HA|PP755589.1|A/cattle/Texas/24-008749-003/2024(H5N1)	687	1592
HA|PP755589.1|A/cattle/Texas/24-008749-003/2024(H5N1)	688	1591
HA|PP755589.1|A/cattle/Texas/24-008749-003/2024(H5N1)	689	1585
HA|PP755589.1|A/cattle/Texas/24-008749-003/2024(H5N1)	690	1585
HA|PP755589.1|A/cattle/Texas/24-008749-003/2024(H5N1)	691	1602
HA|PP755589.1|A/cattle/Texas/24-008749-003/2024(H5N1)	692	1608
HA|PP755589.1|A/cattle/Texas/24-008749-003/2024(H5N1)	693	1609
HA|PP755589.1|A/cattle/Texas/24-008749-003/2024(H5N1)	694	1614
HA|PP755589.1|A/cattle/Texas/24-008749-003/2024(H5N1)	695	1621
HA|PP755589.1|A/cattle/Texas/24-008749-003/2024(H5N1)	696	1622
HA|PP755589.1|A/cattle/Texas/24-008749-003/2024(H5N1)	697	1616
HA|PP755589.1|A/cattle/Texas/24-008749-003/2024(H5N1)	698	1610
HA|PP755589.1|A/cattle/Texas/24-008749-003/2024(H5N1)	699	1642
HA|PP755589.1|A/cattle/Texas/24-008749-003/2024(H5N1)	700	1630
HA|PP755589.1|A/cattle/Texas/24-008749-003/2024(H5N1)	701	1631
HA|PP755589.1|A/cattle/Texas/24-008749-003/2024(H5N1)	702	1631
HA|PP755589.1|A/cattle/Texas/24-008749-003/2024(H5N1)	703	1634
HA|PP755589.1|A/cattle/Texas/24-008749-003/2024(H5N1)	704	1630
HA|PP755589.1|A/cattle/Texas/24-008749-003/2024(H5N1)	705	1626
HA|PP755589.1|A/cattle/Texas/24-008749-003/2024(H5N1)	706	1631
HA|PP755589.1|A/cattle/Texas/24-008749-003/2024(H5N1)	707	1616
HA|PP755589.1|A/cattle/Texas/24-008749-003/2024(H5N1)	708	1618
HA|PP755589.1|A/cattle/Texas/24-008749-003/2024(H5N1)	709	1612
HA|PP755589.1|A/cattle/Texas/24-008749-003/2024(H5N1)	710	1612
HA|PP755589.1|A/cattle/Texas/24-008749-003/2024(H5N1)	711	1611
HA|PP755589.1|A/cattle/Texas/24-008749-003/2024(H5N1)	712	1613
HA|PP755589.1|A/cattle/Texas/24-008749-003/2024(H5N1)	713	1610
HA|PP755589.1|A/cattle/Texas/24-008749-003/2024(H5N1)	714	1646
HA|PP755589.1|A/cattle/Texas/24-008749-003/2024(H5N1)	715	1651
HA|PP755589.1|A/cattle/Texas/24-008749-003/2024(H5N1)	716	1659
HA|PP755589.1|A/cattle/Texas/24-008749-003/2024(H5N1)	717	1655
HA|PP755589.1|A/cattle/Texas/24-008749-003/2024(H5N1)	718	1650
HA|PP755589.1|A/cattle/Texas/24-008749-003/2024(H5N1)	719	1653
HA|PP755589.1|A/cattle/Texas/24-008749-003/2024(H5N1)	720	1653
HA|PP755589.1|A/cattle/Texas/24-008749-003/2024(H5N1)	721	1670
HA|PP755589.1|A/cattle/Texas/24-008749-003/2024(H5N1)	722	1680
HA|PP755589.1|A/cattle/Texas/24-008749-003/2024(H5N1)	723	1645
HA|PP755589.1|A/cattle/Texas/24-008749-003/2024(H5N1)	724	1647
HA|PP755589.1|A/cattle/Texas/24-008749-003/2024(H5N1)	725	1643
HA|PP755589.1|A/cattle/Texas/24-008749-003/2024(H5N1)	726	1654
HA|PP755589.1|A/cattle/Texas/24-008749-003/2024(H5N1)	727	1669
HA|PP755589.1|A/cattle/Texas/24-008749-003/2024(H5N1)	728	1663
HA|PP755589.1|A/cattle/Texas/24-008749-003/2024(H5N1)	729	1665
HA|PP755589.1|A/cattle/Texas/24-008749-003/2024(H5N1)	730	1657
HA|PP755589.1|A/cattle/Texas/24-008749-003/2024(H5N1)	731	1643
HA|PP755589.1|A/cattle/Texas/24-008749-003/2024(H5N1)	732	1732
HA|PP755589.1|A/cattle/Texas/24-008749-003/2024(H5N1)	733	1727
HA|PP755589.1|A/cattle/Texas/24-008749-003/2024(H5N1)	734	1735
HA|PP755589.1|A/cattle/Texas/24-008749-003/2024(H5N1)	735	1737
HA|PP755589.1|A/cattle/Texas/24-008749-003/2024(H5N1)	736	1715
HA|PP755589.1|A/cattle/Texas/24-008749-003/2024(H5N1)	737	1718
HA|PP755589.1|A/cattle/Texas/24-008749-003/2024(H5N1)	738	1713
HA|PP755589.1|A/cattle/Texas/24-008749-003/2024(H5N1)	739	1712
HA|PP755589.1|A/cattle/Texas/24-008749-003/2024(H5N1)	740	1707
HA|PP755589.1|A/cattle/Texas/24-008749-003/2024(H5N1)	741	1616
HA|PP755589.1|A/cattle/Texas/24-008749-003/2024(H5N1)	742	1633
HA|PP755589.1|A/cattle/Texas/24-008749-003/2024(H5N1)	743	1653
HA|PP755589.1|A/cattle/Texas/24-008749-003/2024(H5N1)	744	1683
HA|PP755589.1|A/cattle/Texas/24-008749-003/2024(H5N1)	745	1681
HA|PP755589.1|A/cattle/Texas/24-008749-003/2024(H5N1)	746	1676
HA|PP755589.1|A/cattle/Texas/24-008749-003/2024(H5N1)	747	1678
HA|PP755589.1|A/cattle/Texas/24-008749-003/2024(H5N1)	748	1681
HA|PP755589.1|A/cattle/Texas/24-008749-003/2024(H5N1)	749	1686
HA|PP755589.1|A/cattle/Texas/24-008749-003/2024(H5N1)	750	1683
HA|PP755589.1|A/cattle/Texas/24-008749-003/2024(H5N1)	751	1681
HA|PP755589.1|A/cattle/Texas/24-008749-003/2024(H5N1)	752	1665
HA|PP755589.1|A/cattle/Texas/24-008749-003/2024(H5N1)	753	1641
HA|PP755589.1|A/cattle/Texas/24-008749-003/2024(H5N1)	754	1650
HA|PP755589.1|A/cattle/Texas/24-008749-003/2024(H5N1)	755	1652
HA|PP755589.1|A/cattle/Texas/24-008749-003/2024(H5N1)	756	1653
HA|PP755589.1|A/cattle/Texas/24-008749-003/2024(H5N1)	757	1675
HA|PP755589.1|A/cattle/Texas/24-008749-003/2024(H5N1)	758	1706
HA|PP755589.1|A/cattle/Texas/24-008749-003/2024(H5N1)	759	1719
HA|PP755589.1|A/cattle/Texas/24-008749-003/2024(H5N1)	760	1724
HA|PP755589.1|A/cattle/Texas/24-008749-003/2024(H5N1)	761	1723
HA|PP755589.1|A/cattle/Texas/24-008749-003/2024(H5N1)	762	1707
HA|PP755589.1|A/cattle/Texas/24-008749-003/2024(H5N1)	763	1689
HA|PP755589.1|A/cattle/Texas/24-008749-003/2024(H5N1)	764	1689
HA|PP755589.1|A/cattle/Texas/24-008749-003/2024(H5N1)	765	1691
HA|PP755589.1|A/cattle/Texas/24-008749-003/2024(H5N1)	766	1696
HA|PP755589.1|A/cattle/Texas/24-008749-003/2024(H5N1)	767	1652
HA|PP755589.1|A/cattle/Texas/24-008749-003/2024(H5N1)	768	1655
HA|PP755589.1|A/cattle/Texas/24-008749-003/2024(H5N1)	769	1658
HA|PP755589.1|A/cattle/Texas/24-008749-003/2024(H5N1)	770	1657
HA|PP755589.1|A/cattle/Texas/24-008749-003/2024(H5N1)	771	1657
HA|PP755589.1|A/cattle/Texas/24-008749-003/2024(H5N1)	772	1650
HA|PP755589.1|A/cattle/Texas/24-008749-003/2024(H5N1)	773	1652
HA|PP755589.1|A/cattle/Texas/24-008749-003/2024(H5N1)	774	1654
HA|PP755589.1|A/cattle/Texas/24-008749-003/2024(H5N1)	775	1614
HA|PP755589.1|A/cattle/Texas/24-008749-003/2024(H5N1)	776	1616
HA|PP755589.1|A/cattle/Texas/24-008749-003/2024(H5N1)	777	1609
HA|PP755589.1|A/cattle/Texas/24-008749-003/2024(H5N1)	778	1601
HA|PP755589.1|A/cattle/Texas/24-008749-003/2024(H5N1)	779	1601
HA|PP755589.1|A/cattle/Texas/24-008749-003/2024(H5N1)	780	1599
HA|PP755589.1|A/cattle/Texas/24-008749-003/2024(H5N1)	781	1599
HA|PP755589.1|A/cattle/Texas/24-008749-003/2024(H5N1)	782	1603
HA|PP755589.1|A/cattle/Texas/24-008749-003/2024(H5N1)	783	1601
HA|PP755589.1|A/cattle/Texas/24-008749-003/2024(H5N1)	784	1607
HA|PP755589.1|A/cattle/Texas/24-008749-003/2024(H5N1)	785	1605
HA|PP755589.1|A/cattle/Texas/24-008749-003/2024(H5N1)	786	1591
HA|PP755589.1|A/cattle/Texas/24-008749-003/2024(H5N1)	787	1577
HA|PP755589.1|A/cattle/Texas/24-008749-003/2024(H5N1)	788	1577
HA|PP755589.1|A/cattle/Texas/24-008749-003/2024(H5N1)	789	1579
HA|PP755589.1|A/cattle/Texas/24-008749-003/2024(H5N1)	790	1573
HA|PP755589.1|A/cattle/Texas/24-008749-003/2024(H5N1)	791	1530
HA|PP755589.1|A/cattle/Texas/24-008749-003/2024(H5N1)	792	1530
HA|PP755589.1|A/cattle/Texas/24-008749-003/2024(H5N1)	793	1605
HA|PP755589.1|A/cattle/Texas/24-008749-003/2024(H5N1)	794	1616
HA|PP755589.1|A/cattle/Texas/24-008749-003/2024(H5N1)	795	1614
HA|PP755589.1|A/cattle/Texas/24-008749-003/2024(H5N1)	796	1625
HA|PP755589.1|A/cattle/Texas/24-008749-003/2024(H5N1)	797	1622
HA|PP755589.1|A/cattle/Texas/24-008749-003/2024(H5N1)	798	1629
HA|PP755589.1|A/cattle/Texas/24-008749-003/2024(H5N1)	799	1661
HA|PP755589.1|A/cattle/Texas/24-008749-003/2024(H5N1)	800	1661
HA|PP755589.1|A/cattle/Texas/24-008749-003/2024(H5N1)	801	1662
HA|PP755589.1|A/cattle/Texas/24-008749-003/2024(H5N1)	802	1619
HA|PP755589.1|A/cattle/Texas/24-008749-003/2024(H5N1)	803	1607
HA|PP755589.1|A/cattle/Texas/24-008749-003/2024(H5N1)	804	1604
HA|PP755589.1|A/cattle/Texas/24-008749-003/2024(H5N1)	805	1606
HA|PP755589.1|A/cattle/Texas/24-008749-003/2024(H5N1)	806	1603
HA|PP755589.1|A/cattle/Texas/24-008749-003/2024(H5N1)	807	1608
HA|PP755589.1|A/cattle/Texas/24-008749-003/2024(H5N1)	808	1587
HA|PP755589.1|A/cattle/Texas/24-008749-003/2024(H5N1)	809	1590
HA|PP755589.1|A/cattle/Texas/24-008749-003/2024(H5N1)	810	1584
HA|PP755589.1|A/cattle/Texas/24-008749-003/2024(H5N1)	811	1584
HA|PP755589.1|A/cattle/Texas/24-008749-003/2024(H5N1)	812	1576
HA|PP755589.1|A/cattle/Texas/24-008749-003/2024(H5N1)	813	1569
HA|PP755589.1|A/cattle/Texas/24-008749-003/2024(H5N1)	814	1559
HA|PP755589.1|A/cattle/Texas/24-008749-003/2024(H5N1)	815	1553
HA|PP755589.1|A/cattle/Texas/24-008749-003/2024(H5N1)	816	1591
HA|PP755589.1|A/cattle/Texas/24-008749-003/2024(H5N1)	817	1590
HA|PP755589.1|A/cattle/Texas/24-008749-003/2024(H5N1)	818	1586
HA|PP755589.1|A/cattle/Texas/24-008749-003/2024(H5N1)	819	1575
HA|PP755589.1|A/cattle/Texas/24-008749-003/2024(H5N1)	820	1584
HA|PP755589.1|A/cattle/Texas/24-008749-003/2024(H5N1)	821	1585
HA|PP755589.1|A/cattle/Texas/24-008749-003/2024(H5N1)	822	1587
HA|PP755589.1|A/cattle/Texas/24-008749-003/2024(H5N1)	823	1588
HA|PP755589.1|A/cattle/Texas/24-008749-003/2024(H5N1)	824	1573
HA|PP755589.1|A/cattle/Texas/24-008749-003/2024(H5N1)	825	1575
HA|PP755589.1|A/cattle/Texas/24-008749-003/2024(H5N1)	826	1571
HA|PP755589.1|A/cattle/Texas/24-008749-003/2024(H5N1)	827	1575
HA|PP755589.1|A/cattle/Texas/24-008749-003/2024(H5N1)	828	1585
HA|PP755589.1|A/cattle/Texas/24-008749-003/2024(H5N1)	829	1566
HA|PP755589.1|A/cattle/Texas/24-008749-003/2024(H5N1)	830	1565
HA|PP755589.1|A/cattle/Texas/24-008749-003/2024(H5N1)	831	1575
HA|PP755589.1|A/cattle/Texas/24-008749-003/2024(H5N1)	832	1567
HA|PP755589.1|A/cattle/Texas/24-008749-003/2024(H5N1)	833	1574
HA|PP755589.1|A/cattle/Texas/24-008749-003/2024(H5N1)	834	1575
HA|PP755589.1|A/cattle/Texas/24-008749-003/2024(H5N1)	835	1589
HA|PP755589.1|A/cattle/Texas/24-008749-003/2024(H5N1)	836	1588
HA|PP755589.1|A/cattle/Texas/24-008749-003/2024(H5N1)	837	1576
HA|PP755589.1|A/cattle/Texas/24-008749-003/2024(H5N1)	838	1589
HA|PP755589.1|A/cattle/Texas/24-008749-003/2024(H5N1)	839	1580
HA|PP755589.1|A/cattle/Texas/24-008749-003/2024(H5N1)	840	1580
HA|PP755589.1|A/cattle/Texas/24-008749-003/2024(H5N1)	841	1584
HA|PP755589.1|A/cattle/Texas/24-008749-003/2024(H5N1)	842	1573
HA|PP755589.1|A/cattle/Texas/24-008749-003/2024(H5N1)	843	1578
HA|PP755589.1|A/cattle/Texas/24-008749-003/2024(H5N1)	844	1585
HA|PP755589.1|A/cattle/Texas/24-008749-003/2024(H5N1)	845	1594
HA|PP755589.1|A/cattle/Texas/24-008749-003/2024(H5N1)	846	1595
HA|PP755589.1|A/cattle/Texas/24-008749-003/2024(H5N1)	847	1562
HA|PP755589.1|A/cattle/Texas/24-008749-003/2024(H5N1)	848	1570
HA|PP755589.1|A/cattle/Texas/24-008749-003/2024(H5N1)	849	1567
HA|PP755589.1|A/cattle/Texas/24-008749-003/2024(H5N1)	850	1572
HA|PP755589.1|A/cattle/Texas/24-008749-003/2024(H5N1)	851	1581
HA|PP755589.1|A/cattle/Texas/24-008749-003/2024(H5N1)	852	1576
HA|PP755589.1|A/cattle/Texas/24-008749-003/2024(H5N1)	853	1592
HA|PP755589.1|A/cattle/Texas/24-008749-003/2024(H5N1)	854	1587
HA|PP755589.1|A/cattle/Texas/24-008749-003/2024(H5N1)	855	1644
HA|PP755589.1|A/cattle/Texas/24-008749-003/2024(H5N1)	856	1708
HA|PP755589.1|A/cattle/Texas/24-008749-003/2024(H5N1)	857	1710
HA|PP755589.1|A/cattle/Texas/24-008749-003/2024(H5N1)	858	1710
HA|PP755589.1|A/cattle/Texas/24-008749-003/2024(H5N1)	859	1700
HA|PP755589.1|A/cattle/Texas/24-008749-003/2024(H5N1)	860	1695
HA|PP755589.1|A/cattle/Texas/24-008749-003/2024(H5N1)	861	1701
HA|PP755589.1|A/cattle/Texas/24-008749-003/2024(H5N1)	862	1695
HA|PP755589.1|A/cattle/Texas/24-008749-003/2024(H5N1)	863	1694
HA|PP755589.1|A/cattle/Texas/24-008749-003/2024(H5N1)	864	1682
HA|PP755589.1|A/cattle/Texas/24-008749-003/2024(H5N1)	865	1635
HA|PP755589.1|A/cattle/Texas/24-008749-003/2024(H5N1)	866	1590
HA|PP755589.1|A/cattle/Texas/24-008749-003/2024(H5N1)	867	1625
HA|PP755589.1|A/cattle/Texas/24-008749-003/2024(H5N1)	868	1662
HA|PP755589.1|A/cattle/Texas/24-008749-003/2024(H5N1)	869	1674
HA|PP755589.1|A/cattle/Texas/24-008749-003/2024(H5N1)	870	1677
HA|PP755589.1|A/cattle/Texas/24-008749-003/2024(H5N1)	871	1665
HA|PP755589.1|A/cattle/Texas/24-008749-003/2024(H5N1)	872	1666
HA|PP755589.1|A/cattle/Texas/24-008749-003/2024(H5N1)	873	1694
HA|PP755589.1|A/cattle/Texas/24-008749-003/2024(H5N1)	874	1692
HA|PP755589.1|A/cattle/Texas/24-008749-003/2024(H5N1)	875	1695
HA|PP755589.1|A/cattle/Texas/24-008749-003/2024(H5N1)	876	1655
HA|PP755589.1|A/cattle/Texas/24-008749-003/2024(H5N1)	877	1641
HA|PP755589.1|A/cattle/Texas/24-008749-003/2024(H5N1)	878	1664
HA|PP755589.1|A/cattle/Texas/24-008749-003/2024(H5N1)	879	1665
HA|PP755589.1|A/cattle/Texas/24-008749-003/2024(H5N1)	880	1678
HA|PP755589.1|A/cattle/Texas/24-008749-003/2024(H5N1)	881	1683
HA|PP755589.1|A/cattle/Texas/24-008749-003/2024(H5N1)	882	1667
HA|PP755589.1|A/cattle/Texas/24-008749-003/2024(H5N1)	883	1650
HA|PP755589.1|A/cattle/Texas/24-008749-003/2024(H5N1)	884	1651
HA|PP755589.1|A/cattle/Texas/24-008749-003/2024(H5N1)	885	1656
HA|PP755589.1|A/cattle/Texas/24-008749-003/2024(H5N1)	886	1656
HA|PP755589.1|A/cattle/Texas/24-008749-003/2024(H5N1)	887	1689
HA|PP755589.1|A/cattle/Texas/24-008749-003/2024(H5N1)	888	1693
HA|PP755589.1|A/cattle/Texas/24-008749-003/2024(H5N1)	889	1695
HA|PP755589.1|A/cattle/Texas/24-008749-003/2024(H5N1)	890	1709
HA|PP755589.1|A/cattle/Texas/24-008749-003/2024(H5N1)	891	1704
HA|PP755589.1|A/cattle/Texas/24-008749-003/2024(H5N1)	892	1702
HA|PP755589.1|A/cattle/Texas/24-008749-003/2024(H5N1)	893	1702
HA|PP755589.1|A/cattle/Texas/24-008749-003/2024(H5N1)	894	1701
HA|PP755589.1|A/cattle/Texas/24-008749-003/2024(H5N1)	895	1699
HA|PP755589.1|A/cattle/Texas/24-008749-003/2024(H5N1)	896	1674
HA|PP755589.1|A/cattle/Texas/24-008749-003/2024(H5N1)	897	1663
HA|PP755589.1|A/cattle/Texas/24-008749-003/2024(H5N1)	898	1666
HA|PP755589.1|A/cattle/Texas/24-008749-003/2024(H5N1)	899	1646
HA|PP755589.1|A/cattle/Texas/24-008749-003/2024(H5N1)	900	1647
HA|PP755589.1|A/cattle/Texas/24-008749-003/2024(H5N1)	901	1643
HA|PP755589.1|A/cattle/Texas/24-008749-003/2024(H5N1)	902	1641
HA|PP755589.1|A/cattle/Texas/24-008749-003/2024(H5N1)	903	1648
HA|PP755589.1|A/cattle/Texas/24-008749-003/2024(H5N1)	904	1647
HA|PP755589.1|A/cattle/Texas/24-008749-003/2024(H5N1)	905	1658
HA|PP755589.1|A/cattle/Texas/24-008749-003/2024(H5N1)	906	1658
HA|PP755589.1|A/cattle/Texas/24-008749-003/2024(H5N1)	907	1656
HA|PP755589.1|A/cattle/Texas/24-008749-003/2024(H5N1)	908	1673
HA|PP755589.1|A/cattle/Texas/24-008749-003/2024(H5N1)	909	1657
HA|PP755589.1|A/cattle/Texas/24-008749-003/2024(H5N1)	910	1633
HA|PP755589.1|A/cattle/Texas/24-008749-003/2024(H5N1)	911	1633
HA|PP755589.1|A/cattle/Texas/24-008749-003/2024(H5N1)	912	1620
HA|PP755589.1|A/cattle/Texas/24-008749-003/2024(H5N1)	913	1626
HA|PP755589.1|A/cattle/Texas/24-008749-003/2024(H5N1)	914	1622
HA|PP755589.1|A/cattle/Texas/24-008749-003/2024(H5N1)	915	1620
HA|PP755589.1|A/cattle/Texas/24-008749-003/2024(H5N1)	916	1627
HA|PP755589.1|A/cattle/Texas/24-008749-003/2024(H5N1)	917	1614
HA|PP755589.1|A/cattle/Texas/24-008749-003/2024(H5N1)	918	1603
HA|PP755589.1|A/cattle/Texas/24-008749-003/2024(H5N1)	919	1609
HA|PP755589.1|A/cattle/Texas/24-008749-003/2024(H5N1)	920	1601
HA|PP755589.1|A/cattle/Texas/24-008749-003/2024(H5N1)	921	1614
HA|PP755589.1|A/cattle/Texas/24-008749-003/2024(H5N1)	922	1610
HA|PP755589.1|A/cattle/Texas/24-008749-003/2024(H5N1)	923	1614
HA|PP755589.1|A/cattle/Texas/24-008749-003/2024(H5N1)	924	1619
HA|PP755589.1|A/cattle/Texas/24-008749-003/2024(H5N1)	925	1621
HA|PP755589.1|A/cattle/Texas/24-008749-003/2024(H5N1)	926	1705
HA|PP755589.1|A/cattle/Texas/24-008749-003/2024(H5N1)	927	1731
HA|PP755589.1|A/cattle/Texas/24-008749-003/2024(H5N1)	928	1726
HA|PP755589.1|A/cattle/Texas/24-008749-003/2024(H5N1)	929	1730
HA|PP755589.1|A/cattle/Texas/24-008749-003/2024(H5N1)	930	1711
HA|PP755589.1|A/cattle/Texas/24-008749-003/2024(H5N1)	931	1716
HA|PP755589.1|A/cattle/Texas/24-008749-003/2024(H5N1)	932	1716
HA|PP755589.1|A/cattle/Texas/24-008749-003/2024(H5N1)	933	1718
HA|PP755589.1|A/cattle/Texas/24-008749-003/2024(H5N1)	934	1731
HA|PP755589.1|A/cattle/Texas/24-008749-003/2024(H5N1)	935	1660
HA|PP755589.1|A/cattle/Texas/24-008749-003/2024(H5N1)	936	1661
HA|PP755589.1|A/cattle/Texas/24-008749-003/2024(H5N1)	937	1638
HA|PP755589.1|A/cattle/Texas/24-008749-003/2024(H5N1)	938	1632
HA|PP755589.1|A/cattle/Texas/24-008749-003/2024(H5N1)	939	1648
HA|PP755589.1|A/cattle/Texas/24-008749-003/2024(H5N1)	940	1646
HA|PP755589.1|A/cattle/Texas/24-008749-003/2024(H5N1)	941	1720
HA|PP755589.1|A/cattle/Texas/24-008749-003/2024(H5N1)	942	1711
HA|PP755589.1|A/cattle/Texas/24-008749-003/2024(H5N1)	943	1700
HA|PP755589.1|A/cattle/Texas/24-008749-003/2024(H5N1)	944	1700
HA|PP755589.1|A/cattle/Texas/24-008749-003/2024(H5N1)	945	1693
HA|PP755589.1|A/cattle/Texas/24-008749-003/2024(H5N1)	946	1709
HA|PP755589.1|A/cattle/Texas/24-008749-003/2024(H5N1)	947	1708
HA|PP755589.1|A/cattle/Texas/24-008749-003/2024(H5N1)	948	1709
HA|PP755589.1|A/cattle/Texas/24-008749-003/2024(H5N1)	949	1711
HA|PP755589.1|A/cattle/Texas/24-008749-003/2024(H5N1)	950	1621
HA|PP755589.1|A/cattle/Texas/24-008749-003/2024(H5N1)	951	1635
HA|PP755589.1|A/cattle/Texas/24-008749-003/2024(H5N1)	952	1621
HA|PP755589.1|A/cattle/Texas/24-008749-003/2024(H5N1)	953	1636
HA|PP755589.1|A/cattle/Texas/24-008749-003/2024(H5N1)	954	1640
HA|PP755589.1|A/cattle/Texas/24-008749-003/2024(H5N1)	955	1639
HA|PP755589.1|A/cattle/Texas/24-008749-003/2024(H5N1)	956	1635
HA|PP755589.1|A/cattle/Texas/24-008749-003/2024(H5N1)	957	1625
HA|PP755589.1|A/cattle/Texas/24-008749-003/2024(H5N1)	958	1623
HA|PP755589.1|A/cattle/Texas/24-008749-003/2024(H5N1)	959	1623
HA|PP755589.1|A/cattle/Texas/24-008749-003/2024(H5N1)	960	1623
HA|PP755589.1|A/cattle/Texas/24-008749-003/2024(H5N1)	961	1625
HA|PP755589.1|A/cattle/Texas/24-008749-003/2024(H5N1)	962	1618
HA|PP755589.1|A/cattle/Texas/24-008749-003/2024(H5N1)	963	1612
HA|PP755589.1|A/cattle/Texas/24-008749-003/2024(H5N1)	964	1608
HA|PP755589.1|A/cattle/Texas/24-008749-003/2024(H5N1)	965	1594
HA|PP755589.1|A/cattle/Texas/24-008749-003/2024(H5N1)	966	1594
HA|PP755589.1|A/cattle/Texas/24-008749-003/2024(H5N1)	967	1592
HA|PP755589.1|A/cattle/Texas/24-008749-003/2024(H5N1)	968	1592
HA|PP755589.1|A/cattle/Texas/24-008749-003/2024(H5N1)	969	1597
HA|PP755589.1|A/cattle/Texas/24-008749-003/2024(H5N1)	970	1596
HA|PP755589.1|A/cattle/Texas/24-008749-003/2024(H5N1)	971	1598
HA|PP755589.1|A/cattle/Texas/24-008749-003/2024(H5N1)	972	1590
HA|PP755589.1|A/cattle/Texas/24-008749-003/2024(H5N1)	973	1591
HA|PP755589.1|A/cattle/Texas/24-008749-003/2024(H5N1)	974	1591
HA|PP755589.1|A/cattle/Texas/24-008749-003/2024(H5N1)	975	1598
HA|PP755589.1|A/cattle/Texas/24-008749-003/2024(H5N1)	976	1595
HA|PP755589.1|A/cattle/Texas/24-008749-003/2024(H5N1)	977	1605
HA|PP755589.1|A/cattle/Texas/24-008749-003/2024(H5N1)	978	1599
HA|PP755589.1|A/cattle/Texas/24-008749-003/2024(H5N1)	979	1606
HA|PP755589.1|A/cattle/Texas/24-008749-003/2024(H5N1)	980	1603
HA|PP755589.1|A/cattle/Texas/24-008749-003/2024(H5N1)	981	1604
HA|PP755589.1|A/cattle/Texas/24-008749-003/2024(H5N1)	982	1606
HA|PP755589.1|A/cattle/Texas/24-008749-003/2024(H5N1)	983	1575
HA|PP755589.1|A/cattle/Texas/24-008749-003/2024(H5N1)	984	1580
HA|PP755589.1|A/cattle/Texas/24-008749-003/2024(H5N1)	985	1574
HA|PP755589.1|A/cattle/Texas/24-008749-003/2024(H5N1)	986	1557
HA|PP755589.1|A/cattle/Texas/24-008749-003/2024(H5N1)	987	1557
HA|PP755589.1|A/cattle/Texas/24-008749-003/2024(H5N1)	988	1560
HA|PP755589.1|A/cattle/Texas/24-008749-003/2024(H5N1)	989	1566
HA|PP755589.1|A/cattle/Texas/24-008749-003/2024(H5N1)	990	1587
HA|PP755589.1|A/cattle/Texas/24-008749-003/2024(H5N1)	991	1581
HA|PP755589.1|A/cattle/Texas/24-008749-003/2024(H5N1)	992	1581
HA|PP755589.1|A/cattle/Texas/24-008749-003/2024(H5N1)	993	1566
HA|PP755589.1|A/cattle/Texas/24-008749-003/2024(H5N1)	994	1565
HA|PP755589.1|A/cattle/Texas/24-008749-003/2024(H5N1)	995	1564
HA|PP755589.1|A/cattle/Texas/24-008749-003/2024(H5N1)	996	1579
HA|PP755589.1|A/cattle/Texas/24-008749-003/2024(H5N1)	997	1579
HA|PP755589.1|A/cattle/Texas/24-008749-003/2024(H5N1)	998	1579
HA|PP755589.1|A/cattle/Texas/24-008749-003/2024(H5N1)	999	1600
HA|PP755589.1|A/cattle/Texas/24-008749-003/2024(H5N1)	1000	1603
HA|PP755589.1|A/cattle/Texas/24-008749-003/2024(H5N1)	1001	1635
HA|PP755589.1|A/cattle/Texas/24-008749-003/2024(H5N1)	1002	1639
HA|PP755589.1|A/cattle/Texas/24-008749-003/2024(H5N1)	1003	1629
HA|PP755589.1|A/cattle/Texas/24-008749-003/2024(H5N1)	1004	1628
HA|PP755589.1|A/cattle/Texas/24-008749-003/2024(H5N1)	1005	1613
HA|PP755589.1|A/cattle/Texas/24-008749-003/2024(H5N1)	1006	1607
HA|PP755589.1|A/cattle/Texas/24-008749-003/2024(H5N1)	1007	1611
HA|PP755589.1|A/cattle/Texas/24-008749-003/2024(H5N1)	1008	1595
HA|PP755589.1|A/cattle/Texas/24-008749-003/2024(H5N1)	1009	1579
HA|PP755589.1|A/cattle/Texas/24-008749-003/2024(H5N1)	1010	1571
HA|PP755589.1|A/cattle/Texas/24-008749-003/2024(H5N1)	1011	1564
HA|PP755589.1|A/cattle/Texas/24-008749-003/2024(H5N1)	1012	1559
HA|PP755589.1|A/cattle/Texas/24-008749-003/2024(H5N1)	1013	1557
HA|PP755589.1|A/cattle/Texas/24-008749-003/2024(H5N1)	1014	1557
HA|PP755589.1|A/cattle/Texas/24-008749-003/2024(H5N1)	1015	1564
HA|PP755589.1|A/cattle/Texas/24-008749-003/2024(H5N1)	1016	1563
HA|PP755589.1|A/cattle/Texas/24-008749-003/2024(H5N1)	1017	1563
HA|PP755589.1|A/cattle/Texas/24-008749-003/2024(H5N1)	1018	1561
HA|PP755589.1|A/cattle/Texas/24-008749-003/2024(H5N1)	1019	1557
HA|PP755589.1|A/cattle/Texas/24-008749-003/2024(H5N1)	1020	1559
HA|PP755589.1|A/cattle/Texas/24-008749-003/2024(H5N1)	1021	1562
HA|PP755589.1|A/cattle/Texas/24-008749-003/2024(H5N1)	1022	1563
HA|PP755589.1|A/cattle/Texas/24-008749-003/2024(H5N1)	1023	1567
HA|PP755589.1|A/cattle/Texas/24-008749-003/2024(H5N1)	1024	1557
HA|PP755589.1|A/cattle/Texas/24-008749-003/2024(H5N1)	1025	1559
HA|PP755589.1|A/cattle/Texas/24-008749-003/2024(H5N1)	1026	1558
HA|PP755589.1|A/cattle/Texas/24-008749-003/2024(H5N1)	1027	1553
HA|PP755589.1|A/cattle/Texas/24-008749-003/2024(H5N1)	1028	1553
HA|PP755589.1|A/cattle/Texas/24-008749-003/2024(H5N1)	1029	1553
HA|PP755589.1|A/cattle/Texas/24-008749-003/2024(H5N1)	1030	1552
HA|PP755589.1|A/cattle/Texas/24-008749-003/2024(H5N1)	1031	1557
HA|PP755589.1|A/cattle/Texas/24-008749-003/2024(H5N1)	1032	1554
HA|PP755589.1|A/cattle/Texas/24-008749-003/2024(H5N1)	1033	1550
HA|PP755589.1|A/cattle/Texas/24-008749-003/2024(H5N1)	1034	1549
HA|PP755589.1|A/cattle/Texas/24-008749-003/2024(H5N1)	1035	1534
HA|PP755589.1|A/cattle/Texas/24-008749-003/2024(H5N1)	1036	1544
HA|PP755589.1|A/cattle/Texas/24-008749-003/2024(H5N1)	1037	1541
HA|PP755589.1|A/cattle/Texas/24-008749-003/2024(H5N1)	1038	1536
HA|PP755589.1|A/cattle/Texas/24-008749-003/2024(H5N1)	1039	1543
HA|PP755589.1|A/cattle/Texas/24-008749-003/2024(H5N1)	1040	1540
HA|PP755589.1|A/cattle/Texas/24-008749-003/2024(H5N1)	1041	1584
HA|PP755589.1|A/cattle/Texas/24-008749-003/2024(H5N1)	1042	1584
HA|PP755589.1|A/cattle/Texas/24-008749-003/2024(H5N1)	1043	1584
HA|PP755589.1|A/cattle/Texas/24-008749-003/2024(H5N1)	1044	1540
HA|PP755589.1|A/cattle/Texas/24-008749-003/2024(H5N1)	1045	1507
HA|PP755589.1|A/cattle/Texas/24-008749-003/2024(H5N1)	1046	1514
HA|PP755589.1|A/cattle/Texas/24-008749-003/2024(H5N1)	1047	1515
HA|PP755589.1|A/cattle/Texas/24-008749-003/2024(H5N1)	1048	1517
HA|PP755589.1|A/cattle/Texas/24-008749-003/2024(H5N1)	1049	1513
HA|PP755589.1|A/cattle/Texas/24-008749-003/2024(H5N1)	1050	1478
HA|PP755589.1|A/cattle/Texas/24-008749-003/2024(H5N1)	1051	1488
HA|PP755589.1|A/cattle/Texas/24-008749-003/2024(H5N1)	1052	1492
HA|PP755589.1|A/cattle/Texas/24-008749-003/2024(H5N1)	1053	1496
HA|PP755589.1|A/cattle/Texas/24-008749-003/2024(H5N1)	1054	1502
HA|PP755589.1|A/cattle/Texas/24-008749-003/2024(H5N1)	1055	1518
HA|PP755589.1|A/cattle/Texas/24-008749-003/2024(H5N1)	1056	1516
HA|PP755589.1|A/cattle/Texas/24-008749-003/2024(H5N1)	1057	1564
HA|PP755589.1|A/cattle/Texas/24-008749-003/2024(H5N1)	1058	1637
HA|PP755589.1|A/cattle/Texas/24-008749-003/2024(H5N1)	1059	1645
HA|PP755589.1|A/cattle/Texas/24-008749-003/2024(H5N1)	1060	1642
HA|PP755589.1|A/cattle/Texas/24-008749-003/2024(H5N1)	1061	1642
HA|PP755589.1|A/cattle/Texas/24-008749-003/2024(H5N1)	1062	1649
HA|PP755589.1|A/cattle/Texas/24-008749-003/2024(H5N1)	1063	1672
HA|PP755589.1|A/cattle/Texas/24-008749-003/2024(H5N1)	1064	1689
HA|PP755589.1|A/cattle/Texas/24-008749-003/2024(H5N1)	1065	1691
HA|PP755589.1|A/cattle/Texas/24-008749-003/2024(H5N1)	1066	1696
HA|PP755589.1|A/cattle/Texas/24-008749-003/2024(H5N1)	1067	1577
HA|PP755589.1|A/cattle/Texas/24-008749-003/2024(H5N1)	1068	1578
HA|PP755589.1|A/cattle/Texas/24-008749-003/2024(H5N1)	1069	1591
HA|PP755589.1|A/cattle/Texas/24-008749-003/2024(H5N1)	1070	1595
HA|PP755589.1|A/cattle/Texas/24-008749-003/2024(H5N1)	1071	1582
HA|PP755589.1|A/cattle/Texas/24-008749-003/2024(H5N1)	1072	1603
HA|PP755589.1|A/cattle/Texas/24-008749-003/2024(H5N1)	1073	1601
HA|PP755589.1|A/cattle/Texas/24-008749-003/2024(H5N1)	1074	1603
HA|PP755589.1|A/cattle/Texas/24-008749-003/2024(H5N1)	1075	1604
HA|PP755589.1|A/cattle/Texas/24-008749-003/2024(H5N1)	1076	1611
HA|PP755589.1|A/cattle/Texas/24-008749-003/2024(H5N1)	1077	1632
HA|PP755589.1|A/cattle/Texas/24-008749-003/2024(H5N1)	1078	1637
HA|PP755589.1|A/cattle/Texas/24-008749-003/2024(H5N1)	1079	1622
HA|PP755589.1|A/cattle/Texas/24-008749-003/2024(H5N1)	1080	1638
HA|PP755589.1|A/cattle/Texas/24-008749-003/2024(H5N1)	1081	1628
HA|PP755589.1|A/cattle/Texas/24-008749-003/2024(H5N1)	1082	1633
HA|PP755589.1|A/cattle/Texas/24-008749-003/2024(H5N1)	1083	1634
HA|PP755589.1|A/cattle/Texas/24-008749-003/2024(H5N1)	1084	1632
HA|PP755589.1|A/cattle/Texas/24-008749-003/2024(H5N1)	1085	1635
HA|PP755589.1|A/cattle/Texas/24-008749-003/2024(H5N1)	1086	1667
HA|PP755589.1|A/cattle/Texas/24-008749-003/2024(H5N1)	1087	1681
HA|PP755589.1|A/cattle/Texas/24-008749-003/2024(H5N1)	1088	1681
HA|PP755589.1|A/cattle/Texas/24-008749-003/2024(H5N1)	1089	1670
HA|PP755589.1|A/cattle/Texas/24-008749-003/2024(H5N1)	1090	1671
HA|PP755589.1|A/cattle/Texas/24-008749-003/2024(H5N1)	1091	1661
HA|PP755589.1|A/cattle/Texas/24-008749-003/2024(H5N1)	1092	1667
HA|PP755589.1|A/cattle/Texas/24-008749-003/2024(H5N1)	1093	1673
HA|PP755589.1|A/cattle/Texas/24-008749-003/2024(H5N1)	1094	1686
HA|PP755589.1|A/cattle/Texas/24-008749-003/2024(H5N1)	1095	1665
HA|PP755589.1|A/cattle/Texas/24-008749-003/2024(H5N1)	1096	1649
HA|PP755589.1|A/cattle/Texas/24-008749-003/2024(H5N1)	1097	1680
HA|PP755589.1|A/cattle/Texas/24-008749-003/2024(H5N1)	1098	1701
HA|PP755589.1|A/cattle/Texas/24-008749-003/2024(H5N1)	1099	1696
HA|PP755589.1|A/cattle/Texas/24-008749-003/2024(H5N1)	1100	1704
HA|PP755589.1|A/cattle/Texas/24-008749-003/2024(H5N1)	1101	1703
HA|PP755589.1|A/cattle/Texas/24-008749-003/2024(H5N1)	1102	1723
HA|PP755589.1|A/cattle/Texas/24-008749-003/2024(H5N1)	1103	1730
HA|PP755589.1|A/cattle/Texas/24-008749-003/2024(H5N1)	1104	1724
HA|PP755589.1|A/cattle/Texas/24-008749-003/2024(H5N1)	1105	1723
HA|PP755589.1|A/cattle/Texas/24-008749-003/2024(H5N1)	1106	1695
HA|PP755589.1|A/cattle/Texas/24-008749-003/2024(H5N1)	1107	1674
HA|PP755589.1|A/cattle/Texas/24-008749-003/2024(H5N1)	1108	1666
HA|PP755589.1|A/cattle/Texas/24-008749-003/2024(H5N1)	1109	1661
HA|PP755589.1|A/cattle/Texas/24-008749-003/2024(H5N1)	1110	1697
HA|PP755589.1|A/cattle/Texas/24-008749-003/2024(H5N1)	1111	1681
HA|PP755589.1|A/cattle/Texas/24-008749-003/2024(H5N1)	1112	1665
HA|PP755589.1|A/cattle/Texas/24-008749-003/2024(H5N1)	1113	1681
HA|PP755589.1|A/cattle/Texas/24-008749-003/2024(H5N1)	1114	1682
HA|PP755589.1|A/cattle/Texas/24-008749-003/2024(H5N1)	1115	1724
HA|PP755589.1|A/cattle/Texas/24-008749-003/2024(H5N1)	1116	1716
HA|PP755589.1|A/cattle/Texas/24-008749-003/2024(H5N1)	1117	1701
HA|PP755589.1|A/cattle/Texas/24-008749-003/2024(H5N1)	1118	1682
HA|PP755589.1|A/cattle/Texas/24-008749-003/2024(H5N1)	1119	1661
HA|PP755589.1|A/cattle/Texas/24-008749-003/2024(H5N1)	1120	1731
HA|PP755589.1|A/cattle/Texas/24-008749-003/2024(H5N1)	1121	1792
HA|PP755589.1|A/cattle/Texas/24-008749-003/2024(H5N1)	1122	1815
HA|PP755589.1|A/cattle/Texas/24-008749-003/2024(H5N1)	1123	1814
HA|PP755589.1|A/cattle/Texas/24-008749-003/2024(H5N1)	1124	1776
HA|PP755589.1|A/cattle/Texas/24-008749-003/2024(H5N1)	1125	1816
HA|PP755589.1|A/cattle/Texas/24-008749-003/2024(H5N1)	1126	1827
HA|PP755589.1|A/cattle/Texas/24-008749-003/2024(H5N1)	1127	1853
HA|PP755589.1|A/cattle/Texas/24-008749-003/2024(H5N1)	1128	1874
HA|PP755589.1|A/cattle/Texas/24-008749-003/2024(H5N1)	1129	1833
HA|PP755589.1|A/cattle/Texas/24-008749-003/2024(H5N1)	1130	1882
HA|PP755589.1|A/cattle/Texas/24-008749-003/2024(H5N1)	1131	1881
HA|PP755589.1|A/cattle/Texas/24-008749-003/2024(H5N1)	1132	1920
HA|PP755589.1|A/cattle/Texas/24-008749-003/2024(H5N1)	1133	1937
HA|PP755589.1|A/cattle/Texas/24-008749-003/2024(H5N1)	1134	1927
HA|PP755589.1|A/cattle/Texas/24-008749-003/2024(H5N1)	1135	1914
HA|PP755589.1|A/cattle/Texas/24-008749-003/2024(H5N1)	1136	1898
HA|PP755589.1|A/cattle/Texas/24-008749-003/2024(H5N1)	1137	1905
HA|PP755589.1|A/cattle/Texas/24-008749-003/2024(H5N1)	1138	1895
HA|PP755589.1|A/cattle/Texas/24-008749-003/2024(H5N1)	1139	1894
HA|PP755589.1|A/cattle/Texas/24-008749-003/2024(H5N1)	1140	1858
HA|PP755589.1|A/cattle/Texas/24-008749-003/2024(H5N1)	1141	1863
HA|PP755589.1|A/cattle/Texas/24-008749-003/2024(H5N1)	1142	1862
HA|PP755589.1|A/cattle/Texas/24-008749-003/2024(H5N1)	1143	1866
HA|PP755589.1|A/cattle/Texas/24-008749-003/2024(H5N1)	1144	1877
HA|PP755589.1|A/cattle/Texas/24-008749-003/2024(H5N1)	1145	1893
HA|PP755589.1|A/cattle/Texas/24-008749-003/2024(H5N1)	1146	1915
HA|PP755589.1|A/cattle/Texas/24-008749-003/2024(H5N1)	1147	1911
HA|PP755589.1|A/cattle/Texas/24-008749-003/2024(H5N1)	1148	1911
HA|PP755589.1|A/cattle/Texas/24-008749-003/2024(H5N1)	1149	1909
HA|PP755589.1|A/cattle/Texas/24-008749-003/2024(H5N1)	1150	1925
HA|PP755589.1|A/cattle/Texas/24-008749-003/2024(H5N1)	1151	1922
HA|PP755589.1|A/cattle/Texas/24-008749-003/2024(H5N1)	1152	1924
HA|PP755589.1|A/cattle/Texas/24-008749-003/2024(H5N1)	1153	1918
HA|PP755589.1|A/cattle/Texas/24-008749-003/2024(H5N1)	1154	1917
HA|PP755589.1|A/cattle/Texas/24-008749-003/2024(H5N1)	1155	1917
HA|PP755589.1|A/cattle/Texas/24-008749-003/2024(H5N1)	1156	1930
HA|PP755589.1|A/cattle/Texas/24-008749-003/2024(H5N1)	1157	1958
HA|PP755589.1|A/cattle/Texas/24-008749-003/2024(H5N1)	1158	1966
HA|PP755589.1|A/cattle/Texas/24-008749-003/2024(H5N1)	1159	1955
HA|PP755589.1|A/cattle/Texas/24-008749-003/2024(H5N1)	1160	1949
HA|PP755589.1|A/cattle/Texas/24-008749-003/2024(H5N1)	1161	1989
HA|PP755589.1|A/cattle/Texas/24-008749-003/2024(H5N1)	1162	1990
HA|PP755589.1|A/cattle/Texas/24-008749-003/2024(H5N1)	1163	2038
HA|PP755589.1|A/cattle/Texas/24-008749-003/2024(H5N1)	1164	2063
HA|PP755589.1|A/cattle/Texas/24-008749-003/2024(H5N1)	1165	2080
HA|PP755589.1|A/cattle/Texas/24-008749-003/2024(H5N1)	1166	2081
HA|PP755589.1|A/cattle/Texas/24-008749-003/2024(H5N1)	1167	2078
HA|PP755589.1|A/cattle/Texas/24-008749-003/2024(H5N1)	1168	2128
HA|PP755589.1|A/cattle/Texas/24-008749-003/2024(H5N1)	1169	2190
HA|PP755589.1|A/cattle/Texas/24-008749-003/2024(H5N1)	1170	2195
HA|PP755589.1|A/cattle/Texas/24-008749-003/2024(H5N1)	1171	2199
HA|PP755589.1|A/cattle/Texas/24-008749-003/2024(H5N1)	1172	2182
HA|PP755589.1|A/cattle/Texas/24-008749-003/2024(H5N1)	1173	2177
HA|PP755589.1|A/cattle/Texas/24-008749-003/2024(H5N1)	1174	2223
HA|PP755589.1|A/cattle/Texas/24-008749-003/2024(H5N1)	1175	2240
HA|PP755589.1|A/cattle/Texas/24-008749-003/2024(H5N1)	1176	2232
HA|PP755589.1|A/cattle/Texas/24-008749-003/2024(H5N1)	1177	2209
HA|PP755589.1|A/cattle/Texas/24-008749-003/2024(H5N1)	1178	2184
HA|PP755589.1|A/cattle/Texas/24-008749-003/2024(H5N1)	1179	2225
HA|PP755589.1|A/cattle/Texas/24-008749-003/2024(H5N1)	1180	2236
HA|PP755589.1|A/cattle/Texas/24-008749-003/2024(H5N1)	1181	2287
HA|PP755589.1|A/cattle/Texas/24-008749-003/2024(H5N1)	1182	2298
HA|PP755589.1|A/cattle/Texas/24-008749-003/2024(H5N1)	1183	2297
HA|PP755589.1|A/cattle/Texas/24-008749-003/2024(H5N1)	1184	2293
HA|PP755589.1|A/cattle/Texas/24-008749-003/2024(H5N1)	1185	2287
HA|PP755589.1|A/cattle/Texas/24-008749-003/2024(H5N1)	1186	2285
HA|PP755589.1|A/cattle/Texas/24-008749-003/2024(H5N1)	1187	2306
HA|PP755589.1|A/cattle/Texas/24-008749-003/2024(H5N1)	1188	2367
HA|PP755589.1|A/cattle/Texas/24-008749-003/2024(H5N1)	1189	2367
HA|PP755589.1|A/cattle/Texas/24-008749-003/2024(H5N1)	1190	2337
HA|PP755589.1|A/cattle/Texas/24-008749-003/2024(H5N1)	1191	2337
HA|PP755589.1|A/cattle/Texas/24-008749-003/2024(H5N1)	1192	2332
HA|PP755589.1|A/cattle/Texas/24-008749-003/2024(H5N1)	1193	2402
HA|PP755589.1|A/cattle/Texas/24-008749-003/2024(H5N1)	1194	2407
HA|PP755589.1|A/cattle/Texas/24-008749-003/2024(H5N1)	1195	2404
HA|PP755589.1|A/cattle/Texas/24-008749-003/2024(H5N1)	1196	2414
HA|PP755589.1|A/cattle/Texas/24-008749-003/2024(H5N1)	1197	2379
HA|PP755589.1|A/cattle/Texas/24-008749-003/2024(H5N1)	1198	2422
HA|PP755589.1|A/cattle/Texas/24-008749-003/2024(H5N1)	1199	2421
HA|PP755589.1|A/cattle/Texas/24-008749-003/2024(H5N1)	1200	2419
HA|PP755589.1|A/cattle/Texas/24-008749-003/2024(H5N1)	1201	2417
HA|PP755589.1|A/cattle/Texas/24-008749-003/2024(H5N1)	1202	2394
HA|PP755589.1|A/cattle/Texas/24-008749-003/2024(H5N1)	1203	2395
HA|PP755589.1|A/cattle/Texas/24-008749-003/2024(H5N1)	1204	2392
HA|PP755589.1|A/cattle/Texas/24-008749-003/2024(H5N1)	1205	2396
HA|PP755589.1|A/cattle/Texas/24-008749-003/2024(H5N1)	1206	2402
HA|PP755589.1|A/cattle/Texas/24-008749-003/2024(H5N1)	1207	2397
HA|PP755589.1|A/cattle/Texas/24-008749-003/2024(H5N1)	1208	2402
HA|PP755589.1|A/cattle/Texas/24-008749-003/2024(H5N1)	1209	2419
HA|PP755589.1|A/cattle/Texas/24-008749-003/2024(H5N1)	1210	2422
HA|PP755589.1|A/cattle/Texas/24-008749-003/2024(H5N1)	1211	2421
HA|PP755589.1|A/cattle/Texas/24-008749-003/2024(H5N1)	1212	2422
HA|PP755589.1|A/cattle/Texas/24-008749-003/2024(H5N1)	1213	2419
HA|PP755589.1|A/cattle/Texas/24-008749-003/2024(H5N1)	1214	2415
HA|PP755589.1|A/cattle/Texas/24-008749-003/2024(H5N1)	1215	2436
HA|PP755589.1|A/cattle/Texas/24-008749-003/2024(H5N1)	1216	2442
HA|PP755589.1|A/cattle/Texas/24-008749-003/2024(H5N1)	1217	2479
HA|PP755589.1|A/cattle/Texas/24-008749-003/2024(H5N1)	1218	2473
HA|PP755589.1|A/cattle/Texas/24-008749-003/2024(H5N1)	1219	2497
HA|PP755589.1|A/cattle/Texas/24-008749-003/2024(H5N1)	1220	2492
HA|PP755589.1|A/cattle/Texas/24-008749-003/2024(H5N1)	1221	2554
HA|PP755589.1|A/cattle/Texas/24-008749-003/2024(H5N1)	1222	2557
HA|PP755589.1|A/cattle/Texas/24-008749-003/2024(H5N1)	1223	2558
HA|PP755589.1|A/cattle/Texas/24-008749-003/2024(H5N1)	1224	2558
HA|PP755589.1|A/cattle/Texas/24-008749-003/2024(H5N1)	1225	2557
HA|PP755589.1|A/cattle/Texas/24-008749-003/2024(H5N1)	1226	2548
HA|PP755589.1|A/cattle/Texas/24-008749-003/2024(H5N1)	1227	2547
HA|PP755589.1|A/cattle/Texas/24-008749-003/2024(H5N1)	1228	2546
HA|PP755589.1|A/cattle/Texas/24-008749-003/2024(H5N1)	1229	2553
HA|PP755589.1|A/cattle/Texas/24-008749-003/2024(H5N1)	1230	2526
HA|PP755589.1|A/cattle/Texas/24-008749-003/2024(H5N1)	1231	2625
HA|PP755589.1|A/cattle/Texas/24-008749-003/2024(H5N1)	1232	2630
HA|PP755589.1|A/cattle/Texas/24-008749-003/2024(H5N1)	1233	2636
HA|PP755589.1|A/cattle/Texas/24-008749-003/2024(H5N1)	1234	2644
HA|PP755589.1|A/cattle/Texas/24-008749-003/2024(H5N1)	1235	2659
HA|PP755589.1|A/cattle/Texas/24-008749-003/2024(H5N1)	1236	2659
HA|PP755589.1|A/cattle/Texas/24-008749-003/2024(H5N1)	1237	2675
HA|PP755589.1|A/cattle/Texas/24-008749-003/2024(H5N1)	1238	2675
HA|PP755589.1|A/cattle/Texas/24-008749-003/2024(H5N1)	1239	2691
HA|PP755589.1|A/cattle/Texas/24-008749-003/2024(H5N1)	1240	2722
HA|PP755589.1|A/cattle/Texas/24-008749-003/2024(H5N1)	1241	2667
HA|PP755589.1|A/cattle/Texas/24-008749-003/2024(H5N1)	1242	2701
HA|PP755589.1|A/cattle/Texas/24-008749-003/2024(H5N1)	1243	2702
HA|PP755589.1|A/cattle/Texas/24-008749-003/2024(H5N1)	1244	2700
HA|PP755589.1|A/cattle/Texas/24-008749-003/2024(H5N1)	1245	2715
HA|PP755589.1|A/cattle/Texas/24-008749-003/2024(H5N1)	1246	2714
HA|PP755589.1|A/cattle/Texas/24-008749-003/2024(H5N1)	1247	2705
HA|PP755589.1|A/cattle/Texas/24-008749-003/2024(H5N1)	1248	2703
HA|PP755589.1|A/cattle/Texas/24-008749-003/2024(H5N1)	1249	2695
HA|PP755589.1|A/cattle/Texas/24-008749-003/2024(H5N1)	1250	2705
HA|PP755589.1|A/cattle/Texas/24-008749-003/2024(H5N1)	1251	2732
HA|PP755589.1|A/cattle/Texas/24-008749-003/2024(H5N1)	1252	2717
HA|PP755589.1|A/cattle/Texas/24-008749-003/2024(H5N1)	1253	2712
HA|PP755589.1|A/cattle/Texas/24-008749-003/2024(H5N1)	1254	2715
HA|PP755589.1|A/cattle/Texas/24-008749-003/2024(H5N1)	1255	2726
HA|PP755589.1|A/cattle/Texas/24-008749-003/2024(H5N1)	1256	2727
HA|PP755589.1|A/cattle/Texas/24-008749-003/2024(H5N1)	1257	2750
HA|PP755589.1|A/cattle/Texas/24-008749-003/2024(H5N1)	1258	2750
HA|PP755589.1|A/cattle/Texas/24-008749-003/2024(H5N1)	1259	2774
HA|PP755589.1|A/cattle/Texas/24-008749-003/2024(H5N1)	1260	2780
HA|PP755589.1|A/cattle/Texas/24-008749-003/2024(H5N1)	1261	2788
HA|PP755589.1|A/cattle/Texas/24-008749-003/2024(H5N1)	1262	2850
HA|PP755589.1|A/cattle/Texas/24-008749-003/2024(H5N1)	1263	2857
HA|PP755589.1|A/cattle/Texas/24-008749-003/2024(H5N1)	1264	2917
HA|PP755589.1|A/cattle/Texas/24-008749-003/2024(H5N1)	1265	2921
HA|PP755589.1|A/cattle/Texas/24-008749-003/2024(H5N1)	1266	2911
HA|PP755589.1|A/cattle/Texas/24-008749-003/2024(H5N1)	1267	2912
HA|PP755589.1|A/cattle/Texas/24-008749-003/2024(H5N1)	1268	2893
HA|PP755589.1|A/cattle/Texas/24-008749-003/2024(H5N1)	1269	2919
HA|PP755589.1|A/cattle/Texas/24-008749-003/2024(H5N1)	1270	2916
HA|PP755589.1|A/cattle/Texas/24-008749-003/2024(H5N1)	1271	2919
HA|PP755589.1|A/cattle/Texas/24-008749-003/2024(H5N1)	1272	2912
HA|PP755589.1|A/cattle/Texas/24-008749-003/2024(H5N1)	1273	2919
HA|PP755589.1|A/cattle/Texas/24-008749-003/2024(H5N1)	1274	2918
HA|PP755589.1|A/cattle/Texas/24-008749-003/2024(H5N1)	1275	2922
HA|PP755589.1|A/cattle/Texas/24-008749-003/2024(H5N1)	1276	2953
HA|PP755589.1|A/cattle/Texas/24-008749-003/2024(H5N1)	1277	2953
HA|PP755589.1|A/cattle/Texas/24-008749-003/2024(H5N1)	1278	2970
HA|PP755589.1|A/cattle/Texas/24-008749-003/2024(H5N1)	1279	2960
HA|PP755589.1|A/cattle/Texas/24-008749-003/2024(H5N1)	1280	2974
HA|PP755589.1|A/cattle/Texas/24-008749-003/2024(H5N1)	1281	2976
HA|PP755589.1|A/cattle/Texas/24-008749-003/2024(H5N1)	1282	2973
HA|PP755589.1|A/cattle/Texas/24-008749-003/2024(H5N1)	1283	2977
HA|PP755589.1|A/cattle/Texas/24-008749-003/2024(H5N1)	1284	2976
HA|PP755589.1|A/cattle/Texas/24-008749-003/2024(H5N1)	1285	2983
HA|PP755589.1|A/cattle/Texas/24-008749-003/2024(H5N1)	1286	2983
HA|PP755589.1|A/cattle/Texas/24-008749-003/2024(H5N1)	1287	2978
HA|PP755589.1|A/cattle/Texas/24-008749-003/2024(H5N1)	1288	2979
HA|PP755589.1|A/cattle/Texas/24-008749-003/2024(H5N1)	1289	2974
HA|PP755589.1|A/cattle/Texas/24-008749-003/2024(H5N1)	1290	2969
HA|PP755589.1|A/cattle/Texas/24-008749-003/2024(H5N1)	1291	2968
HA|PP755589.1|A/cattle/Texas/24-008749-003/2024(H5N1)	1292	2959
HA|PP755589.1|A/cattle/Texas/24-008749-003/2024(H5N1)	1293	2959
HA|PP755589.1|A/cattle/Texas/24-008749-003/2024(H5N1)	1294	2960
HA|PP755589.1|A/cattle/Texas/24-008749-003/2024(H5N1)	1295	2980
HA|PP755589.1|A/cattle/Texas/24-008749-003/2024(H5N1)	1296	2982
HA|PP755589.1|A/cattle/Texas/24-008749-003/2024(H5N1)	1297	2990
HA|PP755589.1|A/cattle/Texas/24-008749-003/2024(H5N1)	1298	3027
HA|PP755589.1|A/cattle/Texas/24-008749-003/2024(H5N1)	1299	3039
HA|PP755589.1|A/cattle/Texas/24-008749-003/2024(H5N1)	1300	3047
HA|PP755589.1|A/cattle/Texas/24-008749-003/2024(H5N1)	1301	3047
HA|PP755589.1|A/cattle/Texas/24-008749-003/2024(H5N1)	1302	3046
HA|PP755589.1|A/cattle/Texas/24-008749-003/2024(H5N1)	1303	3046
HA|PP755589.1|A/cattle/Texas/24-008749-003/2024(H5N1)	1304	3037
HA|PP755589.1|A/cattle/Texas/24-008749-003/2024(H5N1)	1305	3091
HA|PP755589.1|A/cattle/Texas/24-008749-003/2024(H5N1)	1306	3139
HA|PP755589.1|A/cattle/Texas/24-008749-003/2024(H5N1)	1307	3116
HA|PP755589.1|A/cattle/Texas/24-008749-003/2024(H5N1)	1308	3085
HA|PP755589.1|A/cattle/Texas/24-008749-003/2024(H5N1)	1309	3037
HA|PP755589.1|A/cattle/Texas/24-008749-003/2024(H5N1)	1310	3029
HA|PP755589.1|A/cattle/Texas/24-008749-003/2024(H5N1)	1311	3056
HA|PP755589.1|A/cattle/Texas/24-008749-003/2024(H5N1)	1312	3056
HA|PP755589.1|A/cattle/Texas/24-008749-003/2024(H5N1)	1313	3073
HA|PP755589.1|A/cattle/Texas/24-008749-003/2024(H5N1)	1314	3045
HA|PP755589.1|A/cattle/Texas/24-008749-003/2024(H5N1)	1315	3053
HA|PP755589.1|A/cattle/Texas/24-008749-003/2024(H5N1)	1316	3068
HA|PP755589.1|A/cattle/Texas/24-008749-003/2024(H5N1)	1317	3065
HA|PP755589.1|A/cattle/Texas/24-008749-003/2024(H5N1)	1318	3065
HA|PP755589.1|A/cattle/Texas/24-008749-003/2024(H5N1)	1319	3100
HA|PP755589.1|A/cattle/Texas/24-008749-003/2024(H5N1)	1320	3060
HA|PP755589.1|A/cattle/Texas/24-008749-003/2024(H5N1)	1321	3061
HA|PP755589.1|A/cattle/Texas/24-008749-003/2024(H5N1)	1322	3064
HA|PP755589.1|A/cattle/Texas/24-008749-003/2024(H5N1)	1323	2994
HA|PP755589.1|A/cattle/Texas/24-008749-003/2024(H5N1)	1324	3007
HA|PP755589.1|A/cattle/Texas/24-008749-003/2024(H5N1)	1325	2998
HA|PP755589.1|A/cattle/Texas/24-008749-003/2024(H5N1)	1326	3006
HA|PP755589.1|A/cattle/Texas/24-008749-003/2024(H5N1)	1327	3060
HA|PP755589.1|A/cattle/Texas/24-008749-003/2024(H5N1)	1328	3007
HA|PP755589.1|A/cattle/Texas/24-008749-003/2024(H5N1)	1329	3000
HA|PP755589.1|A/cattle/Texas/24-008749-003/2024(H5N1)	1330	3006
HA|PP755589.1|A/cattle/Texas/24-008749-003/2024(H5N1)	1331	3005
HA|PP755589.1|A/cattle/Texas/24-008749-003/2024(H5N1)	1332	3012
HA|PP755589.1|A/cattle/Texas/24-008749-003/2024(H5N1)	1333	3070
HA|PP755589.1|A/cattle/Texas/24-008749-003/2024(H5N1)	1334	3065
HA|PP755589.1|A/cattle/Texas/24-008749-003/2024(H5N1)	1335	3060
HA|PP755589.1|A/cattle/Texas/24-008749-003/2024(H5N1)	1336	3052
HA|PP755589.1|A/cattle/Texas/24-008749-003/2024(H5N1)	1337	3020
HA|PP755589.1|A/cattle/Texas/24-008749-003/2024(H5N1)	1338	3032
HA|PP755589.1|A/cattle/Texas/24-008749-003/2024(H5N1)	1339	3033
HA|PP755589.1|A/cattle/Texas/24-008749-003/2024(H5N1)	1340	3040
HA|PP755589.1|A/cattle/Texas/24-008749-003/2024(H5N1)	1341	3044
HA|PP755589.1|A/cattle/Texas/24-008749-003/2024(H5N1)	1342	3056
HA|PP755589.1|A/cattle/Texas/24-008749-003/2024(H5N1)	1343	3057
HA|PP755589.1|A/cattle/Texas/24-008749-003/2024(H5N1)	1344	3072
HA|PP755589.1|A/cattle/Texas/24-008749-003/2024(H5N1)	1345	3063
HA|PP755589.1|A/cattle/Texas/24-008749-003/2024(H5N1)	1346	3066
HA|PP755589.1|A/cattle/Texas/24-008749-003/2024(H5N1)	1347	3078
HA|PP755589.1|A/cattle/Texas/24-008749-003/2024(H5N1)	1348	3069
HA|PP755589.1|A/cattle/Texas/24-008749-003/2024(H5N1)	1349	3054
HA|PP755589.1|A/cattle/Texas/24-008749-003/2024(H5N1)	1350	3053
HA|PP755589.1|A/cattle/Texas/24-008749-003/2024(H5N1)	1351	3033
HA|PP755589.1|A/cattle/Texas/24-008749-003/2024(H5N1)	1352	3053
HA|PP755589.1|A/cattle/Texas/24-008749-003/2024(H5N1)	1353	3041
HA|PP755589.1|A/cattle/Texas/24-008749-003/2024(H5N1)	1354	3049
HA|PP755589.1|A/cattle/Texas/24-008749-003/2024(H5N1)	1355	3103
HA|PP755589.1|A/cattle/Texas/24-008749-003/2024(H5N1)	1356	3080
HA|PP755589.1|A/cattle/Texas/24-008749-003/2024(H5N1)	1357	3095
HA|PP755589.1|A/cattle/Texas/24-008749-003/2024(H5N1)	1358	3093
HA|PP755589.1|A/cattle/Texas/24-008749-003/2024(H5N1)	1359	3095
HA|PP755589.1|A/cattle/Texas/24-008749-003/2024(H5N1)	1360	3102
HA|PP755589.1|A/cattle/Texas/24-008749-003/2024(H5N1)	1361	3061
HA|PP755589.1|A/cattle/Texas/24-008749-003/2024(H5N1)	1362	3055
HA|PP755589.1|A/cattle/Texas/24-008749-003/2024(H5N1)	1363	3042
HA|PP755589.1|A/cattle/Texas/24-008749-003/2024(H5N1)	1364	2982
HA|PP755589.1|A/cattle/Texas/24-008749-003/2024(H5N1)	1365	2971
HA|PP755589.1|A/cattle/Texas/24-008749-003/2024(H5N1)	1366	2942
HA|PP755589.1|A/cattle/Texas/24-008749-003/2024(H5N1)	1367	2932
HA|PP755589.1|A/cattle/Texas/24-008749-003/2024(H5N1)	1368	2931
HA|PP755589.1|A/cattle/Texas/24-008749-003/2024(H5N1)	1369	2934
HA|PP755589.1|A/cattle/Texas/24-008749-003/2024(H5N1)	1370	2953
HA|PP755589.1|A/cattle/Texas/24-008749-003/2024(H5N1)	1371	2914
HA|PP755589.1|A/cattle/Texas/24-008749-003/2024(H5N1)	1372	2917
HA|PP755589.1|A/cattle/Texas/24-008749-003/2024(H5N1)	1373	2904
HA|PP755589.1|A/cattle/Texas/24-008749-003/2024(H5N1)	1374	2903
HA|PP755589.1|A/cattle/Texas/24-008749-003/2024(H5N1)	1375	2907
HA|PP755589.1|A/cattle/Texas/24-008749-003/2024(H5N1)	1376	2886
HA|PP755589.1|A/cattle/Texas/24-008749-003/2024(H5N1)	1377	2890
HA|PP755589.1|A/cattle/Texas/24-008749-003/2024(H5N1)	1378	2909
HA|PP755589.1|A/cattle/Texas/24-008749-003/2024(H5N1)	1379	2854
HA|PP755589.1|A/cattle/Texas/24-008749-003/2024(H5N1)	1380	2898
HA|PP755589.1|A/cattle/Texas/24-008749-003/2024(H5N1)	1381	2874
HA|PP755589.1|A/cattle/Texas/24-008749-003/2024(H5N1)	1382	2864
HA|PP755589.1|A/cattle/Texas/24-008749-003/2024(H5N1)	1383	2850
HA|PP755589.1|A/cattle/Texas/24-008749-003/2024(H5N1)	1384	2838
HA|PP755589.1|A/cattle/Texas/24-008749-003/2024(H5N1)	1385	2845
HA|PP755589.1|A/cattle/Texas/24-008749-003/2024(H5N1)	1386	2870
HA|PP755589.1|A/cattle/Texas/24-008749-003/2024(H5N1)	1387	2863
HA|PP755589.1|A/cattle/Texas/24-008749-003/2024(H5N1)	1388	2835
HA|PP755589.1|A/cattle/Texas/24-008749-003/2024(H5N1)	1389	2823
HA|PP755589.1|A/cattle/Texas/24-008749-003/2024(H5N1)	1390	2827
HA|PP755589.1|A/cattle/Texas/24-008749-003/2024(H5N1)	1391	2830
HA|PP755589.1|A/cattle/Texas/24-008749-003/2024(H5N1)	1392	2826
HA|PP755589.1|A/cattle/Texas/24-008749-003/2024(H5N1)	1393	2825
HA|PP755589.1|A/cattle/Texas/24-008749-003/2024(H5N1)	1394	2824
HA|PP755589.1|A/cattle/Texas/24-008749-003/2024(H5N1)	1395	2811
HA|PP755589.1|A/cattle/Texas/24-008749-003/2024(H5N1)	1396	2793
HA|PP755589.1|A/cattle/Texas/24-008749-003/2024(H5N1)	1397	2785
HA|PP755589.1|A/cattle/Texas/24-008749-003/2024(H5N1)	1398	2815
HA|PP755589.1|A/cattle/Texas/24-008749-003/2024(H5N1)	1399	2828
HA|PP755589.1|A/cattle/Texas/24-008749-003/2024(H5N1)	1400	2827
HA|PP755589.1|A/cattle/Texas/24-008749-003/2024(H5N1)	1401	2822
HA|PP755589.1|A/cattle/Texas/24-008749-003/2024(H5N1)	1402	2818
HA|PP755589.1|A/cattle/Texas/24-008749-003/2024(H5N1)	1403	2874
HA|PP755589.1|A/cattle/Texas/24-008749-003/2024(H5N1)	1404	2874
HA|PP755589.1|A/cattle/Texas/24-008749-003/2024(H5N1)	1405	2871
HA|PP755589.1|A/cattle/Texas/24-008749-003/2024(H5N1)	1406	2909
HA|PP755589.1|A/cattle/Texas/24-008749-003/2024(H5N1)	1407	2900
HA|PP755589.1|A/cattle/Texas/24-008749-003/2024(H5N1)	1408	2891
HA|PP755589.1|A/cattle/Texas/24-008749-003/2024(H5N1)	1409	2880
HA|PP755589.1|A/cattle/Texas/24-008749-003/2024(H5N1)	1410	3002
HA|PP755589.1|A/cattle/Texas/24-008749-003/2024(H5N1)	1411	3024
HA|PP755589.1|A/cattle/Texas/24-008749-003/2024(H5N1)	1412	2933
HA|PP755589.1|A/cattle/Texas/24-008749-003/2024(H5N1)	1413	2940
HA|PP755589.1|A/cattle/Texas/24-008749-003/2024(H5N1)	1414	2901
HA|PP755589.1|A/cattle/Texas/24-008749-003/2024(H5N1)	1415	2922
HA|PP755589.1|A/cattle/Texas/24-008749-003/2024(H5N1)	1416	2933
HA|PP755589.1|A/cattle/Texas/24-008749-003/2024(H5N1)	1417	2929
HA|PP755589.1|A/cattle/Texas/24-008749-003/2024(H5N1)	1418	2921
HA|PP755589.1|A/cattle/Texas/24-008749-003/2024(H5N1)	1419	2823
HA|PP755589.1|A/cattle/Texas/24-008749-003/2024(H5N1)	1420	2783
HA|PP755589.1|A/cattle/Texas/24-008749-003/2024(H5N1)	1421	2893
HA|PP755589.1|A/cattle/Texas/24-008749-003/2024(H5N1)	1422	2889
HA|PP755589.1|A/cattle/Texas/24-008749-003/2024(H5N1)	1423	2906
HA|PP755589.1|A/cattle/Texas/24-008749-003/2024(H5N1)	1424	2906
HA|PP755589.1|A/cattle/Texas/24-008749-003/2024(H5N1)	1425	2856
HA|PP755589.1|A/cattle/Texas/24-008749-003/2024(H5N1)	1426	2845
HA|PP755589.1|A/cattle/Texas/24-008749-003/2024(H5N1)	1427	2857
HA|PP755589.1|A/cattle/Texas/24-008749-003/2024(H5N1)	1428	2893
HA|PP755589.1|A/cattle/Texas/24-008749-003/2024(H5N1)	1429	2919
HA|PP755589.1|A/cattle/Texas/24-008749-003/2024(H5N1)	1430	2815
HA|PP755589.1|A/cattle/Texas/24-008749-003/2024(H5N1)	1431	2821
HA|PP755589.1|A/cattle/Texas/24-008749-003/2024(H5N1)	1432	2801
HA|PP755589.1|A/cattle/Texas/24-008749-003/2024(H5N1)	1433	2788
HA|PP755589.1|A/cattle/Texas/24-008749-003/2024(H5N1)	1434	2944
HA|PP755589.1|A/cattle/Texas/24-008749-003/2024(H5N1)	1435	2961
HA|PP755589.1|A/cattle/Texas/24-008749-003/2024(H5N1)	1436	2975
HA|PP755589.1|A/cattle/Texas/24-008749-003/2024(H5N1)	1437	2971
HA|PP755589.1|A/cattle/Texas/24-008749-003/2024(H5N1)	1438	2924
HA|PP755589.1|A/cattle/Texas/24-008749-003/2024(H5N1)	1439	2929
HA|PP755589.1|A/cattle/Texas/24-008749-003/2024(H5N1)	1440	2929
HA|PP755589.1|A/cattle/Texas/24-008749-003/2024(H5N1)	1441	2927
HA|PP755589.1|A/cattle/Texas/24-008749-003/2024(H5N1)	1442	2923
HA|PP755589.1|A/cattle/Texas/24-008749-003/2024(H5N1)	1443	2884
HA|PP755589.1|A/cattle/Texas/24-008749-003/2024(H5N1)	1444	2894
HA|PP755589.1|A/cattle/Texas/24-008749-003/2024(H5N1)	1445	2919
HA|PP755589.1|A/cattle/Texas/24-008749-003/2024(H5N1)	1446	2917
HA|PP755589.1|A/cattle/Texas/24-008749-003/2024(H5N1)	1447	2905
HA|PP755589.1|A/cattle/Texas/24-008749-003/2024(H5N1)	1448	2905
HA|PP755589.1|A/cattle/Texas/24-008749-003/2024(H5N1)	1449	2889
HA|PP755589.1|A/cattle/Texas/24-008749-003/2024(H5N1)	1450	2888
HA|PP755589.1|A/cattle/Texas/24-008749-003/2024(H5N1)	1451	2887
HA|PP755589.1|A/cattle/Texas/24-008749-003/2024(H5N1)	1452	2887
HA|PP755589.1|A/cattle/Texas/24-008749-003/2024(H5N1)	1453	2889
HA|PP755589.1|A/cattle/Texas/24-008749-003/2024(H5N1)	1454	2873
HA|PP755589.1|A/cattle/Texas/24-008749-003/2024(H5N1)	1455	2875
HA|PP755589.1|A/cattle/Texas/24-008749-003/2024(H5N1)	1456	2865
HA|PP755589.1|A/cattle/Texas/24-008749-003/2024(H5N1)	1457	2871
HA|PP755589.1|A/cattle/Texas/24-008749-003/2024(H5N1)	1458	2881
HA|PP755589.1|A/cattle/Texas/24-008749-003/2024(H5N1)	1459	2879
HA|PP755589.1|A/cattle/Texas/24-008749-003/2024(H5N1)	1460	2870
HA|PP755589.1|A/cattle/Texas/24-008749-003/2024(H5N1)	1461	2880
HA|PP755589.1|A/cattle/Texas/24-008749-003/2024(H5N1)	1462	2879
HA|PP755589.1|A/cattle/Texas/24-008749-003/2024(H5N1)	1463	2878
HA|PP755589.1|A/cattle/Texas/24-008749-003/2024(H5N1)	1464	2880
HA|PP755589.1|A/cattle/Texas/24-008749-003/2024(H5N1)	1465	2883
HA|PP755589.1|A/cattle/Texas/24-008749-003/2024(H5N1)	1466	2895
HA|PP755589.1|A/cattle/Texas/24-008749-003/2024(H5N1)	1467	2875
HA|PP755589.1|A/cattle/Texas/24-008749-003/2024(H5N1)	1468	2870
HA|PP755589.1|A/cattle/Texas/24-008749-003/2024(H5N1)	1469	2872
HA|PP755589.1|A/cattle/Texas/24-008749-003/2024(H5N1)	1470	2868
HA|PP755589.1|A/cattle/Texas/24-008749-003/2024(H5N1)	1471	2876
HA|PP755589.1|A/cattle/Texas/24-008749-003/2024(H5N1)	1472	2854
HA|PP755589.1|A/cattle/Texas/24-008749-003/2024(H5N1)	1473	2853
HA|PP755589.1|A/cattle/Texas/24-008749-003/2024(H5N1)	1474	2860
HA|PP755589.1|A/cattle/Texas/24-008749-003/2024(H5N1)	1475	2854
HA|PP755589.1|A/cattle/Texas/24-008749-003/2024(H5N1)	1476	2877
HA|PP755589.1|A/cattle/Texas/24-008749-003/2024(H5N1)	1477	2895
HA|PP755589.1|A/cattle/Texas/24-008749-003/2024(H5N1)	1478	2918
HA|PP755589.1|A/cattle/Texas/24-008749-003/2024(H5N1)	1479	2916
HA|PP755589.1|A/cattle/Texas/24-008749-003/2024(H5N1)	1480	2925
HA|PP755589.1|A/cattle/Texas/24-008749-003/2024(H5N1)	1481	2926
HA|PP755589.1|A/cattle/Texas/24-008749-003/2024(H5N1)	1482	2881
HA|PP755589.1|A/cattle/Texas/24-008749-003/2024(H5N1)	1483	2893
HA|PP755589.1|A/cattle/Texas/24-008749-003/2024(H5N1)	1484	2881
HA|PP755589.1|A/cattle/Texas/24-008749-003/2024(H5N1)	1485	2871
HA|PP755589.1|A/cattle/Texas/24-008749-003/2024(H5N1)	1486	2828
HA|PP755589.1|A/cattle/Texas/24-008749-003/2024(H5N1)	1487	2851
HA|PP755589.1|A/cattle/Texas/24-008749-003/2024(H5N1)	1488	2814
HA|PP755589.1|A/cattle/Texas/24-008749-003/2024(H5N1)	1489	2821
HA|PP755589.1|A/cattle/Texas/24-008749-003/2024(H5N1)	1490	2810
HA|PP755589.1|A/cattle/Texas/24-008749-003/2024(H5N1)	1491	2792
HA|PP755589.1|A/cattle/Texas/24-008749-003/2024(H5N1)	1492	2794
HA|PP755589.1|A/cattle/Texas/24-008749-003/2024(H5N1)	1493	2811
HA|PP755589.1|A/cattle/Texas/24-008749-003/2024(H5N1)	1494	2816
HA|PP755589.1|A/cattle/Texas/24-008749-003/2024(H5N1)	1495	2815
HA|PP755589.1|A/cattle/Texas/24-008749-003/2024(H5N1)	1496	2777
HA|PP755589.1|A/cattle/Texas/24-008749-003/2024(H5N1)	1497	2872
HA|PP755589.1|A/cattle/Texas/24-008749-003/2024(H5N1)	1498	2871
HA|PP755589.1|A/cattle/Texas/24-008749-003/2024(H5N1)	1499	2885
HA|PP755589.1|A/cattle/Texas/24-008749-003/2024(H5N1)	1500	2891
HA|PP755589.1|A/cattle/Texas/24-008749-003/2024(H5N1)	1501	2891
HA|PP755589.1|A/cattle/Texas/24-008749-003/2024(H5N1)	1502	2890
HA|PP755589.1|A/cattle/Texas/24-008749-003/2024(H5N1)	1503	2909
HA|PP755589.1|A/cattle/Texas/24-008749-003/2024(H5N1)	1504	2925
HA|PP755589.1|A/cattle/Texas/24-008749-003/2024(H5N1)	1505	2925
HA|PP755589.1|A/cattle/Texas/24-008749-003/2024(H5N1)	1506	2986
HA|PP755589.1|A/cattle/Texas/24-008749-003/2024(H5N1)	1507	2977
HA|PP755589.1|A/cattle/Texas/24-008749-003/2024(H5N1)	1508	3072
HA|PP755589.1|A/cattle/Texas/24-008749-003/2024(H5N1)	1509	3070
HA|PP755589.1|A/cattle/Texas/24-008749-003/2024(H5N1)	1510	3046
HA|PP755589.1|A/cattle/Texas/24-008749-003/2024(H5N1)	1511	3062
HA|PP755589.1|A/cattle/Texas/24-008749-003/2024(H5N1)	1512	3022
HA|PP755589.1|A/cattle/Texas/24-008749-003/2024(H5N1)	1513	3003
HA|PP755589.1|A/cattle/Texas/24-008749-003/2024(H5N1)	1514	2982
HA|PP755589.1|A/cattle/Texas/24-008749-003/2024(H5N1)	1515	2857
HA|PP755589.1|A/cattle/Texas/24-008749-003/2024(H5N1)	1516	2857
HA|PP755589.1|A/cattle/Texas/24-008749-003/2024(H5N1)	1517	2846
HA|PP755589.1|A/cattle/Texas/24-008749-003/2024(H5N1)	1518	2902
HA|PP755589.1|A/cattle/Texas/24-008749-003/2024(H5N1)	1519	2901
HA|PP755589.1|A/cattle/Texas/24-008749-003/2024(H5N1)	1520	2904
HA|PP755589.1|A/cattle/Texas/24-008749-003/2024(H5N1)	1521	2901
HA|PP755589.1|A/cattle/Texas/24-008749-003/2024(H5N1)	1522	2858
HA|PP755589.1|A/cattle/Texas/24-008749-003/2024(H5N1)	1523	2859
HA|PP755589.1|A/cattle/Texas/24-008749-003/2024(H5N1)	1524	2833
HA|PP755589.1|A/cattle/Texas/24-008749-003/2024(H5N1)	1525	2841
HA|PP755589.1|A/cattle/Texas/24-008749-003/2024(H5N1)	1526	2832
HA|PP755589.1|A/cattle/Texas/24-008749-003/2024(H5N1)	1527	2759
HA|PP755589.1|A/cattle/Texas/24-008749-003/2024(H5N1)	1528	2759
HA|PP755589.1|A/cattle/Texas/24-008749-003/2024(H5N1)	1529	2718
HA|PP755589.1|A/cattle/Texas/24-008749-003/2024(H5N1)	1530	2720
HA|PP755589.1|A/cattle/Texas/24-008749-003/2024(H5N1)	1531	2713
HA|PP755589.1|A/cattle/Texas/24-008749-003/2024(H5N1)	1532	2700
HA|PP755589.1|A/cattle/Texas/24-008749-003/2024(H5N1)	1533	2701
HA|PP755589.1|A/cattle/Texas/24-008749-003/2024(H5N1)	1534	2704
HA|PP755589.1|A/cattle/Texas/24-008749-003/2024(H5N1)	1535	2712
HA|PP755589.1|A/cattle/Texas/24-008749-003/2024(H5N1)	1536	2716
HA|PP755589.1|A/cattle/Texas/24-008749-003/2024(H5N1)	1537	2716
HA|PP755589.1|A/cattle/Texas/24-008749-003/2024(H5N1)	1538	2715
HA|PP755589.1|A/cattle/Texas/24-008749-003/2024(H5N1)	1539	2712
HA|PP755589.1|A/cattle/Texas/24-008749-003/2024(H5N1)	1540	2714
HA|PP755589.1|A/cattle/Texas/24-008749-003/2024(H5N1)	1541	2716
HA|PP755589.1|A/cattle/Texas/24-008749-003/2024(H5N1)	1542	2724
HA|PP755589.1|A/cattle/Texas/24-008749-003/2024(H5N1)	1543	2706
HA|PP755589.1|A/cattle/Texas/24-008749-003/2024(H5N1)	1544	2712
HA|PP755589.1|A/cattle/Texas/24-008749-003/2024(H5N1)	1545	2688
HA|PP755589.1|A/cattle/Texas/24-008749-003/2024(H5N1)	1546	2680
HA|PP755589.1|A/cattle/Texas/24-008749-003/2024(H5N1)	1547	2679
HA|PP755589.1|A/cattle/Texas/24-008749-003/2024(H5N1)	1548	2670
HA|PP755589.1|A/cattle/Texas/24-008749-003/2024(H5N1)	1549	2696
HA|PP755589.1|A/cattle/Texas/24-008749-003/2024(H5N1)	1550	2692
HA|PP755589.1|A/cattle/Texas/24-008749-003/2024(H5N1)	1551	2695
HA|PP755589.1|A/cattle/Texas/24-008749-003/2024(H5N1)	1552	2695
HA|PP755589.1|A/cattle/Texas/24-008749-003/2024(H5N1)	1553	2686
HA|PP755589.1|A/cattle/Texas/24-008749-003/2024(H5N1)	1554	2685
HA|PP755589.1|A/cattle/Texas/24-008749-003/2024(H5N1)	1555	2682
HA|PP755589.1|A/cattle/Texas/24-008749-003/2024(H5N1)	1556	2665
HA|PP755589.1|A/cattle/Texas/24-008749-003/2024(H5N1)	1557	2641
HA|PP755589.1|A/cattle/Texas/24-008749-003/2024(H5N1)	1558	2600
HA|PP755589.1|A/cattle/Texas/24-008749-003/2024(H5N1)	1559	2604
HA|PP755589.1|A/cattle/Texas/24-008749-003/2024(H5N1)	1560	2598
HA|PP755589.1|A/cattle/Texas/24-008749-003/2024(H5N1)	1561	2599
HA|PP755589.1|A/cattle/Texas/24-008749-003/2024(H5N1)	1562	2582
HA|PP755589.1|A/cattle/Texas/24-008749-003/2024(H5N1)	1563	2585
HA|PP755589.1|A/cattle/Texas/24-008749-003/2024(H5N1)	1564	2572
HA|PP755589.1|A/cattle/Texas/24-008749-003/2024(H5N1)	1565	2545
HA|PP755589.1|A/cattle/Texas/24-008749-003/2024(H5N1)	1566	2549
HA|PP755589.1|A/cattle/Texas/24-008749-003/2024(H5N1)	1567	2544
HA|PP755589.1|A/cattle/Texas/24-008749-003/2024(H5N1)	1568	2534
HA|PP755589.1|A/cattle/Texas/24-008749-003/2024(H5N1)	1569	2532
HA|PP755589.1|A/cattle/Texas/24-008749-003/2024(H5N1)	1570	2515
HA|PP755589.1|A/cattle/Texas/24-008749-003/2024(H5N1)	1571	2514
HA|PP755589.1|A/cattle/Texas/24-008749-003/2024(H5N1)	1572	2513
HA|PP755589.1|A/cattle/Texas/24-008749-003/2024(H5N1)	1573	2503
HA|PP755589.1|A/cattle/Texas/24-008749-003/2024(H5N1)	1574	2518
HA|PP755589.1|A/cattle/Texas/24-008749-003/2024(H5N1)	1575	2504
HA|PP755589.1|A/cattle/Texas/24-008749-003/2024(H5N1)	1576	2510
HA|PP755589.1|A/cattle/Texas/24-008749-003/2024(H5N1)	1577	2508
HA|PP755589.1|A/cattle/Texas/24-008749-003/2024(H5N1)	1578	2494
HA|PP755589.1|A/cattle/Texas/24-008749-003/2024(H5N1)	1579	2492
HA|PP755589.1|A/cattle/Texas/24-008749-003/2024(H5N1)	1580	2498
HA|PP755589.1|A/cattle/Texas/24-008749-003/2024(H5N1)	1581	2486
HA|PP755589.1|A/cattle/Texas/24-008749-003/2024(H5N1)	1582	2481
HA|PP755589.1|A/cattle/Texas/24-008749-003/2024(H5N1)	1583	2476
HA|PP755589.1|A/cattle/Texas/24-008749-003/2024(H5N1)	1584	2387
HA|PP755589.1|A/cattle/Texas/24-008749-003/2024(H5N1)	1585	2379
HA|PP755589.1|A/cattle/Texas/24-008749-003/2024(H5N1)	1586	2399
HA|PP755589.1|A/cattle/Texas/24-008749-003/2024(H5N1)	1587	2399
HA|PP755589.1|A/cattle/Texas/24-008749-003/2024(H5N1)	1588	2401
HA|PP755589.1|A/cattle/Texas/24-008749-003/2024(H5N1)	1589	2332
HA|PP755589.1|A/cattle/Texas/24-008749-003/2024(H5N1)	1590	2338
HA|PP755589.1|A/cattle/Texas/24-008749-003/2024(H5N1)	1591	2335
HA|PP755589.1|A/cattle/Texas/24-008749-003/2024(H5N1)	1592	2329
HA|PP755589.1|A/cattle/Texas/24-008749-003/2024(H5N1)	1593	2320
HA|PP755589.1|A/cattle/Texas/24-008749-003/2024(H5N1)	1594	2316
HA|PP755589.1|A/cattle/Texas/24-008749-003/2024(H5N1)	1595	2262
HA|PP755589.1|A/cattle/Texas/24-008749-003/2024(H5N1)	1596	2266
HA|PP755589.1|A/cattle/Texas/24-008749-003/2024(H5N1)	1597	2263
HA|PP755589.1|A/cattle/Texas/24-008749-003/2024(H5N1)	1598	2255
HA|PP755589.1|A/cattle/Texas/24-008749-003/2024(H5N1)	1599	2254
HA|PP755589.1|A/cattle/Texas/24-008749-003/2024(H5N1)	1600	2254
HA|PP755589.1|A/cattle/Texas/24-008749-003/2024(H5N1)	1601	2253
HA|PP755589.1|A/cattle/Texas/24-008749-003/2024(H5N1)	1602	2251
HA|PP755589.1|A/cattle/Texas/24-008749-003/2024(H5N1)	1603	2224
HA|PP755589.1|A/cattle/Texas/24-008749-003/2024(H5N1)	1604	2227
HA|PP755589.1|A/cattle/Texas/24-008749-003/2024(H5N1)	1605	2207
HA|PP755589.1|A/cattle/Texas/24-008749-003/2024(H5N1)	1606	2187
HA|PP755589.1|A/cattle/Texas/24-008749-003/2024(H5N1)	1607	2187
HA|PP755589.1|A/cattle/Texas/24-008749-003/2024(H5N1)	1608	2175
HA|PP755589.1|A/cattle/Texas/24-008749-003/2024(H5N1)	1609	2172
HA|PP755589.1|A/cattle/Texas/24-008749-003/2024(H5N1)	1610	2170
HA|PP755589.1|A/cattle/Texas/24-008749-003/2024(H5N1)	1611	2148
HA|PP755589.1|A/cattle/Texas/24-008749-003/2024(H5N1)	1612	2149
HA|PP755589.1|A/cattle/Texas/24-008749-003/2024(H5N1)	1613	2142
HA|PP755589.1|A/cattle/Texas/24-008749-003/2024(H5N1)	1614	2139
HA|PP755589.1|A/cattle/Texas/24-008749-003/2024(H5N1)	1615	2138
HA|PP755589.1|A/cattle/Texas/24-008749-003/2024(H5N1)	1616	2135
HA|PP755589.1|A/cattle/Texas/24-008749-003/2024(H5N1)	1617	2109
HA|PP755589.1|A/cattle/Texas/24-008749-003/2024(H5N1)	1618	2102
HA|PP755589.1|A/cattle/Texas/24-008749-003/2024(H5N1)	1619	2109
HA|PP755589.1|A/cattle/Texas/24-008749-003/2024(H5N1)	1620	2109
HA|PP755589.1|A/cattle/Texas/24-008749-003/2024(H5N1)	1621	2086
HA|PP755589.1|A/cattle/Texas/24-008749-003/2024(H5N1)	1622	2109
HA|PP755589.1|A/cattle/Texas/24-008749-003/2024(H5N1)	1623	2102
HA|PP755589.1|A/cattle/Texas/24-008749-003/2024(H5N1)	1624	2101
HA|PP755589.1|A/cattle/Texas/24-008749-003/2024(H5N1)	1625	2096
HA|PP755589.1|A/cattle/Texas/24-008749-003/2024(H5N1)	1626	2092
HA|PP755589.1|A/cattle/Texas/24-008749-003/2024(H5N1)	1627	2092
HA|PP755589.1|A/cattle/Texas/24-008749-003/2024(H5N1)	1628	2075
HA|PP755589.1|A/cattle/Texas/24-008749-003/2024(H5N1)	1629	2028
HA|PP755589.1|A/cattle/Texas/24-008749-003/2024(H5N1)	1630	2028
HA|PP755589.1|A/cattle/Texas/24-008749-003/2024(H5N1)	1631	1909
HA|PP755589.1|A/cattle/Texas/24-008749-003/2024(H5N1)	1632	1915
HA|PP755589.1|A/cattle/Texas/24-008749-003/2024(H5N1)	1633	1913
HA|PP755589.1|A/cattle/Texas/24-008749-003/2024(H5N1)	1634	1913
HA|PP755589.1|A/cattle/Texas/24-008749-003/2024(H5N1)	1635	1912
HA|PP755589.1|A/cattle/Texas/24-008749-003/2024(H5N1)	1636	1892
HA|PP755589.1|A/cattle/Texas/24-008749-003/2024(H5N1)	1637	1881
HA|PP755589.1|A/cattle/Texas/24-008749-003/2024(H5N1)	1638	1890
HA|PP755589.1|A/cattle/Texas/24-008749-003/2024(H5N1)	1639	1886
HA|PP755589.1|A/cattle/Texas/24-008749-003/2024(H5N1)	1640	1884
HA|PP755589.1|A/cattle/Texas/24-008749-003/2024(H5N1)	1641	1876
HA|PP755589.1|A/cattle/Texas/24-008749-003/2024(H5N1)	1642	1867
HA|PP755589.1|A/cattle/Texas/24-008749-003/2024(H5N1)	1643	1861
HA|PP755589.1|A/cattle/Texas/24-008749-003/2024(H5N1)	1644	1857
HA|PP755589.1|A/cattle/Texas/24-008749-003/2024(H5N1)	1645	1852
HA|PP755589.1|A/cattle/Texas/24-008749-003/2024(H5N1)	1646	1852
HA|PP755589.1|A/cattle/Texas/24-008749-003/2024(H5N1)	1647	1784
HA|PP755589.1|A/cattle/Texas/24-008749-003/2024(H5N1)	1648	1787
HA|PP755589.1|A/cattle/Texas/24-008749-003/2024(H5N1)	1649	1779
HA|PP755589.1|A/cattle/Texas/24-008749-003/2024(H5N1)	1650	1770
HA|PP755589.1|A/cattle/Texas/24-008749-003/2024(H5N1)	1651	1770
HA|PP755589.1|A/cattle/Texas/24-008749-003/2024(H5N1)	1652	1765
HA|PP755589.1|A/cattle/Texas/24-008749-003/2024(H5N1)	1653	1755
HA|PP755589.1|A/cattle/Texas/24-008749-003/2024(H5N1)	1654	1717
HA|PP755589.1|A/cattle/Texas/24-008749-003/2024(H5N1)	1655	1719
HA|PP755589.1|A/cattle/Texas/24-008749-003/2024(H5N1)	1656	1710
HA|PP755589.1|A/cattle/Texas/24-008749-003/2024(H5N1)	1657	1659
HA|PP755589.1|A/cattle/Texas/24-008749-003/2024(H5N1)	1658	1641
HA|PP755589.1|A/cattle/Texas/24-008749-003/2024(H5N1)	1659	1639
HA|PP755589.1|A/cattle/Texas/24-008749-003/2024(H5N1)	1660	1637
HA|PP755589.1|A/cattle/Texas/24-008749-003/2024(H5N1)	1661	1591
HA|PP755589.1|A/cattle/Texas/24-008749-003/2024(H5N1)	1662	1532
HA|PP755589.1|A/cattle/Texas/24-008749-003/2024(H5N1)	1663	1507
HA|PP755589.1|A/cattle/Texas/24-008749-003/2024(H5N1)	1664	1479
HA|PP755589.1|A/cattle/Texas/24-008749-003/2024(H5N1)	1665	1479
HA|PP755589.1|A/cattle/Texas/24-008749-003/2024(H5N1)	1666	1424
HA|PP755589.1|A/cattle/Texas/24-008749-003/2024(H5N1)	1667	1418
HA|PP755589.1|A/cattle/Texas/24-008749-003/2024(H5N1)	1668	1418
HA|PP755589.1|A/cattle/Texas/24-008749-003/2024(H5N1)	1669	1418
HA|PP755589.1|A/cattle/Texas/24-008749-003/2024(H5N1)	1670	1417
HA|PP755589.1|A/cattle/Texas/24-008749-003/2024(H5N1)	1671	1402
HA|PP755589.1|A/cattle/Texas/24-008749-003/2024(H5N1)	1672	1346
HA|PP755589.1|A/cattle/Texas/24-008749-003/2024(H5N1)	1673	1345
HA|PP755589.1|A/cattle/Texas/24-008749-003/2024(H5N1)	1674	1320
HA|PP755589.1|A/cattle/Texas/24-008749-003/2024(H5N1)	1675	1318
HA|PP755589.1|A/cattle/Texas/24-008749-003/2024(H5N1)	1676	1262
HA|PP755589.1|A/cattle/Texas/24-008749-003/2024(H5N1)	1677	1244
HA|PP755589.1|A/cattle/Texas/24-008749-003/2024(H5N1)	1678	1244
HA|PP755589.1|A/cattle/Texas/24-008749-003/2024(H5N1)	1679	1205
HA|PP755589.1|A/cattle/Texas/24-008749-003/2024(H5N1)	1680	1185
HA|PP755589.1|A/cattle/Texas/24-008749-003/2024(H5N1)	1681	1182
HA|PP755589.1|A/cattle/Texas/24-008749-003/2024(H5N1)	1682	1179
HA|PP755589.1|A/cattle/Texas/24-008749-003/2024(H5N1)	1683	1179
HA|PP755589.1|A/cattle/Texas/24-008749-003/2024(H5N1)	1684	1179
HA|PP755589.1|A/cattle/Texas/24-008749-003/2024(H5N1)	1685	999
HA|PP755589.1|A/cattle/Texas/24-008749-003/2024(H5N1)	1686	957
HA|PP755589.1|A/cattle/Texas/24-008749-003/2024(H5N1)	1687	931
HA|PP755589.1|A/cattle/Texas/24-008749-003/2024(H5N1)	1688	931
HA|PP755589.1|A/cattle/Texas/24-008749-003/2024(H5N1)	1689	931
HA|PP755589.1|A/cattle/Texas/24-008749-003/2024(H5N1)	1690	887
HA|PP755589.1|A/cattle/Texas/24-008749-003/2024(H5N1)	1691	882
HA|PP755589.1|A/cattle/Texas/24-008749-003/2024(H5N1)	1692	882
HA|PP755589.1|A/cattle/Texas/24-008749-003/2024(H5N1)	1693	880
HA|PP755589.1|A/cattle/Texas/24-008749-003/2024(H5N1)	1694	880
HA|PP755589.1|A/cattle/Texas/24-008749-003/2024(H5N1)	1695	814
HA|PP755589.1|A/cattle/Texas/24-008749-003/2024(H5N1)	1696	811
HA|PP755589.1|A/cattle/Texas/24-008749-003/2024(H5N1)	1697	810
HA|PP755589.1|A/cattle/Texas/24-008749-003/2024(H5N1)	1698	808
HA|PP755589.1|A/cattle/Texas/24-008749-003/2024(H5N1)	1699	808
HA|PP755589.1|A/cattle/Texas/24-008749-003/2024(H5N1)	1700	793
HA|PP755589.1|A/cattle/Texas/24-008749-003/2024(H5N1)	1701	789
HA|PP755589.1|A/cattle/Texas/24-008749-003/2024(H5N1)	1702	788
HA|PP755589.1|A/cattle/Texas/24-008749-003/2024(H5N1)	1703	788
HA|PP755589.1|A/cattle/Texas/24-008749-003/2024(H5N1)	1704	787
