HA|PP755589.1|A/cattle/Texas/24-008749-003/2024(H5N1)	1	0
HA|PP755589.1|A/cattle/Texas/24-008749-003/2024(H5N1)	2	0
HA|PP755589.1|A/cattle/Texas/24-008749-003/2024(H5N1)	3	0
HA|PP755589.1|A/cattle/Texas/24-008749-003/2024(H5N1)	4	0
HA|PP755589.1|A/cattle/Texas/24-008749-003/2024(H5N1)	5	0
HA|PP755589.1|A/cattle/Texas/24-008749-003/2024(H5N1)	6	0
HA|PP755589.1|A/cattle/Texas/24-008749-003/2024(H5N1)	7	0
HA|PP755589.1|A/cattle/Texas/24-008749-003/2024(H5N1)	8	0
HA|PP755589.1|A/cattle/Texas/24-008749-003/2024(H5N1)	9	0
HA|PP755589.1|A/cattle/Texas/24-008749-003/2024(H5N1)	10	0
HA|PP755589.1|A/cattle/Texas/24-008749-003/2024(H5N1)	11	0
HA|PP755589.1|A/cattle/Texas/24-008749-003/2024(H5N1)	12	0
HA|PP755589.1|A/cattle/Texas/24-008749-003/2024(H5N1)	13	0
HA|PP755589.1|A/cattle/Texas/24-008749-003/2024(H5N1)	14	0
HA|PP755589.1|A/cattle/Texas/24-008749-003/2024(H5N1)	15	0
HA|PP755589.1|A/cattle/Texas/24-008749-003/2024(H5N1)	16	0
HA|PP755589.1|A/cattle/Texas/24-008749-003/2024(H5N1)	17	0
HA|PP755589.1|A/cattle/Texas/24-008749-003/2024(H5N1)	18	0
HA|PP755589.1|A/cattle/Texas/24-008749-003/2024(H5N1)	19	0
HA|PP755589.1|A/cattle/Texas/24-008749-003/2024(H5N1)	20	0
HA|PP755589.1|A/cattle/Texas/24-008749-003/2024(H5N1)	21	0
HA|PP755589.1|A/cattle/Texas/24-008749-003/2024(H5N1)	22	0
HA|PP755589.1|A/cattle/Texas/24-008749-003/2024(H5N1)	23	0
HA|PP755589.1|A/cattle/Texas/24-008749-003/2024(H5N1)	24	0
HA|PP755589.1|A/cattle/Texas/24-008749-003/2024(H5N1)	25	0
HA|PP755589.1|A/cattle/Texas/24-008749-003/2024(H5N1)	26	0
HA|PP755589.1|A/cattle/Texas/24-008749-003/2024(H5N1)	27	0
HA|PP755589.1|A/cattle/Texas/24-008749-003/2024(H5N1)	28	0
HA|PP755589.1|A/cattle/Texas/24-008749-003/2024(H5N1)	29	0
HA|PP755589.1|A/cattle/Texas/24-008749-003/2024(H5N1)	30	0
HA|PP755589.1|A/cattle/Texas/24-008749-003/2024(H5N1)	31	0
HA|PP755589.1|A/cattle/Texas/24-008749-003/2024(H5N1)	32	0
HA|PP755589.1|A/cattle/Texas/24-008749-003/2024(H5N1)	33	0
HA|PP755589.1|A/cattle/Texas/24-008749-003/2024(H5N1)	34	0
HA|PP755589.1|A/cattle/Texas/24-008749-003/2024(H5N1)	35	0
HA|PP755589.1|A/cattle/Texas/24-008749-003/2024(H5N1)	36	0
HA|PP755589.1|A/cattle/Texas/24-008749-003/2024(H5N1)	37	0
HA|PP755589.1|A/cattle/Texas/24-008749-003/2024(H5N1)	38	0
HA|PP755589.1|A/cattle/Texas/24-008749-003/2024(H5N1)	39	0
HA|PP755589.1|A/cattle/Texas/24-008749-003/2024(H5N1)	40	0
HA|PP755589.1|A/cattle/Texas/24-008749-003/2024(H5N1)	41	0
HA|PP755589.1|A/cattle/Texas/24-008749-003/2024(H5N1)	42	0
HA|PP755589.1|A/cattle/Texas/24-008749-003/2024(H5N1)	43	0
HA|PP755589.1|A/cattle/Texas/24-008749-003/2024(H5N1)	44	0
HA|PP755589.1|A/cattle/Texas/24-008749-003/2024(H5N1)	45	0
HA|PP755589.1|A/cattle/Texas/24-008749-003/2024(H5N1)	46	0
HA|PP755589.1|A/cattle/Texas/24-008749-003/2024(H5N1)	47	0
HA|PP755589.1|A/cattle/Texas/24-008749-003/2024(H5N1)	48	0
HA|PP755589.1|A/cattle/Texas/24-008749-003/2024(H5N1)	49	0
HA|PP755589.1|A/cattle/Texas/24-008749-003/2024(H5N1)	50	0
HA|PP755589.1|A/cattle/Texas/24-008749-003/2024(H5N1)	51	0
HA|PP755589.1|A/cattle/Texas/24-008749-003/2024(H5N1)	52	0
HA|PP755589.1|A/cattle/Texas/24-008749-003/2024(H5N1)	53	0
HA|PP755589.1|A/cattle/Texas/24-008749-003/2024(H5N1)	54	0
HA|PP755589.1|A/cattle/Texas/24-008749-003/2024(H5N1)	55	0
HA|PP755589.1|A/cattle/Texas/24-008749-003/2024(H5N1)	56	0
HA|PP755589.1|A/cattle/Texas/24-008749-003/2024(H5N1)	57	0
HA|PP755589.1|A/cattle/Texas/24-008749-003/2024(H5N1)	58	0
HA|PP755589.1|A/cattle/Texas/24-008749-003/2024(H5N1)	59	0
HA|PP755589.1|A/cattle/Texas/24-008749-003/2024(H5N1)	60	0
HA|PP755589.1|A/cattle/Texas/24-008749-003/2024(H5N1)	61	0
HA|PP755589.1|A/cattle/Texas/24-008749-003/2024(H5N1)	62	0
HA|PP755589.1|A/cattle/Texas/24-008749-003/2024(H5N1)	63	0
HA|PP755589.1|A/cattle/Texas/24-008749-003/2024(H5N1)	64	0
HA|PP755589.1|A/cattle/Texas/24-008749-003/2024(H5N1)	65	0
HA|PP755589.1|A/cattle/Texas/24-008749-003/2024(H5N1)	66	0
HA|PP755589.1|A/cattle/Texas/24-008749-003/2024(H5N1)	67	0
HA|PP755589.1|A/cattle/Texas/24-008749-003/2024(H5N1)	68	0
HA|PP755589.1|A/cattle/Texas/24-008749-003/2024(H5N1)	69	0
HA|PP755589.1|A/cattle/Texas/24-008749-003/2024(H5N1)	70	0
HA|PP755589.1|A/cattle/Texas/24-008749-003/2024(H5N1)	71	0
HA|PP755589.1|A/cattle/Texas/24-008749-003/2024(H5N1)	72	0
HA|PP755589.1|A/cattle/Texas/24-008749-003/2024(H5N1)	73	0
HA|PP755589.1|A/cattle/Texas/24-008749-003/2024(H5N1)	74	0
HA|PP755589.1|A/cattle/Texas/24-008749-003/2024(H5N1)	75	0
HA|PP755589.1|A/cattle/Texas/24-008749-003/2024(H5N1)	76	0
HA|PP755589.1|A/cattle/Texas/24-008749-003/2024(H5N1)	77	0
HA|PP755589.1|A/cattle/Texas/24-008749-003/2024(H5N1)	78	0
HA|PP755589.1|A/cattle/Texas/24-008749-003/2024(H5N1)	79	0
HA|PP755589.1|A/cattle/Texas/24-008749-003/2024(H5N1)	80	0
HA|PP755589.1|A/cattle/Texas/24-008749-003/2024(H5N1)	81	0
HA|PP755589.1|A/cattle/Texas/24-008749-003/2024(H5N1)	82	0
HA|PP755589.1|A/cattle/Texas/24-008749-003/2024(H5N1)	83	0
HA|PP755589.1|A/cattle/Texas/24-008749-003/2024(H5N1)	84	0
HA|PP755589.1|A/cattle/Texas/24-008749-003/2024(H5N1)	85	0
HA|PP755589.1|A/cattle/Texas/24-008749-003/2024(H5N1)	86	0
HA|PP755589.1|A/cattle/Texas/24-008749-003/2024(H5N1)	87	0
HA|PP755589.1|A/cattle/Texas/24-008749-003/2024(H5N1)	88	0
HA|PP755589.1|A/cattle/Texas/24-008749-003/2024(H5N1)	89	0
HA|PP755589.1|A/cattle/Texas/24-008749-003/2024(H5N1)	90	0
HA|PP755589.1|A/cattle/Texas/24-008749-003/2024(H5N1)	91	0
HA|PP755589.1|A/cattle/Texas/24-008749-003/2024(H5N1)	92	0
HA|PP755589.1|A/cattle/Texas/24-008749-003/2024(H5N1)	93	0
HA|PP755589.1|A/cattle/Texas/24-008749-003/2024(H5N1)	94	0
HA|PP755589.1|A/cattle/Texas/24-008749-003/2024(H5N1)	95	0
HA|PP755589.1|A/cattle/Texas/24-008749-003/2024(H5N1)	96	0
HA|PP755589.1|A/cattle/Texas/24-008749-003/2024(H5N1)	97	0
HA|PP755589.1|A/cattle/Texas/24-008749-003/2024(H5N1)	98	0
HA|PP755589.1|A/cattle/Texas/24-008749-003/2024(H5N1)	99	0
HA|PP755589.1|A/cattle/Texas/24-008749-003/2024(H5N1)	100	0
HA|PP755589.1|A/cattle/Texas/24-008749-003/2024(H5N1)	101	0
HA|PP755589.1|A/cattle/Texas/24-008749-003/2024(H5N1)	102	0
HA|PP755589.1|A/cattle/Texas/24-008749-003/2024(H5N1)	103	0
HA|PP755589.1|A/cattle/Texas/24-008749-003/2024(H5N1)	104	0
HA|PP755589.1|A/cattle/Texas/24-008749-003/2024(H5N1)	105	0
HA|PP755589.1|A/cattle/Texas/24-008749-003/2024(H5N1)	106	0
HA|PP755589.1|A/cattle/Texas/24-008749-003/2024(H5N1)	107	0
HA|PP755589.1|A/cattle/Texas/24-008749-003/2024(H5N1)	108	0
HA|PP755589.1|A/cattle/Texas/24-008749-003/2024(H5N1)	109	0
HA|PP755589.1|A/cattle/Texas/24-008749-003/2024(H5N1)	110	0
HA|PP755589.1|A/cattle/Texas/24-008749-003/2024(H5N1)	111	0
HA|PP755589.1|A/cattle/Texas/24-008749-003/2024(H5N1)	112	0
HA|PP755589.1|A/cattle/Texas/24-008749-003/2024(H5N1)	113	0
HA|PP755589.1|A/cattle/Texas/24-008749-003/2024(H5N1)	114	0
HA|PP755589.1|A/cattle/Texas/24-008749-003/2024(H5N1)	115	0
HA|PP755589.1|A/cattle/Texas/24-008749-003/2024(H5N1)	116	0
HA|PP755589.1|A/cattle/Texas/24-008749-003/2024(H5N1)	117	0
HA|PP755589.1|A/cattle/Texas/24-008749-003/2024(H5N1)	118	0
HA|PP755589.1|A/cattle/Texas/24-008749-003/2024(H5N1)	119	0
HA|PP755589.1|A/cattle/Texas/24-008749-003/2024(H5N1)	120	0
HA|PP755589.1|A/cattle/Texas/24-008749-003/2024(H5N1)	121	0
HA|PP755589.1|A/cattle/Texas/24-008749-003/2024(H5N1)	122	0
HA|PP755589.1|A/cattle/Texas/24-008749-003/2024(H5N1)	123	0
HA|PP755589.1|A/cattle/Texas/24-008749-003/2024(H5N1)	124	0
HA|PP755589.1|A/cattle/Texas/24-008749-003/2024(H5N1)	125	0
HA|PP755589.1|A/cattle/Texas/24-008749-003/2024(H5N1)	126	0
HA|PP755589.1|A/cattle/Texas/24-008749-003/2024(H5N1)	127	0
HA|PP755589.1|A/cattle/Texas/24-008749-003/2024(H5N1)	128	0
HA|PP755589.1|A/cattle/Texas/24-008749-003/2024(H5N1)	129	0
HA|PP755589.1|A/cattle/Texas/24-008749-003/2024(H5N1)	130	0
HA|PP755589.1|A/cattle/Texas/24-008749-003/2024(H5N1)	131	0
HA|PP755589.1|A/cattle/Texas/24-008749-003/2024(H5N1)	132	0
HA|PP755589.1|A/cattle/Texas/24-008749-003/2024(H5N1)	133	0
HA|PP755589.1|A/cattle/Texas/24-008749-003/2024(H5N1)	134	0
HA|PP755589.1|A/cattle/Texas/24-008749-003/2024(H5N1)	135	0
HA|PP755589.1|A/cattle/Texas/24-008749-003/2024(H5N1)	136	0
HA|PP755589.1|A/cattle/Texas/24-008749-003/2024(H5N1)	137	0
HA|PP755589.1|A/cattle/Texas/24-008749-003/2024(H5N1)	138	0
HA|PP755589.1|A/cattle/Texas/24-008749-003/2024(H5N1)	139	0
HA|PP755589.1|A/cattle/Texas/24-008749-003/2024(H5N1)	140	0
HA|PP755589.1|A/cattle/Texas/24-008749-003/2024(H5N1)	141	0
HA|PP755589.1|A/cattle/Texas/24-008749-003/2024(H5N1)	142	0
HA|PP755589.1|A/cattle/Texas/24-008749-003/2024(H5N1)	143	0
HA|PP755589.1|A/cattle/Texas/24-008749-003/2024(H5N1)	144	0
HA|PP755589.1|A/cattle/Texas/24-008749-003/2024(H5N1)	145	0
HA|PP755589.1|A/cattle/Texas/24-008749-003/2024(H5N1)	146	0
HA|PP755589.1|A/cattle/Texas/24-008749-003/2024(H5N1)	147	0
HA|PP755589.1|A/cattle/Texas/24-008749-003/2024(H5N1)	148	0
HA|PP755589.1|A/cattle/Texas/24-008749-003/2024(H5N1)	149	0
HA|PP755589.1|A/cattle/Texas/24-008749-003/2024(H5N1)	150	0
HA|PP755589.1|A/cattle/Texas/24-008749-003/2024(H5N1)	151	0
HA|PP755589.1|A/cattle/Texas/24-008749-003/2024(H5N1)	152	0
HA|PP755589.1|A/cattle/Texas/24-008749-003/2024(H5N1)	153	0
HA|PP755589.1|A/cattle/Texas/24-008749-003/2024(H5N1)	154	0
HA|PP755589.1|A/cattle/Texas/24-008749-003/2024(H5N1)	155	0
HA|PP755589.1|A/cattle/Texas/24-008749-003/2024(H5N1)	156	0
HA|PP755589.1|A/cattle/Texas/24-008749-003/2024(H5N1)	157	0
HA|PP755589.1|A/cattle/Texas/24-008749-003/2024(H5N1)	158	0
HA|PP755589.1|A/cattle/Texas/24-008749-003/2024(H5N1)	159	0
HA|PP755589.1|A/cattle/Texas/24-008749-003/2024(H5N1)	160	0
HA|PP755589.1|A/cattle/Texas/24-008749-003/2024(H5N1)	161	0
HA|PP755589.1|A/cattle/Texas/24-008749-003/2024(H5N1)	162	0
HA|PP755589.1|A/cattle/Texas/24-008749-003/2024(H5N1)	163	0
HA|PP755589.1|A/cattle/Texas/24-008749-003/2024(H5N1)	164	0
HA|PP755589.1|A/cattle/Texas/24-008749-003/2024(H5N1)	165	0
HA|PP755589.1|A/cattle/Texas/24-008749-003/2024(H5N1)	166	0
HA|PP755589.1|A/cattle/Texas/24-008749-003/2024(H5N1)	167	0
HA|PP755589.1|A/cattle/Texas/24-008749-003/2024(H5N1)	168	0
HA|PP755589.1|A/cattle/Texas/24-008749-003/2024(H5N1)	169	0
HA|PP755589.1|A/cattle/Texas/24-008749-003/2024(H5N1)	170	0
HA|PP755589.1|A/cattle/Texas/24-008749-003/2024(H5N1)	171	0
HA|PP755589.1|A/cattle/Texas/24-008749-003/2024(H5N1)	172	0
HA|PP755589.1|A/cattle/Texas/24-008749-003/2024(H5N1)	173	0
HA|PP755589.1|A/cattle/Texas/24-008749-003/2024(H5N1)	174	0
HA|PP755589.1|A/cattle/Texas/24-008749-003/2024(H5N1)	175	0
HA|PP755589.1|A/cattle/Texas/24-008749-003/2024(H5N1)	176	0
HA|PP755589.1|A/cattle/Texas/24-008749-003/2024(H5N1)	177	0
HA|PP755589.1|A/cattle/Texas/24-008749-003/2024(H5N1)	178	0
HA|PP755589.1|A/cattle/Texas/24-008749-003/2024(H5N1)	179	0
HA|PP755589.1|A/cattle/Texas/24-008749-003/2024(H5N1)	180	0
HA|PP755589.1|A/cattle/Texas/24-008749-003/2024(H5N1)	181	0
HA|PP755589.1|A/cattle/Texas/24-008749-003/2024(H5N1)	182	0
HA|PP755589.1|A/cattle/Texas/24-008749-003/2024(H5N1)	183	0
HA|PP755589.1|A/cattle/Texas/24-008749-003/2024(H5N1)	184	0
HA|PP755589.1|A/cattle/Texas/24-008749-003/2024(H5N1)	185	0
HA|PP755589.1|A/cattle/Texas/24-008749-003/2024(H5N1)	186	0
HA|PP755589.1|A/cattle/Texas/24-008749-003/2024(H5N1)	187	0
HA|PP755589.1|A/cattle/Texas/24-008749-003/2024(H5N1)	188	0
HA|PP755589.1|A/cattle/Texas/24-008749-003/2024(H5N1)	189	0
HA|PP755589.1|A/cattle/Texas/24-008749-003/2024(H5N1)	190	0
HA|PP755589.1|A/cattle/Texas/24-008749-003/2024(H5N1)	191	0
HA|PP755589.1|A/cattle/Texas/24-008749-003/2024(H5N1)	192	0
HA|PP755589.1|A/cattle/Texas/24-008749-003/2024(H5N1)	193	0
HA|PP755589.1|A/cattle/Texas/24-008749-003/2024(H5N1)	194	0
HA|PP755589.1|A/cattle/Texas/24-008749-003/2024(H5N1)	195	0
HA|PP755589.1|A/cattle/Texas/24-008749-003/2024(H5N1)	196	0
HA|PP755589.1|A/cattle/Texas/24-008749-003/2024(H5N1)	197	0
HA|PP755589.1|A/cattle/Texas/24-008749-003/2024(H5N1)	198	0
HA|PP755589.1|A/cattle/Texas/24-008749-003/2024(H5N1)	199	0
HA|PP755589.1|A/cattle/Texas/24-008749-003/2024(H5N1)	200	0
HA|PP755589.1|A/cattle/Texas/24-008749-003/2024(H5N1)	201	0
HA|PP755589.1|A/cattle/Texas/24-008749-003/2024(H5N1)	202	0
HA|PP755589.1|A/cattle/Texas/24-008749-003/2024(H5N1)	203	0
HA|PP755589.1|A/cattle/Texas/24-008749-003/2024(H5N1)	204	0
HA|PP755589.1|A/cattle/Texas/24-008749-003/2024(H5N1)	205	0
HA|PP755589.1|A/cattle/Texas/24-008749-003/2024(H5N1)	206	0
HA|PP755589.1|A/cattle/Texas/24-008749-003/2024(H5N1)	207	0
HA|PP755589.1|A/cattle/Texas/24-008749-003/2024(H5N1)	208	0
HA|PP755589.1|A/cattle/Texas/24-008749-003/2024(H5N1)	209	0
HA|PP755589.1|A/cattle/Texas/24-008749-003/2024(H5N1)	210	0
HA|PP755589.1|A/cattle/Texas/24-008749-003/2024(H5N1)	211	0
HA|PP755589.1|A/cattle/Texas/24-008749-003/2024(H5N1)	212	0
HA|PP755589.1|A/cattle/Texas/24-008749-003/2024(H5N1)	213	0
HA|PP755589.1|A/cattle/Texas/24-008749-003/2024(H5N1)	214	0
HA|PP755589.1|A/cattle/Texas/24-008749-003/2024(H5N1)	215	0
HA|PP755589.1|A/cattle/Texas/24-008749-003/2024(H5N1)	216	0
HA|PP755589.1|A/cattle/Texas/24-008749-003/2024(H5N1)	217	0
HA|PP755589.1|A/cattle/Texas/24-008749-003/2024(H5N1)	218	0
HA|PP755589.1|A/cattle/Texas/24-008749-003/2024(H5N1)	219	0
HA|PP755589.1|A/cattle/Texas/24-008749-003/2024(H5N1)	220	0
HA|PP755589.1|A/cattle/Texas/24-008749-003/2024(H5N1)	221	0
HA|PP755589.1|A/cattle/Texas/24-008749-003/2024(H5N1)	222	0
HA|PP755589.1|A/cattle/Texas/24-008749-003/2024(H5N1)	223	0
HA|PP755589.1|A/cattle/Texas/24-008749-003/2024(H5N1)	224	0
HA|PP755589.1|A/cattle/Texas/24-008749-003/2024(H5N1)	225	0
HA|PP755589.1|A/cattle/Texas/24-008749-003/2024(H5N1)	226	0
HA|PP755589.1|A/cattle/Texas/24-008749-003/2024(H5N1)	227	0
HA|PP755589.1|A/cattle/Texas/24-008749-003/2024(H5N1)	228	0
HA|PP755589.1|A/cattle/Texas/24-008749-003/2024(H5N1)	229	0
HA|PP755589.1|A/cattle/Texas/24-008749-003/2024(H5N1)	230	0
HA|PP755589.1|A/cattle/Texas/24-008749-003/2024(H5N1)	231	0
HA|PP755589.1|A/cattle/Texas/24-008749-003/2024(H5N1)	232	0
HA|PP755589.1|A/cattle/Texas/24-008749-003/2024(H5N1)	233	0
HA|PP755589.1|A/cattle/Texas/24-008749-003/2024(H5N1)	234	0
HA|PP755589.1|A/cattle/Texas/24-008749-003/2024(H5N1)	235	0
HA|PP755589.1|A/cattle/Texas/24-008749-003/2024(H5N1)	236	0
HA|PP755589.1|A/cattle/Texas/24-008749-003/2024(H5N1)	237	0
HA|PP755589.1|A/cattle/Texas/24-008749-003/2024(H5N1)	238	0
HA|PP755589.1|A/cattle/Texas/24-008749-003/2024(H5N1)	239	0
HA|PP755589.1|A/cattle/Texas/24-008749-003/2024(H5N1)	240	0
HA|PP755589.1|A/cattle/Texas/24-008749-003/2024(H5N1)	241	0
HA|PP755589.1|A/cattle/Texas/24-008749-003/2024(H5N1)	242	0
HA|PP755589.1|A/cattle/Texas/24-008749-003/2024(H5N1)	243	0
HA|PP755589.1|A/cattle/Texas/24-008749-003/2024(H5N1)	244	0
HA|PP755589.1|A/cattle/Texas/24-008749-003/2024(H5N1)	245	0
HA|PP755589.1|A/cattle/Texas/24-008749-003/2024(H5N1)	246	0
HA|PP755589.1|A/cattle/Texas/24-008749-003/2024(H5N1)	247	0
HA|PP755589.1|A/cattle/Texas/24-008749-003/2024(H5N1)	248	0
HA|PP755589.1|A/cattle/Texas/24-008749-003/2024(H5N1)	249	0
HA|PP755589.1|A/cattle/Texas/24-008749-003/2024(H5N1)	250	0
HA|PP755589.1|A/cattle/Texas/24-008749-003/2024(H5N1)	251	0
HA|PP755589.1|A/cattle/Texas/24-008749-003/2024(H5N1)	252	0
HA|PP755589.1|A/cattle/Texas/24-008749-003/2024(H5N1)	253	0
HA|PP755589.1|A/cattle/Texas/24-008749-003/2024(H5N1)	254	0
HA|PP755589.1|A/cattle/Texas/24-008749-003/2024(H5N1)	255	0
HA|PP755589.1|A/cattle/Texas/24-008749-003/2024(H5N1)	256	0
HA|PP755589.1|A/cattle/Texas/24-008749-003/2024(H5N1)	257	0
HA|PP755589.1|A/cattle/Texas/24-008749-003/2024(H5N1)	258	0
HA|PP755589.1|A/cattle/Texas/24-008749-003/2024(H5N1)	259	0
HA|PP755589.1|A/cattle/Texas/24-008749-003/2024(H5N1)	260	0
HA|PP755589.1|A/cattle/Texas/24-008749-003/2024(H5N1)	261	0
HA|PP755589.1|A/cattle/Texas/24-008749-003/2024(H5N1)	262	0
HA|PP755589.1|A/cattle/Texas/24-008749-003/2024(H5N1)	263	0
HA|PP755589.1|A/cattle/Texas/24-008749-003/2024(H5N1)	264	0
HA|PP755589.1|A/cattle/Texas/24-008749-003/2024(H5N1)	265	0
HA|PP755589.1|A/cattle/Texas/24-008749-003/2024(H5N1)	266	0
HA|PP755589.1|A/cattle/Texas/24-008749-003/2024(H5N1)	267	0
HA|PP755589.1|A/cattle/Texas/24-008749-003/2024(H5N1)	268	0
HA|PP755589.1|A/cattle/Texas/24-008749-003/2024(H5N1)	269	0
HA|PP755589.1|A/cattle/Texas/24-008749-003/2024(H5N1)	270	0
HA|PP755589.1|A/cattle/Texas/24-008749-003/2024(H5N1)	271	0
HA|PP755589.1|A/cattle/Texas/24-008749-003/2024(H5N1)	272	0
HA|PP755589.1|A/cattle/Texas/24-008749-003/2024(H5N1)	273	0
HA|PP755589.1|A/cattle/Texas/24-008749-003/2024(H5N1)	274	0
HA|PP755589.1|A/cattle/Texas/24-008749-003/2024(H5N1)	275	0
HA|PP755589.1|A/cattle/Texas/24-008749-003/2024(H5N1)	276	0
HA|PP755589.1|A/cattle/Texas/24-008749-003/2024(H5N1)	277	0
HA|PP755589.1|A/cattle/Texas/24-008749-003/2024(H5N1)	278	0
HA|PP755589.1|A/cattle/Texas/24-008749-003/2024(H5N1)	279	0
HA|PP755589.1|A/cattle/Texas/24-008749-003/2024(H5N1)	280	0
HA|PP755589.1|A/cattle/Texas/24-008749-003/2024(H5N1)	281	0
HA|PP755589.1|A/cattle/Texas/24-008749-003/2024(H5N1)	282	0
HA|PP755589.1|A/cattle/Texas/24-008749-003/2024(H5N1)	283	0
HA|PP755589.1|A/cattle/Texas/24-008749-003/2024(H5N1)	284	0
HA|PP755589.1|A/cattle/Texas/24-008749-003/2024(H5N1)	285	0
HA|PP755589.1|A/cattle/Texas/24-008749-003/2024(H5N1)	286	0
HA|PP755589.1|A/cattle/Texas/24-008749-003/2024(H5N1)	287	0
HA|PP755589.1|A/cattle/Texas/24-008749-003/2024(H5N1)	288	0
HA|PP755589.1|A/cattle/Texas/24-008749-003/2024(H5N1)	289	0
HA|PP755589.1|A/cattle/Texas/24-008749-003/2024(H5N1)	290	0
HA|PP755589.1|A/cattle/Texas/24-008749-003/2024(H5N1)	291	0
HA|PP755589.1|A/cattle/Texas/24-008749-003/2024(H5N1)	292	0
HA|PP755589.1|A/cattle/Texas/24-008749-003/2024(H5N1)	293	0
HA|PP755589.1|A/cattle/Texas/24-008749-003/2024(H5N1)	294	0
HA|PP755589.1|A/cattle/Texas/24-008749-003/2024(H5N1)	295	0
HA|PP755589.1|A/cattle/Texas/24-008749-003/2024(H5N1)	296	0
HA|PP755589.1|A/cattle/Texas/24-008749-003/2024(H5N1)	297	0
HA|PP755589.1|A/cattle/Texas/24-008749-003/2024(H5N1)	298	0
HA|PP755589.1|A/cattle/Texas/24-008749-003/2024(H5N1)	299	0
HA|PP755589.1|A/cattle/Texas/24-008749-003/2024(H5N1)	300	0
HA|PP755589.1|A/cattle/Texas/24-008749-003/2024(H5N1)	301	0
HA|PP755589.1|A/cattle/Texas/24-008749-003/2024(H5N1)	302	0
HA|PP755589.1|A/cattle/Texas/24-008749-003/2024(H5N1)	303	0
HA|PP755589.1|A/cattle/Texas/24-008749-003/2024(H5N1)	304	0
HA|PP755589.1|A/cattle/Texas/24-008749-003/2024(H5N1)	305	0
HA|PP755589.1|A/cattle/Texas/24-008749-003/2024(H5N1)	306	0
HA|PP755589.1|A/cattle/Texas/24-008749-003/2024(H5N1)	307	0
HA|PP755589.1|A/cattle/Texas/24-008749-003/2024(H5N1)	308	0
HA|PP755589.1|A/cattle/Texas/24-008749-003/2024(H5N1)	309	0
HA|PP755589.1|A/cattle/Texas/24-008749-003/2024(H5N1)	310	0
HA|PP755589.1|A/cattle/Texas/24-008749-003/2024(H5N1)	311	0
HA|PP755589.1|A/cattle/Texas/24-008749-003/2024(H5N1)	312	0
HA|PP755589.1|A/cattle/Texas/24-008749-003/2024(H5N1)	313	0
HA|PP755589.1|A/cattle/Texas/24-008749-003/2024(H5N1)	314	0
HA|PP755589.1|A/cattle/Texas/24-008749-003/2024(H5N1)	315	0
HA|PP755589.1|A/cattle/Texas/24-008749-003/2024(H5N1)	316	0
HA|PP755589.1|A/cattle/Texas/24-008749-003/2024(H5N1)	317	0
HA|PP755589.1|A/cattle/Texas/24-008749-003/2024(H5N1)	318	0
HA|PP755589.1|A/cattle/Texas/24-008749-003/2024(H5N1)	319	0
HA|PP755589.1|A/cattle/Texas/24-008749-003/2024(H5N1)	320	0
HA|PP755589.1|A/cattle/Texas/24-008749-003/2024(H5N1)	321	0
HA|PP755589.1|A/cattle/Texas/24-008749-003/2024(H5N1)	322	0
HA|PP755589.1|A/cattle/Texas/24-008749-003/2024(H5N1)	323	0
HA|PP755589.1|A/cattle/Texas/24-008749-003/2024(H5N1)	324	0
HA|PP755589.1|A/cattle/Texas/24-008749-003/2024(H5N1)	325	0
HA|PP755589.1|A/cattle/Texas/24-008749-003/2024(H5N1)	326	0
HA|PP755589.1|A/cattle/Texas/24-008749-003/2024(H5N1)	327	0
HA|PP755589.1|A/cattle/Texas/24-008749-003/2024(H5N1)	328	0
HA|PP755589.1|A/cattle/Texas/24-008749-003/2024(H5N1)	329	0
HA|PP755589.1|A/cattle/Texas/24-008749-003/2024(H5N1)	330	0
HA|PP755589.1|A/cattle/Texas/24-008749-003/2024(H5N1)	331	0
HA|PP755589.1|A/cattle/Texas/24-008749-003/2024(H5N1)	332	0
HA|PP755589.1|A/cattle/Texas/24-008749-003/2024(H5N1)	333	0
HA|PP755589.1|A/cattle/Texas/24-008749-003/2024(H5N1)	334	0
HA|PP755589.1|A/cattle/Texas/24-008749-003/2024(H5N1)	335	0
HA|PP755589.1|A/cattle/Texas/24-008749-003/2024(H5N1)	336	0
HA|PP755589.1|A/cattle/Texas/24-008749-003/2024(H5N1)	337	0
HA|PP755589.1|A/cattle/Texas/24-008749-003/2024(H5N1)	338	0
HA|PP755589.1|A/cattle/Texas/24-008749-003/2024(H5N1)	339	0
HA|PP755589.1|A/cattle/Texas/24-008749-003/2024(H5N1)	340	0
HA|PP755589.1|A/cattle/Texas/24-008749-003/2024(H5N1)	341	0
HA|PP755589.1|A/cattle/Texas/24-008749-003/2024(H5N1)	342	0
HA|PP755589.1|A/cattle/Texas/24-008749-003/2024(H5N1)	343	0
HA|PP755589.1|A/cattle/Texas/24-008749-003/2024(H5N1)	344	0
HA|PP755589.1|A/cattle/Texas/24-008749-003/2024(H5N1)	345	0
HA|PP755589.1|A/cattle/Texas/24-008749-003/2024(H5N1)	346	0
HA|PP755589.1|A/cattle/Texas/24-008749-003/2024(H5N1)	347	0
HA|PP755589.1|A/cattle/Texas/24-008749-003/2024(H5N1)	348	0
HA|PP755589.1|A/cattle/Texas/24-008749-003/2024(H5N1)	349	0
HA|PP755589.1|A/cattle/Texas/24-008749-003/2024(H5N1)	350	0
HA|PP755589.1|A/cattle/Texas/24-008749-003/2024(H5N1)	351	0
HA|PP755589.1|A/cattle/Texas/24-008749-003/2024(H5N1)	352	0
HA|PP755589.1|A/cattle/Texas/24-008749-003/2024(H5N1)	353	0
HA|PP755589.1|A/cattle/Texas/24-008749-003/2024(H5N1)	354	0
HA|PP755589.1|A/cattle/Texas/24-008749-003/2024(H5N1)	355	0
HA|PP755589.1|A/cattle/Texas/24-008749-003/2024(H5N1)	356	0
HA|PP755589.1|A/cattle/Texas/24-008749-003/2024(H5N1)	357	0
HA|PP755589.1|A/cattle/Texas/24-008749-003/2024(H5N1)	358	0
HA|PP755589.1|A/cattle/Texas/24-008749-003/2024(H5N1)	359	0
HA|PP755589.1|A/cattle/Texas/24-008749-003/2024(H5N1)	360	0
HA|PP755589.1|A/cattle/Texas/24-008749-003/2024(H5N1)	361	0
HA|PP755589.1|A/cattle/Texas/24-008749-003/2024(H5N1)	362	0
HA|PP755589.1|A/cattle/Texas/24-008749-003/2024(H5N1)	363	0
HA|PP755589.1|A/cattle/Texas/24-008749-003/2024(H5N1)	364	0
HA|PP755589.1|A/cattle/Texas/24-008749-003/2024(H5N1)	365	0
HA|PP755589.1|A/cattle/Texas/24-008749-003/2024(H5N1)	366	0
HA|PP755589.1|A/cattle/Texas/24-008749-003/2024(H5N1)	367	0
HA|PP755589.1|A/cattle/Texas/24-008749-003/2024(H5N1)	368	0
HA|PP755589.1|A/cattle/Texas/24-008749-003/2024(H5N1)	369	0
HA|PP755589.1|A/cattle/Texas/24-008749-003/2024(H5N1)	370	0
HA|PP755589.1|A/cattle/Texas/24-008749-003/2024(H5N1)	371	0
HA|PP755589.1|A/cattle/Texas/24-008749-003/2024(H5N1)	372	0
HA|PP755589.1|A/cattle/Texas/24-008749-003/2024(H5N1)	373	0
HA|PP755589.1|A/cattle/Texas/24-008749-003/2024(H5N1)	374	0
HA|PP755589.1|A/cattle/Texas/24-008749-003/2024(H5N1)	375	0
HA|PP755589.1|A/cattle/Texas/24-008749-003/2024(H5N1)	376	0
HA|PP755589.1|A/cattle/Texas/24-008749-003/2024(H5N1)	377	0
HA|PP755589.1|A/cattle/Texas/24-008749-003/2024(H5N1)	378	0
HA|PP755589.1|A/cattle/Texas/24-008749-003/2024(H5N1)	379	0
HA|PP755589.1|A/cattle/Texas/24-008749-003/2024(H5N1)	380	0
HA|PP755589.1|A/cattle/Texas/24-008749-003/2024(H5N1)	381	0
HA|PP755589.1|A/cattle/Texas/24-008749-003/2024(H5N1)	382	0
HA|PP755589.1|A/cattle/Texas/24-008749-003/2024(H5N1)	383	0
HA|PP755589.1|A/cattle/Texas/24-008749-003/2024(H5N1)	384	0
HA|PP755589.1|A/cattle/Texas/24-008749-003/2024(H5N1)	385	0
HA|PP755589.1|A/cattle/Texas/24-008749-003/2024(H5N1)	386	0
HA|PP755589.1|A/cattle/Texas/24-008749-003/2024(H5N1)	387	0
HA|PP755589.1|A/cattle/Texas/24-008749-003/2024(H5N1)	388	0
HA|PP755589.1|A/cattle/Texas/24-008749-003/2024(H5N1)	389	0
HA|PP755589.1|A/cattle/Texas/24-008749-003/2024(H5N1)	390	0
HA|PP755589.1|A/cattle/Texas/24-008749-003/2024(H5N1)	391	0
HA|PP755589.1|A/cattle/Texas/24-008749-003/2024(H5N1)	392	0
HA|PP755589.1|A/cattle/Texas/24-008749-003/2024(H5N1)	393	0
HA|PP755589.1|A/cattle/Texas/24-008749-003/2024(H5N1)	394	0
HA|PP755589.1|A/cattle/Texas/24-008749-003/2024(H5N1)	395	0
HA|PP755589.1|A/cattle/Texas/24-008749-003/2024(H5N1)	396	0
HA|PP755589.1|A/cattle/Texas/24-008749-003/2024(H5N1)	397	0
HA|PP755589.1|A/cattle/Texas/24-008749-003/2024(H5N1)	398	0
HA|PP755589.1|A/cattle/Texas/24-008749-003/2024(H5N1)	399	0
HA|PP755589.1|A/cattle/Texas/24-008749-003/2024(H5N1)	400	0
HA|PP755589.1|A/cattle/Texas/24-008749-003/2024(H5N1)	401	0
HA|PP755589.1|A/cattle/Texas/24-008749-003/2024(H5N1)	402	0
HA|PP755589.1|A/cattle/Texas/24-008749-003/2024(H5N1)	403	0
HA|PP755589.1|A/cattle/Texas/24-008749-003/2024(H5N1)	404	0
HA|PP755589.1|A/cattle/Texas/24-008749-003/2024(H5N1)	405	0
HA|PP755589.1|A/cattle/Texas/24-008749-003/2024(H5N1)	406	0
HA|PP755589.1|A/cattle/Texas/24-008749-003/2024(H5N1)	407	0
HA|PP755589.1|A/cattle/Texas/24-008749-003/2024(H5N1)	408	0
HA|PP755589.1|A/cattle/Texas/24-008749-003/2024(H5N1)	409	0
HA|PP755589.1|A/cattle/Texas/24-008749-003/2024(H5N1)	410	0
HA|PP755589.1|A/cattle/Texas/24-008749-003/2024(H5N1)	411	0
HA|PP755589.1|A/cattle/Texas/24-008749-003/2024(H5N1)	412	0
HA|PP755589.1|A/cattle/Texas/24-008749-003/2024(H5N1)	413	0
HA|PP755589.1|A/cattle/Texas/24-008749-003/2024(H5N1)	414	0
HA|PP755589.1|A/cattle/Texas/24-008749-003/2024(H5N1)	415	0
HA|PP755589.1|A/cattle/Texas/24-008749-003/2024(H5N1)	416	0
HA|PP755589.1|A/cattle/Texas/24-008749-003/2024(H5N1)	417	0
HA|PP755589.1|A/cattle/Texas/24-008749-003/2024(H5N1)	418	0
HA|PP755589.1|A/cattle/Texas/24-008749-003/2024(H5N1)	419	0
HA|PP755589.1|A/cattle/Texas/24-008749-003/2024(H5N1)	420	0
HA|PP755589.1|A/cattle/Texas/24-008749-003/2024(H5N1)	421	0
HA|PP755589.1|A/cattle/Texas/24-008749-003/2024(H5N1)	422	0
HA|PP755589.1|A/cattle/Texas/24-008749-003/2024(H5N1)	423	0
HA|PP755589.1|A/cattle/Texas/24-008749-003/2024(H5N1)	424	0
HA|PP755589.1|A/cattle/Texas/24-008749-003/2024(H5N1)	425	0
HA|PP755589.1|A/cattle/Texas/24-008749-003/2024(H5N1)	426	0
HA|PP755589.1|A/cattle/Texas/24-008749-003/2024(H5N1)	427	0
HA|PP755589.1|A/cattle/Texas/24-008749-003/2024(H5N1)	428	0
HA|PP755589.1|A/cattle/Texas/24-008749-003/2024(H5N1)	429	0
HA|PP755589.1|A/cattle/Texas/24-008749-003/2024(H5N1)	430	0
HA|PP755589.1|A/cattle/Texas/24-008749-003/2024(H5N1)	431	0
HA|PP755589.1|A/cattle/Texas/24-008749-003/2024(H5N1)	432	0
HA|PP755589.1|A/cattle/Texas/24-008749-003/2024(H5N1)	433	0
HA|PP755589.1|A/cattle/Texas/24-008749-003/2024(H5N1)	434	0
HA|PP755589.1|A/cattle/Texas/24-008749-003/2024(H5N1)	435	0
HA|PP755589.1|A/cattle/Texas/24-008749-003/2024(H5N1)	436	0
HA|PP755589.1|A/cattle/Texas/24-008749-003/2024(H5N1)	437	0
HA|PP755589.1|A/cattle/Texas/24-008749-003/2024(H5N1)	438	0
HA|PP755589.1|A/cattle/Texas/24-008749-003/2024(H5N1)	439	0
HA|PP755589.1|A/cattle/Texas/24-008749-003/2024(H5N1)	440	0
HA|PP755589.1|A/cattle/Texas/24-008749-003/2024(H5N1)	441	0
HA|PP755589.1|A/cattle/Texas/24-008749-003/2024(H5N1)	442	0
HA|PP755589.1|A/cattle/Texas/24-008749-003/2024(H5N1)	443	0
HA|PP755589.1|A/cattle/Texas/24-008749-003/2024(H5N1)	444	0
HA|PP755589.1|A/cattle/Texas/24-008749-003/2024(H5N1)	445	0
HA|PP755589.1|A/cattle/Texas/24-008749-003/2024(H5N1)	446	0
HA|PP755589.1|A/cattle/Texas/24-008749-003/2024(H5N1)	447	0
HA|PP755589.1|A/cattle/Texas/24-008749-003/2024(H5N1)	448	0
HA|PP755589.1|A/cattle/Texas/24-008749-003/2024(H5N1)	449	0
HA|PP755589.1|A/cattle/Texas/24-008749-003/2024(H5N1)	450	0
HA|PP755589.1|A/cattle/Texas/24-008749-003/2024(H5N1)	451	0
HA|PP755589.1|A/cattle/Texas/24-008749-003/2024(H5N1)	452	0
HA|PP755589.1|A/cattle/Texas/24-008749-003/2024(H5N1)	453	0
HA|PP755589.1|A/cattle/Texas/24-008749-003/2024(H5N1)	454	0
HA|PP755589.1|A/cattle/Texas/24-008749-003/2024(H5N1)	455	0
HA|PP755589.1|A/cattle/Texas/24-008749-003/2024(H5N1)	456	0
HA|PP755589.1|A/cattle/Texas/24-008749-003/2024(H5N1)	457	0
HA|PP755589.1|A/cattle/Texas/24-008749-003/2024(H5N1)	458	0
HA|PP755589.1|A/cattle/Texas/24-008749-003/2024(H5N1)	459	0
HA|PP755589.1|A/cattle/Texas/24-008749-003/2024(H5N1)	460	0
HA|PP755589.1|A/cattle/Texas/24-008749-003/2024(H5N1)	461	0
HA|PP755589.1|A/cattle/Texas/24-008749-003/2024(H5N1)	462	0
HA|PP755589.1|A/cattle/Texas/24-008749-003/2024(H5N1)	463	0
HA|PP755589.1|A/cattle/Texas/24-008749-003/2024(H5N1)	464	0
HA|PP755589.1|A/cattle/Texas/24-008749-003/2024(H5N1)	465	0
HA|PP755589.1|A/cattle/Texas/24-008749-003/2024(H5N1)	466	0
HA|PP755589.1|A/cattle/Texas/24-008749-003/2024(H5N1)	467	0
HA|PP755589.1|A/cattle/Texas/24-008749-003/2024(H5N1)	468	0
HA|PP755589.1|A/cattle/Texas/24-008749-003/2024(H5N1)	469	0
HA|PP755589.1|A/cattle/Texas/24-008749-003/2024(H5N1)	470	0
HA|PP755589.1|A/cattle/Texas/24-008749-003/2024(H5N1)	471	0
HA|PP755589.1|A/cattle/Texas/24-008749-003/2024(H5N1)	472	0
HA|PP755589.1|A/cattle/Texas/24-008749-003/2024(H5N1)	473	0
HA|PP755589.1|A/cattle/Texas/24-008749-003/2024(H5N1)	474	0
HA|PP755589.1|A/cattle/Texas/24-008749-003/2024(H5N1)	475	0
HA|PP755589.1|A/cattle/Texas/24-008749-003/2024(H5N1)	476	0
HA|PP755589.1|A/cattle/Texas/24-008749-003/2024(H5N1)	477	0
HA|PP755589.1|A/cattle/Texas/24-008749-003/2024(H5N1)	478	0
HA|PP755589.1|A/cattle/Texas/24-008749-003/2024(H5N1)	479	0
HA|PP755589.1|A/cattle/Texas/24-008749-003/2024(H5N1)	480	0
HA|PP755589.1|A/cattle/Texas/24-008749-003/2024(H5N1)	481	0
HA|PP755589.1|A/cattle/Texas/24-008749-003/2024(H5N1)	482	0
HA|PP755589.1|A/cattle/Texas/24-008749-003/2024(H5N1)	483	0
HA|PP755589.1|A/cattle/Texas/24-008749-003/2024(H5N1)	484	0
HA|PP755589.1|A/cattle/Texas/24-008749-003/2024(H5N1)	485	0
HA|PP755589.1|A/cattle/Texas/24-008749-003/2024(H5N1)	486	0
HA|PP755589.1|A/cattle/Texas/24-008749-003/2024(H5N1)	487	0
HA|PP755589.1|A/cattle/Texas/24-008749-003/2024(H5N1)	488	0
HA|PP755589.1|A/cattle/Texas/24-008749-003/2024(H5N1)	489	0
HA|PP755589.1|A/cattle/Texas/24-008749-003/2024(H5N1)	490	0
HA|PP755589.1|A/cattle/Texas/24-008749-003/2024(H5N1)	491	0
HA|PP755589.1|A/cattle/Texas/24-008749-003/2024(H5N1)	492	0
HA|PP755589.1|A/cattle/Texas/24-008749-003/2024(H5N1)	493	0
HA|PP755589.1|A/cattle/Texas/24-008749-003/2024(H5N1)	494	0
HA|PP755589.1|A/cattle/Texas/24-008749-003/2024(H5N1)	495	0
HA|PP755589.1|A/cattle/Texas/24-008749-003/2024(H5N1)	496	0
HA|PP755589.1|A/cattle/Texas/24-008749-003/2024(H5N1)	497	0
HA|PP755589.1|A/cattle/Texas/24-008749-003/2024(H5N1)	498	0
HA|PP755589.1|A/cattle/Texas/24-008749-003/2024(H5N1)	499	0
HA|PP755589.1|A/cattle/Texas/24-008749-003/2024(H5N1)	500	0
HA|PP755589.1|A/cattle/Texas/24-008749-003/2024(H5N1)	501	0
HA|PP755589.1|A/cattle/Texas/24-008749-003/2024(H5N1)	502	0
HA|PP755589.1|A/cattle/Texas/24-008749-003/2024(H5N1)	503	0
HA|PP755589.1|A/cattle/Texas/24-008749-003/2024(H5N1)	504	0
HA|PP755589.1|A/cattle/Texas/24-008749-003/2024(H5N1)	505	0
HA|PP755589.1|A/cattle/Texas/24-008749-003/2024(H5N1)	506	0
HA|PP755589.1|A/cattle/Texas/24-008749-003/2024(H5N1)	507	0
HA|PP755589.1|A/cattle/Texas/24-008749-003/2024(H5N1)	508	0
HA|PP755589.1|A/cattle/Texas/24-008749-003/2024(H5N1)	509	0
HA|PP755589.1|A/cattle/Texas/24-008749-003/2024(H5N1)	510	0
HA|PP755589.1|A/cattle/Texas/24-008749-003/2024(H5N1)	511	0
HA|PP755589.1|A/cattle/Texas/24-008749-003/2024(H5N1)	512	0
HA|PP755589.1|A/cattle/Texas/24-008749-003/2024(H5N1)	513	0
HA|PP755589.1|A/cattle/Texas/24-008749-003/2024(H5N1)	514	0
HA|PP755589.1|A/cattle/Texas/24-008749-003/2024(H5N1)	515	0
HA|PP755589.1|A/cattle/Texas/24-008749-003/2024(H5N1)	516	0
HA|PP755589.1|A/cattle/Texas/24-008749-003/2024(H5N1)	517	0
HA|PP755589.1|A/cattle/Texas/24-008749-003/2024(H5N1)	518	0
HA|PP755589.1|A/cattle/Texas/24-008749-003/2024(H5N1)	519	0
HA|PP755589.1|A/cattle/Texas/24-008749-003/2024(H5N1)	520	0
HA|PP755589.1|A/cattle/Texas/24-008749-003/2024(H5N1)	521	0
HA|PP755589.1|A/cattle/Texas/24-008749-003/2024(H5N1)	522	0
HA|PP755589.1|A/cattle/Texas/24-008749-003/2024(H5N1)	523	0
HA|PP755589.1|A/cattle/Texas/24-008749-003/2024(H5N1)	524	0
HA|PP755589.1|A/cattle/Texas/24-008749-003/2024(H5N1)	525	0
HA|PP755589.1|A/cattle/Texas/24-008749-003/2024(H5N1)	526	0
HA|PP755589.1|A/cattle/Texas/24-008749-003/2024(H5N1)	527	0
HA|PP755589.1|A/cattle/Texas/24-008749-003/2024(H5N1)	528	0
HA|PP755589.1|A/cattle/Texas/24-008749-003/2024(H5N1)	529	0
HA|PP755589.1|A/cattle/Texas/24-008749-003/2024(H5N1)	530	0
HA|PP755589.1|A/cattle/Texas/24-008749-003/2024(H5N1)	531	0
HA|PP755589.1|A/cattle/Texas/24-008749-003/2024(H5N1)	532	0
HA|PP755589.1|A/cattle/Texas/24-008749-003/2024(H5N1)	533	0
HA|PP755589.1|A/cattle/Texas/24-008749-003/2024(H5N1)	534	0
HA|PP755589.1|A/cattle/Texas/24-008749-003/2024(H5N1)	535	0
HA|PP755589.1|A/cattle/Texas/24-008749-003/2024(H5N1)	536	0
HA|PP755589.1|A/cattle/Texas/24-008749-003/2024(H5N1)	537	0
HA|PP755589.1|A/cattle/Texas/24-008749-003/2024(H5N1)	538	0
HA|PP755589.1|A/cattle/Texas/24-008749-003/2024(H5N1)	539	0
HA|PP755589.1|A/cattle/Texas/24-008749-003/2024(H5N1)	540	0
HA|PP755589.1|A/cattle/Texas/24-008749-003/2024(H5N1)	541	0
HA|PP755589.1|A/cattle/Texas/24-008749-003/2024(H5N1)	542	0
HA|PP755589.1|A/cattle/Texas/24-008749-003/2024(H5N1)	543	0
HA|PP755589.1|A/cattle/Texas/24-008749-003/2024(H5N1)	544	0
HA|PP755589.1|A/cattle/Texas/24-008749-003/2024(H5N1)	545	0
HA|PP755589.1|A/cattle/Texas/24-008749-003/2024(H5N1)	546	0
HA|PP755589.1|A/cattle/Texas/24-008749-003/2024(H5N1)	547	0
HA|PP755589.1|A/cattle/Texas/24-008749-003/2024(H5N1)	548	0
HA|PP755589.1|A/cattle/Texas/24-008749-003/2024(H5N1)	549	0
HA|PP755589.1|A/cattle/Texas/24-008749-003/2024(H5N1)	550	0
HA|PP755589.1|A/cattle/Texas/24-008749-003/2024(H5N1)	551	0
HA|PP755589.1|A/cattle/Texas/24-008749-003/2024(H5N1)	552	0
HA|PP755589.1|A/cattle/Texas/24-008749-003/2024(H5N1)	553	0
HA|PP755589.1|A/cattle/Texas/24-008749-003/2024(H5N1)	554	0
HA|PP755589.1|A/cattle/Texas/24-008749-003/2024(H5N1)	555	0
HA|PP755589.1|A/cattle/Texas/24-008749-003/2024(H5N1)	556	0
HA|PP755589.1|A/cattle/Texas/24-008749-003/2024(H5N1)	557	0
HA|PP755589.1|A/cattle/Texas/24-008749-003/2024(H5N1)	558	0
HA|PP755589.1|A/cattle/Texas/24-008749-003/2024(H5N1)	559	0
HA|PP755589.1|A/cattle/Texas/24-008749-003/2024(H5N1)	560	0
HA|PP755589.1|A/cattle/Texas/24-008749-003/2024(H5N1)	561	0
HA|PP755589.1|A/cattle/Texas/24-008749-003/2024(H5N1)	562	0
HA|PP755589.1|A/cattle/Texas/24-008749-003/2024(H5N1)	563	0
HA|PP755589.1|A/cattle/Texas/24-008749-003/2024(H5N1)	564	0
HA|PP755589.1|A/cattle/Texas/24-008749-003/2024(H5N1)	565	0
HA|PP755589.1|A/cattle/Texas/24-008749-003/2024(H5N1)	566	0
HA|PP755589.1|A/cattle/Texas/24-008749-003/2024(H5N1)	567	0
HA|PP755589.1|A/cattle/Texas/24-008749-003/2024(H5N1)	568	0
HA|PP755589.1|A/cattle/Texas/24-008749-003/2024(H5N1)	569	0
HA|PP755589.1|A/cattle/Texas/24-008749-003/2024(H5N1)	570	0
HA|PP755589.1|A/cattle/Texas/24-008749-003/2024(H5N1)	571	0
HA|PP755589.1|A/cattle/Texas/24-008749-003/2024(H5N1)	572	0
HA|PP755589.1|A/cattle/Texas/24-008749-003/2024(H5N1)	573	0
HA|PP755589.1|A/cattle/Texas/24-008749-003/2024(H5N1)	574	0
HA|PP755589.1|A/cattle/Texas/24-008749-003/2024(H5N1)	575	0
HA|PP755589.1|A/cattle/Texas/24-008749-003/2024(H5N1)	576	0
HA|PP755589.1|A/cattle/Texas/24-008749-003/2024(H5N1)	577	0
HA|PP755589.1|A/cattle/Texas/24-008749-003/2024(H5N1)	578	0
HA|PP755589.1|A/cattle/Texas/24-008749-003/2024(H5N1)	579	0
HA|PP755589.1|A/cattle/Texas/24-008749-003/2024(H5N1)	580	0
HA|PP755589.1|A/cattle/Texas/24-008749-003/2024(H5N1)	581	0
HA|PP755589.1|A/cattle/Texas/24-008749-003/2024(H5N1)	582	0
HA|PP755589.1|A/cattle/Texas/24-008749-003/2024(H5N1)	583	0
HA|PP755589.1|A/cattle/Texas/24-008749-003/2024(H5N1)	584	0
HA|PP755589.1|A/cattle/Texas/24-008749-003/2024(H5N1)	585	0
HA|PP755589.1|A/cattle/Texas/24-008749-003/2024(H5N1)	586	0
HA|PP755589.1|A/cattle/Texas/24-008749-003/2024(H5N1)	587	0
HA|PP755589.1|A/cattle/Texas/24-008749-003/2024(H5N1)	588	0
HA|PP755589.1|A/cattle/Texas/24-008749-003/2024(H5N1)	589	0
HA|PP755589.1|A/cattle/Texas/24-008749-003/2024(H5N1)	590	0
HA|PP755589.1|A/cattle/Texas/24-008749-003/2024(H5N1)	591	0
HA|PP755589.1|A/cattle/Texas/24-008749-003/2024(H5N1)	592	0
HA|PP755589.1|A/cattle/Texas/24-008749-003/2024(H5N1)	593	0
HA|PP755589.1|A/cattle/Texas/24-008749-003/2024(H5N1)	594	0
HA|PP755589.1|A/cattle/Texas/24-008749-003/2024(H5N1)	595	0
HA|PP755589.1|A/cattle/Texas/24-008749-003/2024(H5N1)	596	0
HA|PP755589.1|A/cattle/Texas/24-008749-003/2024(H5N1)	597	0
HA|PP755589.1|A/cattle/Texas/24-008749-003/2024(H5N1)	598	0
HA|PP755589.1|A/cattle/Texas/24-008749-003/2024(H5N1)	599	0
HA|PP755589.1|A/cattle/Texas/24-008749-003/2024(H5N1)	600	0
HA|PP755589.1|A/cattle/Texas/24-008749-003/2024(H5N1)	601	0
HA|PP755589.1|A/cattle/Texas/24-008749-003/2024(H5N1)	602	0
HA|PP755589.1|A/cattle/Texas/24-008749-003/2024(H5N1)	603	0
HA|PP755589.1|A/cattle/Texas/24-008749-003/2024(H5N1)	604	0
HA|PP755589.1|A/cattle/Texas/24-008749-003/2024(H5N1)	605	0
HA|PP755589.1|A/cattle/Texas/24-008749-003/2024(H5N1)	606	0
HA|PP755589.1|A/cattle/Texas/24-008749-003/2024(H5N1)	607	0
HA|PP755589.1|A/cattle/Texas/24-008749-003/2024(H5N1)	608	0
HA|PP755589.1|A/cattle/Texas/24-008749-003/2024(H5N1)	609	0
HA|PP755589.1|A/cattle/Texas/24-008749-003/2024(H5N1)	610	0
HA|PP755589.1|A/cattle/Texas/24-008749-003/2024(H5N1)	611	0
HA|PP755589.1|A/cattle/Texas/24-008749-003/2024(H5N1)	612	0
HA|PP755589.1|A/cattle/Texas/24-008749-003/2024(H5N1)	613	0
HA|PP755589.1|A/cattle/Texas/24-008749-003/2024(H5N1)	614	0
HA|PP755589.1|A/cattle/Texas/24-008749-003/2024(H5N1)	615	0
HA|PP755589.1|A/cattle/Texas/24-008749-003/2024(H5N1)	616	0
HA|PP755589.1|A/cattle/Texas/24-008749-003/2024(H5N1)	617	0
HA|PP755589.1|A/cattle/Texas/24-008749-003/2024(H5N1)	618	0
HA|PP755589.1|A/cattle/Texas/24-008749-003/2024(H5N1)	619	0
HA|PP755589.1|A/cattle/Texas/24-008749-003/2024(H5N1)	620	0
HA|PP755589.1|A/cattle/Texas/24-008749-003/2024(H5N1)	621	0
HA|PP755589.1|A/cattle/Texas/24-008749-003/2024(H5N1)	622	0
HA|PP755589.1|A/cattle/Texas/24-008749-003/2024(H5N1)	623	0
HA|PP755589.1|A/cattle/Texas/24-008749-003/2024(H5N1)	624	0
HA|PP755589.1|A/cattle/Texas/24-008749-003/2024(H5N1)	625	0
HA|PP755589.1|A/cattle/Texas/24-008749-003/2024(H5N1)	626	0
HA|PP755589.1|A/cattle/Texas/24-008749-003/2024(H5N1)	627	0
HA|PP755589.1|A/cattle/Texas/24-008749-003/2024(H5N1)	628	0
HA|PP755589.1|A/cattle/Texas/24-008749-003/2024(H5N1)	629	0
HA|PP755589.1|A/cattle/Texas/24-008749-003/2024(H5N1)	630	0
HA|PP755589.1|A/cattle/Texas/24-008749-003/2024(H5N1)	631	0
HA|PP755589.1|A/cattle/Texas/24-008749-003/2024(H5N1)	632	0
HA|PP755589.1|A/cattle/Texas/24-008749-003/2024(H5N1)	633	0
HA|PP755589.1|A/cattle/Texas/24-008749-003/2024(H5N1)	634	0
HA|PP755589.1|A/cattle/Texas/24-008749-003/2024(H5N1)	635	0
HA|PP755589.1|A/cattle/Texas/24-008749-003/2024(H5N1)	636	0
HA|PP755589.1|A/cattle/Texas/24-008749-003/2024(H5N1)	637	0
HA|PP755589.1|A/cattle/Texas/24-008749-003/2024(H5N1)	638	0
HA|PP755589.1|A/cattle/Texas/24-008749-003/2024(H5N1)	639	0
HA|PP755589.1|A/cattle/Texas/24-008749-003/2024(H5N1)	640	0
HA|PP755589.1|A/cattle/Texas/24-008749-003/2024(H5N1)	641	0
HA|PP755589.1|A/cattle/Texas/24-008749-003/2024(H5N1)	642	0
HA|PP755589.1|A/cattle/Texas/24-008749-003/2024(H5N1)	643	0
HA|PP755589.1|A/cattle/Texas/24-008749-003/2024(H5N1)	644	0
HA|PP755589.1|A/cattle/Texas/24-008749-003/2024(H5N1)	645	0
HA|PP755589.1|A/cattle/Texas/24-008749-003/2024(H5N1)	646	0
HA|PP755589.1|A/cattle/Texas/24-008749-003/2024(H5N1)	647	0
HA|PP755589.1|A/cattle/Texas/24-008749-003/2024(H5N1)	648	0
HA|PP755589.1|A/cattle/Texas/24-008749-003/2024(H5N1)	649	0
HA|PP755589.1|A/cattle/Texas/24-008749-003/2024(H5N1)	650	0
HA|PP755589.1|A/cattle/Texas/24-008749-003/2024(H5N1)	651	0
HA|PP755589.1|A/cattle/Texas/24-008749-003/2024(H5N1)	652	0
HA|PP755589.1|A/cattle/Texas/24-008749-003/2024(H5N1)	653	0
HA|PP755589.1|A/cattle/Texas/24-008749-003/2024(H5N1)	654	0
HA|PP755589.1|A/cattle/Texas/24-008749-003/2024(H5N1)	655	0
HA|PP755589.1|A/cattle/Texas/24-008749-003/2024(H5N1)	656	0
HA|PP755589.1|A/cattle/Texas/24-008749-003/2024(H5N1)	657	0
HA|PP755589.1|A/cattle/Texas/24-008749-003/2024(H5N1)	658	0
HA|PP755589.1|A/cattle/Texas/24-008749-003/2024(H5N1)	659	0
HA|PP755589.1|A/cattle/Texas/24-008749-003/2024(H5N1)	660	0
HA|PP755589.1|A/cattle/Texas/24-008749-003/2024(H5N1)	661	0
HA|PP755589.1|A/cattle/Texas/24-008749-003/2024(H5N1)	662	0
HA|PP755589.1|A/cattle/Texas/24-008749-003/2024(H5N1)	663	0
HA|PP755589.1|A/cattle/Texas/24-008749-003/2024(H5N1)	664	0
HA|PP755589.1|A/cattle/Texas/24-008749-003/2024(H5N1)	665	0
HA|PP755589.1|A/cattle/Texas/24-008749-003/2024(H5N1)	666	0
HA|PP755589.1|A/cattle/Texas/24-008749-003/2024(H5N1)	667	0
HA|PP755589.1|A/cattle/Texas/24-008749-003/2024(H5N1)	668	0
HA|PP755589.1|A/cattle/Texas/24-008749-003/2024(H5N1)	669	0
HA|PP755589.1|A/cattle/Texas/24-008749-003/2024(H5N1)	670	0
HA|PP755589.1|A/cattle/Texas/24-008749-003/2024(H5N1)	671	0
HA|PP755589.1|A/cattle/Texas/24-008749-003/2024(H5N1)	672	0
HA|PP755589.1|A/cattle/Texas/24-008749-003/2024(H5N1)	673	0
HA|PP755589.1|A/cattle/Texas/24-008749-003/2024(H5N1)	674	0
HA|PP755589.1|A/cattle/Texas/24-008749-003/2024(H5N1)	675	0
HA|PP755589.1|A/cattle/Texas/24-008749-003/2024(H5N1)	676	0
HA|PP755589.1|A/cattle/Texas/24-008749-003/2024(H5N1)	677	0
HA|PP755589.1|A/cattle/Texas/24-008749-003/2024(H5N1)	678	0
HA|PP755589.1|A/cattle/Texas/24-008749-003/2024(H5N1)	679	0
HA|PP755589.1|A/cattle/Texas/24-008749-003/2024(H5N1)	680	0
HA|PP755589.1|A/cattle/Texas/24-008749-003/2024(H5N1)	681	0
HA|PP755589.1|A/cattle/Texas/24-008749-003/2024(H5N1)	682	0
HA|PP755589.1|A/cattle/Texas/24-008749-003/2024(H5N1)	683	0
HA|PP755589.1|A/cattle/Texas/24-008749-003/2024(H5N1)	684	0
HA|PP755589.1|A/cattle/Texas/24-008749-003/2024(H5N1)	685	0
HA|PP755589.1|A/cattle/Texas/24-008749-003/2024(H5N1)	686	0
HA|PP755589.1|A/cattle/Texas/24-008749-003/2024(H5N1)	687	0
HA|PP755589.1|A/cattle/Texas/24-008749-003/2024(H5N1)	688	0
HA|PP755589.1|A/cattle/Texas/24-008749-003/2024(H5N1)	689	0
HA|PP755589.1|A/cattle/Texas/24-008749-003/2024(H5N1)	690	0
HA|PP755589.1|A/cattle/Texas/24-008749-003/2024(H5N1)	691	0
HA|PP755589.1|A/cattle/Texas/24-008749-003/2024(H5N1)	692	0
HA|PP755589.1|A/cattle/Texas/24-008749-003/2024(H5N1)	693	0
HA|PP755589.1|A/cattle/Texas/24-008749-003/2024(H5N1)	694	0
HA|PP755589.1|A/cattle/Texas/24-008749-003/2024(H5N1)	695	0
HA|PP755589.1|A/cattle/Texas/24-008749-003/2024(H5N1)	696	0
HA|PP755589.1|A/cattle/Texas/24-008749-003/2024(H5N1)	697	0
HA|PP755589.1|A/cattle/Texas/24-008749-003/2024(H5N1)	698	0
HA|PP755589.1|A/cattle/Texas/24-008749-003/2024(H5N1)	699	0
HA|PP755589.1|A/cattle/Texas/24-008749-003/2024(H5N1)	700	0
HA|PP755589.1|A/cattle/Texas/24-008749-003/2024(H5N1)	701	0
HA|PP755589.1|A/cattle/Texas/24-008749-003/2024(H5N1)	702	0
HA|PP755589.1|A/cattle/Texas/24-008749-003/2024(H5N1)	703	0
HA|PP755589.1|A/cattle/Texas/24-008749-003/2024(H5N1)	704	0
HA|PP755589.1|A/cattle/Texas/24-008749-003/2024(H5N1)	705	0
HA|PP755589.1|A/cattle/Texas/24-008749-003/2024(H5N1)	706	0
HA|PP755589.1|A/cattle/Texas/24-008749-003/2024(H5N1)	707	0
HA|PP755589.1|A/cattle/Texas/24-008749-003/2024(H5N1)	708	0
HA|PP755589.1|A/cattle/Texas/24-008749-003/2024(H5N1)	709	0
HA|PP755589.1|A/cattle/Texas/24-008749-003/2024(H5N1)	710	0
HA|PP755589.1|A/cattle/Texas/24-008749-003/2024(H5N1)	711	0
HA|PP755589.1|A/cattle/Texas/24-008749-003/2024(H5N1)	712	0
HA|PP755589.1|A/cattle/Texas/24-008749-003/2024(H5N1)	713	0
HA|PP755589.1|A/cattle/Texas/24-008749-003/2024(H5N1)	714	0
HA|PP755589.1|A/cattle/Texas/24-008749-003/2024(H5N1)	715	0
HA|PP755589.1|A/cattle/Texas/24-008749-003/2024(H5N1)	716	0
HA|PP755589.1|A/cattle/Texas/24-008749-003/2024(H5N1)	717	0
HA|PP755589.1|A/cattle/Texas/24-008749-003/2024(H5N1)	718	0
HA|PP755589.1|A/cattle/Texas/24-008749-003/2024(H5N1)	719	0
HA|PP755589.1|A/cattle/Texas/24-008749-003/2024(H5N1)	720	0
HA|PP755589.1|A/cattle/Texas/24-008749-003/2024(H5N1)	721	0
HA|PP755589.1|A/cattle/Texas/24-008749-003/2024(H5N1)	722	0
HA|PP755589.1|A/cattle/Texas/24-008749-003/2024(H5N1)	723	0
HA|PP755589.1|A/cattle/Texas/24-008749-003/2024(H5N1)	724	0
HA|PP755589.1|A/cattle/Texas/24-008749-003/2024(H5N1)	725	0
HA|PP755589.1|A/cattle/Texas/24-008749-003/2024(H5N1)	726	0
HA|PP755589.1|A/cattle/Texas/24-008749-003/2024(H5N1)	727	0
HA|PP755589.1|A/cattle/Texas/24-008749-003/2024(H5N1)	728	0
HA|PP755589.1|A/cattle/Texas/24-008749-003/2024(H5N1)	729	0
HA|PP755589.1|A/cattle/Texas/24-008749-003/2024(H5N1)	730	0
HA|PP755589.1|A/cattle/Texas/24-008749-003/2024(H5N1)	731	0
HA|PP755589.1|A/cattle/Texas/24-008749-003/2024(H5N1)	732	0
HA|PP755589.1|A/cattle/Texas/24-008749-003/2024(H5N1)	733	0
HA|PP755589.1|A/cattle/Texas/24-008749-003/2024(H5N1)	734	0
HA|PP755589.1|A/cattle/Texas/24-008749-003/2024(H5N1)	735	0
HA|PP755589.1|A/cattle/Texas/24-008749-003/2024(H5N1)	736	0
HA|PP755589.1|A/cattle/Texas/24-008749-003/2024(H5N1)	737	0
HA|PP755589.1|A/cattle/Texas/24-008749-003/2024(H5N1)	738	0
HA|PP755589.1|A/cattle/Texas/24-008749-003/2024(H5N1)	739	0
HA|PP755589.1|A/cattle/Texas/24-008749-003/2024(H5N1)	740	0
HA|PP755589.1|A/cattle/Texas/24-008749-003/2024(H5N1)	741	0
HA|PP755589.1|A/cattle/Texas/24-008749-003/2024(H5N1)	742	0
HA|PP755589.1|A/cattle/Texas/24-008749-003/2024(H5N1)	743	0
HA|PP755589.1|A/cattle/Texas/24-008749-003/2024(H5N1)	744	0
HA|PP755589.1|A/cattle/Texas/24-008749-003/2024(H5N1)	745	0
HA|PP755589.1|A/cattle/Texas/24-008749-003/2024(H5N1)	746	0
HA|PP755589.1|A/cattle/Texas/24-008749-003/2024(H5N1)	747	0
HA|PP755589.1|A/cattle/Texas/24-008749-003/2024(H5N1)	748	0
HA|PP755589.1|A/cattle/Texas/24-008749-003/2024(H5N1)	749	0
HA|PP755589.1|A/cattle/Texas/24-008749-003/2024(H5N1)	750	0
HA|PP755589.1|A/cattle/Texas/24-008749-003/2024(H5N1)	751	0
HA|PP755589.1|A/cattle/Texas/24-008749-003/2024(H5N1)	752	0
HA|PP755589.1|A/cattle/Texas/24-008749-003/2024(H5N1)	753	0
HA|PP755589.1|A/cattle/Texas/24-008749-003/2024(H5N1)	754	0
HA|PP755589.1|A/cattle/Texas/24-008749-003/2024(H5N1)	755	0
HA|PP755589.1|A/cattle/Texas/24-008749-003/2024(H5N1)	756	0
HA|PP755589.1|A/cattle/Texas/24-008749-003/2024(H5N1)	757	0
HA|PP755589.1|A/cattle/Texas/24-008749-003/2024(H5N1)	758	0
HA|PP755589.1|A/cattle/Texas/24-008749-003/2024(H5N1)	759	0
HA|PP755589.1|A/cattle/Texas/24-008749-003/2024(H5N1)	760	0
HA|PP755589.1|A/cattle/Texas/24-008749-003/2024(H5N1)	761	0
HA|PP755589.1|A/cattle/Texas/24-008749-003/2024(H5N1)	762	0
HA|PP755589.1|A/cattle/Texas/24-008749-003/2024(H5N1)	763	0
HA|PP755589.1|A/cattle/Texas/24-008749-003/2024(H5N1)	764	0
HA|PP755589.1|A/cattle/Texas/24-008749-003/2024(H5N1)	765	0
HA|PP755589.1|A/cattle/Texas/24-008749-003/2024(H5N1)	766	0
HA|PP755589.1|A/cattle/Texas/24-008749-003/2024(H5N1)	767	0
HA|PP755589.1|A/cattle/Texas/24-008749-003/2024(H5N1)	768	0
HA|PP755589.1|A/cattle/Texas/24-008749-003/2024(H5N1)	769	0
HA|PP755589.1|A/cattle/Texas/24-008749-003/2024(H5N1)	770	0
HA|PP755589.1|A/cattle/Texas/24-008749-003/2024(H5N1)	771	0
HA|PP755589.1|A/cattle/Texas/24-008749-003/2024(H5N1)	772	0
HA|PP755589.1|A/cattle/Texas/24-008749-003/2024(H5N1)	773	0
HA|PP755589.1|A/cattle/Texas/24-008749-003/2024(H5N1)	774	0
HA|PP755589.1|A/cattle/Texas/24-008749-003/2024(H5N1)	775	0
HA|PP755589.1|A/cattle/Texas/24-008749-003/2024(H5N1)	776	0
HA|PP755589.1|A/cattle/Texas/24-008749-003/2024(H5N1)	777	0
HA|PP755589.1|A/cattle/Texas/24-008749-003/2024(H5N1)	778	0
HA|PP755589.1|A/cattle/Texas/24-008749-003/2024(H5N1)	779	0
HA|PP755589.1|A/cattle/Texas/24-008749-003/2024(H5N1)	780	0
HA|PP755589.1|A/cattle/Texas/24-008749-003/2024(H5N1)	781	0
HA|PP755589.1|A/cattle/Texas/24-008749-003/2024(H5N1)	782	0
HA|PP755589.1|A/cattle/Texas/24-008749-003/2024(H5N1)	783	0
HA|PP755589.1|A/cattle/Texas/24-008749-003/2024(H5N1)	784	0
HA|PP755589.1|A/cattle/Texas/24-008749-003/2024(H5N1)	785	0
HA|PP755589.1|A/cattle/Texas/24-008749-003/2024(H5N1)	786	0
HA|PP755589.1|A/cattle/Texas/24-008749-003/2024(H5N1)	787	0
HA|PP755589.1|A/cattle/Texas/24-008749-003/2024(H5N1)	788	0
HA|PP755589.1|A/cattle/Texas/24-008749-003/2024(H5N1)	789	0
HA|PP755589.1|A/cattle/Texas/24-008749-003/2024(H5N1)	790	0
HA|PP755589.1|A/cattle/Texas/24-008749-003/2024(H5N1)	791	0
HA|PP755589.1|A/cattle/Texas/24-008749-003/2024(H5N1)	792	0
HA|PP755589.1|A/cattle/Texas/24-008749-003/2024(H5N1)	793	0
HA|PP755589.1|A/cattle/Texas/24-008749-003/2024(H5N1)	794	0
HA|PP755589.1|A/cattle/Texas/24-008749-003/2024(H5N1)	795	0
HA|PP755589.1|A/cattle/Texas/24-008749-003/2024(H5N1)	796	0
HA|PP755589.1|A/cattle/Texas/24-008749-003/2024(H5N1)	797	0
HA|PP755589.1|A/cattle/Texas/24-008749-003/2024(H5N1)	798	0
HA|PP755589.1|A/cattle/Texas/24-008749-003/2024(H5N1)	799	0
HA|PP755589.1|A/cattle/Texas/24-008749-003/2024(H5N1)	800	0
HA|PP755589.1|A/cattle/Texas/24-008749-003/2024(H5N1)	801	0
HA|PP755589.1|A/cattle/Texas/24-008749-003/2024(H5N1)	802	0
HA|PP755589.1|A/cattle/Texas/24-008749-003/2024(H5N1)	803	0
HA|PP755589.1|A/cattle/Texas/24-008749-003/2024(H5N1)	804	0
HA|PP755589.1|A/cattle/Texas/24-008749-003/2024(H5N1)	805	0
HA|PP755589.1|A/cattle/Texas/24-008749-003/2024(H5N1)	806	0
HA|PP755589.1|A/cattle/Texas/24-008749-003/2024(H5N1)	807	0
HA|PP755589.1|A/cattle/Texas/24-008749-003/2024(H5N1)	808	0
HA|PP755589.1|A/cattle/Texas/24-008749-003/2024(H5N1)	809	0
HA|PP755589.1|A/cattle/Texas/24-008749-003/2024(H5N1)	810	0
HA|PP755589.1|A/cattle/Texas/24-008749-003/2024(H5N1)	811	0
HA|PP755589.1|A/cattle/Texas/24-008749-003/2024(H5N1)	812	0
HA|PP755589.1|A/cattle/Texas/24-008749-003/2024(H5N1)	813	0
HA|PP755589.1|A/cattle/Texas/24-008749-003/2024(H5N1)	814	0
HA|PP755589.1|A/cattle/Texas/24-008749-003/2024(H5N1)	815	0
HA|PP755589.1|A/cattle/Texas/24-008749-003/2024(H5N1)	816	0
HA|PP755589.1|A/cattle/Texas/24-008749-003/2024(H5N1)	817	0
HA|PP755589.1|A/cattle/Texas/24-008749-003/2024(H5N1)	818	0
HA|PP755589.1|A/cattle/Texas/24-008749-003/2024(H5N1)	819	0
HA|PP755589.1|A/cattle/Texas/24-008749-003/2024(H5N1)	820	0
HA|PP755589.1|A/cattle/Texas/24-008749-003/2024(H5N1)	821	0
HA|PP755589.1|A/cattle/Texas/24-008749-003/2024(H5N1)	822	0
HA|PP755589.1|A/cattle/Texas/24-008749-003/2024(H5N1)	823	0
HA|PP755589.1|A/cattle/Texas/24-008749-003/2024(H5N1)	824	0
HA|PP755589.1|A/cattle/Texas/24-008749-003/2024(H5N1)	825	0
HA|PP755589.1|A/cattle/Texas/24-008749-003/2024(H5N1)	826	0
HA|PP755589.1|A/cattle/Texas/24-008749-003/2024(H5N1)	827	0
HA|PP755589.1|A/cattle/Texas/24-008749-003/2024(H5N1)	828	0
HA|PP755589.1|A/cattle/Texas/24-008749-003/2024(H5N1)	829	0
HA|PP755589.1|A/cattle/Texas/24-008749-003/2024(H5N1)	830	0
HA|PP755589.1|A/cattle/Texas/24-008749-003/2024(H5N1)	831	0
HA|PP755589.1|A/cattle/Texas/24-008749-003/2024(H5N1)	832	0
HA|PP755589.1|A/cattle/Texas/24-008749-003/2024(H5N1)	833	0
HA|PP755589.1|A/cattle/Texas/24-008749-003/2024(H5N1)	834	0
HA|PP755589.1|A/cattle/Texas/24-008749-003/2024(H5N1)	835	0
HA|PP755589.1|A/cattle/Texas/24-008749-003/2024(H5N1)	836	0
HA|PP755589.1|A/cattle/Texas/24-008749-003/2024(H5N1)	837	0
HA|PP755589.1|A/cattle/Texas/24-008749-003/2024(H5N1)	838	0
HA|PP755589.1|A/cattle/Texas/24-008749-003/2024(H5N1)	839	0
HA|PP755589.1|A/cattle/Texas/24-008749-003/2024(H5N1)	840	0
HA|PP755589.1|A/cattle/Texas/24-008749-003/2024(H5N1)	841	0
HA|PP755589.1|A/cattle/Texas/24-008749-003/2024(H5N1)	842	0
HA|PP755589.1|A/cattle/Texas/24-008749-003/2024(H5N1)	843	0
HA|PP755589.1|A/cattle/Texas/24-008749-003/2024(H5N1)	844	0
HA|PP755589.1|A/cattle/Texas/24-008749-003/2024(H5N1)	845	0
HA|PP755589.1|A/cattle/Texas/24-008749-003/2024(H5N1)	846	0
HA|PP755589.1|A/cattle/Texas/24-008749-003/2024(H5N1)	847	0
HA|PP755589.1|A/cattle/Texas/24-008749-003/2024(H5N1)	848	0
HA|PP755589.1|A/cattle/Texas/24-008749-003/2024(H5N1)	849	0
HA|PP755589.1|A/cattle/Texas/24-008749-003/2024(H5N1)	850	0
HA|PP755589.1|A/cattle/Texas/24-008749-003/2024(H5N1)	851	0
HA|PP755589.1|A/cattle/Texas/24-008749-003/2024(H5N1)	852	0
HA|PP755589.1|A/cattle/Texas/24-008749-003/2024(H5N1)	853	0
HA|PP755589.1|A/cattle/Texas/24-008749-003/2024(H5N1)	854	0
HA|PP755589.1|A/cattle/Texas/24-008749-003/2024(H5N1)	855	0
HA|PP755589.1|A/cattle/Texas/24-008749-003/2024(H5N1)	856	0
HA|PP755589.1|A/cattle/Texas/24-008749-003/2024(H5N1)	857	0
HA|PP755589.1|A/cattle/Texas/24-008749-003/2024(H5N1)	858	0
HA|PP755589.1|A/cattle/Texas/24-008749-003/2024(H5N1)	859	0
HA|PP755589.1|A/cattle/Texas/24-008749-003/2024(H5N1)	860	0
HA|PP755589.1|A/cattle/Texas/24-008749-003/2024(H5N1)	861	0
HA|PP755589.1|A/cattle/Texas/24-008749-003/2024(H5N1)	862	0
HA|PP755589.1|A/cattle/Texas/24-008749-003/2024(H5N1)	863	0
HA|PP755589.1|A/cattle/Texas/24-008749-003/2024(H5N1)	864	0
HA|PP755589.1|A/cattle/Texas/24-008749-003/2024(H5N1)	865	0
HA|PP755589.1|A/cattle/Texas/24-008749-003/2024(H5N1)	866	0
HA|PP755589.1|A/cattle/Texas/24-008749-003/2024(H5N1)	867	0
HA|PP755589.1|A/cattle/Texas/24-008749-003/2024(H5N1)	868	0
HA|PP755589.1|A/cattle/Texas/24-008749-003/2024(H5N1)	869	0
HA|PP755589.1|A/cattle/Texas/24-008749-003/2024(H5N1)	870	0
HA|PP755589.1|A/cattle/Texas/24-008749-003/2024(H5N1)	871	0
HA|PP755589.1|A/cattle/Texas/24-008749-003/2024(H5N1)	872	0
HA|PP755589.1|A/cattle/Texas/24-008749-003/2024(H5N1)	873	0
HA|PP755589.1|A/cattle/Texas/24-008749-003/2024(H5N1)	874	0
HA|PP755589.1|A/cattle/Texas/24-008749-003/2024(H5N1)	875	0
HA|PP755589.1|A/cattle/Texas/24-008749-003/2024(H5N1)	876	0
HA|PP755589.1|A/cattle/Texas/24-008749-003/2024(H5N1)	877	0
HA|PP755589.1|A/cattle/Texas/24-008749-003/2024(H5N1)	878	0
HA|PP755589.1|A/cattle/Texas/24-008749-003/2024(H5N1)	879	0
HA|PP755589.1|A/cattle/Texas/24-008749-003/2024(H5N1)	880	0
HA|PP755589.1|A/cattle/Texas/24-008749-003/2024(H5N1)	881	0
HA|PP755589.1|A/cattle/Texas/24-008749-003/2024(H5N1)	882	0
HA|PP755589.1|A/cattle/Texas/24-008749-003/2024(H5N1)	883	0
HA|PP755589.1|A/cattle/Texas/24-008749-003/2024(H5N1)	884	0
HA|PP755589.1|A/cattle/Texas/24-008749-003/2024(H5N1)	885	0
HA|PP755589.1|A/cattle/Texas/24-008749-003/2024(H5N1)	886	0
HA|PP755589.1|A/cattle/Texas/24-008749-003/2024(H5N1)	887	0
HA|PP755589.1|A/cattle/Texas/24-008749-003/2024(H5N1)	888	0
HA|PP755589.1|A/cattle/Texas/24-008749-003/2024(H5N1)	889	0
HA|PP755589.1|A/cattle/Texas/24-008749-003/2024(H5N1)	890	0
HA|PP755589.1|A/cattle/Texas/24-008749-003/2024(H5N1)	891	0
HA|PP755589.1|A/cattle/Texas/24-008749-003/2024(H5N1)	892	0
HA|PP755589.1|A/cattle/Texas/24-008749-003/2024(H5N1)	893	0
HA|PP755589.1|A/cattle/Texas/24-008749-003/2024(H5N1)	894	0
HA|PP755589.1|A/cattle/Texas/24-008749-003/2024(H5N1)	895	0
HA|PP755589.1|A/cattle/Texas/24-008749-003/2024(H5N1)	896	0
HA|PP755589.1|A/cattle/Texas/24-008749-003/2024(H5N1)	897	0
HA|PP755589.1|A/cattle/Texas/24-008749-003/2024(H5N1)	898	0
HA|PP755589.1|A/cattle/Texas/24-008749-003/2024(H5N1)	899	0
HA|PP755589.1|A/cattle/Texas/24-008749-003/2024(H5N1)	900	0
HA|PP755589.1|A/cattle/Texas/24-008749-003/2024(H5N1)	901	0
HA|PP755589.1|A/cattle/Texas/24-008749-003/2024(H5N1)	902	0
HA|PP755589.1|A/cattle/Texas/24-008749-003/2024(H5N1)	903	0
HA|PP755589.1|A/cattle/Texas/24-008749-003/2024(H5N1)	904	0
HA|PP755589.1|A/cattle/Texas/24-008749-003/2024(H5N1)	905	0
HA|PP755589.1|A/cattle/Texas/24-008749-003/2024(H5N1)	906	0
HA|PP755589.1|A/cattle/Texas/24-008749-003/2024(H5N1)	907	0
HA|PP755589.1|A/cattle/Texas/24-008749-003/2024(H5N1)	908	0
HA|PP755589.1|A/cattle/Texas/24-008749-003/2024(H5N1)	909	0
HA|PP755589.1|A/cattle/Texas/24-008749-003/2024(H5N1)	910	0
HA|PP755589.1|A/cattle/Texas/24-008749-003/2024(H5N1)	911	0
HA|PP755589.1|A/cattle/Texas/24-008749-003/2024(H5N1)	912	0
HA|PP755589.1|A/cattle/Texas/24-008749-003/2024(H5N1)	913	0
HA|PP755589.1|A/cattle/Texas/24-008749-003/2024(H5N1)	914	0
HA|PP755589.1|A/cattle/Texas/24-008749-003/2024(H5N1)	915	0
HA|PP755589.1|A/cattle/Texas/24-008749-003/2024(H5N1)	916	0
HA|PP755589.1|A/cattle/Texas/24-008749-003/2024(H5N1)	917	0
HA|PP755589.1|A/cattle/Texas/24-008749-003/2024(H5N1)	918	0
HA|PP755589.1|A/cattle/Texas/24-008749-003/2024(H5N1)	919	0
HA|PP755589.1|A/cattle/Texas/24-008749-003/2024(H5N1)	920	0
HA|PP755589.1|A/cattle/Texas/24-008749-003/2024(H5N1)	921	0
HA|PP755589.1|A/cattle/Texas/24-008749-003/2024(H5N1)	922	0
HA|PP755589.1|A/cattle/Texas/24-008749-003/2024(H5N1)	923	0
HA|PP755589.1|A/cattle/Texas/24-008749-003/2024(H5N1)	924	0
HA|PP755589.1|A/cattle/Texas/24-008749-003/2024(H5N1)	925	0
HA|PP755589.1|A/cattle/Texas/24-008749-003/2024(H5N1)	926	0
HA|PP755589.1|A/cattle/Texas/24-008749-003/2024(H5N1)	927	0
HA|PP755589.1|A/cattle/Texas/24-008749-003/2024(H5N1)	928	0
HA|PP755589.1|A/cattle/Texas/24-008749-003/2024(H5N1)	929	0
HA|PP755589.1|A/cattle/Texas/24-008749-003/2024(H5N1)	930	0
HA|PP755589.1|A/cattle/Texas/24-008749-003/2024(H5N1)	931	0
HA|PP755589.1|A/cattle/Texas/24-008749-003/2024(H5N1)	932	0
HA|PP755589.1|A/cattle/Texas/24-008749-003/2024(H5N1)	933	0
HA|PP755589.1|A/cattle/Texas/24-008749-003/2024(H5N1)	934	0
HA|PP755589.1|A/cattle/Texas/24-008749-003/2024(H5N1)	935	0
HA|PP755589.1|A/cattle/Texas/24-008749-003/2024(H5N1)	936	0
HA|PP755589.1|A/cattle/Texas/24-008749-003/2024(H5N1)	937	0
HA|PP755589.1|A/cattle/Texas/24-008749-003/2024(H5N1)	938	0
HA|PP755589.1|A/cattle/Texas/24-008749-003/2024(H5N1)	939	0
HA|PP755589.1|A/cattle/Texas/24-008749-003/2024(H5N1)	940	0
HA|PP755589.1|A/cattle/Texas/24-008749-003/2024(H5N1)	941	0
HA|PP755589.1|A/cattle/Texas/24-008749-003/2024(H5N1)	942	0
HA|PP755589.1|A/cattle/Texas/24-008749-003/2024(H5N1)	943	0
HA|PP755589.1|A/cattle/Texas/24-008749-003/2024(H5N1)	944	0
HA|PP755589.1|A/cattle/Texas/24-008749-003/2024(H5N1)	945	0
HA|PP755589.1|A/cattle/Texas/24-008749-003/2024(H5N1)	946	0
HA|PP755589.1|A/cattle/Texas/24-008749-003/2024(H5N1)	947	0
HA|PP755589.1|A/cattle/Texas/24-008749-003/2024(H5N1)	948	0
HA|PP755589.1|A/cattle/Texas/24-008749-003/2024(H5N1)	949	0
HA|PP755589.1|A/cattle/Texas/24-008749-003/2024(H5N1)	950	0
HA|PP755589.1|A/cattle/Texas/24-008749-003/2024(H5N1)	951	0
HA|PP755589.1|A/cattle/Texas/24-008749-003/2024(H5N1)	952	0
HA|PP755589.1|A/cattle/Texas/24-008749-003/2024(H5N1)	953	0
HA|PP755589.1|A/cattle/Texas/24-008749-003/2024(H5N1)	954	0
HA|PP755589.1|A/cattle/Texas/24-008749-003/2024(H5N1)	955	0
HA|PP755589.1|A/cattle/Texas/24-008749-003/2024(H5N1)	956	0
HA|PP755589.1|A/cattle/Texas/24-008749-003/2024(H5N1)	957	0
HA|PP755589.1|A/cattle/Texas/24-008749-003/2024(H5N1)	958	0
HA|PP755589.1|A/cattle/Texas/24-008749-003/2024(H5N1)	959	0
HA|PP755589.1|A/cattle/Texas/24-008749-003/2024(H5N1)	960	0
HA|PP755589.1|A/cattle/Texas/24-008749-003/2024(H5N1)	961	0
HA|PP755589.1|A/cattle/Texas/24-008749-003/2024(H5N1)	962	0
HA|PP755589.1|A/cattle/Texas/24-008749-003/2024(H5N1)	963	0
HA|PP755589.1|A/cattle/Texas/24-008749-003/2024(H5N1)	964	0
HA|PP755589.1|A/cattle/Texas/24-008749-003/2024(H5N1)	965	0
HA|PP755589.1|A/cattle/Texas/24-008749-003/2024(H5N1)	966	0
HA|PP755589.1|A/cattle/Texas/24-008749-003/2024(H5N1)	967	0
HA|PP755589.1|A/cattle/Texas/24-008749-003/2024(H5N1)	968	0
HA|PP755589.1|A/cattle/Texas/24-008749-003/2024(H5N1)	969	0
HA|PP755589.1|A/cattle/Texas/24-008749-003/2024(H5N1)	970	0
HA|PP755589.1|A/cattle/Texas/24-008749-003/2024(H5N1)	971	0
HA|PP755589.1|A/cattle/Texas/24-008749-003/2024(H5N1)	972	0
HA|PP755589.1|A/cattle/Texas/24-008749-003/2024(H5N1)	973	0
HA|PP755589.1|A/cattle/Texas/24-008749-003/2024(H5N1)	974	0
HA|PP755589.1|A/cattle/Texas/24-008749-003/2024(H5N1)	975	0
HA|PP755589.1|A/cattle/Texas/24-008749-003/2024(H5N1)	976	0
HA|PP755589.1|A/cattle/Texas/24-008749-003/2024(H5N1)	977	0
HA|PP755589.1|A/cattle/Texas/24-008749-003/2024(H5N1)	978	0
HA|PP755589.1|A/cattle/Texas/24-008749-003/2024(H5N1)	979	0
HA|PP755589.1|A/cattle/Texas/24-008749-003/2024(H5N1)	980	0
HA|PP755589.1|A/cattle/Texas/24-008749-003/2024(H5N1)	981	0
HA|PP755589.1|A/cattle/Texas/24-008749-003/2024(H5N1)	982	0
HA|PP755589.1|A/cattle/Texas/24-008749-003/2024(H5N1)	983	0
HA|PP755589.1|A/cattle/Texas/24-008749-003/2024(H5N1)	984	0
HA|PP755589.1|A/cattle/Texas/24-008749-003/2024(H5N1)	985	0
HA|PP755589.1|A/cattle/Texas/24-008749-003/2024(H5N1)	986	0
HA|PP755589.1|A/cattle/Texas/24-008749-003/2024(H5N1)	987	0
HA|PP755589.1|A/cattle/Texas/24-008749-003/2024(H5N1)	988	0
HA|PP755589.1|A/cattle/Texas/24-008749-003/2024(H5N1)	989	0
HA|PP755589.1|A/cattle/Texas/24-008749-003/2024(H5N1)	990	0
HA|PP755589.1|A/cattle/Texas/24-008749-003/2024(H5N1)	991	0
HA|PP755589.1|A/cattle/Texas/24-008749-003/2024(H5N1)	992	0
HA|PP755589.1|A/cattle/Texas/24-008749-003/2024(H5N1)	993	0
HA|PP755589.1|A/cattle/Texas/24-008749-003/2024(H5N1)	994	0
HA|PP755589.1|A/cattle/Texas/24-008749-003/2024(H5N1)	995	0
HA|PP755589.1|A/cattle/Texas/24-008749-003/2024(H5N1)	996	0
HA|PP755589.1|A/cattle/Texas/24-008749-003/2024(H5N1)	997	0
HA|PP755589.1|A/cattle/Texas/24-008749-003/2024(H5N1)	998	0
HA|PP755589.1|A/cattle/Texas/24-008749-003/2024(H5N1)	999	0
HA|PP755589.1|A/cattle/Texas/24-008749-003/2024(H5N1)	1000	0
HA|PP755589.1|A/cattle/Texas/24-008749-003/2024(H5N1)	1001	0
HA|PP755589.1|A/cattle/Texas/24-008749-003/2024(H5N1)	1002	0
HA|PP755589.1|A/cattle/Texas/24-008749-003/2024(H5N1)	1003	0
HA|PP755589.1|A/cattle/Texas/24-008749-003/2024(H5N1)	1004	0
HA|PP755589.1|A/cattle/Texas/24-008749-003/2024(H5N1)	1005	0
HA|PP755589.1|A/cattle/Texas/24-008749-003/2024(H5N1)	1006	0
HA|PP755589.1|A/cattle/Texas/24-008749-003/2024(H5N1)	1007	0
HA|PP755589.1|A/cattle/Texas/24-008749-003/2024(H5N1)	1008	0
HA|PP755589.1|A/cattle/Texas/24-008749-003/2024(H5N1)	1009	0
HA|PP755589.1|A/cattle/Texas/24-008749-003/2024(H5N1)	1010	0
HA|PP755589.1|A/cattle/Texas/24-008749-003/2024(H5N1)	1011	0
HA|PP755589.1|A/cattle/Texas/24-008749-003/2024(H5N1)	1012	0
HA|PP755589.1|A/cattle/Texas/24-008749-003/2024(H5N1)	1013	0
HA|PP755589.1|A/cattle/Texas/24-008749-003/2024(H5N1)	1014	0
HA|PP755589.1|A/cattle/Texas/24-008749-003/2024(H5N1)	1015	0
HA|PP755589.1|A/cattle/Texas/24-008749-003/2024(H5N1)	1016	0
HA|PP755589.1|A/cattle/Texas/24-008749-003/2024(H5N1)	1017	0
HA|PP755589.1|A/cattle/Texas/24-008749-003/2024(H5N1)	1018	0
HA|PP755589.1|A/cattle/Texas/24-008749-003/2024(H5N1)	1019	0
HA|PP755589.1|A/cattle/Texas/24-008749-003/2024(H5N1)	1020	0
HA|PP755589.1|A/cattle/Texas/24-008749-003/2024(H5N1)	1021	0
HA|PP755589.1|A/cattle/Texas/24-008749-003/2024(H5N1)	1022	0
HA|PP755589.1|A/cattle/Texas/24-008749-003/2024(H5N1)	1023	0
HA|PP755589.1|A/cattle/Texas/24-008749-003/2024(H5N1)	1024	0
HA|PP755589.1|A/cattle/Texas/24-008749-003/2024(H5N1)	1025	0
HA|PP755589.1|A/cattle/Texas/24-008749-003/2024(H5N1)	1026	0
HA|PP755589.1|A/cattle/Texas/24-008749-003/2024(H5N1)	1027	0
HA|PP755589.1|A/cattle/Texas/24-008749-003/2024(H5N1)	1028	0
HA|PP755589.1|A/cattle/Texas/24-008749-003/2024(H5N1)	1029	0
HA|PP755589.1|A/cattle/Texas/24-008749-003/2024(H5N1)	1030	0
HA|PP755589.1|A/cattle/Texas/24-008749-003/2024(H5N1)	1031	0
HA|PP755589.1|A/cattle/Texas/24-008749-003/2024(H5N1)	1032	0
HA|PP755589.1|A/cattle/Texas/24-008749-003/2024(H5N1)	1033	0
HA|PP755589.1|A/cattle/Texas/24-008749-003/2024(H5N1)	1034	0
HA|PP755589.1|A/cattle/Texas/24-008749-003/2024(H5N1)	1035	0
HA|PP755589.1|A/cattle/Texas/24-008749-003/2024(H5N1)	1036	0
HA|PP755589.1|A/cattle/Texas/24-008749-003/2024(H5N1)	1037	0
HA|PP755589.1|A/cattle/Texas/24-008749-003/2024(H5N1)	1038	0
HA|PP755589.1|A/cattle/Texas/24-008749-003/2024(H5N1)	1039	0
HA|PP755589.1|A/cattle/Texas/24-008749-003/2024(H5N1)	1040	0
HA|PP755589.1|A/cattle/Texas/24-008749-003/2024(H5N1)	1041	0
HA|PP755589.1|A/cattle/Texas/24-008749-003/2024(H5N1)	1042	0
HA|PP755589.1|A/cattle/Texas/24-008749-003/2024(H5N1)	1043	0
HA|PP755589.1|A/cattle/Texas/24-008749-003/2024(H5N1)	1044	0
HA|PP755589.1|A/cattle/Texas/24-008749-003/2024(H5N1)	1045	0
HA|PP755589.1|A/cattle/Texas/24-008749-003/2024(H5N1)	1046	0
HA|PP755589.1|A/cattle/Texas/24-008749-003/2024(H5N1)	1047	0
HA|PP755589.1|A/cattle/Texas/24-008749-003/2024(H5N1)	1048	0
HA|PP755589.1|A/cattle/Texas/24-008749-003/2024(H5N1)	1049	0
HA|PP755589.1|A/cattle/Texas/24-008749-003/2024(H5N1)	1050	0
HA|PP755589.1|A/cattle/Texas/24-008749-003/2024(H5N1)	1051	0
HA|PP755589.1|A/cattle/Texas/24-008749-003/2024(H5N1)	1052	0
HA|PP755589.1|A/cattle/Texas/24-008749-003/2024(H5N1)	1053	0
HA|PP755589.1|A/cattle/Texas/24-008749-003/2024(H5N1)	1054	0
HA|PP755589.1|A/cattle/Texas/24-008749-003/2024(H5N1)	1055	0
HA|PP755589.1|A/cattle/Texas/24-008749-003/2024(H5N1)	1056	0
HA|PP755589.1|A/cattle/Texas/24-008749-003/2024(H5N1)	1057	0
HA|PP755589.1|A/cattle/Texas/24-008749-003/2024(H5N1)	1058	0
HA|PP755589.1|A/cattle/Texas/24-008749-003/2024(H5N1)	1059	0
HA|PP755589.1|A/cattle/Texas/24-008749-003/2024(H5N1)	1060	0
HA|PP755589.1|A/cattle/Texas/24-008749-003/2024(H5N1)	1061	0
HA|PP755589.1|A/cattle/Texas/24-008749-003/2024(H5N1)	1062	0
HA|PP755589.1|A/cattle/Texas/24-008749-003/2024(H5N1)	1063	0
HA|PP755589.1|A/cattle/Texas/24-008749-003/2024(H5N1)	1064	0
HA|PP755589.1|A/cattle/Texas/24-008749-003/2024(H5N1)	1065	0
HA|PP755589.1|A/cattle/Texas/24-008749-003/2024(H5N1)	1066	0
HA|PP755589.1|A/cattle/Texas/24-008749-003/2024(H5N1)	1067	0
HA|PP755589.1|A/cattle/Texas/24-008749-003/2024(H5N1)	1068	0
HA|PP755589.1|A/cattle/Texas/24-008749-003/2024(H5N1)	1069	0
HA|PP755589.1|A/cattle/Texas/24-008749-003/2024(H5N1)	1070	0
HA|PP755589.1|A/cattle/Texas/24-008749-003/2024(H5N1)	1071	0
HA|PP755589.1|A/cattle/Texas/24-008749-003/2024(H5N1)	1072	0
HA|PP755589.1|A/cattle/Texas/24-008749-003/2024(H5N1)	1073	0
HA|PP755589.1|A/cattle/Texas/24-008749-003/2024(H5N1)	1074	0
HA|PP755589.1|A/cattle/Texas/24-008749-003/2024(H5N1)	1075	0
HA|PP755589.1|A/cattle/Texas/24-008749-003/2024(H5N1)	1076	0
HA|PP755589.1|A/cattle/Texas/24-008749-003/2024(H5N1)	1077	0
HA|PP755589.1|A/cattle/Texas/24-008749-003/2024(H5N1)	1078	0
HA|PP755589.1|A/cattle/Texas/24-008749-003/2024(H5N1)	1079	0
HA|PP755589.1|A/cattle/Texas/24-008749-003/2024(H5N1)	1080	0
HA|PP755589.1|A/cattle/Texas/24-008749-003/2024(H5N1)	1081	0
HA|PP755589.1|A/cattle/Texas/24-008749-003/2024(H5N1)	1082	0
HA|PP755589.1|A/cattle/Texas/24-008749-003/2024(H5N1)	1083	0
HA|PP755589.1|A/cattle/Texas/24-008749-003/2024(H5N1)	1084	0
HA|PP755589.1|A/cattle/Texas/24-008749-003/2024(H5N1)	1085	0
HA|PP755589.1|A/cattle/Texas/24-008749-003/2024(H5N1)	1086	0
HA|PP755589.1|A/cattle/Texas/24-008749-003/2024(H5N1)	1087	0
HA|PP755589.1|A/cattle/Texas/24-008749-003/2024(H5N1)	1088	0
HA|PP755589.1|A/cattle/Texas/24-008749-003/2024(H5N1)	1089	0
HA|PP755589.1|A/cattle/Texas/24-008749-003/2024(H5N1)	1090	0
HA|PP755589.1|A/cattle/Texas/24-008749-003/2024(H5N1)	1091	0
HA|PP755589.1|A/cattle/Texas/24-008749-003/2024(H5N1)	1092	0
HA|PP755589.1|A/cattle/Texas/24-008749-003/2024(H5N1)	1093	0
HA|PP755589.1|A/cattle/Texas/24-008749-003/2024(H5N1)	1094	0
HA|PP755589.1|A/cattle/Texas/24-008749-003/2024(H5N1)	1095	0
HA|PP755589.1|A/cattle/Texas/24-008749-003/2024(H5N1)	1096	0
HA|PP755589.1|A/cattle/Texas/24-008749-003/2024(H5N1)	1097	0
HA|PP755589.1|A/cattle/Texas/24-008749-003/2024(H5N1)	1098	0
HA|PP755589.1|A/cattle/Texas/24-008749-003/2024(H5N1)	1099	0
HA|PP755589.1|A/cattle/Texas/24-008749-003/2024(H5N1)	1100	0
HA|PP755589.1|A/cattle/Texas/24-008749-003/2024(H5N1)	1101	0
HA|PP755589.1|A/cattle/Texas/24-008749-003/2024(H5N1)	1102	0
HA|PP755589.1|A/cattle/Texas/24-008749-003/2024(H5N1)	1103	0
HA|PP755589.1|A/cattle/Texas/24-008749-003/2024(H5N1)	1104	0
HA|PP755589.1|A/cattle/Texas/24-008749-003/2024(H5N1)	1105	0
HA|PP755589.1|A/cattle/Texas/24-008749-003/2024(H5N1)	1106	0
HA|PP755589.1|A/cattle/Texas/24-008749-003/2024(H5N1)	1107	0
HA|PP755589.1|A/cattle/Texas/24-008749-003/2024(H5N1)	1108	0
HA|PP755589.1|A/cattle/Texas/24-008749-003/2024(H5N1)	1109	0
HA|PP755589.1|A/cattle/Texas/24-008749-003/2024(H5N1)	1110	0
HA|PP755589.1|A/cattle/Texas/24-008749-003/2024(H5N1)	1111	0
HA|PP755589.1|A/cattle/Texas/24-008749-003/2024(H5N1)	1112	0
HA|PP755589.1|A/cattle/Texas/24-008749-003/2024(H5N1)	1113	0
HA|PP755589.1|A/cattle/Texas/24-008749-003/2024(H5N1)	1114	0
HA|PP755589.1|A/cattle/Texas/24-008749-003/2024(H5N1)	1115	0
HA|PP755589.1|A/cattle/Texas/24-008749-003/2024(H5N1)	1116	0
HA|PP755589.1|A/cattle/Texas/24-008749-003/2024(H5N1)	1117	0
HA|PP755589.1|A/cattle/Texas/24-008749-003/2024(H5N1)	1118	0
HA|PP755589.1|A/cattle/Texas/24-008749-003/2024(H5N1)	1119	0
HA|PP755589.1|A/cattle/Texas/24-008749-003/2024(H5N1)	1120	0
HA|PP755589.1|A/cattle/Texas/24-008749-003/2024(H5N1)	1121	0
HA|PP755589.1|A/cattle/Texas/24-008749-003/2024(H5N1)	1122	0
HA|PP755589.1|A/cattle/Texas/24-008749-003/2024(H5N1)	1123	0
HA|PP755589.1|A/cattle/Texas/24-008749-003/2024(H5N1)	1124	0
HA|PP755589.1|A/cattle/Texas/24-008749-003/2024(H5N1)	1125	0
HA|PP755589.1|A/cattle/Texas/24-008749-003/2024(H5N1)	1126	0
HA|PP755589.1|A/cattle/Texas/24-008749-003/2024(H5N1)	1127	0
HA|PP755589.1|A/cattle/Texas/24-008749-003/2024(H5N1)	1128	0
HA|PP755589.1|A/cattle/Texas/24-008749-003/2024(H5N1)	1129	0
HA|PP755589.1|A/cattle/Texas/24-008749-003/2024(H5N1)	1130	0
HA|PP755589.1|A/cattle/Texas/24-008749-003/2024(H5N1)	1131	0
HA|PP755589.1|A/cattle/Texas/24-008749-003/2024(H5N1)	1132	0
HA|PP755589.1|A/cattle/Texas/24-008749-003/2024(H5N1)	1133	0
HA|PP755589.1|A/cattle/Texas/24-008749-003/2024(H5N1)	1134	0
HA|PP755589.1|A/cattle/Texas/24-008749-003/2024(H5N1)	1135	0
HA|PP755589.1|A/cattle/Texas/24-008749-003/2024(H5N1)	1136	0
HA|PP755589.1|A/cattle/Texas/24-008749-003/2024(H5N1)	1137	0
HA|PP755589.1|A/cattle/Texas/24-008749-003/2024(H5N1)	1138	0
HA|PP755589.1|A/cattle/Texas/24-008749-003/2024(H5N1)	1139	0
HA|PP755589.1|A/cattle/Texas/24-008749-003/2024(H5N1)	1140	0
HA|PP755589.1|A/cattle/Texas/24-008749-003/2024(H5N1)	1141	0
HA|PP755589.1|A/cattle/Texas/24-008749-003/2024(H5N1)	1142	0
HA|PP755589.1|A/cattle/Texas/24-008749-003/2024(H5N1)	1143	0
HA|PP755589.1|A/cattle/Texas/24-008749-003/2024(H5N1)	1144	0
HA|PP755589.1|A/cattle/Texas/24-008749-003/2024(H5N1)	1145	0
HA|PP755589.1|A/cattle/Texas/24-008749-003/2024(H5N1)	1146	0
HA|PP755589.1|A/cattle/Texas/24-008749-003/2024(H5N1)	1147	0
HA|PP755589.1|A/cattle/Texas/24-008749-003/2024(H5N1)	1148	0
HA|PP755589.1|A/cattle/Texas/24-008749-003/2024(H5N1)	1149	0
HA|PP755589.1|A/cattle/Texas/24-008749-003/2024(H5N1)	1150	0
HA|PP755589.1|A/cattle/Texas/24-008749-003/2024(H5N1)	1151	0
HA|PP755589.1|A/cattle/Texas/24-008749-003/2024(H5N1)	1152	0
HA|PP755589.1|A/cattle/Texas/24-008749-003/2024(H5N1)	1153	0
HA|PP755589.1|A/cattle/Texas/24-008749-003/2024(H5N1)	1154	0
HA|PP755589.1|A/cattle/Texas/24-008749-003/2024(H5N1)	1155	0
HA|PP755589.1|A/cattle/Texas/24-008749-003/2024(H5N1)	1156	0
HA|PP755589.1|A/cattle/Texas/24-008749-003/2024(H5N1)	1157	0
HA|PP755589.1|A/cattle/Texas/24-008749-003/2024(H5N1)	1158	0
HA|PP755589.1|A/cattle/Texas/24-008749-003/2024(H5N1)	1159	0
HA|PP755589.1|A/cattle/Texas/24-008749-003/2024(H5N1)	1160	0
HA|PP755589.1|A/cattle/Texas/24-008749-003/2024(H5N1)	1161	0
HA|PP755589.1|A/cattle/Texas/24-008749-003/2024(H5N1)	1162	0
HA|PP755589.1|A/cattle/Texas/24-008749-003/2024(H5N1)	1163	0
HA|PP755589.1|A/cattle/Texas/24-008749-003/2024(H5N1)	1164	0
HA|PP755589.1|A/cattle/Texas/24-008749-003/2024(H5N1)	1165	0
HA|PP755589.1|A/cattle/Texas/24-008749-003/2024(H5N1)	1166	0
HA|PP755589.1|A/cattle/Texas/24-008749-003/2024(H5N1)	1167	0
HA|PP755589.1|A/cattle/Texas/24-008749-003/2024(H5N1)	1168	0
HA|PP755589.1|A/cattle/Texas/24-008749-003/2024(H5N1)	1169	0
HA|PP755589.1|A/cattle/Texas/24-008749-003/2024(H5N1)	1170	0
HA|PP755589.1|A/cattle/Texas/24-008749-003/2024(H5N1)	1171	0
HA|PP755589.1|A/cattle/Texas/24-008749-003/2024(H5N1)	1172	0
HA|PP755589.1|A/cattle/Texas/24-008749-003/2024(H5N1)	1173	0
HA|PP755589.1|A/cattle/Texas/24-008749-003/2024(H5N1)	1174	0
HA|PP755589.1|A/cattle/Texas/24-008749-003/2024(H5N1)	1175	0
HA|PP755589.1|A/cattle/Texas/24-008749-003/2024(H5N1)	1176	0
HA|PP755589.1|A/cattle/Texas/24-008749-003/2024(H5N1)	1177	0
HA|PP755589.1|A/cattle/Texas/24-008749-003/2024(H5N1)	1178	0
HA|PP755589.1|A/cattle/Texas/24-008749-003/2024(H5N1)	1179	0
HA|PP755589.1|A/cattle/Texas/24-008749-003/2024(H5N1)	1180	0
HA|PP755589.1|A/cattle/Texas/24-008749-003/2024(H5N1)	1181	0
HA|PP755589.1|A/cattle/Texas/24-008749-003/2024(H5N1)	1182	0
HA|PP755589.1|A/cattle/Texas/24-008749-003/2024(H5N1)	1183	0
HA|PP755589.1|A/cattle/Texas/24-008749-003/2024(H5N1)	1184	0
HA|PP755589.1|A/cattle/Texas/24-008749-003/2024(H5N1)	1185	0
HA|PP755589.1|A/cattle/Texas/24-008749-003/2024(H5N1)	1186	0
HA|PP755589.1|A/cattle/Texas/24-008749-003/2024(H5N1)	1187	0
HA|PP755589.1|A/cattle/Texas/24-008749-003/2024(H5N1)	1188	0
HA|PP755589.1|A/cattle/Texas/24-008749-003/2024(H5N1)	1189	0
HA|PP755589.1|A/cattle/Texas/24-008749-003/2024(H5N1)	1190	0
HA|PP755589.1|A/cattle/Texas/24-008749-003/2024(H5N1)	1191	0
HA|PP755589.1|A/cattle/Texas/24-008749-003/2024(H5N1)	1192	0
HA|PP755589.1|A/cattle/Texas/24-008749-003/2024(H5N1)	1193	0
HA|PP755589.1|A/cattle/Texas/24-008749-003/2024(H5N1)	1194	0
HA|PP755589.1|A/cattle/Texas/24-008749-003/2024(H5N1)	1195	0
HA|PP755589.1|A/cattle/Texas/24-008749-003/2024(H5N1)	1196	0
HA|PP755589.1|A/cattle/Texas/24-008749-003/2024(H5N1)	1197	0
HA|PP755589.1|A/cattle/Texas/24-008749-003/2024(H5N1)	1198	0
HA|PP755589.1|A/cattle/Texas/24-008749-003/2024(H5N1)	1199	0
HA|PP755589.1|A/cattle/Texas/24-008749-003/2024(H5N1)	1200	0
HA|PP755589.1|A/cattle/Texas/24-008749-003/2024(H5N1)	1201	0
HA|PP755589.1|A/cattle/Texas/24-008749-003/2024(H5N1)	1202	0
HA|PP755589.1|A/cattle/Texas/24-008749-003/2024(H5N1)	1203	0
HA|PP755589.1|A/cattle/Texas/24-008749-003/2024(H5N1)	1204	0
HA|PP755589.1|A/cattle/Texas/24-008749-003/2024(H5N1)	1205	0
HA|PP755589.1|A/cattle/Texas/24-008749-003/2024(H5N1)	1206	0
HA|PP755589.1|A/cattle/Texas/24-008749-003/2024(H5N1)	1207	0
HA|PP755589.1|A/cattle/Texas/24-008749-003/2024(H5N1)	1208	0
HA|PP755589.1|A/cattle/Texas/24-008749-003/2024(H5N1)	1209	0
HA|PP755589.1|A/cattle/Texas/24-008749-003/2024(H5N1)	1210	0
HA|PP755589.1|A/cattle/Texas/24-008749-003/2024(H5N1)	1211	0
HA|PP755589.1|A/cattle/Texas/24-008749-003/2024(H5N1)	1212	0
HA|PP755589.1|A/cattle/Texas/24-008749-003/2024(H5N1)	1213	0
HA|PP755589.1|A/cattle/Texas/24-008749-003/2024(H5N1)	1214	0
HA|PP755589.1|A/cattle/Texas/24-008749-003/2024(H5N1)	1215	0
HA|PP755589.1|A/cattle/Texas/24-008749-003/2024(H5N1)	1216	0
HA|PP755589.1|A/cattle/Texas/24-008749-003/2024(H5N1)	1217	0
HA|PP755589.1|A/cattle/Texas/24-008749-003/2024(H5N1)	1218	0
HA|PP755589.1|A/cattle/Texas/24-008749-003/2024(H5N1)	1219	0
HA|PP755589.1|A/cattle/Texas/24-008749-003/2024(H5N1)	1220	0
HA|PP755589.1|A/cattle/Texas/24-008749-003/2024(H5N1)	1221	0
HA|PP755589.1|A/cattle/Texas/24-008749-003/2024(H5N1)	1222	0
HA|PP755589.1|A/cattle/Texas/24-008749-003/2024(H5N1)	1223	0
HA|PP755589.1|A/cattle/Texas/24-008749-003/2024(H5N1)	1224	0
HA|PP755589.1|A/cattle/Texas/24-008749-003/2024(H5N1)	1225	0
HA|PP755589.1|A/cattle/Texas/24-008749-003/2024(H5N1)	1226	0
HA|PP755589.1|A/cattle/Texas/24-008749-003/2024(H5N1)	1227	0
HA|PP755589.1|A/cattle/Texas/24-008749-003/2024(H5N1)	1228	0
HA|PP755589.1|A/cattle/Texas/24-008749-003/2024(H5N1)	1229	0
HA|PP755589.1|A/cattle/Texas/24-008749-003/2024(H5N1)	1230	0
HA|PP755589.1|A/cattle/Texas/24-008749-003/2024(H5N1)	1231	0
HA|PP755589.1|A/cattle/Texas/24-008749-003/2024(H5N1)	1232	0
HA|PP755589.1|A/cattle/Texas/24-008749-003/2024(H5N1)	1233	0
HA|PP755589.1|A/cattle/Texas/24-008749-003/2024(H5N1)	1234	0
HA|PP755589.1|A/cattle/Texas/24-008749-003/2024(H5N1)	1235	0
HA|PP755589.1|A/cattle/Texas/24-008749-003/2024(H5N1)	1236	0
HA|PP755589.1|A/cattle/Texas/24-008749-003/2024(H5N1)	1237	0
HA|PP755589.1|A/cattle/Texas/24-008749-003/2024(H5N1)	1238	0
HA|PP755589.1|A/cattle/Texas/24-008749-003/2024(H5N1)	1239	0
HA|PP755589.1|A/cattle/Texas/24-008749-003/2024(H5N1)	1240	0
HA|PP755589.1|A/cattle/Texas/24-008749-003/2024(H5N1)	1241	0
HA|PP755589.1|A/cattle/Texas/24-008749-003/2024(H5N1)	1242	0
HA|PP755589.1|A/cattle/Texas/24-008749-003/2024(H5N1)	1243	0
HA|PP755589.1|A/cattle/Texas/24-008749-003/2024(H5N1)	1244	0
HA|PP755589.1|A/cattle/Texas/24-008749-003/2024(H5N1)	1245	0
HA|PP755589.1|A/cattle/Texas/24-008749-003/2024(H5N1)	1246	0
HA|PP755589.1|A/cattle/Texas/24-008749-003/2024(H5N1)	1247	0
HA|PP755589.1|A/cattle/Texas/24-008749-003/2024(H5N1)	1248	0
HA|PP755589.1|A/cattle/Texas/24-008749-003/2024(H5N1)	1249	0
HA|PP755589.1|A/cattle/Texas/24-008749-003/2024(H5N1)	1250	0
HA|PP755589.1|A/cattle/Texas/24-008749-003/2024(H5N1)	1251	0
HA|PP755589.1|A/cattle/Texas/24-008749-003/2024(H5N1)	1252	0
HA|PP755589.1|A/cattle/Texas/24-008749-003/2024(H5N1)	1253	0
HA|PP755589.1|A/cattle/Texas/24-008749-003/2024(H5N1)	1254	0
HA|PP755589.1|A/cattle/Texas/24-008749-003/2024(H5N1)	1255	0
HA|PP755589.1|A/cattle/Texas/24-008749-003/2024(H5N1)	1256	0
HA|PP755589.1|A/cattle/Texas/24-008749-003/2024(H5N1)	1257	0
HA|PP755589.1|A/cattle/Texas/24-008749-003/2024(H5N1)	1258	0
HA|PP755589.1|A/cattle/Texas/24-008749-003/2024(H5N1)	1259	0
HA|PP755589.1|A/cattle/Texas/24-008749-003/2024(H5N1)	1260	0
HA|PP755589.1|A/cattle/Texas/24-008749-003/2024(H5N1)	1261	0
HA|PP755589.1|A/cattle/Texas/24-008749-003/2024(H5N1)	1262	0
HA|PP755589.1|A/cattle/Texas/24-008749-003/2024(H5N1)	1263	0
HA|PP755589.1|A/cattle/Texas/24-008749-003/2024(H5N1)	1264	0
HA|PP755589.1|A/cattle/Texas/24-008749-003/2024(H5N1)	1265	0
HA|PP755589.1|A/cattle/Texas/24-008749-003/2024(H5N1)	1266	0
HA|PP755589.1|A/cattle/Texas/24-008749-003/2024(H5N1)	1267	0
HA|PP755589.1|A/cattle/Texas/24-008749-003/2024(H5N1)	1268	0
HA|PP755589.1|A/cattle/Texas/24-008749-003/2024(H5N1)	1269	0
HA|PP755589.1|A/cattle/Texas/24-008749-003/2024(H5N1)	1270	0
HA|PP755589.1|A/cattle/Texas/24-008749-003/2024(H5N1)	1271	0
HA|PP755589.1|A/cattle/Texas/24-008749-003/2024(H5N1)	1272	0
HA|PP755589.1|A/cattle/Texas/24-008749-003/2024(H5N1)	1273	0
HA|PP755589.1|A/cattle/Texas/24-008749-003/2024(H5N1)	1274	0
HA|PP755589.1|A/cattle/Texas/24-008749-003/2024(H5N1)	1275	0
HA|PP755589.1|A/cattle/Texas/24-008749-003/2024(H5N1)	1276	0
HA|PP755589.1|A/cattle/Texas/24-008749-003/2024(H5N1)	1277	0
HA|PP755589.1|A/cattle/Texas/24-008749-003/2024(H5N1)	1278	0
HA|PP755589.1|A/cattle/Texas/24-008749-003/2024(H5N1)	1279	0
HA|PP755589.1|A/cattle/Texas/24-008749-003/2024(H5N1)	1280	0
HA|PP755589.1|A/cattle/Texas/24-008749-003/2024(H5N1)	1281	0
HA|PP755589.1|A/cattle/Texas/24-008749-003/2024(H5N1)	1282	0
HA|PP755589.1|A/cattle/Texas/24-008749-003/2024(H5N1)	1283	0
HA|PP755589.1|A/cattle/Texas/24-008749-003/2024(H5N1)	1284	0
HA|PP755589.1|A/cattle/Texas/24-008749-003/2024(H5N1)	1285	0
HA|PP755589.1|A/cattle/Texas/24-008749-003/2024(H5N1)	1286	0
HA|PP755589.1|A/cattle/Texas/24-008749-003/2024(H5N1)	1287	0
HA|PP755589.1|A/cattle/Texas/24-008749-003/2024(H5N1)	1288	0
HA|PP755589.1|A/cattle/Texas/24-008749-003/2024(H5N1)	1289	0
HA|PP755589.1|A/cattle/Texas/24-008749-003/2024(H5N1)	1290	0
HA|PP755589.1|A/cattle/Texas/24-008749-003/2024(H5N1)	1291	0
HA|PP755589.1|A/cattle/Texas/24-008749-003/2024(H5N1)	1292	0
HA|PP755589.1|A/cattle/Texas/24-008749-003/2024(H5N1)	1293	0
HA|PP755589.1|A/cattle/Texas/24-008749-003/2024(H5N1)	1294	0
HA|PP755589.1|A/cattle/Texas/24-008749-003/2024(H5N1)	1295	0
HA|PP755589.1|A/cattle/Texas/24-008749-003/2024(H5N1)	1296	0
HA|PP755589.1|A/cattle/Texas/24-008749-003/2024(H5N1)	1297	0
HA|PP755589.1|A/cattle/Texas/24-008749-003/2024(H5N1)	1298	0
HA|PP755589.1|A/cattle/Texas/24-008749-003/2024(H5N1)	1299	0
HA|PP755589.1|A/cattle/Texas/24-008749-003/2024(H5N1)	1300	0
HA|PP755589.1|A/cattle/Texas/24-008749-003/2024(H5N1)	1301	0
HA|PP755589.1|A/cattle/Texas/24-008749-003/2024(H5N1)	1302	0
HA|PP755589.1|A/cattle/Texas/24-008749-003/2024(H5N1)	1303	0
HA|PP755589.1|A/cattle/Texas/24-008749-003/2024(H5N1)	1304	0
HA|PP755589.1|A/cattle/Texas/24-008749-003/2024(H5N1)	1305	0
HA|PP755589.1|A/cattle/Texas/24-008749-003/2024(H5N1)	1306	0
HA|PP755589.1|A/cattle/Texas/24-008749-003/2024(H5N1)	1307	0
HA|PP755589.1|A/cattle/Texas/24-008749-003/2024(H5N1)	1308	0
HA|PP755589.1|A/cattle/Texas/24-008749-003/2024(H5N1)	1309	0
HA|PP755589.1|A/cattle/Texas/24-008749-003/2024(H5N1)	1310	0
HA|PP755589.1|A/cattle/Texas/24-008749-003/2024(H5N1)	1311	0
HA|PP755589.1|A/cattle/Texas/24-008749-003/2024(H5N1)	1312	0
HA|PP755589.1|A/cattle/Texas/24-008749-003/2024(H5N1)	1313	0
HA|PP755589.1|A/cattle/Texas/24-008749-003/2024(H5N1)	1314	0
HA|PP755589.1|A/cattle/Texas/24-008749-003/2024(H5N1)	1315	0
HA|PP755589.1|A/cattle/Texas/24-008749-003/2024(H5N1)	1316	0
HA|PP755589.1|A/cattle/Texas/24-008749-003/2024(H5N1)	1317	0
HA|PP755589.1|A/cattle/Texas/24-008749-003/2024(H5N1)	1318	0
HA|PP755589.1|A/cattle/Texas/24-008749-003/2024(H5N1)	1319	0
HA|PP755589.1|A/cattle/Texas/24-008749-003/2024(H5N1)	1320	0
HA|PP755589.1|A/cattle/Texas/24-008749-003/2024(H5N1)	1321	0
HA|PP755589.1|A/cattle/Texas/24-008749-003/2024(H5N1)	1322	0
HA|PP755589.1|A/cattle/Texas/24-008749-003/2024(H5N1)	1323	0
HA|PP755589.1|A/cattle/Texas/24-008749-003/2024(H5N1)	1324	0
HA|PP755589.1|A/cattle/Texas/24-008749-003/2024(H5N1)	1325	0
HA|PP755589.1|A/cattle/Texas/24-008749-003/2024(H5N1)	1326	0
HA|PP755589.1|A/cattle/Texas/24-008749-003/2024(H5N1)	1327	0
HA|PP755589.1|A/cattle/Texas/24-008749-003/2024(H5N1)	1328	0
HA|PP755589.1|A/cattle/Texas/24-008749-003/2024(H5N1)	1329	0
HA|PP755589.1|A/cattle/Texas/24-008749-003/2024(H5N1)	1330	0
HA|PP755589.1|A/cattle/Texas/24-008749-003/2024(H5N1)	1331	0
HA|PP755589.1|A/cattle/Texas/24-008749-003/2024(H5N1)	1332	0
HA|PP755589.1|A/cattle/Texas/24-008749-003/2024(H5N1)	1333	0
HA|PP755589.1|A/cattle/Texas/24-008749-003/2024(H5N1)	1334	0
HA|PP755589.1|A/cattle/Texas/24-008749-003/2024(H5N1)	1335	0
HA|PP755589.1|A/cattle/Texas/24-008749-003/2024(H5N1)	1336	0
HA|PP755589.1|A/cattle/Texas/24-008749-003/2024(H5N1)	1337	0
HA|PP755589.1|A/cattle/Texas/24-008749-003/2024(H5N1)	1338	0
HA|PP755589.1|A/cattle/Texas/24-008749-003/2024(H5N1)	1339	0
HA|PP755589.1|A/cattle/Texas/24-008749-003/2024(H5N1)	1340	0
HA|PP755589.1|A/cattle/Texas/24-008749-003/2024(H5N1)	1341	0
HA|PP755589.1|A/cattle/Texas/24-008749-003/2024(H5N1)	1342	0
HA|PP755589.1|A/cattle/Texas/24-008749-003/2024(H5N1)	1343	0
HA|PP755589.1|A/cattle/Texas/24-008749-003/2024(H5N1)	1344	0
HA|PP755589.1|A/cattle/Texas/24-008749-003/2024(H5N1)	1345	0
HA|PP755589.1|A/cattle/Texas/24-008749-003/2024(H5N1)	1346	0
HA|PP755589.1|A/cattle/Texas/24-008749-003/2024(H5N1)	1347	0
HA|PP755589.1|A/cattle/Texas/24-008749-003/2024(H5N1)	1348	0
HA|PP755589.1|A/cattle/Texas/24-008749-003/2024(H5N1)	1349	0
HA|PP755589.1|A/cattle/Texas/24-008749-003/2024(H5N1)	1350	0
HA|PP755589.1|A/cattle/Texas/24-008749-003/2024(H5N1)	1351	0
HA|PP755589.1|A/cattle/Texas/24-008749-003/2024(H5N1)	1352	0
HA|PP755589.1|A/cattle/Texas/24-008749-003/2024(H5N1)	1353	0
HA|PP755589.1|A/cattle/Texas/24-008749-003/2024(H5N1)	1354	0
HA|PP755589.1|A/cattle/Texas/24-008749-003/2024(H5N1)	1355	0
HA|PP755589.1|A/cattle/Texas/24-008749-003/2024(H5N1)	1356	0
HA|PP755589.1|A/cattle/Texas/24-008749-003/2024(H5N1)	1357	0
HA|PP755589.1|A/cattle/Texas/24-008749-003/2024(H5N1)	1358	0
HA|PP755589.1|A/cattle/Texas/24-008749-003/2024(H5N1)	1359	0
HA|PP755589.1|A/cattle/Texas/24-008749-003/2024(H5N1)	1360	0
HA|PP755589.1|A/cattle/Texas/24-008749-003/2024(H5N1)	1361	0
HA|PP755589.1|A/cattle/Texas/24-008749-003/2024(H5N1)	1362	0
HA|PP755589.1|A/cattle/Texas/24-008749-003/2024(H5N1)	1363	0
HA|PP755589.1|A/cattle/Texas/24-008749-003/2024(H5N1)	1364	0
HA|PP755589.1|A/cattle/Texas/24-008749-003/2024(H5N1)	1365	0
HA|PP755589.1|A/cattle/Texas/24-008749-003/2024(H5N1)	1366	0
HA|PP755589.1|A/cattle/Texas/24-008749-003/2024(H5N1)	1367	0
HA|PP755589.1|A/cattle/Texas/24-008749-003/2024(H5N1)	1368	0
HA|PP755589.1|A/cattle/Texas/24-008749-003/2024(H5N1)	1369	0
HA|PP755589.1|A/cattle/Texas/24-008749-003/2024(H5N1)	1370	0
HA|PP755589.1|A/cattle/Texas/24-008749-003/2024(H5N1)	1371	0
HA|PP755589.1|A/cattle/Texas/24-008749-003/2024(H5N1)	1372	0
HA|PP755589.1|A/cattle/Texas/24-008749-003/2024(H5N1)	1373	0
HA|PP755589.1|A/cattle/Texas/24-008749-003/2024(H5N1)	1374	0
HA|PP755589.1|A/cattle/Texas/24-008749-003/2024(H5N1)	1375	0
HA|PP755589.1|A/cattle/Texas/24-008749-003/2024(H5N1)	1376	0
HA|PP755589.1|A/cattle/Texas/24-008749-003/2024(H5N1)	1377	0
HA|PP755589.1|A/cattle/Texas/24-008749-003/2024(H5N1)	1378	0
HA|PP755589.1|A/cattle/Texas/24-008749-003/2024(H5N1)	1379	0
HA|PP755589.1|A/cattle/Texas/24-008749-003/2024(H5N1)	1380	0
HA|PP755589.1|A/cattle/Texas/24-008749-003/2024(H5N1)	1381	0
HA|PP755589.1|A/cattle/Texas/24-008749-003/2024(H5N1)	1382	0
HA|PP755589.1|A/cattle/Texas/24-008749-003/2024(H5N1)	1383	0
HA|PP755589.1|A/cattle/Texas/24-008749-003/2024(H5N1)	1384	0
HA|PP755589.1|A/cattle/Texas/24-008749-003/2024(H5N1)	1385	0
HA|PP755589.1|A/cattle/Texas/24-008749-003/2024(H5N1)	1386	0
HA|PP755589.1|A/cattle/Texas/24-008749-003/2024(H5N1)	1387	0
HA|PP755589.1|A/cattle/Texas/24-008749-003/2024(H5N1)	1388	0
HA|PP755589.1|A/cattle/Texas/24-008749-003/2024(H5N1)	1389	0
HA|PP755589.1|A/cattle/Texas/24-008749-003/2024(H5N1)	1390	0
HA|PP755589.1|A/cattle/Texas/24-008749-003/2024(H5N1)	1391	0
HA|PP755589.1|A/cattle/Texas/24-008749-003/2024(H5N1)	1392	0
HA|PP755589.1|A/cattle/Texas/24-008749-003/2024(H5N1)	1393	0
HA|PP755589.1|A/cattle/Texas/24-008749-003/2024(H5N1)	1394	0
HA|PP755589.1|A/cattle/Texas/24-008749-003/2024(H5N1)	1395	0
HA|PP755589.1|A/cattle/Texas/24-008749-003/2024(H5N1)	1396	0
HA|PP755589.1|A/cattle/Texas/24-008749-003/2024(H5N1)	1397	0
HA|PP755589.1|A/cattle/Texas/24-008749-003/2024(H5N1)	1398	0
HA|PP755589.1|A/cattle/Texas/24-008749-003/2024(H5N1)	1399	0
HA|PP755589.1|A/cattle/Texas/24-008749-003/2024(H5N1)	1400	0
HA|PP755589.1|A/cattle/Texas/24-008749-003/2024(H5N1)	1401	0
HA|PP755589.1|A/cattle/Texas/24-008749-003/2024(H5N1)	1402	0
HA|PP755589.1|A/cattle/Texas/24-008749-003/2024(H5N1)	1403	0
HA|PP755589.1|A/cattle/Texas/24-008749-003/2024(H5N1)	1404	0
HA|PP755589.1|A/cattle/Texas/24-008749-003/2024(H5N1)	1405	0
HA|PP755589.1|A/cattle/Texas/24-008749-003/2024(H5N1)	1406	0
HA|PP755589.1|A/cattle/Texas/24-008749-003/2024(H5N1)	1407	0
HA|PP755589.1|A/cattle/Texas/24-008749-003/2024(H5N1)	1408	0
HA|PP755589.1|A/cattle/Texas/24-008749-003/2024(H5N1)	1409	0
HA|PP755589.1|A/cattle/Texas/24-008749-003/2024(H5N1)	1410	0
HA|PP755589.1|A/cattle/Texas/24-008749-003/2024(H5N1)	1411	0
HA|PP755589.1|A/cattle/Texas/24-008749-003/2024(H5N1)	1412	0
HA|PP755589.1|A/cattle/Texas/24-008749-003/2024(H5N1)	1413	0
HA|PP755589.1|A/cattle/Texas/24-008749-003/2024(H5N1)	1414	0
HA|PP755589.1|A/cattle/Texas/24-008749-003/2024(H5N1)	1415	0
HA|PP755589.1|A/cattle/Texas/24-008749-003/2024(H5N1)	1416	0
HA|PP755589.1|A/cattle/Texas/24-008749-003/2024(H5N1)	1417	0
HA|PP755589.1|A/cattle/Texas/24-008749-003/2024(H5N1)	1418	0
HA|PP755589.1|A/cattle/Texas/24-008749-003/2024(H5N1)	1419	0
HA|PP755589.1|A/cattle/Texas/24-008749-003/2024(H5N1)	1420	0
HA|PP755589.1|A/cattle/Texas/24-008749-003/2024(H5N1)	1421	0
HA|PP755589.1|A/cattle/Texas/24-008749-003/2024(H5N1)	1422	0
HA|PP755589.1|A/cattle/Texas/24-008749-003/2024(H5N1)	1423	0
HA|PP755589.1|A/cattle/Texas/24-008749-003/2024(H5N1)	1424	0
HA|PP755589.1|A/cattle/Texas/24-008749-003/2024(H5N1)	1425	0
HA|PP755589.1|A/cattle/Texas/24-008749-003/2024(H5N1)	1426	0
HA|PP755589.1|A/cattle/Texas/24-008749-003/2024(H5N1)	1427	0
HA|PP755589.1|A/cattle/Texas/24-008749-003/2024(H5N1)	1428	0
HA|PP755589.1|A/cattle/Texas/24-008749-003/2024(H5N1)	1429	0
HA|PP755589.1|A/cattle/Texas/24-008749-003/2024(H5N1)	1430	0
HA|PP755589.1|A/cattle/Texas/24-008749-003/2024(H5N1)	1431	0
HA|PP755589.1|A/cattle/Texas/24-008749-003/2024(H5N1)	1432	0
HA|PP755589.1|A/cattle/Texas/24-008749-003/2024(H5N1)	1433	0
HA|PP755589.1|A/cattle/Texas/24-008749-003/2024(H5N1)	1434	0
HA|PP755589.1|A/cattle/Texas/24-008749-003/2024(H5N1)	1435	0
HA|PP755589.1|A/cattle/Texas/24-008749-003/2024(H5N1)	1436	0
HA|PP755589.1|A/cattle/Texas/24-008749-003/2024(H5N1)	1437	0
HA|PP755589.1|A/cattle/Texas/24-008749-003/2024(H5N1)	1438	0
HA|PP755589.1|A/cattle/Texas/24-008749-003/2024(H5N1)	1439	0
HA|PP755589.1|A/cattle/Texas/24-008749-003/2024(H5N1)	1440	0
HA|PP755589.1|A/cattle/Texas/24-008749-003/2024(H5N1)	1441	0
HA|PP755589.1|A/cattle/Texas/24-008749-003/2024(H5N1)	1442	0
HA|PP755589.1|A/cattle/Texas/24-008749-003/2024(H5N1)	1443	0
HA|PP755589.1|A/cattle/Texas/24-008749-003/2024(H5N1)	1444	0
HA|PP755589.1|A/cattle/Texas/24-008749-003/2024(H5N1)	1445	0
HA|PP755589.1|A/cattle/Texas/24-008749-003/2024(H5N1)	1446	0
HA|PP755589.1|A/cattle/Texas/24-008749-003/2024(H5N1)	1447	0
HA|PP755589.1|A/cattle/Texas/24-008749-003/2024(H5N1)	1448	0
HA|PP755589.1|A/cattle/Texas/24-008749-003/2024(H5N1)	1449	0
HA|PP755589.1|A/cattle/Texas/24-008749-003/2024(H5N1)	1450	0
HA|PP755589.1|A/cattle/Texas/24-008749-003/2024(H5N1)	1451	0
HA|PP755589.1|A/cattle/Texas/24-008749-003/2024(H5N1)	1452	0
HA|PP755589.1|A/cattle/Texas/24-008749-003/2024(H5N1)	1453	0
HA|PP755589.1|A/cattle/Texas/24-008749-003/2024(H5N1)	1454	0
HA|PP755589.1|A/cattle/Texas/24-008749-003/2024(H5N1)	1455	0
HA|PP755589.1|A/cattle/Texas/24-008749-003/2024(H5N1)	1456	0
HA|PP755589.1|A/cattle/Texas/24-008749-003/2024(H5N1)	1457	0
HA|PP755589.1|A/cattle/Texas/24-008749-003/2024(H5N1)	1458	0
HA|PP755589.1|A/cattle/Texas/24-008749-003/2024(H5N1)	1459	0
HA|PP755589.1|A/cattle/Texas/24-008749-003/2024(H5N1)	1460	0
HA|PP755589.1|A/cattle/Texas/24-008749-003/2024(H5N1)	1461	0
HA|PP755589.1|A/cattle/Texas/24-008749-003/2024(H5N1)	1462	0
HA|PP755589.1|A/cattle/Texas/24-008749-003/2024(H5N1)	1463	0
HA|PP755589.1|A/cattle/Texas/24-008749-003/2024(H5N1)	1464	0
HA|PP755589.1|A/cattle/Texas/24-008749-003/2024(H5N1)	1465	0
HA|PP755589.1|A/cattle/Texas/24-008749-003/2024(H5N1)	1466	0
HA|PP755589.1|A/cattle/Texas/24-008749-003/2024(H5N1)	1467	0
HA|PP755589.1|A/cattle/Texas/24-008749-003/2024(H5N1)	1468	0
HA|PP755589.1|A/cattle/Texas/24-008749-003/2024(H5N1)	1469	0
HA|PP755589.1|A/cattle/Texas/24-008749-003/2024(H5N1)	1470	0
HA|PP755589.1|A/cattle/Texas/24-008749-003/2024(H5N1)	1471	0
HA|PP755589.1|A/cattle/Texas/24-008749-003/2024(H5N1)	1472	0
HA|PP755589.1|A/cattle/Texas/24-008749-003/2024(H5N1)	1473	0
HA|PP755589.1|A/cattle/Texas/24-008749-003/2024(H5N1)	1474	0
HA|PP755589.1|A/cattle/Texas/24-008749-003/2024(H5N1)	1475	0
HA|PP755589.1|A/cattle/Texas/24-008749-003/2024(H5N1)	1476	0
HA|PP755589.1|A/cattle/Texas/24-008749-003/2024(H5N1)	1477	0
HA|PP755589.1|A/cattle/Texas/24-008749-003/2024(H5N1)	1478	0
HA|PP755589.1|A/cattle/Texas/24-008749-003/2024(H5N1)	1479	0
HA|PP755589.1|A/cattle/Texas/24-008749-003/2024(H5N1)	1480	0
HA|PP755589.1|A/cattle/Texas/24-008749-003/2024(H5N1)	1481	0
HA|PP755589.1|A/cattle/Texas/24-008749-003/2024(H5N1)	1482	0
HA|PP755589.1|A/cattle/Texas/24-008749-003/2024(H5N1)	1483	0
HA|PP755589.1|A/cattle/Texas/24-008749-003/2024(H5N1)	1484	0
HA|PP755589.1|A/cattle/Texas/24-008749-003/2024(H5N1)	1485	0
HA|PP755589.1|A/cattle/Texas/24-008749-003/2024(H5N1)	1486	0
HA|PP755589.1|A/cattle/Texas/24-008749-003/2024(H5N1)	1487	0
HA|PP755589.1|A/cattle/Texas/24-008749-003/2024(H5N1)	1488	0
HA|PP755589.1|A/cattle/Texas/24-008749-003/2024(H5N1)	1489	0
HA|PP755589.1|A/cattle/Texas/24-008749-003/2024(H5N1)	1490	0
HA|PP755589.1|A/cattle/Texas/24-008749-003/2024(H5N1)	1491	0
HA|PP755589.1|A/cattle/Texas/24-008749-003/2024(H5N1)	1492	0
HA|PP755589.1|A/cattle/Texas/24-008749-003/2024(H5N1)	1493	0
HA|PP755589.1|A/cattle/Texas/24-008749-003/2024(H5N1)	1494	0
HA|PP755589.1|A/cattle/Texas/24-008749-003/2024(H5N1)	1495	0
HA|PP755589.1|A/cattle/Texas/24-008749-003/2024(H5N1)	1496	0
HA|PP755589.1|A/cattle/Texas/24-008749-003/2024(H5N1)	1497	0
HA|PP755589.1|A/cattle/Texas/24-008749-003/2024(H5N1)	1498	0
HA|PP755589.1|A/cattle/Texas/24-008749-003/2024(H5N1)	1499	0
HA|PP755589.1|A/cattle/Texas/24-008749-003/2024(H5N1)	1500	0
HA|PP755589.1|A/cattle/Texas/24-008749-003/2024(H5N1)	1501	0
HA|PP755589.1|A/cattle/Texas/24-008749-003/2024(H5N1)	1502	0
HA|PP755589.1|A/cattle/Texas/24-008749-003/2024(H5N1)	1503	0
HA|PP755589.1|A/cattle/Texas/24-008749-003/2024(H5N1)	1504	0
HA|PP755589.1|A/cattle/Texas/24-008749-003/2024(H5N1)	1505	0
HA|PP755589.1|A/cattle/Texas/24-008749-003/2024(H5N1)	1506	0
HA|PP755589.1|A/cattle/Texas/24-008749-003/2024(H5N1)	1507	0
HA|PP755589.1|A/cattle/Texas/24-008749-003/2024(H5N1)	1508	0
HA|PP755589.1|A/cattle/Texas/24-008749-003/2024(H5N1)	1509	0
HA|PP755589.1|A/cattle/Texas/24-008749-003/2024(H5N1)	1510	0
HA|PP755589.1|A/cattle/Texas/24-008749-003/2024(H5N1)	1511	0
HA|PP755589.1|A/cattle/Texas/24-008749-003/2024(H5N1)	1512	0
HA|PP755589.1|A/cattle/Texas/24-008749-003/2024(H5N1)	1513	0
HA|PP755589.1|A/cattle/Texas/24-008749-003/2024(H5N1)	1514	0
HA|PP755589.1|A/cattle/Texas/24-008749-003/2024(H5N1)	1515	0
HA|PP755589.1|A/cattle/Texas/24-008749-003/2024(H5N1)	1516	0
HA|PP755589.1|A/cattle/Texas/24-008749-003/2024(H5N1)	1517	0
HA|PP755589.1|A/cattle/Texas/24-008749-003/2024(H5N1)	1518	0
HA|PP755589.1|A/cattle/Texas/24-008749-003/2024(H5N1)	1519	0
HA|PP755589.1|A/cattle/Texas/24-008749-003/2024(H5N1)	1520	0
HA|PP755589.1|A/cattle/Texas/24-008749-003/2024(H5N1)	1521	0
HA|PP755589.1|A/cattle/Texas/24-008749-003/2024(H5N1)	1522	0
HA|PP755589.1|A/cattle/Texas/24-008749-003/2024(H5N1)	1523	0
HA|PP755589.1|A/cattle/Texas/24-008749-003/2024(H5N1)	1524	0
HA|PP755589.1|A/cattle/Texas/24-008749-003/2024(H5N1)	1525	0
HA|PP755589.1|A/cattle/Texas/24-008749-003/2024(H5N1)	1526	0
HA|PP755589.1|A/cattle/Texas/24-008749-003/2024(H5N1)	1527	0
HA|PP755589.1|A/cattle/Texas/24-008749-003/2024(H5N1)	1528	0
HA|PP755589.1|A/cattle/Texas/24-008749-003/2024(H5N1)	1529	0
HA|PP755589.1|A/cattle/Texas/24-008749-003/2024(H5N1)	1530	0
HA|PP755589.1|A/cattle/Texas/24-008749-003/2024(H5N1)	1531	0
HA|PP755589.1|A/cattle/Texas/24-008749-003/2024(H5N1)	1532	0
HA|PP755589.1|A/cattle/Texas/24-008749-003/2024(H5N1)	1533	0
HA|PP755589.1|A/cattle/Texas/24-008749-003/2024(H5N1)	1534	0
HA|PP755589.1|A/cattle/Texas/24-008749-003/2024(H5N1)	1535	0
HA|PP755589.1|A/cattle/Texas/24-008749-003/2024(H5N1)	1536	0
HA|PP755589.1|A/cattle/Texas/24-008749-003/2024(H5N1)	1537	0
HA|PP755589.1|A/cattle/Texas/24-008749-003/2024(H5N1)	1538	0
HA|PP755589.1|A/cattle/Texas/24-008749-003/2024(H5N1)	1539	0
HA|PP755589.1|A/cattle/Texas/24-008749-003/2024(H5N1)	1540	0
HA|PP755589.1|A/cattle/Texas/24-008749-003/2024(H5N1)	1541	0
HA|PP755589.1|A/cattle/Texas/24-008749-003/2024(H5N1)	1542	0
HA|PP755589.1|A/cattle/Texas/24-008749-003/2024(H5N1)	1543	0
HA|PP755589.1|A/cattle/Texas/24-008749-003/2024(H5N1)	1544	0
HA|PP755589.1|A/cattle/Texas/24-008749-003/2024(H5N1)	1545	0
HA|PP755589.1|A/cattle/Texas/24-008749-003/2024(H5N1)	1546	0
HA|PP755589.1|A/cattle/Texas/24-008749-003/2024(H5N1)	1547	0
HA|PP755589.1|A/cattle/Texas/24-008749-003/2024(H5N1)	1548	0
HA|PP755589.1|A/cattle/Texas/24-008749-003/2024(H5N1)	1549	0
HA|PP755589.1|A/cattle/Texas/24-008749-003/2024(H5N1)	1550	0
HA|PP755589.1|A/cattle/Texas/24-008749-003/2024(H5N1)	1551	0
HA|PP755589.1|A/cattle/Texas/24-008749-003/2024(H5N1)	1552	0
HA|PP755589.1|A/cattle/Texas/24-008749-003/2024(H5N1)	1553	0
HA|PP755589.1|A/cattle/Texas/24-008749-003/2024(H5N1)	1554	0
HA|PP755589.1|A/cattle/Texas/24-008749-003/2024(H5N1)	1555	0
HA|PP755589.1|A/cattle/Texas/24-008749-003/2024(H5N1)	1556	0
HA|PP755589.1|A/cattle/Texas/24-008749-003/2024(H5N1)	1557	0
HA|PP755589.1|A/cattle/Texas/24-008749-003/2024(H5N1)	1558	0
HA|PP755589.1|A/cattle/Texas/24-008749-003/2024(H5N1)	1559	0
HA|PP755589.1|A/cattle/Texas/24-008749-003/2024(H5N1)	1560	0
HA|PP755589.1|A/cattle/Texas/24-008749-003/2024(H5N1)	1561	0
HA|PP755589.1|A/cattle/Texas/24-008749-003/2024(H5N1)	1562	0
HA|PP755589.1|A/cattle/Texas/24-008749-003/2024(H5N1)	1563	0
HA|PP755589.1|A/cattle/Texas/24-008749-003/2024(H5N1)	1564	0
HA|PP755589.1|A/cattle/Texas/24-008749-003/2024(H5N1)	1565	0
HA|PP755589.1|A/cattle/Texas/24-008749-003/2024(H5N1)	1566	0
HA|PP755589.1|A/cattle/Texas/24-008749-003/2024(H5N1)	1567	0
HA|PP755589.1|A/cattle/Texas/24-008749-003/2024(H5N1)	1568	0
HA|PP755589.1|A/cattle/Texas/24-008749-003/2024(H5N1)	1569	0
HA|PP755589.1|A/cattle/Texas/24-008749-003/2024(H5N1)	1570	0
HA|PP755589.1|A/cattle/Texas/24-008749-003/2024(H5N1)	1571	0
HA|PP755589.1|A/cattle/Texas/24-008749-003/2024(H5N1)	1572	0
HA|PP755589.1|A/cattle/Texas/24-008749-003/2024(H5N1)	1573	0
HA|PP755589.1|A/cattle/Texas/24-008749-003/2024(H5N1)	1574	0
HA|PP755589.1|A/cattle/Texas/24-008749-003/2024(H5N1)	1575	0
HA|PP755589.1|A/cattle/Texas/24-008749-003/2024(H5N1)	1576	0
HA|PP755589.1|A/cattle/Texas/24-008749-003/2024(H5N1)	1577	0
HA|PP755589.1|A/cattle/Texas/24-008749-003/2024(H5N1)	1578	0
HA|PP755589.1|A/cattle/Texas/24-008749-003/2024(H5N1)	1579	0
HA|PP755589.1|A/cattle/Texas/24-008749-003/2024(H5N1)	1580	0
HA|PP755589.1|A/cattle/Texas/24-008749-003/2024(H5N1)	1581	0
HA|PP755589.1|A/cattle/Texas/24-008749-003/2024(H5N1)	1582	0
HA|PP755589.1|A/cattle/Texas/24-008749-003/2024(H5N1)	1583	0
HA|PP755589.1|A/cattle/Texas/24-008749-003/2024(H5N1)	1584	0
HA|PP755589.1|A/cattle/Texas/24-008749-003/2024(H5N1)	1585	0
HA|PP755589.1|A/cattle/Texas/24-008749-003/2024(H5N1)	1586	0
HA|PP755589.1|A/cattle/Texas/24-008749-003/2024(H5N1)	1587	0
HA|PP755589.1|A/cattle/Texas/24-008749-003/2024(H5N1)	1588	0
HA|PP755589.1|A/cattle/Texas/24-008749-003/2024(H5N1)	1589	0
HA|PP755589.1|A/cattle/Texas/24-008749-003/2024(H5N1)	1590	0
HA|PP755589.1|A/cattle/Texas/24-008749-003/2024(H5N1)	1591	0
HA|PP755589.1|A/cattle/Texas/24-008749-003/2024(H5N1)	1592	0
HA|PP755589.1|A/cattle/Texas/24-008749-003/2024(H5N1)	1593	0
HA|PP755589.1|A/cattle/Texas/24-008749-003/2024(H5N1)	1594	0
HA|PP755589.1|A/cattle/Texas/24-008749-003/2024(H5N1)	1595	0
HA|PP755589.1|A/cattle/Texas/24-008749-003/2024(H5N1)	1596	0
HA|PP755589.1|A/cattle/Texas/24-008749-003/2024(H5N1)	1597	0
HA|PP755589.1|A/cattle/Texas/24-008749-003/2024(H5N1)	1598	0
HA|PP755589.1|A/cattle/Texas/24-008749-003/2024(H5N1)	1599	0
HA|PP755589.1|A/cattle/Texas/24-008749-003/2024(H5N1)	1600	0
HA|PP755589.1|A/cattle/Texas/24-008749-003/2024(H5N1)	1601	0
HA|PP755589.1|A/cattle/Texas/24-008749-003/2024(H5N1)	1602	0
HA|PP755589.1|A/cattle/Texas/24-008749-003/2024(H5N1)	1603	0
HA|PP755589.1|A/cattle/Texas/24-008749-003/2024(H5N1)	1604	0
HA|PP755589.1|A/cattle/Texas/24-008749-003/2024(H5N1)	1605	0
HA|PP755589.1|A/cattle/Texas/24-008749-003/2024(H5N1)	1606	0
HA|PP755589.1|A/cattle/Texas/24-008749-003/2024(H5N1)	1607	0
HA|PP755589.1|A/cattle/Texas/24-008749-003/2024(H5N1)	1608	0
HA|PP755589.1|A/cattle/Texas/24-008749-003/2024(H5N1)	1609	0
HA|PP755589.1|A/cattle/Texas/24-008749-003/2024(H5N1)	1610	0
HA|PP755589.1|A/cattle/Texas/24-008749-003/2024(H5N1)	1611	0
HA|PP755589.1|A/cattle/Texas/24-008749-003/2024(H5N1)	1612	0
HA|PP755589.1|A/cattle/Texas/24-008749-003/2024(H5N1)	1613	0
HA|PP755589.1|A/cattle/Texas/24-008749-003/2024(H5N1)	1614	0
HA|PP755589.1|A/cattle/Texas/24-008749-003/2024(H5N1)	1615	0
HA|PP755589.1|A/cattle/Texas/24-008749-003/2024(H5N1)	1616	0
HA|PP755589.1|A/cattle/Texas/24-008749-003/2024(H5N1)	1617	0
HA|PP755589.1|A/cattle/Texas/24-008749-003/2024(H5N1)	1618	0
HA|PP755589.1|A/cattle/Texas/24-008749-003/2024(H5N1)	1619	0
HA|PP755589.1|A/cattle/Texas/24-008749-003/2024(H5N1)	1620	0
HA|PP755589.1|A/cattle/Texas/24-008749-003/2024(H5N1)	1621	0
HA|PP755589.1|A/cattle/Texas/24-008749-003/2024(H5N1)	1622	0
HA|PP755589.1|A/cattle/Texas/24-008749-003/2024(H5N1)	1623	0
HA|PP755589.1|A/cattle/Texas/24-008749-003/2024(H5N1)	1624	0
HA|PP755589.1|A/cattle/Texas/24-008749-003/2024(H5N1)	1625	0
HA|PP755589.1|A/cattle/Texas/24-008749-003/2024(H5N1)	1626	0
HA|PP755589.1|A/cattle/Texas/24-008749-003/2024(H5N1)	1627	0
HA|PP755589.1|A/cattle/Texas/24-008749-003/2024(H5N1)	1628	1
HA|PP755589.1|A/cattle/Texas/24-008749-003/2024(H5N1)	1629	1
HA|PP755589.1|A/cattle/Texas/24-008749-003/2024(H5N1)	1630	1
HA|PP755589.1|A/cattle/Texas/24-008749-003/2024(H5N1)	1631	1
HA|PP755589.1|A/cattle/Texas/24-008749-003/2024(H5N1)	1632	1
HA|PP755589.1|A/cattle/Texas/24-008749-003/2024(H5N1)	1633	1
HA|PP755589.1|A/cattle/Texas/24-008749-003/2024(H5N1)	1634	1
HA|PP755589.1|A/cattle/Texas/24-008749-003/2024(H5N1)	1635	1
HA|PP755589.1|A/cattle/Texas/24-008749-003/2024(H5N1)	1636	1
HA|PP755589.1|A/cattle/Texas/24-008749-003/2024(H5N1)	1637	1
HA|PP755589.1|A/cattle/Texas/24-008749-003/2024(H5N1)	1638	1
HA|PP755589.1|A/cattle/Texas/24-008749-003/2024(H5N1)	1639	1
HA|PP755589.1|A/cattle/Texas/24-008749-003/2024(H5N1)	1640	1
HA|PP755589.1|A/cattle/Texas/24-008749-003/2024(H5N1)	1641	1
HA|PP755589.1|A/cattle/Texas/24-008749-003/2024(H5N1)	1642	1
HA|PP755589.1|A/cattle/Texas/24-008749-003/2024(H5N1)	1643	1
HA|PP755589.1|A/cattle/Texas/24-008749-003/2024(H5N1)	1644	1
HA|PP755589.1|A/cattle/Texas/24-008749-003/2024(H5N1)	1645	1
HA|PP755589.1|A/cattle/Texas/24-008749-003/2024(H5N1)	1646	1
HA|PP755589.1|A/cattle/Texas/24-008749-003/2024(H5N1)	1647	1
HA|PP755589.1|A/cattle/Texas/24-008749-003/2024(H5N1)	1648	1
HA|PP755589.1|A/cattle/Texas/24-008749-003/2024(H5N1)	1649	1
HA|PP755589.1|A/cattle/Texas/24-008749-003/2024(H5N1)	1650	1
HA|PP755589.1|A/cattle/Texas/24-008749-003/2024(H5N1)	1651	1
HA|PP755589.1|A/cattle/Texas/24-008749-003/2024(H5N1)	1652	1
HA|PP755589.1|A/cattle/Texas/24-008749-003/2024(H5N1)	1653	1
HA|PP755589.1|A/cattle/Texas/24-008749-003/2024(H5N1)	1654	1
HA|PP755589.1|A/cattle/Texas/24-008749-003/2024(H5N1)	1655	1
HA|PP755589.1|A/cattle/Texas/24-008749-003/2024(H5N1)	1656	1
HA|PP755589.1|A/cattle/Texas/24-008749-003/2024(H5N1)	1657	1
HA|PP755589.1|A/cattle/Texas/24-008749-003/2024(H5N1)	1658	1
HA|PP755589.1|A/cattle/Texas/24-008749-003/2024(H5N1)	1659	1
HA|PP755589.1|A/cattle/Texas/24-008749-003/2024(H5N1)	1660	1
HA|PP755589.1|A/cattle/Texas/24-008749-003/2024(H5N1)	1661	1
HA|PP755589.1|A/cattle/Texas/24-008749-003/2024(H5N1)	1662	1
HA|PP755589.1|A/cattle/Texas/24-008749-003/2024(H5N1)	1663	1
HA|PP755589.1|A/cattle/Texas/24-008749-003/2024(H5N1)	1664	1
HA|PP755589.1|A/cattle/Texas/24-008749-003/2024(H5N1)	1665	1
HA|PP755589.1|A/cattle/Texas/24-008749-003/2024(H5N1)	1666	1
HA|PP755589.1|A/cattle/Texas/24-008749-003/2024(H5N1)	1667	1
HA|PP755589.1|A/cattle/Texas/24-008749-003/2024(H5N1)	1668	1
HA|PP755589.1|A/cattle/Texas/24-008749-003/2024(H5N1)	1669	1
HA|PP755589.1|A/cattle/Texas/24-008749-003/2024(H5N1)	1670	1
HA|PP755589.1|A/cattle/Texas/24-008749-003/2024(H5N1)	1671	1
HA|PP755589.1|A/cattle/Texas/24-008749-003/2024(H5N1)	1672	1
HA|PP755589.1|A/cattle/Texas/24-008749-003/2024(H5N1)	1673	1
HA|PP755589.1|A/cattle/Texas/24-008749-003/2024(H5N1)	1674	1
HA|PP755589.1|A/cattle/Texas/24-008749-003/2024(H5N1)	1675	1
HA|PP755589.1|A/cattle/Texas/24-008749-003/2024(H5N1)	1676	1
HA|PP755589.1|A/cattle/Texas/24-008749-003/2024(H5N1)	1677	1
HA|PP755589.1|A/cattle/Texas/24-008749-003/2024(H5N1)	1678	1
HA|PP755589.1|A/cattle/Texas/24-008749-003/2024(H5N1)	1679	1
HA|PP755589.1|A/cattle/Texas/24-008749-003/2024(H5N1)	1680	1
HA|PP755589.1|A/cattle/Texas/24-008749-003/2024(H5N1)	1681	1
HA|PP755589.1|A/cattle/Texas/24-008749-003/2024(H5N1)	1682	1
HA|PP755589.1|A/cattle/Texas/24-008749-003/2024(H5N1)	1683	1
HA|PP755589.1|A/cattle/Texas/24-008749-003/2024(H5N1)	1684	1
HA|PP755589.1|A/cattle/Texas/24-008749-003/2024(H5N1)	1685	1
HA|PP755589.1|A/cattle/Texas/24-008749-003/2024(H5N1)	1686	1
HA|PP755589.1|A/cattle/Texas/24-008749-003/2024(H5N1)	1687	1
HA|PP755589.1|A/cattle/Texas/24-008749-003/2024(H5N1)	1688	1
HA|PP755589.1|A/cattle/Texas/24-008749-003/2024(H5N1)	1689	1
HA|PP755589.1|A/cattle/Texas/24-008749-003/2024(H5N1)	1690	1
HA|PP755589.1|A/cattle/Texas/24-008749-003/2024(H5N1)	1691	1
HA|PP755589.1|A/cattle/Texas/24-008749-003/2024(H5N1)	1692	1
HA|PP755589.1|A/cattle/Texas/24-008749-003/2024(H5N1)	1693	1
HA|PP755589.1|A/cattle/Texas/24-008749-003/2024(H5N1)	1694	1
HA|PP755589.1|A/cattle/Texas/24-008749-003/2024(H5N1)	1695	1
HA|PP755589.1|A/cattle/Texas/24-008749-003/2024(H5N1)	1696	1
HA|PP755589.1|A/cattle/Texas/24-008749-003/2024(H5N1)	1697	1
HA|PP755589.1|A/cattle/Texas/24-008749-003/2024(H5N1)	1698	1
HA|PP755589.1|A/cattle/Texas/24-008749-003/2024(H5N1)	1699	1
HA|PP755589.1|A/cattle/Texas/24-008749-003/2024(H5N1)	1700	1
HA|PP755589.1|A/cattle/Texas/24-008749-003/2024(H5N1)	1701	1
HA|PP755589.1|A/cattle/Texas/24-008749-003/2024(H5N1)	1702	1
HA|PP755589.1|A/cattle/Texas/24-008749-003/2024(H5N1)	1703	0
HA|PP755589.1|A/cattle/Texas/24-008749-003/2024(H5N1)	1704	0
