PA|PP755594.1|A/cattle/Texas/24-008749-003/2024(H5N1)	1	1986
PA|PP755594.1|A/cattle/Texas/24-008749-003/2024(H5N1)	2	1991
PA|PP755594.1|A/cattle/Texas/24-008749-003/2024(H5N1)	3	2012
PA|PP755594.1|A/cattle/Texas/24-008749-003/2024(H5N1)	4	2017
PA|PP755594.1|A/cattle/Texas/24-008749-003/2024(H5N1)	5	2019
PA|PP755594.1|A/cattle/Texas/24-008749-003/2024(H5N1)	6	2022
PA|PP755594.1|A/cattle/Texas/24-008749-003/2024(H5N1)	7	2047
PA|PP755594.1|A/cattle/Texas/24-008749-003/2024(H5N1)	8	2084
PA|PP755594.1|A/cattle/Texas/24-008749-003/2024(H5N1)	9	2101
PA|PP755594.1|A/cattle/Texas/24-008749-003/2024(H5N1)	10	2102
PA|PP755594.1|A/cattle/Texas/24-008749-003/2024(H5N1)	11	2129
PA|PP755594.1|A/cattle/Texas/24-008749-003/2024(H5N1)	12	2129
PA|PP755594.1|A/cattle/Texas/24-008749-003/2024(H5N1)	13	2163
PA|PP755594.1|A/cattle/Texas/24-008749-003/2024(H5N1)	14	2164
PA|PP755594.1|A/cattle/Texas/24-008749-003/2024(H5N1)	15	2164
PA|PP755594.1|A/cattle/Texas/24-008749-003/2024(H5N1)	16	2190
PA|PP755594.1|A/cattle/Texas/24-008749-003/2024(H5N1)	17	2190
PA|PP755594.1|A/cattle/Texas/24-008749-003/2024(H5N1)	18	2226
PA|PP755594.1|A/cattle/Texas/24-008749-003/2024(H5N1)	19	2254
PA|PP755594.1|A/cattle/Texas/24-008749-003/2024(H5N1)	20	2254
PA|PP755594.1|A/cattle/Texas/24-008749-003/2024(H5N1)	21	2265
PA|PP755594.1|A/cattle/Texas/24-008749-003/2024(H5N1)	22	2277
PA|PP755594.1|A/cattle/Texas/24-008749-003/2024(H5N1)	23	2354
PA|PP755594.1|A/cattle/Texas/24-008749-003/2024(H5N1)	24	2436
PA|PP755594.1|A/cattle/Texas/24-008749-003/2024(H5N1)	25	2436
PA|PP755594.1|A/cattle/Texas/24-008749-003/2024(H5N1)	26	2442
PA|PP755594.1|A/cattle/Texas/24-008749-003/2024(H5N1)	27	2443
PA|PP755594.1|A/cattle/Texas/24-008749-003/2024(H5N1)	28	2453
PA|PP755594.1|A/cattle/Texas/24-008749-003/2024(H5N1)	29	2580
PA|PP755594.1|A/cattle/Texas/24-008749-003/2024(H5N1)	30	2589
PA|PP755594.1|A/cattle/Texas/24-008749-003/2024(H5N1)	31	2594
PA|PP755594.1|A/cattle/Texas/24-008749-003/2024(H5N1)	32	2590
PA|PP755594.1|A/cattle/Texas/24-008749-003/2024(H5N1)	33	2594
PA|PP755594.1|A/cattle/Texas/24-008749-003/2024(H5N1)	34	2612
PA|PP755594.1|A/cattle/Texas/24-008749-003/2024(H5N1)	35	2627
PA|PP755594.1|A/cattle/Texas/24-008749-003/2024(H5N1)	36	2628
PA|PP755594.1|A/cattle/Texas/24-008749-003/2024(H5N1)	37	2658
PA|PP755594.1|A/cattle/Texas/24-008749-003/2024(H5N1)	38	2661
PA|PP755594.1|A/cattle/Texas/24-008749-003/2024(H5N1)	39	2685
PA|PP755594.1|A/cattle/Texas/24-008749-003/2024(H5N1)	40	2688
PA|PP755594.1|A/cattle/Texas/24-008749-003/2024(H5N1)	41	2691
PA|PP755594.1|A/cattle/Texas/24-008749-003/2024(H5N1)	42	2698
PA|PP755594.1|A/cattle/Texas/24-008749-003/2024(H5N1)	43	2698
PA|PP755594.1|A/cattle/Texas/24-008749-003/2024(H5N1)	44	2720
PA|PP755594.1|A/cattle/Texas/24-008749-003/2024(H5N1)	45	2723
PA|PP755594.1|A/cattle/Texas/24-008749-003/2024(H5N1)	46	2733
PA|PP755594.1|A/cattle/Texas/24-008749-003/2024(H5N1)	47	2734
PA|PP755594.1|A/cattle/Texas/24-008749-003/2024(H5N1)	48	2741
PA|PP755594.1|A/cattle/Texas/24-008749-003/2024(H5N1)	49	2753
PA|PP755594.1|A/cattle/Texas/24-008749-003/2024(H5N1)	50	2770
PA|PP755594.1|A/cattle/Texas/24-008749-003/2024(H5N1)	51	2779
PA|PP755594.1|A/cattle/Texas/24-008749-003/2024(H5N1)	52	2779
PA|PP755594.1|A/cattle/Texas/24-008749-003/2024(H5N1)	53	2776
PA|PP755594.1|A/cattle/Texas/24-008749-003/2024(H5N1)	54	2776
PA|PP755594.1|A/cattle/Texas/24-008749-003/2024(H5N1)	55	2705
PA|PP755594.1|A/cattle/Texas/24-008749-003/2024(H5N1)	56	2708
PA|PP755594.1|A/cattle/Texas/24-008749-003/2024(H5N1)	57	2732
PA|PP755594.1|A/cattle/Texas/24-008749-003/2024(H5N1)	58	2734
PA|PP755594.1|A/cattle/Texas/24-008749-003/2024(H5N1)	59	2760
PA|PP755594.1|A/cattle/Texas/24-008749-003/2024(H5N1)	60	2834
PA|PP755594.1|A/cattle/Texas/24-008749-003/2024(H5N1)	61	2858
PA|PP755594.1|A/cattle/Texas/24-008749-003/2024(H5N1)	62	2876
PA|PP755594.1|A/cattle/Texas/24-008749-003/2024(H5N1)	63	2902
PA|PP755594.1|A/cattle/Texas/24-008749-003/2024(H5N1)	64	2947
PA|PP755594.1|A/cattle/Texas/24-008749-003/2024(H5N1)	65	2952
PA|PP755594.1|A/cattle/Texas/24-008749-003/2024(H5N1)	66	2954
PA|PP755594.1|A/cattle/Texas/24-008749-003/2024(H5N1)	67	2999
PA|PP755594.1|A/cattle/Texas/24-008749-003/2024(H5N1)	68	3037
PA|PP755594.1|A/cattle/Texas/24-008749-003/2024(H5N1)	69	3271
PA|PP755594.1|A/cattle/Texas/24-008749-003/2024(H5N1)	70	3277
PA|PP755594.1|A/cattle/Texas/24-008749-003/2024(H5N1)	71	3300
PA|PP755594.1|A/cattle/Texas/24-008749-003/2024(H5N1)	72	3304
PA|PP755594.1|A/cattle/Texas/24-008749-003/2024(H5N1)	73	3290
PA|PP755594.1|A/cattle/Texas/24-008749-003/2024(H5N1)	74	3305
PA|PP755594.1|A/cattle/Texas/24-008749-003/2024(H5N1)	75	3305
PA|PP755594.1|A/cattle/Texas/24-008749-003/2024(H5N1)	76	3301
PA|PP755594.1|A/cattle/Texas/24-008749-003/2024(H5N1)	77	3308
PA|PP755594.1|A/cattle/Texas/24-008749-003/2024(H5N1)	78	3286
PA|PP755594.1|A/cattle/Texas/24-008749-003/2024(H5N1)	79	3300
PA|PP755594.1|A/cattle/Texas/24-008749-003/2024(H5N1)	80	3302
PA|PP755594.1|A/cattle/Texas/24-008749-003/2024(H5N1)	81	3307
PA|PP755594.1|A/cattle/Texas/24-008749-003/2024(H5N1)	82	3319
PA|PP755594.1|A/cattle/Texas/24-008749-003/2024(H5N1)	83	3331
PA|PP755594.1|A/cattle/Texas/24-008749-003/2024(H5N1)	84	3339
PA|PP755594.1|A/cattle/Texas/24-008749-003/2024(H5N1)	85	3339
PA|PP755594.1|A/cattle/Texas/24-008749-003/2024(H5N1)	86	3341
PA|PP755594.1|A/cattle/Texas/24-008749-003/2024(H5N1)	87	3346
PA|PP755594.1|A/cattle/Texas/24-008749-003/2024(H5N1)	88	3349
PA|PP755594.1|A/cattle/Texas/24-008749-003/2024(H5N1)	89	3349
PA|PP755594.1|A/cattle/Texas/24-008749-003/2024(H5N1)	90	3349
PA|PP755594.1|A/cattle/Texas/24-008749-003/2024(H5N1)	91	3349
PA|PP755594.1|A/cattle/Texas/24-008749-003/2024(H5N1)	92	3346
PA|PP755594.1|A/cattle/Texas/24-008749-003/2024(H5N1)	93	3173
PA|PP755594.1|A/cattle/Texas/24-008749-003/2024(H5N1)	94	3173
PA|PP755594.1|A/cattle/Texas/24-008749-003/2024(H5N1)	95	3173
PA|PP755594.1|A/cattle/Texas/24-008749-003/2024(H5N1)	96	3171
PA|PP755594.1|A/cattle/Texas/24-008749-003/2024(H5N1)	97	3203
PA|PP755594.1|A/cattle/Texas/24-008749-003/2024(H5N1)	98	3204
PA|PP755594.1|A/cattle/Texas/24-008749-003/2024(H5N1)	99	3204
PA|PP755594.1|A/cattle/Texas/24-008749-003/2024(H5N1)	100	3204
PA|PP755594.1|A/cattle/Texas/24-008749-003/2024(H5N1)	101	3200
PA|PP755594.1|A/cattle/Texas/24-008749-003/2024(H5N1)	102	3200
PA|PP755594.1|A/cattle/Texas/24-008749-003/2024(H5N1)	103	3201
PA|PP755594.1|A/cattle/Texas/24-008749-003/2024(H5N1)	104	3202
PA|PP755594.1|A/cattle/Texas/24-008749-003/2024(H5N1)	105	3202
PA|PP755594.1|A/cattle/Texas/24-008749-003/2024(H5N1)	106	3204
PA|PP755594.1|A/cattle/Texas/24-008749-003/2024(H5N1)	107	3273
PA|PP755594.1|A/cattle/Texas/24-008749-003/2024(H5N1)	108	3273
PA|PP755594.1|A/cattle/Texas/24-008749-003/2024(H5N1)	109	3628
PA|PP755594.1|A/cattle/Texas/24-008749-003/2024(H5N1)	110	3679
PA|PP755594.1|A/cattle/Texas/24-008749-003/2024(H5N1)	111	3743
PA|PP755594.1|A/cattle/Texas/24-008749-003/2024(H5N1)	112	3763
PA|PP755594.1|A/cattle/Texas/24-008749-003/2024(H5N1)	113	3768
PA|PP755594.1|A/cattle/Texas/24-008749-003/2024(H5N1)	114	3805
PA|PP755594.1|A/cattle/Texas/24-008749-003/2024(H5N1)	115	3805
PA|PP755594.1|A/cattle/Texas/24-008749-003/2024(H5N1)	116	3795
PA|PP755594.1|A/cattle/Texas/24-008749-003/2024(H5N1)	117	3794
PA|PP755594.1|A/cattle/Texas/24-008749-003/2024(H5N1)	118	3751
PA|PP755594.1|A/cattle/Texas/24-008749-003/2024(H5N1)	119	3740
PA|PP755594.1|A/cattle/Texas/24-008749-003/2024(H5N1)	120	3010
PA|PP755594.1|A/cattle/Texas/24-008749-003/2024(H5N1)	121	3167
PA|PP755594.1|A/cattle/Texas/24-008749-003/2024(H5N1)	122	3165
PA|PP755594.1|A/cattle/Texas/24-008749-003/2024(H5N1)	123	3152
PA|PP755594.1|A/cattle/Texas/24-008749-003/2024(H5N1)	124	3161
PA|PP755594.1|A/cattle/Texas/24-008749-003/2024(H5N1)	125	3162
PA|PP755594.1|A/cattle/Texas/24-008749-003/2024(H5N1)	126	3163
PA|PP755594.1|A/cattle/Texas/24-008749-003/2024(H5N1)	127	3669
PA|PP755594.1|A/cattle/Texas/24-008749-003/2024(H5N1)	128	3759
PA|PP755594.1|A/cattle/Texas/24-008749-003/2024(H5N1)	129	3778
PA|PP755594.1|A/cattle/Texas/24-008749-003/2024(H5N1)	130	3784
PA|PP755594.1|A/cattle/Texas/24-008749-003/2024(H5N1)	131	3759
PA|PP755594.1|A/cattle/Texas/24-008749-003/2024(H5N1)	132	3188
PA|PP755594.1|A/cattle/Texas/24-008749-003/2024(H5N1)	133	3187
PA|PP755594.1|A/cattle/Texas/24-008749-003/2024(H5N1)	134	3298
PA|PP755594.1|A/cattle/Texas/24-008749-003/2024(H5N1)	135	3306
PA|PP755594.1|A/cattle/Texas/24-008749-003/2024(H5N1)	136	3296
PA|PP755594.1|A/cattle/Texas/24-008749-003/2024(H5N1)	137	3296
PA|PP755594.1|A/cattle/Texas/24-008749-003/2024(H5N1)	138	3239
PA|PP755594.1|A/cattle/Texas/24-008749-003/2024(H5N1)	139	3235
PA|PP755594.1|A/cattle/Texas/24-008749-003/2024(H5N1)	140	3321
PA|PP755594.1|A/cattle/Texas/24-008749-003/2024(H5N1)	141	3343
PA|PP755594.1|A/cattle/Texas/24-008749-003/2024(H5N1)	142	3342
PA|PP755594.1|A/cattle/Texas/24-008749-003/2024(H5N1)	143	3318
PA|PP755594.1|A/cattle/Texas/24-008749-003/2024(H5N1)	144	3280
PA|PP755594.1|A/cattle/Texas/24-008749-003/2024(H5N1)	145	3269
PA|PP755594.1|A/cattle/Texas/24-008749-003/2024(H5N1)	146	3295
PA|PP755594.1|A/cattle/Texas/24-008749-003/2024(H5N1)	147	3289
PA|PP755594.1|A/cattle/Texas/24-008749-003/2024(H5N1)	148	3305
PA|PP755594.1|A/cattle/Texas/24-008749-003/2024(H5N1)	149	3305
PA|PP755594.1|A/cattle/Texas/24-008749-003/2024(H5N1)	150	3279
PA|PP755594.1|A/cattle/Texas/24-008749-003/2024(H5N1)	151	3282
PA|PP755594.1|A/cattle/Texas/24-008749-003/2024(H5N1)	152	3195
PA|PP755594.1|A/cattle/Texas/24-008749-003/2024(H5N1)	153	3212
PA|PP755594.1|A/cattle/Texas/24-008749-003/2024(H5N1)	154	3217
PA|PP755594.1|A/cattle/Texas/24-008749-003/2024(H5N1)	155	3216
PA|PP755594.1|A/cattle/Texas/24-008749-003/2024(H5N1)	156	3229
PA|PP755594.1|A/cattle/Texas/24-008749-003/2024(H5N1)	157	3217
PA|PP755594.1|A/cattle/Texas/24-008749-003/2024(H5N1)	158	3223
PA|PP755594.1|A/cattle/Texas/24-008749-003/2024(H5N1)	159	3174
PA|PP755594.1|A/cattle/Texas/24-008749-003/2024(H5N1)	160	3177
PA|PP755594.1|A/cattle/Texas/24-008749-003/2024(H5N1)	161	3193
PA|PP755594.1|A/cattle/Texas/24-008749-003/2024(H5N1)	162	3166
PA|PP755594.1|A/cattle/Texas/24-008749-003/2024(H5N1)	163	3174
PA|PP755594.1|A/cattle/Texas/24-008749-003/2024(H5N1)	164	3181
PA|PP755594.1|A/cattle/Texas/24-008749-003/2024(H5N1)	165	3122
PA|PP755594.1|A/cattle/Texas/24-008749-003/2024(H5N1)	166	3160
PA|PP755594.1|A/cattle/Texas/24-008749-003/2024(H5N1)	167	3137
PA|PP755594.1|A/cattle/Texas/24-008749-003/2024(H5N1)	168	3137
PA|PP755594.1|A/cattle/Texas/24-008749-003/2024(H5N1)	169	3093
PA|PP755594.1|A/cattle/Texas/24-008749-003/2024(H5N1)	170	3075
PA|PP755594.1|A/cattle/Texas/24-008749-003/2024(H5N1)	171	3124
PA|PP755594.1|A/cattle/Texas/24-008749-003/2024(H5N1)	172	3124
PA|PP755594.1|A/cattle/Texas/24-008749-003/2024(H5N1)	173	3117
PA|PP755594.1|A/cattle/Texas/24-008749-003/2024(H5N1)	174	3010
PA|PP755594.1|A/cattle/Texas/24-008749-003/2024(H5N1)	175	3002
PA|PP755594.1|A/cattle/Texas/24-008749-003/2024(H5N1)	176	3027
PA|PP755594.1|A/cattle/Texas/24-008749-003/2024(H5N1)	177	3053
PA|PP755594.1|A/cattle/Texas/24-008749-003/2024(H5N1)	178	3056
PA|PP755594.1|A/cattle/Texas/24-008749-003/2024(H5N1)	179	2987
PA|PP755594.1|A/cattle/Texas/24-008749-003/2024(H5N1)	180	2976
PA|PP755594.1|A/cattle/Texas/24-008749-003/2024(H5N1)	181	3241
PA|PP755594.1|A/cattle/Texas/24-008749-003/2024(H5N1)	182	3243
PA|PP755594.1|A/cattle/Texas/24-008749-003/2024(H5N1)	183	3245
PA|PP755594.1|A/cattle/Texas/24-008749-003/2024(H5N1)	184	3274
PA|PP755594.1|A/cattle/Texas/24-008749-003/2024(H5N1)	185	3252
PA|PP755594.1|A/cattle/Texas/24-008749-003/2024(H5N1)	186	3237
PA|PP755594.1|A/cattle/Texas/24-008749-003/2024(H5N1)	187	3240
PA|PP755594.1|A/cattle/Texas/24-008749-003/2024(H5N1)	188	3207
PA|PP755594.1|A/cattle/Texas/24-008749-003/2024(H5N1)	189	3202
PA|PP755594.1|A/cattle/Texas/24-008749-003/2024(H5N1)	190	3209
PA|PP755594.1|A/cattle/Texas/24-008749-003/2024(H5N1)	191	3329
PA|PP755594.1|A/cattle/Texas/24-008749-003/2024(H5N1)	192	3337
PA|PP755594.1|A/cattle/Texas/24-008749-003/2024(H5N1)	193	3328
PA|PP755594.1|A/cattle/Texas/24-008749-003/2024(H5N1)	194	3304
PA|PP755594.1|A/cattle/Texas/24-008749-003/2024(H5N1)	195	3315
PA|PP755594.1|A/cattle/Texas/24-008749-003/2024(H5N1)	196	3311
PA|PP755594.1|A/cattle/Texas/24-008749-003/2024(H5N1)	197	3312
PA|PP755594.1|A/cattle/Texas/24-008749-003/2024(H5N1)	198	3319
PA|PP755594.1|A/cattle/Texas/24-008749-003/2024(H5N1)	199	3314
PA|PP755594.1|A/cattle/Texas/24-008749-003/2024(H5N1)	200	3325
PA|PP755594.1|A/cattle/Texas/24-008749-003/2024(H5N1)	201	3340
PA|PP755594.1|A/cattle/Texas/24-008749-003/2024(H5N1)	202	3344
PA|PP755594.1|A/cattle/Texas/24-008749-003/2024(H5N1)	203	3344
PA|PP755594.1|A/cattle/Texas/24-008749-003/2024(H5N1)	204	3344
PA|PP755594.1|A/cattle/Texas/24-008749-003/2024(H5N1)	205	3342
PA|PP755594.1|A/cattle/Texas/24-008749-003/2024(H5N1)	206	3339
PA|PP755594.1|A/cattle/Texas/24-008749-003/2024(H5N1)	207	2936
PA|PP755594.1|A/cattle/Texas/24-008749-003/2024(H5N1)	208	2935
PA|PP755594.1|A/cattle/Texas/24-008749-003/2024(H5N1)	209	2922
PA|PP755594.1|A/cattle/Texas/24-008749-003/2024(H5N1)	210	2909
PA|PP755594.1|A/cattle/Texas/24-008749-003/2024(H5N1)	211	2880
PA|PP755594.1|A/cattle/Texas/24-008749-003/2024(H5N1)	212	2880
PA|PP755594.1|A/cattle/Texas/24-008749-003/2024(H5N1)	213	2878
PA|PP755594.1|A/cattle/Texas/24-008749-003/2024(H5N1)	214	2848
PA|PP755594.1|A/cattle/Texas/24-008749-003/2024(H5N1)	215	2859
PA|PP755594.1|A/cattle/Texas/24-008749-003/2024(H5N1)	216	2860
PA|PP755594.1|A/cattle/Texas/24-008749-003/2024(H5N1)	217	2863
PA|PP755594.1|A/cattle/Texas/24-008749-003/2024(H5N1)	218	2801
PA|PP755594.1|A/cattle/Texas/24-008749-003/2024(H5N1)	219	2795
PA|PP755594.1|A/cattle/Texas/24-008749-003/2024(H5N1)	220	2842
PA|PP755594.1|A/cattle/Texas/24-008749-003/2024(H5N1)	221	2846
PA|PP755594.1|A/cattle/Texas/24-008749-003/2024(H5N1)	222	2852
PA|PP755594.1|A/cattle/Texas/24-008749-003/2024(H5N1)	223	3255
PA|PP755594.1|A/cattle/Texas/24-008749-003/2024(H5N1)	224	3257
PA|PP755594.1|A/cattle/Texas/24-008749-003/2024(H5N1)	225	3292
PA|PP755594.1|A/cattle/Texas/24-008749-003/2024(H5N1)	226	3370
PA|PP755594.1|A/cattle/Texas/24-008749-003/2024(H5N1)	227	3370
PA|PP755594.1|A/cattle/Texas/24-008749-003/2024(H5N1)	228	3373
PA|PP755594.1|A/cattle/Texas/24-008749-003/2024(H5N1)	229	3376
PA|PP755594.1|A/cattle/Texas/24-008749-003/2024(H5N1)	230	3427
PA|PP755594.1|A/cattle/Texas/24-008749-003/2024(H5N1)	231	3433
PA|PP755594.1|A/cattle/Texas/24-008749-003/2024(H5N1)	232	3441
PA|PP755594.1|A/cattle/Texas/24-008749-003/2024(H5N1)	233	3433
PA|PP755594.1|A/cattle/Texas/24-008749-003/2024(H5N1)	234	3418
PA|PP755594.1|A/cattle/Texas/24-008749-003/2024(H5N1)	235	3419
PA|PP755594.1|A/cattle/Texas/24-008749-003/2024(H5N1)	236	3471
PA|PP755594.1|A/cattle/Texas/24-008749-003/2024(H5N1)	237	3487
PA|PP755594.1|A/cattle/Texas/24-008749-003/2024(H5N1)	238	3485
PA|PP755594.1|A/cattle/Texas/24-008749-003/2024(H5N1)	239	3498
PA|PP755594.1|A/cattle/Texas/24-008749-003/2024(H5N1)	240	3500
PA|PP755594.1|A/cattle/Texas/24-008749-003/2024(H5N1)	241	3539
PA|PP755594.1|A/cattle/Texas/24-008749-003/2024(H5N1)	242	3550
PA|PP755594.1|A/cattle/Texas/24-008749-003/2024(H5N1)	243	3504
PA|PP755594.1|A/cattle/Texas/24-008749-003/2024(H5N1)	244	3486
PA|PP755594.1|A/cattle/Texas/24-008749-003/2024(H5N1)	245	3472
PA|PP755594.1|A/cattle/Texas/24-008749-003/2024(H5N1)	246	3541
PA|PP755594.1|A/cattle/Texas/24-008749-003/2024(H5N1)	247	3540
PA|PP755594.1|A/cattle/Texas/24-008749-003/2024(H5N1)	248	3510
PA|PP755594.1|A/cattle/Texas/24-008749-003/2024(H5N1)	249	3505
PA|PP755594.1|A/cattle/Texas/24-008749-003/2024(H5N1)	250	3383
PA|PP755594.1|A/cattle/Texas/24-008749-003/2024(H5N1)	251	3433
PA|PP755594.1|A/cattle/Texas/24-008749-003/2024(H5N1)	252	3583
PA|PP755594.1|A/cattle/Texas/24-008749-003/2024(H5N1)	253	3591
PA|PP755594.1|A/cattle/Texas/24-008749-003/2024(H5N1)	254	3680
PA|PP755594.1|A/cattle/Texas/24-008749-003/2024(H5N1)	255	3686
PA|PP755594.1|A/cattle/Texas/24-008749-003/2024(H5N1)	256	3690
PA|PP755594.1|A/cattle/Texas/24-008749-003/2024(H5N1)	257	3688
PA|PP755594.1|A/cattle/Texas/24-008749-003/2024(H5N1)	258	3863
PA|PP755594.1|A/cattle/Texas/24-008749-003/2024(H5N1)	259	3873
PA|PP755594.1|A/cattle/Texas/24-008749-003/2024(H5N1)	260	3738
PA|PP755594.1|A/cattle/Texas/24-008749-003/2024(H5N1)	261	3695
PA|PP755594.1|A/cattle/Texas/24-008749-003/2024(H5N1)	262	3672
PA|PP755594.1|A/cattle/Texas/24-008749-003/2024(H5N1)	263	3707
PA|PP755594.1|A/cattle/Texas/24-008749-003/2024(H5N1)	264	3710
PA|PP755594.1|A/cattle/Texas/24-008749-003/2024(H5N1)	265	3681
PA|PP755594.1|A/cattle/Texas/24-008749-003/2024(H5N1)	266	3673
PA|PP755594.1|A/cattle/Texas/24-008749-003/2024(H5N1)	267	3439
PA|PP755594.1|A/cattle/Texas/24-008749-003/2024(H5N1)	268	3456
PA|PP755594.1|A/cattle/Texas/24-008749-003/2024(H5N1)	269	3442
PA|PP755594.1|A/cattle/Texas/24-008749-003/2024(H5N1)	270	3427
PA|PP755594.1|A/cattle/Texas/24-008749-003/2024(H5N1)	271	3427
PA|PP755594.1|A/cattle/Texas/24-008749-003/2024(H5N1)	272	3277
PA|PP755594.1|A/cattle/Texas/24-008749-003/2024(H5N1)	273	3257
PA|PP755594.1|A/cattle/Texas/24-008749-003/2024(H5N1)	274	3285
PA|PP755594.1|A/cattle/Texas/24-008749-003/2024(H5N1)	275	3277
PA|PP755594.1|A/cattle/Texas/24-008749-003/2024(H5N1)	276	3276
PA|PP755594.1|A/cattle/Texas/24-008749-003/2024(H5N1)	277	3043
PA|PP755594.1|A/cattle/Texas/24-008749-003/2024(H5N1)	278	3040
PA|PP755594.1|A/cattle/Texas/24-008749-003/2024(H5N1)	279	2947
PA|PP755594.1|A/cattle/Texas/24-008749-003/2024(H5N1)	280	2952
PA|PP755594.1|A/cattle/Texas/24-008749-003/2024(H5N1)	281	2953
PA|PP755594.1|A/cattle/Texas/24-008749-003/2024(H5N1)	282	2859
PA|PP755594.1|A/cattle/Texas/24-008749-003/2024(H5N1)	283	2868
PA|PP755594.1|A/cattle/Texas/24-008749-003/2024(H5N1)	284	2869
PA|PP755594.1|A/cattle/Texas/24-008749-003/2024(H5N1)	285	2881
PA|PP755594.1|A/cattle/Texas/24-008749-003/2024(H5N1)	286	2882
PA|PP755594.1|A/cattle/Texas/24-008749-003/2024(H5N1)	287	2879
PA|PP755594.1|A/cattle/Texas/24-008749-003/2024(H5N1)	288	2893
PA|PP755594.1|A/cattle/Texas/24-008749-003/2024(H5N1)	289	2883
PA|PP755594.1|A/cattle/Texas/24-008749-003/2024(H5N1)	290	2987
PA|PP755594.1|A/cattle/Texas/24-008749-003/2024(H5N1)	291	2877
PA|PP755594.1|A/cattle/Texas/24-008749-003/2024(H5N1)	292	2887
PA|PP755594.1|A/cattle/Texas/24-008749-003/2024(H5N1)	293	2873
PA|PP755594.1|A/cattle/Texas/24-008749-003/2024(H5N1)	294	2804
PA|PP755594.1|A/cattle/Texas/24-008749-003/2024(H5N1)	295	2810
PA|PP755594.1|A/cattle/Texas/24-008749-003/2024(H5N1)	296	2811
PA|PP755594.1|A/cattle/Texas/24-008749-003/2024(H5N1)	297	2770
PA|PP755594.1|A/cattle/Texas/24-008749-003/2024(H5N1)	298	2778
PA|PP755594.1|A/cattle/Texas/24-008749-003/2024(H5N1)	299	2785
PA|PP755594.1|A/cattle/Texas/24-008749-003/2024(H5N1)	300	2781
PA|PP755594.1|A/cattle/Texas/24-008749-003/2024(H5N1)	301	2781
PA|PP755594.1|A/cattle/Texas/24-008749-003/2024(H5N1)	302	2776
PA|PP755594.1|A/cattle/Texas/24-008749-003/2024(H5N1)	303	2767
PA|PP755594.1|A/cattle/Texas/24-008749-003/2024(H5N1)	304	2790
PA|PP755594.1|A/cattle/Texas/24-008749-003/2024(H5N1)	305	2783
PA|PP755594.1|A/cattle/Texas/24-008749-003/2024(H5N1)	306	2785
PA|PP755594.1|A/cattle/Texas/24-008749-003/2024(H5N1)	307	2776
PA|PP755594.1|A/cattle/Texas/24-008749-003/2024(H5N1)	308	2764
PA|PP755594.1|A/cattle/Texas/24-008749-003/2024(H5N1)	309	2758
PA|PP755594.1|A/cattle/Texas/24-008749-003/2024(H5N1)	310	2761
PA|PP755594.1|A/cattle/Texas/24-008749-003/2024(H5N1)	311	2757
PA|PP755594.1|A/cattle/Texas/24-008749-003/2024(H5N1)	312	2736
PA|PP755594.1|A/cattle/Texas/24-008749-003/2024(H5N1)	313	2766
PA|PP755594.1|A/cattle/Texas/24-008749-003/2024(H5N1)	314	2749
PA|PP755594.1|A/cattle/Texas/24-008749-003/2024(H5N1)	315	2714
PA|PP755594.1|A/cattle/Texas/24-008749-003/2024(H5N1)	316	2652
PA|PP755594.1|A/cattle/Texas/24-008749-003/2024(H5N1)	317	2652
PA|PP755594.1|A/cattle/Texas/24-008749-003/2024(H5N1)	318	2632
PA|PP755594.1|A/cattle/Texas/24-008749-003/2024(H5N1)	319	2634
PA|PP755594.1|A/cattle/Texas/24-008749-003/2024(H5N1)	320	2615
PA|PP755594.1|A/cattle/Texas/24-008749-003/2024(H5N1)	321	2595
PA|PP755594.1|A/cattle/Texas/24-008749-003/2024(H5N1)	322	2595
PA|PP755594.1|A/cattle/Texas/24-008749-003/2024(H5N1)	323	2601
PA|PP755594.1|A/cattle/Texas/24-008749-003/2024(H5N1)	324	2597
PA|PP755594.1|A/cattle/Texas/24-008749-003/2024(H5N1)	325	2597
PA|PP755594.1|A/cattle/Texas/24-008749-003/2024(H5N1)	326	2590
PA|PP755594.1|A/cattle/Texas/24-008749-003/2024(H5N1)	327	2581
PA|PP755594.1|A/cattle/Texas/24-008749-003/2024(H5N1)	328	2460
PA|PP755594.1|A/cattle/Texas/24-008749-003/2024(H5N1)	329	2451
PA|PP755594.1|A/cattle/Texas/24-008749-003/2024(H5N1)	330	2432
PA|PP755594.1|A/cattle/Texas/24-008749-003/2024(H5N1)	331	2407
PA|PP755594.1|A/cattle/Texas/24-008749-003/2024(H5N1)	332	2165
PA|PP755594.1|A/cattle/Texas/24-008749-003/2024(H5N1)	333	1952
PA|PP755594.1|A/cattle/Texas/24-008749-003/2024(H5N1)	334	1951
PA|PP755594.1|A/cattle/Texas/24-008749-003/2024(H5N1)	335	1940
PA|PP755594.1|A/cattle/Texas/24-008749-003/2024(H5N1)	336	1936
PA|PP755594.1|A/cattle/Texas/24-008749-003/2024(H5N1)	337	1933
PA|PP755594.1|A/cattle/Texas/24-008749-003/2024(H5N1)	338	1929
PA|PP755594.1|A/cattle/Texas/24-008749-003/2024(H5N1)	339	1929
PA|PP755594.1|A/cattle/Texas/24-008749-003/2024(H5N1)	340	1929
PA|PP755594.1|A/cattle/Texas/24-008749-003/2024(H5N1)	341	1929
PA|PP755594.1|A/cattle/Texas/24-008749-003/2024(H5N1)	342	1929
PA|PP755594.1|A/cattle/Texas/24-008749-003/2024(H5N1)	343	1929
PA|PP755594.1|A/cattle/Texas/24-008749-003/2024(H5N1)	344	1929
PA|PP755594.1|A/cattle/Texas/24-008749-003/2024(H5N1)	345	1928
PA|PP755594.1|A/cattle/Texas/24-008749-003/2024(H5N1)	346	1910
PA|PP755594.1|A/cattle/Texas/24-008749-003/2024(H5N1)	347	1910
PA|PP755594.1|A/cattle/Texas/24-008749-003/2024(H5N1)	348	1910
PA|PP755594.1|A/cattle/Texas/24-008749-003/2024(H5N1)	349	1909
PA|PP755594.1|A/cattle/Texas/24-008749-003/2024(H5N1)	350	1907
PA|PP755594.1|A/cattle/Texas/24-008749-003/2024(H5N1)	351	1874
PA|PP755594.1|A/cattle/Texas/24-008749-003/2024(H5N1)	352	1869
PA|PP755594.1|A/cattle/Texas/24-008749-003/2024(H5N1)	353	1865
PA|PP755594.1|A/cattle/Texas/24-008749-003/2024(H5N1)	354	1863
PA|PP755594.1|A/cattle/Texas/24-008749-003/2024(H5N1)	355	1860
PA|PP755594.1|A/cattle/Texas/24-008749-003/2024(H5N1)	356	1842
PA|PP755594.1|A/cattle/Texas/24-008749-003/2024(H5N1)	357	1796
PA|PP755594.1|A/cattle/Texas/24-008749-003/2024(H5N1)	358	1790
PA|PP755594.1|A/cattle/Texas/24-008749-003/2024(H5N1)	359	1785
PA|PP755594.1|A/cattle/Texas/24-008749-003/2024(H5N1)	360	1740
PA|PP755594.1|A/cattle/Texas/24-008749-003/2024(H5N1)	361	1740
PA|PP755594.1|A/cattle/Texas/24-008749-003/2024(H5N1)	362	1595
PA|PP755594.1|A/cattle/Texas/24-008749-003/2024(H5N1)	363	1592
PA|PP755594.1|A/cattle/Texas/24-008749-003/2024(H5N1)	364	1560
PA|PP755594.1|A/cattle/Texas/24-008749-003/2024(H5N1)	365	1507
PA|PP755594.1|A/cattle/Texas/24-008749-003/2024(H5N1)	366	346
PA|PP755594.1|A/cattle/Texas/24-008749-003/2024(H5N1)	367	345
PA|PP755594.1|A/cattle/Texas/24-008749-003/2024(H5N1)	368	341
PA|PP755594.1|A/cattle/Texas/24-008749-003/2024(H5N1)	369	340
PA|PP755594.1|A/cattle/Texas/24-008749-003/2024(H5N1)	370	340
PA|PP755594.1|A/cattle/Texas/24-008749-003/2024(H5N1)	371	339
PA|PP755594.1|A/cattle/Texas/24-008749-003/2024(H5N1)	372	339
PA|PP755594.1|A/cattle/Texas/24-008749-003/2024(H5N1)	373	339
PA|PP755594.1|A/cattle/Texas/24-008749-003/2024(H5N1)	374	339
PA|PP755594.1|A/cattle/Texas/24-008749-003/2024(H5N1)	375	339
PA|PP755594.1|A/cattle/Texas/24-008749-003/2024(H5N1)	376	339
PA|PP755594.1|A/cattle/Texas/24-008749-003/2024(H5N1)	377	339
PA|PP755594.1|A/cattle/Texas/24-008749-003/2024(H5N1)	378	339
PA|PP755594.1|A/cattle/Texas/24-008749-003/2024(H5N1)	379	339
PA|PP755594.1|A/cattle/Texas/24-008749-003/2024(H5N1)	380	339
PA|PP755594.1|A/cattle/Texas/24-008749-003/2024(H5N1)	381	339
PA|PP755594.1|A/cattle/Texas/24-008749-003/2024(H5N1)	382	339
PA|PP755594.1|A/cattle/Texas/24-008749-003/2024(H5N1)	383	339
PA|PP755594.1|A/cattle/Texas/24-008749-003/2024(H5N1)	384	339
PA|PP755594.1|A/cattle/Texas/24-008749-003/2024(H5N1)	385	339
PA|PP755594.1|A/cattle/Texas/24-008749-003/2024(H5N1)	386	339
PA|PP755594.1|A/cattle/Texas/24-008749-003/2024(H5N1)	387	339
PA|PP755594.1|A/cattle/Texas/24-008749-003/2024(H5N1)	388	339
PA|PP755594.1|A/cattle/Texas/24-008749-003/2024(H5N1)	389	339
PA|PP755594.1|A/cattle/Texas/24-008749-003/2024(H5N1)	390	339
PA|PP755594.1|A/cattle/Texas/24-008749-003/2024(H5N1)	391	339
PA|PP755594.1|A/cattle/Texas/24-008749-003/2024(H5N1)	392	339
PA|PP755594.1|A/cattle/Texas/24-008749-003/2024(H5N1)	393	339
PA|PP755594.1|A/cattle/Texas/24-008749-003/2024(H5N1)	394	339
PA|PP755594.1|A/cattle/Texas/24-008749-003/2024(H5N1)	395	339
PA|PP755594.1|A/cattle/Texas/24-008749-003/2024(H5N1)	396	339
PA|PP755594.1|A/cattle/Texas/24-008749-003/2024(H5N1)	397	347
PA|PP755594.1|A/cattle/Texas/24-008749-003/2024(H5N1)	398	348
PA|PP755594.1|A/cattle/Texas/24-008749-003/2024(H5N1)	399	348
PA|PP755594.1|A/cattle/Texas/24-008749-003/2024(H5N1)	400	2883
PA|PP755594.1|A/cattle/Texas/24-008749-003/2024(H5N1)	401	2892
PA|PP755594.1|A/cattle/Texas/24-008749-003/2024(H5N1)	402	2897
PA|PP755594.1|A/cattle/Texas/24-008749-003/2024(H5N1)	403	2909
PA|PP755594.1|A/cattle/Texas/24-008749-003/2024(H5N1)	404	2952
PA|PP755594.1|A/cattle/Texas/24-008749-003/2024(H5N1)	405	2958
PA|PP755594.1|A/cattle/Texas/24-008749-003/2024(H5N1)	406	2958
PA|PP755594.1|A/cattle/Texas/24-008749-003/2024(H5N1)	407	2974
PA|PP755594.1|A/cattle/Texas/24-008749-003/2024(H5N1)	408	2976
PA|PP755594.1|A/cattle/Texas/24-008749-003/2024(H5N1)	409	3015
PA|PP755594.1|A/cattle/Texas/24-008749-003/2024(H5N1)	410	3019
PA|PP755594.1|A/cattle/Texas/24-008749-003/2024(H5N1)	411	3040
PA|PP755594.1|A/cattle/Texas/24-008749-003/2024(H5N1)	412	3043
PA|PP755594.1|A/cattle/Texas/24-008749-003/2024(H5N1)	413	3048
PA|PP755594.1|A/cattle/Texas/24-008749-003/2024(H5N1)	414	3196
PA|PP755594.1|A/cattle/Texas/24-008749-003/2024(H5N1)	415	3281
PA|PP755594.1|A/cattle/Texas/24-008749-003/2024(H5N1)	416	3283
PA|PP755594.1|A/cattle/Texas/24-008749-003/2024(H5N1)	417	3311
PA|PP755594.1|A/cattle/Texas/24-008749-003/2024(H5N1)	418	3315
PA|PP755594.1|A/cattle/Texas/24-008749-003/2024(H5N1)	419	3187
PA|PP755594.1|A/cattle/Texas/24-008749-003/2024(H5N1)	420	3085
PA|PP755594.1|A/cattle/Texas/24-008749-003/2024(H5N1)	421	3083
PA|PP755594.1|A/cattle/Texas/24-008749-003/2024(H5N1)	422	3092
PA|PP755594.1|A/cattle/Texas/24-008749-003/2024(H5N1)	423	3094
PA|PP755594.1|A/cattle/Texas/24-008749-003/2024(H5N1)	424	3100
PA|PP755594.1|A/cattle/Texas/24-008749-003/2024(H5N1)	425	3099
PA|PP755594.1|A/cattle/Texas/24-008749-003/2024(H5N1)	426	3088
PA|PP755594.1|A/cattle/Texas/24-008749-003/2024(H5N1)	427	3207
PA|PP755594.1|A/cattle/Texas/24-008749-003/2024(H5N1)	428	3225
PA|PP755594.1|A/cattle/Texas/24-008749-003/2024(H5N1)	429	3228
PA|PP755594.1|A/cattle/Texas/24-008749-003/2024(H5N1)	430	3257
PA|PP755594.1|A/cattle/Texas/24-008749-003/2024(H5N1)	431	3252
PA|PP755594.1|A/cattle/Texas/24-008749-003/2024(H5N1)	432	3089
PA|PP755594.1|A/cattle/Texas/24-008749-003/2024(H5N1)	433	3094
PA|PP755594.1|A/cattle/Texas/24-008749-003/2024(H5N1)	434	3093
PA|PP755594.1|A/cattle/Texas/24-008749-003/2024(H5N1)	435	3082
PA|PP755594.1|A/cattle/Texas/24-008749-003/2024(H5N1)	436	3253
PA|PP755594.1|A/cattle/Texas/24-008749-003/2024(H5N1)	437	3342
PA|PP755594.1|A/cattle/Texas/24-008749-003/2024(H5N1)	438	3316
PA|PP755594.1|A/cattle/Texas/24-008749-003/2024(H5N1)	439	3279
PA|PP755594.1|A/cattle/Texas/24-008749-003/2024(H5N1)	440	3288
PA|PP755594.1|A/cattle/Texas/24-008749-003/2024(H5N1)	441	3138
PA|PP755594.1|A/cattle/Texas/24-008749-003/2024(H5N1)	442	3144
PA|PP755594.1|A/cattle/Texas/24-008749-003/2024(H5N1)	443	3133
PA|PP755594.1|A/cattle/Texas/24-008749-003/2024(H5N1)	444	3116
PA|PP755594.1|A/cattle/Texas/24-008749-003/2024(H5N1)	445	3121
PA|PP755594.1|A/cattle/Texas/24-008749-003/2024(H5N1)	446	3157
PA|PP755594.1|A/cattle/Texas/24-008749-003/2024(H5N1)	447	3172
PA|PP755594.1|A/cattle/Texas/24-008749-003/2024(H5N1)	448	3174
PA|PP755594.1|A/cattle/Texas/24-008749-003/2024(H5N1)	449	3165
PA|PP755594.1|A/cattle/Texas/24-008749-003/2024(H5N1)	450	3158
PA|PP755594.1|A/cattle/Texas/24-008749-003/2024(H5N1)	451	3185
PA|PP755594.1|A/cattle/Texas/24-008749-003/2024(H5N1)	452	3189
PA|PP755594.1|A/cattle/Texas/24-008749-003/2024(H5N1)	453	3176
PA|PP755594.1|A/cattle/Texas/24-008749-003/2024(H5N1)	454	3199
PA|PP755594.1|A/cattle/Texas/24-008749-003/2024(H5N1)	455	3210
PA|PP755594.1|A/cattle/Texas/24-008749-003/2024(H5N1)	456	3208
PA|PP755594.1|A/cattle/Texas/24-008749-003/2024(H5N1)	457	3184
PA|PP755594.1|A/cattle/Texas/24-008749-003/2024(H5N1)	458	3166
PA|PP755594.1|A/cattle/Texas/24-008749-003/2024(H5N1)	459	3167
PA|PP755594.1|A/cattle/Texas/24-008749-003/2024(H5N1)	460	3288
PA|PP755594.1|A/cattle/Texas/24-008749-003/2024(H5N1)	461	3296
PA|PP755594.1|A/cattle/Texas/24-008749-003/2024(H5N1)	462	3294
PA|PP755594.1|A/cattle/Texas/24-008749-003/2024(H5N1)	463	3264
PA|PP755594.1|A/cattle/Texas/24-008749-003/2024(H5N1)	464	3243
PA|PP755594.1|A/cattle/Texas/24-008749-003/2024(H5N1)	465	3257
PA|PP755594.1|A/cattle/Texas/24-008749-003/2024(H5N1)	466	3250
PA|PP755594.1|A/cattle/Texas/24-008749-003/2024(H5N1)	467	3236
PA|PP755594.1|A/cattle/Texas/24-008749-003/2024(H5N1)	468	3230
PA|PP755594.1|A/cattle/Texas/24-008749-003/2024(H5N1)	469	3207
PA|PP755594.1|A/cattle/Texas/24-008749-003/2024(H5N1)	470	3203
PA|PP755594.1|A/cattle/Texas/24-008749-003/2024(H5N1)	471	3113
PA|PP755594.1|A/cattle/Texas/24-008749-003/2024(H5N1)	472	3142
PA|PP755594.1|A/cattle/Texas/24-008749-003/2024(H5N1)	473	3124
PA|PP755594.1|A/cattle/Texas/24-008749-003/2024(H5N1)	474	3115
PA|PP755594.1|A/cattle/Texas/24-008749-003/2024(H5N1)	475	3129
PA|PP755594.1|A/cattle/Texas/24-008749-003/2024(H5N1)	476	3130
PA|PP755594.1|A/cattle/Texas/24-008749-003/2024(H5N1)	477	3088
PA|PP755594.1|A/cattle/Texas/24-008749-003/2024(H5N1)	478	3462
PA|PP755594.1|A/cattle/Texas/24-008749-003/2024(H5N1)	479	3554
PA|PP755594.1|A/cattle/Texas/24-008749-003/2024(H5N1)	480	3594
PA|PP755594.1|A/cattle/Texas/24-008749-003/2024(H5N1)	481	3625
PA|PP755594.1|A/cattle/Texas/24-008749-003/2024(H5N1)	482	3621
PA|PP755594.1|A/cattle/Texas/24-008749-003/2024(H5N1)	483	3541
PA|PP755594.1|A/cattle/Texas/24-008749-003/2024(H5N1)	484	3545
PA|PP755594.1|A/cattle/Texas/24-008749-003/2024(H5N1)	485	3587
PA|PP755594.1|A/cattle/Texas/24-008749-003/2024(H5N1)	486	3610
PA|PP755594.1|A/cattle/Texas/24-008749-003/2024(H5N1)	487	3411
PA|PP755594.1|A/cattle/Texas/24-008749-003/2024(H5N1)	488	3386
PA|PP755594.1|A/cattle/Texas/24-008749-003/2024(H5N1)	489	3361
PA|PP755594.1|A/cattle/Texas/24-008749-003/2024(H5N1)	490	3358
PA|PP755594.1|A/cattle/Texas/24-008749-003/2024(H5N1)	491	3408
PA|PP755594.1|A/cattle/Texas/24-008749-003/2024(H5N1)	492	3406
PA|PP755594.1|A/cattle/Texas/24-008749-003/2024(H5N1)	493	3431
PA|PP755594.1|A/cattle/Texas/24-008749-003/2024(H5N1)	494	3414
PA|PP755594.1|A/cattle/Texas/24-008749-003/2024(H5N1)	495	3420
PA|PP755594.1|A/cattle/Texas/24-008749-003/2024(H5N1)	496	3422
PA|PP755594.1|A/cattle/Texas/24-008749-003/2024(H5N1)	497	3482
PA|PP755594.1|A/cattle/Texas/24-008749-003/2024(H5N1)	498	3474
PA|PP755594.1|A/cattle/Texas/24-008749-003/2024(H5N1)	499	3477
PA|PP755594.1|A/cattle/Texas/24-008749-003/2024(H5N1)	500	3485
PA|PP755594.1|A/cattle/Texas/24-008749-003/2024(H5N1)	501	3478
PA|PP755594.1|A/cattle/Texas/24-008749-003/2024(H5N1)	502	3453
PA|PP755594.1|A/cattle/Texas/24-008749-003/2024(H5N1)	503	3485
PA|PP755594.1|A/cattle/Texas/24-008749-003/2024(H5N1)	504	3480
PA|PP755594.1|A/cattle/Texas/24-008749-003/2024(H5N1)	505	3486
PA|PP755594.1|A/cattle/Texas/24-008749-003/2024(H5N1)	506	3471
PA|PP755594.1|A/cattle/Texas/24-008749-003/2024(H5N1)	507	3446
PA|PP755594.1|A/cattle/Texas/24-008749-003/2024(H5N1)	508	3421
PA|PP755594.1|A/cattle/Texas/24-008749-003/2024(H5N1)	509	3407
PA|PP755594.1|A/cattle/Texas/24-008749-003/2024(H5N1)	510	3376
PA|PP755594.1|A/cattle/Texas/24-008749-003/2024(H5N1)	511	3423
PA|PP755594.1|A/cattle/Texas/24-008749-003/2024(H5N1)	512	3367
PA|PP755594.1|A/cattle/Texas/24-008749-003/2024(H5N1)	513	3332
PA|PP755594.1|A/cattle/Texas/24-008749-003/2024(H5N1)	514	3603
PA|PP755594.1|A/cattle/Texas/24-008749-003/2024(H5N1)	515	3656
PA|PP755594.1|A/cattle/Texas/24-008749-003/2024(H5N1)	516	3673
PA|PP755594.1|A/cattle/Texas/24-008749-003/2024(H5N1)	517	3660
PA|PP755594.1|A/cattle/Texas/24-008749-003/2024(H5N1)	518	3586
PA|PP755594.1|A/cattle/Texas/24-008749-003/2024(H5N1)	519	3496
PA|PP755594.1|A/cattle/Texas/24-008749-003/2024(H5N1)	520	3503
PA|PP755594.1|A/cattle/Texas/24-008749-003/2024(H5N1)	521	3499
PA|PP755594.1|A/cattle/Texas/24-008749-003/2024(H5N1)	522	3432
PA|PP755594.1|A/cattle/Texas/24-008749-003/2024(H5N1)	523	3453
PA|PP755594.1|A/cattle/Texas/24-008749-003/2024(H5N1)	524	3420
PA|PP755594.1|A/cattle/Texas/24-008749-003/2024(H5N1)	525	3492
PA|PP755594.1|A/cattle/Texas/24-008749-003/2024(H5N1)	526	3602
PA|PP755594.1|A/cattle/Texas/24-008749-003/2024(H5N1)	527	3624
PA|PP755594.1|A/cattle/Texas/24-008749-003/2024(H5N1)	528	3590
PA|PP755594.1|A/cattle/Texas/24-008749-003/2024(H5N1)	529	3568
PA|PP755594.1|A/cattle/Texas/24-008749-003/2024(H5N1)	530	3652
PA|PP755594.1|A/cattle/Texas/24-008749-003/2024(H5N1)	531	3627
PA|PP755594.1|A/cattle/Texas/24-008749-003/2024(H5N1)	532	3636
PA|PP755594.1|A/cattle/Texas/24-008749-003/2024(H5N1)	533	3632
PA|PP755594.1|A/cattle/Texas/24-008749-003/2024(H5N1)	534	3569
PA|PP755594.1|A/cattle/Texas/24-008749-003/2024(H5N1)	535	3552
PA|PP755594.1|A/cattle/Texas/24-008749-003/2024(H5N1)	536	3565
PA|PP755594.1|A/cattle/Texas/24-008749-003/2024(H5N1)	537	3523
PA|PP755594.1|A/cattle/Texas/24-008749-003/2024(H5N1)	538	3473
PA|PP755594.1|A/cattle/Texas/24-008749-003/2024(H5N1)	539	3329
PA|PP755594.1|A/cattle/Texas/24-008749-003/2024(H5N1)	540	3327
PA|PP755594.1|A/cattle/Texas/24-008749-003/2024(H5N1)	541	3351
PA|PP755594.1|A/cattle/Texas/24-008749-003/2024(H5N1)	542	3424
PA|PP755594.1|A/cattle/Texas/24-008749-003/2024(H5N1)	543	3385
PA|PP755594.1|A/cattle/Texas/24-008749-003/2024(H5N1)	544	3384
PA|PP755594.1|A/cattle/Texas/24-008749-003/2024(H5N1)	545	3355
PA|PP755594.1|A/cattle/Texas/24-008749-003/2024(H5N1)	546	3407
PA|PP755594.1|A/cattle/Texas/24-008749-003/2024(H5N1)	547	3399
PA|PP755594.1|A/cattle/Texas/24-008749-003/2024(H5N1)	548	3418
PA|PP755594.1|A/cattle/Texas/24-008749-003/2024(H5N1)	549	3442
PA|PP755594.1|A/cattle/Texas/24-008749-003/2024(H5N1)	550	3417
PA|PP755594.1|A/cattle/Texas/24-008749-003/2024(H5N1)	551	3416
PA|PP755594.1|A/cattle/Texas/24-008749-003/2024(H5N1)	552	3401
PA|PP755594.1|A/cattle/Texas/24-008749-003/2024(H5N1)	553	3400
PA|PP755594.1|A/cattle/Texas/24-008749-003/2024(H5N1)	554	3405
PA|PP755594.1|A/cattle/Texas/24-008749-003/2024(H5N1)	555	3419
PA|PP755594.1|A/cattle/Texas/24-008749-003/2024(H5N1)	556	3719
PA|PP755594.1|A/cattle/Texas/24-008749-003/2024(H5N1)	557	3804
PA|PP755594.1|A/cattle/Texas/24-008749-003/2024(H5N1)	558	3826
PA|PP755594.1|A/cattle/Texas/24-008749-003/2024(H5N1)	559	3854
PA|PP755594.1|A/cattle/Texas/24-008749-003/2024(H5N1)	560	3814
PA|PP755594.1|A/cattle/Texas/24-008749-003/2024(H5N1)	561	3857
PA|PP755594.1|A/cattle/Texas/24-008749-003/2024(H5N1)	562	3938
PA|PP755594.1|A/cattle/Texas/24-008749-003/2024(H5N1)	563	3933
PA|PP755594.1|A/cattle/Texas/24-008749-003/2024(H5N1)	564	3950
PA|PP755594.1|A/cattle/Texas/24-008749-003/2024(H5N1)	565	3770
PA|PP755594.1|A/cattle/Texas/24-008749-003/2024(H5N1)	566	3673
PA|PP755594.1|A/cattle/Texas/24-008749-003/2024(H5N1)	567	3681
PA|PP755594.1|A/cattle/Texas/24-008749-003/2024(H5N1)	568	3652
PA|PP755594.1|A/cattle/Texas/24-008749-003/2024(H5N1)	569	3756
PA|PP755594.1|A/cattle/Texas/24-008749-003/2024(H5N1)	570	3734
PA|PP755594.1|A/cattle/Texas/24-008749-003/2024(H5N1)	571	3735
PA|PP755594.1|A/cattle/Texas/24-008749-003/2024(H5N1)	572	3741
PA|PP755594.1|A/cattle/Texas/24-008749-003/2024(H5N1)	573	3717
PA|PP755594.1|A/cattle/Texas/24-008749-003/2024(H5N1)	574	3743
PA|PP755594.1|A/cattle/Texas/24-008749-003/2024(H5N1)	575	3744
PA|PP755594.1|A/cattle/Texas/24-008749-003/2024(H5N1)	576	3769
PA|PP755594.1|A/cattle/Texas/24-008749-003/2024(H5N1)	577	3743
PA|PP755594.1|A/cattle/Texas/24-008749-003/2024(H5N1)	578	3623
PA|PP755594.1|A/cattle/Texas/24-008749-003/2024(H5N1)	579	3731
PA|PP755594.1|A/cattle/Texas/24-008749-003/2024(H5N1)	580	3912
PA|PP755594.1|A/cattle/Texas/24-008749-003/2024(H5N1)	581	3893
PA|PP755594.1|A/cattle/Texas/24-008749-003/2024(H5N1)	582	3791
PA|PP755594.1|A/cattle/Texas/24-008749-003/2024(H5N1)	583	3789
PA|PP755594.1|A/cattle/Texas/24-008749-003/2024(H5N1)	584	3780
PA|PP755594.1|A/cattle/Texas/24-008749-003/2024(H5N1)	585	3768
PA|PP755594.1|A/cattle/Texas/24-008749-003/2024(H5N1)	586	3777
PA|PP755594.1|A/cattle/Texas/24-008749-003/2024(H5N1)	587	3829
PA|PP755594.1|A/cattle/Texas/24-008749-003/2024(H5N1)	588	3826
PA|PP755594.1|A/cattle/Texas/24-008749-003/2024(H5N1)	589	3838
PA|PP755594.1|A/cattle/Texas/24-008749-003/2024(H5N1)	590	3840
PA|PP755594.1|A/cattle/Texas/24-008749-003/2024(H5N1)	591	3833
PA|PP755594.1|A/cattle/Texas/24-008749-003/2024(H5N1)	592	3830
PA|PP755594.1|A/cattle/Texas/24-008749-003/2024(H5N1)	593	3844
PA|PP755594.1|A/cattle/Texas/24-008749-003/2024(H5N1)	594	3847
PA|PP755594.1|A/cattle/Texas/24-008749-003/2024(H5N1)	595	3846
PA|PP755594.1|A/cattle/Texas/24-008749-003/2024(H5N1)	596	3852
PA|PP755594.1|A/cattle/Texas/24-008749-003/2024(H5N1)	597	3819
PA|PP755594.1|A/cattle/Texas/24-008749-003/2024(H5N1)	598	3802
PA|PP755594.1|A/cattle/Texas/24-008749-003/2024(H5N1)	599	3820
PA|PP755594.1|A/cattle/Texas/24-008749-003/2024(H5N1)	600	3824
PA|PP755594.1|A/cattle/Texas/24-008749-003/2024(H5N1)	601	3844
PA|PP755594.1|A/cattle/Texas/24-008749-003/2024(H5N1)	602	3843
PA|PP755594.1|A/cattle/Texas/24-008749-003/2024(H5N1)	603	3836
PA|PP755594.1|A/cattle/Texas/24-008749-003/2024(H5N1)	604	3844
PA|PP755594.1|A/cattle/Texas/24-008749-003/2024(H5N1)	605	3876
PA|PP755594.1|A/cattle/Texas/24-008749-003/2024(H5N1)	606	3863
PA|PP755594.1|A/cattle/Texas/24-008749-003/2024(H5N1)	607	3863
PA|PP755594.1|A/cattle/Texas/24-008749-003/2024(H5N1)	608	3854
PA|PP755594.1|A/cattle/Texas/24-008749-003/2024(H5N1)	609	3855
PA|PP755594.1|A/cattle/Texas/24-008749-003/2024(H5N1)	610	3833
PA|PP755594.1|A/cattle/Texas/24-008749-003/2024(H5N1)	611	3753
PA|PP755594.1|A/cattle/Texas/24-008749-003/2024(H5N1)	612	3787
PA|PP755594.1|A/cattle/Texas/24-008749-003/2024(H5N1)	613	3792
PA|PP755594.1|A/cattle/Texas/24-008749-003/2024(H5N1)	614	3794
PA|PP755594.1|A/cattle/Texas/24-008749-003/2024(H5N1)	615	3801
PA|PP755594.1|A/cattle/Texas/24-008749-003/2024(H5N1)	616	3789
PA|PP755594.1|A/cattle/Texas/24-008749-003/2024(H5N1)	617	3788
PA|PP755594.1|A/cattle/Texas/24-008749-003/2024(H5N1)	618	3785
PA|PP755594.1|A/cattle/Texas/24-008749-003/2024(H5N1)	619	3752
PA|PP755594.1|A/cattle/Texas/24-008749-003/2024(H5N1)	620	3825
PA|PP755594.1|A/cattle/Texas/24-008749-003/2024(H5N1)	621	3870
PA|PP755594.1|A/cattle/Texas/24-008749-003/2024(H5N1)	622	3862
PA|PP755594.1|A/cattle/Texas/24-008749-003/2024(H5N1)	623	3852
PA|PP755594.1|A/cattle/Texas/24-008749-003/2024(H5N1)	624	3850
PA|PP755594.1|A/cattle/Texas/24-008749-003/2024(H5N1)	625	3860
PA|PP755594.1|A/cattle/Texas/24-008749-003/2024(H5N1)	626	3892
PA|PP755594.1|A/cattle/Texas/24-008749-003/2024(H5N1)	627	3894
PA|PP755594.1|A/cattle/Texas/24-008749-003/2024(H5N1)	628	3942
PA|PP755594.1|A/cattle/Texas/24-008749-003/2024(H5N1)	629	3710
PA|PP755594.1|A/cattle/Texas/24-008749-003/2024(H5N1)	630	3574
PA|PP755594.1|A/cattle/Texas/24-008749-003/2024(H5N1)	631	3589
PA|PP755594.1|A/cattle/Texas/24-008749-003/2024(H5N1)	632	3578
PA|PP755594.1|A/cattle/Texas/24-008749-003/2024(H5N1)	633	3615
PA|PP755594.1|A/cattle/Texas/24-008749-003/2024(H5N1)	634	3603
PA|PP755594.1|A/cattle/Texas/24-008749-003/2024(H5N1)	635	3592
PA|PP755594.1|A/cattle/Texas/24-008749-003/2024(H5N1)	636	3556
PA|PP755594.1|A/cattle/Texas/24-008749-003/2024(H5N1)	637	3511
PA|PP755594.1|A/cattle/Texas/24-008749-003/2024(H5N1)	638	3561
PA|PP755594.1|A/cattle/Texas/24-008749-003/2024(H5N1)	639	3595
PA|PP755594.1|A/cattle/Texas/24-008749-003/2024(H5N1)	640	3577
PA|PP755594.1|A/cattle/Texas/24-008749-003/2024(H5N1)	641	3557
PA|PP755594.1|A/cattle/Texas/24-008749-003/2024(H5N1)	642	3521
PA|PP755594.1|A/cattle/Texas/24-008749-003/2024(H5N1)	643	3519
PA|PP755594.1|A/cattle/Texas/24-008749-003/2024(H5N1)	644	3622
PA|PP755594.1|A/cattle/Texas/24-008749-003/2024(H5N1)	645	3618
PA|PP755594.1|A/cattle/Texas/24-008749-003/2024(H5N1)	646	3632
PA|PP755594.1|A/cattle/Texas/24-008749-003/2024(H5N1)	647	3600
PA|PP755594.1|A/cattle/Texas/24-008749-003/2024(H5N1)	648	3617
PA|PP755594.1|A/cattle/Texas/24-008749-003/2024(H5N1)	649	3705
PA|PP755594.1|A/cattle/Texas/24-008749-003/2024(H5N1)	650	3710
PA|PP755594.1|A/cattle/Texas/24-008749-003/2024(H5N1)	651	3700
PA|PP755594.1|A/cattle/Texas/24-008749-003/2024(H5N1)	652	3698
PA|PP755594.1|A/cattle/Texas/24-008749-003/2024(H5N1)	653	3697
PA|PP755594.1|A/cattle/Texas/24-008749-003/2024(H5N1)	654	3654
PA|PP755594.1|A/cattle/Texas/24-008749-003/2024(H5N1)	655	3421
PA|PP755594.1|A/cattle/Texas/24-008749-003/2024(H5N1)	656	3411
PA|PP755594.1|A/cattle/Texas/24-008749-003/2024(H5N1)	657	3409
PA|PP755594.1|A/cattle/Texas/24-008749-003/2024(H5N1)	658	3461
PA|PP755594.1|A/cattle/Texas/24-008749-003/2024(H5N1)	659	3468
PA|PP755594.1|A/cattle/Texas/24-008749-003/2024(H5N1)	660	3471
PA|PP755594.1|A/cattle/Texas/24-008749-003/2024(H5N1)	661	3304
PA|PP755594.1|A/cattle/Texas/24-008749-003/2024(H5N1)	662	3252
PA|PP755594.1|A/cattle/Texas/24-008749-003/2024(H5N1)	663	3250
PA|PP755594.1|A/cattle/Texas/24-008749-003/2024(H5N1)	664	3241
PA|PP755594.1|A/cattle/Texas/24-008749-003/2024(H5N1)	665	3249
PA|PP755594.1|A/cattle/Texas/24-008749-003/2024(H5N1)	666	3505
PA|PP755594.1|A/cattle/Texas/24-008749-003/2024(H5N1)	667	3512
PA|PP755594.1|A/cattle/Texas/24-008749-003/2024(H5N1)	668	3584
PA|PP755594.1|A/cattle/Texas/24-008749-003/2024(H5N1)	669	3615
PA|PP755594.1|A/cattle/Texas/24-008749-003/2024(H5N1)	670	3615
PA|PP755594.1|A/cattle/Texas/24-008749-003/2024(H5N1)	671	3607
PA|PP755594.1|A/cattle/Texas/24-008749-003/2024(H5N1)	672	3591
PA|PP755594.1|A/cattle/Texas/24-008749-003/2024(H5N1)	673	3560
PA|PP755594.1|A/cattle/Texas/24-008749-003/2024(H5N1)	674	3588
PA|PP755594.1|A/cattle/Texas/24-008749-003/2024(H5N1)	675	3580
PA|PP755594.1|A/cattle/Texas/24-008749-003/2024(H5N1)	676	3596
PA|PP755594.1|A/cattle/Texas/24-008749-003/2024(H5N1)	677	3537
PA|PP755594.1|A/cattle/Texas/24-008749-003/2024(H5N1)	678	3521
PA|PP755594.1|A/cattle/Texas/24-008749-003/2024(H5N1)	679	3518
PA|PP755594.1|A/cattle/Texas/24-008749-003/2024(H5N1)	680	3731
PA|PP755594.1|A/cattle/Texas/24-008749-003/2024(H5N1)	681	3624
PA|PP755594.1|A/cattle/Texas/24-008749-003/2024(H5N1)	682	3630
PA|PP755594.1|A/cattle/Texas/24-008749-003/2024(H5N1)	683	3625
PA|PP755594.1|A/cattle/Texas/24-008749-003/2024(H5N1)	684	3721
PA|PP755594.1|A/cattle/Texas/24-008749-003/2024(H5N1)	685	3843
PA|PP755594.1|A/cattle/Texas/24-008749-003/2024(H5N1)	686	3843
PA|PP755594.1|A/cattle/Texas/24-008749-003/2024(H5N1)	687	3817
PA|PP755594.1|A/cattle/Texas/24-008749-003/2024(H5N1)	688	3817
PA|PP755594.1|A/cattle/Texas/24-008749-003/2024(H5N1)	689	3829
PA|PP755594.1|A/cattle/Texas/24-008749-003/2024(H5N1)	690	3837
PA|PP755594.1|A/cattle/Texas/24-008749-003/2024(H5N1)	691	3893
PA|PP755594.1|A/cattle/Texas/24-008749-003/2024(H5N1)	692	3870
PA|PP755594.1|A/cattle/Texas/24-008749-003/2024(H5N1)	693	3798
PA|PP755594.1|A/cattle/Texas/24-008749-003/2024(H5N1)	694	3815
PA|PP755594.1|A/cattle/Texas/24-008749-003/2024(H5N1)	695	3893
PA|PP755594.1|A/cattle/Texas/24-008749-003/2024(H5N1)	696	3899
PA|PP755594.1|A/cattle/Texas/24-008749-003/2024(H5N1)	697	3859
PA|PP755594.1|A/cattle/Texas/24-008749-003/2024(H5N1)	698	3848
PA|PP755594.1|A/cattle/Texas/24-008749-003/2024(H5N1)	699	3871
PA|PP755594.1|A/cattle/Texas/24-008749-003/2024(H5N1)	700	3796
PA|PP755594.1|A/cattle/Texas/24-008749-003/2024(H5N1)	701	3788
PA|PP755594.1|A/cattle/Texas/24-008749-003/2024(H5N1)	702	3728
PA|PP755594.1|A/cattle/Texas/24-008749-003/2024(H5N1)	703	3721
PA|PP755594.1|A/cattle/Texas/24-008749-003/2024(H5N1)	704	3779
PA|PP755594.1|A/cattle/Texas/24-008749-003/2024(H5N1)	705	3772
PA|PP755594.1|A/cattle/Texas/24-008749-003/2024(H5N1)	706	3760
PA|PP755594.1|A/cattle/Texas/24-008749-003/2024(H5N1)	707	3615
PA|PP755594.1|A/cattle/Texas/24-008749-003/2024(H5N1)	708	3496
PA|PP755594.1|A/cattle/Texas/24-008749-003/2024(H5N1)	709	3495
PA|PP755594.1|A/cattle/Texas/24-008749-003/2024(H5N1)	710	3497
PA|PP755594.1|A/cattle/Texas/24-008749-003/2024(H5N1)	711	3497
PA|PP755594.1|A/cattle/Texas/24-008749-003/2024(H5N1)	712	3468
PA|PP755594.1|A/cattle/Texas/24-008749-003/2024(H5N1)	713	3348
PA|PP755594.1|A/cattle/Texas/24-008749-003/2024(H5N1)	714	3356
PA|PP755594.1|A/cattle/Texas/24-008749-003/2024(H5N1)	715	3335
PA|PP755594.1|A/cattle/Texas/24-008749-003/2024(H5N1)	716	3334
PA|PP755594.1|A/cattle/Texas/24-008749-003/2024(H5N1)	717	3375
PA|PP755594.1|A/cattle/Texas/24-008749-003/2024(H5N1)	718	3361
PA|PP755594.1|A/cattle/Texas/24-008749-003/2024(H5N1)	719	3488
PA|PP755594.1|A/cattle/Texas/24-008749-003/2024(H5N1)	720	3393
PA|PP755594.1|A/cattle/Texas/24-008749-003/2024(H5N1)	721	3378
PA|PP755594.1|A/cattle/Texas/24-008749-003/2024(H5N1)	722	3435
PA|PP755594.1|A/cattle/Texas/24-008749-003/2024(H5N1)	723	3437
PA|PP755594.1|A/cattle/Texas/24-008749-003/2024(H5N1)	724	3450
PA|PP755594.1|A/cattle/Texas/24-008749-003/2024(H5N1)	725	3437
PA|PP755594.1|A/cattle/Texas/24-008749-003/2024(H5N1)	726	3402
PA|PP755594.1|A/cattle/Texas/24-008749-003/2024(H5N1)	727	3410
PA|PP755594.1|A/cattle/Texas/24-008749-003/2024(H5N1)	728	3285
PA|PP755594.1|A/cattle/Texas/24-008749-003/2024(H5N1)	729	3330
PA|PP755594.1|A/cattle/Texas/24-008749-003/2024(H5N1)	730	3218
PA|PP755594.1|A/cattle/Texas/24-008749-003/2024(H5N1)	731	3188
PA|PP755594.1|A/cattle/Texas/24-008749-003/2024(H5N1)	732	3179
PA|PP755594.1|A/cattle/Texas/24-008749-003/2024(H5N1)	733	3161
PA|PP755594.1|A/cattle/Texas/24-008749-003/2024(H5N1)	734	3176
PA|PP755594.1|A/cattle/Texas/24-008749-003/2024(H5N1)	735	3214
PA|PP755594.1|A/cattle/Texas/24-008749-003/2024(H5N1)	736	3165
PA|PP755594.1|A/cattle/Texas/24-008749-003/2024(H5N1)	737	3166
PA|PP755594.1|A/cattle/Texas/24-008749-003/2024(H5N1)	738	3096
PA|PP755594.1|A/cattle/Texas/24-008749-003/2024(H5N1)	739	3108
PA|PP755594.1|A/cattle/Texas/24-008749-003/2024(H5N1)	740	3111
PA|PP755594.1|A/cattle/Texas/24-008749-003/2024(H5N1)	741	3110
PA|PP755594.1|A/cattle/Texas/24-008749-003/2024(H5N1)	742	3116
PA|PP755594.1|A/cattle/Texas/24-008749-003/2024(H5N1)	743	3104
PA|PP755594.1|A/cattle/Texas/24-008749-003/2024(H5N1)	744	3126
PA|PP755594.1|A/cattle/Texas/24-008749-003/2024(H5N1)	745	3134
PA|PP755594.1|A/cattle/Texas/24-008749-003/2024(H5N1)	746	3146
PA|PP755594.1|A/cattle/Texas/24-008749-003/2024(H5N1)	747	3212
PA|PP755594.1|A/cattle/Texas/24-008749-003/2024(H5N1)	748	3206
PA|PP755594.1|A/cattle/Texas/24-008749-003/2024(H5N1)	749	3200
PA|PP755594.1|A/cattle/Texas/24-008749-003/2024(H5N1)	750	3199
PA|PP755594.1|A/cattle/Texas/24-008749-003/2024(H5N1)	751	3209
PA|PP755594.1|A/cattle/Texas/24-008749-003/2024(H5N1)	752	3203
PA|PP755594.1|A/cattle/Texas/24-008749-003/2024(H5N1)	753	3203
PA|PP755594.1|A/cattle/Texas/24-008749-003/2024(H5N1)	754	3230
PA|PP755594.1|A/cattle/Texas/24-008749-003/2024(H5N1)	755	3275
PA|PP755594.1|A/cattle/Texas/24-008749-003/2024(H5N1)	756	3204
PA|PP755594.1|A/cattle/Texas/24-008749-003/2024(H5N1)	757	3214
PA|PP755594.1|A/cattle/Texas/24-008749-003/2024(H5N1)	758	3268
PA|PP755594.1|A/cattle/Texas/24-008749-003/2024(H5N1)	759	3269
PA|PP755594.1|A/cattle/Texas/24-008749-003/2024(H5N1)	760	3538
PA|PP755594.1|A/cattle/Texas/24-008749-003/2024(H5N1)	761	3536
PA|PP755594.1|A/cattle/Texas/24-008749-003/2024(H5N1)	762	3548
PA|PP755594.1|A/cattle/Texas/24-008749-003/2024(H5N1)	763	3520
PA|PP755594.1|A/cattle/Texas/24-008749-003/2024(H5N1)	764	3530
PA|PP755594.1|A/cattle/Texas/24-008749-003/2024(H5N1)	765	3529
PA|PP755594.1|A/cattle/Texas/24-008749-003/2024(H5N1)	766	3519
PA|PP755594.1|A/cattle/Texas/24-008749-003/2024(H5N1)	767	3550
PA|PP755594.1|A/cattle/Texas/24-008749-003/2024(H5N1)	768	3979
PA|PP755594.1|A/cattle/Texas/24-008749-003/2024(H5N1)	769	3984
PA|PP755594.1|A/cattle/Texas/24-008749-003/2024(H5N1)	770	4068
PA|PP755594.1|A/cattle/Texas/24-008749-003/2024(H5N1)	771	3967
PA|PP755594.1|A/cattle/Texas/24-008749-003/2024(H5N1)	772	3884
PA|PP755594.1|A/cattle/Texas/24-008749-003/2024(H5N1)	773	3874
PA|PP755594.1|A/cattle/Texas/24-008749-003/2024(H5N1)	774	3850
PA|PP755594.1|A/cattle/Texas/24-008749-003/2024(H5N1)	775	3879
PA|PP755594.1|A/cattle/Texas/24-008749-003/2024(H5N1)	776	3847
PA|PP755594.1|A/cattle/Texas/24-008749-003/2024(H5N1)	777	3846
PA|PP755594.1|A/cattle/Texas/24-008749-003/2024(H5N1)	778	3856
PA|PP755594.1|A/cattle/Texas/24-008749-003/2024(H5N1)	779	3807
PA|PP755594.1|A/cattle/Texas/24-008749-003/2024(H5N1)	780	3836
PA|PP755594.1|A/cattle/Texas/24-008749-003/2024(H5N1)	781	3837
PA|PP755594.1|A/cattle/Texas/24-008749-003/2024(H5N1)	782	3829
PA|PP755594.1|A/cattle/Texas/24-008749-003/2024(H5N1)	783	3818
PA|PP755594.1|A/cattle/Texas/24-008749-003/2024(H5N1)	784	3784
PA|PP755594.1|A/cattle/Texas/24-008749-003/2024(H5N1)	785	3882
PA|PP755594.1|A/cattle/Texas/24-008749-003/2024(H5N1)	786	3894
PA|PP755594.1|A/cattle/Texas/24-008749-003/2024(H5N1)	787	3882
PA|PP755594.1|A/cattle/Texas/24-008749-003/2024(H5N1)	788	3865
PA|PP755594.1|A/cattle/Texas/24-008749-003/2024(H5N1)	789	3850
PA|PP755594.1|A/cattle/Texas/24-008749-003/2024(H5N1)	790	3878
PA|PP755594.1|A/cattle/Texas/24-008749-003/2024(H5N1)	791	3875
PA|PP755594.1|A/cattle/Texas/24-008749-003/2024(H5N1)	792	3866
PA|PP755594.1|A/cattle/Texas/24-008749-003/2024(H5N1)	793	3860
PA|PP755594.1|A/cattle/Texas/24-008749-003/2024(H5N1)	794	3735
PA|PP755594.1|A/cattle/Texas/24-008749-003/2024(H5N1)	795	3720
PA|PP755594.1|A/cattle/Texas/24-008749-003/2024(H5N1)	796	3701
PA|PP755594.1|A/cattle/Texas/24-008749-003/2024(H5N1)	797	3660
PA|PP755594.1|A/cattle/Texas/24-008749-003/2024(H5N1)	798	3650
PA|PP755594.1|A/cattle/Texas/24-008749-003/2024(H5N1)	799	3614
PA|PP755594.1|A/cattle/Texas/24-008749-003/2024(H5N1)	800	3491
PA|PP755594.1|A/cattle/Texas/24-008749-003/2024(H5N1)	801	3478
PA|PP755594.1|A/cattle/Texas/24-008749-003/2024(H5N1)	802	3419
PA|PP755594.1|A/cattle/Texas/24-008749-003/2024(H5N1)	803	3409
PA|PP755594.1|A/cattle/Texas/24-008749-003/2024(H5N1)	804	3350
PA|PP755594.1|A/cattle/Texas/24-008749-003/2024(H5N1)	805	3338
PA|PP755594.1|A/cattle/Texas/24-008749-003/2024(H5N1)	806	544
PA|PP755594.1|A/cattle/Texas/24-008749-003/2024(H5N1)	807	521
PA|PP755594.1|A/cattle/Texas/24-008749-003/2024(H5N1)	808	521
PA|PP755594.1|A/cattle/Texas/24-008749-003/2024(H5N1)	809	521
PA|PP755594.1|A/cattle/Texas/24-008749-003/2024(H5N1)	810	520
PA|PP755594.1|A/cattle/Texas/24-008749-003/2024(H5N1)	811	520
PA|PP755594.1|A/cattle/Texas/24-008749-003/2024(H5N1)	812	520
PA|PP755594.1|A/cattle/Texas/24-008749-003/2024(H5N1)	813	520
PA|PP755594.1|A/cattle/Texas/24-008749-003/2024(H5N1)	814	520
PA|PP755594.1|A/cattle/Texas/24-008749-003/2024(H5N1)	815	520
PA|PP755594.1|A/cattle/Texas/24-008749-003/2024(H5N1)	816	520
PA|PP755594.1|A/cattle/Texas/24-008749-003/2024(H5N1)	817	520
PA|PP755594.1|A/cattle/Texas/24-008749-003/2024(H5N1)	818	520
PA|PP755594.1|A/cattle/Texas/24-008749-003/2024(H5N1)	819	519
PA|PP755594.1|A/cattle/Texas/24-008749-003/2024(H5N1)	820	519
PA|PP755594.1|A/cattle/Texas/24-008749-003/2024(H5N1)	821	519
PA|PP755594.1|A/cattle/Texas/24-008749-003/2024(H5N1)	822	519
PA|PP755594.1|A/cattle/Texas/24-008749-003/2024(H5N1)	823	519
PA|PP755594.1|A/cattle/Texas/24-008749-003/2024(H5N1)	824	521
PA|PP755594.1|A/cattle/Texas/24-008749-003/2024(H5N1)	825	521
PA|PP755594.1|A/cattle/Texas/24-008749-003/2024(H5N1)	826	521
PA|PP755594.1|A/cattle/Texas/24-008749-003/2024(H5N1)	827	521
PA|PP755594.1|A/cattle/Texas/24-008749-003/2024(H5N1)	828	521
PA|PP755594.1|A/cattle/Texas/24-008749-003/2024(H5N1)	829	521
PA|PP755594.1|A/cattle/Texas/24-008749-003/2024(H5N1)	830	522
PA|PP755594.1|A/cattle/Texas/24-008749-003/2024(H5N1)	831	522
PA|PP755594.1|A/cattle/Texas/24-008749-003/2024(H5N1)	832	522
PA|PP755594.1|A/cattle/Texas/24-008749-003/2024(H5N1)	833	522
PA|PP755594.1|A/cattle/Texas/24-008749-003/2024(H5N1)	834	522
PA|PP755594.1|A/cattle/Texas/24-008749-003/2024(H5N1)	835	522
PA|PP755594.1|A/cattle/Texas/24-008749-003/2024(H5N1)	836	522
PA|PP755594.1|A/cattle/Texas/24-008749-003/2024(H5N1)	837	522
PA|PP755594.1|A/cattle/Texas/24-008749-003/2024(H5N1)	838	522
PA|PP755594.1|A/cattle/Texas/24-008749-003/2024(H5N1)	839	522
PA|PP755594.1|A/cattle/Texas/24-008749-003/2024(H5N1)	840	522
PA|PP755594.1|A/cattle/Texas/24-008749-003/2024(H5N1)	841	522
PA|PP755594.1|A/cattle/Texas/24-008749-003/2024(H5N1)	842	522
PA|PP755594.1|A/cattle/Texas/24-008749-003/2024(H5N1)	843	522
PA|PP755594.1|A/cattle/Texas/24-008749-003/2024(H5N1)	844	522
PA|PP755594.1|A/cattle/Texas/24-008749-003/2024(H5N1)	845	522
PA|PP755594.1|A/cattle/Texas/24-008749-003/2024(H5N1)	846	522
PA|PP755594.1|A/cattle/Texas/24-008749-003/2024(H5N1)	847	522
PA|PP755594.1|A/cattle/Texas/24-008749-003/2024(H5N1)	848	522
PA|PP755594.1|A/cattle/Texas/24-008749-003/2024(H5N1)	849	534
PA|PP755594.1|A/cattle/Texas/24-008749-003/2024(H5N1)	850	590
PA|PP755594.1|A/cattle/Texas/24-008749-003/2024(H5N1)	851	591
PA|PP755594.1|A/cattle/Texas/24-008749-003/2024(H5N1)	852	591
PA|PP755594.1|A/cattle/Texas/24-008749-003/2024(H5N1)	853	591
PA|PP755594.1|A/cattle/Texas/24-008749-003/2024(H5N1)	854	591
PA|PP755594.1|A/cattle/Texas/24-008749-003/2024(H5N1)	855	591
PA|PP755594.1|A/cattle/Texas/24-008749-003/2024(H5N1)	856	591
PA|PP755594.1|A/cattle/Texas/24-008749-003/2024(H5N1)	857	591
PA|PP755594.1|A/cattle/Texas/24-008749-003/2024(H5N1)	858	591
PA|PP755594.1|A/cattle/Texas/24-008749-003/2024(H5N1)	859	591
PA|PP755594.1|A/cattle/Texas/24-008749-003/2024(H5N1)	860	590
PA|PP755594.1|A/cattle/Texas/24-008749-003/2024(H5N1)	861	590
PA|PP755594.1|A/cattle/Texas/24-008749-003/2024(H5N1)	862	591
PA|PP755594.1|A/cattle/Texas/24-008749-003/2024(H5N1)	863	591
PA|PP755594.1|A/cattle/Texas/24-008749-003/2024(H5N1)	864	591
PA|PP755594.1|A/cattle/Texas/24-008749-003/2024(H5N1)	865	600
PA|PP755594.1|A/cattle/Texas/24-008749-003/2024(H5N1)	866	600
PA|PP755594.1|A/cattle/Texas/24-008749-003/2024(H5N1)	867	600
PA|PP755594.1|A/cattle/Texas/24-008749-003/2024(H5N1)	868	609
PA|PP755594.1|A/cattle/Texas/24-008749-003/2024(H5N1)	869	609
PA|PP755594.1|A/cattle/Texas/24-008749-003/2024(H5N1)	870	611
PA|PP755594.1|A/cattle/Texas/24-008749-003/2024(H5N1)	871	2078
PA|PP755594.1|A/cattle/Texas/24-008749-003/2024(H5N1)	872	2151
PA|PP755594.1|A/cattle/Texas/24-008749-003/2024(H5N1)	873	2173
PA|PP755594.1|A/cattle/Texas/24-008749-003/2024(H5N1)	874	2182
PA|PP755594.1|A/cattle/Texas/24-008749-003/2024(H5N1)	875	2204
PA|PP755594.1|A/cattle/Texas/24-008749-003/2024(H5N1)	876	2208
PA|PP755594.1|A/cattle/Texas/24-008749-003/2024(H5N1)	877	2229
PA|PP755594.1|A/cattle/Texas/24-008749-003/2024(H5N1)	878	2258
PA|PP755594.1|A/cattle/Texas/24-008749-003/2024(H5N1)	879	2264
PA|PP755594.1|A/cattle/Texas/24-008749-003/2024(H5N1)	880	2280
PA|PP755594.1|A/cattle/Texas/24-008749-003/2024(H5N1)	881	2336
PA|PP755594.1|A/cattle/Texas/24-008749-003/2024(H5N1)	882	2362
PA|PP755594.1|A/cattle/Texas/24-008749-003/2024(H5N1)	883	2367
PA|PP755594.1|A/cattle/Texas/24-008749-003/2024(H5N1)	884	2376
PA|PP755594.1|A/cattle/Texas/24-008749-003/2024(H5N1)	885	2390
PA|PP755594.1|A/cattle/Texas/24-008749-003/2024(H5N1)	886	2480
PA|PP755594.1|A/cattle/Texas/24-008749-003/2024(H5N1)	887	2505
PA|PP755594.1|A/cattle/Texas/24-008749-003/2024(H5N1)	888	2546
PA|PP755594.1|A/cattle/Texas/24-008749-003/2024(H5N1)	889	2553
PA|PP755594.1|A/cattle/Texas/24-008749-003/2024(H5N1)	890	2557
PA|PP755594.1|A/cattle/Texas/24-008749-003/2024(H5N1)	891	2766
PA|PP755594.1|A/cattle/Texas/24-008749-003/2024(H5N1)	892	2773
PA|PP755594.1|A/cattle/Texas/24-008749-003/2024(H5N1)	893	2782
PA|PP755594.1|A/cattle/Texas/24-008749-003/2024(H5N1)	894	2813
PA|PP755594.1|A/cattle/Texas/24-008749-003/2024(H5N1)	895	2877
PA|PP755594.1|A/cattle/Texas/24-008749-003/2024(H5N1)	896	2878
PA|PP755594.1|A/cattle/Texas/24-008749-003/2024(H5N1)	897	2864
PA|PP755594.1|A/cattle/Texas/24-008749-003/2024(H5N1)	898	2872
PA|PP755594.1|A/cattle/Texas/24-008749-003/2024(H5N1)	899	2875
PA|PP755594.1|A/cattle/Texas/24-008749-003/2024(H5N1)	900	2981
PA|PP755594.1|A/cattle/Texas/24-008749-003/2024(H5N1)	901	3015
PA|PP755594.1|A/cattle/Texas/24-008749-003/2024(H5N1)	902	3301
PA|PP755594.1|A/cattle/Texas/24-008749-003/2024(H5N1)	903	3290
PA|PP755594.1|A/cattle/Texas/24-008749-003/2024(H5N1)	904	3330
PA|PP755594.1|A/cattle/Texas/24-008749-003/2024(H5N1)	905	3330
PA|PP755594.1|A/cattle/Texas/24-008749-003/2024(H5N1)	906	3333
PA|PP755594.1|A/cattle/Texas/24-008749-003/2024(H5N1)	907	3747
PA|PP755594.1|A/cattle/Texas/24-008749-003/2024(H5N1)	908	3743
PA|PP755594.1|A/cattle/Texas/24-008749-003/2024(H5N1)	909	3697
PA|PP755594.1|A/cattle/Texas/24-008749-003/2024(H5N1)	910	3765
PA|PP755594.1|A/cattle/Texas/24-008749-003/2024(H5N1)	911	3768
PA|PP755594.1|A/cattle/Texas/24-008749-003/2024(H5N1)	912	3879
PA|PP755594.1|A/cattle/Texas/24-008749-003/2024(H5N1)	913	3884
PA|PP755594.1|A/cattle/Texas/24-008749-003/2024(H5N1)	914	3896
PA|PP755594.1|A/cattle/Texas/24-008749-003/2024(H5N1)	915	3886
PA|PP755594.1|A/cattle/Texas/24-008749-003/2024(H5N1)	916	3898
PA|PP755594.1|A/cattle/Texas/24-008749-003/2024(H5N1)	917	3952
PA|PP755594.1|A/cattle/Texas/24-008749-003/2024(H5N1)	918	3929
PA|PP755594.1|A/cattle/Texas/24-008749-003/2024(H5N1)	919	3909
PA|PP755594.1|A/cattle/Texas/24-008749-003/2024(H5N1)	920	3921
PA|PP755594.1|A/cattle/Texas/24-008749-003/2024(H5N1)	921	3852
PA|PP755594.1|A/cattle/Texas/24-008749-003/2024(H5N1)	922	3871
PA|PP755594.1|A/cattle/Texas/24-008749-003/2024(H5N1)	923	3872
PA|PP755594.1|A/cattle/Texas/24-008749-003/2024(H5N1)	924	3880
PA|PP755594.1|A/cattle/Texas/24-008749-003/2024(H5N1)	925	3883
PA|PP755594.1|A/cattle/Texas/24-008749-003/2024(H5N1)	926	3877
PA|PP755594.1|A/cattle/Texas/24-008749-003/2024(H5N1)	927	3882
PA|PP755594.1|A/cattle/Texas/24-008749-003/2024(H5N1)	928	3887
PA|PP755594.1|A/cattle/Texas/24-008749-003/2024(H5N1)	929	3880
PA|PP755594.1|A/cattle/Texas/24-008749-003/2024(H5N1)	930	3880
PA|PP755594.1|A/cattle/Texas/24-008749-003/2024(H5N1)	931	3866
PA|PP755594.1|A/cattle/Texas/24-008749-003/2024(H5N1)	932	3867
PA|PP755594.1|A/cattle/Texas/24-008749-003/2024(H5N1)	933	3867
PA|PP755594.1|A/cattle/Texas/24-008749-003/2024(H5N1)	934	3871
PA|PP755594.1|A/cattle/Texas/24-008749-003/2024(H5N1)	935	3866
PA|PP755594.1|A/cattle/Texas/24-008749-003/2024(H5N1)	936	3788
PA|PP755594.1|A/cattle/Texas/24-008749-003/2024(H5N1)	937	3773
PA|PP755594.1|A/cattle/Texas/24-008749-003/2024(H5N1)	938	3785
PA|PP755594.1|A/cattle/Texas/24-008749-003/2024(H5N1)	939	3773
PA|PP755594.1|A/cattle/Texas/24-008749-003/2024(H5N1)	940	3767
PA|PP755594.1|A/cattle/Texas/24-008749-003/2024(H5N1)	941	3739
PA|PP755594.1|A/cattle/Texas/24-008749-003/2024(H5N1)	942	3680
PA|PP755594.1|A/cattle/Texas/24-008749-003/2024(H5N1)	943	3674
PA|PP755594.1|A/cattle/Texas/24-008749-003/2024(H5N1)	944	3665
PA|PP755594.1|A/cattle/Texas/24-008749-003/2024(H5N1)	945	3659
PA|PP755594.1|A/cattle/Texas/24-008749-003/2024(H5N1)	946	3659
PA|PP755594.1|A/cattle/Texas/24-008749-003/2024(H5N1)	947	3653
PA|PP755594.1|A/cattle/Texas/24-008749-003/2024(H5N1)	948	3563
PA|PP755594.1|A/cattle/Texas/24-008749-003/2024(H5N1)	949	3548
PA|PP755594.1|A/cattle/Texas/24-008749-003/2024(H5N1)	950	3548
PA|PP755594.1|A/cattle/Texas/24-008749-003/2024(H5N1)	951	3548
PA|PP755594.1|A/cattle/Texas/24-008749-003/2024(H5N1)	952	3547
PA|PP755594.1|A/cattle/Texas/24-008749-003/2024(H5N1)	953	3544
PA|PP755594.1|A/cattle/Texas/24-008749-003/2024(H5N1)	954	3544
PA|PP755594.1|A/cattle/Texas/24-008749-003/2024(H5N1)	955	3526
PA|PP755594.1|A/cattle/Texas/24-008749-003/2024(H5N1)	956	3486
PA|PP755594.1|A/cattle/Texas/24-008749-003/2024(H5N1)	957	3485
PA|PP755594.1|A/cattle/Texas/24-008749-003/2024(H5N1)	958	3483
PA|PP755594.1|A/cattle/Texas/24-008749-003/2024(H5N1)	959	3443
PA|PP755594.1|A/cattle/Texas/24-008749-003/2024(H5N1)	960	3432
PA|PP755594.1|A/cattle/Texas/24-008749-003/2024(H5N1)	961	3414
PA|PP755594.1|A/cattle/Texas/24-008749-003/2024(H5N1)	962	3412
PA|PP755594.1|A/cattle/Texas/24-008749-003/2024(H5N1)	963	2099
PA|PP755594.1|A/cattle/Texas/24-008749-003/2024(H5N1)	964	2082
PA|PP755594.1|A/cattle/Texas/24-008749-003/2024(H5N1)	965	2082
PA|PP755594.1|A/cattle/Texas/24-008749-003/2024(H5N1)	966	2087
PA|PP755594.1|A/cattle/Texas/24-008749-003/2024(H5N1)	967	2084
PA|PP755594.1|A/cattle/Texas/24-008749-003/2024(H5N1)	968	2083
PA|PP755594.1|A/cattle/Texas/24-008749-003/2024(H5N1)	969	2084
PA|PP755594.1|A/cattle/Texas/24-008749-003/2024(H5N1)	970	2087
PA|PP755594.1|A/cattle/Texas/24-008749-003/2024(H5N1)	971	2088
PA|PP755594.1|A/cattle/Texas/24-008749-003/2024(H5N1)	972	2088
PA|PP755594.1|A/cattle/Texas/24-008749-003/2024(H5N1)	973	2101
PA|PP755594.1|A/cattle/Texas/24-008749-003/2024(H5N1)	974	2242
PA|PP755594.1|A/cattle/Texas/24-008749-003/2024(H5N1)	975	2242
PA|PP755594.1|A/cattle/Texas/24-008749-003/2024(H5N1)	976	2323
PA|PP755594.1|A/cattle/Texas/24-008749-003/2024(H5N1)	977	2326
PA|PP755594.1|A/cattle/Texas/24-008749-003/2024(H5N1)	978	2329
PA|PP755594.1|A/cattle/Texas/24-008749-003/2024(H5N1)	979	2331
PA|PP755594.1|A/cattle/Texas/24-008749-003/2024(H5N1)	980	2331
PA|PP755594.1|A/cattle/Texas/24-008749-003/2024(H5N1)	981	2331
PA|PP755594.1|A/cattle/Texas/24-008749-003/2024(H5N1)	982	2344
PA|PP755594.1|A/cattle/Texas/24-008749-003/2024(H5N1)	983	2345
PA|PP755594.1|A/cattle/Texas/24-008749-003/2024(H5N1)	984	2382
PA|PP755594.1|A/cattle/Texas/24-008749-003/2024(H5N1)	985	3150
PA|PP755594.1|A/cattle/Texas/24-008749-003/2024(H5N1)	986	3223
PA|PP755594.1|A/cattle/Texas/24-008749-003/2024(H5N1)	987	3230
PA|PP755594.1|A/cattle/Texas/24-008749-003/2024(H5N1)	988	3234
PA|PP755594.1|A/cattle/Texas/24-008749-003/2024(H5N1)	989	3234
PA|PP755594.1|A/cattle/Texas/24-008749-003/2024(H5N1)	990	3251
PA|PP755594.1|A/cattle/Texas/24-008749-003/2024(H5N1)	991	3274
PA|PP755594.1|A/cattle/Texas/24-008749-003/2024(H5N1)	992	3313
PA|PP755594.1|A/cattle/Texas/24-008749-003/2024(H5N1)	993	3398
PA|PP755594.1|A/cattle/Texas/24-008749-003/2024(H5N1)	994	3398
PA|PP755594.1|A/cattle/Texas/24-008749-003/2024(H5N1)	995	3403
PA|PP755594.1|A/cattle/Texas/24-008749-003/2024(H5N1)	996	3406
PA|PP755594.1|A/cattle/Texas/24-008749-003/2024(H5N1)	997	3493
PA|PP755594.1|A/cattle/Texas/24-008749-003/2024(H5N1)	998	3493
PA|PP755594.1|A/cattle/Texas/24-008749-003/2024(H5N1)	999	3493
PA|PP755594.1|A/cattle/Texas/24-008749-003/2024(H5N1)	1000	3493
PA|PP755594.1|A/cattle/Texas/24-008749-003/2024(H5N1)	1001	3502
PA|PP755594.1|A/cattle/Texas/24-008749-003/2024(H5N1)	1002	3506
PA|PP755594.1|A/cattle/Texas/24-008749-003/2024(H5N1)	1003	3611
PA|PP755594.1|A/cattle/Texas/24-008749-003/2024(H5N1)	1004	3624
PA|PP755594.1|A/cattle/Texas/24-008749-003/2024(H5N1)	1005	3632
PA|PP755594.1|A/cattle/Texas/24-008749-003/2024(H5N1)	1006	3665
PA|PP755594.1|A/cattle/Texas/24-008749-003/2024(H5N1)	1007	3876
PA|PP755594.1|A/cattle/Texas/24-008749-003/2024(H5N1)	1008	3891
PA|PP755594.1|A/cattle/Texas/24-008749-003/2024(H5N1)	1009	3926
PA|PP755594.1|A/cattle/Texas/24-008749-003/2024(H5N1)	1010	3990
PA|PP755594.1|A/cattle/Texas/24-008749-003/2024(H5N1)	1011	3996
PA|PP755594.1|A/cattle/Texas/24-008749-003/2024(H5N1)	1012	3997
PA|PP755594.1|A/cattle/Texas/24-008749-003/2024(H5N1)	1013	4002
PA|PP755594.1|A/cattle/Texas/24-008749-003/2024(H5N1)	1014	4046
PA|PP755594.1|A/cattle/Texas/24-008749-003/2024(H5N1)	1015	4100
PA|PP755594.1|A/cattle/Texas/24-008749-003/2024(H5N1)	1016	4102
PA|PP755594.1|A/cattle/Texas/24-008749-003/2024(H5N1)	1017	4099
PA|PP755594.1|A/cattle/Texas/24-008749-003/2024(H5N1)	1018	4078
PA|PP755594.1|A/cattle/Texas/24-008749-003/2024(H5N1)	1019	4070
PA|PP755594.1|A/cattle/Texas/24-008749-003/2024(H5N1)	1020	4086
PA|PP755594.1|A/cattle/Texas/24-008749-003/2024(H5N1)	1021	4108
PA|PP755594.1|A/cattle/Texas/24-008749-003/2024(H5N1)	1022	4120
PA|PP755594.1|A/cattle/Texas/24-008749-003/2024(H5N1)	1023	4080
PA|PP755594.1|A/cattle/Texas/24-008749-003/2024(H5N1)	1024	4249
PA|PP755594.1|A/cattle/Texas/24-008749-003/2024(H5N1)	1025	4254
PA|PP755594.1|A/cattle/Texas/24-008749-003/2024(H5N1)	1026	4255
PA|PP755594.1|A/cattle/Texas/24-008749-003/2024(H5N1)	1027	4269
PA|PP755594.1|A/cattle/Texas/24-008749-003/2024(H5N1)	1028	4288
PA|PP755594.1|A/cattle/Texas/24-008749-003/2024(H5N1)	1029	4251
PA|PP755594.1|A/cattle/Texas/24-008749-003/2024(H5N1)	1030	4255
PA|PP755594.1|A/cattle/Texas/24-008749-003/2024(H5N1)	1031	4217
PA|PP755594.1|A/cattle/Texas/24-008749-003/2024(H5N1)	1032	4282
PA|PP755594.1|A/cattle/Texas/24-008749-003/2024(H5N1)	1033	4250
PA|PP755594.1|A/cattle/Texas/24-008749-003/2024(H5N1)	1034	4240
PA|PP755594.1|A/cattle/Texas/24-008749-003/2024(H5N1)	1035	4152
PA|PP755594.1|A/cattle/Texas/24-008749-003/2024(H5N1)	1036	4076
PA|PP755594.1|A/cattle/Texas/24-008749-003/2024(H5N1)	1037	4066
PA|PP755594.1|A/cattle/Texas/24-008749-003/2024(H5N1)	1038	4045
PA|PP755594.1|A/cattle/Texas/24-008749-003/2024(H5N1)	1039	4060
PA|PP755594.1|A/cattle/Texas/24-008749-003/2024(H5N1)	1040	4066
PA|PP755594.1|A/cattle/Texas/24-008749-003/2024(H5N1)	1041	4095
PA|PP755594.1|A/cattle/Texas/24-008749-003/2024(H5N1)	1042	3844
PA|PP755594.1|A/cattle/Texas/24-008749-003/2024(H5N1)	1043	4339
PA|PP755594.1|A/cattle/Texas/24-008749-003/2024(H5N1)	1044	4350
PA|PP755594.1|A/cattle/Texas/24-008749-003/2024(H5N1)	1045	4354
PA|PP755594.1|A/cattle/Texas/24-008749-003/2024(H5N1)	1046	4301
PA|PP755594.1|A/cattle/Texas/24-008749-003/2024(H5N1)	1047	4314
PA|PP755594.1|A/cattle/Texas/24-008749-003/2024(H5N1)	1048	4344
PA|PP755594.1|A/cattle/Texas/24-008749-003/2024(H5N1)	1049	4392
PA|PP755594.1|A/cattle/Texas/24-008749-003/2024(H5N1)	1050	4375
PA|PP755594.1|A/cattle/Texas/24-008749-003/2024(H5N1)	1051	4283
PA|PP755594.1|A/cattle/Texas/24-008749-003/2024(H5N1)	1052	4264
PA|PP755594.1|A/cattle/Texas/24-008749-003/2024(H5N1)	1053	3997
PA|PP755594.1|A/cattle/Texas/24-008749-003/2024(H5N1)	1054	4012
PA|PP755594.1|A/cattle/Texas/24-008749-003/2024(H5N1)	1055	4054
PA|PP755594.1|A/cattle/Texas/24-008749-003/2024(H5N1)	1056	4066
PA|PP755594.1|A/cattle/Texas/24-008749-003/2024(H5N1)	1057	4160
PA|PP755594.1|A/cattle/Texas/24-008749-003/2024(H5N1)	1058	3763
PA|PP755594.1|A/cattle/Texas/24-008749-003/2024(H5N1)	1059	3763
PA|PP755594.1|A/cattle/Texas/24-008749-003/2024(H5N1)	1060	3757
PA|PP755594.1|A/cattle/Texas/24-008749-003/2024(H5N1)	1061	3718
PA|PP755594.1|A/cattle/Texas/24-008749-003/2024(H5N1)	1062	3608
PA|PP755594.1|A/cattle/Texas/24-008749-003/2024(H5N1)	1063	3605
PA|PP755594.1|A/cattle/Texas/24-008749-003/2024(H5N1)	1064	3603
PA|PP755594.1|A/cattle/Texas/24-008749-003/2024(H5N1)	1065	3599
PA|PP755594.1|A/cattle/Texas/24-008749-003/2024(H5N1)	1066	3600
PA|PP755594.1|A/cattle/Texas/24-008749-003/2024(H5N1)	1067	3599
PA|PP755594.1|A/cattle/Texas/24-008749-003/2024(H5N1)	1068	3522
PA|PP755594.1|A/cattle/Texas/24-008749-003/2024(H5N1)	1069	3535
PA|PP755594.1|A/cattle/Texas/24-008749-003/2024(H5N1)	1070	3530
PA|PP755594.1|A/cattle/Texas/24-008749-003/2024(H5N1)	1071	3526
PA|PP755594.1|A/cattle/Texas/24-008749-003/2024(H5N1)	1072	3652
PA|PP755594.1|A/cattle/Texas/24-008749-003/2024(H5N1)	1073	3656
PA|PP755594.1|A/cattle/Texas/24-008749-003/2024(H5N1)	1074	3674
PA|PP755594.1|A/cattle/Texas/24-008749-003/2024(H5N1)	1075	3673
PA|PP755594.1|A/cattle/Texas/24-008749-003/2024(H5N1)	1076	3758
PA|PP755594.1|A/cattle/Texas/24-008749-003/2024(H5N1)	1077	3755
PA|PP755594.1|A/cattle/Texas/24-008749-003/2024(H5N1)	1078	3755
PA|PP755594.1|A/cattle/Texas/24-008749-003/2024(H5N1)	1079	3747
PA|PP755594.1|A/cattle/Texas/24-008749-003/2024(H5N1)	1080	3781
PA|PP755594.1|A/cattle/Texas/24-008749-003/2024(H5N1)	1081	3769
PA|PP755594.1|A/cattle/Texas/24-008749-003/2024(H5N1)	1082	3767
PA|PP755594.1|A/cattle/Texas/24-008749-003/2024(H5N1)	1083	3775
PA|PP755594.1|A/cattle/Texas/24-008749-003/2024(H5N1)	1084	3787
PA|PP755594.1|A/cattle/Texas/24-008749-003/2024(H5N1)	1085	3800
PA|PP755594.1|A/cattle/Texas/24-008749-003/2024(H5N1)	1086	3816
PA|PP755594.1|A/cattle/Texas/24-008749-003/2024(H5N1)	1087	3815
PA|PP755594.1|A/cattle/Texas/24-008749-003/2024(H5N1)	1088	3829
PA|PP755594.1|A/cattle/Texas/24-008749-003/2024(H5N1)	1089	3773
PA|PP755594.1|A/cattle/Texas/24-008749-003/2024(H5N1)	1090	3778
PA|PP755594.1|A/cattle/Texas/24-008749-003/2024(H5N1)	1091	3753
PA|PP755594.1|A/cattle/Texas/24-008749-003/2024(H5N1)	1092	3835
PA|PP755594.1|A/cattle/Texas/24-008749-003/2024(H5N1)	1093	3940
PA|PP755594.1|A/cattle/Texas/24-008749-003/2024(H5N1)	1094	3917
PA|PP755594.1|A/cattle/Texas/24-008749-003/2024(H5N1)	1095	3927
PA|PP755594.1|A/cattle/Texas/24-008749-003/2024(H5N1)	1096	3934
PA|PP755594.1|A/cattle/Texas/24-008749-003/2024(H5N1)	1097	3953
PA|PP755594.1|A/cattle/Texas/24-008749-003/2024(H5N1)	1098	3927
PA|PP755594.1|A/cattle/Texas/24-008749-003/2024(H5N1)	1099	3957
PA|PP755594.1|A/cattle/Texas/24-008749-003/2024(H5N1)	1100	3992
PA|PP755594.1|A/cattle/Texas/24-008749-003/2024(H5N1)	1101	3981
PA|PP755594.1|A/cattle/Texas/24-008749-003/2024(H5N1)	1102	3903
PA|PP755594.1|A/cattle/Texas/24-008749-003/2024(H5N1)	1103	3896
PA|PP755594.1|A/cattle/Texas/24-008749-003/2024(H5N1)	1104	3917
PA|PP755594.1|A/cattle/Texas/24-008749-003/2024(H5N1)	1105	3941
PA|PP755594.1|A/cattle/Texas/24-008749-003/2024(H5N1)	1106	3940
PA|PP755594.1|A/cattle/Texas/24-008749-003/2024(H5N1)	1107	3932
PA|PP755594.1|A/cattle/Texas/24-008749-003/2024(H5N1)	1108	3914
PA|PP755594.1|A/cattle/Texas/24-008749-003/2024(H5N1)	1109	3889
PA|PP755594.1|A/cattle/Texas/24-008749-003/2024(H5N1)	1110	3886
PA|PP755594.1|A/cattle/Texas/24-008749-003/2024(H5N1)	1111	4035
PA|PP755594.1|A/cattle/Texas/24-008749-003/2024(H5N1)	1112	4025
PA|PP755594.1|A/cattle/Texas/24-008749-003/2024(H5N1)	1113	4029
PA|PP755594.1|A/cattle/Texas/24-008749-003/2024(H5N1)	1114	4031
PA|PP755594.1|A/cattle/Texas/24-008749-003/2024(H5N1)	1115	4021
PA|PP755594.1|A/cattle/Texas/24-008749-003/2024(H5N1)	1116	4181
PA|PP755594.1|A/cattle/Texas/24-008749-003/2024(H5N1)	1117	4079
PA|PP755594.1|A/cattle/Texas/24-008749-003/2024(H5N1)	1118	4125
PA|PP755594.1|A/cattle/Texas/24-008749-003/2024(H5N1)	1119	4129
PA|PP755594.1|A/cattle/Texas/24-008749-003/2024(H5N1)	1120	3995
PA|PP755594.1|A/cattle/Texas/24-008749-003/2024(H5N1)	1121	3998
PA|PP755594.1|A/cattle/Texas/24-008749-003/2024(H5N1)	1122	3991
PA|PP755594.1|A/cattle/Texas/24-008749-003/2024(H5N1)	1123	4000
PA|PP755594.1|A/cattle/Texas/24-008749-003/2024(H5N1)	1124	3983
PA|PP755594.1|A/cattle/Texas/24-008749-003/2024(H5N1)	1125	3820
PA|PP755594.1|A/cattle/Texas/24-008749-003/2024(H5N1)	1126	3764
PA|PP755594.1|A/cattle/Texas/24-008749-003/2024(H5N1)	1127	3751
PA|PP755594.1|A/cattle/Texas/24-008749-003/2024(H5N1)	1128	3750
PA|PP755594.1|A/cattle/Texas/24-008749-003/2024(H5N1)	1129	4035
PA|PP755594.1|A/cattle/Texas/24-008749-003/2024(H5N1)	1130	4038
PA|PP755594.1|A/cattle/Texas/24-008749-003/2024(H5N1)	1131	4038
PA|PP755594.1|A/cattle/Texas/24-008749-003/2024(H5N1)	1132	4051
PA|PP755594.1|A/cattle/Texas/24-008749-003/2024(H5N1)	1133	4084
PA|PP755594.1|A/cattle/Texas/24-008749-003/2024(H5N1)	1134	4083
PA|PP755594.1|A/cattle/Texas/24-008749-003/2024(H5N1)	1135	4058
PA|PP755594.1|A/cattle/Texas/24-008749-003/2024(H5N1)	1136	3987
PA|PP755594.1|A/cattle/Texas/24-008749-003/2024(H5N1)	1137	3928
PA|PP755594.1|A/cattle/Texas/24-008749-003/2024(H5N1)	1138	3923
PA|PP755594.1|A/cattle/Texas/24-008749-003/2024(H5N1)	1139	4035
PA|PP755594.1|A/cattle/Texas/24-008749-003/2024(H5N1)	1140	4016
PA|PP755594.1|A/cattle/Texas/24-008749-003/2024(H5N1)	1141	4003
PA|PP755594.1|A/cattle/Texas/24-008749-003/2024(H5N1)	1142	4006
PA|PP755594.1|A/cattle/Texas/24-008749-003/2024(H5N1)	1143	3989
PA|PP755594.1|A/cattle/Texas/24-008749-003/2024(H5N1)	1144	3889
PA|PP755594.1|A/cattle/Texas/24-008749-003/2024(H5N1)	1145	3895
PA|PP755594.1|A/cattle/Texas/24-008749-003/2024(H5N1)	1146	3897
PA|PP755594.1|A/cattle/Texas/24-008749-003/2024(H5N1)	1147	3917
PA|PP755594.1|A/cattle/Texas/24-008749-003/2024(H5N1)	1148	3829
PA|PP755594.1|A/cattle/Texas/24-008749-003/2024(H5N1)	1149	3888
PA|PP755594.1|A/cattle/Texas/24-008749-003/2024(H5N1)	1150	3978
PA|PP755594.1|A/cattle/Texas/24-008749-003/2024(H5N1)	1151	3978
PA|PP755594.1|A/cattle/Texas/24-008749-003/2024(H5N1)	1152	3972
PA|PP755594.1|A/cattle/Texas/24-008749-003/2024(H5N1)	1153	3972
PA|PP755594.1|A/cattle/Texas/24-008749-003/2024(H5N1)	1154	3927
PA|PP755594.1|A/cattle/Texas/24-008749-003/2024(H5N1)	1155	3911
PA|PP755594.1|A/cattle/Texas/24-008749-003/2024(H5N1)	1156	3975
PA|PP755594.1|A/cattle/Texas/24-008749-003/2024(H5N1)	1157	3978
PA|PP755594.1|A/cattle/Texas/24-008749-003/2024(H5N1)	1158	3759
PA|PP755594.1|A/cattle/Texas/24-008749-003/2024(H5N1)	1159	3745
PA|PP755594.1|A/cattle/Texas/24-008749-003/2024(H5N1)	1160	3665
PA|PP755594.1|A/cattle/Texas/24-008749-003/2024(H5N1)	1161	3742
PA|PP755594.1|A/cattle/Texas/24-008749-003/2024(H5N1)	1162	3736
PA|PP755594.1|A/cattle/Texas/24-008749-003/2024(H5N1)	1163	3736
PA|PP755594.1|A/cattle/Texas/24-008749-003/2024(H5N1)	1164	3687
PA|PP755594.1|A/cattle/Texas/24-008749-003/2024(H5N1)	1165	3624
PA|PP755594.1|A/cattle/Texas/24-008749-003/2024(H5N1)	1166	3621
PA|PP755594.1|A/cattle/Texas/24-008749-003/2024(H5N1)	1167	3607
PA|PP755594.1|A/cattle/Texas/24-008749-003/2024(H5N1)	1168	3601
PA|PP755594.1|A/cattle/Texas/24-008749-003/2024(H5N1)	1169	3595
PA|PP755594.1|A/cattle/Texas/24-008749-003/2024(H5N1)	1170	3593
PA|PP755594.1|A/cattle/Texas/24-008749-003/2024(H5N1)	1171	3572
PA|PP755594.1|A/cattle/Texas/24-008749-003/2024(H5N1)	1172	3540
PA|PP755594.1|A/cattle/Texas/24-008749-003/2024(H5N1)	1173	3524
PA|PP755594.1|A/cattle/Texas/24-008749-003/2024(H5N1)	1174	3521
PA|PP755594.1|A/cattle/Texas/24-008749-003/2024(H5N1)	1175	3295
PA|PP755594.1|A/cattle/Texas/24-008749-003/2024(H5N1)	1176	3284
PA|PP755594.1|A/cattle/Texas/24-008749-003/2024(H5N1)	1177	3265
PA|PP755594.1|A/cattle/Texas/24-008749-003/2024(H5N1)	1178	3249
PA|PP755594.1|A/cattle/Texas/24-008749-003/2024(H5N1)	1179	2300
PA|PP755594.1|A/cattle/Texas/24-008749-003/2024(H5N1)	1180	2294
PA|PP755594.1|A/cattle/Texas/24-008749-003/2024(H5N1)	1181	2273
PA|PP755594.1|A/cattle/Texas/24-008749-003/2024(H5N1)	1182	2263
PA|PP755594.1|A/cattle/Texas/24-008749-003/2024(H5N1)	1183	2263
PA|PP755594.1|A/cattle/Texas/24-008749-003/2024(H5N1)	1184	2263
PA|PP755594.1|A/cattle/Texas/24-008749-003/2024(H5N1)	1185	2114
PA|PP755594.1|A/cattle/Texas/24-008749-003/2024(H5N1)	1186	2114
PA|PP755594.1|A/cattle/Texas/24-008749-003/2024(H5N1)	1187	2114
PA|PP755594.1|A/cattle/Texas/24-008749-003/2024(H5N1)	1188	2114
PA|PP755594.1|A/cattle/Texas/24-008749-003/2024(H5N1)	1189	2114
PA|PP755594.1|A/cattle/Texas/24-008749-003/2024(H5N1)	1190	2114
PA|PP755594.1|A/cattle/Texas/24-008749-003/2024(H5N1)	1191	2114
PA|PP755594.1|A/cattle/Texas/24-008749-003/2024(H5N1)	1192	2114
PA|PP755594.1|A/cattle/Texas/24-008749-003/2024(H5N1)	1193	2114
PA|PP755594.1|A/cattle/Texas/24-008749-003/2024(H5N1)	1194	2114
PA|PP755594.1|A/cattle/Texas/24-008749-003/2024(H5N1)	1195	2114
PA|PP755594.1|A/cattle/Texas/24-008749-003/2024(H5N1)	1196	2113
PA|PP755594.1|A/cattle/Texas/24-008749-003/2024(H5N1)	1197	2113
PA|PP755594.1|A/cattle/Texas/24-008749-003/2024(H5N1)	1198	2113
PA|PP755594.1|A/cattle/Texas/24-008749-003/2024(H5N1)	1199	2113
PA|PP755594.1|A/cattle/Texas/24-008749-003/2024(H5N1)	1200	2113
PA|PP755594.1|A/cattle/Texas/24-008749-003/2024(H5N1)	1201	2113
PA|PP755594.1|A/cattle/Texas/24-008749-003/2024(H5N1)	1202	2113
PA|PP755594.1|A/cattle/Texas/24-008749-003/2024(H5N1)	1203	2113
PA|PP755594.1|A/cattle/Texas/24-008749-003/2024(H5N1)	1204	2113
PA|PP755594.1|A/cattle/Texas/24-008749-003/2024(H5N1)	1205	2056
PA|PP755594.1|A/cattle/Texas/24-008749-003/2024(H5N1)	1206	1953
PA|PP755594.1|A/cattle/Texas/24-008749-003/2024(H5N1)	1207	1953
PA|PP755594.1|A/cattle/Texas/24-008749-003/2024(H5N1)	1208	1953
PA|PP755594.1|A/cattle/Texas/24-008749-003/2024(H5N1)	1209	1953
PA|PP755594.1|A/cattle/Texas/24-008749-003/2024(H5N1)	1210	1952
PA|PP755594.1|A/cattle/Texas/24-008749-003/2024(H5N1)	1211	1937
PA|PP755594.1|A/cattle/Texas/24-008749-003/2024(H5N1)	1212	1937
PA|PP755594.1|A/cattle/Texas/24-008749-003/2024(H5N1)	1213	1937
PA|PP755594.1|A/cattle/Texas/24-008749-003/2024(H5N1)	1214	1937
PA|PP755594.1|A/cattle/Texas/24-008749-003/2024(H5N1)	1215	1935
PA|PP755594.1|A/cattle/Texas/24-008749-003/2024(H5N1)	1216	1936
PA|PP755594.1|A/cattle/Texas/24-008749-003/2024(H5N1)	1217	1936
PA|PP755594.1|A/cattle/Texas/24-008749-003/2024(H5N1)	1218	1936
PA|PP755594.1|A/cattle/Texas/24-008749-003/2024(H5N1)	1219	1936
PA|PP755594.1|A/cattle/Texas/24-008749-003/2024(H5N1)	1220	1936
PA|PP755594.1|A/cattle/Texas/24-008749-003/2024(H5N1)	1221	1936
PA|PP755594.1|A/cattle/Texas/24-008749-003/2024(H5N1)	1222	1937
PA|PP755594.1|A/cattle/Texas/24-008749-003/2024(H5N1)	1223	1937
PA|PP755594.1|A/cattle/Texas/24-008749-003/2024(H5N1)	1224	1937
PA|PP755594.1|A/cattle/Texas/24-008749-003/2024(H5N1)	1225	1938
PA|PP755594.1|A/cattle/Texas/24-008749-003/2024(H5N1)	1226	1938
PA|PP755594.1|A/cattle/Texas/24-008749-003/2024(H5N1)	1227	1938
PA|PP755594.1|A/cattle/Texas/24-008749-003/2024(H5N1)	1228	1938
PA|PP755594.1|A/cattle/Texas/24-008749-003/2024(H5N1)	1229	1938
PA|PP755594.1|A/cattle/Texas/24-008749-003/2024(H5N1)	1230	1936
PA|PP755594.1|A/cattle/Texas/24-008749-003/2024(H5N1)	1231	1906
PA|PP755594.1|A/cattle/Texas/24-008749-003/2024(H5N1)	1232	1903
PA|PP755594.1|A/cattle/Texas/24-008749-003/2024(H5N1)	1233	1892
PA|PP755594.1|A/cattle/Texas/24-008749-003/2024(H5N1)	1234	1873
PA|PP755594.1|A/cattle/Texas/24-008749-003/2024(H5N1)	1235	1870
PA|PP755594.1|A/cattle/Texas/24-008749-003/2024(H5N1)	1236	1853
PA|PP755594.1|A/cattle/Texas/24-008749-003/2024(H5N1)	1237	1824
PA|PP755594.1|A/cattle/Texas/24-008749-003/2024(H5N1)	1238	1823
PA|PP755594.1|A/cattle/Texas/24-008749-003/2024(H5N1)	1239	1808
PA|PP755594.1|A/cattle/Texas/24-008749-003/2024(H5N1)	1240	1807
PA|PP755594.1|A/cattle/Texas/24-008749-003/2024(H5N1)	1241	1798
PA|PP755594.1|A/cattle/Texas/24-008749-003/2024(H5N1)	1242	1702
PA|PP755594.1|A/cattle/Texas/24-008749-003/2024(H5N1)	1243	1697
PA|PP755594.1|A/cattle/Texas/24-008749-003/2024(H5N1)	1244	1610
PA|PP755594.1|A/cattle/Texas/24-008749-003/2024(H5N1)	1245	184
PA|PP755594.1|A/cattle/Texas/24-008749-003/2024(H5N1)	1246	174
PA|PP755594.1|A/cattle/Texas/24-008749-003/2024(H5N1)	1247	164
PA|PP755594.1|A/cattle/Texas/24-008749-003/2024(H5N1)	1248	137
PA|PP755594.1|A/cattle/Texas/24-008749-003/2024(H5N1)	1249	129
PA|PP755594.1|A/cattle/Texas/24-008749-003/2024(H5N1)	1250	129
PA|PP755594.1|A/cattle/Texas/24-008749-003/2024(H5N1)	1251	98
PA|PP755594.1|A/cattle/Texas/24-008749-003/2024(H5N1)	1252	88
PA|PP755594.1|A/cattle/Texas/24-008749-003/2024(H5N1)	1253	78
PA|PP755594.1|A/cattle/Texas/24-008749-003/2024(H5N1)	1254	52
PA|PP755594.1|A/cattle/Texas/24-008749-003/2024(H5N1)	1255	52
PA|PP755594.1|A/cattle/Texas/24-008749-003/2024(H5N1)	1256	52
PA|PP755594.1|A/cattle/Texas/24-008749-003/2024(H5N1)	1257	3
PA|PP755594.1|A/cattle/Texas/24-008749-003/2024(H5N1)	1258	3
PA|PP755594.1|A/cattle/Texas/24-008749-003/2024(H5N1)	1259	3
PA|PP755594.1|A/cattle/Texas/24-008749-003/2024(H5N1)	1260	3
PA|PP755594.1|A/cattle/Texas/24-008749-003/2024(H5N1)	1261	3
PA|PP755594.1|A/cattle/Texas/24-008749-003/2024(H5N1)	1262	3
PA|PP755594.1|A/cattle/Texas/24-008749-003/2024(H5N1)	1263	3
PA|PP755594.1|A/cattle/Texas/24-008749-003/2024(H5N1)	1264	8
PA|PP755594.1|A/cattle/Texas/24-008749-003/2024(H5N1)	1265	196
PA|PP755594.1|A/cattle/Texas/24-008749-003/2024(H5N1)	1266	294
PA|PP755594.1|A/cattle/Texas/24-008749-003/2024(H5N1)	1267	294
PA|PP755594.1|A/cattle/Texas/24-008749-003/2024(H5N1)	1268	294
PA|PP755594.1|A/cattle/Texas/24-008749-003/2024(H5N1)	1269	294
PA|PP755594.1|A/cattle/Texas/24-008749-003/2024(H5N1)	1270	363
PA|PP755594.1|A/cattle/Texas/24-008749-003/2024(H5N1)	1271	371
PA|PP755594.1|A/cattle/Texas/24-008749-003/2024(H5N1)	1272	371
PA|PP755594.1|A/cattle/Texas/24-008749-003/2024(H5N1)	1273	371
PA|PP755594.1|A/cattle/Texas/24-008749-003/2024(H5N1)	1274	371
PA|PP755594.1|A/cattle/Texas/24-008749-003/2024(H5N1)	1275	371
PA|PP755594.1|A/cattle/Texas/24-008749-003/2024(H5N1)	1276	372
PA|PP755594.1|A/cattle/Texas/24-008749-003/2024(H5N1)	1277	372
PA|PP755594.1|A/cattle/Texas/24-008749-003/2024(H5N1)	1278	372
PA|PP755594.1|A/cattle/Texas/24-008749-003/2024(H5N1)	1279	372
PA|PP755594.1|A/cattle/Texas/24-008749-003/2024(H5N1)	1280	454
PA|PP755594.1|A/cattle/Texas/24-008749-003/2024(H5N1)	1281	454
PA|PP755594.1|A/cattle/Texas/24-008749-003/2024(H5N1)	1282	2484
PA|PP755594.1|A/cattle/Texas/24-008749-003/2024(H5N1)	1283	2495
PA|PP755594.1|A/cattle/Texas/24-008749-003/2024(H5N1)	1284	2508
PA|PP755594.1|A/cattle/Texas/24-008749-003/2024(H5N1)	1285	2548
PA|PP755594.1|A/cattle/Texas/24-008749-003/2024(H5N1)	1286	2599
PA|PP755594.1|A/cattle/Texas/24-008749-003/2024(H5N1)	1287	2664
PA|PP755594.1|A/cattle/Texas/24-008749-003/2024(H5N1)	1288	2679
PA|PP755594.1|A/cattle/Texas/24-008749-003/2024(H5N1)	1289	2698
PA|PP755594.1|A/cattle/Texas/24-008749-003/2024(H5N1)	1290	2700
PA|PP755594.1|A/cattle/Texas/24-008749-003/2024(H5N1)	1291	2704
PA|PP755594.1|A/cattle/Texas/24-008749-003/2024(H5N1)	1292	2819
PA|PP755594.1|A/cattle/Texas/24-008749-003/2024(H5N1)	1293	2820
PA|PP755594.1|A/cattle/Texas/24-008749-003/2024(H5N1)	1294	2832
PA|PP755594.1|A/cattle/Texas/24-008749-003/2024(H5N1)	1295	3001
PA|PP755594.1|A/cattle/Texas/24-008749-003/2024(H5N1)	1296	3014
PA|PP755594.1|A/cattle/Texas/24-008749-003/2024(H5N1)	1297	3017
PA|PP755594.1|A/cattle/Texas/24-008749-003/2024(H5N1)	1298	3018
PA|PP755594.1|A/cattle/Texas/24-008749-003/2024(H5N1)	1299	3025
PA|PP755594.1|A/cattle/Texas/24-008749-003/2024(H5N1)	1300	3030
PA|PP755594.1|A/cattle/Texas/24-008749-003/2024(H5N1)	1301	3030
PA|PP755594.1|A/cattle/Texas/24-008749-003/2024(H5N1)	1302	3029
PA|PP755594.1|A/cattle/Texas/24-008749-003/2024(H5N1)	1303	3122
PA|PP755594.1|A/cattle/Texas/24-008749-003/2024(H5N1)	1304	3126
PA|PP755594.1|A/cattle/Texas/24-008749-003/2024(H5N1)	1305	3129
PA|PP755594.1|A/cattle/Texas/24-008749-003/2024(H5N1)	1306	3167
PA|PP755594.1|A/cattle/Texas/24-008749-003/2024(H5N1)	1307	3203
PA|PP755594.1|A/cattle/Texas/24-008749-003/2024(H5N1)	1308	3207
PA|PP755594.1|A/cattle/Texas/24-008749-003/2024(H5N1)	1309	3210
PA|PP755594.1|A/cattle/Texas/24-008749-003/2024(H5N1)	1310	3211
PA|PP755594.1|A/cattle/Texas/24-008749-003/2024(H5N1)	1311	3300
PA|PP755594.1|A/cattle/Texas/24-008749-003/2024(H5N1)	1312	3300
PA|PP755594.1|A/cattle/Texas/24-008749-003/2024(H5N1)	1313	3300
PA|PP755594.1|A/cattle/Texas/24-008749-003/2024(H5N1)	1314	3300
PA|PP755594.1|A/cattle/Texas/24-008749-003/2024(H5N1)	1315	3300
PA|PP755594.1|A/cattle/Texas/24-008749-003/2024(H5N1)	1316	3188
PA|PP755594.1|A/cattle/Texas/24-008749-003/2024(H5N1)	1317	2891
PA|PP755594.1|A/cattle/Texas/24-008749-003/2024(H5N1)	1318	2891
PA|PP755594.1|A/cattle/Texas/24-008749-003/2024(H5N1)	1319	2891
PA|PP755594.1|A/cattle/Texas/24-008749-003/2024(H5N1)	1320	2891
PA|PP755594.1|A/cattle/Texas/24-008749-003/2024(H5N1)	1321	2891
PA|PP755594.1|A/cattle/Texas/24-008749-003/2024(H5N1)	1322	3146
PA|PP755594.1|A/cattle/Texas/24-008749-003/2024(H5N1)	1323	3155
PA|PP755594.1|A/cattle/Texas/24-008749-003/2024(H5N1)	1324	3168
PA|PP755594.1|A/cattle/Texas/24-008749-003/2024(H5N1)	1325	3177
PA|PP755594.1|A/cattle/Texas/24-008749-003/2024(H5N1)	1326	3188
PA|PP755594.1|A/cattle/Texas/24-008749-003/2024(H5N1)	1327	3194
PA|PP755594.1|A/cattle/Texas/24-008749-003/2024(H5N1)	1328	3199
PA|PP755594.1|A/cattle/Texas/24-008749-003/2024(H5N1)	1329	3243
PA|PP755594.1|A/cattle/Texas/24-008749-003/2024(H5N1)	1330	3250
PA|PP755594.1|A/cattle/Texas/24-008749-003/2024(H5N1)	1331	3256
PA|PP755594.1|A/cattle/Texas/24-008749-003/2024(H5N1)	1332	3278
PA|PP755594.1|A/cattle/Texas/24-008749-003/2024(H5N1)	1333	3280
PA|PP755594.1|A/cattle/Texas/24-008749-003/2024(H5N1)	1334	3285
PA|PP755594.1|A/cattle/Texas/24-008749-003/2024(H5N1)	1335	3296
PA|PP755594.1|A/cattle/Texas/24-008749-003/2024(H5N1)	1336	3300
PA|PP755594.1|A/cattle/Texas/24-008749-003/2024(H5N1)	1337	3301
PA|PP755594.1|A/cattle/Texas/24-008749-003/2024(H5N1)	1338	3292
PA|PP755594.1|A/cattle/Texas/24-008749-003/2024(H5N1)	1339	3288
PA|PP755594.1|A/cattle/Texas/24-008749-003/2024(H5N1)	1340	3385
PA|PP755594.1|A/cattle/Texas/24-008749-003/2024(H5N1)	1341	3377
PA|PP755594.1|A/cattle/Texas/24-008749-003/2024(H5N1)	1342	3349
PA|PP755594.1|A/cattle/Texas/24-008749-003/2024(H5N1)	1343	3344
PA|PP755594.1|A/cattle/Texas/24-008749-003/2024(H5N1)	1344	3011
PA|PP755594.1|A/cattle/Texas/24-008749-003/2024(H5N1)	1345	3044
PA|PP755594.1|A/cattle/Texas/24-008749-003/2024(H5N1)	1346	3044
PA|PP755594.1|A/cattle/Texas/24-008749-003/2024(H5N1)	1347	3044
PA|PP755594.1|A/cattle/Texas/24-008749-003/2024(H5N1)	1348	3060
PA|PP755594.1|A/cattle/Texas/24-008749-003/2024(H5N1)	1349	3096
PA|PP755594.1|A/cattle/Texas/24-008749-003/2024(H5N1)	1350	3141
PA|PP755594.1|A/cattle/Texas/24-008749-003/2024(H5N1)	1351	3237
PA|PP755594.1|A/cattle/Texas/24-008749-003/2024(H5N1)	1352	3239
PA|PP755594.1|A/cattle/Texas/24-008749-003/2024(H5N1)	1353	3284
PA|PP755594.1|A/cattle/Texas/24-008749-003/2024(H5N1)	1354	3326
PA|PP755594.1|A/cattle/Texas/24-008749-003/2024(H5N1)	1355	3399
PA|PP755594.1|A/cattle/Texas/24-008749-003/2024(H5N1)	1356	3552
PA|PP755594.1|A/cattle/Texas/24-008749-003/2024(H5N1)	1357	3560
PA|PP755594.1|A/cattle/Texas/24-008749-003/2024(H5N1)	1358	3568
PA|PP755594.1|A/cattle/Texas/24-008749-003/2024(H5N1)	1359	3585
PA|PP755594.1|A/cattle/Texas/24-008749-003/2024(H5N1)	1360	3571
PA|PP755594.1|A/cattle/Texas/24-008749-003/2024(H5N1)	1361	3599
PA|PP755594.1|A/cattle/Texas/24-008749-003/2024(H5N1)	1362	3604
PA|PP755594.1|A/cattle/Texas/24-008749-003/2024(H5N1)	1363	3490
PA|PP755594.1|A/cattle/Texas/24-008749-003/2024(H5N1)	1364	3536
PA|PP755594.1|A/cattle/Texas/24-008749-003/2024(H5N1)	1365	3537
PA|PP755594.1|A/cattle/Texas/24-008749-003/2024(H5N1)	1366	3584
PA|PP755594.1|A/cattle/Texas/24-008749-003/2024(H5N1)	1367	3589
PA|PP755594.1|A/cattle/Texas/24-008749-003/2024(H5N1)	1368	3589
PA|PP755594.1|A/cattle/Texas/24-008749-003/2024(H5N1)	1369	3607
PA|PP755594.1|A/cattle/Texas/24-008749-003/2024(H5N1)	1370	3604
PA|PP755594.1|A/cattle/Texas/24-008749-003/2024(H5N1)	1371	3622
PA|PP755594.1|A/cattle/Texas/24-008749-003/2024(H5N1)	1372	3620
PA|PP755594.1|A/cattle/Texas/24-008749-003/2024(H5N1)	1373	3614
PA|PP755594.1|A/cattle/Texas/24-008749-003/2024(H5N1)	1374	3599
PA|PP755594.1|A/cattle/Texas/24-008749-003/2024(H5N1)	1375	3559
PA|PP755594.1|A/cattle/Texas/24-008749-003/2024(H5N1)	1376	3550
PA|PP755594.1|A/cattle/Texas/24-008749-003/2024(H5N1)	1377	3539
PA|PP755594.1|A/cattle/Texas/24-008749-003/2024(H5N1)	1378	3521
PA|PP755594.1|A/cattle/Texas/24-008749-003/2024(H5N1)	1379	3498
PA|PP755594.1|A/cattle/Texas/24-008749-003/2024(H5N1)	1380	3488
PA|PP755594.1|A/cattle/Texas/24-008749-003/2024(H5N1)	1381	3476
PA|PP755594.1|A/cattle/Texas/24-008749-003/2024(H5N1)	1382	3471
PA|PP755594.1|A/cattle/Texas/24-008749-003/2024(H5N1)	1383	3447
PA|PP755594.1|A/cattle/Texas/24-008749-003/2024(H5N1)	1384	3367
PA|PP755594.1|A/cattle/Texas/24-008749-003/2024(H5N1)	1385	3364
PA|PP755594.1|A/cattle/Texas/24-008749-003/2024(H5N1)	1386	3320
PA|PP755594.1|A/cattle/Texas/24-008749-003/2024(H5N1)	1387	3320
PA|PP755594.1|A/cattle/Texas/24-008749-003/2024(H5N1)	1388	3315
PA|PP755594.1|A/cattle/Texas/24-008749-003/2024(H5N1)	1389	3259
PA|PP755594.1|A/cattle/Texas/24-008749-003/2024(H5N1)	1390	3256
PA|PP755594.1|A/cattle/Texas/24-008749-003/2024(H5N1)	1391	3251
PA|PP755594.1|A/cattle/Texas/24-008749-003/2024(H5N1)	1392	3227
PA|PP755594.1|A/cattle/Texas/24-008749-003/2024(H5N1)	1393	3222
PA|PP755594.1|A/cattle/Texas/24-008749-003/2024(H5N1)	1394	3214
PA|PP755594.1|A/cattle/Texas/24-008749-003/2024(H5N1)	1395	3170
PA|PP755594.1|A/cattle/Texas/24-008749-003/2024(H5N1)	1396	3143
PA|PP755594.1|A/cattle/Texas/24-008749-003/2024(H5N1)	1397	3116
PA|PP755594.1|A/cattle/Texas/24-008749-003/2024(H5N1)	1398	3084
PA|PP755594.1|A/cattle/Texas/24-008749-003/2024(H5N1)	1399	3079
PA|PP755594.1|A/cattle/Texas/24-008749-003/2024(H5N1)	1400	3074
PA|PP755594.1|A/cattle/Texas/24-008749-003/2024(H5N1)	1401	2912
PA|PP755594.1|A/cattle/Texas/24-008749-003/2024(H5N1)	1402	2893
PA|PP755594.1|A/cattle/Texas/24-008749-003/2024(H5N1)	1403	2884
PA|PP755594.1|A/cattle/Texas/24-008749-003/2024(H5N1)	1404	1675
PA|PP755594.1|A/cattle/Texas/24-008749-003/2024(H5N1)	1405	1631
PA|PP755594.1|A/cattle/Texas/24-008749-003/2024(H5N1)	1406	1496
PA|PP755594.1|A/cattle/Texas/24-008749-003/2024(H5N1)	1407	1495
PA|PP755594.1|A/cattle/Texas/24-008749-003/2024(H5N1)	1408	1495
PA|PP755594.1|A/cattle/Texas/24-008749-003/2024(H5N1)	1409	1495
PA|PP755594.1|A/cattle/Texas/24-008749-003/2024(H5N1)	1410	1495
PA|PP755594.1|A/cattle/Texas/24-008749-003/2024(H5N1)	1411	1496
PA|PP755594.1|A/cattle/Texas/24-008749-003/2024(H5N1)	1412	1496
PA|PP755594.1|A/cattle/Texas/24-008749-003/2024(H5N1)	1413	1496
PA|PP755594.1|A/cattle/Texas/24-008749-003/2024(H5N1)	1414	1496
PA|PP755594.1|A/cattle/Texas/24-008749-003/2024(H5N1)	1415	1496
PA|PP755594.1|A/cattle/Texas/24-008749-003/2024(H5N1)	1416	1496
PA|PP755594.1|A/cattle/Texas/24-008749-003/2024(H5N1)	1417	1496
PA|PP755594.1|A/cattle/Texas/24-008749-003/2024(H5N1)	1418	1496
PA|PP755594.1|A/cattle/Texas/24-008749-003/2024(H5N1)	1419	1496
PA|PP755594.1|A/cattle/Texas/24-008749-003/2024(H5N1)	1420	1496
PA|PP755594.1|A/cattle/Texas/24-008749-003/2024(H5N1)	1421	1496
PA|PP755594.1|A/cattle/Texas/24-008749-003/2024(H5N1)	1422	1496
PA|PP755594.1|A/cattle/Texas/24-008749-003/2024(H5N1)	1423	1496
PA|PP755594.1|A/cattle/Texas/24-008749-003/2024(H5N1)	1424	1496
PA|PP755594.1|A/cattle/Texas/24-008749-003/2024(H5N1)	1425	1496
PA|PP755594.1|A/cattle/Texas/24-008749-003/2024(H5N1)	1426	1497
PA|PP755594.1|A/cattle/Texas/24-008749-003/2024(H5N1)	1427	1497
PA|PP755594.1|A/cattle/Texas/24-008749-003/2024(H5N1)	1428	1497
PA|PP755594.1|A/cattle/Texas/24-008749-003/2024(H5N1)	1429	2669
PA|PP755594.1|A/cattle/Texas/24-008749-003/2024(H5N1)	1430	2672
PA|PP755594.1|A/cattle/Texas/24-008749-003/2024(H5N1)	1431	2686
PA|PP755594.1|A/cattle/Texas/24-008749-003/2024(H5N1)	1432	2693
PA|PP755594.1|A/cattle/Texas/24-008749-003/2024(H5N1)	1433	2700
PA|PP755594.1|A/cattle/Texas/24-008749-003/2024(H5N1)	1434	2706
PA|PP755594.1|A/cattle/Texas/24-008749-003/2024(H5N1)	1435	2706
PA|PP755594.1|A/cattle/Texas/24-008749-003/2024(H5N1)	1436	2706
PA|PP755594.1|A/cattle/Texas/24-008749-003/2024(H5N1)	1437	2706
PA|PP755594.1|A/cattle/Texas/24-008749-003/2024(H5N1)	1438	2706
PA|PP755594.1|A/cattle/Texas/24-008749-003/2024(H5N1)	1439	2706
PA|PP755594.1|A/cattle/Texas/24-008749-003/2024(H5N1)	1440	2688
PA|PP755594.1|A/cattle/Texas/24-008749-003/2024(H5N1)	1441	2680
PA|PP755594.1|A/cattle/Texas/24-008749-003/2024(H5N1)	1442	2678
PA|PP755594.1|A/cattle/Texas/24-008749-003/2024(H5N1)	1443	2578
PA|PP755594.1|A/cattle/Texas/24-008749-003/2024(H5N1)	1444	2578
PA|PP755594.1|A/cattle/Texas/24-008749-003/2024(H5N1)	1445	2578
PA|PP755594.1|A/cattle/Texas/24-008749-003/2024(H5N1)	1446	2578
PA|PP755594.1|A/cattle/Texas/24-008749-003/2024(H5N1)	1447	2578
PA|PP755594.1|A/cattle/Texas/24-008749-003/2024(H5N1)	1448	2578
PA|PP755594.1|A/cattle/Texas/24-008749-003/2024(H5N1)	1449	2577
PA|PP755594.1|A/cattle/Texas/24-008749-003/2024(H5N1)	1450	3004
PA|PP755594.1|A/cattle/Texas/24-008749-003/2024(H5N1)	1451	3006
PA|PP755594.1|A/cattle/Texas/24-008749-003/2024(H5N1)	1452	3011
PA|PP755594.1|A/cattle/Texas/24-008749-003/2024(H5N1)	1453	3022
PA|PP755594.1|A/cattle/Texas/24-008749-003/2024(H5N1)	1454	3022
PA|PP755594.1|A/cattle/Texas/24-008749-003/2024(H5N1)	1455	3018
PA|PP755594.1|A/cattle/Texas/24-008749-003/2024(H5N1)	1456	3016
PA|PP755594.1|A/cattle/Texas/24-008749-003/2024(H5N1)	1457	2977
PA|PP755594.1|A/cattle/Texas/24-008749-003/2024(H5N1)	1458	2975
PA|PP755594.1|A/cattle/Texas/24-008749-003/2024(H5N1)	1459	2971
PA|PP755594.1|A/cattle/Texas/24-008749-003/2024(H5N1)	1460	2966
PA|PP755594.1|A/cattle/Texas/24-008749-003/2024(H5N1)	1461	2841
PA|PP755594.1|A/cattle/Texas/24-008749-003/2024(H5N1)	1462	2830
PA|PP755594.1|A/cattle/Texas/24-008749-003/2024(H5N1)	1463	2824
PA|PP755594.1|A/cattle/Texas/24-008749-003/2024(H5N1)	1464	2772
PA|PP755594.1|A/cattle/Texas/24-008749-003/2024(H5N1)	1465	2772
PA|PP755594.1|A/cattle/Texas/24-008749-003/2024(H5N1)	1466	2772
PA|PP755594.1|A/cattle/Texas/24-008749-003/2024(H5N1)	1467	2770
PA|PP755594.1|A/cattle/Texas/24-008749-003/2024(H5N1)	1468	2695
PA|PP755594.1|A/cattle/Texas/24-008749-003/2024(H5N1)	1469	2686
PA|PP755594.1|A/cattle/Texas/24-008749-003/2024(H5N1)	1470	2671
PA|PP755594.1|A/cattle/Texas/24-008749-003/2024(H5N1)	1471	2720
PA|PP755594.1|A/cattle/Texas/24-008749-003/2024(H5N1)	1472	2730
PA|PP755594.1|A/cattle/Texas/24-008749-003/2024(H5N1)	1473	2701
PA|PP755594.1|A/cattle/Texas/24-008749-003/2024(H5N1)	1474	3021
PA|PP755594.1|A/cattle/Texas/24-008749-003/2024(H5N1)	1475	3061
PA|PP755594.1|A/cattle/Texas/24-008749-003/2024(H5N1)	1476	3061
PA|PP755594.1|A/cattle/Texas/24-008749-003/2024(H5N1)	1477	3064
PA|PP755594.1|A/cattle/Texas/24-008749-003/2024(H5N1)	1478	3049
PA|PP755594.1|A/cattle/Texas/24-008749-003/2024(H5N1)	1479	3042
PA|PP755594.1|A/cattle/Texas/24-008749-003/2024(H5N1)	1480	3028
PA|PP755594.1|A/cattle/Texas/24-008749-003/2024(H5N1)	1481	3036
PA|PP755594.1|A/cattle/Texas/24-008749-003/2024(H5N1)	1482	3030
PA|PP755594.1|A/cattle/Texas/24-008749-003/2024(H5N1)	1483	3005
PA|PP755594.1|A/cattle/Texas/24-008749-003/2024(H5N1)	1484	3010
PA|PP755594.1|A/cattle/Texas/24-008749-003/2024(H5N1)	1485	3094
PA|PP755594.1|A/cattle/Texas/24-008749-003/2024(H5N1)	1486	3079
PA|PP755594.1|A/cattle/Texas/24-008749-003/2024(H5N1)	1487	3073
PA|PP755594.1|A/cattle/Texas/24-008749-003/2024(H5N1)	1488	3072
PA|PP755594.1|A/cattle/Texas/24-008749-003/2024(H5N1)	1489	3070
PA|PP755594.1|A/cattle/Texas/24-008749-003/2024(H5N1)	1490	2477
PA|PP755594.1|A/cattle/Texas/24-008749-003/2024(H5N1)	1491	2341
PA|PP755594.1|A/cattle/Texas/24-008749-003/2024(H5N1)	1492	2349
PA|PP755594.1|A/cattle/Texas/24-008749-003/2024(H5N1)	1493	2357
PA|PP755594.1|A/cattle/Texas/24-008749-003/2024(H5N1)	1494	2367
PA|PP755594.1|A/cattle/Texas/24-008749-003/2024(H5N1)	1495	2423
PA|PP755594.1|A/cattle/Texas/24-008749-003/2024(H5N1)	1496	2383
PA|PP755594.1|A/cattle/Texas/24-008749-003/2024(H5N1)	1497	2382
PA|PP755594.1|A/cattle/Texas/24-008749-003/2024(H5N1)	1498	2499
PA|PP755594.1|A/cattle/Texas/24-008749-003/2024(H5N1)	1499	2505
PA|PP755594.1|A/cattle/Texas/24-008749-003/2024(H5N1)	1500	2545
PA|PP755594.1|A/cattle/Texas/24-008749-003/2024(H5N1)	1501	2817
PA|PP755594.1|A/cattle/Texas/24-008749-003/2024(H5N1)	1502	2817
PA|PP755594.1|A/cattle/Texas/24-008749-003/2024(H5N1)	1503	2993
PA|PP755594.1|A/cattle/Texas/24-008749-003/2024(H5N1)	1504	3005
PA|PP755594.1|A/cattle/Texas/24-008749-003/2024(H5N1)	1505	3019
PA|PP755594.1|A/cattle/Texas/24-008749-003/2024(H5N1)	1506	3084
PA|PP755594.1|A/cattle/Texas/24-008749-003/2024(H5N1)	1507	3119
PA|PP755594.1|A/cattle/Texas/24-008749-003/2024(H5N1)	1508	3121
PA|PP755594.1|A/cattle/Texas/24-008749-003/2024(H5N1)	1509	3126
PA|PP755594.1|A/cattle/Texas/24-008749-003/2024(H5N1)	1510	3181
PA|PP755594.1|A/cattle/Texas/24-008749-003/2024(H5N1)	1511	3240
PA|PP755594.1|A/cattle/Texas/24-008749-003/2024(H5N1)	1512	3220
PA|PP755594.1|A/cattle/Texas/24-008749-003/2024(H5N1)	1513	3274
PA|PP755594.1|A/cattle/Texas/24-008749-003/2024(H5N1)	1514	3276
PA|PP755594.1|A/cattle/Texas/24-008749-003/2024(H5N1)	1515	3424
PA|PP755594.1|A/cattle/Texas/24-008749-003/2024(H5N1)	1516	3449
PA|PP755594.1|A/cattle/Texas/24-008749-003/2024(H5N1)	1517	3450
PA|PP755594.1|A/cattle/Texas/24-008749-003/2024(H5N1)	1518	3460
PA|PP755594.1|A/cattle/Texas/24-008749-003/2024(H5N1)	1519	3464
PA|PP755594.1|A/cattle/Texas/24-008749-003/2024(H5N1)	1520	3465
PA|PP755594.1|A/cattle/Texas/24-008749-003/2024(H5N1)	1521	3484
PA|PP755594.1|A/cattle/Texas/24-008749-003/2024(H5N1)	1522	3466
PA|PP755594.1|A/cattle/Texas/24-008749-003/2024(H5N1)	1523	3462
PA|PP755594.1|A/cattle/Texas/24-008749-003/2024(H5N1)	1524	3260
PA|PP755594.1|A/cattle/Texas/24-008749-003/2024(H5N1)	1525	3269
PA|PP755594.1|A/cattle/Texas/24-008749-003/2024(H5N1)	1526	3278
PA|PP755594.1|A/cattle/Texas/24-008749-003/2024(H5N1)	1527	3297
PA|PP755594.1|A/cattle/Texas/24-008749-003/2024(H5N1)	1528	3485
PA|PP755594.1|A/cattle/Texas/24-008749-003/2024(H5N1)	1529	3547
PA|PP755594.1|A/cattle/Texas/24-008749-003/2024(H5N1)	1530	3575
PA|PP755594.1|A/cattle/Texas/24-008749-003/2024(H5N1)	1531	3577
PA|PP755594.1|A/cattle/Texas/24-008749-003/2024(H5N1)	1532	3576
PA|PP755594.1|A/cattle/Texas/24-008749-003/2024(H5N1)	1533	3580
PA|PP755594.1|A/cattle/Texas/24-008749-003/2024(H5N1)	1534	3599
PA|PP755594.1|A/cattle/Texas/24-008749-003/2024(H5N1)	1535	3600
PA|PP755594.1|A/cattle/Texas/24-008749-003/2024(H5N1)	1536	3719
PA|PP755594.1|A/cattle/Texas/24-008749-003/2024(H5N1)	1537	3747
PA|PP755594.1|A/cattle/Texas/24-008749-003/2024(H5N1)	1538	3742
PA|PP755594.1|A/cattle/Texas/24-008749-003/2024(H5N1)	1539	3758
PA|PP755594.1|A/cattle/Texas/24-008749-003/2024(H5N1)	1540	3756
PA|PP755594.1|A/cattle/Texas/24-008749-003/2024(H5N1)	1541	3810
PA|PP755594.1|A/cattle/Texas/24-008749-003/2024(H5N1)	1542	3560
PA|PP755594.1|A/cattle/Texas/24-008749-003/2024(H5N1)	1543	3590
PA|PP755594.1|A/cattle/Texas/24-008749-003/2024(H5N1)	1544	3643
PA|PP755594.1|A/cattle/Texas/24-008749-003/2024(H5N1)	1545	3653
PA|PP755594.1|A/cattle/Texas/24-008749-003/2024(H5N1)	1546	3658
PA|PP755594.1|A/cattle/Texas/24-008749-003/2024(H5N1)	1547	3679
PA|PP755594.1|A/cattle/Texas/24-008749-003/2024(H5N1)	1548	3572
PA|PP755594.1|A/cattle/Texas/24-008749-003/2024(H5N1)	1549	3570
PA|PP755594.1|A/cattle/Texas/24-008749-003/2024(H5N1)	1550	3545
PA|PP755594.1|A/cattle/Texas/24-008749-003/2024(H5N1)	1551	3186
PA|PP755594.1|A/cattle/Texas/24-008749-003/2024(H5N1)	1552	3190
PA|PP755594.1|A/cattle/Texas/24-008749-003/2024(H5N1)	1553	3189
PA|PP755594.1|A/cattle/Texas/24-008749-003/2024(H5N1)	1554	3189
PA|PP755594.1|A/cattle/Texas/24-008749-003/2024(H5N1)	1555	3201
PA|PP755594.1|A/cattle/Texas/24-008749-003/2024(H5N1)	1556	3219
PA|PP755594.1|A/cattle/Texas/24-008749-003/2024(H5N1)	1557	3229
PA|PP755594.1|A/cattle/Texas/24-008749-003/2024(H5N1)	1558	3411
PA|PP755594.1|A/cattle/Texas/24-008749-003/2024(H5N1)	1559	3425
PA|PP755594.1|A/cattle/Texas/24-008749-003/2024(H5N1)	1560	3438
PA|PP755594.1|A/cattle/Texas/24-008749-003/2024(H5N1)	1561	3438
PA|PP755594.1|A/cattle/Texas/24-008749-003/2024(H5N1)	1562	3441
PA|PP755594.1|A/cattle/Texas/24-008749-003/2024(H5N1)	1563	3442
PA|PP755594.1|A/cattle/Texas/24-008749-003/2024(H5N1)	1564	3468
PA|PP755594.1|A/cattle/Texas/24-008749-003/2024(H5N1)	1565	3498
PA|PP755594.1|A/cattle/Texas/24-008749-003/2024(H5N1)	1566	3501
PA|PP755594.1|A/cattle/Texas/24-008749-003/2024(H5N1)	1567	3502
PA|PP755594.1|A/cattle/Texas/24-008749-003/2024(H5N1)	1568	3513
PA|PP755594.1|A/cattle/Texas/24-008749-003/2024(H5N1)	1569	3515
PA|PP755594.1|A/cattle/Texas/24-008749-003/2024(H5N1)	1570	3515
PA|PP755594.1|A/cattle/Texas/24-008749-003/2024(H5N1)	1571	3515
PA|PP755594.1|A/cattle/Texas/24-008749-003/2024(H5N1)	1572	2871
PA|PP755594.1|A/cattle/Texas/24-008749-003/2024(H5N1)	1573	2890
PA|PP755594.1|A/cattle/Texas/24-008749-003/2024(H5N1)	1574	2890
PA|PP755594.1|A/cattle/Texas/24-008749-003/2024(H5N1)	1575	2890
PA|PP755594.1|A/cattle/Texas/24-008749-003/2024(H5N1)	1576	2892
PA|PP755594.1|A/cattle/Texas/24-008749-003/2024(H5N1)	1577	2892
PA|PP755594.1|A/cattle/Texas/24-008749-003/2024(H5N1)	1578	2893
PA|PP755594.1|A/cattle/Texas/24-008749-003/2024(H5N1)	1579	2908
PA|PP755594.1|A/cattle/Texas/24-008749-003/2024(H5N1)	1580	2889
PA|PP755594.1|A/cattle/Texas/24-008749-003/2024(H5N1)	1581	2890
PA|PP755594.1|A/cattle/Texas/24-008749-003/2024(H5N1)	1582	2910
PA|PP755594.1|A/cattle/Texas/24-008749-003/2024(H5N1)	1583	2963
PA|PP755594.1|A/cattle/Texas/24-008749-003/2024(H5N1)	1584	2961
PA|PP755594.1|A/cattle/Texas/24-008749-003/2024(H5N1)	1585	2967
PA|PP755594.1|A/cattle/Texas/24-008749-003/2024(H5N1)	1586	3150
PA|PP755594.1|A/cattle/Texas/24-008749-003/2024(H5N1)	1587	3167
PA|PP755594.1|A/cattle/Texas/24-008749-003/2024(H5N1)	1588	3188
PA|PP755594.1|A/cattle/Texas/24-008749-003/2024(H5N1)	1589	3247
PA|PP755594.1|A/cattle/Texas/24-008749-003/2024(H5N1)	1590	3247
PA|PP755594.1|A/cattle/Texas/24-008749-003/2024(H5N1)	1591	3248
PA|PP755594.1|A/cattle/Texas/24-008749-003/2024(H5N1)	1592	3473
PA|PP755594.1|A/cattle/Texas/24-008749-003/2024(H5N1)	1593	3515
PA|PP755594.1|A/cattle/Texas/24-008749-003/2024(H5N1)	1594	3528
PA|PP755594.1|A/cattle/Texas/24-008749-003/2024(H5N1)	1595	3528
PA|PP755594.1|A/cattle/Texas/24-008749-003/2024(H5N1)	1596	3527
PA|PP755594.1|A/cattle/Texas/24-008749-003/2024(H5N1)	1597	3642
PA|PP755594.1|A/cattle/Texas/24-008749-003/2024(H5N1)	1598	3653
PA|PP755594.1|A/cattle/Texas/24-008749-003/2024(H5N1)	1599	3656
PA|PP755594.1|A/cattle/Texas/24-008749-003/2024(H5N1)	1600	3840
PA|PP755594.1|A/cattle/Texas/24-008749-003/2024(H5N1)	1601	3842
PA|PP755594.1|A/cattle/Texas/24-008749-003/2024(H5N1)	1602	3852
PA|PP755594.1|A/cattle/Texas/24-008749-003/2024(H5N1)	1603	3877
PA|PP755594.1|A/cattle/Texas/24-008749-003/2024(H5N1)	1604	3885
PA|PP755594.1|A/cattle/Texas/24-008749-003/2024(H5N1)	1605	3899
PA|PP755594.1|A/cattle/Texas/24-008749-003/2024(H5N1)	1606	3903
PA|PP755594.1|A/cattle/Texas/24-008749-003/2024(H5N1)	1607	3922
PA|PP755594.1|A/cattle/Texas/24-008749-003/2024(H5N1)	1608	3921
PA|PP755594.1|A/cattle/Texas/24-008749-003/2024(H5N1)	1609	3983
PA|PP755594.1|A/cattle/Texas/24-008749-003/2024(H5N1)	1610	3962
PA|PP755594.1|A/cattle/Texas/24-008749-003/2024(H5N1)	1611	3940
PA|PP755594.1|A/cattle/Texas/24-008749-003/2024(H5N1)	1612	3948
PA|PP755594.1|A/cattle/Texas/24-008749-003/2024(H5N1)	1613	3986
PA|PP755594.1|A/cattle/Texas/24-008749-003/2024(H5N1)	1614	4015
PA|PP755594.1|A/cattle/Texas/24-008749-003/2024(H5N1)	1615	3967
PA|PP755594.1|A/cattle/Texas/24-008749-003/2024(H5N1)	1616	3962
PA|PP755594.1|A/cattle/Texas/24-008749-003/2024(H5N1)	1617	4017
PA|PP755594.1|A/cattle/Texas/24-008749-003/2024(H5N1)	1618	4019
PA|PP755594.1|A/cattle/Texas/24-008749-003/2024(H5N1)	1619	3998
PA|PP755594.1|A/cattle/Texas/24-008749-003/2024(H5N1)	1620	3946
PA|PP755594.1|A/cattle/Texas/24-008749-003/2024(H5N1)	1621	3895
PA|PP755594.1|A/cattle/Texas/24-008749-003/2024(H5N1)	1622	3894
PA|PP755594.1|A/cattle/Texas/24-008749-003/2024(H5N1)	1623	3874
PA|PP755594.1|A/cattle/Texas/24-008749-003/2024(H5N1)	1624	3873
PA|PP755594.1|A/cattle/Texas/24-008749-003/2024(H5N1)	1625	3933
PA|PP755594.1|A/cattle/Texas/24-008749-003/2024(H5N1)	1626	3891
PA|PP755594.1|A/cattle/Texas/24-008749-003/2024(H5N1)	1627	3879
PA|PP755594.1|A/cattle/Texas/24-008749-003/2024(H5N1)	1628	3878
PA|PP755594.1|A/cattle/Texas/24-008749-003/2024(H5N1)	1629	3875
PA|PP755594.1|A/cattle/Texas/24-008749-003/2024(H5N1)	1630	3870
PA|PP755594.1|A/cattle/Texas/24-008749-003/2024(H5N1)	1631	3853
PA|PP755594.1|A/cattle/Texas/24-008749-003/2024(H5N1)	1632	2975
PA|PP755594.1|A/cattle/Texas/24-008749-003/2024(H5N1)	1633	2975
PA|PP755594.1|A/cattle/Texas/24-008749-003/2024(H5N1)	1634	2984
PA|PP755594.1|A/cattle/Texas/24-008749-003/2024(H5N1)	1635	2997
PA|PP755594.1|A/cattle/Texas/24-008749-003/2024(H5N1)	1636	3267
PA|PP755594.1|A/cattle/Texas/24-008749-003/2024(H5N1)	1637	3295
PA|PP755594.1|A/cattle/Texas/24-008749-003/2024(H5N1)	1638	3326
PA|PP755594.1|A/cattle/Texas/24-008749-003/2024(H5N1)	1639	3350
PA|PP755594.1|A/cattle/Texas/24-008749-003/2024(H5N1)	1640	3428
PA|PP755594.1|A/cattle/Texas/24-008749-003/2024(H5N1)	1641	3429
PA|PP755594.1|A/cattle/Texas/24-008749-003/2024(H5N1)	1642	3448
PA|PP755594.1|A/cattle/Texas/24-008749-003/2024(H5N1)	1643	3522
PA|PP755594.1|A/cattle/Texas/24-008749-003/2024(H5N1)	1644	3530
PA|PP755594.1|A/cattle/Texas/24-008749-003/2024(H5N1)	1645	3819
PA|PP755594.1|A/cattle/Texas/24-008749-003/2024(H5N1)	1646	3819
PA|PP755594.1|A/cattle/Texas/24-008749-003/2024(H5N1)	1647	3817
PA|PP755594.1|A/cattle/Texas/24-008749-003/2024(H5N1)	1648	3695
PA|PP755594.1|A/cattle/Texas/24-008749-003/2024(H5N1)	1649	3672
PA|PP755594.1|A/cattle/Texas/24-008749-003/2024(H5N1)	1650	3672
PA|PP755594.1|A/cattle/Texas/24-008749-003/2024(H5N1)	1651	3683
PA|PP755594.1|A/cattle/Texas/24-008749-003/2024(H5N1)	1652	4085
PA|PP755594.1|A/cattle/Texas/24-008749-003/2024(H5N1)	1653	4132
PA|PP755594.1|A/cattle/Texas/24-008749-003/2024(H5N1)	1654	4143
PA|PP755594.1|A/cattle/Texas/24-008749-003/2024(H5N1)	1655	4225
PA|PP755594.1|A/cattle/Texas/24-008749-003/2024(H5N1)	1656	4233
PA|PP755594.1|A/cattle/Texas/24-008749-003/2024(H5N1)	1657	4380
PA|PP755594.1|A/cattle/Texas/24-008749-003/2024(H5N1)	1658	4408
PA|PP755594.1|A/cattle/Texas/24-008749-003/2024(H5N1)	1659	4407
PA|PP755594.1|A/cattle/Texas/24-008749-003/2024(H5N1)	1660	4401
PA|PP755594.1|A/cattle/Texas/24-008749-003/2024(H5N1)	1661	4361
PA|PP755594.1|A/cattle/Texas/24-008749-003/2024(H5N1)	1662	4321
PA|PP755594.1|A/cattle/Texas/24-008749-003/2024(H5N1)	1663	4352
PA|PP755594.1|A/cattle/Texas/24-008749-003/2024(H5N1)	1664	4340
PA|PP755594.1|A/cattle/Texas/24-008749-003/2024(H5N1)	1665	4339
PA|PP755594.1|A/cattle/Texas/24-008749-003/2024(H5N1)	1666	4184
PA|PP755594.1|A/cattle/Texas/24-008749-003/2024(H5N1)	1667	4162
PA|PP755594.1|A/cattle/Texas/24-008749-003/2024(H5N1)	1668	4160
PA|PP755594.1|A/cattle/Texas/24-008749-003/2024(H5N1)	1669	4153
PA|PP755594.1|A/cattle/Texas/24-008749-003/2024(H5N1)	1670	4149
PA|PP755594.1|A/cattle/Texas/24-008749-003/2024(H5N1)	1671	4140
PA|PP755594.1|A/cattle/Texas/24-008749-003/2024(H5N1)	1672	4104
PA|PP755594.1|A/cattle/Texas/24-008749-003/2024(H5N1)	1673	3780
PA|PP755594.1|A/cattle/Texas/24-008749-003/2024(H5N1)	1674	3779
PA|PP755594.1|A/cattle/Texas/24-008749-003/2024(H5N1)	1675	3796
PA|PP755594.1|A/cattle/Texas/24-008749-003/2024(H5N1)	1676	3804
PA|PP755594.1|A/cattle/Texas/24-008749-003/2024(H5N1)	1677	3813
PA|PP755594.1|A/cattle/Texas/24-008749-003/2024(H5N1)	1678	4131
PA|PP755594.1|A/cattle/Texas/24-008749-003/2024(H5N1)	1679	4144
PA|PP755594.1|A/cattle/Texas/24-008749-003/2024(H5N1)	1680	4148
PA|PP755594.1|A/cattle/Texas/24-008749-003/2024(H5N1)	1681	4178
PA|PP755594.1|A/cattle/Texas/24-008749-003/2024(H5N1)	1682	4179
PA|PP755594.1|A/cattle/Texas/24-008749-003/2024(H5N1)	1683	4196
PA|PP755594.1|A/cattle/Texas/24-008749-003/2024(H5N1)	1684	4193
PA|PP755594.1|A/cattle/Texas/24-008749-003/2024(H5N1)	1685	4212
PA|PP755594.1|A/cattle/Texas/24-008749-003/2024(H5N1)	1686	4145
PA|PP755594.1|A/cattle/Texas/24-008749-003/2024(H5N1)	1687	4088
PA|PP755594.1|A/cattle/Texas/24-008749-003/2024(H5N1)	1688	4077
PA|PP755594.1|A/cattle/Texas/24-008749-003/2024(H5N1)	1689	4098
PA|PP755594.1|A/cattle/Texas/24-008749-003/2024(H5N1)	1690	4078
PA|PP755594.1|A/cattle/Texas/24-008749-003/2024(H5N1)	1691	4073
PA|PP755594.1|A/cattle/Texas/24-008749-003/2024(H5N1)	1692	4017
PA|PP755594.1|A/cattle/Texas/24-008749-003/2024(H5N1)	1693	3982
PA|PP755594.1|A/cattle/Texas/24-008749-003/2024(H5N1)	1694	3954
PA|PP755594.1|A/cattle/Texas/24-008749-003/2024(H5N1)	1695	3713
PA|PP755594.1|A/cattle/Texas/24-008749-003/2024(H5N1)	1696	3702
PA|PP755594.1|A/cattle/Texas/24-008749-003/2024(H5N1)	1697	3693
PA|PP755594.1|A/cattle/Texas/24-008749-003/2024(H5N1)	1698	3675
PA|PP755594.1|A/cattle/Texas/24-008749-003/2024(H5N1)	1699	3682
PA|PP755594.1|A/cattle/Texas/24-008749-003/2024(H5N1)	1700	3698
PA|PP755594.1|A/cattle/Texas/24-008749-003/2024(H5N1)	1701	3634
PA|PP755594.1|A/cattle/Texas/24-008749-003/2024(H5N1)	1702	3571
PA|PP755594.1|A/cattle/Texas/24-008749-003/2024(H5N1)	1703	3565
PA|PP755594.1|A/cattle/Texas/24-008749-003/2024(H5N1)	1704	3564
PA|PP755594.1|A/cattle/Texas/24-008749-003/2024(H5N1)	1705	3565
PA|PP755594.1|A/cattle/Texas/24-008749-003/2024(H5N1)	1706	3552
PA|PP755594.1|A/cattle/Texas/24-008749-003/2024(H5N1)	1707	3533
PA|PP755594.1|A/cattle/Texas/24-008749-003/2024(H5N1)	1708	3537
PA|PP755594.1|A/cattle/Texas/24-008749-003/2024(H5N1)	1709	3548
PA|PP755594.1|A/cattle/Texas/24-008749-003/2024(H5N1)	1710	3562
PA|PP755594.1|A/cattle/Texas/24-008749-003/2024(H5N1)	1711	3948
PA|PP755594.1|A/cattle/Texas/24-008749-003/2024(H5N1)	1712	3956
PA|PP755594.1|A/cattle/Texas/24-008749-003/2024(H5N1)	1713	3959
PA|PP755594.1|A/cattle/Texas/24-008749-003/2024(H5N1)	1714	3960
PA|PP755594.1|A/cattle/Texas/24-008749-003/2024(H5N1)	1715	3967
PA|PP755594.1|A/cattle/Texas/24-008749-003/2024(H5N1)	1716	3946
PA|PP755594.1|A/cattle/Texas/24-008749-003/2024(H5N1)	1717	4001
PA|PP755594.1|A/cattle/Texas/24-008749-003/2024(H5N1)	1718	4001
PA|PP755594.1|A/cattle/Texas/24-008749-003/2024(H5N1)	1719	4021
PA|PP755594.1|A/cattle/Texas/24-008749-003/2024(H5N1)	1720	4031
PA|PP755594.1|A/cattle/Texas/24-008749-003/2024(H5N1)	1721	3997
PA|PP755594.1|A/cattle/Texas/24-008749-003/2024(H5N1)	1722	4003
PA|PP755594.1|A/cattle/Texas/24-008749-003/2024(H5N1)	1723	4028
PA|PP755594.1|A/cattle/Texas/24-008749-003/2024(H5N1)	1724	4028
PA|PP755594.1|A/cattle/Texas/24-008749-003/2024(H5N1)	1725	4121
PA|PP755594.1|A/cattle/Texas/24-008749-003/2024(H5N1)	1726	4121
PA|PP755594.1|A/cattle/Texas/24-008749-003/2024(H5N1)	1727	4155
PA|PP755594.1|A/cattle/Texas/24-008749-003/2024(H5N1)	1728	4160
PA|PP755594.1|A/cattle/Texas/24-008749-003/2024(H5N1)	1729	4184
PA|PP755594.1|A/cattle/Texas/24-008749-003/2024(H5N1)	1730	4205
PA|PP755594.1|A/cattle/Texas/24-008749-003/2024(H5N1)	1731	4390
PA|PP755594.1|A/cattle/Texas/24-008749-003/2024(H5N1)	1732	4373
PA|PP755594.1|A/cattle/Texas/24-008749-003/2024(H5N1)	1733	4433
PA|PP755594.1|A/cattle/Texas/24-008749-003/2024(H5N1)	1734	4371
PA|PP755594.1|A/cattle/Texas/24-008749-003/2024(H5N1)	1735	4414
PA|PP755594.1|A/cattle/Texas/24-008749-003/2024(H5N1)	1736	4409
PA|PP755594.1|A/cattle/Texas/24-008749-003/2024(H5N1)	1737	4247
PA|PP755594.1|A/cattle/Texas/24-008749-003/2024(H5N1)	1738	4355
PA|PP755594.1|A/cattle/Texas/24-008749-003/2024(H5N1)	1739	4452
PA|PP755594.1|A/cattle/Texas/24-008749-003/2024(H5N1)	1740	4422
PA|PP755594.1|A/cattle/Texas/24-008749-003/2024(H5N1)	1741	4437
PA|PP755594.1|A/cattle/Texas/24-008749-003/2024(H5N1)	1742	4393
PA|PP755594.1|A/cattle/Texas/24-008749-003/2024(H5N1)	1743	4200
PA|PP755594.1|A/cattle/Texas/24-008749-003/2024(H5N1)	1744	4219
PA|PP755594.1|A/cattle/Texas/24-008749-003/2024(H5N1)	1745	4243
PA|PP755594.1|A/cattle/Texas/24-008749-003/2024(H5N1)	1746	4277
PA|PP755594.1|A/cattle/Texas/24-008749-003/2024(H5N1)	1747	4153
PA|PP755594.1|A/cattle/Texas/24-008749-003/2024(H5N1)	1748	4154
PA|PP755594.1|A/cattle/Texas/24-008749-003/2024(H5N1)	1749	4153
PA|PP755594.1|A/cattle/Texas/24-008749-003/2024(H5N1)	1750	4187
PA|PP755594.1|A/cattle/Texas/24-008749-003/2024(H5N1)	1751	4280
PA|PP755594.1|A/cattle/Texas/24-008749-003/2024(H5N1)	1752	4274
PA|PP755594.1|A/cattle/Texas/24-008749-003/2024(H5N1)	1753	4319
PA|PP755594.1|A/cattle/Texas/24-008749-003/2024(H5N1)	1754	4303
PA|PP755594.1|A/cattle/Texas/24-008749-003/2024(H5N1)	1755	4343
PA|PP755594.1|A/cattle/Texas/24-008749-003/2024(H5N1)	1756	4412
PA|PP755594.1|A/cattle/Texas/24-008749-003/2024(H5N1)	1757	4410
PA|PP755594.1|A/cattle/Texas/24-008749-003/2024(H5N1)	1758	4419
PA|PP755594.1|A/cattle/Texas/24-008749-003/2024(H5N1)	1759	4410
PA|PP755594.1|A/cattle/Texas/24-008749-003/2024(H5N1)	1760	4341
PA|PP755594.1|A/cattle/Texas/24-008749-003/2024(H5N1)	1761	4329
PA|PP755594.1|A/cattle/Texas/24-008749-003/2024(H5N1)	1762	4338
PA|PP755594.1|A/cattle/Texas/24-008749-003/2024(H5N1)	1763	4640
PA|PP755594.1|A/cattle/Texas/24-008749-003/2024(H5N1)	1764	4639
PA|PP755594.1|A/cattle/Texas/24-008749-003/2024(H5N1)	1765	4722
PA|PP755594.1|A/cattle/Texas/24-008749-003/2024(H5N1)	1766	5066
PA|PP755594.1|A/cattle/Texas/24-008749-003/2024(H5N1)	1767	5081
PA|PP755594.1|A/cattle/Texas/24-008749-003/2024(H5N1)	1768	5099
PA|PP755594.1|A/cattle/Texas/24-008749-003/2024(H5N1)	1769	5095
PA|PP755594.1|A/cattle/Texas/24-008749-003/2024(H5N1)	1770	5101
PA|PP755594.1|A/cattle/Texas/24-008749-003/2024(H5N1)	1771	5116
PA|PP755594.1|A/cattle/Texas/24-008749-003/2024(H5N1)	1772	4999
PA|PP755594.1|A/cattle/Texas/24-008749-003/2024(H5N1)	1773	5078
PA|PP755594.1|A/cattle/Texas/24-008749-003/2024(H5N1)	1774	5056
PA|PP755594.1|A/cattle/Texas/24-008749-003/2024(H5N1)	1775	5056
PA|PP755594.1|A/cattle/Texas/24-008749-003/2024(H5N1)	1776	4986
PA|PP755594.1|A/cattle/Texas/24-008749-003/2024(H5N1)	1777	4988
PA|PP755594.1|A/cattle/Texas/24-008749-003/2024(H5N1)	1778	4974
PA|PP755594.1|A/cattle/Texas/24-008749-003/2024(H5N1)	1779	5023
PA|PP755594.1|A/cattle/Texas/24-008749-003/2024(H5N1)	1780	5014
PA|PP755594.1|A/cattle/Texas/24-008749-003/2024(H5N1)	1781	5055
PA|PP755594.1|A/cattle/Texas/24-008749-003/2024(H5N1)	1782	5027
PA|PP755594.1|A/cattle/Texas/24-008749-003/2024(H5N1)	1783	5019
PA|PP755594.1|A/cattle/Texas/24-008749-003/2024(H5N1)	1784	4992
PA|PP755594.1|A/cattle/Texas/24-008749-003/2024(H5N1)	1785	5070
PA|PP755594.1|A/cattle/Texas/24-008749-003/2024(H5N1)	1786	5078
PA|PP755594.1|A/cattle/Texas/24-008749-003/2024(H5N1)	1787	5063
PA|PP755594.1|A/cattle/Texas/24-008749-003/2024(H5N1)	1788	4992
PA|PP755594.1|A/cattle/Texas/24-008749-003/2024(H5N1)	1789	4991
PA|PP755594.1|A/cattle/Texas/24-008749-003/2024(H5N1)	1790	4930
PA|PP755594.1|A/cattle/Texas/24-008749-003/2024(H5N1)	1791	4908
PA|PP755594.1|A/cattle/Texas/24-008749-003/2024(H5N1)	1792	4953
PA|PP755594.1|A/cattle/Texas/24-008749-003/2024(H5N1)	1793	4935
PA|PP755594.1|A/cattle/Texas/24-008749-003/2024(H5N1)	1794	4837
PA|PP755594.1|A/cattle/Texas/24-008749-003/2024(H5N1)	1795	4832
PA|PP755594.1|A/cattle/Texas/24-008749-003/2024(H5N1)	1796	4551
PA|PP755594.1|A/cattle/Texas/24-008749-003/2024(H5N1)	1797	4549
PA|PP755594.1|A/cattle/Texas/24-008749-003/2024(H5N1)	1798	4498
PA|PP755594.1|A/cattle/Texas/24-008749-003/2024(H5N1)	1799	4496
PA|PP755594.1|A/cattle/Texas/24-008749-003/2024(H5N1)	1800	4468
PA|PP755594.1|A/cattle/Texas/24-008749-003/2024(H5N1)	1801	4819
PA|PP755594.1|A/cattle/Texas/24-008749-003/2024(H5N1)	1802	4705
PA|PP755594.1|A/cattle/Texas/24-008749-003/2024(H5N1)	1803	4701
PA|PP755594.1|A/cattle/Texas/24-008749-003/2024(H5N1)	1804	4701
PA|PP755594.1|A/cattle/Texas/24-008749-003/2024(H5N1)	1805	4691
PA|PP755594.1|A/cattle/Texas/24-008749-003/2024(H5N1)	1806	4670
PA|PP755594.1|A/cattle/Texas/24-008749-003/2024(H5N1)	1807	4659
PA|PP755594.1|A/cattle/Texas/24-008749-003/2024(H5N1)	1808	4514
PA|PP755594.1|A/cattle/Texas/24-008749-003/2024(H5N1)	1809	4488
PA|PP755594.1|A/cattle/Texas/24-008749-003/2024(H5N1)	1810	4487
PA|PP755594.1|A/cattle/Texas/24-008749-003/2024(H5N1)	1811	4485
PA|PP755594.1|A/cattle/Texas/24-008749-003/2024(H5N1)	1812	3960
PA|PP755594.1|A/cattle/Texas/24-008749-003/2024(H5N1)	1813	3938
PA|PP755594.1|A/cattle/Texas/24-008749-003/2024(H5N1)	1814	3902
PA|PP755594.1|A/cattle/Texas/24-008749-003/2024(H5N1)	1815	3883
PA|PP755594.1|A/cattle/Texas/24-008749-003/2024(H5N1)	1816	3884
PA|PP755594.1|A/cattle/Texas/24-008749-003/2024(H5N1)	1817	3884
PA|PP755594.1|A/cattle/Texas/24-008749-003/2024(H5N1)	1818	3873
PA|PP755594.1|A/cattle/Texas/24-008749-003/2024(H5N1)	1819	3822
PA|PP755594.1|A/cattle/Texas/24-008749-003/2024(H5N1)	1820	3762
PA|PP755594.1|A/cattle/Texas/24-008749-003/2024(H5N1)	1821	3737
PA|PP755594.1|A/cattle/Texas/24-008749-003/2024(H5N1)	1822	3668
PA|PP755594.1|A/cattle/Texas/24-008749-003/2024(H5N1)	1823	3661
PA|PP755594.1|A/cattle/Texas/24-008749-003/2024(H5N1)	1824	3641
PA|PP755594.1|A/cattle/Texas/24-008749-003/2024(H5N1)	1825	3641
PA|PP755594.1|A/cattle/Texas/24-008749-003/2024(H5N1)	1826	3641
PA|PP755594.1|A/cattle/Texas/24-008749-003/2024(H5N1)	1827	3641
PA|PP755594.1|A/cattle/Texas/24-008749-003/2024(H5N1)	1828	3930
PA|PP755594.1|A/cattle/Texas/24-008749-003/2024(H5N1)	1829	3930
PA|PP755594.1|A/cattle/Texas/24-008749-003/2024(H5N1)	1830	3930
PA|PP755594.1|A/cattle/Texas/24-008749-003/2024(H5N1)	1831	3930
PA|PP755594.1|A/cattle/Texas/24-008749-003/2024(H5N1)	1832	3930
PA|PP755594.1|A/cattle/Texas/24-008749-003/2024(H5N1)	1833	3912
PA|PP755594.1|A/cattle/Texas/24-008749-003/2024(H5N1)	1834	3929
PA|PP755594.1|A/cattle/Texas/24-008749-003/2024(H5N1)	1835	3929
PA|PP755594.1|A/cattle/Texas/24-008749-003/2024(H5N1)	1836	3929
PA|PP755594.1|A/cattle/Texas/24-008749-003/2024(H5N1)	1837	3928
PA|PP755594.1|A/cattle/Texas/24-008749-003/2024(H5N1)	1838	3901
PA|PP755594.1|A/cattle/Texas/24-008749-003/2024(H5N1)	1839	3900
PA|PP755594.1|A/cattle/Texas/24-008749-003/2024(H5N1)	1840	3900
PA|PP755594.1|A/cattle/Texas/24-008749-003/2024(H5N1)	1841	3900
PA|PP755594.1|A/cattle/Texas/24-008749-003/2024(H5N1)	1842	3900
PA|PP755594.1|A/cattle/Texas/24-008749-003/2024(H5N1)	1843	3893
PA|PP755594.1|A/cattle/Texas/24-008749-003/2024(H5N1)	1844	3831
PA|PP755594.1|A/cattle/Texas/24-008749-003/2024(H5N1)	1845	3831
PA|PP755594.1|A/cattle/Texas/24-008749-003/2024(H5N1)	1846	3841
PA|PP755594.1|A/cattle/Texas/24-008749-003/2024(H5N1)	1847	3841
PA|PP755594.1|A/cattle/Texas/24-008749-003/2024(H5N1)	1848	3829
PA|PP755594.1|A/cattle/Texas/24-008749-003/2024(H5N1)	1849	4147
PA|PP755594.1|A/cattle/Texas/24-008749-003/2024(H5N1)	1850	4147
PA|PP755594.1|A/cattle/Texas/24-008749-003/2024(H5N1)	1851	4148
PA|PP755594.1|A/cattle/Texas/24-008749-003/2024(H5N1)	1852	4148
PA|PP755594.1|A/cattle/Texas/24-008749-003/2024(H5N1)	1853	4070
PA|PP755594.1|A/cattle/Texas/24-008749-003/2024(H5N1)	1854	4055
PA|PP755594.1|A/cattle/Texas/24-008749-003/2024(H5N1)	1855	4130
PA|PP755594.1|A/cattle/Texas/24-008749-003/2024(H5N1)	1856	4139
PA|PP755594.1|A/cattle/Texas/24-008749-003/2024(H5N1)	1857	4159
PA|PP755594.1|A/cattle/Texas/24-008749-003/2024(H5N1)	1858	4279
PA|PP755594.1|A/cattle/Texas/24-008749-003/2024(H5N1)	1859	4306
PA|PP755594.1|A/cattle/Texas/24-008749-003/2024(H5N1)	1860	4296
PA|PP755594.1|A/cattle/Texas/24-008749-003/2024(H5N1)	1861	4303
PA|PP755594.1|A/cattle/Texas/24-008749-003/2024(H5N1)	1862	4294
PA|PP755594.1|A/cattle/Texas/24-008749-003/2024(H5N1)	1863	4315
PA|PP755594.1|A/cattle/Texas/24-008749-003/2024(H5N1)	1864	4319
PA|PP755594.1|A/cattle/Texas/24-008749-003/2024(H5N1)	1865	4348
PA|PP755594.1|A/cattle/Texas/24-008749-003/2024(H5N1)	1866	4340
PA|PP755594.1|A/cattle/Texas/24-008749-003/2024(H5N1)	1867	4343
PA|PP755594.1|A/cattle/Texas/24-008749-003/2024(H5N1)	1868	4305
PA|PP755594.1|A/cattle/Texas/24-008749-003/2024(H5N1)	1869	4340
PA|PP755594.1|A/cattle/Texas/24-008749-003/2024(H5N1)	1870	4345
PA|PP755594.1|A/cattle/Texas/24-008749-003/2024(H5N1)	1871	4352
PA|PP755594.1|A/cattle/Texas/24-008749-003/2024(H5N1)	1872	4508
PA|PP755594.1|A/cattle/Texas/24-008749-003/2024(H5N1)	1873	4507
PA|PP755594.1|A/cattle/Texas/24-008749-003/2024(H5N1)	1874	4511
PA|PP755594.1|A/cattle/Texas/24-008749-003/2024(H5N1)	1875	4440
PA|PP755594.1|A/cattle/Texas/24-008749-003/2024(H5N1)	1876	4424
PA|PP755594.1|A/cattle/Texas/24-008749-003/2024(H5N1)	1877	4426
PA|PP755594.1|A/cattle/Texas/24-008749-003/2024(H5N1)	1878	4458
PA|PP755594.1|A/cattle/Texas/24-008749-003/2024(H5N1)	1879	4514
PA|PP755594.1|A/cattle/Texas/24-008749-003/2024(H5N1)	1880	4560
PA|PP755594.1|A/cattle/Texas/24-008749-003/2024(H5N1)	1881	4450
PA|PP755594.1|A/cattle/Texas/24-008749-003/2024(H5N1)	1882	4426
PA|PP755594.1|A/cattle/Texas/24-008749-003/2024(H5N1)	1883	4569
PA|PP755594.1|A/cattle/Texas/24-008749-003/2024(H5N1)	1884	4508
PA|PP755594.1|A/cattle/Texas/24-008749-003/2024(H5N1)	1885	4546
PA|PP755594.1|A/cattle/Texas/24-008749-003/2024(H5N1)	1886	4511
PA|PP755594.1|A/cattle/Texas/24-008749-003/2024(H5N1)	1887	4525
PA|PP755594.1|A/cattle/Texas/24-008749-003/2024(H5N1)	1888	4483
PA|PP755594.1|A/cattle/Texas/24-008749-003/2024(H5N1)	1889	4357
PA|PP755594.1|A/cattle/Texas/24-008749-003/2024(H5N1)	1890	4313
PA|PP755594.1|A/cattle/Texas/24-008749-003/2024(H5N1)	1891	4269
PA|PP755594.1|A/cattle/Texas/24-008749-003/2024(H5N1)	1892	4266
PA|PP755594.1|A/cattle/Texas/24-008749-003/2024(H5N1)	1893	4237
PA|PP755594.1|A/cattle/Texas/24-008749-003/2024(H5N1)	1894	4206
PA|PP755594.1|A/cattle/Texas/24-008749-003/2024(H5N1)	1895	4217
PA|PP755594.1|A/cattle/Texas/24-008749-003/2024(H5N1)	1896	4183
PA|PP755594.1|A/cattle/Texas/24-008749-003/2024(H5N1)	1897	4275
PA|PP755594.1|A/cattle/Texas/24-008749-003/2024(H5N1)	1898	4314
PA|PP755594.1|A/cattle/Texas/24-008749-003/2024(H5N1)	1899	4307
PA|PP755594.1|A/cattle/Texas/24-008749-003/2024(H5N1)	1900	4312
PA|PP755594.1|A/cattle/Texas/24-008749-003/2024(H5N1)	1901	4290
PA|PP755594.1|A/cattle/Texas/24-008749-003/2024(H5N1)	1902	4198
PA|PP755594.1|A/cattle/Texas/24-008749-003/2024(H5N1)	1903	4250
PA|PP755594.1|A/cattle/Texas/24-008749-003/2024(H5N1)	1904	4204
PA|PP755594.1|A/cattle/Texas/24-008749-003/2024(H5N1)	1905	4361
PA|PP755594.1|A/cattle/Texas/24-008749-003/2024(H5N1)	1906	4409
PA|PP755594.1|A/cattle/Texas/24-008749-003/2024(H5N1)	1907	4336
PA|PP755594.1|A/cattle/Texas/24-008749-003/2024(H5N1)	1908	4489
PA|PP755594.1|A/cattle/Texas/24-008749-003/2024(H5N1)	1909	4484
PA|PP755594.1|A/cattle/Texas/24-008749-003/2024(H5N1)	1910	4512
PA|PP755594.1|A/cattle/Texas/24-008749-003/2024(H5N1)	1911	4504
PA|PP755594.1|A/cattle/Texas/24-008749-003/2024(H5N1)	1912	4476
PA|PP755594.1|A/cattle/Texas/24-008749-003/2024(H5N1)	1913	4488
PA|PP755594.1|A/cattle/Texas/24-008749-003/2024(H5N1)	1914	4150
PA|PP755594.1|A/cattle/Texas/24-008749-003/2024(H5N1)	1915	4126
PA|PP755594.1|A/cattle/Texas/24-008749-003/2024(H5N1)	1916	4027
PA|PP755594.1|A/cattle/Texas/24-008749-003/2024(H5N1)	1917	3221
PA|PP755594.1|A/cattle/Texas/24-008749-003/2024(H5N1)	1918	3209
PA|PP755594.1|A/cattle/Texas/24-008749-003/2024(H5N1)	1919	3210
PA|PP755594.1|A/cattle/Texas/24-008749-003/2024(H5N1)	1920	3213
PA|PP755594.1|A/cattle/Texas/24-008749-003/2024(H5N1)	1921	3224
PA|PP755594.1|A/cattle/Texas/24-008749-003/2024(H5N1)	1922	3224
PA|PP755594.1|A/cattle/Texas/24-008749-003/2024(H5N1)	1923	3257
PA|PP755594.1|A/cattle/Texas/24-008749-003/2024(H5N1)	1924	3566
PA|PP755594.1|A/cattle/Texas/24-008749-003/2024(H5N1)	1925	3664
PA|PP755594.1|A/cattle/Texas/24-008749-003/2024(H5N1)	1926	3926
PA|PP755594.1|A/cattle/Texas/24-008749-003/2024(H5N1)	1927	3926
PA|PP755594.1|A/cattle/Texas/24-008749-003/2024(H5N1)	1928	3946
PA|PP755594.1|A/cattle/Texas/24-008749-003/2024(H5N1)	1929	3950
PA|PP755594.1|A/cattle/Texas/24-008749-003/2024(H5N1)	1930	3969
PA|PP755594.1|A/cattle/Texas/24-008749-003/2024(H5N1)	1931	3972
PA|PP755594.1|A/cattle/Texas/24-008749-003/2024(H5N1)	1932	3972
PA|PP755594.1|A/cattle/Texas/24-008749-003/2024(H5N1)	1933	4021
PA|PP755594.1|A/cattle/Texas/24-008749-003/2024(H5N1)	1934	4081
PA|PP755594.1|A/cattle/Texas/24-008749-003/2024(H5N1)	1935	4126
PA|PP755594.1|A/cattle/Texas/24-008749-003/2024(H5N1)	1936	4136
PA|PP755594.1|A/cattle/Texas/24-008749-003/2024(H5N1)	1937	4138
PA|PP755594.1|A/cattle/Texas/24-008749-003/2024(H5N1)	1938	4151
PA|PP755594.1|A/cattle/Texas/24-008749-003/2024(H5N1)	1939	4151
PA|PP755594.1|A/cattle/Texas/24-008749-003/2024(H5N1)	1940	4154
PA|PP755594.1|A/cattle/Texas/24-008749-003/2024(H5N1)	1941	4140
PA|PP755594.1|A/cattle/Texas/24-008749-003/2024(H5N1)	1942	4096
PA|PP755594.1|A/cattle/Texas/24-008749-003/2024(H5N1)	1943	4096
PA|PP755594.1|A/cattle/Texas/24-008749-003/2024(H5N1)	1944	3979
PA|PP755594.1|A/cattle/Texas/24-008749-003/2024(H5N1)	1945	4019
PA|PP755594.1|A/cattle/Texas/24-008749-003/2024(H5N1)	1946	4019
PA|PP755594.1|A/cattle/Texas/24-008749-003/2024(H5N1)	1947	4019
PA|PP755594.1|A/cattle/Texas/24-008749-003/2024(H5N1)	1948	4019
PA|PP755594.1|A/cattle/Texas/24-008749-003/2024(H5N1)	1949	4019
PA|PP755594.1|A/cattle/Texas/24-008749-003/2024(H5N1)	1950	3520
PA|PP755594.1|A/cattle/Texas/24-008749-003/2024(H5N1)	1951	3520
PA|PP755594.1|A/cattle/Texas/24-008749-003/2024(H5N1)	1952	3517
PA|PP755594.1|A/cattle/Texas/24-008749-003/2024(H5N1)	1953	3517
PA|PP755594.1|A/cattle/Texas/24-008749-003/2024(H5N1)	1954	3515
PA|PP755594.1|A/cattle/Texas/24-008749-003/2024(H5N1)	1955	3515
PA|PP755594.1|A/cattle/Texas/24-008749-003/2024(H5N1)	1956	2870
PA|PP755594.1|A/cattle/Texas/24-008749-003/2024(H5N1)	1957	2870
PA|PP755594.1|A/cattle/Texas/24-008749-003/2024(H5N1)	1958	2869
PA|PP755594.1|A/cattle/Texas/24-008749-003/2024(H5N1)	1959	2869
PA|PP755594.1|A/cattle/Texas/24-008749-003/2024(H5N1)	1960	2871
PA|PP755594.1|A/cattle/Texas/24-008749-003/2024(H5N1)	1961	2954
PA|PP755594.1|A/cattle/Texas/24-008749-003/2024(H5N1)	1962	2954
PA|PP755594.1|A/cattle/Texas/24-008749-003/2024(H5N1)	1963	2954
PA|PP755594.1|A/cattle/Texas/24-008749-003/2024(H5N1)	1964	2954
PA|PP755594.1|A/cattle/Texas/24-008749-003/2024(H5N1)	1965	2954
PA|PP755594.1|A/cattle/Texas/24-008749-003/2024(H5N1)	1966	2954
PA|PP755594.1|A/cattle/Texas/24-008749-003/2024(H5N1)	1967	2954
PA|PP755594.1|A/cattle/Texas/24-008749-003/2024(H5N1)	1968	2954
PA|PP755594.1|A/cattle/Texas/24-008749-003/2024(H5N1)	1969	2959
PA|PP755594.1|A/cattle/Texas/24-008749-003/2024(H5N1)	1970	2978
PA|PP755594.1|A/cattle/Texas/24-008749-003/2024(H5N1)	1971	3025
PA|PP755594.1|A/cattle/Texas/24-008749-003/2024(H5N1)	1972	3864
PA|PP755594.1|A/cattle/Texas/24-008749-003/2024(H5N1)	1973	3870
PA|PP755594.1|A/cattle/Texas/24-008749-003/2024(H5N1)	1974	3888
PA|PP755594.1|A/cattle/Texas/24-008749-003/2024(H5N1)	1975	3891
PA|PP755594.1|A/cattle/Texas/24-008749-003/2024(H5N1)	1976	3897
PA|PP755594.1|A/cattle/Texas/24-008749-003/2024(H5N1)	1977	3897
PA|PP755594.1|A/cattle/Texas/24-008749-003/2024(H5N1)	1978	3905
PA|PP755594.1|A/cattle/Texas/24-008749-003/2024(H5N1)	1979	3905
PA|PP755594.1|A/cattle/Texas/24-008749-003/2024(H5N1)	1980	3904
PA|PP755594.1|A/cattle/Texas/24-008749-003/2024(H5N1)	1981	3922
PA|PP755594.1|A/cattle/Texas/24-008749-003/2024(H5N1)	1982	3954
PA|PP755594.1|A/cattle/Texas/24-008749-003/2024(H5N1)	1983	3972
PA|PP755594.1|A/cattle/Texas/24-008749-003/2024(H5N1)	1984	3972
PA|PP755594.1|A/cattle/Texas/24-008749-003/2024(H5N1)	1985	3971
PA|PP755594.1|A/cattle/Texas/24-008749-003/2024(H5N1)	1986	3971
PA|PP755594.1|A/cattle/Texas/24-008749-003/2024(H5N1)	1987	3979
PA|PP755594.1|A/cattle/Texas/24-008749-003/2024(H5N1)	1988	3980
PA|PP755594.1|A/cattle/Texas/24-008749-003/2024(H5N1)	1989	3980
PA|PP755594.1|A/cattle/Texas/24-008749-003/2024(H5N1)	1990	3993
PA|PP755594.1|A/cattle/Texas/24-008749-003/2024(H5N1)	1991	4008
PA|PP755594.1|A/cattle/Texas/24-008749-003/2024(H5N1)	1992	4009
PA|PP755594.1|A/cattle/Texas/24-008749-003/2024(H5N1)	1993	4095
PA|PP755594.1|A/cattle/Texas/24-008749-003/2024(H5N1)	1994	4095
PA|PP755594.1|A/cattle/Texas/24-008749-003/2024(H5N1)	1995	4114
PA|PP755594.1|A/cattle/Texas/24-008749-003/2024(H5N1)	1996	4117
PA|PP755594.1|A/cattle/Texas/24-008749-003/2024(H5N1)	1997	4119
PA|PP755594.1|A/cattle/Texas/24-008749-003/2024(H5N1)	1998	4140
PA|PP755594.1|A/cattle/Texas/24-008749-003/2024(H5N1)	1999	4479
PA|PP755594.1|A/cattle/Texas/24-008749-003/2024(H5N1)	2000	4527
PA|PP755594.1|A/cattle/Texas/24-008749-003/2024(H5N1)	2001	4607
PA|PP755594.1|A/cattle/Texas/24-008749-003/2024(H5N1)	2002	4685
PA|PP755594.1|A/cattle/Texas/24-008749-003/2024(H5N1)	2003	4726
PA|PP755594.1|A/cattle/Texas/24-008749-003/2024(H5N1)	2004	4753
PA|PP755594.1|A/cattle/Texas/24-008749-003/2024(H5N1)	2005	4778
PA|PP755594.1|A/cattle/Texas/24-008749-003/2024(H5N1)	2006	4779
PA|PP755594.1|A/cattle/Texas/24-008749-003/2024(H5N1)	2007	4775
PA|PP755594.1|A/cattle/Texas/24-008749-003/2024(H5N1)	2008	4768
PA|PP755594.1|A/cattle/Texas/24-008749-003/2024(H5N1)	2009	4655
PA|PP755594.1|A/cattle/Texas/24-008749-003/2024(H5N1)	2010	4634
PA|PP755594.1|A/cattle/Texas/24-008749-003/2024(H5N1)	2011	4707
PA|PP755594.1|A/cattle/Texas/24-008749-003/2024(H5N1)	2012	4693
PA|PP755594.1|A/cattle/Texas/24-008749-003/2024(H5N1)	2013	4710
PA|PP755594.1|A/cattle/Texas/24-008749-003/2024(H5N1)	2014	4778
PA|PP755594.1|A/cattle/Texas/24-008749-003/2024(H5N1)	2015	4751
PA|PP755594.1|A/cattle/Texas/24-008749-003/2024(H5N1)	2016	4761
PA|PP755594.1|A/cattle/Texas/24-008749-003/2024(H5N1)	2017	4763
PA|PP755594.1|A/cattle/Texas/24-008749-003/2024(H5N1)	2018	4765
PA|PP755594.1|A/cattle/Texas/24-008749-003/2024(H5N1)	2019	4809
PA|PP755594.1|A/cattle/Texas/24-008749-003/2024(H5N1)	2020	4788
PA|PP755594.1|A/cattle/Texas/24-008749-003/2024(H5N1)	2021	4769
PA|PP755594.1|A/cattle/Texas/24-008749-003/2024(H5N1)	2022	4661
PA|PP755594.1|A/cattle/Texas/24-008749-003/2024(H5N1)	2023	4540
PA|PP755594.1|A/cattle/Texas/24-008749-003/2024(H5N1)	2024	4597
PA|PP755594.1|A/cattle/Texas/24-008749-003/2024(H5N1)	2025	4603
PA|PP755594.1|A/cattle/Texas/24-008749-003/2024(H5N1)	2026	4596
PA|PP755594.1|A/cattle/Texas/24-008749-003/2024(H5N1)	2027	4567
PA|PP755594.1|A/cattle/Texas/24-008749-003/2024(H5N1)	2028	4566
PA|PP755594.1|A/cattle/Texas/24-008749-003/2024(H5N1)	2029	4623
PA|PP755594.1|A/cattle/Texas/24-008749-003/2024(H5N1)	2030	4597
PA|PP755594.1|A/cattle/Texas/24-008749-003/2024(H5N1)	2031	4557
PA|PP755594.1|A/cattle/Texas/24-008749-003/2024(H5N1)	2032	4679
PA|PP755594.1|A/cattle/Texas/24-008749-003/2024(H5N1)	2033	4546
PA|PP755594.1|A/cattle/Texas/24-008749-003/2024(H5N1)	2034	4662
PA|PP755594.1|A/cattle/Texas/24-008749-003/2024(H5N1)	2035	4664
PA|PP755594.1|A/cattle/Texas/24-008749-003/2024(H5N1)	2036	4674
PA|PP755594.1|A/cattle/Texas/24-008749-003/2024(H5N1)	2037	4700
PA|PP755594.1|A/cattle/Texas/24-008749-003/2024(H5N1)	2038	4688
PA|PP755594.1|A/cattle/Texas/24-008749-003/2024(H5N1)	2039	4681
PA|PP755594.1|A/cattle/Texas/24-008749-003/2024(H5N1)	2040	4628
PA|PP755594.1|A/cattle/Texas/24-008749-003/2024(H5N1)	2041	4577
PA|PP755594.1|A/cattle/Texas/24-008749-003/2024(H5N1)	2042	4646
PA|PP755594.1|A/cattle/Texas/24-008749-003/2024(H5N1)	2043	4665
PA|PP755594.1|A/cattle/Texas/24-008749-003/2024(H5N1)	2044	4673
PA|PP755594.1|A/cattle/Texas/24-008749-003/2024(H5N1)	2045	4695
PA|PP755594.1|A/cattle/Texas/24-008749-003/2024(H5N1)	2046	4671
PA|PP755594.1|A/cattle/Texas/24-008749-003/2024(H5N1)	2047	4649
PA|PP755594.1|A/cattle/Texas/24-008749-003/2024(H5N1)	2048	4653
PA|PP755594.1|A/cattle/Texas/24-008749-003/2024(H5N1)	2049	4657
PA|PP755594.1|A/cattle/Texas/24-008749-003/2024(H5N1)	2050	4626
PA|PP755594.1|A/cattle/Texas/24-008749-003/2024(H5N1)	2051	4622
PA|PP755594.1|A/cattle/Texas/24-008749-003/2024(H5N1)	2052	4612
PA|PP755594.1|A/cattle/Texas/24-008749-003/2024(H5N1)	2053	4640
PA|PP755594.1|A/cattle/Texas/24-008749-003/2024(H5N1)	2054	4583
PA|PP755594.1|A/cattle/Texas/24-008749-003/2024(H5N1)	2055	4595
PA|PP755594.1|A/cattle/Texas/24-008749-003/2024(H5N1)	2056	4474
PA|PP755594.1|A/cattle/Texas/24-008749-003/2024(H5N1)	2057	4462
PA|PP755594.1|A/cattle/Texas/24-008749-003/2024(H5N1)	2058	4502
PA|PP755594.1|A/cattle/Texas/24-008749-003/2024(H5N1)	2059	4810
PA|PP755594.1|A/cattle/Texas/24-008749-003/2024(H5N1)	2060	4845
PA|PP755594.1|A/cattle/Texas/24-008749-003/2024(H5N1)	2061	4888
PA|PP755594.1|A/cattle/Texas/24-008749-003/2024(H5N1)	2062	4750
PA|PP755594.1|A/cattle/Texas/24-008749-003/2024(H5N1)	2063	4736
PA|PP755594.1|A/cattle/Texas/24-008749-003/2024(H5N1)	2064	4689
PA|PP755594.1|A/cattle/Texas/24-008749-003/2024(H5N1)	2065	4684
PA|PP755594.1|A/cattle/Texas/24-008749-003/2024(H5N1)	2066	4757
PA|PP755594.1|A/cattle/Texas/24-008749-003/2024(H5N1)	2067	4640
PA|PP755594.1|A/cattle/Texas/24-008749-003/2024(H5N1)	2068	4690
PA|PP755594.1|A/cattle/Texas/24-008749-003/2024(H5N1)	2069	4686
PA|PP755594.1|A/cattle/Texas/24-008749-003/2024(H5N1)	2070	4684
PA|PP755594.1|A/cattle/Texas/24-008749-003/2024(H5N1)	2071	4687
PA|PP755594.1|A/cattle/Texas/24-008749-003/2024(H5N1)	2072	4676
PA|PP755594.1|A/cattle/Texas/24-008749-003/2024(H5N1)	2073	4675
PA|PP755594.1|A/cattle/Texas/24-008749-003/2024(H5N1)	2074	4638
PA|PP755594.1|A/cattle/Texas/24-008749-003/2024(H5N1)	2075	4529
PA|PP755594.1|A/cattle/Texas/24-008749-003/2024(H5N1)	2076	4545
PA|PP755594.1|A/cattle/Texas/24-008749-003/2024(H5N1)	2077	4224
PA|PP755594.1|A/cattle/Texas/24-008749-003/2024(H5N1)	2078	4228
PA|PP755594.1|A/cattle/Texas/24-008749-003/2024(H5N1)	2079	4207
PA|PP755594.1|A/cattle/Texas/24-008749-003/2024(H5N1)	2080	4197
PA|PP755594.1|A/cattle/Texas/24-008749-003/2024(H5N1)	2081	4189
PA|PP755594.1|A/cattle/Texas/24-008749-003/2024(H5N1)	2082	4205
PA|PP755594.1|A/cattle/Texas/24-008749-003/2024(H5N1)	2083	4208
PA|PP755594.1|A/cattle/Texas/24-008749-003/2024(H5N1)	2084	4172
PA|PP755594.1|A/cattle/Texas/24-008749-003/2024(H5N1)	2085	4099
PA|PP755594.1|A/cattle/Texas/24-008749-003/2024(H5N1)	2086	4055
PA|PP755594.1|A/cattle/Texas/24-008749-003/2024(H5N1)	2087	4049
PA|PP755594.1|A/cattle/Texas/24-008749-003/2024(H5N1)	2088	4043
PA|PP755594.1|A/cattle/Texas/24-008749-003/2024(H5N1)	2089	4037
PA|PP755594.1|A/cattle/Texas/24-008749-003/2024(H5N1)	2090	4032
PA|PP755594.1|A/cattle/Texas/24-008749-003/2024(H5N1)	2091	3985
PA|PP755594.1|A/cattle/Texas/24-008749-003/2024(H5N1)	2092	3972
PA|PP755594.1|A/cattle/Texas/24-008749-003/2024(H5N1)	2093	3549
PA|PP755594.1|A/cattle/Texas/24-008749-003/2024(H5N1)	2094	3503
PA|PP755594.1|A/cattle/Texas/24-008749-003/2024(H5N1)	2095	3494
PA|PP755594.1|A/cattle/Texas/24-008749-003/2024(H5N1)	2096	3489
PA|PP755594.1|A/cattle/Texas/24-008749-003/2024(H5N1)	2097	3489
PA|PP755594.1|A/cattle/Texas/24-008749-003/2024(H5N1)	2098	3474
PA|PP755594.1|A/cattle/Texas/24-008749-003/2024(H5N1)	2099	3452
PA|PP755594.1|A/cattle/Texas/24-008749-003/2024(H5N1)	2100	3376
PA|PP755594.1|A/cattle/Texas/24-008749-003/2024(H5N1)	2101	3371
PA|PP755594.1|A/cattle/Texas/24-008749-003/2024(H5N1)	2102	3371
PA|PP755594.1|A/cattle/Texas/24-008749-003/2024(H5N1)	2103	3384
PA|PP755594.1|A/cattle/Texas/24-008749-003/2024(H5N1)	2104	3358
PA|PP755594.1|A/cattle/Texas/24-008749-003/2024(H5N1)	2105	3331
PA|PP755594.1|A/cattle/Texas/24-008749-003/2024(H5N1)	2106	3326
PA|PP755594.1|A/cattle/Texas/24-008749-003/2024(H5N1)	2107	3274
PA|PP755594.1|A/cattle/Texas/24-008749-003/2024(H5N1)	2108	3274
PA|PP755594.1|A/cattle/Texas/24-008749-003/2024(H5N1)	2109	3272
PA|PP755594.1|A/cattle/Texas/24-008749-003/2024(H5N1)	2110	3271
PA|PP755594.1|A/cattle/Texas/24-008749-003/2024(H5N1)	2111	3269
PA|PP755594.1|A/cattle/Texas/24-008749-003/2024(H5N1)	2112	3165
PA|PP755594.1|A/cattle/Texas/24-008749-003/2024(H5N1)	2113	3168
PA|PP755594.1|A/cattle/Texas/24-008749-003/2024(H5N1)	2114	3163
PA|PP755594.1|A/cattle/Texas/24-008749-003/2024(H5N1)	2115	3161
PA|PP755594.1|A/cattle/Texas/24-008749-003/2024(H5N1)	2116	3165
PA|PP755594.1|A/cattle/Texas/24-008749-003/2024(H5N1)	2117	3145
PA|PP755594.1|A/cattle/Texas/24-008749-003/2024(H5N1)	2118	3156
PA|PP755594.1|A/cattle/Texas/24-008749-003/2024(H5N1)	2119	3154
PA|PP755594.1|A/cattle/Texas/24-008749-003/2024(H5N1)	2120	3143
PA|PP755594.1|A/cattle/Texas/24-008749-003/2024(H5N1)	2121	3122
PA|PP755594.1|A/cattle/Texas/24-008749-003/2024(H5N1)	2122	3086
PA|PP755594.1|A/cattle/Texas/24-008749-003/2024(H5N1)	2123	3089
PA|PP755594.1|A/cattle/Texas/24-008749-003/2024(H5N1)	2124	3086
PA|PP755594.1|A/cattle/Texas/24-008749-003/2024(H5N1)	2125	3065
PA|PP755594.1|A/cattle/Texas/24-008749-003/2024(H5N1)	2126	3060
PA|PP755594.1|A/cattle/Texas/24-008749-003/2024(H5N1)	2127	2905
PA|PP755594.1|A/cattle/Texas/24-008749-003/2024(H5N1)	2128	2893
PA|PP755594.1|A/cattle/Texas/24-008749-003/2024(H5N1)	2129	2892
PA|PP755594.1|A/cattle/Texas/24-008749-003/2024(H5N1)	2130	2900
PA|PP755594.1|A/cattle/Texas/24-008749-003/2024(H5N1)	2131	2888
PA|PP755594.1|A/cattle/Texas/24-008749-003/2024(H5N1)	2132	2858
PA|PP755594.1|A/cattle/Texas/24-008749-003/2024(H5N1)	2133	2840
PA|PP755594.1|A/cattle/Texas/24-008749-003/2024(H5N1)	2134	2835
PA|PP755594.1|A/cattle/Texas/24-008749-003/2024(H5N1)	2135	2820
PA|PP755594.1|A/cattle/Texas/24-008749-003/2024(H5N1)	2136	2802
PA|PP755594.1|A/cattle/Texas/24-008749-003/2024(H5N1)	2137	2793
PA|PP755594.1|A/cattle/Texas/24-008749-003/2024(H5N1)	2138	2756
PA|PP755594.1|A/cattle/Texas/24-008749-003/2024(H5N1)	2139	2707
PA|PP755594.1|A/cattle/Texas/24-008749-003/2024(H5N1)	2140	2702
PA|PP755594.1|A/cattle/Texas/24-008749-003/2024(H5N1)	2141	2692
PA|PP755594.1|A/cattle/Texas/24-008749-003/2024(H5N1)	2142	2672
PA|PP755594.1|A/cattle/Texas/24-008749-003/2024(H5N1)	2143	2655
PA|PP755594.1|A/cattle/Texas/24-008749-003/2024(H5N1)	2144	2553
PA|PP755594.1|A/cattle/Texas/24-008749-003/2024(H5N1)	2145	2553
PA|PP755594.1|A/cattle/Texas/24-008749-003/2024(H5N1)	2146	2550
PA|PP755594.1|A/cattle/Texas/24-008749-003/2024(H5N1)	2147	2544
PA|PP755594.1|A/cattle/Texas/24-008749-003/2024(H5N1)	2148	2539
PA|PP755594.1|A/cattle/Texas/24-008749-003/2024(H5N1)	2149	2517
PA|PP755594.1|A/cattle/Texas/24-008749-003/2024(H5N1)	2150	2462
PA|PP755594.1|A/cattle/Texas/24-008749-003/2024(H5N1)	2151	2435
