PA|PP755594.1|A/cattle/Texas/24-008749-003/2024(H5N1)	1	86
PA|PP755594.1|A/cattle/Texas/24-008749-003/2024(H5N1)	2	86
PA|PP755594.1|A/cattle/Texas/24-008749-003/2024(H5N1)	3	88
PA|PP755594.1|A/cattle/Texas/24-008749-003/2024(H5N1)	4	88
PA|PP755594.1|A/cattle/Texas/24-008749-003/2024(H5N1)	5	89
PA|PP755594.1|A/cattle/Texas/24-008749-003/2024(H5N1)	6	89
PA|PP755594.1|A/cattle/Texas/24-008749-003/2024(H5N1)	7	90
PA|PP755594.1|A/cattle/Texas/24-008749-003/2024(H5N1)	8	95
PA|PP755594.1|A/cattle/Texas/24-008749-003/2024(H5N1)	9	95
PA|PP755594.1|A/cattle/Texas/24-008749-003/2024(H5N1)	10	95
PA|PP755594.1|A/cattle/Texas/24-008749-003/2024(H5N1)	11	98
PA|PP755594.1|A/cattle/Texas/24-008749-003/2024(H5N1)	12	98
PA|PP755594.1|A/cattle/Texas/24-008749-003/2024(H5N1)	13	101
PA|PP755594.1|A/cattle/Texas/24-008749-003/2024(H5N1)	14	101
PA|PP755594.1|A/cattle/Texas/24-008749-003/2024(H5N1)	15	101
PA|PP755594.1|A/cattle/Texas/24-008749-003/2024(H5N1)	16	103
PA|PP755594.1|A/cattle/Texas/24-008749-003/2024(H5N1)	17	103
PA|PP755594.1|A/cattle/Texas/24-008749-003/2024(H5N1)	18	113
PA|PP755594.1|A/cattle/Texas/24-008749-003/2024(H5N1)	19	113
PA|PP755594.1|A/cattle/Texas/24-008749-003/2024(H5N1)	20	113
PA|PP755594.1|A/cattle/Texas/24-008749-003/2024(H5N1)	21	123
PA|PP755594.1|A/cattle/Texas/24-008749-003/2024(H5N1)	22	125
PA|PP755594.1|A/cattle/Texas/24-008749-003/2024(H5N1)	23	126
PA|PP755594.1|A/cattle/Texas/24-008749-003/2024(H5N1)	24	130
PA|PP755594.1|A/cattle/Texas/24-008749-003/2024(H5N1)	25	130
PA|PP755594.1|A/cattle/Texas/24-008749-003/2024(H5N1)	26	130
PA|PP755594.1|A/cattle/Texas/24-008749-003/2024(H5N1)	27	130
PA|PP755594.1|A/cattle/Texas/24-008749-003/2024(H5N1)	28	130
PA|PP755594.1|A/cattle/Texas/24-008749-003/2024(H5N1)	29	135
PA|PP755594.1|A/cattle/Texas/24-008749-003/2024(H5N1)	30	135
PA|PP755594.1|A/cattle/Texas/24-008749-003/2024(H5N1)	31	135
PA|PP755594.1|A/cattle/Texas/24-008749-003/2024(H5N1)	32	135
PA|PP755594.1|A/cattle/Texas/24-008749-003/2024(H5N1)	33	138
PA|PP755594.1|A/cattle/Texas/24-008749-003/2024(H5N1)	34	138
PA|PP755594.1|A/cattle/Texas/24-008749-003/2024(H5N1)	35	141
PA|PP755594.1|A/cattle/Texas/24-008749-003/2024(H5N1)	36	141
PA|PP755594.1|A/cattle/Texas/24-008749-003/2024(H5N1)	37	141
PA|PP755594.1|A/cattle/Texas/24-008749-003/2024(H5N1)	38	144
PA|PP755594.1|A/cattle/Texas/24-008749-003/2024(H5N1)	39	144
PA|PP755594.1|A/cattle/Texas/24-008749-003/2024(H5N1)	40	145
PA|PP755594.1|A/cattle/Texas/24-008749-003/2024(H5N1)	41	147
PA|PP755594.1|A/cattle/Texas/24-008749-003/2024(H5N1)	42	148
PA|PP755594.1|A/cattle/Texas/24-008749-003/2024(H5N1)	43	148
PA|PP755594.1|A/cattle/Texas/24-008749-003/2024(H5N1)	44	152
PA|PP755594.1|A/cattle/Texas/24-008749-003/2024(H5N1)	45	152
PA|PP755594.1|A/cattle/Texas/24-008749-003/2024(H5N1)	46	153
PA|PP755594.1|A/cattle/Texas/24-008749-003/2024(H5N1)	47	153
PA|PP755594.1|A/cattle/Texas/24-008749-003/2024(H5N1)	48	157
PA|PP755594.1|A/cattle/Texas/24-008749-003/2024(H5N1)	49	157
PA|PP755594.1|A/cattle/Texas/24-008749-003/2024(H5N1)	50	157
PA|PP755594.1|A/cattle/Texas/24-008749-003/2024(H5N1)	51	157
PA|PP755594.1|A/cattle/Texas/24-008749-003/2024(H5N1)	52	157
PA|PP755594.1|A/cattle/Texas/24-008749-003/2024(H5N1)	53	157
PA|PP755594.1|A/cattle/Texas/24-008749-003/2024(H5N1)	54	157
PA|PP755594.1|A/cattle/Texas/24-008749-003/2024(H5N1)	55	157
PA|PP755594.1|A/cattle/Texas/24-008749-003/2024(H5N1)	56	157
PA|PP755594.1|A/cattle/Texas/24-008749-003/2024(H5N1)	57	157
PA|PP755594.1|A/cattle/Texas/24-008749-003/2024(H5N1)	58	160
PA|PP755594.1|A/cattle/Texas/24-008749-003/2024(H5N1)	59	162
PA|PP755594.1|A/cattle/Texas/24-008749-003/2024(H5N1)	60	163
PA|PP755594.1|A/cattle/Texas/24-008749-003/2024(H5N1)	61	167
PA|PP755594.1|A/cattle/Texas/24-008749-003/2024(H5N1)	62	167
PA|PP755594.1|A/cattle/Texas/24-008749-003/2024(H5N1)	63	167
PA|PP755594.1|A/cattle/Texas/24-008749-003/2024(H5N1)	64	167
PA|PP755594.1|A/cattle/Texas/24-008749-003/2024(H5N1)	65	169
PA|PP755594.1|A/cattle/Texas/24-008749-003/2024(H5N1)	66	169
PA|PP755594.1|A/cattle/Texas/24-008749-003/2024(H5N1)	67	173
PA|PP755594.1|A/cattle/Texas/24-008749-003/2024(H5N1)	68	175
PA|PP755594.1|A/cattle/Texas/24-008749-003/2024(H5N1)	69	185
PA|PP755594.1|A/cattle/Texas/24-008749-003/2024(H5N1)	70	187
PA|PP755594.1|A/cattle/Texas/24-008749-003/2024(H5N1)	71	187
PA|PP755594.1|A/cattle/Texas/24-008749-003/2024(H5N1)	72	190
PA|PP755594.1|A/cattle/Texas/24-008749-003/2024(H5N1)	73	186
PA|PP755594.1|A/cattle/Texas/24-008749-003/2024(H5N1)	74	186
PA|PP755594.1|A/cattle/Texas/24-008749-003/2024(H5N1)	75	186
PA|PP755594.1|A/cattle/Texas/24-008749-003/2024(H5N1)	76	182
PA|PP755594.1|A/cattle/Texas/24-008749-003/2024(H5N1)	77	182
PA|PP755594.1|A/cattle/Texas/24-008749-003/2024(H5N1)	78	182
PA|PP755594.1|A/cattle/Texas/24-008749-003/2024(H5N1)	79	182
PA|PP755594.1|A/cattle/Texas/24-008749-003/2024(H5N1)	80	184
PA|PP755594.1|A/cattle/Texas/24-008749-003/2024(H5N1)	81	184
PA|PP755594.1|A/cattle/Texas/24-008749-003/2024(H5N1)	82	185
PA|PP755594.1|A/cattle/Texas/24-008749-003/2024(H5N1)	83	182
PA|PP755594.1|A/cattle/Texas/24-008749-003/2024(H5N1)	84	182
PA|PP755594.1|A/cattle/Texas/24-008749-003/2024(H5N1)	85	182
PA|PP755594.1|A/cattle/Texas/24-008749-003/2024(H5N1)	86	182
PA|PP755594.1|A/cattle/Texas/24-008749-003/2024(H5N1)	87	182
PA|PP755594.1|A/cattle/Texas/24-008749-003/2024(H5N1)	88	182
PA|PP755594.1|A/cattle/Texas/24-008749-003/2024(H5N1)	89	182
PA|PP755594.1|A/cattle/Texas/24-008749-003/2024(H5N1)	90	182
PA|PP755594.1|A/cattle/Texas/24-008749-003/2024(H5N1)	91	182
PA|PP755594.1|A/cattle/Texas/24-008749-003/2024(H5N1)	92	182
PA|PP755594.1|A/cattle/Texas/24-008749-003/2024(H5N1)	93	182
PA|PP755594.1|A/cattle/Texas/24-008749-003/2024(H5N1)	94	188
PA|PP755594.1|A/cattle/Texas/24-008749-003/2024(H5N1)	95	188
PA|PP755594.1|A/cattle/Texas/24-008749-003/2024(H5N1)	96	188
PA|PP755594.1|A/cattle/Texas/24-008749-003/2024(H5N1)	97	188
PA|PP755594.1|A/cattle/Texas/24-008749-003/2024(H5N1)	98	188
PA|PP755594.1|A/cattle/Texas/24-008749-003/2024(H5N1)	99	200
PA|PP755594.1|A/cattle/Texas/24-008749-003/2024(H5N1)	100	200
PA|PP755594.1|A/cattle/Texas/24-008749-003/2024(H5N1)	101	200
PA|PP755594.1|A/cattle/Texas/24-008749-003/2024(H5N1)	102	200
PA|PP755594.1|A/cattle/Texas/24-008749-003/2024(H5N1)	103	200
PA|PP755594.1|A/cattle/Texas/24-008749-003/2024(H5N1)	104	203
PA|PP755594.1|A/cattle/Texas/24-008749-003/2024(H5N1)	105	203
PA|PP755594.1|A/cattle/Texas/24-008749-003/2024(H5N1)	106	203
PA|PP755594.1|A/cattle/Texas/24-008749-003/2024(H5N1)	107	203
PA|PP755594.1|A/cattle/Texas/24-008749-003/2024(H5N1)	108	203
PA|PP755594.1|A/cattle/Texas/24-008749-003/2024(H5N1)	109	203
PA|PP755594.1|A/cattle/Texas/24-008749-003/2024(H5N1)	110	209
PA|PP755594.1|A/cattle/Texas/24-008749-003/2024(H5N1)	111	211
PA|PP755594.1|A/cattle/Texas/24-008749-003/2024(H5N1)	112	211
PA|PP755594.1|A/cattle/Texas/24-008749-003/2024(H5N1)	113	216
PA|PP755594.1|A/cattle/Texas/24-008749-003/2024(H5N1)	114	224
PA|PP755594.1|A/cattle/Texas/24-008749-003/2024(H5N1)	115	226
PA|PP755594.1|A/cattle/Texas/24-008749-003/2024(H5N1)	116	226
PA|PP755594.1|A/cattle/Texas/24-008749-003/2024(H5N1)	117	235
PA|PP755594.1|A/cattle/Texas/24-008749-003/2024(H5N1)	118	237
PA|PP755594.1|A/cattle/Texas/24-008749-003/2024(H5N1)	119	237
PA|PP755594.1|A/cattle/Texas/24-008749-003/2024(H5N1)	120	233
PA|PP755594.1|A/cattle/Texas/24-008749-003/2024(H5N1)	121	250
PA|PP755594.1|A/cattle/Texas/24-008749-003/2024(H5N1)	122	246
PA|PP755594.1|A/cattle/Texas/24-008749-003/2024(H5N1)	123	255
PA|PP755594.1|A/cattle/Texas/24-008749-003/2024(H5N1)	124	237
PA|PP755594.1|A/cattle/Texas/24-008749-003/2024(H5N1)	125	237
PA|PP755594.1|A/cattle/Texas/24-008749-003/2024(H5N1)	126	237
PA|PP755594.1|A/cattle/Texas/24-008749-003/2024(H5N1)	127	227
PA|PP755594.1|A/cattle/Texas/24-008749-003/2024(H5N1)	128	236
PA|PP755594.1|A/cattle/Texas/24-008749-003/2024(H5N1)	129	226
PA|PP755594.1|A/cattle/Texas/24-008749-003/2024(H5N1)	130	229
PA|PP755594.1|A/cattle/Texas/24-008749-003/2024(H5N1)	131	229
PA|PP755594.1|A/cattle/Texas/24-008749-003/2024(H5N1)	132	213
PA|PP755594.1|A/cattle/Texas/24-008749-003/2024(H5N1)	133	212
PA|PP755594.1|A/cattle/Texas/24-008749-003/2024(H5N1)	134	217
PA|PP755594.1|A/cattle/Texas/24-008749-003/2024(H5N1)	135	219
PA|PP755594.1|A/cattle/Texas/24-008749-003/2024(H5N1)	136	223
PA|PP755594.1|A/cattle/Texas/24-008749-003/2024(H5N1)	137	223
PA|PP755594.1|A/cattle/Texas/24-008749-003/2024(H5N1)	138	220
PA|PP755594.1|A/cattle/Texas/24-008749-003/2024(H5N1)	139	220
PA|PP755594.1|A/cattle/Texas/24-008749-003/2024(H5N1)	140	221
PA|PP755594.1|A/cattle/Texas/24-008749-003/2024(H5N1)	141	221
PA|PP755594.1|A/cattle/Texas/24-008749-003/2024(H5N1)	142	221
PA|PP755594.1|A/cattle/Texas/24-008749-003/2024(H5N1)	143	221
PA|PP755594.1|A/cattle/Texas/24-008749-003/2024(H5N1)	144	221
PA|PP755594.1|A/cattle/Texas/24-008749-003/2024(H5N1)	145	223
PA|PP755594.1|A/cattle/Texas/24-008749-003/2024(H5N1)	146	228
PA|PP755594.1|A/cattle/Texas/24-008749-003/2024(H5N1)	147	228
PA|PP755594.1|A/cattle/Texas/24-008749-003/2024(H5N1)	148	229
PA|PP755594.1|A/cattle/Texas/24-008749-003/2024(H5N1)	149	230
PA|PP755594.1|A/cattle/Texas/24-008749-003/2024(H5N1)	150	226
PA|PP755594.1|A/cattle/Texas/24-008749-003/2024(H5N1)	151	226
PA|PP755594.1|A/cattle/Texas/24-008749-003/2024(H5N1)	152	220
PA|PP755594.1|A/cattle/Texas/24-008749-003/2024(H5N1)	153	220
PA|PP755594.1|A/cattle/Texas/24-008749-003/2024(H5N1)	154	220
PA|PP755594.1|A/cattle/Texas/24-008749-003/2024(H5N1)	155	220
PA|PP755594.1|A/cattle/Texas/24-008749-003/2024(H5N1)	156	220
PA|PP755594.1|A/cattle/Texas/24-008749-003/2024(H5N1)	157	219
PA|PP755594.1|A/cattle/Texas/24-008749-003/2024(H5N1)	158	218
PA|PP755594.1|A/cattle/Texas/24-008749-003/2024(H5N1)	159	215
PA|PP755594.1|A/cattle/Texas/24-008749-003/2024(H5N1)	160	215
PA|PP755594.1|A/cattle/Texas/24-008749-003/2024(H5N1)	161	215
PA|PP755594.1|A/cattle/Texas/24-008749-003/2024(H5N1)	162	212
PA|PP755594.1|A/cattle/Texas/24-008749-003/2024(H5N1)	163	213
PA|PP755594.1|A/cattle/Texas/24-008749-003/2024(H5N1)	164	212
PA|PP755594.1|A/cattle/Texas/24-008749-003/2024(H5N1)	165	214
PA|PP755594.1|A/cattle/Texas/24-008749-003/2024(H5N1)	166	214
PA|PP755594.1|A/cattle/Texas/24-008749-003/2024(H5N1)	167	216
PA|PP755594.1|A/cattle/Texas/24-008749-003/2024(H5N1)	168	216
PA|PP755594.1|A/cattle/Texas/24-008749-003/2024(H5N1)	169	206
PA|PP755594.1|A/cattle/Texas/24-008749-003/2024(H5N1)	170	206
PA|PP755594.1|A/cattle/Texas/24-008749-003/2024(H5N1)	171	207
PA|PP755594.1|A/cattle/Texas/24-008749-003/2024(H5N1)	172	207
PA|PP755594.1|A/cattle/Texas/24-008749-003/2024(H5N1)	173	205
PA|PP755594.1|A/cattle/Texas/24-008749-003/2024(H5N1)	174	201
PA|PP755594.1|A/cattle/Texas/24-008749-003/2024(H5N1)	175	204
PA|PP755594.1|A/cattle/Texas/24-008749-003/2024(H5N1)	176	203
PA|PP755594.1|A/cattle/Texas/24-008749-003/2024(H5N1)	177	204
PA|PP755594.1|A/cattle/Texas/24-008749-003/2024(H5N1)	178	204
PA|PP755594.1|A/cattle/Texas/24-008749-003/2024(H5N1)	179	199
PA|PP755594.1|A/cattle/Texas/24-008749-003/2024(H5N1)	180	200
PA|PP755594.1|A/cattle/Texas/24-008749-003/2024(H5N1)	181	200
PA|PP755594.1|A/cattle/Texas/24-008749-003/2024(H5N1)	182	201
PA|PP755594.1|A/cattle/Texas/24-008749-003/2024(H5N1)	183	201
PA|PP755594.1|A/cattle/Texas/24-008749-003/2024(H5N1)	184	198
PA|PP755594.1|A/cattle/Texas/24-008749-003/2024(H5N1)	185	205
PA|PP755594.1|A/cattle/Texas/24-008749-003/2024(H5N1)	186	198
PA|PP755594.1|A/cattle/Texas/24-008749-003/2024(H5N1)	187	200
PA|PP755594.1|A/cattle/Texas/24-008749-003/2024(H5N1)	188	202
PA|PP755594.1|A/cattle/Texas/24-008749-003/2024(H5N1)	189	199
PA|PP755594.1|A/cattle/Texas/24-008749-003/2024(H5N1)	190	199
PA|PP755594.1|A/cattle/Texas/24-008749-003/2024(H5N1)	191	199
PA|PP755594.1|A/cattle/Texas/24-008749-003/2024(H5N1)	192	199
PA|PP755594.1|A/cattle/Texas/24-008749-003/2024(H5N1)	193	196
PA|PP755594.1|A/cattle/Texas/24-008749-003/2024(H5N1)	194	192
PA|PP755594.1|A/cattle/Texas/24-008749-003/2024(H5N1)	195	194
PA|PP755594.1|A/cattle/Texas/24-008749-003/2024(H5N1)	196	194
PA|PP755594.1|A/cattle/Texas/24-008749-003/2024(H5N1)	197	194
PA|PP755594.1|A/cattle/Texas/24-008749-003/2024(H5N1)	198	193
PA|PP755594.1|A/cattle/Texas/24-008749-003/2024(H5N1)	199	189
PA|PP755594.1|A/cattle/Texas/24-008749-003/2024(H5N1)	200	196
PA|PP755594.1|A/cattle/Texas/24-008749-003/2024(H5N1)	201	196
PA|PP755594.1|A/cattle/Texas/24-008749-003/2024(H5N1)	202	196
PA|PP755594.1|A/cattle/Texas/24-008749-003/2024(H5N1)	203	196
PA|PP755594.1|A/cattle/Texas/24-008749-003/2024(H5N1)	204	196
PA|PP755594.1|A/cattle/Texas/24-008749-003/2024(H5N1)	205	197
PA|PP755594.1|A/cattle/Texas/24-008749-003/2024(H5N1)	206	198
PA|PP755594.1|A/cattle/Texas/24-008749-003/2024(H5N1)	207	199
PA|PP755594.1|A/cattle/Texas/24-008749-003/2024(H5N1)	208	201
PA|PP755594.1|A/cattle/Texas/24-008749-003/2024(H5N1)	209	196
PA|PP755594.1|A/cattle/Texas/24-008749-003/2024(H5N1)	210	196
PA|PP755594.1|A/cattle/Texas/24-008749-003/2024(H5N1)	211	195
PA|PP755594.1|A/cattle/Texas/24-008749-003/2024(H5N1)	212	193
PA|PP755594.1|A/cattle/Texas/24-008749-003/2024(H5N1)	213	196
PA|PP755594.1|A/cattle/Texas/24-008749-003/2024(H5N1)	214	196
PA|PP755594.1|A/cattle/Texas/24-008749-003/2024(H5N1)	215	198
PA|PP755594.1|A/cattle/Texas/24-008749-003/2024(H5N1)	216	198
PA|PP755594.1|A/cattle/Texas/24-008749-003/2024(H5N1)	217	194
PA|PP755594.1|A/cattle/Texas/24-008749-003/2024(H5N1)	218	190
PA|PP755594.1|A/cattle/Texas/24-008749-003/2024(H5N1)	219	191
PA|PP755594.1|A/cattle/Texas/24-008749-003/2024(H5N1)	220	182
PA|PP755594.1|A/cattle/Texas/24-008749-003/2024(H5N1)	221	181
PA|PP755594.1|A/cattle/Texas/24-008749-003/2024(H5N1)	222	183
PA|PP755594.1|A/cattle/Texas/24-008749-003/2024(H5N1)	223	178
PA|PP755594.1|A/cattle/Texas/24-008749-003/2024(H5N1)	224	179
PA|PP755594.1|A/cattle/Texas/24-008749-003/2024(H5N1)	225	180
PA|PP755594.1|A/cattle/Texas/24-008749-003/2024(H5N1)	226	182
PA|PP755594.1|A/cattle/Texas/24-008749-003/2024(H5N1)	227	182
PA|PP755594.1|A/cattle/Texas/24-008749-003/2024(H5N1)	228	182
PA|PP755594.1|A/cattle/Texas/24-008749-003/2024(H5N1)	229	180
PA|PP755594.1|A/cattle/Texas/24-008749-003/2024(H5N1)	230	180
PA|PP755594.1|A/cattle/Texas/24-008749-003/2024(H5N1)	231	180
PA|PP755594.1|A/cattle/Texas/24-008749-003/2024(H5N1)	232	180
PA|PP755594.1|A/cattle/Texas/24-008749-003/2024(H5N1)	233	179
PA|PP755594.1|A/cattle/Texas/24-008749-003/2024(H5N1)	234	179
PA|PP755594.1|A/cattle/Texas/24-008749-003/2024(H5N1)	235	181
PA|PP755594.1|A/cattle/Texas/24-008749-003/2024(H5N1)	236	181
PA|PP755594.1|A/cattle/Texas/24-008749-003/2024(H5N1)	237	182
PA|PP755594.1|A/cattle/Texas/24-008749-003/2024(H5N1)	238	182
PA|PP755594.1|A/cattle/Texas/24-008749-003/2024(H5N1)	239	182
PA|PP755594.1|A/cattle/Texas/24-008749-003/2024(H5N1)	240	182
PA|PP755594.1|A/cattle/Texas/24-008749-003/2024(H5N1)	241	188
PA|PP755594.1|A/cattle/Texas/24-008749-003/2024(H5N1)	242	195
PA|PP755594.1|A/cattle/Texas/24-008749-003/2024(H5N1)	243	197
PA|PP755594.1|A/cattle/Texas/24-008749-003/2024(H5N1)	244	189
PA|PP755594.1|A/cattle/Texas/24-008749-003/2024(H5N1)	245	189
PA|PP755594.1|A/cattle/Texas/24-008749-003/2024(H5N1)	246	190
PA|PP755594.1|A/cattle/Texas/24-008749-003/2024(H5N1)	247	192
PA|PP755594.1|A/cattle/Texas/24-008749-003/2024(H5N1)	248	193
PA|PP755594.1|A/cattle/Texas/24-008749-003/2024(H5N1)	249	190
PA|PP755594.1|A/cattle/Texas/24-008749-003/2024(H5N1)	250	179
PA|PP755594.1|A/cattle/Texas/24-008749-003/2024(H5N1)	251	180
PA|PP755594.1|A/cattle/Texas/24-008749-003/2024(H5N1)	252	180
PA|PP755594.1|A/cattle/Texas/24-008749-003/2024(H5N1)	253	185
PA|PP755594.1|A/cattle/Texas/24-008749-003/2024(H5N1)	254	185
PA|PP755594.1|A/cattle/Texas/24-008749-003/2024(H5N1)	255	182
PA|PP755594.1|A/cattle/Texas/24-008749-003/2024(H5N1)	256	185
PA|PP755594.1|A/cattle/Texas/24-008749-003/2024(H5N1)	257	185
PA|PP755594.1|A/cattle/Texas/24-008749-003/2024(H5N1)	258	201
PA|PP755594.1|A/cattle/Texas/24-008749-003/2024(H5N1)	259	204
PA|PP755594.1|A/cattle/Texas/24-008749-003/2024(H5N1)	260	201
PA|PP755594.1|A/cattle/Texas/24-008749-003/2024(H5N1)	261	197
PA|PP755594.1|A/cattle/Texas/24-008749-003/2024(H5N1)	262	196
PA|PP755594.1|A/cattle/Texas/24-008749-003/2024(H5N1)	263	206
PA|PP755594.1|A/cattle/Texas/24-008749-003/2024(H5N1)	264	206
PA|PP755594.1|A/cattle/Texas/24-008749-003/2024(H5N1)	265	203
PA|PP755594.1|A/cattle/Texas/24-008749-003/2024(H5N1)	266	203
PA|PP755594.1|A/cattle/Texas/24-008749-003/2024(H5N1)	267	193
PA|PP755594.1|A/cattle/Texas/24-008749-003/2024(H5N1)	268	200
PA|PP755594.1|A/cattle/Texas/24-008749-003/2024(H5N1)	269	201
PA|PP755594.1|A/cattle/Texas/24-008749-003/2024(H5N1)	270	204
PA|PP755594.1|A/cattle/Texas/24-008749-003/2024(H5N1)	271	204
PA|PP755594.1|A/cattle/Texas/24-008749-003/2024(H5N1)	272	181
PA|PP755594.1|A/cattle/Texas/24-008749-003/2024(H5N1)	273	182
PA|PP755594.1|A/cattle/Texas/24-008749-003/2024(H5N1)	274	175
PA|PP755594.1|A/cattle/Texas/24-008749-003/2024(H5N1)	275	175
PA|PP755594.1|A/cattle/Texas/24-008749-003/2024(H5N1)	276	175
PA|PP755594.1|A/cattle/Texas/24-008749-003/2024(H5N1)	277	164
PA|PP755594.1|A/cattle/Texas/24-008749-003/2024(H5N1)	278	170
PA|PP755594.1|A/cattle/Texas/24-008749-003/2024(H5N1)	279	169
PA|PP755594.1|A/cattle/Texas/24-008749-003/2024(H5N1)	280	176
PA|PP755594.1|A/cattle/Texas/24-008749-003/2024(H5N1)	281	176
PA|PP755594.1|A/cattle/Texas/24-008749-003/2024(H5N1)	282	168
PA|PP755594.1|A/cattle/Texas/24-008749-003/2024(H5N1)	283	168
PA|PP755594.1|A/cattle/Texas/24-008749-003/2024(H5N1)	284	168
PA|PP755594.1|A/cattle/Texas/24-008749-003/2024(H5N1)	285	168
PA|PP755594.1|A/cattle/Texas/24-008749-003/2024(H5N1)	286	166
PA|PP755594.1|A/cattle/Texas/24-008749-003/2024(H5N1)	287	169
PA|PP755594.1|A/cattle/Texas/24-008749-003/2024(H5N1)	288	171
PA|PP755594.1|A/cattle/Texas/24-008749-003/2024(H5N1)	289	171
PA|PP755594.1|A/cattle/Texas/24-008749-003/2024(H5N1)	290	176
PA|PP755594.1|A/cattle/Texas/24-008749-003/2024(H5N1)	291	172
PA|PP755594.1|A/cattle/Texas/24-008749-003/2024(H5N1)	292	173
PA|PP755594.1|A/cattle/Texas/24-008749-003/2024(H5N1)	293	173
PA|PP755594.1|A/cattle/Texas/24-008749-003/2024(H5N1)	294	169
PA|PP755594.1|A/cattle/Texas/24-008749-003/2024(H5N1)	295	171
PA|PP755594.1|A/cattle/Texas/24-008749-003/2024(H5N1)	296	178
PA|PP755594.1|A/cattle/Texas/24-008749-003/2024(H5N1)	297	179
PA|PP755594.1|A/cattle/Texas/24-008749-003/2024(H5N1)	298	179
PA|PP755594.1|A/cattle/Texas/24-008749-003/2024(H5N1)	299	177
PA|PP755594.1|A/cattle/Texas/24-008749-003/2024(H5N1)	300	181
PA|PP755594.1|A/cattle/Texas/24-008749-003/2024(H5N1)	301	181
PA|PP755594.1|A/cattle/Texas/24-008749-003/2024(H5N1)	302	186
PA|PP755594.1|A/cattle/Texas/24-008749-003/2024(H5N1)	303	186
PA|PP755594.1|A/cattle/Texas/24-008749-003/2024(H5N1)	304	185
PA|PP755594.1|A/cattle/Texas/24-008749-003/2024(H5N1)	305	185
PA|PP755594.1|A/cattle/Texas/24-008749-003/2024(H5N1)	306	189
PA|PP755594.1|A/cattle/Texas/24-008749-003/2024(H5N1)	307	189
PA|PP755594.1|A/cattle/Texas/24-008749-003/2024(H5N1)	308	189
PA|PP755594.1|A/cattle/Texas/24-008749-003/2024(H5N1)	309	189
PA|PP755594.1|A/cattle/Texas/24-008749-003/2024(H5N1)	310	188
PA|PP755594.1|A/cattle/Texas/24-008749-003/2024(H5N1)	311	189
PA|PP755594.1|A/cattle/Texas/24-008749-003/2024(H5N1)	312	190
PA|PP755594.1|A/cattle/Texas/24-008749-003/2024(H5N1)	313	190
PA|PP755594.1|A/cattle/Texas/24-008749-003/2024(H5N1)	314	189
PA|PP755594.1|A/cattle/Texas/24-008749-003/2024(H5N1)	315	190
PA|PP755594.1|A/cattle/Texas/24-008749-003/2024(H5N1)	316	185
PA|PP755594.1|A/cattle/Texas/24-008749-003/2024(H5N1)	317	186
PA|PP755594.1|A/cattle/Texas/24-008749-003/2024(H5N1)	318	185
PA|PP755594.1|A/cattle/Texas/24-008749-003/2024(H5N1)	319	185
PA|PP755594.1|A/cattle/Texas/24-008749-003/2024(H5N1)	320	185
PA|PP755594.1|A/cattle/Texas/24-008749-003/2024(H5N1)	321	184
PA|PP755594.1|A/cattle/Texas/24-008749-003/2024(H5N1)	322	184
PA|PP755594.1|A/cattle/Texas/24-008749-003/2024(H5N1)	323	184
PA|PP755594.1|A/cattle/Texas/24-008749-003/2024(H5N1)	324	183
PA|PP755594.1|A/cattle/Texas/24-008749-003/2024(H5N1)	325	183
PA|PP755594.1|A/cattle/Texas/24-008749-003/2024(H5N1)	326	183
PA|PP755594.1|A/cattle/Texas/24-008749-003/2024(H5N1)	327	183
PA|PP755594.1|A/cattle/Texas/24-008749-003/2024(H5N1)	328	182
PA|PP755594.1|A/cattle/Texas/24-008749-003/2024(H5N1)	329	182
PA|PP755594.1|A/cattle/Texas/24-008749-003/2024(H5N1)	330	184
PA|PP755594.1|A/cattle/Texas/24-008749-003/2024(H5N1)	331	183
PA|PP755594.1|A/cattle/Texas/24-008749-003/2024(H5N1)	332	201
PA|PP755594.1|A/cattle/Texas/24-008749-003/2024(H5N1)	333	200
PA|PP755594.1|A/cattle/Texas/24-008749-003/2024(H5N1)	334	200
PA|PP755594.1|A/cattle/Texas/24-008749-003/2024(H5N1)	335	200
PA|PP755594.1|A/cattle/Texas/24-008749-003/2024(H5N1)	336	193
PA|PP755594.1|A/cattle/Texas/24-008749-003/2024(H5N1)	337	194
PA|PP755594.1|A/cattle/Texas/24-008749-003/2024(H5N1)	338	192
PA|PP755594.1|A/cattle/Texas/24-008749-003/2024(H5N1)	339	202
PA|PP755594.1|A/cattle/Texas/24-008749-003/2024(H5N1)	340	208
PA|PP755594.1|A/cattle/Texas/24-008749-003/2024(H5N1)	341	203
PA|PP755594.1|A/cattle/Texas/24-008749-003/2024(H5N1)	342	211
PA|PP755594.1|A/cattle/Texas/24-008749-003/2024(H5N1)	343	211
PA|PP755594.1|A/cattle/Texas/24-008749-003/2024(H5N1)	344	211
PA|PP755594.1|A/cattle/Texas/24-008749-003/2024(H5N1)	345	211
PA|PP755594.1|A/cattle/Texas/24-008749-003/2024(H5N1)	346	208
PA|PP755594.1|A/cattle/Texas/24-008749-003/2024(H5N1)	347	210
PA|PP755594.1|A/cattle/Texas/24-008749-003/2024(H5N1)	348	212
PA|PP755594.1|A/cattle/Texas/24-008749-003/2024(H5N1)	349	212
PA|PP755594.1|A/cattle/Texas/24-008749-003/2024(H5N1)	350	212
PA|PP755594.1|A/cattle/Texas/24-008749-003/2024(H5N1)	351	207
PA|PP755594.1|A/cattle/Texas/24-008749-003/2024(H5N1)	352	207
PA|PP755594.1|A/cattle/Texas/24-008749-003/2024(H5N1)	353	207
PA|PP755594.1|A/cattle/Texas/24-008749-003/2024(H5N1)	354	207
PA|PP755594.1|A/cattle/Texas/24-008749-003/2024(H5N1)	355	207
PA|PP755594.1|A/cattle/Texas/24-008749-003/2024(H5N1)	356	208
PA|PP755594.1|A/cattle/Texas/24-008749-003/2024(H5N1)	357	208
PA|PP755594.1|A/cattle/Texas/24-008749-003/2024(H5N1)	358	207
PA|PP755594.1|A/cattle/Texas/24-008749-003/2024(H5N1)	359	205
PA|PP755594.1|A/cattle/Texas/24-008749-003/2024(H5N1)	360	205
PA|PP755594.1|A/cattle/Texas/24-008749-003/2024(H5N1)	361	206
PA|PP755594.1|A/cattle/Texas/24-008749-003/2024(H5N1)	362	207
PA|PP755594.1|A/cattle/Texas/24-008749-003/2024(H5N1)	363	207
PA|PP755594.1|A/cattle/Texas/24-008749-003/2024(H5N1)	364	206
PA|PP755594.1|A/cattle/Texas/24-008749-003/2024(H5N1)	365	206
PA|PP755594.1|A/cattle/Texas/24-008749-003/2024(H5N1)	366	202
PA|PP755594.1|A/cattle/Texas/24-008749-003/2024(H5N1)	367	202
PA|PP755594.1|A/cattle/Texas/24-008749-003/2024(H5N1)	368	204
PA|PP755594.1|A/cattle/Texas/24-008749-003/2024(H5N1)	369	204
PA|PP755594.1|A/cattle/Texas/24-008749-003/2024(H5N1)	370	201
PA|PP755594.1|A/cattle/Texas/24-008749-003/2024(H5N1)	371	201
PA|PP755594.1|A/cattle/Texas/24-008749-003/2024(H5N1)	372	201
PA|PP755594.1|A/cattle/Texas/24-008749-003/2024(H5N1)	373	199
PA|PP755594.1|A/cattle/Texas/24-008749-003/2024(H5N1)	374	203
PA|PP755594.1|A/cattle/Texas/24-008749-003/2024(H5N1)	375	204
PA|PP755594.1|A/cattle/Texas/24-008749-003/2024(H5N1)	376	204
PA|PP755594.1|A/cattle/Texas/24-008749-003/2024(H5N1)	377	200
PA|PP755594.1|A/cattle/Texas/24-008749-003/2024(H5N1)	378	201
PA|PP755594.1|A/cattle/Texas/24-008749-003/2024(H5N1)	379	201
PA|PP755594.1|A/cattle/Texas/24-008749-003/2024(H5N1)	380	201
PA|PP755594.1|A/cattle/Texas/24-008749-003/2024(H5N1)	381	201
PA|PP755594.1|A/cattle/Texas/24-008749-003/2024(H5N1)	382	203
PA|PP755594.1|A/cattle/Texas/24-008749-003/2024(H5N1)	383	207
PA|PP755594.1|A/cattle/Texas/24-008749-003/2024(H5N1)	384	218
PA|PP755594.1|A/cattle/Texas/24-008749-003/2024(H5N1)	385	215
PA|PP755594.1|A/cattle/Texas/24-008749-003/2024(H5N1)	386	213
PA|PP755594.1|A/cattle/Texas/24-008749-003/2024(H5N1)	387	215
PA|PP755594.1|A/cattle/Texas/24-008749-003/2024(H5N1)	388	224
PA|PP755594.1|A/cattle/Texas/24-008749-003/2024(H5N1)	389	224
PA|PP755594.1|A/cattle/Texas/24-008749-003/2024(H5N1)	390	222
PA|PP755594.1|A/cattle/Texas/24-008749-003/2024(H5N1)	391	215
PA|PP755594.1|A/cattle/Texas/24-008749-003/2024(H5N1)	392	216
PA|PP755594.1|A/cattle/Texas/24-008749-003/2024(H5N1)	393	214
PA|PP755594.1|A/cattle/Texas/24-008749-003/2024(H5N1)	394	213
PA|PP755594.1|A/cattle/Texas/24-008749-003/2024(H5N1)	395	212
PA|PP755594.1|A/cattle/Texas/24-008749-003/2024(H5N1)	396	212
PA|PP755594.1|A/cattle/Texas/24-008749-003/2024(H5N1)	397	212
PA|PP755594.1|A/cattle/Texas/24-008749-003/2024(H5N1)	398	210
PA|PP755594.1|A/cattle/Texas/24-008749-003/2024(H5N1)	399	209
PA|PP755594.1|A/cattle/Texas/24-008749-003/2024(H5N1)	400	209
PA|PP755594.1|A/cattle/Texas/24-008749-003/2024(H5N1)	401	209
PA|PP755594.1|A/cattle/Texas/24-008749-003/2024(H5N1)	402	208
PA|PP755594.1|A/cattle/Texas/24-008749-003/2024(H5N1)	403	211
PA|PP755594.1|A/cattle/Texas/24-008749-003/2024(H5N1)	404	213
PA|PP755594.1|A/cattle/Texas/24-008749-003/2024(H5N1)	405	213
PA|PP755594.1|A/cattle/Texas/24-008749-003/2024(H5N1)	406	213
PA|PP755594.1|A/cattle/Texas/24-008749-003/2024(H5N1)	407	212
PA|PP755594.1|A/cattle/Texas/24-008749-003/2024(H5N1)	408	202
PA|PP755594.1|A/cattle/Texas/24-008749-003/2024(H5N1)	409	200
PA|PP755594.1|A/cattle/Texas/24-008749-003/2024(H5N1)	410	200
PA|PP755594.1|A/cattle/Texas/24-008749-003/2024(H5N1)	411	211
PA|PP755594.1|A/cattle/Texas/24-008749-003/2024(H5N1)	412	211
PA|PP755594.1|A/cattle/Texas/24-008749-003/2024(H5N1)	413	211
PA|PP755594.1|A/cattle/Texas/24-008749-003/2024(H5N1)	414	204
PA|PP755594.1|A/cattle/Texas/24-008749-003/2024(H5N1)	415	212
PA|PP755594.1|A/cattle/Texas/24-008749-003/2024(H5N1)	416	211
PA|PP755594.1|A/cattle/Texas/24-008749-003/2024(H5N1)	417	211
PA|PP755594.1|A/cattle/Texas/24-008749-003/2024(H5N1)	418	211
PA|PP755594.1|A/cattle/Texas/24-008749-003/2024(H5N1)	419	202
PA|PP755594.1|A/cattle/Texas/24-008749-003/2024(H5N1)	420	202
PA|PP755594.1|A/cattle/Texas/24-008749-003/2024(H5N1)	421	200
PA|PP755594.1|A/cattle/Texas/24-008749-003/2024(H5N1)	422	200
PA|PP755594.1|A/cattle/Texas/24-008749-003/2024(H5N1)	423	200
PA|PP755594.1|A/cattle/Texas/24-008749-003/2024(H5N1)	424	200
PA|PP755594.1|A/cattle/Texas/24-008749-003/2024(H5N1)	425	200
PA|PP755594.1|A/cattle/Texas/24-008749-003/2024(H5N1)	426	200
PA|PP755594.1|A/cattle/Texas/24-008749-003/2024(H5N1)	427	203
PA|PP755594.1|A/cattle/Texas/24-008749-003/2024(H5N1)	428	203
PA|PP755594.1|A/cattle/Texas/24-008749-003/2024(H5N1)	429	202
PA|PP755594.1|A/cattle/Texas/24-008749-003/2024(H5N1)	430	203
PA|PP755594.1|A/cattle/Texas/24-008749-003/2024(H5N1)	431	199
PA|PP755594.1|A/cattle/Texas/24-008749-003/2024(H5N1)	432	201
PA|PP755594.1|A/cattle/Texas/24-008749-003/2024(H5N1)	433	202
PA|PP755594.1|A/cattle/Texas/24-008749-003/2024(H5N1)	434	202
PA|PP755594.1|A/cattle/Texas/24-008749-003/2024(H5N1)	435	202
PA|PP755594.1|A/cattle/Texas/24-008749-003/2024(H5N1)	436	203
PA|PP755594.1|A/cattle/Texas/24-008749-003/2024(H5N1)	437	203
PA|PP755594.1|A/cattle/Texas/24-008749-003/2024(H5N1)	438	195
PA|PP755594.1|A/cattle/Texas/24-008749-003/2024(H5N1)	439	191
PA|PP755594.1|A/cattle/Texas/24-008749-003/2024(H5N1)	440	193
PA|PP755594.1|A/cattle/Texas/24-008749-003/2024(H5N1)	441	188
PA|PP755594.1|A/cattle/Texas/24-008749-003/2024(H5N1)	442	192
PA|PP755594.1|A/cattle/Texas/24-008749-003/2024(H5N1)	443	191
PA|PP755594.1|A/cattle/Texas/24-008749-003/2024(H5N1)	444	189
PA|PP755594.1|A/cattle/Texas/24-008749-003/2024(H5N1)	445	180
PA|PP755594.1|A/cattle/Texas/24-008749-003/2024(H5N1)	446	180
PA|PP755594.1|A/cattle/Texas/24-008749-003/2024(H5N1)	447	179
PA|PP755594.1|A/cattle/Texas/24-008749-003/2024(H5N1)	448	179
PA|PP755594.1|A/cattle/Texas/24-008749-003/2024(H5N1)	449	179
PA|PP755594.1|A/cattle/Texas/24-008749-003/2024(H5N1)	450	179
PA|PP755594.1|A/cattle/Texas/24-008749-003/2024(H5N1)	451	175
PA|PP755594.1|A/cattle/Texas/24-008749-003/2024(H5N1)	452	175
PA|PP755594.1|A/cattle/Texas/24-008749-003/2024(H5N1)	453	171
PA|PP755594.1|A/cattle/Texas/24-008749-003/2024(H5N1)	454	174
PA|PP755594.1|A/cattle/Texas/24-008749-003/2024(H5N1)	455	175
PA|PP755594.1|A/cattle/Texas/24-008749-003/2024(H5N1)	456	177
PA|PP755594.1|A/cattle/Texas/24-008749-003/2024(H5N1)	457	174
PA|PP755594.1|A/cattle/Texas/24-008749-003/2024(H5N1)	458	178
PA|PP755594.1|A/cattle/Texas/24-008749-003/2024(H5N1)	459	178
PA|PP755594.1|A/cattle/Texas/24-008749-003/2024(H5N1)	460	178
PA|PP755594.1|A/cattle/Texas/24-008749-003/2024(H5N1)	461	176
PA|PP755594.1|A/cattle/Texas/24-008749-003/2024(H5N1)	462	177
PA|PP755594.1|A/cattle/Texas/24-008749-003/2024(H5N1)	463	176
PA|PP755594.1|A/cattle/Texas/24-008749-003/2024(H5N1)	464	176
PA|PP755594.1|A/cattle/Texas/24-008749-003/2024(H5N1)	465	176
PA|PP755594.1|A/cattle/Texas/24-008749-003/2024(H5N1)	466	175
PA|PP755594.1|A/cattle/Texas/24-008749-003/2024(H5N1)	467	170
PA|PP755594.1|A/cattle/Texas/24-008749-003/2024(H5N1)	468	171
PA|PP755594.1|A/cattle/Texas/24-008749-003/2024(H5N1)	469	171
PA|PP755594.1|A/cattle/Texas/24-008749-003/2024(H5N1)	470	171
PA|PP755594.1|A/cattle/Texas/24-008749-003/2024(H5N1)	471	171
PA|PP755594.1|A/cattle/Texas/24-008749-003/2024(H5N1)	472	171
PA|PP755594.1|A/cattle/Texas/24-008749-003/2024(H5N1)	473	171
PA|PP755594.1|A/cattle/Texas/24-008749-003/2024(H5N1)	474	171
PA|PP755594.1|A/cattle/Texas/24-008749-003/2024(H5N1)	475	174
PA|PP755594.1|A/cattle/Texas/24-008749-003/2024(H5N1)	476	174
PA|PP755594.1|A/cattle/Texas/24-008749-003/2024(H5N1)	477	177
PA|PP755594.1|A/cattle/Texas/24-008749-003/2024(H5N1)	478	181
PA|PP755594.1|A/cattle/Texas/24-008749-003/2024(H5N1)	479	181
PA|PP755594.1|A/cattle/Texas/24-008749-003/2024(H5N1)	480	181
PA|PP755594.1|A/cattle/Texas/24-008749-003/2024(H5N1)	481	183
PA|PP755594.1|A/cattle/Texas/24-008749-003/2024(H5N1)	482	181
PA|PP755594.1|A/cattle/Texas/24-008749-003/2024(H5N1)	483	175
PA|PP755594.1|A/cattle/Texas/24-008749-003/2024(H5N1)	484	175
PA|PP755594.1|A/cattle/Texas/24-008749-003/2024(H5N1)	485	176
PA|PP755594.1|A/cattle/Texas/24-008749-003/2024(H5N1)	486	177
PA|PP755594.1|A/cattle/Texas/24-008749-003/2024(H5N1)	487	170
PA|PP755594.1|A/cattle/Texas/24-008749-003/2024(H5N1)	488	170
PA|PP755594.1|A/cattle/Texas/24-008749-003/2024(H5N1)	489	165
PA|PP755594.1|A/cattle/Texas/24-008749-003/2024(H5N1)	490	165
PA|PP755594.1|A/cattle/Texas/24-008749-003/2024(H5N1)	491	161
PA|PP755594.1|A/cattle/Texas/24-008749-003/2024(H5N1)	492	157
PA|PP755594.1|A/cattle/Texas/24-008749-003/2024(H5N1)	493	157
PA|PP755594.1|A/cattle/Texas/24-008749-003/2024(H5N1)	494	155
PA|PP755594.1|A/cattle/Texas/24-008749-003/2024(H5N1)	495	155
PA|PP755594.1|A/cattle/Texas/24-008749-003/2024(H5N1)	496	154
PA|PP755594.1|A/cattle/Texas/24-008749-003/2024(H5N1)	497	155
PA|PP755594.1|A/cattle/Texas/24-008749-003/2024(H5N1)	498	154
PA|PP755594.1|A/cattle/Texas/24-008749-003/2024(H5N1)	499	152
PA|PP755594.1|A/cattle/Texas/24-008749-003/2024(H5N1)	500	152
PA|PP755594.1|A/cattle/Texas/24-008749-003/2024(H5N1)	501	152
PA|PP755594.1|A/cattle/Texas/24-008749-003/2024(H5N1)	502	150
PA|PP755594.1|A/cattle/Texas/24-008749-003/2024(H5N1)	503	150
PA|PP755594.1|A/cattle/Texas/24-008749-003/2024(H5N1)	504	150
PA|PP755594.1|A/cattle/Texas/24-008749-003/2024(H5N1)	505	150
PA|PP755594.1|A/cattle/Texas/24-008749-003/2024(H5N1)	506	154
PA|PP755594.1|A/cattle/Texas/24-008749-003/2024(H5N1)	507	146
PA|PP755594.1|A/cattle/Texas/24-008749-003/2024(H5N1)	508	145
PA|PP755594.1|A/cattle/Texas/24-008749-003/2024(H5N1)	509	146
PA|PP755594.1|A/cattle/Texas/24-008749-003/2024(H5N1)	510	146
PA|PP755594.1|A/cattle/Texas/24-008749-003/2024(H5N1)	511	149
PA|PP755594.1|A/cattle/Texas/24-008749-003/2024(H5N1)	512	147
PA|PP755594.1|A/cattle/Texas/24-008749-003/2024(H5N1)	513	147
PA|PP755594.1|A/cattle/Texas/24-008749-003/2024(H5N1)	514	147
PA|PP755594.1|A/cattle/Texas/24-008749-003/2024(H5N1)	515	150
PA|PP755594.1|A/cattle/Texas/24-008749-003/2024(H5N1)	516	153
PA|PP755594.1|A/cattle/Texas/24-008749-003/2024(H5N1)	517	153
PA|PP755594.1|A/cattle/Texas/24-008749-003/2024(H5N1)	518	151
PA|PP755594.1|A/cattle/Texas/24-008749-003/2024(H5N1)	519	151
PA|PP755594.1|A/cattle/Texas/24-008749-003/2024(H5N1)	520	147
PA|PP755594.1|A/cattle/Texas/24-008749-003/2024(H5N1)	521	148
PA|PP755594.1|A/cattle/Texas/24-008749-003/2024(H5N1)	522	151
PA|PP755594.1|A/cattle/Texas/24-008749-003/2024(H5N1)	523	151
PA|PP755594.1|A/cattle/Texas/24-008749-003/2024(H5N1)	524	150
PA|PP755594.1|A/cattle/Texas/24-008749-003/2024(H5N1)	525	163
PA|PP755594.1|A/cattle/Texas/24-008749-003/2024(H5N1)	526	166
PA|PP755594.1|A/cattle/Texas/24-008749-003/2024(H5N1)	527	167
PA|PP755594.1|A/cattle/Texas/24-008749-003/2024(H5N1)	528	166
PA|PP755594.1|A/cattle/Texas/24-008749-003/2024(H5N1)	529	166
PA|PP755594.1|A/cattle/Texas/24-008749-003/2024(H5N1)	530	177
PA|PP755594.1|A/cattle/Texas/24-008749-003/2024(H5N1)	531	177
PA|PP755594.1|A/cattle/Texas/24-008749-003/2024(H5N1)	532	177
PA|PP755594.1|A/cattle/Texas/24-008749-003/2024(H5N1)	533	175
PA|PP755594.1|A/cattle/Texas/24-008749-003/2024(H5N1)	534	169
PA|PP755594.1|A/cattle/Texas/24-008749-003/2024(H5N1)	535	158
PA|PP755594.1|A/cattle/Texas/24-008749-003/2024(H5N1)	536	164
PA|PP755594.1|A/cattle/Texas/24-008749-003/2024(H5N1)	537	164
PA|PP755594.1|A/cattle/Texas/24-008749-003/2024(H5N1)	538	164
PA|PP755594.1|A/cattle/Texas/24-008749-003/2024(H5N1)	539	154
PA|PP755594.1|A/cattle/Texas/24-008749-003/2024(H5N1)	540	154
PA|PP755594.1|A/cattle/Texas/24-008749-003/2024(H5N1)	541	155
PA|PP755594.1|A/cattle/Texas/24-008749-003/2024(H5N1)	542	156
PA|PP755594.1|A/cattle/Texas/24-008749-003/2024(H5N1)	543	155
PA|PP755594.1|A/cattle/Texas/24-008749-003/2024(H5N1)	544	156
PA|PP755594.1|A/cattle/Texas/24-008749-003/2024(H5N1)	545	155
PA|PP755594.1|A/cattle/Texas/24-008749-003/2024(H5N1)	546	173
PA|PP755594.1|A/cattle/Texas/24-008749-003/2024(H5N1)	547	173
PA|PP755594.1|A/cattle/Texas/24-008749-003/2024(H5N1)	548	173
PA|PP755594.1|A/cattle/Texas/24-008749-003/2024(H5N1)	549	173
PA|PP755594.1|A/cattle/Texas/24-008749-003/2024(H5N1)	550	170
PA|PP755594.1|A/cattle/Texas/24-008749-003/2024(H5N1)	551	183
PA|PP755594.1|A/cattle/Texas/24-008749-003/2024(H5N1)	552	184
PA|PP755594.1|A/cattle/Texas/24-008749-003/2024(H5N1)	553	184
PA|PP755594.1|A/cattle/Texas/24-008749-003/2024(H5N1)	554	184
PA|PP755594.1|A/cattle/Texas/24-008749-003/2024(H5N1)	555	185
PA|PP755594.1|A/cattle/Texas/24-008749-003/2024(H5N1)	556	189
PA|PP755594.1|A/cattle/Texas/24-008749-003/2024(H5N1)	557	193
PA|PP755594.1|A/cattle/Texas/24-008749-003/2024(H5N1)	558	192
PA|PP755594.1|A/cattle/Texas/24-008749-003/2024(H5N1)	559	192
PA|PP755594.1|A/cattle/Texas/24-008749-003/2024(H5N1)	560	183
PA|PP755594.1|A/cattle/Texas/24-008749-003/2024(H5N1)	561	184
PA|PP755594.1|A/cattle/Texas/24-008749-003/2024(H5N1)	562	188
PA|PP755594.1|A/cattle/Texas/24-008749-003/2024(H5N1)	563	188
PA|PP755594.1|A/cattle/Texas/24-008749-003/2024(H5N1)	564	188
PA|PP755594.1|A/cattle/Texas/24-008749-003/2024(H5N1)	565	181
PA|PP755594.1|A/cattle/Texas/24-008749-003/2024(H5N1)	566	173
PA|PP755594.1|A/cattle/Texas/24-008749-003/2024(H5N1)	567	175
PA|PP755594.1|A/cattle/Texas/24-008749-003/2024(H5N1)	568	175
PA|PP755594.1|A/cattle/Texas/24-008749-003/2024(H5N1)	569	175
PA|PP755594.1|A/cattle/Texas/24-008749-003/2024(H5N1)	570	174
PA|PP755594.1|A/cattle/Texas/24-008749-003/2024(H5N1)	571	174
PA|PP755594.1|A/cattle/Texas/24-008749-003/2024(H5N1)	572	174
PA|PP755594.1|A/cattle/Texas/24-008749-003/2024(H5N1)	573	172
PA|PP755594.1|A/cattle/Texas/24-008749-003/2024(H5N1)	574	172
PA|PP755594.1|A/cattle/Texas/24-008749-003/2024(H5N1)	575	172
PA|PP755594.1|A/cattle/Texas/24-008749-003/2024(H5N1)	576	175
PA|PP755594.1|A/cattle/Texas/24-008749-003/2024(H5N1)	577	177
PA|PP755594.1|A/cattle/Texas/24-008749-003/2024(H5N1)	578	174
PA|PP755594.1|A/cattle/Texas/24-008749-003/2024(H5N1)	579	178
PA|PP755594.1|A/cattle/Texas/24-008749-003/2024(H5N1)	580	180
PA|PP755594.1|A/cattle/Texas/24-008749-003/2024(H5N1)	581	178
PA|PP755594.1|A/cattle/Texas/24-008749-003/2024(H5N1)	582	176
PA|PP755594.1|A/cattle/Texas/24-008749-003/2024(H5N1)	583	176
PA|PP755594.1|A/cattle/Texas/24-008749-003/2024(H5N1)	584	175
PA|PP755594.1|A/cattle/Texas/24-008749-003/2024(H5N1)	585	175
PA|PP755594.1|A/cattle/Texas/24-008749-003/2024(H5N1)	586	177
PA|PP755594.1|A/cattle/Texas/24-008749-003/2024(H5N1)	587	177
PA|PP755594.1|A/cattle/Texas/24-008749-003/2024(H5N1)	588	175
PA|PP755594.1|A/cattle/Texas/24-008749-003/2024(H5N1)	589	176
PA|PP755594.1|A/cattle/Texas/24-008749-003/2024(H5N1)	590	177
PA|PP755594.1|A/cattle/Texas/24-008749-003/2024(H5N1)	591	175
PA|PP755594.1|A/cattle/Texas/24-008749-003/2024(H5N1)	592	175
PA|PP755594.1|A/cattle/Texas/24-008749-003/2024(H5N1)	593	174
PA|PP755594.1|A/cattle/Texas/24-008749-003/2024(H5N1)	594	174
PA|PP755594.1|A/cattle/Texas/24-008749-003/2024(H5N1)	595	176
PA|PP755594.1|A/cattle/Texas/24-008749-003/2024(H5N1)	596	176
PA|PP755594.1|A/cattle/Texas/24-008749-003/2024(H5N1)	597	176
PA|PP755594.1|A/cattle/Texas/24-008749-003/2024(H5N1)	598	175
PA|PP755594.1|A/cattle/Texas/24-008749-003/2024(H5N1)	599	177
PA|PP755594.1|A/cattle/Texas/24-008749-003/2024(H5N1)	600	177
PA|PP755594.1|A/cattle/Texas/24-008749-003/2024(H5N1)	601	178
PA|PP755594.1|A/cattle/Texas/24-008749-003/2024(H5N1)	602	178
PA|PP755594.1|A/cattle/Texas/24-008749-003/2024(H5N1)	603	178
PA|PP755594.1|A/cattle/Texas/24-008749-003/2024(H5N1)	604	178
PA|PP755594.1|A/cattle/Texas/24-008749-003/2024(H5N1)	605	177
PA|PP755594.1|A/cattle/Texas/24-008749-003/2024(H5N1)	606	175
PA|PP755594.1|A/cattle/Texas/24-008749-003/2024(H5N1)	607	173
PA|PP755594.1|A/cattle/Texas/24-008749-003/2024(H5N1)	608	174
PA|PP755594.1|A/cattle/Texas/24-008749-003/2024(H5N1)	609	174
PA|PP755594.1|A/cattle/Texas/24-008749-003/2024(H5N1)	610	174
PA|PP755594.1|A/cattle/Texas/24-008749-003/2024(H5N1)	611	178
PA|PP755594.1|A/cattle/Texas/24-008749-003/2024(H5N1)	612	178
PA|PP755594.1|A/cattle/Texas/24-008749-003/2024(H5N1)	613	177
PA|PP755594.1|A/cattle/Texas/24-008749-003/2024(H5N1)	614	177
PA|PP755594.1|A/cattle/Texas/24-008749-003/2024(H5N1)	615	178
PA|PP755594.1|A/cattle/Texas/24-008749-003/2024(H5N1)	616	178
PA|PP755594.1|A/cattle/Texas/24-008749-003/2024(H5N1)	617	178
PA|PP755594.1|A/cattle/Texas/24-008749-003/2024(H5N1)	618	178
PA|PP755594.1|A/cattle/Texas/24-008749-003/2024(H5N1)	619	176
PA|PP755594.1|A/cattle/Texas/24-008749-003/2024(H5N1)	620	176
PA|PP755594.1|A/cattle/Texas/24-008749-003/2024(H5N1)	621	178
PA|PP755594.1|A/cattle/Texas/24-008749-003/2024(H5N1)	622	178
PA|PP755594.1|A/cattle/Texas/24-008749-003/2024(H5N1)	623	180
PA|PP755594.1|A/cattle/Texas/24-008749-003/2024(H5N1)	624	180
PA|PP755594.1|A/cattle/Texas/24-008749-003/2024(H5N1)	625	182
PA|PP755594.1|A/cattle/Texas/24-008749-003/2024(H5N1)	626	180
PA|PP755594.1|A/cattle/Texas/24-008749-003/2024(H5N1)	627	185
PA|PP755594.1|A/cattle/Texas/24-008749-003/2024(H5N1)	628	186
PA|PP755594.1|A/cattle/Texas/24-008749-003/2024(H5N1)	629	184
PA|PP755594.1|A/cattle/Texas/24-008749-003/2024(H5N1)	630	184
PA|PP755594.1|A/cattle/Texas/24-008749-003/2024(H5N1)	631	184
PA|PP755594.1|A/cattle/Texas/24-008749-003/2024(H5N1)	632	182
PA|PP755594.1|A/cattle/Texas/24-008749-003/2024(H5N1)	633	182
PA|PP755594.1|A/cattle/Texas/24-008749-003/2024(H5N1)	634	180
PA|PP755594.1|A/cattle/Texas/24-008749-003/2024(H5N1)	635	180
PA|PP755594.1|A/cattle/Texas/24-008749-003/2024(H5N1)	636	179
PA|PP755594.1|A/cattle/Texas/24-008749-003/2024(H5N1)	637	175
PA|PP755594.1|A/cattle/Texas/24-008749-003/2024(H5N1)	638	181
PA|PP755594.1|A/cattle/Texas/24-008749-003/2024(H5N1)	639	183
PA|PP755594.1|A/cattle/Texas/24-008749-003/2024(H5N1)	640	183
PA|PP755594.1|A/cattle/Texas/24-008749-003/2024(H5N1)	641	177
PA|PP755594.1|A/cattle/Texas/24-008749-003/2024(H5N1)	642	177
PA|PP755594.1|A/cattle/Texas/24-008749-003/2024(H5N1)	643	177
PA|PP755594.1|A/cattle/Texas/24-008749-003/2024(H5N1)	644	180
PA|PP755594.1|A/cattle/Texas/24-008749-003/2024(H5N1)	645	180
PA|PP755594.1|A/cattle/Texas/24-008749-003/2024(H5N1)	646	181
PA|PP755594.1|A/cattle/Texas/24-008749-003/2024(H5N1)	647	183
PA|PP755594.1|A/cattle/Texas/24-008749-003/2024(H5N1)	648	183
PA|PP755594.1|A/cattle/Texas/24-008749-003/2024(H5N1)	649	186
PA|PP755594.1|A/cattle/Texas/24-008749-003/2024(H5N1)	650	184
PA|PP755594.1|A/cattle/Texas/24-008749-003/2024(H5N1)	651	185
PA|PP755594.1|A/cattle/Texas/24-008749-003/2024(H5N1)	652	185
PA|PP755594.1|A/cattle/Texas/24-008749-003/2024(H5N1)	653	189
PA|PP755594.1|A/cattle/Texas/24-008749-003/2024(H5N1)	654	189
PA|PP755594.1|A/cattle/Texas/24-008749-003/2024(H5N1)	655	182
PA|PP755594.1|A/cattle/Texas/24-008749-003/2024(H5N1)	656	181
PA|PP755594.1|A/cattle/Texas/24-008749-003/2024(H5N1)	657	182
PA|PP755594.1|A/cattle/Texas/24-008749-003/2024(H5N1)	658	187
PA|PP755594.1|A/cattle/Texas/24-008749-003/2024(H5N1)	659	186
PA|PP755594.1|A/cattle/Texas/24-008749-003/2024(H5N1)	660	185
PA|PP755594.1|A/cattle/Texas/24-008749-003/2024(H5N1)	661	185
PA|PP755594.1|A/cattle/Texas/24-008749-003/2024(H5N1)	662	185
PA|PP755594.1|A/cattle/Texas/24-008749-003/2024(H5N1)	663	185
PA|PP755594.1|A/cattle/Texas/24-008749-003/2024(H5N1)	664	189
PA|PP755594.1|A/cattle/Texas/24-008749-003/2024(H5N1)	665	189
PA|PP755594.1|A/cattle/Texas/24-008749-003/2024(H5N1)	666	193
PA|PP755594.1|A/cattle/Texas/24-008749-003/2024(H5N1)	667	187
PA|PP755594.1|A/cattle/Texas/24-008749-003/2024(H5N1)	668	187
PA|PP755594.1|A/cattle/Texas/24-008749-003/2024(H5N1)	669	188
PA|PP755594.1|A/cattle/Texas/24-008749-003/2024(H5N1)	670	188
PA|PP755594.1|A/cattle/Texas/24-008749-003/2024(H5N1)	671	187
PA|PP755594.1|A/cattle/Texas/24-008749-003/2024(H5N1)	672	187
PA|PP755594.1|A/cattle/Texas/24-008749-003/2024(H5N1)	673	184
PA|PP755594.1|A/cattle/Texas/24-008749-003/2024(H5N1)	674	185
PA|PP755594.1|A/cattle/Texas/24-008749-003/2024(H5N1)	675	172
PA|PP755594.1|A/cattle/Texas/24-008749-003/2024(H5N1)	676	173
PA|PP755594.1|A/cattle/Texas/24-008749-003/2024(H5N1)	677	170
PA|PP755594.1|A/cattle/Texas/24-008749-003/2024(H5N1)	678	170
PA|PP755594.1|A/cattle/Texas/24-008749-003/2024(H5N1)	679	172
PA|PP755594.1|A/cattle/Texas/24-008749-003/2024(H5N1)	680	180
PA|PP755594.1|A/cattle/Texas/24-008749-003/2024(H5N1)	681	175
PA|PP755594.1|A/cattle/Texas/24-008749-003/2024(H5N1)	682	175
PA|PP755594.1|A/cattle/Texas/24-008749-003/2024(H5N1)	683	175
PA|PP755594.1|A/cattle/Texas/24-008749-003/2024(H5N1)	684	180
PA|PP755594.1|A/cattle/Texas/24-008749-003/2024(H5N1)	685	182
PA|PP755594.1|A/cattle/Texas/24-008749-003/2024(H5N1)	686	182
PA|PP755594.1|A/cattle/Texas/24-008749-003/2024(H5N1)	687	182
PA|PP755594.1|A/cattle/Texas/24-008749-003/2024(H5N1)	688	182
PA|PP755594.1|A/cattle/Texas/24-008749-003/2024(H5N1)	689	182
PA|PP755594.1|A/cattle/Texas/24-008749-003/2024(H5N1)	690	182
PA|PP755594.1|A/cattle/Texas/24-008749-003/2024(H5N1)	691	184
PA|PP755594.1|A/cattle/Texas/24-008749-003/2024(H5N1)	692	184
PA|PP755594.1|A/cattle/Texas/24-008749-003/2024(H5N1)	693	179
PA|PP755594.1|A/cattle/Texas/24-008749-003/2024(H5N1)	694	184
PA|PP755594.1|A/cattle/Texas/24-008749-003/2024(H5N1)	695	188
PA|PP755594.1|A/cattle/Texas/24-008749-003/2024(H5N1)	696	188
PA|PP755594.1|A/cattle/Texas/24-008749-003/2024(H5N1)	697	183
PA|PP755594.1|A/cattle/Texas/24-008749-003/2024(H5N1)	698	181
PA|PP755594.1|A/cattle/Texas/24-008749-003/2024(H5N1)	699	183
PA|PP755594.1|A/cattle/Texas/24-008749-003/2024(H5N1)	700	183
PA|PP755594.1|A/cattle/Texas/24-008749-003/2024(H5N1)	701	180
PA|PP755594.1|A/cattle/Texas/24-008749-003/2024(H5N1)	702	174
PA|PP755594.1|A/cattle/Texas/24-008749-003/2024(H5N1)	703	174
PA|PP755594.1|A/cattle/Texas/24-008749-003/2024(H5N1)	704	177
PA|PP755594.1|A/cattle/Texas/24-008749-003/2024(H5N1)	705	177
PA|PP755594.1|A/cattle/Texas/24-008749-003/2024(H5N1)	706	177
PA|PP755594.1|A/cattle/Texas/24-008749-003/2024(H5N1)	707	175
PA|PP755594.1|A/cattle/Texas/24-008749-003/2024(H5N1)	708	170
PA|PP755594.1|A/cattle/Texas/24-008749-003/2024(H5N1)	709	170
PA|PP755594.1|A/cattle/Texas/24-008749-003/2024(H5N1)	710	170
PA|PP755594.1|A/cattle/Texas/24-008749-003/2024(H5N1)	711	170
PA|PP755594.1|A/cattle/Texas/24-008749-003/2024(H5N1)	712	170
PA|PP755594.1|A/cattle/Texas/24-008749-003/2024(H5N1)	713	166
PA|PP755594.1|A/cattle/Texas/24-008749-003/2024(H5N1)	714	166
PA|PP755594.1|A/cattle/Texas/24-008749-003/2024(H5N1)	715	167
PA|PP755594.1|A/cattle/Texas/24-008749-003/2024(H5N1)	716	167
PA|PP755594.1|A/cattle/Texas/24-008749-003/2024(H5N1)	717	169
PA|PP755594.1|A/cattle/Texas/24-008749-003/2024(H5N1)	718	167
PA|PP755594.1|A/cattle/Texas/24-008749-003/2024(H5N1)	719	177
PA|PP755594.1|A/cattle/Texas/24-008749-003/2024(H5N1)	720	177
PA|PP755594.1|A/cattle/Texas/24-008749-003/2024(H5N1)	721	177
PA|PP755594.1|A/cattle/Texas/24-008749-003/2024(H5N1)	722	186
PA|PP755594.1|A/cattle/Texas/24-008749-003/2024(H5N1)	723	187
PA|PP755594.1|A/cattle/Texas/24-008749-003/2024(H5N1)	724	187
PA|PP755594.1|A/cattle/Texas/24-008749-003/2024(H5N1)	725	191
PA|PP755594.1|A/cattle/Texas/24-008749-003/2024(H5N1)	726	188
PA|PP755594.1|A/cattle/Texas/24-008749-003/2024(H5N1)	727	188
PA|PP755594.1|A/cattle/Texas/24-008749-003/2024(H5N1)	728	180
PA|PP755594.1|A/cattle/Texas/24-008749-003/2024(H5N1)	729	191
PA|PP755594.1|A/cattle/Texas/24-008749-003/2024(H5N1)	730	186
PA|PP755594.1|A/cattle/Texas/24-008749-003/2024(H5N1)	731	183
PA|PP755594.1|A/cattle/Texas/24-008749-003/2024(H5N1)	732	183
PA|PP755594.1|A/cattle/Texas/24-008749-003/2024(H5N1)	733	185
PA|PP755594.1|A/cattle/Texas/24-008749-003/2024(H5N1)	734	185
PA|PP755594.1|A/cattle/Texas/24-008749-003/2024(H5N1)	735	187
PA|PP755594.1|A/cattle/Texas/24-008749-003/2024(H5N1)	736	187
PA|PP755594.1|A/cattle/Texas/24-008749-003/2024(H5N1)	737	187
PA|PP755594.1|A/cattle/Texas/24-008749-003/2024(H5N1)	738	185
PA|PP755594.1|A/cattle/Texas/24-008749-003/2024(H5N1)	739	187
PA|PP755594.1|A/cattle/Texas/24-008749-003/2024(H5N1)	740	191
PA|PP755594.1|A/cattle/Texas/24-008749-003/2024(H5N1)	741	191
PA|PP755594.1|A/cattle/Texas/24-008749-003/2024(H5N1)	742	192
PA|PP755594.1|A/cattle/Texas/24-008749-003/2024(H5N1)	743	192
PA|PP755594.1|A/cattle/Texas/24-008749-003/2024(H5N1)	744	191
PA|PP755594.1|A/cattle/Texas/24-008749-003/2024(H5N1)	745	191
PA|PP755594.1|A/cattle/Texas/24-008749-003/2024(H5N1)	746	195
PA|PP755594.1|A/cattle/Texas/24-008749-003/2024(H5N1)	747	195
PA|PP755594.1|A/cattle/Texas/24-008749-003/2024(H5N1)	748	195
PA|PP755594.1|A/cattle/Texas/24-008749-003/2024(H5N1)	749	193
PA|PP755594.1|A/cattle/Texas/24-008749-003/2024(H5N1)	750	193
PA|PP755594.1|A/cattle/Texas/24-008749-003/2024(H5N1)	751	196
PA|PP755594.1|A/cattle/Texas/24-008749-003/2024(H5N1)	752	195
PA|PP755594.1|A/cattle/Texas/24-008749-003/2024(H5N1)	753	195
PA|PP755594.1|A/cattle/Texas/24-008749-003/2024(H5N1)	754	198
PA|PP755594.1|A/cattle/Texas/24-008749-003/2024(H5N1)	755	195
PA|PP755594.1|A/cattle/Texas/24-008749-003/2024(H5N1)	756	194
PA|PP755594.1|A/cattle/Texas/24-008749-003/2024(H5N1)	757	194
PA|PP755594.1|A/cattle/Texas/24-008749-003/2024(H5N1)	758	193
PA|PP755594.1|A/cattle/Texas/24-008749-003/2024(H5N1)	759	193
PA|PP755594.1|A/cattle/Texas/24-008749-003/2024(H5N1)	760	195
PA|PP755594.1|A/cattle/Texas/24-008749-003/2024(H5N1)	761	195
PA|PP755594.1|A/cattle/Texas/24-008749-003/2024(H5N1)	762	198
PA|PP755594.1|A/cattle/Texas/24-008749-003/2024(H5N1)	763	197
PA|PP755594.1|A/cattle/Texas/24-008749-003/2024(H5N1)	764	197
PA|PP755594.1|A/cattle/Texas/24-008749-003/2024(H5N1)	765	197
PA|PP755594.1|A/cattle/Texas/24-008749-003/2024(H5N1)	766	196
PA|PP755594.1|A/cattle/Texas/24-008749-003/2024(H5N1)	767	198
PA|PP755594.1|A/cattle/Texas/24-008749-003/2024(H5N1)	768	209
PA|PP755594.1|A/cattle/Texas/24-008749-003/2024(H5N1)	769	209
PA|PP755594.1|A/cattle/Texas/24-008749-003/2024(H5N1)	770	213
PA|PP755594.1|A/cattle/Texas/24-008749-003/2024(H5N1)	771	208
PA|PP755594.1|A/cattle/Texas/24-008749-003/2024(H5N1)	772	206
PA|PP755594.1|A/cattle/Texas/24-008749-003/2024(H5N1)	773	206
PA|PP755594.1|A/cattle/Texas/24-008749-003/2024(H5N1)	774	206
PA|PP755594.1|A/cattle/Texas/24-008749-003/2024(H5N1)	775	206
PA|PP755594.1|A/cattle/Texas/24-008749-003/2024(H5N1)	776	205
PA|PP755594.1|A/cattle/Texas/24-008749-003/2024(H5N1)	777	205
PA|PP755594.1|A/cattle/Texas/24-008749-003/2024(H5N1)	778	201
PA|PP755594.1|A/cattle/Texas/24-008749-003/2024(H5N1)	779	200
PA|PP755594.1|A/cattle/Texas/24-008749-003/2024(H5N1)	780	200
PA|PP755594.1|A/cattle/Texas/24-008749-003/2024(H5N1)	781	200
PA|PP755594.1|A/cattle/Texas/24-008749-003/2024(H5N1)	782	200
PA|PP755594.1|A/cattle/Texas/24-008749-003/2024(H5N1)	783	202
PA|PP755594.1|A/cattle/Texas/24-008749-003/2024(H5N1)	784	202
PA|PP755594.1|A/cattle/Texas/24-008749-003/2024(H5N1)	785	204
PA|PP755594.1|A/cattle/Texas/24-008749-003/2024(H5N1)	786	212
PA|PP755594.1|A/cattle/Texas/24-008749-003/2024(H5N1)	787	212
PA|PP755594.1|A/cattle/Texas/24-008749-003/2024(H5N1)	788	208
PA|PP755594.1|A/cattle/Texas/24-008749-003/2024(H5N1)	789	205
PA|PP755594.1|A/cattle/Texas/24-008749-003/2024(H5N1)	790	205
PA|PP755594.1|A/cattle/Texas/24-008749-003/2024(H5N1)	791	206
PA|PP755594.1|A/cattle/Texas/24-008749-003/2024(H5N1)	792	206
PA|PP755594.1|A/cattle/Texas/24-008749-003/2024(H5N1)	793	206
PA|PP755594.1|A/cattle/Texas/24-008749-003/2024(H5N1)	794	197
PA|PP755594.1|A/cattle/Texas/24-008749-003/2024(H5N1)	795	197
PA|PP755594.1|A/cattle/Texas/24-008749-003/2024(H5N1)	796	197
PA|PP755594.1|A/cattle/Texas/24-008749-003/2024(H5N1)	797	194
PA|PP755594.1|A/cattle/Texas/24-008749-003/2024(H5N1)	798	194
PA|PP755594.1|A/cattle/Texas/24-008749-003/2024(H5N1)	799	191
PA|PP755594.1|A/cattle/Texas/24-008749-003/2024(H5N1)	800	189
PA|PP755594.1|A/cattle/Texas/24-008749-003/2024(H5N1)	801	189
PA|PP755594.1|A/cattle/Texas/24-008749-003/2024(H5N1)	802	187
PA|PP755594.1|A/cattle/Texas/24-008749-003/2024(H5N1)	803	187
PA|PP755594.1|A/cattle/Texas/24-008749-003/2024(H5N1)	804	190
PA|PP755594.1|A/cattle/Texas/24-008749-003/2024(H5N1)	805	190
PA|PP755594.1|A/cattle/Texas/24-008749-003/2024(H5N1)	806	192
PA|PP755594.1|A/cattle/Texas/24-008749-003/2024(H5N1)	807	195
PA|PP755594.1|A/cattle/Texas/24-008749-003/2024(H5N1)	808	198
PA|PP755594.1|A/cattle/Texas/24-008749-003/2024(H5N1)	809	190
PA|PP755594.1|A/cattle/Texas/24-008749-003/2024(H5N1)	810	190
PA|PP755594.1|A/cattle/Texas/24-008749-003/2024(H5N1)	811	191
PA|PP755594.1|A/cattle/Texas/24-008749-003/2024(H5N1)	812	189
PA|PP755594.1|A/cattle/Texas/24-008749-003/2024(H5N1)	813	188
PA|PP755594.1|A/cattle/Texas/24-008749-003/2024(H5N1)	814	188
PA|PP755594.1|A/cattle/Texas/24-008749-003/2024(H5N1)	815	189
PA|PP755594.1|A/cattle/Texas/24-008749-003/2024(H5N1)	816	189
PA|PP755594.1|A/cattle/Texas/24-008749-003/2024(H5N1)	817	191
PA|PP755594.1|A/cattle/Texas/24-008749-003/2024(H5N1)	818	191
PA|PP755594.1|A/cattle/Texas/24-008749-003/2024(H5N1)	819	191
PA|PP755594.1|A/cattle/Texas/24-008749-003/2024(H5N1)	820	196
PA|PP755594.1|A/cattle/Texas/24-008749-003/2024(H5N1)	821	195
PA|PP755594.1|A/cattle/Texas/24-008749-003/2024(H5N1)	822	199
PA|PP755594.1|A/cattle/Texas/24-008749-003/2024(H5N1)	823	203
PA|PP755594.1|A/cattle/Texas/24-008749-003/2024(H5N1)	824	202
PA|PP755594.1|A/cattle/Texas/24-008749-003/2024(H5N1)	825	201
PA|PP755594.1|A/cattle/Texas/24-008749-003/2024(H5N1)	826	192
PA|PP755594.1|A/cattle/Texas/24-008749-003/2024(H5N1)	827	201
PA|PP755594.1|A/cattle/Texas/24-008749-003/2024(H5N1)	828	200
PA|PP755594.1|A/cattle/Texas/24-008749-003/2024(H5N1)	829	200
PA|PP755594.1|A/cattle/Texas/24-008749-003/2024(H5N1)	830	200
PA|PP755594.1|A/cattle/Texas/24-008749-003/2024(H5N1)	831	190
PA|PP755594.1|A/cattle/Texas/24-008749-003/2024(H5N1)	832	190
PA|PP755594.1|A/cattle/Texas/24-008749-003/2024(H5N1)	833	190
PA|PP755594.1|A/cattle/Texas/24-008749-003/2024(H5N1)	834	190
PA|PP755594.1|A/cattle/Texas/24-008749-003/2024(H5N1)	835	185
PA|PP755594.1|A/cattle/Texas/24-008749-003/2024(H5N1)	836	184
PA|PP755594.1|A/cattle/Texas/24-008749-003/2024(H5N1)	837	186
PA|PP755594.1|A/cattle/Texas/24-008749-003/2024(H5N1)	838	187
PA|PP755594.1|A/cattle/Texas/24-008749-003/2024(H5N1)	839	187
PA|PP755594.1|A/cattle/Texas/24-008749-003/2024(H5N1)	840	187
PA|PP755594.1|A/cattle/Texas/24-008749-003/2024(H5N1)	841	187
PA|PP755594.1|A/cattle/Texas/24-008749-003/2024(H5N1)	842	185
PA|PP755594.1|A/cattle/Texas/24-008749-003/2024(H5N1)	843	184
PA|PP755594.1|A/cattle/Texas/24-008749-003/2024(H5N1)	844	187
PA|PP755594.1|A/cattle/Texas/24-008749-003/2024(H5N1)	845	191
PA|PP755594.1|A/cattle/Texas/24-008749-003/2024(H5N1)	846	182
PA|PP755594.1|A/cattle/Texas/24-008749-003/2024(H5N1)	847	182
PA|PP755594.1|A/cattle/Texas/24-008749-003/2024(H5N1)	848	182
PA|PP755594.1|A/cattle/Texas/24-008749-003/2024(H5N1)	849	182
PA|PP755594.1|A/cattle/Texas/24-008749-003/2024(H5N1)	850	183
PA|PP755594.1|A/cattle/Texas/24-008749-003/2024(H5N1)	851	185
PA|PP755594.1|A/cattle/Texas/24-008749-003/2024(H5N1)	852	186
PA|PP755594.1|A/cattle/Texas/24-008749-003/2024(H5N1)	853	183
PA|PP755594.1|A/cattle/Texas/24-008749-003/2024(H5N1)	854	183
PA|PP755594.1|A/cattle/Texas/24-008749-003/2024(H5N1)	855	176
PA|PP755594.1|A/cattle/Texas/24-008749-003/2024(H5N1)	856	177
PA|PP755594.1|A/cattle/Texas/24-008749-003/2024(H5N1)	857	177
PA|PP755594.1|A/cattle/Texas/24-008749-003/2024(H5N1)	858	177
PA|PP755594.1|A/cattle/Texas/24-008749-003/2024(H5N1)	859	177
PA|PP755594.1|A/cattle/Texas/24-008749-003/2024(H5N1)	860	195
PA|PP755594.1|A/cattle/Texas/24-008749-003/2024(H5N1)	861	195
PA|PP755594.1|A/cattle/Texas/24-008749-003/2024(H5N1)	862	197
PA|PP755594.1|A/cattle/Texas/24-008749-003/2024(H5N1)	863	198
PA|PP755594.1|A/cattle/Texas/24-008749-003/2024(H5N1)	864	198
PA|PP755594.1|A/cattle/Texas/24-008749-003/2024(H5N1)	865	199
PA|PP755594.1|A/cattle/Texas/24-008749-003/2024(H5N1)	866	198
PA|PP755594.1|A/cattle/Texas/24-008749-003/2024(H5N1)	867	199
PA|PP755594.1|A/cattle/Texas/24-008749-003/2024(H5N1)	868	201
PA|PP755594.1|A/cattle/Texas/24-008749-003/2024(H5N1)	869	187
PA|PP755594.1|A/cattle/Texas/24-008749-003/2024(H5N1)	870	185
PA|PP755594.1|A/cattle/Texas/24-008749-003/2024(H5N1)	871	181
PA|PP755594.1|A/cattle/Texas/24-008749-003/2024(H5N1)	872	181
PA|PP755594.1|A/cattle/Texas/24-008749-003/2024(H5N1)	873	179
PA|PP755594.1|A/cattle/Texas/24-008749-003/2024(H5N1)	874	179
PA|PP755594.1|A/cattle/Texas/24-008749-003/2024(H5N1)	875	179
PA|PP755594.1|A/cattle/Texas/24-008749-003/2024(H5N1)	876	175
PA|PP755594.1|A/cattle/Texas/24-008749-003/2024(H5N1)	877	175
PA|PP755594.1|A/cattle/Texas/24-008749-003/2024(H5N1)	878	178
PA|PP755594.1|A/cattle/Texas/24-008749-003/2024(H5N1)	879	178
PA|PP755594.1|A/cattle/Texas/24-008749-003/2024(H5N1)	880	171
PA|PP755594.1|A/cattle/Texas/24-008749-003/2024(H5N1)	881	171
PA|PP755594.1|A/cattle/Texas/24-008749-003/2024(H5N1)	882	177
PA|PP755594.1|A/cattle/Texas/24-008749-003/2024(H5N1)	883	178
PA|PP755594.1|A/cattle/Texas/24-008749-003/2024(H5N1)	884	177
PA|PP755594.1|A/cattle/Texas/24-008749-003/2024(H5N1)	885	174
PA|PP755594.1|A/cattle/Texas/24-008749-003/2024(H5N1)	886	176
PA|PP755594.1|A/cattle/Texas/24-008749-003/2024(H5N1)	887	176
PA|PP755594.1|A/cattle/Texas/24-008749-003/2024(H5N1)	888	176
PA|PP755594.1|A/cattle/Texas/24-008749-003/2024(H5N1)	889	176
PA|PP755594.1|A/cattle/Texas/24-008749-003/2024(H5N1)	890	174
PA|PP755594.1|A/cattle/Texas/24-008749-003/2024(H5N1)	891	179
PA|PP755594.1|A/cattle/Texas/24-008749-003/2024(H5N1)	892	179
PA|PP755594.1|A/cattle/Texas/24-008749-003/2024(H5N1)	893	178
PA|PP755594.1|A/cattle/Texas/24-008749-003/2024(H5N1)	894	179
PA|PP755594.1|A/cattle/Texas/24-008749-003/2024(H5N1)	895	183
PA|PP755594.1|A/cattle/Texas/24-008749-003/2024(H5N1)	896	183
PA|PP755594.1|A/cattle/Texas/24-008749-003/2024(H5N1)	897	181
PA|PP755594.1|A/cattle/Texas/24-008749-003/2024(H5N1)	898	181
PA|PP755594.1|A/cattle/Texas/24-008749-003/2024(H5N1)	899	181
PA|PP755594.1|A/cattle/Texas/24-008749-003/2024(H5N1)	900	188
PA|PP755594.1|A/cattle/Texas/24-008749-003/2024(H5N1)	901	188
PA|PP755594.1|A/cattle/Texas/24-008749-003/2024(H5N1)	902	191
PA|PP755594.1|A/cattle/Texas/24-008749-003/2024(H5N1)	903	194
PA|PP755594.1|A/cattle/Texas/24-008749-003/2024(H5N1)	904	185
PA|PP755594.1|A/cattle/Texas/24-008749-003/2024(H5N1)	905	184
PA|PP755594.1|A/cattle/Texas/24-008749-003/2024(H5N1)	906	184
PA|PP755594.1|A/cattle/Texas/24-008749-003/2024(H5N1)	907	202
PA|PP755594.1|A/cattle/Texas/24-008749-003/2024(H5N1)	908	201
PA|PP755594.1|A/cattle/Texas/24-008749-003/2024(H5N1)	909	201
PA|PP755594.1|A/cattle/Texas/24-008749-003/2024(H5N1)	910	196
PA|PP755594.1|A/cattle/Texas/24-008749-003/2024(H5N1)	911	194
PA|PP755594.1|A/cattle/Texas/24-008749-003/2024(H5N1)	912	206
PA|PP755594.1|A/cattle/Texas/24-008749-003/2024(H5N1)	913	206
PA|PP755594.1|A/cattle/Texas/24-008749-003/2024(H5N1)	914	206
PA|PP755594.1|A/cattle/Texas/24-008749-003/2024(H5N1)	915	206
PA|PP755594.1|A/cattle/Texas/24-008749-003/2024(H5N1)	916	196
PA|PP755594.1|A/cattle/Texas/24-008749-003/2024(H5N1)	917	198
PA|PP755594.1|A/cattle/Texas/24-008749-003/2024(H5N1)	918	195
PA|PP755594.1|A/cattle/Texas/24-008749-003/2024(H5N1)	919	195
PA|PP755594.1|A/cattle/Texas/24-008749-003/2024(H5N1)	920	195
PA|PP755594.1|A/cattle/Texas/24-008749-003/2024(H5N1)	921	191
PA|PP755594.1|A/cattle/Texas/24-008749-003/2024(H5N1)	922	191
PA|PP755594.1|A/cattle/Texas/24-008749-003/2024(H5N1)	923	191
PA|PP755594.1|A/cattle/Texas/24-008749-003/2024(H5N1)	924	191
PA|PP755594.1|A/cattle/Texas/24-008749-003/2024(H5N1)	925	191
PA|PP755594.1|A/cattle/Texas/24-008749-003/2024(H5N1)	926	191
PA|PP755594.1|A/cattle/Texas/24-008749-003/2024(H5N1)	927	191
PA|PP755594.1|A/cattle/Texas/24-008749-003/2024(H5N1)	928	191
PA|PP755594.1|A/cattle/Texas/24-008749-003/2024(H5N1)	929	190
PA|PP755594.1|A/cattle/Texas/24-008749-003/2024(H5N1)	930	188
PA|PP755594.1|A/cattle/Texas/24-008749-003/2024(H5N1)	931	188
PA|PP755594.1|A/cattle/Texas/24-008749-003/2024(H5N1)	932	188
PA|PP755594.1|A/cattle/Texas/24-008749-003/2024(H5N1)	933	188
PA|PP755594.1|A/cattle/Texas/24-008749-003/2024(H5N1)	934	190
PA|PP755594.1|A/cattle/Texas/24-008749-003/2024(H5N1)	935	190
PA|PP755594.1|A/cattle/Texas/24-008749-003/2024(H5N1)	936	188
PA|PP755594.1|A/cattle/Texas/24-008749-003/2024(H5N1)	937	192
PA|PP755594.1|A/cattle/Texas/24-008749-003/2024(H5N1)	938	193
PA|PP755594.1|A/cattle/Texas/24-008749-003/2024(H5N1)	939	191
PA|PP755594.1|A/cattle/Texas/24-008749-003/2024(H5N1)	940	192
PA|PP755594.1|A/cattle/Texas/24-008749-003/2024(H5N1)	941	193
PA|PP755594.1|A/cattle/Texas/24-008749-003/2024(H5N1)	942	192
PA|PP755594.1|A/cattle/Texas/24-008749-003/2024(H5N1)	943	198
PA|PP755594.1|A/cattle/Texas/24-008749-003/2024(H5N1)	944	198
PA|PP755594.1|A/cattle/Texas/24-008749-003/2024(H5N1)	945	198
PA|PP755594.1|A/cattle/Texas/24-008749-003/2024(H5N1)	946	198
PA|PP755594.1|A/cattle/Texas/24-008749-003/2024(H5N1)	947	197
PA|PP755594.1|A/cattle/Texas/24-008749-003/2024(H5N1)	948	196
PA|PP755594.1|A/cattle/Texas/24-008749-003/2024(H5N1)	949	196
PA|PP755594.1|A/cattle/Texas/24-008749-003/2024(H5N1)	950	196
PA|PP755594.1|A/cattle/Texas/24-008749-003/2024(H5N1)	951	196
PA|PP755594.1|A/cattle/Texas/24-008749-003/2024(H5N1)	952	201
PA|PP755594.1|A/cattle/Texas/24-008749-003/2024(H5N1)	953	201
PA|PP755594.1|A/cattle/Texas/24-008749-003/2024(H5N1)	954	201
PA|PP755594.1|A/cattle/Texas/24-008749-003/2024(H5N1)	955	202
PA|PP755594.1|A/cattle/Texas/24-008749-003/2024(H5N1)	956	200
PA|PP755594.1|A/cattle/Texas/24-008749-003/2024(H5N1)	957	202
PA|PP755594.1|A/cattle/Texas/24-008749-003/2024(H5N1)	958	203
PA|PP755594.1|A/cattle/Texas/24-008749-003/2024(H5N1)	959	199
PA|PP755594.1|A/cattle/Texas/24-008749-003/2024(H5N1)	960	198
PA|PP755594.1|A/cattle/Texas/24-008749-003/2024(H5N1)	961	198
PA|PP755594.1|A/cattle/Texas/24-008749-003/2024(H5N1)	962	199
PA|PP755594.1|A/cattle/Texas/24-008749-003/2024(H5N1)	963	200
PA|PP755594.1|A/cattle/Texas/24-008749-003/2024(H5N1)	964	194
PA|PP755594.1|A/cattle/Texas/24-008749-003/2024(H5N1)	965	207
PA|PP755594.1|A/cattle/Texas/24-008749-003/2024(H5N1)	966	205
PA|PP755594.1|A/cattle/Texas/24-008749-003/2024(H5N1)	967	205
PA|PP755594.1|A/cattle/Texas/24-008749-003/2024(H5N1)	968	206
PA|PP755594.1|A/cattle/Texas/24-008749-003/2024(H5N1)	969	211
PA|PP755594.1|A/cattle/Texas/24-008749-003/2024(H5N1)	970	211
PA|PP755594.1|A/cattle/Texas/24-008749-003/2024(H5N1)	971	205
PA|PP755594.1|A/cattle/Texas/24-008749-003/2024(H5N1)	972	205
PA|PP755594.1|A/cattle/Texas/24-008749-003/2024(H5N1)	973	201
PA|PP755594.1|A/cattle/Texas/24-008749-003/2024(H5N1)	974	200
PA|PP755594.1|A/cattle/Texas/24-008749-003/2024(H5N1)	975	200
PA|PP755594.1|A/cattle/Texas/24-008749-003/2024(H5N1)	976	200
PA|PP755594.1|A/cattle/Texas/24-008749-003/2024(H5N1)	977	200
PA|PP755594.1|A/cattle/Texas/24-008749-003/2024(H5N1)	978	197
PA|PP755594.1|A/cattle/Texas/24-008749-003/2024(H5N1)	979	197
PA|PP755594.1|A/cattle/Texas/24-008749-003/2024(H5N1)	980	197
PA|PP755594.1|A/cattle/Texas/24-008749-003/2024(H5N1)	981	199
PA|PP755594.1|A/cattle/Texas/24-008749-003/2024(H5N1)	982	199
PA|PP755594.1|A/cattle/Texas/24-008749-003/2024(H5N1)	983	199
PA|PP755594.1|A/cattle/Texas/24-008749-003/2024(H5N1)	984	199
PA|PP755594.1|A/cattle/Texas/24-008749-003/2024(H5N1)	985	204
PA|PP755594.1|A/cattle/Texas/24-008749-003/2024(H5N1)	986	205
PA|PP755594.1|A/cattle/Texas/24-008749-003/2024(H5N1)	987	202
PA|PP755594.1|A/cattle/Texas/24-008749-003/2024(H5N1)	988	201
PA|PP755594.1|A/cattle/Texas/24-008749-003/2024(H5N1)	989	201
PA|PP755594.1|A/cattle/Texas/24-008749-003/2024(H5N1)	990	202
PA|PP755594.1|A/cattle/Texas/24-008749-003/2024(H5N1)	991	202
PA|PP755594.1|A/cattle/Texas/24-008749-003/2024(H5N1)	992	203
PA|PP755594.1|A/cattle/Texas/24-008749-003/2024(H5N1)	993	207
PA|PP755594.1|A/cattle/Texas/24-008749-003/2024(H5N1)	994	197
PA|PP755594.1|A/cattle/Texas/24-008749-003/2024(H5N1)	995	197
PA|PP755594.1|A/cattle/Texas/24-008749-003/2024(H5N1)	996	198
PA|PP755594.1|A/cattle/Texas/24-008749-003/2024(H5N1)	997	205
PA|PP755594.1|A/cattle/Texas/24-008749-003/2024(H5N1)	998	205
PA|PP755594.1|A/cattle/Texas/24-008749-003/2024(H5N1)	999	207
PA|PP755594.1|A/cattle/Texas/24-008749-003/2024(H5N1)	1000	207
PA|PP755594.1|A/cattle/Texas/24-008749-003/2024(H5N1)	1001	204
PA|PP755594.1|A/cattle/Texas/24-008749-003/2024(H5N1)	1002	200
PA|PP755594.1|A/cattle/Texas/24-008749-003/2024(H5N1)	1003	200
PA|PP755594.1|A/cattle/Texas/24-008749-003/2024(H5N1)	1004	201
PA|PP755594.1|A/cattle/Texas/24-008749-003/2024(H5N1)	1005	201
PA|PP755594.1|A/cattle/Texas/24-008749-003/2024(H5N1)	1006	200
PA|PP755594.1|A/cattle/Texas/24-008749-003/2024(H5N1)	1007	203
PA|PP755594.1|A/cattle/Texas/24-008749-003/2024(H5N1)	1008	205
PA|PP755594.1|A/cattle/Texas/24-008749-003/2024(H5N1)	1009	205
PA|PP755594.1|A/cattle/Texas/24-008749-003/2024(H5N1)	1010	195
PA|PP755594.1|A/cattle/Texas/24-008749-003/2024(H5N1)	1011	195
PA|PP755594.1|A/cattle/Texas/24-008749-003/2024(H5N1)	1012	195
PA|PP755594.1|A/cattle/Texas/24-008749-003/2024(H5N1)	1013	192
PA|PP755594.1|A/cattle/Texas/24-008749-003/2024(H5N1)	1014	194
PA|PP755594.1|A/cattle/Texas/24-008749-003/2024(H5N1)	1015	202
PA|PP755594.1|A/cattle/Texas/24-008749-003/2024(H5N1)	1016	201
PA|PP755594.1|A/cattle/Texas/24-008749-003/2024(H5N1)	1017	201
PA|PP755594.1|A/cattle/Texas/24-008749-003/2024(H5N1)	1018	198
PA|PP755594.1|A/cattle/Texas/24-008749-003/2024(H5N1)	1019	197
PA|PP755594.1|A/cattle/Texas/24-008749-003/2024(H5N1)	1020	201
PA|PP755594.1|A/cattle/Texas/24-008749-003/2024(H5N1)	1021	202
PA|PP755594.1|A/cattle/Texas/24-008749-003/2024(H5N1)	1022	200
PA|PP755594.1|A/cattle/Texas/24-008749-003/2024(H5N1)	1023	200
PA|PP755594.1|A/cattle/Texas/24-008749-003/2024(H5N1)	1024	218
PA|PP755594.1|A/cattle/Texas/24-008749-003/2024(H5N1)	1025	218
PA|PP755594.1|A/cattle/Texas/24-008749-003/2024(H5N1)	1026	221
PA|PP755594.1|A/cattle/Texas/24-008749-003/2024(H5N1)	1027	221
PA|PP755594.1|A/cattle/Texas/24-008749-003/2024(H5N1)	1028	221
PA|PP755594.1|A/cattle/Texas/24-008749-003/2024(H5N1)	1029	216
PA|PP755594.1|A/cattle/Texas/24-008749-003/2024(H5N1)	1030	216
PA|PP755594.1|A/cattle/Texas/24-008749-003/2024(H5N1)	1031	216
PA|PP755594.1|A/cattle/Texas/24-008749-003/2024(H5N1)	1032	221
PA|PP755594.1|A/cattle/Texas/24-008749-003/2024(H5N1)	1033	231
PA|PP755594.1|A/cattle/Texas/24-008749-003/2024(H5N1)	1034	235
PA|PP755594.1|A/cattle/Texas/24-008749-003/2024(H5N1)	1035	234
PA|PP755594.1|A/cattle/Texas/24-008749-003/2024(H5N1)	1036	232
PA|PP755594.1|A/cattle/Texas/24-008749-003/2024(H5N1)	1037	232
PA|PP755594.1|A/cattle/Texas/24-008749-003/2024(H5N1)	1038	232
PA|PP755594.1|A/cattle/Texas/24-008749-003/2024(H5N1)	1039	232
PA|PP755594.1|A/cattle/Texas/24-008749-003/2024(H5N1)	1040	234
PA|PP755594.1|A/cattle/Texas/24-008749-003/2024(H5N1)	1041	236
PA|PP755594.1|A/cattle/Texas/24-008749-003/2024(H5N1)	1042	223
PA|PP755594.1|A/cattle/Texas/24-008749-003/2024(H5N1)	1043	226
PA|PP755594.1|A/cattle/Texas/24-008749-003/2024(H5N1)	1044	226
PA|PP755594.1|A/cattle/Texas/24-008749-003/2024(H5N1)	1045	224
PA|PP755594.1|A/cattle/Texas/24-008749-003/2024(H5N1)	1046	221
PA|PP755594.1|A/cattle/Texas/24-008749-003/2024(H5N1)	1047	221
PA|PP755594.1|A/cattle/Texas/24-008749-003/2024(H5N1)	1048	221
PA|PP755594.1|A/cattle/Texas/24-008749-003/2024(H5N1)	1049	221
PA|PP755594.1|A/cattle/Texas/24-008749-003/2024(H5N1)	1050	224
PA|PP755594.1|A/cattle/Texas/24-008749-003/2024(H5N1)	1051	219
PA|PP755594.1|A/cattle/Texas/24-008749-003/2024(H5N1)	1052	216
PA|PP755594.1|A/cattle/Texas/24-008749-003/2024(H5N1)	1053	214
PA|PP755594.1|A/cattle/Texas/24-008749-003/2024(H5N1)	1054	211
PA|PP755594.1|A/cattle/Texas/24-008749-003/2024(H5N1)	1055	211
PA|PP755594.1|A/cattle/Texas/24-008749-003/2024(H5N1)	1056	211
PA|PP755594.1|A/cattle/Texas/24-008749-003/2024(H5N1)	1057	223
PA|PP755594.1|A/cattle/Texas/24-008749-003/2024(H5N1)	1058	216
PA|PP755594.1|A/cattle/Texas/24-008749-003/2024(H5N1)	1059	215
PA|PP755594.1|A/cattle/Texas/24-008749-003/2024(H5N1)	1060	215
PA|PP755594.1|A/cattle/Texas/24-008749-003/2024(H5N1)	1061	216
PA|PP755594.1|A/cattle/Texas/24-008749-003/2024(H5N1)	1062	216
PA|PP755594.1|A/cattle/Texas/24-008749-003/2024(H5N1)	1063	208
PA|PP755594.1|A/cattle/Texas/24-008749-003/2024(H5N1)	1064	208
PA|PP755594.1|A/cattle/Texas/24-008749-003/2024(H5N1)	1065	209
PA|PP755594.1|A/cattle/Texas/24-008749-003/2024(H5N1)	1066	210
PA|PP755594.1|A/cattle/Texas/24-008749-003/2024(H5N1)	1067	213
PA|PP755594.1|A/cattle/Texas/24-008749-003/2024(H5N1)	1068	211
PA|PP755594.1|A/cattle/Texas/24-008749-003/2024(H5N1)	1069	212
PA|PP755594.1|A/cattle/Texas/24-008749-003/2024(H5N1)	1070	214
PA|PP755594.1|A/cattle/Texas/24-008749-003/2024(H5N1)	1071	214
PA|PP755594.1|A/cattle/Texas/24-008749-003/2024(H5N1)	1072	219
PA|PP755594.1|A/cattle/Texas/24-008749-003/2024(H5N1)	1073	219
PA|PP755594.1|A/cattle/Texas/24-008749-003/2024(H5N1)	1074	219
PA|PP755594.1|A/cattle/Texas/24-008749-003/2024(H5N1)	1075	222
PA|PP755594.1|A/cattle/Texas/24-008749-003/2024(H5N1)	1076	222
PA|PP755594.1|A/cattle/Texas/24-008749-003/2024(H5N1)	1077	228
PA|PP755594.1|A/cattle/Texas/24-008749-003/2024(H5N1)	1078	228
PA|PP755594.1|A/cattle/Texas/24-008749-003/2024(H5N1)	1079	228
PA|PP755594.1|A/cattle/Texas/24-008749-003/2024(H5N1)	1080	235
PA|PP755594.1|A/cattle/Texas/24-008749-003/2024(H5N1)	1081	234
PA|PP755594.1|A/cattle/Texas/24-008749-003/2024(H5N1)	1082	234
PA|PP755594.1|A/cattle/Texas/24-008749-003/2024(H5N1)	1083	234
PA|PP755594.1|A/cattle/Texas/24-008749-003/2024(H5N1)	1084	230
PA|PP755594.1|A/cattle/Texas/24-008749-003/2024(H5N1)	1085	234
PA|PP755594.1|A/cattle/Texas/24-008749-003/2024(H5N1)	1086	231
PA|PP755594.1|A/cattle/Texas/24-008749-003/2024(H5N1)	1087	231
PA|PP755594.1|A/cattle/Texas/24-008749-003/2024(H5N1)	1088	232
PA|PP755594.1|A/cattle/Texas/24-008749-003/2024(H5N1)	1089	227
PA|PP755594.1|A/cattle/Texas/24-008749-003/2024(H5N1)	1090	228
PA|PP755594.1|A/cattle/Texas/24-008749-003/2024(H5N1)	1091	226
PA|PP755594.1|A/cattle/Texas/24-008749-003/2024(H5N1)	1092	227
PA|PP755594.1|A/cattle/Texas/24-008749-003/2024(H5N1)	1093	234
PA|PP755594.1|A/cattle/Texas/24-008749-003/2024(H5N1)	1094	220
PA|PP755594.1|A/cattle/Texas/24-008749-003/2024(H5N1)	1095	220
PA|PP755594.1|A/cattle/Texas/24-008749-003/2024(H5N1)	1096	220
PA|PP755594.1|A/cattle/Texas/24-008749-003/2024(H5N1)	1097	220
PA|PP755594.1|A/cattle/Texas/24-008749-003/2024(H5N1)	1098	220
PA|PP755594.1|A/cattle/Texas/24-008749-003/2024(H5N1)	1099	219
PA|PP755594.1|A/cattle/Texas/24-008749-003/2024(H5N1)	1100	224
PA|PP755594.1|A/cattle/Texas/24-008749-003/2024(H5N1)	1101	224
PA|PP755594.1|A/cattle/Texas/24-008749-003/2024(H5N1)	1102	223
PA|PP755594.1|A/cattle/Texas/24-008749-003/2024(H5N1)	1103	223
PA|PP755594.1|A/cattle/Texas/24-008749-003/2024(H5N1)	1104	223
PA|PP755594.1|A/cattle/Texas/24-008749-003/2024(H5N1)	1105	224
PA|PP755594.1|A/cattle/Texas/24-008749-003/2024(H5N1)	1106	226
PA|PP755594.1|A/cattle/Texas/24-008749-003/2024(H5N1)	1107	225
PA|PP755594.1|A/cattle/Texas/24-008749-003/2024(H5N1)	1108	228
PA|PP755594.1|A/cattle/Texas/24-008749-003/2024(H5N1)	1109	228
PA|PP755594.1|A/cattle/Texas/24-008749-003/2024(H5N1)	1110	228
PA|PP755594.1|A/cattle/Texas/24-008749-003/2024(H5N1)	1111	241
PA|PP755594.1|A/cattle/Texas/24-008749-003/2024(H5N1)	1112	241
PA|PP755594.1|A/cattle/Texas/24-008749-003/2024(H5N1)	1113	239
PA|PP755594.1|A/cattle/Texas/24-008749-003/2024(H5N1)	1114	238
PA|PP755594.1|A/cattle/Texas/24-008749-003/2024(H5N1)	1115	238
PA|PP755594.1|A/cattle/Texas/24-008749-003/2024(H5N1)	1116	232
PA|PP755594.1|A/cattle/Texas/24-008749-003/2024(H5N1)	1117	232
PA|PP755594.1|A/cattle/Texas/24-008749-003/2024(H5N1)	1118	236
PA|PP755594.1|A/cattle/Texas/24-008749-003/2024(H5N1)	1119	234
PA|PP755594.1|A/cattle/Texas/24-008749-003/2024(H5N1)	1120	229
PA|PP755594.1|A/cattle/Texas/24-008749-003/2024(H5N1)	1121	229
PA|PP755594.1|A/cattle/Texas/24-008749-003/2024(H5N1)	1122	229
PA|PP755594.1|A/cattle/Texas/24-008749-003/2024(H5N1)	1123	233
PA|PP755594.1|A/cattle/Texas/24-008749-003/2024(H5N1)	1124	235
PA|PP755594.1|A/cattle/Texas/24-008749-003/2024(H5N1)	1125	222
PA|PP755594.1|A/cattle/Texas/24-008749-003/2024(H5N1)	1126	222
PA|PP755594.1|A/cattle/Texas/24-008749-003/2024(H5N1)	1127	222
PA|PP755594.1|A/cattle/Texas/24-008749-003/2024(H5N1)	1128	222
PA|PP755594.1|A/cattle/Texas/24-008749-003/2024(H5N1)	1129	220
PA|PP755594.1|A/cattle/Texas/24-008749-003/2024(H5N1)	1130	222
PA|PP755594.1|A/cattle/Texas/24-008749-003/2024(H5N1)	1131	222
PA|PP755594.1|A/cattle/Texas/24-008749-003/2024(H5N1)	1132	222
PA|PP755594.1|A/cattle/Texas/24-008749-003/2024(H5N1)	1133	222
PA|PP755594.1|A/cattle/Texas/24-008749-003/2024(H5N1)	1134	222
PA|PP755594.1|A/cattle/Texas/24-008749-003/2024(H5N1)	1135	222
PA|PP755594.1|A/cattle/Texas/24-008749-003/2024(H5N1)	1136	217
PA|PP755594.1|A/cattle/Texas/24-008749-003/2024(H5N1)	1137	216
PA|PP755594.1|A/cattle/Texas/24-008749-003/2024(H5N1)	1138	218
PA|PP755594.1|A/cattle/Texas/24-008749-003/2024(H5N1)	1139	222
PA|PP755594.1|A/cattle/Texas/24-008749-003/2024(H5N1)	1140	223
PA|PP755594.1|A/cattle/Texas/24-008749-003/2024(H5N1)	1141	223
PA|PP755594.1|A/cattle/Texas/24-008749-003/2024(H5N1)	1142	223
PA|PP755594.1|A/cattle/Texas/24-008749-003/2024(H5N1)	1143	229
PA|PP755594.1|A/cattle/Texas/24-008749-003/2024(H5N1)	1144	226
PA|PP755594.1|A/cattle/Texas/24-008749-003/2024(H5N1)	1145	225
PA|PP755594.1|A/cattle/Texas/24-008749-003/2024(H5N1)	1146	226
PA|PP755594.1|A/cattle/Texas/24-008749-003/2024(H5N1)	1147	227
PA|PP755594.1|A/cattle/Texas/24-008749-003/2024(H5N1)	1148	220
PA|PP755594.1|A/cattle/Texas/24-008749-003/2024(H5N1)	1149	224
PA|PP755594.1|A/cattle/Texas/24-008749-003/2024(H5N1)	1150	223
PA|PP755594.1|A/cattle/Texas/24-008749-003/2024(H5N1)	1151	230
PA|PP755594.1|A/cattle/Texas/24-008749-003/2024(H5N1)	1152	229
PA|PP755594.1|A/cattle/Texas/24-008749-003/2024(H5N1)	1153	229
PA|PP755594.1|A/cattle/Texas/24-008749-003/2024(H5N1)	1154	229
PA|PP755594.1|A/cattle/Texas/24-008749-003/2024(H5N1)	1155	228
PA|PP755594.1|A/cattle/Texas/24-008749-003/2024(H5N1)	1156	229
PA|PP755594.1|A/cattle/Texas/24-008749-003/2024(H5N1)	1157	232
PA|PP755594.1|A/cattle/Texas/24-008749-003/2024(H5N1)	1158	227
PA|PP755594.1|A/cattle/Texas/24-008749-003/2024(H5N1)	1159	226
PA|PP755594.1|A/cattle/Texas/24-008749-003/2024(H5N1)	1160	217
PA|PP755594.1|A/cattle/Texas/24-008749-003/2024(H5N1)	1161	221
PA|PP755594.1|A/cattle/Texas/24-008749-003/2024(H5N1)	1162	219
PA|PP755594.1|A/cattle/Texas/24-008749-003/2024(H5N1)	1163	219
PA|PP755594.1|A/cattle/Texas/24-008749-003/2024(H5N1)	1164	216
PA|PP755594.1|A/cattle/Texas/24-008749-003/2024(H5N1)	1165	213
PA|PP755594.1|A/cattle/Texas/24-008749-003/2024(H5N1)	1166	231
PA|PP755594.1|A/cattle/Texas/24-008749-003/2024(H5N1)	1167	231
PA|PP755594.1|A/cattle/Texas/24-008749-003/2024(H5N1)	1168	230
PA|PP755594.1|A/cattle/Texas/24-008749-003/2024(H5N1)	1169	237
PA|PP755594.1|A/cattle/Texas/24-008749-003/2024(H5N1)	1170	237
PA|PP755594.1|A/cattle/Texas/24-008749-003/2024(H5N1)	1171	234
PA|PP755594.1|A/cattle/Texas/24-008749-003/2024(H5N1)	1172	233
PA|PP755594.1|A/cattle/Texas/24-008749-003/2024(H5N1)	1173	232
PA|PP755594.1|A/cattle/Texas/24-008749-003/2024(H5N1)	1174	243
PA|PP755594.1|A/cattle/Texas/24-008749-003/2024(H5N1)	1175	217
PA|PP755594.1|A/cattle/Texas/24-008749-003/2024(H5N1)	1176	221
PA|PP755594.1|A/cattle/Texas/24-008749-003/2024(H5N1)	1177	219
PA|PP755594.1|A/cattle/Texas/24-008749-003/2024(H5N1)	1178	219
PA|PP755594.1|A/cattle/Texas/24-008749-003/2024(H5N1)	1179	219
PA|PP755594.1|A/cattle/Texas/24-008749-003/2024(H5N1)	1180	219
PA|PP755594.1|A/cattle/Texas/24-008749-003/2024(H5N1)	1181	221
PA|PP755594.1|A/cattle/Texas/24-008749-003/2024(H5N1)	1182	221
PA|PP755594.1|A/cattle/Texas/24-008749-003/2024(H5N1)	1183	214
PA|PP755594.1|A/cattle/Texas/24-008749-003/2024(H5N1)	1184	209
PA|PP755594.1|A/cattle/Texas/24-008749-003/2024(H5N1)	1185	209
PA|PP755594.1|A/cattle/Texas/24-008749-003/2024(H5N1)	1186	207
PA|PP755594.1|A/cattle/Texas/24-008749-003/2024(H5N1)	1187	209
PA|PP755594.1|A/cattle/Texas/24-008749-003/2024(H5N1)	1188	209
PA|PP755594.1|A/cattle/Texas/24-008749-003/2024(H5N1)	1189	209
PA|PP755594.1|A/cattle/Texas/24-008749-003/2024(H5N1)	1190	210
PA|PP755594.1|A/cattle/Texas/24-008749-003/2024(H5N1)	1191	210
PA|PP755594.1|A/cattle/Texas/24-008749-003/2024(H5N1)	1192	214
PA|PP755594.1|A/cattle/Texas/24-008749-003/2024(H5N1)	1193	210
PA|PP755594.1|A/cattle/Texas/24-008749-003/2024(H5N1)	1194	209
PA|PP755594.1|A/cattle/Texas/24-008749-003/2024(H5N1)	1195	212
PA|PP755594.1|A/cattle/Texas/24-008749-003/2024(H5N1)	1196	213
PA|PP755594.1|A/cattle/Texas/24-008749-003/2024(H5N1)	1197	229
PA|PP755594.1|A/cattle/Texas/24-008749-003/2024(H5N1)	1198	233
PA|PP755594.1|A/cattle/Texas/24-008749-003/2024(H5N1)	1199	229
PA|PP755594.1|A/cattle/Texas/24-008749-003/2024(H5N1)	1200	229
PA|PP755594.1|A/cattle/Texas/24-008749-003/2024(H5N1)	1201	224
PA|PP755594.1|A/cattle/Texas/24-008749-003/2024(H5N1)	1202	226
PA|PP755594.1|A/cattle/Texas/24-008749-003/2024(H5N1)	1203	228
PA|PP755594.1|A/cattle/Texas/24-008749-003/2024(H5N1)	1204	225
PA|PP755594.1|A/cattle/Texas/24-008749-003/2024(H5N1)	1205	225
PA|PP755594.1|A/cattle/Texas/24-008749-003/2024(H5N1)	1206	213
PA|PP755594.1|A/cattle/Texas/24-008749-003/2024(H5N1)	1207	214
PA|PP755594.1|A/cattle/Texas/24-008749-003/2024(H5N1)	1208	214
PA|PP755594.1|A/cattle/Texas/24-008749-003/2024(H5N1)	1209	214
PA|PP755594.1|A/cattle/Texas/24-008749-003/2024(H5N1)	1210	214
PA|PP755594.1|A/cattle/Texas/24-008749-003/2024(H5N1)	1211	214
PA|PP755594.1|A/cattle/Texas/24-008749-003/2024(H5N1)	1212	214
PA|PP755594.1|A/cattle/Texas/24-008749-003/2024(H5N1)	1213	214
PA|PP755594.1|A/cattle/Texas/24-008749-003/2024(H5N1)	1214	227
PA|PP755594.1|A/cattle/Texas/24-008749-003/2024(H5N1)	1215	225
PA|PP755594.1|A/cattle/Texas/24-008749-003/2024(H5N1)	1216	223
PA|PP755594.1|A/cattle/Texas/24-008749-003/2024(H5N1)	1217	225
PA|PP755594.1|A/cattle/Texas/24-008749-003/2024(H5N1)	1218	224
PA|PP755594.1|A/cattle/Texas/24-008749-003/2024(H5N1)	1219	224
PA|PP755594.1|A/cattle/Texas/24-008749-003/2024(H5N1)	1220	223
PA|PP755594.1|A/cattle/Texas/24-008749-003/2024(H5N1)	1221	223
PA|PP755594.1|A/cattle/Texas/24-008749-003/2024(H5N1)	1222	223
PA|PP755594.1|A/cattle/Texas/24-008749-003/2024(H5N1)	1223	219
PA|PP755594.1|A/cattle/Texas/24-008749-003/2024(H5N1)	1224	222
PA|PP755594.1|A/cattle/Texas/24-008749-003/2024(H5N1)	1225	224
PA|PP755594.1|A/cattle/Texas/24-008749-003/2024(H5N1)	1226	222
PA|PP755594.1|A/cattle/Texas/24-008749-003/2024(H5N1)	1227	221
PA|PP755594.1|A/cattle/Texas/24-008749-003/2024(H5N1)	1228	219
PA|PP755594.1|A/cattle/Texas/24-008749-003/2024(H5N1)	1229	219
PA|PP755594.1|A/cattle/Texas/24-008749-003/2024(H5N1)	1230	219
PA|PP755594.1|A/cattle/Texas/24-008749-003/2024(H5N1)	1231	219
PA|PP755594.1|A/cattle/Texas/24-008749-003/2024(H5N1)	1232	219
PA|PP755594.1|A/cattle/Texas/24-008749-003/2024(H5N1)	1233	230
PA|PP755594.1|A/cattle/Texas/24-008749-003/2024(H5N1)	1234	230
PA|PP755594.1|A/cattle/Texas/24-008749-003/2024(H5N1)	1235	231
PA|PP755594.1|A/cattle/Texas/24-008749-003/2024(H5N1)	1236	229
PA|PP755594.1|A/cattle/Texas/24-008749-003/2024(H5N1)	1237	232
PA|PP755594.1|A/cattle/Texas/24-008749-003/2024(H5N1)	1238	233
PA|PP755594.1|A/cattle/Texas/24-008749-003/2024(H5N1)	1239	234
PA|PP755594.1|A/cattle/Texas/24-008749-003/2024(H5N1)	1240	234
PA|PP755594.1|A/cattle/Texas/24-008749-003/2024(H5N1)	1241	234
PA|PP755594.1|A/cattle/Texas/24-008749-003/2024(H5N1)	1242	234
PA|PP755594.1|A/cattle/Texas/24-008749-003/2024(H5N1)	1243	240
PA|PP755594.1|A/cattle/Texas/24-008749-003/2024(H5N1)	1244	237
PA|PP755594.1|A/cattle/Texas/24-008749-003/2024(H5N1)	1245	239
PA|PP755594.1|A/cattle/Texas/24-008749-003/2024(H5N1)	1246	239
PA|PP755594.1|A/cattle/Texas/24-008749-003/2024(H5N1)	1247	240
PA|PP755594.1|A/cattle/Texas/24-008749-003/2024(H5N1)	1248	244
PA|PP755594.1|A/cattle/Texas/24-008749-003/2024(H5N1)	1249	241
PA|PP755594.1|A/cattle/Texas/24-008749-003/2024(H5N1)	1250	249
PA|PP755594.1|A/cattle/Texas/24-008749-003/2024(H5N1)	1251	249
PA|PP755594.1|A/cattle/Texas/24-008749-003/2024(H5N1)	1252	249
PA|PP755594.1|A/cattle/Texas/24-008749-003/2024(H5N1)	1253	249
PA|PP755594.1|A/cattle/Texas/24-008749-003/2024(H5N1)	1254	249
PA|PP755594.1|A/cattle/Texas/24-008749-003/2024(H5N1)	1255	252
PA|PP755594.1|A/cattle/Texas/24-008749-003/2024(H5N1)	1256	244
PA|PP755594.1|A/cattle/Texas/24-008749-003/2024(H5N1)	1257	244
PA|PP755594.1|A/cattle/Texas/24-008749-003/2024(H5N1)	1258	244
PA|PP755594.1|A/cattle/Texas/24-008749-003/2024(H5N1)	1259	240
PA|PP755594.1|A/cattle/Texas/24-008749-003/2024(H5N1)	1260	241
PA|PP755594.1|A/cattle/Texas/24-008749-003/2024(H5N1)	1261	252
PA|PP755594.1|A/cattle/Texas/24-008749-003/2024(H5N1)	1262	250
PA|PP755594.1|A/cattle/Texas/24-008749-003/2024(H5N1)	1263	251
PA|PP755594.1|A/cattle/Texas/24-008749-003/2024(H5N1)	1264	254
PA|PP755594.1|A/cattle/Texas/24-008749-003/2024(H5N1)	1265	263
PA|PP755594.1|A/cattle/Texas/24-008749-003/2024(H5N1)	1266	267
PA|PP755594.1|A/cattle/Texas/24-008749-003/2024(H5N1)	1267	266
PA|PP755594.1|A/cattle/Texas/24-008749-003/2024(H5N1)	1268	266
PA|PP755594.1|A/cattle/Texas/24-008749-003/2024(H5N1)	1269	264
PA|PP755594.1|A/cattle/Texas/24-008749-003/2024(H5N1)	1270	264
PA|PP755594.1|A/cattle/Texas/24-008749-003/2024(H5N1)	1271	264
PA|PP755594.1|A/cattle/Texas/24-008749-003/2024(H5N1)	1272	264
PA|PP755594.1|A/cattle/Texas/24-008749-003/2024(H5N1)	1273	259
PA|PP755594.1|A/cattle/Texas/24-008749-003/2024(H5N1)	1274	255
PA|PP755594.1|A/cattle/Texas/24-008749-003/2024(H5N1)	1275	258
PA|PP755594.1|A/cattle/Texas/24-008749-003/2024(H5N1)	1276	258
PA|PP755594.1|A/cattle/Texas/24-008749-003/2024(H5N1)	1277	258
PA|PP755594.1|A/cattle/Texas/24-008749-003/2024(H5N1)	1278	258
PA|PP755594.1|A/cattle/Texas/24-008749-003/2024(H5N1)	1279	258
PA|PP755594.1|A/cattle/Texas/24-008749-003/2024(H5N1)	1280	263
PA|PP755594.1|A/cattle/Texas/24-008749-003/2024(H5N1)	1281	267
PA|PP755594.1|A/cattle/Texas/24-008749-003/2024(H5N1)	1282	267
PA|PP755594.1|A/cattle/Texas/24-008749-003/2024(H5N1)	1283	265
PA|PP755594.1|A/cattle/Texas/24-008749-003/2024(H5N1)	1284	265
PA|PP755594.1|A/cattle/Texas/24-008749-003/2024(H5N1)	1285	275
PA|PP755594.1|A/cattle/Texas/24-008749-003/2024(H5N1)	1286	281
PA|PP755594.1|A/cattle/Texas/24-008749-003/2024(H5N1)	1287	281
PA|PP755594.1|A/cattle/Texas/24-008749-003/2024(H5N1)	1288	280
PA|PP755594.1|A/cattle/Texas/24-008749-003/2024(H5N1)	1289	277
PA|PP755594.1|A/cattle/Texas/24-008749-003/2024(H5N1)	1290	275
PA|PP755594.1|A/cattle/Texas/24-008749-003/2024(H5N1)	1291	275
PA|PP755594.1|A/cattle/Texas/24-008749-003/2024(H5N1)	1292	282
PA|PP755594.1|A/cattle/Texas/24-008749-003/2024(H5N1)	1293	286
PA|PP755594.1|A/cattle/Texas/24-008749-003/2024(H5N1)	1294	272
PA|PP755594.1|A/cattle/Texas/24-008749-003/2024(H5N1)	1295	272
PA|PP755594.1|A/cattle/Texas/24-008749-003/2024(H5N1)	1296	274
PA|PP755594.1|A/cattle/Texas/24-008749-003/2024(H5N1)	1297	273
PA|PP755594.1|A/cattle/Texas/24-008749-003/2024(H5N1)	1298	269
PA|PP755594.1|A/cattle/Texas/24-008749-003/2024(H5N1)	1299	269
PA|PP755594.1|A/cattle/Texas/24-008749-003/2024(H5N1)	1300	269
PA|PP755594.1|A/cattle/Texas/24-008749-003/2024(H5N1)	1301	261
PA|PP755594.1|A/cattle/Texas/24-008749-003/2024(H5N1)	1302	261
PA|PP755594.1|A/cattle/Texas/24-008749-003/2024(H5N1)	1303	264
PA|PP755594.1|A/cattle/Texas/24-008749-003/2024(H5N1)	1304	264
PA|PP755594.1|A/cattle/Texas/24-008749-003/2024(H5N1)	1305	264
PA|PP755594.1|A/cattle/Texas/24-008749-003/2024(H5N1)	1306	259
PA|PP755594.1|A/cattle/Texas/24-008749-003/2024(H5N1)	1307	261
PA|PP755594.1|A/cattle/Texas/24-008749-003/2024(H5N1)	1308	261
PA|PP755594.1|A/cattle/Texas/24-008749-003/2024(H5N1)	1309	260
PA|PP755594.1|A/cattle/Texas/24-008749-003/2024(H5N1)	1310	260
PA|PP755594.1|A/cattle/Texas/24-008749-003/2024(H5N1)	1311	262
PA|PP755594.1|A/cattle/Texas/24-008749-003/2024(H5N1)	1312	255
PA|PP755594.1|A/cattle/Texas/24-008749-003/2024(H5N1)	1313	255
PA|PP755594.1|A/cattle/Texas/24-008749-003/2024(H5N1)	1314	255
PA|PP755594.1|A/cattle/Texas/24-008749-003/2024(H5N1)	1315	255
PA|PP755594.1|A/cattle/Texas/24-008749-003/2024(H5N1)	1316	237
PA|PP755594.1|A/cattle/Texas/24-008749-003/2024(H5N1)	1317	237
PA|PP755594.1|A/cattle/Texas/24-008749-003/2024(H5N1)	1318	242
PA|PP755594.1|A/cattle/Texas/24-008749-003/2024(H5N1)	1319	242
PA|PP755594.1|A/cattle/Texas/24-008749-003/2024(H5N1)	1320	238
PA|PP755594.1|A/cattle/Texas/24-008749-003/2024(H5N1)	1321	238
PA|PP755594.1|A/cattle/Texas/24-008749-003/2024(H5N1)	1322	238
PA|PP755594.1|A/cattle/Texas/24-008749-003/2024(H5N1)	1323	238
PA|PP755594.1|A/cattle/Texas/24-008749-003/2024(H5N1)	1324	238
PA|PP755594.1|A/cattle/Texas/24-008749-003/2024(H5N1)	1325	235
PA|PP755594.1|A/cattle/Texas/24-008749-003/2024(H5N1)	1326	237
PA|PP755594.1|A/cattle/Texas/24-008749-003/2024(H5N1)	1327	234
PA|PP755594.1|A/cattle/Texas/24-008749-003/2024(H5N1)	1328	228
PA|PP755594.1|A/cattle/Texas/24-008749-003/2024(H5N1)	1329	235
PA|PP755594.1|A/cattle/Texas/24-008749-003/2024(H5N1)	1330	235
PA|PP755594.1|A/cattle/Texas/24-008749-003/2024(H5N1)	1331	235
PA|PP755594.1|A/cattle/Texas/24-008749-003/2024(H5N1)	1332	235
PA|PP755594.1|A/cattle/Texas/24-008749-003/2024(H5N1)	1333	235
PA|PP755594.1|A/cattle/Texas/24-008749-003/2024(H5N1)	1334	234
PA|PP755594.1|A/cattle/Texas/24-008749-003/2024(H5N1)	1335	231
PA|PP755594.1|A/cattle/Texas/24-008749-003/2024(H5N1)	1336	230
PA|PP755594.1|A/cattle/Texas/24-008749-003/2024(H5N1)	1337	230
PA|PP755594.1|A/cattle/Texas/24-008749-003/2024(H5N1)	1338	229
PA|PP755594.1|A/cattle/Texas/24-008749-003/2024(H5N1)	1339	229
PA|PP755594.1|A/cattle/Texas/24-008749-003/2024(H5N1)	1340	231
PA|PP755594.1|A/cattle/Texas/24-008749-003/2024(H5N1)	1341	229
PA|PP755594.1|A/cattle/Texas/24-008749-003/2024(H5N1)	1342	231
PA|PP755594.1|A/cattle/Texas/24-008749-003/2024(H5N1)	1343	225
PA|PP755594.1|A/cattle/Texas/24-008749-003/2024(H5N1)	1344	225
PA|PP755594.1|A/cattle/Texas/24-008749-003/2024(H5N1)	1345	233
PA|PP755594.1|A/cattle/Texas/24-008749-003/2024(H5N1)	1346	234
PA|PP755594.1|A/cattle/Texas/24-008749-003/2024(H5N1)	1347	234
PA|PP755594.1|A/cattle/Texas/24-008749-003/2024(H5N1)	1348	232
PA|PP755594.1|A/cattle/Texas/24-008749-003/2024(H5N1)	1349	231
PA|PP755594.1|A/cattle/Texas/24-008749-003/2024(H5N1)	1350	231
PA|PP755594.1|A/cattle/Texas/24-008749-003/2024(H5N1)	1351	239
PA|PP755594.1|A/cattle/Texas/24-008749-003/2024(H5N1)	1352	237
PA|PP755594.1|A/cattle/Texas/24-008749-003/2024(H5N1)	1353	240
PA|PP755594.1|A/cattle/Texas/24-008749-003/2024(H5N1)	1354	234
PA|PP755594.1|A/cattle/Texas/24-008749-003/2024(H5N1)	1355	237
PA|PP755594.1|A/cattle/Texas/24-008749-003/2024(H5N1)	1356	239
PA|PP755594.1|A/cattle/Texas/24-008749-003/2024(H5N1)	1357	239
PA|PP755594.1|A/cattle/Texas/24-008749-003/2024(H5N1)	1358	237
PA|PP755594.1|A/cattle/Texas/24-008749-003/2024(H5N1)	1359	241
PA|PP755594.1|A/cattle/Texas/24-008749-003/2024(H5N1)	1360	238
PA|PP755594.1|A/cattle/Texas/24-008749-003/2024(H5N1)	1361	244
PA|PP755594.1|A/cattle/Texas/24-008749-003/2024(H5N1)	1362	247
PA|PP755594.1|A/cattle/Texas/24-008749-003/2024(H5N1)	1363	251
PA|PP755594.1|A/cattle/Texas/24-008749-003/2024(H5N1)	1364	244
PA|PP755594.1|A/cattle/Texas/24-008749-003/2024(H5N1)	1365	245
PA|PP755594.1|A/cattle/Texas/24-008749-003/2024(H5N1)	1366	252
PA|PP755594.1|A/cattle/Texas/24-008749-003/2024(H5N1)	1367	252
PA|PP755594.1|A/cattle/Texas/24-008749-003/2024(H5N1)	1368	253
PA|PP755594.1|A/cattle/Texas/24-008749-003/2024(H5N1)	1369	259
PA|PP755594.1|A/cattle/Texas/24-008749-003/2024(H5N1)	1370	258
PA|PP755594.1|A/cattle/Texas/24-008749-003/2024(H5N1)	1371	258
PA|PP755594.1|A/cattle/Texas/24-008749-003/2024(H5N1)	1372	258
PA|PP755594.1|A/cattle/Texas/24-008749-003/2024(H5N1)	1373	262
PA|PP755594.1|A/cattle/Texas/24-008749-003/2024(H5N1)	1374	261
PA|PP755594.1|A/cattle/Texas/24-008749-003/2024(H5N1)	1375	258
PA|PP755594.1|A/cattle/Texas/24-008749-003/2024(H5N1)	1376	259
PA|PP755594.1|A/cattle/Texas/24-008749-003/2024(H5N1)	1377	258
PA|PP755594.1|A/cattle/Texas/24-008749-003/2024(H5N1)	1378	258
PA|PP755594.1|A/cattle/Texas/24-008749-003/2024(H5N1)	1379	256
PA|PP755594.1|A/cattle/Texas/24-008749-003/2024(H5N1)	1380	255
PA|PP755594.1|A/cattle/Texas/24-008749-003/2024(H5N1)	1381	260
PA|PP755594.1|A/cattle/Texas/24-008749-003/2024(H5N1)	1382	257
PA|PP755594.1|A/cattle/Texas/24-008749-003/2024(H5N1)	1383	257
PA|PP755594.1|A/cattle/Texas/24-008749-003/2024(H5N1)	1384	255
PA|PP755594.1|A/cattle/Texas/24-008749-003/2024(H5N1)	1385	263
PA|PP755594.1|A/cattle/Texas/24-008749-003/2024(H5N1)	1386	262
PA|PP755594.1|A/cattle/Texas/24-008749-003/2024(H5N1)	1387	263
PA|PP755594.1|A/cattle/Texas/24-008749-003/2024(H5N1)	1388	259
PA|PP755594.1|A/cattle/Texas/24-008749-003/2024(H5N1)	1389	259
PA|PP755594.1|A/cattle/Texas/24-008749-003/2024(H5N1)	1390	258
PA|PP755594.1|A/cattle/Texas/24-008749-003/2024(H5N1)	1391	258
PA|PP755594.1|A/cattle/Texas/24-008749-003/2024(H5N1)	1392	265
PA|PP755594.1|A/cattle/Texas/24-008749-003/2024(H5N1)	1393	264
PA|PP755594.1|A/cattle/Texas/24-008749-003/2024(H5N1)	1394	257
PA|PP755594.1|A/cattle/Texas/24-008749-003/2024(H5N1)	1395	257
PA|PP755594.1|A/cattle/Texas/24-008749-003/2024(H5N1)	1396	255
PA|PP755594.1|A/cattle/Texas/24-008749-003/2024(H5N1)	1397	258
PA|PP755594.1|A/cattle/Texas/24-008749-003/2024(H5N1)	1398	257
PA|PP755594.1|A/cattle/Texas/24-008749-003/2024(H5N1)	1399	253
PA|PP755594.1|A/cattle/Texas/24-008749-003/2024(H5N1)	1400	253
PA|PP755594.1|A/cattle/Texas/24-008749-003/2024(H5N1)	1401	233
PA|PP755594.1|A/cattle/Texas/24-008749-003/2024(H5N1)	1402	238
PA|PP755594.1|A/cattle/Texas/24-008749-003/2024(H5N1)	1403	246
PA|PP755594.1|A/cattle/Texas/24-008749-003/2024(H5N1)	1404	246
PA|PP755594.1|A/cattle/Texas/24-008749-003/2024(H5N1)	1405	246
PA|PP755594.1|A/cattle/Texas/24-008749-003/2024(H5N1)	1406	242
PA|PP755594.1|A/cattle/Texas/24-008749-003/2024(H5N1)	1407	262
PA|PP755594.1|A/cattle/Texas/24-008749-003/2024(H5N1)	1408	262
PA|PP755594.1|A/cattle/Texas/24-008749-003/2024(H5N1)	1409	264
PA|PP755594.1|A/cattle/Texas/24-008749-003/2024(H5N1)	1410	278
PA|PP755594.1|A/cattle/Texas/24-008749-003/2024(H5N1)	1411	265
PA|PP755594.1|A/cattle/Texas/24-008749-003/2024(H5N1)	1412	265
PA|PP755594.1|A/cattle/Texas/24-008749-003/2024(H5N1)	1413	265
PA|PP755594.1|A/cattle/Texas/24-008749-003/2024(H5N1)	1414	263
PA|PP755594.1|A/cattle/Texas/24-008749-003/2024(H5N1)	1415	258
PA|PP755594.1|A/cattle/Texas/24-008749-003/2024(H5N1)	1416	253
PA|PP755594.1|A/cattle/Texas/24-008749-003/2024(H5N1)	1417	253
PA|PP755594.1|A/cattle/Texas/24-008749-003/2024(H5N1)	1418	253
PA|PP755594.1|A/cattle/Texas/24-008749-003/2024(H5N1)	1419	258
PA|PP755594.1|A/cattle/Texas/24-008749-003/2024(H5N1)	1420	255
PA|PP755594.1|A/cattle/Texas/24-008749-003/2024(H5N1)	1421	259
PA|PP755594.1|A/cattle/Texas/24-008749-003/2024(H5N1)	1422	259
PA|PP755594.1|A/cattle/Texas/24-008749-003/2024(H5N1)	1423	259
PA|PP755594.1|A/cattle/Texas/24-008749-003/2024(H5N1)	1424	261
PA|PP755594.1|A/cattle/Texas/24-008749-003/2024(H5N1)	1425	257
PA|PP755594.1|A/cattle/Texas/24-008749-003/2024(H5N1)	1426	268
PA|PP755594.1|A/cattle/Texas/24-008749-003/2024(H5N1)	1427	270
PA|PP755594.1|A/cattle/Texas/24-008749-003/2024(H5N1)	1428	264
PA|PP755594.1|A/cattle/Texas/24-008749-003/2024(H5N1)	1429	264
PA|PP755594.1|A/cattle/Texas/24-008749-003/2024(H5N1)	1430	255
PA|PP755594.1|A/cattle/Texas/24-008749-003/2024(H5N1)	1431	254
PA|PP755594.1|A/cattle/Texas/24-008749-003/2024(H5N1)	1432	252
PA|PP755594.1|A/cattle/Texas/24-008749-003/2024(H5N1)	1433	262
PA|PP755594.1|A/cattle/Texas/24-008749-003/2024(H5N1)	1434	262
PA|PP755594.1|A/cattle/Texas/24-008749-003/2024(H5N1)	1435	258
PA|PP755594.1|A/cattle/Texas/24-008749-003/2024(H5N1)	1436	254
PA|PP755594.1|A/cattle/Texas/24-008749-003/2024(H5N1)	1437	259
PA|PP755594.1|A/cattle/Texas/24-008749-003/2024(H5N1)	1438	259
PA|PP755594.1|A/cattle/Texas/24-008749-003/2024(H5N1)	1439	259
PA|PP755594.1|A/cattle/Texas/24-008749-003/2024(H5N1)	1440	259
PA|PP755594.1|A/cattle/Texas/24-008749-003/2024(H5N1)	1441	259
PA|PP755594.1|A/cattle/Texas/24-008749-003/2024(H5N1)	1442	259
PA|PP755594.1|A/cattle/Texas/24-008749-003/2024(H5N1)	1443	253
PA|PP755594.1|A/cattle/Texas/24-008749-003/2024(H5N1)	1444	254
PA|PP755594.1|A/cattle/Texas/24-008749-003/2024(H5N1)	1445	257
PA|PP755594.1|A/cattle/Texas/24-008749-003/2024(H5N1)	1446	261
PA|PP755594.1|A/cattle/Texas/24-008749-003/2024(H5N1)	1447	258
PA|PP755594.1|A/cattle/Texas/24-008749-003/2024(H5N1)	1448	257
PA|PP755594.1|A/cattle/Texas/24-008749-003/2024(H5N1)	1449	259
PA|PP755594.1|A/cattle/Texas/24-008749-003/2024(H5N1)	1450	271
PA|PP755594.1|A/cattle/Texas/24-008749-003/2024(H5N1)	1451	271
PA|PP755594.1|A/cattle/Texas/24-008749-003/2024(H5N1)	1452	271
PA|PP755594.1|A/cattle/Texas/24-008749-003/2024(H5N1)	1453	271
PA|PP755594.1|A/cattle/Texas/24-008749-003/2024(H5N1)	1454	270
PA|PP755594.1|A/cattle/Texas/24-008749-003/2024(H5N1)	1455	270
PA|PP755594.1|A/cattle/Texas/24-008749-003/2024(H5N1)	1456	276
PA|PP755594.1|A/cattle/Texas/24-008749-003/2024(H5N1)	1457	276
PA|PP755594.1|A/cattle/Texas/24-008749-003/2024(H5N1)	1458	273
PA|PP755594.1|A/cattle/Texas/24-008749-003/2024(H5N1)	1459	273
PA|PP755594.1|A/cattle/Texas/24-008749-003/2024(H5N1)	1460	273
PA|PP755594.1|A/cattle/Texas/24-008749-003/2024(H5N1)	1461	273
PA|PP755594.1|A/cattle/Texas/24-008749-003/2024(H5N1)	1462	271
PA|PP755594.1|A/cattle/Texas/24-008749-003/2024(H5N1)	1463	272
PA|PP755594.1|A/cattle/Texas/24-008749-003/2024(H5N1)	1464	279
PA|PP755594.1|A/cattle/Texas/24-008749-003/2024(H5N1)	1465	279
PA|PP755594.1|A/cattle/Texas/24-008749-003/2024(H5N1)	1466	279
PA|PP755594.1|A/cattle/Texas/24-008749-003/2024(H5N1)	1467	279
PA|PP755594.1|A/cattle/Texas/24-008749-003/2024(H5N1)	1468	274
PA|PP755594.1|A/cattle/Texas/24-008749-003/2024(H5N1)	1469	275
PA|PP755594.1|A/cattle/Texas/24-008749-003/2024(H5N1)	1470	275
PA|PP755594.1|A/cattle/Texas/24-008749-003/2024(H5N1)	1471	275
PA|PP755594.1|A/cattle/Texas/24-008749-003/2024(H5N1)	1472	275
PA|PP755594.1|A/cattle/Texas/24-008749-003/2024(H5N1)	1473	268
PA|PP755594.1|A/cattle/Texas/24-008749-003/2024(H5N1)	1474	271
PA|PP755594.1|A/cattle/Texas/24-008749-003/2024(H5N1)	1475	277
PA|PP755594.1|A/cattle/Texas/24-008749-003/2024(H5N1)	1476	277
PA|PP755594.1|A/cattle/Texas/24-008749-003/2024(H5N1)	1477	276
PA|PP755594.1|A/cattle/Texas/24-008749-003/2024(H5N1)	1478	272
PA|PP755594.1|A/cattle/Texas/24-008749-003/2024(H5N1)	1479	272
PA|PP755594.1|A/cattle/Texas/24-008749-003/2024(H5N1)	1480	272
PA|PP755594.1|A/cattle/Texas/24-008749-003/2024(H5N1)	1481	272
PA|PP755594.1|A/cattle/Texas/24-008749-003/2024(H5N1)	1482	285
PA|PP755594.1|A/cattle/Texas/24-008749-003/2024(H5N1)	1483	282
PA|PP755594.1|A/cattle/Texas/24-008749-003/2024(H5N1)	1484	282
PA|PP755594.1|A/cattle/Texas/24-008749-003/2024(H5N1)	1485	286
PA|PP755594.1|A/cattle/Texas/24-008749-003/2024(H5N1)	1486	286
PA|PP755594.1|A/cattle/Texas/24-008749-003/2024(H5N1)	1487	285
PA|PP755594.1|A/cattle/Texas/24-008749-003/2024(H5N1)	1488	285
PA|PP755594.1|A/cattle/Texas/24-008749-003/2024(H5N1)	1489	282
PA|PP755594.1|A/cattle/Texas/24-008749-003/2024(H5N1)	1490	299
PA|PP755594.1|A/cattle/Texas/24-008749-003/2024(H5N1)	1491	301
PA|PP755594.1|A/cattle/Texas/24-008749-003/2024(H5N1)	1492	302
PA|PP755594.1|A/cattle/Texas/24-008749-003/2024(H5N1)	1493	300
PA|PP755594.1|A/cattle/Texas/24-008749-003/2024(H5N1)	1494	302
PA|PP755594.1|A/cattle/Texas/24-008749-003/2024(H5N1)	1495	313
PA|PP755594.1|A/cattle/Texas/24-008749-003/2024(H5N1)	1496	307
PA|PP755594.1|A/cattle/Texas/24-008749-003/2024(H5N1)	1497	305
PA|PP755594.1|A/cattle/Texas/24-008749-003/2024(H5N1)	1498	306
PA|PP755594.1|A/cattle/Texas/24-008749-003/2024(H5N1)	1499	291
PA|PP755594.1|A/cattle/Texas/24-008749-003/2024(H5N1)	1500	294
PA|PP755594.1|A/cattle/Texas/24-008749-003/2024(H5N1)	1501	296
PA|PP755594.1|A/cattle/Texas/24-008749-003/2024(H5N1)	1502	296
PA|PP755594.1|A/cattle/Texas/24-008749-003/2024(H5N1)	1503	306
PA|PP755594.1|A/cattle/Texas/24-008749-003/2024(H5N1)	1504	303
PA|PP755594.1|A/cattle/Texas/24-008749-003/2024(H5N1)	1505	306
PA|PP755594.1|A/cattle/Texas/24-008749-003/2024(H5N1)	1506	306
PA|PP755594.1|A/cattle/Texas/24-008749-003/2024(H5N1)	1507	303
PA|PP755594.1|A/cattle/Texas/24-008749-003/2024(H5N1)	1508	303
PA|PP755594.1|A/cattle/Texas/24-008749-003/2024(H5N1)	1509	292
PA|PP755594.1|A/cattle/Texas/24-008749-003/2024(H5N1)	1510	291
PA|PP755594.1|A/cattle/Texas/24-008749-003/2024(H5N1)	1511	291
PA|PP755594.1|A/cattle/Texas/24-008749-003/2024(H5N1)	1512	291
PA|PP755594.1|A/cattle/Texas/24-008749-003/2024(H5N1)	1513	292
PA|PP755594.1|A/cattle/Texas/24-008749-003/2024(H5N1)	1514	292
PA|PP755594.1|A/cattle/Texas/24-008749-003/2024(H5N1)	1515	307
PA|PP755594.1|A/cattle/Texas/24-008749-003/2024(H5N1)	1516	307
PA|PP755594.1|A/cattle/Texas/24-008749-003/2024(H5N1)	1517	302
PA|PP755594.1|A/cattle/Texas/24-008749-003/2024(H5N1)	1518	300
PA|PP755594.1|A/cattle/Texas/24-008749-003/2024(H5N1)	1519	299
PA|PP755594.1|A/cattle/Texas/24-008749-003/2024(H5N1)	1520	294
PA|PP755594.1|A/cattle/Texas/24-008749-003/2024(H5N1)	1521	300
PA|PP755594.1|A/cattle/Texas/24-008749-003/2024(H5N1)	1522	300
PA|PP755594.1|A/cattle/Texas/24-008749-003/2024(H5N1)	1523	303
PA|PP755594.1|A/cattle/Texas/24-008749-003/2024(H5N1)	1524	310
PA|PP755594.1|A/cattle/Texas/24-008749-003/2024(H5N1)	1525	310
PA|PP755594.1|A/cattle/Texas/24-008749-003/2024(H5N1)	1526	310
PA|PP755594.1|A/cattle/Texas/24-008749-003/2024(H5N1)	1527	312
PA|PP755594.1|A/cattle/Texas/24-008749-003/2024(H5N1)	1528	315
PA|PP755594.1|A/cattle/Texas/24-008749-003/2024(H5N1)	1529	316
PA|PP755594.1|A/cattle/Texas/24-008749-003/2024(H5N1)	1530	318
PA|PP755594.1|A/cattle/Texas/24-008749-003/2024(H5N1)	1531	319
PA|PP755594.1|A/cattle/Texas/24-008749-003/2024(H5N1)	1532	314
PA|PP755594.1|A/cattle/Texas/24-008749-003/2024(H5N1)	1533	316
PA|PP755594.1|A/cattle/Texas/24-008749-003/2024(H5N1)	1534	317
PA|PP755594.1|A/cattle/Texas/24-008749-003/2024(H5N1)	1535	315
PA|PP755594.1|A/cattle/Texas/24-008749-003/2024(H5N1)	1536	324
PA|PP755594.1|A/cattle/Texas/24-008749-003/2024(H5N1)	1537	329
PA|PP755594.1|A/cattle/Texas/24-008749-003/2024(H5N1)	1538	328
PA|PP755594.1|A/cattle/Texas/24-008749-003/2024(H5N1)	1539	329
PA|PP755594.1|A/cattle/Texas/24-008749-003/2024(H5N1)	1540	326
PA|PP755594.1|A/cattle/Texas/24-008749-003/2024(H5N1)	1541	324
PA|PP755594.1|A/cattle/Texas/24-008749-003/2024(H5N1)	1542	319
PA|PP755594.1|A/cattle/Texas/24-008749-003/2024(H5N1)	1543	320
PA|PP755594.1|A/cattle/Texas/24-008749-003/2024(H5N1)	1544	321
PA|PP755594.1|A/cattle/Texas/24-008749-003/2024(H5N1)	1545	316
PA|PP755594.1|A/cattle/Texas/24-008749-003/2024(H5N1)	1546	316
PA|PP755594.1|A/cattle/Texas/24-008749-003/2024(H5N1)	1547	319
PA|PP755594.1|A/cattle/Texas/24-008749-003/2024(H5N1)	1548	316
PA|PP755594.1|A/cattle/Texas/24-008749-003/2024(H5N1)	1549	326
PA|PP755594.1|A/cattle/Texas/24-008749-003/2024(H5N1)	1550	316
PA|PP755594.1|A/cattle/Texas/24-008749-003/2024(H5N1)	1551	320
PA|PP755594.1|A/cattle/Texas/24-008749-003/2024(H5N1)	1552	325
PA|PP755594.1|A/cattle/Texas/24-008749-003/2024(H5N1)	1553	320
PA|PP755594.1|A/cattle/Texas/24-008749-003/2024(H5N1)	1554	320
PA|PP755594.1|A/cattle/Texas/24-008749-003/2024(H5N1)	1555	319
PA|PP755594.1|A/cattle/Texas/24-008749-003/2024(H5N1)	1556	317
PA|PP755594.1|A/cattle/Texas/24-008749-003/2024(H5N1)	1557	312
PA|PP755594.1|A/cattle/Texas/24-008749-003/2024(H5N1)	1558	310
PA|PP755594.1|A/cattle/Texas/24-008749-003/2024(H5N1)	1559	311
PA|PP755594.1|A/cattle/Texas/24-008749-003/2024(H5N1)	1560	309
PA|PP755594.1|A/cattle/Texas/24-008749-003/2024(H5N1)	1561	299
PA|PP755594.1|A/cattle/Texas/24-008749-003/2024(H5N1)	1562	300
PA|PP755594.1|A/cattle/Texas/24-008749-003/2024(H5N1)	1563	300
PA|PP755594.1|A/cattle/Texas/24-008749-003/2024(H5N1)	1564	301
PA|PP755594.1|A/cattle/Texas/24-008749-003/2024(H5N1)	1565	306
PA|PP755594.1|A/cattle/Texas/24-008749-003/2024(H5N1)	1566	301
PA|PP755594.1|A/cattle/Texas/24-008749-003/2024(H5N1)	1567	301
PA|PP755594.1|A/cattle/Texas/24-008749-003/2024(H5N1)	1568	301
PA|PP755594.1|A/cattle/Texas/24-008749-003/2024(H5N1)	1569	301
PA|PP755594.1|A/cattle/Texas/24-008749-003/2024(H5N1)	1570	297
PA|PP755594.1|A/cattle/Texas/24-008749-003/2024(H5N1)	1571	297
PA|PP755594.1|A/cattle/Texas/24-008749-003/2024(H5N1)	1572	293
PA|PP755594.1|A/cattle/Texas/24-008749-003/2024(H5N1)	1573	293
PA|PP755594.1|A/cattle/Texas/24-008749-003/2024(H5N1)	1574	292
PA|PP755594.1|A/cattle/Texas/24-008749-003/2024(H5N1)	1575	300
PA|PP755594.1|A/cattle/Texas/24-008749-003/2024(H5N1)	1576	298
PA|PP755594.1|A/cattle/Texas/24-008749-003/2024(H5N1)	1577	300
PA|PP755594.1|A/cattle/Texas/24-008749-003/2024(H5N1)	1578	300
PA|PP755594.1|A/cattle/Texas/24-008749-003/2024(H5N1)	1579	302
PA|PP755594.1|A/cattle/Texas/24-008749-003/2024(H5N1)	1580	303
PA|PP755594.1|A/cattle/Texas/24-008749-003/2024(H5N1)	1581	311
PA|PP755594.1|A/cattle/Texas/24-008749-003/2024(H5N1)	1582	311
PA|PP755594.1|A/cattle/Texas/24-008749-003/2024(H5N1)	1583	309
PA|PP755594.1|A/cattle/Texas/24-008749-003/2024(H5N1)	1584	299
PA|PP755594.1|A/cattle/Texas/24-008749-003/2024(H5N1)	1585	299
PA|PP755594.1|A/cattle/Texas/24-008749-003/2024(H5N1)	1586	297
PA|PP755594.1|A/cattle/Texas/24-008749-003/2024(H5N1)	1587	295
PA|PP755594.1|A/cattle/Texas/24-008749-003/2024(H5N1)	1588	298
PA|PP755594.1|A/cattle/Texas/24-008749-003/2024(H5N1)	1589	303
PA|PP755594.1|A/cattle/Texas/24-008749-003/2024(H5N1)	1590	303
PA|PP755594.1|A/cattle/Texas/24-008749-003/2024(H5N1)	1591	304
PA|PP755594.1|A/cattle/Texas/24-008749-003/2024(H5N1)	1592	308
PA|PP755594.1|A/cattle/Texas/24-008749-003/2024(H5N1)	1593	309
PA|PP755594.1|A/cattle/Texas/24-008749-003/2024(H5N1)	1594	311
PA|PP755594.1|A/cattle/Texas/24-008749-003/2024(H5N1)	1595	311
PA|PP755594.1|A/cattle/Texas/24-008749-003/2024(H5N1)	1596	307
PA|PP755594.1|A/cattle/Texas/24-008749-003/2024(H5N1)	1597	311
PA|PP755594.1|A/cattle/Texas/24-008749-003/2024(H5N1)	1598	314
PA|PP755594.1|A/cattle/Texas/24-008749-003/2024(H5N1)	1599	315
PA|PP755594.1|A/cattle/Texas/24-008749-003/2024(H5N1)	1600	315
PA|PP755594.1|A/cattle/Texas/24-008749-003/2024(H5N1)	1601	295
PA|PP755594.1|A/cattle/Texas/24-008749-003/2024(H5N1)	1602	295
PA|PP755594.1|A/cattle/Texas/24-008749-003/2024(H5N1)	1603	298
PA|PP755594.1|A/cattle/Texas/24-008749-003/2024(H5N1)	1604	298
PA|PP755594.1|A/cattle/Texas/24-008749-003/2024(H5N1)	1605	304
PA|PP755594.1|A/cattle/Texas/24-008749-003/2024(H5N1)	1606	296
PA|PP755594.1|A/cattle/Texas/24-008749-003/2024(H5N1)	1607	295
PA|PP755594.1|A/cattle/Texas/24-008749-003/2024(H5N1)	1608	295
PA|PP755594.1|A/cattle/Texas/24-008749-003/2024(H5N1)	1609	298
PA|PP755594.1|A/cattle/Texas/24-008749-003/2024(H5N1)	1610	298
PA|PP755594.1|A/cattle/Texas/24-008749-003/2024(H5N1)	1611	300
PA|PP755594.1|A/cattle/Texas/24-008749-003/2024(H5N1)	1612	308
PA|PP755594.1|A/cattle/Texas/24-008749-003/2024(H5N1)	1613	309
PA|PP755594.1|A/cattle/Texas/24-008749-003/2024(H5N1)	1614	322
PA|PP755594.1|A/cattle/Texas/24-008749-003/2024(H5N1)	1615	320
PA|PP755594.1|A/cattle/Texas/24-008749-003/2024(H5N1)	1616	320
PA|PP755594.1|A/cattle/Texas/24-008749-003/2024(H5N1)	1617	326
PA|PP755594.1|A/cattle/Texas/24-008749-003/2024(H5N1)	1618	326
PA|PP755594.1|A/cattle/Texas/24-008749-003/2024(H5N1)	1619	324
PA|PP755594.1|A/cattle/Texas/24-008749-003/2024(H5N1)	1620	318
PA|PP755594.1|A/cattle/Texas/24-008749-003/2024(H5N1)	1621	320
PA|PP755594.1|A/cattle/Texas/24-008749-003/2024(H5N1)	1622	324
PA|PP755594.1|A/cattle/Texas/24-008749-003/2024(H5N1)	1623	324
PA|PP755594.1|A/cattle/Texas/24-008749-003/2024(H5N1)	1624	330
PA|PP755594.1|A/cattle/Texas/24-008749-003/2024(H5N1)	1625	327
PA|PP755594.1|A/cattle/Texas/24-008749-003/2024(H5N1)	1626	323
PA|PP755594.1|A/cattle/Texas/24-008749-003/2024(H5N1)	1627	322
PA|PP755594.1|A/cattle/Texas/24-008749-003/2024(H5N1)	1628	321
PA|PP755594.1|A/cattle/Texas/24-008749-003/2024(H5N1)	1629	321
PA|PP755594.1|A/cattle/Texas/24-008749-003/2024(H5N1)	1630	321
PA|PP755594.1|A/cattle/Texas/24-008749-003/2024(H5N1)	1631	321
PA|PP755594.1|A/cattle/Texas/24-008749-003/2024(H5N1)	1632	322
PA|PP755594.1|A/cattle/Texas/24-008749-003/2024(H5N1)	1633	305
PA|PP755594.1|A/cattle/Texas/24-008749-003/2024(H5N1)	1634	305
PA|PP755594.1|A/cattle/Texas/24-008749-003/2024(H5N1)	1635	304
PA|PP755594.1|A/cattle/Texas/24-008749-003/2024(H5N1)	1636	301
PA|PP755594.1|A/cattle/Texas/24-008749-003/2024(H5N1)	1637	303
PA|PP755594.1|A/cattle/Texas/24-008749-003/2024(H5N1)	1638	307
PA|PP755594.1|A/cattle/Texas/24-008749-003/2024(H5N1)	1639	311
PA|PP755594.1|A/cattle/Texas/24-008749-003/2024(H5N1)	1640	313
PA|PP755594.1|A/cattle/Texas/24-008749-003/2024(H5N1)	1641	302
PA|PP755594.1|A/cattle/Texas/24-008749-003/2024(H5N1)	1642	302
PA|PP755594.1|A/cattle/Texas/24-008749-003/2024(H5N1)	1643	310
PA|PP755594.1|A/cattle/Texas/24-008749-003/2024(H5N1)	1644	311
PA|PP755594.1|A/cattle/Texas/24-008749-003/2024(H5N1)	1645	317
PA|PP755594.1|A/cattle/Texas/24-008749-003/2024(H5N1)	1646	313
PA|PP755594.1|A/cattle/Texas/24-008749-003/2024(H5N1)	1647	314
PA|PP755594.1|A/cattle/Texas/24-008749-003/2024(H5N1)	1648	311
PA|PP755594.1|A/cattle/Texas/24-008749-003/2024(H5N1)	1649	312
PA|PP755594.1|A/cattle/Texas/24-008749-003/2024(H5N1)	1650	311
PA|PP755594.1|A/cattle/Texas/24-008749-003/2024(H5N1)	1651	309
PA|PP755594.1|A/cattle/Texas/24-008749-003/2024(H5N1)	1652	307
PA|PP755594.1|A/cattle/Texas/24-008749-003/2024(H5N1)	1653	315
PA|PP755594.1|A/cattle/Texas/24-008749-003/2024(H5N1)	1654	303
PA|PP755594.1|A/cattle/Texas/24-008749-003/2024(H5N1)	1655	299
PA|PP755594.1|A/cattle/Texas/24-008749-003/2024(H5N1)	1656	295
PA|PP755594.1|A/cattle/Texas/24-008749-003/2024(H5N1)	1657	303
PA|PP755594.1|A/cattle/Texas/24-008749-003/2024(H5N1)	1658	303
PA|PP755594.1|A/cattle/Texas/24-008749-003/2024(H5N1)	1659	303
PA|PP755594.1|A/cattle/Texas/24-008749-003/2024(H5N1)	1660	304
PA|PP755594.1|A/cattle/Texas/24-008749-003/2024(H5N1)	1661	302
PA|PP755594.1|A/cattle/Texas/24-008749-003/2024(H5N1)	1662	307
PA|PP755594.1|A/cattle/Texas/24-008749-003/2024(H5N1)	1663	307
PA|PP755594.1|A/cattle/Texas/24-008749-003/2024(H5N1)	1664	306
PA|PP755594.1|A/cattle/Texas/24-008749-003/2024(H5N1)	1665	305
PA|PP755594.1|A/cattle/Texas/24-008749-003/2024(H5N1)	1666	289
PA|PP755594.1|A/cattle/Texas/24-008749-003/2024(H5N1)	1667	289
PA|PP755594.1|A/cattle/Texas/24-008749-003/2024(H5N1)	1668	289
PA|PP755594.1|A/cattle/Texas/24-008749-003/2024(H5N1)	1669	305
PA|PP755594.1|A/cattle/Texas/24-008749-003/2024(H5N1)	1670	314
PA|PP755594.1|A/cattle/Texas/24-008749-003/2024(H5N1)	1671	317
PA|PP755594.1|A/cattle/Texas/24-008749-003/2024(H5N1)	1672	312
PA|PP755594.1|A/cattle/Texas/24-008749-003/2024(H5N1)	1673	311
PA|PP755594.1|A/cattle/Texas/24-008749-003/2024(H5N1)	1674	310
PA|PP755594.1|A/cattle/Texas/24-008749-003/2024(H5N1)	1675	310
PA|PP755594.1|A/cattle/Texas/24-008749-003/2024(H5N1)	1676	313
PA|PP755594.1|A/cattle/Texas/24-008749-003/2024(H5N1)	1677	313
PA|PP755594.1|A/cattle/Texas/24-008749-003/2024(H5N1)	1678	309
PA|PP755594.1|A/cattle/Texas/24-008749-003/2024(H5N1)	1679	313
PA|PP755594.1|A/cattle/Texas/24-008749-003/2024(H5N1)	1680	312
PA|PP755594.1|A/cattle/Texas/24-008749-003/2024(H5N1)	1681	315
PA|PP755594.1|A/cattle/Texas/24-008749-003/2024(H5N1)	1682	315
PA|PP755594.1|A/cattle/Texas/24-008749-003/2024(H5N1)	1683	319
PA|PP755594.1|A/cattle/Texas/24-008749-003/2024(H5N1)	1684	319
PA|PP755594.1|A/cattle/Texas/24-008749-003/2024(H5N1)	1685	321
PA|PP755594.1|A/cattle/Texas/24-008749-003/2024(H5N1)	1686	314
PA|PP755594.1|A/cattle/Texas/24-008749-003/2024(H5N1)	1687	314
PA|PP755594.1|A/cattle/Texas/24-008749-003/2024(H5N1)	1688	311
PA|PP755594.1|A/cattle/Texas/24-008749-003/2024(H5N1)	1689	313
PA|PP755594.1|A/cattle/Texas/24-008749-003/2024(H5N1)	1690	313
PA|PP755594.1|A/cattle/Texas/24-008749-003/2024(H5N1)	1691	313
PA|PP755594.1|A/cattle/Texas/24-008749-003/2024(H5N1)	1692	318
PA|PP755594.1|A/cattle/Texas/24-008749-003/2024(H5N1)	1693	319
PA|PP755594.1|A/cattle/Texas/24-008749-003/2024(H5N1)	1694	317
PA|PP755594.1|A/cattle/Texas/24-008749-003/2024(H5N1)	1695	316
PA|PP755594.1|A/cattle/Texas/24-008749-003/2024(H5N1)	1696	316
PA|PP755594.1|A/cattle/Texas/24-008749-003/2024(H5N1)	1697	316
PA|PP755594.1|A/cattle/Texas/24-008749-003/2024(H5N1)	1698	308
PA|PP755594.1|A/cattle/Texas/24-008749-003/2024(H5N1)	1699	308
PA|PP755594.1|A/cattle/Texas/24-008749-003/2024(H5N1)	1700	304
PA|PP755594.1|A/cattle/Texas/24-008749-003/2024(H5N1)	1701	306
PA|PP755594.1|A/cattle/Texas/24-008749-003/2024(H5N1)	1702	302
PA|PP755594.1|A/cattle/Texas/24-008749-003/2024(H5N1)	1703	304
PA|PP755594.1|A/cattle/Texas/24-008749-003/2024(H5N1)	1704	304
PA|PP755594.1|A/cattle/Texas/24-008749-003/2024(H5N1)	1705	304
PA|PP755594.1|A/cattle/Texas/24-008749-003/2024(H5N1)	1706	305
PA|PP755594.1|A/cattle/Texas/24-008749-003/2024(H5N1)	1707	305
PA|PP755594.1|A/cattle/Texas/24-008749-003/2024(H5N1)	1708	303
PA|PP755594.1|A/cattle/Texas/24-008749-003/2024(H5N1)	1709	300
PA|PP755594.1|A/cattle/Texas/24-008749-003/2024(H5N1)	1710	299
PA|PP755594.1|A/cattle/Texas/24-008749-003/2024(H5N1)	1711	303
PA|PP755594.1|A/cattle/Texas/24-008749-003/2024(H5N1)	1712	302
PA|PP755594.1|A/cattle/Texas/24-008749-003/2024(H5N1)	1713	302
PA|PP755594.1|A/cattle/Texas/24-008749-003/2024(H5N1)	1714	302
PA|PP755594.1|A/cattle/Texas/24-008749-003/2024(H5N1)	1715	300
PA|PP755594.1|A/cattle/Texas/24-008749-003/2024(H5N1)	1716	300
PA|PP755594.1|A/cattle/Texas/24-008749-003/2024(H5N1)	1717	306
PA|PP755594.1|A/cattle/Texas/24-008749-003/2024(H5N1)	1718	306
PA|PP755594.1|A/cattle/Texas/24-008749-003/2024(H5N1)	1719	309
PA|PP755594.1|A/cattle/Texas/24-008749-003/2024(H5N1)	1720	309
PA|PP755594.1|A/cattle/Texas/24-008749-003/2024(H5N1)	1721	310
PA|PP755594.1|A/cattle/Texas/24-008749-003/2024(H5N1)	1722	310
PA|PP755594.1|A/cattle/Texas/24-008749-003/2024(H5N1)	1723	315
PA|PP755594.1|A/cattle/Texas/24-008749-003/2024(H5N1)	1724	315
PA|PP755594.1|A/cattle/Texas/24-008749-003/2024(H5N1)	1725	317
PA|PP755594.1|A/cattle/Texas/24-008749-003/2024(H5N1)	1726	305
PA|PP755594.1|A/cattle/Texas/24-008749-003/2024(H5N1)	1727	305
PA|PP755594.1|A/cattle/Texas/24-008749-003/2024(H5N1)	1728	303
PA|PP755594.1|A/cattle/Texas/24-008749-003/2024(H5N1)	1729	303
PA|PP755594.1|A/cattle/Texas/24-008749-003/2024(H5N1)	1730	305
PA|PP755594.1|A/cattle/Texas/24-008749-003/2024(H5N1)	1731	311
PA|PP755594.1|A/cattle/Texas/24-008749-003/2024(H5N1)	1732	314
PA|PP755594.1|A/cattle/Texas/24-008749-003/2024(H5N1)	1733	323
PA|PP755594.1|A/cattle/Texas/24-008749-003/2024(H5N1)	1734	324
PA|PP755594.1|A/cattle/Texas/24-008749-003/2024(H5N1)	1735	325
PA|PP755594.1|A/cattle/Texas/24-008749-003/2024(H5N1)	1736	325
PA|PP755594.1|A/cattle/Texas/24-008749-003/2024(H5N1)	1737	325
PA|PP755594.1|A/cattle/Texas/24-008749-003/2024(H5N1)	1738	336
PA|PP755594.1|A/cattle/Texas/24-008749-003/2024(H5N1)	1739	338
PA|PP755594.1|A/cattle/Texas/24-008749-003/2024(H5N1)	1740	333
PA|PP755594.1|A/cattle/Texas/24-008749-003/2024(H5N1)	1741	335
PA|PP755594.1|A/cattle/Texas/24-008749-003/2024(H5N1)	1742	333
PA|PP755594.1|A/cattle/Texas/24-008749-003/2024(H5N1)	1743	329
PA|PP755594.1|A/cattle/Texas/24-008749-003/2024(H5N1)	1744	328
PA|PP755594.1|A/cattle/Texas/24-008749-003/2024(H5N1)	1745	328
PA|PP755594.1|A/cattle/Texas/24-008749-003/2024(H5N1)	1746	329
PA|PP755594.1|A/cattle/Texas/24-008749-003/2024(H5N1)	1747	320
PA|PP755594.1|A/cattle/Texas/24-008749-003/2024(H5N1)	1748	320
PA|PP755594.1|A/cattle/Texas/24-008749-003/2024(H5N1)	1749	324
PA|PP755594.1|A/cattle/Texas/24-008749-003/2024(H5N1)	1750	328
PA|PP755594.1|A/cattle/Texas/24-008749-003/2024(H5N1)	1751	334
PA|PP755594.1|A/cattle/Texas/24-008749-003/2024(H5N1)	1752	334
PA|PP755594.1|A/cattle/Texas/24-008749-003/2024(H5N1)	1753	337
PA|PP755594.1|A/cattle/Texas/24-008749-003/2024(H5N1)	1754	334
PA|PP755594.1|A/cattle/Texas/24-008749-003/2024(H5N1)	1755	334
PA|PP755594.1|A/cattle/Texas/24-008749-003/2024(H5N1)	1756	337
PA|PP755594.1|A/cattle/Texas/24-008749-003/2024(H5N1)	1757	337
PA|PP755594.1|A/cattle/Texas/24-008749-003/2024(H5N1)	1758	337
PA|PP755594.1|A/cattle/Texas/24-008749-003/2024(H5N1)	1759	337
PA|PP755594.1|A/cattle/Texas/24-008749-003/2024(H5N1)	1760	330
PA|PP755594.1|A/cattle/Texas/24-008749-003/2024(H5N1)	1761	330
PA|PP755594.1|A/cattle/Texas/24-008749-003/2024(H5N1)	1762	321
PA|PP755594.1|A/cattle/Texas/24-008749-003/2024(H5N1)	1763	322
PA|PP755594.1|A/cattle/Texas/24-008749-003/2024(H5N1)	1764	323
PA|PP755594.1|A/cattle/Texas/24-008749-003/2024(H5N1)	1765	308
PA|PP755594.1|A/cattle/Texas/24-008749-003/2024(H5N1)	1766	311
PA|PP755594.1|A/cattle/Texas/24-008749-003/2024(H5N1)	1767	312
PA|PP755594.1|A/cattle/Texas/24-008749-003/2024(H5N1)	1768	313
PA|PP755594.1|A/cattle/Texas/24-008749-003/2024(H5N1)	1769	313
PA|PP755594.1|A/cattle/Texas/24-008749-003/2024(H5N1)	1770	313
PA|PP755594.1|A/cattle/Texas/24-008749-003/2024(H5N1)	1771	317
PA|PP755594.1|A/cattle/Texas/24-008749-003/2024(H5N1)	1772	314
PA|PP755594.1|A/cattle/Texas/24-008749-003/2024(H5N1)	1773	310
PA|PP755594.1|A/cattle/Texas/24-008749-003/2024(H5N1)	1774	310
PA|PP755594.1|A/cattle/Texas/24-008749-003/2024(H5N1)	1775	304
PA|PP755594.1|A/cattle/Texas/24-008749-003/2024(H5N1)	1776	304
PA|PP755594.1|A/cattle/Texas/24-008749-003/2024(H5N1)	1777	304
PA|PP755594.1|A/cattle/Texas/24-008749-003/2024(H5N1)	1778	303
PA|PP755594.1|A/cattle/Texas/24-008749-003/2024(H5N1)	1779	304
PA|PP755594.1|A/cattle/Texas/24-008749-003/2024(H5N1)	1780	302
PA|PP755594.1|A/cattle/Texas/24-008749-003/2024(H5N1)	1781	305
PA|PP755594.1|A/cattle/Texas/24-008749-003/2024(H5N1)	1782	303
PA|PP755594.1|A/cattle/Texas/24-008749-003/2024(H5N1)	1783	303
PA|PP755594.1|A/cattle/Texas/24-008749-003/2024(H5N1)	1784	303
PA|PP755594.1|A/cattle/Texas/24-008749-003/2024(H5N1)	1785	313
PA|PP755594.1|A/cattle/Texas/24-008749-003/2024(H5N1)	1786	314
PA|PP755594.1|A/cattle/Texas/24-008749-003/2024(H5N1)	1787	315
PA|PP755594.1|A/cattle/Texas/24-008749-003/2024(H5N1)	1788	305
PA|PP755594.1|A/cattle/Texas/24-008749-003/2024(H5N1)	1789	305
PA|PP755594.1|A/cattle/Texas/24-008749-003/2024(H5N1)	1790	291
PA|PP755594.1|A/cattle/Texas/24-008749-003/2024(H5N1)	1791	294
PA|PP755594.1|A/cattle/Texas/24-008749-003/2024(H5N1)	1792	301
PA|PP755594.1|A/cattle/Texas/24-008749-003/2024(H5N1)	1793	298
PA|PP755594.1|A/cattle/Texas/24-008749-003/2024(H5N1)	1794	289
PA|PP755594.1|A/cattle/Texas/24-008749-003/2024(H5N1)	1795	288
PA|PP755594.1|A/cattle/Texas/24-008749-003/2024(H5N1)	1796	274
PA|PP755594.1|A/cattle/Texas/24-008749-003/2024(H5N1)	1797	274
PA|PP755594.1|A/cattle/Texas/24-008749-003/2024(H5N1)	1798	276
PA|PP755594.1|A/cattle/Texas/24-008749-003/2024(H5N1)	1799	276
PA|PP755594.1|A/cattle/Texas/24-008749-003/2024(H5N1)	1800	270
PA|PP755594.1|A/cattle/Texas/24-008749-003/2024(H5N1)	1801	287
PA|PP755594.1|A/cattle/Texas/24-008749-003/2024(H5N1)	1802	283
PA|PP755594.1|A/cattle/Texas/24-008749-003/2024(H5N1)	1803	284
PA|PP755594.1|A/cattle/Texas/24-008749-003/2024(H5N1)	1804	296
PA|PP755594.1|A/cattle/Texas/24-008749-003/2024(H5N1)	1805	308
PA|PP755594.1|A/cattle/Texas/24-008749-003/2024(H5N1)	1806	308
PA|PP755594.1|A/cattle/Texas/24-008749-003/2024(H5N1)	1807	308
PA|PP755594.1|A/cattle/Texas/24-008749-003/2024(H5N1)	1808	302
PA|PP755594.1|A/cattle/Texas/24-008749-003/2024(H5N1)	1809	302
PA|PP755594.1|A/cattle/Texas/24-008749-003/2024(H5N1)	1810	306
PA|PP755594.1|A/cattle/Texas/24-008749-003/2024(H5N1)	1811	305
PA|PP755594.1|A/cattle/Texas/24-008749-003/2024(H5N1)	1812	306
PA|PP755594.1|A/cattle/Texas/24-008749-003/2024(H5N1)	1813	300
PA|PP755594.1|A/cattle/Texas/24-008749-003/2024(H5N1)	1814	300
PA|PP755594.1|A/cattle/Texas/24-008749-003/2024(H5N1)	1815	311
PA|PP755594.1|A/cattle/Texas/24-008749-003/2024(H5N1)	1816	313
PA|PP755594.1|A/cattle/Texas/24-008749-003/2024(H5N1)	1817	313
PA|PP755594.1|A/cattle/Texas/24-008749-003/2024(H5N1)	1818	313
PA|PP755594.1|A/cattle/Texas/24-008749-003/2024(H5N1)	1819	305
PA|PP755594.1|A/cattle/Texas/24-008749-003/2024(H5N1)	1820	295
PA|PP755594.1|A/cattle/Texas/24-008749-003/2024(H5N1)	1821	299
PA|PP755594.1|A/cattle/Texas/24-008749-003/2024(H5N1)	1822	299
PA|PP755594.1|A/cattle/Texas/24-008749-003/2024(H5N1)	1823	299
PA|PP755594.1|A/cattle/Texas/24-008749-003/2024(H5N1)	1824	284
PA|PP755594.1|A/cattle/Texas/24-008749-003/2024(H5N1)	1825	281
PA|PP755594.1|A/cattle/Texas/24-008749-003/2024(H5N1)	1826	281
PA|PP755594.1|A/cattle/Texas/24-008749-003/2024(H5N1)	1827	280
PA|PP755594.1|A/cattle/Texas/24-008749-003/2024(H5N1)	1828	282
PA|PP755594.1|A/cattle/Texas/24-008749-003/2024(H5N1)	1829	283
PA|PP755594.1|A/cattle/Texas/24-008749-003/2024(H5N1)	1830	277
PA|PP755594.1|A/cattle/Texas/24-008749-003/2024(H5N1)	1831	278
PA|PP755594.1|A/cattle/Texas/24-008749-003/2024(H5N1)	1832	275
PA|PP755594.1|A/cattle/Texas/24-008749-003/2024(H5N1)	1833	273
PA|PP755594.1|A/cattle/Texas/24-008749-003/2024(H5N1)	1834	269
PA|PP755594.1|A/cattle/Texas/24-008749-003/2024(H5N1)	1835	269
PA|PP755594.1|A/cattle/Texas/24-008749-003/2024(H5N1)	1836	267
PA|PP755594.1|A/cattle/Texas/24-008749-003/2024(H5N1)	1837	267
PA|PP755594.1|A/cattle/Texas/24-008749-003/2024(H5N1)	1838	266
PA|PP755594.1|A/cattle/Texas/24-008749-003/2024(H5N1)	1839	268
PA|PP755594.1|A/cattle/Texas/24-008749-003/2024(H5N1)	1840	266
PA|PP755594.1|A/cattle/Texas/24-008749-003/2024(H5N1)	1841	267
PA|PP755594.1|A/cattle/Texas/24-008749-003/2024(H5N1)	1842	265
PA|PP755594.1|A/cattle/Texas/24-008749-003/2024(H5N1)	1843	272
PA|PP755594.1|A/cattle/Texas/24-008749-003/2024(H5N1)	1844	272
PA|PP755594.1|A/cattle/Texas/24-008749-003/2024(H5N1)	1845	276
PA|PP755594.1|A/cattle/Texas/24-008749-003/2024(H5N1)	1846	280
PA|PP755594.1|A/cattle/Texas/24-008749-003/2024(H5N1)	1847	283
PA|PP755594.1|A/cattle/Texas/24-008749-003/2024(H5N1)	1848	280
PA|PP755594.1|A/cattle/Texas/24-008749-003/2024(H5N1)	1849	280
PA|PP755594.1|A/cattle/Texas/24-008749-003/2024(H5N1)	1850	281
PA|PP755594.1|A/cattle/Texas/24-008749-003/2024(H5N1)	1851	277
PA|PP755594.1|A/cattle/Texas/24-008749-003/2024(H5N1)	1852	273
PA|PP755594.1|A/cattle/Texas/24-008749-003/2024(H5N1)	1853	270
PA|PP755594.1|A/cattle/Texas/24-008749-003/2024(H5N1)	1854	268
PA|PP755594.1|A/cattle/Texas/24-008749-003/2024(H5N1)	1855	268
PA|PP755594.1|A/cattle/Texas/24-008749-003/2024(H5N1)	1856	267
PA|PP755594.1|A/cattle/Texas/24-008749-003/2024(H5N1)	1857	268
PA|PP755594.1|A/cattle/Texas/24-008749-003/2024(H5N1)	1858	268
PA|PP755594.1|A/cattle/Texas/24-008749-003/2024(H5N1)	1859	269
PA|PP755594.1|A/cattle/Texas/24-008749-003/2024(H5N1)	1860	269
PA|PP755594.1|A/cattle/Texas/24-008749-003/2024(H5N1)	1861	281
PA|PP755594.1|A/cattle/Texas/24-008749-003/2024(H5N1)	1862	280
PA|PP755594.1|A/cattle/Texas/24-008749-003/2024(H5N1)	1863	283
PA|PP755594.1|A/cattle/Texas/24-008749-003/2024(H5N1)	1864	283
PA|PP755594.1|A/cattle/Texas/24-008749-003/2024(H5N1)	1865	283
PA|PP755594.1|A/cattle/Texas/24-008749-003/2024(H5N1)	1866	273
PA|PP755594.1|A/cattle/Texas/24-008749-003/2024(H5N1)	1867	273
PA|PP755594.1|A/cattle/Texas/24-008749-003/2024(H5N1)	1868	276
PA|PP755594.1|A/cattle/Texas/24-008749-003/2024(H5N1)	1869	276
PA|PP755594.1|A/cattle/Texas/24-008749-003/2024(H5N1)	1870	274
PA|PP755594.1|A/cattle/Texas/24-008749-003/2024(H5N1)	1871	272
PA|PP755594.1|A/cattle/Texas/24-008749-003/2024(H5N1)	1872	284
PA|PP755594.1|A/cattle/Texas/24-008749-003/2024(H5N1)	1873	282
PA|PP755594.1|A/cattle/Texas/24-008749-003/2024(H5N1)	1874	282
PA|PP755594.1|A/cattle/Texas/24-008749-003/2024(H5N1)	1875	279
PA|PP755594.1|A/cattle/Texas/24-008749-003/2024(H5N1)	1876	277
PA|PP755594.1|A/cattle/Texas/24-008749-003/2024(H5N1)	1877	277
PA|PP755594.1|A/cattle/Texas/24-008749-003/2024(H5N1)	1878	277
PA|PP755594.1|A/cattle/Texas/24-008749-003/2024(H5N1)	1879	277
PA|PP755594.1|A/cattle/Texas/24-008749-003/2024(H5N1)	1880	278
PA|PP755594.1|A/cattle/Texas/24-008749-003/2024(H5N1)	1881	268
PA|PP755594.1|A/cattle/Texas/24-008749-003/2024(H5N1)	1882	265
PA|PP755594.1|A/cattle/Texas/24-008749-003/2024(H5N1)	1883	266
PA|PP755594.1|A/cattle/Texas/24-008749-003/2024(H5N1)	1884	265
PA|PP755594.1|A/cattle/Texas/24-008749-003/2024(H5N1)	1885	275
PA|PP755594.1|A/cattle/Texas/24-008749-003/2024(H5N1)	1886	272
PA|PP755594.1|A/cattle/Texas/24-008749-003/2024(H5N1)	1887	274
PA|PP755594.1|A/cattle/Texas/24-008749-003/2024(H5N1)	1888	269
PA|PP755594.1|A/cattle/Texas/24-008749-003/2024(H5N1)	1889	258
PA|PP755594.1|A/cattle/Texas/24-008749-003/2024(H5N1)	1890	258
PA|PP755594.1|A/cattle/Texas/24-008749-003/2024(H5N1)	1891	256
PA|PP755594.1|A/cattle/Texas/24-008749-003/2024(H5N1)	1892	263
PA|PP755594.1|A/cattle/Texas/24-008749-003/2024(H5N1)	1893	263
PA|PP755594.1|A/cattle/Texas/24-008749-003/2024(H5N1)	1894	262
PA|PP755594.1|A/cattle/Texas/24-008749-003/2024(H5N1)	1895	266
PA|PP755594.1|A/cattle/Texas/24-008749-003/2024(H5N1)	1896	265
PA|PP755594.1|A/cattle/Texas/24-008749-003/2024(H5N1)	1897	266
PA|PP755594.1|A/cattle/Texas/24-008749-003/2024(H5N1)	1898	266
PA|PP755594.1|A/cattle/Texas/24-008749-003/2024(H5N1)	1899	262
PA|PP755594.1|A/cattle/Texas/24-008749-003/2024(H5N1)	1900	262
PA|PP755594.1|A/cattle/Texas/24-008749-003/2024(H5N1)	1901	257
PA|PP755594.1|A/cattle/Texas/24-008749-003/2024(H5N1)	1902	251
PA|PP755594.1|A/cattle/Texas/24-008749-003/2024(H5N1)	1903	256
PA|PP755594.1|A/cattle/Texas/24-008749-003/2024(H5N1)	1904	253
PA|PP755594.1|A/cattle/Texas/24-008749-003/2024(H5N1)	1905	254
PA|PP755594.1|A/cattle/Texas/24-008749-003/2024(H5N1)	1906	254
PA|PP755594.1|A/cattle/Texas/24-008749-003/2024(H5N1)	1907	243
PA|PP755594.1|A/cattle/Texas/24-008749-003/2024(H5N1)	1908	250
PA|PP755594.1|A/cattle/Texas/24-008749-003/2024(H5N1)	1909	250
PA|PP755594.1|A/cattle/Texas/24-008749-003/2024(H5N1)	1910	252
PA|PP755594.1|A/cattle/Texas/24-008749-003/2024(H5N1)	1911	252
PA|PP755594.1|A/cattle/Texas/24-008749-003/2024(H5N1)	1912	251
PA|PP755594.1|A/cattle/Texas/24-008749-003/2024(H5N1)	1913	260
PA|PP755594.1|A/cattle/Texas/24-008749-003/2024(H5N1)	1914	266
PA|PP755594.1|A/cattle/Texas/24-008749-003/2024(H5N1)	1915	262
PA|PP755594.1|A/cattle/Texas/24-008749-003/2024(H5N1)	1916	271
PA|PP755594.1|A/cattle/Texas/24-008749-003/2024(H5N1)	1917	268
PA|PP755594.1|A/cattle/Texas/24-008749-003/2024(H5N1)	1918	268
PA|PP755594.1|A/cattle/Texas/24-008749-003/2024(H5N1)	1919	265
PA|PP755594.1|A/cattle/Texas/24-008749-003/2024(H5N1)	1920	265
PA|PP755594.1|A/cattle/Texas/24-008749-003/2024(H5N1)	1921	264
PA|PP755594.1|A/cattle/Texas/24-008749-003/2024(H5N1)	1922	259
PA|PP755594.1|A/cattle/Texas/24-008749-003/2024(H5N1)	1923	259
PA|PP755594.1|A/cattle/Texas/24-008749-003/2024(H5N1)	1924	257
PA|PP755594.1|A/cattle/Texas/24-008749-003/2024(H5N1)	1925	259
PA|PP755594.1|A/cattle/Texas/24-008749-003/2024(H5N1)	1926	267
PA|PP755594.1|A/cattle/Texas/24-008749-003/2024(H5N1)	1927	267
PA|PP755594.1|A/cattle/Texas/24-008749-003/2024(H5N1)	1928	267
PA|PP755594.1|A/cattle/Texas/24-008749-003/2024(H5N1)	1929	269
PA|PP755594.1|A/cattle/Texas/24-008749-003/2024(H5N1)	1930	268
PA|PP755594.1|A/cattle/Texas/24-008749-003/2024(H5N1)	1931	265
PA|PP755594.1|A/cattle/Texas/24-008749-003/2024(H5N1)	1932	264
PA|PP755594.1|A/cattle/Texas/24-008749-003/2024(H5N1)	1933	272
PA|PP755594.1|A/cattle/Texas/24-008749-003/2024(H5N1)	1934	274
PA|PP755594.1|A/cattle/Texas/24-008749-003/2024(H5N1)	1935	276
PA|PP755594.1|A/cattle/Texas/24-008749-003/2024(H5N1)	1936	270
PA|PP755594.1|A/cattle/Texas/24-008749-003/2024(H5N1)	1937	270
PA|PP755594.1|A/cattle/Texas/24-008749-003/2024(H5N1)	1938	269
PA|PP755594.1|A/cattle/Texas/24-008749-003/2024(H5N1)	1939	269
PA|PP755594.1|A/cattle/Texas/24-008749-003/2024(H5N1)	1940	269
PA|PP755594.1|A/cattle/Texas/24-008749-003/2024(H5N1)	1941	267
PA|PP755594.1|A/cattle/Texas/24-008749-003/2024(H5N1)	1942	258
PA|PP755594.1|A/cattle/Texas/24-008749-003/2024(H5N1)	1943	283
PA|PP755594.1|A/cattle/Texas/24-008749-003/2024(H5N1)	1944	288
PA|PP755594.1|A/cattle/Texas/24-008749-003/2024(H5N1)	1945	292
PA|PP755594.1|A/cattle/Texas/24-008749-003/2024(H5N1)	1946	292
PA|PP755594.1|A/cattle/Texas/24-008749-003/2024(H5N1)	1947	299
PA|PP755594.1|A/cattle/Texas/24-008749-003/2024(H5N1)	1948	301
PA|PP755594.1|A/cattle/Texas/24-008749-003/2024(H5N1)	1949	299
PA|PP755594.1|A/cattle/Texas/24-008749-003/2024(H5N1)	1950	300
PA|PP755594.1|A/cattle/Texas/24-008749-003/2024(H5N1)	1951	302
PA|PP755594.1|A/cattle/Texas/24-008749-003/2024(H5N1)	1952	278
PA|PP755594.1|A/cattle/Texas/24-008749-003/2024(H5N1)	1953	276
PA|PP755594.1|A/cattle/Texas/24-008749-003/2024(H5N1)	1954	267
PA|PP755594.1|A/cattle/Texas/24-008749-003/2024(H5N1)	1955	259
PA|PP755594.1|A/cattle/Texas/24-008749-003/2024(H5N1)	1956	251
PA|PP755594.1|A/cattle/Texas/24-008749-003/2024(H5N1)	1957	256
PA|PP755594.1|A/cattle/Texas/24-008749-003/2024(H5N1)	1958	256
PA|PP755594.1|A/cattle/Texas/24-008749-003/2024(H5N1)	1959	256
PA|PP755594.1|A/cattle/Texas/24-008749-003/2024(H5N1)	1960	252
PA|PP755594.1|A/cattle/Texas/24-008749-003/2024(H5N1)	1961	258
PA|PP755594.1|A/cattle/Texas/24-008749-003/2024(H5N1)	1962	258
PA|PP755594.1|A/cattle/Texas/24-008749-003/2024(H5N1)	1963	257
PA|PP755594.1|A/cattle/Texas/24-008749-003/2024(H5N1)	1964	257
PA|PP755594.1|A/cattle/Texas/24-008749-003/2024(H5N1)	1965	253
PA|PP755594.1|A/cattle/Texas/24-008749-003/2024(H5N1)	1966	252
PA|PP755594.1|A/cattle/Texas/24-008749-003/2024(H5N1)	1967	253
PA|PP755594.1|A/cattle/Texas/24-008749-003/2024(H5N1)	1968	253
PA|PP755594.1|A/cattle/Texas/24-008749-003/2024(H5N1)	1969	253
PA|PP755594.1|A/cattle/Texas/24-008749-003/2024(H5N1)	1970	254
PA|PP755594.1|A/cattle/Texas/24-008749-003/2024(H5N1)	1971	255
PA|PP755594.1|A/cattle/Texas/24-008749-003/2024(H5N1)	1972	255
PA|PP755594.1|A/cattle/Texas/24-008749-003/2024(H5N1)	1973	250
PA|PP755594.1|A/cattle/Texas/24-008749-003/2024(H5N1)	1974	250
PA|PP755594.1|A/cattle/Texas/24-008749-003/2024(H5N1)	1975	250
PA|PP755594.1|A/cattle/Texas/24-008749-003/2024(H5N1)	1976	251
PA|PP755594.1|A/cattle/Texas/24-008749-003/2024(H5N1)	1977	252
PA|PP755594.1|A/cattle/Texas/24-008749-003/2024(H5N1)	1978	263
PA|PP755594.1|A/cattle/Texas/24-008749-003/2024(H5N1)	1979	267
PA|PP755594.1|A/cattle/Texas/24-008749-003/2024(H5N1)	1980	262
PA|PP755594.1|A/cattle/Texas/24-008749-003/2024(H5N1)	1981	262
PA|PP755594.1|A/cattle/Texas/24-008749-003/2024(H5N1)	1982	265
PA|PP755594.1|A/cattle/Texas/24-008749-003/2024(H5N1)	1983	269
PA|PP755594.1|A/cattle/Texas/24-008749-003/2024(H5N1)	1984	271
PA|PP755594.1|A/cattle/Texas/24-008749-003/2024(H5N1)	1985	271
PA|PP755594.1|A/cattle/Texas/24-008749-003/2024(H5N1)	1986	271
PA|PP755594.1|A/cattle/Texas/24-008749-003/2024(H5N1)	1987	270
PA|PP755594.1|A/cattle/Texas/24-008749-003/2024(H5N1)	1988	270
PA|PP755594.1|A/cattle/Texas/24-008749-003/2024(H5N1)	1989	271
PA|PP755594.1|A/cattle/Texas/24-008749-003/2024(H5N1)	1990	273
PA|PP755594.1|A/cattle/Texas/24-008749-003/2024(H5N1)	1991	273
PA|PP755594.1|A/cattle/Texas/24-008749-003/2024(H5N1)	1992	273
PA|PP755594.1|A/cattle/Texas/24-008749-003/2024(H5N1)	1993	275
PA|PP755594.1|A/cattle/Texas/24-008749-003/2024(H5N1)	1994	264
PA|PP755594.1|A/cattle/Texas/24-008749-003/2024(H5N1)	1995	263
PA|PP755594.1|A/cattle/Texas/24-008749-003/2024(H5N1)	1996	257
PA|PP755594.1|A/cattle/Texas/24-008749-003/2024(H5N1)	1997	257
PA|PP755594.1|A/cattle/Texas/24-008749-003/2024(H5N1)	1998	258
PA|PP755594.1|A/cattle/Texas/24-008749-003/2024(H5N1)	1999	259
PA|PP755594.1|A/cattle/Texas/24-008749-003/2024(H5N1)	2000	261
PA|PP755594.1|A/cattle/Texas/24-008749-003/2024(H5N1)	2001	264
PA|PP755594.1|A/cattle/Texas/24-008749-003/2024(H5N1)	2002	265
PA|PP755594.1|A/cattle/Texas/24-008749-003/2024(H5N1)	2003	266
PA|PP755594.1|A/cattle/Texas/24-008749-003/2024(H5N1)	2004	265
PA|PP755594.1|A/cattle/Texas/24-008749-003/2024(H5N1)	2005	276
PA|PP755594.1|A/cattle/Texas/24-008749-003/2024(H5N1)	2006	276
PA|PP755594.1|A/cattle/Texas/24-008749-003/2024(H5N1)	2007	276
PA|PP755594.1|A/cattle/Texas/24-008749-003/2024(H5N1)	2008	275
PA|PP755594.1|A/cattle/Texas/24-008749-003/2024(H5N1)	2009	271
PA|PP755594.1|A/cattle/Texas/24-008749-003/2024(H5N1)	2010	273
PA|PP755594.1|A/cattle/Texas/24-008749-003/2024(H5N1)	2011	275
PA|PP755594.1|A/cattle/Texas/24-008749-003/2024(H5N1)	2012	268
PA|PP755594.1|A/cattle/Texas/24-008749-003/2024(H5N1)	2013	268
PA|PP755594.1|A/cattle/Texas/24-008749-003/2024(H5N1)	2014	280
PA|PP755594.1|A/cattle/Texas/24-008749-003/2024(H5N1)	2015	278
PA|PP755594.1|A/cattle/Texas/24-008749-003/2024(H5N1)	2016	279
PA|PP755594.1|A/cattle/Texas/24-008749-003/2024(H5N1)	2017	279
PA|PP755594.1|A/cattle/Texas/24-008749-003/2024(H5N1)	2018	280
PA|PP755594.1|A/cattle/Texas/24-008749-003/2024(H5N1)	2019	286
PA|PP755594.1|A/cattle/Texas/24-008749-003/2024(H5N1)	2020	286
PA|PP755594.1|A/cattle/Texas/24-008749-003/2024(H5N1)	2021	285
PA|PP755594.1|A/cattle/Texas/24-008749-003/2024(H5N1)	2022	276
PA|PP755594.1|A/cattle/Texas/24-008749-003/2024(H5N1)	2023	272
PA|PP755594.1|A/cattle/Texas/24-008749-003/2024(H5N1)	2024	273
PA|PP755594.1|A/cattle/Texas/24-008749-003/2024(H5N1)	2025	273
PA|PP755594.1|A/cattle/Texas/24-008749-003/2024(H5N1)	2026	273
PA|PP755594.1|A/cattle/Texas/24-008749-003/2024(H5N1)	2027	273
PA|PP755594.1|A/cattle/Texas/24-008749-003/2024(H5N1)	2028	273
PA|PP755594.1|A/cattle/Texas/24-008749-003/2024(H5N1)	2029	274
PA|PP755594.1|A/cattle/Texas/24-008749-003/2024(H5N1)	2030	274
PA|PP755594.1|A/cattle/Texas/24-008749-003/2024(H5N1)	2031	278
PA|PP755594.1|A/cattle/Texas/24-008749-003/2024(H5N1)	2032	285
PA|PP755594.1|A/cattle/Texas/24-008749-003/2024(H5N1)	2033	269
PA|PP755594.1|A/cattle/Texas/24-008749-003/2024(H5N1)	2034	271
PA|PP755594.1|A/cattle/Texas/24-008749-003/2024(H5N1)	2035	272
PA|PP755594.1|A/cattle/Texas/24-008749-003/2024(H5N1)	2036	272
PA|PP755594.1|A/cattle/Texas/24-008749-003/2024(H5N1)	2037	272
PA|PP755594.1|A/cattle/Texas/24-008749-003/2024(H5N1)	2038	270
PA|PP755594.1|A/cattle/Texas/24-008749-003/2024(H5N1)	2039	276
PA|PP755594.1|A/cattle/Texas/24-008749-003/2024(H5N1)	2040	278
PA|PP755594.1|A/cattle/Texas/24-008749-003/2024(H5N1)	2041	273
PA|PP755594.1|A/cattle/Texas/24-008749-003/2024(H5N1)	2042	289
PA|PP755594.1|A/cattle/Texas/24-008749-003/2024(H5N1)	2043	287
PA|PP755594.1|A/cattle/Texas/24-008749-003/2024(H5N1)	2044	287
PA|PP755594.1|A/cattle/Texas/24-008749-003/2024(H5N1)	2045	287
PA|PP755594.1|A/cattle/Texas/24-008749-003/2024(H5N1)	2046	283
PA|PP755594.1|A/cattle/Texas/24-008749-003/2024(H5N1)	2047	285
PA|PP755594.1|A/cattle/Texas/24-008749-003/2024(H5N1)	2048	284
PA|PP755594.1|A/cattle/Texas/24-008749-003/2024(H5N1)	2049	285
PA|PP755594.1|A/cattle/Texas/24-008749-003/2024(H5N1)	2050	285
PA|PP755594.1|A/cattle/Texas/24-008749-003/2024(H5N1)	2051	285
PA|PP755594.1|A/cattle/Texas/24-008749-003/2024(H5N1)	2052	285
PA|PP755594.1|A/cattle/Texas/24-008749-003/2024(H5N1)	2053	291
PA|PP755594.1|A/cattle/Texas/24-008749-003/2024(H5N1)	2054	284
PA|PP755594.1|A/cattle/Texas/24-008749-003/2024(H5N1)	2055	285
PA|PP755594.1|A/cattle/Texas/24-008749-003/2024(H5N1)	2056	284
PA|PP755594.1|A/cattle/Texas/24-008749-003/2024(H5N1)	2057	284
PA|PP755594.1|A/cattle/Texas/24-008749-003/2024(H5N1)	2058	294
PA|PP755594.1|A/cattle/Texas/24-008749-003/2024(H5N1)	2059	289
PA|PP755594.1|A/cattle/Texas/24-008749-003/2024(H5N1)	2060	292
PA|PP755594.1|A/cattle/Texas/24-008749-003/2024(H5N1)	2061	292
PA|PP755594.1|A/cattle/Texas/24-008749-003/2024(H5N1)	2062	277
PA|PP755594.1|A/cattle/Texas/24-008749-003/2024(H5N1)	2063	276
PA|PP755594.1|A/cattle/Texas/24-008749-003/2024(H5N1)	2064	272
PA|PP755594.1|A/cattle/Texas/24-008749-003/2024(H5N1)	2065	272
PA|PP755594.1|A/cattle/Texas/24-008749-003/2024(H5N1)	2066	276
PA|PP755594.1|A/cattle/Texas/24-008749-003/2024(H5N1)	2067	265
PA|PP755594.1|A/cattle/Texas/24-008749-003/2024(H5N1)	2068	275
PA|PP755594.1|A/cattle/Texas/24-008749-003/2024(H5N1)	2069	274
PA|PP755594.1|A/cattle/Texas/24-008749-003/2024(H5N1)	2070	274
PA|PP755594.1|A/cattle/Texas/24-008749-003/2024(H5N1)	2071	278
PA|PP755594.1|A/cattle/Texas/24-008749-003/2024(H5N1)	2072	278
PA|PP755594.1|A/cattle/Texas/24-008749-003/2024(H5N1)	2073	278
PA|PP755594.1|A/cattle/Texas/24-008749-003/2024(H5N1)	2074	278
PA|PP755594.1|A/cattle/Texas/24-008749-003/2024(H5N1)	2075	270
PA|PP755594.1|A/cattle/Texas/24-008749-003/2024(H5N1)	2076	272
PA|PP755594.1|A/cattle/Texas/24-008749-003/2024(H5N1)	2077	259
PA|PP755594.1|A/cattle/Texas/24-008749-003/2024(H5N1)	2078	259
PA|PP755594.1|A/cattle/Texas/24-008749-003/2024(H5N1)	2079	257
PA|PP755594.1|A/cattle/Texas/24-008749-003/2024(H5N1)	2080	257
PA|PP755594.1|A/cattle/Texas/24-008749-003/2024(H5N1)	2081	257
PA|PP755594.1|A/cattle/Texas/24-008749-003/2024(H5N1)	2082	257
PA|PP755594.1|A/cattle/Texas/24-008749-003/2024(H5N1)	2083	257
PA|PP755594.1|A/cattle/Texas/24-008749-003/2024(H5N1)	2084	253
PA|PP755594.1|A/cattle/Texas/24-008749-003/2024(H5N1)	2085	247
PA|PP755594.1|A/cattle/Texas/24-008749-003/2024(H5N1)	2086	247
PA|PP755594.1|A/cattle/Texas/24-008749-003/2024(H5N1)	2087	247
PA|PP755594.1|A/cattle/Texas/24-008749-003/2024(H5N1)	2088	246
PA|PP755594.1|A/cattle/Texas/24-008749-003/2024(H5N1)	2089	246
PA|PP755594.1|A/cattle/Texas/24-008749-003/2024(H5N1)	2090	250
PA|PP755594.1|A/cattle/Texas/24-008749-003/2024(H5N1)	2091	250
PA|PP755594.1|A/cattle/Texas/24-008749-003/2024(H5N1)	2092	249
PA|PP755594.1|A/cattle/Texas/24-008749-003/2024(H5N1)	2093	232
PA|PP755594.1|A/cattle/Texas/24-008749-003/2024(H5N1)	2094	228
PA|PP755594.1|A/cattle/Texas/24-008749-003/2024(H5N1)	2095	228
PA|PP755594.1|A/cattle/Texas/24-008749-003/2024(H5N1)	2096	230
PA|PP755594.1|A/cattle/Texas/24-008749-003/2024(H5N1)	2097	232
PA|PP755594.1|A/cattle/Texas/24-008749-003/2024(H5N1)	2098	227
PA|PP755594.1|A/cattle/Texas/24-008749-003/2024(H5N1)	2099	221
PA|PP755594.1|A/cattle/Texas/24-008749-003/2024(H5N1)	2100	220
PA|PP755594.1|A/cattle/Texas/24-008749-003/2024(H5N1)	2101	219
PA|PP755594.1|A/cattle/Texas/24-008749-003/2024(H5N1)	2102	218
PA|PP755594.1|A/cattle/Texas/24-008749-003/2024(H5N1)	2103	220
PA|PP755594.1|A/cattle/Texas/24-008749-003/2024(H5N1)	2104	220
PA|PP755594.1|A/cattle/Texas/24-008749-003/2024(H5N1)	2105	211
PA|PP755594.1|A/cattle/Texas/24-008749-003/2024(H5N1)	2106	211
PA|PP755594.1|A/cattle/Texas/24-008749-003/2024(H5N1)	2107	207
PA|PP755594.1|A/cattle/Texas/24-008749-003/2024(H5N1)	2108	202
PA|PP755594.1|A/cattle/Texas/24-008749-003/2024(H5N1)	2109	202
PA|PP755594.1|A/cattle/Texas/24-008749-003/2024(H5N1)	2110	202
PA|PP755594.1|A/cattle/Texas/24-008749-003/2024(H5N1)	2111	202
PA|PP755594.1|A/cattle/Texas/24-008749-003/2024(H5N1)	2112	196
PA|PP755594.1|A/cattle/Texas/24-008749-003/2024(H5N1)	2113	196
PA|PP755594.1|A/cattle/Texas/24-008749-003/2024(H5N1)	2114	196
PA|PP755594.1|A/cattle/Texas/24-008749-003/2024(H5N1)	2115	196
PA|PP755594.1|A/cattle/Texas/24-008749-003/2024(H5N1)	2116	196
PA|PP755594.1|A/cattle/Texas/24-008749-003/2024(H5N1)	2117	194
PA|PP755594.1|A/cattle/Texas/24-008749-003/2024(H5N1)	2118	196
PA|PP755594.1|A/cattle/Texas/24-008749-003/2024(H5N1)	2119	196
PA|PP755594.1|A/cattle/Texas/24-008749-003/2024(H5N1)	2120	196
PA|PP755594.1|A/cattle/Texas/24-008749-003/2024(H5N1)	2121	191
PA|PP755594.1|A/cattle/Texas/24-008749-003/2024(H5N1)	2122	188
PA|PP755594.1|A/cattle/Texas/24-008749-003/2024(H5N1)	2123	188
PA|PP755594.1|A/cattle/Texas/24-008749-003/2024(H5N1)	2124	188
PA|PP755594.1|A/cattle/Texas/24-008749-003/2024(H5N1)	2125	188
PA|PP755594.1|A/cattle/Texas/24-008749-003/2024(H5N1)	2126	187
PA|PP755594.1|A/cattle/Texas/24-008749-003/2024(H5N1)	2127	177
PA|PP755594.1|A/cattle/Texas/24-008749-003/2024(H5N1)	2128	177
PA|PP755594.1|A/cattle/Texas/24-008749-003/2024(H5N1)	2129	177
PA|PP755594.1|A/cattle/Texas/24-008749-003/2024(H5N1)	2130	177
PA|PP755594.1|A/cattle/Texas/24-008749-003/2024(H5N1)	2131	177
PA|PP755594.1|A/cattle/Texas/24-008749-003/2024(H5N1)	2132	173
PA|PP755594.1|A/cattle/Texas/24-008749-003/2024(H5N1)	2133	173
PA|PP755594.1|A/cattle/Texas/24-008749-003/2024(H5N1)	2134	173
PA|PP755594.1|A/cattle/Texas/24-008749-003/2024(H5N1)	2135	171
PA|PP755594.1|A/cattle/Texas/24-008749-003/2024(H5N1)	2136	170
PA|PP755594.1|A/cattle/Texas/24-008749-003/2024(H5N1)	2137	170
PA|PP755594.1|A/cattle/Texas/24-008749-003/2024(H5N1)	2138	169
PA|PP755594.1|A/cattle/Texas/24-008749-003/2024(H5N1)	2139	163
PA|PP755594.1|A/cattle/Texas/24-008749-003/2024(H5N1)	2140	163
PA|PP755594.1|A/cattle/Texas/24-008749-003/2024(H5N1)	2141	159
PA|PP755594.1|A/cattle/Texas/24-008749-003/2024(H5N1)	2142	159
PA|PP755594.1|A/cattle/Texas/24-008749-003/2024(H5N1)	2143	159
PA|PP755594.1|A/cattle/Texas/24-008749-003/2024(H5N1)	2144	153
PA|PP755594.1|A/cattle/Texas/24-008749-003/2024(H5N1)	2145	153
PA|PP755594.1|A/cattle/Texas/24-008749-003/2024(H5N1)	2146	153
PA|PP755594.1|A/cattle/Texas/24-008749-003/2024(H5N1)	2147	153
PA|PP755594.1|A/cattle/Texas/24-008749-003/2024(H5N1)	2148	153
PA|PP755594.1|A/cattle/Texas/24-008749-003/2024(H5N1)	2149	152
PA|PP755594.1|A/cattle/Texas/24-008749-003/2024(H5N1)	2150	146
PA|PP755594.1|A/cattle/Texas/24-008749-003/2024(H5N1)	2151	145
