PA|PP755594.1|A/cattle/Texas/24-008749-003/2024(H5N1)	1	63
PA|PP755594.1|A/cattle/Texas/24-008749-003/2024(H5N1)	2	63
PA|PP755594.1|A/cattle/Texas/24-008749-003/2024(H5N1)	3	65
PA|PP755594.1|A/cattle/Texas/24-008749-003/2024(H5N1)	4	66
PA|PP755594.1|A/cattle/Texas/24-008749-003/2024(H5N1)	5	66
PA|PP755594.1|A/cattle/Texas/24-008749-003/2024(H5N1)	6	66
PA|PP755594.1|A/cattle/Texas/24-008749-003/2024(H5N1)	7	66
PA|PP755594.1|A/cattle/Texas/24-008749-003/2024(H5N1)	8	66
PA|PP755594.1|A/cattle/Texas/24-008749-003/2024(H5N1)	9	66
PA|PP755594.1|A/cattle/Texas/24-008749-003/2024(H5N1)	10	67
PA|PP755594.1|A/cattle/Texas/24-008749-003/2024(H5N1)	11	67
PA|PP755594.1|A/cattle/Texas/24-008749-003/2024(H5N1)	12	67
PA|PP755594.1|A/cattle/Texas/24-008749-003/2024(H5N1)	13	67
PA|PP755594.1|A/cattle/Texas/24-008749-003/2024(H5N1)	14	67
PA|PP755594.1|A/cattle/Texas/24-008749-003/2024(H5N1)	15	67
PA|PP755594.1|A/cattle/Texas/24-008749-003/2024(H5N1)	16	70
PA|PP755594.1|A/cattle/Texas/24-008749-003/2024(H5N1)	17	70
PA|PP755594.1|A/cattle/Texas/24-008749-003/2024(H5N1)	18	71
PA|PP755594.1|A/cattle/Texas/24-008749-003/2024(H5N1)	19	71
PA|PP755594.1|A/cattle/Texas/24-008749-003/2024(H5N1)	20	71
PA|PP755594.1|A/cattle/Texas/24-008749-003/2024(H5N1)	21	72
PA|PP755594.1|A/cattle/Texas/24-008749-003/2024(H5N1)	22	73
PA|PP755594.1|A/cattle/Texas/24-008749-003/2024(H5N1)	23	75
PA|PP755594.1|A/cattle/Texas/24-008749-003/2024(H5N1)	24	80
PA|PP755594.1|A/cattle/Texas/24-008749-003/2024(H5N1)	25	80
PA|PP755594.1|A/cattle/Texas/24-008749-003/2024(H5N1)	26	80
PA|PP755594.1|A/cattle/Texas/24-008749-003/2024(H5N1)	27	80
PA|PP755594.1|A/cattle/Texas/24-008749-003/2024(H5N1)	28	80
PA|PP755594.1|A/cattle/Texas/24-008749-003/2024(H5N1)	29	82
PA|PP755594.1|A/cattle/Texas/24-008749-003/2024(H5N1)	30	82
PA|PP755594.1|A/cattle/Texas/24-008749-003/2024(H5N1)	31	82
PA|PP755594.1|A/cattle/Texas/24-008749-003/2024(H5N1)	32	82
PA|PP755594.1|A/cattle/Texas/24-008749-003/2024(H5N1)	33	82
PA|PP755594.1|A/cattle/Texas/24-008749-003/2024(H5N1)	34	84
PA|PP755594.1|A/cattle/Texas/24-008749-003/2024(H5N1)	35	85
PA|PP755594.1|A/cattle/Texas/24-008749-003/2024(H5N1)	36	87
PA|PP755594.1|A/cattle/Texas/24-008749-003/2024(H5N1)	37	87
PA|PP755594.1|A/cattle/Texas/24-008749-003/2024(H5N1)	38	88
PA|PP755594.1|A/cattle/Texas/24-008749-003/2024(H5N1)	39	89
PA|PP755594.1|A/cattle/Texas/24-008749-003/2024(H5N1)	40	89
PA|PP755594.1|A/cattle/Texas/24-008749-003/2024(H5N1)	41	90
PA|PP755594.1|A/cattle/Texas/24-008749-003/2024(H5N1)	42	90
PA|PP755594.1|A/cattle/Texas/24-008749-003/2024(H5N1)	43	90
PA|PP755594.1|A/cattle/Texas/24-008749-003/2024(H5N1)	44	91
PA|PP755594.1|A/cattle/Texas/24-008749-003/2024(H5N1)	45	91
PA|PP755594.1|A/cattle/Texas/24-008749-003/2024(H5N1)	46	91
PA|PP755594.1|A/cattle/Texas/24-008749-003/2024(H5N1)	47	91
PA|PP755594.1|A/cattle/Texas/24-008749-003/2024(H5N1)	48	91
PA|PP755594.1|A/cattle/Texas/24-008749-003/2024(H5N1)	49	92
PA|PP755594.1|A/cattle/Texas/24-008749-003/2024(H5N1)	50	93
PA|PP755594.1|A/cattle/Texas/24-008749-003/2024(H5N1)	51	95
PA|PP755594.1|A/cattle/Texas/24-008749-003/2024(H5N1)	52	95
PA|PP755594.1|A/cattle/Texas/24-008749-003/2024(H5N1)	53	95
PA|PP755594.1|A/cattle/Texas/24-008749-003/2024(H5N1)	54	95
PA|PP755594.1|A/cattle/Texas/24-008749-003/2024(H5N1)	55	95
PA|PP755594.1|A/cattle/Texas/24-008749-003/2024(H5N1)	56	95
PA|PP755594.1|A/cattle/Texas/24-008749-003/2024(H5N1)	57	96
PA|PP755594.1|A/cattle/Texas/24-008749-003/2024(H5N1)	58	98
PA|PP755594.1|A/cattle/Texas/24-008749-003/2024(H5N1)	59	98
PA|PP755594.1|A/cattle/Texas/24-008749-003/2024(H5N1)	60	98
PA|PP755594.1|A/cattle/Texas/24-008749-003/2024(H5N1)	61	98
PA|PP755594.1|A/cattle/Texas/24-008749-003/2024(H5N1)	62	99
PA|PP755594.1|A/cattle/Texas/24-008749-003/2024(H5N1)	63	99
PA|PP755594.1|A/cattle/Texas/24-008749-003/2024(H5N1)	64	99
PA|PP755594.1|A/cattle/Texas/24-008749-003/2024(H5N1)	65	99
PA|PP755594.1|A/cattle/Texas/24-008749-003/2024(H5N1)	66	99
PA|PP755594.1|A/cattle/Texas/24-008749-003/2024(H5N1)	67	100
PA|PP755594.1|A/cattle/Texas/24-008749-003/2024(H5N1)	68	101
PA|PP755594.1|A/cattle/Texas/24-008749-003/2024(H5N1)	69	104
PA|PP755594.1|A/cattle/Texas/24-008749-003/2024(H5N1)	70	104
PA|PP755594.1|A/cattle/Texas/24-008749-003/2024(H5N1)	71	102
PA|PP755594.1|A/cattle/Texas/24-008749-003/2024(H5N1)	72	103
PA|PP755594.1|A/cattle/Texas/24-008749-003/2024(H5N1)	73	103
PA|PP755594.1|A/cattle/Texas/24-008749-003/2024(H5N1)	74	103
PA|PP755594.1|A/cattle/Texas/24-008749-003/2024(H5N1)	75	103
PA|PP755594.1|A/cattle/Texas/24-008749-003/2024(H5N1)	76	103
PA|PP755594.1|A/cattle/Texas/24-008749-003/2024(H5N1)	77	103
PA|PP755594.1|A/cattle/Texas/24-008749-003/2024(H5N1)	78	103
PA|PP755594.1|A/cattle/Texas/24-008749-003/2024(H5N1)	79	104
PA|PP755594.1|A/cattle/Texas/24-008749-003/2024(H5N1)	80	105
PA|PP755594.1|A/cattle/Texas/24-008749-003/2024(H5N1)	81	105
PA|PP755594.1|A/cattle/Texas/24-008749-003/2024(H5N1)	82	93
PA|PP755594.1|A/cattle/Texas/24-008749-003/2024(H5N1)	83	96
PA|PP755594.1|A/cattle/Texas/24-008749-003/2024(H5N1)	84	96
PA|PP755594.1|A/cattle/Texas/24-008749-003/2024(H5N1)	85	96
PA|PP755594.1|A/cattle/Texas/24-008749-003/2024(H5N1)	86	96
PA|PP755594.1|A/cattle/Texas/24-008749-003/2024(H5N1)	87	96
PA|PP755594.1|A/cattle/Texas/24-008749-003/2024(H5N1)	88	96
PA|PP755594.1|A/cattle/Texas/24-008749-003/2024(H5N1)	89	96
PA|PP755594.1|A/cattle/Texas/24-008749-003/2024(H5N1)	90	96
PA|PP755594.1|A/cattle/Texas/24-008749-003/2024(H5N1)	91	96
PA|PP755594.1|A/cattle/Texas/24-008749-003/2024(H5N1)	92	96
PA|PP755594.1|A/cattle/Texas/24-008749-003/2024(H5N1)	93	96
PA|PP755594.1|A/cattle/Texas/24-008749-003/2024(H5N1)	94	96
PA|PP755594.1|A/cattle/Texas/24-008749-003/2024(H5N1)	95	98
PA|PP755594.1|A/cattle/Texas/24-008749-003/2024(H5N1)	96	98
PA|PP755594.1|A/cattle/Texas/24-008749-003/2024(H5N1)	97	99
PA|PP755594.1|A/cattle/Texas/24-008749-003/2024(H5N1)	98	99
PA|PP755594.1|A/cattle/Texas/24-008749-003/2024(H5N1)	99	99
PA|PP755594.1|A/cattle/Texas/24-008749-003/2024(H5N1)	100	99
PA|PP755594.1|A/cattle/Texas/24-008749-003/2024(H5N1)	101	99
PA|PP755594.1|A/cattle/Texas/24-008749-003/2024(H5N1)	102	99
PA|PP755594.1|A/cattle/Texas/24-008749-003/2024(H5N1)	103	99
PA|PP755594.1|A/cattle/Texas/24-008749-003/2024(H5N1)	104	99
PA|PP755594.1|A/cattle/Texas/24-008749-003/2024(H5N1)	105	99
PA|PP755594.1|A/cattle/Texas/24-008749-003/2024(H5N1)	106	99
PA|PP755594.1|A/cattle/Texas/24-008749-003/2024(H5N1)	107	99
PA|PP755594.1|A/cattle/Texas/24-008749-003/2024(H5N1)	108	99
PA|PP755594.1|A/cattle/Texas/24-008749-003/2024(H5N1)	109	99
PA|PP755594.1|A/cattle/Texas/24-008749-003/2024(H5N1)	110	101
PA|PP755594.1|A/cattle/Texas/24-008749-003/2024(H5N1)	111	101
PA|PP755594.1|A/cattle/Texas/24-008749-003/2024(H5N1)	112	102
PA|PP755594.1|A/cattle/Texas/24-008749-003/2024(H5N1)	113	103
PA|PP755594.1|A/cattle/Texas/24-008749-003/2024(H5N1)	114	103
PA|PP755594.1|A/cattle/Texas/24-008749-003/2024(H5N1)	115	103
PA|PP755594.1|A/cattle/Texas/24-008749-003/2024(H5N1)	116	101
PA|PP755594.1|A/cattle/Texas/24-008749-003/2024(H5N1)	117	104
PA|PP755594.1|A/cattle/Texas/24-008749-003/2024(H5N1)	118	104
PA|PP755594.1|A/cattle/Texas/24-008749-003/2024(H5N1)	119	104
PA|PP755594.1|A/cattle/Texas/24-008749-003/2024(H5N1)	120	102
PA|PP755594.1|A/cattle/Texas/24-008749-003/2024(H5N1)	121	102
PA|PP755594.1|A/cattle/Texas/24-008749-003/2024(H5N1)	122	102
PA|PP755594.1|A/cattle/Texas/24-008749-003/2024(H5N1)	123	102
PA|PP755594.1|A/cattle/Texas/24-008749-003/2024(H5N1)	124	102
PA|PP755594.1|A/cattle/Texas/24-008749-003/2024(H5N1)	125	102
PA|PP755594.1|A/cattle/Texas/24-008749-003/2024(H5N1)	126	77
PA|PP755594.1|A/cattle/Texas/24-008749-003/2024(H5N1)	127	63
PA|PP755594.1|A/cattle/Texas/24-008749-003/2024(H5N1)	128	60
PA|PP755594.1|A/cattle/Texas/24-008749-003/2024(H5N1)	129	55
PA|PP755594.1|A/cattle/Texas/24-008749-003/2024(H5N1)	130	58
PA|PP755594.1|A/cattle/Texas/24-008749-003/2024(H5N1)	131	58
PA|PP755594.1|A/cattle/Texas/24-008749-003/2024(H5N1)	132	58
PA|PP755594.1|A/cattle/Texas/24-008749-003/2024(H5N1)	133	77
PA|PP755594.1|A/cattle/Texas/24-008749-003/2024(H5N1)	134	77
PA|PP755594.1|A/cattle/Texas/24-008749-003/2024(H5N1)	135	80
PA|PP755594.1|A/cattle/Texas/24-008749-003/2024(H5N1)	136	80
PA|PP755594.1|A/cattle/Texas/24-008749-003/2024(H5N1)	137	80
PA|PP755594.1|A/cattle/Texas/24-008749-003/2024(H5N1)	138	74
PA|PP755594.1|A/cattle/Texas/24-008749-003/2024(H5N1)	139	74
PA|PP755594.1|A/cattle/Texas/24-008749-003/2024(H5N1)	140	74
PA|PP755594.1|A/cattle/Texas/24-008749-003/2024(H5N1)	141	74
PA|PP755594.1|A/cattle/Texas/24-008749-003/2024(H5N1)	142	74
PA|PP755594.1|A/cattle/Texas/24-008749-003/2024(H5N1)	143	73
PA|PP755594.1|A/cattle/Texas/24-008749-003/2024(H5N1)	144	72
PA|PP755594.1|A/cattle/Texas/24-008749-003/2024(H5N1)	145	71
PA|PP755594.1|A/cattle/Texas/24-008749-003/2024(H5N1)	146	71
PA|PP755594.1|A/cattle/Texas/24-008749-003/2024(H5N1)	147	71
PA|PP755594.1|A/cattle/Texas/24-008749-003/2024(H5N1)	148	71
PA|PP755594.1|A/cattle/Texas/24-008749-003/2024(H5N1)	149	73
PA|PP755594.1|A/cattle/Texas/24-008749-003/2024(H5N1)	150	73
PA|PP755594.1|A/cattle/Texas/24-008749-003/2024(H5N1)	151	72
PA|PP755594.1|A/cattle/Texas/24-008749-003/2024(H5N1)	152	72
PA|PP755594.1|A/cattle/Texas/24-008749-003/2024(H5N1)	153	71
PA|PP755594.1|A/cattle/Texas/24-008749-003/2024(H5N1)	154	71
PA|PP755594.1|A/cattle/Texas/24-008749-003/2024(H5N1)	155	71
PA|PP755594.1|A/cattle/Texas/24-008749-003/2024(H5N1)	156	71
PA|PP755594.1|A/cattle/Texas/24-008749-003/2024(H5N1)	157	71
PA|PP755594.1|A/cattle/Texas/24-008749-003/2024(H5N1)	158	71
PA|PP755594.1|A/cattle/Texas/24-008749-003/2024(H5N1)	159	71
PA|PP755594.1|A/cattle/Texas/24-008749-003/2024(H5N1)	160	71
PA|PP755594.1|A/cattle/Texas/24-008749-003/2024(H5N1)	161	71
PA|PP755594.1|A/cattle/Texas/24-008749-003/2024(H5N1)	162	71
PA|PP755594.1|A/cattle/Texas/24-008749-003/2024(H5N1)	163	71
PA|PP755594.1|A/cattle/Texas/24-008749-003/2024(H5N1)	164	73
PA|PP755594.1|A/cattle/Texas/24-008749-003/2024(H5N1)	165	73
PA|PP755594.1|A/cattle/Texas/24-008749-003/2024(H5N1)	166	61
PA|PP755594.1|A/cattle/Texas/24-008749-003/2024(H5N1)	167	58
PA|PP755594.1|A/cattle/Texas/24-008749-003/2024(H5N1)	168	58
PA|PP755594.1|A/cattle/Texas/24-008749-003/2024(H5N1)	169	57
PA|PP755594.1|A/cattle/Texas/24-008749-003/2024(H5N1)	170	57
PA|PP755594.1|A/cattle/Texas/24-008749-003/2024(H5N1)	171	57
PA|PP755594.1|A/cattle/Texas/24-008749-003/2024(H5N1)	172	56
PA|PP755594.1|A/cattle/Texas/24-008749-003/2024(H5N1)	173	55
PA|PP755594.1|A/cattle/Texas/24-008749-003/2024(H5N1)	174	53
PA|PP755594.1|A/cattle/Texas/24-008749-003/2024(H5N1)	175	52
PA|PP755594.1|A/cattle/Texas/24-008749-003/2024(H5N1)	176	52
PA|PP755594.1|A/cattle/Texas/24-008749-003/2024(H5N1)	177	52
PA|PP755594.1|A/cattle/Texas/24-008749-003/2024(H5N1)	178	52
PA|PP755594.1|A/cattle/Texas/24-008749-003/2024(H5N1)	179	50
PA|PP755594.1|A/cattle/Texas/24-008749-003/2024(H5N1)	180	50
PA|PP755594.1|A/cattle/Texas/24-008749-003/2024(H5N1)	181	50
PA|PP755594.1|A/cattle/Texas/24-008749-003/2024(H5N1)	182	50
PA|PP755594.1|A/cattle/Texas/24-008749-003/2024(H5N1)	183	49
PA|PP755594.1|A/cattle/Texas/24-008749-003/2024(H5N1)	184	49
PA|PP755594.1|A/cattle/Texas/24-008749-003/2024(H5N1)	185	48
PA|PP755594.1|A/cattle/Texas/24-008749-003/2024(H5N1)	186	47
PA|PP755594.1|A/cattle/Texas/24-008749-003/2024(H5N1)	187	47
PA|PP755594.1|A/cattle/Texas/24-008749-003/2024(H5N1)	188	47
PA|PP755594.1|A/cattle/Texas/24-008749-003/2024(H5N1)	189	46
PA|PP755594.1|A/cattle/Texas/24-008749-003/2024(H5N1)	190	51
PA|PP755594.1|A/cattle/Texas/24-008749-003/2024(H5N1)	191	51
PA|PP755594.1|A/cattle/Texas/24-008749-003/2024(H5N1)	192	51
PA|PP755594.1|A/cattle/Texas/24-008749-003/2024(H5N1)	193	51
PA|PP755594.1|A/cattle/Texas/24-008749-003/2024(H5N1)	194	51
PA|PP755594.1|A/cattle/Texas/24-008749-003/2024(H5N1)	195	51
PA|PP755594.1|A/cattle/Texas/24-008749-003/2024(H5N1)	196	51
PA|PP755594.1|A/cattle/Texas/24-008749-003/2024(H5N1)	197	51
PA|PP755594.1|A/cattle/Texas/24-008749-003/2024(H5N1)	198	51
PA|PP755594.1|A/cattle/Texas/24-008749-003/2024(H5N1)	199	51
PA|PP755594.1|A/cattle/Texas/24-008749-003/2024(H5N1)	200	50
PA|PP755594.1|A/cattle/Texas/24-008749-003/2024(H5N1)	201	50
PA|PP755594.1|A/cattle/Texas/24-008749-003/2024(H5N1)	202	48
PA|PP755594.1|A/cattle/Texas/24-008749-003/2024(H5N1)	203	48
PA|PP755594.1|A/cattle/Texas/24-008749-003/2024(H5N1)	204	48
PA|PP755594.1|A/cattle/Texas/24-008749-003/2024(H5N1)	205	48
PA|PP755594.1|A/cattle/Texas/24-008749-003/2024(H5N1)	206	48
PA|PP755594.1|A/cattle/Texas/24-008749-003/2024(H5N1)	207	43
PA|PP755594.1|A/cattle/Texas/24-008749-003/2024(H5N1)	208	43
PA|PP755594.1|A/cattle/Texas/24-008749-003/2024(H5N1)	209	43
PA|PP755594.1|A/cattle/Texas/24-008749-003/2024(H5N1)	210	43
PA|PP755594.1|A/cattle/Texas/24-008749-003/2024(H5N1)	211	43
PA|PP755594.1|A/cattle/Texas/24-008749-003/2024(H5N1)	212	41
PA|PP755594.1|A/cattle/Texas/24-008749-003/2024(H5N1)	213	41
PA|PP755594.1|A/cattle/Texas/24-008749-003/2024(H5N1)	214	41
PA|PP755594.1|A/cattle/Texas/24-008749-003/2024(H5N1)	215	41
PA|PP755594.1|A/cattle/Texas/24-008749-003/2024(H5N1)	216	41
PA|PP755594.1|A/cattle/Texas/24-008749-003/2024(H5N1)	217	52
PA|PP755594.1|A/cattle/Texas/24-008749-003/2024(H5N1)	218	53
PA|PP755594.1|A/cattle/Texas/24-008749-003/2024(H5N1)	219	53
PA|PP755594.1|A/cattle/Texas/24-008749-003/2024(H5N1)	220	53
PA|PP755594.1|A/cattle/Texas/24-008749-003/2024(H5N1)	221	53
PA|PP755594.1|A/cattle/Texas/24-008749-003/2024(H5N1)	222	53
PA|PP755594.1|A/cattle/Texas/24-008749-003/2024(H5N1)	223	53
PA|PP755594.1|A/cattle/Texas/24-008749-003/2024(H5N1)	224	53
PA|PP755594.1|A/cattle/Texas/24-008749-003/2024(H5N1)	225	56
PA|PP755594.1|A/cattle/Texas/24-008749-003/2024(H5N1)	226	56
PA|PP755594.1|A/cattle/Texas/24-008749-003/2024(H5N1)	227	56
PA|PP755594.1|A/cattle/Texas/24-008749-003/2024(H5N1)	228	56
PA|PP755594.1|A/cattle/Texas/24-008749-003/2024(H5N1)	229	56
PA|PP755594.1|A/cattle/Texas/24-008749-003/2024(H5N1)	230	58
PA|PP755594.1|A/cattle/Texas/24-008749-003/2024(H5N1)	231	58
PA|PP755594.1|A/cattle/Texas/24-008749-003/2024(H5N1)	232	58
PA|PP755594.1|A/cattle/Texas/24-008749-003/2024(H5N1)	233	58
PA|PP755594.1|A/cattle/Texas/24-008749-003/2024(H5N1)	234	57
PA|PP755594.1|A/cattle/Texas/24-008749-003/2024(H5N1)	235	59
PA|PP755594.1|A/cattle/Texas/24-008749-003/2024(H5N1)	236	60
PA|PP755594.1|A/cattle/Texas/24-008749-003/2024(H5N1)	237	60
PA|PP755594.1|A/cattle/Texas/24-008749-003/2024(H5N1)	238	60
PA|PP755594.1|A/cattle/Texas/24-008749-003/2024(H5N1)	239	60
PA|PP755594.1|A/cattle/Texas/24-008749-003/2024(H5N1)	240	60
PA|PP755594.1|A/cattle/Texas/24-008749-003/2024(H5N1)	241	60
PA|PP755594.1|A/cattle/Texas/24-008749-003/2024(H5N1)	242	62
PA|PP755594.1|A/cattle/Texas/24-008749-003/2024(H5N1)	243	62
PA|PP755594.1|A/cattle/Texas/24-008749-003/2024(H5N1)	244	62
PA|PP755594.1|A/cattle/Texas/24-008749-003/2024(H5N1)	245	62
PA|PP755594.1|A/cattle/Texas/24-008749-003/2024(H5N1)	246	60
PA|PP755594.1|A/cattle/Texas/24-008749-003/2024(H5N1)	247	59
PA|PP755594.1|A/cattle/Texas/24-008749-003/2024(H5N1)	248	59
PA|PP755594.1|A/cattle/Texas/24-008749-003/2024(H5N1)	249	59
PA|PP755594.1|A/cattle/Texas/24-008749-003/2024(H5N1)	250	59
PA|PP755594.1|A/cattle/Texas/24-008749-003/2024(H5N1)	251	58
PA|PP755594.1|A/cattle/Texas/24-008749-003/2024(H5N1)	252	53
PA|PP755594.1|A/cattle/Texas/24-008749-003/2024(H5N1)	253	53
PA|PP755594.1|A/cattle/Texas/24-008749-003/2024(H5N1)	254	53
PA|PP755594.1|A/cattle/Texas/24-008749-003/2024(H5N1)	255	53
PA|PP755594.1|A/cattle/Texas/24-008749-003/2024(H5N1)	256	54
PA|PP755594.1|A/cattle/Texas/24-008749-003/2024(H5N1)	257	54
PA|PP755594.1|A/cattle/Texas/24-008749-003/2024(H5N1)	258	58
PA|PP755594.1|A/cattle/Texas/24-008749-003/2024(H5N1)	259	58
PA|PP755594.1|A/cattle/Texas/24-008749-003/2024(H5N1)	260	58
PA|PP755594.1|A/cattle/Texas/24-008749-003/2024(H5N1)	261	59
PA|PP755594.1|A/cattle/Texas/24-008749-003/2024(H5N1)	262	59
PA|PP755594.1|A/cattle/Texas/24-008749-003/2024(H5N1)	263	62
PA|PP755594.1|A/cattle/Texas/24-008749-003/2024(H5N1)	264	62
PA|PP755594.1|A/cattle/Texas/24-008749-003/2024(H5N1)	265	62
PA|PP755594.1|A/cattle/Texas/24-008749-003/2024(H5N1)	266	62
PA|PP755594.1|A/cattle/Texas/24-008749-003/2024(H5N1)	267	62
PA|PP755594.1|A/cattle/Texas/24-008749-003/2024(H5N1)	268	65
PA|PP755594.1|A/cattle/Texas/24-008749-003/2024(H5N1)	269	66
PA|PP755594.1|A/cattle/Texas/24-008749-003/2024(H5N1)	270	61
PA|PP755594.1|A/cattle/Texas/24-008749-003/2024(H5N1)	271	61
PA|PP755594.1|A/cattle/Texas/24-008749-003/2024(H5N1)	272	60
PA|PP755594.1|A/cattle/Texas/24-008749-003/2024(H5N1)	273	60
PA|PP755594.1|A/cattle/Texas/24-008749-003/2024(H5N1)	274	63
PA|PP755594.1|A/cattle/Texas/24-008749-003/2024(H5N1)	275	63
PA|PP755594.1|A/cattle/Texas/24-008749-003/2024(H5N1)	276	54
PA|PP755594.1|A/cattle/Texas/24-008749-003/2024(H5N1)	277	54
PA|PP755594.1|A/cattle/Texas/24-008749-003/2024(H5N1)	278	57
PA|PP755594.1|A/cattle/Texas/24-008749-003/2024(H5N1)	279	57
PA|PP755594.1|A/cattle/Texas/24-008749-003/2024(H5N1)	280	57
PA|PP755594.1|A/cattle/Texas/24-008749-003/2024(H5N1)	281	57
PA|PP755594.1|A/cattle/Texas/24-008749-003/2024(H5N1)	282	57
PA|PP755594.1|A/cattle/Texas/24-008749-003/2024(H5N1)	283	57
PA|PP755594.1|A/cattle/Texas/24-008749-003/2024(H5N1)	284	56
PA|PP755594.1|A/cattle/Texas/24-008749-003/2024(H5N1)	285	58
PA|PP755594.1|A/cattle/Texas/24-008749-003/2024(H5N1)	286	55
PA|PP755594.1|A/cattle/Texas/24-008749-003/2024(H5N1)	287	55
PA|PP755594.1|A/cattle/Texas/24-008749-003/2024(H5N1)	288	56
PA|PP755594.1|A/cattle/Texas/24-008749-003/2024(H5N1)	289	56
PA|PP755594.1|A/cattle/Texas/24-008749-003/2024(H5N1)	290	57
PA|PP755594.1|A/cattle/Texas/24-008749-003/2024(H5N1)	291	57
PA|PP755594.1|A/cattle/Texas/24-008749-003/2024(H5N1)	292	57
PA|PP755594.1|A/cattle/Texas/24-008749-003/2024(H5N1)	293	57
PA|PP755594.1|A/cattle/Texas/24-008749-003/2024(H5N1)	294	57
PA|PP755594.1|A/cattle/Texas/24-008749-003/2024(H5N1)	295	57
PA|PP755594.1|A/cattle/Texas/24-008749-003/2024(H5N1)	296	58
PA|PP755594.1|A/cattle/Texas/24-008749-003/2024(H5N1)	297	56
PA|PP755594.1|A/cattle/Texas/24-008749-003/2024(H5N1)	298	56
PA|PP755594.1|A/cattle/Texas/24-008749-003/2024(H5N1)	299	56
PA|PP755594.1|A/cattle/Texas/24-008749-003/2024(H5N1)	300	57
PA|PP755594.1|A/cattle/Texas/24-008749-003/2024(H5N1)	301	57
PA|PP755594.1|A/cattle/Texas/24-008749-003/2024(H5N1)	302	57
PA|PP755594.1|A/cattle/Texas/24-008749-003/2024(H5N1)	303	57
PA|PP755594.1|A/cattle/Texas/24-008749-003/2024(H5N1)	304	56
PA|PP755594.1|A/cattle/Texas/24-008749-003/2024(H5N1)	305	56
PA|PP755594.1|A/cattle/Texas/24-008749-003/2024(H5N1)	306	56
PA|PP755594.1|A/cattle/Texas/24-008749-003/2024(H5N1)	307	56
PA|PP755594.1|A/cattle/Texas/24-008749-003/2024(H5N1)	308	56
PA|PP755594.1|A/cattle/Texas/24-008749-003/2024(H5N1)	309	56
PA|PP755594.1|A/cattle/Texas/24-008749-003/2024(H5N1)	310	56
PA|PP755594.1|A/cattle/Texas/24-008749-003/2024(H5N1)	311	56
PA|PP755594.1|A/cattle/Texas/24-008749-003/2024(H5N1)	312	53
PA|PP755594.1|A/cattle/Texas/24-008749-003/2024(H5N1)	313	53
PA|PP755594.1|A/cattle/Texas/24-008749-003/2024(H5N1)	314	53
PA|PP755594.1|A/cattle/Texas/24-008749-003/2024(H5N1)	315	53
PA|PP755594.1|A/cattle/Texas/24-008749-003/2024(H5N1)	316	53
PA|PP755594.1|A/cattle/Texas/24-008749-003/2024(H5N1)	317	53
PA|PP755594.1|A/cattle/Texas/24-008749-003/2024(H5N1)	318	53
PA|PP755594.1|A/cattle/Texas/24-008749-003/2024(H5N1)	319	53
PA|PP755594.1|A/cattle/Texas/24-008749-003/2024(H5N1)	320	53
PA|PP755594.1|A/cattle/Texas/24-008749-003/2024(H5N1)	321	53
PA|PP755594.1|A/cattle/Texas/24-008749-003/2024(H5N1)	322	53
PA|PP755594.1|A/cattle/Texas/24-008749-003/2024(H5N1)	323	53
PA|PP755594.1|A/cattle/Texas/24-008749-003/2024(H5N1)	324	53
PA|PP755594.1|A/cattle/Texas/24-008749-003/2024(H5N1)	325	53
PA|PP755594.1|A/cattle/Texas/24-008749-003/2024(H5N1)	326	53
PA|PP755594.1|A/cattle/Texas/24-008749-003/2024(H5N1)	327	53
PA|PP755594.1|A/cattle/Texas/24-008749-003/2024(H5N1)	328	53
PA|PP755594.1|A/cattle/Texas/24-008749-003/2024(H5N1)	329	53
PA|PP755594.1|A/cattle/Texas/24-008749-003/2024(H5N1)	330	49
PA|PP755594.1|A/cattle/Texas/24-008749-003/2024(H5N1)	331	49
PA|PP755594.1|A/cattle/Texas/24-008749-003/2024(H5N1)	332	51
PA|PP755594.1|A/cattle/Texas/24-008749-003/2024(H5N1)	333	51
PA|PP755594.1|A/cattle/Texas/24-008749-003/2024(H5N1)	334	51
PA|PP755594.1|A/cattle/Texas/24-008749-003/2024(H5N1)	335	53
PA|PP755594.1|A/cattle/Texas/24-008749-003/2024(H5N1)	336	54
PA|PP755594.1|A/cattle/Texas/24-008749-003/2024(H5N1)	337	54
PA|PP755594.1|A/cattle/Texas/24-008749-003/2024(H5N1)	338	55
PA|PP755594.1|A/cattle/Texas/24-008749-003/2024(H5N1)	339	55
PA|PP755594.1|A/cattle/Texas/24-008749-003/2024(H5N1)	340	55
PA|PP755594.1|A/cattle/Texas/24-008749-003/2024(H5N1)	341	55
PA|PP755594.1|A/cattle/Texas/24-008749-003/2024(H5N1)	342	55
PA|PP755594.1|A/cattle/Texas/24-008749-003/2024(H5N1)	343	55
PA|PP755594.1|A/cattle/Texas/24-008749-003/2024(H5N1)	344	55
PA|PP755594.1|A/cattle/Texas/24-008749-003/2024(H5N1)	345	55
PA|PP755594.1|A/cattle/Texas/24-008749-003/2024(H5N1)	346	49
PA|PP755594.1|A/cattle/Texas/24-008749-003/2024(H5N1)	347	49
PA|PP755594.1|A/cattle/Texas/24-008749-003/2024(H5N1)	348	49
PA|PP755594.1|A/cattle/Texas/24-008749-003/2024(H5N1)	349	53
PA|PP755594.1|A/cattle/Texas/24-008749-003/2024(H5N1)	350	53
PA|PP755594.1|A/cattle/Texas/24-008749-003/2024(H5N1)	351	54
PA|PP755594.1|A/cattle/Texas/24-008749-003/2024(H5N1)	352	54
PA|PP755594.1|A/cattle/Texas/24-008749-003/2024(H5N1)	353	54
PA|PP755594.1|A/cattle/Texas/24-008749-003/2024(H5N1)	354	54
PA|PP755594.1|A/cattle/Texas/24-008749-003/2024(H5N1)	355	54
PA|PP755594.1|A/cattle/Texas/24-008749-003/2024(H5N1)	356	54
PA|PP755594.1|A/cattle/Texas/24-008749-003/2024(H5N1)	357	54
PA|PP755594.1|A/cattle/Texas/24-008749-003/2024(H5N1)	358	54
PA|PP755594.1|A/cattle/Texas/24-008749-003/2024(H5N1)	359	54
PA|PP755594.1|A/cattle/Texas/24-008749-003/2024(H5N1)	360	54
PA|PP755594.1|A/cattle/Texas/24-008749-003/2024(H5N1)	361	54
PA|PP755594.1|A/cattle/Texas/24-008749-003/2024(H5N1)	362	52
PA|PP755594.1|A/cattle/Texas/24-008749-003/2024(H5N1)	363	52
PA|PP755594.1|A/cattle/Texas/24-008749-003/2024(H5N1)	364	51
PA|PP755594.1|A/cattle/Texas/24-008749-003/2024(H5N1)	365	51
PA|PP755594.1|A/cattle/Texas/24-008749-003/2024(H5N1)	366	51
PA|PP755594.1|A/cattle/Texas/24-008749-003/2024(H5N1)	367	51
PA|PP755594.1|A/cattle/Texas/24-008749-003/2024(H5N1)	368	51
PA|PP755594.1|A/cattle/Texas/24-008749-003/2024(H5N1)	369	26
PA|PP755594.1|A/cattle/Texas/24-008749-003/2024(H5N1)	370	26
PA|PP755594.1|A/cattle/Texas/24-008749-003/2024(H5N1)	371	26
PA|PP755594.1|A/cattle/Texas/24-008749-003/2024(H5N1)	372	26
PA|PP755594.1|A/cattle/Texas/24-008749-003/2024(H5N1)	373	26
PA|PP755594.1|A/cattle/Texas/24-008749-003/2024(H5N1)	374	26
PA|PP755594.1|A/cattle/Texas/24-008749-003/2024(H5N1)	375	26
PA|PP755594.1|A/cattle/Texas/24-008749-003/2024(H5N1)	376	26
PA|PP755594.1|A/cattle/Texas/24-008749-003/2024(H5N1)	377	26
PA|PP755594.1|A/cattle/Texas/24-008749-003/2024(H5N1)	378	26
PA|PP755594.1|A/cattle/Texas/24-008749-003/2024(H5N1)	379	27
PA|PP755594.1|A/cattle/Texas/24-008749-003/2024(H5N1)	380	27
PA|PP755594.1|A/cattle/Texas/24-008749-003/2024(H5N1)	381	27
PA|PP755594.1|A/cattle/Texas/24-008749-003/2024(H5N1)	382	29
PA|PP755594.1|A/cattle/Texas/24-008749-003/2024(H5N1)	383	29
PA|PP755594.1|A/cattle/Texas/24-008749-003/2024(H5N1)	384	29
PA|PP755594.1|A/cattle/Texas/24-008749-003/2024(H5N1)	385	39
PA|PP755594.1|A/cattle/Texas/24-008749-003/2024(H5N1)	386	39
PA|PP755594.1|A/cattle/Texas/24-008749-003/2024(H5N1)	387	39
PA|PP755594.1|A/cattle/Texas/24-008749-003/2024(H5N1)	388	41
PA|PP755594.1|A/cattle/Texas/24-008749-003/2024(H5N1)	389	41
PA|PP755594.1|A/cattle/Texas/24-008749-003/2024(H5N1)	390	41
PA|PP755594.1|A/cattle/Texas/24-008749-003/2024(H5N1)	391	41
PA|PP755594.1|A/cattle/Texas/24-008749-003/2024(H5N1)	392	41
PA|PP755594.1|A/cattle/Texas/24-008749-003/2024(H5N1)	393	43
PA|PP755594.1|A/cattle/Texas/24-008749-003/2024(H5N1)	394	43
PA|PP755594.1|A/cattle/Texas/24-008749-003/2024(H5N1)	395	43
PA|PP755594.1|A/cattle/Texas/24-008749-003/2024(H5N1)	396	43
PA|PP755594.1|A/cattle/Texas/24-008749-003/2024(H5N1)	397	44
PA|PP755594.1|A/cattle/Texas/24-008749-003/2024(H5N1)	398	44
PA|PP755594.1|A/cattle/Texas/24-008749-003/2024(H5N1)	399	44
PA|PP755594.1|A/cattle/Texas/24-008749-003/2024(H5N1)	400	44
PA|PP755594.1|A/cattle/Texas/24-008749-003/2024(H5N1)	401	44
PA|PP755594.1|A/cattle/Texas/24-008749-003/2024(H5N1)	402	44
PA|PP755594.1|A/cattle/Texas/24-008749-003/2024(H5N1)	403	44
PA|PP755594.1|A/cattle/Texas/24-008749-003/2024(H5N1)	404	46
PA|PP755594.1|A/cattle/Texas/24-008749-003/2024(H5N1)	405	46
PA|PP755594.1|A/cattle/Texas/24-008749-003/2024(H5N1)	406	46
PA|PP755594.1|A/cattle/Texas/24-008749-003/2024(H5N1)	407	46
PA|PP755594.1|A/cattle/Texas/24-008749-003/2024(H5N1)	408	46
PA|PP755594.1|A/cattle/Texas/24-008749-003/2024(H5N1)	409	47
PA|PP755594.1|A/cattle/Texas/24-008749-003/2024(H5N1)	410	47
PA|PP755594.1|A/cattle/Texas/24-008749-003/2024(H5N1)	411	47
PA|PP755594.1|A/cattle/Texas/24-008749-003/2024(H5N1)	412	47
PA|PP755594.1|A/cattle/Texas/24-008749-003/2024(H5N1)	413	47
PA|PP755594.1|A/cattle/Texas/24-008749-003/2024(H5N1)	414	44
PA|PP755594.1|A/cattle/Texas/24-008749-003/2024(H5N1)	415	44
PA|PP755594.1|A/cattle/Texas/24-008749-003/2024(H5N1)	416	44
PA|PP755594.1|A/cattle/Texas/24-008749-003/2024(H5N1)	417	38
PA|PP755594.1|A/cattle/Texas/24-008749-003/2024(H5N1)	418	38
PA|PP755594.1|A/cattle/Texas/24-008749-003/2024(H5N1)	419	37
PA|PP755594.1|A/cattle/Texas/24-008749-003/2024(H5N1)	420	36
PA|PP755594.1|A/cattle/Texas/24-008749-003/2024(H5N1)	421	36
PA|PP755594.1|A/cattle/Texas/24-008749-003/2024(H5N1)	422	36
PA|PP755594.1|A/cattle/Texas/24-008749-003/2024(H5N1)	423	36
PA|PP755594.1|A/cattle/Texas/24-008749-003/2024(H5N1)	424	36
PA|PP755594.1|A/cattle/Texas/24-008749-003/2024(H5N1)	425	33
PA|PP755594.1|A/cattle/Texas/24-008749-003/2024(H5N1)	426	33
PA|PP755594.1|A/cattle/Texas/24-008749-003/2024(H5N1)	427	33
PA|PP755594.1|A/cattle/Texas/24-008749-003/2024(H5N1)	428	32
PA|PP755594.1|A/cattle/Texas/24-008749-003/2024(H5N1)	429	32
PA|PP755594.1|A/cattle/Texas/24-008749-003/2024(H5N1)	430	32
PA|PP755594.1|A/cattle/Texas/24-008749-003/2024(H5N1)	431	32
PA|PP755594.1|A/cattle/Texas/24-008749-003/2024(H5N1)	432	30
PA|PP755594.1|A/cattle/Texas/24-008749-003/2024(H5N1)	433	30
PA|PP755594.1|A/cattle/Texas/24-008749-003/2024(H5N1)	434	30
PA|PP755594.1|A/cattle/Texas/24-008749-003/2024(H5N1)	435	29
PA|PP755594.1|A/cattle/Texas/24-008749-003/2024(H5N1)	436	29
PA|PP755594.1|A/cattle/Texas/24-008749-003/2024(H5N1)	437	29
PA|PP755594.1|A/cattle/Texas/24-008749-003/2024(H5N1)	438	29
PA|PP755594.1|A/cattle/Texas/24-008749-003/2024(H5N1)	439	29
PA|PP755594.1|A/cattle/Texas/24-008749-003/2024(H5N1)	440	29
PA|PP755594.1|A/cattle/Texas/24-008749-003/2024(H5N1)	441	29
PA|PP755594.1|A/cattle/Texas/24-008749-003/2024(H5N1)	442	29
PA|PP755594.1|A/cattle/Texas/24-008749-003/2024(H5N1)	443	29
PA|PP755594.1|A/cattle/Texas/24-008749-003/2024(H5N1)	444	29
PA|PP755594.1|A/cattle/Texas/24-008749-003/2024(H5N1)	445	42
PA|PP755594.1|A/cattle/Texas/24-008749-003/2024(H5N1)	446	42
PA|PP755594.1|A/cattle/Texas/24-008749-003/2024(H5N1)	447	42
PA|PP755594.1|A/cattle/Texas/24-008749-003/2024(H5N1)	448	42
PA|PP755594.1|A/cattle/Texas/24-008749-003/2024(H5N1)	449	42
PA|PP755594.1|A/cattle/Texas/24-008749-003/2024(H5N1)	450	42
PA|PP755594.1|A/cattle/Texas/24-008749-003/2024(H5N1)	451	42
PA|PP755594.1|A/cattle/Texas/24-008749-003/2024(H5N1)	452	42
PA|PP755594.1|A/cattle/Texas/24-008749-003/2024(H5N1)	453	42
PA|PP755594.1|A/cattle/Texas/24-008749-003/2024(H5N1)	454	42
PA|PP755594.1|A/cattle/Texas/24-008749-003/2024(H5N1)	455	42
PA|PP755594.1|A/cattle/Texas/24-008749-003/2024(H5N1)	456	42
PA|PP755594.1|A/cattle/Texas/24-008749-003/2024(H5N1)	457	42
PA|PP755594.1|A/cattle/Texas/24-008749-003/2024(H5N1)	458	42
PA|PP755594.1|A/cattle/Texas/24-008749-003/2024(H5N1)	459	42
PA|PP755594.1|A/cattle/Texas/24-008749-003/2024(H5N1)	460	42
PA|PP755594.1|A/cattle/Texas/24-008749-003/2024(H5N1)	461	42
PA|PP755594.1|A/cattle/Texas/24-008749-003/2024(H5N1)	462	42
PA|PP755594.1|A/cattle/Texas/24-008749-003/2024(H5N1)	463	42
PA|PP755594.1|A/cattle/Texas/24-008749-003/2024(H5N1)	464	42
PA|PP755594.1|A/cattle/Texas/24-008749-003/2024(H5N1)	465	42
PA|PP755594.1|A/cattle/Texas/24-008749-003/2024(H5N1)	466	42
PA|PP755594.1|A/cattle/Texas/24-008749-003/2024(H5N1)	467	42
PA|PP755594.1|A/cattle/Texas/24-008749-003/2024(H5N1)	468	38
PA|PP755594.1|A/cattle/Texas/24-008749-003/2024(H5N1)	469	38
PA|PP755594.1|A/cattle/Texas/24-008749-003/2024(H5N1)	470	38
PA|PP755594.1|A/cattle/Texas/24-008749-003/2024(H5N1)	471	38
PA|PP755594.1|A/cattle/Texas/24-008749-003/2024(H5N1)	472	38
PA|PP755594.1|A/cattle/Texas/24-008749-003/2024(H5N1)	473	38
PA|PP755594.1|A/cattle/Texas/24-008749-003/2024(H5N1)	474	38
PA|PP755594.1|A/cattle/Texas/24-008749-003/2024(H5N1)	475	38
PA|PP755594.1|A/cattle/Texas/24-008749-003/2024(H5N1)	476	38
PA|PP755594.1|A/cattle/Texas/24-008749-003/2024(H5N1)	477	38
PA|PP755594.1|A/cattle/Texas/24-008749-003/2024(H5N1)	478	45
PA|PP755594.1|A/cattle/Texas/24-008749-003/2024(H5N1)	479	46
PA|PP755594.1|A/cattle/Texas/24-008749-003/2024(H5N1)	480	46
PA|PP755594.1|A/cattle/Texas/24-008749-003/2024(H5N1)	481	46
PA|PP755594.1|A/cattle/Texas/24-008749-003/2024(H5N1)	482	46
PA|PP755594.1|A/cattle/Texas/24-008749-003/2024(H5N1)	483	46
PA|PP755594.1|A/cattle/Texas/24-008749-003/2024(H5N1)	484	46
PA|PP755594.1|A/cattle/Texas/24-008749-003/2024(H5N1)	485	47
PA|PP755594.1|A/cattle/Texas/24-008749-003/2024(H5N1)	486	48
PA|PP755594.1|A/cattle/Texas/24-008749-003/2024(H5N1)	487	47
PA|PP755594.1|A/cattle/Texas/24-008749-003/2024(H5N1)	488	47
PA|PP755594.1|A/cattle/Texas/24-008749-003/2024(H5N1)	489	46
PA|PP755594.1|A/cattle/Texas/24-008749-003/2024(H5N1)	490	47
PA|PP755594.1|A/cattle/Texas/24-008749-003/2024(H5N1)	491	48
PA|PP755594.1|A/cattle/Texas/24-008749-003/2024(H5N1)	492	48
PA|PP755594.1|A/cattle/Texas/24-008749-003/2024(H5N1)	493	48
PA|PP755594.1|A/cattle/Texas/24-008749-003/2024(H5N1)	494	48
PA|PP755594.1|A/cattle/Texas/24-008749-003/2024(H5N1)	495	48
PA|PP755594.1|A/cattle/Texas/24-008749-003/2024(H5N1)	496	48
PA|PP755594.1|A/cattle/Texas/24-008749-003/2024(H5N1)	497	48
PA|PP755594.1|A/cattle/Texas/24-008749-003/2024(H5N1)	498	40
PA|PP755594.1|A/cattle/Texas/24-008749-003/2024(H5N1)	499	40
PA|PP755594.1|A/cattle/Texas/24-008749-003/2024(H5N1)	500	40
PA|PP755594.1|A/cattle/Texas/24-008749-003/2024(H5N1)	501	40
PA|PP755594.1|A/cattle/Texas/24-008749-003/2024(H5N1)	502	40
PA|PP755594.1|A/cattle/Texas/24-008749-003/2024(H5N1)	503	40
PA|PP755594.1|A/cattle/Texas/24-008749-003/2024(H5N1)	504	40
PA|PP755594.1|A/cattle/Texas/24-008749-003/2024(H5N1)	505	40
PA|PP755594.1|A/cattle/Texas/24-008749-003/2024(H5N1)	506	40
PA|PP755594.1|A/cattle/Texas/24-008749-003/2024(H5N1)	507	40
PA|PP755594.1|A/cattle/Texas/24-008749-003/2024(H5N1)	508	40
PA|PP755594.1|A/cattle/Texas/24-008749-003/2024(H5N1)	509	40
PA|PP755594.1|A/cattle/Texas/24-008749-003/2024(H5N1)	510	40
PA|PP755594.1|A/cattle/Texas/24-008749-003/2024(H5N1)	511	40
PA|PP755594.1|A/cattle/Texas/24-008749-003/2024(H5N1)	512	40
PA|PP755594.1|A/cattle/Texas/24-008749-003/2024(H5N1)	513	40
PA|PP755594.1|A/cattle/Texas/24-008749-003/2024(H5N1)	514	41
PA|PP755594.1|A/cattle/Texas/24-008749-003/2024(H5N1)	515	43
PA|PP755594.1|A/cattle/Texas/24-008749-003/2024(H5N1)	516	43
PA|PP755594.1|A/cattle/Texas/24-008749-003/2024(H5N1)	517	43
PA|PP755594.1|A/cattle/Texas/24-008749-003/2024(H5N1)	518	43
PA|PP755594.1|A/cattle/Texas/24-008749-003/2024(H5N1)	519	42
PA|PP755594.1|A/cattle/Texas/24-008749-003/2024(H5N1)	520	42
PA|PP755594.1|A/cattle/Texas/24-008749-003/2024(H5N1)	521	42
PA|PP755594.1|A/cattle/Texas/24-008749-003/2024(H5N1)	522	43
PA|PP755594.1|A/cattle/Texas/24-008749-003/2024(H5N1)	523	42
PA|PP755594.1|A/cattle/Texas/24-008749-003/2024(H5N1)	524	40
PA|PP755594.1|A/cattle/Texas/24-008749-003/2024(H5N1)	525	41
PA|PP755594.1|A/cattle/Texas/24-008749-003/2024(H5N1)	526	42
PA|PP755594.1|A/cattle/Texas/24-008749-003/2024(H5N1)	527	42
PA|PP755594.1|A/cattle/Texas/24-008749-003/2024(H5N1)	528	41
PA|PP755594.1|A/cattle/Texas/24-008749-003/2024(H5N1)	529	41
PA|PP755594.1|A/cattle/Texas/24-008749-003/2024(H5N1)	530	45
PA|PP755594.1|A/cattle/Texas/24-008749-003/2024(H5N1)	531	45
PA|PP755594.1|A/cattle/Texas/24-008749-003/2024(H5N1)	532	45
PA|PP755594.1|A/cattle/Texas/24-008749-003/2024(H5N1)	533	46
PA|PP755594.1|A/cattle/Texas/24-008749-003/2024(H5N1)	534	46
PA|PP755594.1|A/cattle/Texas/24-008749-003/2024(H5N1)	535	47
PA|PP755594.1|A/cattle/Texas/24-008749-003/2024(H5N1)	536	50
PA|PP755594.1|A/cattle/Texas/24-008749-003/2024(H5N1)	537	50
PA|PP755594.1|A/cattle/Texas/24-008749-003/2024(H5N1)	538	50
PA|PP755594.1|A/cattle/Texas/24-008749-003/2024(H5N1)	539	48
PA|PP755594.1|A/cattle/Texas/24-008749-003/2024(H5N1)	540	49
PA|PP755594.1|A/cattle/Texas/24-008749-003/2024(H5N1)	541	49
PA|PP755594.1|A/cattle/Texas/24-008749-003/2024(H5N1)	542	49
PA|PP755594.1|A/cattle/Texas/24-008749-003/2024(H5N1)	543	49
PA|PP755594.1|A/cattle/Texas/24-008749-003/2024(H5N1)	544	48
PA|PP755594.1|A/cattle/Texas/24-008749-003/2024(H5N1)	545	48
PA|PP755594.1|A/cattle/Texas/24-008749-003/2024(H5N1)	546	49
PA|PP755594.1|A/cattle/Texas/24-008749-003/2024(H5N1)	547	49
PA|PP755594.1|A/cattle/Texas/24-008749-003/2024(H5N1)	548	48
PA|PP755594.1|A/cattle/Texas/24-008749-003/2024(H5N1)	549	48
PA|PP755594.1|A/cattle/Texas/24-008749-003/2024(H5N1)	550	48
PA|PP755594.1|A/cattle/Texas/24-008749-003/2024(H5N1)	551	52
PA|PP755594.1|A/cattle/Texas/24-008749-003/2024(H5N1)	552	52
PA|PP755594.1|A/cattle/Texas/24-008749-003/2024(H5N1)	553	52
PA|PP755594.1|A/cattle/Texas/24-008749-003/2024(H5N1)	554	52
PA|PP755594.1|A/cattle/Texas/24-008749-003/2024(H5N1)	555	47
PA|PP755594.1|A/cattle/Texas/24-008749-003/2024(H5N1)	556	47
PA|PP755594.1|A/cattle/Texas/24-008749-003/2024(H5N1)	557	47
PA|PP755594.1|A/cattle/Texas/24-008749-003/2024(H5N1)	558	47
PA|PP755594.1|A/cattle/Texas/24-008749-003/2024(H5N1)	559	48
PA|PP755594.1|A/cattle/Texas/24-008749-003/2024(H5N1)	560	48
PA|PP755594.1|A/cattle/Texas/24-008749-003/2024(H5N1)	561	49
PA|PP755594.1|A/cattle/Texas/24-008749-003/2024(H5N1)	562	57
PA|PP755594.1|A/cattle/Texas/24-008749-003/2024(H5N1)	563	57
PA|PP755594.1|A/cattle/Texas/24-008749-003/2024(H5N1)	564	57
PA|PP755594.1|A/cattle/Texas/24-008749-003/2024(H5N1)	565	57
PA|PP755594.1|A/cattle/Texas/24-008749-003/2024(H5N1)	566	57
PA|PP755594.1|A/cattle/Texas/24-008749-003/2024(H5N1)	567	55
PA|PP755594.1|A/cattle/Texas/24-008749-003/2024(H5N1)	568	55
PA|PP755594.1|A/cattle/Texas/24-008749-003/2024(H5N1)	569	56
PA|PP755594.1|A/cattle/Texas/24-008749-003/2024(H5N1)	570	60
PA|PP755594.1|A/cattle/Texas/24-008749-003/2024(H5N1)	571	60
PA|PP755594.1|A/cattle/Texas/24-008749-003/2024(H5N1)	572	59
PA|PP755594.1|A/cattle/Texas/24-008749-003/2024(H5N1)	573	59
PA|PP755594.1|A/cattle/Texas/24-008749-003/2024(H5N1)	574	59
PA|PP755594.1|A/cattle/Texas/24-008749-003/2024(H5N1)	575	59
PA|PP755594.1|A/cattle/Texas/24-008749-003/2024(H5N1)	576	59
PA|PP755594.1|A/cattle/Texas/24-008749-003/2024(H5N1)	577	59
PA|PP755594.1|A/cattle/Texas/24-008749-003/2024(H5N1)	578	56
PA|PP755594.1|A/cattle/Texas/24-008749-003/2024(H5N1)	579	60
PA|PP755594.1|A/cattle/Texas/24-008749-003/2024(H5N1)	580	62
PA|PP755594.1|A/cattle/Texas/24-008749-003/2024(H5N1)	581	63
PA|PP755594.1|A/cattle/Texas/24-008749-003/2024(H5N1)	582	60
PA|PP755594.1|A/cattle/Texas/24-008749-003/2024(H5N1)	583	60
PA|PP755594.1|A/cattle/Texas/24-008749-003/2024(H5N1)	584	60
PA|PP755594.1|A/cattle/Texas/24-008749-003/2024(H5N1)	585	60
PA|PP755594.1|A/cattle/Texas/24-008749-003/2024(H5N1)	586	60
PA|PP755594.1|A/cattle/Texas/24-008749-003/2024(H5N1)	587	61
PA|PP755594.1|A/cattle/Texas/24-008749-003/2024(H5N1)	588	60
PA|PP755594.1|A/cattle/Texas/24-008749-003/2024(H5N1)	589	60
PA|PP755594.1|A/cattle/Texas/24-008749-003/2024(H5N1)	590	60
PA|PP755594.1|A/cattle/Texas/24-008749-003/2024(H5N1)	591	60
PA|PP755594.1|A/cattle/Texas/24-008749-003/2024(H5N1)	592	60
PA|PP755594.1|A/cattle/Texas/24-008749-003/2024(H5N1)	593	60
PA|PP755594.1|A/cattle/Texas/24-008749-003/2024(H5N1)	594	60
PA|PP755594.1|A/cattle/Texas/24-008749-003/2024(H5N1)	595	60
PA|PP755594.1|A/cattle/Texas/24-008749-003/2024(H5N1)	596	60
PA|PP755594.1|A/cattle/Texas/24-008749-003/2024(H5N1)	597	60
PA|PP755594.1|A/cattle/Texas/24-008749-003/2024(H5N1)	598	61
PA|PP755594.1|A/cattle/Texas/24-008749-003/2024(H5N1)	599	61
PA|PP755594.1|A/cattle/Texas/24-008749-003/2024(H5N1)	600	61
PA|PP755594.1|A/cattle/Texas/24-008749-003/2024(H5N1)	601	63
PA|PP755594.1|A/cattle/Texas/24-008749-003/2024(H5N1)	602	63
PA|PP755594.1|A/cattle/Texas/24-008749-003/2024(H5N1)	603	63
PA|PP755594.1|A/cattle/Texas/24-008749-003/2024(H5N1)	604	63
PA|PP755594.1|A/cattle/Texas/24-008749-003/2024(H5N1)	605	64
PA|PP755594.1|A/cattle/Texas/24-008749-003/2024(H5N1)	606	64
PA|PP755594.1|A/cattle/Texas/24-008749-003/2024(H5N1)	607	64
PA|PP755594.1|A/cattle/Texas/24-008749-003/2024(H5N1)	608	64
PA|PP755594.1|A/cattle/Texas/24-008749-003/2024(H5N1)	609	64
PA|PP755594.1|A/cattle/Texas/24-008749-003/2024(H5N1)	610	65
PA|PP755594.1|A/cattle/Texas/24-008749-003/2024(H5N1)	611	66
PA|PP755594.1|A/cattle/Texas/24-008749-003/2024(H5N1)	612	66
PA|PP755594.1|A/cattle/Texas/24-008749-003/2024(H5N1)	613	67
PA|PP755594.1|A/cattle/Texas/24-008749-003/2024(H5N1)	614	67
PA|PP755594.1|A/cattle/Texas/24-008749-003/2024(H5N1)	615	67
PA|PP755594.1|A/cattle/Texas/24-008749-003/2024(H5N1)	616	67
PA|PP755594.1|A/cattle/Texas/24-008749-003/2024(H5N1)	617	67
PA|PP755594.1|A/cattle/Texas/24-008749-003/2024(H5N1)	618	67
PA|PP755594.1|A/cattle/Texas/24-008749-003/2024(H5N1)	619	67
PA|PP755594.1|A/cattle/Texas/24-008749-003/2024(H5N1)	620	70
PA|PP755594.1|A/cattle/Texas/24-008749-003/2024(H5N1)	621	71
PA|PP755594.1|A/cattle/Texas/24-008749-003/2024(H5N1)	622	71
PA|PP755594.1|A/cattle/Texas/24-008749-003/2024(H5N1)	623	72
PA|PP755594.1|A/cattle/Texas/24-008749-003/2024(H5N1)	624	72
PA|PP755594.1|A/cattle/Texas/24-008749-003/2024(H5N1)	625	72
PA|PP755594.1|A/cattle/Texas/24-008749-003/2024(H5N1)	626	73
PA|PP755594.1|A/cattle/Texas/24-008749-003/2024(H5N1)	627	73
PA|PP755594.1|A/cattle/Texas/24-008749-003/2024(H5N1)	628	74
PA|PP755594.1|A/cattle/Texas/24-008749-003/2024(H5N1)	629	70
PA|PP755594.1|A/cattle/Texas/24-008749-003/2024(H5N1)	630	69
PA|PP755594.1|A/cattle/Texas/24-008749-003/2024(H5N1)	631	69
PA|PP755594.1|A/cattle/Texas/24-008749-003/2024(H5N1)	632	69
PA|PP755594.1|A/cattle/Texas/24-008749-003/2024(H5N1)	633	70
PA|PP755594.1|A/cattle/Texas/24-008749-003/2024(H5N1)	634	70
PA|PP755594.1|A/cattle/Texas/24-008749-003/2024(H5N1)	635	70
PA|PP755594.1|A/cattle/Texas/24-008749-003/2024(H5N1)	636	69
PA|PP755594.1|A/cattle/Texas/24-008749-003/2024(H5N1)	637	67
PA|PP755594.1|A/cattle/Texas/24-008749-003/2024(H5N1)	638	67
PA|PP755594.1|A/cattle/Texas/24-008749-003/2024(H5N1)	639	69
PA|PP755594.1|A/cattle/Texas/24-008749-003/2024(H5N1)	640	68
PA|PP755594.1|A/cattle/Texas/24-008749-003/2024(H5N1)	641	68
PA|PP755594.1|A/cattle/Texas/24-008749-003/2024(H5N1)	642	67
PA|PP755594.1|A/cattle/Texas/24-008749-003/2024(H5N1)	643	67
PA|PP755594.1|A/cattle/Texas/24-008749-003/2024(H5N1)	644	70
PA|PP755594.1|A/cattle/Texas/24-008749-003/2024(H5N1)	645	69
PA|PP755594.1|A/cattle/Texas/24-008749-003/2024(H5N1)	646	69
PA|PP755594.1|A/cattle/Texas/24-008749-003/2024(H5N1)	647	69
PA|PP755594.1|A/cattle/Texas/24-008749-003/2024(H5N1)	648	71
PA|PP755594.1|A/cattle/Texas/24-008749-003/2024(H5N1)	649	73
PA|PP755594.1|A/cattle/Texas/24-008749-003/2024(H5N1)	650	73
PA|PP755594.1|A/cattle/Texas/24-008749-003/2024(H5N1)	651	73
PA|PP755594.1|A/cattle/Texas/24-008749-003/2024(H5N1)	652	73
PA|PP755594.1|A/cattle/Texas/24-008749-003/2024(H5N1)	653	73
PA|PP755594.1|A/cattle/Texas/24-008749-003/2024(H5N1)	654	73
PA|PP755594.1|A/cattle/Texas/24-008749-003/2024(H5N1)	655	73
PA|PP755594.1|A/cattle/Texas/24-008749-003/2024(H5N1)	656	73
PA|PP755594.1|A/cattle/Texas/24-008749-003/2024(H5N1)	657	74
PA|PP755594.1|A/cattle/Texas/24-008749-003/2024(H5N1)	658	77
PA|PP755594.1|A/cattle/Texas/24-008749-003/2024(H5N1)	659	77
PA|PP755594.1|A/cattle/Texas/24-008749-003/2024(H5N1)	660	77
PA|PP755594.1|A/cattle/Texas/24-008749-003/2024(H5N1)	661	77
PA|PP755594.1|A/cattle/Texas/24-008749-003/2024(H5N1)	662	77
PA|PP755594.1|A/cattle/Texas/24-008749-003/2024(H5N1)	663	77
PA|PP755594.1|A/cattle/Texas/24-008749-003/2024(H5N1)	664	77
PA|PP755594.1|A/cattle/Texas/24-008749-003/2024(H5N1)	665	78
PA|PP755594.1|A/cattle/Texas/24-008749-003/2024(H5N1)	666	76
PA|PP755594.1|A/cattle/Texas/24-008749-003/2024(H5N1)	667	76
PA|PP755594.1|A/cattle/Texas/24-008749-003/2024(H5N1)	668	78
PA|PP755594.1|A/cattle/Texas/24-008749-003/2024(H5N1)	669	78
PA|PP755594.1|A/cattle/Texas/24-008749-003/2024(H5N1)	670	78
PA|PP755594.1|A/cattle/Texas/24-008749-003/2024(H5N1)	671	79
PA|PP755594.1|A/cattle/Texas/24-008749-003/2024(H5N1)	672	79
PA|PP755594.1|A/cattle/Texas/24-008749-003/2024(H5N1)	673	78
PA|PP755594.1|A/cattle/Texas/24-008749-003/2024(H5N1)	674	78
PA|PP755594.1|A/cattle/Texas/24-008749-003/2024(H5N1)	675	78
PA|PP755594.1|A/cattle/Texas/24-008749-003/2024(H5N1)	676	81
PA|PP755594.1|A/cattle/Texas/24-008749-003/2024(H5N1)	677	80
PA|PP755594.1|A/cattle/Texas/24-008749-003/2024(H5N1)	678	80
PA|PP755594.1|A/cattle/Texas/24-008749-003/2024(H5N1)	679	80
PA|PP755594.1|A/cattle/Texas/24-008749-003/2024(H5N1)	680	85
PA|PP755594.1|A/cattle/Texas/24-008749-003/2024(H5N1)	681	80
PA|PP755594.1|A/cattle/Texas/24-008749-003/2024(H5N1)	682	80
PA|PP755594.1|A/cattle/Texas/24-008749-003/2024(H5N1)	683	80
PA|PP755594.1|A/cattle/Texas/24-008749-003/2024(H5N1)	684	82
PA|PP755594.1|A/cattle/Texas/24-008749-003/2024(H5N1)	685	85
PA|PP755594.1|A/cattle/Texas/24-008749-003/2024(H5N1)	686	85
PA|PP755594.1|A/cattle/Texas/24-008749-003/2024(H5N1)	687	82
PA|PP755594.1|A/cattle/Texas/24-008749-003/2024(H5N1)	688	82
PA|PP755594.1|A/cattle/Texas/24-008749-003/2024(H5N1)	689	82
PA|PP755594.1|A/cattle/Texas/24-008749-003/2024(H5N1)	690	82
PA|PP755594.1|A/cattle/Texas/24-008749-003/2024(H5N1)	691	81
PA|PP755594.1|A/cattle/Texas/24-008749-003/2024(H5N1)	692	81
PA|PP755594.1|A/cattle/Texas/24-008749-003/2024(H5N1)	693	80
PA|PP755594.1|A/cattle/Texas/24-008749-003/2024(H5N1)	694	80
PA|PP755594.1|A/cattle/Texas/24-008749-003/2024(H5N1)	695	80
PA|PP755594.1|A/cattle/Texas/24-008749-003/2024(H5N1)	696	80
PA|PP755594.1|A/cattle/Texas/24-008749-003/2024(H5N1)	697	80
PA|PP755594.1|A/cattle/Texas/24-008749-003/2024(H5N1)	698	80
PA|PP755594.1|A/cattle/Texas/24-008749-003/2024(H5N1)	699	80
PA|PP755594.1|A/cattle/Texas/24-008749-003/2024(H5N1)	700	78
PA|PP755594.1|A/cattle/Texas/24-008749-003/2024(H5N1)	701	78
PA|PP755594.1|A/cattle/Texas/24-008749-003/2024(H5N1)	702	74
PA|PP755594.1|A/cattle/Texas/24-008749-003/2024(H5N1)	703	74
PA|PP755594.1|A/cattle/Texas/24-008749-003/2024(H5N1)	704	72
PA|PP755594.1|A/cattle/Texas/24-008749-003/2024(H5N1)	705	73
PA|PP755594.1|A/cattle/Texas/24-008749-003/2024(H5N1)	706	73
PA|PP755594.1|A/cattle/Texas/24-008749-003/2024(H5N1)	707	73
PA|PP755594.1|A/cattle/Texas/24-008749-003/2024(H5N1)	708	73
PA|PP755594.1|A/cattle/Texas/24-008749-003/2024(H5N1)	709	73
PA|PP755594.1|A/cattle/Texas/24-008749-003/2024(H5N1)	710	72
PA|PP755594.1|A/cattle/Texas/24-008749-003/2024(H5N1)	711	72
PA|PP755594.1|A/cattle/Texas/24-008749-003/2024(H5N1)	712	71
PA|PP755594.1|A/cattle/Texas/24-008749-003/2024(H5N1)	713	69
PA|PP755594.1|A/cattle/Texas/24-008749-003/2024(H5N1)	714	69
PA|PP755594.1|A/cattle/Texas/24-008749-003/2024(H5N1)	715	69
PA|PP755594.1|A/cattle/Texas/24-008749-003/2024(H5N1)	716	69
PA|PP755594.1|A/cattle/Texas/24-008749-003/2024(H5N1)	717	72
PA|PP755594.1|A/cattle/Texas/24-008749-003/2024(H5N1)	718	73
PA|PP755594.1|A/cattle/Texas/24-008749-003/2024(H5N1)	719	76
PA|PP755594.1|A/cattle/Texas/24-008749-003/2024(H5N1)	720	76
PA|PP755594.1|A/cattle/Texas/24-008749-003/2024(H5N1)	721	71
PA|PP755594.1|A/cattle/Texas/24-008749-003/2024(H5N1)	722	72
PA|PP755594.1|A/cattle/Texas/24-008749-003/2024(H5N1)	723	72
PA|PP755594.1|A/cattle/Texas/24-008749-003/2024(H5N1)	724	73
PA|PP755594.1|A/cattle/Texas/24-008749-003/2024(H5N1)	725	73
PA|PP755594.1|A/cattle/Texas/24-008749-003/2024(H5N1)	726	73
PA|PP755594.1|A/cattle/Texas/24-008749-003/2024(H5N1)	727	73
PA|PP755594.1|A/cattle/Texas/24-008749-003/2024(H5N1)	728	71
PA|PP755594.1|A/cattle/Texas/24-008749-003/2024(H5N1)	729	72
PA|PP755594.1|A/cattle/Texas/24-008749-003/2024(H5N1)	730	68
PA|PP755594.1|A/cattle/Texas/24-008749-003/2024(H5N1)	731	70
PA|PP755594.1|A/cattle/Texas/24-008749-003/2024(H5N1)	732	69
PA|PP755594.1|A/cattle/Texas/24-008749-003/2024(H5N1)	733	69
PA|PP755594.1|A/cattle/Texas/24-008749-003/2024(H5N1)	734	69
PA|PP755594.1|A/cattle/Texas/24-008749-003/2024(H5N1)	735	69
PA|PP755594.1|A/cattle/Texas/24-008749-003/2024(H5N1)	736	68
PA|PP755594.1|A/cattle/Texas/24-008749-003/2024(H5N1)	737	68
PA|PP755594.1|A/cattle/Texas/24-008749-003/2024(H5N1)	738	68
PA|PP755594.1|A/cattle/Texas/24-008749-003/2024(H5N1)	739	68
PA|PP755594.1|A/cattle/Texas/24-008749-003/2024(H5N1)	740	68
PA|PP755594.1|A/cattle/Texas/24-008749-003/2024(H5N1)	741	68
PA|PP755594.1|A/cattle/Texas/24-008749-003/2024(H5N1)	742	68
PA|PP755594.1|A/cattle/Texas/24-008749-003/2024(H5N1)	743	68
PA|PP755594.1|A/cattle/Texas/24-008749-003/2024(H5N1)	744	68
PA|PP755594.1|A/cattle/Texas/24-008749-003/2024(H5N1)	745	68
PA|PP755594.1|A/cattle/Texas/24-008749-003/2024(H5N1)	746	68
PA|PP755594.1|A/cattle/Texas/24-008749-003/2024(H5N1)	747	66
PA|PP755594.1|A/cattle/Texas/24-008749-003/2024(H5N1)	748	65
PA|PP755594.1|A/cattle/Texas/24-008749-003/2024(H5N1)	749	65
PA|PP755594.1|A/cattle/Texas/24-008749-003/2024(H5N1)	750	65
PA|PP755594.1|A/cattle/Texas/24-008749-003/2024(H5N1)	751	65
PA|PP755594.1|A/cattle/Texas/24-008749-003/2024(H5N1)	752	64
PA|PP755594.1|A/cattle/Texas/24-008749-003/2024(H5N1)	753	64
PA|PP755594.1|A/cattle/Texas/24-008749-003/2024(H5N1)	754	64
PA|PP755594.1|A/cattle/Texas/24-008749-003/2024(H5N1)	755	64
PA|PP755594.1|A/cattle/Texas/24-008749-003/2024(H5N1)	756	56
PA|PP755594.1|A/cattle/Texas/24-008749-003/2024(H5N1)	757	56
PA|PP755594.1|A/cattle/Texas/24-008749-003/2024(H5N1)	758	56
PA|PP755594.1|A/cattle/Texas/24-008749-003/2024(H5N1)	759	56
PA|PP755594.1|A/cattle/Texas/24-008749-003/2024(H5N1)	760	60
PA|PP755594.1|A/cattle/Texas/24-008749-003/2024(H5N1)	761	60
PA|PP755594.1|A/cattle/Texas/24-008749-003/2024(H5N1)	762	59
PA|PP755594.1|A/cattle/Texas/24-008749-003/2024(H5N1)	763	59
PA|PP755594.1|A/cattle/Texas/24-008749-003/2024(H5N1)	764	59
PA|PP755594.1|A/cattle/Texas/24-008749-003/2024(H5N1)	765	66
PA|PP755594.1|A/cattle/Texas/24-008749-003/2024(H5N1)	766	74
PA|PP755594.1|A/cattle/Texas/24-008749-003/2024(H5N1)	767	74
PA|PP755594.1|A/cattle/Texas/24-008749-003/2024(H5N1)	768	74
PA|PP755594.1|A/cattle/Texas/24-008749-003/2024(H5N1)	769	74
PA|PP755594.1|A/cattle/Texas/24-008749-003/2024(H5N1)	770	74
PA|PP755594.1|A/cattle/Texas/24-008749-003/2024(H5N1)	771	74
PA|PP755594.1|A/cattle/Texas/24-008749-003/2024(H5N1)	772	73
PA|PP755594.1|A/cattle/Texas/24-008749-003/2024(H5N1)	773	72
PA|PP755594.1|A/cattle/Texas/24-008749-003/2024(H5N1)	774	71
PA|PP755594.1|A/cattle/Texas/24-008749-003/2024(H5N1)	775	71
PA|PP755594.1|A/cattle/Texas/24-008749-003/2024(H5N1)	776	71
PA|PP755594.1|A/cattle/Texas/24-008749-003/2024(H5N1)	777	71
PA|PP755594.1|A/cattle/Texas/24-008749-003/2024(H5N1)	778	71
PA|PP755594.1|A/cattle/Texas/24-008749-003/2024(H5N1)	779	70
PA|PP755594.1|A/cattle/Texas/24-008749-003/2024(H5N1)	780	71
PA|PP755594.1|A/cattle/Texas/24-008749-003/2024(H5N1)	781	70
PA|PP755594.1|A/cattle/Texas/24-008749-003/2024(H5N1)	782	70
PA|PP755594.1|A/cattle/Texas/24-008749-003/2024(H5N1)	783	70
PA|PP755594.1|A/cattle/Texas/24-008749-003/2024(H5N1)	784	70
PA|PP755594.1|A/cattle/Texas/24-008749-003/2024(H5N1)	785	70
PA|PP755594.1|A/cattle/Texas/24-008749-003/2024(H5N1)	786	70
PA|PP755594.1|A/cattle/Texas/24-008749-003/2024(H5N1)	787	70
PA|PP755594.1|A/cattle/Texas/24-008749-003/2024(H5N1)	788	71
PA|PP755594.1|A/cattle/Texas/24-008749-003/2024(H5N1)	789	69
PA|PP755594.1|A/cattle/Texas/24-008749-003/2024(H5N1)	790	69
PA|PP755594.1|A/cattle/Texas/24-008749-003/2024(H5N1)	791	69
PA|PP755594.1|A/cattle/Texas/24-008749-003/2024(H5N1)	792	69
PA|PP755594.1|A/cattle/Texas/24-008749-003/2024(H5N1)	793	69
PA|PP755594.1|A/cattle/Texas/24-008749-003/2024(H5N1)	794	66
PA|PP755594.1|A/cattle/Texas/24-008749-003/2024(H5N1)	795	66
PA|PP755594.1|A/cattle/Texas/24-008749-003/2024(H5N1)	796	66
PA|PP755594.1|A/cattle/Texas/24-008749-003/2024(H5N1)	797	66
PA|PP755594.1|A/cattle/Texas/24-008749-003/2024(H5N1)	798	66
PA|PP755594.1|A/cattle/Texas/24-008749-003/2024(H5N1)	799	64
PA|PP755594.1|A/cattle/Texas/24-008749-003/2024(H5N1)	800	62
PA|PP755594.1|A/cattle/Texas/24-008749-003/2024(H5N1)	801	62
PA|PP755594.1|A/cattle/Texas/24-008749-003/2024(H5N1)	802	61
PA|PP755594.1|A/cattle/Texas/24-008749-003/2024(H5N1)	803	61
PA|PP755594.1|A/cattle/Texas/24-008749-003/2024(H5N1)	804	34
PA|PP755594.1|A/cattle/Texas/24-008749-003/2024(H5N1)	805	34
PA|PP755594.1|A/cattle/Texas/24-008749-003/2024(H5N1)	806	34
PA|PP755594.1|A/cattle/Texas/24-008749-003/2024(H5N1)	807	34
PA|PP755594.1|A/cattle/Texas/24-008749-003/2024(H5N1)	808	34
PA|PP755594.1|A/cattle/Texas/24-008749-003/2024(H5N1)	809	34
PA|PP755594.1|A/cattle/Texas/24-008749-003/2024(H5N1)	810	34
PA|PP755594.1|A/cattle/Texas/24-008749-003/2024(H5N1)	811	34
PA|PP755594.1|A/cattle/Texas/24-008749-003/2024(H5N1)	812	34
PA|PP755594.1|A/cattle/Texas/24-008749-003/2024(H5N1)	813	34
PA|PP755594.1|A/cattle/Texas/24-008749-003/2024(H5N1)	814	34
PA|PP755594.1|A/cattle/Texas/24-008749-003/2024(H5N1)	815	34
PA|PP755594.1|A/cattle/Texas/24-008749-003/2024(H5N1)	816	34
PA|PP755594.1|A/cattle/Texas/24-008749-003/2024(H5N1)	817	34
PA|PP755594.1|A/cattle/Texas/24-008749-003/2024(H5N1)	818	34
PA|PP755594.1|A/cattle/Texas/24-008749-003/2024(H5N1)	819	34
PA|PP755594.1|A/cattle/Texas/24-008749-003/2024(H5N1)	820	34
PA|PP755594.1|A/cattle/Texas/24-008749-003/2024(H5N1)	821	34
PA|PP755594.1|A/cattle/Texas/24-008749-003/2024(H5N1)	822	34
PA|PP755594.1|A/cattle/Texas/24-008749-003/2024(H5N1)	823	34
PA|PP755594.1|A/cattle/Texas/24-008749-003/2024(H5N1)	824	34
PA|PP755594.1|A/cattle/Texas/24-008749-003/2024(H5N1)	825	34
PA|PP755594.1|A/cattle/Texas/24-008749-003/2024(H5N1)	826	34
PA|PP755594.1|A/cattle/Texas/24-008749-003/2024(H5N1)	827	34
PA|PP755594.1|A/cattle/Texas/24-008749-003/2024(H5N1)	828	34
PA|PP755594.1|A/cattle/Texas/24-008749-003/2024(H5N1)	829	34
PA|PP755594.1|A/cattle/Texas/24-008749-003/2024(H5N1)	830	49
PA|PP755594.1|A/cattle/Texas/24-008749-003/2024(H5N1)	831	49
PA|PP755594.1|A/cattle/Texas/24-008749-003/2024(H5N1)	832	49
PA|PP755594.1|A/cattle/Texas/24-008749-003/2024(H5N1)	833	49
PA|PP755594.1|A/cattle/Texas/24-008749-003/2024(H5N1)	834	49
PA|PP755594.1|A/cattle/Texas/24-008749-003/2024(H5N1)	835	49
PA|PP755594.1|A/cattle/Texas/24-008749-003/2024(H5N1)	836	49
PA|PP755594.1|A/cattle/Texas/24-008749-003/2024(H5N1)	837	49
PA|PP755594.1|A/cattle/Texas/24-008749-003/2024(H5N1)	838	49
PA|PP755594.1|A/cattle/Texas/24-008749-003/2024(H5N1)	839	49
PA|PP755594.1|A/cattle/Texas/24-008749-003/2024(H5N1)	840	49
PA|PP755594.1|A/cattle/Texas/24-008749-003/2024(H5N1)	841	49
PA|PP755594.1|A/cattle/Texas/24-008749-003/2024(H5N1)	842	49
PA|PP755594.1|A/cattle/Texas/24-008749-003/2024(H5N1)	843	49
PA|PP755594.1|A/cattle/Texas/24-008749-003/2024(H5N1)	844	49
PA|PP755594.1|A/cattle/Texas/24-008749-003/2024(H5N1)	845	49
PA|PP755594.1|A/cattle/Texas/24-008749-003/2024(H5N1)	846	49
PA|PP755594.1|A/cattle/Texas/24-008749-003/2024(H5N1)	847	49
PA|PP755594.1|A/cattle/Texas/24-008749-003/2024(H5N1)	848	49
PA|PP755594.1|A/cattle/Texas/24-008749-003/2024(H5N1)	849	49
PA|PP755594.1|A/cattle/Texas/24-008749-003/2024(H5N1)	850	49
PA|PP755594.1|A/cattle/Texas/24-008749-003/2024(H5N1)	851	49
PA|PP755594.1|A/cattle/Texas/24-008749-003/2024(H5N1)	852	49
PA|PP755594.1|A/cattle/Texas/24-008749-003/2024(H5N1)	853	49
PA|PP755594.1|A/cattle/Texas/24-008749-003/2024(H5N1)	854	49
PA|PP755594.1|A/cattle/Texas/24-008749-003/2024(H5N1)	855	48
PA|PP755594.1|A/cattle/Texas/24-008749-003/2024(H5N1)	856	47
PA|PP755594.1|A/cattle/Texas/24-008749-003/2024(H5N1)	857	47
PA|PP755594.1|A/cattle/Texas/24-008749-003/2024(H5N1)	858	47
PA|PP755594.1|A/cattle/Texas/24-008749-003/2024(H5N1)	859	47
PA|PP755594.1|A/cattle/Texas/24-008749-003/2024(H5N1)	860	47
PA|PP755594.1|A/cattle/Texas/24-008749-003/2024(H5N1)	861	27
PA|PP755594.1|A/cattle/Texas/24-008749-003/2024(H5N1)	862	27
PA|PP755594.1|A/cattle/Texas/24-008749-003/2024(H5N1)	863	27
PA|PP755594.1|A/cattle/Texas/24-008749-003/2024(H5N1)	864	27
PA|PP755594.1|A/cattle/Texas/24-008749-003/2024(H5N1)	865	27
PA|PP755594.1|A/cattle/Texas/24-008749-003/2024(H5N1)	866	27
PA|PP755594.1|A/cattle/Texas/24-008749-003/2024(H5N1)	867	27
PA|PP755594.1|A/cattle/Texas/24-008749-003/2024(H5N1)	868	24
PA|PP755594.1|A/cattle/Texas/24-008749-003/2024(H5N1)	869	24
PA|PP755594.1|A/cattle/Texas/24-008749-003/2024(H5N1)	870	24
PA|PP755594.1|A/cattle/Texas/24-008749-003/2024(H5N1)	871	24
PA|PP755594.1|A/cattle/Texas/24-008749-003/2024(H5N1)	872	24
PA|PP755594.1|A/cattle/Texas/24-008749-003/2024(H5N1)	873	24
PA|PP755594.1|A/cattle/Texas/24-008749-003/2024(H5N1)	874	24
PA|PP755594.1|A/cattle/Texas/24-008749-003/2024(H5N1)	875	24
PA|PP755594.1|A/cattle/Texas/24-008749-003/2024(H5N1)	876	24
PA|PP755594.1|A/cattle/Texas/24-008749-003/2024(H5N1)	877	24
PA|PP755594.1|A/cattle/Texas/24-008749-003/2024(H5N1)	878	24
PA|PP755594.1|A/cattle/Texas/24-008749-003/2024(H5N1)	879	24
PA|PP755594.1|A/cattle/Texas/24-008749-003/2024(H5N1)	880	24
PA|PP755594.1|A/cattle/Texas/24-008749-003/2024(H5N1)	881	24
PA|PP755594.1|A/cattle/Texas/24-008749-003/2024(H5N1)	882	24
PA|PP755594.1|A/cattle/Texas/24-008749-003/2024(H5N1)	883	24
PA|PP755594.1|A/cattle/Texas/24-008749-003/2024(H5N1)	884	24
PA|PP755594.1|A/cattle/Texas/24-008749-003/2024(H5N1)	885	24
PA|PP755594.1|A/cattle/Texas/24-008749-003/2024(H5N1)	886	37
PA|PP755594.1|A/cattle/Texas/24-008749-003/2024(H5N1)	887	37
PA|PP755594.1|A/cattle/Texas/24-008749-003/2024(H5N1)	888	37
PA|PP755594.1|A/cattle/Texas/24-008749-003/2024(H5N1)	889	37
PA|PP755594.1|A/cattle/Texas/24-008749-003/2024(H5N1)	890	37
PA|PP755594.1|A/cattle/Texas/24-008749-003/2024(H5N1)	891	37
PA|PP755594.1|A/cattle/Texas/24-008749-003/2024(H5N1)	892	37
PA|PP755594.1|A/cattle/Texas/24-008749-003/2024(H5N1)	893	37
PA|PP755594.1|A/cattle/Texas/24-008749-003/2024(H5N1)	894	37
PA|PP755594.1|A/cattle/Texas/24-008749-003/2024(H5N1)	895	37
PA|PP755594.1|A/cattle/Texas/24-008749-003/2024(H5N1)	896	37
PA|PP755594.1|A/cattle/Texas/24-008749-003/2024(H5N1)	897	37
PA|PP755594.1|A/cattle/Texas/24-008749-003/2024(H5N1)	898	37
PA|PP755594.1|A/cattle/Texas/24-008749-003/2024(H5N1)	899	37
PA|PP755594.1|A/cattle/Texas/24-008749-003/2024(H5N1)	900	37
PA|PP755594.1|A/cattle/Texas/24-008749-003/2024(H5N1)	901	37
PA|PP755594.1|A/cattle/Texas/24-008749-003/2024(H5N1)	902	37
PA|PP755594.1|A/cattle/Texas/24-008749-003/2024(H5N1)	903	37
PA|PP755594.1|A/cattle/Texas/24-008749-003/2024(H5N1)	904	40
PA|PP755594.1|A/cattle/Texas/24-008749-003/2024(H5N1)	905	40
PA|PP755594.1|A/cattle/Texas/24-008749-003/2024(H5N1)	906	40
PA|PP755594.1|A/cattle/Texas/24-008749-003/2024(H5N1)	907	44
PA|PP755594.1|A/cattle/Texas/24-008749-003/2024(H5N1)	908	44
PA|PP755594.1|A/cattle/Texas/24-008749-003/2024(H5N1)	909	44
PA|PP755594.1|A/cattle/Texas/24-008749-003/2024(H5N1)	910	46
PA|PP755594.1|A/cattle/Texas/24-008749-003/2024(H5N1)	911	46
PA|PP755594.1|A/cattle/Texas/24-008749-003/2024(H5N1)	912	50
PA|PP755594.1|A/cattle/Texas/24-008749-003/2024(H5N1)	913	50
PA|PP755594.1|A/cattle/Texas/24-008749-003/2024(H5N1)	914	50
PA|PP755594.1|A/cattle/Texas/24-008749-003/2024(H5N1)	915	50
PA|PP755594.1|A/cattle/Texas/24-008749-003/2024(H5N1)	916	43
PA|PP755594.1|A/cattle/Texas/24-008749-003/2024(H5N1)	917	43
PA|PP755594.1|A/cattle/Texas/24-008749-003/2024(H5N1)	918	43
PA|PP755594.1|A/cattle/Texas/24-008749-003/2024(H5N1)	919	43
PA|PP755594.1|A/cattle/Texas/24-008749-003/2024(H5N1)	920	43
PA|PP755594.1|A/cattle/Texas/24-008749-003/2024(H5N1)	921	43
PA|PP755594.1|A/cattle/Texas/24-008749-003/2024(H5N1)	922	45
PA|PP755594.1|A/cattle/Texas/24-008749-003/2024(H5N1)	923	45
PA|PP755594.1|A/cattle/Texas/24-008749-003/2024(H5N1)	924	45
PA|PP755594.1|A/cattle/Texas/24-008749-003/2024(H5N1)	925	45
PA|PP755594.1|A/cattle/Texas/24-008749-003/2024(H5N1)	926	45
PA|PP755594.1|A/cattle/Texas/24-008749-003/2024(H5N1)	927	45
PA|PP755594.1|A/cattle/Texas/24-008749-003/2024(H5N1)	928	45
PA|PP755594.1|A/cattle/Texas/24-008749-003/2024(H5N1)	929	45
PA|PP755594.1|A/cattle/Texas/24-008749-003/2024(H5N1)	930	45
PA|PP755594.1|A/cattle/Texas/24-008749-003/2024(H5N1)	931	44
PA|PP755594.1|A/cattle/Texas/24-008749-003/2024(H5N1)	932	44
PA|PP755594.1|A/cattle/Texas/24-008749-003/2024(H5N1)	933	44
PA|PP755594.1|A/cattle/Texas/24-008749-003/2024(H5N1)	934	44
PA|PP755594.1|A/cattle/Texas/24-008749-003/2024(H5N1)	935	44
PA|PP755594.1|A/cattle/Texas/24-008749-003/2024(H5N1)	936	44
PA|PP755594.1|A/cattle/Texas/24-008749-003/2024(H5N1)	937	44
PA|PP755594.1|A/cattle/Texas/24-008749-003/2024(H5N1)	938	44
PA|PP755594.1|A/cattle/Texas/24-008749-003/2024(H5N1)	939	42
PA|PP755594.1|A/cattle/Texas/24-008749-003/2024(H5N1)	940	43
PA|PP755594.1|A/cattle/Texas/24-008749-003/2024(H5N1)	941	44
PA|PP755594.1|A/cattle/Texas/24-008749-003/2024(H5N1)	942	44
PA|PP755594.1|A/cattle/Texas/24-008749-003/2024(H5N1)	943	44
PA|PP755594.1|A/cattle/Texas/24-008749-003/2024(H5N1)	944	44
PA|PP755594.1|A/cattle/Texas/24-008749-003/2024(H5N1)	945	43
PA|PP755594.1|A/cattle/Texas/24-008749-003/2024(H5N1)	946	43
PA|PP755594.1|A/cattle/Texas/24-008749-003/2024(H5N1)	947	43
PA|PP755594.1|A/cattle/Texas/24-008749-003/2024(H5N1)	948	36
PA|PP755594.1|A/cattle/Texas/24-008749-003/2024(H5N1)	949	36
PA|PP755594.1|A/cattle/Texas/24-008749-003/2024(H5N1)	950	36
PA|PP755594.1|A/cattle/Texas/24-008749-003/2024(H5N1)	951	36
PA|PP755594.1|A/cattle/Texas/24-008749-003/2024(H5N1)	952	38
PA|PP755594.1|A/cattle/Texas/24-008749-003/2024(H5N1)	953	38
PA|PP755594.1|A/cattle/Texas/24-008749-003/2024(H5N1)	954	38
PA|PP755594.1|A/cattle/Texas/24-008749-003/2024(H5N1)	955	38
PA|PP755594.1|A/cattle/Texas/24-008749-003/2024(H5N1)	956	38
PA|PP755594.1|A/cattle/Texas/24-008749-003/2024(H5N1)	957	42
PA|PP755594.1|A/cattle/Texas/24-008749-003/2024(H5N1)	958	42
PA|PP755594.1|A/cattle/Texas/24-008749-003/2024(H5N1)	959	42
PA|PP755594.1|A/cattle/Texas/24-008749-003/2024(H5N1)	960	42
PA|PP755594.1|A/cattle/Texas/24-008749-003/2024(H5N1)	961	43
PA|PP755594.1|A/cattle/Texas/24-008749-003/2024(H5N1)	962	43
PA|PP755594.1|A/cattle/Texas/24-008749-003/2024(H5N1)	963	43
PA|PP755594.1|A/cattle/Texas/24-008749-003/2024(H5N1)	964	43
PA|PP755594.1|A/cattle/Texas/24-008749-003/2024(H5N1)	965	43
PA|PP755594.1|A/cattle/Texas/24-008749-003/2024(H5N1)	966	33
PA|PP755594.1|A/cattle/Texas/24-008749-003/2024(H5N1)	967	33
PA|PP755594.1|A/cattle/Texas/24-008749-003/2024(H5N1)	968	33
PA|PP755594.1|A/cattle/Texas/24-008749-003/2024(H5N1)	969	33
PA|PP755594.1|A/cattle/Texas/24-008749-003/2024(H5N1)	970	33
PA|PP755594.1|A/cattle/Texas/24-008749-003/2024(H5N1)	971	33
PA|PP755594.1|A/cattle/Texas/24-008749-003/2024(H5N1)	972	33
PA|PP755594.1|A/cattle/Texas/24-008749-003/2024(H5N1)	973	33
PA|PP755594.1|A/cattle/Texas/24-008749-003/2024(H5N1)	974	33
PA|PP755594.1|A/cattle/Texas/24-008749-003/2024(H5N1)	975	33
PA|PP755594.1|A/cattle/Texas/24-008749-003/2024(H5N1)	976	34
PA|PP755594.1|A/cattle/Texas/24-008749-003/2024(H5N1)	977	34
PA|PP755594.1|A/cattle/Texas/24-008749-003/2024(H5N1)	978	34
PA|PP755594.1|A/cattle/Texas/24-008749-003/2024(H5N1)	979	34
PA|PP755594.1|A/cattle/Texas/24-008749-003/2024(H5N1)	980	34
PA|PP755594.1|A/cattle/Texas/24-008749-003/2024(H5N1)	981	34
PA|PP755594.1|A/cattle/Texas/24-008749-003/2024(H5N1)	982	34
PA|PP755594.1|A/cattle/Texas/24-008749-003/2024(H5N1)	983	34
PA|PP755594.1|A/cattle/Texas/24-008749-003/2024(H5N1)	984	34
PA|PP755594.1|A/cattle/Texas/24-008749-003/2024(H5N1)	985	34
PA|PP755594.1|A/cattle/Texas/24-008749-003/2024(H5N1)	986	36
PA|PP755594.1|A/cattle/Texas/24-008749-003/2024(H5N1)	987	36
PA|PP755594.1|A/cattle/Texas/24-008749-003/2024(H5N1)	988	42
PA|PP755594.1|A/cattle/Texas/24-008749-003/2024(H5N1)	989	42
PA|PP755594.1|A/cattle/Texas/24-008749-003/2024(H5N1)	990	43
PA|PP755594.1|A/cattle/Texas/24-008749-003/2024(H5N1)	991	43
PA|PP755594.1|A/cattle/Texas/24-008749-003/2024(H5N1)	992	43
PA|PP755594.1|A/cattle/Texas/24-008749-003/2024(H5N1)	993	44
PA|PP755594.1|A/cattle/Texas/24-008749-003/2024(H5N1)	994	44
PA|PP755594.1|A/cattle/Texas/24-008749-003/2024(H5N1)	995	44
PA|PP755594.1|A/cattle/Texas/24-008749-003/2024(H5N1)	996	44
PA|PP755594.1|A/cattle/Texas/24-008749-003/2024(H5N1)	997	46
PA|PP755594.1|A/cattle/Texas/24-008749-003/2024(H5N1)	998	47
PA|PP755594.1|A/cattle/Texas/24-008749-003/2024(H5N1)	999	47
PA|PP755594.1|A/cattle/Texas/24-008749-003/2024(H5N1)	1000	47
PA|PP755594.1|A/cattle/Texas/24-008749-003/2024(H5N1)	1001	47
PA|PP755594.1|A/cattle/Texas/24-008749-003/2024(H5N1)	1002	43
PA|PP755594.1|A/cattle/Texas/24-008749-003/2024(H5N1)	1003	43
PA|PP755594.1|A/cattle/Texas/24-008749-003/2024(H5N1)	1004	43
PA|PP755594.1|A/cattle/Texas/24-008749-003/2024(H5N1)	1005	43
PA|PP755594.1|A/cattle/Texas/24-008749-003/2024(H5N1)	1006	44
PA|PP755594.1|A/cattle/Texas/24-008749-003/2024(H5N1)	1007	45
PA|PP755594.1|A/cattle/Texas/24-008749-003/2024(H5N1)	1008	44
PA|PP755594.1|A/cattle/Texas/24-008749-003/2024(H5N1)	1009	44
PA|PP755594.1|A/cattle/Texas/24-008749-003/2024(H5N1)	1010	41
PA|PP755594.1|A/cattle/Texas/24-008749-003/2024(H5N1)	1011	41
PA|PP755594.1|A/cattle/Texas/24-008749-003/2024(H5N1)	1012	41
PA|PP755594.1|A/cattle/Texas/24-008749-003/2024(H5N1)	1013	41
PA|PP755594.1|A/cattle/Texas/24-008749-003/2024(H5N1)	1014	41
PA|PP755594.1|A/cattle/Texas/24-008749-003/2024(H5N1)	1015	41
PA|PP755594.1|A/cattle/Texas/24-008749-003/2024(H5N1)	1016	41
PA|PP755594.1|A/cattle/Texas/24-008749-003/2024(H5N1)	1017	41
PA|PP755594.1|A/cattle/Texas/24-008749-003/2024(H5N1)	1018	41
PA|PP755594.1|A/cattle/Texas/24-008749-003/2024(H5N1)	1019	41
PA|PP755594.1|A/cattle/Texas/24-008749-003/2024(H5N1)	1020	26
PA|PP755594.1|A/cattle/Texas/24-008749-003/2024(H5N1)	1021	26
PA|PP755594.1|A/cattle/Texas/24-008749-003/2024(H5N1)	1022	26
PA|PP755594.1|A/cattle/Texas/24-008749-003/2024(H5N1)	1023	26
PA|PP755594.1|A/cattle/Texas/24-008749-003/2024(H5N1)	1024	26
PA|PP755594.1|A/cattle/Texas/24-008749-003/2024(H5N1)	1025	26
PA|PP755594.1|A/cattle/Texas/24-008749-003/2024(H5N1)	1026	26
PA|PP755594.1|A/cattle/Texas/24-008749-003/2024(H5N1)	1027	26
PA|PP755594.1|A/cattle/Texas/24-008749-003/2024(H5N1)	1028	26
PA|PP755594.1|A/cattle/Texas/24-008749-003/2024(H5N1)	1029	26
PA|PP755594.1|A/cattle/Texas/24-008749-003/2024(H5N1)	1030	26
PA|PP755594.1|A/cattle/Texas/24-008749-003/2024(H5N1)	1031	26
PA|PP755594.1|A/cattle/Texas/24-008749-003/2024(H5N1)	1032	26
PA|PP755594.1|A/cattle/Texas/24-008749-003/2024(H5N1)	1033	26
PA|PP755594.1|A/cattle/Texas/24-008749-003/2024(H5N1)	1034	26
PA|PP755594.1|A/cattle/Texas/24-008749-003/2024(H5N1)	1035	26
PA|PP755594.1|A/cattle/Texas/24-008749-003/2024(H5N1)	1036	26
PA|PP755594.1|A/cattle/Texas/24-008749-003/2024(H5N1)	1037	26
PA|PP755594.1|A/cattle/Texas/24-008749-003/2024(H5N1)	1038	26
PA|PP755594.1|A/cattle/Texas/24-008749-003/2024(H5N1)	1039	26
PA|PP755594.1|A/cattle/Texas/24-008749-003/2024(H5N1)	1040	26
PA|PP755594.1|A/cattle/Texas/24-008749-003/2024(H5N1)	1041	26
PA|PP755594.1|A/cattle/Texas/24-008749-003/2024(H5N1)	1042	57
PA|PP755594.1|A/cattle/Texas/24-008749-003/2024(H5N1)	1043	60
PA|PP755594.1|A/cattle/Texas/24-008749-003/2024(H5N1)	1044	60
PA|PP755594.1|A/cattle/Texas/24-008749-003/2024(H5N1)	1045	60
PA|PP755594.1|A/cattle/Texas/24-008749-003/2024(H5N1)	1046	60
PA|PP755594.1|A/cattle/Texas/24-008749-003/2024(H5N1)	1047	60
PA|PP755594.1|A/cattle/Texas/24-008749-003/2024(H5N1)	1048	62
PA|PP755594.1|A/cattle/Texas/24-008749-003/2024(H5N1)	1049	62
PA|PP755594.1|A/cattle/Texas/24-008749-003/2024(H5N1)	1050	62
PA|PP755594.1|A/cattle/Texas/24-008749-003/2024(H5N1)	1051	62
PA|PP755594.1|A/cattle/Texas/24-008749-003/2024(H5N1)	1052	62
PA|PP755594.1|A/cattle/Texas/24-008749-003/2024(H5N1)	1053	62
PA|PP755594.1|A/cattle/Texas/24-008749-003/2024(H5N1)	1054	64
PA|PP755594.1|A/cattle/Texas/24-008749-003/2024(H5N1)	1055	64
PA|PP755594.1|A/cattle/Texas/24-008749-003/2024(H5N1)	1056	64
PA|PP755594.1|A/cattle/Texas/24-008749-003/2024(H5N1)	1057	64
PA|PP755594.1|A/cattle/Texas/24-008749-003/2024(H5N1)	1058	64
PA|PP755594.1|A/cattle/Texas/24-008749-003/2024(H5N1)	1059	64
PA|PP755594.1|A/cattle/Texas/24-008749-003/2024(H5N1)	1060	65
PA|PP755594.1|A/cattle/Texas/24-008749-003/2024(H5N1)	1061	65
PA|PP755594.1|A/cattle/Texas/24-008749-003/2024(H5N1)	1062	65
PA|PP755594.1|A/cattle/Texas/24-008749-003/2024(H5N1)	1063	65
PA|PP755594.1|A/cattle/Texas/24-008749-003/2024(H5N1)	1064	65
PA|PP755594.1|A/cattle/Texas/24-008749-003/2024(H5N1)	1065	65
PA|PP755594.1|A/cattle/Texas/24-008749-003/2024(H5N1)	1066	65
PA|PP755594.1|A/cattle/Texas/24-008749-003/2024(H5N1)	1067	65
PA|PP755594.1|A/cattle/Texas/24-008749-003/2024(H5N1)	1068	65
PA|PP755594.1|A/cattle/Texas/24-008749-003/2024(H5N1)	1069	65
PA|PP755594.1|A/cattle/Texas/24-008749-003/2024(H5N1)	1070	65
PA|PP755594.1|A/cattle/Texas/24-008749-003/2024(H5N1)	1071	63
PA|PP755594.1|A/cattle/Texas/24-008749-003/2024(H5N1)	1072	64
PA|PP755594.1|A/cattle/Texas/24-008749-003/2024(H5N1)	1073	64
PA|PP755594.1|A/cattle/Texas/24-008749-003/2024(H5N1)	1074	64
PA|PP755594.1|A/cattle/Texas/24-008749-003/2024(H5N1)	1075	64
PA|PP755594.1|A/cattle/Texas/24-008749-003/2024(H5N1)	1076	65
PA|PP755594.1|A/cattle/Texas/24-008749-003/2024(H5N1)	1077	65
PA|PP755594.1|A/cattle/Texas/24-008749-003/2024(H5N1)	1078	65
PA|PP755594.1|A/cattle/Texas/24-008749-003/2024(H5N1)	1079	65
PA|PP755594.1|A/cattle/Texas/24-008749-003/2024(H5N1)	1080	65
PA|PP755594.1|A/cattle/Texas/24-008749-003/2024(H5N1)	1081	65
PA|PP755594.1|A/cattle/Texas/24-008749-003/2024(H5N1)	1082	65
PA|PP755594.1|A/cattle/Texas/24-008749-003/2024(H5N1)	1083	65
PA|PP755594.1|A/cattle/Texas/24-008749-003/2024(H5N1)	1084	65
PA|PP755594.1|A/cattle/Texas/24-008749-003/2024(H5N1)	1085	68
PA|PP755594.1|A/cattle/Texas/24-008749-003/2024(H5N1)	1086	68
PA|PP755594.1|A/cattle/Texas/24-008749-003/2024(H5N1)	1087	68
PA|PP755594.1|A/cattle/Texas/24-008749-003/2024(H5N1)	1088	69
PA|PP755594.1|A/cattle/Texas/24-008749-003/2024(H5N1)	1089	69
PA|PP755594.1|A/cattle/Texas/24-008749-003/2024(H5N1)	1090	69
PA|PP755594.1|A/cattle/Texas/24-008749-003/2024(H5N1)	1091	69
PA|PP755594.1|A/cattle/Texas/24-008749-003/2024(H5N1)	1092	70
PA|PP755594.1|A/cattle/Texas/24-008749-003/2024(H5N1)	1093	70
PA|PP755594.1|A/cattle/Texas/24-008749-003/2024(H5N1)	1094	70
PA|PP755594.1|A/cattle/Texas/24-008749-003/2024(H5N1)	1095	70
PA|PP755594.1|A/cattle/Texas/24-008749-003/2024(H5N1)	1096	70
PA|PP755594.1|A/cattle/Texas/24-008749-003/2024(H5N1)	1097	70
PA|PP755594.1|A/cattle/Texas/24-008749-003/2024(H5N1)	1098	70
PA|PP755594.1|A/cattle/Texas/24-008749-003/2024(H5N1)	1099	70
PA|PP755594.1|A/cattle/Texas/24-008749-003/2024(H5N1)	1100	71
PA|PP755594.1|A/cattle/Texas/24-008749-003/2024(H5N1)	1101	71
PA|PP755594.1|A/cattle/Texas/24-008749-003/2024(H5N1)	1102	69
PA|PP755594.1|A/cattle/Texas/24-008749-003/2024(H5N1)	1103	69
PA|PP755594.1|A/cattle/Texas/24-008749-003/2024(H5N1)	1104	69
PA|PP755594.1|A/cattle/Texas/24-008749-003/2024(H5N1)	1105	70
PA|PP755594.1|A/cattle/Texas/24-008749-003/2024(H5N1)	1106	70
PA|PP755594.1|A/cattle/Texas/24-008749-003/2024(H5N1)	1107	70
PA|PP755594.1|A/cattle/Texas/24-008749-003/2024(H5N1)	1108	66
PA|PP755594.1|A/cattle/Texas/24-008749-003/2024(H5N1)	1109	65
PA|PP755594.1|A/cattle/Texas/24-008749-003/2024(H5N1)	1110	65
PA|PP755594.1|A/cattle/Texas/24-008749-003/2024(H5N1)	1111	64
PA|PP755594.1|A/cattle/Texas/24-008749-003/2024(H5N1)	1112	63
PA|PP755594.1|A/cattle/Texas/24-008749-003/2024(H5N1)	1113	63
PA|PP755594.1|A/cattle/Texas/24-008749-003/2024(H5N1)	1114	63
PA|PP755594.1|A/cattle/Texas/24-008749-003/2024(H5N1)	1115	63
PA|PP755594.1|A/cattle/Texas/24-008749-003/2024(H5N1)	1116	61
PA|PP755594.1|A/cattle/Texas/24-008749-003/2024(H5N1)	1117	60
PA|PP755594.1|A/cattle/Texas/24-008749-003/2024(H5N1)	1118	60
PA|PP755594.1|A/cattle/Texas/24-008749-003/2024(H5N1)	1119	60
PA|PP755594.1|A/cattle/Texas/24-008749-003/2024(H5N1)	1120	62
PA|PP755594.1|A/cattle/Texas/24-008749-003/2024(H5N1)	1121	62
PA|PP755594.1|A/cattle/Texas/24-008749-003/2024(H5N1)	1122	62
PA|PP755594.1|A/cattle/Texas/24-008749-003/2024(H5N1)	1123	62
PA|PP755594.1|A/cattle/Texas/24-008749-003/2024(H5N1)	1124	62
PA|PP755594.1|A/cattle/Texas/24-008749-003/2024(H5N1)	1125	60
PA|PP755594.1|A/cattle/Texas/24-008749-003/2024(H5N1)	1126	60
PA|PP755594.1|A/cattle/Texas/24-008749-003/2024(H5N1)	1127	60
PA|PP755594.1|A/cattle/Texas/24-008749-003/2024(H5N1)	1128	60
PA|PP755594.1|A/cattle/Texas/24-008749-003/2024(H5N1)	1129	59
PA|PP755594.1|A/cattle/Texas/24-008749-003/2024(H5N1)	1130	59
PA|PP755594.1|A/cattle/Texas/24-008749-003/2024(H5N1)	1131	59
PA|PP755594.1|A/cattle/Texas/24-008749-003/2024(H5N1)	1132	59
PA|PP755594.1|A/cattle/Texas/24-008749-003/2024(H5N1)	1133	59
PA|PP755594.1|A/cattle/Texas/24-008749-003/2024(H5N1)	1134	59
PA|PP755594.1|A/cattle/Texas/24-008749-003/2024(H5N1)	1135	59
PA|PP755594.1|A/cattle/Texas/24-008749-003/2024(H5N1)	1136	59
PA|PP755594.1|A/cattle/Texas/24-008749-003/2024(H5N1)	1137	57
PA|PP755594.1|A/cattle/Texas/24-008749-003/2024(H5N1)	1138	58
PA|PP755594.1|A/cattle/Texas/24-008749-003/2024(H5N1)	1139	57
PA|PP755594.1|A/cattle/Texas/24-008749-003/2024(H5N1)	1140	58
PA|PP755594.1|A/cattle/Texas/24-008749-003/2024(H5N1)	1141	57
PA|PP755594.1|A/cattle/Texas/24-008749-003/2024(H5N1)	1142	57
PA|PP755594.1|A/cattle/Texas/24-008749-003/2024(H5N1)	1143	56
PA|PP755594.1|A/cattle/Texas/24-008749-003/2024(H5N1)	1144	55
PA|PP755594.1|A/cattle/Texas/24-008749-003/2024(H5N1)	1145	55
PA|PP755594.1|A/cattle/Texas/24-008749-003/2024(H5N1)	1146	55
PA|PP755594.1|A/cattle/Texas/24-008749-003/2024(H5N1)	1147	55
PA|PP755594.1|A/cattle/Texas/24-008749-003/2024(H5N1)	1148	51
PA|PP755594.1|A/cattle/Texas/24-008749-003/2024(H5N1)	1149	50
PA|PP755594.1|A/cattle/Texas/24-008749-003/2024(H5N1)	1150	50
PA|PP755594.1|A/cattle/Texas/24-008749-003/2024(H5N1)	1151	50
PA|PP755594.1|A/cattle/Texas/24-008749-003/2024(H5N1)	1152	50
PA|PP755594.1|A/cattle/Texas/24-008749-003/2024(H5N1)	1153	50
PA|PP755594.1|A/cattle/Texas/24-008749-003/2024(H5N1)	1154	50
PA|PP755594.1|A/cattle/Texas/24-008749-003/2024(H5N1)	1155	48
PA|PP755594.1|A/cattle/Texas/24-008749-003/2024(H5N1)	1156	48
PA|PP755594.1|A/cattle/Texas/24-008749-003/2024(H5N1)	1157	47
PA|PP755594.1|A/cattle/Texas/24-008749-003/2024(H5N1)	1158	43
PA|PP755594.1|A/cattle/Texas/24-008749-003/2024(H5N1)	1159	43
PA|PP755594.1|A/cattle/Texas/24-008749-003/2024(H5N1)	1160	39
PA|PP755594.1|A/cattle/Texas/24-008749-003/2024(H5N1)	1161	38
PA|PP755594.1|A/cattle/Texas/24-008749-003/2024(H5N1)	1162	38
PA|PP755594.1|A/cattle/Texas/24-008749-003/2024(H5N1)	1163	38
PA|PP755594.1|A/cattle/Texas/24-008749-003/2024(H5N1)	1164	38
PA|PP755594.1|A/cattle/Texas/24-008749-003/2024(H5N1)	1165	38
PA|PP755594.1|A/cattle/Texas/24-008749-003/2024(H5N1)	1166	37
PA|PP755594.1|A/cattle/Texas/24-008749-003/2024(H5N1)	1167	37
PA|PP755594.1|A/cattle/Texas/24-008749-003/2024(H5N1)	1168	31
PA|PP755594.1|A/cattle/Texas/24-008749-003/2024(H5N1)	1169	31
PA|PP755594.1|A/cattle/Texas/24-008749-003/2024(H5N1)	1170	31
PA|PP755594.1|A/cattle/Texas/24-008749-003/2024(H5N1)	1171	31
PA|PP755594.1|A/cattle/Texas/24-008749-003/2024(H5N1)	1172	31
PA|PP755594.1|A/cattle/Texas/24-008749-003/2024(H5N1)	1173	31
PA|PP755594.1|A/cattle/Texas/24-008749-003/2024(H5N1)	1174	31
PA|PP755594.1|A/cattle/Texas/24-008749-003/2024(H5N1)	1175	31
PA|PP755594.1|A/cattle/Texas/24-008749-003/2024(H5N1)	1176	31
PA|PP755594.1|A/cattle/Texas/24-008749-003/2024(H5N1)	1177	31
PA|PP755594.1|A/cattle/Texas/24-008749-003/2024(H5N1)	1178	31
PA|PP755594.1|A/cattle/Texas/24-008749-003/2024(H5N1)	1179	31
PA|PP755594.1|A/cattle/Texas/24-008749-003/2024(H5N1)	1180	31
PA|PP755594.1|A/cattle/Texas/24-008749-003/2024(H5N1)	1181	31
PA|PP755594.1|A/cattle/Texas/24-008749-003/2024(H5N1)	1182	31
PA|PP755594.1|A/cattle/Texas/24-008749-003/2024(H5N1)	1183	31
PA|PP755594.1|A/cattle/Texas/24-008749-003/2024(H5N1)	1184	31
PA|PP755594.1|A/cattle/Texas/24-008749-003/2024(H5N1)	1185	23
PA|PP755594.1|A/cattle/Texas/24-008749-003/2024(H5N1)	1186	23
PA|PP755594.1|A/cattle/Texas/24-008749-003/2024(H5N1)	1187	23
PA|PP755594.1|A/cattle/Texas/24-008749-003/2024(H5N1)	1188	22
PA|PP755594.1|A/cattle/Texas/24-008749-003/2024(H5N1)	1189	22
PA|PP755594.1|A/cattle/Texas/24-008749-003/2024(H5N1)	1190	22
PA|PP755594.1|A/cattle/Texas/24-008749-003/2024(H5N1)	1191	18
PA|PP755594.1|A/cattle/Texas/24-008749-003/2024(H5N1)	1192	18
PA|PP755594.1|A/cattle/Texas/24-008749-003/2024(H5N1)	1193	18
PA|PP755594.1|A/cattle/Texas/24-008749-003/2024(H5N1)	1194	15
PA|PP755594.1|A/cattle/Texas/24-008749-003/2024(H5N1)	1195	15
PA|PP755594.1|A/cattle/Texas/24-008749-003/2024(H5N1)	1196	15
PA|PP755594.1|A/cattle/Texas/24-008749-003/2024(H5N1)	1197	15
PA|PP755594.1|A/cattle/Texas/24-008749-003/2024(H5N1)	1198	15
PA|PP755594.1|A/cattle/Texas/24-008749-003/2024(H5N1)	1199	15
PA|PP755594.1|A/cattle/Texas/24-008749-003/2024(H5N1)	1200	15
PA|PP755594.1|A/cattle/Texas/24-008749-003/2024(H5N1)	1201	26
PA|PP755594.1|A/cattle/Texas/24-008749-003/2024(H5N1)	1202	28
PA|PP755594.1|A/cattle/Texas/24-008749-003/2024(H5N1)	1203	28
PA|PP755594.1|A/cattle/Texas/24-008749-003/2024(H5N1)	1204	28
PA|PP755594.1|A/cattle/Texas/24-008749-003/2024(H5N1)	1205	28
PA|PP755594.1|A/cattle/Texas/24-008749-003/2024(H5N1)	1206	28
PA|PP755594.1|A/cattle/Texas/24-008749-003/2024(H5N1)	1207	29
PA|PP755594.1|A/cattle/Texas/24-008749-003/2024(H5N1)	1208	29
PA|PP755594.1|A/cattle/Texas/24-008749-003/2024(H5N1)	1209	29
PA|PP755594.1|A/cattle/Texas/24-008749-003/2024(H5N1)	1210	29
PA|PP755594.1|A/cattle/Texas/24-008749-003/2024(H5N1)	1211	29
PA|PP755594.1|A/cattle/Texas/24-008749-003/2024(H5N1)	1212	29
PA|PP755594.1|A/cattle/Texas/24-008749-003/2024(H5N1)	1213	29
PA|PP755594.1|A/cattle/Texas/24-008749-003/2024(H5N1)	1214	29
PA|PP755594.1|A/cattle/Texas/24-008749-003/2024(H5N1)	1215	29
PA|PP755594.1|A/cattle/Texas/24-008749-003/2024(H5N1)	1216	29
PA|PP755594.1|A/cattle/Texas/24-008749-003/2024(H5N1)	1217	29
PA|PP755594.1|A/cattle/Texas/24-008749-003/2024(H5N1)	1218	29
PA|PP755594.1|A/cattle/Texas/24-008749-003/2024(H5N1)	1219	29
PA|PP755594.1|A/cattle/Texas/24-008749-003/2024(H5N1)	1220	29
PA|PP755594.1|A/cattle/Texas/24-008749-003/2024(H5N1)	1221	29
PA|PP755594.1|A/cattle/Texas/24-008749-003/2024(H5N1)	1222	29
PA|PP755594.1|A/cattle/Texas/24-008749-003/2024(H5N1)	1223	28
PA|PP755594.1|A/cattle/Texas/24-008749-003/2024(H5N1)	1224	28
PA|PP755594.1|A/cattle/Texas/24-008749-003/2024(H5N1)	1225	28
PA|PP755594.1|A/cattle/Texas/24-008749-003/2024(H5N1)	1226	28
PA|PP755594.1|A/cattle/Texas/24-008749-003/2024(H5N1)	1227	27
PA|PP755594.1|A/cattle/Texas/24-008749-003/2024(H5N1)	1228	27
PA|PP755594.1|A/cattle/Texas/24-008749-003/2024(H5N1)	1229	27
PA|PP755594.1|A/cattle/Texas/24-008749-003/2024(H5N1)	1230	27
PA|PP755594.1|A/cattle/Texas/24-008749-003/2024(H5N1)	1231	27
PA|PP755594.1|A/cattle/Texas/24-008749-003/2024(H5N1)	1232	27
PA|PP755594.1|A/cattle/Texas/24-008749-003/2024(H5N1)	1233	27
PA|PP755594.1|A/cattle/Texas/24-008749-003/2024(H5N1)	1234	27
PA|PP755594.1|A/cattle/Texas/24-008749-003/2024(H5N1)	1235	27
PA|PP755594.1|A/cattle/Texas/24-008749-003/2024(H5N1)	1236	24
PA|PP755594.1|A/cattle/Texas/24-008749-003/2024(H5N1)	1237	24
PA|PP755594.1|A/cattle/Texas/24-008749-003/2024(H5N1)	1238	24
PA|PP755594.1|A/cattle/Texas/24-008749-003/2024(H5N1)	1239	11
PA|PP755594.1|A/cattle/Texas/24-008749-003/2024(H5N1)	1240	11
PA|PP755594.1|A/cattle/Texas/24-008749-003/2024(H5N1)	1241	11
PA|PP755594.1|A/cattle/Texas/24-008749-003/2024(H5N1)	1242	11
PA|PP755594.1|A/cattle/Texas/24-008749-003/2024(H5N1)	1243	11
PA|PP755594.1|A/cattle/Texas/24-008749-003/2024(H5N1)	1244	11
PA|PP755594.1|A/cattle/Texas/24-008749-003/2024(H5N1)	1245	11
PA|PP755594.1|A/cattle/Texas/24-008749-003/2024(H5N1)	1246	11
PA|PP755594.1|A/cattle/Texas/24-008749-003/2024(H5N1)	1247	11
PA|PP755594.1|A/cattle/Texas/24-008749-003/2024(H5N1)	1248	11
PA|PP755594.1|A/cattle/Texas/24-008749-003/2024(H5N1)	1249	11
PA|PP755594.1|A/cattle/Texas/24-008749-003/2024(H5N1)	1250	11
PA|PP755594.1|A/cattle/Texas/24-008749-003/2024(H5N1)	1251	11
PA|PP755594.1|A/cattle/Texas/24-008749-003/2024(H5N1)	1252	11
PA|PP755594.1|A/cattle/Texas/24-008749-003/2024(H5N1)	1253	11
PA|PP755594.1|A/cattle/Texas/24-008749-003/2024(H5N1)	1254	11
PA|PP755594.1|A/cattle/Texas/24-008749-003/2024(H5N1)	1255	11
PA|PP755594.1|A/cattle/Texas/24-008749-003/2024(H5N1)	1256	11
PA|PP755594.1|A/cattle/Texas/24-008749-003/2024(H5N1)	1257	11
PA|PP755594.1|A/cattle/Texas/24-008749-003/2024(H5N1)	1258	11
PA|PP755594.1|A/cattle/Texas/24-008749-003/2024(H5N1)	1259	11
PA|PP755594.1|A/cattle/Texas/24-008749-003/2024(H5N1)	1260	11
PA|PP755594.1|A/cattle/Texas/24-008749-003/2024(H5N1)	1261	11
PA|PP755594.1|A/cattle/Texas/24-008749-003/2024(H5N1)	1262	11
PA|PP755594.1|A/cattle/Texas/24-008749-003/2024(H5N1)	1263	11
PA|PP755594.1|A/cattle/Texas/24-008749-003/2024(H5N1)	1264	11
PA|PP755594.1|A/cattle/Texas/24-008749-003/2024(H5N1)	1265	11
PA|PP755594.1|A/cattle/Texas/24-008749-003/2024(H5N1)	1266	11
PA|PP755594.1|A/cattle/Texas/24-008749-003/2024(H5N1)	1267	11
PA|PP755594.1|A/cattle/Texas/24-008749-003/2024(H5N1)	1268	11
PA|PP755594.1|A/cattle/Texas/24-008749-003/2024(H5N1)	1269	11
PA|PP755594.1|A/cattle/Texas/24-008749-003/2024(H5N1)	1270	11
PA|PP755594.1|A/cattle/Texas/24-008749-003/2024(H5N1)	1271	11
PA|PP755594.1|A/cattle/Texas/24-008749-003/2024(H5N1)	1272	11
PA|PP755594.1|A/cattle/Texas/24-008749-003/2024(H5N1)	1273	11
PA|PP755594.1|A/cattle/Texas/24-008749-003/2024(H5N1)	1274	11
PA|PP755594.1|A/cattle/Texas/24-008749-003/2024(H5N1)	1275	11
PA|PP755594.1|A/cattle/Texas/24-008749-003/2024(H5N1)	1276	11
PA|PP755594.1|A/cattle/Texas/24-008749-003/2024(H5N1)	1277	11
PA|PP755594.1|A/cattle/Texas/24-008749-003/2024(H5N1)	1278	11
PA|PP755594.1|A/cattle/Texas/24-008749-003/2024(H5N1)	1279	11
PA|PP755594.1|A/cattle/Texas/24-008749-003/2024(H5N1)	1280	11
PA|PP755594.1|A/cattle/Texas/24-008749-003/2024(H5N1)	1281	11
PA|PP755594.1|A/cattle/Texas/24-008749-003/2024(H5N1)	1282	11
PA|PP755594.1|A/cattle/Texas/24-008749-003/2024(H5N1)	1283	11
PA|PP755594.1|A/cattle/Texas/24-008749-003/2024(H5N1)	1284	11
PA|PP755594.1|A/cattle/Texas/24-008749-003/2024(H5N1)	1285	11
PA|PP755594.1|A/cattle/Texas/24-008749-003/2024(H5N1)	1286	11
PA|PP755594.1|A/cattle/Texas/24-008749-003/2024(H5N1)	1287	11
PA|PP755594.1|A/cattle/Texas/24-008749-003/2024(H5N1)	1288	11
PA|PP755594.1|A/cattle/Texas/24-008749-003/2024(H5N1)	1289	11
PA|PP755594.1|A/cattle/Texas/24-008749-003/2024(H5N1)	1290	11
PA|PP755594.1|A/cattle/Texas/24-008749-003/2024(H5N1)	1291	11
PA|PP755594.1|A/cattle/Texas/24-008749-003/2024(H5N1)	1292	11
PA|PP755594.1|A/cattle/Texas/24-008749-003/2024(H5N1)	1293	11
PA|PP755594.1|A/cattle/Texas/24-008749-003/2024(H5N1)	1294	11
PA|PP755594.1|A/cattle/Texas/24-008749-003/2024(H5N1)	1295	11
PA|PP755594.1|A/cattle/Texas/24-008749-003/2024(H5N1)	1296	11
PA|PP755594.1|A/cattle/Texas/24-008749-003/2024(H5N1)	1297	11
PA|PP755594.1|A/cattle/Texas/24-008749-003/2024(H5N1)	1298	11
PA|PP755594.1|A/cattle/Texas/24-008749-003/2024(H5N1)	1299	11
PA|PP755594.1|A/cattle/Texas/24-008749-003/2024(H5N1)	1300	11
PA|PP755594.1|A/cattle/Texas/24-008749-003/2024(H5N1)	1301	11
PA|PP755594.1|A/cattle/Texas/24-008749-003/2024(H5N1)	1302	11
PA|PP755594.1|A/cattle/Texas/24-008749-003/2024(H5N1)	1303	11
PA|PP755594.1|A/cattle/Texas/24-008749-003/2024(H5N1)	1304	11
PA|PP755594.1|A/cattle/Texas/24-008749-003/2024(H5N1)	1305	11
PA|PP755594.1|A/cattle/Texas/24-008749-003/2024(H5N1)	1306	11
PA|PP755594.1|A/cattle/Texas/24-008749-003/2024(H5N1)	1307	11
PA|PP755594.1|A/cattle/Texas/24-008749-003/2024(H5N1)	1308	11
PA|PP755594.1|A/cattle/Texas/24-008749-003/2024(H5N1)	1309	11
PA|PP755594.1|A/cattle/Texas/24-008749-003/2024(H5N1)	1310	11
PA|PP755594.1|A/cattle/Texas/24-008749-003/2024(H5N1)	1311	11
PA|PP755594.1|A/cattle/Texas/24-008749-003/2024(H5N1)	1312	11
PA|PP755594.1|A/cattle/Texas/24-008749-003/2024(H5N1)	1313	11
PA|PP755594.1|A/cattle/Texas/24-008749-003/2024(H5N1)	1314	11
PA|PP755594.1|A/cattle/Texas/24-008749-003/2024(H5N1)	1315	11
PA|PP755594.1|A/cattle/Texas/24-008749-003/2024(H5N1)	1316	11
PA|PP755594.1|A/cattle/Texas/24-008749-003/2024(H5N1)	1317	0
PA|PP755594.1|A/cattle/Texas/24-008749-003/2024(H5N1)	1318	0
PA|PP755594.1|A/cattle/Texas/24-008749-003/2024(H5N1)	1319	0
PA|PP755594.1|A/cattle/Texas/24-008749-003/2024(H5N1)	1320	0
PA|PP755594.1|A/cattle/Texas/24-008749-003/2024(H5N1)	1321	0
PA|PP755594.1|A/cattle/Texas/24-008749-003/2024(H5N1)	1322	0
PA|PP755594.1|A/cattle/Texas/24-008749-003/2024(H5N1)	1323	0
PA|PP755594.1|A/cattle/Texas/24-008749-003/2024(H5N1)	1324	0
PA|PP755594.1|A/cattle/Texas/24-008749-003/2024(H5N1)	1325	0
PA|PP755594.1|A/cattle/Texas/24-008749-003/2024(H5N1)	1326	0
PA|PP755594.1|A/cattle/Texas/24-008749-003/2024(H5N1)	1327	0
PA|PP755594.1|A/cattle/Texas/24-008749-003/2024(H5N1)	1328	0
PA|PP755594.1|A/cattle/Texas/24-008749-003/2024(H5N1)	1329	0
PA|PP755594.1|A/cattle/Texas/24-008749-003/2024(H5N1)	1330	0
PA|PP755594.1|A/cattle/Texas/24-008749-003/2024(H5N1)	1331	0
PA|PP755594.1|A/cattle/Texas/24-008749-003/2024(H5N1)	1332	0
PA|PP755594.1|A/cattle/Texas/24-008749-003/2024(H5N1)	1333	0
PA|PP755594.1|A/cattle/Texas/24-008749-003/2024(H5N1)	1334	0
PA|PP755594.1|A/cattle/Texas/24-008749-003/2024(H5N1)	1335	0
PA|PP755594.1|A/cattle/Texas/24-008749-003/2024(H5N1)	1336	0
PA|PP755594.1|A/cattle/Texas/24-008749-003/2024(H5N1)	1337	0
PA|PP755594.1|A/cattle/Texas/24-008749-003/2024(H5N1)	1338	0
PA|PP755594.1|A/cattle/Texas/24-008749-003/2024(H5N1)	1339	0
PA|PP755594.1|A/cattle/Texas/24-008749-003/2024(H5N1)	1340	0
PA|PP755594.1|A/cattle/Texas/24-008749-003/2024(H5N1)	1341	0
PA|PP755594.1|A/cattle/Texas/24-008749-003/2024(H5N1)	1342	0
PA|PP755594.1|A/cattle/Texas/24-008749-003/2024(H5N1)	1343	0
PA|PP755594.1|A/cattle/Texas/24-008749-003/2024(H5N1)	1344	0
PA|PP755594.1|A/cattle/Texas/24-008749-003/2024(H5N1)	1345	0
PA|PP755594.1|A/cattle/Texas/24-008749-003/2024(H5N1)	1346	0
PA|PP755594.1|A/cattle/Texas/24-008749-003/2024(H5N1)	1347	0
PA|PP755594.1|A/cattle/Texas/24-008749-003/2024(H5N1)	1348	0
PA|PP755594.1|A/cattle/Texas/24-008749-003/2024(H5N1)	1349	0
PA|PP755594.1|A/cattle/Texas/24-008749-003/2024(H5N1)	1350	0
PA|PP755594.1|A/cattle/Texas/24-008749-003/2024(H5N1)	1351	0
PA|PP755594.1|A/cattle/Texas/24-008749-003/2024(H5N1)	1352	0
PA|PP755594.1|A/cattle/Texas/24-008749-003/2024(H5N1)	1353	0
PA|PP755594.1|A/cattle/Texas/24-008749-003/2024(H5N1)	1354	0
PA|PP755594.1|A/cattle/Texas/24-008749-003/2024(H5N1)	1355	0
PA|PP755594.1|A/cattle/Texas/24-008749-003/2024(H5N1)	1356	0
PA|PP755594.1|A/cattle/Texas/24-008749-003/2024(H5N1)	1357	0
PA|PP755594.1|A/cattle/Texas/24-008749-003/2024(H5N1)	1358	0
PA|PP755594.1|A/cattle/Texas/24-008749-003/2024(H5N1)	1359	0
PA|PP755594.1|A/cattle/Texas/24-008749-003/2024(H5N1)	1360	0
PA|PP755594.1|A/cattle/Texas/24-008749-003/2024(H5N1)	1361	0
PA|PP755594.1|A/cattle/Texas/24-008749-003/2024(H5N1)	1362	0
PA|PP755594.1|A/cattle/Texas/24-008749-003/2024(H5N1)	1363	0
PA|PP755594.1|A/cattle/Texas/24-008749-003/2024(H5N1)	1364	0
PA|PP755594.1|A/cattle/Texas/24-008749-003/2024(H5N1)	1365	0
PA|PP755594.1|A/cattle/Texas/24-008749-003/2024(H5N1)	1366	0
PA|PP755594.1|A/cattle/Texas/24-008749-003/2024(H5N1)	1367	0
PA|PP755594.1|A/cattle/Texas/24-008749-003/2024(H5N1)	1368	0
PA|PP755594.1|A/cattle/Texas/24-008749-003/2024(H5N1)	1369	1
PA|PP755594.1|A/cattle/Texas/24-008749-003/2024(H5N1)	1370	1
PA|PP755594.1|A/cattle/Texas/24-008749-003/2024(H5N1)	1371	1
PA|PP755594.1|A/cattle/Texas/24-008749-003/2024(H5N1)	1372	1
PA|PP755594.1|A/cattle/Texas/24-008749-003/2024(H5N1)	1373	3
PA|PP755594.1|A/cattle/Texas/24-008749-003/2024(H5N1)	1374	3
PA|PP755594.1|A/cattle/Texas/24-008749-003/2024(H5N1)	1375	71
PA|PP755594.1|A/cattle/Texas/24-008749-003/2024(H5N1)	1376	71
PA|PP755594.1|A/cattle/Texas/24-008749-003/2024(H5N1)	1377	71
PA|PP755594.1|A/cattle/Texas/24-008749-003/2024(H5N1)	1378	71
PA|PP755594.1|A/cattle/Texas/24-008749-003/2024(H5N1)	1379	71
PA|PP755594.1|A/cattle/Texas/24-008749-003/2024(H5N1)	1380	71
PA|PP755594.1|A/cattle/Texas/24-008749-003/2024(H5N1)	1381	71
PA|PP755594.1|A/cattle/Texas/24-008749-003/2024(H5N1)	1382	72
PA|PP755594.1|A/cattle/Texas/24-008749-003/2024(H5N1)	1383	72
PA|PP755594.1|A/cattle/Texas/24-008749-003/2024(H5N1)	1384	72
PA|PP755594.1|A/cattle/Texas/24-008749-003/2024(H5N1)	1385	72
PA|PP755594.1|A/cattle/Texas/24-008749-003/2024(H5N1)	1386	72
PA|PP755594.1|A/cattle/Texas/24-008749-003/2024(H5N1)	1387	72
PA|PP755594.1|A/cattle/Texas/24-008749-003/2024(H5N1)	1388	72
PA|PP755594.1|A/cattle/Texas/24-008749-003/2024(H5N1)	1389	72
PA|PP755594.1|A/cattle/Texas/24-008749-003/2024(H5N1)	1390	72
PA|PP755594.1|A/cattle/Texas/24-008749-003/2024(H5N1)	1391	72
PA|PP755594.1|A/cattle/Texas/24-008749-003/2024(H5N1)	1392	72
PA|PP755594.1|A/cattle/Texas/24-008749-003/2024(H5N1)	1393	72
PA|PP755594.1|A/cattle/Texas/24-008749-003/2024(H5N1)	1394	70
PA|PP755594.1|A/cattle/Texas/24-008749-003/2024(H5N1)	1395	70
PA|PP755594.1|A/cattle/Texas/24-008749-003/2024(H5N1)	1396	69
PA|PP755594.1|A/cattle/Texas/24-008749-003/2024(H5N1)	1397	68
PA|PP755594.1|A/cattle/Texas/24-008749-003/2024(H5N1)	1398	68
PA|PP755594.1|A/cattle/Texas/24-008749-003/2024(H5N1)	1399	67
PA|PP755594.1|A/cattle/Texas/24-008749-003/2024(H5N1)	1400	67
PA|PP755594.1|A/cattle/Texas/24-008749-003/2024(H5N1)	1401	64
PA|PP755594.1|A/cattle/Texas/24-008749-003/2024(H5N1)	1402	64
PA|PP755594.1|A/cattle/Texas/24-008749-003/2024(H5N1)	1403	64
PA|PP755594.1|A/cattle/Texas/24-008749-003/2024(H5N1)	1404	24
PA|PP755594.1|A/cattle/Texas/24-008749-003/2024(H5N1)	1405	24
PA|PP755594.1|A/cattle/Texas/24-008749-003/2024(H5N1)	1406	24
PA|PP755594.1|A/cattle/Texas/24-008749-003/2024(H5N1)	1407	24
PA|PP755594.1|A/cattle/Texas/24-008749-003/2024(H5N1)	1408	24
PA|PP755594.1|A/cattle/Texas/24-008749-003/2024(H5N1)	1409	24
PA|PP755594.1|A/cattle/Texas/24-008749-003/2024(H5N1)	1410	24
PA|PP755594.1|A/cattle/Texas/24-008749-003/2024(H5N1)	1411	24
PA|PP755594.1|A/cattle/Texas/24-008749-003/2024(H5N1)	1412	24
PA|PP755594.1|A/cattle/Texas/24-008749-003/2024(H5N1)	1413	24
PA|PP755594.1|A/cattle/Texas/24-008749-003/2024(H5N1)	1414	24
PA|PP755594.1|A/cattle/Texas/24-008749-003/2024(H5N1)	1415	24
PA|PP755594.1|A/cattle/Texas/24-008749-003/2024(H5N1)	1416	24
PA|PP755594.1|A/cattle/Texas/24-008749-003/2024(H5N1)	1417	24
PA|PP755594.1|A/cattle/Texas/24-008749-003/2024(H5N1)	1418	24
PA|PP755594.1|A/cattle/Texas/24-008749-003/2024(H5N1)	1419	24
PA|PP755594.1|A/cattle/Texas/24-008749-003/2024(H5N1)	1420	24
PA|PP755594.1|A/cattle/Texas/24-008749-003/2024(H5N1)	1421	24
PA|PP755594.1|A/cattle/Texas/24-008749-003/2024(H5N1)	1422	24
PA|PP755594.1|A/cattle/Texas/24-008749-003/2024(H5N1)	1423	24
PA|PP755594.1|A/cattle/Texas/24-008749-003/2024(H5N1)	1424	24
PA|PP755594.1|A/cattle/Texas/24-008749-003/2024(H5N1)	1425	24
PA|PP755594.1|A/cattle/Texas/24-008749-003/2024(H5N1)	1426	24
PA|PP755594.1|A/cattle/Texas/24-008749-003/2024(H5N1)	1427	24
PA|PP755594.1|A/cattle/Texas/24-008749-003/2024(H5N1)	1428	24
PA|PP755594.1|A/cattle/Texas/24-008749-003/2024(H5N1)	1429	24
PA|PP755594.1|A/cattle/Texas/24-008749-003/2024(H5N1)	1430	24
PA|PP755594.1|A/cattle/Texas/24-008749-003/2024(H5N1)	1431	24
PA|PP755594.1|A/cattle/Texas/24-008749-003/2024(H5N1)	1432	24
PA|PP755594.1|A/cattle/Texas/24-008749-003/2024(H5N1)	1433	24
PA|PP755594.1|A/cattle/Texas/24-008749-003/2024(H5N1)	1434	24
PA|PP755594.1|A/cattle/Texas/24-008749-003/2024(H5N1)	1435	24
PA|PP755594.1|A/cattle/Texas/24-008749-003/2024(H5N1)	1436	24
PA|PP755594.1|A/cattle/Texas/24-008749-003/2024(H5N1)	1437	24
PA|PP755594.1|A/cattle/Texas/24-008749-003/2024(H5N1)	1438	24
PA|PP755594.1|A/cattle/Texas/24-008749-003/2024(H5N1)	1439	24
PA|PP755594.1|A/cattle/Texas/24-008749-003/2024(H5N1)	1440	24
PA|PP755594.1|A/cattle/Texas/24-008749-003/2024(H5N1)	1441	24
PA|PP755594.1|A/cattle/Texas/24-008749-003/2024(H5N1)	1442	24
PA|PP755594.1|A/cattle/Texas/24-008749-003/2024(H5N1)	1443	24
PA|PP755594.1|A/cattle/Texas/24-008749-003/2024(H5N1)	1444	24
PA|PP755594.1|A/cattle/Texas/24-008749-003/2024(H5N1)	1445	24
PA|PP755594.1|A/cattle/Texas/24-008749-003/2024(H5N1)	1446	24
PA|PP755594.1|A/cattle/Texas/24-008749-003/2024(H5N1)	1447	24
PA|PP755594.1|A/cattle/Texas/24-008749-003/2024(H5N1)	1448	24
PA|PP755594.1|A/cattle/Texas/24-008749-003/2024(H5N1)	1449	24
PA|PP755594.1|A/cattle/Texas/24-008749-003/2024(H5N1)	1450	37
PA|PP755594.1|A/cattle/Texas/24-008749-003/2024(H5N1)	1451	37
PA|PP755594.1|A/cattle/Texas/24-008749-003/2024(H5N1)	1452	37
PA|PP755594.1|A/cattle/Texas/24-008749-003/2024(H5N1)	1453	37
PA|PP755594.1|A/cattle/Texas/24-008749-003/2024(H5N1)	1454	37
PA|PP755594.1|A/cattle/Texas/24-008749-003/2024(H5N1)	1455	37
PA|PP755594.1|A/cattle/Texas/24-008749-003/2024(H5N1)	1456	37
PA|PP755594.1|A/cattle/Texas/24-008749-003/2024(H5N1)	1457	37
PA|PP755594.1|A/cattle/Texas/24-008749-003/2024(H5N1)	1458	37
PA|PP755594.1|A/cattle/Texas/24-008749-003/2024(H5N1)	1459	37
PA|PP755594.1|A/cattle/Texas/24-008749-003/2024(H5N1)	1460	37
PA|PP755594.1|A/cattle/Texas/24-008749-003/2024(H5N1)	1461	37
PA|PP755594.1|A/cattle/Texas/24-008749-003/2024(H5N1)	1462	37
PA|PP755594.1|A/cattle/Texas/24-008749-003/2024(H5N1)	1463	37
PA|PP755594.1|A/cattle/Texas/24-008749-003/2024(H5N1)	1464	37
PA|PP755594.1|A/cattle/Texas/24-008749-003/2024(H5N1)	1465	40
PA|PP755594.1|A/cattle/Texas/24-008749-003/2024(H5N1)	1466	40
PA|PP755594.1|A/cattle/Texas/24-008749-003/2024(H5N1)	1467	40
PA|PP755594.1|A/cattle/Texas/24-008749-003/2024(H5N1)	1468	40
PA|PP755594.1|A/cattle/Texas/24-008749-003/2024(H5N1)	1469	40
PA|PP755594.1|A/cattle/Texas/24-008749-003/2024(H5N1)	1470	40
PA|PP755594.1|A/cattle/Texas/24-008749-003/2024(H5N1)	1471	40
PA|PP755594.1|A/cattle/Texas/24-008749-003/2024(H5N1)	1472	40
PA|PP755594.1|A/cattle/Texas/24-008749-003/2024(H5N1)	1473	40
PA|PP755594.1|A/cattle/Texas/24-008749-003/2024(H5N1)	1474	43
PA|PP755594.1|A/cattle/Texas/24-008749-003/2024(H5N1)	1475	45
PA|PP755594.1|A/cattle/Texas/24-008749-003/2024(H5N1)	1476	45
PA|PP755594.1|A/cattle/Texas/24-008749-003/2024(H5N1)	1477	45
PA|PP755594.1|A/cattle/Texas/24-008749-003/2024(H5N1)	1478	45
PA|PP755594.1|A/cattle/Texas/24-008749-003/2024(H5N1)	1479	45
PA|PP755594.1|A/cattle/Texas/24-008749-003/2024(H5N1)	1480	45
PA|PP755594.1|A/cattle/Texas/24-008749-003/2024(H5N1)	1481	45
PA|PP755594.1|A/cattle/Texas/24-008749-003/2024(H5N1)	1482	45
PA|PP755594.1|A/cattle/Texas/24-008749-003/2024(H5N1)	1483	45
PA|PP755594.1|A/cattle/Texas/24-008749-003/2024(H5N1)	1484	45
PA|PP755594.1|A/cattle/Texas/24-008749-003/2024(H5N1)	1485	45
PA|PP755594.1|A/cattle/Texas/24-008749-003/2024(H5N1)	1486	45
PA|PP755594.1|A/cattle/Texas/24-008749-003/2024(H5N1)	1487	45
PA|PP755594.1|A/cattle/Texas/24-008749-003/2024(H5N1)	1488	45
PA|PP755594.1|A/cattle/Texas/24-008749-003/2024(H5N1)	1489	45
PA|PP755594.1|A/cattle/Texas/24-008749-003/2024(H5N1)	1490	45
PA|PP755594.1|A/cattle/Texas/24-008749-003/2024(H5N1)	1491	46
PA|PP755594.1|A/cattle/Texas/24-008749-003/2024(H5N1)	1492	47
PA|PP755594.1|A/cattle/Texas/24-008749-003/2024(H5N1)	1493	47
PA|PP755594.1|A/cattle/Texas/24-008749-003/2024(H5N1)	1494	47
PA|PP755594.1|A/cattle/Texas/24-008749-003/2024(H5N1)	1495	47
PA|PP755594.1|A/cattle/Texas/24-008749-003/2024(H5N1)	1496	47
PA|PP755594.1|A/cattle/Texas/24-008749-003/2024(H5N1)	1497	47
PA|PP755594.1|A/cattle/Texas/24-008749-003/2024(H5N1)	1498	47
PA|PP755594.1|A/cattle/Texas/24-008749-003/2024(H5N1)	1499	47
PA|PP755594.1|A/cattle/Texas/24-008749-003/2024(H5N1)	1500	48
PA|PP755594.1|A/cattle/Texas/24-008749-003/2024(H5N1)	1501	48
PA|PP755594.1|A/cattle/Texas/24-008749-003/2024(H5N1)	1502	48
PA|PP755594.1|A/cattle/Texas/24-008749-003/2024(H5N1)	1503	47
PA|PP755594.1|A/cattle/Texas/24-008749-003/2024(H5N1)	1504	47
PA|PP755594.1|A/cattle/Texas/24-008749-003/2024(H5N1)	1505	47
PA|PP755594.1|A/cattle/Texas/24-008749-003/2024(H5N1)	1506	47
PA|PP755594.1|A/cattle/Texas/24-008749-003/2024(H5N1)	1507	46
PA|PP755594.1|A/cattle/Texas/24-008749-003/2024(H5N1)	1508	46
PA|PP755594.1|A/cattle/Texas/24-008749-003/2024(H5N1)	1509	46
PA|PP755594.1|A/cattle/Texas/24-008749-003/2024(H5N1)	1510	46
PA|PP755594.1|A/cattle/Texas/24-008749-003/2024(H5N1)	1511	46
PA|PP755594.1|A/cattle/Texas/24-008749-003/2024(H5N1)	1512	43
PA|PP755594.1|A/cattle/Texas/24-008749-003/2024(H5N1)	1513	44
PA|PP755594.1|A/cattle/Texas/24-008749-003/2024(H5N1)	1514	43
PA|PP755594.1|A/cattle/Texas/24-008749-003/2024(H5N1)	1515	39
PA|PP755594.1|A/cattle/Texas/24-008749-003/2024(H5N1)	1516	39
PA|PP755594.1|A/cattle/Texas/24-008749-003/2024(H5N1)	1517	38
PA|PP755594.1|A/cattle/Texas/24-008749-003/2024(H5N1)	1518	38
PA|PP755594.1|A/cattle/Texas/24-008749-003/2024(H5N1)	1519	39
PA|PP755594.1|A/cattle/Texas/24-008749-003/2024(H5N1)	1520	38
PA|PP755594.1|A/cattle/Texas/24-008749-003/2024(H5N1)	1521	38
PA|PP755594.1|A/cattle/Texas/24-008749-003/2024(H5N1)	1522	30
PA|PP755594.1|A/cattle/Texas/24-008749-003/2024(H5N1)	1523	30
PA|PP755594.1|A/cattle/Texas/24-008749-003/2024(H5N1)	1524	30
PA|PP755594.1|A/cattle/Texas/24-008749-003/2024(H5N1)	1525	30
PA|PP755594.1|A/cattle/Texas/24-008749-003/2024(H5N1)	1526	28
PA|PP755594.1|A/cattle/Texas/24-008749-003/2024(H5N1)	1527	28
PA|PP755594.1|A/cattle/Texas/24-008749-003/2024(H5N1)	1528	29
PA|PP755594.1|A/cattle/Texas/24-008749-003/2024(H5N1)	1529	30
PA|PP755594.1|A/cattle/Texas/24-008749-003/2024(H5N1)	1530	30
PA|PP755594.1|A/cattle/Texas/24-008749-003/2024(H5N1)	1531	30
PA|PP755594.1|A/cattle/Texas/24-008749-003/2024(H5N1)	1532	30
PA|PP755594.1|A/cattle/Texas/24-008749-003/2024(H5N1)	1533	30
PA|PP755594.1|A/cattle/Texas/24-008749-003/2024(H5N1)	1534	30
PA|PP755594.1|A/cattle/Texas/24-008749-003/2024(H5N1)	1535	30
PA|PP755594.1|A/cattle/Texas/24-008749-003/2024(H5N1)	1536	30
PA|PP755594.1|A/cattle/Texas/24-008749-003/2024(H5N1)	1537	30
PA|PP755594.1|A/cattle/Texas/24-008749-003/2024(H5N1)	1538	30
PA|PP755594.1|A/cattle/Texas/24-008749-003/2024(H5N1)	1539	29
PA|PP755594.1|A/cattle/Texas/24-008749-003/2024(H5N1)	1540	29
PA|PP755594.1|A/cattle/Texas/24-008749-003/2024(H5N1)	1541	29
PA|PP755594.1|A/cattle/Texas/24-008749-003/2024(H5N1)	1542	29
PA|PP755594.1|A/cattle/Texas/24-008749-003/2024(H5N1)	1543	29
PA|PP755594.1|A/cattle/Texas/24-008749-003/2024(H5N1)	1544	29
PA|PP755594.1|A/cattle/Texas/24-008749-003/2024(H5N1)	1545	26
PA|PP755594.1|A/cattle/Texas/24-008749-003/2024(H5N1)	1546	26
PA|PP755594.1|A/cattle/Texas/24-008749-003/2024(H5N1)	1547	26
PA|PP755594.1|A/cattle/Texas/24-008749-003/2024(H5N1)	1548	26
PA|PP755594.1|A/cattle/Texas/24-008749-003/2024(H5N1)	1549	26
PA|PP755594.1|A/cattle/Texas/24-008749-003/2024(H5N1)	1550	26
PA|PP755594.1|A/cattle/Texas/24-008749-003/2024(H5N1)	1551	23
PA|PP755594.1|A/cattle/Texas/24-008749-003/2024(H5N1)	1552	23
PA|PP755594.1|A/cattle/Texas/24-008749-003/2024(H5N1)	1553	23
PA|PP755594.1|A/cattle/Texas/24-008749-003/2024(H5N1)	1554	23
PA|PP755594.1|A/cattle/Texas/24-008749-003/2024(H5N1)	1555	23
PA|PP755594.1|A/cattle/Texas/24-008749-003/2024(H5N1)	1556	23
PA|PP755594.1|A/cattle/Texas/24-008749-003/2024(H5N1)	1557	23
PA|PP755594.1|A/cattle/Texas/24-008749-003/2024(H5N1)	1558	34
PA|PP755594.1|A/cattle/Texas/24-008749-003/2024(H5N1)	1559	35
PA|PP755594.1|A/cattle/Texas/24-008749-003/2024(H5N1)	1560	36
PA|PP755594.1|A/cattle/Texas/24-008749-003/2024(H5N1)	1561	36
PA|PP755594.1|A/cattle/Texas/24-008749-003/2024(H5N1)	1562	36
PA|PP755594.1|A/cattle/Texas/24-008749-003/2024(H5N1)	1563	36
PA|PP755594.1|A/cattle/Texas/24-008749-003/2024(H5N1)	1564	36
PA|PP755594.1|A/cattle/Texas/24-008749-003/2024(H5N1)	1565	36
PA|PP755594.1|A/cattle/Texas/24-008749-003/2024(H5N1)	1566	36
PA|PP755594.1|A/cattle/Texas/24-008749-003/2024(H5N1)	1567	36
PA|PP755594.1|A/cattle/Texas/24-008749-003/2024(H5N1)	1568	36
PA|PP755594.1|A/cattle/Texas/24-008749-003/2024(H5N1)	1569	36
PA|PP755594.1|A/cattle/Texas/24-008749-003/2024(H5N1)	1570	36
PA|PP755594.1|A/cattle/Texas/24-008749-003/2024(H5N1)	1571	36
PA|PP755594.1|A/cattle/Texas/24-008749-003/2024(H5N1)	1572	36
PA|PP755594.1|A/cattle/Texas/24-008749-003/2024(H5N1)	1573	36
PA|PP755594.1|A/cattle/Texas/24-008749-003/2024(H5N1)	1574	36
PA|PP755594.1|A/cattle/Texas/24-008749-003/2024(H5N1)	1575	34
PA|PP755594.1|A/cattle/Texas/24-008749-003/2024(H5N1)	1576	34
PA|PP755594.1|A/cattle/Texas/24-008749-003/2024(H5N1)	1577	34
PA|PP755594.1|A/cattle/Texas/24-008749-003/2024(H5N1)	1578	34
PA|PP755594.1|A/cattle/Texas/24-008749-003/2024(H5N1)	1579	34
PA|PP755594.1|A/cattle/Texas/24-008749-003/2024(H5N1)	1580	34
PA|PP755594.1|A/cattle/Texas/24-008749-003/2024(H5N1)	1581	32
PA|PP755594.1|A/cattle/Texas/24-008749-003/2024(H5N1)	1582	32
PA|PP755594.1|A/cattle/Texas/24-008749-003/2024(H5N1)	1583	32
PA|PP755594.1|A/cattle/Texas/24-008749-003/2024(H5N1)	1584	32
PA|PP755594.1|A/cattle/Texas/24-008749-003/2024(H5N1)	1585	32
PA|PP755594.1|A/cattle/Texas/24-008749-003/2024(H5N1)	1586	32
PA|PP755594.1|A/cattle/Texas/24-008749-003/2024(H5N1)	1587	27
PA|PP755594.1|A/cattle/Texas/24-008749-003/2024(H5N1)	1588	27
PA|PP755594.1|A/cattle/Texas/24-008749-003/2024(H5N1)	1589	27
PA|PP755594.1|A/cattle/Texas/24-008749-003/2024(H5N1)	1590	27
PA|PP755594.1|A/cattle/Texas/24-008749-003/2024(H5N1)	1591	27
PA|PP755594.1|A/cattle/Texas/24-008749-003/2024(H5N1)	1592	27
PA|PP755594.1|A/cattle/Texas/24-008749-003/2024(H5N1)	1593	27
PA|PP755594.1|A/cattle/Texas/24-008749-003/2024(H5N1)	1594	40
PA|PP755594.1|A/cattle/Texas/24-008749-003/2024(H5N1)	1595	40
PA|PP755594.1|A/cattle/Texas/24-008749-003/2024(H5N1)	1596	40
PA|PP755594.1|A/cattle/Texas/24-008749-003/2024(H5N1)	1597	40
PA|PP755594.1|A/cattle/Texas/24-008749-003/2024(H5N1)	1598	40
PA|PP755594.1|A/cattle/Texas/24-008749-003/2024(H5N1)	1599	40
PA|PP755594.1|A/cattle/Texas/24-008749-003/2024(H5N1)	1600	40
PA|PP755594.1|A/cattle/Texas/24-008749-003/2024(H5N1)	1601	40
PA|PP755594.1|A/cattle/Texas/24-008749-003/2024(H5N1)	1602	40
PA|PP755594.1|A/cattle/Texas/24-008749-003/2024(H5N1)	1603	40
PA|PP755594.1|A/cattle/Texas/24-008749-003/2024(H5N1)	1604	40
PA|PP755594.1|A/cattle/Texas/24-008749-003/2024(H5N1)	1605	40
PA|PP755594.1|A/cattle/Texas/24-008749-003/2024(H5N1)	1606	40
PA|PP755594.1|A/cattle/Texas/24-008749-003/2024(H5N1)	1607	40
PA|PP755594.1|A/cattle/Texas/24-008749-003/2024(H5N1)	1608	40
PA|PP755594.1|A/cattle/Texas/24-008749-003/2024(H5N1)	1609	41
PA|PP755594.1|A/cattle/Texas/24-008749-003/2024(H5N1)	1610	41
PA|PP755594.1|A/cattle/Texas/24-008749-003/2024(H5N1)	1611	41
PA|PP755594.1|A/cattle/Texas/24-008749-003/2024(H5N1)	1612	41
PA|PP755594.1|A/cattle/Texas/24-008749-003/2024(H5N1)	1613	41
PA|PP755594.1|A/cattle/Texas/24-008749-003/2024(H5N1)	1614	40
PA|PP755594.1|A/cattle/Texas/24-008749-003/2024(H5N1)	1615	41
PA|PP755594.1|A/cattle/Texas/24-008749-003/2024(H5N1)	1616	41
PA|PP755594.1|A/cattle/Texas/24-008749-003/2024(H5N1)	1617	42
PA|PP755594.1|A/cattle/Texas/24-008749-003/2024(H5N1)	1618	42
PA|PP755594.1|A/cattle/Texas/24-008749-003/2024(H5N1)	1619	43
PA|PP755594.1|A/cattle/Texas/24-008749-003/2024(H5N1)	1620	43
PA|PP755594.1|A/cattle/Texas/24-008749-003/2024(H5N1)	1621	41
PA|PP755594.1|A/cattle/Texas/24-008749-003/2024(H5N1)	1622	41
PA|PP755594.1|A/cattle/Texas/24-008749-003/2024(H5N1)	1623	41
PA|PP755594.1|A/cattle/Texas/24-008749-003/2024(H5N1)	1624	41
PA|PP755594.1|A/cattle/Texas/24-008749-003/2024(H5N1)	1625	41
PA|PP755594.1|A/cattle/Texas/24-008749-003/2024(H5N1)	1626	40
PA|PP755594.1|A/cattle/Texas/24-008749-003/2024(H5N1)	1627	45
PA|PP755594.1|A/cattle/Texas/24-008749-003/2024(H5N1)	1628	45
PA|PP755594.1|A/cattle/Texas/24-008749-003/2024(H5N1)	1629	45
PA|PP755594.1|A/cattle/Texas/24-008749-003/2024(H5N1)	1630	45
PA|PP755594.1|A/cattle/Texas/24-008749-003/2024(H5N1)	1631	45
PA|PP755594.1|A/cattle/Texas/24-008749-003/2024(H5N1)	1632	45
PA|PP755594.1|A/cattle/Texas/24-008749-003/2024(H5N1)	1633	47
PA|PP755594.1|A/cattle/Texas/24-008749-003/2024(H5N1)	1634	47
PA|PP755594.1|A/cattle/Texas/24-008749-003/2024(H5N1)	1635	47
PA|PP755594.1|A/cattle/Texas/24-008749-003/2024(H5N1)	1636	47
PA|PP755594.1|A/cattle/Texas/24-008749-003/2024(H5N1)	1637	47
PA|PP755594.1|A/cattle/Texas/24-008749-003/2024(H5N1)	1638	45
PA|PP755594.1|A/cattle/Texas/24-008749-003/2024(H5N1)	1639	45
PA|PP755594.1|A/cattle/Texas/24-008749-003/2024(H5N1)	1640	45
PA|PP755594.1|A/cattle/Texas/24-008749-003/2024(H5N1)	1641	45
PA|PP755594.1|A/cattle/Texas/24-008749-003/2024(H5N1)	1642	45
PA|PP755594.1|A/cattle/Texas/24-008749-003/2024(H5N1)	1643	45
PA|PP755594.1|A/cattle/Texas/24-008749-003/2024(H5N1)	1644	45
PA|PP755594.1|A/cattle/Texas/24-008749-003/2024(H5N1)	1645	46
PA|PP755594.1|A/cattle/Texas/24-008749-003/2024(H5N1)	1646	46
PA|PP755594.1|A/cattle/Texas/24-008749-003/2024(H5N1)	1647	46
PA|PP755594.1|A/cattle/Texas/24-008749-003/2024(H5N1)	1648	45
PA|PP755594.1|A/cattle/Texas/24-008749-003/2024(H5N1)	1649	45
PA|PP755594.1|A/cattle/Texas/24-008749-003/2024(H5N1)	1650	43
PA|PP755594.1|A/cattle/Texas/24-008749-003/2024(H5N1)	1651	47
PA|PP755594.1|A/cattle/Texas/24-008749-003/2024(H5N1)	1652	47
PA|PP755594.1|A/cattle/Texas/24-008749-003/2024(H5N1)	1653	50
PA|PP755594.1|A/cattle/Texas/24-008749-003/2024(H5N1)	1654	50
PA|PP755594.1|A/cattle/Texas/24-008749-003/2024(H5N1)	1655	51
PA|PP755594.1|A/cattle/Texas/24-008749-003/2024(H5N1)	1656	51
PA|PP755594.1|A/cattle/Texas/24-008749-003/2024(H5N1)	1657	54
PA|PP755594.1|A/cattle/Texas/24-008749-003/2024(H5N1)	1658	57
PA|PP755594.1|A/cattle/Texas/24-008749-003/2024(H5N1)	1659	57
PA|PP755594.1|A/cattle/Texas/24-008749-003/2024(H5N1)	1660	57
PA|PP755594.1|A/cattle/Texas/24-008749-003/2024(H5N1)	1661	57
PA|PP755594.1|A/cattle/Texas/24-008749-003/2024(H5N1)	1662	57
PA|PP755594.1|A/cattle/Texas/24-008749-003/2024(H5N1)	1663	57
PA|PP755594.1|A/cattle/Texas/24-008749-003/2024(H5N1)	1664	62
PA|PP755594.1|A/cattle/Texas/24-008749-003/2024(H5N1)	1665	62
PA|PP755594.1|A/cattle/Texas/24-008749-003/2024(H5N1)	1666	61
PA|PP755594.1|A/cattle/Texas/24-008749-003/2024(H5N1)	1667	62
PA|PP755594.1|A/cattle/Texas/24-008749-003/2024(H5N1)	1668	62
PA|PP755594.1|A/cattle/Texas/24-008749-003/2024(H5N1)	1669	66
PA|PP755594.1|A/cattle/Texas/24-008749-003/2024(H5N1)	1670	68
PA|PP755594.1|A/cattle/Texas/24-008749-003/2024(H5N1)	1671	70
PA|PP755594.1|A/cattle/Texas/24-008749-003/2024(H5N1)	1672	70
PA|PP755594.1|A/cattle/Texas/24-008749-003/2024(H5N1)	1673	68
PA|PP755594.1|A/cattle/Texas/24-008749-003/2024(H5N1)	1674	68
PA|PP755594.1|A/cattle/Texas/24-008749-003/2024(H5N1)	1675	70
PA|PP755594.1|A/cattle/Texas/24-008749-003/2024(H5N1)	1676	70
PA|PP755594.1|A/cattle/Texas/24-008749-003/2024(H5N1)	1677	70
PA|PP755594.1|A/cattle/Texas/24-008749-003/2024(H5N1)	1678	76
PA|PP755594.1|A/cattle/Texas/24-008749-003/2024(H5N1)	1679	77
PA|PP755594.1|A/cattle/Texas/24-008749-003/2024(H5N1)	1680	78
PA|PP755594.1|A/cattle/Texas/24-008749-003/2024(H5N1)	1681	79
PA|PP755594.1|A/cattle/Texas/24-008749-003/2024(H5N1)	1682	80
PA|PP755594.1|A/cattle/Texas/24-008749-003/2024(H5N1)	1683	80
PA|PP755594.1|A/cattle/Texas/24-008749-003/2024(H5N1)	1684	80
PA|PP755594.1|A/cattle/Texas/24-008749-003/2024(H5N1)	1685	80
PA|PP755594.1|A/cattle/Texas/24-008749-003/2024(H5N1)	1686	80
PA|PP755594.1|A/cattle/Texas/24-008749-003/2024(H5N1)	1687	74
PA|PP755594.1|A/cattle/Texas/24-008749-003/2024(H5N1)	1688	74
PA|PP755594.1|A/cattle/Texas/24-008749-003/2024(H5N1)	1689	75
PA|PP755594.1|A/cattle/Texas/24-008749-003/2024(H5N1)	1690	75
PA|PP755594.1|A/cattle/Texas/24-008749-003/2024(H5N1)	1691	75
PA|PP755594.1|A/cattle/Texas/24-008749-003/2024(H5N1)	1692	75
PA|PP755594.1|A/cattle/Texas/24-008749-003/2024(H5N1)	1693	75
PA|PP755594.1|A/cattle/Texas/24-008749-003/2024(H5N1)	1694	75
PA|PP755594.1|A/cattle/Texas/24-008749-003/2024(H5N1)	1695	76
PA|PP755594.1|A/cattle/Texas/24-008749-003/2024(H5N1)	1696	76
PA|PP755594.1|A/cattle/Texas/24-008749-003/2024(H5N1)	1697	76
PA|PP755594.1|A/cattle/Texas/24-008749-003/2024(H5N1)	1698	72
PA|PP755594.1|A/cattle/Texas/24-008749-003/2024(H5N1)	1699	72
PA|PP755594.1|A/cattle/Texas/24-008749-003/2024(H5N1)	1700	75
PA|PP755594.1|A/cattle/Texas/24-008749-003/2024(H5N1)	1701	75
PA|PP755594.1|A/cattle/Texas/24-008749-003/2024(H5N1)	1702	81
PA|PP755594.1|A/cattle/Texas/24-008749-003/2024(H5N1)	1703	81
PA|PP755594.1|A/cattle/Texas/24-008749-003/2024(H5N1)	1704	83
PA|PP755594.1|A/cattle/Texas/24-008749-003/2024(H5N1)	1705	78
PA|PP755594.1|A/cattle/Texas/24-008749-003/2024(H5N1)	1706	83
PA|PP755594.1|A/cattle/Texas/24-008749-003/2024(H5N1)	1707	83
PA|PP755594.1|A/cattle/Texas/24-008749-003/2024(H5N1)	1708	83
PA|PP755594.1|A/cattle/Texas/24-008749-003/2024(H5N1)	1709	84
PA|PP755594.1|A/cattle/Texas/24-008749-003/2024(H5N1)	1710	84
PA|PP755594.1|A/cattle/Texas/24-008749-003/2024(H5N1)	1711	86
PA|PP755594.1|A/cattle/Texas/24-008749-003/2024(H5N1)	1712	86
PA|PP755594.1|A/cattle/Texas/24-008749-003/2024(H5N1)	1713	86
PA|PP755594.1|A/cattle/Texas/24-008749-003/2024(H5N1)	1714	86
PA|PP755594.1|A/cattle/Texas/24-008749-003/2024(H5N1)	1715	87
PA|PP755594.1|A/cattle/Texas/24-008749-003/2024(H5N1)	1716	87
PA|PP755594.1|A/cattle/Texas/24-008749-003/2024(H5N1)	1717	87
PA|PP755594.1|A/cattle/Texas/24-008749-003/2024(H5N1)	1718	87
PA|PP755594.1|A/cattle/Texas/24-008749-003/2024(H5N1)	1719	87
PA|PP755594.1|A/cattle/Texas/24-008749-003/2024(H5N1)	1720	88
PA|PP755594.1|A/cattle/Texas/24-008749-003/2024(H5N1)	1721	88
PA|PP755594.1|A/cattle/Texas/24-008749-003/2024(H5N1)	1722	88
PA|PP755594.1|A/cattle/Texas/24-008749-003/2024(H5N1)	1723	88
PA|PP755594.1|A/cattle/Texas/24-008749-003/2024(H5N1)	1724	89
PA|PP755594.1|A/cattle/Texas/24-008749-003/2024(H5N1)	1725	90
PA|PP755594.1|A/cattle/Texas/24-008749-003/2024(H5N1)	1726	92
PA|PP755594.1|A/cattle/Texas/24-008749-003/2024(H5N1)	1727	92
PA|PP755594.1|A/cattle/Texas/24-008749-003/2024(H5N1)	1728	92
PA|PP755594.1|A/cattle/Texas/24-008749-003/2024(H5N1)	1729	93
PA|PP755594.1|A/cattle/Texas/24-008749-003/2024(H5N1)	1730	99
PA|PP755594.1|A/cattle/Texas/24-008749-003/2024(H5N1)	1731	102
PA|PP755594.1|A/cattle/Texas/24-008749-003/2024(H5N1)	1732	101
PA|PP755594.1|A/cattle/Texas/24-008749-003/2024(H5N1)	1733	102
PA|PP755594.1|A/cattle/Texas/24-008749-003/2024(H5N1)	1734	96
PA|PP755594.1|A/cattle/Texas/24-008749-003/2024(H5N1)	1735	99
PA|PP755594.1|A/cattle/Texas/24-008749-003/2024(H5N1)	1736	99
PA|PP755594.1|A/cattle/Texas/24-008749-003/2024(H5N1)	1737	99
PA|PP755594.1|A/cattle/Texas/24-008749-003/2024(H5N1)	1738	100
PA|PP755594.1|A/cattle/Texas/24-008749-003/2024(H5N1)	1739	102
PA|PP755594.1|A/cattle/Texas/24-008749-003/2024(H5N1)	1740	105
PA|PP755594.1|A/cattle/Texas/24-008749-003/2024(H5N1)	1741	104
PA|PP755594.1|A/cattle/Texas/24-008749-003/2024(H5N1)	1742	104
PA|PP755594.1|A/cattle/Texas/24-008749-003/2024(H5N1)	1743	100
PA|PP755594.1|A/cattle/Texas/24-008749-003/2024(H5N1)	1744	101
PA|PP755594.1|A/cattle/Texas/24-008749-003/2024(H5N1)	1745	101
PA|PP755594.1|A/cattle/Texas/24-008749-003/2024(H5N1)	1746	100
PA|PP755594.1|A/cattle/Texas/24-008749-003/2024(H5N1)	1747	100
PA|PP755594.1|A/cattle/Texas/24-008749-003/2024(H5N1)	1748	101
PA|PP755594.1|A/cattle/Texas/24-008749-003/2024(H5N1)	1749	101
PA|PP755594.1|A/cattle/Texas/24-008749-003/2024(H5N1)	1750	101
PA|PP755594.1|A/cattle/Texas/24-008749-003/2024(H5N1)	1751	108
PA|PP755594.1|A/cattle/Texas/24-008749-003/2024(H5N1)	1752	108
PA|PP755594.1|A/cattle/Texas/24-008749-003/2024(H5N1)	1753	111
PA|PP755594.1|A/cattle/Texas/24-008749-003/2024(H5N1)	1754	111
PA|PP755594.1|A/cattle/Texas/24-008749-003/2024(H5N1)	1755	117
PA|PP755594.1|A/cattle/Texas/24-008749-003/2024(H5N1)	1756	120
PA|PP755594.1|A/cattle/Texas/24-008749-003/2024(H5N1)	1757	120
PA|PP755594.1|A/cattle/Texas/24-008749-003/2024(H5N1)	1758	120
PA|PP755594.1|A/cattle/Texas/24-008749-003/2024(H5N1)	1759	120
PA|PP755594.1|A/cattle/Texas/24-008749-003/2024(H5N1)	1760	120
PA|PP755594.1|A/cattle/Texas/24-008749-003/2024(H5N1)	1761	120
PA|PP755594.1|A/cattle/Texas/24-008749-003/2024(H5N1)	1762	120
PA|PP755594.1|A/cattle/Texas/24-008749-003/2024(H5N1)	1763	121
PA|PP755594.1|A/cattle/Texas/24-008749-003/2024(H5N1)	1764	121
PA|PP755594.1|A/cattle/Texas/24-008749-003/2024(H5N1)	1765	124
PA|PP755594.1|A/cattle/Texas/24-008749-003/2024(H5N1)	1766	126
PA|PP755594.1|A/cattle/Texas/24-008749-003/2024(H5N1)	1767	126
PA|PP755594.1|A/cattle/Texas/24-008749-003/2024(H5N1)	1768	126
PA|PP755594.1|A/cattle/Texas/24-008749-003/2024(H5N1)	1769	126
PA|PP755594.1|A/cattle/Texas/24-008749-003/2024(H5N1)	1770	122
PA|PP755594.1|A/cattle/Texas/24-008749-003/2024(H5N1)	1771	124
PA|PP755594.1|A/cattle/Texas/24-008749-003/2024(H5N1)	1772	124
PA|PP755594.1|A/cattle/Texas/24-008749-003/2024(H5N1)	1773	124
PA|PP755594.1|A/cattle/Texas/24-008749-003/2024(H5N1)	1774	125
PA|PP755594.1|A/cattle/Texas/24-008749-003/2024(H5N1)	1775	125
PA|PP755594.1|A/cattle/Texas/24-008749-003/2024(H5N1)	1776	125
PA|PP755594.1|A/cattle/Texas/24-008749-003/2024(H5N1)	1777	123
PA|PP755594.1|A/cattle/Texas/24-008749-003/2024(H5N1)	1778	123
PA|PP755594.1|A/cattle/Texas/24-008749-003/2024(H5N1)	1779	121
PA|PP755594.1|A/cattle/Texas/24-008749-003/2024(H5N1)	1780	121
PA|PP755594.1|A/cattle/Texas/24-008749-003/2024(H5N1)	1781	123
PA|PP755594.1|A/cattle/Texas/24-008749-003/2024(H5N1)	1782	127
PA|PP755594.1|A/cattle/Texas/24-008749-003/2024(H5N1)	1783	127
PA|PP755594.1|A/cattle/Texas/24-008749-003/2024(H5N1)	1784	127
PA|PP755594.1|A/cattle/Texas/24-008749-003/2024(H5N1)	1785	143
PA|PP755594.1|A/cattle/Texas/24-008749-003/2024(H5N1)	1786	143
PA|PP755594.1|A/cattle/Texas/24-008749-003/2024(H5N1)	1787	144
PA|PP755594.1|A/cattle/Texas/24-008749-003/2024(H5N1)	1788	144
PA|PP755594.1|A/cattle/Texas/24-008749-003/2024(H5N1)	1789	144
PA|PP755594.1|A/cattle/Texas/24-008749-003/2024(H5N1)	1790	144
PA|PP755594.1|A/cattle/Texas/24-008749-003/2024(H5N1)	1791	144
PA|PP755594.1|A/cattle/Texas/24-008749-003/2024(H5N1)	1792	152
PA|PP755594.1|A/cattle/Texas/24-008749-003/2024(H5N1)	1793	156
PA|PP755594.1|A/cattle/Texas/24-008749-003/2024(H5N1)	1794	156
PA|PP755594.1|A/cattle/Texas/24-008749-003/2024(H5N1)	1795	155
PA|PP755594.1|A/cattle/Texas/24-008749-003/2024(H5N1)	1796	155
PA|PP755594.1|A/cattle/Texas/24-008749-003/2024(H5N1)	1797	155
PA|PP755594.1|A/cattle/Texas/24-008749-003/2024(H5N1)	1798	155
PA|PP755594.1|A/cattle/Texas/24-008749-003/2024(H5N1)	1799	156
PA|PP755594.1|A/cattle/Texas/24-008749-003/2024(H5N1)	1800	155
PA|PP755594.1|A/cattle/Texas/24-008749-003/2024(H5N1)	1801	155
PA|PP755594.1|A/cattle/Texas/24-008749-003/2024(H5N1)	1802	155
PA|PP755594.1|A/cattle/Texas/24-008749-003/2024(H5N1)	1803	155
PA|PP755594.1|A/cattle/Texas/24-008749-003/2024(H5N1)	1804	156
PA|PP755594.1|A/cattle/Texas/24-008749-003/2024(H5N1)	1805	158
PA|PP755594.1|A/cattle/Texas/24-008749-003/2024(H5N1)	1806	158
PA|PP755594.1|A/cattle/Texas/24-008749-003/2024(H5N1)	1807	157
PA|PP755594.1|A/cattle/Texas/24-008749-003/2024(H5N1)	1808	155
PA|PP755594.1|A/cattle/Texas/24-008749-003/2024(H5N1)	1809	151
PA|PP755594.1|A/cattle/Texas/24-008749-003/2024(H5N1)	1810	157
PA|PP755594.1|A/cattle/Texas/24-008749-003/2024(H5N1)	1811	157
PA|PP755594.1|A/cattle/Texas/24-008749-003/2024(H5N1)	1812	157
PA|PP755594.1|A/cattle/Texas/24-008749-003/2024(H5N1)	1813	153
PA|PP755594.1|A/cattle/Texas/24-008749-003/2024(H5N1)	1814	153
PA|PP755594.1|A/cattle/Texas/24-008749-003/2024(H5N1)	1815	154
PA|PP755594.1|A/cattle/Texas/24-008749-003/2024(H5N1)	1816	154
PA|PP755594.1|A/cattle/Texas/24-008749-003/2024(H5N1)	1817	154
PA|PP755594.1|A/cattle/Texas/24-008749-003/2024(H5N1)	1818	154
PA|PP755594.1|A/cattle/Texas/24-008749-003/2024(H5N1)	1819	150
PA|PP755594.1|A/cattle/Texas/24-008749-003/2024(H5N1)	1820	148
PA|PP755594.1|A/cattle/Texas/24-008749-003/2024(H5N1)	1821	147
PA|PP755594.1|A/cattle/Texas/24-008749-003/2024(H5N1)	1822	144
PA|PP755594.1|A/cattle/Texas/24-008749-003/2024(H5N1)	1823	144
PA|PP755594.1|A/cattle/Texas/24-008749-003/2024(H5N1)	1824	142
PA|PP755594.1|A/cattle/Texas/24-008749-003/2024(H5N1)	1825	140
PA|PP755594.1|A/cattle/Texas/24-008749-003/2024(H5N1)	1826	140
PA|PP755594.1|A/cattle/Texas/24-008749-003/2024(H5N1)	1827	140
PA|PP755594.1|A/cattle/Texas/24-008749-003/2024(H5N1)	1828	143
PA|PP755594.1|A/cattle/Texas/24-008749-003/2024(H5N1)	1829	141
PA|PP755594.1|A/cattle/Texas/24-008749-003/2024(H5N1)	1830	140
PA|PP755594.1|A/cattle/Texas/24-008749-003/2024(H5N1)	1831	139
PA|PP755594.1|A/cattle/Texas/24-008749-003/2024(H5N1)	1832	138
PA|PP755594.1|A/cattle/Texas/24-008749-003/2024(H5N1)	1833	138
PA|PP755594.1|A/cattle/Texas/24-008749-003/2024(H5N1)	1834	137
PA|PP755594.1|A/cattle/Texas/24-008749-003/2024(H5N1)	1835	137
PA|PP755594.1|A/cattle/Texas/24-008749-003/2024(H5N1)	1836	137
PA|PP755594.1|A/cattle/Texas/24-008749-003/2024(H5N1)	1837	137
PA|PP755594.1|A/cattle/Texas/24-008749-003/2024(H5N1)	1838	136
PA|PP755594.1|A/cattle/Texas/24-008749-003/2024(H5N1)	1839	136
PA|PP755594.1|A/cattle/Texas/24-008749-003/2024(H5N1)	1840	135
PA|PP755594.1|A/cattle/Texas/24-008749-003/2024(H5N1)	1841	135
PA|PP755594.1|A/cattle/Texas/24-008749-003/2024(H5N1)	1842	135
PA|PP755594.1|A/cattle/Texas/24-008749-003/2024(H5N1)	1843	136
PA|PP755594.1|A/cattle/Texas/24-008749-003/2024(H5N1)	1844	136
PA|PP755594.1|A/cattle/Texas/24-008749-003/2024(H5N1)	1845	136
PA|PP755594.1|A/cattle/Texas/24-008749-003/2024(H5N1)	1846	135
PA|PP755594.1|A/cattle/Texas/24-008749-003/2024(H5N1)	1847	134
PA|PP755594.1|A/cattle/Texas/24-008749-003/2024(H5N1)	1848	133
PA|PP755594.1|A/cattle/Texas/24-008749-003/2024(H5N1)	1849	132
PA|PP755594.1|A/cattle/Texas/24-008749-003/2024(H5N1)	1850	132
PA|PP755594.1|A/cattle/Texas/24-008749-003/2024(H5N1)	1851	130
PA|PP755594.1|A/cattle/Texas/24-008749-003/2024(H5N1)	1852	141
PA|PP755594.1|A/cattle/Texas/24-008749-003/2024(H5N1)	1853	137
PA|PP755594.1|A/cattle/Texas/24-008749-003/2024(H5N1)	1854	137
PA|PP755594.1|A/cattle/Texas/24-008749-003/2024(H5N1)	1855	135
PA|PP755594.1|A/cattle/Texas/24-008749-003/2024(H5N1)	1856	135
PA|PP755594.1|A/cattle/Texas/24-008749-003/2024(H5N1)	1857	133
PA|PP755594.1|A/cattle/Texas/24-008749-003/2024(H5N1)	1858	133
PA|PP755594.1|A/cattle/Texas/24-008749-003/2024(H5N1)	1859	133
PA|PP755594.1|A/cattle/Texas/24-008749-003/2024(H5N1)	1860	131
PA|PP755594.1|A/cattle/Texas/24-008749-003/2024(H5N1)	1861	140
PA|PP755594.1|A/cattle/Texas/24-008749-003/2024(H5N1)	1862	140
PA|PP755594.1|A/cattle/Texas/24-008749-003/2024(H5N1)	1863	140
PA|PP755594.1|A/cattle/Texas/24-008749-003/2024(H5N1)	1864	140
PA|PP755594.1|A/cattle/Texas/24-008749-003/2024(H5N1)	1865	140
PA|PP755594.1|A/cattle/Texas/24-008749-003/2024(H5N1)	1866	139
PA|PP755594.1|A/cattle/Texas/24-008749-003/2024(H5N1)	1867	141
PA|PP755594.1|A/cattle/Texas/24-008749-003/2024(H5N1)	1868	141
PA|PP755594.1|A/cattle/Texas/24-008749-003/2024(H5N1)	1869	141
PA|PP755594.1|A/cattle/Texas/24-008749-003/2024(H5N1)	1870	142
PA|PP755594.1|A/cattle/Texas/24-008749-003/2024(H5N1)	1871	141
PA|PP755594.1|A/cattle/Texas/24-008749-003/2024(H5N1)	1872	155
PA|PP755594.1|A/cattle/Texas/24-008749-003/2024(H5N1)	1873	155
PA|PP755594.1|A/cattle/Texas/24-008749-003/2024(H5N1)	1874	154
PA|PP755594.1|A/cattle/Texas/24-008749-003/2024(H5N1)	1875	152
PA|PP755594.1|A/cattle/Texas/24-008749-003/2024(H5N1)	1876	149
PA|PP755594.1|A/cattle/Texas/24-008749-003/2024(H5N1)	1877	149
PA|PP755594.1|A/cattle/Texas/24-008749-003/2024(H5N1)	1878	147
PA|PP755594.1|A/cattle/Texas/24-008749-003/2024(H5N1)	1879	147
PA|PP755594.1|A/cattle/Texas/24-008749-003/2024(H5N1)	1880	146
PA|PP755594.1|A/cattle/Texas/24-008749-003/2024(H5N1)	1881	74
PA|PP755594.1|A/cattle/Texas/24-008749-003/2024(H5N1)	1882	73
PA|PP755594.1|A/cattle/Texas/24-008749-003/2024(H5N1)	1883	73
PA|PP755594.1|A/cattle/Texas/24-008749-003/2024(H5N1)	1884	72
PA|PP755594.1|A/cattle/Texas/24-008749-003/2024(H5N1)	1885	72
PA|PP755594.1|A/cattle/Texas/24-008749-003/2024(H5N1)	1886	72
PA|PP755594.1|A/cattle/Texas/24-008749-003/2024(H5N1)	1887	72
PA|PP755594.1|A/cattle/Texas/24-008749-003/2024(H5N1)	1888	72
PA|PP755594.1|A/cattle/Texas/24-008749-003/2024(H5N1)	1889	72
PA|PP755594.1|A/cattle/Texas/24-008749-003/2024(H5N1)	1890	72
PA|PP755594.1|A/cattle/Texas/24-008749-003/2024(H5N1)	1891	72
PA|PP755594.1|A/cattle/Texas/24-008749-003/2024(H5N1)	1892	73
PA|PP755594.1|A/cattle/Texas/24-008749-003/2024(H5N1)	1893	72
PA|PP755594.1|A/cattle/Texas/24-008749-003/2024(H5N1)	1894	72
PA|PP755594.1|A/cattle/Texas/24-008749-003/2024(H5N1)	1895	72
PA|PP755594.1|A/cattle/Texas/24-008749-003/2024(H5N1)	1896	72
PA|PP755594.1|A/cattle/Texas/24-008749-003/2024(H5N1)	1897	75
PA|PP755594.1|A/cattle/Texas/24-008749-003/2024(H5N1)	1898	75
PA|PP755594.1|A/cattle/Texas/24-008749-003/2024(H5N1)	1899	75
PA|PP755594.1|A/cattle/Texas/24-008749-003/2024(H5N1)	1900	75
PA|PP755594.1|A/cattle/Texas/24-008749-003/2024(H5N1)	1901	75
PA|PP755594.1|A/cattle/Texas/24-008749-003/2024(H5N1)	1902	70
PA|PP755594.1|A/cattle/Texas/24-008749-003/2024(H5N1)	1903	70
PA|PP755594.1|A/cattle/Texas/24-008749-003/2024(H5N1)	1904	70
PA|PP755594.1|A/cattle/Texas/24-008749-003/2024(H5N1)	1905	70
PA|PP755594.1|A/cattle/Texas/24-008749-003/2024(H5N1)	1906	74
PA|PP755594.1|A/cattle/Texas/24-008749-003/2024(H5N1)	1907	76
PA|PP755594.1|A/cattle/Texas/24-008749-003/2024(H5N1)	1908	76
PA|PP755594.1|A/cattle/Texas/24-008749-003/2024(H5N1)	1909	76
PA|PP755594.1|A/cattle/Texas/24-008749-003/2024(H5N1)	1910	76
PA|PP755594.1|A/cattle/Texas/24-008749-003/2024(H5N1)	1911	76
PA|PP755594.1|A/cattle/Texas/24-008749-003/2024(H5N1)	1912	75
PA|PP755594.1|A/cattle/Texas/24-008749-003/2024(H5N1)	1913	75
PA|PP755594.1|A/cattle/Texas/24-008749-003/2024(H5N1)	1914	74
PA|PP755594.1|A/cattle/Texas/24-008749-003/2024(H5N1)	1915	74
PA|PP755594.1|A/cattle/Texas/24-008749-003/2024(H5N1)	1916	74
PA|PP755594.1|A/cattle/Texas/24-008749-003/2024(H5N1)	1917	72
PA|PP755594.1|A/cattle/Texas/24-008749-003/2024(H5N1)	1918	72
PA|PP755594.1|A/cattle/Texas/24-008749-003/2024(H5N1)	1919	72
PA|PP755594.1|A/cattle/Texas/24-008749-003/2024(H5N1)	1920	72
PA|PP755594.1|A/cattle/Texas/24-008749-003/2024(H5N1)	1921	72
PA|PP755594.1|A/cattle/Texas/24-008749-003/2024(H5N1)	1922	70
PA|PP755594.1|A/cattle/Texas/24-008749-003/2024(H5N1)	1923	70
PA|PP755594.1|A/cattle/Texas/24-008749-003/2024(H5N1)	1924	70
PA|PP755594.1|A/cattle/Texas/24-008749-003/2024(H5N1)	1925	70
PA|PP755594.1|A/cattle/Texas/24-008749-003/2024(H5N1)	1926	70
PA|PP755594.1|A/cattle/Texas/24-008749-003/2024(H5N1)	1927	85
PA|PP755594.1|A/cattle/Texas/24-008749-003/2024(H5N1)	1928	85
PA|PP755594.1|A/cattle/Texas/24-008749-003/2024(H5N1)	1929	85
PA|PP755594.1|A/cattle/Texas/24-008749-003/2024(H5N1)	1930	85
PA|PP755594.1|A/cattle/Texas/24-008749-003/2024(H5N1)	1931	85
PA|PP755594.1|A/cattle/Texas/24-008749-003/2024(H5N1)	1932	85
PA|PP755594.1|A/cattle/Texas/24-008749-003/2024(H5N1)	1933	149
PA|PP755594.1|A/cattle/Texas/24-008749-003/2024(H5N1)	1934	150
PA|PP755594.1|A/cattle/Texas/24-008749-003/2024(H5N1)	1935	151
PA|PP755594.1|A/cattle/Texas/24-008749-003/2024(H5N1)	1936	159
PA|PP755594.1|A/cattle/Texas/24-008749-003/2024(H5N1)	1937	161
PA|PP755594.1|A/cattle/Texas/24-008749-003/2024(H5N1)	1938	161
PA|PP755594.1|A/cattle/Texas/24-008749-003/2024(H5N1)	1939	161
PA|PP755594.1|A/cattle/Texas/24-008749-003/2024(H5N1)	1940	161
PA|PP755594.1|A/cattle/Texas/24-008749-003/2024(H5N1)	1941	161
PA|PP755594.1|A/cattle/Texas/24-008749-003/2024(H5N1)	1942	160
PA|PP755594.1|A/cattle/Texas/24-008749-003/2024(H5N1)	1943	156
PA|PP755594.1|A/cattle/Texas/24-008749-003/2024(H5N1)	1944	153
PA|PP755594.1|A/cattle/Texas/24-008749-003/2024(H5N1)	1945	153
PA|PP755594.1|A/cattle/Texas/24-008749-003/2024(H5N1)	1946	154
PA|PP755594.1|A/cattle/Texas/24-008749-003/2024(H5N1)	1947	155
PA|PP755594.1|A/cattle/Texas/24-008749-003/2024(H5N1)	1948	166
PA|PP755594.1|A/cattle/Texas/24-008749-003/2024(H5N1)	1949	169
PA|PP755594.1|A/cattle/Texas/24-008749-003/2024(H5N1)	1950	169
PA|PP755594.1|A/cattle/Texas/24-008749-003/2024(H5N1)	1951	169
PA|PP755594.1|A/cattle/Texas/24-008749-003/2024(H5N1)	1952	169
PA|PP755594.1|A/cattle/Texas/24-008749-003/2024(H5N1)	1953	165
PA|PP755594.1|A/cattle/Texas/24-008749-003/2024(H5N1)	1954	168
PA|PP755594.1|A/cattle/Texas/24-008749-003/2024(H5N1)	1955	172
PA|PP755594.1|A/cattle/Texas/24-008749-003/2024(H5N1)	1956	172
PA|PP755594.1|A/cattle/Texas/24-008749-003/2024(H5N1)	1957	172
PA|PP755594.1|A/cattle/Texas/24-008749-003/2024(H5N1)	1958	173
PA|PP755594.1|A/cattle/Texas/24-008749-003/2024(H5N1)	1959	165
PA|PP755594.1|A/cattle/Texas/24-008749-003/2024(H5N1)	1960	165
PA|PP755594.1|A/cattle/Texas/24-008749-003/2024(H5N1)	1961	170
PA|PP755594.1|A/cattle/Texas/24-008749-003/2024(H5N1)	1962	170
PA|PP755594.1|A/cattle/Texas/24-008749-003/2024(H5N1)	1963	170
PA|PP755594.1|A/cattle/Texas/24-008749-003/2024(H5N1)	1964	171
PA|PP755594.1|A/cattle/Texas/24-008749-003/2024(H5N1)	1965	169
PA|PP755594.1|A/cattle/Texas/24-008749-003/2024(H5N1)	1966	169
PA|PP755594.1|A/cattle/Texas/24-008749-003/2024(H5N1)	1967	169
PA|PP755594.1|A/cattle/Texas/24-008749-003/2024(H5N1)	1968	170
PA|PP755594.1|A/cattle/Texas/24-008749-003/2024(H5N1)	1969	170
PA|PP755594.1|A/cattle/Texas/24-008749-003/2024(H5N1)	1970	170
PA|PP755594.1|A/cattle/Texas/24-008749-003/2024(H5N1)	1971	171
PA|PP755594.1|A/cattle/Texas/24-008749-003/2024(H5N1)	1972	171
PA|PP755594.1|A/cattle/Texas/24-008749-003/2024(H5N1)	1973	172
PA|PP755594.1|A/cattle/Texas/24-008749-003/2024(H5N1)	1974	172
PA|PP755594.1|A/cattle/Texas/24-008749-003/2024(H5N1)	1975	172
PA|PP755594.1|A/cattle/Texas/24-008749-003/2024(H5N1)	1976	172
PA|PP755594.1|A/cattle/Texas/24-008749-003/2024(H5N1)	1977	172
PA|PP755594.1|A/cattle/Texas/24-008749-003/2024(H5N1)	1978	172
PA|PP755594.1|A/cattle/Texas/24-008749-003/2024(H5N1)	1979	172
PA|PP755594.1|A/cattle/Texas/24-008749-003/2024(H5N1)	1980	171
PA|PP755594.1|A/cattle/Texas/24-008749-003/2024(H5N1)	1981	171
PA|PP755594.1|A/cattle/Texas/24-008749-003/2024(H5N1)	1982	171
PA|PP755594.1|A/cattle/Texas/24-008749-003/2024(H5N1)	1983	162
PA|PP755594.1|A/cattle/Texas/24-008749-003/2024(H5N1)	1984	162
PA|PP755594.1|A/cattle/Texas/24-008749-003/2024(H5N1)	1985	162
PA|PP755594.1|A/cattle/Texas/24-008749-003/2024(H5N1)	1986	162
PA|PP755594.1|A/cattle/Texas/24-008749-003/2024(H5N1)	1987	163
PA|PP755594.1|A/cattle/Texas/24-008749-003/2024(H5N1)	1988	163
PA|PP755594.1|A/cattle/Texas/24-008749-003/2024(H5N1)	1989	163
PA|PP755594.1|A/cattle/Texas/24-008749-003/2024(H5N1)	1990	163
PA|PP755594.1|A/cattle/Texas/24-008749-003/2024(H5N1)	1991	163
PA|PP755594.1|A/cattle/Texas/24-008749-003/2024(H5N1)	1992	163
PA|PP755594.1|A/cattle/Texas/24-008749-003/2024(H5N1)	1993	164
PA|PP755594.1|A/cattle/Texas/24-008749-003/2024(H5N1)	1994	164
PA|PP755594.1|A/cattle/Texas/24-008749-003/2024(H5N1)	1995	166
PA|PP755594.1|A/cattle/Texas/24-008749-003/2024(H5N1)	1996	167
PA|PP755594.1|A/cattle/Texas/24-008749-003/2024(H5N1)	1997	168
PA|PP755594.1|A/cattle/Texas/24-008749-003/2024(H5N1)	1998	170
PA|PP755594.1|A/cattle/Texas/24-008749-003/2024(H5N1)	1999	179
PA|PP755594.1|A/cattle/Texas/24-008749-003/2024(H5N1)	2000	184
PA|PP755594.1|A/cattle/Texas/24-008749-003/2024(H5N1)	2001	189
PA|PP755594.1|A/cattle/Texas/24-008749-003/2024(H5N1)	2002	190
PA|PP755594.1|A/cattle/Texas/24-008749-003/2024(H5N1)	2003	190
PA|PP755594.1|A/cattle/Texas/24-008749-003/2024(H5N1)	2004	190
PA|PP755594.1|A/cattle/Texas/24-008749-003/2024(H5N1)	2005	191
PA|PP755594.1|A/cattle/Texas/24-008749-003/2024(H5N1)	2006	192
PA|PP755594.1|A/cattle/Texas/24-008749-003/2024(H5N1)	2007	193
PA|PP755594.1|A/cattle/Texas/24-008749-003/2024(H5N1)	2008	193
PA|PP755594.1|A/cattle/Texas/24-008749-003/2024(H5N1)	2009	189
PA|PP755594.1|A/cattle/Texas/24-008749-003/2024(H5N1)	2010	187
PA|PP755594.1|A/cattle/Texas/24-008749-003/2024(H5N1)	2011	190
PA|PP755594.1|A/cattle/Texas/24-008749-003/2024(H5N1)	2012	188
PA|PP755594.1|A/cattle/Texas/24-008749-003/2024(H5N1)	2013	189
PA|PP755594.1|A/cattle/Texas/24-008749-003/2024(H5N1)	2014	190
PA|PP755594.1|A/cattle/Texas/24-008749-003/2024(H5N1)	2015	190
PA|PP755594.1|A/cattle/Texas/24-008749-003/2024(H5N1)	2016	190
PA|PP755594.1|A/cattle/Texas/24-008749-003/2024(H5N1)	2017	189
PA|PP755594.1|A/cattle/Texas/24-008749-003/2024(H5N1)	2018	189
PA|PP755594.1|A/cattle/Texas/24-008749-003/2024(H5N1)	2019	191
PA|PP755594.1|A/cattle/Texas/24-008749-003/2024(H5N1)	2020	191
PA|PP755594.1|A/cattle/Texas/24-008749-003/2024(H5N1)	2021	190
PA|PP755594.1|A/cattle/Texas/24-008749-003/2024(H5N1)	2022	181
PA|PP755594.1|A/cattle/Texas/24-008749-003/2024(H5N1)	2023	167
PA|PP755594.1|A/cattle/Texas/24-008749-003/2024(H5N1)	2024	166
PA|PP755594.1|A/cattle/Texas/24-008749-003/2024(H5N1)	2025	166
PA|PP755594.1|A/cattle/Texas/24-008749-003/2024(H5N1)	2026	165
PA|PP755594.1|A/cattle/Texas/24-008749-003/2024(H5N1)	2027	163
PA|PP755594.1|A/cattle/Texas/24-008749-003/2024(H5N1)	2028	163
PA|PP755594.1|A/cattle/Texas/24-008749-003/2024(H5N1)	2029	166
PA|PP755594.1|A/cattle/Texas/24-008749-003/2024(H5N1)	2030	173
PA|PP755594.1|A/cattle/Texas/24-008749-003/2024(H5N1)	2031	173
PA|PP755594.1|A/cattle/Texas/24-008749-003/2024(H5N1)	2032	178
PA|PP755594.1|A/cattle/Texas/24-008749-003/2024(H5N1)	2033	173
PA|PP755594.1|A/cattle/Texas/24-008749-003/2024(H5N1)	2034	175
PA|PP755594.1|A/cattle/Texas/24-008749-003/2024(H5N1)	2035	175
PA|PP755594.1|A/cattle/Texas/24-008749-003/2024(H5N1)	2036	175
PA|PP755594.1|A/cattle/Texas/24-008749-003/2024(H5N1)	2037	175
PA|PP755594.1|A/cattle/Texas/24-008749-003/2024(H5N1)	2038	175
PA|PP755594.1|A/cattle/Texas/24-008749-003/2024(H5N1)	2039	174
PA|PP755594.1|A/cattle/Texas/24-008749-003/2024(H5N1)	2040	169
PA|PP755594.1|A/cattle/Texas/24-008749-003/2024(H5N1)	2041	170
PA|PP755594.1|A/cattle/Texas/24-008749-003/2024(H5N1)	2042	176
PA|PP755594.1|A/cattle/Texas/24-008749-003/2024(H5N1)	2043	175
PA|PP755594.1|A/cattle/Texas/24-008749-003/2024(H5N1)	2044	175
PA|PP755594.1|A/cattle/Texas/24-008749-003/2024(H5N1)	2045	175
PA|PP755594.1|A/cattle/Texas/24-008749-003/2024(H5N1)	2046	174
PA|PP755594.1|A/cattle/Texas/24-008749-003/2024(H5N1)	2047	172
PA|PP755594.1|A/cattle/Texas/24-008749-003/2024(H5N1)	2048	171
PA|PP755594.1|A/cattle/Texas/24-008749-003/2024(H5N1)	2049	172
PA|PP755594.1|A/cattle/Texas/24-008749-003/2024(H5N1)	2050	171
PA|PP755594.1|A/cattle/Texas/24-008749-003/2024(H5N1)	2051	171
PA|PP755594.1|A/cattle/Texas/24-008749-003/2024(H5N1)	2052	170
PA|PP755594.1|A/cattle/Texas/24-008749-003/2024(H5N1)	2053	172
PA|PP755594.1|A/cattle/Texas/24-008749-003/2024(H5N1)	2054	170
PA|PP755594.1|A/cattle/Texas/24-008749-003/2024(H5N1)	2055	170
PA|PP755594.1|A/cattle/Texas/24-008749-003/2024(H5N1)	2056	162
PA|PP755594.1|A/cattle/Texas/24-008749-003/2024(H5N1)	2057	160
PA|PP755594.1|A/cattle/Texas/24-008749-003/2024(H5N1)	2058	174
PA|PP755594.1|A/cattle/Texas/24-008749-003/2024(H5N1)	2059	173
PA|PP755594.1|A/cattle/Texas/24-008749-003/2024(H5N1)	2060	173
PA|PP755594.1|A/cattle/Texas/24-008749-003/2024(H5N1)	2061	173
PA|PP755594.1|A/cattle/Texas/24-008749-003/2024(H5N1)	2062	161
PA|PP755594.1|A/cattle/Texas/24-008749-003/2024(H5N1)	2063	164
PA|PP755594.1|A/cattle/Texas/24-008749-003/2024(H5N1)	2064	160
PA|PP755594.1|A/cattle/Texas/24-008749-003/2024(H5N1)	2065	160
PA|PP755594.1|A/cattle/Texas/24-008749-003/2024(H5N1)	2066	166
PA|PP755594.1|A/cattle/Texas/24-008749-003/2024(H5N1)	2067	161
PA|PP755594.1|A/cattle/Texas/24-008749-003/2024(H5N1)	2068	165
PA|PP755594.1|A/cattle/Texas/24-008749-003/2024(H5N1)	2069	164
PA|PP755594.1|A/cattle/Texas/24-008749-003/2024(H5N1)	2070	164
PA|PP755594.1|A/cattle/Texas/24-008749-003/2024(H5N1)	2071	164
PA|PP755594.1|A/cattle/Texas/24-008749-003/2024(H5N1)	2072	163
PA|PP755594.1|A/cattle/Texas/24-008749-003/2024(H5N1)	2073	163
PA|PP755594.1|A/cattle/Texas/24-008749-003/2024(H5N1)	2074	163
PA|PP755594.1|A/cattle/Texas/24-008749-003/2024(H5N1)	2075	158
PA|PP755594.1|A/cattle/Texas/24-008749-003/2024(H5N1)	2076	157
PA|PP755594.1|A/cattle/Texas/24-008749-003/2024(H5N1)	2077	135
PA|PP755594.1|A/cattle/Texas/24-008749-003/2024(H5N1)	2078	135
PA|PP755594.1|A/cattle/Texas/24-008749-003/2024(H5N1)	2079	134
PA|PP755594.1|A/cattle/Texas/24-008749-003/2024(H5N1)	2080	134
PA|PP755594.1|A/cattle/Texas/24-008749-003/2024(H5N1)	2081	134
PA|PP755594.1|A/cattle/Texas/24-008749-003/2024(H5N1)	2082	134
PA|PP755594.1|A/cattle/Texas/24-008749-003/2024(H5N1)	2083	134
PA|PP755594.1|A/cattle/Texas/24-008749-003/2024(H5N1)	2084	134
PA|PP755594.1|A/cattle/Texas/24-008749-003/2024(H5N1)	2085	131
PA|PP755594.1|A/cattle/Texas/24-008749-003/2024(H5N1)	2086	130
PA|PP755594.1|A/cattle/Texas/24-008749-003/2024(H5N1)	2087	130
PA|PP755594.1|A/cattle/Texas/24-008749-003/2024(H5N1)	2088	129
PA|PP755594.1|A/cattle/Texas/24-008749-003/2024(H5N1)	2089	129
PA|PP755594.1|A/cattle/Texas/24-008749-003/2024(H5N1)	2090	129
PA|PP755594.1|A/cattle/Texas/24-008749-003/2024(H5N1)	2091	125
PA|PP755594.1|A/cattle/Texas/24-008749-003/2024(H5N1)	2092	125
PA|PP755594.1|A/cattle/Texas/24-008749-003/2024(H5N1)	2093	121
PA|PP755594.1|A/cattle/Texas/24-008749-003/2024(H5N1)	2094	120
PA|PP755594.1|A/cattle/Texas/24-008749-003/2024(H5N1)	2095	120
PA|PP755594.1|A/cattle/Texas/24-008749-003/2024(H5N1)	2096	120
PA|PP755594.1|A/cattle/Texas/24-008749-003/2024(H5N1)	2097	120
PA|PP755594.1|A/cattle/Texas/24-008749-003/2024(H5N1)	2098	119
PA|PP755594.1|A/cattle/Texas/24-008749-003/2024(H5N1)	2099	119
PA|PP755594.1|A/cattle/Texas/24-008749-003/2024(H5N1)	2100	116
PA|PP755594.1|A/cattle/Texas/24-008749-003/2024(H5N1)	2101	116
PA|PP755594.1|A/cattle/Texas/24-008749-003/2024(H5N1)	2102	116
PA|PP755594.1|A/cattle/Texas/24-008749-003/2024(H5N1)	2103	114
PA|PP755594.1|A/cattle/Texas/24-008749-003/2024(H5N1)	2104	111
PA|PP755594.1|A/cattle/Texas/24-008749-003/2024(H5N1)	2105	109
PA|PP755594.1|A/cattle/Texas/24-008749-003/2024(H5N1)	2106	109
PA|PP755594.1|A/cattle/Texas/24-008749-003/2024(H5N1)	2107	108
PA|PP755594.1|A/cattle/Texas/24-008749-003/2024(H5N1)	2108	108
PA|PP755594.1|A/cattle/Texas/24-008749-003/2024(H5N1)	2109	107
PA|PP755594.1|A/cattle/Texas/24-008749-003/2024(H5N1)	2110	107
PA|PP755594.1|A/cattle/Texas/24-008749-003/2024(H5N1)	2111	107
PA|PP755594.1|A/cattle/Texas/24-008749-003/2024(H5N1)	2112	102
PA|PP755594.1|A/cattle/Texas/24-008749-003/2024(H5N1)	2113	104
PA|PP755594.1|A/cattle/Texas/24-008749-003/2024(H5N1)	2114	104
PA|PP755594.1|A/cattle/Texas/24-008749-003/2024(H5N1)	2115	103
PA|PP755594.1|A/cattle/Texas/24-008749-003/2024(H5N1)	2116	103
PA|PP755594.1|A/cattle/Texas/24-008749-003/2024(H5N1)	2117	103
PA|PP755594.1|A/cattle/Texas/24-008749-003/2024(H5N1)	2118	105
PA|PP755594.1|A/cattle/Texas/24-008749-003/2024(H5N1)	2119	104
PA|PP755594.1|A/cattle/Texas/24-008749-003/2024(H5N1)	2120	104
PA|PP755594.1|A/cattle/Texas/24-008749-003/2024(H5N1)	2121	103
PA|PP755594.1|A/cattle/Texas/24-008749-003/2024(H5N1)	2122	101
PA|PP755594.1|A/cattle/Texas/24-008749-003/2024(H5N1)	2123	101
PA|PP755594.1|A/cattle/Texas/24-008749-003/2024(H5N1)	2124	100
PA|PP755594.1|A/cattle/Texas/24-008749-003/2024(H5N1)	2125	100
PA|PP755594.1|A/cattle/Texas/24-008749-003/2024(H5N1)	2126	100
PA|PP755594.1|A/cattle/Texas/24-008749-003/2024(H5N1)	2127	97
PA|PP755594.1|A/cattle/Texas/24-008749-003/2024(H5N1)	2128	97
PA|PP755594.1|A/cattle/Texas/24-008749-003/2024(H5N1)	2129	97
PA|PP755594.1|A/cattle/Texas/24-008749-003/2024(H5N1)	2130	97
PA|PP755594.1|A/cattle/Texas/24-008749-003/2024(H5N1)	2131	96
PA|PP755594.1|A/cattle/Texas/24-008749-003/2024(H5N1)	2132	94
PA|PP755594.1|A/cattle/Texas/24-008749-003/2024(H5N1)	2133	93
PA|PP755594.1|A/cattle/Texas/24-008749-003/2024(H5N1)	2134	93
PA|PP755594.1|A/cattle/Texas/24-008749-003/2024(H5N1)	2135	93
PA|PP755594.1|A/cattle/Texas/24-008749-003/2024(H5N1)	2136	93
PA|PP755594.1|A/cattle/Texas/24-008749-003/2024(H5N1)	2137	93
PA|PP755594.1|A/cattle/Texas/24-008749-003/2024(H5N1)	2138	91
PA|PP755594.1|A/cattle/Texas/24-008749-003/2024(H5N1)	2139	91
PA|PP755594.1|A/cattle/Texas/24-008749-003/2024(H5N1)	2140	91
PA|PP755594.1|A/cattle/Texas/24-008749-003/2024(H5N1)	2141	91
PA|PP755594.1|A/cattle/Texas/24-008749-003/2024(H5N1)	2142	91
PA|PP755594.1|A/cattle/Texas/24-008749-003/2024(H5N1)	2143	91
PA|PP755594.1|A/cattle/Texas/24-008749-003/2024(H5N1)	2144	89
PA|PP755594.1|A/cattle/Texas/24-008749-003/2024(H5N1)	2145	89
PA|PP755594.1|A/cattle/Texas/24-008749-003/2024(H5N1)	2146	87
PA|PP755594.1|A/cattle/Texas/24-008749-003/2024(H5N1)	2147	87
PA|PP755594.1|A/cattle/Texas/24-008749-003/2024(H5N1)	2148	86
PA|PP755594.1|A/cattle/Texas/24-008749-003/2024(H5N1)	2149	86
PA|PP755594.1|A/cattle/Texas/24-008749-003/2024(H5N1)	2150	81
PA|PP755594.1|A/cattle/Texas/24-008749-003/2024(H5N1)	2151	80
