NA|PP755591.1|A/cattle/Texas/24-008749-003/2024(H5N1)	1	6313
NA|PP755591.1|A/cattle/Texas/24-008749-003/2024(H5N1)	2	6315
NA|PP755591.1|A/cattle/Texas/24-008749-003/2024(H5N1)	3	6339
NA|PP755591.1|A/cattle/Texas/24-008749-003/2024(H5N1)	4	6351
NA|PP755591.1|A/cattle/Texas/24-008749-003/2024(H5N1)	5	6483
NA|PP755591.1|A/cattle/Texas/24-008749-003/2024(H5N1)	6	6487
NA|PP755591.1|A/cattle/Texas/24-008749-003/2024(H5N1)	7	6548
NA|PP755591.1|A/cattle/Texas/24-008749-003/2024(H5N1)	8	6551
NA|PP755591.1|A/cattle/Texas/24-008749-003/2024(H5N1)	9	6555
NA|PP755591.1|A/cattle/Texas/24-008749-003/2024(H5N1)	10	6681
NA|PP755591.1|A/cattle/Texas/24-008749-003/2024(H5N1)	11	6704
NA|PP755591.1|A/cattle/Texas/24-008749-003/2024(H5N1)	12	6726
NA|PP755591.1|A/cattle/Texas/24-008749-003/2024(H5N1)	13	6744
NA|PP755591.1|A/cattle/Texas/24-008749-003/2024(H5N1)	14	6756
NA|PP755591.1|A/cattle/Texas/24-008749-003/2024(H5N1)	15	6931
NA|PP755591.1|A/cattle/Texas/24-008749-003/2024(H5N1)	16	6933
NA|PP755591.1|A/cattle/Texas/24-008749-003/2024(H5N1)	17	6984
NA|PP755591.1|A/cattle/Texas/24-008749-003/2024(H5N1)	18	6995
NA|PP755591.1|A/cattle/Texas/24-008749-003/2024(H5N1)	19	6997
NA|PP755591.1|A/cattle/Texas/24-008749-003/2024(H5N1)	20	6997
NA|PP755591.1|A/cattle/Texas/24-008749-003/2024(H5N1)	21	6997
NA|PP755591.1|A/cattle/Texas/24-008749-003/2024(H5N1)	22	6997
NA|PP755591.1|A/cattle/Texas/24-008749-003/2024(H5N1)	23	6979
NA|PP755591.1|A/cattle/Texas/24-008749-003/2024(H5N1)	24	6979
NA|PP755591.1|A/cattle/Texas/24-008749-003/2024(H5N1)	25	6979
NA|PP755591.1|A/cattle/Texas/24-008749-003/2024(H5N1)	26	6980
NA|PP755591.1|A/cattle/Texas/24-008749-003/2024(H5N1)	27	6979
NA|PP755591.1|A/cattle/Texas/24-008749-003/2024(H5N1)	28	6979
NA|PP755591.1|A/cattle/Texas/24-008749-003/2024(H5N1)	29	6979
NA|PP755591.1|A/cattle/Texas/24-008749-003/2024(H5N1)	30	6979
NA|PP755591.1|A/cattle/Texas/24-008749-003/2024(H5N1)	31	7298
NA|PP755591.1|A/cattle/Texas/24-008749-003/2024(H5N1)	32	7559
NA|PP755591.1|A/cattle/Texas/24-008749-003/2024(H5N1)	33	7559
NA|PP755591.1|A/cattle/Texas/24-008749-003/2024(H5N1)	34	7662
NA|PP755591.1|A/cattle/Texas/24-008749-003/2024(H5N1)	35	7682
NA|PP755591.1|A/cattle/Texas/24-008749-003/2024(H5N1)	36	7780
NA|PP755591.1|A/cattle/Texas/24-008749-003/2024(H5N1)	37	7830
NA|PP755591.1|A/cattle/Texas/24-008749-003/2024(H5N1)	38	7830
NA|PP755591.1|A/cattle/Texas/24-008749-003/2024(H5N1)	39	7831
NA|PP755591.1|A/cattle/Texas/24-008749-003/2024(H5N1)	40	7829
NA|PP755591.1|A/cattle/Texas/24-008749-003/2024(H5N1)	41	7828
NA|PP755591.1|A/cattle/Texas/24-008749-003/2024(H5N1)	42	7828
NA|PP755591.1|A/cattle/Texas/24-008749-003/2024(H5N1)	43	7828
NA|PP755591.1|A/cattle/Texas/24-008749-003/2024(H5N1)	44	7828
NA|PP755591.1|A/cattle/Texas/24-008749-003/2024(H5N1)	45	7828
NA|PP755591.1|A/cattle/Texas/24-008749-003/2024(H5N1)	46	7828
NA|PP755591.1|A/cattle/Texas/24-008749-003/2024(H5N1)	47	7827
NA|PP755591.1|A/cattle/Texas/24-008749-003/2024(H5N1)	48	7826
NA|PP755591.1|A/cattle/Texas/24-008749-003/2024(H5N1)	49	7826
NA|PP755591.1|A/cattle/Texas/24-008749-003/2024(H5N1)	50	7819
NA|PP755591.1|A/cattle/Texas/24-008749-003/2024(H5N1)	51	7819
NA|PP755591.1|A/cattle/Texas/24-008749-003/2024(H5N1)	52	7819
NA|PP755591.1|A/cattle/Texas/24-008749-003/2024(H5N1)	53	7819
NA|PP755591.1|A/cattle/Texas/24-008749-003/2024(H5N1)	54	7781
NA|PP755591.1|A/cattle/Texas/24-008749-003/2024(H5N1)	55	7780
NA|PP755591.1|A/cattle/Texas/24-008749-003/2024(H5N1)	56	7780
NA|PP755591.1|A/cattle/Texas/24-008749-003/2024(H5N1)	57	7780
NA|PP755591.1|A/cattle/Texas/24-008749-003/2024(H5N1)	58	7780
NA|PP755591.1|A/cattle/Texas/24-008749-003/2024(H5N1)	59	7780
NA|PP755591.1|A/cattle/Texas/24-008749-003/2024(H5N1)	60	7780
NA|PP755591.1|A/cattle/Texas/24-008749-003/2024(H5N1)	61	7723
NA|PP755591.1|A/cattle/Texas/24-008749-003/2024(H5N1)	62	7710
NA|PP755591.1|A/cattle/Texas/24-008749-003/2024(H5N1)	63	7709
NA|PP755591.1|A/cattle/Texas/24-008749-003/2024(H5N1)	64	7710
NA|PP755591.1|A/cattle/Texas/24-008749-003/2024(H5N1)	65	7932
NA|PP755591.1|A/cattle/Texas/24-008749-003/2024(H5N1)	66	7959
NA|PP755591.1|A/cattle/Texas/24-008749-003/2024(H5N1)	67	8214
NA|PP755591.1|A/cattle/Texas/24-008749-003/2024(H5N1)	68	8217
NA|PP755591.1|A/cattle/Texas/24-008749-003/2024(H5N1)	69	8259
NA|PP755591.1|A/cattle/Texas/24-008749-003/2024(H5N1)	70	8288
NA|PP755591.1|A/cattle/Texas/24-008749-003/2024(H5N1)	71	8306
NA|PP755591.1|A/cattle/Texas/24-008749-003/2024(H5N1)	72	8323
NA|PP755591.1|A/cattle/Texas/24-008749-003/2024(H5N1)	73	13524
NA|PP755591.1|A/cattle/Texas/24-008749-003/2024(H5N1)	74	13568
NA|PP755591.1|A/cattle/Texas/24-008749-003/2024(H5N1)	75	13591
NA|PP755591.1|A/cattle/Texas/24-008749-003/2024(H5N1)	76	13617
NA|PP755591.1|A/cattle/Texas/24-008749-003/2024(H5N1)	77	13642
NA|PP755591.1|A/cattle/Texas/24-008749-003/2024(H5N1)	78	13643
NA|PP755591.1|A/cattle/Texas/24-008749-003/2024(H5N1)	79	13742
NA|PP755591.1|A/cattle/Texas/24-008749-003/2024(H5N1)	80	13748
NA|PP755591.1|A/cattle/Texas/24-008749-003/2024(H5N1)	81	13749
NA|PP755591.1|A/cattle/Texas/24-008749-003/2024(H5N1)	82	13927
NA|PP755591.1|A/cattle/Texas/24-008749-003/2024(H5N1)	83	13944
NA|PP755591.1|A/cattle/Texas/24-008749-003/2024(H5N1)	84	14134
NA|PP755591.1|A/cattle/Texas/24-008749-003/2024(H5N1)	85	14136
NA|PP755591.1|A/cattle/Texas/24-008749-003/2024(H5N1)	86	14174
NA|PP755591.1|A/cattle/Texas/24-008749-003/2024(H5N1)	87	14231
NA|PP755591.1|A/cattle/Texas/24-008749-003/2024(H5N1)	88	14244
NA|PP755591.1|A/cattle/Texas/24-008749-003/2024(H5N1)	89	14274
NA|PP755591.1|A/cattle/Texas/24-008749-003/2024(H5N1)	90	14284
NA|PP755591.1|A/cattle/Texas/24-008749-003/2024(H5N1)	91	14312
NA|PP755591.1|A/cattle/Texas/24-008749-003/2024(H5N1)	92	14513
NA|PP755591.1|A/cattle/Texas/24-008749-003/2024(H5N1)	93	14511
NA|PP755591.1|A/cattle/Texas/24-008749-003/2024(H5N1)	94	14512
NA|PP755591.1|A/cattle/Texas/24-008749-003/2024(H5N1)	95	14512
NA|PP755591.1|A/cattle/Texas/24-008749-003/2024(H5N1)	96	14512
NA|PP755591.1|A/cattle/Texas/24-008749-003/2024(H5N1)	97	14509
NA|PP755591.1|A/cattle/Texas/24-008749-003/2024(H5N1)	98	14498
NA|PP755591.1|A/cattle/Texas/24-008749-003/2024(H5N1)	99	14498
NA|PP755591.1|A/cattle/Texas/24-008749-003/2024(H5N1)	100	14496
NA|PP755591.1|A/cattle/Texas/24-008749-003/2024(H5N1)	101	14323
NA|PP755591.1|A/cattle/Texas/24-008749-003/2024(H5N1)	102	14311
NA|PP755591.1|A/cattle/Texas/24-008749-003/2024(H5N1)	103	14247
NA|PP755591.1|A/cattle/Texas/24-008749-003/2024(H5N1)	104	14245
NA|PP755591.1|A/cattle/Texas/24-008749-003/2024(H5N1)	105	14055
NA|PP755591.1|A/cattle/Texas/24-008749-003/2024(H5N1)	106	14053
NA|PP755591.1|A/cattle/Texas/24-008749-003/2024(H5N1)	107	13935
NA|PP755591.1|A/cattle/Texas/24-008749-003/2024(H5N1)	108	13914
NA|PP755591.1|A/cattle/Texas/24-008749-003/2024(H5N1)	109	13914
NA|PP755591.1|A/cattle/Texas/24-008749-003/2024(H5N1)	110	13914
NA|PP755591.1|A/cattle/Texas/24-008749-003/2024(H5N1)	111	13890
NA|PP755591.1|A/cattle/Texas/24-008749-003/2024(H5N1)	112	13853
NA|PP755591.1|A/cattle/Texas/24-008749-003/2024(H5N1)	113	13807
NA|PP755591.1|A/cattle/Texas/24-008749-003/2024(H5N1)	114	13503
NA|PP755591.1|A/cattle/Texas/24-008749-003/2024(H5N1)	115	13499
NA|PP755591.1|A/cattle/Texas/24-008749-003/2024(H5N1)	116	13464
NA|PP755591.1|A/cattle/Texas/24-008749-003/2024(H5N1)	117	13464
NA|PP755591.1|A/cattle/Texas/24-008749-003/2024(H5N1)	118	13464
NA|PP755591.1|A/cattle/Texas/24-008749-003/2024(H5N1)	119	13464
NA|PP755591.1|A/cattle/Texas/24-008749-003/2024(H5N1)	120	4833
NA|PP755591.1|A/cattle/Texas/24-008749-003/2024(H5N1)	121	4800
NA|PP755591.1|A/cattle/Texas/24-008749-003/2024(H5N1)	122	4795
NA|PP755591.1|A/cattle/Texas/24-008749-003/2024(H5N1)	123	4747
NA|PP755591.1|A/cattle/Texas/24-008749-003/2024(H5N1)	124	4747
NA|PP755591.1|A/cattle/Texas/24-008749-003/2024(H5N1)	125	4747
NA|PP755591.1|A/cattle/Texas/24-008749-003/2024(H5N1)	126	4733
NA|PP755591.1|A/cattle/Texas/24-008749-003/2024(H5N1)	127	4733
NA|PP755591.1|A/cattle/Texas/24-008749-003/2024(H5N1)	128	4733
NA|PP755591.1|A/cattle/Texas/24-008749-003/2024(H5N1)	129	4733
NA|PP755591.1|A/cattle/Texas/24-008749-003/2024(H5N1)	130	4733
NA|PP755591.1|A/cattle/Texas/24-008749-003/2024(H5N1)	131	4733
NA|PP755591.1|A/cattle/Texas/24-008749-003/2024(H5N1)	132	4733
NA|PP755591.1|A/cattle/Texas/24-008749-003/2024(H5N1)	133	4733
NA|PP755591.1|A/cattle/Texas/24-008749-003/2024(H5N1)	134	4733
NA|PP755591.1|A/cattle/Texas/24-008749-003/2024(H5N1)	135	4733
NA|PP755591.1|A/cattle/Texas/24-008749-003/2024(H5N1)	136	4734
NA|PP755591.1|A/cattle/Texas/24-008749-003/2024(H5N1)	137	4734
NA|PP755591.1|A/cattle/Texas/24-008749-003/2024(H5N1)	138	4734
NA|PP755591.1|A/cattle/Texas/24-008749-003/2024(H5N1)	139	4734
NA|PP755591.1|A/cattle/Texas/24-008749-003/2024(H5N1)	140	4734
NA|PP755591.1|A/cattle/Texas/24-008749-003/2024(H5N1)	141	4734
NA|PP755591.1|A/cattle/Texas/24-008749-003/2024(H5N1)	142	4734
NA|PP755591.1|A/cattle/Texas/24-008749-003/2024(H5N1)	143	6881
NA|PP755591.1|A/cattle/Texas/24-008749-003/2024(H5N1)	144	6882
NA|PP755591.1|A/cattle/Texas/24-008749-003/2024(H5N1)	145	6883
NA|PP755591.1|A/cattle/Texas/24-008749-003/2024(H5N1)	146	6884
NA|PP755591.1|A/cattle/Texas/24-008749-003/2024(H5N1)	147	6885
NA|PP755591.1|A/cattle/Texas/24-008749-003/2024(H5N1)	148	6885
NA|PP755591.1|A/cattle/Texas/24-008749-003/2024(H5N1)	149	6885
NA|PP755591.1|A/cattle/Texas/24-008749-003/2024(H5N1)	150	6885
NA|PP755591.1|A/cattle/Texas/24-008749-003/2024(H5N1)	151	6885
NA|PP755591.1|A/cattle/Texas/24-008749-003/2024(H5N1)	152	6885
NA|PP755591.1|A/cattle/Texas/24-008749-003/2024(H5N1)	153	6885
NA|PP755591.1|A/cattle/Texas/24-008749-003/2024(H5N1)	154	6885
NA|PP755591.1|A/cattle/Texas/24-008749-003/2024(H5N1)	155	6885
NA|PP755591.1|A/cattle/Texas/24-008749-003/2024(H5N1)	156	6777
NA|PP755591.1|A/cattle/Texas/24-008749-003/2024(H5N1)	157	6777
NA|PP755591.1|A/cattle/Texas/24-008749-003/2024(H5N1)	158	6782
NA|PP755591.1|A/cattle/Texas/24-008749-003/2024(H5N1)	159	6782
NA|PP755591.1|A/cattle/Texas/24-008749-003/2024(H5N1)	160	6782
NA|PP755591.1|A/cattle/Texas/24-008749-003/2024(H5N1)	161	6782
NA|PP755591.1|A/cattle/Texas/24-008749-003/2024(H5N1)	162	6782
NA|PP755591.1|A/cattle/Texas/24-008749-003/2024(H5N1)	163	6782
NA|PP755591.1|A/cattle/Texas/24-008749-003/2024(H5N1)	164	6782
NA|PP755591.1|A/cattle/Texas/24-008749-003/2024(H5N1)	165	6782
NA|PP755591.1|A/cattle/Texas/24-008749-003/2024(H5N1)	166	6512
NA|PP755591.1|A/cattle/Texas/24-008749-003/2024(H5N1)	167	6503
NA|PP755591.1|A/cattle/Texas/24-008749-003/2024(H5N1)	168	5838
NA|PP755591.1|A/cattle/Texas/24-008749-003/2024(H5N1)	169	5838
NA|PP755591.1|A/cattle/Texas/24-008749-003/2024(H5N1)	170	5838
NA|PP755591.1|A/cattle/Texas/24-008749-003/2024(H5N1)	171	5829
NA|PP755591.1|A/cattle/Texas/24-008749-003/2024(H5N1)	172	5829
NA|PP755591.1|A/cattle/Texas/24-008749-003/2024(H5N1)	173	5829
NA|PP755591.1|A/cattle/Texas/24-008749-003/2024(H5N1)	174	5829
NA|PP755591.1|A/cattle/Texas/24-008749-003/2024(H5N1)	175	5829
NA|PP755591.1|A/cattle/Texas/24-008749-003/2024(H5N1)	176	5785
NA|PP755591.1|A/cattle/Texas/24-008749-003/2024(H5N1)	177	5516
NA|PP755591.1|A/cattle/Texas/24-008749-003/2024(H5N1)	178	5516
NA|PP755591.1|A/cattle/Texas/24-008749-003/2024(H5N1)	179	5516
NA|PP755591.1|A/cattle/Texas/24-008749-003/2024(H5N1)	180	5516
NA|PP755591.1|A/cattle/Texas/24-008749-003/2024(H5N1)	181	5516
NA|PP755591.1|A/cattle/Texas/24-008749-003/2024(H5N1)	182	5516
NA|PP755591.1|A/cattle/Texas/24-008749-003/2024(H5N1)	183	5516
NA|PP755591.1|A/cattle/Texas/24-008749-003/2024(H5N1)	184	5516
NA|PP755591.1|A/cattle/Texas/24-008749-003/2024(H5N1)	185	5513
NA|PP755591.1|A/cattle/Texas/24-008749-003/2024(H5N1)	186	5497
NA|PP755591.1|A/cattle/Texas/24-008749-003/2024(H5N1)	187	5497
NA|PP755591.1|A/cattle/Texas/24-008749-003/2024(H5N1)	188	5497
NA|PP755591.1|A/cattle/Texas/24-008749-003/2024(H5N1)	189	5497
NA|PP755591.1|A/cattle/Texas/24-008749-003/2024(H5N1)	190	5497
NA|PP755591.1|A/cattle/Texas/24-008749-003/2024(H5N1)	191	5465
NA|PP755591.1|A/cattle/Texas/24-008749-003/2024(H5N1)	192	5313
NA|PP755591.1|A/cattle/Texas/24-008749-003/2024(H5N1)	193	5312
NA|PP755591.1|A/cattle/Texas/24-008749-003/2024(H5N1)	194	5229
NA|PP755591.1|A/cattle/Texas/24-008749-003/2024(H5N1)	195	5186
NA|PP755591.1|A/cattle/Texas/24-008749-003/2024(H5N1)	196	5084
NA|PP755591.1|A/cattle/Texas/24-008749-003/2024(H5N1)	197	4914
NA|PP755591.1|A/cattle/Texas/24-008749-003/2024(H5N1)	198	4877
NA|PP755591.1|A/cattle/Texas/24-008749-003/2024(H5N1)	199	4877
NA|PP755591.1|A/cattle/Texas/24-008749-003/2024(H5N1)	200	4877
NA|PP755591.1|A/cattle/Texas/24-008749-003/2024(H5N1)	201	4663
NA|PP755591.1|A/cattle/Texas/24-008749-003/2024(H5N1)	202	4621
NA|PP755591.1|A/cattle/Texas/24-008749-003/2024(H5N1)	203	4534
NA|PP755591.1|A/cattle/Texas/24-008749-003/2024(H5N1)	204	4496
NA|PP755591.1|A/cattle/Texas/24-008749-003/2024(H5N1)	205	4444
NA|PP755591.1|A/cattle/Texas/24-008749-003/2024(H5N1)	206	4399
NA|PP755591.1|A/cattle/Texas/24-008749-003/2024(H5N1)	207	271
NA|PP755591.1|A/cattle/Texas/24-008749-003/2024(H5N1)	208	233
NA|PP755591.1|A/cattle/Texas/24-008749-003/2024(H5N1)	209	232
NA|PP755591.1|A/cattle/Texas/24-008749-003/2024(H5N1)	210	182
NA|PP755591.1|A/cattle/Texas/24-008749-003/2024(H5N1)	211	182
NA|PP755591.1|A/cattle/Texas/24-008749-003/2024(H5N1)	212	182
NA|PP755591.1|A/cattle/Texas/24-008749-003/2024(H5N1)	213	181
NA|PP755591.1|A/cattle/Texas/24-008749-003/2024(H5N1)	214	181
NA|PP755591.1|A/cattle/Texas/24-008749-003/2024(H5N1)	215	181
NA|PP755591.1|A/cattle/Texas/24-008749-003/2024(H5N1)	216	181
NA|PP755591.1|A/cattle/Texas/24-008749-003/2024(H5N1)	217	181
NA|PP755591.1|A/cattle/Texas/24-008749-003/2024(H5N1)	218	89
NA|PP755591.1|A/cattle/Texas/24-008749-003/2024(H5N1)	219	88
NA|PP755591.1|A/cattle/Texas/24-008749-003/2024(H5N1)	220	69
NA|PP755591.1|A/cattle/Texas/24-008749-003/2024(H5N1)	221	46
NA|PP755591.1|A/cattle/Texas/24-008749-003/2024(H5N1)	222	21
NA|PP755591.1|A/cattle/Texas/24-008749-003/2024(H5N1)	223	14
NA|PP755591.1|A/cattle/Texas/24-008749-003/2024(H5N1)	224	14
NA|PP755591.1|A/cattle/Texas/24-008749-003/2024(H5N1)	225	14
NA|PP755591.1|A/cattle/Texas/24-008749-003/2024(H5N1)	226	14
NA|PP755591.1|A/cattle/Texas/24-008749-003/2024(H5N1)	227	14
NA|PP755591.1|A/cattle/Texas/24-008749-003/2024(H5N1)	228	7
NA|PP755591.1|A/cattle/Texas/24-008749-003/2024(H5N1)	229	7
NA|PP755591.1|A/cattle/Texas/24-008749-003/2024(H5N1)	230	7
NA|PP755591.1|A/cattle/Texas/24-008749-003/2024(H5N1)	231	7
NA|PP755591.1|A/cattle/Texas/24-008749-003/2024(H5N1)	232	7
NA|PP755591.1|A/cattle/Texas/24-008749-003/2024(H5N1)	233	7
NA|PP755591.1|A/cattle/Texas/24-008749-003/2024(H5N1)	234	7
NA|PP755591.1|A/cattle/Texas/24-008749-003/2024(H5N1)	235	7
NA|PP755591.1|A/cattle/Texas/24-008749-003/2024(H5N1)	236	7
NA|PP755591.1|A/cattle/Texas/24-008749-003/2024(H5N1)	237	7
NA|PP755591.1|A/cattle/Texas/24-008749-003/2024(H5N1)	238	7
NA|PP755591.1|A/cattle/Texas/24-008749-003/2024(H5N1)	239	7
NA|PP755591.1|A/cattle/Texas/24-008749-003/2024(H5N1)	240	0
NA|PP755591.1|A/cattle/Texas/24-008749-003/2024(H5N1)	241	0
NA|PP755591.1|A/cattle/Texas/24-008749-003/2024(H5N1)	242	0
NA|PP755591.1|A/cattle/Texas/24-008749-003/2024(H5N1)	243	0
NA|PP755591.1|A/cattle/Texas/24-008749-003/2024(H5N1)	244	0
NA|PP755591.1|A/cattle/Texas/24-008749-003/2024(H5N1)	245	0
NA|PP755591.1|A/cattle/Texas/24-008749-003/2024(H5N1)	246	0
NA|PP755591.1|A/cattle/Texas/24-008749-003/2024(H5N1)	247	0
NA|PP755591.1|A/cattle/Texas/24-008749-003/2024(H5N1)	248	0
NA|PP755591.1|A/cattle/Texas/24-008749-003/2024(H5N1)	249	0
NA|PP755591.1|A/cattle/Texas/24-008749-003/2024(H5N1)	250	0
NA|PP755591.1|A/cattle/Texas/24-008749-003/2024(H5N1)	251	0
NA|PP755591.1|A/cattle/Texas/24-008749-003/2024(H5N1)	252	0
NA|PP755591.1|A/cattle/Texas/24-008749-003/2024(H5N1)	253	0
NA|PP755591.1|A/cattle/Texas/24-008749-003/2024(H5N1)	254	0
NA|PP755591.1|A/cattle/Texas/24-008749-003/2024(H5N1)	255	0
NA|PP755591.1|A/cattle/Texas/24-008749-003/2024(H5N1)	256	0
NA|PP755591.1|A/cattle/Texas/24-008749-003/2024(H5N1)	257	0
NA|PP755591.1|A/cattle/Texas/24-008749-003/2024(H5N1)	258	0
NA|PP755591.1|A/cattle/Texas/24-008749-003/2024(H5N1)	259	0
NA|PP755591.1|A/cattle/Texas/24-008749-003/2024(H5N1)	260	0
NA|PP755591.1|A/cattle/Texas/24-008749-003/2024(H5N1)	261	0
NA|PP755591.1|A/cattle/Texas/24-008749-003/2024(H5N1)	262	0
NA|PP755591.1|A/cattle/Texas/24-008749-003/2024(H5N1)	263	0
NA|PP755591.1|A/cattle/Texas/24-008749-003/2024(H5N1)	264	0
NA|PP755591.1|A/cattle/Texas/24-008749-003/2024(H5N1)	265	0
NA|PP755591.1|A/cattle/Texas/24-008749-003/2024(H5N1)	266	0
NA|PP755591.1|A/cattle/Texas/24-008749-003/2024(H5N1)	267	0
NA|PP755591.1|A/cattle/Texas/24-008749-003/2024(H5N1)	268	0
NA|PP755591.1|A/cattle/Texas/24-008749-003/2024(H5N1)	269	0
NA|PP755591.1|A/cattle/Texas/24-008749-003/2024(H5N1)	270	0
NA|PP755591.1|A/cattle/Texas/24-008749-003/2024(H5N1)	271	0
NA|PP755591.1|A/cattle/Texas/24-008749-003/2024(H5N1)	272	0
NA|PP755591.1|A/cattle/Texas/24-008749-003/2024(H5N1)	273	0
NA|PP755591.1|A/cattle/Texas/24-008749-003/2024(H5N1)	274	0
NA|PP755591.1|A/cattle/Texas/24-008749-003/2024(H5N1)	275	0
NA|PP755591.1|A/cattle/Texas/24-008749-003/2024(H5N1)	276	0
NA|PP755591.1|A/cattle/Texas/24-008749-003/2024(H5N1)	277	0
NA|PP755591.1|A/cattle/Texas/24-008749-003/2024(H5N1)	278	0
NA|PP755591.1|A/cattle/Texas/24-008749-003/2024(H5N1)	279	0
NA|PP755591.1|A/cattle/Texas/24-008749-003/2024(H5N1)	280	0
NA|PP755591.1|A/cattle/Texas/24-008749-003/2024(H5N1)	281	0
NA|PP755591.1|A/cattle/Texas/24-008749-003/2024(H5N1)	282	0
NA|PP755591.1|A/cattle/Texas/24-008749-003/2024(H5N1)	283	1
NA|PP755591.1|A/cattle/Texas/24-008749-003/2024(H5N1)	284	1
NA|PP755591.1|A/cattle/Texas/24-008749-003/2024(H5N1)	285	1
NA|PP755591.1|A/cattle/Texas/24-008749-003/2024(H5N1)	286	1
NA|PP755591.1|A/cattle/Texas/24-008749-003/2024(H5N1)	287	1
NA|PP755591.1|A/cattle/Texas/24-008749-003/2024(H5N1)	288	1
NA|PP755591.1|A/cattle/Texas/24-008749-003/2024(H5N1)	289	1
NA|PP755591.1|A/cattle/Texas/24-008749-003/2024(H5N1)	290	1
NA|PP755591.1|A/cattle/Texas/24-008749-003/2024(H5N1)	291	1
NA|PP755591.1|A/cattle/Texas/24-008749-003/2024(H5N1)	292	1
NA|PP755591.1|A/cattle/Texas/24-008749-003/2024(H5N1)	293	1
NA|PP755591.1|A/cattle/Texas/24-008749-003/2024(H5N1)	294	1
NA|PP755591.1|A/cattle/Texas/24-008749-003/2024(H5N1)	295	1
NA|PP755591.1|A/cattle/Texas/24-008749-003/2024(H5N1)	296	1
NA|PP755591.1|A/cattle/Texas/24-008749-003/2024(H5N1)	297	1
NA|PP755591.1|A/cattle/Texas/24-008749-003/2024(H5N1)	298	1
NA|PP755591.1|A/cattle/Texas/24-008749-003/2024(H5N1)	299	1
NA|PP755591.1|A/cattle/Texas/24-008749-003/2024(H5N1)	300	1
NA|PP755591.1|A/cattle/Texas/24-008749-003/2024(H5N1)	301	1
NA|PP755591.1|A/cattle/Texas/24-008749-003/2024(H5N1)	302	1
NA|PP755591.1|A/cattle/Texas/24-008749-003/2024(H5N1)	303	1
NA|PP755591.1|A/cattle/Texas/24-008749-003/2024(H5N1)	304	1
NA|PP755591.1|A/cattle/Texas/24-008749-003/2024(H5N1)	305	1
NA|PP755591.1|A/cattle/Texas/24-008749-003/2024(H5N1)	306	1
NA|PP755591.1|A/cattle/Texas/24-008749-003/2024(H5N1)	307	1
NA|PP755591.1|A/cattle/Texas/24-008749-003/2024(H5N1)	308	1
NA|PP755591.1|A/cattle/Texas/24-008749-003/2024(H5N1)	309	1
NA|PP755591.1|A/cattle/Texas/24-008749-003/2024(H5N1)	310	1
NA|PP755591.1|A/cattle/Texas/24-008749-003/2024(H5N1)	311	1
NA|PP755591.1|A/cattle/Texas/24-008749-003/2024(H5N1)	312	0
NA|PP755591.1|A/cattle/Texas/24-008749-003/2024(H5N1)	313	0
NA|PP755591.1|A/cattle/Texas/24-008749-003/2024(H5N1)	314	0
NA|PP755591.1|A/cattle/Texas/24-008749-003/2024(H5N1)	315	0
NA|PP755591.1|A/cattle/Texas/24-008749-003/2024(H5N1)	316	0
NA|PP755591.1|A/cattle/Texas/24-008749-003/2024(H5N1)	317	0
NA|PP755591.1|A/cattle/Texas/24-008749-003/2024(H5N1)	318	0
NA|PP755591.1|A/cattle/Texas/24-008749-003/2024(H5N1)	319	0
NA|PP755591.1|A/cattle/Texas/24-008749-003/2024(H5N1)	320	0
NA|PP755591.1|A/cattle/Texas/24-008749-003/2024(H5N1)	321	0
NA|PP755591.1|A/cattle/Texas/24-008749-003/2024(H5N1)	322	0
NA|PP755591.1|A/cattle/Texas/24-008749-003/2024(H5N1)	323	0
NA|PP755591.1|A/cattle/Texas/24-008749-003/2024(H5N1)	324	0
NA|PP755591.1|A/cattle/Texas/24-008749-003/2024(H5N1)	325	0
NA|PP755591.1|A/cattle/Texas/24-008749-003/2024(H5N1)	326	0
NA|PP755591.1|A/cattle/Texas/24-008749-003/2024(H5N1)	327	0
NA|PP755591.1|A/cattle/Texas/24-008749-003/2024(H5N1)	328	0
NA|PP755591.1|A/cattle/Texas/24-008749-003/2024(H5N1)	329	0
NA|PP755591.1|A/cattle/Texas/24-008749-003/2024(H5N1)	330	0
NA|PP755591.1|A/cattle/Texas/24-008749-003/2024(H5N1)	331	0
NA|PP755591.1|A/cattle/Texas/24-008749-003/2024(H5N1)	332	0
NA|PP755591.1|A/cattle/Texas/24-008749-003/2024(H5N1)	333	0
NA|PP755591.1|A/cattle/Texas/24-008749-003/2024(H5N1)	334	0
NA|PP755591.1|A/cattle/Texas/24-008749-003/2024(H5N1)	335	0
NA|PP755591.1|A/cattle/Texas/24-008749-003/2024(H5N1)	336	0
NA|PP755591.1|A/cattle/Texas/24-008749-003/2024(H5N1)	337	0
NA|PP755591.1|A/cattle/Texas/24-008749-003/2024(H5N1)	338	0
NA|PP755591.1|A/cattle/Texas/24-008749-003/2024(H5N1)	339	0
NA|PP755591.1|A/cattle/Texas/24-008749-003/2024(H5N1)	340	0
NA|PP755591.1|A/cattle/Texas/24-008749-003/2024(H5N1)	341	0
NA|PP755591.1|A/cattle/Texas/24-008749-003/2024(H5N1)	342	0
NA|PP755591.1|A/cattle/Texas/24-008749-003/2024(H5N1)	343	0
NA|PP755591.1|A/cattle/Texas/24-008749-003/2024(H5N1)	344	0
NA|PP755591.1|A/cattle/Texas/24-008749-003/2024(H5N1)	345	0
NA|PP755591.1|A/cattle/Texas/24-008749-003/2024(H5N1)	346	0
NA|PP755591.1|A/cattle/Texas/24-008749-003/2024(H5N1)	347	0
NA|PP755591.1|A/cattle/Texas/24-008749-003/2024(H5N1)	348	0
NA|PP755591.1|A/cattle/Texas/24-008749-003/2024(H5N1)	349	0
NA|PP755591.1|A/cattle/Texas/24-008749-003/2024(H5N1)	350	0
NA|PP755591.1|A/cattle/Texas/24-008749-003/2024(H5N1)	351	0
NA|PP755591.1|A/cattle/Texas/24-008749-003/2024(H5N1)	352	0
NA|PP755591.1|A/cattle/Texas/24-008749-003/2024(H5N1)	353	0
NA|PP755591.1|A/cattle/Texas/24-008749-003/2024(H5N1)	354	0
NA|PP755591.1|A/cattle/Texas/24-008749-003/2024(H5N1)	355	0
NA|PP755591.1|A/cattle/Texas/24-008749-003/2024(H5N1)	356	0
NA|PP755591.1|A/cattle/Texas/24-008749-003/2024(H5N1)	357	0
NA|PP755591.1|A/cattle/Texas/24-008749-003/2024(H5N1)	358	0
NA|PP755591.1|A/cattle/Texas/24-008749-003/2024(H5N1)	359	0
NA|PP755591.1|A/cattle/Texas/24-008749-003/2024(H5N1)	360	0
NA|PP755591.1|A/cattle/Texas/24-008749-003/2024(H5N1)	361	1
NA|PP755591.1|A/cattle/Texas/24-008749-003/2024(H5N1)	362	1
NA|PP755591.1|A/cattle/Texas/24-008749-003/2024(H5N1)	363	1
NA|PP755591.1|A/cattle/Texas/24-008749-003/2024(H5N1)	364	1
NA|PP755591.1|A/cattle/Texas/24-008749-003/2024(H5N1)	365	1
NA|PP755591.1|A/cattle/Texas/24-008749-003/2024(H5N1)	366	1
NA|PP755591.1|A/cattle/Texas/24-008749-003/2024(H5N1)	367	4792
NA|PP755591.1|A/cattle/Texas/24-008749-003/2024(H5N1)	368	4801
NA|PP755591.1|A/cattle/Texas/24-008749-003/2024(H5N1)	369	4806
NA|PP755591.1|A/cattle/Texas/24-008749-003/2024(H5N1)	370	4807
NA|PP755591.1|A/cattle/Texas/24-008749-003/2024(H5N1)	371	4807
NA|PP755591.1|A/cattle/Texas/24-008749-003/2024(H5N1)	372	4807
NA|PP755591.1|A/cattle/Texas/24-008749-003/2024(H5N1)	373	4807
NA|PP755591.1|A/cattle/Texas/24-008749-003/2024(H5N1)	374	4807
NA|PP755591.1|A/cattle/Texas/24-008749-003/2024(H5N1)	375	4807
NA|PP755591.1|A/cattle/Texas/24-008749-003/2024(H5N1)	376	4807
NA|PP755591.1|A/cattle/Texas/24-008749-003/2024(H5N1)	377	4808
NA|PP755591.1|A/cattle/Texas/24-008749-003/2024(H5N1)	378	4808
NA|PP755591.1|A/cattle/Texas/24-008749-003/2024(H5N1)	379	4808
NA|PP755591.1|A/cattle/Texas/24-008749-003/2024(H5N1)	380	4808
NA|PP755591.1|A/cattle/Texas/24-008749-003/2024(H5N1)	381	4808
NA|PP755591.1|A/cattle/Texas/24-008749-003/2024(H5N1)	382	4808
NA|PP755591.1|A/cattle/Texas/24-008749-003/2024(H5N1)	383	4808
NA|PP755591.1|A/cattle/Texas/24-008749-003/2024(H5N1)	384	4808
NA|PP755591.1|A/cattle/Texas/24-008749-003/2024(H5N1)	385	4808
NA|PP755591.1|A/cattle/Texas/24-008749-003/2024(H5N1)	386	4807
NA|PP755591.1|A/cattle/Texas/24-008749-003/2024(H5N1)	387	4807
NA|PP755591.1|A/cattle/Texas/24-008749-003/2024(H5N1)	388	4807
NA|PP755591.1|A/cattle/Texas/24-008749-003/2024(H5N1)	389	4807
NA|PP755591.1|A/cattle/Texas/24-008749-003/2024(H5N1)	390	4807
NA|PP755591.1|A/cattle/Texas/24-008749-003/2024(H5N1)	391	4806
NA|PP755591.1|A/cattle/Texas/24-008749-003/2024(H5N1)	392	4806
NA|PP755591.1|A/cattle/Texas/24-008749-003/2024(H5N1)	393	4806
NA|PP755591.1|A/cattle/Texas/24-008749-003/2024(H5N1)	394	4806
NA|PP755591.1|A/cattle/Texas/24-008749-003/2024(H5N1)	395	4806
NA|PP755591.1|A/cattle/Texas/24-008749-003/2024(H5N1)	396	4708
NA|PP755591.1|A/cattle/Texas/24-008749-003/2024(H5N1)	397	4695
NA|PP755591.1|A/cattle/Texas/24-008749-003/2024(H5N1)	398	4670
NA|PP755591.1|A/cattle/Texas/24-008749-003/2024(H5N1)	399	1367
NA|PP755591.1|A/cattle/Texas/24-008749-003/2024(H5N1)	400	1364
NA|PP755591.1|A/cattle/Texas/24-008749-003/2024(H5N1)	401	1364
NA|PP755591.1|A/cattle/Texas/24-008749-003/2024(H5N1)	402	1364
NA|PP755591.1|A/cattle/Texas/24-008749-003/2024(H5N1)	403	1364
NA|PP755591.1|A/cattle/Texas/24-008749-003/2024(H5N1)	404	1364
NA|PP755591.1|A/cattle/Texas/24-008749-003/2024(H5N1)	405	1363
NA|PP755591.1|A/cattle/Texas/24-008749-003/2024(H5N1)	406	1363
NA|PP755591.1|A/cattle/Texas/24-008749-003/2024(H5N1)	407	1363
NA|PP755591.1|A/cattle/Texas/24-008749-003/2024(H5N1)	408	1363
NA|PP755591.1|A/cattle/Texas/24-008749-003/2024(H5N1)	409	1363
NA|PP755591.1|A/cattle/Texas/24-008749-003/2024(H5N1)	410	1363
NA|PP755591.1|A/cattle/Texas/24-008749-003/2024(H5N1)	411	1362
NA|PP755591.1|A/cattle/Texas/24-008749-003/2024(H5N1)	412	1364
NA|PP755591.1|A/cattle/Texas/24-008749-003/2024(H5N1)	413	1364
NA|PP755591.1|A/cattle/Texas/24-008749-003/2024(H5N1)	414	1364
NA|PP755591.1|A/cattle/Texas/24-008749-003/2024(H5N1)	415	1364
NA|PP755591.1|A/cattle/Texas/24-008749-003/2024(H5N1)	416	1365
NA|PP755591.1|A/cattle/Texas/24-008749-003/2024(H5N1)	417	1365
NA|PP755591.1|A/cattle/Texas/24-008749-003/2024(H5N1)	418	1411
NA|PP755591.1|A/cattle/Texas/24-008749-003/2024(H5N1)	419	4444
NA|PP755591.1|A/cattle/Texas/24-008749-003/2024(H5N1)	420	4470
NA|PP755591.1|A/cattle/Texas/24-008749-003/2024(H5N1)	421	4486
NA|PP755591.1|A/cattle/Texas/24-008749-003/2024(H5N1)	422	4560
NA|PP755591.1|A/cattle/Texas/24-008749-003/2024(H5N1)	423	4607
NA|PP755591.1|A/cattle/Texas/24-008749-003/2024(H5N1)	424	4629
NA|PP755591.1|A/cattle/Texas/24-008749-003/2024(H5N1)	425	4630
NA|PP755591.1|A/cattle/Texas/24-008749-003/2024(H5N1)	426	4630
NA|PP755591.1|A/cattle/Texas/24-008749-003/2024(H5N1)	427	4673
NA|PP755591.1|A/cattle/Texas/24-008749-003/2024(H5N1)	428	4705
NA|PP755591.1|A/cattle/Texas/24-008749-003/2024(H5N1)	429	4732
NA|PP755591.1|A/cattle/Texas/24-008749-003/2024(H5N1)	430	4983
NA|PP755591.1|A/cattle/Texas/24-008749-003/2024(H5N1)	431	5041
NA|PP755591.1|A/cattle/Texas/24-008749-003/2024(H5N1)	432	5275
NA|PP755591.1|A/cattle/Texas/24-008749-003/2024(H5N1)	433	5416
NA|PP755591.1|A/cattle/Texas/24-008749-003/2024(H5N1)	434	5435
NA|PP755591.1|A/cattle/Texas/24-008749-003/2024(H5N1)	435	5463
NA|PP755591.1|A/cattle/Texas/24-008749-003/2024(H5N1)	436	5522
NA|PP755591.1|A/cattle/Texas/24-008749-003/2024(H5N1)	437	5632
NA|PP755591.1|A/cattle/Texas/24-008749-003/2024(H5N1)	438	5641
NA|PP755591.1|A/cattle/Texas/24-008749-003/2024(H5N1)	439	5641
NA|PP755591.1|A/cattle/Texas/24-008749-003/2024(H5N1)	440	5641
NA|PP755591.1|A/cattle/Texas/24-008749-003/2024(H5N1)	441	5641
NA|PP755591.1|A/cattle/Texas/24-008749-003/2024(H5N1)	442	5738
NA|PP755591.1|A/cattle/Texas/24-008749-003/2024(H5N1)	443	5918
NA|PP755591.1|A/cattle/Texas/24-008749-003/2024(H5N1)	444	5918
NA|PP755591.1|A/cattle/Texas/24-008749-003/2024(H5N1)	445	6751
NA|PP755591.1|A/cattle/Texas/24-008749-003/2024(H5N1)	446	6752
NA|PP755591.1|A/cattle/Texas/24-008749-003/2024(H5N1)	447	7010
NA|PP755591.1|A/cattle/Texas/24-008749-003/2024(H5N1)	448	7036
NA|PP755591.1|A/cattle/Texas/24-008749-003/2024(H5N1)	449	7036
NA|PP755591.1|A/cattle/Texas/24-008749-003/2024(H5N1)	450	7036
NA|PP755591.1|A/cattle/Texas/24-008749-003/2024(H5N1)	451	7078
NA|PP755591.1|A/cattle/Texas/24-008749-003/2024(H5N1)	452	7123
NA|PP755591.1|A/cattle/Texas/24-008749-003/2024(H5N1)	453	7174
NA|PP755591.1|A/cattle/Texas/24-008749-003/2024(H5N1)	454	7625
NA|PP755591.1|A/cattle/Texas/24-008749-003/2024(H5N1)	455	7644
NA|PP755591.1|A/cattle/Texas/24-008749-003/2024(H5N1)	456	8250
NA|PP755591.1|A/cattle/Texas/24-008749-003/2024(H5N1)	457	8298
NA|PP755591.1|A/cattle/Texas/24-008749-003/2024(H5N1)	458	8316
NA|PP755591.1|A/cattle/Texas/24-008749-003/2024(H5N1)	459	9608
NA|PP755591.1|A/cattle/Texas/24-008749-003/2024(H5N1)	460	9632
NA|PP755591.1|A/cattle/Texas/24-008749-003/2024(H5N1)	461	9764
NA|PP755591.1|A/cattle/Texas/24-008749-003/2024(H5N1)	462	9895
NA|PP755591.1|A/cattle/Texas/24-008749-003/2024(H5N1)	463	9918
NA|PP755591.1|A/cattle/Texas/24-008749-003/2024(H5N1)	464	10181
NA|PP755591.1|A/cattle/Texas/24-008749-003/2024(H5N1)	465	10181
NA|PP755591.1|A/cattle/Texas/24-008749-003/2024(H5N1)	466	10181
NA|PP755591.1|A/cattle/Texas/24-008749-003/2024(H5N1)	467	10180
NA|PP755591.1|A/cattle/Texas/24-008749-003/2024(H5N1)	468	10173
NA|PP755591.1|A/cattle/Texas/24-008749-003/2024(H5N1)	469	10168
NA|PP755591.1|A/cattle/Texas/24-008749-003/2024(H5N1)	470	10017
NA|PP755591.1|A/cattle/Texas/24-008749-003/2024(H5N1)	471	8738
NA|PP755591.1|A/cattle/Texas/24-008749-003/2024(H5N1)	472	8739
NA|PP755591.1|A/cattle/Texas/24-008749-003/2024(H5N1)	473	8743
NA|PP755591.1|A/cattle/Texas/24-008749-003/2024(H5N1)	474	8770
NA|PP755591.1|A/cattle/Texas/24-008749-003/2024(H5N1)	475	8770
NA|PP755591.1|A/cattle/Texas/24-008749-003/2024(H5N1)	476	8770
NA|PP755591.1|A/cattle/Texas/24-008749-003/2024(H5N1)	477	8770
NA|PP755591.1|A/cattle/Texas/24-008749-003/2024(H5N1)	478	8770
NA|PP755591.1|A/cattle/Texas/24-008749-003/2024(H5N1)	479	8770
NA|PP755591.1|A/cattle/Texas/24-008749-003/2024(H5N1)	480	8770
NA|PP755591.1|A/cattle/Texas/24-008749-003/2024(H5N1)	481	8770
NA|PP755591.1|A/cattle/Texas/24-008749-003/2024(H5N1)	482	8771
NA|PP755591.1|A/cattle/Texas/24-008749-003/2024(H5N1)	483	8764
NA|PP755591.1|A/cattle/Texas/24-008749-003/2024(H5N1)	484	8772
NA|PP755591.1|A/cattle/Texas/24-008749-003/2024(H5N1)	485	8778
NA|PP755591.1|A/cattle/Texas/24-008749-003/2024(H5N1)	486	8778
NA|PP755591.1|A/cattle/Texas/24-008749-003/2024(H5N1)	487	8920
NA|PP755591.1|A/cattle/Texas/24-008749-003/2024(H5N1)	488	9111
NA|PP755591.1|A/cattle/Texas/24-008749-003/2024(H5N1)	489	9162
NA|PP755591.1|A/cattle/Texas/24-008749-003/2024(H5N1)	490	12073
NA|PP755591.1|A/cattle/Texas/24-008749-003/2024(H5N1)	491	12301
NA|PP755591.1|A/cattle/Texas/24-008749-003/2024(H5N1)	492	12355
NA|PP755591.1|A/cattle/Texas/24-008749-003/2024(H5N1)	493	12397
NA|PP755591.1|A/cattle/Texas/24-008749-003/2024(H5N1)	494	12471
NA|PP755591.1|A/cattle/Texas/24-008749-003/2024(H5N1)	495	12519
NA|PP755591.1|A/cattle/Texas/24-008749-003/2024(H5N1)	496	12809
NA|PP755591.1|A/cattle/Texas/24-008749-003/2024(H5N1)	497	13109
NA|PP755591.1|A/cattle/Texas/24-008749-003/2024(H5N1)	498	13153
NA|PP755591.1|A/cattle/Texas/24-008749-003/2024(H5N1)	499	13345
NA|PP755591.1|A/cattle/Texas/24-008749-003/2024(H5N1)	500	13347
NA|PP755591.1|A/cattle/Texas/24-008749-003/2024(H5N1)	501	13449
NA|PP755591.1|A/cattle/Texas/24-008749-003/2024(H5N1)	502	13997
NA|PP755591.1|A/cattle/Texas/24-008749-003/2024(H5N1)	503	13997
NA|PP755591.1|A/cattle/Texas/24-008749-003/2024(H5N1)	504	13995
NA|PP755591.1|A/cattle/Texas/24-008749-003/2024(H5N1)	505	14192
NA|PP755591.1|A/cattle/Texas/24-008749-003/2024(H5N1)	506	14196
NA|PP755591.1|A/cattle/Texas/24-008749-003/2024(H5N1)	507	14379
NA|PP755591.1|A/cattle/Texas/24-008749-003/2024(H5N1)	508	15130
NA|PP755591.1|A/cattle/Texas/24-008749-003/2024(H5N1)	509	15365
NA|PP755591.1|A/cattle/Texas/24-008749-003/2024(H5N1)	510	15435
NA|PP755591.1|A/cattle/Texas/24-008749-003/2024(H5N1)	511	15461
NA|PP755591.1|A/cattle/Texas/24-008749-003/2024(H5N1)	512	15767
NA|PP755591.1|A/cattle/Texas/24-008749-003/2024(H5N1)	513	15787
NA|PP755591.1|A/cattle/Texas/24-008749-003/2024(H5N1)	514	15794
NA|PP755591.1|A/cattle/Texas/24-008749-003/2024(H5N1)	515	15809
NA|PP755591.1|A/cattle/Texas/24-008749-003/2024(H5N1)	516	15814
NA|PP755591.1|A/cattle/Texas/24-008749-003/2024(H5N1)	517	15891
NA|PP755591.1|A/cattle/Texas/24-008749-003/2024(H5N1)	518	15928
NA|PP755591.1|A/cattle/Texas/24-008749-003/2024(H5N1)	519	16157
NA|PP755591.1|A/cattle/Texas/24-008749-003/2024(H5N1)	520	16602
NA|PP755591.1|A/cattle/Texas/24-008749-003/2024(H5N1)	521	16774
NA|PP755591.1|A/cattle/Texas/24-008749-003/2024(H5N1)	522	16845
NA|PP755591.1|A/cattle/Texas/24-008749-003/2024(H5N1)	523	16864
NA|PP755591.1|A/cattle/Texas/24-008749-003/2024(H5N1)	524	16916
NA|PP755591.1|A/cattle/Texas/24-008749-003/2024(H5N1)	525	16998
NA|PP755591.1|A/cattle/Texas/24-008749-003/2024(H5N1)	526	17125
NA|PP755591.1|A/cattle/Texas/24-008749-003/2024(H5N1)	527	16922
NA|PP755591.1|A/cattle/Texas/24-008749-003/2024(H5N1)	528	16921
NA|PP755591.1|A/cattle/Texas/24-008749-003/2024(H5N1)	529	17068
NA|PP755591.1|A/cattle/Texas/24-008749-003/2024(H5N1)	530	17079
NA|PP755591.1|A/cattle/Texas/24-008749-003/2024(H5N1)	531	17154
NA|PP755591.1|A/cattle/Texas/24-008749-003/2024(H5N1)	532	17163
NA|PP755591.1|A/cattle/Texas/24-008749-003/2024(H5N1)	533	17383
NA|PP755591.1|A/cattle/Texas/24-008749-003/2024(H5N1)	534	17567
NA|PP755591.1|A/cattle/Texas/24-008749-003/2024(H5N1)	535	17613
NA|PP755591.1|A/cattle/Texas/24-008749-003/2024(H5N1)	536	17612
NA|PP755591.1|A/cattle/Texas/24-008749-003/2024(H5N1)	537	17894
NA|PP755591.1|A/cattle/Texas/24-008749-003/2024(H5N1)	538	17901
NA|PP755591.1|A/cattle/Texas/24-008749-003/2024(H5N1)	539	17940
NA|PP755591.1|A/cattle/Texas/24-008749-003/2024(H5N1)	540	17887
NA|PP755591.1|A/cattle/Texas/24-008749-003/2024(H5N1)	541	18032
NA|PP755591.1|A/cattle/Texas/24-008749-003/2024(H5N1)	542	18605
NA|PP755591.1|A/cattle/Texas/24-008749-003/2024(H5N1)	543	18617
NA|PP755591.1|A/cattle/Texas/24-008749-003/2024(H5N1)	544	18622
NA|PP755591.1|A/cattle/Texas/24-008749-003/2024(H5N1)	545	18825
NA|PP755591.1|A/cattle/Texas/24-008749-003/2024(H5N1)	546	18649
NA|PP755591.1|A/cattle/Texas/24-008749-003/2024(H5N1)	547	18663
NA|PP755591.1|A/cattle/Texas/24-008749-003/2024(H5N1)	548	18561
NA|PP755591.1|A/cattle/Texas/24-008749-003/2024(H5N1)	549	18494
NA|PP755591.1|A/cattle/Texas/24-008749-003/2024(H5N1)	550	18432
NA|PP755591.1|A/cattle/Texas/24-008749-003/2024(H5N1)	551	18451
NA|PP755591.1|A/cattle/Texas/24-008749-003/2024(H5N1)	552	18490
NA|PP755591.1|A/cattle/Texas/24-008749-003/2024(H5N1)	553	18400
NA|PP755591.1|A/cattle/Texas/24-008749-003/2024(H5N1)	554	18143
NA|PP755591.1|A/cattle/Texas/24-008749-003/2024(H5N1)	555	17973
NA|PP755591.1|A/cattle/Texas/24-008749-003/2024(H5N1)	556	17959
NA|PP755591.1|A/cattle/Texas/24-008749-003/2024(H5N1)	557	18156
NA|PP755591.1|A/cattle/Texas/24-008749-003/2024(H5N1)	558	18189
NA|PP755591.1|A/cattle/Texas/24-008749-003/2024(H5N1)	559	18224
NA|PP755591.1|A/cattle/Texas/24-008749-003/2024(H5N1)	560	18171
NA|PP755591.1|A/cattle/Texas/24-008749-003/2024(H5N1)	561	18075
NA|PP755591.1|A/cattle/Texas/24-008749-003/2024(H5N1)	562	18068
NA|PP755591.1|A/cattle/Texas/24-008749-003/2024(H5N1)	563	18041
NA|PP755591.1|A/cattle/Texas/24-008749-003/2024(H5N1)	564	17997
NA|PP755591.1|A/cattle/Texas/24-008749-003/2024(H5N1)	565	18074
NA|PP755591.1|A/cattle/Texas/24-008749-003/2024(H5N1)	566	17996
NA|PP755591.1|A/cattle/Texas/24-008749-003/2024(H5N1)	567	18024
NA|PP755591.1|A/cattle/Texas/24-008749-003/2024(H5N1)	568	17360
NA|PP755591.1|A/cattle/Texas/24-008749-003/2024(H5N1)	569	17318
NA|PP755591.1|A/cattle/Texas/24-008749-003/2024(H5N1)	570	17326
NA|PP755591.1|A/cattle/Texas/24-008749-003/2024(H5N1)	571	17347
NA|PP755591.1|A/cattle/Texas/24-008749-003/2024(H5N1)	572	17392
NA|PP755591.1|A/cattle/Texas/24-008749-003/2024(H5N1)	573	17326
NA|PP755591.1|A/cattle/Texas/24-008749-003/2024(H5N1)	574	17292
NA|PP755591.1|A/cattle/Texas/24-008749-003/2024(H5N1)	575	17261
NA|PP755591.1|A/cattle/Texas/24-008749-003/2024(H5N1)	576	17234
NA|PP755591.1|A/cattle/Texas/24-008749-003/2024(H5N1)	577	17174
NA|PP755591.1|A/cattle/Texas/24-008749-003/2024(H5N1)	578	17131
NA|PP755591.1|A/cattle/Texas/24-008749-003/2024(H5N1)	579	17083
NA|PP755591.1|A/cattle/Texas/24-008749-003/2024(H5N1)	580	17347
NA|PP755591.1|A/cattle/Texas/24-008749-003/2024(H5N1)	581	17357
NA|PP755591.1|A/cattle/Texas/24-008749-003/2024(H5N1)	582	17332
NA|PP755591.1|A/cattle/Texas/24-008749-003/2024(H5N1)	583	17141
NA|PP755591.1|A/cattle/Texas/24-008749-003/2024(H5N1)	584	17043
NA|PP755591.1|A/cattle/Texas/24-008749-003/2024(H5N1)	585	17051
NA|PP755591.1|A/cattle/Texas/24-008749-003/2024(H5N1)	586	17421
NA|PP755591.1|A/cattle/Texas/24-008749-003/2024(H5N1)	587	17344
NA|PP755591.1|A/cattle/Texas/24-008749-003/2024(H5N1)	588	17227
NA|PP755591.1|A/cattle/Texas/24-008749-003/2024(H5N1)	589	17206
NA|PP755591.1|A/cattle/Texas/24-008749-003/2024(H5N1)	590	17190
NA|PP755591.1|A/cattle/Texas/24-008749-003/2024(H5N1)	591	17137
NA|PP755591.1|A/cattle/Texas/24-008749-003/2024(H5N1)	592	17323
NA|PP755591.1|A/cattle/Texas/24-008749-003/2024(H5N1)	593	17087
NA|PP755591.1|A/cattle/Texas/24-008749-003/2024(H5N1)	594	17072
NA|PP755591.1|A/cattle/Texas/24-008749-003/2024(H5N1)	595	17119
NA|PP755591.1|A/cattle/Texas/24-008749-003/2024(H5N1)	596	16677
NA|PP755591.1|A/cattle/Texas/24-008749-003/2024(H5N1)	597	16676
NA|PP755591.1|A/cattle/Texas/24-008749-003/2024(H5N1)	598	16340
NA|PP755591.1|A/cattle/Texas/24-008749-003/2024(H5N1)	599	16311
NA|PP755591.1|A/cattle/Texas/24-008749-003/2024(H5N1)	600	16296
NA|PP755591.1|A/cattle/Texas/24-008749-003/2024(H5N1)	601	16152
NA|PP755591.1|A/cattle/Texas/24-008749-003/2024(H5N1)	602	16113
NA|PP755591.1|A/cattle/Texas/24-008749-003/2024(H5N1)	603	15699
NA|PP755591.1|A/cattle/Texas/24-008749-003/2024(H5N1)	604	15572
NA|PP755591.1|A/cattle/Texas/24-008749-003/2024(H5N1)	605	15405
NA|PP755591.1|A/cattle/Texas/24-008749-003/2024(H5N1)	606	14982
NA|PP755591.1|A/cattle/Texas/24-008749-003/2024(H5N1)	607	16100
NA|PP755591.1|A/cattle/Texas/24-008749-003/2024(H5N1)	608	16111
NA|PP755591.1|A/cattle/Texas/24-008749-003/2024(H5N1)	609	16107
NA|PP755591.1|A/cattle/Texas/24-008749-003/2024(H5N1)	610	15181
NA|PP755591.1|A/cattle/Texas/24-008749-003/2024(H5N1)	611	14759
NA|PP755591.1|A/cattle/Texas/24-008749-003/2024(H5N1)	612	14641
NA|PP755591.1|A/cattle/Texas/24-008749-003/2024(H5N1)	613	14758
NA|PP755591.1|A/cattle/Texas/24-008749-003/2024(H5N1)	614	14771
NA|PP755591.1|A/cattle/Texas/24-008749-003/2024(H5N1)	615	14816
NA|PP755591.1|A/cattle/Texas/24-008749-003/2024(H5N1)	616	14845
NA|PP755591.1|A/cattle/Texas/24-008749-003/2024(H5N1)	617	14798
NA|PP755591.1|A/cattle/Texas/24-008749-003/2024(H5N1)	618	14733
NA|PP755591.1|A/cattle/Texas/24-008749-003/2024(H5N1)	619	14655
NA|PP755591.1|A/cattle/Texas/24-008749-003/2024(H5N1)	620	14189
NA|PP755591.1|A/cattle/Texas/24-008749-003/2024(H5N1)	621	14152
NA|PP755591.1|A/cattle/Texas/24-008749-003/2024(H5N1)	622	13977
NA|PP755591.1|A/cattle/Texas/24-008749-003/2024(H5N1)	623	13562
NA|PP755591.1|A/cattle/Texas/24-008749-003/2024(H5N1)	624	13563
NA|PP755591.1|A/cattle/Texas/24-008749-003/2024(H5N1)	625	13357
NA|PP755591.1|A/cattle/Texas/24-008749-003/2024(H5N1)	626	13369
NA|PP755591.1|A/cattle/Texas/24-008749-003/2024(H5N1)	627	13264
NA|PP755591.1|A/cattle/Texas/24-008749-003/2024(H5N1)	628	13075
NA|PP755591.1|A/cattle/Texas/24-008749-003/2024(H5N1)	629	13182
NA|PP755591.1|A/cattle/Texas/24-008749-003/2024(H5N1)	630	13118
NA|PP755591.1|A/cattle/Texas/24-008749-003/2024(H5N1)	631	13111
NA|PP755591.1|A/cattle/Texas/24-008749-003/2024(H5N1)	632	13173
NA|PP755591.1|A/cattle/Texas/24-008749-003/2024(H5N1)	633	12837
NA|PP755591.1|A/cattle/Texas/24-008749-003/2024(H5N1)	634	12846
NA|PP755591.1|A/cattle/Texas/24-008749-003/2024(H5N1)	635	12829
NA|PP755591.1|A/cattle/Texas/24-008749-003/2024(H5N1)	636	12684
NA|PP755591.1|A/cattle/Texas/24-008749-003/2024(H5N1)	637	12605
NA|PP755591.1|A/cattle/Texas/24-008749-003/2024(H5N1)	638	12403
NA|PP755591.1|A/cattle/Texas/24-008749-003/2024(H5N1)	639	12160
NA|PP755591.1|A/cattle/Texas/24-008749-003/2024(H5N1)	640	12253
NA|PP755591.1|A/cattle/Texas/24-008749-003/2024(H5N1)	641	12139
NA|PP755591.1|A/cattle/Texas/24-008749-003/2024(H5N1)	642	12094
NA|PP755591.1|A/cattle/Texas/24-008749-003/2024(H5N1)	643	12067
NA|PP755591.1|A/cattle/Texas/24-008749-003/2024(H5N1)	644	11962
NA|PP755591.1|A/cattle/Texas/24-008749-003/2024(H5N1)	645	11869
NA|PP755591.1|A/cattle/Texas/24-008749-003/2024(H5N1)	646	11859
NA|PP755591.1|A/cattle/Texas/24-008749-003/2024(H5N1)	647	11630
NA|PP755591.1|A/cattle/Texas/24-008749-003/2024(H5N1)	648	11395
NA|PP755591.1|A/cattle/Texas/24-008749-003/2024(H5N1)	649	11939
NA|PP755591.1|A/cattle/Texas/24-008749-003/2024(H5N1)	650	11758
NA|PP755591.1|A/cattle/Texas/24-008749-003/2024(H5N1)	651	11889
NA|PP755591.1|A/cattle/Texas/24-008749-003/2024(H5N1)	652	11777
NA|PP755591.1|A/cattle/Texas/24-008749-003/2024(H5N1)	653	11297
NA|PP755591.1|A/cattle/Texas/24-008749-003/2024(H5N1)	654	10881
NA|PP755591.1|A/cattle/Texas/24-008749-003/2024(H5N1)	655	10723
NA|PP755591.1|A/cattle/Texas/24-008749-003/2024(H5N1)	656	10547
NA|PP755591.1|A/cattle/Texas/24-008749-003/2024(H5N1)	657	10545
NA|PP755591.1|A/cattle/Texas/24-008749-003/2024(H5N1)	658	10375
NA|PP755591.1|A/cattle/Texas/24-008749-003/2024(H5N1)	659	10371
NA|PP755591.1|A/cattle/Texas/24-008749-003/2024(H5N1)	660	10106
NA|PP755591.1|A/cattle/Texas/24-008749-003/2024(H5N1)	661	10050
NA|PP755591.1|A/cattle/Texas/24-008749-003/2024(H5N1)	662	9136
NA|PP755591.1|A/cattle/Texas/24-008749-003/2024(H5N1)	663	8890
NA|PP755591.1|A/cattle/Texas/24-008749-003/2024(H5N1)	664	8884
NA|PP755591.1|A/cattle/Texas/24-008749-003/2024(H5N1)	665	8881
NA|PP755591.1|A/cattle/Texas/24-008749-003/2024(H5N1)	666	8863
NA|PP755591.1|A/cattle/Texas/24-008749-003/2024(H5N1)	667	8867
NA|PP755591.1|A/cattle/Texas/24-008749-003/2024(H5N1)	668	8802
NA|PP755591.1|A/cattle/Texas/24-008749-003/2024(H5N1)	669	8714
NA|PP755591.1|A/cattle/Texas/24-008749-003/2024(H5N1)	670	9744
NA|PP755591.1|A/cattle/Texas/24-008749-003/2024(H5N1)	671	9756
NA|PP755591.1|A/cattle/Texas/24-008749-003/2024(H5N1)	672	9769
NA|PP755591.1|A/cattle/Texas/24-008749-003/2024(H5N1)	673	9718
NA|PP755591.1|A/cattle/Texas/24-008749-003/2024(H5N1)	674	9709
NA|PP755591.1|A/cattle/Texas/24-008749-003/2024(H5N1)	675	9629
NA|PP755591.1|A/cattle/Texas/24-008749-003/2024(H5N1)	676	9443
NA|PP755591.1|A/cattle/Texas/24-008749-003/2024(H5N1)	677	9391
NA|PP755591.1|A/cattle/Texas/24-008749-003/2024(H5N1)	678	9214
NA|PP755591.1|A/cattle/Texas/24-008749-003/2024(H5N1)	679	9719
NA|PP755591.1|A/cattle/Texas/24-008749-003/2024(H5N1)	680	9716
NA|PP755591.1|A/cattle/Texas/24-008749-003/2024(H5N1)	681	9709
NA|PP755591.1|A/cattle/Texas/24-008749-003/2024(H5N1)	682	9647
NA|PP755591.1|A/cattle/Texas/24-008749-003/2024(H5N1)	683	9279
NA|PP755591.1|A/cattle/Texas/24-008749-003/2024(H5N1)	684	9255
NA|PP755591.1|A/cattle/Texas/24-008749-003/2024(H5N1)	685	9884
NA|PP755591.1|A/cattle/Texas/24-008749-003/2024(H5N1)	686	9638
NA|PP755591.1|A/cattle/Texas/24-008749-003/2024(H5N1)	687	9608
NA|PP755591.1|A/cattle/Texas/24-008749-003/2024(H5N1)	688	9597
NA|PP755591.1|A/cattle/Texas/24-008749-003/2024(H5N1)	689	9593
NA|PP755591.1|A/cattle/Texas/24-008749-003/2024(H5N1)	690	9547
NA|PP755591.1|A/cattle/Texas/24-008749-003/2024(H5N1)	691	9441
NA|PP755591.1|A/cattle/Texas/24-008749-003/2024(H5N1)	692	9192
NA|PP755591.1|A/cattle/Texas/24-008749-003/2024(H5N1)	693	8693
NA|PP755591.1|A/cattle/Texas/24-008749-003/2024(H5N1)	694	8686
NA|PP755591.1|A/cattle/Texas/24-008749-003/2024(H5N1)	695	8494
NA|PP755591.1|A/cattle/Texas/24-008749-003/2024(H5N1)	696	6900
NA|PP755591.1|A/cattle/Texas/24-008749-003/2024(H5N1)	697	6900
NA|PP755591.1|A/cattle/Texas/24-008749-003/2024(H5N1)	698	6900
NA|PP755591.1|A/cattle/Texas/24-008749-003/2024(H5N1)	699	6900
NA|PP755591.1|A/cattle/Texas/24-008749-003/2024(H5N1)	700	6899
NA|PP755591.1|A/cattle/Texas/24-008749-003/2024(H5N1)	701	6903
NA|PP755591.1|A/cattle/Texas/24-008749-003/2024(H5N1)	702	6902
NA|PP755591.1|A/cattle/Texas/24-008749-003/2024(H5N1)	703	7091
NA|PP755591.1|A/cattle/Texas/24-008749-003/2024(H5N1)	704	7103
NA|PP755591.1|A/cattle/Texas/24-008749-003/2024(H5N1)	705	7139
NA|PP755591.1|A/cattle/Texas/24-008749-003/2024(H5N1)	706	7203
NA|PP755591.1|A/cattle/Texas/24-008749-003/2024(H5N1)	707	7203
NA|PP755591.1|A/cattle/Texas/24-008749-003/2024(H5N1)	708	7196
NA|PP755591.1|A/cattle/Texas/24-008749-003/2024(H5N1)	709	7251
NA|PP755591.1|A/cattle/Texas/24-008749-003/2024(H5N1)	710	7256
NA|PP755591.1|A/cattle/Texas/24-008749-003/2024(H5N1)	711	7257
NA|PP755591.1|A/cattle/Texas/24-008749-003/2024(H5N1)	712	7328
NA|PP755591.1|A/cattle/Texas/24-008749-003/2024(H5N1)	713	7375
NA|PP755591.1|A/cattle/Texas/24-008749-003/2024(H5N1)	714	7418
NA|PP755591.1|A/cattle/Texas/24-008749-003/2024(H5N1)	715	7431
NA|PP755591.1|A/cattle/Texas/24-008749-003/2024(H5N1)	716	7468
NA|PP755591.1|A/cattle/Texas/24-008749-003/2024(H5N1)	717	7468
NA|PP755591.1|A/cattle/Texas/24-008749-003/2024(H5N1)	718	7614
NA|PP755591.1|A/cattle/Texas/24-008749-003/2024(H5N1)	719	8178
NA|PP755591.1|A/cattle/Texas/24-008749-003/2024(H5N1)	720	8209
NA|PP755591.1|A/cattle/Texas/24-008749-003/2024(H5N1)	721	8283
NA|PP755591.1|A/cattle/Texas/24-008749-003/2024(H5N1)	722	10147
NA|PP755591.1|A/cattle/Texas/24-008749-003/2024(H5N1)	723	10278
NA|PP755591.1|A/cattle/Texas/24-008749-003/2024(H5N1)	724	10329
NA|PP755591.1|A/cattle/Texas/24-008749-003/2024(H5N1)	725	10377
NA|PP755591.1|A/cattle/Texas/24-008749-003/2024(H5N1)	726	10439
NA|PP755591.1|A/cattle/Texas/24-008749-003/2024(H5N1)	727	10588
NA|PP755591.1|A/cattle/Texas/24-008749-003/2024(H5N1)	728	11376
NA|PP755591.1|A/cattle/Texas/24-008749-003/2024(H5N1)	729	11382
NA|PP755591.1|A/cattle/Texas/24-008749-003/2024(H5N1)	730	11414
NA|PP755591.1|A/cattle/Texas/24-008749-003/2024(H5N1)	731	11688
NA|PP755591.1|A/cattle/Texas/24-008749-003/2024(H5N1)	732	11681
NA|PP755591.1|A/cattle/Texas/24-008749-003/2024(H5N1)	733	11740
NA|PP755591.1|A/cattle/Texas/24-008749-003/2024(H5N1)	734	11744
NA|PP755591.1|A/cattle/Texas/24-008749-003/2024(H5N1)	735	11770
NA|PP755591.1|A/cattle/Texas/24-008749-003/2024(H5N1)	736	11925
NA|PP755591.1|A/cattle/Texas/24-008749-003/2024(H5N1)	737	11474
NA|PP755591.1|A/cattle/Texas/24-008749-003/2024(H5N1)	738	10102
NA|PP755591.1|A/cattle/Texas/24-008749-003/2024(H5N1)	739	10239
NA|PP755591.1|A/cattle/Texas/24-008749-003/2024(H5N1)	740	10783
NA|PP755591.1|A/cattle/Texas/24-008749-003/2024(H5N1)	741	10891
NA|PP755591.1|A/cattle/Texas/24-008749-003/2024(H5N1)	742	11282
NA|PP755591.1|A/cattle/Texas/24-008749-003/2024(H5N1)	743	11296
NA|PP755591.1|A/cattle/Texas/24-008749-003/2024(H5N1)	744	11316
NA|PP755591.1|A/cattle/Texas/24-008749-003/2024(H5N1)	745	11762
NA|PP755591.1|A/cattle/Texas/24-008749-003/2024(H5N1)	746	11809
NA|PP755591.1|A/cattle/Texas/24-008749-003/2024(H5N1)	747	11838
NA|PP755591.1|A/cattle/Texas/24-008749-003/2024(H5N1)	748	11886
NA|PP755591.1|A/cattle/Texas/24-008749-003/2024(H5N1)	749	11891
NA|PP755591.1|A/cattle/Texas/24-008749-003/2024(H5N1)	750	11912
NA|PP755591.1|A/cattle/Texas/24-008749-003/2024(H5N1)	751	12559
NA|PP755591.1|A/cattle/Texas/24-008749-003/2024(H5N1)	752	12693
NA|PP755591.1|A/cattle/Texas/24-008749-003/2024(H5N1)	753	12693
NA|PP755591.1|A/cattle/Texas/24-008749-003/2024(H5N1)	754	12372
NA|PP755591.1|A/cattle/Texas/24-008749-003/2024(H5N1)	755	12363
NA|PP755591.1|A/cattle/Texas/24-008749-003/2024(H5N1)	756	12354
NA|PP755591.1|A/cattle/Texas/24-008749-003/2024(H5N1)	757	12347
NA|PP755591.1|A/cattle/Texas/24-008749-003/2024(H5N1)	758	12323
NA|PP755591.1|A/cattle/Texas/24-008749-003/2024(H5N1)	759	12015
NA|PP755591.1|A/cattle/Texas/24-008749-003/2024(H5N1)	760	12015
NA|PP755591.1|A/cattle/Texas/24-008749-003/2024(H5N1)	761	12015
NA|PP755591.1|A/cattle/Texas/24-008749-003/2024(H5N1)	762	12015
NA|PP755591.1|A/cattle/Texas/24-008749-003/2024(H5N1)	763	12015
NA|PP755591.1|A/cattle/Texas/24-008749-003/2024(H5N1)	764	12015
NA|PP755591.1|A/cattle/Texas/24-008749-003/2024(H5N1)	765	10334
NA|PP755591.1|A/cattle/Texas/24-008749-003/2024(H5N1)	766	10335
NA|PP755591.1|A/cattle/Texas/24-008749-003/2024(H5N1)	767	10335
NA|PP755591.1|A/cattle/Texas/24-008749-003/2024(H5N1)	768	10335
NA|PP755591.1|A/cattle/Texas/24-008749-003/2024(H5N1)	769	10335
NA|PP755591.1|A/cattle/Texas/24-008749-003/2024(H5N1)	770	10335
NA|PP755591.1|A/cattle/Texas/24-008749-003/2024(H5N1)	771	10335
NA|PP755591.1|A/cattle/Texas/24-008749-003/2024(H5N1)	772	10393
NA|PP755591.1|A/cattle/Texas/24-008749-003/2024(H5N1)	773	10402
NA|PP755591.1|A/cattle/Texas/24-008749-003/2024(H5N1)	774	10416
NA|PP755591.1|A/cattle/Texas/24-008749-003/2024(H5N1)	775	10415
NA|PP755591.1|A/cattle/Texas/24-008749-003/2024(H5N1)	776	10411
NA|PP755591.1|A/cattle/Texas/24-008749-003/2024(H5N1)	777	4064
NA|PP755591.1|A/cattle/Texas/24-008749-003/2024(H5N1)	778	10433
NA|PP755591.1|A/cattle/Texas/24-008749-003/2024(H5N1)	779	10457
NA|PP755591.1|A/cattle/Texas/24-008749-003/2024(H5N1)	780	10497
NA|PP755591.1|A/cattle/Texas/24-008749-003/2024(H5N1)	781	10759
NA|PP755591.1|A/cattle/Texas/24-008749-003/2024(H5N1)	782	10763
NA|PP755591.1|A/cattle/Texas/24-008749-003/2024(H5N1)	783	10763
NA|PP755591.1|A/cattle/Texas/24-008749-003/2024(H5N1)	784	10805
NA|PP755591.1|A/cattle/Texas/24-008749-003/2024(H5N1)	785	10805
NA|PP755591.1|A/cattle/Texas/24-008749-003/2024(H5N1)	786	10805
NA|PP755591.1|A/cattle/Texas/24-008749-003/2024(H5N1)	787	10879
NA|PP755591.1|A/cattle/Texas/24-008749-003/2024(H5N1)	788	10882
NA|PP755591.1|A/cattle/Texas/24-008749-003/2024(H5N1)	789	11003
NA|PP755591.1|A/cattle/Texas/24-008749-003/2024(H5N1)	790	12597
NA|PP755591.1|A/cattle/Texas/24-008749-003/2024(H5N1)	791	12731
NA|PP755591.1|A/cattle/Texas/24-008749-003/2024(H5N1)	792	12757
NA|PP755591.1|A/cattle/Texas/24-008749-003/2024(H5N1)	793	12977
NA|PP755591.1|A/cattle/Texas/24-008749-003/2024(H5N1)	794	13119
NA|PP755591.1|A/cattle/Texas/24-008749-003/2024(H5N1)	795	13197
NA|PP755591.1|A/cattle/Texas/24-008749-003/2024(H5N1)	796	13220
NA|PP755591.1|A/cattle/Texas/24-008749-003/2024(H5N1)	797	13297
NA|PP755591.1|A/cattle/Texas/24-008749-003/2024(H5N1)	798	13299
NA|PP755591.1|A/cattle/Texas/24-008749-003/2024(H5N1)	799	13431
NA|PP755591.1|A/cattle/Texas/24-008749-003/2024(H5N1)	800	13500
NA|PP755591.1|A/cattle/Texas/24-008749-003/2024(H5N1)	801	13491
NA|PP755591.1|A/cattle/Texas/24-008749-003/2024(H5N1)	802	13364
NA|PP755591.1|A/cattle/Texas/24-008749-003/2024(H5N1)	803	13290
NA|PP755591.1|A/cattle/Texas/24-008749-003/2024(H5N1)	804	12535
NA|PP755591.1|A/cattle/Texas/24-008749-003/2024(H5N1)	805	12939
NA|PP755591.1|A/cattle/Texas/24-008749-003/2024(H5N1)	806	14129
NA|PP755591.1|A/cattle/Texas/24-008749-003/2024(H5N1)	807	14162
NA|PP755591.1|A/cattle/Texas/24-008749-003/2024(H5N1)	808	14178
NA|PP755591.1|A/cattle/Texas/24-008749-003/2024(H5N1)	809	14242
NA|PP755591.1|A/cattle/Texas/24-008749-003/2024(H5N1)	810	14255
NA|PP755591.1|A/cattle/Texas/24-008749-003/2024(H5N1)	811	14285
NA|PP755591.1|A/cattle/Texas/24-008749-003/2024(H5N1)	812	14563
NA|PP755591.1|A/cattle/Texas/24-008749-003/2024(H5N1)	813	14565
NA|PP755591.1|A/cattle/Texas/24-008749-003/2024(H5N1)	814	14579
NA|PP755591.1|A/cattle/Texas/24-008749-003/2024(H5N1)	815	14765
NA|PP755591.1|A/cattle/Texas/24-008749-003/2024(H5N1)	816	14771
NA|PP755591.1|A/cattle/Texas/24-008749-003/2024(H5N1)	817	15197
NA|PP755591.1|A/cattle/Texas/24-008749-003/2024(H5N1)	818	15267
NA|PP755591.1|A/cattle/Texas/24-008749-003/2024(H5N1)	819	15320
NA|PP755591.1|A/cattle/Texas/24-008749-003/2024(H5N1)	820	15274
NA|PP755591.1|A/cattle/Texas/24-008749-003/2024(H5N1)	821	15168
NA|PP755591.1|A/cattle/Texas/24-008749-003/2024(H5N1)	822	15349
NA|PP755591.1|A/cattle/Texas/24-008749-003/2024(H5N1)	823	15346
NA|PP755591.1|A/cattle/Texas/24-008749-003/2024(H5N1)	824	16070
NA|PP755591.1|A/cattle/Texas/24-008749-003/2024(H5N1)	825	16017
NA|PP755591.1|A/cattle/Texas/24-008749-003/2024(H5N1)	826	15957
NA|PP755591.1|A/cattle/Texas/24-008749-003/2024(H5N1)	827	16009
NA|PP755591.1|A/cattle/Texas/24-008749-003/2024(H5N1)	828	15489
NA|PP755591.1|A/cattle/Texas/24-008749-003/2024(H5N1)	829	15604
NA|PP755591.1|A/cattle/Texas/24-008749-003/2024(H5N1)	830	15604
NA|PP755591.1|A/cattle/Texas/24-008749-003/2024(H5N1)	831	15676
NA|PP755591.1|A/cattle/Texas/24-008749-003/2024(H5N1)	832	15729
NA|PP755591.1|A/cattle/Texas/24-008749-003/2024(H5N1)	833	15843
NA|PP755591.1|A/cattle/Texas/24-008749-003/2024(H5N1)	834	15584
NA|PP755591.1|A/cattle/Texas/24-008749-003/2024(H5N1)	835	15627
NA|PP755591.1|A/cattle/Texas/24-008749-003/2024(H5N1)	836	15685
NA|PP755591.1|A/cattle/Texas/24-008749-003/2024(H5N1)	837	15685
NA|PP755591.1|A/cattle/Texas/24-008749-003/2024(H5N1)	838	15685
NA|PP755591.1|A/cattle/Texas/24-008749-003/2024(H5N1)	839	15685
NA|PP755591.1|A/cattle/Texas/24-008749-003/2024(H5N1)	840	15603
NA|PP755591.1|A/cattle/Texas/24-008749-003/2024(H5N1)	841	15577
NA|PP755591.1|A/cattle/Texas/24-008749-003/2024(H5N1)	842	15576
NA|PP755591.1|A/cattle/Texas/24-008749-003/2024(H5N1)	843	15422
NA|PP755591.1|A/cattle/Texas/24-008749-003/2024(H5N1)	844	15415
NA|PP755591.1|A/cattle/Texas/24-008749-003/2024(H5N1)	845	15372
NA|PP755591.1|A/cattle/Texas/24-008749-003/2024(H5N1)	846	15332
NA|PP755591.1|A/cattle/Texas/24-008749-003/2024(H5N1)	847	15326
NA|PP755591.1|A/cattle/Texas/24-008749-003/2024(H5N1)	848	14862
NA|PP755591.1|A/cattle/Texas/24-008749-003/2024(H5N1)	849	14684
NA|PP755591.1|A/cattle/Texas/24-008749-003/2024(H5N1)	850	14674
NA|PP755591.1|A/cattle/Texas/24-008749-003/2024(H5N1)	851	14652
NA|PP755591.1|A/cattle/Texas/24-008749-003/2024(H5N1)	852	14640
NA|PP755591.1|A/cattle/Texas/24-008749-003/2024(H5N1)	853	14615
NA|PP755591.1|A/cattle/Texas/24-008749-003/2024(H5N1)	854	14322
NA|PP755591.1|A/cattle/Texas/24-008749-003/2024(H5N1)	855	2847
NA|PP755591.1|A/cattle/Texas/24-008749-003/2024(H5N1)	856	2797
NA|PP755591.1|A/cattle/Texas/24-008749-003/2024(H5N1)	857	2797
NA|PP755591.1|A/cattle/Texas/24-008749-003/2024(H5N1)	858	2796
NA|PP755591.1|A/cattle/Texas/24-008749-003/2024(H5N1)	859	2796
NA|PP755591.1|A/cattle/Texas/24-008749-003/2024(H5N1)	860	2796
NA|PP755591.1|A/cattle/Texas/24-008749-003/2024(H5N1)	861	2796
NA|PP755591.1|A/cattle/Texas/24-008749-003/2024(H5N1)	862	2796
NA|PP755591.1|A/cattle/Texas/24-008749-003/2024(H5N1)	863	2810
NA|PP755591.1|A/cattle/Texas/24-008749-003/2024(H5N1)	864	2810
NA|PP755591.1|A/cattle/Texas/24-008749-003/2024(H5N1)	865	4978
NA|PP755591.1|A/cattle/Texas/24-008749-003/2024(H5N1)	866	4996
NA|PP755591.1|A/cattle/Texas/24-008749-003/2024(H5N1)	867	5050
NA|PP755591.1|A/cattle/Texas/24-008749-003/2024(H5N1)	868	5105
NA|PP755591.1|A/cattle/Texas/24-008749-003/2024(H5N1)	869	5106
NA|PP755591.1|A/cattle/Texas/24-008749-003/2024(H5N1)	870	5106
NA|PP755591.1|A/cattle/Texas/24-008749-003/2024(H5N1)	871	5106
NA|PP755591.1|A/cattle/Texas/24-008749-003/2024(H5N1)	872	5107
NA|PP755591.1|A/cattle/Texas/24-008749-003/2024(H5N1)	873	5107
NA|PP755591.1|A/cattle/Texas/24-008749-003/2024(H5N1)	874	5107
NA|PP755591.1|A/cattle/Texas/24-008749-003/2024(H5N1)	875	5107
NA|PP755591.1|A/cattle/Texas/24-008749-003/2024(H5N1)	876	5106
NA|PP755591.1|A/cattle/Texas/24-008749-003/2024(H5N1)	877	5105
NA|PP755591.1|A/cattle/Texas/24-008749-003/2024(H5N1)	878	5105
NA|PP755591.1|A/cattle/Texas/24-008749-003/2024(H5N1)	879	5100
NA|PP755591.1|A/cattle/Texas/24-008749-003/2024(H5N1)	880	5100
NA|PP755591.1|A/cattle/Texas/24-008749-003/2024(H5N1)	881	5100
NA|PP755591.1|A/cattle/Texas/24-008749-003/2024(H5N1)	882	5100
NA|PP755591.1|A/cattle/Texas/24-008749-003/2024(H5N1)	883	5106
NA|PP755591.1|A/cattle/Texas/24-008749-003/2024(H5N1)	884	5108
NA|PP755591.1|A/cattle/Texas/24-008749-003/2024(H5N1)	885	5108
NA|PP755591.1|A/cattle/Texas/24-008749-003/2024(H5N1)	886	5193
NA|PP755591.1|A/cattle/Texas/24-008749-003/2024(H5N1)	887	5241
NA|PP755591.1|A/cattle/Texas/24-008749-003/2024(H5N1)	888	5300
NA|PP755591.1|A/cattle/Texas/24-008749-003/2024(H5N1)	889	5300
NA|PP755591.1|A/cattle/Texas/24-008749-003/2024(H5N1)	890	5300
NA|PP755591.1|A/cattle/Texas/24-008749-003/2024(H5N1)	891	5298
NA|PP755591.1|A/cattle/Texas/24-008749-003/2024(H5N1)	892	5298
NA|PP755591.1|A/cattle/Texas/24-008749-003/2024(H5N1)	893	5298
NA|PP755591.1|A/cattle/Texas/24-008749-003/2024(H5N1)	894	5298
NA|PP755591.1|A/cattle/Texas/24-008749-003/2024(H5N1)	895	5298
NA|PP755591.1|A/cattle/Texas/24-008749-003/2024(H5N1)	896	5296
NA|PP755591.1|A/cattle/Texas/24-008749-003/2024(H5N1)	897	5296
NA|PP755591.1|A/cattle/Texas/24-008749-003/2024(H5N1)	898	5312
NA|PP755591.1|A/cattle/Texas/24-008749-003/2024(H5N1)	899	5312
NA|PP755591.1|A/cattle/Texas/24-008749-003/2024(H5N1)	900	5312
NA|PP755591.1|A/cattle/Texas/24-008749-003/2024(H5N1)	901	5308
NA|PP755591.1|A/cattle/Texas/24-008749-003/2024(H5N1)	902	5307
NA|PP755591.1|A/cattle/Texas/24-008749-003/2024(H5N1)	903	5307
NA|PP755591.1|A/cattle/Texas/24-008749-003/2024(H5N1)	904	5307
NA|PP755591.1|A/cattle/Texas/24-008749-003/2024(H5N1)	905	5307
NA|PP755591.1|A/cattle/Texas/24-008749-003/2024(H5N1)	906	5307
NA|PP755591.1|A/cattle/Texas/24-008749-003/2024(H5N1)	907	5489
NA|PP755591.1|A/cattle/Texas/24-008749-003/2024(H5N1)	908	5515
NA|PP755591.1|A/cattle/Texas/24-008749-003/2024(H5N1)	909	5515
NA|PP755591.1|A/cattle/Texas/24-008749-003/2024(H5N1)	910	5515
NA|PP755591.1|A/cattle/Texas/24-008749-003/2024(H5N1)	911	5514
NA|PP755591.1|A/cattle/Texas/24-008749-003/2024(H5N1)	912	5514
NA|PP755591.1|A/cattle/Texas/24-008749-003/2024(H5N1)	913	5556
NA|PP755591.1|A/cattle/Texas/24-008749-003/2024(H5N1)	914	5556
NA|PP755591.1|A/cattle/Texas/24-008749-003/2024(H5N1)	915	5556
NA|PP755591.1|A/cattle/Texas/24-008749-003/2024(H5N1)	916	5556
NA|PP755591.1|A/cattle/Texas/24-008749-003/2024(H5N1)	917	5989
NA|PP755591.1|A/cattle/Texas/24-008749-003/2024(H5N1)	918	5995
NA|PP755591.1|A/cattle/Texas/24-008749-003/2024(H5N1)	919	10666
NA|PP755591.1|A/cattle/Texas/24-008749-003/2024(H5N1)	920	10727
NA|PP755591.1|A/cattle/Texas/24-008749-003/2024(H5N1)	921	10746
NA|PP755591.1|A/cattle/Texas/24-008749-003/2024(H5N1)	922	10761
NA|PP755591.1|A/cattle/Texas/24-008749-003/2024(H5N1)	923	10768
NA|PP755591.1|A/cattle/Texas/24-008749-003/2024(H5N1)	924	10807
NA|PP755591.1|A/cattle/Texas/24-008749-003/2024(H5N1)	925	10903
NA|PP755591.1|A/cattle/Texas/24-008749-003/2024(H5N1)	926	11067
NA|PP755591.1|A/cattle/Texas/24-008749-003/2024(H5N1)	927	11081
NA|PP755591.1|A/cattle/Texas/24-008749-003/2024(H5N1)	928	11101
NA|PP755591.1|A/cattle/Texas/24-008749-003/2024(H5N1)	929	11102
NA|PP755591.1|A/cattle/Texas/24-008749-003/2024(H5N1)	930	11103
NA|PP755591.1|A/cattle/Texas/24-008749-003/2024(H5N1)	931	11109
NA|PP755591.1|A/cattle/Texas/24-008749-003/2024(H5N1)	932	11217
NA|PP755591.1|A/cattle/Texas/24-008749-003/2024(H5N1)	933	11336
NA|PP755591.1|A/cattle/Texas/24-008749-003/2024(H5N1)	934	11341
NA|PP755591.1|A/cattle/Texas/24-008749-003/2024(H5N1)	935	11666
NA|PP755591.1|A/cattle/Texas/24-008749-003/2024(H5N1)	936	11674
NA|PP755591.1|A/cattle/Texas/24-008749-003/2024(H5N1)	937	11720
NA|PP755591.1|A/cattle/Texas/24-008749-003/2024(H5N1)	938	11761
NA|PP755591.1|A/cattle/Texas/24-008749-003/2024(H5N1)	939	11757
NA|PP755591.1|A/cattle/Texas/24-008749-003/2024(H5N1)	940	11667
NA|PP755591.1|A/cattle/Texas/24-008749-003/2024(H5N1)	941	11665
NA|PP755591.1|A/cattle/Texas/24-008749-003/2024(H5N1)	942	11632
NA|PP755591.1|A/cattle/Texas/24-008749-003/2024(H5N1)	943	11628
NA|PP755591.1|A/cattle/Texas/24-008749-003/2024(H5N1)	944	11603
NA|PP755591.1|A/cattle/Texas/24-008749-003/2024(H5N1)	945	11260
NA|PP755591.1|A/cattle/Texas/24-008749-003/2024(H5N1)	946	11258
NA|PP755591.1|A/cattle/Texas/24-008749-003/2024(H5N1)	947	11256
NA|PP755591.1|A/cattle/Texas/24-008749-003/2024(H5N1)	948	11191
NA|PP755591.1|A/cattle/Texas/24-008749-003/2024(H5N1)	949	11191
NA|PP755591.1|A/cattle/Texas/24-008749-003/2024(H5N1)	950	11191
NA|PP755591.1|A/cattle/Texas/24-008749-003/2024(H5N1)	951	11191
NA|PP755591.1|A/cattle/Texas/24-008749-003/2024(H5N1)	952	11148
NA|PP755591.1|A/cattle/Texas/24-008749-003/2024(H5N1)	953	11038
NA|PP755591.1|A/cattle/Texas/24-008749-003/2024(H5N1)	954	10908
NA|PP755591.1|A/cattle/Texas/24-008749-003/2024(H5N1)	955	10886
NA|PP755591.1|A/cattle/Texas/24-008749-003/2024(H5N1)	956	10876
NA|PP755591.1|A/cattle/Texas/24-008749-003/2024(H5N1)	957	8068
NA|PP755591.1|A/cattle/Texas/24-008749-003/2024(H5N1)	958	8070
NA|PP755591.1|A/cattle/Texas/24-008749-003/2024(H5N1)	959	8070
NA|PP755591.1|A/cattle/Texas/24-008749-003/2024(H5N1)	960	8063
NA|PP755591.1|A/cattle/Texas/24-008749-003/2024(H5N1)	961	8063
NA|PP755591.1|A/cattle/Texas/24-008749-003/2024(H5N1)	962	8274
NA|PP755591.1|A/cattle/Texas/24-008749-003/2024(H5N1)	963	8295
NA|PP755591.1|A/cattle/Texas/24-008749-003/2024(H5N1)	964	8295
NA|PP755591.1|A/cattle/Texas/24-008749-003/2024(H5N1)	965	8295
NA|PP755591.1|A/cattle/Texas/24-008749-003/2024(H5N1)	966	8287
NA|PP755591.1|A/cattle/Texas/24-008749-003/2024(H5N1)	967	8301
NA|PP755591.1|A/cattle/Texas/24-008749-003/2024(H5N1)	968	8867
NA|PP755591.1|A/cattle/Texas/24-008749-003/2024(H5N1)	969	8867
NA|PP755591.1|A/cattle/Texas/24-008749-003/2024(H5N1)	970	8903
NA|PP755591.1|A/cattle/Texas/24-008749-003/2024(H5N1)	971	8905
NA|PP755591.1|A/cattle/Texas/24-008749-003/2024(H5N1)	972	8977
NA|PP755591.1|A/cattle/Texas/24-008749-003/2024(H5N1)	973	8980
NA|PP755591.1|A/cattle/Texas/24-008749-003/2024(H5N1)	974	8980
NA|PP755591.1|A/cattle/Texas/24-008749-003/2024(H5N1)	975	8976
NA|PP755591.1|A/cattle/Texas/24-008749-003/2024(H5N1)	976	9033
NA|PP755591.1|A/cattle/Texas/24-008749-003/2024(H5N1)	977	9304
NA|PP755591.1|A/cattle/Texas/24-008749-003/2024(H5N1)	978	9353
NA|PP755591.1|A/cattle/Texas/24-008749-003/2024(H5N1)	979	13339
NA|PP755591.1|A/cattle/Texas/24-008749-003/2024(H5N1)	980	13356
NA|PP755591.1|A/cattle/Texas/24-008749-003/2024(H5N1)	981	13620
NA|PP755591.1|A/cattle/Texas/24-008749-003/2024(H5N1)	982	13623
NA|PP755591.1|A/cattle/Texas/24-008749-003/2024(H5N1)	983	13695
NA|PP755591.1|A/cattle/Texas/24-008749-003/2024(H5N1)	984	13722
NA|PP755591.1|A/cattle/Texas/24-008749-003/2024(H5N1)	985	13735
NA|PP755591.1|A/cattle/Texas/24-008749-003/2024(H5N1)	986	14206
NA|PP755591.1|A/cattle/Texas/24-008749-003/2024(H5N1)	987	14871
NA|PP755591.1|A/cattle/Texas/24-008749-003/2024(H5N1)	988	14915
NA|PP755591.1|A/cattle/Texas/24-008749-003/2024(H5N1)	989	14957
NA|PP755591.1|A/cattle/Texas/24-008749-003/2024(H5N1)	990	14976
NA|PP755591.1|A/cattle/Texas/24-008749-003/2024(H5N1)	991	15062
NA|PP755591.1|A/cattle/Texas/24-008749-003/2024(H5N1)	992	15220
NA|PP755591.1|A/cattle/Texas/24-008749-003/2024(H5N1)	993	15281
NA|PP755591.1|A/cattle/Texas/24-008749-003/2024(H5N1)	994	15291
NA|PP755591.1|A/cattle/Texas/24-008749-003/2024(H5N1)	995	15295
NA|PP755591.1|A/cattle/Texas/24-008749-003/2024(H5N1)	996	15552
NA|PP755591.1|A/cattle/Texas/24-008749-003/2024(H5N1)	997	15649
NA|PP755591.1|A/cattle/Texas/24-008749-003/2024(H5N1)	998	15692
NA|PP755591.1|A/cattle/Texas/24-008749-003/2024(H5N1)	999	15961
NA|PP755591.1|A/cattle/Texas/24-008749-003/2024(H5N1)	1000	15915
NA|PP755591.1|A/cattle/Texas/24-008749-003/2024(H5N1)	1001	15875
NA|PP755591.1|A/cattle/Texas/24-008749-003/2024(H5N1)	1002	15826
NA|PP755591.1|A/cattle/Texas/24-008749-003/2024(H5N1)	1003	15813
NA|PP755591.1|A/cattle/Texas/24-008749-003/2024(H5N1)	1004	15806
NA|PP755591.1|A/cattle/Texas/24-008749-003/2024(H5N1)	1005	13730
NA|PP755591.1|A/cattle/Texas/24-008749-003/2024(H5N1)	1006	13730
NA|PP755591.1|A/cattle/Texas/24-008749-003/2024(H5N1)	1007	14153
NA|PP755591.1|A/cattle/Texas/24-008749-003/2024(H5N1)	1008	14184
NA|PP755591.1|A/cattle/Texas/24-008749-003/2024(H5N1)	1009	14276
NA|PP755591.1|A/cattle/Texas/24-008749-003/2024(H5N1)	1010	14278
NA|PP755591.1|A/cattle/Texas/24-008749-003/2024(H5N1)	1011	14280
NA|PP755591.1|A/cattle/Texas/24-008749-003/2024(H5N1)	1012	14280
NA|PP755591.1|A/cattle/Texas/24-008749-003/2024(H5N1)	1013	14330
NA|PP755591.1|A/cattle/Texas/24-008749-003/2024(H5N1)	1014	14750
NA|PP755591.1|A/cattle/Texas/24-008749-003/2024(H5N1)	1015	14782
NA|PP755591.1|A/cattle/Texas/24-008749-003/2024(H5N1)	1016	16749
NA|PP755591.1|A/cattle/Texas/24-008749-003/2024(H5N1)	1017	16805
NA|PP755591.1|A/cattle/Texas/24-008749-003/2024(H5N1)	1018	16819
NA|PP755591.1|A/cattle/Texas/24-008749-003/2024(H5N1)	1019	16931
NA|PP755591.1|A/cattle/Texas/24-008749-003/2024(H5N1)	1020	16939
NA|PP755591.1|A/cattle/Texas/24-008749-003/2024(H5N1)	1021	16995
NA|PP755591.1|A/cattle/Texas/24-008749-003/2024(H5N1)	1022	17003
NA|PP755591.1|A/cattle/Texas/24-008749-003/2024(H5N1)	1023	17008
NA|PP755591.1|A/cattle/Texas/24-008749-003/2024(H5N1)	1024	17029
NA|PP755591.1|A/cattle/Texas/24-008749-003/2024(H5N1)	1025	17029
NA|PP755591.1|A/cattle/Texas/24-008749-003/2024(H5N1)	1026	16919
NA|PP755591.1|A/cattle/Texas/24-008749-003/2024(H5N1)	1027	16916
NA|PP755591.1|A/cattle/Texas/24-008749-003/2024(H5N1)	1028	16619
NA|PP755591.1|A/cattle/Texas/24-008749-003/2024(H5N1)	1029	16614
NA|PP755591.1|A/cattle/Texas/24-008749-003/2024(H5N1)	1030	16589
NA|PP755591.1|A/cattle/Texas/24-008749-003/2024(H5N1)	1031	16504
NA|PP755591.1|A/cattle/Texas/24-008749-003/2024(H5N1)	1032	16496
NA|PP755591.1|A/cattle/Texas/24-008749-003/2024(H5N1)	1033	16414
NA|PP755591.1|A/cattle/Texas/24-008749-003/2024(H5N1)	1034	16379
NA|PP755591.1|A/cattle/Texas/24-008749-003/2024(H5N1)	1035	14178
NA|PP755591.1|A/cattle/Texas/24-008749-003/2024(H5N1)	1036	14146
NA|PP755591.1|A/cattle/Texas/24-008749-003/2024(H5N1)	1037	14034
NA|PP755591.1|A/cattle/Texas/24-008749-003/2024(H5N1)	1038	13952
NA|PP755591.1|A/cattle/Texas/24-008749-003/2024(H5N1)	1039	13952
NA|PP755591.1|A/cattle/Texas/24-008749-003/2024(H5N1)	1040	13951
NA|PP755591.1|A/cattle/Texas/24-008749-003/2024(H5N1)	1041	13951
NA|PP755591.1|A/cattle/Texas/24-008749-003/2024(H5N1)	1042	13951
NA|PP755591.1|A/cattle/Texas/24-008749-003/2024(H5N1)	1043	13950
NA|PP755591.1|A/cattle/Texas/24-008749-003/2024(H5N1)	1044	13950
NA|PP755591.1|A/cattle/Texas/24-008749-003/2024(H5N1)	1045	15141
NA|PP755591.1|A/cattle/Texas/24-008749-003/2024(H5N1)	1046	15150
NA|PP755591.1|A/cattle/Texas/24-008749-003/2024(H5N1)	1047	15159
NA|PP755591.1|A/cattle/Texas/24-008749-003/2024(H5N1)	1048	15164
NA|PP755591.1|A/cattle/Texas/24-008749-003/2024(H5N1)	1049	15236
NA|PP755591.1|A/cattle/Texas/24-008749-003/2024(H5N1)	1050	15247
NA|PP755591.1|A/cattle/Texas/24-008749-003/2024(H5N1)	1051	15233
NA|PP755591.1|A/cattle/Texas/24-008749-003/2024(H5N1)	1052	15221
NA|PP755591.1|A/cattle/Texas/24-008749-003/2024(H5N1)	1053	14725
NA|PP755591.1|A/cattle/Texas/24-008749-003/2024(H5N1)	1054	14704
NA|PP755591.1|A/cattle/Texas/24-008749-003/2024(H5N1)	1055	14664
NA|PP755591.1|A/cattle/Texas/24-008749-003/2024(H5N1)	1056	14647
NA|PP755591.1|A/cattle/Texas/24-008749-003/2024(H5N1)	1057	15837
NA|PP755591.1|A/cattle/Texas/24-008749-003/2024(H5N1)	1058	15686
NA|PP755591.1|A/cattle/Texas/24-008749-003/2024(H5N1)	1059	16274
NA|PP755591.1|A/cattle/Texas/24-008749-003/2024(H5N1)	1060	16276
NA|PP755591.1|A/cattle/Texas/24-008749-003/2024(H5N1)	1061	16335
NA|PP755591.1|A/cattle/Texas/24-008749-003/2024(H5N1)	1062	16342
NA|PP755591.1|A/cattle/Texas/24-008749-003/2024(H5N1)	1063	16310
NA|PP755591.1|A/cattle/Texas/24-008749-003/2024(H5N1)	1064	16304
NA|PP755591.1|A/cattle/Texas/24-008749-003/2024(H5N1)	1065	16241
NA|PP755591.1|A/cattle/Texas/24-008749-003/2024(H5N1)	1066	16232
NA|PP755591.1|A/cattle/Texas/24-008749-003/2024(H5N1)	1067	16231
NA|PP755591.1|A/cattle/Texas/24-008749-003/2024(H5N1)	1068	15685
NA|PP755591.1|A/cattle/Texas/24-008749-003/2024(H5N1)	1069	15858
NA|PP755591.1|A/cattle/Texas/24-008749-003/2024(H5N1)	1070	15490
NA|PP755591.1|A/cattle/Texas/24-008749-003/2024(H5N1)	1071	15457
NA|PP755591.1|A/cattle/Texas/24-008749-003/2024(H5N1)	1072	15454
NA|PP755591.1|A/cattle/Texas/24-008749-003/2024(H5N1)	1073	15446
NA|PP755591.1|A/cattle/Texas/24-008749-003/2024(H5N1)	1074	15443
NA|PP755591.1|A/cattle/Texas/24-008749-003/2024(H5N1)	1075	15403
NA|PP755591.1|A/cattle/Texas/24-008749-003/2024(H5N1)	1076	15279
NA|PP755591.1|A/cattle/Texas/24-008749-003/2024(H5N1)	1077	15062
NA|PP755591.1|A/cattle/Texas/24-008749-003/2024(H5N1)	1078	15051
NA|PP755591.1|A/cattle/Texas/24-008749-003/2024(H5N1)	1079	15035
NA|PP755591.1|A/cattle/Texas/24-008749-003/2024(H5N1)	1080	15034
NA|PP755591.1|A/cattle/Texas/24-008749-003/2024(H5N1)	1081	15027
NA|PP755591.1|A/cattle/Texas/24-008749-003/2024(H5N1)	1082	14961
NA|PP755591.1|A/cattle/Texas/24-008749-003/2024(H5N1)	1083	14847
NA|PP755591.1|A/cattle/Texas/24-008749-003/2024(H5N1)	1084	14699
NA|PP755591.1|A/cattle/Texas/24-008749-003/2024(H5N1)	1085	14368
NA|PP755591.1|A/cattle/Texas/24-008749-003/2024(H5N1)	1086	14284
NA|PP755591.1|A/cattle/Texas/24-008749-003/2024(H5N1)	1087	14268
NA|PP755591.1|A/cattle/Texas/24-008749-003/2024(H5N1)	1088	14174
NA|PP755591.1|A/cattle/Texas/24-008749-003/2024(H5N1)	1089	14135
NA|PP755591.1|A/cattle/Texas/24-008749-003/2024(H5N1)	1090	14133
NA|PP755591.1|A/cattle/Texas/24-008749-003/2024(H5N1)	1091	14075
NA|PP755591.1|A/cattle/Texas/24-008749-003/2024(H5N1)	1092	13912
NA|PP755591.1|A/cattle/Texas/24-008749-003/2024(H5N1)	1093	13858
NA|PP755591.1|A/cattle/Texas/24-008749-003/2024(H5N1)	1094	12605
NA|PP755591.1|A/cattle/Texas/24-008749-003/2024(H5N1)	1095	12589
NA|PP755591.1|A/cattle/Texas/24-008749-003/2024(H5N1)	1096	12554
NA|PP755591.1|A/cattle/Texas/24-008749-003/2024(H5N1)	1097	12520
NA|PP755591.1|A/cattle/Texas/24-008749-003/2024(H5N1)	1098	9952
NA|PP755591.1|A/cattle/Texas/24-008749-003/2024(H5N1)	1099	9944
NA|PP755591.1|A/cattle/Texas/24-008749-003/2024(H5N1)	1100	9682
NA|PP755591.1|A/cattle/Texas/24-008749-003/2024(H5N1)	1101	9660
NA|PP755591.1|A/cattle/Texas/24-008749-003/2024(H5N1)	1102	9660
NA|PP755591.1|A/cattle/Texas/24-008749-003/2024(H5N1)	1103	9660
NA|PP755591.1|A/cattle/Texas/24-008749-003/2024(H5N1)	1104	9647
NA|PP755591.1|A/cattle/Texas/24-008749-003/2024(H5N1)	1105	9646
NA|PP755591.1|A/cattle/Texas/24-008749-003/2024(H5N1)	1106	9646
NA|PP755591.1|A/cattle/Texas/24-008749-003/2024(H5N1)	1107	9646
NA|PP755591.1|A/cattle/Texas/24-008749-003/2024(H5N1)	1108	9648
NA|PP755591.1|A/cattle/Texas/24-008749-003/2024(H5N1)	1109	9650
NA|PP755591.1|A/cattle/Texas/24-008749-003/2024(H5N1)	1110	9650
NA|PP755591.1|A/cattle/Texas/24-008749-003/2024(H5N1)	1111	12554
NA|PP755591.1|A/cattle/Texas/24-008749-003/2024(H5N1)	1112	12637
NA|PP755591.1|A/cattle/Texas/24-008749-003/2024(H5N1)	1113	12658
NA|PP755591.1|A/cattle/Texas/24-008749-003/2024(H5N1)	1114	12698
NA|PP755591.1|A/cattle/Texas/24-008749-003/2024(H5N1)	1115	12760
NA|PP755591.1|A/cattle/Texas/24-008749-003/2024(H5N1)	1116	12773
NA|PP755591.1|A/cattle/Texas/24-008749-003/2024(H5N1)	1117	12815
NA|PP755591.1|A/cattle/Texas/24-008749-003/2024(H5N1)	1118	12813
NA|PP755591.1|A/cattle/Texas/24-008749-003/2024(H5N1)	1119	12736
NA|PP755591.1|A/cattle/Texas/24-008749-003/2024(H5N1)	1120	12734
NA|PP755591.1|A/cattle/Texas/24-008749-003/2024(H5N1)	1121	12728
NA|PP755591.1|A/cattle/Texas/24-008749-003/2024(H5N1)	1122	12577
NA|PP755591.1|A/cattle/Texas/24-008749-003/2024(H5N1)	1123	13213
NA|PP755591.1|A/cattle/Texas/24-008749-003/2024(H5N1)	1124	13230
NA|PP755591.1|A/cattle/Texas/24-008749-003/2024(H5N1)	1125	13247
NA|PP755591.1|A/cattle/Texas/24-008749-003/2024(H5N1)	1126	13217
NA|PP755591.1|A/cattle/Texas/24-008749-003/2024(H5N1)	1127	13207
NA|PP755591.1|A/cattle/Texas/24-008749-003/2024(H5N1)	1128	12908
NA|PP755591.1|A/cattle/Texas/24-008749-003/2024(H5N1)	1129	12809
NA|PP755591.1|A/cattle/Texas/24-008749-003/2024(H5N1)	1130	12584
NA|PP755591.1|A/cattle/Texas/24-008749-003/2024(H5N1)	1131	12549
NA|PP755591.1|A/cattle/Texas/24-008749-003/2024(H5N1)	1132	13302
NA|PP755591.1|A/cattle/Texas/24-008749-003/2024(H5N1)	1133	13329
NA|PP755591.1|A/cattle/Texas/24-008749-003/2024(H5N1)	1134	13288
NA|PP755591.1|A/cattle/Texas/24-008749-003/2024(H5N1)	1135	13276
NA|PP755591.1|A/cattle/Texas/24-008749-003/2024(H5N1)	1136	13207
NA|PP755591.1|A/cattle/Texas/24-008749-003/2024(H5N1)	1137	13059
NA|PP755591.1|A/cattle/Texas/24-008749-003/2024(H5N1)	1138	12581
NA|PP755591.1|A/cattle/Texas/24-008749-003/2024(H5N1)	1139	12549
NA|PP755591.1|A/cattle/Texas/24-008749-003/2024(H5N1)	1140	12531
NA|PP755591.1|A/cattle/Texas/24-008749-003/2024(H5N1)	1141	12524
NA|PP755591.1|A/cattle/Texas/24-008749-003/2024(H5N1)	1142	12315
NA|PP755591.1|A/cattle/Texas/24-008749-003/2024(H5N1)	1143	12161
NA|PP755591.1|A/cattle/Texas/24-008749-003/2024(H5N1)	1144	12126
NA|PP755591.1|A/cattle/Texas/24-008749-003/2024(H5N1)	1145	12066
NA|PP755591.1|A/cattle/Texas/24-008749-003/2024(H5N1)	1146	12059
NA|PP755591.1|A/cattle/Texas/24-008749-003/2024(H5N1)	1147	11832
NA|PP755591.1|A/cattle/Texas/24-008749-003/2024(H5N1)	1148	11716
NA|PP755591.1|A/cattle/Texas/24-008749-003/2024(H5N1)	1149	11359
NA|PP755591.1|A/cattle/Texas/24-008749-003/2024(H5N1)	1150	11293
NA|PP755591.1|A/cattle/Texas/24-008749-003/2024(H5N1)	1151	11279
NA|PP755591.1|A/cattle/Texas/24-008749-003/2024(H5N1)	1152	10665
NA|PP755591.1|A/cattle/Texas/24-008749-003/2024(H5N1)	1153	10342
NA|PP755591.1|A/cattle/Texas/24-008749-003/2024(H5N1)	1154	10337
NA|PP755591.1|A/cattle/Texas/24-008749-003/2024(H5N1)	1155	10122
NA|PP755591.1|A/cattle/Texas/24-008749-003/2024(H5N1)	1156	10120
NA|PP755591.1|A/cattle/Texas/24-008749-003/2024(H5N1)	1157	9992
NA|PP755591.1|A/cattle/Texas/24-008749-003/2024(H5N1)	1158	9610
NA|PP755591.1|A/cattle/Texas/24-008749-003/2024(H5N1)	1159	9600
NA|PP755591.1|A/cattle/Texas/24-008749-003/2024(H5N1)	1160	9519
NA|PP755591.1|A/cattle/Texas/24-008749-003/2024(H5N1)	1161	8804
NA|PP755591.1|A/cattle/Texas/24-008749-003/2024(H5N1)	1162	8774
NA|PP755591.1|A/cattle/Texas/24-008749-003/2024(H5N1)	1163	8085
NA|PP755591.1|A/cattle/Texas/24-008749-003/2024(H5N1)	1164	8055
NA|PP755591.1|A/cattle/Texas/24-008749-003/2024(H5N1)	1165	8055
NA|PP755591.1|A/cattle/Texas/24-008749-003/2024(H5N1)	1166	8055
NA|PP755591.1|A/cattle/Texas/24-008749-003/2024(H5N1)	1167	8041
NA|PP755591.1|A/cattle/Texas/24-008749-003/2024(H5N1)	1168	9404
NA|PP755591.1|A/cattle/Texas/24-008749-003/2024(H5N1)	1169	9420
NA|PP755591.1|A/cattle/Texas/24-008749-003/2024(H5N1)	1170	9522
NA|PP755591.1|A/cattle/Texas/24-008749-003/2024(H5N1)	1171	9552
NA|PP755591.1|A/cattle/Texas/24-008749-003/2024(H5N1)	1172	9552
NA|PP755591.1|A/cattle/Texas/24-008749-003/2024(H5N1)	1173	9553
NA|PP755591.1|A/cattle/Texas/24-008749-003/2024(H5N1)	1174	9553
NA|PP755591.1|A/cattle/Texas/24-008749-003/2024(H5N1)	1175	9554
NA|PP755591.1|A/cattle/Texas/24-008749-003/2024(H5N1)	1176	9553
NA|PP755591.1|A/cattle/Texas/24-008749-003/2024(H5N1)	1177	10006
NA|PP755591.1|A/cattle/Texas/24-008749-003/2024(H5N1)	1178	10046
NA|PP755591.1|A/cattle/Texas/24-008749-003/2024(H5N1)	1179	10049
NA|PP755591.1|A/cattle/Texas/24-008749-003/2024(H5N1)	1180	10049
NA|PP755591.1|A/cattle/Texas/24-008749-003/2024(H5N1)	1181	10049
NA|PP755591.1|A/cattle/Texas/24-008749-003/2024(H5N1)	1182	9965
NA|PP755591.1|A/cattle/Texas/24-008749-003/2024(H5N1)	1183	9963
NA|PP755591.1|A/cattle/Texas/24-008749-003/2024(H5N1)	1184	9662
NA|PP755591.1|A/cattle/Texas/24-008749-003/2024(H5N1)	1185	9805
NA|PP755591.1|A/cattle/Texas/24-008749-003/2024(H5N1)	1186	10066
NA|PP755591.1|A/cattle/Texas/24-008749-003/2024(H5N1)	1187	10066
NA|PP755591.1|A/cattle/Texas/24-008749-003/2024(H5N1)	1188	10067
NA|PP755591.1|A/cattle/Texas/24-008749-003/2024(H5N1)	1189	10067
NA|PP755591.1|A/cattle/Texas/24-008749-003/2024(H5N1)	1190	10064
NA|PP755591.1|A/cattle/Texas/24-008749-003/2024(H5N1)	1191	9742
NA|PP755591.1|A/cattle/Texas/24-008749-003/2024(H5N1)	1192	9866
NA|PP755591.1|A/cattle/Texas/24-008749-003/2024(H5N1)	1193	9871
NA|PP755591.1|A/cattle/Texas/24-008749-003/2024(H5N1)	1194	9881
NA|PP755591.1|A/cattle/Texas/24-008749-003/2024(H5N1)	1195	9894
NA|PP755591.1|A/cattle/Texas/24-008749-003/2024(H5N1)	1196	10947
NA|PP755591.1|A/cattle/Texas/24-008749-003/2024(H5N1)	1197	10960
NA|PP755591.1|A/cattle/Texas/24-008749-003/2024(H5N1)	1198	10994
NA|PP755591.1|A/cattle/Texas/24-008749-003/2024(H5N1)	1199	10983
NA|PP755591.1|A/cattle/Texas/24-008749-003/2024(H5N1)	1200	10924
NA|PP755591.1|A/cattle/Texas/24-008749-003/2024(H5N1)	1201	11430
NA|PP755591.1|A/cattle/Texas/24-008749-003/2024(H5N1)	1202	11465
NA|PP755591.1|A/cattle/Texas/24-008749-003/2024(H5N1)	1203	11446
NA|PP755591.1|A/cattle/Texas/24-008749-003/2024(H5N1)	1204	11434
NA|PP755591.1|A/cattle/Texas/24-008749-003/2024(H5N1)	1205	10129
NA|PP755591.1|A/cattle/Texas/24-008749-003/2024(H5N1)	1206	10121
NA|PP755591.1|A/cattle/Texas/24-008749-003/2024(H5N1)	1207	10077
NA|PP755591.1|A/cattle/Texas/24-008749-003/2024(H5N1)	1208	10069
NA|PP755591.1|A/cattle/Texas/24-008749-003/2024(H5N1)	1209	9053
NA|PP755591.1|A/cattle/Texas/24-008749-003/2024(H5N1)	1210	9052
NA|PP755591.1|A/cattle/Texas/24-008749-003/2024(H5N1)	1211	9052
NA|PP755591.1|A/cattle/Texas/24-008749-003/2024(H5N1)	1212	9053
NA|PP755591.1|A/cattle/Texas/24-008749-003/2024(H5N1)	1213	9354
NA|PP755591.1|A/cattle/Texas/24-008749-003/2024(H5N1)	1214	9411
NA|PP755591.1|A/cattle/Texas/24-008749-003/2024(H5N1)	1215	9500
NA|PP755591.1|A/cattle/Texas/24-008749-003/2024(H5N1)	1216	9514
NA|PP755591.1|A/cattle/Texas/24-008749-003/2024(H5N1)	1217	9514
NA|PP755591.1|A/cattle/Texas/24-008749-003/2024(H5N1)	1218	9514
NA|PP755591.1|A/cattle/Texas/24-008749-003/2024(H5N1)	1219	9535
NA|PP755591.1|A/cattle/Texas/24-008749-003/2024(H5N1)	1220	9512
NA|PP755591.1|A/cattle/Texas/24-008749-003/2024(H5N1)	1221	9341
NA|PP755591.1|A/cattle/Texas/24-008749-003/2024(H5N1)	1222	9422
NA|PP755591.1|A/cattle/Texas/24-008749-003/2024(H5N1)	1223	9445
NA|PP755591.1|A/cattle/Texas/24-008749-003/2024(H5N1)	1224	9498
NA|PP755591.1|A/cattle/Texas/24-008749-003/2024(H5N1)	1225	10469
NA|PP755591.1|A/cattle/Texas/24-008749-003/2024(H5N1)	1226	10747
NA|PP755591.1|A/cattle/Texas/24-008749-003/2024(H5N1)	1227	10920
NA|PP755591.1|A/cattle/Texas/24-008749-003/2024(H5N1)	1228	11009
NA|PP755591.1|A/cattle/Texas/24-008749-003/2024(H5N1)	1229	11003
NA|PP755591.1|A/cattle/Texas/24-008749-003/2024(H5N1)	1230	10988
NA|PP755591.1|A/cattle/Texas/24-008749-003/2024(H5N1)	1231	11062
NA|PP755591.1|A/cattle/Texas/24-008749-003/2024(H5N1)	1232	11191
NA|PP755591.1|A/cattle/Texas/24-008749-003/2024(H5N1)	1233	11126
NA|PP755591.1|A/cattle/Texas/24-008749-003/2024(H5N1)	1234	11129
NA|PP755591.1|A/cattle/Texas/24-008749-003/2024(H5N1)	1235	10805
NA|PP755591.1|A/cattle/Texas/24-008749-003/2024(H5N1)	1236	10795
NA|PP755591.1|A/cattle/Texas/24-008749-003/2024(H5N1)	1237	10780
NA|PP755591.1|A/cattle/Texas/24-008749-003/2024(H5N1)	1238	10759
NA|PP755591.1|A/cattle/Texas/24-008749-003/2024(H5N1)	1239	9461
NA|PP755591.1|A/cattle/Texas/24-008749-003/2024(H5N1)	1240	9756
NA|PP755591.1|A/cattle/Texas/24-008749-003/2024(H5N1)	1241	9756
NA|PP755591.1|A/cattle/Texas/24-008749-003/2024(H5N1)	1242	9756
NA|PP755591.1|A/cattle/Texas/24-008749-003/2024(H5N1)	1243	10021
NA|PP755591.1|A/cattle/Texas/24-008749-003/2024(H5N1)	1244	10031
NA|PP755591.1|A/cattle/Texas/24-008749-003/2024(H5N1)	1245	10135
NA|PP755591.1|A/cattle/Texas/24-008749-003/2024(H5N1)	1246	12342
NA|PP755591.1|A/cattle/Texas/24-008749-003/2024(H5N1)	1247	12478
NA|PP755591.1|A/cattle/Texas/24-008749-003/2024(H5N1)	1248	12637
NA|PP755591.1|A/cattle/Texas/24-008749-003/2024(H5N1)	1249	12658
NA|PP755591.1|A/cattle/Texas/24-008749-003/2024(H5N1)	1250	12871
NA|PP755591.1|A/cattle/Texas/24-008749-003/2024(H5N1)	1251	13041
NA|PP755591.1|A/cattle/Texas/24-008749-003/2024(H5N1)	1252	13053
NA|PP755591.1|A/cattle/Texas/24-008749-003/2024(H5N1)	1253	13063
NA|PP755591.1|A/cattle/Texas/24-008749-003/2024(H5N1)	1254	13067
NA|PP755591.1|A/cattle/Texas/24-008749-003/2024(H5N1)	1255	13015
NA|PP755591.1|A/cattle/Texas/24-008749-003/2024(H5N1)	1256	13069
NA|PP755591.1|A/cattle/Texas/24-008749-003/2024(H5N1)	1257	13582
NA|PP755591.1|A/cattle/Texas/24-008749-003/2024(H5N1)	1258	13710
NA|PP755591.1|A/cattle/Texas/24-008749-003/2024(H5N1)	1259	13153
NA|PP755591.1|A/cattle/Texas/24-008749-003/2024(H5N1)	1260	13386
NA|PP755591.1|A/cattle/Texas/24-008749-003/2024(H5N1)	1261	13392
NA|PP755591.1|A/cattle/Texas/24-008749-003/2024(H5N1)	1262	13424
NA|PP755591.1|A/cattle/Texas/24-008749-003/2024(H5N1)	1263	13974
NA|PP755591.1|A/cattle/Texas/24-008749-003/2024(H5N1)	1264	14020
NA|PP755591.1|A/cattle/Texas/24-008749-003/2024(H5N1)	1265	14086
NA|PP755591.1|A/cattle/Texas/24-008749-003/2024(H5N1)	1266	14100
NA|PP755591.1|A/cattle/Texas/24-008749-003/2024(H5N1)	1267	14153
NA|PP755591.1|A/cattle/Texas/24-008749-003/2024(H5N1)	1268	14336
NA|PP755591.1|A/cattle/Texas/24-008749-003/2024(H5N1)	1269	14334
NA|PP755591.1|A/cattle/Texas/24-008749-003/2024(H5N1)	1270	14159
NA|PP755591.1|A/cattle/Texas/24-008749-003/2024(H5N1)	1271	14113
NA|PP755591.1|A/cattle/Texas/24-008749-003/2024(H5N1)	1272	13798
NA|PP755591.1|A/cattle/Texas/24-008749-003/2024(H5N1)	1273	13867
NA|PP755591.1|A/cattle/Texas/24-008749-003/2024(H5N1)	1274	13853
NA|PP755591.1|A/cattle/Texas/24-008749-003/2024(H5N1)	1275	13834
NA|PP755591.1|A/cattle/Texas/24-008749-003/2024(H5N1)	1276	13714
NA|PP755591.1|A/cattle/Texas/24-008749-003/2024(H5N1)	1277	13445
NA|PP755591.1|A/cattle/Texas/24-008749-003/2024(H5N1)	1278	11805
NA|PP755591.1|A/cattle/Texas/24-008749-003/2024(H5N1)	1279	11853
NA|PP755591.1|A/cattle/Texas/24-008749-003/2024(H5N1)	1280	11899
NA|PP755591.1|A/cattle/Texas/24-008749-003/2024(H5N1)	1281	11899
NA|PP755591.1|A/cattle/Texas/24-008749-003/2024(H5N1)	1282	11903
NA|PP755591.1|A/cattle/Texas/24-008749-003/2024(H5N1)	1283	12003
NA|PP755591.1|A/cattle/Texas/24-008749-003/2024(H5N1)	1284	12157
NA|PP755591.1|A/cattle/Texas/24-008749-003/2024(H5N1)	1285	12163
NA|PP755591.1|A/cattle/Texas/24-008749-003/2024(H5N1)	1286	12162
NA|PP755591.1|A/cattle/Texas/24-008749-003/2024(H5N1)	1287	12160
NA|PP755591.1|A/cattle/Texas/24-008749-003/2024(H5N1)	1288	12160
NA|PP755591.1|A/cattle/Texas/24-008749-003/2024(H5N1)	1289	12241
NA|PP755591.1|A/cattle/Texas/24-008749-003/2024(H5N1)	1290	12714
NA|PP755591.1|A/cattle/Texas/24-008749-003/2024(H5N1)	1291	14446
NA|PP755591.1|A/cattle/Texas/24-008749-003/2024(H5N1)	1292	14716
NA|PP755591.1|A/cattle/Texas/24-008749-003/2024(H5N1)	1293	14728
NA|PP755591.1|A/cattle/Texas/24-008749-003/2024(H5N1)	1294	14736
NA|PP755591.1|A/cattle/Texas/24-008749-003/2024(H5N1)	1295	14744
NA|PP755591.1|A/cattle/Texas/24-008749-003/2024(H5N1)	1296	14744
NA|PP755591.1|A/cattle/Texas/24-008749-003/2024(H5N1)	1297	14753
NA|PP755591.1|A/cattle/Texas/24-008749-003/2024(H5N1)	1298	14753
NA|PP755591.1|A/cattle/Texas/24-008749-003/2024(H5N1)	1299	14770
NA|PP755591.1|A/cattle/Texas/24-008749-003/2024(H5N1)	1300	14607
NA|PP755591.1|A/cattle/Texas/24-008749-003/2024(H5N1)	1301	14592
NA|PP755591.1|A/cattle/Texas/24-008749-003/2024(H5N1)	1302	14432
NA|PP755591.1|A/cattle/Texas/24-008749-003/2024(H5N1)	1303	14432
NA|PP755591.1|A/cattle/Texas/24-008749-003/2024(H5N1)	1304	14449
NA|PP755591.1|A/cattle/Texas/24-008749-003/2024(H5N1)	1305	14455
NA|PP755591.1|A/cattle/Texas/24-008749-003/2024(H5N1)	1306	14565
NA|PP755591.1|A/cattle/Texas/24-008749-003/2024(H5N1)	1307	14566
NA|PP755591.1|A/cattle/Texas/24-008749-003/2024(H5N1)	1308	14566
NA|PP755591.1|A/cattle/Texas/24-008749-003/2024(H5N1)	1309	14567
NA|PP755591.1|A/cattle/Texas/24-008749-003/2024(H5N1)	1310	14579
NA|PP755591.1|A/cattle/Texas/24-008749-003/2024(H5N1)	1311	14579
NA|PP755591.1|A/cattle/Texas/24-008749-003/2024(H5N1)	1312	14579
NA|PP755591.1|A/cattle/Texas/24-008749-003/2024(H5N1)	1313	14562
NA|PP755591.1|A/cattle/Texas/24-008749-003/2024(H5N1)	1314	13232
NA|PP755591.1|A/cattle/Texas/24-008749-003/2024(H5N1)	1315	13314
NA|PP755591.1|A/cattle/Texas/24-008749-003/2024(H5N1)	1316	13314
NA|PP755591.1|A/cattle/Texas/24-008749-003/2024(H5N1)	1317	13314
NA|PP755591.1|A/cattle/Texas/24-008749-003/2024(H5N1)	1318	13314
NA|PP755591.1|A/cattle/Texas/24-008749-003/2024(H5N1)	1319	13318
NA|PP755591.1|A/cattle/Texas/24-008749-003/2024(H5N1)	1320	13318
NA|PP755591.1|A/cattle/Texas/24-008749-003/2024(H5N1)	1321	13591
NA|PP755591.1|A/cattle/Texas/24-008749-003/2024(H5N1)	1322	13598
NA|PP755591.1|A/cattle/Texas/24-008749-003/2024(H5N1)	1323	13614
NA|PP755591.1|A/cattle/Texas/24-008749-003/2024(H5N1)	1324	13614
NA|PP755591.1|A/cattle/Texas/24-008749-003/2024(H5N1)	1325	13628
NA|PP755591.1|A/cattle/Texas/24-008749-003/2024(H5N1)	1326	13628
NA|PP755591.1|A/cattle/Texas/24-008749-003/2024(H5N1)	1327	13628
NA|PP755591.1|A/cattle/Texas/24-008749-003/2024(H5N1)	1328	13628
NA|PP755591.1|A/cattle/Texas/24-008749-003/2024(H5N1)	1329	13626
NA|PP755591.1|A/cattle/Texas/24-008749-003/2024(H5N1)	1330	13632
NA|PP755591.1|A/cattle/Texas/24-008749-003/2024(H5N1)	1331	13636
NA|PP755591.1|A/cattle/Texas/24-008749-003/2024(H5N1)	1332	13633
NA|PP755591.1|A/cattle/Texas/24-008749-003/2024(H5N1)	1333	13749
NA|PP755591.1|A/cattle/Texas/24-008749-003/2024(H5N1)	1334	13751
NA|PP755591.1|A/cattle/Texas/24-008749-003/2024(H5N1)	1335	13764
NA|PP755591.1|A/cattle/Texas/24-008749-003/2024(H5N1)	1336	13764
NA|PP755591.1|A/cattle/Texas/24-008749-003/2024(H5N1)	1337	13766
NA|PP755591.1|A/cattle/Texas/24-008749-003/2024(H5N1)	1338	13766
NA|PP755591.1|A/cattle/Texas/24-008749-003/2024(H5N1)	1339	13774
NA|PP755591.1|A/cattle/Texas/24-008749-003/2024(H5N1)	1340	13773
NA|PP755591.1|A/cattle/Texas/24-008749-003/2024(H5N1)	1341	13667
NA|PP755591.1|A/cattle/Texas/24-008749-003/2024(H5N1)	1342	13695
NA|PP755591.1|A/cattle/Texas/24-008749-003/2024(H5N1)	1343	13700
NA|PP755591.1|A/cattle/Texas/24-008749-003/2024(H5N1)	1344	13707
NA|PP755591.1|A/cattle/Texas/24-008749-003/2024(H5N1)	1345	13711
NA|PP755591.1|A/cattle/Texas/24-008749-003/2024(H5N1)	1346	13711
NA|PP755591.1|A/cattle/Texas/24-008749-003/2024(H5N1)	1347	12811
NA|PP755591.1|A/cattle/Texas/24-008749-003/2024(H5N1)	1348	12774
NA|PP755591.1|A/cattle/Texas/24-008749-003/2024(H5N1)	1349	12764
NA|PP755591.1|A/cattle/Texas/24-008749-003/2024(H5N1)	1350	12154
NA|PP755591.1|A/cattle/Texas/24-008749-003/2024(H5N1)	1351	12174
NA|PP755591.1|A/cattle/Texas/24-008749-003/2024(H5N1)	1352	12178
NA|PP755591.1|A/cattle/Texas/24-008749-003/2024(H5N1)	1353	12187
NA|PP755591.1|A/cattle/Texas/24-008749-003/2024(H5N1)	1354	12206
NA|PP755591.1|A/cattle/Texas/24-008749-003/2024(H5N1)	1355	12223
NA|PP755591.1|A/cattle/Texas/24-008749-003/2024(H5N1)	1356	12156
NA|PP755591.1|A/cattle/Texas/24-008749-003/2024(H5N1)	1357	12164
NA|PP755591.1|A/cattle/Texas/24-008749-003/2024(H5N1)	1358	12152
NA|PP755591.1|A/cattle/Texas/24-008749-003/2024(H5N1)	1359	12174
NA|PP755591.1|A/cattle/Texas/24-008749-003/2024(H5N1)	1360	12172
NA|PP755591.1|A/cattle/Texas/24-008749-003/2024(H5N1)	1361	12158
NA|PP755591.1|A/cattle/Texas/24-008749-003/2024(H5N1)	1362	12138
NA|PP755591.1|A/cattle/Texas/24-008749-003/2024(H5N1)	1363	12085
NA|PP755591.1|A/cattle/Texas/24-008749-003/2024(H5N1)	1364	12015
NA|PP755591.1|A/cattle/Texas/24-008749-003/2024(H5N1)	1365	12001
NA|PP755591.1|A/cattle/Texas/24-008749-003/2024(H5N1)	1366	11984
NA|PP755591.1|A/cattle/Texas/24-008749-003/2024(H5N1)	1367	11973
NA|PP755591.1|A/cattle/Texas/24-008749-003/2024(H5N1)	1368	11917
NA|PP755591.1|A/cattle/Texas/24-008749-003/2024(H5N1)	1369	11915
NA|PP755591.1|A/cattle/Texas/24-008749-003/2024(H5N1)	1370	11896
NA|PP755591.1|A/cattle/Texas/24-008749-003/2024(H5N1)	1371	11902
NA|PP755591.1|A/cattle/Texas/24-008749-003/2024(H5N1)	1372	11900
NA|PP755591.1|A/cattle/Texas/24-008749-003/2024(H5N1)	1373	11783
NA|PP755591.1|A/cattle/Texas/24-008749-003/2024(H5N1)	1374	10680
NA|PP755591.1|A/cattle/Texas/24-008749-003/2024(H5N1)	1375	10632
NA|PP755591.1|A/cattle/Texas/24-008749-003/2024(H5N1)	1376	10631
NA|PP755591.1|A/cattle/Texas/24-008749-003/2024(H5N1)	1377	10412
NA|PP755591.1|A/cattle/Texas/24-008749-003/2024(H5N1)	1378	10209
NA|PP755591.1|A/cattle/Texas/24-008749-003/2024(H5N1)	1379	10110
NA|PP755591.1|A/cattle/Texas/24-008749-003/2024(H5N1)	1380	10016
NA|PP755591.1|A/cattle/Texas/24-008749-003/2024(H5N1)	1381	10012
NA|PP755591.1|A/cattle/Texas/24-008749-003/2024(H5N1)	1382	9933
NA|PP755591.1|A/cattle/Texas/24-008749-003/2024(H5N1)	1383	9834
NA|PP755591.1|A/cattle/Texas/24-008749-003/2024(H5N1)	1384	9838
NA|PP755591.1|A/cattle/Texas/24-008749-003/2024(H5N1)	1385	9752
NA|PP755591.1|A/cattle/Texas/24-008749-003/2024(H5N1)	1386	9745
NA|PP755591.1|A/cattle/Texas/24-008749-003/2024(H5N1)	1387	9712
NA|PP755591.1|A/cattle/Texas/24-008749-003/2024(H5N1)	1388	7151
NA|PP755591.1|A/cattle/Texas/24-008749-003/2024(H5N1)	1389	7150
NA|PP755591.1|A/cattle/Texas/24-008749-003/2024(H5N1)	1390	6952
NA|PP755591.1|A/cattle/Texas/24-008749-003/2024(H5N1)	1391	6939
NA|PP755591.1|A/cattle/Texas/24-008749-003/2024(H5N1)	1392	6938
NA|PP755591.1|A/cattle/Texas/24-008749-003/2024(H5N1)	1393	6599
NA|PP755591.1|A/cattle/Texas/24-008749-003/2024(H5N1)	1394	6583
NA|PP755591.1|A/cattle/Texas/24-008749-003/2024(H5N1)	1395	6521
NA|PP755591.1|A/cattle/Texas/24-008749-003/2024(H5N1)	1396	6481
NA|PP755591.1|A/cattle/Texas/24-008749-003/2024(H5N1)	1397	6459
NA|PP755591.1|A/cattle/Texas/24-008749-003/2024(H5N1)	1398	6288
NA|PP755591.1|A/cattle/Texas/24-008749-003/2024(H5N1)	1399	6155
NA|PP755591.1|A/cattle/Texas/24-008749-003/2024(H5N1)	1400	6149
NA|PP755591.1|A/cattle/Texas/24-008749-003/2024(H5N1)	1401	5891
NA|PP755591.1|A/cattle/Texas/24-008749-003/2024(H5N1)	1402	5868
NA|PP755591.1|A/cattle/Texas/24-008749-003/2024(H5N1)	1403	5862
NA|PP755591.1|A/cattle/Texas/24-008749-003/2024(H5N1)	1404	5846
NA|PP755591.1|A/cattle/Texas/24-008749-003/2024(H5N1)	1405	5787
NA|PP755591.1|A/cattle/Texas/24-008749-003/2024(H5N1)	1406	5189
NA|PP755591.1|A/cattle/Texas/24-008749-003/2024(H5N1)	1407	5079
NA|PP755591.1|A/cattle/Texas/24-008749-003/2024(H5N1)	1408	5026
NA|PP755591.1|A/cattle/Texas/24-008749-003/2024(H5N1)	1409	4860
NA|PP755591.1|A/cattle/Texas/24-008749-003/2024(H5N1)	1410	4857
