HA|PP755589.1|A/cattle/Texas/24-008749-003/2024(H5N1)	1	11
HA|PP755589.1|A/cattle/Texas/24-008749-003/2024(H5N1)	2	11
HA|PP755589.1|A/cattle/Texas/24-008749-003/2024(H5N1)	3	20
HA|PP755589.1|A/cattle/Texas/24-008749-003/2024(H5N1)	4	20
HA|PP755589.1|A/cattle/Texas/24-008749-003/2024(H5N1)	5	506
HA|PP755589.1|A/cattle/Texas/24-008749-003/2024(H5N1)	6	523
HA|PP755589.1|A/cattle/Texas/24-008749-003/2024(H5N1)	7	524
HA|PP755589.1|A/cattle/Texas/24-008749-003/2024(H5N1)	8	613
HA|PP755589.1|A/cattle/Texas/24-008749-003/2024(H5N1)	9	614
HA|PP755589.1|A/cattle/Texas/24-008749-003/2024(H5N1)	10	614
HA|PP755589.1|A/cattle/Texas/24-008749-003/2024(H5N1)	11	663
HA|PP755589.1|A/cattle/Texas/24-008749-003/2024(H5N1)	12	664
HA|PP755589.1|A/cattle/Texas/24-008749-003/2024(H5N1)	13	773
HA|PP755589.1|A/cattle/Texas/24-008749-003/2024(H5N1)	14	773
HA|PP755589.1|A/cattle/Texas/24-008749-003/2024(H5N1)	15	774
HA|PP755589.1|A/cattle/Texas/24-008749-003/2024(H5N1)	16	774
HA|PP755589.1|A/cattle/Texas/24-008749-003/2024(H5N1)	17	774
HA|PP755589.1|A/cattle/Texas/24-008749-003/2024(H5N1)	18	778
HA|PP755589.1|A/cattle/Texas/24-008749-003/2024(H5N1)	19	787
HA|PP755589.1|A/cattle/Texas/24-008749-003/2024(H5N1)	20	787
HA|PP755589.1|A/cattle/Texas/24-008749-003/2024(H5N1)	21	790
HA|PP755589.1|A/cattle/Texas/24-008749-003/2024(H5N1)	22	792
HA|PP755589.1|A/cattle/Texas/24-008749-003/2024(H5N1)	23	797
HA|PP755589.1|A/cattle/Texas/24-008749-003/2024(H5N1)	24	799
HA|PP755589.1|A/cattle/Texas/24-008749-003/2024(H5N1)	25	802
HA|PP755589.1|A/cattle/Texas/24-008749-003/2024(H5N1)	26	802
HA|PP755589.1|A/cattle/Texas/24-008749-003/2024(H5N1)	27	802
HA|PP755589.1|A/cattle/Texas/24-008749-003/2024(H5N1)	28	812
HA|PP755589.1|A/cattle/Texas/24-008749-003/2024(H5N1)	29	832
HA|PP755589.1|A/cattle/Texas/24-008749-003/2024(H5N1)	30	848
HA|PP755589.1|A/cattle/Texas/24-008749-003/2024(H5N1)	31	848
HA|PP755589.1|A/cattle/Texas/24-008749-003/2024(H5N1)	32	848
HA|PP755589.1|A/cattle/Texas/24-008749-003/2024(H5N1)	33	850
HA|PP755589.1|A/cattle/Texas/24-008749-003/2024(H5N1)	34	848
HA|PP755589.1|A/cattle/Texas/24-008749-003/2024(H5N1)	35	850
HA|PP755589.1|A/cattle/Texas/24-008749-003/2024(H5N1)	36	863
HA|PP755589.1|A/cattle/Texas/24-008749-003/2024(H5N1)	37	866
HA|PP755589.1|A/cattle/Texas/24-008749-003/2024(H5N1)	38	870
HA|PP755589.1|A/cattle/Texas/24-008749-003/2024(H5N1)	39	909
HA|PP755589.1|A/cattle/Texas/24-008749-003/2024(H5N1)	40	918
HA|PP755589.1|A/cattle/Texas/24-008749-003/2024(H5N1)	41	919
HA|PP755589.1|A/cattle/Texas/24-008749-003/2024(H5N1)	42	920
HA|PP755589.1|A/cattle/Texas/24-008749-003/2024(H5N1)	43	922
HA|PP755589.1|A/cattle/Texas/24-008749-003/2024(H5N1)	44	923
HA|PP755589.1|A/cattle/Texas/24-008749-003/2024(H5N1)	45	924
HA|PP755589.1|A/cattle/Texas/24-008749-003/2024(H5N1)	46	924
HA|PP755589.1|A/cattle/Texas/24-008749-003/2024(H5N1)	47	928
HA|PP755589.1|A/cattle/Texas/24-008749-003/2024(H5N1)	48	924
HA|PP755589.1|A/cattle/Texas/24-008749-003/2024(H5N1)	49	929
HA|PP755589.1|A/cattle/Texas/24-008749-003/2024(H5N1)	50	929
HA|PP755589.1|A/cattle/Texas/24-008749-003/2024(H5N1)	51	929
HA|PP755589.1|A/cattle/Texas/24-008749-003/2024(H5N1)	52	930
HA|PP755589.1|A/cattle/Texas/24-008749-003/2024(H5N1)	53	930
HA|PP755589.1|A/cattle/Texas/24-008749-003/2024(H5N1)	54	971
HA|PP755589.1|A/cattle/Texas/24-008749-003/2024(H5N1)	55	972
HA|PP755589.1|A/cattle/Texas/24-008749-003/2024(H5N1)	56	973
HA|PP755589.1|A/cattle/Texas/24-008749-003/2024(H5N1)	57	978
HA|PP755589.1|A/cattle/Texas/24-008749-003/2024(H5N1)	58	992
HA|PP755589.1|A/cattle/Texas/24-008749-003/2024(H5N1)	59	1009
HA|PP755589.1|A/cattle/Texas/24-008749-003/2024(H5N1)	60	1011
HA|PP755589.1|A/cattle/Texas/24-008749-003/2024(H5N1)	61	1011
HA|PP755589.1|A/cattle/Texas/24-008749-003/2024(H5N1)	62	1012
HA|PP755589.1|A/cattle/Texas/24-008749-003/2024(H5N1)	63	1012
HA|PP755589.1|A/cattle/Texas/24-008749-003/2024(H5N1)	64	1023
HA|PP755589.1|A/cattle/Texas/24-008749-003/2024(H5N1)	65	1023
HA|PP755589.1|A/cattle/Texas/24-008749-003/2024(H5N1)	66	1035
HA|PP755589.1|A/cattle/Texas/24-008749-003/2024(H5N1)	67	1035
HA|PP755589.1|A/cattle/Texas/24-008749-003/2024(H5N1)	68	1055
HA|PP755589.1|A/cattle/Texas/24-008749-003/2024(H5N1)	69	1062
HA|PP755589.1|A/cattle/Texas/24-008749-003/2024(H5N1)	70	1071
HA|PP755589.1|A/cattle/Texas/24-008749-003/2024(H5N1)	71	1076
HA|PP755589.1|A/cattle/Texas/24-008749-003/2024(H5N1)	72	1077
HA|PP755589.1|A/cattle/Texas/24-008749-003/2024(H5N1)	73	1078
HA|PP755589.1|A/cattle/Texas/24-008749-003/2024(H5N1)	74	1103
HA|PP755589.1|A/cattle/Texas/24-008749-003/2024(H5N1)	75	1109
HA|PP755589.1|A/cattle/Texas/24-008749-003/2024(H5N1)	76	1150
HA|PP755589.1|A/cattle/Texas/24-008749-003/2024(H5N1)	77	1175
HA|PP755589.1|A/cattle/Texas/24-008749-003/2024(H5N1)	78	1212
HA|PP755589.1|A/cattle/Texas/24-008749-003/2024(H5N1)	79	1215
HA|PP755589.1|A/cattle/Texas/24-008749-003/2024(H5N1)	80	1223
HA|PP755589.1|A/cattle/Texas/24-008749-003/2024(H5N1)	81	1230
HA|PP755589.1|A/cattle/Texas/24-008749-003/2024(H5N1)	82	1230
HA|PP755589.1|A/cattle/Texas/24-008749-003/2024(H5N1)	83	1232
HA|PP755589.1|A/cattle/Texas/24-008749-003/2024(H5N1)	84	1232
HA|PP755589.1|A/cattle/Texas/24-008749-003/2024(H5N1)	85	1232
HA|PP755589.1|A/cattle/Texas/24-008749-003/2024(H5N1)	86	1231
HA|PP755589.1|A/cattle/Texas/24-008749-003/2024(H5N1)	87	1229
HA|PP755589.1|A/cattle/Texas/24-008749-003/2024(H5N1)	88	1280
HA|PP755589.1|A/cattle/Texas/24-008749-003/2024(H5N1)	89	1280
HA|PP755589.1|A/cattle/Texas/24-008749-003/2024(H5N1)	90	1284
HA|PP755589.1|A/cattle/Texas/24-008749-003/2024(H5N1)	91	1288
HA|PP755589.1|A/cattle/Texas/24-008749-003/2024(H5N1)	92	1293
HA|PP755589.1|A/cattle/Texas/24-008749-003/2024(H5N1)	93	1298
HA|PP755589.1|A/cattle/Texas/24-008749-003/2024(H5N1)	94	1297
HA|PP755589.1|A/cattle/Texas/24-008749-003/2024(H5N1)	95	1297
HA|PP755589.1|A/cattle/Texas/24-008749-003/2024(H5N1)	96	1299
HA|PP755589.1|A/cattle/Texas/24-008749-003/2024(H5N1)	97	1295
HA|PP755589.1|A/cattle/Texas/24-008749-003/2024(H5N1)	98	1304
HA|PP755589.1|A/cattle/Texas/24-008749-003/2024(H5N1)	99	1305
HA|PP755589.1|A/cattle/Texas/24-008749-003/2024(H5N1)	100	1305
HA|PP755589.1|A/cattle/Texas/24-008749-003/2024(H5N1)	101	1318
HA|PP755589.1|A/cattle/Texas/24-008749-003/2024(H5N1)	102	1319
HA|PP755589.1|A/cattle/Texas/24-008749-003/2024(H5N1)	103	1323
HA|PP755589.1|A/cattle/Texas/24-008749-003/2024(H5N1)	104	1324
HA|PP755589.1|A/cattle/Texas/24-008749-003/2024(H5N1)	105	1324
HA|PP755589.1|A/cattle/Texas/24-008749-003/2024(H5N1)	106	1329
HA|PP755589.1|A/cattle/Texas/24-008749-003/2024(H5N1)	107	1330
HA|PP755589.1|A/cattle/Texas/24-008749-003/2024(H5N1)	108	1332
HA|PP755589.1|A/cattle/Texas/24-008749-003/2024(H5N1)	109	1333
HA|PP755589.1|A/cattle/Texas/24-008749-003/2024(H5N1)	110	1329
HA|PP755589.1|A/cattle/Texas/24-008749-003/2024(H5N1)	111	1341
HA|PP755589.1|A/cattle/Texas/24-008749-003/2024(H5N1)	112	1337
HA|PP755589.1|A/cattle/Texas/24-008749-003/2024(H5N1)	113	1337
HA|PP755589.1|A/cattle/Texas/24-008749-003/2024(H5N1)	114	1342
HA|PP755589.1|A/cattle/Texas/24-008749-003/2024(H5N1)	115	1349
HA|PP755589.1|A/cattle/Texas/24-008749-003/2024(H5N1)	116	1355
HA|PP755589.1|A/cattle/Texas/24-008749-003/2024(H5N1)	117	1358
HA|PP755589.1|A/cattle/Texas/24-008749-003/2024(H5N1)	118	1356
HA|PP755589.1|A/cattle/Texas/24-008749-003/2024(H5N1)	119	1357
HA|PP755589.1|A/cattle/Texas/24-008749-003/2024(H5N1)	120	1355
HA|PP755589.1|A/cattle/Texas/24-008749-003/2024(H5N1)	121	1355
HA|PP755589.1|A/cattle/Texas/24-008749-003/2024(H5N1)	122	1272
HA|PP755589.1|A/cattle/Texas/24-008749-003/2024(H5N1)	123	1287
HA|PP755589.1|A/cattle/Texas/24-008749-003/2024(H5N1)	124	1301
HA|PP755589.1|A/cattle/Texas/24-008749-003/2024(H5N1)	125	1301
HA|PP755589.1|A/cattle/Texas/24-008749-003/2024(H5N1)	126	1299
HA|PP755589.1|A/cattle/Texas/24-008749-003/2024(H5N1)	127	1303
HA|PP755589.1|A/cattle/Texas/24-008749-003/2024(H5N1)	128	1286
HA|PP755589.1|A/cattle/Texas/24-008749-003/2024(H5N1)	129	1286
HA|PP755589.1|A/cattle/Texas/24-008749-003/2024(H5N1)	130	1278
HA|PP755589.1|A/cattle/Texas/24-008749-003/2024(H5N1)	131	1252
HA|PP755589.1|A/cattle/Texas/24-008749-003/2024(H5N1)	132	1264
HA|PP755589.1|A/cattle/Texas/24-008749-003/2024(H5N1)	133	1313
HA|PP755589.1|A/cattle/Texas/24-008749-003/2024(H5N1)	134	1407
HA|PP755589.1|A/cattle/Texas/24-008749-003/2024(H5N1)	135	1333
HA|PP755589.1|A/cattle/Texas/24-008749-003/2024(H5N1)	136	1342
HA|PP755589.1|A/cattle/Texas/24-008749-003/2024(H5N1)	137	1343
HA|PP755589.1|A/cattle/Texas/24-008749-003/2024(H5N1)	138	1351
HA|PP755589.1|A/cattle/Texas/24-008749-003/2024(H5N1)	139	1356
HA|PP755589.1|A/cattle/Texas/24-008749-003/2024(H5N1)	140	1389
HA|PP755589.1|A/cattle/Texas/24-008749-003/2024(H5N1)	141	1381
HA|PP755589.1|A/cattle/Texas/24-008749-003/2024(H5N1)	142	1375
HA|PP755589.1|A/cattle/Texas/24-008749-003/2024(H5N1)	143	1375
HA|PP755589.1|A/cattle/Texas/24-008749-003/2024(H5N1)	144	1371
HA|PP755589.1|A/cattle/Texas/24-008749-003/2024(H5N1)	145	1341
HA|PP755589.1|A/cattle/Texas/24-008749-003/2024(H5N1)	146	1343
HA|PP755589.1|A/cattle/Texas/24-008749-003/2024(H5N1)	147	1349
HA|PP755589.1|A/cattle/Texas/24-008749-003/2024(H5N1)	148	1355
HA|PP755589.1|A/cattle/Texas/24-008749-003/2024(H5N1)	149	1354
HA|PP755589.1|A/cattle/Texas/24-008749-003/2024(H5N1)	150	1351
HA|PP755589.1|A/cattle/Texas/24-008749-003/2024(H5N1)	151	1357
HA|PP755589.1|A/cattle/Texas/24-008749-003/2024(H5N1)	152	1404
HA|PP755589.1|A/cattle/Texas/24-008749-003/2024(H5N1)	153	1404
HA|PP755589.1|A/cattle/Texas/24-008749-003/2024(H5N1)	154	1396
HA|PP755589.1|A/cattle/Texas/24-008749-003/2024(H5N1)	155	1396
HA|PP755589.1|A/cattle/Texas/24-008749-003/2024(H5N1)	156	1403
HA|PP755589.1|A/cattle/Texas/24-008749-003/2024(H5N1)	157	1393
HA|PP755589.1|A/cattle/Texas/24-008749-003/2024(H5N1)	158	1395
HA|PP755589.1|A/cattle/Texas/24-008749-003/2024(H5N1)	159	1323
HA|PP755589.1|A/cattle/Texas/24-008749-003/2024(H5N1)	160	1326
HA|PP755589.1|A/cattle/Texas/24-008749-003/2024(H5N1)	161	1345
HA|PP755589.1|A/cattle/Texas/24-008749-003/2024(H5N1)	162	1302
HA|PP755589.1|A/cattle/Texas/24-008749-003/2024(H5N1)	163	1300
HA|PP755589.1|A/cattle/Texas/24-008749-003/2024(H5N1)	164	1214
HA|PP755589.1|A/cattle/Texas/24-008749-003/2024(H5N1)	165	1215
HA|PP755589.1|A/cattle/Texas/24-008749-003/2024(H5N1)	166	1218
HA|PP755589.1|A/cattle/Texas/24-008749-003/2024(H5N1)	167	1219
HA|PP755589.1|A/cattle/Texas/24-008749-003/2024(H5N1)	168	1229
HA|PP755589.1|A/cattle/Texas/24-008749-003/2024(H5N1)	169	1238
HA|PP755589.1|A/cattle/Texas/24-008749-003/2024(H5N1)	170	1228
HA|PP755589.1|A/cattle/Texas/24-008749-003/2024(H5N1)	171	1228
HA|PP755589.1|A/cattle/Texas/24-008749-003/2024(H5N1)	172	1225
HA|PP755589.1|A/cattle/Texas/24-008749-003/2024(H5N1)	173	1223
HA|PP755589.1|A/cattle/Texas/24-008749-003/2024(H5N1)	174	1277
HA|PP755589.1|A/cattle/Texas/24-008749-003/2024(H5N1)	175	1276
HA|PP755589.1|A/cattle/Texas/24-008749-003/2024(H5N1)	176	1339
HA|PP755589.1|A/cattle/Texas/24-008749-003/2024(H5N1)	177	1364
HA|PP755589.1|A/cattle/Texas/24-008749-003/2024(H5N1)	178	1362
HA|PP755589.1|A/cattle/Texas/24-008749-003/2024(H5N1)	179	1364
HA|PP755589.1|A/cattle/Texas/24-008749-003/2024(H5N1)	180	1372
HA|PP755589.1|A/cattle/Texas/24-008749-003/2024(H5N1)	181	1359
HA|PP755589.1|A/cattle/Texas/24-008749-003/2024(H5N1)	182	1359
HA|PP755589.1|A/cattle/Texas/24-008749-003/2024(H5N1)	183	1359
HA|PP755589.1|A/cattle/Texas/24-008749-003/2024(H5N1)	184	1358
HA|PP755589.1|A/cattle/Texas/24-008749-003/2024(H5N1)	185	1358
HA|PP755589.1|A/cattle/Texas/24-008749-003/2024(H5N1)	186	1359
HA|PP755589.1|A/cattle/Texas/24-008749-003/2024(H5N1)	187	1359
HA|PP755589.1|A/cattle/Texas/24-008749-003/2024(H5N1)	188	1373
HA|PP755589.1|A/cattle/Texas/24-008749-003/2024(H5N1)	189	1370
HA|PP755589.1|A/cattle/Texas/24-008749-003/2024(H5N1)	190	1361
HA|PP755589.1|A/cattle/Texas/24-008749-003/2024(H5N1)	191	1354
HA|PP755589.1|A/cattle/Texas/24-008749-003/2024(H5N1)	192	1355
HA|PP755589.1|A/cattle/Texas/24-008749-003/2024(H5N1)	193	1355
HA|PP755589.1|A/cattle/Texas/24-008749-003/2024(H5N1)	194	1357
HA|PP755589.1|A/cattle/Texas/24-008749-003/2024(H5N1)	195	1357
HA|PP755589.1|A/cattle/Texas/24-008749-003/2024(H5N1)	196	1359
HA|PP755589.1|A/cattle/Texas/24-008749-003/2024(H5N1)	197	1371
HA|PP755589.1|A/cattle/Texas/24-008749-003/2024(H5N1)	198	1379
HA|PP755589.1|A/cattle/Texas/24-008749-003/2024(H5N1)	199	1394
HA|PP755589.1|A/cattle/Texas/24-008749-003/2024(H5N1)	200	1416
HA|PP755589.1|A/cattle/Texas/24-008749-003/2024(H5N1)	201	1417
HA|PP755589.1|A/cattle/Texas/24-008749-003/2024(H5N1)	202	1422
HA|PP755589.1|A/cattle/Texas/24-008749-003/2024(H5N1)	203	1421
HA|PP755589.1|A/cattle/Texas/24-008749-003/2024(H5N1)	204	1429
HA|PP755589.1|A/cattle/Texas/24-008749-003/2024(H5N1)	205	1392
HA|PP755589.1|A/cattle/Texas/24-008749-003/2024(H5N1)	206	1391
HA|PP755589.1|A/cattle/Texas/24-008749-003/2024(H5N1)	207	1417
HA|PP755589.1|A/cattle/Texas/24-008749-003/2024(H5N1)	208	1423
HA|PP755589.1|A/cattle/Texas/24-008749-003/2024(H5N1)	209	1405
HA|PP755589.1|A/cattle/Texas/24-008749-003/2024(H5N1)	210	1408
HA|PP755589.1|A/cattle/Texas/24-008749-003/2024(H5N1)	211	1417
HA|PP755589.1|A/cattle/Texas/24-008749-003/2024(H5N1)	212	1428
HA|PP755589.1|A/cattle/Texas/24-008749-003/2024(H5N1)	213	1435
HA|PP755589.1|A/cattle/Texas/24-008749-003/2024(H5N1)	214	1436
HA|PP755589.1|A/cattle/Texas/24-008749-003/2024(H5N1)	215	1471
HA|PP755589.1|A/cattle/Texas/24-008749-003/2024(H5N1)	216	1471
HA|PP755589.1|A/cattle/Texas/24-008749-003/2024(H5N1)	217	1483
HA|PP755589.1|A/cattle/Texas/24-008749-003/2024(H5N1)	218	1490
HA|PP755589.1|A/cattle/Texas/24-008749-003/2024(H5N1)	219	1470
HA|PP755589.1|A/cattle/Texas/24-008749-003/2024(H5N1)	220	1468
HA|PP755589.1|A/cattle/Texas/24-008749-003/2024(H5N1)	221	1469
HA|PP755589.1|A/cattle/Texas/24-008749-003/2024(H5N1)	222	1462
HA|PP755589.1|A/cattle/Texas/24-008749-003/2024(H5N1)	223	1474
HA|PP755589.1|A/cattle/Texas/24-008749-003/2024(H5N1)	224	1448
HA|PP755589.1|A/cattle/Texas/24-008749-003/2024(H5N1)	225	1445
HA|PP755589.1|A/cattle/Texas/24-008749-003/2024(H5N1)	226	1476
HA|PP755589.1|A/cattle/Texas/24-008749-003/2024(H5N1)	227	1435
HA|PP755589.1|A/cattle/Texas/24-008749-003/2024(H5N1)	228	1413
HA|PP755589.1|A/cattle/Texas/24-008749-003/2024(H5N1)	229	1378
HA|PP755589.1|A/cattle/Texas/24-008749-003/2024(H5N1)	230	1376
HA|PP755589.1|A/cattle/Texas/24-008749-003/2024(H5N1)	231	1387
HA|PP755589.1|A/cattle/Texas/24-008749-003/2024(H5N1)	232	1381
HA|PP755589.1|A/cattle/Texas/24-008749-003/2024(H5N1)	233	1381
HA|PP755589.1|A/cattle/Texas/24-008749-003/2024(H5N1)	234	1392
HA|PP755589.1|A/cattle/Texas/24-008749-003/2024(H5N1)	235	1392
HA|PP755589.1|A/cattle/Texas/24-008749-003/2024(H5N1)	236	1397
HA|PP755589.1|A/cattle/Texas/24-008749-003/2024(H5N1)	237	1396
HA|PP755589.1|A/cattle/Texas/24-008749-003/2024(H5N1)	238	1401
HA|PP755589.1|A/cattle/Texas/24-008749-003/2024(H5N1)	239	1353
HA|PP755589.1|A/cattle/Texas/24-008749-003/2024(H5N1)	240	1361
HA|PP755589.1|A/cattle/Texas/24-008749-003/2024(H5N1)	241	1358
HA|PP755589.1|A/cattle/Texas/24-008749-003/2024(H5N1)	242	1358
HA|PP755589.1|A/cattle/Texas/24-008749-003/2024(H5N1)	243	1352
HA|PP755589.1|A/cattle/Texas/24-008749-003/2024(H5N1)	244	1351
HA|PP755589.1|A/cattle/Texas/24-008749-003/2024(H5N1)	245	1364
HA|PP755589.1|A/cattle/Texas/24-008749-003/2024(H5N1)	246	1365
HA|PP755589.1|A/cattle/Texas/24-008749-003/2024(H5N1)	247	1378
HA|PP755589.1|A/cattle/Texas/24-008749-003/2024(H5N1)	248	1377
HA|PP755589.1|A/cattle/Texas/24-008749-003/2024(H5N1)	249	1365
HA|PP755589.1|A/cattle/Texas/24-008749-003/2024(H5N1)	250	1363
HA|PP755589.1|A/cattle/Texas/24-008749-003/2024(H5N1)	251	1369
HA|PP755589.1|A/cattle/Texas/24-008749-003/2024(H5N1)	252	1359
HA|PP755589.1|A/cattle/Texas/24-008749-003/2024(H5N1)	253	1368
HA|PP755589.1|A/cattle/Texas/24-008749-003/2024(H5N1)	254	1367
HA|PP755589.1|A/cattle/Texas/24-008749-003/2024(H5N1)	255	1393
HA|PP755589.1|A/cattle/Texas/24-008749-003/2024(H5N1)	256	1394
HA|PP755589.1|A/cattle/Texas/24-008749-003/2024(H5N1)	257	1407
HA|PP755589.1|A/cattle/Texas/24-008749-003/2024(H5N1)	258	1416
HA|PP755589.1|A/cattle/Texas/24-008749-003/2024(H5N1)	259	1416
HA|PP755589.1|A/cattle/Texas/24-008749-003/2024(H5N1)	260	1421
HA|PP755589.1|A/cattle/Texas/24-008749-003/2024(H5N1)	261	1421
HA|PP755589.1|A/cattle/Texas/24-008749-003/2024(H5N1)	262	1409
HA|PP755589.1|A/cattle/Texas/24-008749-003/2024(H5N1)	263	1417
HA|PP755589.1|A/cattle/Texas/24-008749-003/2024(H5N1)	264	1413
HA|PP755589.1|A/cattle/Texas/24-008749-003/2024(H5N1)	265	1434
HA|PP755589.1|A/cattle/Texas/24-008749-003/2024(H5N1)	266	1441
HA|PP755589.1|A/cattle/Texas/24-008749-003/2024(H5N1)	267	1438
HA|PP755589.1|A/cattle/Texas/24-008749-003/2024(H5N1)	268	1438
HA|PP755589.1|A/cattle/Texas/24-008749-003/2024(H5N1)	269	1437
HA|PP755589.1|A/cattle/Texas/24-008749-003/2024(H5N1)	270	1437
HA|PP755589.1|A/cattle/Texas/24-008749-003/2024(H5N1)	271	1438
HA|PP755589.1|A/cattle/Texas/24-008749-003/2024(H5N1)	272	1440
HA|PP755589.1|A/cattle/Texas/24-008749-003/2024(H5N1)	273	1308
HA|PP755589.1|A/cattle/Texas/24-008749-003/2024(H5N1)	274	1290
HA|PP755589.1|A/cattle/Texas/24-008749-003/2024(H5N1)	275	1282
HA|PP755589.1|A/cattle/Texas/24-008749-003/2024(H5N1)	276	1473
HA|PP755589.1|A/cattle/Texas/24-008749-003/2024(H5N1)	277	1481
HA|PP755589.1|A/cattle/Texas/24-008749-003/2024(H5N1)	278	1484
HA|PP755589.1|A/cattle/Texas/24-008749-003/2024(H5N1)	279	1485
HA|PP755589.1|A/cattle/Texas/24-008749-003/2024(H5N1)	280	1489
HA|PP755589.1|A/cattle/Texas/24-008749-003/2024(H5N1)	281	1534
HA|PP755589.1|A/cattle/Texas/24-008749-003/2024(H5N1)	282	1521
HA|PP755589.1|A/cattle/Texas/24-008749-003/2024(H5N1)	283	1524
HA|PP755589.1|A/cattle/Texas/24-008749-003/2024(H5N1)	284	1480
HA|PP755589.1|A/cattle/Texas/24-008749-003/2024(H5N1)	285	1338
HA|PP755589.1|A/cattle/Texas/24-008749-003/2024(H5N1)	286	1355
HA|PP755589.1|A/cattle/Texas/24-008749-003/2024(H5N1)	287	1353
HA|PP755589.1|A/cattle/Texas/24-008749-003/2024(H5N1)	288	1353
HA|PP755589.1|A/cattle/Texas/24-008749-003/2024(H5N1)	289	1358
HA|PP755589.1|A/cattle/Texas/24-008749-003/2024(H5N1)	290	1337
HA|PP755589.1|A/cattle/Texas/24-008749-003/2024(H5N1)	291	1349
HA|PP755589.1|A/cattle/Texas/24-008749-003/2024(H5N1)	292	1376
HA|PP755589.1|A/cattle/Texas/24-008749-003/2024(H5N1)	293	1376
HA|PP755589.1|A/cattle/Texas/24-008749-003/2024(H5N1)	294	1430
HA|PP755589.1|A/cattle/Texas/24-008749-003/2024(H5N1)	295	1434
HA|PP755589.1|A/cattle/Texas/24-008749-003/2024(H5N1)	296	1453
HA|PP755589.1|A/cattle/Texas/24-008749-003/2024(H5N1)	297	1451
HA|PP755589.1|A/cattle/Texas/24-008749-003/2024(H5N1)	298	1453
HA|PP755589.1|A/cattle/Texas/24-008749-003/2024(H5N1)	299	1466
HA|PP755589.1|A/cattle/Texas/24-008749-003/2024(H5N1)	300	1472
HA|PP755589.1|A/cattle/Texas/24-008749-003/2024(H5N1)	301	1474
HA|PP755589.1|A/cattle/Texas/24-008749-003/2024(H5N1)	302	1468
HA|PP755589.1|A/cattle/Texas/24-008749-003/2024(H5N1)	303	1398
HA|PP755589.1|A/cattle/Texas/24-008749-003/2024(H5N1)	304	1412
HA|PP755589.1|A/cattle/Texas/24-008749-003/2024(H5N1)	305	1436
HA|PP755589.1|A/cattle/Texas/24-008749-003/2024(H5N1)	306	1439
HA|PP755589.1|A/cattle/Texas/24-008749-003/2024(H5N1)	307	1434
HA|PP755589.1|A/cattle/Texas/24-008749-003/2024(H5N1)	308	1430
HA|PP755589.1|A/cattle/Texas/24-008749-003/2024(H5N1)	309	1437
HA|PP755589.1|A/cattle/Texas/24-008749-003/2024(H5N1)	310	1439
HA|PP755589.1|A/cattle/Texas/24-008749-003/2024(H5N1)	311	1516
HA|PP755589.1|A/cattle/Texas/24-008749-003/2024(H5N1)	312	1495
HA|PP755589.1|A/cattle/Texas/24-008749-003/2024(H5N1)	313	1491
HA|PP755589.1|A/cattle/Texas/24-008749-003/2024(H5N1)	314	1510
HA|PP755589.1|A/cattle/Texas/24-008749-003/2024(H5N1)	315	1586
HA|PP755589.1|A/cattle/Texas/24-008749-003/2024(H5N1)	316	1586
HA|PP755589.1|A/cattle/Texas/24-008749-003/2024(H5N1)	317	1611
HA|PP755589.1|A/cattle/Texas/24-008749-003/2024(H5N1)	318	1617
HA|PP755589.1|A/cattle/Texas/24-008749-003/2024(H5N1)	319	1635
HA|PP755589.1|A/cattle/Texas/24-008749-003/2024(H5N1)	320	1658
HA|PP755589.1|A/cattle/Texas/24-008749-003/2024(H5N1)	321	1678
HA|PP755589.1|A/cattle/Texas/24-008749-003/2024(H5N1)	322	1678
HA|PP755589.1|A/cattle/Texas/24-008749-003/2024(H5N1)	323	1679
HA|PP755589.1|A/cattle/Texas/24-008749-003/2024(H5N1)	324	1611
HA|PP755589.1|A/cattle/Texas/24-008749-003/2024(H5N1)	325	1612
HA|PP755589.1|A/cattle/Texas/24-008749-003/2024(H5N1)	326	1603
HA|PP755589.1|A/cattle/Texas/24-008749-003/2024(H5N1)	327	1556
HA|PP755589.1|A/cattle/Texas/24-008749-003/2024(H5N1)	328	1535
HA|PP755589.1|A/cattle/Texas/24-008749-003/2024(H5N1)	329	1535
HA|PP755589.1|A/cattle/Texas/24-008749-003/2024(H5N1)	330	1535
HA|PP755589.1|A/cattle/Texas/24-008749-003/2024(H5N1)	331	1547
HA|PP755589.1|A/cattle/Texas/24-008749-003/2024(H5N1)	332	1553
HA|PP755589.1|A/cattle/Texas/24-008749-003/2024(H5N1)	333	1559
HA|PP755589.1|A/cattle/Texas/24-008749-003/2024(H5N1)	334	1559
HA|PP755589.1|A/cattle/Texas/24-008749-003/2024(H5N1)	335	1564
HA|PP755589.1|A/cattle/Texas/24-008749-003/2024(H5N1)	336	1559
HA|PP755589.1|A/cattle/Texas/24-008749-003/2024(H5N1)	337	1558
HA|PP755589.1|A/cattle/Texas/24-008749-003/2024(H5N1)	338	1552
HA|PP755589.1|A/cattle/Texas/24-008749-003/2024(H5N1)	339	1548
HA|PP755589.1|A/cattle/Texas/24-008749-003/2024(H5N1)	340	1535
HA|PP755589.1|A/cattle/Texas/24-008749-003/2024(H5N1)	341	1544
HA|PP755589.1|A/cattle/Texas/24-008749-003/2024(H5N1)	342	1552
HA|PP755589.1|A/cattle/Texas/24-008749-003/2024(H5N1)	343	1553
HA|PP755589.1|A/cattle/Texas/24-008749-003/2024(H5N1)	344	1554
HA|PP755589.1|A/cattle/Texas/24-008749-003/2024(H5N1)	345	1550
HA|PP755589.1|A/cattle/Texas/24-008749-003/2024(H5N1)	346	1552
HA|PP755589.1|A/cattle/Texas/24-008749-003/2024(H5N1)	347	1579
HA|PP755589.1|A/cattle/Texas/24-008749-003/2024(H5N1)	348	1576
HA|PP755589.1|A/cattle/Texas/24-008749-003/2024(H5N1)	349	1550
HA|PP755589.1|A/cattle/Texas/24-008749-003/2024(H5N1)	350	1534
HA|PP755589.1|A/cattle/Texas/24-008749-003/2024(H5N1)	351	1540
HA|PP755589.1|A/cattle/Texas/24-008749-003/2024(H5N1)	352	1546
HA|PP755589.1|A/cattle/Texas/24-008749-003/2024(H5N1)	353	1550
HA|PP755589.1|A/cattle/Texas/24-008749-003/2024(H5N1)	354	1551
HA|PP755589.1|A/cattle/Texas/24-008749-003/2024(H5N1)	355	1550
HA|PP755589.1|A/cattle/Texas/24-008749-003/2024(H5N1)	356	1549
HA|PP755589.1|A/cattle/Texas/24-008749-003/2024(H5N1)	357	1539
HA|PP755589.1|A/cattle/Texas/24-008749-003/2024(H5N1)	358	1543
HA|PP755589.1|A/cattle/Texas/24-008749-003/2024(H5N1)	359	1545
HA|PP755589.1|A/cattle/Texas/24-008749-003/2024(H5N1)	360	1548
HA|PP755589.1|A/cattle/Texas/24-008749-003/2024(H5N1)	361	1531
HA|PP755589.1|A/cattle/Texas/24-008749-003/2024(H5N1)	362	1520
HA|PP755589.1|A/cattle/Texas/24-008749-003/2024(H5N1)	363	1523
HA|PP755589.1|A/cattle/Texas/24-008749-003/2024(H5N1)	364	1512
HA|PP755589.1|A/cattle/Texas/24-008749-003/2024(H5N1)	365	1514
HA|PP755589.1|A/cattle/Texas/24-008749-003/2024(H5N1)	366	1492
HA|PP755589.1|A/cattle/Texas/24-008749-003/2024(H5N1)	367	1480
HA|PP755589.1|A/cattle/Texas/24-008749-003/2024(H5N1)	368	1505
HA|PP755589.1|A/cattle/Texas/24-008749-003/2024(H5N1)	369	1501
HA|PP755589.1|A/cattle/Texas/24-008749-003/2024(H5N1)	370	1537
HA|PP755589.1|A/cattle/Texas/24-008749-003/2024(H5N1)	371	1543
HA|PP755589.1|A/cattle/Texas/24-008749-003/2024(H5N1)	372	1533
HA|PP755589.1|A/cattle/Texas/24-008749-003/2024(H5N1)	373	1533
HA|PP755589.1|A/cattle/Texas/24-008749-003/2024(H5N1)	374	1534
HA|PP755589.1|A/cattle/Texas/24-008749-003/2024(H5N1)	375	1533
HA|PP755589.1|A/cattle/Texas/24-008749-003/2024(H5N1)	376	1533
HA|PP755589.1|A/cattle/Texas/24-008749-003/2024(H5N1)	377	1508
HA|PP755589.1|A/cattle/Texas/24-008749-003/2024(H5N1)	378	1509
HA|PP755589.1|A/cattle/Texas/24-008749-003/2024(H5N1)	379	1509
HA|PP755589.1|A/cattle/Texas/24-008749-003/2024(H5N1)	380	1504
HA|PP755589.1|A/cattle/Texas/24-008749-003/2024(H5N1)	381	1507
HA|PP755589.1|A/cattle/Texas/24-008749-003/2024(H5N1)	382	1497
HA|PP755589.1|A/cattle/Texas/24-008749-003/2024(H5N1)	383	1512
HA|PP755589.1|A/cattle/Texas/24-008749-003/2024(H5N1)	384	1512
HA|PP755589.1|A/cattle/Texas/24-008749-003/2024(H5N1)	385	1506
HA|PP755589.1|A/cattle/Texas/24-008749-003/2024(H5N1)	386	1503
HA|PP755589.1|A/cattle/Texas/24-008749-003/2024(H5N1)	387	1524
HA|PP755589.1|A/cattle/Texas/24-008749-003/2024(H5N1)	388	1548
HA|PP755589.1|A/cattle/Texas/24-008749-003/2024(H5N1)	389	1543
HA|PP755589.1|A/cattle/Texas/24-008749-003/2024(H5N1)	390	1542
HA|PP755589.1|A/cattle/Texas/24-008749-003/2024(H5N1)	391	1533
HA|PP755589.1|A/cattle/Texas/24-008749-003/2024(H5N1)	392	1533
HA|PP755589.1|A/cattle/Texas/24-008749-003/2024(H5N1)	393	1539
HA|PP755589.1|A/cattle/Texas/24-008749-003/2024(H5N1)	394	1561
HA|PP755589.1|A/cattle/Texas/24-008749-003/2024(H5N1)	395	1560
HA|PP755589.1|A/cattle/Texas/24-008749-003/2024(H5N1)	396	1545
HA|PP755589.1|A/cattle/Texas/24-008749-003/2024(H5N1)	397	1543
HA|PP755589.1|A/cattle/Texas/24-008749-003/2024(H5N1)	398	1661
HA|PP755589.1|A/cattle/Texas/24-008749-003/2024(H5N1)	399	1675
HA|PP755589.1|A/cattle/Texas/24-008749-003/2024(H5N1)	400	1680
HA|PP755589.1|A/cattle/Texas/24-008749-003/2024(H5N1)	401	1680
HA|PP755589.1|A/cattle/Texas/24-008749-003/2024(H5N1)	402	1683
HA|PP755589.1|A/cattle/Texas/24-008749-003/2024(H5N1)	403	1686
HA|PP755589.1|A/cattle/Texas/24-008749-003/2024(H5N1)	404	1679
HA|PP755589.1|A/cattle/Texas/24-008749-003/2024(H5N1)	405	1682
HA|PP755589.1|A/cattle/Texas/24-008749-003/2024(H5N1)	406	1659
HA|PP755589.1|A/cattle/Texas/24-008749-003/2024(H5N1)	407	1660
HA|PP755589.1|A/cattle/Texas/24-008749-003/2024(H5N1)	408	1648
HA|PP755589.1|A/cattle/Texas/24-008749-003/2024(H5N1)	409	1636
HA|PP755589.1|A/cattle/Texas/24-008749-003/2024(H5N1)	410	1636
HA|PP755589.1|A/cattle/Texas/24-008749-003/2024(H5N1)	411	1626
HA|PP755589.1|A/cattle/Texas/24-008749-003/2024(H5N1)	412	1629
HA|PP755589.1|A/cattle/Texas/24-008749-003/2024(H5N1)	413	1635
HA|PP755589.1|A/cattle/Texas/24-008749-003/2024(H5N1)	414	1630
HA|PP755589.1|A/cattle/Texas/24-008749-003/2024(H5N1)	415	1610
HA|PP755589.1|A/cattle/Texas/24-008749-003/2024(H5N1)	416	1607
HA|PP755589.1|A/cattle/Texas/24-008749-003/2024(H5N1)	417	1607
HA|PP755589.1|A/cattle/Texas/24-008749-003/2024(H5N1)	418	1609
HA|PP755589.1|A/cattle/Texas/24-008749-003/2024(H5N1)	419	1624
HA|PP755589.1|A/cattle/Texas/24-008749-003/2024(H5N1)	420	1630
HA|PP755589.1|A/cattle/Texas/24-008749-003/2024(H5N1)	421	1678
HA|PP755589.1|A/cattle/Texas/24-008749-003/2024(H5N1)	422	1681
HA|PP755589.1|A/cattle/Texas/24-008749-003/2024(H5N1)	423	1694
HA|PP755589.1|A/cattle/Texas/24-008749-003/2024(H5N1)	424	1694
HA|PP755589.1|A/cattle/Texas/24-008749-003/2024(H5N1)	425	1699
HA|PP755589.1|A/cattle/Texas/24-008749-003/2024(H5N1)	426	1703
HA|PP755589.1|A/cattle/Texas/24-008749-003/2024(H5N1)	427	1533
HA|PP755589.1|A/cattle/Texas/24-008749-003/2024(H5N1)	428	1557
HA|PP755589.1|A/cattle/Texas/24-008749-003/2024(H5N1)	429	1559
HA|PP755589.1|A/cattle/Texas/24-008749-003/2024(H5N1)	430	1578
HA|PP755589.1|A/cattle/Texas/24-008749-003/2024(H5N1)	431	1600
HA|PP755589.1|A/cattle/Texas/24-008749-003/2024(H5N1)	432	1614
HA|PP755589.1|A/cattle/Texas/24-008749-003/2024(H5N1)	433	1627
HA|PP755589.1|A/cattle/Texas/24-008749-003/2024(H5N1)	434	1627
HA|PP755589.1|A/cattle/Texas/24-008749-003/2024(H5N1)	435	1627
HA|PP755589.1|A/cattle/Texas/24-008749-003/2024(H5N1)	436	1629
HA|PP755589.1|A/cattle/Texas/24-008749-003/2024(H5N1)	437	1645
HA|PP755589.1|A/cattle/Texas/24-008749-003/2024(H5N1)	438	1660
HA|PP755589.1|A/cattle/Texas/24-008749-003/2024(H5N1)	439	1657
HA|PP755589.1|A/cattle/Texas/24-008749-003/2024(H5N1)	440	1635
HA|PP755589.1|A/cattle/Texas/24-008749-003/2024(H5N1)	441	1641
HA|PP755589.1|A/cattle/Texas/24-008749-003/2024(H5N1)	442	1598
HA|PP755589.1|A/cattle/Texas/24-008749-003/2024(H5N1)	443	1598
HA|PP755589.1|A/cattle/Texas/24-008749-003/2024(H5N1)	444	1554
HA|PP755589.1|A/cattle/Texas/24-008749-003/2024(H5N1)	445	1549
HA|PP755589.1|A/cattle/Texas/24-008749-003/2024(H5N1)	446	1556
HA|PP755589.1|A/cattle/Texas/24-008749-003/2024(H5N1)	447	1531
HA|PP755589.1|A/cattle/Texas/24-008749-003/2024(H5N1)	448	1533
HA|PP755589.1|A/cattle/Texas/24-008749-003/2024(H5N1)	449	1552
HA|PP755589.1|A/cattle/Texas/24-008749-003/2024(H5N1)	450	1544
HA|PP755589.1|A/cattle/Texas/24-008749-003/2024(H5N1)	451	1554
HA|PP755589.1|A/cattle/Texas/24-008749-003/2024(H5N1)	452	1611
HA|PP755589.1|A/cattle/Texas/24-008749-003/2024(H5N1)	453	1619
HA|PP755589.1|A/cattle/Texas/24-008749-003/2024(H5N1)	454	1653
HA|PP755589.1|A/cattle/Texas/24-008749-003/2024(H5N1)	455	1637
HA|PP755589.1|A/cattle/Texas/24-008749-003/2024(H5N1)	456	1657
HA|PP755589.1|A/cattle/Texas/24-008749-003/2024(H5N1)	457	1671
HA|PP755589.1|A/cattle/Texas/24-008749-003/2024(H5N1)	458	1670
HA|PP755589.1|A/cattle/Texas/24-008749-003/2024(H5N1)	459	1676
HA|PP755589.1|A/cattle/Texas/24-008749-003/2024(H5N1)	460	1665
HA|PP755589.1|A/cattle/Texas/24-008749-003/2024(H5N1)	461	1586
HA|PP755589.1|A/cattle/Texas/24-008749-003/2024(H5N1)	462	1591
HA|PP755589.1|A/cattle/Texas/24-008749-003/2024(H5N1)	463	1604
HA|PP755589.1|A/cattle/Texas/24-008749-003/2024(H5N1)	464	1605
HA|PP755589.1|A/cattle/Texas/24-008749-003/2024(H5N1)	465	1572
HA|PP755589.1|A/cattle/Texas/24-008749-003/2024(H5N1)	466	1498
HA|PP755589.1|A/cattle/Texas/24-008749-003/2024(H5N1)	467	1487
HA|PP755589.1|A/cattle/Texas/24-008749-003/2024(H5N1)	468	1481
HA|PP755589.1|A/cattle/Texas/24-008749-003/2024(H5N1)	469	1478
HA|PP755589.1|A/cattle/Texas/24-008749-003/2024(H5N1)	470	1438
HA|PP755589.1|A/cattle/Texas/24-008749-003/2024(H5N1)	471	1440
HA|PP755589.1|A/cattle/Texas/24-008749-003/2024(H5N1)	472	1426
HA|PP755589.1|A/cattle/Texas/24-008749-003/2024(H5N1)	473	1433
HA|PP755589.1|A/cattle/Texas/24-008749-003/2024(H5N1)	474	1433
HA|PP755589.1|A/cattle/Texas/24-008749-003/2024(H5N1)	475	1430
HA|PP755589.1|A/cattle/Texas/24-008749-003/2024(H5N1)	476	1431
HA|PP755589.1|A/cattle/Texas/24-008749-003/2024(H5N1)	477	1434
HA|PP755589.1|A/cattle/Texas/24-008749-003/2024(H5N1)	478	1429
HA|PP755589.1|A/cattle/Texas/24-008749-003/2024(H5N1)	479	1429
HA|PP755589.1|A/cattle/Texas/24-008749-003/2024(H5N1)	480	1397
HA|PP755589.1|A/cattle/Texas/24-008749-003/2024(H5N1)	481	1396
HA|PP755589.1|A/cattle/Texas/24-008749-003/2024(H5N1)	482	1396
HA|PP755589.1|A/cattle/Texas/24-008749-003/2024(H5N1)	483	1390
HA|PP755589.1|A/cattle/Texas/24-008749-003/2024(H5N1)	484	1398
HA|PP755589.1|A/cattle/Texas/24-008749-003/2024(H5N1)	485	1403
HA|PP755589.1|A/cattle/Texas/24-008749-003/2024(H5N1)	486	1402
HA|PP755589.1|A/cattle/Texas/24-008749-003/2024(H5N1)	487	1414
HA|PP755589.1|A/cattle/Texas/24-008749-003/2024(H5N1)	488	1413
HA|PP755589.1|A/cattle/Texas/24-008749-003/2024(H5N1)	489	1424
HA|PP755589.1|A/cattle/Texas/24-008749-003/2024(H5N1)	490	1440
HA|PP755589.1|A/cattle/Texas/24-008749-003/2024(H5N1)	491	1439
HA|PP755589.1|A/cattle/Texas/24-008749-003/2024(H5N1)	492	1431
HA|PP755589.1|A/cattle/Texas/24-008749-003/2024(H5N1)	493	1435
HA|PP755589.1|A/cattle/Texas/24-008749-003/2024(H5N1)	494	1429
HA|PP755589.1|A/cattle/Texas/24-008749-003/2024(H5N1)	495	1434
HA|PP755589.1|A/cattle/Texas/24-008749-003/2024(H5N1)	496	1435
HA|PP755589.1|A/cattle/Texas/24-008749-003/2024(H5N1)	497	1434
HA|PP755589.1|A/cattle/Texas/24-008749-003/2024(H5N1)	498	1422
HA|PP755589.1|A/cattle/Texas/24-008749-003/2024(H5N1)	499	1418
HA|PP755589.1|A/cattle/Texas/24-008749-003/2024(H5N1)	500	1410
HA|PP755589.1|A/cattle/Texas/24-008749-003/2024(H5N1)	501	1405
HA|PP755589.1|A/cattle/Texas/24-008749-003/2024(H5N1)	502	1405
HA|PP755589.1|A/cattle/Texas/24-008749-003/2024(H5N1)	503	1399
HA|PP755589.1|A/cattle/Texas/24-008749-003/2024(H5N1)	504	1395
HA|PP755589.1|A/cattle/Texas/24-008749-003/2024(H5N1)	505	1399
HA|PP755589.1|A/cattle/Texas/24-008749-003/2024(H5N1)	506	1392
HA|PP755589.1|A/cattle/Texas/24-008749-003/2024(H5N1)	507	1398
HA|PP755589.1|A/cattle/Texas/24-008749-003/2024(H5N1)	508	1383
HA|PP755589.1|A/cattle/Texas/24-008749-003/2024(H5N1)	509	1375
HA|PP755589.1|A/cattle/Texas/24-008749-003/2024(H5N1)	510	1370
HA|PP755589.1|A/cattle/Texas/24-008749-003/2024(H5N1)	511	1369
HA|PP755589.1|A/cattle/Texas/24-008749-003/2024(H5N1)	512	1420
HA|PP755589.1|A/cattle/Texas/24-008749-003/2024(H5N1)	513	1423
HA|PP755589.1|A/cattle/Texas/24-008749-003/2024(H5N1)	514	1409
HA|PP755589.1|A/cattle/Texas/24-008749-003/2024(H5N1)	515	1407
HA|PP755589.1|A/cattle/Texas/24-008749-003/2024(H5N1)	516	1410
HA|PP755589.1|A/cattle/Texas/24-008749-003/2024(H5N1)	517	1437
HA|PP755589.1|A/cattle/Texas/24-008749-003/2024(H5N1)	518	1438
HA|PP755589.1|A/cattle/Texas/24-008749-003/2024(H5N1)	519	1426
HA|PP755589.1|A/cattle/Texas/24-008749-003/2024(H5N1)	520	1424
HA|PP755589.1|A/cattle/Texas/24-008749-003/2024(H5N1)	521	1398
HA|PP755589.1|A/cattle/Texas/24-008749-003/2024(H5N1)	522	1408
HA|PP755589.1|A/cattle/Texas/24-008749-003/2024(H5N1)	523	1413
HA|PP755589.1|A/cattle/Texas/24-008749-003/2024(H5N1)	524	1446
HA|PP755589.1|A/cattle/Texas/24-008749-003/2024(H5N1)	525	1434
HA|PP755589.1|A/cattle/Texas/24-008749-003/2024(H5N1)	526	1436
HA|PP755589.1|A/cattle/Texas/24-008749-003/2024(H5N1)	527	1440
HA|PP755589.1|A/cattle/Texas/24-008749-003/2024(H5N1)	528	1424
HA|PP755589.1|A/cattle/Texas/24-008749-003/2024(H5N1)	529	1459
HA|PP755589.1|A/cattle/Texas/24-008749-003/2024(H5N1)	530	1469
HA|PP755589.1|A/cattle/Texas/24-008749-003/2024(H5N1)	531	1473
HA|PP755589.1|A/cattle/Texas/24-008749-003/2024(H5N1)	532	1470
HA|PP755589.1|A/cattle/Texas/24-008749-003/2024(H5N1)	533	1452
HA|PP755589.1|A/cattle/Texas/24-008749-003/2024(H5N1)	534	1451
HA|PP755589.1|A/cattle/Texas/24-008749-003/2024(H5N1)	535	1477
HA|PP755589.1|A/cattle/Texas/24-008749-003/2024(H5N1)	536	1509
HA|PP755589.1|A/cattle/Texas/24-008749-003/2024(H5N1)	537	1488
HA|PP755589.1|A/cattle/Texas/24-008749-003/2024(H5N1)	538	1489
HA|PP755589.1|A/cattle/Texas/24-008749-003/2024(H5N1)	539	1492
HA|PP755589.1|A/cattle/Texas/24-008749-003/2024(H5N1)	540	1567
HA|PP755589.1|A/cattle/Texas/24-008749-003/2024(H5N1)	541	1567
HA|PP755589.1|A/cattle/Texas/24-008749-003/2024(H5N1)	542	1570
HA|PP755589.1|A/cattle/Texas/24-008749-003/2024(H5N1)	543	1570
HA|PP755589.1|A/cattle/Texas/24-008749-003/2024(H5N1)	544	1546
HA|PP755589.1|A/cattle/Texas/24-008749-003/2024(H5N1)	545	1551
HA|PP755589.1|A/cattle/Texas/24-008749-003/2024(H5N1)	546	1549
HA|PP755589.1|A/cattle/Texas/24-008749-003/2024(H5N1)	547	1557
HA|PP755589.1|A/cattle/Texas/24-008749-003/2024(H5N1)	548	1526
HA|PP755589.1|A/cattle/Texas/24-008749-003/2024(H5N1)	549	1442
HA|PP755589.1|A/cattle/Texas/24-008749-003/2024(H5N1)	550	1444
HA|PP755589.1|A/cattle/Texas/24-008749-003/2024(H5N1)	551	1445
HA|PP755589.1|A/cattle/Texas/24-008749-003/2024(H5N1)	552	1445
HA|PP755589.1|A/cattle/Texas/24-008749-003/2024(H5N1)	553	1442
HA|PP755589.1|A/cattle/Texas/24-008749-003/2024(H5N1)	554	1443
HA|PP755589.1|A/cattle/Texas/24-008749-003/2024(H5N1)	555	1450
HA|PP755589.1|A/cattle/Texas/24-008749-003/2024(H5N1)	556	1447
HA|PP755589.1|A/cattle/Texas/24-008749-003/2024(H5N1)	557	1447
HA|PP755589.1|A/cattle/Texas/24-008749-003/2024(H5N1)	558	1444
HA|PP755589.1|A/cattle/Texas/24-008749-003/2024(H5N1)	559	1456
HA|PP755589.1|A/cattle/Texas/24-008749-003/2024(H5N1)	560	1463
HA|PP755589.1|A/cattle/Texas/24-008749-003/2024(H5N1)	561	1491
HA|PP755589.1|A/cattle/Texas/24-008749-003/2024(H5N1)	562	1521
HA|PP755589.1|A/cattle/Texas/24-008749-003/2024(H5N1)	563	1547
HA|PP755589.1|A/cattle/Texas/24-008749-003/2024(H5N1)	564	1579
HA|PP755589.1|A/cattle/Texas/24-008749-003/2024(H5N1)	565	1577
HA|PP755589.1|A/cattle/Texas/24-008749-003/2024(H5N1)	566	1580
HA|PP755589.1|A/cattle/Texas/24-008749-003/2024(H5N1)	567	1587
HA|PP755589.1|A/cattle/Texas/24-008749-003/2024(H5N1)	568	1600
HA|PP755589.1|A/cattle/Texas/24-008749-003/2024(H5N1)	569	1596
HA|PP755589.1|A/cattle/Texas/24-008749-003/2024(H5N1)	570	1607
HA|PP755589.1|A/cattle/Texas/24-008749-003/2024(H5N1)	571	1616
HA|PP755589.1|A/cattle/Texas/24-008749-003/2024(H5N1)	572	1612
HA|PP755589.1|A/cattle/Texas/24-008749-003/2024(H5N1)	573	1656
HA|PP755589.1|A/cattle/Texas/24-008749-003/2024(H5N1)	574	1651
HA|PP755589.1|A/cattle/Texas/24-008749-003/2024(H5N1)	575	1654
HA|PP755589.1|A/cattle/Texas/24-008749-003/2024(H5N1)	576	1675
HA|PP755589.1|A/cattle/Texas/24-008749-003/2024(H5N1)	577	1670
HA|PP755589.1|A/cattle/Texas/24-008749-003/2024(H5N1)	578	1683
HA|PP755589.1|A/cattle/Texas/24-008749-003/2024(H5N1)	579	1653
HA|PP755589.1|A/cattle/Texas/24-008749-003/2024(H5N1)	580	1660
HA|PP755589.1|A/cattle/Texas/24-008749-003/2024(H5N1)	581	1645
HA|PP755589.1|A/cattle/Texas/24-008749-003/2024(H5N1)	582	1574
HA|PP755589.1|A/cattle/Texas/24-008749-003/2024(H5N1)	583	1544
HA|PP755589.1|A/cattle/Texas/24-008749-003/2024(H5N1)	584	1535
HA|PP755589.1|A/cattle/Texas/24-008749-003/2024(H5N1)	585	1565
HA|PP755589.1|A/cattle/Texas/24-008749-003/2024(H5N1)	586	1552
HA|PP755589.1|A/cattle/Texas/24-008749-003/2024(H5N1)	587	1537
HA|PP755589.1|A/cattle/Texas/24-008749-003/2024(H5N1)	588	1550
HA|PP755589.1|A/cattle/Texas/24-008749-003/2024(H5N1)	589	1523
HA|PP755589.1|A/cattle/Texas/24-008749-003/2024(H5N1)	590	1619
HA|PP755589.1|A/cattle/Texas/24-008749-003/2024(H5N1)	591	1624
HA|PP755589.1|A/cattle/Texas/24-008749-003/2024(H5N1)	592	1622
HA|PP755589.1|A/cattle/Texas/24-008749-003/2024(H5N1)	593	1623
HA|PP755589.1|A/cattle/Texas/24-008749-003/2024(H5N1)	594	1632
HA|PP755589.1|A/cattle/Texas/24-008749-003/2024(H5N1)	595	1618
HA|PP755589.1|A/cattle/Texas/24-008749-003/2024(H5N1)	596	1666
HA|PP755589.1|A/cattle/Texas/24-008749-003/2024(H5N1)	597	1637
HA|PP755589.1|A/cattle/Texas/24-008749-003/2024(H5N1)	598	1649
HA|PP755589.1|A/cattle/Texas/24-008749-003/2024(H5N1)	599	1645
HA|PP755589.1|A/cattle/Texas/24-008749-003/2024(H5N1)	600	1632
HA|PP755589.1|A/cattle/Texas/24-008749-003/2024(H5N1)	601	1637
HA|PP755589.1|A/cattle/Texas/24-008749-003/2024(H5N1)	602	1677
HA|PP755589.1|A/cattle/Texas/24-008749-003/2024(H5N1)	603	1618
HA|PP755589.1|A/cattle/Texas/24-008749-003/2024(H5N1)	604	1634
HA|PP755589.1|A/cattle/Texas/24-008749-003/2024(H5N1)	605	1588
HA|PP755589.1|A/cattle/Texas/24-008749-003/2024(H5N1)	606	1589
HA|PP755589.1|A/cattle/Texas/24-008749-003/2024(H5N1)	607	1550
HA|PP755589.1|A/cattle/Texas/24-008749-003/2024(H5N1)	608	1551
HA|PP755589.1|A/cattle/Texas/24-008749-003/2024(H5N1)	609	1557
HA|PP755589.1|A/cattle/Texas/24-008749-003/2024(H5N1)	610	1550
HA|PP755589.1|A/cattle/Texas/24-008749-003/2024(H5N1)	611	1551
HA|PP755589.1|A/cattle/Texas/24-008749-003/2024(H5N1)	612	1548
HA|PP755589.1|A/cattle/Texas/24-008749-003/2024(H5N1)	613	1544
HA|PP755589.1|A/cattle/Texas/24-008749-003/2024(H5N1)	614	1541
HA|PP755589.1|A/cattle/Texas/24-008749-003/2024(H5N1)	615	1544
HA|PP755589.1|A/cattle/Texas/24-008749-003/2024(H5N1)	616	1601
HA|PP755589.1|A/cattle/Texas/24-008749-003/2024(H5N1)	617	1590
HA|PP755589.1|A/cattle/Texas/24-008749-003/2024(H5N1)	618	1578
HA|PP755589.1|A/cattle/Texas/24-008749-003/2024(H5N1)	619	1578
HA|PP755589.1|A/cattle/Texas/24-008749-003/2024(H5N1)	620	1587
HA|PP755589.1|A/cattle/Texas/24-008749-003/2024(H5N1)	621	1589
HA|PP755589.1|A/cattle/Texas/24-008749-003/2024(H5N1)	622	1582
HA|PP755589.1|A/cattle/Texas/24-008749-003/2024(H5N1)	623	1579
HA|PP755589.1|A/cattle/Texas/24-008749-003/2024(H5N1)	624	1578
HA|PP755589.1|A/cattle/Texas/24-008749-003/2024(H5N1)	625	1578
HA|PP755589.1|A/cattle/Texas/24-008749-003/2024(H5N1)	626	1582
HA|PP755589.1|A/cattle/Texas/24-008749-003/2024(H5N1)	627	1589
HA|PP755589.1|A/cattle/Texas/24-008749-003/2024(H5N1)	628	1582
HA|PP755589.1|A/cattle/Texas/24-008749-003/2024(H5N1)	629	1576
HA|PP755589.1|A/cattle/Texas/24-008749-003/2024(H5N1)	630	1577
HA|PP755589.1|A/cattle/Texas/24-008749-003/2024(H5N1)	631	1589
HA|PP755589.1|A/cattle/Texas/24-008749-003/2024(H5N1)	632	1592
HA|PP755589.1|A/cattle/Texas/24-008749-003/2024(H5N1)	633	1587
HA|PP755589.1|A/cattle/Texas/24-008749-003/2024(H5N1)	634	1586
HA|PP755589.1|A/cattle/Texas/24-008749-003/2024(H5N1)	635	1578
HA|PP755589.1|A/cattle/Texas/24-008749-003/2024(H5N1)	636	1562
HA|PP755589.1|A/cattle/Texas/24-008749-003/2024(H5N1)	637	1561
HA|PP755589.1|A/cattle/Texas/24-008749-003/2024(H5N1)	638	1574
HA|PP755589.1|A/cattle/Texas/24-008749-003/2024(H5N1)	639	1560
HA|PP755589.1|A/cattle/Texas/24-008749-003/2024(H5N1)	640	1549
HA|PP755589.1|A/cattle/Texas/24-008749-003/2024(H5N1)	641	1546
HA|PP755589.1|A/cattle/Texas/24-008749-003/2024(H5N1)	642	1537
HA|PP755589.1|A/cattle/Texas/24-008749-003/2024(H5N1)	643	1536
HA|PP755589.1|A/cattle/Texas/24-008749-003/2024(H5N1)	644	1522
HA|PP755589.1|A/cattle/Texas/24-008749-003/2024(H5N1)	645	1524
HA|PP755589.1|A/cattle/Texas/24-008749-003/2024(H5N1)	646	1527
HA|PP755589.1|A/cattle/Texas/24-008749-003/2024(H5N1)	647	1512
HA|PP755589.1|A/cattle/Texas/24-008749-003/2024(H5N1)	648	1506
HA|PP755589.1|A/cattle/Texas/24-008749-003/2024(H5N1)	649	1506
HA|PP755589.1|A/cattle/Texas/24-008749-003/2024(H5N1)	650	1507
HA|PP755589.1|A/cattle/Texas/24-008749-003/2024(H5N1)	651	1560
HA|PP755589.1|A/cattle/Texas/24-008749-003/2024(H5N1)	652	1578
HA|PP755589.1|A/cattle/Texas/24-008749-003/2024(H5N1)	653	1583
HA|PP755589.1|A/cattle/Texas/24-008749-003/2024(H5N1)	654	1590
HA|PP755589.1|A/cattle/Texas/24-008749-003/2024(H5N1)	655	1587
HA|PP755589.1|A/cattle/Texas/24-008749-003/2024(H5N1)	656	1591
HA|PP755589.1|A/cattle/Texas/24-008749-003/2024(H5N1)	657	1606
HA|PP755589.1|A/cattle/Texas/24-008749-003/2024(H5N1)	658	1614
HA|PP755589.1|A/cattle/Texas/24-008749-003/2024(H5N1)	659	1642
HA|PP755589.1|A/cattle/Texas/24-008749-003/2024(H5N1)	660	1642
HA|PP755589.1|A/cattle/Texas/24-008749-003/2024(H5N1)	661	1642
HA|PP755589.1|A/cattle/Texas/24-008749-003/2024(H5N1)	662	1639
HA|PP755589.1|A/cattle/Texas/24-008749-003/2024(H5N1)	663	1592
HA|PP755589.1|A/cattle/Texas/24-008749-003/2024(H5N1)	664	1614
HA|PP755589.1|A/cattle/Texas/24-008749-003/2024(H5N1)	665	1621
HA|PP755589.1|A/cattle/Texas/24-008749-003/2024(H5N1)	666	1629
HA|PP755589.1|A/cattle/Texas/24-008749-003/2024(H5N1)	667	1621
HA|PP755589.1|A/cattle/Texas/24-008749-003/2024(H5N1)	668	1591
HA|PP755589.1|A/cattle/Texas/24-008749-003/2024(H5N1)	669	1600
HA|PP755589.1|A/cattle/Texas/24-008749-003/2024(H5N1)	670	1588
HA|PP755589.1|A/cattle/Texas/24-008749-003/2024(H5N1)	671	1646
HA|PP755589.1|A/cattle/Texas/24-008749-003/2024(H5N1)	672	1637
HA|PP755589.1|A/cattle/Texas/24-008749-003/2024(H5N1)	673	1619
HA|PP755589.1|A/cattle/Texas/24-008749-003/2024(H5N1)	674	1613
HA|PP755589.1|A/cattle/Texas/24-008749-003/2024(H5N1)	675	1576
HA|PP755589.1|A/cattle/Texas/24-008749-003/2024(H5N1)	676	1577
HA|PP755589.1|A/cattle/Texas/24-008749-003/2024(H5N1)	677	1579
HA|PP755589.1|A/cattle/Texas/24-008749-003/2024(H5N1)	678	1578
HA|PP755589.1|A/cattle/Texas/24-008749-003/2024(H5N1)	679	1583
HA|PP755589.1|A/cattle/Texas/24-008749-003/2024(H5N1)	680	1527
HA|PP755589.1|A/cattle/Texas/24-008749-003/2024(H5N1)	681	1537
HA|PP755589.1|A/cattle/Texas/24-008749-003/2024(H5N1)	682	1536
HA|PP755589.1|A/cattle/Texas/24-008749-003/2024(H5N1)	683	1537
HA|PP755589.1|A/cattle/Texas/24-008749-003/2024(H5N1)	684	1536
HA|PP755589.1|A/cattle/Texas/24-008749-003/2024(H5N1)	685	1535
HA|PP755589.1|A/cattle/Texas/24-008749-003/2024(H5N1)	686	1510
HA|PP755589.1|A/cattle/Texas/24-008749-003/2024(H5N1)	687	1484
HA|PP755589.1|A/cattle/Texas/24-008749-003/2024(H5N1)	688	1478
HA|PP755589.1|A/cattle/Texas/24-008749-003/2024(H5N1)	689	1412
HA|PP755589.1|A/cattle/Texas/24-008749-003/2024(H5N1)	690	1409
HA|PP755589.1|A/cattle/Texas/24-008749-003/2024(H5N1)	691	1445
HA|PP755589.1|A/cattle/Texas/24-008749-003/2024(H5N1)	692	1443
HA|PP755589.1|A/cattle/Texas/24-008749-003/2024(H5N1)	693	1442
HA|PP755589.1|A/cattle/Texas/24-008749-003/2024(H5N1)	694	1444
HA|PP755589.1|A/cattle/Texas/24-008749-003/2024(H5N1)	695	1447
HA|PP755589.1|A/cattle/Texas/24-008749-003/2024(H5N1)	696	1462
HA|PP755589.1|A/cattle/Texas/24-008749-003/2024(H5N1)	697	1460
HA|PP755589.1|A/cattle/Texas/24-008749-003/2024(H5N1)	698	1454
HA|PP755589.1|A/cattle/Texas/24-008749-003/2024(H5N1)	699	1457
HA|PP755589.1|A/cattle/Texas/24-008749-003/2024(H5N1)	700	1427
HA|PP755589.1|A/cattle/Texas/24-008749-003/2024(H5N1)	701	1434
HA|PP755589.1|A/cattle/Texas/24-008749-003/2024(H5N1)	702	1429
HA|PP755589.1|A/cattle/Texas/24-008749-003/2024(H5N1)	703	1443
HA|PP755589.1|A/cattle/Texas/24-008749-003/2024(H5N1)	704	1445
HA|PP755589.1|A/cattle/Texas/24-008749-003/2024(H5N1)	705	1435
HA|PP755589.1|A/cattle/Texas/24-008749-003/2024(H5N1)	706	1443
HA|PP755589.1|A/cattle/Texas/24-008749-003/2024(H5N1)	707	1442
HA|PP755589.1|A/cattle/Texas/24-008749-003/2024(H5N1)	708	1454
HA|PP755589.1|A/cattle/Texas/24-008749-003/2024(H5N1)	709	1451
HA|PP755589.1|A/cattle/Texas/24-008749-003/2024(H5N1)	710	1461
HA|PP755589.1|A/cattle/Texas/24-008749-003/2024(H5N1)	711	1462
HA|PP755589.1|A/cattle/Texas/24-008749-003/2024(H5N1)	712	1435
HA|PP755589.1|A/cattle/Texas/24-008749-003/2024(H5N1)	713	1434
HA|PP755589.1|A/cattle/Texas/24-008749-003/2024(H5N1)	714	1540
HA|PP755589.1|A/cattle/Texas/24-008749-003/2024(H5N1)	715	1550
HA|PP755589.1|A/cattle/Texas/24-008749-003/2024(H5N1)	716	1567
HA|PP755589.1|A/cattle/Texas/24-008749-003/2024(H5N1)	717	1564
HA|PP755589.1|A/cattle/Texas/24-008749-003/2024(H5N1)	718	1553
HA|PP755589.1|A/cattle/Texas/24-008749-003/2024(H5N1)	719	1542
HA|PP755589.1|A/cattle/Texas/24-008749-003/2024(H5N1)	720	1570
HA|PP755589.1|A/cattle/Texas/24-008749-003/2024(H5N1)	721	1554
HA|PP755589.1|A/cattle/Texas/24-008749-003/2024(H5N1)	722	1548
HA|PP755589.1|A/cattle/Texas/24-008749-003/2024(H5N1)	723	1499
HA|PP755589.1|A/cattle/Texas/24-008749-003/2024(H5N1)	724	1459
HA|PP755589.1|A/cattle/Texas/24-008749-003/2024(H5N1)	725	1482
HA|PP755589.1|A/cattle/Texas/24-008749-003/2024(H5N1)	726	1476
HA|PP755589.1|A/cattle/Texas/24-008749-003/2024(H5N1)	727	1482
HA|PP755589.1|A/cattle/Texas/24-008749-003/2024(H5N1)	728	1467
HA|PP755589.1|A/cattle/Texas/24-008749-003/2024(H5N1)	729	1444
HA|PP755589.1|A/cattle/Texas/24-008749-003/2024(H5N1)	730	1437
HA|PP755589.1|A/cattle/Texas/24-008749-003/2024(H5N1)	731	1440
HA|PP755589.1|A/cattle/Texas/24-008749-003/2024(H5N1)	732	1564
HA|PP755589.1|A/cattle/Texas/24-008749-003/2024(H5N1)	733	1563
HA|PP755589.1|A/cattle/Texas/24-008749-003/2024(H5N1)	734	1563
HA|PP755589.1|A/cattle/Texas/24-008749-003/2024(H5N1)	735	1533
HA|PP755589.1|A/cattle/Texas/24-008749-003/2024(H5N1)	736	1514
HA|PP755589.1|A/cattle/Texas/24-008749-003/2024(H5N1)	737	1519
HA|PP755589.1|A/cattle/Texas/24-008749-003/2024(H5N1)	738	1520
HA|PP755589.1|A/cattle/Texas/24-008749-003/2024(H5N1)	739	1532
HA|PP755589.1|A/cattle/Texas/24-008749-003/2024(H5N1)	740	1533
HA|PP755589.1|A/cattle/Texas/24-008749-003/2024(H5N1)	741	1421
HA|PP755589.1|A/cattle/Texas/24-008749-003/2024(H5N1)	742	1433
HA|PP755589.1|A/cattle/Texas/24-008749-003/2024(H5N1)	743	1457
HA|PP755589.1|A/cattle/Texas/24-008749-003/2024(H5N1)	744	1469
HA|PP755589.1|A/cattle/Texas/24-008749-003/2024(H5N1)	745	1504
HA|PP755589.1|A/cattle/Texas/24-008749-003/2024(H5N1)	746	1535
HA|PP755589.1|A/cattle/Texas/24-008749-003/2024(H5N1)	747	1498
HA|PP755589.1|A/cattle/Texas/24-008749-003/2024(H5N1)	748	1515
HA|PP755589.1|A/cattle/Texas/24-008749-003/2024(H5N1)	749	1509
HA|PP755589.1|A/cattle/Texas/24-008749-003/2024(H5N1)	750	1510
HA|PP755589.1|A/cattle/Texas/24-008749-003/2024(H5N1)	751	1507
HA|PP755589.1|A/cattle/Texas/24-008749-003/2024(H5N1)	752	1478
HA|PP755589.1|A/cattle/Texas/24-008749-003/2024(H5N1)	753	1468
HA|PP755589.1|A/cattle/Texas/24-008749-003/2024(H5N1)	754	1464
HA|PP755589.1|A/cattle/Texas/24-008749-003/2024(H5N1)	755	1452
HA|PP755589.1|A/cattle/Texas/24-008749-003/2024(H5N1)	756	1454
HA|PP755589.1|A/cattle/Texas/24-008749-003/2024(H5N1)	757	1454
HA|PP755589.1|A/cattle/Texas/24-008749-003/2024(H5N1)	758	1511
HA|PP755589.1|A/cattle/Texas/24-008749-003/2024(H5N1)	759	1507
HA|PP755589.1|A/cattle/Texas/24-008749-003/2024(H5N1)	760	1501
HA|PP755589.1|A/cattle/Texas/24-008749-003/2024(H5N1)	761	1518
HA|PP755589.1|A/cattle/Texas/24-008749-003/2024(H5N1)	762	1510
HA|PP755589.1|A/cattle/Texas/24-008749-003/2024(H5N1)	763	1519
HA|PP755589.1|A/cattle/Texas/24-008749-003/2024(H5N1)	764	1509
HA|PP755589.1|A/cattle/Texas/24-008749-003/2024(H5N1)	765	1515
HA|PP755589.1|A/cattle/Texas/24-008749-003/2024(H5N1)	766	1523
HA|PP755589.1|A/cattle/Texas/24-008749-003/2024(H5N1)	767	1472
HA|PP755589.1|A/cattle/Texas/24-008749-003/2024(H5N1)	768	1475
HA|PP755589.1|A/cattle/Texas/24-008749-003/2024(H5N1)	769	1477
HA|PP755589.1|A/cattle/Texas/24-008749-003/2024(H5N1)	770	1477
HA|PP755589.1|A/cattle/Texas/24-008749-003/2024(H5N1)	771	1470
HA|PP755589.1|A/cattle/Texas/24-008749-003/2024(H5N1)	772	1469
HA|PP755589.1|A/cattle/Texas/24-008749-003/2024(H5N1)	773	1468
HA|PP755589.1|A/cattle/Texas/24-008749-003/2024(H5N1)	774	1469
HA|PP755589.1|A/cattle/Texas/24-008749-003/2024(H5N1)	775	1466
HA|PP755589.1|A/cattle/Texas/24-008749-003/2024(H5N1)	776	1467
HA|PP755589.1|A/cattle/Texas/24-008749-003/2024(H5N1)	777	1472
HA|PP755589.1|A/cattle/Texas/24-008749-003/2024(H5N1)	778	1463
HA|PP755589.1|A/cattle/Texas/24-008749-003/2024(H5N1)	779	1474
HA|PP755589.1|A/cattle/Texas/24-008749-003/2024(H5N1)	780	1476
HA|PP755589.1|A/cattle/Texas/24-008749-003/2024(H5N1)	781	1477
HA|PP755589.1|A/cattle/Texas/24-008749-003/2024(H5N1)	782	1465
HA|PP755589.1|A/cattle/Texas/24-008749-003/2024(H5N1)	783	1476
HA|PP755589.1|A/cattle/Texas/24-008749-003/2024(H5N1)	784	1562
HA|PP755589.1|A/cattle/Texas/24-008749-003/2024(H5N1)	785	1586
HA|PP755589.1|A/cattle/Texas/24-008749-003/2024(H5N1)	786	1580
HA|PP755589.1|A/cattle/Texas/24-008749-003/2024(H5N1)	787	1595
HA|PP755589.1|A/cattle/Texas/24-008749-003/2024(H5N1)	788	1596
HA|PP755589.1|A/cattle/Texas/24-008749-003/2024(H5N1)	789	1584
HA|PP755589.1|A/cattle/Texas/24-008749-003/2024(H5N1)	790	1585
HA|PP755589.1|A/cattle/Texas/24-008749-003/2024(H5N1)	791	1592
HA|PP755589.1|A/cattle/Texas/24-008749-003/2024(H5N1)	792	1620
HA|PP755589.1|A/cattle/Texas/24-008749-003/2024(H5N1)	793	1669
HA|PP755589.1|A/cattle/Texas/24-008749-003/2024(H5N1)	794	1690
HA|PP755589.1|A/cattle/Texas/24-008749-003/2024(H5N1)	795	1690
HA|PP755589.1|A/cattle/Texas/24-008749-003/2024(H5N1)	796	1692
HA|PP755589.1|A/cattle/Texas/24-008749-003/2024(H5N1)	797	1692
HA|PP755589.1|A/cattle/Texas/24-008749-003/2024(H5N1)	798	1692
HA|PP755589.1|A/cattle/Texas/24-008749-003/2024(H5N1)	799	1725
HA|PP755589.1|A/cattle/Texas/24-008749-003/2024(H5N1)	800	1820
HA|PP755589.1|A/cattle/Texas/24-008749-003/2024(H5N1)	801	1835
HA|PP755589.1|A/cattle/Texas/24-008749-003/2024(H5N1)	802	1785
HA|PP755589.1|A/cattle/Texas/24-008749-003/2024(H5N1)	803	1771
HA|PP755589.1|A/cattle/Texas/24-008749-003/2024(H5N1)	804	1777
HA|PP755589.1|A/cattle/Texas/24-008749-003/2024(H5N1)	805	1769
HA|PP755589.1|A/cattle/Texas/24-008749-003/2024(H5N1)	806	1790
HA|PP755589.1|A/cattle/Texas/24-008749-003/2024(H5N1)	807	1795
HA|PP755589.1|A/cattle/Texas/24-008749-003/2024(H5N1)	808	1781
HA|PP755589.1|A/cattle/Texas/24-008749-003/2024(H5N1)	809	1770
HA|PP755589.1|A/cattle/Texas/24-008749-003/2024(H5N1)	810	1745
HA|PP755589.1|A/cattle/Texas/24-008749-003/2024(H5N1)	811	1748
HA|PP755589.1|A/cattle/Texas/24-008749-003/2024(H5N1)	812	1760
HA|PP755589.1|A/cattle/Texas/24-008749-003/2024(H5N1)	813	1761
HA|PP755589.1|A/cattle/Texas/24-008749-003/2024(H5N1)	814	1765
HA|PP755589.1|A/cattle/Texas/24-008749-003/2024(H5N1)	815	1738
HA|PP755589.1|A/cattle/Texas/24-008749-003/2024(H5N1)	816	1735
HA|PP755589.1|A/cattle/Texas/24-008749-003/2024(H5N1)	817	1730
HA|PP755589.1|A/cattle/Texas/24-008749-003/2024(H5N1)	818	1727
HA|PP755589.1|A/cattle/Texas/24-008749-003/2024(H5N1)	819	1727
HA|PP755589.1|A/cattle/Texas/24-008749-003/2024(H5N1)	820	1718
HA|PP755589.1|A/cattle/Texas/24-008749-003/2024(H5N1)	821	1709
HA|PP755589.1|A/cattle/Texas/24-008749-003/2024(H5N1)	822	1664
HA|PP755589.1|A/cattle/Texas/24-008749-003/2024(H5N1)	823	1660
HA|PP755589.1|A/cattle/Texas/24-008749-003/2024(H5N1)	824	1659
HA|PP755589.1|A/cattle/Texas/24-008749-003/2024(H5N1)	825	1659
HA|PP755589.1|A/cattle/Texas/24-008749-003/2024(H5N1)	826	1658
HA|PP755589.1|A/cattle/Texas/24-008749-003/2024(H5N1)	827	1656
HA|PP755589.1|A/cattle/Texas/24-008749-003/2024(H5N1)	828	1661
HA|PP755589.1|A/cattle/Texas/24-008749-003/2024(H5N1)	829	1658
HA|PP755589.1|A/cattle/Texas/24-008749-003/2024(H5N1)	830	1656
HA|PP755589.1|A/cattle/Texas/24-008749-003/2024(H5N1)	831	1659
HA|PP755589.1|A/cattle/Texas/24-008749-003/2024(H5N1)	832	1651
HA|PP755589.1|A/cattle/Texas/24-008749-003/2024(H5N1)	833	1659
HA|PP755589.1|A/cattle/Texas/24-008749-003/2024(H5N1)	834	1658
HA|PP755589.1|A/cattle/Texas/24-008749-003/2024(H5N1)	835	1692
HA|PP755589.1|A/cattle/Texas/24-008749-003/2024(H5N1)	836	1692
HA|PP755589.1|A/cattle/Texas/24-008749-003/2024(H5N1)	837	1686
HA|PP755589.1|A/cattle/Texas/24-008749-003/2024(H5N1)	838	1692
HA|PP755589.1|A/cattle/Texas/24-008749-003/2024(H5N1)	839	1690
HA|PP755589.1|A/cattle/Texas/24-008749-003/2024(H5N1)	840	1682
HA|PP755589.1|A/cattle/Texas/24-008749-003/2024(H5N1)	841	1682
HA|PP755589.1|A/cattle/Texas/24-008749-003/2024(H5N1)	842	1661
HA|PP755589.1|A/cattle/Texas/24-008749-003/2024(H5N1)	843	1667
HA|PP755589.1|A/cattle/Texas/24-008749-003/2024(H5N1)	844	1672
HA|PP755589.1|A/cattle/Texas/24-008749-003/2024(H5N1)	845	1670
HA|PP755589.1|A/cattle/Texas/24-008749-003/2024(H5N1)	846	1668
HA|PP755589.1|A/cattle/Texas/24-008749-003/2024(H5N1)	847	1636
HA|PP755589.1|A/cattle/Texas/24-008749-003/2024(H5N1)	848	1645
HA|PP755589.1|A/cattle/Texas/24-008749-003/2024(H5N1)	849	1659
HA|PP755589.1|A/cattle/Texas/24-008749-003/2024(H5N1)	850	1659
HA|PP755589.1|A/cattle/Texas/24-008749-003/2024(H5N1)	851	1674
HA|PP755589.1|A/cattle/Texas/24-008749-003/2024(H5N1)	852	1666
HA|PP755589.1|A/cattle/Texas/24-008749-003/2024(H5N1)	853	1680
HA|PP755589.1|A/cattle/Texas/24-008749-003/2024(H5N1)	854	1684
HA|PP755589.1|A/cattle/Texas/24-008749-003/2024(H5N1)	855	1690
HA|PP755589.1|A/cattle/Texas/24-008749-003/2024(H5N1)	856	1802
HA|PP755589.1|A/cattle/Texas/24-008749-003/2024(H5N1)	857	1805
HA|PP755589.1|A/cattle/Texas/24-008749-003/2024(H5N1)	858	1807
HA|PP755589.1|A/cattle/Texas/24-008749-003/2024(H5N1)	859	1816
HA|PP755589.1|A/cattle/Texas/24-008749-003/2024(H5N1)	860	1809
HA|PP755589.1|A/cattle/Texas/24-008749-003/2024(H5N1)	861	1806
HA|PP755589.1|A/cattle/Texas/24-008749-003/2024(H5N1)	862	1806
HA|PP755589.1|A/cattle/Texas/24-008749-003/2024(H5N1)	863	1808
HA|PP755589.1|A/cattle/Texas/24-008749-003/2024(H5N1)	864	1746
HA|PP755589.1|A/cattle/Texas/24-008749-003/2024(H5N1)	865	1649
HA|PP755589.1|A/cattle/Texas/24-008749-003/2024(H5N1)	866	1622
HA|PP755589.1|A/cattle/Texas/24-008749-003/2024(H5N1)	867	1646
HA|PP755589.1|A/cattle/Texas/24-008749-003/2024(H5N1)	868	1649
HA|PP755589.1|A/cattle/Texas/24-008749-003/2024(H5N1)	869	1650
HA|PP755589.1|A/cattle/Texas/24-008749-003/2024(H5N1)	870	1642
HA|PP755589.1|A/cattle/Texas/24-008749-003/2024(H5N1)	871	1611
HA|PP755589.1|A/cattle/Texas/24-008749-003/2024(H5N1)	872	1604
HA|PP755589.1|A/cattle/Texas/24-008749-003/2024(H5N1)	873	1602
HA|PP755589.1|A/cattle/Texas/24-008749-003/2024(H5N1)	874	1605
HA|PP755589.1|A/cattle/Texas/24-008749-003/2024(H5N1)	875	1613
HA|PP755589.1|A/cattle/Texas/24-008749-003/2024(H5N1)	876	1582
HA|PP755589.1|A/cattle/Texas/24-008749-003/2024(H5N1)	877	1580
HA|PP755589.1|A/cattle/Texas/24-008749-003/2024(H5N1)	878	1556
HA|PP755589.1|A/cattle/Texas/24-008749-003/2024(H5N1)	879	1557
HA|PP755589.1|A/cattle/Texas/24-008749-003/2024(H5N1)	880	1570
HA|PP755589.1|A/cattle/Texas/24-008749-003/2024(H5N1)	881	1578
HA|PP755589.1|A/cattle/Texas/24-008749-003/2024(H5N1)	882	1565
HA|PP755589.1|A/cattle/Texas/24-008749-003/2024(H5N1)	883	1454
HA|PP755589.1|A/cattle/Texas/24-008749-003/2024(H5N1)	884	1460
HA|PP755589.1|A/cattle/Texas/24-008749-003/2024(H5N1)	885	1464
HA|PP755589.1|A/cattle/Texas/24-008749-003/2024(H5N1)	886	1467
HA|PP755589.1|A/cattle/Texas/24-008749-003/2024(H5N1)	887	1495
HA|PP755589.1|A/cattle/Texas/24-008749-003/2024(H5N1)	888	1496
HA|PP755589.1|A/cattle/Texas/24-008749-003/2024(H5N1)	889	1485
HA|PP755589.1|A/cattle/Texas/24-008749-003/2024(H5N1)	890	1484
HA|PP755589.1|A/cattle/Texas/24-008749-003/2024(H5N1)	891	1483
HA|PP755589.1|A/cattle/Texas/24-008749-003/2024(H5N1)	892	1482
HA|PP755589.1|A/cattle/Texas/24-008749-003/2024(H5N1)	893	1460
HA|PP755589.1|A/cattle/Texas/24-008749-003/2024(H5N1)	894	1439
HA|PP755589.1|A/cattle/Texas/24-008749-003/2024(H5N1)	895	1417
HA|PP755589.1|A/cattle/Texas/24-008749-003/2024(H5N1)	896	1403
HA|PP755589.1|A/cattle/Texas/24-008749-003/2024(H5N1)	897	1371
HA|PP755589.1|A/cattle/Texas/24-008749-003/2024(H5N1)	898	1369
HA|PP755589.1|A/cattle/Texas/24-008749-003/2024(H5N1)	899	1393
HA|PP755589.1|A/cattle/Texas/24-008749-003/2024(H5N1)	900	1396
HA|PP755589.1|A/cattle/Texas/24-008749-003/2024(H5N1)	901	1398
HA|PP755589.1|A/cattle/Texas/24-008749-003/2024(H5N1)	902	1395
HA|PP755589.1|A/cattle/Texas/24-008749-003/2024(H5N1)	903	1400
HA|PP755589.1|A/cattle/Texas/24-008749-003/2024(H5N1)	904	1388
HA|PP755589.1|A/cattle/Texas/24-008749-003/2024(H5N1)	905	1401
HA|PP755589.1|A/cattle/Texas/24-008749-003/2024(H5N1)	906	1404
HA|PP755589.1|A/cattle/Texas/24-008749-003/2024(H5N1)	907	1403
HA|PP755589.1|A/cattle/Texas/24-008749-003/2024(H5N1)	908	1367
HA|PP755589.1|A/cattle/Texas/24-008749-003/2024(H5N1)	909	1369
HA|PP755589.1|A/cattle/Texas/24-008749-003/2024(H5N1)	910	1368
HA|PP755589.1|A/cattle/Texas/24-008749-003/2024(H5N1)	911	1371
HA|PP755589.1|A/cattle/Texas/24-008749-003/2024(H5N1)	912	1357
HA|PP755589.1|A/cattle/Texas/24-008749-003/2024(H5N1)	913	1354
HA|PP755589.1|A/cattle/Texas/24-008749-003/2024(H5N1)	914	1347
HA|PP755589.1|A/cattle/Texas/24-008749-003/2024(H5N1)	915	1346
HA|PP755589.1|A/cattle/Texas/24-008749-003/2024(H5N1)	916	1497
HA|PP755589.1|A/cattle/Texas/24-008749-003/2024(H5N1)	917	1493
HA|PP755589.1|A/cattle/Texas/24-008749-003/2024(H5N1)	918	1490
HA|PP755589.1|A/cattle/Texas/24-008749-003/2024(H5N1)	919	1489
HA|PP755589.1|A/cattle/Texas/24-008749-003/2024(H5N1)	920	1492
HA|PP755589.1|A/cattle/Texas/24-008749-003/2024(H5N1)	921	1503
HA|PP755589.1|A/cattle/Texas/24-008749-003/2024(H5N1)	922	1501
HA|PP755589.1|A/cattle/Texas/24-008749-003/2024(H5N1)	923	1503
HA|PP755589.1|A/cattle/Texas/24-008749-003/2024(H5N1)	924	1513
HA|PP755589.1|A/cattle/Texas/24-008749-003/2024(H5N1)	925	1507
HA|PP755589.1|A/cattle/Texas/24-008749-003/2024(H5N1)	926	1589
HA|PP755589.1|A/cattle/Texas/24-008749-003/2024(H5N1)	927	1604
HA|PP755589.1|A/cattle/Texas/24-008749-003/2024(H5N1)	928	1606
HA|PP755589.1|A/cattle/Texas/24-008749-003/2024(H5N1)	929	1614
HA|PP755589.1|A/cattle/Texas/24-008749-003/2024(H5N1)	930	1616
HA|PP755589.1|A/cattle/Texas/24-008749-003/2024(H5N1)	931	1616
HA|PP755589.1|A/cattle/Texas/24-008749-003/2024(H5N1)	932	1615
HA|PP755589.1|A/cattle/Texas/24-008749-003/2024(H5N1)	933	1613
HA|PP755589.1|A/cattle/Texas/24-008749-003/2024(H5N1)	934	1638
HA|PP755589.1|A/cattle/Texas/24-008749-003/2024(H5N1)	935	1543
HA|PP755589.1|A/cattle/Texas/24-008749-003/2024(H5N1)	936	1523
HA|PP755589.1|A/cattle/Texas/24-008749-003/2024(H5N1)	937	1521
HA|PP755589.1|A/cattle/Texas/24-008749-003/2024(H5N1)	938	1513
HA|PP755589.1|A/cattle/Texas/24-008749-003/2024(H5N1)	939	1517
HA|PP755589.1|A/cattle/Texas/24-008749-003/2024(H5N1)	940	1531
HA|PP755589.1|A/cattle/Texas/24-008749-003/2024(H5N1)	941	1632
HA|PP755589.1|A/cattle/Texas/24-008749-003/2024(H5N1)	942	1624
HA|PP755589.1|A/cattle/Texas/24-008749-003/2024(H5N1)	943	1620
HA|PP755589.1|A/cattle/Texas/24-008749-003/2024(H5N1)	944	1591
HA|PP755589.1|A/cattle/Texas/24-008749-003/2024(H5N1)	945	1578
HA|PP755589.1|A/cattle/Texas/24-008749-003/2024(H5N1)	946	1580
HA|PP755589.1|A/cattle/Texas/24-008749-003/2024(H5N1)	947	1574
HA|PP755589.1|A/cattle/Texas/24-008749-003/2024(H5N1)	948	1575
HA|PP755589.1|A/cattle/Texas/24-008749-003/2024(H5N1)	949	1574
HA|PP755589.1|A/cattle/Texas/24-008749-003/2024(H5N1)	950	1440
HA|PP755589.1|A/cattle/Texas/24-008749-003/2024(H5N1)	951	1451
HA|PP755589.1|A/cattle/Texas/24-008749-003/2024(H5N1)	952	1442
HA|PP755589.1|A/cattle/Texas/24-008749-003/2024(H5N1)	953	1451
HA|PP755589.1|A/cattle/Texas/24-008749-003/2024(H5N1)	954	1468
HA|PP755589.1|A/cattle/Texas/24-008749-003/2024(H5N1)	955	1479
HA|PP755589.1|A/cattle/Texas/24-008749-003/2024(H5N1)	956	1481
HA|PP755589.1|A/cattle/Texas/24-008749-003/2024(H5N1)	957	1473
HA|PP755589.1|A/cattle/Texas/24-008749-003/2024(H5N1)	958	1477
HA|PP755589.1|A/cattle/Texas/24-008749-003/2024(H5N1)	959	1476
HA|PP755589.1|A/cattle/Texas/24-008749-003/2024(H5N1)	960	1504
HA|PP755589.1|A/cattle/Texas/24-008749-003/2024(H5N1)	961	1518
HA|PP755589.1|A/cattle/Texas/24-008749-003/2024(H5N1)	962	1510
HA|PP755589.1|A/cattle/Texas/24-008749-003/2024(H5N1)	963	1506
HA|PP755589.1|A/cattle/Texas/24-008749-003/2024(H5N1)	964	1505
HA|PP755589.1|A/cattle/Texas/24-008749-003/2024(H5N1)	965	1513
HA|PP755589.1|A/cattle/Texas/24-008749-003/2024(H5N1)	966	1513
HA|PP755589.1|A/cattle/Texas/24-008749-003/2024(H5N1)	967	1526
HA|PP755589.1|A/cattle/Texas/24-008749-003/2024(H5N1)	968	1539
HA|PP755589.1|A/cattle/Texas/24-008749-003/2024(H5N1)	969	1540
HA|PP755589.1|A/cattle/Texas/24-008749-003/2024(H5N1)	970	1542
HA|PP755589.1|A/cattle/Texas/24-008749-003/2024(H5N1)	971	1543
HA|PP755589.1|A/cattle/Texas/24-008749-003/2024(H5N1)	972	1544
HA|PP755589.1|A/cattle/Texas/24-008749-003/2024(H5N1)	973	1568
HA|PP755589.1|A/cattle/Texas/24-008749-003/2024(H5N1)	974	1567
HA|PP755589.1|A/cattle/Texas/24-008749-003/2024(H5N1)	975	1571
HA|PP755589.1|A/cattle/Texas/24-008749-003/2024(H5N1)	976	1573
HA|PP755589.1|A/cattle/Texas/24-008749-003/2024(H5N1)	977	1590
HA|PP755589.1|A/cattle/Texas/24-008749-003/2024(H5N1)	978	1591
HA|PP755589.1|A/cattle/Texas/24-008749-003/2024(H5N1)	979	1640
HA|PP755589.1|A/cattle/Texas/24-008749-003/2024(H5N1)	980	1659
HA|PP755589.1|A/cattle/Texas/24-008749-003/2024(H5N1)	981	1661
HA|PP755589.1|A/cattle/Texas/24-008749-003/2024(H5N1)	982	1662
HA|PP755589.1|A/cattle/Texas/24-008749-003/2024(H5N1)	983	1666
HA|PP755589.1|A/cattle/Texas/24-008749-003/2024(H5N1)	984	1688
HA|PP755589.1|A/cattle/Texas/24-008749-003/2024(H5N1)	985	1682
HA|PP755589.1|A/cattle/Texas/24-008749-003/2024(H5N1)	986	1676
HA|PP755589.1|A/cattle/Texas/24-008749-003/2024(H5N1)	987	1678
HA|PP755589.1|A/cattle/Texas/24-008749-003/2024(H5N1)	988	1686
HA|PP755589.1|A/cattle/Texas/24-008749-003/2024(H5N1)	989	1716
HA|PP755589.1|A/cattle/Texas/24-008749-003/2024(H5N1)	990	1716
HA|PP755589.1|A/cattle/Texas/24-008749-003/2024(H5N1)	991	1726
HA|PP755589.1|A/cattle/Texas/24-008749-003/2024(H5N1)	992	1720
HA|PP755589.1|A/cattle/Texas/24-008749-003/2024(H5N1)	993	1706
HA|PP755589.1|A/cattle/Texas/24-008749-003/2024(H5N1)	994	1716
HA|PP755589.1|A/cattle/Texas/24-008749-003/2024(H5N1)	995	1715
HA|PP755589.1|A/cattle/Texas/24-008749-003/2024(H5N1)	996	1727
HA|PP755589.1|A/cattle/Texas/24-008749-003/2024(H5N1)	997	1721
HA|PP755589.1|A/cattle/Texas/24-008749-003/2024(H5N1)	998	1700
HA|PP755589.1|A/cattle/Texas/24-008749-003/2024(H5N1)	999	1704
HA|PP755589.1|A/cattle/Texas/24-008749-003/2024(H5N1)	1000	1701
HA|PP755589.1|A/cattle/Texas/24-008749-003/2024(H5N1)	1001	1713
HA|PP755589.1|A/cattle/Texas/24-008749-003/2024(H5N1)	1002	1703
HA|PP755589.1|A/cattle/Texas/24-008749-003/2024(H5N1)	1003	1691
HA|PP755589.1|A/cattle/Texas/24-008749-003/2024(H5N1)	1004	1687
HA|PP755589.1|A/cattle/Texas/24-008749-003/2024(H5N1)	1005	1672
HA|PP755589.1|A/cattle/Texas/24-008749-003/2024(H5N1)	1006	1662
HA|PP755589.1|A/cattle/Texas/24-008749-003/2024(H5N1)	1007	1564
HA|PP755589.1|A/cattle/Texas/24-008749-003/2024(H5N1)	1008	1567
HA|PP755589.1|A/cattle/Texas/24-008749-003/2024(H5N1)	1009	1567
HA|PP755589.1|A/cattle/Texas/24-008749-003/2024(H5N1)	1010	1551
HA|PP755589.1|A/cattle/Texas/24-008749-003/2024(H5N1)	1011	1528
HA|PP755589.1|A/cattle/Texas/24-008749-003/2024(H5N1)	1012	1504
HA|PP755589.1|A/cattle/Texas/24-008749-003/2024(H5N1)	1013	1503
HA|PP755589.1|A/cattle/Texas/24-008749-003/2024(H5N1)	1014	1506
HA|PP755589.1|A/cattle/Texas/24-008749-003/2024(H5N1)	1015	1510
HA|PP755589.1|A/cattle/Texas/24-008749-003/2024(H5N1)	1016	1517
HA|PP755589.1|A/cattle/Texas/24-008749-003/2024(H5N1)	1017	1518
HA|PP755589.1|A/cattle/Texas/24-008749-003/2024(H5N1)	1018	1482
HA|PP755589.1|A/cattle/Texas/24-008749-003/2024(H5N1)	1019	1478
HA|PP755589.1|A/cattle/Texas/24-008749-003/2024(H5N1)	1020	1477
HA|PP755589.1|A/cattle/Texas/24-008749-003/2024(H5N1)	1021	1479
HA|PP755589.1|A/cattle/Texas/24-008749-003/2024(H5N1)	1022	1478
HA|PP755589.1|A/cattle/Texas/24-008749-003/2024(H5N1)	1023	1479
HA|PP755589.1|A/cattle/Texas/24-008749-003/2024(H5N1)	1024	1486
HA|PP755589.1|A/cattle/Texas/24-008749-003/2024(H5N1)	1025	1487
HA|PP755589.1|A/cattle/Texas/24-008749-003/2024(H5N1)	1026	1483
HA|PP755589.1|A/cattle/Texas/24-008749-003/2024(H5N1)	1027	1480
HA|PP755589.1|A/cattle/Texas/24-008749-003/2024(H5N1)	1028	1484
HA|PP755589.1|A/cattle/Texas/24-008749-003/2024(H5N1)	1029	1502
HA|PP755589.1|A/cattle/Texas/24-008749-003/2024(H5N1)	1030	1500
HA|PP755589.1|A/cattle/Texas/24-008749-003/2024(H5N1)	1031	1489
HA|PP755589.1|A/cattle/Texas/24-008749-003/2024(H5N1)	1032	1486
HA|PP755589.1|A/cattle/Texas/24-008749-003/2024(H5N1)	1033	1485
HA|PP755589.1|A/cattle/Texas/24-008749-003/2024(H5N1)	1034	1485
HA|PP755589.1|A/cattle/Texas/24-008749-003/2024(H5N1)	1035	1495
HA|PP755589.1|A/cattle/Texas/24-008749-003/2024(H5N1)	1036	1501
HA|PP755589.1|A/cattle/Texas/24-008749-003/2024(H5N1)	1037	1512
HA|PP755589.1|A/cattle/Texas/24-008749-003/2024(H5N1)	1038	1483
HA|PP755589.1|A/cattle/Texas/24-008749-003/2024(H5N1)	1039	1502
HA|PP755589.1|A/cattle/Texas/24-008749-003/2024(H5N1)	1040	1501
HA|PP755589.1|A/cattle/Texas/24-008749-003/2024(H5N1)	1041	1536
HA|PP755589.1|A/cattle/Texas/24-008749-003/2024(H5N1)	1042	1538
HA|PP755589.1|A/cattle/Texas/24-008749-003/2024(H5N1)	1043	1538
HA|PP755589.1|A/cattle/Texas/24-008749-003/2024(H5N1)	1044	1540
HA|PP755589.1|A/cattle/Texas/24-008749-003/2024(H5N1)	1045	1517
HA|PP755589.1|A/cattle/Texas/24-008749-003/2024(H5N1)	1046	1519
HA|PP755589.1|A/cattle/Texas/24-008749-003/2024(H5N1)	1047	1553
HA|PP755589.1|A/cattle/Texas/24-008749-003/2024(H5N1)	1048	1556
HA|PP755589.1|A/cattle/Texas/24-008749-003/2024(H5N1)	1049	1552
HA|PP755589.1|A/cattle/Texas/24-008749-003/2024(H5N1)	1050	1510
HA|PP755589.1|A/cattle/Texas/24-008749-003/2024(H5N1)	1051	1557
HA|PP755589.1|A/cattle/Texas/24-008749-003/2024(H5N1)	1052	1569
HA|PP755589.1|A/cattle/Texas/24-008749-003/2024(H5N1)	1053	1636
HA|PP755589.1|A/cattle/Texas/24-008749-003/2024(H5N1)	1054	1635
HA|PP755589.1|A/cattle/Texas/24-008749-003/2024(H5N1)	1055	1622
HA|PP755589.1|A/cattle/Texas/24-008749-003/2024(H5N1)	1056	1620
HA|PP755589.1|A/cattle/Texas/24-008749-003/2024(H5N1)	1057	1742
HA|PP755589.1|A/cattle/Texas/24-008749-003/2024(H5N1)	1058	1911
HA|PP755589.1|A/cattle/Texas/24-008749-003/2024(H5N1)	1059	1923
HA|PP755589.1|A/cattle/Texas/24-008749-003/2024(H5N1)	1060	1911
HA|PP755589.1|A/cattle/Texas/24-008749-003/2024(H5N1)	1061	1906
HA|PP755589.1|A/cattle/Texas/24-008749-003/2024(H5N1)	1062	1910
HA|PP755589.1|A/cattle/Texas/24-008749-003/2024(H5N1)	1063	1923
HA|PP755589.1|A/cattle/Texas/24-008749-003/2024(H5N1)	1064	1925
HA|PP755589.1|A/cattle/Texas/24-008749-003/2024(H5N1)	1065	1924
HA|PP755589.1|A/cattle/Texas/24-008749-003/2024(H5N1)	1066	1930
HA|PP755589.1|A/cattle/Texas/24-008749-003/2024(H5N1)	1067	1770
HA|PP755589.1|A/cattle/Texas/24-008749-003/2024(H5N1)	1068	1766
HA|PP755589.1|A/cattle/Texas/24-008749-003/2024(H5N1)	1069	1774
HA|PP755589.1|A/cattle/Texas/24-008749-003/2024(H5N1)	1070	1793
HA|PP755589.1|A/cattle/Texas/24-008749-003/2024(H5N1)	1071	1784
HA|PP755589.1|A/cattle/Texas/24-008749-003/2024(H5N1)	1072	1791
HA|PP755589.1|A/cattle/Texas/24-008749-003/2024(H5N1)	1073	1791
HA|PP755589.1|A/cattle/Texas/24-008749-003/2024(H5N1)	1074	1797
HA|PP755589.1|A/cattle/Texas/24-008749-003/2024(H5N1)	1075	1811
HA|PP755589.1|A/cattle/Texas/24-008749-003/2024(H5N1)	1076	1819
HA|PP755589.1|A/cattle/Texas/24-008749-003/2024(H5N1)	1077	1757
HA|PP755589.1|A/cattle/Texas/24-008749-003/2024(H5N1)	1078	1740
HA|PP755589.1|A/cattle/Texas/24-008749-003/2024(H5N1)	1079	1735
HA|PP755589.1|A/cattle/Texas/24-008749-003/2024(H5N1)	1080	1757
HA|PP755589.1|A/cattle/Texas/24-008749-003/2024(H5N1)	1081	1761
HA|PP755589.1|A/cattle/Texas/24-008749-003/2024(H5N1)	1082	1781
HA|PP755589.1|A/cattle/Texas/24-008749-003/2024(H5N1)	1083	1780
HA|PP755589.1|A/cattle/Texas/24-008749-003/2024(H5N1)	1084	1773
HA|PP755589.1|A/cattle/Texas/24-008749-003/2024(H5N1)	1085	1749
HA|PP755589.1|A/cattle/Texas/24-008749-003/2024(H5N1)	1086	1777
HA|PP755589.1|A/cattle/Texas/24-008749-003/2024(H5N1)	1087	1806
HA|PP755589.1|A/cattle/Texas/24-008749-003/2024(H5N1)	1088	1809
HA|PP755589.1|A/cattle/Texas/24-008749-003/2024(H5N1)	1089	1802
HA|PP755589.1|A/cattle/Texas/24-008749-003/2024(H5N1)	1090	1799
HA|PP755589.1|A/cattle/Texas/24-008749-003/2024(H5N1)	1091	1851
HA|PP755589.1|A/cattle/Texas/24-008749-003/2024(H5N1)	1092	1765
HA|PP755589.1|A/cattle/Texas/24-008749-003/2024(H5N1)	1093	1782
HA|PP755589.1|A/cattle/Texas/24-008749-003/2024(H5N1)	1094	1782
HA|PP755589.1|A/cattle/Texas/24-008749-003/2024(H5N1)	1095	1770
HA|PP755589.1|A/cattle/Texas/24-008749-003/2024(H5N1)	1096	1759
HA|PP755589.1|A/cattle/Texas/24-008749-003/2024(H5N1)	1097	1801
HA|PP755589.1|A/cattle/Texas/24-008749-003/2024(H5N1)	1098	1838
HA|PP755589.1|A/cattle/Texas/24-008749-003/2024(H5N1)	1099	1855
HA|PP755589.1|A/cattle/Texas/24-008749-003/2024(H5N1)	1100	1868
HA|PP755589.1|A/cattle/Texas/24-008749-003/2024(H5N1)	1101	1872
HA|PP755589.1|A/cattle/Texas/24-008749-003/2024(H5N1)	1102	1944
HA|PP755589.1|A/cattle/Texas/24-008749-003/2024(H5N1)	1103	1967
HA|PP755589.1|A/cattle/Texas/24-008749-003/2024(H5N1)	1104	1962
HA|PP755589.1|A/cattle/Texas/24-008749-003/2024(H5N1)	1105	1946
HA|PP755589.1|A/cattle/Texas/24-008749-003/2024(H5N1)	1106	1919
HA|PP755589.1|A/cattle/Texas/24-008749-003/2024(H5N1)	1107	1942
HA|PP755589.1|A/cattle/Texas/24-008749-003/2024(H5N1)	1108	1958
HA|PP755589.1|A/cattle/Texas/24-008749-003/2024(H5N1)	1109	1958
HA|PP755589.1|A/cattle/Texas/24-008749-003/2024(H5N1)	1110	2034
HA|PP755589.1|A/cattle/Texas/24-008749-003/2024(H5N1)	1111	2007
HA|PP755589.1|A/cattle/Texas/24-008749-003/2024(H5N1)	1112	1988
HA|PP755589.1|A/cattle/Texas/24-008749-003/2024(H5N1)	1113	1996
HA|PP755589.1|A/cattle/Texas/24-008749-003/2024(H5N1)	1114	1987
HA|PP755589.1|A/cattle/Texas/24-008749-003/2024(H5N1)	1115	2037
HA|PP755589.1|A/cattle/Texas/24-008749-003/2024(H5N1)	1116	2021
HA|PP755589.1|A/cattle/Texas/24-008749-003/2024(H5N1)	1117	2015
HA|PP755589.1|A/cattle/Texas/24-008749-003/2024(H5N1)	1118	2016
HA|PP755589.1|A/cattle/Texas/24-008749-003/2024(H5N1)	1119	1997
HA|PP755589.1|A/cattle/Texas/24-008749-003/2024(H5N1)	1120	2148
HA|PP755589.1|A/cattle/Texas/24-008749-003/2024(H5N1)	1121	2299
HA|PP755589.1|A/cattle/Texas/24-008749-003/2024(H5N1)	1122	2353
HA|PP755589.1|A/cattle/Texas/24-008749-003/2024(H5N1)	1123	2361
HA|PP755589.1|A/cattle/Texas/24-008749-003/2024(H5N1)	1124	2332
HA|PP755589.1|A/cattle/Texas/24-008749-003/2024(H5N1)	1125	2403
HA|PP755589.1|A/cattle/Texas/24-008749-003/2024(H5N1)	1126	2410
HA|PP755589.1|A/cattle/Texas/24-008749-003/2024(H5N1)	1127	2448
HA|PP755589.1|A/cattle/Texas/24-008749-003/2024(H5N1)	1128	2448
HA|PP755589.1|A/cattle/Texas/24-008749-003/2024(H5N1)	1129	2408
HA|PP755589.1|A/cattle/Texas/24-008749-003/2024(H5N1)	1130	2489
HA|PP755589.1|A/cattle/Texas/24-008749-003/2024(H5N1)	1131	2501
HA|PP755589.1|A/cattle/Texas/24-008749-003/2024(H5N1)	1132	2532
HA|PP755589.1|A/cattle/Texas/24-008749-003/2024(H5N1)	1133	2560
HA|PP755589.1|A/cattle/Texas/24-008749-003/2024(H5N1)	1134	2563
HA|PP755589.1|A/cattle/Texas/24-008749-003/2024(H5N1)	1135	2535
HA|PP755589.1|A/cattle/Texas/24-008749-003/2024(H5N1)	1136	2528
HA|PP755589.1|A/cattle/Texas/24-008749-003/2024(H5N1)	1137	2512
HA|PP755589.1|A/cattle/Texas/24-008749-003/2024(H5N1)	1138	2520
HA|PP755589.1|A/cattle/Texas/24-008749-003/2024(H5N1)	1139	2517
HA|PP755589.1|A/cattle/Texas/24-008749-003/2024(H5N1)	1140	2480
HA|PP755589.1|A/cattle/Texas/24-008749-003/2024(H5N1)	1141	2491
HA|PP755589.1|A/cattle/Texas/24-008749-003/2024(H5N1)	1142	2473
HA|PP755589.1|A/cattle/Texas/24-008749-003/2024(H5N1)	1143	2478
HA|PP755589.1|A/cattle/Texas/24-008749-003/2024(H5N1)	1144	2511
HA|PP755589.1|A/cattle/Texas/24-008749-003/2024(H5N1)	1145	2501
HA|PP755589.1|A/cattle/Texas/24-008749-003/2024(H5N1)	1146	2514
HA|PP755589.1|A/cattle/Texas/24-008749-003/2024(H5N1)	1147	2508
HA|PP755589.1|A/cattle/Texas/24-008749-003/2024(H5N1)	1148	2508
HA|PP755589.1|A/cattle/Texas/24-008749-003/2024(H5N1)	1149	2508
HA|PP755589.1|A/cattle/Texas/24-008749-003/2024(H5N1)	1150	2528
HA|PP755589.1|A/cattle/Texas/24-008749-003/2024(H5N1)	1151	2531
HA|PP755589.1|A/cattle/Texas/24-008749-003/2024(H5N1)	1152	2514
HA|PP755589.1|A/cattle/Texas/24-008749-003/2024(H5N1)	1153	2521
HA|PP755589.1|A/cattle/Texas/24-008749-003/2024(H5N1)	1154	2530
HA|PP755589.1|A/cattle/Texas/24-008749-003/2024(H5N1)	1155	2531
HA|PP755589.1|A/cattle/Texas/24-008749-003/2024(H5N1)	1156	2573
HA|PP755589.1|A/cattle/Texas/24-008749-003/2024(H5N1)	1157	2601
HA|PP755589.1|A/cattle/Texas/24-008749-003/2024(H5N1)	1158	2601
HA|PP755589.1|A/cattle/Texas/24-008749-003/2024(H5N1)	1159	2589
HA|PP755589.1|A/cattle/Texas/24-008749-003/2024(H5N1)	1160	2588
HA|PP755589.1|A/cattle/Texas/24-008749-003/2024(H5N1)	1161	2593
HA|PP755589.1|A/cattle/Texas/24-008749-003/2024(H5N1)	1162	2593
HA|PP755589.1|A/cattle/Texas/24-008749-003/2024(H5N1)	1163	2604
HA|PP755589.1|A/cattle/Texas/24-008749-003/2024(H5N1)	1164	2626
HA|PP755589.1|A/cattle/Texas/24-008749-003/2024(H5N1)	1165	2716
HA|PP755589.1|A/cattle/Texas/24-008749-003/2024(H5N1)	1166	2700
HA|PP755589.1|A/cattle/Texas/24-008749-003/2024(H5N1)	1167	2702
HA|PP755589.1|A/cattle/Texas/24-008749-003/2024(H5N1)	1168	2725
HA|PP755589.1|A/cattle/Texas/24-008749-003/2024(H5N1)	1169	2767
HA|PP755589.1|A/cattle/Texas/24-008749-003/2024(H5N1)	1170	2771
HA|PP755589.1|A/cattle/Texas/24-008749-003/2024(H5N1)	1171	2772
HA|PP755589.1|A/cattle/Texas/24-008749-003/2024(H5N1)	1172	2838
HA|PP755589.1|A/cattle/Texas/24-008749-003/2024(H5N1)	1173	2837
HA|PP755589.1|A/cattle/Texas/24-008749-003/2024(H5N1)	1174	2829
HA|PP755589.1|A/cattle/Texas/24-008749-003/2024(H5N1)	1175	2916
HA|PP755589.1|A/cattle/Texas/24-008749-003/2024(H5N1)	1176	2904
HA|PP755589.1|A/cattle/Texas/24-008749-003/2024(H5N1)	1177	2956
HA|PP755589.1|A/cattle/Texas/24-008749-003/2024(H5N1)	1178	2979
HA|PP755589.1|A/cattle/Texas/24-008749-003/2024(H5N1)	1179	2983
HA|PP755589.1|A/cattle/Texas/24-008749-003/2024(H5N1)	1180	2987
HA|PP755589.1|A/cattle/Texas/24-008749-003/2024(H5N1)	1181	3037
HA|PP755589.1|A/cattle/Texas/24-008749-003/2024(H5N1)	1182	3051
HA|PP755589.1|A/cattle/Texas/24-008749-003/2024(H5N1)	1183	3066
HA|PP755589.1|A/cattle/Texas/24-008749-003/2024(H5N1)	1184	3042
HA|PP755589.1|A/cattle/Texas/24-008749-003/2024(H5N1)	1185	3073
HA|PP755589.1|A/cattle/Texas/24-008749-003/2024(H5N1)	1186	3072
HA|PP755589.1|A/cattle/Texas/24-008749-003/2024(H5N1)	1187	3058
HA|PP755589.1|A/cattle/Texas/24-008749-003/2024(H5N1)	1188	3141
HA|PP755589.1|A/cattle/Texas/24-008749-003/2024(H5N1)	1189	3147
HA|PP755589.1|A/cattle/Texas/24-008749-003/2024(H5N1)	1190	3114
HA|PP755589.1|A/cattle/Texas/24-008749-003/2024(H5N1)	1191	3090
HA|PP755589.1|A/cattle/Texas/24-008749-003/2024(H5N1)	1192	3095
HA|PP755589.1|A/cattle/Texas/24-008749-003/2024(H5N1)	1193	3163
HA|PP755589.1|A/cattle/Texas/24-008749-003/2024(H5N1)	1194	3178
HA|PP755589.1|A/cattle/Texas/24-008749-003/2024(H5N1)	1195	3174
HA|PP755589.1|A/cattle/Texas/24-008749-003/2024(H5N1)	1196	3149
HA|PP755589.1|A/cattle/Texas/24-008749-003/2024(H5N1)	1197	3110
HA|PP755589.1|A/cattle/Texas/24-008749-003/2024(H5N1)	1198	3131
HA|PP755589.1|A/cattle/Texas/24-008749-003/2024(H5N1)	1199	3122
HA|PP755589.1|A/cattle/Texas/24-008749-003/2024(H5N1)	1200	3134
HA|PP755589.1|A/cattle/Texas/24-008749-003/2024(H5N1)	1201	3134
HA|PP755589.1|A/cattle/Texas/24-008749-003/2024(H5N1)	1202	3082
HA|PP755589.1|A/cattle/Texas/24-008749-003/2024(H5N1)	1203	3072
HA|PP755589.1|A/cattle/Texas/24-008749-003/2024(H5N1)	1204	3079
HA|PP755589.1|A/cattle/Texas/24-008749-003/2024(H5N1)	1205	3096
HA|PP755589.1|A/cattle/Texas/24-008749-003/2024(H5N1)	1206	3107
HA|PP755589.1|A/cattle/Texas/24-008749-003/2024(H5N1)	1207	3091
HA|PP755589.1|A/cattle/Texas/24-008749-003/2024(H5N1)	1208	2973
HA|PP755589.1|A/cattle/Texas/24-008749-003/2024(H5N1)	1209	2853
HA|PP755589.1|A/cattle/Texas/24-008749-003/2024(H5N1)	1210	2849
HA|PP755589.1|A/cattle/Texas/24-008749-003/2024(H5N1)	1211	2866
HA|PP755589.1|A/cattle/Texas/24-008749-003/2024(H5N1)	1212	2866
HA|PP755589.1|A/cattle/Texas/24-008749-003/2024(H5N1)	1213	2962
HA|PP755589.1|A/cattle/Texas/24-008749-003/2024(H5N1)	1214	2953
HA|PP755589.1|A/cattle/Texas/24-008749-003/2024(H5N1)	1215	2980
HA|PP755589.1|A/cattle/Texas/24-008749-003/2024(H5N1)	1216	2975
HA|PP755589.1|A/cattle/Texas/24-008749-003/2024(H5N1)	1217	3004
HA|PP755589.1|A/cattle/Texas/24-008749-003/2024(H5N1)	1218	3000
HA|PP755589.1|A/cattle/Texas/24-008749-003/2024(H5N1)	1219	3013
HA|PP755589.1|A/cattle/Texas/24-008749-003/2024(H5N1)	1220	3014
HA|PP755589.1|A/cattle/Texas/24-008749-003/2024(H5N1)	1221	3060
HA|PP755589.1|A/cattle/Texas/24-008749-003/2024(H5N1)	1222	3056
HA|PP755589.1|A/cattle/Texas/24-008749-003/2024(H5N1)	1223	3048
HA|PP755589.1|A/cattle/Texas/24-008749-003/2024(H5N1)	1224	3042
HA|PP755589.1|A/cattle/Texas/24-008749-003/2024(H5N1)	1225	3040
HA|PP755589.1|A/cattle/Texas/24-008749-003/2024(H5N1)	1226	3016
HA|PP755589.1|A/cattle/Texas/24-008749-003/2024(H5N1)	1227	3007
HA|PP755589.1|A/cattle/Texas/24-008749-003/2024(H5N1)	1228	2997
HA|PP755589.1|A/cattle/Texas/24-008749-003/2024(H5N1)	1229	3042
HA|PP755589.1|A/cattle/Texas/24-008749-003/2024(H5N1)	1230	3027
HA|PP755589.1|A/cattle/Texas/24-008749-003/2024(H5N1)	1231	3147
HA|PP755589.1|A/cattle/Texas/24-008749-003/2024(H5N1)	1232	3156
HA|PP755589.1|A/cattle/Texas/24-008749-003/2024(H5N1)	1233	3136
HA|PP755589.1|A/cattle/Texas/24-008749-003/2024(H5N1)	1234	3149
HA|PP755589.1|A/cattle/Texas/24-008749-003/2024(H5N1)	1235	3159
HA|PP755589.1|A/cattle/Texas/24-008749-003/2024(H5N1)	1236	3181
HA|PP755589.1|A/cattle/Texas/24-008749-003/2024(H5N1)	1237	3142
HA|PP755589.1|A/cattle/Texas/24-008749-003/2024(H5N1)	1238	3112
HA|PP755589.1|A/cattle/Texas/24-008749-003/2024(H5N1)	1239	3146
HA|PP755589.1|A/cattle/Texas/24-008749-003/2024(H5N1)	1240	3195
HA|PP755589.1|A/cattle/Texas/24-008749-003/2024(H5N1)	1241	3114
HA|PP755589.1|A/cattle/Texas/24-008749-003/2024(H5N1)	1242	3157
HA|PP755589.1|A/cattle/Texas/24-008749-003/2024(H5N1)	1243	3155
HA|PP755589.1|A/cattle/Texas/24-008749-003/2024(H5N1)	1244	3140
HA|PP755589.1|A/cattle/Texas/24-008749-003/2024(H5N1)	1245	3165
HA|PP755589.1|A/cattle/Texas/24-008749-003/2024(H5N1)	1246	3165
HA|PP755589.1|A/cattle/Texas/24-008749-003/2024(H5N1)	1247	3161
HA|PP755589.1|A/cattle/Texas/24-008749-003/2024(H5N1)	1248	3116
HA|PP755589.1|A/cattle/Texas/24-008749-003/2024(H5N1)	1249	3045
HA|PP755589.1|A/cattle/Texas/24-008749-003/2024(H5N1)	1250	3074
HA|PP755589.1|A/cattle/Texas/24-008749-003/2024(H5N1)	1251	3029
HA|PP755589.1|A/cattle/Texas/24-008749-003/2024(H5N1)	1252	3018
HA|PP755589.1|A/cattle/Texas/24-008749-003/2024(H5N1)	1253	3019
HA|PP755589.1|A/cattle/Texas/24-008749-003/2024(H5N1)	1254	2986
HA|PP755589.1|A/cattle/Texas/24-008749-003/2024(H5N1)	1255	2999
HA|PP755589.1|A/cattle/Texas/24-008749-003/2024(H5N1)	1256	3020
HA|PP755589.1|A/cattle/Texas/24-008749-003/2024(H5N1)	1257	3039
HA|PP755589.1|A/cattle/Texas/24-008749-003/2024(H5N1)	1258	3010
HA|PP755589.1|A/cattle/Texas/24-008749-003/2024(H5N1)	1259	3013
HA|PP755589.1|A/cattle/Texas/24-008749-003/2024(H5N1)	1260	3036
HA|PP755589.1|A/cattle/Texas/24-008749-003/2024(H5N1)	1261	2979
HA|PP755589.1|A/cattle/Texas/24-008749-003/2024(H5N1)	1262	3037
HA|PP755589.1|A/cattle/Texas/24-008749-003/2024(H5N1)	1263	3119
HA|PP755589.1|A/cattle/Texas/24-008749-003/2024(H5N1)	1264	3125
HA|PP755589.1|A/cattle/Texas/24-008749-003/2024(H5N1)	1265	3087
HA|PP755589.1|A/cattle/Texas/24-008749-003/2024(H5N1)	1266	3029
HA|PP755589.1|A/cattle/Texas/24-008749-003/2024(H5N1)	1267	2991
HA|PP755589.1|A/cattle/Texas/24-008749-003/2024(H5N1)	1268	2986
HA|PP755589.1|A/cattle/Texas/24-008749-003/2024(H5N1)	1269	2995
HA|PP755589.1|A/cattle/Texas/24-008749-003/2024(H5N1)	1270	3155
HA|PP755589.1|A/cattle/Texas/24-008749-003/2024(H5N1)	1271	2990
HA|PP755589.1|A/cattle/Texas/24-008749-003/2024(H5N1)	1272	2979
HA|PP755589.1|A/cattle/Texas/24-008749-003/2024(H5N1)	1273	2941
HA|PP755589.1|A/cattle/Texas/24-008749-003/2024(H5N1)	1274	3007
HA|PP755589.1|A/cattle/Texas/24-008749-003/2024(H5N1)	1275	3016
HA|PP755589.1|A/cattle/Texas/24-008749-003/2024(H5N1)	1276	2946
HA|PP755589.1|A/cattle/Texas/24-008749-003/2024(H5N1)	1277	2937
HA|PP755589.1|A/cattle/Texas/24-008749-003/2024(H5N1)	1278	2886
HA|PP755589.1|A/cattle/Texas/24-008749-003/2024(H5N1)	1279	3052
HA|PP755589.1|A/cattle/Texas/24-008749-003/2024(H5N1)	1280	3049
HA|PP755589.1|A/cattle/Texas/24-008749-003/2024(H5N1)	1281	2978
HA|PP755589.1|A/cattle/Texas/24-008749-003/2024(H5N1)	1282	2956
HA|PP755589.1|A/cattle/Texas/24-008749-003/2024(H5N1)	1283	2922
HA|PP755589.1|A/cattle/Texas/24-008749-003/2024(H5N1)	1284	2889
HA|PP755589.1|A/cattle/Texas/24-008749-003/2024(H5N1)	1285	2908
HA|PP755589.1|A/cattle/Texas/24-008749-003/2024(H5N1)	1286	2924
HA|PP755589.1|A/cattle/Texas/24-008749-003/2024(H5N1)	1287	2923
HA|PP755589.1|A/cattle/Texas/24-008749-003/2024(H5N1)	1288	2966
HA|PP755589.1|A/cattle/Texas/24-008749-003/2024(H5N1)	1289	2962
HA|PP755589.1|A/cattle/Texas/24-008749-003/2024(H5N1)	1290	2957
HA|PP755589.1|A/cattle/Texas/24-008749-003/2024(H5N1)	1291	2963
HA|PP755589.1|A/cattle/Texas/24-008749-003/2024(H5N1)	1292	3030
HA|PP755589.1|A/cattle/Texas/24-008749-003/2024(H5N1)	1293	3061
HA|PP755589.1|A/cattle/Texas/24-008749-003/2024(H5N1)	1294	3045
HA|PP755589.1|A/cattle/Texas/24-008749-003/2024(H5N1)	1295	3063
HA|PP755589.1|A/cattle/Texas/24-008749-003/2024(H5N1)	1296	3073
HA|PP755589.1|A/cattle/Texas/24-008749-003/2024(H5N1)	1297	3067
HA|PP755589.1|A/cattle/Texas/24-008749-003/2024(H5N1)	1298	3129
HA|PP755589.1|A/cattle/Texas/24-008749-003/2024(H5N1)	1299	3160
HA|PP755589.1|A/cattle/Texas/24-008749-003/2024(H5N1)	1300	3142
HA|PP755589.1|A/cattle/Texas/24-008749-003/2024(H5N1)	1301	3138
HA|PP755589.1|A/cattle/Texas/24-008749-003/2024(H5N1)	1302	3136
HA|PP755589.1|A/cattle/Texas/24-008749-003/2024(H5N1)	1303	3141
HA|PP755589.1|A/cattle/Texas/24-008749-003/2024(H5N1)	1304	3147
HA|PP755589.1|A/cattle/Texas/24-008749-003/2024(H5N1)	1305	3215
HA|PP755589.1|A/cattle/Texas/24-008749-003/2024(H5N1)	1306	3224
HA|PP755589.1|A/cattle/Texas/24-008749-003/2024(H5N1)	1307	3181
HA|PP755589.1|A/cattle/Texas/24-008749-003/2024(H5N1)	1308	3157
HA|PP755589.1|A/cattle/Texas/24-008749-003/2024(H5N1)	1309	3153
HA|PP755589.1|A/cattle/Texas/24-008749-003/2024(H5N1)	1310	3180
HA|PP755589.1|A/cattle/Texas/24-008749-003/2024(H5N1)	1311	3207
HA|PP755589.1|A/cattle/Texas/24-008749-003/2024(H5N1)	1312	3197
HA|PP755589.1|A/cattle/Texas/24-008749-003/2024(H5N1)	1313	3207
HA|PP755589.1|A/cattle/Texas/24-008749-003/2024(H5N1)	1314	3285
HA|PP755589.1|A/cattle/Texas/24-008749-003/2024(H5N1)	1315	3268
HA|PP755589.1|A/cattle/Texas/24-008749-003/2024(H5N1)	1316	3251
HA|PP755589.1|A/cattle/Texas/24-008749-003/2024(H5N1)	1317	3253
HA|PP755589.1|A/cattle/Texas/24-008749-003/2024(H5N1)	1318	3249
HA|PP755589.1|A/cattle/Texas/24-008749-003/2024(H5N1)	1319	3294
HA|PP755589.1|A/cattle/Texas/24-008749-003/2024(H5N1)	1320	3252
HA|PP755589.1|A/cattle/Texas/24-008749-003/2024(H5N1)	1321	3247
HA|PP755589.1|A/cattle/Texas/24-008749-003/2024(H5N1)	1322	3239
HA|PP755589.1|A/cattle/Texas/24-008749-003/2024(H5N1)	1323	3164
HA|PP755589.1|A/cattle/Texas/24-008749-003/2024(H5N1)	1324	3169
HA|PP755589.1|A/cattle/Texas/24-008749-003/2024(H5N1)	1325	3198
HA|PP755589.1|A/cattle/Texas/24-008749-003/2024(H5N1)	1326	3144
HA|PP755589.1|A/cattle/Texas/24-008749-003/2024(H5N1)	1327	3138
HA|PP755589.1|A/cattle/Texas/24-008749-003/2024(H5N1)	1328	3134
HA|PP755589.1|A/cattle/Texas/24-008749-003/2024(H5N1)	1329	3140
HA|PP755589.1|A/cattle/Texas/24-008749-003/2024(H5N1)	1330	3075
HA|PP755589.1|A/cattle/Texas/24-008749-003/2024(H5N1)	1331	3074
HA|PP755589.1|A/cattle/Texas/24-008749-003/2024(H5N1)	1332	3075
HA|PP755589.1|A/cattle/Texas/24-008749-003/2024(H5N1)	1333	3062
HA|PP755589.1|A/cattle/Texas/24-008749-003/2024(H5N1)	1334	3057
HA|PP755589.1|A/cattle/Texas/24-008749-003/2024(H5N1)	1335	3117
HA|PP755589.1|A/cattle/Texas/24-008749-003/2024(H5N1)	1336	3095
HA|PP755589.1|A/cattle/Texas/24-008749-003/2024(H5N1)	1337	3136
HA|PP755589.1|A/cattle/Texas/24-008749-003/2024(H5N1)	1338	3054
HA|PP755589.1|A/cattle/Texas/24-008749-003/2024(H5N1)	1339	3055
HA|PP755589.1|A/cattle/Texas/24-008749-003/2024(H5N1)	1340	3055
HA|PP755589.1|A/cattle/Texas/24-008749-003/2024(H5N1)	1341	3052
HA|PP755589.1|A/cattle/Texas/24-008749-003/2024(H5N1)	1342	3060
HA|PP755589.1|A/cattle/Texas/24-008749-003/2024(H5N1)	1343	3055
HA|PP755589.1|A/cattle/Texas/24-008749-003/2024(H5N1)	1344	3000
HA|PP755589.1|A/cattle/Texas/24-008749-003/2024(H5N1)	1345	3063
HA|PP755589.1|A/cattle/Texas/24-008749-003/2024(H5N1)	1346	3071
HA|PP755589.1|A/cattle/Texas/24-008749-003/2024(H5N1)	1347	3074
HA|PP755589.1|A/cattle/Texas/24-008749-003/2024(H5N1)	1348	3075
HA|PP755589.1|A/cattle/Texas/24-008749-003/2024(H5N1)	1349	3050
HA|PP755589.1|A/cattle/Texas/24-008749-003/2024(H5N1)	1350	3054
HA|PP755589.1|A/cattle/Texas/24-008749-003/2024(H5N1)	1351	3035
HA|PP755589.1|A/cattle/Texas/24-008749-003/2024(H5N1)	1352	3073
HA|PP755589.1|A/cattle/Texas/24-008749-003/2024(H5N1)	1353	3109
HA|PP755589.1|A/cattle/Texas/24-008749-003/2024(H5N1)	1354	3127
HA|PP755589.1|A/cattle/Texas/24-008749-003/2024(H5N1)	1355	3212
HA|PP755589.1|A/cattle/Texas/24-008749-003/2024(H5N1)	1356	3189
HA|PP755589.1|A/cattle/Texas/24-008749-003/2024(H5N1)	1357	3220
HA|PP755589.1|A/cattle/Texas/24-008749-003/2024(H5N1)	1358	3222
HA|PP755589.1|A/cattle/Texas/24-008749-003/2024(H5N1)	1359	3228
HA|PP755589.1|A/cattle/Texas/24-008749-003/2024(H5N1)	1360	3211
HA|PP755589.1|A/cattle/Texas/24-008749-003/2024(H5N1)	1361	3274
HA|PP755589.1|A/cattle/Texas/24-008749-003/2024(H5N1)	1362	3286
HA|PP755589.1|A/cattle/Texas/24-008749-003/2024(H5N1)	1363	3272
HA|PP755589.1|A/cattle/Texas/24-008749-003/2024(H5N1)	1364	3316
HA|PP755589.1|A/cattle/Texas/24-008749-003/2024(H5N1)	1365	3301
HA|PP755589.1|A/cattle/Texas/24-008749-003/2024(H5N1)	1366	3294
HA|PP755589.1|A/cattle/Texas/24-008749-003/2024(H5N1)	1367	3294
HA|PP755589.1|A/cattle/Texas/24-008749-003/2024(H5N1)	1368	3253
HA|PP755589.1|A/cattle/Texas/24-008749-003/2024(H5N1)	1369	3247
HA|PP755589.1|A/cattle/Texas/24-008749-003/2024(H5N1)	1370	3318
HA|PP755589.1|A/cattle/Texas/24-008749-003/2024(H5N1)	1371	3369
HA|PP755589.1|A/cattle/Texas/24-008749-003/2024(H5N1)	1372	3311
HA|PP755589.1|A/cattle/Texas/24-008749-003/2024(H5N1)	1373	3338
HA|PP755589.1|A/cattle/Texas/24-008749-003/2024(H5N1)	1374	3328
HA|PP755589.1|A/cattle/Texas/24-008749-003/2024(H5N1)	1375	3332
HA|PP755589.1|A/cattle/Texas/24-008749-003/2024(H5N1)	1376	3441
HA|PP755589.1|A/cattle/Texas/24-008749-003/2024(H5N1)	1377	3443
HA|PP755589.1|A/cattle/Texas/24-008749-003/2024(H5N1)	1378	3485
HA|PP755589.1|A/cattle/Texas/24-008749-003/2024(H5N1)	1379	3475
HA|PP755589.1|A/cattle/Texas/24-008749-003/2024(H5N1)	1380	3467
HA|PP755589.1|A/cattle/Texas/24-008749-003/2024(H5N1)	1381	3467
HA|PP755589.1|A/cattle/Texas/24-008749-003/2024(H5N1)	1382	3326
HA|PP755589.1|A/cattle/Texas/24-008749-003/2024(H5N1)	1383	3320
HA|PP755589.1|A/cattle/Texas/24-008749-003/2024(H5N1)	1384	3343
HA|PP755589.1|A/cattle/Texas/24-008749-003/2024(H5N1)	1385	3336
HA|PP755589.1|A/cattle/Texas/24-008749-003/2024(H5N1)	1386	3363
HA|PP755589.1|A/cattle/Texas/24-008749-003/2024(H5N1)	1387	3358
HA|PP755589.1|A/cattle/Texas/24-008749-003/2024(H5N1)	1388	3334
HA|PP755589.1|A/cattle/Texas/24-008749-003/2024(H5N1)	1389	3334
HA|PP755589.1|A/cattle/Texas/24-008749-003/2024(H5N1)	1390	3328
HA|PP755589.1|A/cattle/Texas/24-008749-003/2024(H5N1)	1391	3276
HA|PP755589.1|A/cattle/Texas/24-008749-003/2024(H5N1)	1392	3256
HA|PP755589.1|A/cattle/Texas/24-008749-003/2024(H5N1)	1393	3254
HA|PP755589.1|A/cattle/Texas/24-008749-003/2024(H5N1)	1394	3282
HA|PP755589.1|A/cattle/Texas/24-008749-003/2024(H5N1)	1395	3268
HA|PP755589.1|A/cattle/Texas/24-008749-003/2024(H5N1)	1396	3226
HA|PP755589.1|A/cattle/Texas/24-008749-003/2024(H5N1)	1397	3227
HA|PP755589.1|A/cattle/Texas/24-008749-003/2024(H5N1)	1398	3245
HA|PP755589.1|A/cattle/Texas/24-008749-003/2024(H5N1)	1399	3257
HA|PP755589.1|A/cattle/Texas/24-008749-003/2024(H5N1)	1400	3252
HA|PP755589.1|A/cattle/Texas/24-008749-003/2024(H5N1)	1401	3189
HA|PP755589.1|A/cattle/Texas/24-008749-003/2024(H5N1)	1402	3182
HA|PP755589.1|A/cattle/Texas/24-008749-003/2024(H5N1)	1403	3262
HA|PP755589.1|A/cattle/Texas/24-008749-003/2024(H5N1)	1404	3283
HA|PP755589.1|A/cattle/Texas/24-008749-003/2024(H5N1)	1405	3286
HA|PP755589.1|A/cattle/Texas/24-008749-003/2024(H5N1)	1406	3265
HA|PP755589.1|A/cattle/Texas/24-008749-003/2024(H5N1)	1407	3246
HA|PP755589.1|A/cattle/Texas/24-008749-003/2024(H5N1)	1408	3235
HA|PP755589.1|A/cattle/Texas/24-008749-003/2024(H5N1)	1409	3212
HA|PP755589.1|A/cattle/Texas/24-008749-003/2024(H5N1)	1410	3354
HA|PP755589.1|A/cattle/Texas/24-008749-003/2024(H5N1)	1411	3347
HA|PP755589.1|A/cattle/Texas/24-008749-003/2024(H5N1)	1412	3256
HA|PP755589.1|A/cattle/Texas/24-008749-003/2024(H5N1)	1413	3259
HA|PP755589.1|A/cattle/Texas/24-008749-003/2024(H5N1)	1414	3240
HA|PP755589.1|A/cattle/Texas/24-008749-003/2024(H5N1)	1415	3249
HA|PP755589.1|A/cattle/Texas/24-008749-003/2024(H5N1)	1416	3316
HA|PP755589.1|A/cattle/Texas/24-008749-003/2024(H5N1)	1417	3312
HA|PP755589.1|A/cattle/Texas/24-008749-003/2024(H5N1)	1418	3319
HA|PP755589.1|A/cattle/Texas/24-008749-003/2024(H5N1)	1419	3179
HA|PP755589.1|A/cattle/Texas/24-008749-003/2024(H5N1)	1420	3133
HA|PP755589.1|A/cattle/Texas/24-008749-003/2024(H5N1)	1421	3275
HA|PP755589.1|A/cattle/Texas/24-008749-003/2024(H5N1)	1422	3282
HA|PP755589.1|A/cattle/Texas/24-008749-003/2024(H5N1)	1423	3289
HA|PP755589.1|A/cattle/Texas/24-008749-003/2024(H5N1)	1424	3327
HA|PP755589.1|A/cattle/Texas/24-008749-003/2024(H5N1)	1425	3260
HA|PP755589.1|A/cattle/Texas/24-008749-003/2024(H5N1)	1426	3259
HA|PP755589.1|A/cattle/Texas/24-008749-003/2024(H5N1)	1427	3259
HA|PP755589.1|A/cattle/Texas/24-008749-003/2024(H5N1)	1428	3275
HA|PP755589.1|A/cattle/Texas/24-008749-003/2024(H5N1)	1429	3315
HA|PP755589.1|A/cattle/Texas/24-008749-003/2024(H5N1)	1430	3130
HA|PP755589.1|A/cattle/Texas/24-008749-003/2024(H5N1)	1431	3131
HA|PP755589.1|A/cattle/Texas/24-008749-003/2024(H5N1)	1432	3166
HA|PP755589.1|A/cattle/Texas/24-008749-003/2024(H5N1)	1433	3232
HA|PP755589.1|A/cattle/Texas/24-008749-003/2024(H5N1)	1434	3348
HA|PP755589.1|A/cattle/Texas/24-008749-003/2024(H5N1)	1435	3374
HA|PP755589.1|A/cattle/Texas/24-008749-003/2024(H5N1)	1436	3362
HA|PP755589.1|A/cattle/Texas/24-008749-003/2024(H5N1)	1437	3347
HA|PP755589.1|A/cattle/Texas/24-008749-003/2024(H5N1)	1438	3384
HA|PP755589.1|A/cattle/Texas/24-008749-003/2024(H5N1)	1439	3381
HA|PP755589.1|A/cattle/Texas/24-008749-003/2024(H5N1)	1440	3379
HA|PP755589.1|A/cattle/Texas/24-008749-003/2024(H5N1)	1441	3379
HA|PP755589.1|A/cattle/Texas/24-008749-003/2024(H5N1)	1442	3383
HA|PP755589.1|A/cattle/Texas/24-008749-003/2024(H5N1)	1443	3276
HA|PP755589.1|A/cattle/Texas/24-008749-003/2024(H5N1)	1444	3302
HA|PP755589.1|A/cattle/Texas/24-008749-003/2024(H5N1)	1445	3316
HA|PP755589.1|A/cattle/Texas/24-008749-003/2024(H5N1)	1446	3319
HA|PP755589.1|A/cattle/Texas/24-008749-003/2024(H5N1)	1447	3331
HA|PP755589.1|A/cattle/Texas/24-008749-003/2024(H5N1)	1448	3322
HA|PP755589.1|A/cattle/Texas/24-008749-003/2024(H5N1)	1449	3239
HA|PP755589.1|A/cattle/Texas/24-008749-003/2024(H5N1)	1450	3241
HA|PP755589.1|A/cattle/Texas/24-008749-003/2024(H5N1)	1451	3238
HA|PP755589.1|A/cattle/Texas/24-008749-003/2024(H5N1)	1452	3260
HA|PP755589.1|A/cattle/Texas/24-008749-003/2024(H5N1)	1453	3265
HA|PP755589.1|A/cattle/Texas/24-008749-003/2024(H5N1)	1454	3237
HA|PP755589.1|A/cattle/Texas/24-008749-003/2024(H5N1)	1455	3168
HA|PP755589.1|A/cattle/Texas/24-008749-003/2024(H5N1)	1456	3163
HA|PP755589.1|A/cattle/Texas/24-008749-003/2024(H5N1)	1457	3172
HA|PP755589.1|A/cattle/Texas/24-008749-003/2024(H5N1)	1458	3196
HA|PP755589.1|A/cattle/Texas/24-008749-003/2024(H5N1)	1459	3190
HA|PP755589.1|A/cattle/Texas/24-008749-003/2024(H5N1)	1460	3213
HA|PP755589.1|A/cattle/Texas/24-008749-003/2024(H5N1)	1461	3174
HA|PP755589.1|A/cattle/Texas/24-008749-003/2024(H5N1)	1462	3185
HA|PP755589.1|A/cattle/Texas/24-008749-003/2024(H5N1)	1463	3185
HA|PP755589.1|A/cattle/Texas/24-008749-003/2024(H5N1)	1464	3173
HA|PP755589.1|A/cattle/Texas/24-008749-003/2024(H5N1)	1465	3070
HA|PP755589.1|A/cattle/Texas/24-008749-003/2024(H5N1)	1466	3075
HA|PP755589.1|A/cattle/Texas/24-008749-003/2024(H5N1)	1467	3064
HA|PP755589.1|A/cattle/Texas/24-008749-003/2024(H5N1)	1468	3074
HA|PP755589.1|A/cattle/Texas/24-008749-003/2024(H5N1)	1469	3078
HA|PP755589.1|A/cattle/Texas/24-008749-003/2024(H5N1)	1470	3017
HA|PP755589.1|A/cattle/Texas/24-008749-003/2024(H5N1)	1471	3022
HA|PP755589.1|A/cattle/Texas/24-008749-003/2024(H5N1)	1472	3027
HA|PP755589.1|A/cattle/Texas/24-008749-003/2024(H5N1)	1473	3027
HA|PP755589.1|A/cattle/Texas/24-008749-003/2024(H5N1)	1474	3032
HA|PP755589.1|A/cattle/Texas/24-008749-003/2024(H5N1)	1475	2992
HA|PP755589.1|A/cattle/Texas/24-008749-003/2024(H5N1)	1476	2993
HA|PP755589.1|A/cattle/Texas/24-008749-003/2024(H5N1)	1477	3020
HA|PP755589.1|A/cattle/Texas/24-008749-003/2024(H5N1)	1478	2998
HA|PP755589.1|A/cattle/Texas/24-008749-003/2024(H5N1)	1479	3002
HA|PP755589.1|A/cattle/Texas/24-008749-003/2024(H5N1)	1480	3125
HA|PP755589.1|A/cattle/Texas/24-008749-003/2024(H5N1)	1481	3122
HA|PP755589.1|A/cattle/Texas/24-008749-003/2024(H5N1)	1482	3122
HA|PP755589.1|A/cattle/Texas/24-008749-003/2024(H5N1)	1483	3119
HA|PP755589.1|A/cattle/Texas/24-008749-003/2024(H5N1)	1484	3115
HA|PP755589.1|A/cattle/Texas/24-008749-003/2024(H5N1)	1485	3133
HA|PP755589.1|A/cattle/Texas/24-008749-003/2024(H5N1)	1486	3067
HA|PP755589.1|A/cattle/Texas/24-008749-003/2024(H5N1)	1487	3094
HA|PP755589.1|A/cattle/Texas/24-008749-003/2024(H5N1)	1488	3049
HA|PP755589.1|A/cattle/Texas/24-008749-003/2024(H5N1)	1489	3046
HA|PP755589.1|A/cattle/Texas/24-008749-003/2024(H5N1)	1490	3046
HA|PP755589.1|A/cattle/Texas/24-008749-003/2024(H5N1)	1491	3050
HA|PP755589.1|A/cattle/Texas/24-008749-003/2024(H5N1)	1492	3063
HA|PP755589.1|A/cattle/Texas/24-008749-003/2024(H5N1)	1493	3062
HA|PP755589.1|A/cattle/Texas/24-008749-003/2024(H5N1)	1494	3073
HA|PP755589.1|A/cattle/Texas/24-008749-003/2024(H5N1)	1495	3070
HA|PP755589.1|A/cattle/Texas/24-008749-003/2024(H5N1)	1496	3064
HA|PP755589.1|A/cattle/Texas/24-008749-003/2024(H5N1)	1497	3054
HA|PP755589.1|A/cattle/Texas/24-008749-003/2024(H5N1)	1498	3033
HA|PP755589.1|A/cattle/Texas/24-008749-003/2024(H5N1)	1499	3038
HA|PP755589.1|A/cattle/Texas/24-008749-003/2024(H5N1)	1500	3033
HA|PP755589.1|A/cattle/Texas/24-008749-003/2024(H5N1)	1501	3085
HA|PP755589.1|A/cattle/Texas/24-008749-003/2024(H5N1)	1502	3038
HA|PP755589.1|A/cattle/Texas/24-008749-003/2024(H5N1)	1503	3032
HA|PP755589.1|A/cattle/Texas/24-008749-003/2024(H5N1)	1504	3042
HA|PP755589.1|A/cattle/Texas/24-008749-003/2024(H5N1)	1505	3026
HA|PP755589.1|A/cattle/Texas/24-008749-003/2024(H5N1)	1506	3071
HA|PP755589.1|A/cattle/Texas/24-008749-003/2024(H5N1)	1507	3069
HA|PP755589.1|A/cattle/Texas/24-008749-003/2024(H5N1)	1508	3063
HA|PP755589.1|A/cattle/Texas/24-008749-003/2024(H5N1)	1509	3051
HA|PP755589.1|A/cattle/Texas/24-008749-003/2024(H5N1)	1510	2999
HA|PP755589.1|A/cattle/Texas/24-008749-003/2024(H5N1)	1511	3078
HA|PP755589.1|A/cattle/Texas/24-008749-003/2024(H5N1)	1512	3099
HA|PP755589.1|A/cattle/Texas/24-008749-003/2024(H5N1)	1513	3149
HA|PP755589.1|A/cattle/Texas/24-008749-003/2024(H5N1)	1514	3151
HA|PP755589.1|A/cattle/Texas/24-008749-003/2024(H5N1)	1515	3099
HA|PP755589.1|A/cattle/Texas/24-008749-003/2024(H5N1)	1516	3101
HA|PP755589.1|A/cattle/Texas/24-008749-003/2024(H5N1)	1517	3090
HA|PP755589.1|A/cattle/Texas/24-008749-003/2024(H5N1)	1518	3147
HA|PP755589.1|A/cattle/Texas/24-008749-003/2024(H5N1)	1519	3146
HA|PP755589.1|A/cattle/Texas/24-008749-003/2024(H5N1)	1520	3161
HA|PP755589.1|A/cattle/Texas/24-008749-003/2024(H5N1)	1521	3116
HA|PP755589.1|A/cattle/Texas/24-008749-003/2024(H5N1)	1522	3059
HA|PP755589.1|A/cattle/Texas/24-008749-003/2024(H5N1)	1523	3059
HA|PP755589.1|A/cattle/Texas/24-008749-003/2024(H5N1)	1524	3029
HA|PP755589.1|A/cattle/Texas/24-008749-003/2024(H5N1)	1525	3042
HA|PP755589.1|A/cattle/Texas/24-008749-003/2024(H5N1)	1526	3200
HA|PP755589.1|A/cattle/Texas/24-008749-003/2024(H5N1)	1527	3074
HA|PP755589.1|A/cattle/Texas/24-008749-003/2024(H5N1)	1528	3069
HA|PP755589.1|A/cattle/Texas/24-008749-003/2024(H5N1)	1529	3076
HA|PP755589.1|A/cattle/Texas/24-008749-003/2024(H5N1)	1530	3072
HA|PP755589.1|A/cattle/Texas/24-008749-003/2024(H5N1)	1531	3069
HA|PP755589.1|A/cattle/Texas/24-008749-003/2024(H5N1)	1532	3069
HA|PP755589.1|A/cattle/Texas/24-008749-003/2024(H5N1)	1533	3069
HA|PP755589.1|A/cattle/Texas/24-008749-003/2024(H5N1)	1534	3050
HA|PP755589.1|A/cattle/Texas/24-008749-003/2024(H5N1)	1535	3053
HA|PP755589.1|A/cattle/Texas/24-008749-003/2024(H5N1)	1536	3144
HA|PP755589.1|A/cattle/Texas/24-008749-003/2024(H5N1)	1537	3106
HA|PP755589.1|A/cattle/Texas/24-008749-003/2024(H5N1)	1538	3091
HA|PP755589.1|A/cattle/Texas/24-008749-003/2024(H5N1)	1539	3165
HA|PP755589.1|A/cattle/Texas/24-008749-003/2024(H5N1)	1540	3163
HA|PP755589.1|A/cattle/Texas/24-008749-003/2024(H5N1)	1541	3171
HA|PP755589.1|A/cattle/Texas/24-008749-003/2024(H5N1)	1542	3170
HA|PP755589.1|A/cattle/Texas/24-008749-003/2024(H5N1)	1543	3145
HA|PP755589.1|A/cattle/Texas/24-008749-003/2024(H5N1)	1544	3155
HA|PP755589.1|A/cattle/Texas/24-008749-003/2024(H5N1)	1545	3141
HA|PP755589.1|A/cattle/Texas/24-008749-003/2024(H5N1)	1546	3141
HA|PP755589.1|A/cattle/Texas/24-008749-003/2024(H5N1)	1547	3157
HA|PP755589.1|A/cattle/Texas/24-008749-003/2024(H5N1)	1548	3153
HA|PP755589.1|A/cattle/Texas/24-008749-003/2024(H5N1)	1549	3157
HA|PP755589.1|A/cattle/Texas/24-008749-003/2024(H5N1)	1550	3156
HA|PP755589.1|A/cattle/Texas/24-008749-003/2024(H5N1)	1551	3159
HA|PP755589.1|A/cattle/Texas/24-008749-003/2024(H5N1)	1552	3157
HA|PP755589.1|A/cattle/Texas/24-008749-003/2024(H5N1)	1553	3140
HA|PP755589.1|A/cattle/Texas/24-008749-003/2024(H5N1)	1554	3064
HA|PP755589.1|A/cattle/Texas/24-008749-003/2024(H5N1)	1555	3059
HA|PP755589.1|A/cattle/Texas/24-008749-003/2024(H5N1)	1556	3054
HA|PP755589.1|A/cattle/Texas/24-008749-003/2024(H5N1)	1557	3073
HA|PP755589.1|A/cattle/Texas/24-008749-003/2024(H5N1)	1558	3017
HA|PP755589.1|A/cattle/Texas/24-008749-003/2024(H5N1)	1559	3023
HA|PP755589.1|A/cattle/Texas/24-008749-003/2024(H5N1)	1560	3008
HA|PP755589.1|A/cattle/Texas/24-008749-003/2024(H5N1)	1561	2844
HA|PP755589.1|A/cattle/Texas/24-008749-003/2024(H5N1)	1562	2894
HA|PP755589.1|A/cattle/Texas/24-008749-003/2024(H5N1)	1563	2896
HA|PP755589.1|A/cattle/Texas/24-008749-003/2024(H5N1)	1564	2905
HA|PP755589.1|A/cattle/Texas/24-008749-003/2024(H5N1)	1565	2907
HA|PP755589.1|A/cattle/Texas/24-008749-003/2024(H5N1)	1566	2908
HA|PP755589.1|A/cattle/Texas/24-008749-003/2024(H5N1)	1567	2845
HA|PP755589.1|A/cattle/Texas/24-008749-003/2024(H5N1)	1568	2837
HA|PP755589.1|A/cattle/Texas/24-008749-003/2024(H5N1)	1569	2828
HA|PP755589.1|A/cattle/Texas/24-008749-003/2024(H5N1)	1570	2825
HA|PP755589.1|A/cattle/Texas/24-008749-003/2024(H5N1)	1571	2872
HA|PP755589.1|A/cattle/Texas/24-008749-003/2024(H5N1)	1572	2756
HA|PP755589.1|A/cattle/Texas/24-008749-003/2024(H5N1)	1573	2742
HA|PP755589.1|A/cattle/Texas/24-008749-003/2024(H5N1)	1574	2733
HA|PP755589.1|A/cattle/Texas/24-008749-003/2024(H5N1)	1575	2694
HA|PP755589.1|A/cattle/Texas/24-008749-003/2024(H5N1)	1576	2695
HA|PP755589.1|A/cattle/Texas/24-008749-003/2024(H5N1)	1577	2750
HA|PP755589.1|A/cattle/Texas/24-008749-003/2024(H5N1)	1578	2748
HA|PP755589.1|A/cattle/Texas/24-008749-003/2024(H5N1)	1579	2736
HA|PP755589.1|A/cattle/Texas/24-008749-003/2024(H5N1)	1580	2715
HA|PP755589.1|A/cattle/Texas/24-008749-003/2024(H5N1)	1581	2730
HA|PP755589.1|A/cattle/Texas/24-008749-003/2024(H5N1)	1582	2725
HA|PP755589.1|A/cattle/Texas/24-008749-003/2024(H5N1)	1583	2665
HA|PP755589.1|A/cattle/Texas/24-008749-003/2024(H5N1)	1584	2584
HA|PP755589.1|A/cattle/Texas/24-008749-003/2024(H5N1)	1585	2585
HA|PP755589.1|A/cattle/Texas/24-008749-003/2024(H5N1)	1586	2586
HA|PP755589.1|A/cattle/Texas/24-008749-003/2024(H5N1)	1587	2605
HA|PP755589.1|A/cattle/Texas/24-008749-003/2024(H5N1)	1588	2604
HA|PP755589.1|A/cattle/Texas/24-008749-003/2024(H5N1)	1589	2511
HA|PP755589.1|A/cattle/Texas/24-008749-003/2024(H5N1)	1590	2511
HA|PP755589.1|A/cattle/Texas/24-008749-003/2024(H5N1)	1591	2516
HA|PP755589.1|A/cattle/Texas/24-008749-003/2024(H5N1)	1592	2512
HA|PP755589.1|A/cattle/Texas/24-008749-003/2024(H5N1)	1593	2609
HA|PP755589.1|A/cattle/Texas/24-008749-003/2024(H5N1)	1594	2593
HA|PP755589.1|A/cattle/Texas/24-008749-003/2024(H5N1)	1595	2520
HA|PP755589.1|A/cattle/Texas/24-008749-003/2024(H5N1)	1596	2522
HA|PP755589.1|A/cattle/Texas/24-008749-003/2024(H5N1)	1597	3007
HA|PP755589.1|A/cattle/Texas/24-008749-003/2024(H5N1)	1598	3014
HA|PP755589.1|A/cattle/Texas/24-008749-003/2024(H5N1)	1599	3052
HA|PP755589.1|A/cattle/Texas/24-008749-003/2024(H5N1)	1600	3052
HA|PP755589.1|A/cattle/Texas/24-008749-003/2024(H5N1)	1601	3056
HA|PP755589.1|A/cattle/Texas/24-008749-003/2024(H5N1)	1602	3092
HA|PP755589.1|A/cattle/Texas/24-008749-003/2024(H5N1)	1603	3071
HA|PP755589.1|A/cattle/Texas/24-008749-003/2024(H5N1)	1604	3072
HA|PP755589.1|A/cattle/Texas/24-008749-003/2024(H5N1)	1605	3070
HA|PP755589.1|A/cattle/Texas/24-008749-003/2024(H5N1)	1606	3065
HA|PP755589.1|A/cattle/Texas/24-008749-003/2024(H5N1)	1607	3060
HA|PP755589.1|A/cattle/Texas/24-008749-003/2024(H5N1)	1608	3057
HA|PP755589.1|A/cattle/Texas/24-008749-003/2024(H5N1)	1609	3032
HA|PP755589.1|A/cattle/Texas/24-008749-003/2024(H5N1)	1610	3031
HA|PP755589.1|A/cattle/Texas/24-008749-003/2024(H5N1)	1611	3005
HA|PP755589.1|A/cattle/Texas/24-008749-003/2024(H5N1)	1612	2995
HA|PP755589.1|A/cattle/Texas/24-008749-003/2024(H5N1)	1613	2981
HA|PP755589.1|A/cattle/Texas/24-008749-003/2024(H5N1)	1614	2981
HA|PP755589.1|A/cattle/Texas/24-008749-003/2024(H5N1)	1615	2973
HA|PP755589.1|A/cattle/Texas/24-008749-003/2024(H5N1)	1616	2954
HA|PP755589.1|A/cattle/Texas/24-008749-003/2024(H5N1)	1617	2942
HA|PP755589.1|A/cattle/Texas/24-008749-003/2024(H5N1)	1618	2931
HA|PP755589.1|A/cattle/Texas/24-008749-003/2024(H5N1)	1619	2929
HA|PP755589.1|A/cattle/Texas/24-008749-003/2024(H5N1)	1620	2927
HA|PP755589.1|A/cattle/Texas/24-008749-003/2024(H5N1)	1621	2925
HA|PP755589.1|A/cattle/Texas/24-008749-003/2024(H5N1)	1622	2948
HA|PP755589.1|A/cattle/Texas/24-008749-003/2024(H5N1)	1623	2932
HA|PP755589.1|A/cattle/Texas/24-008749-003/2024(H5N1)	1624	2924
HA|PP755589.1|A/cattle/Texas/24-008749-003/2024(H5N1)	1625	2924
HA|PP755589.1|A/cattle/Texas/24-008749-003/2024(H5N1)	1626	2919
HA|PP755589.1|A/cattle/Texas/24-008749-003/2024(H5N1)	1627	2915
HA|PP755589.1|A/cattle/Texas/24-008749-003/2024(H5N1)	1628	2852
HA|PP755589.1|A/cattle/Texas/24-008749-003/2024(H5N1)	1629	2830
HA|PP755589.1|A/cattle/Texas/24-008749-003/2024(H5N1)	1630	2813
HA|PP755589.1|A/cattle/Texas/24-008749-003/2024(H5N1)	1631	2664
HA|PP755589.1|A/cattle/Texas/24-008749-003/2024(H5N1)	1632	2668
HA|PP755589.1|A/cattle/Texas/24-008749-003/2024(H5N1)	1633	2668
HA|PP755589.1|A/cattle/Texas/24-008749-003/2024(H5N1)	1634	2667
HA|PP755589.1|A/cattle/Texas/24-008749-003/2024(H5N1)	1635	2665
HA|PP755589.1|A/cattle/Texas/24-008749-003/2024(H5N1)	1636	2635
HA|PP755589.1|A/cattle/Texas/24-008749-003/2024(H5N1)	1637	2638
HA|PP755589.1|A/cattle/Texas/24-008749-003/2024(H5N1)	1638	2615
HA|PP755589.1|A/cattle/Texas/24-008749-003/2024(H5N1)	1639	2610
HA|PP755589.1|A/cattle/Texas/24-008749-003/2024(H5N1)	1640	2610
HA|PP755589.1|A/cattle/Texas/24-008749-003/2024(H5N1)	1641	2599
HA|PP755589.1|A/cattle/Texas/24-008749-003/2024(H5N1)	1642	2581
HA|PP755589.1|A/cattle/Texas/24-008749-003/2024(H5N1)	1643	2575
HA|PP755589.1|A/cattle/Texas/24-008749-003/2024(H5N1)	1644	2562
HA|PP755589.1|A/cattle/Texas/24-008749-003/2024(H5N1)	1645	2555
HA|PP755589.1|A/cattle/Texas/24-008749-003/2024(H5N1)	1646	2548
HA|PP755589.1|A/cattle/Texas/24-008749-003/2024(H5N1)	1647	2472
HA|PP755589.1|A/cattle/Texas/24-008749-003/2024(H5N1)	1648	2476
HA|PP755589.1|A/cattle/Texas/24-008749-003/2024(H5N1)	1649	2480
HA|PP755589.1|A/cattle/Texas/24-008749-003/2024(H5N1)	1650	2474
HA|PP755589.1|A/cattle/Texas/24-008749-003/2024(H5N1)	1651	2435
HA|PP755589.1|A/cattle/Texas/24-008749-003/2024(H5N1)	1652	2414
HA|PP755589.1|A/cattle/Texas/24-008749-003/2024(H5N1)	1653	2413
HA|PP755589.1|A/cattle/Texas/24-008749-003/2024(H5N1)	1654	2408
HA|PP755589.1|A/cattle/Texas/24-008749-003/2024(H5N1)	1655	2345
HA|PP755589.1|A/cattle/Texas/24-008749-003/2024(H5N1)	1656	2343
HA|PP755589.1|A/cattle/Texas/24-008749-003/2024(H5N1)	1657	2261
HA|PP755589.1|A/cattle/Texas/24-008749-003/2024(H5N1)	1658	2235
HA|PP755589.1|A/cattle/Texas/24-008749-003/2024(H5N1)	1659	2231
HA|PP755589.1|A/cattle/Texas/24-008749-003/2024(H5N1)	1660	2230
HA|PP755589.1|A/cattle/Texas/24-008749-003/2024(H5N1)	1661	2229
HA|PP755589.1|A/cattle/Texas/24-008749-003/2024(H5N1)	1662	2129
HA|PP755589.1|A/cattle/Texas/24-008749-003/2024(H5N1)	1663	2102
HA|PP755589.1|A/cattle/Texas/24-008749-003/2024(H5N1)	1664	2023
HA|PP755589.1|A/cattle/Texas/24-008749-003/2024(H5N1)	1665	2020
HA|PP755589.1|A/cattle/Texas/24-008749-003/2024(H5N1)	1666	1930
HA|PP755589.1|A/cattle/Texas/24-008749-003/2024(H5N1)	1667	1947
HA|PP755589.1|A/cattle/Texas/24-008749-003/2024(H5N1)	1668	1901
HA|PP755589.1|A/cattle/Texas/24-008749-003/2024(H5N1)	1669	1899
HA|PP755589.1|A/cattle/Texas/24-008749-003/2024(H5N1)	1670	1887
HA|PP755589.1|A/cattle/Texas/24-008749-003/2024(H5N1)	1671	1842
HA|PP755589.1|A/cattle/Texas/24-008749-003/2024(H5N1)	1672	1840
HA|PP755589.1|A/cattle/Texas/24-008749-003/2024(H5N1)	1673	1840
HA|PP755589.1|A/cattle/Texas/24-008749-003/2024(H5N1)	1674	1811
HA|PP755589.1|A/cattle/Texas/24-008749-003/2024(H5N1)	1675	1804
HA|PP755589.1|A/cattle/Texas/24-008749-003/2024(H5N1)	1676	1675
HA|PP755589.1|A/cattle/Texas/24-008749-003/2024(H5N1)	1677	1652
HA|PP755589.1|A/cattle/Texas/24-008749-003/2024(H5N1)	1678	1649
HA|PP755589.1|A/cattle/Texas/24-008749-003/2024(H5N1)	1679	1549
HA|PP755589.1|A/cattle/Texas/24-008749-003/2024(H5N1)	1680	1547
HA|PP755589.1|A/cattle/Texas/24-008749-003/2024(H5N1)	1681	1543
HA|PP755589.1|A/cattle/Texas/24-008749-003/2024(H5N1)	1682	1543
HA|PP755589.1|A/cattle/Texas/24-008749-003/2024(H5N1)	1683	1543
HA|PP755589.1|A/cattle/Texas/24-008749-003/2024(H5N1)	1684	1538
HA|PP755589.1|A/cattle/Texas/24-008749-003/2024(H5N1)	1685	1455
HA|PP755589.1|A/cattle/Texas/24-008749-003/2024(H5N1)	1686	1450
HA|PP755589.1|A/cattle/Texas/24-008749-003/2024(H5N1)	1687	1435
HA|PP755589.1|A/cattle/Texas/24-008749-003/2024(H5N1)	1688	1427
HA|PP755589.1|A/cattle/Texas/24-008749-003/2024(H5N1)	1689	1427
HA|PP755589.1|A/cattle/Texas/24-008749-003/2024(H5N1)	1690	1349
HA|PP755589.1|A/cattle/Texas/24-008749-003/2024(H5N1)	1691	1349
HA|PP755589.1|A/cattle/Texas/24-008749-003/2024(H5N1)	1692	1341
HA|PP755589.1|A/cattle/Texas/24-008749-003/2024(H5N1)	1693	1341
HA|PP755589.1|A/cattle/Texas/24-008749-003/2024(H5N1)	1694	1339
HA|PP755589.1|A/cattle/Texas/24-008749-003/2024(H5N1)	1695	1314
HA|PP755589.1|A/cattle/Texas/24-008749-003/2024(H5N1)	1696	1312
HA|PP755589.1|A/cattle/Texas/24-008749-003/2024(H5N1)	1697	1306
HA|PP755589.1|A/cattle/Texas/24-008749-003/2024(H5N1)	1698	1295
HA|PP755589.1|A/cattle/Texas/24-008749-003/2024(H5N1)	1699	1293
HA|PP755589.1|A/cattle/Texas/24-008749-003/2024(H5N1)	1700	1270
HA|PP755589.1|A/cattle/Texas/24-008749-003/2024(H5N1)	1701	1268
HA|PP755589.1|A/cattle/Texas/24-008749-003/2024(H5N1)	1702	1267
HA|PP755589.1|A/cattle/Texas/24-008749-003/2024(H5N1)	1703	1262
HA|PP755589.1|A/cattle/Texas/24-008749-003/2024(H5N1)	1704	1261
