NS|PP755593.1|A/cattle/Texas/24-008749-003/2024(H5N1)	1	2450
NS|PP755593.1|A/cattle/Texas/24-008749-003/2024(H5N1)	2	2473
NS|PP755593.1|A/cattle/Texas/24-008749-003/2024(H5N1)	3	2554
NS|PP755593.1|A/cattle/Texas/24-008749-003/2024(H5N1)	4	2646
NS|PP755593.1|A/cattle/Texas/24-008749-003/2024(H5N1)	5	2895
NS|PP755593.1|A/cattle/Texas/24-008749-003/2024(H5N1)	6	4455
NS|PP755593.1|A/cattle/Texas/24-008749-003/2024(H5N1)	7	4462
NS|PP755593.1|A/cattle/Texas/24-008749-003/2024(H5N1)	8	4514
NS|PP755593.1|A/cattle/Texas/24-008749-003/2024(H5N1)	9	4648
NS|PP755593.1|A/cattle/Texas/24-008749-003/2024(H5N1)	10	4656
NS|PP755593.1|A/cattle/Texas/24-008749-003/2024(H5N1)	11	4737
NS|PP755593.1|A/cattle/Texas/24-008749-003/2024(H5N1)	12	4752
NS|PP755593.1|A/cattle/Texas/24-008749-003/2024(H5N1)	13	4758
NS|PP755593.1|A/cattle/Texas/24-008749-003/2024(H5N1)	14	4770
NS|PP755593.1|A/cattle/Texas/24-008749-003/2024(H5N1)	15	4793
NS|PP755593.1|A/cattle/Texas/24-008749-003/2024(H5N1)	16	5249
NS|PP755593.1|A/cattle/Texas/24-008749-003/2024(H5N1)	17	5282
NS|PP755593.1|A/cattle/Texas/24-008749-003/2024(H5N1)	18	5301
NS|PP755593.1|A/cattle/Texas/24-008749-003/2024(H5N1)	19	5303
NS|PP755593.1|A/cattle/Texas/24-008749-003/2024(H5N1)	20	5310
NS|PP755593.1|A/cattle/Texas/24-008749-003/2024(H5N1)	21	5337
NS|PP755593.1|A/cattle/Texas/24-008749-003/2024(H5N1)	22	5338
NS|PP755593.1|A/cattle/Texas/24-008749-003/2024(H5N1)	23	5433
NS|PP755593.1|A/cattle/Texas/24-008749-003/2024(H5N1)	24	5547
NS|PP755593.1|A/cattle/Texas/24-008749-003/2024(H5N1)	25	5567
NS|PP755593.1|A/cattle/Texas/24-008749-003/2024(H5N1)	26	5633
NS|PP755593.1|A/cattle/Texas/24-008749-003/2024(H5N1)	27	5637
NS|PP755593.1|A/cattle/Texas/24-008749-003/2024(H5N1)	28	5795
NS|PP755593.1|A/cattle/Texas/24-008749-003/2024(H5N1)	29	5796
NS|PP755593.1|A/cattle/Texas/24-008749-003/2024(H5N1)	30	5828
NS|PP755593.1|A/cattle/Texas/24-008749-003/2024(H5N1)	31	5860
NS|PP755593.1|A/cattle/Texas/24-008749-003/2024(H5N1)	32	5880
NS|PP755593.1|A/cattle/Texas/24-008749-003/2024(H5N1)	33	5895
NS|PP755593.1|A/cattle/Texas/24-008749-003/2024(H5N1)	34	5911
NS|PP755593.1|A/cattle/Texas/24-008749-003/2024(H5N1)	35	5995
NS|PP755593.1|A/cattle/Texas/24-008749-003/2024(H5N1)	36	6038
NS|PP755593.1|A/cattle/Texas/24-008749-003/2024(H5N1)	37	6064
NS|PP755593.1|A/cattle/Texas/24-008749-003/2024(H5N1)	38	6149
NS|PP755593.1|A/cattle/Texas/24-008749-003/2024(H5N1)	39	6193
NS|PP755593.1|A/cattle/Texas/24-008749-003/2024(H5N1)	40	6194
NS|PP755593.1|A/cattle/Texas/24-008749-003/2024(H5N1)	41	6269
NS|PP755593.1|A/cattle/Texas/24-008749-003/2024(H5N1)	42	6320
NS|PP755593.1|A/cattle/Texas/24-008749-003/2024(H5N1)	43	6360
NS|PP755593.1|A/cattle/Texas/24-008749-003/2024(H5N1)	44	6412
NS|PP755593.1|A/cattle/Texas/24-008749-003/2024(H5N1)	45	6414
NS|PP755593.1|A/cattle/Texas/24-008749-003/2024(H5N1)	46	6486
NS|PP755593.1|A/cattle/Texas/24-008749-003/2024(H5N1)	47	6478
NS|PP755593.1|A/cattle/Texas/24-008749-003/2024(H5N1)	48	6480
NS|PP755593.1|A/cattle/Texas/24-008749-003/2024(H5N1)	49	6522
NS|PP755593.1|A/cattle/Texas/24-008749-003/2024(H5N1)	50	6519
NS|PP755593.1|A/cattle/Texas/24-008749-003/2024(H5N1)	51	6731
NS|PP755593.1|A/cattle/Texas/24-008749-003/2024(H5N1)	52	6779
NS|PP755593.1|A/cattle/Texas/24-008749-003/2024(H5N1)	53	6811
NS|PP755593.1|A/cattle/Texas/24-008749-003/2024(H5N1)	54	6832
NS|PP755593.1|A/cattle/Texas/24-008749-003/2024(H5N1)	55	6841
NS|PP755593.1|A/cattle/Texas/24-008749-003/2024(H5N1)	56	6835
NS|PP755593.1|A/cattle/Texas/24-008749-003/2024(H5N1)	57	6842
NS|PP755593.1|A/cattle/Texas/24-008749-003/2024(H5N1)	58	6924
NS|PP755593.1|A/cattle/Texas/24-008749-003/2024(H5N1)	59	6948
NS|PP755593.1|A/cattle/Texas/24-008749-003/2024(H5N1)	60	6982
NS|PP755593.1|A/cattle/Texas/24-008749-003/2024(H5N1)	61	6998
NS|PP755593.1|A/cattle/Texas/24-008749-003/2024(H5N1)	62	7012
NS|PP755593.1|A/cattle/Texas/24-008749-003/2024(H5N1)	63	7019
NS|PP755593.1|A/cattle/Texas/24-008749-003/2024(H5N1)	64	7045
NS|PP755593.1|A/cattle/Texas/24-008749-003/2024(H5N1)	65	7079
NS|PP755593.1|A/cattle/Texas/24-008749-003/2024(H5N1)	66	7082
NS|PP755593.1|A/cattle/Texas/24-008749-003/2024(H5N1)	67	7085
NS|PP755593.1|A/cattle/Texas/24-008749-003/2024(H5N1)	68	7094
NS|PP755593.1|A/cattle/Texas/24-008749-003/2024(H5N1)	69	7087
NS|PP755593.1|A/cattle/Texas/24-008749-003/2024(H5N1)	70	7143
NS|PP755593.1|A/cattle/Texas/24-008749-003/2024(H5N1)	71	7374
NS|PP755593.1|A/cattle/Texas/24-008749-003/2024(H5N1)	72	7490
NS|PP755593.1|A/cattle/Texas/24-008749-003/2024(H5N1)	73	7513
NS|PP755593.1|A/cattle/Texas/24-008749-003/2024(H5N1)	74	7519
NS|PP755593.1|A/cattle/Texas/24-008749-003/2024(H5N1)	75	7532
NS|PP755593.1|A/cattle/Texas/24-008749-003/2024(H5N1)	76	7808
NS|PP755593.1|A/cattle/Texas/24-008749-003/2024(H5N1)	77	7833
NS|PP755593.1|A/cattle/Texas/24-008749-003/2024(H5N1)	78	7856
NS|PP755593.1|A/cattle/Texas/24-008749-003/2024(H5N1)	79	7887
NS|PP755593.1|A/cattle/Texas/24-008749-003/2024(H5N1)	80	7817
NS|PP755593.1|A/cattle/Texas/24-008749-003/2024(H5N1)	81	7960
NS|PP755593.1|A/cattle/Texas/24-008749-003/2024(H5N1)	82	7982
NS|PP755593.1|A/cattle/Texas/24-008749-003/2024(H5N1)	83	8084
NS|PP755593.1|A/cattle/Texas/24-008749-003/2024(H5N1)	84	8089
NS|PP755593.1|A/cattle/Texas/24-008749-003/2024(H5N1)	85	8025
NS|PP755593.1|A/cattle/Texas/24-008749-003/2024(H5N1)	86	8054
NS|PP755593.1|A/cattle/Texas/24-008749-003/2024(H5N1)	87	8125
NS|PP755593.1|A/cattle/Texas/24-008749-003/2024(H5N1)	88	8292
NS|PP755593.1|A/cattle/Texas/24-008749-003/2024(H5N1)	89	8445
NS|PP755593.1|A/cattle/Texas/24-008749-003/2024(H5N1)	90	8446
NS|PP755593.1|A/cattle/Texas/24-008749-003/2024(H5N1)	91	8465
NS|PP755593.1|A/cattle/Texas/24-008749-003/2024(H5N1)	92	8434
NS|PP755593.1|A/cattle/Texas/24-008749-003/2024(H5N1)	93	8447
NS|PP755593.1|A/cattle/Texas/24-008749-003/2024(H5N1)	94	8590
NS|PP755593.1|A/cattle/Texas/24-008749-003/2024(H5N1)	95	8704
NS|PP755593.1|A/cattle/Texas/24-008749-003/2024(H5N1)	96	8834
NS|PP755593.1|A/cattle/Texas/24-008749-003/2024(H5N1)	97	8795
NS|PP755593.1|A/cattle/Texas/24-008749-003/2024(H5N1)	98	8799
NS|PP755593.1|A/cattle/Texas/24-008749-003/2024(H5N1)	99	8791
NS|PP755593.1|A/cattle/Texas/24-008749-003/2024(H5N1)	100	8804
NS|PP755593.1|A/cattle/Texas/24-008749-003/2024(H5N1)	101	8817
NS|PP755593.1|A/cattle/Texas/24-008749-003/2024(H5N1)	102	8834
NS|PP755593.1|A/cattle/Texas/24-008749-003/2024(H5N1)	103	8855
NS|PP755593.1|A/cattle/Texas/24-008749-003/2024(H5N1)	104	8829
NS|PP755593.1|A/cattle/Texas/24-008749-003/2024(H5N1)	105	9210
NS|PP755593.1|A/cattle/Texas/24-008749-003/2024(H5N1)	106	9220
NS|PP755593.1|A/cattle/Texas/24-008749-003/2024(H5N1)	107	9224
NS|PP755593.1|A/cattle/Texas/24-008749-003/2024(H5N1)	108	9254
NS|PP755593.1|A/cattle/Texas/24-008749-003/2024(H5N1)	109	9445
NS|PP755593.1|A/cattle/Texas/24-008749-003/2024(H5N1)	110	9550
NS|PP755593.1|A/cattle/Texas/24-008749-003/2024(H5N1)	111	9558
NS|PP755593.1|A/cattle/Texas/24-008749-003/2024(H5N1)	112	9559
NS|PP755593.1|A/cattle/Texas/24-008749-003/2024(H5N1)	113	9563
NS|PP755593.1|A/cattle/Texas/24-008749-003/2024(H5N1)	114	9463
NS|PP755593.1|A/cattle/Texas/24-008749-003/2024(H5N1)	115	9662
NS|PP755593.1|A/cattle/Texas/24-008749-003/2024(H5N1)	116	9861
NS|PP755593.1|A/cattle/Texas/24-008749-003/2024(H5N1)	117	9928
NS|PP755593.1|A/cattle/Texas/24-008749-003/2024(H5N1)	118	9924
NS|PP755593.1|A/cattle/Texas/24-008749-003/2024(H5N1)	119	9885
NS|PP755593.1|A/cattle/Texas/24-008749-003/2024(H5N1)	120	9889
NS|PP755593.1|A/cattle/Texas/24-008749-003/2024(H5N1)	121	9975
NS|PP755593.1|A/cattle/Texas/24-008749-003/2024(H5N1)	122	9961
NS|PP755593.1|A/cattle/Texas/24-008749-003/2024(H5N1)	123	10055
NS|PP755593.1|A/cattle/Texas/24-008749-003/2024(H5N1)	124	10328
NS|PP755593.1|A/cattle/Texas/24-008749-003/2024(H5N1)	125	9070
NS|PP755593.1|A/cattle/Texas/24-008749-003/2024(H5N1)	126	9033
NS|PP755593.1|A/cattle/Texas/24-008749-003/2024(H5N1)	127	9014
NS|PP755593.1|A/cattle/Texas/24-008749-003/2024(H5N1)	128	9026
NS|PP755593.1|A/cattle/Texas/24-008749-003/2024(H5N1)	129	9029
NS|PP755593.1|A/cattle/Texas/24-008749-003/2024(H5N1)	130	8994
NS|PP755593.1|A/cattle/Texas/24-008749-003/2024(H5N1)	131	9132
NS|PP755593.1|A/cattle/Texas/24-008749-003/2024(H5N1)	132	9097
NS|PP755593.1|A/cattle/Texas/24-008749-003/2024(H5N1)	133	9178
NS|PP755593.1|A/cattle/Texas/24-008749-003/2024(H5N1)	134	9184
NS|PP755593.1|A/cattle/Texas/24-008749-003/2024(H5N1)	135	9187
NS|PP755593.1|A/cattle/Texas/24-008749-003/2024(H5N1)	136	9134
NS|PP755593.1|A/cattle/Texas/24-008749-003/2024(H5N1)	137	9135
NS|PP755593.1|A/cattle/Texas/24-008749-003/2024(H5N1)	138	9287
NS|PP755593.1|A/cattle/Texas/24-008749-003/2024(H5N1)	139	9312
NS|PP755593.1|A/cattle/Texas/24-008749-003/2024(H5N1)	140	9499
NS|PP755593.1|A/cattle/Texas/24-008749-003/2024(H5N1)	141	9480
NS|PP755593.1|A/cattle/Texas/24-008749-003/2024(H5N1)	142	9419
NS|PP755593.1|A/cattle/Texas/24-008749-003/2024(H5N1)	143	9452
NS|PP755593.1|A/cattle/Texas/24-008749-003/2024(H5N1)	144	9587
NS|PP755593.1|A/cattle/Texas/24-008749-003/2024(H5N1)	145	9585
NS|PP755593.1|A/cattle/Texas/24-008749-003/2024(H5N1)	146	9920
NS|PP755593.1|A/cattle/Texas/24-008749-003/2024(H5N1)	147	9867
NS|PP755593.1|A/cattle/Texas/24-008749-003/2024(H5N1)	148	9859
NS|PP755593.1|A/cattle/Texas/24-008749-003/2024(H5N1)	149	9946
NS|PP755593.1|A/cattle/Texas/24-008749-003/2024(H5N1)	150	9925
NS|PP755593.1|A/cattle/Texas/24-008749-003/2024(H5N1)	151	10243
NS|PP755593.1|A/cattle/Texas/24-008749-003/2024(H5N1)	152	10267
NS|PP755593.1|A/cattle/Texas/24-008749-003/2024(H5N1)	153	10328
NS|PP755593.1|A/cattle/Texas/24-008749-003/2024(H5N1)	154	9068
NS|PP755593.1|A/cattle/Texas/24-008749-003/2024(H5N1)	155	8784
NS|PP755593.1|A/cattle/Texas/24-008749-003/2024(H5N1)	156	8839
NS|PP755593.1|A/cattle/Texas/24-008749-003/2024(H5N1)	157	8788
NS|PP755593.1|A/cattle/Texas/24-008749-003/2024(H5N1)	158	8851
NS|PP755593.1|A/cattle/Texas/24-008749-003/2024(H5N1)	159	8901
NS|PP755593.1|A/cattle/Texas/24-008749-003/2024(H5N1)	160	8720
NS|PP755593.1|A/cattle/Texas/24-008749-003/2024(H5N1)	161	8717
NS|PP755593.1|A/cattle/Texas/24-008749-003/2024(H5N1)	162	8672
NS|PP755593.1|A/cattle/Texas/24-008749-003/2024(H5N1)	163	8719
NS|PP755593.1|A/cattle/Texas/24-008749-003/2024(H5N1)	164	8996
NS|PP755593.1|A/cattle/Texas/24-008749-003/2024(H5N1)	165	8978
NS|PP755593.1|A/cattle/Texas/24-008749-003/2024(H5N1)	166	9097
NS|PP755593.1|A/cattle/Texas/24-008749-003/2024(H5N1)	167	8732
NS|PP755593.1|A/cattle/Texas/24-008749-003/2024(H5N1)	168	8748
NS|PP755593.1|A/cattle/Texas/24-008749-003/2024(H5N1)	169	8737
NS|PP755593.1|A/cattle/Texas/24-008749-003/2024(H5N1)	170	8837
NS|PP755593.1|A/cattle/Texas/24-008749-003/2024(H5N1)	171	8912
NS|PP755593.1|A/cattle/Texas/24-008749-003/2024(H5N1)	172	8903
NS|PP755593.1|A/cattle/Texas/24-008749-003/2024(H5N1)	173	8800
NS|PP755593.1|A/cattle/Texas/24-008749-003/2024(H5N1)	174	8788
NS|PP755593.1|A/cattle/Texas/24-008749-003/2024(H5N1)	175	8791
NS|PP755593.1|A/cattle/Texas/24-008749-003/2024(H5N1)	176	8827
NS|PP755593.1|A/cattle/Texas/24-008749-003/2024(H5N1)	177	8772
NS|PP755593.1|A/cattle/Texas/24-008749-003/2024(H5N1)	178	8770
NS|PP755593.1|A/cattle/Texas/24-008749-003/2024(H5N1)	179	8657
NS|PP755593.1|A/cattle/Texas/24-008749-003/2024(H5N1)	180	8634
NS|PP755593.1|A/cattle/Texas/24-008749-003/2024(H5N1)	181	8690
NS|PP755593.1|A/cattle/Texas/24-008749-003/2024(H5N1)	182	8737
NS|PP755593.1|A/cattle/Texas/24-008749-003/2024(H5N1)	183	8735
NS|PP755593.1|A/cattle/Texas/24-008749-003/2024(H5N1)	184	8730
NS|PP755593.1|A/cattle/Texas/24-008749-003/2024(H5N1)	185	8655
NS|PP755593.1|A/cattle/Texas/24-008749-003/2024(H5N1)	186	8752
NS|PP755593.1|A/cattle/Texas/24-008749-003/2024(H5N1)	187	8733
NS|PP755593.1|A/cattle/Texas/24-008749-003/2024(H5N1)	188	8774
NS|PP755593.1|A/cattle/Texas/24-008749-003/2024(H5N1)	189	8720
NS|PP755593.1|A/cattle/Texas/24-008749-003/2024(H5N1)	190	8729
NS|PP755593.1|A/cattle/Texas/24-008749-003/2024(H5N1)	191	8749
NS|PP755593.1|A/cattle/Texas/24-008749-003/2024(H5N1)	192	8683
NS|PP755593.1|A/cattle/Texas/24-008749-003/2024(H5N1)	193	8959
NS|PP755593.1|A/cattle/Texas/24-008749-003/2024(H5N1)	194	8916
NS|PP755593.1|A/cattle/Texas/24-008749-003/2024(H5N1)	195	8904
NS|PP755593.1|A/cattle/Texas/24-008749-003/2024(H5N1)	196	9048
NS|PP755593.1|A/cattle/Texas/24-008749-003/2024(H5N1)	197	8972
NS|PP755593.1|A/cattle/Texas/24-008749-003/2024(H5N1)	198	8963
NS|PP755593.1|A/cattle/Texas/24-008749-003/2024(H5N1)	199	8953
NS|PP755593.1|A/cattle/Texas/24-008749-003/2024(H5N1)	200	9055
NS|PP755593.1|A/cattle/Texas/24-008749-003/2024(H5N1)	201	9120
NS|PP755593.1|A/cattle/Texas/24-008749-003/2024(H5N1)	202	9033
NS|PP755593.1|A/cattle/Texas/24-008749-003/2024(H5N1)	203	9127
NS|PP755593.1|A/cattle/Texas/24-008749-003/2024(H5N1)	204	9085
NS|PP755593.1|A/cattle/Texas/24-008749-003/2024(H5N1)	205	9366
NS|PP755593.1|A/cattle/Texas/24-008749-003/2024(H5N1)	206	9354
NS|PP755593.1|A/cattle/Texas/24-008749-003/2024(H5N1)	207	9348
NS|PP755593.1|A/cattle/Texas/24-008749-003/2024(H5N1)	208	9345
NS|PP755593.1|A/cattle/Texas/24-008749-003/2024(H5N1)	209	9208
NS|PP755593.1|A/cattle/Texas/24-008749-003/2024(H5N1)	210	9202
NS|PP755593.1|A/cattle/Texas/24-008749-003/2024(H5N1)	211	9209
NS|PP755593.1|A/cattle/Texas/24-008749-003/2024(H5N1)	212	9437
NS|PP755593.1|A/cattle/Texas/24-008749-003/2024(H5N1)	213	9420
NS|PP755593.1|A/cattle/Texas/24-008749-003/2024(H5N1)	214	9457
NS|PP755593.1|A/cattle/Texas/24-008749-003/2024(H5N1)	215	9469
NS|PP755593.1|A/cattle/Texas/24-008749-003/2024(H5N1)	216	9501
NS|PP755593.1|A/cattle/Texas/24-008749-003/2024(H5N1)	217	9493
NS|PP755593.1|A/cattle/Texas/24-008749-003/2024(H5N1)	218	9503
NS|PP755593.1|A/cattle/Texas/24-008749-003/2024(H5N1)	219	9473
NS|PP755593.1|A/cattle/Texas/24-008749-003/2024(H5N1)	220	9429
NS|PP755593.1|A/cattle/Texas/24-008749-003/2024(H5N1)	221	9430
NS|PP755593.1|A/cattle/Texas/24-008749-003/2024(H5N1)	222	9180
NS|PP755593.1|A/cattle/Texas/24-008749-003/2024(H5N1)	223	9131
NS|PP755593.1|A/cattle/Texas/24-008749-003/2024(H5N1)	224	9117
NS|PP755593.1|A/cattle/Texas/24-008749-003/2024(H5N1)	225	9121
NS|PP755593.1|A/cattle/Texas/24-008749-003/2024(H5N1)	226	9171
NS|PP755593.1|A/cattle/Texas/24-008749-003/2024(H5N1)	227	8991
NS|PP755593.1|A/cattle/Texas/24-008749-003/2024(H5N1)	228	8999
NS|PP755593.1|A/cattle/Texas/24-008749-003/2024(H5N1)	229	9046
NS|PP755593.1|A/cattle/Texas/24-008749-003/2024(H5N1)	230	9055
NS|PP755593.1|A/cattle/Texas/24-008749-003/2024(H5N1)	231	9146
NS|PP755593.1|A/cattle/Texas/24-008749-003/2024(H5N1)	232	9138
NS|PP755593.1|A/cattle/Texas/24-008749-003/2024(H5N1)	233	9173
NS|PP755593.1|A/cattle/Texas/24-008749-003/2024(H5N1)	234	9106
NS|PP755593.1|A/cattle/Texas/24-008749-003/2024(H5N1)	235	9094
NS|PP755593.1|A/cattle/Texas/24-008749-003/2024(H5N1)	236	9190
NS|PP755593.1|A/cattle/Texas/24-008749-003/2024(H5N1)	237	9227
NS|PP755593.1|A/cattle/Texas/24-008749-003/2024(H5N1)	238	9344
NS|PP755593.1|A/cattle/Texas/24-008749-003/2024(H5N1)	239	9263
NS|PP755593.1|A/cattle/Texas/24-008749-003/2024(H5N1)	240	9242
NS|PP755593.1|A/cattle/Texas/24-008749-003/2024(H5N1)	241	9254
NS|PP755593.1|A/cattle/Texas/24-008749-003/2024(H5N1)	242	9243
NS|PP755593.1|A/cattle/Texas/24-008749-003/2024(H5N1)	243	9256
NS|PP755593.1|A/cattle/Texas/24-008749-003/2024(H5N1)	244	9267
NS|PP755593.1|A/cattle/Texas/24-008749-003/2024(H5N1)	245	9193
NS|PP755593.1|A/cattle/Texas/24-008749-003/2024(H5N1)	246	9320
NS|PP755593.1|A/cattle/Texas/24-008749-003/2024(H5N1)	247	9198
NS|PP755593.1|A/cattle/Texas/24-008749-003/2024(H5N1)	248	9167
NS|PP755593.1|A/cattle/Texas/24-008749-003/2024(H5N1)	249	9125
NS|PP755593.1|A/cattle/Texas/24-008749-003/2024(H5N1)	250	9351
NS|PP755593.1|A/cattle/Texas/24-008749-003/2024(H5N1)	251	9376
NS|PP755593.1|A/cattle/Texas/24-008749-003/2024(H5N1)	252	9376
NS|PP755593.1|A/cattle/Texas/24-008749-003/2024(H5N1)	253	9403
NS|PP755593.1|A/cattle/Texas/24-008749-003/2024(H5N1)	254	9204
NS|PP755593.1|A/cattle/Texas/24-008749-003/2024(H5N1)	255	8972
NS|PP755593.1|A/cattle/Texas/24-008749-003/2024(H5N1)	256	9130
NS|PP755593.1|A/cattle/Texas/24-008749-003/2024(H5N1)	257	9253
NS|PP755593.1|A/cattle/Texas/24-008749-003/2024(H5N1)	258	9247
NS|PP755593.1|A/cattle/Texas/24-008749-003/2024(H5N1)	259	9275
NS|PP755593.1|A/cattle/Texas/24-008749-003/2024(H5N1)	260	8948
NS|PP755593.1|A/cattle/Texas/24-008749-003/2024(H5N1)	261	9017
NS|PP755593.1|A/cattle/Texas/24-008749-003/2024(H5N1)	262	9070
NS|PP755593.1|A/cattle/Texas/24-008749-003/2024(H5N1)	263	9070
NS|PP755593.1|A/cattle/Texas/24-008749-003/2024(H5N1)	264	9071
NS|PP755593.1|A/cattle/Texas/24-008749-003/2024(H5N1)	265	8855
NS|PP755593.1|A/cattle/Texas/24-008749-003/2024(H5N1)	266	9151
NS|PP755593.1|A/cattle/Texas/24-008749-003/2024(H5N1)	267	9166
NS|PP755593.1|A/cattle/Texas/24-008749-003/2024(H5N1)	268	9126
NS|PP755593.1|A/cattle/Texas/24-008749-003/2024(H5N1)	269	9124
NS|PP755593.1|A/cattle/Texas/24-008749-003/2024(H5N1)	270	9058
NS|PP755593.1|A/cattle/Texas/24-008749-003/2024(H5N1)	271	9073
NS|PP755593.1|A/cattle/Texas/24-008749-003/2024(H5N1)	272	8993
NS|PP755593.1|A/cattle/Texas/24-008749-003/2024(H5N1)	273	8872
NS|PP755593.1|A/cattle/Texas/24-008749-003/2024(H5N1)	274	8899
NS|PP755593.1|A/cattle/Texas/24-008749-003/2024(H5N1)	275	8526
NS|PP755593.1|A/cattle/Texas/24-008749-003/2024(H5N1)	276	8468
NS|PP755593.1|A/cattle/Texas/24-008749-003/2024(H5N1)	277	8469
NS|PP755593.1|A/cattle/Texas/24-008749-003/2024(H5N1)	278	8526
NS|PP755593.1|A/cattle/Texas/24-008749-003/2024(H5N1)	279	8513
NS|PP755593.1|A/cattle/Texas/24-008749-003/2024(H5N1)	280	8494
NS|PP755593.1|A/cattle/Texas/24-008749-003/2024(H5N1)	281	8668
NS|PP755593.1|A/cattle/Texas/24-008749-003/2024(H5N1)	282	8651
NS|PP755593.1|A/cattle/Texas/24-008749-003/2024(H5N1)	283	8689
NS|PP755593.1|A/cattle/Texas/24-008749-003/2024(H5N1)	284	8672
NS|PP755593.1|A/cattle/Texas/24-008749-003/2024(H5N1)	285	8668
NS|PP755593.1|A/cattle/Texas/24-008749-003/2024(H5N1)	286	8695
NS|PP755593.1|A/cattle/Texas/24-008749-003/2024(H5N1)	287	9280
NS|PP755593.1|A/cattle/Texas/24-008749-003/2024(H5N1)	288	9279
NS|PP755593.1|A/cattle/Texas/24-008749-003/2024(H5N1)	289	9151
NS|PP755593.1|A/cattle/Texas/24-008749-003/2024(H5N1)	290	8835
NS|PP755593.1|A/cattle/Texas/24-008749-003/2024(H5N1)	291	9008
NS|PP755593.1|A/cattle/Texas/24-008749-003/2024(H5N1)	292	9075
NS|PP755593.1|A/cattle/Texas/24-008749-003/2024(H5N1)	293	9127
NS|PP755593.1|A/cattle/Texas/24-008749-003/2024(H5N1)	294	9138
NS|PP755593.1|A/cattle/Texas/24-008749-003/2024(H5N1)	295	9139
NS|PP755593.1|A/cattle/Texas/24-008749-003/2024(H5N1)	296	8946
NS|PP755593.1|A/cattle/Texas/24-008749-003/2024(H5N1)	297	8941
NS|PP755593.1|A/cattle/Texas/24-008749-003/2024(H5N1)	298	8935
NS|PP755593.1|A/cattle/Texas/24-008749-003/2024(H5N1)	299	8936
NS|PP755593.1|A/cattle/Texas/24-008749-003/2024(H5N1)	300	8819
NS|PP755593.1|A/cattle/Texas/24-008749-003/2024(H5N1)	301	8881
NS|PP755593.1|A/cattle/Texas/24-008749-003/2024(H5N1)	302	8650
NS|PP755593.1|A/cattle/Texas/24-008749-003/2024(H5N1)	303	8628
NS|PP755593.1|A/cattle/Texas/24-008749-003/2024(H5N1)	304	8570
NS|PP755593.1|A/cattle/Texas/24-008749-003/2024(H5N1)	305	8898
NS|PP755593.1|A/cattle/Texas/24-008749-003/2024(H5N1)	306	9089
NS|PP755593.1|A/cattle/Texas/24-008749-003/2024(H5N1)	307	9094
NS|PP755593.1|A/cattle/Texas/24-008749-003/2024(H5N1)	308	9083
NS|PP755593.1|A/cattle/Texas/24-008749-003/2024(H5N1)	309	8998
NS|PP755593.1|A/cattle/Texas/24-008749-003/2024(H5N1)	310	8967
NS|PP755593.1|A/cattle/Texas/24-008749-003/2024(H5N1)	311	8993
NS|PP755593.1|A/cattle/Texas/24-008749-003/2024(H5N1)	312	9106
NS|PP755593.1|A/cattle/Texas/24-008749-003/2024(H5N1)	313	9206
NS|PP755593.1|A/cattle/Texas/24-008749-003/2024(H5N1)	314	8855
NS|PP755593.1|A/cattle/Texas/24-008749-003/2024(H5N1)	315	8719
NS|PP755593.1|A/cattle/Texas/24-008749-003/2024(H5N1)	316	8683
NS|PP755593.1|A/cattle/Texas/24-008749-003/2024(H5N1)	317	8720
NS|PP755593.1|A/cattle/Texas/24-008749-003/2024(H5N1)	318	8710
NS|PP755593.1|A/cattle/Texas/24-008749-003/2024(H5N1)	319	8780
NS|PP755593.1|A/cattle/Texas/24-008749-003/2024(H5N1)	320	8765
NS|PP755593.1|A/cattle/Texas/24-008749-003/2024(H5N1)	321	8637
NS|PP755593.1|A/cattle/Texas/24-008749-003/2024(H5N1)	322	8551
NS|PP755593.1|A/cattle/Texas/24-008749-003/2024(H5N1)	323	8611
NS|PP755593.1|A/cattle/Texas/24-008749-003/2024(H5N1)	324	8603
NS|PP755593.1|A/cattle/Texas/24-008749-003/2024(H5N1)	325	8606
NS|PP755593.1|A/cattle/Texas/24-008749-003/2024(H5N1)	326	8589
NS|PP755593.1|A/cattle/Texas/24-008749-003/2024(H5N1)	327	8539
NS|PP755593.1|A/cattle/Texas/24-008749-003/2024(H5N1)	328	8534
NS|PP755593.1|A/cattle/Texas/24-008749-003/2024(H5N1)	329	8537
NS|PP755593.1|A/cattle/Texas/24-008749-003/2024(H5N1)	330	8514
NS|PP755593.1|A/cattle/Texas/24-008749-003/2024(H5N1)	331	8559
NS|PP755593.1|A/cattle/Texas/24-008749-003/2024(H5N1)	332	8443
NS|PP755593.1|A/cattle/Texas/24-008749-003/2024(H5N1)	333	8435
NS|PP755593.1|A/cattle/Texas/24-008749-003/2024(H5N1)	334	8418
NS|PP755593.1|A/cattle/Texas/24-008749-003/2024(H5N1)	335	8415
NS|PP755593.1|A/cattle/Texas/24-008749-003/2024(H5N1)	336	8407
NS|PP755593.1|A/cattle/Texas/24-008749-003/2024(H5N1)	337	8481
NS|PP755593.1|A/cattle/Texas/24-008749-003/2024(H5N1)	338	8520
NS|PP755593.1|A/cattle/Texas/24-008749-003/2024(H5N1)	339	8445
NS|PP755593.1|A/cattle/Texas/24-008749-003/2024(H5N1)	340	8422
NS|PP755593.1|A/cattle/Texas/24-008749-003/2024(H5N1)	341	8482
NS|PP755593.1|A/cattle/Texas/24-008749-003/2024(H5N1)	342	8496
NS|PP755593.1|A/cattle/Texas/24-008749-003/2024(H5N1)	343	8382
NS|PP755593.1|A/cattle/Texas/24-008749-003/2024(H5N1)	344	8395
NS|PP755593.1|A/cattle/Texas/24-008749-003/2024(H5N1)	345	8478
NS|PP755593.1|A/cattle/Texas/24-008749-003/2024(H5N1)	346	8324
NS|PP755593.1|A/cattle/Texas/24-008749-003/2024(H5N1)	347	8614
NS|PP755593.1|A/cattle/Texas/24-008749-003/2024(H5N1)	348	8629
NS|PP755593.1|A/cattle/Texas/24-008749-003/2024(H5N1)	349	8638
NS|PP755593.1|A/cattle/Texas/24-008749-003/2024(H5N1)	350	8600
NS|PP755593.1|A/cattle/Texas/24-008749-003/2024(H5N1)	351	8480
NS|PP755593.1|A/cattle/Texas/24-008749-003/2024(H5N1)	352	8352
NS|PP755593.1|A/cattle/Texas/24-008749-003/2024(H5N1)	353	8619
NS|PP755593.1|A/cattle/Texas/24-008749-003/2024(H5N1)	354	8708
NS|PP755593.1|A/cattle/Texas/24-008749-003/2024(H5N1)	355	8828
NS|PP755593.1|A/cattle/Texas/24-008749-003/2024(H5N1)	356	8488
NS|PP755593.1|A/cattle/Texas/24-008749-003/2024(H5N1)	357	8508
NS|PP755593.1|A/cattle/Texas/24-008749-003/2024(H5N1)	358	8567
NS|PP755593.1|A/cattle/Texas/24-008749-003/2024(H5N1)	359	8620
NS|PP755593.1|A/cattle/Texas/24-008749-003/2024(H5N1)	360	8692
NS|PP755593.1|A/cattle/Texas/24-008749-003/2024(H5N1)	361	8648
NS|PP755593.1|A/cattle/Texas/24-008749-003/2024(H5N1)	362	8355
NS|PP755593.1|A/cattle/Texas/24-008749-003/2024(H5N1)	363	8435
NS|PP755593.1|A/cattle/Texas/24-008749-003/2024(H5N1)	364	8554
NS|PP755593.1|A/cattle/Texas/24-008749-003/2024(H5N1)	365	8710
NS|PP755593.1|A/cattle/Texas/24-008749-003/2024(H5N1)	366	8696
NS|PP755593.1|A/cattle/Texas/24-008749-003/2024(H5N1)	367	8903
NS|PP755593.1|A/cattle/Texas/24-008749-003/2024(H5N1)	368	8906
NS|PP755593.1|A/cattle/Texas/24-008749-003/2024(H5N1)	369	8928
NS|PP755593.1|A/cattle/Texas/24-008749-003/2024(H5N1)	370	8944
NS|PP755593.1|A/cattle/Texas/24-008749-003/2024(H5N1)	371	8940
NS|PP755593.1|A/cattle/Texas/24-008749-003/2024(H5N1)	372	8907
NS|PP755593.1|A/cattle/Texas/24-008749-003/2024(H5N1)	373	9025
NS|PP755593.1|A/cattle/Texas/24-008749-003/2024(H5N1)	374	9012
NS|PP755593.1|A/cattle/Texas/24-008749-003/2024(H5N1)	375	9044
NS|PP755593.1|A/cattle/Texas/24-008749-003/2024(H5N1)	376	8970
NS|PP755593.1|A/cattle/Texas/24-008749-003/2024(H5N1)	377	8954
NS|PP755593.1|A/cattle/Texas/24-008749-003/2024(H5N1)	378	9103
NS|PP755593.1|A/cattle/Texas/24-008749-003/2024(H5N1)	379	9087
NS|PP755593.1|A/cattle/Texas/24-008749-003/2024(H5N1)	380	9198
NS|PP755593.1|A/cattle/Texas/24-008749-003/2024(H5N1)	381	9154
NS|PP755593.1|A/cattle/Texas/24-008749-003/2024(H5N1)	382	9083
NS|PP755593.1|A/cattle/Texas/24-008749-003/2024(H5N1)	383	9101
NS|PP755593.1|A/cattle/Texas/24-008749-003/2024(H5N1)	384	9049
NS|PP755593.1|A/cattle/Texas/24-008749-003/2024(H5N1)	385	9098
NS|PP755593.1|A/cattle/Texas/24-008749-003/2024(H5N1)	386	9104
NS|PP755593.1|A/cattle/Texas/24-008749-003/2024(H5N1)	387	8969
NS|PP755593.1|A/cattle/Texas/24-008749-003/2024(H5N1)	388	8883
NS|PP755593.1|A/cattle/Texas/24-008749-003/2024(H5N1)	389	8704
NS|PP755593.1|A/cattle/Texas/24-008749-003/2024(H5N1)	390	8699
NS|PP755593.1|A/cattle/Texas/24-008749-003/2024(H5N1)	391	8669
NS|PP755593.1|A/cattle/Texas/24-008749-003/2024(H5N1)	392	8668
NS|PP755593.1|A/cattle/Texas/24-008749-003/2024(H5N1)	393	8675
NS|PP755593.1|A/cattle/Texas/24-008749-003/2024(H5N1)	394	8690
NS|PP755593.1|A/cattle/Texas/24-008749-003/2024(H5N1)	395	8620
NS|PP755593.1|A/cattle/Texas/24-008749-003/2024(H5N1)	396	8666
NS|PP755593.1|A/cattle/Texas/24-008749-003/2024(H5N1)	397	8537
NS|PP755593.1|A/cattle/Texas/24-008749-003/2024(H5N1)	398	8683
NS|PP755593.1|A/cattle/Texas/24-008749-003/2024(H5N1)	399	8596
NS|PP755593.1|A/cattle/Texas/24-008749-003/2024(H5N1)	400	8596
NS|PP755593.1|A/cattle/Texas/24-008749-003/2024(H5N1)	401	8635
NS|PP755593.1|A/cattle/Texas/24-008749-003/2024(H5N1)	402	8609
NS|PP755593.1|A/cattle/Texas/24-008749-003/2024(H5N1)	403	8554
NS|PP755593.1|A/cattle/Texas/24-008749-003/2024(H5N1)	404	8602
NS|PP755593.1|A/cattle/Texas/24-008749-003/2024(H5N1)	405	8659
NS|PP755593.1|A/cattle/Texas/24-008749-003/2024(H5N1)	406	8688
NS|PP755593.1|A/cattle/Texas/24-008749-003/2024(H5N1)	407	8517
NS|PP755593.1|A/cattle/Texas/24-008749-003/2024(H5N1)	408	8409
NS|PP755593.1|A/cattle/Texas/24-008749-003/2024(H5N1)	409	8569
NS|PP755593.1|A/cattle/Texas/24-008749-003/2024(H5N1)	410	8575
NS|PP755593.1|A/cattle/Texas/24-008749-003/2024(H5N1)	411	8593
NS|PP755593.1|A/cattle/Texas/24-008749-003/2024(H5N1)	412	8589
NS|PP755593.1|A/cattle/Texas/24-008749-003/2024(H5N1)	413	8553
NS|PP755593.1|A/cattle/Texas/24-008749-003/2024(H5N1)	414	8473
NS|PP755593.1|A/cattle/Texas/24-008749-003/2024(H5N1)	415	8452
NS|PP755593.1|A/cattle/Texas/24-008749-003/2024(H5N1)	416	8453
NS|PP755593.1|A/cattle/Texas/24-008749-003/2024(H5N1)	417	8178
NS|PP755593.1|A/cattle/Texas/24-008749-003/2024(H5N1)	418	8179
NS|PP755593.1|A/cattle/Texas/24-008749-003/2024(H5N1)	419	8177
NS|PP755593.1|A/cattle/Texas/24-008749-003/2024(H5N1)	420	8310
NS|PP755593.1|A/cattle/Texas/24-008749-003/2024(H5N1)	421	8328
NS|PP755593.1|A/cattle/Texas/24-008749-003/2024(H5N1)	422	8711
NS|PP755593.1|A/cattle/Texas/24-008749-003/2024(H5N1)	423	8761
NS|PP755593.1|A/cattle/Texas/24-008749-003/2024(H5N1)	424	8766
NS|PP755593.1|A/cattle/Texas/24-008749-003/2024(H5N1)	425	8765
NS|PP755593.1|A/cattle/Texas/24-008749-003/2024(H5N1)	426	8767
NS|PP755593.1|A/cattle/Texas/24-008749-003/2024(H5N1)	427	8757
NS|PP755593.1|A/cattle/Texas/24-008749-003/2024(H5N1)	428	9670
NS|PP755593.1|A/cattle/Texas/24-008749-003/2024(H5N1)	429	9537
NS|PP755593.1|A/cattle/Texas/24-008749-003/2024(H5N1)	430	9437
NS|PP755593.1|A/cattle/Texas/24-008749-003/2024(H5N1)	431	9437
NS|PP755593.1|A/cattle/Texas/24-008749-003/2024(H5N1)	432	9578
NS|PP755593.1|A/cattle/Texas/24-008749-003/2024(H5N1)	433	9915
NS|PP755593.1|A/cattle/Texas/24-008749-003/2024(H5N1)	434	9786
NS|PP755593.1|A/cattle/Texas/24-008749-003/2024(H5N1)	435	9779
NS|PP755593.1|A/cattle/Texas/24-008749-003/2024(H5N1)	436	9773
NS|PP755593.1|A/cattle/Texas/24-008749-003/2024(H5N1)	437	9011
NS|PP755593.1|A/cattle/Texas/24-008749-003/2024(H5N1)	438	9180
NS|PP755593.1|A/cattle/Texas/24-008749-003/2024(H5N1)	439	9143
NS|PP755593.1|A/cattle/Texas/24-008749-003/2024(H5N1)	440	9218
NS|PP755593.1|A/cattle/Texas/24-008749-003/2024(H5N1)	441	9085
NS|PP755593.1|A/cattle/Texas/24-008749-003/2024(H5N1)	442	8748
NS|PP755593.1|A/cattle/Texas/24-008749-003/2024(H5N1)	443	8822
NS|PP755593.1|A/cattle/Texas/24-008749-003/2024(H5N1)	444	8801
NS|PP755593.1|A/cattle/Texas/24-008749-003/2024(H5N1)	445	8783
NS|PP755593.1|A/cattle/Texas/24-008749-003/2024(H5N1)	446	8774
NS|PP755593.1|A/cattle/Texas/24-008749-003/2024(H5N1)	447	8742
NS|PP755593.1|A/cattle/Texas/24-008749-003/2024(H5N1)	448	8751
NS|PP755593.1|A/cattle/Texas/24-008749-003/2024(H5N1)	449	8811
NS|PP755593.1|A/cattle/Texas/24-008749-003/2024(H5N1)	450	8812
NS|PP755593.1|A/cattle/Texas/24-008749-003/2024(H5N1)	451	8834
NS|PP755593.1|A/cattle/Texas/24-008749-003/2024(H5N1)	452	8858
NS|PP755593.1|A/cattle/Texas/24-008749-003/2024(H5N1)	453	8775
NS|PP755593.1|A/cattle/Texas/24-008749-003/2024(H5N1)	454	8826
NS|PP755593.1|A/cattle/Texas/24-008749-003/2024(H5N1)	455	8834
NS|PP755593.1|A/cattle/Texas/24-008749-003/2024(H5N1)	456	8593
NS|PP755593.1|A/cattle/Texas/24-008749-003/2024(H5N1)	457	8449
NS|PP755593.1|A/cattle/Texas/24-008749-003/2024(H5N1)	458	8395
NS|PP755593.1|A/cattle/Texas/24-008749-003/2024(H5N1)	459	8416
NS|PP755593.1|A/cattle/Texas/24-008749-003/2024(H5N1)	460	8363
NS|PP755593.1|A/cattle/Texas/24-008749-003/2024(H5N1)	461	8486
NS|PP755593.1|A/cattle/Texas/24-008749-003/2024(H5N1)	462	8456
NS|PP755593.1|A/cattle/Texas/24-008749-003/2024(H5N1)	463	8343
NS|PP755593.1|A/cattle/Texas/24-008749-003/2024(H5N1)	464	8300
NS|PP755593.1|A/cattle/Texas/24-008749-003/2024(H5N1)	465	8294
NS|PP755593.1|A/cattle/Texas/24-008749-003/2024(H5N1)	466	8297
NS|PP755593.1|A/cattle/Texas/24-008749-003/2024(H5N1)	467	8354
NS|PP755593.1|A/cattle/Texas/24-008749-003/2024(H5N1)	468	8316
NS|PP755593.1|A/cattle/Texas/24-008749-003/2024(H5N1)	469	8316
NS|PP755593.1|A/cattle/Texas/24-008749-003/2024(H5N1)	470	8192
NS|PP755593.1|A/cattle/Texas/24-008749-003/2024(H5N1)	471	8189
NS|PP755593.1|A/cattle/Texas/24-008749-003/2024(H5N1)	472	8191
NS|PP755593.1|A/cattle/Texas/24-008749-003/2024(H5N1)	473	8311
NS|PP755593.1|A/cattle/Texas/24-008749-003/2024(H5N1)	474	8286
NS|PP755593.1|A/cattle/Texas/24-008749-003/2024(H5N1)	475	8280
NS|PP755593.1|A/cattle/Texas/24-008749-003/2024(H5N1)	476	8559
NS|PP755593.1|A/cattle/Texas/24-008749-003/2024(H5N1)	477	8607
NS|PP755593.1|A/cattle/Texas/24-008749-003/2024(H5N1)	478	8618
NS|PP755593.1|A/cattle/Texas/24-008749-003/2024(H5N1)	479	8619
NS|PP755593.1|A/cattle/Texas/24-008749-003/2024(H5N1)	480	8667
NS|PP755593.1|A/cattle/Texas/24-008749-003/2024(H5N1)	481	8668
NS|PP755593.1|A/cattle/Texas/24-008749-003/2024(H5N1)	482	8854
NS|PP755593.1|A/cattle/Texas/24-008749-003/2024(H5N1)	483	8885
NS|PP755593.1|A/cattle/Texas/24-008749-003/2024(H5N1)	484	8929
NS|PP755593.1|A/cattle/Texas/24-008749-003/2024(H5N1)	485	8957
NS|PP755593.1|A/cattle/Texas/24-008749-003/2024(H5N1)	486	8935
NS|PP755593.1|A/cattle/Texas/24-008749-003/2024(H5N1)	487	8995
NS|PP755593.1|A/cattle/Texas/24-008749-003/2024(H5N1)	488	8877
NS|PP755593.1|A/cattle/Texas/24-008749-003/2024(H5N1)	489	8909
NS|PP755593.1|A/cattle/Texas/24-008749-003/2024(H5N1)	490	8962
NS|PP755593.1|A/cattle/Texas/24-008749-003/2024(H5N1)	491	8908
NS|PP755593.1|A/cattle/Texas/24-008749-003/2024(H5N1)	492	9380
NS|PP755593.1|A/cattle/Texas/24-008749-003/2024(H5N1)	493	9375
NS|PP755593.1|A/cattle/Texas/24-008749-003/2024(H5N1)	494	9176
NS|PP755593.1|A/cattle/Texas/24-008749-003/2024(H5N1)	495	9170
NS|PP755593.1|A/cattle/Texas/24-008749-003/2024(H5N1)	496	9296
NS|PP755593.1|A/cattle/Texas/24-008749-003/2024(H5N1)	497	9363
NS|PP755593.1|A/cattle/Texas/24-008749-003/2024(H5N1)	498	9333
NS|PP755593.1|A/cattle/Texas/24-008749-003/2024(H5N1)	499	9333
NS|PP755593.1|A/cattle/Texas/24-008749-003/2024(H5N1)	500	9321
NS|PP755593.1|A/cattle/Texas/24-008749-003/2024(H5N1)	501	9349
NS|PP755593.1|A/cattle/Texas/24-008749-003/2024(H5N1)	502	9514
NS|PP755593.1|A/cattle/Texas/24-008749-003/2024(H5N1)	503	9812
NS|PP755593.1|A/cattle/Texas/24-008749-003/2024(H5N1)	504	9612
NS|PP755593.1|A/cattle/Texas/24-008749-003/2024(H5N1)	505	9376
NS|PP755593.1|A/cattle/Texas/24-008749-003/2024(H5N1)	506	9523
NS|PP755593.1|A/cattle/Texas/24-008749-003/2024(H5N1)	507	9541
NS|PP755593.1|A/cattle/Texas/24-008749-003/2024(H5N1)	508	9548
NS|PP755593.1|A/cattle/Texas/24-008749-003/2024(H5N1)	509	9719
NS|PP755593.1|A/cattle/Texas/24-008749-003/2024(H5N1)	510	9655
NS|PP755593.1|A/cattle/Texas/24-008749-003/2024(H5N1)	511	9636
NS|PP755593.1|A/cattle/Texas/24-008749-003/2024(H5N1)	512	9578
NS|PP755593.1|A/cattle/Texas/24-008749-003/2024(H5N1)	513	9494
NS|PP755593.1|A/cattle/Texas/24-008749-003/2024(H5N1)	514	9436
NS|PP755593.1|A/cattle/Texas/24-008749-003/2024(H5N1)	515	9169
NS|PP755593.1|A/cattle/Texas/24-008749-003/2024(H5N1)	516	9169
NS|PP755593.1|A/cattle/Texas/24-008749-003/2024(H5N1)	517	9166
NS|PP755593.1|A/cattle/Texas/24-008749-003/2024(H5N1)	518	8915
NS|PP755593.1|A/cattle/Texas/24-008749-003/2024(H5N1)	519	8912
NS|PP755593.1|A/cattle/Texas/24-008749-003/2024(H5N1)	520	8872
NS|PP755593.1|A/cattle/Texas/24-008749-003/2024(H5N1)	521	8855
NS|PP755593.1|A/cattle/Texas/24-008749-003/2024(H5N1)	522	8833
NS|PP755593.1|A/cattle/Texas/24-008749-003/2024(H5N1)	523	8825
NS|PP755593.1|A/cattle/Texas/24-008749-003/2024(H5N1)	524	8788
NS|PP755593.1|A/cattle/Texas/24-008749-003/2024(H5N1)	525	8779
NS|PP755593.1|A/cattle/Texas/24-008749-003/2024(H5N1)	526	8739
NS|PP755593.1|A/cattle/Texas/24-008749-003/2024(H5N1)	527	8786
NS|PP755593.1|A/cattle/Texas/24-008749-003/2024(H5N1)	528	8782
NS|PP755593.1|A/cattle/Texas/24-008749-003/2024(H5N1)	529	8658
NS|PP755593.1|A/cattle/Texas/24-008749-003/2024(H5N1)	530	8745
NS|PP755593.1|A/cattle/Texas/24-008749-003/2024(H5N1)	531	8746
NS|PP755593.1|A/cattle/Texas/24-008749-003/2024(H5N1)	532	8823
NS|PP755593.1|A/cattle/Texas/24-008749-003/2024(H5N1)	533	8787
NS|PP755593.1|A/cattle/Texas/24-008749-003/2024(H5N1)	534	8774
NS|PP755593.1|A/cattle/Texas/24-008749-003/2024(H5N1)	535	8801
NS|PP755593.1|A/cattle/Texas/24-008749-003/2024(H5N1)	536	8754
NS|PP755593.1|A/cattle/Texas/24-008749-003/2024(H5N1)	537	8771
NS|PP755593.1|A/cattle/Texas/24-008749-003/2024(H5N1)	538	8832
NS|PP755593.1|A/cattle/Texas/24-008749-003/2024(H5N1)	539	8854
NS|PP755593.1|A/cattle/Texas/24-008749-003/2024(H5N1)	540	8989
NS|PP755593.1|A/cattle/Texas/24-008749-003/2024(H5N1)	541	8953
NS|PP755593.1|A/cattle/Texas/24-008749-003/2024(H5N1)	542	8942
NS|PP755593.1|A/cattle/Texas/24-008749-003/2024(H5N1)	543	9051
NS|PP755593.1|A/cattle/Texas/24-008749-003/2024(H5N1)	544	9030
NS|PP755593.1|A/cattle/Texas/24-008749-003/2024(H5N1)	545	9077
NS|PP755593.1|A/cattle/Texas/24-008749-003/2024(H5N1)	546	9067
NS|PP755593.1|A/cattle/Texas/24-008749-003/2024(H5N1)	547	9005
NS|PP755593.1|A/cattle/Texas/24-008749-003/2024(H5N1)	548	9022
NS|PP755593.1|A/cattle/Texas/24-008749-003/2024(H5N1)	549	8871
NS|PP755593.1|A/cattle/Texas/24-008749-003/2024(H5N1)	550	8807
NS|PP755593.1|A/cattle/Texas/24-008749-003/2024(H5N1)	551	8917
NS|PP755593.1|A/cattle/Texas/24-008749-003/2024(H5N1)	552	8828
NS|PP755593.1|A/cattle/Texas/24-008749-003/2024(H5N1)	553	9043
NS|PP755593.1|A/cattle/Texas/24-008749-003/2024(H5N1)	554	9018
NS|PP755593.1|A/cattle/Texas/24-008749-003/2024(H5N1)	555	9027
NS|PP755593.1|A/cattle/Texas/24-008749-003/2024(H5N1)	556	9063
NS|PP755593.1|A/cattle/Texas/24-008749-003/2024(H5N1)	557	9028
NS|PP755593.1|A/cattle/Texas/24-008749-003/2024(H5N1)	558	9030
NS|PP755593.1|A/cattle/Texas/24-008749-003/2024(H5N1)	559	9007
NS|PP755593.1|A/cattle/Texas/24-008749-003/2024(H5N1)	560	8842
NS|PP755593.1|A/cattle/Texas/24-008749-003/2024(H5N1)	561	8920
NS|PP755593.1|A/cattle/Texas/24-008749-003/2024(H5N1)	562	8837
NS|PP755593.1|A/cattle/Texas/24-008749-003/2024(H5N1)	563	8896
NS|PP755593.1|A/cattle/Texas/24-008749-003/2024(H5N1)	564	9333
NS|PP755593.1|A/cattle/Texas/24-008749-003/2024(H5N1)	565	9382
NS|PP755593.1|A/cattle/Texas/24-008749-003/2024(H5N1)	566	9411
NS|PP755593.1|A/cattle/Texas/24-008749-003/2024(H5N1)	567	9590
NS|PP755593.1|A/cattle/Texas/24-008749-003/2024(H5N1)	568	9590
NS|PP755593.1|A/cattle/Texas/24-008749-003/2024(H5N1)	569	9648
NS|PP755593.1|A/cattle/Texas/24-008749-003/2024(H5N1)	570	9493
NS|PP755593.1|A/cattle/Texas/24-008749-003/2024(H5N1)	571	9436
NS|PP755593.1|A/cattle/Texas/24-008749-003/2024(H5N1)	572	9511
NS|PP755593.1|A/cattle/Texas/24-008749-003/2024(H5N1)	573	8956
NS|PP755593.1|A/cattle/Texas/24-008749-003/2024(H5N1)	574	9104
NS|PP755593.1|A/cattle/Texas/24-008749-003/2024(H5N1)	575	9112
NS|PP755593.1|A/cattle/Texas/24-008749-003/2024(H5N1)	576	9110
NS|PP755593.1|A/cattle/Texas/24-008749-003/2024(H5N1)	577	9509
NS|PP755593.1|A/cattle/Texas/24-008749-003/2024(H5N1)	578	9469
NS|PP755593.1|A/cattle/Texas/24-008749-003/2024(H5N1)	579	8721
NS|PP755593.1|A/cattle/Texas/24-008749-003/2024(H5N1)	580	8721
NS|PP755593.1|A/cattle/Texas/24-008749-003/2024(H5N1)	581	8603
NS|PP755593.1|A/cattle/Texas/24-008749-003/2024(H5N1)	582	8560
NS|PP755593.1|A/cattle/Texas/24-008749-003/2024(H5N1)	583	8371
NS|PP755593.1|A/cattle/Texas/24-008749-003/2024(H5N1)	584	8375
NS|PP755593.1|A/cattle/Texas/24-008749-003/2024(H5N1)	585	8374
NS|PP755593.1|A/cattle/Texas/24-008749-003/2024(H5N1)	586	8379
NS|PP755593.1|A/cattle/Texas/24-008749-003/2024(H5N1)	587	8797
NS|PP755593.1|A/cattle/Texas/24-008749-003/2024(H5N1)	588	8804
NS|PP755593.1|A/cattle/Texas/24-008749-003/2024(H5N1)	589	8862
NS|PP755593.1|A/cattle/Texas/24-008749-003/2024(H5N1)	590	8870
NS|PP755593.1|A/cattle/Texas/24-008749-003/2024(H5N1)	591	8765
NS|PP755593.1|A/cattle/Texas/24-008749-003/2024(H5N1)	592	8785
NS|PP755593.1|A/cattle/Texas/24-008749-003/2024(H5N1)	593	8788
NS|PP755593.1|A/cattle/Texas/24-008749-003/2024(H5N1)	594	8740
NS|PP755593.1|A/cattle/Texas/24-008749-003/2024(H5N1)	595	8717
NS|PP755593.1|A/cattle/Texas/24-008749-003/2024(H5N1)	596	8697
NS|PP755593.1|A/cattle/Texas/24-008749-003/2024(H5N1)	597	8724
NS|PP755593.1|A/cattle/Texas/24-008749-003/2024(H5N1)	598	8578
NS|PP755593.1|A/cattle/Texas/24-008749-003/2024(H5N1)	599	8614
NS|PP755593.1|A/cattle/Texas/24-008749-003/2024(H5N1)	600	8582
NS|PP755593.1|A/cattle/Texas/24-008749-003/2024(H5N1)	601	8550
NS|PP755593.1|A/cattle/Texas/24-008749-003/2024(H5N1)	602	8527
NS|PP755593.1|A/cattle/Texas/24-008749-003/2024(H5N1)	603	8555
NS|PP755593.1|A/cattle/Texas/24-008749-003/2024(H5N1)	604	8565
NS|PP755593.1|A/cattle/Texas/24-008749-003/2024(H5N1)	605	8493
NS|PP755593.1|A/cattle/Texas/24-008749-003/2024(H5N1)	606	8474
NS|PP755593.1|A/cattle/Texas/24-008749-003/2024(H5N1)	607	8476
NS|PP755593.1|A/cattle/Texas/24-008749-003/2024(H5N1)	608	8443
NS|PP755593.1|A/cattle/Texas/24-008749-003/2024(H5N1)	609	8556
NS|PP755593.1|A/cattle/Texas/24-008749-003/2024(H5N1)	610	8530
NS|PP755593.1|A/cattle/Texas/24-008749-003/2024(H5N1)	611	8529
NS|PP755593.1|A/cattle/Texas/24-008749-003/2024(H5N1)	612	8430
NS|PP755593.1|A/cattle/Texas/24-008749-003/2024(H5N1)	613	8390
NS|PP755593.1|A/cattle/Texas/24-008749-003/2024(H5N1)	614	8534
NS|PP755593.1|A/cattle/Texas/24-008749-003/2024(H5N1)	615	8562
NS|PP755593.1|A/cattle/Texas/24-008749-003/2024(H5N1)	616	8541
NS|PP755593.1|A/cattle/Texas/24-008749-003/2024(H5N1)	617	8803
NS|PP755593.1|A/cattle/Texas/24-008749-003/2024(H5N1)	618	8819
NS|PP755593.1|A/cattle/Texas/24-008749-003/2024(H5N1)	619	8851
NS|PP755593.1|A/cattle/Texas/24-008749-003/2024(H5N1)	620	8861
NS|PP755593.1|A/cattle/Texas/24-008749-003/2024(H5N1)	621	8846
NS|PP755593.1|A/cattle/Texas/24-008749-003/2024(H5N1)	622	8883
NS|PP755593.1|A/cattle/Texas/24-008749-003/2024(H5N1)	623	8752
NS|PP755593.1|A/cattle/Texas/24-008749-003/2024(H5N1)	624	8998
NS|PP755593.1|A/cattle/Texas/24-008749-003/2024(H5N1)	625	9181
NS|PP755593.1|A/cattle/Texas/24-008749-003/2024(H5N1)	626	8882
NS|PP755593.1|A/cattle/Texas/24-008749-003/2024(H5N1)	627	8927
NS|PP755593.1|A/cattle/Texas/24-008749-003/2024(H5N1)	628	8885
NS|PP755593.1|A/cattle/Texas/24-008749-003/2024(H5N1)	629	9045
NS|PP755593.1|A/cattle/Texas/24-008749-003/2024(H5N1)	630	9044
NS|PP755593.1|A/cattle/Texas/24-008749-003/2024(H5N1)	631	8980
NS|PP755593.1|A/cattle/Texas/24-008749-003/2024(H5N1)	632	9068
NS|PP755593.1|A/cattle/Texas/24-008749-003/2024(H5N1)	633	8818
NS|PP755593.1|A/cattle/Texas/24-008749-003/2024(H5N1)	634	9341
NS|PP755593.1|A/cattle/Texas/24-008749-003/2024(H5N1)	635	9905
NS|PP755593.1|A/cattle/Texas/24-008749-003/2024(H5N1)	636	9861
NS|PP755593.1|A/cattle/Texas/24-008749-003/2024(H5N1)	637	9881
NS|PP755593.1|A/cattle/Texas/24-008749-003/2024(H5N1)	638	10026
NS|PP755593.1|A/cattle/Texas/24-008749-003/2024(H5N1)	639	10060
NS|PP755593.1|A/cattle/Texas/24-008749-003/2024(H5N1)	640	10122
NS|PP755593.1|A/cattle/Texas/24-008749-003/2024(H5N1)	641	10022
NS|PP755593.1|A/cattle/Texas/24-008749-003/2024(H5N1)	642	10068
NS|PP755593.1|A/cattle/Texas/24-008749-003/2024(H5N1)	643	9505
NS|PP755593.1|A/cattle/Texas/24-008749-003/2024(H5N1)	644	9754
NS|PP755593.1|A/cattle/Texas/24-008749-003/2024(H5N1)	645	9760
NS|PP755593.1|A/cattle/Texas/24-008749-003/2024(H5N1)	646	9499
NS|PP755593.1|A/cattle/Texas/24-008749-003/2024(H5N1)	647	9458
NS|PP755593.1|A/cattle/Texas/24-008749-003/2024(H5N1)	648	9666
NS|PP755593.1|A/cattle/Texas/24-008749-003/2024(H5N1)	649	9701
NS|PP755593.1|A/cattle/Texas/24-008749-003/2024(H5N1)	650	9690
NS|PP755593.1|A/cattle/Texas/24-008749-003/2024(H5N1)	651	9688
NS|PP755593.1|A/cattle/Texas/24-008749-003/2024(H5N1)	652	9538
NS|PP755593.1|A/cattle/Texas/24-008749-003/2024(H5N1)	653	9181
NS|PP755593.1|A/cattle/Texas/24-008749-003/2024(H5N1)	654	9145
NS|PP755593.1|A/cattle/Texas/24-008749-003/2024(H5N1)	655	9197
NS|PP755593.1|A/cattle/Texas/24-008749-003/2024(H5N1)	656	9216
NS|PP755593.1|A/cattle/Texas/24-008749-003/2024(H5N1)	657	9027
NS|PP755593.1|A/cattle/Texas/24-008749-003/2024(H5N1)	658	9253
NS|PP755593.1|A/cattle/Texas/24-008749-003/2024(H5N1)	659	9260
NS|PP755593.1|A/cattle/Texas/24-008749-003/2024(H5N1)	660	9104
NS|PP755593.1|A/cattle/Texas/24-008749-003/2024(H5N1)	661	9086
NS|PP755593.1|A/cattle/Texas/24-008749-003/2024(H5N1)	662	9037
NS|PP755593.1|A/cattle/Texas/24-008749-003/2024(H5N1)	663	9065
NS|PP755593.1|A/cattle/Texas/24-008749-003/2024(H5N1)	664	9085
NS|PP755593.1|A/cattle/Texas/24-008749-003/2024(H5N1)	665	9096
NS|PP755593.1|A/cattle/Texas/24-008749-003/2024(H5N1)	666	9132
NS|PP755593.1|A/cattle/Texas/24-008749-003/2024(H5N1)	667	9350
NS|PP755593.1|A/cattle/Texas/24-008749-003/2024(H5N1)	668	9305
NS|PP755593.1|A/cattle/Texas/24-008749-003/2024(H5N1)	669	9305
NS|PP755593.1|A/cattle/Texas/24-008749-003/2024(H5N1)	670	9291
NS|PP755593.1|A/cattle/Texas/24-008749-003/2024(H5N1)	671	9395
NS|PP755593.1|A/cattle/Texas/24-008749-003/2024(H5N1)	672	9464
NS|PP755593.1|A/cattle/Texas/24-008749-003/2024(H5N1)	673	9524
NS|PP755593.1|A/cattle/Texas/24-008749-003/2024(H5N1)	674	9580
NS|PP755593.1|A/cattle/Texas/24-008749-003/2024(H5N1)	675	9532
NS|PP755593.1|A/cattle/Texas/24-008749-003/2024(H5N1)	676	9536
NS|PP755593.1|A/cattle/Texas/24-008749-003/2024(H5N1)	677	9544
NS|PP755593.1|A/cattle/Texas/24-008749-003/2024(H5N1)	678	9507
NS|PP755593.1|A/cattle/Texas/24-008749-003/2024(H5N1)	679	9509
NS|PP755593.1|A/cattle/Texas/24-008749-003/2024(H5N1)	680	9391
NS|PP755593.1|A/cattle/Texas/24-008749-003/2024(H5N1)	681	9336
NS|PP755593.1|A/cattle/Texas/24-008749-003/2024(H5N1)	682	9423
NS|PP755593.1|A/cattle/Texas/24-008749-003/2024(H5N1)	683	9288
NS|PP755593.1|A/cattle/Texas/24-008749-003/2024(H5N1)	684	9269
NS|PP755593.1|A/cattle/Texas/24-008749-003/2024(H5N1)	685	9273
NS|PP755593.1|A/cattle/Texas/24-008749-003/2024(H5N1)	686	9284
NS|PP755593.1|A/cattle/Texas/24-008749-003/2024(H5N1)	687	9291
NS|PP755593.1|A/cattle/Texas/24-008749-003/2024(H5N1)	688	9290
NS|PP755593.1|A/cattle/Texas/24-008749-003/2024(H5N1)	689	9139
NS|PP755593.1|A/cattle/Texas/24-008749-003/2024(H5N1)	690	9158
NS|PP755593.1|A/cattle/Texas/24-008749-003/2024(H5N1)	691	9090
NS|PP755593.1|A/cattle/Texas/24-008749-003/2024(H5N1)	692	9086
NS|PP755593.1|A/cattle/Texas/24-008749-003/2024(H5N1)	693	9085
NS|PP755593.1|A/cattle/Texas/24-008749-003/2024(H5N1)	694	8986
NS|PP755593.1|A/cattle/Texas/24-008749-003/2024(H5N1)	695	9096
NS|PP755593.1|A/cattle/Texas/24-008749-003/2024(H5N1)	696	9050
NS|PP755593.1|A/cattle/Texas/24-008749-003/2024(H5N1)	697	9045
NS|PP755593.1|A/cattle/Texas/24-008749-003/2024(H5N1)	698	9045
NS|PP755593.1|A/cattle/Texas/24-008749-003/2024(H5N1)	699	9105
NS|PP755593.1|A/cattle/Texas/24-008749-003/2024(H5N1)	700	9105
NS|PP755593.1|A/cattle/Texas/24-008749-003/2024(H5N1)	701	9087
NS|PP755593.1|A/cattle/Texas/24-008749-003/2024(H5N1)	702	8995
NS|PP755593.1|A/cattle/Texas/24-008749-003/2024(H5N1)	703	9015
NS|PP755593.1|A/cattle/Texas/24-008749-003/2024(H5N1)	704	8789
NS|PP755593.1|A/cattle/Texas/24-008749-003/2024(H5N1)	705	8786
NS|PP755593.1|A/cattle/Texas/24-008749-003/2024(H5N1)	706	8783
NS|PP755593.1|A/cattle/Texas/24-008749-003/2024(H5N1)	707	8755
NS|PP755593.1|A/cattle/Texas/24-008749-003/2024(H5N1)	708	8734
NS|PP755593.1|A/cattle/Texas/24-008749-003/2024(H5N1)	709	8891
NS|PP755593.1|A/cattle/Texas/24-008749-003/2024(H5N1)	710	9230
NS|PP755593.1|A/cattle/Texas/24-008749-003/2024(H5N1)	711	9275
NS|PP755593.1|A/cattle/Texas/24-008749-003/2024(H5N1)	712	9245
NS|PP755593.1|A/cattle/Texas/24-008749-003/2024(H5N1)	713	9275
NS|PP755593.1|A/cattle/Texas/24-008749-003/2024(H5N1)	714	10492
NS|PP755593.1|A/cattle/Texas/24-008749-003/2024(H5N1)	715	10075
NS|PP755593.1|A/cattle/Texas/24-008749-003/2024(H5N1)	716	10018
NS|PP755593.1|A/cattle/Texas/24-008749-003/2024(H5N1)	717	10176
NS|PP755593.1|A/cattle/Texas/24-008749-003/2024(H5N1)	718	9941
NS|PP755593.1|A/cattle/Texas/24-008749-003/2024(H5N1)	719	10273
NS|PP755593.1|A/cattle/Texas/24-008749-003/2024(H5N1)	720	10331
NS|PP755593.1|A/cattle/Texas/24-008749-003/2024(H5N1)	721	10332
NS|PP755593.1|A/cattle/Texas/24-008749-003/2024(H5N1)	722	10234
NS|PP755593.1|A/cattle/Texas/24-008749-003/2024(H5N1)	723	10241
NS|PP755593.1|A/cattle/Texas/24-008749-003/2024(H5N1)	724	10290
NS|PP755593.1|A/cattle/Texas/24-008749-003/2024(H5N1)	725	10124
NS|PP755593.1|A/cattle/Texas/24-008749-003/2024(H5N1)	726	10121
NS|PP755593.1|A/cattle/Texas/24-008749-003/2024(H5N1)	727	10120
NS|PP755593.1|A/cattle/Texas/24-008749-003/2024(H5N1)	728	9625
NS|PP755593.1|A/cattle/Texas/24-008749-003/2024(H5N1)	729	9855
NS|PP755593.1|A/cattle/Texas/24-008749-003/2024(H5N1)	730	9838
NS|PP755593.1|A/cattle/Texas/24-008749-003/2024(H5N1)	731	9742
NS|PP755593.1|A/cattle/Texas/24-008749-003/2024(H5N1)	732	9733
NS|PP755593.1|A/cattle/Texas/24-008749-003/2024(H5N1)	733	9633
NS|PP755593.1|A/cattle/Texas/24-008749-003/2024(H5N1)	734	9662
NS|PP755593.1|A/cattle/Texas/24-008749-003/2024(H5N1)	735	9654
NS|PP755593.1|A/cattle/Texas/24-008749-003/2024(H5N1)	736	9660
NS|PP755593.1|A/cattle/Texas/24-008749-003/2024(H5N1)	737	9633
NS|PP755593.1|A/cattle/Texas/24-008749-003/2024(H5N1)	738	9146
NS|PP755593.1|A/cattle/Texas/24-008749-003/2024(H5N1)	739	9010
NS|PP755593.1|A/cattle/Texas/24-008749-003/2024(H5N1)	740	8951
NS|PP755593.1|A/cattle/Texas/24-008749-003/2024(H5N1)	741	8953
NS|PP755593.1|A/cattle/Texas/24-008749-003/2024(H5N1)	742	8932
NS|PP755593.1|A/cattle/Texas/24-008749-003/2024(H5N1)	743	8931
NS|PP755593.1|A/cattle/Texas/24-008749-003/2024(H5N1)	744	8913
NS|PP755593.1|A/cattle/Texas/24-008749-003/2024(H5N1)	745	8901
NS|PP755593.1|A/cattle/Texas/24-008749-003/2024(H5N1)	746	8901
NS|PP755593.1|A/cattle/Texas/24-008749-003/2024(H5N1)	747	8895
NS|PP755593.1|A/cattle/Texas/24-008749-003/2024(H5N1)	748	8876
NS|PP755593.1|A/cattle/Texas/24-008749-003/2024(H5N1)	749	8866
NS|PP755593.1|A/cattle/Texas/24-008749-003/2024(H5N1)	750	8855
NS|PP755593.1|A/cattle/Texas/24-008749-003/2024(H5N1)	751	8827
NS|PP755593.1|A/cattle/Texas/24-008749-003/2024(H5N1)	752	8780
NS|PP755593.1|A/cattle/Texas/24-008749-003/2024(H5N1)	753	8779
NS|PP755593.1|A/cattle/Texas/24-008749-003/2024(H5N1)	754	8694
NS|PP755593.1|A/cattle/Texas/24-008749-003/2024(H5N1)	755	8687
NS|PP755593.1|A/cattle/Texas/24-008749-003/2024(H5N1)	756	8679
NS|PP755593.1|A/cattle/Texas/24-008749-003/2024(H5N1)	757	8679
NS|PP755593.1|A/cattle/Texas/24-008749-003/2024(H5N1)	758	8670
NS|PP755593.1|A/cattle/Texas/24-008749-003/2024(H5N1)	759	8622
NS|PP755593.1|A/cattle/Texas/24-008749-003/2024(H5N1)	760	8570
NS|PP755593.1|A/cattle/Texas/24-008749-003/2024(H5N1)	761	8572
NS|PP755593.1|A/cattle/Texas/24-008749-003/2024(H5N1)	762	8573
NS|PP755593.1|A/cattle/Texas/24-008749-003/2024(H5N1)	763	8560
NS|PP755593.1|A/cattle/Texas/24-008749-003/2024(H5N1)	764	8560
NS|PP755593.1|A/cattle/Texas/24-008749-003/2024(H5N1)	765	8427
NS|PP755593.1|A/cattle/Texas/24-008749-003/2024(H5N1)	766	8418
NS|PP755593.1|A/cattle/Texas/24-008749-003/2024(H5N1)	767	8380
NS|PP755593.1|A/cattle/Texas/24-008749-003/2024(H5N1)	768	8128
NS|PP755593.1|A/cattle/Texas/24-008749-003/2024(H5N1)	769	8076
NS|PP755593.1|A/cattle/Texas/24-008749-003/2024(H5N1)	770	8067
NS|PP755593.1|A/cattle/Texas/24-008749-003/2024(H5N1)	771	8055
NS|PP755593.1|A/cattle/Texas/24-008749-003/2024(H5N1)	772	8054
NS|PP755593.1|A/cattle/Texas/24-008749-003/2024(H5N1)	773	8001
NS|PP755593.1|A/cattle/Texas/24-008749-003/2024(H5N1)	774	7778
NS|PP755593.1|A/cattle/Texas/24-008749-003/2024(H5N1)	775	7563
NS|PP755593.1|A/cattle/Texas/24-008749-003/2024(H5N1)	776	7550
NS|PP755593.1|A/cattle/Texas/24-008749-003/2024(H5N1)	777	7585
NS|PP755593.1|A/cattle/Texas/24-008749-003/2024(H5N1)	778	7508
NS|PP755593.1|A/cattle/Texas/24-008749-003/2024(H5N1)	779	7404
NS|PP755593.1|A/cattle/Texas/24-008749-003/2024(H5N1)	780	7421
NS|PP755593.1|A/cattle/Texas/24-008749-003/2024(H5N1)	781	7426
NS|PP755593.1|A/cattle/Texas/24-008749-003/2024(H5N1)	782	7383
NS|PP755593.1|A/cattle/Texas/24-008749-003/2024(H5N1)	783	7374
NS|PP755593.1|A/cattle/Texas/24-008749-003/2024(H5N1)	784	7332
NS|PP755593.1|A/cattle/Texas/24-008749-003/2024(H5N1)	785	6843
NS|PP755593.1|A/cattle/Texas/24-008749-003/2024(H5N1)	786	6165
NS|PP755593.1|A/cattle/Texas/24-008749-003/2024(H5N1)	787	6157
NS|PP755593.1|A/cattle/Texas/24-008749-003/2024(H5N1)	788	6096
NS|PP755593.1|A/cattle/Texas/24-008749-003/2024(H5N1)	789	5837
NS|PP755593.1|A/cattle/Texas/24-008749-003/2024(H5N1)	790	5883
NS|PP755593.1|A/cattle/Texas/24-008749-003/2024(H5N1)	791	5709
NS|PP755593.1|A/cattle/Texas/24-008749-003/2024(H5N1)	792	5701
NS|PP755593.1|A/cattle/Texas/24-008749-003/2024(H5N1)	793	5674
NS|PP755593.1|A/cattle/Texas/24-008749-003/2024(H5N1)	794	5621
NS|PP755593.1|A/cattle/Texas/24-008749-003/2024(H5N1)	795	5404
NS|PP755593.1|A/cattle/Texas/24-008749-003/2024(H5N1)	796	5395
NS|PP755593.1|A/cattle/Texas/24-008749-003/2024(H5N1)	797	5396
NS|PP755593.1|A/cattle/Texas/24-008749-003/2024(H5N1)	798	5377
NS|PP755593.1|A/cattle/Texas/24-008749-003/2024(H5N1)	799	5053
NS|PP755593.1|A/cattle/Texas/24-008749-003/2024(H5N1)	800	5078
NS|PP755593.1|A/cattle/Texas/24-008749-003/2024(H5N1)	801	5068
NS|PP755593.1|A/cattle/Texas/24-008749-003/2024(H5N1)	802	5060
NS|PP755593.1|A/cattle/Texas/24-008749-003/2024(H5N1)	803	5022
NS|PP755593.1|A/cattle/Texas/24-008749-003/2024(H5N1)	804	4937
NS|PP755593.1|A/cattle/Texas/24-008749-003/2024(H5N1)	805	4939
NS|PP755593.1|A/cattle/Texas/24-008749-003/2024(H5N1)	806	4931
NS|PP755593.1|A/cattle/Texas/24-008749-003/2024(H5N1)	807	4905
NS|PP755593.1|A/cattle/Texas/24-008749-003/2024(H5N1)	808	4914
NS|PP755593.1|A/cattle/Texas/24-008749-003/2024(H5N1)	809	4599
NS|PP755593.1|A/cattle/Texas/24-008749-003/2024(H5N1)	810	4582
NS|PP755593.1|A/cattle/Texas/24-008749-003/2024(H5N1)	811	4566
NS|PP755593.1|A/cattle/Texas/24-008749-003/2024(H5N1)	812	4561
NS|PP755593.1|A/cattle/Texas/24-008749-003/2024(H5N1)	813	4563
NS|PP755593.1|A/cattle/Texas/24-008749-003/2024(H5N1)	814	4517
NS|PP755593.1|A/cattle/Texas/24-008749-003/2024(H5N1)	815	4492
NS|PP755593.1|A/cattle/Texas/24-008749-003/2024(H5N1)	816	4438
NS|PP755593.1|A/cattle/Texas/24-008749-003/2024(H5N1)	817	4088
NS|PP755593.1|A/cattle/Texas/24-008749-003/2024(H5N1)	818	4076
NS|PP755593.1|A/cattle/Texas/24-008749-003/2024(H5N1)	819	4074
NS|PP755593.1|A/cattle/Texas/24-008749-003/2024(H5N1)	820	4004
NS|PP755593.1|A/cattle/Texas/24-008749-003/2024(H5N1)	821	4001
NS|PP755593.1|A/cattle/Texas/24-008749-003/2024(H5N1)	822	3920
NS|PP755593.1|A/cattle/Texas/24-008749-003/2024(H5N1)	823	3910
NS|PP755593.1|A/cattle/Texas/24-008749-003/2024(H5N1)	824	3879
NS|PP755593.1|A/cattle/Texas/24-008749-003/2024(H5N1)	825	3840
NS|PP755593.1|A/cattle/Texas/24-008749-003/2024(H5N1)	826	3835
NS|PP755593.1|A/cattle/Texas/24-008749-003/2024(H5N1)	827	3832
NS|PP755593.1|A/cattle/Texas/24-008749-003/2024(H5N1)	828	3822
NS|PP755593.1|A/cattle/Texas/24-008749-003/2024(H5N1)	829	3822
NS|PP755593.1|A/cattle/Texas/24-008749-003/2024(H5N1)	830	3766
NS|PP755593.1|A/cattle/Texas/24-008749-003/2024(H5N1)	831	3690
NS|PP755593.1|A/cattle/Texas/24-008749-003/2024(H5N1)	832	3673
NS|PP755593.1|A/cattle/Texas/24-008749-003/2024(H5N1)	833	3618
NS|PP755593.1|A/cattle/Texas/24-008749-003/2024(H5N1)	834	3600
NS|PP755593.1|A/cattle/Texas/24-008749-003/2024(H5N1)	835	3581
NS|PP755593.1|A/cattle/Texas/24-008749-003/2024(H5N1)	836	3557
NS|PP755593.1|A/cattle/Texas/24-008749-003/2024(H5N1)	837	3508
NS|PP755593.1|A/cattle/Texas/24-008749-003/2024(H5N1)	838	3460
