NA|PP755591.1|A/cattle/Texas/24-008749-003/2024(H5N1)	1	3229
NA|PP755591.1|A/cattle/Texas/24-008749-003/2024(H5N1)	2	3234
NA|PP755591.1|A/cattle/Texas/24-008749-003/2024(H5N1)	3	3244
NA|PP755591.1|A/cattle/Texas/24-008749-003/2024(H5N1)	4	3248
NA|PP755591.1|A/cattle/Texas/24-008749-003/2024(H5N1)	5	3308
NA|PP755591.1|A/cattle/Texas/24-008749-003/2024(H5N1)	6	3311
NA|PP755591.1|A/cattle/Texas/24-008749-003/2024(H5N1)	7	3325
NA|PP755591.1|A/cattle/Texas/24-008749-003/2024(H5N1)	8	3327
NA|PP755591.1|A/cattle/Texas/24-008749-003/2024(H5N1)	9	3327
NA|PP755591.1|A/cattle/Texas/24-008749-003/2024(H5N1)	10	3382
NA|PP755591.1|A/cattle/Texas/24-008749-003/2024(H5N1)	11	3394
NA|PP755591.1|A/cattle/Texas/24-008749-003/2024(H5N1)	12	3413
NA|PP755591.1|A/cattle/Texas/24-008749-003/2024(H5N1)	13	3417
NA|PP755591.1|A/cattle/Texas/24-008749-003/2024(H5N1)	14	3417
NA|PP755591.1|A/cattle/Texas/24-008749-003/2024(H5N1)	15	3521
NA|PP755591.1|A/cattle/Texas/24-008749-003/2024(H5N1)	16	3522
NA|PP755591.1|A/cattle/Texas/24-008749-003/2024(H5N1)	17	3549
NA|PP755591.1|A/cattle/Texas/24-008749-003/2024(H5N1)	18	3551
NA|PP755591.1|A/cattle/Texas/24-008749-003/2024(H5N1)	19	3551
NA|PP755591.1|A/cattle/Texas/24-008749-003/2024(H5N1)	20	3551
NA|PP755591.1|A/cattle/Texas/24-008749-003/2024(H5N1)	21	3550
NA|PP755591.1|A/cattle/Texas/24-008749-003/2024(H5N1)	22	3550
NA|PP755591.1|A/cattle/Texas/24-008749-003/2024(H5N1)	23	3543
NA|PP755591.1|A/cattle/Texas/24-008749-003/2024(H5N1)	24	3545
NA|PP755591.1|A/cattle/Texas/24-008749-003/2024(H5N1)	25	3545
NA|PP755591.1|A/cattle/Texas/24-008749-003/2024(H5N1)	26	3546
NA|PP755591.1|A/cattle/Texas/24-008749-003/2024(H5N1)	27	3545
NA|PP755591.1|A/cattle/Texas/24-008749-003/2024(H5N1)	28	3545
NA|PP755591.1|A/cattle/Texas/24-008749-003/2024(H5N1)	29	3545
NA|PP755591.1|A/cattle/Texas/24-008749-003/2024(H5N1)	30	3545
NA|PP755591.1|A/cattle/Texas/24-008749-003/2024(H5N1)	31	3678
NA|PP755591.1|A/cattle/Texas/24-008749-003/2024(H5N1)	32	3801
NA|PP755591.1|A/cattle/Texas/24-008749-003/2024(H5N1)	33	3801
NA|PP755591.1|A/cattle/Texas/24-008749-003/2024(H5N1)	34	3839
NA|PP755591.1|A/cattle/Texas/24-008749-003/2024(H5N1)	35	3854
NA|PP755591.1|A/cattle/Texas/24-008749-003/2024(H5N1)	36	3897
NA|PP755591.1|A/cattle/Texas/24-008749-003/2024(H5N1)	37	3921
NA|PP755591.1|A/cattle/Texas/24-008749-003/2024(H5N1)	38	3921
NA|PP755591.1|A/cattle/Texas/24-008749-003/2024(H5N1)	39	3921
NA|PP755591.1|A/cattle/Texas/24-008749-003/2024(H5N1)	40	3921
NA|PP755591.1|A/cattle/Texas/24-008749-003/2024(H5N1)	41	3921
NA|PP755591.1|A/cattle/Texas/24-008749-003/2024(H5N1)	42	3921
NA|PP755591.1|A/cattle/Texas/24-008749-003/2024(H5N1)	43	3921
NA|PP755591.1|A/cattle/Texas/24-008749-003/2024(H5N1)	44	3922
NA|PP755591.1|A/cattle/Texas/24-008749-003/2024(H5N1)	45	3921
NA|PP755591.1|A/cattle/Texas/24-008749-003/2024(H5N1)	46	3921
NA|PP755591.1|A/cattle/Texas/24-008749-003/2024(H5N1)	47	3921
NA|PP755591.1|A/cattle/Texas/24-008749-003/2024(H5N1)	48	3921
NA|PP755591.1|A/cattle/Texas/24-008749-003/2024(H5N1)	49	3921
NA|PP755591.1|A/cattle/Texas/24-008749-003/2024(H5N1)	50	3921
NA|PP755591.1|A/cattle/Texas/24-008749-003/2024(H5N1)	51	3921
NA|PP755591.1|A/cattle/Texas/24-008749-003/2024(H5N1)	52	3921
NA|PP755591.1|A/cattle/Texas/24-008749-003/2024(H5N1)	53	3919
NA|PP755591.1|A/cattle/Texas/24-008749-003/2024(H5N1)	54	3905
NA|PP755591.1|A/cattle/Texas/24-008749-003/2024(H5N1)	55	3905
NA|PP755591.1|A/cattle/Texas/24-008749-003/2024(H5N1)	56	3905
NA|PP755591.1|A/cattle/Texas/24-008749-003/2024(H5N1)	57	3905
NA|PP755591.1|A/cattle/Texas/24-008749-003/2024(H5N1)	58	3905
NA|PP755591.1|A/cattle/Texas/24-008749-003/2024(H5N1)	59	3905
NA|PP755591.1|A/cattle/Texas/24-008749-003/2024(H5N1)	60	3905
NA|PP755591.1|A/cattle/Texas/24-008749-003/2024(H5N1)	61	3886
NA|PP755591.1|A/cattle/Texas/24-008749-003/2024(H5N1)	62	3886
NA|PP755591.1|A/cattle/Texas/24-008749-003/2024(H5N1)	63	3886
NA|PP755591.1|A/cattle/Texas/24-008749-003/2024(H5N1)	64	3886
NA|PP755591.1|A/cattle/Texas/24-008749-003/2024(H5N1)	65	3979
NA|PP755591.1|A/cattle/Texas/24-008749-003/2024(H5N1)	66	4010
NA|PP755591.1|A/cattle/Texas/24-008749-003/2024(H5N1)	67	4147
NA|PP755591.1|A/cattle/Texas/24-008749-003/2024(H5N1)	68	4168
NA|PP755591.1|A/cattle/Texas/24-008749-003/2024(H5N1)	69	4198
NA|PP755591.1|A/cattle/Texas/24-008749-003/2024(H5N1)	70	4210
NA|PP755591.1|A/cattle/Texas/24-008749-003/2024(H5N1)	71	4214
NA|PP755591.1|A/cattle/Texas/24-008749-003/2024(H5N1)	72	4229
NA|PP755591.1|A/cattle/Texas/24-008749-003/2024(H5N1)	73	6508
NA|PP755591.1|A/cattle/Texas/24-008749-003/2024(H5N1)	74	6530
NA|PP755591.1|A/cattle/Texas/24-008749-003/2024(H5N1)	75	6549
NA|PP755591.1|A/cattle/Texas/24-008749-003/2024(H5N1)	76	6579
NA|PP755591.1|A/cattle/Texas/24-008749-003/2024(H5N1)	77	6595
NA|PP755591.1|A/cattle/Texas/24-008749-003/2024(H5N1)	78	6596
NA|PP755591.1|A/cattle/Texas/24-008749-003/2024(H5N1)	79	6787
NA|PP755591.1|A/cattle/Texas/24-008749-003/2024(H5N1)	80	6793
NA|PP755591.1|A/cattle/Texas/24-008749-003/2024(H5N1)	81	6793
NA|PP755591.1|A/cattle/Texas/24-008749-003/2024(H5N1)	82	6883
NA|PP755591.1|A/cattle/Texas/24-008749-003/2024(H5N1)	83	6908
NA|PP755591.1|A/cattle/Texas/24-008749-003/2024(H5N1)	84	7010
NA|PP755591.1|A/cattle/Texas/24-008749-003/2024(H5N1)	85	7011
NA|PP755591.1|A/cattle/Texas/24-008749-003/2024(H5N1)	86	7029
NA|PP755591.1|A/cattle/Texas/24-008749-003/2024(H5N1)	87	7054
NA|PP755591.1|A/cattle/Texas/24-008749-003/2024(H5N1)	88	7056
NA|PP755591.1|A/cattle/Texas/24-008749-003/2024(H5N1)	89	7057
NA|PP755591.1|A/cattle/Texas/24-008749-003/2024(H5N1)	90	7057
NA|PP755591.1|A/cattle/Texas/24-008749-003/2024(H5N1)	91	7058
NA|PP755591.1|A/cattle/Texas/24-008749-003/2024(H5N1)	92	7061
NA|PP755591.1|A/cattle/Texas/24-008749-003/2024(H5N1)	93	7061
NA|PP755591.1|A/cattle/Texas/24-008749-003/2024(H5N1)	94	7061
NA|PP755591.1|A/cattle/Texas/24-008749-003/2024(H5N1)	95	7059
NA|PP755591.1|A/cattle/Texas/24-008749-003/2024(H5N1)	96	7059
NA|PP755591.1|A/cattle/Texas/24-008749-003/2024(H5N1)	97	7056
NA|PP755591.1|A/cattle/Texas/24-008749-003/2024(H5N1)	98	7054
NA|PP755591.1|A/cattle/Texas/24-008749-003/2024(H5N1)	99	7052
NA|PP755591.1|A/cattle/Texas/24-008749-003/2024(H5N1)	100	7052
NA|PP755591.1|A/cattle/Texas/24-008749-003/2024(H5N1)	101	6979
NA|PP755591.1|A/cattle/Texas/24-008749-003/2024(H5N1)	102	6977
NA|PP755591.1|A/cattle/Texas/24-008749-003/2024(H5N1)	103	6955
NA|PP755591.1|A/cattle/Texas/24-008749-003/2024(H5N1)	104	6954
NA|PP755591.1|A/cattle/Texas/24-008749-003/2024(H5N1)	105	6912
NA|PP755591.1|A/cattle/Texas/24-008749-003/2024(H5N1)	106	6912
NA|PP755591.1|A/cattle/Texas/24-008749-003/2024(H5N1)	107	6869
NA|PP755591.1|A/cattle/Texas/24-008749-003/2024(H5N1)	108	6863
NA|PP755591.1|A/cattle/Texas/24-008749-003/2024(H5N1)	109	6863
NA|PP755591.1|A/cattle/Texas/24-008749-003/2024(H5N1)	110	6863
NA|PP755591.1|A/cattle/Texas/24-008749-003/2024(H5N1)	111	6804
NA|PP755591.1|A/cattle/Texas/24-008749-003/2024(H5N1)	112	6738
NA|PP755591.1|A/cattle/Texas/24-008749-003/2024(H5N1)	113	6725
NA|PP755591.1|A/cattle/Texas/24-008749-003/2024(H5N1)	114	6584
NA|PP755591.1|A/cattle/Texas/24-008749-003/2024(H5N1)	115	6584
NA|PP755591.1|A/cattle/Texas/24-008749-003/2024(H5N1)	116	6575
NA|PP755591.1|A/cattle/Texas/24-008749-003/2024(H5N1)	117	6574
NA|PP755591.1|A/cattle/Texas/24-008749-003/2024(H5N1)	118	6574
NA|PP755591.1|A/cattle/Texas/24-008749-003/2024(H5N1)	119	6574
NA|PP755591.1|A/cattle/Texas/24-008749-003/2024(H5N1)	120	1753
NA|PP755591.1|A/cattle/Texas/24-008749-003/2024(H5N1)	121	1721
NA|PP755591.1|A/cattle/Texas/24-008749-003/2024(H5N1)	122	1721
NA|PP755591.1|A/cattle/Texas/24-008749-003/2024(H5N1)	123	1721
NA|PP755591.1|A/cattle/Texas/24-008749-003/2024(H5N1)	124	1721
NA|PP755591.1|A/cattle/Texas/24-008749-003/2024(H5N1)	125	1721
NA|PP755591.1|A/cattle/Texas/24-008749-003/2024(H5N1)	126	1721
NA|PP755591.1|A/cattle/Texas/24-008749-003/2024(H5N1)	127	1721
NA|PP755591.1|A/cattle/Texas/24-008749-003/2024(H5N1)	128	1721
NA|PP755591.1|A/cattle/Texas/24-008749-003/2024(H5N1)	129	1721
NA|PP755591.1|A/cattle/Texas/24-008749-003/2024(H5N1)	130	1721
NA|PP755591.1|A/cattle/Texas/24-008749-003/2024(H5N1)	131	1721
NA|PP755591.1|A/cattle/Texas/24-008749-003/2024(H5N1)	132	1721
NA|PP755591.1|A/cattle/Texas/24-008749-003/2024(H5N1)	133	1721
NA|PP755591.1|A/cattle/Texas/24-008749-003/2024(H5N1)	134	1721
NA|PP755591.1|A/cattle/Texas/24-008749-003/2024(H5N1)	135	1721
NA|PP755591.1|A/cattle/Texas/24-008749-003/2024(H5N1)	136	1721
NA|PP755591.1|A/cattle/Texas/24-008749-003/2024(H5N1)	137	1721
NA|PP755591.1|A/cattle/Texas/24-008749-003/2024(H5N1)	138	1721
NA|PP755591.1|A/cattle/Texas/24-008749-003/2024(H5N1)	139	1721
NA|PP755591.1|A/cattle/Texas/24-008749-003/2024(H5N1)	140	1721
NA|PP755591.1|A/cattle/Texas/24-008749-003/2024(H5N1)	141	1721
NA|PP755591.1|A/cattle/Texas/24-008749-003/2024(H5N1)	142	1721
NA|PP755591.1|A/cattle/Texas/24-008749-003/2024(H5N1)	143	2953
NA|PP755591.1|A/cattle/Texas/24-008749-003/2024(H5N1)	144	2986
NA|PP755591.1|A/cattle/Texas/24-008749-003/2024(H5N1)	145	2987
NA|PP755591.1|A/cattle/Texas/24-008749-003/2024(H5N1)	146	2990
NA|PP755591.1|A/cattle/Texas/24-008749-003/2024(H5N1)	147	2997
NA|PP755591.1|A/cattle/Texas/24-008749-003/2024(H5N1)	148	2997
NA|PP755591.1|A/cattle/Texas/24-008749-003/2024(H5N1)	149	2997
NA|PP755591.1|A/cattle/Texas/24-008749-003/2024(H5N1)	150	2997
NA|PP755591.1|A/cattle/Texas/24-008749-003/2024(H5N1)	151	2997
NA|PP755591.1|A/cattle/Texas/24-008749-003/2024(H5N1)	152	2997
NA|PP755591.1|A/cattle/Texas/24-008749-003/2024(H5N1)	153	2997
NA|PP755591.1|A/cattle/Texas/24-008749-003/2024(H5N1)	154	2997
NA|PP755591.1|A/cattle/Texas/24-008749-003/2024(H5N1)	155	2997
NA|PP755591.1|A/cattle/Texas/24-008749-003/2024(H5N1)	156	2997
NA|PP755591.1|A/cattle/Texas/24-008749-003/2024(H5N1)	157	2997
NA|PP755591.1|A/cattle/Texas/24-008749-003/2024(H5N1)	158	4043
NA|PP755591.1|A/cattle/Texas/24-008749-003/2024(H5N1)	159	4043
NA|PP755591.1|A/cattle/Texas/24-008749-003/2024(H5N1)	160	4043
NA|PP755591.1|A/cattle/Texas/24-008749-003/2024(H5N1)	161	4043
NA|PP755591.1|A/cattle/Texas/24-008749-003/2024(H5N1)	162	4043
NA|PP755591.1|A/cattle/Texas/24-008749-003/2024(H5N1)	163	4043
NA|PP755591.1|A/cattle/Texas/24-008749-003/2024(H5N1)	164	4043
NA|PP755591.1|A/cattle/Texas/24-008749-003/2024(H5N1)	165	4043
NA|PP755591.1|A/cattle/Texas/24-008749-003/2024(H5N1)	166	4043
NA|PP755591.1|A/cattle/Texas/24-008749-003/2024(H5N1)	167	4043
NA|PP755591.1|A/cattle/Texas/24-008749-003/2024(H5N1)	168	4043
NA|PP755591.1|A/cattle/Texas/24-008749-003/2024(H5N1)	169	4042
NA|PP755591.1|A/cattle/Texas/24-008749-003/2024(H5N1)	170	4042
NA|PP755591.1|A/cattle/Texas/24-008749-003/2024(H5N1)	171	4039
NA|PP755591.1|A/cattle/Texas/24-008749-003/2024(H5N1)	172	4039
NA|PP755591.1|A/cattle/Texas/24-008749-003/2024(H5N1)	173	4039
NA|PP755591.1|A/cattle/Texas/24-008749-003/2024(H5N1)	174	4039
NA|PP755591.1|A/cattle/Texas/24-008749-003/2024(H5N1)	175	4039
NA|PP755591.1|A/cattle/Texas/24-008749-003/2024(H5N1)	176	4015
NA|PP755591.1|A/cattle/Texas/24-008749-003/2024(H5N1)	177	3863
NA|PP755591.1|A/cattle/Texas/24-008749-003/2024(H5N1)	178	3863
NA|PP755591.1|A/cattle/Texas/24-008749-003/2024(H5N1)	179	3863
NA|PP755591.1|A/cattle/Texas/24-008749-003/2024(H5N1)	180	3861
NA|PP755591.1|A/cattle/Texas/24-008749-003/2024(H5N1)	181	3861
NA|PP755591.1|A/cattle/Texas/24-008749-003/2024(H5N1)	182	3861
NA|PP755591.1|A/cattle/Texas/24-008749-003/2024(H5N1)	183	3861
NA|PP755591.1|A/cattle/Texas/24-008749-003/2024(H5N1)	184	3861
NA|PP755591.1|A/cattle/Texas/24-008749-003/2024(H5N1)	185	3858
NA|PP755591.1|A/cattle/Texas/24-008749-003/2024(H5N1)	186	3848
NA|PP755591.1|A/cattle/Texas/24-008749-003/2024(H5N1)	187	3848
NA|PP755591.1|A/cattle/Texas/24-008749-003/2024(H5N1)	188	3848
NA|PP755591.1|A/cattle/Texas/24-008749-003/2024(H5N1)	189	3848
NA|PP755591.1|A/cattle/Texas/24-008749-003/2024(H5N1)	190	3848
NA|PP755591.1|A/cattle/Texas/24-008749-003/2024(H5N1)	191	3833
NA|PP755591.1|A/cattle/Texas/24-008749-003/2024(H5N1)	192	3764
NA|PP755591.1|A/cattle/Texas/24-008749-003/2024(H5N1)	193	3759
NA|PP755591.1|A/cattle/Texas/24-008749-003/2024(H5N1)	194	3733
NA|PP755591.1|A/cattle/Texas/24-008749-003/2024(H5N1)	195	3704
NA|PP755591.1|A/cattle/Texas/24-008749-003/2024(H5N1)	196	3677
NA|PP755591.1|A/cattle/Texas/24-008749-003/2024(H5N1)	197	3594
NA|PP755591.1|A/cattle/Texas/24-008749-003/2024(H5N1)	198	3569
NA|PP755591.1|A/cattle/Texas/24-008749-003/2024(H5N1)	199	3569
NA|PP755591.1|A/cattle/Texas/24-008749-003/2024(H5N1)	200	3569
NA|PP755591.1|A/cattle/Texas/24-008749-003/2024(H5N1)	201	3493
NA|PP755591.1|A/cattle/Texas/24-008749-003/2024(H5N1)	202	3479
NA|PP755591.1|A/cattle/Texas/24-008749-003/2024(H5N1)	203	3438
NA|PP755591.1|A/cattle/Texas/24-008749-003/2024(H5N1)	204	3417
NA|PP755591.1|A/cattle/Texas/24-008749-003/2024(H5N1)	205	3404
NA|PP755591.1|A/cattle/Texas/24-008749-003/2024(H5N1)	206	3385
NA|PP755591.1|A/cattle/Texas/24-008749-003/2024(H5N1)	207	166
NA|PP755591.1|A/cattle/Texas/24-008749-003/2024(H5N1)	208	152
NA|PP755591.1|A/cattle/Texas/24-008749-003/2024(H5N1)	209	150
NA|PP755591.1|A/cattle/Texas/24-008749-003/2024(H5N1)	210	128
NA|PP755591.1|A/cattle/Texas/24-008749-003/2024(H5N1)	211	128
NA|PP755591.1|A/cattle/Texas/24-008749-003/2024(H5N1)	212	127
NA|PP755591.1|A/cattle/Texas/24-008749-003/2024(H5N1)	213	127
NA|PP755591.1|A/cattle/Texas/24-008749-003/2024(H5N1)	214	127
NA|PP755591.1|A/cattle/Texas/24-008749-003/2024(H5N1)	215	127
NA|PP755591.1|A/cattle/Texas/24-008749-003/2024(H5N1)	216	126
NA|PP755591.1|A/cattle/Texas/24-008749-003/2024(H5N1)	217	126
NA|PP755591.1|A/cattle/Texas/24-008749-003/2024(H5N1)	218	66
NA|PP755591.1|A/cattle/Texas/24-008749-003/2024(H5N1)	219	65
NA|PP755591.1|A/cattle/Texas/24-008749-003/2024(H5N1)	220	51
NA|PP755591.1|A/cattle/Texas/24-008749-003/2024(H5N1)	221	41
NA|PP755591.1|A/cattle/Texas/24-008749-003/2024(H5N1)	222	19
NA|PP755591.1|A/cattle/Texas/24-008749-003/2024(H5N1)	223	7
NA|PP755591.1|A/cattle/Texas/24-008749-003/2024(H5N1)	224	7
NA|PP755591.1|A/cattle/Texas/24-008749-003/2024(H5N1)	225	7
NA|PP755591.1|A/cattle/Texas/24-008749-003/2024(H5N1)	226	7
NA|PP755591.1|A/cattle/Texas/24-008749-003/2024(H5N1)	227	7
NA|PP755591.1|A/cattle/Texas/24-008749-003/2024(H5N1)	228	5
NA|PP755591.1|A/cattle/Texas/24-008749-003/2024(H5N1)	229	5
NA|PP755591.1|A/cattle/Texas/24-008749-003/2024(H5N1)	230	5
NA|PP755591.1|A/cattle/Texas/24-008749-003/2024(H5N1)	231	5
NA|PP755591.1|A/cattle/Texas/24-008749-003/2024(H5N1)	232	5
NA|PP755591.1|A/cattle/Texas/24-008749-003/2024(H5N1)	233	4
NA|PP755591.1|A/cattle/Texas/24-008749-003/2024(H5N1)	234	4
NA|PP755591.1|A/cattle/Texas/24-008749-003/2024(H5N1)	235	4
NA|PP755591.1|A/cattle/Texas/24-008749-003/2024(H5N1)	236	4
NA|PP755591.1|A/cattle/Texas/24-008749-003/2024(H5N1)	237	4
NA|PP755591.1|A/cattle/Texas/24-008749-003/2024(H5N1)	238	4
NA|PP755591.1|A/cattle/Texas/24-008749-003/2024(H5N1)	239	4
NA|PP755591.1|A/cattle/Texas/24-008749-003/2024(H5N1)	240	0
NA|PP755591.1|A/cattle/Texas/24-008749-003/2024(H5N1)	241	0
NA|PP755591.1|A/cattle/Texas/24-008749-003/2024(H5N1)	242	0
NA|PP755591.1|A/cattle/Texas/24-008749-003/2024(H5N1)	243	0
NA|PP755591.1|A/cattle/Texas/24-008749-003/2024(H5N1)	244	0
NA|PP755591.1|A/cattle/Texas/24-008749-003/2024(H5N1)	245	0
NA|PP755591.1|A/cattle/Texas/24-008749-003/2024(H5N1)	246	0
NA|PP755591.1|A/cattle/Texas/24-008749-003/2024(H5N1)	247	0
NA|PP755591.1|A/cattle/Texas/24-008749-003/2024(H5N1)	248	0
NA|PP755591.1|A/cattle/Texas/24-008749-003/2024(H5N1)	249	0
NA|PP755591.1|A/cattle/Texas/24-008749-003/2024(H5N1)	250	0
NA|PP755591.1|A/cattle/Texas/24-008749-003/2024(H5N1)	251	0
NA|PP755591.1|A/cattle/Texas/24-008749-003/2024(H5N1)	252	0
NA|PP755591.1|A/cattle/Texas/24-008749-003/2024(H5N1)	253	0
NA|PP755591.1|A/cattle/Texas/24-008749-003/2024(H5N1)	254	0
NA|PP755591.1|A/cattle/Texas/24-008749-003/2024(H5N1)	255	0
NA|PP755591.1|A/cattle/Texas/24-008749-003/2024(H5N1)	256	0
NA|PP755591.1|A/cattle/Texas/24-008749-003/2024(H5N1)	257	0
NA|PP755591.1|A/cattle/Texas/24-008749-003/2024(H5N1)	258	0
NA|PP755591.1|A/cattle/Texas/24-008749-003/2024(H5N1)	259	0
NA|PP755591.1|A/cattle/Texas/24-008749-003/2024(H5N1)	260	0
NA|PP755591.1|A/cattle/Texas/24-008749-003/2024(H5N1)	261	0
NA|PP755591.1|A/cattle/Texas/24-008749-003/2024(H5N1)	262	1
NA|PP755591.1|A/cattle/Texas/24-008749-003/2024(H5N1)	263	1
NA|PP755591.1|A/cattle/Texas/24-008749-003/2024(H5N1)	264	1
NA|PP755591.1|A/cattle/Texas/24-008749-003/2024(H5N1)	265	1
NA|PP755591.1|A/cattle/Texas/24-008749-003/2024(H5N1)	266	1
NA|PP755591.1|A/cattle/Texas/24-008749-003/2024(H5N1)	267	1
NA|PP755591.1|A/cattle/Texas/24-008749-003/2024(H5N1)	268	1
NA|PP755591.1|A/cattle/Texas/24-008749-003/2024(H5N1)	269	1
NA|PP755591.1|A/cattle/Texas/24-008749-003/2024(H5N1)	270	1
NA|PP755591.1|A/cattle/Texas/24-008749-003/2024(H5N1)	271	1
NA|PP755591.1|A/cattle/Texas/24-008749-003/2024(H5N1)	272	1
NA|PP755591.1|A/cattle/Texas/24-008749-003/2024(H5N1)	273	1
NA|PP755591.1|A/cattle/Texas/24-008749-003/2024(H5N1)	274	1
NA|PP755591.1|A/cattle/Texas/24-008749-003/2024(H5N1)	275	1
NA|PP755591.1|A/cattle/Texas/24-008749-003/2024(H5N1)	276	1
NA|PP755591.1|A/cattle/Texas/24-008749-003/2024(H5N1)	277	1
NA|PP755591.1|A/cattle/Texas/24-008749-003/2024(H5N1)	278	1
NA|PP755591.1|A/cattle/Texas/24-008749-003/2024(H5N1)	279	1
NA|PP755591.1|A/cattle/Texas/24-008749-003/2024(H5N1)	280	2
NA|PP755591.1|A/cattle/Texas/24-008749-003/2024(H5N1)	281	2
NA|PP755591.1|A/cattle/Texas/24-008749-003/2024(H5N1)	282	2
NA|PP755591.1|A/cattle/Texas/24-008749-003/2024(H5N1)	283	17
NA|PP755591.1|A/cattle/Texas/24-008749-003/2024(H5N1)	284	17
NA|PP755591.1|A/cattle/Texas/24-008749-003/2024(H5N1)	285	17
NA|PP755591.1|A/cattle/Texas/24-008749-003/2024(H5N1)	286	17
NA|PP755591.1|A/cattle/Texas/24-008749-003/2024(H5N1)	287	17
NA|PP755591.1|A/cattle/Texas/24-008749-003/2024(H5N1)	288	17
NA|PP755591.1|A/cattle/Texas/24-008749-003/2024(H5N1)	289	19
NA|PP755591.1|A/cattle/Texas/24-008749-003/2024(H5N1)	290	20
NA|PP755591.1|A/cattle/Texas/24-008749-003/2024(H5N1)	291	20
NA|PP755591.1|A/cattle/Texas/24-008749-003/2024(H5N1)	292	21
NA|PP755591.1|A/cattle/Texas/24-008749-003/2024(H5N1)	293	21
NA|PP755591.1|A/cattle/Texas/24-008749-003/2024(H5N1)	294	21
NA|PP755591.1|A/cattle/Texas/24-008749-003/2024(H5N1)	295	22
NA|PP755591.1|A/cattle/Texas/24-008749-003/2024(H5N1)	296	22
NA|PP755591.1|A/cattle/Texas/24-008749-003/2024(H5N1)	297	22
NA|PP755591.1|A/cattle/Texas/24-008749-003/2024(H5N1)	298	22
NA|PP755591.1|A/cattle/Texas/24-008749-003/2024(H5N1)	299	22
NA|PP755591.1|A/cattle/Texas/24-008749-003/2024(H5N1)	300	22
NA|PP755591.1|A/cattle/Texas/24-008749-003/2024(H5N1)	301	22
NA|PP755591.1|A/cattle/Texas/24-008749-003/2024(H5N1)	302	22
NA|PP755591.1|A/cattle/Texas/24-008749-003/2024(H5N1)	303	22
NA|PP755591.1|A/cattle/Texas/24-008749-003/2024(H5N1)	304	22
NA|PP755591.1|A/cattle/Texas/24-008749-003/2024(H5N1)	305	22
NA|PP755591.1|A/cattle/Texas/24-008749-003/2024(H5N1)	306	22
NA|PP755591.1|A/cattle/Texas/24-008749-003/2024(H5N1)	307	22
NA|PP755591.1|A/cattle/Texas/24-008749-003/2024(H5N1)	308	22
NA|PP755591.1|A/cattle/Texas/24-008749-003/2024(H5N1)	309	22
NA|PP755591.1|A/cattle/Texas/24-008749-003/2024(H5N1)	310	22
NA|PP755591.1|A/cattle/Texas/24-008749-003/2024(H5N1)	311	22
NA|PP755591.1|A/cattle/Texas/24-008749-003/2024(H5N1)	312	22
NA|PP755591.1|A/cattle/Texas/24-008749-003/2024(H5N1)	313	22
NA|PP755591.1|A/cattle/Texas/24-008749-003/2024(H5N1)	314	22
NA|PP755591.1|A/cattle/Texas/24-008749-003/2024(H5N1)	315	22
NA|PP755591.1|A/cattle/Texas/24-008749-003/2024(H5N1)	316	22
NA|PP755591.1|A/cattle/Texas/24-008749-003/2024(H5N1)	317	22
NA|PP755591.1|A/cattle/Texas/24-008749-003/2024(H5N1)	318	22
NA|PP755591.1|A/cattle/Texas/24-008749-003/2024(H5N1)	319	22
NA|PP755591.1|A/cattle/Texas/24-008749-003/2024(H5N1)	320	22
NA|PP755591.1|A/cattle/Texas/24-008749-003/2024(H5N1)	321	10
NA|PP755591.1|A/cattle/Texas/24-008749-003/2024(H5N1)	322	10
NA|PP755591.1|A/cattle/Texas/24-008749-003/2024(H5N1)	323	10
NA|PP755591.1|A/cattle/Texas/24-008749-003/2024(H5N1)	324	9
NA|PP755591.1|A/cattle/Texas/24-008749-003/2024(H5N1)	325	9
NA|PP755591.1|A/cattle/Texas/24-008749-003/2024(H5N1)	326	9
NA|PP755591.1|A/cattle/Texas/24-008749-003/2024(H5N1)	327	8
NA|PP755591.1|A/cattle/Texas/24-008749-003/2024(H5N1)	328	8
NA|PP755591.1|A/cattle/Texas/24-008749-003/2024(H5N1)	329	8
NA|PP755591.1|A/cattle/Texas/24-008749-003/2024(H5N1)	330	8
NA|PP755591.1|A/cattle/Texas/24-008749-003/2024(H5N1)	331	8
NA|PP755591.1|A/cattle/Texas/24-008749-003/2024(H5N1)	332	8
NA|PP755591.1|A/cattle/Texas/24-008749-003/2024(H5N1)	333	8
NA|PP755591.1|A/cattle/Texas/24-008749-003/2024(H5N1)	334	8
NA|PP755591.1|A/cattle/Texas/24-008749-003/2024(H5N1)	335	8
NA|PP755591.1|A/cattle/Texas/24-008749-003/2024(H5N1)	336	8
NA|PP755591.1|A/cattle/Texas/24-008749-003/2024(H5N1)	337	8
NA|PP755591.1|A/cattle/Texas/24-008749-003/2024(H5N1)	338	8
NA|PP755591.1|A/cattle/Texas/24-008749-003/2024(H5N1)	339	8
NA|PP755591.1|A/cattle/Texas/24-008749-003/2024(H5N1)	340	8
NA|PP755591.1|A/cattle/Texas/24-008749-003/2024(H5N1)	341	8
NA|PP755591.1|A/cattle/Texas/24-008749-003/2024(H5N1)	342	8
NA|PP755591.1|A/cattle/Texas/24-008749-003/2024(H5N1)	343	8
NA|PP755591.1|A/cattle/Texas/24-008749-003/2024(H5N1)	344	8
NA|PP755591.1|A/cattle/Texas/24-008749-003/2024(H5N1)	345	8
NA|PP755591.1|A/cattle/Texas/24-008749-003/2024(H5N1)	346	8
NA|PP755591.1|A/cattle/Texas/24-008749-003/2024(H5N1)	347	8
NA|PP755591.1|A/cattle/Texas/24-008749-003/2024(H5N1)	348	8
NA|PP755591.1|A/cattle/Texas/24-008749-003/2024(H5N1)	349	8
NA|PP755591.1|A/cattle/Texas/24-008749-003/2024(H5N1)	350	8
NA|PP755591.1|A/cattle/Texas/24-008749-003/2024(H5N1)	351	8
NA|PP755591.1|A/cattle/Texas/24-008749-003/2024(H5N1)	352	8
NA|PP755591.1|A/cattle/Texas/24-008749-003/2024(H5N1)	353	8
NA|PP755591.1|A/cattle/Texas/24-008749-003/2024(H5N1)	354	8
NA|PP755591.1|A/cattle/Texas/24-008749-003/2024(H5N1)	355	8
NA|PP755591.1|A/cattle/Texas/24-008749-003/2024(H5N1)	356	8
NA|PP755591.1|A/cattle/Texas/24-008749-003/2024(H5N1)	357	8
NA|PP755591.1|A/cattle/Texas/24-008749-003/2024(H5N1)	358	8
NA|PP755591.1|A/cattle/Texas/24-008749-003/2024(H5N1)	359	8
NA|PP755591.1|A/cattle/Texas/24-008749-003/2024(H5N1)	360	8
NA|PP755591.1|A/cattle/Texas/24-008749-003/2024(H5N1)	361	9
NA|PP755591.1|A/cattle/Texas/24-008749-003/2024(H5N1)	362	9
NA|PP755591.1|A/cattle/Texas/24-008749-003/2024(H5N1)	363	9
NA|PP755591.1|A/cattle/Texas/24-008749-003/2024(H5N1)	364	10
NA|PP755591.1|A/cattle/Texas/24-008749-003/2024(H5N1)	365	10
NA|PP755591.1|A/cattle/Texas/24-008749-003/2024(H5N1)	366	10
NA|PP755591.1|A/cattle/Texas/24-008749-003/2024(H5N1)	367	3224
NA|PP755591.1|A/cattle/Texas/24-008749-003/2024(H5N1)	368	3227
NA|PP755591.1|A/cattle/Texas/24-008749-003/2024(H5N1)	369	3248
NA|PP755591.1|A/cattle/Texas/24-008749-003/2024(H5N1)	370	3254
NA|PP755591.1|A/cattle/Texas/24-008749-003/2024(H5N1)	371	3255
NA|PP755591.1|A/cattle/Texas/24-008749-003/2024(H5N1)	372	3255
NA|PP755591.1|A/cattle/Texas/24-008749-003/2024(H5N1)	373	3255
NA|PP755591.1|A/cattle/Texas/24-008749-003/2024(H5N1)	374	3255
NA|PP755591.1|A/cattle/Texas/24-008749-003/2024(H5N1)	375	3255
NA|PP755591.1|A/cattle/Texas/24-008749-003/2024(H5N1)	376	3256
NA|PP755591.1|A/cattle/Texas/24-008749-003/2024(H5N1)	377	3257
NA|PP755591.1|A/cattle/Texas/24-008749-003/2024(H5N1)	378	3257
NA|PP755591.1|A/cattle/Texas/24-008749-003/2024(H5N1)	379	3257
NA|PP755591.1|A/cattle/Texas/24-008749-003/2024(H5N1)	380	3257
NA|PP755591.1|A/cattle/Texas/24-008749-003/2024(H5N1)	381	3257
NA|PP755591.1|A/cattle/Texas/24-008749-003/2024(H5N1)	382	3257
NA|PP755591.1|A/cattle/Texas/24-008749-003/2024(H5N1)	383	3257
NA|PP755591.1|A/cattle/Texas/24-008749-003/2024(H5N1)	384	3257
NA|PP755591.1|A/cattle/Texas/24-008749-003/2024(H5N1)	385	3257
NA|PP755591.1|A/cattle/Texas/24-008749-003/2024(H5N1)	386	3257
NA|PP755591.1|A/cattle/Texas/24-008749-003/2024(H5N1)	387	3257
NA|PP755591.1|A/cattle/Texas/24-008749-003/2024(H5N1)	388	3257
NA|PP755591.1|A/cattle/Texas/24-008749-003/2024(H5N1)	389	3257
NA|PP755591.1|A/cattle/Texas/24-008749-003/2024(H5N1)	390	3256
NA|PP755591.1|A/cattle/Texas/24-008749-003/2024(H5N1)	391	3256
NA|PP755591.1|A/cattle/Texas/24-008749-003/2024(H5N1)	392	3256
NA|PP755591.1|A/cattle/Texas/24-008749-003/2024(H5N1)	393	3256
NA|PP755591.1|A/cattle/Texas/24-008749-003/2024(H5N1)	394	3256
NA|PP755591.1|A/cattle/Texas/24-008749-003/2024(H5N1)	395	3256
NA|PP755591.1|A/cattle/Texas/24-008749-003/2024(H5N1)	396	3208
NA|PP755591.1|A/cattle/Texas/24-008749-003/2024(H5N1)	397	3203
NA|PP755591.1|A/cattle/Texas/24-008749-003/2024(H5N1)	398	3196
NA|PP755591.1|A/cattle/Texas/24-008749-003/2024(H5N1)	399	838
NA|PP755591.1|A/cattle/Texas/24-008749-003/2024(H5N1)	400	833
NA|PP755591.1|A/cattle/Texas/24-008749-003/2024(H5N1)	401	833
NA|PP755591.1|A/cattle/Texas/24-008749-003/2024(H5N1)	402	828
NA|PP755591.1|A/cattle/Texas/24-008749-003/2024(H5N1)	403	828
NA|PP755591.1|A/cattle/Texas/24-008749-003/2024(H5N1)	404	828
NA|PP755591.1|A/cattle/Texas/24-008749-003/2024(H5N1)	405	827
NA|PP755591.1|A/cattle/Texas/24-008749-003/2024(H5N1)	406	827
NA|PP755591.1|A/cattle/Texas/24-008749-003/2024(H5N1)	407	827
NA|PP755591.1|A/cattle/Texas/24-008749-003/2024(H5N1)	408	827
NA|PP755591.1|A/cattle/Texas/24-008749-003/2024(H5N1)	409	829
NA|PP755591.1|A/cattle/Texas/24-008749-003/2024(H5N1)	410	829
NA|PP755591.1|A/cattle/Texas/24-008749-003/2024(H5N1)	411	829
NA|PP755591.1|A/cattle/Texas/24-008749-003/2024(H5N1)	412	828
NA|PP755591.1|A/cattle/Texas/24-008749-003/2024(H5N1)	413	850
NA|PP755591.1|A/cattle/Texas/24-008749-003/2024(H5N1)	414	848
NA|PP755591.1|A/cattle/Texas/24-008749-003/2024(H5N1)	415	959
NA|PP755591.1|A/cattle/Texas/24-008749-003/2024(H5N1)	416	988
NA|PP755591.1|A/cattle/Texas/24-008749-003/2024(H5N1)	417	1229
NA|PP755591.1|A/cattle/Texas/24-008749-003/2024(H5N1)	418	1443
NA|PP755591.1|A/cattle/Texas/24-008749-003/2024(H5N1)	419	3029
NA|PP755591.1|A/cattle/Texas/24-008749-003/2024(H5N1)	420	3034
NA|PP755591.1|A/cattle/Texas/24-008749-003/2024(H5N1)	421	3055
NA|PP755591.1|A/cattle/Texas/24-008749-003/2024(H5N1)	422	3130
NA|PP755591.1|A/cattle/Texas/24-008749-003/2024(H5N1)	423	3165
NA|PP755591.1|A/cattle/Texas/24-008749-003/2024(H5N1)	424	3177
NA|PP755591.1|A/cattle/Texas/24-008749-003/2024(H5N1)	425	3177
NA|PP755591.1|A/cattle/Texas/24-008749-003/2024(H5N1)	426	3177
NA|PP755591.1|A/cattle/Texas/24-008749-003/2024(H5N1)	427	3203
NA|PP755591.1|A/cattle/Texas/24-008749-003/2024(H5N1)	428	3203
NA|PP755591.1|A/cattle/Texas/24-008749-003/2024(H5N1)	429	3288
NA|PP755591.1|A/cattle/Texas/24-008749-003/2024(H5N1)	430	3386
NA|PP755591.1|A/cattle/Texas/24-008749-003/2024(H5N1)	431	3395
NA|PP755591.1|A/cattle/Texas/24-008749-003/2024(H5N1)	432	3490
NA|PP755591.1|A/cattle/Texas/24-008749-003/2024(H5N1)	433	3569
NA|PP755591.1|A/cattle/Texas/24-008749-003/2024(H5N1)	434	3608
NA|PP755591.1|A/cattle/Texas/24-008749-003/2024(H5N1)	435	3624
NA|PP755591.1|A/cattle/Texas/24-008749-003/2024(H5N1)	436	3630
NA|PP755591.1|A/cattle/Texas/24-008749-003/2024(H5N1)	437	3699
NA|PP755591.1|A/cattle/Texas/24-008749-003/2024(H5N1)	438	3706
NA|PP755591.1|A/cattle/Texas/24-008749-003/2024(H5N1)	439	3706
NA|PP755591.1|A/cattle/Texas/24-008749-003/2024(H5N1)	440	3706
NA|PP755591.1|A/cattle/Texas/24-008749-003/2024(H5N1)	441	3706
NA|PP755591.1|A/cattle/Texas/24-008749-003/2024(H5N1)	442	3761
NA|PP755591.1|A/cattle/Texas/24-008749-003/2024(H5N1)	443	3842
NA|PP755591.1|A/cattle/Texas/24-008749-003/2024(H5N1)	444	3842
NA|PP755591.1|A/cattle/Texas/24-008749-003/2024(H5N1)	445	4493
NA|PP755591.1|A/cattle/Texas/24-008749-003/2024(H5N1)	446	4493
NA|PP755591.1|A/cattle/Texas/24-008749-003/2024(H5N1)	447	4642
NA|PP755591.1|A/cattle/Texas/24-008749-003/2024(H5N1)	448	4649
NA|PP755591.1|A/cattle/Texas/24-008749-003/2024(H5N1)	449	4649
NA|PP755591.1|A/cattle/Texas/24-008749-003/2024(H5N1)	450	4649
NA|PP755591.1|A/cattle/Texas/24-008749-003/2024(H5N1)	451	4659
NA|PP755591.1|A/cattle/Texas/24-008749-003/2024(H5N1)	452	4696
NA|PP755591.1|A/cattle/Texas/24-008749-003/2024(H5N1)	453	4732
NA|PP755591.1|A/cattle/Texas/24-008749-003/2024(H5N1)	454	4860
NA|PP755591.1|A/cattle/Texas/24-008749-003/2024(H5N1)	455	4870
NA|PP755591.1|A/cattle/Texas/24-008749-003/2024(H5N1)	456	5259
NA|PP755591.1|A/cattle/Texas/24-008749-003/2024(H5N1)	457	5278
NA|PP755591.1|A/cattle/Texas/24-008749-003/2024(H5N1)	458	5283
NA|PP755591.1|A/cattle/Texas/24-008749-003/2024(H5N1)	459	5895
NA|PP755591.1|A/cattle/Texas/24-008749-003/2024(H5N1)	460	5910
NA|PP755591.1|A/cattle/Texas/24-008749-003/2024(H5N1)	461	5997
NA|PP755591.1|A/cattle/Texas/24-008749-003/2024(H5N1)	462	6084
NA|PP755591.1|A/cattle/Texas/24-008749-003/2024(H5N1)	463	6092
NA|PP755591.1|A/cattle/Texas/24-008749-003/2024(H5N1)	464	6222
NA|PP755591.1|A/cattle/Texas/24-008749-003/2024(H5N1)	465	6222
NA|PP755591.1|A/cattle/Texas/24-008749-003/2024(H5N1)	466	6222
NA|PP755591.1|A/cattle/Texas/24-008749-003/2024(H5N1)	467	6223
NA|PP755591.1|A/cattle/Texas/24-008749-003/2024(H5N1)	468	6218
NA|PP755591.1|A/cattle/Texas/24-008749-003/2024(H5N1)	469	6217
NA|PP755591.1|A/cattle/Texas/24-008749-003/2024(H5N1)	470	6136
NA|PP755591.1|A/cattle/Texas/24-008749-003/2024(H5N1)	471	5342
NA|PP755591.1|A/cattle/Texas/24-008749-003/2024(H5N1)	472	5342
NA|PP755591.1|A/cattle/Texas/24-008749-003/2024(H5N1)	473	5345
NA|PP755591.1|A/cattle/Texas/24-008749-003/2024(H5N1)	474	5373
NA|PP755591.1|A/cattle/Texas/24-008749-003/2024(H5N1)	475	5374
NA|PP755591.1|A/cattle/Texas/24-008749-003/2024(H5N1)	476	5374
NA|PP755591.1|A/cattle/Texas/24-008749-003/2024(H5N1)	477	5375
NA|PP755591.1|A/cattle/Texas/24-008749-003/2024(H5N1)	478	5373
NA|PP755591.1|A/cattle/Texas/24-008749-003/2024(H5N1)	479	5373
NA|PP755591.1|A/cattle/Texas/24-008749-003/2024(H5N1)	480	5373
NA|PP755591.1|A/cattle/Texas/24-008749-003/2024(H5N1)	481	5373
NA|PP755591.1|A/cattle/Texas/24-008749-003/2024(H5N1)	482	5378
NA|PP755591.1|A/cattle/Texas/24-008749-003/2024(H5N1)	483	5377
NA|PP755591.1|A/cattle/Texas/24-008749-003/2024(H5N1)	484	5382
NA|PP755591.1|A/cattle/Texas/24-008749-003/2024(H5N1)	485	5382
NA|PP755591.1|A/cattle/Texas/24-008749-003/2024(H5N1)	486	5382
NA|PP755591.1|A/cattle/Texas/24-008749-003/2024(H5N1)	487	5484
NA|PP755591.1|A/cattle/Texas/24-008749-003/2024(H5N1)	488	5636
NA|PP755591.1|A/cattle/Texas/24-008749-003/2024(H5N1)	489	5647
NA|PP755591.1|A/cattle/Texas/24-008749-003/2024(H5N1)	490	7115
NA|PP755591.1|A/cattle/Texas/24-008749-003/2024(H5N1)	491	7226
NA|PP755591.1|A/cattle/Texas/24-008749-003/2024(H5N1)	492	7263
NA|PP755591.1|A/cattle/Texas/24-008749-003/2024(H5N1)	493	7317
NA|PP755591.1|A/cattle/Texas/24-008749-003/2024(H5N1)	494	7370
NA|PP755591.1|A/cattle/Texas/24-008749-003/2024(H5N1)	495	7387
NA|PP755591.1|A/cattle/Texas/24-008749-003/2024(H5N1)	496	7604
NA|PP755591.1|A/cattle/Texas/24-008749-003/2024(H5N1)	497	7734
NA|PP755591.1|A/cattle/Texas/24-008749-003/2024(H5N1)	498	7751
NA|PP755591.1|A/cattle/Texas/24-008749-003/2024(H5N1)	499	7864
NA|PP755591.1|A/cattle/Texas/24-008749-003/2024(H5N1)	500	7865
NA|PP755591.1|A/cattle/Texas/24-008749-003/2024(H5N1)	501	7920
NA|PP755591.1|A/cattle/Texas/24-008749-003/2024(H5N1)	502	8180
NA|PP755591.1|A/cattle/Texas/24-008749-003/2024(H5N1)	503	8180
NA|PP755591.1|A/cattle/Texas/24-008749-003/2024(H5N1)	504	8180
NA|PP755591.1|A/cattle/Texas/24-008749-003/2024(H5N1)	505	8382
NA|PP755591.1|A/cattle/Texas/24-008749-003/2024(H5N1)	506	8384
NA|PP755591.1|A/cattle/Texas/24-008749-003/2024(H5N1)	507	8496
NA|PP755591.1|A/cattle/Texas/24-008749-003/2024(H5N1)	508	8937
NA|PP755591.1|A/cattle/Texas/24-008749-003/2024(H5N1)	509	9045
NA|PP755591.1|A/cattle/Texas/24-008749-003/2024(H5N1)	510	9080
NA|PP755591.1|A/cattle/Texas/24-008749-003/2024(H5N1)	511	9095
NA|PP755591.1|A/cattle/Texas/24-008749-003/2024(H5N1)	512	9224
NA|PP755591.1|A/cattle/Texas/24-008749-003/2024(H5N1)	513	9237
NA|PP755591.1|A/cattle/Texas/24-008749-003/2024(H5N1)	514	9243
NA|PP755591.1|A/cattle/Texas/24-008749-003/2024(H5N1)	515	9248
NA|PP755591.1|A/cattle/Texas/24-008749-003/2024(H5N1)	516	9249
NA|PP755591.1|A/cattle/Texas/24-008749-003/2024(H5N1)	517	9291
NA|PP755591.1|A/cattle/Texas/24-008749-003/2024(H5N1)	518	9317
NA|PP755591.1|A/cattle/Texas/24-008749-003/2024(H5N1)	519	9468
NA|PP755591.1|A/cattle/Texas/24-008749-003/2024(H5N1)	520	9766
NA|PP755591.1|A/cattle/Texas/24-008749-003/2024(H5N1)	521	9767
NA|PP755591.1|A/cattle/Texas/24-008749-003/2024(H5N1)	522	9804
NA|PP755591.1|A/cattle/Texas/24-008749-003/2024(H5N1)	523	9808
NA|PP755591.1|A/cattle/Texas/24-008749-003/2024(H5N1)	524	9839
NA|PP755591.1|A/cattle/Texas/24-008749-003/2024(H5N1)	525	9881
NA|PP755591.1|A/cattle/Texas/24-008749-003/2024(H5N1)	526	9974
NA|PP755591.1|A/cattle/Texas/24-008749-003/2024(H5N1)	527	9834
NA|PP755591.1|A/cattle/Texas/24-008749-003/2024(H5N1)	528	9821
NA|PP755591.1|A/cattle/Texas/24-008749-003/2024(H5N1)	529	9898
NA|PP755591.1|A/cattle/Texas/24-008749-003/2024(H5N1)	530	9905
NA|PP755591.1|A/cattle/Texas/24-008749-003/2024(H5N1)	531	9935
NA|PP755591.1|A/cattle/Texas/24-008749-003/2024(H5N1)	532	9947
NA|PP755591.1|A/cattle/Texas/24-008749-003/2024(H5N1)	533	10094
NA|PP755591.1|A/cattle/Texas/24-008749-003/2024(H5N1)	534	10185
NA|PP755591.1|A/cattle/Texas/24-008749-003/2024(H5N1)	535	10198
NA|PP755591.1|A/cattle/Texas/24-008749-003/2024(H5N1)	536	10197
NA|PP755591.1|A/cattle/Texas/24-008749-003/2024(H5N1)	537	10381
NA|PP755591.1|A/cattle/Texas/24-008749-003/2024(H5N1)	538	10383
NA|PP755591.1|A/cattle/Texas/24-008749-003/2024(H5N1)	539	10411
NA|PP755591.1|A/cattle/Texas/24-008749-003/2024(H5N1)	540	10395
NA|PP755591.1|A/cattle/Texas/24-008749-003/2024(H5N1)	541	10474
NA|PP755591.1|A/cattle/Texas/24-008749-003/2024(H5N1)	542	10837
NA|PP755591.1|A/cattle/Texas/24-008749-003/2024(H5N1)	543	10836
NA|PP755591.1|A/cattle/Texas/24-008749-003/2024(H5N1)	544	10830
NA|PP755591.1|A/cattle/Texas/24-008749-003/2024(H5N1)	545	10947
NA|PP755591.1|A/cattle/Texas/24-008749-003/2024(H5N1)	546	10864
NA|PP755591.1|A/cattle/Texas/24-008749-003/2024(H5N1)	547	10869
NA|PP755591.1|A/cattle/Texas/24-008749-003/2024(H5N1)	548	10833
NA|PP755591.1|A/cattle/Texas/24-008749-003/2024(H5N1)	549	10791
NA|PP755591.1|A/cattle/Texas/24-008749-003/2024(H5N1)	550	10751
NA|PP755591.1|A/cattle/Texas/24-008749-003/2024(H5N1)	551	10770
NA|PP755591.1|A/cattle/Texas/24-008749-003/2024(H5N1)	552	10788
NA|PP755591.1|A/cattle/Texas/24-008749-003/2024(H5N1)	553	10719
NA|PP755591.1|A/cattle/Texas/24-008749-003/2024(H5N1)	554	10618
NA|PP755591.1|A/cattle/Texas/24-008749-003/2024(H5N1)	555	10498
NA|PP755591.1|A/cattle/Texas/24-008749-003/2024(H5N1)	556	10486
NA|PP755591.1|A/cattle/Texas/24-008749-003/2024(H5N1)	557	10567
NA|PP755591.1|A/cattle/Texas/24-008749-003/2024(H5N1)	558	10571
NA|PP755591.1|A/cattle/Texas/24-008749-003/2024(H5N1)	559	10592
NA|PP755591.1|A/cattle/Texas/24-008749-003/2024(H5N1)	560	10540
NA|PP755591.1|A/cattle/Texas/24-008749-003/2024(H5N1)	561	10472
NA|PP755591.1|A/cattle/Texas/24-008749-003/2024(H5N1)	562	10464
NA|PP755591.1|A/cattle/Texas/24-008749-003/2024(H5N1)	563	10385
NA|PP755591.1|A/cattle/Texas/24-008749-003/2024(H5N1)	564	10350
NA|PP755591.1|A/cattle/Texas/24-008749-003/2024(H5N1)	565	10450
NA|PP755591.1|A/cattle/Texas/24-008749-003/2024(H5N1)	566	10348
NA|PP755591.1|A/cattle/Texas/24-008749-003/2024(H5N1)	567	10389
NA|PP755591.1|A/cattle/Texas/24-008749-003/2024(H5N1)	568	9965
NA|PP755591.1|A/cattle/Texas/24-008749-003/2024(H5N1)	569	9905
NA|PP755591.1|A/cattle/Texas/24-008749-003/2024(H5N1)	570	9899
NA|PP755591.1|A/cattle/Texas/24-008749-003/2024(H5N1)	571	9947
NA|PP755591.1|A/cattle/Texas/24-008749-003/2024(H5N1)	572	9934
NA|PP755591.1|A/cattle/Texas/24-008749-003/2024(H5N1)	573	9859
NA|PP755591.1|A/cattle/Texas/24-008749-003/2024(H5N1)	574	9845
NA|PP755591.1|A/cattle/Texas/24-008749-003/2024(H5N1)	575	9828
NA|PP755591.1|A/cattle/Texas/24-008749-003/2024(H5N1)	576	9810
NA|PP755591.1|A/cattle/Texas/24-008749-003/2024(H5N1)	577	9800
NA|PP755591.1|A/cattle/Texas/24-008749-003/2024(H5N1)	578	9773
NA|PP755591.1|A/cattle/Texas/24-008749-003/2024(H5N1)	579	9713
NA|PP755591.1|A/cattle/Texas/24-008749-003/2024(H5N1)	580	9774
NA|PP755591.1|A/cattle/Texas/24-008749-003/2024(H5N1)	581	9781
NA|PP755591.1|A/cattle/Texas/24-008749-003/2024(H5N1)	582	9782
NA|PP755591.1|A/cattle/Texas/24-008749-003/2024(H5N1)	583	9703
NA|PP755591.1|A/cattle/Texas/24-008749-003/2024(H5N1)	584	9662
NA|PP755591.1|A/cattle/Texas/24-008749-003/2024(H5N1)	585	9636
NA|PP755591.1|A/cattle/Texas/24-008749-003/2024(H5N1)	586	9842
NA|PP755591.1|A/cattle/Texas/24-008749-003/2024(H5N1)	587	9832
NA|PP755591.1|A/cattle/Texas/24-008749-003/2024(H5N1)	588	9751
NA|PP755591.1|A/cattle/Texas/24-008749-003/2024(H5N1)	589	9739
NA|PP755591.1|A/cattle/Texas/24-008749-003/2024(H5N1)	590	9735
NA|PP755591.1|A/cattle/Texas/24-008749-003/2024(H5N1)	591	9704
NA|PP755591.1|A/cattle/Texas/24-008749-003/2024(H5N1)	592	9829
NA|PP755591.1|A/cattle/Texas/24-008749-003/2024(H5N1)	593	9725
NA|PP755591.1|A/cattle/Texas/24-008749-003/2024(H5N1)	594	9726
NA|PP755591.1|A/cattle/Texas/24-008749-003/2024(H5N1)	595	9792
NA|PP755591.1|A/cattle/Texas/24-008749-003/2024(H5N1)	596	9352
NA|PP755591.1|A/cattle/Texas/24-008749-003/2024(H5N1)	597	9351
NA|PP755591.1|A/cattle/Texas/24-008749-003/2024(H5N1)	598	9183
NA|PP755591.1|A/cattle/Texas/24-008749-003/2024(H5N1)	599	9175
NA|PP755591.1|A/cattle/Texas/24-008749-003/2024(H5N1)	600	9171
NA|PP755591.1|A/cattle/Texas/24-008749-003/2024(H5N1)	601	9113
NA|PP755591.1|A/cattle/Texas/24-008749-003/2024(H5N1)	602	9099
NA|PP755591.1|A/cattle/Texas/24-008749-003/2024(H5N1)	603	8862
NA|PP755591.1|A/cattle/Texas/24-008749-003/2024(H5N1)	604	8788
NA|PP755591.1|A/cattle/Texas/24-008749-003/2024(H5N1)	605	8694
NA|PP755591.1|A/cattle/Texas/24-008749-003/2024(H5N1)	606	8511
NA|PP755591.1|A/cattle/Texas/24-008749-003/2024(H5N1)	607	9198
NA|PP755591.1|A/cattle/Texas/24-008749-003/2024(H5N1)	608	9208
NA|PP755591.1|A/cattle/Texas/24-008749-003/2024(H5N1)	609	9210
NA|PP755591.1|A/cattle/Texas/24-008749-003/2024(H5N1)	610	8742
NA|PP755591.1|A/cattle/Texas/24-008749-003/2024(H5N1)	611	8505
NA|PP755591.1|A/cattle/Texas/24-008749-003/2024(H5N1)	612	8413
NA|PP755591.1|A/cattle/Texas/24-008749-003/2024(H5N1)	613	8484
NA|PP755591.1|A/cattle/Texas/24-008749-003/2024(H5N1)	614	8504
NA|PP755591.1|A/cattle/Texas/24-008749-003/2024(H5N1)	615	8529
NA|PP755591.1|A/cattle/Texas/24-008749-003/2024(H5N1)	616	8547
NA|PP755591.1|A/cattle/Texas/24-008749-003/2024(H5N1)	617	8519
NA|PP755591.1|A/cattle/Texas/24-008749-003/2024(H5N1)	618	8482
NA|PP755591.1|A/cattle/Texas/24-008749-003/2024(H5N1)	619	8446
NA|PP755591.1|A/cattle/Texas/24-008749-003/2024(H5N1)	620	8210
NA|PP755591.1|A/cattle/Texas/24-008749-003/2024(H5N1)	621	8200
NA|PP755591.1|A/cattle/Texas/24-008749-003/2024(H5N1)	622	8101
NA|PP755591.1|A/cattle/Texas/24-008749-003/2024(H5N1)	623	7911
NA|PP755591.1|A/cattle/Texas/24-008749-003/2024(H5N1)	624	7896
NA|PP755591.1|A/cattle/Texas/24-008749-003/2024(H5N1)	625	7785
NA|PP755591.1|A/cattle/Texas/24-008749-003/2024(H5N1)	626	7785
NA|PP755591.1|A/cattle/Texas/24-008749-003/2024(H5N1)	627	7727
NA|PP755591.1|A/cattle/Texas/24-008749-003/2024(H5N1)	628	7643
NA|PP755591.1|A/cattle/Texas/24-008749-003/2024(H5N1)	629	7704
NA|PP755591.1|A/cattle/Texas/24-008749-003/2024(H5N1)	630	7662
NA|PP755591.1|A/cattle/Texas/24-008749-003/2024(H5N1)	631	7660
NA|PP755591.1|A/cattle/Texas/24-008749-003/2024(H5N1)	632	7696
NA|PP755591.1|A/cattle/Texas/24-008749-003/2024(H5N1)	633	7498
NA|PP755591.1|A/cattle/Texas/24-008749-003/2024(H5N1)	634	7513
NA|PP755591.1|A/cattle/Texas/24-008749-003/2024(H5N1)	635	7508
NA|PP755591.1|A/cattle/Texas/24-008749-003/2024(H5N1)	636	7426
NA|PP755591.1|A/cattle/Texas/24-008749-003/2024(H5N1)	637	7374
NA|PP755591.1|A/cattle/Texas/24-008749-003/2024(H5N1)	638	7250
NA|PP755591.1|A/cattle/Texas/24-008749-003/2024(H5N1)	639	7089
NA|PP755591.1|A/cattle/Texas/24-008749-003/2024(H5N1)	640	7157
NA|PP755591.1|A/cattle/Texas/24-008749-003/2024(H5N1)	641	7125
NA|PP755591.1|A/cattle/Texas/24-008749-003/2024(H5N1)	642	7107
NA|PP755591.1|A/cattle/Texas/24-008749-003/2024(H5N1)	643	7106
NA|PP755591.1|A/cattle/Texas/24-008749-003/2024(H5N1)	644	7015
NA|PP755591.1|A/cattle/Texas/24-008749-003/2024(H5N1)	645	6968
NA|PP755591.1|A/cattle/Texas/24-008749-003/2024(H5N1)	646	6962
NA|PP755591.1|A/cattle/Texas/24-008749-003/2024(H5N1)	647	6850
NA|PP755591.1|A/cattle/Texas/24-008749-003/2024(H5N1)	648	6754
NA|PP755591.1|A/cattle/Texas/24-008749-003/2024(H5N1)	649	7044
NA|PP755591.1|A/cattle/Texas/24-008749-003/2024(H5N1)	650	6942
NA|PP755591.1|A/cattle/Texas/24-008749-003/2024(H5N1)	651	7026
NA|PP755591.1|A/cattle/Texas/24-008749-003/2024(H5N1)	652	6982
NA|PP755591.1|A/cattle/Texas/24-008749-003/2024(H5N1)	653	6737
NA|PP755591.1|A/cattle/Texas/24-008749-003/2024(H5N1)	654	6472
NA|PP755591.1|A/cattle/Texas/24-008749-003/2024(H5N1)	655	6373
NA|PP755591.1|A/cattle/Texas/24-008749-003/2024(H5N1)	656	6172
NA|PP755591.1|A/cattle/Texas/24-008749-003/2024(H5N1)	657	6148
NA|PP755591.1|A/cattle/Texas/24-008749-003/2024(H5N1)	658	6037
NA|PP755591.1|A/cattle/Texas/24-008749-003/2024(H5N1)	659	6034
NA|PP755591.1|A/cattle/Texas/24-008749-003/2024(H5N1)	660	5920
NA|PP755591.1|A/cattle/Texas/24-008749-003/2024(H5N1)	661	5886
NA|PP755591.1|A/cattle/Texas/24-008749-003/2024(H5N1)	662	5435
NA|PP755591.1|A/cattle/Texas/24-008749-003/2024(H5N1)	663	5316
NA|PP755591.1|A/cattle/Texas/24-008749-003/2024(H5N1)	664	5311
NA|PP755591.1|A/cattle/Texas/24-008749-003/2024(H5N1)	665	5306
NA|PP755591.1|A/cattle/Texas/24-008749-003/2024(H5N1)	666	5300
NA|PP755591.1|A/cattle/Texas/24-008749-003/2024(H5N1)	667	5300
NA|PP755591.1|A/cattle/Texas/24-008749-003/2024(H5N1)	668	5254
NA|PP755591.1|A/cattle/Texas/24-008749-003/2024(H5N1)	669	5189
NA|PP755591.1|A/cattle/Texas/24-008749-003/2024(H5N1)	670	5780
NA|PP755591.1|A/cattle/Texas/24-008749-003/2024(H5N1)	671	5785
NA|PP755591.1|A/cattle/Texas/24-008749-003/2024(H5N1)	672	5790
NA|PP755591.1|A/cattle/Texas/24-008749-003/2024(H5N1)	673	5760
NA|PP755591.1|A/cattle/Texas/24-008749-003/2024(H5N1)	674	5753
NA|PP755591.1|A/cattle/Texas/24-008749-003/2024(H5N1)	675	5701
NA|PP755591.1|A/cattle/Texas/24-008749-003/2024(H5N1)	676	5584
NA|PP755591.1|A/cattle/Texas/24-008749-003/2024(H5N1)	677	5540
NA|PP755591.1|A/cattle/Texas/24-008749-003/2024(H5N1)	678	5417
NA|PP755591.1|A/cattle/Texas/24-008749-003/2024(H5N1)	679	5703
NA|PP755591.1|A/cattle/Texas/24-008749-003/2024(H5N1)	680	5702
NA|PP755591.1|A/cattle/Texas/24-008749-003/2024(H5N1)	681	5699
NA|PP755591.1|A/cattle/Texas/24-008749-003/2024(H5N1)	682	5671
NA|PP755591.1|A/cattle/Texas/24-008749-003/2024(H5N1)	683	5451
NA|PP755591.1|A/cattle/Texas/24-008749-003/2024(H5N1)	684	5442
NA|PP755591.1|A/cattle/Texas/24-008749-003/2024(H5N1)	685	5916
NA|PP755591.1|A/cattle/Texas/24-008749-003/2024(H5N1)	686	5745
NA|PP755591.1|A/cattle/Texas/24-008749-003/2024(H5N1)	687	5732
NA|PP755591.1|A/cattle/Texas/24-008749-003/2024(H5N1)	688	5729
NA|PP755591.1|A/cattle/Texas/24-008749-003/2024(H5N1)	689	5728
NA|PP755591.1|A/cattle/Texas/24-008749-003/2024(H5N1)	690	5695
NA|PP755591.1|A/cattle/Texas/24-008749-003/2024(H5N1)	691	5621
NA|PP755591.1|A/cattle/Texas/24-008749-003/2024(H5N1)	692	5489
NA|PP755591.1|A/cattle/Texas/24-008749-003/2024(H5N1)	693	5192
NA|PP755591.1|A/cattle/Texas/24-008749-003/2024(H5N1)	694	5192
NA|PP755591.1|A/cattle/Texas/24-008749-003/2024(H5N1)	695	5077
NA|PP755591.1|A/cattle/Texas/24-008749-003/2024(H5N1)	696	4181
NA|PP755591.1|A/cattle/Texas/24-008749-003/2024(H5N1)	697	4179
NA|PP755591.1|A/cattle/Texas/24-008749-003/2024(H5N1)	698	4179
NA|PP755591.1|A/cattle/Texas/24-008749-003/2024(H5N1)	699	4179
NA|PP755591.1|A/cattle/Texas/24-008749-003/2024(H5N1)	700	4178
NA|PP755591.1|A/cattle/Texas/24-008749-003/2024(H5N1)	701	4178
NA|PP755591.1|A/cattle/Texas/24-008749-003/2024(H5N1)	702	4178
NA|PP755591.1|A/cattle/Texas/24-008749-003/2024(H5N1)	703	4292
NA|PP755591.1|A/cattle/Texas/24-008749-003/2024(H5N1)	704	4309
NA|PP755591.1|A/cattle/Texas/24-008749-003/2024(H5N1)	705	4340
NA|PP755591.1|A/cattle/Texas/24-008749-003/2024(H5N1)	706	4379
NA|PP755591.1|A/cattle/Texas/24-008749-003/2024(H5N1)	707	4382
NA|PP755591.1|A/cattle/Texas/24-008749-003/2024(H5N1)	708	4382
NA|PP755591.1|A/cattle/Texas/24-008749-003/2024(H5N1)	709	4413
NA|PP755591.1|A/cattle/Texas/24-008749-003/2024(H5N1)	710	4415
NA|PP755591.1|A/cattle/Texas/24-008749-003/2024(H5N1)	711	4423
NA|PP755591.1|A/cattle/Texas/24-008749-003/2024(H5N1)	712	4467
NA|PP755591.1|A/cattle/Texas/24-008749-003/2024(H5N1)	713	4489
NA|PP755591.1|A/cattle/Texas/24-008749-003/2024(H5N1)	714	4527
NA|PP755591.1|A/cattle/Texas/24-008749-003/2024(H5N1)	715	4549
NA|PP755591.1|A/cattle/Texas/24-008749-003/2024(H5N1)	716	4564
NA|PP755591.1|A/cattle/Texas/24-008749-003/2024(H5N1)	717	4563
NA|PP755591.1|A/cattle/Texas/24-008749-003/2024(H5N1)	718	4639
NA|PP755591.1|A/cattle/Texas/24-008749-003/2024(H5N1)	719	4921
NA|PP755591.1|A/cattle/Texas/24-008749-003/2024(H5N1)	720	4942
NA|PP755591.1|A/cattle/Texas/24-008749-003/2024(H5N1)	721	5002
NA|PP755591.1|A/cattle/Texas/24-008749-003/2024(H5N1)	722	5976
NA|PP755591.1|A/cattle/Texas/24-008749-003/2024(H5N1)	723	6046
NA|PP755591.1|A/cattle/Texas/24-008749-003/2024(H5N1)	724	6060
NA|PP755591.1|A/cattle/Texas/24-008749-003/2024(H5N1)	725	6091
NA|PP755591.1|A/cattle/Texas/24-008749-003/2024(H5N1)	726	6113
NA|PP755591.1|A/cattle/Texas/24-008749-003/2024(H5N1)	727	6214
NA|PP755591.1|A/cattle/Texas/24-008749-003/2024(H5N1)	728	6665
NA|PP755591.1|A/cattle/Texas/24-008749-003/2024(H5N1)	729	6666
NA|PP755591.1|A/cattle/Texas/24-008749-003/2024(H5N1)	730	6681
NA|PP755591.1|A/cattle/Texas/24-008749-003/2024(H5N1)	731	6851
NA|PP755591.1|A/cattle/Texas/24-008749-003/2024(H5N1)	732	6849
NA|PP755591.1|A/cattle/Texas/24-008749-003/2024(H5N1)	733	6888
NA|PP755591.1|A/cattle/Texas/24-008749-003/2024(H5N1)	734	6891
NA|PP755591.1|A/cattle/Texas/24-008749-003/2024(H5N1)	735	6923
NA|PP755591.1|A/cattle/Texas/24-008749-003/2024(H5N1)	736	6995
NA|PP755591.1|A/cattle/Texas/24-008749-003/2024(H5N1)	737	6767
NA|PP755591.1|A/cattle/Texas/24-008749-003/2024(H5N1)	738	5862
NA|PP755591.1|A/cattle/Texas/24-008749-003/2024(H5N1)	739	5967
NA|PP755591.1|A/cattle/Texas/24-008749-003/2024(H5N1)	740	6273
NA|PP755591.1|A/cattle/Texas/24-008749-003/2024(H5N1)	741	6352
NA|PP755591.1|A/cattle/Texas/24-008749-003/2024(H5N1)	742	6538
NA|PP755591.1|A/cattle/Texas/24-008749-003/2024(H5N1)	743	6544
NA|PP755591.1|A/cattle/Texas/24-008749-003/2024(H5N1)	744	6557
NA|PP755591.1|A/cattle/Texas/24-008749-003/2024(H5N1)	745	6820
NA|PP755591.1|A/cattle/Texas/24-008749-003/2024(H5N1)	746	6860
NA|PP755591.1|A/cattle/Texas/24-008749-003/2024(H5N1)	747	6898
NA|PP755591.1|A/cattle/Texas/24-008749-003/2024(H5N1)	748	6919
NA|PP755591.1|A/cattle/Texas/24-008749-003/2024(H5N1)	749	6927
NA|PP755591.1|A/cattle/Texas/24-008749-003/2024(H5N1)	750	6936
NA|PP755591.1|A/cattle/Texas/24-008749-003/2024(H5N1)	751	7407
NA|PP755591.1|A/cattle/Texas/24-008749-003/2024(H5N1)	752	7495
NA|PP755591.1|A/cattle/Texas/24-008749-003/2024(H5N1)	753	7496
NA|PP755591.1|A/cattle/Texas/24-008749-003/2024(H5N1)	754	7356
NA|PP755591.1|A/cattle/Texas/24-008749-003/2024(H5N1)	755	7328
NA|PP755591.1|A/cattle/Texas/24-008749-003/2024(H5N1)	756	7326
NA|PP755591.1|A/cattle/Texas/24-008749-003/2024(H5N1)	757	7322
NA|PP755591.1|A/cattle/Texas/24-008749-003/2024(H5N1)	758	7313
NA|PP755591.1|A/cattle/Texas/24-008749-003/2024(H5N1)	759	7127
NA|PP755591.1|A/cattle/Texas/24-008749-003/2024(H5N1)	760	7127
NA|PP755591.1|A/cattle/Texas/24-008749-003/2024(H5N1)	761	7127
NA|PP755591.1|A/cattle/Texas/24-008749-003/2024(H5N1)	762	7127
NA|PP755591.1|A/cattle/Texas/24-008749-003/2024(H5N1)	763	7127
NA|PP755591.1|A/cattle/Texas/24-008749-003/2024(H5N1)	764	7127
NA|PP755591.1|A/cattle/Texas/24-008749-003/2024(H5N1)	765	6196
NA|PP755591.1|A/cattle/Texas/24-008749-003/2024(H5N1)	766	6196
NA|PP755591.1|A/cattle/Texas/24-008749-003/2024(H5N1)	767	6196
NA|PP755591.1|A/cattle/Texas/24-008749-003/2024(H5N1)	768	6196
NA|PP755591.1|A/cattle/Texas/24-008749-003/2024(H5N1)	769	6196
NA|PP755591.1|A/cattle/Texas/24-008749-003/2024(H5N1)	770	6196
NA|PP755591.1|A/cattle/Texas/24-008749-003/2024(H5N1)	771	6196
NA|PP755591.1|A/cattle/Texas/24-008749-003/2024(H5N1)	772	6239
NA|PP755591.1|A/cattle/Texas/24-008749-003/2024(H5N1)	773	6242
NA|PP755591.1|A/cattle/Texas/24-008749-003/2024(H5N1)	774	6249
NA|PP755591.1|A/cattle/Texas/24-008749-003/2024(H5N1)	775	6247
NA|PP755591.1|A/cattle/Texas/24-008749-003/2024(H5N1)	776	6249
NA|PP755591.1|A/cattle/Texas/24-008749-003/2024(H5N1)	777	2354
NA|PP755591.1|A/cattle/Texas/24-008749-003/2024(H5N1)	778	6267
NA|PP755591.1|A/cattle/Texas/24-008749-003/2024(H5N1)	779	6302
NA|PP755591.1|A/cattle/Texas/24-008749-003/2024(H5N1)	780	6324
NA|PP755591.1|A/cattle/Texas/24-008749-003/2024(H5N1)	781	6446
NA|PP755591.1|A/cattle/Texas/24-008749-003/2024(H5N1)	782	6447
NA|PP755591.1|A/cattle/Texas/24-008749-003/2024(H5N1)	783	6447
NA|PP755591.1|A/cattle/Texas/24-008749-003/2024(H5N1)	784	6473
NA|PP755591.1|A/cattle/Texas/24-008749-003/2024(H5N1)	785	6473
NA|PP755591.1|A/cattle/Texas/24-008749-003/2024(H5N1)	786	6473
NA|PP755591.1|A/cattle/Texas/24-008749-003/2024(H5N1)	787	6510
NA|PP755591.1|A/cattle/Texas/24-008749-003/2024(H5N1)	788	6514
NA|PP755591.1|A/cattle/Texas/24-008749-003/2024(H5N1)	789	6588
NA|PP755591.1|A/cattle/Texas/24-008749-003/2024(H5N1)	790	7369
NA|PP755591.1|A/cattle/Texas/24-008749-003/2024(H5N1)	791	7474
NA|PP755591.1|A/cattle/Texas/24-008749-003/2024(H5N1)	792	7485
NA|PP755591.1|A/cattle/Texas/24-008749-003/2024(H5N1)	793	7603
NA|PP755591.1|A/cattle/Texas/24-008749-003/2024(H5N1)	794	7674
NA|PP755591.1|A/cattle/Texas/24-008749-003/2024(H5N1)	795	7696
NA|PP755591.1|A/cattle/Texas/24-008749-003/2024(H5N1)	796	7712
NA|PP755591.1|A/cattle/Texas/24-008749-003/2024(H5N1)	797	7758
NA|PP755591.1|A/cattle/Texas/24-008749-003/2024(H5N1)	798	7758
NA|PP755591.1|A/cattle/Texas/24-008749-003/2024(H5N1)	799	7826
NA|PP755591.1|A/cattle/Texas/24-008749-003/2024(H5N1)	800	7873
NA|PP755591.1|A/cattle/Texas/24-008749-003/2024(H5N1)	801	7862
NA|PP755591.1|A/cattle/Texas/24-008749-003/2024(H5N1)	802	7782
NA|PP755591.1|A/cattle/Texas/24-008749-003/2024(H5N1)	803	7738
NA|PP755591.1|A/cattle/Texas/24-008749-003/2024(H5N1)	804	7274
NA|PP755591.1|A/cattle/Texas/24-008749-003/2024(H5N1)	805	7505
NA|PP755591.1|A/cattle/Texas/24-008749-003/2024(H5N1)	806	8195
NA|PP755591.1|A/cattle/Texas/24-008749-003/2024(H5N1)	807	8210
NA|PP755591.1|A/cattle/Texas/24-008749-003/2024(H5N1)	808	8218
NA|PP755591.1|A/cattle/Texas/24-008749-003/2024(H5N1)	809	8254
NA|PP755591.1|A/cattle/Texas/24-008749-003/2024(H5N1)	810	8261
NA|PP755591.1|A/cattle/Texas/24-008749-003/2024(H5N1)	811	8272
NA|PP755591.1|A/cattle/Texas/24-008749-003/2024(H5N1)	812	8413
NA|PP755591.1|A/cattle/Texas/24-008749-003/2024(H5N1)	813	8417
NA|PP755591.1|A/cattle/Texas/24-008749-003/2024(H5N1)	814	8429
NA|PP755591.1|A/cattle/Texas/24-008749-003/2024(H5N1)	815	8498
NA|PP755591.1|A/cattle/Texas/24-008749-003/2024(H5N1)	816	8505
NA|PP755591.1|A/cattle/Texas/24-008749-003/2024(H5N1)	817	8686
NA|PP755591.1|A/cattle/Texas/24-008749-003/2024(H5N1)	818	8717
NA|PP755591.1|A/cattle/Texas/24-008749-003/2024(H5N1)	819	8749
NA|PP755591.1|A/cattle/Texas/24-008749-003/2024(H5N1)	820	8740
NA|PP755591.1|A/cattle/Texas/24-008749-003/2024(H5N1)	821	8692
NA|PP755591.1|A/cattle/Texas/24-008749-003/2024(H5N1)	822	8808
NA|PP755591.1|A/cattle/Texas/24-008749-003/2024(H5N1)	823	8805
NA|PP755591.1|A/cattle/Texas/24-008749-003/2024(H5N1)	824	9158
NA|PP755591.1|A/cattle/Texas/24-008749-003/2024(H5N1)	825	9147
NA|PP755591.1|A/cattle/Texas/24-008749-003/2024(H5N1)	826	9107
NA|PP755591.1|A/cattle/Texas/24-008749-003/2024(H5N1)	827	9134
NA|PP755591.1|A/cattle/Texas/24-008749-003/2024(H5N1)	828	8758
NA|PP755591.1|A/cattle/Texas/24-008749-003/2024(H5N1)	829	8831
NA|PP755591.1|A/cattle/Texas/24-008749-003/2024(H5N1)	830	8833
NA|PP755591.1|A/cattle/Texas/24-008749-003/2024(H5N1)	831	8885
NA|PP755591.1|A/cattle/Texas/24-008749-003/2024(H5N1)	832	8923
NA|PP755591.1|A/cattle/Texas/24-008749-003/2024(H5N1)	833	8996
NA|PP755591.1|A/cattle/Texas/24-008749-003/2024(H5N1)	834	8896
NA|PP755591.1|A/cattle/Texas/24-008749-003/2024(H5N1)	835	8946
NA|PP755591.1|A/cattle/Texas/24-008749-003/2024(H5N1)	836	8981
NA|PP755591.1|A/cattle/Texas/24-008749-003/2024(H5N1)	837	8980
NA|PP755591.1|A/cattle/Texas/24-008749-003/2024(H5N1)	838	8979
NA|PP755591.1|A/cattle/Texas/24-008749-003/2024(H5N1)	839	8979
NA|PP755591.1|A/cattle/Texas/24-008749-003/2024(H5N1)	840	8920
NA|PP755591.1|A/cattle/Texas/24-008749-003/2024(H5N1)	841	8903
NA|PP755591.1|A/cattle/Texas/24-008749-003/2024(H5N1)	842	8902
NA|PP755591.1|A/cattle/Texas/24-008749-003/2024(H5N1)	843	8818
NA|PP755591.1|A/cattle/Texas/24-008749-003/2024(H5N1)	844	8811
NA|PP755591.1|A/cattle/Texas/24-008749-003/2024(H5N1)	845	8789
NA|PP755591.1|A/cattle/Texas/24-008749-003/2024(H5N1)	846	8773
NA|PP755591.1|A/cattle/Texas/24-008749-003/2024(H5N1)	847	8771
NA|PP755591.1|A/cattle/Texas/24-008749-003/2024(H5N1)	848	8530
NA|PP755591.1|A/cattle/Texas/24-008749-003/2024(H5N1)	849	8417
NA|PP755591.1|A/cattle/Texas/24-008749-003/2024(H5N1)	850	8416
NA|PP755591.1|A/cattle/Texas/24-008749-003/2024(H5N1)	851	8409
NA|PP755591.1|A/cattle/Texas/24-008749-003/2024(H5N1)	852	8403
NA|PP755591.1|A/cattle/Texas/24-008749-003/2024(H5N1)	853	8403
NA|PP755591.1|A/cattle/Texas/24-008749-003/2024(H5N1)	854	8257
NA|PP755591.1|A/cattle/Texas/24-008749-003/2024(H5N1)	855	1316
NA|PP755591.1|A/cattle/Texas/24-008749-003/2024(H5N1)	856	1282
NA|PP755591.1|A/cattle/Texas/24-008749-003/2024(H5N1)	857	1282
NA|PP755591.1|A/cattle/Texas/24-008749-003/2024(H5N1)	858	1282
NA|PP755591.1|A/cattle/Texas/24-008749-003/2024(H5N1)	859	1282
NA|PP755591.1|A/cattle/Texas/24-008749-003/2024(H5N1)	860	1282
NA|PP755591.1|A/cattle/Texas/24-008749-003/2024(H5N1)	861	1282
NA|PP755591.1|A/cattle/Texas/24-008749-003/2024(H5N1)	862	1282
NA|PP755591.1|A/cattle/Texas/24-008749-003/2024(H5N1)	863	1280
NA|PP755591.1|A/cattle/Texas/24-008749-003/2024(H5N1)	864	1280
NA|PP755591.1|A/cattle/Texas/24-008749-003/2024(H5N1)	865	2307
NA|PP755591.1|A/cattle/Texas/24-008749-003/2024(H5N1)	866	2309
NA|PP755591.1|A/cattle/Texas/24-008749-003/2024(H5N1)	867	2339
NA|PP755591.1|A/cattle/Texas/24-008749-003/2024(H5N1)	868	2369
NA|PP755591.1|A/cattle/Texas/24-008749-003/2024(H5N1)	869	2370
NA|PP755591.1|A/cattle/Texas/24-008749-003/2024(H5N1)	870	2370
NA|PP755591.1|A/cattle/Texas/24-008749-003/2024(H5N1)	871	2370
NA|PP755591.1|A/cattle/Texas/24-008749-003/2024(H5N1)	872	2370
NA|PP755591.1|A/cattle/Texas/24-008749-003/2024(H5N1)	873	2371
NA|PP755591.1|A/cattle/Texas/24-008749-003/2024(H5N1)	874	2371
NA|PP755591.1|A/cattle/Texas/24-008749-003/2024(H5N1)	875	2371
NA|PP755591.1|A/cattle/Texas/24-008749-003/2024(H5N1)	876	2371
NA|PP755591.1|A/cattle/Texas/24-008749-003/2024(H5N1)	877	2370
NA|PP755591.1|A/cattle/Texas/24-008749-003/2024(H5N1)	878	2370
NA|PP755591.1|A/cattle/Texas/24-008749-003/2024(H5N1)	879	2369
NA|PP755591.1|A/cattle/Texas/24-008749-003/2024(H5N1)	880	2369
NA|PP755591.1|A/cattle/Texas/24-008749-003/2024(H5N1)	881	2369
NA|PP755591.1|A/cattle/Texas/24-008749-003/2024(H5N1)	882	2369
NA|PP755591.1|A/cattle/Texas/24-008749-003/2024(H5N1)	883	2369
NA|PP755591.1|A/cattle/Texas/24-008749-003/2024(H5N1)	884	2369
NA|PP755591.1|A/cattle/Texas/24-008749-003/2024(H5N1)	885	2369
NA|PP755591.1|A/cattle/Texas/24-008749-003/2024(H5N1)	886	2409
NA|PP755591.1|A/cattle/Texas/24-008749-003/2024(H5N1)	887	2437
NA|PP755591.1|A/cattle/Texas/24-008749-003/2024(H5N1)	888	2475
NA|PP755591.1|A/cattle/Texas/24-008749-003/2024(H5N1)	889	2475
NA|PP755591.1|A/cattle/Texas/24-008749-003/2024(H5N1)	890	2475
NA|PP755591.1|A/cattle/Texas/24-008749-003/2024(H5N1)	891	2475
NA|PP755591.1|A/cattle/Texas/24-008749-003/2024(H5N1)	892	2475
NA|PP755591.1|A/cattle/Texas/24-008749-003/2024(H5N1)	893	2476
NA|PP755591.1|A/cattle/Texas/24-008749-003/2024(H5N1)	894	2476
NA|PP755591.1|A/cattle/Texas/24-008749-003/2024(H5N1)	895	2476
NA|PP755591.1|A/cattle/Texas/24-008749-003/2024(H5N1)	896	2476
NA|PP755591.1|A/cattle/Texas/24-008749-003/2024(H5N1)	897	2476
NA|PP755591.1|A/cattle/Texas/24-008749-003/2024(H5N1)	898	2486
NA|PP755591.1|A/cattle/Texas/24-008749-003/2024(H5N1)	899	2486
NA|PP755591.1|A/cattle/Texas/24-008749-003/2024(H5N1)	900	2486
NA|PP755591.1|A/cattle/Texas/24-008749-003/2024(H5N1)	901	2485
NA|PP755591.1|A/cattle/Texas/24-008749-003/2024(H5N1)	902	2485
NA|PP755591.1|A/cattle/Texas/24-008749-003/2024(H5N1)	903	2485
NA|PP755591.1|A/cattle/Texas/24-008749-003/2024(H5N1)	904	2485
NA|PP755591.1|A/cattle/Texas/24-008749-003/2024(H5N1)	905	2485
NA|PP755591.1|A/cattle/Texas/24-008749-003/2024(H5N1)	906	2485
NA|PP755591.1|A/cattle/Texas/24-008749-003/2024(H5N1)	907	2571
NA|PP755591.1|A/cattle/Texas/24-008749-003/2024(H5N1)	908	2591
NA|PP755591.1|A/cattle/Texas/24-008749-003/2024(H5N1)	909	2591
NA|PP755591.1|A/cattle/Texas/24-008749-003/2024(H5N1)	910	2592
NA|PP755591.1|A/cattle/Texas/24-008749-003/2024(H5N1)	911	2592
NA|PP755591.1|A/cattle/Texas/24-008749-003/2024(H5N1)	912	2592
NA|PP755591.1|A/cattle/Texas/24-008749-003/2024(H5N1)	913	2610
NA|PP755591.1|A/cattle/Texas/24-008749-003/2024(H5N1)	914	2610
NA|PP755591.1|A/cattle/Texas/24-008749-003/2024(H5N1)	915	2610
NA|PP755591.1|A/cattle/Texas/24-008749-003/2024(H5N1)	916	2610
NA|PP755591.1|A/cattle/Texas/24-008749-003/2024(H5N1)	917	2787
NA|PP755591.1|A/cattle/Texas/24-008749-003/2024(H5N1)	918	2795
NA|PP755591.1|A/cattle/Texas/24-008749-003/2024(H5N1)	919	4964
NA|PP755591.1|A/cattle/Texas/24-008749-003/2024(H5N1)	920	5005
NA|PP755591.1|A/cattle/Texas/24-008749-003/2024(H5N1)	921	5009
NA|PP755591.1|A/cattle/Texas/24-008749-003/2024(H5N1)	922	5015
NA|PP755591.1|A/cattle/Texas/24-008749-003/2024(H5N1)	923	5023
NA|PP755591.1|A/cattle/Texas/24-008749-003/2024(H5N1)	924	5039
NA|PP755591.1|A/cattle/Texas/24-008749-003/2024(H5N1)	925	5078
NA|PP755591.1|A/cattle/Texas/24-008749-003/2024(H5N1)	926	5139
NA|PP755591.1|A/cattle/Texas/24-008749-003/2024(H5N1)	927	5145
NA|PP755591.1|A/cattle/Texas/24-008749-003/2024(H5N1)	928	5176
NA|PP755591.1|A/cattle/Texas/24-008749-003/2024(H5N1)	929	5178
NA|PP755591.1|A/cattle/Texas/24-008749-003/2024(H5N1)	930	5180
NA|PP755591.1|A/cattle/Texas/24-008749-003/2024(H5N1)	931	5186
NA|PP755591.1|A/cattle/Texas/24-008749-003/2024(H5N1)	932	5233
NA|PP755591.1|A/cattle/Texas/24-008749-003/2024(H5N1)	933	5325
NA|PP755591.1|A/cattle/Texas/24-008749-003/2024(H5N1)	934	5327
NA|PP755591.1|A/cattle/Texas/24-008749-003/2024(H5N1)	935	5469
NA|PP755591.1|A/cattle/Texas/24-008749-003/2024(H5N1)	936	5486
NA|PP755591.1|A/cattle/Texas/24-008749-003/2024(H5N1)	937	5519
NA|PP755591.1|A/cattle/Texas/24-008749-003/2024(H5N1)	938	5537
NA|PP755591.1|A/cattle/Texas/24-008749-003/2024(H5N1)	939	5537
NA|PP755591.1|A/cattle/Texas/24-008749-003/2024(H5N1)	940	5537
NA|PP755591.1|A/cattle/Texas/24-008749-003/2024(H5N1)	941	5537
NA|PP755591.1|A/cattle/Texas/24-008749-003/2024(H5N1)	942	5537
NA|PP755591.1|A/cattle/Texas/24-008749-003/2024(H5N1)	943	5529
NA|PP755591.1|A/cattle/Texas/24-008749-003/2024(H5N1)	944	5524
NA|PP755591.1|A/cattle/Texas/24-008749-003/2024(H5N1)	945	5466
NA|PP755591.1|A/cattle/Texas/24-008749-003/2024(H5N1)	946	5465
NA|PP755591.1|A/cattle/Texas/24-008749-003/2024(H5N1)	947	5465
NA|PP755591.1|A/cattle/Texas/24-008749-003/2024(H5N1)	948	5427
NA|PP755591.1|A/cattle/Texas/24-008749-003/2024(H5N1)	949	5428
NA|PP755591.1|A/cattle/Texas/24-008749-003/2024(H5N1)	950	5428
NA|PP755591.1|A/cattle/Texas/24-008749-003/2024(H5N1)	951	5427
NA|PP755591.1|A/cattle/Texas/24-008749-003/2024(H5N1)	952	5413
NA|PP755591.1|A/cattle/Texas/24-008749-003/2024(H5N1)	953	5351
NA|PP755591.1|A/cattle/Texas/24-008749-003/2024(H5N1)	954	5286
NA|PP755591.1|A/cattle/Texas/24-008749-003/2024(H5N1)	955	5275
NA|PP755591.1|A/cattle/Texas/24-008749-003/2024(H5N1)	956	5274
NA|PP755591.1|A/cattle/Texas/24-008749-003/2024(H5N1)	957	3836
NA|PP755591.1|A/cattle/Texas/24-008749-003/2024(H5N1)	958	3840
NA|PP755591.1|A/cattle/Texas/24-008749-003/2024(H5N1)	959	3840
NA|PP755591.1|A/cattle/Texas/24-008749-003/2024(H5N1)	960	3836
NA|PP755591.1|A/cattle/Texas/24-008749-003/2024(H5N1)	961	3836
NA|PP755591.1|A/cattle/Texas/24-008749-003/2024(H5N1)	962	3944
NA|PP755591.1|A/cattle/Texas/24-008749-003/2024(H5N1)	963	3950
NA|PP755591.1|A/cattle/Texas/24-008749-003/2024(H5N1)	964	3950
NA|PP755591.1|A/cattle/Texas/24-008749-003/2024(H5N1)	965	3950
NA|PP755591.1|A/cattle/Texas/24-008749-003/2024(H5N1)	966	3950
NA|PP755591.1|A/cattle/Texas/24-008749-003/2024(H5N1)	967	3957
NA|PP755591.1|A/cattle/Texas/24-008749-003/2024(H5N1)	968	4156
NA|PP755591.1|A/cattle/Texas/24-008749-003/2024(H5N1)	969	4156
NA|PP755591.1|A/cattle/Texas/24-008749-003/2024(H5N1)	970	4167
NA|PP755591.1|A/cattle/Texas/24-008749-003/2024(H5N1)	971	4167
NA|PP755591.1|A/cattle/Texas/24-008749-003/2024(H5N1)	972	4209
NA|PP755591.1|A/cattle/Texas/24-008749-003/2024(H5N1)	973	4213
NA|PP755591.1|A/cattle/Texas/24-008749-003/2024(H5N1)	974	4213
NA|PP755591.1|A/cattle/Texas/24-008749-003/2024(H5N1)	975	4213
NA|PP755591.1|A/cattle/Texas/24-008749-003/2024(H5N1)	976	4240
NA|PP755591.1|A/cattle/Texas/24-008749-003/2024(H5N1)	977	4342
NA|PP755591.1|A/cattle/Texas/24-008749-003/2024(H5N1)	978	4365
NA|PP755591.1|A/cattle/Texas/24-008749-003/2024(H5N1)	979	6770
NA|PP755591.1|A/cattle/Texas/24-008749-003/2024(H5N1)	980	6778
NA|PP755591.1|A/cattle/Texas/24-008749-003/2024(H5N1)	981	6894
NA|PP755591.1|A/cattle/Texas/24-008749-003/2024(H5N1)	982	6898
NA|PP755591.1|A/cattle/Texas/24-008749-003/2024(H5N1)	983	6931
NA|PP755591.1|A/cattle/Texas/24-008749-003/2024(H5N1)	984	6946
NA|PP755591.1|A/cattle/Texas/24-008749-003/2024(H5N1)	985	6952
NA|PP755591.1|A/cattle/Texas/24-008749-003/2024(H5N1)	986	7219
NA|PP755591.1|A/cattle/Texas/24-008749-003/2024(H5N1)	987	7591
NA|PP755591.1|A/cattle/Texas/24-008749-003/2024(H5N1)	988	7602
NA|PP755591.1|A/cattle/Texas/24-008749-003/2024(H5N1)	989	7616
NA|PP755591.1|A/cattle/Texas/24-008749-003/2024(H5N1)	990	7626
NA|PP755591.1|A/cattle/Texas/24-008749-003/2024(H5N1)	991	7688
NA|PP755591.1|A/cattle/Texas/24-008749-003/2024(H5N1)	992	7783
NA|PP755591.1|A/cattle/Texas/24-008749-003/2024(H5N1)	993	7823
NA|PP755591.1|A/cattle/Texas/24-008749-003/2024(H5N1)	994	7826
NA|PP755591.1|A/cattle/Texas/24-008749-003/2024(H5N1)	995	7830
NA|PP755591.1|A/cattle/Texas/24-008749-003/2024(H5N1)	996	7945
NA|PP755591.1|A/cattle/Texas/24-008749-003/2024(H5N1)	997	7995
NA|PP755591.1|A/cattle/Texas/24-008749-003/2024(H5N1)	998	8028
NA|PP755591.1|A/cattle/Texas/24-008749-003/2024(H5N1)	999	8189
NA|PP755591.1|A/cattle/Texas/24-008749-003/2024(H5N1)	1000	8175
NA|PP755591.1|A/cattle/Texas/24-008749-003/2024(H5N1)	1001	8165
NA|PP755591.1|A/cattle/Texas/24-008749-003/2024(H5N1)	1002	8146
NA|PP755591.1|A/cattle/Texas/24-008749-003/2024(H5N1)	1003	8143
NA|PP755591.1|A/cattle/Texas/24-008749-003/2024(H5N1)	1004	8143
NA|PP755591.1|A/cattle/Texas/24-008749-003/2024(H5N1)	1005	7088
NA|PP755591.1|A/cattle/Texas/24-008749-003/2024(H5N1)	1006	7088
NA|PP755591.1|A/cattle/Texas/24-008749-003/2024(H5N1)	1007	7301
NA|PP755591.1|A/cattle/Texas/24-008749-003/2024(H5N1)	1008	7330
NA|PP755591.1|A/cattle/Texas/24-008749-003/2024(H5N1)	1009	7397
NA|PP755591.1|A/cattle/Texas/24-008749-003/2024(H5N1)	1010	7400
NA|PP755591.1|A/cattle/Texas/24-008749-003/2024(H5N1)	1011	7400
NA|PP755591.1|A/cattle/Texas/24-008749-003/2024(H5N1)	1012	7399
NA|PP755591.1|A/cattle/Texas/24-008749-003/2024(H5N1)	1013	7434
NA|PP755591.1|A/cattle/Texas/24-008749-003/2024(H5N1)	1014	7654
NA|PP755591.1|A/cattle/Texas/24-008749-003/2024(H5N1)	1015	7662
NA|PP755591.1|A/cattle/Texas/24-008749-003/2024(H5N1)	1016	8695
NA|PP755591.1|A/cattle/Texas/24-008749-003/2024(H5N1)	1017	8730
NA|PP755591.1|A/cattle/Texas/24-008749-003/2024(H5N1)	1018	8736
NA|PP755591.1|A/cattle/Texas/24-008749-003/2024(H5N1)	1019	8795
NA|PP755591.1|A/cattle/Texas/24-008749-003/2024(H5N1)	1020	8796
NA|PP755591.1|A/cattle/Texas/24-008749-003/2024(H5N1)	1021	8812
NA|PP755591.1|A/cattle/Texas/24-008749-003/2024(H5N1)	1022	8813
NA|PP755591.1|A/cattle/Texas/24-008749-003/2024(H5N1)	1023	8815
NA|PP755591.1|A/cattle/Texas/24-008749-003/2024(H5N1)	1024	8820
NA|PP755591.1|A/cattle/Texas/24-008749-003/2024(H5N1)	1025	8820
NA|PP755591.1|A/cattle/Texas/24-008749-003/2024(H5N1)	1026	8761
NA|PP755591.1|A/cattle/Texas/24-008749-003/2024(H5N1)	1027	8761
NA|PP755591.1|A/cattle/Texas/24-008749-003/2024(H5N1)	1028	8637
NA|PP755591.1|A/cattle/Texas/24-008749-003/2024(H5N1)	1029	8637
NA|PP755591.1|A/cattle/Texas/24-008749-003/2024(H5N1)	1030	8628
NA|PP755591.1|A/cattle/Texas/24-008749-003/2024(H5N1)	1031	8605
NA|PP755591.1|A/cattle/Texas/24-008749-003/2024(H5N1)	1032	8605
NA|PP755591.1|A/cattle/Texas/24-008749-003/2024(H5N1)	1033	8581
NA|PP755591.1|A/cattle/Texas/24-008749-003/2024(H5N1)	1034	8568
NA|PP755591.1|A/cattle/Texas/24-008749-003/2024(H5N1)	1035	7367
NA|PP755591.1|A/cattle/Texas/24-008749-003/2024(H5N1)	1036	7339
NA|PP755591.1|A/cattle/Texas/24-008749-003/2024(H5N1)	1037	7289
NA|PP755591.1|A/cattle/Texas/24-008749-003/2024(H5N1)	1038	7241
NA|PP755591.1|A/cattle/Texas/24-008749-003/2024(H5N1)	1039	7241
NA|PP755591.1|A/cattle/Texas/24-008749-003/2024(H5N1)	1040	7241
NA|PP755591.1|A/cattle/Texas/24-008749-003/2024(H5N1)	1041	7241
NA|PP755591.1|A/cattle/Texas/24-008749-003/2024(H5N1)	1042	7242
NA|PP755591.1|A/cattle/Texas/24-008749-003/2024(H5N1)	1043	7243
NA|PP755591.1|A/cattle/Texas/24-008749-003/2024(H5N1)	1044	7244
NA|PP755591.1|A/cattle/Texas/24-008749-003/2024(H5N1)	1045	7985
NA|PP755591.1|A/cattle/Texas/24-008749-003/2024(H5N1)	1046	7988
NA|PP755591.1|A/cattle/Texas/24-008749-003/2024(H5N1)	1047	8004
NA|PP755591.1|A/cattle/Texas/24-008749-003/2024(H5N1)	1048	8006
NA|PP755591.1|A/cattle/Texas/24-008749-003/2024(H5N1)	1049	8058
NA|PP755591.1|A/cattle/Texas/24-008749-003/2024(H5N1)	1050	8058
NA|PP755591.1|A/cattle/Texas/24-008749-003/2024(H5N1)	1051	8059
NA|PP755591.1|A/cattle/Texas/24-008749-003/2024(H5N1)	1052	8054
NA|PP755591.1|A/cattle/Texas/24-008749-003/2024(H5N1)	1053	7762
NA|PP755591.1|A/cattle/Texas/24-008749-003/2024(H5N1)	1054	7749
NA|PP755591.1|A/cattle/Texas/24-008749-003/2024(H5N1)	1055	7717
NA|PP755591.1|A/cattle/Texas/24-008749-003/2024(H5N1)	1056	7705
NA|PP755591.1|A/cattle/Texas/24-008749-003/2024(H5N1)	1057	8351
NA|PP755591.1|A/cattle/Texas/24-008749-003/2024(H5N1)	1058	8271
NA|PP755591.1|A/cattle/Texas/24-008749-003/2024(H5N1)	1059	8500
NA|PP755591.1|A/cattle/Texas/24-008749-003/2024(H5N1)	1060	8490
NA|PP755591.1|A/cattle/Texas/24-008749-003/2024(H5N1)	1061	8452
NA|PP755591.1|A/cattle/Texas/24-008749-003/2024(H5N1)	1062	8445
NA|PP755591.1|A/cattle/Texas/24-008749-003/2024(H5N1)	1063	8421
NA|PP755591.1|A/cattle/Texas/24-008749-003/2024(H5N1)	1064	8420
NA|PP755591.1|A/cattle/Texas/24-008749-003/2024(H5N1)	1065	8373
NA|PP755591.1|A/cattle/Texas/24-008749-003/2024(H5N1)	1066	8370
NA|PP755591.1|A/cattle/Texas/24-008749-003/2024(H5N1)	1067	8369
NA|PP755591.1|A/cattle/Texas/24-008749-003/2024(H5N1)	1068	7937
NA|PP755591.1|A/cattle/Texas/24-008749-003/2024(H5N1)	1069	7928
NA|PP755591.1|A/cattle/Texas/24-008749-003/2024(H5N1)	1070	8105
NA|PP755591.1|A/cattle/Texas/24-008749-003/2024(H5N1)	1071	8105
NA|PP755591.1|A/cattle/Texas/24-008749-003/2024(H5N1)	1072	8106
NA|PP755591.1|A/cattle/Texas/24-008749-003/2024(H5N1)	1073	8106
NA|PP755591.1|A/cattle/Texas/24-008749-003/2024(H5N1)	1074	8098
NA|PP755591.1|A/cattle/Texas/24-008749-003/2024(H5N1)	1075	8076
NA|PP755591.1|A/cattle/Texas/24-008749-003/2024(H5N1)	1076	8015
NA|PP755591.1|A/cattle/Texas/24-008749-003/2024(H5N1)	1077	7925
NA|PP755591.1|A/cattle/Texas/24-008749-003/2024(H5N1)	1078	7925
NA|PP755591.1|A/cattle/Texas/24-008749-003/2024(H5N1)	1079	7918
NA|PP755591.1|A/cattle/Texas/24-008749-003/2024(H5N1)	1080	7913
NA|PP755591.1|A/cattle/Texas/24-008749-003/2024(H5N1)	1081	7903
NA|PP755591.1|A/cattle/Texas/24-008749-003/2024(H5N1)	1082	7866
NA|PP755591.1|A/cattle/Texas/24-008749-003/2024(H5N1)	1083	7829
NA|PP755591.1|A/cattle/Texas/24-008749-003/2024(H5N1)	1084	7728
NA|PP755591.1|A/cattle/Texas/24-008749-003/2024(H5N1)	1085	7580
NA|PP755591.1|A/cattle/Texas/24-008749-003/2024(H5N1)	1086	7560
NA|PP755591.1|A/cattle/Texas/24-008749-003/2024(H5N1)	1087	7545
NA|PP755591.1|A/cattle/Texas/24-008749-003/2024(H5N1)	1088	7518
NA|PP755591.1|A/cattle/Texas/24-008749-003/2024(H5N1)	1089	7500
NA|PP755591.1|A/cattle/Texas/24-008749-003/2024(H5N1)	1090	7498
NA|PP755591.1|A/cattle/Texas/24-008749-003/2024(H5N1)	1091	7463
NA|PP755591.1|A/cattle/Texas/24-008749-003/2024(H5N1)	1092	7381
NA|PP755591.1|A/cattle/Texas/24-008749-003/2024(H5N1)	1093	7354
NA|PP755591.1|A/cattle/Texas/24-008749-003/2024(H5N1)	1094	6624
NA|PP755591.1|A/cattle/Texas/24-008749-003/2024(H5N1)	1095	6619
NA|PP755591.1|A/cattle/Texas/24-008749-003/2024(H5N1)	1096	6609
NA|PP755591.1|A/cattle/Texas/24-008749-003/2024(H5N1)	1097	6576
NA|PP755591.1|A/cattle/Texas/24-008749-003/2024(H5N1)	1098	5384
NA|PP755591.1|A/cattle/Texas/24-008749-003/2024(H5N1)	1099	5379
NA|PP755591.1|A/cattle/Texas/24-008749-003/2024(H5N1)	1100	5233
NA|PP755591.1|A/cattle/Texas/24-008749-003/2024(H5N1)	1101	5225
NA|PP755591.1|A/cattle/Texas/24-008749-003/2024(H5N1)	1102	5225
NA|PP755591.1|A/cattle/Texas/24-008749-003/2024(H5N1)	1103	5225
NA|PP755591.1|A/cattle/Texas/24-008749-003/2024(H5N1)	1104	5218
NA|PP755591.1|A/cattle/Texas/24-008749-003/2024(H5N1)	1105	5218
NA|PP755591.1|A/cattle/Texas/24-008749-003/2024(H5N1)	1106	5218
NA|PP755591.1|A/cattle/Texas/24-008749-003/2024(H5N1)	1107	5218
NA|PP755591.1|A/cattle/Texas/24-008749-003/2024(H5N1)	1108	5218
NA|PP755591.1|A/cattle/Texas/24-008749-003/2024(H5N1)	1109	5221
NA|PP755591.1|A/cattle/Texas/24-008749-003/2024(H5N1)	1110	5221
NA|PP755591.1|A/cattle/Texas/24-008749-003/2024(H5N1)	1111	6739
NA|PP755591.1|A/cattle/Texas/24-008749-003/2024(H5N1)	1112	6744
NA|PP755591.1|A/cattle/Texas/24-008749-003/2024(H5N1)	1113	6753
NA|PP755591.1|A/cattle/Texas/24-008749-003/2024(H5N1)	1114	6782
NA|PP755591.1|A/cattle/Texas/24-008749-003/2024(H5N1)	1115	7080
NA|PP755591.1|A/cattle/Texas/24-008749-003/2024(H5N1)	1116	7086
NA|PP755591.1|A/cattle/Texas/24-008749-003/2024(H5N1)	1117	7118
NA|PP755591.1|A/cattle/Texas/24-008749-003/2024(H5N1)	1118	7118
NA|PP755591.1|A/cattle/Texas/24-008749-003/2024(H5N1)	1119	7087
NA|PP755591.1|A/cattle/Texas/24-008749-003/2024(H5N1)	1120	7087
NA|PP755591.1|A/cattle/Texas/24-008749-003/2024(H5N1)	1121	7081
NA|PP755591.1|A/cattle/Texas/24-008749-003/2024(H5N1)	1122	6992
NA|PP755591.1|A/cattle/Texas/24-008749-003/2024(H5N1)	1123	7317
NA|PP755591.1|A/cattle/Texas/24-008749-003/2024(H5N1)	1124	7320
NA|PP755591.1|A/cattle/Texas/24-008749-003/2024(H5N1)	1125	7361
NA|PP755591.1|A/cattle/Texas/24-008749-003/2024(H5N1)	1126	7350
NA|PP755591.1|A/cattle/Texas/24-008749-003/2024(H5N1)	1127	7344
NA|PP755591.1|A/cattle/Texas/24-008749-003/2024(H5N1)	1128	7263
NA|PP755591.1|A/cattle/Texas/24-008749-003/2024(H5N1)	1129	7222
NA|PP755591.1|A/cattle/Texas/24-008749-003/2024(H5N1)	1130	7099
NA|PP755591.1|A/cattle/Texas/24-008749-003/2024(H5N1)	1131	7077
NA|PP755591.1|A/cattle/Texas/24-008749-003/2024(H5N1)	1132	7491
NA|PP755591.1|A/cattle/Texas/24-008749-003/2024(H5N1)	1133	7497
NA|PP755591.1|A/cattle/Texas/24-008749-003/2024(H5N1)	1134	7468
NA|PP755591.1|A/cattle/Texas/24-008749-003/2024(H5N1)	1135	7462
NA|PP755591.1|A/cattle/Texas/24-008749-003/2024(H5N1)	1136	7429
NA|PP755591.1|A/cattle/Texas/24-008749-003/2024(H5N1)	1137	7342
NA|PP755591.1|A/cattle/Texas/24-008749-003/2024(H5N1)	1138	7111
NA|PP755591.1|A/cattle/Texas/24-008749-003/2024(H5N1)	1139	7099
NA|PP755591.1|A/cattle/Texas/24-008749-003/2024(H5N1)	1140	7092
NA|PP755591.1|A/cattle/Texas/24-008749-003/2024(H5N1)	1141	7083
NA|PP755591.1|A/cattle/Texas/24-008749-003/2024(H5N1)	1142	6931
NA|PP755591.1|A/cattle/Texas/24-008749-003/2024(H5N1)	1143	6801
NA|PP755591.1|A/cattle/Texas/24-008749-003/2024(H5N1)	1144	6780
NA|PP755591.1|A/cattle/Texas/24-008749-003/2024(H5N1)	1145	6735
NA|PP755591.1|A/cattle/Texas/24-008749-003/2024(H5N1)	1146	6727
NA|PP755591.1|A/cattle/Texas/24-008749-003/2024(H5N1)	1147	6616
NA|PP755591.1|A/cattle/Texas/24-008749-003/2024(H5N1)	1148	6569
NA|PP755591.1|A/cattle/Texas/24-008749-003/2024(H5N1)	1149	6394
NA|PP755591.1|A/cattle/Texas/24-008749-003/2024(H5N1)	1150	6337
NA|PP755591.1|A/cattle/Texas/24-008749-003/2024(H5N1)	1151	6317
NA|PP755591.1|A/cattle/Texas/24-008749-003/2024(H5N1)	1152	5967
NA|PP755591.1|A/cattle/Texas/24-008749-003/2024(H5N1)	1153	5858
NA|PP755591.1|A/cattle/Texas/24-008749-003/2024(H5N1)	1154	5857
NA|PP755591.1|A/cattle/Texas/24-008749-003/2024(H5N1)	1155	5783
NA|PP755591.1|A/cattle/Texas/24-008749-003/2024(H5N1)	1156	5773
NA|PP755591.1|A/cattle/Texas/24-008749-003/2024(H5N1)	1157	5709
NA|PP755591.1|A/cattle/Texas/24-008749-003/2024(H5N1)	1158	5481
NA|PP755591.1|A/cattle/Texas/24-008749-003/2024(H5N1)	1159	5473
NA|PP755591.1|A/cattle/Texas/24-008749-003/2024(H5N1)	1160	5412
NA|PP755591.1|A/cattle/Texas/24-008749-003/2024(H5N1)	1161	5012
NA|PP755591.1|A/cattle/Texas/24-008749-003/2024(H5N1)	1162	4998
NA|PP755591.1|A/cattle/Texas/24-008749-003/2024(H5N1)	1163	4593
NA|PP755591.1|A/cattle/Texas/24-008749-003/2024(H5N1)	1164	4568
NA|PP755591.1|A/cattle/Texas/24-008749-003/2024(H5N1)	1165	4568
NA|PP755591.1|A/cattle/Texas/24-008749-003/2024(H5N1)	1166	4569
NA|PP755591.1|A/cattle/Texas/24-008749-003/2024(H5N1)	1167	4564
NA|PP755591.1|A/cattle/Texas/24-008749-003/2024(H5N1)	1168	5416
NA|PP755591.1|A/cattle/Texas/24-008749-003/2024(H5N1)	1169	5421
NA|PP755591.1|A/cattle/Texas/24-008749-003/2024(H5N1)	1170	5449
NA|PP755591.1|A/cattle/Texas/24-008749-003/2024(H5N1)	1171	5466
NA|PP755591.1|A/cattle/Texas/24-008749-003/2024(H5N1)	1172	5466
NA|PP755591.1|A/cattle/Texas/24-008749-003/2024(H5N1)	1173	5466
NA|PP755591.1|A/cattle/Texas/24-008749-003/2024(H5N1)	1174	5466
NA|PP755591.1|A/cattle/Texas/24-008749-003/2024(H5N1)	1175	5467
NA|PP755591.1|A/cattle/Texas/24-008749-003/2024(H5N1)	1176	5467
NA|PP755591.1|A/cattle/Texas/24-008749-003/2024(H5N1)	1177	5675
NA|PP755591.1|A/cattle/Texas/24-008749-003/2024(H5N1)	1178	5745
NA|PP755591.1|A/cattle/Texas/24-008749-003/2024(H5N1)	1179	5750
NA|PP755591.1|A/cattle/Texas/24-008749-003/2024(H5N1)	1180	5749
NA|PP755591.1|A/cattle/Texas/24-008749-003/2024(H5N1)	1181	5749
NA|PP755591.1|A/cattle/Texas/24-008749-003/2024(H5N1)	1182	5713
NA|PP755591.1|A/cattle/Texas/24-008749-003/2024(H5N1)	1183	5711
NA|PP755591.1|A/cattle/Texas/24-008749-003/2024(H5N1)	1184	5458
NA|PP755591.1|A/cattle/Texas/24-008749-003/2024(H5N1)	1185	5517
NA|PP755591.1|A/cattle/Texas/24-008749-003/2024(H5N1)	1186	5600
NA|PP755591.1|A/cattle/Texas/24-008749-003/2024(H5N1)	1187	5600
NA|PP755591.1|A/cattle/Texas/24-008749-003/2024(H5N1)	1188	5599
NA|PP755591.1|A/cattle/Texas/24-008749-003/2024(H5N1)	1189	5600
NA|PP755591.1|A/cattle/Texas/24-008749-003/2024(H5N1)	1190	5600
NA|PP755591.1|A/cattle/Texas/24-008749-003/2024(H5N1)	1191	5436
NA|PP755591.1|A/cattle/Texas/24-008749-003/2024(H5N1)	1192	5471
NA|PP755591.1|A/cattle/Texas/24-008749-003/2024(H5N1)	1193	5476
NA|PP755591.1|A/cattle/Texas/24-008749-003/2024(H5N1)	1194	5481
NA|PP755591.1|A/cattle/Texas/24-008749-003/2024(H5N1)	1195	5487
NA|PP755591.1|A/cattle/Texas/24-008749-003/2024(H5N1)	1196	5886
NA|PP755591.1|A/cattle/Texas/24-008749-003/2024(H5N1)	1197	5890
NA|PP755591.1|A/cattle/Texas/24-008749-003/2024(H5N1)	1198	5902
NA|PP755591.1|A/cattle/Texas/24-008749-003/2024(H5N1)	1199	5902
NA|PP755591.1|A/cattle/Texas/24-008749-003/2024(H5N1)	1200	5850
NA|PP755591.1|A/cattle/Texas/24-008749-003/2024(H5N1)	1201	6021
NA|PP755591.1|A/cattle/Texas/24-008749-003/2024(H5N1)	1202	6050
NA|PP755591.1|A/cattle/Texas/24-008749-003/2024(H5N1)	1203	6038
NA|PP755591.1|A/cattle/Texas/24-008749-003/2024(H5N1)	1204	6032
NA|PP755591.1|A/cattle/Texas/24-008749-003/2024(H5N1)	1205	5346
NA|PP755591.1|A/cattle/Texas/24-008749-003/2024(H5N1)	1206	5343
NA|PP755591.1|A/cattle/Texas/24-008749-003/2024(H5N1)	1207	5318
NA|PP755591.1|A/cattle/Texas/24-008749-003/2024(H5N1)	1208	5316
NA|PP755591.1|A/cattle/Texas/24-008749-003/2024(H5N1)	1209	4830
NA|PP755591.1|A/cattle/Texas/24-008749-003/2024(H5N1)	1210	4831
NA|PP755591.1|A/cattle/Texas/24-008749-003/2024(H5N1)	1211	4831
NA|PP755591.1|A/cattle/Texas/24-008749-003/2024(H5N1)	1212	4831
NA|PP755591.1|A/cattle/Texas/24-008749-003/2024(H5N1)	1213	4966
NA|PP755591.1|A/cattle/Texas/24-008749-003/2024(H5N1)	1214	4987
NA|PP755591.1|A/cattle/Texas/24-008749-003/2024(H5N1)	1215	5026
NA|PP755591.1|A/cattle/Texas/24-008749-003/2024(H5N1)	1216	5029
NA|PP755591.1|A/cattle/Texas/24-008749-003/2024(H5N1)	1217	5029
NA|PP755591.1|A/cattle/Texas/24-008749-003/2024(H5N1)	1218	5029
NA|PP755591.1|A/cattle/Texas/24-008749-003/2024(H5N1)	1219	5029
NA|PP755591.1|A/cattle/Texas/24-008749-003/2024(H5N1)	1220	5010
NA|PP755591.1|A/cattle/Texas/24-008749-003/2024(H5N1)	1221	4906
NA|PP755591.1|A/cattle/Texas/24-008749-003/2024(H5N1)	1222	4965
NA|PP755591.1|A/cattle/Texas/24-008749-003/2024(H5N1)	1223	4965
NA|PP755591.1|A/cattle/Texas/24-008749-003/2024(H5N1)	1224	4986
NA|PP755591.1|A/cattle/Texas/24-008749-003/2024(H5N1)	1225	5148
NA|PP755591.1|A/cattle/Texas/24-008749-003/2024(H5N1)	1226	5224
NA|PP755591.1|A/cattle/Texas/24-008749-003/2024(H5N1)	1227	5307
NA|PP755591.1|A/cattle/Texas/24-008749-003/2024(H5N1)	1228	5345
NA|PP755591.1|A/cattle/Texas/24-008749-003/2024(H5N1)	1229	5340
NA|PP755591.1|A/cattle/Texas/24-008749-003/2024(H5N1)	1230	5305
NA|PP755591.1|A/cattle/Texas/24-008749-003/2024(H5N1)	1231	5335
NA|PP755591.1|A/cattle/Texas/24-008749-003/2024(H5N1)	1232	5419
NA|PP755591.1|A/cattle/Texas/24-008749-003/2024(H5N1)	1233	5375
NA|PP755591.1|A/cattle/Texas/24-008749-003/2024(H5N1)	1234	5364
NA|PP755591.1|A/cattle/Texas/24-008749-003/2024(H5N1)	1235	5140
NA|PP755591.1|A/cattle/Texas/24-008749-003/2024(H5N1)	1236	5139
NA|PP755591.1|A/cattle/Texas/24-008749-003/2024(H5N1)	1237	5136
NA|PP755591.1|A/cattle/Texas/24-008749-003/2024(H5N1)	1238	5121
NA|PP755591.1|A/cattle/Texas/24-008749-003/2024(H5N1)	1239	4412
NA|PP755591.1|A/cattle/Texas/24-008749-003/2024(H5N1)	1240	4509
NA|PP755591.1|A/cattle/Texas/24-008749-003/2024(H5N1)	1241	4509
NA|PP755591.1|A/cattle/Texas/24-008749-003/2024(H5N1)	1242	4508
NA|PP755591.1|A/cattle/Texas/24-008749-003/2024(H5N1)	1243	4634
NA|PP755591.1|A/cattle/Texas/24-008749-003/2024(H5N1)	1244	4637
NA|PP755591.1|A/cattle/Texas/24-008749-003/2024(H5N1)	1245	4669
NA|PP755591.1|A/cattle/Texas/24-008749-003/2024(H5N1)	1246	5806
NA|PP755591.1|A/cattle/Texas/24-008749-003/2024(H5N1)	1247	5883
NA|PP755591.1|A/cattle/Texas/24-008749-003/2024(H5N1)	1248	5928
NA|PP755591.1|A/cattle/Texas/24-008749-003/2024(H5N1)	1249	5932
NA|PP755591.1|A/cattle/Texas/24-008749-003/2024(H5N1)	1250	5990
NA|PP755591.1|A/cattle/Texas/24-008749-003/2024(H5N1)	1251	6047
NA|PP755591.1|A/cattle/Texas/24-008749-003/2024(H5N1)	1252	6057
NA|PP755591.1|A/cattle/Texas/24-008749-003/2024(H5N1)	1253	6061
NA|PP755591.1|A/cattle/Texas/24-008749-003/2024(H5N1)	1254	6062
NA|PP755591.1|A/cattle/Texas/24-008749-003/2024(H5N1)	1255	6081
NA|PP755591.1|A/cattle/Texas/24-008749-003/2024(H5N1)	1256	6093
NA|PP755591.1|A/cattle/Texas/24-008749-003/2024(H5N1)	1257	6446
NA|PP755591.1|A/cattle/Texas/24-008749-003/2024(H5N1)	1258	6569
NA|PP755591.1|A/cattle/Texas/24-008749-003/2024(H5N1)	1259	6243
NA|PP755591.1|A/cattle/Texas/24-008749-003/2024(H5N1)	1260	6336
NA|PP755591.1|A/cattle/Texas/24-008749-003/2024(H5N1)	1261	6306
NA|PP755591.1|A/cattle/Texas/24-008749-003/2024(H5N1)	1262	6313
NA|PP755591.1|A/cattle/Texas/24-008749-003/2024(H5N1)	1263	6515
NA|PP755591.1|A/cattle/Texas/24-008749-003/2024(H5N1)	1264	6524
NA|PP755591.1|A/cattle/Texas/24-008749-003/2024(H5N1)	1265	6558
NA|PP755591.1|A/cattle/Texas/24-008749-003/2024(H5N1)	1266	6562
NA|PP755591.1|A/cattle/Texas/24-008749-003/2024(H5N1)	1267	6584
NA|PP755591.1|A/cattle/Texas/24-008749-003/2024(H5N1)	1268	6658
NA|PP755591.1|A/cattle/Texas/24-008749-003/2024(H5N1)	1269	6658
NA|PP755591.1|A/cattle/Texas/24-008749-003/2024(H5N1)	1270	6580
NA|PP755591.1|A/cattle/Texas/24-008749-003/2024(H5N1)	1271	6566
NA|PP755591.1|A/cattle/Texas/24-008749-003/2024(H5N1)	1272	6374
NA|PP755591.1|A/cattle/Texas/24-008749-003/2024(H5N1)	1273	6385
NA|PP755591.1|A/cattle/Texas/24-008749-003/2024(H5N1)	1274	6375
NA|PP755591.1|A/cattle/Texas/24-008749-003/2024(H5N1)	1275	6370
NA|PP755591.1|A/cattle/Texas/24-008749-003/2024(H5N1)	1276	6313
NA|PP755591.1|A/cattle/Texas/24-008749-003/2024(H5N1)	1277	6144
NA|PP755591.1|A/cattle/Texas/24-008749-003/2024(H5N1)	1278	5253
NA|PP755591.1|A/cattle/Texas/24-008749-003/2024(H5N1)	1279	5269
NA|PP755591.1|A/cattle/Texas/24-008749-003/2024(H5N1)	1280	5288
NA|PP755591.1|A/cattle/Texas/24-008749-003/2024(H5N1)	1281	5288
NA|PP755591.1|A/cattle/Texas/24-008749-003/2024(H5N1)	1282	5288
NA|PP755591.1|A/cattle/Texas/24-008749-003/2024(H5N1)	1283	5314
NA|PP755591.1|A/cattle/Texas/24-008749-003/2024(H5N1)	1284	5389
NA|PP755591.1|A/cattle/Texas/24-008749-003/2024(H5N1)	1285	5390
NA|PP755591.1|A/cattle/Texas/24-008749-003/2024(H5N1)	1286	5390
NA|PP755591.1|A/cattle/Texas/24-008749-003/2024(H5N1)	1287	5391
NA|PP755591.1|A/cattle/Texas/24-008749-003/2024(H5N1)	1288	5391
NA|PP755591.1|A/cattle/Texas/24-008749-003/2024(H5N1)	1289	5418
NA|PP755591.1|A/cattle/Texas/24-008749-003/2024(H5N1)	1290	5706
NA|PP755591.1|A/cattle/Texas/24-008749-003/2024(H5N1)	1291	6715
NA|PP755591.1|A/cattle/Texas/24-008749-003/2024(H5N1)	1292	6852
NA|PP755591.1|A/cattle/Texas/24-008749-003/2024(H5N1)	1293	6857
NA|PP755591.1|A/cattle/Texas/24-008749-003/2024(H5N1)	1294	6862
NA|PP755591.1|A/cattle/Texas/24-008749-003/2024(H5N1)	1295	6861
NA|PP755591.1|A/cattle/Texas/24-008749-003/2024(H5N1)	1296	6863
NA|PP755591.1|A/cattle/Texas/24-008749-003/2024(H5N1)	1297	6869
NA|PP755591.1|A/cattle/Texas/24-008749-003/2024(H5N1)	1298	6869
NA|PP755591.1|A/cattle/Texas/24-008749-003/2024(H5N1)	1299	6878
NA|PP755591.1|A/cattle/Texas/24-008749-003/2024(H5N1)	1300	6792
NA|PP755591.1|A/cattle/Texas/24-008749-003/2024(H5N1)	1301	6790
NA|PP755591.1|A/cattle/Texas/24-008749-003/2024(H5N1)	1302	6710
NA|PP755591.1|A/cattle/Texas/24-008749-003/2024(H5N1)	1303	6710
NA|PP755591.1|A/cattle/Texas/24-008749-003/2024(H5N1)	1304	6712
NA|PP755591.1|A/cattle/Texas/24-008749-003/2024(H5N1)	1305	6719
NA|PP755591.1|A/cattle/Texas/24-008749-003/2024(H5N1)	1306	6759
NA|PP755591.1|A/cattle/Texas/24-008749-003/2024(H5N1)	1307	6759
NA|PP755591.1|A/cattle/Texas/24-008749-003/2024(H5N1)	1308	6760
NA|PP755591.1|A/cattle/Texas/24-008749-003/2024(H5N1)	1309	6761
NA|PP755591.1|A/cattle/Texas/24-008749-003/2024(H5N1)	1310	6761
NA|PP755591.1|A/cattle/Texas/24-008749-003/2024(H5N1)	1311	6761
NA|PP755591.1|A/cattle/Texas/24-008749-003/2024(H5N1)	1312	6761
NA|PP755591.1|A/cattle/Texas/24-008749-003/2024(H5N1)	1313	6744
NA|PP755591.1|A/cattle/Texas/24-008749-003/2024(H5N1)	1314	6048
NA|PP755591.1|A/cattle/Texas/24-008749-003/2024(H5N1)	1315	6072
NA|PP755591.1|A/cattle/Texas/24-008749-003/2024(H5N1)	1316	6072
NA|PP755591.1|A/cattle/Texas/24-008749-003/2024(H5N1)	1317	6072
NA|PP755591.1|A/cattle/Texas/24-008749-003/2024(H5N1)	1318	6072
NA|PP755591.1|A/cattle/Texas/24-008749-003/2024(H5N1)	1319	6072
NA|PP755591.1|A/cattle/Texas/24-008749-003/2024(H5N1)	1320	6078
NA|PP755591.1|A/cattle/Texas/24-008749-003/2024(H5N1)	1321	6141
NA|PP755591.1|A/cattle/Texas/24-008749-003/2024(H5N1)	1322	6143
NA|PP755591.1|A/cattle/Texas/24-008749-003/2024(H5N1)	1323	6151
NA|PP755591.1|A/cattle/Texas/24-008749-003/2024(H5N1)	1324	6151
NA|PP755591.1|A/cattle/Texas/24-008749-003/2024(H5N1)	1325	6157
NA|PP755591.1|A/cattle/Texas/24-008749-003/2024(H5N1)	1326	6157
NA|PP755591.1|A/cattle/Texas/24-008749-003/2024(H5N1)	1327	6157
NA|PP755591.1|A/cattle/Texas/24-008749-003/2024(H5N1)	1328	6157
NA|PP755591.1|A/cattle/Texas/24-008749-003/2024(H5N1)	1329	6153
NA|PP755591.1|A/cattle/Texas/24-008749-003/2024(H5N1)	1330	6156
NA|PP755591.1|A/cattle/Texas/24-008749-003/2024(H5N1)	1331	6156
NA|PP755591.1|A/cattle/Texas/24-008749-003/2024(H5N1)	1332	6156
NA|PP755591.1|A/cattle/Texas/24-008749-003/2024(H5N1)	1333	6164
NA|PP755591.1|A/cattle/Texas/24-008749-003/2024(H5N1)	1334	6165
NA|PP755591.1|A/cattle/Texas/24-008749-003/2024(H5N1)	1335	6169
NA|PP755591.1|A/cattle/Texas/24-008749-003/2024(H5N1)	1336	6171
NA|PP755591.1|A/cattle/Texas/24-008749-003/2024(H5N1)	1337	6171
NA|PP755591.1|A/cattle/Texas/24-008749-003/2024(H5N1)	1338	6171
NA|PP755591.1|A/cattle/Texas/24-008749-003/2024(H5N1)	1339	6180
NA|PP755591.1|A/cattle/Texas/24-008749-003/2024(H5N1)	1340	6191
NA|PP755591.1|A/cattle/Texas/24-008749-003/2024(H5N1)	1341	6156
NA|PP755591.1|A/cattle/Texas/24-008749-003/2024(H5N1)	1342	6167
NA|PP755591.1|A/cattle/Texas/24-008749-003/2024(H5N1)	1343	6167
NA|PP755591.1|A/cattle/Texas/24-008749-003/2024(H5N1)	1344	6175
NA|PP755591.1|A/cattle/Texas/24-008749-003/2024(H5N1)	1345	6183
NA|PP755591.1|A/cattle/Texas/24-008749-003/2024(H5N1)	1346	6183
NA|PP755591.1|A/cattle/Texas/24-008749-003/2024(H5N1)	1347	5804
NA|PP755591.1|A/cattle/Texas/24-008749-003/2024(H5N1)	1348	5778
NA|PP755591.1|A/cattle/Texas/24-008749-003/2024(H5N1)	1349	5770
NA|PP755591.1|A/cattle/Texas/24-008749-003/2024(H5N1)	1350	5525
NA|PP755591.1|A/cattle/Texas/24-008749-003/2024(H5N1)	1351	5530
NA|PP755591.1|A/cattle/Texas/24-008749-003/2024(H5N1)	1352	5529
NA|PP755591.1|A/cattle/Texas/24-008749-003/2024(H5N1)	1353	5533
NA|PP755591.1|A/cattle/Texas/24-008749-003/2024(H5N1)	1354	5535
NA|PP755591.1|A/cattle/Texas/24-008749-003/2024(H5N1)	1355	5549
NA|PP755591.1|A/cattle/Texas/24-008749-003/2024(H5N1)	1356	5502
NA|PP755591.1|A/cattle/Texas/24-008749-003/2024(H5N1)	1357	5502
NA|PP755591.1|A/cattle/Texas/24-008749-003/2024(H5N1)	1358	5464
NA|PP755591.1|A/cattle/Texas/24-008749-003/2024(H5N1)	1359	5472
NA|PP755591.1|A/cattle/Texas/24-008749-003/2024(H5N1)	1360	5481
NA|PP755591.1|A/cattle/Texas/24-008749-003/2024(H5N1)	1361	5482
NA|PP755591.1|A/cattle/Texas/24-008749-003/2024(H5N1)	1362	5482
NA|PP755591.1|A/cattle/Texas/24-008749-003/2024(H5N1)	1363	5482
NA|PP755591.1|A/cattle/Texas/24-008749-003/2024(H5N1)	1364	5455
NA|PP755591.1|A/cattle/Texas/24-008749-003/2024(H5N1)	1365	5468
NA|PP755591.1|A/cattle/Texas/24-008749-003/2024(H5N1)	1366	5464
NA|PP755591.1|A/cattle/Texas/24-008749-003/2024(H5N1)	1367	5463
NA|PP755591.1|A/cattle/Texas/24-008749-003/2024(H5N1)	1368	5433
NA|PP755591.1|A/cattle/Texas/24-008749-003/2024(H5N1)	1369	5422
NA|PP755591.1|A/cattle/Texas/24-008749-003/2024(H5N1)	1370	5418
NA|PP755591.1|A/cattle/Texas/24-008749-003/2024(H5N1)	1371	5417
NA|PP755591.1|A/cattle/Texas/24-008749-003/2024(H5N1)	1372	5414
NA|PP755591.1|A/cattle/Texas/24-008749-003/2024(H5N1)	1373	5394
NA|PP755591.1|A/cattle/Texas/24-008749-003/2024(H5N1)	1374	5258
NA|PP755591.1|A/cattle/Texas/24-008749-003/2024(H5N1)	1375	5238
NA|PP755591.1|A/cattle/Texas/24-008749-003/2024(H5N1)	1376	5238
NA|PP755591.1|A/cattle/Texas/24-008749-003/2024(H5N1)	1377	5161
NA|PP755591.1|A/cattle/Texas/24-008749-003/2024(H5N1)	1378	5060
NA|PP755591.1|A/cattle/Texas/24-008749-003/2024(H5N1)	1379	5018
NA|PP755591.1|A/cattle/Texas/24-008749-003/2024(H5N1)	1380	4973
NA|PP755591.1|A/cattle/Texas/24-008749-003/2024(H5N1)	1381	4968
NA|PP755591.1|A/cattle/Texas/24-008749-003/2024(H5N1)	1382	4935
NA|PP755591.1|A/cattle/Texas/24-008749-003/2024(H5N1)	1383	4884
NA|PP755591.1|A/cattle/Texas/24-008749-003/2024(H5N1)	1384	4886
NA|PP755591.1|A/cattle/Texas/24-008749-003/2024(H5N1)	1385	4855
NA|PP755591.1|A/cattle/Texas/24-008749-003/2024(H5N1)	1386	4855
NA|PP755591.1|A/cattle/Texas/24-008749-003/2024(H5N1)	1387	4833
NA|PP755591.1|A/cattle/Texas/24-008749-003/2024(H5N1)	1388	3619
NA|PP755591.1|A/cattle/Texas/24-008749-003/2024(H5N1)	1389	3617
NA|PP755591.1|A/cattle/Texas/24-008749-003/2024(H5N1)	1390	3534
NA|PP755591.1|A/cattle/Texas/24-008749-003/2024(H5N1)	1391	3529
NA|PP755591.1|A/cattle/Texas/24-008749-003/2024(H5N1)	1392	3529
NA|PP755591.1|A/cattle/Texas/24-008749-003/2024(H5N1)	1393	3373
NA|PP755591.1|A/cattle/Texas/24-008749-003/2024(H5N1)	1394	3368
NA|PP755591.1|A/cattle/Texas/24-008749-003/2024(H5N1)	1395	3343
NA|PP755591.1|A/cattle/Texas/24-008749-003/2024(H5N1)	1396	3320
NA|PP755591.1|A/cattle/Texas/24-008749-003/2024(H5N1)	1397	3307
NA|PP755591.1|A/cattle/Texas/24-008749-003/2024(H5N1)	1398	3215
NA|PP755591.1|A/cattle/Texas/24-008749-003/2024(H5N1)	1399	3171
NA|PP755591.1|A/cattle/Texas/24-008749-003/2024(H5N1)	1400	3169
NA|PP755591.1|A/cattle/Texas/24-008749-003/2024(H5N1)	1401	3074
NA|PP755591.1|A/cattle/Texas/24-008749-003/2024(H5N1)	1402	3070
NA|PP755591.1|A/cattle/Texas/24-008749-003/2024(H5N1)	1403	3061
NA|PP755591.1|A/cattle/Texas/24-008749-003/2024(H5N1)	1404	3055
NA|PP755591.1|A/cattle/Texas/24-008749-003/2024(H5N1)	1405	2994
NA|PP755591.1|A/cattle/Texas/24-008749-003/2024(H5N1)	1406	2752
NA|PP755591.1|A/cattle/Texas/24-008749-003/2024(H5N1)	1407	2578
NA|PP755591.1|A/cattle/Texas/24-008749-003/2024(H5N1)	1408	2541
NA|PP755591.1|A/cattle/Texas/24-008749-003/2024(H5N1)	1409	2410
NA|PP755591.1|A/cattle/Texas/24-008749-003/2024(H5N1)	1410	2404
