NS|PP755593.1|A/cattle/Texas/24-008749-003/2024(H5N1)	1	2289
NS|PP755593.1|A/cattle/Texas/24-008749-003/2024(H5N1)	2	2306
NS|PP755593.1|A/cattle/Texas/24-008749-003/2024(H5N1)	3	2368
NS|PP755593.1|A/cattle/Texas/24-008749-003/2024(H5N1)	4	2461
NS|PP755593.1|A/cattle/Texas/24-008749-003/2024(H5N1)	5	2614
NS|PP755593.1|A/cattle/Texas/24-008749-003/2024(H5N1)	6	3722
NS|PP755593.1|A/cattle/Texas/24-008749-003/2024(H5N1)	7	3726
NS|PP755593.1|A/cattle/Texas/24-008749-003/2024(H5N1)	8	3790
NS|PP755593.1|A/cattle/Texas/24-008749-003/2024(H5N1)	9	3881
NS|PP755593.1|A/cattle/Texas/24-008749-003/2024(H5N1)	10	3884
NS|PP755593.1|A/cattle/Texas/24-008749-003/2024(H5N1)	11	3959
NS|PP755593.1|A/cattle/Texas/24-008749-003/2024(H5N1)	12	3966
NS|PP755593.1|A/cattle/Texas/24-008749-003/2024(H5N1)	13	3972
NS|PP755593.1|A/cattle/Texas/24-008749-003/2024(H5N1)	14	3990
NS|PP755593.1|A/cattle/Texas/24-008749-003/2024(H5N1)	15	3992
NS|PP755593.1|A/cattle/Texas/24-008749-003/2024(H5N1)	16	4428
NS|PP755593.1|A/cattle/Texas/24-008749-003/2024(H5N1)	17	4456
NS|PP755593.1|A/cattle/Texas/24-008749-003/2024(H5N1)	18	4479
NS|PP755593.1|A/cattle/Texas/24-008749-003/2024(H5N1)	19	4484
NS|PP755593.1|A/cattle/Texas/24-008749-003/2024(H5N1)	20	4487
NS|PP755593.1|A/cattle/Texas/24-008749-003/2024(H5N1)	21	4502
NS|PP755593.1|A/cattle/Texas/24-008749-003/2024(H5N1)	22	4503
NS|PP755593.1|A/cattle/Texas/24-008749-003/2024(H5N1)	23	4615
NS|PP755593.1|A/cattle/Texas/24-008749-003/2024(H5N1)	24	4731
NS|PP755593.1|A/cattle/Texas/24-008749-003/2024(H5N1)	25	4738
NS|PP755593.1|A/cattle/Texas/24-008749-003/2024(H5N1)	26	4803
NS|PP755593.1|A/cattle/Texas/24-008749-003/2024(H5N1)	27	4806
NS|PP755593.1|A/cattle/Texas/24-008749-003/2024(H5N1)	28	4990
NS|PP755593.1|A/cattle/Texas/24-008749-003/2024(H5N1)	29	4990
NS|PP755593.1|A/cattle/Texas/24-008749-003/2024(H5N1)	30	5044
NS|PP755593.1|A/cattle/Texas/24-008749-003/2024(H5N1)	31	5068
NS|PP755593.1|A/cattle/Texas/24-008749-003/2024(H5N1)	32	5080
NS|PP755593.1|A/cattle/Texas/24-008749-003/2024(H5N1)	33	5097
NS|PP755593.1|A/cattle/Texas/24-008749-003/2024(H5N1)	34	5114
NS|PP755593.1|A/cattle/Texas/24-008749-003/2024(H5N1)	35	5158
NS|PP755593.1|A/cattle/Texas/24-008749-003/2024(H5N1)	36	5195
NS|PP755593.1|A/cattle/Texas/24-008749-003/2024(H5N1)	37	5209
NS|PP755593.1|A/cattle/Texas/24-008749-003/2024(H5N1)	38	5329
NS|PP755593.1|A/cattle/Texas/24-008749-003/2024(H5N1)	39	5366
NS|PP755593.1|A/cattle/Texas/24-008749-003/2024(H5N1)	40	5368
NS|PP755593.1|A/cattle/Texas/24-008749-003/2024(H5N1)	41	5438
NS|PP755593.1|A/cattle/Texas/24-008749-003/2024(H5N1)	42	5492
NS|PP755593.1|A/cattle/Texas/24-008749-003/2024(H5N1)	43	5566
NS|PP755593.1|A/cattle/Texas/24-008749-003/2024(H5N1)	44	5655
NS|PP755593.1|A/cattle/Texas/24-008749-003/2024(H5N1)	45	5655
NS|PP755593.1|A/cattle/Texas/24-008749-003/2024(H5N1)	46	5716
NS|PP755593.1|A/cattle/Texas/24-008749-003/2024(H5N1)	47	5727
NS|PP755593.1|A/cattle/Texas/24-008749-003/2024(H5N1)	48	5729
NS|PP755593.1|A/cattle/Texas/24-008749-003/2024(H5N1)	49	5748
NS|PP755593.1|A/cattle/Texas/24-008749-003/2024(H5N1)	50	5736
NS|PP755593.1|A/cattle/Texas/24-008749-003/2024(H5N1)	51	5784
NS|PP755593.1|A/cattle/Texas/24-008749-003/2024(H5N1)	52	5858
NS|PP755593.1|A/cattle/Texas/24-008749-003/2024(H5N1)	53	5866
NS|PP755593.1|A/cattle/Texas/24-008749-003/2024(H5N1)	54	5893
NS|PP755593.1|A/cattle/Texas/24-008749-003/2024(H5N1)	55	5903
NS|PP755593.1|A/cattle/Texas/24-008749-003/2024(H5N1)	56	5900
NS|PP755593.1|A/cattle/Texas/24-008749-003/2024(H5N1)	57	5902
NS|PP755593.1|A/cattle/Texas/24-008749-003/2024(H5N1)	58	5906
NS|PP755593.1|A/cattle/Texas/24-008749-003/2024(H5N1)	59	5952
NS|PP755593.1|A/cattle/Texas/24-008749-003/2024(H5N1)	60	5964
NS|PP755593.1|A/cattle/Texas/24-008749-003/2024(H5N1)	61	6021
NS|PP755593.1|A/cattle/Texas/24-008749-003/2024(H5N1)	62	6027
NS|PP755593.1|A/cattle/Texas/24-008749-003/2024(H5N1)	63	6031
NS|PP755593.1|A/cattle/Texas/24-008749-003/2024(H5N1)	64	6029
NS|PP755593.1|A/cattle/Texas/24-008749-003/2024(H5N1)	65	6038
NS|PP755593.1|A/cattle/Texas/24-008749-003/2024(H5N1)	66	6043
NS|PP755593.1|A/cattle/Texas/24-008749-003/2024(H5N1)	67	6043
NS|PP755593.1|A/cattle/Texas/24-008749-003/2024(H5N1)	68	6050
NS|PP755593.1|A/cattle/Texas/24-008749-003/2024(H5N1)	69	6035
NS|PP755593.1|A/cattle/Texas/24-008749-003/2024(H5N1)	70	6140
NS|PP755593.1|A/cattle/Texas/24-008749-003/2024(H5N1)	71	6364
NS|PP755593.1|A/cattle/Texas/24-008749-003/2024(H5N1)	72	6543
NS|PP755593.1|A/cattle/Texas/24-008749-003/2024(H5N1)	73	6558
NS|PP755593.1|A/cattle/Texas/24-008749-003/2024(H5N1)	74	6600
NS|PP755593.1|A/cattle/Texas/24-008749-003/2024(H5N1)	75	6627
NS|PP755593.1|A/cattle/Texas/24-008749-003/2024(H5N1)	76	6986
NS|PP755593.1|A/cattle/Texas/24-008749-003/2024(H5N1)	77	7037
NS|PP755593.1|A/cattle/Texas/24-008749-003/2024(H5N1)	78	7066
NS|PP755593.1|A/cattle/Texas/24-008749-003/2024(H5N1)	79	7077
NS|PP755593.1|A/cattle/Texas/24-008749-003/2024(H5N1)	80	6999
NS|PP755593.1|A/cattle/Texas/24-008749-003/2024(H5N1)	81	7150
NS|PP755593.1|A/cattle/Texas/24-008749-003/2024(H5N1)	82	7178
NS|PP755593.1|A/cattle/Texas/24-008749-003/2024(H5N1)	83	7315
NS|PP755593.1|A/cattle/Texas/24-008749-003/2024(H5N1)	84	7307
NS|PP755593.1|A/cattle/Texas/24-008749-003/2024(H5N1)	85	7217
NS|PP755593.1|A/cattle/Texas/24-008749-003/2024(H5N1)	86	7243
NS|PP755593.1|A/cattle/Texas/24-008749-003/2024(H5N1)	87	7344
NS|PP755593.1|A/cattle/Texas/24-008749-003/2024(H5N1)	88	7512
NS|PP755593.1|A/cattle/Texas/24-008749-003/2024(H5N1)	89	7643
NS|PP755593.1|A/cattle/Texas/24-008749-003/2024(H5N1)	90	7642
NS|PP755593.1|A/cattle/Texas/24-008749-003/2024(H5N1)	91	7648
NS|PP755593.1|A/cattle/Texas/24-008749-003/2024(H5N1)	92	7620
NS|PP755593.1|A/cattle/Texas/24-008749-003/2024(H5N1)	93	7628
NS|PP755593.1|A/cattle/Texas/24-008749-003/2024(H5N1)	94	7784
NS|PP755593.1|A/cattle/Texas/24-008749-003/2024(H5N1)	95	7846
NS|PP755593.1|A/cattle/Texas/24-008749-003/2024(H5N1)	96	7896
NS|PP755593.1|A/cattle/Texas/24-008749-003/2024(H5N1)	97	7972
NS|PP755593.1|A/cattle/Texas/24-008749-003/2024(H5N1)	98	8003
NS|PP755593.1|A/cattle/Texas/24-008749-003/2024(H5N1)	99	7979
NS|PP755593.1|A/cattle/Texas/24-008749-003/2024(H5N1)	100	7991
NS|PP755593.1|A/cattle/Texas/24-008749-003/2024(H5N1)	101	7993
NS|PP755593.1|A/cattle/Texas/24-008749-003/2024(H5N1)	102	7998
NS|PP755593.1|A/cattle/Texas/24-008749-003/2024(H5N1)	103	7996
NS|PP755593.1|A/cattle/Texas/24-008749-003/2024(H5N1)	104	7969
NS|PP755593.1|A/cattle/Texas/24-008749-003/2024(H5N1)	105	8087
NS|PP755593.1|A/cattle/Texas/24-008749-003/2024(H5N1)	106	8088
NS|PP755593.1|A/cattle/Texas/24-008749-003/2024(H5N1)	107	8103
NS|PP755593.1|A/cattle/Texas/24-008749-003/2024(H5N1)	108	8236
NS|PP755593.1|A/cattle/Texas/24-008749-003/2024(H5N1)	109	8245
NS|PP755593.1|A/cattle/Texas/24-008749-003/2024(H5N1)	110	8272
NS|PP755593.1|A/cattle/Texas/24-008749-003/2024(H5N1)	111	8274
NS|PP755593.1|A/cattle/Texas/24-008749-003/2024(H5N1)	112	8272
NS|PP755593.1|A/cattle/Texas/24-008749-003/2024(H5N1)	113	8276
NS|PP755593.1|A/cattle/Texas/24-008749-003/2024(H5N1)	114	8215
NS|PP755593.1|A/cattle/Texas/24-008749-003/2024(H5N1)	115	8214
NS|PP755593.1|A/cattle/Texas/24-008749-003/2024(H5N1)	116	8204
NS|PP755593.1|A/cattle/Texas/24-008749-003/2024(H5N1)	117	8175
NS|PP755593.1|A/cattle/Texas/24-008749-003/2024(H5N1)	118	8179
NS|PP755593.1|A/cattle/Texas/24-008749-003/2024(H5N1)	119	8172
NS|PP755593.1|A/cattle/Texas/24-008749-003/2024(H5N1)	120	8172
NS|PP755593.1|A/cattle/Texas/24-008749-003/2024(H5N1)	121	8170
NS|PP755593.1|A/cattle/Texas/24-008749-003/2024(H5N1)	122	8165
NS|PP755593.1|A/cattle/Texas/24-008749-003/2024(H5N1)	123	7968
NS|PP755593.1|A/cattle/Texas/24-008749-003/2024(H5N1)	124	8201
NS|PP755593.1|A/cattle/Texas/24-008749-003/2024(H5N1)	125	7239
NS|PP755593.1|A/cattle/Texas/24-008749-003/2024(H5N1)	126	6967
NS|PP755593.1|A/cattle/Texas/24-008749-003/2024(H5N1)	127	6989
NS|PP755593.1|A/cattle/Texas/24-008749-003/2024(H5N1)	128	6997
NS|PP755593.1|A/cattle/Texas/24-008749-003/2024(H5N1)	129	7040
NS|PP755593.1|A/cattle/Texas/24-008749-003/2024(H5N1)	130	7576
NS|PP755593.1|A/cattle/Texas/24-008749-003/2024(H5N1)	131	7766
NS|PP755593.1|A/cattle/Texas/24-008749-003/2024(H5N1)	132	7796
NS|PP755593.1|A/cattle/Texas/24-008749-003/2024(H5N1)	133	7899
NS|PP755593.1|A/cattle/Texas/24-008749-003/2024(H5N1)	134	7964
NS|PP755593.1|A/cattle/Texas/24-008749-003/2024(H5N1)	135	7978
NS|PP755593.1|A/cattle/Texas/24-008749-003/2024(H5N1)	136	7916
NS|PP755593.1|A/cattle/Texas/24-008749-003/2024(H5N1)	137	7919
NS|PP755593.1|A/cattle/Texas/24-008749-003/2024(H5N1)	138	8108
NS|PP755593.1|A/cattle/Texas/24-008749-003/2024(H5N1)	139	8136
NS|PP755593.1|A/cattle/Texas/24-008749-003/2024(H5N1)	140	8301
NS|PP755593.1|A/cattle/Texas/24-008749-003/2024(H5N1)	141	8295
NS|PP755593.1|A/cattle/Texas/24-008749-003/2024(H5N1)	142	8250
NS|PP755593.1|A/cattle/Texas/24-008749-003/2024(H5N1)	143	8292
NS|PP755593.1|A/cattle/Texas/24-008749-003/2024(H5N1)	144	8426
NS|PP755593.1|A/cattle/Texas/24-008749-003/2024(H5N1)	145	8448
NS|PP755593.1|A/cattle/Texas/24-008749-003/2024(H5N1)	146	8873
NS|PP755593.1|A/cattle/Texas/24-008749-003/2024(H5N1)	147	8787
NS|PP755593.1|A/cattle/Texas/24-008749-003/2024(H5N1)	148	8793
NS|PP755593.1|A/cattle/Texas/24-008749-003/2024(H5N1)	149	8860
NS|PP755593.1|A/cattle/Texas/24-008749-003/2024(H5N1)	150	8871
NS|PP755593.1|A/cattle/Texas/24-008749-003/2024(H5N1)	151	9129
NS|PP755593.1|A/cattle/Texas/24-008749-003/2024(H5N1)	152	9209
NS|PP755593.1|A/cattle/Texas/24-008749-003/2024(H5N1)	153	9303
NS|PP755593.1|A/cattle/Texas/24-008749-003/2024(H5N1)	154	8336
NS|PP755593.1|A/cattle/Texas/24-008749-003/2024(H5N1)	155	8086
NS|PP755593.1|A/cattle/Texas/24-008749-003/2024(H5N1)	156	8134
NS|PP755593.1|A/cattle/Texas/24-008749-003/2024(H5N1)	157	8123
NS|PP755593.1|A/cattle/Texas/24-008749-003/2024(H5N1)	158	8252
NS|PP755593.1|A/cattle/Texas/24-008749-003/2024(H5N1)	159	8311
NS|PP755593.1|A/cattle/Texas/24-008749-003/2024(H5N1)	160	8152
NS|PP755593.1|A/cattle/Texas/24-008749-003/2024(H5N1)	161	8175
NS|PP755593.1|A/cattle/Texas/24-008749-003/2024(H5N1)	162	8127
NS|PP755593.1|A/cattle/Texas/24-008749-003/2024(H5N1)	163	8125
NS|PP755593.1|A/cattle/Texas/24-008749-003/2024(H5N1)	164	8115
NS|PP755593.1|A/cattle/Texas/24-008749-003/2024(H5N1)	165	7938
NS|PP755593.1|A/cattle/Texas/24-008749-003/2024(H5N1)	166	7967
NS|PP755593.1|A/cattle/Texas/24-008749-003/2024(H5N1)	167	7687
NS|PP755593.1|A/cattle/Texas/24-008749-003/2024(H5N1)	168	7675
NS|PP755593.1|A/cattle/Texas/24-008749-003/2024(H5N1)	169	7698
NS|PP755593.1|A/cattle/Texas/24-008749-003/2024(H5N1)	170	7749
NS|PP755593.1|A/cattle/Texas/24-008749-003/2024(H5N1)	171	7774
NS|PP755593.1|A/cattle/Texas/24-008749-003/2024(H5N1)	172	7766
NS|PP755593.1|A/cattle/Texas/24-008749-003/2024(H5N1)	173	7718
NS|PP755593.1|A/cattle/Texas/24-008749-003/2024(H5N1)	174	7659
NS|PP755593.1|A/cattle/Texas/24-008749-003/2024(H5N1)	175	7740
NS|PP755593.1|A/cattle/Texas/24-008749-003/2024(H5N1)	176	7793
NS|PP755593.1|A/cattle/Texas/24-008749-003/2024(H5N1)	177	7763
NS|PP755593.1|A/cattle/Texas/24-008749-003/2024(H5N1)	178	7760
NS|PP755593.1|A/cattle/Texas/24-008749-003/2024(H5N1)	179	7633
NS|PP755593.1|A/cattle/Texas/24-008749-003/2024(H5N1)	180	7566
NS|PP755593.1|A/cattle/Texas/24-008749-003/2024(H5N1)	181	7703
NS|PP755593.1|A/cattle/Texas/24-008749-003/2024(H5N1)	182	7703
NS|PP755593.1|A/cattle/Texas/24-008749-003/2024(H5N1)	183	7739
NS|PP755593.1|A/cattle/Texas/24-008749-003/2024(H5N1)	184	8425
NS|PP755593.1|A/cattle/Texas/24-008749-003/2024(H5N1)	185	8463
NS|PP755593.1|A/cattle/Texas/24-008749-003/2024(H5N1)	186	8615
NS|PP755593.1|A/cattle/Texas/24-008749-003/2024(H5N1)	187	8632
NS|PP755593.1|A/cattle/Texas/24-008749-003/2024(H5N1)	188	8686
NS|PP755593.1|A/cattle/Texas/24-008749-003/2024(H5N1)	189	8645
NS|PP755593.1|A/cattle/Texas/24-008749-003/2024(H5N1)	190	8660
NS|PP755593.1|A/cattle/Texas/24-008749-003/2024(H5N1)	191	8703
NS|PP755593.1|A/cattle/Texas/24-008749-003/2024(H5N1)	192	8636
NS|PP755593.1|A/cattle/Texas/24-008749-003/2024(H5N1)	193	8741
NS|PP755593.1|A/cattle/Texas/24-008749-003/2024(H5N1)	194	8691
NS|PP755593.1|A/cattle/Texas/24-008749-003/2024(H5N1)	195	8583
NS|PP755593.1|A/cattle/Texas/24-008749-003/2024(H5N1)	196	8627
NS|PP755593.1|A/cattle/Texas/24-008749-003/2024(H5N1)	197	8562
NS|PP755593.1|A/cattle/Texas/24-008749-003/2024(H5N1)	198	8541
NS|PP755593.1|A/cattle/Texas/24-008749-003/2024(H5N1)	199	8544
NS|PP755593.1|A/cattle/Texas/24-008749-003/2024(H5N1)	200	8538
NS|PP755593.1|A/cattle/Texas/24-008749-003/2024(H5N1)	201	8614
NS|PP755593.1|A/cattle/Texas/24-008749-003/2024(H5N1)	202	8564
NS|PP755593.1|A/cattle/Texas/24-008749-003/2024(H5N1)	203	8530
NS|PP755593.1|A/cattle/Texas/24-008749-003/2024(H5N1)	204	8518
NS|PP755593.1|A/cattle/Texas/24-008749-003/2024(H5N1)	205	8532
NS|PP755593.1|A/cattle/Texas/24-008749-003/2024(H5N1)	206	8599
NS|PP755593.1|A/cattle/Texas/24-008749-003/2024(H5N1)	207	8606
NS|PP755593.1|A/cattle/Texas/24-008749-003/2024(H5N1)	208	8611
NS|PP755593.1|A/cattle/Texas/24-008749-003/2024(H5N1)	209	8611
NS|PP755593.1|A/cattle/Texas/24-008749-003/2024(H5N1)	210	8528
NS|PP755593.1|A/cattle/Texas/24-008749-003/2024(H5N1)	211	8570
NS|PP755593.1|A/cattle/Texas/24-008749-003/2024(H5N1)	212	8933
NS|PP755593.1|A/cattle/Texas/24-008749-003/2024(H5N1)	213	8928
NS|PP755593.1|A/cattle/Texas/24-008749-003/2024(H5N1)	214	9017
NS|PP755593.1|A/cattle/Texas/24-008749-003/2024(H5N1)	215	9076
NS|PP755593.1|A/cattle/Texas/24-008749-003/2024(H5N1)	216	9146
NS|PP755593.1|A/cattle/Texas/24-008749-003/2024(H5N1)	217	9145
NS|PP755593.1|A/cattle/Texas/24-008749-003/2024(H5N1)	218	9104
NS|PP755593.1|A/cattle/Texas/24-008749-003/2024(H5N1)	219	9056
NS|PP755593.1|A/cattle/Texas/24-008749-003/2024(H5N1)	220	9052
NS|PP755593.1|A/cattle/Texas/24-008749-003/2024(H5N1)	221	9319
NS|PP755593.1|A/cattle/Texas/24-008749-003/2024(H5N1)	222	9178
NS|PP755593.1|A/cattle/Texas/24-008749-003/2024(H5N1)	223	8996
NS|PP755593.1|A/cattle/Texas/24-008749-003/2024(H5N1)	224	9004
NS|PP755593.1|A/cattle/Texas/24-008749-003/2024(H5N1)	225	8984
NS|PP755593.1|A/cattle/Texas/24-008749-003/2024(H5N1)	226	9022
NS|PP755593.1|A/cattle/Texas/24-008749-003/2024(H5N1)	227	8707
NS|PP755593.1|A/cattle/Texas/24-008749-003/2024(H5N1)	228	8704
NS|PP755593.1|A/cattle/Texas/24-008749-003/2024(H5N1)	229	8805
NS|PP755593.1|A/cattle/Texas/24-008749-003/2024(H5N1)	230	8831
NS|PP755593.1|A/cattle/Texas/24-008749-003/2024(H5N1)	231	8948
NS|PP755593.1|A/cattle/Texas/24-008749-003/2024(H5N1)	232	8862
NS|PP755593.1|A/cattle/Texas/24-008749-003/2024(H5N1)	233	8840
NS|PP755593.1|A/cattle/Texas/24-008749-003/2024(H5N1)	234	8783
NS|PP755593.1|A/cattle/Texas/24-008749-003/2024(H5N1)	235	8785
NS|PP755593.1|A/cattle/Texas/24-008749-003/2024(H5N1)	236	8856
NS|PP755593.1|A/cattle/Texas/24-008749-003/2024(H5N1)	237	8854
NS|PP755593.1|A/cattle/Texas/24-008749-003/2024(H5N1)	238	8784
NS|PP755593.1|A/cattle/Texas/24-008749-003/2024(H5N1)	239	8805
NS|PP755593.1|A/cattle/Texas/24-008749-003/2024(H5N1)	240	8802
NS|PP755593.1|A/cattle/Texas/24-008749-003/2024(H5N1)	241	8789
NS|PP755593.1|A/cattle/Texas/24-008749-003/2024(H5N1)	242	8792
NS|PP755593.1|A/cattle/Texas/24-008749-003/2024(H5N1)	243	8781
NS|PP755593.1|A/cattle/Texas/24-008749-003/2024(H5N1)	244	8785
NS|PP755593.1|A/cattle/Texas/24-008749-003/2024(H5N1)	245	8713
NS|PP755593.1|A/cattle/Texas/24-008749-003/2024(H5N1)	246	8747
NS|PP755593.1|A/cattle/Texas/24-008749-003/2024(H5N1)	247	8692
NS|PP755593.1|A/cattle/Texas/24-008749-003/2024(H5N1)	248	8540
NS|PP755593.1|A/cattle/Texas/24-008749-003/2024(H5N1)	249	8505
NS|PP755593.1|A/cattle/Texas/24-008749-003/2024(H5N1)	250	8703
NS|PP755593.1|A/cattle/Texas/24-008749-003/2024(H5N1)	251	8726
NS|PP755593.1|A/cattle/Texas/24-008749-003/2024(H5N1)	252	8727
NS|PP755593.1|A/cattle/Texas/24-008749-003/2024(H5N1)	253	8817
NS|PP755593.1|A/cattle/Texas/24-008749-003/2024(H5N1)	254	8752
NS|PP755593.1|A/cattle/Texas/24-008749-003/2024(H5N1)	255	8634
NS|PP755593.1|A/cattle/Texas/24-008749-003/2024(H5N1)	256	8697
NS|PP755593.1|A/cattle/Texas/24-008749-003/2024(H5N1)	257	8783
NS|PP755593.1|A/cattle/Texas/24-008749-003/2024(H5N1)	258	8765
NS|PP755593.1|A/cattle/Texas/24-008749-003/2024(H5N1)	259	8587
NS|PP755593.1|A/cattle/Texas/24-008749-003/2024(H5N1)	260	8638
NS|PP755593.1|A/cattle/Texas/24-008749-003/2024(H5N1)	261	8662
NS|PP755593.1|A/cattle/Texas/24-008749-003/2024(H5N1)	262	8687
NS|PP755593.1|A/cattle/Texas/24-008749-003/2024(H5N1)	263	8689
NS|PP755593.1|A/cattle/Texas/24-008749-003/2024(H5N1)	264	8728
NS|PP755593.1|A/cattle/Texas/24-008749-003/2024(H5N1)	265	8620
NS|PP755593.1|A/cattle/Texas/24-008749-003/2024(H5N1)	266	8993
NS|PP755593.1|A/cattle/Texas/24-008749-003/2024(H5N1)	267	9036
NS|PP755593.1|A/cattle/Texas/24-008749-003/2024(H5N1)	268	9020
NS|PP755593.1|A/cattle/Texas/24-008749-003/2024(H5N1)	269	9032
NS|PP755593.1|A/cattle/Texas/24-008749-003/2024(H5N1)	270	9021
NS|PP755593.1|A/cattle/Texas/24-008749-003/2024(H5N1)	271	9018
NS|PP755593.1|A/cattle/Texas/24-008749-003/2024(H5N1)	272	8982
NS|PP755593.1|A/cattle/Texas/24-008749-003/2024(H5N1)	273	8882
NS|PP755593.1|A/cattle/Texas/24-008749-003/2024(H5N1)	274	8936
NS|PP755593.1|A/cattle/Texas/24-008749-003/2024(H5N1)	275	8591
NS|PP755593.1|A/cattle/Texas/24-008749-003/2024(H5N1)	276	8572
NS|PP755593.1|A/cattle/Texas/24-008749-003/2024(H5N1)	277	8576
NS|PP755593.1|A/cattle/Texas/24-008749-003/2024(H5N1)	278	8713
NS|PP755593.1|A/cattle/Texas/24-008749-003/2024(H5N1)	279	8705
NS|PP755593.1|A/cattle/Texas/24-008749-003/2024(H5N1)	280	8740
NS|PP755593.1|A/cattle/Texas/24-008749-003/2024(H5N1)	281	8943
NS|PP755593.1|A/cattle/Texas/24-008749-003/2024(H5N1)	282	8929
NS|PP755593.1|A/cattle/Texas/24-008749-003/2024(H5N1)	283	8971
NS|PP755593.1|A/cattle/Texas/24-008749-003/2024(H5N1)	284	8948
NS|PP755593.1|A/cattle/Texas/24-008749-003/2024(H5N1)	285	8938
NS|PP755593.1|A/cattle/Texas/24-008749-003/2024(H5N1)	286	8929
NS|PP755593.1|A/cattle/Texas/24-008749-003/2024(H5N1)	287	9134
NS|PP755593.1|A/cattle/Texas/24-008749-003/2024(H5N1)	288	9145
NS|PP755593.1|A/cattle/Texas/24-008749-003/2024(H5N1)	289	9068
NS|PP755593.1|A/cattle/Texas/24-008749-003/2024(H5N1)	290	8921
NS|PP755593.1|A/cattle/Texas/24-008749-003/2024(H5N1)	291	9038
NS|PP755593.1|A/cattle/Texas/24-008749-003/2024(H5N1)	292	8996
NS|PP755593.1|A/cattle/Texas/24-008749-003/2024(H5N1)	293	9125
NS|PP755593.1|A/cattle/Texas/24-008749-003/2024(H5N1)	294	9220
NS|PP755593.1|A/cattle/Texas/24-008749-003/2024(H5N1)	295	9222
NS|PP755593.1|A/cattle/Texas/24-008749-003/2024(H5N1)	296	8939
NS|PP755593.1|A/cattle/Texas/24-008749-003/2024(H5N1)	297	8915
NS|PP755593.1|A/cattle/Texas/24-008749-003/2024(H5N1)	298	8916
NS|PP755593.1|A/cattle/Texas/24-008749-003/2024(H5N1)	299	8912
NS|PP755593.1|A/cattle/Texas/24-008749-003/2024(H5N1)	300	8987
NS|PP755593.1|A/cattle/Texas/24-008749-003/2024(H5N1)	301	9023
NS|PP755593.1|A/cattle/Texas/24-008749-003/2024(H5N1)	302	8763
NS|PP755593.1|A/cattle/Texas/24-008749-003/2024(H5N1)	303	8745
NS|PP755593.1|A/cattle/Texas/24-008749-003/2024(H5N1)	304	8657
NS|PP755593.1|A/cattle/Texas/24-008749-003/2024(H5N1)	305	9202
NS|PP755593.1|A/cattle/Texas/24-008749-003/2024(H5N1)	306	9346
NS|PP755593.1|A/cattle/Texas/24-008749-003/2024(H5N1)	307	9332
NS|PP755593.1|A/cattle/Texas/24-008749-003/2024(H5N1)	308	9336
NS|PP755593.1|A/cattle/Texas/24-008749-003/2024(H5N1)	309	9097
NS|PP755593.1|A/cattle/Texas/24-008749-003/2024(H5N1)	310	9092
NS|PP755593.1|A/cattle/Texas/24-008749-003/2024(H5N1)	311	9117
NS|PP755593.1|A/cattle/Texas/24-008749-003/2024(H5N1)	312	9096
NS|PP755593.1|A/cattle/Texas/24-008749-003/2024(H5N1)	313	9186
NS|PP755593.1|A/cattle/Texas/24-008749-003/2024(H5N1)	314	8691
NS|PP755593.1|A/cattle/Texas/24-008749-003/2024(H5N1)	315	8555
NS|PP755593.1|A/cattle/Texas/24-008749-003/2024(H5N1)	316	8514
NS|PP755593.1|A/cattle/Texas/24-008749-003/2024(H5N1)	317	8557
NS|PP755593.1|A/cattle/Texas/24-008749-003/2024(H5N1)	318	8508
NS|PP755593.1|A/cattle/Texas/24-008749-003/2024(H5N1)	319	8461
NS|PP755593.1|A/cattle/Texas/24-008749-003/2024(H5N1)	320	8437
NS|PP755593.1|A/cattle/Texas/24-008749-003/2024(H5N1)	321	8393
NS|PP755593.1|A/cattle/Texas/24-008749-003/2024(H5N1)	322	8341
NS|PP755593.1|A/cattle/Texas/24-008749-003/2024(H5N1)	323	8338
NS|PP755593.1|A/cattle/Texas/24-008749-003/2024(H5N1)	324	8223
NS|PP755593.1|A/cattle/Texas/24-008749-003/2024(H5N1)	325	8225
NS|PP755593.1|A/cattle/Texas/24-008749-003/2024(H5N1)	326	8132
NS|PP755593.1|A/cattle/Texas/24-008749-003/2024(H5N1)	327	8088
NS|PP755593.1|A/cattle/Texas/24-008749-003/2024(H5N1)	328	8388
NS|PP755593.1|A/cattle/Texas/24-008749-003/2024(H5N1)	329	8388
NS|PP755593.1|A/cattle/Texas/24-008749-003/2024(H5N1)	330	8364
NS|PP755593.1|A/cattle/Texas/24-008749-003/2024(H5N1)	331	8364
NS|PP755593.1|A/cattle/Texas/24-008749-003/2024(H5N1)	332	8253
NS|PP755593.1|A/cattle/Texas/24-008749-003/2024(H5N1)	333	8246
NS|PP755593.1|A/cattle/Texas/24-008749-003/2024(H5N1)	334	8214
NS|PP755593.1|A/cattle/Texas/24-008749-003/2024(H5N1)	335	8181
NS|PP755593.1|A/cattle/Texas/24-008749-003/2024(H5N1)	336	8131
NS|PP755593.1|A/cattle/Texas/24-008749-003/2024(H5N1)	337	7979
NS|PP755593.1|A/cattle/Texas/24-008749-003/2024(H5N1)	338	7965
NS|PP755593.1|A/cattle/Texas/24-008749-003/2024(H5N1)	339	7849
NS|PP755593.1|A/cattle/Texas/24-008749-003/2024(H5N1)	340	7789
NS|PP755593.1|A/cattle/Texas/24-008749-003/2024(H5N1)	341	7754
NS|PP755593.1|A/cattle/Texas/24-008749-003/2024(H5N1)	342	7729
NS|PP755593.1|A/cattle/Texas/24-008749-003/2024(H5N1)	343	7614
NS|PP755593.1|A/cattle/Texas/24-008749-003/2024(H5N1)	344	7586
NS|PP755593.1|A/cattle/Texas/24-008749-003/2024(H5N1)	345	7365
NS|PP755593.1|A/cattle/Texas/24-008749-003/2024(H5N1)	346	7304
NS|PP755593.1|A/cattle/Texas/24-008749-003/2024(H5N1)	347	7305
NS|PP755593.1|A/cattle/Texas/24-008749-003/2024(H5N1)	348	7304
NS|PP755593.1|A/cattle/Texas/24-008749-003/2024(H5N1)	349	8124
NS|PP755593.1|A/cattle/Texas/24-008749-003/2024(H5N1)	350	8142
NS|PP755593.1|A/cattle/Texas/24-008749-003/2024(H5N1)	351	8159
NS|PP755593.1|A/cattle/Texas/24-008749-003/2024(H5N1)	352	8249
NS|PP755593.1|A/cattle/Texas/24-008749-003/2024(H5N1)	353	8583
NS|PP755593.1|A/cattle/Texas/24-008749-003/2024(H5N1)	354	8757
NS|PP755593.1|A/cattle/Texas/24-008749-003/2024(H5N1)	355	8841
NS|PP755593.1|A/cattle/Texas/24-008749-003/2024(H5N1)	356	8797
NS|PP755593.1|A/cattle/Texas/24-008749-003/2024(H5N1)	357	8777
NS|PP755593.1|A/cattle/Texas/24-008749-003/2024(H5N1)	358	8809
NS|PP755593.1|A/cattle/Texas/24-008749-003/2024(H5N1)	359	8808
NS|PP755593.1|A/cattle/Texas/24-008749-003/2024(H5N1)	360	8960
NS|PP755593.1|A/cattle/Texas/24-008749-003/2024(H5N1)	361	8798
NS|PP755593.1|A/cattle/Texas/24-008749-003/2024(H5N1)	362	8490
NS|PP755593.1|A/cattle/Texas/24-008749-003/2024(H5N1)	363	8658
NS|PP755593.1|A/cattle/Texas/24-008749-003/2024(H5N1)	364	8718
NS|PP755593.1|A/cattle/Texas/24-008749-003/2024(H5N1)	365	8636
NS|PP755593.1|A/cattle/Texas/24-008749-003/2024(H5N1)	366	8383
NS|PP755593.1|A/cattle/Texas/24-008749-003/2024(H5N1)	367	8553
NS|PP755593.1|A/cattle/Texas/24-008749-003/2024(H5N1)	368	8555
NS|PP755593.1|A/cattle/Texas/24-008749-003/2024(H5N1)	369	8524
NS|PP755593.1|A/cattle/Texas/24-008749-003/2024(H5N1)	370	8979
NS|PP755593.1|A/cattle/Texas/24-008749-003/2024(H5N1)	371	8984
NS|PP755593.1|A/cattle/Texas/24-008749-003/2024(H5N1)	372	8817
NS|PP755593.1|A/cattle/Texas/24-008749-003/2024(H5N1)	373	8868
NS|PP755593.1|A/cattle/Texas/24-008749-003/2024(H5N1)	374	8853
NS|PP755593.1|A/cattle/Texas/24-008749-003/2024(H5N1)	375	8851
NS|PP755593.1|A/cattle/Texas/24-008749-003/2024(H5N1)	376	8807
NS|PP755593.1|A/cattle/Texas/24-008749-003/2024(H5N1)	377	8807
NS|PP755593.1|A/cattle/Texas/24-008749-003/2024(H5N1)	378	8844
NS|PP755593.1|A/cattle/Texas/24-008749-003/2024(H5N1)	379	8848
NS|PP755593.1|A/cattle/Texas/24-008749-003/2024(H5N1)	380	8760
NS|PP755593.1|A/cattle/Texas/24-008749-003/2024(H5N1)	381	8706
NS|PP755593.1|A/cattle/Texas/24-008749-003/2024(H5N1)	382	8605
NS|PP755593.1|A/cattle/Texas/24-008749-003/2024(H5N1)	383	8603
NS|PP755593.1|A/cattle/Texas/24-008749-003/2024(H5N1)	384	8586
NS|PP755593.1|A/cattle/Texas/24-008749-003/2024(H5N1)	385	8574
NS|PP755593.1|A/cattle/Texas/24-008749-003/2024(H5N1)	386	8092
NS|PP755593.1|A/cattle/Texas/24-008749-003/2024(H5N1)	387	8013
NS|PP755593.1|A/cattle/Texas/24-008749-003/2024(H5N1)	388	8076
NS|PP755593.1|A/cattle/Texas/24-008749-003/2024(H5N1)	389	8079
NS|PP755593.1|A/cattle/Texas/24-008749-003/2024(H5N1)	390	8100
NS|PP755593.1|A/cattle/Texas/24-008749-003/2024(H5N1)	391	8145
NS|PP755593.1|A/cattle/Texas/24-008749-003/2024(H5N1)	392	8169
NS|PP755593.1|A/cattle/Texas/24-008749-003/2024(H5N1)	393	8157
NS|PP755593.1|A/cattle/Texas/24-008749-003/2024(H5N1)	394	8418
NS|PP755593.1|A/cattle/Texas/24-008749-003/2024(H5N1)	395	8450
NS|PP755593.1|A/cattle/Texas/24-008749-003/2024(H5N1)	396	8527
NS|PP755593.1|A/cattle/Texas/24-008749-003/2024(H5N1)	397	8502
NS|PP755593.1|A/cattle/Texas/24-008749-003/2024(H5N1)	398	8597
NS|PP755593.1|A/cattle/Texas/24-008749-003/2024(H5N1)	399	8463
NS|PP755593.1|A/cattle/Texas/24-008749-003/2024(H5N1)	400	8454
NS|PP755593.1|A/cattle/Texas/24-008749-003/2024(H5N1)	401	8526
NS|PP755593.1|A/cattle/Texas/24-008749-003/2024(H5N1)	402	8519
NS|PP755593.1|A/cattle/Texas/24-008749-003/2024(H5N1)	403	8405
NS|PP755593.1|A/cattle/Texas/24-008749-003/2024(H5N1)	404	8404
NS|PP755593.1|A/cattle/Texas/24-008749-003/2024(H5N1)	405	8401
NS|PP755593.1|A/cattle/Texas/24-008749-003/2024(H5N1)	406	8378
NS|PP755593.1|A/cattle/Texas/24-008749-003/2024(H5N1)	407	8218
NS|PP755593.1|A/cattle/Texas/24-008749-003/2024(H5N1)	408	8142
NS|PP755593.1|A/cattle/Texas/24-008749-003/2024(H5N1)	409	8123
NS|PP755593.1|A/cattle/Texas/24-008749-003/2024(H5N1)	410	8093
NS|PP755593.1|A/cattle/Texas/24-008749-003/2024(H5N1)	411	6020
NS|PP755593.1|A/cattle/Texas/24-008749-003/2024(H5N1)	412	6010
NS|PP755593.1|A/cattle/Texas/24-008749-003/2024(H5N1)	413	5980
NS|PP755593.1|A/cattle/Texas/24-008749-003/2024(H5N1)	414	5974
NS|PP755593.1|A/cattle/Texas/24-008749-003/2024(H5N1)	415	5974
NS|PP755593.1|A/cattle/Texas/24-008749-003/2024(H5N1)	416	5979
NS|PP755593.1|A/cattle/Texas/24-008749-003/2024(H5N1)	417	5983
NS|PP755593.1|A/cattle/Texas/24-008749-003/2024(H5N1)	418	6464
NS|PP755593.1|A/cattle/Texas/24-008749-003/2024(H5N1)	419	6474
NS|PP755593.1|A/cattle/Texas/24-008749-003/2024(H5N1)	420	6754
NS|PP755593.1|A/cattle/Texas/24-008749-003/2024(H5N1)	421	6812
NS|PP755593.1|A/cattle/Texas/24-008749-003/2024(H5N1)	422	7220
NS|PP755593.1|A/cattle/Texas/24-008749-003/2024(H5N1)	423	7246
NS|PP755593.1|A/cattle/Texas/24-008749-003/2024(H5N1)	424	7248
NS|PP755593.1|A/cattle/Texas/24-008749-003/2024(H5N1)	425	7248
NS|PP755593.1|A/cattle/Texas/24-008749-003/2024(H5N1)	426	7247
NS|PP755593.1|A/cattle/Texas/24-008749-003/2024(H5N1)	427	7307
NS|PP755593.1|A/cattle/Texas/24-008749-003/2024(H5N1)	428	7885
NS|PP755593.1|A/cattle/Texas/24-008749-003/2024(H5N1)	429	7885
NS|PP755593.1|A/cattle/Texas/24-008749-003/2024(H5N1)	430	8030
NS|PP755593.1|A/cattle/Texas/24-008749-003/2024(H5N1)	431	8041
NS|PP755593.1|A/cattle/Texas/24-008749-003/2024(H5N1)	432	8289
NS|PP755593.1|A/cattle/Texas/24-008749-003/2024(H5N1)	433	8422
NS|PP755593.1|A/cattle/Texas/24-008749-003/2024(H5N1)	434	8430
NS|PP755593.1|A/cattle/Texas/24-008749-003/2024(H5N1)	435	8458
NS|PP755593.1|A/cattle/Texas/24-008749-003/2024(H5N1)	436	8459
NS|PP755593.1|A/cattle/Texas/24-008749-003/2024(H5N1)	437	8025
NS|PP755593.1|A/cattle/Texas/24-008749-003/2024(H5N1)	438	8038
NS|PP755593.1|A/cattle/Texas/24-008749-003/2024(H5N1)	439	8014
NS|PP755593.1|A/cattle/Texas/24-008749-003/2024(H5N1)	440	8126
NS|PP755593.1|A/cattle/Texas/24-008749-003/2024(H5N1)	441	8127
NS|PP755593.1|A/cattle/Texas/24-008749-003/2024(H5N1)	442	8380
NS|PP755593.1|A/cattle/Texas/24-008749-003/2024(H5N1)	443	8415
NS|PP755593.1|A/cattle/Texas/24-008749-003/2024(H5N1)	444	8459
NS|PP755593.1|A/cattle/Texas/24-008749-003/2024(H5N1)	445	8477
NS|PP755593.1|A/cattle/Texas/24-008749-003/2024(H5N1)	446	8515
NS|PP755593.1|A/cattle/Texas/24-008749-003/2024(H5N1)	447	8577
NS|PP755593.1|A/cattle/Texas/24-008749-003/2024(H5N1)	448	8602
NS|PP755593.1|A/cattle/Texas/24-008749-003/2024(H5N1)	449	8622
NS|PP755593.1|A/cattle/Texas/24-008749-003/2024(H5N1)	450	8593
NS|PP755593.1|A/cattle/Texas/24-008749-003/2024(H5N1)	451	8595
NS|PP755593.1|A/cattle/Texas/24-008749-003/2024(H5N1)	452	8600
NS|PP755593.1|A/cattle/Texas/24-008749-003/2024(H5N1)	453	8367
NS|PP755593.1|A/cattle/Texas/24-008749-003/2024(H5N1)	454	8473
NS|PP755593.1|A/cattle/Texas/24-008749-003/2024(H5N1)	455	8526
NS|PP755593.1|A/cattle/Texas/24-008749-003/2024(H5N1)	456	8180
NS|PP755593.1|A/cattle/Texas/24-008749-003/2024(H5N1)	457	8184
NS|PP755593.1|A/cattle/Texas/24-008749-003/2024(H5N1)	458	8205
NS|PP755593.1|A/cattle/Texas/24-008749-003/2024(H5N1)	459	8035
NS|PP755593.1|A/cattle/Texas/24-008749-003/2024(H5N1)	460	8064
NS|PP755593.1|A/cattle/Texas/24-008749-003/2024(H5N1)	461	8214
NS|PP755593.1|A/cattle/Texas/24-008749-003/2024(H5N1)	462	8236
NS|PP755593.1|A/cattle/Texas/24-008749-003/2024(H5N1)	463	8242
NS|PP755593.1|A/cattle/Texas/24-008749-003/2024(H5N1)	464	8261
NS|PP755593.1|A/cattle/Texas/24-008749-003/2024(H5N1)	465	8241
NS|PP755593.1|A/cattle/Texas/24-008749-003/2024(H5N1)	466	8259
NS|PP755593.1|A/cattle/Texas/24-008749-003/2024(H5N1)	467	8307
NS|PP755593.1|A/cattle/Texas/24-008749-003/2024(H5N1)	468	8227
NS|PP755593.1|A/cattle/Texas/24-008749-003/2024(H5N1)	469	8228
NS|PP755593.1|A/cattle/Texas/24-008749-003/2024(H5N1)	470	8062
NS|PP755593.1|A/cattle/Texas/24-008749-003/2024(H5N1)	471	7592
NS|PP755593.1|A/cattle/Texas/24-008749-003/2024(H5N1)	472	7639
NS|PP755593.1|A/cattle/Texas/24-008749-003/2024(H5N1)	473	7736
NS|PP755593.1|A/cattle/Texas/24-008749-003/2024(H5N1)	474	7747
NS|PP755593.1|A/cattle/Texas/24-008749-003/2024(H5N1)	475	7848
NS|PP755593.1|A/cattle/Texas/24-008749-003/2024(H5N1)	476	8045
NS|PP755593.1|A/cattle/Texas/24-008749-003/2024(H5N1)	477	8135
NS|PP755593.1|A/cattle/Texas/24-008749-003/2024(H5N1)	478	8154
NS|PP755593.1|A/cattle/Texas/24-008749-003/2024(H5N1)	479	8164
NS|PP755593.1|A/cattle/Texas/24-008749-003/2024(H5N1)	480	8206
NS|PP755593.1|A/cattle/Texas/24-008749-003/2024(H5N1)	481	8219
NS|PP755593.1|A/cattle/Texas/24-008749-003/2024(H5N1)	482	8505
NS|PP755593.1|A/cattle/Texas/24-008749-003/2024(H5N1)	483	8528
NS|PP755593.1|A/cattle/Texas/24-008749-003/2024(H5N1)	484	8730
NS|PP755593.1|A/cattle/Texas/24-008749-003/2024(H5N1)	485	8764
NS|PP755593.1|A/cattle/Texas/24-008749-003/2024(H5N1)	486	8798
NS|PP755593.1|A/cattle/Texas/24-008749-003/2024(H5N1)	487	8862
NS|PP755593.1|A/cattle/Texas/24-008749-003/2024(H5N1)	488	8859
NS|PP755593.1|A/cattle/Texas/24-008749-003/2024(H5N1)	489	8601
NS|PP755593.1|A/cattle/Texas/24-008749-003/2024(H5N1)	490	8681
NS|PP755593.1|A/cattle/Texas/24-008749-003/2024(H5N1)	491	8716
NS|PP755593.1|A/cattle/Texas/24-008749-003/2024(H5N1)	492	9129
NS|PP755593.1|A/cattle/Texas/24-008749-003/2024(H5N1)	493	9154
NS|PP755593.1|A/cattle/Texas/24-008749-003/2024(H5N1)	494	9199
NS|PP755593.1|A/cattle/Texas/24-008749-003/2024(H5N1)	495	9201
NS|PP755593.1|A/cattle/Texas/24-008749-003/2024(H5N1)	496	9395
NS|PP755593.1|A/cattle/Texas/24-008749-003/2024(H5N1)	497	9463
NS|PP755593.1|A/cattle/Texas/24-008749-003/2024(H5N1)	498	9446
NS|PP755593.1|A/cattle/Texas/24-008749-003/2024(H5N1)	499	9374
NS|PP755593.1|A/cattle/Texas/24-008749-003/2024(H5N1)	500	9354
NS|PP755593.1|A/cattle/Texas/24-008749-003/2024(H5N1)	501	9345
NS|PP755593.1|A/cattle/Texas/24-008749-003/2024(H5N1)	502	9549
NS|PP755593.1|A/cattle/Texas/24-008749-003/2024(H5N1)	503	9744
NS|PP755593.1|A/cattle/Texas/24-008749-003/2024(H5N1)	504	9495
NS|PP755593.1|A/cattle/Texas/24-008749-003/2024(H5N1)	505	9368
NS|PP755593.1|A/cattle/Texas/24-008749-003/2024(H5N1)	506	9540
NS|PP755593.1|A/cattle/Texas/24-008749-003/2024(H5N1)	507	9608
NS|PP755593.1|A/cattle/Texas/24-008749-003/2024(H5N1)	508	9549
NS|PP755593.1|A/cattle/Texas/24-008749-003/2024(H5N1)	509	9805
NS|PP755593.1|A/cattle/Texas/24-008749-003/2024(H5N1)	510	9797
NS|PP755593.1|A/cattle/Texas/24-008749-003/2024(H5N1)	511	9501
NS|PP755593.1|A/cattle/Texas/24-008749-003/2024(H5N1)	512	9511
NS|PP755593.1|A/cattle/Texas/24-008749-003/2024(H5N1)	513	9386
NS|PP755593.1|A/cattle/Texas/24-008749-003/2024(H5N1)	514	9226
NS|PP755593.1|A/cattle/Texas/24-008749-003/2024(H5N1)	515	8946
NS|PP755593.1|A/cattle/Texas/24-008749-003/2024(H5N1)	516	8883
NS|PP755593.1|A/cattle/Texas/24-008749-003/2024(H5N1)	517	8876
NS|PP755593.1|A/cattle/Texas/24-008749-003/2024(H5N1)	518	8575
NS|PP755593.1|A/cattle/Texas/24-008749-003/2024(H5N1)	519	8591
NS|PP755593.1|A/cattle/Texas/24-008749-003/2024(H5N1)	520	8573
NS|PP755593.1|A/cattle/Texas/24-008749-003/2024(H5N1)	521	8568
NS|PP755593.1|A/cattle/Texas/24-008749-003/2024(H5N1)	522	8532
NS|PP755593.1|A/cattle/Texas/24-008749-003/2024(H5N1)	523	8528
NS|PP755593.1|A/cattle/Texas/24-008749-003/2024(H5N1)	524	8505
NS|PP755593.1|A/cattle/Texas/24-008749-003/2024(H5N1)	525	8497
NS|PP755593.1|A/cattle/Texas/24-008749-003/2024(H5N1)	526	8480
NS|PP755593.1|A/cattle/Texas/24-008749-003/2024(H5N1)	527	8536
NS|PP755593.1|A/cattle/Texas/24-008749-003/2024(H5N1)	528	8526
NS|PP755593.1|A/cattle/Texas/24-008749-003/2024(H5N1)	529	8458
NS|PP755593.1|A/cattle/Texas/24-008749-003/2024(H5N1)	530	8690
NS|PP755593.1|A/cattle/Texas/24-008749-003/2024(H5N1)	531	8679
NS|PP755593.1|A/cattle/Texas/24-008749-003/2024(H5N1)	532	8767
NS|PP755593.1|A/cattle/Texas/24-008749-003/2024(H5N1)	533	8776
NS|PP755593.1|A/cattle/Texas/24-008749-003/2024(H5N1)	534	8772
NS|PP755593.1|A/cattle/Texas/24-008749-003/2024(H5N1)	535	8783
NS|PP755593.1|A/cattle/Texas/24-008749-003/2024(H5N1)	536	8729
NS|PP755593.1|A/cattle/Texas/24-008749-003/2024(H5N1)	537	8686
NS|PP755593.1|A/cattle/Texas/24-008749-003/2024(H5N1)	538	8745
NS|PP755593.1|A/cattle/Texas/24-008749-003/2024(H5N1)	539	8727
NS|PP755593.1|A/cattle/Texas/24-008749-003/2024(H5N1)	540	8820
NS|PP755593.1|A/cattle/Texas/24-008749-003/2024(H5N1)	541	8769
NS|PP755593.1|A/cattle/Texas/24-008749-003/2024(H5N1)	542	8755
NS|PP755593.1|A/cattle/Texas/24-008749-003/2024(H5N1)	543	8878
NS|PP755593.1|A/cattle/Texas/24-008749-003/2024(H5N1)	544	8853
NS|PP755593.1|A/cattle/Texas/24-008749-003/2024(H5N1)	545	8840
NS|PP755593.1|A/cattle/Texas/24-008749-003/2024(H5N1)	546	8847
NS|PP755593.1|A/cattle/Texas/24-008749-003/2024(H5N1)	547	8749
NS|PP755593.1|A/cattle/Texas/24-008749-003/2024(H5N1)	548	8762
NS|PP755593.1|A/cattle/Texas/24-008749-003/2024(H5N1)	549	8635
NS|PP755593.1|A/cattle/Texas/24-008749-003/2024(H5N1)	550	8571
NS|PP755593.1|A/cattle/Texas/24-008749-003/2024(H5N1)	551	8677
NS|PP755593.1|A/cattle/Texas/24-008749-003/2024(H5N1)	552	8539
NS|PP755593.1|A/cattle/Texas/24-008749-003/2024(H5N1)	553	8716
NS|PP755593.1|A/cattle/Texas/24-008749-003/2024(H5N1)	554	8684
NS|PP755593.1|A/cattle/Texas/24-008749-003/2024(H5N1)	555	8687
NS|PP755593.1|A/cattle/Texas/24-008749-003/2024(H5N1)	556	8718
NS|PP755593.1|A/cattle/Texas/24-008749-003/2024(H5N1)	557	8739
NS|PP755593.1|A/cattle/Texas/24-008749-003/2024(H5N1)	558	8743
NS|PP755593.1|A/cattle/Texas/24-008749-003/2024(H5N1)	559	8712
NS|PP755593.1|A/cattle/Texas/24-008749-003/2024(H5N1)	560	8542
NS|PP755593.1|A/cattle/Texas/24-008749-003/2024(H5N1)	561	8594
NS|PP755593.1|A/cattle/Texas/24-008749-003/2024(H5N1)	562	8531
NS|PP755593.1|A/cattle/Texas/24-008749-003/2024(H5N1)	563	8583
NS|PP755593.1|A/cattle/Texas/24-008749-003/2024(H5N1)	564	8946
NS|PP755593.1|A/cattle/Texas/24-008749-003/2024(H5N1)	565	8964
NS|PP755593.1|A/cattle/Texas/24-008749-003/2024(H5N1)	566	8980
NS|PP755593.1|A/cattle/Texas/24-008749-003/2024(H5N1)	567	9114
NS|PP755593.1|A/cattle/Texas/24-008749-003/2024(H5N1)	568	9108
NS|PP755593.1|A/cattle/Texas/24-008749-003/2024(H5N1)	569	9266
NS|PP755593.1|A/cattle/Texas/24-008749-003/2024(H5N1)	570	9001
NS|PP755593.1|A/cattle/Texas/24-008749-003/2024(H5N1)	571	8950
NS|PP755593.1|A/cattle/Texas/24-008749-003/2024(H5N1)	572	8979
NS|PP755593.1|A/cattle/Texas/24-008749-003/2024(H5N1)	573	8460
NS|PP755593.1|A/cattle/Texas/24-008749-003/2024(H5N1)	574	8736
NS|PP755593.1|A/cattle/Texas/24-008749-003/2024(H5N1)	575	8758
NS|PP755593.1|A/cattle/Texas/24-008749-003/2024(H5N1)	576	8751
NS|PP755593.1|A/cattle/Texas/24-008749-003/2024(H5N1)	577	9070
NS|PP755593.1|A/cattle/Texas/24-008749-003/2024(H5N1)	578	8962
NS|PP755593.1|A/cattle/Texas/24-008749-003/2024(H5N1)	579	8512
NS|PP755593.1|A/cattle/Texas/24-008749-003/2024(H5N1)	580	8522
NS|PP755593.1|A/cattle/Texas/24-008749-003/2024(H5N1)	581	8468
NS|PP755593.1|A/cattle/Texas/24-008749-003/2024(H5N1)	582	8478
NS|PP755593.1|A/cattle/Texas/24-008749-003/2024(H5N1)	583	8200
NS|PP755593.1|A/cattle/Texas/24-008749-003/2024(H5N1)	584	8197
NS|PP755593.1|A/cattle/Texas/24-008749-003/2024(H5N1)	585	8193
NS|PP755593.1|A/cattle/Texas/24-008749-003/2024(H5N1)	586	8198
NS|PP755593.1|A/cattle/Texas/24-008749-003/2024(H5N1)	587	8338
NS|PP755593.1|A/cattle/Texas/24-008749-003/2024(H5N1)	588	8325
NS|PP755593.1|A/cattle/Texas/24-008749-003/2024(H5N1)	589	8375
NS|PP755593.1|A/cattle/Texas/24-008749-003/2024(H5N1)	590	8411
NS|PP755593.1|A/cattle/Texas/24-008749-003/2024(H5N1)	591	8315
NS|PP755593.1|A/cattle/Texas/24-008749-003/2024(H5N1)	592	8450
NS|PP755593.1|A/cattle/Texas/24-008749-003/2024(H5N1)	593	8579
NS|PP755593.1|A/cattle/Texas/24-008749-003/2024(H5N1)	594	8619
NS|PP755593.1|A/cattle/Texas/24-008749-003/2024(H5N1)	595	8598
NS|PP755593.1|A/cattle/Texas/24-008749-003/2024(H5N1)	596	8581
NS|PP755593.1|A/cattle/Texas/24-008749-003/2024(H5N1)	597	8592
NS|PP755593.1|A/cattle/Texas/24-008749-003/2024(H5N1)	598	8391
NS|PP755593.1|A/cattle/Texas/24-008749-003/2024(H5N1)	599	8397
NS|PP755593.1|A/cattle/Texas/24-008749-003/2024(H5N1)	600	8479
NS|PP755593.1|A/cattle/Texas/24-008749-003/2024(H5N1)	601	8322
NS|PP755593.1|A/cattle/Texas/24-008749-003/2024(H5N1)	602	8320
NS|PP755593.1|A/cattle/Texas/24-008749-003/2024(H5N1)	603	8400
NS|PP755593.1|A/cattle/Texas/24-008749-003/2024(H5N1)	604	8422
NS|PP755593.1|A/cattle/Texas/24-008749-003/2024(H5N1)	605	8320
NS|PP755593.1|A/cattle/Texas/24-008749-003/2024(H5N1)	606	8304
NS|PP755593.1|A/cattle/Texas/24-008749-003/2024(H5N1)	607	8310
NS|PP755593.1|A/cattle/Texas/24-008749-003/2024(H5N1)	608	8289
NS|PP755593.1|A/cattle/Texas/24-008749-003/2024(H5N1)	609	8523
NS|PP755593.1|A/cattle/Texas/24-008749-003/2024(H5N1)	610	8519
NS|PP755593.1|A/cattle/Texas/24-008749-003/2024(H5N1)	611	8509
NS|PP755593.1|A/cattle/Texas/24-008749-003/2024(H5N1)	612	8380
NS|PP755593.1|A/cattle/Texas/24-008749-003/2024(H5N1)	613	8361
NS|PP755593.1|A/cattle/Texas/24-008749-003/2024(H5N1)	614	8487
NS|PP755593.1|A/cattle/Texas/24-008749-003/2024(H5N1)	615	8503
NS|PP755593.1|A/cattle/Texas/24-008749-003/2024(H5N1)	616	8496
NS|PP755593.1|A/cattle/Texas/24-008749-003/2024(H5N1)	617	8726
NS|PP755593.1|A/cattle/Texas/24-008749-003/2024(H5N1)	618	8779
NS|PP755593.1|A/cattle/Texas/24-008749-003/2024(H5N1)	619	8806
NS|PP755593.1|A/cattle/Texas/24-008749-003/2024(H5N1)	620	8795
NS|PP755593.1|A/cattle/Texas/24-008749-003/2024(H5N1)	621	8762
NS|PP755593.1|A/cattle/Texas/24-008749-003/2024(H5N1)	622	8806
NS|PP755593.1|A/cattle/Texas/24-008749-003/2024(H5N1)	623	8645
NS|PP755593.1|A/cattle/Texas/24-008749-003/2024(H5N1)	624	8825
NS|PP755593.1|A/cattle/Texas/24-008749-003/2024(H5N1)	625	8927
NS|PP755593.1|A/cattle/Texas/24-008749-003/2024(H5N1)	626	8677
NS|PP755593.1|A/cattle/Texas/24-008749-003/2024(H5N1)	627	8717
NS|PP755593.1|A/cattle/Texas/24-008749-003/2024(H5N1)	628	8628
NS|PP755593.1|A/cattle/Texas/24-008749-003/2024(H5N1)	629	8717
NS|PP755593.1|A/cattle/Texas/24-008749-003/2024(H5N1)	630	8715
NS|PP755593.1|A/cattle/Texas/24-008749-003/2024(H5N1)	631	8660
NS|PP755593.1|A/cattle/Texas/24-008749-003/2024(H5N1)	632	8710
NS|PP755593.1|A/cattle/Texas/24-008749-003/2024(H5N1)	633	8416
NS|PP755593.1|A/cattle/Texas/24-008749-003/2024(H5N1)	634	8649
NS|PP755593.1|A/cattle/Texas/24-008749-003/2024(H5N1)	635	9143
NS|PP755593.1|A/cattle/Texas/24-008749-003/2024(H5N1)	636	9125
NS|PP755593.1|A/cattle/Texas/24-008749-003/2024(H5N1)	637	9169
NS|PP755593.1|A/cattle/Texas/24-008749-003/2024(H5N1)	638	9095
NS|PP755593.1|A/cattle/Texas/24-008749-003/2024(H5N1)	639	9109
NS|PP755593.1|A/cattle/Texas/24-008749-003/2024(H5N1)	640	9152
NS|PP755593.1|A/cattle/Texas/24-008749-003/2024(H5N1)	641	9078
NS|PP755593.1|A/cattle/Texas/24-008749-003/2024(H5N1)	642	9123
NS|PP755593.1|A/cattle/Texas/24-008749-003/2024(H5N1)	643	8673
NS|PP755593.1|A/cattle/Texas/24-008749-003/2024(H5N1)	644	8852
NS|PP755593.1|A/cattle/Texas/24-008749-003/2024(H5N1)	645	8848
NS|PP755593.1|A/cattle/Texas/24-008749-003/2024(H5N1)	646	8668
NS|PP755593.1|A/cattle/Texas/24-008749-003/2024(H5N1)	647	8620
NS|PP755593.1|A/cattle/Texas/24-008749-003/2024(H5N1)	648	8800
NS|PP755593.1|A/cattle/Texas/24-008749-003/2024(H5N1)	649	8808
NS|PP755593.1|A/cattle/Texas/24-008749-003/2024(H5N1)	650	8806
NS|PP755593.1|A/cattle/Texas/24-008749-003/2024(H5N1)	651	8788
NS|PP755593.1|A/cattle/Texas/24-008749-003/2024(H5N1)	652	8637
NS|PP755593.1|A/cattle/Texas/24-008749-003/2024(H5N1)	653	8288
NS|PP755593.1|A/cattle/Texas/24-008749-003/2024(H5N1)	654	8288
NS|PP755593.1|A/cattle/Texas/24-008749-003/2024(H5N1)	655	8499
NS|PP755593.1|A/cattle/Texas/24-008749-003/2024(H5N1)	656	8516
NS|PP755593.1|A/cattle/Texas/24-008749-003/2024(H5N1)	657	8346
NS|PP755593.1|A/cattle/Texas/24-008749-003/2024(H5N1)	658	8410
NS|PP755593.1|A/cattle/Texas/24-008749-003/2024(H5N1)	659	8422
NS|PP755593.1|A/cattle/Texas/24-008749-003/2024(H5N1)	660	8191
NS|PP755593.1|A/cattle/Texas/24-008749-003/2024(H5N1)	661	8199
NS|PP755593.1|A/cattle/Texas/24-008749-003/2024(H5N1)	662	8187
NS|PP755593.1|A/cattle/Texas/24-008749-003/2024(H5N1)	663	8213
NS|PP755593.1|A/cattle/Texas/24-008749-003/2024(H5N1)	664	8223
NS|PP755593.1|A/cattle/Texas/24-008749-003/2024(H5N1)	665	8226
NS|PP755593.1|A/cattle/Texas/24-008749-003/2024(H5N1)	666	8254
NS|PP755593.1|A/cattle/Texas/24-008749-003/2024(H5N1)	667	8564
NS|PP755593.1|A/cattle/Texas/24-008749-003/2024(H5N1)	668	8538
NS|PP755593.1|A/cattle/Texas/24-008749-003/2024(H5N1)	669	8585
NS|PP755593.1|A/cattle/Texas/24-008749-003/2024(H5N1)	670	8573
NS|PP755593.1|A/cattle/Texas/24-008749-003/2024(H5N1)	671	8685
NS|PP755593.1|A/cattle/Texas/24-008749-003/2024(H5N1)	672	8743
NS|PP755593.1|A/cattle/Texas/24-008749-003/2024(H5N1)	673	8761
NS|PP755593.1|A/cattle/Texas/24-008749-003/2024(H5N1)	674	8825
NS|PP755593.1|A/cattle/Texas/24-008749-003/2024(H5N1)	675	8784
NS|PP755593.1|A/cattle/Texas/24-008749-003/2024(H5N1)	676	8792
NS|PP755593.1|A/cattle/Texas/24-008749-003/2024(H5N1)	677	8808
NS|PP755593.1|A/cattle/Texas/24-008749-003/2024(H5N1)	678	8752
NS|PP755593.1|A/cattle/Texas/24-008749-003/2024(H5N1)	679	8755
NS|PP755593.1|A/cattle/Texas/24-008749-003/2024(H5N1)	680	8587
NS|PP755593.1|A/cattle/Texas/24-008749-003/2024(H5N1)	681	8513
NS|PP755593.1|A/cattle/Texas/24-008749-003/2024(H5N1)	682	8626
NS|PP755593.1|A/cattle/Texas/24-008749-003/2024(H5N1)	683	8500
NS|PP755593.1|A/cattle/Texas/24-008749-003/2024(H5N1)	684	8486
NS|PP755593.1|A/cattle/Texas/24-008749-003/2024(H5N1)	685	8489
NS|PP755593.1|A/cattle/Texas/24-008749-003/2024(H5N1)	686	8486
NS|PP755593.1|A/cattle/Texas/24-008749-003/2024(H5N1)	687	8497
NS|PP755593.1|A/cattle/Texas/24-008749-003/2024(H5N1)	688	8500
NS|PP755593.1|A/cattle/Texas/24-008749-003/2024(H5N1)	689	8325
NS|PP755593.1|A/cattle/Texas/24-008749-003/2024(H5N1)	690	8415
NS|PP755593.1|A/cattle/Texas/24-008749-003/2024(H5N1)	691	8329
NS|PP755593.1|A/cattle/Texas/24-008749-003/2024(H5N1)	692	8327
NS|PP755593.1|A/cattle/Texas/24-008749-003/2024(H5N1)	693	8344
NS|PP755593.1|A/cattle/Texas/24-008749-003/2024(H5N1)	694	8242
NS|PP755593.1|A/cattle/Texas/24-008749-003/2024(H5N1)	695	8278
NS|PP755593.1|A/cattle/Texas/24-008749-003/2024(H5N1)	696	8238
NS|PP755593.1|A/cattle/Texas/24-008749-003/2024(H5N1)	697	8211
NS|PP755593.1|A/cattle/Texas/24-008749-003/2024(H5N1)	698	8212
NS|PP755593.1|A/cattle/Texas/24-008749-003/2024(H5N1)	699	8296
NS|PP755593.1|A/cattle/Texas/24-008749-003/2024(H5N1)	700	8295
NS|PP755593.1|A/cattle/Texas/24-008749-003/2024(H5N1)	701	8268
NS|PP755593.1|A/cattle/Texas/24-008749-003/2024(H5N1)	702	8183
NS|PP755593.1|A/cattle/Texas/24-008749-003/2024(H5N1)	703	8238
NS|PP755593.1|A/cattle/Texas/24-008749-003/2024(H5N1)	704	8038
NS|PP755593.1|A/cattle/Texas/24-008749-003/2024(H5N1)	705	8006
NS|PP755593.1|A/cattle/Texas/24-008749-003/2024(H5N1)	706	8006
NS|PP755593.1|A/cattle/Texas/24-008749-003/2024(H5N1)	707	7989
NS|PP755593.1|A/cattle/Texas/24-008749-003/2024(H5N1)	708	7936
NS|PP755593.1|A/cattle/Texas/24-008749-003/2024(H5N1)	709	7980
NS|PP755593.1|A/cattle/Texas/24-008749-003/2024(H5N1)	710	8227
NS|PP755593.1|A/cattle/Texas/24-008749-003/2024(H5N1)	711	8257
NS|PP755593.1|A/cattle/Texas/24-008749-003/2024(H5N1)	712	8211
NS|PP755593.1|A/cattle/Texas/24-008749-003/2024(H5N1)	713	8246
NS|PP755593.1|A/cattle/Texas/24-008749-003/2024(H5N1)	714	9304
NS|PP755593.1|A/cattle/Texas/24-008749-003/2024(H5N1)	715	8979
NS|PP755593.1|A/cattle/Texas/24-008749-003/2024(H5N1)	716	8932
NS|PP755593.1|A/cattle/Texas/24-008749-003/2024(H5N1)	717	9067
NS|PP755593.1|A/cattle/Texas/24-008749-003/2024(H5N1)	718	8886
NS|PP755593.1|A/cattle/Texas/24-008749-003/2024(H5N1)	719	9000
NS|PP755593.1|A/cattle/Texas/24-008749-003/2024(H5N1)	720	8884
NS|PP755593.1|A/cattle/Texas/24-008749-003/2024(H5N1)	721	8880
NS|PP755593.1|A/cattle/Texas/24-008749-003/2024(H5N1)	722	8789
NS|PP755593.1|A/cattle/Texas/24-008749-003/2024(H5N1)	723	8748
NS|PP755593.1|A/cattle/Texas/24-008749-003/2024(H5N1)	724	8700
NS|PP755593.1|A/cattle/Texas/24-008749-003/2024(H5N1)	725	8448
NS|PP755593.1|A/cattle/Texas/24-008749-003/2024(H5N1)	726	8448
NS|PP755593.1|A/cattle/Texas/24-008749-003/2024(H5N1)	727	8446
NS|PP755593.1|A/cattle/Texas/24-008749-003/2024(H5N1)	728	8057
NS|PP755593.1|A/cattle/Texas/24-008749-003/2024(H5N1)	729	8056
NS|PP755593.1|A/cattle/Texas/24-008749-003/2024(H5N1)	730	8030
NS|PP755593.1|A/cattle/Texas/24-008749-003/2024(H5N1)	731	7462
NS|PP755593.1|A/cattle/Texas/24-008749-003/2024(H5N1)	732	7450
NS|PP755593.1|A/cattle/Texas/24-008749-003/2024(H5N1)	733	7365
NS|PP755593.1|A/cattle/Texas/24-008749-003/2024(H5N1)	734	7367
NS|PP755593.1|A/cattle/Texas/24-008749-003/2024(H5N1)	735	7409
NS|PP755593.1|A/cattle/Texas/24-008749-003/2024(H5N1)	736	7411
NS|PP755593.1|A/cattle/Texas/24-008749-003/2024(H5N1)	737	7387
NS|PP755593.1|A/cattle/Texas/24-008749-003/2024(H5N1)	738	7219
NS|PP755593.1|A/cattle/Texas/24-008749-003/2024(H5N1)	739	7204
NS|PP755593.1|A/cattle/Texas/24-008749-003/2024(H5N1)	740	7240
NS|PP755593.1|A/cattle/Texas/24-008749-003/2024(H5N1)	741	7240
NS|PP755593.1|A/cattle/Texas/24-008749-003/2024(H5N1)	742	7190
NS|PP755593.1|A/cattle/Texas/24-008749-003/2024(H5N1)	743	7083
NS|PP755593.1|A/cattle/Texas/24-008749-003/2024(H5N1)	744	6900
NS|PP755593.1|A/cattle/Texas/24-008749-003/2024(H5N1)	745	6873
NS|PP755593.1|A/cattle/Texas/24-008749-003/2024(H5N1)	746	6873
NS|PP755593.1|A/cattle/Texas/24-008749-003/2024(H5N1)	747	6839
NS|PP755593.1|A/cattle/Texas/24-008749-003/2024(H5N1)	748	6824
NS|PP755593.1|A/cattle/Texas/24-008749-003/2024(H5N1)	749	6965
NS|PP755593.1|A/cattle/Texas/24-008749-003/2024(H5N1)	750	7025
NS|PP755593.1|A/cattle/Texas/24-008749-003/2024(H5N1)	751	7025
NS|PP755593.1|A/cattle/Texas/24-008749-003/2024(H5N1)	752	7002
NS|PP755593.1|A/cattle/Texas/24-008749-003/2024(H5N1)	753	7000
NS|PP755593.1|A/cattle/Texas/24-008749-003/2024(H5N1)	754	6818
NS|PP755593.1|A/cattle/Texas/24-008749-003/2024(H5N1)	755	6818
NS|PP755593.1|A/cattle/Texas/24-008749-003/2024(H5N1)	756	6817
NS|PP755593.1|A/cattle/Texas/24-008749-003/2024(H5N1)	757	6817
NS|PP755593.1|A/cattle/Texas/24-008749-003/2024(H5N1)	758	6823
NS|PP755593.1|A/cattle/Texas/24-008749-003/2024(H5N1)	759	6630
NS|PP755593.1|A/cattle/Texas/24-008749-003/2024(H5N1)	760	6575
NS|PP755593.1|A/cattle/Texas/24-008749-003/2024(H5N1)	761	6576
NS|PP755593.1|A/cattle/Texas/24-008749-003/2024(H5N1)	762	6575
NS|PP755593.1|A/cattle/Texas/24-008749-003/2024(H5N1)	763	6568
NS|PP755593.1|A/cattle/Texas/24-008749-003/2024(H5N1)	764	6567
NS|PP755593.1|A/cattle/Texas/24-008749-003/2024(H5N1)	765	6474
NS|PP755593.1|A/cattle/Texas/24-008749-003/2024(H5N1)	766	6469
NS|PP755593.1|A/cattle/Texas/24-008749-003/2024(H5N1)	767	6441
NS|PP755593.1|A/cattle/Texas/24-008749-003/2024(H5N1)	768	6260
NS|PP755593.1|A/cattle/Texas/24-008749-003/2024(H5N1)	769	6151
NS|PP755593.1|A/cattle/Texas/24-008749-003/2024(H5N1)	770	6254
NS|PP755593.1|A/cattle/Texas/24-008749-003/2024(H5N1)	771	6255
NS|PP755593.1|A/cattle/Texas/24-008749-003/2024(H5N1)	772	6259
NS|PP755593.1|A/cattle/Texas/24-008749-003/2024(H5N1)	773	6213
NS|PP755593.1|A/cattle/Texas/24-008749-003/2024(H5N1)	774	6112
NS|PP755593.1|A/cattle/Texas/24-008749-003/2024(H5N1)	775	6017
NS|PP755593.1|A/cattle/Texas/24-008749-003/2024(H5N1)	776	6014
NS|PP755593.1|A/cattle/Texas/24-008749-003/2024(H5N1)	777	6068
NS|PP755593.1|A/cattle/Texas/24-008749-003/2024(H5N1)	778	6003
NS|PP755593.1|A/cattle/Texas/24-008749-003/2024(H5N1)	779	5949
NS|PP755593.1|A/cattle/Texas/24-008749-003/2024(H5N1)	780	5952
NS|PP755593.1|A/cattle/Texas/24-008749-003/2024(H5N1)	781	5950
NS|PP755593.1|A/cattle/Texas/24-008749-003/2024(H5N1)	782	5937
NS|PP755593.1|A/cattle/Texas/24-008749-003/2024(H5N1)	783	5929
NS|PP755593.1|A/cattle/Texas/24-008749-003/2024(H5N1)	784	5909
NS|PP755593.1|A/cattle/Texas/24-008749-003/2024(H5N1)	785	5631
NS|PP755593.1|A/cattle/Texas/24-008749-003/2024(H5N1)	786	5052
NS|PP755593.1|A/cattle/Texas/24-008749-003/2024(H5N1)	787	5027
NS|PP755593.1|A/cattle/Texas/24-008749-003/2024(H5N1)	788	4961
NS|PP755593.1|A/cattle/Texas/24-008749-003/2024(H5N1)	789	4934
NS|PP755593.1|A/cattle/Texas/24-008749-003/2024(H5N1)	790	4969
NS|PP755593.1|A/cattle/Texas/24-008749-003/2024(H5N1)	791	4872
NS|PP755593.1|A/cattle/Texas/24-008749-003/2024(H5N1)	792	4864
NS|PP755593.1|A/cattle/Texas/24-008749-003/2024(H5N1)	793	4817
NS|PP755593.1|A/cattle/Texas/24-008749-003/2024(H5N1)	794	4769
NS|PP755593.1|A/cattle/Texas/24-008749-003/2024(H5N1)	795	4651
NS|PP755593.1|A/cattle/Texas/24-008749-003/2024(H5N1)	796	4647
NS|PP755593.1|A/cattle/Texas/24-008749-003/2024(H5N1)	797	4645
NS|PP755593.1|A/cattle/Texas/24-008749-003/2024(H5N1)	798	4638
NS|PP755593.1|A/cattle/Texas/24-008749-003/2024(H5N1)	799	4399
NS|PP755593.1|A/cattle/Texas/24-008749-003/2024(H5N1)	800	4419
NS|PP755593.1|A/cattle/Texas/24-008749-003/2024(H5N1)	801	4411
NS|PP755593.1|A/cattle/Texas/24-008749-003/2024(H5N1)	802	4408
NS|PP755593.1|A/cattle/Texas/24-008749-003/2024(H5N1)	803	4386
NS|PP755593.1|A/cattle/Texas/24-008749-003/2024(H5N1)	804	4131
NS|PP755593.1|A/cattle/Texas/24-008749-003/2024(H5N1)	805	4130
NS|PP755593.1|A/cattle/Texas/24-008749-003/2024(H5N1)	806	4122
NS|PP755593.1|A/cattle/Texas/24-008749-003/2024(H5N1)	807	4097
NS|PP755593.1|A/cattle/Texas/24-008749-003/2024(H5N1)	808	4125
NS|PP755593.1|A/cattle/Texas/24-008749-003/2024(H5N1)	809	3943
NS|PP755593.1|A/cattle/Texas/24-008749-003/2024(H5N1)	810	3925
NS|PP755593.1|A/cattle/Texas/24-008749-003/2024(H5N1)	811	3915
NS|PP755593.1|A/cattle/Texas/24-008749-003/2024(H5N1)	812	3912
NS|PP755593.1|A/cattle/Texas/24-008749-003/2024(H5N1)	813	3913
NS|PP755593.1|A/cattle/Texas/24-008749-003/2024(H5N1)	814	3885
NS|PP755593.1|A/cattle/Texas/24-008749-003/2024(H5N1)	815	3876
NS|PP755593.1|A/cattle/Texas/24-008749-003/2024(H5N1)	816	3852
NS|PP755593.1|A/cattle/Texas/24-008749-003/2024(H5N1)	817	3462
NS|PP755593.1|A/cattle/Texas/24-008749-003/2024(H5N1)	818	3440
NS|PP755593.1|A/cattle/Texas/24-008749-003/2024(H5N1)	819	3437
NS|PP755593.1|A/cattle/Texas/24-008749-003/2024(H5N1)	820	3366
NS|PP755593.1|A/cattle/Texas/24-008749-003/2024(H5N1)	821	3365
NS|PP755593.1|A/cattle/Texas/24-008749-003/2024(H5N1)	822	3297
NS|PP755593.1|A/cattle/Texas/24-008749-003/2024(H5N1)	823	3290
NS|PP755593.1|A/cattle/Texas/24-008749-003/2024(H5N1)	824	3255
NS|PP755593.1|A/cattle/Texas/24-008749-003/2024(H5N1)	825	3225
NS|PP755593.1|A/cattle/Texas/24-008749-003/2024(H5N1)	826	3220
NS|PP755593.1|A/cattle/Texas/24-008749-003/2024(H5N1)	827	3211
NS|PP755593.1|A/cattle/Texas/24-008749-003/2024(H5N1)	828	3188
NS|PP755593.1|A/cattle/Texas/24-008749-003/2024(H5N1)	829	3187
NS|PP755593.1|A/cattle/Texas/24-008749-003/2024(H5N1)	830	3151
NS|PP755593.1|A/cattle/Texas/24-008749-003/2024(H5N1)	831	3056
NS|PP755593.1|A/cattle/Texas/24-008749-003/2024(H5N1)	832	3010
NS|PP755593.1|A/cattle/Texas/24-008749-003/2024(H5N1)	833	2931
NS|PP755593.1|A/cattle/Texas/24-008749-003/2024(H5N1)	834	2930
NS|PP755593.1|A/cattle/Texas/24-008749-003/2024(H5N1)	835	2929
NS|PP755593.1|A/cattle/Texas/24-008749-003/2024(H5N1)	836	2916
NS|PP755593.1|A/cattle/Texas/24-008749-003/2024(H5N1)	837	2911
NS|PP755593.1|A/cattle/Texas/24-008749-003/2024(H5N1)	838	2864
