PB1|PP755595.1|A/cattle/Texas/24-008749-003/2024(H5N1)	1	896
PB1|PP755595.1|A/cattle/Texas/24-008749-003/2024(H5N1)	2	907
PB1|PP755595.1|A/cattle/Texas/24-008749-003/2024(H5N1)	3	915
PB1|PP755595.1|A/cattle/Texas/24-008749-003/2024(H5N1)	4	928
PB1|PP755595.1|A/cattle/Texas/24-008749-003/2024(H5N1)	5	951
PB1|PP755595.1|A/cattle/Texas/24-008749-003/2024(H5N1)	6	965
PB1|PP755595.1|A/cattle/Texas/24-008749-003/2024(H5N1)	7	965
PB1|PP755595.1|A/cattle/Texas/24-008749-003/2024(H5N1)	8	965
PB1|PP755595.1|A/cattle/Texas/24-008749-003/2024(H5N1)	9	977
PB1|PP755595.1|A/cattle/Texas/24-008749-003/2024(H5N1)	10	978
PB1|PP755595.1|A/cattle/Texas/24-008749-003/2024(H5N1)	11	985
PB1|PP755595.1|A/cattle/Texas/24-008749-003/2024(H5N1)	12	986
PB1|PP755595.1|A/cattle/Texas/24-008749-003/2024(H5N1)	13	988
PB1|PP755595.1|A/cattle/Texas/24-008749-003/2024(H5N1)	14	998
PB1|PP755595.1|A/cattle/Texas/24-008749-003/2024(H5N1)	15	1005
PB1|PP755595.1|A/cattle/Texas/24-008749-003/2024(H5N1)	16	1025
PB1|PP755595.1|A/cattle/Texas/24-008749-003/2024(H5N1)	17	1027
PB1|PP755595.1|A/cattle/Texas/24-008749-003/2024(H5N1)	18	1027
PB1|PP755595.1|A/cattle/Texas/24-008749-003/2024(H5N1)	19	1029
PB1|PP755595.1|A/cattle/Texas/24-008749-003/2024(H5N1)	20	1030
PB1|PP755595.1|A/cattle/Texas/24-008749-003/2024(H5N1)	21	1030
PB1|PP755595.1|A/cattle/Texas/24-008749-003/2024(H5N1)	22	1030
PB1|PP755595.1|A/cattle/Texas/24-008749-003/2024(H5N1)	23	1030
PB1|PP755595.1|A/cattle/Texas/24-008749-003/2024(H5N1)	24	1032
PB1|PP755595.1|A/cattle/Texas/24-008749-003/2024(H5N1)	25	1036
PB1|PP755595.1|A/cattle/Texas/24-008749-003/2024(H5N1)	26	1063
PB1|PP755595.1|A/cattle/Texas/24-008749-003/2024(H5N1)	27	1063
PB1|PP755595.1|A/cattle/Texas/24-008749-003/2024(H5N1)	28	1064
PB1|PP755595.1|A/cattle/Texas/24-008749-003/2024(H5N1)	29	1066
PB1|PP755595.1|A/cattle/Texas/24-008749-003/2024(H5N1)	30	1068
PB1|PP755595.1|A/cattle/Texas/24-008749-003/2024(H5N1)	31	1068
PB1|PP755595.1|A/cattle/Texas/24-008749-003/2024(H5N1)	32	1071
PB1|PP755595.1|A/cattle/Texas/24-008749-003/2024(H5N1)	33	1071
PB1|PP755595.1|A/cattle/Texas/24-008749-003/2024(H5N1)	34	1081
PB1|PP755595.1|A/cattle/Texas/24-008749-003/2024(H5N1)	35	1082
PB1|PP755595.1|A/cattle/Texas/24-008749-003/2024(H5N1)	36	1077
PB1|PP755595.1|A/cattle/Texas/24-008749-003/2024(H5N1)	37	1080
PB1|PP755595.1|A/cattle/Texas/24-008749-003/2024(H5N1)	38	1080
PB1|PP755595.1|A/cattle/Texas/24-008749-003/2024(H5N1)	39	1080
PB1|PP755595.1|A/cattle/Texas/24-008749-003/2024(H5N1)	40	1125
PB1|PP755595.1|A/cattle/Texas/24-008749-003/2024(H5N1)	41	1137
PB1|PP755595.1|A/cattle/Texas/24-008749-003/2024(H5N1)	42	1145
PB1|PP755595.1|A/cattle/Texas/24-008749-003/2024(H5N1)	43	1154
PB1|PP755595.1|A/cattle/Texas/24-008749-003/2024(H5N1)	44	1154
PB1|PP755595.1|A/cattle/Texas/24-008749-003/2024(H5N1)	45	1158
PB1|PP755595.1|A/cattle/Texas/24-008749-003/2024(H5N1)	46	1160
PB1|PP755595.1|A/cattle/Texas/24-008749-003/2024(H5N1)	47	1183
PB1|PP755595.1|A/cattle/Texas/24-008749-003/2024(H5N1)	48	1243
PB1|PP755595.1|A/cattle/Texas/24-008749-003/2024(H5N1)	49	1273
PB1|PP755595.1|A/cattle/Texas/24-008749-003/2024(H5N1)	50	1275
PB1|PP755595.1|A/cattle/Texas/24-008749-003/2024(H5N1)	51	1290
PB1|PP755595.1|A/cattle/Texas/24-008749-003/2024(H5N1)	52	1292
PB1|PP755595.1|A/cattle/Texas/24-008749-003/2024(H5N1)	53	1307
PB1|PP755595.1|A/cattle/Texas/24-008749-003/2024(H5N1)	54	1343
PB1|PP755595.1|A/cattle/Texas/24-008749-003/2024(H5N1)	55	1343
PB1|PP755595.1|A/cattle/Texas/24-008749-003/2024(H5N1)	56	1384
PB1|PP755595.1|A/cattle/Texas/24-008749-003/2024(H5N1)	57	1384
PB1|PP755595.1|A/cattle/Texas/24-008749-003/2024(H5N1)	58	1405
PB1|PP755595.1|A/cattle/Texas/24-008749-003/2024(H5N1)	59	1435
PB1|PP755595.1|A/cattle/Texas/24-008749-003/2024(H5N1)	60	1436
PB1|PP755595.1|A/cattle/Texas/24-008749-003/2024(H5N1)	61	1440
PB1|PP755595.1|A/cattle/Texas/24-008749-003/2024(H5N1)	62	1447
PB1|PP755595.1|A/cattle/Texas/24-008749-003/2024(H5N1)	63	1454
PB1|PP755595.1|A/cattle/Texas/24-008749-003/2024(H5N1)	64	1467
PB1|PP755595.1|A/cattle/Texas/24-008749-003/2024(H5N1)	65	1469
PB1|PP755595.1|A/cattle/Texas/24-008749-003/2024(H5N1)	66	1630
PB1|PP755595.1|A/cattle/Texas/24-008749-003/2024(H5N1)	67	1634
PB1|PP755595.1|A/cattle/Texas/24-008749-003/2024(H5N1)	68	1634
PB1|PP755595.1|A/cattle/Texas/24-008749-003/2024(H5N1)	69	1634
PB1|PP755595.1|A/cattle/Texas/24-008749-003/2024(H5N1)	70	1644
PB1|PP755595.1|A/cattle/Texas/24-008749-003/2024(H5N1)	71	1725
PB1|PP755595.1|A/cattle/Texas/24-008749-003/2024(H5N1)	72	1737
PB1|PP755595.1|A/cattle/Texas/24-008749-003/2024(H5N1)	73	1762
PB1|PP755595.1|A/cattle/Texas/24-008749-003/2024(H5N1)	74	1783
PB1|PP755595.1|A/cattle/Texas/24-008749-003/2024(H5N1)	75	1794
PB1|PP755595.1|A/cattle/Texas/24-008749-003/2024(H5N1)	76	1816
PB1|PP755595.1|A/cattle/Texas/24-008749-003/2024(H5N1)	77	1838
PB1|PP755595.1|A/cattle/Texas/24-008749-003/2024(H5N1)	78	1851
PB1|PP755595.1|A/cattle/Texas/24-008749-003/2024(H5N1)	79	1853
PB1|PP755595.1|A/cattle/Texas/24-008749-003/2024(H5N1)	80	1899
PB1|PP755595.1|A/cattle/Texas/24-008749-003/2024(H5N1)	81	1907
PB1|PP755595.1|A/cattle/Texas/24-008749-003/2024(H5N1)	82	1999
PB1|PP755595.1|A/cattle/Texas/24-008749-003/2024(H5N1)	83	2005
PB1|PP755595.1|A/cattle/Texas/24-008749-003/2024(H5N1)	84	2009
PB1|PP755595.1|A/cattle/Texas/24-008749-003/2024(H5N1)	85	2092
PB1|PP755595.1|A/cattle/Texas/24-008749-003/2024(H5N1)	86	2104
PB1|PP755595.1|A/cattle/Texas/24-008749-003/2024(H5N1)	87	2109
PB1|PP755595.1|A/cattle/Texas/24-008749-003/2024(H5N1)	88	2110
PB1|PP755595.1|A/cattle/Texas/24-008749-003/2024(H5N1)	89	2110
PB1|PP755595.1|A/cattle/Texas/24-008749-003/2024(H5N1)	90	2115
PB1|PP755595.1|A/cattle/Texas/24-008749-003/2024(H5N1)	91	2115
PB1|PP755595.1|A/cattle/Texas/24-008749-003/2024(H5N1)	92	2169
PB1|PP755595.1|A/cattle/Texas/24-008749-003/2024(H5N1)	93	2194
PB1|PP755595.1|A/cattle/Texas/24-008749-003/2024(H5N1)	94	2173
PB1|PP755595.1|A/cattle/Texas/24-008749-003/2024(H5N1)	95	2184
PB1|PP755595.1|A/cattle/Texas/24-008749-003/2024(H5N1)	96	2180
PB1|PP755595.1|A/cattle/Texas/24-008749-003/2024(H5N1)	97	2186
PB1|PP755595.1|A/cattle/Texas/24-008749-003/2024(H5N1)	98	2218
PB1|PP755595.1|A/cattle/Texas/24-008749-003/2024(H5N1)	99	2220
PB1|PP755595.1|A/cattle/Texas/24-008749-003/2024(H5N1)	100	2222
PB1|PP755595.1|A/cattle/Texas/24-008749-003/2024(H5N1)	101	2217
PB1|PP755595.1|A/cattle/Texas/24-008749-003/2024(H5N1)	102	2207
PB1|PP755595.1|A/cattle/Texas/24-008749-003/2024(H5N1)	103	2206
PB1|PP755595.1|A/cattle/Texas/24-008749-003/2024(H5N1)	104	2206
PB1|PP755595.1|A/cattle/Texas/24-008749-003/2024(H5N1)	105	2198
PB1|PP755595.1|A/cattle/Texas/24-008749-003/2024(H5N1)	106	2315
PB1|PP755595.1|A/cattle/Texas/24-008749-003/2024(H5N1)	107	2337
PB1|PP755595.1|A/cattle/Texas/24-008749-003/2024(H5N1)	108	2322
PB1|PP755595.1|A/cattle/Texas/24-008749-003/2024(H5N1)	109	2324
PB1|PP755595.1|A/cattle/Texas/24-008749-003/2024(H5N1)	110	2323
PB1|PP755595.1|A/cattle/Texas/24-008749-003/2024(H5N1)	111	2322
PB1|PP755595.1|A/cattle/Texas/24-008749-003/2024(H5N1)	112	2308
PB1|PP755595.1|A/cattle/Texas/24-008749-003/2024(H5N1)	113	2298
PB1|PP755595.1|A/cattle/Texas/24-008749-003/2024(H5N1)	114	2248
PB1|PP755595.1|A/cattle/Texas/24-008749-003/2024(H5N1)	115	2248
PB1|PP755595.1|A/cattle/Texas/24-008749-003/2024(H5N1)	116	2248
PB1|PP755595.1|A/cattle/Texas/24-008749-003/2024(H5N1)	117	2218
PB1|PP755595.1|A/cattle/Texas/24-008749-003/2024(H5N1)	118	2502
PB1|PP755595.1|A/cattle/Texas/24-008749-003/2024(H5N1)	119	2505
PB1|PP755595.1|A/cattle/Texas/24-008749-003/2024(H5N1)	120	2523
PB1|PP755595.1|A/cattle/Texas/24-008749-003/2024(H5N1)	121	2525
PB1|PP755595.1|A/cattle/Texas/24-008749-003/2024(H5N1)	122	2534
PB1|PP755595.1|A/cattle/Texas/24-008749-003/2024(H5N1)	123	2536
PB1|PP755595.1|A/cattle/Texas/24-008749-003/2024(H5N1)	124	2524
PB1|PP755595.1|A/cattle/Texas/24-008749-003/2024(H5N1)	125	2511
PB1|PP755595.1|A/cattle/Texas/24-008749-003/2024(H5N1)	126	2504
PB1|PP755595.1|A/cattle/Texas/24-008749-003/2024(H5N1)	127	2149
PB1|PP755595.1|A/cattle/Texas/24-008749-003/2024(H5N1)	128	2093
PB1|PP755595.1|A/cattle/Texas/24-008749-003/2024(H5N1)	129	2000
PB1|PP755595.1|A/cattle/Texas/24-008749-003/2024(H5N1)	130	2107
PB1|PP755595.1|A/cattle/Texas/24-008749-003/2024(H5N1)	131	2108
PB1|PP755595.1|A/cattle/Texas/24-008749-003/2024(H5N1)	132	2104
PB1|PP755595.1|A/cattle/Texas/24-008749-003/2024(H5N1)	133	2097
PB1|PP755595.1|A/cattle/Texas/24-008749-003/2024(H5N1)	134	2131
PB1|PP755595.1|A/cattle/Texas/24-008749-003/2024(H5N1)	135	2132
PB1|PP755595.1|A/cattle/Texas/24-008749-003/2024(H5N1)	136	2124
PB1|PP755595.1|A/cattle/Texas/24-008749-003/2024(H5N1)	137	2101
PB1|PP755595.1|A/cattle/Texas/24-008749-003/2024(H5N1)	138	2082
PB1|PP755595.1|A/cattle/Texas/24-008749-003/2024(H5N1)	139	2282
PB1|PP755595.1|A/cattle/Texas/24-008749-003/2024(H5N1)	140	2282
PB1|PP755595.1|A/cattle/Texas/24-008749-003/2024(H5N1)	141	2318
PB1|PP755595.1|A/cattle/Texas/24-008749-003/2024(H5N1)	142	2314
PB1|PP755595.1|A/cattle/Texas/24-008749-003/2024(H5N1)	143	2305
PB1|PP755595.1|A/cattle/Texas/24-008749-003/2024(H5N1)	144	2279
PB1|PP755595.1|A/cattle/Texas/24-008749-003/2024(H5N1)	145	2273
PB1|PP755595.1|A/cattle/Texas/24-008749-003/2024(H5N1)	146	2265
PB1|PP755595.1|A/cattle/Texas/24-008749-003/2024(H5N1)	147	2250
PB1|PP755595.1|A/cattle/Texas/24-008749-003/2024(H5N1)	148	2234
PB1|PP755595.1|A/cattle/Texas/24-008749-003/2024(H5N1)	149	2225
PB1|PP755595.1|A/cattle/Texas/24-008749-003/2024(H5N1)	150	2208
PB1|PP755595.1|A/cattle/Texas/24-008749-003/2024(H5N1)	151	2206
PB1|PP755595.1|A/cattle/Texas/24-008749-003/2024(H5N1)	152	2199
PB1|PP755595.1|A/cattle/Texas/24-008749-003/2024(H5N1)	153	2160
PB1|PP755595.1|A/cattle/Texas/24-008749-003/2024(H5N1)	154	2154
PB1|PP755595.1|A/cattle/Texas/24-008749-003/2024(H5N1)	155	2167
PB1|PP755595.1|A/cattle/Texas/24-008749-003/2024(H5N1)	156	2152
PB1|PP755595.1|A/cattle/Texas/24-008749-003/2024(H5N1)	157	2189
PB1|PP755595.1|A/cattle/Texas/24-008749-003/2024(H5N1)	158	2196
PB1|PP755595.1|A/cattle/Texas/24-008749-003/2024(H5N1)	159	2196
PB1|PP755595.1|A/cattle/Texas/24-008749-003/2024(H5N1)	160	2385
PB1|PP755595.1|A/cattle/Texas/24-008749-003/2024(H5N1)	161	2385
PB1|PP755595.1|A/cattle/Texas/24-008749-003/2024(H5N1)	162	2392
PB1|PP755595.1|A/cattle/Texas/24-008749-003/2024(H5N1)	163	2394
PB1|PP755595.1|A/cattle/Texas/24-008749-003/2024(H5N1)	164	2400
PB1|PP755595.1|A/cattle/Texas/24-008749-003/2024(H5N1)	165	2400
PB1|PP755595.1|A/cattle/Texas/24-008749-003/2024(H5N1)	166	2394
PB1|PP755595.1|A/cattle/Texas/24-008749-003/2024(H5N1)	167	2399
PB1|PP755595.1|A/cattle/Texas/24-008749-003/2024(H5N1)	168	2399
PB1|PP755595.1|A/cattle/Texas/24-008749-003/2024(H5N1)	169	2403
PB1|PP755595.1|A/cattle/Texas/24-008749-003/2024(H5N1)	170	2409
PB1|PP755595.1|A/cattle/Texas/24-008749-003/2024(H5N1)	171	2407
PB1|PP755595.1|A/cattle/Texas/24-008749-003/2024(H5N1)	172	2408
PB1|PP755595.1|A/cattle/Texas/24-008749-003/2024(H5N1)	173	2427
PB1|PP755595.1|A/cattle/Texas/24-008749-003/2024(H5N1)	174	2455
PB1|PP755595.1|A/cattle/Texas/24-008749-003/2024(H5N1)	175	2455
PB1|PP755595.1|A/cattle/Texas/24-008749-003/2024(H5N1)	176	2438
PB1|PP755595.1|A/cattle/Texas/24-008749-003/2024(H5N1)	177	2434
PB1|PP755595.1|A/cattle/Texas/24-008749-003/2024(H5N1)	178	2435
PB1|PP755595.1|A/cattle/Texas/24-008749-003/2024(H5N1)	179	2465
PB1|PP755595.1|A/cattle/Texas/24-008749-003/2024(H5N1)	180	2492
PB1|PP755595.1|A/cattle/Texas/24-008749-003/2024(H5N1)	181	2492
PB1|PP755595.1|A/cattle/Texas/24-008749-003/2024(H5N1)	182	2498
PB1|PP755595.1|A/cattle/Texas/24-008749-003/2024(H5N1)	183	2489
PB1|PP755595.1|A/cattle/Texas/24-008749-003/2024(H5N1)	184	2486
PB1|PP755595.1|A/cattle/Texas/24-008749-003/2024(H5N1)	185	2493
PB1|PP755595.1|A/cattle/Texas/24-008749-003/2024(H5N1)	186	2486
PB1|PP755595.1|A/cattle/Texas/24-008749-003/2024(H5N1)	187	2490
PB1|PP755595.1|A/cattle/Texas/24-008749-003/2024(H5N1)	188	2523
PB1|PP755595.1|A/cattle/Texas/24-008749-003/2024(H5N1)	189	2520
PB1|PP755595.1|A/cattle/Texas/24-008749-003/2024(H5N1)	190	2629
PB1|PP755595.1|A/cattle/Texas/24-008749-003/2024(H5N1)	191	2626
PB1|PP755595.1|A/cattle/Texas/24-008749-003/2024(H5N1)	192	2629
PB1|PP755595.1|A/cattle/Texas/24-008749-003/2024(H5N1)	193	2648
PB1|PP755595.1|A/cattle/Texas/24-008749-003/2024(H5N1)	194	2637
PB1|PP755595.1|A/cattle/Texas/24-008749-003/2024(H5N1)	195	2684
PB1|PP755595.1|A/cattle/Texas/24-008749-003/2024(H5N1)	196	2677
PB1|PP755595.1|A/cattle/Texas/24-008749-003/2024(H5N1)	197	2668
PB1|PP755595.1|A/cattle/Texas/24-008749-003/2024(H5N1)	198	2674
PB1|PP755595.1|A/cattle/Texas/24-008749-003/2024(H5N1)	199	2595
PB1|PP755595.1|A/cattle/Texas/24-008749-003/2024(H5N1)	200	2595
PB1|PP755595.1|A/cattle/Texas/24-008749-003/2024(H5N1)	201	2588
PB1|PP755595.1|A/cattle/Texas/24-008749-003/2024(H5N1)	202	2585
PB1|PP755595.1|A/cattle/Texas/24-008749-003/2024(H5N1)	203	2622
PB1|PP755595.1|A/cattle/Texas/24-008749-003/2024(H5N1)	204	2599
PB1|PP755595.1|A/cattle/Texas/24-008749-003/2024(H5N1)	205	2609
PB1|PP755595.1|A/cattle/Texas/24-008749-003/2024(H5N1)	206	2614
PB1|PP755595.1|A/cattle/Texas/24-008749-003/2024(H5N1)	207	2584
PB1|PP755595.1|A/cattle/Texas/24-008749-003/2024(H5N1)	208	2578
PB1|PP755595.1|A/cattle/Texas/24-008749-003/2024(H5N1)	209	2551
PB1|PP755595.1|A/cattle/Texas/24-008749-003/2024(H5N1)	210	2515
PB1|PP755595.1|A/cattle/Texas/24-008749-003/2024(H5N1)	211	2512
PB1|PP755595.1|A/cattle/Texas/24-008749-003/2024(H5N1)	212	2502
PB1|PP755595.1|A/cattle/Texas/24-008749-003/2024(H5N1)	213	1975
PB1|PP755595.1|A/cattle/Texas/24-008749-003/2024(H5N1)	214	1959
PB1|PP755595.1|A/cattle/Texas/24-008749-003/2024(H5N1)	215	1959
PB1|PP755595.1|A/cattle/Texas/24-008749-003/2024(H5N1)	216	1951
PB1|PP755595.1|A/cattle/Texas/24-008749-003/2024(H5N1)	217	1809
PB1|PP755595.1|A/cattle/Texas/24-008749-003/2024(H5N1)	218	1820
PB1|PP755595.1|A/cattle/Texas/24-008749-003/2024(H5N1)	219	1844
PB1|PP755595.1|A/cattle/Texas/24-008749-003/2024(H5N1)	220	2000
PB1|PP755595.1|A/cattle/Texas/24-008749-003/2024(H5N1)	221	2000
PB1|PP755595.1|A/cattle/Texas/24-008749-003/2024(H5N1)	222	2001
PB1|PP755595.1|A/cattle/Texas/24-008749-003/2024(H5N1)	223	2018
PB1|PP755595.1|A/cattle/Texas/24-008749-003/2024(H5N1)	224	2012
PB1|PP755595.1|A/cattle/Texas/24-008749-003/2024(H5N1)	225	2000
PB1|PP755595.1|A/cattle/Texas/24-008749-003/2024(H5N1)	226	2043
PB1|PP755595.1|A/cattle/Texas/24-008749-003/2024(H5N1)	227	2047
PB1|PP755595.1|A/cattle/Texas/24-008749-003/2024(H5N1)	228	2069
PB1|PP755595.1|A/cattle/Texas/24-008749-003/2024(H5N1)	229	2039
PB1|PP755595.1|A/cattle/Texas/24-008749-003/2024(H5N1)	230	2037
PB1|PP755595.1|A/cattle/Texas/24-008749-003/2024(H5N1)	231	2031
PB1|PP755595.1|A/cattle/Texas/24-008749-003/2024(H5N1)	232	2036
PB1|PP755595.1|A/cattle/Texas/24-008749-003/2024(H5N1)	233	2044
PB1|PP755595.1|A/cattle/Texas/24-008749-003/2024(H5N1)	234	2072
PB1|PP755595.1|A/cattle/Texas/24-008749-003/2024(H5N1)	235	2332
PB1|PP755595.1|A/cattle/Texas/24-008749-003/2024(H5N1)	236	2338
PB1|PP755595.1|A/cattle/Texas/24-008749-003/2024(H5N1)	237	2343
PB1|PP755595.1|A/cattle/Texas/24-008749-003/2024(H5N1)	238	2343
PB1|PP755595.1|A/cattle/Texas/24-008749-003/2024(H5N1)	239	2346
PB1|PP755595.1|A/cattle/Texas/24-008749-003/2024(H5N1)	240	2438
PB1|PP755595.1|A/cattle/Texas/24-008749-003/2024(H5N1)	241	2448
PB1|PP755595.1|A/cattle/Texas/24-008749-003/2024(H5N1)	242	2576
PB1|PP755595.1|A/cattle/Texas/24-008749-003/2024(H5N1)	243	2577
PB1|PP755595.1|A/cattle/Texas/24-008749-003/2024(H5N1)	244	2577
PB1|PP755595.1|A/cattle/Texas/24-008749-003/2024(H5N1)	245	2599
PB1|PP755595.1|A/cattle/Texas/24-008749-003/2024(H5N1)	246	2644
PB1|PP755595.1|A/cattle/Texas/24-008749-003/2024(H5N1)	247	2656
PB1|PP755595.1|A/cattle/Texas/24-008749-003/2024(H5N1)	248	2656
PB1|PP755595.1|A/cattle/Texas/24-008749-003/2024(H5N1)	249	2654
PB1|PP755595.1|A/cattle/Texas/24-008749-003/2024(H5N1)	250	2652
PB1|PP755595.1|A/cattle/Texas/24-008749-003/2024(H5N1)	251	2607
PB1|PP755595.1|A/cattle/Texas/24-008749-003/2024(H5N1)	252	2601
PB1|PP755595.1|A/cattle/Texas/24-008749-003/2024(H5N1)	253	2577
PB1|PP755595.1|A/cattle/Texas/24-008749-003/2024(H5N1)	254	2542
PB1|PP755595.1|A/cattle/Texas/24-008749-003/2024(H5N1)	255	2111
PB1|PP755595.1|A/cattle/Texas/24-008749-003/2024(H5N1)	256	2111
PB1|PP755595.1|A/cattle/Texas/24-008749-003/2024(H5N1)	257	2110
PB1|PP755595.1|A/cattle/Texas/24-008749-003/2024(H5N1)	258	2110
PB1|PP755595.1|A/cattle/Texas/24-008749-003/2024(H5N1)	259	2110
PB1|PP755595.1|A/cattle/Texas/24-008749-003/2024(H5N1)	260	2110
PB1|PP755595.1|A/cattle/Texas/24-008749-003/2024(H5N1)	261	2110
PB1|PP755595.1|A/cattle/Texas/24-008749-003/2024(H5N1)	262	2110
PB1|PP755595.1|A/cattle/Texas/24-008749-003/2024(H5N1)	263	2110
PB1|PP755595.1|A/cattle/Texas/24-008749-003/2024(H5N1)	264	2110
PB1|PP755595.1|A/cattle/Texas/24-008749-003/2024(H5N1)	265	2110
PB1|PP755595.1|A/cattle/Texas/24-008749-003/2024(H5N1)	266	2112
PB1|PP755595.1|A/cattle/Texas/24-008749-003/2024(H5N1)	267	2116
PB1|PP755595.1|A/cattle/Texas/24-008749-003/2024(H5N1)	268	2385
PB1|PP755595.1|A/cattle/Texas/24-008749-003/2024(H5N1)	269	2393
PB1|PP755595.1|A/cattle/Texas/24-008749-003/2024(H5N1)	270	2404
PB1|PP755595.1|A/cattle/Texas/24-008749-003/2024(H5N1)	271	2416
PB1|PP755595.1|A/cattle/Texas/24-008749-003/2024(H5N1)	272	2441
PB1|PP755595.1|A/cattle/Texas/24-008749-003/2024(H5N1)	273	2448
PB1|PP755595.1|A/cattle/Texas/24-008749-003/2024(H5N1)	274	2451
PB1|PP755595.1|A/cattle/Texas/24-008749-003/2024(H5N1)	275	2454
PB1|PP755595.1|A/cattle/Texas/24-008749-003/2024(H5N1)	276	2476
PB1|PP755595.1|A/cattle/Texas/24-008749-003/2024(H5N1)	277	2487
PB1|PP755595.1|A/cattle/Texas/24-008749-003/2024(H5N1)	278	2533
PB1|PP755595.1|A/cattle/Texas/24-008749-003/2024(H5N1)	279	2533
PB1|PP755595.1|A/cattle/Texas/24-008749-003/2024(H5N1)	280	2536
PB1|PP755595.1|A/cattle/Texas/24-008749-003/2024(H5N1)	281	2681
PB1|PP755595.1|A/cattle/Texas/24-008749-003/2024(H5N1)	282	2725
PB1|PP755595.1|A/cattle/Texas/24-008749-003/2024(H5N1)	283	2701
PB1|PP755595.1|A/cattle/Texas/24-008749-003/2024(H5N1)	284	2700
PB1|PP755595.1|A/cattle/Texas/24-008749-003/2024(H5N1)	285	2691
PB1|PP755595.1|A/cattle/Texas/24-008749-003/2024(H5N1)	286	2706
PB1|PP755595.1|A/cattle/Texas/24-008749-003/2024(H5N1)	287	2703
PB1|PP755595.1|A/cattle/Texas/24-008749-003/2024(H5N1)	288	2623
PB1|PP755595.1|A/cattle/Texas/24-008749-003/2024(H5N1)	289	2745
PB1|PP755595.1|A/cattle/Texas/24-008749-003/2024(H5N1)	290	2530
PB1|PP755595.1|A/cattle/Texas/24-008749-003/2024(H5N1)	291	2647
PB1|PP755595.1|A/cattle/Texas/24-008749-003/2024(H5N1)	292	2857
PB1|PP755595.1|A/cattle/Texas/24-008749-003/2024(H5N1)	293	2868
PB1|PP755595.1|A/cattle/Texas/24-008749-003/2024(H5N1)	294	2848
PB1|PP755595.1|A/cattle/Texas/24-008749-003/2024(H5N1)	295	3050
PB1|PP755595.1|A/cattle/Texas/24-008749-003/2024(H5N1)	296	3070
PB1|PP755595.1|A/cattle/Texas/24-008749-003/2024(H5N1)	297	3092
PB1|PP755595.1|A/cattle/Texas/24-008749-003/2024(H5N1)	298	3107
PB1|PP755595.1|A/cattle/Texas/24-008749-003/2024(H5N1)	299	3105
PB1|PP755595.1|A/cattle/Texas/24-008749-003/2024(H5N1)	300	3000
PB1|PP755595.1|A/cattle/Texas/24-008749-003/2024(H5N1)	301	3001
PB1|PP755595.1|A/cattle/Texas/24-008749-003/2024(H5N1)	302	2996
PB1|PP755595.1|A/cattle/Texas/24-008749-003/2024(H5N1)	303	3009
PB1|PP755595.1|A/cattle/Texas/24-008749-003/2024(H5N1)	304	3015
PB1|PP755595.1|A/cattle/Texas/24-008749-003/2024(H5N1)	305	3011
PB1|PP755595.1|A/cattle/Texas/24-008749-003/2024(H5N1)	306	2982
PB1|PP755595.1|A/cattle/Texas/24-008749-003/2024(H5N1)	307	2980
PB1|PP755595.1|A/cattle/Texas/24-008749-003/2024(H5N1)	308	2984
PB1|PP755595.1|A/cattle/Texas/24-008749-003/2024(H5N1)	309	2985
PB1|PP755595.1|A/cattle/Texas/24-008749-003/2024(H5N1)	310	2985
PB1|PP755595.1|A/cattle/Texas/24-008749-003/2024(H5N1)	311	3000
PB1|PP755595.1|A/cattle/Texas/24-008749-003/2024(H5N1)	312	3005
PB1|PP755595.1|A/cattle/Texas/24-008749-003/2024(H5N1)	313	3002
PB1|PP755595.1|A/cattle/Texas/24-008749-003/2024(H5N1)	314	3000
PB1|PP755595.1|A/cattle/Texas/24-008749-003/2024(H5N1)	315	3034
PB1|PP755595.1|A/cattle/Texas/24-008749-003/2024(H5N1)	316	3029
PB1|PP755595.1|A/cattle/Texas/24-008749-003/2024(H5N1)	317	3032
PB1|PP755595.1|A/cattle/Texas/24-008749-003/2024(H5N1)	318	3030
PB1|PP755595.1|A/cattle/Texas/24-008749-003/2024(H5N1)	319	3192
PB1|PP755595.1|A/cattle/Texas/24-008749-003/2024(H5N1)	320	3231
PB1|PP755595.1|A/cattle/Texas/24-008749-003/2024(H5N1)	321	3237
PB1|PP755595.1|A/cattle/Texas/24-008749-003/2024(H5N1)	322	3243
PB1|PP755595.1|A/cattle/Texas/24-008749-003/2024(H5N1)	323	3244
PB1|PP755595.1|A/cattle/Texas/24-008749-003/2024(H5N1)	324	3213
PB1|PP755595.1|A/cattle/Texas/24-008749-003/2024(H5N1)	325	3188
PB1|PP755595.1|A/cattle/Texas/24-008749-003/2024(H5N1)	326	3187
PB1|PP755595.1|A/cattle/Texas/24-008749-003/2024(H5N1)	327	3195
PB1|PP755595.1|A/cattle/Texas/24-008749-003/2024(H5N1)	328	3201
PB1|PP755595.1|A/cattle/Texas/24-008749-003/2024(H5N1)	329	3175
PB1|PP755595.1|A/cattle/Texas/24-008749-003/2024(H5N1)	330	3193
PB1|PP755595.1|A/cattle/Texas/24-008749-003/2024(H5N1)	331	3176
PB1|PP755595.1|A/cattle/Texas/24-008749-003/2024(H5N1)	332	3176
PB1|PP755595.1|A/cattle/Texas/24-008749-003/2024(H5N1)	333	3170
PB1|PP755595.1|A/cattle/Texas/24-008749-003/2024(H5N1)	334	3208
PB1|PP755595.1|A/cattle/Texas/24-008749-003/2024(H5N1)	335	3211
PB1|PP755595.1|A/cattle/Texas/24-008749-003/2024(H5N1)	336	3193
PB1|PP755595.1|A/cattle/Texas/24-008749-003/2024(H5N1)	337	3190
PB1|PP755595.1|A/cattle/Texas/24-008749-003/2024(H5N1)	338	3180
PB1|PP755595.1|A/cattle/Texas/24-008749-003/2024(H5N1)	339	3134
PB1|PP755595.1|A/cattle/Texas/24-008749-003/2024(H5N1)	340	3132
PB1|PP755595.1|A/cattle/Texas/24-008749-003/2024(H5N1)	341	3016
PB1|PP755595.1|A/cattle/Texas/24-008749-003/2024(H5N1)	342	3020
PB1|PP755595.1|A/cattle/Texas/24-008749-003/2024(H5N1)	343	3015
PB1|PP755595.1|A/cattle/Texas/24-008749-003/2024(H5N1)	344	3008
PB1|PP755595.1|A/cattle/Texas/24-008749-003/2024(H5N1)	345	3035
PB1|PP755595.1|A/cattle/Texas/24-008749-003/2024(H5N1)	346	3121
PB1|PP755595.1|A/cattle/Texas/24-008749-003/2024(H5N1)	347	3148
PB1|PP755595.1|A/cattle/Texas/24-008749-003/2024(H5N1)	348	3151
PB1|PP755595.1|A/cattle/Texas/24-008749-003/2024(H5N1)	349	3146
PB1|PP755595.1|A/cattle/Texas/24-008749-003/2024(H5N1)	350	3126
PB1|PP755595.1|A/cattle/Texas/24-008749-003/2024(H5N1)	351	3129
PB1|PP755595.1|A/cattle/Texas/24-008749-003/2024(H5N1)	352	3139
PB1|PP755595.1|A/cattle/Texas/24-008749-003/2024(H5N1)	353	3153
PB1|PP755595.1|A/cattle/Texas/24-008749-003/2024(H5N1)	354	3106
PB1|PP755595.1|A/cattle/Texas/24-008749-003/2024(H5N1)	355	3102
PB1|PP755595.1|A/cattle/Texas/24-008749-003/2024(H5N1)	356	3060
PB1|PP755595.1|A/cattle/Texas/24-008749-003/2024(H5N1)	357	3056
PB1|PP755595.1|A/cattle/Texas/24-008749-003/2024(H5N1)	358	3055
PB1|PP755595.1|A/cattle/Texas/24-008749-003/2024(H5N1)	359	3036
PB1|PP755595.1|A/cattle/Texas/24-008749-003/2024(H5N1)	360	3035
PB1|PP755595.1|A/cattle/Texas/24-008749-003/2024(H5N1)	361	2994
PB1|PP755595.1|A/cattle/Texas/24-008749-003/2024(H5N1)	362	2983
PB1|PP755595.1|A/cattle/Texas/24-008749-003/2024(H5N1)	363	2070
PB1|PP755595.1|A/cattle/Texas/24-008749-003/2024(H5N1)	364	1984
PB1|PP755595.1|A/cattle/Texas/24-008749-003/2024(H5N1)	365	1984
PB1|PP755595.1|A/cattle/Texas/24-008749-003/2024(H5N1)	366	1984
PB1|PP755595.1|A/cattle/Texas/24-008749-003/2024(H5N1)	367	1989
PB1|PP755595.1|A/cattle/Texas/24-008749-003/2024(H5N1)	368	2008
PB1|PP755595.1|A/cattle/Texas/24-008749-003/2024(H5N1)	369	2008
PB1|PP755595.1|A/cattle/Texas/24-008749-003/2024(H5N1)	370	2009
PB1|PP755595.1|A/cattle/Texas/24-008749-003/2024(H5N1)	371	2021
PB1|PP755595.1|A/cattle/Texas/24-008749-003/2024(H5N1)	372	2024
PB1|PP755595.1|A/cattle/Texas/24-008749-003/2024(H5N1)	373	2036
PB1|PP755595.1|A/cattle/Texas/24-008749-003/2024(H5N1)	374	2036
PB1|PP755595.1|A/cattle/Texas/24-008749-003/2024(H5N1)	375	2034
PB1|PP755595.1|A/cattle/Texas/24-008749-003/2024(H5N1)	376	2077
PB1|PP755595.1|A/cattle/Texas/24-008749-003/2024(H5N1)	377	2078
PB1|PP755595.1|A/cattle/Texas/24-008749-003/2024(H5N1)	378	2081
PB1|PP755595.1|A/cattle/Texas/24-008749-003/2024(H5N1)	379	2451
PB1|PP755595.1|A/cattle/Texas/24-008749-003/2024(H5N1)	380	2451
PB1|PP755595.1|A/cattle/Texas/24-008749-003/2024(H5N1)	381	2475
PB1|PP755595.1|A/cattle/Texas/24-008749-003/2024(H5N1)	382	2591
PB1|PP755595.1|A/cattle/Texas/24-008749-003/2024(H5N1)	383	2602
PB1|PP755595.1|A/cattle/Texas/24-008749-003/2024(H5N1)	384	2602
PB1|PP755595.1|A/cattle/Texas/24-008749-003/2024(H5N1)	385	2610
PB1|PP755595.1|A/cattle/Texas/24-008749-003/2024(H5N1)	386	2627
PB1|PP755595.1|A/cattle/Texas/24-008749-003/2024(H5N1)	387	2640
PB1|PP755595.1|A/cattle/Texas/24-008749-003/2024(H5N1)	388	2640
PB1|PP755595.1|A/cattle/Texas/24-008749-003/2024(H5N1)	389	2651
PB1|PP755595.1|A/cattle/Texas/24-008749-003/2024(H5N1)	390	2652
PB1|PP755595.1|A/cattle/Texas/24-008749-003/2024(H5N1)	391	2652
PB1|PP755595.1|A/cattle/Texas/24-008749-003/2024(H5N1)	392	2652
PB1|PP755595.1|A/cattle/Texas/24-008749-003/2024(H5N1)	393	2651
PB1|PP755595.1|A/cattle/Texas/24-008749-003/2024(H5N1)	394	2651
PB1|PP755595.1|A/cattle/Texas/24-008749-003/2024(H5N1)	395	2645
PB1|PP755595.1|A/cattle/Texas/24-008749-003/2024(H5N1)	396	2624
PB1|PP755595.1|A/cattle/Texas/24-008749-003/2024(H5N1)	397	2554
PB1|PP755595.1|A/cattle/Texas/24-008749-003/2024(H5N1)	398	2554
PB1|PP755595.1|A/cattle/Texas/24-008749-003/2024(H5N1)	399	2554
PB1|PP755595.1|A/cattle/Texas/24-008749-003/2024(H5N1)	400	2554
PB1|PP755595.1|A/cattle/Texas/24-008749-003/2024(H5N1)	401	2539
PB1|PP755595.1|A/cattle/Texas/24-008749-003/2024(H5N1)	402	2538
PB1|PP755595.1|A/cattle/Texas/24-008749-003/2024(H5N1)	403	2538
PB1|PP755595.1|A/cattle/Texas/24-008749-003/2024(H5N1)	404	2537
PB1|PP755595.1|A/cattle/Texas/24-008749-003/2024(H5N1)	405	2517
PB1|PP755595.1|A/cattle/Texas/24-008749-003/2024(H5N1)	406	2508
PB1|PP755595.1|A/cattle/Texas/24-008749-003/2024(H5N1)	407	2489
PB1|PP755595.1|A/cattle/Texas/24-008749-003/2024(H5N1)	408	2477
PB1|PP755595.1|A/cattle/Texas/24-008749-003/2024(H5N1)	409	2471
PB1|PP755595.1|A/cattle/Texas/24-008749-003/2024(H5N1)	410	2450
PB1|PP755595.1|A/cattle/Texas/24-008749-003/2024(H5N1)	411	2449
PB1|PP755595.1|A/cattle/Texas/24-008749-003/2024(H5N1)	412	2449
PB1|PP755595.1|A/cattle/Texas/24-008749-003/2024(H5N1)	413	2449
PB1|PP755595.1|A/cattle/Texas/24-008749-003/2024(H5N1)	414	2442
PB1|PP755595.1|A/cattle/Texas/24-008749-003/2024(H5N1)	415	2457
PB1|PP755595.1|A/cattle/Texas/24-008749-003/2024(H5N1)	416	2457
PB1|PP755595.1|A/cattle/Texas/24-008749-003/2024(H5N1)	417	2457
PB1|PP755595.1|A/cattle/Texas/24-008749-003/2024(H5N1)	418	2457
PB1|PP755595.1|A/cattle/Texas/24-008749-003/2024(H5N1)	419	2451
PB1|PP755595.1|A/cattle/Texas/24-008749-003/2024(H5N1)	420	2451
PB1|PP755595.1|A/cattle/Texas/24-008749-003/2024(H5N1)	421	2444
PB1|PP755595.1|A/cattle/Texas/24-008749-003/2024(H5N1)	422	2429
PB1|PP755595.1|A/cattle/Texas/24-008749-003/2024(H5N1)	423	2408
PB1|PP755595.1|A/cattle/Texas/24-008749-003/2024(H5N1)	424	2399
PB1|PP755595.1|A/cattle/Texas/24-008749-003/2024(H5N1)	425	2394
PB1|PP755595.1|A/cattle/Texas/24-008749-003/2024(H5N1)	426	1477
PB1|PP755595.1|A/cattle/Texas/24-008749-003/2024(H5N1)	427	1473
PB1|PP755595.1|A/cattle/Texas/24-008749-003/2024(H5N1)	428	1473
PB1|PP755595.1|A/cattle/Texas/24-008749-003/2024(H5N1)	429	1473
PB1|PP755595.1|A/cattle/Texas/24-008749-003/2024(H5N1)	430	1520
PB1|PP755595.1|A/cattle/Texas/24-008749-003/2024(H5N1)	431	1520
PB1|PP755595.1|A/cattle/Texas/24-008749-003/2024(H5N1)	432	1520
PB1|PP755595.1|A/cattle/Texas/24-008749-003/2024(H5N1)	433	1539
PB1|PP755595.1|A/cattle/Texas/24-008749-003/2024(H5N1)	434	1764
PB1|PP755595.1|A/cattle/Texas/24-008749-003/2024(H5N1)	435	1788
PB1|PP755595.1|A/cattle/Texas/24-008749-003/2024(H5N1)	436	2378
PB1|PP755595.1|A/cattle/Texas/24-008749-003/2024(H5N1)	437	2662
PB1|PP755595.1|A/cattle/Texas/24-008749-003/2024(H5N1)	438	2668
PB1|PP755595.1|A/cattle/Texas/24-008749-003/2024(H5N1)	439	2710
PB1|PP755595.1|A/cattle/Texas/24-008749-003/2024(H5N1)	440	2715
PB1|PP755595.1|A/cattle/Texas/24-008749-003/2024(H5N1)	441	2718
PB1|PP755595.1|A/cattle/Texas/24-008749-003/2024(H5N1)	442	2728
PB1|PP755595.1|A/cattle/Texas/24-008749-003/2024(H5N1)	443	2728
PB1|PP755595.1|A/cattle/Texas/24-008749-003/2024(H5N1)	444	2742
PB1|PP755595.1|A/cattle/Texas/24-008749-003/2024(H5N1)	445	2760
PB1|PP755595.1|A/cattle/Texas/24-008749-003/2024(H5N1)	446	2769
PB1|PP755595.1|A/cattle/Texas/24-008749-003/2024(H5N1)	447	2776
PB1|PP755595.1|A/cattle/Texas/24-008749-003/2024(H5N1)	448	2754
PB1|PP755595.1|A/cattle/Texas/24-008749-003/2024(H5N1)	449	2769
PB1|PP755595.1|A/cattle/Texas/24-008749-003/2024(H5N1)	450	2767
PB1|PP755595.1|A/cattle/Texas/24-008749-003/2024(H5N1)	451	2765
PB1|PP755595.1|A/cattle/Texas/24-008749-003/2024(H5N1)	452	2801
PB1|PP755595.1|A/cattle/Texas/24-008749-003/2024(H5N1)	453	2787
PB1|PP755595.1|A/cattle/Texas/24-008749-003/2024(H5N1)	454	2796
PB1|PP755595.1|A/cattle/Texas/24-008749-003/2024(H5N1)	455	2796
PB1|PP755595.1|A/cattle/Texas/24-008749-003/2024(H5N1)	456	2718
PB1|PP755595.1|A/cattle/Texas/24-008749-003/2024(H5N1)	457	2717
PB1|PP755595.1|A/cattle/Texas/24-008749-003/2024(H5N1)	458	2715
PB1|PP755595.1|A/cattle/Texas/24-008749-003/2024(H5N1)	459	2716
PB1|PP755595.1|A/cattle/Texas/24-008749-003/2024(H5N1)	460	2706
PB1|PP755595.1|A/cattle/Texas/24-008749-003/2024(H5N1)	461	2854
PB1|PP755595.1|A/cattle/Texas/24-008749-003/2024(H5N1)	462	2873
PB1|PP755595.1|A/cattle/Texas/24-008749-003/2024(H5N1)	463	2874
PB1|PP755595.1|A/cattle/Texas/24-008749-003/2024(H5N1)	464	2881
PB1|PP755595.1|A/cattle/Texas/24-008749-003/2024(H5N1)	465	2874
PB1|PP755595.1|A/cattle/Texas/24-008749-003/2024(H5N1)	466	2897
PB1|PP755595.1|A/cattle/Texas/24-008749-003/2024(H5N1)	467	2895
PB1|PP755595.1|A/cattle/Texas/24-008749-003/2024(H5N1)	468	2887
PB1|PP755595.1|A/cattle/Texas/24-008749-003/2024(H5N1)	469	2888
PB1|PP755595.1|A/cattle/Texas/24-008749-003/2024(H5N1)	470	2758
PB1|PP755595.1|A/cattle/Texas/24-008749-003/2024(H5N1)	471	2762
PB1|PP755595.1|A/cattle/Texas/24-008749-003/2024(H5N1)	472	2757
PB1|PP755595.1|A/cattle/Texas/24-008749-003/2024(H5N1)	473	2753
PB1|PP755595.1|A/cattle/Texas/24-008749-003/2024(H5N1)	474	2757
PB1|PP755595.1|A/cattle/Texas/24-008749-003/2024(H5N1)	475	2784
PB1|PP755595.1|A/cattle/Texas/24-008749-003/2024(H5N1)	476	2779
PB1|PP755595.1|A/cattle/Texas/24-008749-003/2024(H5N1)	477	2778
PB1|PP755595.1|A/cattle/Texas/24-008749-003/2024(H5N1)	478	2766
PB1|PP755595.1|A/cattle/Texas/24-008749-003/2024(H5N1)	479	2748
PB1|PP755595.1|A/cattle/Texas/24-008749-003/2024(H5N1)	480	2687
PB1|PP755595.1|A/cattle/Texas/24-008749-003/2024(H5N1)	481	2671
PB1|PP755595.1|A/cattle/Texas/24-008749-003/2024(H5N1)	482	2668
PB1|PP755595.1|A/cattle/Texas/24-008749-003/2024(H5N1)	483	2668
PB1|PP755595.1|A/cattle/Texas/24-008749-003/2024(H5N1)	484	2668
PB1|PP755595.1|A/cattle/Texas/24-008749-003/2024(H5N1)	485	2735
PB1|PP755595.1|A/cattle/Texas/24-008749-003/2024(H5N1)	486	2756
PB1|PP755595.1|A/cattle/Texas/24-008749-003/2024(H5N1)	487	2857
PB1|PP755595.1|A/cattle/Texas/24-008749-003/2024(H5N1)	488	2859
PB1|PP755595.1|A/cattle/Texas/24-008749-003/2024(H5N1)	489	2870
PB1|PP755595.1|A/cattle/Texas/24-008749-003/2024(H5N1)	490	2896
PB1|PP755595.1|A/cattle/Texas/24-008749-003/2024(H5N1)	491	2896
PB1|PP755595.1|A/cattle/Texas/24-008749-003/2024(H5N1)	492	2894
PB1|PP755595.1|A/cattle/Texas/24-008749-003/2024(H5N1)	493	2895
PB1|PP755595.1|A/cattle/Texas/24-008749-003/2024(H5N1)	494	2853
PB1|PP755595.1|A/cattle/Texas/24-008749-003/2024(H5N1)	495	2862
PB1|PP755595.1|A/cattle/Texas/24-008749-003/2024(H5N1)	496	2790
PB1|PP755595.1|A/cattle/Texas/24-008749-003/2024(H5N1)	497	2806
PB1|PP755595.1|A/cattle/Texas/24-008749-003/2024(H5N1)	498	2822
PB1|PP755595.1|A/cattle/Texas/24-008749-003/2024(H5N1)	499	2820
PB1|PP755595.1|A/cattle/Texas/24-008749-003/2024(H5N1)	500	2823
PB1|PP755595.1|A/cattle/Texas/24-008749-003/2024(H5N1)	501	2842
PB1|PP755595.1|A/cattle/Texas/24-008749-003/2024(H5N1)	502	2837
PB1|PP755595.1|A/cattle/Texas/24-008749-003/2024(H5N1)	503	2830
PB1|PP755595.1|A/cattle/Texas/24-008749-003/2024(H5N1)	504	2836
PB1|PP755595.1|A/cattle/Texas/24-008749-003/2024(H5N1)	505	2894
PB1|PP755595.1|A/cattle/Texas/24-008749-003/2024(H5N1)	506	2891
PB1|PP755595.1|A/cattle/Texas/24-008749-003/2024(H5N1)	507	2847
PB1|PP755595.1|A/cattle/Texas/24-008749-003/2024(H5N1)	508	2904
PB1|PP755595.1|A/cattle/Texas/24-008749-003/2024(H5N1)	509	2996
PB1|PP755595.1|A/cattle/Texas/24-008749-003/2024(H5N1)	510	3013
PB1|PP755595.1|A/cattle/Texas/24-008749-003/2024(H5N1)	511	3015
PB1|PP755595.1|A/cattle/Texas/24-008749-003/2024(H5N1)	512	3018
PB1|PP755595.1|A/cattle/Texas/24-008749-003/2024(H5N1)	513	2943
PB1|PP755595.1|A/cattle/Texas/24-008749-003/2024(H5N1)	514	2894
PB1|PP755595.1|A/cattle/Texas/24-008749-003/2024(H5N1)	515	2916
PB1|PP755595.1|A/cattle/Texas/24-008749-003/2024(H5N1)	516	2911
PB1|PP755595.1|A/cattle/Texas/24-008749-003/2024(H5N1)	517	2867
PB1|PP755595.1|A/cattle/Texas/24-008749-003/2024(H5N1)	518	2881
PB1|PP755595.1|A/cattle/Texas/24-008749-003/2024(H5N1)	519	2858
PB1|PP755595.1|A/cattle/Texas/24-008749-003/2024(H5N1)	520	2924
PB1|PP755595.1|A/cattle/Texas/24-008749-003/2024(H5N1)	521	2923
PB1|PP755595.1|A/cattle/Texas/24-008749-003/2024(H5N1)	522	2933
PB1|PP755595.1|A/cattle/Texas/24-008749-003/2024(H5N1)	523	2929
PB1|PP755595.1|A/cattle/Texas/24-008749-003/2024(H5N1)	524	2907
PB1|PP755595.1|A/cattle/Texas/24-008749-003/2024(H5N1)	525	2937
PB1|PP755595.1|A/cattle/Texas/24-008749-003/2024(H5N1)	526	2934
PB1|PP755595.1|A/cattle/Texas/24-008749-003/2024(H5N1)	527	2923
PB1|PP755595.1|A/cattle/Texas/24-008749-003/2024(H5N1)	528	2922
PB1|PP755595.1|A/cattle/Texas/24-008749-003/2024(H5N1)	529	2928
PB1|PP755595.1|A/cattle/Texas/24-008749-003/2024(H5N1)	530	3073
PB1|PP755595.1|A/cattle/Texas/24-008749-003/2024(H5N1)	531	3036
PB1|PP755595.1|A/cattle/Texas/24-008749-003/2024(H5N1)	532	3030
PB1|PP755595.1|A/cattle/Texas/24-008749-003/2024(H5N1)	533	2964
PB1|PP755595.1|A/cattle/Texas/24-008749-003/2024(H5N1)	534	2956
PB1|PP755595.1|A/cattle/Texas/24-008749-003/2024(H5N1)	535	2958
PB1|PP755595.1|A/cattle/Texas/24-008749-003/2024(H5N1)	536	2955
PB1|PP755595.1|A/cattle/Texas/24-008749-003/2024(H5N1)	537	2955
PB1|PP755595.1|A/cattle/Texas/24-008749-003/2024(H5N1)	538	2946
PB1|PP755595.1|A/cattle/Texas/24-008749-003/2024(H5N1)	539	2983
PB1|PP755595.1|A/cattle/Texas/24-008749-003/2024(H5N1)	540	2977
PB1|PP755595.1|A/cattle/Texas/24-008749-003/2024(H5N1)	541	2992
PB1|PP755595.1|A/cattle/Texas/24-008749-003/2024(H5N1)	542	3038
PB1|PP755595.1|A/cattle/Texas/24-008749-003/2024(H5N1)	543	3031
PB1|PP755595.1|A/cattle/Texas/24-008749-003/2024(H5N1)	544	3032
PB1|PP755595.1|A/cattle/Texas/24-008749-003/2024(H5N1)	545	3026
PB1|PP755595.1|A/cattle/Texas/24-008749-003/2024(H5N1)	546	3011
PB1|PP755595.1|A/cattle/Texas/24-008749-003/2024(H5N1)	547	3024
PB1|PP755595.1|A/cattle/Texas/24-008749-003/2024(H5N1)	548	3035
PB1|PP755595.1|A/cattle/Texas/24-008749-003/2024(H5N1)	549	3032
PB1|PP755595.1|A/cattle/Texas/24-008749-003/2024(H5N1)	550	3032
PB1|PP755595.1|A/cattle/Texas/24-008749-003/2024(H5N1)	551	2989
PB1|PP755595.1|A/cattle/Texas/24-008749-003/2024(H5N1)	552	2984
PB1|PP755595.1|A/cattle/Texas/24-008749-003/2024(H5N1)	553	2983
PB1|PP755595.1|A/cattle/Texas/24-008749-003/2024(H5N1)	554	2984
PB1|PP755595.1|A/cattle/Texas/24-008749-003/2024(H5N1)	555	2981
PB1|PP755595.1|A/cattle/Texas/24-008749-003/2024(H5N1)	556	2974
PB1|PP755595.1|A/cattle/Texas/24-008749-003/2024(H5N1)	557	2968
PB1|PP755595.1|A/cattle/Texas/24-008749-003/2024(H5N1)	558	2746
PB1|PP755595.1|A/cattle/Texas/24-008749-003/2024(H5N1)	559	2754
PB1|PP755595.1|A/cattle/Texas/24-008749-003/2024(H5N1)	560	2754
PB1|PP755595.1|A/cattle/Texas/24-008749-003/2024(H5N1)	561	2740
PB1|PP755595.1|A/cattle/Texas/24-008749-003/2024(H5N1)	562	2763
PB1|PP755595.1|A/cattle/Texas/24-008749-003/2024(H5N1)	563	2774
PB1|PP755595.1|A/cattle/Texas/24-008749-003/2024(H5N1)	564	2782
PB1|PP755595.1|A/cattle/Texas/24-008749-003/2024(H5N1)	565	2821
PB1|PP755595.1|A/cattle/Texas/24-008749-003/2024(H5N1)	566	2827
PB1|PP755595.1|A/cattle/Texas/24-008749-003/2024(H5N1)	567	2832
PB1|PP755595.1|A/cattle/Texas/24-008749-003/2024(H5N1)	568	2832
PB1|PP755595.1|A/cattle/Texas/24-008749-003/2024(H5N1)	569	2931
PB1|PP755595.1|A/cattle/Texas/24-008749-003/2024(H5N1)	570	2879
PB1|PP755595.1|A/cattle/Texas/24-008749-003/2024(H5N1)	571	2954
PB1|PP755595.1|A/cattle/Texas/24-008749-003/2024(H5N1)	572	2948
PB1|PP755595.1|A/cattle/Texas/24-008749-003/2024(H5N1)	573	2931
PB1|PP755595.1|A/cattle/Texas/24-008749-003/2024(H5N1)	574	2937
PB1|PP755595.1|A/cattle/Texas/24-008749-003/2024(H5N1)	575	2933
PB1|PP755595.1|A/cattle/Texas/24-008749-003/2024(H5N1)	576	3022
PB1|PP755595.1|A/cattle/Texas/24-008749-003/2024(H5N1)	577	3052
PB1|PP755595.1|A/cattle/Texas/24-008749-003/2024(H5N1)	578	3055
PB1|PP755595.1|A/cattle/Texas/24-008749-003/2024(H5N1)	579	3004
PB1|PP755595.1|A/cattle/Texas/24-008749-003/2024(H5N1)	580	3008
PB1|PP755595.1|A/cattle/Texas/24-008749-003/2024(H5N1)	581	3026
PB1|PP755595.1|A/cattle/Texas/24-008749-003/2024(H5N1)	582	3025
PB1|PP755595.1|A/cattle/Texas/24-008749-003/2024(H5N1)	583	3031
PB1|PP755595.1|A/cattle/Texas/24-008749-003/2024(H5N1)	584	3002
PB1|PP755595.1|A/cattle/Texas/24-008749-003/2024(H5N1)	585	2798
PB1|PP755595.1|A/cattle/Texas/24-008749-003/2024(H5N1)	586	2864
PB1|PP755595.1|A/cattle/Texas/24-008749-003/2024(H5N1)	587	2644
PB1|PP755595.1|A/cattle/Texas/24-008749-003/2024(H5N1)	588	2624
PB1|PP755595.1|A/cattle/Texas/24-008749-003/2024(H5N1)	589	2626
PB1|PP755595.1|A/cattle/Texas/24-008749-003/2024(H5N1)	590	2599
PB1|PP755595.1|A/cattle/Texas/24-008749-003/2024(H5N1)	591	2600
PB1|PP755595.1|A/cattle/Texas/24-008749-003/2024(H5N1)	592	2629
PB1|PP755595.1|A/cattle/Texas/24-008749-003/2024(H5N1)	593	2626
PB1|PP755595.1|A/cattle/Texas/24-008749-003/2024(H5N1)	594	2638
PB1|PP755595.1|A/cattle/Texas/24-008749-003/2024(H5N1)	595	2626
PB1|PP755595.1|A/cattle/Texas/24-008749-003/2024(H5N1)	596	2612
PB1|PP755595.1|A/cattle/Texas/24-008749-003/2024(H5N1)	597	2612
PB1|PP755595.1|A/cattle/Texas/24-008749-003/2024(H5N1)	598	2577
PB1|PP755595.1|A/cattle/Texas/24-008749-003/2024(H5N1)	599	2571
PB1|PP755595.1|A/cattle/Texas/24-008749-003/2024(H5N1)	600	2553
PB1|PP755595.1|A/cattle/Texas/24-008749-003/2024(H5N1)	601	2553
PB1|PP755595.1|A/cattle/Texas/24-008749-003/2024(H5N1)	602	2510
PB1|PP755595.1|A/cattle/Texas/24-008749-003/2024(H5N1)	603	2507
PB1|PP755595.1|A/cattle/Texas/24-008749-003/2024(H5N1)	604	2503
PB1|PP755595.1|A/cattle/Texas/24-008749-003/2024(H5N1)	605	2479
PB1|PP755595.1|A/cattle/Texas/24-008749-003/2024(H5N1)	606	2475
PB1|PP755595.1|A/cattle/Texas/24-008749-003/2024(H5N1)	607	2160
PB1|PP755595.1|A/cattle/Texas/24-008749-003/2024(H5N1)	608	2160
PB1|PP755595.1|A/cattle/Texas/24-008749-003/2024(H5N1)	609	2159
PB1|PP755595.1|A/cattle/Texas/24-008749-003/2024(H5N1)	610	2159
PB1|PP755595.1|A/cattle/Texas/24-008749-003/2024(H5N1)	611	2155
PB1|PP755595.1|A/cattle/Texas/24-008749-003/2024(H5N1)	612	2155
PB1|PP755595.1|A/cattle/Texas/24-008749-003/2024(H5N1)	613	2453
PB1|PP755595.1|A/cattle/Texas/24-008749-003/2024(H5N1)	614	2461
PB1|PP755595.1|A/cattle/Texas/24-008749-003/2024(H5N1)	615	2462
PB1|PP755595.1|A/cattle/Texas/24-008749-003/2024(H5N1)	616	2462
PB1|PP755595.1|A/cattle/Texas/24-008749-003/2024(H5N1)	617	2462
PB1|PP755595.1|A/cattle/Texas/24-008749-003/2024(H5N1)	618	2456
PB1|PP755595.1|A/cattle/Texas/24-008749-003/2024(H5N1)	619	2450
PB1|PP755595.1|A/cattle/Texas/24-008749-003/2024(H5N1)	620	2419
PB1|PP755595.1|A/cattle/Texas/24-008749-003/2024(H5N1)	621	2439
PB1|PP755595.1|A/cattle/Texas/24-008749-003/2024(H5N1)	622	2460
PB1|PP755595.1|A/cattle/Texas/24-008749-003/2024(H5N1)	623	2459
PB1|PP755595.1|A/cattle/Texas/24-008749-003/2024(H5N1)	624	2459
PB1|PP755595.1|A/cattle/Texas/24-008749-003/2024(H5N1)	625	2457
PB1|PP755595.1|A/cattle/Texas/24-008749-003/2024(H5N1)	626	2436
PB1|PP755595.1|A/cattle/Texas/24-008749-003/2024(H5N1)	627	2434
PB1|PP755595.1|A/cattle/Texas/24-008749-003/2024(H5N1)	628	2430
PB1|PP755595.1|A/cattle/Texas/24-008749-003/2024(H5N1)	629	2413
PB1|PP755595.1|A/cattle/Texas/24-008749-003/2024(H5N1)	630	2412
PB1|PP755595.1|A/cattle/Texas/24-008749-003/2024(H5N1)	631	2394
PB1|PP755595.1|A/cattle/Texas/24-008749-003/2024(H5N1)	632	2392
PB1|PP755595.1|A/cattle/Texas/24-008749-003/2024(H5N1)	633	2274
PB1|PP755595.1|A/cattle/Texas/24-008749-003/2024(H5N1)	634	2216
PB1|PP755595.1|A/cattle/Texas/24-008749-003/2024(H5N1)	635	2216
PB1|PP755595.1|A/cattle/Texas/24-008749-003/2024(H5N1)	636	2216
PB1|PP755595.1|A/cattle/Texas/24-008749-003/2024(H5N1)	637	2216
PB1|PP755595.1|A/cattle/Texas/24-008749-003/2024(H5N1)	638	2214
PB1|PP755595.1|A/cattle/Texas/24-008749-003/2024(H5N1)	639	2210
PB1|PP755595.1|A/cattle/Texas/24-008749-003/2024(H5N1)	640	2207
PB1|PP755595.1|A/cattle/Texas/24-008749-003/2024(H5N1)	641	2186
PB1|PP755595.1|A/cattle/Texas/24-008749-003/2024(H5N1)	642	2185
PB1|PP755595.1|A/cattle/Texas/24-008749-003/2024(H5N1)	643	2185
PB1|PP755595.1|A/cattle/Texas/24-008749-003/2024(H5N1)	644	2180
PB1|PP755595.1|A/cattle/Texas/24-008749-003/2024(H5N1)	645	2147
PB1|PP755595.1|A/cattle/Texas/24-008749-003/2024(H5N1)	646	2128
PB1|PP755595.1|A/cattle/Texas/24-008749-003/2024(H5N1)	647	2127
PB1|PP755595.1|A/cattle/Texas/24-008749-003/2024(H5N1)	648	2077
PB1|PP755595.1|A/cattle/Texas/24-008749-003/2024(H5N1)	649	2072
PB1|PP755595.1|A/cattle/Texas/24-008749-003/2024(H5N1)	650	2066
PB1|PP755595.1|A/cattle/Texas/24-008749-003/2024(H5N1)	651	1714
PB1|PP755595.1|A/cattle/Texas/24-008749-003/2024(H5N1)	652	1714
PB1|PP755595.1|A/cattle/Texas/24-008749-003/2024(H5N1)	653	1714
PB1|PP755595.1|A/cattle/Texas/24-008749-003/2024(H5N1)	654	1714
PB1|PP755595.1|A/cattle/Texas/24-008749-003/2024(H5N1)	655	1991
PB1|PP755595.1|A/cattle/Texas/24-008749-003/2024(H5N1)	656	1998
PB1|PP755595.1|A/cattle/Texas/24-008749-003/2024(H5N1)	657	2000
PB1|PP755595.1|A/cattle/Texas/24-008749-003/2024(H5N1)	658	2004
PB1|PP755595.1|A/cattle/Texas/24-008749-003/2024(H5N1)	659	2011
PB1|PP755595.1|A/cattle/Texas/24-008749-003/2024(H5N1)	660	2011
PB1|PP755595.1|A/cattle/Texas/24-008749-003/2024(H5N1)	661	2011
PB1|PP755595.1|A/cattle/Texas/24-008749-003/2024(H5N1)	662	2001
PB1|PP755595.1|A/cattle/Texas/24-008749-003/2024(H5N1)	663	1994
PB1|PP755595.1|A/cattle/Texas/24-008749-003/2024(H5N1)	664	1955
PB1|PP755595.1|A/cattle/Texas/24-008749-003/2024(H5N1)	665	2105
PB1|PP755595.1|A/cattle/Texas/24-008749-003/2024(H5N1)	666	2109
PB1|PP755595.1|A/cattle/Texas/24-008749-003/2024(H5N1)	667	2142
PB1|PP755595.1|A/cattle/Texas/24-008749-003/2024(H5N1)	668	2136
PB1|PP755595.1|A/cattle/Texas/24-008749-003/2024(H5N1)	669	2138
PB1|PP755595.1|A/cattle/Texas/24-008749-003/2024(H5N1)	670	2116
PB1|PP755595.1|A/cattle/Texas/24-008749-003/2024(H5N1)	671	2053
PB1|PP755595.1|A/cattle/Texas/24-008749-003/2024(H5N1)	672	2053
PB1|PP755595.1|A/cattle/Texas/24-008749-003/2024(H5N1)	673	2042
PB1|PP755595.1|A/cattle/Texas/24-008749-003/2024(H5N1)	674	2041
PB1|PP755595.1|A/cattle/Texas/24-008749-003/2024(H5N1)	675	2035
PB1|PP755595.1|A/cattle/Texas/24-008749-003/2024(H5N1)	676	2132
PB1|PP755595.1|A/cattle/Texas/24-008749-003/2024(H5N1)	677	2124
PB1|PP755595.1|A/cattle/Texas/24-008749-003/2024(H5N1)	678	2104
PB1|PP755595.1|A/cattle/Texas/24-008749-003/2024(H5N1)	679	2109
PB1|PP755595.1|A/cattle/Texas/24-008749-003/2024(H5N1)	680	2086
PB1|PP755595.1|A/cattle/Texas/24-008749-003/2024(H5N1)	681	1960
PB1|PP755595.1|A/cattle/Texas/24-008749-003/2024(H5N1)	682	1972
PB1|PP755595.1|A/cattle/Texas/24-008749-003/2024(H5N1)	683	1973
PB1|PP755595.1|A/cattle/Texas/24-008749-003/2024(H5N1)	684	1968
PB1|PP755595.1|A/cattle/Texas/24-008749-003/2024(H5N1)	685	1968
PB1|PP755595.1|A/cattle/Texas/24-008749-003/2024(H5N1)	686	1966
PB1|PP755595.1|A/cattle/Texas/24-008749-003/2024(H5N1)	687	1963
PB1|PP755595.1|A/cattle/Texas/24-008749-003/2024(H5N1)	688	1946
PB1|PP755595.1|A/cattle/Texas/24-008749-003/2024(H5N1)	689	1936
PB1|PP755595.1|A/cattle/Texas/24-008749-003/2024(H5N1)	690	1905
PB1|PP755595.1|A/cattle/Texas/24-008749-003/2024(H5N1)	691	1902
PB1|PP755595.1|A/cattle/Texas/24-008749-003/2024(H5N1)	692	1850
PB1|PP755595.1|A/cattle/Texas/24-008749-003/2024(H5N1)	693	1850
PB1|PP755595.1|A/cattle/Texas/24-008749-003/2024(H5N1)	694	1936
PB1|PP755595.1|A/cattle/Texas/24-008749-003/2024(H5N1)	695	1949
PB1|PP755595.1|A/cattle/Texas/24-008749-003/2024(H5N1)	696	1945
PB1|PP755595.1|A/cattle/Texas/24-008749-003/2024(H5N1)	697	1942
PB1|PP755595.1|A/cattle/Texas/24-008749-003/2024(H5N1)	698	1926
PB1|PP755595.1|A/cattle/Texas/24-008749-003/2024(H5N1)	699	1901
PB1|PP755595.1|A/cattle/Texas/24-008749-003/2024(H5N1)	700	1900
PB1|PP755595.1|A/cattle/Texas/24-008749-003/2024(H5N1)	701	1891
PB1|PP755595.1|A/cattle/Texas/24-008749-003/2024(H5N1)	702	1881
PB1|PP755595.1|A/cattle/Texas/24-008749-003/2024(H5N1)	703	1878
PB1|PP755595.1|A/cattle/Texas/24-008749-003/2024(H5N1)	704	1876
PB1|PP755595.1|A/cattle/Texas/24-008749-003/2024(H5N1)	705	1874
PB1|PP755595.1|A/cattle/Texas/24-008749-003/2024(H5N1)	706	1868
PB1|PP755595.1|A/cattle/Texas/24-008749-003/2024(H5N1)	707	1857
PB1|PP755595.1|A/cattle/Texas/24-008749-003/2024(H5N1)	708	1847
PB1|PP755595.1|A/cattle/Texas/24-008749-003/2024(H5N1)	709	1869
PB1|PP755595.1|A/cattle/Texas/24-008749-003/2024(H5N1)	710	1868
PB1|PP755595.1|A/cattle/Texas/24-008749-003/2024(H5N1)	711	1861
PB1|PP755595.1|A/cattle/Texas/24-008749-003/2024(H5N1)	712	1837
PB1|PP755595.1|A/cattle/Texas/24-008749-003/2024(H5N1)	713	1832
PB1|PP755595.1|A/cattle/Texas/24-008749-003/2024(H5N1)	714	1811
PB1|PP755595.1|A/cattle/Texas/24-008749-003/2024(H5N1)	715	1796
PB1|PP755595.1|A/cattle/Texas/24-008749-003/2024(H5N1)	716	1796
PB1|PP755595.1|A/cattle/Texas/24-008749-003/2024(H5N1)	717	1788
PB1|PP755595.1|A/cattle/Texas/24-008749-003/2024(H5N1)	718	1788
PB1|PP755595.1|A/cattle/Texas/24-008749-003/2024(H5N1)	719	1693
PB1|PP755595.1|A/cattle/Texas/24-008749-003/2024(H5N1)	720	1693
PB1|PP755595.1|A/cattle/Texas/24-008749-003/2024(H5N1)	721	1732
PB1|PP755595.1|A/cattle/Texas/24-008749-003/2024(H5N1)	722	1702
PB1|PP755595.1|A/cattle/Texas/24-008749-003/2024(H5N1)	723	1709
PB1|PP755595.1|A/cattle/Texas/24-008749-003/2024(H5N1)	724	1715
PB1|PP755595.1|A/cattle/Texas/24-008749-003/2024(H5N1)	725	1679
PB1|PP755595.1|A/cattle/Texas/24-008749-003/2024(H5N1)	726	1649
PB1|PP755595.1|A/cattle/Texas/24-008749-003/2024(H5N1)	727	1583
PB1|PP755595.1|A/cattle/Texas/24-008749-003/2024(H5N1)	728	1581
PB1|PP755595.1|A/cattle/Texas/24-008749-003/2024(H5N1)	729	1580
PB1|PP755595.1|A/cattle/Texas/24-008749-003/2024(H5N1)	730	1544
PB1|PP755595.1|A/cattle/Texas/24-008749-003/2024(H5N1)	731	1487
PB1|PP755595.1|A/cattle/Texas/24-008749-003/2024(H5N1)	732	1161
PB1|PP755595.1|A/cattle/Texas/24-008749-003/2024(H5N1)	733	1159
PB1|PP755595.1|A/cattle/Texas/24-008749-003/2024(H5N1)	734	1155
PB1|PP755595.1|A/cattle/Texas/24-008749-003/2024(H5N1)	735	1155
PB1|PP755595.1|A/cattle/Texas/24-008749-003/2024(H5N1)	736	1155
PB1|PP755595.1|A/cattle/Texas/24-008749-003/2024(H5N1)	737	1155
PB1|PP755595.1|A/cattle/Texas/24-008749-003/2024(H5N1)	738	1150
PB1|PP755595.1|A/cattle/Texas/24-008749-003/2024(H5N1)	739	1145
PB1|PP755595.1|A/cattle/Texas/24-008749-003/2024(H5N1)	740	1145
PB1|PP755595.1|A/cattle/Texas/24-008749-003/2024(H5N1)	741	1145
PB1|PP755595.1|A/cattle/Texas/24-008749-003/2024(H5N1)	742	1145
PB1|PP755595.1|A/cattle/Texas/24-008749-003/2024(H5N1)	743	1145
PB1|PP755595.1|A/cattle/Texas/24-008749-003/2024(H5N1)	744	1145
PB1|PP755595.1|A/cattle/Texas/24-008749-003/2024(H5N1)	745	1459
PB1|PP755595.1|A/cattle/Texas/24-008749-003/2024(H5N1)	746	1459
PB1|PP755595.1|A/cattle/Texas/24-008749-003/2024(H5N1)	747	1459
PB1|PP755595.1|A/cattle/Texas/24-008749-003/2024(H5N1)	748	1459
PB1|PP755595.1|A/cattle/Texas/24-008749-003/2024(H5N1)	749	1459
PB1|PP755595.1|A/cattle/Texas/24-008749-003/2024(H5N1)	750	1459
PB1|PP755595.1|A/cattle/Texas/24-008749-003/2024(H5N1)	751	1610
PB1|PP755595.1|A/cattle/Texas/24-008749-003/2024(H5N1)	752	1649
PB1|PP755595.1|A/cattle/Texas/24-008749-003/2024(H5N1)	753	1656
PB1|PP755595.1|A/cattle/Texas/24-008749-003/2024(H5N1)	754	1669
PB1|PP755595.1|A/cattle/Texas/24-008749-003/2024(H5N1)	755	1677
PB1|PP755595.1|A/cattle/Texas/24-008749-003/2024(H5N1)	756	1683
PB1|PP755595.1|A/cattle/Texas/24-008749-003/2024(H5N1)	757	1683
PB1|PP755595.1|A/cattle/Texas/24-008749-003/2024(H5N1)	758	1677
PB1|PP755595.1|A/cattle/Texas/24-008749-003/2024(H5N1)	759	1661
PB1|PP755595.1|A/cattle/Texas/24-008749-003/2024(H5N1)	760	1540
PB1|PP755595.1|A/cattle/Texas/24-008749-003/2024(H5N1)	761	1538
PB1|PP755595.1|A/cattle/Texas/24-008749-003/2024(H5N1)	762	1531
PB1|PP755595.1|A/cattle/Texas/24-008749-003/2024(H5N1)	763	1527
PB1|PP755595.1|A/cattle/Texas/24-008749-003/2024(H5N1)	764	1522
PB1|PP755595.1|A/cattle/Texas/24-008749-003/2024(H5N1)	765	1506
PB1|PP755595.1|A/cattle/Texas/24-008749-003/2024(H5N1)	766	1506
PB1|PP755595.1|A/cattle/Texas/24-008749-003/2024(H5N1)	767	1506
PB1|PP755595.1|A/cattle/Texas/24-008749-003/2024(H5N1)	768	1506
PB1|PP755595.1|A/cattle/Texas/24-008749-003/2024(H5N1)	769	1506
PB1|PP755595.1|A/cattle/Texas/24-008749-003/2024(H5N1)	770	1506
PB1|PP755595.1|A/cattle/Texas/24-008749-003/2024(H5N1)	771	1501
PB1|PP755595.1|A/cattle/Texas/24-008749-003/2024(H5N1)	772	1426
PB1|PP755595.1|A/cattle/Texas/24-008749-003/2024(H5N1)	773	1426
PB1|PP755595.1|A/cattle/Texas/24-008749-003/2024(H5N1)	774	1426
PB1|PP755595.1|A/cattle/Texas/24-008749-003/2024(H5N1)	775	1593
PB1|PP755595.1|A/cattle/Texas/24-008749-003/2024(H5N1)	776	1606
PB1|PP755595.1|A/cattle/Texas/24-008749-003/2024(H5N1)	777	1611
PB1|PP755595.1|A/cattle/Texas/24-008749-003/2024(H5N1)	778	1613
PB1|PP755595.1|A/cattle/Texas/24-008749-003/2024(H5N1)	779	1620
PB1|PP755595.1|A/cattle/Texas/24-008749-003/2024(H5N1)	780	1656
PB1|PP755595.1|A/cattle/Texas/24-008749-003/2024(H5N1)	781	1656
PB1|PP755595.1|A/cattle/Texas/24-008749-003/2024(H5N1)	782	1656
PB1|PP755595.1|A/cattle/Texas/24-008749-003/2024(H5N1)	783	1580
PB1|PP755595.1|A/cattle/Texas/24-008749-003/2024(H5N1)	784	1579
PB1|PP755595.1|A/cattle/Texas/24-008749-003/2024(H5N1)	785	1575
PB1|PP755595.1|A/cattle/Texas/24-008749-003/2024(H5N1)	786	1515
PB1|PP755595.1|A/cattle/Texas/24-008749-003/2024(H5N1)	787	1536
PB1|PP755595.1|A/cattle/Texas/24-008749-003/2024(H5N1)	788	1536
PB1|PP755595.1|A/cattle/Texas/24-008749-003/2024(H5N1)	789	1536
PB1|PP755595.1|A/cattle/Texas/24-008749-003/2024(H5N1)	790	1536
PB1|PP755595.1|A/cattle/Texas/24-008749-003/2024(H5N1)	791	1536
PB1|PP755595.1|A/cattle/Texas/24-008749-003/2024(H5N1)	792	1512
PB1|PP755595.1|A/cattle/Texas/24-008749-003/2024(H5N1)	793	1565
PB1|PP755595.1|A/cattle/Texas/24-008749-003/2024(H5N1)	794	1576
PB1|PP755595.1|A/cattle/Texas/24-008749-003/2024(H5N1)	795	1576
PB1|PP755595.1|A/cattle/Texas/24-008749-003/2024(H5N1)	796	1580
PB1|PP755595.1|A/cattle/Texas/24-008749-003/2024(H5N1)	797	1580
PB1|PP755595.1|A/cattle/Texas/24-008749-003/2024(H5N1)	798	1569
PB1|PP755595.1|A/cattle/Texas/24-008749-003/2024(H5N1)	799	1569
PB1|PP755595.1|A/cattle/Texas/24-008749-003/2024(H5N1)	800	1568
PB1|PP755595.1|A/cattle/Texas/24-008749-003/2024(H5N1)	801	1510
PB1|PP755595.1|A/cattle/Texas/24-008749-003/2024(H5N1)	802	1529
PB1|PP755595.1|A/cattle/Texas/24-008749-003/2024(H5N1)	803	1600
PB1|PP755595.1|A/cattle/Texas/24-008749-003/2024(H5N1)	804	1617
PB1|PP755595.1|A/cattle/Texas/24-008749-003/2024(H5N1)	805	1622
PB1|PP755595.1|A/cattle/Texas/24-008749-003/2024(H5N1)	806	1627
PB1|PP755595.1|A/cattle/Texas/24-008749-003/2024(H5N1)	807	1625
PB1|PP755595.1|A/cattle/Texas/24-008749-003/2024(H5N1)	808	1637
PB1|PP755595.1|A/cattle/Texas/24-008749-003/2024(H5N1)	809	1637
PB1|PP755595.1|A/cattle/Texas/24-008749-003/2024(H5N1)	810	1631
PB1|PP755595.1|A/cattle/Texas/24-008749-003/2024(H5N1)	811	1608
PB1|PP755595.1|A/cattle/Texas/24-008749-003/2024(H5N1)	812	1529
PB1|PP755595.1|A/cattle/Texas/24-008749-003/2024(H5N1)	813	1509
PB1|PP755595.1|A/cattle/Texas/24-008749-003/2024(H5N1)	814	1499
PB1|PP755595.1|A/cattle/Texas/24-008749-003/2024(H5N1)	815	1555
PB1|PP755595.1|A/cattle/Texas/24-008749-003/2024(H5N1)	816	1488
PB1|PP755595.1|A/cattle/Texas/24-008749-003/2024(H5N1)	817	1540
PB1|PP755595.1|A/cattle/Texas/24-008749-003/2024(H5N1)	818	1544
PB1|PP755595.1|A/cattle/Texas/24-008749-003/2024(H5N1)	819	1548
PB1|PP755595.1|A/cattle/Texas/24-008749-003/2024(H5N1)	820	1551
PB1|PP755595.1|A/cattle/Texas/24-008749-003/2024(H5N1)	821	1618
PB1|PP755595.1|A/cattle/Texas/24-008749-003/2024(H5N1)	822	1587
PB1|PP755595.1|A/cattle/Texas/24-008749-003/2024(H5N1)	823	1546
PB1|PP755595.1|A/cattle/Texas/24-008749-003/2024(H5N1)	824	1568
PB1|PP755595.1|A/cattle/Texas/24-008749-003/2024(H5N1)	825	1567
PB1|PP755595.1|A/cattle/Texas/24-008749-003/2024(H5N1)	826	1617
PB1|PP755595.1|A/cattle/Texas/24-008749-003/2024(H5N1)	827	1632
PB1|PP755595.1|A/cattle/Texas/24-008749-003/2024(H5N1)	828	1636
PB1|PP755595.1|A/cattle/Texas/24-008749-003/2024(H5N1)	829	1643
PB1|PP755595.1|A/cattle/Texas/24-008749-003/2024(H5N1)	830	1645
PB1|PP755595.1|A/cattle/Texas/24-008749-003/2024(H5N1)	831	1594
PB1|PP755595.1|A/cattle/Texas/24-008749-003/2024(H5N1)	832	1656
PB1|PP755595.1|A/cattle/Texas/24-008749-003/2024(H5N1)	833	1656
PB1|PP755595.1|A/cattle/Texas/24-008749-003/2024(H5N1)	834	1656
PB1|PP755595.1|A/cattle/Texas/24-008749-003/2024(H5N1)	835	1676
PB1|PP755595.1|A/cattle/Texas/24-008749-003/2024(H5N1)	836	1691
PB1|PP755595.1|A/cattle/Texas/24-008749-003/2024(H5N1)	837	1689
PB1|PP755595.1|A/cattle/Texas/24-008749-003/2024(H5N1)	838	1684
PB1|PP755595.1|A/cattle/Texas/24-008749-003/2024(H5N1)	839	1673
PB1|PP755595.1|A/cattle/Texas/24-008749-003/2024(H5N1)	840	1590
PB1|PP755595.1|A/cattle/Texas/24-008749-003/2024(H5N1)	841	1597
PB1|PP755595.1|A/cattle/Texas/24-008749-003/2024(H5N1)	842	1597
PB1|PP755595.1|A/cattle/Texas/24-008749-003/2024(H5N1)	843	1597
PB1|PP755595.1|A/cattle/Texas/24-008749-003/2024(H5N1)	844	1597
PB1|PP755595.1|A/cattle/Texas/24-008749-003/2024(H5N1)	845	1600
PB1|PP755595.1|A/cattle/Texas/24-008749-003/2024(H5N1)	846	1639
PB1|PP755595.1|A/cattle/Texas/24-008749-003/2024(H5N1)	847	1785
PB1|PP755595.1|A/cattle/Texas/24-008749-003/2024(H5N1)	848	1786
PB1|PP755595.1|A/cattle/Texas/24-008749-003/2024(H5N1)	849	1791
PB1|PP755595.1|A/cattle/Texas/24-008749-003/2024(H5N1)	850	1801
PB1|PP755595.1|A/cattle/Texas/24-008749-003/2024(H5N1)	851	1802
PB1|PP755595.1|A/cattle/Texas/24-008749-003/2024(H5N1)	852	1804
PB1|PP755595.1|A/cattle/Texas/24-008749-003/2024(H5N1)	853	1807
PB1|PP755595.1|A/cattle/Texas/24-008749-003/2024(H5N1)	854	1933
PB1|PP755595.1|A/cattle/Texas/24-008749-003/2024(H5N1)	855	1935
PB1|PP755595.1|A/cattle/Texas/24-008749-003/2024(H5N1)	856	1938
PB1|PP755595.1|A/cattle/Texas/24-008749-003/2024(H5N1)	857	1938
PB1|PP755595.1|A/cattle/Texas/24-008749-003/2024(H5N1)	858	1939
PB1|PP755595.1|A/cattle/Texas/24-008749-003/2024(H5N1)	859	1939
PB1|PP755595.1|A/cattle/Texas/24-008749-003/2024(H5N1)	860	1948
PB1|PP755595.1|A/cattle/Texas/24-008749-003/2024(H5N1)	861	1966
PB1|PP755595.1|A/cattle/Texas/24-008749-003/2024(H5N1)	862	1961
PB1|PP755595.1|A/cattle/Texas/24-008749-003/2024(H5N1)	863	1960
PB1|PP755595.1|A/cattle/Texas/24-008749-003/2024(H5N1)	864	2002
PB1|PP755595.1|A/cattle/Texas/24-008749-003/2024(H5N1)	865	2011
PB1|PP755595.1|A/cattle/Texas/24-008749-003/2024(H5N1)	866	2030
PB1|PP755595.1|A/cattle/Texas/24-008749-003/2024(H5N1)	867	2032
PB1|PP755595.1|A/cattle/Texas/24-008749-003/2024(H5N1)	868	2036
PB1|PP755595.1|A/cattle/Texas/24-008749-003/2024(H5N1)	869	2041
PB1|PP755595.1|A/cattle/Texas/24-008749-003/2024(H5N1)	870	2061
PB1|PP755595.1|A/cattle/Texas/24-008749-003/2024(H5N1)	871	2158
PB1|PP755595.1|A/cattle/Texas/24-008749-003/2024(H5N1)	872	2134
PB1|PP755595.1|A/cattle/Texas/24-008749-003/2024(H5N1)	873	2133
PB1|PP755595.1|A/cattle/Texas/24-008749-003/2024(H5N1)	874	2130
PB1|PP755595.1|A/cattle/Texas/24-008749-003/2024(H5N1)	875	2115
PB1|PP755595.1|A/cattle/Texas/24-008749-003/2024(H5N1)	876	1933
PB1|PP755595.1|A/cattle/Texas/24-008749-003/2024(H5N1)	877	1986
PB1|PP755595.1|A/cattle/Texas/24-008749-003/2024(H5N1)	878	2013
PB1|PP755595.1|A/cattle/Texas/24-008749-003/2024(H5N1)	879	2146
PB1|PP755595.1|A/cattle/Texas/24-008749-003/2024(H5N1)	880	2389
PB1|PP755595.1|A/cattle/Texas/24-008749-003/2024(H5N1)	881	2392
PB1|PP755595.1|A/cattle/Texas/24-008749-003/2024(H5N1)	882	2402
PB1|PP755595.1|A/cattle/Texas/24-008749-003/2024(H5N1)	883	2414
PB1|PP755595.1|A/cattle/Texas/24-008749-003/2024(H5N1)	884	2661
PB1|PP755595.1|A/cattle/Texas/24-008749-003/2024(H5N1)	885	2663
PB1|PP755595.1|A/cattle/Texas/24-008749-003/2024(H5N1)	886	2685
PB1|PP755595.1|A/cattle/Texas/24-008749-003/2024(H5N1)	887	2687
PB1|PP755595.1|A/cattle/Texas/24-008749-003/2024(H5N1)	888	2689
PB1|PP755595.1|A/cattle/Texas/24-008749-003/2024(H5N1)	889	2795
PB1|PP755595.1|A/cattle/Texas/24-008749-003/2024(H5N1)	890	2800
PB1|PP755595.1|A/cattle/Texas/24-008749-003/2024(H5N1)	891	2815
PB1|PP755595.1|A/cattle/Texas/24-008749-003/2024(H5N1)	892	2750
PB1|PP755595.1|A/cattle/Texas/24-008749-003/2024(H5N1)	893	2683
PB1|PP755595.1|A/cattle/Texas/24-008749-003/2024(H5N1)	894	2741
PB1|PP755595.1|A/cattle/Texas/24-008749-003/2024(H5N1)	895	2734
PB1|PP755595.1|A/cattle/Texas/24-008749-003/2024(H5N1)	896	2773
PB1|PP755595.1|A/cattle/Texas/24-008749-003/2024(H5N1)	897	2635
PB1|PP755595.1|A/cattle/Texas/24-008749-003/2024(H5N1)	898	2646
PB1|PP755595.1|A/cattle/Texas/24-008749-003/2024(H5N1)	899	2647
PB1|PP755595.1|A/cattle/Texas/24-008749-003/2024(H5N1)	900	2651
PB1|PP755595.1|A/cattle/Texas/24-008749-003/2024(H5N1)	901	2651
PB1|PP755595.1|A/cattle/Texas/24-008749-003/2024(H5N1)	902	2679
PB1|PP755595.1|A/cattle/Texas/24-008749-003/2024(H5N1)	903	2660
PB1|PP755595.1|A/cattle/Texas/24-008749-003/2024(H5N1)	904	2655
PB1|PP755595.1|A/cattle/Texas/24-008749-003/2024(H5N1)	905	2629
PB1|PP755595.1|A/cattle/Texas/24-008749-003/2024(H5N1)	906	2439
PB1|PP755595.1|A/cattle/Texas/24-008749-003/2024(H5N1)	907	2456
PB1|PP755595.1|A/cattle/Texas/24-008749-003/2024(H5N1)	908	2468
PB1|PP755595.1|A/cattle/Texas/24-008749-003/2024(H5N1)	909	2468
PB1|PP755595.1|A/cattle/Texas/24-008749-003/2024(H5N1)	910	2522
PB1|PP755595.1|A/cattle/Texas/24-008749-003/2024(H5N1)	911	2528
PB1|PP755595.1|A/cattle/Texas/24-008749-003/2024(H5N1)	912	2619
PB1|PP755595.1|A/cattle/Texas/24-008749-003/2024(H5N1)	913	2635
PB1|PP755595.1|A/cattle/Texas/24-008749-003/2024(H5N1)	914	2666
PB1|PP755595.1|A/cattle/Texas/24-008749-003/2024(H5N1)	915	2669
PB1|PP755595.1|A/cattle/Texas/24-008749-003/2024(H5N1)	916	2678
PB1|PP755595.1|A/cattle/Texas/24-008749-003/2024(H5N1)	917	2704
PB1|PP755595.1|A/cattle/Texas/24-008749-003/2024(H5N1)	918	2865
PB1|PP755595.1|A/cattle/Texas/24-008749-003/2024(H5N1)	919	2871
PB1|PP755595.1|A/cattle/Texas/24-008749-003/2024(H5N1)	920	2884
PB1|PP755595.1|A/cattle/Texas/24-008749-003/2024(H5N1)	921	2885
PB1|PP755595.1|A/cattle/Texas/24-008749-003/2024(H5N1)	922	2889
PB1|PP755595.1|A/cattle/Texas/24-008749-003/2024(H5N1)	923	2902
PB1|PP755595.1|A/cattle/Texas/24-008749-003/2024(H5N1)	924	2909
PB1|PP755595.1|A/cattle/Texas/24-008749-003/2024(H5N1)	925	2910
PB1|PP755595.1|A/cattle/Texas/24-008749-003/2024(H5N1)	926	2914
PB1|PP755595.1|A/cattle/Texas/24-008749-003/2024(H5N1)	927	2946
PB1|PP755595.1|A/cattle/Texas/24-008749-003/2024(H5N1)	928	2945
PB1|PP755595.1|A/cattle/Texas/24-008749-003/2024(H5N1)	929	2943
PB1|PP755595.1|A/cattle/Texas/24-008749-003/2024(H5N1)	930	2944
PB1|PP755595.1|A/cattle/Texas/24-008749-003/2024(H5N1)	931	2918
PB1|PP755595.1|A/cattle/Texas/24-008749-003/2024(H5N1)	932	2916
PB1|PP755595.1|A/cattle/Texas/24-008749-003/2024(H5N1)	933	2934
PB1|PP755595.1|A/cattle/Texas/24-008749-003/2024(H5N1)	934	2958
PB1|PP755595.1|A/cattle/Texas/24-008749-003/2024(H5N1)	935	2957
PB1|PP755595.1|A/cattle/Texas/24-008749-003/2024(H5N1)	936	2872
PB1|PP755595.1|A/cattle/Texas/24-008749-003/2024(H5N1)	937	2873
PB1|PP755595.1|A/cattle/Texas/24-008749-003/2024(H5N1)	938	2879
PB1|PP755595.1|A/cattle/Texas/24-008749-003/2024(H5N1)	939	2904
PB1|PP755595.1|A/cattle/Texas/24-008749-003/2024(H5N1)	940	2949
PB1|PP755595.1|A/cattle/Texas/24-008749-003/2024(H5N1)	941	2960
PB1|PP755595.1|A/cattle/Texas/24-008749-003/2024(H5N1)	942	2960
PB1|PP755595.1|A/cattle/Texas/24-008749-003/2024(H5N1)	943	2979
PB1|PP755595.1|A/cattle/Texas/24-008749-003/2024(H5N1)	944	2981
PB1|PP755595.1|A/cattle/Texas/24-008749-003/2024(H5N1)	945	3003
PB1|PP755595.1|A/cattle/Texas/24-008749-003/2024(H5N1)	946	3011
PB1|PP755595.1|A/cattle/Texas/24-008749-003/2024(H5N1)	947	3021
PB1|PP755595.1|A/cattle/Texas/24-008749-003/2024(H5N1)	948	3052
PB1|PP755595.1|A/cattle/Texas/24-008749-003/2024(H5N1)	949	3061
PB1|PP755595.1|A/cattle/Texas/24-008749-003/2024(H5N1)	950	3064
PB1|PP755595.1|A/cattle/Texas/24-008749-003/2024(H5N1)	951	3092
PB1|PP755595.1|A/cattle/Texas/24-008749-003/2024(H5N1)	952	3090
PB1|PP755595.1|A/cattle/Texas/24-008749-003/2024(H5N1)	953	3105
PB1|PP755595.1|A/cattle/Texas/24-008749-003/2024(H5N1)	954	3035
PB1|PP755595.1|A/cattle/Texas/24-008749-003/2024(H5N1)	955	3052
PB1|PP755595.1|A/cattle/Texas/24-008749-003/2024(H5N1)	956	3071
PB1|PP755595.1|A/cattle/Texas/24-008749-003/2024(H5N1)	957	3086
PB1|PP755595.1|A/cattle/Texas/24-008749-003/2024(H5N1)	958	3087
PB1|PP755595.1|A/cattle/Texas/24-008749-003/2024(H5N1)	959	3078
PB1|PP755595.1|A/cattle/Texas/24-008749-003/2024(H5N1)	960	3078
PB1|PP755595.1|A/cattle/Texas/24-008749-003/2024(H5N1)	961	3082
PB1|PP755595.1|A/cattle/Texas/24-008749-003/2024(H5N1)	962	3125
PB1|PP755595.1|A/cattle/Texas/24-008749-003/2024(H5N1)	963	3166
PB1|PP755595.1|A/cattle/Texas/24-008749-003/2024(H5N1)	964	3172
PB1|PP755595.1|A/cattle/Texas/24-008749-003/2024(H5N1)	965	3172
PB1|PP755595.1|A/cattle/Texas/24-008749-003/2024(H5N1)	966	3105
PB1|PP755595.1|A/cattle/Texas/24-008749-003/2024(H5N1)	967	3101
PB1|PP755595.1|A/cattle/Texas/24-008749-003/2024(H5N1)	968	3079
PB1|PP755595.1|A/cattle/Texas/24-008749-003/2024(H5N1)	969	3078
PB1|PP755595.1|A/cattle/Texas/24-008749-003/2024(H5N1)	970	3074
PB1|PP755595.1|A/cattle/Texas/24-008749-003/2024(H5N1)	971	3008
PB1|PP755595.1|A/cattle/Texas/24-008749-003/2024(H5N1)	972	2901
PB1|PP755595.1|A/cattle/Texas/24-008749-003/2024(H5N1)	973	2822
PB1|PP755595.1|A/cattle/Texas/24-008749-003/2024(H5N1)	974	2812
PB1|PP755595.1|A/cattle/Texas/24-008749-003/2024(H5N1)	975	2795
PB1|PP755595.1|A/cattle/Texas/24-008749-003/2024(H5N1)	976	2931
PB1|PP755595.1|A/cattle/Texas/24-008749-003/2024(H5N1)	977	2931
PB1|PP755595.1|A/cattle/Texas/24-008749-003/2024(H5N1)	978	2921
PB1|PP755595.1|A/cattle/Texas/24-008749-003/2024(H5N1)	979	2917
PB1|PP755595.1|A/cattle/Texas/24-008749-003/2024(H5N1)	980	2910
PB1|PP755595.1|A/cattle/Texas/24-008749-003/2024(H5N1)	981	2843
PB1|PP755595.1|A/cattle/Texas/24-008749-003/2024(H5N1)	982	2881
PB1|PP755595.1|A/cattle/Texas/24-008749-003/2024(H5N1)	983	2882
PB1|PP755595.1|A/cattle/Texas/24-008749-003/2024(H5N1)	984	2920
PB1|PP755595.1|A/cattle/Texas/24-008749-003/2024(H5N1)	985	2917
PB1|PP755595.1|A/cattle/Texas/24-008749-003/2024(H5N1)	986	2916
PB1|PP755595.1|A/cattle/Texas/24-008749-003/2024(H5N1)	987	2913
PB1|PP755595.1|A/cattle/Texas/24-008749-003/2024(H5N1)	988	2936
PB1|PP755595.1|A/cattle/Texas/24-008749-003/2024(H5N1)	989	2929
PB1|PP755595.1|A/cattle/Texas/24-008749-003/2024(H5N1)	990	2889
PB1|PP755595.1|A/cattle/Texas/24-008749-003/2024(H5N1)	991	2895
PB1|PP755595.1|A/cattle/Texas/24-008749-003/2024(H5N1)	992	2896
PB1|PP755595.1|A/cattle/Texas/24-008749-003/2024(H5N1)	993	2895
PB1|PP755595.1|A/cattle/Texas/24-008749-003/2024(H5N1)	994	2883
PB1|PP755595.1|A/cattle/Texas/24-008749-003/2024(H5N1)	995	2867
PB1|PP755595.1|A/cattle/Texas/24-008749-003/2024(H5N1)	996	2865
PB1|PP755595.1|A/cattle/Texas/24-008749-003/2024(H5N1)	997	2793
PB1|PP755595.1|A/cattle/Texas/24-008749-003/2024(H5N1)	998	2792
PB1|PP755595.1|A/cattle/Texas/24-008749-003/2024(H5N1)	999	2754
PB1|PP755595.1|A/cattle/Texas/24-008749-003/2024(H5N1)	1000	2747
PB1|PP755595.1|A/cattle/Texas/24-008749-003/2024(H5N1)	1001	2745
PB1|PP755595.1|A/cattle/Texas/24-008749-003/2024(H5N1)	1002	2744
PB1|PP755595.1|A/cattle/Texas/24-008749-003/2024(H5N1)	1003	2929
PB1|PP755595.1|A/cattle/Texas/24-008749-003/2024(H5N1)	1004	2929
PB1|PP755595.1|A/cattle/Texas/24-008749-003/2024(H5N1)	1005	2780
PB1|PP755595.1|A/cattle/Texas/24-008749-003/2024(H5N1)	1006	2778
PB1|PP755595.1|A/cattle/Texas/24-008749-003/2024(H5N1)	1007	2778
PB1|PP755595.1|A/cattle/Texas/24-008749-003/2024(H5N1)	1008	2778
PB1|PP755595.1|A/cattle/Texas/24-008749-003/2024(H5N1)	1009	2896
PB1|PP755595.1|A/cattle/Texas/24-008749-003/2024(H5N1)	1010	2875
PB1|PP755595.1|A/cattle/Texas/24-008749-003/2024(H5N1)	1011	2870
PB1|PP755595.1|A/cattle/Texas/24-008749-003/2024(H5N1)	1012	2869
PB1|PP755595.1|A/cattle/Texas/24-008749-003/2024(H5N1)	1013	2869
PB1|PP755595.1|A/cattle/Texas/24-008749-003/2024(H5N1)	1014	2865
PB1|PP755595.1|A/cattle/Texas/24-008749-003/2024(H5N1)	1015	2886
PB1|PP755595.1|A/cattle/Texas/24-008749-003/2024(H5N1)	1016	2882
PB1|PP755595.1|A/cattle/Texas/24-008749-003/2024(H5N1)	1017	2855
PB1|PP755595.1|A/cattle/Texas/24-008749-003/2024(H5N1)	1018	2855
PB1|PP755595.1|A/cattle/Texas/24-008749-003/2024(H5N1)	1019	2851
PB1|PP755595.1|A/cattle/Texas/24-008749-003/2024(H5N1)	1020	2831
PB1|PP755595.1|A/cattle/Texas/24-008749-003/2024(H5N1)	1021	3021
PB1|PP755595.1|A/cattle/Texas/24-008749-003/2024(H5N1)	1022	2946
PB1|PP755595.1|A/cattle/Texas/24-008749-003/2024(H5N1)	1023	2944
PB1|PP755595.1|A/cattle/Texas/24-008749-003/2024(H5N1)	1024	2965
PB1|PP755595.1|A/cattle/Texas/24-008749-003/2024(H5N1)	1025	2964
PB1|PP755595.1|A/cattle/Texas/24-008749-003/2024(H5N1)	1026	2936
PB1|PP755595.1|A/cattle/Texas/24-008749-003/2024(H5N1)	1027	2926
PB1|PP755595.1|A/cattle/Texas/24-008749-003/2024(H5N1)	1028	2861
PB1|PP755595.1|A/cattle/Texas/24-008749-003/2024(H5N1)	1029	2836
PB1|PP755595.1|A/cattle/Texas/24-008749-003/2024(H5N1)	1030	2684
PB1|PP755595.1|A/cattle/Texas/24-008749-003/2024(H5N1)	1031	2506
PB1|PP755595.1|A/cattle/Texas/24-008749-003/2024(H5N1)	1032	2486
PB1|PP755595.1|A/cattle/Texas/24-008749-003/2024(H5N1)	1033	2473
PB1|PP755595.1|A/cattle/Texas/24-008749-003/2024(H5N1)	1034	2260
PB1|PP755595.1|A/cattle/Texas/24-008749-003/2024(H5N1)	1035	2252
PB1|PP755595.1|A/cattle/Texas/24-008749-003/2024(H5N1)	1036	2282
PB1|PP755595.1|A/cattle/Texas/24-008749-003/2024(H5N1)	1037	2271
PB1|PP755595.1|A/cattle/Texas/24-008749-003/2024(H5N1)	1038	2266
PB1|PP755595.1|A/cattle/Texas/24-008749-003/2024(H5N1)	1039	2264
PB1|PP755595.1|A/cattle/Texas/24-008749-003/2024(H5N1)	1040	2178
PB1|PP755595.1|A/cattle/Texas/24-008749-003/2024(H5N1)	1041	2178
PB1|PP755595.1|A/cattle/Texas/24-008749-003/2024(H5N1)	1042	2160
PB1|PP755595.1|A/cattle/Texas/24-008749-003/2024(H5N1)	1043	2154
PB1|PP755595.1|A/cattle/Texas/24-008749-003/2024(H5N1)	1044	2147
PB1|PP755595.1|A/cattle/Texas/24-008749-003/2024(H5N1)	1045	2099
PB1|PP755595.1|A/cattle/Texas/24-008749-003/2024(H5N1)	1046	2055
PB1|PP755595.1|A/cattle/Texas/24-008749-003/2024(H5N1)	1047	1816
PB1|PP755595.1|A/cattle/Texas/24-008749-003/2024(H5N1)	1048	1815
PB1|PP755595.1|A/cattle/Texas/24-008749-003/2024(H5N1)	1049	1814
PB1|PP755595.1|A/cattle/Texas/24-008749-003/2024(H5N1)	1050	1812
PB1|PP755595.1|A/cattle/Texas/24-008749-003/2024(H5N1)	1051	1808
PB1|PP755595.1|A/cattle/Texas/24-008749-003/2024(H5N1)	1052	1811
PB1|PP755595.1|A/cattle/Texas/24-008749-003/2024(H5N1)	1053	1790
PB1|PP755595.1|A/cattle/Texas/24-008749-003/2024(H5N1)	1054	1791
PB1|PP755595.1|A/cattle/Texas/24-008749-003/2024(H5N1)	1055	1791
PB1|PP755595.1|A/cattle/Texas/24-008749-003/2024(H5N1)	1056	1791
PB1|PP755595.1|A/cattle/Texas/24-008749-003/2024(H5N1)	1057	2032
PB1|PP755595.1|A/cattle/Texas/24-008749-003/2024(H5N1)	1058	2032
PB1|PP755595.1|A/cattle/Texas/24-008749-003/2024(H5N1)	1059	2031
PB1|PP755595.1|A/cattle/Texas/24-008749-003/2024(H5N1)	1060	2031
PB1|PP755595.1|A/cattle/Texas/24-008749-003/2024(H5N1)	1061	2031
PB1|PP755595.1|A/cattle/Texas/24-008749-003/2024(H5N1)	1062	2031
PB1|PP755595.1|A/cattle/Texas/24-008749-003/2024(H5N1)	1063	2275
PB1|PP755595.1|A/cattle/Texas/24-008749-003/2024(H5N1)	1064	2278
PB1|PP755595.1|A/cattle/Texas/24-008749-003/2024(H5N1)	1065	2282
PB1|PP755595.1|A/cattle/Texas/24-008749-003/2024(H5N1)	1066	2286
PB1|PP755595.1|A/cattle/Texas/24-008749-003/2024(H5N1)	1067	2286
PB1|PP755595.1|A/cattle/Texas/24-008749-003/2024(H5N1)	1068	2267
PB1|PP755595.1|A/cattle/Texas/24-008749-003/2024(H5N1)	1069	2110
PB1|PP755595.1|A/cattle/Texas/24-008749-003/2024(H5N1)	1070	2109
PB1|PP755595.1|A/cattle/Texas/24-008749-003/2024(H5N1)	1071	2096
PB1|PP755595.1|A/cattle/Texas/24-008749-003/2024(H5N1)	1072	2201
PB1|PP755595.1|A/cattle/Texas/24-008749-003/2024(H5N1)	1073	2203
PB1|PP755595.1|A/cattle/Texas/24-008749-003/2024(H5N1)	1074	2214
PB1|PP755595.1|A/cattle/Texas/24-008749-003/2024(H5N1)	1075	2215
PB1|PP755595.1|A/cattle/Texas/24-008749-003/2024(H5N1)	1076	2217
PB1|PP755595.1|A/cattle/Texas/24-008749-003/2024(H5N1)	1077	2198
PB1|PP755595.1|A/cattle/Texas/24-008749-003/2024(H5N1)	1078	2185
PB1|PP755595.1|A/cattle/Texas/24-008749-003/2024(H5N1)	1079	2182
PB1|PP755595.1|A/cattle/Texas/24-008749-003/2024(H5N1)	1080	2193
PB1|PP755595.1|A/cattle/Texas/24-008749-003/2024(H5N1)	1081	2203
PB1|PP755595.1|A/cattle/Texas/24-008749-003/2024(H5N1)	1082	2228
PB1|PP755595.1|A/cattle/Texas/24-008749-003/2024(H5N1)	1083	2208
PB1|PP755595.1|A/cattle/Texas/24-008749-003/2024(H5N1)	1084	2197
PB1|PP755595.1|A/cattle/Texas/24-008749-003/2024(H5N1)	1085	2189
PB1|PP755595.1|A/cattle/Texas/24-008749-003/2024(H5N1)	1086	2184
PB1|PP755595.1|A/cattle/Texas/24-008749-003/2024(H5N1)	1087	2180
PB1|PP755595.1|A/cattle/Texas/24-008749-003/2024(H5N1)	1088	2175
PB1|PP755595.1|A/cattle/Texas/24-008749-003/2024(H5N1)	1089	2168
PB1|PP755595.1|A/cattle/Texas/24-008749-003/2024(H5N1)	1090	2029
PB1|PP755595.1|A/cattle/Texas/24-008749-003/2024(H5N1)	1091	1997
PB1|PP755595.1|A/cattle/Texas/24-008749-003/2024(H5N1)	1092	1987
PB1|PP755595.1|A/cattle/Texas/24-008749-003/2024(H5N1)	1093	2040
PB1|PP755595.1|A/cattle/Texas/24-008749-003/2024(H5N1)	1094	2041
PB1|PP755595.1|A/cattle/Texas/24-008749-003/2024(H5N1)	1095	2050
PB1|PP755595.1|A/cattle/Texas/24-008749-003/2024(H5N1)	1096	2237
PB1|PP755595.1|A/cattle/Texas/24-008749-003/2024(H5N1)	1097	2327
PB1|PP755595.1|A/cattle/Texas/24-008749-003/2024(H5N1)	1098	2371
PB1|PP755595.1|A/cattle/Texas/24-008749-003/2024(H5N1)	1099	2400
PB1|PP755595.1|A/cattle/Texas/24-008749-003/2024(H5N1)	1100	2481
PB1|PP755595.1|A/cattle/Texas/24-008749-003/2024(H5N1)	1101	2485
PB1|PP755595.1|A/cattle/Texas/24-008749-003/2024(H5N1)	1102	2464
PB1|PP755595.1|A/cattle/Texas/24-008749-003/2024(H5N1)	1103	2523
PB1|PP755595.1|A/cattle/Texas/24-008749-003/2024(H5N1)	1104	2510
PB1|PP755595.1|A/cattle/Texas/24-008749-003/2024(H5N1)	1105	2510
PB1|PP755595.1|A/cattle/Texas/24-008749-003/2024(H5N1)	1106	2459
PB1|PP755595.1|A/cattle/Texas/24-008749-003/2024(H5N1)	1107	2425
PB1|PP755595.1|A/cattle/Texas/24-008749-003/2024(H5N1)	1108	2456
PB1|PP755595.1|A/cattle/Texas/24-008749-003/2024(H5N1)	1109	2460
PB1|PP755595.1|A/cattle/Texas/24-008749-003/2024(H5N1)	1110	2460
PB1|PP755595.1|A/cattle/Texas/24-008749-003/2024(H5N1)	1111	2460
PB1|PP755595.1|A/cattle/Texas/24-008749-003/2024(H5N1)	1112	2460
PB1|PP755595.1|A/cattle/Texas/24-008749-003/2024(H5N1)	1113	2416
PB1|PP755595.1|A/cattle/Texas/24-008749-003/2024(H5N1)	1114	2370
PB1|PP755595.1|A/cattle/Texas/24-008749-003/2024(H5N1)	1115	2337
PB1|PP755595.1|A/cattle/Texas/24-008749-003/2024(H5N1)	1116	2331
PB1|PP755595.1|A/cattle/Texas/24-008749-003/2024(H5N1)	1117	2296
PB1|PP755595.1|A/cattle/Texas/24-008749-003/2024(H5N1)	1118	2283
PB1|PP755595.1|A/cattle/Texas/24-008749-003/2024(H5N1)	1119	1808
PB1|PP755595.1|A/cattle/Texas/24-008749-003/2024(H5N1)	1120	1808
PB1|PP755595.1|A/cattle/Texas/24-008749-003/2024(H5N1)	1121	1807
PB1|PP755595.1|A/cattle/Texas/24-008749-003/2024(H5N1)	1122	1803
PB1|PP755595.1|A/cattle/Texas/24-008749-003/2024(H5N1)	1123	1803
PB1|PP755595.1|A/cattle/Texas/24-008749-003/2024(H5N1)	1124	1803
PB1|PP755595.1|A/cattle/Texas/24-008749-003/2024(H5N1)	1125	1803
PB1|PP755595.1|A/cattle/Texas/24-008749-003/2024(H5N1)	1126	1803
PB1|PP755595.1|A/cattle/Texas/24-008749-003/2024(H5N1)	1127	1803
PB1|PP755595.1|A/cattle/Texas/24-008749-003/2024(H5N1)	1128	1803
PB1|PP755595.1|A/cattle/Texas/24-008749-003/2024(H5N1)	1129	1803
PB1|PP755595.1|A/cattle/Texas/24-008749-003/2024(H5N1)	1130	1803
PB1|PP755595.1|A/cattle/Texas/24-008749-003/2024(H5N1)	1131	1802
PB1|PP755595.1|A/cattle/Texas/24-008749-003/2024(H5N1)	1132	1803
PB1|PP755595.1|A/cattle/Texas/24-008749-003/2024(H5N1)	1133	1803
PB1|PP755595.1|A/cattle/Texas/24-008749-003/2024(H5N1)	1134	1807
PB1|PP755595.1|A/cattle/Texas/24-008749-003/2024(H5N1)	1135	2644
PB1|PP755595.1|A/cattle/Texas/24-008749-003/2024(H5N1)	1136	2646
PB1|PP755595.1|A/cattle/Texas/24-008749-003/2024(H5N1)	1137	2662
PB1|PP755595.1|A/cattle/Texas/24-008749-003/2024(H5N1)	1138	2679
PB1|PP755595.1|A/cattle/Texas/24-008749-003/2024(H5N1)	1139	2699
PB1|PP755595.1|A/cattle/Texas/24-008749-003/2024(H5N1)	1140	2711
PB1|PP755595.1|A/cattle/Texas/24-008749-003/2024(H5N1)	1141	2713
PB1|PP755595.1|A/cattle/Texas/24-008749-003/2024(H5N1)	1142	2715
PB1|PP755595.1|A/cattle/Texas/24-008749-003/2024(H5N1)	1143	2726
PB1|PP755595.1|A/cattle/Texas/24-008749-003/2024(H5N1)	1144	2726
PB1|PP755595.1|A/cattle/Texas/24-008749-003/2024(H5N1)	1145	2747
PB1|PP755595.1|A/cattle/Texas/24-008749-003/2024(H5N1)	1146	2750
PB1|PP755595.1|A/cattle/Texas/24-008749-003/2024(H5N1)	1147	2762
PB1|PP755595.1|A/cattle/Texas/24-008749-003/2024(H5N1)	1148	2765
PB1|PP755595.1|A/cattle/Texas/24-008749-003/2024(H5N1)	1149	2773
PB1|PP755595.1|A/cattle/Texas/24-008749-003/2024(H5N1)	1150	2775
PB1|PP755595.1|A/cattle/Texas/24-008749-003/2024(H5N1)	1151	2804
PB1|PP755595.1|A/cattle/Texas/24-008749-003/2024(H5N1)	1152	2804
PB1|PP755595.1|A/cattle/Texas/24-008749-003/2024(H5N1)	1153	2812
PB1|PP755595.1|A/cattle/Texas/24-008749-003/2024(H5N1)	1154	2819
PB1|PP755595.1|A/cattle/Texas/24-008749-003/2024(H5N1)	1155	2815
PB1|PP755595.1|A/cattle/Texas/24-008749-003/2024(H5N1)	1156	2809
PB1|PP755595.1|A/cattle/Texas/24-008749-003/2024(H5N1)	1157	2740
PB1|PP755595.1|A/cattle/Texas/24-008749-003/2024(H5N1)	1158	2776
PB1|PP755595.1|A/cattle/Texas/24-008749-003/2024(H5N1)	1159	2784
PB1|PP755595.1|A/cattle/Texas/24-008749-003/2024(H5N1)	1160	2786
PB1|PP755595.1|A/cattle/Texas/24-008749-003/2024(H5N1)	1161	2790
PB1|PP755595.1|A/cattle/Texas/24-008749-003/2024(H5N1)	1162	2806
PB1|PP755595.1|A/cattle/Texas/24-008749-003/2024(H5N1)	1163	2813
PB1|PP755595.1|A/cattle/Texas/24-008749-003/2024(H5N1)	1164	2729
PB1|PP755595.1|A/cattle/Texas/24-008749-003/2024(H5N1)	1165	2726
PB1|PP755595.1|A/cattle/Texas/24-008749-003/2024(H5N1)	1166	2724
PB1|PP755595.1|A/cattle/Texas/24-008749-003/2024(H5N1)	1167	2385
PB1|PP755595.1|A/cattle/Texas/24-008749-003/2024(H5N1)	1168	2385
PB1|PP755595.1|A/cattle/Texas/24-008749-003/2024(H5N1)	1169	2385
PB1|PP755595.1|A/cattle/Texas/24-008749-003/2024(H5N1)	1170	2382
PB1|PP755595.1|A/cattle/Texas/24-008749-003/2024(H5N1)	1171	2395
PB1|PP755595.1|A/cattle/Texas/24-008749-003/2024(H5N1)	1172	2417
PB1|PP755595.1|A/cattle/Texas/24-008749-003/2024(H5N1)	1173	2438
PB1|PP755595.1|A/cattle/Texas/24-008749-003/2024(H5N1)	1174	2525
PB1|PP755595.1|A/cattle/Texas/24-008749-003/2024(H5N1)	1175	2525
PB1|PP755595.1|A/cattle/Texas/24-008749-003/2024(H5N1)	1176	2530
PB1|PP755595.1|A/cattle/Texas/24-008749-003/2024(H5N1)	1177	2530
PB1|PP755595.1|A/cattle/Texas/24-008749-003/2024(H5N1)	1178	2568
PB1|PP755595.1|A/cattle/Texas/24-008749-003/2024(H5N1)	1179	2588
PB1|PP755595.1|A/cattle/Texas/24-008749-003/2024(H5N1)	1180	2699
PB1|PP755595.1|A/cattle/Texas/24-008749-003/2024(H5N1)	1181	2725
PB1|PP755595.1|A/cattle/Texas/24-008749-003/2024(H5N1)	1182	2728
PB1|PP755595.1|A/cattle/Texas/24-008749-003/2024(H5N1)	1183	2917
PB1|PP755595.1|A/cattle/Texas/24-008749-003/2024(H5N1)	1184	2930
PB1|PP755595.1|A/cattle/Texas/24-008749-003/2024(H5N1)	1185	2979
PB1|PP755595.1|A/cattle/Texas/24-008749-003/2024(H5N1)	1186	3047
PB1|PP755595.1|A/cattle/Texas/24-008749-003/2024(H5N1)	1187	3050
PB1|PP755595.1|A/cattle/Texas/24-008749-003/2024(H5N1)	1188	3073
PB1|PP755595.1|A/cattle/Texas/24-008749-003/2024(H5N1)	1189	3080
PB1|PP755595.1|A/cattle/Texas/24-008749-003/2024(H5N1)	1190	3086
PB1|PP755595.1|A/cattle/Texas/24-008749-003/2024(H5N1)	1191	3128
PB1|PP755595.1|A/cattle/Texas/24-008749-003/2024(H5N1)	1192	3128
PB1|PP755595.1|A/cattle/Texas/24-008749-003/2024(H5N1)	1193	3079
PB1|PP755595.1|A/cattle/Texas/24-008749-003/2024(H5N1)	1194	3075
PB1|PP755595.1|A/cattle/Texas/24-008749-003/2024(H5N1)	1195	3047
PB1|PP755595.1|A/cattle/Texas/24-008749-003/2024(H5N1)	1196	3047
PB1|PP755595.1|A/cattle/Texas/24-008749-003/2024(H5N1)	1197	2920
PB1|PP755595.1|A/cattle/Texas/24-008749-003/2024(H5N1)	1198	2921
PB1|PP755595.1|A/cattle/Texas/24-008749-003/2024(H5N1)	1199	2926
PB1|PP755595.1|A/cattle/Texas/24-008749-003/2024(H5N1)	1200	2926
PB1|PP755595.1|A/cattle/Texas/24-008749-003/2024(H5N1)	1201	3211
PB1|PP755595.1|A/cattle/Texas/24-008749-003/2024(H5N1)	1202	3225
PB1|PP755595.1|A/cattle/Texas/24-008749-003/2024(H5N1)	1203	3250
PB1|PP755595.1|A/cattle/Texas/24-008749-003/2024(H5N1)	1204	3254
PB1|PP755595.1|A/cattle/Texas/24-008749-003/2024(H5N1)	1205	3322
PB1|PP755595.1|A/cattle/Texas/24-008749-003/2024(H5N1)	1206	3345
PB1|PP755595.1|A/cattle/Texas/24-008749-003/2024(H5N1)	1207	3389
PB1|PP755595.1|A/cattle/Texas/24-008749-003/2024(H5N1)	1208	3383
PB1|PP755595.1|A/cattle/Texas/24-008749-003/2024(H5N1)	1209	3125
PB1|PP755595.1|A/cattle/Texas/24-008749-003/2024(H5N1)	1210	3126
PB1|PP755595.1|A/cattle/Texas/24-008749-003/2024(H5N1)	1211	3300
PB1|PP755595.1|A/cattle/Texas/24-008749-003/2024(H5N1)	1212	3305
PB1|PP755595.1|A/cattle/Texas/24-008749-003/2024(H5N1)	1213	3333
PB1|PP755595.1|A/cattle/Texas/24-008749-003/2024(H5N1)	1214	3350
PB1|PP755595.1|A/cattle/Texas/24-008749-003/2024(H5N1)	1215	3359
PB1|PP755595.1|A/cattle/Texas/24-008749-003/2024(H5N1)	1216	3385
PB1|PP755595.1|A/cattle/Texas/24-008749-003/2024(H5N1)	1217	3414
PB1|PP755595.1|A/cattle/Texas/24-008749-003/2024(H5N1)	1218	3418
PB1|PP755595.1|A/cattle/Texas/24-008749-003/2024(H5N1)	1219	3422
PB1|PP755595.1|A/cattle/Texas/24-008749-003/2024(H5N1)	1220	3381
PB1|PP755595.1|A/cattle/Texas/24-008749-003/2024(H5N1)	1221	3410
PB1|PP755595.1|A/cattle/Texas/24-008749-003/2024(H5N1)	1222	3429
PB1|PP755595.1|A/cattle/Texas/24-008749-003/2024(H5N1)	1223	3437
PB1|PP755595.1|A/cattle/Texas/24-008749-003/2024(H5N1)	1224	3436
PB1|PP755595.1|A/cattle/Texas/24-008749-003/2024(H5N1)	1225	3422
PB1|PP755595.1|A/cattle/Texas/24-008749-003/2024(H5N1)	1226	3412
PB1|PP755595.1|A/cattle/Texas/24-008749-003/2024(H5N1)	1227	3409
PB1|PP755595.1|A/cattle/Texas/24-008749-003/2024(H5N1)	1228	3446
PB1|PP755595.1|A/cattle/Texas/24-008749-003/2024(H5N1)	1229	3474
PB1|PP755595.1|A/cattle/Texas/24-008749-003/2024(H5N1)	1230	3468
PB1|PP755595.1|A/cattle/Texas/24-008749-003/2024(H5N1)	1231	3482
PB1|PP755595.1|A/cattle/Texas/24-008749-003/2024(H5N1)	1232	3484
PB1|PP755595.1|A/cattle/Texas/24-008749-003/2024(H5N1)	1233	3527
PB1|PP755595.1|A/cattle/Texas/24-008749-003/2024(H5N1)	1234	3560
PB1|PP755595.1|A/cattle/Texas/24-008749-003/2024(H5N1)	1235	3596
PB1|PP755595.1|A/cattle/Texas/24-008749-003/2024(H5N1)	1236	3604
PB1|PP755595.1|A/cattle/Texas/24-008749-003/2024(H5N1)	1237	3575
PB1|PP755595.1|A/cattle/Texas/24-008749-003/2024(H5N1)	1238	3551
PB1|PP755595.1|A/cattle/Texas/24-008749-003/2024(H5N1)	1239	3537
PB1|PP755595.1|A/cattle/Texas/24-008749-003/2024(H5N1)	1240	3542
PB1|PP755595.1|A/cattle/Texas/24-008749-003/2024(H5N1)	1241	3539
PB1|PP755595.1|A/cattle/Texas/24-008749-003/2024(H5N1)	1242	3538
PB1|PP755595.1|A/cattle/Texas/24-008749-003/2024(H5N1)	1243	3604
PB1|PP755595.1|A/cattle/Texas/24-008749-003/2024(H5N1)	1244	3548
PB1|PP755595.1|A/cattle/Texas/24-008749-003/2024(H5N1)	1245	3600
PB1|PP755595.1|A/cattle/Texas/24-008749-003/2024(H5N1)	1246	3638
PB1|PP755595.1|A/cattle/Texas/24-008749-003/2024(H5N1)	1247	3806
PB1|PP755595.1|A/cattle/Texas/24-008749-003/2024(H5N1)	1248	3722
PB1|PP755595.1|A/cattle/Texas/24-008749-003/2024(H5N1)	1249	3672
PB1|PP755595.1|A/cattle/Texas/24-008749-003/2024(H5N1)	1250	3644
PB1|PP755595.1|A/cattle/Texas/24-008749-003/2024(H5N1)	1251	3539
PB1|PP755595.1|A/cattle/Texas/24-008749-003/2024(H5N1)	1252	3534
PB1|PP755595.1|A/cattle/Texas/24-008749-003/2024(H5N1)	1253	3520
PB1|PP755595.1|A/cattle/Texas/24-008749-003/2024(H5N1)	1254	2766
PB1|PP755595.1|A/cattle/Texas/24-008749-003/2024(H5N1)	1255	2759
PB1|PP755595.1|A/cattle/Texas/24-008749-003/2024(H5N1)	1256	2866
PB1|PP755595.1|A/cattle/Texas/24-008749-003/2024(H5N1)	1257	2866
PB1|PP755595.1|A/cattle/Texas/24-008749-003/2024(H5N1)	1258	3489
PB1|PP755595.1|A/cattle/Texas/24-008749-003/2024(H5N1)	1259	3507
PB1|PP755595.1|A/cattle/Texas/24-008749-003/2024(H5N1)	1260	3506
PB1|PP755595.1|A/cattle/Texas/24-008749-003/2024(H5N1)	1261	3509
PB1|PP755595.1|A/cattle/Texas/24-008749-003/2024(H5N1)	1262	3519
PB1|PP755595.1|A/cattle/Texas/24-008749-003/2024(H5N1)	1263	3519
PB1|PP755595.1|A/cattle/Texas/24-008749-003/2024(H5N1)	1264	3579
PB1|PP755595.1|A/cattle/Texas/24-008749-003/2024(H5N1)	1265	3577
PB1|PP755595.1|A/cattle/Texas/24-008749-003/2024(H5N1)	1266	3577
PB1|PP755595.1|A/cattle/Texas/24-008749-003/2024(H5N1)	1267	3595
PB1|PP755595.1|A/cattle/Texas/24-008749-003/2024(H5N1)	1268	3605
PB1|PP755595.1|A/cattle/Texas/24-008749-003/2024(H5N1)	1269	3628
PB1|PP755595.1|A/cattle/Texas/24-008749-003/2024(H5N1)	1270	3646
PB1|PP755595.1|A/cattle/Texas/24-008749-003/2024(H5N1)	1271	3648
PB1|PP755595.1|A/cattle/Texas/24-008749-003/2024(H5N1)	1272	3658
PB1|PP755595.1|A/cattle/Texas/24-008749-003/2024(H5N1)	1273	3660
PB1|PP755595.1|A/cattle/Texas/24-008749-003/2024(H5N1)	1274	3696
PB1|PP755595.1|A/cattle/Texas/24-008749-003/2024(H5N1)	1275	3697
PB1|PP755595.1|A/cattle/Texas/24-008749-003/2024(H5N1)	1276	3634
PB1|PP755595.1|A/cattle/Texas/24-008749-003/2024(H5N1)	1277	3625
PB1|PP755595.1|A/cattle/Texas/24-008749-003/2024(H5N1)	1278	3611
PB1|PP755595.1|A/cattle/Texas/24-008749-003/2024(H5N1)	1279	3622
PB1|PP755595.1|A/cattle/Texas/24-008749-003/2024(H5N1)	1280	3721
PB1|PP755595.1|A/cattle/Texas/24-008749-003/2024(H5N1)	1281	3694
PB1|PP755595.1|A/cattle/Texas/24-008749-003/2024(H5N1)	1282	3688
PB1|PP755595.1|A/cattle/Texas/24-008749-003/2024(H5N1)	1283	3689
PB1|PP755595.1|A/cattle/Texas/24-008749-003/2024(H5N1)	1284	3692
PB1|PP755595.1|A/cattle/Texas/24-008749-003/2024(H5N1)	1285	3700
PB1|PP755595.1|A/cattle/Texas/24-008749-003/2024(H5N1)	1286	3688
PB1|PP755595.1|A/cattle/Texas/24-008749-003/2024(H5N1)	1287	3716
PB1|PP755595.1|A/cattle/Texas/24-008749-003/2024(H5N1)	1288	3713
PB1|PP755595.1|A/cattle/Texas/24-008749-003/2024(H5N1)	1289	3701
PB1|PP755595.1|A/cattle/Texas/24-008749-003/2024(H5N1)	1290	3691
PB1|PP755595.1|A/cattle/Texas/24-008749-003/2024(H5N1)	1291	3692
PB1|PP755595.1|A/cattle/Texas/24-008749-003/2024(H5N1)	1292	3691
PB1|PP755595.1|A/cattle/Texas/24-008749-003/2024(H5N1)	1293	3741
PB1|PP755595.1|A/cattle/Texas/24-008749-003/2024(H5N1)	1294	3733
PB1|PP755595.1|A/cattle/Texas/24-008749-003/2024(H5N1)	1295	3748
PB1|PP755595.1|A/cattle/Texas/24-008749-003/2024(H5N1)	1296	3727
PB1|PP755595.1|A/cattle/Texas/24-008749-003/2024(H5N1)	1297	3724
PB1|PP755595.1|A/cattle/Texas/24-008749-003/2024(H5N1)	1298	3723
PB1|PP755595.1|A/cattle/Texas/24-008749-003/2024(H5N1)	1299	3722
PB1|PP755595.1|A/cattle/Texas/24-008749-003/2024(H5N1)	1300	3829
PB1|PP755595.1|A/cattle/Texas/24-008749-003/2024(H5N1)	1301	3909
PB1|PP755595.1|A/cattle/Texas/24-008749-003/2024(H5N1)	1302	3883
PB1|PP755595.1|A/cattle/Texas/24-008749-003/2024(H5N1)	1303	3902
PB1|PP755595.1|A/cattle/Texas/24-008749-003/2024(H5N1)	1304	3901
PB1|PP755595.1|A/cattle/Texas/24-008749-003/2024(H5N1)	1305	3925
PB1|PP755595.1|A/cattle/Texas/24-008749-003/2024(H5N1)	1306	3973
PB1|PP755595.1|A/cattle/Texas/24-008749-003/2024(H5N1)	1307	3967
PB1|PP755595.1|A/cattle/Texas/24-008749-003/2024(H5N1)	1308	4020
PB1|PP755595.1|A/cattle/Texas/24-008749-003/2024(H5N1)	1309	3899
PB1|PP755595.1|A/cattle/Texas/24-008749-003/2024(H5N1)	1310	3920
PB1|PP755595.1|A/cattle/Texas/24-008749-003/2024(H5N1)	1311	3936
PB1|PP755595.1|A/cattle/Texas/24-008749-003/2024(H5N1)	1312	3921
PB1|PP755595.1|A/cattle/Texas/24-008749-003/2024(H5N1)	1313	3929
PB1|PP755595.1|A/cattle/Texas/24-008749-003/2024(H5N1)	1314	3926
PB1|PP755595.1|A/cattle/Texas/24-008749-003/2024(H5N1)	1315	3934
PB1|PP755595.1|A/cattle/Texas/24-008749-003/2024(H5N1)	1316	3973
PB1|PP755595.1|A/cattle/Texas/24-008749-003/2024(H5N1)	1317	3924
PB1|PP755595.1|A/cattle/Texas/24-008749-003/2024(H5N1)	1318	3934
PB1|PP755595.1|A/cattle/Texas/24-008749-003/2024(H5N1)	1319	3913
PB1|PP755595.1|A/cattle/Texas/24-008749-003/2024(H5N1)	1320	3912
PB1|PP755595.1|A/cattle/Texas/24-008749-003/2024(H5N1)	1321	4030
PB1|PP755595.1|A/cattle/Texas/24-008749-003/2024(H5N1)	1322	4012
PB1|PP755595.1|A/cattle/Texas/24-008749-003/2024(H5N1)	1323	3970
PB1|PP755595.1|A/cattle/Texas/24-008749-003/2024(H5N1)	1324	3973
PB1|PP755595.1|A/cattle/Texas/24-008749-003/2024(H5N1)	1325	3973
PB1|PP755595.1|A/cattle/Texas/24-008749-003/2024(H5N1)	1326	3978
PB1|PP755595.1|A/cattle/Texas/24-008749-003/2024(H5N1)	1327	3969
PB1|PP755595.1|A/cattle/Texas/24-008749-003/2024(H5N1)	1328	3926
PB1|PP755595.1|A/cattle/Texas/24-008749-003/2024(H5N1)	1329	3896
PB1|PP755595.1|A/cattle/Texas/24-008749-003/2024(H5N1)	1330	3788
PB1|PP755595.1|A/cattle/Texas/24-008749-003/2024(H5N1)	1331	3650
PB1|PP755595.1|A/cattle/Texas/24-008749-003/2024(H5N1)	1332	3627
PB1|PP755595.1|A/cattle/Texas/24-008749-003/2024(H5N1)	1333	3625
PB1|PP755595.1|A/cattle/Texas/24-008749-003/2024(H5N1)	1334	3625
PB1|PP755595.1|A/cattle/Texas/24-008749-003/2024(H5N1)	1335	3613
PB1|PP755595.1|A/cattle/Texas/24-008749-003/2024(H5N1)	1336	3564
PB1|PP755595.1|A/cattle/Texas/24-008749-003/2024(H5N1)	1337	3512
PB1|PP755595.1|A/cattle/Texas/24-008749-003/2024(H5N1)	1338	2828
PB1|PP755595.1|A/cattle/Texas/24-008749-003/2024(H5N1)	1339	2816
PB1|PP755595.1|A/cattle/Texas/24-008749-003/2024(H5N1)	1340	2809
PB1|PP755595.1|A/cattle/Texas/24-008749-003/2024(H5N1)	1341	2767
PB1|PP755595.1|A/cattle/Texas/24-008749-003/2024(H5N1)	1342	2767
PB1|PP755595.1|A/cattle/Texas/24-008749-003/2024(H5N1)	1343	2767
PB1|PP755595.1|A/cattle/Texas/24-008749-003/2024(H5N1)	1344	2765
PB1|PP755595.1|A/cattle/Texas/24-008749-003/2024(H5N1)	1345	2794
PB1|PP755595.1|A/cattle/Texas/24-008749-003/2024(H5N1)	1346	2793
PB1|PP755595.1|A/cattle/Texas/24-008749-003/2024(H5N1)	1347	2925
PB1|PP755595.1|A/cattle/Texas/24-008749-003/2024(H5N1)	1348	2925
PB1|PP755595.1|A/cattle/Texas/24-008749-003/2024(H5N1)	1349	2924
PB1|PP755595.1|A/cattle/Texas/24-008749-003/2024(H5N1)	1350	2922
PB1|PP755595.1|A/cattle/Texas/24-008749-003/2024(H5N1)	1351	2926
PB1|PP755595.1|A/cattle/Texas/24-008749-003/2024(H5N1)	1352	2980
PB1|PP755595.1|A/cattle/Texas/24-008749-003/2024(H5N1)	1353	2980
PB1|PP755595.1|A/cattle/Texas/24-008749-003/2024(H5N1)	1354	2990
PB1|PP755595.1|A/cattle/Texas/24-008749-003/2024(H5N1)	1355	2990
PB1|PP755595.1|A/cattle/Texas/24-008749-003/2024(H5N1)	1356	2991
PB1|PP755595.1|A/cattle/Texas/24-008749-003/2024(H5N1)	1357	2996
PB1|PP755595.1|A/cattle/Texas/24-008749-003/2024(H5N1)	1358	2994
PB1|PP755595.1|A/cattle/Texas/24-008749-003/2024(H5N1)	1359	2994
PB1|PP755595.1|A/cattle/Texas/24-008749-003/2024(H5N1)	1360	2997
PB1|PP755595.1|A/cattle/Texas/24-008749-003/2024(H5N1)	1361	2997
PB1|PP755595.1|A/cattle/Texas/24-008749-003/2024(H5N1)	1362	3001
PB1|PP755595.1|A/cattle/Texas/24-008749-003/2024(H5N1)	1363	3317
PB1|PP755595.1|A/cattle/Texas/24-008749-003/2024(H5N1)	1364	3335
PB1|PP755595.1|A/cattle/Texas/24-008749-003/2024(H5N1)	1365	3370
PB1|PP755595.1|A/cattle/Texas/24-008749-003/2024(H5N1)	1366	3378
PB1|PP755595.1|A/cattle/Texas/24-008749-003/2024(H5N1)	1367	3382
PB1|PP755595.1|A/cattle/Texas/24-008749-003/2024(H5N1)	1368	3389
PB1|PP755595.1|A/cattle/Texas/24-008749-003/2024(H5N1)	1369	3397
PB1|PP755595.1|A/cattle/Texas/24-008749-003/2024(H5N1)	1370	3424
PB1|PP755595.1|A/cattle/Texas/24-008749-003/2024(H5N1)	1371	3445
PB1|PP755595.1|A/cattle/Texas/24-008749-003/2024(H5N1)	1372	3567
PB1|PP755595.1|A/cattle/Texas/24-008749-003/2024(H5N1)	1373	3600
PB1|PP755595.1|A/cattle/Texas/24-008749-003/2024(H5N1)	1374	3597
PB1|PP755595.1|A/cattle/Texas/24-008749-003/2024(H5N1)	1375	3790
PB1|PP755595.1|A/cattle/Texas/24-008749-003/2024(H5N1)	1376	3789
PB1|PP755595.1|A/cattle/Texas/24-008749-003/2024(H5N1)	1377	3796
PB1|PP755595.1|A/cattle/Texas/24-008749-003/2024(H5N1)	1378	3762
PB1|PP755595.1|A/cattle/Texas/24-008749-003/2024(H5N1)	1379	3774
PB1|PP755595.1|A/cattle/Texas/24-008749-003/2024(H5N1)	1380	3770
PB1|PP755595.1|A/cattle/Texas/24-008749-003/2024(H5N1)	1381	3770
PB1|PP755595.1|A/cattle/Texas/24-008749-003/2024(H5N1)	1382	3795
PB1|PP755595.1|A/cattle/Texas/24-008749-003/2024(H5N1)	1383	3768
PB1|PP755595.1|A/cattle/Texas/24-008749-003/2024(H5N1)	1384	3784
PB1|PP755595.1|A/cattle/Texas/24-008749-003/2024(H5N1)	1385	3784
PB1|PP755595.1|A/cattle/Texas/24-008749-003/2024(H5N1)	1386	3734
PB1|PP755595.1|A/cattle/Texas/24-008749-003/2024(H5N1)	1387	3724
PB1|PP755595.1|A/cattle/Texas/24-008749-003/2024(H5N1)	1388	3692
PB1|PP755595.1|A/cattle/Texas/24-008749-003/2024(H5N1)	1389	3183
PB1|PP755595.1|A/cattle/Texas/24-008749-003/2024(H5N1)	1390	3204
PB1|PP755595.1|A/cattle/Texas/24-008749-003/2024(H5N1)	1391	3181
PB1|PP755595.1|A/cattle/Texas/24-008749-003/2024(H5N1)	1392	3181
PB1|PP755595.1|A/cattle/Texas/24-008749-003/2024(H5N1)	1393	3189
PB1|PP755595.1|A/cattle/Texas/24-008749-003/2024(H5N1)	1394	3221
PB1|PP755595.1|A/cattle/Texas/24-008749-003/2024(H5N1)	1395	3521
PB1|PP755595.1|A/cattle/Texas/24-008749-003/2024(H5N1)	1396	3772
PB1|PP755595.1|A/cattle/Texas/24-008749-003/2024(H5N1)	1397	3784
PB1|PP755595.1|A/cattle/Texas/24-008749-003/2024(H5N1)	1398	3963
PB1|PP755595.1|A/cattle/Texas/24-008749-003/2024(H5N1)	1399	3970
PB1|PP755595.1|A/cattle/Texas/24-008749-003/2024(H5N1)	1400	3973
PB1|PP755595.1|A/cattle/Texas/24-008749-003/2024(H5N1)	1401	3972
PB1|PP755595.1|A/cattle/Texas/24-008749-003/2024(H5N1)	1402	3961
PB1|PP755595.1|A/cattle/Texas/24-008749-003/2024(H5N1)	1403	3703
PB1|PP755595.1|A/cattle/Texas/24-008749-003/2024(H5N1)	1404	3476
PB1|PP755595.1|A/cattle/Texas/24-008749-003/2024(H5N1)	1405	3493
PB1|PP755595.1|A/cattle/Texas/24-008749-003/2024(H5N1)	1406	3618
PB1|PP755595.1|A/cattle/Texas/24-008749-003/2024(H5N1)	1407	3503
PB1|PP755595.1|A/cattle/Texas/24-008749-003/2024(H5N1)	1408	3486
PB1|PP755595.1|A/cattle/Texas/24-008749-003/2024(H5N1)	1409	3504
PB1|PP755595.1|A/cattle/Texas/24-008749-003/2024(H5N1)	1410	3539
PB1|PP755595.1|A/cattle/Texas/24-008749-003/2024(H5N1)	1411	3541
PB1|PP755595.1|A/cattle/Texas/24-008749-003/2024(H5N1)	1412	3565
PB1|PP755595.1|A/cattle/Texas/24-008749-003/2024(H5N1)	1413	3555
PB1|PP755595.1|A/cattle/Texas/24-008749-003/2024(H5N1)	1414	3569
PB1|PP755595.1|A/cattle/Texas/24-008749-003/2024(H5N1)	1415	3500
PB1|PP755595.1|A/cattle/Texas/24-008749-003/2024(H5N1)	1416	3535
PB1|PP755595.1|A/cattle/Texas/24-008749-003/2024(H5N1)	1417	3538
PB1|PP755595.1|A/cattle/Texas/24-008749-003/2024(H5N1)	1418	3523
PB1|PP755595.1|A/cattle/Texas/24-008749-003/2024(H5N1)	1419	3493
PB1|PP755595.1|A/cattle/Texas/24-008749-003/2024(H5N1)	1420	3493
PB1|PP755595.1|A/cattle/Texas/24-008749-003/2024(H5N1)	1421	3651
PB1|PP755595.1|A/cattle/Texas/24-008749-003/2024(H5N1)	1422	3651
PB1|PP755595.1|A/cattle/Texas/24-008749-003/2024(H5N1)	1423	3805
PB1|PP755595.1|A/cattle/Texas/24-008749-003/2024(H5N1)	1424	3842
PB1|PP755595.1|A/cattle/Texas/24-008749-003/2024(H5N1)	1425	3819
PB1|PP755595.1|A/cattle/Texas/24-008749-003/2024(H5N1)	1426	3828
PB1|PP755595.1|A/cattle/Texas/24-008749-003/2024(H5N1)	1427	3863
PB1|PP755595.1|A/cattle/Texas/24-008749-003/2024(H5N1)	1428	3867
PB1|PP755595.1|A/cattle/Texas/24-008749-003/2024(H5N1)	1429	3913
PB1|PP755595.1|A/cattle/Texas/24-008749-003/2024(H5N1)	1430	3782
PB1|PP755595.1|A/cattle/Texas/24-008749-003/2024(H5N1)	1431	3784
PB1|PP755595.1|A/cattle/Texas/24-008749-003/2024(H5N1)	1432	3785
PB1|PP755595.1|A/cattle/Texas/24-008749-003/2024(H5N1)	1433	3786
PB1|PP755595.1|A/cattle/Texas/24-008749-003/2024(H5N1)	1434	3780
PB1|PP755595.1|A/cattle/Texas/24-008749-003/2024(H5N1)	1435	3856
PB1|PP755595.1|A/cattle/Texas/24-008749-003/2024(H5N1)	1436	3854
PB1|PP755595.1|A/cattle/Texas/24-008749-003/2024(H5N1)	1437	3861
PB1|PP755595.1|A/cattle/Texas/24-008749-003/2024(H5N1)	1438	3843
PB1|PP755595.1|A/cattle/Texas/24-008749-003/2024(H5N1)	1439	3841
PB1|PP755595.1|A/cattle/Texas/24-008749-003/2024(H5N1)	1440	3841
PB1|PP755595.1|A/cattle/Texas/24-008749-003/2024(H5N1)	1441	3877
PB1|PP755595.1|A/cattle/Texas/24-008749-003/2024(H5N1)	1442	3871
PB1|PP755595.1|A/cattle/Texas/24-008749-003/2024(H5N1)	1443	3986
PB1|PP755595.1|A/cattle/Texas/24-008749-003/2024(H5N1)	1444	4023
PB1|PP755595.1|A/cattle/Texas/24-008749-003/2024(H5N1)	1445	4020
PB1|PP755595.1|A/cattle/Texas/24-008749-003/2024(H5N1)	1446	4054
PB1|PP755595.1|A/cattle/Texas/24-008749-003/2024(H5N1)	1447	4083
PB1|PP755595.1|A/cattle/Texas/24-008749-003/2024(H5N1)	1448	4150
PB1|PP755595.1|A/cattle/Texas/24-008749-003/2024(H5N1)	1449	4146
PB1|PP755595.1|A/cattle/Texas/24-008749-003/2024(H5N1)	1450	4150
PB1|PP755595.1|A/cattle/Texas/24-008749-003/2024(H5N1)	1451	4085
PB1|PP755595.1|A/cattle/Texas/24-008749-003/2024(H5N1)	1452	4008
PB1|PP755595.1|A/cattle/Texas/24-008749-003/2024(H5N1)	1453	4028
PB1|PP755595.1|A/cattle/Texas/24-008749-003/2024(H5N1)	1454	4016
PB1|PP755595.1|A/cattle/Texas/24-008749-003/2024(H5N1)	1455	3993
PB1|PP755595.1|A/cattle/Texas/24-008749-003/2024(H5N1)	1456	3979
PB1|PP755595.1|A/cattle/Texas/24-008749-003/2024(H5N1)	1457	3950
PB1|PP755595.1|A/cattle/Texas/24-008749-003/2024(H5N1)	1458	3995
PB1|PP755595.1|A/cattle/Texas/24-008749-003/2024(H5N1)	1459	3983
PB1|PP755595.1|A/cattle/Texas/24-008749-003/2024(H5N1)	1460	3979
PB1|PP755595.1|A/cattle/Texas/24-008749-003/2024(H5N1)	1461	3965
PB1|PP755595.1|A/cattle/Texas/24-008749-003/2024(H5N1)	1462	3964
PB1|PP755595.1|A/cattle/Texas/24-008749-003/2024(H5N1)	1463	4020
PB1|PP755595.1|A/cattle/Texas/24-008749-003/2024(H5N1)	1464	4019
PB1|PP755595.1|A/cattle/Texas/24-008749-003/2024(H5N1)	1465	4087
PB1|PP755595.1|A/cattle/Texas/24-008749-003/2024(H5N1)	1466	4114
PB1|PP755595.1|A/cattle/Texas/24-008749-003/2024(H5N1)	1467	4081
PB1|PP755595.1|A/cattle/Texas/24-008749-003/2024(H5N1)	1468	4103
PB1|PP755595.1|A/cattle/Texas/24-008749-003/2024(H5N1)	1469	4088
PB1|PP755595.1|A/cattle/Texas/24-008749-003/2024(H5N1)	1470	4083
PB1|PP755595.1|A/cattle/Texas/24-008749-003/2024(H5N1)	1471	4079
PB1|PP755595.1|A/cattle/Texas/24-008749-003/2024(H5N1)	1472	3993
PB1|PP755595.1|A/cattle/Texas/24-008749-003/2024(H5N1)	1473	3995
PB1|PP755595.1|A/cattle/Texas/24-008749-003/2024(H5N1)	1474	4075
PB1|PP755595.1|A/cattle/Texas/24-008749-003/2024(H5N1)	1475	4066
PB1|PP755595.1|A/cattle/Texas/24-008749-003/2024(H5N1)	1476	4070
PB1|PP755595.1|A/cattle/Texas/24-008749-003/2024(H5N1)	1477	4072
PB1|PP755595.1|A/cattle/Texas/24-008749-003/2024(H5N1)	1478	4106
PB1|PP755595.1|A/cattle/Texas/24-008749-003/2024(H5N1)	1479	4107
PB1|PP755595.1|A/cattle/Texas/24-008749-003/2024(H5N1)	1480	4138
PB1|PP755595.1|A/cattle/Texas/24-008749-003/2024(H5N1)	1481	4138
PB1|PP755595.1|A/cattle/Texas/24-008749-003/2024(H5N1)	1482	4138
PB1|PP755595.1|A/cattle/Texas/24-008749-003/2024(H5N1)	1483	4148
PB1|PP755595.1|A/cattle/Texas/24-008749-003/2024(H5N1)	1484	4147
PB1|PP755595.1|A/cattle/Texas/24-008749-003/2024(H5N1)	1485	4148
PB1|PP755595.1|A/cattle/Texas/24-008749-003/2024(H5N1)	1486	4173
PB1|PP755595.1|A/cattle/Texas/24-008749-003/2024(H5N1)	1487	4163
PB1|PP755595.1|A/cattle/Texas/24-008749-003/2024(H5N1)	1488	4199
PB1|PP755595.1|A/cattle/Texas/24-008749-003/2024(H5N1)	1489	4180
PB1|PP755595.1|A/cattle/Texas/24-008749-003/2024(H5N1)	1490	4178
PB1|PP755595.1|A/cattle/Texas/24-008749-003/2024(H5N1)	1491	4201
PB1|PP755595.1|A/cattle/Texas/24-008749-003/2024(H5N1)	1492	4218
PB1|PP755595.1|A/cattle/Texas/24-008749-003/2024(H5N1)	1493	4245
PB1|PP755595.1|A/cattle/Texas/24-008749-003/2024(H5N1)	1494	4245
PB1|PP755595.1|A/cattle/Texas/24-008749-003/2024(H5N1)	1495	4243
PB1|PP755595.1|A/cattle/Texas/24-008749-003/2024(H5N1)	1496	4251
PB1|PP755595.1|A/cattle/Texas/24-008749-003/2024(H5N1)	1497	4251
PB1|PP755595.1|A/cattle/Texas/24-008749-003/2024(H5N1)	1498	4122
PB1|PP755595.1|A/cattle/Texas/24-008749-003/2024(H5N1)	1499	4225
PB1|PP755595.1|A/cattle/Texas/24-008749-003/2024(H5N1)	1500	4203
PB1|PP755595.1|A/cattle/Texas/24-008749-003/2024(H5N1)	1501	4198
PB1|PP755595.1|A/cattle/Texas/24-008749-003/2024(H5N1)	1502	4186
PB1|PP755595.1|A/cattle/Texas/24-008749-003/2024(H5N1)	1503	4144
PB1|PP755595.1|A/cattle/Texas/24-008749-003/2024(H5N1)	1504	4143
PB1|PP755595.1|A/cattle/Texas/24-008749-003/2024(H5N1)	1505	4127
PB1|PP755595.1|A/cattle/Texas/24-008749-003/2024(H5N1)	1506	3623
PB1|PP755595.1|A/cattle/Texas/24-008749-003/2024(H5N1)	1507	3636
PB1|PP755595.1|A/cattle/Texas/24-008749-003/2024(H5N1)	1508	3602
PB1|PP755595.1|A/cattle/Texas/24-008749-003/2024(H5N1)	1509	3591
PB1|PP755595.1|A/cattle/Texas/24-008749-003/2024(H5N1)	1510	3605
PB1|PP755595.1|A/cattle/Texas/24-008749-003/2024(H5N1)	1511	3617
PB1|PP755595.1|A/cattle/Texas/24-008749-003/2024(H5N1)	1512	3819
PB1|PP755595.1|A/cattle/Texas/24-008749-003/2024(H5N1)	1513	3854
PB1|PP755595.1|A/cattle/Texas/24-008749-003/2024(H5N1)	1514	3886
PB1|PP755595.1|A/cattle/Texas/24-008749-003/2024(H5N1)	1515	3891
PB1|PP755595.1|A/cattle/Texas/24-008749-003/2024(H5N1)	1516	3891
PB1|PP755595.1|A/cattle/Texas/24-008749-003/2024(H5N1)	1517	4074
PB1|PP755595.1|A/cattle/Texas/24-008749-003/2024(H5N1)	1518	4172
PB1|PP755595.1|A/cattle/Texas/24-008749-003/2024(H5N1)	1519	4182
PB1|PP755595.1|A/cattle/Texas/24-008749-003/2024(H5N1)	1520	4200
PB1|PP755595.1|A/cattle/Texas/24-008749-003/2024(H5N1)	1521	4198
PB1|PP755595.1|A/cattle/Texas/24-008749-003/2024(H5N1)	1522	4250
PB1|PP755595.1|A/cattle/Texas/24-008749-003/2024(H5N1)	1523	4213
PB1|PP755595.1|A/cattle/Texas/24-008749-003/2024(H5N1)	1524	4178
PB1|PP755595.1|A/cattle/Texas/24-008749-003/2024(H5N1)	1525	4300
PB1|PP755595.1|A/cattle/Texas/24-008749-003/2024(H5N1)	1526	4315
PB1|PP755595.1|A/cattle/Texas/24-008749-003/2024(H5N1)	1527	4357
PB1|PP755595.1|A/cattle/Texas/24-008749-003/2024(H5N1)	1528	4404
PB1|PP755595.1|A/cattle/Texas/24-008749-003/2024(H5N1)	1529	4412
PB1|PP755595.1|A/cattle/Texas/24-008749-003/2024(H5N1)	1530	4405
PB1|PP755595.1|A/cattle/Texas/24-008749-003/2024(H5N1)	1531	4339
PB1|PP755595.1|A/cattle/Texas/24-008749-003/2024(H5N1)	1532	4480
PB1|PP755595.1|A/cattle/Texas/24-008749-003/2024(H5N1)	1533	4410
PB1|PP755595.1|A/cattle/Texas/24-008749-003/2024(H5N1)	1534	4403
PB1|PP755595.1|A/cattle/Texas/24-008749-003/2024(H5N1)	1535	4403
PB1|PP755595.1|A/cattle/Texas/24-008749-003/2024(H5N1)	1536	4363
PB1|PP755595.1|A/cattle/Texas/24-008749-003/2024(H5N1)	1537	4364
PB1|PP755595.1|A/cattle/Texas/24-008749-003/2024(H5N1)	1538	4323
PB1|PP755595.1|A/cattle/Texas/24-008749-003/2024(H5N1)	1539	4377
PB1|PP755595.1|A/cattle/Texas/24-008749-003/2024(H5N1)	1540	4337
PB1|PP755595.1|A/cattle/Texas/24-008749-003/2024(H5N1)	1541	4302
PB1|PP755595.1|A/cattle/Texas/24-008749-003/2024(H5N1)	1542	4309
PB1|PP755595.1|A/cattle/Texas/24-008749-003/2024(H5N1)	1543	4322
PB1|PP755595.1|A/cattle/Texas/24-008749-003/2024(H5N1)	1544	4042
PB1|PP755595.1|A/cattle/Texas/24-008749-003/2024(H5N1)	1545	4016
PB1|PP755595.1|A/cattle/Texas/24-008749-003/2024(H5N1)	1546	4013
PB1|PP755595.1|A/cattle/Texas/24-008749-003/2024(H5N1)	1547	4039
PB1|PP755595.1|A/cattle/Texas/24-008749-003/2024(H5N1)	1548	4051
PB1|PP755595.1|A/cattle/Texas/24-008749-003/2024(H5N1)	1549	3933
PB1|PP755595.1|A/cattle/Texas/24-008749-003/2024(H5N1)	1550	3929
PB1|PP755595.1|A/cattle/Texas/24-008749-003/2024(H5N1)	1551	3971
PB1|PP755595.1|A/cattle/Texas/24-008749-003/2024(H5N1)	1552	3944
PB1|PP755595.1|A/cattle/Texas/24-008749-003/2024(H5N1)	1553	3947
PB1|PP755595.1|A/cattle/Texas/24-008749-003/2024(H5N1)	1554	3947
PB1|PP755595.1|A/cattle/Texas/24-008749-003/2024(H5N1)	1555	3944
PB1|PP755595.1|A/cattle/Texas/24-008749-003/2024(H5N1)	1556	3956
PB1|PP755595.1|A/cattle/Texas/24-008749-003/2024(H5N1)	1557	3862
PB1|PP755595.1|A/cattle/Texas/24-008749-003/2024(H5N1)	1558	3856
PB1|PP755595.1|A/cattle/Texas/24-008749-003/2024(H5N1)	1559	3844
PB1|PP755595.1|A/cattle/Texas/24-008749-003/2024(H5N1)	1560	3790
PB1|PP755595.1|A/cattle/Texas/24-008749-003/2024(H5N1)	1561	3838
PB1|PP755595.1|A/cattle/Texas/24-008749-003/2024(H5N1)	1562	3844
PB1|PP755595.1|A/cattle/Texas/24-008749-003/2024(H5N1)	1563	3835
PB1|PP755595.1|A/cattle/Texas/24-008749-003/2024(H5N1)	1564	3956
PB1|PP755595.1|A/cattle/Texas/24-008749-003/2024(H5N1)	1565	3967
PB1|PP755595.1|A/cattle/Texas/24-008749-003/2024(H5N1)	1566	3966
PB1|PP755595.1|A/cattle/Texas/24-008749-003/2024(H5N1)	1567	3974
PB1|PP755595.1|A/cattle/Texas/24-008749-003/2024(H5N1)	1568	3957
PB1|PP755595.1|A/cattle/Texas/24-008749-003/2024(H5N1)	1569	3975
PB1|PP755595.1|A/cattle/Texas/24-008749-003/2024(H5N1)	1570	3937
PB1|PP755595.1|A/cattle/Texas/24-008749-003/2024(H5N1)	1571	3984
PB1|PP755595.1|A/cattle/Texas/24-008749-003/2024(H5N1)	1572	3876
PB1|PP755595.1|A/cattle/Texas/24-008749-003/2024(H5N1)	1573	3821
PB1|PP755595.1|A/cattle/Texas/24-008749-003/2024(H5N1)	1574	3806
PB1|PP755595.1|A/cattle/Texas/24-008749-003/2024(H5N1)	1575	3771
PB1|PP755595.1|A/cattle/Texas/24-008749-003/2024(H5N1)	1576	3763
PB1|PP755595.1|A/cattle/Texas/24-008749-003/2024(H5N1)	1577	3753
PB1|PP755595.1|A/cattle/Texas/24-008749-003/2024(H5N1)	1578	3707
PB1|PP755595.1|A/cattle/Texas/24-008749-003/2024(H5N1)	1579	3701
PB1|PP755595.1|A/cattle/Texas/24-008749-003/2024(H5N1)	1580	3647
PB1|PP755595.1|A/cattle/Texas/24-008749-003/2024(H5N1)	1581	3649
PB1|PP755595.1|A/cattle/Texas/24-008749-003/2024(H5N1)	1582	3741
PB1|PP755595.1|A/cattle/Texas/24-008749-003/2024(H5N1)	1583	3771
PB1|PP755595.1|A/cattle/Texas/24-008749-003/2024(H5N1)	1584	3768
PB1|PP755595.1|A/cattle/Texas/24-008749-003/2024(H5N1)	1585	3870
PB1|PP755595.1|A/cattle/Texas/24-008749-003/2024(H5N1)	1586	3844
PB1|PP755595.1|A/cattle/Texas/24-008749-003/2024(H5N1)	1587	3853
PB1|PP755595.1|A/cattle/Texas/24-008749-003/2024(H5N1)	1588	3865
PB1|PP755595.1|A/cattle/Texas/24-008749-003/2024(H5N1)	1589	3863
PB1|PP755595.1|A/cattle/Texas/24-008749-003/2024(H5N1)	1590	3868
PB1|PP755595.1|A/cattle/Texas/24-008749-003/2024(H5N1)	1591	3878
PB1|PP755595.1|A/cattle/Texas/24-008749-003/2024(H5N1)	1592	3827
PB1|PP755595.1|A/cattle/Texas/24-008749-003/2024(H5N1)	1593	3832
PB1|PP755595.1|A/cattle/Texas/24-008749-003/2024(H5N1)	1594	3712
PB1|PP755595.1|A/cattle/Texas/24-008749-003/2024(H5N1)	1595	3713
PB1|PP755595.1|A/cattle/Texas/24-008749-003/2024(H5N1)	1596	3715
PB1|PP755595.1|A/cattle/Texas/24-008749-003/2024(H5N1)	1597	3659
PB1|PP755595.1|A/cattle/Texas/24-008749-003/2024(H5N1)	1598	3645
PB1|PP755595.1|A/cattle/Texas/24-008749-003/2024(H5N1)	1599	3736
PB1|PP755595.1|A/cattle/Texas/24-008749-003/2024(H5N1)	1600	3741
PB1|PP755595.1|A/cattle/Texas/24-008749-003/2024(H5N1)	1601	3737
PB1|PP755595.1|A/cattle/Texas/24-008749-003/2024(H5N1)	1602	3687
PB1|PP755595.1|A/cattle/Texas/24-008749-003/2024(H5N1)	1603	3674
PB1|PP755595.1|A/cattle/Texas/24-008749-003/2024(H5N1)	1604	3652
PB1|PP755595.1|A/cattle/Texas/24-008749-003/2024(H5N1)	1605	3635
PB1|PP755595.1|A/cattle/Texas/24-008749-003/2024(H5N1)	1606	3683
PB1|PP755595.1|A/cattle/Texas/24-008749-003/2024(H5N1)	1607	3681
PB1|PP755595.1|A/cattle/Texas/24-008749-003/2024(H5N1)	1608	3632
PB1|PP755595.1|A/cattle/Texas/24-008749-003/2024(H5N1)	1609	3635
PB1|PP755595.1|A/cattle/Texas/24-008749-003/2024(H5N1)	1610	3631
PB1|PP755595.1|A/cattle/Texas/24-008749-003/2024(H5N1)	1611	3598
PB1|PP755595.1|A/cattle/Texas/24-008749-003/2024(H5N1)	1612	3597
PB1|PP755595.1|A/cattle/Texas/24-008749-003/2024(H5N1)	1613	3594
PB1|PP755595.1|A/cattle/Texas/24-008749-003/2024(H5N1)	1614	3538
PB1|PP755595.1|A/cattle/Texas/24-008749-003/2024(H5N1)	1615	3668
PB1|PP755595.1|A/cattle/Texas/24-008749-003/2024(H5N1)	1616	3601
PB1|PP755595.1|A/cattle/Texas/24-008749-003/2024(H5N1)	1617	3594
PB1|PP755595.1|A/cattle/Texas/24-008749-003/2024(H5N1)	1618	3595
PB1|PP755595.1|A/cattle/Texas/24-008749-003/2024(H5N1)	1619	3577
PB1|PP755595.1|A/cattle/Texas/24-008749-003/2024(H5N1)	1620	3621
PB1|PP755595.1|A/cattle/Texas/24-008749-003/2024(H5N1)	1621	3625
PB1|PP755595.1|A/cattle/Texas/24-008749-003/2024(H5N1)	1622	3553
PB1|PP755595.1|A/cattle/Texas/24-008749-003/2024(H5N1)	1623	3428
PB1|PP755595.1|A/cattle/Texas/24-008749-003/2024(H5N1)	1624	3428
PB1|PP755595.1|A/cattle/Texas/24-008749-003/2024(H5N1)	1625	3497
PB1|PP755595.1|A/cattle/Texas/24-008749-003/2024(H5N1)	1626	3491
PB1|PP755595.1|A/cattle/Texas/24-008749-003/2024(H5N1)	1627	3485
PB1|PP755595.1|A/cattle/Texas/24-008749-003/2024(H5N1)	1628	3479
PB1|PP755595.1|A/cattle/Texas/24-008749-003/2024(H5N1)	1629	3397
PB1|PP755595.1|A/cattle/Texas/24-008749-003/2024(H5N1)	1630	3396
PB1|PP755595.1|A/cattle/Texas/24-008749-003/2024(H5N1)	1631	3343
PB1|PP755595.1|A/cattle/Texas/24-008749-003/2024(H5N1)	1632	3328
PB1|PP755595.1|A/cattle/Texas/24-008749-003/2024(H5N1)	1633	3315
PB1|PP755595.1|A/cattle/Texas/24-008749-003/2024(H5N1)	1634	3303
PB1|PP755595.1|A/cattle/Texas/24-008749-003/2024(H5N1)	1635	3301
PB1|PP755595.1|A/cattle/Texas/24-008749-003/2024(H5N1)	1636	3300
PB1|PP755595.1|A/cattle/Texas/24-008749-003/2024(H5N1)	1637	3275
PB1|PP755595.1|A/cattle/Texas/24-008749-003/2024(H5N1)	1638	3270
PB1|PP755595.1|A/cattle/Texas/24-008749-003/2024(H5N1)	1639	3220
PB1|PP755595.1|A/cattle/Texas/24-008749-003/2024(H5N1)	1640	3210
PB1|PP755595.1|A/cattle/Texas/24-008749-003/2024(H5N1)	1641	2988
PB1|PP755595.1|A/cattle/Texas/24-008749-003/2024(H5N1)	1642	2922
PB1|PP755595.1|A/cattle/Texas/24-008749-003/2024(H5N1)	1643	2913
PB1|PP755595.1|A/cattle/Texas/24-008749-003/2024(H5N1)	1644	2910
PB1|PP755595.1|A/cattle/Texas/24-008749-003/2024(H5N1)	1645	2910
PB1|PP755595.1|A/cattle/Texas/24-008749-003/2024(H5N1)	1646	2910
PB1|PP755595.1|A/cattle/Texas/24-008749-003/2024(H5N1)	1647	2904
PB1|PP755595.1|A/cattle/Texas/24-008749-003/2024(H5N1)	1648	3138
PB1|PP755595.1|A/cattle/Texas/24-008749-003/2024(H5N1)	1649	3139
PB1|PP755595.1|A/cattle/Texas/24-008749-003/2024(H5N1)	1650	3209
PB1|PP755595.1|A/cattle/Texas/24-008749-003/2024(H5N1)	1651	3209
PB1|PP755595.1|A/cattle/Texas/24-008749-003/2024(H5N1)	1652	3221
PB1|PP755595.1|A/cattle/Texas/24-008749-003/2024(H5N1)	1653	3225
PB1|PP755595.1|A/cattle/Texas/24-008749-003/2024(H5N1)	1654	3214
PB1|PP755595.1|A/cattle/Texas/24-008749-003/2024(H5N1)	1655	3213
PB1|PP755595.1|A/cattle/Texas/24-008749-003/2024(H5N1)	1656	3209
PB1|PP755595.1|A/cattle/Texas/24-008749-003/2024(H5N1)	1657	3207
PB1|PP755595.1|A/cattle/Texas/24-008749-003/2024(H5N1)	1658	3186
PB1|PP755595.1|A/cattle/Texas/24-008749-003/2024(H5N1)	1659	3164
PB1|PP755595.1|A/cattle/Texas/24-008749-003/2024(H5N1)	1660	3221
PB1|PP755595.1|A/cattle/Texas/24-008749-003/2024(H5N1)	1661	3224
PB1|PP755595.1|A/cattle/Texas/24-008749-003/2024(H5N1)	1662	3212
PB1|PP755595.1|A/cattle/Texas/24-008749-003/2024(H5N1)	1663	3040
PB1|PP755595.1|A/cattle/Texas/24-008749-003/2024(H5N1)	1664	3040
PB1|PP755595.1|A/cattle/Texas/24-008749-003/2024(H5N1)	1665	3004
PB1|PP755595.1|A/cattle/Texas/24-008749-003/2024(H5N1)	1666	2996
PB1|PP755595.1|A/cattle/Texas/24-008749-003/2024(H5N1)	1667	2996
PB1|PP755595.1|A/cattle/Texas/24-008749-003/2024(H5N1)	1668	2812
PB1|PP755595.1|A/cattle/Texas/24-008749-003/2024(H5N1)	1669	2691
PB1|PP755595.1|A/cattle/Texas/24-008749-003/2024(H5N1)	1670	2689
PB1|PP755595.1|A/cattle/Texas/24-008749-003/2024(H5N1)	1671	2674
PB1|PP755595.1|A/cattle/Texas/24-008749-003/2024(H5N1)	1672	2671
PB1|PP755595.1|A/cattle/Texas/24-008749-003/2024(H5N1)	1673	2610
PB1|PP755595.1|A/cattle/Texas/24-008749-003/2024(H5N1)	1674	2388
PB1|PP755595.1|A/cattle/Texas/24-008749-003/2024(H5N1)	1675	2389
PB1|PP755595.1|A/cattle/Texas/24-008749-003/2024(H5N1)	1676	2357
PB1|PP755595.1|A/cattle/Texas/24-008749-003/2024(H5N1)	1677	2325
PB1|PP755595.1|A/cattle/Texas/24-008749-003/2024(H5N1)	1678	2847
PB1|PP755595.1|A/cattle/Texas/24-008749-003/2024(H5N1)	1679	2847
PB1|PP755595.1|A/cattle/Texas/24-008749-003/2024(H5N1)	1680	2804
PB1|PP755595.1|A/cattle/Texas/24-008749-003/2024(H5N1)	1681	2801
PB1|PP755595.1|A/cattle/Texas/24-008749-003/2024(H5N1)	1682	2795
PB1|PP755595.1|A/cattle/Texas/24-008749-003/2024(H5N1)	1683	2680
PB1|PP755595.1|A/cattle/Texas/24-008749-003/2024(H5N1)	1684	2810
PB1|PP755595.1|A/cattle/Texas/24-008749-003/2024(H5N1)	1685	2810
PB1|PP755595.1|A/cattle/Texas/24-008749-003/2024(H5N1)	1686	2814
PB1|PP755595.1|A/cattle/Texas/24-008749-003/2024(H5N1)	1687	2815
PB1|PP755595.1|A/cattle/Texas/24-008749-003/2024(H5N1)	1688	2813
PB1|PP755595.1|A/cattle/Texas/24-008749-003/2024(H5N1)	1689	2752
PB1|PP755595.1|A/cattle/Texas/24-008749-003/2024(H5N1)	1690	2747
PB1|PP755595.1|A/cattle/Texas/24-008749-003/2024(H5N1)	1691	2742
PB1|PP755595.1|A/cattle/Texas/24-008749-003/2024(H5N1)	1692	2627
PB1|PP755595.1|A/cattle/Texas/24-008749-003/2024(H5N1)	1693	2726
PB1|PP755595.1|A/cattle/Texas/24-008749-003/2024(H5N1)	1694	2725
PB1|PP755595.1|A/cattle/Texas/24-008749-003/2024(H5N1)	1695	2723
PB1|PP755595.1|A/cattle/Texas/24-008749-003/2024(H5N1)	1696	2725
PB1|PP755595.1|A/cattle/Texas/24-008749-003/2024(H5N1)	1697	2707
PB1|PP755595.1|A/cattle/Texas/24-008749-003/2024(H5N1)	1698	2709
PB1|PP755595.1|A/cattle/Texas/24-008749-003/2024(H5N1)	1699	2701
PB1|PP755595.1|A/cattle/Texas/24-008749-003/2024(H5N1)	1700	2656
PB1|PP755595.1|A/cattle/Texas/24-008749-003/2024(H5N1)	1701	2662
PB1|PP755595.1|A/cattle/Texas/24-008749-003/2024(H5N1)	1702	2637
PB1|PP755595.1|A/cattle/Texas/24-008749-003/2024(H5N1)	1703	2643
PB1|PP755595.1|A/cattle/Texas/24-008749-003/2024(H5N1)	1704	2640
PB1|PP755595.1|A/cattle/Texas/24-008749-003/2024(H5N1)	1705	2643
PB1|PP755595.1|A/cattle/Texas/24-008749-003/2024(H5N1)	1706	2629
PB1|PP755595.1|A/cattle/Texas/24-008749-003/2024(H5N1)	1707	2625
PB1|PP755595.1|A/cattle/Texas/24-008749-003/2024(H5N1)	1708	2615
PB1|PP755595.1|A/cattle/Texas/24-008749-003/2024(H5N1)	1709	2589
PB1|PP755595.1|A/cattle/Texas/24-008749-003/2024(H5N1)	1710	2572
PB1|PP755595.1|A/cattle/Texas/24-008749-003/2024(H5N1)	1711	2589
PB1|PP755595.1|A/cattle/Texas/24-008749-003/2024(H5N1)	1712	2547
PB1|PP755595.1|A/cattle/Texas/24-008749-003/2024(H5N1)	1713	2550
PB1|PP755595.1|A/cattle/Texas/24-008749-003/2024(H5N1)	1714	2533
PB1|PP755595.1|A/cattle/Texas/24-008749-003/2024(H5N1)	1715	2467
PB1|PP755595.1|A/cattle/Texas/24-008749-003/2024(H5N1)	1716	2456
PB1|PP755595.1|A/cattle/Texas/24-008749-003/2024(H5N1)	1717	2503
PB1|PP755595.1|A/cattle/Texas/24-008749-003/2024(H5N1)	1718	2511
PB1|PP755595.1|A/cattle/Texas/24-008749-003/2024(H5N1)	1719	2507
PB1|PP755595.1|A/cattle/Texas/24-008749-003/2024(H5N1)	1720	2500
PB1|PP755595.1|A/cattle/Texas/24-008749-003/2024(H5N1)	1721	2506
PB1|PP755595.1|A/cattle/Texas/24-008749-003/2024(H5N1)	1722	2460
PB1|PP755595.1|A/cattle/Texas/24-008749-003/2024(H5N1)	1723	2459
PB1|PP755595.1|A/cattle/Texas/24-008749-003/2024(H5N1)	1724	2432
PB1|PP755595.1|A/cattle/Texas/24-008749-003/2024(H5N1)	1725	2432
PB1|PP755595.1|A/cattle/Texas/24-008749-003/2024(H5N1)	1726	2368
PB1|PP755595.1|A/cattle/Texas/24-008749-003/2024(H5N1)	1727	2353
PB1|PP755595.1|A/cattle/Texas/24-008749-003/2024(H5N1)	1728	2352
PB1|PP755595.1|A/cattle/Texas/24-008749-003/2024(H5N1)	1729	2350
PB1|PP755595.1|A/cattle/Texas/24-008749-003/2024(H5N1)	1730	2347
PB1|PP755595.1|A/cattle/Texas/24-008749-003/2024(H5N1)	1731	1956
PB1|PP755595.1|A/cattle/Texas/24-008749-003/2024(H5N1)	1732	1945
PB1|PP755595.1|A/cattle/Texas/24-008749-003/2024(H5N1)	1733	1938
PB1|PP755595.1|A/cattle/Texas/24-008749-003/2024(H5N1)	1734	1909
PB1|PP755595.1|A/cattle/Texas/24-008749-003/2024(H5N1)	1735	1825
PB1|PP755595.1|A/cattle/Texas/24-008749-003/2024(H5N1)	1736	1825
PB1|PP755595.1|A/cattle/Texas/24-008749-003/2024(H5N1)	1737	1806
PB1|PP755595.1|A/cattle/Texas/24-008749-003/2024(H5N1)	1738	2089
PB1|PP755595.1|A/cattle/Texas/24-008749-003/2024(H5N1)	1739	2093
PB1|PP755595.1|A/cattle/Texas/24-008749-003/2024(H5N1)	1740	2093
PB1|PP755595.1|A/cattle/Texas/24-008749-003/2024(H5N1)	1741	2094
PB1|PP755595.1|A/cattle/Texas/24-008749-003/2024(H5N1)	1742	2094
PB1|PP755595.1|A/cattle/Texas/24-008749-003/2024(H5N1)	1743	2092
PB1|PP755595.1|A/cattle/Texas/24-008749-003/2024(H5N1)	1744	2092
PB1|PP755595.1|A/cattle/Texas/24-008749-003/2024(H5N1)	1745	2092
PB1|PP755595.1|A/cattle/Texas/24-008749-003/2024(H5N1)	1746	2092
PB1|PP755595.1|A/cattle/Texas/24-008749-003/2024(H5N1)	1747	2092
PB1|PP755595.1|A/cattle/Texas/24-008749-003/2024(H5N1)	1748	2091
PB1|PP755595.1|A/cattle/Texas/24-008749-003/2024(H5N1)	1749	2091
PB1|PP755595.1|A/cattle/Texas/24-008749-003/2024(H5N1)	1750	2091
PB1|PP755595.1|A/cattle/Texas/24-008749-003/2024(H5N1)	1751	2091
PB1|PP755595.1|A/cattle/Texas/24-008749-003/2024(H5N1)	1752	2031
PB1|PP755595.1|A/cattle/Texas/24-008749-003/2024(H5N1)	1753	2031
PB1|PP755595.1|A/cattle/Texas/24-008749-003/2024(H5N1)	1754	2031
PB1|PP755595.1|A/cattle/Texas/24-008749-003/2024(H5N1)	1755	2031
PB1|PP755595.1|A/cattle/Texas/24-008749-003/2024(H5N1)	1756	2031
PB1|PP755595.1|A/cattle/Texas/24-008749-003/2024(H5N1)	1757	2031
PB1|PP755595.1|A/cattle/Texas/24-008749-003/2024(H5N1)	1758	1674
PB1|PP755595.1|A/cattle/Texas/24-008749-003/2024(H5N1)	1759	1674
PB1|PP755595.1|A/cattle/Texas/24-008749-003/2024(H5N1)	1760	1979
PB1|PP755595.1|A/cattle/Texas/24-008749-003/2024(H5N1)	1761	1979
PB1|PP755595.1|A/cattle/Texas/24-008749-003/2024(H5N1)	1762	2040
PB1|PP755595.1|A/cattle/Texas/24-008749-003/2024(H5N1)	1763	2052
PB1|PP755595.1|A/cattle/Texas/24-008749-003/2024(H5N1)	1764	2052
PB1|PP755595.1|A/cattle/Texas/24-008749-003/2024(H5N1)	1765	2052
PB1|PP755595.1|A/cattle/Texas/24-008749-003/2024(H5N1)	1766	2050
PB1|PP755595.1|A/cattle/Texas/24-008749-003/2024(H5N1)	1767	2050
PB1|PP755595.1|A/cattle/Texas/24-008749-003/2024(H5N1)	1768	2050
PB1|PP755595.1|A/cattle/Texas/24-008749-003/2024(H5N1)	1769	2050
PB1|PP755595.1|A/cattle/Texas/24-008749-003/2024(H5N1)	1770	2050
PB1|PP755595.1|A/cattle/Texas/24-008749-003/2024(H5N1)	1771	2050
PB1|PP755595.1|A/cattle/Texas/24-008749-003/2024(H5N1)	1772	2050
PB1|PP755595.1|A/cattle/Texas/24-008749-003/2024(H5N1)	1773	2050
PB1|PP755595.1|A/cattle/Texas/24-008749-003/2024(H5N1)	1774	2051
PB1|PP755595.1|A/cattle/Texas/24-008749-003/2024(H5N1)	1775	2051
PB1|PP755595.1|A/cattle/Texas/24-008749-003/2024(H5N1)	1776	2051
PB1|PP755595.1|A/cattle/Texas/24-008749-003/2024(H5N1)	1777	2051
PB1|PP755595.1|A/cattle/Texas/24-008749-003/2024(H5N1)	1778	2051
PB1|PP755595.1|A/cattle/Texas/24-008749-003/2024(H5N1)	1779	2040
PB1|PP755595.1|A/cattle/Texas/24-008749-003/2024(H5N1)	1780	2016
PB1|PP755595.1|A/cattle/Texas/24-008749-003/2024(H5N1)	1781	1996
PB1|PP755595.1|A/cattle/Texas/24-008749-003/2024(H5N1)	1782	1964
PB1|PP755595.1|A/cattle/Texas/24-008749-003/2024(H5N1)	1783	1963
PB1|PP755595.1|A/cattle/Texas/24-008749-003/2024(H5N1)	1784	1957
PB1|PP755595.1|A/cattle/Texas/24-008749-003/2024(H5N1)	1785	1934
PB1|PP755595.1|A/cattle/Texas/24-008749-003/2024(H5N1)	1786	1934
PB1|PP755595.1|A/cattle/Texas/24-008749-003/2024(H5N1)	1787	1934
PB1|PP755595.1|A/cattle/Texas/24-008749-003/2024(H5N1)	1788	1934
PB1|PP755595.1|A/cattle/Texas/24-008749-003/2024(H5N1)	1789	1934
PB1|PP755595.1|A/cattle/Texas/24-008749-003/2024(H5N1)	1790	1934
PB1|PP755595.1|A/cattle/Texas/24-008749-003/2024(H5N1)	1791	1911
PB1|PP755595.1|A/cattle/Texas/24-008749-003/2024(H5N1)	1792	1900
PB1|PP755595.1|A/cattle/Texas/24-008749-003/2024(H5N1)	1793	1872
PB1|PP755595.1|A/cattle/Texas/24-008749-003/2024(H5N1)	1794	1866
PB1|PP755595.1|A/cattle/Texas/24-008749-003/2024(H5N1)	1795	1856
PB1|PP755595.1|A/cattle/Texas/24-008749-003/2024(H5N1)	1796	1833
PB1|PP755595.1|A/cattle/Texas/24-008749-003/2024(H5N1)	1797	6
PB1|PP755595.1|A/cattle/Texas/24-008749-003/2024(H5N1)	1798	5
PB1|PP755595.1|A/cattle/Texas/24-008749-003/2024(H5N1)	1799	5
PB1|PP755595.1|A/cattle/Texas/24-008749-003/2024(H5N1)	1800	5
PB1|PP755595.1|A/cattle/Texas/24-008749-003/2024(H5N1)	1801	5
PB1|PP755595.1|A/cattle/Texas/24-008749-003/2024(H5N1)	1802	5
PB1|PP755595.1|A/cattle/Texas/24-008749-003/2024(H5N1)	1803	4
PB1|PP755595.1|A/cattle/Texas/24-008749-003/2024(H5N1)	1804	4
PB1|PP755595.1|A/cattle/Texas/24-008749-003/2024(H5N1)	1805	4
PB1|PP755595.1|A/cattle/Texas/24-008749-003/2024(H5N1)	1806	4
PB1|PP755595.1|A/cattle/Texas/24-008749-003/2024(H5N1)	1807	4
PB1|PP755595.1|A/cattle/Texas/24-008749-003/2024(H5N1)	1808	4
PB1|PP755595.1|A/cattle/Texas/24-008749-003/2024(H5N1)	1809	4
PB1|PP755595.1|A/cattle/Texas/24-008749-003/2024(H5N1)	1810	4
PB1|PP755595.1|A/cattle/Texas/24-008749-003/2024(H5N1)	1811	4
PB1|PP755595.1|A/cattle/Texas/24-008749-003/2024(H5N1)	1812	4
PB1|PP755595.1|A/cattle/Texas/24-008749-003/2024(H5N1)	1813	4
PB1|PP755595.1|A/cattle/Texas/24-008749-003/2024(H5N1)	1814	4
PB1|PP755595.1|A/cattle/Texas/24-008749-003/2024(H5N1)	1815	4
PB1|PP755595.1|A/cattle/Texas/24-008749-003/2024(H5N1)	1816	4
PB1|PP755595.1|A/cattle/Texas/24-008749-003/2024(H5N1)	1817	4
PB1|PP755595.1|A/cattle/Texas/24-008749-003/2024(H5N1)	1818	4
PB1|PP755595.1|A/cattle/Texas/24-008749-003/2024(H5N1)	1819	4
PB1|PP755595.1|A/cattle/Texas/24-008749-003/2024(H5N1)	1820	4
PB1|PP755595.1|A/cattle/Texas/24-008749-003/2024(H5N1)	1821	4
PB1|PP755595.1|A/cattle/Texas/24-008749-003/2024(H5N1)	1822	4
PB1|PP755595.1|A/cattle/Texas/24-008749-003/2024(H5N1)	1823	4
PB1|PP755595.1|A/cattle/Texas/24-008749-003/2024(H5N1)	1824	4
PB1|PP755595.1|A/cattle/Texas/24-008749-003/2024(H5N1)	1825	117
PB1|PP755595.1|A/cattle/Texas/24-008749-003/2024(H5N1)	1826	117
PB1|PP755595.1|A/cattle/Texas/24-008749-003/2024(H5N1)	1827	117
PB1|PP755595.1|A/cattle/Texas/24-008749-003/2024(H5N1)	1828	117
PB1|PP755595.1|A/cattle/Texas/24-008749-003/2024(H5N1)	1829	117
PB1|PP755595.1|A/cattle/Texas/24-008749-003/2024(H5N1)	1830	117
PB1|PP755595.1|A/cattle/Texas/24-008749-003/2024(H5N1)	1831	117
PB1|PP755595.1|A/cattle/Texas/24-008749-003/2024(H5N1)	1832	117
PB1|PP755595.1|A/cattle/Texas/24-008749-003/2024(H5N1)	1833	117
PB1|PP755595.1|A/cattle/Texas/24-008749-003/2024(H5N1)	1834	125
PB1|PP755595.1|A/cattle/Texas/24-008749-003/2024(H5N1)	1835	140
PB1|PP755595.1|A/cattle/Texas/24-008749-003/2024(H5N1)	1836	140
PB1|PP755595.1|A/cattle/Texas/24-008749-003/2024(H5N1)	1837	157
PB1|PP755595.1|A/cattle/Texas/24-008749-003/2024(H5N1)	1838	164
PB1|PP755595.1|A/cattle/Texas/24-008749-003/2024(H5N1)	1839	175
PB1|PP755595.1|A/cattle/Texas/24-008749-003/2024(H5N1)	1840	193
PB1|PP755595.1|A/cattle/Texas/24-008749-003/2024(H5N1)	1841	193
PB1|PP755595.1|A/cattle/Texas/24-008749-003/2024(H5N1)	1842	193
PB1|PP755595.1|A/cattle/Texas/24-008749-003/2024(H5N1)	1843	227
PB1|PP755595.1|A/cattle/Texas/24-008749-003/2024(H5N1)	1844	229
PB1|PP755595.1|A/cattle/Texas/24-008749-003/2024(H5N1)	1845	240
PB1|PP755595.1|A/cattle/Texas/24-008749-003/2024(H5N1)	1846	1521
PB1|PP755595.1|A/cattle/Texas/24-008749-003/2024(H5N1)	1847	1527
PB1|PP755595.1|A/cattle/Texas/24-008749-003/2024(H5N1)	1848	1538
PB1|PP755595.1|A/cattle/Texas/24-008749-003/2024(H5N1)	1849	1619
PB1|PP755595.1|A/cattle/Texas/24-008749-003/2024(H5N1)	1850	1760
PB1|PP755595.1|A/cattle/Texas/24-008749-003/2024(H5N1)	1851	1762
PB1|PP755595.1|A/cattle/Texas/24-008749-003/2024(H5N1)	1852	1761
PB1|PP755595.1|A/cattle/Texas/24-008749-003/2024(H5N1)	1853	1837
PB1|PP755595.1|A/cattle/Texas/24-008749-003/2024(H5N1)	1854	1842
PB1|PP755595.1|A/cattle/Texas/24-008749-003/2024(H5N1)	1855	1880
PB1|PP755595.1|A/cattle/Texas/24-008749-003/2024(H5N1)	1856	1880
PB1|PP755595.1|A/cattle/Texas/24-008749-003/2024(H5N1)	1857	1880
PB1|PP755595.1|A/cattle/Texas/24-008749-003/2024(H5N1)	1858	1921
PB1|PP755595.1|A/cattle/Texas/24-008749-003/2024(H5N1)	1859	1922
PB1|PP755595.1|A/cattle/Texas/24-008749-003/2024(H5N1)	1860	1963
PB1|PP755595.1|A/cattle/Texas/24-008749-003/2024(H5N1)	1861	1963
PB1|PP755595.1|A/cattle/Texas/24-008749-003/2024(H5N1)	1862	1977
PB1|PP755595.1|A/cattle/Texas/24-008749-003/2024(H5N1)	1863	2011
PB1|PP755595.1|A/cattle/Texas/24-008749-003/2024(H5N1)	1864	2030
PB1|PP755595.1|A/cattle/Texas/24-008749-003/2024(H5N1)	1865	2030
PB1|PP755595.1|A/cattle/Texas/24-008749-003/2024(H5N1)	1866	2030
PB1|PP755595.1|A/cattle/Texas/24-008749-003/2024(H5N1)	1867	2038
PB1|PP755595.1|A/cattle/Texas/24-008749-003/2024(H5N1)	1868	2056
PB1|PP755595.1|A/cattle/Texas/24-008749-003/2024(H5N1)	1869	2088
PB1|PP755595.1|A/cattle/Texas/24-008749-003/2024(H5N1)	1870	2091
PB1|PP755595.1|A/cattle/Texas/24-008749-003/2024(H5N1)	1871	2091
PB1|PP755595.1|A/cattle/Texas/24-008749-003/2024(H5N1)	1872	2092
PB1|PP755595.1|A/cattle/Texas/24-008749-003/2024(H5N1)	1873	2119
PB1|PP755595.1|A/cattle/Texas/24-008749-003/2024(H5N1)	1874	2132
PB1|PP755595.1|A/cattle/Texas/24-008749-003/2024(H5N1)	1875	2133
PB1|PP755595.1|A/cattle/Texas/24-008749-003/2024(H5N1)	1876	2133
PB1|PP755595.1|A/cattle/Texas/24-008749-003/2024(H5N1)	1877	2133
PB1|PP755595.1|A/cattle/Texas/24-008749-003/2024(H5N1)	1878	2133
PB1|PP755595.1|A/cattle/Texas/24-008749-003/2024(H5N1)	1879	2133
PB1|PP755595.1|A/cattle/Texas/24-008749-003/2024(H5N1)	1880	2133
PB1|PP755595.1|A/cattle/Texas/24-008749-003/2024(H5N1)	1881	2131
PB1|PP755595.1|A/cattle/Texas/24-008749-003/2024(H5N1)	1882	2131
PB1|PP755595.1|A/cattle/Texas/24-008749-003/2024(H5N1)	1883	2141
PB1|PP755595.1|A/cattle/Texas/24-008749-003/2024(H5N1)	1884	2143
PB1|PP755595.1|A/cattle/Texas/24-008749-003/2024(H5N1)	1885	2161
PB1|PP755595.1|A/cattle/Texas/24-008749-003/2024(H5N1)	1886	2161
PB1|PP755595.1|A/cattle/Texas/24-008749-003/2024(H5N1)	1887	2161
PB1|PP755595.1|A/cattle/Texas/24-008749-003/2024(H5N1)	1888	2181
PB1|PP755595.1|A/cattle/Texas/24-008749-003/2024(H5N1)	1889	2182
PB1|PP755595.1|A/cattle/Texas/24-008749-003/2024(H5N1)	1890	2195
PB1|PP755595.1|A/cattle/Texas/24-008749-003/2024(H5N1)	1891	2904
PB1|PP755595.1|A/cattle/Texas/24-008749-003/2024(H5N1)	1892	2914
PB1|PP755595.1|A/cattle/Texas/24-008749-003/2024(H5N1)	1893	2916
PB1|PP755595.1|A/cattle/Texas/24-008749-003/2024(H5N1)	1894	2916
PB1|PP755595.1|A/cattle/Texas/24-008749-003/2024(H5N1)	1895	2921
PB1|PP755595.1|A/cattle/Texas/24-008749-003/2024(H5N1)	1896	2921
PB1|PP755595.1|A/cattle/Texas/24-008749-003/2024(H5N1)	1897	2933
PB1|PP755595.1|A/cattle/Texas/24-008749-003/2024(H5N1)	1898	2978
PB1|PP755595.1|A/cattle/Texas/24-008749-003/2024(H5N1)	1899	3000
PB1|PP755595.1|A/cattle/Texas/24-008749-003/2024(H5N1)	1900	3014
PB1|PP755595.1|A/cattle/Texas/24-008749-003/2024(H5N1)	1901	3014
PB1|PP755595.1|A/cattle/Texas/24-008749-003/2024(H5N1)	1902	3029
PB1|PP755595.1|A/cattle/Texas/24-008749-003/2024(H5N1)	1903	3054
PB1|PP755595.1|A/cattle/Texas/24-008749-003/2024(H5N1)	1904	3077
PB1|PP755595.1|A/cattle/Texas/24-008749-003/2024(H5N1)	1905	3082
PB1|PP755595.1|A/cattle/Texas/24-008749-003/2024(H5N1)	1906	3113
PB1|PP755595.1|A/cattle/Texas/24-008749-003/2024(H5N1)	1907	3121
PB1|PP755595.1|A/cattle/Texas/24-008749-003/2024(H5N1)	1908	3123
PB1|PP755595.1|A/cattle/Texas/24-008749-003/2024(H5N1)	1909	3152
PB1|PP755595.1|A/cattle/Texas/24-008749-003/2024(H5N1)	1910	3155
PB1|PP755595.1|A/cattle/Texas/24-008749-003/2024(H5N1)	1911	3155
PB1|PP755595.1|A/cattle/Texas/24-008749-003/2024(H5N1)	1912	3155
PB1|PP755595.1|A/cattle/Texas/24-008749-003/2024(H5N1)	1913	3159
PB1|PP755595.1|A/cattle/Texas/24-008749-003/2024(H5N1)	1914	3185
PB1|PP755595.1|A/cattle/Texas/24-008749-003/2024(H5N1)	1915	3251
PB1|PP755595.1|A/cattle/Texas/24-008749-003/2024(H5N1)	1916	3251
PB1|PP755595.1|A/cattle/Texas/24-008749-003/2024(H5N1)	1917	3249
PB1|PP755595.1|A/cattle/Texas/24-008749-003/2024(H5N1)	1918	3255
PB1|PP755595.1|A/cattle/Texas/24-008749-003/2024(H5N1)	1919	3299
PB1|PP755595.1|A/cattle/Texas/24-008749-003/2024(H5N1)	1920	3364
PB1|PP755595.1|A/cattle/Texas/24-008749-003/2024(H5N1)	1921	3457
PB1|PP755595.1|A/cattle/Texas/24-008749-003/2024(H5N1)	1922	3478
PB1|PP755595.1|A/cattle/Texas/24-008749-003/2024(H5N1)	1923	3492
PB1|PP755595.1|A/cattle/Texas/24-008749-003/2024(H5N1)	1924	3503
PB1|PP755595.1|A/cattle/Texas/24-008749-003/2024(H5N1)	1925	3611
PB1|PP755595.1|A/cattle/Texas/24-008749-003/2024(H5N1)	1926	3617
PB1|PP755595.1|A/cattle/Texas/24-008749-003/2024(H5N1)	1927	3653
PB1|PP755595.1|A/cattle/Texas/24-008749-003/2024(H5N1)	1928	3661
PB1|PP755595.1|A/cattle/Texas/24-008749-003/2024(H5N1)	1929	3662
PB1|PP755595.1|A/cattle/Texas/24-008749-003/2024(H5N1)	1930	3705
PB1|PP755595.1|A/cattle/Texas/24-008749-003/2024(H5N1)	1931	3705
PB1|PP755595.1|A/cattle/Texas/24-008749-003/2024(H5N1)	1932	3752
PB1|PP755595.1|A/cattle/Texas/24-008749-003/2024(H5N1)	1933	3752
PB1|PP755595.1|A/cattle/Texas/24-008749-003/2024(H5N1)	1934	3710
PB1|PP755595.1|A/cattle/Texas/24-008749-003/2024(H5N1)	1935	3694
PB1|PP755595.1|A/cattle/Texas/24-008749-003/2024(H5N1)	1936	3685
PB1|PP755595.1|A/cattle/Texas/24-008749-003/2024(H5N1)	1937	3684
PB1|PP755595.1|A/cattle/Texas/24-008749-003/2024(H5N1)	1938	3683
PB1|PP755595.1|A/cattle/Texas/24-008749-003/2024(H5N1)	1939	3630
PB1|PP755595.1|A/cattle/Texas/24-008749-003/2024(H5N1)	1940	3616
PB1|PP755595.1|A/cattle/Texas/24-008749-003/2024(H5N1)	1941	3554
PB1|PP755595.1|A/cattle/Texas/24-008749-003/2024(H5N1)	1942	3547
PB1|PP755595.1|A/cattle/Texas/24-008749-003/2024(H5N1)	1943	3466
PB1|PP755595.1|A/cattle/Texas/24-008749-003/2024(H5N1)	1944	2764
PB1|PP755595.1|A/cattle/Texas/24-008749-003/2024(H5N1)	1945	2754
PB1|PP755595.1|A/cattle/Texas/24-008749-003/2024(H5N1)	1946	2742
PB1|PP755595.1|A/cattle/Texas/24-008749-003/2024(H5N1)	1947	2742
PB1|PP755595.1|A/cattle/Texas/24-008749-003/2024(H5N1)	1948	2742
PB1|PP755595.1|A/cattle/Texas/24-008749-003/2024(H5N1)	1949	2742
PB1|PP755595.1|A/cattle/Texas/24-008749-003/2024(H5N1)	1950	2730
PB1|PP755595.1|A/cattle/Texas/24-008749-003/2024(H5N1)	1951	2730
PB1|PP755595.1|A/cattle/Texas/24-008749-003/2024(H5N1)	1952	2730
PB1|PP755595.1|A/cattle/Texas/24-008749-003/2024(H5N1)	1953	2730
PB1|PP755595.1|A/cattle/Texas/24-008749-003/2024(H5N1)	1954	2730
PB1|PP755595.1|A/cattle/Texas/24-008749-003/2024(H5N1)	1955	2729
PB1|PP755595.1|A/cattle/Texas/24-008749-003/2024(H5N1)	1956	2717
PB1|PP755595.1|A/cattle/Texas/24-008749-003/2024(H5N1)	1957	2717
PB1|PP755595.1|A/cattle/Texas/24-008749-003/2024(H5N1)	1958	2717
PB1|PP755595.1|A/cattle/Texas/24-008749-003/2024(H5N1)	1959	2717
PB1|PP755595.1|A/cattle/Texas/24-008749-003/2024(H5N1)	1960	2717
PB1|PP755595.1|A/cattle/Texas/24-008749-003/2024(H5N1)	1961	2717
PB1|PP755595.1|A/cattle/Texas/24-008749-003/2024(H5N1)	1962	2715
PB1|PP755595.1|A/cattle/Texas/24-008749-003/2024(H5N1)	1963	3056
PB1|PP755595.1|A/cattle/Texas/24-008749-003/2024(H5N1)	1964	3058
PB1|PP755595.1|A/cattle/Texas/24-008749-003/2024(H5N1)	1965	3063
PB1|PP755595.1|A/cattle/Texas/24-008749-003/2024(H5N1)	1966	3260
PB1|PP755595.1|A/cattle/Texas/24-008749-003/2024(H5N1)	1967	3267
PB1|PP755595.1|A/cattle/Texas/24-008749-003/2024(H5N1)	1968	3362
PB1|PP755595.1|A/cattle/Texas/24-008749-003/2024(H5N1)	1969	3362
PB1|PP755595.1|A/cattle/Texas/24-008749-003/2024(H5N1)	1970	3323
PB1|PP755595.1|A/cattle/Texas/24-008749-003/2024(H5N1)	1971	3315
PB1|PP755595.1|A/cattle/Texas/24-008749-003/2024(H5N1)	1972	3313
PB1|PP755595.1|A/cattle/Texas/24-008749-003/2024(H5N1)	1973	3313
PB1|PP755595.1|A/cattle/Texas/24-008749-003/2024(H5N1)	1974	3304
PB1|PP755595.1|A/cattle/Texas/24-008749-003/2024(H5N1)	1975	3128
PB1|PP755595.1|A/cattle/Texas/24-008749-003/2024(H5N1)	1976	3123
PB1|PP755595.1|A/cattle/Texas/24-008749-003/2024(H5N1)	1977	3039
PB1|PP755595.1|A/cattle/Texas/24-008749-003/2024(H5N1)	1978	3037
PB1|PP755595.1|A/cattle/Texas/24-008749-003/2024(H5N1)	1979	3022
PB1|PP755595.1|A/cattle/Texas/24-008749-003/2024(H5N1)	1980	2980
PB1|PP755595.1|A/cattle/Texas/24-008749-003/2024(H5N1)	1981	2979
PB1|PP755595.1|A/cattle/Texas/24-008749-003/2024(H5N1)	1982	2979
PB1|PP755595.1|A/cattle/Texas/24-008749-003/2024(H5N1)	1983	2211
PB1|PP755595.1|A/cattle/Texas/24-008749-003/2024(H5N1)	1984	2198
PB1|PP755595.1|A/cattle/Texas/24-008749-003/2024(H5N1)	1985	2172
PB1|PP755595.1|A/cattle/Texas/24-008749-003/2024(H5N1)	1986	2158
PB1|PP755595.1|A/cattle/Texas/24-008749-003/2024(H5N1)	1987	2158
PB1|PP755595.1|A/cattle/Texas/24-008749-003/2024(H5N1)	1988	2158
PB1|PP755595.1|A/cattle/Texas/24-008749-003/2024(H5N1)	1989	2155
PB1|PP755595.1|A/cattle/Texas/24-008749-003/2024(H5N1)	1990	2157
PB1|PP755595.1|A/cattle/Texas/24-008749-003/2024(H5N1)	1991	2157
PB1|PP755595.1|A/cattle/Texas/24-008749-003/2024(H5N1)	1992	2157
PB1|PP755595.1|A/cattle/Texas/24-008749-003/2024(H5N1)	1993	2162
PB1|PP755595.1|A/cattle/Texas/24-008749-003/2024(H5N1)	1994	2144
PB1|PP755595.1|A/cattle/Texas/24-008749-003/2024(H5N1)	1995	2142
PB1|PP755595.1|A/cattle/Texas/24-008749-003/2024(H5N1)	1996	2167
PB1|PP755595.1|A/cattle/Texas/24-008749-003/2024(H5N1)	1997	2167
PB1|PP755595.1|A/cattle/Texas/24-008749-003/2024(H5N1)	1998	2168
PB1|PP755595.1|A/cattle/Texas/24-008749-003/2024(H5N1)	1999	2093
PB1|PP755595.1|A/cattle/Texas/24-008749-003/2024(H5N1)	2000	2079
PB1|PP755595.1|A/cattle/Texas/24-008749-003/2024(H5N1)	2001	1920
PB1|PP755595.1|A/cattle/Texas/24-008749-003/2024(H5N1)	2002	1956
PB1|PP755595.1|A/cattle/Texas/24-008749-003/2024(H5N1)	2003	1956
PB1|PP755595.1|A/cattle/Texas/24-008749-003/2024(H5N1)	2004	1954
PB1|PP755595.1|A/cattle/Texas/24-008749-003/2024(H5N1)	2005	1954
PB1|PP755595.1|A/cattle/Texas/24-008749-003/2024(H5N1)	2006	1920
PB1|PP755595.1|A/cattle/Texas/24-008749-003/2024(H5N1)	2007	1918
PB1|PP755595.1|A/cattle/Texas/24-008749-003/2024(H5N1)	2008	1918
PB1|PP755595.1|A/cattle/Texas/24-008749-003/2024(H5N1)	2009	1894
PB1|PP755595.1|A/cattle/Texas/24-008749-003/2024(H5N1)	2010	1893
PB1|PP755595.1|A/cattle/Texas/24-008749-003/2024(H5N1)	2011	1845
PB1|PP755595.1|A/cattle/Texas/24-008749-003/2024(H5N1)	2012	1845
PB1|PP755595.1|A/cattle/Texas/24-008749-003/2024(H5N1)	2013	1833
PB1|PP755595.1|A/cattle/Texas/24-008749-003/2024(H5N1)	2014	1809
PB1|PP755595.1|A/cattle/Texas/24-008749-003/2024(H5N1)	2015	1809
PB1|PP755595.1|A/cattle/Texas/24-008749-003/2024(H5N1)	2016	1809
PB1|PP755595.1|A/cattle/Texas/24-008749-003/2024(H5N1)	2017	1814
PB1|PP755595.1|A/cattle/Texas/24-008749-003/2024(H5N1)	2018	1817
PB1|PP755595.1|A/cattle/Texas/24-008749-003/2024(H5N1)	2019	1784
PB1|PP755595.1|A/cattle/Texas/24-008749-003/2024(H5N1)	2020	1810
PB1|PP755595.1|A/cattle/Texas/24-008749-003/2024(H5N1)	2021	1860
PB1|PP755595.1|A/cattle/Texas/24-008749-003/2024(H5N1)	2022	1966
PB1|PP755595.1|A/cattle/Texas/24-008749-003/2024(H5N1)	2023	2080
PB1|PP755595.1|A/cattle/Texas/24-008749-003/2024(H5N1)	2024	2056
PB1|PP755595.1|A/cattle/Texas/24-008749-003/2024(H5N1)	2025	2055
PB1|PP755595.1|A/cattle/Texas/24-008749-003/2024(H5N1)	2026	2069
PB1|PP755595.1|A/cattle/Texas/24-008749-003/2024(H5N1)	2027	2092
PB1|PP755595.1|A/cattle/Texas/24-008749-003/2024(H5N1)	2028	2095
PB1|PP755595.1|A/cattle/Texas/24-008749-003/2024(H5N1)	2029	2079
PB1|PP755595.1|A/cattle/Texas/24-008749-003/2024(H5N1)	2030	2012
PB1|PP755595.1|A/cattle/Texas/24-008749-003/2024(H5N1)	2031	1917
PB1|PP755595.1|A/cattle/Texas/24-008749-003/2024(H5N1)	2032	1933
PB1|PP755595.1|A/cattle/Texas/24-008749-003/2024(H5N1)	2033	1967
PB1|PP755595.1|A/cattle/Texas/24-008749-003/2024(H5N1)	2034	2054
PB1|PP755595.1|A/cattle/Texas/24-008749-003/2024(H5N1)	2035	3274
PB1|PP755595.1|A/cattle/Texas/24-008749-003/2024(H5N1)	2036	3276
PB1|PP755595.1|A/cattle/Texas/24-008749-003/2024(H5N1)	2037	3303
PB1|PP755595.1|A/cattle/Texas/24-008749-003/2024(H5N1)	2038	3307
PB1|PP755595.1|A/cattle/Texas/24-008749-003/2024(H5N1)	2039	3325
PB1|PP755595.1|A/cattle/Texas/24-008749-003/2024(H5N1)	2040	3367
PB1|PP755595.1|A/cattle/Texas/24-008749-003/2024(H5N1)	2041	3355
PB1|PP755595.1|A/cattle/Texas/24-008749-003/2024(H5N1)	2042	3338
PB1|PP755595.1|A/cattle/Texas/24-008749-003/2024(H5N1)	2043	3355
PB1|PP755595.1|A/cattle/Texas/24-008749-003/2024(H5N1)	2044	3354
PB1|PP755595.1|A/cattle/Texas/24-008749-003/2024(H5N1)	2045	3373
PB1|PP755595.1|A/cattle/Texas/24-008749-003/2024(H5N1)	2046	3366
PB1|PP755595.1|A/cattle/Texas/24-008749-003/2024(H5N1)	2047	3340
PB1|PP755595.1|A/cattle/Texas/24-008749-003/2024(H5N1)	2048	3320
PB1|PP755595.1|A/cattle/Texas/24-008749-003/2024(H5N1)	2049	3320
PB1|PP755595.1|A/cattle/Texas/24-008749-003/2024(H5N1)	2050	3319
PB1|PP755595.1|A/cattle/Texas/24-008749-003/2024(H5N1)	2051	3304
PB1|PP755595.1|A/cattle/Texas/24-008749-003/2024(H5N1)	2052	3255
PB1|PP755595.1|A/cattle/Texas/24-008749-003/2024(H5N1)	2053	3259
PB1|PP755595.1|A/cattle/Texas/24-008749-003/2024(H5N1)	2054	3261
PB1|PP755595.1|A/cattle/Texas/24-008749-003/2024(H5N1)	2055	3252
PB1|PP755595.1|A/cattle/Texas/24-008749-003/2024(H5N1)	2056	3414
PB1|PP755595.1|A/cattle/Texas/24-008749-003/2024(H5N1)	2057	3416
PB1|PP755595.1|A/cattle/Texas/24-008749-003/2024(H5N1)	2058	3416
PB1|PP755595.1|A/cattle/Texas/24-008749-003/2024(H5N1)	2059	3426
PB1|PP755595.1|A/cattle/Texas/24-008749-003/2024(H5N1)	2060	3396
PB1|PP755595.1|A/cattle/Texas/24-008749-003/2024(H5N1)	2061	3409
PB1|PP755595.1|A/cattle/Texas/24-008749-003/2024(H5N1)	2062	3440
PB1|PP755595.1|A/cattle/Texas/24-008749-003/2024(H5N1)	2063	3436
PB1|PP755595.1|A/cattle/Texas/24-008749-003/2024(H5N1)	2064	3431
PB1|PP755595.1|A/cattle/Texas/24-008749-003/2024(H5N1)	2065	3353
PB1|PP755595.1|A/cattle/Texas/24-008749-003/2024(H5N1)	2066	3332
PB1|PP755595.1|A/cattle/Texas/24-008749-003/2024(H5N1)	2067	2971
PB1|PP755595.1|A/cattle/Texas/24-008749-003/2024(H5N1)	2068	2952
PB1|PP755595.1|A/cattle/Texas/24-008749-003/2024(H5N1)	2069	2923
PB1|PP755595.1|A/cattle/Texas/24-008749-003/2024(H5N1)	2070	2906
PB1|PP755595.1|A/cattle/Texas/24-008749-003/2024(H5N1)	2071	2926
PB1|PP755595.1|A/cattle/Texas/24-008749-003/2024(H5N1)	2072	2927
PB1|PP755595.1|A/cattle/Texas/24-008749-003/2024(H5N1)	2073	2932
PB1|PP755595.1|A/cattle/Texas/24-008749-003/2024(H5N1)	2074	3115
PB1|PP755595.1|A/cattle/Texas/24-008749-003/2024(H5N1)	2075	3141
PB1|PP755595.1|A/cattle/Texas/24-008749-003/2024(H5N1)	2076	3157
PB1|PP755595.1|A/cattle/Texas/24-008749-003/2024(H5N1)	2077	3160
PB1|PP755595.1|A/cattle/Texas/24-008749-003/2024(H5N1)	2078	3162
PB1|PP755595.1|A/cattle/Texas/24-008749-003/2024(H5N1)	2079	3162
PB1|PP755595.1|A/cattle/Texas/24-008749-003/2024(H5N1)	2080	3162
PB1|PP755595.1|A/cattle/Texas/24-008749-003/2024(H5N1)	2081	3168
PB1|PP755595.1|A/cattle/Texas/24-008749-003/2024(H5N1)	2082	3178
PB1|PP755595.1|A/cattle/Texas/24-008749-003/2024(H5N1)	2083	3193
PB1|PP755595.1|A/cattle/Texas/24-008749-003/2024(H5N1)	2084	3224
PB1|PP755595.1|A/cattle/Texas/24-008749-003/2024(H5N1)	2085	3251
PB1|PP755595.1|A/cattle/Texas/24-008749-003/2024(H5N1)	2086	3254
PB1|PP755595.1|A/cattle/Texas/24-008749-003/2024(H5N1)	2087	3254
PB1|PP755595.1|A/cattle/Texas/24-008749-003/2024(H5N1)	2088	3126
PB1|PP755595.1|A/cattle/Texas/24-008749-003/2024(H5N1)	2089	3134
PB1|PP755595.1|A/cattle/Texas/24-008749-003/2024(H5N1)	2090	3134
PB1|PP755595.1|A/cattle/Texas/24-008749-003/2024(H5N1)	2091	3134
PB1|PP755595.1|A/cattle/Texas/24-008749-003/2024(H5N1)	2092	3277
PB1|PP755595.1|A/cattle/Texas/24-008749-003/2024(H5N1)	2093	3345
PB1|PP755595.1|A/cattle/Texas/24-008749-003/2024(H5N1)	2094	3356
PB1|PP755595.1|A/cattle/Texas/24-008749-003/2024(H5N1)	2095	3364
PB1|PP755595.1|A/cattle/Texas/24-008749-003/2024(H5N1)	2096	3414
PB1|PP755595.1|A/cattle/Texas/24-008749-003/2024(H5N1)	2097	3429
PB1|PP755595.1|A/cattle/Texas/24-008749-003/2024(H5N1)	2098	3473
PB1|PP755595.1|A/cattle/Texas/24-008749-003/2024(H5N1)	2099	3488
PB1|PP755595.1|A/cattle/Texas/24-008749-003/2024(H5N1)	2100	3465
PB1|PP755595.1|A/cattle/Texas/24-008749-003/2024(H5N1)	2101	3465
PB1|PP755595.1|A/cattle/Texas/24-008749-003/2024(H5N1)	2102	3461
PB1|PP755595.1|A/cattle/Texas/24-008749-003/2024(H5N1)	2103	3340
PB1|PP755595.1|A/cattle/Texas/24-008749-003/2024(H5N1)	2104	3343
PB1|PP755595.1|A/cattle/Texas/24-008749-003/2024(H5N1)	2105	3359
PB1|PP755595.1|A/cattle/Texas/24-008749-003/2024(H5N1)	2106	3568
PB1|PP755595.1|A/cattle/Texas/24-008749-003/2024(H5N1)	2107	3676
PB1|PP755595.1|A/cattle/Texas/24-008749-003/2024(H5N1)	2108	3680
PB1|PP755595.1|A/cattle/Texas/24-008749-003/2024(H5N1)	2109	3720
PB1|PP755595.1|A/cattle/Texas/24-008749-003/2024(H5N1)	2110	3791
PB1|PP755595.1|A/cattle/Texas/24-008749-003/2024(H5N1)	2111	3813
PB1|PP755595.1|A/cattle/Texas/24-008749-003/2024(H5N1)	2112	3849
PB1|PP755595.1|A/cattle/Texas/24-008749-003/2024(H5N1)	2113	3861
PB1|PP755595.1|A/cattle/Texas/24-008749-003/2024(H5N1)	2114	3854
PB1|PP755595.1|A/cattle/Texas/24-008749-003/2024(H5N1)	2115	3863
PB1|PP755595.1|A/cattle/Texas/24-008749-003/2024(H5N1)	2116	3761
PB1|PP755595.1|A/cattle/Texas/24-008749-003/2024(H5N1)	2117	3668
PB1|PP755595.1|A/cattle/Texas/24-008749-003/2024(H5N1)	2118	3720
PB1|PP755595.1|A/cattle/Texas/24-008749-003/2024(H5N1)	2119	3625
PB1|PP755595.1|A/cattle/Texas/24-008749-003/2024(H5N1)	2120	3625
PB1|PP755595.1|A/cattle/Texas/24-008749-003/2024(H5N1)	2121	3536
PB1|PP755595.1|A/cattle/Texas/24-008749-003/2024(H5N1)	2122	3554
PB1|PP755595.1|A/cattle/Texas/24-008749-003/2024(H5N1)	2123	3555
PB1|PP755595.1|A/cattle/Texas/24-008749-003/2024(H5N1)	2124	3555
PB1|PP755595.1|A/cattle/Texas/24-008749-003/2024(H5N1)	2125	3575
PB1|PP755595.1|A/cattle/Texas/24-008749-003/2024(H5N1)	2126	3598
PB1|PP755595.1|A/cattle/Texas/24-008749-003/2024(H5N1)	2127	3613
PB1|PP755595.1|A/cattle/Texas/24-008749-003/2024(H5N1)	2128	3617
PB1|PP755595.1|A/cattle/Texas/24-008749-003/2024(H5N1)	2129	3618
PB1|PP755595.1|A/cattle/Texas/24-008749-003/2024(H5N1)	2130	3655
PB1|PP755595.1|A/cattle/Texas/24-008749-003/2024(H5N1)	2131	3664
PB1|PP755595.1|A/cattle/Texas/24-008749-003/2024(H5N1)	2132	3658
PB1|PP755595.1|A/cattle/Texas/24-008749-003/2024(H5N1)	2133	3631
PB1|PP755595.1|A/cattle/Texas/24-008749-003/2024(H5N1)	2134	3743
PB1|PP755595.1|A/cattle/Texas/24-008749-003/2024(H5N1)	2135	3611
PB1|PP755595.1|A/cattle/Texas/24-008749-003/2024(H5N1)	2136	3611
PB1|PP755595.1|A/cattle/Texas/24-008749-003/2024(H5N1)	2137	3611
PB1|PP755595.1|A/cattle/Texas/24-008749-003/2024(H5N1)	2138	3621
PB1|PP755595.1|A/cattle/Texas/24-008749-003/2024(H5N1)	2139	3622
PB1|PP755595.1|A/cattle/Texas/24-008749-003/2024(H5N1)	2140	3782
PB1|PP755595.1|A/cattle/Texas/24-008749-003/2024(H5N1)	2141	3752
PB1|PP755595.1|A/cattle/Texas/24-008749-003/2024(H5N1)	2142	3754
PB1|PP755595.1|A/cattle/Texas/24-008749-003/2024(H5N1)	2143	3698
PB1|PP755595.1|A/cattle/Texas/24-008749-003/2024(H5N1)	2144	3691
PB1|PP755595.1|A/cattle/Texas/24-008749-003/2024(H5N1)	2145	3678
PB1|PP755595.1|A/cattle/Texas/24-008749-003/2024(H5N1)	2146	3688
PB1|PP755595.1|A/cattle/Texas/24-008749-003/2024(H5N1)	2147	3674
PB1|PP755595.1|A/cattle/Texas/24-008749-003/2024(H5N1)	2148	3681
PB1|PP755595.1|A/cattle/Texas/24-008749-003/2024(H5N1)	2149	3682
PB1|PP755595.1|A/cattle/Texas/24-008749-003/2024(H5N1)	2150	3677
PB1|PP755595.1|A/cattle/Texas/24-008749-003/2024(H5N1)	2151	3645
PB1|PP755595.1|A/cattle/Texas/24-008749-003/2024(H5N1)	2152	3414
PB1|PP755595.1|A/cattle/Texas/24-008749-003/2024(H5N1)	2153	3378
PB1|PP755595.1|A/cattle/Texas/24-008749-003/2024(H5N1)	2154	3397
PB1|PP755595.1|A/cattle/Texas/24-008749-003/2024(H5N1)	2155	3399
PB1|PP755595.1|A/cattle/Texas/24-008749-003/2024(H5N1)	2156	3373
PB1|PP755595.1|A/cattle/Texas/24-008749-003/2024(H5N1)	2157	3382
PB1|PP755595.1|A/cattle/Texas/24-008749-003/2024(H5N1)	2158	3343
PB1|PP755595.1|A/cattle/Texas/24-008749-003/2024(H5N1)	2159	3313
PB1|PP755595.1|A/cattle/Texas/24-008749-003/2024(H5N1)	2160	3311
PB1|PP755595.1|A/cattle/Texas/24-008749-003/2024(H5N1)	2161	3283
PB1|PP755595.1|A/cattle/Texas/24-008749-003/2024(H5N1)	2162	3283
PB1|PP755595.1|A/cattle/Texas/24-008749-003/2024(H5N1)	2163	3286
PB1|PP755595.1|A/cattle/Texas/24-008749-003/2024(H5N1)	2164	3275
PB1|PP755595.1|A/cattle/Texas/24-008749-003/2024(H5N1)	2165	3232
PB1|PP755595.1|A/cattle/Texas/24-008749-003/2024(H5N1)	2166	3533
PB1|PP755595.1|A/cattle/Texas/24-008749-003/2024(H5N1)	2167	3524
PB1|PP755595.1|A/cattle/Texas/24-008749-003/2024(H5N1)	2168	3519
PB1|PP755595.1|A/cattle/Texas/24-008749-003/2024(H5N1)	2169	3606
PB1|PP755595.1|A/cattle/Texas/24-008749-003/2024(H5N1)	2170	3606
PB1|PP755595.1|A/cattle/Texas/24-008749-003/2024(H5N1)	2171	3648
PB1|PP755595.1|A/cattle/Texas/24-008749-003/2024(H5N1)	2172	3501
PB1|PP755595.1|A/cattle/Texas/24-008749-003/2024(H5N1)	2173	3477
PB1|PP755595.1|A/cattle/Texas/24-008749-003/2024(H5N1)	2174	3383
PB1|PP755595.1|A/cattle/Texas/24-008749-003/2024(H5N1)	2175	3383
PB1|PP755595.1|A/cattle/Texas/24-008749-003/2024(H5N1)	2176	3371
PB1|PP755595.1|A/cattle/Texas/24-008749-003/2024(H5N1)	2177	3338
PB1|PP755595.1|A/cattle/Texas/24-008749-003/2024(H5N1)	2178	3332
PB1|PP755595.1|A/cattle/Texas/24-008749-003/2024(H5N1)	2179	3325
PB1|PP755595.1|A/cattle/Texas/24-008749-003/2024(H5N1)	2180	3321
PB1|PP755595.1|A/cattle/Texas/24-008749-003/2024(H5N1)	2181	3327
PB1|PP755595.1|A/cattle/Texas/24-008749-003/2024(H5N1)	2182	3324
PB1|PP755595.1|A/cattle/Texas/24-008749-003/2024(H5N1)	2183	3299
PB1|PP755595.1|A/cattle/Texas/24-008749-003/2024(H5N1)	2184	3172
PB1|PP755595.1|A/cattle/Texas/24-008749-003/2024(H5N1)	2185	3182
PB1|PP755595.1|A/cattle/Texas/24-008749-003/2024(H5N1)	2186	3178
PB1|PP755595.1|A/cattle/Texas/24-008749-003/2024(H5N1)	2187	3177
PB1|PP755595.1|A/cattle/Texas/24-008749-003/2024(H5N1)	2188	3148
PB1|PP755595.1|A/cattle/Texas/24-008749-003/2024(H5N1)	2189	3148
PB1|PP755595.1|A/cattle/Texas/24-008749-003/2024(H5N1)	2190	3083
PB1|PP755595.1|A/cattle/Texas/24-008749-003/2024(H5N1)	2191	3083
PB1|PP755595.1|A/cattle/Texas/24-008749-003/2024(H5N1)	2192	3097
PB1|PP755595.1|A/cattle/Texas/24-008749-003/2024(H5N1)	2193	3088
PB1|PP755595.1|A/cattle/Texas/24-008749-003/2024(H5N1)	2194	3043
PB1|PP755595.1|A/cattle/Texas/24-008749-003/2024(H5N1)	2195	3024
PB1|PP755595.1|A/cattle/Texas/24-008749-003/2024(H5N1)	2196	3010
PB1|PP755595.1|A/cattle/Texas/24-008749-003/2024(H5N1)	2197	3009
PB1|PP755595.1|A/cattle/Texas/24-008749-003/2024(H5N1)	2198	3007
PB1|PP755595.1|A/cattle/Texas/24-008749-003/2024(H5N1)	2199	3004
PB1|PP755595.1|A/cattle/Texas/24-008749-003/2024(H5N1)	2200	2964
PB1|PP755595.1|A/cattle/Texas/24-008749-003/2024(H5N1)	2201	2907
PB1|PP755595.1|A/cattle/Texas/24-008749-003/2024(H5N1)	2202	2888
PB1|PP755595.1|A/cattle/Texas/24-008749-003/2024(H5N1)	2203	2873
PB1|PP755595.1|A/cattle/Texas/24-008749-003/2024(H5N1)	2204	2859
PB1|PP755595.1|A/cattle/Texas/24-008749-003/2024(H5N1)	2205	2856
PB1|PP755595.1|A/cattle/Texas/24-008749-003/2024(H5N1)	2206	2853
PB1|PP755595.1|A/cattle/Texas/24-008749-003/2024(H5N1)	2207	2797
PB1|PP755595.1|A/cattle/Texas/24-008749-003/2024(H5N1)	2208	2795
PB1|PP755595.1|A/cattle/Texas/24-008749-003/2024(H5N1)	2209	2801
PB1|PP755595.1|A/cattle/Texas/24-008749-003/2024(H5N1)	2210	2801
PB1|PP755595.1|A/cattle/Texas/24-008749-003/2024(H5N1)	2211	2769
PB1|PP755595.1|A/cattle/Texas/24-008749-003/2024(H5N1)	2212	2740
PB1|PP755595.1|A/cattle/Texas/24-008749-003/2024(H5N1)	2213	2730
PB1|PP755595.1|A/cattle/Texas/24-008749-003/2024(H5N1)	2214	2725
PB1|PP755595.1|A/cattle/Texas/24-008749-003/2024(H5N1)	2215	2735
PB1|PP755595.1|A/cattle/Texas/24-008749-003/2024(H5N1)	2216	2714
PB1|PP755595.1|A/cattle/Texas/24-008749-003/2024(H5N1)	2217	2716
PB1|PP755595.1|A/cattle/Texas/24-008749-003/2024(H5N1)	2218	2686
PB1|PP755595.1|A/cattle/Texas/24-008749-003/2024(H5N1)	2219	2686
PB1|PP755595.1|A/cattle/Texas/24-008749-003/2024(H5N1)	2220	2661
PB1|PP755595.1|A/cattle/Texas/24-008749-003/2024(H5N1)	2221	2655
PB1|PP755595.1|A/cattle/Texas/24-008749-003/2024(H5N1)	2222	2631
PB1|PP755595.1|A/cattle/Texas/24-008749-003/2024(H5N1)	2223	2630
PB1|PP755595.1|A/cattle/Texas/24-008749-003/2024(H5N1)	2224	2629
PB1|PP755595.1|A/cattle/Texas/24-008749-003/2024(H5N1)	2225	2536
PB1|PP755595.1|A/cattle/Texas/24-008749-003/2024(H5N1)	2226	2527
PB1|PP755595.1|A/cattle/Texas/24-008749-003/2024(H5N1)	2227	2523
PB1|PP755595.1|A/cattle/Texas/24-008749-003/2024(H5N1)	2228	2519
PB1|PP755595.1|A/cattle/Texas/24-008749-003/2024(H5N1)	2229	2523
PB1|PP755595.1|A/cattle/Texas/24-008749-003/2024(H5N1)	2230	2520
PB1|PP755595.1|A/cattle/Texas/24-008749-003/2024(H5N1)	2231	2537
PB1|PP755595.1|A/cattle/Texas/24-008749-003/2024(H5N1)	2232	2532
PB1|PP755595.1|A/cattle/Texas/24-008749-003/2024(H5N1)	2233	2531
PB1|PP755595.1|A/cattle/Texas/24-008749-003/2024(H5N1)	2234	2518
PB1|PP755595.1|A/cattle/Texas/24-008749-003/2024(H5N1)	2235	2494
PB1|PP755595.1|A/cattle/Texas/24-008749-003/2024(H5N1)	2236	2460
PB1|PP755595.1|A/cattle/Texas/24-008749-003/2024(H5N1)	2237	2457
PB1|PP755595.1|A/cattle/Texas/24-008749-003/2024(H5N1)	2238	2440
PB1|PP755595.1|A/cattle/Texas/24-008749-003/2024(H5N1)	2239	2387
PB1|PP755595.1|A/cattle/Texas/24-008749-003/2024(H5N1)	2240	2393
PB1|PP755595.1|A/cattle/Texas/24-008749-003/2024(H5N1)	2241	2392
PB1|PP755595.1|A/cattle/Texas/24-008749-003/2024(H5N1)	2242	2391
PB1|PP755595.1|A/cattle/Texas/24-008749-003/2024(H5N1)	2243	2389
PB1|PP755595.1|A/cattle/Texas/24-008749-003/2024(H5N1)	2244	2306
PB1|PP755595.1|A/cattle/Texas/24-008749-003/2024(H5N1)	2245	2303
PB1|PP755595.1|A/cattle/Texas/24-008749-003/2024(H5N1)	2246	2323
PB1|PP755595.1|A/cattle/Texas/24-008749-003/2024(H5N1)	2247	2258
PB1|PP755595.1|A/cattle/Texas/24-008749-003/2024(H5N1)	2248	2251
PB1|PP755595.1|A/cattle/Texas/24-008749-003/2024(H5N1)	2249	2192
PB1|PP755595.1|A/cattle/Texas/24-008749-003/2024(H5N1)	2250	2178
PB1|PP755595.1|A/cattle/Texas/24-008749-003/2024(H5N1)	2251	2162
PB1|PP755595.1|A/cattle/Texas/24-008749-003/2024(H5N1)	2252	2158
PB1|PP755595.1|A/cattle/Texas/24-008749-003/2024(H5N1)	2253	2156
PB1|PP755595.1|A/cattle/Texas/24-008749-003/2024(H5N1)	2254	2144
PB1|PP755595.1|A/cattle/Texas/24-008749-003/2024(H5N1)	2255	1878
PB1|PP755595.1|A/cattle/Texas/24-008749-003/2024(H5N1)	2256	1870
PB1|PP755595.1|A/cattle/Texas/24-008749-003/2024(H5N1)	2257	1800
PB1|PP755595.1|A/cattle/Texas/24-008749-003/2024(H5N1)	2258	1776
PB1|PP755595.1|A/cattle/Texas/24-008749-003/2024(H5N1)	2259	1776
PB1|PP755595.1|A/cattle/Texas/24-008749-003/2024(H5N1)	2260	1738
PB1|PP755595.1|A/cattle/Texas/24-008749-003/2024(H5N1)	2261	1709
PB1|PP755595.1|A/cattle/Texas/24-008749-003/2024(H5N1)	2262	1703
PB1|PP755595.1|A/cattle/Texas/24-008749-003/2024(H5N1)	2263	1667
PB1|PP755595.1|A/cattle/Texas/24-008749-003/2024(H5N1)	2264	1651
PB1|PP755595.1|A/cattle/Texas/24-008749-003/2024(H5N1)	2265	1570
PB1|PP755595.1|A/cattle/Texas/24-008749-003/2024(H5N1)	2266	1554
PB1|PP755595.1|A/cattle/Texas/24-008749-003/2024(H5N1)	2267	1550
PB1|PP755595.1|A/cattle/Texas/24-008749-003/2024(H5N1)	2268	1510
PB1|PP755595.1|A/cattle/Texas/24-008749-003/2024(H5N1)	2269	1509
PB1|PP755595.1|A/cattle/Texas/24-008749-003/2024(H5N1)	2270	1504
PB1|PP755595.1|A/cattle/Texas/24-008749-003/2024(H5N1)	2271	1502
PB1|PP755595.1|A/cattle/Texas/24-008749-003/2024(H5N1)	2272	1498
PB1|PP755595.1|A/cattle/Texas/24-008749-003/2024(H5N1)	2273	1467
PB1|PP755595.1|A/cattle/Texas/24-008749-003/2024(H5N1)	2274	1466
