PB2|PP755596.1|A/cattle/Texas/24-008749-003/2024(H5N1)	1	5168
PB2|PP755596.1|A/cattle/Texas/24-008749-003/2024(H5N1)	2	5217
PB2|PP755596.1|A/cattle/Texas/24-008749-003/2024(H5N1)	3	5277
PB2|PP755596.1|A/cattle/Texas/24-008749-003/2024(H5N1)	4	5287
PB2|PP755596.1|A/cattle/Texas/24-008749-003/2024(H5N1)	5	5327
PB2|PP755596.1|A/cattle/Texas/24-008749-003/2024(H5N1)	6	5347
PB2|PP755596.1|A/cattle/Texas/24-008749-003/2024(H5N1)	7	5357
PB2|PP755596.1|A/cattle/Texas/24-008749-003/2024(H5N1)	8	5853
PB2|PP755596.1|A/cattle/Texas/24-008749-003/2024(H5N1)	9	5894
PB2|PP755596.1|A/cattle/Texas/24-008749-003/2024(H5N1)	10	5911
PB2|PP755596.1|A/cattle/Texas/24-008749-003/2024(H5N1)	11	6027
PB2|PP755596.1|A/cattle/Texas/24-008749-003/2024(H5N1)	12	6035
PB2|PP755596.1|A/cattle/Texas/24-008749-003/2024(H5N1)	13	6056
PB2|PP755596.1|A/cattle/Texas/24-008749-003/2024(H5N1)	14	6072
PB2|PP755596.1|A/cattle/Texas/24-008749-003/2024(H5N1)	15	6084
PB2|PP755596.1|A/cattle/Texas/24-008749-003/2024(H5N1)	16	6195
PB2|PP755596.1|A/cattle/Texas/24-008749-003/2024(H5N1)	17	6218
PB2|PP755596.1|A/cattle/Texas/24-008749-003/2024(H5N1)	18	6230
PB2|PP755596.1|A/cattle/Texas/24-008749-003/2024(H5N1)	19	6291
PB2|PP755596.1|A/cattle/Texas/24-008749-003/2024(H5N1)	20	6297
PB2|PP755596.1|A/cattle/Texas/24-008749-003/2024(H5N1)	21	6341
PB2|PP755596.1|A/cattle/Texas/24-008749-003/2024(H5N1)	22	6344
PB2|PP755596.1|A/cattle/Texas/24-008749-003/2024(H5N1)	23	6360
PB2|PP755596.1|A/cattle/Texas/24-008749-003/2024(H5N1)	24	6393
PB2|PP755596.1|A/cattle/Texas/24-008749-003/2024(H5N1)	25	6644
PB2|PP755596.1|A/cattle/Texas/24-008749-003/2024(H5N1)	26	6761
PB2|PP755596.1|A/cattle/Texas/24-008749-003/2024(H5N1)	27	6772
PB2|PP755596.1|A/cattle/Texas/24-008749-003/2024(H5N1)	28	6795
PB2|PP755596.1|A/cattle/Texas/24-008749-003/2024(H5N1)	29	6833
PB2|PP755596.1|A/cattle/Texas/24-008749-003/2024(H5N1)	30	6869
PB2|PP755596.1|A/cattle/Texas/24-008749-003/2024(H5N1)	31	6947
PB2|PP755596.1|A/cattle/Texas/24-008749-003/2024(H5N1)	32	6995
PB2|PP755596.1|A/cattle/Texas/24-008749-003/2024(H5N1)	33	7033
PB2|PP755596.1|A/cattle/Texas/24-008749-003/2024(H5N1)	34	7103
PB2|PP755596.1|A/cattle/Texas/24-008749-003/2024(H5N1)	35	7112
PB2|PP755596.1|A/cattle/Texas/24-008749-003/2024(H5N1)	36	7112
PB2|PP755596.1|A/cattle/Texas/24-008749-003/2024(H5N1)	37	7130
PB2|PP755596.1|A/cattle/Texas/24-008749-003/2024(H5N1)	38	7131
PB2|PP755596.1|A/cattle/Texas/24-008749-003/2024(H5N1)	39	7491
PB2|PP755596.1|A/cattle/Texas/24-008749-003/2024(H5N1)	40	7572
PB2|PP755596.1|A/cattle/Texas/24-008749-003/2024(H5N1)	41	7575
PB2|PP755596.1|A/cattle/Texas/24-008749-003/2024(H5N1)	42	7574
PB2|PP755596.1|A/cattle/Texas/24-008749-003/2024(H5N1)	43	7580
PB2|PP755596.1|A/cattle/Texas/24-008749-003/2024(H5N1)	44	7592
PB2|PP755596.1|A/cattle/Texas/24-008749-003/2024(H5N1)	45	7638
PB2|PP755596.1|A/cattle/Texas/24-008749-003/2024(H5N1)	46	7658
PB2|PP755596.1|A/cattle/Texas/24-008749-003/2024(H5N1)	47	7700
PB2|PP755596.1|A/cattle/Texas/24-008749-003/2024(H5N1)	48	7686
PB2|PP755596.1|A/cattle/Texas/24-008749-003/2024(H5N1)	49	7833
PB2|PP755596.1|A/cattle/Texas/24-008749-003/2024(H5N1)	50	7847
PB2|PP755596.1|A/cattle/Texas/24-008749-003/2024(H5N1)	51	7874
PB2|PP755596.1|A/cattle/Texas/24-008749-003/2024(H5N1)	52	7875
PB2|PP755596.1|A/cattle/Texas/24-008749-003/2024(H5N1)	53	7898
PB2|PP755596.1|A/cattle/Texas/24-008749-003/2024(H5N1)	54	7954
PB2|PP755596.1|A/cattle/Texas/24-008749-003/2024(H5N1)	55	8237
PB2|PP755596.1|A/cattle/Texas/24-008749-003/2024(H5N1)	56	8288
PB2|PP755596.1|A/cattle/Texas/24-008749-003/2024(H5N1)	57	8312
PB2|PP755596.1|A/cattle/Texas/24-008749-003/2024(H5N1)	58	8321
PB2|PP755596.1|A/cattle/Texas/24-008749-003/2024(H5N1)	59	8326
PB2|PP755596.1|A/cattle/Texas/24-008749-003/2024(H5N1)	60	8417
PB2|PP755596.1|A/cattle/Texas/24-008749-003/2024(H5N1)	61	8518
PB2|PP755596.1|A/cattle/Texas/24-008749-003/2024(H5N1)	62	8543
PB2|PP755596.1|A/cattle/Texas/24-008749-003/2024(H5N1)	63	8634
PB2|PP755596.1|A/cattle/Texas/24-008749-003/2024(H5N1)	64	8636
PB2|PP755596.1|A/cattle/Texas/24-008749-003/2024(H5N1)	65	8676
PB2|PP755596.1|A/cattle/Texas/24-008749-003/2024(H5N1)	66	8728
PB2|PP755596.1|A/cattle/Texas/24-008749-003/2024(H5N1)	67	8763
PB2|PP755596.1|A/cattle/Texas/24-008749-003/2024(H5N1)	68	8823
PB2|PP755596.1|A/cattle/Texas/24-008749-003/2024(H5N1)	69	8568
PB2|PP755596.1|A/cattle/Texas/24-008749-003/2024(H5N1)	70	8581
PB2|PP755596.1|A/cattle/Texas/24-008749-003/2024(H5N1)	71	8704
PB2|PP755596.1|A/cattle/Texas/24-008749-003/2024(H5N1)	72	8716
PB2|PP755596.1|A/cattle/Texas/24-008749-003/2024(H5N1)	73	8929
PB2|PP755596.1|A/cattle/Texas/24-008749-003/2024(H5N1)	74	8952
PB2|PP755596.1|A/cattle/Texas/24-008749-003/2024(H5N1)	75	8968
PB2|PP755596.1|A/cattle/Texas/24-008749-003/2024(H5N1)	76	8975
PB2|PP755596.1|A/cattle/Texas/24-008749-003/2024(H5N1)	77	8996
PB2|PP755596.1|A/cattle/Texas/24-008749-003/2024(H5N1)	78	9123
PB2|PP755596.1|A/cattle/Texas/24-008749-003/2024(H5N1)	79	9147
PB2|PP755596.1|A/cattle/Texas/24-008749-003/2024(H5N1)	80	9143
PB2|PP755596.1|A/cattle/Texas/24-008749-003/2024(H5N1)	81	9174
PB2|PP755596.1|A/cattle/Texas/24-008749-003/2024(H5N1)	82	9174
PB2|PP755596.1|A/cattle/Texas/24-008749-003/2024(H5N1)	83	9176
PB2|PP755596.1|A/cattle/Texas/24-008749-003/2024(H5N1)	84	9204
PB2|PP755596.1|A/cattle/Texas/24-008749-003/2024(H5N1)	85	9372
PB2|PP755596.1|A/cattle/Texas/24-008749-003/2024(H5N1)	86	9290
PB2|PP755596.1|A/cattle/Texas/24-008749-003/2024(H5N1)	87	9294
PB2|PP755596.1|A/cattle/Texas/24-008749-003/2024(H5N1)	88	9297
PB2|PP755596.1|A/cattle/Texas/24-008749-003/2024(H5N1)	89	9331
PB2|PP755596.1|A/cattle/Texas/24-008749-003/2024(H5N1)	90	9344
PB2|PP755596.1|A/cattle/Texas/24-008749-003/2024(H5N1)	91	9452
PB2|PP755596.1|A/cattle/Texas/24-008749-003/2024(H5N1)	92	9482
PB2|PP755596.1|A/cattle/Texas/24-008749-003/2024(H5N1)	93	9498
PB2|PP755596.1|A/cattle/Texas/24-008749-003/2024(H5N1)	94	9501
PB2|PP755596.1|A/cattle/Texas/24-008749-003/2024(H5N1)	95	9501
PB2|PP755596.1|A/cattle/Texas/24-008749-003/2024(H5N1)	96	9536
PB2|PP755596.1|A/cattle/Texas/24-008749-003/2024(H5N1)	97	9579
PB2|PP755596.1|A/cattle/Texas/24-008749-003/2024(H5N1)	98	9571
PB2|PP755596.1|A/cattle/Texas/24-008749-003/2024(H5N1)	99	9657
PB2|PP755596.1|A/cattle/Texas/24-008749-003/2024(H5N1)	100	9650
PB2|PP755596.1|A/cattle/Texas/24-008749-003/2024(H5N1)	101	9666
PB2|PP755596.1|A/cattle/Texas/24-008749-003/2024(H5N1)	102	9689
PB2|PP755596.1|A/cattle/Texas/24-008749-003/2024(H5N1)	103	9686
PB2|PP755596.1|A/cattle/Texas/24-008749-003/2024(H5N1)	104	9777
PB2|PP755596.1|A/cattle/Texas/24-008749-003/2024(H5N1)	105	9743
PB2|PP755596.1|A/cattle/Texas/24-008749-003/2024(H5N1)	106	9755
PB2|PP755596.1|A/cattle/Texas/24-008749-003/2024(H5N1)	107	9752
PB2|PP755596.1|A/cattle/Texas/24-008749-003/2024(H5N1)	108	9696
PB2|PP755596.1|A/cattle/Texas/24-008749-003/2024(H5N1)	109	9691
PB2|PP755596.1|A/cattle/Texas/24-008749-003/2024(H5N1)	110	9698
PB2|PP755596.1|A/cattle/Texas/24-008749-003/2024(H5N1)	111	9726
PB2|PP755596.1|A/cattle/Texas/24-008749-003/2024(H5N1)	112	9713
PB2|PP755596.1|A/cattle/Texas/24-008749-003/2024(H5N1)	113	9658
PB2|PP755596.1|A/cattle/Texas/24-008749-003/2024(H5N1)	114	9592
PB2|PP755596.1|A/cattle/Texas/24-008749-003/2024(H5N1)	115	9610
PB2|PP755596.1|A/cattle/Texas/24-008749-003/2024(H5N1)	116	9624
PB2|PP755596.1|A/cattle/Texas/24-008749-003/2024(H5N1)	117	9627
PB2|PP755596.1|A/cattle/Texas/24-008749-003/2024(H5N1)	118	9683
PB2|PP755596.1|A/cattle/Texas/24-008749-003/2024(H5N1)	119	9709
PB2|PP755596.1|A/cattle/Texas/24-008749-003/2024(H5N1)	120	9717
PB2|PP755596.1|A/cattle/Texas/24-008749-003/2024(H5N1)	121	9739
PB2|PP755596.1|A/cattle/Texas/24-008749-003/2024(H5N1)	122	9683
PB2|PP755596.1|A/cattle/Texas/24-008749-003/2024(H5N1)	123	9608
PB2|PP755596.1|A/cattle/Texas/24-008749-003/2024(H5N1)	124	8054
PB2|PP755596.1|A/cattle/Texas/24-008749-003/2024(H5N1)	125	7614
PB2|PP755596.1|A/cattle/Texas/24-008749-003/2024(H5N1)	126	7024
PB2|PP755596.1|A/cattle/Texas/24-008749-003/2024(H5N1)	127	6987
PB2|PP755596.1|A/cattle/Texas/24-008749-003/2024(H5N1)	128	6946
PB2|PP755596.1|A/cattle/Texas/24-008749-003/2024(H5N1)	129	6932
PB2|PP755596.1|A/cattle/Texas/24-008749-003/2024(H5N1)	130	6890
PB2|PP755596.1|A/cattle/Texas/24-008749-003/2024(H5N1)	131	3729
PB2|PP755596.1|A/cattle/Texas/24-008749-003/2024(H5N1)	132	3711
PB2|PP755596.1|A/cattle/Texas/24-008749-003/2024(H5N1)	133	3561
PB2|PP755596.1|A/cattle/Texas/24-008749-003/2024(H5N1)	134	3537
PB2|PP755596.1|A/cattle/Texas/24-008749-003/2024(H5N1)	135	3521
PB2|PP755596.1|A/cattle/Texas/24-008749-003/2024(H5N1)	136	3502
PB2|PP755596.1|A/cattle/Texas/24-008749-003/2024(H5N1)	137	3546
PB2|PP755596.1|A/cattle/Texas/24-008749-003/2024(H5N1)	138	3482
PB2|PP755596.1|A/cattle/Texas/24-008749-003/2024(H5N1)	139	3484
PB2|PP755596.1|A/cattle/Texas/24-008749-003/2024(H5N1)	140	3332
PB2|PP755596.1|A/cattle/Texas/24-008749-003/2024(H5N1)	141	3348
PB2|PP755596.1|A/cattle/Texas/24-008749-003/2024(H5N1)	142	3327
PB2|PP755596.1|A/cattle/Texas/24-008749-003/2024(H5N1)	143	3278
PB2|PP755596.1|A/cattle/Texas/24-008749-003/2024(H5N1)	144	3283
PB2|PP755596.1|A/cattle/Texas/24-008749-003/2024(H5N1)	145	3198
PB2|PP755596.1|A/cattle/Texas/24-008749-003/2024(H5N1)	146	3194
PB2|PP755596.1|A/cattle/Texas/24-008749-003/2024(H5N1)	147	2350
PB2|PP755596.1|A/cattle/Texas/24-008749-003/2024(H5N1)	148	2327
PB2|PP755596.1|A/cattle/Texas/24-008749-003/2024(H5N1)	149	2317
PB2|PP755596.1|A/cattle/Texas/24-008749-003/2024(H5N1)	150	2349
PB2|PP755596.1|A/cattle/Texas/24-008749-003/2024(H5N1)	151	2352
PB2|PP755596.1|A/cattle/Texas/24-008749-003/2024(H5N1)	152	2358
PB2|PP755596.1|A/cattle/Texas/24-008749-003/2024(H5N1)	153	2363
PB2|PP755596.1|A/cattle/Texas/24-008749-003/2024(H5N1)	154	2364
PB2|PP755596.1|A/cattle/Texas/24-008749-003/2024(H5N1)	155	2366
PB2|PP755596.1|A/cattle/Texas/24-008749-003/2024(H5N1)	156	2342
PB2|PP755596.1|A/cattle/Texas/24-008749-003/2024(H5N1)	157	2352
PB2|PP755596.1|A/cattle/Texas/24-008749-003/2024(H5N1)	158	2351
PB2|PP755596.1|A/cattle/Texas/24-008749-003/2024(H5N1)	159	2268
PB2|PP755596.1|A/cattle/Texas/24-008749-003/2024(H5N1)	160	2260
PB2|PP755596.1|A/cattle/Texas/24-008749-003/2024(H5N1)	161	2257
PB2|PP755596.1|A/cattle/Texas/24-008749-003/2024(H5N1)	162	2249
PB2|PP755596.1|A/cattle/Texas/24-008749-003/2024(H5N1)	163	2052
PB2|PP755596.1|A/cattle/Texas/24-008749-003/2024(H5N1)	164	2094
PB2|PP755596.1|A/cattle/Texas/24-008749-003/2024(H5N1)	165	2095
PB2|PP755596.1|A/cattle/Texas/24-008749-003/2024(H5N1)	166	2099
PB2|PP755596.1|A/cattle/Texas/24-008749-003/2024(H5N1)	167	2106
PB2|PP755596.1|A/cattle/Texas/24-008749-003/2024(H5N1)	168	2108
PB2|PP755596.1|A/cattle/Texas/24-008749-003/2024(H5N1)	169	2109
PB2|PP755596.1|A/cattle/Texas/24-008749-003/2024(H5N1)	170	2118
PB2|PP755596.1|A/cattle/Texas/24-008749-003/2024(H5N1)	171	2103
PB2|PP755596.1|A/cattle/Texas/24-008749-003/2024(H5N1)	172	2042
PB2|PP755596.1|A/cattle/Texas/24-008749-003/2024(H5N1)	173	2091
PB2|PP755596.1|A/cattle/Texas/24-008749-003/2024(H5N1)	174	2082
PB2|PP755596.1|A/cattle/Texas/24-008749-003/2024(H5N1)	175	2094
PB2|PP755596.1|A/cattle/Texas/24-008749-003/2024(H5N1)	176	2094
PB2|PP755596.1|A/cattle/Texas/24-008749-003/2024(H5N1)	177	2090
PB2|PP755596.1|A/cattle/Texas/24-008749-003/2024(H5N1)	178	2093
PB2|PP755596.1|A/cattle/Texas/24-008749-003/2024(H5N1)	179	2103
PB2|PP755596.1|A/cattle/Texas/24-008749-003/2024(H5N1)	180	2112
PB2|PP755596.1|A/cattle/Texas/24-008749-003/2024(H5N1)	181	2117
PB2|PP755596.1|A/cattle/Texas/24-008749-003/2024(H5N1)	182	2094
PB2|PP755596.1|A/cattle/Texas/24-008749-003/2024(H5N1)	183	2092
PB2|PP755596.1|A/cattle/Texas/24-008749-003/2024(H5N1)	184	2058
PB2|PP755596.1|A/cattle/Texas/24-008749-003/2024(H5N1)	185	2062
PB2|PP755596.1|A/cattle/Texas/24-008749-003/2024(H5N1)	186	2072
PB2|PP755596.1|A/cattle/Texas/24-008749-003/2024(H5N1)	187	1960
PB2|PP755596.1|A/cattle/Texas/24-008749-003/2024(H5N1)	188	1962
PB2|PP755596.1|A/cattle/Texas/24-008749-003/2024(H5N1)	189	1957
PB2|PP755596.1|A/cattle/Texas/24-008749-003/2024(H5N1)	190	1965
PB2|PP755596.1|A/cattle/Texas/24-008749-003/2024(H5N1)	191	1958
PB2|PP755596.1|A/cattle/Texas/24-008749-003/2024(H5N1)	192	1896
PB2|PP755596.1|A/cattle/Texas/24-008749-003/2024(H5N1)	193	1908
PB2|PP755596.1|A/cattle/Texas/24-008749-003/2024(H5N1)	194	1816
PB2|PP755596.1|A/cattle/Texas/24-008749-003/2024(H5N1)	195	1814
PB2|PP755596.1|A/cattle/Texas/24-008749-003/2024(H5N1)	196	1814
PB2|PP755596.1|A/cattle/Texas/24-008749-003/2024(H5N1)	197	1823
PB2|PP755596.1|A/cattle/Texas/24-008749-003/2024(H5N1)	198	1811
PB2|PP755596.1|A/cattle/Texas/24-008749-003/2024(H5N1)	199	1797
PB2|PP755596.1|A/cattle/Texas/24-008749-003/2024(H5N1)	200	1770
PB2|PP755596.1|A/cattle/Texas/24-008749-003/2024(H5N1)	201	1772
PB2|PP755596.1|A/cattle/Texas/24-008749-003/2024(H5N1)	202	1771
PB2|PP755596.1|A/cattle/Texas/24-008749-003/2024(H5N1)	203	1731
PB2|PP755596.1|A/cattle/Texas/24-008749-003/2024(H5N1)	204	1730
PB2|PP755596.1|A/cattle/Texas/24-008749-003/2024(H5N1)	205	1711
PB2|PP755596.1|A/cattle/Texas/24-008749-003/2024(H5N1)	206	1574
PB2|PP755596.1|A/cattle/Texas/24-008749-003/2024(H5N1)	207	1454
PB2|PP755596.1|A/cattle/Texas/24-008749-003/2024(H5N1)	208	1450
PB2|PP755596.1|A/cattle/Texas/24-008749-003/2024(H5N1)	209	1464
PB2|PP755596.1|A/cattle/Texas/24-008749-003/2024(H5N1)	210	1471
PB2|PP755596.1|A/cattle/Texas/24-008749-003/2024(H5N1)	211	1446
PB2|PP755596.1|A/cattle/Texas/24-008749-003/2024(H5N1)	212	1439
PB2|PP755596.1|A/cattle/Texas/24-008749-003/2024(H5N1)	213	1436
PB2|PP755596.1|A/cattle/Texas/24-008749-003/2024(H5N1)	214	1409
PB2|PP755596.1|A/cattle/Texas/24-008749-003/2024(H5N1)	215	1398
PB2|PP755596.1|A/cattle/Texas/24-008749-003/2024(H5N1)	216	1381
PB2|PP755596.1|A/cattle/Texas/24-008749-003/2024(H5N1)	217	1374
PB2|PP755596.1|A/cattle/Texas/24-008749-003/2024(H5N1)	218	1364
PB2|PP755596.1|A/cattle/Texas/24-008749-003/2024(H5N1)	219	1349
PB2|PP755596.1|A/cattle/Texas/24-008749-003/2024(H5N1)	220	1374
PB2|PP755596.1|A/cattle/Texas/24-008749-003/2024(H5N1)	221	1379
PB2|PP755596.1|A/cattle/Texas/24-008749-003/2024(H5N1)	222	1360
PB2|PP755596.1|A/cattle/Texas/24-008749-003/2024(H5N1)	223	1311
PB2|PP755596.1|A/cattle/Texas/24-008749-003/2024(H5N1)	224	1303
PB2|PP755596.1|A/cattle/Texas/24-008749-003/2024(H5N1)	225	1303
PB2|PP755596.1|A/cattle/Texas/24-008749-003/2024(H5N1)	226	1313
PB2|PP755596.1|A/cattle/Texas/24-008749-003/2024(H5N1)	227	1318
PB2|PP755596.1|A/cattle/Texas/24-008749-003/2024(H5N1)	228	1305
PB2|PP755596.1|A/cattle/Texas/24-008749-003/2024(H5N1)	229	1318
PB2|PP755596.1|A/cattle/Texas/24-008749-003/2024(H5N1)	230	1305
PB2|PP755596.1|A/cattle/Texas/24-008749-003/2024(H5N1)	231	1307
PB2|PP755596.1|A/cattle/Texas/24-008749-003/2024(H5N1)	232	1307
PB2|PP755596.1|A/cattle/Texas/24-008749-003/2024(H5N1)	233	1307
PB2|PP755596.1|A/cattle/Texas/24-008749-003/2024(H5N1)	234	1313
PB2|PP755596.1|A/cattle/Texas/24-008749-003/2024(H5N1)	235	1296
PB2|PP755596.1|A/cattle/Texas/24-008749-003/2024(H5N1)	236	1278
PB2|PP755596.1|A/cattle/Texas/24-008749-003/2024(H5N1)	237	1276
PB2|PP755596.1|A/cattle/Texas/24-008749-003/2024(H5N1)	238	1259
PB2|PP755596.1|A/cattle/Texas/24-008749-003/2024(H5N1)	239	1270
PB2|PP755596.1|A/cattle/Texas/24-008749-003/2024(H5N1)	240	1271
PB2|PP755596.1|A/cattle/Texas/24-008749-003/2024(H5N1)	241	1272
PB2|PP755596.1|A/cattle/Texas/24-008749-003/2024(H5N1)	242	1252
PB2|PP755596.1|A/cattle/Texas/24-008749-003/2024(H5N1)	243	1261
PB2|PP755596.1|A/cattle/Texas/24-008749-003/2024(H5N1)	244	1277
PB2|PP755596.1|A/cattle/Texas/24-008749-003/2024(H5N1)	245	1296
PB2|PP755596.1|A/cattle/Texas/24-008749-003/2024(H5N1)	246	1293
PB2|PP755596.1|A/cattle/Texas/24-008749-003/2024(H5N1)	247	1282
PB2|PP755596.1|A/cattle/Texas/24-008749-003/2024(H5N1)	248	1269
PB2|PP755596.1|A/cattle/Texas/24-008749-003/2024(H5N1)	249	1257
PB2|PP755596.1|A/cattle/Texas/24-008749-003/2024(H5N1)	250	1170
PB2|PP755596.1|A/cattle/Texas/24-008749-003/2024(H5N1)	251	1174
PB2|PP755596.1|A/cattle/Texas/24-008749-003/2024(H5N1)	252	1171
PB2|PP755596.1|A/cattle/Texas/24-008749-003/2024(H5N1)	253	1228
PB2|PP755596.1|A/cattle/Texas/24-008749-003/2024(H5N1)	254	1232
PB2|PP755596.1|A/cattle/Texas/24-008749-003/2024(H5N1)	255	1251
PB2|PP755596.1|A/cattle/Texas/24-008749-003/2024(H5N1)	256	1251
PB2|PP755596.1|A/cattle/Texas/24-008749-003/2024(H5N1)	257	1252
PB2|PP755596.1|A/cattle/Texas/24-008749-003/2024(H5N1)	258	1253
PB2|PP755596.1|A/cattle/Texas/24-008749-003/2024(H5N1)	259	1267
PB2|PP755596.1|A/cattle/Texas/24-008749-003/2024(H5N1)	260	1275
PB2|PP755596.1|A/cattle/Texas/24-008749-003/2024(H5N1)	261	1277
PB2|PP755596.1|A/cattle/Texas/24-008749-003/2024(H5N1)	262	1236
PB2|PP755596.1|A/cattle/Texas/24-008749-003/2024(H5N1)	263	1271
PB2|PP755596.1|A/cattle/Texas/24-008749-003/2024(H5N1)	264	1260
PB2|PP755596.1|A/cattle/Texas/24-008749-003/2024(H5N1)	265	1281
PB2|PP755596.1|A/cattle/Texas/24-008749-003/2024(H5N1)	266	1272
PB2|PP755596.1|A/cattle/Texas/24-008749-003/2024(H5N1)	267	1272
PB2|PP755596.1|A/cattle/Texas/24-008749-003/2024(H5N1)	268	1248
PB2|PP755596.1|A/cattle/Texas/24-008749-003/2024(H5N1)	269	1212
PB2|PP755596.1|A/cattle/Texas/24-008749-003/2024(H5N1)	270	1216
PB2|PP755596.1|A/cattle/Texas/24-008749-003/2024(H5N1)	271	1241
PB2|PP755596.1|A/cattle/Texas/24-008749-003/2024(H5N1)	272	1221
PB2|PP755596.1|A/cattle/Texas/24-008749-003/2024(H5N1)	273	1208
PB2|PP755596.1|A/cattle/Texas/24-008749-003/2024(H5N1)	274	1196
PB2|PP755596.1|A/cattle/Texas/24-008749-003/2024(H5N1)	275	1172
PB2|PP755596.1|A/cattle/Texas/24-008749-003/2024(H5N1)	276	1182
PB2|PP755596.1|A/cattle/Texas/24-008749-003/2024(H5N1)	277	1246
PB2|PP755596.1|A/cattle/Texas/24-008749-003/2024(H5N1)	278	1245
PB2|PP755596.1|A/cattle/Texas/24-008749-003/2024(H5N1)	279	1240
PB2|PP755596.1|A/cattle/Texas/24-008749-003/2024(H5N1)	280	1168
PB2|PP755596.1|A/cattle/Texas/24-008749-003/2024(H5N1)	281	1159
PB2|PP755596.1|A/cattle/Texas/24-008749-003/2024(H5N1)	282	1174
PB2|PP755596.1|A/cattle/Texas/24-008749-003/2024(H5N1)	283	1179
PB2|PP755596.1|A/cattle/Texas/24-008749-003/2024(H5N1)	284	1146
PB2|PP755596.1|A/cattle/Texas/24-008749-003/2024(H5N1)	285	1141
PB2|PP755596.1|A/cattle/Texas/24-008749-003/2024(H5N1)	286	1128
PB2|PP755596.1|A/cattle/Texas/24-008749-003/2024(H5N1)	287	1119
PB2|PP755596.1|A/cattle/Texas/24-008749-003/2024(H5N1)	288	1116
PB2|PP755596.1|A/cattle/Texas/24-008749-003/2024(H5N1)	289	1122
PB2|PP755596.1|A/cattle/Texas/24-008749-003/2024(H5N1)	290	1127
PB2|PP755596.1|A/cattle/Texas/24-008749-003/2024(H5N1)	291	1117
PB2|PP755596.1|A/cattle/Texas/24-008749-003/2024(H5N1)	292	1112
PB2|PP755596.1|A/cattle/Texas/24-008749-003/2024(H5N1)	293	1101
PB2|PP755596.1|A/cattle/Texas/24-008749-003/2024(H5N1)	294	1121
PB2|PP755596.1|A/cattle/Texas/24-008749-003/2024(H5N1)	295	1177
PB2|PP755596.1|A/cattle/Texas/24-008749-003/2024(H5N1)	296	1177
PB2|PP755596.1|A/cattle/Texas/24-008749-003/2024(H5N1)	297	1190
PB2|PP755596.1|A/cattle/Texas/24-008749-003/2024(H5N1)	298	1173
PB2|PP755596.1|A/cattle/Texas/24-008749-003/2024(H5N1)	299	1172
PB2|PP755596.1|A/cattle/Texas/24-008749-003/2024(H5N1)	300	1184
PB2|PP755596.1|A/cattle/Texas/24-008749-003/2024(H5N1)	301	1180
PB2|PP755596.1|A/cattle/Texas/24-008749-003/2024(H5N1)	302	1194
PB2|PP755596.1|A/cattle/Texas/24-008749-003/2024(H5N1)	303	1211
PB2|PP755596.1|A/cattle/Texas/24-008749-003/2024(H5N1)	304	1204
PB2|PP755596.1|A/cattle/Texas/24-008749-003/2024(H5N1)	305	1211
PB2|PP755596.1|A/cattle/Texas/24-008749-003/2024(H5N1)	306	1200
PB2|PP755596.1|A/cattle/Texas/24-008749-003/2024(H5N1)	307	1200
PB2|PP755596.1|A/cattle/Texas/24-008749-003/2024(H5N1)	308	1201
PB2|PP755596.1|A/cattle/Texas/24-008749-003/2024(H5N1)	309	1199
PB2|PP755596.1|A/cattle/Texas/24-008749-003/2024(H5N1)	310	1222
PB2|PP755596.1|A/cattle/Texas/24-008749-003/2024(H5N1)	311	1212
PB2|PP755596.1|A/cattle/Texas/24-008749-003/2024(H5N1)	312	1220
PB2|PP755596.1|A/cattle/Texas/24-008749-003/2024(H5N1)	313	1213
PB2|PP755596.1|A/cattle/Texas/24-008749-003/2024(H5N1)	314	1234
PB2|PP755596.1|A/cattle/Texas/24-008749-003/2024(H5N1)	315	1243
PB2|PP755596.1|A/cattle/Texas/24-008749-003/2024(H5N1)	316	1231
PB2|PP755596.1|A/cattle/Texas/24-008749-003/2024(H5N1)	317	1246
PB2|PP755596.1|A/cattle/Texas/24-008749-003/2024(H5N1)	318	1248
PB2|PP755596.1|A/cattle/Texas/24-008749-003/2024(H5N1)	319	1241
PB2|PP755596.1|A/cattle/Texas/24-008749-003/2024(H5N1)	320	1253
PB2|PP755596.1|A/cattle/Texas/24-008749-003/2024(H5N1)	321	1250
PB2|PP755596.1|A/cattle/Texas/24-008749-003/2024(H5N1)	322	1251
PB2|PP755596.1|A/cattle/Texas/24-008749-003/2024(H5N1)	323	1231
PB2|PP755596.1|A/cattle/Texas/24-008749-003/2024(H5N1)	324	1200
PB2|PP755596.1|A/cattle/Texas/24-008749-003/2024(H5N1)	325	1210
PB2|PP755596.1|A/cattle/Texas/24-008749-003/2024(H5N1)	326	1225
PB2|PP755596.1|A/cattle/Texas/24-008749-003/2024(H5N1)	327	1231
PB2|PP755596.1|A/cattle/Texas/24-008749-003/2024(H5N1)	328	1227
PB2|PP755596.1|A/cattle/Texas/24-008749-003/2024(H5N1)	329	1213
PB2|PP755596.1|A/cattle/Texas/24-008749-003/2024(H5N1)	330	1216
PB2|PP755596.1|A/cattle/Texas/24-008749-003/2024(H5N1)	331	1210
PB2|PP755596.1|A/cattle/Texas/24-008749-003/2024(H5N1)	332	1270
PB2|PP755596.1|A/cattle/Texas/24-008749-003/2024(H5N1)	333	1274
PB2|PP755596.1|A/cattle/Texas/24-008749-003/2024(H5N1)	334	1265
PB2|PP755596.1|A/cattle/Texas/24-008749-003/2024(H5N1)	335	1262
PB2|PP755596.1|A/cattle/Texas/24-008749-003/2024(H5N1)	336	1254
PB2|PP755596.1|A/cattle/Texas/24-008749-003/2024(H5N1)	337	1253
PB2|PP755596.1|A/cattle/Texas/24-008749-003/2024(H5N1)	338	1254
PB2|PP755596.1|A/cattle/Texas/24-008749-003/2024(H5N1)	339	1287
PB2|PP755596.1|A/cattle/Texas/24-008749-003/2024(H5N1)	340	1313
PB2|PP755596.1|A/cattle/Texas/24-008749-003/2024(H5N1)	341	1243
PB2|PP755596.1|A/cattle/Texas/24-008749-003/2024(H5N1)	342	1244
PB2|PP755596.1|A/cattle/Texas/24-008749-003/2024(H5N1)	343	1246
PB2|PP755596.1|A/cattle/Texas/24-008749-003/2024(H5N1)	344	1242
PB2|PP755596.1|A/cattle/Texas/24-008749-003/2024(H5N1)	345	1241
PB2|PP755596.1|A/cattle/Texas/24-008749-003/2024(H5N1)	346	1246
PB2|PP755596.1|A/cattle/Texas/24-008749-003/2024(H5N1)	347	1250
PB2|PP755596.1|A/cattle/Texas/24-008749-003/2024(H5N1)	348	1236
PB2|PP755596.1|A/cattle/Texas/24-008749-003/2024(H5N1)	349	1236
PB2|PP755596.1|A/cattle/Texas/24-008749-003/2024(H5N1)	350	1235
PB2|PP755596.1|A/cattle/Texas/24-008749-003/2024(H5N1)	351	1239
PB2|PP755596.1|A/cattle/Texas/24-008749-003/2024(H5N1)	352	1239
PB2|PP755596.1|A/cattle/Texas/24-008749-003/2024(H5N1)	353	1234
PB2|PP755596.1|A/cattle/Texas/24-008749-003/2024(H5N1)	354	1232
PB2|PP755596.1|A/cattle/Texas/24-008749-003/2024(H5N1)	355	1233
PB2|PP755596.1|A/cattle/Texas/24-008749-003/2024(H5N1)	356	1234
PB2|PP755596.1|A/cattle/Texas/24-008749-003/2024(H5N1)	357	1235
PB2|PP755596.1|A/cattle/Texas/24-008749-003/2024(H5N1)	358	1235
PB2|PP755596.1|A/cattle/Texas/24-008749-003/2024(H5N1)	359	1236
PB2|PP755596.1|A/cattle/Texas/24-008749-003/2024(H5N1)	360	1222
PB2|PP755596.1|A/cattle/Texas/24-008749-003/2024(H5N1)	361	1209
PB2|PP755596.1|A/cattle/Texas/24-008749-003/2024(H5N1)	362	1210
PB2|PP755596.1|A/cattle/Texas/24-008749-003/2024(H5N1)	363	1210
PB2|PP755596.1|A/cattle/Texas/24-008749-003/2024(H5N1)	364	1262
PB2|PP755596.1|A/cattle/Texas/24-008749-003/2024(H5N1)	365	1255
PB2|PP755596.1|A/cattle/Texas/24-008749-003/2024(H5N1)	366	1250
PB2|PP755596.1|A/cattle/Texas/24-008749-003/2024(H5N1)	367	1250
PB2|PP755596.1|A/cattle/Texas/24-008749-003/2024(H5N1)	368	1250
PB2|PP755596.1|A/cattle/Texas/24-008749-003/2024(H5N1)	369	1250
PB2|PP755596.1|A/cattle/Texas/24-008749-003/2024(H5N1)	370	1250
PB2|PP755596.1|A/cattle/Texas/24-008749-003/2024(H5N1)	371	1246
PB2|PP755596.1|A/cattle/Texas/24-008749-003/2024(H5N1)	372	1271
PB2|PP755596.1|A/cattle/Texas/24-008749-003/2024(H5N1)	373	1273
PB2|PP755596.1|A/cattle/Texas/24-008749-003/2024(H5N1)	374	1275
PB2|PP755596.1|A/cattle/Texas/24-008749-003/2024(H5N1)	375	1276
PB2|PP755596.1|A/cattle/Texas/24-008749-003/2024(H5N1)	376	1282
PB2|PP755596.1|A/cattle/Texas/24-008749-003/2024(H5N1)	377	1275
PB2|PP755596.1|A/cattle/Texas/24-008749-003/2024(H5N1)	378	1277
PB2|PP755596.1|A/cattle/Texas/24-008749-003/2024(H5N1)	379	1269
PB2|PP755596.1|A/cattle/Texas/24-008749-003/2024(H5N1)	380	1249
PB2|PP755596.1|A/cattle/Texas/24-008749-003/2024(H5N1)	381	1248
PB2|PP755596.1|A/cattle/Texas/24-008749-003/2024(H5N1)	382	1243
PB2|PP755596.1|A/cattle/Texas/24-008749-003/2024(H5N1)	383	1248
PB2|PP755596.1|A/cattle/Texas/24-008749-003/2024(H5N1)	384	1247
PB2|PP755596.1|A/cattle/Texas/24-008749-003/2024(H5N1)	385	1270
PB2|PP755596.1|A/cattle/Texas/24-008749-003/2024(H5N1)	386	1297
PB2|PP755596.1|A/cattle/Texas/24-008749-003/2024(H5N1)	387	1306
PB2|PP755596.1|A/cattle/Texas/24-008749-003/2024(H5N1)	388	1300
PB2|PP755596.1|A/cattle/Texas/24-008749-003/2024(H5N1)	389	1302
PB2|PP755596.1|A/cattle/Texas/24-008749-003/2024(H5N1)	390	1292
PB2|PP755596.1|A/cattle/Texas/24-008749-003/2024(H5N1)	391	1298
PB2|PP755596.1|A/cattle/Texas/24-008749-003/2024(H5N1)	392	1348
PB2|PP755596.1|A/cattle/Texas/24-008749-003/2024(H5N1)	393	1348
PB2|PP755596.1|A/cattle/Texas/24-008749-003/2024(H5N1)	394	1347
PB2|PP755596.1|A/cattle/Texas/24-008749-003/2024(H5N1)	395	1324
PB2|PP755596.1|A/cattle/Texas/24-008749-003/2024(H5N1)	396	1304
PB2|PP755596.1|A/cattle/Texas/24-008749-003/2024(H5N1)	397	1328
PB2|PP755596.1|A/cattle/Texas/24-008749-003/2024(H5N1)	398	1332
PB2|PP755596.1|A/cattle/Texas/24-008749-003/2024(H5N1)	399	1331
PB2|PP755596.1|A/cattle/Texas/24-008749-003/2024(H5N1)	400	1334
PB2|PP755596.1|A/cattle/Texas/24-008749-003/2024(H5N1)	401	1266
PB2|PP755596.1|A/cattle/Texas/24-008749-003/2024(H5N1)	402	1233
PB2|PP755596.1|A/cattle/Texas/24-008749-003/2024(H5N1)	403	1210
PB2|PP755596.1|A/cattle/Texas/24-008749-003/2024(H5N1)	404	1216
PB2|PP755596.1|A/cattle/Texas/24-008749-003/2024(H5N1)	405	1207
PB2|PP755596.1|A/cattle/Texas/24-008749-003/2024(H5N1)	406	1166
PB2|PP755596.1|A/cattle/Texas/24-008749-003/2024(H5N1)	407	1169
PB2|PP755596.1|A/cattle/Texas/24-008749-003/2024(H5N1)	408	1172
PB2|PP755596.1|A/cattle/Texas/24-008749-003/2024(H5N1)	409	1166
PB2|PP755596.1|A/cattle/Texas/24-008749-003/2024(H5N1)	410	1150
PB2|PP755596.1|A/cattle/Texas/24-008749-003/2024(H5N1)	411	1145
PB2|PP755596.1|A/cattle/Texas/24-008749-003/2024(H5N1)	412	1145
PB2|PP755596.1|A/cattle/Texas/24-008749-003/2024(H5N1)	413	1144
PB2|PP755596.1|A/cattle/Texas/24-008749-003/2024(H5N1)	414	1126
PB2|PP755596.1|A/cattle/Texas/24-008749-003/2024(H5N1)	415	1127
PB2|PP755596.1|A/cattle/Texas/24-008749-003/2024(H5N1)	416	1113
PB2|PP755596.1|A/cattle/Texas/24-008749-003/2024(H5N1)	417	1113
PB2|PP755596.1|A/cattle/Texas/24-008749-003/2024(H5N1)	418	1115
PB2|PP755596.1|A/cattle/Texas/24-008749-003/2024(H5N1)	419	1129
PB2|PP755596.1|A/cattle/Texas/24-008749-003/2024(H5N1)	420	1131
PB2|PP755596.1|A/cattle/Texas/24-008749-003/2024(H5N1)	421	1136
PB2|PP755596.1|A/cattle/Texas/24-008749-003/2024(H5N1)	422	1108
PB2|PP755596.1|A/cattle/Texas/24-008749-003/2024(H5N1)	423	1099
PB2|PP755596.1|A/cattle/Texas/24-008749-003/2024(H5N1)	424	1099
PB2|PP755596.1|A/cattle/Texas/24-008749-003/2024(H5N1)	425	1101
PB2|PP755596.1|A/cattle/Texas/24-008749-003/2024(H5N1)	426	1104
PB2|PP755596.1|A/cattle/Texas/24-008749-003/2024(H5N1)	427	1040
PB2|PP755596.1|A/cattle/Texas/24-008749-003/2024(H5N1)	428	1020
PB2|PP755596.1|A/cattle/Texas/24-008749-003/2024(H5N1)	429	1019
PB2|PP755596.1|A/cattle/Texas/24-008749-003/2024(H5N1)	430	1026
PB2|PP755596.1|A/cattle/Texas/24-008749-003/2024(H5N1)	431	1023
PB2|PP755596.1|A/cattle/Texas/24-008749-003/2024(H5N1)	432	1024
PB2|PP755596.1|A/cattle/Texas/24-008749-003/2024(H5N1)	433	1007
PB2|PP755596.1|A/cattle/Texas/24-008749-003/2024(H5N1)	434	1005
PB2|PP755596.1|A/cattle/Texas/24-008749-003/2024(H5N1)	435	1043
PB2|PP755596.1|A/cattle/Texas/24-008749-003/2024(H5N1)	436	1044
PB2|PP755596.1|A/cattle/Texas/24-008749-003/2024(H5N1)	437	1108
PB2|PP755596.1|A/cattle/Texas/24-008749-003/2024(H5N1)	438	1110
PB2|PP755596.1|A/cattle/Texas/24-008749-003/2024(H5N1)	439	1110
PB2|PP755596.1|A/cattle/Texas/24-008749-003/2024(H5N1)	440	1106
PB2|PP755596.1|A/cattle/Texas/24-008749-003/2024(H5N1)	441	1101
PB2|PP755596.1|A/cattle/Texas/24-008749-003/2024(H5N1)	442	1109
PB2|PP755596.1|A/cattle/Texas/24-008749-003/2024(H5N1)	443	1117
PB2|PP755596.1|A/cattle/Texas/24-008749-003/2024(H5N1)	444	1105
PB2|PP755596.1|A/cattle/Texas/24-008749-003/2024(H5N1)	445	1104
PB2|PP755596.1|A/cattle/Texas/24-008749-003/2024(H5N1)	446	1035
PB2|PP755596.1|A/cattle/Texas/24-008749-003/2024(H5N1)	447	1045
PB2|PP755596.1|A/cattle/Texas/24-008749-003/2024(H5N1)	448	1029
PB2|PP755596.1|A/cattle/Texas/24-008749-003/2024(H5N1)	449	1029
PB2|PP755596.1|A/cattle/Texas/24-008749-003/2024(H5N1)	450	1028
PB2|PP755596.1|A/cattle/Texas/24-008749-003/2024(H5N1)	451	1017
PB2|PP755596.1|A/cattle/Texas/24-008749-003/2024(H5N1)	452	1054
PB2|PP755596.1|A/cattle/Texas/24-008749-003/2024(H5N1)	453	1042
PB2|PP755596.1|A/cattle/Texas/24-008749-003/2024(H5N1)	454	1057
PB2|PP755596.1|A/cattle/Texas/24-008749-003/2024(H5N1)	455	1059
PB2|PP755596.1|A/cattle/Texas/24-008749-003/2024(H5N1)	456	1061
PB2|PP755596.1|A/cattle/Texas/24-008749-003/2024(H5N1)	457	1069
PB2|PP755596.1|A/cattle/Texas/24-008749-003/2024(H5N1)	458	1110
PB2|PP755596.1|A/cattle/Texas/24-008749-003/2024(H5N1)	459	1111
PB2|PP755596.1|A/cattle/Texas/24-008749-003/2024(H5N1)	460	1109
PB2|PP755596.1|A/cattle/Texas/24-008749-003/2024(H5N1)	461	1075
PB2|PP755596.1|A/cattle/Texas/24-008749-003/2024(H5N1)	462	1076
PB2|PP755596.1|A/cattle/Texas/24-008749-003/2024(H5N1)	463	1064
PB2|PP755596.1|A/cattle/Texas/24-008749-003/2024(H5N1)	464	1096
PB2|PP755596.1|A/cattle/Texas/24-008749-003/2024(H5N1)	465	1108
PB2|PP755596.1|A/cattle/Texas/24-008749-003/2024(H5N1)	466	1101
PB2|PP755596.1|A/cattle/Texas/24-008749-003/2024(H5N1)	467	1105
PB2|PP755596.1|A/cattle/Texas/24-008749-003/2024(H5N1)	468	1101
PB2|PP755596.1|A/cattle/Texas/24-008749-003/2024(H5N1)	469	1100
PB2|PP755596.1|A/cattle/Texas/24-008749-003/2024(H5N1)	470	1104
PB2|PP755596.1|A/cattle/Texas/24-008749-003/2024(H5N1)	471	1095
PB2|PP755596.1|A/cattle/Texas/24-008749-003/2024(H5N1)	472	1101
PB2|PP755596.1|A/cattle/Texas/24-008749-003/2024(H5N1)	473	1065
PB2|PP755596.1|A/cattle/Texas/24-008749-003/2024(H5N1)	474	1063
PB2|PP755596.1|A/cattle/Texas/24-008749-003/2024(H5N1)	475	1077
PB2|PP755596.1|A/cattle/Texas/24-008749-003/2024(H5N1)	476	1078
PB2|PP755596.1|A/cattle/Texas/24-008749-003/2024(H5N1)	477	1078
PB2|PP755596.1|A/cattle/Texas/24-008749-003/2024(H5N1)	478	1070
PB2|PP755596.1|A/cattle/Texas/24-008749-003/2024(H5N1)	479	1068
PB2|PP755596.1|A/cattle/Texas/24-008749-003/2024(H5N1)	480	1089
PB2|PP755596.1|A/cattle/Texas/24-008749-003/2024(H5N1)	481	1091
PB2|PP755596.1|A/cattle/Texas/24-008749-003/2024(H5N1)	482	1140
PB2|PP755596.1|A/cattle/Texas/24-008749-003/2024(H5N1)	483	1083
PB2|PP755596.1|A/cattle/Texas/24-008749-003/2024(H5N1)	484	1080
PB2|PP755596.1|A/cattle/Texas/24-008749-003/2024(H5N1)	485	1088
PB2|PP755596.1|A/cattle/Texas/24-008749-003/2024(H5N1)	486	1098
PB2|PP755596.1|A/cattle/Texas/24-008749-003/2024(H5N1)	487	1100
PB2|PP755596.1|A/cattle/Texas/24-008749-003/2024(H5N1)	488	1104
PB2|PP755596.1|A/cattle/Texas/24-008749-003/2024(H5N1)	489	1049
PB2|PP755596.1|A/cattle/Texas/24-008749-003/2024(H5N1)	490	1044
PB2|PP755596.1|A/cattle/Texas/24-008749-003/2024(H5N1)	491	1047
PB2|PP755596.1|A/cattle/Texas/24-008749-003/2024(H5N1)	492	1049
PB2|PP755596.1|A/cattle/Texas/24-008749-003/2024(H5N1)	493	1053
PB2|PP755596.1|A/cattle/Texas/24-008749-003/2024(H5N1)	494	1055
PB2|PP755596.1|A/cattle/Texas/24-008749-003/2024(H5N1)	495	1058
PB2|PP755596.1|A/cattle/Texas/24-008749-003/2024(H5N1)	496	1058
PB2|PP755596.1|A/cattle/Texas/24-008749-003/2024(H5N1)	497	1049
PB2|PP755596.1|A/cattle/Texas/24-008749-003/2024(H5N1)	498	1045
PB2|PP755596.1|A/cattle/Texas/24-008749-003/2024(H5N1)	499	1049
PB2|PP755596.1|A/cattle/Texas/24-008749-003/2024(H5N1)	500	1069
PB2|PP755596.1|A/cattle/Texas/24-008749-003/2024(H5N1)	501	1069
PB2|PP755596.1|A/cattle/Texas/24-008749-003/2024(H5N1)	502	1059
PB2|PP755596.1|A/cattle/Texas/24-008749-003/2024(H5N1)	503	1060
PB2|PP755596.1|A/cattle/Texas/24-008749-003/2024(H5N1)	504	1066
PB2|PP755596.1|A/cattle/Texas/24-008749-003/2024(H5N1)	505	1073
PB2|PP755596.1|A/cattle/Texas/24-008749-003/2024(H5N1)	506	1081
PB2|PP755596.1|A/cattle/Texas/24-008749-003/2024(H5N1)	507	1081
PB2|PP755596.1|A/cattle/Texas/24-008749-003/2024(H5N1)	508	1083
PB2|PP755596.1|A/cattle/Texas/24-008749-003/2024(H5N1)	509	1082
PB2|PP755596.1|A/cattle/Texas/24-008749-003/2024(H5N1)	510	1084
PB2|PP755596.1|A/cattle/Texas/24-008749-003/2024(H5N1)	511	1083
PB2|PP755596.1|A/cattle/Texas/24-008749-003/2024(H5N1)	512	1113
PB2|PP755596.1|A/cattle/Texas/24-008749-003/2024(H5N1)	513	1112
PB2|PP755596.1|A/cattle/Texas/24-008749-003/2024(H5N1)	514	1112
PB2|PP755596.1|A/cattle/Texas/24-008749-003/2024(H5N1)	515	1065
PB2|PP755596.1|A/cattle/Texas/24-008749-003/2024(H5N1)	516	1061
PB2|PP755596.1|A/cattle/Texas/24-008749-003/2024(H5N1)	517	1063
PB2|PP755596.1|A/cattle/Texas/24-008749-003/2024(H5N1)	518	1070
PB2|PP755596.1|A/cattle/Texas/24-008749-003/2024(H5N1)	519	1075
PB2|PP755596.1|A/cattle/Texas/24-008749-003/2024(H5N1)	520	1079
PB2|PP755596.1|A/cattle/Texas/24-008749-003/2024(H5N1)	521	1046
PB2|PP755596.1|A/cattle/Texas/24-008749-003/2024(H5N1)	522	1044
PB2|PP755596.1|A/cattle/Texas/24-008749-003/2024(H5N1)	523	1039
PB2|PP755596.1|A/cattle/Texas/24-008749-003/2024(H5N1)	524	1040
PB2|PP755596.1|A/cattle/Texas/24-008749-003/2024(H5N1)	525	1052
PB2|PP755596.1|A/cattle/Texas/24-008749-003/2024(H5N1)	526	1060
PB2|PP755596.1|A/cattle/Texas/24-008749-003/2024(H5N1)	527	1060
PB2|PP755596.1|A/cattle/Texas/24-008749-003/2024(H5N1)	528	1061
PB2|PP755596.1|A/cattle/Texas/24-008749-003/2024(H5N1)	529	1057
PB2|PP755596.1|A/cattle/Texas/24-008749-003/2024(H5N1)	530	1060
PB2|PP755596.1|A/cattle/Texas/24-008749-003/2024(H5N1)	531	1063
PB2|PP755596.1|A/cattle/Texas/24-008749-003/2024(H5N1)	532	1067
PB2|PP755596.1|A/cattle/Texas/24-008749-003/2024(H5N1)	533	1064
PB2|PP755596.1|A/cattle/Texas/24-008749-003/2024(H5N1)	534	1067
PB2|PP755596.1|A/cattle/Texas/24-008749-003/2024(H5N1)	535	1068
PB2|PP755596.1|A/cattle/Texas/24-008749-003/2024(H5N1)	536	1054
PB2|PP755596.1|A/cattle/Texas/24-008749-003/2024(H5N1)	537	1054
PB2|PP755596.1|A/cattle/Texas/24-008749-003/2024(H5N1)	538	1059
PB2|PP755596.1|A/cattle/Texas/24-008749-003/2024(H5N1)	539	1069
PB2|PP755596.1|A/cattle/Texas/24-008749-003/2024(H5N1)	540	1062
PB2|PP755596.1|A/cattle/Texas/24-008749-003/2024(H5N1)	541	1112
PB2|PP755596.1|A/cattle/Texas/24-008749-003/2024(H5N1)	542	1061
PB2|PP755596.1|A/cattle/Texas/24-008749-003/2024(H5N1)	543	1061
PB2|PP755596.1|A/cattle/Texas/24-008749-003/2024(H5N1)	544	1060
PB2|PP755596.1|A/cattle/Texas/24-008749-003/2024(H5N1)	545	1059
PB2|PP755596.1|A/cattle/Texas/24-008749-003/2024(H5N1)	546	1062
PB2|PP755596.1|A/cattle/Texas/24-008749-003/2024(H5N1)	547	1059
PB2|PP755596.1|A/cattle/Texas/24-008749-003/2024(H5N1)	548	1033
PB2|PP755596.1|A/cattle/Texas/24-008749-003/2024(H5N1)	549	1042
PB2|PP755596.1|A/cattle/Texas/24-008749-003/2024(H5N1)	550	1044
PB2|PP755596.1|A/cattle/Texas/24-008749-003/2024(H5N1)	551	1044
PB2|PP755596.1|A/cattle/Texas/24-008749-003/2024(H5N1)	552	1044
PB2|PP755596.1|A/cattle/Texas/24-008749-003/2024(H5N1)	553	1030
PB2|PP755596.1|A/cattle/Texas/24-008749-003/2024(H5N1)	554	1060
PB2|PP755596.1|A/cattle/Texas/24-008749-003/2024(H5N1)	555	1070
PB2|PP755596.1|A/cattle/Texas/24-008749-003/2024(H5N1)	556	1076
PB2|PP755596.1|A/cattle/Texas/24-008749-003/2024(H5N1)	557	1074
PB2|PP755596.1|A/cattle/Texas/24-008749-003/2024(H5N1)	558	1064
PB2|PP755596.1|A/cattle/Texas/24-008749-003/2024(H5N1)	559	1066
PB2|PP755596.1|A/cattle/Texas/24-008749-003/2024(H5N1)	560	1062
PB2|PP755596.1|A/cattle/Texas/24-008749-003/2024(H5N1)	561	1069
PB2|PP755596.1|A/cattle/Texas/24-008749-003/2024(H5N1)	562	1072
PB2|PP755596.1|A/cattle/Texas/24-008749-003/2024(H5N1)	563	1068
PB2|PP755596.1|A/cattle/Texas/24-008749-003/2024(H5N1)	564	1066
PB2|PP755596.1|A/cattle/Texas/24-008749-003/2024(H5N1)	565	1060
PB2|PP755596.1|A/cattle/Texas/24-008749-003/2024(H5N1)	566	1058
PB2|PP755596.1|A/cattle/Texas/24-008749-003/2024(H5N1)	567	1065
PB2|PP755596.1|A/cattle/Texas/24-008749-003/2024(H5N1)	568	1083
PB2|PP755596.1|A/cattle/Texas/24-008749-003/2024(H5N1)	569	1082
PB2|PP755596.1|A/cattle/Texas/24-008749-003/2024(H5N1)	570	1064
PB2|PP755596.1|A/cattle/Texas/24-008749-003/2024(H5N1)	571	1069
PB2|PP755596.1|A/cattle/Texas/24-008749-003/2024(H5N1)	572	1071
PB2|PP755596.1|A/cattle/Texas/24-008749-003/2024(H5N1)	573	1072
PB2|PP755596.1|A/cattle/Texas/24-008749-003/2024(H5N1)	574	1075
PB2|PP755596.1|A/cattle/Texas/24-008749-003/2024(H5N1)	575	1088
PB2|PP755596.1|A/cattle/Texas/24-008749-003/2024(H5N1)	576	1086
PB2|PP755596.1|A/cattle/Texas/24-008749-003/2024(H5N1)	577	1134
PB2|PP755596.1|A/cattle/Texas/24-008749-003/2024(H5N1)	578	1133
PB2|PP755596.1|A/cattle/Texas/24-008749-003/2024(H5N1)	579	1140
PB2|PP755596.1|A/cattle/Texas/24-008749-003/2024(H5N1)	580	1133
PB2|PP755596.1|A/cattle/Texas/24-008749-003/2024(H5N1)	581	1132
PB2|PP755596.1|A/cattle/Texas/24-008749-003/2024(H5N1)	582	1118
PB2|PP755596.1|A/cattle/Texas/24-008749-003/2024(H5N1)	583	1117
PB2|PP755596.1|A/cattle/Texas/24-008749-003/2024(H5N1)	584	1153
PB2|PP755596.1|A/cattle/Texas/24-008749-003/2024(H5N1)	585	1102
PB2|PP755596.1|A/cattle/Texas/24-008749-003/2024(H5N1)	586	1064
PB2|PP755596.1|A/cattle/Texas/24-008749-003/2024(H5N1)	587	1060
PB2|PP755596.1|A/cattle/Texas/24-008749-003/2024(H5N1)	588	1079
PB2|PP755596.1|A/cattle/Texas/24-008749-003/2024(H5N1)	589	1080
PB2|PP755596.1|A/cattle/Texas/24-008749-003/2024(H5N1)	590	1082
PB2|PP755596.1|A/cattle/Texas/24-008749-003/2024(H5N1)	591	1082
PB2|PP755596.1|A/cattle/Texas/24-008749-003/2024(H5N1)	592	1099
PB2|PP755596.1|A/cattle/Texas/24-008749-003/2024(H5N1)	593	1098
PB2|PP755596.1|A/cattle/Texas/24-008749-003/2024(H5N1)	594	1086
PB2|PP755596.1|A/cattle/Texas/24-008749-003/2024(H5N1)	595	1086
PB2|PP755596.1|A/cattle/Texas/24-008749-003/2024(H5N1)	596	1093
PB2|PP755596.1|A/cattle/Texas/24-008749-003/2024(H5N1)	597	1085
PB2|PP755596.1|A/cattle/Texas/24-008749-003/2024(H5N1)	598	1114
PB2|PP755596.1|A/cattle/Texas/24-008749-003/2024(H5N1)	599	1122
PB2|PP755596.1|A/cattle/Texas/24-008749-003/2024(H5N1)	600	1150
PB2|PP755596.1|A/cattle/Texas/24-008749-003/2024(H5N1)	601	1102
PB2|PP755596.1|A/cattle/Texas/24-008749-003/2024(H5N1)	602	1102
PB2|PP755596.1|A/cattle/Texas/24-008749-003/2024(H5N1)	603	1103
PB2|PP755596.1|A/cattle/Texas/24-008749-003/2024(H5N1)	604	1112
PB2|PP755596.1|A/cattle/Texas/24-008749-003/2024(H5N1)	605	1093
PB2|PP755596.1|A/cattle/Texas/24-008749-003/2024(H5N1)	606	1096
PB2|PP755596.1|A/cattle/Texas/24-008749-003/2024(H5N1)	607	1110
PB2|PP755596.1|A/cattle/Texas/24-008749-003/2024(H5N1)	608	1097
PB2|PP755596.1|A/cattle/Texas/24-008749-003/2024(H5N1)	609	1065
PB2|PP755596.1|A/cattle/Texas/24-008749-003/2024(H5N1)	610	1059
PB2|PP755596.1|A/cattle/Texas/24-008749-003/2024(H5N1)	611	1060
PB2|PP755596.1|A/cattle/Texas/24-008749-003/2024(H5N1)	612	1063
PB2|PP755596.1|A/cattle/Texas/24-008749-003/2024(H5N1)	613	1066
PB2|PP755596.1|A/cattle/Texas/24-008749-003/2024(H5N1)	614	1075
PB2|PP755596.1|A/cattle/Texas/24-008749-003/2024(H5N1)	615	1042
PB2|PP755596.1|A/cattle/Texas/24-008749-003/2024(H5N1)	616	1023
PB2|PP755596.1|A/cattle/Texas/24-008749-003/2024(H5N1)	617	1021
PB2|PP755596.1|A/cattle/Texas/24-008749-003/2024(H5N1)	618	1028
PB2|PP755596.1|A/cattle/Texas/24-008749-003/2024(H5N1)	619	1057
PB2|PP755596.1|A/cattle/Texas/24-008749-003/2024(H5N1)	620	1055
PB2|PP755596.1|A/cattle/Texas/24-008749-003/2024(H5N1)	621	1052
PB2|PP755596.1|A/cattle/Texas/24-008749-003/2024(H5N1)	622	1051
PB2|PP755596.1|A/cattle/Texas/24-008749-003/2024(H5N1)	623	1072
PB2|PP755596.1|A/cattle/Texas/24-008749-003/2024(H5N1)	624	1079
PB2|PP755596.1|A/cattle/Texas/24-008749-003/2024(H5N1)	625	1067
PB2|PP755596.1|A/cattle/Texas/24-008749-003/2024(H5N1)	626	1055
PB2|PP755596.1|A/cattle/Texas/24-008749-003/2024(H5N1)	627	1040
PB2|PP755596.1|A/cattle/Texas/24-008749-003/2024(H5N1)	628	1053
PB2|PP755596.1|A/cattle/Texas/24-008749-003/2024(H5N1)	629	1049
PB2|PP755596.1|A/cattle/Texas/24-008749-003/2024(H5N1)	630	1047
PB2|PP755596.1|A/cattle/Texas/24-008749-003/2024(H5N1)	631	1033
PB2|PP755596.1|A/cattle/Texas/24-008749-003/2024(H5N1)	632	993
PB2|PP755596.1|A/cattle/Texas/24-008749-003/2024(H5N1)	633	995
PB2|PP755596.1|A/cattle/Texas/24-008749-003/2024(H5N1)	634	996
PB2|PP755596.1|A/cattle/Texas/24-008749-003/2024(H5N1)	635	992
PB2|PP755596.1|A/cattle/Texas/24-008749-003/2024(H5N1)	636	992
PB2|PP755596.1|A/cattle/Texas/24-008749-003/2024(H5N1)	637	982
PB2|PP755596.1|A/cattle/Texas/24-008749-003/2024(H5N1)	638	982
PB2|PP755596.1|A/cattle/Texas/24-008749-003/2024(H5N1)	639	972
PB2|PP755596.1|A/cattle/Texas/24-008749-003/2024(H5N1)	640	974
PB2|PP755596.1|A/cattle/Texas/24-008749-003/2024(H5N1)	641	992
PB2|PP755596.1|A/cattle/Texas/24-008749-003/2024(H5N1)	642	987
PB2|PP755596.1|A/cattle/Texas/24-008749-003/2024(H5N1)	643	993
PB2|PP755596.1|A/cattle/Texas/24-008749-003/2024(H5N1)	644	989
PB2|PP755596.1|A/cattle/Texas/24-008749-003/2024(H5N1)	645	1023
PB2|PP755596.1|A/cattle/Texas/24-008749-003/2024(H5N1)	646	1023
PB2|PP755596.1|A/cattle/Texas/24-008749-003/2024(H5N1)	647	1033
PB2|PP755596.1|A/cattle/Texas/24-008749-003/2024(H5N1)	648	1038
PB2|PP755596.1|A/cattle/Texas/24-008749-003/2024(H5N1)	649	1040
PB2|PP755596.1|A/cattle/Texas/24-008749-003/2024(H5N1)	650	1032
PB2|PP755596.1|A/cattle/Texas/24-008749-003/2024(H5N1)	651	1031
PB2|PP755596.1|A/cattle/Texas/24-008749-003/2024(H5N1)	652	1034
PB2|PP755596.1|A/cattle/Texas/24-008749-003/2024(H5N1)	653	1038
PB2|PP755596.1|A/cattle/Texas/24-008749-003/2024(H5N1)	654	1056
PB2|PP755596.1|A/cattle/Texas/24-008749-003/2024(H5N1)	655	1050
PB2|PP755596.1|A/cattle/Texas/24-008749-003/2024(H5N1)	656	1043
PB2|PP755596.1|A/cattle/Texas/24-008749-003/2024(H5N1)	657	1031
PB2|PP755596.1|A/cattle/Texas/24-008749-003/2024(H5N1)	658	1029
PB2|PP755596.1|A/cattle/Texas/24-008749-003/2024(H5N1)	659	1031
PB2|PP755596.1|A/cattle/Texas/24-008749-003/2024(H5N1)	660	1032
PB2|PP755596.1|A/cattle/Texas/24-008749-003/2024(H5N1)	661	1031
PB2|PP755596.1|A/cattle/Texas/24-008749-003/2024(H5N1)	662	1016
PB2|PP755596.1|A/cattle/Texas/24-008749-003/2024(H5N1)	663	1016
PB2|PP755596.1|A/cattle/Texas/24-008749-003/2024(H5N1)	664	1023
PB2|PP755596.1|A/cattle/Texas/24-008749-003/2024(H5N1)	665	1040
PB2|PP755596.1|A/cattle/Texas/24-008749-003/2024(H5N1)	666	1042
PB2|PP755596.1|A/cattle/Texas/24-008749-003/2024(H5N1)	667	1048
PB2|PP755596.1|A/cattle/Texas/24-008749-003/2024(H5N1)	668	1053
PB2|PP755596.1|A/cattle/Texas/24-008749-003/2024(H5N1)	669	1057
PB2|PP755596.1|A/cattle/Texas/24-008749-003/2024(H5N1)	670	1059
PB2|PP755596.1|A/cattle/Texas/24-008749-003/2024(H5N1)	671	1086
PB2|PP755596.1|A/cattle/Texas/24-008749-003/2024(H5N1)	672	1090
PB2|PP755596.1|A/cattle/Texas/24-008749-003/2024(H5N1)	673	1092
PB2|PP755596.1|A/cattle/Texas/24-008749-003/2024(H5N1)	674	1090
PB2|PP755596.1|A/cattle/Texas/24-008749-003/2024(H5N1)	675	1093
PB2|PP755596.1|A/cattle/Texas/24-008749-003/2024(H5N1)	676	1074
PB2|PP755596.1|A/cattle/Texas/24-008749-003/2024(H5N1)	677	1089
PB2|PP755596.1|A/cattle/Texas/24-008749-003/2024(H5N1)	678	1096
PB2|PP755596.1|A/cattle/Texas/24-008749-003/2024(H5N1)	679	1113
PB2|PP755596.1|A/cattle/Texas/24-008749-003/2024(H5N1)	680	1110
PB2|PP755596.1|A/cattle/Texas/24-008749-003/2024(H5N1)	681	1111
PB2|PP755596.1|A/cattle/Texas/24-008749-003/2024(H5N1)	682	1108
PB2|PP755596.1|A/cattle/Texas/24-008749-003/2024(H5N1)	683	1154
PB2|PP755596.1|A/cattle/Texas/24-008749-003/2024(H5N1)	684	1152
PB2|PP755596.1|A/cattle/Texas/24-008749-003/2024(H5N1)	685	1147
PB2|PP755596.1|A/cattle/Texas/24-008749-003/2024(H5N1)	686	1141
PB2|PP755596.1|A/cattle/Texas/24-008749-003/2024(H5N1)	687	1116
PB2|PP755596.1|A/cattle/Texas/24-008749-003/2024(H5N1)	688	1102
PB2|PP755596.1|A/cattle/Texas/24-008749-003/2024(H5N1)	689	1093
PB2|PP755596.1|A/cattle/Texas/24-008749-003/2024(H5N1)	690	1092
PB2|PP755596.1|A/cattle/Texas/24-008749-003/2024(H5N1)	691	1100
PB2|PP755596.1|A/cattle/Texas/24-008749-003/2024(H5N1)	692	1055
PB2|PP755596.1|A/cattle/Texas/24-008749-003/2024(H5N1)	693	1053
PB2|PP755596.1|A/cattle/Texas/24-008749-003/2024(H5N1)	694	1052
PB2|PP755596.1|A/cattle/Texas/24-008749-003/2024(H5N1)	695	1046
PB2|PP755596.1|A/cattle/Texas/24-008749-003/2024(H5N1)	696	1059
PB2|PP755596.1|A/cattle/Texas/24-008749-003/2024(H5N1)	697	1122
PB2|PP755596.1|A/cattle/Texas/24-008749-003/2024(H5N1)	698	1132
PB2|PP755596.1|A/cattle/Texas/24-008749-003/2024(H5N1)	699	1133
PB2|PP755596.1|A/cattle/Texas/24-008749-003/2024(H5N1)	700	1121
PB2|PP755596.1|A/cattle/Texas/24-008749-003/2024(H5N1)	701	1121
PB2|PP755596.1|A/cattle/Texas/24-008749-003/2024(H5N1)	702	1117
PB2|PP755596.1|A/cattle/Texas/24-008749-003/2024(H5N1)	703	1122
PB2|PP755596.1|A/cattle/Texas/24-008749-003/2024(H5N1)	704	1113
PB2|PP755596.1|A/cattle/Texas/24-008749-003/2024(H5N1)	705	1093
PB2|PP755596.1|A/cattle/Texas/24-008749-003/2024(H5N1)	706	1079
PB2|PP755596.1|A/cattle/Texas/24-008749-003/2024(H5N1)	707	1080
PB2|PP755596.1|A/cattle/Texas/24-008749-003/2024(H5N1)	708	1095
PB2|PP755596.1|A/cattle/Texas/24-008749-003/2024(H5N1)	709	1117
PB2|PP755596.1|A/cattle/Texas/24-008749-003/2024(H5N1)	710	1120
PB2|PP755596.1|A/cattle/Texas/24-008749-003/2024(H5N1)	711	1118
PB2|PP755596.1|A/cattle/Texas/24-008749-003/2024(H5N1)	712	1109
PB2|PP755596.1|A/cattle/Texas/24-008749-003/2024(H5N1)	713	1107
PB2|PP755596.1|A/cattle/Texas/24-008749-003/2024(H5N1)	714	1107
PB2|PP755596.1|A/cattle/Texas/24-008749-003/2024(H5N1)	715	1111
PB2|PP755596.1|A/cattle/Texas/24-008749-003/2024(H5N1)	716	1113
PB2|PP755596.1|A/cattle/Texas/24-008749-003/2024(H5N1)	717	1104
PB2|PP755596.1|A/cattle/Texas/24-008749-003/2024(H5N1)	718	1090
PB2|PP755596.1|A/cattle/Texas/24-008749-003/2024(H5N1)	719	1092
PB2|PP755596.1|A/cattle/Texas/24-008749-003/2024(H5N1)	720	1094
PB2|PP755596.1|A/cattle/Texas/24-008749-003/2024(H5N1)	721	1117
PB2|PP755596.1|A/cattle/Texas/24-008749-003/2024(H5N1)	722	1109
PB2|PP755596.1|A/cattle/Texas/24-008749-003/2024(H5N1)	723	1109
PB2|PP755596.1|A/cattle/Texas/24-008749-003/2024(H5N1)	724	1117
PB2|PP755596.1|A/cattle/Texas/24-008749-003/2024(H5N1)	725	1117
PB2|PP755596.1|A/cattle/Texas/24-008749-003/2024(H5N1)	726	1137
PB2|PP755596.1|A/cattle/Texas/24-008749-003/2024(H5N1)	727	1139
PB2|PP755596.1|A/cattle/Texas/24-008749-003/2024(H5N1)	728	1116
PB2|PP755596.1|A/cattle/Texas/24-008749-003/2024(H5N1)	729	1138
PB2|PP755596.1|A/cattle/Texas/24-008749-003/2024(H5N1)	730	1144
PB2|PP755596.1|A/cattle/Texas/24-008749-003/2024(H5N1)	731	1146
PB2|PP755596.1|A/cattle/Texas/24-008749-003/2024(H5N1)	732	1148
PB2|PP755596.1|A/cattle/Texas/24-008749-003/2024(H5N1)	733	1141
PB2|PP755596.1|A/cattle/Texas/24-008749-003/2024(H5N1)	734	1150
PB2|PP755596.1|A/cattle/Texas/24-008749-003/2024(H5N1)	735	1108
PB2|PP755596.1|A/cattle/Texas/24-008749-003/2024(H5N1)	736	1125
PB2|PP755596.1|A/cattle/Texas/24-008749-003/2024(H5N1)	737	1114
PB2|PP755596.1|A/cattle/Texas/24-008749-003/2024(H5N1)	738	1094
PB2|PP755596.1|A/cattle/Texas/24-008749-003/2024(H5N1)	739	1094
PB2|PP755596.1|A/cattle/Texas/24-008749-003/2024(H5N1)	740	1111
PB2|PP755596.1|A/cattle/Texas/24-008749-003/2024(H5N1)	741	1121
PB2|PP755596.1|A/cattle/Texas/24-008749-003/2024(H5N1)	742	1122
PB2|PP755596.1|A/cattle/Texas/24-008749-003/2024(H5N1)	743	1109
PB2|PP755596.1|A/cattle/Texas/24-008749-003/2024(H5N1)	744	1103
PB2|PP755596.1|A/cattle/Texas/24-008749-003/2024(H5N1)	745	1115
PB2|PP755596.1|A/cattle/Texas/24-008749-003/2024(H5N1)	746	1115
PB2|PP755596.1|A/cattle/Texas/24-008749-003/2024(H5N1)	747	1117
PB2|PP755596.1|A/cattle/Texas/24-008749-003/2024(H5N1)	748	1121
PB2|PP755596.1|A/cattle/Texas/24-008749-003/2024(H5N1)	749	1095
PB2|PP755596.1|A/cattle/Texas/24-008749-003/2024(H5N1)	750	1092
PB2|PP755596.1|A/cattle/Texas/24-008749-003/2024(H5N1)	751	1065
PB2|PP755596.1|A/cattle/Texas/24-008749-003/2024(H5N1)	752	1064
PB2|PP755596.1|A/cattle/Texas/24-008749-003/2024(H5N1)	753	1064
PB2|PP755596.1|A/cattle/Texas/24-008749-003/2024(H5N1)	754	1055
PB2|PP755596.1|A/cattle/Texas/24-008749-003/2024(H5N1)	755	1055
PB2|PP755596.1|A/cattle/Texas/24-008749-003/2024(H5N1)	756	1054
PB2|PP755596.1|A/cattle/Texas/24-008749-003/2024(H5N1)	757	1051
PB2|PP755596.1|A/cattle/Texas/24-008749-003/2024(H5N1)	758	1039
PB2|PP755596.1|A/cattle/Texas/24-008749-003/2024(H5N1)	759	1036
PB2|PP755596.1|A/cattle/Texas/24-008749-003/2024(H5N1)	760	1044
PB2|PP755596.1|A/cattle/Texas/24-008749-003/2024(H5N1)	761	1068
PB2|PP755596.1|A/cattle/Texas/24-008749-003/2024(H5N1)	762	1065
PB2|PP755596.1|A/cattle/Texas/24-008749-003/2024(H5N1)	763	1064
PB2|PP755596.1|A/cattle/Texas/24-008749-003/2024(H5N1)	764	1056
PB2|PP755596.1|A/cattle/Texas/24-008749-003/2024(H5N1)	765	1044
PB2|PP755596.1|A/cattle/Texas/24-008749-003/2024(H5N1)	766	1075
PB2|PP755596.1|A/cattle/Texas/24-008749-003/2024(H5N1)	767	1074
PB2|PP755596.1|A/cattle/Texas/24-008749-003/2024(H5N1)	768	1090
PB2|PP755596.1|A/cattle/Texas/24-008749-003/2024(H5N1)	769	1078
PB2|PP755596.1|A/cattle/Texas/24-008749-003/2024(H5N1)	770	1054
PB2|PP755596.1|A/cattle/Texas/24-008749-003/2024(H5N1)	771	1057
PB2|PP755596.1|A/cattle/Texas/24-008749-003/2024(H5N1)	772	1069
PB2|PP755596.1|A/cattle/Texas/24-008749-003/2024(H5N1)	773	1077
PB2|PP755596.1|A/cattle/Texas/24-008749-003/2024(H5N1)	774	1056
PB2|PP755596.1|A/cattle/Texas/24-008749-003/2024(H5N1)	775	1045
PB2|PP755596.1|A/cattle/Texas/24-008749-003/2024(H5N1)	776	1045
PB2|PP755596.1|A/cattle/Texas/24-008749-003/2024(H5N1)	777	1079
PB2|PP755596.1|A/cattle/Texas/24-008749-003/2024(H5N1)	778	1086
PB2|PP755596.1|A/cattle/Texas/24-008749-003/2024(H5N1)	779	1073
PB2|PP755596.1|A/cattle/Texas/24-008749-003/2024(H5N1)	780	1075
PB2|PP755596.1|A/cattle/Texas/24-008749-003/2024(H5N1)	781	1059
PB2|PP755596.1|A/cattle/Texas/24-008749-003/2024(H5N1)	782	1058
PB2|PP755596.1|A/cattle/Texas/24-008749-003/2024(H5N1)	783	1087
PB2|PP755596.1|A/cattle/Texas/24-008749-003/2024(H5N1)	784	1095
PB2|PP755596.1|A/cattle/Texas/24-008749-003/2024(H5N1)	785	1117
PB2|PP755596.1|A/cattle/Texas/24-008749-003/2024(H5N1)	786	1116
PB2|PP755596.1|A/cattle/Texas/24-008749-003/2024(H5N1)	787	1142
PB2|PP755596.1|A/cattle/Texas/24-008749-003/2024(H5N1)	788	1162
PB2|PP755596.1|A/cattle/Texas/24-008749-003/2024(H5N1)	789	1161
PB2|PP755596.1|A/cattle/Texas/24-008749-003/2024(H5N1)	790	1167
PB2|PP755596.1|A/cattle/Texas/24-008749-003/2024(H5N1)	791	1166
PB2|PP755596.1|A/cattle/Texas/24-008749-003/2024(H5N1)	792	1157
PB2|PP755596.1|A/cattle/Texas/24-008749-003/2024(H5N1)	793	1159
PB2|PP755596.1|A/cattle/Texas/24-008749-003/2024(H5N1)	794	1152
PB2|PP755596.1|A/cattle/Texas/24-008749-003/2024(H5N1)	795	1155
PB2|PP755596.1|A/cattle/Texas/24-008749-003/2024(H5N1)	796	1140
PB2|PP755596.1|A/cattle/Texas/24-008749-003/2024(H5N1)	797	1142
PB2|PP755596.1|A/cattle/Texas/24-008749-003/2024(H5N1)	798	1142
PB2|PP755596.1|A/cattle/Texas/24-008749-003/2024(H5N1)	799	1142
PB2|PP755596.1|A/cattle/Texas/24-008749-003/2024(H5N1)	800	1148
PB2|PP755596.1|A/cattle/Texas/24-008749-003/2024(H5N1)	801	1134
PB2|PP755596.1|A/cattle/Texas/24-008749-003/2024(H5N1)	802	1133
PB2|PP755596.1|A/cattle/Texas/24-008749-003/2024(H5N1)	803	1142
PB2|PP755596.1|A/cattle/Texas/24-008749-003/2024(H5N1)	804	1176
PB2|PP755596.1|A/cattle/Texas/24-008749-003/2024(H5N1)	805	1161
PB2|PP755596.1|A/cattle/Texas/24-008749-003/2024(H5N1)	806	1175
PB2|PP755596.1|A/cattle/Texas/24-008749-003/2024(H5N1)	807	1180
PB2|PP755596.1|A/cattle/Texas/24-008749-003/2024(H5N1)	808	1183
PB2|PP755596.1|A/cattle/Texas/24-008749-003/2024(H5N1)	809	1181
PB2|PP755596.1|A/cattle/Texas/24-008749-003/2024(H5N1)	810	1184
PB2|PP755596.1|A/cattle/Texas/24-008749-003/2024(H5N1)	811	1185
PB2|PP755596.1|A/cattle/Texas/24-008749-003/2024(H5N1)	812	1188
PB2|PP755596.1|A/cattle/Texas/24-008749-003/2024(H5N1)	813	1184
PB2|PP755596.1|A/cattle/Texas/24-008749-003/2024(H5N1)	814	1209
PB2|PP755596.1|A/cattle/Texas/24-008749-003/2024(H5N1)	815	1207
PB2|PP755596.1|A/cattle/Texas/24-008749-003/2024(H5N1)	816	1211
PB2|PP755596.1|A/cattle/Texas/24-008749-003/2024(H5N1)	817	1211
PB2|PP755596.1|A/cattle/Texas/24-008749-003/2024(H5N1)	818	1210
PB2|PP755596.1|A/cattle/Texas/24-008749-003/2024(H5N1)	819	1209
PB2|PP755596.1|A/cattle/Texas/24-008749-003/2024(H5N1)	820	1201
PB2|PP755596.1|A/cattle/Texas/24-008749-003/2024(H5N1)	821	1198
PB2|PP755596.1|A/cattle/Texas/24-008749-003/2024(H5N1)	822	1159
PB2|PP755596.1|A/cattle/Texas/24-008749-003/2024(H5N1)	823	1163
PB2|PP755596.1|A/cattle/Texas/24-008749-003/2024(H5N1)	824	1174
PB2|PP755596.1|A/cattle/Texas/24-008749-003/2024(H5N1)	825	1199
PB2|PP755596.1|A/cattle/Texas/24-008749-003/2024(H5N1)	826	1197
PB2|PP755596.1|A/cattle/Texas/24-008749-003/2024(H5N1)	827	1167
PB2|PP755596.1|A/cattle/Texas/24-008749-003/2024(H5N1)	828	1164
PB2|PP755596.1|A/cattle/Texas/24-008749-003/2024(H5N1)	829	1176
PB2|PP755596.1|A/cattle/Texas/24-008749-003/2024(H5N1)	830	1158
PB2|PP755596.1|A/cattle/Texas/24-008749-003/2024(H5N1)	831	1159
PB2|PP755596.1|A/cattle/Texas/24-008749-003/2024(H5N1)	832	1156
PB2|PP755596.1|A/cattle/Texas/24-008749-003/2024(H5N1)	833	1129
PB2|PP755596.1|A/cattle/Texas/24-008749-003/2024(H5N1)	834	1109
PB2|PP755596.1|A/cattle/Texas/24-008749-003/2024(H5N1)	835	1107
PB2|PP755596.1|A/cattle/Texas/24-008749-003/2024(H5N1)	836	1114
PB2|PP755596.1|A/cattle/Texas/24-008749-003/2024(H5N1)	837	1111
PB2|PP755596.1|A/cattle/Texas/24-008749-003/2024(H5N1)	838	1198
PB2|PP755596.1|A/cattle/Texas/24-008749-003/2024(H5N1)	839	1196
PB2|PP755596.1|A/cattle/Texas/24-008749-003/2024(H5N1)	840	1201
PB2|PP755596.1|A/cattle/Texas/24-008749-003/2024(H5N1)	841	1199
PB2|PP755596.1|A/cattle/Texas/24-008749-003/2024(H5N1)	842	1192
PB2|PP755596.1|A/cattle/Texas/24-008749-003/2024(H5N1)	843	1193
PB2|PP755596.1|A/cattle/Texas/24-008749-003/2024(H5N1)	844	1192
PB2|PP755596.1|A/cattle/Texas/24-008749-003/2024(H5N1)	845	1184
PB2|PP755596.1|A/cattle/Texas/24-008749-003/2024(H5N1)	846	1185
PB2|PP755596.1|A/cattle/Texas/24-008749-003/2024(H5N1)	847	1117
PB2|PP755596.1|A/cattle/Texas/24-008749-003/2024(H5N1)	848	1111
PB2|PP755596.1|A/cattle/Texas/24-008749-003/2024(H5N1)	849	1161
PB2|PP755596.1|A/cattle/Texas/24-008749-003/2024(H5N1)	850	1164
PB2|PP755596.1|A/cattle/Texas/24-008749-003/2024(H5N1)	851	1164
PB2|PP755596.1|A/cattle/Texas/24-008749-003/2024(H5N1)	852	1168
PB2|PP755596.1|A/cattle/Texas/24-008749-003/2024(H5N1)	853	1168
PB2|PP755596.1|A/cattle/Texas/24-008749-003/2024(H5N1)	854	1169
PB2|PP755596.1|A/cattle/Texas/24-008749-003/2024(H5N1)	855	1168
PB2|PP755596.1|A/cattle/Texas/24-008749-003/2024(H5N1)	856	1166
PB2|PP755596.1|A/cattle/Texas/24-008749-003/2024(H5N1)	857	1173
PB2|PP755596.1|A/cattle/Texas/24-008749-003/2024(H5N1)	858	1134
PB2|PP755596.1|A/cattle/Texas/24-008749-003/2024(H5N1)	859	1137
PB2|PP755596.1|A/cattle/Texas/24-008749-003/2024(H5N1)	860	1136
PB2|PP755596.1|A/cattle/Texas/24-008749-003/2024(H5N1)	861	1133
PB2|PP755596.1|A/cattle/Texas/24-008749-003/2024(H5N1)	862	1154
PB2|PP755596.1|A/cattle/Texas/24-008749-003/2024(H5N1)	863	1153
PB2|PP755596.1|A/cattle/Texas/24-008749-003/2024(H5N1)	864	1158
PB2|PP755596.1|A/cattle/Texas/24-008749-003/2024(H5N1)	865	1157
PB2|PP755596.1|A/cattle/Texas/24-008749-003/2024(H5N1)	866	1151
PB2|PP755596.1|A/cattle/Texas/24-008749-003/2024(H5N1)	867	1150
PB2|PP755596.1|A/cattle/Texas/24-008749-003/2024(H5N1)	868	1149
PB2|PP755596.1|A/cattle/Texas/24-008749-003/2024(H5N1)	869	1150
PB2|PP755596.1|A/cattle/Texas/24-008749-003/2024(H5N1)	870	1146
PB2|PP755596.1|A/cattle/Texas/24-008749-003/2024(H5N1)	871	1142
PB2|PP755596.1|A/cattle/Texas/24-008749-003/2024(H5N1)	872	1164
PB2|PP755596.1|A/cattle/Texas/24-008749-003/2024(H5N1)	873	1157
PB2|PP755596.1|A/cattle/Texas/24-008749-003/2024(H5N1)	874	1159
PB2|PP755596.1|A/cattle/Texas/24-008749-003/2024(H5N1)	875	1155
PB2|PP755596.1|A/cattle/Texas/24-008749-003/2024(H5N1)	876	1155
PB2|PP755596.1|A/cattle/Texas/24-008749-003/2024(H5N1)	877	1121
PB2|PP755596.1|A/cattle/Texas/24-008749-003/2024(H5N1)	878	1128
PB2|PP755596.1|A/cattle/Texas/24-008749-003/2024(H5N1)	879	1134
PB2|PP755596.1|A/cattle/Texas/24-008749-003/2024(H5N1)	880	1131
PB2|PP755596.1|A/cattle/Texas/24-008749-003/2024(H5N1)	881	1115
PB2|PP755596.1|A/cattle/Texas/24-008749-003/2024(H5N1)	882	1122
PB2|PP755596.1|A/cattle/Texas/24-008749-003/2024(H5N1)	883	1130
PB2|PP755596.1|A/cattle/Texas/24-008749-003/2024(H5N1)	884	1132
PB2|PP755596.1|A/cattle/Texas/24-008749-003/2024(H5N1)	885	1122
PB2|PP755596.1|A/cattle/Texas/24-008749-003/2024(H5N1)	886	1122
PB2|PP755596.1|A/cattle/Texas/24-008749-003/2024(H5N1)	887	1109
PB2|PP755596.1|A/cattle/Texas/24-008749-003/2024(H5N1)	888	1113
PB2|PP755596.1|A/cattle/Texas/24-008749-003/2024(H5N1)	889	1100
PB2|PP755596.1|A/cattle/Texas/24-008749-003/2024(H5N1)	890	1109
PB2|PP755596.1|A/cattle/Texas/24-008749-003/2024(H5N1)	891	1102
PB2|PP755596.1|A/cattle/Texas/24-008749-003/2024(H5N1)	892	1103
PB2|PP755596.1|A/cattle/Texas/24-008749-003/2024(H5N1)	893	1103
PB2|PP755596.1|A/cattle/Texas/24-008749-003/2024(H5N1)	894	1102
PB2|PP755596.1|A/cattle/Texas/24-008749-003/2024(H5N1)	895	1096
PB2|PP755596.1|A/cattle/Texas/24-008749-003/2024(H5N1)	896	1097
PB2|PP755596.1|A/cattle/Texas/24-008749-003/2024(H5N1)	897	1099
PB2|PP755596.1|A/cattle/Texas/24-008749-003/2024(H5N1)	898	1089
PB2|PP755596.1|A/cattle/Texas/24-008749-003/2024(H5N1)	899	1087
PB2|PP755596.1|A/cattle/Texas/24-008749-003/2024(H5N1)	900	1093
PB2|PP755596.1|A/cattle/Texas/24-008749-003/2024(H5N1)	901	1088
PB2|PP755596.1|A/cattle/Texas/24-008749-003/2024(H5N1)	902	1120
PB2|PP755596.1|A/cattle/Texas/24-008749-003/2024(H5N1)	903	1122
PB2|PP755596.1|A/cattle/Texas/24-008749-003/2024(H5N1)	904	1122
PB2|PP755596.1|A/cattle/Texas/24-008749-003/2024(H5N1)	905	1122
PB2|PP755596.1|A/cattle/Texas/24-008749-003/2024(H5N1)	906	1120
PB2|PP755596.1|A/cattle/Texas/24-008749-003/2024(H5N1)	907	1115
PB2|PP755596.1|A/cattle/Texas/24-008749-003/2024(H5N1)	908	1121
PB2|PP755596.1|A/cattle/Texas/24-008749-003/2024(H5N1)	909	1116
PB2|PP755596.1|A/cattle/Texas/24-008749-003/2024(H5N1)	910	1127
PB2|PP755596.1|A/cattle/Texas/24-008749-003/2024(H5N1)	911	1118
PB2|PP755596.1|A/cattle/Texas/24-008749-003/2024(H5N1)	912	1116
PB2|PP755596.1|A/cattle/Texas/24-008749-003/2024(H5N1)	913	1122
PB2|PP755596.1|A/cattle/Texas/24-008749-003/2024(H5N1)	914	1134
PB2|PP755596.1|A/cattle/Texas/24-008749-003/2024(H5N1)	915	1135
PB2|PP755596.1|A/cattle/Texas/24-008749-003/2024(H5N1)	916	1112
PB2|PP755596.1|A/cattle/Texas/24-008749-003/2024(H5N1)	917	1106
PB2|PP755596.1|A/cattle/Texas/24-008749-003/2024(H5N1)	918	1100
PB2|PP755596.1|A/cattle/Texas/24-008749-003/2024(H5N1)	919	1130
PB2|PP755596.1|A/cattle/Texas/24-008749-003/2024(H5N1)	920	1134
PB2|PP755596.1|A/cattle/Texas/24-008749-003/2024(H5N1)	921	1117
PB2|PP755596.1|A/cattle/Texas/24-008749-003/2024(H5N1)	922	1115
PB2|PP755596.1|A/cattle/Texas/24-008749-003/2024(H5N1)	923	1107
PB2|PP755596.1|A/cattle/Texas/24-008749-003/2024(H5N1)	924	1108
PB2|PP755596.1|A/cattle/Texas/24-008749-003/2024(H5N1)	925	1174
PB2|PP755596.1|A/cattle/Texas/24-008749-003/2024(H5N1)	926	1186
PB2|PP755596.1|A/cattle/Texas/24-008749-003/2024(H5N1)	927	1226
PB2|PP755596.1|A/cattle/Texas/24-008749-003/2024(H5N1)	928	1184
PB2|PP755596.1|A/cattle/Texas/24-008749-003/2024(H5N1)	929	1178
PB2|PP755596.1|A/cattle/Texas/24-008749-003/2024(H5N1)	930	1203
PB2|PP755596.1|A/cattle/Texas/24-008749-003/2024(H5N1)	931	1202
PB2|PP755596.1|A/cattle/Texas/24-008749-003/2024(H5N1)	932	1200
PB2|PP755596.1|A/cattle/Texas/24-008749-003/2024(H5N1)	933	1202
PB2|PP755596.1|A/cattle/Texas/24-008749-003/2024(H5N1)	934	1199
PB2|PP755596.1|A/cattle/Texas/24-008749-003/2024(H5N1)	935	1193
PB2|PP755596.1|A/cattle/Texas/24-008749-003/2024(H5N1)	936	1172
PB2|PP755596.1|A/cattle/Texas/24-008749-003/2024(H5N1)	937	1175
PB2|PP755596.1|A/cattle/Texas/24-008749-003/2024(H5N1)	938	1145
PB2|PP755596.1|A/cattle/Texas/24-008749-003/2024(H5N1)	939	1128
PB2|PP755596.1|A/cattle/Texas/24-008749-003/2024(H5N1)	940	1153
PB2|PP755596.1|A/cattle/Texas/24-008749-003/2024(H5N1)	941	1153
PB2|PP755596.1|A/cattle/Texas/24-008749-003/2024(H5N1)	942	1161
PB2|PP755596.1|A/cattle/Texas/24-008749-003/2024(H5N1)	943	1161
PB2|PP755596.1|A/cattle/Texas/24-008749-003/2024(H5N1)	944	1163
PB2|PP755596.1|A/cattle/Texas/24-008749-003/2024(H5N1)	945	1170
PB2|PP755596.1|A/cattle/Texas/24-008749-003/2024(H5N1)	946	1205
PB2|PP755596.1|A/cattle/Texas/24-008749-003/2024(H5N1)	947	1214
PB2|PP755596.1|A/cattle/Texas/24-008749-003/2024(H5N1)	948	1212
PB2|PP755596.1|A/cattle/Texas/24-008749-003/2024(H5N1)	949	1209
PB2|PP755596.1|A/cattle/Texas/24-008749-003/2024(H5N1)	950	1208
PB2|PP755596.1|A/cattle/Texas/24-008749-003/2024(H5N1)	951	1211
PB2|PP755596.1|A/cattle/Texas/24-008749-003/2024(H5N1)	952	1214
PB2|PP755596.1|A/cattle/Texas/24-008749-003/2024(H5N1)	953	1234
PB2|PP755596.1|A/cattle/Texas/24-008749-003/2024(H5N1)	954	1246
PB2|PP755596.1|A/cattle/Texas/24-008749-003/2024(H5N1)	955	1216
PB2|PP755596.1|A/cattle/Texas/24-008749-003/2024(H5N1)	956	1211
PB2|PP755596.1|A/cattle/Texas/24-008749-003/2024(H5N1)	957	1195
PB2|PP755596.1|A/cattle/Texas/24-008749-003/2024(H5N1)	958	1196
PB2|PP755596.1|A/cattle/Texas/24-008749-003/2024(H5N1)	959	1199
PB2|PP755596.1|A/cattle/Texas/24-008749-003/2024(H5N1)	960	1203
PB2|PP755596.1|A/cattle/Texas/24-008749-003/2024(H5N1)	961	1203
PB2|PP755596.1|A/cattle/Texas/24-008749-003/2024(H5N1)	962	1175
PB2|PP755596.1|A/cattle/Texas/24-008749-003/2024(H5N1)	963	1174
PB2|PP755596.1|A/cattle/Texas/24-008749-003/2024(H5N1)	964	1185
PB2|PP755596.1|A/cattle/Texas/24-008749-003/2024(H5N1)	965	1156
PB2|PP755596.1|A/cattle/Texas/24-008749-003/2024(H5N1)	966	1156
PB2|PP755596.1|A/cattle/Texas/24-008749-003/2024(H5N1)	967	1159
PB2|PP755596.1|A/cattle/Texas/24-008749-003/2024(H5N1)	968	1153
PB2|PP755596.1|A/cattle/Texas/24-008749-003/2024(H5N1)	969	1143
PB2|PP755596.1|A/cattle/Texas/24-008749-003/2024(H5N1)	970	1143
PB2|PP755596.1|A/cattle/Texas/24-008749-003/2024(H5N1)	971	1158
PB2|PP755596.1|A/cattle/Texas/24-008749-003/2024(H5N1)	972	1164
PB2|PP755596.1|A/cattle/Texas/24-008749-003/2024(H5N1)	973	1146
PB2|PP755596.1|A/cattle/Texas/24-008749-003/2024(H5N1)	974	1148
PB2|PP755596.1|A/cattle/Texas/24-008749-003/2024(H5N1)	975	1180
PB2|PP755596.1|A/cattle/Texas/24-008749-003/2024(H5N1)	976	1155
PB2|PP755596.1|A/cattle/Texas/24-008749-003/2024(H5N1)	977	1156
PB2|PP755596.1|A/cattle/Texas/24-008749-003/2024(H5N1)	978	1154
PB2|PP755596.1|A/cattle/Texas/24-008749-003/2024(H5N1)	979	1154
PB2|PP755596.1|A/cattle/Texas/24-008749-003/2024(H5N1)	980	1141
PB2|PP755596.1|A/cattle/Texas/24-008749-003/2024(H5N1)	981	1146
PB2|PP755596.1|A/cattle/Texas/24-008749-003/2024(H5N1)	982	1145
PB2|PP755596.1|A/cattle/Texas/24-008749-003/2024(H5N1)	983	1142
PB2|PP755596.1|A/cattle/Texas/24-008749-003/2024(H5N1)	984	1144
PB2|PP755596.1|A/cattle/Texas/24-008749-003/2024(H5N1)	985	1138
PB2|PP755596.1|A/cattle/Texas/24-008749-003/2024(H5N1)	986	1134
PB2|PP755596.1|A/cattle/Texas/24-008749-003/2024(H5N1)	987	1133
PB2|PP755596.1|A/cattle/Texas/24-008749-003/2024(H5N1)	988	1132
PB2|PP755596.1|A/cattle/Texas/24-008749-003/2024(H5N1)	989	1051
PB2|PP755596.1|A/cattle/Texas/24-008749-003/2024(H5N1)	990	1051
PB2|PP755596.1|A/cattle/Texas/24-008749-003/2024(H5N1)	991	1133
PB2|PP755596.1|A/cattle/Texas/24-008749-003/2024(H5N1)	992	1133
PB2|PP755596.1|A/cattle/Texas/24-008749-003/2024(H5N1)	993	1133
PB2|PP755596.1|A/cattle/Texas/24-008749-003/2024(H5N1)	994	1131
PB2|PP755596.1|A/cattle/Texas/24-008749-003/2024(H5N1)	995	1150
PB2|PP755596.1|A/cattle/Texas/24-008749-003/2024(H5N1)	996	1161
PB2|PP755596.1|A/cattle/Texas/24-008749-003/2024(H5N1)	997	1170
PB2|PP755596.1|A/cattle/Texas/24-008749-003/2024(H5N1)	998	1171
PB2|PP755596.1|A/cattle/Texas/24-008749-003/2024(H5N1)	999	1172
PB2|PP755596.1|A/cattle/Texas/24-008749-003/2024(H5N1)	1000	1113
PB2|PP755596.1|A/cattle/Texas/24-008749-003/2024(H5N1)	1001	1111
PB2|PP755596.1|A/cattle/Texas/24-008749-003/2024(H5N1)	1002	1119
PB2|PP755596.1|A/cattle/Texas/24-008749-003/2024(H5N1)	1003	1119
PB2|PP755596.1|A/cattle/Texas/24-008749-003/2024(H5N1)	1004	1122
PB2|PP755596.1|A/cattle/Texas/24-008749-003/2024(H5N1)	1005	1124
PB2|PP755596.1|A/cattle/Texas/24-008749-003/2024(H5N1)	1006	1174
PB2|PP755596.1|A/cattle/Texas/24-008749-003/2024(H5N1)	1007	1169
PB2|PP755596.1|A/cattle/Texas/24-008749-003/2024(H5N1)	1008	1172
PB2|PP755596.1|A/cattle/Texas/24-008749-003/2024(H5N1)	1009	1172
PB2|PP755596.1|A/cattle/Texas/24-008749-003/2024(H5N1)	1010	1170
PB2|PP755596.1|A/cattle/Texas/24-008749-003/2024(H5N1)	1011	1170
PB2|PP755596.1|A/cattle/Texas/24-008749-003/2024(H5N1)	1012	1190
PB2|PP755596.1|A/cattle/Texas/24-008749-003/2024(H5N1)	1013	1183
PB2|PP755596.1|A/cattle/Texas/24-008749-003/2024(H5N1)	1014	1181
PB2|PP755596.1|A/cattle/Texas/24-008749-003/2024(H5N1)	1015	1179
PB2|PP755596.1|A/cattle/Texas/24-008749-003/2024(H5N1)	1016	1183
PB2|PP755596.1|A/cattle/Texas/24-008749-003/2024(H5N1)	1017	1183
PB2|PP755596.1|A/cattle/Texas/24-008749-003/2024(H5N1)	1018	1184
PB2|PP755596.1|A/cattle/Texas/24-008749-003/2024(H5N1)	1019	1198
PB2|PP755596.1|A/cattle/Texas/24-008749-003/2024(H5N1)	1020	1221
PB2|PP755596.1|A/cattle/Texas/24-008749-003/2024(H5N1)	1021	1219
PB2|PP755596.1|A/cattle/Texas/24-008749-003/2024(H5N1)	1022	1215
PB2|PP755596.1|A/cattle/Texas/24-008749-003/2024(H5N1)	1023	1192
PB2|PP755596.1|A/cattle/Texas/24-008749-003/2024(H5N1)	1024	1201
PB2|PP755596.1|A/cattle/Texas/24-008749-003/2024(H5N1)	1025	1212
PB2|PP755596.1|A/cattle/Texas/24-008749-003/2024(H5N1)	1026	1210
PB2|PP755596.1|A/cattle/Texas/24-008749-003/2024(H5N1)	1027	1209
PB2|PP755596.1|A/cattle/Texas/24-008749-003/2024(H5N1)	1028	1204
PB2|PP755596.1|A/cattle/Texas/24-008749-003/2024(H5N1)	1029	1183
PB2|PP755596.1|A/cattle/Texas/24-008749-003/2024(H5N1)	1030	1191
PB2|PP755596.1|A/cattle/Texas/24-008749-003/2024(H5N1)	1031	1184
PB2|PP755596.1|A/cattle/Texas/24-008749-003/2024(H5N1)	1032	1196
PB2|PP755596.1|A/cattle/Texas/24-008749-003/2024(H5N1)	1033	1183
PB2|PP755596.1|A/cattle/Texas/24-008749-003/2024(H5N1)	1034	1204
PB2|PP755596.1|A/cattle/Texas/24-008749-003/2024(H5N1)	1035	1204
PB2|PP755596.1|A/cattle/Texas/24-008749-003/2024(H5N1)	1036	1199
PB2|PP755596.1|A/cattle/Texas/24-008749-003/2024(H5N1)	1037	1200
PB2|PP755596.1|A/cattle/Texas/24-008749-003/2024(H5N1)	1038	1199
PB2|PP755596.1|A/cattle/Texas/24-008749-003/2024(H5N1)	1039	1195
PB2|PP755596.1|A/cattle/Texas/24-008749-003/2024(H5N1)	1040	1196
PB2|PP755596.1|A/cattle/Texas/24-008749-003/2024(H5N1)	1041	1184
PB2|PP755596.1|A/cattle/Texas/24-008749-003/2024(H5N1)	1042	1177
PB2|PP755596.1|A/cattle/Texas/24-008749-003/2024(H5N1)	1043	1178
PB2|PP755596.1|A/cattle/Texas/24-008749-003/2024(H5N1)	1044	1186
PB2|PP755596.1|A/cattle/Texas/24-008749-003/2024(H5N1)	1045	1192
PB2|PP755596.1|A/cattle/Texas/24-008749-003/2024(H5N1)	1046	1196
PB2|PP755596.1|A/cattle/Texas/24-008749-003/2024(H5N1)	1047	1197
PB2|PP755596.1|A/cattle/Texas/24-008749-003/2024(H5N1)	1048	1224
PB2|PP755596.1|A/cattle/Texas/24-008749-003/2024(H5N1)	1049	1222
PB2|PP755596.1|A/cattle/Texas/24-008749-003/2024(H5N1)	1050	1223
PB2|PP755596.1|A/cattle/Texas/24-008749-003/2024(H5N1)	1051	1218
PB2|PP755596.1|A/cattle/Texas/24-008749-003/2024(H5N1)	1052	1207
PB2|PP755596.1|A/cattle/Texas/24-008749-003/2024(H5N1)	1053	1196
PB2|PP755596.1|A/cattle/Texas/24-008749-003/2024(H5N1)	1054	1195
PB2|PP755596.1|A/cattle/Texas/24-008749-003/2024(H5N1)	1055	1193
PB2|PP755596.1|A/cattle/Texas/24-008749-003/2024(H5N1)	1056	1202
PB2|PP755596.1|A/cattle/Texas/24-008749-003/2024(H5N1)	1057	1204
PB2|PP755596.1|A/cattle/Texas/24-008749-003/2024(H5N1)	1058	1235
PB2|PP755596.1|A/cattle/Texas/24-008749-003/2024(H5N1)	1059	1225
PB2|PP755596.1|A/cattle/Texas/24-008749-003/2024(H5N1)	1060	1224
PB2|PP755596.1|A/cattle/Texas/24-008749-003/2024(H5N1)	1061	1207
PB2|PP755596.1|A/cattle/Texas/24-008749-003/2024(H5N1)	1062	1217
PB2|PP755596.1|A/cattle/Texas/24-008749-003/2024(H5N1)	1063	1198
PB2|PP755596.1|A/cattle/Texas/24-008749-003/2024(H5N1)	1064	1198
PB2|PP755596.1|A/cattle/Texas/24-008749-003/2024(H5N1)	1065	1188
PB2|PP755596.1|A/cattle/Texas/24-008749-003/2024(H5N1)	1066	1229
PB2|PP755596.1|A/cattle/Texas/24-008749-003/2024(H5N1)	1067	1216
PB2|PP755596.1|A/cattle/Texas/24-008749-003/2024(H5N1)	1068	1234
PB2|PP755596.1|A/cattle/Texas/24-008749-003/2024(H5N1)	1069	1222
PB2|PP755596.1|A/cattle/Texas/24-008749-003/2024(H5N1)	1070	1222
PB2|PP755596.1|A/cattle/Texas/24-008749-003/2024(H5N1)	1071	1221
PB2|PP755596.1|A/cattle/Texas/24-008749-003/2024(H5N1)	1072	1221
PB2|PP755596.1|A/cattle/Texas/24-008749-003/2024(H5N1)	1073	1233
PB2|PP755596.1|A/cattle/Texas/24-008749-003/2024(H5N1)	1074	1241
PB2|PP755596.1|A/cattle/Texas/24-008749-003/2024(H5N1)	1075	1241
PB2|PP755596.1|A/cattle/Texas/24-008749-003/2024(H5N1)	1076	1233
PB2|PP755596.1|A/cattle/Texas/24-008749-003/2024(H5N1)	1077	1227
PB2|PP755596.1|A/cattle/Texas/24-008749-003/2024(H5N1)	1078	1189
PB2|PP755596.1|A/cattle/Texas/24-008749-003/2024(H5N1)	1079	1199
PB2|PP755596.1|A/cattle/Texas/24-008749-003/2024(H5N1)	1080	1199
PB2|PP755596.1|A/cattle/Texas/24-008749-003/2024(H5N1)	1081	1189
PB2|PP755596.1|A/cattle/Texas/24-008749-003/2024(H5N1)	1082	1189
PB2|PP755596.1|A/cattle/Texas/24-008749-003/2024(H5N1)	1083	1186
PB2|PP755596.1|A/cattle/Texas/24-008749-003/2024(H5N1)	1084	1183
PB2|PP755596.1|A/cattle/Texas/24-008749-003/2024(H5N1)	1085	1118
PB2|PP755596.1|A/cattle/Texas/24-008749-003/2024(H5N1)	1086	1121
PB2|PP755596.1|A/cattle/Texas/24-008749-003/2024(H5N1)	1087	1151
PB2|PP755596.1|A/cattle/Texas/24-008749-003/2024(H5N1)	1088	1198
PB2|PP755596.1|A/cattle/Texas/24-008749-003/2024(H5N1)	1089	1207
PB2|PP755596.1|A/cattle/Texas/24-008749-003/2024(H5N1)	1090	1210
PB2|PP755596.1|A/cattle/Texas/24-008749-003/2024(H5N1)	1091	1202
PB2|PP755596.1|A/cattle/Texas/24-008749-003/2024(H5N1)	1092	1201
PB2|PP755596.1|A/cattle/Texas/24-008749-003/2024(H5N1)	1093	1203
PB2|PP755596.1|A/cattle/Texas/24-008749-003/2024(H5N1)	1094	1202
PB2|PP755596.1|A/cattle/Texas/24-008749-003/2024(H5N1)	1095	1216
PB2|PP755596.1|A/cattle/Texas/24-008749-003/2024(H5N1)	1096	1221
PB2|PP755596.1|A/cattle/Texas/24-008749-003/2024(H5N1)	1097	1182
PB2|PP755596.1|A/cattle/Texas/24-008749-003/2024(H5N1)	1098	1188
PB2|PP755596.1|A/cattle/Texas/24-008749-003/2024(H5N1)	1099	1185
PB2|PP755596.1|A/cattle/Texas/24-008749-003/2024(H5N1)	1100	1187
PB2|PP755596.1|A/cattle/Texas/24-008749-003/2024(H5N1)	1101	1190
PB2|PP755596.1|A/cattle/Texas/24-008749-003/2024(H5N1)	1102	1182
PB2|PP755596.1|A/cattle/Texas/24-008749-003/2024(H5N1)	1103	1186
PB2|PP755596.1|A/cattle/Texas/24-008749-003/2024(H5N1)	1104	1153
PB2|PP755596.1|A/cattle/Texas/24-008749-003/2024(H5N1)	1105	1137
PB2|PP755596.1|A/cattle/Texas/24-008749-003/2024(H5N1)	1106	1145
PB2|PP755596.1|A/cattle/Texas/24-008749-003/2024(H5N1)	1107	1150
PB2|PP755596.1|A/cattle/Texas/24-008749-003/2024(H5N1)	1108	1149
PB2|PP755596.1|A/cattle/Texas/24-008749-003/2024(H5N1)	1109	1154
PB2|PP755596.1|A/cattle/Texas/24-008749-003/2024(H5N1)	1110	1154
PB2|PP755596.1|A/cattle/Texas/24-008749-003/2024(H5N1)	1111	1162
PB2|PP755596.1|A/cattle/Texas/24-008749-003/2024(H5N1)	1112	1166
PB2|PP755596.1|A/cattle/Texas/24-008749-003/2024(H5N1)	1113	1166
PB2|PP755596.1|A/cattle/Texas/24-008749-003/2024(H5N1)	1114	1164
PB2|PP755596.1|A/cattle/Texas/24-008749-003/2024(H5N1)	1115	1145
PB2|PP755596.1|A/cattle/Texas/24-008749-003/2024(H5N1)	1116	1143
PB2|PP755596.1|A/cattle/Texas/24-008749-003/2024(H5N1)	1117	1178
PB2|PP755596.1|A/cattle/Texas/24-008749-003/2024(H5N1)	1118	1181
PB2|PP755596.1|A/cattle/Texas/24-008749-003/2024(H5N1)	1119	1181
PB2|PP755596.1|A/cattle/Texas/24-008749-003/2024(H5N1)	1120	1169
PB2|PP755596.1|A/cattle/Texas/24-008749-003/2024(H5N1)	1121	1165
PB2|PP755596.1|A/cattle/Texas/24-008749-003/2024(H5N1)	1122	1163
PB2|PP755596.1|A/cattle/Texas/24-008749-003/2024(H5N1)	1123	1160
PB2|PP755596.1|A/cattle/Texas/24-008749-003/2024(H5N1)	1124	1161
PB2|PP755596.1|A/cattle/Texas/24-008749-003/2024(H5N1)	1125	1165
PB2|PP755596.1|A/cattle/Texas/24-008749-003/2024(H5N1)	1126	1159
PB2|PP755596.1|A/cattle/Texas/24-008749-003/2024(H5N1)	1127	1155
PB2|PP755596.1|A/cattle/Texas/24-008749-003/2024(H5N1)	1128	1154
PB2|PP755596.1|A/cattle/Texas/24-008749-003/2024(H5N1)	1129	1159
PB2|PP755596.1|A/cattle/Texas/24-008749-003/2024(H5N1)	1130	1157
PB2|PP755596.1|A/cattle/Texas/24-008749-003/2024(H5N1)	1131	1154
PB2|PP755596.1|A/cattle/Texas/24-008749-003/2024(H5N1)	1132	1165
PB2|PP755596.1|A/cattle/Texas/24-008749-003/2024(H5N1)	1133	1217
PB2|PP755596.1|A/cattle/Texas/24-008749-003/2024(H5N1)	1134	1216
PB2|PP755596.1|A/cattle/Texas/24-008749-003/2024(H5N1)	1135	1212
PB2|PP755596.1|A/cattle/Texas/24-008749-003/2024(H5N1)	1136	1213
PB2|PP755596.1|A/cattle/Texas/24-008749-003/2024(H5N1)	1137	1207
PB2|PP755596.1|A/cattle/Texas/24-008749-003/2024(H5N1)	1138	1216
PB2|PP755596.1|A/cattle/Texas/24-008749-003/2024(H5N1)	1139	1227
PB2|PP755596.1|A/cattle/Texas/24-008749-003/2024(H5N1)	1140	1249
PB2|PP755596.1|A/cattle/Texas/24-008749-003/2024(H5N1)	1141	1251
PB2|PP755596.1|A/cattle/Texas/24-008749-003/2024(H5N1)	1142	1166
PB2|PP755596.1|A/cattle/Texas/24-008749-003/2024(H5N1)	1143	1169
PB2|PP755596.1|A/cattle/Texas/24-008749-003/2024(H5N1)	1144	1200
PB2|PP755596.1|A/cattle/Texas/24-008749-003/2024(H5N1)	1145	1197
PB2|PP755596.1|A/cattle/Texas/24-008749-003/2024(H5N1)	1146	1178
PB2|PP755596.1|A/cattle/Texas/24-008749-003/2024(H5N1)	1147	1163
PB2|PP755596.1|A/cattle/Texas/24-008749-003/2024(H5N1)	1148	1198
PB2|PP755596.1|A/cattle/Texas/24-008749-003/2024(H5N1)	1149	1205
PB2|PP755596.1|A/cattle/Texas/24-008749-003/2024(H5N1)	1150	1209
PB2|PP755596.1|A/cattle/Texas/24-008749-003/2024(H5N1)	1151	1226
PB2|PP755596.1|A/cattle/Texas/24-008749-003/2024(H5N1)	1152	1220
PB2|PP755596.1|A/cattle/Texas/24-008749-003/2024(H5N1)	1153	1223
PB2|PP755596.1|A/cattle/Texas/24-008749-003/2024(H5N1)	1154	1222
PB2|PP755596.1|A/cattle/Texas/24-008749-003/2024(H5N1)	1155	1210
PB2|PP755596.1|A/cattle/Texas/24-008749-003/2024(H5N1)	1156	1210
PB2|PP755596.1|A/cattle/Texas/24-008749-003/2024(H5N1)	1157	1166
PB2|PP755596.1|A/cattle/Texas/24-008749-003/2024(H5N1)	1158	1168
PB2|PP755596.1|A/cattle/Texas/24-008749-003/2024(H5N1)	1159	1165
PB2|PP755596.1|A/cattle/Texas/24-008749-003/2024(H5N1)	1160	1182
PB2|PP755596.1|A/cattle/Texas/24-008749-003/2024(H5N1)	1161	1186
PB2|PP755596.1|A/cattle/Texas/24-008749-003/2024(H5N1)	1162	1182
PB2|PP755596.1|A/cattle/Texas/24-008749-003/2024(H5N1)	1163	1172
PB2|PP755596.1|A/cattle/Texas/24-008749-003/2024(H5N1)	1164	1169
PB2|PP755596.1|A/cattle/Texas/24-008749-003/2024(H5N1)	1165	1168
PB2|PP755596.1|A/cattle/Texas/24-008749-003/2024(H5N1)	1166	1179
PB2|PP755596.1|A/cattle/Texas/24-008749-003/2024(H5N1)	1167	1185
PB2|PP755596.1|A/cattle/Texas/24-008749-003/2024(H5N1)	1168	1191
PB2|PP755596.1|A/cattle/Texas/24-008749-003/2024(H5N1)	1169	1205
PB2|PP755596.1|A/cattle/Texas/24-008749-003/2024(H5N1)	1170	1222
PB2|PP755596.1|A/cattle/Texas/24-008749-003/2024(H5N1)	1171	1218
PB2|PP755596.1|A/cattle/Texas/24-008749-003/2024(H5N1)	1172	1217
PB2|PP755596.1|A/cattle/Texas/24-008749-003/2024(H5N1)	1173	1219
PB2|PP755596.1|A/cattle/Texas/24-008749-003/2024(H5N1)	1174	1221
PB2|PP755596.1|A/cattle/Texas/24-008749-003/2024(H5N1)	1175	1209
PB2|PP755596.1|A/cattle/Texas/24-008749-003/2024(H5N1)	1176	1238
PB2|PP755596.1|A/cattle/Texas/24-008749-003/2024(H5N1)	1177	1226
PB2|PP755596.1|A/cattle/Texas/24-008749-003/2024(H5N1)	1178	1231
PB2|PP755596.1|A/cattle/Texas/24-008749-003/2024(H5N1)	1179	1229
PB2|PP755596.1|A/cattle/Texas/24-008749-003/2024(H5N1)	1180	1232
PB2|PP755596.1|A/cattle/Texas/24-008749-003/2024(H5N1)	1181	1224
PB2|PP755596.1|A/cattle/Texas/24-008749-003/2024(H5N1)	1182	1222
PB2|PP755596.1|A/cattle/Texas/24-008749-003/2024(H5N1)	1183	1211
PB2|PP755596.1|A/cattle/Texas/24-008749-003/2024(H5N1)	1184	1214
PB2|PP755596.1|A/cattle/Texas/24-008749-003/2024(H5N1)	1185	1188
PB2|PP755596.1|A/cattle/Texas/24-008749-003/2024(H5N1)	1186	1189
PB2|PP755596.1|A/cattle/Texas/24-008749-003/2024(H5N1)	1187	1189
PB2|PP755596.1|A/cattle/Texas/24-008749-003/2024(H5N1)	1188	1206
PB2|PP755596.1|A/cattle/Texas/24-008749-003/2024(H5N1)	1189	1208
PB2|PP755596.1|A/cattle/Texas/24-008749-003/2024(H5N1)	1190	1221
PB2|PP755596.1|A/cattle/Texas/24-008749-003/2024(H5N1)	1191	1217
PB2|PP755596.1|A/cattle/Texas/24-008749-003/2024(H5N1)	1192	1216
PB2|PP755596.1|A/cattle/Texas/24-008749-003/2024(H5N1)	1193	1219
PB2|PP755596.1|A/cattle/Texas/24-008749-003/2024(H5N1)	1194	1213
PB2|PP755596.1|A/cattle/Texas/24-008749-003/2024(H5N1)	1195	1207
PB2|PP755596.1|A/cattle/Texas/24-008749-003/2024(H5N1)	1196	1200
PB2|PP755596.1|A/cattle/Texas/24-008749-003/2024(H5N1)	1197	1189
PB2|PP755596.1|A/cattle/Texas/24-008749-003/2024(H5N1)	1198	1190
PB2|PP755596.1|A/cattle/Texas/24-008749-003/2024(H5N1)	1199	1160
PB2|PP755596.1|A/cattle/Texas/24-008749-003/2024(H5N1)	1200	1165
PB2|PP755596.1|A/cattle/Texas/24-008749-003/2024(H5N1)	1201	1165
PB2|PP755596.1|A/cattle/Texas/24-008749-003/2024(H5N1)	1202	1165
PB2|PP755596.1|A/cattle/Texas/24-008749-003/2024(H5N1)	1203	1164
PB2|PP755596.1|A/cattle/Texas/24-008749-003/2024(H5N1)	1204	1169
PB2|PP755596.1|A/cattle/Texas/24-008749-003/2024(H5N1)	1205	1175
PB2|PP755596.1|A/cattle/Texas/24-008749-003/2024(H5N1)	1206	1184
PB2|PP755596.1|A/cattle/Texas/24-008749-003/2024(H5N1)	1207	1183
PB2|PP755596.1|A/cattle/Texas/24-008749-003/2024(H5N1)	1208	1191
PB2|PP755596.1|A/cattle/Texas/24-008749-003/2024(H5N1)	1209	1171
PB2|PP755596.1|A/cattle/Texas/24-008749-003/2024(H5N1)	1210	1171
PB2|PP755596.1|A/cattle/Texas/24-008749-003/2024(H5N1)	1211	1180
PB2|PP755596.1|A/cattle/Texas/24-008749-003/2024(H5N1)	1212	1184
PB2|PP755596.1|A/cattle/Texas/24-008749-003/2024(H5N1)	1213	1174
PB2|PP755596.1|A/cattle/Texas/24-008749-003/2024(H5N1)	1214	1185
PB2|PP755596.1|A/cattle/Texas/24-008749-003/2024(H5N1)	1215	1184
PB2|PP755596.1|A/cattle/Texas/24-008749-003/2024(H5N1)	1216	1158
PB2|PP755596.1|A/cattle/Texas/24-008749-003/2024(H5N1)	1217	1162
PB2|PP755596.1|A/cattle/Texas/24-008749-003/2024(H5N1)	1218	1154
PB2|PP755596.1|A/cattle/Texas/24-008749-003/2024(H5N1)	1219	1141
PB2|PP755596.1|A/cattle/Texas/24-008749-003/2024(H5N1)	1220	1117
PB2|PP755596.1|A/cattle/Texas/24-008749-003/2024(H5N1)	1221	1129
PB2|PP755596.1|A/cattle/Texas/24-008749-003/2024(H5N1)	1222	1130
PB2|PP755596.1|A/cattle/Texas/24-008749-003/2024(H5N1)	1223	1115
PB2|PP755596.1|A/cattle/Texas/24-008749-003/2024(H5N1)	1224	1120
PB2|PP755596.1|A/cattle/Texas/24-008749-003/2024(H5N1)	1225	1095
PB2|PP755596.1|A/cattle/Texas/24-008749-003/2024(H5N1)	1226	1086
PB2|PP755596.1|A/cattle/Texas/24-008749-003/2024(H5N1)	1227	1062
PB2|PP755596.1|A/cattle/Texas/24-008749-003/2024(H5N1)	1228	1066
PB2|PP755596.1|A/cattle/Texas/24-008749-003/2024(H5N1)	1229	1080
PB2|PP755596.1|A/cattle/Texas/24-008749-003/2024(H5N1)	1230	1110
PB2|PP755596.1|A/cattle/Texas/24-008749-003/2024(H5N1)	1231	1115
PB2|PP755596.1|A/cattle/Texas/24-008749-003/2024(H5N1)	1232	1109
PB2|PP755596.1|A/cattle/Texas/24-008749-003/2024(H5N1)	1233	1109
PB2|PP755596.1|A/cattle/Texas/24-008749-003/2024(H5N1)	1234	1109
PB2|PP755596.1|A/cattle/Texas/24-008749-003/2024(H5N1)	1235	1091
PB2|PP755596.1|A/cattle/Texas/24-008749-003/2024(H5N1)	1236	1096
PB2|PP755596.1|A/cattle/Texas/24-008749-003/2024(H5N1)	1237	1090
PB2|PP755596.1|A/cattle/Texas/24-008749-003/2024(H5N1)	1238	1089
PB2|PP755596.1|A/cattle/Texas/24-008749-003/2024(H5N1)	1239	1049
PB2|PP755596.1|A/cattle/Texas/24-008749-003/2024(H5N1)	1240	1070
PB2|PP755596.1|A/cattle/Texas/24-008749-003/2024(H5N1)	1241	1085
PB2|PP755596.1|A/cattle/Texas/24-008749-003/2024(H5N1)	1242	1082
PB2|PP755596.1|A/cattle/Texas/24-008749-003/2024(H5N1)	1243	1090
PB2|PP755596.1|A/cattle/Texas/24-008749-003/2024(H5N1)	1244	1089
PB2|PP755596.1|A/cattle/Texas/24-008749-003/2024(H5N1)	1245	1094
PB2|PP755596.1|A/cattle/Texas/24-008749-003/2024(H5N1)	1246	1077
PB2|PP755596.1|A/cattle/Texas/24-008749-003/2024(H5N1)	1247	1068
PB2|PP755596.1|A/cattle/Texas/24-008749-003/2024(H5N1)	1248	1052
PB2|PP755596.1|A/cattle/Texas/24-008749-003/2024(H5N1)	1249	1049
PB2|PP755596.1|A/cattle/Texas/24-008749-003/2024(H5N1)	1250	1056
PB2|PP755596.1|A/cattle/Texas/24-008749-003/2024(H5N1)	1251	1058
PB2|PP755596.1|A/cattle/Texas/24-008749-003/2024(H5N1)	1252	1056
PB2|PP755596.1|A/cattle/Texas/24-008749-003/2024(H5N1)	1253	1055
PB2|PP755596.1|A/cattle/Texas/24-008749-003/2024(H5N1)	1254	1061
PB2|PP755596.1|A/cattle/Texas/24-008749-003/2024(H5N1)	1255	1076
PB2|PP755596.1|A/cattle/Texas/24-008749-003/2024(H5N1)	1256	1079
PB2|PP755596.1|A/cattle/Texas/24-008749-003/2024(H5N1)	1257	1067
PB2|PP755596.1|A/cattle/Texas/24-008749-003/2024(H5N1)	1258	1060
PB2|PP755596.1|A/cattle/Texas/24-008749-003/2024(H5N1)	1259	1061
PB2|PP755596.1|A/cattle/Texas/24-008749-003/2024(H5N1)	1260	1070
PB2|PP755596.1|A/cattle/Texas/24-008749-003/2024(H5N1)	1261	1070
PB2|PP755596.1|A/cattle/Texas/24-008749-003/2024(H5N1)	1262	1064
PB2|PP755596.1|A/cattle/Texas/24-008749-003/2024(H5N1)	1263	1061
PB2|PP755596.1|A/cattle/Texas/24-008749-003/2024(H5N1)	1264	1061
PB2|PP755596.1|A/cattle/Texas/24-008749-003/2024(H5N1)	1265	1059
PB2|PP755596.1|A/cattle/Texas/24-008749-003/2024(H5N1)	1266	1058
PB2|PP755596.1|A/cattle/Texas/24-008749-003/2024(H5N1)	1267	1055
PB2|PP755596.1|A/cattle/Texas/24-008749-003/2024(H5N1)	1268	1046
PB2|PP755596.1|A/cattle/Texas/24-008749-003/2024(H5N1)	1269	1064
PB2|PP755596.1|A/cattle/Texas/24-008749-003/2024(H5N1)	1270	1080
PB2|PP755596.1|A/cattle/Texas/24-008749-003/2024(H5N1)	1271	1080
PB2|PP755596.1|A/cattle/Texas/24-008749-003/2024(H5N1)	1272	1072
PB2|PP755596.1|A/cattle/Texas/24-008749-003/2024(H5N1)	1273	1078
PB2|PP755596.1|A/cattle/Texas/24-008749-003/2024(H5N1)	1274	1084
PB2|PP755596.1|A/cattle/Texas/24-008749-003/2024(H5N1)	1275	1088
PB2|PP755596.1|A/cattle/Texas/24-008749-003/2024(H5N1)	1276	1081
PB2|PP755596.1|A/cattle/Texas/24-008749-003/2024(H5N1)	1277	1054
PB2|PP755596.1|A/cattle/Texas/24-008749-003/2024(H5N1)	1278	1058
PB2|PP755596.1|A/cattle/Texas/24-008749-003/2024(H5N1)	1279	1075
PB2|PP755596.1|A/cattle/Texas/24-008749-003/2024(H5N1)	1280	1075
PB2|PP755596.1|A/cattle/Texas/24-008749-003/2024(H5N1)	1281	1099
PB2|PP755596.1|A/cattle/Texas/24-008749-003/2024(H5N1)	1282	1046
PB2|PP755596.1|A/cattle/Texas/24-008749-003/2024(H5N1)	1283	1041
PB2|PP755596.1|A/cattle/Texas/24-008749-003/2024(H5N1)	1284	1046
PB2|PP755596.1|A/cattle/Texas/24-008749-003/2024(H5N1)	1285	1047
PB2|PP755596.1|A/cattle/Texas/24-008749-003/2024(H5N1)	1286	1081
PB2|PP755596.1|A/cattle/Texas/24-008749-003/2024(H5N1)	1287	1079
PB2|PP755596.1|A/cattle/Texas/24-008749-003/2024(H5N1)	1288	1128
PB2|PP755596.1|A/cattle/Texas/24-008749-003/2024(H5N1)	1289	1119
PB2|PP755596.1|A/cattle/Texas/24-008749-003/2024(H5N1)	1290	1089
PB2|PP755596.1|A/cattle/Texas/24-008749-003/2024(H5N1)	1291	1092
PB2|PP755596.1|A/cattle/Texas/24-008749-003/2024(H5N1)	1292	1092
PB2|PP755596.1|A/cattle/Texas/24-008749-003/2024(H5N1)	1293	1086
PB2|PP755596.1|A/cattle/Texas/24-008749-003/2024(H5N1)	1294	1082
PB2|PP755596.1|A/cattle/Texas/24-008749-003/2024(H5N1)	1295	1060
PB2|PP755596.1|A/cattle/Texas/24-008749-003/2024(H5N1)	1296	1064
PB2|PP755596.1|A/cattle/Texas/24-008749-003/2024(H5N1)	1297	1061
PB2|PP755596.1|A/cattle/Texas/24-008749-003/2024(H5N1)	1298	1056
PB2|PP755596.1|A/cattle/Texas/24-008749-003/2024(H5N1)	1299	1043
PB2|PP755596.1|A/cattle/Texas/24-008749-003/2024(H5N1)	1300	1052
PB2|PP755596.1|A/cattle/Texas/24-008749-003/2024(H5N1)	1301	1064
PB2|PP755596.1|A/cattle/Texas/24-008749-003/2024(H5N1)	1302	1056
PB2|PP755596.1|A/cattle/Texas/24-008749-003/2024(H5N1)	1303	1057
PB2|PP755596.1|A/cattle/Texas/24-008749-003/2024(H5N1)	1304	1061
PB2|PP755596.1|A/cattle/Texas/24-008749-003/2024(H5N1)	1305	1061
PB2|PP755596.1|A/cattle/Texas/24-008749-003/2024(H5N1)	1306	1061
PB2|PP755596.1|A/cattle/Texas/24-008749-003/2024(H5N1)	1307	1061
PB2|PP755596.1|A/cattle/Texas/24-008749-003/2024(H5N1)	1308	1050
PB2|PP755596.1|A/cattle/Texas/24-008749-003/2024(H5N1)	1309	1049
PB2|PP755596.1|A/cattle/Texas/24-008749-003/2024(H5N1)	1310	1047
PB2|PP755596.1|A/cattle/Texas/24-008749-003/2024(H5N1)	1311	1085
PB2|PP755596.1|A/cattle/Texas/24-008749-003/2024(H5N1)	1312	1089
PB2|PP755596.1|A/cattle/Texas/24-008749-003/2024(H5N1)	1313	1090
PB2|PP755596.1|A/cattle/Texas/24-008749-003/2024(H5N1)	1314	1118
PB2|PP755596.1|A/cattle/Texas/24-008749-003/2024(H5N1)	1315	1120
PB2|PP755596.1|A/cattle/Texas/24-008749-003/2024(H5N1)	1316	1113
PB2|PP755596.1|A/cattle/Texas/24-008749-003/2024(H5N1)	1317	1107
PB2|PP755596.1|A/cattle/Texas/24-008749-003/2024(H5N1)	1318	1101
PB2|PP755596.1|A/cattle/Texas/24-008749-003/2024(H5N1)	1319	1093
PB2|PP755596.1|A/cattle/Texas/24-008749-003/2024(H5N1)	1320	1076
PB2|PP755596.1|A/cattle/Texas/24-008749-003/2024(H5N1)	1321	1034
PB2|PP755596.1|A/cattle/Texas/24-008749-003/2024(H5N1)	1322	1208
PB2|PP755596.1|A/cattle/Texas/24-008749-003/2024(H5N1)	1323	1207
PB2|PP755596.1|A/cattle/Texas/24-008749-003/2024(H5N1)	1324	1208
PB2|PP755596.1|A/cattle/Texas/24-008749-003/2024(H5N1)	1325	1226
PB2|PP755596.1|A/cattle/Texas/24-008749-003/2024(H5N1)	1326	1229
PB2|PP755596.1|A/cattle/Texas/24-008749-003/2024(H5N1)	1327	1245
PB2|PP755596.1|A/cattle/Texas/24-008749-003/2024(H5N1)	1328	1246
PB2|PP755596.1|A/cattle/Texas/24-008749-003/2024(H5N1)	1329	1242
PB2|PP755596.1|A/cattle/Texas/24-008749-003/2024(H5N1)	1330	1247
PB2|PP755596.1|A/cattle/Texas/24-008749-003/2024(H5N1)	1331	1242
PB2|PP755596.1|A/cattle/Texas/24-008749-003/2024(H5N1)	1332	1242
PB2|PP755596.1|A/cattle/Texas/24-008749-003/2024(H5N1)	1333	1243
PB2|PP755596.1|A/cattle/Texas/24-008749-003/2024(H5N1)	1334	1238
PB2|PP755596.1|A/cattle/Texas/24-008749-003/2024(H5N1)	1335	1241
PB2|PP755596.1|A/cattle/Texas/24-008749-003/2024(H5N1)	1336	1268
PB2|PP755596.1|A/cattle/Texas/24-008749-003/2024(H5N1)	1337	1267
PB2|PP755596.1|A/cattle/Texas/24-008749-003/2024(H5N1)	1338	1253
PB2|PP755596.1|A/cattle/Texas/24-008749-003/2024(H5N1)	1339	1249
PB2|PP755596.1|A/cattle/Texas/24-008749-003/2024(H5N1)	1340	1249
PB2|PP755596.1|A/cattle/Texas/24-008749-003/2024(H5N1)	1341	1262
PB2|PP755596.1|A/cattle/Texas/24-008749-003/2024(H5N1)	1342	1262
PB2|PP755596.1|A/cattle/Texas/24-008749-003/2024(H5N1)	1343	1272
PB2|PP755596.1|A/cattle/Texas/24-008749-003/2024(H5N1)	1344	1269
PB2|PP755596.1|A/cattle/Texas/24-008749-003/2024(H5N1)	1345	1265
PB2|PP755596.1|A/cattle/Texas/24-008749-003/2024(H5N1)	1346	1264
PB2|PP755596.1|A/cattle/Texas/24-008749-003/2024(H5N1)	1347	1264
PB2|PP755596.1|A/cattle/Texas/24-008749-003/2024(H5N1)	1348	1264
PB2|PP755596.1|A/cattle/Texas/24-008749-003/2024(H5N1)	1349	1274
PB2|PP755596.1|A/cattle/Texas/24-008749-003/2024(H5N1)	1350	1271
PB2|PP755596.1|A/cattle/Texas/24-008749-003/2024(H5N1)	1351	1273
PB2|PP755596.1|A/cattle/Texas/24-008749-003/2024(H5N1)	1352	1272
PB2|PP755596.1|A/cattle/Texas/24-008749-003/2024(H5N1)	1353	1270
PB2|PP755596.1|A/cattle/Texas/24-008749-003/2024(H5N1)	1354	1270
PB2|PP755596.1|A/cattle/Texas/24-008749-003/2024(H5N1)	1355	1258
PB2|PP755596.1|A/cattle/Texas/24-008749-003/2024(H5N1)	1356	1256
PB2|PP755596.1|A/cattle/Texas/24-008749-003/2024(H5N1)	1357	1250
PB2|PP755596.1|A/cattle/Texas/24-008749-003/2024(H5N1)	1358	1264
PB2|PP755596.1|A/cattle/Texas/24-008749-003/2024(H5N1)	1359	1264
PB2|PP755596.1|A/cattle/Texas/24-008749-003/2024(H5N1)	1360	1254
PB2|PP755596.1|A/cattle/Texas/24-008749-003/2024(H5N1)	1361	1262
PB2|PP755596.1|A/cattle/Texas/24-008749-003/2024(H5N1)	1362	1255
PB2|PP755596.1|A/cattle/Texas/24-008749-003/2024(H5N1)	1363	1251
PB2|PP755596.1|A/cattle/Texas/24-008749-003/2024(H5N1)	1364	1249
PB2|PP755596.1|A/cattle/Texas/24-008749-003/2024(H5N1)	1365	1238
PB2|PP755596.1|A/cattle/Texas/24-008749-003/2024(H5N1)	1366	1232
PB2|PP755596.1|A/cattle/Texas/24-008749-003/2024(H5N1)	1367	1230
PB2|PP755596.1|A/cattle/Texas/24-008749-003/2024(H5N1)	1368	1225
PB2|PP755596.1|A/cattle/Texas/24-008749-003/2024(H5N1)	1369	1235
PB2|PP755596.1|A/cattle/Texas/24-008749-003/2024(H5N1)	1370	1221
PB2|PP755596.1|A/cattle/Texas/24-008749-003/2024(H5N1)	1371	1225
PB2|PP755596.1|A/cattle/Texas/24-008749-003/2024(H5N1)	1372	1212
PB2|PP755596.1|A/cattle/Texas/24-008749-003/2024(H5N1)	1373	1211
PB2|PP755596.1|A/cattle/Texas/24-008749-003/2024(H5N1)	1374	1213
PB2|PP755596.1|A/cattle/Texas/24-008749-003/2024(H5N1)	1375	1208
PB2|PP755596.1|A/cattle/Texas/24-008749-003/2024(H5N1)	1376	1212
PB2|PP755596.1|A/cattle/Texas/24-008749-003/2024(H5N1)	1377	1205
PB2|PP755596.1|A/cattle/Texas/24-008749-003/2024(H5N1)	1378	1196
PB2|PP755596.1|A/cattle/Texas/24-008749-003/2024(H5N1)	1379	1193
PB2|PP755596.1|A/cattle/Texas/24-008749-003/2024(H5N1)	1380	1185
PB2|PP755596.1|A/cattle/Texas/24-008749-003/2024(H5N1)	1381	1152
PB2|PP755596.1|A/cattle/Texas/24-008749-003/2024(H5N1)	1382	1156
PB2|PP755596.1|A/cattle/Texas/24-008749-003/2024(H5N1)	1383	1153
PB2|PP755596.1|A/cattle/Texas/24-008749-003/2024(H5N1)	1384	1150
PB2|PP755596.1|A/cattle/Texas/24-008749-003/2024(H5N1)	1385	1183
PB2|PP755596.1|A/cattle/Texas/24-008749-003/2024(H5N1)	1386	1182
PB2|PP755596.1|A/cattle/Texas/24-008749-003/2024(H5N1)	1387	1219
PB2|PP755596.1|A/cattle/Texas/24-008749-003/2024(H5N1)	1388	1218
PB2|PP755596.1|A/cattle/Texas/24-008749-003/2024(H5N1)	1389	1254
PB2|PP755596.1|A/cattle/Texas/24-008749-003/2024(H5N1)	1390	1254
PB2|PP755596.1|A/cattle/Texas/24-008749-003/2024(H5N1)	1391	1230
PB2|PP755596.1|A/cattle/Texas/24-008749-003/2024(H5N1)	1392	1233
PB2|PP755596.1|A/cattle/Texas/24-008749-003/2024(H5N1)	1393	1233
PB2|PP755596.1|A/cattle/Texas/24-008749-003/2024(H5N1)	1394	1230
PB2|PP755596.1|A/cattle/Texas/24-008749-003/2024(H5N1)	1395	1225
PB2|PP755596.1|A/cattle/Texas/24-008749-003/2024(H5N1)	1396	1225
PB2|PP755596.1|A/cattle/Texas/24-008749-003/2024(H5N1)	1397	1232
PB2|PP755596.1|A/cattle/Texas/24-008749-003/2024(H5N1)	1398	1231
PB2|PP755596.1|A/cattle/Texas/24-008749-003/2024(H5N1)	1399	1247
PB2|PP755596.1|A/cattle/Texas/24-008749-003/2024(H5N1)	1400	1231
PB2|PP755596.1|A/cattle/Texas/24-008749-003/2024(H5N1)	1401	1225
PB2|PP755596.1|A/cattle/Texas/24-008749-003/2024(H5N1)	1402	1229
PB2|PP755596.1|A/cattle/Texas/24-008749-003/2024(H5N1)	1403	1225
PB2|PP755596.1|A/cattle/Texas/24-008749-003/2024(H5N1)	1404	1236
PB2|PP755596.1|A/cattle/Texas/24-008749-003/2024(H5N1)	1405	1238
PB2|PP755596.1|A/cattle/Texas/24-008749-003/2024(H5N1)	1406	1224
PB2|PP755596.1|A/cattle/Texas/24-008749-003/2024(H5N1)	1407	1223
PB2|PP755596.1|A/cattle/Texas/24-008749-003/2024(H5N1)	1408	1223
PB2|PP755596.1|A/cattle/Texas/24-008749-003/2024(H5N1)	1409	1233
PB2|PP755596.1|A/cattle/Texas/24-008749-003/2024(H5N1)	1410	1243
PB2|PP755596.1|A/cattle/Texas/24-008749-003/2024(H5N1)	1411	1232
PB2|PP755596.1|A/cattle/Texas/24-008749-003/2024(H5N1)	1412	1232
PB2|PP755596.1|A/cattle/Texas/24-008749-003/2024(H5N1)	1413	1225
PB2|PP755596.1|A/cattle/Texas/24-008749-003/2024(H5N1)	1414	1226
PB2|PP755596.1|A/cattle/Texas/24-008749-003/2024(H5N1)	1415	1233
PB2|PP755596.1|A/cattle/Texas/24-008749-003/2024(H5N1)	1416	1234
PB2|PP755596.1|A/cattle/Texas/24-008749-003/2024(H5N1)	1417	1237
PB2|PP755596.1|A/cattle/Texas/24-008749-003/2024(H5N1)	1418	1218
PB2|PP755596.1|A/cattle/Texas/24-008749-003/2024(H5N1)	1419	1197
PB2|PP755596.1|A/cattle/Texas/24-008749-003/2024(H5N1)	1420	1199
PB2|PP755596.1|A/cattle/Texas/24-008749-003/2024(H5N1)	1421	1205
PB2|PP755596.1|A/cattle/Texas/24-008749-003/2024(H5N1)	1422	1205
PB2|PP755596.1|A/cattle/Texas/24-008749-003/2024(H5N1)	1423	1204
PB2|PP755596.1|A/cattle/Texas/24-008749-003/2024(H5N1)	1424	1198
PB2|PP755596.1|A/cattle/Texas/24-008749-003/2024(H5N1)	1425	1199
PB2|PP755596.1|A/cattle/Texas/24-008749-003/2024(H5N1)	1426	1201
PB2|PP755596.1|A/cattle/Texas/24-008749-003/2024(H5N1)	1427	1201
PB2|PP755596.1|A/cattle/Texas/24-008749-003/2024(H5N1)	1428	1227
PB2|PP755596.1|A/cattle/Texas/24-008749-003/2024(H5N1)	1429	1212
PB2|PP755596.1|A/cattle/Texas/24-008749-003/2024(H5N1)	1430	1296
PB2|PP755596.1|A/cattle/Texas/24-008749-003/2024(H5N1)	1431	1294
PB2|PP755596.1|A/cattle/Texas/24-008749-003/2024(H5N1)	1432	1274
PB2|PP755596.1|A/cattle/Texas/24-008749-003/2024(H5N1)	1433	1274
PB2|PP755596.1|A/cattle/Texas/24-008749-003/2024(H5N1)	1434	1268
PB2|PP755596.1|A/cattle/Texas/24-008749-003/2024(H5N1)	1435	1260
PB2|PP755596.1|A/cattle/Texas/24-008749-003/2024(H5N1)	1436	1264
PB2|PP755596.1|A/cattle/Texas/24-008749-003/2024(H5N1)	1437	1231
PB2|PP755596.1|A/cattle/Texas/24-008749-003/2024(H5N1)	1438	1235
PB2|PP755596.1|A/cattle/Texas/24-008749-003/2024(H5N1)	1439	1175
PB2|PP755596.1|A/cattle/Texas/24-008749-003/2024(H5N1)	1440	1183
PB2|PP755596.1|A/cattle/Texas/24-008749-003/2024(H5N1)	1441	1180
PB2|PP755596.1|A/cattle/Texas/24-008749-003/2024(H5N1)	1442	1185
PB2|PP755596.1|A/cattle/Texas/24-008749-003/2024(H5N1)	1443	1190
PB2|PP755596.1|A/cattle/Texas/24-008749-003/2024(H5N1)	1444	1187
PB2|PP755596.1|A/cattle/Texas/24-008749-003/2024(H5N1)	1445	1189
PB2|PP755596.1|A/cattle/Texas/24-008749-003/2024(H5N1)	1446	1193
PB2|PP755596.1|A/cattle/Texas/24-008749-003/2024(H5N1)	1447	1195
PB2|PP755596.1|A/cattle/Texas/24-008749-003/2024(H5N1)	1448	1198
PB2|PP755596.1|A/cattle/Texas/24-008749-003/2024(H5N1)	1449	1191
PB2|PP755596.1|A/cattle/Texas/24-008749-003/2024(H5N1)	1450	1167
PB2|PP755596.1|A/cattle/Texas/24-008749-003/2024(H5N1)	1451	1165
PB2|PP755596.1|A/cattle/Texas/24-008749-003/2024(H5N1)	1452	1152
PB2|PP755596.1|A/cattle/Texas/24-008749-003/2024(H5N1)	1453	1156
PB2|PP755596.1|A/cattle/Texas/24-008749-003/2024(H5N1)	1454	1156
PB2|PP755596.1|A/cattle/Texas/24-008749-003/2024(H5N1)	1455	1145
PB2|PP755596.1|A/cattle/Texas/24-008749-003/2024(H5N1)	1456	1171
PB2|PP755596.1|A/cattle/Texas/24-008749-003/2024(H5N1)	1457	1177
PB2|PP755596.1|A/cattle/Texas/24-008749-003/2024(H5N1)	1458	1183
PB2|PP755596.1|A/cattle/Texas/24-008749-003/2024(H5N1)	1459	1188
PB2|PP755596.1|A/cattle/Texas/24-008749-003/2024(H5N1)	1460	1183
PB2|PP755596.1|A/cattle/Texas/24-008749-003/2024(H5N1)	1461	1189
PB2|PP755596.1|A/cattle/Texas/24-008749-003/2024(H5N1)	1462	1141
PB2|PP755596.1|A/cattle/Texas/24-008749-003/2024(H5N1)	1463	1137
PB2|PP755596.1|A/cattle/Texas/24-008749-003/2024(H5N1)	1464	1327
PB2|PP755596.1|A/cattle/Texas/24-008749-003/2024(H5N1)	1465	1285
PB2|PP755596.1|A/cattle/Texas/24-008749-003/2024(H5N1)	1466	1311
PB2|PP755596.1|A/cattle/Texas/24-008749-003/2024(H5N1)	1467	1311
PB2|PP755596.1|A/cattle/Texas/24-008749-003/2024(H5N1)	1468	1305
PB2|PP755596.1|A/cattle/Texas/24-008749-003/2024(H5N1)	1469	1336
PB2|PP755596.1|A/cattle/Texas/24-008749-003/2024(H5N1)	1470	1337
PB2|PP755596.1|A/cattle/Texas/24-008749-003/2024(H5N1)	1471	1329
PB2|PP755596.1|A/cattle/Texas/24-008749-003/2024(H5N1)	1472	1322
PB2|PP755596.1|A/cattle/Texas/24-008749-003/2024(H5N1)	1473	1143
PB2|PP755596.1|A/cattle/Texas/24-008749-003/2024(H5N1)	1474	1152
PB2|PP755596.1|A/cattle/Texas/24-008749-003/2024(H5N1)	1475	1151
PB2|PP755596.1|A/cattle/Texas/24-008749-003/2024(H5N1)	1476	1144
PB2|PP755596.1|A/cattle/Texas/24-008749-003/2024(H5N1)	1477	1158
PB2|PP755596.1|A/cattle/Texas/24-008749-003/2024(H5N1)	1478	1147
PB2|PP755596.1|A/cattle/Texas/24-008749-003/2024(H5N1)	1479	1147
PB2|PP755596.1|A/cattle/Texas/24-008749-003/2024(H5N1)	1480	1152
PB2|PP755596.1|A/cattle/Texas/24-008749-003/2024(H5N1)	1481	1175
PB2|PP755596.1|A/cattle/Texas/24-008749-003/2024(H5N1)	1482	1176
PB2|PP755596.1|A/cattle/Texas/24-008749-003/2024(H5N1)	1483	1210
PB2|PP755596.1|A/cattle/Texas/24-008749-003/2024(H5N1)	1484	1209
PB2|PP755596.1|A/cattle/Texas/24-008749-003/2024(H5N1)	1485	1228
PB2|PP755596.1|A/cattle/Texas/24-008749-003/2024(H5N1)	1486	1230
PB2|PP755596.1|A/cattle/Texas/24-008749-003/2024(H5N1)	1487	1207
PB2|PP755596.1|A/cattle/Texas/24-008749-003/2024(H5N1)	1488	1207
PB2|PP755596.1|A/cattle/Texas/24-008749-003/2024(H5N1)	1489	1205
PB2|PP755596.1|A/cattle/Texas/24-008749-003/2024(H5N1)	1490	1207
PB2|PP755596.1|A/cattle/Texas/24-008749-003/2024(H5N1)	1491	1255
PB2|PP755596.1|A/cattle/Texas/24-008749-003/2024(H5N1)	1492	1226
PB2|PP755596.1|A/cattle/Texas/24-008749-003/2024(H5N1)	1493	1227
PB2|PP755596.1|A/cattle/Texas/24-008749-003/2024(H5N1)	1494	1218
PB2|PP755596.1|A/cattle/Texas/24-008749-003/2024(H5N1)	1495	1218
PB2|PP755596.1|A/cattle/Texas/24-008749-003/2024(H5N1)	1496	1272
PB2|PP755596.1|A/cattle/Texas/24-008749-003/2024(H5N1)	1497	1274
PB2|PP755596.1|A/cattle/Texas/24-008749-003/2024(H5N1)	1498	1274
PB2|PP755596.1|A/cattle/Texas/24-008749-003/2024(H5N1)	1499	1272
PB2|PP755596.1|A/cattle/Texas/24-008749-003/2024(H5N1)	1500	1281
PB2|PP755596.1|A/cattle/Texas/24-008749-003/2024(H5N1)	1501	1305
PB2|PP755596.1|A/cattle/Texas/24-008749-003/2024(H5N1)	1502	1298
PB2|PP755596.1|A/cattle/Texas/24-008749-003/2024(H5N1)	1503	1310
PB2|PP755596.1|A/cattle/Texas/24-008749-003/2024(H5N1)	1504	1317
PB2|PP755596.1|A/cattle/Texas/24-008749-003/2024(H5N1)	1505	1316
PB2|PP755596.1|A/cattle/Texas/24-008749-003/2024(H5N1)	1506	1315
PB2|PP755596.1|A/cattle/Texas/24-008749-003/2024(H5N1)	1507	1310
PB2|PP755596.1|A/cattle/Texas/24-008749-003/2024(H5N1)	1508	1304
PB2|PP755596.1|A/cattle/Texas/24-008749-003/2024(H5N1)	1509	1287
PB2|PP755596.1|A/cattle/Texas/24-008749-003/2024(H5N1)	1510	1292
PB2|PP755596.1|A/cattle/Texas/24-008749-003/2024(H5N1)	1511	1293
PB2|PP755596.1|A/cattle/Texas/24-008749-003/2024(H5N1)	1512	1290
PB2|PP755596.1|A/cattle/Texas/24-008749-003/2024(H5N1)	1513	1288
PB2|PP755596.1|A/cattle/Texas/24-008749-003/2024(H5N1)	1514	1288
PB2|PP755596.1|A/cattle/Texas/24-008749-003/2024(H5N1)	1515	1289
PB2|PP755596.1|A/cattle/Texas/24-008749-003/2024(H5N1)	1516	1285
PB2|PP755596.1|A/cattle/Texas/24-008749-003/2024(H5N1)	1517	1286
PB2|PP755596.1|A/cattle/Texas/24-008749-003/2024(H5N1)	1518	1290
PB2|PP755596.1|A/cattle/Texas/24-008749-003/2024(H5N1)	1519	1275
PB2|PP755596.1|A/cattle/Texas/24-008749-003/2024(H5N1)	1520	1272
PB2|PP755596.1|A/cattle/Texas/24-008749-003/2024(H5N1)	1521	1272
PB2|PP755596.1|A/cattle/Texas/24-008749-003/2024(H5N1)	1522	1270
PB2|PP755596.1|A/cattle/Texas/24-008749-003/2024(H5N1)	1523	1270
PB2|PP755596.1|A/cattle/Texas/24-008749-003/2024(H5N1)	1524	1275
PB2|PP755596.1|A/cattle/Texas/24-008749-003/2024(H5N1)	1525	1271
PB2|PP755596.1|A/cattle/Texas/24-008749-003/2024(H5N1)	1526	1274
PB2|PP755596.1|A/cattle/Texas/24-008749-003/2024(H5N1)	1527	1272
PB2|PP755596.1|A/cattle/Texas/24-008749-003/2024(H5N1)	1528	1264
PB2|PP755596.1|A/cattle/Texas/24-008749-003/2024(H5N1)	1529	1323
PB2|PP755596.1|A/cattle/Texas/24-008749-003/2024(H5N1)	1530	1321
PB2|PP755596.1|A/cattle/Texas/24-008749-003/2024(H5N1)	1531	1387
PB2|PP755596.1|A/cattle/Texas/24-008749-003/2024(H5N1)	1532	1386
PB2|PP755596.1|A/cattle/Texas/24-008749-003/2024(H5N1)	1533	1378
PB2|PP755596.1|A/cattle/Texas/24-008749-003/2024(H5N1)	1534	1362
PB2|PP755596.1|A/cattle/Texas/24-008749-003/2024(H5N1)	1535	1355
PB2|PP755596.1|A/cattle/Texas/24-008749-003/2024(H5N1)	1536	1367
PB2|PP755596.1|A/cattle/Texas/24-008749-003/2024(H5N1)	1537	1364
PB2|PP755596.1|A/cattle/Texas/24-008749-003/2024(H5N1)	1538	1321
PB2|PP755596.1|A/cattle/Texas/24-008749-003/2024(H5N1)	1539	1324
PB2|PP755596.1|A/cattle/Texas/24-008749-003/2024(H5N1)	1540	1264
PB2|PP755596.1|A/cattle/Texas/24-008749-003/2024(H5N1)	1541	1283
PB2|PP755596.1|A/cattle/Texas/24-008749-003/2024(H5N1)	1542	1285
PB2|PP755596.1|A/cattle/Texas/24-008749-003/2024(H5N1)	1543	1285
PB2|PP755596.1|A/cattle/Texas/24-008749-003/2024(H5N1)	1544	1286
PB2|PP755596.1|A/cattle/Texas/24-008749-003/2024(H5N1)	1545	1270
PB2|PP755596.1|A/cattle/Texas/24-008749-003/2024(H5N1)	1546	1276
PB2|PP755596.1|A/cattle/Texas/24-008749-003/2024(H5N1)	1547	1275
PB2|PP755596.1|A/cattle/Texas/24-008749-003/2024(H5N1)	1548	1264
PB2|PP755596.1|A/cattle/Texas/24-008749-003/2024(H5N1)	1549	1263
PB2|PP755596.1|A/cattle/Texas/24-008749-003/2024(H5N1)	1550	1256
PB2|PP755596.1|A/cattle/Texas/24-008749-003/2024(H5N1)	1551	1265
PB2|PP755596.1|A/cattle/Texas/24-008749-003/2024(H5N1)	1552	1277
PB2|PP755596.1|A/cattle/Texas/24-008749-003/2024(H5N1)	1553	1267
PB2|PP755596.1|A/cattle/Texas/24-008749-003/2024(H5N1)	1554	1265
PB2|PP755596.1|A/cattle/Texas/24-008749-003/2024(H5N1)	1555	1259
PB2|PP755596.1|A/cattle/Texas/24-008749-003/2024(H5N1)	1556	1268
PB2|PP755596.1|A/cattle/Texas/24-008749-003/2024(H5N1)	1557	1270
PB2|PP755596.1|A/cattle/Texas/24-008749-003/2024(H5N1)	1558	1270
PB2|PP755596.1|A/cattle/Texas/24-008749-003/2024(H5N1)	1559	1283
PB2|PP755596.1|A/cattle/Texas/24-008749-003/2024(H5N1)	1560	1260
PB2|PP755596.1|A/cattle/Texas/24-008749-003/2024(H5N1)	1561	1276
PB2|PP755596.1|A/cattle/Texas/24-008749-003/2024(H5N1)	1562	1283
PB2|PP755596.1|A/cattle/Texas/24-008749-003/2024(H5N1)	1563	1286
PB2|PP755596.1|A/cattle/Texas/24-008749-003/2024(H5N1)	1564	1290
PB2|PP755596.1|A/cattle/Texas/24-008749-003/2024(H5N1)	1565	1282
PB2|PP755596.1|A/cattle/Texas/24-008749-003/2024(H5N1)	1566	1281
PB2|PP755596.1|A/cattle/Texas/24-008749-003/2024(H5N1)	1567	1281
PB2|PP755596.1|A/cattle/Texas/24-008749-003/2024(H5N1)	1568	1341
PB2|PP755596.1|A/cattle/Texas/24-008749-003/2024(H5N1)	1569	1354
PB2|PP755596.1|A/cattle/Texas/24-008749-003/2024(H5N1)	1570	1347
PB2|PP755596.1|A/cattle/Texas/24-008749-003/2024(H5N1)	1571	1330
PB2|PP755596.1|A/cattle/Texas/24-008749-003/2024(H5N1)	1572	1326
PB2|PP755596.1|A/cattle/Texas/24-008749-003/2024(H5N1)	1573	1329
PB2|PP755596.1|A/cattle/Texas/24-008749-003/2024(H5N1)	1574	1355
PB2|PP755596.1|A/cattle/Texas/24-008749-003/2024(H5N1)	1575	1359
PB2|PP755596.1|A/cattle/Texas/24-008749-003/2024(H5N1)	1576	1358
PB2|PP755596.1|A/cattle/Texas/24-008749-003/2024(H5N1)	1577	1334
PB2|PP755596.1|A/cattle/Texas/24-008749-003/2024(H5N1)	1578	1339
PB2|PP755596.1|A/cattle/Texas/24-008749-003/2024(H5N1)	1579	1261
PB2|PP755596.1|A/cattle/Texas/24-008749-003/2024(H5N1)	1580	1262
PB2|PP755596.1|A/cattle/Texas/24-008749-003/2024(H5N1)	1581	1268
PB2|PP755596.1|A/cattle/Texas/24-008749-003/2024(H5N1)	1582	1269
PB2|PP755596.1|A/cattle/Texas/24-008749-003/2024(H5N1)	1583	1272
PB2|PP755596.1|A/cattle/Texas/24-008749-003/2024(H5N1)	1584	1276
PB2|PP755596.1|A/cattle/Texas/24-008749-003/2024(H5N1)	1585	1283
PB2|PP755596.1|A/cattle/Texas/24-008749-003/2024(H5N1)	1586	1303
PB2|PP755596.1|A/cattle/Texas/24-008749-003/2024(H5N1)	1587	1310
PB2|PP755596.1|A/cattle/Texas/24-008749-003/2024(H5N1)	1588	1310
PB2|PP755596.1|A/cattle/Texas/24-008749-003/2024(H5N1)	1589	1299
PB2|PP755596.1|A/cattle/Texas/24-008749-003/2024(H5N1)	1590	1297
PB2|PP755596.1|A/cattle/Texas/24-008749-003/2024(H5N1)	1591	1301
PB2|PP755596.1|A/cattle/Texas/24-008749-003/2024(H5N1)	1592	1298
PB2|PP755596.1|A/cattle/Texas/24-008749-003/2024(H5N1)	1593	1299
PB2|PP755596.1|A/cattle/Texas/24-008749-003/2024(H5N1)	1594	1295
PB2|PP755596.1|A/cattle/Texas/24-008749-003/2024(H5N1)	1595	1321
PB2|PP755596.1|A/cattle/Texas/24-008749-003/2024(H5N1)	1596	1315
PB2|PP755596.1|A/cattle/Texas/24-008749-003/2024(H5N1)	1597	1314
PB2|PP755596.1|A/cattle/Texas/24-008749-003/2024(H5N1)	1598	1317
PB2|PP755596.1|A/cattle/Texas/24-008749-003/2024(H5N1)	1599	1318
PB2|PP755596.1|A/cattle/Texas/24-008749-003/2024(H5N1)	1600	1323
PB2|PP755596.1|A/cattle/Texas/24-008749-003/2024(H5N1)	1601	1314
PB2|PP755596.1|A/cattle/Texas/24-008749-003/2024(H5N1)	1602	1318
PB2|PP755596.1|A/cattle/Texas/24-008749-003/2024(H5N1)	1603	1332
PB2|PP755596.1|A/cattle/Texas/24-008749-003/2024(H5N1)	1604	1329
PB2|PP755596.1|A/cattle/Texas/24-008749-003/2024(H5N1)	1605	1329
PB2|PP755596.1|A/cattle/Texas/24-008749-003/2024(H5N1)	1606	1329
PB2|PP755596.1|A/cattle/Texas/24-008749-003/2024(H5N1)	1607	1304
PB2|PP755596.1|A/cattle/Texas/24-008749-003/2024(H5N1)	1608	1314
PB2|PP755596.1|A/cattle/Texas/24-008749-003/2024(H5N1)	1609	1307
PB2|PP755596.1|A/cattle/Texas/24-008749-003/2024(H5N1)	1610	1300
PB2|PP755596.1|A/cattle/Texas/24-008749-003/2024(H5N1)	1611	1346
PB2|PP755596.1|A/cattle/Texas/24-008749-003/2024(H5N1)	1612	1340
PB2|PP755596.1|A/cattle/Texas/24-008749-003/2024(H5N1)	1613	1332
PB2|PP755596.1|A/cattle/Texas/24-008749-003/2024(H5N1)	1614	1350
PB2|PP755596.1|A/cattle/Texas/24-008749-003/2024(H5N1)	1615	1182
PB2|PP755596.1|A/cattle/Texas/24-008749-003/2024(H5N1)	1616	1186
PB2|PP755596.1|A/cattle/Texas/24-008749-003/2024(H5N1)	1617	1172
PB2|PP755596.1|A/cattle/Texas/24-008749-003/2024(H5N1)	1618	1168
PB2|PP755596.1|A/cattle/Texas/24-008749-003/2024(H5N1)	1619	1172
PB2|PP755596.1|A/cattle/Texas/24-008749-003/2024(H5N1)	1620	1143
PB2|PP755596.1|A/cattle/Texas/24-008749-003/2024(H5N1)	1621	1157
PB2|PP755596.1|A/cattle/Texas/24-008749-003/2024(H5N1)	1622	1198
PB2|PP755596.1|A/cattle/Texas/24-008749-003/2024(H5N1)	1623	1187
PB2|PP755596.1|A/cattle/Texas/24-008749-003/2024(H5N1)	1624	1177
PB2|PP755596.1|A/cattle/Texas/24-008749-003/2024(H5N1)	1625	1176
PB2|PP755596.1|A/cattle/Texas/24-008749-003/2024(H5N1)	1626	1284
PB2|PP755596.1|A/cattle/Texas/24-008749-003/2024(H5N1)	1627	1298
PB2|PP755596.1|A/cattle/Texas/24-008749-003/2024(H5N1)	1628	1301
PB2|PP755596.1|A/cattle/Texas/24-008749-003/2024(H5N1)	1629	1272
PB2|PP755596.1|A/cattle/Texas/24-008749-003/2024(H5N1)	1630	1285
PB2|PP755596.1|A/cattle/Texas/24-008749-003/2024(H5N1)	1631	1273
PB2|PP755596.1|A/cattle/Texas/24-008749-003/2024(H5N1)	1632	1275
PB2|PP755596.1|A/cattle/Texas/24-008749-003/2024(H5N1)	1633	1334
PB2|PP755596.1|A/cattle/Texas/24-008749-003/2024(H5N1)	1634	1304
PB2|PP755596.1|A/cattle/Texas/24-008749-003/2024(H5N1)	1635	1304
PB2|PP755596.1|A/cattle/Texas/24-008749-003/2024(H5N1)	1636	1282
PB2|PP755596.1|A/cattle/Texas/24-008749-003/2024(H5N1)	1637	1276
PB2|PP755596.1|A/cattle/Texas/24-008749-003/2024(H5N1)	1638	1338
PB2|PP755596.1|A/cattle/Texas/24-008749-003/2024(H5N1)	1639	1349
PB2|PP755596.1|A/cattle/Texas/24-008749-003/2024(H5N1)	1640	1355
PB2|PP755596.1|A/cattle/Texas/24-008749-003/2024(H5N1)	1641	1356
PB2|PP755596.1|A/cattle/Texas/24-008749-003/2024(H5N1)	1642	1309
PB2|PP755596.1|A/cattle/Texas/24-008749-003/2024(H5N1)	1643	1357
PB2|PP755596.1|A/cattle/Texas/24-008749-003/2024(H5N1)	1644	1357
PB2|PP755596.1|A/cattle/Texas/24-008749-003/2024(H5N1)	1645	1370
PB2|PP755596.1|A/cattle/Texas/24-008749-003/2024(H5N1)	1646	1375
PB2|PP755596.1|A/cattle/Texas/24-008749-003/2024(H5N1)	1647	1319
PB2|PP755596.1|A/cattle/Texas/24-008749-003/2024(H5N1)	1648	1323
PB2|PP755596.1|A/cattle/Texas/24-008749-003/2024(H5N1)	1649	1325
PB2|PP755596.1|A/cattle/Texas/24-008749-003/2024(H5N1)	1650	1328
PB2|PP755596.1|A/cattle/Texas/24-008749-003/2024(H5N1)	1651	1316
PB2|PP755596.1|A/cattle/Texas/24-008749-003/2024(H5N1)	1652	1291
PB2|PP755596.1|A/cattle/Texas/24-008749-003/2024(H5N1)	1653	1306
PB2|PP755596.1|A/cattle/Texas/24-008749-003/2024(H5N1)	1654	1318
PB2|PP755596.1|A/cattle/Texas/24-008749-003/2024(H5N1)	1655	1312
PB2|PP755596.1|A/cattle/Texas/24-008749-003/2024(H5N1)	1656	1314
PB2|PP755596.1|A/cattle/Texas/24-008749-003/2024(H5N1)	1657	1314
PB2|PP755596.1|A/cattle/Texas/24-008749-003/2024(H5N1)	1658	1313
PB2|PP755596.1|A/cattle/Texas/24-008749-003/2024(H5N1)	1659	1312
PB2|PP755596.1|A/cattle/Texas/24-008749-003/2024(H5N1)	1660	1329
PB2|PP755596.1|A/cattle/Texas/24-008749-003/2024(H5N1)	1661	1321
PB2|PP755596.1|A/cattle/Texas/24-008749-003/2024(H5N1)	1662	1319
PB2|PP755596.1|A/cattle/Texas/24-008749-003/2024(H5N1)	1663	1314
PB2|PP755596.1|A/cattle/Texas/24-008749-003/2024(H5N1)	1664	1314
PB2|PP755596.1|A/cattle/Texas/24-008749-003/2024(H5N1)	1665	1315
PB2|PP755596.1|A/cattle/Texas/24-008749-003/2024(H5N1)	1666	1322
PB2|PP755596.1|A/cattle/Texas/24-008749-003/2024(H5N1)	1667	1320
PB2|PP755596.1|A/cattle/Texas/24-008749-003/2024(H5N1)	1668	1320
PB2|PP755596.1|A/cattle/Texas/24-008749-003/2024(H5N1)	1669	1311
PB2|PP755596.1|A/cattle/Texas/24-008749-003/2024(H5N1)	1670	1312
PB2|PP755596.1|A/cattle/Texas/24-008749-003/2024(H5N1)	1671	1314
PB2|PP755596.1|A/cattle/Texas/24-008749-003/2024(H5N1)	1672	1313
PB2|PP755596.1|A/cattle/Texas/24-008749-003/2024(H5N1)	1673	1341
PB2|PP755596.1|A/cattle/Texas/24-008749-003/2024(H5N1)	1674	1345
PB2|PP755596.1|A/cattle/Texas/24-008749-003/2024(H5N1)	1675	1338
PB2|PP755596.1|A/cattle/Texas/24-008749-003/2024(H5N1)	1676	1286
PB2|PP755596.1|A/cattle/Texas/24-008749-003/2024(H5N1)	1677	1286
PB2|PP755596.1|A/cattle/Texas/24-008749-003/2024(H5N1)	1678	1287
PB2|PP755596.1|A/cattle/Texas/24-008749-003/2024(H5N1)	1679	1288
PB2|PP755596.1|A/cattle/Texas/24-008749-003/2024(H5N1)	1680	1289
PB2|PP755596.1|A/cattle/Texas/24-008749-003/2024(H5N1)	1681	1292
PB2|PP755596.1|A/cattle/Texas/24-008749-003/2024(H5N1)	1682	1220
PB2|PP755596.1|A/cattle/Texas/24-008749-003/2024(H5N1)	1683	1224
PB2|PP755596.1|A/cattle/Texas/24-008749-003/2024(H5N1)	1684	1226
PB2|PP755596.1|A/cattle/Texas/24-008749-003/2024(H5N1)	1685	1273
PB2|PP755596.1|A/cattle/Texas/24-008749-003/2024(H5N1)	1686	1274
PB2|PP755596.1|A/cattle/Texas/24-008749-003/2024(H5N1)	1687	1260
PB2|PP755596.1|A/cattle/Texas/24-008749-003/2024(H5N1)	1688	1259
PB2|PP755596.1|A/cattle/Texas/24-008749-003/2024(H5N1)	1689	1261
PB2|PP755596.1|A/cattle/Texas/24-008749-003/2024(H5N1)	1690	1266
PB2|PP755596.1|A/cattle/Texas/24-008749-003/2024(H5N1)	1691	1286
PB2|PP755596.1|A/cattle/Texas/24-008749-003/2024(H5N1)	1692	1271
PB2|PP755596.1|A/cattle/Texas/24-008749-003/2024(H5N1)	1693	1283
PB2|PP755596.1|A/cattle/Texas/24-008749-003/2024(H5N1)	1694	1280
PB2|PP755596.1|A/cattle/Texas/24-008749-003/2024(H5N1)	1695	1313
PB2|PP755596.1|A/cattle/Texas/24-008749-003/2024(H5N1)	1696	1311
PB2|PP755596.1|A/cattle/Texas/24-008749-003/2024(H5N1)	1697	1311
PB2|PP755596.1|A/cattle/Texas/24-008749-003/2024(H5N1)	1698	1316
PB2|PP755596.1|A/cattle/Texas/24-008749-003/2024(H5N1)	1699	1317
PB2|PP755596.1|A/cattle/Texas/24-008749-003/2024(H5N1)	1700	1306
PB2|PP755596.1|A/cattle/Texas/24-008749-003/2024(H5N1)	1701	1304
PB2|PP755596.1|A/cattle/Texas/24-008749-003/2024(H5N1)	1702	1301
PB2|PP755596.1|A/cattle/Texas/24-008749-003/2024(H5N1)	1703	1309
PB2|PP755596.1|A/cattle/Texas/24-008749-003/2024(H5N1)	1704	1306
PB2|PP755596.1|A/cattle/Texas/24-008749-003/2024(H5N1)	1705	1302
PB2|PP755596.1|A/cattle/Texas/24-008749-003/2024(H5N1)	1706	1294
PB2|PP755596.1|A/cattle/Texas/24-008749-003/2024(H5N1)	1707	1296
PB2|PP755596.1|A/cattle/Texas/24-008749-003/2024(H5N1)	1708	1317
PB2|PP755596.1|A/cattle/Texas/24-008749-003/2024(H5N1)	1709	1307
PB2|PP755596.1|A/cattle/Texas/24-008749-003/2024(H5N1)	1710	1324
PB2|PP755596.1|A/cattle/Texas/24-008749-003/2024(H5N1)	1711	1346
PB2|PP755596.1|A/cattle/Texas/24-008749-003/2024(H5N1)	1712	1336
PB2|PP755596.1|A/cattle/Texas/24-008749-003/2024(H5N1)	1713	1365
PB2|PP755596.1|A/cattle/Texas/24-008749-003/2024(H5N1)	1714	1364
PB2|PP755596.1|A/cattle/Texas/24-008749-003/2024(H5N1)	1715	1368
PB2|PP755596.1|A/cattle/Texas/24-008749-003/2024(H5N1)	1716	1371
PB2|PP755596.1|A/cattle/Texas/24-008749-003/2024(H5N1)	1717	1342
PB2|PP755596.1|A/cattle/Texas/24-008749-003/2024(H5N1)	1718	1354
PB2|PP755596.1|A/cattle/Texas/24-008749-003/2024(H5N1)	1719	1302
PB2|PP755596.1|A/cattle/Texas/24-008749-003/2024(H5N1)	1720	1305
PB2|PP755596.1|A/cattle/Texas/24-008749-003/2024(H5N1)	1721	1302
PB2|PP755596.1|A/cattle/Texas/24-008749-003/2024(H5N1)	1722	1278
PB2|PP755596.1|A/cattle/Texas/24-008749-003/2024(H5N1)	1723	1281
PB2|PP755596.1|A/cattle/Texas/24-008749-003/2024(H5N1)	1724	1276
PB2|PP755596.1|A/cattle/Texas/24-008749-003/2024(H5N1)	1725	1277
PB2|PP755596.1|A/cattle/Texas/24-008749-003/2024(H5N1)	1726	1278
PB2|PP755596.1|A/cattle/Texas/24-008749-003/2024(H5N1)	1727	1281
PB2|PP755596.1|A/cattle/Texas/24-008749-003/2024(H5N1)	1728	1298
PB2|PP755596.1|A/cattle/Texas/24-008749-003/2024(H5N1)	1729	1297
PB2|PP755596.1|A/cattle/Texas/24-008749-003/2024(H5N1)	1730	1299
PB2|PP755596.1|A/cattle/Texas/24-008749-003/2024(H5N1)	1731	1282
PB2|PP755596.1|A/cattle/Texas/24-008749-003/2024(H5N1)	1732	1281
PB2|PP755596.1|A/cattle/Texas/24-008749-003/2024(H5N1)	1733	1296
PB2|PP755596.1|A/cattle/Texas/24-008749-003/2024(H5N1)	1734	1293
PB2|PP755596.1|A/cattle/Texas/24-008749-003/2024(H5N1)	1735	1286
PB2|PP755596.1|A/cattle/Texas/24-008749-003/2024(H5N1)	1736	1271
PB2|PP755596.1|A/cattle/Texas/24-008749-003/2024(H5N1)	1737	1307
PB2|PP755596.1|A/cattle/Texas/24-008749-003/2024(H5N1)	1738	1302
PB2|PP755596.1|A/cattle/Texas/24-008749-003/2024(H5N1)	1739	1305
PB2|PP755596.1|A/cattle/Texas/24-008749-003/2024(H5N1)	1740	1303
PB2|PP755596.1|A/cattle/Texas/24-008749-003/2024(H5N1)	1741	1301
PB2|PP755596.1|A/cattle/Texas/24-008749-003/2024(H5N1)	1742	1299
PB2|PP755596.1|A/cattle/Texas/24-008749-003/2024(H5N1)	1743	1304
PB2|PP755596.1|A/cattle/Texas/24-008749-003/2024(H5N1)	1744	1322
PB2|PP755596.1|A/cattle/Texas/24-008749-003/2024(H5N1)	1745	1327
PB2|PP755596.1|A/cattle/Texas/24-008749-003/2024(H5N1)	1746	1312
PB2|PP755596.1|A/cattle/Texas/24-008749-003/2024(H5N1)	1747	1328
PB2|PP755596.1|A/cattle/Texas/24-008749-003/2024(H5N1)	1748	1326
PB2|PP755596.1|A/cattle/Texas/24-008749-003/2024(H5N1)	1749	1331
PB2|PP755596.1|A/cattle/Texas/24-008749-003/2024(H5N1)	1750	1364
PB2|PP755596.1|A/cattle/Texas/24-008749-003/2024(H5N1)	1751	1358
PB2|PP755596.1|A/cattle/Texas/24-008749-003/2024(H5N1)	1752	1426
PB2|PP755596.1|A/cattle/Texas/24-008749-003/2024(H5N1)	1753	1419
PB2|PP755596.1|A/cattle/Texas/24-008749-003/2024(H5N1)	1754	1403
PB2|PP755596.1|A/cattle/Texas/24-008749-003/2024(H5N1)	1755	1403
PB2|PP755596.1|A/cattle/Texas/24-008749-003/2024(H5N1)	1756	1418
PB2|PP755596.1|A/cattle/Texas/24-008749-003/2024(H5N1)	1757	1416
PB2|PP755596.1|A/cattle/Texas/24-008749-003/2024(H5N1)	1758	1411
PB2|PP755596.1|A/cattle/Texas/24-008749-003/2024(H5N1)	1759	1400
PB2|PP755596.1|A/cattle/Texas/24-008749-003/2024(H5N1)	1760	1398
PB2|PP755596.1|A/cattle/Texas/24-008749-003/2024(H5N1)	1761	1355
PB2|PP755596.1|A/cattle/Texas/24-008749-003/2024(H5N1)	1762	1361
PB2|PP755596.1|A/cattle/Texas/24-008749-003/2024(H5N1)	1763	1378
PB2|PP755596.1|A/cattle/Texas/24-008749-003/2024(H5N1)	1764	1356
PB2|PP755596.1|A/cattle/Texas/24-008749-003/2024(H5N1)	1765	1351
PB2|PP755596.1|A/cattle/Texas/24-008749-003/2024(H5N1)	1766	1356
PB2|PP755596.1|A/cattle/Texas/24-008749-003/2024(H5N1)	1767	1370
PB2|PP755596.1|A/cattle/Texas/24-008749-003/2024(H5N1)	1768	1501
PB2|PP755596.1|A/cattle/Texas/24-008749-003/2024(H5N1)	1769	1515
PB2|PP755596.1|A/cattle/Texas/24-008749-003/2024(H5N1)	1770	1513
PB2|PP755596.1|A/cattle/Texas/24-008749-003/2024(H5N1)	1771	1501
PB2|PP755596.1|A/cattle/Texas/24-008749-003/2024(H5N1)	1772	1507
PB2|PP755596.1|A/cattle/Texas/24-008749-003/2024(H5N1)	1773	1515
PB2|PP755596.1|A/cattle/Texas/24-008749-003/2024(H5N1)	1774	1525
PB2|PP755596.1|A/cattle/Texas/24-008749-003/2024(H5N1)	1775	1524
PB2|PP755596.1|A/cattle/Texas/24-008749-003/2024(H5N1)	1776	1528
PB2|PP755596.1|A/cattle/Texas/24-008749-003/2024(H5N1)	1777	1387
PB2|PP755596.1|A/cattle/Texas/24-008749-003/2024(H5N1)	1778	1389
PB2|PP755596.1|A/cattle/Texas/24-008749-003/2024(H5N1)	1779	1373
PB2|PP755596.1|A/cattle/Texas/24-008749-003/2024(H5N1)	1780	1380
PB2|PP755596.1|A/cattle/Texas/24-008749-003/2024(H5N1)	1781	1383
PB2|PP755596.1|A/cattle/Texas/24-008749-003/2024(H5N1)	1782	1365
PB2|PP755596.1|A/cattle/Texas/24-008749-003/2024(H5N1)	1783	1373
PB2|PP755596.1|A/cattle/Texas/24-008749-003/2024(H5N1)	1784	1342
PB2|PP755596.1|A/cattle/Texas/24-008749-003/2024(H5N1)	1785	1349
PB2|PP755596.1|A/cattle/Texas/24-008749-003/2024(H5N1)	1786	1349
PB2|PP755596.1|A/cattle/Texas/24-008749-003/2024(H5N1)	1787	1347
PB2|PP755596.1|A/cattle/Texas/24-008749-003/2024(H5N1)	1788	1348
PB2|PP755596.1|A/cattle/Texas/24-008749-003/2024(H5N1)	1789	1304
PB2|PP755596.1|A/cattle/Texas/24-008749-003/2024(H5N1)	1790	1303
PB2|PP755596.1|A/cattle/Texas/24-008749-003/2024(H5N1)	1791	1297
PB2|PP755596.1|A/cattle/Texas/24-008749-003/2024(H5N1)	1792	1304
PB2|PP755596.1|A/cattle/Texas/24-008749-003/2024(H5N1)	1793	1282
PB2|PP755596.1|A/cattle/Texas/24-008749-003/2024(H5N1)	1794	1270
PB2|PP755596.1|A/cattle/Texas/24-008749-003/2024(H5N1)	1795	1288
PB2|PP755596.1|A/cattle/Texas/24-008749-003/2024(H5N1)	1796	1287
PB2|PP755596.1|A/cattle/Texas/24-008749-003/2024(H5N1)	1797	1302
PB2|PP755596.1|A/cattle/Texas/24-008749-003/2024(H5N1)	1798	1302
PB2|PP755596.1|A/cattle/Texas/24-008749-003/2024(H5N1)	1799	1298
PB2|PP755596.1|A/cattle/Texas/24-008749-003/2024(H5N1)	1800	1300
PB2|PP755596.1|A/cattle/Texas/24-008749-003/2024(H5N1)	1801	1299
PB2|PP755596.1|A/cattle/Texas/24-008749-003/2024(H5N1)	1802	1288
PB2|PP755596.1|A/cattle/Texas/24-008749-003/2024(H5N1)	1803	1290
PB2|PP755596.1|A/cattle/Texas/24-008749-003/2024(H5N1)	1804	1277
PB2|PP755596.1|A/cattle/Texas/24-008749-003/2024(H5N1)	1805	1271
PB2|PP755596.1|A/cattle/Texas/24-008749-003/2024(H5N1)	1806	1270
PB2|PP755596.1|A/cattle/Texas/24-008749-003/2024(H5N1)	1807	1270
PB2|PP755596.1|A/cattle/Texas/24-008749-003/2024(H5N1)	1808	1295
PB2|PP755596.1|A/cattle/Texas/24-008749-003/2024(H5N1)	1809	1277
PB2|PP755596.1|A/cattle/Texas/24-008749-003/2024(H5N1)	1810	1260
PB2|PP755596.1|A/cattle/Texas/24-008749-003/2024(H5N1)	1811	1281
PB2|PP755596.1|A/cattle/Texas/24-008749-003/2024(H5N1)	1812	1285
PB2|PP755596.1|A/cattle/Texas/24-008749-003/2024(H5N1)	1813	1290
PB2|PP755596.1|A/cattle/Texas/24-008749-003/2024(H5N1)	1814	1324
PB2|PP755596.1|A/cattle/Texas/24-008749-003/2024(H5N1)	1815	1327
PB2|PP755596.1|A/cattle/Texas/24-008749-003/2024(H5N1)	1816	1334
PB2|PP755596.1|A/cattle/Texas/24-008749-003/2024(H5N1)	1817	1334
PB2|PP755596.1|A/cattle/Texas/24-008749-003/2024(H5N1)	1818	1357
PB2|PP755596.1|A/cattle/Texas/24-008749-003/2024(H5N1)	1819	1371
PB2|PP755596.1|A/cattle/Texas/24-008749-003/2024(H5N1)	1820	1367
PB2|PP755596.1|A/cattle/Texas/24-008749-003/2024(H5N1)	1821	1382
PB2|PP755596.1|A/cattle/Texas/24-008749-003/2024(H5N1)	1822	1378
PB2|PP755596.1|A/cattle/Texas/24-008749-003/2024(H5N1)	1823	1387
PB2|PP755596.1|A/cattle/Texas/24-008749-003/2024(H5N1)	1824	1358
PB2|PP755596.1|A/cattle/Texas/24-008749-003/2024(H5N1)	1825	1357
PB2|PP755596.1|A/cattle/Texas/24-008749-003/2024(H5N1)	1826	1369
PB2|PP755596.1|A/cattle/Texas/24-008749-003/2024(H5N1)	1827	1413
PB2|PP755596.1|A/cattle/Texas/24-008749-003/2024(H5N1)	1828	1416
PB2|PP755596.1|A/cattle/Texas/24-008749-003/2024(H5N1)	1829	1415
PB2|PP755596.1|A/cattle/Texas/24-008749-003/2024(H5N1)	1830	1414
PB2|PP755596.1|A/cattle/Texas/24-008749-003/2024(H5N1)	1831	1414
PB2|PP755596.1|A/cattle/Texas/24-008749-003/2024(H5N1)	1832	1439
PB2|PP755596.1|A/cattle/Texas/24-008749-003/2024(H5N1)	1833	1440
PB2|PP755596.1|A/cattle/Texas/24-008749-003/2024(H5N1)	1834	1437
PB2|PP755596.1|A/cattle/Texas/24-008749-003/2024(H5N1)	1835	1455
PB2|PP755596.1|A/cattle/Texas/24-008749-003/2024(H5N1)	1836	1403
PB2|PP755596.1|A/cattle/Texas/24-008749-003/2024(H5N1)	1837	1474
PB2|PP755596.1|A/cattle/Texas/24-008749-003/2024(H5N1)	1838	1477
PB2|PP755596.1|A/cattle/Texas/24-008749-003/2024(H5N1)	1839	1488
PB2|PP755596.1|A/cattle/Texas/24-008749-003/2024(H5N1)	1840	1487
PB2|PP755596.1|A/cattle/Texas/24-008749-003/2024(H5N1)	1841	1478
PB2|PP755596.1|A/cattle/Texas/24-008749-003/2024(H5N1)	1842	1468
PB2|PP755596.1|A/cattle/Texas/24-008749-003/2024(H5N1)	1843	1488
PB2|PP755596.1|A/cattle/Texas/24-008749-003/2024(H5N1)	1844	1490
PB2|PP755596.1|A/cattle/Texas/24-008749-003/2024(H5N1)	1845	1488
PB2|PP755596.1|A/cattle/Texas/24-008749-003/2024(H5N1)	1846	1454
PB2|PP755596.1|A/cattle/Texas/24-008749-003/2024(H5N1)	1847	1451
PB2|PP755596.1|A/cattle/Texas/24-008749-003/2024(H5N1)	1848	1451
PB2|PP755596.1|A/cattle/Texas/24-008749-003/2024(H5N1)	1849	1469
PB2|PP755596.1|A/cattle/Texas/24-008749-003/2024(H5N1)	1850	1476
PB2|PP755596.1|A/cattle/Texas/24-008749-003/2024(H5N1)	1851	1473
PB2|PP755596.1|A/cattle/Texas/24-008749-003/2024(H5N1)	1852	1482
PB2|PP755596.1|A/cattle/Texas/24-008749-003/2024(H5N1)	1853	1458
PB2|PP755596.1|A/cattle/Texas/24-008749-003/2024(H5N1)	1854	1456
PB2|PP755596.1|A/cattle/Texas/24-008749-003/2024(H5N1)	1855	1452
PB2|PP755596.1|A/cattle/Texas/24-008749-003/2024(H5N1)	1856	1453
PB2|PP755596.1|A/cattle/Texas/24-008749-003/2024(H5N1)	1857	1489
PB2|PP755596.1|A/cattle/Texas/24-008749-003/2024(H5N1)	1858	1472
PB2|PP755596.1|A/cattle/Texas/24-008749-003/2024(H5N1)	1859	1476
PB2|PP755596.1|A/cattle/Texas/24-008749-003/2024(H5N1)	1860	1460
PB2|PP755596.1|A/cattle/Texas/24-008749-003/2024(H5N1)	1861	1434
PB2|PP755596.1|A/cattle/Texas/24-008749-003/2024(H5N1)	1862	1438
PB2|PP755596.1|A/cattle/Texas/24-008749-003/2024(H5N1)	1863	1439
PB2|PP755596.1|A/cattle/Texas/24-008749-003/2024(H5N1)	1864	1403
PB2|PP755596.1|A/cattle/Texas/24-008749-003/2024(H5N1)	1865	1407
PB2|PP755596.1|A/cattle/Texas/24-008749-003/2024(H5N1)	1866	1396
PB2|PP755596.1|A/cattle/Texas/24-008749-003/2024(H5N1)	1867	1397
PB2|PP755596.1|A/cattle/Texas/24-008749-003/2024(H5N1)	1868	1386
PB2|PP755596.1|A/cattle/Texas/24-008749-003/2024(H5N1)	1869	1380
PB2|PP755596.1|A/cattle/Texas/24-008749-003/2024(H5N1)	1870	1394
PB2|PP755596.1|A/cattle/Texas/24-008749-003/2024(H5N1)	1871	1397
PB2|PP755596.1|A/cattle/Texas/24-008749-003/2024(H5N1)	1872	1395
PB2|PP755596.1|A/cattle/Texas/24-008749-003/2024(H5N1)	1873	1424
PB2|PP755596.1|A/cattle/Texas/24-008749-003/2024(H5N1)	1874	1425
PB2|PP755596.1|A/cattle/Texas/24-008749-003/2024(H5N1)	1875	1430
PB2|PP755596.1|A/cattle/Texas/24-008749-003/2024(H5N1)	1876	1428
PB2|PP755596.1|A/cattle/Texas/24-008749-003/2024(H5N1)	1877	1430
PB2|PP755596.1|A/cattle/Texas/24-008749-003/2024(H5N1)	1878	1432
PB2|PP755596.1|A/cattle/Texas/24-008749-003/2024(H5N1)	1879	1450
PB2|PP755596.1|A/cattle/Texas/24-008749-003/2024(H5N1)	1880	1446
PB2|PP755596.1|A/cattle/Texas/24-008749-003/2024(H5N1)	1881	1450
PB2|PP755596.1|A/cattle/Texas/24-008749-003/2024(H5N1)	1882	1451
PB2|PP755596.1|A/cattle/Texas/24-008749-003/2024(H5N1)	1883	1447
PB2|PP755596.1|A/cattle/Texas/24-008749-003/2024(H5N1)	1884	1450
PB2|PP755596.1|A/cattle/Texas/24-008749-003/2024(H5N1)	1885	1447
PB2|PP755596.1|A/cattle/Texas/24-008749-003/2024(H5N1)	1886	1462
PB2|PP755596.1|A/cattle/Texas/24-008749-003/2024(H5N1)	1887	1480
PB2|PP755596.1|A/cattle/Texas/24-008749-003/2024(H5N1)	1888	1433
PB2|PP755596.1|A/cattle/Texas/24-008749-003/2024(H5N1)	1889	1429
PB2|PP755596.1|A/cattle/Texas/24-008749-003/2024(H5N1)	1890	1423
PB2|PP755596.1|A/cattle/Texas/24-008749-003/2024(H5N1)	1891	1451
PB2|PP755596.1|A/cattle/Texas/24-008749-003/2024(H5N1)	1892	1458
PB2|PP755596.1|A/cattle/Texas/24-008749-003/2024(H5N1)	1893	1454
PB2|PP755596.1|A/cattle/Texas/24-008749-003/2024(H5N1)	1894	1455
PB2|PP755596.1|A/cattle/Texas/24-008749-003/2024(H5N1)	1895	1443
PB2|PP755596.1|A/cattle/Texas/24-008749-003/2024(H5N1)	1896	1475
PB2|PP755596.1|A/cattle/Texas/24-008749-003/2024(H5N1)	1897	1460
PB2|PP755596.1|A/cattle/Texas/24-008749-003/2024(H5N1)	1898	1440
PB2|PP755596.1|A/cattle/Texas/24-008749-003/2024(H5N1)	1899	1436
PB2|PP755596.1|A/cattle/Texas/24-008749-003/2024(H5N1)	1900	1402
PB2|PP755596.1|A/cattle/Texas/24-008749-003/2024(H5N1)	1901	1409
PB2|PP755596.1|A/cattle/Texas/24-008749-003/2024(H5N1)	1902	1367
PB2|PP755596.1|A/cattle/Texas/24-008749-003/2024(H5N1)	1903	1354
PB2|PP755596.1|A/cattle/Texas/24-008749-003/2024(H5N1)	1904	1361
PB2|PP755596.1|A/cattle/Texas/24-008749-003/2024(H5N1)	1905	1354
PB2|PP755596.1|A/cattle/Texas/24-008749-003/2024(H5N1)	1906	1381
PB2|PP755596.1|A/cattle/Texas/24-008749-003/2024(H5N1)	1907	1363
PB2|PP755596.1|A/cattle/Texas/24-008749-003/2024(H5N1)	1908	1372
PB2|PP755596.1|A/cattle/Texas/24-008749-003/2024(H5N1)	1909	1394
PB2|PP755596.1|A/cattle/Texas/24-008749-003/2024(H5N1)	1910	1400
PB2|PP755596.1|A/cattle/Texas/24-008749-003/2024(H5N1)	1911	1416
PB2|PP755596.1|A/cattle/Texas/24-008749-003/2024(H5N1)	1912	1423
PB2|PP755596.1|A/cattle/Texas/24-008749-003/2024(H5N1)	1913	1428
PB2|PP755596.1|A/cattle/Texas/24-008749-003/2024(H5N1)	1914	1440
PB2|PP755596.1|A/cattle/Texas/24-008749-003/2024(H5N1)	1915	1453
PB2|PP755596.1|A/cattle/Texas/24-008749-003/2024(H5N1)	1916	1450
PB2|PP755596.1|A/cattle/Texas/24-008749-003/2024(H5N1)	1917	1437
PB2|PP755596.1|A/cattle/Texas/24-008749-003/2024(H5N1)	1918	1434
PB2|PP755596.1|A/cattle/Texas/24-008749-003/2024(H5N1)	1919	1331
PB2|PP755596.1|A/cattle/Texas/24-008749-003/2024(H5N1)	1920	1322
PB2|PP755596.1|A/cattle/Texas/24-008749-003/2024(H5N1)	1921	1315
PB2|PP755596.1|A/cattle/Texas/24-008749-003/2024(H5N1)	1922	1321
PB2|PP755596.1|A/cattle/Texas/24-008749-003/2024(H5N1)	1923	1313
PB2|PP755596.1|A/cattle/Texas/24-008749-003/2024(H5N1)	1924	1281
PB2|PP755596.1|A/cattle/Texas/24-008749-003/2024(H5N1)	1925	1318
PB2|PP755596.1|A/cattle/Texas/24-008749-003/2024(H5N1)	1926	1326
PB2|PP755596.1|A/cattle/Texas/24-008749-003/2024(H5N1)	1927	1341
PB2|PP755596.1|A/cattle/Texas/24-008749-003/2024(H5N1)	1928	1336
PB2|PP755596.1|A/cattle/Texas/24-008749-003/2024(H5N1)	1929	1335
PB2|PP755596.1|A/cattle/Texas/24-008749-003/2024(H5N1)	1930	1376
PB2|PP755596.1|A/cattle/Texas/24-008749-003/2024(H5N1)	1931	1371
PB2|PP755596.1|A/cattle/Texas/24-008749-003/2024(H5N1)	1932	1373
PB2|PP755596.1|A/cattle/Texas/24-008749-003/2024(H5N1)	1933	1372
PB2|PP755596.1|A/cattle/Texas/24-008749-003/2024(H5N1)	1934	1359
PB2|PP755596.1|A/cattle/Texas/24-008749-003/2024(H5N1)	1935	1358
PB2|PP755596.1|A/cattle/Texas/24-008749-003/2024(H5N1)	1936	1345
PB2|PP755596.1|A/cattle/Texas/24-008749-003/2024(H5N1)	1937	1364
PB2|PP755596.1|A/cattle/Texas/24-008749-003/2024(H5N1)	1938	1367
PB2|PP755596.1|A/cattle/Texas/24-008749-003/2024(H5N1)	1939	1360
PB2|PP755596.1|A/cattle/Texas/24-008749-003/2024(H5N1)	1940	1359
PB2|PP755596.1|A/cattle/Texas/24-008749-003/2024(H5N1)	1941	1356
PB2|PP755596.1|A/cattle/Texas/24-008749-003/2024(H5N1)	1942	1345
PB2|PP755596.1|A/cattle/Texas/24-008749-003/2024(H5N1)	1943	1333
PB2|PP755596.1|A/cattle/Texas/24-008749-003/2024(H5N1)	1944	1359
PB2|PP755596.1|A/cattle/Texas/24-008749-003/2024(H5N1)	1945	1360
PB2|PP755596.1|A/cattle/Texas/24-008749-003/2024(H5N1)	1946	1343
PB2|PP755596.1|A/cattle/Texas/24-008749-003/2024(H5N1)	1947	1342
PB2|PP755596.1|A/cattle/Texas/24-008749-003/2024(H5N1)	1948	1326
PB2|PP755596.1|A/cattle/Texas/24-008749-003/2024(H5N1)	1949	1326
PB2|PP755596.1|A/cattle/Texas/24-008749-003/2024(H5N1)	1950	1332
PB2|PP755596.1|A/cattle/Texas/24-008749-003/2024(H5N1)	1951	1332
PB2|PP755596.1|A/cattle/Texas/24-008749-003/2024(H5N1)	1952	1335
PB2|PP755596.1|A/cattle/Texas/24-008749-003/2024(H5N1)	1953	1323
PB2|PP755596.1|A/cattle/Texas/24-008749-003/2024(H5N1)	1954	1322
PB2|PP755596.1|A/cattle/Texas/24-008749-003/2024(H5N1)	1955	1356
PB2|PP755596.1|A/cattle/Texas/24-008749-003/2024(H5N1)	1956	1367
PB2|PP755596.1|A/cattle/Texas/24-008749-003/2024(H5N1)	1957	1368
PB2|PP755596.1|A/cattle/Texas/24-008749-003/2024(H5N1)	1958	1382
PB2|PP755596.1|A/cattle/Texas/24-008749-003/2024(H5N1)	1959	1369
PB2|PP755596.1|A/cattle/Texas/24-008749-003/2024(H5N1)	1960	1370
PB2|PP755596.1|A/cattle/Texas/24-008749-003/2024(H5N1)	1961	1367
PB2|PP755596.1|A/cattle/Texas/24-008749-003/2024(H5N1)	1962	1364
PB2|PP755596.1|A/cattle/Texas/24-008749-003/2024(H5N1)	1963	1370
PB2|PP755596.1|A/cattle/Texas/24-008749-003/2024(H5N1)	1964	1350
PB2|PP755596.1|A/cattle/Texas/24-008749-003/2024(H5N1)	1965	1362
PB2|PP755596.1|A/cattle/Texas/24-008749-003/2024(H5N1)	1966	1400
PB2|PP755596.1|A/cattle/Texas/24-008749-003/2024(H5N1)	1967	1416
PB2|PP755596.1|A/cattle/Texas/24-008749-003/2024(H5N1)	1968	1413
PB2|PP755596.1|A/cattle/Texas/24-008749-003/2024(H5N1)	1969	1407
PB2|PP755596.1|A/cattle/Texas/24-008749-003/2024(H5N1)	1970	1411
PB2|PP755596.1|A/cattle/Texas/24-008749-003/2024(H5N1)	1971	1411
PB2|PP755596.1|A/cattle/Texas/24-008749-003/2024(H5N1)	1972	1589
PB2|PP755596.1|A/cattle/Texas/24-008749-003/2024(H5N1)	1973	1589
PB2|PP755596.1|A/cattle/Texas/24-008749-003/2024(H5N1)	1974	1600
PB2|PP755596.1|A/cattle/Texas/24-008749-003/2024(H5N1)	1975	1596
PB2|PP755596.1|A/cattle/Texas/24-008749-003/2024(H5N1)	1976	1591
PB2|PP755596.1|A/cattle/Texas/24-008749-003/2024(H5N1)	1977	1556
PB2|PP755596.1|A/cattle/Texas/24-008749-003/2024(H5N1)	1978	1555
PB2|PP755596.1|A/cattle/Texas/24-008749-003/2024(H5N1)	1979	1591
PB2|PP755596.1|A/cattle/Texas/24-008749-003/2024(H5N1)	1980	1596
PB2|PP755596.1|A/cattle/Texas/24-008749-003/2024(H5N1)	1981	1707
PB2|PP755596.1|A/cattle/Texas/24-008749-003/2024(H5N1)	1982	1721
PB2|PP755596.1|A/cattle/Texas/24-008749-003/2024(H5N1)	1983	1708
PB2|PP755596.1|A/cattle/Texas/24-008749-003/2024(H5N1)	1984	1740
PB2|PP755596.1|A/cattle/Texas/24-008749-003/2024(H5N1)	1985	1731
PB2|PP755596.1|A/cattle/Texas/24-008749-003/2024(H5N1)	1986	1730
PB2|PP755596.1|A/cattle/Texas/24-008749-003/2024(H5N1)	1987	1753
PB2|PP755596.1|A/cattle/Texas/24-008749-003/2024(H5N1)	1988	1685
PB2|PP755596.1|A/cattle/Texas/24-008749-003/2024(H5N1)	1989	1864
PB2|PP755596.1|A/cattle/Texas/24-008749-003/2024(H5N1)	1990	1859
PB2|PP755596.1|A/cattle/Texas/24-008749-003/2024(H5N1)	1991	1901
PB2|PP755596.1|A/cattle/Texas/24-008749-003/2024(H5N1)	1992	1963
PB2|PP755596.1|A/cattle/Texas/24-008749-003/2024(H5N1)	1993	1958
PB2|PP755596.1|A/cattle/Texas/24-008749-003/2024(H5N1)	1994	1956
PB2|PP755596.1|A/cattle/Texas/24-008749-003/2024(H5N1)	1995	1957
PB2|PP755596.1|A/cattle/Texas/24-008749-003/2024(H5N1)	1996	1962
PB2|PP755596.1|A/cattle/Texas/24-008749-003/2024(H5N1)	1997	1960
PB2|PP755596.1|A/cattle/Texas/24-008749-003/2024(H5N1)	1998	1961
PB2|PP755596.1|A/cattle/Texas/24-008749-003/2024(H5N1)	1999	2008
PB2|PP755596.1|A/cattle/Texas/24-008749-003/2024(H5N1)	2000	2010
PB2|PP755596.1|A/cattle/Texas/24-008749-003/2024(H5N1)	2001	1997
PB2|PP755596.1|A/cattle/Texas/24-008749-003/2024(H5N1)	2002	2025
PB2|PP755596.1|A/cattle/Texas/24-008749-003/2024(H5N1)	2003	2026
PB2|PP755596.1|A/cattle/Texas/24-008749-003/2024(H5N1)	2004	2023
PB2|PP755596.1|A/cattle/Texas/24-008749-003/2024(H5N1)	2005	2115
PB2|PP755596.1|A/cattle/Texas/24-008749-003/2024(H5N1)	2006	2120
PB2|PP755596.1|A/cattle/Texas/24-008749-003/2024(H5N1)	2007	2145
PB2|PP755596.1|A/cattle/Texas/24-008749-003/2024(H5N1)	2008	2111
PB2|PP755596.1|A/cattle/Texas/24-008749-003/2024(H5N1)	2009	2111
PB2|PP755596.1|A/cattle/Texas/24-008749-003/2024(H5N1)	2010	2106
PB2|PP755596.1|A/cattle/Texas/24-008749-003/2024(H5N1)	2011	2110
PB2|PP755596.1|A/cattle/Texas/24-008749-003/2024(H5N1)	2012	2130
PB2|PP755596.1|A/cattle/Texas/24-008749-003/2024(H5N1)	2013	2127
PB2|PP755596.1|A/cattle/Texas/24-008749-003/2024(H5N1)	2014	2134
PB2|PP755596.1|A/cattle/Texas/24-008749-003/2024(H5N1)	2015	2156
PB2|PP755596.1|A/cattle/Texas/24-008749-003/2024(H5N1)	2016	2158
PB2|PP755596.1|A/cattle/Texas/24-008749-003/2024(H5N1)	2017	2174
PB2|PP755596.1|A/cattle/Texas/24-008749-003/2024(H5N1)	2018	2200
PB2|PP755596.1|A/cattle/Texas/24-008749-003/2024(H5N1)	2019	2202
PB2|PP755596.1|A/cattle/Texas/24-008749-003/2024(H5N1)	2020	2216
PB2|PP755596.1|A/cattle/Texas/24-008749-003/2024(H5N1)	2021	2242
PB2|PP755596.1|A/cattle/Texas/24-008749-003/2024(H5N1)	2022	2242
PB2|PP755596.1|A/cattle/Texas/24-008749-003/2024(H5N1)	2023	2251
PB2|PP755596.1|A/cattle/Texas/24-008749-003/2024(H5N1)	2024	2218
PB2|PP755596.1|A/cattle/Texas/24-008749-003/2024(H5N1)	2025	2227
PB2|PP755596.1|A/cattle/Texas/24-008749-003/2024(H5N1)	2026	2229
PB2|PP755596.1|A/cattle/Texas/24-008749-003/2024(H5N1)	2027	2253
PB2|PP755596.1|A/cattle/Texas/24-008749-003/2024(H5N1)	2028	2252
PB2|PP755596.1|A/cattle/Texas/24-008749-003/2024(H5N1)	2029	2240
PB2|PP755596.1|A/cattle/Texas/24-008749-003/2024(H5N1)	2030	2229
PB2|PP755596.1|A/cattle/Texas/24-008749-003/2024(H5N1)	2031	2227
PB2|PP755596.1|A/cattle/Texas/24-008749-003/2024(H5N1)	2032	2225
PB2|PP755596.1|A/cattle/Texas/24-008749-003/2024(H5N1)	2033	2250
PB2|PP755596.1|A/cattle/Texas/24-008749-003/2024(H5N1)	2034	2240
PB2|PP755596.1|A/cattle/Texas/24-008749-003/2024(H5N1)	2035	2455
PB2|PP755596.1|A/cattle/Texas/24-008749-003/2024(H5N1)	2036	2431
PB2|PP755596.1|A/cattle/Texas/24-008749-003/2024(H5N1)	2037	2376
PB2|PP755596.1|A/cattle/Texas/24-008749-003/2024(H5N1)	2038	2427
PB2|PP755596.1|A/cattle/Texas/24-008749-003/2024(H5N1)	2039	2465
PB2|PP755596.1|A/cattle/Texas/24-008749-003/2024(H5N1)	2040	2471
PB2|PP755596.1|A/cattle/Texas/24-008749-003/2024(H5N1)	2041	2463
PB2|PP755596.1|A/cattle/Texas/24-008749-003/2024(H5N1)	2042	2454
PB2|PP755596.1|A/cattle/Texas/24-008749-003/2024(H5N1)	2043	2454
PB2|PP755596.1|A/cattle/Texas/24-008749-003/2024(H5N1)	2044	2464
PB2|PP755596.1|A/cattle/Texas/24-008749-003/2024(H5N1)	2045	2494
PB2|PP755596.1|A/cattle/Texas/24-008749-003/2024(H5N1)	2046	2538
PB2|PP755596.1|A/cattle/Texas/24-008749-003/2024(H5N1)	2047	2504
PB2|PP755596.1|A/cattle/Texas/24-008749-003/2024(H5N1)	2048	2568
PB2|PP755596.1|A/cattle/Texas/24-008749-003/2024(H5N1)	2049	2573
PB2|PP755596.1|A/cattle/Texas/24-008749-003/2024(H5N1)	2050	2590
PB2|PP755596.1|A/cattle/Texas/24-008749-003/2024(H5N1)	2051	2627
PB2|PP755596.1|A/cattle/Texas/24-008749-003/2024(H5N1)	2052	2665
PB2|PP755596.1|A/cattle/Texas/24-008749-003/2024(H5N1)	2053	2709
PB2|PP755596.1|A/cattle/Texas/24-008749-003/2024(H5N1)	2054	2728
PB2|PP755596.1|A/cattle/Texas/24-008749-003/2024(H5N1)	2055	2729
PB2|PP755596.1|A/cattle/Texas/24-008749-003/2024(H5N1)	2056	2787
PB2|PP755596.1|A/cattle/Texas/24-008749-003/2024(H5N1)	2057	2744
PB2|PP755596.1|A/cattle/Texas/24-008749-003/2024(H5N1)	2058	2747
PB2|PP755596.1|A/cattle/Texas/24-008749-003/2024(H5N1)	2059	2740
PB2|PP755596.1|A/cattle/Texas/24-008749-003/2024(H5N1)	2060	2716
PB2|PP755596.1|A/cattle/Texas/24-008749-003/2024(H5N1)	2061	2757
PB2|PP755596.1|A/cattle/Texas/24-008749-003/2024(H5N1)	2062	2706
PB2|PP755596.1|A/cattle/Texas/24-008749-003/2024(H5N1)	2063	2677
PB2|PP755596.1|A/cattle/Texas/24-008749-003/2024(H5N1)	2064	2681
PB2|PP755596.1|A/cattle/Texas/24-008749-003/2024(H5N1)	2065	2696
PB2|PP755596.1|A/cattle/Texas/24-008749-003/2024(H5N1)	2066	2689
PB2|PP755596.1|A/cattle/Texas/24-008749-003/2024(H5N1)	2067	2694
PB2|PP755596.1|A/cattle/Texas/24-008749-003/2024(H5N1)	2068	2766
PB2|PP755596.1|A/cattle/Texas/24-008749-003/2024(H5N1)	2069	2762
PB2|PP755596.1|A/cattle/Texas/24-008749-003/2024(H5N1)	2070	2765
PB2|PP755596.1|A/cattle/Texas/24-008749-003/2024(H5N1)	2071	2762
PB2|PP755596.1|A/cattle/Texas/24-008749-003/2024(H5N1)	2072	2760
PB2|PP755596.1|A/cattle/Texas/24-008749-003/2024(H5N1)	2073	3090
PB2|PP755596.1|A/cattle/Texas/24-008749-003/2024(H5N1)	2074	3088
PB2|PP755596.1|A/cattle/Texas/24-008749-003/2024(H5N1)	2075	3104
PB2|PP755596.1|A/cattle/Texas/24-008749-003/2024(H5N1)	2076	3083
PB2|PP755596.1|A/cattle/Texas/24-008749-003/2024(H5N1)	2077	3087
PB2|PP755596.1|A/cattle/Texas/24-008749-003/2024(H5N1)	2078	3086
PB2|PP755596.1|A/cattle/Texas/24-008749-003/2024(H5N1)	2079	3130
PB2|PP755596.1|A/cattle/Texas/24-008749-003/2024(H5N1)	2080	3381
PB2|PP755596.1|A/cattle/Texas/24-008749-003/2024(H5N1)	2081	3338
PB2|PP755596.1|A/cattle/Texas/24-008749-003/2024(H5N1)	2082	3346
PB2|PP755596.1|A/cattle/Texas/24-008749-003/2024(H5N1)	2083	3346
PB2|PP755596.1|A/cattle/Texas/24-008749-003/2024(H5N1)	2084	3356
PB2|PP755596.1|A/cattle/Texas/24-008749-003/2024(H5N1)	2085	3385
PB2|PP755596.1|A/cattle/Texas/24-008749-003/2024(H5N1)	2086	3432
PB2|PP755596.1|A/cattle/Texas/24-008749-003/2024(H5N1)	2087	3423
PB2|PP755596.1|A/cattle/Texas/24-008749-003/2024(H5N1)	2088	3519
PB2|PP755596.1|A/cattle/Texas/24-008749-003/2024(H5N1)	2089	3521
PB2|PP755596.1|A/cattle/Texas/24-008749-003/2024(H5N1)	2090	3519
PB2|PP755596.1|A/cattle/Texas/24-008749-003/2024(H5N1)	2091	3549
PB2|PP755596.1|A/cattle/Texas/24-008749-003/2024(H5N1)	2092	3547
PB2|PP755596.1|A/cattle/Texas/24-008749-003/2024(H5N1)	2093	3556
PB2|PP755596.1|A/cattle/Texas/24-008749-003/2024(H5N1)	2094	3523
PB2|PP755596.1|A/cattle/Texas/24-008749-003/2024(H5N1)	2095	3517
PB2|PP755596.1|A/cattle/Texas/24-008749-003/2024(H5N1)	2096	3634
PB2|PP755596.1|A/cattle/Texas/24-008749-003/2024(H5N1)	2097	3630
PB2|PP755596.1|A/cattle/Texas/24-008749-003/2024(H5N1)	2098	3650
PB2|PP755596.1|A/cattle/Texas/24-008749-003/2024(H5N1)	2099	3715
PB2|PP755596.1|A/cattle/Texas/24-008749-003/2024(H5N1)	2100	3709
PB2|PP755596.1|A/cattle/Texas/24-008749-003/2024(H5N1)	2101	3709
PB2|PP755596.1|A/cattle/Texas/24-008749-003/2024(H5N1)	2102	3711
PB2|PP755596.1|A/cattle/Texas/24-008749-003/2024(H5N1)	2103	3718
PB2|PP755596.1|A/cattle/Texas/24-008749-003/2024(H5N1)	2104	3715
PB2|PP755596.1|A/cattle/Texas/24-008749-003/2024(H5N1)	2105	3704
PB2|PP755596.1|A/cattle/Texas/24-008749-003/2024(H5N1)	2106	3693
PB2|PP755596.1|A/cattle/Texas/24-008749-003/2024(H5N1)	2107	3684
PB2|PP755596.1|A/cattle/Texas/24-008749-003/2024(H5N1)	2108	3695
PB2|PP755596.1|A/cattle/Texas/24-008749-003/2024(H5N1)	2109	3695
PB2|PP755596.1|A/cattle/Texas/24-008749-003/2024(H5N1)	2110	3808
PB2|PP755596.1|A/cattle/Texas/24-008749-003/2024(H5N1)	2111	3942
PB2|PP755596.1|A/cattle/Texas/24-008749-003/2024(H5N1)	2112	7024
PB2|PP755596.1|A/cattle/Texas/24-008749-003/2024(H5N1)	2113	7135
PB2|PP755596.1|A/cattle/Texas/24-008749-003/2024(H5N1)	2114	8352
PB2|PP755596.1|A/cattle/Texas/24-008749-003/2024(H5N1)	2115	8341
PB2|PP755596.1|A/cattle/Texas/24-008749-003/2024(H5N1)	2116	8378
PB2|PP755596.1|A/cattle/Texas/24-008749-003/2024(H5N1)	2117	8373
PB2|PP755596.1|A/cattle/Texas/24-008749-003/2024(H5N1)	2118	8268
PB2|PP755596.1|A/cattle/Texas/24-008749-003/2024(H5N1)	2119	8418
PB2|PP755596.1|A/cattle/Texas/24-008749-003/2024(H5N1)	2120	8418
PB2|PP755596.1|A/cattle/Texas/24-008749-003/2024(H5N1)	2121	8434
PB2|PP755596.1|A/cattle/Texas/24-008749-003/2024(H5N1)	2122	8403
PB2|PP755596.1|A/cattle/Texas/24-008749-003/2024(H5N1)	2123	8128
PB2|PP755596.1|A/cattle/Texas/24-008749-003/2024(H5N1)	2124	8195
PB2|PP755596.1|A/cattle/Texas/24-008749-003/2024(H5N1)	2125	8197
PB2|PP755596.1|A/cattle/Texas/24-008749-003/2024(H5N1)	2126	8236
PB2|PP755596.1|A/cattle/Texas/24-008749-003/2024(H5N1)	2127	8263
PB2|PP755596.1|A/cattle/Texas/24-008749-003/2024(H5N1)	2128	8378
PB2|PP755596.1|A/cattle/Texas/24-008749-003/2024(H5N1)	2129	8451
PB2|PP755596.1|A/cattle/Texas/24-008749-003/2024(H5N1)	2130	8543
PB2|PP755596.1|A/cattle/Texas/24-008749-003/2024(H5N1)	2131	8542
PB2|PP755596.1|A/cattle/Texas/24-008749-003/2024(H5N1)	2132	8582
PB2|PP755596.1|A/cattle/Texas/24-008749-003/2024(H5N1)	2133	8637
PB2|PP755596.1|A/cattle/Texas/24-008749-003/2024(H5N1)	2134	8666
PB2|PP755596.1|A/cattle/Texas/24-008749-003/2024(H5N1)	2135	8623
PB2|PP755596.1|A/cattle/Texas/24-008749-003/2024(H5N1)	2136	8650
PB2|PP755596.1|A/cattle/Texas/24-008749-003/2024(H5N1)	2137	8653
PB2|PP755596.1|A/cattle/Texas/24-008749-003/2024(H5N1)	2138	8886
PB2|PP755596.1|A/cattle/Texas/24-008749-003/2024(H5N1)	2139	8894
PB2|PP755596.1|A/cattle/Texas/24-008749-003/2024(H5N1)	2140	8865
PB2|PP755596.1|A/cattle/Texas/24-008749-003/2024(H5N1)	2141	8862
PB2|PP755596.1|A/cattle/Texas/24-008749-003/2024(H5N1)	2142	8884
PB2|PP755596.1|A/cattle/Texas/24-008749-003/2024(H5N1)	2143	8867
PB2|PP755596.1|A/cattle/Texas/24-008749-003/2024(H5N1)	2144	8840
PB2|PP755596.1|A/cattle/Texas/24-008749-003/2024(H5N1)	2145	8830
PB2|PP755596.1|A/cattle/Texas/24-008749-003/2024(H5N1)	2146	8792
PB2|PP755596.1|A/cattle/Texas/24-008749-003/2024(H5N1)	2147	8800
PB2|PP755596.1|A/cattle/Texas/24-008749-003/2024(H5N1)	2148	9121
PB2|PP755596.1|A/cattle/Texas/24-008749-003/2024(H5N1)	2149	9249
PB2|PP755596.1|A/cattle/Texas/24-008749-003/2024(H5N1)	2150	9286
PB2|PP755596.1|A/cattle/Texas/24-008749-003/2024(H5N1)	2151	9293
PB2|PP755596.1|A/cattle/Texas/24-008749-003/2024(H5N1)	2152	9301
PB2|PP755596.1|A/cattle/Texas/24-008749-003/2024(H5N1)	2153	9250
PB2|PP755596.1|A/cattle/Texas/24-008749-003/2024(H5N1)	2154	9299
PB2|PP755596.1|A/cattle/Texas/24-008749-003/2024(H5N1)	2155	9509
PB2|PP755596.1|A/cattle/Texas/24-008749-003/2024(H5N1)	2156	9512
PB2|PP755596.1|A/cattle/Texas/24-008749-003/2024(H5N1)	2157	9482
PB2|PP755596.1|A/cattle/Texas/24-008749-003/2024(H5N1)	2158	9488
PB2|PP755596.1|A/cattle/Texas/24-008749-003/2024(H5N1)	2159	9438
PB2|PP755596.1|A/cattle/Texas/24-008749-003/2024(H5N1)	2160	9416
PB2|PP755596.1|A/cattle/Texas/24-008749-003/2024(H5N1)	2161	9761
PB2|PP755596.1|A/cattle/Texas/24-008749-003/2024(H5N1)	2162	9779
PB2|PP755596.1|A/cattle/Texas/24-008749-003/2024(H5N1)	2163	9848
PB2|PP755596.1|A/cattle/Texas/24-008749-003/2024(H5N1)	2164	11864
PB2|PP755596.1|A/cattle/Texas/24-008749-003/2024(H5N1)	2165	12035
PB2|PP755596.1|A/cattle/Texas/24-008749-003/2024(H5N1)	2166	12035
PB2|PP755596.1|A/cattle/Texas/24-008749-003/2024(H5N1)	2167	12045
PB2|PP755596.1|A/cattle/Texas/24-008749-003/2024(H5N1)	2168	12171
PB2|PP755596.1|A/cattle/Texas/24-008749-003/2024(H5N1)	2169	12140
PB2|PP755596.1|A/cattle/Texas/24-008749-003/2024(H5N1)	2170	12173
PB2|PP755596.1|A/cattle/Texas/24-008749-003/2024(H5N1)	2171	11958
PB2|PP755596.1|A/cattle/Texas/24-008749-003/2024(H5N1)	2172	11931
PB2|PP755596.1|A/cattle/Texas/24-008749-003/2024(H5N1)	2173	11750
PB2|PP755596.1|A/cattle/Texas/24-008749-003/2024(H5N1)	2174	11842
PB2|PP755596.1|A/cattle/Texas/24-008749-003/2024(H5N1)	2175	11851
PB2|PP755596.1|A/cattle/Texas/24-008749-003/2024(H5N1)	2176	11838
PB2|PP755596.1|A/cattle/Texas/24-008749-003/2024(H5N1)	2177	11830
PB2|PP755596.1|A/cattle/Texas/24-008749-003/2024(H5N1)	2178	11857
PB2|PP755596.1|A/cattle/Texas/24-008749-003/2024(H5N1)	2179	11777
PB2|PP755596.1|A/cattle/Texas/24-008749-003/2024(H5N1)	2180	11747
PB2|PP755596.1|A/cattle/Texas/24-008749-003/2024(H5N1)	2181	11755
PB2|PP755596.1|A/cattle/Texas/24-008749-003/2024(H5N1)	2182	11674
PB2|PP755596.1|A/cattle/Texas/24-008749-003/2024(H5N1)	2183	11674
PB2|PP755596.1|A/cattle/Texas/24-008749-003/2024(H5N1)	2184	11640
PB2|PP755596.1|A/cattle/Texas/24-008749-003/2024(H5N1)	2185	11628
PB2|PP755596.1|A/cattle/Texas/24-008749-003/2024(H5N1)	2186	11649
PB2|PP755596.1|A/cattle/Texas/24-008749-003/2024(H5N1)	2187	11627
PB2|PP755596.1|A/cattle/Texas/24-008749-003/2024(H5N1)	2188	11592
PB2|PP755596.1|A/cattle/Texas/24-008749-003/2024(H5N1)	2189	11453
PB2|PP755596.1|A/cattle/Texas/24-008749-003/2024(H5N1)	2190	11396
PB2|PP755596.1|A/cattle/Texas/24-008749-003/2024(H5N1)	2191	11348
PB2|PP755596.1|A/cattle/Texas/24-008749-003/2024(H5N1)	2192	11314
PB2|PP755596.1|A/cattle/Texas/24-008749-003/2024(H5N1)	2193	11268
PB2|PP755596.1|A/cattle/Texas/24-008749-003/2024(H5N1)	2194	11252
PB2|PP755596.1|A/cattle/Texas/24-008749-003/2024(H5N1)	2195	11082
PB2|PP755596.1|A/cattle/Texas/24-008749-003/2024(H5N1)	2196	11064
PB2|PP755596.1|A/cattle/Texas/24-008749-003/2024(H5N1)	2197	10811
PB2|PP755596.1|A/cattle/Texas/24-008749-003/2024(H5N1)	2198	10716
PB2|PP755596.1|A/cattle/Texas/24-008749-003/2024(H5N1)	2199	10686
PB2|PP755596.1|A/cattle/Texas/24-008749-003/2024(H5N1)	2200	10660
PB2|PP755596.1|A/cattle/Texas/24-008749-003/2024(H5N1)	2201	10546
PB2|PP755596.1|A/cattle/Texas/24-008749-003/2024(H5N1)	2202	10510
PB2|PP755596.1|A/cattle/Texas/24-008749-003/2024(H5N1)	2203	10320
PB2|PP755596.1|A/cattle/Texas/24-008749-003/2024(H5N1)	2204	10217
PB2|PP755596.1|A/cattle/Texas/24-008749-003/2024(H5N1)	2205	10130
PB2|PP755596.1|A/cattle/Texas/24-008749-003/2024(H5N1)	2206	10123
PB2|PP755596.1|A/cattle/Texas/24-008749-003/2024(H5N1)	2207	10042
PB2|PP755596.1|A/cattle/Texas/24-008749-003/2024(H5N1)	2208	10025
PB2|PP755596.1|A/cattle/Texas/24-008749-003/2024(H5N1)	2209	9963
PB2|PP755596.1|A/cattle/Texas/24-008749-003/2024(H5N1)	2210	9962
PB2|PP755596.1|A/cattle/Texas/24-008749-003/2024(H5N1)	2211	9946
PB2|PP755596.1|A/cattle/Texas/24-008749-003/2024(H5N1)	2212	9905
PB2|PP755596.1|A/cattle/Texas/24-008749-003/2024(H5N1)	2213	9902
PB2|PP755596.1|A/cattle/Texas/24-008749-003/2024(H5N1)	2214	9887
PB2|PP755596.1|A/cattle/Texas/24-008749-003/2024(H5N1)	2215	9856
PB2|PP755596.1|A/cattle/Texas/24-008749-003/2024(H5N1)	2216	9843
PB2|PP755596.1|A/cattle/Texas/24-008749-003/2024(H5N1)	2217	9844
PB2|PP755596.1|A/cattle/Texas/24-008749-003/2024(H5N1)	2218	9796
PB2|PP755596.1|A/cattle/Texas/24-008749-003/2024(H5N1)	2219	9687
PB2|PP755596.1|A/cattle/Texas/24-008749-003/2024(H5N1)	2220	9688
PB2|PP755596.1|A/cattle/Texas/24-008749-003/2024(H5N1)	2221	9663
PB2|PP755596.1|A/cattle/Texas/24-008749-003/2024(H5N1)	2222	9669
PB2|PP755596.1|A/cattle/Texas/24-008749-003/2024(H5N1)	2223	9659
PB2|PP755596.1|A/cattle/Texas/24-008749-003/2024(H5N1)	2224	9644
PB2|PP755596.1|A/cattle/Texas/24-008749-003/2024(H5N1)	2225	9616
PB2|PP755596.1|A/cattle/Texas/24-008749-003/2024(H5N1)	2226	9532
PB2|PP755596.1|A/cattle/Texas/24-008749-003/2024(H5N1)	2227	9527
PB2|PP755596.1|A/cattle/Texas/24-008749-003/2024(H5N1)	2228	9503
PB2|PP755596.1|A/cattle/Texas/24-008749-003/2024(H5N1)	2229	9326
PB2|PP755596.1|A/cattle/Texas/24-008749-003/2024(H5N1)	2230	9282
PB2|PP755596.1|A/cattle/Texas/24-008749-003/2024(H5N1)	2231	8385
PB2|PP755596.1|A/cattle/Texas/24-008749-003/2024(H5N1)	2232	8381
PB2|PP755596.1|A/cattle/Texas/24-008749-003/2024(H5N1)	2233	8229
PB2|PP755596.1|A/cattle/Texas/24-008749-003/2024(H5N1)	2234	8186
PB2|PP755596.1|A/cattle/Texas/24-008749-003/2024(H5N1)	2235	8167
PB2|PP755596.1|A/cattle/Texas/24-008749-003/2024(H5N1)	2236	8165
PB2|PP755596.1|A/cattle/Texas/24-008749-003/2024(H5N1)	2237	8037
PB2|PP755596.1|A/cattle/Texas/24-008749-003/2024(H5N1)	2238	7984
PB2|PP755596.1|A/cattle/Texas/24-008749-003/2024(H5N1)	2239	7602
PB2|PP755596.1|A/cattle/Texas/24-008749-003/2024(H5N1)	2240	7612
PB2|PP755596.1|A/cattle/Texas/24-008749-003/2024(H5N1)	2241	7595
PB2|PP755596.1|A/cattle/Texas/24-008749-003/2024(H5N1)	2242	7579
PB2|PP755596.1|A/cattle/Texas/24-008749-003/2024(H5N1)	2243	7539
PB2|PP755596.1|A/cattle/Texas/24-008749-003/2024(H5N1)	2244	7528
PB2|PP755596.1|A/cattle/Texas/24-008749-003/2024(H5N1)	2245	7486
PB2|PP755596.1|A/cattle/Texas/24-008749-003/2024(H5N1)	2246	7457
PB2|PP755596.1|A/cattle/Texas/24-008749-003/2024(H5N1)	2247	7071
PB2|PP755596.1|A/cattle/Texas/24-008749-003/2024(H5N1)	2248	7069
PB2|PP755596.1|A/cattle/Texas/24-008749-003/2024(H5N1)	2249	6745
PB2|PP755596.1|A/cattle/Texas/24-008749-003/2024(H5N1)	2250	6746
PB2|PP755596.1|A/cattle/Texas/24-008749-003/2024(H5N1)	2251	6733
PB2|PP755596.1|A/cattle/Texas/24-008749-003/2024(H5N1)	2252	6705
PB2|PP755596.1|A/cattle/Texas/24-008749-003/2024(H5N1)	2253	6692
PB2|PP755596.1|A/cattle/Texas/24-008749-003/2024(H5N1)	2254	6677
PB2|PP755596.1|A/cattle/Texas/24-008749-003/2024(H5N1)	2255	6673
PB2|PP755596.1|A/cattle/Texas/24-008749-003/2024(H5N1)	2256	6658
PB2|PP755596.1|A/cattle/Texas/24-008749-003/2024(H5N1)	2257	6546
PB2|PP755596.1|A/cattle/Texas/24-008749-003/2024(H5N1)	2258	6523
PB2|PP755596.1|A/cattle/Texas/24-008749-003/2024(H5N1)	2259	6399
PB2|PP755596.1|A/cattle/Texas/24-008749-003/2024(H5N1)	2260	6315
PB2|PP755596.1|A/cattle/Texas/24-008749-003/2024(H5N1)	2261	6299
PB2|PP755596.1|A/cattle/Texas/24-008749-003/2024(H5N1)	2262	6292
PB2|PP755596.1|A/cattle/Texas/24-008749-003/2024(H5N1)	2263	6256
PB2|PP755596.1|A/cattle/Texas/24-008749-003/2024(H5N1)	2264	6188
PB2|PP755596.1|A/cattle/Texas/24-008749-003/2024(H5N1)	2265	6006
PB2|PP755596.1|A/cattle/Texas/24-008749-003/2024(H5N1)	2266	5999
PB2|PP755596.1|A/cattle/Texas/24-008749-003/2024(H5N1)	2267	5895
PB2|PP755596.1|A/cattle/Texas/24-008749-003/2024(H5N1)	2268	5885
PB2|PP755596.1|A/cattle/Texas/24-008749-003/2024(H5N1)	2269	5874
PB2|PP755596.1|A/cattle/Texas/24-008749-003/2024(H5N1)	2270	5774
PB2|PP755596.1|A/cattle/Texas/24-008749-003/2024(H5N1)	2271	5768
PB2|PP755596.1|A/cattle/Texas/24-008749-003/2024(H5N1)	2272	5756
PB2|PP755596.1|A/cattle/Texas/24-008749-003/2024(H5N1)	2273	5749
PB2|PP755596.1|A/cattle/Texas/24-008749-003/2024(H5N1)	2274	5703
PB2|PP755596.1|A/cattle/Texas/24-008749-003/2024(H5N1)	2275	5692
PB2|PP755596.1|A/cattle/Texas/24-008749-003/2024(H5N1)	2276	5680
PB2|PP755596.1|A/cattle/Texas/24-008749-003/2024(H5N1)	2277	5580
PB2|PP755596.1|A/cattle/Texas/24-008749-003/2024(H5N1)	2278	5415
PB2|PP755596.1|A/cattle/Texas/24-008749-003/2024(H5N1)	2279	5156
PB2|PP755596.1|A/cattle/Texas/24-008749-003/2024(H5N1)	2280	5085
