NP|PP755592.1|A/cattle/Texas/24-008749-003/2024(H5N1)	1	1451
NP|PP755592.1|A/cattle/Texas/24-008749-003/2024(H5N1)	2	1460
NP|PP755592.1|A/cattle/Texas/24-008749-003/2024(H5N1)	3	1465
NP|PP755592.1|A/cattle/Texas/24-008749-003/2024(H5N1)	4	1468
NP|PP755592.1|A/cattle/Texas/24-008749-003/2024(H5N1)	5	1501
NP|PP755592.1|A/cattle/Texas/24-008749-003/2024(H5N1)	6	1507
NP|PP755592.1|A/cattle/Texas/24-008749-003/2024(H5N1)	7	1545
NP|PP755592.1|A/cattle/Texas/24-008749-003/2024(H5N1)	8	1556
NP|PP755592.1|A/cattle/Texas/24-008749-003/2024(H5N1)	9	1613
NP|PP755592.1|A/cattle/Texas/24-008749-003/2024(H5N1)	10	1615
NP|PP755592.1|A/cattle/Texas/24-008749-003/2024(H5N1)	11	1627
NP|PP755592.1|A/cattle/Texas/24-008749-003/2024(H5N1)	12	1627
NP|PP755592.1|A/cattle/Texas/24-008749-003/2024(H5N1)	13	1632
NP|PP755592.1|A/cattle/Texas/24-008749-003/2024(H5N1)	14	1680
NP|PP755592.1|A/cattle/Texas/24-008749-003/2024(H5N1)	15	1695
NP|PP755592.1|A/cattle/Texas/24-008749-003/2024(H5N1)	16	1695
NP|PP755592.1|A/cattle/Texas/24-008749-003/2024(H5N1)	17	1706
NP|PP755592.1|A/cattle/Texas/24-008749-003/2024(H5N1)	18	1706
NP|PP755592.1|A/cattle/Texas/24-008749-003/2024(H5N1)	19	1727
NP|PP755592.1|A/cattle/Texas/24-008749-003/2024(H5N1)	20	1737
NP|PP755592.1|A/cattle/Texas/24-008749-003/2024(H5N1)	21	1743
NP|PP755592.1|A/cattle/Texas/24-008749-003/2024(H5N1)	22	1751
NP|PP755592.1|A/cattle/Texas/24-008749-003/2024(H5N1)	23	1747
NP|PP755592.1|A/cattle/Texas/24-008749-003/2024(H5N1)	24	1765
NP|PP755592.1|A/cattle/Texas/24-008749-003/2024(H5N1)	25	1772
NP|PP755592.1|A/cattle/Texas/24-008749-003/2024(H5N1)	26	1805
NP|PP755592.1|A/cattle/Texas/24-008749-003/2024(H5N1)	27	1805
NP|PP755592.1|A/cattle/Texas/24-008749-003/2024(H5N1)	28	1809
NP|PP755592.1|A/cattle/Texas/24-008749-003/2024(H5N1)	29	1810
NP|PP755592.1|A/cattle/Texas/24-008749-003/2024(H5N1)	30	1810
NP|PP755592.1|A/cattle/Texas/24-008749-003/2024(H5N1)	31	1820
NP|PP755592.1|A/cattle/Texas/24-008749-003/2024(H5N1)	32	1829
NP|PP755592.1|A/cattle/Texas/24-008749-003/2024(H5N1)	33	1831
NP|PP755592.1|A/cattle/Texas/24-008749-003/2024(H5N1)	34	1834
NP|PP755592.1|A/cattle/Texas/24-008749-003/2024(H5N1)	35	1834
NP|PP755592.1|A/cattle/Texas/24-008749-003/2024(H5N1)	36	1868
NP|PP755592.1|A/cattle/Texas/24-008749-003/2024(H5N1)	37	1870
NP|PP755592.1|A/cattle/Texas/24-008749-003/2024(H5N1)	38	1874
NP|PP755592.1|A/cattle/Texas/24-008749-003/2024(H5N1)	39	1883
NP|PP755592.1|A/cattle/Texas/24-008749-003/2024(H5N1)	40	1892
NP|PP755592.1|A/cattle/Texas/24-008749-003/2024(H5N1)	41	1897
NP|PP755592.1|A/cattle/Texas/24-008749-003/2024(H5N1)	42	1897
NP|PP755592.1|A/cattle/Texas/24-008749-003/2024(H5N1)	43	1897
NP|PP755592.1|A/cattle/Texas/24-008749-003/2024(H5N1)	44	1962
NP|PP755592.1|A/cattle/Texas/24-008749-003/2024(H5N1)	45	1961
NP|PP755592.1|A/cattle/Texas/24-008749-003/2024(H5N1)	46	1976
NP|PP755592.1|A/cattle/Texas/24-008749-003/2024(H5N1)	47	1984
NP|PP755592.1|A/cattle/Texas/24-008749-003/2024(H5N1)	48	1985
NP|PP755592.1|A/cattle/Texas/24-008749-003/2024(H5N1)	49	1986
NP|PP755592.1|A/cattle/Texas/24-008749-003/2024(H5N1)	50	1996
NP|PP755592.1|A/cattle/Texas/24-008749-003/2024(H5N1)	51	1996
NP|PP755592.1|A/cattle/Texas/24-008749-003/2024(H5N1)	52	2016
NP|PP755592.1|A/cattle/Texas/24-008749-003/2024(H5N1)	53	2017
NP|PP755592.1|A/cattle/Texas/24-008749-003/2024(H5N1)	54	2022
NP|PP755592.1|A/cattle/Texas/24-008749-003/2024(H5N1)	55	2067
NP|PP755592.1|A/cattle/Texas/24-008749-003/2024(H5N1)	56	2067
NP|PP755592.1|A/cattle/Texas/24-008749-003/2024(H5N1)	57	2097
NP|PP755592.1|A/cattle/Texas/24-008749-003/2024(H5N1)	58	2097
NP|PP755592.1|A/cattle/Texas/24-008749-003/2024(H5N1)	59	2099
NP|PP755592.1|A/cattle/Texas/24-008749-003/2024(H5N1)	60	2100
NP|PP755592.1|A/cattle/Texas/24-008749-003/2024(H5N1)	61	2102
NP|PP755592.1|A/cattle/Texas/24-008749-003/2024(H5N1)	62	2140
NP|PP755592.1|A/cattle/Texas/24-008749-003/2024(H5N1)	63	2143
NP|PP755592.1|A/cattle/Texas/24-008749-003/2024(H5N1)	64	2137
NP|PP755592.1|A/cattle/Texas/24-008749-003/2024(H5N1)	65	2143
NP|PP755592.1|A/cattle/Texas/24-008749-003/2024(H5N1)	66	2141
NP|PP755592.1|A/cattle/Texas/24-008749-003/2024(H5N1)	67	2193
NP|PP755592.1|A/cattle/Texas/24-008749-003/2024(H5N1)	68	2196
NP|PP755592.1|A/cattle/Texas/24-008749-003/2024(H5N1)	69	2219
NP|PP755592.1|A/cattle/Texas/24-008749-003/2024(H5N1)	70	2230
NP|PP755592.1|A/cattle/Texas/24-008749-003/2024(H5N1)	71	2226
NP|PP755592.1|A/cattle/Texas/24-008749-003/2024(H5N1)	72	2279
NP|PP755592.1|A/cattle/Texas/24-008749-003/2024(H5N1)	73	2281
NP|PP755592.1|A/cattle/Texas/24-008749-003/2024(H5N1)	74	2285
NP|PP755592.1|A/cattle/Texas/24-008749-003/2024(H5N1)	75	2286
NP|PP755592.1|A/cattle/Texas/24-008749-003/2024(H5N1)	76	2278
NP|PP755592.1|A/cattle/Texas/24-008749-003/2024(H5N1)	77	2290
NP|PP755592.1|A/cattle/Texas/24-008749-003/2024(H5N1)	78	2305
NP|PP755592.1|A/cattle/Texas/24-008749-003/2024(H5N1)	79	2309
NP|PP755592.1|A/cattle/Texas/24-008749-003/2024(H5N1)	80	2347
NP|PP755592.1|A/cattle/Texas/24-008749-003/2024(H5N1)	81	2347
NP|PP755592.1|A/cattle/Texas/24-008749-003/2024(H5N1)	82	2367
NP|PP755592.1|A/cattle/Texas/24-008749-003/2024(H5N1)	83	2380
NP|PP755592.1|A/cattle/Texas/24-008749-003/2024(H5N1)	84	2388
NP|PP755592.1|A/cattle/Texas/24-008749-003/2024(H5N1)	85	2409
NP|PP755592.1|A/cattle/Texas/24-008749-003/2024(H5N1)	86	2434
NP|PP755592.1|A/cattle/Texas/24-008749-003/2024(H5N1)	87	2434
NP|PP755592.1|A/cattle/Texas/24-008749-003/2024(H5N1)	88	2434
NP|PP755592.1|A/cattle/Texas/24-008749-003/2024(H5N1)	89	2453
NP|PP755592.1|A/cattle/Texas/24-008749-003/2024(H5N1)	90	2454
NP|PP755592.1|A/cattle/Texas/24-008749-003/2024(H5N1)	91	2454
NP|PP755592.1|A/cattle/Texas/24-008749-003/2024(H5N1)	92	2457
NP|PP755592.1|A/cattle/Texas/24-008749-003/2024(H5N1)	93	2507
NP|PP755592.1|A/cattle/Texas/24-008749-003/2024(H5N1)	94	2502
NP|PP755592.1|A/cattle/Texas/24-008749-003/2024(H5N1)	95	2501
NP|PP755592.1|A/cattle/Texas/24-008749-003/2024(H5N1)	96	2506
NP|PP755592.1|A/cattle/Texas/24-008749-003/2024(H5N1)	97	2507
NP|PP755592.1|A/cattle/Texas/24-008749-003/2024(H5N1)	98	2514
NP|PP755592.1|A/cattle/Texas/24-008749-003/2024(H5N1)	99	2515
NP|PP755592.1|A/cattle/Texas/24-008749-003/2024(H5N1)	100	2515
NP|PP755592.1|A/cattle/Texas/24-008749-003/2024(H5N1)	101	2515
NP|PP755592.1|A/cattle/Texas/24-008749-003/2024(H5N1)	102	2515
NP|PP755592.1|A/cattle/Texas/24-008749-003/2024(H5N1)	103	2514
NP|PP755592.1|A/cattle/Texas/24-008749-003/2024(H5N1)	104	2531
NP|PP755592.1|A/cattle/Texas/24-008749-003/2024(H5N1)	105	2532
NP|PP755592.1|A/cattle/Texas/24-008749-003/2024(H5N1)	106	2535
NP|PP755592.1|A/cattle/Texas/24-008749-003/2024(H5N1)	107	2535
NP|PP755592.1|A/cattle/Texas/24-008749-003/2024(H5N1)	108	2539
NP|PP755592.1|A/cattle/Texas/24-008749-003/2024(H5N1)	109	2541
NP|PP755592.1|A/cattle/Texas/24-008749-003/2024(H5N1)	110	2541
NP|PP755592.1|A/cattle/Texas/24-008749-003/2024(H5N1)	111	2541
NP|PP755592.1|A/cattle/Texas/24-008749-003/2024(H5N1)	112	2542
NP|PP755592.1|A/cattle/Texas/24-008749-003/2024(H5N1)	113	2545
NP|PP755592.1|A/cattle/Texas/24-008749-003/2024(H5N1)	114	2578
NP|PP755592.1|A/cattle/Texas/24-008749-003/2024(H5N1)	115	2586
NP|PP755592.1|A/cattle/Texas/24-008749-003/2024(H5N1)	116	2621
NP|PP755592.1|A/cattle/Texas/24-008749-003/2024(H5N1)	117	2628
NP|PP755592.1|A/cattle/Texas/24-008749-003/2024(H5N1)	118	2628
NP|PP755592.1|A/cattle/Texas/24-008749-003/2024(H5N1)	119	2736
NP|PP755592.1|A/cattle/Texas/24-008749-003/2024(H5N1)	120	2736
NP|PP755592.1|A/cattle/Texas/24-008749-003/2024(H5N1)	121	2779
NP|PP755592.1|A/cattle/Texas/24-008749-003/2024(H5N1)	122	2779
NP|PP755592.1|A/cattle/Texas/24-008749-003/2024(H5N1)	123	2765
NP|PP755592.1|A/cattle/Texas/24-008749-003/2024(H5N1)	124	2793
NP|PP755592.1|A/cattle/Texas/24-008749-003/2024(H5N1)	125	2789
NP|PP755592.1|A/cattle/Texas/24-008749-003/2024(H5N1)	126	2974
NP|PP755592.1|A/cattle/Texas/24-008749-003/2024(H5N1)	127	3005
NP|PP755592.1|A/cattle/Texas/24-008749-003/2024(H5N1)	128	2995
NP|PP755592.1|A/cattle/Texas/24-008749-003/2024(H5N1)	129	2996
NP|PP755592.1|A/cattle/Texas/24-008749-003/2024(H5N1)	130	3002
NP|PP755592.1|A/cattle/Texas/24-008749-003/2024(H5N1)	131	3029
NP|PP755592.1|A/cattle/Texas/24-008749-003/2024(H5N1)	132	3039
NP|PP755592.1|A/cattle/Texas/24-008749-003/2024(H5N1)	133	3029
NP|PP755592.1|A/cattle/Texas/24-008749-003/2024(H5N1)	134	3031
NP|PP755592.1|A/cattle/Texas/24-008749-003/2024(H5N1)	135	2969
NP|PP755592.1|A/cattle/Texas/24-008749-003/2024(H5N1)	136	3016
NP|PP755592.1|A/cattle/Texas/24-008749-003/2024(H5N1)	137	3018
NP|PP755592.1|A/cattle/Texas/24-008749-003/2024(H5N1)	138	3083
NP|PP755592.1|A/cattle/Texas/24-008749-003/2024(H5N1)	139	3149
NP|PP755592.1|A/cattle/Texas/24-008749-003/2024(H5N1)	140	3147
NP|PP755592.1|A/cattle/Texas/24-008749-003/2024(H5N1)	141	3156
NP|PP755592.1|A/cattle/Texas/24-008749-003/2024(H5N1)	142	3161
NP|PP755592.1|A/cattle/Texas/24-008749-003/2024(H5N1)	143	3166
NP|PP755592.1|A/cattle/Texas/24-008749-003/2024(H5N1)	144	3182
NP|PP755592.1|A/cattle/Texas/24-008749-003/2024(H5N1)	145	3184
NP|PP755592.1|A/cattle/Texas/24-008749-003/2024(H5N1)	146	3177
NP|PP755592.1|A/cattle/Texas/24-008749-003/2024(H5N1)	147	3178
NP|PP755592.1|A/cattle/Texas/24-008749-003/2024(H5N1)	148	3168
NP|PP755592.1|A/cattle/Texas/24-008749-003/2024(H5N1)	149	3198
NP|PP755592.1|A/cattle/Texas/24-008749-003/2024(H5N1)	150	3223
NP|PP755592.1|A/cattle/Texas/24-008749-003/2024(H5N1)	151	3259
NP|PP755592.1|A/cattle/Texas/24-008749-003/2024(H5N1)	152	3272
NP|PP755592.1|A/cattle/Texas/24-008749-003/2024(H5N1)	153	3283
NP|PP755592.1|A/cattle/Texas/24-008749-003/2024(H5N1)	154	3291
NP|PP755592.1|A/cattle/Texas/24-008749-003/2024(H5N1)	155	3296
NP|PP755592.1|A/cattle/Texas/24-008749-003/2024(H5N1)	156	3295
NP|PP755592.1|A/cattle/Texas/24-008749-003/2024(H5N1)	157	3297
NP|PP755592.1|A/cattle/Texas/24-008749-003/2024(H5N1)	158	3332
NP|PP755592.1|A/cattle/Texas/24-008749-003/2024(H5N1)	159	3331
NP|PP755592.1|A/cattle/Texas/24-008749-003/2024(H5N1)	160	3340
NP|PP755592.1|A/cattle/Texas/24-008749-003/2024(H5N1)	161	3341
NP|PP755592.1|A/cattle/Texas/24-008749-003/2024(H5N1)	162	3355
NP|PP755592.1|A/cattle/Texas/24-008749-003/2024(H5N1)	163	3342
NP|PP755592.1|A/cattle/Texas/24-008749-003/2024(H5N1)	164	3351
NP|PP755592.1|A/cattle/Texas/24-008749-003/2024(H5N1)	165	3360
NP|PP755592.1|A/cattle/Texas/24-008749-003/2024(H5N1)	166	3361
NP|PP755592.1|A/cattle/Texas/24-008749-003/2024(H5N1)	167	3347
NP|PP755592.1|A/cattle/Texas/24-008749-003/2024(H5N1)	168	3353
NP|PP755592.1|A/cattle/Texas/24-008749-003/2024(H5N1)	169	3425
NP|PP755592.1|A/cattle/Texas/24-008749-003/2024(H5N1)	170	3426
NP|PP755592.1|A/cattle/Texas/24-008749-003/2024(H5N1)	171	3431
NP|PP755592.1|A/cattle/Texas/24-008749-003/2024(H5N1)	172	3431
NP|PP755592.1|A/cattle/Texas/24-008749-003/2024(H5N1)	173	3426
NP|PP755592.1|A/cattle/Texas/24-008749-003/2024(H5N1)	174	3430
NP|PP755592.1|A/cattle/Texas/24-008749-003/2024(H5N1)	175	3430
NP|PP755592.1|A/cattle/Texas/24-008749-003/2024(H5N1)	176	3430
NP|PP755592.1|A/cattle/Texas/24-008749-003/2024(H5N1)	177	3455
NP|PP755592.1|A/cattle/Texas/24-008749-003/2024(H5N1)	178	3410
NP|PP755592.1|A/cattle/Texas/24-008749-003/2024(H5N1)	179	3442
NP|PP755592.1|A/cattle/Texas/24-008749-003/2024(H5N1)	180	3453
NP|PP755592.1|A/cattle/Texas/24-008749-003/2024(H5N1)	181	3454
NP|PP755592.1|A/cattle/Texas/24-008749-003/2024(H5N1)	182	3483
NP|PP755592.1|A/cattle/Texas/24-008749-003/2024(H5N1)	183	3488
NP|PP755592.1|A/cattle/Texas/24-008749-003/2024(H5N1)	184	3685
NP|PP755592.1|A/cattle/Texas/24-008749-003/2024(H5N1)	185	3737
NP|PP755592.1|A/cattle/Texas/24-008749-003/2024(H5N1)	186	3708
NP|PP755592.1|A/cattle/Texas/24-008749-003/2024(H5N1)	187	3745
NP|PP755592.1|A/cattle/Texas/24-008749-003/2024(H5N1)	188	3734
NP|PP755592.1|A/cattle/Texas/24-008749-003/2024(H5N1)	189	3737
NP|PP755592.1|A/cattle/Texas/24-008749-003/2024(H5N1)	190	3738
NP|PP755592.1|A/cattle/Texas/24-008749-003/2024(H5N1)	191	3730
NP|PP755592.1|A/cattle/Texas/24-008749-003/2024(H5N1)	192	3743
NP|PP755592.1|A/cattle/Texas/24-008749-003/2024(H5N1)	193	3594
NP|PP755592.1|A/cattle/Texas/24-008749-003/2024(H5N1)	194	3584
NP|PP755592.1|A/cattle/Texas/24-008749-003/2024(H5N1)	195	3593
NP|PP755592.1|A/cattle/Texas/24-008749-003/2024(H5N1)	196	3623
NP|PP755592.1|A/cattle/Texas/24-008749-003/2024(H5N1)	197	3641
NP|PP755592.1|A/cattle/Texas/24-008749-003/2024(H5N1)	198	3636
NP|PP755592.1|A/cattle/Texas/24-008749-003/2024(H5N1)	199	3641
NP|PP755592.1|A/cattle/Texas/24-008749-003/2024(H5N1)	200	3673
NP|PP755592.1|A/cattle/Texas/24-008749-003/2024(H5N1)	201	3657
NP|PP755592.1|A/cattle/Texas/24-008749-003/2024(H5N1)	202	3697
NP|PP755592.1|A/cattle/Texas/24-008749-003/2024(H5N1)	203	3682
NP|PP755592.1|A/cattle/Texas/24-008749-003/2024(H5N1)	204	3676
NP|PP755592.1|A/cattle/Texas/24-008749-003/2024(H5N1)	205	3685
NP|PP755592.1|A/cattle/Texas/24-008749-003/2024(H5N1)	206	3461
NP|PP755592.1|A/cattle/Texas/24-008749-003/2024(H5N1)	207	3459
NP|PP755592.1|A/cattle/Texas/24-008749-003/2024(H5N1)	208	3455
NP|PP755592.1|A/cattle/Texas/24-008749-003/2024(H5N1)	209	3454
NP|PP755592.1|A/cattle/Texas/24-008749-003/2024(H5N1)	210	3461
NP|PP755592.1|A/cattle/Texas/24-008749-003/2024(H5N1)	211	3482
NP|PP755592.1|A/cattle/Texas/24-008749-003/2024(H5N1)	212	3462
NP|PP755592.1|A/cattle/Texas/24-008749-003/2024(H5N1)	213	3489
NP|PP755592.1|A/cattle/Texas/24-008749-003/2024(H5N1)	214	3495
NP|PP755592.1|A/cattle/Texas/24-008749-003/2024(H5N1)	215	3495
NP|PP755592.1|A/cattle/Texas/24-008749-003/2024(H5N1)	216	3495
NP|PP755592.1|A/cattle/Texas/24-008749-003/2024(H5N1)	217	3438
NP|PP755592.1|A/cattle/Texas/24-008749-003/2024(H5N1)	218	3432
NP|PP755592.1|A/cattle/Texas/24-008749-003/2024(H5N1)	219	3426
NP|PP755592.1|A/cattle/Texas/24-008749-003/2024(H5N1)	220	3441
NP|PP755592.1|A/cattle/Texas/24-008749-003/2024(H5N1)	221	3440
NP|PP755592.1|A/cattle/Texas/24-008749-003/2024(H5N1)	222	3435
NP|PP755592.1|A/cattle/Texas/24-008749-003/2024(H5N1)	223	3429
NP|PP755592.1|A/cattle/Texas/24-008749-003/2024(H5N1)	224	3459
NP|PP755592.1|A/cattle/Texas/24-008749-003/2024(H5N1)	225	3478
NP|PP755592.1|A/cattle/Texas/24-008749-003/2024(H5N1)	226	3452
NP|PP755592.1|A/cattle/Texas/24-008749-003/2024(H5N1)	227	3454
NP|PP755592.1|A/cattle/Texas/24-008749-003/2024(H5N1)	228	3453
NP|PP755592.1|A/cattle/Texas/24-008749-003/2024(H5N1)	229	3448
NP|PP755592.1|A/cattle/Texas/24-008749-003/2024(H5N1)	230	3433
NP|PP755592.1|A/cattle/Texas/24-008749-003/2024(H5N1)	231	3439
NP|PP755592.1|A/cattle/Texas/24-008749-003/2024(H5N1)	232	3463
NP|PP755592.1|A/cattle/Texas/24-008749-003/2024(H5N1)	233	3456
NP|PP755592.1|A/cattle/Texas/24-008749-003/2024(H5N1)	234	3430
NP|PP755592.1|A/cattle/Texas/24-008749-003/2024(H5N1)	235	3400
NP|PP755592.1|A/cattle/Texas/24-008749-003/2024(H5N1)	236	3405
NP|PP755592.1|A/cattle/Texas/24-008749-003/2024(H5N1)	237	3406
NP|PP755592.1|A/cattle/Texas/24-008749-003/2024(H5N1)	238	3488
NP|PP755592.1|A/cattle/Texas/24-008749-003/2024(H5N1)	239	3506
NP|PP755592.1|A/cattle/Texas/24-008749-003/2024(H5N1)	240	3498
NP|PP755592.1|A/cattle/Texas/24-008749-003/2024(H5N1)	241	3530
NP|PP755592.1|A/cattle/Texas/24-008749-003/2024(H5N1)	242	3495
NP|PP755592.1|A/cattle/Texas/24-008749-003/2024(H5N1)	243	3494
NP|PP755592.1|A/cattle/Texas/24-008749-003/2024(H5N1)	244	3500
NP|PP755592.1|A/cattle/Texas/24-008749-003/2024(H5N1)	245	3499
NP|PP755592.1|A/cattle/Texas/24-008749-003/2024(H5N1)	246	3596
NP|PP755592.1|A/cattle/Texas/24-008749-003/2024(H5N1)	247	3563
NP|PP755592.1|A/cattle/Texas/24-008749-003/2024(H5N1)	248	3564
NP|PP755592.1|A/cattle/Texas/24-008749-003/2024(H5N1)	249	3562
NP|PP755592.1|A/cattle/Texas/24-008749-003/2024(H5N1)	250	3542
NP|PP755592.1|A/cattle/Texas/24-008749-003/2024(H5N1)	251	3675
NP|PP755592.1|A/cattle/Texas/24-008749-003/2024(H5N1)	252	3710
NP|PP755592.1|A/cattle/Texas/24-008749-003/2024(H5N1)	253	3761
NP|PP755592.1|A/cattle/Texas/24-008749-003/2024(H5N1)	254	3783
NP|PP755592.1|A/cattle/Texas/24-008749-003/2024(H5N1)	255	3731
NP|PP755592.1|A/cattle/Texas/24-008749-003/2024(H5N1)	256	3750
NP|PP755592.1|A/cattle/Texas/24-008749-003/2024(H5N1)	257	3748
NP|PP755592.1|A/cattle/Texas/24-008749-003/2024(H5N1)	258	3752
NP|PP755592.1|A/cattle/Texas/24-008749-003/2024(H5N1)	259	3749
NP|PP755592.1|A/cattle/Texas/24-008749-003/2024(H5N1)	260	3637
NP|PP755592.1|A/cattle/Texas/24-008749-003/2024(H5N1)	261	3639
NP|PP755592.1|A/cattle/Texas/24-008749-003/2024(H5N1)	262	3621
NP|PP755592.1|A/cattle/Texas/24-008749-003/2024(H5N1)	263	3642
NP|PP755592.1|A/cattle/Texas/24-008749-003/2024(H5N1)	264	3689
NP|PP755592.1|A/cattle/Texas/24-008749-003/2024(H5N1)	265	3688
NP|PP755592.1|A/cattle/Texas/24-008749-003/2024(H5N1)	266	3688
NP|PP755592.1|A/cattle/Texas/24-008749-003/2024(H5N1)	267	3708
NP|PP755592.1|A/cattle/Texas/24-008749-003/2024(H5N1)	268	3709
NP|PP755592.1|A/cattle/Texas/24-008749-003/2024(H5N1)	269	3710
NP|PP755592.1|A/cattle/Texas/24-008749-003/2024(H5N1)	270	3709
NP|PP755592.1|A/cattle/Texas/24-008749-003/2024(H5N1)	271	3713
NP|PP755592.1|A/cattle/Texas/24-008749-003/2024(H5N1)	272	3712
NP|PP755592.1|A/cattle/Texas/24-008749-003/2024(H5N1)	273	3719
NP|PP755592.1|A/cattle/Texas/24-008749-003/2024(H5N1)	274	3890
NP|PP755592.1|A/cattle/Texas/24-008749-003/2024(H5N1)	275	3881
NP|PP755592.1|A/cattle/Texas/24-008749-003/2024(H5N1)	276	3861
NP|PP755592.1|A/cattle/Texas/24-008749-003/2024(H5N1)	277	3863
NP|PP755592.1|A/cattle/Texas/24-008749-003/2024(H5N1)	278	3864
NP|PP755592.1|A/cattle/Texas/24-008749-003/2024(H5N1)	279	3854
NP|PP755592.1|A/cattle/Texas/24-008749-003/2024(H5N1)	280	3855
NP|PP755592.1|A/cattle/Texas/24-008749-003/2024(H5N1)	281	3875
NP|PP755592.1|A/cattle/Texas/24-008749-003/2024(H5N1)	282	3855
NP|PP755592.1|A/cattle/Texas/24-008749-003/2024(H5N1)	283	3887
NP|PP755592.1|A/cattle/Texas/24-008749-003/2024(H5N1)	284	3876
NP|PP755592.1|A/cattle/Texas/24-008749-003/2024(H5N1)	285	3877
NP|PP755592.1|A/cattle/Texas/24-008749-003/2024(H5N1)	286	3947
NP|PP755592.1|A/cattle/Texas/24-008749-003/2024(H5N1)	287	3930
NP|PP755592.1|A/cattle/Texas/24-008749-003/2024(H5N1)	288	3942
NP|PP755592.1|A/cattle/Texas/24-008749-003/2024(H5N1)	289	3935
NP|PP755592.1|A/cattle/Texas/24-008749-003/2024(H5N1)	290	3918
NP|PP755592.1|A/cattle/Texas/24-008749-003/2024(H5N1)	291	3929
NP|PP755592.1|A/cattle/Texas/24-008749-003/2024(H5N1)	292	3924
NP|PP755592.1|A/cattle/Texas/24-008749-003/2024(H5N1)	293	3975
NP|PP755592.1|A/cattle/Texas/24-008749-003/2024(H5N1)	294	4004
NP|PP755592.1|A/cattle/Texas/24-008749-003/2024(H5N1)	295	3940
NP|PP755592.1|A/cattle/Texas/24-008749-003/2024(H5N1)	296	3940
NP|PP755592.1|A/cattle/Texas/24-008749-003/2024(H5N1)	297	3918
NP|PP755592.1|A/cattle/Texas/24-008749-003/2024(H5N1)	298	3929
NP|PP755592.1|A/cattle/Texas/24-008749-003/2024(H5N1)	299	3934
NP|PP755592.1|A/cattle/Texas/24-008749-003/2024(H5N1)	300	3928
NP|PP755592.1|A/cattle/Texas/24-008749-003/2024(H5N1)	301	3925
NP|PP755592.1|A/cattle/Texas/24-008749-003/2024(H5N1)	302	3931
NP|PP755592.1|A/cattle/Texas/24-008749-003/2024(H5N1)	303	3923
NP|PP755592.1|A/cattle/Texas/24-008749-003/2024(H5N1)	304	3925
NP|PP755592.1|A/cattle/Texas/24-008749-003/2024(H5N1)	305	3938
NP|PP755592.1|A/cattle/Texas/24-008749-003/2024(H5N1)	306	3944
NP|PP755592.1|A/cattle/Texas/24-008749-003/2024(H5N1)	307	3944
NP|PP755592.1|A/cattle/Texas/24-008749-003/2024(H5N1)	308	3929
NP|PP755592.1|A/cattle/Texas/24-008749-003/2024(H5N1)	309	3950
NP|PP755592.1|A/cattle/Texas/24-008749-003/2024(H5N1)	310	3940
NP|PP755592.1|A/cattle/Texas/24-008749-003/2024(H5N1)	311	3983
NP|PP755592.1|A/cattle/Texas/24-008749-003/2024(H5N1)	312	3987
NP|PP755592.1|A/cattle/Texas/24-008749-003/2024(H5N1)	313	3986
NP|PP755592.1|A/cattle/Texas/24-008749-003/2024(H5N1)	314	4000
NP|PP755592.1|A/cattle/Texas/24-008749-003/2024(H5N1)	315	4001
NP|PP755592.1|A/cattle/Texas/24-008749-003/2024(H5N1)	316	4001
NP|PP755592.1|A/cattle/Texas/24-008749-003/2024(H5N1)	317	4000
NP|PP755592.1|A/cattle/Texas/24-008749-003/2024(H5N1)	318	3967
NP|PP755592.1|A/cattle/Texas/24-008749-003/2024(H5N1)	319	4001
NP|PP755592.1|A/cattle/Texas/24-008749-003/2024(H5N1)	320	4042
NP|PP755592.1|A/cattle/Texas/24-008749-003/2024(H5N1)	321	4050
NP|PP755592.1|A/cattle/Texas/24-008749-003/2024(H5N1)	322	4038
NP|PP755592.1|A/cattle/Texas/24-008749-003/2024(H5N1)	323	4019
NP|PP755592.1|A/cattle/Texas/24-008749-003/2024(H5N1)	324	4034
NP|PP755592.1|A/cattle/Texas/24-008749-003/2024(H5N1)	325	4041
NP|PP755592.1|A/cattle/Texas/24-008749-003/2024(H5N1)	326	4044
NP|PP755592.1|A/cattle/Texas/24-008749-003/2024(H5N1)	327	4044
NP|PP755592.1|A/cattle/Texas/24-008749-003/2024(H5N1)	328	4062
NP|PP755592.1|A/cattle/Texas/24-008749-003/2024(H5N1)	329	4009
NP|PP755592.1|A/cattle/Texas/24-008749-003/2024(H5N1)	330	4011
NP|PP755592.1|A/cattle/Texas/24-008749-003/2024(H5N1)	331	4012
NP|PP755592.1|A/cattle/Texas/24-008749-003/2024(H5N1)	332	4040
NP|PP755592.1|A/cattle/Texas/24-008749-003/2024(H5N1)	333	4024
NP|PP755592.1|A/cattle/Texas/24-008749-003/2024(H5N1)	334	4024
NP|PP755592.1|A/cattle/Texas/24-008749-003/2024(H5N1)	335	4096
NP|PP755592.1|A/cattle/Texas/24-008749-003/2024(H5N1)	336	4075
NP|PP755592.1|A/cattle/Texas/24-008749-003/2024(H5N1)	337	4032
NP|PP755592.1|A/cattle/Texas/24-008749-003/2024(H5N1)	338	4038
NP|PP755592.1|A/cattle/Texas/24-008749-003/2024(H5N1)	339	4028
NP|PP755592.1|A/cattle/Texas/24-008749-003/2024(H5N1)	340	4039
NP|PP755592.1|A/cattle/Texas/24-008749-003/2024(H5N1)	341	4040
NP|PP755592.1|A/cattle/Texas/24-008749-003/2024(H5N1)	342	4039
NP|PP755592.1|A/cattle/Texas/24-008749-003/2024(H5N1)	343	4037
NP|PP755592.1|A/cattle/Texas/24-008749-003/2024(H5N1)	344	3948
NP|PP755592.1|A/cattle/Texas/24-008749-003/2024(H5N1)	345	3985
NP|PP755592.1|A/cattle/Texas/24-008749-003/2024(H5N1)	346	4005
NP|PP755592.1|A/cattle/Texas/24-008749-003/2024(H5N1)	347	4008
NP|PP755592.1|A/cattle/Texas/24-008749-003/2024(H5N1)	348	4009
NP|PP755592.1|A/cattle/Texas/24-008749-003/2024(H5N1)	349	3983
NP|PP755592.1|A/cattle/Texas/24-008749-003/2024(H5N1)	350	4004
NP|PP755592.1|A/cattle/Texas/24-008749-003/2024(H5N1)	351	4024
NP|PP755592.1|A/cattle/Texas/24-008749-003/2024(H5N1)	352	4024
NP|PP755592.1|A/cattle/Texas/24-008749-003/2024(H5N1)	353	4029
NP|PP755592.1|A/cattle/Texas/24-008749-003/2024(H5N1)	354	4005
NP|PP755592.1|A/cattle/Texas/24-008749-003/2024(H5N1)	355	4007
NP|PP755592.1|A/cattle/Texas/24-008749-003/2024(H5N1)	356	4006
NP|PP755592.1|A/cattle/Texas/24-008749-003/2024(H5N1)	357	4037
NP|PP755592.1|A/cattle/Texas/24-008749-003/2024(H5N1)	358	4041
NP|PP755592.1|A/cattle/Texas/24-008749-003/2024(H5N1)	359	4033
NP|PP755592.1|A/cattle/Texas/24-008749-003/2024(H5N1)	360	4037
NP|PP755592.1|A/cattle/Texas/24-008749-003/2024(H5N1)	361	4036
NP|PP755592.1|A/cattle/Texas/24-008749-003/2024(H5N1)	362	4036
NP|PP755592.1|A/cattle/Texas/24-008749-003/2024(H5N1)	363	4030
NP|PP755592.1|A/cattle/Texas/24-008749-003/2024(H5N1)	364	4008
NP|PP755592.1|A/cattle/Texas/24-008749-003/2024(H5N1)	365	4009
NP|PP755592.1|A/cattle/Texas/24-008749-003/2024(H5N1)	366	4018
NP|PP755592.1|A/cattle/Texas/24-008749-003/2024(H5N1)	367	4009
NP|PP755592.1|A/cattle/Texas/24-008749-003/2024(H5N1)	368	3927
NP|PP755592.1|A/cattle/Texas/24-008749-003/2024(H5N1)	369	3932
NP|PP755592.1|A/cattle/Texas/24-008749-003/2024(H5N1)	370	3940
NP|PP755592.1|A/cattle/Texas/24-008749-003/2024(H5N1)	371	3968
NP|PP755592.1|A/cattle/Texas/24-008749-003/2024(H5N1)	372	3944
NP|PP755592.1|A/cattle/Texas/24-008749-003/2024(H5N1)	373	3963
NP|PP755592.1|A/cattle/Texas/24-008749-003/2024(H5N1)	374	3967
NP|PP755592.1|A/cattle/Texas/24-008749-003/2024(H5N1)	375	3931
NP|PP755592.1|A/cattle/Texas/24-008749-003/2024(H5N1)	376	3921
NP|PP755592.1|A/cattle/Texas/24-008749-003/2024(H5N1)	377	3793
NP|PP755592.1|A/cattle/Texas/24-008749-003/2024(H5N1)	378	3769
NP|PP755592.1|A/cattle/Texas/24-008749-003/2024(H5N1)	379	3761
NP|PP755592.1|A/cattle/Texas/24-008749-003/2024(H5N1)	380	3736
NP|PP755592.1|A/cattle/Texas/24-008749-003/2024(H5N1)	381	3819
NP|PP755592.1|A/cattle/Texas/24-008749-003/2024(H5N1)	382	3805
NP|PP755592.1|A/cattle/Texas/24-008749-003/2024(H5N1)	383	3823
NP|PP755592.1|A/cattle/Texas/24-008749-003/2024(H5N1)	384	3828
NP|PP755592.1|A/cattle/Texas/24-008749-003/2024(H5N1)	385	3824
NP|PP755592.1|A/cattle/Texas/24-008749-003/2024(H5N1)	386	3798
NP|PP755592.1|A/cattle/Texas/24-008749-003/2024(H5N1)	387	3796
NP|PP755592.1|A/cattle/Texas/24-008749-003/2024(H5N1)	388	3792
NP|PP755592.1|A/cattle/Texas/24-008749-003/2024(H5N1)	389	3782
NP|PP755592.1|A/cattle/Texas/24-008749-003/2024(H5N1)	390	3685
NP|PP755592.1|A/cattle/Texas/24-008749-003/2024(H5N1)	391	3688
NP|PP755592.1|A/cattle/Texas/24-008749-003/2024(H5N1)	392	3669
NP|PP755592.1|A/cattle/Texas/24-008749-003/2024(H5N1)	393	3653
NP|PP755592.1|A/cattle/Texas/24-008749-003/2024(H5N1)	394	3682
NP|PP755592.1|A/cattle/Texas/24-008749-003/2024(H5N1)	395	3677
NP|PP755592.1|A/cattle/Texas/24-008749-003/2024(H5N1)	396	3684
NP|PP755592.1|A/cattle/Texas/24-008749-003/2024(H5N1)	397	3681
NP|PP755592.1|A/cattle/Texas/24-008749-003/2024(H5N1)	398	3641
NP|PP755592.1|A/cattle/Texas/24-008749-003/2024(H5N1)	399	3643
NP|PP755592.1|A/cattle/Texas/24-008749-003/2024(H5N1)	400	3650
NP|PP755592.1|A/cattle/Texas/24-008749-003/2024(H5N1)	401	3623
NP|PP755592.1|A/cattle/Texas/24-008749-003/2024(H5N1)	402	3625
NP|PP755592.1|A/cattle/Texas/24-008749-003/2024(H5N1)	403	3623
NP|PP755592.1|A/cattle/Texas/24-008749-003/2024(H5N1)	404	3616
NP|PP755592.1|A/cattle/Texas/24-008749-003/2024(H5N1)	405	3645
NP|PP755592.1|A/cattle/Texas/24-008749-003/2024(H5N1)	406	3643
NP|PP755592.1|A/cattle/Texas/24-008749-003/2024(H5N1)	407	3642
NP|PP755592.1|A/cattle/Texas/24-008749-003/2024(H5N1)	408	3638
NP|PP755592.1|A/cattle/Texas/24-008749-003/2024(H5N1)	409	3615
NP|PP755592.1|A/cattle/Texas/24-008749-003/2024(H5N1)	410	3679
NP|PP755592.1|A/cattle/Texas/24-008749-003/2024(H5N1)	411	3679
NP|PP755592.1|A/cattle/Texas/24-008749-003/2024(H5N1)	412	3662
NP|PP755592.1|A/cattle/Texas/24-008749-003/2024(H5N1)	413	3664
NP|PP755592.1|A/cattle/Texas/24-008749-003/2024(H5N1)	414	3650
NP|PP755592.1|A/cattle/Texas/24-008749-003/2024(H5N1)	415	3644
NP|PP755592.1|A/cattle/Texas/24-008749-003/2024(H5N1)	416	3645
NP|PP755592.1|A/cattle/Texas/24-008749-003/2024(H5N1)	417	3651
NP|PP755592.1|A/cattle/Texas/24-008749-003/2024(H5N1)	418	3645
NP|PP755592.1|A/cattle/Texas/24-008749-003/2024(H5N1)	419	3660
NP|PP755592.1|A/cattle/Texas/24-008749-003/2024(H5N1)	420	3614
NP|PP755592.1|A/cattle/Texas/24-008749-003/2024(H5N1)	421	3617
NP|PP755592.1|A/cattle/Texas/24-008749-003/2024(H5N1)	422	3630
NP|PP755592.1|A/cattle/Texas/24-008749-003/2024(H5N1)	423	3630
NP|PP755592.1|A/cattle/Texas/24-008749-003/2024(H5N1)	424	3674
NP|PP755592.1|A/cattle/Texas/24-008749-003/2024(H5N1)	425	3677
NP|PP755592.1|A/cattle/Texas/24-008749-003/2024(H5N1)	426	3676
NP|PP755592.1|A/cattle/Texas/24-008749-003/2024(H5N1)	427	3631
NP|PP755592.1|A/cattle/Texas/24-008749-003/2024(H5N1)	428	3617
NP|PP755592.1|A/cattle/Texas/24-008749-003/2024(H5N1)	429	3643
NP|PP755592.1|A/cattle/Texas/24-008749-003/2024(H5N1)	430	3646
NP|PP755592.1|A/cattle/Texas/24-008749-003/2024(H5N1)	431	3651
NP|PP755592.1|A/cattle/Texas/24-008749-003/2024(H5N1)	432	3652
NP|PP755592.1|A/cattle/Texas/24-008749-003/2024(H5N1)	433	3623
NP|PP755592.1|A/cattle/Texas/24-008749-003/2024(H5N1)	434	3649
NP|PP755592.1|A/cattle/Texas/24-008749-003/2024(H5N1)	435	3508
NP|PP755592.1|A/cattle/Texas/24-008749-003/2024(H5N1)	436	3481
NP|PP755592.1|A/cattle/Texas/24-008749-003/2024(H5N1)	437	3538
NP|PP755592.1|A/cattle/Texas/24-008749-003/2024(H5N1)	438	3513
NP|PP755592.1|A/cattle/Texas/24-008749-003/2024(H5N1)	439	3546
NP|PP755592.1|A/cattle/Texas/24-008749-003/2024(H5N1)	440	3545
NP|PP755592.1|A/cattle/Texas/24-008749-003/2024(H5N1)	441	3551
NP|PP755592.1|A/cattle/Texas/24-008749-003/2024(H5N1)	442	3589
NP|PP755592.1|A/cattle/Texas/24-008749-003/2024(H5N1)	443	3564
NP|PP755592.1|A/cattle/Texas/24-008749-003/2024(H5N1)	444	3588
NP|PP755592.1|A/cattle/Texas/24-008749-003/2024(H5N1)	445	3578
NP|PP755592.1|A/cattle/Texas/24-008749-003/2024(H5N1)	446	3514
NP|PP755592.1|A/cattle/Texas/24-008749-003/2024(H5N1)	447	3521
NP|PP755592.1|A/cattle/Texas/24-008749-003/2024(H5N1)	448	3535
NP|PP755592.1|A/cattle/Texas/24-008749-003/2024(H5N1)	449	3598
NP|PP755592.1|A/cattle/Texas/24-008749-003/2024(H5N1)	450	3594
NP|PP755592.1|A/cattle/Texas/24-008749-003/2024(H5N1)	451	3546
NP|PP755592.1|A/cattle/Texas/24-008749-003/2024(H5N1)	452	3553
NP|PP755592.1|A/cattle/Texas/24-008749-003/2024(H5N1)	453	3524
NP|PP755592.1|A/cattle/Texas/24-008749-003/2024(H5N1)	454	3527
NP|PP755592.1|A/cattle/Texas/24-008749-003/2024(H5N1)	455	3563
NP|PP755592.1|A/cattle/Texas/24-008749-003/2024(H5N1)	456	3578
NP|PP755592.1|A/cattle/Texas/24-008749-003/2024(H5N1)	457	3586
NP|PP755592.1|A/cattle/Texas/24-008749-003/2024(H5N1)	458	3523
NP|PP755592.1|A/cattle/Texas/24-008749-003/2024(H5N1)	459	3518
NP|PP755592.1|A/cattle/Texas/24-008749-003/2024(H5N1)	460	3541
NP|PP755592.1|A/cattle/Texas/24-008749-003/2024(H5N1)	461	3531
NP|PP755592.1|A/cattle/Texas/24-008749-003/2024(H5N1)	462	3541
NP|PP755592.1|A/cattle/Texas/24-008749-003/2024(H5N1)	463	3549
NP|PP755592.1|A/cattle/Texas/24-008749-003/2024(H5N1)	464	3516
NP|PP755592.1|A/cattle/Texas/24-008749-003/2024(H5N1)	465	3510
NP|PP755592.1|A/cattle/Texas/24-008749-003/2024(H5N1)	466	3543
NP|PP755592.1|A/cattle/Texas/24-008749-003/2024(H5N1)	467	3564
NP|PP755592.1|A/cattle/Texas/24-008749-003/2024(H5N1)	468	3576
NP|PP755592.1|A/cattle/Texas/24-008749-003/2024(H5N1)	469	3549
NP|PP755592.1|A/cattle/Texas/24-008749-003/2024(H5N1)	470	3605
NP|PP755592.1|A/cattle/Texas/24-008749-003/2024(H5N1)	471	3595
NP|PP755592.1|A/cattle/Texas/24-008749-003/2024(H5N1)	472	3636
NP|PP755592.1|A/cattle/Texas/24-008749-003/2024(H5N1)	473	3652
NP|PP755592.1|A/cattle/Texas/24-008749-003/2024(H5N1)	474	3646
NP|PP755592.1|A/cattle/Texas/24-008749-003/2024(H5N1)	475	3619
NP|PP755592.1|A/cattle/Texas/24-008749-003/2024(H5N1)	476	3607
NP|PP755592.1|A/cattle/Texas/24-008749-003/2024(H5N1)	477	3609
NP|PP755592.1|A/cattle/Texas/24-008749-003/2024(H5N1)	478	3619
NP|PP755592.1|A/cattle/Texas/24-008749-003/2024(H5N1)	479	3708
NP|PP755592.1|A/cattle/Texas/24-008749-003/2024(H5N1)	480	3786
NP|PP755592.1|A/cattle/Texas/24-008749-003/2024(H5N1)	481	3768
NP|PP755592.1|A/cattle/Texas/24-008749-003/2024(H5N1)	482	3756
NP|PP755592.1|A/cattle/Texas/24-008749-003/2024(H5N1)	483	3746
NP|PP755592.1|A/cattle/Texas/24-008749-003/2024(H5N1)	484	3764
NP|PP755592.1|A/cattle/Texas/24-008749-003/2024(H5N1)	485	3767
NP|PP755592.1|A/cattle/Texas/24-008749-003/2024(H5N1)	486	3773
NP|PP755592.1|A/cattle/Texas/24-008749-003/2024(H5N1)	487	3769
NP|PP755592.1|A/cattle/Texas/24-008749-003/2024(H5N1)	488	3647
NP|PP755592.1|A/cattle/Texas/24-008749-003/2024(H5N1)	489	3632
NP|PP755592.1|A/cattle/Texas/24-008749-003/2024(H5N1)	490	3607
NP|PP755592.1|A/cattle/Texas/24-008749-003/2024(H5N1)	491	3625
NP|PP755592.1|A/cattle/Texas/24-008749-003/2024(H5N1)	492	3614
NP|PP755592.1|A/cattle/Texas/24-008749-003/2024(H5N1)	493	3589
NP|PP755592.1|A/cattle/Texas/24-008749-003/2024(H5N1)	494	3647
NP|PP755592.1|A/cattle/Texas/24-008749-003/2024(H5N1)	495	3627
NP|PP755592.1|A/cattle/Texas/24-008749-003/2024(H5N1)	496	3628
NP|PP755592.1|A/cattle/Texas/24-008749-003/2024(H5N1)	497	3629
NP|PP755592.1|A/cattle/Texas/24-008749-003/2024(H5N1)	498	3616
NP|PP755592.1|A/cattle/Texas/24-008749-003/2024(H5N1)	499	3651
NP|PP755592.1|A/cattle/Texas/24-008749-003/2024(H5N1)	500	3640
NP|PP755592.1|A/cattle/Texas/24-008749-003/2024(H5N1)	501	3640
NP|PP755592.1|A/cattle/Texas/24-008749-003/2024(H5N1)	502	3572
NP|PP755592.1|A/cattle/Texas/24-008749-003/2024(H5N1)	503	3508
NP|PP755592.1|A/cattle/Texas/24-008749-003/2024(H5N1)	504	3504
NP|PP755592.1|A/cattle/Texas/24-008749-003/2024(H5N1)	505	3481
NP|PP755592.1|A/cattle/Texas/24-008749-003/2024(H5N1)	506	3565
NP|PP755592.1|A/cattle/Texas/24-008749-003/2024(H5N1)	507	3549
NP|PP755592.1|A/cattle/Texas/24-008749-003/2024(H5N1)	508	3529
NP|PP755592.1|A/cattle/Texas/24-008749-003/2024(H5N1)	509	3542
NP|PP755592.1|A/cattle/Texas/24-008749-003/2024(H5N1)	510	3538
NP|PP755592.1|A/cattle/Texas/24-008749-003/2024(H5N1)	511	3559
NP|PP755592.1|A/cattle/Texas/24-008749-003/2024(H5N1)	512	3554
NP|PP755592.1|A/cattle/Texas/24-008749-003/2024(H5N1)	513	3539
NP|PP755592.1|A/cattle/Texas/24-008749-003/2024(H5N1)	514	3575
NP|PP755592.1|A/cattle/Texas/24-008749-003/2024(H5N1)	515	3512
NP|PP755592.1|A/cattle/Texas/24-008749-003/2024(H5N1)	516	3779
NP|PP755592.1|A/cattle/Texas/24-008749-003/2024(H5N1)	517	3764
NP|PP755592.1|A/cattle/Texas/24-008749-003/2024(H5N1)	518	3764
NP|PP755592.1|A/cattle/Texas/24-008749-003/2024(H5N1)	519	3768
NP|PP755592.1|A/cattle/Texas/24-008749-003/2024(H5N1)	520	3744
NP|PP755592.1|A/cattle/Texas/24-008749-003/2024(H5N1)	521	3741
NP|PP755592.1|A/cattle/Texas/24-008749-003/2024(H5N1)	522	3758
NP|PP755592.1|A/cattle/Texas/24-008749-003/2024(H5N1)	523	3722
NP|PP755592.1|A/cattle/Texas/24-008749-003/2024(H5N1)	524	3711
NP|PP755592.1|A/cattle/Texas/24-008749-003/2024(H5N1)	525	3562
NP|PP755592.1|A/cattle/Texas/24-008749-003/2024(H5N1)	526	3567
NP|PP755592.1|A/cattle/Texas/24-008749-003/2024(H5N1)	527	3565
NP|PP755592.1|A/cattle/Texas/24-008749-003/2024(H5N1)	528	3565
NP|PP755592.1|A/cattle/Texas/24-008749-003/2024(H5N1)	529	3567
NP|PP755592.1|A/cattle/Texas/24-008749-003/2024(H5N1)	530	3567
NP|PP755592.1|A/cattle/Texas/24-008749-003/2024(H5N1)	531	3567
NP|PP755592.1|A/cattle/Texas/24-008749-003/2024(H5N1)	532	3587
NP|PP755592.1|A/cattle/Texas/24-008749-003/2024(H5N1)	533	3579
NP|PP755592.1|A/cattle/Texas/24-008749-003/2024(H5N1)	534	3548
NP|PP755592.1|A/cattle/Texas/24-008749-003/2024(H5N1)	535	3569
NP|PP755592.1|A/cattle/Texas/24-008749-003/2024(H5N1)	536	3529
NP|PP755592.1|A/cattle/Texas/24-008749-003/2024(H5N1)	537	3529
NP|PP755592.1|A/cattle/Texas/24-008749-003/2024(H5N1)	538	3531
NP|PP755592.1|A/cattle/Texas/24-008749-003/2024(H5N1)	539	3553
NP|PP755592.1|A/cattle/Texas/24-008749-003/2024(H5N1)	540	3551
NP|PP755592.1|A/cattle/Texas/24-008749-003/2024(H5N1)	541	3562
NP|PP755592.1|A/cattle/Texas/24-008749-003/2024(H5N1)	542	3670
NP|PP755592.1|A/cattle/Texas/24-008749-003/2024(H5N1)	543	3631
NP|PP755592.1|A/cattle/Texas/24-008749-003/2024(H5N1)	544	3678
NP|PP755592.1|A/cattle/Texas/24-008749-003/2024(H5N1)	545	3703
NP|PP755592.1|A/cattle/Texas/24-008749-003/2024(H5N1)	546	3711
NP|PP755592.1|A/cattle/Texas/24-008749-003/2024(H5N1)	547	3775
NP|PP755592.1|A/cattle/Texas/24-008749-003/2024(H5N1)	548	3858
NP|PP755592.1|A/cattle/Texas/24-008749-003/2024(H5N1)	549	3863
NP|PP755592.1|A/cattle/Texas/24-008749-003/2024(H5N1)	550	3877
NP|PP755592.1|A/cattle/Texas/24-008749-003/2024(H5N1)	551	3912
NP|PP755592.1|A/cattle/Texas/24-008749-003/2024(H5N1)	552	3909
NP|PP755592.1|A/cattle/Texas/24-008749-003/2024(H5N1)	553	3856
NP|PP755592.1|A/cattle/Texas/24-008749-003/2024(H5N1)	554	3911
NP|PP755592.1|A/cattle/Texas/24-008749-003/2024(H5N1)	555	3914
NP|PP755592.1|A/cattle/Texas/24-008749-003/2024(H5N1)	556	3868
NP|PP755592.1|A/cattle/Texas/24-008749-003/2024(H5N1)	557	3893
NP|PP755592.1|A/cattle/Texas/24-008749-003/2024(H5N1)	558	3913
NP|PP755592.1|A/cattle/Texas/24-008749-003/2024(H5N1)	559	3915
NP|PP755592.1|A/cattle/Texas/24-008749-003/2024(H5N1)	560	3998
NP|PP755592.1|A/cattle/Texas/24-008749-003/2024(H5N1)	561	4036
NP|PP755592.1|A/cattle/Texas/24-008749-003/2024(H5N1)	562	4007
NP|PP755592.1|A/cattle/Texas/24-008749-003/2024(H5N1)	563	3998
NP|PP755592.1|A/cattle/Texas/24-008749-003/2024(H5N1)	564	3969
NP|PP755592.1|A/cattle/Texas/24-008749-003/2024(H5N1)	565	3979
NP|PP755592.1|A/cattle/Texas/24-008749-003/2024(H5N1)	566	3981
NP|PP755592.1|A/cattle/Texas/24-008749-003/2024(H5N1)	567	3982
NP|PP755592.1|A/cattle/Texas/24-008749-003/2024(H5N1)	568	3987
NP|PP755592.1|A/cattle/Texas/24-008749-003/2024(H5N1)	569	3966
NP|PP755592.1|A/cattle/Texas/24-008749-003/2024(H5N1)	570	3945
NP|PP755592.1|A/cattle/Texas/24-008749-003/2024(H5N1)	571	3920
NP|PP755592.1|A/cattle/Texas/24-008749-003/2024(H5N1)	572	3953
NP|PP755592.1|A/cattle/Texas/24-008749-003/2024(H5N1)	573	3957
NP|PP755592.1|A/cattle/Texas/24-008749-003/2024(H5N1)	574	3978
NP|PP755592.1|A/cattle/Texas/24-008749-003/2024(H5N1)	575	3973
NP|PP755592.1|A/cattle/Texas/24-008749-003/2024(H5N1)	576	3991
NP|PP755592.1|A/cattle/Texas/24-008749-003/2024(H5N1)	577	4005
NP|PP755592.1|A/cattle/Texas/24-008749-003/2024(H5N1)	578	4010
NP|PP755592.1|A/cattle/Texas/24-008749-003/2024(H5N1)	579	4007
NP|PP755592.1|A/cattle/Texas/24-008749-003/2024(H5N1)	580	4022
NP|PP755592.1|A/cattle/Texas/24-008749-003/2024(H5N1)	581	4019
NP|PP755592.1|A/cattle/Texas/24-008749-003/2024(H5N1)	582	4024
NP|PP755592.1|A/cattle/Texas/24-008749-003/2024(H5N1)	583	3984
NP|PP755592.1|A/cattle/Texas/24-008749-003/2024(H5N1)	584	3983
NP|PP755592.1|A/cattle/Texas/24-008749-003/2024(H5N1)	585	3992
NP|PP755592.1|A/cattle/Texas/24-008749-003/2024(H5N1)	586	3950
NP|PP755592.1|A/cattle/Texas/24-008749-003/2024(H5N1)	587	3948
NP|PP755592.1|A/cattle/Texas/24-008749-003/2024(H5N1)	588	3992
NP|PP755592.1|A/cattle/Texas/24-008749-003/2024(H5N1)	589	3998
NP|PP755592.1|A/cattle/Texas/24-008749-003/2024(H5N1)	590	4012
NP|PP755592.1|A/cattle/Texas/24-008749-003/2024(H5N1)	591	3999
NP|PP755592.1|A/cattle/Texas/24-008749-003/2024(H5N1)	592	3997
NP|PP755592.1|A/cattle/Texas/24-008749-003/2024(H5N1)	593	4027
NP|PP755592.1|A/cattle/Texas/24-008749-003/2024(H5N1)	594	4029
NP|PP755592.1|A/cattle/Texas/24-008749-003/2024(H5N1)	595	4018
NP|PP755592.1|A/cattle/Texas/24-008749-003/2024(H5N1)	596	4016
NP|PP755592.1|A/cattle/Texas/24-008749-003/2024(H5N1)	597	4000
NP|PP755592.1|A/cattle/Texas/24-008749-003/2024(H5N1)	598	3993
NP|PP755592.1|A/cattle/Texas/24-008749-003/2024(H5N1)	599	4075
NP|PP755592.1|A/cattle/Texas/24-008749-003/2024(H5N1)	600	4081
NP|PP755592.1|A/cattle/Texas/24-008749-003/2024(H5N1)	601	4076
NP|PP755592.1|A/cattle/Texas/24-008749-003/2024(H5N1)	602	4058
NP|PP755592.1|A/cattle/Texas/24-008749-003/2024(H5N1)	603	4109
NP|PP755592.1|A/cattle/Texas/24-008749-003/2024(H5N1)	604	4104
NP|PP755592.1|A/cattle/Texas/24-008749-003/2024(H5N1)	605	4108
NP|PP755592.1|A/cattle/Texas/24-008749-003/2024(H5N1)	606	4098
NP|PP755592.1|A/cattle/Texas/24-008749-003/2024(H5N1)	607	4099
NP|PP755592.1|A/cattle/Texas/24-008749-003/2024(H5N1)	608	4174
NP|PP755592.1|A/cattle/Texas/24-008749-003/2024(H5N1)	609	4164
NP|PP755592.1|A/cattle/Texas/24-008749-003/2024(H5N1)	610	4162
NP|PP755592.1|A/cattle/Texas/24-008749-003/2024(H5N1)	611	4162
NP|PP755592.1|A/cattle/Texas/24-008749-003/2024(H5N1)	612	4183
NP|PP755592.1|A/cattle/Texas/24-008749-003/2024(H5N1)	613	4194
NP|PP755592.1|A/cattle/Texas/24-008749-003/2024(H5N1)	614	4197
NP|PP755592.1|A/cattle/Texas/24-008749-003/2024(H5N1)	615	4233
NP|PP755592.1|A/cattle/Texas/24-008749-003/2024(H5N1)	616	4227
NP|PP755592.1|A/cattle/Texas/24-008749-003/2024(H5N1)	617	4215
NP|PP755592.1|A/cattle/Texas/24-008749-003/2024(H5N1)	618	4206
NP|PP755592.1|A/cattle/Texas/24-008749-003/2024(H5N1)	619	4206
NP|PP755592.1|A/cattle/Texas/24-008749-003/2024(H5N1)	620	4208
NP|PP755592.1|A/cattle/Texas/24-008749-003/2024(H5N1)	621	4268
NP|PP755592.1|A/cattle/Texas/24-008749-003/2024(H5N1)	622	4243
NP|PP755592.1|A/cattle/Texas/24-008749-003/2024(H5N1)	623	4238
NP|PP755592.1|A/cattle/Texas/24-008749-003/2024(H5N1)	624	4204
NP|PP755592.1|A/cattle/Texas/24-008749-003/2024(H5N1)	625	4220
NP|PP755592.1|A/cattle/Texas/24-008749-003/2024(H5N1)	626	4219
NP|PP755592.1|A/cattle/Texas/24-008749-003/2024(H5N1)	627	4214
NP|PP755592.1|A/cattle/Texas/24-008749-003/2024(H5N1)	628	4214
NP|PP755592.1|A/cattle/Texas/24-008749-003/2024(H5N1)	629	4225
NP|PP755592.1|A/cattle/Texas/24-008749-003/2024(H5N1)	630	4223
NP|PP755592.1|A/cattle/Texas/24-008749-003/2024(H5N1)	631	4230
NP|PP755592.1|A/cattle/Texas/24-008749-003/2024(H5N1)	632	4162
NP|PP755592.1|A/cattle/Texas/24-008749-003/2024(H5N1)	633	4151
NP|PP755592.1|A/cattle/Texas/24-008749-003/2024(H5N1)	634	4117
NP|PP755592.1|A/cattle/Texas/24-008749-003/2024(H5N1)	635	4113
NP|PP755592.1|A/cattle/Texas/24-008749-003/2024(H5N1)	636	4128
NP|PP755592.1|A/cattle/Texas/24-008749-003/2024(H5N1)	637	4122
NP|PP755592.1|A/cattle/Texas/24-008749-003/2024(H5N1)	638	4149
NP|PP755592.1|A/cattle/Texas/24-008749-003/2024(H5N1)	639	4178
NP|PP755592.1|A/cattle/Texas/24-008749-003/2024(H5N1)	640	4141
NP|PP755592.1|A/cattle/Texas/24-008749-003/2024(H5N1)	641	4179
NP|PP755592.1|A/cattle/Texas/24-008749-003/2024(H5N1)	642	4266
NP|PP755592.1|A/cattle/Texas/24-008749-003/2024(H5N1)	643	4266
NP|PP755592.1|A/cattle/Texas/24-008749-003/2024(H5N1)	644	4247
NP|PP755592.1|A/cattle/Texas/24-008749-003/2024(H5N1)	645	4237
NP|PP755592.1|A/cattle/Texas/24-008749-003/2024(H5N1)	646	4231
NP|PP755592.1|A/cattle/Texas/24-008749-003/2024(H5N1)	647	4255
NP|PP755592.1|A/cattle/Texas/24-008749-003/2024(H5N1)	648	4266
NP|PP755592.1|A/cattle/Texas/24-008749-003/2024(H5N1)	649	4263
NP|PP755592.1|A/cattle/Texas/24-008749-003/2024(H5N1)	650	4232
NP|PP755592.1|A/cattle/Texas/24-008749-003/2024(H5N1)	651	4211
NP|PP755592.1|A/cattle/Texas/24-008749-003/2024(H5N1)	652	4306
NP|PP755592.1|A/cattle/Texas/24-008749-003/2024(H5N1)	653	4310
NP|PP755592.1|A/cattle/Texas/24-008749-003/2024(H5N1)	654	4296
NP|PP755592.1|A/cattle/Texas/24-008749-003/2024(H5N1)	655	4295
NP|PP755592.1|A/cattle/Texas/24-008749-003/2024(H5N1)	656	4274
NP|PP755592.1|A/cattle/Texas/24-008749-003/2024(H5N1)	657	4336
NP|PP755592.1|A/cattle/Texas/24-008749-003/2024(H5N1)	658	4336
NP|PP755592.1|A/cattle/Texas/24-008749-003/2024(H5N1)	659	4352
NP|PP755592.1|A/cattle/Texas/24-008749-003/2024(H5N1)	660	4353
NP|PP755592.1|A/cattle/Texas/24-008749-003/2024(H5N1)	661	4266
NP|PP755592.1|A/cattle/Texas/24-008749-003/2024(H5N1)	662	4274
NP|PP755592.1|A/cattle/Texas/24-008749-003/2024(H5N1)	663	4280
NP|PP755592.1|A/cattle/Texas/24-008749-003/2024(H5N1)	664	4293
NP|PP755592.1|A/cattle/Texas/24-008749-003/2024(H5N1)	665	4291
NP|PP755592.1|A/cattle/Texas/24-008749-003/2024(H5N1)	666	4338
NP|PP755592.1|A/cattle/Texas/24-008749-003/2024(H5N1)	667	4354
NP|PP755592.1|A/cattle/Texas/24-008749-003/2024(H5N1)	668	4362
NP|PP755592.1|A/cattle/Texas/24-008749-003/2024(H5N1)	669	4351
NP|PP755592.1|A/cattle/Texas/24-008749-003/2024(H5N1)	670	4343
NP|PP755592.1|A/cattle/Texas/24-008749-003/2024(H5N1)	671	4339
NP|PP755592.1|A/cattle/Texas/24-008749-003/2024(H5N1)	672	4335
NP|PP755592.1|A/cattle/Texas/24-008749-003/2024(H5N1)	673	4322
NP|PP755592.1|A/cattle/Texas/24-008749-003/2024(H5N1)	674	4320
NP|PP755592.1|A/cattle/Texas/24-008749-003/2024(H5N1)	675	4286
NP|PP755592.1|A/cattle/Texas/24-008749-003/2024(H5N1)	676	4286
NP|PP755592.1|A/cattle/Texas/24-008749-003/2024(H5N1)	677	4338
NP|PP755592.1|A/cattle/Texas/24-008749-003/2024(H5N1)	678	4336
NP|PP755592.1|A/cattle/Texas/24-008749-003/2024(H5N1)	679	4339
NP|PP755592.1|A/cattle/Texas/24-008749-003/2024(H5N1)	680	4325
NP|PP755592.1|A/cattle/Texas/24-008749-003/2024(H5N1)	681	4326
NP|PP755592.1|A/cattle/Texas/24-008749-003/2024(H5N1)	682	4325
NP|PP755592.1|A/cattle/Texas/24-008749-003/2024(H5N1)	683	4323
NP|PP755592.1|A/cattle/Texas/24-008749-003/2024(H5N1)	684	4293
NP|PP755592.1|A/cattle/Texas/24-008749-003/2024(H5N1)	685	4280
NP|PP755592.1|A/cattle/Texas/24-008749-003/2024(H5N1)	686	4277
NP|PP755592.1|A/cattle/Texas/24-008749-003/2024(H5N1)	687	4329
NP|PP755592.1|A/cattle/Texas/24-008749-003/2024(H5N1)	688	4285
NP|PP755592.1|A/cattle/Texas/24-008749-003/2024(H5N1)	689	4283
NP|PP755592.1|A/cattle/Texas/24-008749-003/2024(H5N1)	690	4261
NP|PP755592.1|A/cattle/Texas/24-008749-003/2024(H5N1)	691	4251
NP|PP755592.1|A/cattle/Texas/24-008749-003/2024(H5N1)	692	4258
NP|PP755592.1|A/cattle/Texas/24-008749-003/2024(H5N1)	693	4241
NP|PP755592.1|A/cattle/Texas/24-008749-003/2024(H5N1)	694	4239
NP|PP755592.1|A/cattle/Texas/24-008749-003/2024(H5N1)	695	4264
NP|PP755592.1|A/cattle/Texas/24-008749-003/2024(H5N1)	696	4178
NP|PP755592.1|A/cattle/Texas/24-008749-003/2024(H5N1)	697	4194
NP|PP755592.1|A/cattle/Texas/24-008749-003/2024(H5N1)	698	4196
NP|PP755592.1|A/cattle/Texas/24-008749-003/2024(H5N1)	699	4189
NP|PP755592.1|A/cattle/Texas/24-008749-003/2024(H5N1)	700	4154
NP|PP755592.1|A/cattle/Texas/24-008749-003/2024(H5N1)	701	4169
NP|PP755592.1|A/cattle/Texas/24-008749-003/2024(H5N1)	702	4171
NP|PP755592.1|A/cattle/Texas/24-008749-003/2024(H5N1)	703	4213
NP|PP755592.1|A/cattle/Texas/24-008749-003/2024(H5N1)	704	4168
NP|PP755592.1|A/cattle/Texas/24-008749-003/2024(H5N1)	705	4169
NP|PP755592.1|A/cattle/Texas/24-008749-003/2024(H5N1)	706	4114
NP|PP755592.1|A/cattle/Texas/24-008749-003/2024(H5N1)	707	4146
NP|PP755592.1|A/cattle/Texas/24-008749-003/2024(H5N1)	708	4149
NP|PP755592.1|A/cattle/Texas/24-008749-003/2024(H5N1)	709	4141
NP|PP755592.1|A/cattle/Texas/24-008749-003/2024(H5N1)	710	4121
NP|PP755592.1|A/cattle/Texas/24-008749-003/2024(H5N1)	711	4120
NP|PP755592.1|A/cattle/Texas/24-008749-003/2024(H5N1)	712	4281
NP|PP755592.1|A/cattle/Texas/24-008749-003/2024(H5N1)	713	4286
NP|PP755592.1|A/cattle/Texas/24-008749-003/2024(H5N1)	714	4284
NP|PP755592.1|A/cattle/Texas/24-008749-003/2024(H5N1)	715	4369
NP|PP755592.1|A/cattle/Texas/24-008749-003/2024(H5N1)	716	4313
NP|PP755592.1|A/cattle/Texas/24-008749-003/2024(H5N1)	717	4311
NP|PP755592.1|A/cattle/Texas/24-008749-003/2024(H5N1)	718	4333
NP|PP755592.1|A/cattle/Texas/24-008749-003/2024(H5N1)	719	4328
NP|PP755592.1|A/cattle/Texas/24-008749-003/2024(H5N1)	720	4321
NP|PP755592.1|A/cattle/Texas/24-008749-003/2024(H5N1)	721	4188
NP|PP755592.1|A/cattle/Texas/24-008749-003/2024(H5N1)	722	4220
NP|PP755592.1|A/cattle/Texas/24-008749-003/2024(H5N1)	723	4217
NP|PP755592.1|A/cattle/Texas/24-008749-003/2024(H5N1)	724	4220
NP|PP755592.1|A/cattle/Texas/24-008749-003/2024(H5N1)	725	4229
NP|PP755592.1|A/cattle/Texas/24-008749-003/2024(H5N1)	726	4233
NP|PP755592.1|A/cattle/Texas/24-008749-003/2024(H5N1)	727	4177
NP|PP755592.1|A/cattle/Texas/24-008749-003/2024(H5N1)	728	4178
NP|PP755592.1|A/cattle/Texas/24-008749-003/2024(H5N1)	729	4175
NP|PP755592.1|A/cattle/Texas/24-008749-003/2024(H5N1)	730	4104
NP|PP755592.1|A/cattle/Texas/24-008749-003/2024(H5N1)	731	4029
NP|PP755592.1|A/cattle/Texas/24-008749-003/2024(H5N1)	732	3987
NP|PP755592.1|A/cattle/Texas/24-008749-003/2024(H5N1)	733	3964
NP|PP755592.1|A/cattle/Texas/24-008749-003/2024(H5N1)	734	3978
NP|PP755592.1|A/cattle/Texas/24-008749-003/2024(H5N1)	735	3962
NP|PP755592.1|A/cattle/Texas/24-008749-003/2024(H5N1)	736	3942
NP|PP755592.1|A/cattle/Texas/24-008749-003/2024(H5N1)	737	3939
NP|PP755592.1|A/cattle/Texas/24-008749-003/2024(H5N1)	738	3933
NP|PP755592.1|A/cattle/Texas/24-008749-003/2024(H5N1)	739	3938
NP|PP755592.1|A/cattle/Texas/24-008749-003/2024(H5N1)	740	3947
NP|PP755592.1|A/cattle/Texas/24-008749-003/2024(H5N1)	741	3955
NP|PP755592.1|A/cattle/Texas/24-008749-003/2024(H5N1)	742	4030
NP|PP755592.1|A/cattle/Texas/24-008749-003/2024(H5N1)	743	3975
NP|PP755592.1|A/cattle/Texas/24-008749-003/2024(H5N1)	744	3955
NP|PP755592.1|A/cattle/Texas/24-008749-003/2024(H5N1)	745	3956
NP|PP755592.1|A/cattle/Texas/24-008749-003/2024(H5N1)	746	3964
NP|PP755592.1|A/cattle/Texas/24-008749-003/2024(H5N1)	747	3934
NP|PP755592.1|A/cattle/Texas/24-008749-003/2024(H5N1)	748	3941
NP|PP755592.1|A/cattle/Texas/24-008749-003/2024(H5N1)	749	3923
NP|PP755592.1|A/cattle/Texas/24-008749-003/2024(H5N1)	750	3928
NP|PP755592.1|A/cattle/Texas/24-008749-003/2024(H5N1)	751	3922
NP|PP755592.1|A/cattle/Texas/24-008749-003/2024(H5N1)	752	3936
NP|PP755592.1|A/cattle/Texas/24-008749-003/2024(H5N1)	753	3929
NP|PP755592.1|A/cattle/Texas/24-008749-003/2024(H5N1)	754	3929
NP|PP755592.1|A/cattle/Texas/24-008749-003/2024(H5N1)	755	3951
NP|PP755592.1|A/cattle/Texas/24-008749-003/2024(H5N1)	756	3969
NP|PP755592.1|A/cattle/Texas/24-008749-003/2024(H5N1)	757	3928
NP|PP755592.1|A/cattle/Texas/24-008749-003/2024(H5N1)	758	3931
NP|PP755592.1|A/cattle/Texas/24-008749-003/2024(H5N1)	759	3933
NP|PP755592.1|A/cattle/Texas/24-008749-003/2024(H5N1)	760	3929
NP|PP755592.1|A/cattle/Texas/24-008749-003/2024(H5N1)	761	3932
NP|PP755592.1|A/cattle/Texas/24-008749-003/2024(H5N1)	762	3918
NP|PP755592.1|A/cattle/Texas/24-008749-003/2024(H5N1)	763	3943
NP|PP755592.1|A/cattle/Texas/24-008749-003/2024(H5N1)	764	3940
NP|PP755592.1|A/cattle/Texas/24-008749-003/2024(H5N1)	765	3886
NP|PP755592.1|A/cattle/Texas/24-008749-003/2024(H5N1)	766	3698
NP|PP755592.1|A/cattle/Texas/24-008749-003/2024(H5N1)	767	3670
NP|PP755592.1|A/cattle/Texas/24-008749-003/2024(H5N1)	768	3683
NP|PP755592.1|A/cattle/Texas/24-008749-003/2024(H5N1)	769	3682
NP|PP755592.1|A/cattle/Texas/24-008749-003/2024(H5N1)	770	3684
NP|PP755592.1|A/cattle/Texas/24-008749-003/2024(H5N1)	771	3676
NP|PP755592.1|A/cattle/Texas/24-008749-003/2024(H5N1)	772	3655
NP|PP755592.1|A/cattle/Texas/24-008749-003/2024(H5N1)	773	3676
NP|PP755592.1|A/cattle/Texas/24-008749-003/2024(H5N1)	774	3676
NP|PP755592.1|A/cattle/Texas/24-008749-003/2024(H5N1)	775	3668
NP|PP755592.1|A/cattle/Texas/24-008749-003/2024(H5N1)	776	3671
NP|PP755592.1|A/cattle/Texas/24-008749-003/2024(H5N1)	777	3686
NP|PP755592.1|A/cattle/Texas/24-008749-003/2024(H5N1)	778	3686
NP|PP755592.1|A/cattle/Texas/24-008749-003/2024(H5N1)	779	3685
NP|PP755592.1|A/cattle/Texas/24-008749-003/2024(H5N1)	780	3685
NP|PP755592.1|A/cattle/Texas/24-008749-003/2024(H5N1)	781	3703
NP|PP755592.1|A/cattle/Texas/24-008749-003/2024(H5N1)	782	3736
NP|PP755592.1|A/cattle/Texas/24-008749-003/2024(H5N1)	783	3832
NP|PP755592.1|A/cattle/Texas/24-008749-003/2024(H5N1)	784	3827
NP|PP755592.1|A/cattle/Texas/24-008749-003/2024(H5N1)	785	3842
NP|PP755592.1|A/cattle/Texas/24-008749-003/2024(H5N1)	786	3827
NP|PP755592.1|A/cattle/Texas/24-008749-003/2024(H5N1)	787	3881
NP|PP755592.1|A/cattle/Texas/24-008749-003/2024(H5N1)	788	3907
NP|PP755592.1|A/cattle/Texas/24-008749-003/2024(H5N1)	789	3906
NP|PP755592.1|A/cattle/Texas/24-008749-003/2024(H5N1)	790	3919
NP|PP755592.1|A/cattle/Texas/24-008749-003/2024(H5N1)	791	3825
NP|PP755592.1|A/cattle/Texas/24-008749-003/2024(H5N1)	792	3806
NP|PP755592.1|A/cattle/Texas/24-008749-003/2024(H5N1)	793	3807
NP|PP755592.1|A/cattle/Texas/24-008749-003/2024(H5N1)	794	3824
NP|PP755592.1|A/cattle/Texas/24-008749-003/2024(H5N1)	795	3782
NP|PP755592.1|A/cattle/Texas/24-008749-003/2024(H5N1)	796	3685
NP|PP755592.1|A/cattle/Texas/24-008749-003/2024(H5N1)	797	3613
NP|PP755592.1|A/cattle/Texas/24-008749-003/2024(H5N1)	798	3636
NP|PP755592.1|A/cattle/Texas/24-008749-003/2024(H5N1)	799	3623
NP|PP755592.1|A/cattle/Texas/24-008749-003/2024(H5N1)	800	3641
NP|PP755592.1|A/cattle/Texas/24-008749-003/2024(H5N1)	801	3620
NP|PP755592.1|A/cattle/Texas/24-008749-003/2024(H5N1)	802	3576
NP|PP755592.1|A/cattle/Texas/24-008749-003/2024(H5N1)	803	3604
NP|PP755592.1|A/cattle/Texas/24-008749-003/2024(H5N1)	804	3634
NP|PP755592.1|A/cattle/Texas/24-008749-003/2024(H5N1)	805	3665
NP|PP755592.1|A/cattle/Texas/24-008749-003/2024(H5N1)	806	3663
NP|PP755592.1|A/cattle/Texas/24-008749-003/2024(H5N1)	807	3629
NP|PP755592.1|A/cattle/Texas/24-008749-003/2024(H5N1)	808	3634
NP|PP755592.1|A/cattle/Texas/24-008749-003/2024(H5N1)	809	3626
NP|PP755592.1|A/cattle/Texas/24-008749-003/2024(H5N1)	810	3627
NP|PP755592.1|A/cattle/Texas/24-008749-003/2024(H5N1)	811	3662
NP|PP755592.1|A/cattle/Texas/24-008749-003/2024(H5N1)	812	3611
NP|PP755592.1|A/cattle/Texas/24-008749-003/2024(H5N1)	813	3612
NP|PP755592.1|A/cattle/Texas/24-008749-003/2024(H5N1)	814	3681
NP|PP755592.1|A/cattle/Texas/24-008749-003/2024(H5N1)	815	3686
NP|PP755592.1|A/cattle/Texas/24-008749-003/2024(H5N1)	816	3684
NP|PP755592.1|A/cattle/Texas/24-008749-003/2024(H5N1)	817	3683
NP|PP755592.1|A/cattle/Texas/24-008749-003/2024(H5N1)	818	3698
NP|PP755592.1|A/cattle/Texas/24-008749-003/2024(H5N1)	819	3721
NP|PP755592.1|A/cattle/Texas/24-008749-003/2024(H5N1)	820	3691
NP|PP755592.1|A/cattle/Texas/24-008749-003/2024(H5N1)	821	3684
NP|PP755592.1|A/cattle/Texas/24-008749-003/2024(H5N1)	822	3705
NP|PP755592.1|A/cattle/Texas/24-008749-003/2024(H5N1)	823	3646
NP|PP755592.1|A/cattle/Texas/24-008749-003/2024(H5N1)	824	3657
NP|PP755592.1|A/cattle/Texas/24-008749-003/2024(H5N1)	825	3670
NP|PP755592.1|A/cattle/Texas/24-008749-003/2024(H5N1)	826	3672
NP|PP755592.1|A/cattle/Texas/24-008749-003/2024(H5N1)	827	3653
NP|PP755592.1|A/cattle/Texas/24-008749-003/2024(H5N1)	828	3630
NP|PP755592.1|A/cattle/Texas/24-008749-003/2024(H5N1)	829	3626
NP|PP755592.1|A/cattle/Texas/24-008749-003/2024(H5N1)	830	3642
NP|PP755592.1|A/cattle/Texas/24-008749-003/2024(H5N1)	831	3623
NP|PP755592.1|A/cattle/Texas/24-008749-003/2024(H5N1)	832	3640
NP|PP755592.1|A/cattle/Texas/24-008749-003/2024(H5N1)	833	3651
NP|PP755592.1|A/cattle/Texas/24-008749-003/2024(H5N1)	834	3651
NP|PP755592.1|A/cattle/Texas/24-008749-003/2024(H5N1)	835	3679
NP|PP755592.1|A/cattle/Texas/24-008749-003/2024(H5N1)	836	3691
NP|PP755592.1|A/cattle/Texas/24-008749-003/2024(H5N1)	837	3702
NP|PP755592.1|A/cattle/Texas/24-008749-003/2024(H5N1)	838	3715
NP|PP755592.1|A/cattle/Texas/24-008749-003/2024(H5N1)	839	3751
NP|PP755592.1|A/cattle/Texas/24-008749-003/2024(H5N1)	840	3757
NP|PP755592.1|A/cattle/Texas/24-008749-003/2024(H5N1)	841	3753
NP|PP755592.1|A/cattle/Texas/24-008749-003/2024(H5N1)	842	3756
NP|PP755592.1|A/cattle/Texas/24-008749-003/2024(H5N1)	843	3760
NP|PP755592.1|A/cattle/Texas/24-008749-003/2024(H5N1)	844	3740
NP|PP755592.1|A/cattle/Texas/24-008749-003/2024(H5N1)	845	3805
NP|PP755592.1|A/cattle/Texas/24-008749-003/2024(H5N1)	846	3817
NP|PP755592.1|A/cattle/Texas/24-008749-003/2024(H5N1)	847	3810
NP|PP755592.1|A/cattle/Texas/24-008749-003/2024(H5N1)	848	3758
NP|PP755592.1|A/cattle/Texas/24-008749-003/2024(H5N1)	849	3747
NP|PP755592.1|A/cattle/Texas/24-008749-003/2024(H5N1)	850	3917
NP|PP755592.1|A/cattle/Texas/24-008749-003/2024(H5N1)	851	3909
NP|PP755592.1|A/cattle/Texas/24-008749-003/2024(H5N1)	852	3905
NP|PP755592.1|A/cattle/Texas/24-008749-003/2024(H5N1)	853	3913
NP|PP755592.1|A/cattle/Texas/24-008749-003/2024(H5N1)	854	3853
NP|PP755592.1|A/cattle/Texas/24-008749-003/2024(H5N1)	855	3882
NP|PP755592.1|A/cattle/Texas/24-008749-003/2024(H5N1)	856	3885
NP|PP755592.1|A/cattle/Texas/24-008749-003/2024(H5N1)	857	3887
NP|PP755592.1|A/cattle/Texas/24-008749-003/2024(H5N1)	858	3887
NP|PP755592.1|A/cattle/Texas/24-008749-003/2024(H5N1)	859	3719
NP|PP755592.1|A/cattle/Texas/24-008749-003/2024(H5N1)	860	3732
NP|PP755592.1|A/cattle/Texas/24-008749-003/2024(H5N1)	861	3744
NP|PP755592.1|A/cattle/Texas/24-008749-003/2024(H5N1)	862	3842
NP|PP755592.1|A/cattle/Texas/24-008749-003/2024(H5N1)	863	3828
NP|PP755592.1|A/cattle/Texas/24-008749-003/2024(H5N1)	864	3812
NP|PP755592.1|A/cattle/Texas/24-008749-003/2024(H5N1)	865	3809
NP|PP755592.1|A/cattle/Texas/24-008749-003/2024(H5N1)	866	3790
NP|PP755592.1|A/cattle/Texas/24-008749-003/2024(H5N1)	867	3789
NP|PP755592.1|A/cattle/Texas/24-008749-003/2024(H5N1)	868	3795
NP|PP755592.1|A/cattle/Texas/24-008749-003/2024(H5N1)	869	3808
NP|PP755592.1|A/cattle/Texas/24-008749-003/2024(H5N1)	870	3820
NP|PP755592.1|A/cattle/Texas/24-008749-003/2024(H5N1)	871	3743
NP|PP755592.1|A/cattle/Texas/24-008749-003/2024(H5N1)	872	3744
NP|PP755592.1|A/cattle/Texas/24-008749-003/2024(H5N1)	873	3748
NP|PP755592.1|A/cattle/Texas/24-008749-003/2024(H5N1)	874	3749
NP|PP755592.1|A/cattle/Texas/24-008749-003/2024(H5N1)	875	3750
NP|PP755592.1|A/cattle/Texas/24-008749-003/2024(H5N1)	876	3755
NP|PP755592.1|A/cattle/Texas/24-008749-003/2024(H5N1)	877	3756
NP|PP755592.1|A/cattle/Texas/24-008749-003/2024(H5N1)	878	3778
NP|PP755592.1|A/cattle/Texas/24-008749-003/2024(H5N1)	879	3772
NP|PP755592.1|A/cattle/Texas/24-008749-003/2024(H5N1)	880	3817
NP|PP755592.1|A/cattle/Texas/24-008749-003/2024(H5N1)	881	3825
NP|PP755592.1|A/cattle/Texas/24-008749-003/2024(H5N1)	882	3826
NP|PP755592.1|A/cattle/Texas/24-008749-003/2024(H5N1)	883	3889
NP|PP755592.1|A/cattle/Texas/24-008749-003/2024(H5N1)	884	3955
NP|PP755592.1|A/cattle/Texas/24-008749-003/2024(H5N1)	885	3985
NP|PP755592.1|A/cattle/Texas/24-008749-003/2024(H5N1)	886	3988
NP|PP755592.1|A/cattle/Texas/24-008749-003/2024(H5N1)	887	3982
NP|PP755592.1|A/cattle/Texas/24-008749-003/2024(H5N1)	888	3991
NP|PP755592.1|A/cattle/Texas/24-008749-003/2024(H5N1)	889	3963
NP|PP755592.1|A/cattle/Texas/24-008749-003/2024(H5N1)	890	3938
NP|PP755592.1|A/cattle/Texas/24-008749-003/2024(H5N1)	891	3975
NP|PP755592.1|A/cattle/Texas/24-008749-003/2024(H5N1)	892	3918
NP|PP755592.1|A/cattle/Texas/24-008749-003/2024(H5N1)	893	3900
NP|PP755592.1|A/cattle/Texas/24-008749-003/2024(H5N1)	894	3930
NP|PP755592.1|A/cattle/Texas/24-008749-003/2024(H5N1)	895	3942
NP|PP755592.1|A/cattle/Texas/24-008749-003/2024(H5N1)	896	3956
NP|PP755592.1|A/cattle/Texas/24-008749-003/2024(H5N1)	897	3929
NP|PP755592.1|A/cattle/Texas/24-008749-003/2024(H5N1)	898	3920
NP|PP755592.1|A/cattle/Texas/24-008749-003/2024(H5N1)	899	4009
NP|PP755592.1|A/cattle/Texas/24-008749-003/2024(H5N1)	900	4036
NP|PP755592.1|A/cattle/Texas/24-008749-003/2024(H5N1)	901	4061
NP|PP755592.1|A/cattle/Texas/24-008749-003/2024(H5N1)	902	4063
NP|PP755592.1|A/cattle/Texas/24-008749-003/2024(H5N1)	903	3971
NP|PP755592.1|A/cattle/Texas/24-008749-003/2024(H5N1)	904	3980
NP|PP755592.1|A/cattle/Texas/24-008749-003/2024(H5N1)	905	4016
NP|PP755592.1|A/cattle/Texas/24-008749-003/2024(H5N1)	906	4022
NP|PP755592.1|A/cattle/Texas/24-008749-003/2024(H5N1)	907	4032
NP|PP755592.1|A/cattle/Texas/24-008749-003/2024(H5N1)	908	3980
NP|PP755592.1|A/cattle/Texas/24-008749-003/2024(H5N1)	909	3974
NP|PP755592.1|A/cattle/Texas/24-008749-003/2024(H5N1)	910	4008
NP|PP755592.1|A/cattle/Texas/24-008749-003/2024(H5N1)	911	4009
NP|PP755592.1|A/cattle/Texas/24-008749-003/2024(H5N1)	912	3994
NP|PP755592.1|A/cattle/Texas/24-008749-003/2024(H5N1)	913	3978
NP|PP755592.1|A/cattle/Texas/24-008749-003/2024(H5N1)	914	3977
NP|PP755592.1|A/cattle/Texas/24-008749-003/2024(H5N1)	915	3971
NP|PP755592.1|A/cattle/Texas/24-008749-003/2024(H5N1)	916	3951
NP|PP755592.1|A/cattle/Texas/24-008749-003/2024(H5N1)	917	3924
NP|PP755592.1|A/cattle/Texas/24-008749-003/2024(H5N1)	918	3946
NP|PP755592.1|A/cattle/Texas/24-008749-003/2024(H5N1)	919	4013
NP|PP755592.1|A/cattle/Texas/24-008749-003/2024(H5N1)	920	4012
NP|PP755592.1|A/cattle/Texas/24-008749-003/2024(H5N1)	921	4014
NP|PP755592.1|A/cattle/Texas/24-008749-003/2024(H5N1)	922	4013
NP|PP755592.1|A/cattle/Texas/24-008749-003/2024(H5N1)	923	4016
NP|PP755592.1|A/cattle/Texas/24-008749-003/2024(H5N1)	924	4012
NP|PP755592.1|A/cattle/Texas/24-008749-003/2024(H5N1)	925	4027
NP|PP755592.1|A/cattle/Texas/24-008749-003/2024(H5N1)	926	4009
NP|PP755592.1|A/cattle/Texas/24-008749-003/2024(H5N1)	927	4008
NP|PP755592.1|A/cattle/Texas/24-008749-003/2024(H5N1)	928	3931
NP|PP755592.1|A/cattle/Texas/24-008749-003/2024(H5N1)	929	3943
NP|PP755592.1|A/cattle/Texas/24-008749-003/2024(H5N1)	930	3948
NP|PP755592.1|A/cattle/Texas/24-008749-003/2024(H5N1)	931	3955
NP|PP755592.1|A/cattle/Texas/24-008749-003/2024(H5N1)	932	3954
NP|PP755592.1|A/cattle/Texas/24-008749-003/2024(H5N1)	933	3967
NP|PP755592.1|A/cattle/Texas/24-008749-003/2024(H5N1)	934	3984
NP|PP755592.1|A/cattle/Texas/24-008749-003/2024(H5N1)	935	4007
NP|PP755592.1|A/cattle/Texas/24-008749-003/2024(H5N1)	936	3976
NP|PP755592.1|A/cattle/Texas/24-008749-003/2024(H5N1)	937	3993
NP|PP755592.1|A/cattle/Texas/24-008749-003/2024(H5N1)	938	3989
NP|PP755592.1|A/cattle/Texas/24-008749-003/2024(H5N1)	939	3995
NP|PP755592.1|A/cattle/Texas/24-008749-003/2024(H5N1)	940	4009
NP|PP755592.1|A/cattle/Texas/24-008749-003/2024(H5N1)	941	4023
NP|PP755592.1|A/cattle/Texas/24-008749-003/2024(H5N1)	942	4014
NP|PP755592.1|A/cattle/Texas/24-008749-003/2024(H5N1)	943	4009
NP|PP755592.1|A/cattle/Texas/24-008749-003/2024(H5N1)	944	3993
NP|PP755592.1|A/cattle/Texas/24-008749-003/2024(H5N1)	945	4018
NP|PP755592.1|A/cattle/Texas/24-008749-003/2024(H5N1)	946	4018
NP|PP755592.1|A/cattle/Texas/24-008749-003/2024(H5N1)	947	4050
NP|PP755592.1|A/cattle/Texas/24-008749-003/2024(H5N1)	948	4041
NP|PP755592.1|A/cattle/Texas/24-008749-003/2024(H5N1)	949	4020
NP|PP755592.1|A/cattle/Texas/24-008749-003/2024(H5N1)	950	4011
NP|PP755592.1|A/cattle/Texas/24-008749-003/2024(H5N1)	951	4016
NP|PP755592.1|A/cattle/Texas/24-008749-003/2024(H5N1)	952	4044
NP|PP755592.1|A/cattle/Texas/24-008749-003/2024(H5N1)	953	4028
NP|PP755592.1|A/cattle/Texas/24-008749-003/2024(H5N1)	954	3959
NP|PP755592.1|A/cattle/Texas/24-008749-003/2024(H5N1)	955	3968
NP|PP755592.1|A/cattle/Texas/24-008749-003/2024(H5N1)	956	3971
NP|PP755592.1|A/cattle/Texas/24-008749-003/2024(H5N1)	957	3951
NP|PP755592.1|A/cattle/Texas/24-008749-003/2024(H5N1)	958	3953
NP|PP755592.1|A/cattle/Texas/24-008749-003/2024(H5N1)	959	3953
NP|PP755592.1|A/cattle/Texas/24-008749-003/2024(H5N1)	960	3958
NP|PP755592.1|A/cattle/Texas/24-008749-003/2024(H5N1)	961	3957
NP|PP755592.1|A/cattle/Texas/24-008749-003/2024(H5N1)	962	3964
NP|PP755592.1|A/cattle/Texas/24-008749-003/2024(H5N1)	963	3873
NP|PP755592.1|A/cattle/Texas/24-008749-003/2024(H5N1)	964	3863
NP|PP755592.1|A/cattle/Texas/24-008749-003/2024(H5N1)	965	3854
NP|PP755592.1|A/cattle/Texas/24-008749-003/2024(H5N1)	966	3755
NP|PP755592.1|A/cattle/Texas/24-008749-003/2024(H5N1)	967	3773
NP|PP755592.1|A/cattle/Texas/24-008749-003/2024(H5N1)	968	3775
NP|PP755592.1|A/cattle/Texas/24-008749-003/2024(H5N1)	969	3773
NP|PP755592.1|A/cattle/Texas/24-008749-003/2024(H5N1)	970	3800
NP|PP755592.1|A/cattle/Texas/24-008749-003/2024(H5N1)	971	3794
NP|PP755592.1|A/cattle/Texas/24-008749-003/2024(H5N1)	972	3797
NP|PP755592.1|A/cattle/Texas/24-008749-003/2024(H5N1)	973	3785
NP|PP755592.1|A/cattle/Texas/24-008749-003/2024(H5N1)	974	3767
NP|PP755592.1|A/cattle/Texas/24-008749-003/2024(H5N1)	975	3781
NP|PP755592.1|A/cattle/Texas/24-008749-003/2024(H5N1)	976	3763
NP|PP755592.1|A/cattle/Texas/24-008749-003/2024(H5N1)	977	3766
NP|PP755592.1|A/cattle/Texas/24-008749-003/2024(H5N1)	978	3779
NP|PP755592.1|A/cattle/Texas/24-008749-003/2024(H5N1)	979	3777
NP|PP755592.1|A/cattle/Texas/24-008749-003/2024(H5N1)	980	3776
NP|PP755592.1|A/cattle/Texas/24-008749-003/2024(H5N1)	981	3786
NP|PP755592.1|A/cattle/Texas/24-008749-003/2024(H5N1)	982	3798
NP|PP755592.1|A/cattle/Texas/24-008749-003/2024(H5N1)	983	3805
NP|PP755592.1|A/cattle/Texas/24-008749-003/2024(H5N1)	984	3928
NP|PP755592.1|A/cattle/Texas/24-008749-003/2024(H5N1)	985	3938
NP|PP755592.1|A/cattle/Texas/24-008749-003/2024(H5N1)	986	4008
NP|PP755592.1|A/cattle/Texas/24-008749-003/2024(H5N1)	987	4012
NP|PP755592.1|A/cattle/Texas/24-008749-003/2024(H5N1)	988	4033
NP|PP755592.1|A/cattle/Texas/24-008749-003/2024(H5N1)	989	4046
NP|PP755592.1|A/cattle/Texas/24-008749-003/2024(H5N1)	990	4046
NP|PP755592.1|A/cattle/Texas/24-008749-003/2024(H5N1)	991	4034
NP|PP755592.1|A/cattle/Texas/24-008749-003/2024(H5N1)	992	4037
NP|PP755592.1|A/cattle/Texas/24-008749-003/2024(H5N1)	993	3910
NP|PP755592.1|A/cattle/Texas/24-008749-003/2024(H5N1)	994	3999
NP|PP755592.1|A/cattle/Texas/24-008749-003/2024(H5N1)	995	3999
NP|PP755592.1|A/cattle/Texas/24-008749-003/2024(H5N1)	996	4027
NP|PP755592.1|A/cattle/Texas/24-008749-003/2024(H5N1)	997	4027
NP|PP755592.1|A/cattle/Texas/24-008749-003/2024(H5N1)	998	4019
NP|PP755592.1|A/cattle/Texas/24-008749-003/2024(H5N1)	999	4101
NP|PP755592.1|A/cattle/Texas/24-008749-003/2024(H5N1)	1000	4094
NP|PP755592.1|A/cattle/Texas/24-008749-003/2024(H5N1)	1001	4109
NP|PP755592.1|A/cattle/Texas/24-008749-003/2024(H5N1)	1002	4120
NP|PP755592.1|A/cattle/Texas/24-008749-003/2024(H5N1)	1003	4074
NP|PP755592.1|A/cattle/Texas/24-008749-003/2024(H5N1)	1004	4075
NP|PP755592.1|A/cattle/Texas/24-008749-003/2024(H5N1)	1005	4033
NP|PP755592.1|A/cattle/Texas/24-008749-003/2024(H5N1)	1006	4035
NP|PP755592.1|A/cattle/Texas/24-008749-003/2024(H5N1)	1007	4035
NP|PP755592.1|A/cattle/Texas/24-008749-003/2024(H5N1)	1008	4024
NP|PP755592.1|A/cattle/Texas/24-008749-003/2024(H5N1)	1009	4042
NP|PP755592.1|A/cattle/Texas/24-008749-003/2024(H5N1)	1010	4024
NP|PP755592.1|A/cattle/Texas/24-008749-003/2024(H5N1)	1011	4029
NP|PP755592.1|A/cattle/Texas/24-008749-003/2024(H5N1)	1012	4032
NP|PP755592.1|A/cattle/Texas/24-008749-003/2024(H5N1)	1013	4044
NP|PP755592.1|A/cattle/Texas/24-008749-003/2024(H5N1)	1014	4035
NP|PP755592.1|A/cattle/Texas/24-008749-003/2024(H5N1)	1015	4038
NP|PP755592.1|A/cattle/Texas/24-008749-003/2024(H5N1)	1016	4044
NP|PP755592.1|A/cattle/Texas/24-008749-003/2024(H5N1)	1017	4067
NP|PP755592.1|A/cattle/Texas/24-008749-003/2024(H5N1)	1018	4075
NP|PP755592.1|A/cattle/Texas/24-008749-003/2024(H5N1)	1019	4110
NP|PP755592.1|A/cattle/Texas/24-008749-003/2024(H5N1)	1020	4110
NP|PP755592.1|A/cattle/Texas/24-008749-003/2024(H5N1)	1021	4090
NP|PP755592.1|A/cattle/Texas/24-008749-003/2024(H5N1)	1022	4089
NP|PP755592.1|A/cattle/Texas/24-008749-003/2024(H5N1)	1023	4089
NP|PP755592.1|A/cattle/Texas/24-008749-003/2024(H5N1)	1024	4104
NP|PP755592.1|A/cattle/Texas/24-008749-003/2024(H5N1)	1025	4105
NP|PP755592.1|A/cattle/Texas/24-008749-003/2024(H5N1)	1026	4100
NP|PP755592.1|A/cattle/Texas/24-008749-003/2024(H5N1)	1027	4125
NP|PP755592.1|A/cattle/Texas/24-008749-003/2024(H5N1)	1028	4087
NP|PP755592.1|A/cattle/Texas/24-008749-003/2024(H5N1)	1029	4094
NP|PP755592.1|A/cattle/Texas/24-008749-003/2024(H5N1)	1030	4112
NP|PP755592.1|A/cattle/Texas/24-008749-003/2024(H5N1)	1031	4098
NP|PP755592.1|A/cattle/Texas/24-008749-003/2024(H5N1)	1032	4095
NP|PP755592.1|A/cattle/Texas/24-008749-003/2024(H5N1)	1033	4074
NP|PP755592.1|A/cattle/Texas/24-008749-003/2024(H5N1)	1034	4005
NP|PP755592.1|A/cattle/Texas/24-008749-003/2024(H5N1)	1035	4029
NP|PP755592.1|A/cattle/Texas/24-008749-003/2024(H5N1)	1036	3993
NP|PP755592.1|A/cattle/Texas/24-008749-003/2024(H5N1)	1037	3996
NP|PP755592.1|A/cattle/Texas/24-008749-003/2024(H5N1)	1038	3928
NP|PP755592.1|A/cattle/Texas/24-008749-003/2024(H5N1)	1039	3927
NP|PP755592.1|A/cattle/Texas/24-008749-003/2024(H5N1)	1040	3935
NP|PP755592.1|A/cattle/Texas/24-008749-003/2024(H5N1)	1041	3924
NP|PP755592.1|A/cattle/Texas/24-008749-003/2024(H5N1)	1042	3899
NP|PP755592.1|A/cattle/Texas/24-008749-003/2024(H5N1)	1043	3868
NP|PP755592.1|A/cattle/Texas/24-008749-003/2024(H5N1)	1044	3843
NP|PP755592.1|A/cattle/Texas/24-008749-003/2024(H5N1)	1045	3828
NP|PP755592.1|A/cattle/Texas/24-008749-003/2024(H5N1)	1046	3871
NP|PP755592.1|A/cattle/Texas/24-008749-003/2024(H5N1)	1047	3929
NP|PP755592.1|A/cattle/Texas/24-008749-003/2024(H5N1)	1048	3972
NP|PP755592.1|A/cattle/Texas/24-008749-003/2024(H5N1)	1049	3972
NP|PP755592.1|A/cattle/Texas/24-008749-003/2024(H5N1)	1050	3972
NP|PP755592.1|A/cattle/Texas/24-008749-003/2024(H5N1)	1051	3962
NP|PP755592.1|A/cattle/Texas/24-008749-003/2024(H5N1)	1052	4035
NP|PP755592.1|A/cattle/Texas/24-008749-003/2024(H5N1)	1053	4035
NP|PP755592.1|A/cattle/Texas/24-008749-003/2024(H5N1)	1054	4006
NP|PP755592.1|A/cattle/Texas/24-008749-003/2024(H5N1)	1055	3992
NP|PP755592.1|A/cattle/Texas/24-008749-003/2024(H5N1)	1056	3894
NP|PP755592.1|A/cattle/Texas/24-008749-003/2024(H5N1)	1057	3907
NP|PP755592.1|A/cattle/Texas/24-008749-003/2024(H5N1)	1058	3898
NP|PP755592.1|A/cattle/Texas/24-008749-003/2024(H5N1)	1059	3902
NP|PP755592.1|A/cattle/Texas/24-008749-003/2024(H5N1)	1060	3911
NP|PP755592.1|A/cattle/Texas/24-008749-003/2024(H5N1)	1061	3810
NP|PP755592.1|A/cattle/Texas/24-008749-003/2024(H5N1)	1062	3810
NP|PP755592.1|A/cattle/Texas/24-008749-003/2024(H5N1)	1063	3804
NP|PP755592.1|A/cattle/Texas/24-008749-003/2024(H5N1)	1064	3867
NP|PP755592.1|A/cattle/Texas/24-008749-003/2024(H5N1)	1065	3813
NP|PP755592.1|A/cattle/Texas/24-008749-003/2024(H5N1)	1066	3815
NP|PP755592.1|A/cattle/Texas/24-008749-003/2024(H5N1)	1067	3811
NP|PP755592.1|A/cattle/Texas/24-008749-003/2024(H5N1)	1068	3840
NP|PP755592.1|A/cattle/Texas/24-008749-003/2024(H5N1)	1069	3826
NP|PP755592.1|A/cattle/Texas/24-008749-003/2024(H5N1)	1070	3812
NP|PP755592.1|A/cattle/Texas/24-008749-003/2024(H5N1)	1071	3822
NP|PP755592.1|A/cattle/Texas/24-008749-003/2024(H5N1)	1072	3824
NP|PP755592.1|A/cattle/Texas/24-008749-003/2024(H5N1)	1073	3762
NP|PP755592.1|A/cattle/Texas/24-008749-003/2024(H5N1)	1074	3801
NP|PP755592.1|A/cattle/Texas/24-008749-003/2024(H5N1)	1075	3817
NP|PP755592.1|A/cattle/Texas/24-008749-003/2024(H5N1)	1076	3818
NP|PP755592.1|A/cattle/Texas/24-008749-003/2024(H5N1)	1077	3875
NP|PP755592.1|A/cattle/Texas/24-008749-003/2024(H5N1)	1078	3858
NP|PP755592.1|A/cattle/Texas/24-008749-003/2024(H5N1)	1079	3873
NP|PP755592.1|A/cattle/Texas/24-008749-003/2024(H5N1)	1080	3860
NP|PP755592.1|A/cattle/Texas/24-008749-003/2024(H5N1)	1081	3838
NP|PP755592.1|A/cattle/Texas/24-008749-003/2024(H5N1)	1082	3862
NP|PP755592.1|A/cattle/Texas/24-008749-003/2024(H5N1)	1083	3850
NP|PP755592.1|A/cattle/Texas/24-008749-003/2024(H5N1)	1084	3853
NP|PP755592.1|A/cattle/Texas/24-008749-003/2024(H5N1)	1085	3856
NP|PP755592.1|A/cattle/Texas/24-008749-003/2024(H5N1)	1086	3788
NP|PP755592.1|A/cattle/Texas/24-008749-003/2024(H5N1)	1087	3827
NP|PP755592.1|A/cattle/Texas/24-008749-003/2024(H5N1)	1088	3839
NP|PP755592.1|A/cattle/Texas/24-008749-003/2024(H5N1)	1089	3847
NP|PP755592.1|A/cattle/Texas/24-008749-003/2024(H5N1)	1090	3803
NP|PP755592.1|A/cattle/Texas/24-008749-003/2024(H5N1)	1091	3784
NP|PP755592.1|A/cattle/Texas/24-008749-003/2024(H5N1)	1092	3787
NP|PP755592.1|A/cattle/Texas/24-008749-003/2024(H5N1)	1093	3805
NP|PP755592.1|A/cattle/Texas/24-008749-003/2024(H5N1)	1094	3796
NP|PP755592.1|A/cattle/Texas/24-008749-003/2024(H5N1)	1095	3789
NP|PP755592.1|A/cattle/Texas/24-008749-003/2024(H5N1)	1096	3706
NP|PP755592.1|A/cattle/Texas/24-008749-003/2024(H5N1)	1097	3710
NP|PP755592.1|A/cattle/Texas/24-008749-003/2024(H5N1)	1098	3712
NP|PP755592.1|A/cattle/Texas/24-008749-003/2024(H5N1)	1099	3711
NP|PP755592.1|A/cattle/Texas/24-008749-003/2024(H5N1)	1100	3580
NP|PP755592.1|A/cattle/Texas/24-008749-003/2024(H5N1)	1101	3573
NP|PP755592.1|A/cattle/Texas/24-008749-003/2024(H5N1)	1102	3580
NP|PP755592.1|A/cattle/Texas/24-008749-003/2024(H5N1)	1103	3586
NP|PP755592.1|A/cattle/Texas/24-008749-003/2024(H5N1)	1104	3581
NP|PP755592.1|A/cattle/Texas/24-008749-003/2024(H5N1)	1105	3578
NP|PP755592.1|A/cattle/Texas/24-008749-003/2024(H5N1)	1106	3559
NP|PP755592.1|A/cattle/Texas/24-008749-003/2024(H5N1)	1107	3555
NP|PP755592.1|A/cattle/Texas/24-008749-003/2024(H5N1)	1108	3572
NP|PP755592.1|A/cattle/Texas/24-008749-003/2024(H5N1)	1109	3572
NP|PP755592.1|A/cattle/Texas/24-008749-003/2024(H5N1)	1110	3588
NP|PP755592.1|A/cattle/Texas/24-008749-003/2024(H5N1)	1111	3570
NP|PP755592.1|A/cattle/Texas/24-008749-003/2024(H5N1)	1112	3569
NP|PP755592.1|A/cattle/Texas/24-008749-003/2024(H5N1)	1113	3502
NP|PP755592.1|A/cattle/Texas/24-008749-003/2024(H5N1)	1114	3518
NP|PP755592.1|A/cattle/Texas/24-008749-003/2024(H5N1)	1115	3559
NP|PP755592.1|A/cattle/Texas/24-008749-003/2024(H5N1)	1116	3562
NP|PP755592.1|A/cattle/Texas/24-008749-003/2024(H5N1)	1117	3566
NP|PP755592.1|A/cattle/Texas/24-008749-003/2024(H5N1)	1118	3596
NP|PP755592.1|A/cattle/Texas/24-008749-003/2024(H5N1)	1119	3565
NP|PP755592.1|A/cattle/Texas/24-008749-003/2024(H5N1)	1120	3577
NP|PP755592.1|A/cattle/Texas/24-008749-003/2024(H5N1)	1121	3568
NP|PP755592.1|A/cattle/Texas/24-008749-003/2024(H5N1)	1122	3573
NP|PP755592.1|A/cattle/Texas/24-008749-003/2024(H5N1)	1123	3576
NP|PP755592.1|A/cattle/Texas/24-008749-003/2024(H5N1)	1124	3570
NP|PP755592.1|A/cattle/Texas/24-008749-003/2024(H5N1)	1125	3646
NP|PP755592.1|A/cattle/Texas/24-008749-003/2024(H5N1)	1126	3643
NP|PP755592.1|A/cattle/Texas/24-008749-003/2024(H5N1)	1127	3654
NP|PP755592.1|A/cattle/Texas/24-008749-003/2024(H5N1)	1128	3648
NP|PP755592.1|A/cattle/Texas/24-008749-003/2024(H5N1)	1129	3632
NP|PP755592.1|A/cattle/Texas/24-008749-003/2024(H5N1)	1130	3640
NP|PP755592.1|A/cattle/Texas/24-008749-003/2024(H5N1)	1131	3653
NP|PP755592.1|A/cattle/Texas/24-008749-003/2024(H5N1)	1132	3649
NP|PP755592.1|A/cattle/Texas/24-008749-003/2024(H5N1)	1133	3684
NP|PP755592.1|A/cattle/Texas/24-008749-003/2024(H5N1)	1134	3584
NP|PP755592.1|A/cattle/Texas/24-008749-003/2024(H5N1)	1135	3600
NP|PP755592.1|A/cattle/Texas/24-008749-003/2024(H5N1)	1136	3566
NP|PP755592.1|A/cattle/Texas/24-008749-003/2024(H5N1)	1137	3595
NP|PP755592.1|A/cattle/Texas/24-008749-003/2024(H5N1)	1138	3606
NP|PP755592.1|A/cattle/Texas/24-008749-003/2024(H5N1)	1139	3584
NP|PP755592.1|A/cattle/Texas/24-008749-003/2024(H5N1)	1140	3584
NP|PP755592.1|A/cattle/Texas/24-008749-003/2024(H5N1)	1141	3588
NP|PP755592.1|A/cattle/Texas/24-008749-003/2024(H5N1)	1142	3496
NP|PP755592.1|A/cattle/Texas/24-008749-003/2024(H5N1)	1143	3532
NP|PP755592.1|A/cattle/Texas/24-008749-003/2024(H5N1)	1144	3519
NP|PP755592.1|A/cattle/Texas/24-008749-003/2024(H5N1)	1145	3517
NP|PP755592.1|A/cattle/Texas/24-008749-003/2024(H5N1)	1146	3643
NP|PP755592.1|A/cattle/Texas/24-008749-003/2024(H5N1)	1147	3645
NP|PP755592.1|A/cattle/Texas/24-008749-003/2024(H5N1)	1148	3669
NP|PP755592.1|A/cattle/Texas/24-008749-003/2024(H5N1)	1149	3628
NP|PP755592.1|A/cattle/Texas/24-008749-003/2024(H5N1)	1150	3592
NP|PP755592.1|A/cattle/Texas/24-008749-003/2024(H5N1)	1151	3602
NP|PP755592.1|A/cattle/Texas/24-008749-003/2024(H5N1)	1152	3639
NP|PP755592.1|A/cattle/Texas/24-008749-003/2024(H5N1)	1153	3640
NP|PP755592.1|A/cattle/Texas/24-008749-003/2024(H5N1)	1154	3633
NP|PP755592.1|A/cattle/Texas/24-008749-003/2024(H5N1)	1155	3612
NP|PP755592.1|A/cattle/Texas/24-008749-003/2024(H5N1)	1156	3559
NP|PP755592.1|A/cattle/Texas/24-008749-003/2024(H5N1)	1157	3577
NP|PP755592.1|A/cattle/Texas/24-008749-003/2024(H5N1)	1158	3588
NP|PP755592.1|A/cattle/Texas/24-008749-003/2024(H5N1)	1159	3573
NP|PP755592.1|A/cattle/Texas/24-008749-003/2024(H5N1)	1160	3576
NP|PP755592.1|A/cattle/Texas/24-008749-003/2024(H5N1)	1161	3525
NP|PP755592.1|A/cattle/Texas/24-008749-003/2024(H5N1)	1162	3535
NP|PP755592.1|A/cattle/Texas/24-008749-003/2024(H5N1)	1163	3534
NP|PP755592.1|A/cattle/Texas/24-008749-003/2024(H5N1)	1164	3531
NP|PP755592.1|A/cattle/Texas/24-008749-003/2024(H5N1)	1165	3530
NP|PP755592.1|A/cattle/Texas/24-008749-003/2024(H5N1)	1166	3523
NP|PP755592.1|A/cattle/Texas/24-008749-003/2024(H5N1)	1167	3514
NP|PP755592.1|A/cattle/Texas/24-008749-003/2024(H5N1)	1168	3510
NP|PP755592.1|A/cattle/Texas/24-008749-003/2024(H5N1)	1169	3458
NP|PP755592.1|A/cattle/Texas/24-008749-003/2024(H5N1)	1170	3459
NP|PP755592.1|A/cattle/Texas/24-008749-003/2024(H5N1)	1171	3458
NP|PP755592.1|A/cattle/Texas/24-008749-003/2024(H5N1)	1172	3458
NP|PP755592.1|A/cattle/Texas/24-008749-003/2024(H5N1)	1173	3462
NP|PP755592.1|A/cattle/Texas/24-008749-003/2024(H5N1)	1174	3460
NP|PP755592.1|A/cattle/Texas/24-008749-003/2024(H5N1)	1175	3475
NP|PP755592.1|A/cattle/Texas/24-008749-003/2024(H5N1)	1176	3484
NP|PP755592.1|A/cattle/Texas/24-008749-003/2024(H5N1)	1177	3482
NP|PP755592.1|A/cattle/Texas/24-008749-003/2024(H5N1)	1178	3497
NP|PP755592.1|A/cattle/Texas/24-008749-003/2024(H5N1)	1179	3496
NP|PP755592.1|A/cattle/Texas/24-008749-003/2024(H5N1)	1180	3495
NP|PP755592.1|A/cattle/Texas/24-008749-003/2024(H5N1)	1181	3501
NP|PP755592.1|A/cattle/Texas/24-008749-003/2024(H5N1)	1182	3500
NP|PP755592.1|A/cattle/Texas/24-008749-003/2024(H5N1)	1183	3502
NP|PP755592.1|A/cattle/Texas/24-008749-003/2024(H5N1)	1184	3506
NP|PP755592.1|A/cattle/Texas/24-008749-003/2024(H5N1)	1185	3507
NP|PP755592.1|A/cattle/Texas/24-008749-003/2024(H5N1)	1186	3505
NP|PP755592.1|A/cattle/Texas/24-008749-003/2024(H5N1)	1187	3508
NP|PP755592.1|A/cattle/Texas/24-008749-003/2024(H5N1)	1188	3480
NP|PP755592.1|A/cattle/Texas/24-008749-003/2024(H5N1)	1189	3550
NP|PP755592.1|A/cattle/Texas/24-008749-003/2024(H5N1)	1190	3556
NP|PP755592.1|A/cattle/Texas/24-008749-003/2024(H5N1)	1191	3660
NP|PP755592.1|A/cattle/Texas/24-008749-003/2024(H5N1)	1192	3660
NP|PP755592.1|A/cattle/Texas/24-008749-003/2024(H5N1)	1193	3655
NP|PP755592.1|A/cattle/Texas/24-008749-003/2024(H5N1)	1194	3669
NP|PP755592.1|A/cattle/Texas/24-008749-003/2024(H5N1)	1195	3618
NP|PP755592.1|A/cattle/Texas/24-008749-003/2024(H5N1)	1196	3600
NP|PP755592.1|A/cattle/Texas/24-008749-003/2024(H5N1)	1197	3603
NP|PP755592.1|A/cattle/Texas/24-008749-003/2024(H5N1)	1198	3548
NP|PP755592.1|A/cattle/Texas/24-008749-003/2024(H5N1)	1199	3560
NP|PP755592.1|A/cattle/Texas/24-008749-003/2024(H5N1)	1200	3543
NP|PP755592.1|A/cattle/Texas/24-008749-003/2024(H5N1)	1201	3544
NP|PP755592.1|A/cattle/Texas/24-008749-003/2024(H5N1)	1202	3580
NP|PP755592.1|A/cattle/Texas/24-008749-003/2024(H5N1)	1203	3564
NP|PP755592.1|A/cattle/Texas/24-008749-003/2024(H5N1)	1204	3569
NP|PP755592.1|A/cattle/Texas/24-008749-003/2024(H5N1)	1205	3597
NP|PP755592.1|A/cattle/Texas/24-008749-003/2024(H5N1)	1206	3595
NP|PP755592.1|A/cattle/Texas/24-008749-003/2024(H5N1)	1207	3595
NP|PP755592.1|A/cattle/Texas/24-008749-003/2024(H5N1)	1208	3595
NP|PP755592.1|A/cattle/Texas/24-008749-003/2024(H5N1)	1209	3581
NP|PP755592.1|A/cattle/Texas/24-008749-003/2024(H5N1)	1210	3619
NP|PP755592.1|A/cattle/Texas/24-008749-003/2024(H5N1)	1211	3615
NP|PP755592.1|A/cattle/Texas/24-008749-003/2024(H5N1)	1212	3623
NP|PP755592.1|A/cattle/Texas/24-008749-003/2024(H5N1)	1213	3626
NP|PP755592.1|A/cattle/Texas/24-008749-003/2024(H5N1)	1214	3594
NP|PP755592.1|A/cattle/Texas/24-008749-003/2024(H5N1)	1215	3611
NP|PP755592.1|A/cattle/Texas/24-008749-003/2024(H5N1)	1216	3608
NP|PP755592.1|A/cattle/Texas/24-008749-003/2024(H5N1)	1217	3625
NP|PP755592.1|A/cattle/Texas/24-008749-003/2024(H5N1)	1218	3617
NP|PP755592.1|A/cattle/Texas/24-008749-003/2024(H5N1)	1219	3558
NP|PP755592.1|A/cattle/Texas/24-008749-003/2024(H5N1)	1220	3581
NP|PP755592.1|A/cattle/Texas/24-008749-003/2024(H5N1)	1221	3561
NP|PP755592.1|A/cattle/Texas/24-008749-003/2024(H5N1)	1222	3572
NP|PP755592.1|A/cattle/Texas/24-008749-003/2024(H5N1)	1223	3580
NP|PP755592.1|A/cattle/Texas/24-008749-003/2024(H5N1)	1224	3562
NP|PP755592.1|A/cattle/Texas/24-008749-003/2024(H5N1)	1225	3562
NP|PP755592.1|A/cattle/Texas/24-008749-003/2024(H5N1)	1226	3533
NP|PP755592.1|A/cattle/Texas/24-008749-003/2024(H5N1)	1227	3587
NP|PP755592.1|A/cattle/Texas/24-008749-003/2024(H5N1)	1228	3624
NP|PP755592.1|A/cattle/Texas/24-008749-003/2024(H5N1)	1229	3600
NP|PP755592.1|A/cattle/Texas/24-008749-003/2024(H5N1)	1230	3614
NP|PP755592.1|A/cattle/Texas/24-008749-003/2024(H5N1)	1231	3609
NP|PP755592.1|A/cattle/Texas/24-008749-003/2024(H5N1)	1232	3621
NP|PP755592.1|A/cattle/Texas/24-008749-003/2024(H5N1)	1233	3782
NP|PP755592.1|A/cattle/Texas/24-008749-003/2024(H5N1)	1234	3775
NP|PP755592.1|A/cattle/Texas/24-008749-003/2024(H5N1)	1235	3774
NP|PP755592.1|A/cattle/Texas/24-008749-003/2024(H5N1)	1236	3751
NP|PP755592.1|A/cattle/Texas/24-008749-003/2024(H5N1)	1237	3668
NP|PP755592.1|A/cattle/Texas/24-008749-003/2024(H5N1)	1238	3675
NP|PP755592.1|A/cattle/Texas/24-008749-003/2024(H5N1)	1239	3620
NP|PP755592.1|A/cattle/Texas/24-008749-003/2024(H5N1)	1240	3691
NP|PP755592.1|A/cattle/Texas/24-008749-003/2024(H5N1)	1241	3795
NP|PP755592.1|A/cattle/Texas/24-008749-003/2024(H5N1)	1242	3823
NP|PP755592.1|A/cattle/Texas/24-008749-003/2024(H5N1)	1243	3816
NP|PP755592.1|A/cattle/Texas/24-008749-003/2024(H5N1)	1244	3755
NP|PP755592.1|A/cattle/Texas/24-008749-003/2024(H5N1)	1245	3729
NP|PP755592.1|A/cattle/Texas/24-008749-003/2024(H5N1)	1246	3785
NP|PP755592.1|A/cattle/Texas/24-008749-003/2024(H5N1)	1247	3770
NP|PP755592.1|A/cattle/Texas/24-008749-003/2024(H5N1)	1248	3768
NP|PP755592.1|A/cattle/Texas/24-008749-003/2024(H5N1)	1249	3657
NP|PP755592.1|A/cattle/Texas/24-008749-003/2024(H5N1)	1250	3652
NP|PP755592.1|A/cattle/Texas/24-008749-003/2024(H5N1)	1251	3646
NP|PP755592.1|A/cattle/Texas/24-008749-003/2024(H5N1)	1252	3636
NP|PP755592.1|A/cattle/Texas/24-008749-003/2024(H5N1)	1253	3618
NP|PP755592.1|A/cattle/Texas/24-008749-003/2024(H5N1)	1254	3604
NP|PP755592.1|A/cattle/Texas/24-008749-003/2024(H5N1)	1255	3616
NP|PP755592.1|A/cattle/Texas/24-008749-003/2024(H5N1)	1256	3602
NP|PP755592.1|A/cattle/Texas/24-008749-003/2024(H5N1)	1257	3615
NP|PP755592.1|A/cattle/Texas/24-008749-003/2024(H5N1)	1258	3626
NP|PP755592.1|A/cattle/Texas/24-008749-003/2024(H5N1)	1259	3640
NP|PP755592.1|A/cattle/Texas/24-008749-003/2024(H5N1)	1260	3628
NP|PP755592.1|A/cattle/Texas/24-008749-003/2024(H5N1)	1261	3628
NP|PP755592.1|A/cattle/Texas/24-008749-003/2024(H5N1)	1262	3626
NP|PP755592.1|A/cattle/Texas/24-008749-003/2024(H5N1)	1263	3623
NP|PP755592.1|A/cattle/Texas/24-008749-003/2024(H5N1)	1264	3595
NP|PP755592.1|A/cattle/Texas/24-008749-003/2024(H5N1)	1265	3617
NP|PP755592.1|A/cattle/Texas/24-008749-003/2024(H5N1)	1266	3649
NP|PP755592.1|A/cattle/Texas/24-008749-003/2024(H5N1)	1267	3652
NP|PP755592.1|A/cattle/Texas/24-008749-003/2024(H5N1)	1268	3628
NP|PP755592.1|A/cattle/Texas/24-008749-003/2024(H5N1)	1269	3916
NP|PP755592.1|A/cattle/Texas/24-008749-003/2024(H5N1)	1270	3892
NP|PP755592.1|A/cattle/Texas/24-008749-003/2024(H5N1)	1271	3920
NP|PP755592.1|A/cattle/Texas/24-008749-003/2024(H5N1)	1272	3936
NP|PP755592.1|A/cattle/Texas/24-008749-003/2024(H5N1)	1273	3947
NP|PP755592.1|A/cattle/Texas/24-008749-003/2024(H5N1)	1274	3957
NP|PP755592.1|A/cattle/Texas/24-008749-003/2024(H5N1)	1275	3943
NP|PP755592.1|A/cattle/Texas/24-008749-003/2024(H5N1)	1276	3929
NP|PP755592.1|A/cattle/Texas/24-008749-003/2024(H5N1)	1277	3929
NP|PP755592.1|A/cattle/Texas/24-008749-003/2024(H5N1)	1278	3909
NP|PP755592.1|A/cattle/Texas/24-008749-003/2024(H5N1)	1279	3905
NP|PP755592.1|A/cattle/Texas/24-008749-003/2024(H5N1)	1280	3897
NP|PP755592.1|A/cattle/Texas/24-008749-003/2024(H5N1)	1281	3863
NP|PP755592.1|A/cattle/Texas/24-008749-003/2024(H5N1)	1282	3867
NP|PP755592.1|A/cattle/Texas/24-008749-003/2024(H5N1)	1283	3860
NP|PP755592.1|A/cattle/Texas/24-008749-003/2024(H5N1)	1284	3861
NP|PP755592.1|A/cattle/Texas/24-008749-003/2024(H5N1)	1285	3862
NP|PP755592.1|A/cattle/Texas/24-008749-003/2024(H5N1)	1286	3839
NP|PP755592.1|A/cattle/Texas/24-008749-003/2024(H5N1)	1287	3838
NP|PP755592.1|A/cattle/Texas/24-008749-003/2024(H5N1)	1288	3836
NP|PP755592.1|A/cattle/Texas/24-008749-003/2024(H5N1)	1289	3834
NP|PP755592.1|A/cattle/Texas/24-008749-003/2024(H5N1)	1290	3832
NP|PP755592.1|A/cattle/Texas/24-008749-003/2024(H5N1)	1291	3821
NP|PP755592.1|A/cattle/Texas/24-008749-003/2024(H5N1)	1292	3814
NP|PP755592.1|A/cattle/Texas/24-008749-003/2024(H5N1)	1293	3804
NP|PP755592.1|A/cattle/Texas/24-008749-003/2024(H5N1)	1294	3798
NP|PP755592.1|A/cattle/Texas/24-008749-003/2024(H5N1)	1295	3815
NP|PP755592.1|A/cattle/Texas/24-008749-003/2024(H5N1)	1296	3785
NP|PP755592.1|A/cattle/Texas/24-008749-003/2024(H5N1)	1297	3788
NP|PP755592.1|A/cattle/Texas/24-008749-003/2024(H5N1)	1298	3744
NP|PP755592.1|A/cattle/Texas/24-008749-003/2024(H5N1)	1299	3684
NP|PP755592.1|A/cattle/Texas/24-008749-003/2024(H5N1)	1300	3683
NP|PP755592.1|A/cattle/Texas/24-008749-003/2024(H5N1)	1301	3681
NP|PP755592.1|A/cattle/Texas/24-008749-003/2024(H5N1)	1302	3715
NP|PP755592.1|A/cattle/Texas/24-008749-003/2024(H5N1)	1303	3663
NP|PP755592.1|A/cattle/Texas/24-008749-003/2024(H5N1)	1304	3636
NP|PP755592.1|A/cattle/Texas/24-008749-003/2024(H5N1)	1305	3628
NP|PP755592.1|A/cattle/Texas/24-008749-003/2024(H5N1)	1306	3615
NP|PP755592.1|A/cattle/Texas/24-008749-003/2024(H5N1)	1307	3613
NP|PP755592.1|A/cattle/Texas/24-008749-003/2024(H5N1)	1308	3602
NP|PP755592.1|A/cattle/Texas/24-008749-003/2024(H5N1)	1309	3603
NP|PP755592.1|A/cattle/Texas/24-008749-003/2024(H5N1)	1310	3609
NP|PP755592.1|A/cattle/Texas/24-008749-003/2024(H5N1)	1311	3581
NP|PP755592.1|A/cattle/Texas/24-008749-003/2024(H5N1)	1312	3580
NP|PP755592.1|A/cattle/Texas/24-008749-003/2024(H5N1)	1313	3577
NP|PP755592.1|A/cattle/Texas/24-008749-003/2024(H5N1)	1314	3575
NP|PP755592.1|A/cattle/Texas/24-008749-003/2024(H5N1)	1315	3532
NP|PP755592.1|A/cattle/Texas/24-008749-003/2024(H5N1)	1316	3519
NP|PP755592.1|A/cattle/Texas/24-008749-003/2024(H5N1)	1317	3525
NP|PP755592.1|A/cattle/Texas/24-008749-003/2024(H5N1)	1318	3513
NP|PP755592.1|A/cattle/Texas/24-008749-003/2024(H5N1)	1319	3470
NP|PP755592.1|A/cattle/Texas/24-008749-003/2024(H5N1)	1320	3462
NP|PP755592.1|A/cattle/Texas/24-008749-003/2024(H5N1)	1321	3456
NP|PP755592.1|A/cattle/Texas/24-008749-003/2024(H5N1)	1322	3473
NP|PP755592.1|A/cattle/Texas/24-008749-003/2024(H5N1)	1323	3457
NP|PP755592.1|A/cattle/Texas/24-008749-003/2024(H5N1)	1324	3456
NP|PP755592.1|A/cattle/Texas/24-008749-003/2024(H5N1)	1325	3401
NP|PP755592.1|A/cattle/Texas/24-008749-003/2024(H5N1)	1326	3336
NP|PP755592.1|A/cattle/Texas/24-008749-003/2024(H5N1)	1327	3344
NP|PP755592.1|A/cattle/Texas/24-008749-003/2024(H5N1)	1328	3322
NP|PP755592.1|A/cattle/Texas/24-008749-003/2024(H5N1)	1329	3329
NP|PP755592.1|A/cattle/Texas/24-008749-003/2024(H5N1)	1330	3325
NP|PP755592.1|A/cattle/Texas/24-008749-003/2024(H5N1)	1331	3307
NP|PP755592.1|A/cattle/Texas/24-008749-003/2024(H5N1)	1332	3308
NP|PP755592.1|A/cattle/Texas/24-008749-003/2024(H5N1)	1333	3307
NP|PP755592.1|A/cattle/Texas/24-008749-003/2024(H5N1)	1334	3304
NP|PP755592.1|A/cattle/Texas/24-008749-003/2024(H5N1)	1335	3301
NP|PP755592.1|A/cattle/Texas/24-008749-003/2024(H5N1)	1336	3296
NP|PP755592.1|A/cattle/Texas/24-008749-003/2024(H5N1)	1337	3291
NP|PP755592.1|A/cattle/Texas/24-008749-003/2024(H5N1)	1338	3239
NP|PP755592.1|A/cattle/Texas/24-008749-003/2024(H5N1)	1339	3232
NP|PP755592.1|A/cattle/Texas/24-008749-003/2024(H5N1)	1340	3214
NP|PP755592.1|A/cattle/Texas/24-008749-003/2024(H5N1)	1341	3184
NP|PP755592.1|A/cattle/Texas/24-008749-003/2024(H5N1)	1342	3184
NP|PP755592.1|A/cattle/Texas/24-008749-003/2024(H5N1)	1343	3183
NP|PP755592.1|A/cattle/Texas/24-008749-003/2024(H5N1)	1344	3183
NP|PP755592.1|A/cattle/Texas/24-008749-003/2024(H5N1)	1345	3187
NP|PP755592.1|A/cattle/Texas/24-008749-003/2024(H5N1)	1346	3166
NP|PP755592.1|A/cattle/Texas/24-008749-003/2024(H5N1)	1347	3162
NP|PP755592.1|A/cattle/Texas/24-008749-003/2024(H5N1)	1348	3158
NP|PP755592.1|A/cattle/Texas/24-008749-003/2024(H5N1)	1349	3156
NP|PP755592.1|A/cattle/Texas/24-008749-003/2024(H5N1)	1350	3163
NP|PP755592.1|A/cattle/Texas/24-008749-003/2024(H5N1)	1351	3163
NP|PP755592.1|A/cattle/Texas/24-008749-003/2024(H5N1)	1352	3153
NP|PP755592.1|A/cattle/Texas/24-008749-003/2024(H5N1)	1353	3153
NP|PP755592.1|A/cattle/Texas/24-008749-003/2024(H5N1)	1354	3148
NP|PP755592.1|A/cattle/Texas/24-008749-003/2024(H5N1)	1355	3155
NP|PP755592.1|A/cattle/Texas/24-008749-003/2024(H5N1)	1356	3163
NP|PP755592.1|A/cattle/Texas/24-008749-003/2024(H5N1)	1357	3166
NP|PP755592.1|A/cattle/Texas/24-008749-003/2024(H5N1)	1358	3154
NP|PP755592.1|A/cattle/Texas/24-008749-003/2024(H5N1)	1359	3119
NP|PP755592.1|A/cattle/Texas/24-008749-003/2024(H5N1)	1360	3121
NP|PP755592.1|A/cattle/Texas/24-008749-003/2024(H5N1)	1361	3119
NP|PP755592.1|A/cattle/Texas/24-008749-003/2024(H5N1)	1362	3120
NP|PP755592.1|A/cattle/Texas/24-008749-003/2024(H5N1)	1363	3122
NP|PP755592.1|A/cattle/Texas/24-008749-003/2024(H5N1)	1364	3085
NP|PP755592.1|A/cattle/Texas/24-008749-003/2024(H5N1)	1365	3061
NP|PP755592.1|A/cattle/Texas/24-008749-003/2024(H5N1)	1366	3033
NP|PP755592.1|A/cattle/Texas/24-008749-003/2024(H5N1)	1367	3023
NP|PP755592.1|A/cattle/Texas/24-008749-003/2024(H5N1)	1368	3021
NP|PP755592.1|A/cattle/Texas/24-008749-003/2024(H5N1)	1369	2990
NP|PP755592.1|A/cattle/Texas/24-008749-003/2024(H5N1)	1370	2982
NP|PP755592.1|A/cattle/Texas/24-008749-003/2024(H5N1)	1371	2974
NP|PP755592.1|A/cattle/Texas/24-008749-003/2024(H5N1)	1372	2979
NP|PP755592.1|A/cattle/Texas/24-008749-003/2024(H5N1)	1373	2974
NP|PP755592.1|A/cattle/Texas/24-008749-003/2024(H5N1)	1374	2971
NP|PP755592.1|A/cattle/Texas/24-008749-003/2024(H5N1)	1375	2919
NP|PP755592.1|A/cattle/Texas/24-008749-003/2024(H5N1)	1376	2896
NP|PP755592.1|A/cattle/Texas/24-008749-003/2024(H5N1)	1377	2895
NP|PP755592.1|A/cattle/Texas/24-008749-003/2024(H5N1)	1378	2864
NP|PP755592.1|A/cattle/Texas/24-008749-003/2024(H5N1)	1379	2860
NP|PP755592.1|A/cattle/Texas/24-008749-003/2024(H5N1)	1380	2858
NP|PP755592.1|A/cattle/Texas/24-008749-003/2024(H5N1)	1381	2787
NP|PP755592.1|A/cattle/Texas/24-008749-003/2024(H5N1)	1382	2785
NP|PP755592.1|A/cattle/Texas/24-008749-003/2024(H5N1)	1383	2784
NP|PP755592.1|A/cattle/Texas/24-008749-003/2024(H5N1)	1384	2698
NP|PP755592.1|A/cattle/Texas/24-008749-003/2024(H5N1)	1385	2696
NP|PP755592.1|A/cattle/Texas/24-008749-003/2024(H5N1)	1386	2644
NP|PP755592.1|A/cattle/Texas/24-008749-003/2024(H5N1)	1387	2654
NP|PP755592.1|A/cattle/Texas/24-008749-003/2024(H5N1)	1388	2575
NP|PP755592.1|A/cattle/Texas/24-008749-003/2024(H5N1)	1389	2559
NP|PP755592.1|A/cattle/Texas/24-008749-003/2024(H5N1)	1390	2552
NP|PP755592.1|A/cattle/Texas/24-008749-003/2024(H5N1)	1391	2551
NP|PP755592.1|A/cattle/Texas/24-008749-003/2024(H5N1)	1392	2532
NP|PP755592.1|A/cattle/Texas/24-008749-003/2024(H5N1)	1393	2528
NP|PP755592.1|A/cattle/Texas/24-008749-003/2024(H5N1)	1394	2498
NP|PP755592.1|A/cattle/Texas/24-008749-003/2024(H5N1)	1395	2497
NP|PP755592.1|A/cattle/Texas/24-008749-003/2024(H5N1)	1396	2358
NP|PP755592.1|A/cattle/Texas/24-008749-003/2024(H5N1)	1397	2338
NP|PP755592.1|A/cattle/Texas/24-008749-003/2024(H5N1)	1398	2316
NP|PP755592.1|A/cattle/Texas/24-008749-003/2024(H5N1)	1399	2316
NP|PP755592.1|A/cattle/Texas/24-008749-003/2024(H5N1)	1400	2316
NP|PP755592.1|A/cattle/Texas/24-008749-003/2024(H5N1)	1401	2316
NP|PP755592.1|A/cattle/Texas/24-008749-003/2024(H5N1)	1402	2312
NP|PP755592.1|A/cattle/Texas/24-008749-003/2024(H5N1)	1403	2284
NP|PP755592.1|A/cattle/Texas/24-008749-003/2024(H5N1)	1404	2282
NP|PP755592.1|A/cattle/Texas/24-008749-003/2024(H5N1)	1405	2282
NP|PP755592.1|A/cattle/Texas/24-008749-003/2024(H5N1)	1406	2282
NP|PP755592.1|A/cattle/Texas/24-008749-003/2024(H5N1)	1407	2282
NP|PP755592.1|A/cattle/Texas/24-008749-003/2024(H5N1)	1408	2271
NP|PP755592.1|A/cattle/Texas/24-008749-003/2024(H5N1)	1409	2264
NP|PP755592.1|A/cattle/Texas/24-008749-003/2024(H5N1)	1410	2261
NP|PP755592.1|A/cattle/Texas/24-008749-003/2024(H5N1)	1411	2251
NP|PP755592.1|A/cattle/Texas/24-008749-003/2024(H5N1)	1412	2250
NP|PP755592.1|A/cattle/Texas/24-008749-003/2024(H5N1)	1413	2243
NP|PP755592.1|A/cattle/Texas/24-008749-003/2024(H5N1)	1414	2243
NP|PP755592.1|A/cattle/Texas/24-008749-003/2024(H5N1)	1415	2243
NP|PP755592.1|A/cattle/Texas/24-008749-003/2024(H5N1)	1416	2244
NP|PP755592.1|A/cattle/Texas/24-008749-003/2024(H5N1)	1417	2239
NP|PP755592.1|A/cattle/Texas/24-008749-003/2024(H5N1)	1418	2233
NP|PP755592.1|A/cattle/Texas/24-008749-003/2024(H5N1)	1419	2228
NP|PP755592.1|A/cattle/Texas/24-008749-003/2024(H5N1)	1420	2218
NP|PP755592.1|A/cattle/Texas/24-008749-003/2024(H5N1)	1421	2202
NP|PP755592.1|A/cattle/Texas/24-008749-003/2024(H5N1)	1422	2197
NP|PP755592.1|A/cattle/Texas/24-008749-003/2024(H5N1)	1423	2193
NP|PP755592.1|A/cattle/Texas/24-008749-003/2024(H5N1)	1424	2182
NP|PP755592.1|A/cattle/Texas/24-008749-003/2024(H5N1)	1425	2153
NP|PP755592.1|A/cattle/Texas/24-008749-003/2024(H5N1)	1426	2151
NP|PP755592.1|A/cattle/Texas/24-008749-003/2024(H5N1)	1427	2135
NP|PP755592.1|A/cattle/Texas/24-008749-003/2024(H5N1)	1428	2131
NP|PP755592.1|A/cattle/Texas/24-008749-003/2024(H5N1)	1429	2107
NP|PP755592.1|A/cattle/Texas/24-008749-003/2024(H5N1)	1430	2098
NP|PP755592.1|A/cattle/Texas/24-008749-003/2024(H5N1)	1431	2080
NP|PP755592.1|A/cattle/Texas/24-008749-003/2024(H5N1)	1432	2072
NP|PP755592.1|A/cattle/Texas/24-008749-003/2024(H5N1)	1433	2082
NP|PP755592.1|A/cattle/Texas/24-008749-003/2024(H5N1)	1434	2074
NP|PP755592.1|A/cattle/Texas/24-008749-003/2024(H5N1)	1435	2020
NP|PP755592.1|A/cattle/Texas/24-008749-003/2024(H5N1)	1436	1995
NP|PP755592.1|A/cattle/Texas/24-008749-003/2024(H5N1)	1437	1986
NP|PP755592.1|A/cattle/Texas/24-008749-003/2024(H5N1)	1438	1970
NP|PP755592.1|A/cattle/Texas/24-008749-003/2024(H5N1)	1439	1966
NP|PP755592.1|A/cattle/Texas/24-008749-003/2024(H5N1)	1440	1924
NP|PP755592.1|A/cattle/Texas/24-008749-003/2024(H5N1)	1441	1920
NP|PP755592.1|A/cattle/Texas/24-008749-003/2024(H5N1)	1442	1765
NP|PP755592.1|A/cattle/Texas/24-008749-003/2024(H5N1)	1443	1761
NP|PP755592.1|A/cattle/Texas/24-008749-003/2024(H5N1)	1444	1755
NP|PP755592.1|A/cattle/Texas/24-008749-003/2024(H5N1)	1445	1739
NP|PP755592.1|A/cattle/Texas/24-008749-003/2024(H5N1)	1446	1734
NP|PP755592.1|A/cattle/Texas/24-008749-003/2024(H5N1)	1447	1711
NP|PP755592.1|A/cattle/Texas/24-008749-003/2024(H5N1)	1448	1709
NP|PP755592.1|A/cattle/Texas/24-008749-003/2024(H5N1)	1449	1704
NP|PP755592.1|A/cattle/Texas/24-008749-003/2024(H5N1)	1450	1703
NP|PP755592.1|A/cattle/Texas/24-008749-003/2024(H5N1)	1451	1702
NP|PP755592.1|A/cattle/Texas/24-008749-003/2024(H5N1)	1452	1663
NP|PP755592.1|A/cattle/Texas/24-008749-003/2024(H5N1)	1453	1652
NP|PP755592.1|A/cattle/Texas/24-008749-003/2024(H5N1)	1454	1628
NP|PP755592.1|A/cattle/Texas/24-008749-003/2024(H5N1)	1455	1615
NP|PP755592.1|A/cattle/Texas/24-008749-003/2024(H5N1)	1456	1591
NP|PP755592.1|A/cattle/Texas/24-008749-003/2024(H5N1)	1457	1583
NP|PP755592.1|A/cattle/Texas/24-008749-003/2024(H5N1)	1458	1574
NP|PP755592.1|A/cattle/Texas/24-008749-003/2024(H5N1)	1459	1572
NP|PP755592.1|A/cattle/Texas/24-008749-003/2024(H5N1)	1460	1571
NP|PP755592.1|A/cattle/Texas/24-008749-003/2024(H5N1)	1461	1558
NP|PP755592.1|A/cattle/Texas/24-008749-003/2024(H5N1)	1462	1548
NP|PP755592.1|A/cattle/Texas/24-008749-003/2024(H5N1)	1463	1544
NP|PP755592.1|A/cattle/Texas/24-008749-003/2024(H5N1)	1464	1528
NP|PP755592.1|A/cattle/Texas/24-008749-003/2024(H5N1)	1465	1504
NP|PP755592.1|A/cattle/Texas/24-008749-003/2024(H5N1)	1466	1502
NP|PP755592.1|A/cattle/Texas/24-008749-003/2024(H5N1)	1467	1498
NP|PP755592.1|A/cattle/Texas/24-008749-003/2024(H5N1)	1468	1489
NP|PP755592.1|A/cattle/Texas/24-008749-003/2024(H5N1)	1469	1489
NP|PP755592.1|A/cattle/Texas/24-008749-003/2024(H5N1)	1470	1488
NP|PP755592.1|A/cattle/Texas/24-008749-003/2024(H5N1)	1471	1478
NP|PP755592.1|A/cattle/Texas/24-008749-003/2024(H5N1)	1472	1476
NP|PP755592.1|A/cattle/Texas/24-008749-003/2024(H5N1)	1473	1467
NP|PP755592.1|A/cattle/Texas/24-008749-003/2024(H5N1)	1474	1454
NP|PP755592.1|A/cattle/Texas/24-008749-003/2024(H5N1)	1475	1453
NP|PP755592.1|A/cattle/Texas/24-008749-003/2024(H5N1)	1476	1446
NP|PP755592.1|A/cattle/Texas/24-008749-003/2024(H5N1)	1477	1443
NP|PP755592.1|A/cattle/Texas/24-008749-003/2024(H5N1)	1478	1414
NP|PP755592.1|A/cattle/Texas/24-008749-003/2024(H5N1)	1479	1372
NP|PP755592.1|A/cattle/Texas/24-008749-003/2024(H5N1)	1480	1369
NP|PP755592.1|A/cattle/Texas/24-008749-003/2024(H5N1)	1481	1348
NP|PP755592.1|A/cattle/Texas/24-008749-003/2024(H5N1)	1482	1319
NP|PP755592.1|A/cattle/Texas/24-008749-003/2024(H5N1)	1483	1304
NP|PP755592.1|A/cattle/Texas/24-008749-003/2024(H5N1)	1484	1064
NP|PP755592.1|A/cattle/Texas/24-008749-003/2024(H5N1)	1485	1061
NP|PP755592.1|A/cattle/Texas/24-008749-003/2024(H5N1)	1486	993
NP|PP755592.1|A/cattle/Texas/24-008749-003/2024(H5N1)	1487	991
NP|PP755592.1|A/cattle/Texas/24-008749-003/2024(H5N1)	1488	991
NP|PP755592.1|A/cattle/Texas/24-008749-003/2024(H5N1)	1489	973
NP|PP755592.1|A/cattle/Texas/24-008749-003/2024(H5N1)	1490	972
NP|PP755592.1|A/cattle/Texas/24-008749-003/2024(H5N1)	1491	929
NP|PP755592.1|A/cattle/Texas/24-008749-003/2024(H5N1)	1492	775
NP|PP755592.1|A/cattle/Texas/24-008749-003/2024(H5N1)	1493	774
NP|PP755592.1|A/cattle/Texas/24-008749-003/2024(H5N1)	1494	686
NP|PP755592.1|A/cattle/Texas/24-008749-003/2024(H5N1)	1495	681
NP|PP755592.1|A/cattle/Texas/24-008749-003/2024(H5N1)	1496	674
NP|PP755592.1|A/cattle/Texas/24-008749-003/2024(H5N1)	1497	674
