NS|PP755593.1|A/cattle/Texas/24-008749-003/2024(H5N1)	1	11768
NS|PP755593.1|A/cattle/Texas/24-008749-003/2024(H5N1)	2	11822
NS|PP755593.1|A/cattle/Texas/24-008749-003/2024(H5N1)	3	12101
NS|PP755593.1|A/cattle/Texas/24-008749-003/2024(H5N1)	4	12514
NS|PP755593.1|A/cattle/Texas/24-008749-003/2024(H5N1)	5	13164
NS|PP755593.1|A/cattle/Texas/24-008749-003/2024(H5N1)	6	20307
NS|PP755593.1|A/cattle/Texas/24-008749-003/2024(H5N1)	7	20316
NS|PP755593.1|A/cattle/Texas/24-008749-003/2024(H5N1)	8	20588
NS|PP755593.1|A/cattle/Texas/24-008749-003/2024(H5N1)	9	21012
NS|PP755593.1|A/cattle/Texas/24-008749-003/2024(H5N1)	10	21024
NS|PP755593.1|A/cattle/Texas/24-008749-003/2024(H5N1)	11	21337
NS|PP755593.1|A/cattle/Texas/24-008749-003/2024(H5N1)	12	21376
NS|PP755593.1|A/cattle/Texas/24-008749-003/2024(H5N1)	13	21390
NS|PP755593.1|A/cattle/Texas/24-008749-003/2024(H5N1)	14	21439
NS|PP755593.1|A/cattle/Texas/24-008749-003/2024(H5N1)	15	21444
NS|PP755593.1|A/cattle/Texas/24-008749-003/2024(H5N1)	16	23697
NS|PP755593.1|A/cattle/Texas/24-008749-003/2024(H5N1)	17	23792
NS|PP755593.1|A/cattle/Texas/24-008749-003/2024(H5N1)	18	23916
NS|PP755593.1|A/cattle/Texas/24-008749-003/2024(H5N1)	19	23955
NS|PP755593.1|A/cattle/Texas/24-008749-003/2024(H5N1)	20	23970
NS|PP755593.1|A/cattle/Texas/24-008749-003/2024(H5N1)	21	24015
NS|PP755593.1|A/cattle/Texas/24-008749-003/2024(H5N1)	22	24020
NS|PP755593.1|A/cattle/Texas/24-008749-003/2024(H5N1)	23	24389
NS|PP755593.1|A/cattle/Texas/24-008749-003/2024(H5N1)	24	24911
NS|PP755593.1|A/cattle/Texas/24-008749-003/2024(H5N1)	25	24960
NS|PP755593.1|A/cattle/Texas/24-008749-003/2024(H5N1)	26	25209
NS|PP755593.1|A/cattle/Texas/24-008749-003/2024(H5N1)	27	25213
NS|PP755593.1|A/cattle/Texas/24-008749-003/2024(H5N1)	28	26017
NS|PP755593.1|A/cattle/Texas/24-008749-003/2024(H5N1)	29	26021
NS|PP755593.1|A/cattle/Texas/24-008749-003/2024(H5N1)	30	26190
NS|PP755593.1|A/cattle/Texas/24-008749-003/2024(H5N1)	31	26260
NS|PP755593.1|A/cattle/Texas/24-008749-003/2024(H5N1)	32	26353
NS|PP755593.1|A/cattle/Texas/24-008749-003/2024(H5N1)	33	26426
NS|PP755593.1|A/cattle/Texas/24-008749-003/2024(H5N1)	34	26500
NS|PP755593.1|A/cattle/Texas/24-008749-003/2024(H5N1)	35	26673
NS|PP755593.1|A/cattle/Texas/24-008749-003/2024(H5N1)	36	26819
NS|PP755593.1|A/cattle/Texas/24-008749-003/2024(H5N1)	37	26877
NS|PP755593.1|A/cattle/Texas/24-008749-003/2024(H5N1)	38	27369
NS|PP755593.1|A/cattle/Texas/24-008749-003/2024(H5N1)	39	27595
NS|PP755593.1|A/cattle/Texas/24-008749-003/2024(H5N1)	40	27601
NS|PP755593.1|A/cattle/Texas/24-008749-003/2024(H5N1)	41	27875
NS|PP755593.1|A/cattle/Texas/24-008749-003/2024(H5N1)	42	28063
NS|PP755593.1|A/cattle/Texas/24-008749-003/2024(H5N1)	43	28302
NS|PP755593.1|A/cattle/Texas/24-008749-003/2024(H5N1)	44	28779
NS|PP755593.1|A/cattle/Texas/24-008749-003/2024(H5N1)	45	28774
NS|PP755593.1|A/cattle/Texas/24-008749-003/2024(H5N1)	46	29027
NS|PP755593.1|A/cattle/Texas/24-008749-003/2024(H5N1)	47	29082
NS|PP755593.1|A/cattle/Texas/24-008749-003/2024(H5N1)	48	29087
NS|PP755593.1|A/cattle/Texas/24-008749-003/2024(H5N1)	49	29204
NS|PP755593.1|A/cattle/Texas/24-008749-003/2024(H5N1)	50	29193
NS|PP755593.1|A/cattle/Texas/24-008749-003/2024(H5N1)	51	29475
NS|PP755593.1|A/cattle/Texas/24-008749-003/2024(H5N1)	52	29831
NS|PP755593.1|A/cattle/Texas/24-008749-003/2024(H5N1)	53	29919
NS|PP755593.1|A/cattle/Texas/24-008749-003/2024(H5N1)	54	30006
NS|PP755593.1|A/cattle/Texas/24-008749-003/2024(H5N1)	55	30049
NS|PP755593.1|A/cattle/Texas/24-008749-003/2024(H5N1)	56	30044
NS|PP755593.1|A/cattle/Texas/24-008749-003/2024(H5N1)	57	30065
NS|PP755593.1|A/cattle/Texas/24-008749-003/2024(H5N1)	58	30082
NS|PP755593.1|A/cattle/Texas/24-008749-003/2024(H5N1)	59	30223
NS|PP755593.1|A/cattle/Texas/24-008749-003/2024(H5N1)	60	30255
NS|PP755593.1|A/cattle/Texas/24-008749-003/2024(H5N1)	61	30460
NS|PP755593.1|A/cattle/Texas/24-008749-003/2024(H5N1)	62	30498
NS|PP755593.1|A/cattle/Texas/24-008749-003/2024(H5N1)	63	30531
NS|PP755593.1|A/cattle/Texas/24-008749-003/2024(H5N1)	64	30565
NS|PP755593.1|A/cattle/Texas/24-008749-003/2024(H5N1)	65	30624
NS|PP755593.1|A/cattle/Texas/24-008749-003/2024(H5N1)	66	30656
NS|PP755593.1|A/cattle/Texas/24-008749-003/2024(H5N1)	67	30662
NS|PP755593.1|A/cattle/Texas/24-008749-003/2024(H5N1)	68	30749
NS|PP755593.1|A/cattle/Texas/24-008749-003/2024(H5N1)	69	30721
NS|PP755593.1|A/cattle/Texas/24-008749-003/2024(H5N1)	70	31082
NS|PP755593.1|A/cattle/Texas/24-008749-003/2024(H5N1)	71	32276
NS|PP755593.1|A/cattle/Texas/24-008749-003/2024(H5N1)	72	32934
NS|PP755593.1|A/cattle/Texas/24-008749-003/2024(H5N1)	73	33001
NS|PP755593.1|A/cattle/Texas/24-008749-003/2024(H5N1)	74	33207
NS|PP755593.1|A/cattle/Texas/24-008749-003/2024(H5N1)	75	33279
NS|PP755593.1|A/cattle/Texas/24-008749-003/2024(H5N1)	76	34693
NS|PP755593.1|A/cattle/Texas/24-008749-003/2024(H5N1)	77	34863
NS|PP755593.1|A/cattle/Texas/24-008749-003/2024(H5N1)	78	34958
NS|PP755593.1|A/cattle/Texas/24-008749-003/2024(H5N1)	79	35013
NS|PP755593.1|A/cattle/Texas/24-008749-003/2024(H5N1)	80	34778
NS|PP755593.1|A/cattle/Texas/24-008749-003/2024(H5N1)	81	35393
NS|PP755593.1|A/cattle/Texas/24-008749-003/2024(H5N1)	82	35515
NS|PP755593.1|A/cattle/Texas/24-008749-003/2024(H5N1)	83	36044
NS|PP755593.1|A/cattle/Texas/24-008749-003/2024(H5N1)	84	36030
NS|PP755593.1|A/cattle/Texas/24-008749-003/2024(H5N1)	85	35790
NS|PP755593.1|A/cattle/Texas/24-008749-003/2024(H5N1)	86	35895
NS|PP755593.1|A/cattle/Texas/24-008749-003/2024(H5N1)	87	36332
NS|PP755593.1|A/cattle/Texas/24-008749-003/2024(H5N1)	88	37007
NS|PP755593.1|A/cattle/Texas/24-008749-003/2024(H5N1)	89	37598
NS|PP755593.1|A/cattle/Texas/24-008749-003/2024(H5N1)	90	37626
NS|PP755593.1|A/cattle/Texas/24-008749-003/2024(H5N1)	91	37651
NS|PP755593.1|A/cattle/Texas/24-008749-003/2024(H5N1)	92	37598
NS|PP755593.1|A/cattle/Texas/24-008749-003/2024(H5N1)	93	37646
NS|PP755593.1|A/cattle/Texas/24-008749-003/2024(H5N1)	94	38451
NS|PP755593.1|A/cattle/Texas/24-008749-003/2024(H5N1)	95	38780
NS|PP755593.1|A/cattle/Texas/24-008749-003/2024(H5N1)	96	39012
NS|PP755593.1|A/cattle/Texas/24-008749-003/2024(H5N1)	97	39270
NS|PP755593.1|A/cattle/Texas/24-008749-003/2024(H5N1)	98	39420
NS|PP755593.1|A/cattle/Texas/24-008749-003/2024(H5N1)	99	39398
NS|PP755593.1|A/cattle/Texas/24-008749-003/2024(H5N1)	100	39412
NS|PP755593.1|A/cattle/Texas/24-008749-003/2024(H5N1)	101	39431
NS|PP755593.1|A/cattle/Texas/24-008749-003/2024(H5N1)	102	39461
NS|PP755593.1|A/cattle/Texas/24-008749-003/2024(H5N1)	103	39356
NS|PP755593.1|A/cattle/Texas/24-008749-003/2024(H5N1)	104	39296
NS|PP755593.1|A/cattle/Texas/24-008749-003/2024(H5N1)	105	39855
NS|PP755593.1|A/cattle/Texas/24-008749-003/2024(H5N1)	106	39845
NS|PP755593.1|A/cattle/Texas/24-008749-003/2024(H5N1)	107	40002
NS|PP755593.1|A/cattle/Texas/24-008749-003/2024(H5N1)	108	40057
NS|PP755593.1|A/cattle/Texas/24-008749-003/2024(H5N1)	109	40220
NS|PP755593.1|A/cattle/Texas/24-008749-003/2024(H5N1)	110	40268
NS|PP755593.1|A/cattle/Texas/24-008749-003/2024(H5N1)	111	40272
NS|PP755593.1|A/cattle/Texas/24-008749-003/2024(H5N1)	112	40268
NS|PP755593.1|A/cattle/Texas/24-008749-003/2024(H5N1)	113	40321
NS|PP755593.1|A/cattle/Texas/24-008749-003/2024(H5N1)	114	40158
NS|PP755593.1|A/cattle/Texas/24-008749-003/2024(H5N1)	115	40160
NS|PP755593.1|A/cattle/Texas/24-008749-003/2024(H5N1)	116	40138
NS|PP755593.1|A/cattle/Texas/24-008749-003/2024(H5N1)	117	40007
NS|PP755593.1|A/cattle/Texas/24-008749-003/2024(H5N1)	118	40053
NS|PP755593.1|A/cattle/Texas/24-008749-003/2024(H5N1)	119	40026
NS|PP755593.1|A/cattle/Texas/24-008749-003/2024(H5N1)	120	40023
NS|PP755593.1|A/cattle/Texas/24-008749-003/2024(H5N1)	121	40012
NS|PP755593.1|A/cattle/Texas/24-008749-003/2024(H5N1)	122	39943
NS|PP755593.1|A/cattle/Texas/24-008749-003/2024(H5N1)	123	39087
NS|PP755593.1|A/cattle/Texas/24-008749-003/2024(H5N1)	124	40516
NS|PP755593.1|A/cattle/Texas/24-008749-003/2024(H5N1)	125	34577
NS|PP755593.1|A/cattle/Texas/24-008749-003/2024(H5N1)	126	32859
NS|PP755593.1|A/cattle/Texas/24-008749-003/2024(H5N1)	127	32994
NS|PP755593.1|A/cattle/Texas/24-008749-003/2024(H5N1)	128	33044
NS|PP755593.1|A/cattle/Texas/24-008749-003/2024(H5N1)	129	33196
NS|PP755593.1|A/cattle/Texas/24-008749-003/2024(H5N1)	130	35714
NS|PP755593.1|A/cattle/Texas/24-008749-003/2024(H5N1)	131	36413
NS|PP755593.1|A/cattle/Texas/24-008749-003/2024(H5N1)	132	36496
NS|PP755593.1|A/cattle/Texas/24-008749-003/2024(H5N1)	133	36985
NS|PP755593.1|A/cattle/Texas/24-008749-003/2024(H5N1)	134	37251
NS|PP755593.1|A/cattle/Texas/24-008749-003/2024(H5N1)	135	37315
NS|PP755593.1|A/cattle/Texas/24-008749-003/2024(H5N1)	136	37187
NS|PP755593.1|A/cattle/Texas/24-008749-003/2024(H5N1)	137	37191
NS|PP755593.1|A/cattle/Texas/24-008749-003/2024(H5N1)	138	37913
NS|PP755593.1|A/cattle/Texas/24-008749-003/2024(H5N1)	139	38034
NS|PP755593.1|A/cattle/Texas/24-008749-003/2024(H5N1)	140	39289
NS|PP755593.1|A/cattle/Texas/24-008749-003/2024(H5N1)	141	39221
NS|PP755593.1|A/cattle/Texas/24-008749-003/2024(H5N1)	142	39033
NS|PP755593.1|A/cattle/Texas/24-008749-003/2024(H5N1)	143	39159
NS|PP755593.1|A/cattle/Texas/24-008749-003/2024(H5N1)	144	39903
NS|PP755593.1|A/cattle/Texas/24-008749-003/2024(H5N1)	145	39902
NS|PP755593.1|A/cattle/Texas/24-008749-003/2024(H5N1)	146	41665
NS|PP755593.1|A/cattle/Texas/24-008749-003/2024(H5N1)	147	41445
NS|PP755593.1|A/cattle/Texas/24-008749-003/2024(H5N1)	148	41457
NS|PP755593.1|A/cattle/Texas/24-008749-003/2024(H5N1)	149	41805
NS|PP755593.1|A/cattle/Texas/24-008749-003/2024(H5N1)	150	41806
NS|PP755593.1|A/cattle/Texas/24-008749-003/2024(H5N1)	151	43050
NS|PP755593.1|A/cattle/Texas/24-008749-003/2024(H5N1)	152	43450
NS|PP755593.1|A/cattle/Texas/24-008749-003/2024(H5N1)	153	43914
NS|PP755593.1|A/cattle/Texas/24-008749-003/2024(H5N1)	154	37160
NS|PP755593.1|A/cattle/Texas/24-008749-003/2024(H5N1)	155	36220
NS|PP755593.1|A/cattle/Texas/24-008749-003/2024(H5N1)	156	36369
NS|PP755593.1|A/cattle/Texas/24-008749-003/2024(H5N1)	157	36375
NS|PP755593.1|A/cattle/Texas/24-008749-003/2024(H5N1)	158	37127
NS|PP755593.1|A/cattle/Texas/24-008749-003/2024(H5N1)	159	37259
NS|PP755593.1|A/cattle/Texas/24-008749-003/2024(H5N1)	160	36631
NS|PP755593.1|A/cattle/Texas/24-008749-003/2024(H5N1)	161	36740
NS|PP755593.1|A/cattle/Texas/24-008749-003/2024(H5N1)	162	36488
NS|PP755593.1|A/cattle/Texas/24-008749-003/2024(H5N1)	163	36512
NS|PP755593.1|A/cattle/Texas/24-008749-003/2024(H5N1)	164	36465
NS|PP755593.1|A/cattle/Texas/24-008749-003/2024(H5N1)	165	35899
NS|PP755593.1|A/cattle/Texas/24-008749-003/2024(H5N1)	166	36013
NS|PP755593.1|A/cattle/Texas/24-008749-003/2024(H5N1)	167	34233
NS|PP755593.1|A/cattle/Texas/24-008749-003/2024(H5N1)	168	34214
NS|PP755593.1|A/cattle/Texas/24-008749-003/2024(H5N1)	169	34297
NS|PP755593.1|A/cattle/Texas/24-008749-003/2024(H5N1)	170	34471
NS|PP755593.1|A/cattle/Texas/24-008749-003/2024(H5N1)	171	34720
NS|PP755593.1|A/cattle/Texas/24-008749-003/2024(H5N1)	172	34706
NS|PP755593.1|A/cattle/Texas/24-008749-003/2024(H5N1)	173	34554
NS|PP755593.1|A/cattle/Texas/24-008749-003/2024(H5N1)	174	34216
NS|PP755593.1|A/cattle/Texas/24-008749-003/2024(H5N1)	175	34593
NS|PP755593.1|A/cattle/Texas/24-008749-003/2024(H5N1)	176	34863
NS|PP755593.1|A/cattle/Texas/24-008749-003/2024(H5N1)	177	34711
NS|PP755593.1|A/cattle/Texas/24-008749-003/2024(H5N1)	178	34711
NS|PP755593.1|A/cattle/Texas/24-008749-003/2024(H5N1)	179	34059
NS|PP755593.1|A/cattle/Texas/24-008749-003/2024(H5N1)	180	33772
NS|PP755593.1|A/cattle/Texas/24-008749-003/2024(H5N1)	181	34341
NS|PP755593.1|A/cattle/Texas/24-008749-003/2024(H5N1)	182	34255
NS|PP755593.1|A/cattle/Texas/24-008749-003/2024(H5N1)	183	34456
NS|PP755593.1|A/cattle/Texas/24-008749-003/2024(H5N1)	184	37985
NS|PP755593.1|A/cattle/Texas/24-008749-003/2024(H5N1)	185	38068
NS|PP755593.1|A/cattle/Texas/24-008749-003/2024(H5N1)	186	38803
NS|PP755593.1|A/cattle/Texas/24-008749-003/2024(H5N1)	187	39139
NS|PP755593.1|A/cattle/Texas/24-008749-003/2024(H5N1)	188	39494
NS|PP755593.1|A/cattle/Texas/24-008749-003/2024(H5N1)	189	39216
NS|PP755593.1|A/cattle/Texas/24-008749-003/2024(H5N1)	190	39060
NS|PP755593.1|A/cattle/Texas/24-008749-003/2024(H5N1)	191	39248
NS|PP755593.1|A/cattle/Texas/24-008749-003/2024(H5N1)	192	38989
NS|PP755593.1|A/cattle/Texas/24-008749-003/2024(H5N1)	193	39372
NS|PP755593.1|A/cattle/Texas/24-008749-003/2024(H5N1)	194	39199
NS|PP755593.1|A/cattle/Texas/24-008749-003/2024(H5N1)	195	38659
NS|PP755593.1|A/cattle/Texas/24-008749-003/2024(H5N1)	196	38787
NS|PP755593.1|A/cattle/Texas/24-008749-003/2024(H5N1)	197	38630
NS|PP755593.1|A/cattle/Texas/24-008749-003/2024(H5N1)	198	38580
NS|PP755593.1|A/cattle/Texas/24-008749-003/2024(H5N1)	199	38642
NS|PP755593.1|A/cattle/Texas/24-008749-003/2024(H5N1)	200	38598
NS|PP755593.1|A/cattle/Texas/24-008749-003/2024(H5N1)	201	38955
NS|PP755593.1|A/cattle/Texas/24-008749-003/2024(H5N1)	202	38737
NS|PP755593.1|A/cattle/Texas/24-008749-003/2024(H5N1)	203	38522
NS|PP755593.1|A/cattle/Texas/24-008749-003/2024(H5N1)	204	38431
NS|PP755593.1|A/cattle/Texas/24-008749-003/2024(H5N1)	205	38505
NS|PP755593.1|A/cattle/Texas/24-008749-003/2024(H5N1)	206	38790
NS|PP755593.1|A/cattle/Texas/24-008749-003/2024(H5N1)	207	38837
NS|PP755593.1|A/cattle/Texas/24-008749-003/2024(H5N1)	208	38854
NS|PP755593.1|A/cattle/Texas/24-008749-003/2024(H5N1)	209	38864
NS|PP755593.1|A/cattle/Texas/24-008749-003/2024(H5N1)	210	38670
NS|PP755593.1|A/cattle/Texas/24-008749-003/2024(H5N1)	211	38790
NS|PP755593.1|A/cattle/Texas/24-008749-003/2024(H5N1)	212	40745
NS|PP755593.1|A/cattle/Texas/24-008749-003/2024(H5N1)	213	40724
NS|PP755593.1|A/cattle/Texas/24-008749-003/2024(H5N1)	214	41127
NS|PP755593.1|A/cattle/Texas/24-008749-003/2024(H5N1)	215	41435
NS|PP755593.1|A/cattle/Texas/24-008749-003/2024(H5N1)	216	41735
NS|PP755593.1|A/cattle/Texas/24-008749-003/2024(H5N1)	217	41720
NS|PP755593.1|A/cattle/Texas/24-008749-003/2024(H5N1)	218	41613
NS|PP755593.1|A/cattle/Texas/24-008749-003/2024(H5N1)	219	41432
NS|PP755593.1|A/cattle/Texas/24-008749-003/2024(H5N1)	220	41400
NS|PP755593.1|A/cattle/Texas/24-008749-003/2024(H5N1)	221	42833
NS|PP755593.1|A/cattle/Texas/24-008749-003/2024(H5N1)	222	41966
NS|PP755593.1|A/cattle/Texas/24-008749-003/2024(H5N1)	223	41300
NS|PP755593.1|A/cattle/Texas/24-008749-003/2024(H5N1)	224	41329
NS|PP755593.1|A/cattle/Texas/24-008749-003/2024(H5N1)	225	41177
NS|PP755593.1|A/cattle/Texas/24-008749-003/2024(H5N1)	226	41243
NS|PP755593.1|A/cattle/Texas/24-008749-003/2024(H5N1)	227	39910
NS|PP755593.1|A/cattle/Texas/24-008749-003/2024(H5N1)	228	39905
NS|PP755593.1|A/cattle/Texas/24-008749-003/2024(H5N1)	229	40487
NS|PP755593.1|A/cattle/Texas/24-008749-003/2024(H5N1)	230	40540
NS|PP755593.1|A/cattle/Texas/24-008749-003/2024(H5N1)	231	41053
NS|PP755593.1|A/cattle/Texas/24-008749-003/2024(H5N1)	232	40567
NS|PP755593.1|A/cattle/Texas/24-008749-003/2024(H5N1)	233	40499
NS|PP755593.1|A/cattle/Texas/24-008749-003/2024(H5N1)	234	40123
NS|PP755593.1|A/cattle/Texas/24-008749-003/2024(H5N1)	235	40122
NS|PP755593.1|A/cattle/Texas/24-008749-003/2024(H5N1)	236	40381
NS|PP755593.1|A/cattle/Texas/24-008749-003/2024(H5N1)	237	40394
NS|PP755593.1|A/cattle/Texas/24-008749-003/2024(H5N1)	238	40100
NS|PP755593.1|A/cattle/Texas/24-008749-003/2024(H5N1)	239	39850
NS|PP755593.1|A/cattle/Texas/24-008749-003/2024(H5N1)	240	39738
NS|PP755593.1|A/cattle/Texas/24-008749-003/2024(H5N1)	241	39753
NS|PP755593.1|A/cattle/Texas/24-008749-003/2024(H5N1)	242	39716
NS|PP755593.1|A/cattle/Texas/24-008749-003/2024(H5N1)	243	39685
NS|PP755593.1|A/cattle/Texas/24-008749-003/2024(H5N1)	244	39700
NS|PP755593.1|A/cattle/Texas/24-008749-003/2024(H5N1)	245	38714
NS|PP755593.1|A/cattle/Texas/24-008749-003/2024(H5N1)	246	38599
NS|PP755593.1|A/cattle/Texas/24-008749-003/2024(H5N1)	247	37515
NS|PP755593.1|A/cattle/Texas/24-008749-003/2024(H5N1)	248	37080
NS|PP755593.1|A/cattle/Texas/24-008749-003/2024(H5N1)	249	37051
NS|PP755593.1|A/cattle/Texas/24-008749-003/2024(H5N1)	250	37249
NS|PP755593.1|A/cattle/Texas/24-008749-003/2024(H5N1)	251	37580
NS|PP755593.1|A/cattle/Texas/24-008749-003/2024(H5N1)	252	37584
NS|PP755593.1|A/cattle/Texas/24-008749-003/2024(H5N1)	253	37910
NS|PP755593.1|A/cattle/Texas/24-008749-003/2024(H5N1)	254	37834
NS|PP755593.1|A/cattle/Texas/24-008749-003/2024(H5N1)	255	37604
NS|PP755593.1|A/cattle/Texas/24-008749-003/2024(H5N1)	256	38261
NS|PP755593.1|A/cattle/Texas/24-008749-003/2024(H5N1)	257	38609
NS|PP755593.1|A/cattle/Texas/24-008749-003/2024(H5N1)	258	38418
NS|PP755593.1|A/cattle/Texas/24-008749-003/2024(H5N1)	259	38320
NS|PP755593.1|A/cattle/Texas/24-008749-003/2024(H5N1)	260	39027
NS|PP755593.1|A/cattle/Texas/24-008749-003/2024(H5N1)	261	39116
NS|PP755593.1|A/cattle/Texas/24-008749-003/2024(H5N1)	262	39268
NS|PP755593.1|A/cattle/Texas/24-008749-003/2024(H5N1)	263	39270
NS|PP755593.1|A/cattle/Texas/24-008749-003/2024(H5N1)	264	39403
NS|PP755593.1|A/cattle/Texas/24-008749-003/2024(H5N1)	265	38770
NS|PP755593.1|A/cattle/Texas/24-008749-003/2024(H5N1)	266	40764
NS|PP755593.1|A/cattle/Texas/24-008749-003/2024(H5N1)	267	40927
NS|PP755593.1|A/cattle/Texas/24-008749-003/2024(H5N1)	268	40849
NS|PP755593.1|A/cattle/Texas/24-008749-003/2024(H5N1)	269	40856
NS|PP755593.1|A/cattle/Texas/24-008749-003/2024(H5N1)	270	40806
NS|PP755593.1|A/cattle/Texas/24-008749-003/2024(H5N1)	271	40785
NS|PP755593.1|A/cattle/Texas/24-008749-003/2024(H5N1)	272	40610
NS|PP755593.1|A/cattle/Texas/24-008749-003/2024(H5N1)	273	40079
NS|PP755593.1|A/cattle/Texas/24-008749-003/2024(H5N1)	274	40315
NS|PP755593.1|A/cattle/Texas/24-008749-003/2024(H5N1)	275	38527
NS|PP755593.1|A/cattle/Texas/24-008749-003/2024(H5N1)	276	38483
NS|PP755593.1|A/cattle/Texas/24-008749-003/2024(H5N1)	277	38488
NS|PP755593.1|A/cattle/Texas/24-008749-003/2024(H5N1)	278	39124
NS|PP755593.1|A/cattle/Texas/24-008749-003/2024(H5N1)	279	39067
NS|PP755593.1|A/cattle/Texas/24-008749-003/2024(H5N1)	280	39203
NS|PP755593.1|A/cattle/Texas/24-008749-003/2024(H5N1)	281	40425
NS|PP755593.1|A/cattle/Texas/24-008749-003/2024(H5N1)	282	40374
NS|PP755593.1|A/cattle/Texas/24-008749-003/2024(H5N1)	283	40566
NS|PP755593.1|A/cattle/Texas/24-008749-003/2024(H5N1)	284	40485
NS|PP755593.1|A/cattle/Texas/24-008749-003/2024(H5N1)	285	40424
NS|PP755593.1|A/cattle/Texas/24-008749-003/2024(H5N1)	286	40386
NS|PP755593.1|A/cattle/Texas/24-008749-003/2024(H5N1)	287	41737
NS|PP755593.1|A/cattle/Texas/24-008749-003/2024(H5N1)	288	41752
NS|PP755593.1|A/cattle/Texas/24-008749-003/2024(H5N1)	289	41273
NS|PP755593.1|A/cattle/Texas/24-008749-003/2024(H5N1)	290	40204
NS|PP755593.1|A/cattle/Texas/24-008749-003/2024(H5N1)	291	40786
NS|PP755593.1|A/cattle/Texas/24-008749-003/2024(H5N1)	292	40434
NS|PP755593.1|A/cattle/Texas/24-008749-003/2024(H5N1)	293	41194
NS|PP755593.1|A/cattle/Texas/24-008749-003/2024(H5N1)	294	41694
NS|PP755593.1|A/cattle/Texas/24-008749-003/2024(H5N1)	295	41662
NS|PP755593.1|A/cattle/Texas/24-008749-003/2024(H5N1)	296	40421
NS|PP755593.1|A/cattle/Texas/24-008749-003/2024(H5N1)	297	40325
NS|PP755593.1|A/cattle/Texas/24-008749-003/2024(H5N1)	298	40334
NS|PP755593.1|A/cattle/Texas/24-008749-003/2024(H5N1)	299	40305
NS|PP755593.1|A/cattle/Texas/24-008749-003/2024(H5N1)	300	40670
NS|PP755593.1|A/cattle/Texas/24-008749-003/2024(H5N1)	301	40782
NS|PP755593.1|A/cattle/Texas/24-008749-003/2024(H5N1)	302	39322
NS|PP755593.1|A/cattle/Texas/24-008749-003/2024(H5N1)	303	39267
NS|PP755593.1|A/cattle/Texas/24-008749-003/2024(H5N1)	304	38808
NS|PP755593.1|A/cattle/Texas/24-008749-003/2024(H5N1)	305	41325
NS|PP755593.1|A/cattle/Texas/24-008749-003/2024(H5N1)	306	42193
NS|PP755593.1|A/cattle/Texas/24-008749-003/2024(H5N1)	307	42202
NS|PP755593.1|A/cattle/Texas/24-008749-003/2024(H5N1)	308	42198
NS|PP755593.1|A/cattle/Texas/24-008749-003/2024(H5N1)	309	41154
NS|PP755593.1|A/cattle/Texas/24-008749-003/2024(H5N1)	310	41131
NS|PP755593.1|A/cattle/Texas/24-008749-003/2024(H5N1)	311	41304
NS|PP755593.1|A/cattle/Texas/24-008749-003/2024(H5N1)	312	41308
NS|PP755593.1|A/cattle/Texas/24-008749-003/2024(H5N1)	313	41729
NS|PP755593.1|A/cattle/Texas/24-008749-003/2024(H5N1)	314	39190
NS|PP755593.1|A/cattle/Texas/24-008749-003/2024(H5N1)	315	38377
NS|PP755593.1|A/cattle/Texas/24-008749-003/2024(H5N1)	316	38197
NS|PP755593.1|A/cattle/Texas/24-008749-003/2024(H5N1)	317	38078
NS|PP755593.1|A/cattle/Texas/24-008749-003/2024(H5N1)	318	37923
NS|PP755593.1|A/cattle/Texas/24-008749-003/2024(H5N1)	319	37768
NS|PP755593.1|A/cattle/Texas/24-008749-003/2024(H5N1)	320	37694
NS|PP755593.1|A/cattle/Texas/24-008749-003/2024(H5N1)	321	37494
NS|PP755593.1|A/cattle/Texas/24-008749-003/2024(H5N1)	322	37188
NS|PP755593.1|A/cattle/Texas/24-008749-003/2024(H5N1)	323	37150
NS|PP755593.1|A/cattle/Texas/24-008749-003/2024(H5N1)	324	36070
NS|PP755593.1|A/cattle/Texas/24-008749-003/2024(H5N1)	325	36048
NS|PP755593.1|A/cattle/Texas/24-008749-003/2024(H5N1)	326	35667
NS|PP755593.1|A/cattle/Texas/24-008749-003/2024(H5N1)	327	35365
NS|PP755593.1|A/cattle/Texas/24-008749-003/2024(H5N1)	328	35416
NS|PP755593.1|A/cattle/Texas/24-008749-003/2024(H5N1)	329	35414
NS|PP755593.1|A/cattle/Texas/24-008749-003/2024(H5N1)	330	35337
NS|PP755593.1|A/cattle/Texas/24-008749-003/2024(H5N1)	331	35319
NS|PP755593.1|A/cattle/Texas/24-008749-003/2024(H5N1)	332	35313
NS|PP755593.1|A/cattle/Texas/24-008749-003/2024(H5N1)	333	35314
NS|PP755593.1|A/cattle/Texas/24-008749-003/2024(H5N1)	334	35308
NS|PP755593.1|A/cattle/Texas/24-008749-003/2024(H5N1)	335	35182
NS|PP755593.1|A/cattle/Texas/24-008749-003/2024(H5N1)	336	34726
NS|PP755593.1|A/cattle/Texas/24-008749-003/2024(H5N1)	337	33904
NS|PP755593.1|A/cattle/Texas/24-008749-003/2024(H5N1)	338	33867
NS|PP755593.1|A/cattle/Texas/24-008749-003/2024(H5N1)	339	33481
NS|PP755593.1|A/cattle/Texas/24-008749-003/2024(H5N1)	340	33412
NS|PP755593.1|A/cattle/Texas/24-008749-003/2024(H5N1)	341	33262
NS|PP755593.1|A/cattle/Texas/24-008749-003/2024(H5N1)	342	33179
NS|PP755593.1|A/cattle/Texas/24-008749-003/2024(H5N1)	343	32700
NS|PP755593.1|A/cattle/Texas/24-008749-003/2024(H5N1)	344	32616
NS|PP755593.1|A/cattle/Texas/24-008749-003/2024(H5N1)	345	31661
NS|PP755593.1|A/cattle/Texas/24-008749-003/2024(H5N1)	346	31485
NS|PP755593.1|A/cattle/Texas/24-008749-003/2024(H5N1)	347	31489
NS|PP755593.1|A/cattle/Texas/24-008749-003/2024(H5N1)	348	31492
NS|PP755593.1|A/cattle/Texas/24-008749-003/2024(H5N1)	349	36679
NS|PP755593.1|A/cattle/Texas/24-008749-003/2024(H5N1)	350	36756
NS|PP755593.1|A/cattle/Texas/24-008749-003/2024(H5N1)	351	36803
NS|PP755593.1|A/cattle/Texas/24-008749-003/2024(H5N1)	352	37224
NS|PP755593.1|A/cattle/Texas/24-008749-003/2024(H5N1)	353	38833
NS|PP755593.1|A/cattle/Texas/24-008749-003/2024(H5N1)	354	39831
NS|PP755593.1|A/cattle/Texas/24-008749-003/2024(H5N1)	355	40287
NS|PP755593.1|A/cattle/Texas/24-008749-003/2024(H5N1)	356	40129
NS|PP755593.1|A/cattle/Texas/24-008749-003/2024(H5N1)	357	40066
NS|PP755593.1|A/cattle/Texas/24-008749-003/2024(H5N1)	358	40178
NS|PP755593.1|A/cattle/Texas/24-008749-003/2024(H5N1)	359	40150
NS|PP755593.1|A/cattle/Texas/24-008749-003/2024(H5N1)	360	40800
NS|PP755593.1|A/cattle/Texas/24-008749-003/2024(H5N1)	361	40137
NS|PP755593.1|A/cattle/Texas/24-008749-003/2024(H5N1)	362	38529
NS|PP755593.1|A/cattle/Texas/24-008749-003/2024(H5N1)	363	39426
NS|PP755593.1|A/cattle/Texas/24-008749-003/2024(H5N1)	364	39708
NS|PP755593.1|A/cattle/Texas/24-008749-003/2024(H5N1)	365	39269
NS|PP755593.1|A/cattle/Texas/24-008749-003/2024(H5N1)	366	38304
NS|PP755593.1|A/cattle/Texas/24-008749-003/2024(H5N1)	367	39173
NS|PP755593.1|A/cattle/Texas/24-008749-003/2024(H5N1)	368	39162
NS|PP755593.1|A/cattle/Texas/24-008749-003/2024(H5N1)	369	39070
NS|PP755593.1|A/cattle/Texas/24-008749-003/2024(H5N1)	370	41320
NS|PP755593.1|A/cattle/Texas/24-008749-003/2024(H5N1)	371	41340
NS|PP755593.1|A/cattle/Texas/24-008749-003/2024(H5N1)	372	40424
NS|PP755593.1|A/cattle/Texas/24-008749-003/2024(H5N1)	373	40610
NS|PP755593.1|A/cattle/Texas/24-008749-003/2024(H5N1)	374	40550
NS|PP755593.1|A/cattle/Texas/24-008749-003/2024(H5N1)	375	40581
NS|PP755593.1|A/cattle/Texas/24-008749-003/2024(H5N1)	376	40444
NS|PP755593.1|A/cattle/Texas/24-008749-003/2024(H5N1)	377	40480
NS|PP755593.1|A/cattle/Texas/24-008749-003/2024(H5N1)	378	40552
NS|PP755593.1|A/cattle/Texas/24-008749-003/2024(H5N1)	379	40645
NS|PP755593.1|A/cattle/Texas/24-008749-003/2024(H5N1)	380	40175
NS|PP755593.1|A/cattle/Texas/24-008749-003/2024(H5N1)	381	39998
NS|PP755593.1|A/cattle/Texas/24-008749-003/2024(H5N1)	382	39557
NS|PP755593.1|A/cattle/Texas/24-008749-003/2024(H5N1)	383	39520
NS|PP755593.1|A/cattle/Texas/24-008749-003/2024(H5N1)	384	39457
NS|PP755593.1|A/cattle/Texas/24-008749-003/2024(H5N1)	385	39437
NS|PP755593.1|A/cattle/Texas/24-008749-003/2024(H5N1)	386	37942
NS|PP755593.1|A/cattle/Texas/24-008749-003/2024(H5N1)	387	37697
NS|PP755593.1|A/cattle/Texas/24-008749-003/2024(H5N1)	388	38025
NS|PP755593.1|A/cattle/Texas/24-008749-003/2024(H5N1)	389	38027
NS|PP755593.1|A/cattle/Texas/24-008749-003/2024(H5N1)	390	38067
NS|PP755593.1|A/cattle/Texas/24-008749-003/2024(H5N1)	391	38258
NS|PP755593.1|A/cattle/Texas/24-008749-003/2024(H5N1)	392	38288
NS|PP755593.1|A/cattle/Texas/24-008749-003/2024(H5N1)	393	38253
NS|PP755593.1|A/cattle/Texas/24-008749-003/2024(H5N1)	394	39170
NS|PP755593.1|A/cattle/Texas/24-008749-003/2024(H5N1)	395	39335
NS|PP755593.1|A/cattle/Texas/24-008749-003/2024(H5N1)	396	39634
NS|PP755593.1|A/cattle/Texas/24-008749-003/2024(H5N1)	397	39488
NS|PP755593.1|A/cattle/Texas/24-008749-003/2024(H5N1)	398	40070
NS|PP755593.1|A/cattle/Texas/24-008749-003/2024(H5N1)	399	40008
NS|PP755593.1|A/cattle/Texas/24-008749-003/2024(H5N1)	400	39991
NS|PP755593.1|A/cattle/Texas/24-008749-003/2024(H5N1)	401	40357
NS|PP755593.1|A/cattle/Texas/24-008749-003/2024(H5N1)	402	40133
NS|PP755593.1|A/cattle/Texas/24-008749-003/2024(H5N1)	403	39706
NS|PP755593.1|A/cattle/Texas/24-008749-003/2024(H5N1)	404	39702
NS|PP755593.1|A/cattle/Texas/24-008749-003/2024(H5N1)	405	39680
NS|PP755593.1|A/cattle/Texas/24-008749-003/2024(H5N1)	406	39603
NS|PP755593.1|A/cattle/Texas/24-008749-003/2024(H5N1)	407	38890
NS|PP755593.1|A/cattle/Texas/24-008749-003/2024(H5N1)	408	38593
NS|PP755593.1|A/cattle/Texas/24-008749-003/2024(H5N1)	409	38562
NS|PP755593.1|A/cattle/Texas/24-008749-003/2024(H5N1)	410	38493
NS|PP755593.1|A/cattle/Texas/24-008749-003/2024(H5N1)	411	28091
NS|PP755593.1|A/cattle/Texas/24-008749-003/2024(H5N1)	412	28030
NS|PP755593.1|A/cattle/Texas/24-008749-003/2024(H5N1)	413	27868
NS|PP755593.1|A/cattle/Texas/24-008749-003/2024(H5N1)	414	27856
NS|PP755593.1|A/cattle/Texas/24-008749-003/2024(H5N1)	415	27856
NS|PP755593.1|A/cattle/Texas/24-008749-003/2024(H5N1)	416	27871
NS|PP755593.1|A/cattle/Texas/24-008749-003/2024(H5N1)	417	27893
NS|PP755593.1|A/cattle/Texas/24-008749-003/2024(H5N1)	418	29828
NS|PP755593.1|A/cattle/Texas/24-008749-003/2024(H5N1)	419	29872
NS|PP755593.1|A/cattle/Texas/24-008749-003/2024(H5N1)	420	31035
NS|PP755593.1|A/cattle/Texas/24-008749-003/2024(H5N1)	421	31344
NS|PP755593.1|A/cattle/Texas/24-008749-003/2024(H5N1)	422	33315
NS|PP755593.1|A/cattle/Texas/24-008749-003/2024(H5N1)	423	33422
NS|PP755593.1|A/cattle/Texas/24-008749-003/2024(H5N1)	424	33426
NS|PP755593.1|A/cattle/Texas/24-008749-003/2024(H5N1)	425	33428
NS|PP755593.1|A/cattle/Texas/24-008749-003/2024(H5N1)	426	33426
NS|PP755593.1|A/cattle/Texas/24-008749-003/2024(H5N1)	427	33689
NS|PP755593.1|A/cattle/Texas/24-008749-003/2024(H5N1)	428	36084
NS|PP755593.1|A/cattle/Texas/24-008749-003/2024(H5N1)	429	36082
NS|PP755593.1|A/cattle/Texas/24-008749-003/2024(H5N1)	430	36612
NS|PP755593.1|A/cattle/Texas/24-008749-003/2024(H5N1)	431	36636
NS|PP755593.1|A/cattle/Texas/24-008749-003/2024(H5N1)	432	38015
NS|PP755593.1|A/cattle/Texas/24-008749-003/2024(H5N1)	433	38492
NS|PP755593.1|A/cattle/Texas/24-008749-003/2024(H5N1)	434	38510
NS|PP755593.1|A/cattle/Texas/24-008749-003/2024(H5N1)	435	38606
NS|PP755593.1|A/cattle/Texas/24-008749-003/2024(H5N1)	436	38623
NS|PP755593.1|A/cattle/Texas/24-008749-003/2024(H5N1)	437	36281
NS|PP755593.1|A/cattle/Texas/24-008749-003/2024(H5N1)	438	36291
NS|PP755593.1|A/cattle/Texas/24-008749-003/2024(H5N1)	439	36194
NS|PP755593.1|A/cattle/Texas/24-008749-003/2024(H5N1)	440	36778
NS|PP755593.1|A/cattle/Texas/24-008749-003/2024(H5N1)	441	36785
NS|PP755593.1|A/cattle/Texas/24-008749-003/2024(H5N1)	442	37789
NS|PP755593.1|A/cattle/Texas/24-008749-003/2024(H5N1)	443	37886
NS|PP755593.1|A/cattle/Texas/24-008749-003/2024(H5N1)	444	38146
NS|PP755593.1|A/cattle/Texas/24-008749-003/2024(H5N1)	445	38170
NS|PP755593.1|A/cattle/Texas/24-008749-003/2024(H5N1)	446	38277
NS|PP755593.1|A/cattle/Texas/24-008749-003/2024(H5N1)	447	38554
NS|PP755593.1|A/cattle/Texas/24-008749-003/2024(H5N1)	448	38759
NS|PP755593.1|A/cattle/Texas/24-008749-003/2024(H5N1)	449	38824
NS|PP755593.1|A/cattle/Texas/24-008749-003/2024(H5N1)	450	38711
NS|PP755593.1|A/cattle/Texas/24-008749-003/2024(H5N1)	451	38725
NS|PP755593.1|A/cattle/Texas/24-008749-003/2024(H5N1)	452	38760
NS|PP755593.1|A/cattle/Texas/24-008749-003/2024(H5N1)	453	37517
NS|PP755593.1|A/cattle/Texas/24-008749-003/2024(H5N1)	454	37921
NS|PP755593.1|A/cattle/Texas/24-008749-003/2024(H5N1)	455	38154
NS|PP755593.1|A/cattle/Texas/24-008749-003/2024(H5N1)	456	36192
NS|PP755593.1|A/cattle/Texas/24-008749-003/2024(H5N1)	457	36212
NS|PP755593.1|A/cattle/Texas/24-008749-003/2024(H5N1)	458	36319
NS|PP755593.1|A/cattle/Texas/24-008749-003/2024(H5N1)	459	35407
NS|PP755593.1|A/cattle/Texas/24-008749-003/2024(H5N1)	460	35481
NS|PP755593.1|A/cattle/Texas/24-008749-003/2024(H5N1)	461	36046
NS|PP755593.1|A/cattle/Texas/24-008749-003/2024(H5N1)	462	36124
NS|PP755593.1|A/cattle/Texas/24-008749-003/2024(H5N1)	463	36143
NS|PP755593.1|A/cattle/Texas/24-008749-003/2024(H5N1)	464	36221
NS|PP755593.1|A/cattle/Texas/24-008749-003/2024(H5N1)	465	36150
NS|PP755593.1|A/cattle/Texas/24-008749-003/2024(H5N1)	466	36206
NS|PP755593.1|A/cattle/Texas/24-008749-003/2024(H5N1)	467	36429
NS|PP755593.1|A/cattle/Texas/24-008749-003/2024(H5N1)	468	36088
NS|PP755593.1|A/cattle/Texas/24-008749-003/2024(H5N1)	469	36120
NS|PP755593.1|A/cattle/Texas/24-008749-003/2024(H5N1)	470	35467
NS|PP755593.1|A/cattle/Texas/24-008749-003/2024(H5N1)	471	33660
NS|PP755593.1|A/cattle/Texas/24-008749-003/2024(H5N1)	472	33884
NS|PP755593.1|A/cattle/Texas/24-008749-003/2024(H5N1)	473	34315
NS|PP755593.1|A/cattle/Texas/24-008749-003/2024(H5N1)	474	34381
NS|PP755593.1|A/cattle/Texas/24-008749-003/2024(H5N1)	475	34673
NS|PP755593.1|A/cattle/Texas/24-008749-003/2024(H5N1)	476	35683
NS|PP755593.1|A/cattle/Texas/24-008749-003/2024(H5N1)	477	36012
NS|PP755593.1|A/cattle/Texas/24-008749-003/2024(H5N1)	478	36114
NS|PP755593.1|A/cattle/Texas/24-008749-003/2024(H5N1)	479	36135
NS|PP755593.1|A/cattle/Texas/24-008749-003/2024(H5N1)	480	36322
NS|PP755593.1|A/cattle/Texas/24-008749-003/2024(H5N1)	481	36396
NS|PP755593.1|A/cattle/Texas/24-008749-003/2024(H5N1)	482	37595
NS|PP755593.1|A/cattle/Texas/24-008749-003/2024(H5N1)	483	37703
NS|PP755593.1|A/cattle/Texas/24-008749-003/2024(H5N1)	484	38417
NS|PP755593.1|A/cattle/Texas/24-008749-003/2024(H5N1)	485	38620
NS|PP755593.1|A/cattle/Texas/24-008749-003/2024(H5N1)	486	38786
NS|PP755593.1|A/cattle/Texas/24-008749-003/2024(H5N1)	487	38996
NS|PP755593.1|A/cattle/Texas/24-008749-003/2024(H5N1)	488	38924
NS|PP755593.1|A/cattle/Texas/24-008749-003/2024(H5N1)	489	37729
NS|PP755593.1|A/cattle/Texas/24-008749-003/2024(H5N1)	490	38174
NS|PP755593.1|A/cattle/Texas/24-008749-003/2024(H5N1)	491	38287
NS|PP755593.1|A/cattle/Texas/24-008749-003/2024(H5N1)	492	40582
NS|PP755593.1|A/cattle/Texas/24-008749-003/2024(H5N1)	493	40695
NS|PP755593.1|A/cattle/Texas/24-008749-003/2024(H5N1)	494	40917
NS|PP755593.1|A/cattle/Texas/24-008749-003/2024(H5N1)	495	40881
NS|PP755593.1|A/cattle/Texas/24-008749-003/2024(H5N1)	496	41901
NS|PP755593.1|A/cattle/Texas/24-008749-003/2024(H5N1)	497	42197
NS|PP755593.1|A/cattle/Texas/24-008749-003/2024(H5N1)	498	42127
NS|PP755593.1|A/cattle/Texas/24-008749-003/2024(H5N1)	499	41812
NS|PP755593.1|A/cattle/Texas/24-008749-003/2024(H5N1)	500	41700
NS|PP755593.1|A/cattle/Texas/24-008749-003/2024(H5N1)	501	41655
NS|PP755593.1|A/cattle/Texas/24-008749-003/2024(H5N1)	502	42416
NS|PP755593.1|A/cattle/Texas/24-008749-003/2024(H5N1)	503	43092
NS|PP755593.1|A/cattle/Texas/24-008749-003/2024(H5N1)	504	41784
NS|PP755593.1|A/cattle/Texas/24-008749-003/2024(H5N1)	505	41059
NS|PP755593.1|A/cattle/Texas/24-008749-003/2024(H5N1)	506	41763
NS|PP755593.1|A/cattle/Texas/24-008749-003/2024(H5N1)	507	42098
NS|PP755593.1|A/cattle/Texas/24-008749-003/2024(H5N1)	508	41856
NS|PP755593.1|A/cattle/Texas/24-008749-003/2024(H5N1)	509	42844
NS|PP755593.1|A/cattle/Texas/24-008749-003/2024(H5N1)	510	42824
NS|PP755593.1|A/cattle/Texas/24-008749-003/2024(H5N1)	511	41847
NS|PP755593.1|A/cattle/Texas/24-008749-003/2024(H5N1)	512	41895
NS|PP755593.1|A/cattle/Texas/24-008749-003/2024(H5N1)	513	41398
NS|PP755593.1|A/cattle/Texas/24-008749-003/2024(H5N1)	514	40524
NS|PP755593.1|A/cattle/Texas/24-008749-003/2024(H5N1)	515	38967
NS|PP755593.1|A/cattle/Texas/24-008749-003/2024(H5N1)	516	38671
NS|PP755593.1|A/cattle/Texas/24-008749-003/2024(H5N1)	517	38648
NS|PP755593.1|A/cattle/Texas/24-008749-003/2024(H5N1)	518	37416
NS|PP755593.1|A/cattle/Texas/24-008749-003/2024(H5N1)	519	37493
NS|PP755593.1|A/cattle/Texas/24-008749-003/2024(H5N1)	520	37438
NS|PP755593.1|A/cattle/Texas/24-008749-003/2024(H5N1)	521	37411
NS|PP755593.1|A/cattle/Texas/24-008749-003/2024(H5N1)	522	37241
NS|PP755593.1|A/cattle/Texas/24-008749-003/2024(H5N1)	523	37229
NS|PP755593.1|A/cattle/Texas/24-008749-003/2024(H5N1)	524	37176
NS|PP755593.1|A/cattle/Texas/24-008749-003/2024(H5N1)	525	37165
NS|PP755593.1|A/cattle/Texas/24-008749-003/2024(H5N1)	526	37107
NS|PP755593.1|A/cattle/Texas/24-008749-003/2024(H5N1)	527	37322
NS|PP755593.1|A/cattle/Texas/24-008749-003/2024(H5N1)	528	37256
NS|PP755593.1|A/cattle/Texas/24-008749-003/2024(H5N1)	529	37004
NS|PP755593.1|A/cattle/Texas/24-008749-003/2024(H5N1)	530	37888
NS|PP755593.1|A/cattle/Texas/24-008749-003/2024(H5N1)	531	37892
NS|PP755593.1|A/cattle/Texas/24-008749-003/2024(H5N1)	532	38328
NS|PP755593.1|A/cattle/Texas/24-008749-003/2024(H5N1)	533	38375
NS|PP755593.1|A/cattle/Texas/24-008749-003/2024(H5N1)	534	38370
NS|PP755593.1|A/cattle/Texas/24-008749-003/2024(H5N1)	535	38418
NS|PP755593.1|A/cattle/Texas/24-008749-003/2024(H5N1)	536	38230
NS|PP755593.1|A/cattle/Texas/24-008749-003/2024(H5N1)	537	38071
NS|PP755593.1|A/cattle/Texas/24-008749-003/2024(H5N1)	538	38306
NS|PP755593.1|A/cattle/Texas/24-008749-003/2024(H5N1)	539	38274
NS|PP755593.1|A/cattle/Texas/24-008749-003/2024(H5N1)	540	38751
NS|PP755593.1|A/cattle/Texas/24-008749-003/2024(H5N1)	541	38586
NS|PP755593.1|A/cattle/Texas/24-008749-003/2024(H5N1)	542	38531
NS|PP755593.1|A/cattle/Texas/24-008749-003/2024(H5N1)	543	38977
NS|PP755593.1|A/cattle/Texas/24-008749-003/2024(H5N1)	544	38889
NS|PP755593.1|A/cattle/Texas/24-008749-003/2024(H5N1)	545	38917
NS|PP755593.1|A/cattle/Texas/24-008749-003/2024(H5N1)	546	38916
NS|PP755593.1|A/cattle/Texas/24-008749-003/2024(H5N1)	547	38584
NS|PP755593.1|A/cattle/Texas/24-008749-003/2024(H5N1)	548	38664
NS|PP755593.1|A/cattle/Texas/24-008749-003/2024(H5N1)	549	37985
NS|PP755593.1|A/cattle/Texas/24-008749-003/2024(H5N1)	550	37811
NS|PP755593.1|A/cattle/Texas/24-008749-003/2024(H5N1)	551	38210
NS|PP755593.1|A/cattle/Texas/24-008749-003/2024(H5N1)	552	37674
NS|PP755593.1|A/cattle/Texas/24-008749-003/2024(H5N1)	553	38291
NS|PP755593.1|A/cattle/Texas/24-008749-003/2024(H5N1)	554	38213
NS|PP755593.1|A/cattle/Texas/24-008749-003/2024(H5N1)	555	38222
NS|PP755593.1|A/cattle/Texas/24-008749-003/2024(H5N1)	556	38336
NS|PP755593.1|A/cattle/Texas/24-008749-003/2024(H5N1)	557	38389
NS|PP755593.1|A/cattle/Texas/24-008749-003/2024(H5N1)	558	38392
NS|PP755593.1|A/cattle/Texas/24-008749-003/2024(H5N1)	559	38258
NS|PP755593.1|A/cattle/Texas/24-008749-003/2024(H5N1)	560	37597
NS|PP755593.1|A/cattle/Texas/24-008749-003/2024(H5N1)	561	37794
NS|PP755593.1|A/cattle/Texas/24-008749-003/2024(H5N1)	562	37485
NS|PP755593.1|A/cattle/Texas/24-008749-003/2024(H5N1)	563	37669
NS|PP755593.1|A/cattle/Texas/24-008749-003/2024(H5N1)	564	39453
NS|PP755593.1|A/cattle/Texas/24-008749-003/2024(H5N1)	565	39493
NS|PP755593.1|A/cattle/Texas/24-008749-003/2024(H5N1)	566	39541
NS|PP755593.1|A/cattle/Texas/24-008749-003/2024(H5N1)	567	40111
NS|PP755593.1|A/cattle/Texas/24-008749-003/2024(H5N1)	568	40087
NS|PP755593.1|A/cattle/Texas/24-008749-003/2024(H5N1)	569	40618
NS|PP755593.1|A/cattle/Texas/24-008749-003/2024(H5N1)	570	39477
NS|PP755593.1|A/cattle/Texas/24-008749-003/2024(H5N1)	571	39283
NS|PP755593.1|A/cattle/Texas/24-008749-003/2024(H5N1)	572	39398
NS|PP755593.1|A/cattle/Texas/24-008749-003/2024(H5N1)	573	37055
NS|PP755593.1|A/cattle/Texas/24-008749-003/2024(H5N1)	574	38203
NS|PP755593.1|A/cattle/Texas/24-008749-003/2024(H5N1)	575	38299
NS|PP755593.1|A/cattle/Texas/24-008749-003/2024(H5N1)	576	38274
NS|PP755593.1|A/cattle/Texas/24-008749-003/2024(H5N1)	577	39665
NS|PP755593.1|A/cattle/Texas/24-008749-003/2024(H5N1)	578	39290
NS|PP755593.1|A/cattle/Texas/24-008749-003/2024(H5N1)	579	37226
NS|PP755593.1|A/cattle/Texas/24-008749-003/2024(H5N1)	580	37247
NS|PP755593.1|A/cattle/Texas/24-008749-003/2024(H5N1)	581	37028
NS|PP755593.1|A/cattle/Texas/24-008749-003/2024(H5N1)	582	37240
NS|PP755593.1|A/cattle/Texas/24-008749-003/2024(H5N1)	583	35810
NS|PP755593.1|A/cattle/Texas/24-008749-003/2024(H5N1)	584	35883
NS|PP755593.1|A/cattle/Texas/24-008749-003/2024(H5N1)	585	35874
NS|PP755593.1|A/cattle/Texas/24-008749-003/2024(H5N1)	586	35879
NS|PP755593.1|A/cattle/Texas/24-008749-003/2024(H5N1)	587	36636
NS|PP755593.1|A/cattle/Texas/24-008749-003/2024(H5N1)	588	36528
NS|PP755593.1|A/cattle/Texas/24-008749-003/2024(H5N1)	589	36657
NS|PP755593.1|A/cattle/Texas/24-008749-003/2024(H5N1)	590	36777
NS|PP755593.1|A/cattle/Texas/24-008749-003/2024(H5N1)	591	36345
NS|PP755593.1|A/cattle/Texas/24-008749-003/2024(H5N1)	592	36966
NS|PP755593.1|A/cattle/Texas/24-008749-003/2024(H5N1)	593	37460
NS|PP755593.1|A/cattle/Texas/24-008749-003/2024(H5N1)	594	37628
NS|PP755593.1|A/cattle/Texas/24-008749-003/2024(H5N1)	595	37566
NS|PP755593.1|A/cattle/Texas/24-008749-003/2024(H5N1)	596	37490
NS|PP755593.1|A/cattle/Texas/24-008749-003/2024(H5N1)	597	37540
NS|PP755593.1|A/cattle/Texas/24-008749-003/2024(H5N1)	598	36701
NS|PP755593.1|A/cattle/Texas/24-008749-003/2024(H5N1)	599	36627
NS|PP755593.1|A/cattle/Texas/24-008749-003/2024(H5N1)	600	37038
NS|PP755593.1|A/cattle/Texas/24-008749-003/2024(H5N1)	601	36286
NS|PP755593.1|A/cattle/Texas/24-008749-003/2024(H5N1)	602	36269
NS|PP755593.1|A/cattle/Texas/24-008749-003/2024(H5N1)	603	36583
NS|PP755593.1|A/cattle/Texas/24-008749-003/2024(H5N1)	604	36631
NS|PP755593.1|A/cattle/Texas/24-008749-003/2024(H5N1)	605	36202
NS|PP755593.1|A/cattle/Texas/24-008749-003/2024(H5N1)	606	36141
NS|PP755593.1|A/cattle/Texas/24-008749-003/2024(H5N1)	607	36164
NS|PP755593.1|A/cattle/Texas/24-008749-003/2024(H5N1)	608	36050
NS|PP755593.1|A/cattle/Texas/24-008749-003/2024(H5N1)	609	36980
NS|PP755593.1|A/cattle/Texas/24-008749-003/2024(H5N1)	610	36965
NS|PP755593.1|A/cattle/Texas/24-008749-003/2024(H5N1)	611	36920
NS|PP755593.1|A/cattle/Texas/24-008749-003/2024(H5N1)	612	36465
NS|PP755593.1|A/cattle/Texas/24-008749-003/2024(H5N1)	613	36402
NS|PP755593.1|A/cattle/Texas/24-008749-003/2024(H5N1)	614	36792
NS|PP755593.1|A/cattle/Texas/24-008749-003/2024(H5N1)	615	36826
NS|PP755593.1|A/cattle/Texas/24-008749-003/2024(H5N1)	616	36792
NS|PP755593.1|A/cattle/Texas/24-008749-003/2024(H5N1)	617	37607
NS|PP755593.1|A/cattle/Texas/24-008749-003/2024(H5N1)	618	37838
NS|PP755593.1|A/cattle/Texas/24-008749-003/2024(H5N1)	619	37958
NS|PP755593.1|A/cattle/Texas/24-008749-003/2024(H5N1)	620	37943
NS|PP755593.1|A/cattle/Texas/24-008749-003/2024(H5N1)	621	37860
NS|PP755593.1|A/cattle/Texas/24-008749-003/2024(H5N1)	622	37982
NS|PP755593.1|A/cattle/Texas/24-008749-003/2024(H5N1)	623	37241
NS|PP755593.1|A/cattle/Texas/24-008749-003/2024(H5N1)	624	37867
NS|PP755593.1|A/cattle/Texas/24-008749-003/2024(H5N1)	625	38310
NS|PP755593.1|A/cattle/Texas/24-008749-003/2024(H5N1)	626	37211
NS|PP755593.1|A/cattle/Texas/24-008749-003/2024(H5N1)	627	37407
NS|PP755593.1|A/cattle/Texas/24-008749-003/2024(H5N1)	628	37093
NS|PP755593.1|A/cattle/Texas/24-008749-003/2024(H5N1)	629	37367
NS|PP755593.1|A/cattle/Texas/24-008749-003/2024(H5N1)	630	37358
NS|PP755593.1|A/cattle/Texas/24-008749-003/2024(H5N1)	631	37141
NS|PP755593.1|A/cattle/Texas/24-008749-003/2024(H5N1)	632	37345
NS|PP755593.1|A/cattle/Texas/24-008749-003/2024(H5N1)	633	36142
NS|PP755593.1|A/cattle/Texas/24-008749-003/2024(H5N1)	634	36989
NS|PP755593.1|A/cattle/Texas/24-008749-003/2024(H5N1)	635	39452
NS|PP755593.1|A/cattle/Texas/24-008749-003/2024(H5N1)	636	39306
NS|PP755593.1|A/cattle/Texas/24-008749-003/2024(H5N1)	637	39498
NS|PP755593.1|A/cattle/Texas/24-008749-003/2024(H5N1)	638	39308
NS|PP755593.1|A/cattle/Texas/24-008749-003/2024(H5N1)	639	39349
NS|PP755593.1|A/cattle/Texas/24-008749-003/2024(H5N1)	640	39594
NS|PP755593.1|A/cattle/Texas/24-008749-003/2024(H5N1)	641	39161
NS|PP755593.1|A/cattle/Texas/24-008749-003/2024(H5N1)	642	39440
NS|PP755593.1|A/cattle/Texas/24-008749-003/2024(H5N1)	643	37022
NS|PP755593.1|A/cattle/Texas/24-008749-003/2024(H5N1)	644	37510
NS|PP755593.1|A/cattle/Texas/24-008749-003/2024(H5N1)	645	37509
NS|PP755593.1|A/cattle/Texas/24-008749-003/2024(H5N1)	646	36495
NS|PP755593.1|A/cattle/Texas/24-008749-003/2024(H5N1)	647	36296
NS|PP755593.1|A/cattle/Texas/24-008749-003/2024(H5N1)	648	37156
NS|PP755593.1|A/cattle/Texas/24-008749-003/2024(H5N1)	649	37165
NS|PP755593.1|A/cattle/Texas/24-008749-003/2024(H5N1)	650	37144
NS|PP755593.1|A/cattle/Texas/24-008749-003/2024(H5N1)	651	37070
NS|PP755593.1|A/cattle/Texas/24-008749-003/2024(H5N1)	652	36420
NS|PP755593.1|A/cattle/Texas/24-008749-003/2024(H5N1)	653	35191
NS|PP755593.1|A/cattle/Texas/24-008749-003/2024(H5N1)	654	35192
NS|PP755593.1|A/cattle/Texas/24-008749-003/2024(H5N1)	655	36389
NS|PP755593.1|A/cattle/Texas/24-008749-003/2024(H5N1)	656	36461
NS|PP755593.1|A/cattle/Texas/24-008749-003/2024(H5N1)	657	35554
NS|PP755593.1|A/cattle/Texas/24-008749-003/2024(H5N1)	658	36129
NS|PP755593.1|A/cattle/Texas/24-008749-003/2024(H5N1)	659	36153
NS|PP755593.1|A/cattle/Texas/24-008749-003/2024(H5N1)	660	35150
NS|PP755593.1|A/cattle/Texas/24-008749-003/2024(H5N1)	661	35189
NS|PP755593.1|A/cattle/Texas/24-008749-003/2024(H5N1)	662	35095
NS|PP755593.1|A/cattle/Texas/24-008749-003/2024(H5N1)	663	35189
NS|PP755593.1|A/cattle/Texas/24-008749-003/2024(H5N1)	664	35239
NS|PP755593.1|A/cattle/Texas/24-008749-003/2024(H5N1)	665	35256
NS|PP755593.1|A/cattle/Texas/24-008749-003/2024(H5N1)	666	35340
NS|PP755593.1|A/cattle/Texas/24-008749-003/2024(H5N1)	667	36641
NS|PP755593.1|A/cattle/Texas/24-008749-003/2024(H5N1)	668	36521
NS|PP755593.1|A/cattle/Texas/24-008749-003/2024(H5N1)	669	36607
NS|PP755593.1|A/cattle/Texas/24-008749-003/2024(H5N1)	670	36499
NS|PP755593.1|A/cattle/Texas/24-008749-003/2024(H5N1)	671	36864
NS|PP755593.1|A/cattle/Texas/24-008749-003/2024(H5N1)	672	37115
NS|PP755593.1|A/cattle/Texas/24-008749-003/2024(H5N1)	673	37179
NS|PP755593.1|A/cattle/Texas/24-008749-003/2024(H5N1)	674	37350
NS|PP755593.1|A/cattle/Texas/24-008749-003/2024(H5N1)	675	37167
NS|PP755593.1|A/cattle/Texas/24-008749-003/2024(H5N1)	676	37180
NS|PP755593.1|A/cattle/Texas/24-008749-003/2024(H5N1)	677	37236
NS|PP755593.1|A/cattle/Texas/24-008749-003/2024(H5N1)	678	37034
NS|PP755593.1|A/cattle/Texas/24-008749-003/2024(H5N1)	679	37039
NS|PP755593.1|A/cattle/Texas/24-008749-003/2024(H5N1)	680	36356
NS|PP755593.1|A/cattle/Texas/24-008749-003/2024(H5N1)	681	36119
NS|PP755593.1|A/cattle/Texas/24-008749-003/2024(H5N1)	682	36749
NS|PP755593.1|A/cattle/Texas/24-008749-003/2024(H5N1)	683	36194
NS|PP755593.1|A/cattle/Texas/24-008749-003/2024(H5N1)	684	36156
NS|PP755593.1|A/cattle/Texas/24-008749-003/2024(H5N1)	685	36196
NS|PP755593.1|A/cattle/Texas/24-008749-003/2024(H5N1)	686	36327
NS|PP755593.1|A/cattle/Texas/24-008749-003/2024(H5N1)	687	36392
NS|PP755593.1|A/cattle/Texas/24-008749-003/2024(H5N1)	688	36387
NS|PP755593.1|A/cattle/Texas/24-008749-003/2024(H5N1)	689	35806
NS|PP755593.1|A/cattle/Texas/24-008749-003/2024(H5N1)	690	36296
NS|PP755593.1|A/cattle/Texas/24-008749-003/2024(H5N1)	691	35897
NS|PP755593.1|A/cattle/Texas/24-008749-003/2024(H5N1)	692	35874
NS|PP755593.1|A/cattle/Texas/24-008749-003/2024(H5N1)	693	35950
NS|PP755593.1|A/cattle/Texas/24-008749-003/2024(H5N1)	694	35560
NS|PP755593.1|A/cattle/Texas/24-008749-003/2024(H5N1)	695	35682
NS|PP755593.1|A/cattle/Texas/24-008749-003/2024(H5N1)	696	35453
NS|PP755593.1|A/cattle/Texas/24-008749-003/2024(H5N1)	697	35378
NS|PP755593.1|A/cattle/Texas/24-008749-003/2024(H5N1)	698	35393
NS|PP755593.1|A/cattle/Texas/24-008749-003/2024(H5N1)	699	35658
NS|PP755593.1|A/cattle/Texas/24-008749-003/2024(H5N1)	700	35658
NS|PP755593.1|A/cattle/Texas/24-008749-003/2024(H5N1)	701	35539
NS|PP755593.1|A/cattle/Texas/24-008749-003/2024(H5N1)	702	35167
NS|PP755593.1|A/cattle/Texas/24-008749-003/2024(H5N1)	703	35454
NS|PP755593.1|A/cattle/Texas/24-008749-003/2024(H5N1)	704	34810
NS|PP755593.1|A/cattle/Texas/24-008749-003/2024(H5N1)	705	34691
NS|PP755593.1|A/cattle/Texas/24-008749-003/2024(H5N1)	706	34677
NS|PP755593.1|A/cattle/Texas/24-008749-003/2024(H5N1)	707	34612
NS|PP755593.1|A/cattle/Texas/24-008749-003/2024(H5N1)	708	34437
NS|PP755593.1|A/cattle/Texas/24-008749-003/2024(H5N1)	709	34579
NS|PP755593.1|A/cattle/Texas/24-008749-003/2024(H5N1)	710	36066
NS|PP755593.1|A/cattle/Texas/24-008749-003/2024(H5N1)	711	36164
NS|PP755593.1|A/cattle/Texas/24-008749-003/2024(H5N1)	712	36003
NS|PP755593.1|A/cattle/Texas/24-008749-003/2024(H5N1)	713	36061
NS|PP755593.1|A/cattle/Texas/24-008749-003/2024(H5N1)	714	41872
NS|PP755593.1|A/cattle/Texas/24-008749-003/2024(H5N1)	715	40181
NS|PP755593.1|A/cattle/Texas/24-008749-003/2024(H5N1)	716	40013
NS|PP755593.1|A/cattle/Texas/24-008749-003/2024(H5N1)	717	40663
NS|PP755593.1|A/cattle/Texas/24-008749-003/2024(H5N1)	718	39976
NS|PP755593.1|A/cattle/Texas/24-008749-003/2024(H5N1)	719	40442
NS|PP755593.1|A/cattle/Texas/24-008749-003/2024(H5N1)	720	40300
NS|PP755593.1|A/cattle/Texas/24-008749-003/2024(H5N1)	721	40289
NS|PP755593.1|A/cattle/Texas/24-008749-003/2024(H5N1)	722	39932
NS|PP755593.1|A/cattle/Texas/24-008749-003/2024(H5N1)	723	39822
NS|PP755593.1|A/cattle/Texas/24-008749-003/2024(H5N1)	724	39658
NS|PP755593.1|A/cattle/Texas/24-008749-003/2024(H5N1)	725	38477
NS|PP755593.1|A/cattle/Texas/24-008749-003/2024(H5N1)	726	38471
NS|PP755593.1|A/cattle/Texas/24-008749-003/2024(H5N1)	727	38472
NS|PP755593.1|A/cattle/Texas/24-008749-003/2024(H5N1)	728	36931
NS|PP755593.1|A/cattle/Texas/24-008749-003/2024(H5N1)	729	36929
NS|PP755593.1|A/cattle/Texas/24-008749-003/2024(H5N1)	730	36809
NS|PP755593.1|A/cattle/Texas/24-008749-003/2024(H5N1)	731	34745
NS|PP755593.1|A/cattle/Texas/24-008749-003/2024(H5N1)	732	34683
NS|PP755593.1|A/cattle/Texas/24-008749-003/2024(H5N1)	733	34159
NS|PP755593.1|A/cattle/Texas/24-008749-003/2024(H5N1)	734	34176
NS|PP755593.1|A/cattle/Texas/24-008749-003/2024(H5N1)	735	34293
NS|PP755593.1|A/cattle/Texas/24-008749-003/2024(H5N1)	736	34299
NS|PP755593.1|A/cattle/Texas/24-008749-003/2024(H5N1)	737	34196
NS|PP755593.1|A/cattle/Texas/24-008749-003/2024(H5N1)	738	33470
NS|PP755593.1|A/cattle/Texas/24-008749-003/2024(H5N1)	739	33436
NS|PP755593.1|A/cattle/Texas/24-008749-003/2024(H5N1)	740	33524
NS|PP755593.1|A/cattle/Texas/24-008749-003/2024(H5N1)	741	33526
NS|PP755593.1|A/cattle/Texas/24-008749-003/2024(H5N1)	742	33317
NS|PP755593.1|A/cattle/Texas/24-008749-003/2024(H5N1)	743	32751
NS|PP755593.1|A/cattle/Texas/24-008749-003/2024(H5N1)	744	32074
NS|PP755593.1|A/cattle/Texas/24-008749-003/2024(H5N1)	745	31935
NS|PP755593.1|A/cattle/Texas/24-008749-003/2024(H5N1)	746	31935
NS|PP755593.1|A/cattle/Texas/24-008749-003/2024(H5N1)	747	31769
NS|PP755593.1|A/cattle/Texas/24-008749-003/2024(H5N1)	748	31712
NS|PP755593.1|A/cattle/Texas/24-008749-003/2024(H5N1)	749	32116
NS|PP755593.1|A/cattle/Texas/24-008749-003/2024(H5N1)	750	32241
NS|PP755593.1|A/cattle/Texas/24-008749-003/2024(H5N1)	751	32241
NS|PP755593.1|A/cattle/Texas/24-008749-003/2024(H5N1)	752	32171
NS|PP755593.1|A/cattle/Texas/24-008749-003/2024(H5N1)	753	32167
NS|PP755593.1|A/cattle/Texas/24-008749-003/2024(H5N1)	754	31412
NS|PP755593.1|A/cattle/Texas/24-008749-003/2024(H5N1)	755	31420
NS|PP755593.1|A/cattle/Texas/24-008749-003/2024(H5N1)	756	31420
NS|PP755593.1|A/cattle/Texas/24-008749-003/2024(H5N1)	757	31403
NS|PP755593.1|A/cattle/Texas/24-008749-003/2024(H5N1)	758	31380
NS|PP755593.1|A/cattle/Texas/24-008749-003/2024(H5N1)	759	30517
NS|PP755593.1|A/cattle/Texas/24-008749-003/2024(H5N1)	760	30366
NS|PP755593.1|A/cattle/Texas/24-008749-003/2024(H5N1)	761	30366
NS|PP755593.1|A/cattle/Texas/24-008749-003/2024(H5N1)	762	30363
NS|PP755593.1|A/cattle/Texas/24-008749-003/2024(H5N1)	763	30320
NS|PP755593.1|A/cattle/Texas/24-008749-003/2024(H5N1)	764	30314
NS|PP755593.1|A/cattle/Texas/24-008749-003/2024(H5N1)	765	29953
NS|PP755593.1|A/cattle/Texas/24-008749-003/2024(H5N1)	766	29938
NS|PP755593.1|A/cattle/Texas/24-008749-003/2024(H5N1)	767	29820
NS|PP755593.1|A/cattle/Texas/24-008749-003/2024(H5N1)	768	29103
NS|PP755593.1|A/cattle/Texas/24-008749-003/2024(H5N1)	769	28555
NS|PP755593.1|A/cattle/Texas/24-008749-003/2024(H5N1)	770	28775
NS|PP755593.1|A/cattle/Texas/24-008749-003/2024(H5N1)	771	28783
NS|PP755593.1|A/cattle/Texas/24-008749-003/2024(H5N1)	772	28791
NS|PP755593.1|A/cattle/Texas/24-008749-003/2024(H5N1)	773	28585
NS|PP755593.1|A/cattle/Texas/24-008749-003/2024(H5N1)	774	28147
NS|PP755593.1|A/cattle/Texas/24-008749-003/2024(H5N1)	775	27617
NS|PP755593.1|A/cattle/Texas/24-008749-003/2024(H5N1)	776	27588
NS|PP755593.1|A/cattle/Texas/24-008749-003/2024(H5N1)	777	27641
NS|PP755593.1|A/cattle/Texas/24-008749-003/2024(H5N1)	778	27409
NS|PP755593.1|A/cattle/Texas/24-008749-003/2024(H5N1)	779	27227
NS|PP755593.1|A/cattle/Texas/24-008749-003/2024(H5N1)	780	27224
NS|PP755593.1|A/cattle/Texas/24-008749-003/2024(H5N1)	781	27209
NS|PP755593.1|A/cattle/Texas/24-008749-003/2024(H5N1)	782	27104
NS|PP755593.1|A/cattle/Texas/24-008749-003/2024(H5N1)	783	27091
NS|PP755593.1|A/cattle/Texas/24-008749-003/2024(H5N1)	784	27029
NS|PP755593.1|A/cattle/Texas/24-008749-003/2024(H5N1)	785	25714
NS|PP755593.1|A/cattle/Texas/24-008749-003/2024(H5N1)	786	22986
NS|PP755593.1|A/cattle/Texas/24-008749-003/2024(H5N1)	787	22916
NS|PP755593.1|A/cattle/Texas/24-008749-003/2024(H5N1)	788	22635
NS|PP755593.1|A/cattle/Texas/24-008749-003/2024(H5N1)	789	22514
NS|PP755593.1|A/cattle/Texas/24-008749-003/2024(H5N1)	790	22542
NS|PP755593.1|A/cattle/Texas/24-008749-003/2024(H5N1)	791	22037
NS|PP755593.1|A/cattle/Texas/24-008749-003/2024(H5N1)	792	22022
NS|PP755593.1|A/cattle/Texas/24-008749-003/2024(H5N1)	793	21776
NS|PP755593.1|A/cattle/Texas/24-008749-003/2024(H5N1)	794	21600
NS|PP755593.1|A/cattle/Texas/24-008749-003/2024(H5N1)	795	21117
NS|PP755593.1|A/cattle/Texas/24-008749-003/2024(H5N1)	796	21086
NS|PP755593.1|A/cattle/Texas/24-008749-003/2024(H5N1)	797	21067
NS|PP755593.1|A/cattle/Texas/24-008749-003/2024(H5N1)	798	21042
NS|PP755593.1|A/cattle/Texas/24-008749-003/2024(H5N1)	799	19908
NS|PP755593.1|A/cattle/Texas/24-008749-003/2024(H5N1)	800	19936
NS|PP755593.1|A/cattle/Texas/24-008749-003/2024(H5N1)	801	19907
NS|PP755593.1|A/cattle/Texas/24-008749-003/2024(H5N1)	802	19887
NS|PP755593.1|A/cattle/Texas/24-008749-003/2024(H5N1)	803	19787
NS|PP755593.1|A/cattle/Texas/24-008749-003/2024(H5N1)	804	18432
NS|PP755593.1|A/cattle/Texas/24-008749-003/2024(H5N1)	805	18430
NS|PP755593.1|A/cattle/Texas/24-008749-003/2024(H5N1)	806	18402
NS|PP755593.1|A/cattle/Texas/24-008749-003/2024(H5N1)	807	18276
NS|PP755593.1|A/cattle/Texas/24-008749-003/2024(H5N1)	808	18300
NS|PP755593.1|A/cattle/Texas/24-008749-003/2024(H5N1)	809	17313
NS|PP755593.1|A/cattle/Texas/24-008749-003/2024(H5N1)	810	17249
NS|PP755593.1|A/cattle/Texas/24-008749-003/2024(H5N1)	811	17189
NS|PP755593.1|A/cattle/Texas/24-008749-003/2024(H5N1)	812	17162
NS|PP755593.1|A/cattle/Texas/24-008749-003/2024(H5N1)	813	17171
NS|PP755593.1|A/cattle/Texas/24-008749-003/2024(H5N1)	814	17046
NS|PP755593.1|A/cattle/Texas/24-008749-003/2024(H5N1)	815	16988
NS|PP755593.1|A/cattle/Texas/24-008749-003/2024(H5N1)	816	16857
NS|PP755593.1|A/cattle/Texas/24-008749-003/2024(H5N1)	817	15331
NS|PP755593.1|A/cattle/Texas/24-008749-003/2024(H5N1)	818	15261
NS|PP755593.1|A/cattle/Texas/24-008749-003/2024(H5N1)	819	15256
NS|PP755593.1|A/cattle/Texas/24-008749-003/2024(H5N1)	820	15030
NS|PP755593.1|A/cattle/Texas/24-008749-003/2024(H5N1)	821	15024
NS|PP755593.1|A/cattle/Texas/24-008749-003/2024(H5N1)	822	14768
NS|PP755593.1|A/cattle/Texas/24-008749-003/2024(H5N1)	823	14751
NS|PP755593.1|A/cattle/Texas/24-008749-003/2024(H5N1)	824	14672
NS|PP755593.1|A/cattle/Texas/24-008749-003/2024(H5N1)	825	14578
NS|PP755593.1|A/cattle/Texas/24-008749-003/2024(H5N1)	826	14562
NS|PP755593.1|A/cattle/Texas/24-008749-003/2024(H5N1)	827	14549
NS|PP755593.1|A/cattle/Texas/24-008749-003/2024(H5N1)	828	14462
NS|PP755593.1|A/cattle/Texas/24-008749-003/2024(H5N1)	829	14454
NS|PP755593.1|A/cattle/Texas/24-008749-003/2024(H5N1)	830	14318
NS|PP755593.1|A/cattle/Texas/24-008749-003/2024(H5N1)	831	13997
NS|PP755593.1|A/cattle/Texas/24-008749-003/2024(H5N1)	832	13826
NS|PP755593.1|A/cattle/Texas/24-008749-003/2024(H5N1)	833	13352
NS|PP755593.1|A/cattle/Texas/24-008749-003/2024(H5N1)	834	13350
NS|PP755593.1|A/cattle/Texas/24-008749-003/2024(H5N1)	835	13349
NS|PP755593.1|A/cattle/Texas/24-008749-003/2024(H5N1)	836	13304
NS|PP755593.1|A/cattle/Texas/24-008749-003/2024(H5N1)	837	13146
NS|PP755593.1|A/cattle/Texas/24-008749-003/2024(H5N1)	838	13032
