PB1|PP755595.1|A/cattle/Texas/24-008749-003/2024(H5N1)	1	0
PB1|PP755595.1|A/cattle/Texas/24-008749-003/2024(H5N1)	2	0
PB1|PP755595.1|A/cattle/Texas/24-008749-003/2024(H5N1)	3	0
PB1|PP755595.1|A/cattle/Texas/24-008749-003/2024(H5N1)	4	0
PB1|PP755595.1|A/cattle/Texas/24-008749-003/2024(H5N1)	5	0
PB1|PP755595.1|A/cattle/Texas/24-008749-003/2024(H5N1)	6	0
PB1|PP755595.1|A/cattle/Texas/24-008749-003/2024(H5N1)	7	0
PB1|PP755595.1|A/cattle/Texas/24-008749-003/2024(H5N1)	8	0
PB1|PP755595.1|A/cattle/Texas/24-008749-003/2024(H5N1)	9	0
PB1|PP755595.1|A/cattle/Texas/24-008749-003/2024(H5N1)	10	0
PB1|PP755595.1|A/cattle/Texas/24-008749-003/2024(H5N1)	11	0
PB1|PP755595.1|A/cattle/Texas/24-008749-003/2024(H5N1)	12	0
PB1|PP755595.1|A/cattle/Texas/24-008749-003/2024(H5N1)	13	0
PB1|PP755595.1|A/cattle/Texas/24-008749-003/2024(H5N1)	14	0
PB1|PP755595.1|A/cattle/Texas/24-008749-003/2024(H5N1)	15	0
PB1|PP755595.1|A/cattle/Texas/24-008749-003/2024(H5N1)	16	0
PB1|PP755595.1|A/cattle/Texas/24-008749-003/2024(H5N1)	17	0
PB1|PP755595.1|A/cattle/Texas/24-008749-003/2024(H5N1)	18	0
PB1|PP755595.1|A/cattle/Texas/24-008749-003/2024(H5N1)	19	0
PB1|PP755595.1|A/cattle/Texas/24-008749-003/2024(H5N1)	20	0
PB1|PP755595.1|A/cattle/Texas/24-008749-003/2024(H5N1)	21	0
PB1|PP755595.1|A/cattle/Texas/24-008749-003/2024(H5N1)	22	0
PB1|PP755595.1|A/cattle/Texas/24-008749-003/2024(H5N1)	23	0
PB1|PP755595.1|A/cattle/Texas/24-008749-003/2024(H5N1)	24	0
PB1|PP755595.1|A/cattle/Texas/24-008749-003/2024(H5N1)	25	0
PB1|PP755595.1|A/cattle/Texas/24-008749-003/2024(H5N1)	26	0
PB1|PP755595.1|A/cattle/Texas/24-008749-003/2024(H5N1)	27	0
PB1|PP755595.1|A/cattle/Texas/24-008749-003/2024(H5N1)	28	0
PB1|PP755595.1|A/cattle/Texas/24-008749-003/2024(H5N1)	29	0
PB1|PP755595.1|A/cattle/Texas/24-008749-003/2024(H5N1)	30	0
PB1|PP755595.1|A/cattle/Texas/24-008749-003/2024(H5N1)	31	0
PB1|PP755595.1|A/cattle/Texas/24-008749-003/2024(H5N1)	32	0
PB1|PP755595.1|A/cattle/Texas/24-008749-003/2024(H5N1)	33	0
PB1|PP755595.1|A/cattle/Texas/24-008749-003/2024(H5N1)	34	0
PB1|PP755595.1|A/cattle/Texas/24-008749-003/2024(H5N1)	35	0
PB1|PP755595.1|A/cattle/Texas/24-008749-003/2024(H5N1)	36	0
PB1|PP755595.1|A/cattle/Texas/24-008749-003/2024(H5N1)	37	0
PB1|PP755595.1|A/cattle/Texas/24-008749-003/2024(H5N1)	38	0
PB1|PP755595.1|A/cattle/Texas/24-008749-003/2024(H5N1)	39	0
PB1|PP755595.1|A/cattle/Texas/24-008749-003/2024(H5N1)	40	0
PB1|PP755595.1|A/cattle/Texas/24-008749-003/2024(H5N1)	41	0
PB1|PP755595.1|A/cattle/Texas/24-008749-003/2024(H5N1)	42	0
PB1|PP755595.1|A/cattle/Texas/24-008749-003/2024(H5N1)	43	0
PB1|PP755595.1|A/cattle/Texas/24-008749-003/2024(H5N1)	44	0
PB1|PP755595.1|A/cattle/Texas/24-008749-003/2024(H5N1)	45	0
PB1|PP755595.1|A/cattle/Texas/24-008749-003/2024(H5N1)	46	0
PB1|PP755595.1|A/cattle/Texas/24-008749-003/2024(H5N1)	47	0
PB1|PP755595.1|A/cattle/Texas/24-008749-003/2024(H5N1)	48	0
PB1|PP755595.1|A/cattle/Texas/24-008749-003/2024(H5N1)	49	0
PB1|PP755595.1|A/cattle/Texas/24-008749-003/2024(H5N1)	50	0
PB1|PP755595.1|A/cattle/Texas/24-008749-003/2024(H5N1)	51	0
PB1|PP755595.1|A/cattle/Texas/24-008749-003/2024(H5N1)	52	0
PB1|PP755595.1|A/cattle/Texas/24-008749-003/2024(H5N1)	53	0
PB1|PP755595.1|A/cattle/Texas/24-008749-003/2024(H5N1)	54	0
PB1|PP755595.1|A/cattle/Texas/24-008749-003/2024(H5N1)	55	0
PB1|PP755595.1|A/cattle/Texas/24-008749-003/2024(H5N1)	56	0
PB1|PP755595.1|A/cattle/Texas/24-008749-003/2024(H5N1)	57	0
PB1|PP755595.1|A/cattle/Texas/24-008749-003/2024(H5N1)	58	0
PB1|PP755595.1|A/cattle/Texas/24-008749-003/2024(H5N1)	59	0
PB1|PP755595.1|A/cattle/Texas/24-008749-003/2024(H5N1)	60	0
PB1|PP755595.1|A/cattle/Texas/24-008749-003/2024(H5N1)	61	0
PB1|PP755595.1|A/cattle/Texas/24-008749-003/2024(H5N1)	62	0
PB1|PP755595.1|A/cattle/Texas/24-008749-003/2024(H5N1)	63	0
PB1|PP755595.1|A/cattle/Texas/24-008749-003/2024(H5N1)	64	0
PB1|PP755595.1|A/cattle/Texas/24-008749-003/2024(H5N1)	65	0
PB1|PP755595.1|A/cattle/Texas/24-008749-003/2024(H5N1)	66	0
PB1|PP755595.1|A/cattle/Texas/24-008749-003/2024(H5N1)	67	0
PB1|PP755595.1|A/cattle/Texas/24-008749-003/2024(H5N1)	68	0
PB1|PP755595.1|A/cattle/Texas/24-008749-003/2024(H5N1)	69	0
PB1|PP755595.1|A/cattle/Texas/24-008749-003/2024(H5N1)	70	0
PB1|PP755595.1|A/cattle/Texas/24-008749-003/2024(H5N1)	71	0
PB1|PP755595.1|A/cattle/Texas/24-008749-003/2024(H5N1)	72	0
PB1|PP755595.1|A/cattle/Texas/24-008749-003/2024(H5N1)	73	0
PB1|PP755595.1|A/cattle/Texas/24-008749-003/2024(H5N1)	74	0
PB1|PP755595.1|A/cattle/Texas/24-008749-003/2024(H5N1)	75	0
PB1|PP755595.1|A/cattle/Texas/24-008749-003/2024(H5N1)	76	0
PB1|PP755595.1|A/cattle/Texas/24-008749-003/2024(H5N1)	77	0
PB1|PP755595.1|A/cattle/Texas/24-008749-003/2024(H5N1)	78	0
PB1|PP755595.1|A/cattle/Texas/24-008749-003/2024(H5N1)	79	0
PB1|PP755595.1|A/cattle/Texas/24-008749-003/2024(H5N1)	80	0
PB1|PP755595.1|A/cattle/Texas/24-008749-003/2024(H5N1)	81	0
PB1|PP755595.1|A/cattle/Texas/24-008749-003/2024(H5N1)	82	0
PB1|PP755595.1|A/cattle/Texas/24-008749-003/2024(H5N1)	83	0
PB1|PP755595.1|A/cattle/Texas/24-008749-003/2024(H5N1)	84	0
PB1|PP755595.1|A/cattle/Texas/24-008749-003/2024(H5N1)	85	0
PB1|PP755595.1|A/cattle/Texas/24-008749-003/2024(H5N1)	86	0
PB1|PP755595.1|A/cattle/Texas/24-008749-003/2024(H5N1)	87	0
PB1|PP755595.1|A/cattle/Texas/24-008749-003/2024(H5N1)	88	0
PB1|PP755595.1|A/cattle/Texas/24-008749-003/2024(H5N1)	89	0
PB1|PP755595.1|A/cattle/Texas/24-008749-003/2024(H5N1)	90	0
PB1|PP755595.1|A/cattle/Texas/24-008749-003/2024(H5N1)	91	0
PB1|PP755595.1|A/cattle/Texas/24-008749-003/2024(H5N1)	92	0
PB1|PP755595.1|A/cattle/Texas/24-008749-003/2024(H5N1)	93	0
PB1|PP755595.1|A/cattle/Texas/24-008749-003/2024(H5N1)	94	0
PB1|PP755595.1|A/cattle/Texas/24-008749-003/2024(H5N1)	95	0
PB1|PP755595.1|A/cattle/Texas/24-008749-003/2024(H5N1)	96	0
PB1|PP755595.1|A/cattle/Texas/24-008749-003/2024(H5N1)	97	0
PB1|PP755595.1|A/cattle/Texas/24-008749-003/2024(H5N1)	98	0
PB1|PP755595.1|A/cattle/Texas/24-008749-003/2024(H5N1)	99	0
PB1|PP755595.1|A/cattle/Texas/24-008749-003/2024(H5N1)	100	0
PB1|PP755595.1|A/cattle/Texas/24-008749-003/2024(H5N1)	101	0
PB1|PP755595.1|A/cattle/Texas/24-008749-003/2024(H5N1)	102	0
PB1|PP755595.1|A/cattle/Texas/24-008749-003/2024(H5N1)	103	0
PB1|PP755595.1|A/cattle/Texas/24-008749-003/2024(H5N1)	104	0
PB1|PP755595.1|A/cattle/Texas/24-008749-003/2024(H5N1)	105	0
PB1|PP755595.1|A/cattle/Texas/24-008749-003/2024(H5N1)	106	0
PB1|PP755595.1|A/cattle/Texas/24-008749-003/2024(H5N1)	107	0
PB1|PP755595.1|A/cattle/Texas/24-008749-003/2024(H5N1)	108	0
PB1|PP755595.1|A/cattle/Texas/24-008749-003/2024(H5N1)	109	0
PB1|PP755595.1|A/cattle/Texas/24-008749-003/2024(H5N1)	110	0
PB1|PP755595.1|A/cattle/Texas/24-008749-003/2024(H5N1)	111	0
PB1|PP755595.1|A/cattle/Texas/24-008749-003/2024(H5N1)	112	0
PB1|PP755595.1|A/cattle/Texas/24-008749-003/2024(H5N1)	113	0
PB1|PP755595.1|A/cattle/Texas/24-008749-003/2024(H5N1)	114	0
PB1|PP755595.1|A/cattle/Texas/24-008749-003/2024(H5N1)	115	0
PB1|PP755595.1|A/cattle/Texas/24-008749-003/2024(H5N1)	116	0
PB1|PP755595.1|A/cattle/Texas/24-008749-003/2024(H5N1)	117	0
PB1|PP755595.1|A/cattle/Texas/24-008749-003/2024(H5N1)	118	0
PB1|PP755595.1|A/cattle/Texas/24-008749-003/2024(H5N1)	119	0
PB1|PP755595.1|A/cattle/Texas/24-008749-003/2024(H5N1)	120	0
PB1|PP755595.1|A/cattle/Texas/24-008749-003/2024(H5N1)	121	0
PB1|PP755595.1|A/cattle/Texas/24-008749-003/2024(H5N1)	122	0
PB1|PP755595.1|A/cattle/Texas/24-008749-003/2024(H5N1)	123	0
PB1|PP755595.1|A/cattle/Texas/24-008749-003/2024(H5N1)	124	0
PB1|PP755595.1|A/cattle/Texas/24-008749-003/2024(H5N1)	125	0
PB1|PP755595.1|A/cattle/Texas/24-008749-003/2024(H5N1)	126	0
PB1|PP755595.1|A/cattle/Texas/24-008749-003/2024(H5N1)	127	0
PB1|PP755595.1|A/cattle/Texas/24-008749-003/2024(H5N1)	128	0
PB1|PP755595.1|A/cattle/Texas/24-008749-003/2024(H5N1)	129	0
PB1|PP755595.1|A/cattle/Texas/24-008749-003/2024(H5N1)	130	0
PB1|PP755595.1|A/cattle/Texas/24-008749-003/2024(H5N1)	131	0
PB1|PP755595.1|A/cattle/Texas/24-008749-003/2024(H5N1)	132	0
PB1|PP755595.1|A/cattle/Texas/24-008749-003/2024(H5N1)	133	0
PB1|PP755595.1|A/cattle/Texas/24-008749-003/2024(H5N1)	134	0
PB1|PP755595.1|A/cattle/Texas/24-008749-003/2024(H5N1)	135	0
PB1|PP755595.1|A/cattle/Texas/24-008749-003/2024(H5N1)	136	0
PB1|PP755595.1|A/cattle/Texas/24-008749-003/2024(H5N1)	137	0
PB1|PP755595.1|A/cattle/Texas/24-008749-003/2024(H5N1)	138	0
PB1|PP755595.1|A/cattle/Texas/24-008749-003/2024(H5N1)	139	0
PB1|PP755595.1|A/cattle/Texas/24-008749-003/2024(H5N1)	140	0
PB1|PP755595.1|A/cattle/Texas/24-008749-003/2024(H5N1)	141	0
PB1|PP755595.1|A/cattle/Texas/24-008749-003/2024(H5N1)	142	0
PB1|PP755595.1|A/cattle/Texas/24-008749-003/2024(H5N1)	143	0
PB1|PP755595.1|A/cattle/Texas/24-008749-003/2024(H5N1)	144	0
PB1|PP755595.1|A/cattle/Texas/24-008749-003/2024(H5N1)	145	0
PB1|PP755595.1|A/cattle/Texas/24-008749-003/2024(H5N1)	146	0
PB1|PP755595.1|A/cattle/Texas/24-008749-003/2024(H5N1)	147	0
PB1|PP755595.1|A/cattle/Texas/24-008749-003/2024(H5N1)	148	0
PB1|PP755595.1|A/cattle/Texas/24-008749-003/2024(H5N1)	149	0
PB1|PP755595.1|A/cattle/Texas/24-008749-003/2024(H5N1)	150	0
PB1|PP755595.1|A/cattle/Texas/24-008749-003/2024(H5N1)	151	0
PB1|PP755595.1|A/cattle/Texas/24-008749-003/2024(H5N1)	152	0
PB1|PP755595.1|A/cattle/Texas/24-008749-003/2024(H5N1)	153	0
PB1|PP755595.1|A/cattle/Texas/24-008749-003/2024(H5N1)	154	0
PB1|PP755595.1|A/cattle/Texas/24-008749-003/2024(H5N1)	155	0
PB1|PP755595.1|A/cattle/Texas/24-008749-003/2024(H5N1)	156	0
PB1|PP755595.1|A/cattle/Texas/24-008749-003/2024(H5N1)	157	0
PB1|PP755595.1|A/cattle/Texas/24-008749-003/2024(H5N1)	158	0
PB1|PP755595.1|A/cattle/Texas/24-008749-003/2024(H5N1)	159	0
PB1|PP755595.1|A/cattle/Texas/24-008749-003/2024(H5N1)	160	0
PB1|PP755595.1|A/cattle/Texas/24-008749-003/2024(H5N1)	161	0
PB1|PP755595.1|A/cattle/Texas/24-008749-003/2024(H5N1)	162	0
PB1|PP755595.1|A/cattle/Texas/24-008749-003/2024(H5N1)	163	0
PB1|PP755595.1|A/cattle/Texas/24-008749-003/2024(H5N1)	164	0
PB1|PP755595.1|A/cattle/Texas/24-008749-003/2024(H5N1)	165	0
PB1|PP755595.1|A/cattle/Texas/24-008749-003/2024(H5N1)	166	0
PB1|PP755595.1|A/cattle/Texas/24-008749-003/2024(H5N1)	167	0
PB1|PP755595.1|A/cattle/Texas/24-008749-003/2024(H5N1)	168	0
PB1|PP755595.1|A/cattle/Texas/24-008749-003/2024(H5N1)	169	0
PB1|PP755595.1|A/cattle/Texas/24-008749-003/2024(H5N1)	170	0
PB1|PP755595.1|A/cattle/Texas/24-008749-003/2024(H5N1)	171	0
PB1|PP755595.1|A/cattle/Texas/24-008749-003/2024(H5N1)	172	0
PB1|PP755595.1|A/cattle/Texas/24-008749-003/2024(H5N1)	173	0
PB1|PP755595.1|A/cattle/Texas/24-008749-003/2024(H5N1)	174	0
PB1|PP755595.1|A/cattle/Texas/24-008749-003/2024(H5N1)	175	0
PB1|PP755595.1|A/cattle/Texas/24-008749-003/2024(H5N1)	176	0
PB1|PP755595.1|A/cattle/Texas/24-008749-003/2024(H5N1)	177	0
PB1|PP755595.1|A/cattle/Texas/24-008749-003/2024(H5N1)	178	0
PB1|PP755595.1|A/cattle/Texas/24-008749-003/2024(H5N1)	179	0
PB1|PP755595.1|A/cattle/Texas/24-008749-003/2024(H5N1)	180	0
PB1|PP755595.1|A/cattle/Texas/24-008749-003/2024(H5N1)	181	0
PB1|PP755595.1|A/cattle/Texas/24-008749-003/2024(H5N1)	182	0
PB1|PP755595.1|A/cattle/Texas/24-008749-003/2024(H5N1)	183	0
PB1|PP755595.1|A/cattle/Texas/24-008749-003/2024(H5N1)	184	0
PB1|PP755595.1|A/cattle/Texas/24-008749-003/2024(H5N1)	185	0
PB1|PP755595.1|A/cattle/Texas/24-008749-003/2024(H5N1)	186	0
PB1|PP755595.1|A/cattle/Texas/24-008749-003/2024(H5N1)	187	0
PB1|PP755595.1|A/cattle/Texas/24-008749-003/2024(H5N1)	188	0
PB1|PP755595.1|A/cattle/Texas/24-008749-003/2024(H5N1)	189	0
PB1|PP755595.1|A/cattle/Texas/24-008749-003/2024(H5N1)	190	0
PB1|PP755595.1|A/cattle/Texas/24-008749-003/2024(H5N1)	191	0
PB1|PP755595.1|A/cattle/Texas/24-008749-003/2024(H5N1)	192	0
PB1|PP755595.1|A/cattle/Texas/24-008749-003/2024(H5N1)	193	0
PB1|PP755595.1|A/cattle/Texas/24-008749-003/2024(H5N1)	194	0
PB1|PP755595.1|A/cattle/Texas/24-008749-003/2024(H5N1)	195	0
PB1|PP755595.1|A/cattle/Texas/24-008749-003/2024(H5N1)	196	0
PB1|PP755595.1|A/cattle/Texas/24-008749-003/2024(H5N1)	197	0
PB1|PP755595.1|A/cattle/Texas/24-008749-003/2024(H5N1)	198	0
PB1|PP755595.1|A/cattle/Texas/24-008749-003/2024(H5N1)	199	0
PB1|PP755595.1|A/cattle/Texas/24-008749-003/2024(H5N1)	200	0
PB1|PP755595.1|A/cattle/Texas/24-008749-003/2024(H5N1)	201	0
PB1|PP755595.1|A/cattle/Texas/24-008749-003/2024(H5N1)	202	0
PB1|PP755595.1|A/cattle/Texas/24-008749-003/2024(H5N1)	203	0
PB1|PP755595.1|A/cattle/Texas/24-008749-003/2024(H5N1)	204	0
PB1|PP755595.1|A/cattle/Texas/24-008749-003/2024(H5N1)	205	0
PB1|PP755595.1|A/cattle/Texas/24-008749-003/2024(H5N1)	206	0
PB1|PP755595.1|A/cattle/Texas/24-008749-003/2024(H5N1)	207	0
PB1|PP755595.1|A/cattle/Texas/24-008749-003/2024(H5N1)	208	0
PB1|PP755595.1|A/cattle/Texas/24-008749-003/2024(H5N1)	209	0
PB1|PP755595.1|A/cattle/Texas/24-008749-003/2024(H5N1)	210	0
PB1|PP755595.1|A/cattle/Texas/24-008749-003/2024(H5N1)	211	0
PB1|PP755595.1|A/cattle/Texas/24-008749-003/2024(H5N1)	212	0
PB1|PP755595.1|A/cattle/Texas/24-008749-003/2024(H5N1)	213	0
PB1|PP755595.1|A/cattle/Texas/24-008749-003/2024(H5N1)	214	0
PB1|PP755595.1|A/cattle/Texas/24-008749-003/2024(H5N1)	215	1
PB1|PP755595.1|A/cattle/Texas/24-008749-003/2024(H5N1)	216	1
PB1|PP755595.1|A/cattle/Texas/24-008749-003/2024(H5N1)	217	1
PB1|PP755595.1|A/cattle/Texas/24-008749-003/2024(H5N1)	218	1
PB1|PP755595.1|A/cattle/Texas/24-008749-003/2024(H5N1)	219	1
PB1|PP755595.1|A/cattle/Texas/24-008749-003/2024(H5N1)	220	1
PB1|PP755595.1|A/cattle/Texas/24-008749-003/2024(H5N1)	221	1
PB1|PP755595.1|A/cattle/Texas/24-008749-003/2024(H5N1)	222	1
PB1|PP755595.1|A/cattle/Texas/24-008749-003/2024(H5N1)	223	1
PB1|PP755595.1|A/cattle/Texas/24-008749-003/2024(H5N1)	224	1
PB1|PP755595.1|A/cattle/Texas/24-008749-003/2024(H5N1)	225	1
PB1|PP755595.1|A/cattle/Texas/24-008749-003/2024(H5N1)	226	1
PB1|PP755595.1|A/cattle/Texas/24-008749-003/2024(H5N1)	227	1
PB1|PP755595.1|A/cattle/Texas/24-008749-003/2024(H5N1)	228	1
PB1|PP755595.1|A/cattle/Texas/24-008749-003/2024(H5N1)	229	1
PB1|PP755595.1|A/cattle/Texas/24-008749-003/2024(H5N1)	230	1
PB1|PP755595.1|A/cattle/Texas/24-008749-003/2024(H5N1)	231	1
PB1|PP755595.1|A/cattle/Texas/24-008749-003/2024(H5N1)	232	1
PB1|PP755595.1|A/cattle/Texas/24-008749-003/2024(H5N1)	233	1
PB1|PP755595.1|A/cattle/Texas/24-008749-003/2024(H5N1)	234	1
PB1|PP755595.1|A/cattle/Texas/24-008749-003/2024(H5N1)	235	1
PB1|PP755595.1|A/cattle/Texas/24-008749-003/2024(H5N1)	236	1
PB1|PP755595.1|A/cattle/Texas/24-008749-003/2024(H5N1)	237	1
PB1|PP755595.1|A/cattle/Texas/24-008749-003/2024(H5N1)	238	1
PB1|PP755595.1|A/cattle/Texas/24-008749-003/2024(H5N1)	239	1
PB1|PP755595.1|A/cattle/Texas/24-008749-003/2024(H5N1)	240	1
PB1|PP755595.1|A/cattle/Texas/24-008749-003/2024(H5N1)	241	1
PB1|PP755595.1|A/cattle/Texas/24-008749-003/2024(H5N1)	242	1
PB1|PP755595.1|A/cattle/Texas/24-008749-003/2024(H5N1)	243	1
PB1|PP755595.1|A/cattle/Texas/24-008749-003/2024(H5N1)	244	1
PB1|PP755595.1|A/cattle/Texas/24-008749-003/2024(H5N1)	245	1
PB1|PP755595.1|A/cattle/Texas/24-008749-003/2024(H5N1)	246	1
PB1|PP755595.1|A/cattle/Texas/24-008749-003/2024(H5N1)	247	1
PB1|PP755595.1|A/cattle/Texas/24-008749-003/2024(H5N1)	248	1
PB1|PP755595.1|A/cattle/Texas/24-008749-003/2024(H5N1)	249	1
PB1|PP755595.1|A/cattle/Texas/24-008749-003/2024(H5N1)	250	1
PB1|PP755595.1|A/cattle/Texas/24-008749-003/2024(H5N1)	251	1
PB1|PP755595.1|A/cattle/Texas/24-008749-003/2024(H5N1)	252	1
PB1|PP755595.1|A/cattle/Texas/24-008749-003/2024(H5N1)	253	1
PB1|PP755595.1|A/cattle/Texas/24-008749-003/2024(H5N1)	254	1
PB1|PP755595.1|A/cattle/Texas/24-008749-003/2024(H5N1)	255	1
PB1|PP755595.1|A/cattle/Texas/24-008749-003/2024(H5N1)	256	1
PB1|PP755595.1|A/cattle/Texas/24-008749-003/2024(H5N1)	257	1
PB1|PP755595.1|A/cattle/Texas/24-008749-003/2024(H5N1)	258	1
PB1|PP755595.1|A/cattle/Texas/24-008749-003/2024(H5N1)	259	1
PB1|PP755595.1|A/cattle/Texas/24-008749-003/2024(H5N1)	260	1
PB1|PP755595.1|A/cattle/Texas/24-008749-003/2024(H5N1)	261	1
PB1|PP755595.1|A/cattle/Texas/24-008749-003/2024(H5N1)	262	1
PB1|PP755595.1|A/cattle/Texas/24-008749-003/2024(H5N1)	263	1
PB1|PP755595.1|A/cattle/Texas/24-008749-003/2024(H5N1)	264	1
PB1|PP755595.1|A/cattle/Texas/24-008749-003/2024(H5N1)	265	1
PB1|PP755595.1|A/cattle/Texas/24-008749-003/2024(H5N1)	266	1
PB1|PP755595.1|A/cattle/Texas/24-008749-003/2024(H5N1)	267	1
PB1|PP755595.1|A/cattle/Texas/24-008749-003/2024(H5N1)	268	1
PB1|PP755595.1|A/cattle/Texas/24-008749-003/2024(H5N1)	269	1
PB1|PP755595.1|A/cattle/Texas/24-008749-003/2024(H5N1)	270	1
PB1|PP755595.1|A/cattle/Texas/24-008749-003/2024(H5N1)	271	1
PB1|PP755595.1|A/cattle/Texas/24-008749-003/2024(H5N1)	272	1
PB1|PP755595.1|A/cattle/Texas/24-008749-003/2024(H5N1)	273	1
PB1|PP755595.1|A/cattle/Texas/24-008749-003/2024(H5N1)	274	1
PB1|PP755595.1|A/cattle/Texas/24-008749-003/2024(H5N1)	275	1
PB1|PP755595.1|A/cattle/Texas/24-008749-003/2024(H5N1)	276	1
PB1|PP755595.1|A/cattle/Texas/24-008749-003/2024(H5N1)	277	1
PB1|PP755595.1|A/cattle/Texas/24-008749-003/2024(H5N1)	278	1
PB1|PP755595.1|A/cattle/Texas/24-008749-003/2024(H5N1)	279	1
PB1|PP755595.1|A/cattle/Texas/24-008749-003/2024(H5N1)	280	1
PB1|PP755595.1|A/cattle/Texas/24-008749-003/2024(H5N1)	281	1
PB1|PP755595.1|A/cattle/Texas/24-008749-003/2024(H5N1)	282	1
PB1|PP755595.1|A/cattle/Texas/24-008749-003/2024(H5N1)	283	1
PB1|PP755595.1|A/cattle/Texas/24-008749-003/2024(H5N1)	284	1
PB1|PP755595.1|A/cattle/Texas/24-008749-003/2024(H5N1)	285	1
PB1|PP755595.1|A/cattle/Texas/24-008749-003/2024(H5N1)	286	1
PB1|PP755595.1|A/cattle/Texas/24-008749-003/2024(H5N1)	287	1
PB1|PP755595.1|A/cattle/Texas/24-008749-003/2024(H5N1)	288	1
PB1|PP755595.1|A/cattle/Texas/24-008749-003/2024(H5N1)	289	1
PB1|PP755595.1|A/cattle/Texas/24-008749-003/2024(H5N1)	290	1
PB1|PP755595.1|A/cattle/Texas/24-008749-003/2024(H5N1)	291	1
PB1|PP755595.1|A/cattle/Texas/24-008749-003/2024(H5N1)	292	1
PB1|PP755595.1|A/cattle/Texas/24-008749-003/2024(H5N1)	293	1
PB1|PP755595.1|A/cattle/Texas/24-008749-003/2024(H5N1)	294	1
PB1|PP755595.1|A/cattle/Texas/24-008749-003/2024(H5N1)	295	1
PB1|PP755595.1|A/cattle/Texas/24-008749-003/2024(H5N1)	296	1
PB1|PP755595.1|A/cattle/Texas/24-008749-003/2024(H5N1)	297	1
PB1|PP755595.1|A/cattle/Texas/24-008749-003/2024(H5N1)	298	1
PB1|PP755595.1|A/cattle/Texas/24-008749-003/2024(H5N1)	299	1
PB1|PP755595.1|A/cattle/Texas/24-008749-003/2024(H5N1)	300	1
PB1|PP755595.1|A/cattle/Texas/24-008749-003/2024(H5N1)	301	1
PB1|PP755595.1|A/cattle/Texas/24-008749-003/2024(H5N1)	302	1
PB1|PP755595.1|A/cattle/Texas/24-008749-003/2024(H5N1)	303	1
PB1|PP755595.1|A/cattle/Texas/24-008749-003/2024(H5N1)	304	1
PB1|PP755595.1|A/cattle/Texas/24-008749-003/2024(H5N1)	305	1
PB1|PP755595.1|A/cattle/Texas/24-008749-003/2024(H5N1)	306	1
PB1|PP755595.1|A/cattle/Texas/24-008749-003/2024(H5N1)	307	1
PB1|PP755595.1|A/cattle/Texas/24-008749-003/2024(H5N1)	308	1
PB1|PP755595.1|A/cattle/Texas/24-008749-003/2024(H5N1)	309	1
PB1|PP755595.1|A/cattle/Texas/24-008749-003/2024(H5N1)	310	1
PB1|PP755595.1|A/cattle/Texas/24-008749-003/2024(H5N1)	311	1
PB1|PP755595.1|A/cattle/Texas/24-008749-003/2024(H5N1)	312	1
PB1|PP755595.1|A/cattle/Texas/24-008749-003/2024(H5N1)	313	1
PB1|PP755595.1|A/cattle/Texas/24-008749-003/2024(H5N1)	314	1
PB1|PP755595.1|A/cattle/Texas/24-008749-003/2024(H5N1)	315	1
PB1|PP755595.1|A/cattle/Texas/24-008749-003/2024(H5N1)	316	1
PB1|PP755595.1|A/cattle/Texas/24-008749-003/2024(H5N1)	317	1
PB1|PP755595.1|A/cattle/Texas/24-008749-003/2024(H5N1)	318	1
PB1|PP755595.1|A/cattle/Texas/24-008749-003/2024(H5N1)	319	1
PB1|PP755595.1|A/cattle/Texas/24-008749-003/2024(H5N1)	320	1
PB1|PP755595.1|A/cattle/Texas/24-008749-003/2024(H5N1)	321	1
PB1|PP755595.1|A/cattle/Texas/24-008749-003/2024(H5N1)	322	0
PB1|PP755595.1|A/cattle/Texas/24-008749-003/2024(H5N1)	323	0
PB1|PP755595.1|A/cattle/Texas/24-008749-003/2024(H5N1)	324	0
PB1|PP755595.1|A/cattle/Texas/24-008749-003/2024(H5N1)	325	0
PB1|PP755595.1|A/cattle/Texas/24-008749-003/2024(H5N1)	326	0
PB1|PP755595.1|A/cattle/Texas/24-008749-003/2024(H5N1)	327	0
PB1|PP755595.1|A/cattle/Texas/24-008749-003/2024(H5N1)	328	0
PB1|PP755595.1|A/cattle/Texas/24-008749-003/2024(H5N1)	329	0
PB1|PP755595.1|A/cattle/Texas/24-008749-003/2024(H5N1)	330	0
PB1|PP755595.1|A/cattle/Texas/24-008749-003/2024(H5N1)	331	0
PB1|PP755595.1|A/cattle/Texas/24-008749-003/2024(H5N1)	332	0
PB1|PP755595.1|A/cattle/Texas/24-008749-003/2024(H5N1)	333	0
PB1|PP755595.1|A/cattle/Texas/24-008749-003/2024(H5N1)	334	0
PB1|PP755595.1|A/cattle/Texas/24-008749-003/2024(H5N1)	335	0
PB1|PP755595.1|A/cattle/Texas/24-008749-003/2024(H5N1)	336	0
PB1|PP755595.1|A/cattle/Texas/24-008749-003/2024(H5N1)	337	0
PB1|PP755595.1|A/cattle/Texas/24-008749-003/2024(H5N1)	338	0
PB1|PP755595.1|A/cattle/Texas/24-008749-003/2024(H5N1)	339	0
PB1|PP755595.1|A/cattle/Texas/24-008749-003/2024(H5N1)	340	0
PB1|PP755595.1|A/cattle/Texas/24-008749-003/2024(H5N1)	341	0
PB1|PP755595.1|A/cattle/Texas/24-008749-003/2024(H5N1)	342	0
PB1|PP755595.1|A/cattle/Texas/24-008749-003/2024(H5N1)	343	0
PB1|PP755595.1|A/cattle/Texas/24-008749-003/2024(H5N1)	344	0
PB1|PP755595.1|A/cattle/Texas/24-008749-003/2024(H5N1)	345	0
PB1|PP755595.1|A/cattle/Texas/24-008749-003/2024(H5N1)	346	0
PB1|PP755595.1|A/cattle/Texas/24-008749-003/2024(H5N1)	347	0
PB1|PP755595.1|A/cattle/Texas/24-008749-003/2024(H5N1)	348	0
PB1|PP755595.1|A/cattle/Texas/24-008749-003/2024(H5N1)	349	0
PB1|PP755595.1|A/cattle/Texas/24-008749-003/2024(H5N1)	350	0
PB1|PP755595.1|A/cattle/Texas/24-008749-003/2024(H5N1)	351	0
PB1|PP755595.1|A/cattle/Texas/24-008749-003/2024(H5N1)	352	0
PB1|PP755595.1|A/cattle/Texas/24-008749-003/2024(H5N1)	353	0
PB1|PP755595.1|A/cattle/Texas/24-008749-003/2024(H5N1)	354	0
PB1|PP755595.1|A/cattle/Texas/24-008749-003/2024(H5N1)	355	0
PB1|PP755595.1|A/cattle/Texas/24-008749-003/2024(H5N1)	356	0
PB1|PP755595.1|A/cattle/Texas/24-008749-003/2024(H5N1)	357	0
PB1|PP755595.1|A/cattle/Texas/24-008749-003/2024(H5N1)	358	0
PB1|PP755595.1|A/cattle/Texas/24-008749-003/2024(H5N1)	359	0
PB1|PP755595.1|A/cattle/Texas/24-008749-003/2024(H5N1)	360	0
PB1|PP755595.1|A/cattle/Texas/24-008749-003/2024(H5N1)	361	0
PB1|PP755595.1|A/cattle/Texas/24-008749-003/2024(H5N1)	362	0
PB1|PP755595.1|A/cattle/Texas/24-008749-003/2024(H5N1)	363	0
PB1|PP755595.1|A/cattle/Texas/24-008749-003/2024(H5N1)	364	0
PB1|PP755595.1|A/cattle/Texas/24-008749-003/2024(H5N1)	365	0
PB1|PP755595.1|A/cattle/Texas/24-008749-003/2024(H5N1)	366	0
PB1|PP755595.1|A/cattle/Texas/24-008749-003/2024(H5N1)	367	0
PB1|PP755595.1|A/cattle/Texas/24-008749-003/2024(H5N1)	368	0
PB1|PP755595.1|A/cattle/Texas/24-008749-003/2024(H5N1)	369	0
PB1|PP755595.1|A/cattle/Texas/24-008749-003/2024(H5N1)	370	0
PB1|PP755595.1|A/cattle/Texas/24-008749-003/2024(H5N1)	371	0
PB1|PP755595.1|A/cattle/Texas/24-008749-003/2024(H5N1)	372	0
PB1|PP755595.1|A/cattle/Texas/24-008749-003/2024(H5N1)	373	0
PB1|PP755595.1|A/cattle/Texas/24-008749-003/2024(H5N1)	374	0
PB1|PP755595.1|A/cattle/Texas/24-008749-003/2024(H5N1)	375	0
PB1|PP755595.1|A/cattle/Texas/24-008749-003/2024(H5N1)	376	0
PB1|PP755595.1|A/cattle/Texas/24-008749-003/2024(H5N1)	377	0
PB1|PP755595.1|A/cattle/Texas/24-008749-003/2024(H5N1)	378	0
PB1|PP755595.1|A/cattle/Texas/24-008749-003/2024(H5N1)	379	0
PB1|PP755595.1|A/cattle/Texas/24-008749-003/2024(H5N1)	380	0
PB1|PP755595.1|A/cattle/Texas/24-008749-003/2024(H5N1)	381	0
PB1|PP755595.1|A/cattle/Texas/24-008749-003/2024(H5N1)	382	0
PB1|PP755595.1|A/cattle/Texas/24-008749-003/2024(H5N1)	383	0
PB1|PP755595.1|A/cattle/Texas/24-008749-003/2024(H5N1)	384	0
PB1|PP755595.1|A/cattle/Texas/24-008749-003/2024(H5N1)	385	0
PB1|PP755595.1|A/cattle/Texas/24-008749-003/2024(H5N1)	386	0
PB1|PP755595.1|A/cattle/Texas/24-008749-003/2024(H5N1)	387	0
PB1|PP755595.1|A/cattle/Texas/24-008749-003/2024(H5N1)	388	0
PB1|PP755595.1|A/cattle/Texas/24-008749-003/2024(H5N1)	389	0
PB1|PP755595.1|A/cattle/Texas/24-008749-003/2024(H5N1)	390	0
PB1|PP755595.1|A/cattle/Texas/24-008749-003/2024(H5N1)	391	0
PB1|PP755595.1|A/cattle/Texas/24-008749-003/2024(H5N1)	392	0
PB1|PP755595.1|A/cattle/Texas/24-008749-003/2024(H5N1)	393	0
PB1|PP755595.1|A/cattle/Texas/24-008749-003/2024(H5N1)	394	0
PB1|PP755595.1|A/cattle/Texas/24-008749-003/2024(H5N1)	395	0
PB1|PP755595.1|A/cattle/Texas/24-008749-003/2024(H5N1)	396	0
PB1|PP755595.1|A/cattle/Texas/24-008749-003/2024(H5N1)	397	0
PB1|PP755595.1|A/cattle/Texas/24-008749-003/2024(H5N1)	398	0
PB1|PP755595.1|A/cattle/Texas/24-008749-003/2024(H5N1)	399	0
PB1|PP755595.1|A/cattle/Texas/24-008749-003/2024(H5N1)	400	0
PB1|PP755595.1|A/cattle/Texas/24-008749-003/2024(H5N1)	401	0
PB1|PP755595.1|A/cattle/Texas/24-008749-003/2024(H5N1)	402	0
PB1|PP755595.1|A/cattle/Texas/24-008749-003/2024(H5N1)	403	0
PB1|PP755595.1|A/cattle/Texas/24-008749-003/2024(H5N1)	404	0
PB1|PP755595.1|A/cattle/Texas/24-008749-003/2024(H5N1)	405	1
PB1|PP755595.1|A/cattle/Texas/24-008749-003/2024(H5N1)	406	1
PB1|PP755595.1|A/cattle/Texas/24-008749-003/2024(H5N1)	407	1
PB1|PP755595.1|A/cattle/Texas/24-008749-003/2024(H5N1)	408	1
PB1|PP755595.1|A/cattle/Texas/24-008749-003/2024(H5N1)	409	1
PB1|PP755595.1|A/cattle/Texas/24-008749-003/2024(H5N1)	410	1
PB1|PP755595.1|A/cattle/Texas/24-008749-003/2024(H5N1)	411	1
PB1|PP755595.1|A/cattle/Texas/24-008749-003/2024(H5N1)	412	1
PB1|PP755595.1|A/cattle/Texas/24-008749-003/2024(H5N1)	413	1
PB1|PP755595.1|A/cattle/Texas/24-008749-003/2024(H5N1)	414	1
PB1|PP755595.1|A/cattle/Texas/24-008749-003/2024(H5N1)	415	1
PB1|PP755595.1|A/cattle/Texas/24-008749-003/2024(H5N1)	416	1
PB1|PP755595.1|A/cattle/Texas/24-008749-003/2024(H5N1)	417	1
PB1|PP755595.1|A/cattle/Texas/24-008749-003/2024(H5N1)	418	1
PB1|PP755595.1|A/cattle/Texas/24-008749-003/2024(H5N1)	419	1
PB1|PP755595.1|A/cattle/Texas/24-008749-003/2024(H5N1)	420	1
PB1|PP755595.1|A/cattle/Texas/24-008749-003/2024(H5N1)	421	1
PB1|PP755595.1|A/cattle/Texas/24-008749-003/2024(H5N1)	422	1
PB1|PP755595.1|A/cattle/Texas/24-008749-003/2024(H5N1)	423	1
PB1|PP755595.1|A/cattle/Texas/24-008749-003/2024(H5N1)	424	1
PB1|PP755595.1|A/cattle/Texas/24-008749-003/2024(H5N1)	425	1
PB1|PP755595.1|A/cattle/Texas/24-008749-003/2024(H5N1)	426	1
PB1|PP755595.1|A/cattle/Texas/24-008749-003/2024(H5N1)	427	1
PB1|PP755595.1|A/cattle/Texas/24-008749-003/2024(H5N1)	428	1
PB1|PP755595.1|A/cattle/Texas/24-008749-003/2024(H5N1)	429	2
PB1|PP755595.1|A/cattle/Texas/24-008749-003/2024(H5N1)	430	2
PB1|PP755595.1|A/cattle/Texas/24-008749-003/2024(H5N1)	431	2
PB1|PP755595.1|A/cattle/Texas/24-008749-003/2024(H5N1)	432	2
PB1|PP755595.1|A/cattle/Texas/24-008749-003/2024(H5N1)	433	2
PB1|PP755595.1|A/cattle/Texas/24-008749-003/2024(H5N1)	434	3
PB1|PP755595.1|A/cattle/Texas/24-008749-003/2024(H5N1)	435	3
PB1|PP755595.1|A/cattle/Texas/24-008749-003/2024(H5N1)	436	3
PB1|PP755595.1|A/cattle/Texas/24-008749-003/2024(H5N1)	437	3
PB1|PP755595.1|A/cattle/Texas/24-008749-003/2024(H5N1)	438	3
PB1|PP755595.1|A/cattle/Texas/24-008749-003/2024(H5N1)	439	3
PB1|PP755595.1|A/cattle/Texas/24-008749-003/2024(H5N1)	440	3
PB1|PP755595.1|A/cattle/Texas/24-008749-003/2024(H5N1)	441	3
PB1|PP755595.1|A/cattle/Texas/24-008749-003/2024(H5N1)	442	4
PB1|PP755595.1|A/cattle/Texas/24-008749-003/2024(H5N1)	443	4
PB1|PP755595.1|A/cattle/Texas/24-008749-003/2024(H5N1)	444	4
PB1|PP755595.1|A/cattle/Texas/24-008749-003/2024(H5N1)	445	4
PB1|PP755595.1|A/cattle/Texas/24-008749-003/2024(H5N1)	446	4
PB1|PP755595.1|A/cattle/Texas/24-008749-003/2024(H5N1)	447	4
PB1|PP755595.1|A/cattle/Texas/24-008749-003/2024(H5N1)	448	4
PB1|PP755595.1|A/cattle/Texas/24-008749-003/2024(H5N1)	449	4
PB1|PP755595.1|A/cattle/Texas/24-008749-003/2024(H5N1)	450	4
PB1|PP755595.1|A/cattle/Texas/24-008749-003/2024(H5N1)	451	4
PB1|PP755595.1|A/cattle/Texas/24-008749-003/2024(H5N1)	452	4
PB1|PP755595.1|A/cattle/Texas/24-008749-003/2024(H5N1)	453	4
PB1|PP755595.1|A/cattle/Texas/24-008749-003/2024(H5N1)	454	4
PB1|PP755595.1|A/cattle/Texas/24-008749-003/2024(H5N1)	455	4
PB1|PP755595.1|A/cattle/Texas/24-008749-003/2024(H5N1)	456	4
PB1|PP755595.1|A/cattle/Texas/24-008749-003/2024(H5N1)	457	4
PB1|PP755595.1|A/cattle/Texas/24-008749-003/2024(H5N1)	458	4
PB1|PP755595.1|A/cattle/Texas/24-008749-003/2024(H5N1)	459	4
PB1|PP755595.1|A/cattle/Texas/24-008749-003/2024(H5N1)	460	4
PB1|PP755595.1|A/cattle/Texas/24-008749-003/2024(H5N1)	461	4
PB1|PP755595.1|A/cattle/Texas/24-008749-003/2024(H5N1)	462	4
PB1|PP755595.1|A/cattle/Texas/24-008749-003/2024(H5N1)	463	4
PB1|PP755595.1|A/cattle/Texas/24-008749-003/2024(H5N1)	464	4
PB1|PP755595.1|A/cattle/Texas/24-008749-003/2024(H5N1)	465	4
PB1|PP755595.1|A/cattle/Texas/24-008749-003/2024(H5N1)	466	4
PB1|PP755595.1|A/cattle/Texas/24-008749-003/2024(H5N1)	467	4
PB1|PP755595.1|A/cattle/Texas/24-008749-003/2024(H5N1)	468	4
PB1|PP755595.1|A/cattle/Texas/24-008749-003/2024(H5N1)	469	4
PB1|PP755595.1|A/cattle/Texas/24-008749-003/2024(H5N1)	470	4
PB1|PP755595.1|A/cattle/Texas/24-008749-003/2024(H5N1)	471	4
PB1|PP755595.1|A/cattle/Texas/24-008749-003/2024(H5N1)	472	4
PB1|PP755595.1|A/cattle/Texas/24-008749-003/2024(H5N1)	473	4
PB1|PP755595.1|A/cattle/Texas/24-008749-003/2024(H5N1)	474	4
PB1|PP755595.1|A/cattle/Texas/24-008749-003/2024(H5N1)	475	4
PB1|PP755595.1|A/cattle/Texas/24-008749-003/2024(H5N1)	476	4
PB1|PP755595.1|A/cattle/Texas/24-008749-003/2024(H5N1)	477	4
PB1|PP755595.1|A/cattle/Texas/24-008749-003/2024(H5N1)	478	4
PB1|PP755595.1|A/cattle/Texas/24-008749-003/2024(H5N1)	479	4
PB1|PP755595.1|A/cattle/Texas/24-008749-003/2024(H5N1)	480	4
PB1|PP755595.1|A/cattle/Texas/24-008749-003/2024(H5N1)	481	4
PB1|PP755595.1|A/cattle/Texas/24-008749-003/2024(H5N1)	482	4
PB1|PP755595.1|A/cattle/Texas/24-008749-003/2024(H5N1)	483	4
PB1|PP755595.1|A/cattle/Texas/24-008749-003/2024(H5N1)	484	4
PB1|PP755595.1|A/cattle/Texas/24-008749-003/2024(H5N1)	485	4
PB1|PP755595.1|A/cattle/Texas/24-008749-003/2024(H5N1)	486	4
PB1|PP755595.1|A/cattle/Texas/24-008749-003/2024(H5N1)	487	4
PB1|PP755595.1|A/cattle/Texas/24-008749-003/2024(H5N1)	488	4
PB1|PP755595.1|A/cattle/Texas/24-008749-003/2024(H5N1)	489	4
PB1|PP755595.1|A/cattle/Texas/24-008749-003/2024(H5N1)	490	4
PB1|PP755595.1|A/cattle/Texas/24-008749-003/2024(H5N1)	491	4
PB1|PP755595.1|A/cattle/Texas/24-008749-003/2024(H5N1)	492	4
PB1|PP755595.1|A/cattle/Texas/24-008749-003/2024(H5N1)	493	4
PB1|PP755595.1|A/cattle/Texas/24-008749-003/2024(H5N1)	494	4
PB1|PP755595.1|A/cattle/Texas/24-008749-003/2024(H5N1)	495	4
PB1|PP755595.1|A/cattle/Texas/24-008749-003/2024(H5N1)	496	4
PB1|PP755595.1|A/cattle/Texas/24-008749-003/2024(H5N1)	497	4
PB1|PP755595.1|A/cattle/Texas/24-008749-003/2024(H5N1)	498	4
PB1|PP755595.1|A/cattle/Texas/24-008749-003/2024(H5N1)	499	4
PB1|PP755595.1|A/cattle/Texas/24-008749-003/2024(H5N1)	500	4
PB1|PP755595.1|A/cattle/Texas/24-008749-003/2024(H5N1)	501	4
PB1|PP755595.1|A/cattle/Texas/24-008749-003/2024(H5N1)	502	4
PB1|PP755595.1|A/cattle/Texas/24-008749-003/2024(H5N1)	503	4
PB1|PP755595.1|A/cattle/Texas/24-008749-003/2024(H5N1)	504	4
PB1|PP755595.1|A/cattle/Texas/24-008749-003/2024(H5N1)	505	4
PB1|PP755595.1|A/cattle/Texas/24-008749-003/2024(H5N1)	506	4
PB1|PP755595.1|A/cattle/Texas/24-008749-003/2024(H5N1)	507	4
PB1|PP755595.1|A/cattle/Texas/24-008749-003/2024(H5N1)	508	4
PB1|PP755595.1|A/cattle/Texas/24-008749-003/2024(H5N1)	509	4
PB1|PP755595.1|A/cattle/Texas/24-008749-003/2024(H5N1)	510	4
PB1|PP755595.1|A/cattle/Texas/24-008749-003/2024(H5N1)	511	4
PB1|PP755595.1|A/cattle/Texas/24-008749-003/2024(H5N1)	512	5
PB1|PP755595.1|A/cattle/Texas/24-008749-003/2024(H5N1)	513	5
PB1|PP755595.1|A/cattle/Texas/24-008749-003/2024(H5N1)	514	5
PB1|PP755595.1|A/cattle/Texas/24-008749-003/2024(H5N1)	515	5
PB1|PP755595.1|A/cattle/Texas/24-008749-003/2024(H5N1)	516	5
PB1|PP755595.1|A/cattle/Texas/24-008749-003/2024(H5N1)	517	5
PB1|PP755595.1|A/cattle/Texas/24-008749-003/2024(H5N1)	518	5
PB1|PP755595.1|A/cattle/Texas/24-008749-003/2024(H5N1)	519	5
PB1|PP755595.1|A/cattle/Texas/24-008749-003/2024(H5N1)	520	6
PB1|PP755595.1|A/cattle/Texas/24-008749-003/2024(H5N1)	521	6
PB1|PP755595.1|A/cattle/Texas/24-008749-003/2024(H5N1)	522	6
PB1|PP755595.1|A/cattle/Texas/24-008749-003/2024(H5N1)	523	6
PB1|PP755595.1|A/cattle/Texas/24-008749-003/2024(H5N1)	524	6
PB1|PP755595.1|A/cattle/Texas/24-008749-003/2024(H5N1)	525	6
PB1|PP755595.1|A/cattle/Texas/24-008749-003/2024(H5N1)	526	6
PB1|PP755595.1|A/cattle/Texas/24-008749-003/2024(H5N1)	527	6
PB1|PP755595.1|A/cattle/Texas/24-008749-003/2024(H5N1)	528	6
PB1|PP755595.1|A/cattle/Texas/24-008749-003/2024(H5N1)	529	6
PB1|PP755595.1|A/cattle/Texas/24-008749-003/2024(H5N1)	530	6
PB1|PP755595.1|A/cattle/Texas/24-008749-003/2024(H5N1)	531	6
PB1|PP755595.1|A/cattle/Texas/24-008749-003/2024(H5N1)	532	6
PB1|PP755595.1|A/cattle/Texas/24-008749-003/2024(H5N1)	533	6
PB1|PP755595.1|A/cattle/Texas/24-008749-003/2024(H5N1)	534	6
PB1|PP755595.1|A/cattle/Texas/24-008749-003/2024(H5N1)	535	6
PB1|PP755595.1|A/cattle/Texas/24-008749-003/2024(H5N1)	536	6
PB1|PP755595.1|A/cattle/Texas/24-008749-003/2024(H5N1)	537	6
PB1|PP755595.1|A/cattle/Texas/24-008749-003/2024(H5N1)	538	6
PB1|PP755595.1|A/cattle/Texas/24-008749-003/2024(H5N1)	539	6
PB1|PP755595.1|A/cattle/Texas/24-008749-003/2024(H5N1)	540	6
PB1|PP755595.1|A/cattle/Texas/24-008749-003/2024(H5N1)	541	6
PB1|PP755595.1|A/cattle/Texas/24-008749-003/2024(H5N1)	542	6
PB1|PP755595.1|A/cattle/Texas/24-008749-003/2024(H5N1)	543	6
PB1|PP755595.1|A/cattle/Texas/24-008749-003/2024(H5N1)	544	6
PB1|PP755595.1|A/cattle/Texas/24-008749-003/2024(H5N1)	545	6
PB1|PP755595.1|A/cattle/Texas/24-008749-003/2024(H5N1)	546	6
PB1|PP755595.1|A/cattle/Texas/24-008749-003/2024(H5N1)	547	6
PB1|PP755595.1|A/cattle/Texas/24-008749-003/2024(H5N1)	548	6
PB1|PP755595.1|A/cattle/Texas/24-008749-003/2024(H5N1)	549	6
PB1|PP755595.1|A/cattle/Texas/24-008749-003/2024(H5N1)	550	6
PB1|PP755595.1|A/cattle/Texas/24-008749-003/2024(H5N1)	551	6
PB1|PP755595.1|A/cattle/Texas/24-008749-003/2024(H5N1)	552	5
PB1|PP755595.1|A/cattle/Texas/24-008749-003/2024(H5N1)	553	5
PB1|PP755595.1|A/cattle/Texas/24-008749-003/2024(H5N1)	554	5
PB1|PP755595.1|A/cattle/Texas/24-008749-003/2024(H5N1)	555	5
PB1|PP755595.1|A/cattle/Texas/24-008749-003/2024(H5N1)	556	5
PB1|PP755595.1|A/cattle/Texas/24-008749-003/2024(H5N1)	557	5
PB1|PP755595.1|A/cattle/Texas/24-008749-003/2024(H5N1)	558	5
PB1|PP755595.1|A/cattle/Texas/24-008749-003/2024(H5N1)	559	5
PB1|PP755595.1|A/cattle/Texas/24-008749-003/2024(H5N1)	560	5
PB1|PP755595.1|A/cattle/Texas/24-008749-003/2024(H5N1)	561	5
PB1|PP755595.1|A/cattle/Texas/24-008749-003/2024(H5N1)	562	5
PB1|PP755595.1|A/cattle/Texas/24-008749-003/2024(H5N1)	563	5
PB1|PP755595.1|A/cattle/Texas/24-008749-003/2024(H5N1)	564	5
PB1|PP755595.1|A/cattle/Texas/24-008749-003/2024(H5N1)	565	5
PB1|PP755595.1|A/cattle/Texas/24-008749-003/2024(H5N1)	566	5
PB1|PP755595.1|A/cattle/Texas/24-008749-003/2024(H5N1)	567	5
PB1|PP755595.1|A/cattle/Texas/24-008749-003/2024(H5N1)	568	5
PB1|PP755595.1|A/cattle/Texas/24-008749-003/2024(H5N1)	569	5
PB1|PP755595.1|A/cattle/Texas/24-008749-003/2024(H5N1)	570	5
PB1|PP755595.1|A/cattle/Texas/24-008749-003/2024(H5N1)	571	6
PB1|PP755595.1|A/cattle/Texas/24-008749-003/2024(H5N1)	572	6
PB1|PP755595.1|A/cattle/Texas/24-008749-003/2024(H5N1)	573	6
PB1|PP755595.1|A/cattle/Texas/24-008749-003/2024(H5N1)	574	6
PB1|PP755595.1|A/cattle/Texas/24-008749-003/2024(H5N1)	575	6
PB1|PP755595.1|A/cattle/Texas/24-008749-003/2024(H5N1)	576	6
PB1|PP755595.1|A/cattle/Texas/24-008749-003/2024(H5N1)	577	6
PB1|PP755595.1|A/cattle/Texas/24-008749-003/2024(H5N1)	578	6
PB1|PP755595.1|A/cattle/Texas/24-008749-003/2024(H5N1)	579	5
PB1|PP755595.1|A/cattle/Texas/24-008749-003/2024(H5N1)	580	5
PB1|PP755595.1|A/cattle/Texas/24-008749-003/2024(H5N1)	581	5
PB1|PP755595.1|A/cattle/Texas/24-008749-003/2024(H5N1)	582	5
PB1|PP755595.1|A/cattle/Texas/24-008749-003/2024(H5N1)	583	5
PB1|PP755595.1|A/cattle/Texas/24-008749-003/2024(H5N1)	584	5
PB1|PP755595.1|A/cattle/Texas/24-008749-003/2024(H5N1)	585	4
PB1|PP755595.1|A/cattle/Texas/24-008749-003/2024(H5N1)	586	4
PB1|PP755595.1|A/cattle/Texas/24-008749-003/2024(H5N1)	587	4
PB1|PP755595.1|A/cattle/Texas/24-008749-003/2024(H5N1)	588	4
PB1|PP755595.1|A/cattle/Texas/24-008749-003/2024(H5N1)	589	4
PB1|PP755595.1|A/cattle/Texas/24-008749-003/2024(H5N1)	590	4
PB1|PP755595.1|A/cattle/Texas/24-008749-003/2024(H5N1)	591	4
PB1|PP755595.1|A/cattle/Texas/24-008749-003/2024(H5N1)	592	4
PB1|PP755595.1|A/cattle/Texas/24-008749-003/2024(H5N1)	593	3
PB1|PP755595.1|A/cattle/Texas/24-008749-003/2024(H5N1)	594	3
PB1|PP755595.1|A/cattle/Texas/24-008749-003/2024(H5N1)	595	3
PB1|PP755595.1|A/cattle/Texas/24-008749-003/2024(H5N1)	596	3
PB1|PP755595.1|A/cattle/Texas/24-008749-003/2024(H5N1)	597	3
PB1|PP755595.1|A/cattle/Texas/24-008749-003/2024(H5N1)	598	3
PB1|PP755595.1|A/cattle/Texas/24-008749-003/2024(H5N1)	599	3
PB1|PP755595.1|A/cattle/Texas/24-008749-003/2024(H5N1)	600	3
PB1|PP755595.1|A/cattle/Texas/24-008749-003/2024(H5N1)	601	3
PB1|PP755595.1|A/cattle/Texas/24-008749-003/2024(H5N1)	602	3
PB1|PP755595.1|A/cattle/Texas/24-008749-003/2024(H5N1)	603	3
PB1|PP755595.1|A/cattle/Texas/24-008749-003/2024(H5N1)	604	3
PB1|PP755595.1|A/cattle/Texas/24-008749-003/2024(H5N1)	605	3
PB1|PP755595.1|A/cattle/Texas/24-008749-003/2024(H5N1)	606	3
PB1|PP755595.1|A/cattle/Texas/24-008749-003/2024(H5N1)	607	3
PB1|PP755595.1|A/cattle/Texas/24-008749-003/2024(H5N1)	608	3
PB1|PP755595.1|A/cattle/Texas/24-008749-003/2024(H5N1)	609	3
PB1|PP755595.1|A/cattle/Texas/24-008749-003/2024(H5N1)	610	3
PB1|PP755595.1|A/cattle/Texas/24-008749-003/2024(H5N1)	611	3
PB1|PP755595.1|A/cattle/Texas/24-008749-003/2024(H5N1)	612	3
PB1|PP755595.1|A/cattle/Texas/24-008749-003/2024(H5N1)	613	3
PB1|PP755595.1|A/cattle/Texas/24-008749-003/2024(H5N1)	614	3
PB1|PP755595.1|A/cattle/Texas/24-008749-003/2024(H5N1)	615	3
PB1|PP755595.1|A/cattle/Texas/24-008749-003/2024(H5N1)	616	3
PB1|PP755595.1|A/cattle/Texas/24-008749-003/2024(H5N1)	617	3
PB1|PP755595.1|A/cattle/Texas/24-008749-003/2024(H5N1)	618	3
PB1|PP755595.1|A/cattle/Texas/24-008749-003/2024(H5N1)	619	3
PB1|PP755595.1|A/cattle/Texas/24-008749-003/2024(H5N1)	620	3
PB1|PP755595.1|A/cattle/Texas/24-008749-003/2024(H5N1)	621	3
PB1|PP755595.1|A/cattle/Texas/24-008749-003/2024(H5N1)	622	3
PB1|PP755595.1|A/cattle/Texas/24-008749-003/2024(H5N1)	623	3
PB1|PP755595.1|A/cattle/Texas/24-008749-003/2024(H5N1)	624	3
PB1|PP755595.1|A/cattle/Texas/24-008749-003/2024(H5N1)	625	3
PB1|PP755595.1|A/cattle/Texas/24-008749-003/2024(H5N1)	626	3
PB1|PP755595.1|A/cattle/Texas/24-008749-003/2024(H5N1)	627	3
PB1|PP755595.1|A/cattle/Texas/24-008749-003/2024(H5N1)	628	3
PB1|PP755595.1|A/cattle/Texas/24-008749-003/2024(H5N1)	629	3
PB1|PP755595.1|A/cattle/Texas/24-008749-003/2024(H5N1)	630	3
PB1|PP755595.1|A/cattle/Texas/24-008749-003/2024(H5N1)	631	3
PB1|PP755595.1|A/cattle/Texas/24-008749-003/2024(H5N1)	632	3
PB1|PP755595.1|A/cattle/Texas/24-008749-003/2024(H5N1)	633	3
PB1|PP755595.1|A/cattle/Texas/24-008749-003/2024(H5N1)	634	3
PB1|PP755595.1|A/cattle/Texas/24-008749-003/2024(H5N1)	635	3
PB1|PP755595.1|A/cattle/Texas/24-008749-003/2024(H5N1)	636	3
PB1|PP755595.1|A/cattle/Texas/24-008749-003/2024(H5N1)	637	4
PB1|PP755595.1|A/cattle/Texas/24-008749-003/2024(H5N1)	638	4
PB1|PP755595.1|A/cattle/Texas/24-008749-003/2024(H5N1)	639	4
PB1|PP755595.1|A/cattle/Texas/24-008749-003/2024(H5N1)	640	4
PB1|PP755595.1|A/cattle/Texas/24-008749-003/2024(H5N1)	641	4
PB1|PP755595.1|A/cattle/Texas/24-008749-003/2024(H5N1)	642	4
PB1|PP755595.1|A/cattle/Texas/24-008749-003/2024(H5N1)	643	4
PB1|PP755595.1|A/cattle/Texas/24-008749-003/2024(H5N1)	644	4
PB1|PP755595.1|A/cattle/Texas/24-008749-003/2024(H5N1)	645	4
PB1|PP755595.1|A/cattle/Texas/24-008749-003/2024(H5N1)	646	4
PB1|PP755595.1|A/cattle/Texas/24-008749-003/2024(H5N1)	647	4
PB1|PP755595.1|A/cattle/Texas/24-008749-003/2024(H5N1)	648	4
PB1|PP755595.1|A/cattle/Texas/24-008749-003/2024(H5N1)	649	4
PB1|PP755595.1|A/cattle/Texas/24-008749-003/2024(H5N1)	650	4
PB1|PP755595.1|A/cattle/Texas/24-008749-003/2024(H5N1)	651	4
PB1|PP755595.1|A/cattle/Texas/24-008749-003/2024(H5N1)	652	4
PB1|PP755595.1|A/cattle/Texas/24-008749-003/2024(H5N1)	653	4
PB1|PP755595.1|A/cattle/Texas/24-008749-003/2024(H5N1)	654	4
PB1|PP755595.1|A/cattle/Texas/24-008749-003/2024(H5N1)	655	4
PB1|PP755595.1|A/cattle/Texas/24-008749-003/2024(H5N1)	656	4
PB1|PP755595.1|A/cattle/Texas/24-008749-003/2024(H5N1)	657	4
PB1|PP755595.1|A/cattle/Texas/24-008749-003/2024(H5N1)	658	4
PB1|PP755595.1|A/cattle/Texas/24-008749-003/2024(H5N1)	659	4
PB1|PP755595.1|A/cattle/Texas/24-008749-003/2024(H5N1)	660	4
PB1|PP755595.1|A/cattle/Texas/24-008749-003/2024(H5N1)	661	4
PB1|PP755595.1|A/cattle/Texas/24-008749-003/2024(H5N1)	662	4
PB1|PP755595.1|A/cattle/Texas/24-008749-003/2024(H5N1)	663	3
PB1|PP755595.1|A/cattle/Texas/24-008749-003/2024(H5N1)	664	3
PB1|PP755595.1|A/cattle/Texas/24-008749-003/2024(H5N1)	665	3
PB1|PP755595.1|A/cattle/Texas/24-008749-003/2024(H5N1)	666	3
PB1|PP755595.1|A/cattle/Texas/24-008749-003/2024(H5N1)	667	3
PB1|PP755595.1|A/cattle/Texas/24-008749-003/2024(H5N1)	668	3
PB1|PP755595.1|A/cattle/Texas/24-008749-003/2024(H5N1)	669	3
PB1|PP755595.1|A/cattle/Texas/24-008749-003/2024(H5N1)	670	3
PB1|PP755595.1|A/cattle/Texas/24-008749-003/2024(H5N1)	671	2
PB1|PP755595.1|A/cattle/Texas/24-008749-003/2024(H5N1)	672	2
PB1|PP755595.1|A/cattle/Texas/24-008749-003/2024(H5N1)	673	3
PB1|PP755595.1|A/cattle/Texas/24-008749-003/2024(H5N1)	674	3
PB1|PP755595.1|A/cattle/Texas/24-008749-003/2024(H5N1)	675	3
PB1|PP755595.1|A/cattle/Texas/24-008749-003/2024(H5N1)	676	3
PB1|PP755595.1|A/cattle/Texas/24-008749-003/2024(H5N1)	677	3
PB1|PP755595.1|A/cattle/Texas/24-008749-003/2024(H5N1)	678	3
PB1|PP755595.1|A/cattle/Texas/24-008749-003/2024(H5N1)	679	3
PB1|PP755595.1|A/cattle/Texas/24-008749-003/2024(H5N1)	680	3
PB1|PP755595.1|A/cattle/Texas/24-008749-003/2024(H5N1)	681	3
PB1|PP755595.1|A/cattle/Texas/24-008749-003/2024(H5N1)	682	3
PB1|PP755595.1|A/cattle/Texas/24-008749-003/2024(H5N1)	683	3
PB1|PP755595.1|A/cattle/Texas/24-008749-003/2024(H5N1)	684	3
PB1|PP755595.1|A/cattle/Texas/24-008749-003/2024(H5N1)	685	3
PB1|PP755595.1|A/cattle/Texas/24-008749-003/2024(H5N1)	686	3
PB1|PP755595.1|A/cattle/Texas/24-008749-003/2024(H5N1)	687	3
PB1|PP755595.1|A/cattle/Texas/24-008749-003/2024(H5N1)	688	3
PB1|PP755595.1|A/cattle/Texas/24-008749-003/2024(H5N1)	689	3
PB1|PP755595.1|A/cattle/Texas/24-008749-003/2024(H5N1)	690	3
PB1|PP755595.1|A/cattle/Texas/24-008749-003/2024(H5N1)	691	3
PB1|PP755595.1|A/cattle/Texas/24-008749-003/2024(H5N1)	692	3
PB1|PP755595.1|A/cattle/Texas/24-008749-003/2024(H5N1)	693	3
PB1|PP755595.1|A/cattle/Texas/24-008749-003/2024(H5N1)	694	3
PB1|PP755595.1|A/cattle/Texas/24-008749-003/2024(H5N1)	695	3
PB1|PP755595.1|A/cattle/Texas/24-008749-003/2024(H5N1)	696	3
PB1|PP755595.1|A/cattle/Texas/24-008749-003/2024(H5N1)	697	3
PB1|PP755595.1|A/cattle/Texas/24-008749-003/2024(H5N1)	698	3
PB1|PP755595.1|A/cattle/Texas/24-008749-003/2024(H5N1)	699	3
PB1|PP755595.1|A/cattle/Texas/24-008749-003/2024(H5N1)	700	3
PB1|PP755595.1|A/cattle/Texas/24-008749-003/2024(H5N1)	701	3
PB1|PP755595.1|A/cattle/Texas/24-008749-003/2024(H5N1)	702	3
PB1|PP755595.1|A/cattle/Texas/24-008749-003/2024(H5N1)	703	3
PB1|PP755595.1|A/cattle/Texas/24-008749-003/2024(H5N1)	704	3
PB1|PP755595.1|A/cattle/Texas/24-008749-003/2024(H5N1)	705	3
PB1|PP755595.1|A/cattle/Texas/24-008749-003/2024(H5N1)	706	3
PB1|PP755595.1|A/cattle/Texas/24-008749-003/2024(H5N1)	707	3
PB1|PP755595.1|A/cattle/Texas/24-008749-003/2024(H5N1)	708	3
PB1|PP755595.1|A/cattle/Texas/24-008749-003/2024(H5N1)	709	3
PB1|PP755595.1|A/cattle/Texas/24-008749-003/2024(H5N1)	710	3
PB1|PP755595.1|A/cattle/Texas/24-008749-003/2024(H5N1)	711	3
PB1|PP755595.1|A/cattle/Texas/24-008749-003/2024(H5N1)	712	3
PB1|PP755595.1|A/cattle/Texas/24-008749-003/2024(H5N1)	713	3
PB1|PP755595.1|A/cattle/Texas/24-008749-003/2024(H5N1)	714	3
PB1|PP755595.1|A/cattle/Texas/24-008749-003/2024(H5N1)	715	3
PB1|PP755595.1|A/cattle/Texas/24-008749-003/2024(H5N1)	716	3
PB1|PP755595.1|A/cattle/Texas/24-008749-003/2024(H5N1)	717	3
PB1|PP755595.1|A/cattle/Texas/24-008749-003/2024(H5N1)	718	3
PB1|PP755595.1|A/cattle/Texas/24-008749-003/2024(H5N1)	719	3
PB1|PP755595.1|A/cattle/Texas/24-008749-003/2024(H5N1)	720	3
PB1|PP755595.1|A/cattle/Texas/24-008749-003/2024(H5N1)	721	3
PB1|PP755595.1|A/cattle/Texas/24-008749-003/2024(H5N1)	722	2
PB1|PP755595.1|A/cattle/Texas/24-008749-003/2024(H5N1)	723	2
PB1|PP755595.1|A/cattle/Texas/24-008749-003/2024(H5N1)	724	2
PB1|PP755595.1|A/cattle/Texas/24-008749-003/2024(H5N1)	725	2
PB1|PP755595.1|A/cattle/Texas/24-008749-003/2024(H5N1)	726	2
PB1|PP755595.1|A/cattle/Texas/24-008749-003/2024(H5N1)	727	2
PB1|PP755595.1|A/cattle/Texas/24-008749-003/2024(H5N1)	728	2
PB1|PP755595.1|A/cattle/Texas/24-008749-003/2024(H5N1)	729	2
PB1|PP755595.1|A/cattle/Texas/24-008749-003/2024(H5N1)	730	2
PB1|PP755595.1|A/cattle/Texas/24-008749-003/2024(H5N1)	731	2
PB1|PP755595.1|A/cattle/Texas/24-008749-003/2024(H5N1)	732	2
PB1|PP755595.1|A/cattle/Texas/24-008749-003/2024(H5N1)	733	2
PB1|PP755595.1|A/cattle/Texas/24-008749-003/2024(H5N1)	734	2
PB1|PP755595.1|A/cattle/Texas/24-008749-003/2024(H5N1)	735	2
PB1|PP755595.1|A/cattle/Texas/24-008749-003/2024(H5N1)	736	2
PB1|PP755595.1|A/cattle/Texas/24-008749-003/2024(H5N1)	737	2
PB1|PP755595.1|A/cattle/Texas/24-008749-003/2024(H5N1)	738	2
PB1|PP755595.1|A/cattle/Texas/24-008749-003/2024(H5N1)	739	2
PB1|PP755595.1|A/cattle/Texas/24-008749-003/2024(H5N1)	740	2
PB1|PP755595.1|A/cattle/Texas/24-008749-003/2024(H5N1)	741	2
PB1|PP755595.1|A/cattle/Texas/24-008749-003/2024(H5N1)	742	2
PB1|PP755595.1|A/cattle/Texas/24-008749-003/2024(H5N1)	743	2
PB1|PP755595.1|A/cattle/Texas/24-008749-003/2024(H5N1)	744	2
PB1|PP755595.1|A/cattle/Texas/24-008749-003/2024(H5N1)	745	2
PB1|PP755595.1|A/cattle/Texas/24-008749-003/2024(H5N1)	746	2
PB1|PP755595.1|A/cattle/Texas/24-008749-003/2024(H5N1)	747	2
PB1|PP755595.1|A/cattle/Texas/24-008749-003/2024(H5N1)	748	2
PB1|PP755595.1|A/cattle/Texas/24-008749-003/2024(H5N1)	749	2
PB1|PP755595.1|A/cattle/Texas/24-008749-003/2024(H5N1)	750	2
PB1|PP755595.1|A/cattle/Texas/24-008749-003/2024(H5N1)	751	2
PB1|PP755595.1|A/cattle/Texas/24-008749-003/2024(H5N1)	752	2
PB1|PP755595.1|A/cattle/Texas/24-008749-003/2024(H5N1)	753	2
PB1|PP755595.1|A/cattle/Texas/24-008749-003/2024(H5N1)	754	2
PB1|PP755595.1|A/cattle/Texas/24-008749-003/2024(H5N1)	755	2
PB1|PP755595.1|A/cattle/Texas/24-008749-003/2024(H5N1)	756	2
PB1|PP755595.1|A/cattle/Texas/24-008749-003/2024(H5N1)	757	2
PB1|PP755595.1|A/cattle/Texas/24-008749-003/2024(H5N1)	758	2
PB1|PP755595.1|A/cattle/Texas/24-008749-003/2024(H5N1)	759	2
PB1|PP755595.1|A/cattle/Texas/24-008749-003/2024(H5N1)	760	2
PB1|PP755595.1|A/cattle/Texas/24-008749-003/2024(H5N1)	761	2
PB1|PP755595.1|A/cattle/Texas/24-008749-003/2024(H5N1)	762	2
PB1|PP755595.1|A/cattle/Texas/24-008749-003/2024(H5N1)	763	2
PB1|PP755595.1|A/cattle/Texas/24-008749-003/2024(H5N1)	764	2
PB1|PP755595.1|A/cattle/Texas/24-008749-003/2024(H5N1)	765	2
PB1|PP755595.1|A/cattle/Texas/24-008749-003/2024(H5N1)	766	2
PB1|PP755595.1|A/cattle/Texas/24-008749-003/2024(H5N1)	767	2
PB1|PP755595.1|A/cattle/Texas/24-008749-003/2024(H5N1)	768	2
PB1|PP755595.1|A/cattle/Texas/24-008749-003/2024(H5N1)	769	2
PB1|PP755595.1|A/cattle/Texas/24-008749-003/2024(H5N1)	770	2
PB1|PP755595.1|A/cattle/Texas/24-008749-003/2024(H5N1)	771	2
PB1|PP755595.1|A/cattle/Texas/24-008749-003/2024(H5N1)	772	2
PB1|PP755595.1|A/cattle/Texas/24-008749-003/2024(H5N1)	773	2
PB1|PP755595.1|A/cattle/Texas/24-008749-003/2024(H5N1)	774	2
PB1|PP755595.1|A/cattle/Texas/24-008749-003/2024(H5N1)	775	2
PB1|PP755595.1|A/cattle/Texas/24-008749-003/2024(H5N1)	776	2
PB1|PP755595.1|A/cattle/Texas/24-008749-003/2024(H5N1)	777	2
PB1|PP755595.1|A/cattle/Texas/24-008749-003/2024(H5N1)	778	2
PB1|PP755595.1|A/cattle/Texas/24-008749-003/2024(H5N1)	779	1
PB1|PP755595.1|A/cattle/Texas/24-008749-003/2024(H5N1)	780	2
PB1|PP755595.1|A/cattle/Texas/24-008749-003/2024(H5N1)	781	2
PB1|PP755595.1|A/cattle/Texas/24-008749-003/2024(H5N1)	782	2
PB1|PP755595.1|A/cattle/Texas/24-008749-003/2024(H5N1)	783	2
PB1|PP755595.1|A/cattle/Texas/24-008749-003/2024(H5N1)	784	2
PB1|PP755595.1|A/cattle/Texas/24-008749-003/2024(H5N1)	785	2
PB1|PP755595.1|A/cattle/Texas/24-008749-003/2024(H5N1)	786	2
PB1|PP755595.1|A/cattle/Texas/24-008749-003/2024(H5N1)	787	2
PB1|PP755595.1|A/cattle/Texas/24-008749-003/2024(H5N1)	788	2
PB1|PP755595.1|A/cattle/Texas/24-008749-003/2024(H5N1)	789	2
PB1|PP755595.1|A/cattle/Texas/24-008749-003/2024(H5N1)	790	2
PB1|PP755595.1|A/cattle/Texas/24-008749-003/2024(H5N1)	791	2
PB1|PP755595.1|A/cattle/Texas/24-008749-003/2024(H5N1)	792	2
PB1|PP755595.1|A/cattle/Texas/24-008749-003/2024(H5N1)	793	2
PB1|PP755595.1|A/cattle/Texas/24-008749-003/2024(H5N1)	794	2
PB1|PP755595.1|A/cattle/Texas/24-008749-003/2024(H5N1)	795	2
PB1|PP755595.1|A/cattle/Texas/24-008749-003/2024(H5N1)	796	2
PB1|PP755595.1|A/cattle/Texas/24-008749-003/2024(H5N1)	797	2
PB1|PP755595.1|A/cattle/Texas/24-008749-003/2024(H5N1)	798	2
PB1|PP755595.1|A/cattle/Texas/24-008749-003/2024(H5N1)	799	2
PB1|PP755595.1|A/cattle/Texas/24-008749-003/2024(H5N1)	800	2
PB1|PP755595.1|A/cattle/Texas/24-008749-003/2024(H5N1)	801	2
PB1|PP755595.1|A/cattle/Texas/24-008749-003/2024(H5N1)	802	2
PB1|PP755595.1|A/cattle/Texas/24-008749-003/2024(H5N1)	803	2
PB1|PP755595.1|A/cattle/Texas/24-008749-003/2024(H5N1)	804	2
PB1|PP755595.1|A/cattle/Texas/24-008749-003/2024(H5N1)	805	2
PB1|PP755595.1|A/cattle/Texas/24-008749-003/2024(H5N1)	806	2
PB1|PP755595.1|A/cattle/Texas/24-008749-003/2024(H5N1)	807	2
PB1|PP755595.1|A/cattle/Texas/24-008749-003/2024(H5N1)	808	2
PB1|PP755595.1|A/cattle/Texas/24-008749-003/2024(H5N1)	809	2
PB1|PP755595.1|A/cattle/Texas/24-008749-003/2024(H5N1)	810	2
PB1|PP755595.1|A/cattle/Texas/24-008749-003/2024(H5N1)	811	2
PB1|PP755595.1|A/cattle/Texas/24-008749-003/2024(H5N1)	812	2
PB1|PP755595.1|A/cattle/Texas/24-008749-003/2024(H5N1)	813	3
PB1|PP755595.1|A/cattle/Texas/24-008749-003/2024(H5N1)	814	3
PB1|PP755595.1|A/cattle/Texas/24-008749-003/2024(H5N1)	815	3
PB1|PP755595.1|A/cattle/Texas/24-008749-003/2024(H5N1)	816	3
PB1|PP755595.1|A/cattle/Texas/24-008749-003/2024(H5N1)	817	3
PB1|PP755595.1|A/cattle/Texas/24-008749-003/2024(H5N1)	818	3
PB1|PP755595.1|A/cattle/Texas/24-008749-003/2024(H5N1)	819	3
PB1|PP755595.1|A/cattle/Texas/24-008749-003/2024(H5N1)	820	3
PB1|PP755595.1|A/cattle/Texas/24-008749-003/2024(H5N1)	821	3
PB1|PP755595.1|A/cattle/Texas/24-008749-003/2024(H5N1)	822	3
PB1|PP755595.1|A/cattle/Texas/24-008749-003/2024(H5N1)	823	3
PB1|PP755595.1|A/cattle/Texas/24-008749-003/2024(H5N1)	824	2
PB1|PP755595.1|A/cattle/Texas/24-008749-003/2024(H5N1)	825	2
PB1|PP755595.1|A/cattle/Texas/24-008749-003/2024(H5N1)	826	2
PB1|PP755595.1|A/cattle/Texas/24-008749-003/2024(H5N1)	827	2
PB1|PP755595.1|A/cattle/Texas/24-008749-003/2024(H5N1)	828	2
PB1|PP755595.1|A/cattle/Texas/24-008749-003/2024(H5N1)	829	2
PB1|PP755595.1|A/cattle/Texas/24-008749-003/2024(H5N1)	830	2
PB1|PP755595.1|A/cattle/Texas/24-008749-003/2024(H5N1)	831	2
PB1|PP755595.1|A/cattle/Texas/24-008749-003/2024(H5N1)	832	2
PB1|PP755595.1|A/cattle/Texas/24-008749-003/2024(H5N1)	833	2
PB1|PP755595.1|A/cattle/Texas/24-008749-003/2024(H5N1)	834	2
PB1|PP755595.1|A/cattle/Texas/24-008749-003/2024(H5N1)	835	2
PB1|PP755595.1|A/cattle/Texas/24-008749-003/2024(H5N1)	836	2
PB1|PP755595.1|A/cattle/Texas/24-008749-003/2024(H5N1)	837	2
PB1|PP755595.1|A/cattle/Texas/24-008749-003/2024(H5N1)	838	2
PB1|PP755595.1|A/cattle/Texas/24-008749-003/2024(H5N1)	839	2
PB1|PP755595.1|A/cattle/Texas/24-008749-003/2024(H5N1)	840	2
PB1|PP755595.1|A/cattle/Texas/24-008749-003/2024(H5N1)	841	2
PB1|PP755595.1|A/cattle/Texas/24-008749-003/2024(H5N1)	842	2
PB1|PP755595.1|A/cattle/Texas/24-008749-003/2024(H5N1)	843	2
PB1|PP755595.1|A/cattle/Texas/24-008749-003/2024(H5N1)	844	2
PB1|PP755595.1|A/cattle/Texas/24-008749-003/2024(H5N1)	845	2
PB1|PP755595.1|A/cattle/Texas/24-008749-003/2024(H5N1)	846	2
PB1|PP755595.1|A/cattle/Texas/24-008749-003/2024(H5N1)	847	2
PB1|PP755595.1|A/cattle/Texas/24-008749-003/2024(H5N1)	848	2
PB1|PP755595.1|A/cattle/Texas/24-008749-003/2024(H5N1)	849	2
PB1|PP755595.1|A/cattle/Texas/24-008749-003/2024(H5N1)	850	2
PB1|PP755595.1|A/cattle/Texas/24-008749-003/2024(H5N1)	851	2
PB1|PP755595.1|A/cattle/Texas/24-008749-003/2024(H5N1)	852	2
PB1|PP755595.1|A/cattle/Texas/24-008749-003/2024(H5N1)	853	2
PB1|PP755595.1|A/cattle/Texas/24-008749-003/2024(H5N1)	854	2
PB1|PP755595.1|A/cattle/Texas/24-008749-003/2024(H5N1)	855	2
PB1|PP755595.1|A/cattle/Texas/24-008749-003/2024(H5N1)	856	2
PB1|PP755595.1|A/cattle/Texas/24-008749-003/2024(H5N1)	857	2
PB1|PP755595.1|A/cattle/Texas/24-008749-003/2024(H5N1)	858	2
PB1|PP755595.1|A/cattle/Texas/24-008749-003/2024(H5N1)	859	2
PB1|PP755595.1|A/cattle/Texas/24-008749-003/2024(H5N1)	860	2
PB1|PP755595.1|A/cattle/Texas/24-008749-003/2024(H5N1)	861	2
PB1|PP755595.1|A/cattle/Texas/24-008749-003/2024(H5N1)	862	2
PB1|PP755595.1|A/cattle/Texas/24-008749-003/2024(H5N1)	863	2
PB1|PP755595.1|A/cattle/Texas/24-008749-003/2024(H5N1)	864	2
PB1|PP755595.1|A/cattle/Texas/24-008749-003/2024(H5N1)	865	2
PB1|PP755595.1|A/cattle/Texas/24-008749-003/2024(H5N1)	866	2
PB1|PP755595.1|A/cattle/Texas/24-008749-003/2024(H5N1)	867	2
PB1|PP755595.1|A/cattle/Texas/24-008749-003/2024(H5N1)	868	2
PB1|PP755595.1|A/cattle/Texas/24-008749-003/2024(H5N1)	869	2
PB1|PP755595.1|A/cattle/Texas/24-008749-003/2024(H5N1)	870	2
PB1|PP755595.1|A/cattle/Texas/24-008749-003/2024(H5N1)	871	2
PB1|PP755595.1|A/cattle/Texas/24-008749-003/2024(H5N1)	872	2
PB1|PP755595.1|A/cattle/Texas/24-008749-003/2024(H5N1)	873	2
PB1|PP755595.1|A/cattle/Texas/24-008749-003/2024(H5N1)	874	2
PB1|PP755595.1|A/cattle/Texas/24-008749-003/2024(H5N1)	875	2
PB1|PP755595.1|A/cattle/Texas/24-008749-003/2024(H5N1)	876	2
PB1|PP755595.1|A/cattle/Texas/24-008749-003/2024(H5N1)	877	2
PB1|PP755595.1|A/cattle/Texas/24-008749-003/2024(H5N1)	878	2
PB1|PP755595.1|A/cattle/Texas/24-008749-003/2024(H5N1)	879	2
PB1|PP755595.1|A/cattle/Texas/24-008749-003/2024(H5N1)	880	2
PB1|PP755595.1|A/cattle/Texas/24-008749-003/2024(H5N1)	881	2
PB1|PP755595.1|A/cattle/Texas/24-008749-003/2024(H5N1)	882	2
PB1|PP755595.1|A/cattle/Texas/24-008749-003/2024(H5N1)	883	2
PB1|PP755595.1|A/cattle/Texas/24-008749-003/2024(H5N1)	884	2
PB1|PP755595.1|A/cattle/Texas/24-008749-003/2024(H5N1)	885	2
PB1|PP755595.1|A/cattle/Texas/24-008749-003/2024(H5N1)	886	2
PB1|PP755595.1|A/cattle/Texas/24-008749-003/2024(H5N1)	887	2
PB1|PP755595.1|A/cattle/Texas/24-008749-003/2024(H5N1)	888	2
PB1|PP755595.1|A/cattle/Texas/24-008749-003/2024(H5N1)	889	2
PB1|PP755595.1|A/cattle/Texas/24-008749-003/2024(H5N1)	890	2
PB1|PP755595.1|A/cattle/Texas/24-008749-003/2024(H5N1)	891	3
PB1|PP755595.1|A/cattle/Texas/24-008749-003/2024(H5N1)	892	3
PB1|PP755595.1|A/cattle/Texas/24-008749-003/2024(H5N1)	893	3
PB1|PP755595.1|A/cattle/Texas/24-008749-003/2024(H5N1)	894	3
PB1|PP755595.1|A/cattle/Texas/24-008749-003/2024(H5N1)	895	3
PB1|PP755595.1|A/cattle/Texas/24-008749-003/2024(H5N1)	896	3
PB1|PP755595.1|A/cattle/Texas/24-008749-003/2024(H5N1)	897	3
PB1|PP755595.1|A/cattle/Texas/24-008749-003/2024(H5N1)	898	3
PB1|PP755595.1|A/cattle/Texas/24-008749-003/2024(H5N1)	899	3
PB1|PP755595.1|A/cattle/Texas/24-008749-003/2024(H5N1)	900	3
PB1|PP755595.1|A/cattle/Texas/24-008749-003/2024(H5N1)	901	3
PB1|PP755595.1|A/cattle/Texas/24-008749-003/2024(H5N1)	902	3
PB1|PP755595.1|A/cattle/Texas/24-008749-003/2024(H5N1)	903	3
PB1|PP755595.1|A/cattle/Texas/24-008749-003/2024(H5N1)	904	3
PB1|PP755595.1|A/cattle/Texas/24-008749-003/2024(H5N1)	905	3
PB1|PP755595.1|A/cattle/Texas/24-008749-003/2024(H5N1)	906	3
PB1|PP755595.1|A/cattle/Texas/24-008749-003/2024(H5N1)	907	3
PB1|PP755595.1|A/cattle/Texas/24-008749-003/2024(H5N1)	908	3
PB1|PP755595.1|A/cattle/Texas/24-008749-003/2024(H5N1)	909	3
PB1|PP755595.1|A/cattle/Texas/24-008749-003/2024(H5N1)	910	3
PB1|PP755595.1|A/cattle/Texas/24-008749-003/2024(H5N1)	911	3
PB1|PP755595.1|A/cattle/Texas/24-008749-003/2024(H5N1)	912	3
PB1|PP755595.1|A/cattle/Texas/24-008749-003/2024(H5N1)	913	3
PB1|PP755595.1|A/cattle/Texas/24-008749-003/2024(H5N1)	914	3
PB1|PP755595.1|A/cattle/Texas/24-008749-003/2024(H5N1)	915	3
PB1|PP755595.1|A/cattle/Texas/24-008749-003/2024(H5N1)	916	3
PB1|PP755595.1|A/cattle/Texas/24-008749-003/2024(H5N1)	917	3
PB1|PP755595.1|A/cattle/Texas/24-008749-003/2024(H5N1)	918	3
PB1|PP755595.1|A/cattle/Texas/24-008749-003/2024(H5N1)	919	3
PB1|PP755595.1|A/cattle/Texas/24-008749-003/2024(H5N1)	920	3
PB1|PP755595.1|A/cattle/Texas/24-008749-003/2024(H5N1)	921	3
PB1|PP755595.1|A/cattle/Texas/24-008749-003/2024(H5N1)	922	3
PB1|PP755595.1|A/cattle/Texas/24-008749-003/2024(H5N1)	923	3
PB1|PP755595.1|A/cattle/Texas/24-008749-003/2024(H5N1)	924	3
PB1|PP755595.1|A/cattle/Texas/24-008749-003/2024(H5N1)	925	3
PB1|PP755595.1|A/cattle/Texas/24-008749-003/2024(H5N1)	926	3
PB1|PP755595.1|A/cattle/Texas/24-008749-003/2024(H5N1)	927	3
PB1|PP755595.1|A/cattle/Texas/24-008749-003/2024(H5N1)	928	3
PB1|PP755595.1|A/cattle/Texas/24-008749-003/2024(H5N1)	929	3
PB1|PP755595.1|A/cattle/Texas/24-008749-003/2024(H5N1)	930	3
PB1|PP755595.1|A/cattle/Texas/24-008749-003/2024(H5N1)	931	2
PB1|PP755595.1|A/cattle/Texas/24-008749-003/2024(H5N1)	932	2
PB1|PP755595.1|A/cattle/Texas/24-008749-003/2024(H5N1)	933	2
PB1|PP755595.1|A/cattle/Texas/24-008749-003/2024(H5N1)	934	2
PB1|PP755595.1|A/cattle/Texas/24-008749-003/2024(H5N1)	935	2
PB1|PP755595.1|A/cattle/Texas/24-008749-003/2024(H5N1)	936	2
PB1|PP755595.1|A/cattle/Texas/24-008749-003/2024(H5N1)	937	2
PB1|PP755595.1|A/cattle/Texas/24-008749-003/2024(H5N1)	938	2
PB1|PP755595.1|A/cattle/Texas/24-008749-003/2024(H5N1)	939	2
PB1|PP755595.1|A/cattle/Texas/24-008749-003/2024(H5N1)	940	2
PB1|PP755595.1|A/cattle/Texas/24-008749-003/2024(H5N1)	941	2
PB1|PP755595.1|A/cattle/Texas/24-008749-003/2024(H5N1)	942	2
PB1|PP755595.1|A/cattle/Texas/24-008749-003/2024(H5N1)	943	2
PB1|PP755595.1|A/cattle/Texas/24-008749-003/2024(H5N1)	944	2
PB1|PP755595.1|A/cattle/Texas/24-008749-003/2024(H5N1)	945	2
PB1|PP755595.1|A/cattle/Texas/24-008749-003/2024(H5N1)	946	2
PB1|PP755595.1|A/cattle/Texas/24-008749-003/2024(H5N1)	947	2
PB1|PP755595.1|A/cattle/Texas/24-008749-003/2024(H5N1)	948	2
PB1|PP755595.1|A/cattle/Texas/24-008749-003/2024(H5N1)	949	2
PB1|PP755595.1|A/cattle/Texas/24-008749-003/2024(H5N1)	950	2
PB1|PP755595.1|A/cattle/Texas/24-008749-003/2024(H5N1)	951	2
PB1|PP755595.1|A/cattle/Texas/24-008749-003/2024(H5N1)	952	2
PB1|PP755595.1|A/cattle/Texas/24-008749-003/2024(H5N1)	953	2
PB1|PP755595.1|A/cattle/Texas/24-008749-003/2024(H5N1)	954	2
PB1|PP755595.1|A/cattle/Texas/24-008749-003/2024(H5N1)	955	3
PB1|PP755595.1|A/cattle/Texas/24-008749-003/2024(H5N1)	956	3
PB1|PP755595.1|A/cattle/Texas/24-008749-003/2024(H5N1)	957	4
PB1|PP755595.1|A/cattle/Texas/24-008749-003/2024(H5N1)	958	4
PB1|PP755595.1|A/cattle/Texas/24-008749-003/2024(H5N1)	959	4
PB1|PP755595.1|A/cattle/Texas/24-008749-003/2024(H5N1)	960	4
PB1|PP755595.1|A/cattle/Texas/24-008749-003/2024(H5N1)	961	4
PB1|PP755595.1|A/cattle/Texas/24-008749-003/2024(H5N1)	962	4
PB1|PP755595.1|A/cattle/Texas/24-008749-003/2024(H5N1)	963	4
PB1|PP755595.1|A/cattle/Texas/24-008749-003/2024(H5N1)	964	3
PB1|PP755595.1|A/cattle/Texas/24-008749-003/2024(H5N1)	965	3
PB1|PP755595.1|A/cattle/Texas/24-008749-003/2024(H5N1)	966	3
PB1|PP755595.1|A/cattle/Texas/24-008749-003/2024(H5N1)	967	3
PB1|PP755595.1|A/cattle/Texas/24-008749-003/2024(H5N1)	968	4
PB1|PP755595.1|A/cattle/Texas/24-008749-003/2024(H5N1)	969	4
PB1|PP755595.1|A/cattle/Texas/24-008749-003/2024(H5N1)	970	4
PB1|PP755595.1|A/cattle/Texas/24-008749-003/2024(H5N1)	971	4
PB1|PP755595.1|A/cattle/Texas/24-008749-003/2024(H5N1)	972	4
PB1|PP755595.1|A/cattle/Texas/24-008749-003/2024(H5N1)	973	4
PB1|PP755595.1|A/cattle/Texas/24-008749-003/2024(H5N1)	974	4
PB1|PP755595.1|A/cattle/Texas/24-008749-003/2024(H5N1)	975	4
PB1|PP755595.1|A/cattle/Texas/24-008749-003/2024(H5N1)	976	4
PB1|PP755595.1|A/cattle/Texas/24-008749-003/2024(H5N1)	977	4
PB1|PP755595.1|A/cattle/Texas/24-008749-003/2024(H5N1)	978	4
PB1|PP755595.1|A/cattle/Texas/24-008749-003/2024(H5N1)	979	4
PB1|PP755595.1|A/cattle/Texas/24-008749-003/2024(H5N1)	980	4
PB1|PP755595.1|A/cattle/Texas/24-008749-003/2024(H5N1)	981	4
PB1|PP755595.1|A/cattle/Texas/24-008749-003/2024(H5N1)	982	4
PB1|PP755595.1|A/cattle/Texas/24-008749-003/2024(H5N1)	983	4
PB1|PP755595.1|A/cattle/Texas/24-008749-003/2024(H5N1)	984	4
PB1|PP755595.1|A/cattle/Texas/24-008749-003/2024(H5N1)	985	4
PB1|PP755595.1|A/cattle/Texas/24-008749-003/2024(H5N1)	986	6
PB1|PP755595.1|A/cattle/Texas/24-008749-003/2024(H5N1)	987	6
PB1|PP755595.1|A/cattle/Texas/24-008749-003/2024(H5N1)	988	7
PB1|PP755595.1|A/cattle/Texas/24-008749-003/2024(H5N1)	989	7
PB1|PP755595.1|A/cattle/Texas/24-008749-003/2024(H5N1)	990	7
PB1|PP755595.1|A/cattle/Texas/24-008749-003/2024(H5N1)	991	7
PB1|PP755595.1|A/cattle/Texas/24-008749-003/2024(H5N1)	992	7
PB1|PP755595.1|A/cattle/Texas/24-008749-003/2024(H5N1)	993	7
PB1|PP755595.1|A/cattle/Texas/24-008749-003/2024(H5N1)	994	7
PB1|PP755595.1|A/cattle/Texas/24-008749-003/2024(H5N1)	995	7
PB1|PP755595.1|A/cattle/Texas/24-008749-003/2024(H5N1)	996	7
PB1|PP755595.1|A/cattle/Texas/24-008749-003/2024(H5N1)	997	7
PB1|PP755595.1|A/cattle/Texas/24-008749-003/2024(H5N1)	998	7
PB1|PP755595.1|A/cattle/Texas/24-008749-003/2024(H5N1)	999	7
PB1|PP755595.1|A/cattle/Texas/24-008749-003/2024(H5N1)	1000	7
PB1|PP755595.1|A/cattle/Texas/24-008749-003/2024(H5N1)	1001	8
PB1|PP755595.1|A/cattle/Texas/24-008749-003/2024(H5N1)	1002	8
PB1|PP755595.1|A/cattle/Texas/24-008749-003/2024(H5N1)	1003	8
PB1|PP755595.1|A/cattle/Texas/24-008749-003/2024(H5N1)	1004	8
PB1|PP755595.1|A/cattle/Texas/24-008749-003/2024(H5N1)	1005	8
PB1|PP755595.1|A/cattle/Texas/24-008749-003/2024(H5N1)	1006	8
PB1|PP755595.1|A/cattle/Texas/24-008749-003/2024(H5N1)	1007	7
PB1|PP755595.1|A/cattle/Texas/24-008749-003/2024(H5N1)	1008	7
PB1|PP755595.1|A/cattle/Texas/24-008749-003/2024(H5N1)	1009	7
PB1|PP755595.1|A/cattle/Texas/24-008749-003/2024(H5N1)	1010	7
PB1|PP755595.1|A/cattle/Texas/24-008749-003/2024(H5N1)	1011	7
PB1|PP755595.1|A/cattle/Texas/24-008749-003/2024(H5N1)	1012	7
PB1|PP755595.1|A/cattle/Texas/24-008749-003/2024(H5N1)	1013	7
PB1|PP755595.1|A/cattle/Texas/24-008749-003/2024(H5N1)	1014	7
PB1|PP755595.1|A/cattle/Texas/24-008749-003/2024(H5N1)	1015	7
PB1|PP755595.1|A/cattle/Texas/24-008749-003/2024(H5N1)	1016	7
PB1|PP755595.1|A/cattle/Texas/24-008749-003/2024(H5N1)	1017	7
PB1|PP755595.1|A/cattle/Texas/24-008749-003/2024(H5N1)	1018	7
PB1|PP755595.1|A/cattle/Texas/24-008749-003/2024(H5N1)	1019	7
PB1|PP755595.1|A/cattle/Texas/24-008749-003/2024(H5N1)	1020	7
PB1|PP755595.1|A/cattle/Texas/24-008749-003/2024(H5N1)	1021	7
PB1|PP755595.1|A/cattle/Texas/24-008749-003/2024(H5N1)	1022	7
PB1|PP755595.1|A/cattle/Texas/24-008749-003/2024(H5N1)	1023	7
PB1|PP755595.1|A/cattle/Texas/24-008749-003/2024(H5N1)	1024	7
PB1|PP755595.1|A/cattle/Texas/24-008749-003/2024(H5N1)	1025	7
PB1|PP755595.1|A/cattle/Texas/24-008749-003/2024(H5N1)	1026	7
PB1|PP755595.1|A/cattle/Texas/24-008749-003/2024(H5N1)	1027	7
PB1|PP755595.1|A/cattle/Texas/24-008749-003/2024(H5N1)	1028	7
PB1|PP755595.1|A/cattle/Texas/24-008749-003/2024(H5N1)	1029	7
PB1|PP755595.1|A/cattle/Texas/24-008749-003/2024(H5N1)	1030	7
PB1|PP755595.1|A/cattle/Texas/24-008749-003/2024(H5N1)	1031	7
PB1|PP755595.1|A/cattle/Texas/24-008749-003/2024(H5N1)	1032	7
PB1|PP755595.1|A/cattle/Texas/24-008749-003/2024(H5N1)	1033	7
PB1|PP755595.1|A/cattle/Texas/24-008749-003/2024(H5N1)	1034	7
PB1|PP755595.1|A/cattle/Texas/24-008749-003/2024(H5N1)	1035	7
PB1|PP755595.1|A/cattle/Texas/24-008749-003/2024(H5N1)	1036	7
PB1|PP755595.1|A/cattle/Texas/24-008749-003/2024(H5N1)	1037	7
PB1|PP755595.1|A/cattle/Texas/24-008749-003/2024(H5N1)	1038	7
PB1|PP755595.1|A/cattle/Texas/24-008749-003/2024(H5N1)	1039	7
PB1|PP755595.1|A/cattle/Texas/24-008749-003/2024(H5N1)	1040	7
PB1|PP755595.1|A/cattle/Texas/24-008749-003/2024(H5N1)	1041	7
PB1|PP755595.1|A/cattle/Texas/24-008749-003/2024(H5N1)	1042	7
PB1|PP755595.1|A/cattle/Texas/24-008749-003/2024(H5N1)	1043	7
PB1|PP755595.1|A/cattle/Texas/24-008749-003/2024(H5N1)	1044	7
PB1|PP755595.1|A/cattle/Texas/24-008749-003/2024(H5N1)	1045	7
PB1|PP755595.1|A/cattle/Texas/24-008749-003/2024(H5N1)	1046	7
PB1|PP755595.1|A/cattle/Texas/24-008749-003/2024(H5N1)	1047	7
PB1|PP755595.1|A/cattle/Texas/24-008749-003/2024(H5N1)	1048	7
PB1|PP755595.1|A/cattle/Texas/24-008749-003/2024(H5N1)	1049	7
PB1|PP755595.1|A/cattle/Texas/24-008749-003/2024(H5N1)	1050	7
PB1|PP755595.1|A/cattle/Texas/24-008749-003/2024(H5N1)	1051	7
PB1|PP755595.1|A/cattle/Texas/24-008749-003/2024(H5N1)	1052	7
PB1|PP755595.1|A/cattle/Texas/24-008749-003/2024(H5N1)	1053	7
PB1|PP755595.1|A/cattle/Texas/24-008749-003/2024(H5N1)	1054	7
PB1|PP755595.1|A/cattle/Texas/24-008749-003/2024(H5N1)	1055	7
PB1|PP755595.1|A/cattle/Texas/24-008749-003/2024(H5N1)	1056	7
PB1|PP755595.1|A/cattle/Texas/24-008749-003/2024(H5N1)	1057	7
PB1|PP755595.1|A/cattle/Texas/24-008749-003/2024(H5N1)	1058	7
PB1|PP755595.1|A/cattle/Texas/24-008749-003/2024(H5N1)	1059	7
PB1|PP755595.1|A/cattle/Texas/24-008749-003/2024(H5N1)	1060	7
PB1|PP755595.1|A/cattle/Texas/24-008749-003/2024(H5N1)	1061	8
PB1|PP755595.1|A/cattle/Texas/24-008749-003/2024(H5N1)	1062	8
PB1|PP755595.1|A/cattle/Texas/24-008749-003/2024(H5N1)	1063	8
PB1|PP755595.1|A/cattle/Texas/24-008749-003/2024(H5N1)	1064	8
PB1|PP755595.1|A/cattle/Texas/24-008749-003/2024(H5N1)	1065	8
PB1|PP755595.1|A/cattle/Texas/24-008749-003/2024(H5N1)	1066	8
PB1|PP755595.1|A/cattle/Texas/24-008749-003/2024(H5N1)	1067	8
PB1|PP755595.1|A/cattle/Texas/24-008749-003/2024(H5N1)	1068	8
PB1|PP755595.1|A/cattle/Texas/24-008749-003/2024(H5N1)	1069	6
PB1|PP755595.1|A/cattle/Texas/24-008749-003/2024(H5N1)	1070	6
PB1|PP755595.1|A/cattle/Texas/24-008749-003/2024(H5N1)	1071	6
PB1|PP755595.1|A/cattle/Texas/24-008749-003/2024(H5N1)	1072	6
PB1|PP755595.1|A/cattle/Texas/24-008749-003/2024(H5N1)	1073	6
PB1|PP755595.1|A/cattle/Texas/24-008749-003/2024(H5N1)	1074	6
PB1|PP755595.1|A/cattle/Texas/24-008749-003/2024(H5N1)	1075	6
PB1|PP755595.1|A/cattle/Texas/24-008749-003/2024(H5N1)	1076	6
PB1|PP755595.1|A/cattle/Texas/24-008749-003/2024(H5N1)	1077	6
PB1|PP755595.1|A/cattle/Texas/24-008749-003/2024(H5N1)	1078	6
PB1|PP755595.1|A/cattle/Texas/24-008749-003/2024(H5N1)	1079	6
PB1|PP755595.1|A/cattle/Texas/24-008749-003/2024(H5N1)	1080	6
PB1|PP755595.1|A/cattle/Texas/24-008749-003/2024(H5N1)	1081	6
PB1|PP755595.1|A/cattle/Texas/24-008749-003/2024(H5N1)	1082	6
PB1|PP755595.1|A/cattle/Texas/24-008749-003/2024(H5N1)	1083	6
PB1|PP755595.1|A/cattle/Texas/24-008749-003/2024(H5N1)	1084	6
PB1|PP755595.1|A/cattle/Texas/24-008749-003/2024(H5N1)	1085	6
PB1|PP755595.1|A/cattle/Texas/24-008749-003/2024(H5N1)	1086	6
PB1|PP755595.1|A/cattle/Texas/24-008749-003/2024(H5N1)	1087	6
PB1|PP755595.1|A/cattle/Texas/24-008749-003/2024(H5N1)	1088	6
PB1|PP755595.1|A/cattle/Texas/24-008749-003/2024(H5N1)	1089	6
PB1|PP755595.1|A/cattle/Texas/24-008749-003/2024(H5N1)	1090	6
PB1|PP755595.1|A/cattle/Texas/24-008749-003/2024(H5N1)	1091	8
PB1|PP755595.1|A/cattle/Texas/24-008749-003/2024(H5N1)	1092	8
PB1|PP755595.1|A/cattle/Texas/24-008749-003/2024(H5N1)	1093	8
PB1|PP755595.1|A/cattle/Texas/24-008749-003/2024(H5N1)	1094	8
PB1|PP755595.1|A/cattle/Texas/24-008749-003/2024(H5N1)	1095	8
PB1|PP755595.1|A/cattle/Texas/24-008749-003/2024(H5N1)	1096	8
PB1|PP755595.1|A/cattle/Texas/24-008749-003/2024(H5N1)	1097	8
PB1|PP755595.1|A/cattle/Texas/24-008749-003/2024(H5N1)	1098	8
PB1|PP755595.1|A/cattle/Texas/24-008749-003/2024(H5N1)	1099	8
PB1|PP755595.1|A/cattle/Texas/24-008749-003/2024(H5N1)	1100	8
PB1|PP755595.1|A/cattle/Texas/24-008749-003/2024(H5N1)	1101	8
PB1|PP755595.1|A/cattle/Texas/24-008749-003/2024(H5N1)	1102	8
PB1|PP755595.1|A/cattle/Texas/24-008749-003/2024(H5N1)	1103	8
PB1|PP755595.1|A/cattle/Texas/24-008749-003/2024(H5N1)	1104	8
PB1|PP755595.1|A/cattle/Texas/24-008749-003/2024(H5N1)	1105	8
PB1|PP755595.1|A/cattle/Texas/24-008749-003/2024(H5N1)	1106	7
PB1|PP755595.1|A/cattle/Texas/24-008749-003/2024(H5N1)	1107	7
PB1|PP755595.1|A/cattle/Texas/24-008749-003/2024(H5N1)	1108	7
PB1|PP755595.1|A/cattle/Texas/24-008749-003/2024(H5N1)	1109	7
PB1|PP755595.1|A/cattle/Texas/24-008749-003/2024(H5N1)	1110	7
PB1|PP755595.1|A/cattle/Texas/24-008749-003/2024(H5N1)	1111	7
PB1|PP755595.1|A/cattle/Texas/24-008749-003/2024(H5N1)	1112	7
PB1|PP755595.1|A/cattle/Texas/24-008749-003/2024(H5N1)	1113	7
PB1|PP755595.1|A/cattle/Texas/24-008749-003/2024(H5N1)	1114	7
PB1|PP755595.1|A/cattle/Texas/24-008749-003/2024(H5N1)	1115	7
PB1|PP755595.1|A/cattle/Texas/24-008749-003/2024(H5N1)	1116	7
PB1|PP755595.1|A/cattle/Texas/24-008749-003/2024(H5N1)	1117	6
PB1|PP755595.1|A/cattle/Texas/24-008749-003/2024(H5N1)	1118	6
PB1|PP755595.1|A/cattle/Texas/24-008749-003/2024(H5N1)	1119	6
PB1|PP755595.1|A/cattle/Texas/24-008749-003/2024(H5N1)	1120	6
PB1|PP755595.1|A/cattle/Texas/24-008749-003/2024(H5N1)	1121	6
PB1|PP755595.1|A/cattle/Texas/24-008749-003/2024(H5N1)	1122	6
PB1|PP755595.1|A/cattle/Texas/24-008749-003/2024(H5N1)	1123	6
PB1|PP755595.1|A/cattle/Texas/24-008749-003/2024(H5N1)	1124	6
PB1|PP755595.1|A/cattle/Texas/24-008749-003/2024(H5N1)	1125	6
PB1|PP755595.1|A/cattle/Texas/24-008749-003/2024(H5N1)	1126	6
PB1|PP755595.1|A/cattle/Texas/24-008749-003/2024(H5N1)	1127	6
PB1|PP755595.1|A/cattle/Texas/24-008749-003/2024(H5N1)	1128	6
PB1|PP755595.1|A/cattle/Texas/24-008749-003/2024(H5N1)	1129	6
PB1|PP755595.1|A/cattle/Texas/24-008749-003/2024(H5N1)	1130	6
PB1|PP755595.1|A/cattle/Texas/24-008749-003/2024(H5N1)	1131	6
PB1|PP755595.1|A/cattle/Texas/24-008749-003/2024(H5N1)	1132	6
PB1|PP755595.1|A/cattle/Texas/24-008749-003/2024(H5N1)	1133	6
PB1|PP755595.1|A/cattle/Texas/24-008749-003/2024(H5N1)	1134	6
PB1|PP755595.1|A/cattle/Texas/24-008749-003/2024(H5N1)	1135	6
PB1|PP755595.1|A/cattle/Texas/24-008749-003/2024(H5N1)	1136	6
PB1|PP755595.1|A/cattle/Texas/24-008749-003/2024(H5N1)	1137	6
PB1|PP755595.1|A/cattle/Texas/24-008749-003/2024(H5N1)	1138	6
PB1|PP755595.1|A/cattle/Texas/24-008749-003/2024(H5N1)	1139	5
PB1|PP755595.1|A/cattle/Texas/24-008749-003/2024(H5N1)	1140	5
PB1|PP755595.1|A/cattle/Texas/24-008749-003/2024(H5N1)	1141	5
PB1|PP755595.1|A/cattle/Texas/24-008749-003/2024(H5N1)	1142	5
PB1|PP755595.1|A/cattle/Texas/24-008749-003/2024(H5N1)	1143	5
PB1|PP755595.1|A/cattle/Texas/24-008749-003/2024(H5N1)	1144	5
PB1|PP755595.1|A/cattle/Texas/24-008749-003/2024(H5N1)	1145	5
PB1|PP755595.1|A/cattle/Texas/24-008749-003/2024(H5N1)	1146	5
PB1|PP755595.1|A/cattle/Texas/24-008749-003/2024(H5N1)	1147	5
PB1|PP755595.1|A/cattle/Texas/24-008749-003/2024(H5N1)	1148	5
PB1|PP755595.1|A/cattle/Texas/24-008749-003/2024(H5N1)	1149	5
PB1|PP755595.1|A/cattle/Texas/24-008749-003/2024(H5N1)	1150	5
PB1|PP755595.1|A/cattle/Texas/24-008749-003/2024(H5N1)	1151	4
PB1|PP755595.1|A/cattle/Texas/24-008749-003/2024(H5N1)	1152	4
PB1|PP755595.1|A/cattle/Texas/24-008749-003/2024(H5N1)	1153	5
PB1|PP755595.1|A/cattle/Texas/24-008749-003/2024(H5N1)	1154	5
PB1|PP755595.1|A/cattle/Texas/24-008749-003/2024(H5N1)	1155	5
PB1|PP755595.1|A/cattle/Texas/24-008749-003/2024(H5N1)	1156	5
PB1|PP755595.1|A/cattle/Texas/24-008749-003/2024(H5N1)	1157	5
PB1|PP755595.1|A/cattle/Texas/24-008749-003/2024(H5N1)	1158	5
PB1|PP755595.1|A/cattle/Texas/24-008749-003/2024(H5N1)	1159	5
PB1|PP755595.1|A/cattle/Texas/24-008749-003/2024(H5N1)	1160	5
PB1|PP755595.1|A/cattle/Texas/24-008749-003/2024(H5N1)	1161	5
PB1|PP755595.1|A/cattle/Texas/24-008749-003/2024(H5N1)	1162	5
PB1|PP755595.1|A/cattle/Texas/24-008749-003/2024(H5N1)	1163	5
PB1|PP755595.1|A/cattle/Texas/24-008749-003/2024(H5N1)	1164	5
PB1|PP755595.1|A/cattle/Texas/24-008749-003/2024(H5N1)	1165	5
PB1|PP755595.1|A/cattle/Texas/24-008749-003/2024(H5N1)	1166	5
PB1|PP755595.1|A/cattle/Texas/24-008749-003/2024(H5N1)	1167	5
PB1|PP755595.1|A/cattle/Texas/24-008749-003/2024(H5N1)	1168	5
PB1|PP755595.1|A/cattle/Texas/24-008749-003/2024(H5N1)	1169	6
PB1|PP755595.1|A/cattle/Texas/24-008749-003/2024(H5N1)	1170	6
PB1|PP755595.1|A/cattle/Texas/24-008749-003/2024(H5N1)	1171	6
PB1|PP755595.1|A/cattle/Texas/24-008749-003/2024(H5N1)	1172	6
PB1|PP755595.1|A/cattle/Texas/24-008749-003/2024(H5N1)	1173	8
PB1|PP755595.1|A/cattle/Texas/24-008749-003/2024(H5N1)	1174	8
PB1|PP755595.1|A/cattle/Texas/24-008749-003/2024(H5N1)	1175	8
PB1|PP755595.1|A/cattle/Texas/24-008749-003/2024(H5N1)	1176	8
PB1|PP755595.1|A/cattle/Texas/24-008749-003/2024(H5N1)	1177	8
PB1|PP755595.1|A/cattle/Texas/24-008749-003/2024(H5N1)	1178	8
PB1|PP755595.1|A/cattle/Texas/24-008749-003/2024(H5N1)	1179	8
PB1|PP755595.1|A/cattle/Texas/24-008749-003/2024(H5N1)	1180	8
PB1|PP755595.1|A/cattle/Texas/24-008749-003/2024(H5N1)	1181	8
PB1|PP755595.1|A/cattle/Texas/24-008749-003/2024(H5N1)	1182	8
PB1|PP755595.1|A/cattle/Texas/24-008749-003/2024(H5N1)	1183	9
PB1|PP755595.1|A/cattle/Texas/24-008749-003/2024(H5N1)	1184	9
PB1|PP755595.1|A/cattle/Texas/24-008749-003/2024(H5N1)	1185	9
PB1|PP755595.1|A/cattle/Texas/24-008749-003/2024(H5N1)	1186	9
PB1|PP755595.1|A/cattle/Texas/24-008749-003/2024(H5N1)	1187	9
PB1|PP755595.1|A/cattle/Texas/24-008749-003/2024(H5N1)	1188	9
PB1|PP755595.1|A/cattle/Texas/24-008749-003/2024(H5N1)	1189	9
PB1|PP755595.1|A/cattle/Texas/24-008749-003/2024(H5N1)	1190	9
PB1|PP755595.1|A/cattle/Texas/24-008749-003/2024(H5N1)	1191	9
PB1|PP755595.1|A/cattle/Texas/24-008749-003/2024(H5N1)	1192	9
PB1|PP755595.1|A/cattle/Texas/24-008749-003/2024(H5N1)	1193	8
PB1|PP755595.1|A/cattle/Texas/24-008749-003/2024(H5N1)	1194	8
PB1|PP755595.1|A/cattle/Texas/24-008749-003/2024(H5N1)	1195	8
PB1|PP755595.1|A/cattle/Texas/24-008749-003/2024(H5N1)	1196	8
PB1|PP755595.1|A/cattle/Texas/24-008749-003/2024(H5N1)	1197	8
PB1|PP755595.1|A/cattle/Texas/24-008749-003/2024(H5N1)	1198	8
PB1|PP755595.1|A/cattle/Texas/24-008749-003/2024(H5N1)	1199	8
PB1|PP755595.1|A/cattle/Texas/24-008749-003/2024(H5N1)	1200	8
PB1|PP755595.1|A/cattle/Texas/24-008749-003/2024(H5N1)	1201	8
PB1|PP755595.1|A/cattle/Texas/24-008749-003/2024(H5N1)	1202	8
PB1|PP755595.1|A/cattle/Texas/24-008749-003/2024(H5N1)	1203	8
PB1|PP755595.1|A/cattle/Texas/24-008749-003/2024(H5N1)	1204	8
PB1|PP755595.1|A/cattle/Texas/24-008749-003/2024(H5N1)	1205	8
PB1|PP755595.1|A/cattle/Texas/24-008749-003/2024(H5N1)	1206	8
PB1|PP755595.1|A/cattle/Texas/24-008749-003/2024(H5N1)	1207	8
PB1|PP755595.1|A/cattle/Texas/24-008749-003/2024(H5N1)	1208	8
PB1|PP755595.1|A/cattle/Texas/24-008749-003/2024(H5N1)	1209	8
PB1|PP755595.1|A/cattle/Texas/24-008749-003/2024(H5N1)	1210	7
PB1|PP755595.1|A/cattle/Texas/24-008749-003/2024(H5N1)	1211	7
PB1|PP755595.1|A/cattle/Texas/24-008749-003/2024(H5N1)	1212	7
PB1|PP755595.1|A/cattle/Texas/24-008749-003/2024(H5N1)	1213	7
PB1|PP755595.1|A/cattle/Texas/24-008749-003/2024(H5N1)	1214	7
PB1|PP755595.1|A/cattle/Texas/24-008749-003/2024(H5N1)	1215	7
PB1|PP755595.1|A/cattle/Texas/24-008749-003/2024(H5N1)	1216	7
PB1|PP755595.1|A/cattle/Texas/24-008749-003/2024(H5N1)	1217	7
PB1|PP755595.1|A/cattle/Texas/24-008749-003/2024(H5N1)	1218	7
PB1|PP755595.1|A/cattle/Texas/24-008749-003/2024(H5N1)	1219	7
PB1|PP755595.1|A/cattle/Texas/24-008749-003/2024(H5N1)	1220	7
PB1|PP755595.1|A/cattle/Texas/24-008749-003/2024(H5N1)	1221	8
PB1|PP755595.1|A/cattle/Texas/24-008749-003/2024(H5N1)	1222	8
PB1|PP755595.1|A/cattle/Texas/24-008749-003/2024(H5N1)	1223	8
PB1|PP755595.1|A/cattle/Texas/24-008749-003/2024(H5N1)	1224	8
PB1|PP755595.1|A/cattle/Texas/24-008749-003/2024(H5N1)	1225	8
PB1|PP755595.1|A/cattle/Texas/24-008749-003/2024(H5N1)	1226	8
PB1|PP755595.1|A/cattle/Texas/24-008749-003/2024(H5N1)	1227	8
PB1|PP755595.1|A/cattle/Texas/24-008749-003/2024(H5N1)	1228	8
PB1|PP755595.1|A/cattle/Texas/24-008749-003/2024(H5N1)	1229	8
PB1|PP755595.1|A/cattle/Texas/24-008749-003/2024(H5N1)	1230	8
PB1|PP755595.1|A/cattle/Texas/24-008749-003/2024(H5N1)	1231	8
PB1|PP755595.1|A/cattle/Texas/24-008749-003/2024(H5N1)	1232	8
PB1|PP755595.1|A/cattle/Texas/24-008749-003/2024(H5N1)	1233	8
PB1|PP755595.1|A/cattle/Texas/24-008749-003/2024(H5N1)	1234	8
PB1|PP755595.1|A/cattle/Texas/24-008749-003/2024(H5N1)	1235	8
PB1|PP755595.1|A/cattle/Texas/24-008749-003/2024(H5N1)	1236	8
PB1|PP755595.1|A/cattle/Texas/24-008749-003/2024(H5N1)	1237	8
PB1|PP755595.1|A/cattle/Texas/24-008749-003/2024(H5N1)	1238	8
PB1|PP755595.1|A/cattle/Texas/24-008749-003/2024(H5N1)	1239	8
PB1|PP755595.1|A/cattle/Texas/24-008749-003/2024(H5N1)	1240	8
PB1|PP755595.1|A/cattle/Texas/24-008749-003/2024(H5N1)	1241	8
PB1|PP755595.1|A/cattle/Texas/24-008749-003/2024(H5N1)	1242	6
PB1|PP755595.1|A/cattle/Texas/24-008749-003/2024(H5N1)	1243	7
PB1|PP755595.1|A/cattle/Texas/24-008749-003/2024(H5N1)	1244	8
PB1|PP755595.1|A/cattle/Texas/24-008749-003/2024(H5N1)	1245	8
PB1|PP755595.1|A/cattle/Texas/24-008749-003/2024(H5N1)	1246	8
PB1|PP755595.1|A/cattle/Texas/24-008749-003/2024(H5N1)	1247	9
PB1|PP755595.1|A/cattle/Texas/24-008749-003/2024(H5N1)	1248	9
PB1|PP755595.1|A/cattle/Texas/24-008749-003/2024(H5N1)	1249	9
PB1|PP755595.1|A/cattle/Texas/24-008749-003/2024(H5N1)	1250	9
PB1|PP755595.1|A/cattle/Texas/24-008749-003/2024(H5N1)	1251	9
PB1|PP755595.1|A/cattle/Texas/24-008749-003/2024(H5N1)	1252	9
PB1|PP755595.1|A/cattle/Texas/24-008749-003/2024(H5N1)	1253	10
PB1|PP755595.1|A/cattle/Texas/24-008749-003/2024(H5N1)	1254	10
PB1|PP755595.1|A/cattle/Texas/24-008749-003/2024(H5N1)	1255	10
PB1|PP755595.1|A/cattle/Texas/24-008749-003/2024(H5N1)	1256	10
PB1|PP755595.1|A/cattle/Texas/24-008749-003/2024(H5N1)	1257	10
PB1|PP755595.1|A/cattle/Texas/24-008749-003/2024(H5N1)	1258	10
PB1|PP755595.1|A/cattle/Texas/24-008749-003/2024(H5N1)	1259	10
PB1|PP755595.1|A/cattle/Texas/24-008749-003/2024(H5N1)	1260	10
PB1|PP755595.1|A/cattle/Texas/24-008749-003/2024(H5N1)	1261	10
PB1|PP755595.1|A/cattle/Texas/24-008749-003/2024(H5N1)	1262	10
PB1|PP755595.1|A/cattle/Texas/24-008749-003/2024(H5N1)	1263	10
PB1|PP755595.1|A/cattle/Texas/24-008749-003/2024(H5N1)	1264	11
PB1|PP755595.1|A/cattle/Texas/24-008749-003/2024(H5N1)	1265	11
PB1|PP755595.1|A/cattle/Texas/24-008749-003/2024(H5N1)	1266	11
PB1|PP755595.1|A/cattle/Texas/24-008749-003/2024(H5N1)	1267	11
PB1|PP755595.1|A/cattle/Texas/24-008749-003/2024(H5N1)	1268	11
PB1|PP755595.1|A/cattle/Texas/24-008749-003/2024(H5N1)	1269	11
PB1|PP755595.1|A/cattle/Texas/24-008749-003/2024(H5N1)	1270	11
PB1|PP755595.1|A/cattle/Texas/24-008749-003/2024(H5N1)	1271	11
PB1|PP755595.1|A/cattle/Texas/24-008749-003/2024(H5N1)	1272	11
PB1|PP755595.1|A/cattle/Texas/24-008749-003/2024(H5N1)	1273	11
PB1|PP755595.1|A/cattle/Texas/24-008749-003/2024(H5N1)	1274	11
PB1|PP755595.1|A/cattle/Texas/24-008749-003/2024(H5N1)	1275	11
PB1|PP755595.1|A/cattle/Texas/24-008749-003/2024(H5N1)	1276	11
PB1|PP755595.1|A/cattle/Texas/24-008749-003/2024(H5N1)	1277	11
PB1|PP755595.1|A/cattle/Texas/24-008749-003/2024(H5N1)	1278	11
PB1|PP755595.1|A/cattle/Texas/24-008749-003/2024(H5N1)	1279	11
PB1|PP755595.1|A/cattle/Texas/24-008749-003/2024(H5N1)	1280	11
PB1|PP755595.1|A/cattle/Texas/24-008749-003/2024(H5N1)	1281	11
PB1|PP755595.1|A/cattle/Texas/24-008749-003/2024(H5N1)	1282	11
PB1|PP755595.1|A/cattle/Texas/24-008749-003/2024(H5N1)	1283	11
PB1|PP755595.1|A/cattle/Texas/24-008749-003/2024(H5N1)	1284	11
PB1|PP755595.1|A/cattle/Texas/24-008749-003/2024(H5N1)	1285	11
PB1|PP755595.1|A/cattle/Texas/24-008749-003/2024(H5N1)	1286	11
PB1|PP755595.1|A/cattle/Texas/24-008749-003/2024(H5N1)	1287	11
PB1|PP755595.1|A/cattle/Texas/24-008749-003/2024(H5N1)	1288	11
PB1|PP755595.1|A/cattle/Texas/24-008749-003/2024(H5N1)	1289	11
PB1|PP755595.1|A/cattle/Texas/24-008749-003/2024(H5N1)	1290	11
PB1|PP755595.1|A/cattle/Texas/24-008749-003/2024(H5N1)	1291	11
PB1|PP755595.1|A/cattle/Texas/24-008749-003/2024(H5N1)	1292	11
PB1|PP755595.1|A/cattle/Texas/24-008749-003/2024(H5N1)	1293	12
PB1|PP755595.1|A/cattle/Texas/24-008749-003/2024(H5N1)	1294	13
PB1|PP755595.1|A/cattle/Texas/24-008749-003/2024(H5N1)	1295	13
PB1|PP755595.1|A/cattle/Texas/24-008749-003/2024(H5N1)	1296	13
PB1|PP755595.1|A/cattle/Texas/24-008749-003/2024(H5N1)	1297	13
PB1|PP755595.1|A/cattle/Texas/24-008749-003/2024(H5N1)	1298	13
PB1|PP755595.1|A/cattle/Texas/24-008749-003/2024(H5N1)	1299	13
PB1|PP755595.1|A/cattle/Texas/24-008749-003/2024(H5N1)	1300	13
PB1|PP755595.1|A/cattle/Texas/24-008749-003/2024(H5N1)	1301	13
PB1|PP755595.1|A/cattle/Texas/24-008749-003/2024(H5N1)	1302	13
PB1|PP755595.1|A/cattle/Texas/24-008749-003/2024(H5N1)	1303	13
PB1|PP755595.1|A/cattle/Texas/24-008749-003/2024(H5N1)	1304	12
PB1|PP755595.1|A/cattle/Texas/24-008749-003/2024(H5N1)	1305	12
PB1|PP755595.1|A/cattle/Texas/24-008749-003/2024(H5N1)	1306	12
PB1|PP755595.1|A/cattle/Texas/24-008749-003/2024(H5N1)	1307	12
PB1|PP755595.1|A/cattle/Texas/24-008749-003/2024(H5N1)	1308	12
PB1|PP755595.1|A/cattle/Texas/24-008749-003/2024(H5N1)	1309	12
PB1|PP755595.1|A/cattle/Texas/24-008749-003/2024(H5N1)	1310	12
PB1|PP755595.1|A/cattle/Texas/24-008749-003/2024(H5N1)	1311	12
PB1|PP755595.1|A/cattle/Texas/24-008749-003/2024(H5N1)	1312	12
PB1|PP755595.1|A/cattle/Texas/24-008749-003/2024(H5N1)	1313	12
PB1|PP755595.1|A/cattle/Texas/24-008749-003/2024(H5N1)	1314	12
PB1|PP755595.1|A/cattle/Texas/24-008749-003/2024(H5N1)	1315	12
PB1|PP755595.1|A/cattle/Texas/24-008749-003/2024(H5N1)	1316	12
PB1|PP755595.1|A/cattle/Texas/24-008749-003/2024(H5N1)	1317	12
PB1|PP755595.1|A/cattle/Texas/24-008749-003/2024(H5N1)	1318	13
PB1|PP755595.1|A/cattle/Texas/24-008749-003/2024(H5N1)	1319	12
PB1|PP755595.1|A/cattle/Texas/24-008749-003/2024(H5N1)	1320	12
PB1|PP755595.1|A/cattle/Texas/24-008749-003/2024(H5N1)	1321	12
PB1|PP755595.1|A/cattle/Texas/24-008749-003/2024(H5N1)	1322	12
PB1|PP755595.1|A/cattle/Texas/24-008749-003/2024(H5N1)	1323	12
PB1|PP755595.1|A/cattle/Texas/24-008749-003/2024(H5N1)	1324	10
PB1|PP755595.1|A/cattle/Texas/24-008749-003/2024(H5N1)	1325	10
PB1|PP755595.1|A/cattle/Texas/24-008749-003/2024(H5N1)	1326	10
PB1|PP755595.1|A/cattle/Texas/24-008749-003/2024(H5N1)	1327	10
PB1|PP755595.1|A/cattle/Texas/24-008749-003/2024(H5N1)	1328	10
PB1|PP755595.1|A/cattle/Texas/24-008749-003/2024(H5N1)	1329	10
PB1|PP755595.1|A/cattle/Texas/24-008749-003/2024(H5N1)	1330	10
PB1|PP755595.1|A/cattle/Texas/24-008749-003/2024(H5N1)	1331	9
PB1|PP755595.1|A/cattle/Texas/24-008749-003/2024(H5N1)	1332	9
PB1|PP755595.1|A/cattle/Texas/24-008749-003/2024(H5N1)	1333	9
PB1|PP755595.1|A/cattle/Texas/24-008749-003/2024(H5N1)	1334	9
PB1|PP755595.1|A/cattle/Texas/24-008749-003/2024(H5N1)	1335	9
PB1|PP755595.1|A/cattle/Texas/24-008749-003/2024(H5N1)	1336	10
PB1|PP755595.1|A/cattle/Texas/24-008749-003/2024(H5N1)	1337	11
PB1|PP755595.1|A/cattle/Texas/24-008749-003/2024(H5N1)	1338	11
PB1|PP755595.1|A/cattle/Texas/24-008749-003/2024(H5N1)	1339	11
PB1|PP755595.1|A/cattle/Texas/24-008749-003/2024(H5N1)	1340	11
PB1|PP755595.1|A/cattle/Texas/24-008749-003/2024(H5N1)	1341	11
PB1|PP755595.1|A/cattle/Texas/24-008749-003/2024(H5N1)	1342	11
PB1|PP755595.1|A/cattle/Texas/24-008749-003/2024(H5N1)	1343	11
PB1|PP755595.1|A/cattle/Texas/24-008749-003/2024(H5N1)	1344	11
PB1|PP755595.1|A/cattle/Texas/24-008749-003/2024(H5N1)	1345	12
PB1|PP755595.1|A/cattle/Texas/24-008749-003/2024(H5N1)	1346	12
PB1|PP755595.1|A/cattle/Texas/24-008749-003/2024(H5N1)	1347	12
PB1|PP755595.1|A/cattle/Texas/24-008749-003/2024(H5N1)	1348	12
PB1|PP755595.1|A/cattle/Texas/24-008749-003/2024(H5N1)	1349	12
PB1|PP755595.1|A/cattle/Texas/24-008749-003/2024(H5N1)	1350	12
PB1|PP755595.1|A/cattle/Texas/24-008749-003/2024(H5N1)	1351	12
PB1|PP755595.1|A/cattle/Texas/24-008749-003/2024(H5N1)	1352	12
PB1|PP755595.1|A/cattle/Texas/24-008749-003/2024(H5N1)	1353	12
PB1|PP755595.1|A/cattle/Texas/24-008749-003/2024(H5N1)	1354	12
PB1|PP755595.1|A/cattle/Texas/24-008749-003/2024(H5N1)	1355	12
PB1|PP755595.1|A/cattle/Texas/24-008749-003/2024(H5N1)	1356	12
PB1|PP755595.1|A/cattle/Texas/24-008749-003/2024(H5N1)	1357	12
PB1|PP755595.1|A/cattle/Texas/24-008749-003/2024(H5N1)	1358	12
PB1|PP755595.1|A/cattle/Texas/24-008749-003/2024(H5N1)	1359	12
PB1|PP755595.1|A/cattle/Texas/24-008749-003/2024(H5N1)	1360	12
PB1|PP755595.1|A/cattle/Texas/24-008749-003/2024(H5N1)	1361	12
PB1|PP755595.1|A/cattle/Texas/24-008749-003/2024(H5N1)	1362	13
PB1|PP755595.1|A/cattle/Texas/24-008749-003/2024(H5N1)	1363	13
PB1|PP755595.1|A/cattle/Texas/24-008749-003/2024(H5N1)	1364	13
PB1|PP755595.1|A/cattle/Texas/24-008749-003/2024(H5N1)	1365	13
PB1|PP755595.1|A/cattle/Texas/24-008749-003/2024(H5N1)	1366	13
PB1|PP755595.1|A/cattle/Texas/24-008749-003/2024(H5N1)	1367	13
PB1|PP755595.1|A/cattle/Texas/24-008749-003/2024(H5N1)	1368	13
PB1|PP755595.1|A/cattle/Texas/24-008749-003/2024(H5N1)	1369	13
PB1|PP755595.1|A/cattle/Texas/24-008749-003/2024(H5N1)	1370	13
PB1|PP755595.1|A/cattle/Texas/24-008749-003/2024(H5N1)	1371	13
PB1|PP755595.1|A/cattle/Texas/24-008749-003/2024(H5N1)	1372	12
PB1|PP755595.1|A/cattle/Texas/24-008749-003/2024(H5N1)	1373	12
PB1|PP755595.1|A/cattle/Texas/24-008749-003/2024(H5N1)	1374	12
PB1|PP755595.1|A/cattle/Texas/24-008749-003/2024(H5N1)	1375	12
PB1|PP755595.1|A/cattle/Texas/24-008749-003/2024(H5N1)	1376	12
PB1|PP755595.1|A/cattle/Texas/24-008749-003/2024(H5N1)	1377	12
PB1|PP755595.1|A/cattle/Texas/24-008749-003/2024(H5N1)	1378	12
PB1|PP755595.1|A/cattle/Texas/24-008749-003/2024(H5N1)	1379	14
PB1|PP755595.1|A/cattle/Texas/24-008749-003/2024(H5N1)	1380	14
PB1|PP755595.1|A/cattle/Texas/24-008749-003/2024(H5N1)	1381	14
PB1|PP755595.1|A/cattle/Texas/24-008749-003/2024(H5N1)	1382	14
PB1|PP755595.1|A/cattle/Texas/24-008749-003/2024(H5N1)	1383	14
PB1|PP755595.1|A/cattle/Texas/24-008749-003/2024(H5N1)	1384	14
PB1|PP755595.1|A/cattle/Texas/24-008749-003/2024(H5N1)	1385	14
PB1|PP755595.1|A/cattle/Texas/24-008749-003/2024(H5N1)	1386	14
PB1|PP755595.1|A/cattle/Texas/24-008749-003/2024(H5N1)	1387	14
PB1|PP755595.1|A/cattle/Texas/24-008749-003/2024(H5N1)	1388	14
PB1|PP755595.1|A/cattle/Texas/24-008749-003/2024(H5N1)	1389	14
PB1|PP755595.1|A/cattle/Texas/24-008749-003/2024(H5N1)	1390	15
PB1|PP755595.1|A/cattle/Texas/24-008749-003/2024(H5N1)	1391	15
PB1|PP755595.1|A/cattle/Texas/24-008749-003/2024(H5N1)	1392	15
PB1|PP755595.1|A/cattle/Texas/24-008749-003/2024(H5N1)	1393	14
PB1|PP755595.1|A/cattle/Texas/24-008749-003/2024(H5N1)	1394	14
PB1|PP755595.1|A/cattle/Texas/24-008749-003/2024(H5N1)	1395	13
PB1|PP755595.1|A/cattle/Texas/24-008749-003/2024(H5N1)	1396	13
PB1|PP755595.1|A/cattle/Texas/24-008749-003/2024(H5N1)	1397	13
PB1|PP755595.1|A/cattle/Texas/24-008749-003/2024(H5N1)	1398	14
PB1|PP755595.1|A/cattle/Texas/24-008749-003/2024(H5N1)	1399	14
PB1|PP755595.1|A/cattle/Texas/24-008749-003/2024(H5N1)	1400	15
PB1|PP755595.1|A/cattle/Texas/24-008749-003/2024(H5N1)	1401	15
PB1|PP755595.1|A/cattle/Texas/24-008749-003/2024(H5N1)	1402	15
PB1|PP755595.1|A/cattle/Texas/24-008749-003/2024(H5N1)	1403	15
PB1|PP755595.1|A/cattle/Texas/24-008749-003/2024(H5N1)	1404	14
PB1|PP755595.1|A/cattle/Texas/24-008749-003/2024(H5N1)	1405	14
PB1|PP755595.1|A/cattle/Texas/24-008749-003/2024(H5N1)	1406	15
PB1|PP755595.1|A/cattle/Texas/24-008749-003/2024(H5N1)	1407	15
PB1|PP755595.1|A/cattle/Texas/24-008749-003/2024(H5N1)	1408	15
PB1|PP755595.1|A/cattle/Texas/24-008749-003/2024(H5N1)	1409	15
PB1|PP755595.1|A/cattle/Texas/24-008749-003/2024(H5N1)	1410	15
PB1|PP755595.1|A/cattle/Texas/24-008749-003/2024(H5N1)	1411	15
PB1|PP755595.1|A/cattle/Texas/24-008749-003/2024(H5N1)	1412	15
PB1|PP755595.1|A/cattle/Texas/24-008749-003/2024(H5N1)	1413	15
PB1|PP755595.1|A/cattle/Texas/24-008749-003/2024(H5N1)	1414	15
PB1|PP755595.1|A/cattle/Texas/24-008749-003/2024(H5N1)	1415	14
PB1|PP755595.1|A/cattle/Texas/24-008749-003/2024(H5N1)	1416	14
PB1|PP755595.1|A/cattle/Texas/24-008749-003/2024(H5N1)	1417	15
PB1|PP755595.1|A/cattle/Texas/24-008749-003/2024(H5N1)	1418	15
PB1|PP755595.1|A/cattle/Texas/24-008749-003/2024(H5N1)	1419	15
PB1|PP755595.1|A/cattle/Texas/24-008749-003/2024(H5N1)	1420	15
PB1|PP755595.1|A/cattle/Texas/24-008749-003/2024(H5N1)	1421	15
PB1|PP755595.1|A/cattle/Texas/24-008749-003/2024(H5N1)	1422	16
PB1|PP755595.1|A/cattle/Texas/24-008749-003/2024(H5N1)	1423	16
PB1|PP755595.1|A/cattle/Texas/24-008749-003/2024(H5N1)	1424	16
PB1|PP755595.1|A/cattle/Texas/24-008749-003/2024(H5N1)	1425	16
PB1|PP755595.1|A/cattle/Texas/24-008749-003/2024(H5N1)	1426	16
PB1|PP755595.1|A/cattle/Texas/24-008749-003/2024(H5N1)	1427	16
PB1|PP755595.1|A/cattle/Texas/24-008749-003/2024(H5N1)	1428	16
PB1|PP755595.1|A/cattle/Texas/24-008749-003/2024(H5N1)	1429	17
PB1|PP755595.1|A/cattle/Texas/24-008749-003/2024(H5N1)	1430	17
PB1|PP755595.1|A/cattle/Texas/24-008749-003/2024(H5N1)	1431	17
PB1|PP755595.1|A/cattle/Texas/24-008749-003/2024(H5N1)	1432	17
PB1|PP755595.1|A/cattle/Texas/24-008749-003/2024(H5N1)	1433	17
PB1|PP755595.1|A/cattle/Texas/24-008749-003/2024(H5N1)	1434	17
PB1|PP755595.1|A/cattle/Texas/24-008749-003/2024(H5N1)	1435	17
PB1|PP755595.1|A/cattle/Texas/24-008749-003/2024(H5N1)	1436	17
PB1|PP755595.1|A/cattle/Texas/24-008749-003/2024(H5N1)	1437	17
PB1|PP755595.1|A/cattle/Texas/24-008749-003/2024(H5N1)	1438	17
PB1|PP755595.1|A/cattle/Texas/24-008749-003/2024(H5N1)	1439	17
PB1|PP755595.1|A/cattle/Texas/24-008749-003/2024(H5N1)	1440	17
PB1|PP755595.1|A/cattle/Texas/24-008749-003/2024(H5N1)	1441	17
PB1|PP755595.1|A/cattle/Texas/24-008749-003/2024(H5N1)	1442	17
PB1|PP755595.1|A/cattle/Texas/24-008749-003/2024(H5N1)	1443	18
PB1|PP755595.1|A/cattle/Texas/24-008749-003/2024(H5N1)	1444	17
PB1|PP755595.1|A/cattle/Texas/24-008749-003/2024(H5N1)	1445	16
PB1|PP755595.1|A/cattle/Texas/24-008749-003/2024(H5N1)	1446	16
PB1|PP755595.1|A/cattle/Texas/24-008749-003/2024(H5N1)	1447	16
PB1|PP755595.1|A/cattle/Texas/24-008749-003/2024(H5N1)	1448	17
PB1|PP755595.1|A/cattle/Texas/24-008749-003/2024(H5N1)	1449	17
PB1|PP755595.1|A/cattle/Texas/24-008749-003/2024(H5N1)	1450	17
PB1|PP755595.1|A/cattle/Texas/24-008749-003/2024(H5N1)	1451	17
PB1|PP755595.1|A/cattle/Texas/24-008749-003/2024(H5N1)	1452	17
PB1|PP755595.1|A/cattle/Texas/24-008749-003/2024(H5N1)	1453	17
PB1|PP755595.1|A/cattle/Texas/24-008749-003/2024(H5N1)	1454	17
PB1|PP755595.1|A/cattle/Texas/24-008749-003/2024(H5N1)	1455	17
PB1|PP755595.1|A/cattle/Texas/24-008749-003/2024(H5N1)	1456	17
PB1|PP755595.1|A/cattle/Texas/24-008749-003/2024(H5N1)	1457	18
PB1|PP755595.1|A/cattle/Texas/24-008749-003/2024(H5N1)	1458	18
PB1|PP755595.1|A/cattle/Texas/24-008749-003/2024(H5N1)	1459	18
PB1|PP755595.1|A/cattle/Texas/24-008749-003/2024(H5N1)	1460	18
PB1|PP755595.1|A/cattle/Texas/24-008749-003/2024(H5N1)	1461	18
PB1|PP755595.1|A/cattle/Texas/24-008749-003/2024(H5N1)	1462	19
PB1|PP755595.1|A/cattle/Texas/24-008749-003/2024(H5N1)	1463	19
PB1|PP755595.1|A/cattle/Texas/24-008749-003/2024(H5N1)	1464	19
PB1|PP755595.1|A/cattle/Texas/24-008749-003/2024(H5N1)	1465	20
PB1|PP755595.1|A/cattle/Texas/24-008749-003/2024(H5N1)	1466	20
PB1|PP755595.1|A/cattle/Texas/24-008749-003/2024(H5N1)	1467	20
PB1|PP755595.1|A/cattle/Texas/24-008749-003/2024(H5N1)	1468	20
PB1|PP755595.1|A/cattle/Texas/24-008749-003/2024(H5N1)	1469	19
PB1|PP755595.1|A/cattle/Texas/24-008749-003/2024(H5N1)	1470	19
PB1|PP755595.1|A/cattle/Texas/24-008749-003/2024(H5N1)	1471	19
PB1|PP755595.1|A/cattle/Texas/24-008749-003/2024(H5N1)	1472	19
PB1|PP755595.1|A/cattle/Texas/24-008749-003/2024(H5N1)	1473	19
PB1|PP755595.1|A/cattle/Texas/24-008749-003/2024(H5N1)	1474	19
PB1|PP755595.1|A/cattle/Texas/24-008749-003/2024(H5N1)	1475	19
PB1|PP755595.1|A/cattle/Texas/24-008749-003/2024(H5N1)	1476	19
PB1|PP755595.1|A/cattle/Texas/24-008749-003/2024(H5N1)	1477	19
PB1|PP755595.1|A/cattle/Texas/24-008749-003/2024(H5N1)	1478	19
PB1|PP755595.1|A/cattle/Texas/24-008749-003/2024(H5N1)	1479	19
PB1|PP755595.1|A/cattle/Texas/24-008749-003/2024(H5N1)	1480	19
PB1|PP755595.1|A/cattle/Texas/24-008749-003/2024(H5N1)	1481	19
PB1|PP755595.1|A/cattle/Texas/24-008749-003/2024(H5N1)	1482	19
PB1|PP755595.1|A/cattle/Texas/24-008749-003/2024(H5N1)	1483	19
PB1|PP755595.1|A/cattle/Texas/24-008749-003/2024(H5N1)	1484	19
PB1|PP755595.1|A/cattle/Texas/24-008749-003/2024(H5N1)	1485	19
PB1|PP755595.1|A/cattle/Texas/24-008749-003/2024(H5N1)	1486	19
PB1|PP755595.1|A/cattle/Texas/24-008749-003/2024(H5N1)	1487	18
PB1|PP755595.1|A/cattle/Texas/24-008749-003/2024(H5N1)	1488	18
PB1|PP755595.1|A/cattle/Texas/24-008749-003/2024(H5N1)	1489	18
PB1|PP755595.1|A/cattle/Texas/24-008749-003/2024(H5N1)	1490	18
PB1|PP755595.1|A/cattle/Texas/24-008749-003/2024(H5N1)	1491	18
PB1|PP755595.1|A/cattle/Texas/24-008749-003/2024(H5N1)	1492	18
PB1|PP755595.1|A/cattle/Texas/24-008749-003/2024(H5N1)	1493	18
PB1|PP755595.1|A/cattle/Texas/24-008749-003/2024(H5N1)	1494	17
PB1|PP755595.1|A/cattle/Texas/24-008749-003/2024(H5N1)	1495	17
PB1|PP755595.1|A/cattle/Texas/24-008749-003/2024(H5N1)	1496	17
PB1|PP755595.1|A/cattle/Texas/24-008749-003/2024(H5N1)	1497	18
PB1|PP755595.1|A/cattle/Texas/24-008749-003/2024(H5N1)	1498	18
PB1|PP755595.1|A/cattle/Texas/24-008749-003/2024(H5N1)	1499	18
PB1|PP755595.1|A/cattle/Texas/24-008749-003/2024(H5N1)	1500	19
PB1|PP755595.1|A/cattle/Texas/24-008749-003/2024(H5N1)	1501	19
PB1|PP755595.1|A/cattle/Texas/24-008749-003/2024(H5N1)	1502	19
PB1|PP755595.1|A/cattle/Texas/24-008749-003/2024(H5N1)	1503	19
PB1|PP755595.1|A/cattle/Texas/24-008749-003/2024(H5N1)	1504	19
PB1|PP755595.1|A/cattle/Texas/24-008749-003/2024(H5N1)	1505	19
PB1|PP755595.1|A/cattle/Texas/24-008749-003/2024(H5N1)	1506	19
PB1|PP755595.1|A/cattle/Texas/24-008749-003/2024(H5N1)	1507	19
PB1|PP755595.1|A/cattle/Texas/24-008749-003/2024(H5N1)	1508	19
PB1|PP755595.1|A/cattle/Texas/24-008749-003/2024(H5N1)	1509	19
PB1|PP755595.1|A/cattle/Texas/24-008749-003/2024(H5N1)	1510	19
PB1|PP755595.1|A/cattle/Texas/24-008749-003/2024(H5N1)	1511	19
PB1|PP755595.1|A/cattle/Texas/24-008749-003/2024(H5N1)	1512	20
PB1|PP755595.1|A/cattle/Texas/24-008749-003/2024(H5N1)	1513	19
PB1|PP755595.1|A/cattle/Texas/24-008749-003/2024(H5N1)	1514	19
PB1|PP755595.1|A/cattle/Texas/24-008749-003/2024(H5N1)	1515	19
PB1|PP755595.1|A/cattle/Texas/24-008749-003/2024(H5N1)	1516	19
PB1|PP755595.1|A/cattle/Texas/24-008749-003/2024(H5N1)	1517	19
PB1|PP755595.1|A/cattle/Texas/24-008749-003/2024(H5N1)	1518	20
PB1|PP755595.1|A/cattle/Texas/24-008749-003/2024(H5N1)	1519	20
PB1|PP755595.1|A/cattle/Texas/24-008749-003/2024(H5N1)	1520	20
PB1|PP755595.1|A/cattle/Texas/24-008749-003/2024(H5N1)	1521	20
PB1|PP755595.1|A/cattle/Texas/24-008749-003/2024(H5N1)	1522	21
PB1|PP755595.1|A/cattle/Texas/24-008749-003/2024(H5N1)	1523	21
PB1|PP755595.1|A/cattle/Texas/24-008749-003/2024(H5N1)	1524	19
PB1|PP755595.1|A/cattle/Texas/24-008749-003/2024(H5N1)	1525	20
PB1|PP755595.1|A/cattle/Texas/24-008749-003/2024(H5N1)	1526	20
PB1|PP755595.1|A/cattle/Texas/24-008749-003/2024(H5N1)	1527	20
PB1|PP755595.1|A/cattle/Texas/24-008749-003/2024(H5N1)	1528	20
PB1|PP755595.1|A/cattle/Texas/24-008749-003/2024(H5N1)	1529	21
PB1|PP755595.1|A/cattle/Texas/24-008749-003/2024(H5N1)	1530	21
PB1|PP755595.1|A/cattle/Texas/24-008749-003/2024(H5N1)	1531	21
PB1|PP755595.1|A/cattle/Texas/24-008749-003/2024(H5N1)	1532	22
PB1|PP755595.1|A/cattle/Texas/24-008749-003/2024(H5N1)	1533	22
PB1|PP755595.1|A/cattle/Texas/24-008749-003/2024(H5N1)	1534	22
PB1|PP755595.1|A/cattle/Texas/24-008749-003/2024(H5N1)	1535	22
PB1|PP755595.1|A/cattle/Texas/24-008749-003/2024(H5N1)	1536	22
PB1|PP755595.1|A/cattle/Texas/24-008749-003/2024(H5N1)	1537	22
PB1|PP755595.1|A/cattle/Texas/24-008749-003/2024(H5N1)	1538	22
PB1|PP755595.1|A/cattle/Texas/24-008749-003/2024(H5N1)	1539	22
PB1|PP755595.1|A/cattle/Texas/24-008749-003/2024(H5N1)	1540	22
PB1|PP755595.1|A/cattle/Texas/24-008749-003/2024(H5N1)	1541	21
PB1|PP755595.1|A/cattle/Texas/24-008749-003/2024(H5N1)	1542	22
PB1|PP755595.1|A/cattle/Texas/24-008749-003/2024(H5N1)	1543	22
PB1|PP755595.1|A/cattle/Texas/24-008749-003/2024(H5N1)	1544	22
PB1|PP755595.1|A/cattle/Texas/24-008749-003/2024(H5N1)	1545	22
PB1|PP755595.1|A/cattle/Texas/24-008749-003/2024(H5N1)	1546	23
PB1|PP755595.1|A/cattle/Texas/24-008749-003/2024(H5N1)	1547	23
PB1|PP755595.1|A/cattle/Texas/24-008749-003/2024(H5N1)	1548	23
PB1|PP755595.1|A/cattle/Texas/24-008749-003/2024(H5N1)	1549	21
PB1|PP755595.1|A/cattle/Texas/24-008749-003/2024(H5N1)	1550	21
PB1|PP755595.1|A/cattle/Texas/24-008749-003/2024(H5N1)	1551	20
PB1|PP755595.1|A/cattle/Texas/24-008749-003/2024(H5N1)	1552	20
PB1|PP755595.1|A/cattle/Texas/24-008749-003/2024(H5N1)	1553	20
PB1|PP755595.1|A/cattle/Texas/24-008749-003/2024(H5N1)	1554	20
PB1|PP755595.1|A/cattle/Texas/24-008749-003/2024(H5N1)	1555	20
PB1|PP755595.1|A/cattle/Texas/24-008749-003/2024(H5N1)	1556	20
PB1|PP755595.1|A/cattle/Texas/24-008749-003/2024(H5N1)	1557	20
PB1|PP755595.1|A/cattle/Texas/24-008749-003/2024(H5N1)	1558	20
PB1|PP755595.1|A/cattle/Texas/24-008749-003/2024(H5N1)	1559	20
PB1|PP755595.1|A/cattle/Texas/24-008749-003/2024(H5N1)	1560	20
PB1|PP755595.1|A/cattle/Texas/24-008749-003/2024(H5N1)	1561	20
PB1|PP755595.1|A/cattle/Texas/24-008749-003/2024(H5N1)	1562	20
PB1|PP755595.1|A/cattle/Texas/24-008749-003/2024(H5N1)	1563	20
PB1|PP755595.1|A/cattle/Texas/24-008749-003/2024(H5N1)	1564	20
PB1|PP755595.1|A/cattle/Texas/24-008749-003/2024(H5N1)	1565	20
PB1|PP755595.1|A/cattle/Texas/24-008749-003/2024(H5N1)	1566	20
PB1|PP755595.1|A/cattle/Texas/24-008749-003/2024(H5N1)	1567	20
PB1|PP755595.1|A/cattle/Texas/24-008749-003/2024(H5N1)	1568	19
PB1|PP755595.1|A/cattle/Texas/24-008749-003/2024(H5N1)	1569	19
PB1|PP755595.1|A/cattle/Texas/24-008749-003/2024(H5N1)	1570	19
PB1|PP755595.1|A/cattle/Texas/24-008749-003/2024(H5N1)	1571	19
PB1|PP755595.1|A/cattle/Texas/24-008749-003/2024(H5N1)	1572	19
PB1|PP755595.1|A/cattle/Texas/24-008749-003/2024(H5N1)	1573	18
PB1|PP755595.1|A/cattle/Texas/24-008749-003/2024(H5N1)	1574	18
PB1|PP755595.1|A/cattle/Texas/24-008749-003/2024(H5N1)	1575	18
PB1|PP755595.1|A/cattle/Texas/24-008749-003/2024(H5N1)	1576	18
PB1|PP755595.1|A/cattle/Texas/24-008749-003/2024(H5N1)	1577	18
PB1|PP755595.1|A/cattle/Texas/24-008749-003/2024(H5N1)	1578	18
PB1|PP755595.1|A/cattle/Texas/24-008749-003/2024(H5N1)	1579	18
PB1|PP755595.1|A/cattle/Texas/24-008749-003/2024(H5N1)	1580	17
PB1|PP755595.1|A/cattle/Texas/24-008749-003/2024(H5N1)	1581	17
PB1|PP755595.1|A/cattle/Texas/24-008749-003/2024(H5N1)	1582	17
PB1|PP755595.1|A/cattle/Texas/24-008749-003/2024(H5N1)	1583	17
PB1|PP755595.1|A/cattle/Texas/24-008749-003/2024(H5N1)	1584	17
PB1|PP755595.1|A/cattle/Texas/24-008749-003/2024(H5N1)	1585	19
PB1|PP755595.1|A/cattle/Texas/24-008749-003/2024(H5N1)	1586	19
PB1|PP755595.1|A/cattle/Texas/24-008749-003/2024(H5N1)	1587	19
PB1|PP755595.1|A/cattle/Texas/24-008749-003/2024(H5N1)	1588	19
PB1|PP755595.1|A/cattle/Texas/24-008749-003/2024(H5N1)	1589	19
PB1|PP755595.1|A/cattle/Texas/24-008749-003/2024(H5N1)	1590	19
PB1|PP755595.1|A/cattle/Texas/24-008749-003/2024(H5N1)	1591	19
PB1|PP755595.1|A/cattle/Texas/24-008749-003/2024(H5N1)	1592	19
PB1|PP755595.1|A/cattle/Texas/24-008749-003/2024(H5N1)	1593	19
PB1|PP755595.1|A/cattle/Texas/24-008749-003/2024(H5N1)	1594	18
PB1|PP755595.1|A/cattle/Texas/24-008749-003/2024(H5N1)	1595	18
PB1|PP755595.1|A/cattle/Texas/24-008749-003/2024(H5N1)	1596	18
PB1|PP755595.1|A/cattle/Texas/24-008749-003/2024(H5N1)	1597	18
PB1|PP755595.1|A/cattle/Texas/24-008749-003/2024(H5N1)	1598	18
PB1|PP755595.1|A/cattle/Texas/24-008749-003/2024(H5N1)	1599	17
PB1|PP755595.1|A/cattle/Texas/24-008749-003/2024(H5N1)	1600	17
PB1|PP755595.1|A/cattle/Texas/24-008749-003/2024(H5N1)	1601	17
PB1|PP755595.1|A/cattle/Texas/24-008749-003/2024(H5N1)	1602	17
PB1|PP755595.1|A/cattle/Texas/24-008749-003/2024(H5N1)	1603	17
PB1|PP755595.1|A/cattle/Texas/24-008749-003/2024(H5N1)	1604	17
PB1|PP755595.1|A/cattle/Texas/24-008749-003/2024(H5N1)	1605	17
PB1|PP755595.1|A/cattle/Texas/24-008749-003/2024(H5N1)	1606	17
PB1|PP755595.1|A/cattle/Texas/24-008749-003/2024(H5N1)	1607	17
PB1|PP755595.1|A/cattle/Texas/24-008749-003/2024(H5N1)	1608	16
PB1|PP755595.1|A/cattle/Texas/24-008749-003/2024(H5N1)	1609	16
PB1|PP755595.1|A/cattle/Texas/24-008749-003/2024(H5N1)	1610	16
PB1|PP755595.1|A/cattle/Texas/24-008749-003/2024(H5N1)	1611	16
PB1|PP755595.1|A/cattle/Texas/24-008749-003/2024(H5N1)	1612	16
PB1|PP755595.1|A/cattle/Texas/24-008749-003/2024(H5N1)	1613	15
PB1|PP755595.1|A/cattle/Texas/24-008749-003/2024(H5N1)	1614	16
PB1|PP755595.1|A/cattle/Texas/24-008749-003/2024(H5N1)	1615	15
PB1|PP755595.1|A/cattle/Texas/24-008749-003/2024(H5N1)	1616	14
PB1|PP755595.1|A/cattle/Texas/24-008749-003/2024(H5N1)	1617	14
PB1|PP755595.1|A/cattle/Texas/24-008749-003/2024(H5N1)	1618	14
PB1|PP755595.1|A/cattle/Texas/24-008749-003/2024(H5N1)	1619	14
PB1|PP755595.1|A/cattle/Texas/24-008749-003/2024(H5N1)	1620	15
PB1|PP755595.1|A/cattle/Texas/24-008749-003/2024(H5N1)	1621	15
PB1|PP755595.1|A/cattle/Texas/24-008749-003/2024(H5N1)	1622	15
PB1|PP755595.1|A/cattle/Texas/24-008749-003/2024(H5N1)	1623	15
PB1|PP755595.1|A/cattle/Texas/24-008749-003/2024(H5N1)	1624	15
PB1|PP755595.1|A/cattle/Texas/24-008749-003/2024(H5N1)	1625	18
PB1|PP755595.1|A/cattle/Texas/24-008749-003/2024(H5N1)	1626	18
PB1|PP755595.1|A/cattle/Texas/24-008749-003/2024(H5N1)	1627	18
PB1|PP755595.1|A/cattle/Texas/24-008749-003/2024(H5N1)	1628	18
PB1|PP755595.1|A/cattle/Texas/24-008749-003/2024(H5N1)	1629	18
PB1|PP755595.1|A/cattle/Texas/24-008749-003/2024(H5N1)	1630	21
PB1|PP755595.1|A/cattle/Texas/24-008749-003/2024(H5N1)	1631	21
PB1|PP755595.1|A/cattle/Texas/24-008749-003/2024(H5N1)	1632	21
PB1|PP755595.1|A/cattle/Texas/24-008749-003/2024(H5N1)	1633	21
PB1|PP755595.1|A/cattle/Texas/24-008749-003/2024(H5N1)	1634	21
PB1|PP755595.1|A/cattle/Texas/24-008749-003/2024(H5N1)	1635	21
PB1|PP755595.1|A/cattle/Texas/24-008749-003/2024(H5N1)	1636	21
PB1|PP755595.1|A/cattle/Texas/24-008749-003/2024(H5N1)	1637	21
PB1|PP755595.1|A/cattle/Texas/24-008749-003/2024(H5N1)	1638	21
PB1|PP755595.1|A/cattle/Texas/24-008749-003/2024(H5N1)	1639	20
PB1|PP755595.1|A/cattle/Texas/24-008749-003/2024(H5N1)	1640	21
PB1|PP755595.1|A/cattle/Texas/24-008749-003/2024(H5N1)	1641	21
PB1|PP755595.1|A/cattle/Texas/24-008749-003/2024(H5N1)	1642	21
PB1|PP755595.1|A/cattle/Texas/24-008749-003/2024(H5N1)	1643	21
PB1|PP755595.1|A/cattle/Texas/24-008749-003/2024(H5N1)	1644	21
PB1|PP755595.1|A/cattle/Texas/24-008749-003/2024(H5N1)	1645	22
PB1|PP755595.1|A/cattle/Texas/24-008749-003/2024(H5N1)	1646	22
PB1|PP755595.1|A/cattle/Texas/24-008749-003/2024(H5N1)	1647	22
PB1|PP755595.1|A/cattle/Texas/24-008749-003/2024(H5N1)	1648	25
PB1|PP755595.1|A/cattle/Texas/24-008749-003/2024(H5N1)	1649	25
PB1|PP755595.1|A/cattle/Texas/24-008749-003/2024(H5N1)	1650	25
PB1|PP755595.1|A/cattle/Texas/24-008749-003/2024(H5N1)	1651	25
PB1|PP755595.1|A/cattle/Texas/24-008749-003/2024(H5N1)	1652	25
PB1|PP755595.1|A/cattle/Texas/24-008749-003/2024(H5N1)	1653	25
PB1|PP755595.1|A/cattle/Texas/24-008749-003/2024(H5N1)	1654	27
PB1|PP755595.1|A/cattle/Texas/24-008749-003/2024(H5N1)	1655	27
PB1|PP755595.1|A/cattle/Texas/24-008749-003/2024(H5N1)	1656	27
PB1|PP755595.1|A/cattle/Texas/24-008749-003/2024(H5N1)	1657	27
PB1|PP755595.1|A/cattle/Texas/24-008749-003/2024(H5N1)	1658	27
PB1|PP755595.1|A/cattle/Texas/24-008749-003/2024(H5N1)	1659	27
PB1|PP755595.1|A/cattle/Texas/24-008749-003/2024(H5N1)	1660	27
PB1|PP755595.1|A/cattle/Texas/24-008749-003/2024(H5N1)	1661	28
PB1|PP755595.1|A/cattle/Texas/24-008749-003/2024(H5N1)	1662	28
PB1|PP755595.1|A/cattle/Texas/24-008749-003/2024(H5N1)	1663	27
PB1|PP755595.1|A/cattle/Texas/24-008749-003/2024(H5N1)	1664	27
PB1|PP755595.1|A/cattle/Texas/24-008749-003/2024(H5N1)	1665	27
PB1|PP755595.1|A/cattle/Texas/24-008749-003/2024(H5N1)	1666	27
PB1|PP755595.1|A/cattle/Texas/24-008749-003/2024(H5N1)	1667	27
PB1|PP755595.1|A/cattle/Texas/24-008749-003/2024(H5N1)	1668	26
PB1|PP755595.1|A/cattle/Texas/24-008749-003/2024(H5N1)	1669	26
PB1|PP755595.1|A/cattle/Texas/24-008749-003/2024(H5N1)	1670	26
PB1|PP755595.1|A/cattle/Texas/24-008749-003/2024(H5N1)	1671	26
PB1|PP755595.1|A/cattle/Texas/24-008749-003/2024(H5N1)	1672	26
PB1|PP755595.1|A/cattle/Texas/24-008749-003/2024(H5N1)	1673	25
PB1|PP755595.1|A/cattle/Texas/24-008749-003/2024(H5N1)	1674	24
PB1|PP755595.1|A/cattle/Texas/24-008749-003/2024(H5N1)	1675	24
PB1|PP755595.1|A/cattle/Texas/24-008749-003/2024(H5N1)	1676	24
PB1|PP755595.1|A/cattle/Texas/24-008749-003/2024(H5N1)	1677	24
PB1|PP755595.1|A/cattle/Texas/24-008749-003/2024(H5N1)	1678	24
PB1|PP755595.1|A/cattle/Texas/24-008749-003/2024(H5N1)	1679	24
PB1|PP755595.1|A/cattle/Texas/24-008749-003/2024(H5N1)	1680	23
PB1|PP755595.1|A/cattle/Texas/24-008749-003/2024(H5N1)	1681	23
PB1|PP755595.1|A/cattle/Texas/24-008749-003/2024(H5N1)	1682	23
PB1|PP755595.1|A/cattle/Texas/24-008749-003/2024(H5N1)	1683	22
PB1|PP755595.1|A/cattle/Texas/24-008749-003/2024(H5N1)	1684	22
PB1|PP755595.1|A/cattle/Texas/24-008749-003/2024(H5N1)	1685	22
PB1|PP755595.1|A/cattle/Texas/24-008749-003/2024(H5N1)	1686	22
PB1|PP755595.1|A/cattle/Texas/24-008749-003/2024(H5N1)	1687	22
PB1|PP755595.1|A/cattle/Texas/24-008749-003/2024(H5N1)	1688	22
PB1|PP755595.1|A/cattle/Texas/24-008749-003/2024(H5N1)	1689	22
PB1|PP755595.1|A/cattle/Texas/24-008749-003/2024(H5N1)	1690	22
PB1|PP755595.1|A/cattle/Texas/24-008749-003/2024(H5N1)	1691	23
PB1|PP755595.1|A/cattle/Texas/24-008749-003/2024(H5N1)	1692	22
PB1|PP755595.1|A/cattle/Texas/24-008749-003/2024(H5N1)	1693	21
PB1|PP755595.1|A/cattle/Texas/24-008749-003/2024(H5N1)	1694	21
PB1|PP755595.1|A/cattle/Texas/24-008749-003/2024(H5N1)	1695	21
PB1|PP755595.1|A/cattle/Texas/24-008749-003/2024(H5N1)	1696	21
PB1|PP755595.1|A/cattle/Texas/24-008749-003/2024(H5N1)	1697	21
PB1|PP755595.1|A/cattle/Texas/24-008749-003/2024(H5N1)	1698	21
PB1|PP755595.1|A/cattle/Texas/24-008749-003/2024(H5N1)	1699	21
PB1|PP755595.1|A/cattle/Texas/24-008749-003/2024(H5N1)	1700	21
PB1|PP755595.1|A/cattle/Texas/24-008749-003/2024(H5N1)	1701	21
PB1|PP755595.1|A/cattle/Texas/24-008749-003/2024(H5N1)	1702	21
PB1|PP755595.1|A/cattle/Texas/24-008749-003/2024(H5N1)	1703	21
PB1|PP755595.1|A/cattle/Texas/24-008749-003/2024(H5N1)	1704	21
PB1|PP755595.1|A/cattle/Texas/24-008749-003/2024(H5N1)	1705	21
PB1|PP755595.1|A/cattle/Texas/24-008749-003/2024(H5N1)	1706	21
PB1|PP755595.1|A/cattle/Texas/24-008749-003/2024(H5N1)	1707	21
PB1|PP755595.1|A/cattle/Texas/24-008749-003/2024(H5N1)	1708	20
PB1|PP755595.1|A/cattle/Texas/24-008749-003/2024(H5N1)	1709	20
PB1|PP755595.1|A/cattle/Texas/24-008749-003/2024(H5N1)	1710	20
PB1|PP755595.1|A/cattle/Texas/24-008749-003/2024(H5N1)	1711	20
PB1|PP755595.1|A/cattle/Texas/24-008749-003/2024(H5N1)	1712	20
PB1|PP755595.1|A/cattle/Texas/24-008749-003/2024(H5N1)	1713	21
PB1|PP755595.1|A/cattle/Texas/24-008749-003/2024(H5N1)	1714	21
PB1|PP755595.1|A/cattle/Texas/24-008749-003/2024(H5N1)	1715	21
PB1|PP755595.1|A/cattle/Texas/24-008749-003/2024(H5N1)	1716	21
PB1|PP755595.1|A/cattle/Texas/24-008749-003/2024(H5N1)	1717	21
PB1|PP755595.1|A/cattle/Texas/24-008749-003/2024(H5N1)	1718	21
PB1|PP755595.1|A/cattle/Texas/24-008749-003/2024(H5N1)	1719	21
PB1|PP755595.1|A/cattle/Texas/24-008749-003/2024(H5N1)	1720	21
PB1|PP755595.1|A/cattle/Texas/24-008749-003/2024(H5N1)	1721	21
PB1|PP755595.1|A/cattle/Texas/24-008749-003/2024(H5N1)	1722	21
PB1|PP755595.1|A/cattle/Texas/24-008749-003/2024(H5N1)	1723	21
PB1|PP755595.1|A/cattle/Texas/24-008749-003/2024(H5N1)	1724	21
PB1|PP755595.1|A/cattle/Texas/24-008749-003/2024(H5N1)	1725	21
PB1|PP755595.1|A/cattle/Texas/24-008749-003/2024(H5N1)	1726	21
PB1|PP755595.1|A/cattle/Texas/24-008749-003/2024(H5N1)	1727	21
PB1|PP755595.1|A/cattle/Texas/24-008749-003/2024(H5N1)	1728	21
PB1|PP755595.1|A/cattle/Texas/24-008749-003/2024(H5N1)	1729	21
PB1|PP755595.1|A/cattle/Texas/24-008749-003/2024(H5N1)	1730	21
PB1|PP755595.1|A/cattle/Texas/24-008749-003/2024(H5N1)	1731	21
PB1|PP755595.1|A/cattle/Texas/24-008749-003/2024(H5N1)	1732	21
PB1|PP755595.1|A/cattle/Texas/24-008749-003/2024(H5N1)	1733	21
PB1|PP755595.1|A/cattle/Texas/24-008749-003/2024(H5N1)	1734	21
PB1|PP755595.1|A/cattle/Texas/24-008749-003/2024(H5N1)	1735	21
PB1|PP755595.1|A/cattle/Texas/24-008749-003/2024(H5N1)	1736	19
PB1|PP755595.1|A/cattle/Texas/24-008749-003/2024(H5N1)	1737	19
PB1|PP755595.1|A/cattle/Texas/24-008749-003/2024(H5N1)	1738	19
PB1|PP755595.1|A/cattle/Texas/24-008749-003/2024(H5N1)	1739	19
PB1|PP755595.1|A/cattle/Texas/24-008749-003/2024(H5N1)	1740	19
PB1|PP755595.1|A/cattle/Texas/24-008749-003/2024(H5N1)	1741	21
PB1|PP755595.1|A/cattle/Texas/24-008749-003/2024(H5N1)	1742	21
PB1|PP755595.1|A/cattle/Texas/24-008749-003/2024(H5N1)	1743	21
PB1|PP755595.1|A/cattle/Texas/24-008749-003/2024(H5N1)	1744	21
PB1|PP755595.1|A/cattle/Texas/24-008749-003/2024(H5N1)	1745	21
PB1|PP755595.1|A/cattle/Texas/24-008749-003/2024(H5N1)	1746	21
PB1|PP755595.1|A/cattle/Texas/24-008749-003/2024(H5N1)	1747	21
PB1|PP755595.1|A/cattle/Texas/24-008749-003/2024(H5N1)	1748	21
PB1|PP755595.1|A/cattle/Texas/24-008749-003/2024(H5N1)	1749	21
PB1|PP755595.1|A/cattle/Texas/24-008749-003/2024(H5N1)	1750	21
PB1|PP755595.1|A/cattle/Texas/24-008749-003/2024(H5N1)	1751	22
PB1|PP755595.1|A/cattle/Texas/24-008749-003/2024(H5N1)	1752	22
PB1|PP755595.1|A/cattle/Texas/24-008749-003/2024(H5N1)	1753	22
PB1|PP755595.1|A/cattle/Texas/24-008749-003/2024(H5N1)	1754	22
PB1|PP755595.1|A/cattle/Texas/24-008749-003/2024(H5N1)	1755	22
PB1|PP755595.1|A/cattle/Texas/24-008749-003/2024(H5N1)	1756	22
PB1|PP755595.1|A/cattle/Texas/24-008749-003/2024(H5N1)	1757	24
PB1|PP755595.1|A/cattle/Texas/24-008749-003/2024(H5N1)	1758	24
PB1|PP755595.1|A/cattle/Texas/24-008749-003/2024(H5N1)	1759	24
PB1|PP755595.1|A/cattle/Texas/24-008749-003/2024(H5N1)	1760	24
PB1|PP755595.1|A/cattle/Texas/24-008749-003/2024(H5N1)	1761	24
PB1|PP755595.1|A/cattle/Texas/24-008749-003/2024(H5N1)	1762	25
PB1|PP755595.1|A/cattle/Texas/24-008749-003/2024(H5N1)	1763	26
PB1|PP755595.1|A/cattle/Texas/24-008749-003/2024(H5N1)	1764	26
PB1|PP755595.1|A/cattle/Texas/24-008749-003/2024(H5N1)	1765	25
PB1|PP755595.1|A/cattle/Texas/24-008749-003/2024(H5N1)	1766	25
PB1|PP755595.1|A/cattle/Texas/24-008749-003/2024(H5N1)	1767	25
PB1|PP755595.1|A/cattle/Texas/24-008749-003/2024(H5N1)	1768	26
PB1|PP755595.1|A/cattle/Texas/24-008749-003/2024(H5N1)	1769	26
PB1|PP755595.1|A/cattle/Texas/24-008749-003/2024(H5N1)	1770	26
PB1|PP755595.1|A/cattle/Texas/24-008749-003/2024(H5N1)	1771	25
PB1|PP755595.1|A/cattle/Texas/24-008749-003/2024(H5N1)	1772	25
PB1|PP755595.1|A/cattle/Texas/24-008749-003/2024(H5N1)	1773	25
PB1|PP755595.1|A/cattle/Texas/24-008749-003/2024(H5N1)	1774	22
PB1|PP755595.1|A/cattle/Texas/24-008749-003/2024(H5N1)	1775	22
PB1|PP755595.1|A/cattle/Texas/24-008749-003/2024(H5N1)	1776	22
PB1|PP755595.1|A/cattle/Texas/24-008749-003/2024(H5N1)	1777	22
PB1|PP755595.1|A/cattle/Texas/24-008749-003/2024(H5N1)	1778	23
PB1|PP755595.1|A/cattle/Texas/24-008749-003/2024(H5N1)	1779	23
PB1|PP755595.1|A/cattle/Texas/24-008749-003/2024(H5N1)	1780	23
PB1|PP755595.1|A/cattle/Texas/24-008749-003/2024(H5N1)	1781	20
PB1|PP755595.1|A/cattle/Texas/24-008749-003/2024(H5N1)	1782	20
PB1|PP755595.1|A/cattle/Texas/24-008749-003/2024(H5N1)	1783	20
PB1|PP755595.1|A/cattle/Texas/24-008749-003/2024(H5N1)	1784	22
PB1|PP755595.1|A/cattle/Texas/24-008749-003/2024(H5N1)	1785	23
PB1|PP755595.1|A/cattle/Texas/24-008749-003/2024(H5N1)	1786	23
PB1|PP755595.1|A/cattle/Texas/24-008749-003/2024(H5N1)	1787	23
PB1|PP755595.1|A/cattle/Texas/24-008749-003/2024(H5N1)	1788	23
PB1|PP755595.1|A/cattle/Texas/24-008749-003/2024(H5N1)	1789	23
PB1|PP755595.1|A/cattle/Texas/24-008749-003/2024(H5N1)	1790	23
PB1|PP755595.1|A/cattle/Texas/24-008749-003/2024(H5N1)	1791	22
PB1|PP755595.1|A/cattle/Texas/24-008749-003/2024(H5N1)	1792	22
PB1|PP755595.1|A/cattle/Texas/24-008749-003/2024(H5N1)	1793	22
PB1|PP755595.1|A/cattle/Texas/24-008749-003/2024(H5N1)	1794	22
PB1|PP755595.1|A/cattle/Texas/24-008749-003/2024(H5N1)	1795	22
PB1|PP755595.1|A/cattle/Texas/24-008749-003/2024(H5N1)	1796	21
PB1|PP755595.1|A/cattle/Texas/24-008749-003/2024(H5N1)	1797	21
PB1|PP755595.1|A/cattle/Texas/24-008749-003/2024(H5N1)	1798	17
PB1|PP755595.1|A/cattle/Texas/24-008749-003/2024(H5N1)	1799	17
PB1|PP755595.1|A/cattle/Texas/24-008749-003/2024(H5N1)	1800	18
PB1|PP755595.1|A/cattle/Texas/24-008749-003/2024(H5N1)	1801	18
PB1|PP755595.1|A/cattle/Texas/24-008749-003/2024(H5N1)	1802	18
PB1|PP755595.1|A/cattle/Texas/24-008749-003/2024(H5N1)	1803	18
PB1|PP755595.1|A/cattle/Texas/24-008749-003/2024(H5N1)	1804	17
PB1|PP755595.1|A/cattle/Texas/24-008749-003/2024(H5N1)	1805	16
PB1|PP755595.1|A/cattle/Texas/24-008749-003/2024(H5N1)	1806	16
PB1|PP755595.1|A/cattle/Texas/24-008749-003/2024(H5N1)	1807	16
PB1|PP755595.1|A/cattle/Texas/24-008749-003/2024(H5N1)	1808	16
PB1|PP755595.1|A/cattle/Texas/24-008749-003/2024(H5N1)	1809	16
PB1|PP755595.1|A/cattle/Texas/24-008749-003/2024(H5N1)	1810	16
PB1|PP755595.1|A/cattle/Texas/24-008749-003/2024(H5N1)	1811	15
PB1|PP755595.1|A/cattle/Texas/24-008749-003/2024(H5N1)	1812	17
PB1|PP755595.1|A/cattle/Texas/24-008749-003/2024(H5N1)	1813	17
PB1|PP755595.1|A/cattle/Texas/24-008749-003/2024(H5N1)	1814	17
PB1|PP755595.1|A/cattle/Texas/24-008749-003/2024(H5N1)	1815	17
PB1|PP755595.1|A/cattle/Texas/24-008749-003/2024(H5N1)	1816	17
PB1|PP755595.1|A/cattle/Texas/24-008749-003/2024(H5N1)	1817	18
PB1|PP755595.1|A/cattle/Texas/24-008749-003/2024(H5N1)	1818	18
PB1|PP755595.1|A/cattle/Texas/24-008749-003/2024(H5N1)	1819	19
PB1|PP755595.1|A/cattle/Texas/24-008749-003/2024(H5N1)	1820	19
PB1|PP755595.1|A/cattle/Texas/24-008749-003/2024(H5N1)	1821	19
PB1|PP755595.1|A/cattle/Texas/24-008749-003/2024(H5N1)	1822	19
PB1|PP755595.1|A/cattle/Texas/24-008749-003/2024(H5N1)	1823	19
PB1|PP755595.1|A/cattle/Texas/24-008749-003/2024(H5N1)	1824	19
PB1|PP755595.1|A/cattle/Texas/24-008749-003/2024(H5N1)	1825	19
PB1|PP755595.1|A/cattle/Texas/24-008749-003/2024(H5N1)	1826	22
PB1|PP755595.1|A/cattle/Texas/24-008749-003/2024(H5N1)	1827	22
PB1|PP755595.1|A/cattle/Texas/24-008749-003/2024(H5N1)	1828	22
PB1|PP755595.1|A/cattle/Texas/24-008749-003/2024(H5N1)	1829	23
PB1|PP755595.1|A/cattle/Texas/24-008749-003/2024(H5N1)	1830	23
PB1|PP755595.1|A/cattle/Texas/24-008749-003/2024(H5N1)	1831	23
PB1|PP755595.1|A/cattle/Texas/24-008749-003/2024(H5N1)	1832	23
PB1|PP755595.1|A/cattle/Texas/24-008749-003/2024(H5N1)	1833	23
PB1|PP755595.1|A/cattle/Texas/24-008749-003/2024(H5N1)	1834	23
PB1|PP755595.1|A/cattle/Texas/24-008749-003/2024(H5N1)	1835	23
PB1|PP755595.1|A/cattle/Texas/24-008749-003/2024(H5N1)	1836	24
PB1|PP755595.1|A/cattle/Texas/24-008749-003/2024(H5N1)	1837	24
PB1|PP755595.1|A/cattle/Texas/24-008749-003/2024(H5N1)	1838	24
PB1|PP755595.1|A/cattle/Texas/24-008749-003/2024(H5N1)	1839	24
PB1|PP755595.1|A/cattle/Texas/24-008749-003/2024(H5N1)	1840	24
PB1|PP755595.1|A/cattle/Texas/24-008749-003/2024(H5N1)	1841	24
PB1|PP755595.1|A/cattle/Texas/24-008749-003/2024(H5N1)	1842	23
PB1|PP755595.1|A/cattle/Texas/24-008749-003/2024(H5N1)	1843	23
PB1|PP755595.1|A/cattle/Texas/24-008749-003/2024(H5N1)	1844	23
PB1|PP755595.1|A/cattle/Texas/24-008749-003/2024(H5N1)	1845	23
PB1|PP755595.1|A/cattle/Texas/24-008749-003/2024(H5N1)	1846	23
PB1|PP755595.1|A/cattle/Texas/24-008749-003/2024(H5N1)	1847	23
PB1|PP755595.1|A/cattle/Texas/24-008749-003/2024(H5N1)	1848	23
PB1|PP755595.1|A/cattle/Texas/24-008749-003/2024(H5N1)	1849	23
PB1|PP755595.1|A/cattle/Texas/24-008749-003/2024(H5N1)	1850	24
PB1|PP755595.1|A/cattle/Texas/24-008749-003/2024(H5N1)	1851	24
PB1|PP755595.1|A/cattle/Texas/24-008749-003/2024(H5N1)	1852	24
PB1|PP755595.1|A/cattle/Texas/24-008749-003/2024(H5N1)	1853	24
PB1|PP755595.1|A/cattle/Texas/24-008749-003/2024(H5N1)	1854	24
PB1|PP755595.1|A/cattle/Texas/24-008749-003/2024(H5N1)	1855	25
PB1|PP755595.1|A/cattle/Texas/24-008749-003/2024(H5N1)	1856	25
PB1|PP755595.1|A/cattle/Texas/24-008749-003/2024(H5N1)	1857	28
PB1|PP755595.1|A/cattle/Texas/24-008749-003/2024(H5N1)	1858	28
PB1|PP755595.1|A/cattle/Texas/24-008749-003/2024(H5N1)	1859	28
PB1|PP755595.1|A/cattle/Texas/24-008749-003/2024(H5N1)	1860	28
PB1|PP755595.1|A/cattle/Texas/24-008749-003/2024(H5N1)	1861	28
PB1|PP755595.1|A/cattle/Texas/24-008749-003/2024(H5N1)	1862	28
PB1|PP755595.1|A/cattle/Texas/24-008749-003/2024(H5N1)	1863	28
PB1|PP755595.1|A/cattle/Texas/24-008749-003/2024(H5N1)	1864	28
PB1|PP755595.1|A/cattle/Texas/24-008749-003/2024(H5N1)	1865	28
PB1|PP755595.1|A/cattle/Texas/24-008749-003/2024(H5N1)	1866	28
PB1|PP755595.1|A/cattle/Texas/24-008749-003/2024(H5N1)	1867	28
PB1|PP755595.1|A/cattle/Texas/24-008749-003/2024(H5N1)	1868	28
PB1|PP755595.1|A/cattle/Texas/24-008749-003/2024(H5N1)	1869	29
PB1|PP755595.1|A/cattle/Texas/24-008749-003/2024(H5N1)	1870	29
PB1|PP755595.1|A/cattle/Texas/24-008749-003/2024(H5N1)	1871	29
PB1|PP755595.1|A/cattle/Texas/24-008749-003/2024(H5N1)	1872	29
PB1|PP755595.1|A/cattle/Texas/24-008749-003/2024(H5N1)	1873	30
PB1|PP755595.1|A/cattle/Texas/24-008749-003/2024(H5N1)	1874	30
PB1|PP755595.1|A/cattle/Texas/24-008749-003/2024(H5N1)	1875	30
PB1|PP755595.1|A/cattle/Texas/24-008749-003/2024(H5N1)	1876	30
PB1|PP755595.1|A/cattle/Texas/24-008749-003/2024(H5N1)	1877	30
PB1|PP755595.1|A/cattle/Texas/24-008749-003/2024(H5N1)	1878	30
PB1|PP755595.1|A/cattle/Texas/24-008749-003/2024(H5N1)	1879	30
PB1|PP755595.1|A/cattle/Texas/24-008749-003/2024(H5N1)	1880	30
PB1|PP755595.1|A/cattle/Texas/24-008749-003/2024(H5N1)	1881	30
PB1|PP755595.1|A/cattle/Texas/24-008749-003/2024(H5N1)	1882	30
PB1|PP755595.1|A/cattle/Texas/24-008749-003/2024(H5N1)	1883	30
PB1|PP755595.1|A/cattle/Texas/24-008749-003/2024(H5N1)	1884	30
PB1|PP755595.1|A/cattle/Texas/24-008749-003/2024(H5N1)	1885	30
PB1|PP755595.1|A/cattle/Texas/24-008749-003/2024(H5N1)	1886	30
PB1|PP755595.1|A/cattle/Texas/24-008749-003/2024(H5N1)	1887	30
PB1|PP755595.1|A/cattle/Texas/24-008749-003/2024(H5N1)	1888	30
PB1|PP755595.1|A/cattle/Texas/24-008749-003/2024(H5N1)	1889	30
PB1|PP755595.1|A/cattle/Texas/24-008749-003/2024(H5N1)	1890	30
PB1|PP755595.1|A/cattle/Texas/24-008749-003/2024(H5N1)	1891	30
PB1|PP755595.1|A/cattle/Texas/24-008749-003/2024(H5N1)	1892	28
PB1|PP755595.1|A/cattle/Texas/24-008749-003/2024(H5N1)	1893	28
PB1|PP755595.1|A/cattle/Texas/24-008749-003/2024(H5N1)	1894	28
PB1|PP755595.1|A/cattle/Texas/24-008749-003/2024(H5N1)	1895	28
PB1|PP755595.1|A/cattle/Texas/24-008749-003/2024(H5N1)	1896	28
PB1|PP755595.1|A/cattle/Texas/24-008749-003/2024(H5N1)	1897	28
PB1|PP755595.1|A/cattle/Texas/24-008749-003/2024(H5N1)	1898	28
PB1|PP755595.1|A/cattle/Texas/24-008749-003/2024(H5N1)	1899	28
PB1|PP755595.1|A/cattle/Texas/24-008749-003/2024(H5N1)	1900	28
PB1|PP755595.1|A/cattle/Texas/24-008749-003/2024(H5N1)	1901	28
PB1|PP755595.1|A/cattle/Texas/24-008749-003/2024(H5N1)	1902	27
PB1|PP755595.1|A/cattle/Texas/24-008749-003/2024(H5N1)	1903	27
PB1|PP755595.1|A/cattle/Texas/24-008749-003/2024(H5N1)	1904	27
PB1|PP755595.1|A/cattle/Texas/24-008749-003/2024(H5N1)	1905	27
PB1|PP755595.1|A/cattle/Texas/24-008749-003/2024(H5N1)	1906	29
PB1|PP755595.1|A/cattle/Texas/24-008749-003/2024(H5N1)	1907	29
PB1|PP755595.1|A/cattle/Texas/24-008749-003/2024(H5N1)	1908	27
PB1|PP755595.1|A/cattle/Texas/24-008749-003/2024(H5N1)	1909	27
PB1|PP755595.1|A/cattle/Texas/24-008749-003/2024(H5N1)	1910	27
PB1|PP755595.1|A/cattle/Texas/24-008749-003/2024(H5N1)	1911	27
PB1|PP755595.1|A/cattle/Texas/24-008749-003/2024(H5N1)	1912	27
PB1|PP755595.1|A/cattle/Texas/24-008749-003/2024(H5N1)	1913	24
PB1|PP755595.1|A/cattle/Texas/24-008749-003/2024(H5N1)	1914	24
PB1|PP755595.1|A/cattle/Texas/24-008749-003/2024(H5N1)	1915	25
PB1|PP755595.1|A/cattle/Texas/24-008749-003/2024(H5N1)	1916	25
PB1|PP755595.1|A/cattle/Texas/24-008749-003/2024(H5N1)	1917	25
PB1|PP755595.1|A/cattle/Texas/24-008749-003/2024(H5N1)	1918	25
PB1|PP755595.1|A/cattle/Texas/24-008749-003/2024(H5N1)	1919	25
PB1|PP755595.1|A/cattle/Texas/24-008749-003/2024(H5N1)	1920	25
PB1|PP755595.1|A/cattle/Texas/24-008749-003/2024(H5N1)	1921	25
PB1|PP755595.1|A/cattle/Texas/24-008749-003/2024(H5N1)	1922	25
PB1|PP755595.1|A/cattle/Texas/24-008749-003/2024(H5N1)	1923	28
PB1|PP755595.1|A/cattle/Texas/24-008749-003/2024(H5N1)	1924	28
PB1|PP755595.1|A/cattle/Texas/24-008749-003/2024(H5N1)	1925	29
PB1|PP755595.1|A/cattle/Texas/24-008749-003/2024(H5N1)	1926	29
PB1|PP755595.1|A/cattle/Texas/24-008749-003/2024(H5N1)	1927	29
PB1|PP755595.1|A/cattle/Texas/24-008749-003/2024(H5N1)	1928	29
PB1|PP755595.1|A/cattle/Texas/24-008749-003/2024(H5N1)	1929	28
PB1|PP755595.1|A/cattle/Texas/24-008749-003/2024(H5N1)	1930	28
PB1|PP755595.1|A/cattle/Texas/24-008749-003/2024(H5N1)	1931	28
PB1|PP755595.1|A/cattle/Texas/24-008749-003/2024(H5N1)	1932	28
PB1|PP755595.1|A/cattle/Texas/24-008749-003/2024(H5N1)	1933	28
PB1|PP755595.1|A/cattle/Texas/24-008749-003/2024(H5N1)	1934	27
PB1|PP755595.1|A/cattle/Texas/24-008749-003/2024(H5N1)	1935	26
PB1|PP755595.1|A/cattle/Texas/24-008749-003/2024(H5N1)	1936	25
PB1|PP755595.1|A/cattle/Texas/24-008749-003/2024(H5N1)	1937	25
PB1|PP755595.1|A/cattle/Texas/24-008749-003/2024(H5N1)	1938	25
PB1|PP755595.1|A/cattle/Texas/24-008749-003/2024(H5N1)	1939	25
PB1|PP755595.1|A/cattle/Texas/24-008749-003/2024(H5N1)	1940	25
PB1|PP755595.1|A/cattle/Texas/24-008749-003/2024(H5N1)	1941	25
PB1|PP755595.1|A/cattle/Texas/24-008749-003/2024(H5N1)	1942	25
PB1|PP755595.1|A/cattle/Texas/24-008749-003/2024(H5N1)	1943	25
PB1|PP755595.1|A/cattle/Texas/24-008749-003/2024(H5N1)	1944	25
PB1|PP755595.1|A/cattle/Texas/24-008749-003/2024(H5N1)	1945	25
PB1|PP755595.1|A/cattle/Texas/24-008749-003/2024(H5N1)	1946	25
PB1|PP755595.1|A/cattle/Texas/24-008749-003/2024(H5N1)	1947	26
PB1|PP755595.1|A/cattle/Texas/24-008749-003/2024(H5N1)	1948	26
PB1|PP755595.1|A/cattle/Texas/24-008749-003/2024(H5N1)	1949	27
PB1|PP755595.1|A/cattle/Texas/24-008749-003/2024(H5N1)	1950	27
PB1|PP755595.1|A/cattle/Texas/24-008749-003/2024(H5N1)	1951	26
PB1|PP755595.1|A/cattle/Texas/24-008749-003/2024(H5N1)	1952	26
PB1|PP755595.1|A/cattle/Texas/24-008749-003/2024(H5N1)	1953	26
PB1|PP755595.1|A/cattle/Texas/24-008749-003/2024(H5N1)	1954	26
PB1|PP755595.1|A/cattle/Texas/24-008749-003/2024(H5N1)	1955	26
PB1|PP755595.1|A/cattle/Texas/24-008749-003/2024(H5N1)	1956	26
PB1|PP755595.1|A/cattle/Texas/24-008749-003/2024(H5N1)	1957	26
PB1|PP755595.1|A/cattle/Texas/24-008749-003/2024(H5N1)	1958	26
PB1|PP755595.1|A/cattle/Texas/24-008749-003/2024(H5N1)	1959	27
PB1|PP755595.1|A/cattle/Texas/24-008749-003/2024(H5N1)	1960	27
PB1|PP755595.1|A/cattle/Texas/24-008749-003/2024(H5N1)	1961	27
PB1|PP755595.1|A/cattle/Texas/24-008749-003/2024(H5N1)	1962	27
PB1|PP755595.1|A/cattle/Texas/24-008749-003/2024(H5N1)	1963	25
PB1|PP755595.1|A/cattle/Texas/24-008749-003/2024(H5N1)	1964	25
PB1|PP755595.1|A/cattle/Texas/24-008749-003/2024(H5N1)	1965	25
PB1|PP755595.1|A/cattle/Texas/24-008749-003/2024(H5N1)	1966	26
PB1|PP755595.1|A/cattle/Texas/24-008749-003/2024(H5N1)	1967	26
PB1|PP755595.1|A/cattle/Texas/24-008749-003/2024(H5N1)	1968	25
PB1|PP755595.1|A/cattle/Texas/24-008749-003/2024(H5N1)	1969	25
PB1|PP755595.1|A/cattle/Texas/24-008749-003/2024(H5N1)	1970	24
PB1|PP755595.1|A/cattle/Texas/24-008749-003/2024(H5N1)	1971	24
PB1|PP755595.1|A/cattle/Texas/24-008749-003/2024(H5N1)	1972	24
PB1|PP755595.1|A/cattle/Texas/24-008749-003/2024(H5N1)	1973	24
PB1|PP755595.1|A/cattle/Texas/24-008749-003/2024(H5N1)	1974	24
PB1|PP755595.1|A/cattle/Texas/24-008749-003/2024(H5N1)	1975	21
PB1|PP755595.1|A/cattle/Texas/24-008749-003/2024(H5N1)	1976	21
PB1|PP755595.1|A/cattle/Texas/24-008749-003/2024(H5N1)	1977	21
PB1|PP755595.1|A/cattle/Texas/24-008749-003/2024(H5N1)	1978	21
PB1|PP755595.1|A/cattle/Texas/24-008749-003/2024(H5N1)	1979	21
PB1|PP755595.1|A/cattle/Texas/24-008749-003/2024(H5N1)	1980	21
PB1|PP755595.1|A/cattle/Texas/24-008749-003/2024(H5N1)	1981	21
PB1|PP755595.1|A/cattle/Texas/24-008749-003/2024(H5N1)	1982	21
PB1|PP755595.1|A/cattle/Texas/24-008749-003/2024(H5N1)	1983	21
PB1|PP755595.1|A/cattle/Texas/24-008749-003/2024(H5N1)	1984	21
PB1|PP755595.1|A/cattle/Texas/24-008749-003/2024(H5N1)	1985	21
PB1|PP755595.1|A/cattle/Texas/24-008749-003/2024(H5N1)	1986	21
PB1|PP755595.1|A/cattle/Texas/24-008749-003/2024(H5N1)	1987	20
PB1|PP755595.1|A/cattle/Texas/24-008749-003/2024(H5N1)	1988	20
PB1|PP755595.1|A/cattle/Texas/24-008749-003/2024(H5N1)	1989	20
PB1|PP755595.1|A/cattle/Texas/24-008749-003/2024(H5N1)	1990	20
PB1|PP755595.1|A/cattle/Texas/24-008749-003/2024(H5N1)	1991	20
PB1|PP755595.1|A/cattle/Texas/24-008749-003/2024(H5N1)	1992	20
PB1|PP755595.1|A/cattle/Texas/24-008749-003/2024(H5N1)	1993	20
PB1|PP755595.1|A/cattle/Texas/24-008749-003/2024(H5N1)	1994	20
PB1|PP755595.1|A/cattle/Texas/24-008749-003/2024(H5N1)	1995	20
PB1|PP755595.1|A/cattle/Texas/24-008749-003/2024(H5N1)	1996	20
PB1|PP755595.1|A/cattle/Texas/24-008749-003/2024(H5N1)	1997	20
PB1|PP755595.1|A/cattle/Texas/24-008749-003/2024(H5N1)	1998	20
PB1|PP755595.1|A/cattle/Texas/24-008749-003/2024(H5N1)	1999	20
PB1|PP755595.1|A/cattle/Texas/24-008749-003/2024(H5N1)	2000	20
PB1|PP755595.1|A/cattle/Texas/24-008749-003/2024(H5N1)	2001	23
PB1|PP755595.1|A/cattle/Texas/24-008749-003/2024(H5N1)	2002	24
PB1|PP755595.1|A/cattle/Texas/24-008749-003/2024(H5N1)	2003	24
PB1|PP755595.1|A/cattle/Texas/24-008749-003/2024(H5N1)	2004	24
PB1|PP755595.1|A/cattle/Texas/24-008749-003/2024(H5N1)	2005	24
PB1|PP755595.1|A/cattle/Texas/24-008749-003/2024(H5N1)	2006	23
PB1|PP755595.1|A/cattle/Texas/24-008749-003/2024(H5N1)	2007	23
PB1|PP755595.1|A/cattle/Texas/24-008749-003/2024(H5N1)	2008	20
PB1|PP755595.1|A/cattle/Texas/24-008749-003/2024(H5N1)	2009	20
PB1|PP755595.1|A/cattle/Texas/24-008749-003/2024(H5N1)	2010	20
PB1|PP755595.1|A/cattle/Texas/24-008749-003/2024(H5N1)	2011	20
PB1|PP755595.1|A/cattle/Texas/24-008749-003/2024(H5N1)	2012	21
PB1|PP755595.1|A/cattle/Texas/24-008749-003/2024(H5N1)	2013	21
PB1|PP755595.1|A/cattle/Texas/24-008749-003/2024(H5N1)	2014	22
PB1|PP755595.1|A/cattle/Texas/24-008749-003/2024(H5N1)	2015	22
PB1|PP755595.1|A/cattle/Texas/24-008749-003/2024(H5N1)	2016	22
PB1|PP755595.1|A/cattle/Texas/24-008749-003/2024(H5N1)	2017	22
PB1|PP755595.1|A/cattle/Texas/24-008749-003/2024(H5N1)	2018	22
PB1|PP755595.1|A/cattle/Texas/24-008749-003/2024(H5N1)	2019	20
PB1|PP755595.1|A/cattle/Texas/24-008749-003/2024(H5N1)	2020	20
PB1|PP755595.1|A/cattle/Texas/24-008749-003/2024(H5N1)	2021	20
PB1|PP755595.1|A/cattle/Texas/24-008749-003/2024(H5N1)	2022	20
PB1|PP755595.1|A/cattle/Texas/24-008749-003/2024(H5N1)	2023	20
PB1|PP755595.1|A/cattle/Texas/24-008749-003/2024(H5N1)	2024	20
PB1|PP755595.1|A/cattle/Texas/24-008749-003/2024(H5N1)	2025	20
PB1|PP755595.1|A/cattle/Texas/24-008749-003/2024(H5N1)	2026	23
PB1|PP755595.1|A/cattle/Texas/24-008749-003/2024(H5N1)	2027	23
PB1|PP755595.1|A/cattle/Texas/24-008749-003/2024(H5N1)	2028	23
PB1|PP755595.1|A/cattle/Texas/24-008749-003/2024(H5N1)	2029	23
PB1|PP755595.1|A/cattle/Texas/24-008749-003/2024(H5N1)	2030	23
PB1|PP755595.1|A/cattle/Texas/24-008749-003/2024(H5N1)	2031	23
PB1|PP755595.1|A/cattle/Texas/24-008749-003/2024(H5N1)	2032	23
PB1|PP755595.1|A/cattle/Texas/24-008749-003/2024(H5N1)	2033	23
PB1|PP755595.1|A/cattle/Texas/24-008749-003/2024(H5N1)	2034	23
PB1|PP755595.1|A/cattle/Texas/24-008749-003/2024(H5N1)	2035	23
PB1|PP755595.1|A/cattle/Texas/24-008749-003/2024(H5N1)	2036	23
PB1|PP755595.1|A/cattle/Texas/24-008749-003/2024(H5N1)	2037	23
PB1|PP755595.1|A/cattle/Texas/24-008749-003/2024(H5N1)	2038	23
PB1|PP755595.1|A/cattle/Texas/24-008749-003/2024(H5N1)	2039	23
PB1|PP755595.1|A/cattle/Texas/24-008749-003/2024(H5N1)	2040	24
PB1|PP755595.1|A/cattle/Texas/24-008749-003/2024(H5N1)	2041	24
PB1|PP755595.1|A/cattle/Texas/24-008749-003/2024(H5N1)	2042	24
PB1|PP755595.1|A/cattle/Texas/24-008749-003/2024(H5N1)	2043	24
PB1|PP755595.1|A/cattle/Texas/24-008749-003/2024(H5N1)	2044	24
PB1|PP755595.1|A/cattle/Texas/24-008749-003/2024(H5N1)	2045	24
PB1|PP755595.1|A/cattle/Texas/24-008749-003/2024(H5N1)	2046	24
PB1|PP755595.1|A/cattle/Texas/24-008749-003/2024(H5N1)	2047	24
PB1|PP755595.1|A/cattle/Texas/24-008749-003/2024(H5N1)	2048	24
PB1|PP755595.1|A/cattle/Texas/24-008749-003/2024(H5N1)	2049	24
PB1|PP755595.1|A/cattle/Texas/24-008749-003/2024(H5N1)	2050	24
PB1|PP755595.1|A/cattle/Texas/24-008749-003/2024(H5N1)	2051	24
PB1|PP755595.1|A/cattle/Texas/24-008749-003/2024(H5N1)	2052	24
PB1|PP755595.1|A/cattle/Texas/24-008749-003/2024(H5N1)	2053	24
PB1|PP755595.1|A/cattle/Texas/24-008749-003/2024(H5N1)	2054	24
PB1|PP755595.1|A/cattle/Texas/24-008749-003/2024(H5N1)	2055	24
PB1|PP755595.1|A/cattle/Texas/24-008749-003/2024(H5N1)	2056	24
PB1|PP755595.1|A/cattle/Texas/24-008749-003/2024(H5N1)	2057	22
PB1|PP755595.1|A/cattle/Texas/24-008749-003/2024(H5N1)	2058	22
PB1|PP755595.1|A/cattle/Texas/24-008749-003/2024(H5N1)	2059	22
PB1|PP755595.1|A/cattle/Texas/24-008749-003/2024(H5N1)	2060	22
PB1|PP755595.1|A/cattle/Texas/24-008749-003/2024(H5N1)	2061	22
PB1|PP755595.1|A/cattle/Texas/24-008749-003/2024(H5N1)	2062	23
PB1|PP755595.1|A/cattle/Texas/24-008749-003/2024(H5N1)	2063	23
PB1|PP755595.1|A/cattle/Texas/24-008749-003/2024(H5N1)	2064	23
PB1|PP755595.1|A/cattle/Texas/24-008749-003/2024(H5N1)	2065	22
PB1|PP755595.1|A/cattle/Texas/24-008749-003/2024(H5N1)	2066	22
PB1|PP755595.1|A/cattle/Texas/24-008749-003/2024(H5N1)	2067	22
PB1|PP755595.1|A/cattle/Texas/24-008749-003/2024(H5N1)	2068	22
PB1|PP755595.1|A/cattle/Texas/24-008749-003/2024(H5N1)	2069	22
PB1|PP755595.1|A/cattle/Texas/24-008749-003/2024(H5N1)	2070	22
PB1|PP755595.1|A/cattle/Texas/24-008749-003/2024(H5N1)	2071	22
PB1|PP755595.1|A/cattle/Texas/24-008749-003/2024(H5N1)	2072	22
PB1|PP755595.1|A/cattle/Texas/24-008749-003/2024(H5N1)	2073	22
PB1|PP755595.1|A/cattle/Texas/24-008749-003/2024(H5N1)	2074	19
PB1|PP755595.1|A/cattle/Texas/24-008749-003/2024(H5N1)	2075	19
PB1|PP755595.1|A/cattle/Texas/24-008749-003/2024(H5N1)	2076	18
PB1|PP755595.1|A/cattle/Texas/24-008749-003/2024(H5N1)	2077	18
PB1|PP755595.1|A/cattle/Texas/24-008749-003/2024(H5N1)	2078	18
PB1|PP755595.1|A/cattle/Texas/24-008749-003/2024(H5N1)	2079	18
PB1|PP755595.1|A/cattle/Texas/24-008749-003/2024(H5N1)	2080	18
PB1|PP755595.1|A/cattle/Texas/24-008749-003/2024(H5N1)	2081	18
PB1|PP755595.1|A/cattle/Texas/24-008749-003/2024(H5N1)	2082	18
PB1|PP755595.1|A/cattle/Texas/24-008749-003/2024(H5N1)	2083	18
PB1|PP755595.1|A/cattle/Texas/24-008749-003/2024(H5N1)	2084	18
PB1|PP755595.1|A/cattle/Texas/24-008749-003/2024(H5N1)	2085	18
PB1|PP755595.1|A/cattle/Texas/24-008749-003/2024(H5N1)	2086	18
PB1|PP755595.1|A/cattle/Texas/24-008749-003/2024(H5N1)	2087	18
PB1|PP755595.1|A/cattle/Texas/24-008749-003/2024(H5N1)	2088	18
PB1|PP755595.1|A/cattle/Texas/24-008749-003/2024(H5N1)	2089	18
PB1|PP755595.1|A/cattle/Texas/24-008749-003/2024(H5N1)	2090	18
PB1|PP755595.1|A/cattle/Texas/24-008749-003/2024(H5N1)	2091	18
PB1|PP755595.1|A/cattle/Texas/24-008749-003/2024(H5N1)	2092	18
PB1|PP755595.1|A/cattle/Texas/24-008749-003/2024(H5N1)	2093	18
PB1|PP755595.1|A/cattle/Texas/24-008749-003/2024(H5N1)	2094	18
PB1|PP755595.1|A/cattle/Texas/24-008749-003/2024(H5N1)	2095	18
PB1|PP755595.1|A/cattle/Texas/24-008749-003/2024(H5N1)	2096	18
PB1|PP755595.1|A/cattle/Texas/24-008749-003/2024(H5N1)	2097	18
PB1|PP755595.1|A/cattle/Texas/24-008749-003/2024(H5N1)	2098	17
PB1|PP755595.1|A/cattle/Texas/24-008749-003/2024(H5N1)	2099	17
PB1|PP755595.1|A/cattle/Texas/24-008749-003/2024(H5N1)	2100	16
PB1|PP755595.1|A/cattle/Texas/24-008749-003/2024(H5N1)	2101	16
PB1|PP755595.1|A/cattle/Texas/24-008749-003/2024(H5N1)	2102	16
PB1|PP755595.1|A/cattle/Texas/24-008749-003/2024(H5N1)	2103	16
PB1|PP755595.1|A/cattle/Texas/24-008749-003/2024(H5N1)	2104	16
PB1|PP755595.1|A/cattle/Texas/24-008749-003/2024(H5N1)	2105	16
PB1|PP755595.1|A/cattle/Texas/24-008749-003/2024(H5N1)	2106	19
PB1|PP755595.1|A/cattle/Texas/24-008749-003/2024(H5N1)	2107	19
PB1|PP755595.1|A/cattle/Texas/24-008749-003/2024(H5N1)	2108	19
PB1|PP755595.1|A/cattle/Texas/24-008749-003/2024(H5N1)	2109	19
PB1|PP755595.1|A/cattle/Texas/24-008749-003/2024(H5N1)	2110	18
PB1|PP755595.1|A/cattle/Texas/24-008749-003/2024(H5N1)	2111	18
PB1|PP755595.1|A/cattle/Texas/24-008749-003/2024(H5N1)	2112	18
PB1|PP755595.1|A/cattle/Texas/24-008749-003/2024(H5N1)	2113	18
PB1|PP755595.1|A/cattle/Texas/24-008749-003/2024(H5N1)	2114	18
PB1|PP755595.1|A/cattle/Texas/24-008749-003/2024(H5N1)	2115	18
PB1|PP755595.1|A/cattle/Texas/24-008749-003/2024(H5N1)	2116	17
PB1|PP755595.1|A/cattle/Texas/24-008749-003/2024(H5N1)	2117	17
PB1|PP755595.1|A/cattle/Texas/24-008749-003/2024(H5N1)	2118	17
PB1|PP755595.1|A/cattle/Texas/24-008749-003/2024(H5N1)	2119	17
PB1|PP755595.1|A/cattle/Texas/24-008749-003/2024(H5N1)	2120	17
PB1|PP755595.1|A/cattle/Texas/24-008749-003/2024(H5N1)	2121	17
PB1|PP755595.1|A/cattle/Texas/24-008749-003/2024(H5N1)	2122	18
PB1|PP755595.1|A/cattle/Texas/24-008749-003/2024(H5N1)	2123	18
PB1|PP755595.1|A/cattle/Texas/24-008749-003/2024(H5N1)	2124	18
PB1|PP755595.1|A/cattle/Texas/24-008749-003/2024(H5N1)	2125	18
PB1|PP755595.1|A/cattle/Texas/24-008749-003/2024(H5N1)	2126	17
PB1|PP755595.1|A/cattle/Texas/24-008749-003/2024(H5N1)	2127	17
PB1|PP755595.1|A/cattle/Texas/24-008749-003/2024(H5N1)	2128	17
PB1|PP755595.1|A/cattle/Texas/24-008749-003/2024(H5N1)	2129	17
PB1|PP755595.1|A/cattle/Texas/24-008749-003/2024(H5N1)	2130	17
PB1|PP755595.1|A/cattle/Texas/24-008749-003/2024(H5N1)	2131	17
PB1|PP755595.1|A/cattle/Texas/24-008749-003/2024(H5N1)	2132	17
PB1|PP755595.1|A/cattle/Texas/24-008749-003/2024(H5N1)	2133	17
PB1|PP755595.1|A/cattle/Texas/24-008749-003/2024(H5N1)	2134	17
PB1|PP755595.1|A/cattle/Texas/24-008749-003/2024(H5N1)	2135	17
PB1|PP755595.1|A/cattle/Texas/24-008749-003/2024(H5N1)	2136	17
PB1|PP755595.1|A/cattle/Texas/24-008749-003/2024(H5N1)	2137	17
PB1|PP755595.1|A/cattle/Texas/24-008749-003/2024(H5N1)	2138	17
PB1|PP755595.1|A/cattle/Texas/24-008749-003/2024(H5N1)	2139	18
PB1|PP755595.1|A/cattle/Texas/24-008749-003/2024(H5N1)	2140	19
PB1|PP755595.1|A/cattle/Texas/24-008749-003/2024(H5N1)	2141	19
PB1|PP755595.1|A/cattle/Texas/24-008749-003/2024(H5N1)	2142	19
PB1|PP755595.1|A/cattle/Texas/24-008749-003/2024(H5N1)	2143	19
PB1|PP755595.1|A/cattle/Texas/24-008749-003/2024(H5N1)	2144	19
PB1|PP755595.1|A/cattle/Texas/24-008749-003/2024(H5N1)	2145	19
PB1|PP755595.1|A/cattle/Texas/24-008749-003/2024(H5N1)	2146	19
PB1|PP755595.1|A/cattle/Texas/24-008749-003/2024(H5N1)	2147	19
PB1|PP755595.1|A/cattle/Texas/24-008749-003/2024(H5N1)	2148	19
PB1|PP755595.1|A/cattle/Texas/24-008749-003/2024(H5N1)	2149	19
PB1|PP755595.1|A/cattle/Texas/24-008749-003/2024(H5N1)	2150	19
PB1|PP755595.1|A/cattle/Texas/24-008749-003/2024(H5N1)	2151	18
PB1|PP755595.1|A/cattle/Texas/24-008749-003/2024(H5N1)	2152	15
PB1|PP755595.1|A/cattle/Texas/24-008749-003/2024(H5N1)	2153	14
PB1|PP755595.1|A/cattle/Texas/24-008749-003/2024(H5N1)	2154	14
PB1|PP755595.1|A/cattle/Texas/24-008749-003/2024(H5N1)	2155	14
PB1|PP755595.1|A/cattle/Texas/24-008749-003/2024(H5N1)	2156	14
PB1|PP755595.1|A/cattle/Texas/24-008749-003/2024(H5N1)	2157	14
PB1|PP755595.1|A/cattle/Texas/24-008749-003/2024(H5N1)	2158	14
PB1|PP755595.1|A/cattle/Texas/24-008749-003/2024(H5N1)	2159	14
PB1|PP755595.1|A/cattle/Texas/24-008749-003/2024(H5N1)	2160	14
PB1|PP755595.1|A/cattle/Texas/24-008749-003/2024(H5N1)	2161	14
PB1|PP755595.1|A/cattle/Texas/24-008749-003/2024(H5N1)	2162	14
PB1|PP755595.1|A/cattle/Texas/24-008749-003/2024(H5N1)	2163	12
PB1|PP755595.1|A/cattle/Texas/24-008749-003/2024(H5N1)	2164	12
PB1|PP755595.1|A/cattle/Texas/24-008749-003/2024(H5N1)	2165	11
PB1|PP755595.1|A/cattle/Texas/24-008749-003/2024(H5N1)	2166	12
PB1|PP755595.1|A/cattle/Texas/24-008749-003/2024(H5N1)	2167	12
PB1|PP755595.1|A/cattle/Texas/24-008749-003/2024(H5N1)	2168	12
PB1|PP755595.1|A/cattle/Texas/24-008749-003/2024(H5N1)	2169	13
PB1|PP755595.1|A/cattle/Texas/24-008749-003/2024(H5N1)	2170	13
PB1|PP755595.1|A/cattle/Texas/24-008749-003/2024(H5N1)	2171	15
PB1|PP755595.1|A/cattle/Texas/24-008749-003/2024(H5N1)	2172	15
PB1|PP755595.1|A/cattle/Texas/24-008749-003/2024(H5N1)	2173	12
PB1|PP755595.1|A/cattle/Texas/24-008749-003/2024(H5N1)	2174	12
PB1|PP755595.1|A/cattle/Texas/24-008749-003/2024(H5N1)	2175	12
PB1|PP755595.1|A/cattle/Texas/24-008749-003/2024(H5N1)	2176	12
PB1|PP755595.1|A/cattle/Texas/24-008749-003/2024(H5N1)	2177	12
PB1|PP755595.1|A/cattle/Texas/24-008749-003/2024(H5N1)	2178	12
PB1|PP755595.1|A/cattle/Texas/24-008749-003/2024(H5N1)	2179	12
PB1|PP755595.1|A/cattle/Texas/24-008749-003/2024(H5N1)	2180	12
PB1|PP755595.1|A/cattle/Texas/24-008749-003/2024(H5N1)	2181	12
PB1|PP755595.1|A/cattle/Texas/24-008749-003/2024(H5N1)	2182	12
PB1|PP755595.1|A/cattle/Texas/24-008749-003/2024(H5N1)	2183	12
PB1|PP755595.1|A/cattle/Texas/24-008749-003/2024(H5N1)	2184	12
PB1|PP755595.1|A/cattle/Texas/24-008749-003/2024(H5N1)	2185	12
PB1|PP755595.1|A/cattle/Texas/24-008749-003/2024(H5N1)	2186	12
PB1|PP755595.1|A/cattle/Texas/24-008749-003/2024(H5N1)	2187	12
PB1|PP755595.1|A/cattle/Texas/24-008749-003/2024(H5N1)	2188	12
PB1|PP755595.1|A/cattle/Texas/24-008749-003/2024(H5N1)	2189	12
PB1|PP755595.1|A/cattle/Texas/24-008749-003/2024(H5N1)	2190	11
PB1|PP755595.1|A/cattle/Texas/24-008749-003/2024(H5N1)	2191	11
PB1|PP755595.1|A/cattle/Texas/24-008749-003/2024(H5N1)	2192	11
PB1|PP755595.1|A/cattle/Texas/24-008749-003/2024(H5N1)	2193	11
PB1|PP755595.1|A/cattle/Texas/24-008749-003/2024(H5N1)	2194	11
PB1|PP755595.1|A/cattle/Texas/24-008749-003/2024(H5N1)	2195	11
PB1|PP755595.1|A/cattle/Texas/24-008749-003/2024(H5N1)	2196	11
PB1|PP755595.1|A/cattle/Texas/24-008749-003/2024(H5N1)	2197	11
PB1|PP755595.1|A/cattle/Texas/24-008749-003/2024(H5N1)	2198	11
PB1|PP755595.1|A/cattle/Texas/24-008749-003/2024(H5N1)	2199	11
PB1|PP755595.1|A/cattle/Texas/24-008749-003/2024(H5N1)	2200	11
PB1|PP755595.1|A/cattle/Texas/24-008749-003/2024(H5N1)	2201	11
PB1|PP755595.1|A/cattle/Texas/24-008749-003/2024(H5N1)	2202	11
PB1|PP755595.1|A/cattle/Texas/24-008749-003/2024(H5N1)	2203	11
PB1|PP755595.1|A/cattle/Texas/24-008749-003/2024(H5N1)	2204	11
PB1|PP755595.1|A/cattle/Texas/24-008749-003/2024(H5N1)	2205	11
PB1|PP755595.1|A/cattle/Texas/24-008749-003/2024(H5N1)	2206	11
PB1|PP755595.1|A/cattle/Texas/24-008749-003/2024(H5N1)	2207	11
PB1|PP755595.1|A/cattle/Texas/24-008749-003/2024(H5N1)	2208	11
PB1|PP755595.1|A/cattle/Texas/24-008749-003/2024(H5N1)	2209	11
PB1|PP755595.1|A/cattle/Texas/24-008749-003/2024(H5N1)	2210	11
PB1|PP755595.1|A/cattle/Texas/24-008749-003/2024(H5N1)	2211	10
PB1|PP755595.1|A/cattle/Texas/24-008749-003/2024(H5N1)	2212	10
PB1|PP755595.1|A/cattle/Texas/24-008749-003/2024(H5N1)	2213	10
PB1|PP755595.1|A/cattle/Texas/24-008749-003/2024(H5N1)	2214	10
PB1|PP755595.1|A/cattle/Texas/24-008749-003/2024(H5N1)	2215	12
PB1|PP755595.1|A/cattle/Texas/24-008749-003/2024(H5N1)	2216	12
PB1|PP755595.1|A/cattle/Texas/24-008749-003/2024(H5N1)	2217	12
PB1|PP755595.1|A/cattle/Texas/24-008749-003/2024(H5N1)	2218	12
PB1|PP755595.1|A/cattle/Texas/24-008749-003/2024(H5N1)	2219	12
PB1|PP755595.1|A/cattle/Texas/24-008749-003/2024(H5N1)	2220	12
PB1|PP755595.1|A/cattle/Texas/24-008749-003/2024(H5N1)	2221	12
PB1|PP755595.1|A/cattle/Texas/24-008749-003/2024(H5N1)	2222	12
PB1|PP755595.1|A/cattle/Texas/24-008749-003/2024(H5N1)	2223	12
PB1|PP755595.1|A/cattle/Texas/24-008749-003/2024(H5N1)	2224	12
PB1|PP755595.1|A/cattle/Texas/24-008749-003/2024(H5N1)	2225	12
PB1|PP755595.1|A/cattle/Texas/24-008749-003/2024(H5N1)	2226	12
PB1|PP755595.1|A/cattle/Texas/24-008749-003/2024(H5N1)	2227	12
PB1|PP755595.1|A/cattle/Texas/24-008749-003/2024(H5N1)	2228	12
PB1|PP755595.1|A/cattle/Texas/24-008749-003/2024(H5N1)	2229	12
PB1|PP755595.1|A/cattle/Texas/24-008749-003/2024(H5N1)	2230	12
PB1|PP755595.1|A/cattle/Texas/24-008749-003/2024(H5N1)	2231	12
PB1|PP755595.1|A/cattle/Texas/24-008749-003/2024(H5N1)	2232	12
PB1|PP755595.1|A/cattle/Texas/24-008749-003/2024(H5N1)	2233	12
PB1|PP755595.1|A/cattle/Texas/24-008749-003/2024(H5N1)	2234	12
PB1|PP755595.1|A/cattle/Texas/24-008749-003/2024(H5N1)	2235	12
PB1|PP755595.1|A/cattle/Texas/24-008749-003/2024(H5N1)	2236	12
PB1|PP755595.1|A/cattle/Texas/24-008749-003/2024(H5N1)	2237	12
PB1|PP755595.1|A/cattle/Texas/24-008749-003/2024(H5N1)	2238	12
PB1|PP755595.1|A/cattle/Texas/24-008749-003/2024(H5N1)	2239	12
PB1|PP755595.1|A/cattle/Texas/24-008749-003/2024(H5N1)	2240	12
PB1|PP755595.1|A/cattle/Texas/24-008749-003/2024(H5N1)	2241	12
PB1|PP755595.1|A/cattle/Texas/24-008749-003/2024(H5N1)	2242	12
PB1|PP755595.1|A/cattle/Texas/24-008749-003/2024(H5N1)	2243	12
PB1|PP755595.1|A/cattle/Texas/24-008749-003/2024(H5N1)	2244	12
PB1|PP755595.1|A/cattle/Texas/24-008749-003/2024(H5N1)	2245	12
PB1|PP755595.1|A/cattle/Texas/24-008749-003/2024(H5N1)	2246	12
PB1|PP755595.1|A/cattle/Texas/24-008749-003/2024(H5N1)	2247	12
PB1|PP755595.1|A/cattle/Texas/24-008749-003/2024(H5N1)	2248	12
PB1|PP755595.1|A/cattle/Texas/24-008749-003/2024(H5N1)	2249	12
PB1|PP755595.1|A/cattle/Texas/24-008749-003/2024(H5N1)	2250	12
PB1|PP755595.1|A/cattle/Texas/24-008749-003/2024(H5N1)	2251	12
PB1|PP755595.1|A/cattle/Texas/24-008749-003/2024(H5N1)	2252	12
PB1|PP755595.1|A/cattle/Texas/24-008749-003/2024(H5N1)	2253	12
PB1|PP755595.1|A/cattle/Texas/24-008749-003/2024(H5N1)	2254	12
PB1|PP755595.1|A/cattle/Texas/24-008749-003/2024(H5N1)	2255	9
PB1|PP755595.1|A/cattle/Texas/24-008749-003/2024(H5N1)	2256	9
PB1|PP755595.1|A/cattle/Texas/24-008749-003/2024(H5N1)	2257	9
PB1|PP755595.1|A/cattle/Texas/24-008749-003/2024(H5N1)	2258	9
PB1|PP755595.1|A/cattle/Texas/24-008749-003/2024(H5N1)	2259	9
PB1|PP755595.1|A/cattle/Texas/24-008749-003/2024(H5N1)	2260	9
PB1|PP755595.1|A/cattle/Texas/24-008749-003/2024(H5N1)	2261	9
PB1|PP755595.1|A/cattle/Texas/24-008749-003/2024(H5N1)	2262	9
PB1|PP755595.1|A/cattle/Texas/24-008749-003/2024(H5N1)	2263	9
PB1|PP755595.1|A/cattle/Texas/24-008749-003/2024(H5N1)	2264	9
PB1|PP755595.1|A/cattle/Texas/24-008749-003/2024(H5N1)	2265	9
PB1|PP755595.1|A/cattle/Texas/24-008749-003/2024(H5N1)	2266	9
PB1|PP755595.1|A/cattle/Texas/24-008749-003/2024(H5N1)	2267	9
PB1|PP755595.1|A/cattle/Texas/24-008749-003/2024(H5N1)	2268	9
PB1|PP755595.1|A/cattle/Texas/24-008749-003/2024(H5N1)	2269	9
PB1|PP755595.1|A/cattle/Texas/24-008749-003/2024(H5N1)	2270	9
PB1|PP755595.1|A/cattle/Texas/24-008749-003/2024(H5N1)	2271	9
PB1|PP755595.1|A/cattle/Texas/24-008749-003/2024(H5N1)	2272	9
PB1|PP755595.1|A/cattle/Texas/24-008749-003/2024(H5N1)	2273	8
PB1|PP755595.1|A/cattle/Texas/24-008749-003/2024(H5N1)	2274	8
