PA|PP755594.1|A/cattle/Texas/24-008749-003/2024(H5N1)	1	1320
PA|PP755594.1|A/cattle/Texas/24-008749-003/2024(H5N1)	2	1321
PA|PP755594.1|A/cattle/Texas/24-008749-003/2024(H5N1)	3	1336
PA|PP755594.1|A/cattle/Texas/24-008749-003/2024(H5N1)	4	1344
PA|PP755594.1|A/cattle/Texas/24-008749-003/2024(H5N1)	5	1347
PA|PP755594.1|A/cattle/Texas/24-008749-003/2024(H5N1)	6	1350
PA|PP755594.1|A/cattle/Texas/24-008749-003/2024(H5N1)	7	1356
PA|PP755594.1|A/cattle/Texas/24-008749-003/2024(H5N1)	8	1369
PA|PP755594.1|A/cattle/Texas/24-008749-003/2024(H5N1)	9	1370
PA|PP755594.1|A/cattle/Texas/24-008749-003/2024(H5N1)	10	1373
PA|PP755594.1|A/cattle/Texas/24-008749-003/2024(H5N1)	11	1389
PA|PP755594.1|A/cattle/Texas/24-008749-003/2024(H5N1)	12	1390
PA|PP755594.1|A/cattle/Texas/24-008749-003/2024(H5N1)	13	1412
PA|PP755594.1|A/cattle/Texas/24-008749-003/2024(H5N1)	14	1414
PA|PP755594.1|A/cattle/Texas/24-008749-003/2024(H5N1)	15	1416
PA|PP755594.1|A/cattle/Texas/24-008749-003/2024(H5N1)	16	1433
PA|PP755594.1|A/cattle/Texas/24-008749-003/2024(H5N1)	17	1433
PA|PP755594.1|A/cattle/Texas/24-008749-003/2024(H5N1)	18	1497
PA|PP755594.1|A/cattle/Texas/24-008749-003/2024(H5N1)	19	1520
PA|PP755594.1|A/cattle/Texas/24-008749-003/2024(H5N1)	20	1520
PA|PP755594.1|A/cattle/Texas/24-008749-003/2024(H5N1)	21	1552
PA|PP755594.1|A/cattle/Texas/24-008749-003/2024(H5N1)	22	1557
PA|PP755594.1|A/cattle/Texas/24-008749-003/2024(H5N1)	23	1630
PA|PP755594.1|A/cattle/Texas/24-008749-003/2024(H5N1)	24	1695
PA|PP755594.1|A/cattle/Texas/24-008749-003/2024(H5N1)	25	1697
PA|PP755594.1|A/cattle/Texas/24-008749-003/2024(H5N1)	26	1698
PA|PP755594.1|A/cattle/Texas/24-008749-003/2024(H5N1)	27	1699
PA|PP755594.1|A/cattle/Texas/24-008749-003/2024(H5N1)	28	1706
PA|PP755594.1|A/cattle/Texas/24-008749-003/2024(H5N1)	29	1844
PA|PP755594.1|A/cattle/Texas/24-008749-003/2024(H5N1)	30	1846
PA|PP755594.1|A/cattle/Texas/24-008749-003/2024(H5N1)	31	1845
PA|PP755594.1|A/cattle/Texas/24-008749-003/2024(H5N1)	32	1847
PA|PP755594.1|A/cattle/Texas/24-008749-003/2024(H5N1)	33	1858
PA|PP755594.1|A/cattle/Texas/24-008749-003/2024(H5N1)	34	1862
PA|PP755594.1|A/cattle/Texas/24-008749-003/2024(H5N1)	35	1926
PA|PP755594.1|A/cattle/Texas/24-008749-003/2024(H5N1)	36	1929
PA|PP755594.1|A/cattle/Texas/24-008749-003/2024(H5N1)	37	1953
PA|PP755594.1|A/cattle/Texas/24-008749-003/2024(H5N1)	38	1942
PA|PP755594.1|A/cattle/Texas/24-008749-003/2024(H5N1)	39	1948
PA|PP755594.1|A/cattle/Texas/24-008749-003/2024(H5N1)	40	1951
PA|PP755594.1|A/cattle/Texas/24-008749-003/2024(H5N1)	41	1953
PA|PP755594.1|A/cattle/Texas/24-008749-003/2024(H5N1)	42	1965
PA|PP755594.1|A/cattle/Texas/24-008749-003/2024(H5N1)	43	1964
PA|PP755594.1|A/cattle/Texas/24-008749-003/2024(H5N1)	44	1984
PA|PP755594.1|A/cattle/Texas/24-008749-003/2024(H5N1)	45	1988
PA|PP755594.1|A/cattle/Texas/24-008749-003/2024(H5N1)	46	1996
PA|PP755594.1|A/cattle/Texas/24-008749-003/2024(H5N1)	47	1996
PA|PP755594.1|A/cattle/Texas/24-008749-003/2024(H5N1)	48	2003
PA|PP755594.1|A/cattle/Texas/24-008749-003/2024(H5N1)	49	2012
PA|PP755594.1|A/cattle/Texas/24-008749-003/2024(H5N1)	50	2015
PA|PP755594.1|A/cattle/Texas/24-008749-003/2024(H5N1)	51	2023
PA|PP755594.1|A/cattle/Texas/24-008749-003/2024(H5N1)	52	2024
PA|PP755594.1|A/cattle/Texas/24-008749-003/2024(H5N1)	53	2025
PA|PP755594.1|A/cattle/Texas/24-008749-003/2024(H5N1)	54	2033
PA|PP755594.1|A/cattle/Texas/24-008749-003/2024(H5N1)	55	2033
PA|PP755594.1|A/cattle/Texas/24-008749-003/2024(H5N1)	56	2037
PA|PP755594.1|A/cattle/Texas/24-008749-003/2024(H5N1)	57	2030
PA|PP755594.1|A/cattle/Texas/24-008749-003/2024(H5N1)	58	2031
PA|PP755594.1|A/cattle/Texas/24-008749-003/2024(H5N1)	59	2065
PA|PP755594.1|A/cattle/Texas/24-008749-003/2024(H5N1)	60	2062
PA|PP755594.1|A/cattle/Texas/24-008749-003/2024(H5N1)	61	2078
PA|PP755594.1|A/cattle/Texas/24-008749-003/2024(H5N1)	62	2084
PA|PP755594.1|A/cattle/Texas/24-008749-003/2024(H5N1)	63	2099
PA|PP755594.1|A/cattle/Texas/24-008749-003/2024(H5N1)	64	2104
PA|PP755594.1|A/cattle/Texas/24-008749-003/2024(H5N1)	65	2083
PA|PP755594.1|A/cattle/Texas/24-008749-003/2024(H5N1)	66	2082
PA|PP755594.1|A/cattle/Texas/24-008749-003/2024(H5N1)	67	2131
PA|PP755594.1|A/cattle/Texas/24-008749-003/2024(H5N1)	68	2150
PA|PP755594.1|A/cattle/Texas/24-008749-003/2024(H5N1)	69	2255
PA|PP755594.1|A/cattle/Texas/24-008749-003/2024(H5N1)	70	2277
PA|PP755594.1|A/cattle/Texas/24-008749-003/2024(H5N1)	71	2293
PA|PP755594.1|A/cattle/Texas/24-008749-003/2024(H5N1)	72	2295
PA|PP755594.1|A/cattle/Texas/24-008749-003/2024(H5N1)	73	2294
PA|PP755594.1|A/cattle/Texas/24-008749-003/2024(H5N1)	74	2301
PA|PP755594.1|A/cattle/Texas/24-008749-003/2024(H5N1)	75	2301
PA|PP755594.1|A/cattle/Texas/24-008749-003/2024(H5N1)	76	2281
PA|PP755594.1|A/cattle/Texas/24-008749-003/2024(H5N1)	77	2281
PA|PP755594.1|A/cattle/Texas/24-008749-003/2024(H5N1)	78	2270
PA|PP755594.1|A/cattle/Texas/24-008749-003/2024(H5N1)	79	2282
PA|PP755594.1|A/cattle/Texas/24-008749-003/2024(H5N1)	80	2290
PA|PP755594.1|A/cattle/Texas/24-008749-003/2024(H5N1)	81	2297
PA|PP755594.1|A/cattle/Texas/24-008749-003/2024(H5N1)	82	2305
PA|PP755594.1|A/cattle/Texas/24-008749-003/2024(H5N1)	83	2304
PA|PP755594.1|A/cattle/Texas/24-008749-003/2024(H5N1)	84	2304
PA|PP755594.1|A/cattle/Texas/24-008749-003/2024(H5N1)	85	2305
PA|PP755594.1|A/cattle/Texas/24-008749-003/2024(H5N1)	86	2309
PA|PP755594.1|A/cattle/Texas/24-008749-003/2024(H5N1)	87	2314
PA|PP755594.1|A/cattle/Texas/24-008749-003/2024(H5N1)	88	2320
PA|PP755594.1|A/cattle/Texas/24-008749-003/2024(H5N1)	89	2320
PA|PP755594.1|A/cattle/Texas/24-008749-003/2024(H5N1)	90	2311
PA|PP755594.1|A/cattle/Texas/24-008749-003/2024(H5N1)	91	2311
PA|PP755594.1|A/cattle/Texas/24-008749-003/2024(H5N1)	92	2322
PA|PP755594.1|A/cattle/Texas/24-008749-003/2024(H5N1)	93	2316
PA|PP755594.1|A/cattle/Texas/24-008749-003/2024(H5N1)	94	2340
PA|PP755594.1|A/cattle/Texas/24-008749-003/2024(H5N1)	95	2343
PA|PP755594.1|A/cattle/Texas/24-008749-003/2024(H5N1)	96	2345
PA|PP755594.1|A/cattle/Texas/24-008749-003/2024(H5N1)	97	2354
PA|PP755594.1|A/cattle/Texas/24-008749-003/2024(H5N1)	98	2355
PA|PP755594.1|A/cattle/Texas/24-008749-003/2024(H5N1)	99	2378
PA|PP755594.1|A/cattle/Texas/24-008749-003/2024(H5N1)	100	2386
PA|PP755594.1|A/cattle/Texas/24-008749-003/2024(H5N1)	101	2385
PA|PP755594.1|A/cattle/Texas/24-008749-003/2024(H5N1)	102	2385
PA|PP755594.1|A/cattle/Texas/24-008749-003/2024(H5N1)	103	2385
PA|PP755594.1|A/cattle/Texas/24-008749-003/2024(H5N1)	104	2385
PA|PP755594.1|A/cattle/Texas/24-008749-003/2024(H5N1)	105	2383
PA|PP755594.1|A/cattle/Texas/24-008749-003/2024(H5N1)	106	2383
PA|PP755594.1|A/cattle/Texas/24-008749-003/2024(H5N1)	107	2389
PA|PP755594.1|A/cattle/Texas/24-008749-003/2024(H5N1)	108	2386
PA|PP755594.1|A/cattle/Texas/24-008749-003/2024(H5N1)	109	2437
PA|PP755594.1|A/cattle/Texas/24-008749-003/2024(H5N1)	110	2490
PA|PP755594.1|A/cattle/Texas/24-008749-003/2024(H5N1)	111	2513
PA|PP755594.1|A/cattle/Texas/24-008749-003/2024(H5N1)	112	2519
PA|PP755594.1|A/cattle/Texas/24-008749-003/2024(H5N1)	113	2517
PA|PP755594.1|A/cattle/Texas/24-008749-003/2024(H5N1)	114	2534
PA|PP755594.1|A/cattle/Texas/24-008749-003/2024(H5N1)	115	2535
PA|PP755594.1|A/cattle/Texas/24-008749-003/2024(H5N1)	116	2544
PA|PP755594.1|A/cattle/Texas/24-008749-003/2024(H5N1)	117	2616
PA|PP755594.1|A/cattle/Texas/24-008749-003/2024(H5N1)	118	2607
PA|PP755594.1|A/cattle/Texas/24-008749-003/2024(H5N1)	119	2608
PA|PP755594.1|A/cattle/Texas/24-008749-003/2024(H5N1)	120	2569
PA|PP755594.1|A/cattle/Texas/24-008749-003/2024(H5N1)	121	2572
PA|PP755594.1|A/cattle/Texas/24-008749-003/2024(H5N1)	122	2565
PA|PP755594.1|A/cattle/Texas/24-008749-003/2024(H5N1)	123	2530
PA|PP755594.1|A/cattle/Texas/24-008749-003/2024(H5N1)	124	2496
PA|PP755594.1|A/cattle/Texas/24-008749-003/2024(H5N1)	125	2484
PA|PP755594.1|A/cattle/Texas/24-008749-003/2024(H5N1)	126	2031
PA|PP755594.1|A/cattle/Texas/24-008749-003/2024(H5N1)	127	1694
PA|PP755594.1|A/cattle/Texas/24-008749-003/2024(H5N1)	128	1643
PA|PP755594.1|A/cattle/Texas/24-008749-003/2024(H5N1)	129	1541
PA|PP755594.1|A/cattle/Texas/24-008749-003/2024(H5N1)	130	1543
PA|PP755594.1|A/cattle/Texas/24-008749-003/2024(H5N1)	131	1543
PA|PP755594.1|A/cattle/Texas/24-008749-003/2024(H5N1)	132	1529
PA|PP755594.1|A/cattle/Texas/24-008749-003/2024(H5N1)	133	1920
PA|PP755594.1|A/cattle/Texas/24-008749-003/2024(H5N1)	134	1931
PA|PP755594.1|A/cattle/Texas/24-008749-003/2024(H5N1)	135	1972
PA|PP755594.1|A/cattle/Texas/24-008749-003/2024(H5N1)	136	2006
PA|PP755594.1|A/cattle/Texas/24-008749-003/2024(H5N1)	137	2008
PA|PP755594.1|A/cattle/Texas/24-008749-003/2024(H5N1)	138	1969
PA|PP755594.1|A/cattle/Texas/24-008749-003/2024(H5N1)	139	1969
PA|PP755594.1|A/cattle/Texas/24-008749-003/2024(H5N1)	140	1998
PA|PP755594.1|A/cattle/Texas/24-008749-003/2024(H5N1)	141	1993
PA|PP755594.1|A/cattle/Texas/24-008749-003/2024(H5N1)	142	1983
PA|PP755594.1|A/cattle/Texas/24-008749-003/2024(H5N1)	143	1968
PA|PP755594.1|A/cattle/Texas/24-008749-003/2024(H5N1)	144	1941
PA|PP755594.1|A/cattle/Texas/24-008749-003/2024(H5N1)	145	1929
PA|PP755594.1|A/cattle/Texas/24-008749-003/2024(H5N1)	146	1928
PA|PP755594.1|A/cattle/Texas/24-008749-003/2024(H5N1)	147	1918
PA|PP755594.1|A/cattle/Texas/24-008749-003/2024(H5N1)	148	1941
PA|PP755594.1|A/cattle/Texas/24-008749-003/2024(H5N1)	149	1969
PA|PP755594.1|A/cattle/Texas/24-008749-003/2024(H5N1)	150	1954
PA|PP755594.1|A/cattle/Texas/24-008749-003/2024(H5N1)	151	1954
PA|PP755594.1|A/cattle/Texas/24-008749-003/2024(H5N1)	152	1934
PA|PP755594.1|A/cattle/Texas/24-008749-003/2024(H5N1)	153	1927
PA|PP755594.1|A/cattle/Texas/24-008749-003/2024(H5N1)	154	1923
PA|PP755594.1|A/cattle/Texas/24-008749-003/2024(H5N1)	155	1923
PA|PP755594.1|A/cattle/Texas/24-008749-003/2024(H5N1)	156	1922
PA|PP755594.1|A/cattle/Texas/24-008749-003/2024(H5N1)	157	1914
PA|PP755594.1|A/cattle/Texas/24-008749-003/2024(H5N1)	158	1907
PA|PP755594.1|A/cattle/Texas/24-008749-003/2024(H5N1)	159	1876
PA|PP755594.1|A/cattle/Texas/24-008749-003/2024(H5N1)	160	1876
PA|PP755594.1|A/cattle/Texas/24-008749-003/2024(H5N1)	161	1878
PA|PP755594.1|A/cattle/Texas/24-008749-003/2024(H5N1)	162	1870
PA|PP755594.1|A/cattle/Texas/24-008749-003/2024(H5N1)	163	1870
PA|PP755594.1|A/cattle/Texas/24-008749-003/2024(H5N1)	164	1854
PA|PP755594.1|A/cattle/Texas/24-008749-003/2024(H5N1)	165	1853
PA|PP755594.1|A/cattle/Texas/24-008749-003/2024(H5N1)	166	1855
PA|PP755594.1|A/cattle/Texas/24-008749-003/2024(H5N1)	167	1836
PA|PP755594.1|A/cattle/Texas/24-008749-003/2024(H5N1)	168	1836
PA|PP755594.1|A/cattle/Texas/24-008749-003/2024(H5N1)	169	1794
PA|PP755594.1|A/cattle/Texas/24-008749-003/2024(H5N1)	170	1782
PA|PP755594.1|A/cattle/Texas/24-008749-003/2024(H5N1)	171	1659
PA|PP755594.1|A/cattle/Texas/24-008749-003/2024(H5N1)	172	1626
PA|PP755594.1|A/cattle/Texas/24-008749-003/2024(H5N1)	173	1622
PA|PP755594.1|A/cattle/Texas/24-008749-003/2024(H5N1)	174	1579
PA|PP755594.1|A/cattle/Texas/24-008749-003/2024(H5N1)	175	1579
PA|PP755594.1|A/cattle/Texas/24-008749-003/2024(H5N1)	176	1579
PA|PP755594.1|A/cattle/Texas/24-008749-003/2024(H5N1)	177	1579
PA|PP755594.1|A/cattle/Texas/24-008749-003/2024(H5N1)	178	1579
PA|PP755594.1|A/cattle/Texas/24-008749-003/2024(H5N1)	179	1507
PA|PP755594.1|A/cattle/Texas/24-008749-003/2024(H5N1)	180	1460
PA|PP755594.1|A/cattle/Texas/24-008749-003/2024(H5N1)	181	1466
PA|PP755594.1|A/cattle/Texas/24-008749-003/2024(H5N1)	182	1465
PA|PP755594.1|A/cattle/Texas/24-008749-003/2024(H5N1)	183	1414
PA|PP755594.1|A/cattle/Texas/24-008749-003/2024(H5N1)	184	1401
PA|PP755594.1|A/cattle/Texas/24-008749-003/2024(H5N1)	185	1401
PA|PP755594.1|A/cattle/Texas/24-008749-003/2024(H5N1)	186	1341
PA|PP755594.1|A/cattle/Texas/24-008749-003/2024(H5N1)	187	1341
PA|PP755594.1|A/cattle/Texas/24-008749-003/2024(H5N1)	188	1340
PA|PP755594.1|A/cattle/Texas/24-008749-003/2024(H5N1)	189	1336
PA|PP755594.1|A/cattle/Texas/24-008749-003/2024(H5N1)	190	1720
PA|PP755594.1|A/cattle/Texas/24-008749-003/2024(H5N1)	191	1733
PA|PP755594.1|A/cattle/Texas/24-008749-003/2024(H5N1)	192	1733
PA|PP755594.1|A/cattle/Texas/24-008749-003/2024(H5N1)	193	1734
PA|PP755594.1|A/cattle/Texas/24-008749-003/2024(H5N1)	194	1721
PA|PP755594.1|A/cattle/Texas/24-008749-003/2024(H5N1)	195	1719
PA|PP755594.1|A/cattle/Texas/24-008749-003/2024(H5N1)	196	1715
PA|PP755594.1|A/cattle/Texas/24-008749-003/2024(H5N1)	197	1715
PA|PP755594.1|A/cattle/Texas/24-008749-003/2024(H5N1)	198	1711
PA|PP755594.1|A/cattle/Texas/24-008749-003/2024(H5N1)	199	1704
PA|PP755594.1|A/cattle/Texas/24-008749-003/2024(H5N1)	200	1694
PA|PP755594.1|A/cattle/Texas/24-008749-003/2024(H5N1)	201	1687
PA|PP755594.1|A/cattle/Texas/24-008749-003/2024(H5N1)	202	1687
PA|PP755594.1|A/cattle/Texas/24-008749-003/2024(H5N1)	203	1680
PA|PP755594.1|A/cattle/Texas/24-008749-003/2024(H5N1)	204	1680
PA|PP755594.1|A/cattle/Texas/24-008749-003/2024(H5N1)	205	1675
PA|PP755594.1|A/cattle/Texas/24-008749-003/2024(H5N1)	206	1675
PA|PP755594.1|A/cattle/Texas/24-008749-003/2024(H5N1)	207	1459
PA|PP755594.1|A/cattle/Texas/24-008749-003/2024(H5N1)	208	1459
PA|PP755594.1|A/cattle/Texas/24-008749-003/2024(H5N1)	209	1450
PA|PP755594.1|A/cattle/Texas/24-008749-003/2024(H5N1)	210	1423
PA|PP755594.1|A/cattle/Texas/24-008749-003/2024(H5N1)	211	1410
PA|PP755594.1|A/cattle/Texas/24-008749-003/2024(H5N1)	212	1410
PA|PP755594.1|A/cattle/Texas/24-008749-003/2024(H5N1)	213	1409
PA|PP755594.1|A/cattle/Texas/24-008749-003/2024(H5N1)	214	1409
PA|PP755594.1|A/cattle/Texas/24-008749-003/2024(H5N1)	215	1409
PA|PP755594.1|A/cattle/Texas/24-008749-003/2024(H5N1)	216	1409
PA|PP755594.1|A/cattle/Texas/24-008749-003/2024(H5N1)	217	1566
PA|PP755594.1|A/cattle/Texas/24-008749-003/2024(H5N1)	218	1564
PA|PP755594.1|A/cattle/Texas/24-008749-003/2024(H5N1)	219	1564
PA|PP755594.1|A/cattle/Texas/24-008749-003/2024(H5N1)	220	1563
PA|PP755594.1|A/cattle/Texas/24-008749-003/2024(H5N1)	221	1564
PA|PP755594.1|A/cattle/Texas/24-008749-003/2024(H5N1)	222	1565
PA|PP755594.1|A/cattle/Texas/24-008749-003/2024(H5N1)	223	1558
PA|PP755594.1|A/cattle/Texas/24-008749-003/2024(H5N1)	224	1560
PA|PP755594.1|A/cattle/Texas/24-008749-003/2024(H5N1)	225	1565
PA|PP755594.1|A/cattle/Texas/24-008749-003/2024(H5N1)	226	1567
PA|PP755594.1|A/cattle/Texas/24-008749-003/2024(H5N1)	227	1568
PA|PP755594.1|A/cattle/Texas/24-008749-003/2024(H5N1)	228	1562
PA|PP755594.1|A/cattle/Texas/24-008749-003/2024(H5N1)	229	1559
PA|PP755594.1|A/cattle/Texas/24-008749-003/2024(H5N1)	230	1547
PA|PP755594.1|A/cattle/Texas/24-008749-003/2024(H5N1)	231	1542
PA|PP755594.1|A/cattle/Texas/24-008749-003/2024(H5N1)	232	1558
PA|PP755594.1|A/cattle/Texas/24-008749-003/2024(H5N1)	233	1550
PA|PP755594.1|A/cattle/Texas/24-008749-003/2024(H5N1)	234	1548
PA|PP755594.1|A/cattle/Texas/24-008749-003/2024(H5N1)	235	1551
PA|PP755594.1|A/cattle/Texas/24-008749-003/2024(H5N1)	236	1551
PA|PP755594.1|A/cattle/Texas/24-008749-003/2024(H5N1)	237	1543
PA|PP755594.1|A/cattle/Texas/24-008749-003/2024(H5N1)	238	1578
PA|PP755594.1|A/cattle/Texas/24-008749-003/2024(H5N1)	239	1578
PA|PP755594.1|A/cattle/Texas/24-008749-003/2024(H5N1)	240	1579
PA|PP755594.1|A/cattle/Texas/24-008749-003/2024(H5N1)	241	1579
PA|PP755594.1|A/cattle/Texas/24-008749-003/2024(H5N1)	242	1579
PA|PP755594.1|A/cattle/Texas/24-008749-003/2024(H5N1)	243	1575
PA|PP755594.1|A/cattle/Texas/24-008749-003/2024(H5N1)	244	1554
PA|PP755594.1|A/cattle/Texas/24-008749-003/2024(H5N1)	245	1555
PA|PP755594.1|A/cattle/Texas/24-008749-003/2024(H5N1)	246	1553
PA|PP755594.1|A/cattle/Texas/24-008749-003/2024(H5N1)	247	1551
PA|PP755594.1|A/cattle/Texas/24-008749-003/2024(H5N1)	248	1543
PA|PP755594.1|A/cattle/Texas/24-008749-003/2024(H5N1)	249	1542
PA|PP755594.1|A/cattle/Texas/24-008749-003/2024(H5N1)	250	1498
PA|PP755594.1|A/cattle/Texas/24-008749-003/2024(H5N1)	251	1491
PA|PP755594.1|A/cattle/Texas/24-008749-003/2024(H5N1)	252	1261
PA|PP755594.1|A/cattle/Texas/24-008749-003/2024(H5N1)	253	1261
PA|PP755594.1|A/cattle/Texas/24-008749-003/2024(H5N1)	254	1261
PA|PP755594.1|A/cattle/Texas/24-008749-003/2024(H5N1)	255	1261
PA|PP755594.1|A/cattle/Texas/24-008749-003/2024(H5N1)	256	1460
PA|PP755594.1|A/cattle/Texas/24-008749-003/2024(H5N1)	257	1462
PA|PP755594.1|A/cattle/Texas/24-008749-003/2024(H5N1)	258	1541
PA|PP755594.1|A/cattle/Texas/24-008749-003/2024(H5N1)	259	1542
PA|PP755594.1|A/cattle/Texas/24-008749-003/2024(H5N1)	260	1540
PA|PP755594.1|A/cattle/Texas/24-008749-003/2024(H5N1)	261	1544
PA|PP755594.1|A/cattle/Texas/24-008749-003/2024(H5N1)	262	1546
PA|PP755594.1|A/cattle/Texas/24-008749-003/2024(H5N1)	263	1629
PA|PP755594.1|A/cattle/Texas/24-008749-003/2024(H5N1)	264	1632
PA|PP755594.1|A/cattle/Texas/24-008749-003/2024(H5N1)	265	1633
PA|PP755594.1|A/cattle/Texas/24-008749-003/2024(H5N1)	266	1645
PA|PP755594.1|A/cattle/Texas/24-008749-003/2024(H5N1)	267	1640
PA|PP755594.1|A/cattle/Texas/24-008749-003/2024(H5N1)	268	1800
PA|PP755594.1|A/cattle/Texas/24-008749-003/2024(H5N1)	269	1847
PA|PP755594.1|A/cattle/Texas/24-008749-003/2024(H5N1)	270	1701
PA|PP755594.1|A/cattle/Texas/24-008749-003/2024(H5N1)	271	1714
PA|PP755594.1|A/cattle/Texas/24-008749-003/2024(H5N1)	272	1716
PA|PP755594.1|A/cattle/Texas/24-008749-003/2024(H5N1)	273	1739
PA|PP755594.1|A/cattle/Texas/24-008749-003/2024(H5N1)	274	1772
PA|PP755594.1|A/cattle/Texas/24-008749-003/2024(H5N1)	275	1772
PA|PP755594.1|A/cattle/Texas/24-008749-003/2024(H5N1)	276	1607
PA|PP755594.1|A/cattle/Texas/24-008749-003/2024(H5N1)	277	1603
PA|PP755594.1|A/cattle/Texas/24-008749-003/2024(H5N1)	278	1677
PA|PP755594.1|A/cattle/Texas/24-008749-003/2024(H5N1)	279	1701
PA|PP755594.1|A/cattle/Texas/24-008749-003/2024(H5N1)	280	1727
PA|PP755594.1|A/cattle/Texas/24-008749-003/2024(H5N1)	281	1729
PA|PP755594.1|A/cattle/Texas/24-008749-003/2024(H5N1)	282	1765
PA|PP755594.1|A/cattle/Texas/24-008749-003/2024(H5N1)	283	1769
PA|PP755594.1|A/cattle/Texas/24-008749-003/2024(H5N1)	284	1774
PA|PP755594.1|A/cattle/Texas/24-008749-003/2024(H5N1)	285	1773
PA|PP755594.1|A/cattle/Texas/24-008749-003/2024(H5N1)	286	1753
PA|PP755594.1|A/cattle/Texas/24-008749-003/2024(H5N1)	287	1741
PA|PP755594.1|A/cattle/Texas/24-008749-003/2024(H5N1)	288	1713
PA|PP755594.1|A/cattle/Texas/24-008749-003/2024(H5N1)	289	1717
PA|PP755594.1|A/cattle/Texas/24-008749-003/2024(H5N1)	290	1762
PA|PP755594.1|A/cattle/Texas/24-008749-003/2024(H5N1)	291	1765
PA|PP755594.1|A/cattle/Texas/24-008749-003/2024(H5N1)	292	1765
PA|PP755594.1|A/cattle/Texas/24-008749-003/2024(H5N1)	293	1762
PA|PP755594.1|A/cattle/Texas/24-008749-003/2024(H5N1)	294	1746
PA|PP755594.1|A/cattle/Texas/24-008749-003/2024(H5N1)	295	1748
PA|PP755594.1|A/cattle/Texas/24-008749-003/2024(H5N1)	296	1747
PA|PP755594.1|A/cattle/Texas/24-008749-003/2024(H5N1)	297	1723
PA|PP755594.1|A/cattle/Texas/24-008749-003/2024(H5N1)	298	1727
PA|PP755594.1|A/cattle/Texas/24-008749-003/2024(H5N1)	299	1728
PA|PP755594.1|A/cattle/Texas/24-008749-003/2024(H5N1)	300	1732
PA|PP755594.1|A/cattle/Texas/24-008749-003/2024(H5N1)	301	1733
PA|PP755594.1|A/cattle/Texas/24-008749-003/2024(H5N1)	302	1738
PA|PP755594.1|A/cattle/Texas/24-008749-003/2024(H5N1)	303	1735
PA|PP755594.1|A/cattle/Texas/24-008749-003/2024(H5N1)	304	1737
PA|PP755594.1|A/cattle/Texas/24-008749-003/2024(H5N1)	305	1738
PA|PP755594.1|A/cattle/Texas/24-008749-003/2024(H5N1)	306	1730
PA|PP755594.1|A/cattle/Texas/24-008749-003/2024(H5N1)	307	1737
PA|PP755594.1|A/cattle/Texas/24-008749-003/2024(H5N1)	308	1742
PA|PP755594.1|A/cattle/Texas/24-008749-003/2024(H5N1)	309	1742
PA|PP755594.1|A/cattle/Texas/24-008749-003/2024(H5N1)	310	1760
PA|PP755594.1|A/cattle/Texas/24-008749-003/2024(H5N1)	311	1760
PA|PP755594.1|A/cattle/Texas/24-008749-003/2024(H5N1)	312	1687
PA|PP755594.1|A/cattle/Texas/24-008749-003/2024(H5N1)	313	1721
PA|PP755594.1|A/cattle/Texas/24-008749-003/2024(H5N1)	314	1723
PA|PP755594.1|A/cattle/Texas/24-008749-003/2024(H5N1)	315	1729
PA|PP755594.1|A/cattle/Texas/24-008749-003/2024(H5N1)	316	1746
PA|PP755594.1|A/cattle/Texas/24-008749-003/2024(H5N1)	317	1750
PA|PP755594.1|A/cattle/Texas/24-008749-003/2024(H5N1)	318	1770
PA|PP755594.1|A/cattle/Texas/24-008749-003/2024(H5N1)	319	1770
PA|PP755594.1|A/cattle/Texas/24-008749-003/2024(H5N1)	320	1772
PA|PP755594.1|A/cattle/Texas/24-008749-003/2024(H5N1)	321	1773
PA|PP755594.1|A/cattle/Texas/24-008749-003/2024(H5N1)	322	1830
PA|PP755594.1|A/cattle/Texas/24-008749-003/2024(H5N1)	323	1836
PA|PP755594.1|A/cattle/Texas/24-008749-003/2024(H5N1)	324	1836
PA|PP755594.1|A/cattle/Texas/24-008749-003/2024(H5N1)	325	1843
PA|PP755594.1|A/cattle/Texas/24-008749-003/2024(H5N1)	326	1874
PA|PP755594.1|A/cattle/Texas/24-008749-003/2024(H5N1)	327	1878
PA|PP755594.1|A/cattle/Texas/24-008749-003/2024(H5N1)	328	1852
PA|PP755594.1|A/cattle/Texas/24-008749-003/2024(H5N1)	329	1849
PA|PP755594.1|A/cattle/Texas/24-008749-003/2024(H5N1)	330	1549
PA|PP755594.1|A/cattle/Texas/24-008749-003/2024(H5N1)	331	1547
PA|PP755594.1|A/cattle/Texas/24-008749-003/2024(H5N1)	332	1624
PA|PP755594.1|A/cattle/Texas/24-008749-003/2024(H5N1)	333	1624
PA|PP755594.1|A/cattle/Texas/24-008749-003/2024(H5N1)	334	1625
PA|PP755594.1|A/cattle/Texas/24-008749-003/2024(H5N1)	335	1639
PA|PP755594.1|A/cattle/Texas/24-008749-003/2024(H5N1)	336	1790
PA|PP755594.1|A/cattle/Texas/24-008749-003/2024(H5N1)	337	1817
PA|PP755594.1|A/cattle/Texas/24-008749-003/2024(H5N1)	338	1817
PA|PP755594.1|A/cattle/Texas/24-008749-003/2024(H5N1)	339	1817
PA|PP755594.1|A/cattle/Texas/24-008749-003/2024(H5N1)	340	1856
PA|PP755594.1|A/cattle/Texas/24-008749-003/2024(H5N1)	341	1862
PA|PP755594.1|A/cattle/Texas/24-008749-003/2024(H5N1)	342	1869
PA|PP755594.1|A/cattle/Texas/24-008749-003/2024(H5N1)	343	1869
PA|PP755594.1|A/cattle/Texas/24-008749-003/2024(H5N1)	344	1869
PA|PP755594.1|A/cattle/Texas/24-008749-003/2024(H5N1)	345	1869
PA|PP755594.1|A/cattle/Texas/24-008749-003/2024(H5N1)	346	1836
PA|PP755594.1|A/cattle/Texas/24-008749-003/2024(H5N1)	347	1836
PA|PP755594.1|A/cattle/Texas/24-008749-003/2024(H5N1)	348	1836
PA|PP755594.1|A/cattle/Texas/24-008749-003/2024(H5N1)	349	1837
PA|PP755594.1|A/cattle/Texas/24-008749-003/2024(H5N1)	350	1841
PA|PP755594.1|A/cattle/Texas/24-008749-003/2024(H5N1)	351	1864
PA|PP755594.1|A/cattle/Texas/24-008749-003/2024(H5N1)	352	1864
PA|PP755594.1|A/cattle/Texas/24-008749-003/2024(H5N1)	353	2031
PA|PP755594.1|A/cattle/Texas/24-008749-003/2024(H5N1)	354	2032
PA|PP755594.1|A/cattle/Texas/24-008749-003/2024(H5N1)	355	2033
PA|PP755594.1|A/cattle/Texas/24-008749-003/2024(H5N1)	356	2054
PA|PP755594.1|A/cattle/Texas/24-008749-003/2024(H5N1)	357	2057
PA|PP755594.1|A/cattle/Texas/24-008749-003/2024(H5N1)	358	2084
PA|PP755594.1|A/cattle/Texas/24-008749-003/2024(H5N1)	359	2084
PA|PP755594.1|A/cattle/Texas/24-008749-003/2024(H5N1)	360	2084
PA|PP755594.1|A/cattle/Texas/24-008749-003/2024(H5N1)	361	2084
PA|PP755594.1|A/cattle/Texas/24-008749-003/2024(H5N1)	362	1987
PA|PP755594.1|A/cattle/Texas/24-008749-003/2024(H5N1)	363	1986
PA|PP755594.1|A/cattle/Texas/24-008749-003/2024(H5N1)	364	1979
PA|PP755594.1|A/cattle/Texas/24-008749-003/2024(H5N1)	365	1976
PA|PP755594.1|A/cattle/Texas/24-008749-003/2024(H5N1)	366	1976
PA|PP755594.1|A/cattle/Texas/24-008749-003/2024(H5N1)	367	1975
PA|PP755594.1|A/cattle/Texas/24-008749-003/2024(H5N1)	368	1973
PA|PP755594.1|A/cattle/Texas/24-008749-003/2024(H5N1)	369	1713
PA|PP755594.1|A/cattle/Texas/24-008749-003/2024(H5N1)	370	1713
PA|PP755594.1|A/cattle/Texas/24-008749-003/2024(H5N1)	371	1713
PA|PP755594.1|A/cattle/Texas/24-008749-003/2024(H5N1)	372	1713
PA|PP755594.1|A/cattle/Texas/24-008749-003/2024(H5N1)	373	1715
PA|PP755594.1|A/cattle/Texas/24-008749-003/2024(H5N1)	374	1723
PA|PP755594.1|A/cattle/Texas/24-008749-003/2024(H5N1)	375	1723
PA|PP755594.1|A/cattle/Texas/24-008749-003/2024(H5N1)	376	1728
PA|PP755594.1|A/cattle/Texas/24-008749-003/2024(H5N1)	377	1737
PA|PP755594.1|A/cattle/Texas/24-008749-003/2024(H5N1)	378	1742
PA|PP755594.1|A/cattle/Texas/24-008749-003/2024(H5N1)	379	1808
PA|PP755594.1|A/cattle/Texas/24-008749-003/2024(H5N1)	380	1808
PA|PP755594.1|A/cattle/Texas/24-008749-003/2024(H5N1)	381	1808
PA|PP755594.1|A/cattle/Texas/24-008749-003/2024(H5N1)	382	1873
PA|PP755594.1|A/cattle/Texas/24-008749-003/2024(H5N1)	383	1970
PA|PP755594.1|A/cattle/Texas/24-008749-003/2024(H5N1)	384	1985
PA|PP755594.1|A/cattle/Texas/24-008749-003/2024(H5N1)	385	2381
PA|PP755594.1|A/cattle/Texas/24-008749-003/2024(H5N1)	386	2386
PA|PP755594.1|A/cattle/Texas/24-008749-003/2024(H5N1)	387	2407
PA|PP755594.1|A/cattle/Texas/24-008749-003/2024(H5N1)	388	2467
PA|PP755594.1|A/cattle/Texas/24-008749-003/2024(H5N1)	389	2467
PA|PP755594.1|A/cattle/Texas/24-008749-003/2024(H5N1)	390	2474
PA|PP755594.1|A/cattle/Texas/24-008749-003/2024(H5N1)	391	2477
PA|PP755594.1|A/cattle/Texas/24-008749-003/2024(H5N1)	392	2510
PA|PP755594.1|A/cattle/Texas/24-008749-003/2024(H5N1)	393	2542
PA|PP755594.1|A/cattle/Texas/24-008749-003/2024(H5N1)	394	2626
PA|PP755594.1|A/cattle/Texas/24-008749-003/2024(H5N1)	395	2627
PA|PP755594.1|A/cattle/Texas/24-008749-003/2024(H5N1)	396	2627
PA|PP755594.1|A/cattle/Texas/24-008749-003/2024(H5N1)	397	2632
PA|PP755594.1|A/cattle/Texas/24-008749-003/2024(H5N1)	398	2633
PA|PP755594.1|A/cattle/Texas/24-008749-003/2024(H5N1)	399	2672
PA|PP755594.1|A/cattle/Texas/24-008749-003/2024(H5N1)	400	2692
PA|PP755594.1|A/cattle/Texas/24-008749-003/2024(H5N1)	401	2695
PA|PP755594.1|A/cattle/Texas/24-008749-003/2024(H5N1)	402	2699
PA|PP755594.1|A/cattle/Texas/24-008749-003/2024(H5N1)	403	2701
PA|PP755594.1|A/cattle/Texas/24-008749-003/2024(H5N1)	404	2759
PA|PP755594.1|A/cattle/Texas/24-008749-003/2024(H5N1)	405	2767
PA|PP755594.1|A/cattle/Texas/24-008749-003/2024(H5N1)	406	2772
PA|PP755594.1|A/cattle/Texas/24-008749-003/2024(H5N1)	407	2781
PA|PP755594.1|A/cattle/Texas/24-008749-003/2024(H5N1)	408	2705
PA|PP755594.1|A/cattle/Texas/24-008749-003/2024(H5N1)	409	2787
PA|PP755594.1|A/cattle/Texas/24-008749-003/2024(H5N1)	410	2802
PA|PP755594.1|A/cattle/Texas/24-008749-003/2024(H5N1)	411	2857
PA|PP755594.1|A/cattle/Texas/24-008749-003/2024(H5N1)	412	2852
PA|PP755594.1|A/cattle/Texas/24-008749-003/2024(H5N1)	413	2852
PA|PP755594.1|A/cattle/Texas/24-008749-003/2024(H5N1)	414	2784
PA|PP755594.1|A/cattle/Texas/24-008749-003/2024(H5N1)	415	2786
PA|PP755594.1|A/cattle/Texas/24-008749-003/2024(H5N1)	416	2785
PA|PP755594.1|A/cattle/Texas/24-008749-003/2024(H5N1)	417	2734
PA|PP755594.1|A/cattle/Texas/24-008749-003/2024(H5N1)	418	2762
PA|PP755594.1|A/cattle/Texas/24-008749-003/2024(H5N1)	419	2584
PA|PP755594.1|A/cattle/Texas/24-008749-003/2024(H5N1)	420	2537
PA|PP755594.1|A/cattle/Texas/24-008749-003/2024(H5N1)	421	2548
PA|PP755594.1|A/cattle/Texas/24-008749-003/2024(H5N1)	422	2555
PA|PP755594.1|A/cattle/Texas/24-008749-003/2024(H5N1)	423	2558
PA|PP755594.1|A/cattle/Texas/24-008749-003/2024(H5N1)	424	2539
PA|PP755594.1|A/cattle/Texas/24-008749-003/2024(H5N1)	425	2500
PA|PP755594.1|A/cattle/Texas/24-008749-003/2024(H5N1)	426	2479
PA|PP755594.1|A/cattle/Texas/24-008749-003/2024(H5N1)	427	2554
PA|PP755594.1|A/cattle/Texas/24-008749-003/2024(H5N1)	428	2494
PA|PP755594.1|A/cattle/Texas/24-008749-003/2024(H5N1)	429	2495
PA|PP755594.1|A/cattle/Texas/24-008749-003/2024(H5N1)	430	2478
PA|PP755594.1|A/cattle/Texas/24-008749-003/2024(H5N1)	431	2468
PA|PP755594.1|A/cattle/Texas/24-008749-003/2024(H5N1)	432	2411
PA|PP755594.1|A/cattle/Texas/24-008749-003/2024(H5N1)	433	2412
PA|PP755594.1|A/cattle/Texas/24-008749-003/2024(H5N1)	434	2416
PA|PP755594.1|A/cattle/Texas/24-008749-003/2024(H5N1)	435	2399
PA|PP755594.1|A/cattle/Texas/24-008749-003/2024(H5N1)	436	2385
PA|PP755594.1|A/cattle/Texas/24-008749-003/2024(H5N1)	437	2381
PA|PP755594.1|A/cattle/Texas/24-008749-003/2024(H5N1)	438	2343
PA|PP755594.1|A/cattle/Texas/24-008749-003/2024(H5N1)	439	2317
PA|PP755594.1|A/cattle/Texas/24-008749-003/2024(H5N1)	440	2314
PA|PP755594.1|A/cattle/Texas/24-008749-003/2024(H5N1)	441	2265
PA|PP755594.1|A/cattle/Texas/24-008749-003/2024(H5N1)	442	2271
PA|PP755594.1|A/cattle/Texas/24-008749-003/2024(H5N1)	443	2270
PA|PP755594.1|A/cattle/Texas/24-008749-003/2024(H5N1)	444	2264
PA|PP755594.1|A/cattle/Texas/24-008749-003/2024(H5N1)	445	2555
PA|PP755594.1|A/cattle/Texas/24-008749-003/2024(H5N1)	446	2558
PA|PP755594.1|A/cattle/Texas/24-008749-003/2024(H5N1)	447	2575
PA|PP755594.1|A/cattle/Texas/24-008749-003/2024(H5N1)	448	2578
PA|PP755594.1|A/cattle/Texas/24-008749-003/2024(H5N1)	449	2583
PA|PP755594.1|A/cattle/Texas/24-008749-003/2024(H5N1)	450	2590
PA|PP755594.1|A/cattle/Texas/24-008749-003/2024(H5N1)	451	2589
PA|PP755594.1|A/cattle/Texas/24-008749-003/2024(H5N1)	452	2607
PA|PP755594.1|A/cattle/Texas/24-008749-003/2024(H5N1)	453	2601
PA|PP755594.1|A/cattle/Texas/24-008749-003/2024(H5N1)	454	2600
PA|PP755594.1|A/cattle/Texas/24-008749-003/2024(H5N1)	455	2596
PA|PP755594.1|A/cattle/Texas/24-008749-003/2024(H5N1)	456	2550
PA|PP755594.1|A/cattle/Texas/24-008749-003/2024(H5N1)	457	2539
PA|PP755594.1|A/cattle/Texas/24-008749-003/2024(H5N1)	458	2535
PA|PP755594.1|A/cattle/Texas/24-008749-003/2024(H5N1)	459	2529
PA|PP755594.1|A/cattle/Texas/24-008749-003/2024(H5N1)	460	2547
PA|PP755594.1|A/cattle/Texas/24-008749-003/2024(H5N1)	461	2563
PA|PP755594.1|A/cattle/Texas/24-008749-003/2024(H5N1)	462	2569
PA|PP755594.1|A/cattle/Texas/24-008749-003/2024(H5N1)	463	2535
PA|PP755594.1|A/cattle/Texas/24-008749-003/2024(H5N1)	464	2524
PA|PP755594.1|A/cattle/Texas/24-008749-003/2024(H5N1)	465	2523
PA|PP755594.1|A/cattle/Texas/24-008749-003/2024(H5N1)	466	2517
PA|PP755594.1|A/cattle/Texas/24-008749-003/2024(H5N1)	467	2506
PA|PP755594.1|A/cattle/Texas/24-008749-003/2024(H5N1)	468	2300
PA|PP755594.1|A/cattle/Texas/24-008749-003/2024(H5N1)	469	2282
PA|PP755594.1|A/cattle/Texas/24-008749-003/2024(H5N1)	470	2282
PA|PP755594.1|A/cattle/Texas/24-008749-003/2024(H5N1)	471	2280
PA|PP755594.1|A/cattle/Texas/24-008749-003/2024(H5N1)	472	2297
PA|PP755594.1|A/cattle/Texas/24-008749-003/2024(H5N1)	473	2293
PA|PP755594.1|A/cattle/Texas/24-008749-003/2024(H5N1)	474	2286
PA|PP755594.1|A/cattle/Texas/24-008749-003/2024(H5N1)	475	2295
PA|PP755594.1|A/cattle/Texas/24-008749-003/2024(H5N1)	476	2305
PA|PP755594.1|A/cattle/Texas/24-008749-003/2024(H5N1)	477	2307
PA|PP755594.1|A/cattle/Texas/24-008749-003/2024(H5N1)	478	2617
PA|PP755594.1|A/cattle/Texas/24-008749-003/2024(H5N1)	479	2642
PA|PP755594.1|A/cattle/Texas/24-008749-003/2024(H5N1)	480	2681
PA|PP755594.1|A/cattle/Texas/24-008749-003/2024(H5N1)	481	2690
PA|PP755594.1|A/cattle/Texas/24-008749-003/2024(H5N1)	482	2692
PA|PP755594.1|A/cattle/Texas/24-008749-003/2024(H5N1)	483	2699
PA|PP755594.1|A/cattle/Texas/24-008749-003/2024(H5N1)	484	2695
PA|PP755594.1|A/cattle/Texas/24-008749-003/2024(H5N1)	485	2718
PA|PP755594.1|A/cattle/Texas/24-008749-003/2024(H5N1)	486	2758
PA|PP755594.1|A/cattle/Texas/24-008749-003/2024(H5N1)	487	2581
PA|PP755594.1|A/cattle/Texas/24-008749-003/2024(H5N1)	488	2562
PA|PP755594.1|A/cattle/Texas/24-008749-003/2024(H5N1)	489	2530
PA|PP755594.1|A/cattle/Texas/24-008749-003/2024(H5N1)	490	2532
PA|PP755594.1|A/cattle/Texas/24-008749-003/2024(H5N1)	491	2526
PA|PP755594.1|A/cattle/Texas/24-008749-003/2024(H5N1)	492	2525
PA|PP755594.1|A/cattle/Texas/24-008749-003/2024(H5N1)	493	2544
PA|PP755594.1|A/cattle/Texas/24-008749-003/2024(H5N1)	494	2511
PA|PP755594.1|A/cattle/Texas/24-008749-003/2024(H5N1)	495	2509
PA|PP755594.1|A/cattle/Texas/24-008749-003/2024(H5N1)	496	2505
PA|PP755594.1|A/cattle/Texas/24-008749-003/2024(H5N1)	497	2505
PA|PP755594.1|A/cattle/Texas/24-008749-003/2024(H5N1)	498	2377
PA|PP755594.1|A/cattle/Texas/24-008749-003/2024(H5N1)	499	2369
PA|PP755594.1|A/cattle/Texas/24-008749-003/2024(H5N1)	500	2369
PA|PP755594.1|A/cattle/Texas/24-008749-003/2024(H5N1)	501	2365
PA|PP755594.1|A/cattle/Texas/24-008749-003/2024(H5N1)	502	2365
PA|PP755594.1|A/cattle/Texas/24-008749-003/2024(H5N1)	503	2372
PA|PP755594.1|A/cattle/Texas/24-008749-003/2024(H5N1)	504	2341
PA|PP755594.1|A/cattle/Texas/24-008749-003/2024(H5N1)	505	2340
PA|PP755594.1|A/cattle/Texas/24-008749-003/2024(H5N1)	506	2325
PA|PP755594.1|A/cattle/Texas/24-008749-003/2024(H5N1)	507	2312
PA|PP755594.1|A/cattle/Texas/24-008749-003/2024(H5N1)	508	2314
PA|PP755594.1|A/cattle/Texas/24-008749-003/2024(H5N1)	509	2279
PA|PP755594.1|A/cattle/Texas/24-008749-003/2024(H5N1)	510	2274
PA|PP755594.1|A/cattle/Texas/24-008749-003/2024(H5N1)	511	2305
PA|PP755594.1|A/cattle/Texas/24-008749-003/2024(H5N1)	512	2305
PA|PP755594.1|A/cattle/Texas/24-008749-003/2024(H5N1)	513	2308
PA|PP755594.1|A/cattle/Texas/24-008749-003/2024(H5N1)	514	2523
PA|PP755594.1|A/cattle/Texas/24-008749-003/2024(H5N1)	515	2565
PA|PP755594.1|A/cattle/Texas/24-008749-003/2024(H5N1)	516	2589
PA|PP755594.1|A/cattle/Texas/24-008749-003/2024(H5N1)	517	2594
PA|PP755594.1|A/cattle/Texas/24-008749-003/2024(H5N1)	518	2598
PA|PP755594.1|A/cattle/Texas/24-008749-003/2024(H5N1)	519	2566
PA|PP755594.1|A/cattle/Texas/24-008749-003/2024(H5N1)	520	2546
PA|PP755594.1|A/cattle/Texas/24-008749-003/2024(H5N1)	521	2544
PA|PP755594.1|A/cattle/Texas/24-008749-003/2024(H5N1)	522	2526
PA|PP755594.1|A/cattle/Texas/24-008749-003/2024(H5N1)	523	2525
PA|PP755594.1|A/cattle/Texas/24-008749-003/2024(H5N1)	524	2457
PA|PP755594.1|A/cattle/Texas/24-008749-003/2024(H5N1)	525	2538
PA|PP755594.1|A/cattle/Texas/24-008749-003/2024(H5N1)	526	2572
PA|PP755594.1|A/cattle/Texas/24-008749-003/2024(H5N1)	527	2562
PA|PP755594.1|A/cattle/Texas/24-008749-003/2024(H5N1)	528	2539
PA|PP755594.1|A/cattle/Texas/24-008749-003/2024(H5N1)	529	2524
PA|PP755594.1|A/cattle/Texas/24-008749-003/2024(H5N1)	530	2523
PA|PP755594.1|A/cattle/Texas/24-008749-003/2024(H5N1)	531	2488
PA|PP755594.1|A/cattle/Texas/24-008749-003/2024(H5N1)	532	2456
PA|PP755594.1|A/cattle/Texas/24-008749-003/2024(H5N1)	533	2408
PA|PP755594.1|A/cattle/Texas/24-008749-003/2024(H5N1)	534	2318
PA|PP755594.1|A/cattle/Texas/24-008749-003/2024(H5N1)	535	2365
PA|PP755594.1|A/cattle/Texas/24-008749-003/2024(H5N1)	536	2409
PA|PP755594.1|A/cattle/Texas/24-008749-003/2024(H5N1)	537	2398
PA|PP755594.1|A/cattle/Texas/24-008749-003/2024(H5N1)	538	2378
PA|PP755594.1|A/cattle/Texas/24-008749-003/2024(H5N1)	539	2324
PA|PP755594.1|A/cattle/Texas/24-008749-003/2024(H5N1)	540	2324
PA|PP755594.1|A/cattle/Texas/24-008749-003/2024(H5N1)	541	2349
PA|PP755594.1|A/cattle/Texas/24-008749-003/2024(H5N1)	542	2352
PA|PP755594.1|A/cattle/Texas/24-008749-003/2024(H5N1)	543	2325
PA|PP755594.1|A/cattle/Texas/24-008749-003/2024(H5N1)	544	2359
PA|PP755594.1|A/cattle/Texas/24-008749-003/2024(H5N1)	545	2280
PA|PP755594.1|A/cattle/Texas/24-008749-003/2024(H5N1)	546	2335
PA|PP755594.1|A/cattle/Texas/24-008749-003/2024(H5N1)	547	2337
PA|PP755594.1|A/cattle/Texas/24-008749-003/2024(H5N1)	548	2354
PA|PP755594.1|A/cattle/Texas/24-008749-003/2024(H5N1)	549	2377
PA|PP755594.1|A/cattle/Texas/24-008749-003/2024(H5N1)	550	2334
PA|PP755594.1|A/cattle/Texas/24-008749-003/2024(H5N1)	551	2444
PA|PP755594.1|A/cattle/Texas/24-008749-003/2024(H5N1)	552	2442
PA|PP755594.1|A/cattle/Texas/24-008749-003/2024(H5N1)	553	2435
PA|PP755594.1|A/cattle/Texas/24-008749-003/2024(H5N1)	554	2431
PA|PP755594.1|A/cattle/Texas/24-008749-003/2024(H5N1)	555	2237
PA|PP755594.1|A/cattle/Texas/24-008749-003/2024(H5N1)	556	2249
PA|PP755594.1|A/cattle/Texas/24-008749-003/2024(H5N1)	557	2246
PA|PP755594.1|A/cattle/Texas/24-008749-003/2024(H5N1)	558	2225
PA|PP755594.1|A/cattle/Texas/24-008749-003/2024(H5N1)	559	2228
PA|PP755594.1|A/cattle/Texas/24-008749-003/2024(H5N1)	560	2230
PA|PP755594.1|A/cattle/Texas/24-008749-003/2024(H5N1)	561	2218
PA|PP755594.1|A/cattle/Texas/24-008749-003/2024(H5N1)	562	2466
PA|PP755594.1|A/cattle/Texas/24-008749-003/2024(H5N1)	563	2472
PA|PP755594.1|A/cattle/Texas/24-008749-003/2024(H5N1)	564	2479
PA|PP755594.1|A/cattle/Texas/24-008749-003/2024(H5N1)	565	2487
PA|PP755594.1|A/cattle/Texas/24-008749-003/2024(H5N1)	566	2478
PA|PP755594.1|A/cattle/Texas/24-008749-003/2024(H5N1)	567	2424
PA|PP755594.1|A/cattle/Texas/24-008749-003/2024(H5N1)	568	2400
PA|PP755594.1|A/cattle/Texas/24-008749-003/2024(H5N1)	569	2467
PA|PP755594.1|A/cattle/Texas/24-008749-003/2024(H5N1)	570	2448
PA|PP755594.1|A/cattle/Texas/24-008749-003/2024(H5N1)	571	2448
PA|PP755594.1|A/cattle/Texas/24-008749-003/2024(H5N1)	572	2447
PA|PP755594.1|A/cattle/Texas/24-008749-003/2024(H5N1)	573	2447
PA|PP755594.1|A/cattle/Texas/24-008749-003/2024(H5N1)	574	2441
PA|PP755594.1|A/cattle/Texas/24-008749-003/2024(H5N1)	575	2442
PA|PP755594.1|A/cattle/Texas/24-008749-003/2024(H5N1)	576	2466
PA|PP755594.1|A/cattle/Texas/24-008749-003/2024(H5N1)	577	2455
PA|PP755594.1|A/cattle/Texas/24-008749-003/2024(H5N1)	578	2370
PA|PP755594.1|A/cattle/Texas/24-008749-003/2024(H5N1)	579	2506
PA|PP755594.1|A/cattle/Texas/24-008749-003/2024(H5N1)	580	2643
PA|PP755594.1|A/cattle/Texas/24-008749-003/2024(H5N1)	581	2645
PA|PP755594.1|A/cattle/Texas/24-008749-003/2024(H5N1)	582	2637
PA|PP755594.1|A/cattle/Texas/24-008749-003/2024(H5N1)	583	2635
PA|PP755594.1|A/cattle/Texas/24-008749-003/2024(H5N1)	584	2640
PA|PP755594.1|A/cattle/Texas/24-008749-003/2024(H5N1)	585	2634
PA|PP755594.1|A/cattle/Texas/24-008749-003/2024(H5N1)	586	2633
PA|PP755594.1|A/cattle/Texas/24-008749-003/2024(H5N1)	587	2637
PA|PP755594.1|A/cattle/Texas/24-008749-003/2024(H5N1)	588	2556
PA|PP755594.1|A/cattle/Texas/24-008749-003/2024(H5N1)	589	2591
PA|PP755594.1|A/cattle/Texas/24-008749-003/2024(H5N1)	590	2605
PA|PP755594.1|A/cattle/Texas/24-008749-003/2024(H5N1)	591	2604
PA|PP755594.1|A/cattle/Texas/24-008749-003/2024(H5N1)	592	2609
PA|PP755594.1|A/cattle/Texas/24-008749-003/2024(H5N1)	593	2622
PA|PP755594.1|A/cattle/Texas/24-008749-003/2024(H5N1)	594	2625
PA|PP755594.1|A/cattle/Texas/24-008749-003/2024(H5N1)	595	2632
PA|PP755594.1|A/cattle/Texas/24-008749-003/2024(H5N1)	596	2629
PA|PP755594.1|A/cattle/Texas/24-008749-003/2024(H5N1)	597	2630
PA|PP755594.1|A/cattle/Texas/24-008749-003/2024(H5N1)	598	2622
PA|PP755594.1|A/cattle/Texas/24-008749-003/2024(H5N1)	599	2641
PA|PP755594.1|A/cattle/Texas/24-008749-003/2024(H5N1)	600	2641
PA|PP755594.1|A/cattle/Texas/24-008749-003/2024(H5N1)	601	2648
PA|PP755594.1|A/cattle/Texas/24-008749-003/2024(H5N1)	602	2652
PA|PP755594.1|A/cattle/Texas/24-008749-003/2024(H5N1)	603	2635
PA|PP755594.1|A/cattle/Texas/24-008749-003/2024(H5N1)	604	2640
PA|PP755594.1|A/cattle/Texas/24-008749-003/2024(H5N1)	605	2657
PA|PP755594.1|A/cattle/Texas/24-008749-003/2024(H5N1)	606	2650
PA|PP755594.1|A/cattle/Texas/24-008749-003/2024(H5N1)	607	2650
PA|PP755594.1|A/cattle/Texas/24-008749-003/2024(H5N1)	608	2639
PA|PP755594.1|A/cattle/Texas/24-008749-003/2024(H5N1)	609	2641
PA|PP755594.1|A/cattle/Texas/24-008749-003/2024(H5N1)	610	2645
PA|PP755594.1|A/cattle/Texas/24-008749-003/2024(H5N1)	611	2661
PA|PP755594.1|A/cattle/Texas/24-008749-003/2024(H5N1)	612	2676
PA|PP755594.1|A/cattle/Texas/24-008749-003/2024(H5N1)	613	2685
PA|PP755594.1|A/cattle/Texas/24-008749-003/2024(H5N1)	614	2687
PA|PP755594.1|A/cattle/Texas/24-008749-003/2024(H5N1)	615	2685
PA|PP755594.1|A/cattle/Texas/24-008749-003/2024(H5N1)	616	2671
PA|PP755594.1|A/cattle/Texas/24-008749-003/2024(H5N1)	617	2673
PA|PP755594.1|A/cattle/Texas/24-008749-003/2024(H5N1)	618	2667
PA|PP755594.1|A/cattle/Texas/24-008749-003/2024(H5N1)	619	2671
PA|PP755594.1|A/cattle/Texas/24-008749-003/2024(H5N1)	620	2661
PA|PP755594.1|A/cattle/Texas/24-008749-003/2024(H5N1)	621	2678
PA|PP755594.1|A/cattle/Texas/24-008749-003/2024(H5N1)	622	2681
PA|PP755594.1|A/cattle/Texas/24-008749-003/2024(H5N1)	623	2675
PA|PP755594.1|A/cattle/Texas/24-008749-003/2024(H5N1)	624	2674
PA|PP755594.1|A/cattle/Texas/24-008749-003/2024(H5N1)	625	2681
PA|PP755594.1|A/cattle/Texas/24-008749-003/2024(H5N1)	626	2681
PA|PP755594.1|A/cattle/Texas/24-008749-003/2024(H5N1)	627	2685
PA|PP755594.1|A/cattle/Texas/24-008749-003/2024(H5N1)	628	2727
PA|PP755594.1|A/cattle/Texas/24-008749-003/2024(H5N1)	629	2572
PA|PP755594.1|A/cattle/Texas/24-008749-003/2024(H5N1)	630	2522
PA|PP755594.1|A/cattle/Texas/24-008749-003/2024(H5N1)	631	2531
PA|PP755594.1|A/cattle/Texas/24-008749-003/2024(H5N1)	632	2525
PA|PP755594.1|A/cattle/Texas/24-008749-003/2024(H5N1)	633	2554
PA|PP755594.1|A/cattle/Texas/24-008749-003/2024(H5N1)	634	2547
PA|PP755594.1|A/cattle/Texas/24-008749-003/2024(H5N1)	635	2543
PA|PP755594.1|A/cattle/Texas/24-008749-003/2024(H5N1)	636	2516
PA|PP755594.1|A/cattle/Texas/24-008749-003/2024(H5N1)	637	2454
PA|PP755594.1|A/cattle/Texas/24-008749-003/2024(H5N1)	638	2477
PA|PP755594.1|A/cattle/Texas/24-008749-003/2024(H5N1)	639	2541
PA|PP755594.1|A/cattle/Texas/24-008749-003/2024(H5N1)	640	2527
PA|PP755594.1|A/cattle/Texas/24-008749-003/2024(H5N1)	641	2534
PA|PP755594.1|A/cattle/Texas/24-008749-003/2024(H5N1)	642	2520
PA|PP755594.1|A/cattle/Texas/24-008749-003/2024(H5N1)	643	2522
PA|PP755594.1|A/cattle/Texas/24-008749-003/2024(H5N1)	644	2610
PA|PP755594.1|A/cattle/Texas/24-008749-003/2024(H5N1)	645	2595
PA|PP755594.1|A/cattle/Texas/24-008749-003/2024(H5N1)	646	2605
PA|PP755594.1|A/cattle/Texas/24-008749-003/2024(H5N1)	647	2570
PA|PP755594.1|A/cattle/Texas/24-008749-003/2024(H5N1)	648	2598
PA|PP755594.1|A/cattle/Texas/24-008749-003/2024(H5N1)	649	2624
PA|PP755594.1|A/cattle/Texas/24-008749-003/2024(H5N1)	650	2630
PA|PP755594.1|A/cattle/Texas/24-008749-003/2024(H5N1)	651	2594
PA|PP755594.1|A/cattle/Texas/24-008749-003/2024(H5N1)	652	2594
PA|PP755594.1|A/cattle/Texas/24-008749-003/2024(H5N1)	653	2593
PA|PP755594.1|A/cattle/Texas/24-008749-003/2024(H5N1)	654	2582
PA|PP755594.1|A/cattle/Texas/24-008749-003/2024(H5N1)	655	2555
PA|PP755594.1|A/cattle/Texas/24-008749-003/2024(H5N1)	656	2566
PA|PP755594.1|A/cattle/Texas/24-008749-003/2024(H5N1)	657	2578
PA|PP755594.1|A/cattle/Texas/24-008749-003/2024(H5N1)	658	2767
PA|PP755594.1|A/cattle/Texas/24-008749-003/2024(H5N1)	659	2769
PA|PP755594.1|A/cattle/Texas/24-008749-003/2024(H5N1)	660	2772
PA|PP755594.1|A/cattle/Texas/24-008749-003/2024(H5N1)	661	2735
PA|PP755594.1|A/cattle/Texas/24-008749-003/2024(H5N1)	662	2704
PA|PP755594.1|A/cattle/Texas/24-008749-003/2024(H5N1)	663	2708
PA|PP755594.1|A/cattle/Texas/24-008749-003/2024(H5N1)	664	2721
PA|PP755594.1|A/cattle/Texas/24-008749-003/2024(H5N1)	665	2723
PA|PP755594.1|A/cattle/Texas/24-008749-003/2024(H5N1)	666	2684
PA|PP755594.1|A/cattle/Texas/24-008749-003/2024(H5N1)	667	2660
PA|PP755594.1|A/cattle/Texas/24-008749-003/2024(H5N1)	668	2728
PA|PP755594.1|A/cattle/Texas/24-008749-003/2024(H5N1)	669	2733
PA|PP755594.1|A/cattle/Texas/24-008749-003/2024(H5N1)	670	2728
PA|PP755594.1|A/cattle/Texas/24-008749-003/2024(H5N1)	671	2732
PA|PP755594.1|A/cattle/Texas/24-008749-003/2024(H5N1)	672	2726
PA|PP755594.1|A/cattle/Texas/24-008749-003/2024(H5N1)	673	2713
PA|PP755594.1|A/cattle/Texas/24-008749-003/2024(H5N1)	674	2716
PA|PP755594.1|A/cattle/Texas/24-008749-003/2024(H5N1)	675	2639
PA|PP755594.1|A/cattle/Texas/24-008749-003/2024(H5N1)	676	2658
PA|PP755594.1|A/cattle/Texas/24-008749-003/2024(H5N1)	677	2631
PA|PP755594.1|A/cattle/Texas/24-008749-003/2024(H5N1)	678	2632
PA|PP755594.1|A/cattle/Texas/24-008749-003/2024(H5N1)	679	2633
PA|PP755594.1|A/cattle/Texas/24-008749-003/2024(H5N1)	680	2742
PA|PP755594.1|A/cattle/Texas/24-008749-003/2024(H5N1)	681	2696
PA|PP755594.1|A/cattle/Texas/24-008749-003/2024(H5N1)	682	2705
PA|PP755594.1|A/cattle/Texas/24-008749-003/2024(H5N1)	683	2701
PA|PP755594.1|A/cattle/Texas/24-008749-003/2024(H5N1)	684	2718
PA|PP755594.1|A/cattle/Texas/24-008749-003/2024(H5N1)	685	2748
PA|PP755594.1|A/cattle/Texas/24-008749-003/2024(H5N1)	686	2748
PA|PP755594.1|A/cattle/Texas/24-008749-003/2024(H5N1)	687	2688
PA|PP755594.1|A/cattle/Texas/24-008749-003/2024(H5N1)	688	2687
PA|PP755594.1|A/cattle/Texas/24-008749-003/2024(H5N1)	689	2694
PA|PP755594.1|A/cattle/Texas/24-008749-003/2024(H5N1)	690	2698
PA|PP755594.1|A/cattle/Texas/24-008749-003/2024(H5N1)	691	2735
PA|PP755594.1|A/cattle/Texas/24-008749-003/2024(H5N1)	692	2705
PA|PP755594.1|A/cattle/Texas/24-008749-003/2024(H5N1)	693	2641
PA|PP755594.1|A/cattle/Texas/24-008749-003/2024(H5N1)	694	2652
PA|PP755594.1|A/cattle/Texas/24-008749-003/2024(H5N1)	695	2708
PA|PP755594.1|A/cattle/Texas/24-008749-003/2024(H5N1)	696	2706
PA|PP755594.1|A/cattle/Texas/24-008749-003/2024(H5N1)	697	2670
PA|PP755594.1|A/cattle/Texas/24-008749-003/2024(H5N1)	698	2656
PA|PP755594.1|A/cattle/Texas/24-008749-003/2024(H5N1)	699	2664
PA|PP755594.1|A/cattle/Texas/24-008749-003/2024(H5N1)	700	2596
PA|PP755594.1|A/cattle/Texas/24-008749-003/2024(H5N1)	701	2590
PA|PP755594.1|A/cattle/Texas/24-008749-003/2024(H5N1)	702	2473
PA|PP755594.1|A/cattle/Texas/24-008749-003/2024(H5N1)	703	2452
PA|PP755594.1|A/cattle/Texas/24-008749-003/2024(H5N1)	704	2462
PA|PP755594.1|A/cattle/Texas/24-008749-003/2024(H5N1)	705	2468
PA|PP755594.1|A/cattle/Texas/24-008749-003/2024(H5N1)	706	2460
PA|PP755594.1|A/cattle/Texas/24-008749-003/2024(H5N1)	707	2455
PA|PP755594.1|A/cattle/Texas/24-008749-003/2024(H5N1)	708	2410
PA|PP755594.1|A/cattle/Texas/24-008749-003/2024(H5N1)	709	2414
PA|PP755594.1|A/cattle/Texas/24-008749-003/2024(H5N1)	710	2425
PA|PP755594.1|A/cattle/Texas/24-008749-003/2024(H5N1)	711	2424
PA|PP755594.1|A/cattle/Texas/24-008749-003/2024(H5N1)	712	2412
PA|PP755594.1|A/cattle/Texas/24-008749-003/2024(H5N1)	713	2333
PA|PP755594.1|A/cattle/Texas/24-008749-003/2024(H5N1)	714	2336
PA|PP755594.1|A/cattle/Texas/24-008749-003/2024(H5N1)	715	2333
PA|PP755594.1|A/cattle/Texas/24-008749-003/2024(H5N1)	716	2330
PA|PP755594.1|A/cattle/Texas/24-008749-003/2024(H5N1)	717	2374
PA|PP755594.1|A/cattle/Texas/24-008749-003/2024(H5N1)	718	2372
PA|PP755594.1|A/cattle/Texas/24-008749-003/2024(H5N1)	719	2555
PA|PP755594.1|A/cattle/Texas/24-008749-003/2024(H5N1)	720	2492
PA|PP755594.1|A/cattle/Texas/24-008749-003/2024(H5N1)	721	2486
PA|PP755594.1|A/cattle/Texas/24-008749-003/2024(H5N1)	722	2531
PA|PP755594.1|A/cattle/Texas/24-008749-003/2024(H5N1)	723	2531
PA|PP755594.1|A/cattle/Texas/24-008749-003/2024(H5N1)	724	2544
PA|PP755594.1|A/cattle/Texas/24-008749-003/2024(H5N1)	725	2586
PA|PP755594.1|A/cattle/Texas/24-008749-003/2024(H5N1)	726	2551
PA|PP755594.1|A/cattle/Texas/24-008749-003/2024(H5N1)	727	2558
PA|PP755594.1|A/cattle/Texas/24-008749-003/2024(H5N1)	728	2466
PA|PP755594.1|A/cattle/Texas/24-008749-003/2024(H5N1)	729	2571
PA|PP755594.1|A/cattle/Texas/24-008749-003/2024(H5N1)	730	2462
PA|PP755594.1|A/cattle/Texas/24-008749-003/2024(H5N1)	731	2485
PA|PP755594.1|A/cattle/Texas/24-008749-003/2024(H5N1)	732	2479
PA|PP755594.1|A/cattle/Texas/24-008749-003/2024(H5N1)	733	2462
PA|PP755594.1|A/cattle/Texas/24-008749-003/2024(H5N1)	734	2467
PA|PP755594.1|A/cattle/Texas/24-008749-003/2024(H5N1)	735	2476
PA|PP755594.1|A/cattle/Texas/24-008749-003/2024(H5N1)	736	2469
PA|PP755594.1|A/cattle/Texas/24-008749-003/2024(H5N1)	737	2467
PA|PP755594.1|A/cattle/Texas/24-008749-003/2024(H5N1)	738	2425
PA|PP755594.1|A/cattle/Texas/24-008749-003/2024(H5N1)	739	2425
PA|PP755594.1|A/cattle/Texas/24-008749-003/2024(H5N1)	740	2399
PA|PP755594.1|A/cattle/Texas/24-008749-003/2024(H5N1)	741	2399
PA|PP755594.1|A/cattle/Texas/24-008749-003/2024(H5N1)	742	2396
PA|PP755594.1|A/cattle/Texas/24-008749-003/2024(H5N1)	743	2389
PA|PP755594.1|A/cattle/Texas/24-008749-003/2024(H5N1)	744	2392
PA|PP755594.1|A/cattle/Texas/24-008749-003/2024(H5N1)	745	2392
PA|PP755594.1|A/cattle/Texas/24-008749-003/2024(H5N1)	746	2382
PA|PP755594.1|A/cattle/Texas/24-008749-003/2024(H5N1)	747	2379
PA|PP755594.1|A/cattle/Texas/24-008749-003/2024(H5N1)	748	2368
PA|PP755594.1|A/cattle/Texas/24-008749-003/2024(H5N1)	749	2354
PA|PP755594.1|A/cattle/Texas/24-008749-003/2024(H5N1)	750	2352
PA|PP755594.1|A/cattle/Texas/24-008749-003/2024(H5N1)	751	2341
PA|PP755594.1|A/cattle/Texas/24-008749-003/2024(H5N1)	752	2331
PA|PP755594.1|A/cattle/Texas/24-008749-003/2024(H5N1)	753	2330
PA|PP755594.1|A/cattle/Texas/24-008749-003/2024(H5N1)	754	2332
PA|PP755594.1|A/cattle/Texas/24-008749-003/2024(H5N1)	755	2312
PA|PP755594.1|A/cattle/Texas/24-008749-003/2024(H5N1)	756	2152
PA|PP755594.1|A/cattle/Texas/24-008749-003/2024(H5N1)	757	2153
PA|PP755594.1|A/cattle/Texas/24-008749-003/2024(H5N1)	758	2143
PA|PP755594.1|A/cattle/Texas/24-008749-003/2024(H5N1)	759	2143
PA|PP755594.1|A/cattle/Texas/24-008749-003/2024(H5N1)	760	2261
PA|PP755594.1|A/cattle/Texas/24-008749-003/2024(H5N1)	761	2261
PA|PP755594.1|A/cattle/Texas/24-008749-003/2024(H5N1)	762	2232
PA|PP755594.1|A/cattle/Texas/24-008749-003/2024(H5N1)	763	2232
PA|PP755594.1|A/cattle/Texas/24-008749-003/2024(H5N1)	764	2228
PA|PP755594.1|A/cattle/Texas/24-008749-003/2024(H5N1)	765	2305
PA|PP755594.1|A/cattle/Texas/24-008749-003/2024(H5N1)	766	2480
PA|PP755594.1|A/cattle/Texas/24-008749-003/2024(H5N1)	767	2503
PA|PP755594.1|A/cattle/Texas/24-008749-003/2024(H5N1)	768	2527
PA|PP755594.1|A/cattle/Texas/24-008749-003/2024(H5N1)	769	2532
PA|PP755594.1|A/cattle/Texas/24-008749-003/2024(H5N1)	770	2618
PA|PP755594.1|A/cattle/Texas/24-008749-003/2024(H5N1)	771	2618
PA|PP755594.1|A/cattle/Texas/24-008749-003/2024(H5N1)	772	2604
PA|PP755594.1|A/cattle/Texas/24-008749-003/2024(H5N1)	773	2601
PA|PP755594.1|A/cattle/Texas/24-008749-003/2024(H5N1)	774	2590
PA|PP755594.1|A/cattle/Texas/24-008749-003/2024(H5N1)	775	2594
PA|PP755594.1|A/cattle/Texas/24-008749-003/2024(H5N1)	776	2594
PA|PP755594.1|A/cattle/Texas/24-008749-003/2024(H5N1)	777	2595
PA|PP755594.1|A/cattle/Texas/24-008749-003/2024(H5N1)	778	2632
PA|PP755594.1|A/cattle/Texas/24-008749-003/2024(H5N1)	779	2600
PA|PP755594.1|A/cattle/Texas/24-008749-003/2024(H5N1)	780	2627
PA|PP755594.1|A/cattle/Texas/24-008749-003/2024(H5N1)	781	2594
PA|PP755594.1|A/cattle/Texas/24-008749-003/2024(H5N1)	782	2590
PA|PP755594.1|A/cattle/Texas/24-008749-003/2024(H5N1)	783	2595
PA|PP755594.1|A/cattle/Texas/24-008749-003/2024(H5N1)	784	2589
PA|PP755594.1|A/cattle/Texas/24-008749-003/2024(H5N1)	785	2674
PA|PP755594.1|A/cattle/Texas/24-008749-003/2024(H5N1)	786	2677
PA|PP755594.1|A/cattle/Texas/24-008749-003/2024(H5N1)	787	2636
PA|PP755594.1|A/cattle/Texas/24-008749-003/2024(H5N1)	788	2625
PA|PP755594.1|A/cattle/Texas/24-008749-003/2024(H5N1)	789	2603
PA|PP755594.1|A/cattle/Texas/24-008749-003/2024(H5N1)	790	2616
PA|PP755594.1|A/cattle/Texas/24-008749-003/2024(H5N1)	791	2617
PA|PP755594.1|A/cattle/Texas/24-008749-003/2024(H5N1)	792	2608
PA|PP755594.1|A/cattle/Texas/24-008749-003/2024(H5N1)	793	2601
PA|PP755594.1|A/cattle/Texas/24-008749-003/2024(H5N1)	794	2492
PA|PP755594.1|A/cattle/Texas/24-008749-003/2024(H5N1)	795	2483
PA|PP755594.1|A/cattle/Texas/24-008749-003/2024(H5N1)	796	2473
PA|PP755594.1|A/cattle/Texas/24-008749-003/2024(H5N1)	797	2450
PA|PP755594.1|A/cattle/Texas/24-008749-003/2024(H5N1)	798	2438
PA|PP755594.1|A/cattle/Texas/24-008749-003/2024(H5N1)	799	2400
PA|PP755594.1|A/cattle/Texas/24-008749-003/2024(H5N1)	800	2379
PA|PP755594.1|A/cattle/Texas/24-008749-003/2024(H5N1)	801	2367
PA|PP755594.1|A/cattle/Texas/24-008749-003/2024(H5N1)	802	2349
PA|PP755594.1|A/cattle/Texas/24-008749-003/2024(H5N1)	803	2347
PA|PP755594.1|A/cattle/Texas/24-008749-003/2024(H5N1)	804	2338
PA|PP755594.1|A/cattle/Texas/24-008749-003/2024(H5N1)	805	2332
PA|PP755594.1|A/cattle/Texas/24-008749-003/2024(H5N1)	806	2328
PA|PP755594.1|A/cattle/Texas/24-008749-003/2024(H5N1)	807	2304
PA|PP755594.1|A/cattle/Texas/24-008749-003/2024(H5N1)	808	2292
PA|PP755594.1|A/cattle/Texas/24-008749-003/2024(H5N1)	809	2112
PA|PP755594.1|A/cattle/Texas/24-008749-003/2024(H5N1)	810	1774
PA|PP755594.1|A/cattle/Texas/24-008749-003/2024(H5N1)	811	1768
PA|PP755594.1|A/cattle/Texas/24-008749-003/2024(H5N1)	812	1768
PA|PP755594.1|A/cattle/Texas/24-008749-003/2024(H5N1)	813	1761
PA|PP755594.1|A/cattle/Texas/24-008749-003/2024(H5N1)	814	1761
PA|PP755594.1|A/cattle/Texas/24-008749-003/2024(H5N1)	815	1761
PA|PP755594.1|A/cattle/Texas/24-008749-003/2024(H5N1)	816	1759
PA|PP755594.1|A/cattle/Texas/24-008749-003/2024(H5N1)	817	1759
PA|PP755594.1|A/cattle/Texas/24-008749-003/2024(H5N1)	818	1758
PA|PP755594.1|A/cattle/Texas/24-008749-003/2024(H5N1)	819	1758
PA|PP755594.1|A/cattle/Texas/24-008749-003/2024(H5N1)	820	1758
PA|PP755594.1|A/cattle/Texas/24-008749-003/2024(H5N1)	821	1757
PA|PP755594.1|A/cattle/Texas/24-008749-003/2024(H5N1)	822	1743
PA|PP755594.1|A/cattle/Texas/24-008749-003/2024(H5N1)	823	1742
PA|PP755594.1|A/cattle/Texas/24-008749-003/2024(H5N1)	824	1715
PA|PP755594.1|A/cattle/Texas/24-008749-003/2024(H5N1)	825	1714
PA|PP755594.1|A/cattle/Texas/24-008749-003/2024(H5N1)	826	1709
PA|PP755594.1|A/cattle/Texas/24-008749-003/2024(H5N1)	827	1692
PA|PP755594.1|A/cattle/Texas/24-008749-003/2024(H5N1)	828	1679
PA|PP755594.1|A/cattle/Texas/24-008749-003/2024(H5N1)	829	1679
PA|PP755594.1|A/cattle/Texas/24-008749-003/2024(H5N1)	830	2020
PA|PP755594.1|A/cattle/Texas/24-008749-003/2024(H5N1)	831	2031
PA|PP755594.1|A/cattle/Texas/24-008749-003/2024(H5N1)	832	2038
PA|PP755594.1|A/cattle/Texas/24-008749-003/2024(H5N1)	833	2038
PA|PP755594.1|A/cattle/Texas/24-008749-003/2024(H5N1)	834	2038
PA|PP755594.1|A/cattle/Texas/24-008749-003/2024(H5N1)	835	2041
PA|PP755594.1|A/cattle/Texas/24-008749-003/2024(H5N1)	836	1990
PA|PP755594.1|A/cattle/Texas/24-008749-003/2024(H5N1)	837	1991
PA|PP755594.1|A/cattle/Texas/24-008749-003/2024(H5N1)	838	1991
PA|PP755594.1|A/cattle/Texas/24-008749-003/2024(H5N1)	839	1984
PA|PP755594.1|A/cattle/Texas/24-008749-003/2024(H5N1)	840	1984
PA|PP755594.1|A/cattle/Texas/24-008749-003/2024(H5N1)	841	1983
PA|PP755594.1|A/cattle/Texas/24-008749-003/2024(H5N1)	842	1950
PA|PP755594.1|A/cattle/Texas/24-008749-003/2024(H5N1)	843	1904
PA|PP755594.1|A/cattle/Texas/24-008749-003/2024(H5N1)	844	1897
PA|PP755594.1|A/cattle/Texas/24-008749-003/2024(H5N1)	845	1886
PA|PP755594.1|A/cattle/Texas/24-008749-003/2024(H5N1)	846	1844
PA|PP755594.1|A/cattle/Texas/24-008749-003/2024(H5N1)	847	1842
PA|PP755594.1|A/cattle/Texas/24-008749-003/2024(H5N1)	848	1843
PA|PP755594.1|A/cattle/Texas/24-008749-003/2024(H5N1)	849	1843
PA|PP755594.1|A/cattle/Texas/24-008749-003/2024(H5N1)	850	1844
PA|PP755594.1|A/cattle/Texas/24-008749-003/2024(H5N1)	851	1843
PA|PP755594.1|A/cattle/Texas/24-008749-003/2024(H5N1)	852	1843
PA|PP755594.1|A/cattle/Texas/24-008749-003/2024(H5N1)	853	1843
PA|PP755594.1|A/cattle/Texas/24-008749-003/2024(H5N1)	854	1839
PA|PP755594.1|A/cattle/Texas/24-008749-003/2024(H5N1)	855	1791
PA|PP755594.1|A/cattle/Texas/24-008749-003/2024(H5N1)	856	1782
PA|PP755594.1|A/cattle/Texas/24-008749-003/2024(H5N1)	857	1779
PA|PP755594.1|A/cattle/Texas/24-008749-003/2024(H5N1)	858	1769
PA|PP755594.1|A/cattle/Texas/24-008749-003/2024(H5N1)	859	1769
PA|PP755594.1|A/cattle/Texas/24-008749-003/2024(H5N1)	860	1759
PA|PP755594.1|A/cattle/Texas/24-008749-003/2024(H5N1)	861	1743
PA|PP755594.1|A/cattle/Texas/24-008749-003/2024(H5N1)	862	1726
PA|PP755594.1|A/cattle/Texas/24-008749-003/2024(H5N1)	863	1717
PA|PP755594.1|A/cattle/Texas/24-008749-003/2024(H5N1)	864	1188
PA|PP755594.1|A/cattle/Texas/24-008749-003/2024(H5N1)	865	1188
PA|PP755594.1|A/cattle/Texas/24-008749-003/2024(H5N1)	866	1187
PA|PP755594.1|A/cattle/Texas/24-008749-003/2024(H5N1)	867	1187
PA|PP755594.1|A/cattle/Texas/24-008749-003/2024(H5N1)	868	1103
PA|PP755594.1|A/cattle/Texas/24-008749-003/2024(H5N1)	869	1103
PA|PP755594.1|A/cattle/Texas/24-008749-003/2024(H5N1)	870	1103
PA|PP755594.1|A/cattle/Texas/24-008749-003/2024(H5N1)	871	1114
PA|PP755594.1|A/cattle/Texas/24-008749-003/2024(H5N1)	872	1115
PA|PP755594.1|A/cattle/Texas/24-008749-003/2024(H5N1)	873	1115
PA|PP755594.1|A/cattle/Texas/24-008749-003/2024(H5N1)	874	1115
PA|PP755594.1|A/cattle/Texas/24-008749-003/2024(H5N1)	875	1115
PA|PP755594.1|A/cattle/Texas/24-008749-003/2024(H5N1)	876	1115
PA|PP755594.1|A/cattle/Texas/24-008749-003/2024(H5N1)	877	1526
PA|PP755594.1|A/cattle/Texas/24-008749-003/2024(H5N1)	878	1562
PA|PP755594.1|A/cattle/Texas/24-008749-003/2024(H5N1)	879	1562
PA|PP755594.1|A/cattle/Texas/24-008749-003/2024(H5N1)	880	1564
PA|PP755594.1|A/cattle/Texas/24-008749-003/2024(H5N1)	881	1567
PA|PP755594.1|A/cattle/Texas/24-008749-003/2024(H5N1)	882	1567
PA|PP755594.1|A/cattle/Texas/24-008749-003/2024(H5N1)	883	1567
PA|PP755594.1|A/cattle/Texas/24-008749-003/2024(H5N1)	884	1567
PA|PP755594.1|A/cattle/Texas/24-008749-003/2024(H5N1)	885	1566
PA|PP755594.1|A/cattle/Texas/24-008749-003/2024(H5N1)	886	1592
PA|PP755594.1|A/cattle/Texas/24-008749-003/2024(H5N1)	887	1594
PA|PP755594.1|A/cattle/Texas/24-008749-003/2024(H5N1)	888	1594
PA|PP755594.1|A/cattle/Texas/24-008749-003/2024(H5N1)	889	1597
PA|PP755594.1|A/cattle/Texas/24-008749-003/2024(H5N1)	890	1598
PA|PP755594.1|A/cattle/Texas/24-008749-003/2024(H5N1)	891	1593
PA|PP755594.1|A/cattle/Texas/24-008749-003/2024(H5N1)	892	1595
PA|PP755594.1|A/cattle/Texas/24-008749-003/2024(H5N1)	893	1594
PA|PP755594.1|A/cattle/Texas/24-008749-003/2024(H5N1)	894	1592
PA|PP755594.1|A/cattle/Texas/24-008749-003/2024(H5N1)	895	1584
PA|PP755594.1|A/cattle/Texas/24-008749-003/2024(H5N1)	896	1582
PA|PP755594.1|A/cattle/Texas/24-008749-003/2024(H5N1)	897	1550
PA|PP755594.1|A/cattle/Texas/24-008749-003/2024(H5N1)	898	1713
PA|PP755594.1|A/cattle/Texas/24-008749-003/2024(H5N1)	899	1707
PA|PP755594.1|A/cattle/Texas/24-008749-003/2024(H5N1)	900	1698
PA|PP755594.1|A/cattle/Texas/24-008749-003/2024(H5N1)	901	1696
PA|PP755594.1|A/cattle/Texas/24-008749-003/2024(H5N1)	902	1698
PA|PP755594.1|A/cattle/Texas/24-008749-003/2024(H5N1)	903	1698
PA|PP755594.1|A/cattle/Texas/24-008749-003/2024(H5N1)	904	1843
PA|PP755594.1|A/cattle/Texas/24-008749-003/2024(H5N1)	905	1833
PA|PP755594.1|A/cattle/Texas/24-008749-003/2024(H5N1)	906	1827
PA|PP755594.1|A/cattle/Texas/24-008749-003/2024(H5N1)	907	1913
PA|PP755594.1|A/cattle/Texas/24-008749-003/2024(H5N1)	908	1897
PA|PP755594.1|A/cattle/Texas/24-008749-003/2024(H5N1)	909	1901
PA|PP755594.1|A/cattle/Texas/24-008749-003/2024(H5N1)	910	1902
PA|PP755594.1|A/cattle/Texas/24-008749-003/2024(H5N1)	911	1777
PA|PP755594.1|A/cattle/Texas/24-008749-003/2024(H5N1)	912	1777
PA|PP755594.1|A/cattle/Texas/24-008749-003/2024(H5N1)	913	1773
PA|PP755594.1|A/cattle/Texas/24-008749-003/2024(H5N1)	914	1773
PA|PP755594.1|A/cattle/Texas/24-008749-003/2024(H5N1)	915	1881
PA|PP755594.1|A/cattle/Texas/24-008749-003/2024(H5N1)	916	1798
PA|PP755594.1|A/cattle/Texas/24-008749-003/2024(H5N1)	917	1798
PA|PP755594.1|A/cattle/Texas/24-008749-003/2024(H5N1)	918	1764
PA|PP755594.1|A/cattle/Texas/24-008749-003/2024(H5N1)	919	1757
PA|PP755594.1|A/cattle/Texas/24-008749-003/2024(H5N1)	920	1752
PA|PP755594.1|A/cattle/Texas/24-008749-003/2024(H5N1)	921	1657
PA|PP755594.1|A/cattle/Texas/24-008749-003/2024(H5N1)	922	1683
PA|PP755594.1|A/cattle/Texas/24-008749-003/2024(H5N1)	923	1679
PA|PP755594.1|A/cattle/Texas/24-008749-003/2024(H5N1)	924	1680
PA|PP755594.1|A/cattle/Texas/24-008749-003/2024(H5N1)	925	1680
PA|PP755594.1|A/cattle/Texas/24-008749-003/2024(H5N1)	926	1681
PA|PP755594.1|A/cattle/Texas/24-008749-003/2024(H5N1)	927	1682
PA|PP755594.1|A/cattle/Texas/24-008749-003/2024(H5N1)	928	1677
PA|PP755594.1|A/cattle/Texas/24-008749-003/2024(H5N1)	929	1650
PA|PP755594.1|A/cattle/Texas/24-008749-003/2024(H5N1)	930	1634
PA|PP755594.1|A/cattle/Texas/24-008749-003/2024(H5N1)	931	1635
PA|PP755594.1|A/cattle/Texas/24-008749-003/2024(H5N1)	932	1633
PA|PP755594.1|A/cattle/Texas/24-008749-003/2024(H5N1)	933	1631
PA|PP755594.1|A/cattle/Texas/24-008749-003/2024(H5N1)	934	1626
PA|PP755594.1|A/cattle/Texas/24-008749-003/2024(H5N1)	935	1624
PA|PP755594.1|A/cattle/Texas/24-008749-003/2024(H5N1)	936	1557
PA|PP755594.1|A/cattle/Texas/24-008749-003/2024(H5N1)	937	1552
PA|PP755594.1|A/cattle/Texas/24-008749-003/2024(H5N1)	938	1546
PA|PP755594.1|A/cattle/Texas/24-008749-003/2024(H5N1)	939	1506
PA|PP755594.1|A/cattle/Texas/24-008749-003/2024(H5N1)	940	1535
PA|PP755594.1|A/cattle/Texas/24-008749-003/2024(H5N1)	941	1540
PA|PP755594.1|A/cattle/Texas/24-008749-003/2024(H5N1)	942	1541
PA|PP755594.1|A/cattle/Texas/24-008749-003/2024(H5N1)	943	1570
PA|PP755594.1|A/cattle/Texas/24-008749-003/2024(H5N1)	944	1570
PA|PP755594.1|A/cattle/Texas/24-008749-003/2024(H5N1)	945	1565
PA|PP755594.1|A/cattle/Texas/24-008749-003/2024(H5N1)	946	1573
PA|PP755594.1|A/cattle/Texas/24-008749-003/2024(H5N1)	947	1593
PA|PP755594.1|A/cattle/Texas/24-008749-003/2024(H5N1)	948	1499
PA|PP755594.1|A/cattle/Texas/24-008749-003/2024(H5N1)	949	1510
PA|PP755594.1|A/cattle/Texas/24-008749-003/2024(H5N1)	950	1515
PA|PP755594.1|A/cattle/Texas/24-008749-003/2024(H5N1)	951	1525
PA|PP755594.1|A/cattle/Texas/24-008749-003/2024(H5N1)	952	1595
PA|PP755594.1|A/cattle/Texas/24-008749-003/2024(H5N1)	953	1625
PA|PP755594.1|A/cattle/Texas/24-008749-003/2024(H5N1)	954	1625
PA|PP755594.1|A/cattle/Texas/24-008749-003/2024(H5N1)	955	1659
PA|PP755594.1|A/cattle/Texas/24-008749-003/2024(H5N1)	956	1636
PA|PP755594.1|A/cattle/Texas/24-008749-003/2024(H5N1)	957	1670
PA|PP755594.1|A/cattle/Texas/24-008749-003/2024(H5N1)	958	1729
PA|PP755594.1|A/cattle/Texas/24-008749-003/2024(H5N1)	959	1733
PA|PP755594.1|A/cattle/Texas/24-008749-003/2024(H5N1)	960	1743
PA|PP755594.1|A/cattle/Texas/24-008749-003/2024(H5N1)	961	1744
PA|PP755594.1|A/cattle/Texas/24-008749-003/2024(H5N1)	962	1806
PA|PP755594.1|A/cattle/Texas/24-008749-003/2024(H5N1)	963	1774
PA|PP755594.1|A/cattle/Texas/24-008749-003/2024(H5N1)	964	1759
PA|PP755594.1|A/cattle/Texas/24-008749-003/2024(H5N1)	965	1758
PA|PP755594.1|A/cattle/Texas/24-008749-003/2024(H5N1)	966	1561
PA|PP755594.1|A/cattle/Texas/24-008749-003/2024(H5N1)	967	1571
PA|PP755594.1|A/cattle/Texas/24-008749-003/2024(H5N1)	968	1571
PA|PP755594.1|A/cattle/Texas/24-008749-003/2024(H5N1)	969	1592
PA|PP755594.1|A/cattle/Texas/24-008749-003/2024(H5N1)	970	1626
PA|PP755594.1|A/cattle/Texas/24-008749-003/2024(H5N1)	971	1645
PA|PP755594.1|A/cattle/Texas/24-008749-003/2024(H5N1)	972	1645
PA|PP755594.1|A/cattle/Texas/24-008749-003/2024(H5N1)	973	1666
PA|PP755594.1|A/cattle/Texas/24-008749-003/2024(H5N1)	974	1682
PA|PP755594.1|A/cattle/Texas/24-008749-003/2024(H5N1)	975	1684
PA|PP755594.1|A/cattle/Texas/24-008749-003/2024(H5N1)	976	1742
PA|PP755594.1|A/cattle/Texas/24-008749-003/2024(H5N1)	977	1742
PA|PP755594.1|A/cattle/Texas/24-008749-003/2024(H5N1)	978	1750
PA|PP755594.1|A/cattle/Texas/24-008749-003/2024(H5N1)	979	1751
PA|PP755594.1|A/cattle/Texas/24-008749-003/2024(H5N1)	980	1750
PA|PP755594.1|A/cattle/Texas/24-008749-003/2024(H5N1)	981	1766
PA|PP755594.1|A/cattle/Texas/24-008749-003/2024(H5N1)	982	1767
PA|PP755594.1|A/cattle/Texas/24-008749-003/2024(H5N1)	983	1766
PA|PP755594.1|A/cattle/Texas/24-008749-003/2024(H5N1)	984	1680
PA|PP755594.1|A/cattle/Texas/24-008749-003/2024(H5N1)	985	1719
PA|PP755594.1|A/cattle/Texas/24-008749-003/2024(H5N1)	986	1793
PA|PP755594.1|A/cattle/Texas/24-008749-003/2024(H5N1)	987	1816
PA|PP755594.1|A/cattle/Texas/24-008749-003/2024(H5N1)	988	1835
PA|PP755594.1|A/cattle/Texas/24-008749-003/2024(H5N1)	989	1837
PA|PP755594.1|A/cattle/Texas/24-008749-003/2024(H5N1)	990	1884
PA|PP755594.1|A/cattle/Texas/24-008749-003/2024(H5N1)	991	1896
PA|PP755594.1|A/cattle/Texas/24-008749-003/2024(H5N1)	992	1920
PA|PP755594.1|A/cattle/Texas/24-008749-003/2024(H5N1)	993	1955
PA|PP755594.1|A/cattle/Texas/24-008749-003/2024(H5N1)	994	1955
PA|PP755594.1|A/cattle/Texas/24-008749-003/2024(H5N1)	995	1919
PA|PP755594.1|A/cattle/Texas/24-008749-003/2024(H5N1)	996	1913
PA|PP755594.1|A/cattle/Texas/24-008749-003/2024(H5N1)	997	1969
PA|PP755594.1|A/cattle/Texas/24-008749-003/2024(H5N1)	998	1986
PA|PP755594.1|A/cattle/Texas/24-008749-003/2024(H5N1)	999	2003
PA|PP755594.1|A/cattle/Texas/24-008749-003/2024(H5N1)	1000	2003
PA|PP755594.1|A/cattle/Texas/24-008749-003/2024(H5N1)	1001	2017
PA|PP755594.1|A/cattle/Texas/24-008749-003/2024(H5N1)	1002	1970
PA|PP755594.1|A/cattle/Texas/24-008749-003/2024(H5N1)	1003	1982
PA|PP755594.1|A/cattle/Texas/24-008749-003/2024(H5N1)	1004	1983
PA|PP755594.1|A/cattle/Texas/24-008749-003/2024(H5N1)	1005	1997
PA|PP755594.1|A/cattle/Texas/24-008749-003/2024(H5N1)	1006	2005
PA|PP755594.1|A/cattle/Texas/24-008749-003/2024(H5N1)	1007	2122
PA|PP755594.1|A/cattle/Texas/24-008749-003/2024(H5N1)	1008	2131
PA|PP755594.1|A/cattle/Texas/24-008749-003/2024(H5N1)	1009	2148
PA|PP755594.1|A/cattle/Texas/24-008749-003/2024(H5N1)	1010	2118
PA|PP755594.1|A/cattle/Texas/24-008749-003/2024(H5N1)	1011	2102
PA|PP755594.1|A/cattle/Texas/24-008749-003/2024(H5N1)	1012	2102
PA|PP755594.1|A/cattle/Texas/24-008749-003/2024(H5N1)	1013	2105
PA|PP755594.1|A/cattle/Texas/24-008749-003/2024(H5N1)	1014	2128
PA|PP755594.1|A/cattle/Texas/24-008749-003/2024(H5N1)	1015	2174
PA|PP755594.1|A/cattle/Texas/24-008749-003/2024(H5N1)	1016	2174
PA|PP755594.1|A/cattle/Texas/24-008749-003/2024(H5N1)	1017	2166
PA|PP755594.1|A/cattle/Texas/24-008749-003/2024(H5N1)	1018	2129
PA|PP755594.1|A/cattle/Texas/24-008749-003/2024(H5N1)	1019	2127
PA|PP755594.1|A/cattle/Texas/24-008749-003/2024(H5N1)	1020	1467
PA|PP755594.1|A/cattle/Texas/24-008749-003/2024(H5N1)	1021	1501
PA|PP755594.1|A/cattle/Texas/24-008749-003/2024(H5N1)	1022	1501
PA|PP755594.1|A/cattle/Texas/24-008749-003/2024(H5N1)	1023	1501
PA|PP755594.1|A/cattle/Texas/24-008749-003/2024(H5N1)	1024	1504
PA|PP755594.1|A/cattle/Texas/24-008749-003/2024(H5N1)	1025	1518
PA|PP755594.1|A/cattle/Texas/24-008749-003/2024(H5N1)	1026	1517
PA|PP755594.1|A/cattle/Texas/24-008749-003/2024(H5N1)	1027	1519
PA|PP755594.1|A/cattle/Texas/24-008749-003/2024(H5N1)	1028	1526
PA|PP755594.1|A/cattle/Texas/24-008749-003/2024(H5N1)	1029	1524
PA|PP755594.1|A/cattle/Texas/24-008749-003/2024(H5N1)	1030	1622
PA|PP755594.1|A/cattle/Texas/24-008749-003/2024(H5N1)	1031	1630
PA|PP755594.1|A/cattle/Texas/24-008749-003/2024(H5N1)	1032	1630
PA|PP755594.1|A/cattle/Texas/24-008749-003/2024(H5N1)	1033	1630
PA|PP755594.1|A/cattle/Texas/24-008749-003/2024(H5N1)	1034	1630
PA|PP755594.1|A/cattle/Texas/24-008749-003/2024(H5N1)	1035	1627
PA|PP755594.1|A/cattle/Texas/24-008749-003/2024(H5N1)	1036	1627
PA|PP755594.1|A/cattle/Texas/24-008749-003/2024(H5N1)	1037	1627
PA|PP755594.1|A/cattle/Texas/24-008749-003/2024(H5N1)	1038	1627
PA|PP755594.1|A/cattle/Texas/24-008749-003/2024(H5N1)	1039	1638
PA|PP755594.1|A/cattle/Texas/24-008749-003/2024(H5N1)	1040	1694
PA|PP755594.1|A/cattle/Texas/24-008749-003/2024(H5N1)	1041	1694
PA|PP755594.1|A/cattle/Texas/24-008749-003/2024(H5N1)	1042	2261
PA|PP755594.1|A/cattle/Texas/24-008749-003/2024(H5N1)	1043	2298
PA|PP755594.1|A/cattle/Texas/24-008749-003/2024(H5N1)	1044	2298
PA|PP755594.1|A/cattle/Texas/24-008749-003/2024(H5N1)	1045	2299
PA|PP755594.1|A/cattle/Texas/24-008749-003/2024(H5N1)	1046	2299
PA|PP755594.1|A/cattle/Texas/24-008749-003/2024(H5N1)	1047	2304
PA|PP755594.1|A/cattle/Texas/24-008749-003/2024(H5N1)	1048	2333
PA|PP755594.1|A/cattle/Texas/24-008749-003/2024(H5N1)	1049	2333
PA|PP755594.1|A/cattle/Texas/24-008749-003/2024(H5N1)	1050	2333
PA|PP755594.1|A/cattle/Texas/24-008749-003/2024(H5N1)	1051	2350
PA|PP755594.1|A/cattle/Texas/24-008749-003/2024(H5N1)	1052	2350
PA|PP755594.1|A/cattle/Texas/24-008749-003/2024(H5N1)	1053	2347
PA|PP755594.1|A/cattle/Texas/24-008749-003/2024(H5N1)	1054	2400
PA|PP755594.1|A/cattle/Texas/24-008749-003/2024(H5N1)	1055	2438
PA|PP755594.1|A/cattle/Texas/24-008749-003/2024(H5N1)	1056	2445
PA|PP755594.1|A/cattle/Texas/24-008749-003/2024(H5N1)	1057	2470
PA|PP755594.1|A/cattle/Texas/24-008749-003/2024(H5N1)	1058	2469
PA|PP755594.1|A/cattle/Texas/24-008749-003/2024(H5N1)	1059	2471
PA|PP755594.1|A/cattle/Texas/24-008749-003/2024(H5N1)	1060	2497
PA|PP755594.1|A/cattle/Texas/24-008749-003/2024(H5N1)	1061	2493
PA|PP755594.1|A/cattle/Texas/24-008749-003/2024(H5N1)	1062	2500
PA|PP755594.1|A/cattle/Texas/24-008749-003/2024(H5N1)	1063	2505
PA|PP755594.1|A/cattle/Texas/24-008749-003/2024(H5N1)	1064	2504
PA|PP755594.1|A/cattle/Texas/24-008749-003/2024(H5N1)	1065	2510
PA|PP755594.1|A/cattle/Texas/24-008749-003/2024(H5N1)	1066	2509
PA|PP755594.1|A/cattle/Texas/24-008749-003/2024(H5N1)	1067	2582
PA|PP755594.1|A/cattle/Texas/24-008749-003/2024(H5N1)	1068	2579
PA|PP755594.1|A/cattle/Texas/24-008749-003/2024(H5N1)	1069	2579
PA|PP755594.1|A/cattle/Texas/24-008749-003/2024(H5N1)	1070	2574
PA|PP755594.1|A/cattle/Texas/24-008749-003/2024(H5N1)	1071	2528
PA|PP755594.1|A/cattle/Texas/24-008749-003/2024(H5N1)	1072	2539
PA|PP755594.1|A/cattle/Texas/24-008749-003/2024(H5N1)	1073	2539
PA|PP755594.1|A/cattle/Texas/24-008749-003/2024(H5N1)	1074	2539
PA|PP755594.1|A/cattle/Texas/24-008749-003/2024(H5N1)	1075	2547
PA|PP755594.1|A/cattle/Texas/24-008749-003/2024(H5N1)	1076	2567
PA|PP755594.1|A/cattle/Texas/24-008749-003/2024(H5N1)	1077	2573
PA|PP755594.1|A/cattle/Texas/24-008749-003/2024(H5N1)	1078	2582
PA|PP755594.1|A/cattle/Texas/24-008749-003/2024(H5N1)	1079	2585
PA|PP755594.1|A/cattle/Texas/24-008749-003/2024(H5N1)	1080	2608
PA|PP755594.1|A/cattle/Texas/24-008749-003/2024(H5N1)	1081	2616
PA|PP755594.1|A/cattle/Texas/24-008749-003/2024(H5N1)	1082	2615
PA|PP755594.1|A/cattle/Texas/24-008749-003/2024(H5N1)	1083	2621
PA|PP755594.1|A/cattle/Texas/24-008749-003/2024(H5N1)	1084	2626
PA|PP755594.1|A/cattle/Texas/24-008749-003/2024(H5N1)	1085	2671
PA|PP755594.1|A/cattle/Texas/24-008749-003/2024(H5N1)	1086	2675
PA|PP755594.1|A/cattle/Texas/24-008749-003/2024(H5N1)	1087	2669
PA|PP755594.1|A/cattle/Texas/24-008749-003/2024(H5N1)	1088	2685
PA|PP755594.1|A/cattle/Texas/24-008749-003/2024(H5N1)	1089	2683
PA|PP755594.1|A/cattle/Texas/24-008749-003/2024(H5N1)	1090	2696
PA|PP755594.1|A/cattle/Texas/24-008749-003/2024(H5N1)	1091	2697
PA|PP755594.1|A/cattle/Texas/24-008749-003/2024(H5N1)	1092	2740
PA|PP755594.1|A/cattle/Texas/24-008749-003/2024(H5N1)	1093	2789
PA|PP755594.1|A/cattle/Texas/24-008749-003/2024(H5N1)	1094	2753
PA|PP755594.1|A/cattle/Texas/24-008749-003/2024(H5N1)	1095	2798
PA|PP755594.1|A/cattle/Texas/24-008749-003/2024(H5N1)	1096	2807
PA|PP755594.1|A/cattle/Texas/24-008749-003/2024(H5N1)	1097	2800
PA|PP755594.1|A/cattle/Texas/24-008749-003/2024(H5N1)	1098	2770
PA|PP755594.1|A/cattle/Texas/24-008749-003/2024(H5N1)	1099	2778
PA|PP755594.1|A/cattle/Texas/24-008749-003/2024(H5N1)	1100	2790
PA|PP755594.1|A/cattle/Texas/24-008749-003/2024(H5N1)	1101	2786
PA|PP755594.1|A/cattle/Texas/24-008749-003/2024(H5N1)	1102	2709
PA|PP755594.1|A/cattle/Texas/24-008749-003/2024(H5N1)	1103	2703
PA|PP755594.1|A/cattle/Texas/24-008749-003/2024(H5N1)	1104	2668
PA|PP755594.1|A/cattle/Texas/24-008749-003/2024(H5N1)	1105	2673
PA|PP755594.1|A/cattle/Texas/24-008749-003/2024(H5N1)	1106	2639
PA|PP755594.1|A/cattle/Texas/24-008749-003/2024(H5N1)	1107	2635
PA|PP755594.1|A/cattle/Texas/24-008749-003/2024(H5N1)	1108	2607
PA|PP755594.1|A/cattle/Texas/24-008749-003/2024(H5N1)	1109	2548
PA|PP755594.1|A/cattle/Texas/24-008749-003/2024(H5N1)	1110	2539
PA|PP755594.1|A/cattle/Texas/24-008749-003/2024(H5N1)	1111	2522
PA|PP755594.1|A/cattle/Texas/24-008749-003/2024(H5N1)	1112	2524
PA|PP755594.1|A/cattle/Texas/24-008749-003/2024(H5N1)	1113	2461
PA|PP755594.1|A/cattle/Texas/24-008749-003/2024(H5N1)	1114	2461
PA|PP755594.1|A/cattle/Texas/24-008749-003/2024(H5N1)	1115	2458
PA|PP755594.1|A/cattle/Texas/24-008749-003/2024(H5N1)	1116	2371
PA|PP755594.1|A/cattle/Texas/24-008749-003/2024(H5N1)	1117	2359
PA|PP755594.1|A/cattle/Texas/24-008749-003/2024(H5N1)	1118	2350
PA|PP755594.1|A/cattle/Texas/24-008749-003/2024(H5N1)	1119	2350
PA|PP755594.1|A/cattle/Texas/24-008749-003/2024(H5N1)	1120	2420
PA|PP755594.1|A/cattle/Texas/24-008749-003/2024(H5N1)	1121	2407
PA|PP755594.1|A/cattle/Texas/24-008749-003/2024(H5N1)	1122	2392
PA|PP755594.1|A/cattle/Texas/24-008749-003/2024(H5N1)	1123	2390
PA|PP755594.1|A/cattle/Texas/24-008749-003/2024(H5N1)	1124	2368
PA|PP755594.1|A/cattle/Texas/24-008749-003/2024(H5N1)	1125	2352
PA|PP755594.1|A/cattle/Texas/24-008749-003/2024(H5N1)	1126	2394
PA|PP755594.1|A/cattle/Texas/24-008749-003/2024(H5N1)	1127	2388
PA|PP755594.1|A/cattle/Texas/24-008749-003/2024(H5N1)	1128	2390
PA|PP755594.1|A/cattle/Texas/24-008749-003/2024(H5N1)	1129	2381
PA|PP755594.1|A/cattle/Texas/24-008749-003/2024(H5N1)	1130	2382
PA|PP755594.1|A/cattle/Texas/24-008749-003/2024(H5N1)	1131	2382
PA|PP755594.1|A/cattle/Texas/24-008749-003/2024(H5N1)	1132	2384
PA|PP755594.1|A/cattle/Texas/24-008749-003/2024(H5N1)	1133	2383
PA|PP755594.1|A/cattle/Texas/24-008749-003/2024(H5N1)	1134	2380
PA|PP755594.1|A/cattle/Texas/24-008749-003/2024(H5N1)	1135	2370
PA|PP755594.1|A/cattle/Texas/24-008749-003/2024(H5N1)	1136	2354
PA|PP755594.1|A/cattle/Texas/24-008749-003/2024(H5N1)	1137	2256
PA|PP755594.1|A/cattle/Texas/24-008749-003/2024(H5N1)	1138	2276
PA|PP755594.1|A/cattle/Texas/24-008749-003/2024(H5N1)	1139	2322
PA|PP755594.1|A/cattle/Texas/24-008749-003/2024(H5N1)	1140	2326
PA|PP755594.1|A/cattle/Texas/24-008749-003/2024(H5N1)	1141	2275
PA|PP755594.1|A/cattle/Texas/24-008749-003/2024(H5N1)	1142	2265
PA|PP755594.1|A/cattle/Texas/24-008749-003/2024(H5N1)	1143	2238
PA|PP755594.1|A/cattle/Texas/24-008749-003/2024(H5N1)	1144	2206
PA|PP755594.1|A/cattle/Texas/24-008749-003/2024(H5N1)	1145	2204
PA|PP755594.1|A/cattle/Texas/24-008749-003/2024(H5N1)	1146	2203
PA|PP755594.1|A/cattle/Texas/24-008749-003/2024(H5N1)	1147	2196
PA|PP755594.1|A/cattle/Texas/24-008749-003/2024(H5N1)	1148	2136
PA|PP755594.1|A/cattle/Texas/24-008749-003/2024(H5N1)	1149	2107
PA|PP755594.1|A/cattle/Texas/24-008749-003/2024(H5N1)	1150	2090
PA|PP755594.1|A/cattle/Texas/24-008749-003/2024(H5N1)	1151	2090
PA|PP755594.1|A/cattle/Texas/24-008749-003/2024(H5N1)	1152	2084
PA|PP755594.1|A/cattle/Texas/24-008749-003/2024(H5N1)	1153	2082
PA|PP755594.1|A/cattle/Texas/24-008749-003/2024(H5N1)	1154	2069
PA|PP755594.1|A/cattle/Texas/24-008749-003/2024(H5N1)	1155	2066
PA|PP755594.1|A/cattle/Texas/24-008749-003/2024(H5N1)	1156	2052
PA|PP755594.1|A/cattle/Texas/24-008749-003/2024(H5N1)	1157	2044
PA|PP755594.1|A/cattle/Texas/24-008749-003/2024(H5N1)	1158	1900
PA|PP755594.1|A/cattle/Texas/24-008749-003/2024(H5N1)	1159	1894
PA|PP755594.1|A/cattle/Texas/24-008749-003/2024(H5N1)	1160	1842
PA|PP755594.1|A/cattle/Texas/24-008749-003/2024(H5N1)	1161	1830
PA|PP755594.1|A/cattle/Texas/24-008749-003/2024(H5N1)	1162	1830
PA|PP755594.1|A/cattle/Texas/24-008749-003/2024(H5N1)	1163	1830
PA|PP755594.1|A/cattle/Texas/24-008749-003/2024(H5N1)	1164	1803
PA|PP755594.1|A/cattle/Texas/24-008749-003/2024(H5N1)	1165	1785
PA|PP755594.1|A/cattle/Texas/24-008749-003/2024(H5N1)	1166	1753
PA|PP755594.1|A/cattle/Texas/24-008749-003/2024(H5N1)	1167	1750
PA|PP755594.1|A/cattle/Texas/24-008749-003/2024(H5N1)	1168	1378
PA|PP755594.1|A/cattle/Texas/24-008749-003/2024(H5N1)	1169	1376
PA|PP755594.1|A/cattle/Texas/24-008749-003/2024(H5N1)	1170	1359
PA|PP755594.1|A/cattle/Texas/24-008749-003/2024(H5N1)	1171	1359
PA|PP755594.1|A/cattle/Texas/24-008749-003/2024(H5N1)	1172	1359
PA|PP755594.1|A/cattle/Texas/24-008749-003/2024(H5N1)	1173	1359
PA|PP755594.1|A/cattle/Texas/24-008749-003/2024(H5N1)	1174	1359
PA|PP755594.1|A/cattle/Texas/24-008749-003/2024(H5N1)	1175	1359
PA|PP755594.1|A/cattle/Texas/24-008749-003/2024(H5N1)	1176	1360
PA|PP755594.1|A/cattle/Texas/24-008749-003/2024(H5N1)	1177	1360
PA|PP755594.1|A/cattle/Texas/24-008749-003/2024(H5N1)	1178	1360
PA|PP755594.1|A/cattle/Texas/24-008749-003/2024(H5N1)	1179	1352
PA|PP755594.1|A/cattle/Texas/24-008749-003/2024(H5N1)	1180	1352
PA|PP755594.1|A/cattle/Texas/24-008749-003/2024(H5N1)	1181	1352
PA|PP755594.1|A/cattle/Texas/24-008749-003/2024(H5N1)	1182	1352
PA|PP755594.1|A/cattle/Texas/24-008749-003/2024(H5N1)	1183	1351
PA|PP755594.1|A/cattle/Texas/24-008749-003/2024(H5N1)	1184	1267
PA|PP755594.1|A/cattle/Texas/24-008749-003/2024(H5N1)	1185	1066
PA|PP755594.1|A/cattle/Texas/24-008749-003/2024(H5N1)	1186	1056
PA|PP755594.1|A/cattle/Texas/24-008749-003/2024(H5N1)	1187	1055
PA|PP755594.1|A/cattle/Texas/24-008749-003/2024(H5N1)	1188	1032
PA|PP755594.1|A/cattle/Texas/24-008749-003/2024(H5N1)	1189	1032
PA|PP755594.1|A/cattle/Texas/24-008749-003/2024(H5N1)	1190	976
PA|PP755594.1|A/cattle/Texas/24-008749-003/2024(H5N1)	1191	779
PA|PP755594.1|A/cattle/Texas/24-008749-003/2024(H5N1)	1192	789
PA|PP755594.1|A/cattle/Texas/24-008749-003/2024(H5N1)	1193	782
PA|PP755594.1|A/cattle/Texas/24-008749-003/2024(H5N1)	1194	751
PA|PP755594.1|A/cattle/Texas/24-008749-003/2024(H5N1)	1195	754
PA|PP755594.1|A/cattle/Texas/24-008749-003/2024(H5N1)	1196	754
PA|PP755594.1|A/cattle/Texas/24-008749-003/2024(H5N1)	1197	754
PA|PP755594.1|A/cattle/Texas/24-008749-003/2024(H5N1)	1198	756
PA|PP755594.1|A/cattle/Texas/24-008749-003/2024(H5N1)	1199	756
PA|PP755594.1|A/cattle/Texas/24-008749-003/2024(H5N1)	1200	756
PA|PP755594.1|A/cattle/Texas/24-008749-003/2024(H5N1)	1201	1288
PA|PP755594.1|A/cattle/Texas/24-008749-003/2024(H5N1)	1202	1299
PA|PP755594.1|A/cattle/Texas/24-008749-003/2024(H5N1)	1203	1300
PA|PP755594.1|A/cattle/Texas/24-008749-003/2024(H5N1)	1204	1299
PA|PP755594.1|A/cattle/Texas/24-008749-003/2024(H5N1)	1205	1298
PA|PP755594.1|A/cattle/Texas/24-008749-003/2024(H5N1)	1206	1303
PA|PP755594.1|A/cattle/Texas/24-008749-003/2024(H5N1)	1207	1304
PA|PP755594.1|A/cattle/Texas/24-008749-003/2024(H5N1)	1208	1309
PA|PP755594.1|A/cattle/Texas/24-008749-003/2024(H5N1)	1209	1315
PA|PP755594.1|A/cattle/Texas/24-008749-003/2024(H5N1)	1210	1315
PA|PP755594.1|A/cattle/Texas/24-008749-003/2024(H5N1)	1211	1316
PA|PP755594.1|A/cattle/Texas/24-008749-003/2024(H5N1)	1212	1315
PA|PP755594.1|A/cattle/Texas/24-008749-003/2024(H5N1)	1213	1309
PA|PP755594.1|A/cattle/Texas/24-008749-003/2024(H5N1)	1214	1306
PA|PP755594.1|A/cattle/Texas/24-008749-003/2024(H5N1)	1215	1305
PA|PP755594.1|A/cattle/Texas/24-008749-003/2024(H5N1)	1216	1305
PA|PP755594.1|A/cattle/Texas/24-008749-003/2024(H5N1)	1217	1304
PA|PP755594.1|A/cattle/Texas/24-008749-003/2024(H5N1)	1218	1218
PA|PP755594.1|A/cattle/Texas/24-008749-003/2024(H5N1)	1219	1218
PA|PP755594.1|A/cattle/Texas/24-008749-003/2024(H5N1)	1220	1222
PA|PP755594.1|A/cattle/Texas/24-008749-003/2024(H5N1)	1221	1221
PA|PP755594.1|A/cattle/Texas/24-008749-003/2024(H5N1)	1222	1229
PA|PP755594.1|A/cattle/Texas/24-008749-003/2024(H5N1)	1223	1216
PA|PP755594.1|A/cattle/Texas/24-008749-003/2024(H5N1)	1224	1209
PA|PP755594.1|A/cattle/Texas/24-008749-003/2024(H5N1)	1225	1209
PA|PP755594.1|A/cattle/Texas/24-008749-003/2024(H5N1)	1226	1208
PA|PP755594.1|A/cattle/Texas/24-008749-003/2024(H5N1)	1227	1190
PA|PP755594.1|A/cattle/Texas/24-008749-003/2024(H5N1)	1228	1184
PA|PP755594.1|A/cattle/Texas/24-008749-003/2024(H5N1)	1229	1176
PA|PP755594.1|A/cattle/Texas/24-008749-003/2024(H5N1)	1230	1174
PA|PP755594.1|A/cattle/Texas/24-008749-003/2024(H5N1)	1231	1159
PA|PP755594.1|A/cattle/Texas/24-008749-003/2024(H5N1)	1232	1156
PA|PP755594.1|A/cattle/Texas/24-008749-003/2024(H5N1)	1233	1151
PA|PP755594.1|A/cattle/Texas/24-008749-003/2024(H5N1)	1234	1146
PA|PP755594.1|A/cattle/Texas/24-008749-003/2024(H5N1)	1235	1146
PA|PP755594.1|A/cattle/Texas/24-008749-003/2024(H5N1)	1236	1105
PA|PP755594.1|A/cattle/Texas/24-008749-003/2024(H5N1)	1237	1097
PA|PP755594.1|A/cattle/Texas/24-008749-003/2024(H5N1)	1238	1099
PA|PP755594.1|A/cattle/Texas/24-008749-003/2024(H5N1)	1239	541
PA|PP755594.1|A/cattle/Texas/24-008749-003/2024(H5N1)	1240	539
PA|PP755594.1|A/cattle/Texas/24-008749-003/2024(H5N1)	1241	531
PA|PP755594.1|A/cattle/Texas/24-008749-003/2024(H5N1)	1242	486
PA|PP755594.1|A/cattle/Texas/24-008749-003/2024(H5N1)	1243	487
PA|PP755594.1|A/cattle/Texas/24-008749-003/2024(H5N1)	1244	486
PA|PP755594.1|A/cattle/Texas/24-008749-003/2024(H5N1)	1245	478
PA|PP755594.1|A/cattle/Texas/24-008749-003/2024(H5N1)	1246	478
PA|PP755594.1|A/cattle/Texas/24-008749-003/2024(H5N1)	1247	477
PA|PP755594.1|A/cattle/Texas/24-008749-003/2024(H5N1)	1248	477
PA|PP755594.1|A/cattle/Texas/24-008749-003/2024(H5N1)	1249	476
PA|PP755594.1|A/cattle/Texas/24-008749-003/2024(H5N1)	1250	519
PA|PP755594.1|A/cattle/Texas/24-008749-003/2024(H5N1)	1251	520
PA|PP755594.1|A/cattle/Texas/24-008749-003/2024(H5N1)	1252	520
PA|PP755594.1|A/cattle/Texas/24-008749-003/2024(H5N1)	1253	520
PA|PP755594.1|A/cattle/Texas/24-008749-003/2024(H5N1)	1254	517
PA|PP755594.1|A/cattle/Texas/24-008749-003/2024(H5N1)	1255	532
PA|PP755594.1|A/cattle/Texas/24-008749-003/2024(H5N1)	1256	533
PA|PP755594.1|A/cattle/Texas/24-008749-003/2024(H5N1)	1257	533
PA|PP755594.1|A/cattle/Texas/24-008749-003/2024(H5N1)	1258	542
PA|PP755594.1|A/cattle/Texas/24-008749-003/2024(H5N1)	1259	543
PA|PP755594.1|A/cattle/Texas/24-008749-003/2024(H5N1)	1260	616
PA|PP755594.1|A/cattle/Texas/24-008749-003/2024(H5N1)	1261	619
PA|PP755594.1|A/cattle/Texas/24-008749-003/2024(H5N1)	1262	657
PA|PP755594.1|A/cattle/Texas/24-008749-003/2024(H5N1)	1263	654
PA|PP755594.1|A/cattle/Texas/24-008749-003/2024(H5N1)	1264	660
PA|PP755594.1|A/cattle/Texas/24-008749-003/2024(H5N1)	1265	698
PA|PP755594.1|A/cattle/Texas/24-008749-003/2024(H5N1)	1266	698
PA|PP755594.1|A/cattle/Texas/24-008749-003/2024(H5N1)	1267	697
PA|PP755594.1|A/cattle/Texas/24-008749-003/2024(H5N1)	1268	697
PA|PP755594.1|A/cattle/Texas/24-008749-003/2024(H5N1)	1269	695
PA|PP755594.1|A/cattle/Texas/24-008749-003/2024(H5N1)	1270	708
PA|PP755594.1|A/cattle/Texas/24-008749-003/2024(H5N1)	1271	709
PA|PP755594.1|A/cattle/Texas/24-008749-003/2024(H5N1)	1272	709
PA|PP755594.1|A/cattle/Texas/24-008749-003/2024(H5N1)	1273	729
PA|PP755594.1|A/cattle/Texas/24-008749-003/2024(H5N1)	1274	728
PA|PP755594.1|A/cattle/Texas/24-008749-003/2024(H5N1)	1275	743
PA|PP755594.1|A/cattle/Texas/24-008749-003/2024(H5N1)	1276	1213
PA|PP755594.1|A/cattle/Texas/24-008749-003/2024(H5N1)	1277	1219
PA|PP755594.1|A/cattle/Texas/24-008749-003/2024(H5N1)	1278	1218
PA|PP755594.1|A/cattle/Texas/24-008749-003/2024(H5N1)	1279	1222
PA|PP755594.1|A/cattle/Texas/24-008749-003/2024(H5N1)	1280	1301
PA|PP755594.1|A/cattle/Texas/24-008749-003/2024(H5N1)	1281	1301
PA|PP755594.1|A/cattle/Texas/24-008749-003/2024(H5N1)	1282	1303
PA|PP755594.1|A/cattle/Texas/24-008749-003/2024(H5N1)	1283	1304
PA|PP755594.1|A/cattle/Texas/24-008749-003/2024(H5N1)	1284	1304
PA|PP755594.1|A/cattle/Texas/24-008749-003/2024(H5N1)	1285	1340
PA|PP755594.1|A/cattle/Texas/24-008749-003/2024(H5N1)	1286	1350
PA|PP755594.1|A/cattle/Texas/24-008749-003/2024(H5N1)	1287	1352
PA|PP755594.1|A/cattle/Texas/24-008749-003/2024(H5N1)	1288	1352
PA|PP755594.1|A/cattle/Texas/24-008749-003/2024(H5N1)	1289	1351
PA|PP755594.1|A/cattle/Texas/24-008749-003/2024(H5N1)	1290	1350
PA|PP755594.1|A/cattle/Texas/24-008749-003/2024(H5N1)	1291	1362
PA|PP755594.1|A/cattle/Texas/24-008749-003/2024(H5N1)	1292	1362
PA|PP755594.1|A/cattle/Texas/24-008749-003/2024(H5N1)	1293	1362
PA|PP755594.1|A/cattle/Texas/24-008749-003/2024(H5N1)	1294	1362
PA|PP755594.1|A/cattle/Texas/24-008749-003/2024(H5N1)	1295	1365
PA|PP755594.1|A/cattle/Texas/24-008749-003/2024(H5N1)	1296	1365
PA|PP755594.1|A/cattle/Texas/24-008749-003/2024(H5N1)	1297	1365
PA|PP755594.1|A/cattle/Texas/24-008749-003/2024(H5N1)	1298	1365
PA|PP755594.1|A/cattle/Texas/24-008749-003/2024(H5N1)	1299	1364
PA|PP755594.1|A/cattle/Texas/24-008749-003/2024(H5N1)	1300	1364
PA|PP755594.1|A/cattle/Texas/24-008749-003/2024(H5N1)	1301	1364
PA|PP755594.1|A/cattle/Texas/24-008749-003/2024(H5N1)	1302	1363
PA|PP755594.1|A/cattle/Texas/24-008749-003/2024(H5N1)	1303	1364
PA|PP755594.1|A/cattle/Texas/24-008749-003/2024(H5N1)	1304	1364
PA|PP755594.1|A/cattle/Texas/24-008749-003/2024(H5N1)	1305	1339
PA|PP755594.1|A/cattle/Texas/24-008749-003/2024(H5N1)	1306	1339
PA|PP755594.1|A/cattle/Texas/24-008749-003/2024(H5N1)	1307	1338
PA|PP755594.1|A/cattle/Texas/24-008749-003/2024(H5N1)	1308	1338
PA|PP755594.1|A/cattle/Texas/24-008749-003/2024(H5N1)	1309	1337
PA|PP755594.1|A/cattle/Texas/24-008749-003/2024(H5N1)	1310	1337
PA|PP755594.1|A/cattle/Texas/24-008749-003/2024(H5N1)	1311	1337
PA|PP755594.1|A/cattle/Texas/24-008749-003/2024(H5N1)	1312	1304
PA|PP755594.1|A/cattle/Texas/24-008749-003/2024(H5N1)	1313	1304
PA|PP755594.1|A/cattle/Texas/24-008749-003/2024(H5N1)	1314	1301
PA|PP755594.1|A/cattle/Texas/24-008749-003/2024(H5N1)	1315	1301
PA|PP755594.1|A/cattle/Texas/24-008749-003/2024(H5N1)	1316	1285
PA|PP755594.1|A/cattle/Texas/24-008749-003/2024(H5N1)	1317	751
PA|PP755594.1|A/cattle/Texas/24-008749-003/2024(H5N1)	1318	750
PA|PP755594.1|A/cattle/Texas/24-008749-003/2024(H5N1)	1319	750
PA|PP755594.1|A/cattle/Texas/24-008749-003/2024(H5N1)	1320	750
PA|PP755594.1|A/cattle/Texas/24-008749-003/2024(H5N1)	1321	750
PA|PP755594.1|A/cattle/Texas/24-008749-003/2024(H5N1)	1322	753
PA|PP755594.1|A/cattle/Texas/24-008749-003/2024(H5N1)	1323	753
PA|PP755594.1|A/cattle/Texas/24-008749-003/2024(H5N1)	1324	753
PA|PP755594.1|A/cattle/Texas/24-008749-003/2024(H5N1)	1325	753
PA|PP755594.1|A/cattle/Texas/24-008749-003/2024(H5N1)	1326	753
PA|PP755594.1|A/cattle/Texas/24-008749-003/2024(H5N1)	1327	751
PA|PP755594.1|A/cattle/Texas/24-008749-003/2024(H5N1)	1328	751
PA|PP755594.1|A/cattle/Texas/24-008749-003/2024(H5N1)	1329	751
PA|PP755594.1|A/cattle/Texas/24-008749-003/2024(H5N1)	1330	751
PA|PP755594.1|A/cattle/Texas/24-008749-003/2024(H5N1)	1331	751
PA|PP755594.1|A/cattle/Texas/24-008749-003/2024(H5N1)	1332	749
PA|PP755594.1|A/cattle/Texas/24-008749-003/2024(H5N1)	1333	749
PA|PP755594.1|A/cattle/Texas/24-008749-003/2024(H5N1)	1334	751
PA|PP755594.1|A/cattle/Texas/24-008749-003/2024(H5N1)	1335	751
PA|PP755594.1|A/cattle/Texas/24-008749-003/2024(H5N1)	1336	752
PA|PP755594.1|A/cattle/Texas/24-008749-003/2024(H5N1)	1337	752
PA|PP755594.1|A/cattle/Texas/24-008749-003/2024(H5N1)	1338	752
PA|PP755594.1|A/cattle/Texas/24-008749-003/2024(H5N1)	1339	752
PA|PP755594.1|A/cattle/Texas/24-008749-003/2024(H5N1)	1340	752
PA|PP755594.1|A/cattle/Texas/24-008749-003/2024(H5N1)	1341	752
PA|PP755594.1|A/cattle/Texas/24-008749-003/2024(H5N1)	1342	752
PA|PP755594.1|A/cattle/Texas/24-008749-003/2024(H5N1)	1343	752
PA|PP755594.1|A/cattle/Texas/24-008749-003/2024(H5N1)	1344	746
PA|PP755594.1|A/cattle/Texas/24-008749-003/2024(H5N1)	1345	746
PA|PP755594.1|A/cattle/Texas/24-008749-003/2024(H5N1)	1346	743
PA|PP755594.1|A/cattle/Texas/24-008749-003/2024(H5N1)	1347	743
PA|PP755594.1|A/cattle/Texas/24-008749-003/2024(H5N1)	1348	745
PA|PP755594.1|A/cattle/Texas/24-008749-003/2024(H5N1)	1349	746
PA|PP755594.1|A/cattle/Texas/24-008749-003/2024(H5N1)	1350	746
PA|PP755594.1|A/cattle/Texas/24-008749-003/2024(H5N1)	1351	779
PA|PP755594.1|A/cattle/Texas/24-008749-003/2024(H5N1)	1352	780
PA|PP755594.1|A/cattle/Texas/24-008749-003/2024(H5N1)	1353	780
PA|PP755594.1|A/cattle/Texas/24-008749-003/2024(H5N1)	1354	800
PA|PP755594.1|A/cattle/Texas/24-008749-003/2024(H5N1)	1355	800
PA|PP755594.1|A/cattle/Texas/24-008749-003/2024(H5N1)	1356	891
PA|PP755594.1|A/cattle/Texas/24-008749-003/2024(H5N1)	1357	894
PA|PP755594.1|A/cattle/Texas/24-008749-003/2024(H5N1)	1358	900
PA|PP755594.1|A/cattle/Texas/24-008749-003/2024(H5N1)	1359	909
PA|PP755594.1|A/cattle/Texas/24-008749-003/2024(H5N1)	1360	908
PA|PP755594.1|A/cattle/Texas/24-008749-003/2024(H5N1)	1361	999
PA|PP755594.1|A/cattle/Texas/24-008749-003/2024(H5N1)	1362	999
PA|PP755594.1|A/cattle/Texas/24-008749-003/2024(H5N1)	1363	999
PA|PP755594.1|A/cattle/Texas/24-008749-003/2024(H5N1)	1364	1001
PA|PP755594.1|A/cattle/Texas/24-008749-003/2024(H5N1)	1365	998
PA|PP755594.1|A/cattle/Texas/24-008749-003/2024(H5N1)	1366	1047
PA|PP755594.1|A/cattle/Texas/24-008749-003/2024(H5N1)	1367	1044
PA|PP755594.1|A/cattle/Texas/24-008749-003/2024(H5N1)	1368	1044
PA|PP755594.1|A/cattle/Texas/24-008749-003/2024(H5N1)	1369	1076
PA|PP755594.1|A/cattle/Texas/24-008749-003/2024(H5N1)	1370	1083
PA|PP755594.1|A/cattle/Texas/24-008749-003/2024(H5N1)	1371	1138
PA|PP755594.1|A/cattle/Texas/24-008749-003/2024(H5N1)	1372	2171
PA|PP755594.1|A/cattle/Texas/24-008749-003/2024(H5N1)	1373	2212
PA|PP755594.1|A/cattle/Texas/24-008749-003/2024(H5N1)	1374	2221
PA|PP755594.1|A/cattle/Texas/24-008749-003/2024(H5N1)	1375	2226
PA|PP755594.1|A/cattle/Texas/24-008749-003/2024(H5N1)	1376	2246
PA|PP755594.1|A/cattle/Texas/24-008749-003/2024(H5N1)	1377	2269
PA|PP755594.1|A/cattle/Texas/24-008749-003/2024(H5N1)	1378	2283
PA|PP755594.1|A/cattle/Texas/24-008749-003/2024(H5N1)	1379	2286
PA|PP755594.1|A/cattle/Texas/24-008749-003/2024(H5N1)	1380	2287
PA|PP755594.1|A/cattle/Texas/24-008749-003/2024(H5N1)	1381	2310
PA|PP755594.1|A/cattle/Texas/24-008749-003/2024(H5N1)	1382	2314
PA|PP755594.1|A/cattle/Texas/24-008749-003/2024(H5N1)	1383	2322
PA|PP755594.1|A/cattle/Texas/24-008749-003/2024(H5N1)	1384	2372
PA|PP755594.1|A/cattle/Texas/24-008749-003/2024(H5N1)	1385	2434
PA|PP755594.1|A/cattle/Texas/24-008749-003/2024(H5N1)	1386	2434
PA|PP755594.1|A/cattle/Texas/24-008749-003/2024(H5N1)	1387	2434
PA|PP755594.1|A/cattle/Texas/24-008749-003/2024(H5N1)	1388	2433
PA|PP755594.1|A/cattle/Texas/24-008749-003/2024(H5N1)	1389	2431
PA|PP755594.1|A/cattle/Texas/24-008749-003/2024(H5N1)	1390	2432
PA|PP755594.1|A/cattle/Texas/24-008749-003/2024(H5N1)	1391	2417
PA|PP755594.1|A/cattle/Texas/24-008749-003/2024(H5N1)	1392	2405
PA|PP755594.1|A/cattle/Texas/24-008749-003/2024(H5N1)	1393	2353
PA|PP755594.1|A/cattle/Texas/24-008749-003/2024(H5N1)	1394	2296
PA|PP755594.1|A/cattle/Texas/24-008749-003/2024(H5N1)	1395	2283
PA|PP755594.1|A/cattle/Texas/24-008749-003/2024(H5N1)	1396	2228
PA|PP755594.1|A/cattle/Texas/24-008749-003/2024(H5N1)	1397	2213
PA|PP755594.1|A/cattle/Texas/24-008749-003/2024(H5N1)	1398	2206
PA|PP755594.1|A/cattle/Texas/24-008749-003/2024(H5N1)	1399	2177
PA|PP755594.1|A/cattle/Texas/24-008749-003/2024(H5N1)	1400	2174
PA|PP755594.1|A/cattle/Texas/24-008749-003/2024(H5N1)	1401	2108
PA|PP755594.1|A/cattle/Texas/24-008749-003/2024(H5N1)	1402	2097
PA|PP755594.1|A/cattle/Texas/24-008749-003/2024(H5N1)	1403	2094
PA|PP755594.1|A/cattle/Texas/24-008749-003/2024(H5N1)	1404	584
PA|PP755594.1|A/cattle/Texas/24-008749-003/2024(H5N1)	1405	582
PA|PP755594.1|A/cattle/Texas/24-008749-003/2024(H5N1)	1406	580
PA|PP755594.1|A/cattle/Texas/24-008749-003/2024(H5N1)	1407	581
PA|PP755594.1|A/cattle/Texas/24-008749-003/2024(H5N1)	1408	581
PA|PP755594.1|A/cattle/Texas/24-008749-003/2024(H5N1)	1409	581
PA|PP755594.1|A/cattle/Texas/24-008749-003/2024(H5N1)	1410	581
PA|PP755594.1|A/cattle/Texas/24-008749-003/2024(H5N1)	1411	595
PA|PP755594.1|A/cattle/Texas/24-008749-003/2024(H5N1)	1412	596
PA|PP755594.1|A/cattle/Texas/24-008749-003/2024(H5N1)	1413	596
PA|PP755594.1|A/cattle/Texas/24-008749-003/2024(H5N1)	1414	596
PA|PP755594.1|A/cattle/Texas/24-008749-003/2024(H5N1)	1415	596
PA|PP755594.1|A/cattle/Texas/24-008749-003/2024(H5N1)	1416	597
PA|PP755594.1|A/cattle/Texas/24-008749-003/2024(H5N1)	1417	598
PA|PP755594.1|A/cattle/Texas/24-008749-003/2024(H5N1)	1418	598
PA|PP755594.1|A/cattle/Texas/24-008749-003/2024(H5N1)	1419	598
PA|PP755594.1|A/cattle/Texas/24-008749-003/2024(H5N1)	1420	598
PA|PP755594.1|A/cattle/Texas/24-008749-003/2024(H5N1)	1421	598
PA|PP755594.1|A/cattle/Texas/24-008749-003/2024(H5N1)	1422	598
PA|PP755594.1|A/cattle/Texas/24-008749-003/2024(H5N1)	1423	598
PA|PP755594.1|A/cattle/Texas/24-008749-003/2024(H5N1)	1424	599
PA|PP755594.1|A/cattle/Texas/24-008749-003/2024(H5N1)	1425	599
PA|PP755594.1|A/cattle/Texas/24-008749-003/2024(H5N1)	1426	601
PA|PP755594.1|A/cattle/Texas/24-008749-003/2024(H5N1)	1427	602
PA|PP755594.1|A/cattle/Texas/24-008749-003/2024(H5N1)	1428	602
PA|PP755594.1|A/cattle/Texas/24-008749-003/2024(H5N1)	1429	602
PA|PP755594.1|A/cattle/Texas/24-008749-003/2024(H5N1)	1430	602
PA|PP755594.1|A/cattle/Texas/24-008749-003/2024(H5N1)	1431	602
PA|PP755594.1|A/cattle/Texas/24-008749-003/2024(H5N1)	1432	602
PA|PP755594.1|A/cattle/Texas/24-008749-003/2024(H5N1)	1433	602
PA|PP755594.1|A/cattle/Texas/24-008749-003/2024(H5N1)	1434	602
PA|PP755594.1|A/cattle/Texas/24-008749-003/2024(H5N1)	1435	598
PA|PP755594.1|A/cattle/Texas/24-008749-003/2024(H5N1)	1436	595
PA|PP755594.1|A/cattle/Texas/24-008749-003/2024(H5N1)	1437	589
PA|PP755594.1|A/cattle/Texas/24-008749-003/2024(H5N1)	1438	589
PA|PP755594.1|A/cattle/Texas/24-008749-003/2024(H5N1)	1439	589
PA|PP755594.1|A/cattle/Texas/24-008749-003/2024(H5N1)	1440	589
PA|PP755594.1|A/cattle/Texas/24-008749-003/2024(H5N1)	1441	589
PA|PP755594.1|A/cattle/Texas/24-008749-003/2024(H5N1)	1442	589
PA|PP755594.1|A/cattle/Texas/24-008749-003/2024(H5N1)	1443	589
PA|PP755594.1|A/cattle/Texas/24-008749-003/2024(H5N1)	1444	589
PA|PP755594.1|A/cattle/Texas/24-008749-003/2024(H5N1)	1445	594
PA|PP755594.1|A/cattle/Texas/24-008749-003/2024(H5N1)	1446	594
PA|PP755594.1|A/cattle/Texas/24-008749-003/2024(H5N1)	1447	594
PA|PP755594.1|A/cattle/Texas/24-008749-003/2024(H5N1)	1448	595
PA|PP755594.1|A/cattle/Texas/24-008749-003/2024(H5N1)	1449	595
PA|PP755594.1|A/cattle/Texas/24-008749-003/2024(H5N1)	1450	1040
PA|PP755594.1|A/cattle/Texas/24-008749-003/2024(H5N1)	1451	1040
PA|PP755594.1|A/cattle/Texas/24-008749-003/2024(H5N1)	1452	1043
PA|PP755594.1|A/cattle/Texas/24-008749-003/2024(H5N1)	1453	1045
PA|PP755594.1|A/cattle/Texas/24-008749-003/2024(H5N1)	1454	1045
PA|PP755594.1|A/cattle/Texas/24-008749-003/2024(H5N1)	1455	1045
PA|PP755594.1|A/cattle/Texas/24-008749-003/2024(H5N1)	1456	1044
PA|PP755594.1|A/cattle/Texas/24-008749-003/2024(H5N1)	1457	1044
PA|PP755594.1|A/cattle/Texas/24-008749-003/2024(H5N1)	1458	1044
PA|PP755594.1|A/cattle/Texas/24-008749-003/2024(H5N1)	1459	1044
PA|PP755594.1|A/cattle/Texas/24-008749-003/2024(H5N1)	1460	1044
PA|PP755594.1|A/cattle/Texas/24-008749-003/2024(H5N1)	1461	1023
PA|PP755594.1|A/cattle/Texas/24-008749-003/2024(H5N1)	1462	1023
PA|PP755594.1|A/cattle/Texas/24-008749-003/2024(H5N1)	1463	1023
PA|PP755594.1|A/cattle/Texas/24-008749-003/2024(H5N1)	1464	1023
PA|PP755594.1|A/cattle/Texas/24-008749-003/2024(H5N1)	1465	1079
PA|PP755594.1|A/cattle/Texas/24-008749-003/2024(H5N1)	1466	1079
PA|PP755594.1|A/cattle/Texas/24-008749-003/2024(H5N1)	1467	1079
PA|PP755594.1|A/cattle/Texas/24-008749-003/2024(H5N1)	1468	1081
PA|PP755594.1|A/cattle/Texas/24-008749-003/2024(H5N1)	1469	1081
PA|PP755594.1|A/cattle/Texas/24-008749-003/2024(H5N1)	1470	1081
PA|PP755594.1|A/cattle/Texas/24-008749-003/2024(H5N1)	1471	1081
PA|PP755594.1|A/cattle/Texas/24-008749-003/2024(H5N1)	1472	1081
PA|PP755594.1|A/cattle/Texas/24-008749-003/2024(H5N1)	1473	1081
PA|PP755594.1|A/cattle/Texas/24-008749-003/2024(H5N1)	1474	1151
PA|PP755594.1|A/cattle/Texas/24-008749-003/2024(H5N1)	1475	1197
PA|PP755594.1|A/cattle/Texas/24-008749-003/2024(H5N1)	1476	1197
PA|PP755594.1|A/cattle/Texas/24-008749-003/2024(H5N1)	1477	1197
PA|PP755594.1|A/cattle/Texas/24-008749-003/2024(H5N1)	1478	1197
PA|PP755594.1|A/cattle/Texas/24-008749-003/2024(H5N1)	1479	1197
PA|PP755594.1|A/cattle/Texas/24-008749-003/2024(H5N1)	1480	1197
PA|PP755594.1|A/cattle/Texas/24-008749-003/2024(H5N1)	1481	1197
PA|PP755594.1|A/cattle/Texas/24-008749-003/2024(H5N1)	1482	1197
PA|PP755594.1|A/cattle/Texas/24-008749-003/2024(H5N1)	1483	1197
PA|PP755594.1|A/cattle/Texas/24-008749-003/2024(H5N1)	1484	1197
PA|PP755594.1|A/cattle/Texas/24-008749-003/2024(H5N1)	1485	1197
PA|PP755594.1|A/cattle/Texas/24-008749-003/2024(H5N1)	1486	1197
PA|PP755594.1|A/cattle/Texas/24-008749-003/2024(H5N1)	1487	1196
PA|PP755594.1|A/cattle/Texas/24-008749-003/2024(H5N1)	1488	1196
PA|PP755594.1|A/cattle/Texas/24-008749-003/2024(H5N1)	1489	1196
PA|PP755594.1|A/cattle/Texas/24-008749-003/2024(H5N1)	1490	1196
PA|PP755594.1|A/cattle/Texas/24-008749-003/2024(H5N1)	1491	1254
PA|PP755594.1|A/cattle/Texas/24-008749-003/2024(H5N1)	1492	1257
PA|PP755594.1|A/cattle/Texas/24-008749-003/2024(H5N1)	1493	1258
PA|PP755594.1|A/cattle/Texas/24-008749-003/2024(H5N1)	1494	1261
PA|PP755594.1|A/cattle/Texas/24-008749-003/2024(H5N1)	1495	1272
PA|PP755594.1|A/cattle/Texas/24-008749-003/2024(H5N1)	1496	1273
PA|PP755594.1|A/cattle/Texas/24-008749-003/2024(H5N1)	1497	1280
PA|PP755594.1|A/cattle/Texas/24-008749-003/2024(H5N1)	1498	1300
PA|PP755594.1|A/cattle/Texas/24-008749-003/2024(H5N1)	1499	1302
PA|PP755594.1|A/cattle/Texas/24-008749-003/2024(H5N1)	1500	1309
PA|PP755594.1|A/cattle/Texas/24-008749-003/2024(H5N1)	1501	1314
PA|PP755594.1|A/cattle/Texas/24-008749-003/2024(H5N1)	1502	1314
PA|PP755594.1|A/cattle/Texas/24-008749-003/2024(H5N1)	1503	1312
PA|PP755594.1|A/cattle/Texas/24-008749-003/2024(H5N1)	1504	1292
PA|PP755594.1|A/cattle/Texas/24-008749-003/2024(H5N1)	1505	1277
PA|PP755594.1|A/cattle/Texas/24-008749-003/2024(H5N1)	1506	1273
PA|PP755594.1|A/cattle/Texas/24-008749-003/2024(H5N1)	1507	1255
PA|PP755594.1|A/cattle/Texas/24-008749-003/2024(H5N1)	1508	1254
PA|PP755594.1|A/cattle/Texas/24-008749-003/2024(H5N1)	1509	1239
PA|PP755594.1|A/cattle/Texas/24-008749-003/2024(H5N1)	1510	1235
PA|PP755594.1|A/cattle/Texas/24-008749-003/2024(H5N1)	1511	1235
PA|PP755594.1|A/cattle/Texas/24-008749-003/2024(H5N1)	1512	1161
PA|PP755594.1|A/cattle/Texas/24-008749-003/2024(H5N1)	1513	1202
PA|PP755594.1|A/cattle/Texas/24-008749-003/2024(H5N1)	1514	1181
PA|PP755594.1|A/cattle/Texas/24-008749-003/2024(H5N1)	1515	1114
PA|PP755594.1|A/cattle/Texas/24-008749-003/2024(H5N1)	1516	1114
PA|PP755594.1|A/cattle/Texas/24-008749-003/2024(H5N1)	1517	1066
PA|PP755594.1|A/cattle/Texas/24-008749-003/2024(H5N1)	1518	1062
PA|PP755594.1|A/cattle/Texas/24-008749-003/2024(H5N1)	1519	1082
PA|PP755594.1|A/cattle/Texas/24-008749-003/2024(H5N1)	1520	1060
PA|PP755594.1|A/cattle/Texas/24-008749-003/2024(H5N1)	1521	1064
PA|PP755594.1|A/cattle/Texas/24-008749-003/2024(H5N1)	1522	1009
PA|PP755594.1|A/cattle/Texas/24-008749-003/2024(H5N1)	1523	1010
PA|PP755594.1|A/cattle/Texas/24-008749-003/2024(H5N1)	1524	975
PA|PP755594.1|A/cattle/Texas/24-008749-003/2024(H5N1)	1525	971
PA|PP755594.1|A/cattle/Texas/24-008749-003/2024(H5N1)	1526	947
PA|PP755594.1|A/cattle/Texas/24-008749-003/2024(H5N1)	1527	931
PA|PP755594.1|A/cattle/Texas/24-008749-003/2024(H5N1)	1528	979
PA|PP755594.1|A/cattle/Texas/24-008749-003/2024(H5N1)	1529	990
PA|PP755594.1|A/cattle/Texas/24-008749-003/2024(H5N1)	1530	991
PA|PP755594.1|A/cattle/Texas/24-008749-003/2024(H5N1)	1531	991
PA|PP755594.1|A/cattle/Texas/24-008749-003/2024(H5N1)	1532	992
PA|PP755594.1|A/cattle/Texas/24-008749-003/2024(H5N1)	1533	994
PA|PP755594.1|A/cattle/Texas/24-008749-003/2024(H5N1)	1534	999
PA|PP755594.1|A/cattle/Texas/24-008749-003/2024(H5N1)	1535	999
PA|PP755594.1|A/cattle/Texas/24-008749-003/2024(H5N1)	1536	1000
PA|PP755594.1|A/cattle/Texas/24-008749-003/2024(H5N1)	1537	976
PA|PP755594.1|A/cattle/Texas/24-008749-003/2024(H5N1)	1538	973
PA|PP755594.1|A/cattle/Texas/24-008749-003/2024(H5N1)	1539	958
PA|PP755594.1|A/cattle/Texas/24-008749-003/2024(H5N1)	1540	1013
PA|PP755594.1|A/cattle/Texas/24-008749-003/2024(H5N1)	1541	1014
PA|PP755594.1|A/cattle/Texas/24-008749-003/2024(H5N1)	1542	1014
PA|PP755594.1|A/cattle/Texas/24-008749-003/2024(H5N1)	1543	1014
PA|PP755594.1|A/cattle/Texas/24-008749-003/2024(H5N1)	1544	1013
PA|PP755594.1|A/cattle/Texas/24-008749-003/2024(H5N1)	1545	886
PA|PP755594.1|A/cattle/Texas/24-008749-003/2024(H5N1)	1546	999
PA|PP755594.1|A/cattle/Texas/24-008749-003/2024(H5N1)	1547	1000
PA|PP755594.1|A/cattle/Texas/24-008749-003/2024(H5N1)	1548	999
PA|PP755594.1|A/cattle/Texas/24-008749-003/2024(H5N1)	1549	999
PA|PP755594.1|A/cattle/Texas/24-008749-003/2024(H5N1)	1550	996
PA|PP755594.1|A/cattle/Texas/24-008749-003/2024(H5N1)	1551	991
PA|PP755594.1|A/cattle/Texas/24-008749-003/2024(H5N1)	1552	991
PA|PP755594.1|A/cattle/Texas/24-008749-003/2024(H5N1)	1553	964
PA|PP755594.1|A/cattle/Texas/24-008749-003/2024(H5N1)	1554	919
PA|PP755594.1|A/cattle/Texas/24-008749-003/2024(H5N1)	1555	919
PA|PP755594.1|A/cattle/Texas/24-008749-003/2024(H5N1)	1556	918
PA|PP755594.1|A/cattle/Texas/24-008749-003/2024(H5N1)	1557	918
PA|PP755594.1|A/cattle/Texas/24-008749-003/2024(H5N1)	1558	945
PA|PP755594.1|A/cattle/Texas/24-008749-003/2024(H5N1)	1559	949
PA|PP755594.1|A/cattle/Texas/24-008749-003/2024(H5N1)	1560	959
PA|PP755594.1|A/cattle/Texas/24-008749-003/2024(H5N1)	1561	959
PA|PP755594.1|A/cattle/Texas/24-008749-003/2024(H5N1)	1562	959
PA|PP755594.1|A/cattle/Texas/24-008749-003/2024(H5N1)	1563	950
PA|PP755594.1|A/cattle/Texas/24-008749-003/2024(H5N1)	1564	950
PA|PP755594.1|A/cattle/Texas/24-008749-003/2024(H5N1)	1565	958
PA|PP755594.1|A/cattle/Texas/24-008749-003/2024(H5N1)	1566	957
PA|PP755594.1|A/cattle/Texas/24-008749-003/2024(H5N1)	1567	958
PA|PP755594.1|A/cattle/Texas/24-008749-003/2024(H5N1)	1568	957
PA|PP755594.1|A/cattle/Texas/24-008749-003/2024(H5N1)	1569	957
PA|PP755594.1|A/cattle/Texas/24-008749-003/2024(H5N1)	1570	956
PA|PP755594.1|A/cattle/Texas/24-008749-003/2024(H5N1)	1571	956
PA|PP755594.1|A/cattle/Texas/24-008749-003/2024(H5N1)	1572	953
PA|PP755594.1|A/cattle/Texas/24-008749-003/2024(H5N1)	1573	952
PA|PP755594.1|A/cattle/Texas/24-008749-003/2024(H5N1)	1574	950
PA|PP755594.1|A/cattle/Texas/24-008749-003/2024(H5N1)	1575	921
PA|PP755594.1|A/cattle/Texas/24-008749-003/2024(H5N1)	1576	922
PA|PP755594.1|A/cattle/Texas/24-008749-003/2024(H5N1)	1577	922
PA|PP755594.1|A/cattle/Texas/24-008749-003/2024(H5N1)	1578	922
PA|PP755594.1|A/cattle/Texas/24-008749-003/2024(H5N1)	1579	922
PA|PP755594.1|A/cattle/Texas/24-008749-003/2024(H5N1)	1580	922
PA|PP755594.1|A/cattle/Texas/24-008749-003/2024(H5N1)	1581	915
PA|PP755594.1|A/cattle/Texas/24-008749-003/2024(H5N1)	1582	915
PA|PP755594.1|A/cattle/Texas/24-008749-003/2024(H5N1)	1583	915
PA|PP755594.1|A/cattle/Texas/24-008749-003/2024(H5N1)	1584	915
PA|PP755594.1|A/cattle/Texas/24-008749-003/2024(H5N1)	1585	915
PA|PP755594.1|A/cattle/Texas/24-008749-003/2024(H5N1)	1586	916
PA|PP755594.1|A/cattle/Texas/24-008749-003/2024(H5N1)	1587	716
PA|PP755594.1|A/cattle/Texas/24-008749-003/2024(H5N1)	1588	719
PA|PP755594.1|A/cattle/Texas/24-008749-003/2024(H5N1)	1589	719
PA|PP755594.1|A/cattle/Texas/24-008749-003/2024(H5N1)	1590	719
PA|PP755594.1|A/cattle/Texas/24-008749-003/2024(H5N1)	1591	719
PA|PP755594.1|A/cattle/Texas/24-008749-003/2024(H5N1)	1592	723
PA|PP755594.1|A/cattle/Texas/24-008749-003/2024(H5N1)	1593	723
PA|PP755594.1|A/cattle/Texas/24-008749-003/2024(H5N1)	1594	978
PA|PP755594.1|A/cattle/Texas/24-008749-003/2024(H5N1)	1595	978
PA|PP755594.1|A/cattle/Texas/24-008749-003/2024(H5N1)	1596	978
PA|PP755594.1|A/cattle/Texas/24-008749-003/2024(H5N1)	1597	979
PA|PP755594.1|A/cattle/Texas/24-008749-003/2024(H5N1)	1598	979
PA|PP755594.1|A/cattle/Texas/24-008749-003/2024(H5N1)	1599	978
PA|PP755594.1|A/cattle/Texas/24-008749-003/2024(H5N1)	1600	1006
PA|PP755594.1|A/cattle/Texas/24-008749-003/2024(H5N1)	1601	1006
PA|PP755594.1|A/cattle/Texas/24-008749-003/2024(H5N1)	1602	1006
PA|PP755594.1|A/cattle/Texas/24-008749-003/2024(H5N1)	1603	1006
PA|PP755594.1|A/cattle/Texas/24-008749-003/2024(H5N1)	1604	1006
PA|PP755594.1|A/cattle/Texas/24-008749-003/2024(H5N1)	1605	1006
PA|PP755594.1|A/cattle/Texas/24-008749-003/2024(H5N1)	1606	1034
PA|PP755594.1|A/cattle/Texas/24-008749-003/2024(H5N1)	1607	1039
PA|PP755594.1|A/cattle/Texas/24-008749-003/2024(H5N1)	1608	1039
PA|PP755594.1|A/cattle/Texas/24-008749-003/2024(H5N1)	1609	1055
PA|PP755594.1|A/cattle/Texas/24-008749-003/2024(H5N1)	1610	1060
PA|PP755594.1|A/cattle/Texas/24-008749-003/2024(H5N1)	1611	1060
PA|PP755594.1|A/cattle/Texas/24-008749-003/2024(H5N1)	1612	1062
PA|PP755594.1|A/cattle/Texas/24-008749-003/2024(H5N1)	1613	1060
PA|PP755594.1|A/cattle/Texas/24-008749-003/2024(H5N1)	1614	1036
PA|PP755594.1|A/cattle/Texas/24-008749-003/2024(H5N1)	1615	1127
PA|PP755594.1|A/cattle/Texas/24-008749-003/2024(H5N1)	1616	1129
PA|PP755594.1|A/cattle/Texas/24-008749-003/2024(H5N1)	1617	1186
PA|PP755594.1|A/cattle/Texas/24-008749-003/2024(H5N1)	1618	1186
PA|PP755594.1|A/cattle/Texas/24-008749-003/2024(H5N1)	1619	1202
PA|PP755594.1|A/cattle/Texas/24-008749-003/2024(H5N1)	1620	1194
PA|PP755594.1|A/cattle/Texas/24-008749-003/2024(H5N1)	1621	1167
PA|PP755594.1|A/cattle/Texas/24-008749-003/2024(H5N1)	1622	1178
PA|PP755594.1|A/cattle/Texas/24-008749-003/2024(H5N1)	1623	1159
PA|PP755594.1|A/cattle/Texas/24-008749-003/2024(H5N1)	1624	1163
PA|PP755594.1|A/cattle/Texas/24-008749-003/2024(H5N1)	1625	1161
PA|PP755594.1|A/cattle/Texas/24-008749-003/2024(H5N1)	1626	1119
PA|PP755594.1|A/cattle/Texas/24-008749-003/2024(H5N1)	1627	1122
PA|PP755594.1|A/cattle/Texas/24-008749-003/2024(H5N1)	1628	1115
PA|PP755594.1|A/cattle/Texas/24-008749-003/2024(H5N1)	1629	1114
PA|PP755594.1|A/cattle/Texas/24-008749-003/2024(H5N1)	1630	1114
PA|PP755594.1|A/cattle/Texas/24-008749-003/2024(H5N1)	1631	1108
PA|PP755594.1|A/cattle/Texas/24-008749-003/2024(H5N1)	1632	1085
PA|PP755594.1|A/cattle/Texas/24-008749-003/2024(H5N1)	1633	1116
PA|PP755594.1|A/cattle/Texas/24-008749-003/2024(H5N1)	1634	1124
PA|PP755594.1|A/cattle/Texas/24-008749-003/2024(H5N1)	1635	1125
PA|PP755594.1|A/cattle/Texas/24-008749-003/2024(H5N1)	1636	1142
PA|PP755594.1|A/cattle/Texas/24-008749-003/2024(H5N1)	1637	1143
PA|PP755594.1|A/cattle/Texas/24-008749-003/2024(H5N1)	1638	1145
PA|PP755594.1|A/cattle/Texas/24-008749-003/2024(H5N1)	1639	1160
PA|PP755594.1|A/cattle/Texas/24-008749-003/2024(H5N1)	1640	1177
PA|PP755594.1|A/cattle/Texas/24-008749-003/2024(H5N1)	1641	1161
PA|PP755594.1|A/cattle/Texas/24-008749-003/2024(H5N1)	1642	1165
PA|PP755594.1|A/cattle/Texas/24-008749-003/2024(H5N1)	1643	1198
PA|PP755594.1|A/cattle/Texas/24-008749-003/2024(H5N1)	1644	1203
PA|PP755594.1|A/cattle/Texas/24-008749-003/2024(H5N1)	1645	1266
PA|PP755594.1|A/cattle/Texas/24-008749-003/2024(H5N1)	1646	1265
PA|PP755594.1|A/cattle/Texas/24-008749-003/2024(H5N1)	1647	1291
PA|PP755594.1|A/cattle/Texas/24-008749-003/2024(H5N1)	1648	1257
PA|PP755594.1|A/cattle/Texas/24-008749-003/2024(H5N1)	1649	1266
PA|PP755594.1|A/cattle/Texas/24-008749-003/2024(H5N1)	1650	1227
PA|PP755594.1|A/cattle/Texas/24-008749-003/2024(H5N1)	1651	1264
PA|PP755594.1|A/cattle/Texas/24-008749-003/2024(H5N1)	1652	1268
PA|PP755594.1|A/cattle/Texas/24-008749-003/2024(H5N1)	1653	1283
PA|PP755594.1|A/cattle/Texas/24-008749-003/2024(H5N1)	1654	1284
PA|PP755594.1|A/cattle/Texas/24-008749-003/2024(H5N1)	1655	1303
PA|PP755594.1|A/cattle/Texas/24-008749-003/2024(H5N1)	1656	1268
PA|PP755594.1|A/cattle/Texas/24-008749-003/2024(H5N1)	1657	1308
PA|PP755594.1|A/cattle/Texas/24-008749-003/2024(H5N1)	1658	1349
PA|PP755594.1|A/cattle/Texas/24-008749-003/2024(H5N1)	1659	1349
PA|PP755594.1|A/cattle/Texas/24-008749-003/2024(H5N1)	1660	1364
PA|PP755594.1|A/cattle/Texas/24-008749-003/2024(H5N1)	1661	1364
PA|PP755594.1|A/cattle/Texas/24-008749-003/2024(H5N1)	1662	1351
PA|PP755594.1|A/cattle/Texas/24-008749-003/2024(H5N1)	1663	1358
PA|PP755594.1|A/cattle/Texas/24-008749-003/2024(H5N1)	1664	1434
PA|PP755594.1|A/cattle/Texas/24-008749-003/2024(H5N1)	1665	1434
PA|PP755594.1|A/cattle/Texas/24-008749-003/2024(H5N1)	1666	1429
PA|PP755594.1|A/cattle/Texas/24-008749-003/2024(H5N1)	1667	1415
PA|PP755594.1|A/cattle/Texas/24-008749-003/2024(H5N1)	1668	1419
PA|PP755594.1|A/cattle/Texas/24-008749-003/2024(H5N1)	1669	1449
PA|PP755594.1|A/cattle/Texas/24-008749-003/2024(H5N1)	1670	1489
PA|PP755594.1|A/cattle/Texas/24-008749-003/2024(H5N1)	1671	1521
PA|PP755594.1|A/cattle/Texas/24-008749-003/2024(H5N1)	1672	1515
PA|PP755594.1|A/cattle/Texas/24-008749-003/2024(H5N1)	1673	1462
PA|PP755594.1|A/cattle/Texas/24-008749-003/2024(H5N1)	1674	1462
PA|PP755594.1|A/cattle/Texas/24-008749-003/2024(H5N1)	1675	1485
PA|PP755594.1|A/cattle/Texas/24-008749-003/2024(H5N1)	1676	1486
PA|PP755594.1|A/cattle/Texas/24-008749-003/2024(H5N1)	1677	1488
PA|PP755594.1|A/cattle/Texas/24-008749-003/2024(H5N1)	1678	1613
PA|PP755594.1|A/cattle/Texas/24-008749-003/2024(H5N1)	1679	1615
PA|PP755594.1|A/cattle/Texas/24-008749-003/2024(H5N1)	1680	1621
PA|PP755594.1|A/cattle/Texas/24-008749-003/2024(H5N1)	1681	1641
PA|PP755594.1|A/cattle/Texas/24-008749-003/2024(H5N1)	1682	1642
PA|PP755594.1|A/cattle/Texas/24-008749-003/2024(H5N1)	1683	1688
PA|PP755594.1|A/cattle/Texas/24-008749-003/2024(H5N1)	1684	1685
PA|PP755594.1|A/cattle/Texas/24-008749-003/2024(H5N1)	1685	1685
PA|PP755594.1|A/cattle/Texas/24-008749-003/2024(H5N1)	1686	1667
PA|PP755594.1|A/cattle/Texas/24-008749-003/2024(H5N1)	1687	1519
PA|PP755594.1|A/cattle/Texas/24-008749-003/2024(H5N1)	1688	1522
PA|PP755594.1|A/cattle/Texas/24-008749-003/2024(H5N1)	1689	1523
PA|PP755594.1|A/cattle/Texas/24-008749-003/2024(H5N1)	1690	1598
PA|PP755594.1|A/cattle/Texas/24-008749-003/2024(H5N1)	1691	1601
PA|PP755594.1|A/cattle/Texas/24-008749-003/2024(H5N1)	1692	1618
PA|PP755594.1|A/cattle/Texas/24-008749-003/2024(H5N1)	1693	1626
PA|PP755594.1|A/cattle/Texas/24-008749-003/2024(H5N1)	1694	1627
PA|PP755594.1|A/cattle/Texas/24-008749-003/2024(H5N1)	1695	1627
PA|PP755594.1|A/cattle/Texas/24-008749-003/2024(H5N1)	1696	1627
PA|PP755594.1|A/cattle/Texas/24-008749-003/2024(H5N1)	1697	1641
PA|PP755594.1|A/cattle/Texas/24-008749-003/2024(H5N1)	1698	1661
PA|PP755594.1|A/cattle/Texas/24-008749-003/2024(H5N1)	1699	1667
PA|PP755594.1|A/cattle/Texas/24-008749-003/2024(H5N1)	1700	1715
PA|PP755594.1|A/cattle/Texas/24-008749-003/2024(H5N1)	1701	1707
PA|PP755594.1|A/cattle/Texas/24-008749-003/2024(H5N1)	1702	1766
PA|PP755594.1|A/cattle/Texas/24-008749-003/2024(H5N1)	1703	1768
PA|PP755594.1|A/cattle/Texas/24-008749-003/2024(H5N1)	1704	1779
PA|PP755594.1|A/cattle/Texas/24-008749-003/2024(H5N1)	1705	1781
PA|PP755594.1|A/cattle/Texas/24-008749-003/2024(H5N1)	1706	1782
PA|PP755594.1|A/cattle/Texas/24-008749-003/2024(H5N1)	1707	1783
PA|PP755594.1|A/cattle/Texas/24-008749-003/2024(H5N1)	1708	1789
PA|PP755594.1|A/cattle/Texas/24-008749-003/2024(H5N1)	1709	1804
PA|PP755594.1|A/cattle/Texas/24-008749-003/2024(H5N1)	1710	1811
PA|PP755594.1|A/cattle/Texas/24-008749-003/2024(H5N1)	1711	1831
PA|PP755594.1|A/cattle/Texas/24-008749-003/2024(H5N1)	1712	1833
PA|PP755594.1|A/cattle/Texas/24-008749-003/2024(H5N1)	1713	1833
PA|PP755594.1|A/cattle/Texas/24-008749-003/2024(H5N1)	1714	1838
PA|PP755594.1|A/cattle/Texas/24-008749-003/2024(H5N1)	1715	1851
PA|PP755594.1|A/cattle/Texas/24-008749-003/2024(H5N1)	1716	1831
PA|PP755594.1|A/cattle/Texas/24-008749-003/2024(H5N1)	1717	1863
PA|PP755594.1|A/cattle/Texas/24-008749-003/2024(H5N1)	1718	1864
PA|PP755594.1|A/cattle/Texas/24-008749-003/2024(H5N1)	1719	1886
PA|PP755594.1|A/cattle/Texas/24-008749-003/2024(H5N1)	1720	1898
PA|PP755594.1|A/cattle/Texas/24-008749-003/2024(H5N1)	1721	1901
PA|PP755594.1|A/cattle/Texas/24-008749-003/2024(H5N1)	1722	1904
PA|PP755594.1|A/cattle/Texas/24-008749-003/2024(H5N1)	1723	1906
PA|PP755594.1|A/cattle/Texas/24-008749-003/2024(H5N1)	1724	1919
PA|PP755594.1|A/cattle/Texas/24-008749-003/2024(H5N1)	1725	1942
PA|PP755594.1|A/cattle/Texas/24-008749-003/2024(H5N1)	1726	1993
PA|PP755594.1|A/cattle/Texas/24-008749-003/2024(H5N1)	1727	1990
PA|PP755594.1|A/cattle/Texas/24-008749-003/2024(H5N1)	1728	1986
PA|PP755594.1|A/cattle/Texas/24-008749-003/2024(H5N1)	1729	1985
PA|PP755594.1|A/cattle/Texas/24-008749-003/2024(H5N1)	1730	2067
PA|PP755594.1|A/cattle/Texas/24-008749-003/2024(H5N1)	1731	2197
PA|PP755594.1|A/cattle/Texas/24-008749-003/2024(H5N1)	1732	2210
PA|PP755594.1|A/cattle/Texas/24-008749-003/2024(H5N1)	1733	2302
PA|PP755594.1|A/cattle/Texas/24-008749-003/2024(H5N1)	1734	2223
PA|PP755594.1|A/cattle/Texas/24-008749-003/2024(H5N1)	1735	2266
PA|PP755594.1|A/cattle/Texas/24-008749-003/2024(H5N1)	1736	2269
PA|PP755594.1|A/cattle/Texas/24-008749-003/2024(H5N1)	1737	2271
PA|PP755594.1|A/cattle/Texas/24-008749-003/2024(H5N1)	1738	2312
PA|PP755594.1|A/cattle/Texas/24-008749-003/2024(H5N1)	1739	2359
PA|PP755594.1|A/cattle/Texas/24-008749-003/2024(H5N1)	1740	2385
PA|PP755594.1|A/cattle/Texas/24-008749-003/2024(H5N1)	1741	2401
PA|PP755594.1|A/cattle/Texas/24-008749-003/2024(H5N1)	1742	2554
PA|PP755594.1|A/cattle/Texas/24-008749-003/2024(H5N1)	1743	2445
PA|PP755594.1|A/cattle/Texas/24-008749-003/2024(H5N1)	1744	2454
PA|PP755594.1|A/cattle/Texas/24-008749-003/2024(H5N1)	1745	2483
PA|PP755594.1|A/cattle/Texas/24-008749-003/2024(H5N1)	1746	2501
PA|PP755594.1|A/cattle/Texas/24-008749-003/2024(H5N1)	1747	2487
PA|PP755594.1|A/cattle/Texas/24-008749-003/2024(H5N1)	1748	2488
PA|PP755594.1|A/cattle/Texas/24-008749-003/2024(H5N1)	1749	2434
PA|PP755594.1|A/cattle/Texas/24-008749-003/2024(H5N1)	1750	2440
PA|PP755594.1|A/cattle/Texas/24-008749-003/2024(H5N1)	1751	2485
PA|PP755594.1|A/cattle/Texas/24-008749-003/2024(H5N1)	1752	2487
PA|PP755594.1|A/cattle/Texas/24-008749-003/2024(H5N1)	1753	2511
PA|PP755594.1|A/cattle/Texas/24-008749-003/2024(H5N1)	1754	2512
PA|PP755594.1|A/cattle/Texas/24-008749-003/2024(H5N1)	1755	2559
PA|PP755594.1|A/cattle/Texas/24-008749-003/2024(H5N1)	1756	2591
PA|PP755594.1|A/cattle/Texas/24-008749-003/2024(H5N1)	1757	2592
PA|PP755594.1|A/cattle/Texas/24-008749-003/2024(H5N1)	1758	2601
PA|PP755594.1|A/cattle/Texas/24-008749-003/2024(H5N1)	1759	2601
PA|PP755594.1|A/cattle/Texas/24-008749-003/2024(H5N1)	1760	2590
PA|PP755594.1|A/cattle/Texas/24-008749-003/2024(H5N1)	1761	2390
PA|PP755594.1|A/cattle/Texas/24-008749-003/2024(H5N1)	1762	2394
PA|PP755594.1|A/cattle/Texas/24-008749-003/2024(H5N1)	1763	2479
PA|PP755594.1|A/cattle/Texas/24-008749-003/2024(H5N1)	1764	2522
PA|PP755594.1|A/cattle/Texas/24-008749-003/2024(H5N1)	1765	2563
PA|PP755594.1|A/cattle/Texas/24-008749-003/2024(H5N1)	1766	2694
PA|PP755594.1|A/cattle/Texas/24-008749-003/2024(H5N1)	1767	2695
PA|PP755594.1|A/cattle/Texas/24-008749-003/2024(H5N1)	1768	2705
PA|PP755594.1|A/cattle/Texas/24-008749-003/2024(H5N1)	1769	2713
PA|PP755594.1|A/cattle/Texas/24-008749-003/2024(H5N1)	1770	2714
PA|PP755594.1|A/cattle/Texas/24-008749-003/2024(H5N1)	1771	2756
PA|PP755594.1|A/cattle/Texas/24-008749-003/2024(H5N1)	1772	2756
PA|PP755594.1|A/cattle/Texas/24-008749-003/2024(H5N1)	1773	2767
PA|PP755594.1|A/cattle/Texas/24-008749-003/2024(H5N1)	1774	2817
PA|PP755594.1|A/cattle/Texas/24-008749-003/2024(H5N1)	1775	2842
PA|PP755594.1|A/cattle/Texas/24-008749-003/2024(H5N1)	1776	2861
PA|PP755594.1|A/cattle/Texas/24-008749-003/2024(H5N1)	1777	2862
PA|PP755594.1|A/cattle/Texas/24-008749-003/2024(H5N1)	1778	2868
PA|PP755594.1|A/cattle/Texas/24-008749-003/2024(H5N1)	1779	2918
PA|PP755594.1|A/cattle/Texas/24-008749-003/2024(H5N1)	1780	2921
PA|PP755594.1|A/cattle/Texas/24-008749-003/2024(H5N1)	1781	2962
PA|PP755594.1|A/cattle/Texas/24-008749-003/2024(H5N1)	1782	2958
PA|PP755594.1|A/cattle/Texas/24-008749-003/2024(H5N1)	1783	2956
PA|PP755594.1|A/cattle/Texas/24-008749-003/2024(H5N1)	1784	2952
PA|PP755594.1|A/cattle/Texas/24-008749-003/2024(H5N1)	1785	2978
PA|PP755594.1|A/cattle/Texas/24-008749-003/2024(H5N1)	1786	2992
PA|PP755594.1|A/cattle/Texas/24-008749-003/2024(H5N1)	1787	3013
PA|PP755594.1|A/cattle/Texas/24-008749-003/2024(H5N1)	1788	3019
PA|PP755594.1|A/cattle/Texas/24-008749-003/2024(H5N1)	1789	3019
PA|PP755594.1|A/cattle/Texas/24-008749-003/2024(H5N1)	1790	2998
PA|PP755594.1|A/cattle/Texas/24-008749-003/2024(H5N1)	1791	3003
PA|PP755594.1|A/cattle/Texas/24-008749-003/2024(H5N1)	1792	3078
PA|PP755594.1|A/cattle/Texas/24-008749-003/2024(H5N1)	1793	3087
PA|PP755594.1|A/cattle/Texas/24-008749-003/2024(H5N1)	1794	3055
PA|PP755594.1|A/cattle/Texas/24-008749-003/2024(H5N1)	1795	3153
PA|PP755594.1|A/cattle/Texas/24-008749-003/2024(H5N1)	1796	3089
PA|PP755594.1|A/cattle/Texas/24-008749-003/2024(H5N1)	1797	3091
PA|PP755594.1|A/cattle/Texas/24-008749-003/2024(H5N1)	1798	3061
PA|PP755594.1|A/cattle/Texas/24-008749-003/2024(H5N1)	1799	3065
PA|PP755594.1|A/cattle/Texas/24-008749-003/2024(H5N1)	1800	3053
PA|PP755594.1|A/cattle/Texas/24-008749-003/2024(H5N1)	1801	3063
PA|PP755594.1|A/cattle/Texas/24-008749-003/2024(H5N1)	1802	3094
PA|PP755594.1|A/cattle/Texas/24-008749-003/2024(H5N1)	1803	3114
PA|PP755594.1|A/cattle/Texas/24-008749-003/2024(H5N1)	1804	3166
PA|PP755594.1|A/cattle/Texas/24-008749-003/2024(H5N1)	1805	3187
PA|PP755594.1|A/cattle/Texas/24-008749-003/2024(H5N1)	1806	3186
PA|PP755594.1|A/cattle/Texas/24-008749-003/2024(H5N1)	1807	3189
PA|PP755594.1|A/cattle/Texas/24-008749-003/2024(H5N1)	1808	3149
PA|PP755594.1|A/cattle/Texas/24-008749-003/2024(H5N1)	1809	3111
PA|PP755594.1|A/cattle/Texas/24-008749-003/2024(H5N1)	1810	3158
PA|PP755594.1|A/cattle/Texas/24-008749-003/2024(H5N1)	1811	3159
PA|PP755594.1|A/cattle/Texas/24-008749-003/2024(H5N1)	1812	3153
PA|PP755594.1|A/cattle/Texas/24-008749-003/2024(H5N1)	1813	3092
PA|PP755594.1|A/cattle/Texas/24-008749-003/2024(H5N1)	1814	3086
PA|PP755594.1|A/cattle/Texas/24-008749-003/2024(H5N1)	1815	3078
PA|PP755594.1|A/cattle/Texas/24-008749-003/2024(H5N1)	1816	3109
PA|PP755594.1|A/cattle/Texas/24-008749-003/2024(H5N1)	1817	3103
PA|PP755594.1|A/cattle/Texas/24-008749-003/2024(H5N1)	1818	3097
PA|PP755594.1|A/cattle/Texas/24-008749-003/2024(H5N1)	1819	3052
PA|PP755594.1|A/cattle/Texas/24-008749-003/2024(H5N1)	1820	2996
PA|PP755594.1|A/cattle/Texas/24-008749-003/2024(H5N1)	1821	2984
PA|PP755594.1|A/cattle/Texas/24-008749-003/2024(H5N1)	1822	2941
PA|PP755594.1|A/cattle/Texas/24-008749-003/2024(H5N1)	1823	2941
PA|PP755594.1|A/cattle/Texas/24-008749-003/2024(H5N1)	1824	2904
PA|PP755594.1|A/cattle/Texas/24-008749-003/2024(H5N1)	1825	2896
PA|PP755594.1|A/cattle/Texas/24-008749-003/2024(H5N1)	1826	2882
PA|PP755594.1|A/cattle/Texas/24-008749-003/2024(H5N1)	1827	2881
PA|PP755594.1|A/cattle/Texas/24-008749-003/2024(H5N1)	1828	2950
PA|PP755594.1|A/cattle/Texas/24-008749-003/2024(H5N1)	1829	2956
PA|PP755594.1|A/cattle/Texas/24-008749-003/2024(H5N1)	1830	2951
PA|PP755594.1|A/cattle/Texas/24-008749-003/2024(H5N1)	1831	2959
PA|PP755594.1|A/cattle/Texas/24-008749-003/2024(H5N1)	1832	2938
PA|PP755594.1|A/cattle/Texas/24-008749-003/2024(H5N1)	1833	2892
PA|PP755594.1|A/cattle/Texas/24-008749-003/2024(H5N1)	1834	2893
PA|PP755594.1|A/cattle/Texas/24-008749-003/2024(H5N1)	1835	2893
PA|PP755594.1|A/cattle/Texas/24-008749-003/2024(H5N1)	1836	2828
PA|PP755594.1|A/cattle/Texas/24-008749-003/2024(H5N1)	1837	2837
PA|PP755594.1|A/cattle/Texas/24-008749-003/2024(H5N1)	1838	2827
PA|PP755594.1|A/cattle/Texas/24-008749-003/2024(H5N1)	1839	2823
PA|PP755594.1|A/cattle/Texas/24-008749-003/2024(H5N1)	1840	2821
PA|PP755594.1|A/cattle/Texas/24-008749-003/2024(H5N1)	1841	2821
PA|PP755594.1|A/cattle/Texas/24-008749-003/2024(H5N1)	1842	2798
PA|PP755594.1|A/cattle/Texas/24-008749-003/2024(H5N1)	1843	2795
PA|PP755594.1|A/cattle/Texas/24-008749-003/2024(H5N1)	1844	2785
PA|PP755594.1|A/cattle/Texas/24-008749-003/2024(H5N1)	1845	2784
PA|PP755594.1|A/cattle/Texas/24-008749-003/2024(H5N1)	1846	2786
PA|PP755594.1|A/cattle/Texas/24-008749-003/2024(H5N1)	1847	2772
PA|PP755594.1|A/cattle/Texas/24-008749-003/2024(H5N1)	1848	2767
PA|PP755594.1|A/cattle/Texas/24-008749-003/2024(H5N1)	1849	2748
PA|PP755594.1|A/cattle/Texas/24-008749-003/2024(H5N1)	1850	2741
PA|PP755594.1|A/cattle/Texas/24-008749-003/2024(H5N1)	1851	2636
PA|PP755594.1|A/cattle/Texas/24-008749-003/2024(H5N1)	1852	2635
PA|PP755594.1|A/cattle/Texas/24-008749-003/2024(H5N1)	1853	2535
PA|PP755594.1|A/cattle/Texas/24-008749-003/2024(H5N1)	1854	2533
PA|PP755594.1|A/cattle/Texas/24-008749-003/2024(H5N1)	1855	2535
PA|PP755594.1|A/cattle/Texas/24-008749-003/2024(H5N1)	1856	2535
PA|PP755594.1|A/cattle/Texas/24-008749-003/2024(H5N1)	1857	2534
PA|PP755594.1|A/cattle/Texas/24-008749-003/2024(H5N1)	1858	2529
PA|PP755594.1|A/cattle/Texas/24-008749-003/2024(H5N1)	1859	2526
PA|PP755594.1|A/cattle/Texas/24-008749-003/2024(H5N1)	1860	2502
PA|PP755594.1|A/cattle/Texas/24-008749-003/2024(H5N1)	1861	2503
PA|PP755594.1|A/cattle/Texas/24-008749-003/2024(H5N1)	1862	2496
PA|PP755594.1|A/cattle/Texas/24-008749-003/2024(H5N1)	1863	2494
PA|PP755594.1|A/cattle/Texas/24-008749-003/2024(H5N1)	1864	2494
PA|PP755594.1|A/cattle/Texas/24-008749-003/2024(H5N1)	1865	2488
PA|PP755594.1|A/cattle/Texas/24-008749-003/2024(H5N1)	1866	2471
PA|PP755594.1|A/cattle/Texas/24-008749-003/2024(H5N1)	1867	2462
PA|PP755594.1|A/cattle/Texas/24-008749-003/2024(H5N1)	1868	2425
PA|PP755594.1|A/cattle/Texas/24-008749-003/2024(H5N1)	1869	2422
PA|PP755594.1|A/cattle/Texas/24-008749-003/2024(H5N1)	1870	2394
PA|PP755594.1|A/cattle/Texas/24-008749-003/2024(H5N1)	1871	2377
PA|PP755594.1|A/cattle/Texas/24-008749-003/2024(H5N1)	1872	2380
PA|PP755594.1|A/cattle/Texas/24-008749-003/2024(H5N1)	1873	2374
PA|PP755594.1|A/cattle/Texas/24-008749-003/2024(H5N1)	1874	2371
PA|PP755594.1|A/cattle/Texas/24-008749-003/2024(H5N1)	1875	2336
PA|PP755594.1|A/cattle/Texas/24-008749-003/2024(H5N1)	1876	2266
PA|PP755594.1|A/cattle/Texas/24-008749-003/2024(H5N1)	1877	2265
PA|PP755594.1|A/cattle/Texas/24-008749-003/2024(H5N1)	1878	2259
PA|PP755594.1|A/cattle/Texas/24-008749-003/2024(H5N1)	1879	2247
PA|PP755594.1|A/cattle/Texas/24-008749-003/2024(H5N1)	1880	2247
PA|PP755594.1|A/cattle/Texas/24-008749-003/2024(H5N1)	1881	513
PA|PP755594.1|A/cattle/Texas/24-008749-003/2024(H5N1)	1882	486
PA|PP755594.1|A/cattle/Texas/24-008749-003/2024(H5N1)	1883	472
PA|PP755594.1|A/cattle/Texas/24-008749-003/2024(H5N1)	1884	388
PA|PP755594.1|A/cattle/Texas/24-008749-003/2024(H5N1)	1885	389
PA|PP755594.1|A/cattle/Texas/24-008749-003/2024(H5N1)	1886	388
PA|PP755594.1|A/cattle/Texas/24-008749-003/2024(H5N1)	1887	386
PA|PP755594.1|A/cattle/Texas/24-008749-003/2024(H5N1)	1888	386
PA|PP755594.1|A/cattle/Texas/24-008749-003/2024(H5N1)	1889	386
PA|PP755594.1|A/cattle/Texas/24-008749-003/2024(H5N1)	1890	386
PA|PP755594.1|A/cattle/Texas/24-008749-003/2024(H5N1)	1891	386
PA|PP755594.1|A/cattle/Texas/24-008749-003/2024(H5N1)	1892	385
PA|PP755594.1|A/cattle/Texas/24-008749-003/2024(H5N1)	1893	188
PA|PP755594.1|A/cattle/Texas/24-008749-003/2024(H5N1)	1894	188
PA|PP755594.1|A/cattle/Texas/24-008749-003/2024(H5N1)	1895	188
PA|PP755594.1|A/cattle/Texas/24-008749-003/2024(H5N1)	1896	188
PA|PP755594.1|A/cattle/Texas/24-008749-003/2024(H5N1)	1897	195
PA|PP755594.1|A/cattle/Texas/24-008749-003/2024(H5N1)	1898	197
PA|PP755594.1|A/cattle/Texas/24-008749-003/2024(H5N1)	1899	197
PA|PP755594.1|A/cattle/Texas/24-008749-003/2024(H5N1)	1900	196
PA|PP755594.1|A/cattle/Texas/24-008749-003/2024(H5N1)	1901	197
PA|PP755594.1|A/cattle/Texas/24-008749-003/2024(H5N1)	1902	156
PA|PP755594.1|A/cattle/Texas/24-008749-003/2024(H5N1)	1903	156
PA|PP755594.1|A/cattle/Texas/24-008749-003/2024(H5N1)	1904	156
PA|PP755594.1|A/cattle/Texas/24-008749-003/2024(H5N1)	1905	159
PA|PP755594.1|A/cattle/Texas/24-008749-003/2024(H5N1)	1906	159
PA|PP755594.1|A/cattle/Texas/24-008749-003/2024(H5N1)	1907	158
PA|PP755594.1|A/cattle/Texas/24-008749-003/2024(H5N1)	1908	159
PA|PP755594.1|A/cattle/Texas/24-008749-003/2024(H5N1)	1909	159
PA|PP755594.1|A/cattle/Texas/24-008749-003/2024(H5N1)	1910	166
PA|PP755594.1|A/cattle/Texas/24-008749-003/2024(H5N1)	1911	166
PA|PP755594.1|A/cattle/Texas/24-008749-003/2024(H5N1)	1912	165
PA|PP755594.1|A/cattle/Texas/24-008749-003/2024(H5N1)	1913	167
PA|PP755594.1|A/cattle/Texas/24-008749-003/2024(H5N1)	1914	163
PA|PP755594.1|A/cattle/Texas/24-008749-003/2024(H5N1)	1915	163
PA|PP755594.1|A/cattle/Texas/24-008749-003/2024(H5N1)	1916	166
PA|PP755594.1|A/cattle/Texas/24-008749-003/2024(H5N1)	1917	164
PA|PP755594.1|A/cattle/Texas/24-008749-003/2024(H5N1)	1918	164
PA|PP755594.1|A/cattle/Texas/24-008749-003/2024(H5N1)	1919	164
PA|PP755594.1|A/cattle/Texas/24-008749-003/2024(H5N1)	1920	165
PA|PP755594.1|A/cattle/Texas/24-008749-003/2024(H5N1)	1921	175
PA|PP755594.1|A/cattle/Texas/24-008749-003/2024(H5N1)	1922	175
PA|PP755594.1|A/cattle/Texas/24-008749-003/2024(H5N1)	1923	175
PA|PP755594.1|A/cattle/Texas/24-008749-003/2024(H5N1)	1924	217
PA|PP755594.1|A/cattle/Texas/24-008749-003/2024(H5N1)	1925	220
PA|PP755594.1|A/cattle/Texas/24-008749-003/2024(H5N1)	1926	223
PA|PP755594.1|A/cattle/Texas/24-008749-003/2024(H5N1)	1927	418
PA|PP755594.1|A/cattle/Texas/24-008749-003/2024(H5N1)	1928	423
PA|PP755594.1|A/cattle/Texas/24-008749-003/2024(H5N1)	1929	423
PA|PP755594.1|A/cattle/Texas/24-008749-003/2024(H5N1)	1930	434
PA|PP755594.1|A/cattle/Texas/24-008749-003/2024(H5N1)	1931	435
PA|PP755594.1|A/cattle/Texas/24-008749-003/2024(H5N1)	1932	438
PA|PP755594.1|A/cattle/Texas/24-008749-003/2024(H5N1)	1933	2253
PA|PP755594.1|A/cattle/Texas/24-008749-003/2024(H5N1)	1934	2291
PA|PP755594.1|A/cattle/Texas/24-008749-003/2024(H5N1)	1935	2315
PA|PP755594.1|A/cattle/Texas/24-008749-003/2024(H5N1)	1936	2330
PA|PP755594.1|A/cattle/Texas/24-008749-003/2024(H5N1)	1937	2335
PA|PP755594.1|A/cattle/Texas/24-008749-003/2024(H5N1)	1938	2344
PA|PP755594.1|A/cattle/Texas/24-008749-003/2024(H5N1)	1939	2344
PA|PP755594.1|A/cattle/Texas/24-008749-003/2024(H5N1)	1940	2349
PA|PP755594.1|A/cattle/Texas/24-008749-003/2024(H5N1)	1941	2359
PA|PP755594.1|A/cattle/Texas/24-008749-003/2024(H5N1)	1942	2366
PA|PP755594.1|A/cattle/Texas/24-008749-003/2024(H5N1)	1943	2366
PA|PP755594.1|A/cattle/Texas/24-008749-003/2024(H5N1)	1944	2366
PA|PP755594.1|A/cattle/Texas/24-008749-003/2024(H5N1)	1945	2366
PA|PP755594.1|A/cattle/Texas/24-008749-003/2024(H5N1)	1946	2366
PA|PP755594.1|A/cattle/Texas/24-008749-003/2024(H5N1)	1947	2427
PA|PP755594.1|A/cattle/Texas/24-008749-003/2024(H5N1)	1948	2609
PA|PP755594.1|A/cattle/Texas/24-008749-003/2024(H5N1)	1949	2671
PA|PP755594.1|A/cattle/Texas/24-008749-003/2024(H5N1)	1950	2677
PA|PP755594.1|A/cattle/Texas/24-008749-003/2024(H5N1)	1951	2680
PA|PP755594.1|A/cattle/Texas/24-008749-003/2024(H5N1)	1952	2718
PA|PP755594.1|A/cattle/Texas/24-008749-003/2024(H5N1)	1953	2719
PA|PP755594.1|A/cattle/Texas/24-008749-003/2024(H5N1)	1954	2735
PA|PP755594.1|A/cattle/Texas/24-008749-003/2024(H5N1)	1955	2757
PA|PP755594.1|A/cattle/Texas/24-008749-003/2024(H5N1)	1956	2786
PA|PP755594.1|A/cattle/Texas/24-008749-003/2024(H5N1)	1957	2797
PA|PP755594.1|A/cattle/Texas/24-008749-003/2024(H5N1)	1958	2798
PA|PP755594.1|A/cattle/Texas/24-008749-003/2024(H5N1)	1959	2798
PA|PP755594.1|A/cattle/Texas/24-008749-003/2024(H5N1)	1960	2816
PA|PP755594.1|A/cattle/Texas/24-008749-003/2024(H5N1)	1961	2844
PA|PP755594.1|A/cattle/Texas/24-008749-003/2024(H5N1)	1962	2858
PA|PP755594.1|A/cattle/Texas/24-008749-003/2024(H5N1)	1963	2874
PA|PP755594.1|A/cattle/Texas/24-008749-003/2024(H5N1)	1964	2875
PA|PP755594.1|A/cattle/Texas/24-008749-003/2024(H5N1)	1965	2875
PA|PP755594.1|A/cattle/Texas/24-008749-003/2024(H5N1)	1966	2886
PA|PP755594.1|A/cattle/Texas/24-008749-003/2024(H5N1)	1967	2900
PA|PP755594.1|A/cattle/Texas/24-008749-003/2024(H5N1)	1968	2904
PA|PP755594.1|A/cattle/Texas/24-008749-003/2024(H5N1)	1969	2906
PA|PP755594.1|A/cattle/Texas/24-008749-003/2024(H5N1)	1970	2911
PA|PP755594.1|A/cattle/Texas/24-008749-003/2024(H5N1)	1971	3027
PA|PP755594.1|A/cattle/Texas/24-008749-003/2024(H5N1)	1972	3047
PA|PP755594.1|A/cattle/Texas/24-008749-003/2024(H5N1)	1973	3058
PA|PP755594.1|A/cattle/Texas/24-008749-003/2024(H5N1)	1974	3073
PA|PP755594.1|A/cattle/Texas/24-008749-003/2024(H5N1)	1975	3078
PA|PP755594.1|A/cattle/Texas/24-008749-003/2024(H5N1)	1976	3090
PA|PP755594.1|A/cattle/Texas/24-008749-003/2024(H5N1)	1977	3080
PA|PP755594.1|A/cattle/Texas/24-008749-003/2024(H5N1)	1978	3080
PA|PP755594.1|A/cattle/Texas/24-008749-003/2024(H5N1)	1979	3067
PA|PP755594.1|A/cattle/Texas/24-008749-003/2024(H5N1)	1980	3002
PA|PP755594.1|A/cattle/Texas/24-008749-003/2024(H5N1)	1981	3002
PA|PP755594.1|A/cattle/Texas/24-008749-003/2024(H5N1)	1982	2992
PA|PP755594.1|A/cattle/Texas/24-008749-003/2024(H5N1)	1983	2739
PA|PP755594.1|A/cattle/Texas/24-008749-003/2024(H5N1)	1984	2739
PA|PP755594.1|A/cattle/Texas/24-008749-003/2024(H5N1)	1985	2738
PA|PP755594.1|A/cattle/Texas/24-008749-003/2024(H5N1)	1986	2732
PA|PP755594.1|A/cattle/Texas/24-008749-003/2024(H5N1)	1987	2737
PA|PP755594.1|A/cattle/Texas/24-008749-003/2024(H5N1)	1988	2740
PA|PP755594.1|A/cattle/Texas/24-008749-003/2024(H5N1)	1989	2740
PA|PP755594.1|A/cattle/Texas/24-008749-003/2024(H5N1)	1990	2740
PA|PP755594.1|A/cattle/Texas/24-008749-003/2024(H5N1)	1991	2741
PA|PP755594.1|A/cattle/Texas/24-008749-003/2024(H5N1)	1992	2740
PA|PP755594.1|A/cattle/Texas/24-008749-003/2024(H5N1)	1993	2806
PA|PP755594.1|A/cattle/Texas/24-008749-003/2024(H5N1)	1994	2809
PA|PP755594.1|A/cattle/Texas/24-008749-003/2024(H5N1)	1995	2828
PA|PP755594.1|A/cattle/Texas/24-008749-003/2024(H5N1)	1996	2835
PA|PP755594.1|A/cattle/Texas/24-008749-003/2024(H5N1)	1997	2840
PA|PP755594.1|A/cattle/Texas/24-008749-003/2024(H5N1)	1998	2866
PA|PP755594.1|A/cattle/Texas/24-008749-003/2024(H5N1)	1999	3072
PA|PP755594.1|A/cattle/Texas/24-008749-003/2024(H5N1)	2000	3105
PA|PP755594.1|A/cattle/Texas/24-008749-003/2024(H5N1)	2001	3170
PA|PP755594.1|A/cattle/Texas/24-008749-003/2024(H5N1)	2002	3194
PA|PP755594.1|A/cattle/Texas/24-008749-003/2024(H5N1)	2003	3218
PA|PP755594.1|A/cattle/Texas/24-008749-003/2024(H5N1)	2004	3236
PA|PP755594.1|A/cattle/Texas/24-008749-003/2024(H5N1)	2005	3300
PA|PP755594.1|A/cattle/Texas/24-008749-003/2024(H5N1)	2006	3305
PA|PP755594.1|A/cattle/Texas/24-008749-003/2024(H5N1)	2007	3376
PA|PP755594.1|A/cattle/Texas/24-008749-003/2024(H5N1)	2008	3377
PA|PP755594.1|A/cattle/Texas/24-008749-003/2024(H5N1)	2009	3351
PA|PP755594.1|A/cattle/Texas/24-008749-003/2024(H5N1)	2010	3340
PA|PP755594.1|A/cattle/Texas/24-008749-003/2024(H5N1)	2011	3381
PA|PP755594.1|A/cattle/Texas/24-008749-003/2024(H5N1)	2012	3366
PA|PP755594.1|A/cattle/Texas/24-008749-003/2024(H5N1)	2013	3371
PA|PP755594.1|A/cattle/Texas/24-008749-003/2024(H5N1)	2014	3455
PA|PP755594.1|A/cattle/Texas/24-008749-003/2024(H5N1)	2015	3434
PA|PP755594.1|A/cattle/Texas/24-008749-003/2024(H5N1)	2016	3444
PA|PP755594.1|A/cattle/Texas/24-008749-003/2024(H5N1)	2017	3444
PA|PP755594.1|A/cattle/Texas/24-008749-003/2024(H5N1)	2018	3446
PA|PP755594.1|A/cattle/Texas/24-008749-003/2024(H5N1)	2019	3490
PA|PP755594.1|A/cattle/Texas/24-008749-003/2024(H5N1)	2020	3535
PA|PP755594.1|A/cattle/Texas/24-008749-003/2024(H5N1)	2021	3526
PA|PP755594.1|A/cattle/Texas/24-008749-003/2024(H5N1)	2022	3439
PA|PP755594.1|A/cattle/Texas/24-008749-003/2024(H5N1)	2023	3329
PA|PP755594.1|A/cattle/Texas/24-008749-003/2024(H5N1)	2024	3396
PA|PP755594.1|A/cattle/Texas/24-008749-003/2024(H5N1)	2025	3411
PA|PP755594.1|A/cattle/Texas/24-008749-003/2024(H5N1)	2026	3399
PA|PP755594.1|A/cattle/Texas/24-008749-003/2024(H5N1)	2027	3387
PA|PP755594.1|A/cattle/Texas/24-008749-003/2024(H5N1)	2028	3416
PA|PP755594.1|A/cattle/Texas/24-008749-003/2024(H5N1)	2029	3455
PA|PP755594.1|A/cattle/Texas/24-008749-003/2024(H5N1)	2030	3455
PA|PP755594.1|A/cattle/Texas/24-008749-003/2024(H5N1)	2031	3449
PA|PP755594.1|A/cattle/Texas/24-008749-003/2024(H5N1)	2032	3576
PA|PP755594.1|A/cattle/Texas/24-008749-003/2024(H5N1)	2033	3464
PA|PP755594.1|A/cattle/Texas/24-008749-003/2024(H5N1)	2034	3526
PA|PP755594.1|A/cattle/Texas/24-008749-003/2024(H5N1)	2035	3529
PA|PP755594.1|A/cattle/Texas/24-008749-003/2024(H5N1)	2036	3542
PA|PP755594.1|A/cattle/Texas/24-008749-003/2024(H5N1)	2037	3565
PA|PP755594.1|A/cattle/Texas/24-008749-003/2024(H5N1)	2038	3567
PA|PP755594.1|A/cattle/Texas/24-008749-003/2024(H5N1)	2039	3576
PA|PP755594.1|A/cattle/Texas/24-008749-003/2024(H5N1)	2040	3525
PA|PP755594.1|A/cattle/Texas/24-008749-003/2024(H5N1)	2041	3485
PA|PP755594.1|A/cattle/Texas/24-008749-003/2024(H5N1)	2042	3605
PA|PP755594.1|A/cattle/Texas/24-008749-003/2024(H5N1)	2043	3598
PA|PP755594.1|A/cattle/Texas/24-008749-003/2024(H5N1)	2044	3595
PA|PP755594.1|A/cattle/Texas/24-008749-003/2024(H5N1)	2045	3624
PA|PP755594.1|A/cattle/Texas/24-008749-003/2024(H5N1)	2046	3611
PA|PP755594.1|A/cattle/Texas/24-008749-003/2024(H5N1)	2047	3601
PA|PP755594.1|A/cattle/Texas/24-008749-003/2024(H5N1)	2048	3600
PA|PP755594.1|A/cattle/Texas/24-008749-003/2024(H5N1)	2049	3611
PA|PP755594.1|A/cattle/Texas/24-008749-003/2024(H5N1)	2050	3609
PA|PP755594.1|A/cattle/Texas/24-008749-003/2024(H5N1)	2051	3601
PA|PP755594.1|A/cattle/Texas/24-008749-003/2024(H5N1)	2052	3600
PA|PP755594.1|A/cattle/Texas/24-008749-003/2024(H5N1)	2053	3715
PA|PP755594.1|A/cattle/Texas/24-008749-003/2024(H5N1)	2054	3689
PA|PP755594.1|A/cattle/Texas/24-008749-003/2024(H5N1)	2055	3720
PA|PP755594.1|A/cattle/Texas/24-008749-003/2024(H5N1)	2056	3618
PA|PP755594.1|A/cattle/Texas/24-008749-003/2024(H5N1)	2057	3611
PA|PP755594.1|A/cattle/Texas/24-008749-003/2024(H5N1)	2058	3963
PA|PP755594.1|A/cattle/Texas/24-008749-003/2024(H5N1)	2059	3841
PA|PP755594.1|A/cattle/Texas/24-008749-003/2024(H5N1)	2060	3864
PA|PP755594.1|A/cattle/Texas/24-008749-003/2024(H5N1)	2061	3847
PA|PP755594.1|A/cattle/Texas/24-008749-003/2024(H5N1)	2062	3741
PA|PP755594.1|A/cattle/Texas/24-008749-003/2024(H5N1)	2063	3767
PA|PP755594.1|A/cattle/Texas/24-008749-003/2024(H5N1)	2064	3699
PA|PP755594.1|A/cattle/Texas/24-008749-003/2024(H5N1)	2065	3699
PA|PP755594.1|A/cattle/Texas/24-008749-003/2024(H5N1)	2066	3733
PA|PP755594.1|A/cattle/Texas/24-008749-003/2024(H5N1)	2067	3646
PA|PP755594.1|A/cattle/Texas/24-008749-003/2024(H5N1)	2068	3726
PA|PP755594.1|A/cattle/Texas/24-008749-003/2024(H5N1)	2069	3694
PA|PP755594.1|A/cattle/Texas/24-008749-003/2024(H5N1)	2070	3693
PA|PP755594.1|A/cattle/Texas/24-008749-003/2024(H5N1)	2071	3692
PA|PP755594.1|A/cattle/Texas/24-008749-003/2024(H5N1)	2072	3685
PA|PP755594.1|A/cattle/Texas/24-008749-003/2024(H5N1)	2073	3686
PA|PP755594.1|A/cattle/Texas/24-008749-003/2024(H5N1)	2074	3667
PA|PP755594.1|A/cattle/Texas/24-008749-003/2024(H5N1)	2075	3733
PA|PP755594.1|A/cattle/Texas/24-008749-003/2024(H5N1)	2076	3768
PA|PP755594.1|A/cattle/Texas/24-008749-003/2024(H5N1)	2077	3474
PA|PP755594.1|A/cattle/Texas/24-008749-003/2024(H5N1)	2078	3476
PA|PP755594.1|A/cattle/Texas/24-008749-003/2024(H5N1)	2079	3452
PA|PP755594.1|A/cattle/Texas/24-008749-003/2024(H5N1)	2080	3439
PA|PP755594.1|A/cattle/Texas/24-008749-003/2024(H5N1)	2081	3433
PA|PP755594.1|A/cattle/Texas/24-008749-003/2024(H5N1)	2082	3460
PA|PP755594.1|A/cattle/Texas/24-008749-003/2024(H5N1)	2083	3461
PA|PP755594.1|A/cattle/Texas/24-008749-003/2024(H5N1)	2084	3430
PA|PP755594.1|A/cattle/Texas/24-008749-003/2024(H5N1)	2085	3377
PA|PP755594.1|A/cattle/Texas/24-008749-003/2024(H5N1)	2086	3357
PA|PP755594.1|A/cattle/Texas/24-008749-003/2024(H5N1)	2087	3354
PA|PP755594.1|A/cattle/Texas/24-008749-003/2024(H5N1)	2088	3348
PA|PP755594.1|A/cattle/Texas/24-008749-003/2024(H5N1)	2089	3358
PA|PP755594.1|A/cattle/Texas/24-008749-003/2024(H5N1)	2090	3356
PA|PP755594.1|A/cattle/Texas/24-008749-003/2024(H5N1)	2091	3330
PA|PP755594.1|A/cattle/Texas/24-008749-003/2024(H5N1)	2092	3314
PA|PP755594.1|A/cattle/Texas/24-008749-003/2024(H5N1)	2093	3236
PA|PP755594.1|A/cattle/Texas/24-008749-003/2024(H5N1)	2094	3206
PA|PP755594.1|A/cattle/Texas/24-008749-003/2024(H5N1)	2095	3202
PA|PP755594.1|A/cattle/Texas/24-008749-003/2024(H5N1)	2096	3206
PA|PP755594.1|A/cattle/Texas/24-008749-003/2024(H5N1)	2097	3214
PA|PP755594.1|A/cattle/Texas/24-008749-003/2024(H5N1)	2098	3182
PA|PP755594.1|A/cattle/Texas/24-008749-003/2024(H5N1)	2099	3164
PA|PP755594.1|A/cattle/Texas/24-008749-003/2024(H5N1)	2100	3092
PA|PP755594.1|A/cattle/Texas/24-008749-003/2024(H5N1)	2101	3088
PA|PP755594.1|A/cattle/Texas/24-008749-003/2024(H5N1)	2102	3085
PA|PP755594.1|A/cattle/Texas/24-008749-003/2024(H5N1)	2103	3066
PA|PP755594.1|A/cattle/Texas/24-008749-003/2024(H5N1)	2104	3039
PA|PP755594.1|A/cattle/Texas/24-008749-003/2024(H5N1)	2105	3024
PA|PP755594.1|A/cattle/Texas/24-008749-003/2024(H5N1)	2106	3026
PA|PP755594.1|A/cattle/Texas/24-008749-003/2024(H5N1)	2107	2985
PA|PP755594.1|A/cattle/Texas/24-008749-003/2024(H5N1)	2108	2985
PA|PP755594.1|A/cattle/Texas/24-008749-003/2024(H5N1)	2109	2984
PA|PP755594.1|A/cattle/Texas/24-008749-003/2024(H5N1)	2110	2986
PA|PP755594.1|A/cattle/Texas/24-008749-003/2024(H5N1)	2111	2981
PA|PP755594.1|A/cattle/Texas/24-008749-003/2024(H5N1)	2112	2925
PA|PP755594.1|A/cattle/Texas/24-008749-003/2024(H5N1)	2113	2919
PA|PP755594.1|A/cattle/Texas/24-008749-003/2024(H5N1)	2114	2899
PA|PP755594.1|A/cattle/Texas/24-008749-003/2024(H5N1)	2115	2897
PA|PP755594.1|A/cattle/Texas/24-008749-003/2024(H5N1)	2116	2902
PA|PP755594.1|A/cattle/Texas/24-008749-003/2024(H5N1)	2117	2873
PA|PP755594.1|A/cattle/Texas/24-008749-003/2024(H5N1)	2118	2899
PA|PP755594.1|A/cattle/Texas/24-008749-003/2024(H5N1)	2119	2893
PA|PP755594.1|A/cattle/Texas/24-008749-003/2024(H5N1)	2120	2887
PA|PP755594.1|A/cattle/Texas/24-008749-003/2024(H5N1)	2121	2798
PA|PP755594.1|A/cattle/Texas/24-008749-003/2024(H5N1)	2122	2768
PA|PP755594.1|A/cattle/Texas/24-008749-003/2024(H5N1)	2123	2772
PA|PP755594.1|A/cattle/Texas/24-008749-003/2024(H5N1)	2124	2762
PA|PP755594.1|A/cattle/Texas/24-008749-003/2024(H5N1)	2125	2735
PA|PP755594.1|A/cattle/Texas/24-008749-003/2024(H5N1)	2126	2729
PA|PP755594.1|A/cattle/Texas/24-008749-003/2024(H5N1)	2127	2651
PA|PP755594.1|A/cattle/Texas/24-008749-003/2024(H5N1)	2128	2648
PA|PP755594.1|A/cattle/Texas/24-008749-003/2024(H5N1)	2129	2648
PA|PP755594.1|A/cattle/Texas/24-008749-003/2024(H5N1)	2130	2647
PA|PP755594.1|A/cattle/Texas/24-008749-003/2024(H5N1)	2131	2635
PA|PP755594.1|A/cattle/Texas/24-008749-003/2024(H5N1)	2132	2621
PA|PP755594.1|A/cattle/Texas/24-008749-003/2024(H5N1)	2133	2611
PA|PP755594.1|A/cattle/Texas/24-008749-003/2024(H5N1)	2134	2610
PA|PP755594.1|A/cattle/Texas/24-008749-003/2024(H5N1)	2135	2590
PA|PP755594.1|A/cattle/Texas/24-008749-003/2024(H5N1)	2136	2573
PA|PP755594.1|A/cattle/Texas/24-008749-003/2024(H5N1)	2137	2566
PA|PP755594.1|A/cattle/Texas/24-008749-003/2024(H5N1)	2138	2546
PA|PP755594.1|A/cattle/Texas/24-008749-003/2024(H5N1)	2139	2507
PA|PP755594.1|A/cattle/Texas/24-008749-003/2024(H5N1)	2140	2495
PA|PP755594.1|A/cattle/Texas/24-008749-003/2024(H5N1)	2141	2480
PA|PP755594.1|A/cattle/Texas/24-008749-003/2024(H5N1)	2142	2464
PA|PP755594.1|A/cattle/Texas/24-008749-003/2024(H5N1)	2143	2439
PA|PP755594.1|A/cattle/Texas/24-008749-003/2024(H5N1)	2144	2354
PA|PP755594.1|A/cattle/Texas/24-008749-003/2024(H5N1)	2145	2354
PA|PP755594.1|A/cattle/Texas/24-008749-003/2024(H5N1)	2146	2344
PA|PP755594.1|A/cattle/Texas/24-008749-003/2024(H5N1)	2147	2298
PA|PP755594.1|A/cattle/Texas/24-008749-003/2024(H5N1)	2148	2294
PA|PP755594.1|A/cattle/Texas/24-008749-003/2024(H5N1)	2149	2267
PA|PP755594.1|A/cattle/Texas/24-008749-003/2024(H5N1)	2150	2208
PA|PP755594.1|A/cattle/Texas/24-008749-003/2024(H5N1)	2151	2189
