PB1|PP755595.1|A/cattle/Texas/24-008749-003/2024(H5N1)	1	1402
PB1|PP755595.1|A/cattle/Texas/24-008749-003/2024(H5N1)	2	1404
PB1|PP755595.1|A/cattle/Texas/24-008749-003/2024(H5N1)	3	1415
PB1|PP755595.1|A/cattle/Texas/24-008749-003/2024(H5N1)	4	1431
PB1|PP755595.1|A/cattle/Texas/24-008749-003/2024(H5N1)	5	1476
PB1|PP755595.1|A/cattle/Texas/24-008749-003/2024(H5N1)	6	1502
PB1|PP755595.1|A/cattle/Texas/24-008749-003/2024(H5N1)	7	1503
PB1|PP755595.1|A/cattle/Texas/24-008749-003/2024(H5N1)	8	1505
PB1|PP755595.1|A/cattle/Texas/24-008749-003/2024(H5N1)	9	1537
PB1|PP755595.1|A/cattle/Texas/24-008749-003/2024(H5N1)	10	1541
PB1|PP755595.1|A/cattle/Texas/24-008749-003/2024(H5N1)	11	1551
PB1|PP755595.1|A/cattle/Texas/24-008749-003/2024(H5N1)	12	1551
PB1|PP755595.1|A/cattle/Texas/24-008749-003/2024(H5N1)	13	1553
PB1|PP755595.1|A/cattle/Texas/24-008749-003/2024(H5N1)	14	1571
PB1|PP755595.1|A/cattle/Texas/24-008749-003/2024(H5N1)	15	1585
PB1|PP755595.1|A/cattle/Texas/24-008749-003/2024(H5N1)	16	1585
PB1|PP755595.1|A/cattle/Texas/24-008749-003/2024(H5N1)	17	1585
PB1|PP755595.1|A/cattle/Texas/24-008749-003/2024(H5N1)	18	1585
PB1|PP755595.1|A/cattle/Texas/24-008749-003/2024(H5N1)	19	1594
PB1|PP755595.1|A/cattle/Texas/24-008749-003/2024(H5N1)	20	1600
PB1|PP755595.1|A/cattle/Texas/24-008749-003/2024(H5N1)	21	1600
PB1|PP755595.1|A/cattle/Texas/24-008749-003/2024(H5N1)	22	1600
PB1|PP755595.1|A/cattle/Texas/24-008749-003/2024(H5N1)	23	1600
PB1|PP755595.1|A/cattle/Texas/24-008749-003/2024(H5N1)	24	1600
PB1|PP755595.1|A/cattle/Texas/24-008749-003/2024(H5N1)	25	1600
PB1|PP755595.1|A/cattle/Texas/24-008749-003/2024(H5N1)	26	1600
PB1|PP755595.1|A/cattle/Texas/24-008749-003/2024(H5N1)	27	1600
PB1|PP755595.1|A/cattle/Texas/24-008749-003/2024(H5N1)	28	1600
PB1|PP755595.1|A/cattle/Texas/24-008749-003/2024(H5N1)	29	1601
PB1|PP755595.1|A/cattle/Texas/24-008749-003/2024(H5N1)	30	1603
PB1|PP755595.1|A/cattle/Texas/24-008749-003/2024(H5N1)	31	1687
PB1|PP755595.1|A/cattle/Texas/24-008749-003/2024(H5N1)	32	1696
PB1|PP755595.1|A/cattle/Texas/24-008749-003/2024(H5N1)	33	1697
PB1|PP755595.1|A/cattle/Texas/24-008749-003/2024(H5N1)	34	1757
PB1|PP755595.1|A/cattle/Texas/24-008749-003/2024(H5N1)	35	1758
PB1|PP755595.1|A/cattle/Texas/24-008749-003/2024(H5N1)	36	1759
PB1|PP755595.1|A/cattle/Texas/24-008749-003/2024(H5N1)	37	1760
PB1|PP755595.1|A/cattle/Texas/24-008749-003/2024(H5N1)	38	1760
PB1|PP755595.1|A/cattle/Texas/24-008749-003/2024(H5N1)	39	1760
PB1|PP755595.1|A/cattle/Texas/24-008749-003/2024(H5N1)	40	1775
PB1|PP755595.1|A/cattle/Texas/24-008749-003/2024(H5N1)	41	1783
PB1|PP755595.1|A/cattle/Texas/24-008749-003/2024(H5N1)	42	1785
PB1|PP755595.1|A/cattle/Texas/24-008749-003/2024(H5N1)	43	1793
PB1|PP755595.1|A/cattle/Texas/24-008749-003/2024(H5N1)	44	1793
PB1|PP755595.1|A/cattle/Texas/24-008749-003/2024(H5N1)	45	1795
PB1|PP755595.1|A/cattle/Texas/24-008749-003/2024(H5N1)	46	1797
PB1|PP755595.1|A/cattle/Texas/24-008749-003/2024(H5N1)	47	1805
PB1|PP755595.1|A/cattle/Texas/24-008749-003/2024(H5N1)	48	1869
PB1|PP755595.1|A/cattle/Texas/24-008749-003/2024(H5N1)	49	1936
PB1|PP755595.1|A/cattle/Texas/24-008749-003/2024(H5N1)	50	1941
PB1|PP755595.1|A/cattle/Texas/24-008749-003/2024(H5N1)	51	1951
PB1|PP755595.1|A/cattle/Texas/24-008749-003/2024(H5N1)	52	1955
PB1|PP755595.1|A/cattle/Texas/24-008749-003/2024(H5N1)	53	1970
PB1|PP755595.1|A/cattle/Texas/24-008749-003/2024(H5N1)	54	2028
PB1|PP755595.1|A/cattle/Texas/24-008749-003/2024(H5N1)	55	2028
PB1|PP755595.1|A/cattle/Texas/24-008749-003/2024(H5N1)	56	2058
PB1|PP755595.1|A/cattle/Texas/24-008749-003/2024(H5N1)	57	2067
PB1|PP755595.1|A/cattle/Texas/24-008749-003/2024(H5N1)	58	2065
PB1|PP755595.1|A/cattle/Texas/24-008749-003/2024(H5N1)	59	2128
PB1|PP755595.1|A/cattle/Texas/24-008749-003/2024(H5N1)	60	2127
PB1|PP755595.1|A/cattle/Texas/24-008749-003/2024(H5N1)	61	2150
PB1|PP755595.1|A/cattle/Texas/24-008749-003/2024(H5N1)	62	2157
PB1|PP755595.1|A/cattle/Texas/24-008749-003/2024(H5N1)	63	2147
PB1|PP755595.1|A/cattle/Texas/24-008749-003/2024(H5N1)	64	2207
PB1|PP755595.1|A/cattle/Texas/24-008749-003/2024(H5N1)	65	2212
PB1|PP755595.1|A/cattle/Texas/24-008749-003/2024(H5N1)	66	2483
PB1|PP755595.1|A/cattle/Texas/24-008749-003/2024(H5N1)	67	2484
PB1|PP755595.1|A/cattle/Texas/24-008749-003/2024(H5N1)	68	2471
PB1|PP755595.1|A/cattle/Texas/24-008749-003/2024(H5N1)	69	2543
PB1|PP755595.1|A/cattle/Texas/24-008749-003/2024(H5N1)	70	2539
PB1|PP755595.1|A/cattle/Texas/24-008749-003/2024(H5N1)	71	2700
PB1|PP755595.1|A/cattle/Texas/24-008749-003/2024(H5N1)	72	2707
PB1|PP755595.1|A/cattle/Texas/24-008749-003/2024(H5N1)	73	2765
PB1|PP755595.1|A/cattle/Texas/24-008749-003/2024(H5N1)	74	2808
PB1|PP755595.1|A/cattle/Texas/24-008749-003/2024(H5N1)	75	2768
PB1|PP755595.1|A/cattle/Texas/24-008749-003/2024(H5N1)	76	2776
PB1|PP755595.1|A/cattle/Texas/24-008749-003/2024(H5N1)	77	2788
PB1|PP755595.1|A/cattle/Texas/24-008749-003/2024(H5N1)	78	2784
PB1|PP755595.1|A/cattle/Texas/24-008749-003/2024(H5N1)	79	2787
PB1|PP755595.1|A/cattle/Texas/24-008749-003/2024(H5N1)	80	2810
PB1|PP755595.1|A/cattle/Texas/24-008749-003/2024(H5N1)	81	2881
PB1|PP755595.1|A/cattle/Texas/24-008749-003/2024(H5N1)	82	3042
PB1|PP755595.1|A/cattle/Texas/24-008749-003/2024(H5N1)	83	3048
PB1|PP755595.1|A/cattle/Texas/24-008749-003/2024(H5N1)	84	3055
PB1|PP755595.1|A/cattle/Texas/24-008749-003/2024(H5N1)	85	3312
PB1|PP755595.1|A/cattle/Texas/24-008749-003/2024(H5N1)	86	3334
PB1|PP755595.1|A/cattle/Texas/24-008749-003/2024(H5N1)	87	3342
PB1|PP755595.1|A/cattle/Texas/24-008749-003/2024(H5N1)	88	3342
PB1|PP755595.1|A/cattle/Texas/24-008749-003/2024(H5N1)	89	3342
PB1|PP755595.1|A/cattle/Texas/24-008749-003/2024(H5N1)	90	3346
PB1|PP755595.1|A/cattle/Texas/24-008749-003/2024(H5N1)	91	3335
PB1|PP755595.1|A/cattle/Texas/24-008749-003/2024(H5N1)	92	3481
PB1|PP755595.1|A/cattle/Texas/24-008749-003/2024(H5N1)	93	3542
PB1|PP755595.1|A/cattle/Texas/24-008749-003/2024(H5N1)	94	3530
PB1|PP755595.1|A/cattle/Texas/24-008749-003/2024(H5N1)	95	3555
PB1|PP755595.1|A/cattle/Texas/24-008749-003/2024(H5N1)	96	3556
PB1|PP755595.1|A/cattle/Texas/24-008749-003/2024(H5N1)	97	3569
PB1|PP755595.1|A/cattle/Texas/24-008749-003/2024(H5N1)	98	3680
PB1|PP755595.1|A/cattle/Texas/24-008749-003/2024(H5N1)	99	3695
PB1|PP755595.1|A/cattle/Texas/24-008749-003/2024(H5N1)	100	3701
PB1|PP755595.1|A/cattle/Texas/24-008749-003/2024(H5N1)	101	3701
PB1|PP755595.1|A/cattle/Texas/24-008749-003/2024(H5N1)	102	3695
PB1|PP755595.1|A/cattle/Texas/24-008749-003/2024(H5N1)	103	3766
PB1|PP755595.1|A/cattle/Texas/24-008749-003/2024(H5N1)	104	3953
PB1|PP755595.1|A/cattle/Texas/24-008749-003/2024(H5N1)	105	3966
PB1|PP755595.1|A/cattle/Texas/24-008749-003/2024(H5N1)	106	3960
PB1|PP755595.1|A/cattle/Texas/24-008749-003/2024(H5N1)	107	3959
PB1|PP755595.1|A/cattle/Texas/24-008749-003/2024(H5N1)	108	3958
PB1|PP755595.1|A/cattle/Texas/24-008749-003/2024(H5N1)	109	4573
PB1|PP755595.1|A/cattle/Texas/24-008749-003/2024(H5N1)	110	4652
PB1|PP755595.1|A/cattle/Texas/24-008749-003/2024(H5N1)	111	4688
PB1|PP755595.1|A/cattle/Texas/24-008749-003/2024(H5N1)	112	4684
PB1|PP755595.1|A/cattle/Texas/24-008749-003/2024(H5N1)	113	4703
PB1|PP755595.1|A/cattle/Texas/24-008749-003/2024(H5N1)	114	4747
PB1|PP755595.1|A/cattle/Texas/24-008749-003/2024(H5N1)	115	4866
PB1|PP755595.1|A/cattle/Texas/24-008749-003/2024(H5N1)	116	4914
PB1|PP755595.1|A/cattle/Texas/24-008749-003/2024(H5N1)	117	4903
PB1|PP755595.1|A/cattle/Texas/24-008749-003/2024(H5N1)	118	4817
PB1|PP755595.1|A/cattle/Texas/24-008749-003/2024(H5N1)	119	4823
PB1|PP755595.1|A/cattle/Texas/24-008749-003/2024(H5N1)	120	4860
PB1|PP755595.1|A/cattle/Texas/24-008749-003/2024(H5N1)	121	4875
PB1|PP755595.1|A/cattle/Texas/24-008749-003/2024(H5N1)	122	4923
PB1|PP755595.1|A/cattle/Texas/24-008749-003/2024(H5N1)	123	4924
PB1|PP755595.1|A/cattle/Texas/24-008749-003/2024(H5N1)	124	4909
PB1|PP755595.1|A/cattle/Texas/24-008749-003/2024(H5N1)	125	5108
PB1|PP755595.1|A/cattle/Texas/24-008749-003/2024(H5N1)	126	5151
PB1|PP755595.1|A/cattle/Texas/24-008749-003/2024(H5N1)	127	4750
PB1|PP755595.1|A/cattle/Texas/24-008749-003/2024(H5N1)	128	4693
PB1|PP755595.1|A/cattle/Texas/24-008749-003/2024(H5N1)	129	4762
PB1|PP755595.1|A/cattle/Texas/24-008749-003/2024(H5N1)	130	4755
PB1|PP755595.1|A/cattle/Texas/24-008749-003/2024(H5N1)	131	4780
PB1|PP755595.1|A/cattle/Texas/24-008749-003/2024(H5N1)	132	4760
PB1|PP755595.1|A/cattle/Texas/24-008749-003/2024(H5N1)	133	4755
PB1|PP755595.1|A/cattle/Texas/24-008749-003/2024(H5N1)	134	4804
PB1|PP755595.1|A/cattle/Texas/24-008749-003/2024(H5N1)	135	4776
PB1|PP755595.1|A/cattle/Texas/24-008749-003/2024(H5N1)	136	4761
PB1|PP755595.1|A/cattle/Texas/24-008749-003/2024(H5N1)	137	4673
PB1|PP755595.1|A/cattle/Texas/24-008749-003/2024(H5N1)	138	4646
PB1|PP755595.1|A/cattle/Texas/24-008749-003/2024(H5N1)	139	4946
PB1|PP755595.1|A/cattle/Texas/24-008749-003/2024(H5N1)	140	4946
PB1|PP755595.1|A/cattle/Texas/24-008749-003/2024(H5N1)	141	4972
PB1|PP755595.1|A/cattle/Texas/24-008749-003/2024(H5N1)	142	4957
PB1|PP755595.1|A/cattle/Texas/24-008749-003/2024(H5N1)	143	4952
PB1|PP755595.1|A/cattle/Texas/24-008749-003/2024(H5N1)	144	4878
PB1|PP755595.1|A/cattle/Texas/24-008749-003/2024(H5N1)	145	4877
PB1|PP755595.1|A/cattle/Texas/24-008749-003/2024(H5N1)	146	4875
PB1|PP755595.1|A/cattle/Texas/24-008749-003/2024(H5N1)	147	4881
PB1|PP755595.1|A/cattle/Texas/24-008749-003/2024(H5N1)	148	4864
PB1|PP755595.1|A/cattle/Texas/24-008749-003/2024(H5N1)	149	4835
PB1|PP755595.1|A/cattle/Texas/24-008749-003/2024(H5N1)	150	4829
PB1|PP755595.1|A/cattle/Texas/24-008749-003/2024(H5N1)	151	4832
PB1|PP755595.1|A/cattle/Texas/24-008749-003/2024(H5N1)	152	4944
PB1|PP755595.1|A/cattle/Texas/24-008749-003/2024(H5N1)	153	4946
PB1|PP755595.1|A/cattle/Texas/24-008749-003/2024(H5N1)	154	4981
PB1|PP755595.1|A/cattle/Texas/24-008749-003/2024(H5N1)	155	4996
PB1|PP755595.1|A/cattle/Texas/24-008749-003/2024(H5N1)	156	4963
PB1|PP755595.1|A/cattle/Texas/24-008749-003/2024(H5N1)	157	4956
PB1|PP755595.1|A/cattle/Texas/24-008749-003/2024(H5N1)	158	4961
PB1|PP755595.1|A/cattle/Texas/24-008749-003/2024(H5N1)	159	4962
PB1|PP755595.1|A/cattle/Texas/24-008749-003/2024(H5N1)	160	4941
PB1|PP755595.1|A/cattle/Texas/24-008749-003/2024(H5N1)	161	4939
PB1|PP755595.1|A/cattle/Texas/24-008749-003/2024(H5N1)	162	4945
PB1|PP755595.1|A/cattle/Texas/24-008749-003/2024(H5N1)	163	4947
PB1|PP755595.1|A/cattle/Texas/24-008749-003/2024(H5N1)	164	4957
PB1|PP755595.1|A/cattle/Texas/24-008749-003/2024(H5N1)	165	4946
PB1|PP755595.1|A/cattle/Texas/24-008749-003/2024(H5N1)	166	4939
PB1|PP755595.1|A/cattle/Texas/24-008749-003/2024(H5N1)	167	4929
PB1|PP755595.1|A/cattle/Texas/24-008749-003/2024(H5N1)	168	4930
PB1|PP755595.1|A/cattle/Texas/24-008749-003/2024(H5N1)	169	4932
PB1|PP755595.1|A/cattle/Texas/24-008749-003/2024(H5N1)	170	4928
PB1|PP755595.1|A/cattle/Texas/24-008749-003/2024(H5N1)	171	4927
PB1|PP755595.1|A/cattle/Texas/24-008749-003/2024(H5N1)	172	4923
PB1|PP755595.1|A/cattle/Texas/24-008749-003/2024(H5N1)	173	4963
PB1|PP755595.1|A/cattle/Texas/24-008749-003/2024(H5N1)	174	5027
PB1|PP755595.1|A/cattle/Texas/24-008749-003/2024(H5N1)	175	5025
PB1|PP755595.1|A/cattle/Texas/24-008749-003/2024(H5N1)	176	5001
PB1|PP755595.1|A/cattle/Texas/24-008749-003/2024(H5N1)	177	4991
PB1|PP755595.1|A/cattle/Texas/24-008749-003/2024(H5N1)	178	4993
PB1|PP755595.1|A/cattle/Texas/24-008749-003/2024(H5N1)	179	5060
PB1|PP755595.1|A/cattle/Texas/24-008749-003/2024(H5N1)	180	5090
PB1|PP755595.1|A/cattle/Texas/24-008749-003/2024(H5N1)	181	5088
PB1|PP755595.1|A/cattle/Texas/24-008749-003/2024(H5N1)	182	5034
PB1|PP755595.1|A/cattle/Texas/24-008749-003/2024(H5N1)	183	5017
PB1|PP755595.1|A/cattle/Texas/24-008749-003/2024(H5N1)	184	5021
PB1|PP755595.1|A/cattle/Texas/24-008749-003/2024(H5N1)	185	5036
PB1|PP755595.1|A/cattle/Texas/24-008749-003/2024(H5N1)	186	5036
PB1|PP755595.1|A/cattle/Texas/24-008749-003/2024(H5N1)	187	5097
PB1|PP755595.1|A/cattle/Texas/24-008749-003/2024(H5N1)	188	5190
PB1|PP755595.1|A/cattle/Texas/24-008749-003/2024(H5N1)	189	5186
PB1|PP755595.1|A/cattle/Texas/24-008749-003/2024(H5N1)	190	5591
PB1|PP755595.1|A/cattle/Texas/24-008749-003/2024(H5N1)	191	5582
PB1|PP755595.1|A/cattle/Texas/24-008749-003/2024(H5N1)	192	5582
PB1|PP755595.1|A/cattle/Texas/24-008749-003/2024(H5N1)	193	5614
PB1|PP755595.1|A/cattle/Texas/24-008749-003/2024(H5N1)	194	5605
PB1|PP755595.1|A/cattle/Texas/24-008749-003/2024(H5N1)	195	5674
PB1|PP755595.1|A/cattle/Texas/24-008749-003/2024(H5N1)	196	5677
PB1|PP755595.1|A/cattle/Texas/24-008749-003/2024(H5N1)	197	5673
PB1|PP755595.1|A/cattle/Texas/24-008749-003/2024(H5N1)	198	5706
PB1|PP755595.1|A/cattle/Texas/24-008749-003/2024(H5N1)	199	5580
PB1|PP755595.1|A/cattle/Texas/24-008749-003/2024(H5N1)	200	5580
PB1|PP755595.1|A/cattle/Texas/24-008749-003/2024(H5N1)	201	5597
PB1|PP755595.1|A/cattle/Texas/24-008749-003/2024(H5N1)	202	5579
PB1|PP755595.1|A/cattle/Texas/24-008749-003/2024(H5N1)	203	5627
PB1|PP755595.1|A/cattle/Texas/24-008749-003/2024(H5N1)	204	5593
PB1|PP755595.1|A/cattle/Texas/24-008749-003/2024(H5N1)	205	5629
PB1|PP755595.1|A/cattle/Texas/24-008749-003/2024(H5N1)	206	5656
PB1|PP755595.1|A/cattle/Texas/24-008749-003/2024(H5N1)	207	5648
PB1|PP755595.1|A/cattle/Texas/24-008749-003/2024(H5N1)	208	5648
PB1|PP755595.1|A/cattle/Texas/24-008749-003/2024(H5N1)	209	5652
PB1|PP755595.1|A/cattle/Texas/24-008749-003/2024(H5N1)	210	5654
PB1|PP755595.1|A/cattle/Texas/24-008749-003/2024(H5N1)	211	5655
PB1|PP755595.1|A/cattle/Texas/24-008749-003/2024(H5N1)	212	5674
PB1|PP755595.1|A/cattle/Texas/24-008749-003/2024(H5N1)	213	5805
PB1|PP755595.1|A/cattle/Texas/24-008749-003/2024(H5N1)	214	5784
PB1|PP755595.1|A/cattle/Texas/24-008749-003/2024(H5N1)	215	5800
PB1|PP755595.1|A/cattle/Texas/24-008749-003/2024(H5N1)	216	5803
PB1|PP755595.1|A/cattle/Texas/24-008749-003/2024(H5N1)	217	5569
PB1|PP755595.1|A/cattle/Texas/24-008749-003/2024(H5N1)	218	5605
PB1|PP755595.1|A/cattle/Texas/24-008749-003/2024(H5N1)	219	5724
PB1|PP755595.1|A/cattle/Texas/24-008749-003/2024(H5N1)	220	5826
PB1|PP755595.1|A/cattle/Texas/24-008749-003/2024(H5N1)	221	5667
PB1|PP755595.1|A/cattle/Texas/24-008749-003/2024(H5N1)	222	5586
PB1|PP755595.1|A/cattle/Texas/24-008749-003/2024(H5N1)	223	5596
PB1|PP755595.1|A/cattle/Texas/24-008749-003/2024(H5N1)	224	5582
PB1|PP755595.1|A/cattle/Texas/24-008749-003/2024(H5N1)	225	5591
PB1|PP755595.1|A/cattle/Texas/24-008749-003/2024(H5N1)	226	5691
PB1|PP755595.1|A/cattle/Texas/24-008749-003/2024(H5N1)	227	5695
PB1|PP755595.1|A/cattle/Texas/24-008749-003/2024(H5N1)	228	5838
PB1|PP755595.1|A/cattle/Texas/24-008749-003/2024(H5N1)	229	5789
PB1|PP755595.1|A/cattle/Texas/24-008749-003/2024(H5N1)	230	5796
PB1|PP755595.1|A/cattle/Texas/24-008749-003/2024(H5N1)	231	5799
PB1|PP755595.1|A/cattle/Texas/24-008749-003/2024(H5N1)	232	5824
PB1|PP755595.1|A/cattle/Texas/24-008749-003/2024(H5N1)	233	5715
PB1|PP755595.1|A/cattle/Texas/24-008749-003/2024(H5N1)	234	5800
PB1|PP755595.1|A/cattle/Texas/24-008749-003/2024(H5N1)	235	5594
PB1|PP755595.1|A/cattle/Texas/24-008749-003/2024(H5N1)	236	5578
PB1|PP755595.1|A/cattle/Texas/24-008749-003/2024(H5N1)	237	5602
PB1|PP755595.1|A/cattle/Texas/24-008749-003/2024(H5N1)	238	5600
PB1|PP755595.1|A/cattle/Texas/24-008749-003/2024(H5N1)	239	5633
PB1|PP755595.1|A/cattle/Texas/24-008749-003/2024(H5N1)	240	5805
PB1|PP755595.1|A/cattle/Texas/24-008749-003/2024(H5N1)	241	5836
PB1|PP755595.1|A/cattle/Texas/24-008749-003/2024(H5N1)	242	5990
PB1|PP755595.1|A/cattle/Texas/24-008749-003/2024(H5N1)	243	5867
PB1|PP755595.1|A/cattle/Texas/24-008749-003/2024(H5N1)	244	5821
PB1|PP755595.1|A/cattle/Texas/24-008749-003/2024(H5N1)	245	5877
PB1|PP755595.1|A/cattle/Texas/24-008749-003/2024(H5N1)	246	5873
PB1|PP755595.1|A/cattle/Texas/24-008749-003/2024(H5N1)	247	5888
PB1|PP755595.1|A/cattle/Texas/24-008749-003/2024(H5N1)	248	5793
PB1|PP755595.1|A/cattle/Texas/24-008749-003/2024(H5N1)	249	5789
PB1|PP755595.1|A/cattle/Texas/24-008749-003/2024(H5N1)	250	5892
PB1|PP755595.1|A/cattle/Texas/24-008749-003/2024(H5N1)	251	5804
PB1|PP755595.1|A/cattle/Texas/24-008749-003/2024(H5N1)	252	5883
PB1|PP755595.1|A/cattle/Texas/24-008749-003/2024(H5N1)	253	5885
PB1|PP755595.1|A/cattle/Texas/24-008749-003/2024(H5N1)	254	5738
PB1|PP755595.1|A/cattle/Texas/24-008749-003/2024(H5N1)	255	5730
PB1|PP755595.1|A/cattle/Texas/24-008749-003/2024(H5N1)	256	5807
PB1|PP755595.1|A/cattle/Texas/24-008749-003/2024(H5N1)	257	5823
PB1|PP755595.1|A/cattle/Texas/24-008749-003/2024(H5N1)	258	5269
PB1|PP755595.1|A/cattle/Texas/24-008749-003/2024(H5N1)	259	5226
PB1|PP755595.1|A/cattle/Texas/24-008749-003/2024(H5N1)	260	5335
PB1|PP755595.1|A/cattle/Texas/24-008749-003/2024(H5N1)	261	5292
PB1|PP755595.1|A/cattle/Texas/24-008749-003/2024(H5N1)	262	5324
PB1|PP755595.1|A/cattle/Texas/24-008749-003/2024(H5N1)	263	5353
PB1|PP755595.1|A/cattle/Texas/24-008749-003/2024(H5N1)	264	5411
PB1|PP755595.1|A/cattle/Texas/24-008749-003/2024(H5N1)	265	5233
PB1|PP755595.1|A/cattle/Texas/24-008749-003/2024(H5N1)	266	5225
PB1|PP755595.1|A/cattle/Texas/24-008749-003/2024(H5N1)	267	5222
PB1|PP755595.1|A/cattle/Texas/24-008749-003/2024(H5N1)	268	5223
PB1|PP755595.1|A/cattle/Texas/24-008749-003/2024(H5N1)	269	5190
PB1|PP755595.1|A/cattle/Texas/24-008749-003/2024(H5N1)	270	5210
PB1|PP755595.1|A/cattle/Texas/24-008749-003/2024(H5N1)	271	5174
PB1|PP755595.1|A/cattle/Texas/24-008749-003/2024(H5N1)	272	5228
PB1|PP755595.1|A/cattle/Texas/24-008749-003/2024(H5N1)	273	5179
PB1|PP755595.1|A/cattle/Texas/24-008749-003/2024(H5N1)	274	5185
PB1|PP755595.1|A/cattle/Texas/24-008749-003/2024(H5N1)	275	5196
PB1|PP755595.1|A/cattle/Texas/24-008749-003/2024(H5N1)	276	5173
PB1|PP755595.1|A/cattle/Texas/24-008749-003/2024(H5N1)	277	5142
PB1|PP755595.1|A/cattle/Texas/24-008749-003/2024(H5N1)	278	4966
PB1|PP755595.1|A/cattle/Texas/24-008749-003/2024(H5N1)	279	4954
PB1|PP755595.1|A/cattle/Texas/24-008749-003/2024(H5N1)	280	4955
PB1|PP755595.1|A/cattle/Texas/24-008749-003/2024(H5N1)	281	5249
PB1|PP755595.1|A/cattle/Texas/24-008749-003/2024(H5N1)	282	5379
PB1|PP755595.1|A/cattle/Texas/24-008749-003/2024(H5N1)	283	5333
PB1|PP755595.1|A/cattle/Texas/24-008749-003/2024(H5N1)	284	5334
PB1|PP755595.1|A/cattle/Texas/24-008749-003/2024(H5N1)	285	5310
PB1|PP755595.1|A/cattle/Texas/24-008749-003/2024(H5N1)	286	5343
PB1|PP755595.1|A/cattle/Texas/24-008749-003/2024(H5N1)	287	5762
PB1|PP755595.1|A/cattle/Texas/24-008749-003/2024(H5N1)	288	5758
PB1|PP755595.1|A/cattle/Texas/24-008749-003/2024(H5N1)	289	5796
PB1|PP755595.1|A/cattle/Texas/24-008749-003/2024(H5N1)	290	5474
PB1|PP755595.1|A/cattle/Texas/24-008749-003/2024(H5N1)	291	5642
PB1|PP755595.1|A/cattle/Texas/24-008749-003/2024(H5N1)	292	5988
PB1|PP755595.1|A/cattle/Texas/24-008749-003/2024(H5N1)	293	6005
PB1|PP755595.1|A/cattle/Texas/24-008749-003/2024(H5N1)	294	6016
PB1|PP755595.1|A/cattle/Texas/24-008749-003/2024(H5N1)	295	6322
PB1|PP755595.1|A/cattle/Texas/24-008749-003/2024(H5N1)	296	6368
PB1|PP755595.1|A/cattle/Texas/24-008749-003/2024(H5N1)	297	6419
PB1|PP755595.1|A/cattle/Texas/24-008749-003/2024(H5N1)	298	6403
PB1|PP755595.1|A/cattle/Texas/24-008749-003/2024(H5N1)	299	6406
PB1|PP755595.1|A/cattle/Texas/24-008749-003/2024(H5N1)	300	6286
PB1|PP755595.1|A/cattle/Texas/24-008749-003/2024(H5N1)	301	6290
PB1|PP755595.1|A/cattle/Texas/24-008749-003/2024(H5N1)	302	6311
PB1|PP755595.1|A/cattle/Texas/24-008749-003/2024(H5N1)	303	6340
PB1|PP755595.1|A/cattle/Texas/24-008749-003/2024(H5N1)	304	6358
PB1|PP755595.1|A/cattle/Texas/24-008749-003/2024(H5N1)	305	6349
PB1|PP755595.1|A/cattle/Texas/24-008749-003/2024(H5N1)	306	6431
PB1|PP755595.1|A/cattle/Texas/24-008749-003/2024(H5N1)	307	6429
PB1|PP755595.1|A/cattle/Texas/24-008749-003/2024(H5N1)	308	6439
PB1|PP755595.1|A/cattle/Texas/24-008749-003/2024(H5N1)	309	6439
PB1|PP755595.1|A/cattle/Texas/24-008749-003/2024(H5N1)	310	6438
PB1|PP755595.1|A/cattle/Texas/24-008749-003/2024(H5N1)	311	6458
PB1|PP755595.1|A/cattle/Texas/24-008749-003/2024(H5N1)	312	6466
PB1|PP755595.1|A/cattle/Texas/24-008749-003/2024(H5N1)	313	6453
PB1|PP755595.1|A/cattle/Texas/24-008749-003/2024(H5N1)	314	6454
PB1|PP755595.1|A/cattle/Texas/24-008749-003/2024(H5N1)	315	6482
PB1|PP755595.1|A/cattle/Texas/24-008749-003/2024(H5N1)	316	6473
PB1|PP755595.1|A/cattle/Texas/24-008749-003/2024(H5N1)	317	6465
PB1|PP755595.1|A/cattle/Texas/24-008749-003/2024(H5N1)	318	6474
PB1|PP755595.1|A/cattle/Texas/24-008749-003/2024(H5N1)	319	7093
PB1|PP755595.1|A/cattle/Texas/24-008749-003/2024(H5N1)	320	7153
PB1|PP755595.1|A/cattle/Texas/24-008749-003/2024(H5N1)	321	7200
PB1|PP755595.1|A/cattle/Texas/24-008749-003/2024(H5N1)	322	7212
PB1|PP755595.1|A/cattle/Texas/24-008749-003/2024(H5N1)	323	7212
PB1|PP755595.1|A/cattle/Texas/24-008749-003/2024(H5N1)	324	7159
PB1|PP755595.1|A/cattle/Texas/24-008749-003/2024(H5N1)	325	7113
PB1|PP755595.1|A/cattle/Texas/24-008749-003/2024(H5N1)	326	7131
PB1|PP755595.1|A/cattle/Texas/24-008749-003/2024(H5N1)	327	7139
PB1|PP755595.1|A/cattle/Texas/24-008749-003/2024(H5N1)	328	7142
PB1|PP755595.1|A/cattle/Texas/24-008749-003/2024(H5N1)	329	7121
PB1|PP755595.1|A/cattle/Texas/24-008749-003/2024(H5N1)	330	7174
PB1|PP755595.1|A/cattle/Texas/24-008749-003/2024(H5N1)	331	7160
PB1|PP755595.1|A/cattle/Texas/24-008749-003/2024(H5N1)	332	7163
PB1|PP755595.1|A/cattle/Texas/24-008749-003/2024(H5N1)	333	7120
PB1|PP755595.1|A/cattle/Texas/24-008749-003/2024(H5N1)	334	7150
PB1|PP755595.1|A/cattle/Texas/24-008749-003/2024(H5N1)	335	7192
PB1|PP755595.1|A/cattle/Texas/24-008749-003/2024(H5N1)	336	7179
PB1|PP755595.1|A/cattle/Texas/24-008749-003/2024(H5N1)	337	7181
PB1|PP755595.1|A/cattle/Texas/24-008749-003/2024(H5N1)	338	7163
PB1|PP755595.1|A/cattle/Texas/24-008749-003/2024(H5N1)	339	7098
PB1|PP755595.1|A/cattle/Texas/24-008749-003/2024(H5N1)	340	7116
PB1|PP755595.1|A/cattle/Texas/24-008749-003/2024(H5N1)	341	6725
PB1|PP755595.1|A/cattle/Texas/24-008749-003/2024(H5N1)	342	6725
PB1|PP755595.1|A/cattle/Texas/24-008749-003/2024(H5N1)	343	6868
PB1|PP755595.1|A/cattle/Texas/24-008749-003/2024(H5N1)	344	6860
PB1|PP755595.1|A/cattle/Texas/24-008749-003/2024(H5N1)	345	6946
PB1|PP755595.1|A/cattle/Texas/24-008749-003/2024(H5N1)	346	6888
PB1|PP755595.1|A/cattle/Texas/24-008749-003/2024(H5N1)	347	6974
PB1|PP755595.1|A/cattle/Texas/24-008749-003/2024(H5N1)	348	6979
PB1|PP755595.1|A/cattle/Texas/24-008749-003/2024(H5N1)	349	6946
PB1|PP755595.1|A/cattle/Texas/24-008749-003/2024(H5N1)	350	6907
PB1|PP755595.1|A/cattle/Texas/24-008749-003/2024(H5N1)	351	6915
PB1|PP755595.1|A/cattle/Texas/24-008749-003/2024(H5N1)	352	6948
PB1|PP755595.1|A/cattle/Texas/24-008749-003/2024(H5N1)	353	6960
PB1|PP755595.1|A/cattle/Texas/24-008749-003/2024(H5N1)	354	6900
PB1|PP755595.1|A/cattle/Texas/24-008749-003/2024(H5N1)	355	6911
PB1|PP755595.1|A/cattle/Texas/24-008749-003/2024(H5N1)	356	6850
PB1|PP755595.1|A/cattle/Texas/24-008749-003/2024(H5N1)	357	6860
PB1|PP755595.1|A/cattle/Texas/24-008749-003/2024(H5N1)	358	6848
PB1|PP755595.1|A/cattle/Texas/24-008749-003/2024(H5N1)	359	6842
PB1|PP755595.1|A/cattle/Texas/24-008749-003/2024(H5N1)	360	6834
PB1|PP755595.1|A/cattle/Texas/24-008749-003/2024(H5N1)	361	6774
PB1|PP755595.1|A/cattle/Texas/24-008749-003/2024(H5N1)	362	6862
PB1|PP755595.1|A/cattle/Texas/24-008749-003/2024(H5N1)	363	6911
PB1|PP755595.1|A/cattle/Texas/24-008749-003/2024(H5N1)	364	6797
PB1|PP755595.1|A/cattle/Texas/24-008749-003/2024(H5N1)	365	6773
PB1|PP755595.1|A/cattle/Texas/24-008749-003/2024(H5N1)	366	6753
PB1|PP755595.1|A/cattle/Texas/24-008749-003/2024(H5N1)	367	6893
PB1|PP755595.1|A/cattle/Texas/24-008749-003/2024(H5N1)	368	6779
PB1|PP755595.1|A/cattle/Texas/24-008749-003/2024(H5N1)	369	6768
PB1|PP755595.1|A/cattle/Texas/24-008749-003/2024(H5N1)	370	6664
PB1|PP755595.1|A/cattle/Texas/24-008749-003/2024(H5N1)	371	6603
PB1|PP755595.1|A/cattle/Texas/24-008749-003/2024(H5N1)	372	6642
PB1|PP755595.1|A/cattle/Texas/24-008749-003/2024(H5N1)	373	6669
PB1|PP755595.1|A/cattle/Texas/24-008749-003/2024(H5N1)	374	6735
PB1|PP755595.1|A/cattle/Texas/24-008749-003/2024(H5N1)	375	6706
PB1|PP755595.1|A/cattle/Texas/24-008749-003/2024(H5N1)	376	6723
PB1|PP755595.1|A/cattle/Texas/24-008749-003/2024(H5N1)	377	6727
PB1|PP755595.1|A/cattle/Texas/24-008749-003/2024(H5N1)	378	6698
PB1|PP755595.1|A/cattle/Texas/24-008749-003/2024(H5N1)	379	6561
PB1|PP755595.1|A/cattle/Texas/24-008749-003/2024(H5N1)	380	6560
PB1|PP755595.1|A/cattle/Texas/24-008749-003/2024(H5N1)	381	6647
PB1|PP755595.1|A/cattle/Texas/24-008749-003/2024(H5N1)	382	6975
PB1|PP755595.1|A/cattle/Texas/24-008749-003/2024(H5N1)	383	6958
PB1|PP755595.1|A/cattle/Texas/24-008749-003/2024(H5N1)	384	6919
PB1|PP755595.1|A/cattle/Texas/24-008749-003/2024(H5N1)	385	6797
PB1|PP755595.1|A/cattle/Texas/24-008749-003/2024(H5N1)	386	6813
PB1|PP755595.1|A/cattle/Texas/24-008749-003/2024(H5N1)	387	6873
PB1|PP755595.1|A/cattle/Texas/24-008749-003/2024(H5N1)	388	6833
PB1|PP755595.1|A/cattle/Texas/24-008749-003/2024(H5N1)	389	6850
PB1|PP755595.1|A/cattle/Texas/24-008749-003/2024(H5N1)	390	6755
PB1|PP755595.1|A/cattle/Texas/24-008749-003/2024(H5N1)	391	6651
PB1|PP755595.1|A/cattle/Texas/24-008749-003/2024(H5N1)	392	6574
PB1|PP755595.1|A/cattle/Texas/24-008749-003/2024(H5N1)	393	6462
PB1|PP755595.1|A/cattle/Texas/24-008749-003/2024(H5N1)	394	6491
PB1|PP755595.1|A/cattle/Texas/24-008749-003/2024(H5N1)	395	6589
PB1|PP755595.1|A/cattle/Texas/24-008749-003/2024(H5N1)	396	6550
PB1|PP755595.1|A/cattle/Texas/24-008749-003/2024(H5N1)	397	6539
PB1|PP755595.1|A/cattle/Texas/24-008749-003/2024(H5N1)	398	6514
PB1|PP755595.1|A/cattle/Texas/24-008749-003/2024(H5N1)	399	6534
PB1|PP755595.1|A/cattle/Texas/24-008749-003/2024(H5N1)	400	6586
PB1|PP755595.1|A/cattle/Texas/24-008749-003/2024(H5N1)	401	6503
PB1|PP755595.1|A/cattle/Texas/24-008749-003/2024(H5N1)	402	6503
PB1|PP755595.1|A/cattle/Texas/24-008749-003/2024(H5N1)	403	6417
PB1|PP755595.1|A/cattle/Texas/24-008749-003/2024(H5N1)	404	6439
PB1|PP755595.1|A/cattle/Texas/24-008749-003/2024(H5N1)	405	6432
PB1|PP755595.1|A/cattle/Texas/24-008749-003/2024(H5N1)	406	6439
PB1|PP755595.1|A/cattle/Texas/24-008749-003/2024(H5N1)	407	6365
PB1|PP755595.1|A/cattle/Texas/24-008749-003/2024(H5N1)	408	6330
PB1|PP755595.1|A/cattle/Texas/24-008749-003/2024(H5N1)	409	6318
PB1|PP755595.1|A/cattle/Texas/24-008749-003/2024(H5N1)	410	6295
PB1|PP755595.1|A/cattle/Texas/24-008749-003/2024(H5N1)	411	6188
PB1|PP755595.1|A/cattle/Texas/24-008749-003/2024(H5N1)	412	6170
PB1|PP755595.1|A/cattle/Texas/24-008749-003/2024(H5N1)	413	6136
PB1|PP755595.1|A/cattle/Texas/24-008749-003/2024(H5N1)	414	6170
PB1|PP755595.1|A/cattle/Texas/24-008749-003/2024(H5N1)	415	6100
PB1|PP755595.1|A/cattle/Texas/24-008749-003/2024(H5N1)	416	6101
PB1|PP755595.1|A/cattle/Texas/24-008749-003/2024(H5N1)	417	6119
PB1|PP755595.1|A/cattle/Texas/24-008749-003/2024(H5N1)	418	6127
PB1|PP755595.1|A/cattle/Texas/24-008749-003/2024(H5N1)	419	6206
PB1|PP755595.1|A/cattle/Texas/24-008749-003/2024(H5N1)	420	6199
PB1|PP755595.1|A/cattle/Texas/24-008749-003/2024(H5N1)	421	6229
PB1|PP755595.1|A/cattle/Texas/24-008749-003/2024(H5N1)	422	6214
PB1|PP755595.1|A/cattle/Texas/24-008749-003/2024(H5N1)	423	6149
PB1|PP755595.1|A/cattle/Texas/24-008749-003/2024(H5N1)	424	6314
PB1|PP755595.1|A/cattle/Texas/24-008749-003/2024(H5N1)	425	6306
PB1|PP755595.1|A/cattle/Texas/24-008749-003/2024(H5N1)	426	6310
PB1|PP755595.1|A/cattle/Texas/24-008749-003/2024(H5N1)	427	6218
PB1|PP755595.1|A/cattle/Texas/24-008749-003/2024(H5N1)	428	6214
PB1|PP755595.1|A/cattle/Texas/24-008749-003/2024(H5N1)	429	6650
PB1|PP755595.1|A/cattle/Texas/24-008749-003/2024(H5N1)	430	6717
PB1|PP755595.1|A/cattle/Texas/24-008749-003/2024(H5N1)	431	6667
PB1|PP755595.1|A/cattle/Texas/24-008749-003/2024(H5N1)	432	6671
PB1|PP755595.1|A/cattle/Texas/24-008749-003/2024(H5N1)	433	6609
PB1|PP755595.1|A/cattle/Texas/24-008749-003/2024(H5N1)	434	6952
PB1|PP755595.1|A/cattle/Texas/24-008749-003/2024(H5N1)	435	6961
PB1|PP755595.1|A/cattle/Texas/24-008749-003/2024(H5N1)	436	6967
PB1|PP755595.1|A/cattle/Texas/24-008749-003/2024(H5N1)	437	7423
PB1|PP755595.1|A/cattle/Texas/24-008749-003/2024(H5N1)	438	6973
PB1|PP755595.1|A/cattle/Texas/24-008749-003/2024(H5N1)	439	7000
PB1|PP755595.1|A/cattle/Texas/24-008749-003/2024(H5N1)	440	6967
PB1|PP755595.1|A/cattle/Texas/24-008749-003/2024(H5N1)	441	6957
PB1|PP755595.1|A/cattle/Texas/24-008749-003/2024(H5N1)	442	6831
PB1|PP755595.1|A/cattle/Texas/24-008749-003/2024(H5N1)	443	6443
PB1|PP755595.1|A/cattle/Texas/24-008749-003/2024(H5N1)	444	6463
PB1|PP755595.1|A/cattle/Texas/24-008749-003/2024(H5N1)	445	6466
PB1|PP755595.1|A/cattle/Texas/24-008749-003/2024(H5N1)	446	6132
PB1|PP755595.1|A/cattle/Texas/24-008749-003/2024(H5N1)	447	6123
PB1|PP755595.1|A/cattle/Texas/24-008749-003/2024(H5N1)	448	6114
PB1|PP755595.1|A/cattle/Texas/24-008749-003/2024(H5N1)	449	6140
PB1|PP755595.1|A/cattle/Texas/24-008749-003/2024(H5N1)	450	6136
PB1|PP755595.1|A/cattle/Texas/24-008749-003/2024(H5N1)	451	6118
PB1|PP755595.1|A/cattle/Texas/24-008749-003/2024(H5N1)	452	6133
PB1|PP755595.1|A/cattle/Texas/24-008749-003/2024(H5N1)	453	6097
PB1|PP755595.1|A/cattle/Texas/24-008749-003/2024(H5N1)	454	6130
PB1|PP755595.1|A/cattle/Texas/24-008749-003/2024(H5N1)	455	6119
PB1|PP755595.1|A/cattle/Texas/24-008749-003/2024(H5N1)	456	6091
PB1|PP755595.1|A/cattle/Texas/24-008749-003/2024(H5N1)	457	6002
PB1|PP755595.1|A/cattle/Texas/24-008749-003/2024(H5N1)	458	6002
PB1|PP755595.1|A/cattle/Texas/24-008749-003/2024(H5N1)	459	6031
PB1|PP755595.1|A/cattle/Texas/24-008749-003/2024(H5N1)	460	6033
PB1|PP755595.1|A/cattle/Texas/24-008749-003/2024(H5N1)	461	6748
PB1|PP755595.1|A/cattle/Texas/24-008749-003/2024(H5N1)	462	6845
PB1|PP755595.1|A/cattle/Texas/24-008749-003/2024(H5N1)	463	6836
PB1|PP755595.1|A/cattle/Texas/24-008749-003/2024(H5N1)	464	6888
PB1|PP755595.1|A/cattle/Texas/24-008749-003/2024(H5N1)	465	6886
PB1|PP755595.1|A/cattle/Texas/24-008749-003/2024(H5N1)	466	6864
PB1|PP755595.1|A/cattle/Texas/24-008749-003/2024(H5N1)	467	6882
PB1|PP755595.1|A/cattle/Texas/24-008749-003/2024(H5N1)	468	6869
PB1|PP755595.1|A/cattle/Texas/24-008749-003/2024(H5N1)	469	6877
PB1|PP755595.1|A/cattle/Texas/24-008749-003/2024(H5N1)	470	6417
PB1|PP755595.1|A/cattle/Texas/24-008749-003/2024(H5N1)	471	6396
PB1|PP755595.1|A/cattle/Texas/24-008749-003/2024(H5N1)	472	6386
PB1|PP755595.1|A/cattle/Texas/24-008749-003/2024(H5N1)	473	6379
PB1|PP755595.1|A/cattle/Texas/24-008749-003/2024(H5N1)	474	6385
PB1|PP755595.1|A/cattle/Texas/24-008749-003/2024(H5N1)	475	6410
PB1|PP755595.1|A/cattle/Texas/24-008749-003/2024(H5N1)	476	6399
PB1|PP755595.1|A/cattle/Texas/24-008749-003/2024(H5N1)	477	6399
PB1|PP755595.1|A/cattle/Texas/24-008749-003/2024(H5N1)	478	6402
PB1|PP755595.1|A/cattle/Texas/24-008749-003/2024(H5N1)	479	6399
PB1|PP755595.1|A/cattle/Texas/24-008749-003/2024(H5N1)	480	6387
PB1|PP755595.1|A/cattle/Texas/24-008749-003/2024(H5N1)	481	6332
PB1|PP755595.1|A/cattle/Texas/24-008749-003/2024(H5N1)	482	6359
PB1|PP755595.1|A/cattle/Texas/24-008749-003/2024(H5N1)	483	6374
PB1|PP755595.1|A/cattle/Texas/24-008749-003/2024(H5N1)	484	6333
PB1|PP755595.1|A/cattle/Texas/24-008749-003/2024(H5N1)	485	6487
PB1|PP755595.1|A/cattle/Texas/24-008749-003/2024(H5N1)	486	6494
PB1|PP755595.1|A/cattle/Texas/24-008749-003/2024(H5N1)	487	6500
PB1|PP755595.1|A/cattle/Texas/24-008749-003/2024(H5N1)	488	6484
PB1|PP755595.1|A/cattle/Texas/24-008749-003/2024(H5N1)	489	6519
PB1|PP755595.1|A/cattle/Texas/24-008749-003/2024(H5N1)	490	6586
PB1|PP755595.1|A/cattle/Texas/24-008749-003/2024(H5N1)	491	6571
PB1|PP755595.1|A/cattle/Texas/24-008749-003/2024(H5N1)	492	6573
PB1|PP755595.1|A/cattle/Texas/24-008749-003/2024(H5N1)	493	6584
PB1|PP755595.1|A/cattle/Texas/24-008749-003/2024(H5N1)	494	6432
PB1|PP755595.1|A/cattle/Texas/24-008749-003/2024(H5N1)	495	6472
PB1|PP755595.1|A/cattle/Texas/24-008749-003/2024(H5N1)	496	6399
PB1|PP755595.1|A/cattle/Texas/24-008749-003/2024(H5N1)	497	6414
PB1|PP755595.1|A/cattle/Texas/24-008749-003/2024(H5N1)	498	6375
PB1|PP755595.1|A/cattle/Texas/24-008749-003/2024(H5N1)	499	6369
PB1|PP755595.1|A/cattle/Texas/24-008749-003/2024(H5N1)	500	6368
PB1|PP755595.1|A/cattle/Texas/24-008749-003/2024(H5N1)	501	6368
PB1|PP755595.1|A/cattle/Texas/24-008749-003/2024(H5N1)	502	6393
PB1|PP755595.1|A/cattle/Texas/24-008749-003/2024(H5N1)	503	6371
PB1|PP755595.1|A/cattle/Texas/24-008749-003/2024(H5N1)	504	6509
PB1|PP755595.1|A/cattle/Texas/24-008749-003/2024(H5N1)	505	6667
PB1|PP755595.1|A/cattle/Texas/24-008749-003/2024(H5N1)	506	6677
PB1|PP755595.1|A/cattle/Texas/24-008749-003/2024(H5N1)	507	6674
PB1|PP755595.1|A/cattle/Texas/24-008749-003/2024(H5N1)	508	6700
PB1|PP755595.1|A/cattle/Texas/24-008749-003/2024(H5N1)	509	6753
PB1|PP755595.1|A/cattle/Texas/24-008749-003/2024(H5N1)	510	6806
PB1|PP755595.1|A/cattle/Texas/24-008749-003/2024(H5N1)	511	6808
PB1|PP755595.1|A/cattle/Texas/24-008749-003/2024(H5N1)	512	6992
PB1|PP755595.1|A/cattle/Texas/24-008749-003/2024(H5N1)	513	6905
PB1|PP755595.1|A/cattle/Texas/24-008749-003/2024(H5N1)	514	6835
PB1|PP755595.1|A/cattle/Texas/24-008749-003/2024(H5N1)	515	6851
PB1|PP755595.1|A/cattle/Texas/24-008749-003/2024(H5N1)	516	6863
PB1|PP755595.1|A/cattle/Texas/24-008749-003/2024(H5N1)	517	6829
PB1|PP755595.1|A/cattle/Texas/24-008749-003/2024(H5N1)	518	6888
PB1|PP755595.1|A/cattle/Texas/24-008749-003/2024(H5N1)	519	6854
PB1|PP755595.1|A/cattle/Texas/24-008749-003/2024(H5N1)	520	7076
PB1|PP755595.1|A/cattle/Texas/24-008749-003/2024(H5N1)	521	7078
PB1|PP755595.1|A/cattle/Texas/24-008749-003/2024(H5N1)	522	7178
PB1|PP755595.1|A/cattle/Texas/24-008749-003/2024(H5N1)	523	7174
PB1|PP755595.1|A/cattle/Texas/24-008749-003/2024(H5N1)	524	7190
PB1|PP755595.1|A/cattle/Texas/24-008749-003/2024(H5N1)	525	7399
PB1|PP755595.1|A/cattle/Texas/24-008749-003/2024(H5N1)	526	7392
PB1|PP755595.1|A/cattle/Texas/24-008749-003/2024(H5N1)	527	7343
PB1|PP755595.1|A/cattle/Texas/24-008749-003/2024(H5N1)	528	7344
PB1|PP755595.1|A/cattle/Texas/24-008749-003/2024(H5N1)	529	7377
PB1|PP755595.1|A/cattle/Texas/24-008749-003/2024(H5N1)	530	7355
PB1|PP755595.1|A/cattle/Texas/24-008749-003/2024(H5N1)	531	7303
PB1|PP755595.1|A/cattle/Texas/24-008749-003/2024(H5N1)	532	7378
PB1|PP755595.1|A/cattle/Texas/24-008749-003/2024(H5N1)	533	7152
PB1|PP755595.1|A/cattle/Texas/24-008749-003/2024(H5N1)	534	7003
PB1|PP755595.1|A/cattle/Texas/24-008749-003/2024(H5N1)	535	7064
PB1|PP755595.1|A/cattle/Texas/24-008749-003/2024(H5N1)	536	7066
PB1|PP755595.1|A/cattle/Texas/24-008749-003/2024(H5N1)	537	7187
PB1|PP755595.1|A/cattle/Texas/24-008749-003/2024(H5N1)	538	7236
PB1|PP755595.1|A/cattle/Texas/24-008749-003/2024(H5N1)	539	7322
PB1|PP755595.1|A/cattle/Texas/24-008749-003/2024(H5N1)	540	7307
PB1|PP755595.1|A/cattle/Texas/24-008749-003/2024(H5N1)	541	7308
PB1|PP755595.1|A/cattle/Texas/24-008749-003/2024(H5N1)	542	7388
PB1|PP755595.1|A/cattle/Texas/24-008749-003/2024(H5N1)	543	7365
PB1|PP755595.1|A/cattle/Texas/24-008749-003/2024(H5N1)	544	7369
PB1|PP755595.1|A/cattle/Texas/24-008749-003/2024(H5N1)	545	7336
PB1|PP755595.1|A/cattle/Texas/24-008749-003/2024(H5N1)	546	7214
PB1|PP755595.1|A/cattle/Texas/24-008749-003/2024(H5N1)	547	7222
PB1|PP755595.1|A/cattle/Texas/24-008749-003/2024(H5N1)	548	7254
PB1|PP755595.1|A/cattle/Texas/24-008749-003/2024(H5N1)	549	7255
PB1|PP755595.1|A/cattle/Texas/24-008749-003/2024(H5N1)	550	7226
PB1|PP755595.1|A/cattle/Texas/24-008749-003/2024(H5N1)	551	7169
PB1|PP755595.1|A/cattle/Texas/24-008749-003/2024(H5N1)	552	7167
PB1|PP755595.1|A/cattle/Texas/24-008749-003/2024(H5N1)	553	7174
PB1|PP755595.1|A/cattle/Texas/24-008749-003/2024(H5N1)	554	7176
PB1|PP755595.1|A/cattle/Texas/24-008749-003/2024(H5N1)	555	7165
PB1|PP755595.1|A/cattle/Texas/24-008749-003/2024(H5N1)	556	7163
PB1|PP755595.1|A/cattle/Texas/24-008749-003/2024(H5N1)	557	7160
PB1|PP755595.1|A/cattle/Texas/24-008749-003/2024(H5N1)	558	7162
PB1|PP755595.1|A/cattle/Texas/24-008749-003/2024(H5N1)	559	7162
PB1|PP755595.1|A/cattle/Texas/24-008749-003/2024(H5N1)	560	7226
PB1|PP755595.1|A/cattle/Texas/24-008749-003/2024(H5N1)	561	7245
PB1|PP755595.1|A/cattle/Texas/24-008749-003/2024(H5N1)	562	7282
PB1|PP755595.1|A/cattle/Texas/24-008749-003/2024(H5N1)	563	7365
PB1|PP755595.1|A/cattle/Texas/24-008749-003/2024(H5N1)	564	7402
PB1|PP755595.1|A/cattle/Texas/24-008749-003/2024(H5N1)	565	7378
PB1|PP755595.1|A/cattle/Texas/24-008749-003/2024(H5N1)	566	7552
PB1|PP755595.1|A/cattle/Texas/24-008749-003/2024(H5N1)	567	7560
PB1|PP755595.1|A/cattle/Texas/24-008749-003/2024(H5N1)	568	7534
PB1|PP755595.1|A/cattle/Texas/24-008749-003/2024(H5N1)	569	7620
PB1|PP755595.1|A/cattle/Texas/24-008749-003/2024(H5N1)	570	7638
PB1|PP755595.1|A/cattle/Texas/24-008749-003/2024(H5N1)	571	7719
PB1|PP755595.1|A/cattle/Texas/24-008749-003/2024(H5N1)	572	7674
PB1|PP755595.1|A/cattle/Texas/24-008749-003/2024(H5N1)	573	7669
PB1|PP755595.1|A/cattle/Texas/24-008749-003/2024(H5N1)	574	7671
PB1|PP755595.1|A/cattle/Texas/24-008749-003/2024(H5N1)	575	7584
PB1|PP755595.1|A/cattle/Texas/24-008749-003/2024(H5N1)	576	7690
PB1|PP755595.1|A/cattle/Texas/24-008749-003/2024(H5N1)	577	7701
PB1|PP755595.1|A/cattle/Texas/24-008749-003/2024(H5N1)	578	7640
PB1|PP755595.1|A/cattle/Texas/24-008749-003/2024(H5N1)	579	7363
PB1|PP755595.1|A/cattle/Texas/24-008749-003/2024(H5N1)	580	7347
PB1|PP755595.1|A/cattle/Texas/24-008749-003/2024(H5N1)	581	7299
PB1|PP755595.1|A/cattle/Texas/24-008749-003/2024(H5N1)	582	7159
PB1|PP755595.1|A/cattle/Texas/24-008749-003/2024(H5N1)	583	7150
PB1|PP755595.1|A/cattle/Texas/24-008749-003/2024(H5N1)	584	7033
PB1|PP755595.1|A/cattle/Texas/24-008749-003/2024(H5N1)	585	6719
PB1|PP755595.1|A/cattle/Texas/24-008749-003/2024(H5N1)	586	6770
PB1|PP755595.1|A/cattle/Texas/24-008749-003/2024(H5N1)	587	6442
PB1|PP755595.1|A/cattle/Texas/24-008749-003/2024(H5N1)	588	6353
PB1|PP755595.1|A/cattle/Texas/24-008749-003/2024(H5N1)	589	6377
PB1|PP755595.1|A/cattle/Texas/24-008749-003/2024(H5N1)	590	6388
PB1|PP755595.1|A/cattle/Texas/24-008749-003/2024(H5N1)	591	6417
PB1|PP755595.1|A/cattle/Texas/24-008749-003/2024(H5N1)	592	6490
PB1|PP755595.1|A/cattle/Texas/24-008749-003/2024(H5N1)	593	6458
PB1|PP755595.1|A/cattle/Texas/24-008749-003/2024(H5N1)	594	6637
PB1|PP755595.1|A/cattle/Texas/24-008749-003/2024(H5N1)	595	6604
PB1|PP755595.1|A/cattle/Texas/24-008749-003/2024(H5N1)	596	6663
PB1|PP755595.1|A/cattle/Texas/24-008749-003/2024(H5N1)	597	6690
PB1|PP755595.1|A/cattle/Texas/24-008749-003/2024(H5N1)	598	6657
PB1|PP755595.1|A/cattle/Texas/24-008749-003/2024(H5N1)	599	6822
PB1|PP755595.1|A/cattle/Texas/24-008749-003/2024(H5N1)	600	6842
PB1|PP755595.1|A/cattle/Texas/24-008749-003/2024(H5N1)	601	6893
PB1|PP755595.1|A/cattle/Texas/24-008749-003/2024(H5N1)	602	7094
PB1|PP755595.1|A/cattle/Texas/24-008749-003/2024(H5N1)	603	7104
PB1|PP755595.1|A/cattle/Texas/24-008749-003/2024(H5N1)	604	7182
PB1|PP755595.1|A/cattle/Texas/24-008749-003/2024(H5N1)	605	7133
PB1|PP755595.1|A/cattle/Texas/24-008749-003/2024(H5N1)	606	7233
PB1|PP755595.1|A/cattle/Texas/24-008749-003/2024(H5N1)	607	7196
PB1|PP755595.1|A/cattle/Texas/24-008749-003/2024(H5N1)	608	7428
PB1|PP755595.1|A/cattle/Texas/24-008749-003/2024(H5N1)	609	7475
PB1|PP755595.1|A/cattle/Texas/24-008749-003/2024(H5N1)	610	7699
PB1|PP755595.1|A/cattle/Texas/24-008749-003/2024(H5N1)	611	7133
PB1|PP755595.1|A/cattle/Texas/24-008749-003/2024(H5N1)	612	7051
PB1|PP755595.1|A/cattle/Texas/24-008749-003/2024(H5N1)	613	7070
PB1|PP755595.1|A/cattle/Texas/24-008749-003/2024(H5N1)	614	7078
PB1|PP755595.1|A/cattle/Texas/24-008749-003/2024(H5N1)	615	7022
PB1|PP755595.1|A/cattle/Texas/24-008749-003/2024(H5N1)	616	7030
PB1|PP755595.1|A/cattle/Texas/24-008749-003/2024(H5N1)	617	6870
PB1|PP755595.1|A/cattle/Texas/24-008749-003/2024(H5N1)	618	6839
PB1|PP755595.1|A/cattle/Texas/24-008749-003/2024(H5N1)	619	6849
PB1|PP755595.1|A/cattle/Texas/24-008749-003/2024(H5N1)	620	6777
PB1|PP755595.1|A/cattle/Texas/24-008749-003/2024(H5N1)	621	6813
PB1|PP755595.1|A/cattle/Texas/24-008749-003/2024(H5N1)	622	6882
PB1|PP755595.1|A/cattle/Texas/24-008749-003/2024(H5N1)	623	6883
PB1|PP755595.1|A/cattle/Texas/24-008749-003/2024(H5N1)	624	6878
PB1|PP755595.1|A/cattle/Texas/24-008749-003/2024(H5N1)	625	6899
PB1|PP755595.1|A/cattle/Texas/24-008749-003/2024(H5N1)	626	6892
PB1|PP755595.1|A/cattle/Texas/24-008749-003/2024(H5N1)	627	6881
PB1|PP755595.1|A/cattle/Texas/24-008749-003/2024(H5N1)	628	6878
PB1|PP755595.1|A/cattle/Texas/24-008749-003/2024(H5N1)	629	6860
PB1|PP755595.1|A/cattle/Texas/24-008749-003/2024(H5N1)	630	6842
PB1|PP755595.1|A/cattle/Texas/24-008749-003/2024(H5N1)	631	7050
PB1|PP755595.1|A/cattle/Texas/24-008749-003/2024(H5N1)	632	7145
PB1|PP755595.1|A/cattle/Texas/24-008749-003/2024(H5N1)	633	7175
PB1|PP755595.1|A/cattle/Texas/24-008749-003/2024(H5N1)	634	7170
PB1|PP755595.1|A/cattle/Texas/24-008749-003/2024(H5N1)	635	7168
PB1|PP755595.1|A/cattle/Texas/24-008749-003/2024(H5N1)	636	7020
PB1|PP755595.1|A/cattle/Texas/24-008749-003/2024(H5N1)	637	7043
PB1|PP755595.1|A/cattle/Texas/24-008749-003/2024(H5N1)	638	7104
PB1|PP755595.1|A/cattle/Texas/24-008749-003/2024(H5N1)	639	7142
PB1|PP755595.1|A/cattle/Texas/24-008749-003/2024(H5N1)	640	7111
PB1|PP755595.1|A/cattle/Texas/24-008749-003/2024(H5N1)	641	7046
PB1|PP755595.1|A/cattle/Texas/24-008749-003/2024(H5N1)	642	7048
PB1|PP755595.1|A/cattle/Texas/24-008749-003/2024(H5N1)	643	7048
PB1|PP755595.1|A/cattle/Texas/24-008749-003/2024(H5N1)	644	7060
PB1|PP755595.1|A/cattle/Texas/24-008749-003/2024(H5N1)	645	7123
PB1|PP755595.1|A/cattle/Texas/24-008749-003/2024(H5N1)	646	7050
PB1|PP755595.1|A/cattle/Texas/24-008749-003/2024(H5N1)	647	7058
PB1|PP755595.1|A/cattle/Texas/24-008749-003/2024(H5N1)	648	7041
PB1|PP755595.1|A/cattle/Texas/24-008749-003/2024(H5N1)	649	7037
PB1|PP755595.1|A/cattle/Texas/24-008749-003/2024(H5N1)	650	7076
PB1|PP755595.1|A/cattle/Texas/24-008749-003/2024(H5N1)	651	7111
PB1|PP755595.1|A/cattle/Texas/24-008749-003/2024(H5N1)	652	7014
PB1|PP755595.1|A/cattle/Texas/24-008749-003/2024(H5N1)	653	6980
PB1|PP755595.1|A/cattle/Texas/24-008749-003/2024(H5N1)	654	7158
PB1|PP755595.1|A/cattle/Texas/24-008749-003/2024(H5N1)	655	7165
PB1|PP755595.1|A/cattle/Texas/24-008749-003/2024(H5N1)	656	7059
PB1|PP755595.1|A/cattle/Texas/24-008749-003/2024(H5N1)	657	7068
PB1|PP755595.1|A/cattle/Texas/24-008749-003/2024(H5N1)	658	7044
PB1|PP755595.1|A/cattle/Texas/24-008749-003/2024(H5N1)	659	7166
PB1|PP755595.1|A/cattle/Texas/24-008749-003/2024(H5N1)	660	7109
PB1|PP755595.1|A/cattle/Texas/24-008749-003/2024(H5N1)	661	7139
PB1|PP755595.1|A/cattle/Texas/24-008749-003/2024(H5N1)	662	7554
PB1|PP755595.1|A/cattle/Texas/24-008749-003/2024(H5N1)	663	7364
PB1|PP755595.1|A/cattle/Texas/24-008749-003/2024(H5N1)	664	7358
PB1|PP755595.1|A/cattle/Texas/24-008749-003/2024(H5N1)	665	7330
PB1|PP755595.1|A/cattle/Texas/24-008749-003/2024(H5N1)	666	7326
PB1|PP755595.1|A/cattle/Texas/24-008749-003/2024(H5N1)	667	7588
PB1|PP755595.1|A/cattle/Texas/24-008749-003/2024(H5N1)	668	7605
PB1|PP755595.1|A/cattle/Texas/24-008749-003/2024(H5N1)	669	7501
PB1|PP755595.1|A/cattle/Texas/24-008749-003/2024(H5N1)	670	7409
PB1|PP755595.1|A/cattle/Texas/24-008749-003/2024(H5N1)	671	7223
PB1|PP755595.1|A/cattle/Texas/24-008749-003/2024(H5N1)	672	7390
PB1|PP755595.1|A/cattle/Texas/24-008749-003/2024(H5N1)	673	7470
PB1|PP755595.1|A/cattle/Texas/24-008749-003/2024(H5N1)	674	7465
PB1|PP755595.1|A/cattle/Texas/24-008749-003/2024(H5N1)	675	7639
PB1|PP755595.1|A/cattle/Texas/24-008749-003/2024(H5N1)	676	7374
PB1|PP755595.1|A/cattle/Texas/24-008749-003/2024(H5N1)	677	7456
PB1|PP755595.1|A/cattle/Texas/24-008749-003/2024(H5N1)	678	7386
PB1|PP755595.1|A/cattle/Texas/24-008749-003/2024(H5N1)	679	7392
PB1|PP755595.1|A/cattle/Texas/24-008749-003/2024(H5N1)	680	7388
PB1|PP755595.1|A/cattle/Texas/24-008749-003/2024(H5N1)	681	7255
PB1|PP755595.1|A/cattle/Texas/24-008749-003/2024(H5N1)	682	7248
PB1|PP755595.1|A/cattle/Texas/24-008749-003/2024(H5N1)	683	7254
PB1|PP755595.1|A/cattle/Texas/24-008749-003/2024(H5N1)	684	7266
PB1|PP755595.1|A/cattle/Texas/24-008749-003/2024(H5N1)	685	7286
PB1|PP755595.1|A/cattle/Texas/24-008749-003/2024(H5N1)	686	7221
PB1|PP755595.1|A/cattle/Texas/24-008749-003/2024(H5N1)	687	7215
PB1|PP755595.1|A/cattle/Texas/24-008749-003/2024(H5N1)	688	7101
PB1|PP755595.1|A/cattle/Texas/24-008749-003/2024(H5N1)	689	7130
PB1|PP755595.1|A/cattle/Texas/24-008749-003/2024(H5N1)	690	7126
PB1|PP755595.1|A/cattle/Texas/24-008749-003/2024(H5N1)	691	7119
PB1|PP755595.1|A/cattle/Texas/24-008749-003/2024(H5N1)	692	7057
PB1|PP755595.1|A/cattle/Texas/24-008749-003/2024(H5N1)	693	7030
PB1|PP755595.1|A/cattle/Texas/24-008749-003/2024(H5N1)	694	7051
PB1|PP755595.1|A/cattle/Texas/24-008749-003/2024(H5N1)	695	7215
PB1|PP755595.1|A/cattle/Texas/24-008749-003/2024(H5N1)	696	7214
PB1|PP755595.1|A/cattle/Texas/24-008749-003/2024(H5N1)	697	7208
PB1|PP755595.1|A/cattle/Texas/24-008749-003/2024(H5N1)	698	7194
PB1|PP755595.1|A/cattle/Texas/24-008749-003/2024(H5N1)	699	7157
PB1|PP755595.1|A/cattle/Texas/24-008749-003/2024(H5N1)	700	7159
PB1|PP755595.1|A/cattle/Texas/24-008749-003/2024(H5N1)	701	7184
PB1|PP755595.1|A/cattle/Texas/24-008749-003/2024(H5N1)	702	7202
PB1|PP755595.1|A/cattle/Texas/24-008749-003/2024(H5N1)	703	7218
PB1|PP755595.1|A/cattle/Texas/24-008749-003/2024(H5N1)	704	7413
PB1|PP755595.1|A/cattle/Texas/24-008749-003/2024(H5N1)	705	7437
PB1|PP755595.1|A/cattle/Texas/24-008749-003/2024(H5N1)	706	7481
PB1|PP755595.1|A/cattle/Texas/24-008749-003/2024(H5N1)	707	7471
PB1|PP755595.1|A/cattle/Texas/24-008749-003/2024(H5N1)	708	7504
PB1|PP755595.1|A/cattle/Texas/24-008749-003/2024(H5N1)	709	7504
PB1|PP755595.1|A/cattle/Texas/24-008749-003/2024(H5N1)	710	7495
PB1|PP755595.1|A/cattle/Texas/24-008749-003/2024(H5N1)	711	7491
PB1|PP755595.1|A/cattle/Texas/24-008749-003/2024(H5N1)	712	7456
PB1|PP755595.1|A/cattle/Texas/24-008749-003/2024(H5N1)	713	7474
PB1|PP755595.1|A/cattle/Texas/24-008749-003/2024(H5N1)	714	7392
PB1|PP755595.1|A/cattle/Texas/24-008749-003/2024(H5N1)	715	7348
PB1|PP755595.1|A/cattle/Texas/24-008749-003/2024(H5N1)	716	7439
PB1|PP755595.1|A/cattle/Texas/24-008749-003/2024(H5N1)	717	7241
PB1|PP755595.1|A/cattle/Texas/24-008749-003/2024(H5N1)	718	7249
PB1|PP755595.1|A/cattle/Texas/24-008749-003/2024(H5N1)	719	7192
PB1|PP755595.1|A/cattle/Texas/24-008749-003/2024(H5N1)	720	7149
PB1|PP755595.1|A/cattle/Texas/24-008749-003/2024(H5N1)	721	7119
PB1|PP755595.1|A/cattle/Texas/24-008749-003/2024(H5N1)	722	7091
PB1|PP755595.1|A/cattle/Texas/24-008749-003/2024(H5N1)	723	7119
PB1|PP755595.1|A/cattle/Texas/24-008749-003/2024(H5N1)	724	7145
PB1|PP755595.1|A/cattle/Texas/24-008749-003/2024(H5N1)	725	6991
PB1|PP755595.1|A/cattle/Texas/24-008749-003/2024(H5N1)	726	6978
PB1|PP755595.1|A/cattle/Texas/24-008749-003/2024(H5N1)	727	6984
PB1|PP755595.1|A/cattle/Texas/24-008749-003/2024(H5N1)	728	7048
PB1|PP755595.1|A/cattle/Texas/24-008749-003/2024(H5N1)	729	7063
PB1|PP755595.1|A/cattle/Texas/24-008749-003/2024(H5N1)	730	7004
PB1|PP755595.1|A/cattle/Texas/24-008749-003/2024(H5N1)	731	6905
PB1|PP755595.1|A/cattle/Texas/24-008749-003/2024(H5N1)	732	6899
PB1|PP755595.1|A/cattle/Texas/24-008749-003/2024(H5N1)	733	6896
PB1|PP755595.1|A/cattle/Texas/24-008749-003/2024(H5N1)	734	6956
PB1|PP755595.1|A/cattle/Texas/24-008749-003/2024(H5N1)	735	6946
PB1|PP755595.1|A/cattle/Texas/24-008749-003/2024(H5N1)	736	7153
PB1|PP755595.1|A/cattle/Texas/24-008749-003/2024(H5N1)	737	7152
PB1|PP755595.1|A/cattle/Texas/24-008749-003/2024(H5N1)	738	7138
PB1|PP755595.1|A/cattle/Texas/24-008749-003/2024(H5N1)	739	7100
PB1|PP755595.1|A/cattle/Texas/24-008749-003/2024(H5N1)	740	7075
PB1|PP755595.1|A/cattle/Texas/24-008749-003/2024(H5N1)	741	7229
PB1|PP755595.1|A/cattle/Texas/24-008749-003/2024(H5N1)	742	7606
PB1|PP755595.1|A/cattle/Texas/24-008749-003/2024(H5N1)	743	7574
PB1|PP755595.1|A/cattle/Texas/24-008749-003/2024(H5N1)	744	7574
PB1|PP755595.1|A/cattle/Texas/24-008749-003/2024(H5N1)	745	7369
PB1|PP755595.1|A/cattle/Texas/24-008749-003/2024(H5N1)	746	7448
PB1|PP755595.1|A/cattle/Texas/24-008749-003/2024(H5N1)	747	7413
PB1|PP755595.1|A/cattle/Texas/24-008749-003/2024(H5N1)	748	7426
PB1|PP755595.1|A/cattle/Texas/24-008749-003/2024(H5N1)	749	7562
PB1|PP755595.1|A/cattle/Texas/24-008749-003/2024(H5N1)	750	7415
PB1|PP755595.1|A/cattle/Texas/24-008749-003/2024(H5N1)	751	7624
PB1|PP755595.1|A/cattle/Texas/24-008749-003/2024(H5N1)	752	7736
PB1|PP755595.1|A/cattle/Texas/24-008749-003/2024(H5N1)	753	7553
PB1|PP755595.1|A/cattle/Texas/24-008749-003/2024(H5N1)	754	7589
PB1|PP755595.1|A/cattle/Texas/24-008749-003/2024(H5N1)	755	7559
PB1|PP755595.1|A/cattle/Texas/24-008749-003/2024(H5N1)	756	7616
PB1|PP755595.1|A/cattle/Texas/24-008749-003/2024(H5N1)	757	7506
PB1|PP755595.1|A/cattle/Texas/24-008749-003/2024(H5N1)	758	7477
PB1|PP755595.1|A/cattle/Texas/24-008749-003/2024(H5N1)	759	7272
PB1|PP755595.1|A/cattle/Texas/24-008749-003/2024(H5N1)	760	6994
PB1|PP755595.1|A/cattle/Texas/24-008749-003/2024(H5N1)	761	7024
PB1|PP755595.1|A/cattle/Texas/24-008749-003/2024(H5N1)	762	6927
PB1|PP755595.1|A/cattle/Texas/24-008749-003/2024(H5N1)	763	7009
PB1|PP755595.1|A/cattle/Texas/24-008749-003/2024(H5N1)	764	7031
PB1|PP755595.1|A/cattle/Texas/24-008749-003/2024(H5N1)	765	7049
PB1|PP755595.1|A/cattle/Texas/24-008749-003/2024(H5N1)	766	7048
PB1|PP755595.1|A/cattle/Texas/24-008749-003/2024(H5N1)	767	7079
PB1|PP755595.1|A/cattle/Texas/24-008749-003/2024(H5N1)	768	7139
PB1|PP755595.1|A/cattle/Texas/24-008749-003/2024(H5N1)	769	7161
PB1|PP755595.1|A/cattle/Texas/24-008749-003/2024(H5N1)	770	7560
PB1|PP755595.1|A/cattle/Texas/24-008749-003/2024(H5N1)	771	7552
PB1|PP755595.1|A/cattle/Texas/24-008749-003/2024(H5N1)	772	7461
PB1|PP755595.1|A/cattle/Texas/24-008749-003/2024(H5N1)	773	7464
PB1|PP755595.1|A/cattle/Texas/24-008749-003/2024(H5N1)	774	7496
PB1|PP755595.1|A/cattle/Texas/24-008749-003/2024(H5N1)	775	7517
PB1|PP755595.1|A/cattle/Texas/24-008749-003/2024(H5N1)	776	7637
PB1|PP755595.1|A/cattle/Texas/24-008749-003/2024(H5N1)	777	7653
PB1|PP755595.1|A/cattle/Texas/24-008749-003/2024(H5N1)	778	7621
PB1|PP755595.1|A/cattle/Texas/24-008749-003/2024(H5N1)	779	7431
PB1|PP755595.1|A/cattle/Texas/24-008749-003/2024(H5N1)	780	7518
PB1|PP755595.1|A/cattle/Texas/24-008749-003/2024(H5N1)	781	7471
PB1|PP755595.1|A/cattle/Texas/24-008749-003/2024(H5N1)	782	7472
PB1|PP755595.1|A/cattle/Texas/24-008749-003/2024(H5N1)	783	7374
PB1|PP755595.1|A/cattle/Texas/24-008749-003/2024(H5N1)	784	7359
PB1|PP755595.1|A/cattle/Texas/24-008749-003/2024(H5N1)	785	7372
PB1|PP755595.1|A/cattle/Texas/24-008749-003/2024(H5N1)	786	7375
PB1|PP755595.1|A/cattle/Texas/24-008749-003/2024(H5N1)	787	7383
PB1|PP755595.1|A/cattle/Texas/24-008749-003/2024(H5N1)	788	7358
PB1|PP755595.1|A/cattle/Texas/24-008749-003/2024(H5N1)	789	7282
PB1|PP755595.1|A/cattle/Texas/24-008749-003/2024(H5N1)	790	7245
PB1|PP755595.1|A/cattle/Texas/24-008749-003/2024(H5N1)	791	7241
PB1|PP755595.1|A/cattle/Texas/24-008749-003/2024(H5N1)	792	7241
PB1|PP755595.1|A/cattle/Texas/24-008749-003/2024(H5N1)	793	7264
PB1|PP755595.1|A/cattle/Texas/24-008749-003/2024(H5N1)	794	7332
PB1|PP755595.1|A/cattle/Texas/24-008749-003/2024(H5N1)	795	7312
PB1|PP755595.1|A/cattle/Texas/24-008749-003/2024(H5N1)	796	7268
PB1|PP755595.1|A/cattle/Texas/24-008749-003/2024(H5N1)	797	7252
PB1|PP755595.1|A/cattle/Texas/24-008749-003/2024(H5N1)	798	7243
PB1|PP755595.1|A/cattle/Texas/24-008749-003/2024(H5N1)	799	7258
PB1|PP755595.1|A/cattle/Texas/24-008749-003/2024(H5N1)	800	7265
PB1|PP755595.1|A/cattle/Texas/24-008749-003/2024(H5N1)	801	7311
PB1|PP755595.1|A/cattle/Texas/24-008749-003/2024(H5N1)	802	7284
PB1|PP755595.1|A/cattle/Texas/24-008749-003/2024(H5N1)	803	7319
PB1|PP755595.1|A/cattle/Texas/24-008749-003/2024(H5N1)	804	7405
PB1|PP755595.1|A/cattle/Texas/24-008749-003/2024(H5N1)	805	7200
PB1|PP755595.1|A/cattle/Texas/24-008749-003/2024(H5N1)	806	7207
PB1|PP755595.1|A/cattle/Texas/24-008749-003/2024(H5N1)	807	7208
PB1|PP755595.1|A/cattle/Texas/24-008749-003/2024(H5N1)	808	7196
PB1|PP755595.1|A/cattle/Texas/24-008749-003/2024(H5N1)	809	7197
PB1|PP755595.1|A/cattle/Texas/24-008749-003/2024(H5N1)	810	7098
PB1|PP755595.1|A/cattle/Texas/24-008749-003/2024(H5N1)	811	6855
PB1|PP755595.1|A/cattle/Texas/24-008749-003/2024(H5N1)	812	6749
PB1|PP755595.1|A/cattle/Texas/24-008749-003/2024(H5N1)	813	6730
PB1|PP755595.1|A/cattle/Texas/24-008749-003/2024(H5N1)	814	6713
PB1|PP755595.1|A/cattle/Texas/24-008749-003/2024(H5N1)	815	6761
PB1|PP755595.1|A/cattle/Texas/24-008749-003/2024(H5N1)	816	6762
PB1|PP755595.1|A/cattle/Texas/24-008749-003/2024(H5N1)	817	6976
PB1|PP755595.1|A/cattle/Texas/24-008749-003/2024(H5N1)	818	6755
PB1|PP755595.1|A/cattle/Texas/24-008749-003/2024(H5N1)	819	6736
PB1|PP755595.1|A/cattle/Texas/24-008749-003/2024(H5N1)	820	6653
PB1|PP755595.1|A/cattle/Texas/24-008749-003/2024(H5N1)	821	6768
PB1|PP755595.1|A/cattle/Texas/24-008749-003/2024(H5N1)	822	6730
PB1|PP755595.1|A/cattle/Texas/24-008749-003/2024(H5N1)	823	6573
PB1|PP755595.1|A/cattle/Texas/24-008749-003/2024(H5N1)	824	6515
PB1|PP755595.1|A/cattle/Texas/24-008749-003/2024(H5N1)	825	6523
PB1|PP755595.1|A/cattle/Texas/24-008749-003/2024(H5N1)	826	6440
PB1|PP755595.1|A/cattle/Texas/24-008749-003/2024(H5N1)	827	6715
PB1|PP755595.1|A/cattle/Texas/24-008749-003/2024(H5N1)	828	6644
PB1|PP755595.1|A/cattle/Texas/24-008749-003/2024(H5N1)	829	6661
PB1|PP755595.1|A/cattle/Texas/24-008749-003/2024(H5N1)	830	6695
PB1|PP755595.1|A/cattle/Texas/24-008749-003/2024(H5N1)	831	6703
PB1|PP755595.1|A/cattle/Texas/24-008749-003/2024(H5N1)	832	6654
PB1|PP755595.1|A/cattle/Texas/24-008749-003/2024(H5N1)	833	6644
PB1|PP755595.1|A/cattle/Texas/24-008749-003/2024(H5N1)	834	6628
PB1|PP755595.1|A/cattle/Texas/24-008749-003/2024(H5N1)	835	6646
PB1|PP755595.1|A/cattle/Texas/24-008749-003/2024(H5N1)	836	6601
PB1|PP755595.1|A/cattle/Texas/24-008749-003/2024(H5N1)	837	6735
PB1|PP755595.1|A/cattle/Texas/24-008749-003/2024(H5N1)	838	6725
PB1|PP755595.1|A/cattle/Texas/24-008749-003/2024(H5N1)	839	6783
PB1|PP755595.1|A/cattle/Texas/24-008749-003/2024(H5N1)	840	6731
PB1|PP755595.1|A/cattle/Texas/24-008749-003/2024(H5N1)	841	6758
PB1|PP755595.1|A/cattle/Texas/24-008749-003/2024(H5N1)	842	6757
PB1|PP755595.1|A/cattle/Texas/24-008749-003/2024(H5N1)	843	6762
PB1|PP755595.1|A/cattle/Texas/24-008749-003/2024(H5N1)	844	6779
PB1|PP755595.1|A/cattle/Texas/24-008749-003/2024(H5N1)	845	6767
PB1|PP755595.1|A/cattle/Texas/24-008749-003/2024(H5N1)	846	6837
PB1|PP755595.1|A/cattle/Texas/24-008749-003/2024(H5N1)	847	6837
PB1|PP755595.1|A/cattle/Texas/24-008749-003/2024(H5N1)	848	6900
PB1|PP755595.1|A/cattle/Texas/24-008749-003/2024(H5N1)	849	6915
PB1|PP755595.1|A/cattle/Texas/24-008749-003/2024(H5N1)	850	6891
PB1|PP755595.1|A/cattle/Texas/24-008749-003/2024(H5N1)	851	6890
PB1|PP755595.1|A/cattle/Texas/24-008749-003/2024(H5N1)	852	6918
PB1|PP755595.1|A/cattle/Texas/24-008749-003/2024(H5N1)	853	6915
PB1|PP755595.1|A/cattle/Texas/24-008749-003/2024(H5N1)	854	7423
PB1|PP755595.1|A/cattle/Texas/24-008749-003/2024(H5N1)	855	7206
PB1|PP755595.1|A/cattle/Texas/24-008749-003/2024(H5N1)	856	7182
PB1|PP755595.1|A/cattle/Texas/24-008749-003/2024(H5N1)	857	7153
PB1|PP755595.1|A/cattle/Texas/24-008749-003/2024(H5N1)	858	7158
PB1|PP755595.1|A/cattle/Texas/24-008749-003/2024(H5N1)	859	7123
PB1|PP755595.1|A/cattle/Texas/24-008749-003/2024(H5N1)	860	7156
PB1|PP755595.1|A/cattle/Texas/24-008749-003/2024(H5N1)	861	7262
PB1|PP755595.1|A/cattle/Texas/24-008749-003/2024(H5N1)	862	7179
PB1|PP755595.1|A/cattle/Texas/24-008749-003/2024(H5N1)	863	7193
PB1|PP755595.1|A/cattle/Texas/24-008749-003/2024(H5N1)	864	7528
PB1|PP755595.1|A/cattle/Texas/24-008749-003/2024(H5N1)	865	7556
PB1|PP755595.1|A/cattle/Texas/24-008749-003/2024(H5N1)	866	7604
PB1|PP755595.1|A/cattle/Texas/24-008749-003/2024(H5N1)	867	7506
PB1|PP755595.1|A/cattle/Texas/24-008749-003/2024(H5N1)	868	7503
PB1|PP755595.1|A/cattle/Texas/24-008749-003/2024(H5N1)	869	7473
PB1|PP755595.1|A/cattle/Texas/24-008749-003/2024(H5N1)	870	7460
PB1|PP755595.1|A/cattle/Texas/24-008749-003/2024(H5N1)	871	7569
PB1|PP755595.1|A/cattle/Texas/24-008749-003/2024(H5N1)	872	7527
PB1|PP755595.1|A/cattle/Texas/24-008749-003/2024(H5N1)	873	7515
PB1|PP755595.1|A/cattle/Texas/24-008749-003/2024(H5N1)	874	7501
PB1|PP755595.1|A/cattle/Texas/24-008749-003/2024(H5N1)	875	7476
PB1|PP755595.1|A/cattle/Texas/24-008749-003/2024(H5N1)	876	7477
PB1|PP755595.1|A/cattle/Texas/24-008749-003/2024(H5N1)	877	7545
PB1|PP755595.1|A/cattle/Texas/24-008749-003/2024(H5N1)	878	7471
PB1|PP755595.1|A/cattle/Texas/24-008749-003/2024(H5N1)	879	7473
PB1|PP755595.1|A/cattle/Texas/24-008749-003/2024(H5N1)	880	7950
PB1|PP755595.1|A/cattle/Texas/24-008749-003/2024(H5N1)	881	7931
PB1|PP755595.1|A/cattle/Texas/24-008749-003/2024(H5N1)	882	7938
PB1|PP755595.1|A/cattle/Texas/24-008749-003/2024(H5N1)	883	7951
PB1|PP755595.1|A/cattle/Texas/24-008749-003/2024(H5N1)	884	8361
PB1|PP755595.1|A/cattle/Texas/24-008749-003/2024(H5N1)	885	8319
PB1|PP755595.1|A/cattle/Texas/24-008749-003/2024(H5N1)	886	8296
PB1|PP755595.1|A/cattle/Texas/24-008749-003/2024(H5N1)	887	8108
PB1|PP755595.1|A/cattle/Texas/24-008749-003/2024(H5N1)	888	8036
PB1|PP755595.1|A/cattle/Texas/24-008749-003/2024(H5N1)	889	8159
PB1|PP755595.1|A/cattle/Texas/24-008749-003/2024(H5N1)	890	8141
PB1|PP755595.1|A/cattle/Texas/24-008749-003/2024(H5N1)	891	8173
PB1|PP755595.1|A/cattle/Texas/24-008749-003/2024(H5N1)	892	7957
PB1|PP755595.1|A/cattle/Texas/24-008749-003/2024(H5N1)	893	7550
PB1|PP755595.1|A/cattle/Texas/24-008749-003/2024(H5N1)	894	7719
PB1|PP755595.1|A/cattle/Texas/24-008749-003/2024(H5N1)	895	7693
PB1|PP755595.1|A/cattle/Texas/24-008749-003/2024(H5N1)	896	7665
PB1|PP755595.1|A/cattle/Texas/24-008749-003/2024(H5N1)	897	7659
PB1|PP755595.1|A/cattle/Texas/24-008749-003/2024(H5N1)	898	7533
PB1|PP755595.1|A/cattle/Texas/24-008749-003/2024(H5N1)	899	7496
PB1|PP755595.1|A/cattle/Texas/24-008749-003/2024(H5N1)	900	7411
PB1|PP755595.1|A/cattle/Texas/24-008749-003/2024(H5N1)	901	7431
PB1|PP755595.1|A/cattle/Texas/24-008749-003/2024(H5N1)	902	7243
PB1|PP755595.1|A/cattle/Texas/24-008749-003/2024(H5N1)	903	7065
PB1|PP755595.1|A/cattle/Texas/24-008749-003/2024(H5N1)	904	7075
PB1|PP755595.1|A/cattle/Texas/24-008749-003/2024(H5N1)	905	7003
PB1|PP755595.1|A/cattle/Texas/24-008749-003/2024(H5N1)	906	7034
PB1|PP755595.1|A/cattle/Texas/24-008749-003/2024(H5N1)	907	7217
PB1|PP755595.1|A/cattle/Texas/24-008749-003/2024(H5N1)	908	7293
PB1|PP755595.1|A/cattle/Texas/24-008749-003/2024(H5N1)	909	7293
PB1|PP755595.1|A/cattle/Texas/24-008749-003/2024(H5N1)	910	7367
PB1|PP755595.1|A/cattle/Texas/24-008749-003/2024(H5N1)	911	7352
PB1|PP755595.1|A/cattle/Texas/24-008749-003/2024(H5N1)	912	7531
PB1|PP755595.1|A/cattle/Texas/24-008749-003/2024(H5N1)	913	7537
PB1|PP755595.1|A/cattle/Texas/24-008749-003/2024(H5N1)	914	7508
PB1|PP755595.1|A/cattle/Texas/24-008749-003/2024(H5N1)	915	7512
PB1|PP755595.1|A/cattle/Texas/24-008749-003/2024(H5N1)	916	7506
PB1|PP755595.1|A/cattle/Texas/24-008749-003/2024(H5N1)	917	7582
PB1|PP755595.1|A/cattle/Texas/24-008749-003/2024(H5N1)	918	7963
PB1|PP755595.1|A/cattle/Texas/24-008749-003/2024(H5N1)	919	7941
PB1|PP755595.1|A/cattle/Texas/24-008749-003/2024(H5N1)	920	7781
PB1|PP755595.1|A/cattle/Texas/24-008749-003/2024(H5N1)	921	7575
PB1|PP755595.1|A/cattle/Texas/24-008749-003/2024(H5N1)	922	7573
PB1|PP755595.1|A/cattle/Texas/24-008749-003/2024(H5N1)	923	7543
PB1|PP755595.1|A/cattle/Texas/24-008749-003/2024(H5N1)	924	7548
PB1|PP755595.1|A/cattle/Texas/24-008749-003/2024(H5N1)	925	7519
PB1|PP755595.1|A/cattle/Texas/24-008749-003/2024(H5N1)	926	7383
PB1|PP755595.1|A/cattle/Texas/24-008749-003/2024(H5N1)	927	7395
PB1|PP755595.1|A/cattle/Texas/24-008749-003/2024(H5N1)	928	7363
PB1|PP755595.1|A/cattle/Texas/24-008749-003/2024(H5N1)	929	7375
PB1|PP755595.1|A/cattle/Texas/24-008749-003/2024(H5N1)	930	7370
PB1|PP755595.1|A/cattle/Texas/24-008749-003/2024(H5N1)	931	7297
PB1|PP755595.1|A/cattle/Texas/24-008749-003/2024(H5N1)	932	7296
PB1|PP755595.1|A/cattle/Texas/24-008749-003/2024(H5N1)	933	7260
PB1|PP755595.1|A/cattle/Texas/24-008749-003/2024(H5N1)	934	7306
PB1|PP755595.1|A/cattle/Texas/24-008749-003/2024(H5N1)	935	7313
PB1|PP755595.1|A/cattle/Texas/24-008749-003/2024(H5N1)	936	7316
PB1|PP755595.1|A/cattle/Texas/24-008749-003/2024(H5N1)	937	7356
PB1|PP755595.1|A/cattle/Texas/24-008749-003/2024(H5N1)	938	7356
PB1|PP755595.1|A/cattle/Texas/24-008749-003/2024(H5N1)	939	7345
PB1|PP755595.1|A/cattle/Texas/24-008749-003/2024(H5N1)	940	7485
PB1|PP755595.1|A/cattle/Texas/24-008749-003/2024(H5N1)	941	7499
PB1|PP755595.1|A/cattle/Texas/24-008749-003/2024(H5N1)	942	7501
PB1|PP755595.1|A/cattle/Texas/24-008749-003/2024(H5N1)	943	7589
PB1|PP755595.1|A/cattle/Texas/24-008749-003/2024(H5N1)	944	7506
PB1|PP755595.1|A/cattle/Texas/24-008749-003/2024(H5N1)	945	7494
PB1|PP755595.1|A/cattle/Texas/24-008749-003/2024(H5N1)	946	7481
PB1|PP755595.1|A/cattle/Texas/24-008749-003/2024(H5N1)	947	7485
PB1|PP755595.1|A/cattle/Texas/24-008749-003/2024(H5N1)	948	7521
PB1|PP755595.1|A/cattle/Texas/24-008749-003/2024(H5N1)	949	7526
PB1|PP755595.1|A/cattle/Texas/24-008749-003/2024(H5N1)	950	7493
PB1|PP755595.1|A/cattle/Texas/24-008749-003/2024(H5N1)	951	7536
PB1|PP755595.1|A/cattle/Texas/24-008749-003/2024(H5N1)	952	7449
PB1|PP755595.1|A/cattle/Texas/24-008749-003/2024(H5N1)	953	7454
PB1|PP755595.1|A/cattle/Texas/24-008749-003/2024(H5N1)	954	7346
PB1|PP755595.1|A/cattle/Texas/24-008749-003/2024(H5N1)	955	7347
PB1|PP755595.1|A/cattle/Texas/24-008749-003/2024(H5N1)	956	7347
PB1|PP755595.1|A/cattle/Texas/24-008749-003/2024(H5N1)	957	7373
PB1|PP755595.1|A/cattle/Texas/24-008749-003/2024(H5N1)	958	7384
PB1|PP755595.1|A/cattle/Texas/24-008749-003/2024(H5N1)	959	7384
PB1|PP755595.1|A/cattle/Texas/24-008749-003/2024(H5N1)	960	7328
PB1|PP755595.1|A/cattle/Texas/24-008749-003/2024(H5N1)	961	7335
PB1|PP755595.1|A/cattle/Texas/24-008749-003/2024(H5N1)	962	7412
PB1|PP755595.1|A/cattle/Texas/24-008749-003/2024(H5N1)	963	7420
PB1|PP755595.1|A/cattle/Texas/24-008749-003/2024(H5N1)	964	7368
PB1|PP755595.1|A/cattle/Texas/24-008749-003/2024(H5N1)	965	7374
PB1|PP755595.1|A/cattle/Texas/24-008749-003/2024(H5N1)	966	7338
PB1|PP755595.1|A/cattle/Texas/24-008749-003/2024(H5N1)	967	7341
PB1|PP755595.1|A/cattle/Texas/24-008749-003/2024(H5N1)	968	7326
PB1|PP755595.1|A/cattle/Texas/24-008749-003/2024(H5N1)	969	7506
PB1|PP755595.1|A/cattle/Texas/24-008749-003/2024(H5N1)	970	7515
PB1|PP755595.1|A/cattle/Texas/24-008749-003/2024(H5N1)	971	7432
PB1|PP755595.1|A/cattle/Texas/24-008749-003/2024(H5N1)	972	7455
PB1|PP755595.1|A/cattle/Texas/24-008749-003/2024(H5N1)	973	7443
PB1|PP755595.1|A/cattle/Texas/24-008749-003/2024(H5N1)	974	7436
PB1|PP755595.1|A/cattle/Texas/24-008749-003/2024(H5N1)	975	7412
PB1|PP755595.1|A/cattle/Texas/24-008749-003/2024(H5N1)	976	7392
PB1|PP755595.1|A/cattle/Texas/24-008749-003/2024(H5N1)	977	7303
PB1|PP755595.1|A/cattle/Texas/24-008749-003/2024(H5N1)	978	7085
PB1|PP755595.1|A/cattle/Texas/24-008749-003/2024(H5N1)	979	7070
PB1|PP755595.1|A/cattle/Texas/24-008749-003/2024(H5N1)	980	7009
PB1|PP755595.1|A/cattle/Texas/24-008749-003/2024(H5N1)	981	7138
PB1|PP755595.1|A/cattle/Texas/24-008749-003/2024(H5N1)	982	7200
PB1|PP755595.1|A/cattle/Texas/24-008749-003/2024(H5N1)	983	7195
PB1|PP755595.1|A/cattle/Texas/24-008749-003/2024(H5N1)	984	7192
PB1|PP755595.1|A/cattle/Texas/24-008749-003/2024(H5N1)	985	7200
PB1|PP755595.1|A/cattle/Texas/24-008749-003/2024(H5N1)	986	7169
PB1|PP755595.1|A/cattle/Texas/24-008749-003/2024(H5N1)	987	7288
PB1|PP755595.1|A/cattle/Texas/24-008749-003/2024(H5N1)	988	7210
PB1|PP755595.1|A/cattle/Texas/24-008749-003/2024(H5N1)	989	7201
PB1|PP755595.1|A/cattle/Texas/24-008749-003/2024(H5N1)	990	7092
PB1|PP755595.1|A/cattle/Texas/24-008749-003/2024(H5N1)	991	7110
PB1|PP755595.1|A/cattle/Texas/24-008749-003/2024(H5N1)	992	7136
PB1|PP755595.1|A/cattle/Texas/24-008749-003/2024(H5N1)	993	7146
PB1|PP755595.1|A/cattle/Texas/24-008749-003/2024(H5N1)	994	7151
PB1|PP755595.1|A/cattle/Texas/24-008749-003/2024(H5N1)	995	7129
PB1|PP755595.1|A/cattle/Texas/24-008749-003/2024(H5N1)	996	7723
PB1|PP755595.1|A/cattle/Texas/24-008749-003/2024(H5N1)	997	7565
PB1|PP755595.1|A/cattle/Texas/24-008749-003/2024(H5N1)	998	7571
PB1|PP755595.1|A/cattle/Texas/24-008749-003/2024(H5N1)	999	7569
PB1|PP755595.1|A/cattle/Texas/24-008749-003/2024(H5N1)	1000	7553
PB1|PP755595.1|A/cattle/Texas/24-008749-003/2024(H5N1)	1001	7652
PB1|PP755595.1|A/cattle/Texas/24-008749-003/2024(H5N1)	1002	7659
PB1|PP755595.1|A/cattle/Texas/24-008749-003/2024(H5N1)	1003	7638
PB1|PP755595.1|A/cattle/Texas/24-008749-003/2024(H5N1)	1004	7609
PB1|PP755595.1|A/cattle/Texas/24-008749-003/2024(H5N1)	1005	7070
PB1|PP755595.1|A/cattle/Texas/24-008749-003/2024(H5N1)	1006	7434
PB1|PP755595.1|A/cattle/Texas/24-008749-003/2024(H5N1)	1007	7493
PB1|PP755595.1|A/cattle/Texas/24-008749-003/2024(H5N1)	1008	7516
PB1|PP755595.1|A/cattle/Texas/24-008749-003/2024(H5N1)	1009	7518
PB1|PP755595.1|A/cattle/Texas/24-008749-003/2024(H5N1)	1010	7398
PB1|PP755595.1|A/cattle/Texas/24-008749-003/2024(H5N1)	1011	7390
PB1|PP755595.1|A/cattle/Texas/24-008749-003/2024(H5N1)	1012	7387
PB1|PP755595.1|A/cattle/Texas/24-008749-003/2024(H5N1)	1013	7508
PB1|PP755595.1|A/cattle/Texas/24-008749-003/2024(H5N1)	1014	7489
PB1|PP755595.1|A/cattle/Texas/24-008749-003/2024(H5N1)	1015	7090
PB1|PP755595.1|A/cattle/Texas/24-008749-003/2024(H5N1)	1016	7090
PB1|PP755595.1|A/cattle/Texas/24-008749-003/2024(H5N1)	1017	7037
PB1|PP755595.1|A/cattle/Texas/24-008749-003/2024(H5N1)	1018	7045
PB1|PP755595.1|A/cattle/Texas/24-008749-003/2024(H5N1)	1019	7109
PB1|PP755595.1|A/cattle/Texas/24-008749-003/2024(H5N1)	1020	7093
PB1|PP755595.1|A/cattle/Texas/24-008749-003/2024(H5N1)	1021	7595
PB1|PP755595.1|A/cattle/Texas/24-008749-003/2024(H5N1)	1022	7465
PB1|PP755595.1|A/cattle/Texas/24-008749-003/2024(H5N1)	1023	7474
PB1|PP755595.1|A/cattle/Texas/24-008749-003/2024(H5N1)	1024	7533
PB1|PP755595.1|A/cattle/Texas/24-008749-003/2024(H5N1)	1025	7542
PB1|PP755595.1|A/cattle/Texas/24-008749-003/2024(H5N1)	1026	7561
PB1|PP755595.1|A/cattle/Texas/24-008749-003/2024(H5N1)	1027	7552
PB1|PP755595.1|A/cattle/Texas/24-008749-003/2024(H5N1)	1028	7502
PB1|PP755595.1|A/cattle/Texas/24-008749-003/2024(H5N1)	1029	7490
PB1|PP755595.1|A/cattle/Texas/24-008749-003/2024(H5N1)	1030	6975
PB1|PP755595.1|A/cattle/Texas/24-008749-003/2024(H5N1)	1031	7131
PB1|PP755595.1|A/cattle/Texas/24-008749-003/2024(H5N1)	1032	7165
PB1|PP755595.1|A/cattle/Texas/24-008749-003/2024(H5N1)	1033	7127
PB1|PP755595.1|A/cattle/Texas/24-008749-003/2024(H5N1)	1034	6820
PB1|PP755595.1|A/cattle/Texas/24-008749-003/2024(H5N1)	1035	6820
PB1|PP755595.1|A/cattle/Texas/24-008749-003/2024(H5N1)	1036	6873
PB1|PP755595.1|A/cattle/Texas/24-008749-003/2024(H5N1)	1037	6868
PB1|PP755595.1|A/cattle/Texas/24-008749-003/2024(H5N1)	1038	6866
PB1|PP755595.1|A/cattle/Texas/24-008749-003/2024(H5N1)	1039	6870
PB1|PP755595.1|A/cattle/Texas/24-008749-003/2024(H5N1)	1040	6894
PB1|PP755595.1|A/cattle/Texas/24-008749-003/2024(H5N1)	1041	6925
PB1|PP755595.1|A/cattle/Texas/24-008749-003/2024(H5N1)	1042	6905
PB1|PP755595.1|A/cattle/Texas/24-008749-003/2024(H5N1)	1043	6936
PB1|PP755595.1|A/cattle/Texas/24-008749-003/2024(H5N1)	1044	6968
PB1|PP755595.1|A/cattle/Texas/24-008749-003/2024(H5N1)	1045	6892
PB1|PP755595.1|A/cattle/Texas/24-008749-003/2024(H5N1)	1046	6910
PB1|PP755595.1|A/cattle/Texas/24-008749-003/2024(H5N1)	1047	6910
PB1|PP755595.1|A/cattle/Texas/24-008749-003/2024(H5N1)	1048	6971
PB1|PP755595.1|A/cattle/Texas/24-008749-003/2024(H5N1)	1049	7134
PB1|PP755595.1|A/cattle/Texas/24-008749-003/2024(H5N1)	1050	7201
PB1|PP755595.1|A/cattle/Texas/24-008749-003/2024(H5N1)	1051	7225
PB1|PP755595.1|A/cattle/Texas/24-008749-003/2024(H5N1)	1052	7265
PB1|PP755595.1|A/cattle/Texas/24-008749-003/2024(H5N1)	1053	7265
PB1|PP755595.1|A/cattle/Texas/24-008749-003/2024(H5N1)	1054	7343
PB1|PP755595.1|A/cattle/Texas/24-008749-003/2024(H5N1)	1055	7390
PB1|PP755595.1|A/cattle/Texas/24-008749-003/2024(H5N1)	1056	7385
PB1|PP755595.1|A/cattle/Texas/24-008749-003/2024(H5N1)	1057	7300
PB1|PP755595.1|A/cattle/Texas/24-008749-003/2024(H5N1)	1058	7102
PB1|PP755595.1|A/cattle/Texas/24-008749-003/2024(H5N1)	1059	7019
PB1|PP755595.1|A/cattle/Texas/24-008749-003/2024(H5N1)	1060	7424
PB1|PP755595.1|A/cattle/Texas/24-008749-003/2024(H5N1)	1061	7448
PB1|PP755595.1|A/cattle/Texas/24-008749-003/2024(H5N1)	1062	7486
PB1|PP755595.1|A/cattle/Texas/24-008749-003/2024(H5N1)	1063	7350
PB1|PP755595.1|A/cattle/Texas/24-008749-003/2024(H5N1)	1064	7346
PB1|PP755595.1|A/cattle/Texas/24-008749-003/2024(H5N1)	1065	7336
PB1|PP755595.1|A/cattle/Texas/24-008749-003/2024(H5N1)	1066	7330
PB1|PP755595.1|A/cattle/Texas/24-008749-003/2024(H5N1)	1067	7306
PB1|PP755595.1|A/cattle/Texas/24-008749-003/2024(H5N1)	1068	7235
PB1|PP755595.1|A/cattle/Texas/24-008749-003/2024(H5N1)	1069	7072
PB1|PP755595.1|A/cattle/Texas/24-008749-003/2024(H5N1)	1070	7047
PB1|PP755595.1|A/cattle/Texas/24-008749-003/2024(H5N1)	1071	6986
PB1|PP755595.1|A/cattle/Texas/24-008749-003/2024(H5N1)	1072	6986
PB1|PP755595.1|A/cattle/Texas/24-008749-003/2024(H5N1)	1073	7028
PB1|PP755595.1|A/cattle/Texas/24-008749-003/2024(H5N1)	1074	7093
PB1|PP755595.1|A/cattle/Texas/24-008749-003/2024(H5N1)	1075	7110
PB1|PP755595.1|A/cattle/Texas/24-008749-003/2024(H5N1)	1076	7136
PB1|PP755595.1|A/cattle/Texas/24-008749-003/2024(H5N1)	1077	7188
PB1|PP755595.1|A/cattle/Texas/24-008749-003/2024(H5N1)	1078	7160
PB1|PP755595.1|A/cattle/Texas/24-008749-003/2024(H5N1)	1079	7159
PB1|PP755595.1|A/cattle/Texas/24-008749-003/2024(H5N1)	1080	7186
PB1|PP755595.1|A/cattle/Texas/24-008749-003/2024(H5N1)	1081	7283
PB1|PP755595.1|A/cattle/Texas/24-008749-003/2024(H5N1)	1082	7401
PB1|PP755595.1|A/cattle/Texas/24-008749-003/2024(H5N1)	1083	7388
PB1|PP755595.1|A/cattle/Texas/24-008749-003/2024(H5N1)	1084	7372
PB1|PP755595.1|A/cattle/Texas/24-008749-003/2024(H5N1)	1085	7319
PB1|PP755595.1|A/cattle/Texas/24-008749-003/2024(H5N1)	1086	7312
PB1|PP755595.1|A/cattle/Texas/24-008749-003/2024(H5N1)	1087	7393
PB1|PP755595.1|A/cattle/Texas/24-008749-003/2024(H5N1)	1088	7394
PB1|PP755595.1|A/cattle/Texas/24-008749-003/2024(H5N1)	1089	7432
PB1|PP755595.1|A/cattle/Texas/24-008749-003/2024(H5N1)	1090	7439
PB1|PP755595.1|A/cattle/Texas/24-008749-003/2024(H5N1)	1091	7438
PB1|PP755595.1|A/cattle/Texas/24-008749-003/2024(H5N1)	1092	7438
PB1|PP755595.1|A/cattle/Texas/24-008749-003/2024(H5N1)	1093	7385
PB1|PP755595.1|A/cattle/Texas/24-008749-003/2024(H5N1)	1094	7386
PB1|PP755595.1|A/cattle/Texas/24-008749-003/2024(H5N1)	1095	7407
PB1|PP755595.1|A/cattle/Texas/24-008749-003/2024(H5N1)	1096	7414
PB1|PP755595.1|A/cattle/Texas/24-008749-003/2024(H5N1)	1097	7582
PB1|PP755595.1|A/cattle/Texas/24-008749-003/2024(H5N1)	1098	7584
PB1|PP755595.1|A/cattle/Texas/24-008749-003/2024(H5N1)	1099	7602
PB1|PP755595.1|A/cattle/Texas/24-008749-003/2024(H5N1)	1100	7804
PB1|PP755595.1|A/cattle/Texas/24-008749-003/2024(H5N1)	1101	7812
PB1|PP755595.1|A/cattle/Texas/24-008749-003/2024(H5N1)	1102	7785
PB1|PP755595.1|A/cattle/Texas/24-008749-003/2024(H5N1)	1103	7873
PB1|PP755595.1|A/cattle/Texas/24-008749-003/2024(H5N1)	1104	7858
PB1|PP755595.1|A/cattle/Texas/24-008749-003/2024(H5N1)	1105	8089
PB1|PP755595.1|A/cattle/Texas/24-008749-003/2024(H5N1)	1106	7976
PB1|PP755595.1|A/cattle/Texas/24-008749-003/2024(H5N1)	1107	7973
PB1|PP755595.1|A/cattle/Texas/24-008749-003/2024(H5N1)	1108	7946
PB1|PP755595.1|A/cattle/Texas/24-008749-003/2024(H5N1)	1109	7957
PB1|PP755595.1|A/cattle/Texas/24-008749-003/2024(H5N1)	1110	7939
PB1|PP755595.1|A/cattle/Texas/24-008749-003/2024(H5N1)	1111	7941
PB1|PP755595.1|A/cattle/Texas/24-008749-003/2024(H5N1)	1112	8068
PB1|PP755595.1|A/cattle/Texas/24-008749-003/2024(H5N1)	1113	7961
PB1|PP755595.1|A/cattle/Texas/24-008749-003/2024(H5N1)	1114	7978
PB1|PP755595.1|A/cattle/Texas/24-008749-003/2024(H5N1)	1115	7976
PB1|PP755595.1|A/cattle/Texas/24-008749-003/2024(H5N1)	1116	7973
PB1|PP755595.1|A/cattle/Texas/24-008749-003/2024(H5N1)	1117	7743
PB1|PP755595.1|A/cattle/Texas/24-008749-003/2024(H5N1)	1118	7740
PB1|PP755595.1|A/cattle/Texas/24-008749-003/2024(H5N1)	1119	7884
PB1|PP755595.1|A/cattle/Texas/24-008749-003/2024(H5N1)	1120	7712
PB1|PP755595.1|A/cattle/Texas/24-008749-003/2024(H5N1)	1121	7642
PB1|PP755595.1|A/cattle/Texas/24-008749-003/2024(H5N1)	1122	7640
PB1|PP755595.1|A/cattle/Texas/24-008749-003/2024(H5N1)	1123	7604
PB1|PP755595.1|A/cattle/Texas/24-008749-003/2024(H5N1)	1124	7710
PB1|PP755595.1|A/cattle/Texas/24-008749-003/2024(H5N1)	1125	7729
PB1|PP755595.1|A/cattle/Texas/24-008749-003/2024(H5N1)	1126	7728
PB1|PP755595.1|A/cattle/Texas/24-008749-003/2024(H5N1)	1127	7785
PB1|PP755595.1|A/cattle/Texas/24-008749-003/2024(H5N1)	1128	7630
PB1|PP755595.1|A/cattle/Texas/24-008749-003/2024(H5N1)	1129	7754
PB1|PP755595.1|A/cattle/Texas/24-008749-003/2024(H5N1)	1130	7785
PB1|PP755595.1|A/cattle/Texas/24-008749-003/2024(H5N1)	1131	7792
PB1|PP755595.1|A/cattle/Texas/24-008749-003/2024(H5N1)	1132	7750
PB1|PP755595.1|A/cattle/Texas/24-008749-003/2024(H5N1)	1133	7638
PB1|PP755595.1|A/cattle/Texas/24-008749-003/2024(H5N1)	1134	7721
PB1|PP755595.1|A/cattle/Texas/24-008749-003/2024(H5N1)	1135	7729
PB1|PP755595.1|A/cattle/Texas/24-008749-003/2024(H5N1)	1136	7720
PB1|PP755595.1|A/cattle/Texas/24-008749-003/2024(H5N1)	1137	7812
PB1|PP755595.1|A/cattle/Texas/24-008749-003/2024(H5N1)	1138	7678
PB1|PP755595.1|A/cattle/Texas/24-008749-003/2024(H5N1)	1139	7734
PB1|PP755595.1|A/cattle/Texas/24-008749-003/2024(H5N1)	1140	7730
PB1|PP755595.1|A/cattle/Texas/24-008749-003/2024(H5N1)	1141	7711
PB1|PP755595.1|A/cattle/Texas/24-008749-003/2024(H5N1)	1142	7713
PB1|PP755595.1|A/cattle/Texas/24-008749-003/2024(H5N1)	1143	7878
PB1|PP755595.1|A/cattle/Texas/24-008749-003/2024(H5N1)	1144	7864
PB1|PP755595.1|A/cattle/Texas/24-008749-003/2024(H5N1)	1145	7913
PB1|PP755595.1|A/cattle/Texas/24-008749-003/2024(H5N1)	1146	7906
PB1|PP755595.1|A/cattle/Texas/24-008749-003/2024(H5N1)	1147	7388
PB1|PP755595.1|A/cattle/Texas/24-008749-003/2024(H5N1)	1148	7270
PB1|PP755595.1|A/cattle/Texas/24-008749-003/2024(H5N1)	1149	7350
PB1|PP755595.1|A/cattle/Texas/24-008749-003/2024(H5N1)	1150	7338
PB1|PP755595.1|A/cattle/Texas/24-008749-003/2024(H5N1)	1151	7364
PB1|PP755595.1|A/cattle/Texas/24-008749-003/2024(H5N1)	1152	7358
PB1|PP755595.1|A/cattle/Texas/24-008749-003/2024(H5N1)	1153	7362
PB1|PP755595.1|A/cattle/Texas/24-008749-003/2024(H5N1)	1154	7358
PB1|PP755595.1|A/cattle/Texas/24-008749-003/2024(H5N1)	1155	7317
PB1|PP755595.1|A/cattle/Texas/24-008749-003/2024(H5N1)	1156	7273
PB1|PP755595.1|A/cattle/Texas/24-008749-003/2024(H5N1)	1157	6956
PB1|PP755595.1|A/cattle/Texas/24-008749-003/2024(H5N1)	1158	7018
PB1|PP755595.1|A/cattle/Texas/24-008749-003/2024(H5N1)	1159	7052
PB1|PP755595.1|A/cattle/Texas/24-008749-003/2024(H5N1)	1160	7075
PB1|PP755595.1|A/cattle/Texas/24-008749-003/2024(H5N1)	1161	7082
PB1|PP755595.1|A/cattle/Texas/24-008749-003/2024(H5N1)	1162	7163
PB1|PP755595.1|A/cattle/Texas/24-008749-003/2024(H5N1)	1163	7218
PB1|PP755595.1|A/cattle/Texas/24-008749-003/2024(H5N1)	1164	7122
PB1|PP755595.1|A/cattle/Texas/24-008749-003/2024(H5N1)	1165	7143
PB1|PP755595.1|A/cattle/Texas/24-008749-003/2024(H5N1)	1166	7182
PB1|PP755595.1|A/cattle/Texas/24-008749-003/2024(H5N1)	1167	7169
PB1|PP755595.1|A/cattle/Texas/24-008749-003/2024(H5N1)	1168	7180
PB1|PP755595.1|A/cattle/Texas/24-008749-003/2024(H5N1)	1169	7163
PB1|PP755595.1|A/cattle/Texas/24-008749-003/2024(H5N1)	1170	7157
PB1|PP755595.1|A/cattle/Texas/24-008749-003/2024(H5N1)	1171	7164
PB1|PP755595.1|A/cattle/Texas/24-008749-003/2024(H5N1)	1172	6813
PB1|PP755595.1|A/cattle/Texas/24-008749-003/2024(H5N1)	1173	7075
PB1|PP755595.1|A/cattle/Texas/24-008749-003/2024(H5N1)	1174	7085
PB1|PP755595.1|A/cattle/Texas/24-008749-003/2024(H5N1)	1175	7035
PB1|PP755595.1|A/cattle/Texas/24-008749-003/2024(H5N1)	1176	7067
PB1|PP755595.1|A/cattle/Texas/24-008749-003/2024(H5N1)	1177	7044
PB1|PP755595.1|A/cattle/Texas/24-008749-003/2024(H5N1)	1178	7106
PB1|PP755595.1|A/cattle/Texas/24-008749-003/2024(H5N1)	1179	7464
PB1|PP755595.1|A/cattle/Texas/24-008749-003/2024(H5N1)	1180	7464
PB1|PP755595.1|A/cattle/Texas/24-008749-003/2024(H5N1)	1181	7388
PB1|PP755595.1|A/cattle/Texas/24-008749-003/2024(H5N1)	1182	7263
PB1|PP755595.1|A/cattle/Texas/24-008749-003/2024(H5N1)	1183	7214
PB1|PP755595.1|A/cattle/Texas/24-008749-003/2024(H5N1)	1184	7249
PB1|PP755595.1|A/cattle/Texas/24-008749-003/2024(H5N1)	1185	7261
PB1|PP755595.1|A/cattle/Texas/24-008749-003/2024(H5N1)	1186	7417
PB1|PP755595.1|A/cattle/Texas/24-008749-003/2024(H5N1)	1187	7341
PB1|PP755595.1|A/cattle/Texas/24-008749-003/2024(H5N1)	1188	7406
PB1|PP755595.1|A/cattle/Texas/24-008749-003/2024(H5N1)	1189	7497
PB1|PP755595.1|A/cattle/Texas/24-008749-003/2024(H5N1)	1190	7534
PB1|PP755595.1|A/cattle/Texas/24-008749-003/2024(H5N1)	1191	7450
PB1|PP755595.1|A/cattle/Texas/24-008749-003/2024(H5N1)	1192	7420
PB1|PP755595.1|A/cattle/Texas/24-008749-003/2024(H5N1)	1193	7398
PB1|PP755595.1|A/cattle/Texas/24-008749-003/2024(H5N1)	1194	7436
PB1|PP755595.1|A/cattle/Texas/24-008749-003/2024(H5N1)	1195	7317
PB1|PP755595.1|A/cattle/Texas/24-008749-003/2024(H5N1)	1196	7421
PB1|PP755595.1|A/cattle/Texas/24-008749-003/2024(H5N1)	1197	7354
PB1|PP755595.1|A/cattle/Texas/24-008749-003/2024(H5N1)	1198	7356
PB1|PP755595.1|A/cattle/Texas/24-008749-003/2024(H5N1)	1199	7160
PB1|PP755595.1|A/cattle/Texas/24-008749-003/2024(H5N1)	1200	7115
PB1|PP755595.1|A/cattle/Texas/24-008749-003/2024(H5N1)	1201	7162
PB1|PP755595.1|A/cattle/Texas/24-008749-003/2024(H5N1)	1202	7145
PB1|PP755595.1|A/cattle/Texas/24-008749-003/2024(H5N1)	1203	7184
PB1|PP755595.1|A/cattle/Texas/24-008749-003/2024(H5N1)	1204	7222
PB1|PP755595.1|A/cattle/Texas/24-008749-003/2024(H5N1)	1205	7353
PB1|PP755595.1|A/cattle/Texas/24-008749-003/2024(H5N1)	1206	7391
PB1|PP755595.1|A/cattle/Texas/24-008749-003/2024(H5N1)	1207	7401
PB1|PP755595.1|A/cattle/Texas/24-008749-003/2024(H5N1)	1208	7423
PB1|PP755595.1|A/cattle/Texas/24-008749-003/2024(H5N1)	1209	7418
PB1|PP755595.1|A/cattle/Texas/24-008749-003/2024(H5N1)	1210	7334
PB1|PP755595.1|A/cattle/Texas/24-008749-003/2024(H5N1)	1211	7222
PB1|PP755595.1|A/cattle/Texas/24-008749-003/2024(H5N1)	1212	7222
PB1|PP755595.1|A/cattle/Texas/24-008749-003/2024(H5N1)	1213	7171
PB1|PP755595.1|A/cattle/Texas/24-008749-003/2024(H5N1)	1214	7128
PB1|PP755595.1|A/cattle/Texas/24-008749-003/2024(H5N1)	1215	7161
PB1|PP755595.1|A/cattle/Texas/24-008749-003/2024(H5N1)	1216	7272
PB1|PP755595.1|A/cattle/Texas/24-008749-003/2024(H5N1)	1217	7346
PB1|PP755595.1|A/cattle/Texas/24-008749-003/2024(H5N1)	1218	7351
PB1|PP755595.1|A/cattle/Texas/24-008749-003/2024(H5N1)	1219	7345
PB1|PP755595.1|A/cattle/Texas/24-008749-003/2024(H5N1)	1220	7062
PB1|PP755595.1|A/cattle/Texas/24-008749-003/2024(H5N1)	1221	7123
PB1|PP755595.1|A/cattle/Texas/24-008749-003/2024(H5N1)	1222	7185
PB1|PP755595.1|A/cattle/Texas/24-008749-003/2024(H5N1)	1223	7185
PB1|PP755595.1|A/cattle/Texas/24-008749-003/2024(H5N1)	1224	7176
PB1|PP755595.1|A/cattle/Texas/24-008749-003/2024(H5N1)	1225	7114
PB1|PP755595.1|A/cattle/Texas/24-008749-003/2024(H5N1)	1226	7007
PB1|PP755595.1|A/cattle/Texas/24-008749-003/2024(H5N1)	1227	6983
PB1|PP755595.1|A/cattle/Texas/24-008749-003/2024(H5N1)	1228	7069
PB1|PP755595.1|A/cattle/Texas/24-008749-003/2024(H5N1)	1229	7108
PB1|PP755595.1|A/cattle/Texas/24-008749-003/2024(H5N1)	1230	7034
PB1|PP755595.1|A/cattle/Texas/24-008749-003/2024(H5N1)	1231	7049
PB1|PP755595.1|A/cattle/Texas/24-008749-003/2024(H5N1)	1232	7049
PB1|PP755595.1|A/cattle/Texas/24-008749-003/2024(H5N1)	1233	7069
PB1|PP755595.1|A/cattle/Texas/24-008749-003/2024(H5N1)	1234	7122
PB1|PP755595.1|A/cattle/Texas/24-008749-003/2024(H5N1)	1235	7162
PB1|PP755595.1|A/cattle/Texas/24-008749-003/2024(H5N1)	1236	7173
PB1|PP755595.1|A/cattle/Texas/24-008749-003/2024(H5N1)	1237	7136
PB1|PP755595.1|A/cattle/Texas/24-008749-003/2024(H5N1)	1238	7149
PB1|PP755595.1|A/cattle/Texas/24-008749-003/2024(H5N1)	1239	7116
PB1|PP755595.1|A/cattle/Texas/24-008749-003/2024(H5N1)	1240	7151
PB1|PP755595.1|A/cattle/Texas/24-008749-003/2024(H5N1)	1241	7114
PB1|PP755595.1|A/cattle/Texas/24-008749-003/2024(H5N1)	1242	7221
PB1|PP755595.1|A/cattle/Texas/24-008749-003/2024(H5N1)	1243	7414
PB1|PP755595.1|A/cattle/Texas/24-008749-003/2024(H5N1)	1244	7384
PB1|PP755595.1|A/cattle/Texas/24-008749-003/2024(H5N1)	1245	7508
PB1|PP755595.1|A/cattle/Texas/24-008749-003/2024(H5N1)	1246	7504
PB1|PP755595.1|A/cattle/Texas/24-008749-003/2024(H5N1)	1247	7790
PB1|PP755595.1|A/cattle/Texas/24-008749-003/2024(H5N1)	1248	7689
PB1|PP755595.1|A/cattle/Texas/24-008749-003/2024(H5N1)	1249	7640
PB1|PP755595.1|A/cattle/Texas/24-008749-003/2024(H5N1)	1250	7639
PB1|PP755595.1|A/cattle/Texas/24-008749-003/2024(H5N1)	1251	7414
PB1|PP755595.1|A/cattle/Texas/24-008749-003/2024(H5N1)	1252	7525
PB1|PP755595.1|A/cattle/Texas/24-008749-003/2024(H5N1)	1253	7739
PB1|PP755595.1|A/cattle/Texas/24-008749-003/2024(H5N1)	1254	7639
PB1|PP755595.1|A/cattle/Texas/24-008749-003/2024(H5N1)	1255	7633
PB1|PP755595.1|A/cattle/Texas/24-008749-003/2024(H5N1)	1256	7601
PB1|PP755595.1|A/cattle/Texas/24-008749-003/2024(H5N1)	1257	7599
PB1|PP755595.1|A/cattle/Texas/24-008749-003/2024(H5N1)	1258	7600
PB1|PP755595.1|A/cattle/Texas/24-008749-003/2024(H5N1)	1259	7584
PB1|PP755595.1|A/cattle/Texas/24-008749-003/2024(H5N1)	1260	7554
PB1|PP755595.1|A/cattle/Texas/24-008749-003/2024(H5N1)	1261	7520
PB1|PP755595.1|A/cattle/Texas/24-008749-003/2024(H5N1)	1262	7618
PB1|PP755595.1|A/cattle/Texas/24-008749-003/2024(H5N1)	1263	7618
PB1|PP755595.1|A/cattle/Texas/24-008749-003/2024(H5N1)	1264	7738
PB1|PP755595.1|A/cattle/Texas/24-008749-003/2024(H5N1)	1265	7722
PB1|PP755595.1|A/cattle/Texas/24-008749-003/2024(H5N1)	1266	7722
PB1|PP755595.1|A/cattle/Texas/24-008749-003/2024(H5N1)	1267	7744
PB1|PP755595.1|A/cattle/Texas/24-008749-003/2024(H5N1)	1268	7742
PB1|PP755595.1|A/cattle/Texas/24-008749-003/2024(H5N1)	1269	7724
PB1|PP755595.1|A/cattle/Texas/24-008749-003/2024(H5N1)	1270	7717
PB1|PP755595.1|A/cattle/Texas/24-008749-003/2024(H5N1)	1271	7720
PB1|PP755595.1|A/cattle/Texas/24-008749-003/2024(H5N1)	1272	7723
PB1|PP755595.1|A/cattle/Texas/24-008749-003/2024(H5N1)	1273	7724
PB1|PP755595.1|A/cattle/Texas/24-008749-003/2024(H5N1)	1274	7837
PB1|PP755595.1|A/cattle/Texas/24-008749-003/2024(H5N1)	1275	7745
PB1|PP755595.1|A/cattle/Texas/24-008749-003/2024(H5N1)	1276	7717
PB1|PP755595.1|A/cattle/Texas/24-008749-003/2024(H5N1)	1277	7709
PB1|PP755595.1|A/cattle/Texas/24-008749-003/2024(H5N1)	1278	7640
PB1|PP755595.1|A/cattle/Texas/24-008749-003/2024(H5N1)	1279	7719
PB1|PP755595.1|A/cattle/Texas/24-008749-003/2024(H5N1)	1280	7801
PB1|PP755595.1|A/cattle/Texas/24-008749-003/2024(H5N1)	1281	7781
PB1|PP755595.1|A/cattle/Texas/24-008749-003/2024(H5N1)	1282	7766
PB1|PP755595.1|A/cattle/Texas/24-008749-003/2024(H5N1)	1283	7691
PB1|PP755595.1|A/cattle/Texas/24-008749-003/2024(H5N1)	1284	7700
PB1|PP755595.1|A/cattle/Texas/24-008749-003/2024(H5N1)	1285	7643
PB1|PP755595.1|A/cattle/Texas/24-008749-003/2024(H5N1)	1286	7635
PB1|PP755595.1|A/cattle/Texas/24-008749-003/2024(H5N1)	1287	7634
PB1|PP755595.1|A/cattle/Texas/24-008749-003/2024(H5N1)	1288	7537
PB1|PP755595.1|A/cattle/Texas/24-008749-003/2024(H5N1)	1289	7246
PB1|PP755595.1|A/cattle/Texas/24-008749-003/2024(H5N1)	1290	7168
PB1|PP755595.1|A/cattle/Texas/24-008749-003/2024(H5N1)	1291	7288
PB1|PP755595.1|A/cattle/Texas/24-008749-003/2024(H5N1)	1292	7290
PB1|PP755595.1|A/cattle/Texas/24-008749-003/2024(H5N1)	1293	7554
PB1|PP755595.1|A/cattle/Texas/24-008749-003/2024(H5N1)	1294	7566
PB1|PP755595.1|A/cattle/Texas/24-008749-003/2024(H5N1)	1295	7600
PB1|PP755595.1|A/cattle/Texas/24-008749-003/2024(H5N1)	1296	7556
PB1|PP755595.1|A/cattle/Texas/24-008749-003/2024(H5N1)	1297	7535
PB1|PP755595.1|A/cattle/Texas/24-008749-003/2024(H5N1)	1298	7554
PB1|PP755595.1|A/cattle/Texas/24-008749-003/2024(H5N1)	1299	7557
PB1|PP755595.1|A/cattle/Texas/24-008749-003/2024(H5N1)	1300	7570
PB1|PP755595.1|A/cattle/Texas/24-008749-003/2024(H5N1)	1301	7718
PB1|PP755595.1|A/cattle/Texas/24-008749-003/2024(H5N1)	1302	7587
PB1|PP755595.1|A/cattle/Texas/24-008749-003/2024(H5N1)	1303	7716
PB1|PP755595.1|A/cattle/Texas/24-008749-003/2024(H5N1)	1304	7697
PB1|PP755595.1|A/cattle/Texas/24-008749-003/2024(H5N1)	1305	7903
PB1|PP755595.1|A/cattle/Texas/24-008749-003/2024(H5N1)	1306	7941
PB1|PP755595.1|A/cattle/Texas/24-008749-003/2024(H5N1)	1307	7944
PB1|PP755595.1|A/cattle/Texas/24-008749-003/2024(H5N1)	1308	7943
PB1|PP755595.1|A/cattle/Texas/24-008749-003/2024(H5N1)	1309	7845
PB1|PP755595.1|A/cattle/Texas/24-008749-003/2024(H5N1)	1310	7850
PB1|PP755595.1|A/cattle/Texas/24-008749-003/2024(H5N1)	1311	7875
PB1|PP755595.1|A/cattle/Texas/24-008749-003/2024(H5N1)	1312	7778
PB1|PP755595.1|A/cattle/Texas/24-008749-003/2024(H5N1)	1313	7774
PB1|PP755595.1|A/cattle/Texas/24-008749-003/2024(H5N1)	1314	7721
PB1|PP755595.1|A/cattle/Texas/24-008749-003/2024(H5N1)	1315	7707
PB1|PP755595.1|A/cattle/Texas/24-008749-003/2024(H5N1)	1316	7789
PB1|PP755595.1|A/cattle/Texas/24-008749-003/2024(H5N1)	1317	7731
PB1|PP755595.1|A/cattle/Texas/24-008749-003/2024(H5N1)	1318	7793
PB1|PP755595.1|A/cattle/Texas/24-008749-003/2024(H5N1)	1319	8054
PB1|PP755595.1|A/cattle/Texas/24-008749-003/2024(H5N1)	1320	8053
PB1|PP755595.1|A/cattle/Texas/24-008749-003/2024(H5N1)	1321	8129
PB1|PP755595.1|A/cattle/Texas/24-008749-003/2024(H5N1)	1322	8132
PB1|PP755595.1|A/cattle/Texas/24-008749-003/2024(H5N1)	1323	8021
PB1|PP755595.1|A/cattle/Texas/24-008749-003/2024(H5N1)	1324	7815
PB1|PP755595.1|A/cattle/Texas/24-008749-003/2024(H5N1)	1325	7800
PB1|PP755595.1|A/cattle/Texas/24-008749-003/2024(H5N1)	1326	7823
PB1|PP755595.1|A/cattle/Texas/24-008749-003/2024(H5N1)	1327	7766
PB1|PP755595.1|A/cattle/Texas/24-008749-003/2024(H5N1)	1328	7548
PB1|PP755595.1|A/cattle/Texas/24-008749-003/2024(H5N1)	1329	7537
PB1|PP755595.1|A/cattle/Texas/24-008749-003/2024(H5N1)	1330	7411
PB1|PP755595.1|A/cattle/Texas/24-008749-003/2024(H5N1)	1331	7347
PB1|PP755595.1|A/cattle/Texas/24-008749-003/2024(H5N1)	1332	7311
PB1|PP755595.1|A/cattle/Texas/24-008749-003/2024(H5N1)	1333	7318
PB1|PP755595.1|A/cattle/Texas/24-008749-003/2024(H5N1)	1334	7321
PB1|PP755595.1|A/cattle/Texas/24-008749-003/2024(H5N1)	1335	7278
PB1|PP755595.1|A/cattle/Texas/24-008749-003/2024(H5N1)	1336	7275
PB1|PP755595.1|A/cattle/Texas/24-008749-003/2024(H5N1)	1337	7205
PB1|PP755595.1|A/cattle/Texas/24-008749-003/2024(H5N1)	1338	7175
PB1|PP755595.1|A/cattle/Texas/24-008749-003/2024(H5N1)	1339	7087
PB1|PP755595.1|A/cattle/Texas/24-008749-003/2024(H5N1)	1340	7064
PB1|PP755595.1|A/cattle/Texas/24-008749-003/2024(H5N1)	1341	7027
PB1|PP755595.1|A/cattle/Texas/24-008749-003/2024(H5N1)	1342	6995
PB1|PP755595.1|A/cattle/Texas/24-008749-003/2024(H5N1)	1343	6971
PB1|PP755595.1|A/cattle/Texas/24-008749-003/2024(H5N1)	1344	6978
PB1|PP755595.1|A/cattle/Texas/24-008749-003/2024(H5N1)	1345	7106
PB1|PP755595.1|A/cattle/Texas/24-008749-003/2024(H5N1)	1346	7042
PB1|PP755595.1|A/cattle/Texas/24-008749-003/2024(H5N1)	1347	7238
PB1|PP755595.1|A/cattle/Texas/24-008749-003/2024(H5N1)	1348	7234
PB1|PP755595.1|A/cattle/Texas/24-008749-003/2024(H5N1)	1349	7257
PB1|PP755595.1|A/cattle/Texas/24-008749-003/2024(H5N1)	1350	7274
PB1|PP755595.1|A/cattle/Texas/24-008749-003/2024(H5N1)	1351	7303
PB1|PP755595.1|A/cattle/Texas/24-008749-003/2024(H5N1)	1352	7326
PB1|PP755595.1|A/cattle/Texas/24-008749-003/2024(H5N1)	1353	7333
PB1|PP755595.1|A/cattle/Texas/24-008749-003/2024(H5N1)	1354	7238
PB1|PP755595.1|A/cattle/Texas/24-008749-003/2024(H5N1)	1355	7193
PB1|PP755595.1|A/cattle/Texas/24-008749-003/2024(H5N1)	1356	6934
PB1|PP755595.1|A/cattle/Texas/24-008749-003/2024(H5N1)	1357	6974
PB1|PP755595.1|A/cattle/Texas/24-008749-003/2024(H5N1)	1358	6996
PB1|PP755595.1|A/cattle/Texas/24-008749-003/2024(H5N1)	1359	6970
PB1|PP755595.1|A/cattle/Texas/24-008749-003/2024(H5N1)	1360	6977
PB1|PP755595.1|A/cattle/Texas/24-008749-003/2024(H5N1)	1361	6714
PB1|PP755595.1|A/cattle/Texas/24-008749-003/2024(H5N1)	1362	6717
PB1|PP755595.1|A/cattle/Texas/24-008749-003/2024(H5N1)	1363	6726
PB1|PP755595.1|A/cattle/Texas/24-008749-003/2024(H5N1)	1364	6727
PB1|PP755595.1|A/cattle/Texas/24-008749-003/2024(H5N1)	1365	6754
PB1|PP755595.1|A/cattle/Texas/24-008749-003/2024(H5N1)	1366	6593
PB1|PP755595.1|A/cattle/Texas/24-008749-003/2024(H5N1)	1367	6585
PB1|PP755595.1|A/cattle/Texas/24-008749-003/2024(H5N1)	1368	6530
PB1|PP755595.1|A/cattle/Texas/24-008749-003/2024(H5N1)	1369	6532
PB1|PP755595.1|A/cattle/Texas/24-008749-003/2024(H5N1)	1370	6558
PB1|PP755595.1|A/cattle/Texas/24-008749-003/2024(H5N1)	1371	6584
PB1|PP755595.1|A/cattle/Texas/24-008749-003/2024(H5N1)	1372	6539
PB1|PP755595.1|A/cattle/Texas/24-008749-003/2024(H5N1)	1373	6545
PB1|PP755595.1|A/cattle/Texas/24-008749-003/2024(H5N1)	1374	6559
PB1|PP755595.1|A/cattle/Texas/24-008749-003/2024(H5N1)	1375	6740
PB1|PP755595.1|A/cattle/Texas/24-008749-003/2024(H5N1)	1376	6742
PB1|PP755595.1|A/cattle/Texas/24-008749-003/2024(H5N1)	1377	6758
PB1|PP755595.1|A/cattle/Texas/24-008749-003/2024(H5N1)	1378	6686
PB1|PP755595.1|A/cattle/Texas/24-008749-003/2024(H5N1)	1379	6733
PB1|PP755595.1|A/cattle/Texas/24-008749-003/2024(H5N1)	1380	6723
PB1|PP755595.1|A/cattle/Texas/24-008749-003/2024(H5N1)	1381	6721
PB1|PP755595.1|A/cattle/Texas/24-008749-003/2024(H5N1)	1382	6890
PB1|PP755595.1|A/cattle/Texas/24-008749-003/2024(H5N1)	1383	6859
PB1|PP755595.1|A/cattle/Texas/24-008749-003/2024(H5N1)	1384	6968
PB1|PP755595.1|A/cattle/Texas/24-008749-003/2024(H5N1)	1385	6976
PB1|PP755595.1|A/cattle/Texas/24-008749-003/2024(H5N1)	1386	6971
PB1|PP755595.1|A/cattle/Texas/24-008749-003/2024(H5N1)	1387	6967
PB1|PP755595.1|A/cattle/Texas/24-008749-003/2024(H5N1)	1388	6898
PB1|PP755595.1|A/cattle/Texas/24-008749-003/2024(H5N1)	1389	6936
PB1|PP755595.1|A/cattle/Texas/24-008749-003/2024(H5N1)	1390	6953
PB1|PP755595.1|A/cattle/Texas/24-008749-003/2024(H5N1)	1391	6898
PB1|PP755595.1|A/cattle/Texas/24-008749-003/2024(H5N1)	1392	6679
PB1|PP755595.1|A/cattle/Texas/24-008749-003/2024(H5N1)	1393	6475
PB1|PP755595.1|A/cattle/Texas/24-008749-003/2024(H5N1)	1394	6532
PB1|PP755595.1|A/cattle/Texas/24-008749-003/2024(H5N1)	1395	7255
PB1|PP755595.1|A/cattle/Texas/24-008749-003/2024(H5N1)	1396	7139
PB1|PP755595.1|A/cattle/Texas/24-008749-003/2024(H5N1)	1397	7137
PB1|PP755595.1|A/cattle/Texas/24-008749-003/2024(H5N1)	1398	7215
PB1|PP755595.1|A/cattle/Texas/24-008749-003/2024(H5N1)	1399	7205
PB1|PP755595.1|A/cattle/Texas/24-008749-003/2024(H5N1)	1400	7723
PB1|PP755595.1|A/cattle/Texas/24-008749-003/2024(H5N1)	1401	7741
PB1|PP755595.1|A/cattle/Texas/24-008749-003/2024(H5N1)	1402	7723
PB1|PP755595.1|A/cattle/Texas/24-008749-003/2024(H5N1)	1403	7848
PB1|PP755595.1|A/cattle/Texas/24-008749-003/2024(H5N1)	1404	7645
PB1|PP755595.1|A/cattle/Texas/24-008749-003/2024(H5N1)	1405	7674
PB1|PP755595.1|A/cattle/Texas/24-008749-003/2024(H5N1)	1406	7814
PB1|PP755595.1|A/cattle/Texas/24-008749-003/2024(H5N1)	1407	7596
PB1|PP755595.1|A/cattle/Texas/24-008749-003/2024(H5N1)	1408	7609
PB1|PP755595.1|A/cattle/Texas/24-008749-003/2024(H5N1)	1409	7602
PB1|PP755595.1|A/cattle/Texas/24-008749-003/2024(H5N1)	1410	7699
PB1|PP755595.1|A/cattle/Texas/24-008749-003/2024(H5N1)	1411	7696
PB1|PP755595.1|A/cattle/Texas/24-008749-003/2024(H5N1)	1412	7513
PB1|PP755595.1|A/cattle/Texas/24-008749-003/2024(H5N1)	1413	7512
PB1|PP755595.1|A/cattle/Texas/24-008749-003/2024(H5N1)	1414	7537
PB1|PP755595.1|A/cattle/Texas/24-008749-003/2024(H5N1)	1415	7415
PB1|PP755595.1|A/cattle/Texas/24-008749-003/2024(H5N1)	1416	7443
PB1|PP755595.1|A/cattle/Texas/24-008749-003/2024(H5N1)	1417	7455
PB1|PP755595.1|A/cattle/Texas/24-008749-003/2024(H5N1)	1418	7540
PB1|PP755595.1|A/cattle/Texas/24-008749-003/2024(H5N1)	1419	7491
PB1|PP755595.1|A/cattle/Texas/24-008749-003/2024(H5N1)	1420	7493
PB1|PP755595.1|A/cattle/Texas/24-008749-003/2024(H5N1)	1421	7721
PB1|PP755595.1|A/cattle/Texas/24-008749-003/2024(H5N1)	1422	7796
PB1|PP755595.1|A/cattle/Texas/24-008749-003/2024(H5N1)	1423	7815
PB1|PP755595.1|A/cattle/Texas/24-008749-003/2024(H5N1)	1424	7875
PB1|PP755595.1|A/cattle/Texas/24-008749-003/2024(H5N1)	1425	7774
PB1|PP755595.1|A/cattle/Texas/24-008749-003/2024(H5N1)	1426	7769
PB1|PP755595.1|A/cattle/Texas/24-008749-003/2024(H5N1)	1427	7813
PB1|PP755595.1|A/cattle/Texas/24-008749-003/2024(H5N1)	1428	7815
PB1|PP755595.1|A/cattle/Texas/24-008749-003/2024(H5N1)	1429	7927
PB1|PP755595.1|A/cattle/Texas/24-008749-003/2024(H5N1)	1430	7644
PB1|PP755595.1|A/cattle/Texas/24-008749-003/2024(H5N1)	1431	7657
PB1|PP755595.1|A/cattle/Texas/24-008749-003/2024(H5N1)	1432	7660
PB1|PP755595.1|A/cattle/Texas/24-008749-003/2024(H5N1)	1433	7685
PB1|PP755595.1|A/cattle/Texas/24-008749-003/2024(H5N1)	1434	7694
PB1|PP755595.1|A/cattle/Texas/24-008749-003/2024(H5N1)	1435	7863
PB1|PP755595.1|A/cattle/Texas/24-008749-003/2024(H5N1)	1436	7856
PB1|PP755595.1|A/cattle/Texas/24-008749-003/2024(H5N1)	1437	7854
PB1|PP755595.1|A/cattle/Texas/24-008749-003/2024(H5N1)	1438	7836
PB1|PP755595.1|A/cattle/Texas/24-008749-003/2024(H5N1)	1439	7812
PB1|PP755595.1|A/cattle/Texas/24-008749-003/2024(H5N1)	1440	7809
PB1|PP755595.1|A/cattle/Texas/24-008749-003/2024(H5N1)	1441	7814
PB1|PP755595.1|A/cattle/Texas/24-008749-003/2024(H5N1)	1442	7799
PB1|PP755595.1|A/cattle/Texas/24-008749-003/2024(H5N1)	1443	7915
PB1|PP755595.1|A/cattle/Texas/24-008749-003/2024(H5N1)	1444	7689
PB1|PP755595.1|A/cattle/Texas/24-008749-003/2024(H5N1)	1445	7661
PB1|PP755595.1|A/cattle/Texas/24-008749-003/2024(H5N1)	1446	7685
PB1|PP755595.1|A/cattle/Texas/24-008749-003/2024(H5N1)	1447	7735
PB1|PP755595.1|A/cattle/Texas/24-008749-003/2024(H5N1)	1448	7868
PB1|PP755595.1|A/cattle/Texas/24-008749-003/2024(H5N1)	1449	7862
PB1|PP755595.1|A/cattle/Texas/24-008749-003/2024(H5N1)	1450	7869
PB1|PP755595.1|A/cattle/Texas/24-008749-003/2024(H5N1)	1451	7805
PB1|PP755595.1|A/cattle/Texas/24-008749-003/2024(H5N1)	1452	7693
PB1|PP755595.1|A/cattle/Texas/24-008749-003/2024(H5N1)	1453	7698
PB1|PP755595.1|A/cattle/Texas/24-008749-003/2024(H5N1)	1454	7586
PB1|PP755595.1|A/cattle/Texas/24-008749-003/2024(H5N1)	1455	7542
PB1|PP755595.1|A/cattle/Texas/24-008749-003/2024(H5N1)	1456	7371
PB1|PP755595.1|A/cattle/Texas/24-008749-003/2024(H5N1)	1457	7454
PB1|PP755595.1|A/cattle/Texas/24-008749-003/2024(H5N1)	1458	7448
PB1|PP755595.1|A/cattle/Texas/24-008749-003/2024(H5N1)	1459	7415
PB1|PP755595.1|A/cattle/Texas/24-008749-003/2024(H5N1)	1460	7484
PB1|PP755595.1|A/cattle/Texas/24-008749-003/2024(H5N1)	1461	7456
PB1|PP755595.1|A/cattle/Texas/24-008749-003/2024(H5N1)	1462	7469
PB1|PP755595.1|A/cattle/Texas/24-008749-003/2024(H5N1)	1463	7486
PB1|PP755595.1|A/cattle/Texas/24-008749-003/2024(H5N1)	1464	7487
PB1|PP755595.1|A/cattle/Texas/24-008749-003/2024(H5N1)	1465	7629
PB1|PP755595.1|A/cattle/Texas/24-008749-003/2024(H5N1)	1466	7656
PB1|PP755595.1|A/cattle/Texas/24-008749-003/2024(H5N1)	1467	7616
PB1|PP755595.1|A/cattle/Texas/24-008749-003/2024(H5N1)	1468	7624
PB1|PP755595.1|A/cattle/Texas/24-008749-003/2024(H5N1)	1469	7550
PB1|PP755595.1|A/cattle/Texas/24-008749-003/2024(H5N1)	1470	7285
PB1|PP755595.1|A/cattle/Texas/24-008749-003/2024(H5N1)	1471	7279
PB1|PP755595.1|A/cattle/Texas/24-008749-003/2024(H5N1)	1472	7376
PB1|PP755595.1|A/cattle/Texas/24-008749-003/2024(H5N1)	1473	7384
PB1|PP755595.1|A/cattle/Texas/24-008749-003/2024(H5N1)	1474	7357
PB1|PP755595.1|A/cattle/Texas/24-008749-003/2024(H5N1)	1475	7293
PB1|PP755595.1|A/cattle/Texas/24-008749-003/2024(H5N1)	1476	7286
PB1|PP755595.1|A/cattle/Texas/24-008749-003/2024(H5N1)	1477	7281
PB1|PP755595.1|A/cattle/Texas/24-008749-003/2024(H5N1)	1478	7242
PB1|PP755595.1|A/cattle/Texas/24-008749-003/2024(H5N1)	1479	7240
PB1|PP755595.1|A/cattle/Texas/24-008749-003/2024(H5N1)	1480	7253
PB1|PP755595.1|A/cattle/Texas/24-008749-003/2024(H5N1)	1481	7204
PB1|PP755595.1|A/cattle/Texas/24-008749-003/2024(H5N1)	1482	7213
PB1|PP755595.1|A/cattle/Texas/24-008749-003/2024(H5N1)	1483	7225
PB1|PP755595.1|A/cattle/Texas/24-008749-003/2024(H5N1)	1484	7218
PB1|PP755595.1|A/cattle/Texas/24-008749-003/2024(H5N1)	1485	7216
PB1|PP755595.1|A/cattle/Texas/24-008749-003/2024(H5N1)	1486	7234
PB1|PP755595.1|A/cattle/Texas/24-008749-003/2024(H5N1)	1487	7226
PB1|PP755595.1|A/cattle/Texas/24-008749-003/2024(H5N1)	1488	7300
PB1|PP755595.1|A/cattle/Texas/24-008749-003/2024(H5N1)	1489	7310
PB1|PP755595.1|A/cattle/Texas/24-008749-003/2024(H5N1)	1490	7363
PB1|PP755595.1|A/cattle/Texas/24-008749-003/2024(H5N1)	1491	7375
PB1|PP755595.1|A/cattle/Texas/24-008749-003/2024(H5N1)	1492	7378
PB1|PP755595.1|A/cattle/Texas/24-008749-003/2024(H5N1)	1493	7478
PB1|PP755595.1|A/cattle/Texas/24-008749-003/2024(H5N1)	1494	7306
PB1|PP755595.1|A/cattle/Texas/24-008749-003/2024(H5N1)	1495	7309
PB1|PP755595.1|A/cattle/Texas/24-008749-003/2024(H5N1)	1496	7343
PB1|PP755595.1|A/cattle/Texas/24-008749-003/2024(H5N1)	1497	7403
PB1|PP755595.1|A/cattle/Texas/24-008749-003/2024(H5N1)	1498	7216
PB1|PP755595.1|A/cattle/Texas/24-008749-003/2024(H5N1)	1499	7501
PB1|PP755595.1|A/cattle/Texas/24-008749-003/2024(H5N1)	1500	7538
PB1|PP755595.1|A/cattle/Texas/24-008749-003/2024(H5N1)	1501	7511
PB1|PP755595.1|A/cattle/Texas/24-008749-003/2024(H5N1)	1502	7391
PB1|PP755595.1|A/cattle/Texas/24-008749-003/2024(H5N1)	1503	7393
PB1|PP755595.1|A/cattle/Texas/24-008749-003/2024(H5N1)	1504	7384
PB1|PP755595.1|A/cattle/Texas/24-008749-003/2024(H5N1)	1505	7353
PB1|PP755595.1|A/cattle/Texas/24-008749-003/2024(H5N1)	1506	7382
PB1|PP755595.1|A/cattle/Texas/24-008749-003/2024(H5N1)	1507	7394
PB1|PP755595.1|A/cattle/Texas/24-008749-003/2024(H5N1)	1508	7293
PB1|PP755595.1|A/cattle/Texas/24-008749-003/2024(H5N1)	1509	7300
PB1|PP755595.1|A/cattle/Texas/24-008749-003/2024(H5N1)	1510	7305
PB1|PP755595.1|A/cattle/Texas/24-008749-003/2024(H5N1)	1511	7312
PB1|PP755595.1|A/cattle/Texas/24-008749-003/2024(H5N1)	1512	7342
PB1|PP755595.1|A/cattle/Texas/24-008749-003/2024(H5N1)	1513	7336
PB1|PP755595.1|A/cattle/Texas/24-008749-003/2024(H5N1)	1514	7321
PB1|PP755595.1|A/cattle/Texas/24-008749-003/2024(H5N1)	1515	7297
PB1|PP755595.1|A/cattle/Texas/24-008749-003/2024(H5N1)	1516	7285
PB1|PP755595.1|A/cattle/Texas/24-008749-003/2024(H5N1)	1517	7377
PB1|PP755595.1|A/cattle/Texas/24-008749-003/2024(H5N1)	1518	7592
PB1|PP755595.1|A/cattle/Texas/24-008749-003/2024(H5N1)	1519	7586
PB1|PP755595.1|A/cattle/Texas/24-008749-003/2024(H5N1)	1520	7588
PB1|PP755595.1|A/cattle/Texas/24-008749-003/2024(H5N1)	1521	7504
PB1|PP755595.1|A/cattle/Texas/24-008749-003/2024(H5N1)	1522	7733
PB1|PP755595.1|A/cattle/Texas/24-008749-003/2024(H5N1)	1523	7720
PB1|PP755595.1|A/cattle/Texas/24-008749-003/2024(H5N1)	1524	7685
PB1|PP755595.1|A/cattle/Texas/24-008749-003/2024(H5N1)	1525	8080
PB1|PP755595.1|A/cattle/Texas/24-008749-003/2024(H5N1)	1526	7894
PB1|PP755595.1|A/cattle/Texas/24-008749-003/2024(H5N1)	1527	7920
PB1|PP755595.1|A/cattle/Texas/24-008749-003/2024(H5N1)	1528	7934
PB1|PP755595.1|A/cattle/Texas/24-008749-003/2024(H5N1)	1529	7930
PB1|PP755595.1|A/cattle/Texas/24-008749-003/2024(H5N1)	1530	7921
PB1|PP755595.1|A/cattle/Texas/24-008749-003/2024(H5N1)	1531	7664
PB1|PP755595.1|A/cattle/Texas/24-008749-003/2024(H5N1)	1532	8152
PB1|PP755595.1|A/cattle/Texas/24-008749-003/2024(H5N1)	1533	8236
PB1|PP755595.1|A/cattle/Texas/24-008749-003/2024(H5N1)	1534	8252
PB1|PP755595.1|A/cattle/Texas/24-008749-003/2024(H5N1)	1535	8010
PB1|PP755595.1|A/cattle/Texas/24-008749-003/2024(H5N1)	1536	7996
PB1|PP755595.1|A/cattle/Texas/24-008749-003/2024(H5N1)	1537	7995
PB1|PP755595.1|A/cattle/Texas/24-008749-003/2024(H5N1)	1538	7987
PB1|PP755595.1|A/cattle/Texas/24-008749-003/2024(H5N1)	1539	8113
PB1|PP755595.1|A/cattle/Texas/24-008749-003/2024(H5N1)	1540	8088
PB1|PP755595.1|A/cattle/Texas/24-008749-003/2024(H5N1)	1541	7719
PB1|PP755595.1|A/cattle/Texas/24-008749-003/2024(H5N1)	1542	8213
PB1|PP755595.1|A/cattle/Texas/24-008749-003/2024(H5N1)	1543	8194
PB1|PP755595.1|A/cattle/Texas/24-008749-003/2024(H5N1)	1544	7952
PB1|PP755595.1|A/cattle/Texas/24-008749-003/2024(H5N1)	1545	7935
PB1|PP755595.1|A/cattle/Texas/24-008749-003/2024(H5N1)	1546	7942
PB1|PP755595.1|A/cattle/Texas/24-008749-003/2024(H5N1)	1547	7981
PB1|PP755595.1|A/cattle/Texas/24-008749-003/2024(H5N1)	1548	7994
PB1|PP755595.1|A/cattle/Texas/24-008749-003/2024(H5N1)	1549	7780
PB1|PP755595.1|A/cattle/Texas/24-008749-003/2024(H5N1)	1550	7810
PB1|PP755595.1|A/cattle/Texas/24-008749-003/2024(H5N1)	1551	7303
PB1|PP755595.1|A/cattle/Texas/24-008749-003/2024(H5N1)	1552	7272
PB1|PP755595.1|A/cattle/Texas/24-008749-003/2024(H5N1)	1553	7279
PB1|PP755595.1|A/cattle/Texas/24-008749-003/2024(H5N1)	1554	7077
PB1|PP755595.1|A/cattle/Texas/24-008749-003/2024(H5N1)	1555	7069
PB1|PP755595.1|A/cattle/Texas/24-008749-003/2024(H5N1)	1556	7094
PB1|PP755595.1|A/cattle/Texas/24-008749-003/2024(H5N1)	1557	6980
PB1|PP755595.1|A/cattle/Texas/24-008749-003/2024(H5N1)	1558	6957
PB1|PP755595.1|A/cattle/Texas/24-008749-003/2024(H5N1)	1559	7047
PB1|PP755595.1|A/cattle/Texas/24-008749-003/2024(H5N1)	1560	6954
PB1|PP755595.1|A/cattle/Texas/24-008749-003/2024(H5N1)	1561	6980
PB1|PP755595.1|A/cattle/Texas/24-008749-003/2024(H5N1)	1562	6968
PB1|PP755595.1|A/cattle/Texas/24-008749-003/2024(H5N1)	1563	6962
PB1|PP755595.1|A/cattle/Texas/24-008749-003/2024(H5N1)	1564	7070
PB1|PP755595.1|A/cattle/Texas/24-008749-003/2024(H5N1)	1565	7075
PB1|PP755595.1|A/cattle/Texas/24-008749-003/2024(H5N1)	1566	7111
PB1|PP755595.1|A/cattle/Texas/24-008749-003/2024(H5N1)	1567	7138
PB1|PP755595.1|A/cattle/Texas/24-008749-003/2024(H5N1)	1568	7022
PB1|PP755595.1|A/cattle/Texas/24-008749-003/2024(H5N1)	1569	7064
PB1|PP755595.1|A/cattle/Texas/24-008749-003/2024(H5N1)	1570	7028
PB1|PP755595.1|A/cattle/Texas/24-008749-003/2024(H5N1)	1571	7127
PB1|PP755595.1|A/cattle/Texas/24-008749-003/2024(H5N1)	1572	6956
PB1|PP755595.1|A/cattle/Texas/24-008749-003/2024(H5N1)	1573	6866
PB1|PP755595.1|A/cattle/Texas/24-008749-003/2024(H5N1)	1574	6846
PB1|PP755595.1|A/cattle/Texas/24-008749-003/2024(H5N1)	1575	6761
PB1|PP755595.1|A/cattle/Texas/24-008749-003/2024(H5N1)	1576	6763
PB1|PP755595.1|A/cattle/Texas/24-008749-003/2024(H5N1)	1577	6969
PB1|PP755595.1|A/cattle/Texas/24-008749-003/2024(H5N1)	1578	6912
PB1|PP755595.1|A/cattle/Texas/24-008749-003/2024(H5N1)	1579	6902
PB1|PP755595.1|A/cattle/Texas/24-008749-003/2024(H5N1)	1580	6769
PB1|PP755595.1|A/cattle/Texas/24-008749-003/2024(H5N1)	1581	6378
PB1|PP755595.1|A/cattle/Texas/24-008749-003/2024(H5N1)	1582	6384
PB1|PP755595.1|A/cattle/Texas/24-008749-003/2024(H5N1)	1583	6329
PB1|PP755595.1|A/cattle/Texas/24-008749-003/2024(H5N1)	1584	6325
PB1|PP755595.1|A/cattle/Texas/24-008749-003/2024(H5N1)	1585	6359
PB1|PP755595.1|A/cattle/Texas/24-008749-003/2024(H5N1)	1586	6428
PB1|PP755595.1|A/cattle/Texas/24-008749-003/2024(H5N1)	1587	6432
PB1|PP755595.1|A/cattle/Texas/24-008749-003/2024(H5N1)	1588	6530
PB1|PP755595.1|A/cattle/Texas/24-008749-003/2024(H5N1)	1589	6537
PB1|PP755595.1|A/cattle/Texas/24-008749-003/2024(H5N1)	1590	6539
PB1|PP755595.1|A/cattle/Texas/24-008749-003/2024(H5N1)	1591	6589
PB1|PP755595.1|A/cattle/Texas/24-008749-003/2024(H5N1)	1592	6588
PB1|PP755595.1|A/cattle/Texas/24-008749-003/2024(H5N1)	1593	6594
PB1|PP755595.1|A/cattle/Texas/24-008749-003/2024(H5N1)	1594	6621
PB1|PP755595.1|A/cattle/Texas/24-008749-003/2024(H5N1)	1595	6625
PB1|PP755595.1|A/cattle/Texas/24-008749-003/2024(H5N1)	1596	6646
PB1|PP755595.1|A/cattle/Texas/24-008749-003/2024(H5N1)	1597	6637
PB1|PP755595.1|A/cattle/Texas/24-008749-003/2024(H5N1)	1598	6604
PB1|PP755595.1|A/cattle/Texas/24-008749-003/2024(H5N1)	1599	6691
PB1|PP755595.1|A/cattle/Texas/24-008749-003/2024(H5N1)	1600	6694
PB1|PP755595.1|A/cattle/Texas/24-008749-003/2024(H5N1)	1601	6686
PB1|PP755595.1|A/cattle/Texas/24-008749-003/2024(H5N1)	1602	6758
PB1|PP755595.1|A/cattle/Texas/24-008749-003/2024(H5N1)	1603	6726
PB1|PP755595.1|A/cattle/Texas/24-008749-003/2024(H5N1)	1604	6729
PB1|PP755595.1|A/cattle/Texas/24-008749-003/2024(H5N1)	1605	6711
PB1|PP755595.1|A/cattle/Texas/24-008749-003/2024(H5N1)	1606	6709
PB1|PP755595.1|A/cattle/Texas/24-008749-003/2024(H5N1)	1607	6853
PB1|PP755595.1|A/cattle/Texas/24-008749-003/2024(H5N1)	1608	6735
PB1|PP755595.1|A/cattle/Texas/24-008749-003/2024(H5N1)	1609	6732
PB1|PP755595.1|A/cattle/Texas/24-008749-003/2024(H5N1)	1610	6782
PB1|PP755595.1|A/cattle/Texas/24-008749-003/2024(H5N1)	1611	6665
PB1|PP755595.1|A/cattle/Texas/24-008749-003/2024(H5N1)	1612	6663
PB1|PP755595.1|A/cattle/Texas/24-008749-003/2024(H5N1)	1613	6862
PB1|PP755595.1|A/cattle/Texas/24-008749-003/2024(H5N1)	1614	6849
PB1|PP755595.1|A/cattle/Texas/24-008749-003/2024(H5N1)	1615	6887
PB1|PP755595.1|A/cattle/Texas/24-008749-003/2024(H5N1)	1616	6734
PB1|PP755595.1|A/cattle/Texas/24-008749-003/2024(H5N1)	1617	6714
PB1|PP755595.1|A/cattle/Texas/24-008749-003/2024(H5N1)	1618	6716
PB1|PP755595.1|A/cattle/Texas/24-008749-003/2024(H5N1)	1619	6739
PB1|PP755595.1|A/cattle/Texas/24-008749-003/2024(H5N1)	1620	6835
PB1|PP755595.1|A/cattle/Texas/24-008749-003/2024(H5N1)	1621	6838
PB1|PP755595.1|A/cattle/Texas/24-008749-003/2024(H5N1)	1622	6647
PB1|PP755595.1|A/cattle/Texas/24-008749-003/2024(H5N1)	1623	6640
PB1|PP755595.1|A/cattle/Texas/24-008749-003/2024(H5N1)	1624	6731
PB1|PP755595.1|A/cattle/Texas/24-008749-003/2024(H5N1)	1625	6883
PB1|PP755595.1|A/cattle/Texas/24-008749-003/2024(H5N1)	1626	6881
PB1|PP755595.1|A/cattle/Texas/24-008749-003/2024(H5N1)	1627	6869
PB1|PP755595.1|A/cattle/Texas/24-008749-003/2024(H5N1)	1628	6888
PB1|PP755595.1|A/cattle/Texas/24-008749-003/2024(H5N1)	1629	6850
PB1|PP755595.1|A/cattle/Texas/24-008749-003/2024(H5N1)	1630	7062
PB1|PP755595.1|A/cattle/Texas/24-008749-003/2024(H5N1)	1631	7212
PB1|PP755595.1|A/cattle/Texas/24-008749-003/2024(H5N1)	1632	7211
PB1|PP755595.1|A/cattle/Texas/24-008749-003/2024(H5N1)	1633	7225
PB1|PP755595.1|A/cattle/Texas/24-008749-003/2024(H5N1)	1634	7252
PB1|PP755595.1|A/cattle/Texas/24-008749-003/2024(H5N1)	1635	7255
PB1|PP755595.1|A/cattle/Texas/24-008749-003/2024(H5N1)	1636	7265
PB1|PP755595.1|A/cattle/Texas/24-008749-003/2024(H5N1)	1637	7253
PB1|PP755595.1|A/cattle/Texas/24-008749-003/2024(H5N1)	1638	7247
PB1|PP755595.1|A/cattle/Texas/24-008749-003/2024(H5N1)	1639	7162
PB1|PP755595.1|A/cattle/Texas/24-008749-003/2024(H5N1)	1640	7362
PB1|PP755595.1|A/cattle/Texas/24-008749-003/2024(H5N1)	1641	7297
PB1|PP755595.1|A/cattle/Texas/24-008749-003/2024(H5N1)	1642	7418
PB1|PP755595.1|A/cattle/Texas/24-008749-003/2024(H5N1)	1643	7410
PB1|PP755595.1|A/cattle/Texas/24-008749-003/2024(H5N1)	1644	7416
PB1|PP755595.1|A/cattle/Texas/24-008749-003/2024(H5N1)	1645	7408
PB1|PP755595.1|A/cattle/Texas/24-008749-003/2024(H5N1)	1646	7398
PB1|PP755595.1|A/cattle/Texas/24-008749-003/2024(H5N1)	1647	7508
PB1|PP755595.1|A/cattle/Texas/24-008749-003/2024(H5N1)	1648	7456
PB1|PP755595.1|A/cattle/Texas/24-008749-003/2024(H5N1)	1649	7196
PB1|PP755595.1|A/cattle/Texas/24-008749-003/2024(H5N1)	1650	7314
PB1|PP755595.1|A/cattle/Texas/24-008749-003/2024(H5N1)	1651	7268
PB1|PP755595.1|A/cattle/Texas/24-008749-003/2024(H5N1)	1652	7327
PB1|PP755595.1|A/cattle/Texas/24-008749-003/2024(H5N1)	1653	7385
PB1|PP755595.1|A/cattle/Texas/24-008749-003/2024(H5N1)	1654	7431
PB1|PP755595.1|A/cattle/Texas/24-008749-003/2024(H5N1)	1655	7435
PB1|PP755595.1|A/cattle/Texas/24-008749-003/2024(H5N1)	1656	7421
PB1|PP755595.1|A/cattle/Texas/24-008749-003/2024(H5N1)	1657	7404
PB1|PP755595.1|A/cattle/Texas/24-008749-003/2024(H5N1)	1658	7393
PB1|PP755595.1|A/cattle/Texas/24-008749-003/2024(H5N1)	1659	7549
PB1|PP755595.1|A/cattle/Texas/24-008749-003/2024(H5N1)	1660	7671
PB1|PP755595.1|A/cattle/Texas/24-008749-003/2024(H5N1)	1661	7687
PB1|PP755595.1|A/cattle/Texas/24-008749-003/2024(H5N1)	1662	7702
PB1|PP755595.1|A/cattle/Texas/24-008749-003/2024(H5N1)	1663	7686
PB1|PP755595.1|A/cattle/Texas/24-008749-003/2024(H5N1)	1664	7718
PB1|PP755595.1|A/cattle/Texas/24-008749-003/2024(H5N1)	1665	8124
PB1|PP755595.1|A/cattle/Texas/24-008749-003/2024(H5N1)	1666	8115
PB1|PP755595.1|A/cattle/Texas/24-008749-003/2024(H5N1)	1667	8186
PB1|PP755595.1|A/cattle/Texas/24-008749-003/2024(H5N1)	1668	8008
PB1|PP755595.1|A/cattle/Texas/24-008749-003/2024(H5N1)	1669	8035
PB1|PP755595.1|A/cattle/Texas/24-008749-003/2024(H5N1)	1670	8057
PB1|PP755595.1|A/cattle/Texas/24-008749-003/2024(H5N1)	1671	8160
PB1|PP755595.1|A/cattle/Texas/24-008749-003/2024(H5N1)	1672	8160
PB1|PP755595.1|A/cattle/Texas/24-008749-003/2024(H5N1)	1673	8009
PB1|PP755595.1|A/cattle/Texas/24-008749-003/2024(H5N1)	1674	7615
PB1|PP755595.1|A/cattle/Texas/24-008749-003/2024(H5N1)	1675	7775
PB1|PP755595.1|A/cattle/Texas/24-008749-003/2024(H5N1)	1676	7700
PB1|PP755595.1|A/cattle/Texas/24-008749-003/2024(H5N1)	1677	7754
PB1|PP755595.1|A/cattle/Texas/24-008749-003/2024(H5N1)	1678	7716
PB1|PP755595.1|A/cattle/Texas/24-008749-003/2024(H5N1)	1679	7694
PB1|PP755595.1|A/cattle/Texas/24-008749-003/2024(H5N1)	1680	7757
PB1|PP755595.1|A/cattle/Texas/24-008749-003/2024(H5N1)	1681	7733
PB1|PP755595.1|A/cattle/Texas/24-008749-003/2024(H5N1)	1682	7744
PB1|PP755595.1|A/cattle/Texas/24-008749-003/2024(H5N1)	1683	7400
PB1|PP755595.1|A/cattle/Texas/24-008749-003/2024(H5N1)	1684	7412
PB1|PP755595.1|A/cattle/Texas/24-008749-003/2024(H5N1)	1685	7423
PB1|PP755595.1|A/cattle/Texas/24-008749-003/2024(H5N1)	1686	7433
PB1|PP755595.1|A/cattle/Texas/24-008749-003/2024(H5N1)	1687	7411
PB1|PP755595.1|A/cattle/Texas/24-008749-003/2024(H5N1)	1688	7421
PB1|PP755595.1|A/cattle/Texas/24-008749-003/2024(H5N1)	1689	7455
PB1|PP755595.1|A/cattle/Texas/24-008749-003/2024(H5N1)	1690	7589
PB1|PP755595.1|A/cattle/Texas/24-008749-003/2024(H5N1)	1691	7502
PB1|PP755595.1|A/cattle/Texas/24-008749-003/2024(H5N1)	1692	7482
PB1|PP755595.1|A/cattle/Texas/24-008749-003/2024(H5N1)	1693	7007
PB1|PP755595.1|A/cattle/Texas/24-008749-003/2024(H5N1)	1694	7016
PB1|PP755595.1|A/cattle/Texas/24-008749-003/2024(H5N1)	1695	7010
PB1|PP755595.1|A/cattle/Texas/24-008749-003/2024(H5N1)	1696	7012
PB1|PP755595.1|A/cattle/Texas/24-008749-003/2024(H5N1)	1697	7056
PB1|PP755595.1|A/cattle/Texas/24-008749-003/2024(H5N1)	1698	7084
PB1|PP755595.1|A/cattle/Texas/24-008749-003/2024(H5N1)	1699	7077
PB1|PP755595.1|A/cattle/Texas/24-008749-003/2024(H5N1)	1700	6982
PB1|PP755595.1|A/cattle/Texas/24-008749-003/2024(H5N1)	1701	6997
PB1|PP755595.1|A/cattle/Texas/24-008749-003/2024(H5N1)	1702	6960
PB1|PP755595.1|A/cattle/Texas/24-008749-003/2024(H5N1)	1703	6980
PB1|PP755595.1|A/cattle/Texas/24-008749-003/2024(H5N1)	1704	6976
PB1|PP755595.1|A/cattle/Texas/24-008749-003/2024(H5N1)	1705	6985
PB1|PP755595.1|A/cattle/Texas/24-008749-003/2024(H5N1)	1706	6956
PB1|PP755595.1|A/cattle/Texas/24-008749-003/2024(H5N1)	1707	7069
PB1|PP755595.1|A/cattle/Texas/24-008749-003/2024(H5N1)	1708	7062
PB1|PP755595.1|A/cattle/Texas/24-008749-003/2024(H5N1)	1709	7058
PB1|PP755595.1|A/cattle/Texas/24-008749-003/2024(H5N1)	1710	7025
PB1|PP755595.1|A/cattle/Texas/24-008749-003/2024(H5N1)	1711	7019
PB1|PP755595.1|A/cattle/Texas/24-008749-003/2024(H5N1)	1712	6992
PB1|PP755595.1|A/cattle/Texas/24-008749-003/2024(H5N1)	1713	7036
PB1|PP755595.1|A/cattle/Texas/24-008749-003/2024(H5N1)	1714	7065
PB1|PP755595.1|A/cattle/Texas/24-008749-003/2024(H5N1)	1715	6996
PB1|PP755595.1|A/cattle/Texas/24-008749-003/2024(H5N1)	1716	7164
PB1|PP755595.1|A/cattle/Texas/24-008749-003/2024(H5N1)	1717	7135
PB1|PP755595.1|A/cattle/Texas/24-008749-003/2024(H5N1)	1718	7156
PB1|PP755595.1|A/cattle/Texas/24-008749-003/2024(H5N1)	1719	7153
PB1|PP755595.1|A/cattle/Texas/24-008749-003/2024(H5N1)	1720	7176
PB1|PP755595.1|A/cattle/Texas/24-008749-003/2024(H5N1)	1721	7192
PB1|PP755595.1|A/cattle/Texas/24-008749-003/2024(H5N1)	1722	7054
PB1|PP755595.1|A/cattle/Texas/24-008749-003/2024(H5N1)	1723	7058
PB1|PP755595.1|A/cattle/Texas/24-008749-003/2024(H5N1)	1724	7048
PB1|PP755595.1|A/cattle/Texas/24-008749-003/2024(H5N1)	1725	7038
PB1|PP755595.1|A/cattle/Texas/24-008749-003/2024(H5N1)	1726	6955
PB1|PP755595.1|A/cattle/Texas/24-008749-003/2024(H5N1)	1727	6953
PB1|PP755595.1|A/cattle/Texas/24-008749-003/2024(H5N1)	1728	7037
PB1|PP755595.1|A/cattle/Texas/24-008749-003/2024(H5N1)	1729	7096
PB1|PP755595.1|A/cattle/Texas/24-008749-003/2024(H5N1)	1730	7096
PB1|PP755595.1|A/cattle/Texas/24-008749-003/2024(H5N1)	1731	7113
PB1|PP755595.1|A/cattle/Texas/24-008749-003/2024(H5N1)	1732	7271
PB1|PP755595.1|A/cattle/Texas/24-008749-003/2024(H5N1)	1733	7320
PB1|PP755595.1|A/cattle/Texas/24-008749-003/2024(H5N1)	1734	7339
PB1|PP755595.1|A/cattle/Texas/24-008749-003/2024(H5N1)	1735	7320
PB1|PP755595.1|A/cattle/Texas/24-008749-003/2024(H5N1)	1736	7330
PB1|PP755595.1|A/cattle/Texas/24-008749-003/2024(H5N1)	1737	7266
PB1|PP755595.1|A/cattle/Texas/24-008749-003/2024(H5N1)	1738	7384
PB1|PP755595.1|A/cattle/Texas/24-008749-003/2024(H5N1)	1739	7377
PB1|PP755595.1|A/cattle/Texas/24-008749-003/2024(H5N1)	1740	7374
PB1|PP755595.1|A/cattle/Texas/24-008749-003/2024(H5N1)	1741	7654
PB1|PP755595.1|A/cattle/Texas/24-008749-003/2024(H5N1)	1742	7609
PB1|PP755595.1|A/cattle/Texas/24-008749-003/2024(H5N1)	1743	7576
PB1|PP755595.1|A/cattle/Texas/24-008749-003/2024(H5N1)	1744	7580
PB1|PP755595.1|A/cattle/Texas/24-008749-003/2024(H5N1)	1745	7553
PB1|PP755595.1|A/cattle/Texas/24-008749-003/2024(H5N1)	1746	7555
PB1|PP755595.1|A/cattle/Texas/24-008749-003/2024(H5N1)	1747	7539
PB1|PP755595.1|A/cattle/Texas/24-008749-003/2024(H5N1)	1748	7540
PB1|PP755595.1|A/cattle/Texas/24-008749-003/2024(H5N1)	1749	7524
PB1|PP755595.1|A/cattle/Texas/24-008749-003/2024(H5N1)	1750	7266
PB1|PP755595.1|A/cattle/Texas/24-008749-003/2024(H5N1)	1751	7271
PB1|PP755595.1|A/cattle/Texas/24-008749-003/2024(H5N1)	1752	7222
PB1|PP755595.1|A/cattle/Texas/24-008749-003/2024(H5N1)	1753	7220
PB1|PP755595.1|A/cattle/Texas/24-008749-003/2024(H5N1)	1754	7227
PB1|PP755595.1|A/cattle/Texas/24-008749-003/2024(H5N1)	1755	7221
PB1|PP755595.1|A/cattle/Texas/24-008749-003/2024(H5N1)	1756	7231
PB1|PP755595.1|A/cattle/Texas/24-008749-003/2024(H5N1)	1757	7362
PB1|PP755595.1|A/cattle/Texas/24-008749-003/2024(H5N1)	1758	7239
PB1|PP755595.1|A/cattle/Texas/24-008749-003/2024(H5N1)	1759	7219
PB1|PP755595.1|A/cattle/Texas/24-008749-003/2024(H5N1)	1760	7225
PB1|PP755595.1|A/cattle/Texas/24-008749-003/2024(H5N1)	1761	7169
PB1|PP755595.1|A/cattle/Texas/24-008749-003/2024(H5N1)	1762	7230
PB1|PP755595.1|A/cattle/Texas/24-008749-003/2024(H5N1)	1763	7311
PB1|PP755595.1|A/cattle/Texas/24-008749-003/2024(H5N1)	1764	7377
PB1|PP755595.1|A/cattle/Texas/24-008749-003/2024(H5N1)	1765	7460
PB1|PP755595.1|A/cattle/Texas/24-008749-003/2024(H5N1)	1766	7365
PB1|PP755595.1|A/cattle/Texas/24-008749-003/2024(H5N1)	1767	7406
PB1|PP755595.1|A/cattle/Texas/24-008749-003/2024(H5N1)	1768	7368
PB1|PP755595.1|A/cattle/Texas/24-008749-003/2024(H5N1)	1769	7337
PB1|PP755595.1|A/cattle/Texas/24-008749-003/2024(H5N1)	1770	7391
PB1|PP755595.1|A/cattle/Texas/24-008749-003/2024(H5N1)	1771	7380
PB1|PP755595.1|A/cattle/Texas/24-008749-003/2024(H5N1)	1772	7390
PB1|PP755595.1|A/cattle/Texas/24-008749-003/2024(H5N1)	1773	7493
PB1|PP755595.1|A/cattle/Texas/24-008749-003/2024(H5N1)	1774	7424
PB1|PP755595.1|A/cattle/Texas/24-008749-003/2024(H5N1)	1775	7464
PB1|PP755595.1|A/cattle/Texas/24-008749-003/2024(H5N1)	1776	7309
PB1|PP755595.1|A/cattle/Texas/24-008749-003/2024(H5N1)	1777	7317
PB1|PP755595.1|A/cattle/Texas/24-008749-003/2024(H5N1)	1778	7470
PB1|PP755595.1|A/cattle/Texas/24-008749-003/2024(H5N1)	1779	7384
PB1|PP755595.1|A/cattle/Texas/24-008749-003/2024(H5N1)	1780	7309
PB1|PP755595.1|A/cattle/Texas/24-008749-003/2024(H5N1)	1781	7088
PB1|PP755595.1|A/cattle/Texas/24-008749-003/2024(H5N1)	1782	7053
PB1|PP755595.1|A/cattle/Texas/24-008749-003/2024(H5N1)	1783	7072
PB1|PP755595.1|A/cattle/Texas/24-008749-003/2024(H5N1)	1784	7527
PB1|PP755595.1|A/cattle/Texas/24-008749-003/2024(H5N1)	1785	7618
PB1|PP755595.1|A/cattle/Texas/24-008749-003/2024(H5N1)	1786	7654
PB1|PP755595.1|A/cattle/Texas/24-008749-003/2024(H5N1)	1787	7639
PB1|PP755595.1|A/cattle/Texas/24-008749-003/2024(H5N1)	1788	7718
PB1|PP755595.1|A/cattle/Texas/24-008749-003/2024(H5N1)	1789	7888
PB1|PP755595.1|A/cattle/Texas/24-008749-003/2024(H5N1)	1790	7852
PB1|PP755595.1|A/cattle/Texas/24-008749-003/2024(H5N1)	1791	7658
PB1|PP755595.1|A/cattle/Texas/24-008749-003/2024(H5N1)	1792	7661
PB1|PP755595.1|A/cattle/Texas/24-008749-003/2024(H5N1)	1793	7488
PB1|PP755595.1|A/cattle/Texas/24-008749-003/2024(H5N1)	1794	7549
PB1|PP755595.1|A/cattle/Texas/24-008749-003/2024(H5N1)	1795	7693
PB1|PP755595.1|A/cattle/Texas/24-008749-003/2024(H5N1)	1796	7700
PB1|PP755595.1|A/cattle/Texas/24-008749-003/2024(H5N1)	1797	7695
PB1|PP755595.1|A/cattle/Texas/24-008749-003/2024(H5N1)	1798	7541
PB1|PP755595.1|A/cattle/Texas/24-008749-003/2024(H5N1)	1799	7533
PB1|PP755595.1|A/cattle/Texas/24-008749-003/2024(H5N1)	1800	7619
PB1|PP755595.1|A/cattle/Texas/24-008749-003/2024(H5N1)	1801	7551
PB1|PP755595.1|A/cattle/Texas/24-008749-003/2024(H5N1)	1802	7572
PB1|PP755595.1|A/cattle/Texas/24-008749-003/2024(H5N1)	1803	7487
PB1|PP755595.1|A/cattle/Texas/24-008749-003/2024(H5N1)	1804	7433
PB1|PP755595.1|A/cattle/Texas/24-008749-003/2024(H5N1)	1805	7342
PB1|PP755595.1|A/cattle/Texas/24-008749-003/2024(H5N1)	1806	7355
PB1|PP755595.1|A/cattle/Texas/24-008749-003/2024(H5N1)	1807	7506
PB1|PP755595.1|A/cattle/Texas/24-008749-003/2024(H5N1)	1808	7494
PB1|PP755595.1|A/cattle/Texas/24-008749-003/2024(H5N1)	1809	7462
PB1|PP755595.1|A/cattle/Texas/24-008749-003/2024(H5N1)	1810	7245
PB1|PP755595.1|A/cattle/Texas/24-008749-003/2024(H5N1)	1811	7346
PB1|PP755595.1|A/cattle/Texas/24-008749-003/2024(H5N1)	1812	7495
PB1|PP755595.1|A/cattle/Texas/24-008749-003/2024(H5N1)	1813	7496
PB1|PP755595.1|A/cattle/Texas/24-008749-003/2024(H5N1)	1814	7493
PB1|PP755595.1|A/cattle/Texas/24-008749-003/2024(H5N1)	1815	7109
PB1|PP755595.1|A/cattle/Texas/24-008749-003/2024(H5N1)	1816	7105
PB1|PP755595.1|A/cattle/Texas/24-008749-003/2024(H5N1)	1817	7290
PB1|PP755595.1|A/cattle/Texas/24-008749-003/2024(H5N1)	1818	7168
PB1|PP755595.1|A/cattle/Texas/24-008749-003/2024(H5N1)	1819	7235
PB1|PP755595.1|A/cattle/Texas/24-008749-003/2024(H5N1)	1820	7159
PB1|PP755595.1|A/cattle/Texas/24-008749-003/2024(H5N1)	1821	7155
PB1|PP755595.1|A/cattle/Texas/24-008749-003/2024(H5N1)	1822	7064
PB1|PP755595.1|A/cattle/Texas/24-008749-003/2024(H5N1)	1823	7085
PB1|PP755595.1|A/cattle/Texas/24-008749-003/2024(H5N1)	1824	7032
PB1|PP755595.1|A/cattle/Texas/24-008749-003/2024(H5N1)	1825	7032
PB1|PP755595.1|A/cattle/Texas/24-008749-003/2024(H5N1)	1826	7081
PB1|PP755595.1|A/cattle/Texas/24-008749-003/2024(H5N1)	1827	7069
PB1|PP755595.1|A/cattle/Texas/24-008749-003/2024(H5N1)	1828	7041
PB1|PP755595.1|A/cattle/Texas/24-008749-003/2024(H5N1)	1829	7227
PB1|PP755595.1|A/cattle/Texas/24-008749-003/2024(H5N1)	1830	7076
PB1|PP755595.1|A/cattle/Texas/24-008749-003/2024(H5N1)	1831	7081
PB1|PP755595.1|A/cattle/Texas/24-008749-003/2024(H5N1)	1832	7084
PB1|PP755595.1|A/cattle/Texas/24-008749-003/2024(H5N1)	1833	6991
PB1|PP755595.1|A/cattle/Texas/24-008749-003/2024(H5N1)	1834	6967
PB1|PP755595.1|A/cattle/Texas/24-008749-003/2024(H5N1)	1835	6947
PB1|PP755595.1|A/cattle/Texas/24-008749-003/2024(H5N1)	1836	6963
PB1|PP755595.1|A/cattle/Texas/24-008749-003/2024(H5N1)	1837	6924
PB1|PP755595.1|A/cattle/Texas/24-008749-003/2024(H5N1)	1838	6773
PB1|PP755595.1|A/cattle/Texas/24-008749-003/2024(H5N1)	1839	6778
PB1|PP755595.1|A/cattle/Texas/24-008749-003/2024(H5N1)	1840	6819
PB1|PP755595.1|A/cattle/Texas/24-008749-003/2024(H5N1)	1841	6733
PB1|PP755595.1|A/cattle/Texas/24-008749-003/2024(H5N1)	1842	6750
PB1|PP755595.1|A/cattle/Texas/24-008749-003/2024(H5N1)	1843	6714
PB1|PP755595.1|A/cattle/Texas/24-008749-003/2024(H5N1)	1844	6707
PB1|PP755595.1|A/cattle/Texas/24-008749-003/2024(H5N1)	1845	6763
PB1|PP755595.1|A/cattle/Texas/24-008749-003/2024(H5N1)	1846	6764
PB1|PP755595.1|A/cattle/Texas/24-008749-003/2024(H5N1)	1847	6759
PB1|PP755595.1|A/cattle/Texas/24-008749-003/2024(H5N1)	1848	6712
PB1|PP755595.1|A/cattle/Texas/24-008749-003/2024(H5N1)	1849	6816
PB1|PP755595.1|A/cattle/Texas/24-008749-003/2024(H5N1)	1850	7241
PB1|PP755595.1|A/cattle/Texas/24-008749-003/2024(H5N1)	1851	7204
PB1|PP755595.1|A/cattle/Texas/24-008749-003/2024(H5N1)	1852	7150
PB1|PP755595.1|A/cattle/Texas/24-008749-003/2024(H5N1)	1853	7168
PB1|PP755595.1|A/cattle/Texas/24-008749-003/2024(H5N1)	1854	7146
PB1|PP755595.1|A/cattle/Texas/24-008749-003/2024(H5N1)	1855	7202
PB1|PP755595.1|A/cattle/Texas/24-008749-003/2024(H5N1)	1856	7182
PB1|PP755595.1|A/cattle/Texas/24-008749-003/2024(H5N1)	1857	7322
PB1|PP755595.1|A/cattle/Texas/24-008749-003/2024(H5N1)	1858	7190
PB1|PP755595.1|A/cattle/Texas/24-008749-003/2024(H5N1)	1859	7282
PB1|PP755595.1|A/cattle/Texas/24-008749-003/2024(H5N1)	1860	7277
PB1|PP755595.1|A/cattle/Texas/24-008749-003/2024(H5N1)	1861	7277
PB1|PP755595.1|A/cattle/Texas/24-008749-003/2024(H5N1)	1862	7285
PB1|PP755595.1|A/cattle/Texas/24-008749-003/2024(H5N1)	1863	7313
PB1|PP755595.1|A/cattle/Texas/24-008749-003/2024(H5N1)	1864	7284
PB1|PP755595.1|A/cattle/Texas/24-008749-003/2024(H5N1)	1865	7281
PB1|PP755595.1|A/cattle/Texas/24-008749-003/2024(H5N1)	1866	7064
PB1|PP755595.1|A/cattle/Texas/24-008749-003/2024(H5N1)	1867	7064
PB1|PP755595.1|A/cattle/Texas/24-008749-003/2024(H5N1)	1868	7047
PB1|PP755595.1|A/cattle/Texas/24-008749-003/2024(H5N1)	1869	7082
PB1|PP755595.1|A/cattle/Texas/24-008749-003/2024(H5N1)	1870	7078
PB1|PP755595.1|A/cattle/Texas/24-008749-003/2024(H5N1)	1871	7018
PB1|PP755595.1|A/cattle/Texas/24-008749-003/2024(H5N1)	1872	7150
PB1|PP755595.1|A/cattle/Texas/24-008749-003/2024(H5N1)	1873	7239
PB1|PP755595.1|A/cattle/Texas/24-008749-003/2024(H5N1)	1874	7263
PB1|PP755595.1|A/cattle/Texas/24-008749-003/2024(H5N1)	1875	7260
PB1|PP755595.1|A/cattle/Texas/24-008749-003/2024(H5N1)	1876	7247
PB1|PP755595.1|A/cattle/Texas/24-008749-003/2024(H5N1)	1877	7196
PB1|PP755595.1|A/cattle/Texas/24-008749-003/2024(H5N1)	1878	7169
PB1|PP755595.1|A/cattle/Texas/24-008749-003/2024(H5N1)	1879	7138
PB1|PP755595.1|A/cattle/Texas/24-008749-003/2024(H5N1)	1880	7448
PB1|PP755595.1|A/cattle/Texas/24-008749-003/2024(H5N1)	1881	7274
PB1|PP755595.1|A/cattle/Texas/24-008749-003/2024(H5N1)	1882	7194
PB1|PP755595.1|A/cattle/Texas/24-008749-003/2024(H5N1)	1883	7185
PB1|PP755595.1|A/cattle/Texas/24-008749-003/2024(H5N1)	1884	7214
PB1|PP755595.1|A/cattle/Texas/24-008749-003/2024(H5N1)	1885	7307
PB1|PP755595.1|A/cattle/Texas/24-008749-003/2024(H5N1)	1886	7315
PB1|PP755595.1|A/cattle/Texas/24-008749-003/2024(H5N1)	1887	7287
PB1|PP755595.1|A/cattle/Texas/24-008749-003/2024(H5N1)	1888	7270
PB1|PP755595.1|A/cattle/Texas/24-008749-003/2024(H5N1)	1889	7114
PB1|PP755595.1|A/cattle/Texas/24-008749-003/2024(H5N1)	1890	7112
PB1|PP755595.1|A/cattle/Texas/24-008749-003/2024(H5N1)	1891	7184
PB1|PP755595.1|A/cattle/Texas/24-008749-003/2024(H5N1)	1892	6950
PB1|PP755595.1|A/cattle/Texas/24-008749-003/2024(H5N1)	1893	6941
PB1|PP755595.1|A/cattle/Texas/24-008749-003/2024(H5N1)	1894	6952
PB1|PP755595.1|A/cattle/Texas/24-008749-003/2024(H5N1)	1895	6948
PB1|PP755595.1|A/cattle/Texas/24-008749-003/2024(H5N1)	1896	6948
PB1|PP755595.1|A/cattle/Texas/24-008749-003/2024(H5N1)	1897	6943
PB1|PP755595.1|A/cattle/Texas/24-008749-003/2024(H5N1)	1898	6946
PB1|PP755595.1|A/cattle/Texas/24-008749-003/2024(H5N1)	1899	6989
PB1|PP755595.1|A/cattle/Texas/24-008749-003/2024(H5N1)	1900	6991
PB1|PP755595.1|A/cattle/Texas/24-008749-003/2024(H5N1)	1901	6985
PB1|PP755595.1|A/cattle/Texas/24-008749-003/2024(H5N1)	1902	6969
PB1|PP755595.1|A/cattle/Texas/24-008749-003/2024(H5N1)	1903	6976
PB1|PP755595.1|A/cattle/Texas/24-008749-003/2024(H5N1)	1904	7054
PB1|PP755595.1|A/cattle/Texas/24-008749-003/2024(H5N1)	1905	7043
PB1|PP755595.1|A/cattle/Texas/24-008749-003/2024(H5N1)	1906	7269
PB1|PP755595.1|A/cattle/Texas/24-008749-003/2024(H5N1)	1907	7263
PB1|PP755595.1|A/cattle/Texas/24-008749-003/2024(H5N1)	1908	7148
PB1|PP755595.1|A/cattle/Texas/24-008749-003/2024(H5N1)	1909	7267
PB1|PP755595.1|A/cattle/Texas/24-008749-003/2024(H5N1)	1910	7265
PB1|PP755595.1|A/cattle/Texas/24-008749-003/2024(H5N1)	1911	7230
PB1|PP755595.1|A/cattle/Texas/24-008749-003/2024(H5N1)	1912	7237
PB1|PP755595.1|A/cattle/Texas/24-008749-003/2024(H5N1)	1913	7163
PB1|PP755595.1|A/cattle/Texas/24-008749-003/2024(H5N1)	1914	7203
PB1|PP755595.1|A/cattle/Texas/24-008749-003/2024(H5N1)	1915	7210
PB1|PP755595.1|A/cattle/Texas/24-008749-003/2024(H5N1)	1916	7094
PB1|PP755595.1|A/cattle/Texas/24-008749-003/2024(H5N1)	1917	7087
PB1|PP755595.1|A/cattle/Texas/24-008749-003/2024(H5N1)	1918	7127
PB1|PP755595.1|A/cattle/Texas/24-008749-003/2024(H5N1)	1919	7157
PB1|PP755595.1|A/cattle/Texas/24-008749-003/2024(H5N1)	1920	7251
PB1|PP755595.1|A/cattle/Texas/24-008749-003/2024(H5N1)	1921	7206
PB1|PP755595.1|A/cattle/Texas/24-008749-003/2024(H5N1)	1922	7151
PB1|PP755595.1|A/cattle/Texas/24-008749-003/2024(H5N1)	1923	7107
PB1|PP755595.1|A/cattle/Texas/24-008749-003/2024(H5N1)	1924	7028
PB1|PP755595.1|A/cattle/Texas/24-008749-003/2024(H5N1)	1925	7422
PB1|PP755595.1|A/cattle/Texas/24-008749-003/2024(H5N1)	1926	7422
PB1|PP755595.1|A/cattle/Texas/24-008749-003/2024(H5N1)	1927	7547
PB1|PP755595.1|A/cattle/Texas/24-008749-003/2024(H5N1)	1928	7559
PB1|PP755595.1|A/cattle/Texas/24-008749-003/2024(H5N1)	1929	7436
PB1|PP755595.1|A/cattle/Texas/24-008749-003/2024(H5N1)	1930	7521
PB1|PP755595.1|A/cattle/Texas/24-008749-003/2024(H5N1)	1931	7530
PB1|PP755595.1|A/cattle/Texas/24-008749-003/2024(H5N1)	1932	7565
PB1|PP755595.1|A/cattle/Texas/24-008749-003/2024(H5N1)	1933	7567
PB1|PP755595.1|A/cattle/Texas/24-008749-003/2024(H5N1)	1934	7131
PB1|PP755595.1|A/cattle/Texas/24-008749-003/2024(H5N1)	1935	7042
PB1|PP755595.1|A/cattle/Texas/24-008749-003/2024(H5N1)	1936	6895
PB1|PP755595.1|A/cattle/Texas/24-008749-003/2024(H5N1)	1937	7010
PB1|PP755595.1|A/cattle/Texas/24-008749-003/2024(H5N1)	1938	7013
PB1|PP755595.1|A/cattle/Texas/24-008749-003/2024(H5N1)	1939	6766
PB1|PP755595.1|A/cattle/Texas/24-008749-003/2024(H5N1)	1940	6763
PB1|PP755595.1|A/cattle/Texas/24-008749-003/2024(H5N1)	1941	6714
PB1|PP755595.1|A/cattle/Texas/24-008749-003/2024(H5N1)	1942	6799
PB1|PP755595.1|A/cattle/Texas/24-008749-003/2024(H5N1)	1943	6749
PB1|PP755595.1|A/cattle/Texas/24-008749-003/2024(H5N1)	1944	6758
PB1|PP755595.1|A/cattle/Texas/24-008749-003/2024(H5N1)	1945	6704
PB1|PP755595.1|A/cattle/Texas/24-008749-003/2024(H5N1)	1946	6538
PB1|PP755595.1|A/cattle/Texas/24-008749-003/2024(H5N1)	1947	6554
PB1|PP755595.1|A/cattle/Texas/24-008749-003/2024(H5N1)	1948	6561
PB1|PP755595.1|A/cattle/Texas/24-008749-003/2024(H5N1)	1949	6675
PB1|PP755595.1|A/cattle/Texas/24-008749-003/2024(H5N1)	1950	6622
PB1|PP755595.1|A/cattle/Texas/24-008749-003/2024(H5N1)	1951	6533
PB1|PP755595.1|A/cattle/Texas/24-008749-003/2024(H5N1)	1952	6481
PB1|PP755595.1|A/cattle/Texas/24-008749-003/2024(H5N1)	1953	6547
PB1|PP755595.1|A/cattle/Texas/24-008749-003/2024(H5N1)	1954	6744
PB1|PP755595.1|A/cattle/Texas/24-008749-003/2024(H5N1)	1955	6755
PB1|PP755595.1|A/cattle/Texas/24-008749-003/2024(H5N1)	1956	6756
PB1|PP755595.1|A/cattle/Texas/24-008749-003/2024(H5N1)	1957	6751
PB1|PP755595.1|A/cattle/Texas/24-008749-003/2024(H5N1)	1958	6597
PB1|PP755595.1|A/cattle/Texas/24-008749-003/2024(H5N1)	1959	6633
PB1|PP755595.1|A/cattle/Texas/24-008749-003/2024(H5N1)	1960	6679
PB1|PP755595.1|A/cattle/Texas/24-008749-003/2024(H5N1)	1961	6693
PB1|PP755595.1|A/cattle/Texas/24-008749-003/2024(H5N1)	1962	6611
PB1|PP755595.1|A/cattle/Texas/24-008749-003/2024(H5N1)	1963	6467
PB1|PP755595.1|A/cattle/Texas/24-008749-003/2024(H5N1)	1964	6468
PB1|PP755595.1|A/cattle/Texas/24-008749-003/2024(H5N1)	1965	6477
PB1|PP755595.1|A/cattle/Texas/24-008749-003/2024(H5N1)	1966	6790
PB1|PP755595.1|A/cattle/Texas/24-008749-003/2024(H5N1)	1967	6864
PB1|PP755595.1|A/cattle/Texas/24-008749-003/2024(H5N1)	1968	7096
PB1|PP755595.1|A/cattle/Texas/24-008749-003/2024(H5N1)	1969	7099
PB1|PP755595.1|A/cattle/Texas/24-008749-003/2024(H5N1)	1970	7059
PB1|PP755595.1|A/cattle/Texas/24-008749-003/2024(H5N1)	1971	7058
PB1|PP755595.1|A/cattle/Texas/24-008749-003/2024(H5N1)	1972	7046
PB1|PP755595.1|A/cattle/Texas/24-008749-003/2024(H5N1)	1973	7089
PB1|PP755595.1|A/cattle/Texas/24-008749-003/2024(H5N1)	1974	7067
PB1|PP755595.1|A/cattle/Texas/24-008749-003/2024(H5N1)	1975	6897
PB1|PP755595.1|A/cattle/Texas/24-008749-003/2024(H5N1)	1976	6904
PB1|PP755595.1|A/cattle/Texas/24-008749-003/2024(H5N1)	1977	6820
PB1|PP755595.1|A/cattle/Texas/24-008749-003/2024(H5N1)	1978	6844
PB1|PP755595.1|A/cattle/Texas/24-008749-003/2024(H5N1)	1979	6818
PB1|PP755595.1|A/cattle/Texas/24-008749-003/2024(H5N1)	1980	6711
PB1|PP755595.1|A/cattle/Texas/24-008749-003/2024(H5N1)	1981	6724
PB1|PP755595.1|A/cattle/Texas/24-008749-003/2024(H5N1)	1982	6764
PB1|PP755595.1|A/cattle/Texas/24-008749-003/2024(H5N1)	1983	6772
PB1|PP755595.1|A/cattle/Texas/24-008749-003/2024(H5N1)	1984	6764
PB1|PP755595.1|A/cattle/Texas/24-008749-003/2024(H5N1)	1985	6760
PB1|PP755595.1|A/cattle/Texas/24-008749-003/2024(H5N1)	1986	6761
PB1|PP755595.1|A/cattle/Texas/24-008749-003/2024(H5N1)	1987	6829
PB1|PP755595.1|A/cattle/Texas/24-008749-003/2024(H5N1)	1988	6829
PB1|PP755595.1|A/cattle/Texas/24-008749-003/2024(H5N1)	1989	6801
PB1|PP755595.1|A/cattle/Texas/24-008749-003/2024(H5N1)	1990	6780
PB1|PP755595.1|A/cattle/Texas/24-008749-003/2024(H5N1)	1991	6781
PB1|PP755595.1|A/cattle/Texas/24-008749-003/2024(H5N1)	1992	7186
PB1|PP755595.1|A/cattle/Texas/24-008749-003/2024(H5N1)	1993	7196
PB1|PP755595.1|A/cattle/Texas/24-008749-003/2024(H5N1)	1994	7196
PB1|PP755595.1|A/cattle/Texas/24-008749-003/2024(H5N1)	1995	7168
PB1|PP755595.1|A/cattle/Texas/24-008749-003/2024(H5N1)	1996	7183
PB1|PP755595.1|A/cattle/Texas/24-008749-003/2024(H5N1)	1997	7181
PB1|PP755595.1|A/cattle/Texas/24-008749-003/2024(H5N1)	1998	7184
PB1|PP755595.1|A/cattle/Texas/24-008749-003/2024(H5N1)	1999	7171
PB1|PP755595.1|A/cattle/Texas/24-008749-003/2024(H5N1)	2000	7164
PB1|PP755595.1|A/cattle/Texas/24-008749-003/2024(H5N1)	2001	6991
PB1|PP755595.1|A/cattle/Texas/24-008749-003/2024(H5N1)	2002	7030
PB1|PP755595.1|A/cattle/Texas/24-008749-003/2024(H5N1)	2003	7002
PB1|PP755595.1|A/cattle/Texas/24-008749-003/2024(H5N1)	2004	7000
PB1|PP755595.1|A/cattle/Texas/24-008749-003/2024(H5N1)	2005	7055
PB1|PP755595.1|A/cattle/Texas/24-008749-003/2024(H5N1)	2006	7100
PB1|PP755595.1|A/cattle/Texas/24-008749-003/2024(H5N1)	2007	7107
PB1|PP755595.1|A/cattle/Texas/24-008749-003/2024(H5N1)	2008	6953
PB1|PP755595.1|A/cattle/Texas/24-008749-003/2024(H5N1)	2009	6947
PB1|PP755595.1|A/cattle/Texas/24-008749-003/2024(H5N1)	2010	6923
PB1|PP755595.1|A/cattle/Texas/24-008749-003/2024(H5N1)	2011	6882
PB1|PP755595.1|A/cattle/Texas/24-008749-003/2024(H5N1)	2012	7052
PB1|PP755595.1|A/cattle/Texas/24-008749-003/2024(H5N1)	2013	7020
PB1|PP755595.1|A/cattle/Texas/24-008749-003/2024(H5N1)	2014	7006
PB1|PP755595.1|A/cattle/Texas/24-008749-003/2024(H5N1)	2015	7110
PB1|PP755595.1|A/cattle/Texas/24-008749-003/2024(H5N1)	2016	7119
PB1|PP755595.1|A/cattle/Texas/24-008749-003/2024(H5N1)	2017	7122
PB1|PP755595.1|A/cattle/Texas/24-008749-003/2024(H5N1)	2018	7085
PB1|PP755595.1|A/cattle/Texas/24-008749-003/2024(H5N1)	2019	7001
PB1|PP755595.1|A/cattle/Texas/24-008749-003/2024(H5N1)	2020	7092
PB1|PP755595.1|A/cattle/Texas/24-008749-003/2024(H5N1)	2021	7158
PB1|PP755595.1|A/cattle/Texas/24-008749-003/2024(H5N1)	2022	7299
PB1|PP755595.1|A/cattle/Texas/24-008749-003/2024(H5N1)	2023	7148
PB1|PP755595.1|A/cattle/Texas/24-008749-003/2024(H5N1)	2024	7062
PB1|PP755595.1|A/cattle/Texas/24-008749-003/2024(H5N1)	2025	7072
PB1|PP755595.1|A/cattle/Texas/24-008749-003/2024(H5N1)	2026	7180
PB1|PP755595.1|A/cattle/Texas/24-008749-003/2024(H5N1)	2027	7291
PB1|PP755595.1|A/cattle/Texas/24-008749-003/2024(H5N1)	2028	7292
PB1|PP755595.1|A/cattle/Texas/24-008749-003/2024(H5N1)	2029	7184
PB1|PP755595.1|A/cattle/Texas/24-008749-003/2024(H5N1)	2030	7054
PB1|PP755595.1|A/cattle/Texas/24-008749-003/2024(H5N1)	2031	6840
PB1|PP755595.1|A/cattle/Texas/24-008749-003/2024(H5N1)	2032	6887
PB1|PP755595.1|A/cattle/Texas/24-008749-003/2024(H5N1)	2033	6889
PB1|PP755595.1|A/cattle/Texas/24-008749-003/2024(H5N1)	2034	6848
PB1|PP755595.1|A/cattle/Texas/24-008749-003/2024(H5N1)	2035	6854
PB1|PP755595.1|A/cattle/Texas/24-008749-003/2024(H5N1)	2036	6752
PB1|PP755595.1|A/cattle/Texas/24-008749-003/2024(H5N1)	2037	6759
PB1|PP755595.1|A/cattle/Texas/24-008749-003/2024(H5N1)	2038	6761
PB1|PP755595.1|A/cattle/Texas/24-008749-003/2024(H5N1)	2039	6782
PB1|PP755595.1|A/cattle/Texas/24-008749-003/2024(H5N1)	2040	6791
PB1|PP755595.1|A/cattle/Texas/24-008749-003/2024(H5N1)	2041	6718
PB1|PP755595.1|A/cattle/Texas/24-008749-003/2024(H5N1)	2042	6714
PB1|PP755595.1|A/cattle/Texas/24-008749-003/2024(H5N1)	2043	6717
PB1|PP755595.1|A/cattle/Texas/24-008749-003/2024(H5N1)	2044	6721
PB1|PP755595.1|A/cattle/Texas/24-008749-003/2024(H5N1)	2045	6770
PB1|PP755595.1|A/cattle/Texas/24-008749-003/2024(H5N1)	2046	6778
PB1|PP755595.1|A/cattle/Texas/24-008749-003/2024(H5N1)	2047	6782
PB1|PP755595.1|A/cattle/Texas/24-008749-003/2024(H5N1)	2048	6733
PB1|PP755595.1|A/cattle/Texas/24-008749-003/2024(H5N1)	2049	6732
PB1|PP755595.1|A/cattle/Texas/24-008749-003/2024(H5N1)	2050	6730
PB1|PP755595.1|A/cattle/Texas/24-008749-003/2024(H5N1)	2051	6918
PB1|PP755595.1|A/cattle/Texas/24-008749-003/2024(H5N1)	2052	6917
PB1|PP755595.1|A/cattle/Texas/24-008749-003/2024(H5N1)	2053	6925
PB1|PP755595.1|A/cattle/Texas/24-008749-003/2024(H5N1)	2054	6921
PB1|PP755595.1|A/cattle/Texas/24-008749-003/2024(H5N1)	2055	6870
PB1|PP755595.1|A/cattle/Texas/24-008749-003/2024(H5N1)	2056	7004
PB1|PP755595.1|A/cattle/Texas/24-008749-003/2024(H5N1)	2057	6792
PB1|PP755595.1|A/cattle/Texas/24-008749-003/2024(H5N1)	2058	6791
PB1|PP755595.1|A/cattle/Texas/24-008749-003/2024(H5N1)	2059	6792
PB1|PP755595.1|A/cattle/Texas/24-008749-003/2024(H5N1)	2060	6659
PB1|PP755595.1|A/cattle/Texas/24-008749-003/2024(H5N1)	2061	6684
PB1|PP755595.1|A/cattle/Texas/24-008749-003/2024(H5N1)	2062	7121
PB1|PP755595.1|A/cattle/Texas/24-008749-003/2024(H5N1)	2063	7119
PB1|PP755595.1|A/cattle/Texas/24-008749-003/2024(H5N1)	2064	7122
PB1|PP755595.1|A/cattle/Texas/24-008749-003/2024(H5N1)	2065	6934
PB1|PP755595.1|A/cattle/Texas/24-008749-003/2024(H5N1)	2066	6876
PB1|PP755595.1|A/cattle/Texas/24-008749-003/2024(H5N1)	2067	6929
PB1|PP755595.1|A/cattle/Texas/24-008749-003/2024(H5N1)	2068	6886
PB1|PP755595.1|A/cattle/Texas/24-008749-003/2024(H5N1)	2069	6897
PB1|PP755595.1|A/cattle/Texas/24-008749-003/2024(H5N1)	2070	6883
PB1|PP755595.1|A/cattle/Texas/24-008749-003/2024(H5N1)	2071	6796
PB1|PP755595.1|A/cattle/Texas/24-008749-003/2024(H5N1)	2072	6854
PB1|PP755595.1|A/cattle/Texas/24-008749-003/2024(H5N1)	2073	6860
PB1|PP755595.1|A/cattle/Texas/24-008749-003/2024(H5N1)	2074	6957
PB1|PP755595.1|A/cattle/Texas/24-008749-003/2024(H5N1)	2075	6941
PB1|PP755595.1|A/cattle/Texas/24-008749-003/2024(H5N1)	2076	6405
PB1|PP755595.1|A/cattle/Texas/24-008749-003/2024(H5N1)	2077	6373
PB1|PP755595.1|A/cattle/Texas/24-008749-003/2024(H5N1)	2078	6374
PB1|PP755595.1|A/cattle/Texas/24-008749-003/2024(H5N1)	2079	6377
PB1|PP755595.1|A/cattle/Texas/24-008749-003/2024(H5N1)	2080	6376
PB1|PP755595.1|A/cattle/Texas/24-008749-003/2024(H5N1)	2081	6302
PB1|PP755595.1|A/cattle/Texas/24-008749-003/2024(H5N1)	2082	6293
PB1|PP755595.1|A/cattle/Texas/24-008749-003/2024(H5N1)	2083	6253
PB1|PP755595.1|A/cattle/Texas/24-008749-003/2024(H5N1)	2084	6297
PB1|PP755595.1|A/cattle/Texas/24-008749-003/2024(H5N1)	2085	6348
PB1|PP755595.1|A/cattle/Texas/24-008749-003/2024(H5N1)	2086	6353
PB1|PP755595.1|A/cattle/Texas/24-008749-003/2024(H5N1)	2087	6365
PB1|PP755595.1|A/cattle/Texas/24-008749-003/2024(H5N1)	2088	6324
PB1|PP755595.1|A/cattle/Texas/24-008749-003/2024(H5N1)	2089	6333
PB1|PP755595.1|A/cattle/Texas/24-008749-003/2024(H5N1)	2090	6329
PB1|PP755595.1|A/cattle/Texas/24-008749-003/2024(H5N1)	2091	6332
PB1|PP755595.1|A/cattle/Texas/24-008749-003/2024(H5N1)	2092	6324
PB1|PP755595.1|A/cattle/Texas/24-008749-003/2024(H5N1)	2093	6316
PB1|PP755595.1|A/cattle/Texas/24-008749-003/2024(H5N1)	2094	6293
PB1|PP755595.1|A/cattle/Texas/24-008749-003/2024(H5N1)	2095	6276
PB1|PP755595.1|A/cattle/Texas/24-008749-003/2024(H5N1)	2096	6357
PB1|PP755595.1|A/cattle/Texas/24-008749-003/2024(H5N1)	2097	6356
PB1|PP755595.1|A/cattle/Texas/24-008749-003/2024(H5N1)	2098	6441
PB1|PP755595.1|A/cattle/Texas/24-008749-003/2024(H5N1)	2099	6465
PB1|PP755595.1|A/cattle/Texas/24-008749-003/2024(H5N1)	2100	6382
PB1|PP755595.1|A/cattle/Texas/24-008749-003/2024(H5N1)	2101	6372
PB1|PP755595.1|A/cattle/Texas/24-008749-003/2024(H5N1)	2102	6289
PB1|PP755595.1|A/cattle/Texas/24-008749-003/2024(H5N1)	2103	6281
PB1|PP755595.1|A/cattle/Texas/24-008749-003/2024(H5N1)	2104	6279
PB1|PP755595.1|A/cattle/Texas/24-008749-003/2024(H5N1)	2105	6105
PB1|PP755595.1|A/cattle/Texas/24-008749-003/2024(H5N1)	2106	6467
PB1|PP755595.1|A/cattle/Texas/24-008749-003/2024(H5N1)	2107	6482
PB1|PP755595.1|A/cattle/Texas/24-008749-003/2024(H5N1)	2108	6538
PB1|PP755595.1|A/cattle/Texas/24-008749-003/2024(H5N1)	2109	6554
PB1|PP755595.1|A/cattle/Texas/24-008749-003/2024(H5N1)	2110	6634
PB1|PP755595.1|A/cattle/Texas/24-008749-003/2024(H5N1)	2111	6599
PB1|PP755595.1|A/cattle/Texas/24-008749-003/2024(H5N1)	2112	6668
PB1|PP755595.1|A/cattle/Texas/24-008749-003/2024(H5N1)	2113	6691
PB1|PP755595.1|A/cattle/Texas/24-008749-003/2024(H5N1)	2114	6663
PB1|PP755595.1|A/cattle/Texas/24-008749-003/2024(H5N1)	2115	6671
PB1|PP755595.1|A/cattle/Texas/24-008749-003/2024(H5N1)	2116	6516
PB1|PP755595.1|A/cattle/Texas/24-008749-003/2024(H5N1)	2117	6288
PB1|PP755595.1|A/cattle/Texas/24-008749-003/2024(H5N1)	2118	6435
PB1|PP755595.1|A/cattle/Texas/24-008749-003/2024(H5N1)	2119	6010
PB1|PP755595.1|A/cattle/Texas/24-008749-003/2024(H5N1)	2120	5999
PB1|PP755595.1|A/cattle/Texas/24-008749-003/2024(H5N1)	2121	5948
PB1|PP755595.1|A/cattle/Texas/24-008749-003/2024(H5N1)	2122	5978
PB1|PP755595.1|A/cattle/Texas/24-008749-003/2024(H5N1)	2123	5968
PB1|PP755595.1|A/cattle/Texas/24-008749-003/2024(H5N1)	2124	5928
PB1|PP755595.1|A/cattle/Texas/24-008749-003/2024(H5N1)	2125	5977
PB1|PP755595.1|A/cattle/Texas/24-008749-003/2024(H5N1)	2126	5992
PB1|PP755595.1|A/cattle/Texas/24-008749-003/2024(H5N1)	2127	5989
PB1|PP755595.1|A/cattle/Texas/24-008749-003/2024(H5N1)	2128	5991
PB1|PP755595.1|A/cattle/Texas/24-008749-003/2024(H5N1)	2129	5971
PB1|PP755595.1|A/cattle/Texas/24-008749-003/2024(H5N1)	2130	5989
PB1|PP755595.1|A/cattle/Texas/24-008749-003/2024(H5N1)	2131	5970
PB1|PP755595.1|A/cattle/Texas/24-008749-003/2024(H5N1)	2132	5955
PB1|PP755595.1|A/cattle/Texas/24-008749-003/2024(H5N1)	2133	5927
PB1|PP755595.1|A/cattle/Texas/24-008749-003/2024(H5N1)	2134	6057
PB1|PP755595.1|A/cattle/Texas/24-008749-003/2024(H5N1)	2135	6057
PB1|PP755595.1|A/cattle/Texas/24-008749-003/2024(H5N1)	2136	6058
PB1|PP755595.1|A/cattle/Texas/24-008749-003/2024(H5N1)	2137	6027
PB1|PP755595.1|A/cattle/Texas/24-008749-003/2024(H5N1)	2138	5979
PB1|PP755595.1|A/cattle/Texas/24-008749-003/2024(H5N1)	2139	5984
PB1|PP755595.1|A/cattle/Texas/24-008749-003/2024(H5N1)	2140	6552
PB1|PP755595.1|A/cattle/Texas/24-008749-003/2024(H5N1)	2141	6547
PB1|PP755595.1|A/cattle/Texas/24-008749-003/2024(H5N1)	2142	6546
PB1|PP755595.1|A/cattle/Texas/24-008749-003/2024(H5N1)	2143	6215
PB1|PP755595.1|A/cattle/Texas/24-008749-003/2024(H5N1)	2144	6196
PB1|PP755595.1|A/cattle/Texas/24-008749-003/2024(H5N1)	2145	6168
PB1|PP755595.1|A/cattle/Texas/24-008749-003/2024(H5N1)	2146	6184
PB1|PP755595.1|A/cattle/Texas/24-008749-003/2024(H5N1)	2147	6094
PB1|PP755595.1|A/cattle/Texas/24-008749-003/2024(H5N1)	2148	6117
PB1|PP755595.1|A/cattle/Texas/24-008749-003/2024(H5N1)	2149	6102
PB1|PP755595.1|A/cattle/Texas/24-008749-003/2024(H5N1)	2150	6091
PB1|PP755595.1|A/cattle/Texas/24-008749-003/2024(H5N1)	2151	5956
PB1|PP755595.1|A/cattle/Texas/24-008749-003/2024(H5N1)	2152	5670
PB1|PP755595.1|A/cattle/Texas/24-008749-003/2024(H5N1)	2153	5633
PB1|PP755595.1|A/cattle/Texas/24-008749-003/2024(H5N1)	2154	5665
PB1|PP755595.1|A/cattle/Texas/24-008749-003/2024(H5N1)	2155	5668
PB1|PP755595.1|A/cattle/Texas/24-008749-003/2024(H5N1)	2156	5653
PB1|PP755595.1|A/cattle/Texas/24-008749-003/2024(H5N1)	2157	5570
PB1|PP755595.1|A/cattle/Texas/24-008749-003/2024(H5N1)	2158	5562
PB1|PP755595.1|A/cattle/Texas/24-008749-003/2024(H5N1)	2159	5521
PB1|PP755595.1|A/cattle/Texas/24-008749-003/2024(H5N1)	2160	5504
PB1|PP755595.1|A/cattle/Texas/24-008749-003/2024(H5N1)	2161	5483
PB1|PP755595.1|A/cattle/Texas/24-008749-003/2024(H5N1)	2162	5480
PB1|PP755595.1|A/cattle/Texas/24-008749-003/2024(H5N1)	2163	5396
PB1|PP755595.1|A/cattle/Texas/24-008749-003/2024(H5N1)	2164	5385
PB1|PP755595.1|A/cattle/Texas/24-008749-003/2024(H5N1)	2165	5265
PB1|PP755595.1|A/cattle/Texas/24-008749-003/2024(H5N1)	2166	6000
PB1|PP755595.1|A/cattle/Texas/24-008749-003/2024(H5N1)	2167	6130
PB1|PP755595.1|A/cattle/Texas/24-008749-003/2024(H5N1)	2168	6172
PB1|PP755595.1|A/cattle/Texas/24-008749-003/2024(H5N1)	2169	6348
PB1|PP755595.1|A/cattle/Texas/24-008749-003/2024(H5N1)	2170	6354
PB1|PP755595.1|A/cattle/Texas/24-008749-003/2024(H5N1)	2171	6383
PB1|PP755595.1|A/cattle/Texas/24-008749-003/2024(H5N1)	2172	6295
PB1|PP755595.1|A/cattle/Texas/24-008749-003/2024(H5N1)	2173	6161
PB1|PP755595.1|A/cattle/Texas/24-008749-003/2024(H5N1)	2174	6153
PB1|PP755595.1|A/cattle/Texas/24-008749-003/2024(H5N1)	2175	6154
PB1|PP755595.1|A/cattle/Texas/24-008749-003/2024(H5N1)	2176	6139
PB1|PP755595.1|A/cattle/Texas/24-008749-003/2024(H5N1)	2177	5929
PB1|PP755595.1|A/cattle/Texas/24-008749-003/2024(H5N1)	2178	5930
PB1|PP755595.1|A/cattle/Texas/24-008749-003/2024(H5N1)	2179	5937
PB1|PP755595.1|A/cattle/Texas/24-008749-003/2024(H5N1)	2180	5936
PB1|PP755595.1|A/cattle/Texas/24-008749-003/2024(H5N1)	2181	5942
PB1|PP755595.1|A/cattle/Texas/24-008749-003/2024(H5N1)	2182	5942
PB1|PP755595.1|A/cattle/Texas/24-008749-003/2024(H5N1)	2183	5891
PB1|PP755595.1|A/cattle/Texas/24-008749-003/2024(H5N1)	2184	5881
PB1|PP755595.1|A/cattle/Texas/24-008749-003/2024(H5N1)	2185	5886
PB1|PP755595.1|A/cattle/Texas/24-008749-003/2024(H5N1)	2186	5868
PB1|PP755595.1|A/cattle/Texas/24-008749-003/2024(H5N1)	2187	5870
PB1|PP755595.1|A/cattle/Texas/24-008749-003/2024(H5N1)	2188	5858
PB1|PP755595.1|A/cattle/Texas/24-008749-003/2024(H5N1)	2189	5857
PB1|PP755595.1|A/cattle/Texas/24-008749-003/2024(H5N1)	2190	5821
PB1|PP755595.1|A/cattle/Texas/24-008749-003/2024(H5N1)	2191	5825
PB1|PP755595.1|A/cattle/Texas/24-008749-003/2024(H5N1)	2192	5849
PB1|PP755595.1|A/cattle/Texas/24-008749-003/2024(H5N1)	2193	5842
PB1|PP755595.1|A/cattle/Texas/24-008749-003/2024(H5N1)	2194	5817
PB1|PP755595.1|A/cattle/Texas/24-008749-003/2024(H5N1)	2195	5783
PB1|PP755595.1|A/cattle/Texas/24-008749-003/2024(H5N1)	2196	5754
PB1|PP755595.1|A/cattle/Texas/24-008749-003/2024(H5N1)	2197	5755
PB1|PP755595.1|A/cattle/Texas/24-008749-003/2024(H5N1)	2198	5755
PB1|PP755595.1|A/cattle/Texas/24-008749-003/2024(H5N1)	2199	5755
PB1|PP755595.1|A/cattle/Texas/24-008749-003/2024(H5N1)	2200	5751
PB1|PP755595.1|A/cattle/Texas/24-008749-003/2024(H5N1)	2201	5561
PB1|PP755595.1|A/cattle/Texas/24-008749-003/2024(H5N1)	2202	5631
PB1|PP755595.1|A/cattle/Texas/24-008749-003/2024(H5N1)	2203	5629
PB1|PP755595.1|A/cattle/Texas/24-008749-003/2024(H5N1)	2204	5606
PB1|PP755595.1|A/cattle/Texas/24-008749-003/2024(H5N1)	2205	5595
PB1|PP755595.1|A/cattle/Texas/24-008749-003/2024(H5N1)	2206	5577
PB1|PP755595.1|A/cattle/Texas/24-008749-003/2024(H5N1)	2207	5494
PB1|PP755595.1|A/cattle/Texas/24-008749-003/2024(H5N1)	2208	5496
PB1|PP755595.1|A/cattle/Texas/24-008749-003/2024(H5N1)	2209	5499
PB1|PP755595.1|A/cattle/Texas/24-008749-003/2024(H5N1)	2210	5481
PB1|PP755595.1|A/cattle/Texas/24-008749-003/2024(H5N1)	2211	4984
PB1|PP755595.1|A/cattle/Texas/24-008749-003/2024(H5N1)	2212	4956
PB1|PP755595.1|A/cattle/Texas/24-008749-003/2024(H5N1)	2213	4947
PB1|PP755595.1|A/cattle/Texas/24-008749-003/2024(H5N1)	2214	4947
PB1|PP755595.1|A/cattle/Texas/24-008749-003/2024(H5N1)	2215	4960
PB1|PP755595.1|A/cattle/Texas/24-008749-003/2024(H5N1)	2216	4892
PB1|PP755595.1|A/cattle/Texas/24-008749-003/2024(H5N1)	2217	4878
PB1|PP755595.1|A/cattle/Texas/24-008749-003/2024(H5N1)	2218	4816
PB1|PP755595.1|A/cattle/Texas/24-008749-003/2024(H5N1)	2219	4812
PB1|PP755595.1|A/cattle/Texas/24-008749-003/2024(H5N1)	2220	4784
PB1|PP755595.1|A/cattle/Texas/24-008749-003/2024(H5N1)	2221	4780
PB1|PP755595.1|A/cattle/Texas/24-008749-003/2024(H5N1)	2222	4771
PB1|PP755595.1|A/cattle/Texas/24-008749-003/2024(H5N1)	2223	4703
PB1|PP755595.1|A/cattle/Texas/24-008749-003/2024(H5N1)	2224	4700
PB1|PP755595.1|A/cattle/Texas/24-008749-003/2024(H5N1)	2225	4558
PB1|PP755595.1|A/cattle/Texas/24-008749-003/2024(H5N1)	2226	4562
PB1|PP755595.1|A/cattle/Texas/24-008749-003/2024(H5N1)	2227	4561
PB1|PP755595.1|A/cattle/Texas/24-008749-003/2024(H5N1)	2228	4546
PB1|PP755595.1|A/cattle/Texas/24-008749-003/2024(H5N1)	2229	4546
PB1|PP755595.1|A/cattle/Texas/24-008749-003/2024(H5N1)	2230	4534
PB1|PP755595.1|A/cattle/Texas/24-008749-003/2024(H5N1)	2231	4535
PB1|PP755595.1|A/cattle/Texas/24-008749-003/2024(H5N1)	2232	4531
PB1|PP755595.1|A/cattle/Texas/24-008749-003/2024(H5N1)	2233	4531
PB1|PP755595.1|A/cattle/Texas/24-008749-003/2024(H5N1)	2234	4521
PB1|PP755595.1|A/cattle/Texas/24-008749-003/2024(H5N1)	2235	4463
PB1|PP755595.1|A/cattle/Texas/24-008749-003/2024(H5N1)	2236	4388
PB1|PP755595.1|A/cattle/Texas/24-008749-003/2024(H5N1)	2237	4372
PB1|PP755595.1|A/cattle/Texas/24-008749-003/2024(H5N1)	2238	4352
PB1|PP755595.1|A/cattle/Texas/24-008749-003/2024(H5N1)	2239	4219
PB1|PP755595.1|A/cattle/Texas/24-008749-003/2024(H5N1)	2240	4234
PB1|PP755595.1|A/cattle/Texas/24-008749-003/2024(H5N1)	2241	4237
PB1|PP755595.1|A/cattle/Texas/24-008749-003/2024(H5N1)	2242	4237
PB1|PP755595.1|A/cattle/Texas/24-008749-003/2024(H5N1)	2243	4231
PB1|PP755595.1|A/cattle/Texas/24-008749-003/2024(H5N1)	2244	4119
PB1|PP755595.1|A/cattle/Texas/24-008749-003/2024(H5N1)	2245	4115
PB1|PP755595.1|A/cattle/Texas/24-008749-003/2024(H5N1)	2246	4157
PB1|PP755595.1|A/cattle/Texas/24-008749-003/2024(H5N1)	2247	4047
PB1|PP755595.1|A/cattle/Texas/24-008749-003/2024(H5N1)	2248	4041
PB1|PP755595.1|A/cattle/Texas/24-008749-003/2024(H5N1)	2249	3933
PB1|PP755595.1|A/cattle/Texas/24-008749-003/2024(H5N1)	2250	3909
PB1|PP755595.1|A/cattle/Texas/24-008749-003/2024(H5N1)	2251	3893
PB1|PP755595.1|A/cattle/Texas/24-008749-003/2024(H5N1)	2252	3891
PB1|PP755595.1|A/cattle/Texas/24-008749-003/2024(H5N1)	2253	3889
PB1|PP755595.1|A/cattle/Texas/24-008749-003/2024(H5N1)	2254	3890
PB1|PP755595.1|A/cattle/Texas/24-008749-003/2024(H5N1)	2255	3483
PB1|PP755595.1|A/cattle/Texas/24-008749-003/2024(H5N1)	2256	3482
PB1|PP755595.1|A/cattle/Texas/24-008749-003/2024(H5N1)	2257	3387
PB1|PP755595.1|A/cattle/Texas/24-008749-003/2024(H5N1)	2258	3351
PB1|PP755595.1|A/cattle/Texas/24-008749-003/2024(H5N1)	2259	3349
PB1|PP755595.1|A/cattle/Texas/24-008749-003/2024(H5N1)	2260	3302
PB1|PP755595.1|A/cattle/Texas/24-008749-003/2024(H5N1)	2261	3236
PB1|PP755595.1|A/cattle/Texas/24-008749-003/2024(H5N1)	2262	3232
PB1|PP755595.1|A/cattle/Texas/24-008749-003/2024(H5N1)	2263	3168
PB1|PP755595.1|A/cattle/Texas/24-008749-003/2024(H5N1)	2264	3135
PB1|PP755595.1|A/cattle/Texas/24-008749-003/2024(H5N1)	2265	2939
PB1|PP755595.1|A/cattle/Texas/24-008749-003/2024(H5N1)	2266	2924
PB1|PP755595.1|A/cattle/Texas/24-008749-003/2024(H5N1)	2267	2918
PB1|PP755595.1|A/cattle/Texas/24-008749-003/2024(H5N1)	2268	2915
PB1|PP755595.1|A/cattle/Texas/24-008749-003/2024(H5N1)	2269	2905
PB1|PP755595.1|A/cattle/Texas/24-008749-003/2024(H5N1)	2270	2893
PB1|PP755595.1|A/cattle/Texas/24-008749-003/2024(H5N1)	2271	2888
PB1|PP755595.1|A/cattle/Texas/24-008749-003/2024(H5N1)	2272	2860
PB1|PP755595.1|A/cattle/Texas/24-008749-003/2024(H5N1)	2273	2846
PB1|PP755595.1|A/cattle/Texas/24-008749-003/2024(H5N1)	2274	2842
