NS|PP755593.1|A/cattle/Texas/24-008749-003/2024(H5N1)	1	14197
NS|PP755593.1|A/cattle/Texas/24-008749-003/2024(H5N1)	2	14254
NS|PP755593.1|A/cattle/Texas/24-008749-003/2024(H5N1)	3	14578
NS|PP755593.1|A/cattle/Texas/24-008749-003/2024(H5N1)	4	15021
NS|PP755593.1|A/cattle/Texas/24-008749-003/2024(H5N1)	5	15694
NS|PP755593.1|A/cattle/Texas/24-008749-003/2024(H5N1)	6	23911
NS|PP755593.1|A/cattle/Texas/24-008749-003/2024(H5N1)	7	23926
NS|PP755593.1|A/cattle/Texas/24-008749-003/2024(H5N1)	8	24273
NS|PP755593.1|A/cattle/Texas/24-008749-003/2024(H5N1)	9	24570
NS|PP755593.1|A/cattle/Texas/24-008749-003/2024(H5N1)	10	24586
NS|PP755593.1|A/cattle/Texas/24-008749-003/2024(H5N1)	11	24943
NS|PP755593.1|A/cattle/Texas/24-008749-003/2024(H5N1)	12	24982
NS|PP755593.1|A/cattle/Texas/24-008749-003/2024(H5N1)	13	25003
NS|PP755593.1|A/cattle/Texas/24-008749-003/2024(H5N1)	14	25069
NS|PP755593.1|A/cattle/Texas/24-008749-003/2024(H5N1)	15	25076
NS|PP755593.1|A/cattle/Texas/24-008749-003/2024(H5N1)	16	27777
NS|PP755593.1|A/cattle/Texas/24-008749-003/2024(H5N1)	17	27855
NS|PP755593.1|A/cattle/Texas/24-008749-003/2024(H5N1)	18	28005
NS|PP755593.1|A/cattle/Texas/24-008749-003/2024(H5N1)	19	28036
NS|PP755593.1|A/cattle/Texas/24-008749-003/2024(H5N1)	20	28045
NS|PP755593.1|A/cattle/Texas/24-008749-003/2024(H5N1)	21	28085
NS|PP755593.1|A/cattle/Texas/24-008749-003/2024(H5N1)	22	28097
NS|PP755593.1|A/cattle/Texas/24-008749-003/2024(H5N1)	23	28476
NS|PP755593.1|A/cattle/Texas/24-008749-003/2024(H5N1)	24	28980
NS|PP755593.1|A/cattle/Texas/24-008749-003/2024(H5N1)	25	29007
NS|PP755593.1|A/cattle/Texas/24-008749-003/2024(H5N1)	26	29259
NS|PP755593.1|A/cattle/Texas/24-008749-003/2024(H5N1)	27	29264
NS|PP755593.1|A/cattle/Texas/24-008749-003/2024(H5N1)	28	30094
NS|PP755593.1|A/cattle/Texas/24-008749-003/2024(H5N1)	29	30096
NS|PP755593.1|A/cattle/Texas/24-008749-003/2024(H5N1)	30	30231
NS|PP755593.1|A/cattle/Texas/24-008749-003/2024(H5N1)	31	30315
NS|PP755593.1|A/cattle/Texas/24-008749-003/2024(H5N1)	32	30371
NS|PP755593.1|A/cattle/Texas/24-008749-003/2024(H5N1)	33	30456
NS|PP755593.1|A/cattle/Texas/24-008749-003/2024(H5N1)	34	30539
NS|PP755593.1|A/cattle/Texas/24-008749-003/2024(H5N1)	35	30689
NS|PP755593.1|A/cattle/Texas/24-008749-003/2024(H5N1)	36	30840
NS|PP755593.1|A/cattle/Texas/24-008749-003/2024(H5N1)	37	30889
NS|PP755593.1|A/cattle/Texas/24-008749-003/2024(H5N1)	38	31396
NS|PP755593.1|A/cattle/Texas/24-008749-003/2024(H5N1)	39	31531
NS|PP755593.1|A/cattle/Texas/24-008749-003/2024(H5N1)	40	31544
NS|PP755593.1|A/cattle/Texas/24-008749-003/2024(H5N1)	41	31821
NS|PP755593.1|A/cattle/Texas/24-008749-003/2024(H5N1)	42	32051
NS|PP755593.1|A/cattle/Texas/24-008749-003/2024(H5N1)	43	32255
NS|PP755593.1|A/cattle/Texas/24-008749-003/2024(H5N1)	44	32649
NS|PP755593.1|A/cattle/Texas/24-008749-003/2024(H5N1)	45	32655
NS|PP755593.1|A/cattle/Texas/24-008749-003/2024(H5N1)	46	32878
NS|PP755593.1|A/cattle/Texas/24-008749-003/2024(H5N1)	47	32939
NS|PP755593.1|A/cattle/Texas/24-008749-003/2024(H5N1)	48	32954
NS|PP755593.1|A/cattle/Texas/24-008749-003/2024(H5N1)	49	33036
NS|PP755593.1|A/cattle/Texas/24-008749-003/2024(H5N1)	50	33037
NS|PP755593.1|A/cattle/Texas/24-008749-003/2024(H5N1)	51	33251
NS|PP755593.1|A/cattle/Texas/24-008749-003/2024(H5N1)	52	33604
NS|PP755593.1|A/cattle/Texas/24-008749-003/2024(H5N1)	53	33666
NS|PP755593.1|A/cattle/Texas/24-008749-003/2024(H5N1)	54	33757
NS|PP755593.1|A/cattle/Texas/24-008749-003/2024(H5N1)	55	33792
NS|PP755593.1|A/cattle/Texas/24-008749-003/2024(H5N1)	56	33787
NS|PP755593.1|A/cattle/Texas/24-008749-003/2024(H5N1)	57	33799
NS|PP755593.1|A/cattle/Texas/24-008749-003/2024(H5N1)	58	33810
NS|PP755593.1|A/cattle/Texas/24-008749-003/2024(H5N1)	59	33962
NS|PP755593.1|A/cattle/Texas/24-008749-003/2024(H5N1)	60	33992
NS|PP755593.1|A/cattle/Texas/24-008749-003/2024(H5N1)	61	34190
NS|PP755593.1|A/cattle/Texas/24-008749-003/2024(H5N1)	62	34215
NS|PP755593.1|A/cattle/Texas/24-008749-003/2024(H5N1)	63	34247
NS|PP755593.1|A/cattle/Texas/24-008749-003/2024(H5N1)	64	34274
NS|PP755593.1|A/cattle/Texas/24-008749-003/2024(H5N1)	65	34355
NS|PP755593.1|A/cattle/Texas/24-008749-003/2024(H5N1)	66	34369
NS|PP755593.1|A/cattle/Texas/24-008749-003/2024(H5N1)	67	34372
NS|PP755593.1|A/cattle/Texas/24-008749-003/2024(H5N1)	68	34378
NS|PP755593.1|A/cattle/Texas/24-008749-003/2024(H5N1)	69	34358
NS|PP755593.1|A/cattle/Texas/24-008749-003/2024(H5N1)	70	34792
NS|PP755593.1|A/cattle/Texas/24-008749-003/2024(H5N1)	71	35968
NS|PP755593.1|A/cattle/Texas/24-008749-003/2024(H5N1)	72	36580
NS|PP755593.1|A/cattle/Texas/24-008749-003/2024(H5N1)	73	36644
NS|PP755593.1|A/cattle/Texas/24-008749-003/2024(H5N1)	74	36803
NS|PP755593.1|A/cattle/Texas/24-008749-003/2024(H5N1)	75	36931
NS|PP755593.1|A/cattle/Texas/24-008749-003/2024(H5N1)	76	38428
NS|PP755593.1|A/cattle/Texas/24-008749-003/2024(H5N1)	77	38594
NS|PP755593.1|A/cattle/Texas/24-008749-003/2024(H5N1)	78	38688
NS|PP755593.1|A/cattle/Texas/24-008749-003/2024(H5N1)	79	38744
NS|PP755593.1|A/cattle/Texas/24-008749-003/2024(H5N1)	80	38591
NS|PP755593.1|A/cattle/Texas/24-008749-003/2024(H5N1)	81	39142
NS|PP755593.1|A/cattle/Texas/24-008749-003/2024(H5N1)	82	39231
NS|PP755593.1|A/cattle/Texas/24-008749-003/2024(H5N1)	83	39702
NS|PP755593.1|A/cattle/Texas/24-008749-003/2024(H5N1)	84	39692
NS|PP755593.1|A/cattle/Texas/24-008749-003/2024(H5N1)	85	39549
NS|PP755593.1|A/cattle/Texas/24-008749-003/2024(H5N1)	86	39674
NS|PP755593.1|A/cattle/Texas/24-008749-003/2024(H5N1)	87	40040
NS|PP755593.1|A/cattle/Texas/24-008749-003/2024(H5N1)	88	40758
NS|PP755593.1|A/cattle/Texas/24-008749-003/2024(H5N1)	89	41367
NS|PP755593.1|A/cattle/Texas/24-008749-003/2024(H5N1)	90	41473
NS|PP755593.1|A/cattle/Texas/24-008749-003/2024(H5N1)	91	41505
NS|PP755593.1|A/cattle/Texas/24-008749-003/2024(H5N1)	92	41464
NS|PP755593.1|A/cattle/Texas/24-008749-003/2024(H5N1)	93	41496
NS|PP755593.1|A/cattle/Texas/24-008749-003/2024(H5N1)	94	42292
NS|PP755593.1|A/cattle/Texas/24-008749-003/2024(H5N1)	95	42656
NS|PP755593.1|A/cattle/Texas/24-008749-003/2024(H5N1)	96	42836
NS|PP755593.1|A/cattle/Texas/24-008749-003/2024(H5N1)	97	43190
NS|PP755593.1|A/cattle/Texas/24-008749-003/2024(H5N1)	98	43352
NS|PP755593.1|A/cattle/Texas/24-008749-003/2024(H5N1)	99	43373
NS|PP755593.1|A/cattle/Texas/24-008749-003/2024(H5N1)	100	43399
NS|PP755593.1|A/cattle/Texas/24-008749-003/2024(H5N1)	101	43413
NS|PP755593.1|A/cattle/Texas/24-008749-003/2024(H5N1)	102	43434
NS|PP755593.1|A/cattle/Texas/24-008749-003/2024(H5N1)	103	43347
NS|PP755593.1|A/cattle/Texas/24-008749-003/2024(H5N1)	104	43275
NS|PP755593.1|A/cattle/Texas/24-008749-003/2024(H5N1)	105	43910
NS|PP755593.1|A/cattle/Texas/24-008749-003/2024(H5N1)	106	43879
NS|PP755593.1|A/cattle/Texas/24-008749-003/2024(H5N1)	107	43992
NS|PP755593.1|A/cattle/Texas/24-008749-003/2024(H5N1)	108	43984
NS|PP755593.1|A/cattle/Texas/24-008749-003/2024(H5N1)	109	44092
NS|PP755593.1|A/cattle/Texas/24-008749-003/2024(H5N1)	110	44193
NS|PP755593.1|A/cattle/Texas/24-008749-003/2024(H5N1)	111	44197
NS|PP755593.1|A/cattle/Texas/24-008749-003/2024(H5N1)	112	44198
NS|PP755593.1|A/cattle/Texas/24-008749-003/2024(H5N1)	113	44216
NS|PP755593.1|A/cattle/Texas/24-008749-003/2024(H5N1)	114	44125
NS|PP755593.1|A/cattle/Texas/24-008749-003/2024(H5N1)	115	44079
NS|PP755593.1|A/cattle/Texas/24-008749-003/2024(H5N1)	116	43421
NS|PP755593.1|A/cattle/Texas/24-008749-003/2024(H5N1)	117	42904
NS|PP755593.1|A/cattle/Texas/24-008749-003/2024(H5N1)	118	42963
NS|PP755593.1|A/cattle/Texas/24-008749-003/2024(H5N1)	119	42952
NS|PP755593.1|A/cattle/Texas/24-008749-003/2024(H5N1)	120	42951
NS|PP755593.1|A/cattle/Texas/24-008749-003/2024(H5N1)	121	42942
NS|PP755593.1|A/cattle/Texas/24-008749-003/2024(H5N1)	122	42909
NS|PP755593.1|A/cattle/Texas/24-008749-003/2024(H5N1)	123	41925
NS|PP755593.1|A/cattle/Texas/24-008749-003/2024(H5N1)	124	43412
NS|PP755593.1|A/cattle/Texas/24-008749-003/2024(H5N1)	125	36555
NS|PP755593.1|A/cattle/Texas/24-008749-003/2024(H5N1)	126	34470
NS|PP755593.1|A/cattle/Texas/24-008749-003/2024(H5N1)	127	34567
NS|PP755593.1|A/cattle/Texas/24-008749-003/2024(H5N1)	128	34622
NS|PP755593.1|A/cattle/Texas/24-008749-003/2024(H5N1)	129	34758
NS|PP755593.1|A/cattle/Texas/24-008749-003/2024(H5N1)	130	37325
NS|PP755593.1|A/cattle/Texas/24-008749-003/2024(H5N1)	131	38107
NS|PP755593.1|A/cattle/Texas/24-008749-003/2024(H5N1)	132	38155
NS|PP755593.1|A/cattle/Texas/24-008749-003/2024(H5N1)	133	38717
NS|PP755593.1|A/cattle/Texas/24-008749-003/2024(H5N1)	134	39072
NS|PP755593.1|A/cattle/Texas/24-008749-003/2024(H5N1)	135	39135
NS|PP755593.1|A/cattle/Texas/24-008749-003/2024(H5N1)	136	38854
NS|PP755593.1|A/cattle/Texas/24-008749-003/2024(H5N1)	137	38872
NS|PP755593.1|A/cattle/Texas/24-008749-003/2024(H5N1)	138	39625
NS|PP755593.1|A/cattle/Texas/24-008749-003/2024(H5N1)	139	39790
NS|PP755593.1|A/cattle/Texas/24-008749-003/2024(H5N1)	140	41129
NS|PP755593.1|A/cattle/Texas/24-008749-003/2024(H5N1)	141	41045
NS|PP755593.1|A/cattle/Texas/24-008749-003/2024(H5N1)	142	40934
NS|PP755593.1|A/cattle/Texas/24-008749-003/2024(H5N1)	143	41062
NS|PP755593.1|A/cattle/Texas/24-008749-003/2024(H5N1)	144	41826
NS|PP755593.1|A/cattle/Texas/24-008749-003/2024(H5N1)	145	41832
NS|PP755593.1|A/cattle/Texas/24-008749-003/2024(H5N1)	146	43417
NS|PP755593.1|A/cattle/Texas/24-008749-003/2024(H5N1)	147	43200
NS|PP755593.1|A/cattle/Texas/24-008749-003/2024(H5N1)	148	43205
NS|PP755593.1|A/cattle/Texas/24-008749-003/2024(H5N1)	149	43704
NS|PP755593.1|A/cattle/Texas/24-008749-003/2024(H5N1)	150	43728
NS|PP755593.1|A/cattle/Texas/24-008749-003/2024(H5N1)	151	45149
NS|PP755593.1|A/cattle/Texas/24-008749-003/2024(H5N1)	152	45664
NS|PP755593.1|A/cattle/Texas/24-008749-003/2024(H5N1)	153	46287
NS|PP755593.1|A/cattle/Texas/24-008749-003/2024(H5N1)	154	38050
NS|PP755593.1|A/cattle/Texas/24-008749-003/2024(H5N1)	155	37274
NS|PP755593.1|A/cattle/Texas/24-008749-003/2024(H5N1)	156	37443
NS|PP755593.1|A/cattle/Texas/24-008749-003/2024(H5N1)	157	37429
NS|PP755593.1|A/cattle/Texas/24-008749-003/2024(H5N1)	158	38296
NS|PP755593.1|A/cattle/Texas/24-008749-003/2024(H5N1)	159	38394
NS|PP755593.1|A/cattle/Texas/24-008749-003/2024(H5N1)	160	37957
NS|PP755593.1|A/cattle/Texas/24-008749-003/2024(H5N1)	161	38044
NS|PP755593.1|A/cattle/Texas/24-008749-003/2024(H5N1)	162	37709
NS|PP755593.1|A/cattle/Texas/24-008749-003/2024(H5N1)	163	37726
NS|PP755593.1|A/cattle/Texas/24-008749-003/2024(H5N1)	164	37688
NS|PP755593.1|A/cattle/Texas/24-008749-003/2024(H5N1)	165	37144
NS|PP755593.1|A/cattle/Texas/24-008749-003/2024(H5N1)	166	37235
NS|PP755593.1|A/cattle/Texas/24-008749-003/2024(H5N1)	167	35023
NS|PP755593.1|A/cattle/Texas/24-008749-003/2024(H5N1)	168	35042
NS|PP755593.1|A/cattle/Texas/24-008749-003/2024(H5N1)	169	35089
NS|PP755593.1|A/cattle/Texas/24-008749-003/2024(H5N1)	170	35282
NS|PP755593.1|A/cattle/Texas/24-008749-003/2024(H5N1)	171	35557
NS|PP755593.1|A/cattle/Texas/24-008749-003/2024(H5N1)	172	35557
NS|PP755593.1|A/cattle/Texas/24-008749-003/2024(H5N1)	173	35359
NS|PP755593.1|A/cattle/Texas/24-008749-003/2024(H5N1)	174	34956
NS|PP755593.1|A/cattle/Texas/24-008749-003/2024(H5N1)	175	35367
NS|PP755593.1|A/cattle/Texas/24-008749-003/2024(H5N1)	176	35678
NS|PP755593.1|A/cattle/Texas/24-008749-003/2024(H5N1)	177	35669
NS|PP755593.1|A/cattle/Texas/24-008749-003/2024(H5N1)	178	35668
NS|PP755593.1|A/cattle/Texas/24-008749-003/2024(H5N1)	179	34948
NS|PP755593.1|A/cattle/Texas/24-008749-003/2024(H5N1)	180	34661
NS|PP755593.1|A/cattle/Texas/24-008749-003/2024(H5N1)	181	35314
NS|PP755593.1|A/cattle/Texas/24-008749-003/2024(H5N1)	182	35358
NS|PP755593.1|A/cattle/Texas/24-008749-003/2024(H5N1)	183	35580
NS|PP755593.1|A/cattle/Texas/24-008749-003/2024(H5N1)	184	39363
NS|PP755593.1|A/cattle/Texas/24-008749-003/2024(H5N1)	185	39490
NS|PP755593.1|A/cattle/Texas/24-008749-003/2024(H5N1)	186	40336
NS|PP755593.1|A/cattle/Texas/24-008749-003/2024(H5N1)	187	40427
NS|PP755593.1|A/cattle/Texas/24-008749-003/2024(H5N1)	188	40883
NS|PP755593.1|A/cattle/Texas/24-008749-003/2024(H5N1)	189	40624
NS|PP755593.1|A/cattle/Texas/24-008749-003/2024(H5N1)	190	40735
NS|PP755593.1|A/cattle/Texas/24-008749-003/2024(H5N1)	191	40955
NS|PP755593.1|A/cattle/Texas/24-008749-003/2024(H5N1)	192	40684
NS|PP755593.1|A/cattle/Texas/24-008749-003/2024(H5N1)	193	41061
NS|PP755593.1|A/cattle/Texas/24-008749-003/2024(H5N1)	194	40979
NS|PP755593.1|A/cattle/Texas/24-008749-003/2024(H5N1)	195	40554
NS|PP755593.1|A/cattle/Texas/24-008749-003/2024(H5N1)	196	40751
NS|PP755593.1|A/cattle/Texas/24-008749-003/2024(H5N1)	197	40677
NS|PP755593.1|A/cattle/Texas/24-008749-003/2024(H5N1)	198	40618
NS|PP755593.1|A/cattle/Texas/24-008749-003/2024(H5N1)	199	40660
NS|PP755593.1|A/cattle/Texas/24-008749-003/2024(H5N1)	200	40665
NS|PP755593.1|A/cattle/Texas/24-008749-003/2024(H5N1)	201	41010
NS|PP755593.1|A/cattle/Texas/24-008749-003/2024(H5N1)	202	40859
NS|PP755593.1|A/cattle/Texas/24-008749-003/2024(H5N1)	203	40668
NS|PP755593.1|A/cattle/Texas/24-008749-003/2024(H5N1)	204	40627
NS|PP755593.1|A/cattle/Texas/24-008749-003/2024(H5N1)	205	40675
NS|PP755593.1|A/cattle/Texas/24-008749-003/2024(H5N1)	206	40983
NS|PP755593.1|A/cattle/Texas/24-008749-003/2024(H5N1)	207	40996
NS|PP755593.1|A/cattle/Texas/24-008749-003/2024(H5N1)	208	41007
NS|PP755593.1|A/cattle/Texas/24-008749-003/2024(H5N1)	209	40997
NS|PP755593.1|A/cattle/Texas/24-008749-003/2024(H5N1)	210	40778
NS|PP755593.1|A/cattle/Texas/24-008749-003/2024(H5N1)	211	40924
NS|PP755593.1|A/cattle/Texas/24-008749-003/2024(H5N1)	212	43125
NS|PP755593.1|A/cattle/Texas/24-008749-003/2024(H5N1)	213	43122
NS|PP755593.1|A/cattle/Texas/24-008749-003/2024(H5N1)	214	43525
NS|PP755593.1|A/cattle/Texas/24-008749-003/2024(H5N1)	215	43812
NS|PP755593.1|A/cattle/Texas/24-008749-003/2024(H5N1)	216	44085
NS|PP755593.1|A/cattle/Texas/24-008749-003/2024(H5N1)	217	44089
NS|PP755593.1|A/cattle/Texas/24-008749-003/2024(H5N1)	218	43927
NS|PP755593.1|A/cattle/Texas/24-008749-003/2024(H5N1)	219	43784
NS|PP755593.1|A/cattle/Texas/24-008749-003/2024(H5N1)	220	43782
NS|PP755593.1|A/cattle/Texas/24-008749-003/2024(H5N1)	221	45321
NS|PP755593.1|A/cattle/Texas/24-008749-003/2024(H5N1)	222	44399
NS|PP755593.1|A/cattle/Texas/24-008749-003/2024(H5N1)	223	43783
NS|PP755593.1|A/cattle/Texas/24-008749-003/2024(H5N1)	224	43811
NS|PP755593.1|A/cattle/Texas/24-008749-003/2024(H5N1)	225	43816
NS|PP755593.1|A/cattle/Texas/24-008749-003/2024(H5N1)	226	43881
NS|PP755593.1|A/cattle/Texas/24-008749-003/2024(H5N1)	227	42453
NS|PP755593.1|A/cattle/Texas/24-008749-003/2024(H5N1)	228	42441
NS|PP755593.1|A/cattle/Texas/24-008749-003/2024(H5N1)	229	42958
NS|PP755593.1|A/cattle/Texas/24-008749-003/2024(H5N1)	230	42987
NS|PP755593.1|A/cattle/Texas/24-008749-003/2024(H5N1)	231	43392
NS|PP755593.1|A/cattle/Texas/24-008749-003/2024(H5N1)	232	43009
NS|PP755593.1|A/cattle/Texas/24-008749-003/2024(H5N1)	233	42961
NS|PP755593.1|A/cattle/Texas/24-008749-003/2024(H5N1)	234	42609
NS|PP755593.1|A/cattle/Texas/24-008749-003/2024(H5N1)	235	42619
NS|PP755593.1|A/cattle/Texas/24-008749-003/2024(H5N1)	236	42716
NS|PP755593.1|A/cattle/Texas/24-008749-003/2024(H5N1)	237	42717
NS|PP755593.1|A/cattle/Texas/24-008749-003/2024(H5N1)	238	42616
NS|PP755593.1|A/cattle/Texas/24-008749-003/2024(H5N1)	239	42278
NS|PP755593.1|A/cattle/Texas/24-008749-003/2024(H5N1)	240	42295
NS|PP755593.1|A/cattle/Texas/24-008749-003/2024(H5N1)	241	42314
NS|PP755593.1|A/cattle/Texas/24-008749-003/2024(H5N1)	242	42308
NS|PP755593.1|A/cattle/Texas/24-008749-003/2024(H5N1)	243	42274
NS|PP755593.1|A/cattle/Texas/24-008749-003/2024(H5N1)	244	42279
NS|PP755593.1|A/cattle/Texas/24-008749-003/2024(H5N1)	245	41225
NS|PP755593.1|A/cattle/Texas/24-008749-003/2024(H5N1)	246	41136
NS|PP755593.1|A/cattle/Texas/24-008749-003/2024(H5N1)	247	40038
NS|PP755593.1|A/cattle/Texas/24-008749-003/2024(H5N1)	248	39595
NS|PP755593.1|A/cattle/Texas/24-008749-003/2024(H5N1)	249	39595
NS|PP755593.1|A/cattle/Texas/24-008749-003/2024(H5N1)	250	39804
NS|PP755593.1|A/cattle/Texas/24-008749-003/2024(H5N1)	251	39991
NS|PP755593.1|A/cattle/Texas/24-008749-003/2024(H5N1)	252	39993
NS|PP755593.1|A/cattle/Texas/24-008749-003/2024(H5N1)	253	40289
NS|PP755593.1|A/cattle/Texas/24-008749-003/2024(H5N1)	254	40220
NS|PP755593.1|A/cattle/Texas/24-008749-003/2024(H5N1)	255	40055
NS|PP755593.1|A/cattle/Texas/24-008749-003/2024(H5N1)	256	40753
NS|PP755593.1|A/cattle/Texas/24-008749-003/2024(H5N1)	257	41126
NS|PP755593.1|A/cattle/Texas/24-008749-003/2024(H5N1)	258	40945
NS|PP755593.1|A/cattle/Texas/24-008749-003/2024(H5N1)	259	40845
NS|PP755593.1|A/cattle/Texas/24-008749-003/2024(H5N1)	260	41698
NS|PP755593.1|A/cattle/Texas/24-008749-003/2024(H5N1)	261	41815
NS|PP755593.1|A/cattle/Texas/24-008749-003/2024(H5N1)	262	41983
NS|PP755593.1|A/cattle/Texas/24-008749-003/2024(H5N1)	263	41994
NS|PP755593.1|A/cattle/Texas/24-008749-003/2024(H5N1)	264	42166
NS|PP755593.1|A/cattle/Texas/24-008749-003/2024(H5N1)	265	41587
NS|PP755593.1|A/cattle/Texas/24-008749-003/2024(H5N1)	266	43654
NS|PP755593.1|A/cattle/Texas/24-008749-003/2024(H5N1)	267	43844
NS|PP755593.1|A/cattle/Texas/24-008749-003/2024(H5N1)	268	43781
NS|PP755593.1|A/cattle/Texas/24-008749-003/2024(H5N1)	269	43806
NS|PP755593.1|A/cattle/Texas/24-008749-003/2024(H5N1)	270	43786
NS|PP755593.1|A/cattle/Texas/24-008749-003/2024(H5N1)	271	43735
NS|PP755593.1|A/cattle/Texas/24-008749-003/2024(H5N1)	272	43536
NS|PP755593.1|A/cattle/Texas/24-008749-003/2024(H5N1)	273	42991
NS|PP755593.1|A/cattle/Texas/24-008749-003/2024(H5N1)	274	43217
NS|PP755593.1|A/cattle/Texas/24-008749-003/2024(H5N1)	275	41491
NS|PP755593.1|A/cattle/Texas/24-008749-003/2024(H5N1)	276	41473
NS|PP755593.1|A/cattle/Texas/24-008749-003/2024(H5N1)	277	41478
NS|PP755593.1|A/cattle/Texas/24-008749-003/2024(H5N1)	278	42181
NS|PP755593.1|A/cattle/Texas/24-008749-003/2024(H5N1)	279	42108
NS|PP755593.1|A/cattle/Texas/24-008749-003/2024(H5N1)	280	42324
NS|PP755593.1|A/cattle/Texas/24-008749-003/2024(H5N1)	281	43750
NS|PP755593.1|A/cattle/Texas/24-008749-003/2024(H5N1)	282	43732
NS|PP755593.1|A/cattle/Texas/24-008749-003/2024(H5N1)	283	44013
NS|PP755593.1|A/cattle/Texas/24-008749-003/2024(H5N1)	284	43936
NS|PP755593.1|A/cattle/Texas/24-008749-003/2024(H5N1)	285	43858
NS|PP755593.1|A/cattle/Texas/24-008749-003/2024(H5N1)	286	43871
NS|PP755593.1|A/cattle/Texas/24-008749-003/2024(H5N1)	287	46323
NS|PP755593.1|A/cattle/Texas/24-008749-003/2024(H5N1)	288	46297
NS|PP755593.1|A/cattle/Texas/24-008749-003/2024(H5N1)	289	45860
NS|PP755593.1|A/cattle/Texas/24-008749-003/2024(H5N1)	290	43928
NS|PP755593.1|A/cattle/Texas/24-008749-003/2024(H5N1)	291	44621
NS|PP755593.1|A/cattle/Texas/24-008749-003/2024(H5N1)	292	44340
NS|PP755593.1|A/cattle/Texas/24-008749-003/2024(H5N1)	293	45141
NS|PP755593.1|A/cattle/Texas/24-008749-003/2024(H5N1)	294	45746
NS|PP755593.1|A/cattle/Texas/24-008749-003/2024(H5N1)	295	45743
NS|PP755593.1|A/cattle/Texas/24-008749-003/2024(H5N1)	296	44279
NS|PP755593.1|A/cattle/Texas/24-008749-003/2024(H5N1)	297	44161
NS|PP755593.1|A/cattle/Texas/24-008749-003/2024(H5N1)	298	44131
NS|PP755593.1|A/cattle/Texas/24-008749-003/2024(H5N1)	299	44129
NS|PP755593.1|A/cattle/Texas/24-008749-003/2024(H5N1)	300	44515
NS|PP755593.1|A/cattle/Texas/24-008749-003/2024(H5N1)	301	44712
NS|PP755593.1|A/cattle/Texas/24-008749-003/2024(H5N1)	302	43017
NS|PP755593.1|A/cattle/Texas/24-008749-003/2024(H5N1)	303	42968
NS|PP755593.1|A/cattle/Texas/24-008749-003/2024(H5N1)	304	42399
NS|PP755593.1|A/cattle/Texas/24-008749-003/2024(H5N1)	305	45195
NS|PP755593.1|A/cattle/Texas/24-008749-003/2024(H5N1)	306	46126
NS|PP755593.1|A/cattle/Texas/24-008749-003/2024(H5N1)	307	46055
NS|PP755593.1|A/cattle/Texas/24-008749-003/2024(H5N1)	308	46055
NS|PP755593.1|A/cattle/Texas/24-008749-003/2024(H5N1)	309	44805
NS|PP755593.1|A/cattle/Texas/24-008749-003/2024(H5N1)	310	44782
NS|PP755593.1|A/cattle/Texas/24-008749-003/2024(H5N1)	311	44964
NS|PP755593.1|A/cattle/Texas/24-008749-003/2024(H5N1)	312	44999
NS|PP755593.1|A/cattle/Texas/24-008749-003/2024(H5N1)	313	45386
NS|PP755593.1|A/cattle/Texas/24-008749-003/2024(H5N1)	314	42947
NS|PP755593.1|A/cattle/Texas/24-008749-003/2024(H5N1)	315	42103
NS|PP755593.1|A/cattle/Texas/24-008749-003/2024(H5N1)	316	41940
NS|PP755593.1|A/cattle/Texas/24-008749-003/2024(H5N1)	317	42279
NS|PP755593.1|A/cattle/Texas/24-008749-003/2024(H5N1)	318	42120
NS|PP755593.1|A/cattle/Texas/24-008749-003/2024(H5N1)	319	41946
NS|PP755593.1|A/cattle/Texas/24-008749-003/2024(H5N1)	320	41883
NS|PP755593.1|A/cattle/Texas/24-008749-003/2024(H5N1)	321	41701
NS|PP755593.1|A/cattle/Texas/24-008749-003/2024(H5N1)	322	41346
NS|PP755593.1|A/cattle/Texas/24-008749-003/2024(H5N1)	323	41303
NS|PP755593.1|A/cattle/Texas/24-008749-003/2024(H5N1)	324	40777
NS|PP755593.1|A/cattle/Texas/24-008749-003/2024(H5N1)	325	40752
NS|PP755593.1|A/cattle/Texas/24-008749-003/2024(H5N1)	326	40298
NS|PP755593.1|A/cattle/Texas/24-008749-003/2024(H5N1)	327	39987
NS|PP755593.1|A/cattle/Texas/24-008749-003/2024(H5N1)	328	41383
NS|PP755593.1|A/cattle/Texas/24-008749-003/2024(H5N1)	329	41383
NS|PP755593.1|A/cattle/Texas/24-008749-003/2024(H5N1)	330	41268
NS|PP755593.1|A/cattle/Texas/24-008749-003/2024(H5N1)	331	41258
NS|PP755593.1|A/cattle/Texas/24-008749-003/2024(H5N1)	332	40699
NS|PP755593.1|A/cattle/Texas/24-008749-003/2024(H5N1)	333	40637
NS|PP755593.1|A/cattle/Texas/24-008749-003/2024(H5N1)	334	40472
NS|PP755593.1|A/cattle/Texas/24-008749-003/2024(H5N1)	335	40266
NS|PP755593.1|A/cattle/Texas/24-008749-003/2024(H5N1)	336	40056
NS|PP755593.1|A/cattle/Texas/24-008749-003/2024(H5N1)	337	39128
NS|PP755593.1|A/cattle/Texas/24-008749-003/2024(H5N1)	338	39048
NS|PP755593.1|A/cattle/Texas/24-008749-003/2024(H5N1)	339	38510
NS|PP755593.1|A/cattle/Texas/24-008749-003/2024(H5N1)	340	38235
NS|PP755593.1|A/cattle/Texas/24-008749-003/2024(H5N1)	341	38081
NS|PP755593.1|A/cattle/Texas/24-008749-003/2024(H5N1)	342	37977
NS|PP755593.1|A/cattle/Texas/24-008749-003/2024(H5N1)	343	37462
NS|PP755593.1|A/cattle/Texas/24-008749-003/2024(H5N1)	344	37340
NS|PP755593.1|A/cattle/Texas/24-008749-003/2024(H5N1)	345	36281
NS|PP755593.1|A/cattle/Texas/24-008749-003/2024(H5N1)	346	36052
NS|PP755593.1|A/cattle/Texas/24-008749-003/2024(H5N1)	347	36054
NS|PP755593.1|A/cattle/Texas/24-008749-003/2024(H5N1)	348	36054
NS|PP755593.1|A/cattle/Texas/24-008749-003/2024(H5N1)	349	40001
NS|PP755593.1|A/cattle/Texas/24-008749-003/2024(H5N1)	350	40092
NS|PP755593.1|A/cattle/Texas/24-008749-003/2024(H5N1)	351	40131
NS|PP755593.1|A/cattle/Texas/24-008749-003/2024(H5N1)	352	40600
NS|PP755593.1|A/cattle/Texas/24-008749-003/2024(H5N1)	353	42467
NS|PP755593.1|A/cattle/Texas/24-008749-003/2024(H5N1)	354	43492
NS|PP755593.1|A/cattle/Texas/24-008749-003/2024(H5N1)	355	43956
NS|PP755593.1|A/cattle/Texas/24-008749-003/2024(H5N1)	356	43832
NS|PP755593.1|A/cattle/Texas/24-008749-003/2024(H5N1)	357	43768
NS|PP755593.1|A/cattle/Texas/24-008749-003/2024(H5N1)	358	43949
NS|PP755593.1|A/cattle/Texas/24-008749-003/2024(H5N1)	359	43938
NS|PP755593.1|A/cattle/Texas/24-008749-003/2024(H5N1)	360	44557
NS|PP755593.1|A/cattle/Texas/24-008749-003/2024(H5N1)	361	43845
NS|PP755593.1|A/cattle/Texas/24-008749-003/2024(H5N1)	362	42081
NS|PP755593.1|A/cattle/Texas/24-008749-003/2024(H5N1)	363	43230
NS|PP755593.1|A/cattle/Texas/24-008749-003/2024(H5N1)	364	43469
NS|PP755593.1|A/cattle/Texas/24-008749-003/2024(H5N1)	365	43050
NS|PP755593.1|A/cattle/Texas/24-008749-003/2024(H5N1)	366	42050
NS|PP755593.1|A/cattle/Texas/24-008749-003/2024(H5N1)	367	43129
NS|PP755593.1|A/cattle/Texas/24-008749-003/2024(H5N1)	368	43116
NS|PP755593.1|A/cattle/Texas/24-008749-003/2024(H5N1)	369	42984
NS|PP755593.1|A/cattle/Texas/24-008749-003/2024(H5N1)	370	45286
NS|PP755593.1|A/cattle/Texas/24-008749-003/2024(H5N1)	371	45322
NS|PP755593.1|A/cattle/Texas/24-008749-003/2024(H5N1)	372	44258
NS|PP755593.1|A/cattle/Texas/24-008749-003/2024(H5N1)	373	44461
NS|PP755593.1|A/cattle/Texas/24-008749-003/2024(H5N1)	374	44424
NS|PP755593.1|A/cattle/Texas/24-008749-003/2024(H5N1)	375	44462
NS|PP755593.1|A/cattle/Texas/24-008749-003/2024(H5N1)	376	44294
NS|PP755593.1|A/cattle/Texas/24-008749-003/2024(H5N1)	377	44336
NS|PP755593.1|A/cattle/Texas/24-008749-003/2024(H5N1)	378	44347
NS|PP755593.1|A/cattle/Texas/24-008749-003/2024(H5N1)	379	44481
NS|PP755593.1|A/cattle/Texas/24-008749-003/2024(H5N1)	380	44139
NS|PP755593.1|A/cattle/Texas/24-008749-003/2024(H5N1)	381	44028
NS|PP755593.1|A/cattle/Texas/24-008749-003/2024(H5N1)	382	43811
NS|PP755593.1|A/cattle/Texas/24-008749-003/2024(H5N1)	383	43786
NS|PP755593.1|A/cattle/Texas/24-008749-003/2024(H5N1)	384	43736
NS|PP755593.1|A/cattle/Texas/24-008749-003/2024(H5N1)	385	43869
NS|PP755593.1|A/cattle/Texas/24-008749-003/2024(H5N1)	386	43871
NS|PP755593.1|A/cattle/Texas/24-008749-003/2024(H5N1)	387	43874
NS|PP755593.1|A/cattle/Texas/24-008749-003/2024(H5N1)	388	44208
NS|PP755593.1|A/cattle/Texas/24-008749-003/2024(H5N1)	389	43894
NS|PP755593.1|A/cattle/Texas/24-008749-003/2024(H5N1)	390	43160
NS|PP755593.1|A/cattle/Texas/24-008749-003/2024(H5N1)	391	43208
NS|PP755593.1|A/cattle/Texas/24-008749-003/2024(H5N1)	392	43227
NS|PP755593.1|A/cattle/Texas/24-008749-003/2024(H5N1)	393	43177
NS|PP755593.1|A/cattle/Texas/24-008749-003/2024(H5N1)	394	43634
NS|PP755593.1|A/cattle/Texas/24-008749-003/2024(H5N1)	395	43607
NS|PP755593.1|A/cattle/Texas/24-008749-003/2024(H5N1)	396	43775
NS|PP755593.1|A/cattle/Texas/24-008749-003/2024(H5N1)	397	43623
NS|PP755593.1|A/cattle/Texas/24-008749-003/2024(H5N1)	398	44191
NS|PP755593.1|A/cattle/Texas/24-008749-003/2024(H5N1)	399	44122
NS|PP755593.1|A/cattle/Texas/24-008749-003/2024(H5N1)	400	44098
NS|PP755593.1|A/cattle/Texas/24-008749-003/2024(H5N1)	401	44556
NS|PP755593.1|A/cattle/Texas/24-008749-003/2024(H5N1)	402	44449
NS|PP755593.1|A/cattle/Texas/24-008749-003/2024(H5N1)	403	44030
NS|PP755593.1|A/cattle/Texas/24-008749-003/2024(H5N1)	404	44017
NS|PP755593.1|A/cattle/Texas/24-008749-003/2024(H5N1)	405	43987
NS|PP755593.1|A/cattle/Texas/24-008749-003/2024(H5N1)	406	43883
NS|PP755593.1|A/cattle/Texas/24-008749-003/2024(H5N1)	407	43067
NS|PP755593.1|A/cattle/Texas/24-008749-003/2024(H5N1)	408	42686
NS|PP755593.1|A/cattle/Texas/24-008749-003/2024(H5N1)	409	42503
NS|PP755593.1|A/cattle/Texas/24-008749-003/2024(H5N1)	410	42411
NS|PP755593.1|A/cattle/Texas/24-008749-003/2024(H5N1)	411	30272
NS|PP755593.1|A/cattle/Texas/24-008749-003/2024(H5N1)	412	30199
NS|PP755593.1|A/cattle/Texas/24-008749-003/2024(H5N1)	413	30048
NS|PP755593.1|A/cattle/Texas/24-008749-003/2024(H5N1)	414	30033
NS|PP755593.1|A/cattle/Texas/24-008749-003/2024(H5N1)	415	30033
NS|PP755593.1|A/cattle/Texas/24-008749-003/2024(H5N1)	416	30052
NS|PP755593.1|A/cattle/Texas/24-008749-003/2024(H5N1)	417	30071
NS|PP755593.1|A/cattle/Texas/24-008749-003/2024(H5N1)	418	32086
NS|PP755593.1|A/cattle/Texas/24-008749-003/2024(H5N1)	419	32130
NS|PP755593.1|A/cattle/Texas/24-008749-003/2024(H5N1)	420	33466
NS|PP755593.1|A/cattle/Texas/24-008749-003/2024(H5N1)	421	33740
NS|PP755593.1|A/cattle/Texas/24-008749-003/2024(H5N1)	422	35791
NS|PP755593.1|A/cattle/Texas/24-008749-003/2024(H5N1)	423	35922
NS|PP755593.1|A/cattle/Texas/24-008749-003/2024(H5N1)	424	35967
NS|PP755593.1|A/cattle/Texas/24-008749-003/2024(H5N1)	425	35967
NS|PP755593.1|A/cattle/Texas/24-008749-003/2024(H5N1)	426	35966
NS|PP755593.1|A/cattle/Texas/24-008749-003/2024(H5N1)	427	36269
NS|PP755593.1|A/cattle/Texas/24-008749-003/2024(H5N1)	428	38945
NS|PP755593.1|A/cattle/Texas/24-008749-003/2024(H5N1)	429	38950
NS|PP755593.1|A/cattle/Texas/24-008749-003/2024(H5N1)	430	39575
NS|PP755593.1|A/cattle/Texas/24-008749-003/2024(H5N1)	431	39593
NS|PP755593.1|A/cattle/Texas/24-008749-003/2024(H5N1)	432	41163
NS|PP755593.1|A/cattle/Texas/24-008749-003/2024(H5N1)	433	41666
NS|PP755593.1|A/cattle/Texas/24-008749-003/2024(H5N1)	434	41680
NS|PP755593.1|A/cattle/Texas/24-008749-003/2024(H5N1)	435	41809
NS|PP755593.1|A/cattle/Texas/24-008749-003/2024(H5N1)	436	41825
NS|PP755593.1|A/cattle/Texas/24-008749-003/2024(H5N1)	437	39140
NS|PP755593.1|A/cattle/Texas/24-008749-003/2024(H5N1)	438	39136
NS|PP755593.1|A/cattle/Texas/24-008749-003/2024(H5N1)	439	39059
NS|PP755593.1|A/cattle/Texas/24-008749-003/2024(H5N1)	440	39484
NS|PP755593.1|A/cattle/Texas/24-008749-003/2024(H5N1)	441	39498
NS|PP755593.1|A/cattle/Texas/24-008749-003/2024(H5N1)	442	41298
NS|PP755593.1|A/cattle/Texas/24-008749-003/2024(H5N1)	443	41387
NS|PP755593.1|A/cattle/Texas/24-008749-003/2024(H5N1)	444	41630
NS|PP755593.1|A/cattle/Texas/24-008749-003/2024(H5N1)	445	41673
NS|PP755593.1|A/cattle/Texas/24-008749-003/2024(H5N1)	446	41820
NS|PP755593.1|A/cattle/Texas/24-008749-003/2024(H5N1)	447	42324
NS|PP755593.1|A/cattle/Texas/24-008749-003/2024(H5N1)	448	42468
NS|PP755593.1|A/cattle/Texas/24-008749-003/2024(H5N1)	449	42562
NS|PP755593.1|A/cattle/Texas/24-008749-003/2024(H5N1)	450	42619
NS|PP755593.1|A/cattle/Texas/24-008749-003/2024(H5N1)	451	42621
NS|PP755593.1|A/cattle/Texas/24-008749-003/2024(H5N1)	452	42639
NS|PP755593.1|A/cattle/Texas/24-008749-003/2024(H5N1)	453	41533
NS|PP755593.1|A/cattle/Texas/24-008749-003/2024(H5N1)	454	42013
NS|PP755593.1|A/cattle/Texas/24-008749-003/2024(H5N1)	455	42272
NS|PP755593.1|A/cattle/Texas/24-008749-003/2024(H5N1)	456	40228
NS|PP755593.1|A/cattle/Texas/24-008749-003/2024(H5N1)	457	40245
NS|PP755593.1|A/cattle/Texas/24-008749-003/2024(H5N1)	458	40365
NS|PP755593.1|A/cattle/Texas/24-008749-003/2024(H5N1)	459	39449
NS|PP755593.1|A/cattle/Texas/24-008749-003/2024(H5N1)	460	39579
NS|PP755593.1|A/cattle/Texas/24-008749-003/2024(H5N1)	461	40115
NS|PP755593.1|A/cattle/Texas/24-008749-003/2024(H5N1)	462	40188
NS|PP755593.1|A/cattle/Texas/24-008749-003/2024(H5N1)	463	40204
NS|PP755593.1|A/cattle/Texas/24-008749-003/2024(H5N1)	464	40316
NS|PP755593.1|A/cattle/Texas/24-008749-003/2024(H5N1)	465	40271
NS|PP755593.1|A/cattle/Texas/24-008749-003/2024(H5N1)	466	40302
NS|PP755593.1|A/cattle/Texas/24-008749-003/2024(H5N1)	467	40566
NS|PP755593.1|A/cattle/Texas/24-008749-003/2024(H5N1)	468	40125
NS|PP755593.1|A/cattle/Texas/24-008749-003/2024(H5N1)	469	40136
NS|PP755593.1|A/cattle/Texas/24-008749-003/2024(H5N1)	470	39343
NS|PP755593.1|A/cattle/Texas/24-008749-003/2024(H5N1)	471	37636
NS|PP755593.1|A/cattle/Texas/24-008749-003/2024(H5N1)	472	37848
NS|PP755593.1|A/cattle/Texas/24-008749-003/2024(H5N1)	473	38440
NS|PP755593.1|A/cattle/Texas/24-008749-003/2024(H5N1)	474	38515
NS|PP755593.1|A/cattle/Texas/24-008749-003/2024(H5N1)	475	38703
NS|PP755593.1|A/cattle/Texas/24-008749-003/2024(H5N1)	476	39787
NS|PP755593.1|A/cattle/Texas/24-008749-003/2024(H5N1)	477	40215
NS|PP755593.1|A/cattle/Texas/24-008749-003/2024(H5N1)	478	40335
NS|PP755593.1|A/cattle/Texas/24-008749-003/2024(H5N1)	479	40354
NS|PP755593.1|A/cattle/Texas/24-008749-003/2024(H5N1)	480	40577
NS|PP755593.1|A/cattle/Texas/24-008749-003/2024(H5N1)	481	40838
NS|PP755593.1|A/cattle/Texas/24-008749-003/2024(H5N1)	482	42260
NS|PP755593.1|A/cattle/Texas/24-008749-003/2024(H5N1)	483	42375
NS|PP755593.1|A/cattle/Texas/24-008749-003/2024(H5N1)	484	43242
NS|PP755593.1|A/cattle/Texas/24-008749-003/2024(H5N1)	485	43472
NS|PP755593.1|A/cattle/Texas/24-008749-003/2024(H5N1)	486	43640
NS|PP755593.1|A/cattle/Texas/24-008749-003/2024(H5N1)	487	43840
NS|PP755593.1|A/cattle/Texas/24-008749-003/2024(H5N1)	488	43716
NS|PP755593.1|A/cattle/Texas/24-008749-003/2024(H5N1)	489	42235
NS|PP755593.1|A/cattle/Texas/24-008749-003/2024(H5N1)	490	42778
NS|PP755593.1|A/cattle/Texas/24-008749-003/2024(H5N1)	491	42888
NS|PP755593.1|A/cattle/Texas/24-008749-003/2024(H5N1)	492	45432
NS|PP755593.1|A/cattle/Texas/24-008749-003/2024(H5N1)	493	45613
NS|PP755593.1|A/cattle/Texas/24-008749-003/2024(H5N1)	494	45789
NS|PP755593.1|A/cattle/Texas/24-008749-003/2024(H5N1)	495	45722
NS|PP755593.1|A/cattle/Texas/24-008749-003/2024(H5N1)	496	46912
NS|PP755593.1|A/cattle/Texas/24-008749-003/2024(H5N1)	497	47281
NS|PP755593.1|A/cattle/Texas/24-008749-003/2024(H5N1)	498	47228
NS|PP755593.1|A/cattle/Texas/24-008749-003/2024(H5N1)	499	46943
NS|PP755593.1|A/cattle/Texas/24-008749-003/2024(H5N1)	500	46792
NS|PP755593.1|A/cattle/Texas/24-008749-003/2024(H5N1)	501	46748
NS|PP755593.1|A/cattle/Texas/24-008749-003/2024(H5N1)	502	47548
NS|PP755593.1|A/cattle/Texas/24-008749-003/2024(H5N1)	503	48493
NS|PP755593.1|A/cattle/Texas/24-008749-003/2024(H5N1)	504	46990
NS|PP755593.1|A/cattle/Texas/24-008749-003/2024(H5N1)	505	46067
NS|PP755593.1|A/cattle/Texas/24-008749-003/2024(H5N1)	506	46675
NS|PP755593.1|A/cattle/Texas/24-008749-003/2024(H5N1)	507	47056
NS|PP755593.1|A/cattle/Texas/24-008749-003/2024(H5N1)	508	46868
NS|PP755593.1|A/cattle/Texas/24-008749-003/2024(H5N1)	509	47926
NS|PP755593.1|A/cattle/Texas/24-008749-003/2024(H5N1)	510	47890
NS|PP755593.1|A/cattle/Texas/24-008749-003/2024(H5N1)	511	47041
NS|PP755593.1|A/cattle/Texas/24-008749-003/2024(H5N1)	512	47060
NS|PP755593.1|A/cattle/Texas/24-008749-003/2024(H5N1)	513	46520
NS|PP755593.1|A/cattle/Texas/24-008749-003/2024(H5N1)	514	45406
NS|PP755593.1|A/cattle/Texas/24-008749-003/2024(H5N1)	515	43916
NS|PP755593.1|A/cattle/Texas/24-008749-003/2024(H5N1)	516	43561
NS|PP755593.1|A/cattle/Texas/24-008749-003/2024(H5N1)	517	43530
NS|PP755593.1|A/cattle/Texas/24-008749-003/2024(H5N1)	518	42016
NS|PP755593.1|A/cattle/Texas/24-008749-003/2024(H5N1)	519	42085
NS|PP755593.1|A/cattle/Texas/24-008749-003/2024(H5N1)	520	42020
NS|PP755593.1|A/cattle/Texas/24-008749-003/2024(H5N1)	521	42021
NS|PP755593.1|A/cattle/Texas/24-008749-003/2024(H5N1)	522	41836
NS|PP755593.1|A/cattle/Texas/24-008749-003/2024(H5N1)	523	41821
NS|PP755593.1|A/cattle/Texas/24-008749-003/2024(H5N1)	524	41780
NS|PP755593.1|A/cattle/Texas/24-008749-003/2024(H5N1)	525	41766
NS|PP755593.1|A/cattle/Texas/24-008749-003/2024(H5N1)	526	41674
NS|PP755593.1|A/cattle/Texas/24-008749-003/2024(H5N1)	527	41864
NS|PP755593.1|A/cattle/Texas/24-008749-003/2024(H5N1)	528	41794
NS|PP755593.1|A/cattle/Texas/24-008749-003/2024(H5N1)	529	41698
NS|PP755593.1|A/cattle/Texas/24-008749-003/2024(H5N1)	530	42618
NS|PP755593.1|A/cattle/Texas/24-008749-003/2024(H5N1)	531	42635
NS|PP755593.1|A/cattle/Texas/24-008749-003/2024(H5N1)	532	43013
NS|PP755593.1|A/cattle/Texas/24-008749-003/2024(H5N1)	533	43009
NS|PP755593.1|A/cattle/Texas/24-008749-003/2024(H5N1)	534	43009
NS|PP755593.1|A/cattle/Texas/24-008749-003/2024(H5N1)	535	43074
NS|PP755593.1|A/cattle/Texas/24-008749-003/2024(H5N1)	536	42893
NS|PP755593.1|A/cattle/Texas/24-008749-003/2024(H5N1)	537	42918
NS|PP755593.1|A/cattle/Texas/24-008749-003/2024(H5N1)	538	42974
NS|PP755593.1|A/cattle/Texas/24-008749-003/2024(H5N1)	539	42934
NS|PP755593.1|A/cattle/Texas/24-008749-003/2024(H5N1)	540	43393
NS|PP755593.1|A/cattle/Texas/24-008749-003/2024(H5N1)	541	43196
NS|PP755593.1|A/cattle/Texas/24-008749-003/2024(H5N1)	542	43143
NS|PP755593.1|A/cattle/Texas/24-008749-003/2024(H5N1)	543	43550
NS|PP755593.1|A/cattle/Texas/24-008749-003/2024(H5N1)	544	43486
NS|PP755593.1|A/cattle/Texas/24-008749-003/2024(H5N1)	545	43391
NS|PP755593.1|A/cattle/Texas/24-008749-003/2024(H5N1)	546	43399
NS|PP755593.1|A/cattle/Texas/24-008749-003/2024(H5N1)	547	43028
NS|PP755593.1|A/cattle/Texas/24-008749-003/2024(H5N1)	548	43081
NS|PP755593.1|A/cattle/Texas/24-008749-003/2024(H5N1)	549	42415
NS|PP755593.1|A/cattle/Texas/24-008749-003/2024(H5N1)	550	42226
NS|PP755593.1|A/cattle/Texas/24-008749-003/2024(H5N1)	551	42618
NS|PP755593.1|A/cattle/Texas/24-008749-003/2024(H5N1)	552	41988
NS|PP755593.1|A/cattle/Texas/24-008749-003/2024(H5N1)	553	42699
NS|PP755593.1|A/cattle/Texas/24-008749-003/2024(H5N1)	554	42657
NS|PP755593.1|A/cattle/Texas/24-008749-003/2024(H5N1)	555	42659
NS|PP755593.1|A/cattle/Texas/24-008749-003/2024(H5N1)	556	42754
NS|PP755593.1|A/cattle/Texas/24-008749-003/2024(H5N1)	557	42839
NS|PP755593.1|A/cattle/Texas/24-008749-003/2024(H5N1)	558	42853
NS|PP755593.1|A/cattle/Texas/24-008749-003/2024(H5N1)	559	42682
NS|PP755593.1|A/cattle/Texas/24-008749-003/2024(H5N1)	560	41894
NS|PP755593.1|A/cattle/Texas/24-008749-003/2024(H5N1)	561	42144
NS|PP755593.1|A/cattle/Texas/24-008749-003/2024(H5N1)	562	41739
NS|PP755593.1|A/cattle/Texas/24-008749-003/2024(H5N1)	563	41914
NS|PP755593.1|A/cattle/Texas/24-008749-003/2024(H5N1)	564	43736
NS|PP755593.1|A/cattle/Texas/24-008749-003/2024(H5N1)	565	43779
NS|PP755593.1|A/cattle/Texas/24-008749-003/2024(H5N1)	566	43819
NS|PP755593.1|A/cattle/Texas/24-008749-003/2024(H5N1)	567	44512
NS|PP755593.1|A/cattle/Texas/24-008749-003/2024(H5N1)	568	44480
NS|PP755593.1|A/cattle/Texas/24-008749-003/2024(H5N1)	569	45009
NS|PP755593.1|A/cattle/Texas/24-008749-003/2024(H5N1)	570	43683
NS|PP755593.1|A/cattle/Texas/24-008749-003/2024(H5N1)	571	43443
NS|PP755593.1|A/cattle/Texas/24-008749-003/2024(H5N1)	572	43582
NS|PP755593.1|A/cattle/Texas/24-008749-003/2024(H5N1)	573	40918
NS|PP755593.1|A/cattle/Texas/24-008749-003/2024(H5N1)	574	42009
NS|PP755593.1|A/cattle/Texas/24-008749-003/2024(H5N1)	575	42053
NS|PP755593.1|A/cattle/Texas/24-008749-003/2024(H5N1)	576	41996
NS|PP755593.1|A/cattle/Texas/24-008749-003/2024(H5N1)	577	43592
NS|PP755593.1|A/cattle/Texas/24-008749-003/2024(H5N1)	578	43156
NS|PP755593.1|A/cattle/Texas/24-008749-003/2024(H5N1)	579	40793
NS|PP755593.1|A/cattle/Texas/24-008749-003/2024(H5N1)	580	40833
NS|PP755593.1|A/cattle/Texas/24-008749-003/2024(H5N1)	581	40568
NS|PP755593.1|A/cattle/Texas/24-008749-003/2024(H5N1)	582	40593
NS|PP755593.1|A/cattle/Texas/24-008749-003/2024(H5N1)	583	38715
NS|PP755593.1|A/cattle/Texas/24-008749-003/2024(H5N1)	584	38663
NS|PP755593.1|A/cattle/Texas/24-008749-003/2024(H5N1)	585	38658
NS|PP755593.1|A/cattle/Texas/24-008749-003/2024(H5N1)	586	38669
NS|PP755593.1|A/cattle/Texas/24-008749-003/2024(H5N1)	587	39608
NS|PP755593.1|A/cattle/Texas/24-008749-003/2024(H5N1)	588	39534
NS|PP755593.1|A/cattle/Texas/24-008749-003/2024(H5N1)	589	39464
NS|PP755593.1|A/cattle/Texas/24-008749-003/2024(H5N1)	590	39577
NS|PP755593.1|A/cattle/Texas/24-008749-003/2024(H5N1)	591	39280
NS|PP755593.1|A/cattle/Texas/24-008749-003/2024(H5N1)	592	39812
NS|PP755593.1|A/cattle/Texas/24-008749-003/2024(H5N1)	593	40480
NS|PP755593.1|A/cattle/Texas/24-008749-003/2024(H5N1)	594	40655
NS|PP755593.1|A/cattle/Texas/24-008749-003/2024(H5N1)	595	40555
NS|PP755593.1|A/cattle/Texas/24-008749-003/2024(H5N1)	596	40462
NS|PP755593.1|A/cattle/Texas/24-008749-003/2024(H5N1)	597	40483
NS|PP755593.1|A/cattle/Texas/24-008749-003/2024(H5N1)	598	39514
NS|PP755593.1|A/cattle/Texas/24-008749-003/2024(H5N1)	599	39436
NS|PP755593.1|A/cattle/Texas/24-008749-003/2024(H5N1)	600	39862
NS|PP755593.1|A/cattle/Texas/24-008749-003/2024(H5N1)	601	38859
NS|PP755593.1|A/cattle/Texas/24-008749-003/2024(H5N1)	602	38859
NS|PP755593.1|A/cattle/Texas/24-008749-003/2024(H5N1)	603	39281
NS|PP755593.1|A/cattle/Texas/24-008749-003/2024(H5N1)	604	39332
NS|PP755593.1|A/cattle/Texas/24-008749-003/2024(H5N1)	605	38840
NS|PP755593.1|A/cattle/Texas/24-008749-003/2024(H5N1)	606	38786
NS|PP755593.1|A/cattle/Texas/24-008749-003/2024(H5N1)	607	38817
NS|PP755593.1|A/cattle/Texas/24-008749-003/2024(H5N1)	608	38720
NS|PP755593.1|A/cattle/Texas/24-008749-003/2024(H5N1)	609	39804
NS|PP755593.1|A/cattle/Texas/24-008749-003/2024(H5N1)	610	39791
NS|PP755593.1|A/cattle/Texas/24-008749-003/2024(H5N1)	611	39783
NS|PP755593.1|A/cattle/Texas/24-008749-003/2024(H5N1)	612	39285
NS|PP755593.1|A/cattle/Texas/24-008749-003/2024(H5N1)	613	39198
NS|PP755593.1|A/cattle/Texas/24-008749-003/2024(H5N1)	614	39556
NS|PP755593.1|A/cattle/Texas/24-008749-003/2024(H5N1)	615	39555
NS|PP755593.1|A/cattle/Texas/24-008749-003/2024(H5N1)	616	39505
NS|PP755593.1|A/cattle/Texas/24-008749-003/2024(H5N1)	617	40223
NS|PP755593.1|A/cattle/Texas/24-008749-003/2024(H5N1)	618	40544
NS|PP755593.1|A/cattle/Texas/24-008749-003/2024(H5N1)	619	40642
NS|PP755593.1|A/cattle/Texas/24-008749-003/2024(H5N1)	620	40613
NS|PP755593.1|A/cattle/Texas/24-008749-003/2024(H5N1)	621	40526
NS|PP755593.1|A/cattle/Texas/24-008749-003/2024(H5N1)	622	40629
NS|PP755593.1|A/cattle/Texas/24-008749-003/2024(H5N1)	623	39875
NS|PP755593.1|A/cattle/Texas/24-008749-003/2024(H5N1)	624	40454
NS|PP755593.1|A/cattle/Texas/24-008749-003/2024(H5N1)	625	41001
NS|PP755593.1|A/cattle/Texas/24-008749-003/2024(H5N1)	626	39708
NS|PP755593.1|A/cattle/Texas/24-008749-003/2024(H5N1)	627	39811
NS|PP755593.1|A/cattle/Texas/24-008749-003/2024(H5N1)	628	39392
NS|PP755593.1|A/cattle/Texas/24-008749-003/2024(H5N1)	629	39590
NS|PP755593.1|A/cattle/Texas/24-008749-003/2024(H5N1)	630	39582
NS|PP755593.1|A/cattle/Texas/24-008749-003/2024(H5N1)	631	39313
NS|PP755593.1|A/cattle/Texas/24-008749-003/2024(H5N1)	632	39441
NS|PP755593.1|A/cattle/Texas/24-008749-003/2024(H5N1)	633	38097
NS|PP755593.1|A/cattle/Texas/24-008749-003/2024(H5N1)	634	38543
NS|PP755593.1|A/cattle/Texas/24-008749-003/2024(H5N1)	635	41407
NS|PP755593.1|A/cattle/Texas/24-008749-003/2024(H5N1)	636	41237
NS|PP755593.1|A/cattle/Texas/24-008749-003/2024(H5N1)	637	41440
NS|PP755593.1|A/cattle/Texas/24-008749-003/2024(H5N1)	638	41242
NS|PP755593.1|A/cattle/Texas/24-008749-003/2024(H5N1)	639	41269
NS|PP755593.1|A/cattle/Texas/24-008749-003/2024(H5N1)	640	41583
NS|PP755593.1|A/cattle/Texas/24-008749-003/2024(H5N1)	641	41160
NS|PP755593.1|A/cattle/Texas/24-008749-003/2024(H5N1)	642	41357
NS|PP755593.1|A/cattle/Texas/24-008749-003/2024(H5N1)	643	38685
NS|PP755593.1|A/cattle/Texas/24-008749-003/2024(H5N1)	644	39119
NS|PP755593.1|A/cattle/Texas/24-008749-003/2024(H5N1)	645	39134
NS|PP755593.1|A/cattle/Texas/24-008749-003/2024(H5N1)	646	37962
NS|PP755593.1|A/cattle/Texas/24-008749-003/2024(H5N1)	647	37750
NS|PP755593.1|A/cattle/Texas/24-008749-003/2024(H5N1)	648	38830
NS|PP755593.1|A/cattle/Texas/24-008749-003/2024(H5N1)	649	38841
NS|PP755593.1|A/cattle/Texas/24-008749-003/2024(H5N1)	650	38814
NS|PP755593.1|A/cattle/Texas/24-008749-003/2024(H5N1)	651	38738
NS|PP755593.1|A/cattle/Texas/24-008749-003/2024(H5N1)	652	38030
NS|PP755593.1|A/cattle/Texas/24-008749-003/2024(H5N1)	653	36364
NS|PP755593.1|A/cattle/Texas/24-008749-003/2024(H5N1)	654	36351
NS|PP755593.1|A/cattle/Texas/24-008749-003/2024(H5N1)	655	37608
NS|PP755593.1|A/cattle/Texas/24-008749-003/2024(H5N1)	656	37719
NS|PP755593.1|A/cattle/Texas/24-008749-003/2024(H5N1)	657	36623
NS|PP755593.1|A/cattle/Texas/24-008749-003/2024(H5N1)	658	37239
NS|PP755593.1|A/cattle/Texas/24-008749-003/2024(H5N1)	659	37195
NS|PP755593.1|A/cattle/Texas/24-008749-003/2024(H5N1)	660	36140
NS|PP755593.1|A/cattle/Texas/24-008749-003/2024(H5N1)	661	36184
NS|PP755593.1|A/cattle/Texas/24-008749-003/2024(H5N1)	662	36112
NS|PP755593.1|A/cattle/Texas/24-008749-003/2024(H5N1)	663	36226
NS|PP755593.1|A/cattle/Texas/24-008749-003/2024(H5N1)	664	36265
NS|PP755593.1|A/cattle/Texas/24-008749-003/2024(H5N1)	665	36308
NS|PP755593.1|A/cattle/Texas/24-008749-003/2024(H5N1)	666	36357
NS|PP755593.1|A/cattle/Texas/24-008749-003/2024(H5N1)	667	38009
NS|PP755593.1|A/cattle/Texas/24-008749-003/2024(H5N1)	668	37989
NS|PP755593.1|A/cattle/Texas/24-008749-003/2024(H5N1)	669	38139
NS|PP755593.1|A/cattle/Texas/24-008749-003/2024(H5N1)	670	38057
NS|PP755593.1|A/cattle/Texas/24-008749-003/2024(H5N1)	671	38353
NS|PP755593.1|A/cattle/Texas/24-008749-003/2024(H5N1)	672	38635
NS|PP755593.1|A/cattle/Texas/24-008749-003/2024(H5N1)	673	38698
NS|PP755593.1|A/cattle/Texas/24-008749-003/2024(H5N1)	674	38877
NS|PP755593.1|A/cattle/Texas/24-008749-003/2024(H5N1)	675	38729
NS|PP755593.1|A/cattle/Texas/24-008749-003/2024(H5N1)	676	38743
NS|PP755593.1|A/cattle/Texas/24-008749-003/2024(H5N1)	677	38774
NS|PP755593.1|A/cattle/Texas/24-008749-003/2024(H5N1)	678	38607
NS|PP755593.1|A/cattle/Texas/24-008749-003/2024(H5N1)	679	38600
NS|PP755593.1|A/cattle/Texas/24-008749-003/2024(H5N1)	680	37900
NS|PP755593.1|A/cattle/Texas/24-008749-003/2024(H5N1)	681	37655
NS|PP755593.1|A/cattle/Texas/24-008749-003/2024(H5N1)	682	38086
NS|PP755593.1|A/cattle/Texas/24-008749-003/2024(H5N1)	683	37575
NS|PP755593.1|A/cattle/Texas/24-008749-003/2024(H5N1)	684	37531
NS|PP755593.1|A/cattle/Texas/24-008749-003/2024(H5N1)	685	37537
NS|PP755593.1|A/cattle/Texas/24-008749-003/2024(H5N1)	686	37606
NS|PP755593.1|A/cattle/Texas/24-008749-003/2024(H5N1)	687	37605
NS|PP755593.1|A/cattle/Texas/24-008749-003/2024(H5N1)	688	37592
NS|PP755593.1|A/cattle/Texas/24-008749-003/2024(H5N1)	689	37033
NS|PP755593.1|A/cattle/Texas/24-008749-003/2024(H5N1)	690	37102
NS|PP755593.1|A/cattle/Texas/24-008749-003/2024(H5N1)	691	36934
NS|PP755593.1|A/cattle/Texas/24-008749-003/2024(H5N1)	692	36912
NS|PP755593.1|A/cattle/Texas/24-008749-003/2024(H5N1)	693	36921
NS|PP755593.1|A/cattle/Texas/24-008749-003/2024(H5N1)	694	36535
NS|PP755593.1|A/cattle/Texas/24-008749-003/2024(H5N1)	695	36638
NS|PP755593.1|A/cattle/Texas/24-008749-003/2024(H5N1)	696	36448
NS|PP755593.1|A/cattle/Texas/24-008749-003/2024(H5N1)	697	36372
NS|PP755593.1|A/cattle/Texas/24-008749-003/2024(H5N1)	698	36392
NS|PP755593.1|A/cattle/Texas/24-008749-003/2024(H5N1)	699	36705
NS|PP755593.1|A/cattle/Texas/24-008749-003/2024(H5N1)	700	36698
NS|PP755593.1|A/cattle/Texas/24-008749-003/2024(H5N1)	701	36590
NS|PP755593.1|A/cattle/Texas/24-008749-003/2024(H5N1)	702	36184
NS|PP755593.1|A/cattle/Texas/24-008749-003/2024(H5N1)	703	36564
NS|PP755593.1|A/cattle/Texas/24-008749-003/2024(H5N1)	704	35931
NS|PP755593.1|A/cattle/Texas/24-008749-003/2024(H5N1)	705	35784
NS|PP755593.1|A/cattle/Texas/24-008749-003/2024(H5N1)	706	35791
NS|PP755593.1|A/cattle/Texas/24-008749-003/2024(H5N1)	707	35803
NS|PP755593.1|A/cattle/Texas/24-008749-003/2024(H5N1)	708	35639
NS|PP755593.1|A/cattle/Texas/24-008749-003/2024(H5N1)	709	35774
NS|PP755593.1|A/cattle/Texas/24-008749-003/2024(H5N1)	710	37669
NS|PP755593.1|A/cattle/Texas/24-008749-003/2024(H5N1)	711	37757
NS|PP755593.1|A/cattle/Texas/24-008749-003/2024(H5N1)	712	37594
NS|PP755593.1|A/cattle/Texas/24-008749-003/2024(H5N1)	713	37652
NS|PP755593.1|A/cattle/Texas/24-008749-003/2024(H5N1)	714	44387
NS|PP755593.1|A/cattle/Texas/24-008749-003/2024(H5N1)	715	42602
NS|PP755593.1|A/cattle/Texas/24-008749-003/2024(H5N1)	716	42443
NS|PP755593.1|A/cattle/Texas/24-008749-003/2024(H5N1)	717	43117
NS|PP755593.1|A/cattle/Texas/24-008749-003/2024(H5N1)	718	42319
NS|PP755593.1|A/cattle/Texas/24-008749-003/2024(H5N1)	719	42657
NS|PP755593.1|A/cattle/Texas/24-008749-003/2024(H5N1)	720	42505
NS|PP755593.1|A/cattle/Texas/24-008749-003/2024(H5N1)	721	42474
NS|PP755593.1|A/cattle/Texas/24-008749-003/2024(H5N1)	722	42113
NS|PP755593.1|A/cattle/Texas/24-008749-003/2024(H5N1)	723	41986
NS|PP755593.1|A/cattle/Texas/24-008749-003/2024(H5N1)	724	41831
NS|PP755593.1|A/cattle/Texas/24-008749-003/2024(H5N1)	725	40733
NS|PP755593.1|A/cattle/Texas/24-008749-003/2024(H5N1)	726	40725
NS|PP755593.1|A/cattle/Texas/24-008749-003/2024(H5N1)	727	40721
NS|PP755593.1|A/cattle/Texas/24-008749-003/2024(H5N1)	728	38819
NS|PP755593.1|A/cattle/Texas/24-008749-003/2024(H5N1)	729	38818
NS|PP755593.1|A/cattle/Texas/24-008749-003/2024(H5N1)	730	38730
NS|PP755593.1|A/cattle/Texas/24-008749-003/2024(H5N1)	731	36655
NS|PP755593.1|A/cattle/Texas/24-008749-003/2024(H5N1)	732	36599
NS|PP755593.1|A/cattle/Texas/24-008749-003/2024(H5N1)	733	36254
NS|PP755593.1|A/cattle/Texas/24-008749-003/2024(H5N1)	734	36271
NS|PP755593.1|A/cattle/Texas/24-008749-003/2024(H5N1)	735	36369
NS|PP755593.1|A/cattle/Texas/24-008749-003/2024(H5N1)	736	36371
NS|PP755593.1|A/cattle/Texas/24-008749-003/2024(H5N1)	737	36229
NS|PP755593.1|A/cattle/Texas/24-008749-003/2024(H5N1)	738	35352
NS|PP755593.1|A/cattle/Texas/24-008749-003/2024(H5N1)	739	35341
NS|PP755593.1|A/cattle/Texas/24-008749-003/2024(H5N1)	740	35418
NS|PP755593.1|A/cattle/Texas/24-008749-003/2024(H5N1)	741	35424
NS|PP755593.1|A/cattle/Texas/24-008749-003/2024(H5N1)	742	35201
NS|PP755593.1|A/cattle/Texas/24-008749-003/2024(H5N1)	743	34717
NS|PP755593.1|A/cattle/Texas/24-008749-003/2024(H5N1)	744	33916
NS|PP755593.1|A/cattle/Texas/24-008749-003/2024(H5N1)	745	33783
NS|PP755593.1|A/cattle/Texas/24-008749-003/2024(H5N1)	746	33783
NS|PP755593.1|A/cattle/Texas/24-008749-003/2024(H5N1)	747	33631
NS|PP755593.1|A/cattle/Texas/24-008749-003/2024(H5N1)	748	33599
NS|PP755593.1|A/cattle/Texas/24-008749-003/2024(H5N1)	749	34313
NS|PP755593.1|A/cattle/Texas/24-008749-003/2024(H5N1)	750	34383
NS|PP755593.1|A/cattle/Texas/24-008749-003/2024(H5N1)	751	34383
NS|PP755593.1|A/cattle/Texas/24-008749-003/2024(H5N1)	752	34333
NS|PP755593.1|A/cattle/Texas/24-008749-003/2024(H5N1)	753	34332
NS|PP755593.1|A/cattle/Texas/24-008749-003/2024(H5N1)	754	33497
NS|PP755593.1|A/cattle/Texas/24-008749-003/2024(H5N1)	755	33501
NS|PP755593.1|A/cattle/Texas/24-008749-003/2024(H5N1)	756	33501
NS|PP755593.1|A/cattle/Texas/24-008749-003/2024(H5N1)	757	33482
NS|PP755593.1|A/cattle/Texas/24-008749-003/2024(H5N1)	758	33448
NS|PP755593.1|A/cattle/Texas/24-008749-003/2024(H5N1)	759	32392
NS|PP755593.1|A/cattle/Texas/24-008749-003/2024(H5N1)	760	32266
NS|PP755593.1|A/cattle/Texas/24-008749-003/2024(H5N1)	761	32267
NS|PP755593.1|A/cattle/Texas/24-008749-003/2024(H5N1)	762	32270
NS|PP755593.1|A/cattle/Texas/24-008749-003/2024(H5N1)	763	32245
NS|PP755593.1|A/cattle/Texas/24-008749-003/2024(H5N1)	764	32235
NS|PP755593.1|A/cattle/Texas/24-008749-003/2024(H5N1)	765	31889
NS|PP755593.1|A/cattle/Texas/24-008749-003/2024(H5N1)	766	31875
NS|PP755593.1|A/cattle/Texas/24-008749-003/2024(H5N1)	767	31748
NS|PP755593.1|A/cattle/Texas/24-008749-003/2024(H5N1)	768	31113
NS|PP755593.1|A/cattle/Texas/24-008749-003/2024(H5N1)	769	30539
NS|PP755593.1|A/cattle/Texas/24-008749-003/2024(H5N1)	770	31077
NS|PP755593.1|A/cattle/Texas/24-008749-003/2024(H5N1)	771	31093
NS|PP755593.1|A/cattle/Texas/24-008749-003/2024(H5N1)	772	31100
NS|PP755593.1|A/cattle/Texas/24-008749-003/2024(H5N1)	773	30894
NS|PP755593.1|A/cattle/Texas/24-008749-003/2024(H5N1)	774	30364
NS|PP755593.1|A/cattle/Texas/24-008749-003/2024(H5N1)	775	29861
NS|PP755593.1|A/cattle/Texas/24-008749-003/2024(H5N1)	776	29840
NS|PP755593.1|A/cattle/Texas/24-008749-003/2024(H5N1)	777	29886
NS|PP755593.1|A/cattle/Texas/24-008749-003/2024(H5N1)	778	29714
NS|PP755593.1|A/cattle/Texas/24-008749-003/2024(H5N1)	779	29495
NS|PP755593.1|A/cattle/Texas/24-008749-003/2024(H5N1)	780	29500
NS|PP755593.1|A/cattle/Texas/24-008749-003/2024(H5N1)	781	29492
NS|PP755593.1|A/cattle/Texas/24-008749-003/2024(H5N1)	782	29402
NS|PP755593.1|A/cattle/Texas/24-008749-003/2024(H5N1)	783	29393
NS|PP755593.1|A/cattle/Texas/24-008749-003/2024(H5N1)	784	29294
NS|PP755593.1|A/cattle/Texas/24-008749-003/2024(H5N1)	785	28183
NS|PP755593.1|A/cattle/Texas/24-008749-003/2024(H5N1)	786	25053
NS|PP755593.1|A/cattle/Texas/24-008749-003/2024(H5N1)	787	24985
NS|PP755593.1|A/cattle/Texas/24-008749-003/2024(H5N1)	788	24706
NS|PP755593.1|A/cattle/Texas/24-008749-003/2024(H5N1)	789	24595
NS|PP755593.1|A/cattle/Texas/24-008749-003/2024(H5N1)	790	24568
NS|PP755593.1|A/cattle/Texas/24-008749-003/2024(H5N1)	791	24006
NS|PP755593.1|A/cattle/Texas/24-008749-003/2024(H5N1)	792	23986
NS|PP755593.1|A/cattle/Texas/24-008749-003/2024(H5N1)	793	23795
NS|PP755593.1|A/cattle/Texas/24-008749-003/2024(H5N1)	794	23576
NS|PP755593.1|A/cattle/Texas/24-008749-003/2024(H5N1)	795	23136
NS|PP755593.1|A/cattle/Texas/24-008749-003/2024(H5N1)	796	23111
NS|PP755593.1|A/cattle/Texas/24-008749-003/2024(H5N1)	797	23100
NS|PP755593.1|A/cattle/Texas/24-008749-003/2024(H5N1)	798	23062
NS|PP755593.1|A/cattle/Texas/24-008749-003/2024(H5N1)	799	21722
NS|PP755593.1|A/cattle/Texas/24-008749-003/2024(H5N1)	800	21753
NS|PP755593.1|A/cattle/Texas/24-008749-003/2024(H5N1)	801	21735
NS|PP755593.1|A/cattle/Texas/24-008749-003/2024(H5N1)	802	21727
NS|PP755593.1|A/cattle/Texas/24-008749-003/2024(H5N1)	803	21609
NS|PP755593.1|A/cattle/Texas/24-008749-003/2024(H5N1)	804	20147
NS|PP755593.1|A/cattle/Texas/24-008749-003/2024(H5N1)	805	20142
NS|PP755593.1|A/cattle/Texas/24-008749-003/2024(H5N1)	806	20117
NS|PP755593.1|A/cattle/Texas/24-008749-003/2024(H5N1)	807	19972
NS|PP755593.1|A/cattle/Texas/24-008749-003/2024(H5N1)	808	20024
NS|PP755593.1|A/cattle/Texas/24-008749-003/2024(H5N1)	809	18870
NS|PP755593.1|A/cattle/Texas/24-008749-003/2024(H5N1)	810	18823
NS|PP755593.1|A/cattle/Texas/24-008749-003/2024(H5N1)	811	18764
NS|PP755593.1|A/cattle/Texas/24-008749-003/2024(H5N1)	812	18744
NS|PP755593.1|A/cattle/Texas/24-008749-003/2024(H5N1)	813	18757
NS|PP755593.1|A/cattle/Texas/24-008749-003/2024(H5N1)	814	18626
NS|PP755593.1|A/cattle/Texas/24-008749-003/2024(H5N1)	815	18583
NS|PP755593.1|A/cattle/Texas/24-008749-003/2024(H5N1)	816	18493
NS|PP755593.1|A/cattle/Texas/24-008749-003/2024(H5N1)	817	16613
NS|PP755593.1|A/cattle/Texas/24-008749-003/2024(H5N1)	818	16506
NS|PP755593.1|A/cattle/Texas/24-008749-003/2024(H5N1)	819	16495
NS|PP755593.1|A/cattle/Texas/24-008749-003/2024(H5N1)	820	16350
NS|PP755593.1|A/cattle/Texas/24-008749-003/2024(H5N1)	821	16344
NS|PP755593.1|A/cattle/Texas/24-008749-003/2024(H5N1)	822	16066
NS|PP755593.1|A/cattle/Texas/24-008749-003/2024(H5N1)	823	16045
NS|PP755593.1|A/cattle/Texas/24-008749-003/2024(H5N1)	824	15945
NS|PP755593.1|A/cattle/Texas/24-008749-003/2024(H5N1)	825	15843
NS|PP755593.1|A/cattle/Texas/24-008749-003/2024(H5N1)	826	15836
NS|PP755593.1|A/cattle/Texas/24-008749-003/2024(H5N1)	827	15825
NS|PP755593.1|A/cattle/Texas/24-008749-003/2024(H5N1)	828	15794
NS|PP755593.1|A/cattle/Texas/24-008749-003/2024(H5N1)	829	15790
NS|PP755593.1|A/cattle/Texas/24-008749-003/2024(H5N1)	830	15687
NS|PP755593.1|A/cattle/Texas/24-008749-003/2024(H5N1)	831	15315
NS|PP755593.1|A/cattle/Texas/24-008749-003/2024(H5N1)	832	15278
NS|PP755593.1|A/cattle/Texas/24-008749-003/2024(H5N1)	833	15110
NS|PP755593.1|A/cattle/Texas/24-008749-003/2024(H5N1)	834	15103
NS|PP755593.1|A/cattle/Texas/24-008749-003/2024(H5N1)	835	15076
NS|PP755593.1|A/cattle/Texas/24-008749-003/2024(H5N1)	836	15021
NS|PP755593.1|A/cattle/Texas/24-008749-003/2024(H5N1)	837	14883
NS|PP755593.1|A/cattle/Texas/24-008749-003/2024(H5N1)	838	14755
