NA|PP755591.1|A/cattle/Texas/24-008749-003/2024(H5N1)	1	5864
NA|PP755591.1|A/cattle/Texas/24-008749-003/2024(H5N1)	2	5867
NA|PP755591.1|A/cattle/Texas/24-008749-003/2024(H5N1)	3	5895
NA|PP755591.1|A/cattle/Texas/24-008749-003/2024(H5N1)	4	5921
NA|PP755591.1|A/cattle/Texas/24-008749-003/2024(H5N1)	5	6037
NA|PP755591.1|A/cattle/Texas/24-008749-003/2024(H5N1)	6	6057
NA|PP755591.1|A/cattle/Texas/24-008749-003/2024(H5N1)	7	6075
NA|PP755591.1|A/cattle/Texas/24-008749-003/2024(H5N1)	8	6084
NA|PP755591.1|A/cattle/Texas/24-008749-003/2024(H5N1)	9	6087
NA|PP755591.1|A/cattle/Texas/24-008749-003/2024(H5N1)	10	6196
NA|PP755591.1|A/cattle/Texas/24-008749-003/2024(H5N1)	11	6228
NA|PP755591.1|A/cattle/Texas/24-008749-003/2024(H5N1)	12	6245
NA|PP755591.1|A/cattle/Texas/24-008749-003/2024(H5N1)	13	6259
NA|PP755591.1|A/cattle/Texas/24-008749-003/2024(H5N1)	14	6276
NA|PP755591.1|A/cattle/Texas/24-008749-003/2024(H5N1)	15	6375
NA|PP755591.1|A/cattle/Texas/24-008749-003/2024(H5N1)	16	6413
NA|PP755591.1|A/cattle/Texas/24-008749-003/2024(H5N1)	17	6453
NA|PP755591.1|A/cattle/Texas/24-008749-003/2024(H5N1)	18	6872
NA|PP755591.1|A/cattle/Texas/24-008749-003/2024(H5N1)	19	7085
NA|PP755591.1|A/cattle/Texas/24-008749-003/2024(H5N1)	20	7100
NA|PP755591.1|A/cattle/Texas/24-008749-003/2024(H5N1)	21	7158
NA|PP755591.1|A/cattle/Texas/24-008749-003/2024(H5N1)	22	7204
NA|PP755591.1|A/cattle/Texas/24-008749-003/2024(H5N1)	23	7352
NA|PP755591.1|A/cattle/Texas/24-008749-003/2024(H5N1)	24	7386
NA|PP755591.1|A/cattle/Texas/24-008749-003/2024(H5N1)	25	7414
NA|PP755591.1|A/cattle/Texas/24-008749-003/2024(H5N1)	26	8090
NA|PP755591.1|A/cattle/Texas/24-008749-003/2024(H5N1)	27	8164
NA|PP755591.1|A/cattle/Texas/24-008749-003/2024(H5N1)	28	8164
NA|PP755591.1|A/cattle/Texas/24-008749-003/2024(H5N1)	29	8325
NA|PP755591.1|A/cattle/Texas/24-008749-003/2024(H5N1)	30	8362
NA|PP755591.1|A/cattle/Texas/24-008749-003/2024(H5N1)	31	8925
NA|PP755591.1|A/cattle/Texas/24-008749-003/2024(H5N1)	32	8955
NA|PP755591.1|A/cattle/Texas/24-008749-003/2024(H5N1)	33	8990
NA|PP755591.1|A/cattle/Texas/24-008749-003/2024(H5N1)	34	9020
NA|PP755591.1|A/cattle/Texas/24-008749-003/2024(H5N1)	35	9121
NA|PP755591.1|A/cattle/Texas/24-008749-003/2024(H5N1)	36	9332
NA|PP755591.1|A/cattle/Texas/24-008749-003/2024(H5N1)	37	9405
NA|PP755591.1|A/cattle/Texas/24-008749-003/2024(H5N1)	38	9498
NA|PP755591.1|A/cattle/Texas/24-008749-003/2024(H5N1)	39	9784
NA|PP755591.1|A/cattle/Texas/24-008749-003/2024(H5N1)	40	9925
NA|PP755591.1|A/cattle/Texas/24-008749-003/2024(H5N1)	41	10807
NA|PP755591.1|A/cattle/Texas/24-008749-003/2024(H5N1)	42	10808
NA|PP755591.1|A/cattle/Texas/24-008749-003/2024(H5N1)	43	10825
NA|PP755591.1|A/cattle/Texas/24-008749-003/2024(H5N1)	44	10887
NA|PP755591.1|A/cattle/Texas/24-008749-003/2024(H5N1)	45	10955
NA|PP755591.1|A/cattle/Texas/24-008749-003/2024(H5N1)	46	11428
NA|PP755591.1|A/cattle/Texas/24-008749-003/2024(H5N1)	47	11439
NA|PP755591.1|A/cattle/Texas/24-008749-003/2024(H5N1)	48	11559
NA|PP755591.1|A/cattle/Texas/24-008749-003/2024(H5N1)	49	11566
NA|PP755591.1|A/cattle/Texas/24-008749-003/2024(H5N1)	50	11667
NA|PP755591.1|A/cattle/Texas/24-008749-003/2024(H5N1)	51	11702
NA|PP755591.1|A/cattle/Texas/24-008749-003/2024(H5N1)	52	12097
NA|PP755591.1|A/cattle/Texas/24-008749-003/2024(H5N1)	53	12115
NA|PP755591.1|A/cattle/Texas/24-008749-003/2024(H5N1)	54	12127
NA|PP755591.1|A/cattle/Texas/24-008749-003/2024(H5N1)	55	12260
NA|PP755591.1|A/cattle/Texas/24-008749-003/2024(H5N1)	56	12293
NA|PP755591.1|A/cattle/Texas/24-008749-003/2024(H5N1)	57	12497
NA|PP755591.1|A/cattle/Texas/24-008749-003/2024(H5N1)	58	12571
NA|PP755591.1|A/cattle/Texas/24-008749-003/2024(H5N1)	59	12608
NA|PP755591.1|A/cattle/Texas/24-008749-003/2024(H5N1)	60	12652
NA|PP755591.1|A/cattle/Texas/24-008749-003/2024(H5N1)	61	12613
NA|PP755591.1|A/cattle/Texas/24-008749-003/2024(H5N1)	62	13026
NA|PP755591.1|A/cattle/Texas/24-008749-003/2024(H5N1)	63	13247
NA|PP755591.1|A/cattle/Texas/24-008749-003/2024(H5N1)	64	13246
NA|PP755591.1|A/cattle/Texas/24-008749-003/2024(H5N1)	65	13300
NA|PP755591.1|A/cattle/Texas/24-008749-003/2024(H5N1)	66	13296
NA|PP755591.1|A/cattle/Texas/24-008749-003/2024(H5N1)	67	13349
NA|PP755591.1|A/cattle/Texas/24-008749-003/2024(H5N1)	68	13346
NA|PP755591.1|A/cattle/Texas/24-008749-003/2024(H5N1)	69	13364
NA|PP755591.1|A/cattle/Texas/24-008749-003/2024(H5N1)	70	13442
NA|PP755591.1|A/cattle/Texas/24-008749-003/2024(H5N1)	71	13413
NA|PP755591.1|A/cattle/Texas/24-008749-003/2024(H5N1)	72	13495
NA|PP755591.1|A/cattle/Texas/24-008749-003/2024(H5N1)	73	13522
NA|PP755591.1|A/cattle/Texas/24-008749-003/2024(H5N1)	74	13528
NA|PP755591.1|A/cattle/Texas/24-008749-003/2024(H5N1)	75	13541
NA|PP755591.1|A/cattle/Texas/24-008749-003/2024(H5N1)	76	13560
NA|PP755591.1|A/cattle/Texas/24-008749-003/2024(H5N1)	77	13585
NA|PP755591.1|A/cattle/Texas/24-008749-003/2024(H5N1)	78	13585
NA|PP755591.1|A/cattle/Texas/24-008749-003/2024(H5N1)	79	13590
NA|PP755591.1|A/cattle/Texas/24-008749-003/2024(H5N1)	80	13601
NA|PP755591.1|A/cattle/Texas/24-008749-003/2024(H5N1)	81	13642
NA|PP755591.1|A/cattle/Texas/24-008749-003/2024(H5N1)	82	13664
NA|PP755591.1|A/cattle/Texas/24-008749-003/2024(H5N1)	83	13697
NA|PP755591.1|A/cattle/Texas/24-008749-003/2024(H5N1)	84	13936
NA|PP755591.1|A/cattle/Texas/24-008749-003/2024(H5N1)	85	13932
NA|PP755591.1|A/cattle/Texas/24-008749-003/2024(H5N1)	86	13954
NA|PP755591.1|A/cattle/Texas/24-008749-003/2024(H5N1)	87	14081
NA|PP755591.1|A/cattle/Texas/24-008749-003/2024(H5N1)	88	14175
NA|PP755591.1|A/cattle/Texas/24-008749-003/2024(H5N1)	89	14336
NA|PP755591.1|A/cattle/Texas/24-008749-003/2024(H5N1)	90	14343
NA|PP755591.1|A/cattle/Texas/24-008749-003/2024(H5N1)	91	14342
NA|PP755591.1|A/cattle/Texas/24-008749-003/2024(H5N1)	92	15405
NA|PP755591.1|A/cattle/Texas/24-008749-003/2024(H5N1)	93	15385
NA|PP755591.1|A/cattle/Texas/24-008749-003/2024(H5N1)	94	15676
NA|PP755591.1|A/cattle/Texas/24-008749-003/2024(H5N1)	95	15672
NA|PP755591.1|A/cattle/Texas/24-008749-003/2024(H5N1)	96	15663
NA|PP755591.1|A/cattle/Texas/24-008749-003/2024(H5N1)	97	15675
NA|PP755591.1|A/cattle/Texas/24-008749-003/2024(H5N1)	98	16182
NA|PP755591.1|A/cattle/Texas/24-008749-003/2024(H5N1)	99	16237
NA|PP755591.1|A/cattle/Texas/24-008749-003/2024(H5N1)	100	16246
NA|PP755591.1|A/cattle/Texas/24-008749-003/2024(H5N1)	101	16135
NA|PP755591.1|A/cattle/Texas/24-008749-003/2024(H5N1)	102	16182
NA|PP755591.1|A/cattle/Texas/24-008749-003/2024(H5N1)	103	16169
NA|PP755591.1|A/cattle/Texas/24-008749-003/2024(H5N1)	104	16189
NA|PP755591.1|A/cattle/Texas/24-008749-003/2024(H5N1)	105	16279
NA|PP755591.1|A/cattle/Texas/24-008749-003/2024(H5N1)	106	16295
NA|PP755591.1|A/cattle/Texas/24-008749-003/2024(H5N1)	107	16284
NA|PP755591.1|A/cattle/Texas/24-008749-003/2024(H5N1)	108	16299
NA|PP755591.1|A/cattle/Texas/24-008749-003/2024(H5N1)	109	16398
NA|PP755591.1|A/cattle/Texas/24-008749-003/2024(H5N1)	110	16404
NA|PP755591.1|A/cattle/Texas/24-008749-003/2024(H5N1)	111	16482
NA|PP755591.1|A/cattle/Texas/24-008749-003/2024(H5N1)	112	16601
NA|PP755591.1|A/cattle/Texas/24-008749-003/2024(H5N1)	113	16599
NA|PP755591.1|A/cattle/Texas/24-008749-003/2024(H5N1)	114	16606
NA|PP755591.1|A/cattle/Texas/24-008749-003/2024(H5N1)	115	16608
NA|PP755591.1|A/cattle/Texas/24-008749-003/2024(H5N1)	116	16595
NA|PP755591.1|A/cattle/Texas/24-008749-003/2024(H5N1)	117	16601
NA|PP755591.1|A/cattle/Texas/24-008749-003/2024(H5N1)	118	16608
NA|PP755591.1|A/cattle/Texas/24-008749-003/2024(H5N1)	119	16692
NA|PP755591.1|A/cattle/Texas/24-008749-003/2024(H5N1)	120	16660
NA|PP755591.1|A/cattle/Texas/24-008749-003/2024(H5N1)	121	16720
NA|PP755591.1|A/cattle/Texas/24-008749-003/2024(H5N1)	122	17016
NA|PP755591.1|A/cattle/Texas/24-008749-003/2024(H5N1)	123	17077
NA|PP755591.1|A/cattle/Texas/24-008749-003/2024(H5N1)	124	17161
NA|PP755591.1|A/cattle/Texas/24-008749-003/2024(H5N1)	125	17577
NA|PP755591.1|A/cattle/Texas/24-008749-003/2024(H5N1)	126	17599
NA|PP755591.1|A/cattle/Texas/24-008749-003/2024(H5N1)	127	17623
NA|PP755591.1|A/cattle/Texas/24-008749-003/2024(H5N1)	128	17696
NA|PP755591.1|A/cattle/Texas/24-008749-003/2024(H5N1)	129	18143
NA|PP755591.1|A/cattle/Texas/24-008749-003/2024(H5N1)	130	18121
NA|PP755591.1|A/cattle/Texas/24-008749-003/2024(H5N1)	131	15940
NA|PP755591.1|A/cattle/Texas/24-008749-003/2024(H5N1)	132	14896
NA|PP755591.1|A/cattle/Texas/24-008749-003/2024(H5N1)	133	14820
NA|PP755591.1|A/cattle/Texas/24-008749-003/2024(H5N1)	134	16873
NA|PP755591.1|A/cattle/Texas/24-008749-003/2024(H5N1)	135	17070
NA|PP755591.1|A/cattle/Texas/24-008749-003/2024(H5N1)	136	17328
NA|PP755591.1|A/cattle/Texas/24-008749-003/2024(H5N1)	137	17261
NA|PP755591.1|A/cattle/Texas/24-008749-003/2024(H5N1)	138	18138
NA|PP755591.1|A/cattle/Texas/24-008749-003/2024(H5N1)	139	18348
NA|PP755591.1|A/cattle/Texas/24-008749-003/2024(H5N1)	140	18353
NA|PP755591.1|A/cattle/Texas/24-008749-003/2024(H5N1)	141	18363
NA|PP755591.1|A/cattle/Texas/24-008749-003/2024(H5N1)	142	18365
NA|PP755591.1|A/cattle/Texas/24-008749-003/2024(H5N1)	143	17666
NA|PP755591.1|A/cattle/Texas/24-008749-003/2024(H5N1)	144	17601
NA|PP755591.1|A/cattle/Texas/24-008749-003/2024(H5N1)	145	17196
NA|PP755591.1|A/cattle/Texas/24-008749-003/2024(H5N1)	146	17186
NA|PP755591.1|A/cattle/Texas/24-008749-003/2024(H5N1)	147	17203
NA|PP755591.1|A/cattle/Texas/24-008749-003/2024(H5N1)	148	17431
NA|PP755591.1|A/cattle/Texas/24-008749-003/2024(H5N1)	149	17540
NA|PP755591.1|A/cattle/Texas/24-008749-003/2024(H5N1)	150	18084
NA|PP755591.1|A/cattle/Texas/24-008749-003/2024(H5N1)	151	18049
NA|PP755591.1|A/cattle/Texas/24-008749-003/2024(H5N1)	152	18065
NA|PP755591.1|A/cattle/Texas/24-008749-003/2024(H5N1)	153	18828
NA|PP755591.1|A/cattle/Texas/24-008749-003/2024(H5N1)	154	18807
NA|PP755591.1|A/cattle/Texas/24-008749-003/2024(H5N1)	155	18875
NA|PP755591.1|A/cattle/Texas/24-008749-003/2024(H5N1)	156	19070
NA|PP755591.1|A/cattle/Texas/24-008749-003/2024(H5N1)	157	19254
NA|PP755591.1|A/cattle/Texas/24-008749-003/2024(H5N1)	158	19602
NA|PP755591.1|A/cattle/Texas/24-008749-003/2024(H5N1)	159	19672
NA|PP755591.1|A/cattle/Texas/24-008749-003/2024(H5N1)	160	19710
NA|PP755591.1|A/cattle/Texas/24-008749-003/2024(H5N1)	161	19788
NA|PP755591.1|A/cattle/Texas/24-008749-003/2024(H5N1)	162	19801
NA|PP755591.1|A/cattle/Texas/24-008749-003/2024(H5N1)	163	19974
NA|PP755591.1|A/cattle/Texas/24-008749-003/2024(H5N1)	164	20386
NA|PP755591.1|A/cattle/Texas/24-008749-003/2024(H5N1)	165	20330
NA|PP755591.1|A/cattle/Texas/24-008749-003/2024(H5N1)	166	20327
NA|PP755591.1|A/cattle/Texas/24-008749-003/2024(H5N1)	167	20284
NA|PP755591.1|A/cattle/Texas/24-008749-003/2024(H5N1)	168	20259
NA|PP755591.1|A/cattle/Texas/24-008749-003/2024(H5N1)	169	19995
NA|PP755591.1|A/cattle/Texas/24-008749-003/2024(H5N1)	170	19806
NA|PP755591.1|A/cattle/Texas/24-008749-003/2024(H5N1)	171	20403
NA|PP755591.1|A/cattle/Texas/24-008749-003/2024(H5N1)	172	20972
NA|PP755591.1|A/cattle/Texas/24-008749-003/2024(H5N1)	173	20918
NA|PP755591.1|A/cattle/Texas/24-008749-003/2024(H5N1)	174	20868
NA|PP755591.1|A/cattle/Texas/24-008749-003/2024(H5N1)	175	20828
NA|PP755591.1|A/cattle/Texas/24-008749-003/2024(H5N1)	176	20888
NA|PP755591.1|A/cattle/Texas/24-008749-003/2024(H5N1)	177	20563
NA|PP755591.1|A/cattle/Texas/24-008749-003/2024(H5N1)	178	20659
NA|PP755591.1|A/cattle/Texas/24-008749-003/2024(H5N1)	179	20709
NA|PP755591.1|A/cattle/Texas/24-008749-003/2024(H5N1)	180	20003
NA|PP755591.1|A/cattle/Texas/24-008749-003/2024(H5N1)	181	19954
NA|PP755591.1|A/cattle/Texas/24-008749-003/2024(H5N1)	182	20286
NA|PP755591.1|A/cattle/Texas/24-008749-003/2024(H5N1)	183	20254
NA|PP755591.1|A/cattle/Texas/24-008749-003/2024(H5N1)	184	20270
NA|PP755591.1|A/cattle/Texas/24-008749-003/2024(H5N1)	185	20937
NA|PP755591.1|A/cattle/Texas/24-008749-003/2024(H5N1)	186	20806
NA|PP755591.1|A/cattle/Texas/24-008749-003/2024(H5N1)	187	21001
NA|PP755591.1|A/cattle/Texas/24-008749-003/2024(H5N1)	188	20978
NA|PP755591.1|A/cattle/Texas/24-008749-003/2024(H5N1)	189	20897
NA|PP755591.1|A/cattle/Texas/24-008749-003/2024(H5N1)	190	20648
NA|PP755591.1|A/cattle/Texas/24-008749-003/2024(H5N1)	191	20418
NA|PP755591.1|A/cattle/Texas/24-008749-003/2024(H5N1)	192	19881
NA|PP755591.1|A/cattle/Texas/24-008749-003/2024(H5N1)	193	20100
NA|PP755591.1|A/cattle/Texas/24-008749-003/2024(H5N1)	194	20157
NA|PP755591.1|A/cattle/Texas/24-008749-003/2024(H5N1)	195	20172
NA|PP755591.1|A/cattle/Texas/24-008749-003/2024(H5N1)	196	20101
NA|PP755591.1|A/cattle/Texas/24-008749-003/2024(H5N1)	197	19959
NA|PP755591.1|A/cattle/Texas/24-008749-003/2024(H5N1)	198	20034
NA|PP755591.1|A/cattle/Texas/24-008749-003/2024(H5N1)	199	20018
NA|PP755591.1|A/cattle/Texas/24-008749-003/2024(H5N1)	200	20048
NA|PP755591.1|A/cattle/Texas/24-008749-003/2024(H5N1)	201	19902
NA|PP755591.1|A/cattle/Texas/24-008749-003/2024(H5N1)	202	19943
NA|PP755591.1|A/cattle/Texas/24-008749-003/2024(H5N1)	203	19924
NA|PP755591.1|A/cattle/Texas/24-008749-003/2024(H5N1)	204	20110
NA|PP755591.1|A/cattle/Texas/24-008749-003/2024(H5N1)	205	20024
NA|PP755591.1|A/cattle/Texas/24-008749-003/2024(H5N1)	206	19942
NA|PP755591.1|A/cattle/Texas/24-008749-003/2024(H5N1)	207	19822
NA|PP755591.1|A/cattle/Texas/24-008749-003/2024(H5N1)	208	19763
NA|PP755591.1|A/cattle/Texas/24-008749-003/2024(H5N1)	209	19733
NA|PP755591.1|A/cattle/Texas/24-008749-003/2024(H5N1)	210	19853
NA|PP755591.1|A/cattle/Texas/24-008749-003/2024(H5N1)	211	19709
NA|PP755591.1|A/cattle/Texas/24-008749-003/2024(H5N1)	212	19843
NA|PP755591.1|A/cattle/Texas/24-008749-003/2024(H5N1)	213	19530
NA|PP755591.1|A/cattle/Texas/24-008749-003/2024(H5N1)	214	19551
NA|PP755591.1|A/cattle/Texas/24-008749-003/2024(H5N1)	215	19583
NA|PP755591.1|A/cattle/Texas/24-008749-003/2024(H5N1)	216	19886
NA|PP755591.1|A/cattle/Texas/24-008749-003/2024(H5N1)	217	19887
NA|PP755591.1|A/cattle/Texas/24-008749-003/2024(H5N1)	218	19992
NA|PP755591.1|A/cattle/Texas/24-008749-003/2024(H5N1)	219	20029
NA|PP755591.1|A/cattle/Texas/24-008749-003/2024(H5N1)	220	20006
NA|PP755591.1|A/cattle/Texas/24-008749-003/2024(H5N1)	221	20019
NA|PP755591.1|A/cattle/Texas/24-008749-003/2024(H5N1)	222	20050
NA|PP755591.1|A/cattle/Texas/24-008749-003/2024(H5N1)	223	20007
NA|PP755591.1|A/cattle/Texas/24-008749-003/2024(H5N1)	224	20048
NA|PP755591.1|A/cattle/Texas/24-008749-003/2024(H5N1)	225	20056
NA|PP755591.1|A/cattle/Texas/24-008749-003/2024(H5N1)	226	20070
NA|PP755591.1|A/cattle/Texas/24-008749-003/2024(H5N1)	227	20038
NA|PP755591.1|A/cattle/Texas/24-008749-003/2024(H5N1)	228	20071
NA|PP755591.1|A/cattle/Texas/24-008749-003/2024(H5N1)	229	20400
NA|PP755591.1|A/cattle/Texas/24-008749-003/2024(H5N1)	230	20408
NA|PP755591.1|A/cattle/Texas/24-008749-003/2024(H5N1)	231	20426
NA|PP755591.1|A/cattle/Texas/24-008749-003/2024(H5N1)	232	20418
NA|PP755591.1|A/cattle/Texas/24-008749-003/2024(H5N1)	233	20401
NA|PP755591.1|A/cattle/Texas/24-008749-003/2024(H5N1)	234	20971
NA|PP755591.1|A/cattle/Texas/24-008749-003/2024(H5N1)	235	21146
NA|PP755591.1|A/cattle/Texas/24-008749-003/2024(H5N1)	236	21326
NA|PP755591.1|A/cattle/Texas/24-008749-003/2024(H5N1)	237	21373
NA|PP755591.1|A/cattle/Texas/24-008749-003/2024(H5N1)	238	21257
NA|PP755591.1|A/cattle/Texas/24-008749-003/2024(H5N1)	239	21236
NA|PP755591.1|A/cattle/Texas/24-008749-003/2024(H5N1)	240	21247
NA|PP755591.1|A/cattle/Texas/24-008749-003/2024(H5N1)	241	21248
NA|PP755591.1|A/cattle/Texas/24-008749-003/2024(H5N1)	242	20753
NA|PP755591.1|A/cattle/Texas/24-008749-003/2024(H5N1)	243	20241
NA|PP755591.1|A/cattle/Texas/24-008749-003/2024(H5N1)	244	20269
NA|PP755591.1|A/cattle/Texas/24-008749-003/2024(H5N1)	245	19984
NA|PP755591.1|A/cattle/Texas/24-008749-003/2024(H5N1)	246	20020
NA|PP755591.1|A/cattle/Texas/24-008749-003/2024(H5N1)	247	20027
NA|PP755591.1|A/cattle/Texas/24-008749-003/2024(H5N1)	248	20014
NA|PP755591.1|A/cattle/Texas/24-008749-003/2024(H5N1)	249	19577
NA|PP755591.1|A/cattle/Texas/24-008749-003/2024(H5N1)	250	19786
NA|PP755591.1|A/cattle/Texas/24-008749-003/2024(H5N1)	251	19960
NA|PP755591.1|A/cattle/Texas/24-008749-003/2024(H5N1)	252	19964
NA|PP755591.1|A/cattle/Texas/24-008749-003/2024(H5N1)	253	19950
NA|PP755591.1|A/cattle/Texas/24-008749-003/2024(H5N1)	254	19915
NA|PP755591.1|A/cattle/Texas/24-008749-003/2024(H5N1)	255	19838
NA|PP755591.1|A/cattle/Texas/24-008749-003/2024(H5N1)	256	19830
NA|PP755591.1|A/cattle/Texas/24-008749-003/2024(H5N1)	257	19806
NA|PP755591.1|A/cattle/Texas/24-008749-003/2024(H5N1)	258	19841
NA|PP755591.1|A/cattle/Texas/24-008749-003/2024(H5N1)	259	19805
NA|PP755591.1|A/cattle/Texas/24-008749-003/2024(H5N1)	260	19653
NA|PP755591.1|A/cattle/Texas/24-008749-003/2024(H5N1)	261	19962
NA|PP755591.1|A/cattle/Texas/24-008749-003/2024(H5N1)	262	20013
NA|PP755591.1|A/cattle/Texas/24-008749-003/2024(H5N1)	263	20439
NA|PP755591.1|A/cattle/Texas/24-008749-003/2024(H5N1)	264	20434
NA|PP755591.1|A/cattle/Texas/24-008749-003/2024(H5N1)	265	20559
NA|PP755591.1|A/cattle/Texas/24-008749-003/2024(H5N1)	266	20553
NA|PP755591.1|A/cattle/Texas/24-008749-003/2024(H5N1)	267	20503
NA|PP755591.1|A/cattle/Texas/24-008749-003/2024(H5N1)	268	20727
NA|PP755591.1|A/cattle/Texas/24-008749-003/2024(H5N1)	269	20683
NA|PP755591.1|A/cattle/Texas/24-008749-003/2024(H5N1)	270	20864
NA|PP755591.1|A/cattle/Texas/24-008749-003/2024(H5N1)	271	20816
NA|PP755591.1|A/cattle/Texas/24-008749-003/2024(H5N1)	272	20434
NA|PP755591.1|A/cattle/Texas/24-008749-003/2024(H5N1)	273	20663
NA|PP755591.1|A/cattle/Texas/24-008749-003/2024(H5N1)	274	20623
NA|PP755591.1|A/cattle/Texas/24-008749-003/2024(H5N1)	275	20587
NA|PP755591.1|A/cattle/Texas/24-008749-003/2024(H5N1)	276	20623
NA|PP755591.1|A/cattle/Texas/24-008749-003/2024(H5N1)	277	20601
NA|PP755591.1|A/cattle/Texas/24-008749-003/2024(H5N1)	278	20513
NA|PP755591.1|A/cattle/Texas/24-008749-003/2024(H5N1)	279	20407
NA|PP755591.1|A/cattle/Texas/24-008749-003/2024(H5N1)	280	21634
NA|PP755591.1|A/cattle/Texas/24-008749-003/2024(H5N1)	281	21634
NA|PP755591.1|A/cattle/Texas/24-008749-003/2024(H5N1)	282	21657
NA|PP755591.1|A/cattle/Texas/24-008749-003/2024(H5N1)	283	21661
NA|PP755591.1|A/cattle/Texas/24-008749-003/2024(H5N1)	284	21656
NA|PP755591.1|A/cattle/Texas/24-008749-003/2024(H5N1)	285	19384
NA|PP755591.1|A/cattle/Texas/24-008749-003/2024(H5N1)	286	19154
NA|PP755591.1|A/cattle/Texas/24-008749-003/2024(H5N1)	287	18903
NA|PP755591.1|A/cattle/Texas/24-008749-003/2024(H5N1)	288	18933
NA|PP755591.1|A/cattle/Texas/24-008749-003/2024(H5N1)	289	17824
NA|PP755591.1|A/cattle/Texas/24-008749-003/2024(H5N1)	290	17930
NA|PP755591.1|A/cattle/Texas/24-008749-003/2024(H5N1)	291	18211
NA|PP755591.1|A/cattle/Texas/24-008749-003/2024(H5N1)	292	18820
NA|PP755591.1|A/cattle/Texas/24-008749-003/2024(H5N1)	293	18844
NA|PP755591.1|A/cattle/Texas/24-008749-003/2024(H5N1)	294	18825
NA|PP755591.1|A/cattle/Texas/24-008749-003/2024(H5N1)	295	19672
NA|PP755591.1|A/cattle/Texas/24-008749-003/2024(H5N1)	296	19650
NA|PP755591.1|A/cattle/Texas/24-008749-003/2024(H5N1)	297	19803
NA|PP755591.1|A/cattle/Texas/24-008749-003/2024(H5N1)	298	19878
NA|PP755591.1|A/cattle/Texas/24-008749-003/2024(H5N1)	299	19651
NA|PP755591.1|A/cattle/Texas/24-008749-003/2024(H5N1)	300	19781
NA|PP755591.1|A/cattle/Texas/24-008749-003/2024(H5N1)	301	19027
NA|PP755591.1|A/cattle/Texas/24-008749-003/2024(H5N1)	302	19076
NA|PP755591.1|A/cattle/Texas/24-008749-003/2024(H5N1)	303	21090
NA|PP755591.1|A/cattle/Texas/24-008749-003/2024(H5N1)	304	20326
NA|PP755591.1|A/cattle/Texas/24-008749-003/2024(H5N1)	305	20304
NA|PP755591.1|A/cattle/Texas/24-008749-003/2024(H5N1)	306	20431
NA|PP755591.1|A/cattle/Texas/24-008749-003/2024(H5N1)	307	20377
NA|PP755591.1|A/cattle/Texas/24-008749-003/2024(H5N1)	308	20640
NA|PP755591.1|A/cattle/Texas/24-008749-003/2024(H5N1)	309	20301
NA|PP755591.1|A/cattle/Texas/24-008749-003/2024(H5N1)	310	20329
NA|PP755591.1|A/cattle/Texas/24-008749-003/2024(H5N1)	311	20348
NA|PP755591.1|A/cattle/Texas/24-008749-003/2024(H5N1)	312	20443
NA|PP755591.1|A/cattle/Texas/24-008749-003/2024(H5N1)	313	20408
NA|PP755591.1|A/cattle/Texas/24-008749-003/2024(H5N1)	314	20829
NA|PP755591.1|A/cattle/Texas/24-008749-003/2024(H5N1)	315	20403
NA|PP755591.1|A/cattle/Texas/24-008749-003/2024(H5N1)	316	20405
NA|PP755591.1|A/cattle/Texas/24-008749-003/2024(H5N1)	317	20653
NA|PP755591.1|A/cattle/Texas/24-008749-003/2024(H5N1)	318	20641
NA|PP755591.1|A/cattle/Texas/24-008749-003/2024(H5N1)	319	20641
NA|PP755591.1|A/cattle/Texas/24-008749-003/2024(H5N1)	320	20792
NA|PP755591.1|A/cattle/Texas/24-008749-003/2024(H5N1)	321	20802
NA|PP755591.1|A/cattle/Texas/24-008749-003/2024(H5N1)	322	20313
NA|PP755591.1|A/cattle/Texas/24-008749-003/2024(H5N1)	323	19820
NA|PP755591.1|A/cattle/Texas/24-008749-003/2024(H5N1)	324	19791
NA|PP755591.1|A/cattle/Texas/24-008749-003/2024(H5N1)	325	19791
NA|PP755591.1|A/cattle/Texas/24-008749-003/2024(H5N1)	326	20130
NA|PP755591.1|A/cattle/Texas/24-008749-003/2024(H5N1)	327	20545
NA|PP755591.1|A/cattle/Texas/24-008749-003/2024(H5N1)	328	20476
NA|PP755591.1|A/cattle/Texas/24-008749-003/2024(H5N1)	329	20321
NA|PP755591.1|A/cattle/Texas/24-008749-003/2024(H5N1)	330	20447
NA|PP755591.1|A/cattle/Texas/24-008749-003/2024(H5N1)	331	20485
NA|PP755591.1|A/cattle/Texas/24-008749-003/2024(H5N1)	332	20524
NA|PP755591.1|A/cattle/Texas/24-008749-003/2024(H5N1)	333	20294
NA|PP755591.1|A/cattle/Texas/24-008749-003/2024(H5N1)	334	20410
NA|PP755591.1|A/cattle/Texas/24-008749-003/2024(H5N1)	335	20152
NA|PP755591.1|A/cattle/Texas/24-008749-003/2024(H5N1)	336	19822
NA|PP755591.1|A/cattle/Texas/24-008749-003/2024(H5N1)	337	19821
NA|PP755591.1|A/cattle/Texas/24-008749-003/2024(H5N1)	338	19991
NA|PP755591.1|A/cattle/Texas/24-008749-003/2024(H5N1)	339	19963
NA|PP755591.1|A/cattle/Texas/24-008749-003/2024(H5N1)	340	20082
NA|PP755591.1|A/cattle/Texas/24-008749-003/2024(H5N1)	341	20255
NA|PP755591.1|A/cattle/Texas/24-008749-003/2024(H5N1)	342	20331
NA|PP755591.1|A/cattle/Texas/24-008749-003/2024(H5N1)	343	20084
NA|PP755591.1|A/cattle/Texas/24-008749-003/2024(H5N1)	344	20039
NA|PP755591.1|A/cattle/Texas/24-008749-003/2024(H5N1)	345	20062
NA|PP755591.1|A/cattle/Texas/24-008749-003/2024(H5N1)	346	20194
NA|PP755591.1|A/cattle/Texas/24-008749-003/2024(H5N1)	347	20308
NA|PP755591.1|A/cattle/Texas/24-008749-003/2024(H5N1)	348	20250
NA|PP755591.1|A/cattle/Texas/24-008749-003/2024(H5N1)	349	20283
NA|PP755591.1|A/cattle/Texas/24-008749-003/2024(H5N1)	350	20391
NA|PP755591.1|A/cattle/Texas/24-008749-003/2024(H5N1)	351	20356
NA|PP755591.1|A/cattle/Texas/24-008749-003/2024(H5N1)	352	20354
NA|PP755591.1|A/cattle/Texas/24-008749-003/2024(H5N1)	353	20331
NA|PP755591.1|A/cattle/Texas/24-008749-003/2024(H5N1)	354	20326
NA|PP755591.1|A/cattle/Texas/24-008749-003/2024(H5N1)	355	20295
NA|PP755591.1|A/cattle/Texas/24-008749-003/2024(H5N1)	356	20507
NA|PP755591.1|A/cattle/Texas/24-008749-003/2024(H5N1)	357	20540
NA|PP755591.1|A/cattle/Texas/24-008749-003/2024(H5N1)	358	20885
NA|PP755591.1|A/cattle/Texas/24-008749-003/2024(H5N1)	359	20704
NA|PP755591.1|A/cattle/Texas/24-008749-003/2024(H5N1)	360	21432
NA|PP755591.1|A/cattle/Texas/24-008749-003/2024(H5N1)	361	21453
NA|PP755591.1|A/cattle/Texas/24-008749-003/2024(H5N1)	362	21441
NA|PP755591.1|A/cattle/Texas/24-008749-003/2024(H5N1)	363	21488
NA|PP755591.1|A/cattle/Texas/24-008749-003/2024(H5N1)	364	21462
NA|PP755591.1|A/cattle/Texas/24-008749-003/2024(H5N1)	365	21630
NA|PP755591.1|A/cattle/Texas/24-008749-003/2024(H5N1)	366	21644
NA|PP755591.1|A/cattle/Texas/24-008749-003/2024(H5N1)	367	21241
NA|PP755591.1|A/cattle/Texas/24-008749-003/2024(H5N1)	368	21234
NA|PP755591.1|A/cattle/Texas/24-008749-003/2024(H5N1)	369	21135
NA|PP755591.1|A/cattle/Texas/24-008749-003/2024(H5N1)	370	21300
NA|PP755591.1|A/cattle/Texas/24-008749-003/2024(H5N1)	371	21314
NA|PP755591.1|A/cattle/Texas/24-008749-003/2024(H5N1)	372	21280
NA|PP755591.1|A/cattle/Texas/24-008749-003/2024(H5N1)	373	21238
NA|PP755591.1|A/cattle/Texas/24-008749-003/2024(H5N1)	374	21264
NA|PP755591.1|A/cattle/Texas/24-008749-003/2024(H5N1)	375	21291
NA|PP755591.1|A/cattle/Texas/24-008749-003/2024(H5N1)	376	21640
NA|PP755591.1|A/cattle/Texas/24-008749-003/2024(H5N1)	377	21730
NA|PP755591.1|A/cattle/Texas/24-008749-003/2024(H5N1)	378	21547
NA|PP755591.1|A/cattle/Texas/24-008749-003/2024(H5N1)	379	21468
NA|PP755591.1|A/cattle/Texas/24-008749-003/2024(H5N1)	380	21455
NA|PP755591.1|A/cattle/Texas/24-008749-003/2024(H5N1)	381	21435
NA|PP755591.1|A/cattle/Texas/24-008749-003/2024(H5N1)	382	21434
NA|PP755591.1|A/cattle/Texas/24-008749-003/2024(H5N1)	383	21423
NA|PP755591.1|A/cattle/Texas/24-008749-003/2024(H5N1)	384	21532
NA|PP755591.1|A/cattle/Texas/24-008749-003/2024(H5N1)	385	20775
NA|PP755591.1|A/cattle/Texas/24-008749-003/2024(H5N1)	386	20795
NA|PP755591.1|A/cattle/Texas/24-008749-003/2024(H5N1)	387	20488
NA|PP755591.1|A/cattle/Texas/24-008749-003/2024(H5N1)	388	20420
NA|PP755591.1|A/cattle/Texas/24-008749-003/2024(H5N1)	389	20412
NA|PP755591.1|A/cattle/Texas/24-008749-003/2024(H5N1)	390	20502
NA|PP755591.1|A/cattle/Texas/24-008749-003/2024(H5N1)	391	20554
NA|PP755591.1|A/cattle/Texas/24-008749-003/2024(H5N1)	392	20761
NA|PP755591.1|A/cattle/Texas/24-008749-003/2024(H5N1)	393	20663
NA|PP755591.1|A/cattle/Texas/24-008749-003/2024(H5N1)	394	20631
NA|PP755591.1|A/cattle/Texas/24-008749-003/2024(H5N1)	395	20882
NA|PP755591.1|A/cattle/Texas/24-008749-003/2024(H5N1)	396	20840
NA|PP755591.1|A/cattle/Texas/24-008749-003/2024(H5N1)	397	20928
NA|PP755591.1|A/cattle/Texas/24-008749-003/2024(H5N1)	398	21142
NA|PP755591.1|A/cattle/Texas/24-008749-003/2024(H5N1)	399	21173
NA|PP755591.1|A/cattle/Texas/24-008749-003/2024(H5N1)	400	20949
NA|PP755591.1|A/cattle/Texas/24-008749-003/2024(H5N1)	401	20664
NA|PP755591.1|A/cattle/Texas/24-008749-003/2024(H5N1)	402	20978
NA|PP755591.1|A/cattle/Texas/24-008749-003/2024(H5N1)	403	21363
NA|PP755591.1|A/cattle/Texas/24-008749-003/2024(H5N1)	404	21543
NA|PP755591.1|A/cattle/Texas/24-008749-003/2024(H5N1)	405	21593
NA|PP755591.1|A/cattle/Texas/24-008749-003/2024(H5N1)	406	21514
NA|PP755591.1|A/cattle/Texas/24-008749-003/2024(H5N1)	407	21591
NA|PP755591.1|A/cattle/Texas/24-008749-003/2024(H5N1)	408	21606
NA|PP755591.1|A/cattle/Texas/24-008749-003/2024(H5N1)	409	21799
NA|PP755591.1|A/cattle/Texas/24-008749-003/2024(H5N1)	410	22172
NA|PP755591.1|A/cattle/Texas/24-008749-003/2024(H5N1)	411	21843
NA|PP755591.1|A/cattle/Texas/24-008749-003/2024(H5N1)	412	22576
NA|PP755591.1|A/cattle/Texas/24-008749-003/2024(H5N1)	413	22205
NA|PP755591.1|A/cattle/Texas/24-008749-003/2024(H5N1)	414	22126
NA|PP755591.1|A/cattle/Texas/24-008749-003/2024(H5N1)	415	22414
NA|PP755591.1|A/cattle/Texas/24-008749-003/2024(H5N1)	416	22311
NA|PP755591.1|A/cattle/Texas/24-008749-003/2024(H5N1)	417	22432
NA|PP755591.1|A/cattle/Texas/24-008749-003/2024(H5N1)	418	22552
NA|PP755591.1|A/cattle/Texas/24-008749-003/2024(H5N1)	419	22334
NA|PP755591.1|A/cattle/Texas/24-008749-003/2024(H5N1)	420	22369
NA|PP755591.1|A/cattle/Texas/24-008749-003/2024(H5N1)	421	22193
NA|PP755591.1|A/cattle/Texas/24-008749-003/2024(H5N1)	422	22285
NA|PP755591.1|A/cattle/Texas/24-008749-003/2024(H5N1)	423	22306
NA|PP755591.1|A/cattle/Texas/24-008749-003/2024(H5N1)	424	22022
NA|PP755591.1|A/cattle/Texas/24-008749-003/2024(H5N1)	425	22114
NA|PP755591.1|A/cattle/Texas/24-008749-003/2024(H5N1)	426	21734
NA|PP755591.1|A/cattle/Texas/24-008749-003/2024(H5N1)	427	21749
NA|PP755591.1|A/cattle/Texas/24-008749-003/2024(H5N1)	428	21796
NA|PP755591.1|A/cattle/Texas/24-008749-003/2024(H5N1)	429	21556
NA|PP755591.1|A/cattle/Texas/24-008749-003/2024(H5N1)	430	20661
NA|PP755591.1|A/cattle/Texas/24-008749-003/2024(H5N1)	431	20605
NA|PP755591.1|A/cattle/Texas/24-008749-003/2024(H5N1)	432	20705
NA|PP755591.1|A/cattle/Texas/24-008749-003/2024(H5N1)	433	20744
NA|PP755591.1|A/cattle/Texas/24-008749-003/2024(H5N1)	434	20772
NA|PP755591.1|A/cattle/Texas/24-008749-003/2024(H5N1)	435	20749
NA|PP755591.1|A/cattle/Texas/24-008749-003/2024(H5N1)	436	20753
NA|PP755591.1|A/cattle/Texas/24-008749-003/2024(H5N1)	437	20966
NA|PP755591.1|A/cattle/Texas/24-008749-003/2024(H5N1)	438	20911
NA|PP755591.1|A/cattle/Texas/24-008749-003/2024(H5N1)	439	20788
NA|PP755591.1|A/cattle/Texas/24-008749-003/2024(H5N1)	440	20874
NA|PP755591.1|A/cattle/Texas/24-008749-003/2024(H5N1)	441	20629
NA|PP755591.1|A/cattle/Texas/24-008749-003/2024(H5N1)	442	20450
NA|PP755591.1|A/cattle/Texas/24-008749-003/2024(H5N1)	443	20027
NA|PP755591.1|A/cattle/Texas/24-008749-003/2024(H5N1)	444	19970
NA|PP755591.1|A/cattle/Texas/24-008749-003/2024(H5N1)	445	22031
NA|PP755591.1|A/cattle/Texas/24-008749-003/2024(H5N1)	446	21380
NA|PP755591.1|A/cattle/Texas/24-008749-003/2024(H5N1)	447	21700
NA|PP755591.1|A/cattle/Texas/24-008749-003/2024(H5N1)	448	21575
NA|PP755591.1|A/cattle/Texas/24-008749-003/2024(H5N1)	449	21466
NA|PP755591.1|A/cattle/Texas/24-008749-003/2024(H5N1)	450	21963
NA|PP755591.1|A/cattle/Texas/24-008749-003/2024(H5N1)	451	21840
NA|PP755591.1|A/cattle/Texas/24-008749-003/2024(H5N1)	452	22104
NA|PP755591.1|A/cattle/Texas/24-008749-003/2024(H5N1)	453	22097
NA|PP755591.1|A/cattle/Texas/24-008749-003/2024(H5N1)	454	19871
NA|PP755591.1|A/cattle/Texas/24-008749-003/2024(H5N1)	455	19836
NA|PP755591.1|A/cattle/Texas/24-008749-003/2024(H5N1)	456	20437
NA|PP755591.1|A/cattle/Texas/24-008749-003/2024(H5N1)	457	20180
NA|PP755591.1|A/cattle/Texas/24-008749-003/2024(H5N1)	458	20176
NA|PP755591.1|A/cattle/Texas/24-008749-003/2024(H5N1)	459	20186
NA|PP755591.1|A/cattle/Texas/24-008749-003/2024(H5N1)	460	20240
NA|PP755591.1|A/cattle/Texas/24-008749-003/2024(H5N1)	461	20188
NA|PP755591.1|A/cattle/Texas/24-008749-003/2024(H5N1)	462	20426
NA|PP755591.1|A/cattle/Texas/24-008749-003/2024(H5N1)	463	20479
NA|PP755591.1|A/cattle/Texas/24-008749-003/2024(H5N1)	464	20484
NA|PP755591.1|A/cattle/Texas/24-008749-003/2024(H5N1)	465	20008
NA|PP755591.1|A/cattle/Texas/24-008749-003/2024(H5N1)	466	19996
NA|PP755591.1|A/cattle/Texas/24-008749-003/2024(H5N1)	467	20015
NA|PP755591.1|A/cattle/Texas/24-008749-003/2024(H5N1)	468	19846
NA|PP755591.1|A/cattle/Texas/24-008749-003/2024(H5N1)	469	19979
NA|PP755591.1|A/cattle/Texas/24-008749-003/2024(H5N1)	470	19779
NA|PP755591.1|A/cattle/Texas/24-008749-003/2024(H5N1)	471	20142
NA|PP755591.1|A/cattle/Texas/24-008749-003/2024(H5N1)	472	20298
NA|PP755591.1|A/cattle/Texas/24-008749-003/2024(H5N1)	473	20278
NA|PP755591.1|A/cattle/Texas/24-008749-003/2024(H5N1)	474	20306
NA|PP755591.1|A/cattle/Texas/24-008749-003/2024(H5N1)	475	20451
NA|PP755591.1|A/cattle/Texas/24-008749-003/2024(H5N1)	476	20593
NA|PP755591.1|A/cattle/Texas/24-008749-003/2024(H5N1)	477	20576
NA|PP755591.1|A/cattle/Texas/24-008749-003/2024(H5N1)	478	20089
NA|PP755591.1|A/cattle/Texas/24-008749-003/2024(H5N1)	479	20570
NA|PP755591.1|A/cattle/Texas/24-008749-003/2024(H5N1)	480	20922
NA|PP755591.1|A/cattle/Texas/24-008749-003/2024(H5N1)	481	20741
NA|PP755591.1|A/cattle/Texas/24-008749-003/2024(H5N1)	482	20882
NA|PP755591.1|A/cattle/Texas/24-008749-003/2024(H5N1)	483	20986
NA|PP755591.1|A/cattle/Texas/24-008749-003/2024(H5N1)	484	20873
NA|PP755591.1|A/cattle/Texas/24-008749-003/2024(H5N1)	485	20974
NA|PP755591.1|A/cattle/Texas/24-008749-003/2024(H5N1)	486	20797
NA|PP755591.1|A/cattle/Texas/24-008749-003/2024(H5N1)	487	20827
NA|PP755591.1|A/cattle/Texas/24-008749-003/2024(H5N1)	488	20597
NA|PP755591.1|A/cattle/Texas/24-008749-003/2024(H5N1)	489	20837
NA|PP755591.1|A/cattle/Texas/24-008749-003/2024(H5N1)	490	21034
NA|PP755591.1|A/cattle/Texas/24-008749-003/2024(H5N1)	491	20977
NA|PP755591.1|A/cattle/Texas/24-008749-003/2024(H5N1)	492	20847
NA|PP755591.1|A/cattle/Texas/24-008749-003/2024(H5N1)	493	20738
NA|PP755591.1|A/cattle/Texas/24-008749-003/2024(H5N1)	494	20740
NA|PP755591.1|A/cattle/Texas/24-008749-003/2024(H5N1)	495	21084
NA|PP755591.1|A/cattle/Texas/24-008749-003/2024(H5N1)	496	21178
NA|PP755591.1|A/cattle/Texas/24-008749-003/2024(H5N1)	497	21305
NA|PP755591.1|A/cattle/Texas/24-008749-003/2024(H5N1)	498	21103
NA|PP755591.1|A/cattle/Texas/24-008749-003/2024(H5N1)	499	21092
NA|PP755591.1|A/cattle/Texas/24-008749-003/2024(H5N1)	500	20795
NA|PP755591.1|A/cattle/Texas/24-008749-003/2024(H5N1)	501	20953
NA|PP755591.1|A/cattle/Texas/24-008749-003/2024(H5N1)	502	21839
NA|PP755591.1|A/cattle/Texas/24-008749-003/2024(H5N1)	503	22128
NA|PP755591.1|A/cattle/Texas/24-008749-003/2024(H5N1)	504	22053
NA|PP755591.1|A/cattle/Texas/24-008749-003/2024(H5N1)	505	21933
NA|PP755591.1|A/cattle/Texas/24-008749-003/2024(H5N1)	506	21631
NA|PP755591.1|A/cattle/Texas/24-008749-003/2024(H5N1)	507	21740
NA|PP755591.1|A/cattle/Texas/24-008749-003/2024(H5N1)	508	21711
NA|PP755591.1|A/cattle/Texas/24-008749-003/2024(H5N1)	509	21564
NA|PP755591.1|A/cattle/Texas/24-008749-003/2024(H5N1)	510	21508
NA|PP755591.1|A/cattle/Texas/24-008749-003/2024(H5N1)	511	20807
NA|PP755591.1|A/cattle/Texas/24-008749-003/2024(H5N1)	512	20963
NA|PP755591.1|A/cattle/Texas/24-008749-003/2024(H5N1)	513	20952
NA|PP755591.1|A/cattle/Texas/24-008749-003/2024(H5N1)	514	20804
NA|PP755591.1|A/cattle/Texas/24-008749-003/2024(H5N1)	515	20681
NA|PP755591.1|A/cattle/Texas/24-008749-003/2024(H5N1)	516	20574
NA|PP755591.1|A/cattle/Texas/24-008749-003/2024(H5N1)	517	20644
NA|PP755591.1|A/cattle/Texas/24-008749-003/2024(H5N1)	518	20681
NA|PP755591.1|A/cattle/Texas/24-008749-003/2024(H5N1)	519	20799
NA|PP755591.1|A/cattle/Texas/24-008749-003/2024(H5N1)	520	20810
NA|PP755591.1|A/cattle/Texas/24-008749-003/2024(H5N1)	521	20598
NA|PP755591.1|A/cattle/Texas/24-008749-003/2024(H5N1)	522	20587
NA|PP755591.1|A/cattle/Texas/24-008749-003/2024(H5N1)	523	20536
NA|PP755591.1|A/cattle/Texas/24-008749-003/2024(H5N1)	524	20573
NA|PP755591.1|A/cattle/Texas/24-008749-003/2024(H5N1)	525	20590
NA|PP755591.1|A/cattle/Texas/24-008749-003/2024(H5N1)	526	20589
NA|PP755591.1|A/cattle/Texas/24-008749-003/2024(H5N1)	527	20304
NA|PP755591.1|A/cattle/Texas/24-008749-003/2024(H5N1)	528	20214
NA|PP755591.1|A/cattle/Texas/24-008749-003/2024(H5N1)	529	20390
NA|PP755591.1|A/cattle/Texas/24-008749-003/2024(H5N1)	530	20399
NA|PP755591.1|A/cattle/Texas/24-008749-003/2024(H5N1)	531	20408
NA|PP755591.1|A/cattle/Texas/24-008749-003/2024(H5N1)	532	20396
NA|PP755591.1|A/cattle/Texas/24-008749-003/2024(H5N1)	533	20335
NA|PP755591.1|A/cattle/Texas/24-008749-003/2024(H5N1)	534	20300
NA|PP755591.1|A/cattle/Texas/24-008749-003/2024(H5N1)	535	20337
NA|PP755591.1|A/cattle/Texas/24-008749-003/2024(H5N1)	536	20201
NA|PP755591.1|A/cattle/Texas/24-008749-003/2024(H5N1)	537	20577
NA|PP755591.1|A/cattle/Texas/24-008749-003/2024(H5N1)	538	20459
NA|PP755591.1|A/cattle/Texas/24-008749-003/2024(H5N1)	539	20444
NA|PP755591.1|A/cattle/Texas/24-008749-003/2024(H5N1)	540	20628
NA|PP755591.1|A/cattle/Texas/24-008749-003/2024(H5N1)	541	20735
NA|PP755591.1|A/cattle/Texas/24-008749-003/2024(H5N1)	542	20808
NA|PP755591.1|A/cattle/Texas/24-008749-003/2024(H5N1)	543	20808
NA|PP755591.1|A/cattle/Texas/24-008749-003/2024(H5N1)	544	20804
NA|PP755591.1|A/cattle/Texas/24-008749-003/2024(H5N1)	545	21197
NA|PP755591.1|A/cattle/Texas/24-008749-003/2024(H5N1)	546	21195
NA|PP755591.1|A/cattle/Texas/24-008749-003/2024(H5N1)	547	21224
NA|PP755591.1|A/cattle/Texas/24-008749-003/2024(H5N1)	548	21130
NA|PP755591.1|A/cattle/Texas/24-008749-003/2024(H5N1)	549	20933
NA|PP755591.1|A/cattle/Texas/24-008749-003/2024(H5N1)	550	21170
NA|PP755591.1|A/cattle/Texas/24-008749-003/2024(H5N1)	551	21398
NA|PP755591.1|A/cattle/Texas/24-008749-003/2024(H5N1)	552	21471
NA|PP755591.1|A/cattle/Texas/24-008749-003/2024(H5N1)	553	21175
NA|PP755591.1|A/cattle/Texas/24-008749-003/2024(H5N1)	554	20750
NA|PP755591.1|A/cattle/Texas/24-008749-003/2024(H5N1)	555	20866
NA|PP755591.1|A/cattle/Texas/24-008749-003/2024(H5N1)	556	20837
NA|PP755591.1|A/cattle/Texas/24-008749-003/2024(H5N1)	557	20858
NA|PP755591.1|A/cattle/Texas/24-008749-003/2024(H5N1)	558	20801
NA|PP755591.1|A/cattle/Texas/24-008749-003/2024(H5N1)	559	20849
NA|PP755591.1|A/cattle/Texas/24-008749-003/2024(H5N1)	560	20666
NA|PP755591.1|A/cattle/Texas/24-008749-003/2024(H5N1)	561	20538
NA|PP755591.1|A/cattle/Texas/24-008749-003/2024(H5N1)	562	20531
NA|PP755591.1|A/cattle/Texas/24-008749-003/2024(H5N1)	563	19869
NA|PP755591.1|A/cattle/Texas/24-008749-003/2024(H5N1)	564	19829
NA|PP755591.1|A/cattle/Texas/24-008749-003/2024(H5N1)	565	19802
NA|PP755591.1|A/cattle/Texas/24-008749-003/2024(H5N1)	566	19653
NA|PP755591.1|A/cattle/Texas/24-008749-003/2024(H5N1)	567	19851
NA|PP755591.1|A/cattle/Texas/24-008749-003/2024(H5N1)	568	19518
NA|PP755591.1|A/cattle/Texas/24-008749-003/2024(H5N1)	569	19519
NA|PP755591.1|A/cattle/Texas/24-008749-003/2024(H5N1)	570	19720
NA|PP755591.1|A/cattle/Texas/24-008749-003/2024(H5N1)	571	19815
NA|PP755591.1|A/cattle/Texas/24-008749-003/2024(H5N1)	572	19772
NA|PP755591.1|A/cattle/Texas/24-008749-003/2024(H5N1)	573	19768
NA|PP755591.1|A/cattle/Texas/24-008749-003/2024(H5N1)	574	19814
NA|PP755591.1|A/cattle/Texas/24-008749-003/2024(H5N1)	575	19846
NA|PP755591.1|A/cattle/Texas/24-008749-003/2024(H5N1)	576	19820
NA|PP755591.1|A/cattle/Texas/24-008749-003/2024(H5N1)	577	19920
NA|PP755591.1|A/cattle/Texas/24-008749-003/2024(H5N1)	578	20070
NA|PP755591.1|A/cattle/Texas/24-008749-003/2024(H5N1)	579	20209
NA|PP755591.1|A/cattle/Texas/24-008749-003/2024(H5N1)	580	20213
NA|PP755591.1|A/cattle/Texas/24-008749-003/2024(H5N1)	581	20188
NA|PP755591.1|A/cattle/Texas/24-008749-003/2024(H5N1)	582	20188
NA|PP755591.1|A/cattle/Texas/24-008749-003/2024(H5N1)	583	20115
NA|PP755591.1|A/cattle/Texas/24-008749-003/2024(H5N1)	584	20194
NA|PP755591.1|A/cattle/Texas/24-008749-003/2024(H5N1)	585	20239
NA|PP755591.1|A/cattle/Texas/24-008749-003/2024(H5N1)	586	21013
NA|PP755591.1|A/cattle/Texas/24-008749-003/2024(H5N1)	587	21004
NA|PP755591.1|A/cattle/Texas/24-008749-003/2024(H5N1)	588	20725
NA|PP755591.1|A/cattle/Texas/24-008749-003/2024(H5N1)	589	21117
NA|PP755591.1|A/cattle/Texas/24-008749-003/2024(H5N1)	590	21121
NA|PP755591.1|A/cattle/Texas/24-008749-003/2024(H5N1)	591	21139
NA|PP755591.1|A/cattle/Texas/24-008749-003/2024(H5N1)	592	21203
NA|PP755591.1|A/cattle/Texas/24-008749-003/2024(H5N1)	593	21022
NA|PP755591.1|A/cattle/Texas/24-008749-003/2024(H5N1)	594	21333
NA|PP755591.1|A/cattle/Texas/24-008749-003/2024(H5N1)	595	21371
NA|PP755591.1|A/cattle/Texas/24-008749-003/2024(H5N1)	596	19813
NA|PP755591.1|A/cattle/Texas/24-008749-003/2024(H5N1)	597	20623
NA|PP755591.1|A/cattle/Texas/24-008749-003/2024(H5N1)	598	21062
NA|PP755591.1|A/cattle/Texas/24-008749-003/2024(H5N1)	599	21265
NA|PP755591.1|A/cattle/Texas/24-008749-003/2024(H5N1)	600	21262
NA|PP755591.1|A/cattle/Texas/24-008749-003/2024(H5N1)	601	20740
NA|PP755591.1|A/cattle/Texas/24-008749-003/2024(H5N1)	602	20775
NA|PP755591.1|A/cattle/Texas/24-008749-003/2024(H5N1)	603	20537
NA|PP755591.1|A/cattle/Texas/24-008749-003/2024(H5N1)	604	20597
NA|PP755591.1|A/cattle/Texas/24-008749-003/2024(H5N1)	605	21279
NA|PP755591.1|A/cattle/Texas/24-008749-003/2024(H5N1)	606	20558
NA|PP755591.1|A/cattle/Texas/24-008749-003/2024(H5N1)	607	20626
NA|PP755591.1|A/cattle/Texas/24-008749-003/2024(H5N1)	608	20462
NA|PP755591.1|A/cattle/Texas/24-008749-003/2024(H5N1)	609	20492
NA|PP755591.1|A/cattle/Texas/24-008749-003/2024(H5N1)	610	20402
NA|PP755591.1|A/cattle/Texas/24-008749-003/2024(H5N1)	611	20144
NA|PP755591.1|A/cattle/Texas/24-008749-003/2024(H5N1)	612	19902
NA|PP755591.1|A/cattle/Texas/24-008749-003/2024(H5N1)	613	20554
NA|PP755591.1|A/cattle/Texas/24-008749-003/2024(H5N1)	614	20734
NA|PP755591.1|A/cattle/Texas/24-008749-003/2024(H5N1)	615	20873
NA|PP755591.1|A/cattle/Texas/24-008749-003/2024(H5N1)	616	20969
NA|PP755591.1|A/cattle/Texas/24-008749-003/2024(H5N1)	617	20891
NA|PP755591.1|A/cattle/Texas/24-008749-003/2024(H5N1)	618	21098
NA|PP755591.1|A/cattle/Texas/24-008749-003/2024(H5N1)	619	21043
NA|PP755591.1|A/cattle/Texas/24-008749-003/2024(H5N1)	620	20922
NA|PP755591.1|A/cattle/Texas/24-008749-003/2024(H5N1)	621	21378
NA|PP755591.1|A/cattle/Texas/24-008749-003/2024(H5N1)	622	20722
NA|PP755591.1|A/cattle/Texas/24-008749-003/2024(H5N1)	623	20826
NA|PP755591.1|A/cattle/Texas/24-008749-003/2024(H5N1)	624	20872
NA|PP755591.1|A/cattle/Texas/24-008749-003/2024(H5N1)	625	20719
NA|PP755591.1|A/cattle/Texas/24-008749-003/2024(H5N1)	626	20728
NA|PP755591.1|A/cattle/Texas/24-008749-003/2024(H5N1)	627	20572
NA|PP755591.1|A/cattle/Texas/24-008749-003/2024(H5N1)	628	20426
NA|PP755591.1|A/cattle/Texas/24-008749-003/2024(H5N1)	629	20864
NA|PP755591.1|A/cattle/Texas/24-008749-003/2024(H5N1)	630	20090
NA|PP755591.1|A/cattle/Texas/24-008749-003/2024(H5N1)	631	20091
NA|PP755591.1|A/cattle/Texas/24-008749-003/2024(H5N1)	632	20185
NA|PP755591.1|A/cattle/Texas/24-008749-003/2024(H5N1)	633	20089
NA|PP755591.1|A/cattle/Texas/24-008749-003/2024(H5N1)	634	20105
NA|PP755591.1|A/cattle/Texas/24-008749-003/2024(H5N1)	635	20102
NA|PP755591.1|A/cattle/Texas/24-008749-003/2024(H5N1)	636	20117
NA|PP755591.1|A/cattle/Texas/24-008749-003/2024(H5N1)	637	20071
NA|PP755591.1|A/cattle/Texas/24-008749-003/2024(H5N1)	638	19859
NA|PP755591.1|A/cattle/Texas/24-008749-003/2024(H5N1)	639	19896
NA|PP755591.1|A/cattle/Texas/24-008749-003/2024(H5N1)	640	19725
NA|PP755591.1|A/cattle/Texas/24-008749-003/2024(H5N1)	641	19528
NA|PP755591.1|A/cattle/Texas/24-008749-003/2024(H5N1)	642	19506
NA|PP755591.1|A/cattle/Texas/24-008749-003/2024(H5N1)	643	19548
NA|PP755591.1|A/cattle/Texas/24-008749-003/2024(H5N1)	644	19701
NA|PP755591.1|A/cattle/Texas/24-008749-003/2024(H5N1)	645	19762
NA|PP755591.1|A/cattle/Texas/24-008749-003/2024(H5N1)	646	20119
NA|PP755591.1|A/cattle/Texas/24-008749-003/2024(H5N1)	647	20086
NA|PP755591.1|A/cattle/Texas/24-008749-003/2024(H5N1)	648	19830
NA|PP755591.1|A/cattle/Texas/24-008749-003/2024(H5N1)	649	19803
NA|PP755591.1|A/cattle/Texas/24-008749-003/2024(H5N1)	650	19726
NA|PP755591.1|A/cattle/Texas/24-008749-003/2024(H5N1)	651	19960
NA|PP755591.1|A/cattle/Texas/24-008749-003/2024(H5N1)	652	19776
NA|PP755591.1|A/cattle/Texas/24-008749-003/2024(H5N1)	653	19028
NA|PP755591.1|A/cattle/Texas/24-008749-003/2024(H5N1)	654	18698
NA|PP755591.1|A/cattle/Texas/24-008749-003/2024(H5N1)	655	18558
NA|PP755591.1|A/cattle/Texas/24-008749-003/2024(H5N1)	656	18563
NA|PP755591.1|A/cattle/Texas/24-008749-003/2024(H5N1)	657	18568
NA|PP755591.1|A/cattle/Texas/24-008749-003/2024(H5N1)	658	18875
NA|PP755591.1|A/cattle/Texas/24-008749-003/2024(H5N1)	659	18888
NA|PP755591.1|A/cattle/Texas/24-008749-003/2024(H5N1)	660	18794
NA|PP755591.1|A/cattle/Texas/24-008749-003/2024(H5N1)	661	18776
NA|PP755591.1|A/cattle/Texas/24-008749-003/2024(H5N1)	662	18786
NA|PP755591.1|A/cattle/Texas/24-008749-003/2024(H5N1)	663	18686
NA|PP755591.1|A/cattle/Texas/24-008749-003/2024(H5N1)	664	18702
NA|PP755591.1|A/cattle/Texas/24-008749-003/2024(H5N1)	665	18818
NA|PP755591.1|A/cattle/Texas/24-008749-003/2024(H5N1)	666	18913
NA|PP755591.1|A/cattle/Texas/24-008749-003/2024(H5N1)	667	18905
NA|PP755591.1|A/cattle/Texas/24-008749-003/2024(H5N1)	668	18822
NA|PP755591.1|A/cattle/Texas/24-008749-003/2024(H5N1)	669	18782
NA|PP755591.1|A/cattle/Texas/24-008749-003/2024(H5N1)	670	19075
NA|PP755591.1|A/cattle/Texas/24-008749-003/2024(H5N1)	671	19076
NA|PP755591.1|A/cattle/Texas/24-008749-003/2024(H5N1)	672	19072
NA|PP755591.1|A/cattle/Texas/24-008749-003/2024(H5N1)	673	19106
NA|PP755591.1|A/cattle/Texas/24-008749-003/2024(H5N1)	674	19152
NA|PP755591.1|A/cattle/Texas/24-008749-003/2024(H5N1)	675	19505
NA|PP755591.1|A/cattle/Texas/24-008749-003/2024(H5N1)	676	19483
NA|PP755591.1|A/cattle/Texas/24-008749-003/2024(H5N1)	677	19533
NA|PP755591.1|A/cattle/Texas/24-008749-003/2024(H5N1)	678	19485
NA|PP755591.1|A/cattle/Texas/24-008749-003/2024(H5N1)	679	19411
NA|PP755591.1|A/cattle/Texas/24-008749-003/2024(H5N1)	680	19489
NA|PP755591.1|A/cattle/Texas/24-008749-003/2024(H5N1)	681	19484
NA|PP755591.1|A/cattle/Texas/24-008749-003/2024(H5N1)	682	19560
NA|PP755591.1|A/cattle/Texas/24-008749-003/2024(H5N1)	683	19695
NA|PP755591.1|A/cattle/Texas/24-008749-003/2024(H5N1)	684	20005
NA|PP755591.1|A/cattle/Texas/24-008749-003/2024(H5N1)	685	19972
NA|PP755591.1|A/cattle/Texas/24-008749-003/2024(H5N1)	686	19651
NA|PP755591.1|A/cattle/Texas/24-008749-003/2024(H5N1)	687	19618
NA|PP755591.1|A/cattle/Texas/24-008749-003/2024(H5N1)	688	19894
NA|PP755591.1|A/cattle/Texas/24-008749-003/2024(H5N1)	689	19913
NA|PP755591.1|A/cattle/Texas/24-008749-003/2024(H5N1)	690	20007
NA|PP755591.1|A/cattle/Texas/24-008749-003/2024(H5N1)	691	19755
NA|PP755591.1|A/cattle/Texas/24-008749-003/2024(H5N1)	692	19802
NA|PP755591.1|A/cattle/Texas/24-008749-003/2024(H5N1)	693	19679
NA|PP755591.1|A/cattle/Texas/24-008749-003/2024(H5N1)	694	19680
NA|PP755591.1|A/cattle/Texas/24-008749-003/2024(H5N1)	695	19422
NA|PP755591.1|A/cattle/Texas/24-008749-003/2024(H5N1)	696	19409
NA|PP755591.1|A/cattle/Texas/24-008749-003/2024(H5N1)	697	19518
NA|PP755591.1|A/cattle/Texas/24-008749-003/2024(H5N1)	698	19559
NA|PP755591.1|A/cattle/Texas/24-008749-003/2024(H5N1)	699	20077
NA|PP755591.1|A/cattle/Texas/24-008749-003/2024(H5N1)	700	20086
NA|PP755591.1|A/cattle/Texas/24-008749-003/2024(H5N1)	701	19867
NA|PP755591.1|A/cattle/Texas/24-008749-003/2024(H5N1)	702	19619
NA|PP755591.1|A/cattle/Texas/24-008749-003/2024(H5N1)	703	20093
NA|PP755591.1|A/cattle/Texas/24-008749-003/2024(H5N1)	704	20088
NA|PP755591.1|A/cattle/Texas/24-008749-003/2024(H5N1)	705	20108
NA|PP755591.1|A/cattle/Texas/24-008749-003/2024(H5N1)	706	19785
NA|PP755591.1|A/cattle/Texas/24-008749-003/2024(H5N1)	707	19967
NA|PP755591.1|A/cattle/Texas/24-008749-003/2024(H5N1)	708	19714
NA|PP755591.1|A/cattle/Texas/24-008749-003/2024(H5N1)	709	19724
NA|PP755591.1|A/cattle/Texas/24-008749-003/2024(H5N1)	710	19732
NA|PP755591.1|A/cattle/Texas/24-008749-003/2024(H5N1)	711	19837
NA|PP755591.1|A/cattle/Texas/24-008749-003/2024(H5N1)	712	19805
NA|PP755591.1|A/cattle/Texas/24-008749-003/2024(H5N1)	713	20001
NA|PP755591.1|A/cattle/Texas/24-008749-003/2024(H5N1)	714	20190
NA|PP755591.1|A/cattle/Texas/24-008749-003/2024(H5N1)	715	20260
NA|PP755591.1|A/cattle/Texas/24-008749-003/2024(H5N1)	716	20060
NA|PP755591.1|A/cattle/Texas/24-008749-003/2024(H5N1)	717	20631
NA|PP755591.1|A/cattle/Texas/24-008749-003/2024(H5N1)	718	20703
NA|PP755591.1|A/cattle/Texas/24-008749-003/2024(H5N1)	719	21644
NA|PP755591.1|A/cattle/Texas/24-008749-003/2024(H5N1)	720	21409
NA|PP755591.1|A/cattle/Texas/24-008749-003/2024(H5N1)	721	21503
NA|PP755591.1|A/cattle/Texas/24-008749-003/2024(H5N1)	722	21476
NA|PP755591.1|A/cattle/Texas/24-008749-003/2024(H5N1)	723	21574
NA|PP755591.1|A/cattle/Texas/24-008749-003/2024(H5N1)	724	21562
NA|PP755591.1|A/cattle/Texas/24-008749-003/2024(H5N1)	725	21575
NA|PP755591.1|A/cattle/Texas/24-008749-003/2024(H5N1)	726	21590
NA|PP755591.1|A/cattle/Texas/24-008749-003/2024(H5N1)	727	21749
NA|PP755591.1|A/cattle/Texas/24-008749-003/2024(H5N1)	728	22324
NA|PP755591.1|A/cattle/Texas/24-008749-003/2024(H5N1)	729	22150
NA|PP755591.1|A/cattle/Texas/24-008749-003/2024(H5N1)	730	22081
NA|PP755591.1|A/cattle/Texas/24-008749-003/2024(H5N1)	731	22365
NA|PP755591.1|A/cattle/Texas/24-008749-003/2024(H5N1)	732	22412
NA|PP755591.1|A/cattle/Texas/24-008749-003/2024(H5N1)	733	22603
NA|PP755591.1|A/cattle/Texas/24-008749-003/2024(H5N1)	734	22660
NA|PP755591.1|A/cattle/Texas/24-008749-003/2024(H5N1)	735	22795
NA|PP755591.1|A/cattle/Texas/24-008749-003/2024(H5N1)	736	22807
NA|PP755591.1|A/cattle/Texas/24-008749-003/2024(H5N1)	737	21964
NA|PP755591.1|A/cattle/Texas/24-008749-003/2024(H5N1)	738	22025
NA|PP755591.1|A/cattle/Texas/24-008749-003/2024(H5N1)	739	22059
NA|PP755591.1|A/cattle/Texas/24-008749-003/2024(H5N1)	740	22532
NA|PP755591.1|A/cattle/Texas/24-008749-003/2024(H5N1)	741	22811
NA|PP755591.1|A/cattle/Texas/24-008749-003/2024(H5N1)	742	22602
NA|PP755591.1|A/cattle/Texas/24-008749-003/2024(H5N1)	743	22541
NA|PP755591.1|A/cattle/Texas/24-008749-003/2024(H5N1)	744	22218
NA|PP755591.1|A/cattle/Texas/24-008749-003/2024(H5N1)	745	22572
NA|PP755591.1|A/cattle/Texas/24-008749-003/2024(H5N1)	746	22642
NA|PP755591.1|A/cattle/Texas/24-008749-003/2024(H5N1)	747	22624
NA|PP755591.1|A/cattle/Texas/24-008749-003/2024(H5N1)	748	21891
NA|PP755591.1|A/cattle/Texas/24-008749-003/2024(H5N1)	749	20964
NA|PP755591.1|A/cattle/Texas/24-008749-003/2024(H5N1)	750	20830
NA|PP755591.1|A/cattle/Texas/24-008749-003/2024(H5N1)	751	21640
NA|PP755591.1|A/cattle/Texas/24-008749-003/2024(H5N1)	752	21714
NA|PP755591.1|A/cattle/Texas/24-008749-003/2024(H5N1)	753	21484
NA|PP755591.1|A/cattle/Texas/24-008749-003/2024(H5N1)	754	20691
NA|PP755591.1|A/cattle/Texas/24-008749-003/2024(H5N1)	755	20839
NA|PP755591.1|A/cattle/Texas/24-008749-003/2024(H5N1)	756	21003
NA|PP755591.1|A/cattle/Texas/24-008749-003/2024(H5N1)	757	21069
NA|PP755591.1|A/cattle/Texas/24-008749-003/2024(H5N1)	758	21011
NA|PP755591.1|A/cattle/Texas/24-008749-003/2024(H5N1)	759	20938
NA|PP755591.1|A/cattle/Texas/24-008749-003/2024(H5N1)	760	20896
NA|PP755591.1|A/cattle/Texas/24-008749-003/2024(H5N1)	761	20961
NA|PP755591.1|A/cattle/Texas/24-008749-003/2024(H5N1)	762	20926
NA|PP755591.1|A/cattle/Texas/24-008749-003/2024(H5N1)	763	20998
NA|PP755591.1|A/cattle/Texas/24-008749-003/2024(H5N1)	764	20165
NA|PP755591.1|A/cattle/Texas/24-008749-003/2024(H5N1)	765	20221
NA|PP755591.1|A/cattle/Texas/24-008749-003/2024(H5N1)	766	20194
NA|PP755591.1|A/cattle/Texas/24-008749-003/2024(H5N1)	767	20285
NA|PP755591.1|A/cattle/Texas/24-008749-003/2024(H5N1)	768	20084
NA|PP755591.1|A/cattle/Texas/24-008749-003/2024(H5N1)	769	20087
NA|PP755591.1|A/cattle/Texas/24-008749-003/2024(H5N1)	770	20262
NA|PP755591.1|A/cattle/Texas/24-008749-003/2024(H5N1)	771	20281
NA|PP755591.1|A/cattle/Texas/24-008749-003/2024(H5N1)	772	19914
NA|PP755591.1|A/cattle/Texas/24-008749-003/2024(H5N1)	773	19913
NA|PP755591.1|A/cattle/Texas/24-008749-003/2024(H5N1)	774	19669
NA|PP755591.1|A/cattle/Texas/24-008749-003/2024(H5N1)	775	19748
NA|PP755591.1|A/cattle/Texas/24-008749-003/2024(H5N1)	776	19728
NA|PP755591.1|A/cattle/Texas/24-008749-003/2024(H5N1)	777	19733
NA|PP755591.1|A/cattle/Texas/24-008749-003/2024(H5N1)	778	19704
NA|PP755591.1|A/cattle/Texas/24-008749-003/2024(H5N1)	779	19445
NA|PP755591.1|A/cattle/Texas/24-008749-003/2024(H5N1)	780	19235
NA|PP755591.1|A/cattle/Texas/24-008749-003/2024(H5N1)	781	19204
NA|PP755591.1|A/cattle/Texas/24-008749-003/2024(H5N1)	782	19218
NA|PP755591.1|A/cattle/Texas/24-008749-003/2024(H5N1)	783	19120
NA|PP755591.1|A/cattle/Texas/24-008749-003/2024(H5N1)	784	19075
NA|PP755591.1|A/cattle/Texas/24-008749-003/2024(H5N1)	785	18989
NA|PP755591.1|A/cattle/Texas/24-008749-003/2024(H5N1)	786	18943
NA|PP755591.1|A/cattle/Texas/24-008749-003/2024(H5N1)	787	18888
NA|PP755591.1|A/cattle/Texas/24-008749-003/2024(H5N1)	788	18879
NA|PP755591.1|A/cattle/Texas/24-008749-003/2024(H5N1)	789	18791
NA|PP755591.1|A/cattle/Texas/24-008749-003/2024(H5N1)	790	18743
NA|PP755591.1|A/cattle/Texas/24-008749-003/2024(H5N1)	791	18894
NA|PP755591.1|A/cattle/Texas/24-008749-003/2024(H5N1)	792	18848
NA|PP755591.1|A/cattle/Texas/24-008749-003/2024(H5N1)	793	19005
NA|PP755591.1|A/cattle/Texas/24-008749-003/2024(H5N1)	794	18933
NA|PP755591.1|A/cattle/Texas/24-008749-003/2024(H5N1)	795	18523
NA|PP755591.1|A/cattle/Texas/24-008749-003/2024(H5N1)	796	18379
NA|PP755591.1|A/cattle/Texas/24-008749-003/2024(H5N1)	797	18180
NA|PP755591.1|A/cattle/Texas/24-008749-003/2024(H5N1)	798	18079
NA|PP755591.1|A/cattle/Texas/24-008749-003/2024(H5N1)	799	18428
NA|PP755591.1|A/cattle/Texas/24-008749-003/2024(H5N1)	800	18489
NA|PP755591.1|A/cattle/Texas/24-008749-003/2024(H5N1)	801	19288
NA|PP755591.1|A/cattle/Texas/24-008749-003/2024(H5N1)	802	19168
NA|PP755591.1|A/cattle/Texas/24-008749-003/2024(H5N1)	803	19229
NA|PP755591.1|A/cattle/Texas/24-008749-003/2024(H5N1)	804	19236
NA|PP755591.1|A/cattle/Texas/24-008749-003/2024(H5N1)	805	19299
NA|PP755591.1|A/cattle/Texas/24-008749-003/2024(H5N1)	806	20156
NA|PP755591.1|A/cattle/Texas/24-008749-003/2024(H5N1)	807	20246
NA|PP755591.1|A/cattle/Texas/24-008749-003/2024(H5N1)	808	19828
NA|PP755591.1|A/cattle/Texas/24-008749-003/2024(H5N1)	809	19860
NA|PP755591.1|A/cattle/Texas/24-008749-003/2024(H5N1)	810	19869
NA|PP755591.1|A/cattle/Texas/24-008749-003/2024(H5N1)	811	19763
NA|PP755591.1|A/cattle/Texas/24-008749-003/2024(H5N1)	812	20135
NA|PP755591.1|A/cattle/Texas/24-008749-003/2024(H5N1)	813	20082
NA|PP755591.1|A/cattle/Texas/24-008749-003/2024(H5N1)	814	20165
NA|PP755591.1|A/cattle/Texas/24-008749-003/2024(H5N1)	815	20092
NA|PP755591.1|A/cattle/Texas/24-008749-003/2024(H5N1)	816	20025
NA|PP755591.1|A/cattle/Texas/24-008749-003/2024(H5N1)	817	20497
NA|PP755591.1|A/cattle/Texas/24-008749-003/2024(H5N1)	818	20497
NA|PP755591.1|A/cattle/Texas/24-008749-003/2024(H5N1)	819	20519
NA|PP755591.1|A/cattle/Texas/24-008749-003/2024(H5N1)	820	20471
NA|PP755591.1|A/cattle/Texas/24-008749-003/2024(H5N1)	821	20040
NA|PP755591.1|A/cattle/Texas/24-008749-003/2024(H5N1)	822	20181
NA|PP755591.1|A/cattle/Texas/24-008749-003/2024(H5N1)	823	20133
NA|PP755591.1|A/cattle/Texas/24-008749-003/2024(H5N1)	824	20081
NA|PP755591.1|A/cattle/Texas/24-008749-003/2024(H5N1)	825	20153
NA|PP755591.1|A/cattle/Texas/24-008749-003/2024(H5N1)	826	19783
NA|PP755591.1|A/cattle/Texas/24-008749-003/2024(H5N1)	827	19896
NA|PP755591.1|A/cattle/Texas/24-008749-003/2024(H5N1)	828	19871
NA|PP755591.1|A/cattle/Texas/24-008749-003/2024(H5N1)	829	19964
NA|PP755591.1|A/cattle/Texas/24-008749-003/2024(H5N1)	830	19911
NA|PP755591.1|A/cattle/Texas/24-008749-003/2024(H5N1)	831	19855
NA|PP755591.1|A/cattle/Texas/24-008749-003/2024(H5N1)	832	19964
NA|PP755591.1|A/cattle/Texas/24-008749-003/2024(H5N1)	833	20029
NA|PP755591.1|A/cattle/Texas/24-008749-003/2024(H5N1)	834	20043
NA|PP755591.1|A/cattle/Texas/24-008749-003/2024(H5N1)	835	19773
NA|PP755591.1|A/cattle/Texas/24-008749-003/2024(H5N1)	836	19777
NA|PP755591.1|A/cattle/Texas/24-008749-003/2024(H5N1)	837	19602
NA|PP755591.1|A/cattle/Texas/24-008749-003/2024(H5N1)	838	19512
NA|PP755591.1|A/cattle/Texas/24-008749-003/2024(H5N1)	839	19894
NA|PP755591.1|A/cattle/Texas/24-008749-003/2024(H5N1)	840	20129
NA|PP755591.1|A/cattle/Texas/24-008749-003/2024(H5N1)	841	20001
NA|PP755591.1|A/cattle/Texas/24-008749-003/2024(H5N1)	842	20071
NA|PP755591.1|A/cattle/Texas/24-008749-003/2024(H5N1)	843	19946
NA|PP755591.1|A/cattle/Texas/24-008749-003/2024(H5N1)	844	19990
NA|PP755591.1|A/cattle/Texas/24-008749-003/2024(H5N1)	845	20521
NA|PP755591.1|A/cattle/Texas/24-008749-003/2024(H5N1)	846	20406
NA|PP755591.1|A/cattle/Texas/24-008749-003/2024(H5N1)	847	20192
NA|PP755591.1|A/cattle/Texas/24-008749-003/2024(H5N1)	848	19938
NA|PP755591.1|A/cattle/Texas/24-008749-003/2024(H5N1)	849	19382
NA|PP755591.1|A/cattle/Texas/24-008749-003/2024(H5N1)	850	19418
NA|PP755591.1|A/cattle/Texas/24-008749-003/2024(H5N1)	851	19480
NA|PP755591.1|A/cattle/Texas/24-008749-003/2024(H5N1)	852	19467
NA|PP755591.1|A/cattle/Texas/24-008749-003/2024(H5N1)	853	19464
NA|PP755591.1|A/cattle/Texas/24-008749-003/2024(H5N1)	854	18911
NA|PP755591.1|A/cattle/Texas/24-008749-003/2024(H5N1)	855	19129
NA|PP755591.1|A/cattle/Texas/24-008749-003/2024(H5N1)	856	19457
NA|PP755591.1|A/cattle/Texas/24-008749-003/2024(H5N1)	857	19482
NA|PP755591.1|A/cattle/Texas/24-008749-003/2024(H5N1)	858	19310
NA|PP755591.1|A/cattle/Texas/24-008749-003/2024(H5N1)	859	19884
NA|PP755591.1|A/cattle/Texas/24-008749-003/2024(H5N1)	860	20352
NA|PP755591.1|A/cattle/Texas/24-008749-003/2024(H5N1)	861	20942
NA|PP755591.1|A/cattle/Texas/24-008749-003/2024(H5N1)	862	20860
NA|PP755591.1|A/cattle/Texas/24-008749-003/2024(H5N1)	863	21036
NA|PP755591.1|A/cattle/Texas/24-008749-003/2024(H5N1)	864	20595
NA|PP755591.1|A/cattle/Texas/24-008749-003/2024(H5N1)	865	21343
NA|PP755591.1|A/cattle/Texas/24-008749-003/2024(H5N1)	866	21186
NA|PP755591.1|A/cattle/Texas/24-008749-003/2024(H5N1)	867	21288
NA|PP755591.1|A/cattle/Texas/24-008749-003/2024(H5N1)	868	20709
NA|PP755591.1|A/cattle/Texas/24-008749-003/2024(H5N1)	869	20714
NA|PP755591.1|A/cattle/Texas/24-008749-003/2024(H5N1)	870	19703
NA|PP755591.1|A/cattle/Texas/24-008749-003/2024(H5N1)	871	19729
NA|PP755591.1|A/cattle/Texas/24-008749-003/2024(H5N1)	872	19627
NA|PP755591.1|A/cattle/Texas/24-008749-003/2024(H5N1)	873	20078
NA|PP755591.1|A/cattle/Texas/24-008749-003/2024(H5N1)	874	20114
NA|PP755591.1|A/cattle/Texas/24-008749-003/2024(H5N1)	875	20434
NA|PP755591.1|A/cattle/Texas/24-008749-003/2024(H5N1)	876	20817
NA|PP755591.1|A/cattle/Texas/24-008749-003/2024(H5N1)	877	20612
NA|PP755591.1|A/cattle/Texas/24-008749-003/2024(H5N1)	878	20683
NA|PP755591.1|A/cattle/Texas/24-008749-003/2024(H5N1)	879	20621
NA|PP755591.1|A/cattle/Texas/24-008749-003/2024(H5N1)	880	20714
NA|PP755591.1|A/cattle/Texas/24-008749-003/2024(H5N1)	881	20680
NA|PP755591.1|A/cattle/Texas/24-008749-003/2024(H5N1)	882	20891
NA|PP755591.1|A/cattle/Texas/24-008749-003/2024(H5N1)	883	20872
NA|PP755591.1|A/cattle/Texas/24-008749-003/2024(H5N1)	884	20970
NA|PP755591.1|A/cattle/Texas/24-008749-003/2024(H5N1)	885	20935
NA|PP755591.1|A/cattle/Texas/24-008749-003/2024(H5N1)	886	20736
NA|PP755591.1|A/cattle/Texas/24-008749-003/2024(H5N1)	887	20796
NA|PP755591.1|A/cattle/Texas/24-008749-003/2024(H5N1)	888	20830
NA|PP755591.1|A/cattle/Texas/24-008749-003/2024(H5N1)	889	20724
NA|PP755591.1|A/cattle/Texas/24-008749-003/2024(H5N1)	890	20697
NA|PP755591.1|A/cattle/Texas/24-008749-003/2024(H5N1)	891	19716
NA|PP755591.1|A/cattle/Texas/24-008749-003/2024(H5N1)	892	20572
NA|PP755591.1|A/cattle/Texas/24-008749-003/2024(H5N1)	893	21228
NA|PP755591.1|A/cattle/Texas/24-008749-003/2024(H5N1)	894	20946
NA|PP755591.1|A/cattle/Texas/24-008749-003/2024(H5N1)	895	20942
NA|PP755591.1|A/cattle/Texas/24-008749-003/2024(H5N1)	896	20812
NA|PP755591.1|A/cattle/Texas/24-008749-003/2024(H5N1)	897	20794
NA|PP755591.1|A/cattle/Texas/24-008749-003/2024(H5N1)	898	20962
NA|PP755591.1|A/cattle/Texas/24-008749-003/2024(H5N1)	899	20969
NA|PP755591.1|A/cattle/Texas/24-008749-003/2024(H5N1)	900	20939
NA|PP755591.1|A/cattle/Texas/24-008749-003/2024(H5N1)	901	20139
NA|PP755591.1|A/cattle/Texas/24-008749-003/2024(H5N1)	902	20120
NA|PP755591.1|A/cattle/Texas/24-008749-003/2024(H5N1)	903	20300
NA|PP755591.1|A/cattle/Texas/24-008749-003/2024(H5N1)	904	20295
NA|PP755591.1|A/cattle/Texas/24-008749-003/2024(H5N1)	905	20129
NA|PP755591.1|A/cattle/Texas/24-008749-003/2024(H5N1)	906	20179
NA|PP755591.1|A/cattle/Texas/24-008749-003/2024(H5N1)	907	20192
NA|PP755591.1|A/cattle/Texas/24-008749-003/2024(H5N1)	908	20280
NA|PP755591.1|A/cattle/Texas/24-008749-003/2024(H5N1)	909	20409
NA|PP755591.1|A/cattle/Texas/24-008749-003/2024(H5N1)	910	20452
NA|PP755591.1|A/cattle/Texas/24-008749-003/2024(H5N1)	911	20332
NA|PP755591.1|A/cattle/Texas/24-008749-003/2024(H5N1)	912	20311
NA|PP755591.1|A/cattle/Texas/24-008749-003/2024(H5N1)	913	20310
NA|PP755591.1|A/cattle/Texas/24-008749-003/2024(H5N1)	914	20241
NA|PP755591.1|A/cattle/Texas/24-008749-003/2024(H5N1)	915	20204
NA|PP755591.1|A/cattle/Texas/24-008749-003/2024(H5N1)	916	20174
NA|PP755591.1|A/cattle/Texas/24-008749-003/2024(H5N1)	917	20198
NA|PP755591.1|A/cattle/Texas/24-008749-003/2024(H5N1)	918	20077
NA|PP755591.1|A/cattle/Texas/24-008749-003/2024(H5N1)	919	20487
NA|PP755591.1|A/cattle/Texas/24-008749-003/2024(H5N1)	920	20504
NA|PP755591.1|A/cattle/Texas/24-008749-003/2024(H5N1)	921	20335
NA|PP755591.1|A/cattle/Texas/24-008749-003/2024(H5N1)	922	20305
NA|PP755591.1|A/cattle/Texas/24-008749-003/2024(H5N1)	923	20233
NA|PP755591.1|A/cattle/Texas/24-008749-003/2024(H5N1)	924	20263
NA|PP755591.1|A/cattle/Texas/24-008749-003/2024(H5N1)	925	20425
NA|PP755591.1|A/cattle/Texas/24-008749-003/2024(H5N1)	926	20651
NA|PP755591.1|A/cattle/Texas/24-008749-003/2024(H5N1)	927	20680
NA|PP755591.1|A/cattle/Texas/24-008749-003/2024(H5N1)	928	20605
NA|PP755591.1|A/cattle/Texas/24-008749-003/2024(H5N1)	929	20566
NA|PP755591.1|A/cattle/Texas/24-008749-003/2024(H5N1)	930	20578
NA|PP755591.1|A/cattle/Texas/24-008749-003/2024(H5N1)	931	20583
NA|PP755591.1|A/cattle/Texas/24-008749-003/2024(H5N1)	932	20579
NA|PP755591.1|A/cattle/Texas/24-008749-003/2024(H5N1)	933	20882
NA|PP755591.1|A/cattle/Texas/24-008749-003/2024(H5N1)	934	20905
NA|PP755591.1|A/cattle/Texas/24-008749-003/2024(H5N1)	935	21127
NA|PP755591.1|A/cattle/Texas/24-008749-003/2024(H5N1)	936	21132
NA|PP755591.1|A/cattle/Texas/24-008749-003/2024(H5N1)	937	21235
NA|PP755591.1|A/cattle/Texas/24-008749-003/2024(H5N1)	938	21315
NA|PP755591.1|A/cattle/Texas/24-008749-003/2024(H5N1)	939	21326
NA|PP755591.1|A/cattle/Texas/24-008749-003/2024(H5N1)	940	21320
NA|PP755591.1|A/cattle/Texas/24-008749-003/2024(H5N1)	941	21353
NA|PP755591.1|A/cattle/Texas/24-008749-003/2024(H5N1)	942	21114
NA|PP755591.1|A/cattle/Texas/24-008749-003/2024(H5N1)	943	22327
NA|PP755591.1|A/cattle/Texas/24-008749-003/2024(H5N1)	944	22272
NA|PP755591.1|A/cattle/Texas/24-008749-003/2024(H5N1)	945	22374
NA|PP755591.1|A/cattle/Texas/24-008749-003/2024(H5N1)	946	23263
NA|PP755591.1|A/cattle/Texas/24-008749-003/2024(H5N1)	947	23425
NA|PP755591.1|A/cattle/Texas/24-008749-003/2024(H5N1)	948	23848
NA|PP755591.1|A/cattle/Texas/24-008749-003/2024(H5N1)	949	23937
NA|PP755591.1|A/cattle/Texas/24-008749-003/2024(H5N1)	950	23657
NA|PP755591.1|A/cattle/Texas/24-008749-003/2024(H5N1)	951	23683
NA|PP755591.1|A/cattle/Texas/24-008749-003/2024(H5N1)	952	22761
NA|PP755591.1|A/cattle/Texas/24-008749-003/2024(H5N1)	953	22633
NA|PP755591.1|A/cattle/Texas/24-008749-003/2024(H5N1)	954	22592
NA|PP755591.1|A/cattle/Texas/24-008749-003/2024(H5N1)	955	21787
NA|PP755591.1|A/cattle/Texas/24-008749-003/2024(H5N1)	956	21757
NA|PP755591.1|A/cattle/Texas/24-008749-003/2024(H5N1)	957	21703
NA|PP755591.1|A/cattle/Texas/24-008749-003/2024(H5N1)	958	21640
NA|PP755591.1|A/cattle/Texas/24-008749-003/2024(H5N1)	959	21638
NA|PP755591.1|A/cattle/Texas/24-008749-003/2024(H5N1)	960	21606
NA|PP755591.1|A/cattle/Texas/24-008749-003/2024(H5N1)	961	21621
NA|PP755591.1|A/cattle/Texas/24-008749-003/2024(H5N1)	962	21600
NA|PP755591.1|A/cattle/Texas/24-008749-003/2024(H5N1)	963	21257
NA|PP755591.1|A/cattle/Texas/24-008749-003/2024(H5N1)	964	21376
NA|PP755591.1|A/cattle/Texas/24-008749-003/2024(H5N1)	965	21247
NA|PP755591.1|A/cattle/Texas/24-008749-003/2024(H5N1)	966	21181
NA|PP755591.1|A/cattle/Texas/24-008749-003/2024(H5N1)	967	21171
NA|PP755591.1|A/cattle/Texas/24-008749-003/2024(H5N1)	968	21134
NA|PP755591.1|A/cattle/Texas/24-008749-003/2024(H5N1)	969	21229
NA|PP755591.1|A/cattle/Texas/24-008749-003/2024(H5N1)	970	21360
NA|PP755591.1|A/cattle/Texas/24-008749-003/2024(H5N1)	971	21356
NA|PP755591.1|A/cattle/Texas/24-008749-003/2024(H5N1)	972	21318
NA|PP755591.1|A/cattle/Texas/24-008749-003/2024(H5N1)	973	21212
NA|PP755591.1|A/cattle/Texas/24-008749-003/2024(H5N1)	974	21501
NA|PP755591.1|A/cattle/Texas/24-008749-003/2024(H5N1)	975	21516
NA|PP755591.1|A/cattle/Texas/24-008749-003/2024(H5N1)	976	21384
NA|PP755591.1|A/cattle/Texas/24-008749-003/2024(H5N1)	977	21625
NA|PP755591.1|A/cattle/Texas/24-008749-003/2024(H5N1)	978	21562
NA|PP755591.1|A/cattle/Texas/24-008749-003/2024(H5N1)	979	21430
NA|PP755591.1|A/cattle/Texas/24-008749-003/2024(H5N1)	980	21452
NA|PP755591.1|A/cattle/Texas/24-008749-003/2024(H5N1)	981	21655
NA|PP755591.1|A/cattle/Texas/24-008749-003/2024(H5N1)	982	21547
NA|PP755591.1|A/cattle/Texas/24-008749-003/2024(H5N1)	983	21405
NA|PP755591.1|A/cattle/Texas/24-008749-003/2024(H5N1)	984	21281
NA|PP755591.1|A/cattle/Texas/24-008749-003/2024(H5N1)	985	21295
NA|PP755591.1|A/cattle/Texas/24-008749-003/2024(H5N1)	986	21369
NA|PP755591.1|A/cattle/Texas/24-008749-003/2024(H5N1)	987	21655
NA|PP755591.1|A/cattle/Texas/24-008749-003/2024(H5N1)	988	21572
NA|PP755591.1|A/cattle/Texas/24-008749-003/2024(H5N1)	989	21590
NA|PP755591.1|A/cattle/Texas/24-008749-003/2024(H5N1)	990	21197
NA|PP755591.1|A/cattle/Texas/24-008749-003/2024(H5N1)	991	20956
NA|PP755591.1|A/cattle/Texas/24-008749-003/2024(H5N1)	992	21105
NA|PP755591.1|A/cattle/Texas/24-008749-003/2024(H5N1)	993	21548
NA|PP755591.1|A/cattle/Texas/24-008749-003/2024(H5N1)	994	21545
NA|PP755591.1|A/cattle/Texas/24-008749-003/2024(H5N1)	995	21060
NA|PP755591.1|A/cattle/Texas/24-008749-003/2024(H5N1)	996	20893
NA|PP755591.1|A/cattle/Texas/24-008749-003/2024(H5N1)	997	21346
NA|PP755591.1|A/cattle/Texas/24-008749-003/2024(H5N1)	998	21782
NA|PP755591.1|A/cattle/Texas/24-008749-003/2024(H5N1)	999	22070
NA|PP755591.1|A/cattle/Texas/24-008749-003/2024(H5N1)	1000	21955
NA|PP755591.1|A/cattle/Texas/24-008749-003/2024(H5N1)	1001	22166
NA|PP755591.1|A/cattle/Texas/24-008749-003/2024(H5N1)	1002	22705
NA|PP755591.1|A/cattle/Texas/24-008749-003/2024(H5N1)	1003	22701
NA|PP755591.1|A/cattle/Texas/24-008749-003/2024(H5N1)	1004	22717
NA|PP755591.1|A/cattle/Texas/24-008749-003/2024(H5N1)	1005	22518
NA|PP755591.1|A/cattle/Texas/24-008749-003/2024(H5N1)	1006	22174
NA|PP755591.1|A/cattle/Texas/24-008749-003/2024(H5N1)	1007	23140
NA|PP755591.1|A/cattle/Texas/24-008749-003/2024(H5N1)	1008	23490
NA|PP755591.1|A/cattle/Texas/24-008749-003/2024(H5N1)	1009	23117
NA|PP755591.1|A/cattle/Texas/24-008749-003/2024(H5N1)	1010	22803
NA|PP755591.1|A/cattle/Texas/24-008749-003/2024(H5N1)	1011	22685
NA|PP755591.1|A/cattle/Texas/24-008749-003/2024(H5N1)	1012	22236
NA|PP755591.1|A/cattle/Texas/24-008749-003/2024(H5N1)	1013	22404
NA|PP755591.1|A/cattle/Texas/24-008749-003/2024(H5N1)	1014	22488
NA|PP755591.1|A/cattle/Texas/24-008749-003/2024(H5N1)	1015	22538
NA|PP755591.1|A/cattle/Texas/24-008749-003/2024(H5N1)	1016	21792
NA|PP755591.1|A/cattle/Texas/24-008749-003/2024(H5N1)	1017	22179
NA|PP755591.1|A/cattle/Texas/24-008749-003/2024(H5N1)	1018	22098
NA|PP755591.1|A/cattle/Texas/24-008749-003/2024(H5N1)	1019	23050
NA|PP755591.1|A/cattle/Texas/24-008749-003/2024(H5N1)	1020	23043
NA|PP755591.1|A/cattle/Texas/24-008749-003/2024(H5N1)	1021	23158
NA|PP755591.1|A/cattle/Texas/24-008749-003/2024(H5N1)	1022	23134
NA|PP755591.1|A/cattle/Texas/24-008749-003/2024(H5N1)	1023	22935
NA|PP755591.1|A/cattle/Texas/24-008749-003/2024(H5N1)	1024	22580
NA|PP755591.1|A/cattle/Texas/24-008749-003/2024(H5N1)	1025	22803
NA|PP755591.1|A/cattle/Texas/24-008749-003/2024(H5N1)	1026	22532
NA|PP755591.1|A/cattle/Texas/24-008749-003/2024(H5N1)	1027	23093
NA|PP755591.1|A/cattle/Texas/24-008749-003/2024(H5N1)	1028	22397
NA|PP755591.1|A/cattle/Texas/24-008749-003/2024(H5N1)	1029	22477
NA|PP755591.1|A/cattle/Texas/24-008749-003/2024(H5N1)	1030	22395
NA|PP755591.1|A/cattle/Texas/24-008749-003/2024(H5N1)	1031	22410
NA|PP755591.1|A/cattle/Texas/24-008749-003/2024(H5N1)	1032	22415
NA|PP755591.1|A/cattle/Texas/24-008749-003/2024(H5N1)	1033	21999
NA|PP755591.1|A/cattle/Texas/24-008749-003/2024(H5N1)	1034	22938
NA|PP755591.1|A/cattle/Texas/24-008749-003/2024(H5N1)	1035	22744
NA|PP755591.1|A/cattle/Texas/24-008749-003/2024(H5N1)	1036	23045
NA|PP755591.1|A/cattle/Texas/24-008749-003/2024(H5N1)	1037	23270
NA|PP755591.1|A/cattle/Texas/24-008749-003/2024(H5N1)	1038	23157
NA|PP755591.1|A/cattle/Texas/24-008749-003/2024(H5N1)	1039	23144
NA|PP755591.1|A/cattle/Texas/24-008749-003/2024(H5N1)	1040	23305
NA|PP755591.1|A/cattle/Texas/24-008749-003/2024(H5N1)	1041	23321
NA|PP755591.1|A/cattle/Texas/24-008749-003/2024(H5N1)	1042	23351
NA|PP755591.1|A/cattle/Texas/24-008749-003/2024(H5N1)	1043	22297
NA|PP755591.1|A/cattle/Texas/24-008749-003/2024(H5N1)	1044	22130
NA|PP755591.1|A/cattle/Texas/24-008749-003/2024(H5N1)	1045	22055
NA|PP755591.1|A/cattle/Texas/24-008749-003/2024(H5N1)	1046	22063
NA|PP755591.1|A/cattle/Texas/24-008749-003/2024(H5N1)	1047	22093
NA|PP755591.1|A/cattle/Texas/24-008749-003/2024(H5N1)	1048	22125
NA|PP755591.1|A/cattle/Texas/24-008749-003/2024(H5N1)	1049	22217
NA|PP755591.1|A/cattle/Texas/24-008749-003/2024(H5N1)	1050	22223
NA|PP755591.1|A/cattle/Texas/24-008749-003/2024(H5N1)	1051	22252
NA|PP755591.1|A/cattle/Texas/24-008749-003/2024(H5N1)	1052	22228
NA|PP755591.1|A/cattle/Texas/24-008749-003/2024(H5N1)	1053	22104
NA|PP755591.1|A/cattle/Texas/24-008749-003/2024(H5N1)	1054	23264
NA|PP755591.1|A/cattle/Texas/24-008749-003/2024(H5N1)	1055	23263
NA|PP755591.1|A/cattle/Texas/24-008749-003/2024(H5N1)	1056	23352
NA|PP755591.1|A/cattle/Texas/24-008749-003/2024(H5N1)	1057	23362
NA|PP755591.1|A/cattle/Texas/24-008749-003/2024(H5N1)	1058	23554
NA|PP755591.1|A/cattle/Texas/24-008749-003/2024(H5N1)	1059	24552
NA|PP755591.1|A/cattle/Texas/24-008749-003/2024(H5N1)	1060	24508
NA|PP755591.1|A/cattle/Texas/24-008749-003/2024(H5N1)	1061	25357
NA|PP755591.1|A/cattle/Texas/24-008749-003/2024(H5N1)	1062	25388
NA|PP755591.1|A/cattle/Texas/24-008749-003/2024(H5N1)	1063	25259
NA|PP755591.1|A/cattle/Texas/24-008749-003/2024(H5N1)	1064	25370
NA|PP755591.1|A/cattle/Texas/24-008749-003/2024(H5N1)	1065	25247
NA|PP755591.1|A/cattle/Texas/24-008749-003/2024(H5N1)	1066	25311
NA|PP755591.1|A/cattle/Texas/24-008749-003/2024(H5N1)	1067	25426
NA|PP755591.1|A/cattle/Texas/24-008749-003/2024(H5N1)	1068	25731
NA|PP755591.1|A/cattle/Texas/24-008749-003/2024(H5N1)	1069	25771
NA|PP755591.1|A/cattle/Texas/24-008749-003/2024(H5N1)	1070	25240
NA|PP755591.1|A/cattle/Texas/24-008749-003/2024(H5N1)	1071	25229
NA|PP755591.1|A/cattle/Texas/24-008749-003/2024(H5N1)	1072	25390
NA|PP755591.1|A/cattle/Texas/24-008749-003/2024(H5N1)	1073	25389
NA|PP755591.1|A/cattle/Texas/24-008749-003/2024(H5N1)	1074	25528
NA|PP755591.1|A/cattle/Texas/24-008749-003/2024(H5N1)	1075	25496
NA|PP755591.1|A/cattle/Texas/24-008749-003/2024(H5N1)	1076	25338
NA|PP755591.1|A/cattle/Texas/24-008749-003/2024(H5N1)	1077	24995
NA|PP755591.1|A/cattle/Texas/24-008749-003/2024(H5N1)	1078	24958
NA|PP755591.1|A/cattle/Texas/24-008749-003/2024(H5N1)	1079	25195
NA|PP755591.1|A/cattle/Texas/24-008749-003/2024(H5N1)	1080	25282
NA|PP755591.1|A/cattle/Texas/24-008749-003/2024(H5N1)	1081	25269
NA|PP755591.1|A/cattle/Texas/24-008749-003/2024(H5N1)	1082	25347
NA|PP755591.1|A/cattle/Texas/24-008749-003/2024(H5N1)	1083	25284
NA|PP755591.1|A/cattle/Texas/24-008749-003/2024(H5N1)	1084	25736
NA|PP755591.1|A/cattle/Texas/24-008749-003/2024(H5N1)	1085	25568
NA|PP755591.1|A/cattle/Texas/24-008749-003/2024(H5N1)	1086	25577
NA|PP755591.1|A/cattle/Texas/24-008749-003/2024(H5N1)	1087	25607
NA|PP755591.1|A/cattle/Texas/24-008749-003/2024(H5N1)	1088	25416
NA|PP755591.1|A/cattle/Texas/24-008749-003/2024(H5N1)	1089	25539
NA|PP755591.1|A/cattle/Texas/24-008749-003/2024(H5N1)	1090	25518
NA|PP755591.1|A/cattle/Texas/24-008749-003/2024(H5N1)	1091	25586
NA|PP755591.1|A/cattle/Texas/24-008749-003/2024(H5N1)	1092	25594
NA|PP755591.1|A/cattle/Texas/24-008749-003/2024(H5N1)	1093	25532
NA|PP755591.1|A/cattle/Texas/24-008749-003/2024(H5N1)	1094	24409
NA|PP755591.1|A/cattle/Texas/24-008749-003/2024(H5N1)	1095	24383
NA|PP755591.1|A/cattle/Texas/24-008749-003/2024(H5N1)	1096	24430
NA|PP755591.1|A/cattle/Texas/24-008749-003/2024(H5N1)	1097	23745
NA|PP755591.1|A/cattle/Texas/24-008749-003/2024(H5N1)	1098	24895
NA|PP755591.1|A/cattle/Texas/24-008749-003/2024(H5N1)	1099	24502
NA|PP755591.1|A/cattle/Texas/24-008749-003/2024(H5N1)	1100	24391
NA|PP755591.1|A/cattle/Texas/24-008749-003/2024(H5N1)	1101	24303
NA|PP755591.1|A/cattle/Texas/24-008749-003/2024(H5N1)	1102	24305
NA|PP755591.1|A/cattle/Texas/24-008749-003/2024(H5N1)	1103	24336
NA|PP755591.1|A/cattle/Texas/24-008749-003/2024(H5N1)	1104	24519
NA|PP755591.1|A/cattle/Texas/24-008749-003/2024(H5N1)	1105	24423
NA|PP755591.1|A/cattle/Texas/24-008749-003/2024(H5N1)	1106	24324
NA|PP755591.1|A/cattle/Texas/24-008749-003/2024(H5N1)	1107	24098
NA|PP755591.1|A/cattle/Texas/24-008749-003/2024(H5N1)	1108	24106
NA|PP755591.1|A/cattle/Texas/24-008749-003/2024(H5N1)	1109	24763
NA|PP755591.1|A/cattle/Texas/24-008749-003/2024(H5N1)	1110	24798
NA|PP755591.1|A/cattle/Texas/24-008749-003/2024(H5N1)	1111	24775
NA|PP755591.1|A/cattle/Texas/24-008749-003/2024(H5N1)	1112	24771
NA|PP755591.1|A/cattle/Texas/24-008749-003/2024(H5N1)	1113	24776
NA|PP755591.1|A/cattle/Texas/24-008749-003/2024(H5N1)	1114	24827
NA|PP755591.1|A/cattle/Texas/24-008749-003/2024(H5N1)	1115	24809
NA|PP755591.1|A/cattle/Texas/24-008749-003/2024(H5N1)	1116	24824
NA|PP755591.1|A/cattle/Texas/24-008749-003/2024(H5N1)	1117	24962
NA|PP755591.1|A/cattle/Texas/24-008749-003/2024(H5N1)	1118	24599
NA|PP755591.1|A/cattle/Texas/24-008749-003/2024(H5N1)	1119	24963
NA|PP755591.1|A/cattle/Texas/24-008749-003/2024(H5N1)	1120	25108
NA|PP755591.1|A/cattle/Texas/24-008749-003/2024(H5N1)	1121	25549
NA|PP755591.1|A/cattle/Texas/24-008749-003/2024(H5N1)	1122	25552
NA|PP755591.1|A/cattle/Texas/24-008749-003/2024(H5N1)	1123	25491
NA|PP755591.1|A/cattle/Texas/24-008749-003/2024(H5N1)	1124	25482
NA|PP755591.1|A/cattle/Texas/24-008749-003/2024(H5N1)	1125	25262
NA|PP755591.1|A/cattle/Texas/24-008749-003/2024(H5N1)	1126	25232
NA|PP755591.1|A/cattle/Texas/24-008749-003/2024(H5N1)	1127	25356
NA|PP755591.1|A/cattle/Texas/24-008749-003/2024(H5N1)	1128	24987
NA|PP755591.1|A/cattle/Texas/24-008749-003/2024(H5N1)	1129	25078
NA|PP755591.1|A/cattle/Texas/24-008749-003/2024(H5N1)	1130	24981
NA|PP755591.1|A/cattle/Texas/24-008749-003/2024(H5N1)	1131	25033
NA|PP755591.1|A/cattle/Texas/24-008749-003/2024(H5N1)	1132	25132
NA|PP755591.1|A/cattle/Texas/24-008749-003/2024(H5N1)	1133	25256
NA|PP755591.1|A/cattle/Texas/24-008749-003/2024(H5N1)	1134	25482
NA|PP755591.1|A/cattle/Texas/24-008749-003/2024(H5N1)	1135	25499
NA|PP755591.1|A/cattle/Texas/24-008749-003/2024(H5N1)	1136	25727
NA|PP755591.1|A/cattle/Texas/24-008749-003/2024(H5N1)	1137	26265
NA|PP755591.1|A/cattle/Texas/24-008749-003/2024(H5N1)	1138	26260
NA|PP755591.1|A/cattle/Texas/24-008749-003/2024(H5N1)	1139	26530
NA|PP755591.1|A/cattle/Texas/24-008749-003/2024(H5N1)	1140	26707
NA|PP755591.1|A/cattle/Texas/24-008749-003/2024(H5N1)	1141	26734
NA|PP755591.1|A/cattle/Texas/24-008749-003/2024(H5N1)	1142	26540
NA|PP755591.1|A/cattle/Texas/24-008749-003/2024(H5N1)	1143	25987
NA|PP755591.1|A/cattle/Texas/24-008749-003/2024(H5N1)	1144	26234
NA|PP755591.1|A/cattle/Texas/24-008749-003/2024(H5N1)	1145	25966
NA|PP755591.1|A/cattle/Texas/24-008749-003/2024(H5N1)	1146	25989
NA|PP755591.1|A/cattle/Texas/24-008749-003/2024(H5N1)	1147	26280
NA|PP755591.1|A/cattle/Texas/24-008749-003/2024(H5N1)	1148	25563
NA|PP755591.1|A/cattle/Texas/24-008749-003/2024(H5N1)	1149	25713
NA|PP755591.1|A/cattle/Texas/24-008749-003/2024(H5N1)	1150	25903
NA|PP755591.1|A/cattle/Texas/24-008749-003/2024(H5N1)	1151	25873
NA|PP755591.1|A/cattle/Texas/24-008749-003/2024(H5N1)	1152	25427
NA|PP755591.1|A/cattle/Texas/24-008749-003/2024(H5N1)	1153	25021
NA|PP755591.1|A/cattle/Texas/24-008749-003/2024(H5N1)	1154	25283
NA|PP755591.1|A/cattle/Texas/24-008749-003/2024(H5N1)	1155	25383
NA|PP755591.1|A/cattle/Texas/24-008749-003/2024(H5N1)	1156	25383
NA|PP755591.1|A/cattle/Texas/24-008749-003/2024(H5N1)	1157	25463
NA|PP755591.1|A/cattle/Texas/24-008749-003/2024(H5N1)	1158	24172
NA|PP755591.1|A/cattle/Texas/24-008749-003/2024(H5N1)	1159	24174
NA|PP755591.1|A/cattle/Texas/24-008749-003/2024(H5N1)	1160	24067
NA|PP755591.1|A/cattle/Texas/24-008749-003/2024(H5N1)	1161	23937
NA|PP755591.1|A/cattle/Texas/24-008749-003/2024(H5N1)	1162	23842
NA|PP755591.1|A/cattle/Texas/24-008749-003/2024(H5N1)	1163	23879
NA|PP755591.1|A/cattle/Texas/24-008749-003/2024(H5N1)	1164	23579
NA|PP755591.1|A/cattle/Texas/24-008749-003/2024(H5N1)	1165	23394
NA|PP755591.1|A/cattle/Texas/24-008749-003/2024(H5N1)	1166	23358
NA|PP755591.1|A/cattle/Texas/24-008749-003/2024(H5N1)	1167	23331
NA|PP755591.1|A/cattle/Texas/24-008749-003/2024(H5N1)	1168	23261
NA|PP755591.1|A/cattle/Texas/24-008749-003/2024(H5N1)	1169	23225
NA|PP755591.1|A/cattle/Texas/24-008749-003/2024(H5N1)	1170	22340
NA|PP755591.1|A/cattle/Texas/24-008749-003/2024(H5N1)	1171	22290
NA|PP755591.1|A/cattle/Texas/24-008749-003/2024(H5N1)	1172	22225
NA|PP755591.1|A/cattle/Texas/24-008749-003/2024(H5N1)	1173	22301
NA|PP755591.1|A/cattle/Texas/24-008749-003/2024(H5N1)	1174	22282
NA|PP755591.1|A/cattle/Texas/24-008749-003/2024(H5N1)	1175	22953
NA|PP755591.1|A/cattle/Texas/24-008749-003/2024(H5N1)	1176	22436
NA|PP755591.1|A/cattle/Texas/24-008749-003/2024(H5N1)	1177	21876
NA|PP755591.1|A/cattle/Texas/24-008749-003/2024(H5N1)	1178	22174
NA|PP755591.1|A/cattle/Texas/24-008749-003/2024(H5N1)	1179	22055
NA|PP755591.1|A/cattle/Texas/24-008749-003/2024(H5N1)	1180	22019
NA|PP755591.1|A/cattle/Texas/24-008749-003/2024(H5N1)	1181	22084
NA|PP755591.1|A/cattle/Texas/24-008749-003/2024(H5N1)	1182	22090
NA|PP755591.1|A/cattle/Texas/24-008749-003/2024(H5N1)	1183	22103
NA|PP755591.1|A/cattle/Texas/24-008749-003/2024(H5N1)	1184	22208
NA|PP755591.1|A/cattle/Texas/24-008749-003/2024(H5N1)	1185	21828
NA|PP755591.1|A/cattle/Texas/24-008749-003/2024(H5N1)	1186	21714
NA|PP755591.1|A/cattle/Texas/24-008749-003/2024(H5N1)	1187	21360
NA|PP755591.1|A/cattle/Texas/24-008749-003/2024(H5N1)	1188	21477
NA|PP755591.1|A/cattle/Texas/24-008749-003/2024(H5N1)	1189	21403
NA|PP755591.1|A/cattle/Texas/24-008749-003/2024(H5N1)	1190	21596
NA|PP755591.1|A/cattle/Texas/24-008749-003/2024(H5N1)	1191	21428
NA|PP755591.1|A/cattle/Texas/24-008749-003/2024(H5N1)	1192	21439
NA|PP755591.1|A/cattle/Texas/24-008749-003/2024(H5N1)	1193	21403
NA|PP755591.1|A/cattle/Texas/24-008749-003/2024(H5N1)	1194	21345
NA|PP755591.1|A/cattle/Texas/24-008749-003/2024(H5N1)	1195	21200
NA|PP755591.1|A/cattle/Texas/24-008749-003/2024(H5N1)	1196	21931
NA|PP755591.1|A/cattle/Texas/24-008749-003/2024(H5N1)	1197	21959
NA|PP755591.1|A/cattle/Texas/24-008749-003/2024(H5N1)	1198	22193
NA|PP755591.1|A/cattle/Texas/24-008749-003/2024(H5N1)	1199	21979
NA|PP755591.1|A/cattle/Texas/24-008749-003/2024(H5N1)	1200	21966
NA|PP755591.1|A/cattle/Texas/24-008749-003/2024(H5N1)	1201	23176
NA|PP755591.1|A/cattle/Texas/24-008749-003/2024(H5N1)	1202	23519
NA|PP755591.1|A/cattle/Texas/24-008749-003/2024(H5N1)	1203	23660
NA|PP755591.1|A/cattle/Texas/24-008749-003/2024(H5N1)	1204	23675
NA|PP755591.1|A/cattle/Texas/24-008749-003/2024(H5N1)	1205	22716
NA|PP755591.1|A/cattle/Texas/24-008749-003/2024(H5N1)	1206	22735
NA|PP755591.1|A/cattle/Texas/24-008749-003/2024(H5N1)	1207	22604
NA|PP755591.1|A/cattle/Texas/24-008749-003/2024(H5N1)	1208	22632
NA|PP755591.1|A/cattle/Texas/24-008749-003/2024(H5N1)	1209	22250
NA|PP755591.1|A/cattle/Texas/24-008749-003/2024(H5N1)	1210	20849
NA|PP755591.1|A/cattle/Texas/24-008749-003/2024(H5N1)	1211	20781
NA|PP755591.1|A/cattle/Texas/24-008749-003/2024(H5N1)	1212	20346
NA|PP755591.1|A/cattle/Texas/24-008749-003/2024(H5N1)	1213	20474
NA|PP755591.1|A/cattle/Texas/24-008749-003/2024(H5N1)	1214	20551
NA|PP755591.1|A/cattle/Texas/24-008749-003/2024(H5N1)	1215	20772
NA|PP755591.1|A/cattle/Texas/24-008749-003/2024(H5N1)	1216	20783
NA|PP755591.1|A/cattle/Texas/24-008749-003/2024(H5N1)	1217	21047
NA|PP755591.1|A/cattle/Texas/24-008749-003/2024(H5N1)	1218	20999
NA|PP755591.1|A/cattle/Texas/24-008749-003/2024(H5N1)	1219	20693
NA|PP755591.1|A/cattle/Texas/24-008749-003/2024(H5N1)	1220	20655
NA|PP755591.1|A/cattle/Texas/24-008749-003/2024(H5N1)	1221	20649
NA|PP755591.1|A/cattle/Texas/24-008749-003/2024(H5N1)	1222	20642
NA|PP755591.1|A/cattle/Texas/24-008749-003/2024(H5N1)	1223	20467
NA|PP755591.1|A/cattle/Texas/24-008749-003/2024(H5N1)	1224	20495
NA|PP755591.1|A/cattle/Texas/24-008749-003/2024(H5N1)	1225	21326
NA|PP755591.1|A/cattle/Texas/24-008749-003/2024(H5N1)	1226	21721
NA|PP755591.1|A/cattle/Texas/24-008749-003/2024(H5N1)	1227	21918
NA|PP755591.1|A/cattle/Texas/24-008749-003/2024(H5N1)	1228	21957
NA|PP755591.1|A/cattle/Texas/24-008749-003/2024(H5N1)	1229	21762
NA|PP755591.1|A/cattle/Texas/24-008749-003/2024(H5N1)	1230	21672
NA|PP755591.1|A/cattle/Texas/24-008749-003/2024(H5N1)	1231	21742
NA|PP755591.1|A/cattle/Texas/24-008749-003/2024(H5N1)	1232	21863
NA|PP755591.1|A/cattle/Texas/24-008749-003/2024(H5N1)	1233	21719
NA|PP755591.1|A/cattle/Texas/24-008749-003/2024(H5N1)	1234	21677
NA|PP755591.1|A/cattle/Texas/24-008749-003/2024(H5N1)	1235	20923
NA|PP755591.1|A/cattle/Texas/24-008749-003/2024(H5N1)	1236	20981
NA|PP755591.1|A/cattle/Texas/24-008749-003/2024(H5N1)	1237	21022
NA|PP755591.1|A/cattle/Texas/24-008749-003/2024(H5N1)	1238	21018
NA|PP755591.1|A/cattle/Texas/24-008749-003/2024(H5N1)	1239	21012
NA|PP755591.1|A/cattle/Texas/24-008749-003/2024(H5N1)	1240	21512
NA|PP755591.1|A/cattle/Texas/24-008749-003/2024(H5N1)	1241	23441
NA|PP755591.1|A/cattle/Texas/24-008749-003/2024(H5N1)	1242	23600
NA|PP755591.1|A/cattle/Texas/24-008749-003/2024(H5N1)	1243	23559
NA|PP755591.1|A/cattle/Texas/24-008749-003/2024(H5N1)	1244	23562
NA|PP755591.1|A/cattle/Texas/24-008749-003/2024(H5N1)	1245	23497
NA|PP755591.1|A/cattle/Texas/24-008749-003/2024(H5N1)	1246	23541
NA|PP755591.1|A/cattle/Texas/24-008749-003/2024(H5N1)	1247	23575
NA|PP755591.1|A/cattle/Texas/24-008749-003/2024(H5N1)	1248	23550
NA|PP755591.1|A/cattle/Texas/24-008749-003/2024(H5N1)	1249	22023
NA|PP755591.1|A/cattle/Texas/24-008749-003/2024(H5N1)	1250	22137
NA|PP755591.1|A/cattle/Texas/24-008749-003/2024(H5N1)	1251	22294
NA|PP755591.1|A/cattle/Texas/24-008749-003/2024(H5N1)	1252	22308
NA|PP755591.1|A/cattle/Texas/24-008749-003/2024(H5N1)	1253	22301
NA|PP755591.1|A/cattle/Texas/24-008749-003/2024(H5N1)	1254	22137
NA|PP755591.1|A/cattle/Texas/24-008749-003/2024(H5N1)	1255	22140
NA|PP755591.1|A/cattle/Texas/24-008749-003/2024(H5N1)	1256	22173
NA|PP755591.1|A/cattle/Texas/24-008749-003/2024(H5N1)	1257	22794
NA|PP755591.1|A/cattle/Texas/24-008749-003/2024(H5N1)	1258	23093
NA|PP755591.1|A/cattle/Texas/24-008749-003/2024(H5N1)	1259	22472
NA|PP755591.1|A/cattle/Texas/24-008749-003/2024(H5N1)	1260	22665
NA|PP755591.1|A/cattle/Texas/24-008749-003/2024(H5N1)	1261	22676
NA|PP755591.1|A/cattle/Texas/24-008749-003/2024(H5N1)	1262	22795
NA|PP755591.1|A/cattle/Texas/24-008749-003/2024(H5N1)	1263	23437
NA|PP755591.1|A/cattle/Texas/24-008749-003/2024(H5N1)	1264	23433
NA|PP755591.1|A/cattle/Texas/24-008749-003/2024(H5N1)	1265	23326
NA|PP755591.1|A/cattle/Texas/24-008749-003/2024(H5N1)	1266	23200
NA|PP755591.1|A/cattle/Texas/24-008749-003/2024(H5N1)	1267	23175
NA|PP755591.1|A/cattle/Texas/24-008749-003/2024(H5N1)	1268	23217
NA|PP755591.1|A/cattle/Texas/24-008749-003/2024(H5N1)	1269	23221
NA|PP755591.1|A/cattle/Texas/24-008749-003/2024(H5N1)	1270	22886
NA|PP755591.1|A/cattle/Texas/24-008749-003/2024(H5N1)	1271	22642
NA|PP755591.1|A/cattle/Texas/24-008749-003/2024(H5N1)	1272	22057
NA|PP755591.1|A/cattle/Texas/24-008749-003/2024(H5N1)	1273	22201
NA|PP755591.1|A/cattle/Texas/24-008749-003/2024(H5N1)	1274	22197
NA|PP755591.1|A/cattle/Texas/24-008749-003/2024(H5N1)	1275	22254
NA|PP755591.1|A/cattle/Texas/24-008749-003/2024(H5N1)	1276	22326
NA|PP755591.1|A/cattle/Texas/24-008749-003/2024(H5N1)	1277	22186
NA|PP755591.1|A/cattle/Texas/24-008749-003/2024(H5N1)	1278	22432
NA|PP755591.1|A/cattle/Texas/24-008749-003/2024(H5N1)	1279	22524
NA|PP755591.1|A/cattle/Texas/24-008749-003/2024(H5N1)	1280	22483
NA|PP755591.1|A/cattle/Texas/24-008749-003/2024(H5N1)	1281	22495
NA|PP755591.1|A/cattle/Texas/24-008749-003/2024(H5N1)	1282	22080
NA|PP755591.1|A/cattle/Texas/24-008749-003/2024(H5N1)	1283	22075
NA|PP755591.1|A/cattle/Texas/24-008749-003/2024(H5N1)	1284	22082
NA|PP755591.1|A/cattle/Texas/24-008749-003/2024(H5N1)	1285	21870
NA|PP755591.1|A/cattle/Texas/24-008749-003/2024(H5N1)	1286	21923
NA|PP755591.1|A/cattle/Texas/24-008749-003/2024(H5N1)	1287	20969
NA|PP755591.1|A/cattle/Texas/24-008749-003/2024(H5N1)	1288	22105
NA|PP755591.1|A/cattle/Texas/24-008749-003/2024(H5N1)	1289	22334
NA|PP755591.1|A/cattle/Texas/24-008749-003/2024(H5N1)	1290	22545
NA|PP755591.1|A/cattle/Texas/24-008749-003/2024(H5N1)	1291	22638
NA|PP755591.1|A/cattle/Texas/24-008749-003/2024(H5N1)	1292	22823
NA|PP755591.1|A/cattle/Texas/24-008749-003/2024(H5N1)	1293	22803
NA|PP755591.1|A/cattle/Texas/24-008749-003/2024(H5N1)	1294	22774
NA|PP755591.1|A/cattle/Texas/24-008749-003/2024(H5N1)	1295	22525
NA|PP755591.1|A/cattle/Texas/24-008749-003/2024(H5N1)	1296	22572
NA|PP755591.1|A/cattle/Texas/24-008749-003/2024(H5N1)	1297	22552
NA|PP755591.1|A/cattle/Texas/24-008749-003/2024(H5N1)	1298	22180
NA|PP755591.1|A/cattle/Texas/24-008749-003/2024(H5N1)	1299	22197
NA|PP755591.1|A/cattle/Texas/24-008749-003/2024(H5N1)	1300	21603
NA|PP755591.1|A/cattle/Texas/24-008749-003/2024(H5N1)	1301	21581
NA|PP755591.1|A/cattle/Texas/24-008749-003/2024(H5N1)	1302	21579
NA|PP755591.1|A/cattle/Texas/24-008749-003/2024(H5N1)	1303	21497
NA|PP755591.1|A/cattle/Texas/24-008749-003/2024(H5N1)	1304	21299
NA|PP755591.1|A/cattle/Texas/24-008749-003/2024(H5N1)	1305	21172
NA|PP755591.1|A/cattle/Texas/24-008749-003/2024(H5N1)	1306	21183
NA|PP755591.1|A/cattle/Texas/24-008749-003/2024(H5N1)	1307	21150
NA|PP755591.1|A/cattle/Texas/24-008749-003/2024(H5N1)	1308	20940
NA|PP755591.1|A/cattle/Texas/24-008749-003/2024(H5N1)	1309	20920
NA|PP755591.1|A/cattle/Texas/24-008749-003/2024(H5N1)	1310	20911
NA|PP755591.1|A/cattle/Texas/24-008749-003/2024(H5N1)	1311	20878
NA|PP755591.1|A/cattle/Texas/24-008749-003/2024(H5N1)	1312	20875
NA|PP755591.1|A/cattle/Texas/24-008749-003/2024(H5N1)	1313	20797
NA|PP755591.1|A/cattle/Texas/24-008749-003/2024(H5N1)	1314	20763
NA|PP755591.1|A/cattle/Texas/24-008749-003/2024(H5N1)	1315	20717
NA|PP755591.1|A/cattle/Texas/24-008749-003/2024(H5N1)	1316	20695
NA|PP755591.1|A/cattle/Texas/24-008749-003/2024(H5N1)	1317	20646
NA|PP755591.1|A/cattle/Texas/24-008749-003/2024(H5N1)	1318	20645
NA|PP755591.1|A/cattle/Texas/24-008749-003/2024(H5N1)	1319	20117
NA|PP755591.1|A/cattle/Texas/24-008749-003/2024(H5N1)	1320	20112
NA|PP755591.1|A/cattle/Texas/24-008749-003/2024(H5N1)	1321	20068
NA|PP755591.1|A/cattle/Texas/24-008749-003/2024(H5N1)	1322	20063
NA|PP755591.1|A/cattle/Texas/24-008749-003/2024(H5N1)	1323	20015
NA|PP755591.1|A/cattle/Texas/24-008749-003/2024(H5N1)	1324	19546
NA|PP755591.1|A/cattle/Texas/24-008749-003/2024(H5N1)	1325	19673
NA|PP755591.1|A/cattle/Texas/24-008749-003/2024(H5N1)	1326	19282
NA|PP755591.1|A/cattle/Texas/24-008749-003/2024(H5N1)	1327	19275
NA|PP755591.1|A/cattle/Texas/24-008749-003/2024(H5N1)	1328	19206
NA|PP755591.1|A/cattle/Texas/24-008749-003/2024(H5N1)	1329	18875
NA|PP755591.1|A/cattle/Texas/24-008749-003/2024(H5N1)	1330	18898
NA|PP755591.1|A/cattle/Texas/24-008749-003/2024(H5N1)	1331	18834
NA|PP755591.1|A/cattle/Texas/24-008749-003/2024(H5N1)	1332	18664
NA|PP755591.1|A/cattle/Texas/24-008749-003/2024(H5N1)	1333	18535
NA|PP755591.1|A/cattle/Texas/24-008749-003/2024(H5N1)	1334	17713
NA|PP755591.1|A/cattle/Texas/24-008749-003/2024(H5N1)	1335	17692
NA|PP755591.1|A/cattle/Texas/24-008749-003/2024(H5N1)	1336	17560
NA|PP755591.1|A/cattle/Texas/24-008749-003/2024(H5N1)	1337	17553
NA|PP755591.1|A/cattle/Texas/24-008749-003/2024(H5N1)	1338	17392
NA|PP755591.1|A/cattle/Texas/24-008749-003/2024(H5N1)	1339	17273
NA|PP755591.1|A/cattle/Texas/24-008749-003/2024(H5N1)	1340	17296
NA|PP755591.1|A/cattle/Texas/24-008749-003/2024(H5N1)	1341	16979
NA|PP755591.1|A/cattle/Texas/24-008749-003/2024(H5N1)	1342	16977
NA|PP755591.1|A/cattle/Texas/24-008749-003/2024(H5N1)	1343	16938
NA|PP755591.1|A/cattle/Texas/24-008749-003/2024(H5N1)	1344	16937
NA|PP755591.1|A/cattle/Texas/24-008749-003/2024(H5N1)	1345	16936
NA|PP755591.1|A/cattle/Texas/24-008749-003/2024(H5N1)	1346	16883
NA|PP755591.1|A/cattle/Texas/24-008749-003/2024(H5N1)	1347	16326
NA|PP755591.1|A/cattle/Texas/24-008749-003/2024(H5N1)	1348	16002
NA|PP755591.1|A/cattle/Texas/24-008749-003/2024(H5N1)	1349	15979
NA|PP755591.1|A/cattle/Texas/24-008749-003/2024(H5N1)	1350	15534
NA|PP755591.1|A/cattle/Texas/24-008749-003/2024(H5N1)	1351	15494
NA|PP755591.1|A/cattle/Texas/24-008749-003/2024(H5N1)	1352	14583
NA|PP755591.1|A/cattle/Texas/24-008749-003/2024(H5N1)	1353	14540
NA|PP755591.1|A/cattle/Texas/24-008749-003/2024(H5N1)	1354	14388
NA|PP755591.1|A/cattle/Texas/24-008749-003/2024(H5N1)	1355	14315
NA|PP755591.1|A/cattle/Texas/24-008749-003/2024(H5N1)	1356	13760
NA|PP755591.1|A/cattle/Texas/24-008749-003/2024(H5N1)	1357	13765
NA|PP755591.1|A/cattle/Texas/24-008749-003/2024(H5N1)	1358	13678
NA|PP755591.1|A/cattle/Texas/24-008749-003/2024(H5N1)	1359	13700
NA|PP755591.1|A/cattle/Texas/24-008749-003/2024(H5N1)	1360	13701
NA|PP755591.1|A/cattle/Texas/24-008749-003/2024(H5N1)	1361	13684
NA|PP755591.1|A/cattle/Texas/24-008749-003/2024(H5N1)	1362	13436
NA|PP755591.1|A/cattle/Texas/24-008749-003/2024(H5N1)	1363	13266
NA|PP755591.1|A/cattle/Texas/24-008749-003/2024(H5N1)	1364	13000
NA|PP755591.1|A/cattle/Texas/24-008749-003/2024(H5N1)	1365	12984
NA|PP755591.1|A/cattle/Texas/24-008749-003/2024(H5N1)	1366	12881
NA|PP755591.1|A/cattle/Texas/24-008749-003/2024(H5N1)	1367	12835
NA|PP755591.1|A/cattle/Texas/24-008749-003/2024(H5N1)	1368	12459
NA|PP755591.1|A/cattle/Texas/24-008749-003/2024(H5N1)	1369	12412
NA|PP755591.1|A/cattle/Texas/24-008749-003/2024(H5N1)	1370	12385
NA|PP755591.1|A/cattle/Texas/24-008749-003/2024(H5N1)	1371	12385
NA|PP755591.1|A/cattle/Texas/24-008749-003/2024(H5N1)	1372	12382
NA|PP755591.1|A/cattle/Texas/24-008749-003/2024(H5N1)	1373	12267
NA|PP755591.1|A/cattle/Texas/24-008749-003/2024(H5N1)	1374	11238
NA|PP755591.1|A/cattle/Texas/24-008749-003/2024(H5N1)	1375	11203
NA|PP755591.1|A/cattle/Texas/24-008749-003/2024(H5N1)	1376	11201
NA|PP755591.1|A/cattle/Texas/24-008749-003/2024(H5N1)	1377	10935
NA|PP755591.1|A/cattle/Texas/24-008749-003/2024(H5N1)	1378	10697
NA|PP755591.1|A/cattle/Texas/24-008749-003/2024(H5N1)	1379	10633
NA|PP755591.1|A/cattle/Texas/24-008749-003/2024(H5N1)	1380	10541
NA|PP755591.1|A/cattle/Texas/24-008749-003/2024(H5N1)	1381	10534
NA|PP755591.1|A/cattle/Texas/24-008749-003/2024(H5N1)	1382	10477
NA|PP755591.1|A/cattle/Texas/24-008749-003/2024(H5N1)	1383	10426
NA|PP755591.1|A/cattle/Texas/24-008749-003/2024(H5N1)	1384	10426
NA|PP755591.1|A/cattle/Texas/24-008749-003/2024(H5N1)	1385	10368
NA|PP755591.1|A/cattle/Texas/24-008749-003/2024(H5N1)	1386	10363
NA|PP755591.1|A/cattle/Texas/24-008749-003/2024(H5N1)	1387	10306
NA|PP755591.1|A/cattle/Texas/24-008749-003/2024(H5N1)	1388	7867
NA|PP755591.1|A/cattle/Texas/24-008749-003/2024(H5N1)	1389	7856
NA|PP755591.1|A/cattle/Texas/24-008749-003/2024(H5N1)	1390	7483
NA|PP755591.1|A/cattle/Texas/24-008749-003/2024(H5N1)	1391	7471
NA|PP755591.1|A/cattle/Texas/24-008749-003/2024(H5N1)	1392	7466
NA|PP755591.1|A/cattle/Texas/24-008749-003/2024(H5N1)	1393	7137
NA|PP755591.1|A/cattle/Texas/24-008749-003/2024(H5N1)	1394	7126
NA|PP755591.1|A/cattle/Texas/24-008749-003/2024(H5N1)	1395	7102
NA|PP755591.1|A/cattle/Texas/24-008749-003/2024(H5N1)	1396	7061
NA|PP755591.1|A/cattle/Texas/24-008749-003/2024(H5N1)	1397	7036
NA|PP755591.1|A/cattle/Texas/24-008749-003/2024(H5N1)	1398	6876
NA|PP755591.1|A/cattle/Texas/24-008749-003/2024(H5N1)	1399	6771
NA|PP755591.1|A/cattle/Texas/24-008749-003/2024(H5N1)	1400	6768
NA|PP755591.1|A/cattle/Texas/24-008749-003/2024(H5N1)	1401	6566
NA|PP755591.1|A/cattle/Texas/24-008749-003/2024(H5N1)	1402	6548
NA|PP755591.1|A/cattle/Texas/24-008749-003/2024(H5N1)	1403	6528
NA|PP755591.1|A/cattle/Texas/24-008749-003/2024(H5N1)	1404	6523
NA|PP755591.1|A/cattle/Texas/24-008749-003/2024(H5N1)	1405	6418
NA|PP755591.1|A/cattle/Texas/24-008749-003/2024(H5N1)	1406	5897
NA|PP755591.1|A/cattle/Texas/24-008749-003/2024(H5N1)	1407	5646
NA|PP755591.1|A/cattle/Texas/24-008749-003/2024(H5N1)	1408	5578
NA|PP755591.1|A/cattle/Texas/24-008749-003/2024(H5N1)	1409	5275
NA|PP755591.1|A/cattle/Texas/24-008749-003/2024(H5N1)	1410	5267
