HA|PP755589.1|A/cattle/Texas/24-008749-003/2024(H5N1)	1	20
HA|PP755589.1|A/cattle/Texas/24-008749-003/2024(H5N1)	2	20
HA|PP755589.1|A/cattle/Texas/24-008749-003/2024(H5N1)	3	46
HA|PP755589.1|A/cattle/Texas/24-008749-003/2024(H5N1)	4	46
HA|PP755589.1|A/cattle/Texas/24-008749-003/2024(H5N1)	5	896
HA|PP755589.1|A/cattle/Texas/24-008749-003/2024(H5N1)	6	921
HA|PP755589.1|A/cattle/Texas/24-008749-003/2024(H5N1)	7	927
HA|PP755589.1|A/cattle/Texas/24-008749-003/2024(H5N1)	8	1059
HA|PP755589.1|A/cattle/Texas/24-008749-003/2024(H5N1)	9	1065
HA|PP755589.1|A/cattle/Texas/24-008749-003/2024(H5N1)	10	1066
HA|PP755589.1|A/cattle/Texas/24-008749-003/2024(H5N1)	11	1111
HA|PP755589.1|A/cattle/Texas/24-008749-003/2024(H5N1)	12	1111
HA|PP755589.1|A/cattle/Texas/24-008749-003/2024(H5N1)	13	1258
HA|PP755589.1|A/cattle/Texas/24-008749-003/2024(H5N1)	14	1260
HA|PP755589.1|A/cattle/Texas/24-008749-003/2024(H5N1)	15	1260
HA|PP755589.1|A/cattle/Texas/24-008749-003/2024(H5N1)	16	1260
HA|PP755589.1|A/cattle/Texas/24-008749-003/2024(H5N1)	17	1265
HA|PP755589.1|A/cattle/Texas/24-008749-003/2024(H5N1)	18	1269
HA|PP755589.1|A/cattle/Texas/24-008749-003/2024(H5N1)	19	1285
HA|PP755589.1|A/cattle/Texas/24-008749-003/2024(H5N1)	20	1287
HA|PP755589.1|A/cattle/Texas/24-008749-003/2024(H5N1)	21	1291
HA|PP755589.1|A/cattle/Texas/24-008749-003/2024(H5N1)	22	1297
HA|PP755589.1|A/cattle/Texas/24-008749-003/2024(H5N1)	23	1313
HA|PP755589.1|A/cattle/Texas/24-008749-003/2024(H5N1)	24	1313
HA|PP755589.1|A/cattle/Texas/24-008749-003/2024(H5N1)	25	1319
HA|PP755589.1|A/cattle/Texas/24-008749-003/2024(H5N1)	26	1323
HA|PP755589.1|A/cattle/Texas/24-008749-003/2024(H5N1)	27	1329
HA|PP755589.1|A/cattle/Texas/24-008749-003/2024(H5N1)	28	1356
HA|PP755589.1|A/cattle/Texas/24-008749-003/2024(H5N1)	29	1428
HA|PP755589.1|A/cattle/Texas/24-008749-003/2024(H5N1)	30	1461
HA|PP755589.1|A/cattle/Texas/24-008749-003/2024(H5N1)	31	1464
HA|PP755589.1|A/cattle/Texas/24-008749-003/2024(H5N1)	32	1466
HA|PP755589.1|A/cattle/Texas/24-008749-003/2024(H5N1)	33	1469
HA|PP755589.1|A/cattle/Texas/24-008749-003/2024(H5N1)	34	1470
HA|PP755589.1|A/cattle/Texas/24-008749-003/2024(H5N1)	35	1482
HA|PP755589.1|A/cattle/Texas/24-008749-003/2024(H5N1)	36	1519
HA|PP755589.1|A/cattle/Texas/24-008749-003/2024(H5N1)	37	1523
HA|PP755589.1|A/cattle/Texas/24-008749-003/2024(H5N1)	38	1541
HA|PP755589.1|A/cattle/Texas/24-008749-003/2024(H5N1)	39	1619
HA|PP755589.1|A/cattle/Texas/24-008749-003/2024(H5N1)	40	1641
HA|PP755589.1|A/cattle/Texas/24-008749-003/2024(H5N1)	41	1643
HA|PP755589.1|A/cattle/Texas/24-008749-003/2024(H5N1)	42	1648
HA|PP755589.1|A/cattle/Texas/24-008749-003/2024(H5N1)	43	1661
HA|PP755589.1|A/cattle/Texas/24-008749-003/2024(H5N1)	44	1670
HA|PP755589.1|A/cattle/Texas/24-008749-003/2024(H5N1)	45	1671
HA|PP755589.1|A/cattle/Texas/24-008749-003/2024(H5N1)	46	1671
HA|PP755589.1|A/cattle/Texas/24-008749-003/2024(H5N1)	47	1685
HA|PP755589.1|A/cattle/Texas/24-008749-003/2024(H5N1)	48	1684
HA|PP755589.1|A/cattle/Texas/24-008749-003/2024(H5N1)	49	1690
HA|PP755589.1|A/cattle/Texas/24-008749-003/2024(H5N1)	50	1691
HA|PP755589.1|A/cattle/Texas/24-008749-003/2024(H5N1)	51	1691
HA|PP755589.1|A/cattle/Texas/24-008749-003/2024(H5N1)	52	1691
HA|PP755589.1|A/cattle/Texas/24-008749-003/2024(H5N1)	53	1691
HA|PP755589.1|A/cattle/Texas/24-008749-003/2024(H5N1)	54	1766
HA|PP755589.1|A/cattle/Texas/24-008749-003/2024(H5N1)	55	1766
HA|PP755589.1|A/cattle/Texas/24-008749-003/2024(H5N1)	56	1776
HA|PP755589.1|A/cattle/Texas/24-008749-003/2024(H5N1)	57	1780
HA|PP755589.1|A/cattle/Texas/24-008749-003/2024(H5N1)	58	1805
HA|PP755589.1|A/cattle/Texas/24-008749-003/2024(H5N1)	59	1815
HA|PP755589.1|A/cattle/Texas/24-008749-003/2024(H5N1)	60	1821
HA|PP755589.1|A/cattle/Texas/24-008749-003/2024(H5N1)	61	1821
HA|PP755589.1|A/cattle/Texas/24-008749-003/2024(H5N1)	62	1832
HA|PP755589.1|A/cattle/Texas/24-008749-003/2024(H5N1)	63	1824
HA|PP755589.1|A/cattle/Texas/24-008749-003/2024(H5N1)	64	1853
HA|PP755589.1|A/cattle/Texas/24-008749-003/2024(H5N1)	65	1854
HA|PP755589.1|A/cattle/Texas/24-008749-003/2024(H5N1)	66	1882
HA|PP755589.1|A/cattle/Texas/24-008749-003/2024(H5N1)	67	1883
HA|PP755589.1|A/cattle/Texas/24-008749-003/2024(H5N1)	68	1923
HA|PP755589.1|A/cattle/Texas/24-008749-003/2024(H5N1)	69	1941
HA|PP755589.1|A/cattle/Texas/24-008749-003/2024(H5N1)	70	1961
HA|PP755589.1|A/cattle/Texas/24-008749-003/2024(H5N1)	71	1978
HA|PP755589.1|A/cattle/Texas/24-008749-003/2024(H5N1)	72	1976
HA|PP755589.1|A/cattle/Texas/24-008749-003/2024(H5N1)	73	1978
HA|PP755589.1|A/cattle/Texas/24-008749-003/2024(H5N1)	74	2058
HA|PP755589.1|A/cattle/Texas/24-008749-003/2024(H5N1)	75	2072
HA|PP755589.1|A/cattle/Texas/24-008749-003/2024(H5N1)	76	2156
HA|PP755589.1|A/cattle/Texas/24-008749-003/2024(H5N1)	77	2211
HA|PP755589.1|A/cattle/Texas/24-008749-003/2024(H5N1)	78	2302
HA|PP755589.1|A/cattle/Texas/24-008749-003/2024(H5N1)	79	2308
HA|PP755589.1|A/cattle/Texas/24-008749-003/2024(H5N1)	80	2318
HA|PP755589.1|A/cattle/Texas/24-008749-003/2024(H5N1)	81	2323
HA|PP755589.1|A/cattle/Texas/24-008749-003/2024(H5N1)	82	2324
HA|PP755589.1|A/cattle/Texas/24-008749-003/2024(H5N1)	83	2326
HA|PP755589.1|A/cattle/Texas/24-008749-003/2024(H5N1)	84	2326
HA|PP755589.1|A/cattle/Texas/24-008749-003/2024(H5N1)	85	2328
HA|PP755589.1|A/cattle/Texas/24-008749-003/2024(H5N1)	86	2328
HA|PP755589.1|A/cattle/Texas/24-008749-003/2024(H5N1)	87	2318
HA|PP755589.1|A/cattle/Texas/24-008749-003/2024(H5N1)	88	2388
HA|PP755589.1|A/cattle/Texas/24-008749-003/2024(H5N1)	89	2406
HA|PP755589.1|A/cattle/Texas/24-008749-003/2024(H5N1)	90	2418
HA|PP755589.1|A/cattle/Texas/24-008749-003/2024(H5N1)	91	2423
HA|PP755589.1|A/cattle/Texas/24-008749-003/2024(H5N1)	92	2434
HA|PP755589.1|A/cattle/Texas/24-008749-003/2024(H5N1)	93	2445
HA|PP755589.1|A/cattle/Texas/24-008749-003/2024(H5N1)	94	2451
HA|PP755589.1|A/cattle/Texas/24-008749-003/2024(H5N1)	95	2457
HA|PP755589.1|A/cattle/Texas/24-008749-003/2024(H5N1)	96	2474
HA|PP755589.1|A/cattle/Texas/24-008749-003/2024(H5N1)	97	2465
HA|PP755589.1|A/cattle/Texas/24-008749-003/2024(H5N1)	98	2494
HA|PP755589.1|A/cattle/Texas/24-008749-003/2024(H5N1)	99	2495
HA|PP755589.1|A/cattle/Texas/24-008749-003/2024(H5N1)	100	2495
HA|PP755589.1|A/cattle/Texas/24-008749-003/2024(H5N1)	101	2521
HA|PP755589.1|A/cattle/Texas/24-008749-003/2024(H5N1)	102	2513
HA|PP755589.1|A/cattle/Texas/24-008749-003/2024(H5N1)	103	2513
HA|PP755589.1|A/cattle/Texas/24-008749-003/2024(H5N1)	104	2516
HA|PP755589.1|A/cattle/Texas/24-008749-003/2024(H5N1)	105	2431
HA|PP755589.1|A/cattle/Texas/24-008749-003/2024(H5N1)	106	2441
HA|PP755589.1|A/cattle/Texas/24-008749-003/2024(H5N1)	107	2442
HA|PP755589.1|A/cattle/Texas/24-008749-003/2024(H5N1)	108	2450
HA|PP755589.1|A/cattle/Texas/24-008749-003/2024(H5N1)	109	2452
HA|PP755589.1|A/cattle/Texas/24-008749-003/2024(H5N1)	110	2450
HA|PP755589.1|A/cattle/Texas/24-008749-003/2024(H5N1)	111	2464
HA|PP755589.1|A/cattle/Texas/24-008749-003/2024(H5N1)	112	2462
HA|PP755589.1|A/cattle/Texas/24-008749-003/2024(H5N1)	113	2463
HA|PP755589.1|A/cattle/Texas/24-008749-003/2024(H5N1)	114	2480
HA|PP755589.1|A/cattle/Texas/24-008749-003/2024(H5N1)	115	2492
HA|PP755589.1|A/cattle/Texas/24-008749-003/2024(H5N1)	116	2510
HA|PP755589.1|A/cattle/Texas/24-008749-003/2024(H5N1)	117	2524
HA|PP755589.1|A/cattle/Texas/24-008749-003/2024(H5N1)	118	2522
HA|PP755589.1|A/cattle/Texas/24-008749-003/2024(H5N1)	119	2527
HA|PP755589.1|A/cattle/Texas/24-008749-003/2024(H5N1)	120	2518
HA|PP755589.1|A/cattle/Texas/24-008749-003/2024(H5N1)	121	2524
HA|PP755589.1|A/cattle/Texas/24-008749-003/2024(H5N1)	122	2403
HA|PP755589.1|A/cattle/Texas/24-008749-003/2024(H5N1)	123	2435
HA|PP755589.1|A/cattle/Texas/24-008749-003/2024(H5N1)	124	2458
HA|PP755589.1|A/cattle/Texas/24-008749-003/2024(H5N1)	125	2462
HA|PP755589.1|A/cattle/Texas/24-008749-003/2024(H5N1)	126	2470
HA|PP755589.1|A/cattle/Texas/24-008749-003/2024(H5N1)	127	2481
HA|PP755589.1|A/cattle/Texas/24-008749-003/2024(H5N1)	128	2471
HA|PP755589.1|A/cattle/Texas/24-008749-003/2024(H5N1)	129	2473
HA|PP755589.1|A/cattle/Texas/24-008749-003/2024(H5N1)	130	2465
HA|PP755589.1|A/cattle/Texas/24-008749-003/2024(H5N1)	131	2397
HA|PP755589.1|A/cattle/Texas/24-008749-003/2024(H5N1)	132	2409
HA|PP755589.1|A/cattle/Texas/24-008749-003/2024(H5N1)	133	2496
HA|PP755589.1|A/cattle/Texas/24-008749-003/2024(H5N1)	134	2654
HA|PP755589.1|A/cattle/Texas/24-008749-003/2024(H5N1)	135	2537
HA|PP755589.1|A/cattle/Texas/24-008749-003/2024(H5N1)	136	2553
HA|PP755589.1|A/cattle/Texas/24-008749-003/2024(H5N1)	137	2551
HA|PP755589.1|A/cattle/Texas/24-008749-003/2024(H5N1)	138	2561
HA|PP755589.1|A/cattle/Texas/24-008749-003/2024(H5N1)	139	2567
HA|PP755589.1|A/cattle/Texas/24-008749-003/2024(H5N1)	140	2626
HA|PP755589.1|A/cattle/Texas/24-008749-003/2024(H5N1)	141	2593
HA|PP755589.1|A/cattle/Texas/24-008749-003/2024(H5N1)	142	2558
HA|PP755589.1|A/cattle/Texas/24-008749-003/2024(H5N1)	143	2558
HA|PP755589.1|A/cattle/Texas/24-008749-003/2024(H5N1)	144	2558
HA|PP755589.1|A/cattle/Texas/24-008749-003/2024(H5N1)	145	2525
HA|PP755589.1|A/cattle/Texas/24-008749-003/2024(H5N1)	146	2527
HA|PP755589.1|A/cattle/Texas/24-008749-003/2024(H5N1)	147	2519
HA|PP755589.1|A/cattle/Texas/24-008749-003/2024(H5N1)	148	2510
HA|PP755589.1|A/cattle/Texas/24-008749-003/2024(H5N1)	149	2509
HA|PP755589.1|A/cattle/Texas/24-008749-003/2024(H5N1)	150	2508
HA|PP755589.1|A/cattle/Texas/24-008749-003/2024(H5N1)	151	2501
HA|PP755589.1|A/cattle/Texas/24-008749-003/2024(H5N1)	152	2574
HA|PP755589.1|A/cattle/Texas/24-008749-003/2024(H5N1)	153	2574
HA|PP755589.1|A/cattle/Texas/24-008749-003/2024(H5N1)	154	2552
HA|PP755589.1|A/cattle/Texas/24-008749-003/2024(H5N1)	155	2553
HA|PP755589.1|A/cattle/Texas/24-008749-003/2024(H5N1)	156	2559
HA|PP755589.1|A/cattle/Texas/24-008749-003/2024(H5N1)	157	2539
HA|PP755589.1|A/cattle/Texas/24-008749-003/2024(H5N1)	158	2541
HA|PP755589.1|A/cattle/Texas/24-008749-003/2024(H5N1)	159	2433
HA|PP755589.1|A/cattle/Texas/24-008749-003/2024(H5N1)	160	2432
HA|PP755589.1|A/cattle/Texas/24-008749-003/2024(H5N1)	161	2489
HA|PP755589.1|A/cattle/Texas/24-008749-003/2024(H5N1)	162	2459
HA|PP755589.1|A/cattle/Texas/24-008749-003/2024(H5N1)	163	2464
HA|PP755589.1|A/cattle/Texas/24-008749-003/2024(H5N1)	164	2350
HA|PP755589.1|A/cattle/Texas/24-008749-003/2024(H5N1)	165	2351
HA|PP755589.1|A/cattle/Texas/24-008749-003/2024(H5N1)	166	2357
HA|PP755589.1|A/cattle/Texas/24-008749-003/2024(H5N1)	167	2360
HA|PP755589.1|A/cattle/Texas/24-008749-003/2024(H5N1)	168	2369
HA|PP755589.1|A/cattle/Texas/24-008749-003/2024(H5N1)	169	2383
HA|PP755589.1|A/cattle/Texas/24-008749-003/2024(H5N1)	170	2364
HA|PP755589.1|A/cattle/Texas/24-008749-003/2024(H5N1)	171	2361
HA|PP755589.1|A/cattle/Texas/24-008749-003/2024(H5N1)	172	2355
HA|PP755589.1|A/cattle/Texas/24-008749-003/2024(H5N1)	173	2351
HA|PP755589.1|A/cattle/Texas/24-008749-003/2024(H5N1)	174	2451
HA|PP755589.1|A/cattle/Texas/24-008749-003/2024(H5N1)	175	2452
HA|PP755589.1|A/cattle/Texas/24-008749-003/2024(H5N1)	176	2540
HA|PP755589.1|A/cattle/Texas/24-008749-003/2024(H5N1)	177	2554
HA|PP755589.1|A/cattle/Texas/24-008749-003/2024(H5N1)	178	2518
HA|PP755589.1|A/cattle/Texas/24-008749-003/2024(H5N1)	179	2529
HA|PP755589.1|A/cattle/Texas/24-008749-003/2024(H5N1)	180	2557
HA|PP755589.1|A/cattle/Texas/24-008749-003/2024(H5N1)	181	2536
HA|PP755589.1|A/cattle/Texas/24-008749-003/2024(H5N1)	182	2538
HA|PP755589.1|A/cattle/Texas/24-008749-003/2024(H5N1)	183	2539
HA|PP755589.1|A/cattle/Texas/24-008749-003/2024(H5N1)	184	2543
HA|PP755589.1|A/cattle/Texas/24-008749-003/2024(H5N1)	185	2532
HA|PP755589.1|A/cattle/Texas/24-008749-003/2024(H5N1)	186	2524
HA|PP755589.1|A/cattle/Texas/24-008749-003/2024(H5N1)	187	2524
HA|PP755589.1|A/cattle/Texas/24-008749-003/2024(H5N1)	188	2548
HA|PP755589.1|A/cattle/Texas/24-008749-003/2024(H5N1)	189	2524
HA|PP755589.1|A/cattle/Texas/24-008749-003/2024(H5N1)	190	2502
HA|PP755589.1|A/cattle/Texas/24-008749-003/2024(H5N1)	191	2480
HA|PP755589.1|A/cattle/Texas/24-008749-003/2024(H5N1)	192	2485
HA|PP755589.1|A/cattle/Texas/24-008749-003/2024(H5N1)	193	2488
HA|PP755589.1|A/cattle/Texas/24-008749-003/2024(H5N1)	194	2472
HA|PP755589.1|A/cattle/Texas/24-008749-003/2024(H5N1)	195	2461
HA|PP755589.1|A/cattle/Texas/24-008749-003/2024(H5N1)	196	2465
HA|PP755589.1|A/cattle/Texas/24-008749-003/2024(H5N1)	197	2478
HA|PP755589.1|A/cattle/Texas/24-008749-003/2024(H5N1)	198	2499
HA|PP755589.1|A/cattle/Texas/24-008749-003/2024(H5N1)	199	2511
HA|PP755589.1|A/cattle/Texas/24-008749-003/2024(H5N1)	200	2545
HA|PP755589.1|A/cattle/Texas/24-008749-003/2024(H5N1)	201	2547
HA|PP755589.1|A/cattle/Texas/24-008749-003/2024(H5N1)	202	2550
HA|PP755589.1|A/cattle/Texas/24-008749-003/2024(H5N1)	203	2550
HA|PP755589.1|A/cattle/Texas/24-008749-003/2024(H5N1)	204	2559
HA|PP755589.1|A/cattle/Texas/24-008749-003/2024(H5N1)	205	2497
HA|PP755589.1|A/cattle/Texas/24-008749-003/2024(H5N1)	206	2496
HA|PP755589.1|A/cattle/Texas/24-008749-003/2024(H5N1)	207	2555
HA|PP755589.1|A/cattle/Texas/24-008749-003/2024(H5N1)	208	2569
HA|PP755589.1|A/cattle/Texas/24-008749-003/2024(H5N1)	209	2546
HA|PP755589.1|A/cattle/Texas/24-008749-003/2024(H5N1)	210	2582
HA|PP755589.1|A/cattle/Texas/24-008749-003/2024(H5N1)	211	2593
HA|PP755589.1|A/cattle/Texas/24-008749-003/2024(H5N1)	212	2619
HA|PP755589.1|A/cattle/Texas/24-008749-003/2024(H5N1)	213	2630
HA|PP755589.1|A/cattle/Texas/24-008749-003/2024(H5N1)	214	2627
HA|PP755589.1|A/cattle/Texas/24-008749-003/2024(H5N1)	215	2697
HA|PP755589.1|A/cattle/Texas/24-008749-003/2024(H5N1)	216	2720
HA|PP755589.1|A/cattle/Texas/24-008749-003/2024(H5N1)	217	2736
HA|PP755589.1|A/cattle/Texas/24-008749-003/2024(H5N1)	218	2748
HA|PP755589.1|A/cattle/Texas/24-008749-003/2024(H5N1)	219	2706
HA|PP755589.1|A/cattle/Texas/24-008749-003/2024(H5N1)	220	2699
HA|PP755589.1|A/cattle/Texas/24-008749-003/2024(H5N1)	221	2715
HA|PP755589.1|A/cattle/Texas/24-008749-003/2024(H5N1)	222	2697
HA|PP755589.1|A/cattle/Texas/24-008749-003/2024(H5N1)	223	2719
HA|PP755589.1|A/cattle/Texas/24-008749-003/2024(H5N1)	224	2641
HA|PP755589.1|A/cattle/Texas/24-008749-003/2024(H5N1)	225	2636
HA|PP755589.1|A/cattle/Texas/24-008749-003/2024(H5N1)	226	2687
HA|PP755589.1|A/cattle/Texas/24-008749-003/2024(H5N1)	227	2605
HA|PP755589.1|A/cattle/Texas/24-008749-003/2024(H5N1)	228	2561
HA|PP755589.1|A/cattle/Texas/24-008749-003/2024(H5N1)	229	2484
HA|PP755589.1|A/cattle/Texas/24-008749-003/2024(H5N1)	230	2476
HA|PP755589.1|A/cattle/Texas/24-008749-003/2024(H5N1)	231	2487
HA|PP755589.1|A/cattle/Texas/24-008749-003/2024(H5N1)	232	2482
HA|PP755589.1|A/cattle/Texas/24-008749-003/2024(H5N1)	233	2481
HA|PP755589.1|A/cattle/Texas/24-008749-003/2024(H5N1)	234	2494
HA|PP755589.1|A/cattle/Texas/24-008749-003/2024(H5N1)	235	2496
HA|PP755589.1|A/cattle/Texas/24-008749-003/2024(H5N1)	236	2500
HA|PP755589.1|A/cattle/Texas/24-008749-003/2024(H5N1)	237	2501
HA|PP755589.1|A/cattle/Texas/24-008749-003/2024(H5N1)	238	2491
HA|PP755589.1|A/cattle/Texas/24-008749-003/2024(H5N1)	239	2429
HA|PP755589.1|A/cattle/Texas/24-008749-003/2024(H5N1)	240	2428
HA|PP755589.1|A/cattle/Texas/24-008749-003/2024(H5N1)	241	2429
HA|PP755589.1|A/cattle/Texas/24-008749-003/2024(H5N1)	242	2429
HA|PP755589.1|A/cattle/Texas/24-008749-003/2024(H5N1)	243	2420
HA|PP755589.1|A/cattle/Texas/24-008749-003/2024(H5N1)	244	2414
HA|PP755589.1|A/cattle/Texas/24-008749-003/2024(H5N1)	245	2435
HA|PP755589.1|A/cattle/Texas/24-008749-003/2024(H5N1)	246	2434
HA|PP755589.1|A/cattle/Texas/24-008749-003/2024(H5N1)	247	2451
HA|PP755589.1|A/cattle/Texas/24-008749-003/2024(H5N1)	248	2452
HA|PP755589.1|A/cattle/Texas/24-008749-003/2024(H5N1)	249	2423
HA|PP755589.1|A/cattle/Texas/24-008749-003/2024(H5N1)	250	2424
HA|PP755589.1|A/cattle/Texas/24-008749-003/2024(H5N1)	251	2438
HA|PP755589.1|A/cattle/Texas/24-008749-003/2024(H5N1)	252	2414
HA|PP755589.1|A/cattle/Texas/24-008749-003/2024(H5N1)	253	2433
HA|PP755589.1|A/cattle/Texas/24-008749-003/2024(H5N1)	254	2432
HA|PP755589.1|A/cattle/Texas/24-008749-003/2024(H5N1)	255	2475
HA|PP755589.1|A/cattle/Texas/24-008749-003/2024(H5N1)	256	2476
HA|PP755589.1|A/cattle/Texas/24-008749-003/2024(H5N1)	257	2500
HA|PP755589.1|A/cattle/Texas/24-008749-003/2024(H5N1)	258	2514
HA|PP755589.1|A/cattle/Texas/24-008749-003/2024(H5N1)	259	2514
HA|PP755589.1|A/cattle/Texas/24-008749-003/2024(H5N1)	260	2516
HA|PP755589.1|A/cattle/Texas/24-008749-003/2024(H5N1)	261	2516
HA|PP755589.1|A/cattle/Texas/24-008749-003/2024(H5N1)	262	2496
HA|PP755589.1|A/cattle/Texas/24-008749-003/2024(H5N1)	263	2500
HA|PP755589.1|A/cattle/Texas/24-008749-003/2024(H5N1)	264	2485
HA|PP755589.1|A/cattle/Texas/24-008749-003/2024(H5N1)	265	2506
HA|PP755589.1|A/cattle/Texas/24-008749-003/2024(H5N1)	266	2514
HA|PP755589.1|A/cattle/Texas/24-008749-003/2024(H5N1)	267	2499
HA|PP755589.1|A/cattle/Texas/24-008749-003/2024(H5N1)	268	2494
HA|PP755589.1|A/cattle/Texas/24-008749-003/2024(H5N1)	269	2494
HA|PP755589.1|A/cattle/Texas/24-008749-003/2024(H5N1)	270	2496
HA|PP755589.1|A/cattle/Texas/24-008749-003/2024(H5N1)	271	2499
HA|PP755589.1|A/cattle/Texas/24-008749-003/2024(H5N1)	272	2504
HA|PP755589.1|A/cattle/Texas/24-008749-003/2024(H5N1)	273	2308
HA|PP755589.1|A/cattle/Texas/24-008749-003/2024(H5N1)	274	2259
HA|PP755589.1|A/cattle/Texas/24-008749-003/2024(H5N1)	275	2246
HA|PP755589.1|A/cattle/Texas/24-008749-003/2024(H5N1)	276	2509
HA|PP755589.1|A/cattle/Texas/24-008749-003/2024(H5N1)	277	2505
HA|PP755589.1|A/cattle/Texas/24-008749-003/2024(H5N1)	278	2497
HA|PP755589.1|A/cattle/Texas/24-008749-003/2024(H5N1)	279	2493
HA|PP755589.1|A/cattle/Texas/24-008749-003/2024(H5N1)	280	2496
HA|PP755589.1|A/cattle/Texas/24-008749-003/2024(H5N1)	281	2562
HA|PP755589.1|A/cattle/Texas/24-008749-003/2024(H5N1)	282	2546
HA|PP755589.1|A/cattle/Texas/24-008749-003/2024(H5N1)	283	2559
HA|PP755589.1|A/cattle/Texas/24-008749-003/2024(H5N1)	284	2485
HA|PP755589.1|A/cattle/Texas/24-008749-003/2024(H5N1)	285	2245
HA|PP755589.1|A/cattle/Texas/24-008749-003/2024(H5N1)	286	2292
HA|PP755589.1|A/cattle/Texas/24-008749-003/2024(H5N1)	287	2279
HA|PP755589.1|A/cattle/Texas/24-008749-003/2024(H5N1)	288	2280
HA|PP755589.1|A/cattle/Texas/24-008749-003/2024(H5N1)	289	2299
HA|PP755589.1|A/cattle/Texas/24-008749-003/2024(H5N1)	290	2274
HA|PP755589.1|A/cattle/Texas/24-008749-003/2024(H5N1)	291	2288
HA|PP755589.1|A/cattle/Texas/24-008749-003/2024(H5N1)	292	2320
HA|PP755589.1|A/cattle/Texas/24-008749-003/2024(H5N1)	293	2325
HA|PP755589.1|A/cattle/Texas/24-008749-003/2024(H5N1)	294	2437
HA|PP755589.1|A/cattle/Texas/24-008749-003/2024(H5N1)	295	2446
HA|PP755589.1|A/cattle/Texas/24-008749-003/2024(H5N1)	296	2464
HA|PP755589.1|A/cattle/Texas/24-008749-003/2024(H5N1)	297	2459
HA|PP755589.1|A/cattle/Texas/24-008749-003/2024(H5N1)	298	2476
HA|PP755589.1|A/cattle/Texas/24-008749-003/2024(H5N1)	299	2497
HA|PP755589.1|A/cattle/Texas/24-008749-003/2024(H5N1)	300	2502
HA|PP755589.1|A/cattle/Texas/24-008749-003/2024(H5N1)	301	2503
HA|PP755589.1|A/cattle/Texas/24-008749-003/2024(H5N1)	302	2498
HA|PP755589.1|A/cattle/Texas/24-008749-003/2024(H5N1)	303	2399
HA|PP755589.1|A/cattle/Texas/24-008749-003/2024(H5N1)	304	2428
HA|PP755589.1|A/cattle/Texas/24-008749-003/2024(H5N1)	305	2476
HA|PP755589.1|A/cattle/Texas/24-008749-003/2024(H5N1)	306	2477
HA|PP755589.1|A/cattle/Texas/24-008749-003/2024(H5N1)	307	2467
HA|PP755589.1|A/cattle/Texas/24-008749-003/2024(H5N1)	308	2460
HA|PP755589.1|A/cattle/Texas/24-008749-003/2024(H5N1)	309	2483
HA|PP755589.1|A/cattle/Texas/24-008749-003/2024(H5N1)	310	2501
HA|PP755589.1|A/cattle/Texas/24-008749-003/2024(H5N1)	311	2612
HA|PP755589.1|A/cattle/Texas/24-008749-003/2024(H5N1)	312	2570
HA|PP755589.1|A/cattle/Texas/24-008749-003/2024(H5N1)	313	2554
HA|PP755589.1|A/cattle/Texas/24-008749-003/2024(H5N1)	314	2599
HA|PP755589.1|A/cattle/Texas/24-008749-003/2024(H5N1)	315	2717
HA|PP755589.1|A/cattle/Texas/24-008749-003/2024(H5N1)	316	2719
HA|PP755589.1|A/cattle/Texas/24-008749-003/2024(H5N1)	317	2745
HA|PP755589.1|A/cattle/Texas/24-008749-003/2024(H5N1)	318	2763
HA|PP755589.1|A/cattle/Texas/24-008749-003/2024(H5N1)	319	2796
HA|PP755589.1|A/cattle/Texas/24-008749-003/2024(H5N1)	320	2845
HA|PP755589.1|A/cattle/Texas/24-008749-003/2024(H5N1)	321	2866
HA|PP755589.1|A/cattle/Texas/24-008749-003/2024(H5N1)	322	2868
HA|PP755589.1|A/cattle/Texas/24-008749-003/2024(H5N1)	323	2870
HA|PP755589.1|A/cattle/Texas/24-008749-003/2024(H5N1)	324	2735
HA|PP755589.1|A/cattle/Texas/24-008749-003/2024(H5N1)	325	2743
HA|PP755589.1|A/cattle/Texas/24-008749-003/2024(H5N1)	326	2730
HA|PP755589.1|A/cattle/Texas/24-008749-003/2024(H5N1)	327	2668
HA|PP755589.1|A/cattle/Texas/24-008749-003/2024(H5N1)	328	2642
HA|PP755589.1|A/cattle/Texas/24-008749-003/2024(H5N1)	329	2651
HA|PP755589.1|A/cattle/Texas/24-008749-003/2024(H5N1)	330	2638
HA|PP755589.1|A/cattle/Texas/24-008749-003/2024(H5N1)	331	2664
HA|PP755589.1|A/cattle/Texas/24-008749-003/2024(H5N1)	332	2670
HA|PP755589.1|A/cattle/Texas/24-008749-003/2024(H5N1)	333	2674
HA|PP755589.1|A/cattle/Texas/24-008749-003/2024(H5N1)	334	2673
HA|PP755589.1|A/cattle/Texas/24-008749-003/2024(H5N1)	335	2669
HA|PP755589.1|A/cattle/Texas/24-008749-003/2024(H5N1)	336	2649
HA|PP755589.1|A/cattle/Texas/24-008749-003/2024(H5N1)	337	2650
HA|PP755589.1|A/cattle/Texas/24-008749-003/2024(H5N1)	338	2635
HA|PP755589.1|A/cattle/Texas/24-008749-003/2024(H5N1)	339	2647
HA|PP755589.1|A/cattle/Texas/24-008749-003/2024(H5N1)	340	2623
HA|PP755589.1|A/cattle/Texas/24-008749-003/2024(H5N1)	341	2637
HA|PP755589.1|A/cattle/Texas/24-008749-003/2024(H5N1)	342	2647
HA|PP755589.1|A/cattle/Texas/24-008749-003/2024(H5N1)	343	2648
HA|PP755589.1|A/cattle/Texas/24-008749-003/2024(H5N1)	344	2649
HA|PP755589.1|A/cattle/Texas/24-008749-003/2024(H5N1)	345	2649
HA|PP755589.1|A/cattle/Texas/24-008749-003/2024(H5N1)	346	2659
HA|PP755589.1|A/cattle/Texas/24-008749-003/2024(H5N1)	347	2698
HA|PP755589.1|A/cattle/Texas/24-008749-003/2024(H5N1)	348	2690
HA|PP755589.1|A/cattle/Texas/24-008749-003/2024(H5N1)	349	2651
HA|PP755589.1|A/cattle/Texas/24-008749-003/2024(H5N1)	350	2639
HA|PP755589.1|A/cattle/Texas/24-008749-003/2024(H5N1)	351	2644
HA|PP755589.1|A/cattle/Texas/24-008749-003/2024(H5N1)	352	2657
HA|PP755589.1|A/cattle/Texas/24-008749-003/2024(H5N1)	353	2673
HA|PP755589.1|A/cattle/Texas/24-008749-003/2024(H5N1)	354	2673
HA|PP755589.1|A/cattle/Texas/24-008749-003/2024(H5N1)	355	2675
HA|PP755589.1|A/cattle/Texas/24-008749-003/2024(H5N1)	356	2670
HA|PP755589.1|A/cattle/Texas/24-008749-003/2024(H5N1)	357	2650
HA|PP755589.1|A/cattle/Texas/24-008749-003/2024(H5N1)	358	2661
HA|PP755589.1|A/cattle/Texas/24-008749-003/2024(H5N1)	359	2664
HA|PP755589.1|A/cattle/Texas/24-008749-003/2024(H5N1)	360	2667
HA|PP755589.1|A/cattle/Texas/24-008749-003/2024(H5N1)	361	2627
HA|PP755589.1|A/cattle/Texas/24-008749-003/2024(H5N1)	362	2607
HA|PP755589.1|A/cattle/Texas/24-008749-003/2024(H5N1)	363	2618
HA|PP755589.1|A/cattle/Texas/24-008749-003/2024(H5N1)	364	2597
HA|PP755589.1|A/cattle/Texas/24-008749-003/2024(H5N1)	365	2596
HA|PP755589.1|A/cattle/Texas/24-008749-003/2024(H5N1)	366	2524
HA|PP755589.1|A/cattle/Texas/24-008749-003/2024(H5N1)	367	2476
HA|PP755589.1|A/cattle/Texas/24-008749-003/2024(H5N1)	368	2529
HA|PP755589.1|A/cattle/Texas/24-008749-003/2024(H5N1)	369	2530
HA|PP755589.1|A/cattle/Texas/24-008749-003/2024(H5N1)	370	2616
HA|PP755589.1|A/cattle/Texas/24-008749-003/2024(H5N1)	371	2618
HA|PP755589.1|A/cattle/Texas/24-008749-003/2024(H5N1)	372	2582
HA|PP755589.1|A/cattle/Texas/24-008749-003/2024(H5N1)	373	2583
HA|PP755589.1|A/cattle/Texas/24-008749-003/2024(H5N1)	374	2590
HA|PP755589.1|A/cattle/Texas/24-008749-003/2024(H5N1)	375	2589
HA|PP755589.1|A/cattle/Texas/24-008749-003/2024(H5N1)	376	2594
HA|PP755589.1|A/cattle/Texas/24-008749-003/2024(H5N1)	377	2539
HA|PP755589.1|A/cattle/Texas/24-008749-003/2024(H5N1)	378	2538
HA|PP755589.1|A/cattle/Texas/24-008749-003/2024(H5N1)	379	2540
HA|PP755589.1|A/cattle/Texas/24-008749-003/2024(H5N1)	380	2538
HA|PP755589.1|A/cattle/Texas/24-008749-003/2024(H5N1)	381	2544
HA|PP755589.1|A/cattle/Texas/24-008749-003/2024(H5N1)	382	2533
HA|PP755589.1|A/cattle/Texas/24-008749-003/2024(H5N1)	383	2562
HA|PP755589.1|A/cattle/Texas/24-008749-003/2024(H5N1)	384	2562
HA|PP755589.1|A/cattle/Texas/24-008749-003/2024(H5N1)	385	2552
HA|PP755589.1|A/cattle/Texas/24-008749-003/2024(H5N1)	386	2549
HA|PP755589.1|A/cattle/Texas/24-008749-003/2024(H5N1)	387	2575
HA|PP755589.1|A/cattle/Texas/24-008749-003/2024(H5N1)	388	2648
HA|PP755589.1|A/cattle/Texas/24-008749-003/2024(H5N1)	389	2642
HA|PP755589.1|A/cattle/Texas/24-008749-003/2024(H5N1)	390	2643
HA|PP755589.1|A/cattle/Texas/24-008749-003/2024(H5N1)	391	2632
HA|PP755589.1|A/cattle/Texas/24-008749-003/2024(H5N1)	392	2628
HA|PP755589.1|A/cattle/Texas/24-008749-003/2024(H5N1)	393	2641
HA|PP755589.1|A/cattle/Texas/24-008749-003/2024(H5N1)	394	2681
HA|PP755589.1|A/cattle/Texas/24-008749-003/2024(H5N1)	395	2687
HA|PP755589.1|A/cattle/Texas/24-008749-003/2024(H5N1)	396	2646
HA|PP755589.1|A/cattle/Texas/24-008749-003/2024(H5N1)	397	2640
HA|PP755589.1|A/cattle/Texas/24-008749-003/2024(H5N1)	398	2810
HA|PP755589.1|A/cattle/Texas/24-008749-003/2024(H5N1)	399	2823
HA|PP755589.1|A/cattle/Texas/24-008749-003/2024(H5N1)	400	2831
HA|PP755589.1|A/cattle/Texas/24-008749-003/2024(H5N1)	401	2830
HA|PP755589.1|A/cattle/Texas/24-008749-003/2024(H5N1)	402	2823
HA|PP755589.1|A/cattle/Texas/24-008749-003/2024(H5N1)	403	2831
HA|PP755589.1|A/cattle/Texas/24-008749-003/2024(H5N1)	404	2811
HA|PP755589.1|A/cattle/Texas/24-008749-003/2024(H5N1)	405	2813
HA|PP755589.1|A/cattle/Texas/24-008749-003/2024(H5N1)	406	2764
HA|PP755589.1|A/cattle/Texas/24-008749-003/2024(H5N1)	407	2769
HA|PP755589.1|A/cattle/Texas/24-008749-003/2024(H5N1)	408	2740
HA|PP755589.1|A/cattle/Texas/24-008749-003/2024(H5N1)	409	2724
HA|PP755589.1|A/cattle/Texas/24-008749-003/2024(H5N1)	410	2724
HA|PP755589.1|A/cattle/Texas/24-008749-003/2024(H5N1)	411	2717
HA|PP755589.1|A/cattle/Texas/24-008749-003/2024(H5N1)	412	2721
HA|PP755589.1|A/cattle/Texas/24-008749-003/2024(H5N1)	413	2738
HA|PP755589.1|A/cattle/Texas/24-008749-003/2024(H5N1)	414	2739
HA|PP755589.1|A/cattle/Texas/24-008749-003/2024(H5N1)	415	2710
HA|PP755589.1|A/cattle/Texas/24-008749-003/2024(H5N1)	416	2706
HA|PP755589.1|A/cattle/Texas/24-008749-003/2024(H5N1)	417	2720
HA|PP755589.1|A/cattle/Texas/24-008749-003/2024(H5N1)	418	2724
HA|PP755589.1|A/cattle/Texas/24-008749-003/2024(H5N1)	419	2752
HA|PP755589.1|A/cattle/Texas/24-008749-003/2024(H5N1)	420	2758
HA|PP755589.1|A/cattle/Texas/24-008749-003/2024(H5N1)	421	2849
HA|PP755589.1|A/cattle/Texas/24-008749-003/2024(H5N1)	422	2835
HA|PP755589.1|A/cattle/Texas/24-008749-003/2024(H5N1)	423	2863
HA|PP755589.1|A/cattle/Texas/24-008749-003/2024(H5N1)	424	2863
HA|PP755589.1|A/cattle/Texas/24-008749-003/2024(H5N1)	425	2867
HA|PP755589.1|A/cattle/Texas/24-008749-003/2024(H5N1)	426	2877
HA|PP755589.1|A/cattle/Texas/24-008749-003/2024(H5N1)	427	2662
HA|PP755589.1|A/cattle/Texas/24-008749-003/2024(H5N1)	428	2699
HA|PP755589.1|A/cattle/Texas/24-008749-003/2024(H5N1)	429	2723
HA|PP755589.1|A/cattle/Texas/24-008749-003/2024(H5N1)	430	2739
HA|PP755589.1|A/cattle/Texas/24-008749-003/2024(H5N1)	431	2811
HA|PP755589.1|A/cattle/Texas/24-008749-003/2024(H5N1)	432	2814
HA|PP755589.1|A/cattle/Texas/24-008749-003/2024(H5N1)	433	2831
HA|PP755589.1|A/cattle/Texas/24-008749-003/2024(H5N1)	434	2830
HA|PP755589.1|A/cattle/Texas/24-008749-003/2024(H5N1)	435	2842
HA|PP755589.1|A/cattle/Texas/24-008749-003/2024(H5N1)	436	2853
HA|PP755589.1|A/cattle/Texas/24-008749-003/2024(H5N1)	437	2832
HA|PP755589.1|A/cattle/Texas/24-008749-003/2024(H5N1)	438	2852
HA|PP755589.1|A/cattle/Texas/24-008749-003/2024(H5N1)	439	2834
HA|PP755589.1|A/cattle/Texas/24-008749-003/2024(H5N1)	440	2776
HA|PP755589.1|A/cattle/Texas/24-008749-003/2024(H5N1)	441	2793
HA|PP755589.1|A/cattle/Texas/24-008749-003/2024(H5N1)	442	2742
HA|PP755589.1|A/cattle/Texas/24-008749-003/2024(H5N1)	443	2747
HA|PP755589.1|A/cattle/Texas/24-008749-003/2024(H5N1)	444	2654
HA|PP755589.1|A/cattle/Texas/24-008749-003/2024(H5N1)	445	2639
HA|PP755589.1|A/cattle/Texas/24-008749-003/2024(H5N1)	446	2657
HA|PP755589.1|A/cattle/Texas/24-008749-003/2024(H5N1)	447	2635
HA|PP755589.1|A/cattle/Texas/24-008749-003/2024(H5N1)	448	2638
HA|PP755589.1|A/cattle/Texas/24-008749-003/2024(H5N1)	449	2659
HA|PP755589.1|A/cattle/Texas/24-008749-003/2024(H5N1)	450	2646
HA|PP755589.1|A/cattle/Texas/24-008749-003/2024(H5N1)	451	2654
HA|PP755589.1|A/cattle/Texas/24-008749-003/2024(H5N1)	452	2755
HA|PP755589.1|A/cattle/Texas/24-008749-003/2024(H5N1)	453	2768
HA|PP755589.1|A/cattle/Texas/24-008749-003/2024(H5N1)	454	2812
HA|PP755589.1|A/cattle/Texas/24-008749-003/2024(H5N1)	455	2773
HA|PP755589.1|A/cattle/Texas/24-008749-003/2024(H5N1)	456	2844
HA|PP755589.1|A/cattle/Texas/24-008749-003/2024(H5N1)	457	2861
HA|PP755589.1|A/cattle/Texas/24-008749-003/2024(H5N1)	458	2859
HA|PP755589.1|A/cattle/Texas/24-008749-003/2024(H5N1)	459	2890
HA|PP755589.1|A/cattle/Texas/24-008749-003/2024(H5N1)	460	2840
HA|PP755589.1|A/cattle/Texas/24-008749-003/2024(H5N1)	461	2721
HA|PP755589.1|A/cattle/Texas/24-008749-003/2024(H5N1)	462	2731
HA|PP755589.1|A/cattle/Texas/24-008749-003/2024(H5N1)	463	2747
HA|PP755589.1|A/cattle/Texas/24-008749-003/2024(H5N1)	464	2749
HA|PP755589.1|A/cattle/Texas/24-008749-003/2024(H5N1)	465	2688
HA|PP755589.1|A/cattle/Texas/24-008749-003/2024(H5N1)	466	2588
HA|PP755589.1|A/cattle/Texas/24-008749-003/2024(H5N1)	467	2580
HA|PP755589.1|A/cattle/Texas/24-008749-003/2024(H5N1)	468	2565
HA|PP755589.1|A/cattle/Texas/24-008749-003/2024(H5N1)	469	2552
HA|PP755589.1|A/cattle/Texas/24-008749-003/2024(H5N1)	470	2487
HA|PP755589.1|A/cattle/Texas/24-008749-003/2024(H5N1)	471	2486
HA|PP755589.1|A/cattle/Texas/24-008749-003/2024(H5N1)	472	2472
HA|PP755589.1|A/cattle/Texas/24-008749-003/2024(H5N1)	473	2476
HA|PP755589.1|A/cattle/Texas/24-008749-003/2024(H5N1)	474	2470
HA|PP755589.1|A/cattle/Texas/24-008749-003/2024(H5N1)	475	2460
HA|PP755589.1|A/cattle/Texas/24-008749-003/2024(H5N1)	476	2462
HA|PP755589.1|A/cattle/Texas/24-008749-003/2024(H5N1)	477	2466
HA|PP755589.1|A/cattle/Texas/24-008749-003/2024(H5N1)	478	2464
HA|PP755589.1|A/cattle/Texas/24-008749-003/2024(H5N1)	479	2466
HA|PP755589.1|A/cattle/Texas/24-008749-003/2024(H5N1)	480	2401
HA|PP755589.1|A/cattle/Texas/24-008749-003/2024(H5N1)	481	2400
HA|PP755589.1|A/cattle/Texas/24-008749-003/2024(H5N1)	482	2397
HA|PP755589.1|A/cattle/Texas/24-008749-003/2024(H5N1)	483	2395
HA|PP755589.1|A/cattle/Texas/24-008749-003/2024(H5N1)	484	2398
HA|PP755589.1|A/cattle/Texas/24-008749-003/2024(H5N1)	485	2412
HA|PP755589.1|A/cattle/Texas/24-008749-003/2024(H5N1)	486	2415
HA|PP755589.1|A/cattle/Texas/24-008749-003/2024(H5N1)	487	2434
HA|PP755589.1|A/cattle/Texas/24-008749-003/2024(H5N1)	488	2436
HA|PP755589.1|A/cattle/Texas/24-008749-003/2024(H5N1)	489	2445
HA|PP755589.1|A/cattle/Texas/24-008749-003/2024(H5N1)	490	2436
HA|PP755589.1|A/cattle/Texas/24-008749-003/2024(H5N1)	491	2441
HA|PP755589.1|A/cattle/Texas/24-008749-003/2024(H5N1)	492	2428
HA|PP755589.1|A/cattle/Texas/24-008749-003/2024(H5N1)	493	2437
HA|PP755589.1|A/cattle/Texas/24-008749-003/2024(H5N1)	494	2437
HA|PP755589.1|A/cattle/Texas/24-008749-003/2024(H5N1)	495	2447
HA|PP755589.1|A/cattle/Texas/24-008749-003/2024(H5N1)	496	2422
HA|PP755589.1|A/cattle/Texas/24-008749-003/2024(H5N1)	497	2414
HA|PP755589.1|A/cattle/Texas/24-008749-003/2024(H5N1)	498	2392
HA|PP755589.1|A/cattle/Texas/24-008749-003/2024(H5N1)	499	2397
HA|PP755589.1|A/cattle/Texas/24-008749-003/2024(H5N1)	500	2385
HA|PP755589.1|A/cattle/Texas/24-008749-003/2024(H5N1)	501	2381
HA|PP755589.1|A/cattle/Texas/24-008749-003/2024(H5N1)	502	2382
HA|PP755589.1|A/cattle/Texas/24-008749-003/2024(H5N1)	503	2371
HA|PP755589.1|A/cattle/Texas/24-008749-003/2024(H5N1)	504	2356
HA|PP755589.1|A/cattle/Texas/24-008749-003/2024(H5N1)	505	2356
HA|PP755589.1|A/cattle/Texas/24-008749-003/2024(H5N1)	506	2338
HA|PP755589.1|A/cattle/Texas/24-008749-003/2024(H5N1)	507	2363
HA|PP755589.1|A/cattle/Texas/24-008749-003/2024(H5N1)	508	2333
HA|PP755589.1|A/cattle/Texas/24-008749-003/2024(H5N1)	509	2320
HA|PP755589.1|A/cattle/Texas/24-008749-003/2024(H5N1)	510	2315
HA|PP755589.1|A/cattle/Texas/24-008749-003/2024(H5N1)	511	2316
HA|PP755589.1|A/cattle/Texas/24-008749-003/2024(H5N1)	512	2385
HA|PP755589.1|A/cattle/Texas/24-008749-003/2024(H5N1)	513	2395
HA|PP755589.1|A/cattle/Texas/24-008749-003/2024(H5N1)	514	2372
HA|PP755589.1|A/cattle/Texas/24-008749-003/2024(H5N1)	515	2372
HA|PP755589.1|A/cattle/Texas/24-008749-003/2024(H5N1)	516	2384
HA|PP755589.1|A/cattle/Texas/24-008749-003/2024(H5N1)	517	2417
HA|PP755589.1|A/cattle/Texas/24-008749-003/2024(H5N1)	518	2413
HA|PP755589.1|A/cattle/Texas/24-008749-003/2024(H5N1)	519	2371
HA|PP755589.1|A/cattle/Texas/24-008749-003/2024(H5N1)	520	2364
HA|PP755589.1|A/cattle/Texas/24-008749-003/2024(H5N1)	521	2298
HA|PP755589.1|A/cattle/Texas/24-008749-003/2024(H5N1)	522	2396
HA|PP755589.1|A/cattle/Texas/24-008749-003/2024(H5N1)	523	2428
HA|PP755589.1|A/cattle/Texas/24-008749-003/2024(H5N1)	524	2595
HA|PP755589.1|A/cattle/Texas/24-008749-003/2024(H5N1)	525	2567
HA|PP755589.1|A/cattle/Texas/24-008749-003/2024(H5N1)	526	2573
HA|PP755589.1|A/cattle/Texas/24-008749-003/2024(H5N1)	527	2584
HA|PP755589.1|A/cattle/Texas/24-008749-003/2024(H5N1)	528	2571
HA|PP755589.1|A/cattle/Texas/24-008749-003/2024(H5N1)	529	2612
HA|PP755589.1|A/cattle/Texas/24-008749-003/2024(H5N1)	530	2618
HA|PP755589.1|A/cattle/Texas/24-008749-003/2024(H5N1)	531	2628
HA|PP755589.1|A/cattle/Texas/24-008749-003/2024(H5N1)	532	2623
HA|PP755589.1|A/cattle/Texas/24-008749-003/2024(H5N1)	533	2583
HA|PP755589.1|A/cattle/Texas/24-008749-003/2024(H5N1)	534	2584
HA|PP755589.1|A/cattle/Texas/24-008749-003/2024(H5N1)	535	2613
HA|PP755589.1|A/cattle/Texas/24-008749-003/2024(H5N1)	536	2688
HA|PP755589.1|A/cattle/Texas/24-008749-003/2024(H5N1)	537	2625
HA|PP755589.1|A/cattle/Texas/24-008749-003/2024(H5N1)	538	2625
HA|PP755589.1|A/cattle/Texas/24-008749-003/2024(H5N1)	539	2615
HA|PP755589.1|A/cattle/Texas/24-008749-003/2024(H5N1)	540	2738
HA|PP755589.1|A/cattle/Texas/24-008749-003/2024(H5N1)	541	2735
HA|PP755589.1|A/cattle/Texas/24-008749-003/2024(H5N1)	542	2738
HA|PP755589.1|A/cattle/Texas/24-008749-003/2024(H5N1)	543	2738
HA|PP755589.1|A/cattle/Texas/24-008749-003/2024(H5N1)	544	2692
HA|PP755589.1|A/cattle/Texas/24-008749-003/2024(H5N1)	545	2701
HA|PP755589.1|A/cattle/Texas/24-008749-003/2024(H5N1)	546	2687
HA|PP755589.1|A/cattle/Texas/24-008749-003/2024(H5N1)	547	2690
HA|PP755589.1|A/cattle/Texas/24-008749-003/2024(H5N1)	548	2636
HA|PP755589.1|A/cattle/Texas/24-008749-003/2024(H5N1)	549	2512
HA|PP755589.1|A/cattle/Texas/24-008749-003/2024(H5N1)	550	2513
HA|PP755589.1|A/cattle/Texas/24-008749-003/2024(H5N1)	551	2510
HA|PP755589.1|A/cattle/Texas/24-008749-003/2024(H5N1)	552	2510
HA|PP755589.1|A/cattle/Texas/24-008749-003/2024(H5N1)	553	2513
HA|PP755589.1|A/cattle/Texas/24-008749-003/2024(H5N1)	554	2507
HA|PP755589.1|A/cattle/Texas/24-008749-003/2024(H5N1)	555	2529
HA|PP755589.1|A/cattle/Texas/24-008749-003/2024(H5N1)	556	2531
HA|PP755589.1|A/cattle/Texas/24-008749-003/2024(H5N1)	557	2536
HA|PP755589.1|A/cattle/Texas/24-008749-003/2024(H5N1)	558	2528
HA|PP755589.1|A/cattle/Texas/24-008749-003/2024(H5N1)	559	2548
HA|PP755589.1|A/cattle/Texas/24-008749-003/2024(H5N1)	560	2554
HA|PP755589.1|A/cattle/Texas/24-008749-003/2024(H5N1)	561	2592
HA|PP755589.1|A/cattle/Texas/24-008749-003/2024(H5N1)	562	2617
HA|PP755589.1|A/cattle/Texas/24-008749-003/2024(H5N1)	563	2654
HA|PP755589.1|A/cattle/Texas/24-008749-003/2024(H5N1)	564	2693
HA|PP755589.1|A/cattle/Texas/24-008749-003/2024(H5N1)	565	2694
HA|PP755589.1|A/cattle/Texas/24-008749-003/2024(H5N1)	566	2700
HA|PP755589.1|A/cattle/Texas/24-008749-003/2024(H5N1)	567	2703
HA|PP755589.1|A/cattle/Texas/24-008749-003/2024(H5N1)	568	2706
HA|PP755589.1|A/cattle/Texas/24-008749-003/2024(H5N1)	569	2701
HA|PP755589.1|A/cattle/Texas/24-008749-003/2024(H5N1)	570	2675
HA|PP755589.1|A/cattle/Texas/24-008749-003/2024(H5N1)	571	2700
HA|PP755589.1|A/cattle/Texas/24-008749-003/2024(H5N1)	572	2645
HA|PP755589.1|A/cattle/Texas/24-008749-003/2024(H5N1)	573	2714
HA|PP755589.1|A/cattle/Texas/24-008749-003/2024(H5N1)	574	2701
HA|PP755589.1|A/cattle/Texas/24-008749-003/2024(H5N1)	575	2701
HA|PP755589.1|A/cattle/Texas/24-008749-003/2024(H5N1)	576	2704
HA|PP755589.1|A/cattle/Texas/24-008749-003/2024(H5N1)	577	2691
HA|PP755589.1|A/cattle/Texas/24-008749-003/2024(H5N1)	578	2728
HA|PP755589.1|A/cattle/Texas/24-008749-003/2024(H5N1)	579	2681
HA|PP755589.1|A/cattle/Texas/24-008749-003/2024(H5N1)	580	2680
HA|PP755589.1|A/cattle/Texas/24-008749-003/2024(H5N1)	581	2661
HA|PP755589.1|A/cattle/Texas/24-008749-003/2024(H5N1)	582	2526
HA|PP755589.1|A/cattle/Texas/24-008749-003/2024(H5N1)	583	2495
HA|PP755589.1|A/cattle/Texas/24-008749-003/2024(H5N1)	584	2491
HA|PP755589.1|A/cattle/Texas/24-008749-003/2024(H5N1)	585	2544
HA|PP755589.1|A/cattle/Texas/24-008749-003/2024(H5N1)	586	2534
HA|PP755589.1|A/cattle/Texas/24-008749-003/2024(H5N1)	587	2501
HA|PP755589.1|A/cattle/Texas/24-008749-003/2024(H5N1)	588	2525
HA|PP755589.1|A/cattle/Texas/24-008749-003/2024(H5N1)	589	2502
HA|PP755589.1|A/cattle/Texas/24-008749-003/2024(H5N1)	590	2681
HA|PP755589.1|A/cattle/Texas/24-008749-003/2024(H5N1)	591	2678
HA|PP755589.1|A/cattle/Texas/24-008749-003/2024(H5N1)	592	2669
HA|PP755589.1|A/cattle/Texas/24-008749-003/2024(H5N1)	593	2660
HA|PP755589.1|A/cattle/Texas/24-008749-003/2024(H5N1)	594	2673
HA|PP755589.1|A/cattle/Texas/24-008749-003/2024(H5N1)	595	2671
HA|PP755589.1|A/cattle/Texas/24-008749-003/2024(H5N1)	596	2744
HA|PP755589.1|A/cattle/Texas/24-008749-003/2024(H5N1)	597	2689
HA|PP755589.1|A/cattle/Texas/24-008749-003/2024(H5N1)	598	2700
HA|PP755589.1|A/cattle/Texas/24-008749-003/2024(H5N1)	599	2705
HA|PP755589.1|A/cattle/Texas/24-008749-003/2024(H5N1)	600	2685
HA|PP755589.1|A/cattle/Texas/24-008749-003/2024(H5N1)	601	2697
HA|PP755589.1|A/cattle/Texas/24-008749-003/2024(H5N1)	602	2750
HA|PP755589.1|A/cattle/Texas/24-008749-003/2024(H5N1)	603	2645
HA|PP755589.1|A/cattle/Texas/24-008749-003/2024(H5N1)	604	2659
HA|PP755589.1|A/cattle/Texas/24-008749-003/2024(H5N1)	605	2574
HA|PP755589.1|A/cattle/Texas/24-008749-003/2024(H5N1)	606	2576
HA|PP755589.1|A/cattle/Texas/24-008749-003/2024(H5N1)	607	2488
HA|PP755589.1|A/cattle/Texas/24-008749-003/2024(H5N1)	608	2497
HA|PP755589.1|A/cattle/Texas/24-008749-003/2024(H5N1)	609	2513
HA|PP755589.1|A/cattle/Texas/24-008749-003/2024(H5N1)	610	2495
HA|PP755589.1|A/cattle/Texas/24-008749-003/2024(H5N1)	611	2493
HA|PP755589.1|A/cattle/Texas/24-008749-003/2024(H5N1)	612	2487
HA|PP755589.1|A/cattle/Texas/24-008749-003/2024(H5N1)	613	2470
HA|PP755589.1|A/cattle/Texas/24-008749-003/2024(H5N1)	614	2468
HA|PP755589.1|A/cattle/Texas/24-008749-003/2024(H5N1)	615	2461
HA|PP755589.1|A/cattle/Texas/24-008749-003/2024(H5N1)	616	2532
HA|PP755589.1|A/cattle/Texas/24-008749-003/2024(H5N1)	617	2516
HA|PP755589.1|A/cattle/Texas/24-008749-003/2024(H5N1)	618	2507
HA|PP755589.1|A/cattle/Texas/24-008749-003/2024(H5N1)	619	2508
HA|PP755589.1|A/cattle/Texas/24-008749-003/2024(H5N1)	620	2514
HA|PP755589.1|A/cattle/Texas/24-008749-003/2024(H5N1)	621	2520
HA|PP755589.1|A/cattle/Texas/24-008749-003/2024(H5N1)	622	2518
HA|PP755589.1|A/cattle/Texas/24-008749-003/2024(H5N1)	623	2514
HA|PP755589.1|A/cattle/Texas/24-008749-003/2024(H5N1)	624	2526
HA|PP755589.1|A/cattle/Texas/24-008749-003/2024(H5N1)	625	2523
HA|PP755589.1|A/cattle/Texas/24-008749-003/2024(H5N1)	626	2530
HA|PP755589.1|A/cattle/Texas/24-008749-003/2024(H5N1)	627	2545
HA|PP755589.1|A/cattle/Texas/24-008749-003/2024(H5N1)	628	2538
HA|PP755589.1|A/cattle/Texas/24-008749-003/2024(H5N1)	629	2534
HA|PP755589.1|A/cattle/Texas/24-008749-003/2024(H5N1)	630	2531
HA|PP755589.1|A/cattle/Texas/24-008749-003/2024(H5N1)	631	2548
HA|PP755589.1|A/cattle/Texas/24-008749-003/2024(H5N1)	632	2559
HA|PP755589.1|A/cattle/Texas/24-008749-003/2024(H5N1)	633	2562
HA|PP755589.1|A/cattle/Texas/24-008749-003/2024(H5N1)	634	2561
HA|PP755589.1|A/cattle/Texas/24-008749-003/2024(H5N1)	635	2571
HA|PP755589.1|A/cattle/Texas/24-008749-003/2024(H5N1)	636	2552
HA|PP755589.1|A/cattle/Texas/24-008749-003/2024(H5N1)	637	2550
HA|PP755589.1|A/cattle/Texas/24-008749-003/2024(H5N1)	638	2569
HA|PP755589.1|A/cattle/Texas/24-008749-003/2024(H5N1)	639	2549
HA|PP755589.1|A/cattle/Texas/24-008749-003/2024(H5N1)	640	2541
HA|PP755589.1|A/cattle/Texas/24-008749-003/2024(H5N1)	641	2548
HA|PP755589.1|A/cattle/Texas/24-008749-003/2024(H5N1)	642	2528
HA|PP755589.1|A/cattle/Texas/24-008749-003/2024(H5N1)	643	2524
HA|PP755589.1|A/cattle/Texas/24-008749-003/2024(H5N1)	644	2492
HA|PP755589.1|A/cattle/Texas/24-008749-003/2024(H5N1)	645	2487
HA|PP755589.1|A/cattle/Texas/24-008749-003/2024(H5N1)	646	2491
HA|PP755589.1|A/cattle/Texas/24-008749-003/2024(H5N1)	647	2479
HA|PP755589.1|A/cattle/Texas/24-008749-003/2024(H5N1)	648	2470
HA|PP755589.1|A/cattle/Texas/24-008749-003/2024(H5N1)	649	2469
HA|PP755589.1|A/cattle/Texas/24-008749-003/2024(H5N1)	650	2473
HA|PP755589.1|A/cattle/Texas/24-008749-003/2024(H5N1)	651	2550
HA|PP755589.1|A/cattle/Texas/24-008749-003/2024(H5N1)	652	2573
HA|PP755589.1|A/cattle/Texas/24-008749-003/2024(H5N1)	653	2577
HA|PP755589.1|A/cattle/Texas/24-008749-003/2024(H5N1)	654	2587
HA|PP755589.1|A/cattle/Texas/24-008749-003/2024(H5N1)	655	2587
HA|PP755589.1|A/cattle/Texas/24-008749-003/2024(H5N1)	656	2601
HA|PP755589.1|A/cattle/Texas/24-008749-003/2024(H5N1)	657	2627
HA|PP755589.1|A/cattle/Texas/24-008749-003/2024(H5N1)	658	2636
HA|PP755589.1|A/cattle/Texas/24-008749-003/2024(H5N1)	659	2673
HA|PP755589.1|A/cattle/Texas/24-008749-003/2024(H5N1)	660	2668
HA|PP755589.1|A/cattle/Texas/24-008749-003/2024(H5N1)	661	2673
HA|PP755589.1|A/cattle/Texas/24-008749-003/2024(H5N1)	662	2667
HA|PP755589.1|A/cattle/Texas/24-008749-003/2024(H5N1)	663	2615
HA|PP755589.1|A/cattle/Texas/24-008749-003/2024(H5N1)	664	2699
HA|PP755589.1|A/cattle/Texas/24-008749-003/2024(H5N1)	665	2754
HA|PP755589.1|A/cattle/Texas/24-008749-003/2024(H5N1)	666	2815
HA|PP755589.1|A/cattle/Texas/24-008749-003/2024(H5N1)	667	2793
HA|PP755589.1|A/cattle/Texas/24-008749-003/2024(H5N1)	668	2753
HA|PP755589.1|A/cattle/Texas/24-008749-003/2024(H5N1)	669	2762
HA|PP755589.1|A/cattle/Texas/24-008749-003/2024(H5N1)	670	2751
HA|PP755589.1|A/cattle/Texas/24-008749-003/2024(H5N1)	671	2830
HA|PP755589.1|A/cattle/Texas/24-008749-003/2024(H5N1)	672	2821
HA|PP755589.1|A/cattle/Texas/24-008749-003/2024(H5N1)	673	2702
HA|PP755589.1|A/cattle/Texas/24-008749-003/2024(H5N1)	674	2672
HA|PP755589.1|A/cattle/Texas/24-008749-003/2024(H5N1)	675	2508
HA|PP755589.1|A/cattle/Texas/24-008749-003/2024(H5N1)	676	2520
HA|PP755589.1|A/cattle/Texas/24-008749-003/2024(H5N1)	677	2526
HA|PP755589.1|A/cattle/Texas/24-008749-003/2024(H5N1)	678	2514
HA|PP755589.1|A/cattle/Texas/24-008749-003/2024(H5N1)	679	2519
HA|PP755589.1|A/cattle/Texas/24-008749-003/2024(H5N1)	680	2462
HA|PP755589.1|A/cattle/Texas/24-008749-003/2024(H5N1)	681	2477
HA|PP755589.1|A/cattle/Texas/24-008749-003/2024(H5N1)	682	2467
HA|PP755589.1|A/cattle/Texas/24-008749-003/2024(H5N1)	683	2468
HA|PP755589.1|A/cattle/Texas/24-008749-003/2024(H5N1)	684	2472
HA|PP755589.1|A/cattle/Texas/24-008749-003/2024(H5N1)	685	2469
HA|PP755589.1|A/cattle/Texas/24-008749-003/2024(H5N1)	686	2452
HA|PP755589.1|A/cattle/Texas/24-008749-003/2024(H5N1)	687	2383
HA|PP755589.1|A/cattle/Texas/24-008749-003/2024(H5N1)	688	2383
HA|PP755589.1|A/cattle/Texas/24-008749-003/2024(H5N1)	689	2291
HA|PP755589.1|A/cattle/Texas/24-008749-003/2024(H5N1)	690	2292
HA|PP755589.1|A/cattle/Texas/24-008749-003/2024(H5N1)	691	2330
HA|PP755589.1|A/cattle/Texas/24-008749-003/2024(H5N1)	692	2328
HA|PP755589.1|A/cattle/Texas/24-008749-003/2024(H5N1)	693	2328
HA|PP755589.1|A/cattle/Texas/24-008749-003/2024(H5N1)	694	2328
HA|PP755589.1|A/cattle/Texas/24-008749-003/2024(H5N1)	695	2337
HA|PP755589.1|A/cattle/Texas/24-008749-003/2024(H5N1)	696	2368
HA|PP755589.1|A/cattle/Texas/24-008749-003/2024(H5N1)	697	2372
HA|PP755589.1|A/cattle/Texas/24-008749-003/2024(H5N1)	698	2378
HA|PP755589.1|A/cattle/Texas/24-008749-003/2024(H5N1)	699	2383
HA|PP755589.1|A/cattle/Texas/24-008749-003/2024(H5N1)	700	2347
HA|PP755589.1|A/cattle/Texas/24-008749-003/2024(H5N1)	701	2350
HA|PP755589.1|A/cattle/Texas/24-008749-003/2024(H5N1)	702	2348
HA|PP755589.1|A/cattle/Texas/24-008749-003/2024(H5N1)	703	2363
HA|PP755589.1|A/cattle/Texas/24-008749-003/2024(H5N1)	704	2355
HA|PP755589.1|A/cattle/Texas/24-008749-003/2024(H5N1)	705	2332
HA|PP755589.1|A/cattle/Texas/24-008749-003/2024(H5N1)	706	2346
HA|PP755589.1|A/cattle/Texas/24-008749-003/2024(H5N1)	707	2349
HA|PP755589.1|A/cattle/Texas/24-008749-003/2024(H5N1)	708	2360
HA|PP755589.1|A/cattle/Texas/24-008749-003/2024(H5N1)	709	2353
HA|PP755589.1|A/cattle/Texas/24-008749-003/2024(H5N1)	710	2355
HA|PP755589.1|A/cattle/Texas/24-008749-003/2024(H5N1)	711	2355
HA|PP755589.1|A/cattle/Texas/24-008749-003/2024(H5N1)	712	2316
HA|PP755589.1|A/cattle/Texas/24-008749-003/2024(H5N1)	713	2317
HA|PP755589.1|A/cattle/Texas/24-008749-003/2024(H5N1)	714	2537
HA|PP755589.1|A/cattle/Texas/24-008749-003/2024(H5N1)	715	2565
HA|PP755589.1|A/cattle/Texas/24-008749-003/2024(H5N1)	716	2588
HA|PP755589.1|A/cattle/Texas/24-008749-003/2024(H5N1)	717	2586
HA|PP755589.1|A/cattle/Texas/24-008749-003/2024(H5N1)	718	2573
HA|PP755589.1|A/cattle/Texas/24-008749-003/2024(H5N1)	719	2572
HA|PP755589.1|A/cattle/Texas/24-008749-003/2024(H5N1)	720	2587
HA|PP755589.1|A/cattle/Texas/24-008749-003/2024(H5N1)	721	2582
HA|PP755589.1|A/cattle/Texas/24-008749-003/2024(H5N1)	722	2572
HA|PP755589.1|A/cattle/Texas/24-008749-003/2024(H5N1)	723	2517
HA|PP755589.1|A/cattle/Texas/24-008749-003/2024(H5N1)	724	2453
HA|PP755589.1|A/cattle/Texas/24-008749-003/2024(H5N1)	725	2491
HA|PP755589.1|A/cattle/Texas/24-008749-003/2024(H5N1)	726	2487
HA|PP755589.1|A/cattle/Texas/24-008749-003/2024(H5N1)	727	2515
HA|PP755589.1|A/cattle/Texas/24-008749-003/2024(H5N1)	728	2497
HA|PP755589.1|A/cattle/Texas/24-008749-003/2024(H5N1)	729	2458
HA|PP755589.1|A/cattle/Texas/24-008749-003/2024(H5N1)	730	2445
HA|PP755589.1|A/cattle/Texas/24-008749-003/2024(H5N1)	731	2453
HA|PP755589.1|A/cattle/Texas/24-008749-003/2024(H5N1)	732	2673
HA|PP755589.1|A/cattle/Texas/24-008749-003/2024(H5N1)	733	2684
HA|PP755589.1|A/cattle/Texas/24-008749-003/2024(H5N1)	734	2686
HA|PP755589.1|A/cattle/Texas/24-008749-003/2024(H5N1)	735	2661
HA|PP755589.1|A/cattle/Texas/24-008749-003/2024(H5N1)	736	2626
HA|PP755589.1|A/cattle/Texas/24-008749-003/2024(H5N1)	737	2644
HA|PP755589.1|A/cattle/Texas/24-008749-003/2024(H5N1)	738	2640
HA|PP755589.1|A/cattle/Texas/24-008749-003/2024(H5N1)	739	2645
HA|PP755589.1|A/cattle/Texas/24-008749-003/2024(H5N1)	740	2648
HA|PP755589.1|A/cattle/Texas/24-008749-003/2024(H5N1)	741	2458
HA|PP755589.1|A/cattle/Texas/24-008749-003/2024(H5N1)	742	2477
HA|PP755589.1|A/cattle/Texas/24-008749-003/2024(H5N1)	743	2529
HA|PP755589.1|A/cattle/Texas/24-008749-003/2024(H5N1)	744	2555
HA|PP755589.1|A/cattle/Texas/24-008749-003/2024(H5N1)	745	2608
HA|PP755589.1|A/cattle/Texas/24-008749-003/2024(H5N1)	746	2632
HA|PP755589.1|A/cattle/Texas/24-008749-003/2024(H5N1)	747	2569
HA|PP755589.1|A/cattle/Texas/24-008749-003/2024(H5N1)	748	2593
HA|PP755589.1|A/cattle/Texas/24-008749-003/2024(H5N1)	749	2585
HA|PP755589.1|A/cattle/Texas/24-008749-003/2024(H5N1)	750	2583
HA|PP755589.1|A/cattle/Texas/24-008749-003/2024(H5N1)	751	2572
HA|PP755589.1|A/cattle/Texas/24-008749-003/2024(H5N1)	752	2534
HA|PP755589.1|A/cattle/Texas/24-008749-003/2024(H5N1)	753	2526
HA|PP755589.1|A/cattle/Texas/24-008749-003/2024(H5N1)	754	2520
HA|PP755589.1|A/cattle/Texas/24-008749-003/2024(H5N1)	755	2514
HA|PP755589.1|A/cattle/Texas/24-008749-003/2024(H5N1)	756	2517
HA|PP755589.1|A/cattle/Texas/24-008749-003/2024(H5N1)	757	2511
HA|PP755589.1|A/cattle/Texas/24-008749-003/2024(H5N1)	758	2599
HA|PP755589.1|A/cattle/Texas/24-008749-003/2024(H5N1)	759	2584
HA|PP755589.1|A/cattle/Texas/24-008749-003/2024(H5N1)	760	2569
HA|PP755589.1|A/cattle/Texas/24-008749-003/2024(H5N1)	761	2591
HA|PP755589.1|A/cattle/Texas/24-008749-003/2024(H5N1)	762	2580
HA|PP755589.1|A/cattle/Texas/24-008749-003/2024(H5N1)	763	2602
HA|PP755589.1|A/cattle/Texas/24-008749-003/2024(H5N1)	764	2597
HA|PP755589.1|A/cattle/Texas/24-008749-003/2024(H5N1)	765	2599
HA|PP755589.1|A/cattle/Texas/24-008749-003/2024(H5N1)	766	2610
HA|PP755589.1|A/cattle/Texas/24-008749-003/2024(H5N1)	767	2540
HA|PP755589.1|A/cattle/Texas/24-008749-003/2024(H5N1)	768	2558
HA|PP755589.1|A/cattle/Texas/24-008749-003/2024(H5N1)	769	2557
HA|PP755589.1|A/cattle/Texas/24-008749-003/2024(H5N1)	770	2558
HA|PP755589.1|A/cattle/Texas/24-008749-003/2024(H5N1)	771	2550
HA|PP755589.1|A/cattle/Texas/24-008749-003/2024(H5N1)	772	2545
HA|PP755589.1|A/cattle/Texas/24-008749-003/2024(H5N1)	773	2542
HA|PP755589.1|A/cattle/Texas/24-008749-003/2024(H5N1)	774	2546
HA|PP755589.1|A/cattle/Texas/24-008749-003/2024(H5N1)	775	2546
HA|PP755589.1|A/cattle/Texas/24-008749-003/2024(H5N1)	776	2546
HA|PP755589.1|A/cattle/Texas/24-008749-003/2024(H5N1)	777	2553
HA|PP755589.1|A/cattle/Texas/24-008749-003/2024(H5N1)	778	2537
HA|PP755589.1|A/cattle/Texas/24-008749-003/2024(H5N1)	779	2553
HA|PP755589.1|A/cattle/Texas/24-008749-003/2024(H5N1)	780	2552
HA|PP755589.1|A/cattle/Texas/24-008749-003/2024(H5N1)	781	2554
HA|PP755589.1|A/cattle/Texas/24-008749-003/2024(H5N1)	782	2543
HA|PP755589.1|A/cattle/Texas/24-008749-003/2024(H5N1)	783	2546
HA|PP755589.1|A/cattle/Texas/24-008749-003/2024(H5N1)	784	2703
HA|PP755589.1|A/cattle/Texas/24-008749-003/2024(H5N1)	785	2746
HA|PP755589.1|A/cattle/Texas/24-008749-003/2024(H5N1)	786	2731
HA|PP755589.1|A/cattle/Texas/24-008749-003/2024(H5N1)	787	2752
HA|PP755589.1|A/cattle/Texas/24-008749-003/2024(H5N1)	788	2754
HA|PP755589.1|A/cattle/Texas/24-008749-003/2024(H5N1)	789	2734
HA|PP755589.1|A/cattle/Texas/24-008749-003/2024(H5N1)	790	2732
HA|PP755589.1|A/cattle/Texas/24-008749-003/2024(H5N1)	791	2743
HA|PP755589.1|A/cattle/Texas/24-008749-003/2024(H5N1)	792	2772
HA|PP755589.1|A/cattle/Texas/24-008749-003/2024(H5N1)	793	2851
HA|PP755589.1|A/cattle/Texas/24-008749-003/2024(H5N1)	794	2897
HA|PP755589.1|A/cattle/Texas/24-008749-003/2024(H5N1)	795	2901
HA|PP755589.1|A/cattle/Texas/24-008749-003/2024(H5N1)	796	2940
HA|PP755589.1|A/cattle/Texas/24-008749-003/2024(H5N1)	797	2939
HA|PP755589.1|A/cattle/Texas/24-008749-003/2024(H5N1)	798	2955
HA|PP755589.1|A/cattle/Texas/24-008749-003/2024(H5N1)	799	3001
HA|PP755589.1|A/cattle/Texas/24-008749-003/2024(H5N1)	800	3153
HA|PP755589.1|A/cattle/Texas/24-008749-003/2024(H5N1)	801	3176
HA|PP755589.1|A/cattle/Texas/24-008749-003/2024(H5N1)	802	3087
HA|PP755589.1|A/cattle/Texas/24-008749-003/2024(H5N1)	803	3066
HA|PP755589.1|A/cattle/Texas/24-008749-003/2024(H5N1)	804	3077
HA|PP755589.1|A/cattle/Texas/24-008749-003/2024(H5N1)	805	3066
HA|PP755589.1|A/cattle/Texas/24-008749-003/2024(H5N1)	806	3086
HA|PP755589.1|A/cattle/Texas/24-008749-003/2024(H5N1)	807	3083
HA|PP755589.1|A/cattle/Texas/24-008749-003/2024(H5N1)	808	3051
HA|PP755589.1|A/cattle/Texas/24-008749-003/2024(H5N1)	809	3019
HA|PP755589.1|A/cattle/Texas/24-008749-003/2024(H5N1)	810	2986
HA|PP755589.1|A/cattle/Texas/24-008749-003/2024(H5N1)	811	2994
HA|PP755589.1|A/cattle/Texas/24-008749-003/2024(H5N1)	812	3019
HA|PP755589.1|A/cattle/Texas/24-008749-003/2024(H5N1)	813	3019
HA|PP755589.1|A/cattle/Texas/24-008749-003/2024(H5N1)	814	3013
HA|PP755589.1|A/cattle/Texas/24-008749-003/2024(H5N1)	815	2931
HA|PP755589.1|A/cattle/Texas/24-008749-003/2024(H5N1)	816	2877
HA|PP755589.1|A/cattle/Texas/24-008749-003/2024(H5N1)	817	2814
HA|PP755589.1|A/cattle/Texas/24-008749-003/2024(H5N1)	818	2811
HA|PP755589.1|A/cattle/Texas/24-008749-003/2024(H5N1)	819	2809
HA|PP755589.1|A/cattle/Texas/24-008749-003/2024(H5N1)	820	2800
HA|PP755589.1|A/cattle/Texas/24-008749-003/2024(H5N1)	821	2789
HA|PP755589.1|A/cattle/Texas/24-008749-003/2024(H5N1)	822	2739
HA|PP755589.1|A/cattle/Texas/24-008749-003/2024(H5N1)	823	2750
HA|PP755589.1|A/cattle/Texas/24-008749-003/2024(H5N1)	824	2749
HA|PP755589.1|A/cattle/Texas/24-008749-003/2024(H5N1)	825	2742
HA|PP755589.1|A/cattle/Texas/24-008749-003/2024(H5N1)	826	2734
HA|PP755589.1|A/cattle/Texas/24-008749-003/2024(H5N1)	827	2732
HA|PP755589.1|A/cattle/Texas/24-008749-003/2024(H5N1)	828	2746
HA|PP755589.1|A/cattle/Texas/24-008749-003/2024(H5N1)	829	2743
HA|PP755589.1|A/cattle/Texas/24-008749-003/2024(H5N1)	830	2740
HA|PP755589.1|A/cattle/Texas/24-008749-003/2024(H5N1)	831	2748
HA|PP755589.1|A/cattle/Texas/24-008749-003/2024(H5N1)	832	2733
HA|PP755589.1|A/cattle/Texas/24-008749-003/2024(H5N1)	833	2750
HA|PP755589.1|A/cattle/Texas/24-008749-003/2024(H5N1)	834	2750
HA|PP755589.1|A/cattle/Texas/24-008749-003/2024(H5N1)	835	2780
HA|PP755589.1|A/cattle/Texas/24-008749-003/2024(H5N1)	836	2783
HA|PP755589.1|A/cattle/Texas/24-008749-003/2024(H5N1)	837	2766
HA|PP755589.1|A/cattle/Texas/24-008749-003/2024(H5N1)	838	2789
HA|PP755589.1|A/cattle/Texas/24-008749-003/2024(H5N1)	839	2787
HA|PP755589.1|A/cattle/Texas/24-008749-003/2024(H5N1)	840	2772
HA|PP755589.1|A/cattle/Texas/24-008749-003/2024(H5N1)	841	2783
HA|PP755589.1|A/cattle/Texas/24-008749-003/2024(H5N1)	842	2775
HA|PP755589.1|A/cattle/Texas/24-008749-003/2024(H5N1)	843	2777
HA|PP755589.1|A/cattle/Texas/24-008749-003/2024(H5N1)	844	2781
HA|PP755589.1|A/cattle/Texas/24-008749-003/2024(H5N1)	845	2783
HA|PP755589.1|A/cattle/Texas/24-008749-003/2024(H5N1)	846	2776
HA|PP755589.1|A/cattle/Texas/24-008749-003/2024(H5N1)	847	2720
HA|PP755589.1|A/cattle/Texas/24-008749-003/2024(H5N1)	848	2739
HA|PP755589.1|A/cattle/Texas/24-008749-003/2024(H5N1)	849	2745
HA|PP755589.1|A/cattle/Texas/24-008749-003/2024(H5N1)	850	2756
HA|PP755589.1|A/cattle/Texas/24-008749-003/2024(H5N1)	851	2771
HA|PP755589.1|A/cattle/Texas/24-008749-003/2024(H5N1)	852	2770
HA|PP755589.1|A/cattle/Texas/24-008749-003/2024(H5N1)	853	2798
HA|PP755589.1|A/cattle/Texas/24-008749-003/2024(H5N1)	854	2827
HA|PP755589.1|A/cattle/Texas/24-008749-003/2024(H5N1)	855	2848
HA|PP755589.1|A/cattle/Texas/24-008749-003/2024(H5N1)	856	3053
HA|PP755589.1|A/cattle/Texas/24-008749-003/2024(H5N1)	857	3063
HA|PP755589.1|A/cattle/Texas/24-008749-003/2024(H5N1)	858	3061
HA|PP755589.1|A/cattle/Texas/24-008749-003/2024(H5N1)	859	3074
HA|PP755589.1|A/cattle/Texas/24-008749-003/2024(H5N1)	860	3095
HA|PP755589.1|A/cattle/Texas/24-008749-003/2024(H5N1)	861	3090
HA|PP755589.1|A/cattle/Texas/24-008749-003/2024(H5N1)	862	3094
HA|PP755589.1|A/cattle/Texas/24-008749-003/2024(H5N1)	863	3098
HA|PP755589.1|A/cattle/Texas/24-008749-003/2024(H5N1)	864	2990
HA|PP755589.1|A/cattle/Texas/24-008749-003/2024(H5N1)	865	2790
HA|PP755589.1|A/cattle/Texas/24-008749-003/2024(H5N1)	866	2728
HA|PP755589.1|A/cattle/Texas/24-008749-003/2024(H5N1)	867	2774
HA|PP755589.1|A/cattle/Texas/24-008749-003/2024(H5N1)	868	2779
HA|PP755589.1|A/cattle/Texas/24-008749-003/2024(H5N1)	869	2779
HA|PP755589.1|A/cattle/Texas/24-008749-003/2024(H5N1)	870	2774
HA|PP755589.1|A/cattle/Texas/24-008749-003/2024(H5N1)	871	2750
HA|PP755589.1|A/cattle/Texas/24-008749-003/2024(H5N1)	872	2739
HA|PP755589.1|A/cattle/Texas/24-008749-003/2024(H5N1)	873	2739
HA|PP755589.1|A/cattle/Texas/24-008749-003/2024(H5N1)	874	2745
HA|PP755589.1|A/cattle/Texas/24-008749-003/2024(H5N1)	875	2751
HA|PP755589.1|A/cattle/Texas/24-008749-003/2024(H5N1)	876	2687
HA|PP755589.1|A/cattle/Texas/24-008749-003/2024(H5N1)	877	2687
HA|PP755589.1|A/cattle/Texas/24-008749-003/2024(H5N1)	878	2662
HA|PP755589.1|A/cattle/Texas/24-008749-003/2024(H5N1)	879	2660
HA|PP755589.1|A/cattle/Texas/24-008749-003/2024(H5N1)	880	2675
HA|PP755589.1|A/cattle/Texas/24-008749-003/2024(H5N1)	881	2685
HA|PP755589.1|A/cattle/Texas/24-008749-003/2024(H5N1)	882	2665
HA|PP755589.1|A/cattle/Texas/24-008749-003/2024(H5N1)	883	2469
HA|PP755589.1|A/cattle/Texas/24-008749-003/2024(H5N1)	884	2473
HA|PP755589.1|A/cattle/Texas/24-008749-003/2024(H5N1)	885	2474
HA|PP755589.1|A/cattle/Texas/24-008749-003/2024(H5N1)	886	2485
HA|PP755589.1|A/cattle/Texas/24-008749-003/2024(H5N1)	887	2559
HA|PP755589.1|A/cattle/Texas/24-008749-003/2024(H5N1)	888	2563
HA|PP755589.1|A/cattle/Texas/24-008749-003/2024(H5N1)	889	2546
HA|PP755589.1|A/cattle/Texas/24-008749-003/2024(H5N1)	890	2563
HA|PP755589.1|A/cattle/Texas/24-008749-003/2024(H5N1)	891	2561
HA|PP755589.1|A/cattle/Texas/24-008749-003/2024(H5N1)	892	2562
HA|PP755589.1|A/cattle/Texas/24-008749-003/2024(H5N1)	893	2533
HA|PP755589.1|A/cattle/Texas/24-008749-003/2024(H5N1)	894	2484
HA|PP755589.1|A/cattle/Texas/24-008749-003/2024(H5N1)	895	2445
HA|PP755589.1|A/cattle/Texas/24-008749-003/2024(H5N1)	896	2432
HA|PP755589.1|A/cattle/Texas/24-008749-003/2024(H5N1)	897	2392
HA|PP755589.1|A/cattle/Texas/24-008749-003/2024(H5N1)	898	2392
HA|PP755589.1|A/cattle/Texas/24-008749-003/2024(H5N1)	899	2417
HA|PP755589.1|A/cattle/Texas/24-008749-003/2024(H5N1)	900	2419
HA|PP755589.1|A/cattle/Texas/24-008749-003/2024(H5N1)	901	2424
HA|PP755589.1|A/cattle/Texas/24-008749-003/2024(H5N1)	902	2423
HA|PP755589.1|A/cattle/Texas/24-008749-003/2024(H5N1)	903	2437
HA|PP755589.1|A/cattle/Texas/24-008749-003/2024(H5N1)	904	2418
HA|PP755589.1|A/cattle/Texas/24-008749-003/2024(H5N1)	905	2446
HA|PP755589.1|A/cattle/Texas/24-008749-003/2024(H5N1)	906	2449
HA|PP755589.1|A/cattle/Texas/24-008749-003/2024(H5N1)	907	2449
HA|PP755589.1|A/cattle/Texas/24-008749-003/2024(H5N1)	908	2379
HA|PP755589.1|A/cattle/Texas/24-008749-003/2024(H5N1)	909	2402
HA|PP755589.1|A/cattle/Texas/24-008749-003/2024(H5N1)	910	2401
HA|PP755589.1|A/cattle/Texas/24-008749-003/2024(H5N1)	911	2401
HA|PP755589.1|A/cattle/Texas/24-008749-003/2024(H5N1)	912	2382
HA|PP755589.1|A/cattle/Texas/24-008749-003/2024(H5N1)	913	2379
HA|PP755589.1|A/cattle/Texas/24-008749-003/2024(H5N1)	914	2361
HA|PP755589.1|A/cattle/Texas/24-008749-003/2024(H5N1)	915	2360
HA|PP755589.1|A/cattle/Texas/24-008749-003/2024(H5N1)	916	2548
HA|PP755589.1|A/cattle/Texas/24-008749-003/2024(H5N1)	917	2538
HA|PP755589.1|A/cattle/Texas/24-008749-003/2024(H5N1)	918	2540
HA|PP755589.1|A/cattle/Texas/24-008749-003/2024(H5N1)	919	2525
HA|PP755589.1|A/cattle/Texas/24-008749-003/2024(H5N1)	920	2546
HA|PP755589.1|A/cattle/Texas/24-008749-003/2024(H5N1)	921	2570
HA|PP755589.1|A/cattle/Texas/24-008749-003/2024(H5N1)	922	2569
HA|PP755589.1|A/cattle/Texas/24-008749-003/2024(H5N1)	923	2568
HA|PP755589.1|A/cattle/Texas/24-008749-003/2024(H5N1)	924	2592
HA|PP755589.1|A/cattle/Texas/24-008749-003/2024(H5N1)	925	2576
HA|PP755589.1|A/cattle/Texas/24-008749-003/2024(H5N1)	926	2729
HA|PP755589.1|A/cattle/Texas/24-008749-003/2024(H5N1)	927	2769
HA|PP755589.1|A/cattle/Texas/24-008749-003/2024(H5N1)	928	2770
HA|PP755589.1|A/cattle/Texas/24-008749-003/2024(H5N1)	929	2788
HA|PP755589.1|A/cattle/Texas/24-008749-003/2024(H5N1)	930	2798
HA|PP755589.1|A/cattle/Texas/24-008749-003/2024(H5N1)	931	2804
HA|PP755589.1|A/cattle/Texas/24-008749-003/2024(H5N1)	932	2804
HA|PP755589.1|A/cattle/Texas/24-008749-003/2024(H5N1)	933	2816
HA|PP755589.1|A/cattle/Texas/24-008749-003/2024(H5N1)	934	2866
HA|PP755589.1|A/cattle/Texas/24-008749-003/2024(H5N1)	935	2684
HA|PP755589.1|A/cattle/Texas/24-008749-003/2024(H5N1)	936	2657
HA|PP755589.1|A/cattle/Texas/24-008749-003/2024(H5N1)	937	2655
HA|PP755589.1|A/cattle/Texas/24-008749-003/2024(H5N1)	938	2647
HA|PP755589.1|A/cattle/Texas/24-008749-003/2024(H5N1)	939	2652
HA|PP755589.1|A/cattle/Texas/24-008749-003/2024(H5N1)	940	2670
HA|PP755589.1|A/cattle/Texas/24-008749-003/2024(H5N1)	941	2840
HA|PP755589.1|A/cattle/Texas/24-008749-003/2024(H5N1)	942	2830
HA|PP755589.1|A/cattle/Texas/24-008749-003/2024(H5N1)	943	2817
HA|PP755589.1|A/cattle/Texas/24-008749-003/2024(H5N1)	944	2801
HA|PP755589.1|A/cattle/Texas/24-008749-003/2024(H5N1)	945	2770
HA|PP755589.1|A/cattle/Texas/24-008749-003/2024(H5N1)	946	2776
HA|PP755589.1|A/cattle/Texas/24-008749-003/2024(H5N1)	947	2734
HA|PP755589.1|A/cattle/Texas/24-008749-003/2024(H5N1)	948	2734
HA|PP755589.1|A/cattle/Texas/24-008749-003/2024(H5N1)	949	2723
HA|PP755589.1|A/cattle/Texas/24-008749-003/2024(H5N1)	950	2524
HA|PP755589.1|A/cattle/Texas/24-008749-003/2024(H5N1)	951	2541
HA|PP755589.1|A/cattle/Texas/24-008749-003/2024(H5N1)	952	2512
HA|PP755589.1|A/cattle/Texas/24-008749-003/2024(H5N1)	953	2520
HA|PP755589.1|A/cattle/Texas/24-008749-003/2024(H5N1)	954	2559
HA|PP755589.1|A/cattle/Texas/24-008749-003/2024(H5N1)	955	2579
HA|PP755589.1|A/cattle/Texas/24-008749-003/2024(H5N1)	956	2595
HA|PP755589.1|A/cattle/Texas/24-008749-003/2024(H5N1)	957	2598
HA|PP755589.1|A/cattle/Texas/24-008749-003/2024(H5N1)	958	2620
HA|PP755589.1|A/cattle/Texas/24-008749-003/2024(H5N1)	959	2619
HA|PP755589.1|A/cattle/Texas/24-008749-003/2024(H5N1)	960	2664
HA|PP755589.1|A/cattle/Texas/24-008749-003/2024(H5N1)	961	2672
HA|PP755589.1|A/cattle/Texas/24-008749-003/2024(H5N1)	962	2657
HA|PP755589.1|A/cattle/Texas/24-008749-003/2024(H5N1)	963	2630
HA|PP755589.1|A/cattle/Texas/24-008749-003/2024(H5N1)	964	2630
HA|PP755589.1|A/cattle/Texas/24-008749-003/2024(H5N1)	965	2649
HA|PP755589.1|A/cattle/Texas/24-008749-003/2024(H5N1)	966	2649
HA|PP755589.1|A/cattle/Texas/24-008749-003/2024(H5N1)	967	2674
HA|PP755589.1|A/cattle/Texas/24-008749-003/2024(H5N1)	968	2711
HA|PP755589.1|A/cattle/Texas/24-008749-003/2024(H5N1)	969	2713
HA|PP755589.1|A/cattle/Texas/24-008749-003/2024(H5N1)	970	2719
HA|PP755589.1|A/cattle/Texas/24-008749-003/2024(H5N1)	971	2719
HA|PP755589.1|A/cattle/Texas/24-008749-003/2024(H5N1)	972	2710
HA|PP755589.1|A/cattle/Texas/24-008749-003/2024(H5N1)	973	2747
HA|PP755589.1|A/cattle/Texas/24-008749-003/2024(H5N1)	974	2740
HA|PP755589.1|A/cattle/Texas/24-008749-003/2024(H5N1)	975	2743
HA|PP755589.1|A/cattle/Texas/24-008749-003/2024(H5N1)	976	2752
HA|PP755589.1|A/cattle/Texas/24-008749-003/2024(H5N1)	977	2788
HA|PP755589.1|A/cattle/Texas/24-008749-003/2024(H5N1)	978	2788
HA|PP755589.1|A/cattle/Texas/24-008749-003/2024(H5N1)	979	2876
HA|PP755589.1|A/cattle/Texas/24-008749-003/2024(H5N1)	980	2886
HA|PP755589.1|A/cattle/Texas/24-008749-003/2024(H5N1)	981	2890
HA|PP755589.1|A/cattle/Texas/24-008749-003/2024(H5N1)	982	2896
HA|PP755589.1|A/cattle/Texas/24-008749-003/2024(H5N1)	983	2913
HA|PP755589.1|A/cattle/Texas/24-008749-003/2024(H5N1)	984	2958
HA|PP755589.1|A/cattle/Texas/24-008749-003/2024(H5N1)	985	2971
HA|PP755589.1|A/cattle/Texas/24-008749-003/2024(H5N1)	986	2954
HA|PP755589.1|A/cattle/Texas/24-008749-003/2024(H5N1)	987	2957
HA|PP755589.1|A/cattle/Texas/24-008749-003/2024(H5N1)	988	2957
HA|PP755589.1|A/cattle/Texas/24-008749-003/2024(H5N1)	989	3019
HA|PP755589.1|A/cattle/Texas/24-008749-003/2024(H5N1)	990	3013
HA|PP755589.1|A/cattle/Texas/24-008749-003/2024(H5N1)	991	3010
HA|PP755589.1|A/cattle/Texas/24-008749-003/2024(H5N1)	992	2999
HA|PP755589.1|A/cattle/Texas/24-008749-003/2024(H5N1)	993	2965
HA|PP755589.1|A/cattle/Texas/24-008749-003/2024(H5N1)	994	2983
HA|PP755589.1|A/cattle/Texas/24-008749-003/2024(H5N1)	995	2985
HA|PP755589.1|A/cattle/Texas/24-008749-003/2024(H5N1)	996	3000
HA|PP755589.1|A/cattle/Texas/24-008749-003/2024(H5N1)	997	2981
HA|PP755589.1|A/cattle/Texas/24-008749-003/2024(H5N1)	998	2961
HA|PP755589.1|A/cattle/Texas/24-008749-003/2024(H5N1)	999	2968
HA|PP755589.1|A/cattle/Texas/24-008749-003/2024(H5N1)	1000	2967
HA|PP755589.1|A/cattle/Texas/24-008749-003/2024(H5N1)	1001	2995
HA|PP755589.1|A/cattle/Texas/24-008749-003/2024(H5N1)	1002	2989
HA|PP755589.1|A/cattle/Texas/24-008749-003/2024(H5N1)	1003	2971
HA|PP755589.1|A/cattle/Texas/24-008749-003/2024(H5N1)	1004	2960
HA|PP755589.1|A/cattle/Texas/24-008749-003/2024(H5N1)	1005	2929
HA|PP755589.1|A/cattle/Texas/24-008749-003/2024(H5N1)	1006	2906
HA|PP755589.1|A/cattle/Texas/24-008749-003/2024(H5N1)	1007	2714
HA|PP755589.1|A/cattle/Texas/24-008749-003/2024(H5N1)	1008	2695
HA|PP755589.1|A/cattle/Texas/24-008749-003/2024(H5N1)	1009	2699
HA|PP755589.1|A/cattle/Texas/24-008749-003/2024(H5N1)	1010	2677
HA|PP755589.1|A/cattle/Texas/24-008749-003/2024(H5N1)	1011	2626
HA|PP755589.1|A/cattle/Texas/24-008749-003/2024(H5N1)	1012	2606
HA|PP755589.1|A/cattle/Texas/24-008749-003/2024(H5N1)	1013	2605
HA|PP755589.1|A/cattle/Texas/24-008749-003/2024(H5N1)	1014	2608
HA|PP755589.1|A/cattle/Texas/24-008749-003/2024(H5N1)	1015	2612
HA|PP755589.1|A/cattle/Texas/24-008749-003/2024(H5N1)	1016	2622
HA|PP755589.1|A/cattle/Texas/24-008749-003/2024(H5N1)	1017	2633
HA|PP755589.1|A/cattle/Texas/24-008749-003/2024(H5N1)	1018	2578
HA|PP755589.1|A/cattle/Texas/24-008749-003/2024(H5N1)	1019	2569
HA|PP755589.1|A/cattle/Texas/24-008749-003/2024(H5N1)	1020	2570
HA|PP755589.1|A/cattle/Texas/24-008749-003/2024(H5N1)	1021	2573
HA|PP755589.1|A/cattle/Texas/24-008749-003/2024(H5N1)	1022	2572
HA|PP755589.1|A/cattle/Texas/24-008749-003/2024(H5N1)	1023	2575
HA|PP755589.1|A/cattle/Texas/24-008749-003/2024(H5N1)	1024	2583
HA|PP755589.1|A/cattle/Texas/24-008749-003/2024(H5N1)	1025	2586
HA|PP755589.1|A/cattle/Texas/24-008749-003/2024(H5N1)	1026	2602
HA|PP755589.1|A/cattle/Texas/24-008749-003/2024(H5N1)	1027	2597
HA|PP755589.1|A/cattle/Texas/24-008749-003/2024(H5N1)	1028	2601
HA|PP755589.1|A/cattle/Texas/24-008749-003/2024(H5N1)	1029	2642
HA|PP755589.1|A/cattle/Texas/24-008749-003/2024(H5N1)	1030	2642
HA|PP755589.1|A/cattle/Texas/24-008749-003/2024(H5N1)	1031	2633
HA|PP755589.1|A/cattle/Texas/24-008749-003/2024(H5N1)	1032	2632
HA|PP755589.1|A/cattle/Texas/24-008749-003/2024(H5N1)	1033	2627
HA|PP755589.1|A/cattle/Texas/24-008749-003/2024(H5N1)	1034	2628
HA|PP755589.1|A/cattle/Texas/24-008749-003/2024(H5N1)	1035	2655
HA|PP755589.1|A/cattle/Texas/24-008749-003/2024(H5N1)	1036	2689
HA|PP755589.1|A/cattle/Texas/24-008749-003/2024(H5N1)	1037	2705
HA|PP755589.1|A/cattle/Texas/24-008749-003/2024(H5N1)	1038	2624
HA|PP755589.1|A/cattle/Texas/24-008749-003/2024(H5N1)	1039	2633
HA|PP755589.1|A/cattle/Texas/24-008749-003/2024(H5N1)	1040	2635
HA|PP755589.1|A/cattle/Texas/24-008749-003/2024(H5N1)	1041	2716
HA|PP755589.1|A/cattle/Texas/24-008749-003/2024(H5N1)	1042	2724
HA|PP755589.1|A/cattle/Texas/24-008749-003/2024(H5N1)	1043	2725
HA|PP755589.1|A/cattle/Texas/24-008749-003/2024(H5N1)	1044	2729
HA|PP755589.1|A/cattle/Texas/24-008749-003/2024(H5N1)	1045	2694
HA|PP755589.1|A/cattle/Texas/24-008749-003/2024(H5N1)	1046	2700
HA|PP755589.1|A/cattle/Texas/24-008749-003/2024(H5N1)	1047	2781
HA|PP755589.1|A/cattle/Texas/24-008749-003/2024(H5N1)	1048	2833
HA|PP755589.1|A/cattle/Texas/24-008749-003/2024(H5N1)	1049	2830
HA|PP755589.1|A/cattle/Texas/24-008749-003/2024(H5N1)	1050	2781
HA|PP755589.1|A/cattle/Texas/24-008749-003/2024(H5N1)	1051	2864
HA|PP755589.1|A/cattle/Texas/24-008749-003/2024(H5N1)	1052	2911
HA|PP755589.1|A/cattle/Texas/24-008749-003/2024(H5N1)	1053	3527
HA|PP755589.1|A/cattle/Texas/24-008749-003/2024(H5N1)	1054	3529
HA|PP755589.1|A/cattle/Texas/24-008749-003/2024(H5N1)	1055	3522
HA|PP755589.1|A/cattle/Texas/24-008749-003/2024(H5N1)	1056	3515
HA|PP755589.1|A/cattle/Texas/24-008749-003/2024(H5N1)	1057	4236
HA|PP755589.1|A/cattle/Texas/24-008749-003/2024(H5N1)	1058	4722
HA|PP755589.1|A/cattle/Texas/24-008749-003/2024(H5N1)	1059	4782
HA|PP755589.1|A/cattle/Texas/24-008749-003/2024(H5N1)	1060	4751
HA|PP755589.1|A/cattle/Texas/24-008749-003/2024(H5N1)	1061	4745
HA|PP755589.1|A/cattle/Texas/24-008749-003/2024(H5N1)	1062	4774
HA|PP755589.1|A/cattle/Texas/24-008749-003/2024(H5N1)	1063	4821
HA|PP755589.1|A/cattle/Texas/24-008749-003/2024(H5N1)	1064	4825
HA|PP755589.1|A/cattle/Texas/24-008749-003/2024(H5N1)	1065	4827
HA|PP755589.1|A/cattle/Texas/24-008749-003/2024(H5N1)	1066	4872
HA|PP755589.1|A/cattle/Texas/24-008749-003/2024(H5N1)	1067	4663
HA|PP755589.1|A/cattle/Texas/24-008749-003/2024(H5N1)	1068	4666
HA|PP755589.1|A/cattle/Texas/24-008749-003/2024(H5N1)	1069	4685
HA|PP755589.1|A/cattle/Texas/24-008749-003/2024(H5N1)	1070	4755
HA|PP755589.1|A/cattle/Texas/24-008749-003/2024(H5N1)	1071	4726
HA|PP755589.1|A/cattle/Texas/24-008749-003/2024(H5N1)	1072	4804
HA|PP755589.1|A/cattle/Texas/24-008749-003/2024(H5N1)	1073	4808
HA|PP755589.1|A/cattle/Texas/24-008749-003/2024(H5N1)	1074	4825
HA|PP755589.1|A/cattle/Texas/24-008749-003/2024(H5N1)	1075	4840
HA|PP755589.1|A/cattle/Texas/24-008749-003/2024(H5N1)	1076	4888
HA|PP755589.1|A/cattle/Texas/24-008749-003/2024(H5N1)	1077	4989
HA|PP755589.1|A/cattle/Texas/24-008749-003/2024(H5N1)	1078	4962
HA|PP755589.1|A/cattle/Texas/24-008749-003/2024(H5N1)	1079	4955
HA|PP755589.1|A/cattle/Texas/24-008749-003/2024(H5N1)	1080	5126
HA|PP755589.1|A/cattle/Texas/24-008749-003/2024(H5N1)	1081	5142
HA|PP755589.1|A/cattle/Texas/24-008749-003/2024(H5N1)	1082	5206
HA|PP755589.1|A/cattle/Texas/24-008749-003/2024(H5N1)	1083	5203
HA|PP755589.1|A/cattle/Texas/24-008749-003/2024(H5N1)	1084	5197
HA|PP755589.1|A/cattle/Texas/24-008749-003/2024(H5N1)	1085	5154
HA|PP755589.1|A/cattle/Texas/24-008749-003/2024(H5N1)	1086	5283
HA|PP755589.1|A/cattle/Texas/24-008749-003/2024(H5N1)	1087	5410
HA|PP755589.1|A/cattle/Texas/24-008749-003/2024(H5N1)	1088	5420
HA|PP755589.1|A/cattle/Texas/24-008749-003/2024(H5N1)	1089	5411
HA|PP755589.1|A/cattle/Texas/24-008749-003/2024(H5N1)	1090	5407
HA|PP755589.1|A/cattle/Texas/24-008749-003/2024(H5N1)	1091	5542
HA|PP755589.1|A/cattle/Texas/24-008749-003/2024(H5N1)	1092	5423
HA|PP755589.1|A/cattle/Texas/24-008749-003/2024(H5N1)	1093	5496
HA|PP755589.1|A/cattle/Texas/24-008749-003/2024(H5N1)	1094	5568
HA|PP755589.1|A/cattle/Texas/24-008749-003/2024(H5N1)	1095	5526
HA|PP755589.1|A/cattle/Texas/24-008749-003/2024(H5N1)	1096	5507
HA|PP755589.1|A/cattle/Texas/24-008749-003/2024(H5N1)	1097	5621
HA|PP755589.1|A/cattle/Texas/24-008749-003/2024(H5N1)	1098	5794
HA|PP755589.1|A/cattle/Texas/24-008749-003/2024(H5N1)	1099	5876
HA|PP755589.1|A/cattle/Texas/24-008749-003/2024(H5N1)	1100	5920
HA|PP755589.1|A/cattle/Texas/24-008749-003/2024(H5N1)	1101	5932
HA|PP755589.1|A/cattle/Texas/24-008749-003/2024(H5N1)	1102	6199
HA|PP755589.1|A/cattle/Texas/24-008749-003/2024(H5N1)	1103	6309
HA|PP755589.1|A/cattle/Texas/24-008749-003/2024(H5N1)	1104	6322
HA|PP755589.1|A/cattle/Texas/24-008749-003/2024(H5N1)	1105	6294
HA|PP755589.1|A/cattle/Texas/24-008749-003/2024(H5N1)	1106	6258
HA|PP755589.1|A/cattle/Texas/24-008749-003/2024(H5N1)	1107	6341
HA|PP755589.1|A/cattle/Texas/24-008749-003/2024(H5N1)	1108	6499
HA|PP755589.1|A/cattle/Texas/24-008749-003/2024(H5N1)	1109	6507
HA|PP755589.1|A/cattle/Texas/24-008749-003/2024(H5N1)	1110	6796
HA|PP755589.1|A/cattle/Texas/24-008749-003/2024(H5N1)	1111	6762
HA|PP755589.1|A/cattle/Texas/24-008749-003/2024(H5N1)	1112	6741
HA|PP755589.1|A/cattle/Texas/24-008749-003/2024(H5N1)	1113	6774
HA|PP755589.1|A/cattle/Texas/24-008749-003/2024(H5N1)	1114	6776
HA|PP755589.1|A/cattle/Texas/24-008749-003/2024(H5N1)	1115	7013
HA|PP755589.1|A/cattle/Texas/24-008749-003/2024(H5N1)	1116	7019
HA|PP755589.1|A/cattle/Texas/24-008749-003/2024(H5N1)	1117	7048
HA|PP755589.1|A/cattle/Texas/24-008749-003/2024(H5N1)	1118	7048
HA|PP755589.1|A/cattle/Texas/24-008749-003/2024(H5N1)	1119	7004
HA|PP755589.1|A/cattle/Texas/24-008749-003/2024(H5N1)	1120	7680
HA|PP755589.1|A/cattle/Texas/24-008749-003/2024(H5N1)	1121	8756
HA|PP755589.1|A/cattle/Texas/24-008749-003/2024(H5N1)	1122	9100
HA|PP755589.1|A/cattle/Texas/24-008749-003/2024(H5N1)	1123	9130
HA|PP755589.1|A/cattle/Texas/24-008749-003/2024(H5N1)	1124	9061
HA|PP755589.1|A/cattle/Texas/24-008749-003/2024(H5N1)	1125	9361
HA|PP755589.1|A/cattle/Texas/24-008749-003/2024(H5N1)	1126	9396
HA|PP755589.1|A/cattle/Texas/24-008749-003/2024(H5N1)	1127	9570
HA|PP755589.1|A/cattle/Texas/24-008749-003/2024(H5N1)	1128	9654
HA|PP755589.1|A/cattle/Texas/24-008749-003/2024(H5N1)	1129	9601
HA|PP755589.1|A/cattle/Texas/24-008749-003/2024(H5N1)	1130	9963
HA|PP755589.1|A/cattle/Texas/24-008749-003/2024(H5N1)	1131	10067
HA|PP755589.1|A/cattle/Texas/24-008749-003/2024(H5N1)	1132	10240
HA|PP755589.1|A/cattle/Texas/24-008749-003/2024(H5N1)	1133	10348
HA|PP755589.1|A/cattle/Texas/24-008749-003/2024(H5N1)	1134	10355
HA|PP755589.1|A/cattle/Texas/24-008749-003/2024(H5N1)	1135	10290
HA|PP755589.1|A/cattle/Texas/24-008749-003/2024(H5N1)	1136	10274
HA|PP755589.1|A/cattle/Texas/24-008749-003/2024(H5N1)	1137	10261
HA|PP755589.1|A/cattle/Texas/24-008749-003/2024(H5N1)	1138	10315
HA|PP755589.1|A/cattle/Texas/24-008749-003/2024(H5N1)	1139	10386
HA|PP755589.1|A/cattle/Texas/24-008749-003/2024(H5N1)	1140	10292
HA|PP755589.1|A/cattle/Texas/24-008749-003/2024(H5N1)	1141	10339
HA|PP755589.1|A/cattle/Texas/24-008749-003/2024(H5N1)	1142	10325
HA|PP755589.1|A/cattle/Texas/24-008749-003/2024(H5N1)	1143	10339
HA|PP755589.1|A/cattle/Texas/24-008749-003/2024(H5N1)	1144	10451
HA|PP755589.1|A/cattle/Texas/24-008749-003/2024(H5N1)	1145	10445
HA|PP755589.1|A/cattle/Texas/24-008749-003/2024(H5N1)	1146	10593
HA|PP755589.1|A/cattle/Texas/24-008749-003/2024(H5N1)	1147	10589
HA|PP755589.1|A/cattle/Texas/24-008749-003/2024(H5N1)	1148	10594
HA|PP755589.1|A/cattle/Texas/24-008749-003/2024(H5N1)	1149	10599
HA|PP755589.1|A/cattle/Texas/24-008749-003/2024(H5N1)	1150	10718
HA|PP755589.1|A/cattle/Texas/24-008749-003/2024(H5N1)	1151	10756
HA|PP755589.1|A/cattle/Texas/24-008749-003/2024(H5N1)	1152	10734
HA|PP755589.1|A/cattle/Texas/24-008749-003/2024(H5N1)	1153	10804
HA|PP755589.1|A/cattle/Texas/24-008749-003/2024(H5N1)	1154	10850
HA|PP755589.1|A/cattle/Texas/24-008749-003/2024(H5N1)	1155	10877
HA|PP755589.1|A/cattle/Texas/24-008749-003/2024(H5N1)	1156	11103
HA|PP755589.1|A/cattle/Texas/24-008749-003/2024(H5N1)	1157	11385
HA|PP755589.1|A/cattle/Texas/24-008749-003/2024(H5N1)	1158	11439
HA|PP755589.1|A/cattle/Texas/24-008749-003/2024(H5N1)	1159	11416
HA|PP755589.1|A/cattle/Texas/24-008749-003/2024(H5N1)	1160	11416
HA|PP755589.1|A/cattle/Texas/24-008749-003/2024(H5N1)	1161	11437
HA|PP755589.1|A/cattle/Texas/24-008749-003/2024(H5N1)	1162	11437
HA|PP755589.1|A/cattle/Texas/24-008749-003/2024(H5N1)	1163	11501
HA|PP755589.1|A/cattle/Texas/24-008749-003/2024(H5N1)	1164	11611
HA|PP755589.1|A/cattle/Texas/24-008749-003/2024(H5N1)	1165	12053
HA|PP755589.1|A/cattle/Texas/24-008749-003/2024(H5N1)	1166	12048
HA|PP755589.1|A/cattle/Texas/24-008749-003/2024(H5N1)	1167	12034
HA|PP755589.1|A/cattle/Texas/24-008749-003/2024(H5N1)	1168	12130
HA|PP755589.1|A/cattle/Texas/24-008749-003/2024(H5N1)	1169	12351
HA|PP755589.1|A/cattle/Texas/24-008749-003/2024(H5N1)	1170	12421
HA|PP755589.1|A/cattle/Texas/24-008749-003/2024(H5N1)	1171	12424
HA|PP755589.1|A/cattle/Texas/24-008749-003/2024(H5N1)	1172	12830
HA|PP755589.1|A/cattle/Texas/24-008749-003/2024(H5N1)	1173	12834
HA|PP755589.1|A/cattle/Texas/24-008749-003/2024(H5N1)	1174	12838
HA|PP755589.1|A/cattle/Texas/24-008749-003/2024(H5N1)	1175	13216
HA|PP755589.1|A/cattle/Texas/24-008749-003/2024(H5N1)	1176	13186
HA|PP755589.1|A/cattle/Texas/24-008749-003/2024(H5N1)	1177	13411
HA|PP755589.1|A/cattle/Texas/24-008749-003/2024(H5N1)	1178	13584
HA|PP755589.1|A/cattle/Texas/24-008749-003/2024(H5N1)	1179	13613
HA|PP755589.1|A/cattle/Texas/24-008749-003/2024(H5N1)	1180	13641
HA|PP755589.1|A/cattle/Texas/24-008749-003/2024(H5N1)	1181	13931
HA|PP755589.1|A/cattle/Texas/24-008749-003/2024(H5N1)	1182	13984
HA|PP755589.1|A/cattle/Texas/24-008749-003/2024(H5N1)	1183	14033
HA|PP755589.1|A/cattle/Texas/24-008749-003/2024(H5N1)	1184	13959
HA|PP755589.1|A/cattle/Texas/24-008749-003/2024(H5N1)	1185	14141
HA|PP755589.1|A/cattle/Texas/24-008749-003/2024(H5N1)	1186	14130
HA|PP755589.1|A/cattle/Texas/24-008749-003/2024(H5N1)	1187	14106
HA|PP755589.1|A/cattle/Texas/24-008749-003/2024(H5N1)	1188	14490
HA|PP755589.1|A/cattle/Texas/24-008749-003/2024(H5N1)	1189	14519
HA|PP755589.1|A/cattle/Texas/24-008749-003/2024(H5N1)	1190	14437
HA|PP755589.1|A/cattle/Texas/24-008749-003/2024(H5N1)	1191	14375
HA|PP755589.1|A/cattle/Texas/24-008749-003/2024(H5N1)	1192	14372
HA|PP755589.1|A/cattle/Texas/24-008749-003/2024(H5N1)	1193	14665
HA|PP755589.1|A/cattle/Texas/24-008749-003/2024(H5N1)	1194	14743
HA|PP755589.1|A/cattle/Texas/24-008749-003/2024(H5N1)	1195	14736
HA|PP755589.1|A/cattle/Texas/24-008749-003/2024(H5N1)	1196	14469
HA|PP755589.1|A/cattle/Texas/24-008749-003/2024(H5N1)	1197	14365
HA|PP755589.1|A/cattle/Texas/24-008749-003/2024(H5N1)	1198	14477
HA|PP755589.1|A/cattle/Texas/24-008749-003/2024(H5N1)	1199	14334
HA|PP755589.1|A/cattle/Texas/24-008749-003/2024(H5N1)	1200	14391
HA|PP755589.1|A/cattle/Texas/24-008749-003/2024(H5N1)	1201	14391
HA|PP755589.1|A/cattle/Texas/24-008749-003/2024(H5N1)	1202	14274
HA|PP755589.1|A/cattle/Texas/24-008749-003/2024(H5N1)	1203	14245
HA|PP755589.1|A/cattle/Texas/24-008749-003/2024(H5N1)	1204	14283
HA|PP755589.1|A/cattle/Texas/24-008749-003/2024(H5N1)	1205	14377
HA|PP755589.1|A/cattle/Texas/24-008749-003/2024(H5N1)	1206	14401
HA|PP755589.1|A/cattle/Texas/24-008749-003/2024(H5N1)	1207	14382
HA|PP755589.1|A/cattle/Texas/24-008749-003/2024(H5N1)	1208	13791
HA|PP755589.1|A/cattle/Texas/24-008749-003/2024(H5N1)	1209	13526
HA|PP755589.1|A/cattle/Texas/24-008749-003/2024(H5N1)	1210	13614
HA|PP755589.1|A/cattle/Texas/24-008749-003/2024(H5N1)	1211	13663
HA|PP755589.1|A/cattle/Texas/24-008749-003/2024(H5N1)	1212	13668
HA|PP755589.1|A/cattle/Texas/24-008749-003/2024(H5N1)	1213	14083
HA|PP755589.1|A/cattle/Texas/24-008749-003/2024(H5N1)	1214	14058
HA|PP755589.1|A/cattle/Texas/24-008749-003/2024(H5N1)	1215	14239
HA|PP755589.1|A/cattle/Texas/24-008749-003/2024(H5N1)	1216	14239
HA|PP755589.1|A/cattle/Texas/24-008749-003/2024(H5N1)	1217	14385
HA|PP755589.1|A/cattle/Texas/24-008749-003/2024(H5N1)	1218	14360
HA|PP755589.1|A/cattle/Texas/24-008749-003/2024(H5N1)	1219	14394
HA|PP755589.1|A/cattle/Texas/24-008749-003/2024(H5N1)	1220	14391
HA|PP755589.1|A/cattle/Texas/24-008749-003/2024(H5N1)	1221	14645
HA|PP755589.1|A/cattle/Texas/24-008749-003/2024(H5N1)	1222	14611
HA|PP755589.1|A/cattle/Texas/24-008749-003/2024(H5N1)	1223	14536
HA|PP755589.1|A/cattle/Texas/24-008749-003/2024(H5N1)	1224	14500
HA|PP755589.1|A/cattle/Texas/24-008749-003/2024(H5N1)	1225	14494
HA|PP755589.1|A/cattle/Texas/24-008749-003/2024(H5N1)	1226	14417
HA|PP755589.1|A/cattle/Texas/24-008749-003/2024(H5N1)	1227	14382
HA|PP755589.1|A/cattle/Texas/24-008749-003/2024(H5N1)	1228	14329
HA|PP755589.1|A/cattle/Texas/24-008749-003/2024(H5N1)	1229	14576
HA|PP755589.1|A/cattle/Texas/24-008749-003/2024(H5N1)	1230	14488
HA|PP755589.1|A/cattle/Texas/24-008749-003/2024(H5N1)	1231	14951
HA|PP755589.1|A/cattle/Texas/24-008749-003/2024(H5N1)	1232	15021
HA|PP755589.1|A/cattle/Texas/24-008749-003/2024(H5N1)	1233	14983
HA|PP755589.1|A/cattle/Texas/24-008749-003/2024(H5N1)	1234	15026
HA|PP755589.1|A/cattle/Texas/24-008749-003/2024(H5N1)	1235	15076
HA|PP755589.1|A/cattle/Texas/24-008749-003/2024(H5N1)	1236	15267
HA|PP755589.1|A/cattle/Texas/24-008749-003/2024(H5N1)	1237	15133
HA|PP755589.1|A/cattle/Texas/24-008749-003/2024(H5N1)	1238	15008
HA|PP755589.1|A/cattle/Texas/24-008749-003/2024(H5N1)	1239	15121
HA|PP755589.1|A/cattle/Texas/24-008749-003/2024(H5N1)	1240	15394
HA|PP755589.1|A/cattle/Texas/24-008749-003/2024(H5N1)	1241	15097
HA|PP755589.1|A/cattle/Texas/24-008749-003/2024(H5N1)	1242	15302
HA|PP755589.1|A/cattle/Texas/24-008749-003/2024(H5N1)	1243	15303
HA|PP755589.1|A/cattle/Texas/24-008749-003/2024(H5N1)	1244	15242
HA|PP755589.1|A/cattle/Texas/24-008749-003/2024(H5N1)	1245	15493
HA|PP755589.1|A/cattle/Texas/24-008749-003/2024(H5N1)	1246	15485
HA|PP755589.1|A/cattle/Texas/24-008749-003/2024(H5N1)	1247	15480
HA|PP755589.1|A/cattle/Texas/24-008749-003/2024(H5N1)	1248	15362
HA|PP755589.1|A/cattle/Texas/24-008749-003/2024(H5N1)	1249	15091
HA|PP755589.1|A/cattle/Texas/24-008749-003/2024(H5N1)	1250	15255
HA|PP755589.1|A/cattle/Texas/24-008749-003/2024(H5N1)	1251	15139
HA|PP755589.1|A/cattle/Texas/24-008749-003/2024(H5N1)	1252	15120
HA|PP755589.1|A/cattle/Texas/24-008749-003/2024(H5N1)	1253	15118
HA|PP755589.1|A/cattle/Texas/24-008749-003/2024(H5N1)	1254	15013
HA|PP755589.1|A/cattle/Texas/24-008749-003/2024(H5N1)	1255	15064
HA|PP755589.1|A/cattle/Texas/24-008749-003/2024(H5N1)	1256	15137
HA|PP755589.1|A/cattle/Texas/24-008749-003/2024(H5N1)	1257	15246
HA|PP755589.1|A/cattle/Texas/24-008749-003/2024(H5N1)	1258	15136
HA|PP755589.1|A/cattle/Texas/24-008749-003/2024(H5N1)	1259	15066
HA|PP755589.1|A/cattle/Texas/24-008749-003/2024(H5N1)	1260	15167
HA|PP755589.1|A/cattle/Texas/24-008749-003/2024(H5N1)	1261	14927
HA|PP755589.1|A/cattle/Texas/24-008749-003/2024(H5N1)	1262	15191
HA|PP755589.1|A/cattle/Texas/24-008749-003/2024(H5N1)	1263	15643
HA|PP755589.1|A/cattle/Texas/24-008749-003/2024(H5N1)	1264	15631
HA|PP755589.1|A/cattle/Texas/24-008749-003/2024(H5N1)	1265	15322
HA|PP755589.1|A/cattle/Texas/24-008749-003/2024(H5N1)	1266	14946
HA|PP755589.1|A/cattle/Texas/24-008749-003/2024(H5N1)	1267	14636
HA|PP755589.1|A/cattle/Texas/24-008749-003/2024(H5N1)	1268	14583
HA|PP755589.1|A/cattle/Texas/24-008749-003/2024(H5N1)	1269	14658
HA|PP755589.1|A/cattle/Texas/24-008749-003/2024(H5N1)	1270	15377
HA|PP755589.1|A/cattle/Texas/24-008749-003/2024(H5N1)	1271	14660
HA|PP755589.1|A/cattle/Texas/24-008749-003/2024(H5N1)	1272	14619
HA|PP755589.1|A/cattle/Texas/24-008749-003/2024(H5N1)	1273	14372
HA|PP755589.1|A/cattle/Texas/24-008749-003/2024(H5N1)	1274	14651
HA|PP755589.1|A/cattle/Texas/24-008749-003/2024(H5N1)	1275	14683
HA|PP755589.1|A/cattle/Texas/24-008749-003/2024(H5N1)	1276	14441
HA|PP755589.1|A/cattle/Texas/24-008749-003/2024(H5N1)	1277	14405
HA|PP755589.1|A/cattle/Texas/24-008749-003/2024(H5N1)	1278	14164
HA|PP755589.1|A/cattle/Texas/24-008749-003/2024(H5N1)	1279	14840
HA|PP755589.1|A/cattle/Texas/24-008749-003/2024(H5N1)	1280	14877
HA|PP755589.1|A/cattle/Texas/24-008749-003/2024(H5N1)	1281	14603
HA|PP755589.1|A/cattle/Texas/24-008749-003/2024(H5N1)	1282	14535
HA|PP755589.1|A/cattle/Texas/24-008749-003/2024(H5N1)	1283	14394
HA|PP755589.1|A/cattle/Texas/24-008749-003/2024(H5N1)	1284	14290
HA|PP755589.1|A/cattle/Texas/24-008749-003/2024(H5N1)	1285	14375
HA|PP755589.1|A/cattle/Texas/24-008749-003/2024(H5N1)	1286	14430
HA|PP755589.1|A/cattle/Texas/24-008749-003/2024(H5N1)	1287	14409
HA|PP755589.1|A/cattle/Texas/24-008749-003/2024(H5N1)	1288	14647
HA|PP755589.1|A/cattle/Texas/24-008749-003/2024(H5N1)	1289	14564
HA|PP755589.1|A/cattle/Texas/24-008749-003/2024(H5N1)	1290	14535
HA|PP755589.1|A/cattle/Texas/24-008749-003/2024(H5N1)	1291	14550
HA|PP755589.1|A/cattle/Texas/24-008749-003/2024(H5N1)	1292	14939
HA|PP755589.1|A/cattle/Texas/24-008749-003/2024(H5N1)	1293	15207
HA|PP755589.1|A/cattle/Texas/24-008749-003/2024(H5N1)	1294	15157
HA|PP755589.1|A/cattle/Texas/24-008749-003/2024(H5N1)	1295	15264
HA|PP755589.1|A/cattle/Texas/24-008749-003/2024(H5N1)	1296	15312
HA|PP755589.1|A/cattle/Texas/24-008749-003/2024(H5N1)	1297	15253
HA|PP755589.1|A/cattle/Texas/24-008749-003/2024(H5N1)	1298	15573
HA|PP755589.1|A/cattle/Texas/24-008749-003/2024(H5N1)	1299	15662
HA|PP755589.1|A/cattle/Texas/24-008749-003/2024(H5N1)	1300	15581
HA|PP755589.1|A/cattle/Texas/24-008749-003/2024(H5N1)	1301	15558
HA|PP755589.1|A/cattle/Texas/24-008749-003/2024(H5N1)	1302	15548
HA|PP755589.1|A/cattle/Texas/24-008749-003/2024(H5N1)	1303	15552
HA|PP755589.1|A/cattle/Texas/24-008749-003/2024(H5N1)	1304	15570
HA|PP755589.1|A/cattle/Texas/24-008749-003/2024(H5N1)	1305	15944
HA|PP755589.1|A/cattle/Texas/24-008749-003/2024(H5N1)	1306	15957
HA|PP755589.1|A/cattle/Texas/24-008749-003/2024(H5N1)	1307	15703
HA|PP755589.1|A/cattle/Texas/24-008749-003/2024(H5N1)	1308	15464
HA|PP755589.1|A/cattle/Texas/24-008749-003/2024(H5N1)	1309	15406
HA|PP755589.1|A/cattle/Texas/24-008749-003/2024(H5N1)	1310	15562
HA|PP755589.1|A/cattle/Texas/24-008749-003/2024(H5N1)	1311	15718
HA|PP755589.1|A/cattle/Texas/24-008749-003/2024(H5N1)	1312	15732
HA|PP755589.1|A/cattle/Texas/24-008749-003/2024(H5N1)	1313	15770
HA|PP755589.1|A/cattle/Texas/24-008749-003/2024(H5N1)	1314	16043
HA|PP755589.1|A/cattle/Texas/24-008749-003/2024(H5N1)	1315	15993
HA|PP755589.1|A/cattle/Texas/24-008749-003/2024(H5N1)	1316	15896
HA|PP755589.1|A/cattle/Texas/24-008749-003/2024(H5N1)	1317	15889
HA|PP755589.1|A/cattle/Texas/24-008749-003/2024(H5N1)	1318	15879
HA|PP755589.1|A/cattle/Texas/24-008749-003/2024(H5N1)	1319	16077
HA|PP755589.1|A/cattle/Texas/24-008749-003/2024(H5N1)	1320	15822
HA|PP755589.1|A/cattle/Texas/24-008749-003/2024(H5N1)	1321	15783
HA|PP755589.1|A/cattle/Texas/24-008749-003/2024(H5N1)	1322	15786
HA|PP755589.1|A/cattle/Texas/24-008749-003/2024(H5N1)	1323	15287
HA|PP755589.1|A/cattle/Texas/24-008749-003/2024(H5N1)	1324	15314
HA|PP755589.1|A/cattle/Texas/24-008749-003/2024(H5N1)	1325	15424
HA|PP755589.1|A/cattle/Texas/24-008749-003/2024(H5N1)	1326	15193
HA|PP755589.1|A/cattle/Texas/24-008749-003/2024(H5N1)	1327	15231
HA|PP755589.1|A/cattle/Texas/24-008749-003/2024(H5N1)	1328	15068
HA|PP755589.1|A/cattle/Texas/24-008749-003/2024(H5N1)	1329	15113
HA|PP755589.1|A/cattle/Texas/24-008749-003/2024(H5N1)	1330	14816
HA|PP755589.1|A/cattle/Texas/24-008749-003/2024(H5N1)	1331	14827
HA|PP755589.1|A/cattle/Texas/24-008749-003/2024(H5N1)	1332	14824
HA|PP755589.1|A/cattle/Texas/24-008749-003/2024(H5N1)	1333	14784
HA|PP755589.1|A/cattle/Texas/24-008749-003/2024(H5N1)	1334	14809
HA|PP755589.1|A/cattle/Texas/24-008749-003/2024(H5N1)	1335	15054
HA|PP755589.1|A/cattle/Texas/24-008749-003/2024(H5N1)	1336	14909
HA|PP755589.1|A/cattle/Texas/24-008749-003/2024(H5N1)	1337	15088
HA|PP755589.1|A/cattle/Texas/24-008749-003/2024(H5N1)	1338	14784
HA|PP755589.1|A/cattle/Texas/24-008749-003/2024(H5N1)	1339	14815
HA|PP755589.1|A/cattle/Texas/24-008749-003/2024(H5N1)	1340	14832
HA|PP755589.1|A/cattle/Texas/24-008749-003/2024(H5N1)	1341	14822
HA|PP755589.1|A/cattle/Texas/24-008749-003/2024(H5N1)	1342	14900
HA|PP755589.1|A/cattle/Texas/24-008749-003/2024(H5N1)	1343	14887
HA|PP755589.1|A/cattle/Texas/24-008749-003/2024(H5N1)	1344	14659
HA|PP755589.1|A/cattle/Texas/24-008749-003/2024(H5N1)	1345	14854
HA|PP755589.1|A/cattle/Texas/24-008749-003/2024(H5N1)	1346	14893
HA|PP755589.1|A/cattle/Texas/24-008749-003/2024(H5N1)	1347	14981
HA|PP755589.1|A/cattle/Texas/24-008749-003/2024(H5N1)	1348	14979
HA|PP755589.1|A/cattle/Texas/24-008749-003/2024(H5N1)	1349	14821
HA|PP755589.1|A/cattle/Texas/24-008749-003/2024(H5N1)	1350	14830
HA|PP755589.1|A/cattle/Texas/24-008749-003/2024(H5N1)	1351	14746
HA|PP755589.1|A/cattle/Texas/24-008749-003/2024(H5N1)	1352	14900
HA|PP755589.1|A/cattle/Texas/24-008749-003/2024(H5N1)	1353	15078
HA|PP755589.1|A/cattle/Texas/24-008749-003/2024(H5N1)	1354	15158
HA|PP755589.1|A/cattle/Texas/24-008749-003/2024(H5N1)	1355	15570
HA|PP755589.1|A/cattle/Texas/24-008749-003/2024(H5N1)	1356	15437
HA|PP755589.1|A/cattle/Texas/24-008749-003/2024(H5N1)	1357	15558
HA|PP755589.1|A/cattle/Texas/24-008749-003/2024(H5N1)	1358	15570
HA|PP755589.1|A/cattle/Texas/24-008749-003/2024(H5N1)	1359	15622
HA|PP755589.1|A/cattle/Texas/24-008749-003/2024(H5N1)	1360	15497
HA|PP755589.1|A/cattle/Texas/24-008749-003/2024(H5N1)	1361	15776
HA|PP755589.1|A/cattle/Texas/24-008749-003/2024(H5N1)	1362	15843
HA|PP755589.1|A/cattle/Texas/24-008749-003/2024(H5N1)	1363	15743
HA|PP755589.1|A/cattle/Texas/24-008749-003/2024(H5N1)	1364	15940
HA|PP755589.1|A/cattle/Texas/24-008749-003/2024(H5N1)	1365	15856
HA|PP755589.1|A/cattle/Texas/24-008749-003/2024(H5N1)	1366	15834
HA|PP755589.1|A/cattle/Texas/24-008749-003/2024(H5N1)	1367	15828
HA|PP755589.1|A/cattle/Texas/24-008749-003/2024(H5N1)	1368	15637
HA|PP755589.1|A/cattle/Texas/24-008749-003/2024(H5N1)	1369	15632
HA|PP755589.1|A/cattle/Texas/24-008749-003/2024(H5N1)	1370	16040
HA|PP755589.1|A/cattle/Texas/24-008749-003/2024(H5N1)	1371	16254
HA|PP755589.1|A/cattle/Texas/24-008749-003/2024(H5N1)	1372	15982
HA|PP755589.1|A/cattle/Texas/24-008749-003/2024(H5N1)	1373	16090
HA|PP755589.1|A/cattle/Texas/24-008749-003/2024(H5N1)	1374	16083
HA|PP755589.1|A/cattle/Texas/24-008749-003/2024(H5N1)	1375	16118
HA|PP755589.1|A/cattle/Texas/24-008749-003/2024(H5N1)	1376	16631
HA|PP755589.1|A/cattle/Texas/24-008749-003/2024(H5N1)	1377	16620
HA|PP755589.1|A/cattle/Texas/24-008749-003/2024(H5N1)	1378	16853
HA|PP755589.1|A/cattle/Texas/24-008749-003/2024(H5N1)	1379	16775
HA|PP755589.1|A/cattle/Texas/24-008749-003/2024(H5N1)	1380	16714
HA|PP755589.1|A/cattle/Texas/24-008749-003/2024(H5N1)	1381	16718
HA|PP755589.1|A/cattle/Texas/24-008749-003/2024(H5N1)	1382	16157
HA|PP755589.1|A/cattle/Texas/24-008749-003/2024(H5N1)	1383	16125
HA|PP755589.1|A/cattle/Texas/24-008749-003/2024(H5N1)	1384	16208
HA|PP755589.1|A/cattle/Texas/24-008749-003/2024(H5N1)	1385	16173
HA|PP755589.1|A/cattle/Texas/24-008749-003/2024(H5N1)	1386	16386
HA|PP755589.1|A/cattle/Texas/24-008749-003/2024(H5N1)	1387	16236
HA|PP755589.1|A/cattle/Texas/24-008749-003/2024(H5N1)	1388	16125
HA|PP755589.1|A/cattle/Texas/24-008749-003/2024(H5N1)	1389	16125
HA|PP755589.1|A/cattle/Texas/24-008749-003/2024(H5N1)	1390	16104
HA|PP755589.1|A/cattle/Texas/24-008749-003/2024(H5N1)	1391	15842
HA|PP755589.1|A/cattle/Texas/24-008749-003/2024(H5N1)	1392	15756
HA|PP755589.1|A/cattle/Texas/24-008749-003/2024(H5N1)	1393	15758
HA|PP755589.1|A/cattle/Texas/24-008749-003/2024(H5N1)	1394	15835
HA|PP755589.1|A/cattle/Texas/24-008749-003/2024(H5N1)	1395	15731
HA|PP755589.1|A/cattle/Texas/24-008749-003/2024(H5N1)	1396	15459
HA|PP755589.1|A/cattle/Texas/24-008749-003/2024(H5N1)	1397	15472
HA|PP755589.1|A/cattle/Texas/24-008749-003/2024(H5N1)	1398	15565
HA|PP755589.1|A/cattle/Texas/24-008749-003/2024(H5N1)	1399	15635
HA|PP755589.1|A/cattle/Texas/24-008749-003/2024(H5N1)	1400	15625
HA|PP755589.1|A/cattle/Texas/24-008749-003/2024(H5N1)	1401	15295
HA|PP755589.1|A/cattle/Texas/24-008749-003/2024(H5N1)	1402	15273
HA|PP755589.1|A/cattle/Texas/24-008749-003/2024(H5N1)	1403	15758
HA|PP755589.1|A/cattle/Texas/24-008749-003/2024(H5N1)	1404	15861
HA|PP755589.1|A/cattle/Texas/24-008749-003/2024(H5N1)	1405	15901
HA|PP755589.1|A/cattle/Texas/24-008749-003/2024(H5N1)	1406	15830
HA|PP755589.1|A/cattle/Texas/24-008749-003/2024(H5N1)	1407	15752
HA|PP755589.1|A/cattle/Texas/24-008749-003/2024(H5N1)	1408	15644
HA|PP755589.1|A/cattle/Texas/24-008749-003/2024(H5N1)	1409	15559
HA|PP755589.1|A/cattle/Texas/24-008749-003/2024(H5N1)	1410	16199
HA|PP755589.1|A/cattle/Texas/24-008749-003/2024(H5N1)	1411	16198
HA|PP755589.1|A/cattle/Texas/24-008749-003/2024(H5N1)	1412	15673
HA|PP755589.1|A/cattle/Texas/24-008749-003/2024(H5N1)	1413	15676
HA|PP755589.1|A/cattle/Texas/24-008749-003/2024(H5N1)	1414	15623
HA|PP755589.1|A/cattle/Texas/24-008749-003/2024(H5N1)	1415	15674
HA|PP755589.1|A/cattle/Texas/24-008749-003/2024(H5N1)	1416	15991
HA|PP755589.1|A/cattle/Texas/24-008749-003/2024(H5N1)	1417	15982
HA|PP755589.1|A/cattle/Texas/24-008749-003/2024(H5N1)	1418	15997
HA|PP755589.1|A/cattle/Texas/24-008749-003/2024(H5N1)	1419	15310
HA|PP755589.1|A/cattle/Texas/24-008749-003/2024(H5N1)	1420	15134
HA|PP755589.1|A/cattle/Texas/24-008749-003/2024(H5N1)	1421	15936
HA|PP755589.1|A/cattle/Texas/24-008749-003/2024(H5N1)	1422	15997
HA|PP755589.1|A/cattle/Texas/24-008749-003/2024(H5N1)	1423	16029
HA|PP755589.1|A/cattle/Texas/24-008749-003/2024(H5N1)	1424	16125
HA|PP755589.1|A/cattle/Texas/24-008749-003/2024(H5N1)	1425	15794
HA|PP755589.1|A/cattle/Texas/24-008749-003/2024(H5N1)	1426	15779
HA|PP755589.1|A/cattle/Texas/24-008749-003/2024(H5N1)	1427	15771
HA|PP755589.1|A/cattle/Texas/24-008749-003/2024(H5N1)	1428	15850
HA|PP755589.1|A/cattle/Texas/24-008749-003/2024(H5N1)	1429	16083
HA|PP755589.1|A/cattle/Texas/24-008749-003/2024(H5N1)	1430	15303
HA|PP755589.1|A/cattle/Texas/24-008749-003/2024(H5N1)	1431	15284
HA|PP755589.1|A/cattle/Texas/24-008749-003/2024(H5N1)	1432	15358
HA|PP755589.1|A/cattle/Texas/24-008749-003/2024(H5N1)	1433	15648
HA|PP755589.1|A/cattle/Texas/24-008749-003/2024(H5N1)	1434	16266
HA|PP755589.1|A/cattle/Texas/24-008749-003/2024(H5N1)	1435	16477
HA|PP755589.1|A/cattle/Texas/24-008749-003/2024(H5N1)	1436	16407
HA|PP755589.1|A/cattle/Texas/24-008749-003/2024(H5N1)	1437	16353
HA|PP755589.1|A/cattle/Texas/24-008749-003/2024(H5N1)	1438	16463
HA|PP755589.1|A/cattle/Texas/24-008749-003/2024(H5N1)	1439	16445
HA|PP755589.1|A/cattle/Texas/24-008749-003/2024(H5N1)	1440	16492
HA|PP755589.1|A/cattle/Texas/24-008749-003/2024(H5N1)	1441	16489
HA|PP755589.1|A/cattle/Texas/24-008749-003/2024(H5N1)	1442	16527
HA|PP755589.1|A/cattle/Texas/24-008749-003/2024(H5N1)	1443	15951
HA|PP755589.1|A/cattle/Texas/24-008749-003/2024(H5N1)	1444	15962
HA|PP755589.1|A/cattle/Texas/24-008749-003/2024(H5N1)	1445	16082
HA|PP755589.1|A/cattle/Texas/24-008749-003/2024(H5N1)	1446	16098
HA|PP755589.1|A/cattle/Texas/24-008749-003/2024(H5N1)	1447	16158
HA|PP755589.1|A/cattle/Texas/24-008749-003/2024(H5N1)	1448	16104
HA|PP755589.1|A/cattle/Texas/24-008749-003/2024(H5N1)	1449	15728
HA|PP755589.1|A/cattle/Texas/24-008749-003/2024(H5N1)	1450	15738
HA|PP755589.1|A/cattle/Texas/24-008749-003/2024(H5N1)	1451	15706
HA|PP755589.1|A/cattle/Texas/24-008749-003/2024(H5N1)	1452	15801
HA|PP755589.1|A/cattle/Texas/24-008749-003/2024(H5N1)	1453	15840
HA|PP755589.1|A/cattle/Texas/24-008749-003/2024(H5N1)	1454	15726
HA|PP755589.1|A/cattle/Texas/24-008749-003/2024(H5N1)	1455	15379
HA|PP755589.1|A/cattle/Texas/24-008749-003/2024(H5N1)	1456	15325
HA|PP755589.1|A/cattle/Texas/24-008749-003/2024(H5N1)	1457	15370
HA|PP755589.1|A/cattle/Texas/24-008749-003/2024(H5N1)	1458	15407
HA|PP755589.1|A/cattle/Texas/24-008749-003/2024(H5N1)	1459	15382
HA|PP755589.1|A/cattle/Texas/24-008749-003/2024(H5N1)	1460	15492
HA|PP755589.1|A/cattle/Texas/24-008749-003/2024(H5N1)	1461	15252
HA|PP755589.1|A/cattle/Texas/24-008749-003/2024(H5N1)	1462	15275
HA|PP755589.1|A/cattle/Texas/24-008749-003/2024(H5N1)	1463	15271
HA|PP755589.1|A/cattle/Texas/24-008749-003/2024(H5N1)	1464	15206
HA|PP755589.1|A/cattle/Texas/24-008749-003/2024(H5N1)	1465	14782
HA|PP755589.1|A/cattle/Texas/24-008749-003/2024(H5N1)	1466	14852
HA|PP755589.1|A/cattle/Texas/24-008749-003/2024(H5N1)	1467	14802
HA|PP755589.1|A/cattle/Texas/24-008749-003/2024(H5N1)	1468	14874
HA|PP755589.1|A/cattle/Texas/24-008749-003/2024(H5N1)	1469	14890
HA|PP755589.1|A/cattle/Texas/24-008749-003/2024(H5N1)	1470	14687
HA|PP755589.1|A/cattle/Texas/24-008749-003/2024(H5N1)	1471	14715
HA|PP755589.1|A/cattle/Texas/24-008749-003/2024(H5N1)	1472	14726
HA|PP755589.1|A/cattle/Texas/24-008749-003/2024(H5N1)	1473	14696
HA|PP755589.1|A/cattle/Texas/24-008749-003/2024(H5N1)	1474	14705
HA|PP755589.1|A/cattle/Texas/24-008749-003/2024(H5N1)	1475	14595
HA|PP755589.1|A/cattle/Texas/24-008749-003/2024(H5N1)	1476	14661
HA|PP755589.1|A/cattle/Texas/24-008749-003/2024(H5N1)	1477	14960
HA|PP755589.1|A/cattle/Texas/24-008749-003/2024(H5N1)	1478	14843
HA|PP755589.1|A/cattle/Texas/24-008749-003/2024(H5N1)	1479	15036
HA|PP755589.1|A/cattle/Texas/24-008749-003/2024(H5N1)	1480	15781
HA|PP755589.1|A/cattle/Texas/24-008749-003/2024(H5N1)	1481	15774
HA|PP755589.1|A/cattle/Texas/24-008749-003/2024(H5N1)	1482	15760
HA|PP755589.1|A/cattle/Texas/24-008749-003/2024(H5N1)	1483	15759
HA|PP755589.1|A/cattle/Texas/24-008749-003/2024(H5N1)	1484	15734
HA|PP755589.1|A/cattle/Texas/24-008749-003/2024(H5N1)	1485	15782
HA|PP755589.1|A/cattle/Texas/24-008749-003/2024(H5N1)	1486	15514
HA|PP755589.1|A/cattle/Texas/24-008749-003/2024(H5N1)	1487	15711
HA|PP755589.1|A/cattle/Texas/24-008749-003/2024(H5N1)	1488	15472
HA|PP755589.1|A/cattle/Texas/24-008749-003/2024(H5N1)	1489	15443
HA|PP755589.1|A/cattle/Texas/24-008749-003/2024(H5N1)	1490	15477
HA|PP755589.1|A/cattle/Texas/24-008749-003/2024(H5N1)	1491	15474
HA|PP755589.1|A/cattle/Texas/24-008749-003/2024(H5N1)	1492	15526
HA|PP755589.1|A/cattle/Texas/24-008749-003/2024(H5N1)	1493	15573
HA|PP755589.1|A/cattle/Texas/24-008749-003/2024(H5N1)	1494	15666
HA|PP755589.1|A/cattle/Texas/24-008749-003/2024(H5N1)	1495	15648
HA|PP755589.1|A/cattle/Texas/24-008749-003/2024(H5N1)	1496	15716
HA|PP755589.1|A/cattle/Texas/24-008749-003/2024(H5N1)	1497	15677
HA|PP755589.1|A/cattle/Texas/24-008749-003/2024(H5N1)	1498	15534
HA|PP755589.1|A/cattle/Texas/24-008749-003/2024(H5N1)	1499	15589
HA|PP755589.1|A/cattle/Texas/24-008749-003/2024(H5N1)	1500	15577
HA|PP755589.1|A/cattle/Texas/24-008749-003/2024(H5N1)	1501	15873
HA|PP755589.1|A/cattle/Texas/24-008749-003/2024(H5N1)	1502	15721
HA|PP755589.1|A/cattle/Texas/24-008749-003/2024(H5N1)	1503	15768
HA|PP755589.1|A/cattle/Texas/24-008749-003/2024(H5N1)	1504	15844
HA|PP755589.1|A/cattle/Texas/24-008749-003/2024(H5N1)	1505	15760
HA|PP755589.1|A/cattle/Texas/24-008749-003/2024(H5N1)	1506	16173
HA|PP755589.1|A/cattle/Texas/24-008749-003/2024(H5N1)	1507	16189
HA|PP755589.1|A/cattle/Texas/24-008749-003/2024(H5N1)	1508	16202
HA|PP755589.1|A/cattle/Texas/24-008749-003/2024(H5N1)	1509	16141
HA|PP755589.1|A/cattle/Texas/24-008749-003/2024(H5N1)	1510	15831
HA|PP755589.1|A/cattle/Texas/24-008749-003/2024(H5N1)	1511	16256
HA|PP755589.1|A/cattle/Texas/24-008749-003/2024(H5N1)	1512	16342
HA|PP755589.1|A/cattle/Texas/24-008749-003/2024(H5N1)	1513	16641
HA|PP755589.1|A/cattle/Texas/24-008749-003/2024(H5N1)	1514	16621
HA|PP755589.1|A/cattle/Texas/24-008749-003/2024(H5N1)	1515	16360
HA|PP755589.1|A/cattle/Texas/24-008749-003/2024(H5N1)	1516	16390
HA|PP755589.1|A/cattle/Texas/24-008749-003/2024(H5N1)	1517	16306
HA|PP755589.1|A/cattle/Texas/24-008749-003/2024(H5N1)	1518	16764
HA|PP755589.1|A/cattle/Texas/24-008749-003/2024(H5N1)	1519	16756
HA|PP755589.1|A/cattle/Texas/24-008749-003/2024(H5N1)	1520	16924
HA|PP755589.1|A/cattle/Texas/24-008749-003/2024(H5N1)	1521	16671
HA|PP755589.1|A/cattle/Texas/24-008749-003/2024(H5N1)	1522	16406
HA|PP755589.1|A/cattle/Texas/24-008749-003/2024(H5N1)	1523	16406
HA|PP755589.1|A/cattle/Texas/24-008749-003/2024(H5N1)	1524	16285
HA|PP755589.1|A/cattle/Texas/24-008749-003/2024(H5N1)	1525	16391
HA|PP755589.1|A/cattle/Texas/24-008749-003/2024(H5N1)	1526	17077
HA|PP755589.1|A/cattle/Texas/24-008749-003/2024(H5N1)	1527	16462
HA|PP755589.1|A/cattle/Texas/24-008749-003/2024(H5N1)	1528	16458
HA|PP755589.1|A/cattle/Texas/24-008749-003/2024(H5N1)	1529	16382
HA|PP755589.1|A/cattle/Texas/24-008749-003/2024(H5N1)	1530	16370
HA|PP755589.1|A/cattle/Texas/24-008749-003/2024(H5N1)	1531	16358
HA|PP755589.1|A/cattle/Texas/24-008749-003/2024(H5N1)	1532	16376
HA|PP755589.1|A/cattle/Texas/24-008749-003/2024(H5N1)	1533	16374
HA|PP755589.1|A/cattle/Texas/24-008749-003/2024(H5N1)	1534	16331
HA|PP755589.1|A/cattle/Texas/24-008749-003/2024(H5N1)	1535	16357
HA|PP755589.1|A/cattle/Texas/24-008749-003/2024(H5N1)	1536	16911
HA|PP755589.1|A/cattle/Texas/24-008749-003/2024(H5N1)	1537	16653
HA|PP755589.1|A/cattle/Texas/24-008749-003/2024(H5N1)	1538	16583
HA|PP755589.1|A/cattle/Texas/24-008749-003/2024(H5N1)	1539	16961
HA|PP755589.1|A/cattle/Texas/24-008749-003/2024(H5N1)	1540	16961
HA|PP755589.1|A/cattle/Texas/24-008749-003/2024(H5N1)	1541	16990
HA|PP755589.1|A/cattle/Texas/24-008749-003/2024(H5N1)	1542	16989
HA|PP755589.1|A/cattle/Texas/24-008749-003/2024(H5N1)	1543	16868
HA|PP755589.1|A/cattle/Texas/24-008749-003/2024(H5N1)	1544	16916
HA|PP755589.1|A/cattle/Texas/24-008749-003/2024(H5N1)	1545	16898
HA|PP755589.1|A/cattle/Texas/24-008749-003/2024(H5N1)	1546	16914
HA|PP755589.1|A/cattle/Texas/24-008749-003/2024(H5N1)	1547	16939
HA|PP755589.1|A/cattle/Texas/24-008749-003/2024(H5N1)	1548	16925
HA|PP755589.1|A/cattle/Texas/24-008749-003/2024(H5N1)	1549	17058
HA|PP755589.1|A/cattle/Texas/24-008749-003/2024(H5N1)	1550	16998
HA|PP755589.1|A/cattle/Texas/24-008749-003/2024(H5N1)	1551	17032
HA|PP755589.1|A/cattle/Texas/24-008749-003/2024(H5N1)	1552	17025
HA|PP755589.1|A/cattle/Texas/24-008749-003/2024(H5N1)	1553	16940
HA|PP755589.1|A/cattle/Texas/24-008749-003/2024(H5N1)	1554	16507
HA|PP755589.1|A/cattle/Texas/24-008749-003/2024(H5N1)	1555	16489
HA|PP755589.1|A/cattle/Texas/24-008749-003/2024(H5N1)	1556	16439
HA|PP755589.1|A/cattle/Texas/24-008749-003/2024(H5N1)	1557	16496
HA|PP755589.1|A/cattle/Texas/24-008749-003/2024(H5N1)	1558	16165
HA|PP755589.1|A/cattle/Texas/24-008749-003/2024(H5N1)	1559	16188
HA|PP755589.1|A/cattle/Texas/24-008749-003/2024(H5N1)	1560	16131
HA|PP755589.1|A/cattle/Texas/24-008749-003/2024(H5N1)	1561	15466
HA|PP755589.1|A/cattle/Texas/24-008749-003/2024(H5N1)	1562	15599
HA|PP755589.1|A/cattle/Texas/24-008749-003/2024(H5N1)	1563	15686
HA|PP755589.1|A/cattle/Texas/24-008749-003/2024(H5N1)	1564	15755
HA|PP755589.1|A/cattle/Texas/24-008749-003/2024(H5N1)	1565	15755
HA|PP755589.1|A/cattle/Texas/24-008749-003/2024(H5N1)	1566	15799
HA|PP755589.1|A/cattle/Texas/24-008749-003/2024(H5N1)	1567	15509
HA|PP755589.1|A/cattle/Texas/24-008749-003/2024(H5N1)	1568	15456
HA|PP755589.1|A/cattle/Texas/24-008749-003/2024(H5N1)	1569	15430
HA|PP755589.1|A/cattle/Texas/24-008749-003/2024(H5N1)	1570	15422
HA|PP755589.1|A/cattle/Texas/24-008749-003/2024(H5N1)	1571	15690
HA|PP755589.1|A/cattle/Texas/24-008749-003/2024(H5N1)	1572	15031
HA|PP755589.1|A/cattle/Texas/24-008749-003/2024(H5N1)	1573	14957
HA|PP755589.1|A/cattle/Texas/24-008749-003/2024(H5N1)	1574	15017
HA|PP755589.1|A/cattle/Texas/24-008749-003/2024(H5N1)	1575	14993
HA|PP755589.1|A/cattle/Texas/24-008749-003/2024(H5N1)	1576	15034
HA|PP755589.1|A/cattle/Texas/24-008749-003/2024(H5N1)	1577	15287
HA|PP755589.1|A/cattle/Texas/24-008749-003/2024(H5N1)	1578	15279
HA|PP755589.1|A/cattle/Texas/24-008749-003/2024(H5N1)	1579	15205
HA|PP755589.1|A/cattle/Texas/24-008749-003/2024(H5N1)	1580	15160
HA|PP755589.1|A/cattle/Texas/24-008749-003/2024(H5N1)	1581	15210
HA|PP755589.1|A/cattle/Texas/24-008749-003/2024(H5N1)	1582	15193
HA|PP755589.1|A/cattle/Texas/24-008749-003/2024(H5N1)	1583	14838
HA|PP755589.1|A/cattle/Texas/24-008749-003/2024(H5N1)	1584	14440
HA|PP755589.1|A/cattle/Texas/24-008749-003/2024(H5N1)	1585	14395
HA|PP755589.1|A/cattle/Texas/24-008749-003/2024(H5N1)	1586	14400
HA|PP755589.1|A/cattle/Texas/24-008749-003/2024(H5N1)	1587	14461
HA|PP755589.1|A/cattle/Texas/24-008749-003/2024(H5N1)	1588	14460
HA|PP755589.1|A/cattle/Texas/24-008749-003/2024(H5N1)	1589	14020
HA|PP755589.1|A/cattle/Texas/24-008749-003/2024(H5N1)	1590	14036
HA|PP755589.1|A/cattle/Texas/24-008749-003/2024(H5N1)	1591	14010
HA|PP755589.1|A/cattle/Texas/24-008749-003/2024(H5N1)	1592	13969
HA|PP755589.1|A/cattle/Texas/24-008749-003/2024(H5N1)	1593	14553
HA|PP755589.1|A/cattle/Texas/24-008749-003/2024(H5N1)	1594	14445
HA|PP755589.1|A/cattle/Texas/24-008749-003/2024(H5N1)	1595	14078
HA|PP755589.1|A/cattle/Texas/24-008749-003/2024(H5N1)	1596	14090
HA|PP755589.1|A/cattle/Texas/24-008749-003/2024(H5N1)	1597	16355
HA|PP755589.1|A/cattle/Texas/24-008749-003/2024(H5N1)	1598	16413
HA|PP755589.1|A/cattle/Texas/24-008749-003/2024(H5N1)	1599	16628
HA|PP755589.1|A/cattle/Texas/24-008749-003/2024(H5N1)	1600	16635
HA|PP755589.1|A/cattle/Texas/24-008749-003/2024(H5N1)	1601	16642
HA|PP755589.1|A/cattle/Texas/24-008749-003/2024(H5N1)	1602	16831
HA|PP755589.1|A/cattle/Texas/24-008749-003/2024(H5N1)	1603	16724
HA|PP755589.1|A/cattle/Texas/24-008749-003/2024(H5N1)	1604	16714
HA|PP755589.1|A/cattle/Texas/24-008749-003/2024(H5N1)	1605	16698
HA|PP755589.1|A/cattle/Texas/24-008749-003/2024(H5N1)	1606	16666
HA|PP755589.1|A/cattle/Texas/24-008749-003/2024(H5N1)	1607	16650
HA|PP755589.1|A/cattle/Texas/24-008749-003/2024(H5N1)	1608	16631
HA|PP755589.1|A/cattle/Texas/24-008749-003/2024(H5N1)	1609	16591
HA|PP755589.1|A/cattle/Texas/24-008749-003/2024(H5N1)	1610	16587
HA|PP755589.1|A/cattle/Texas/24-008749-003/2024(H5N1)	1611	16442
HA|PP755589.1|A/cattle/Texas/24-008749-003/2024(H5N1)	1612	16414
HA|PP755589.1|A/cattle/Texas/24-008749-003/2024(H5N1)	1613	16334
HA|PP755589.1|A/cattle/Texas/24-008749-003/2024(H5N1)	1614	16359
HA|PP755589.1|A/cattle/Texas/24-008749-003/2024(H5N1)	1615	16323
HA|PP755589.1|A/cattle/Texas/24-008749-003/2024(H5N1)	1616	16159
HA|PP755589.1|A/cattle/Texas/24-008749-003/2024(H5N1)	1617	16159
HA|PP755589.1|A/cattle/Texas/24-008749-003/2024(H5N1)	1618	16128
HA|PP755589.1|A/cattle/Texas/24-008749-003/2024(H5N1)	1619	16132
HA|PP755589.1|A/cattle/Texas/24-008749-003/2024(H5N1)	1620	16136
HA|PP755589.1|A/cattle/Texas/24-008749-003/2024(H5N1)	1621	16077
HA|PP755589.1|A/cattle/Texas/24-008749-003/2024(H5N1)	1622	16235
HA|PP755589.1|A/cattle/Texas/24-008749-003/2024(H5N1)	1623	16169
HA|PP755589.1|A/cattle/Texas/24-008749-003/2024(H5N1)	1624	16111
HA|PP755589.1|A/cattle/Texas/24-008749-003/2024(H5N1)	1625	16109
HA|PP755589.1|A/cattle/Texas/24-008749-003/2024(H5N1)	1626	16089
HA|PP755589.1|A/cattle/Texas/24-008749-003/2024(H5N1)	1627	16044
HA|PP755589.1|A/cattle/Texas/24-008749-003/2024(H5N1)	1628	15609
HA|PP755589.1|A/cattle/Texas/24-008749-003/2024(H5N1)	1629	15505
HA|PP755589.1|A/cattle/Texas/24-008749-003/2024(H5N1)	1630	15336
HA|PP755589.1|A/cattle/Texas/24-008749-003/2024(H5N1)	1631	14437
HA|PP755589.1|A/cattle/Texas/24-008749-003/2024(H5N1)	1632	14458
HA|PP755589.1|A/cattle/Texas/24-008749-003/2024(H5N1)	1633	14457
HA|PP755589.1|A/cattle/Texas/24-008749-003/2024(H5N1)	1634	14453
HA|PP755589.1|A/cattle/Texas/24-008749-003/2024(H5N1)	1635	14418
HA|PP755589.1|A/cattle/Texas/24-008749-003/2024(H5N1)	1636	14314
HA|PP755589.1|A/cattle/Texas/24-008749-003/2024(H5N1)	1637	14298
HA|PP755589.1|A/cattle/Texas/24-008749-003/2024(H5N1)	1638	14129
HA|PP755589.1|A/cattle/Texas/24-008749-003/2024(H5N1)	1639	14112
HA|PP755589.1|A/cattle/Texas/24-008749-003/2024(H5N1)	1640	14090
HA|PP755589.1|A/cattle/Texas/24-008749-003/2024(H5N1)	1641	14001
HA|PP755589.1|A/cattle/Texas/24-008749-003/2024(H5N1)	1642	13920
HA|PP755589.1|A/cattle/Texas/24-008749-003/2024(H5N1)	1643	13906
HA|PP755589.1|A/cattle/Texas/24-008749-003/2024(H5N1)	1644	13774
HA|PP755589.1|A/cattle/Texas/24-008749-003/2024(H5N1)	1645	13694
HA|PP755589.1|A/cattle/Texas/24-008749-003/2024(H5N1)	1646	13663
HA|PP755589.1|A/cattle/Texas/24-008749-003/2024(H5N1)	1647	13288
HA|PP755589.1|A/cattle/Texas/24-008749-003/2024(H5N1)	1648	13340
HA|PP755589.1|A/cattle/Texas/24-008749-003/2024(H5N1)	1649	13359
HA|PP755589.1|A/cattle/Texas/24-008749-003/2024(H5N1)	1650	13322
HA|PP755589.1|A/cattle/Texas/24-008749-003/2024(H5N1)	1651	13042
HA|PP755589.1|A/cattle/Texas/24-008749-003/2024(H5N1)	1652	12953
HA|PP755589.1|A/cattle/Texas/24-008749-003/2024(H5N1)	1653	12964
HA|PP755589.1|A/cattle/Texas/24-008749-003/2024(H5N1)	1654	12917
HA|PP755589.1|A/cattle/Texas/24-008749-003/2024(H5N1)	1655	12391
HA|PP755589.1|A/cattle/Texas/24-008749-003/2024(H5N1)	1656	12379
HA|PP755589.1|A/cattle/Texas/24-008749-003/2024(H5N1)	1657	12019
HA|PP755589.1|A/cattle/Texas/24-008749-003/2024(H5N1)	1658	11884
HA|PP755589.1|A/cattle/Texas/24-008749-003/2024(H5N1)	1659	11840
HA|PP755589.1|A/cattle/Texas/24-008749-003/2024(H5N1)	1660	11830
HA|PP755589.1|A/cattle/Texas/24-008749-003/2024(H5N1)	1661	11825
HA|PP755589.1|A/cattle/Texas/24-008749-003/2024(H5N1)	1662	11310
HA|PP755589.1|A/cattle/Texas/24-008749-003/2024(H5N1)	1663	11146
HA|PP755589.1|A/cattle/Texas/24-008749-003/2024(H5N1)	1664	10687
HA|PP755589.1|A/cattle/Texas/24-008749-003/2024(H5N1)	1665	10700
HA|PP755589.1|A/cattle/Texas/24-008749-003/2024(H5N1)	1666	10231
HA|PP755589.1|A/cattle/Texas/24-008749-003/2024(H5N1)	1667	10254
HA|PP755589.1|A/cattle/Texas/24-008749-003/2024(H5N1)	1668	9926
HA|PP755589.1|A/cattle/Texas/24-008749-003/2024(H5N1)	1669	9903
HA|PP755589.1|A/cattle/Texas/24-008749-003/2024(H5N1)	1670	9810
HA|PP755589.1|A/cattle/Texas/24-008749-003/2024(H5N1)	1671	9595
HA|PP755589.1|A/cattle/Texas/24-008749-003/2024(H5N1)	1672	9579
HA|PP755589.1|A/cattle/Texas/24-008749-003/2024(H5N1)	1673	9577
HA|PP755589.1|A/cattle/Texas/24-008749-003/2024(H5N1)	1674	9447
HA|PP755589.1|A/cattle/Texas/24-008749-003/2024(H5N1)	1675	9414
HA|PP755589.1|A/cattle/Texas/24-008749-003/2024(H5N1)	1676	8789
HA|PP755589.1|A/cattle/Texas/24-008749-003/2024(H5N1)	1677	8657
HA|PP755589.1|A/cattle/Texas/24-008749-003/2024(H5N1)	1678	8642
HA|PP755589.1|A/cattle/Texas/24-008749-003/2024(H5N1)	1679	8266
HA|PP755589.1|A/cattle/Texas/24-008749-003/2024(H5N1)	1680	8261
HA|PP755589.1|A/cattle/Texas/24-008749-003/2024(H5N1)	1681	8234
HA|PP755589.1|A/cattle/Texas/24-008749-003/2024(H5N1)	1682	8232
HA|PP755589.1|A/cattle/Texas/24-008749-003/2024(H5N1)	1683	8229
HA|PP755589.1|A/cattle/Texas/24-008749-003/2024(H5N1)	1684	8188
HA|PP755589.1|A/cattle/Texas/24-008749-003/2024(H5N1)	1685	7707
HA|PP755589.1|A/cattle/Texas/24-008749-003/2024(H5N1)	1686	7685
HA|PP755589.1|A/cattle/Texas/24-008749-003/2024(H5N1)	1687	7566
HA|PP755589.1|A/cattle/Texas/24-008749-003/2024(H5N1)	1688	7564
HA|PP755589.1|A/cattle/Texas/24-008749-003/2024(H5N1)	1689	7559
HA|PP755589.1|A/cattle/Texas/24-008749-003/2024(H5N1)	1690	7107
HA|PP755589.1|A/cattle/Texas/24-008749-003/2024(H5N1)	1691	7107
HA|PP755589.1|A/cattle/Texas/24-008749-003/2024(H5N1)	1692	7075
HA|PP755589.1|A/cattle/Texas/24-008749-003/2024(H5N1)	1693	7073
HA|PP755589.1|A/cattle/Texas/24-008749-003/2024(H5N1)	1694	7071
HA|PP755589.1|A/cattle/Texas/24-008749-003/2024(H5N1)	1695	6903
HA|PP755589.1|A/cattle/Texas/24-008749-003/2024(H5N1)	1696	6897
HA|PP755589.1|A/cattle/Texas/24-008749-003/2024(H5N1)	1697	6860
HA|PP755589.1|A/cattle/Texas/24-008749-003/2024(H5N1)	1698	6844
HA|PP755589.1|A/cattle/Texas/24-008749-003/2024(H5N1)	1699	6839
HA|PP755589.1|A/cattle/Texas/24-008749-003/2024(H5N1)	1700	6625
HA|PP755589.1|A/cattle/Texas/24-008749-003/2024(H5N1)	1701	6602
HA|PP755589.1|A/cattle/Texas/24-008749-003/2024(H5N1)	1702	6580
HA|PP755589.1|A/cattle/Texas/24-008749-003/2024(H5N1)	1703	6571
HA|PP755589.1|A/cattle/Texas/24-008749-003/2024(H5N1)	1704	6564
