PB2|PP755596.1|A/cattle/Texas/24-008749-003/2024(H5N1)	1	111
PB2|PP755596.1|A/cattle/Texas/24-008749-003/2024(H5N1)	2	111
PB2|PP755596.1|A/cattle/Texas/24-008749-003/2024(H5N1)	3	114
PB2|PP755596.1|A/cattle/Texas/24-008749-003/2024(H5N1)	4	114
PB2|PP755596.1|A/cattle/Texas/24-008749-003/2024(H5N1)	5	114
PB2|PP755596.1|A/cattle/Texas/24-008749-003/2024(H5N1)	6	114
PB2|PP755596.1|A/cattle/Texas/24-008749-003/2024(H5N1)	7	114
PB2|PP755596.1|A/cattle/Texas/24-008749-003/2024(H5N1)	8	122
PB2|PP755596.1|A/cattle/Texas/24-008749-003/2024(H5N1)	9	122
PB2|PP755596.1|A/cattle/Texas/24-008749-003/2024(H5N1)	10	122
PB2|PP755596.1|A/cattle/Texas/24-008749-003/2024(H5N1)	11	123
PB2|PP755596.1|A/cattle/Texas/24-008749-003/2024(H5N1)	12	123
PB2|PP755596.1|A/cattle/Texas/24-008749-003/2024(H5N1)	13	123
PB2|PP755596.1|A/cattle/Texas/24-008749-003/2024(H5N1)	14	123
PB2|PP755596.1|A/cattle/Texas/24-008749-003/2024(H5N1)	15	123
PB2|PP755596.1|A/cattle/Texas/24-008749-003/2024(H5N1)	16	124
PB2|PP755596.1|A/cattle/Texas/24-008749-003/2024(H5N1)	17	128
PB2|PP755596.1|A/cattle/Texas/24-008749-003/2024(H5N1)	18	131
PB2|PP755596.1|A/cattle/Texas/24-008749-003/2024(H5N1)	19	131
PB2|PP755596.1|A/cattle/Texas/24-008749-003/2024(H5N1)	20	131
PB2|PP755596.1|A/cattle/Texas/24-008749-003/2024(H5N1)	21	131
PB2|PP755596.1|A/cattle/Texas/24-008749-003/2024(H5N1)	22	131
PB2|PP755596.1|A/cattle/Texas/24-008749-003/2024(H5N1)	23	131
PB2|PP755596.1|A/cattle/Texas/24-008749-003/2024(H5N1)	24	131
PB2|PP755596.1|A/cattle/Texas/24-008749-003/2024(H5N1)	25	137
PB2|PP755596.1|A/cattle/Texas/24-008749-003/2024(H5N1)	26	138
PB2|PP755596.1|A/cattle/Texas/24-008749-003/2024(H5N1)	27	138
PB2|PP755596.1|A/cattle/Texas/24-008749-003/2024(H5N1)	28	138
PB2|PP755596.1|A/cattle/Texas/24-008749-003/2024(H5N1)	29	138
PB2|PP755596.1|A/cattle/Texas/24-008749-003/2024(H5N1)	30	138
PB2|PP755596.1|A/cattle/Texas/24-008749-003/2024(H5N1)	31	143
PB2|PP755596.1|A/cattle/Texas/24-008749-003/2024(H5N1)	32	143
PB2|PP755596.1|A/cattle/Texas/24-008749-003/2024(H5N1)	33	145
PB2|PP755596.1|A/cattle/Texas/24-008749-003/2024(H5N1)	34	149
PB2|PP755596.1|A/cattle/Texas/24-008749-003/2024(H5N1)	35	150
PB2|PP755596.1|A/cattle/Texas/24-008749-003/2024(H5N1)	36	150
PB2|PP755596.1|A/cattle/Texas/24-008749-003/2024(H5N1)	37	150
PB2|PP755596.1|A/cattle/Texas/24-008749-003/2024(H5N1)	38	150
PB2|PP755596.1|A/cattle/Texas/24-008749-003/2024(H5N1)	39	158
PB2|PP755596.1|A/cattle/Texas/24-008749-003/2024(H5N1)	40	159
PB2|PP755596.1|A/cattle/Texas/24-008749-003/2024(H5N1)	41	159
PB2|PP755596.1|A/cattle/Texas/24-008749-003/2024(H5N1)	42	159
PB2|PP755596.1|A/cattle/Texas/24-008749-003/2024(H5N1)	43	160
PB2|PP755596.1|A/cattle/Texas/24-008749-003/2024(H5N1)	44	161
PB2|PP755596.1|A/cattle/Texas/24-008749-003/2024(H5N1)	45	161
PB2|PP755596.1|A/cattle/Texas/24-008749-003/2024(H5N1)	46	161
PB2|PP755596.1|A/cattle/Texas/24-008749-003/2024(H5N1)	47	163
PB2|PP755596.1|A/cattle/Texas/24-008749-003/2024(H5N1)	48	165
PB2|PP755596.1|A/cattle/Texas/24-008749-003/2024(H5N1)	49	165
PB2|PP755596.1|A/cattle/Texas/24-008749-003/2024(H5N1)	50	165
PB2|PP755596.1|A/cattle/Texas/24-008749-003/2024(H5N1)	51	165
PB2|PP755596.1|A/cattle/Texas/24-008749-003/2024(H5N1)	52	165
PB2|PP755596.1|A/cattle/Texas/24-008749-003/2024(H5N1)	53	165
PB2|PP755596.1|A/cattle/Texas/24-008749-003/2024(H5N1)	54	170
PB2|PP755596.1|A/cattle/Texas/24-008749-003/2024(H5N1)	55	177
PB2|PP755596.1|A/cattle/Texas/24-008749-003/2024(H5N1)	56	177
PB2|PP755596.1|A/cattle/Texas/24-008749-003/2024(H5N1)	57	177
PB2|PP755596.1|A/cattle/Texas/24-008749-003/2024(H5N1)	58	177
PB2|PP755596.1|A/cattle/Texas/24-008749-003/2024(H5N1)	59	177
PB2|PP755596.1|A/cattle/Texas/24-008749-003/2024(H5N1)	60	181
PB2|PP755596.1|A/cattle/Texas/24-008749-003/2024(H5N1)	61	183
PB2|PP755596.1|A/cattle/Texas/24-008749-003/2024(H5N1)	62	184
PB2|PP755596.1|A/cattle/Texas/24-008749-003/2024(H5N1)	63	184
PB2|PP755596.1|A/cattle/Texas/24-008749-003/2024(H5N1)	64	184
PB2|PP755596.1|A/cattle/Texas/24-008749-003/2024(H5N1)	65	184
PB2|PP755596.1|A/cattle/Texas/24-008749-003/2024(H5N1)	66	186
PB2|PP755596.1|A/cattle/Texas/24-008749-003/2024(H5N1)	67	186
PB2|PP755596.1|A/cattle/Texas/24-008749-003/2024(H5N1)	68	188
PB2|PP755596.1|A/cattle/Texas/24-008749-003/2024(H5N1)	69	188
PB2|PP755596.1|A/cattle/Texas/24-008749-003/2024(H5N1)	70	188
PB2|PP755596.1|A/cattle/Texas/24-008749-003/2024(H5N1)	71	191
PB2|PP755596.1|A/cattle/Texas/24-008749-003/2024(H5N1)	72	198
PB2|PP755596.1|A/cattle/Texas/24-008749-003/2024(H5N1)	73	209
PB2|PP755596.1|A/cattle/Texas/24-008749-003/2024(H5N1)	74	212
PB2|PP755596.1|A/cattle/Texas/24-008749-003/2024(H5N1)	75	212
PB2|PP755596.1|A/cattle/Texas/24-008749-003/2024(H5N1)	76	213
PB2|PP755596.1|A/cattle/Texas/24-008749-003/2024(H5N1)	77	214
PB2|PP755596.1|A/cattle/Texas/24-008749-003/2024(H5N1)	78	220
PB2|PP755596.1|A/cattle/Texas/24-008749-003/2024(H5N1)	79	223
PB2|PP755596.1|A/cattle/Texas/24-008749-003/2024(H5N1)	80	223
PB2|PP755596.1|A/cattle/Texas/24-008749-003/2024(H5N1)	81	224
PB2|PP755596.1|A/cattle/Texas/24-008749-003/2024(H5N1)	82	225
PB2|PP755596.1|A/cattle/Texas/24-008749-003/2024(H5N1)	83	225
PB2|PP755596.1|A/cattle/Texas/24-008749-003/2024(H5N1)	84	227
PB2|PP755596.1|A/cattle/Texas/24-008749-003/2024(H5N1)	85	229
PB2|PP755596.1|A/cattle/Texas/24-008749-003/2024(H5N1)	86	229
PB2|PP755596.1|A/cattle/Texas/24-008749-003/2024(H5N1)	87	229
PB2|PP755596.1|A/cattle/Texas/24-008749-003/2024(H5N1)	88	229
PB2|PP755596.1|A/cattle/Texas/24-008749-003/2024(H5N1)	89	231
PB2|PP755596.1|A/cattle/Texas/24-008749-003/2024(H5N1)	90	231
PB2|PP755596.1|A/cattle/Texas/24-008749-003/2024(H5N1)	91	238
PB2|PP755596.1|A/cattle/Texas/24-008749-003/2024(H5N1)	92	240
PB2|PP755596.1|A/cattle/Texas/24-008749-003/2024(H5N1)	93	243
PB2|PP755596.1|A/cattle/Texas/24-008749-003/2024(H5N1)	94	243
PB2|PP755596.1|A/cattle/Texas/24-008749-003/2024(H5N1)	95	243
PB2|PP755596.1|A/cattle/Texas/24-008749-003/2024(H5N1)	96	247
PB2|PP755596.1|A/cattle/Texas/24-008749-003/2024(H5N1)	97	248
PB2|PP755596.1|A/cattle/Texas/24-008749-003/2024(H5N1)	98	248
PB2|PP755596.1|A/cattle/Texas/24-008749-003/2024(H5N1)	99	256
PB2|PP755596.1|A/cattle/Texas/24-008749-003/2024(H5N1)	100	256
PB2|PP755596.1|A/cattle/Texas/24-008749-003/2024(H5N1)	101	256
PB2|PP755596.1|A/cattle/Texas/24-008749-003/2024(H5N1)	102	257
PB2|PP755596.1|A/cattle/Texas/24-008749-003/2024(H5N1)	103	257
PB2|PP755596.1|A/cattle/Texas/24-008749-003/2024(H5N1)	104	260
PB2|PP755596.1|A/cattle/Texas/24-008749-003/2024(H5N1)	105	260
PB2|PP755596.1|A/cattle/Texas/24-008749-003/2024(H5N1)	106	262
PB2|PP755596.1|A/cattle/Texas/24-008749-003/2024(H5N1)	107	262
PB2|PP755596.1|A/cattle/Texas/24-008749-003/2024(H5N1)	108	260
PB2|PP755596.1|A/cattle/Texas/24-008749-003/2024(H5N1)	109	260
PB2|PP755596.1|A/cattle/Texas/24-008749-003/2024(H5N1)	110	260
PB2|PP755596.1|A/cattle/Texas/24-008749-003/2024(H5N1)	111	264
PB2|PP755596.1|A/cattle/Texas/24-008749-003/2024(H5N1)	112	264
PB2|PP755596.1|A/cattle/Texas/24-008749-003/2024(H5N1)	113	267
PB2|PP755596.1|A/cattle/Texas/24-008749-003/2024(H5N1)	114	268
PB2|PP755596.1|A/cattle/Texas/24-008749-003/2024(H5N1)	115	268
PB2|PP755596.1|A/cattle/Texas/24-008749-003/2024(H5N1)	116	267
PB2|PP755596.1|A/cattle/Texas/24-008749-003/2024(H5N1)	117	267
PB2|PP755596.1|A/cattle/Texas/24-008749-003/2024(H5N1)	118	270
PB2|PP755596.1|A/cattle/Texas/24-008749-003/2024(H5N1)	119	273
PB2|PP755596.1|A/cattle/Texas/24-008749-003/2024(H5N1)	120	273
PB2|PP755596.1|A/cattle/Texas/24-008749-003/2024(H5N1)	121	274
PB2|PP755596.1|A/cattle/Texas/24-008749-003/2024(H5N1)	122	272
PB2|PP755596.1|A/cattle/Texas/24-008749-003/2024(H5N1)	123	271
PB2|PP755596.1|A/cattle/Texas/24-008749-003/2024(H5N1)	124	242
PB2|PP755596.1|A/cattle/Texas/24-008749-003/2024(H5N1)	125	242
PB2|PP755596.1|A/cattle/Texas/24-008749-003/2024(H5N1)	126	225
PB2|PP755596.1|A/cattle/Texas/24-008749-003/2024(H5N1)	127	224
PB2|PP755596.1|A/cattle/Texas/24-008749-003/2024(H5N1)	128	225
PB2|PP755596.1|A/cattle/Texas/24-008749-003/2024(H5N1)	129	233
PB2|PP755596.1|A/cattle/Texas/24-008749-003/2024(H5N1)	130	238
PB2|PP755596.1|A/cattle/Texas/24-008749-003/2024(H5N1)	131	236
PB2|PP755596.1|A/cattle/Texas/24-008749-003/2024(H5N1)	132	236
PB2|PP755596.1|A/cattle/Texas/24-008749-003/2024(H5N1)	133	224
PB2|PP755596.1|A/cattle/Texas/24-008749-003/2024(H5N1)	134	222
PB2|PP755596.1|A/cattle/Texas/24-008749-003/2024(H5N1)	135	222
PB2|PP755596.1|A/cattle/Texas/24-008749-003/2024(H5N1)	136	222
PB2|PP755596.1|A/cattle/Texas/24-008749-003/2024(H5N1)	137	230
PB2|PP755596.1|A/cattle/Texas/24-008749-003/2024(H5N1)	138	233
PB2|PP755596.1|A/cattle/Texas/24-008749-003/2024(H5N1)	139	234
PB2|PP755596.1|A/cattle/Texas/24-008749-003/2024(H5N1)	140	231
PB2|PP755596.1|A/cattle/Texas/24-008749-003/2024(H5N1)	141	230
PB2|PP755596.1|A/cattle/Texas/24-008749-003/2024(H5N1)	142	233
PB2|PP755596.1|A/cattle/Texas/24-008749-003/2024(H5N1)	143	231
PB2|PP755596.1|A/cattle/Texas/24-008749-003/2024(H5N1)	144	231
PB2|PP755596.1|A/cattle/Texas/24-008749-003/2024(H5N1)	145	228
PB2|PP755596.1|A/cattle/Texas/24-008749-003/2024(H5N1)	146	226
PB2|PP755596.1|A/cattle/Texas/24-008749-003/2024(H5N1)	147	227
PB2|PP755596.1|A/cattle/Texas/24-008749-003/2024(H5N1)	148	224
PB2|PP755596.1|A/cattle/Texas/24-008749-003/2024(H5N1)	149	224
PB2|PP755596.1|A/cattle/Texas/24-008749-003/2024(H5N1)	150	222
PB2|PP755596.1|A/cattle/Texas/24-008749-003/2024(H5N1)	151	222
PB2|PP755596.1|A/cattle/Texas/24-008749-003/2024(H5N1)	152	222
PB2|PP755596.1|A/cattle/Texas/24-008749-003/2024(H5N1)	153	224
PB2|PP755596.1|A/cattle/Texas/24-008749-003/2024(H5N1)	154	224
PB2|PP755596.1|A/cattle/Texas/24-008749-003/2024(H5N1)	155	226
PB2|PP755596.1|A/cattle/Texas/24-008749-003/2024(H5N1)	156	226
PB2|PP755596.1|A/cattle/Texas/24-008749-003/2024(H5N1)	157	226
PB2|PP755596.1|A/cattle/Texas/24-008749-003/2024(H5N1)	158	226
PB2|PP755596.1|A/cattle/Texas/24-008749-003/2024(H5N1)	159	221
PB2|PP755596.1|A/cattle/Texas/24-008749-003/2024(H5N1)	160	227
PB2|PP755596.1|A/cattle/Texas/24-008749-003/2024(H5N1)	161	232
PB2|PP755596.1|A/cattle/Texas/24-008749-003/2024(H5N1)	162	232
PB2|PP755596.1|A/cattle/Texas/24-008749-003/2024(H5N1)	163	232
PB2|PP755596.1|A/cattle/Texas/24-008749-003/2024(H5N1)	164	233
PB2|PP755596.1|A/cattle/Texas/24-008749-003/2024(H5N1)	165	236
PB2|PP755596.1|A/cattle/Texas/24-008749-003/2024(H5N1)	166	236
PB2|PP755596.1|A/cattle/Texas/24-008749-003/2024(H5N1)	167	237
PB2|PP755596.1|A/cattle/Texas/24-008749-003/2024(H5N1)	168	233
PB2|PP755596.1|A/cattle/Texas/24-008749-003/2024(H5N1)	169	230
PB2|PP755596.1|A/cattle/Texas/24-008749-003/2024(H5N1)	170	230
PB2|PP755596.1|A/cattle/Texas/24-008749-003/2024(H5N1)	171	230
PB2|PP755596.1|A/cattle/Texas/24-008749-003/2024(H5N1)	172	230
PB2|PP755596.1|A/cattle/Texas/24-008749-003/2024(H5N1)	173	234
PB2|PP755596.1|A/cattle/Texas/24-008749-003/2024(H5N1)	174	234
PB2|PP755596.1|A/cattle/Texas/24-008749-003/2024(H5N1)	175	234
PB2|PP755596.1|A/cattle/Texas/24-008749-003/2024(H5N1)	176	228
PB2|PP755596.1|A/cattle/Texas/24-008749-003/2024(H5N1)	177	227
PB2|PP755596.1|A/cattle/Texas/24-008749-003/2024(H5N1)	178	228
PB2|PP755596.1|A/cattle/Texas/24-008749-003/2024(H5N1)	179	230
PB2|PP755596.1|A/cattle/Texas/24-008749-003/2024(H5N1)	180	232
PB2|PP755596.1|A/cattle/Texas/24-008749-003/2024(H5N1)	181	233
PB2|PP755596.1|A/cattle/Texas/24-008749-003/2024(H5N1)	182	227
PB2|PP755596.1|A/cattle/Texas/24-008749-003/2024(H5N1)	183	228
PB2|PP755596.1|A/cattle/Texas/24-008749-003/2024(H5N1)	184	223
PB2|PP755596.1|A/cattle/Texas/24-008749-003/2024(H5N1)	185	224
PB2|PP755596.1|A/cattle/Texas/24-008749-003/2024(H5N1)	186	223
PB2|PP755596.1|A/cattle/Texas/24-008749-003/2024(H5N1)	187	223
PB2|PP755596.1|A/cattle/Texas/24-008749-003/2024(H5N1)	188	224
PB2|PP755596.1|A/cattle/Texas/24-008749-003/2024(H5N1)	189	223
PB2|PP755596.1|A/cattle/Texas/24-008749-003/2024(H5N1)	190	231
PB2|PP755596.1|A/cattle/Texas/24-008749-003/2024(H5N1)	191	232
PB2|PP755596.1|A/cattle/Texas/24-008749-003/2024(H5N1)	192	232
PB2|PP755596.1|A/cattle/Texas/24-008749-003/2024(H5N1)	193	232
PB2|PP755596.1|A/cattle/Texas/24-008749-003/2024(H5N1)	194	231
PB2|PP755596.1|A/cattle/Texas/24-008749-003/2024(H5N1)	195	232
PB2|PP755596.1|A/cattle/Texas/24-008749-003/2024(H5N1)	196	232
PB2|PP755596.1|A/cattle/Texas/24-008749-003/2024(H5N1)	197	237
PB2|PP755596.1|A/cattle/Texas/24-008749-003/2024(H5N1)	198	236
PB2|PP755596.1|A/cattle/Texas/24-008749-003/2024(H5N1)	199	239
PB2|PP755596.1|A/cattle/Texas/24-008749-003/2024(H5N1)	200	239
PB2|PP755596.1|A/cattle/Texas/24-008749-003/2024(H5N1)	201	239
PB2|PP755596.1|A/cattle/Texas/24-008749-003/2024(H5N1)	202	239
PB2|PP755596.1|A/cattle/Texas/24-008749-003/2024(H5N1)	203	230
PB2|PP755596.1|A/cattle/Texas/24-008749-003/2024(H5N1)	204	229
PB2|PP755596.1|A/cattle/Texas/24-008749-003/2024(H5N1)	205	229
PB2|PP755596.1|A/cattle/Texas/24-008749-003/2024(H5N1)	206	229
PB2|PP755596.1|A/cattle/Texas/24-008749-003/2024(H5N1)	207	229
PB2|PP755596.1|A/cattle/Texas/24-008749-003/2024(H5N1)	208	229
PB2|PP755596.1|A/cattle/Texas/24-008749-003/2024(H5N1)	209	231
PB2|PP755596.1|A/cattle/Texas/24-008749-003/2024(H5N1)	210	233
PB2|PP755596.1|A/cattle/Texas/24-008749-003/2024(H5N1)	211	229
PB2|PP755596.1|A/cattle/Texas/24-008749-003/2024(H5N1)	212	227
PB2|PP755596.1|A/cattle/Texas/24-008749-003/2024(H5N1)	213	226
PB2|PP755596.1|A/cattle/Texas/24-008749-003/2024(H5N1)	214	233
PB2|PP755596.1|A/cattle/Texas/24-008749-003/2024(H5N1)	215	233
PB2|PP755596.1|A/cattle/Texas/24-008749-003/2024(H5N1)	216	233
PB2|PP755596.1|A/cattle/Texas/24-008749-003/2024(H5N1)	217	231
PB2|PP755596.1|A/cattle/Texas/24-008749-003/2024(H5N1)	218	231
PB2|PP755596.1|A/cattle/Texas/24-008749-003/2024(H5N1)	219	230
PB2|PP755596.1|A/cattle/Texas/24-008749-003/2024(H5N1)	220	235
PB2|PP755596.1|A/cattle/Texas/24-008749-003/2024(H5N1)	221	237
PB2|PP755596.1|A/cattle/Texas/24-008749-003/2024(H5N1)	222	236
PB2|PP755596.1|A/cattle/Texas/24-008749-003/2024(H5N1)	223	218
PB2|PP755596.1|A/cattle/Texas/24-008749-003/2024(H5N1)	224	216
PB2|PP755596.1|A/cattle/Texas/24-008749-003/2024(H5N1)	225	216
PB2|PP755596.1|A/cattle/Texas/24-008749-003/2024(H5N1)	226	216
PB2|PP755596.1|A/cattle/Texas/24-008749-003/2024(H5N1)	227	216
PB2|PP755596.1|A/cattle/Texas/24-008749-003/2024(H5N1)	228	214
PB2|PP755596.1|A/cattle/Texas/24-008749-003/2024(H5N1)	229	214
PB2|PP755596.1|A/cattle/Texas/24-008749-003/2024(H5N1)	230	210
PB2|PP755596.1|A/cattle/Texas/24-008749-003/2024(H5N1)	231	210
PB2|PP755596.1|A/cattle/Texas/24-008749-003/2024(H5N1)	232	210
PB2|PP755596.1|A/cattle/Texas/24-008749-003/2024(H5N1)	233	211
PB2|PP755596.1|A/cattle/Texas/24-008749-003/2024(H5N1)	234	214
PB2|PP755596.1|A/cattle/Texas/24-008749-003/2024(H5N1)	235	215
PB2|PP755596.1|A/cattle/Texas/24-008749-003/2024(H5N1)	236	213
PB2|PP755596.1|A/cattle/Texas/24-008749-003/2024(H5N1)	237	215
PB2|PP755596.1|A/cattle/Texas/24-008749-003/2024(H5N1)	238	214
PB2|PP755596.1|A/cattle/Texas/24-008749-003/2024(H5N1)	239	221
PB2|PP755596.1|A/cattle/Texas/24-008749-003/2024(H5N1)	240	219
PB2|PP755596.1|A/cattle/Texas/24-008749-003/2024(H5N1)	241	219
PB2|PP755596.1|A/cattle/Texas/24-008749-003/2024(H5N1)	242	215
PB2|PP755596.1|A/cattle/Texas/24-008749-003/2024(H5N1)	243	220
PB2|PP755596.1|A/cattle/Texas/24-008749-003/2024(H5N1)	244	228
PB2|PP755596.1|A/cattle/Texas/24-008749-003/2024(H5N1)	245	236
PB2|PP755596.1|A/cattle/Texas/24-008749-003/2024(H5N1)	246	236
PB2|PP755596.1|A/cattle/Texas/24-008749-003/2024(H5N1)	247	232
PB2|PP755596.1|A/cattle/Texas/24-008749-003/2024(H5N1)	248	231
PB2|PP755596.1|A/cattle/Texas/24-008749-003/2024(H5N1)	249	232
PB2|PP755596.1|A/cattle/Texas/24-008749-003/2024(H5N1)	250	224
PB2|PP755596.1|A/cattle/Texas/24-008749-003/2024(H5N1)	251	240
PB2|PP755596.1|A/cattle/Texas/24-008749-003/2024(H5N1)	252	243
PB2|PP755596.1|A/cattle/Texas/24-008749-003/2024(H5N1)	253	243
PB2|PP755596.1|A/cattle/Texas/24-008749-003/2024(H5N1)	254	244
PB2|PP755596.1|A/cattle/Texas/24-008749-003/2024(H5N1)	255	245
PB2|PP755596.1|A/cattle/Texas/24-008749-003/2024(H5N1)	256	246
PB2|PP755596.1|A/cattle/Texas/24-008749-003/2024(H5N1)	257	244
PB2|PP755596.1|A/cattle/Texas/24-008749-003/2024(H5N1)	258	244
PB2|PP755596.1|A/cattle/Texas/24-008749-003/2024(H5N1)	259	246
PB2|PP755596.1|A/cattle/Texas/24-008749-003/2024(H5N1)	260	246
PB2|PP755596.1|A/cattle/Texas/24-008749-003/2024(H5N1)	261	246
PB2|PP755596.1|A/cattle/Texas/24-008749-003/2024(H5N1)	262	242
PB2|PP755596.1|A/cattle/Texas/24-008749-003/2024(H5N1)	263	241
PB2|PP755596.1|A/cattle/Texas/24-008749-003/2024(H5N1)	264	239
PB2|PP755596.1|A/cattle/Texas/24-008749-003/2024(H5N1)	265	240
PB2|PP755596.1|A/cattle/Texas/24-008749-003/2024(H5N1)	266	240
PB2|PP755596.1|A/cattle/Texas/24-008749-003/2024(H5N1)	267	240
PB2|PP755596.1|A/cattle/Texas/24-008749-003/2024(H5N1)	268	238
PB2|PP755596.1|A/cattle/Texas/24-008749-003/2024(H5N1)	269	236
PB2|PP755596.1|A/cattle/Texas/24-008749-003/2024(H5N1)	270	239
PB2|PP755596.1|A/cattle/Texas/24-008749-003/2024(H5N1)	271	249
PB2|PP755596.1|A/cattle/Texas/24-008749-003/2024(H5N1)	272	249
PB2|PP755596.1|A/cattle/Texas/24-008749-003/2024(H5N1)	273	246
PB2|PP755596.1|A/cattle/Texas/24-008749-003/2024(H5N1)	274	246
PB2|PP755596.1|A/cattle/Texas/24-008749-003/2024(H5N1)	275	241
PB2|PP755596.1|A/cattle/Texas/24-008749-003/2024(H5N1)	276	242
PB2|PP755596.1|A/cattle/Texas/24-008749-003/2024(H5N1)	277	252
PB2|PP755596.1|A/cattle/Texas/24-008749-003/2024(H5N1)	278	252
PB2|PP755596.1|A/cattle/Texas/24-008749-003/2024(H5N1)	279	250
PB2|PP755596.1|A/cattle/Texas/24-008749-003/2024(H5N1)	280	235
PB2|PP755596.1|A/cattle/Texas/24-008749-003/2024(H5N1)	281	233
PB2|PP755596.1|A/cattle/Texas/24-008749-003/2024(H5N1)	282	241
PB2|PP755596.1|A/cattle/Texas/24-008749-003/2024(H5N1)	283	240
PB2|PP755596.1|A/cattle/Texas/24-008749-003/2024(H5N1)	284	240
PB2|PP755596.1|A/cattle/Texas/24-008749-003/2024(H5N1)	285	240
PB2|PP755596.1|A/cattle/Texas/24-008749-003/2024(H5N1)	286	237
PB2|PP755596.1|A/cattle/Texas/24-008749-003/2024(H5N1)	287	237
PB2|PP755596.1|A/cattle/Texas/24-008749-003/2024(H5N1)	288	235
PB2|PP755596.1|A/cattle/Texas/24-008749-003/2024(H5N1)	289	235
PB2|PP755596.1|A/cattle/Texas/24-008749-003/2024(H5N1)	290	238
PB2|PP755596.1|A/cattle/Texas/24-008749-003/2024(H5N1)	291	229
PB2|PP755596.1|A/cattle/Texas/24-008749-003/2024(H5N1)	292	229
PB2|PP755596.1|A/cattle/Texas/24-008749-003/2024(H5N1)	293	228
PB2|PP755596.1|A/cattle/Texas/24-008749-003/2024(H5N1)	294	231
PB2|PP755596.1|A/cattle/Texas/24-008749-003/2024(H5N1)	295	242
PB2|PP755596.1|A/cattle/Texas/24-008749-003/2024(H5N1)	296	245
PB2|PP755596.1|A/cattle/Texas/24-008749-003/2024(H5N1)	297	248
PB2|PP755596.1|A/cattle/Texas/24-008749-003/2024(H5N1)	298	247
PB2|PP755596.1|A/cattle/Texas/24-008749-003/2024(H5N1)	299	247
PB2|PP755596.1|A/cattle/Texas/24-008749-003/2024(H5N1)	300	250
PB2|PP755596.1|A/cattle/Texas/24-008749-003/2024(H5N1)	301	250
PB2|PP755596.1|A/cattle/Texas/24-008749-003/2024(H5N1)	302	254
PB2|PP755596.1|A/cattle/Texas/24-008749-003/2024(H5N1)	303	256
PB2|PP755596.1|A/cattle/Texas/24-008749-003/2024(H5N1)	304	253
PB2|PP755596.1|A/cattle/Texas/24-008749-003/2024(H5N1)	305	254
PB2|PP755596.1|A/cattle/Texas/24-008749-003/2024(H5N1)	306	254
PB2|PP755596.1|A/cattle/Texas/24-008749-003/2024(H5N1)	307	254
PB2|PP755596.1|A/cattle/Texas/24-008749-003/2024(H5N1)	308	255
PB2|PP755596.1|A/cattle/Texas/24-008749-003/2024(H5N1)	309	255
PB2|PP755596.1|A/cattle/Texas/24-008749-003/2024(H5N1)	310	261
PB2|PP755596.1|A/cattle/Texas/24-008749-003/2024(H5N1)	311	255
PB2|PP755596.1|A/cattle/Texas/24-008749-003/2024(H5N1)	312	251
PB2|PP755596.1|A/cattle/Texas/24-008749-003/2024(H5N1)	313	251
PB2|PP755596.1|A/cattle/Texas/24-008749-003/2024(H5N1)	314	253
PB2|PP755596.1|A/cattle/Texas/24-008749-003/2024(H5N1)	315	254
PB2|PP755596.1|A/cattle/Texas/24-008749-003/2024(H5N1)	316	251
PB2|PP755596.1|A/cattle/Texas/24-008749-003/2024(H5N1)	317	252
PB2|PP755596.1|A/cattle/Texas/24-008749-003/2024(H5N1)	318	251
PB2|PP755596.1|A/cattle/Texas/24-008749-003/2024(H5N1)	319	251
PB2|PP755596.1|A/cattle/Texas/24-008749-003/2024(H5N1)	320	257
PB2|PP755596.1|A/cattle/Texas/24-008749-003/2024(H5N1)	321	257
PB2|PP755596.1|A/cattle/Texas/24-008749-003/2024(H5N1)	322	260
PB2|PP755596.1|A/cattle/Texas/24-008749-003/2024(H5N1)	323	258
PB2|PP755596.1|A/cattle/Texas/24-008749-003/2024(H5N1)	324	256
PB2|PP755596.1|A/cattle/Texas/24-008749-003/2024(H5N1)	325	257
PB2|PP755596.1|A/cattle/Texas/24-008749-003/2024(H5N1)	326	257
PB2|PP755596.1|A/cattle/Texas/24-008749-003/2024(H5N1)	327	257
PB2|PP755596.1|A/cattle/Texas/24-008749-003/2024(H5N1)	328	255
PB2|PP755596.1|A/cattle/Texas/24-008749-003/2024(H5N1)	329	253
PB2|PP755596.1|A/cattle/Texas/24-008749-003/2024(H5N1)	330	256
PB2|PP755596.1|A/cattle/Texas/24-008749-003/2024(H5N1)	331	255
PB2|PP755596.1|A/cattle/Texas/24-008749-003/2024(H5N1)	332	277
PB2|PP755596.1|A/cattle/Texas/24-008749-003/2024(H5N1)	333	279
PB2|PP755596.1|A/cattle/Texas/24-008749-003/2024(H5N1)	334	277
PB2|PP755596.1|A/cattle/Texas/24-008749-003/2024(H5N1)	335	277
PB2|PP755596.1|A/cattle/Texas/24-008749-003/2024(H5N1)	336	276
PB2|PP755596.1|A/cattle/Texas/24-008749-003/2024(H5N1)	337	276
PB2|PP755596.1|A/cattle/Texas/24-008749-003/2024(H5N1)	338	276
PB2|PP755596.1|A/cattle/Texas/24-008749-003/2024(H5N1)	339	285
PB2|PP755596.1|A/cattle/Texas/24-008749-003/2024(H5N1)	340	293
PB2|PP755596.1|A/cattle/Texas/24-008749-003/2024(H5N1)	341	280
PB2|PP755596.1|A/cattle/Texas/24-008749-003/2024(H5N1)	342	279
PB2|PP755596.1|A/cattle/Texas/24-008749-003/2024(H5N1)	343	279
PB2|PP755596.1|A/cattle/Texas/24-008749-003/2024(H5N1)	344	280
PB2|PP755596.1|A/cattle/Texas/24-008749-003/2024(H5N1)	345	279
PB2|PP755596.1|A/cattle/Texas/24-008749-003/2024(H5N1)	346	277
PB2|PP755596.1|A/cattle/Texas/24-008749-003/2024(H5N1)	347	278
PB2|PP755596.1|A/cattle/Texas/24-008749-003/2024(H5N1)	348	273
PB2|PP755596.1|A/cattle/Texas/24-008749-003/2024(H5N1)	349	268
PB2|PP755596.1|A/cattle/Texas/24-008749-003/2024(H5N1)	350	268
PB2|PP755596.1|A/cattle/Texas/24-008749-003/2024(H5N1)	351	272
PB2|PP755596.1|A/cattle/Texas/24-008749-003/2024(H5N1)	352	272
PB2|PP755596.1|A/cattle/Texas/24-008749-003/2024(H5N1)	353	272
PB2|PP755596.1|A/cattle/Texas/24-008749-003/2024(H5N1)	354	272
PB2|PP755596.1|A/cattle/Texas/24-008749-003/2024(H5N1)	355	272
PB2|PP755596.1|A/cattle/Texas/24-008749-003/2024(H5N1)	356	271
PB2|PP755596.1|A/cattle/Texas/24-008749-003/2024(H5N1)	357	270
PB2|PP755596.1|A/cattle/Texas/24-008749-003/2024(H5N1)	358	269
PB2|PP755596.1|A/cattle/Texas/24-008749-003/2024(H5N1)	359	269
PB2|PP755596.1|A/cattle/Texas/24-008749-003/2024(H5N1)	360	267
PB2|PP755596.1|A/cattle/Texas/24-008749-003/2024(H5N1)	361	266
PB2|PP755596.1|A/cattle/Texas/24-008749-003/2024(H5N1)	362	266
PB2|PP755596.1|A/cattle/Texas/24-008749-003/2024(H5N1)	363	267
PB2|PP755596.1|A/cattle/Texas/24-008749-003/2024(H5N1)	364	273
PB2|PP755596.1|A/cattle/Texas/24-008749-003/2024(H5N1)	365	268
PB2|PP755596.1|A/cattle/Texas/24-008749-003/2024(H5N1)	366	268
PB2|PP755596.1|A/cattle/Texas/24-008749-003/2024(H5N1)	367	268
PB2|PP755596.1|A/cattle/Texas/24-008749-003/2024(H5N1)	368	268
PB2|PP755596.1|A/cattle/Texas/24-008749-003/2024(H5N1)	369	268
PB2|PP755596.1|A/cattle/Texas/24-008749-003/2024(H5N1)	370	267
PB2|PP755596.1|A/cattle/Texas/24-008749-003/2024(H5N1)	371	265
PB2|PP755596.1|A/cattle/Texas/24-008749-003/2024(H5N1)	372	263
PB2|PP755596.1|A/cattle/Texas/24-008749-003/2024(H5N1)	373	264
PB2|PP755596.1|A/cattle/Texas/24-008749-003/2024(H5N1)	374	265
PB2|PP755596.1|A/cattle/Texas/24-008749-003/2024(H5N1)	375	265
PB2|PP755596.1|A/cattle/Texas/24-008749-003/2024(H5N1)	376	267
PB2|PP755596.1|A/cattle/Texas/24-008749-003/2024(H5N1)	377	266
PB2|PP755596.1|A/cattle/Texas/24-008749-003/2024(H5N1)	378	266
PB2|PP755596.1|A/cattle/Texas/24-008749-003/2024(H5N1)	379	266
PB2|PP755596.1|A/cattle/Texas/24-008749-003/2024(H5N1)	380	262
PB2|PP755596.1|A/cattle/Texas/24-008749-003/2024(H5N1)	381	266
PB2|PP755596.1|A/cattle/Texas/24-008749-003/2024(H5N1)	382	263
PB2|PP755596.1|A/cattle/Texas/24-008749-003/2024(H5N1)	383	264
PB2|PP755596.1|A/cattle/Texas/24-008749-003/2024(H5N1)	384	263
PB2|PP755596.1|A/cattle/Texas/24-008749-003/2024(H5N1)	385	261
PB2|PP755596.1|A/cattle/Texas/24-008749-003/2024(H5N1)	386	274
PB2|PP755596.1|A/cattle/Texas/24-008749-003/2024(H5N1)	387	278
PB2|PP755596.1|A/cattle/Texas/24-008749-003/2024(H5N1)	388	277
PB2|PP755596.1|A/cattle/Texas/24-008749-003/2024(H5N1)	389	279
PB2|PP755596.1|A/cattle/Texas/24-008749-003/2024(H5N1)	390	273
PB2|PP755596.1|A/cattle/Texas/24-008749-003/2024(H5N1)	391	276
PB2|PP755596.1|A/cattle/Texas/24-008749-003/2024(H5N1)	392	292
PB2|PP755596.1|A/cattle/Texas/24-008749-003/2024(H5N1)	393	292
PB2|PP755596.1|A/cattle/Texas/24-008749-003/2024(H5N1)	394	285
PB2|PP755596.1|A/cattle/Texas/24-008749-003/2024(H5N1)	395	276
PB2|PP755596.1|A/cattle/Texas/24-008749-003/2024(H5N1)	396	266
PB2|PP755596.1|A/cattle/Texas/24-008749-003/2024(H5N1)	397	275
PB2|PP755596.1|A/cattle/Texas/24-008749-003/2024(H5N1)	398	275
PB2|PP755596.1|A/cattle/Texas/24-008749-003/2024(H5N1)	399	275
PB2|PP755596.1|A/cattle/Texas/24-008749-003/2024(H5N1)	400	274
PB2|PP755596.1|A/cattle/Texas/24-008749-003/2024(H5N1)	401	259
PB2|PP755596.1|A/cattle/Texas/24-008749-003/2024(H5N1)	402	265
PB2|PP755596.1|A/cattle/Texas/24-008749-003/2024(H5N1)	403	261
PB2|PP755596.1|A/cattle/Texas/24-008749-003/2024(H5N1)	404	261
PB2|PP755596.1|A/cattle/Texas/24-008749-003/2024(H5N1)	405	261
PB2|PP755596.1|A/cattle/Texas/24-008749-003/2024(H5N1)	406	252
PB2|PP755596.1|A/cattle/Texas/24-008749-003/2024(H5N1)	407	254
PB2|PP755596.1|A/cattle/Texas/24-008749-003/2024(H5N1)	408	254
PB2|PP755596.1|A/cattle/Texas/24-008749-003/2024(H5N1)	409	255
PB2|PP755596.1|A/cattle/Texas/24-008749-003/2024(H5N1)	410	253
PB2|PP755596.1|A/cattle/Texas/24-008749-003/2024(H5N1)	411	254
PB2|PP755596.1|A/cattle/Texas/24-008749-003/2024(H5N1)	412	253
PB2|PP755596.1|A/cattle/Texas/24-008749-003/2024(H5N1)	413	253
PB2|PP755596.1|A/cattle/Texas/24-008749-003/2024(H5N1)	414	255
PB2|PP755596.1|A/cattle/Texas/24-008749-003/2024(H5N1)	415	254
PB2|PP755596.1|A/cattle/Texas/24-008749-003/2024(H5N1)	416	253
PB2|PP755596.1|A/cattle/Texas/24-008749-003/2024(H5N1)	417	253
PB2|PP755596.1|A/cattle/Texas/24-008749-003/2024(H5N1)	418	253
PB2|PP755596.1|A/cattle/Texas/24-008749-003/2024(H5N1)	419	251
PB2|PP755596.1|A/cattle/Texas/24-008749-003/2024(H5N1)	420	253
PB2|PP755596.1|A/cattle/Texas/24-008749-003/2024(H5N1)	421	252
PB2|PP755596.1|A/cattle/Texas/24-008749-003/2024(H5N1)	422	246
PB2|PP755596.1|A/cattle/Texas/24-008749-003/2024(H5N1)	423	244
PB2|PP755596.1|A/cattle/Texas/24-008749-003/2024(H5N1)	424	244
PB2|PP755596.1|A/cattle/Texas/24-008749-003/2024(H5N1)	425	246
PB2|PP755596.1|A/cattle/Texas/24-008749-003/2024(H5N1)	426	246
PB2|PP755596.1|A/cattle/Texas/24-008749-003/2024(H5N1)	427	239
PB2|PP755596.1|A/cattle/Texas/24-008749-003/2024(H5N1)	428	234
PB2|PP755596.1|A/cattle/Texas/24-008749-003/2024(H5N1)	429	234
PB2|PP755596.1|A/cattle/Texas/24-008749-003/2024(H5N1)	430	234
PB2|PP755596.1|A/cattle/Texas/24-008749-003/2024(H5N1)	431	234
PB2|PP755596.1|A/cattle/Texas/24-008749-003/2024(H5N1)	432	235
PB2|PP755596.1|A/cattle/Texas/24-008749-003/2024(H5N1)	433	229
PB2|PP755596.1|A/cattle/Texas/24-008749-003/2024(H5N1)	434	229
PB2|PP755596.1|A/cattle/Texas/24-008749-003/2024(H5N1)	435	242
PB2|PP755596.1|A/cattle/Texas/24-008749-003/2024(H5N1)	436	242
PB2|PP755596.1|A/cattle/Texas/24-008749-003/2024(H5N1)	437	272
PB2|PP755596.1|A/cattle/Texas/24-008749-003/2024(H5N1)	438	272
PB2|PP755596.1|A/cattle/Texas/24-008749-003/2024(H5N1)	439	272
PB2|PP755596.1|A/cattle/Texas/24-008749-003/2024(H5N1)	440	272
PB2|PP755596.1|A/cattle/Texas/24-008749-003/2024(H5N1)	441	268
PB2|PP755596.1|A/cattle/Texas/24-008749-003/2024(H5N1)	442	268
PB2|PP755596.1|A/cattle/Texas/24-008749-003/2024(H5N1)	443	267
PB2|PP755596.1|A/cattle/Texas/24-008749-003/2024(H5N1)	444	265
PB2|PP755596.1|A/cattle/Texas/24-008749-003/2024(H5N1)	445	265
PB2|PP755596.1|A/cattle/Texas/24-008749-003/2024(H5N1)	446	250
PB2|PP755596.1|A/cattle/Texas/24-008749-003/2024(H5N1)	447	253
PB2|PP755596.1|A/cattle/Texas/24-008749-003/2024(H5N1)	448	250
PB2|PP755596.1|A/cattle/Texas/24-008749-003/2024(H5N1)	449	251
PB2|PP755596.1|A/cattle/Texas/24-008749-003/2024(H5N1)	450	251
PB2|PP755596.1|A/cattle/Texas/24-008749-003/2024(H5N1)	451	248
PB2|PP755596.1|A/cattle/Texas/24-008749-003/2024(H5N1)	452	268
PB2|PP755596.1|A/cattle/Texas/24-008749-003/2024(H5N1)	453	264
PB2|PP755596.1|A/cattle/Texas/24-008749-003/2024(H5N1)	454	270
PB2|PP755596.1|A/cattle/Texas/24-008749-003/2024(H5N1)	455	271
PB2|PP755596.1|A/cattle/Texas/24-008749-003/2024(H5N1)	456	275
PB2|PP755596.1|A/cattle/Texas/24-008749-003/2024(H5N1)	457	278
PB2|PP755596.1|A/cattle/Texas/24-008749-003/2024(H5N1)	458	286
PB2|PP755596.1|A/cattle/Texas/24-008749-003/2024(H5N1)	459	288
PB2|PP755596.1|A/cattle/Texas/24-008749-003/2024(H5N1)	460	288
PB2|PP755596.1|A/cattle/Texas/24-008749-003/2024(H5N1)	461	280
PB2|PP755596.1|A/cattle/Texas/24-008749-003/2024(H5N1)	462	280
PB2|PP755596.1|A/cattle/Texas/24-008749-003/2024(H5N1)	463	278
PB2|PP755596.1|A/cattle/Texas/24-008749-003/2024(H5N1)	464	279
PB2|PP755596.1|A/cattle/Texas/24-008749-003/2024(H5N1)	465	288
PB2|PP755596.1|A/cattle/Texas/24-008749-003/2024(H5N1)	466	287
PB2|PP755596.1|A/cattle/Texas/24-008749-003/2024(H5N1)	467	287
PB2|PP755596.1|A/cattle/Texas/24-008749-003/2024(H5N1)	468	288
PB2|PP755596.1|A/cattle/Texas/24-008749-003/2024(H5N1)	469	288
PB2|PP755596.1|A/cattle/Texas/24-008749-003/2024(H5N1)	470	291
PB2|PP755596.1|A/cattle/Texas/24-008749-003/2024(H5N1)	471	288
PB2|PP755596.1|A/cattle/Texas/24-008749-003/2024(H5N1)	472	288
PB2|PP755596.1|A/cattle/Texas/24-008749-003/2024(H5N1)	473	286
PB2|PP755596.1|A/cattle/Texas/24-008749-003/2024(H5N1)	474	292
PB2|PP755596.1|A/cattle/Texas/24-008749-003/2024(H5N1)	475	296
PB2|PP755596.1|A/cattle/Texas/24-008749-003/2024(H5N1)	476	299
PB2|PP755596.1|A/cattle/Texas/24-008749-003/2024(H5N1)	477	299
PB2|PP755596.1|A/cattle/Texas/24-008749-003/2024(H5N1)	478	299
PB2|PP755596.1|A/cattle/Texas/24-008749-003/2024(H5N1)	479	299
PB2|PP755596.1|A/cattle/Texas/24-008749-003/2024(H5N1)	480	317
PB2|PP755596.1|A/cattle/Texas/24-008749-003/2024(H5N1)	481	313
PB2|PP755596.1|A/cattle/Texas/24-008749-003/2024(H5N1)	482	318
PB2|PP755596.1|A/cattle/Texas/24-008749-003/2024(H5N1)	483	299
PB2|PP755596.1|A/cattle/Texas/24-008749-003/2024(H5N1)	484	297
PB2|PP755596.1|A/cattle/Texas/24-008749-003/2024(H5N1)	485	299
PB2|PP755596.1|A/cattle/Texas/24-008749-003/2024(H5N1)	486	300
PB2|PP755596.1|A/cattle/Texas/24-008749-003/2024(H5N1)	487	300
PB2|PP755596.1|A/cattle/Texas/24-008749-003/2024(H5N1)	488	302
PB2|PP755596.1|A/cattle/Texas/24-008749-003/2024(H5N1)	489	289
PB2|PP755596.1|A/cattle/Texas/24-008749-003/2024(H5N1)	490	287
PB2|PP755596.1|A/cattle/Texas/24-008749-003/2024(H5N1)	491	288
PB2|PP755596.1|A/cattle/Texas/24-008749-003/2024(H5N1)	492	291
PB2|PP755596.1|A/cattle/Texas/24-008749-003/2024(H5N1)	493	292
PB2|PP755596.1|A/cattle/Texas/24-008749-003/2024(H5N1)	494	292
PB2|PP755596.1|A/cattle/Texas/24-008749-003/2024(H5N1)	495	292
PB2|PP755596.1|A/cattle/Texas/24-008749-003/2024(H5N1)	496	292
PB2|PP755596.1|A/cattle/Texas/24-008749-003/2024(H5N1)	497	293
PB2|PP755596.1|A/cattle/Texas/24-008749-003/2024(H5N1)	498	292
PB2|PP755596.1|A/cattle/Texas/24-008749-003/2024(H5N1)	499	292
PB2|PP755596.1|A/cattle/Texas/24-008749-003/2024(H5N1)	500	299
PB2|PP755596.1|A/cattle/Texas/24-008749-003/2024(H5N1)	501	300
PB2|PP755596.1|A/cattle/Texas/24-008749-003/2024(H5N1)	502	296
PB2|PP755596.1|A/cattle/Texas/24-008749-003/2024(H5N1)	503	296
PB2|PP755596.1|A/cattle/Texas/24-008749-003/2024(H5N1)	504	296
PB2|PP755596.1|A/cattle/Texas/24-008749-003/2024(H5N1)	505	296
PB2|PP755596.1|A/cattle/Texas/24-008749-003/2024(H5N1)	506	296
PB2|PP755596.1|A/cattle/Texas/24-008749-003/2024(H5N1)	507	296
PB2|PP755596.1|A/cattle/Texas/24-008749-003/2024(H5N1)	508	298
PB2|PP755596.1|A/cattle/Texas/24-008749-003/2024(H5N1)	509	298
PB2|PP755596.1|A/cattle/Texas/24-008749-003/2024(H5N1)	510	299
PB2|PP755596.1|A/cattle/Texas/24-008749-003/2024(H5N1)	511	300
PB2|PP755596.1|A/cattle/Texas/24-008749-003/2024(H5N1)	512	304
PB2|PP755596.1|A/cattle/Texas/24-008749-003/2024(H5N1)	513	303
PB2|PP755596.1|A/cattle/Texas/24-008749-003/2024(H5N1)	514	302
PB2|PP755596.1|A/cattle/Texas/24-008749-003/2024(H5N1)	515	298
PB2|PP755596.1|A/cattle/Texas/24-008749-003/2024(H5N1)	516	298
PB2|PP755596.1|A/cattle/Texas/24-008749-003/2024(H5N1)	517	298
PB2|PP755596.1|A/cattle/Texas/24-008749-003/2024(H5N1)	518	299
PB2|PP755596.1|A/cattle/Texas/24-008749-003/2024(H5N1)	519	299
PB2|PP755596.1|A/cattle/Texas/24-008749-003/2024(H5N1)	520	299
PB2|PP755596.1|A/cattle/Texas/24-008749-003/2024(H5N1)	521	298
PB2|PP755596.1|A/cattle/Texas/24-008749-003/2024(H5N1)	522	297
PB2|PP755596.1|A/cattle/Texas/24-008749-003/2024(H5N1)	523	298
PB2|PP755596.1|A/cattle/Texas/24-008749-003/2024(H5N1)	524	303
PB2|PP755596.1|A/cattle/Texas/24-008749-003/2024(H5N1)	525	302
PB2|PP755596.1|A/cattle/Texas/24-008749-003/2024(H5N1)	526	306
PB2|PP755596.1|A/cattle/Texas/24-008749-003/2024(H5N1)	527	306
PB2|PP755596.1|A/cattle/Texas/24-008749-003/2024(H5N1)	528	306
PB2|PP755596.1|A/cattle/Texas/24-008749-003/2024(H5N1)	529	304
PB2|PP755596.1|A/cattle/Texas/24-008749-003/2024(H5N1)	530	303
PB2|PP755596.1|A/cattle/Texas/24-008749-003/2024(H5N1)	531	304
PB2|PP755596.1|A/cattle/Texas/24-008749-003/2024(H5N1)	532	301
PB2|PP755596.1|A/cattle/Texas/24-008749-003/2024(H5N1)	533	301
PB2|PP755596.1|A/cattle/Texas/24-008749-003/2024(H5N1)	534	301
PB2|PP755596.1|A/cattle/Texas/24-008749-003/2024(H5N1)	535	303
PB2|PP755596.1|A/cattle/Texas/24-008749-003/2024(H5N1)	536	294
PB2|PP755596.1|A/cattle/Texas/24-008749-003/2024(H5N1)	537	294
PB2|PP755596.1|A/cattle/Texas/24-008749-003/2024(H5N1)	538	294
PB2|PP755596.1|A/cattle/Texas/24-008749-003/2024(H5N1)	539	301
PB2|PP755596.1|A/cattle/Texas/24-008749-003/2024(H5N1)	540	299
PB2|PP755596.1|A/cattle/Texas/24-008749-003/2024(H5N1)	541	311
PB2|PP755596.1|A/cattle/Texas/24-008749-003/2024(H5N1)	542	292
PB2|PP755596.1|A/cattle/Texas/24-008749-003/2024(H5N1)	543	292
PB2|PP755596.1|A/cattle/Texas/24-008749-003/2024(H5N1)	544	290
PB2|PP755596.1|A/cattle/Texas/24-008749-003/2024(H5N1)	545	290
PB2|PP755596.1|A/cattle/Texas/24-008749-003/2024(H5N1)	546	296
PB2|PP755596.1|A/cattle/Texas/24-008749-003/2024(H5N1)	547	294
PB2|PP755596.1|A/cattle/Texas/24-008749-003/2024(H5N1)	548	284
PB2|PP755596.1|A/cattle/Texas/24-008749-003/2024(H5N1)	549	286
PB2|PP755596.1|A/cattle/Texas/24-008749-003/2024(H5N1)	550	288
PB2|PP755596.1|A/cattle/Texas/24-008749-003/2024(H5N1)	551	288
PB2|PP755596.1|A/cattle/Texas/24-008749-003/2024(H5N1)	552	287
PB2|PP755596.1|A/cattle/Texas/24-008749-003/2024(H5N1)	553	279
PB2|PP755596.1|A/cattle/Texas/24-008749-003/2024(H5N1)	554	283
PB2|PP755596.1|A/cattle/Texas/24-008749-003/2024(H5N1)	555	283
PB2|PP755596.1|A/cattle/Texas/24-008749-003/2024(H5N1)	556	283
PB2|PP755596.1|A/cattle/Texas/24-008749-003/2024(H5N1)	557	281
PB2|PP755596.1|A/cattle/Texas/24-008749-003/2024(H5N1)	558	280
PB2|PP755596.1|A/cattle/Texas/24-008749-003/2024(H5N1)	559	280
PB2|PP755596.1|A/cattle/Texas/24-008749-003/2024(H5N1)	560	278
PB2|PP755596.1|A/cattle/Texas/24-008749-003/2024(H5N1)	561	281
PB2|PP755596.1|A/cattle/Texas/24-008749-003/2024(H5N1)	562	281
PB2|PP755596.1|A/cattle/Texas/24-008749-003/2024(H5N1)	563	279
PB2|PP755596.1|A/cattle/Texas/24-008749-003/2024(H5N1)	564	278
PB2|PP755596.1|A/cattle/Texas/24-008749-003/2024(H5N1)	565	275
PB2|PP755596.1|A/cattle/Texas/24-008749-003/2024(H5N1)	566	276
PB2|PP755596.1|A/cattle/Texas/24-008749-003/2024(H5N1)	567	276
PB2|PP755596.1|A/cattle/Texas/24-008749-003/2024(H5N1)	568	280
PB2|PP755596.1|A/cattle/Texas/24-008749-003/2024(H5N1)	569	280
PB2|PP755596.1|A/cattle/Texas/24-008749-003/2024(H5N1)	570	278
PB2|PP755596.1|A/cattle/Texas/24-008749-003/2024(H5N1)	571	277
PB2|PP755596.1|A/cattle/Texas/24-008749-003/2024(H5N1)	572	279
PB2|PP755596.1|A/cattle/Texas/24-008749-003/2024(H5N1)	573	279
PB2|PP755596.1|A/cattle/Texas/24-008749-003/2024(H5N1)	574	280
PB2|PP755596.1|A/cattle/Texas/24-008749-003/2024(H5N1)	575	283
PB2|PP755596.1|A/cattle/Texas/24-008749-003/2024(H5N1)	576	281
PB2|PP755596.1|A/cattle/Texas/24-008749-003/2024(H5N1)	577	304
PB2|PP755596.1|A/cattle/Texas/24-008749-003/2024(H5N1)	578	304
PB2|PP755596.1|A/cattle/Texas/24-008749-003/2024(H5N1)	579	312
PB2|PP755596.1|A/cattle/Texas/24-008749-003/2024(H5N1)	580	312
PB2|PP755596.1|A/cattle/Texas/24-008749-003/2024(H5N1)	581	312
PB2|PP755596.1|A/cattle/Texas/24-008749-003/2024(H5N1)	582	313
PB2|PP755596.1|A/cattle/Texas/24-008749-003/2024(H5N1)	583	310
PB2|PP755596.1|A/cattle/Texas/24-008749-003/2024(H5N1)	584	325
PB2|PP755596.1|A/cattle/Texas/24-008749-003/2024(H5N1)	585	307
PB2|PP755596.1|A/cattle/Texas/24-008749-003/2024(H5N1)	586	284
PB2|PP755596.1|A/cattle/Texas/24-008749-003/2024(H5N1)	587	283
PB2|PP755596.1|A/cattle/Texas/24-008749-003/2024(H5N1)	588	288
PB2|PP755596.1|A/cattle/Texas/24-008749-003/2024(H5N1)	589	288
PB2|PP755596.1|A/cattle/Texas/24-008749-003/2024(H5N1)	590	288
PB2|PP755596.1|A/cattle/Texas/24-008749-003/2024(H5N1)	591	284
PB2|PP755596.1|A/cattle/Texas/24-008749-003/2024(H5N1)	592	287
PB2|PP755596.1|A/cattle/Texas/24-008749-003/2024(H5N1)	593	286
PB2|PP755596.1|A/cattle/Texas/24-008749-003/2024(H5N1)	594	285
PB2|PP755596.1|A/cattle/Texas/24-008749-003/2024(H5N1)	595	285
PB2|PP755596.1|A/cattle/Texas/24-008749-003/2024(H5N1)	596	285
PB2|PP755596.1|A/cattle/Texas/24-008749-003/2024(H5N1)	597	282
PB2|PP755596.1|A/cattle/Texas/24-008749-003/2024(H5N1)	598	288
PB2|PP755596.1|A/cattle/Texas/24-008749-003/2024(H5N1)	599	289
PB2|PP755596.1|A/cattle/Texas/24-008749-003/2024(H5N1)	600	299
PB2|PP755596.1|A/cattle/Texas/24-008749-003/2024(H5N1)	601	278
PB2|PP755596.1|A/cattle/Texas/24-008749-003/2024(H5N1)	602	278
PB2|PP755596.1|A/cattle/Texas/24-008749-003/2024(H5N1)	603	278
PB2|PP755596.1|A/cattle/Texas/24-008749-003/2024(H5N1)	604	284
PB2|PP755596.1|A/cattle/Texas/24-008749-003/2024(H5N1)	605	279
PB2|PP755596.1|A/cattle/Texas/24-008749-003/2024(H5N1)	606	279
PB2|PP755596.1|A/cattle/Texas/24-008749-003/2024(H5N1)	607	284
PB2|PP755596.1|A/cattle/Texas/24-008749-003/2024(H5N1)	608	285
PB2|PP755596.1|A/cattle/Texas/24-008749-003/2024(H5N1)	609	279
PB2|PP755596.1|A/cattle/Texas/24-008749-003/2024(H5N1)	610	278
PB2|PP755596.1|A/cattle/Texas/24-008749-003/2024(H5N1)	611	278
PB2|PP755596.1|A/cattle/Texas/24-008749-003/2024(H5N1)	612	278
PB2|PP755596.1|A/cattle/Texas/24-008749-003/2024(H5N1)	613	279
PB2|PP755596.1|A/cattle/Texas/24-008749-003/2024(H5N1)	614	278
PB2|PP755596.1|A/cattle/Texas/24-008749-003/2024(H5N1)	615	277
PB2|PP755596.1|A/cattle/Texas/24-008749-003/2024(H5N1)	616	264
PB2|PP755596.1|A/cattle/Texas/24-008749-003/2024(H5N1)	617	262
PB2|PP755596.1|A/cattle/Texas/24-008749-003/2024(H5N1)	618	264
PB2|PP755596.1|A/cattle/Texas/24-008749-003/2024(H5N1)	619	276
PB2|PP755596.1|A/cattle/Texas/24-008749-003/2024(H5N1)	620	275
PB2|PP755596.1|A/cattle/Texas/24-008749-003/2024(H5N1)	621	272
PB2|PP755596.1|A/cattle/Texas/24-008749-003/2024(H5N1)	622	273
PB2|PP755596.1|A/cattle/Texas/24-008749-003/2024(H5N1)	623	277
PB2|PP755596.1|A/cattle/Texas/24-008749-003/2024(H5N1)	624	284
PB2|PP755596.1|A/cattle/Texas/24-008749-003/2024(H5N1)	625	279
PB2|PP755596.1|A/cattle/Texas/24-008749-003/2024(H5N1)	626	276
PB2|PP755596.1|A/cattle/Texas/24-008749-003/2024(H5N1)	627	274
PB2|PP755596.1|A/cattle/Texas/24-008749-003/2024(H5N1)	628	276
PB2|PP755596.1|A/cattle/Texas/24-008749-003/2024(H5N1)	629	277
PB2|PP755596.1|A/cattle/Texas/24-008749-003/2024(H5N1)	630	276
PB2|PP755596.1|A/cattle/Texas/24-008749-003/2024(H5N1)	631	260
PB2|PP755596.1|A/cattle/Texas/24-008749-003/2024(H5N1)	632	257
PB2|PP755596.1|A/cattle/Texas/24-008749-003/2024(H5N1)	633	256
PB2|PP755596.1|A/cattle/Texas/24-008749-003/2024(H5N1)	634	257
PB2|PP755596.1|A/cattle/Texas/24-008749-003/2024(H5N1)	635	256
PB2|PP755596.1|A/cattle/Texas/24-008749-003/2024(H5N1)	636	256
PB2|PP755596.1|A/cattle/Texas/24-008749-003/2024(H5N1)	637	256
PB2|PP755596.1|A/cattle/Texas/24-008749-003/2024(H5N1)	638	256
PB2|PP755596.1|A/cattle/Texas/24-008749-003/2024(H5N1)	639	253
PB2|PP755596.1|A/cattle/Texas/24-008749-003/2024(H5N1)	640	254
PB2|PP755596.1|A/cattle/Texas/24-008749-003/2024(H5N1)	641	262
PB2|PP755596.1|A/cattle/Texas/24-008749-003/2024(H5N1)	642	260
PB2|PP755596.1|A/cattle/Texas/24-008749-003/2024(H5N1)	643	259
PB2|PP755596.1|A/cattle/Texas/24-008749-003/2024(H5N1)	644	258
PB2|PP755596.1|A/cattle/Texas/24-008749-003/2024(H5N1)	645	260
PB2|PP755596.1|A/cattle/Texas/24-008749-003/2024(H5N1)	646	262
PB2|PP755596.1|A/cattle/Texas/24-008749-003/2024(H5N1)	647	262
PB2|PP755596.1|A/cattle/Texas/24-008749-003/2024(H5N1)	648	265
PB2|PP755596.1|A/cattle/Texas/24-008749-003/2024(H5N1)	649	267
PB2|PP755596.1|A/cattle/Texas/24-008749-003/2024(H5N1)	650	265
PB2|PP755596.1|A/cattle/Texas/24-008749-003/2024(H5N1)	651	266
PB2|PP755596.1|A/cattle/Texas/24-008749-003/2024(H5N1)	652	265
PB2|PP755596.1|A/cattle/Texas/24-008749-003/2024(H5N1)	653	266
PB2|PP755596.1|A/cattle/Texas/24-008749-003/2024(H5N1)	654	267
PB2|PP755596.1|A/cattle/Texas/24-008749-003/2024(H5N1)	655	267
PB2|PP755596.1|A/cattle/Texas/24-008749-003/2024(H5N1)	656	267
PB2|PP755596.1|A/cattle/Texas/24-008749-003/2024(H5N1)	657	266
PB2|PP755596.1|A/cattle/Texas/24-008749-003/2024(H5N1)	658	268
PB2|PP755596.1|A/cattle/Texas/24-008749-003/2024(H5N1)	659	268
PB2|PP755596.1|A/cattle/Texas/24-008749-003/2024(H5N1)	660	268
PB2|PP755596.1|A/cattle/Texas/24-008749-003/2024(H5N1)	661	268
PB2|PP755596.1|A/cattle/Texas/24-008749-003/2024(H5N1)	662	262
PB2|PP755596.1|A/cattle/Texas/24-008749-003/2024(H5N1)	663	263
PB2|PP755596.1|A/cattle/Texas/24-008749-003/2024(H5N1)	664	265
PB2|PP755596.1|A/cattle/Texas/24-008749-003/2024(H5N1)	665	264
PB2|PP755596.1|A/cattle/Texas/24-008749-003/2024(H5N1)	666	264
PB2|PP755596.1|A/cattle/Texas/24-008749-003/2024(H5N1)	667	264
PB2|PP755596.1|A/cattle/Texas/24-008749-003/2024(H5N1)	668	264
PB2|PP755596.1|A/cattle/Texas/24-008749-003/2024(H5N1)	669	265
PB2|PP755596.1|A/cattle/Texas/24-008749-003/2024(H5N1)	670	267
PB2|PP755596.1|A/cattle/Texas/24-008749-003/2024(H5N1)	671	269
PB2|PP755596.1|A/cattle/Texas/24-008749-003/2024(H5N1)	672	271
PB2|PP755596.1|A/cattle/Texas/24-008749-003/2024(H5N1)	673	271
PB2|PP755596.1|A/cattle/Texas/24-008749-003/2024(H5N1)	674	274
PB2|PP755596.1|A/cattle/Texas/24-008749-003/2024(H5N1)	675	270
PB2|PP755596.1|A/cattle/Texas/24-008749-003/2024(H5N1)	676	270
PB2|PP755596.1|A/cattle/Texas/24-008749-003/2024(H5N1)	677	276
PB2|PP755596.1|A/cattle/Texas/24-008749-003/2024(H5N1)	678	283
PB2|PP755596.1|A/cattle/Texas/24-008749-003/2024(H5N1)	679	294
PB2|PP755596.1|A/cattle/Texas/24-008749-003/2024(H5N1)	680	294
PB2|PP755596.1|A/cattle/Texas/24-008749-003/2024(H5N1)	681	294
PB2|PP755596.1|A/cattle/Texas/24-008749-003/2024(H5N1)	682	294
PB2|PP755596.1|A/cattle/Texas/24-008749-003/2024(H5N1)	683	310
PB2|PP755596.1|A/cattle/Texas/24-008749-003/2024(H5N1)	684	309
PB2|PP755596.1|A/cattle/Texas/24-008749-003/2024(H5N1)	685	310
PB2|PP755596.1|A/cattle/Texas/24-008749-003/2024(H5N1)	686	307
PB2|PP755596.1|A/cattle/Texas/24-008749-003/2024(H5N1)	687	303
PB2|PP755596.1|A/cattle/Texas/24-008749-003/2024(H5N1)	688	299
PB2|PP755596.1|A/cattle/Texas/24-008749-003/2024(H5N1)	689	290
PB2|PP755596.1|A/cattle/Texas/24-008749-003/2024(H5N1)	690	289
PB2|PP755596.1|A/cattle/Texas/24-008749-003/2024(H5N1)	691	292
PB2|PP755596.1|A/cattle/Texas/24-008749-003/2024(H5N1)	692	283
PB2|PP755596.1|A/cattle/Texas/24-008749-003/2024(H5N1)	693	283
PB2|PP755596.1|A/cattle/Texas/24-008749-003/2024(H5N1)	694	283
PB2|PP755596.1|A/cattle/Texas/24-008749-003/2024(H5N1)	695	283
PB2|PP755596.1|A/cattle/Texas/24-008749-003/2024(H5N1)	696	288
PB2|PP755596.1|A/cattle/Texas/24-008749-003/2024(H5N1)	697	305
PB2|PP755596.1|A/cattle/Texas/24-008749-003/2024(H5N1)	698	307
PB2|PP755596.1|A/cattle/Texas/24-008749-003/2024(H5N1)	699	307
PB2|PP755596.1|A/cattle/Texas/24-008749-003/2024(H5N1)	700	303
PB2|PP755596.1|A/cattle/Texas/24-008749-003/2024(H5N1)	701	304
PB2|PP755596.1|A/cattle/Texas/24-008749-003/2024(H5N1)	702	306
PB2|PP755596.1|A/cattle/Texas/24-008749-003/2024(H5N1)	703	307
PB2|PP755596.1|A/cattle/Texas/24-008749-003/2024(H5N1)	704	308
PB2|PP755596.1|A/cattle/Texas/24-008749-003/2024(H5N1)	705	307
PB2|PP755596.1|A/cattle/Texas/24-008749-003/2024(H5N1)	706	306
PB2|PP755596.1|A/cattle/Texas/24-008749-003/2024(H5N1)	707	306
PB2|PP755596.1|A/cattle/Texas/24-008749-003/2024(H5N1)	708	307
PB2|PP755596.1|A/cattle/Texas/24-008749-003/2024(H5N1)	709	311
PB2|PP755596.1|A/cattle/Texas/24-008749-003/2024(H5N1)	710	312
PB2|PP755596.1|A/cattle/Texas/24-008749-003/2024(H5N1)	711	314
PB2|PP755596.1|A/cattle/Texas/24-008749-003/2024(H5N1)	712	314
PB2|PP755596.1|A/cattle/Texas/24-008749-003/2024(H5N1)	713	314
PB2|PP755596.1|A/cattle/Texas/24-008749-003/2024(H5N1)	714	314
PB2|PP755596.1|A/cattle/Texas/24-008749-003/2024(H5N1)	715	316
PB2|PP755596.1|A/cattle/Texas/24-008749-003/2024(H5N1)	716	318
PB2|PP755596.1|A/cattle/Texas/24-008749-003/2024(H5N1)	717	316
PB2|PP755596.1|A/cattle/Texas/24-008749-003/2024(H5N1)	718	313
PB2|PP755596.1|A/cattle/Texas/24-008749-003/2024(H5N1)	719	313
PB2|PP755596.1|A/cattle/Texas/24-008749-003/2024(H5N1)	720	313
PB2|PP755596.1|A/cattle/Texas/24-008749-003/2024(H5N1)	721	316
PB2|PP755596.1|A/cattle/Texas/24-008749-003/2024(H5N1)	722	314
PB2|PP755596.1|A/cattle/Texas/24-008749-003/2024(H5N1)	723	314
PB2|PP755596.1|A/cattle/Texas/24-008749-003/2024(H5N1)	724	319
PB2|PP755596.1|A/cattle/Texas/24-008749-003/2024(H5N1)	725	316
PB2|PP755596.1|A/cattle/Texas/24-008749-003/2024(H5N1)	726	334
PB2|PP755596.1|A/cattle/Texas/24-008749-003/2024(H5N1)	727	333
PB2|PP755596.1|A/cattle/Texas/24-008749-003/2024(H5N1)	728	313
PB2|PP755596.1|A/cattle/Texas/24-008749-003/2024(H5N1)	729	317
PB2|PP755596.1|A/cattle/Texas/24-008749-003/2024(H5N1)	730	315
PB2|PP755596.1|A/cattle/Texas/24-008749-003/2024(H5N1)	731	315
PB2|PP755596.1|A/cattle/Texas/24-008749-003/2024(H5N1)	732	315
PB2|PP755596.1|A/cattle/Texas/24-008749-003/2024(H5N1)	733	314
PB2|PP755596.1|A/cattle/Texas/24-008749-003/2024(H5N1)	734	316
PB2|PP755596.1|A/cattle/Texas/24-008749-003/2024(H5N1)	735	299
PB2|PP755596.1|A/cattle/Texas/24-008749-003/2024(H5N1)	736	302
PB2|PP755596.1|A/cattle/Texas/24-008749-003/2024(H5N1)	737	305
PB2|PP755596.1|A/cattle/Texas/24-008749-003/2024(H5N1)	738	297
PB2|PP755596.1|A/cattle/Texas/24-008749-003/2024(H5N1)	739	298
PB2|PP755596.1|A/cattle/Texas/24-008749-003/2024(H5N1)	740	299
PB2|PP755596.1|A/cattle/Texas/24-008749-003/2024(H5N1)	741	300
PB2|PP755596.1|A/cattle/Texas/24-008749-003/2024(H5N1)	742	300
PB2|PP755596.1|A/cattle/Texas/24-008749-003/2024(H5N1)	743	299
PB2|PP755596.1|A/cattle/Texas/24-008749-003/2024(H5N1)	744	299
PB2|PP755596.1|A/cattle/Texas/24-008749-003/2024(H5N1)	745	300
PB2|PP755596.1|A/cattle/Texas/24-008749-003/2024(H5N1)	746	301
PB2|PP755596.1|A/cattle/Texas/24-008749-003/2024(H5N1)	747	303
PB2|PP755596.1|A/cattle/Texas/24-008749-003/2024(H5N1)	748	306
PB2|PP755596.1|A/cattle/Texas/24-008749-003/2024(H5N1)	749	301
PB2|PP755596.1|A/cattle/Texas/24-008749-003/2024(H5N1)	750	300
PB2|PP755596.1|A/cattle/Texas/24-008749-003/2024(H5N1)	751	294
PB2|PP755596.1|A/cattle/Texas/24-008749-003/2024(H5N1)	752	294
PB2|PP755596.1|A/cattle/Texas/24-008749-003/2024(H5N1)	753	294
PB2|PP755596.1|A/cattle/Texas/24-008749-003/2024(H5N1)	754	286
PB2|PP755596.1|A/cattle/Texas/24-008749-003/2024(H5N1)	755	286
PB2|PP755596.1|A/cattle/Texas/24-008749-003/2024(H5N1)	756	287
PB2|PP755596.1|A/cattle/Texas/24-008749-003/2024(H5N1)	757	286
PB2|PP755596.1|A/cattle/Texas/24-008749-003/2024(H5N1)	758	278
PB2|PP755596.1|A/cattle/Texas/24-008749-003/2024(H5N1)	759	276
PB2|PP755596.1|A/cattle/Texas/24-008749-003/2024(H5N1)	760	275
PB2|PP755596.1|A/cattle/Texas/24-008749-003/2024(H5N1)	761	283
PB2|PP755596.1|A/cattle/Texas/24-008749-003/2024(H5N1)	762	283
PB2|PP755596.1|A/cattle/Texas/24-008749-003/2024(H5N1)	763	284
PB2|PP755596.1|A/cattle/Texas/24-008749-003/2024(H5N1)	764	282
PB2|PP755596.1|A/cattle/Texas/24-008749-003/2024(H5N1)	765	284
PB2|PP755596.1|A/cattle/Texas/24-008749-003/2024(H5N1)	766	300
PB2|PP755596.1|A/cattle/Texas/24-008749-003/2024(H5N1)	767	308
PB2|PP755596.1|A/cattle/Texas/24-008749-003/2024(H5N1)	768	310
PB2|PP755596.1|A/cattle/Texas/24-008749-003/2024(H5N1)	769	310
PB2|PP755596.1|A/cattle/Texas/24-008749-003/2024(H5N1)	770	293
PB2|PP755596.1|A/cattle/Texas/24-008749-003/2024(H5N1)	771	297
PB2|PP755596.1|A/cattle/Texas/24-008749-003/2024(H5N1)	772	301
PB2|PP755596.1|A/cattle/Texas/24-008749-003/2024(H5N1)	773	301
PB2|PP755596.1|A/cattle/Texas/24-008749-003/2024(H5N1)	774	298
PB2|PP755596.1|A/cattle/Texas/24-008749-003/2024(H5N1)	775	292
PB2|PP755596.1|A/cattle/Texas/24-008749-003/2024(H5N1)	776	291
PB2|PP755596.1|A/cattle/Texas/24-008749-003/2024(H5N1)	777	291
PB2|PP755596.1|A/cattle/Texas/24-008749-003/2024(H5N1)	778	303
PB2|PP755596.1|A/cattle/Texas/24-008749-003/2024(H5N1)	779	301
PB2|PP755596.1|A/cattle/Texas/24-008749-003/2024(H5N1)	780	300
PB2|PP755596.1|A/cattle/Texas/24-008749-003/2024(H5N1)	781	302
PB2|PP755596.1|A/cattle/Texas/24-008749-003/2024(H5N1)	782	302
PB2|PP755596.1|A/cattle/Texas/24-008749-003/2024(H5N1)	783	308
PB2|PP755596.1|A/cattle/Texas/24-008749-003/2024(H5N1)	784	309
PB2|PP755596.1|A/cattle/Texas/24-008749-003/2024(H5N1)	785	311
PB2|PP755596.1|A/cattle/Texas/24-008749-003/2024(H5N1)	786	311
PB2|PP755596.1|A/cattle/Texas/24-008749-003/2024(H5N1)	787	311
PB2|PP755596.1|A/cattle/Texas/24-008749-003/2024(H5N1)	788	323
PB2|PP755596.1|A/cattle/Texas/24-008749-003/2024(H5N1)	789	323
PB2|PP755596.1|A/cattle/Texas/24-008749-003/2024(H5N1)	790	323
PB2|PP755596.1|A/cattle/Texas/24-008749-003/2024(H5N1)	791	324
PB2|PP755596.1|A/cattle/Texas/24-008749-003/2024(H5N1)	792	321
PB2|PP755596.1|A/cattle/Texas/24-008749-003/2024(H5N1)	793	322
PB2|PP755596.1|A/cattle/Texas/24-008749-003/2024(H5N1)	794	321
PB2|PP755596.1|A/cattle/Texas/24-008749-003/2024(H5N1)	795	322
PB2|PP755596.1|A/cattle/Texas/24-008749-003/2024(H5N1)	796	321
PB2|PP755596.1|A/cattle/Texas/24-008749-003/2024(H5N1)	797	319
PB2|PP755596.1|A/cattle/Texas/24-008749-003/2024(H5N1)	798	319
PB2|PP755596.1|A/cattle/Texas/24-008749-003/2024(H5N1)	799	317
PB2|PP755596.1|A/cattle/Texas/24-008749-003/2024(H5N1)	800	320
PB2|PP755596.1|A/cattle/Texas/24-008749-003/2024(H5N1)	801	315
PB2|PP755596.1|A/cattle/Texas/24-008749-003/2024(H5N1)	802	313
PB2|PP755596.1|A/cattle/Texas/24-008749-003/2024(H5N1)	803	313
PB2|PP755596.1|A/cattle/Texas/24-008749-003/2024(H5N1)	804	315
PB2|PP755596.1|A/cattle/Texas/24-008749-003/2024(H5N1)	805	311
PB2|PP755596.1|A/cattle/Texas/24-008749-003/2024(H5N1)	806	320
PB2|PP755596.1|A/cattle/Texas/24-008749-003/2024(H5N1)	807	321
PB2|PP755596.1|A/cattle/Texas/24-008749-003/2024(H5N1)	808	321
PB2|PP755596.1|A/cattle/Texas/24-008749-003/2024(H5N1)	809	324
PB2|PP755596.1|A/cattle/Texas/24-008749-003/2024(H5N1)	810	325
PB2|PP755596.1|A/cattle/Texas/24-008749-003/2024(H5N1)	811	325
PB2|PP755596.1|A/cattle/Texas/24-008749-003/2024(H5N1)	812	326
PB2|PP755596.1|A/cattle/Texas/24-008749-003/2024(H5N1)	813	326
PB2|PP755596.1|A/cattle/Texas/24-008749-003/2024(H5N1)	814	335
PB2|PP755596.1|A/cattle/Texas/24-008749-003/2024(H5N1)	815	337
PB2|PP755596.1|A/cattle/Texas/24-008749-003/2024(H5N1)	816	338
PB2|PP755596.1|A/cattle/Texas/24-008749-003/2024(H5N1)	817	341
PB2|PP755596.1|A/cattle/Texas/24-008749-003/2024(H5N1)	818	343
PB2|PP755596.1|A/cattle/Texas/24-008749-003/2024(H5N1)	819	342
PB2|PP755596.1|A/cattle/Texas/24-008749-003/2024(H5N1)	820	344
PB2|PP755596.1|A/cattle/Texas/24-008749-003/2024(H5N1)	821	342
PB2|PP755596.1|A/cattle/Texas/24-008749-003/2024(H5N1)	822	337
PB2|PP755596.1|A/cattle/Texas/24-008749-003/2024(H5N1)	823	335
PB2|PP755596.1|A/cattle/Texas/24-008749-003/2024(H5N1)	824	337
PB2|PP755596.1|A/cattle/Texas/24-008749-003/2024(H5N1)	825	343
PB2|PP755596.1|A/cattle/Texas/24-008749-003/2024(H5N1)	826	342
PB2|PP755596.1|A/cattle/Texas/24-008749-003/2024(H5N1)	827	331
PB2|PP755596.1|A/cattle/Texas/24-008749-003/2024(H5N1)	828	331
PB2|PP755596.1|A/cattle/Texas/24-008749-003/2024(H5N1)	829	333
PB2|PP755596.1|A/cattle/Texas/24-008749-003/2024(H5N1)	830	321
PB2|PP755596.1|A/cattle/Texas/24-008749-003/2024(H5N1)	831	321
PB2|PP755596.1|A/cattle/Texas/24-008749-003/2024(H5N1)	832	320
PB2|PP755596.1|A/cattle/Texas/24-008749-003/2024(H5N1)	833	312
PB2|PP755596.1|A/cattle/Texas/24-008749-003/2024(H5N1)	834	304
PB2|PP755596.1|A/cattle/Texas/24-008749-003/2024(H5N1)	835	304
PB2|PP755596.1|A/cattle/Texas/24-008749-003/2024(H5N1)	836	307
PB2|PP755596.1|A/cattle/Texas/24-008749-003/2024(H5N1)	837	308
PB2|PP755596.1|A/cattle/Texas/24-008749-003/2024(H5N1)	838	327
PB2|PP755596.1|A/cattle/Texas/24-008749-003/2024(H5N1)	839	327
PB2|PP755596.1|A/cattle/Texas/24-008749-003/2024(H5N1)	840	328
PB2|PP755596.1|A/cattle/Texas/24-008749-003/2024(H5N1)	841	328
PB2|PP755596.1|A/cattle/Texas/24-008749-003/2024(H5N1)	842	322
PB2|PP755596.1|A/cattle/Texas/24-008749-003/2024(H5N1)	843	322
PB2|PP755596.1|A/cattle/Texas/24-008749-003/2024(H5N1)	844	323
PB2|PP755596.1|A/cattle/Texas/24-008749-003/2024(H5N1)	845	318
PB2|PP755596.1|A/cattle/Texas/24-008749-003/2024(H5N1)	846	319
PB2|PP755596.1|A/cattle/Texas/24-008749-003/2024(H5N1)	847	298
PB2|PP755596.1|A/cattle/Texas/24-008749-003/2024(H5N1)	848	298
PB2|PP755596.1|A/cattle/Texas/24-008749-003/2024(H5N1)	849	315
PB2|PP755596.1|A/cattle/Texas/24-008749-003/2024(H5N1)	850	317
PB2|PP755596.1|A/cattle/Texas/24-008749-003/2024(H5N1)	851	317
PB2|PP755596.1|A/cattle/Texas/24-008749-003/2024(H5N1)	852	315
PB2|PP755596.1|A/cattle/Texas/24-008749-003/2024(H5N1)	853	317
PB2|PP755596.1|A/cattle/Texas/24-008749-003/2024(H5N1)	854	316
PB2|PP755596.1|A/cattle/Texas/24-008749-003/2024(H5N1)	855	315
PB2|PP755596.1|A/cattle/Texas/24-008749-003/2024(H5N1)	856	313
PB2|PP755596.1|A/cattle/Texas/24-008749-003/2024(H5N1)	857	314
PB2|PP755596.1|A/cattle/Texas/24-008749-003/2024(H5N1)	858	315
PB2|PP755596.1|A/cattle/Texas/24-008749-003/2024(H5N1)	859	316
PB2|PP755596.1|A/cattle/Texas/24-008749-003/2024(H5N1)	860	315
PB2|PP755596.1|A/cattle/Texas/24-008749-003/2024(H5N1)	861	314
PB2|PP755596.1|A/cattle/Texas/24-008749-003/2024(H5N1)	862	314
PB2|PP755596.1|A/cattle/Texas/24-008749-003/2024(H5N1)	863	313
PB2|PP755596.1|A/cattle/Texas/24-008749-003/2024(H5N1)	864	314
PB2|PP755596.1|A/cattle/Texas/24-008749-003/2024(H5N1)	865	314
PB2|PP755596.1|A/cattle/Texas/24-008749-003/2024(H5N1)	866	312
PB2|PP755596.1|A/cattle/Texas/24-008749-003/2024(H5N1)	867	310
PB2|PP755596.1|A/cattle/Texas/24-008749-003/2024(H5N1)	868	310
PB2|PP755596.1|A/cattle/Texas/24-008749-003/2024(H5N1)	869	310
PB2|PP755596.1|A/cattle/Texas/24-008749-003/2024(H5N1)	870	310
PB2|PP755596.1|A/cattle/Texas/24-008749-003/2024(H5N1)	871	311
PB2|PP755596.1|A/cattle/Texas/24-008749-003/2024(H5N1)	872	321
PB2|PP755596.1|A/cattle/Texas/24-008749-003/2024(H5N1)	873	319
PB2|PP755596.1|A/cattle/Texas/24-008749-003/2024(H5N1)	874	319
PB2|PP755596.1|A/cattle/Texas/24-008749-003/2024(H5N1)	875	316
PB2|PP755596.1|A/cattle/Texas/24-008749-003/2024(H5N1)	876	316
PB2|PP755596.1|A/cattle/Texas/24-008749-003/2024(H5N1)	877	298
PB2|PP755596.1|A/cattle/Texas/24-008749-003/2024(H5N1)	878	299
PB2|PP755596.1|A/cattle/Texas/24-008749-003/2024(H5N1)	879	300
PB2|PP755596.1|A/cattle/Texas/24-008749-003/2024(H5N1)	880	303
PB2|PP755596.1|A/cattle/Texas/24-008749-003/2024(H5N1)	881	297
PB2|PP755596.1|A/cattle/Texas/24-008749-003/2024(H5N1)	882	297
PB2|PP755596.1|A/cattle/Texas/24-008749-003/2024(H5N1)	883	300
PB2|PP755596.1|A/cattle/Texas/24-008749-003/2024(H5N1)	884	300
PB2|PP755596.1|A/cattle/Texas/24-008749-003/2024(H5N1)	885	296
PB2|PP755596.1|A/cattle/Texas/24-008749-003/2024(H5N1)	886	296
PB2|PP755596.1|A/cattle/Texas/24-008749-003/2024(H5N1)	887	292
PB2|PP755596.1|A/cattle/Texas/24-008749-003/2024(H5N1)	888	290
PB2|PP755596.1|A/cattle/Texas/24-008749-003/2024(H5N1)	889	290
PB2|PP755596.1|A/cattle/Texas/24-008749-003/2024(H5N1)	890	300
PB2|PP755596.1|A/cattle/Texas/24-008749-003/2024(H5N1)	891	303
PB2|PP755596.1|A/cattle/Texas/24-008749-003/2024(H5N1)	892	303
PB2|PP755596.1|A/cattle/Texas/24-008749-003/2024(H5N1)	893	302
PB2|PP755596.1|A/cattle/Texas/24-008749-003/2024(H5N1)	894	303
PB2|PP755596.1|A/cattle/Texas/24-008749-003/2024(H5N1)	895	307
PB2|PP755596.1|A/cattle/Texas/24-008749-003/2024(H5N1)	896	307
PB2|PP755596.1|A/cattle/Texas/24-008749-003/2024(H5N1)	897	307
PB2|PP755596.1|A/cattle/Texas/24-008749-003/2024(H5N1)	898	303
PB2|PP755596.1|A/cattle/Texas/24-008749-003/2024(H5N1)	899	302
PB2|PP755596.1|A/cattle/Texas/24-008749-003/2024(H5N1)	900	302
PB2|PP755596.1|A/cattle/Texas/24-008749-003/2024(H5N1)	901	303
PB2|PP755596.1|A/cattle/Texas/24-008749-003/2024(H5N1)	902	314
PB2|PP755596.1|A/cattle/Texas/24-008749-003/2024(H5N1)	903	315
PB2|PP755596.1|A/cattle/Texas/24-008749-003/2024(H5N1)	904	316
PB2|PP755596.1|A/cattle/Texas/24-008749-003/2024(H5N1)	905	316
PB2|PP755596.1|A/cattle/Texas/24-008749-003/2024(H5N1)	906	316
PB2|PP755596.1|A/cattle/Texas/24-008749-003/2024(H5N1)	907	314
PB2|PP755596.1|A/cattle/Texas/24-008749-003/2024(H5N1)	908	315
PB2|PP755596.1|A/cattle/Texas/24-008749-003/2024(H5N1)	909	315
PB2|PP755596.1|A/cattle/Texas/24-008749-003/2024(H5N1)	910	318
PB2|PP755596.1|A/cattle/Texas/24-008749-003/2024(H5N1)	911	317
PB2|PP755596.1|A/cattle/Texas/24-008749-003/2024(H5N1)	912	309
PB2|PP755596.1|A/cattle/Texas/24-008749-003/2024(H5N1)	913	309
PB2|PP755596.1|A/cattle/Texas/24-008749-003/2024(H5N1)	914	308
PB2|PP755596.1|A/cattle/Texas/24-008749-003/2024(H5N1)	915	308
PB2|PP755596.1|A/cattle/Texas/24-008749-003/2024(H5N1)	916	294
PB2|PP755596.1|A/cattle/Texas/24-008749-003/2024(H5N1)	917	292
PB2|PP755596.1|A/cattle/Texas/24-008749-003/2024(H5N1)	918	288
PB2|PP755596.1|A/cattle/Texas/24-008749-003/2024(H5N1)	919	294
PB2|PP755596.1|A/cattle/Texas/24-008749-003/2024(H5N1)	920	297
PB2|PP755596.1|A/cattle/Texas/24-008749-003/2024(H5N1)	921	293
PB2|PP755596.1|A/cattle/Texas/24-008749-003/2024(H5N1)	922	293
PB2|PP755596.1|A/cattle/Texas/24-008749-003/2024(H5N1)	923	290
PB2|PP755596.1|A/cattle/Texas/24-008749-003/2024(H5N1)	924	290
PB2|PP755596.1|A/cattle/Texas/24-008749-003/2024(H5N1)	925	306
PB2|PP755596.1|A/cattle/Texas/24-008749-003/2024(H5N1)	926	306
PB2|PP755596.1|A/cattle/Texas/24-008749-003/2024(H5N1)	927	312
PB2|PP755596.1|A/cattle/Texas/24-008749-003/2024(H5N1)	928	302
PB2|PP755596.1|A/cattle/Texas/24-008749-003/2024(H5N1)	929	300
PB2|PP755596.1|A/cattle/Texas/24-008749-003/2024(H5N1)	930	306
PB2|PP755596.1|A/cattle/Texas/24-008749-003/2024(H5N1)	931	304
PB2|PP755596.1|A/cattle/Texas/24-008749-003/2024(H5N1)	932	303
PB2|PP755596.1|A/cattle/Texas/24-008749-003/2024(H5N1)	933	308
PB2|PP755596.1|A/cattle/Texas/24-008749-003/2024(H5N1)	934	307
PB2|PP755596.1|A/cattle/Texas/24-008749-003/2024(H5N1)	935	309
PB2|PP755596.1|A/cattle/Texas/24-008749-003/2024(H5N1)	936	308
PB2|PP755596.1|A/cattle/Texas/24-008749-003/2024(H5N1)	937	324
PB2|PP755596.1|A/cattle/Texas/24-008749-003/2024(H5N1)	938	326
PB2|PP755596.1|A/cattle/Texas/24-008749-003/2024(H5N1)	939	313
PB2|PP755596.1|A/cattle/Texas/24-008749-003/2024(H5N1)	940	315
PB2|PP755596.1|A/cattle/Texas/24-008749-003/2024(H5N1)	941	315
PB2|PP755596.1|A/cattle/Texas/24-008749-003/2024(H5N1)	942	314
PB2|PP755596.1|A/cattle/Texas/24-008749-003/2024(H5N1)	943	315
PB2|PP755596.1|A/cattle/Texas/24-008749-003/2024(H5N1)	944	319
PB2|PP755596.1|A/cattle/Texas/24-008749-003/2024(H5N1)	945	319
PB2|PP755596.1|A/cattle/Texas/24-008749-003/2024(H5N1)	946	319
PB2|PP755596.1|A/cattle/Texas/24-008749-003/2024(H5N1)	947	319
PB2|PP755596.1|A/cattle/Texas/24-008749-003/2024(H5N1)	948	318
PB2|PP755596.1|A/cattle/Texas/24-008749-003/2024(H5N1)	949	309
PB2|PP755596.1|A/cattle/Texas/24-008749-003/2024(H5N1)	950	311
PB2|PP755596.1|A/cattle/Texas/24-008749-003/2024(H5N1)	951	311
PB2|PP755596.1|A/cattle/Texas/24-008749-003/2024(H5N1)	952	310
PB2|PP755596.1|A/cattle/Texas/24-008749-003/2024(H5N1)	953	310
PB2|PP755596.1|A/cattle/Texas/24-008749-003/2024(H5N1)	954	317
PB2|PP755596.1|A/cattle/Texas/24-008749-003/2024(H5N1)	955	321
PB2|PP755596.1|A/cattle/Texas/24-008749-003/2024(H5N1)	956	318
PB2|PP755596.1|A/cattle/Texas/24-008749-003/2024(H5N1)	957	313
PB2|PP755596.1|A/cattle/Texas/24-008749-003/2024(H5N1)	958	313
PB2|PP755596.1|A/cattle/Texas/24-008749-003/2024(H5N1)	959	312
PB2|PP755596.1|A/cattle/Texas/24-008749-003/2024(H5N1)	960	314
PB2|PP755596.1|A/cattle/Texas/24-008749-003/2024(H5N1)	961	316
PB2|PP755596.1|A/cattle/Texas/24-008749-003/2024(H5N1)	962	314
PB2|PP755596.1|A/cattle/Texas/24-008749-003/2024(H5N1)	963	312
PB2|PP755596.1|A/cattle/Texas/24-008749-003/2024(H5N1)	964	317
PB2|PP755596.1|A/cattle/Texas/24-008749-003/2024(H5N1)	965	308
PB2|PP755596.1|A/cattle/Texas/24-008749-003/2024(H5N1)	966	312
PB2|PP755596.1|A/cattle/Texas/24-008749-003/2024(H5N1)	967	310
PB2|PP755596.1|A/cattle/Texas/24-008749-003/2024(H5N1)	968	308
PB2|PP755596.1|A/cattle/Texas/24-008749-003/2024(H5N1)	969	306
PB2|PP755596.1|A/cattle/Texas/24-008749-003/2024(H5N1)	970	306
PB2|PP755596.1|A/cattle/Texas/24-008749-003/2024(H5N1)	971	308
PB2|PP755596.1|A/cattle/Texas/24-008749-003/2024(H5N1)	972	310
PB2|PP755596.1|A/cattle/Texas/24-008749-003/2024(H5N1)	973	309
PB2|PP755596.1|A/cattle/Texas/24-008749-003/2024(H5N1)	974	312
PB2|PP755596.1|A/cattle/Texas/24-008749-003/2024(H5N1)	975	314
PB2|PP755596.1|A/cattle/Texas/24-008749-003/2024(H5N1)	976	307
PB2|PP755596.1|A/cattle/Texas/24-008749-003/2024(H5N1)	977	307
PB2|PP755596.1|A/cattle/Texas/24-008749-003/2024(H5N1)	978	306
PB2|PP755596.1|A/cattle/Texas/24-008749-003/2024(H5N1)	979	305
PB2|PP755596.1|A/cattle/Texas/24-008749-003/2024(H5N1)	980	300
PB2|PP755596.1|A/cattle/Texas/24-008749-003/2024(H5N1)	981	301
PB2|PP755596.1|A/cattle/Texas/24-008749-003/2024(H5N1)	982	301
PB2|PP755596.1|A/cattle/Texas/24-008749-003/2024(H5N1)	983	300
PB2|PP755596.1|A/cattle/Texas/24-008749-003/2024(H5N1)	984	301
PB2|PP755596.1|A/cattle/Texas/24-008749-003/2024(H5N1)	985	301
PB2|PP755596.1|A/cattle/Texas/24-008749-003/2024(H5N1)	986	296
PB2|PP755596.1|A/cattle/Texas/24-008749-003/2024(H5N1)	987	296
PB2|PP755596.1|A/cattle/Texas/24-008749-003/2024(H5N1)	988	293
PB2|PP755596.1|A/cattle/Texas/24-008749-003/2024(H5N1)	989	274
PB2|PP755596.1|A/cattle/Texas/24-008749-003/2024(H5N1)	990	274
PB2|PP755596.1|A/cattle/Texas/24-008749-003/2024(H5N1)	991	275
PB2|PP755596.1|A/cattle/Texas/24-008749-003/2024(H5N1)	992	275
PB2|PP755596.1|A/cattle/Texas/24-008749-003/2024(H5N1)	993	275
PB2|PP755596.1|A/cattle/Texas/24-008749-003/2024(H5N1)	994	275
PB2|PP755596.1|A/cattle/Texas/24-008749-003/2024(H5N1)	995	275
PB2|PP755596.1|A/cattle/Texas/24-008749-003/2024(H5N1)	996	274
PB2|PP755596.1|A/cattle/Texas/24-008749-003/2024(H5N1)	997	278
PB2|PP755596.1|A/cattle/Texas/24-008749-003/2024(H5N1)	998	279
PB2|PP755596.1|A/cattle/Texas/24-008749-003/2024(H5N1)	999	280
PB2|PP755596.1|A/cattle/Texas/24-008749-003/2024(H5N1)	1000	262
PB2|PP755596.1|A/cattle/Texas/24-008749-003/2024(H5N1)	1001	261
PB2|PP755596.1|A/cattle/Texas/24-008749-003/2024(H5N1)	1002	263
PB2|PP755596.1|A/cattle/Texas/24-008749-003/2024(H5N1)	1003	264
PB2|PP755596.1|A/cattle/Texas/24-008749-003/2024(H5N1)	1004	262
PB2|PP755596.1|A/cattle/Texas/24-008749-003/2024(H5N1)	1005	262
PB2|PP755596.1|A/cattle/Texas/24-008749-003/2024(H5N1)	1006	267
PB2|PP755596.1|A/cattle/Texas/24-008749-003/2024(H5N1)	1007	261
PB2|PP755596.1|A/cattle/Texas/24-008749-003/2024(H5N1)	1008	261
PB2|PP755596.1|A/cattle/Texas/24-008749-003/2024(H5N1)	1009	261
PB2|PP755596.1|A/cattle/Texas/24-008749-003/2024(H5N1)	1010	260
PB2|PP755596.1|A/cattle/Texas/24-008749-003/2024(H5N1)	1011	264
PB2|PP755596.1|A/cattle/Texas/24-008749-003/2024(H5N1)	1012	265
PB2|PP755596.1|A/cattle/Texas/24-008749-003/2024(H5N1)	1013	265
PB2|PP755596.1|A/cattle/Texas/24-008749-003/2024(H5N1)	1014	264
PB2|PP755596.1|A/cattle/Texas/24-008749-003/2024(H5N1)	1015	266
PB2|PP755596.1|A/cattle/Texas/24-008749-003/2024(H5N1)	1016	267
PB2|PP755596.1|A/cattle/Texas/24-008749-003/2024(H5N1)	1017	268
PB2|PP755596.1|A/cattle/Texas/24-008749-003/2024(H5N1)	1018	268
PB2|PP755596.1|A/cattle/Texas/24-008749-003/2024(H5N1)	1019	276
PB2|PP755596.1|A/cattle/Texas/24-008749-003/2024(H5N1)	1020	278
PB2|PP755596.1|A/cattle/Texas/24-008749-003/2024(H5N1)	1021	273
PB2|PP755596.1|A/cattle/Texas/24-008749-003/2024(H5N1)	1022	273
PB2|PP755596.1|A/cattle/Texas/24-008749-003/2024(H5N1)	1023	268
PB2|PP755596.1|A/cattle/Texas/24-008749-003/2024(H5N1)	1024	272
PB2|PP755596.1|A/cattle/Texas/24-008749-003/2024(H5N1)	1025	273
PB2|PP755596.1|A/cattle/Texas/24-008749-003/2024(H5N1)	1026	273
PB2|PP755596.1|A/cattle/Texas/24-008749-003/2024(H5N1)	1027	273
PB2|PP755596.1|A/cattle/Texas/24-008749-003/2024(H5N1)	1028	266
PB2|PP755596.1|A/cattle/Texas/24-008749-003/2024(H5N1)	1029	266
PB2|PP755596.1|A/cattle/Texas/24-008749-003/2024(H5N1)	1030	265
PB2|PP755596.1|A/cattle/Texas/24-008749-003/2024(H5N1)	1031	261
PB2|PP755596.1|A/cattle/Texas/24-008749-003/2024(H5N1)	1032	268
PB2|PP755596.1|A/cattle/Texas/24-008749-003/2024(H5N1)	1033	266
PB2|PP755596.1|A/cattle/Texas/24-008749-003/2024(H5N1)	1034	272
PB2|PP755596.1|A/cattle/Texas/24-008749-003/2024(H5N1)	1035	272
PB2|PP755596.1|A/cattle/Texas/24-008749-003/2024(H5N1)	1036	273
PB2|PP755596.1|A/cattle/Texas/24-008749-003/2024(H5N1)	1037	271
PB2|PP755596.1|A/cattle/Texas/24-008749-003/2024(H5N1)	1038	270
PB2|PP755596.1|A/cattle/Texas/24-008749-003/2024(H5N1)	1039	271
PB2|PP755596.1|A/cattle/Texas/24-008749-003/2024(H5N1)	1040	271
PB2|PP755596.1|A/cattle/Texas/24-008749-003/2024(H5N1)	1041	261
PB2|PP755596.1|A/cattle/Texas/24-008749-003/2024(H5N1)	1042	257
PB2|PP755596.1|A/cattle/Texas/24-008749-003/2024(H5N1)	1043	258
PB2|PP755596.1|A/cattle/Texas/24-008749-003/2024(H5N1)	1044	265
PB2|PP755596.1|A/cattle/Texas/24-008749-003/2024(H5N1)	1045	266
PB2|PP755596.1|A/cattle/Texas/24-008749-003/2024(H5N1)	1046	262
PB2|PP755596.1|A/cattle/Texas/24-008749-003/2024(H5N1)	1047	261
PB2|PP755596.1|A/cattle/Texas/24-008749-003/2024(H5N1)	1048	261
PB2|PP755596.1|A/cattle/Texas/24-008749-003/2024(H5N1)	1049	262
PB2|PP755596.1|A/cattle/Texas/24-008749-003/2024(H5N1)	1050	262
PB2|PP755596.1|A/cattle/Texas/24-008749-003/2024(H5N1)	1051	262
PB2|PP755596.1|A/cattle/Texas/24-008749-003/2024(H5N1)	1052	259
PB2|PP755596.1|A/cattle/Texas/24-008749-003/2024(H5N1)	1053	250
PB2|PP755596.1|A/cattle/Texas/24-008749-003/2024(H5N1)	1054	250
PB2|PP755596.1|A/cattle/Texas/24-008749-003/2024(H5N1)	1055	249
PB2|PP755596.1|A/cattle/Texas/24-008749-003/2024(H5N1)	1056	251
PB2|PP755596.1|A/cattle/Texas/24-008749-003/2024(H5N1)	1057	252
PB2|PP755596.1|A/cattle/Texas/24-008749-003/2024(H5N1)	1058	254
PB2|PP755596.1|A/cattle/Texas/24-008749-003/2024(H5N1)	1059	252
PB2|PP755596.1|A/cattle/Texas/24-008749-003/2024(H5N1)	1060	254
PB2|PP755596.1|A/cattle/Texas/24-008749-003/2024(H5N1)	1061	251
PB2|PP755596.1|A/cattle/Texas/24-008749-003/2024(H5N1)	1062	250
PB2|PP755596.1|A/cattle/Texas/24-008749-003/2024(H5N1)	1063	250
PB2|PP755596.1|A/cattle/Texas/24-008749-003/2024(H5N1)	1064	255
PB2|PP755596.1|A/cattle/Texas/24-008749-003/2024(H5N1)	1065	256
PB2|PP755596.1|A/cattle/Texas/24-008749-003/2024(H5N1)	1066	266
PB2|PP755596.1|A/cattle/Texas/24-008749-003/2024(H5N1)	1067	267
PB2|PP755596.1|A/cattle/Texas/24-008749-003/2024(H5N1)	1068	268
PB2|PP755596.1|A/cattle/Texas/24-008749-003/2024(H5N1)	1069	275
PB2|PP755596.1|A/cattle/Texas/24-008749-003/2024(H5N1)	1070	273
PB2|PP755596.1|A/cattle/Texas/24-008749-003/2024(H5N1)	1071	272
PB2|PP755596.1|A/cattle/Texas/24-008749-003/2024(H5N1)	1072	273
PB2|PP755596.1|A/cattle/Texas/24-008749-003/2024(H5N1)	1073	276
PB2|PP755596.1|A/cattle/Texas/24-008749-003/2024(H5N1)	1074	283
PB2|PP755596.1|A/cattle/Texas/24-008749-003/2024(H5N1)	1075	291
PB2|PP755596.1|A/cattle/Texas/24-008749-003/2024(H5N1)	1076	296
PB2|PP755596.1|A/cattle/Texas/24-008749-003/2024(H5N1)	1077	307
PB2|PP755596.1|A/cattle/Texas/24-008749-003/2024(H5N1)	1078	303
PB2|PP755596.1|A/cattle/Texas/24-008749-003/2024(H5N1)	1079	309
PB2|PP755596.1|A/cattle/Texas/24-008749-003/2024(H5N1)	1080	309
PB2|PP755596.1|A/cattle/Texas/24-008749-003/2024(H5N1)	1081	305
PB2|PP755596.1|A/cattle/Texas/24-008749-003/2024(H5N1)	1082	308
PB2|PP755596.1|A/cattle/Texas/24-008749-003/2024(H5N1)	1083	308
PB2|PP755596.1|A/cattle/Texas/24-008749-003/2024(H5N1)	1084	308
PB2|PP755596.1|A/cattle/Texas/24-008749-003/2024(H5N1)	1085	300
PB2|PP755596.1|A/cattle/Texas/24-008749-003/2024(H5N1)	1086	301
PB2|PP755596.1|A/cattle/Texas/24-008749-003/2024(H5N1)	1087	290
PB2|PP755596.1|A/cattle/Texas/24-008749-003/2024(H5N1)	1088	306
PB2|PP755596.1|A/cattle/Texas/24-008749-003/2024(H5N1)	1089	307
PB2|PP755596.1|A/cattle/Texas/24-008749-003/2024(H5N1)	1090	307
PB2|PP755596.1|A/cattle/Texas/24-008749-003/2024(H5N1)	1091	310
PB2|PP755596.1|A/cattle/Texas/24-008749-003/2024(H5N1)	1092	310
PB2|PP755596.1|A/cattle/Texas/24-008749-003/2024(H5N1)	1093	307
PB2|PP755596.1|A/cattle/Texas/24-008749-003/2024(H5N1)	1094	306
PB2|PP755596.1|A/cattle/Texas/24-008749-003/2024(H5N1)	1095	305
PB2|PP755596.1|A/cattle/Texas/24-008749-003/2024(H5N1)	1096	313
PB2|PP755596.1|A/cattle/Texas/24-008749-003/2024(H5N1)	1097	310
PB2|PP755596.1|A/cattle/Texas/24-008749-003/2024(H5N1)	1098	312
PB2|PP755596.1|A/cattle/Texas/24-008749-003/2024(H5N1)	1099	312
PB2|PP755596.1|A/cattle/Texas/24-008749-003/2024(H5N1)	1100	311
PB2|PP755596.1|A/cattle/Texas/24-008749-003/2024(H5N1)	1101	311
PB2|PP755596.1|A/cattle/Texas/24-008749-003/2024(H5N1)	1102	311
PB2|PP755596.1|A/cattle/Texas/24-008749-003/2024(H5N1)	1103	314
PB2|PP755596.1|A/cattle/Texas/24-008749-003/2024(H5N1)	1104	311
PB2|PP755596.1|A/cattle/Texas/24-008749-003/2024(H5N1)	1105	302
PB2|PP755596.1|A/cattle/Texas/24-008749-003/2024(H5N1)	1106	303
PB2|PP755596.1|A/cattle/Texas/24-008749-003/2024(H5N1)	1107	303
PB2|PP755596.1|A/cattle/Texas/24-008749-003/2024(H5N1)	1108	303
PB2|PP755596.1|A/cattle/Texas/24-008749-003/2024(H5N1)	1109	315
PB2|PP755596.1|A/cattle/Texas/24-008749-003/2024(H5N1)	1110	315
PB2|PP755596.1|A/cattle/Texas/24-008749-003/2024(H5N1)	1111	315
PB2|PP755596.1|A/cattle/Texas/24-008749-003/2024(H5N1)	1112	311
PB2|PP755596.1|A/cattle/Texas/24-008749-003/2024(H5N1)	1113	311
PB2|PP755596.1|A/cattle/Texas/24-008749-003/2024(H5N1)	1114	309
PB2|PP755596.1|A/cattle/Texas/24-008749-003/2024(H5N1)	1115	304
PB2|PP755596.1|A/cattle/Texas/24-008749-003/2024(H5N1)	1116	302
PB2|PP755596.1|A/cattle/Texas/24-008749-003/2024(H5N1)	1117	303
PB2|PP755596.1|A/cattle/Texas/24-008749-003/2024(H5N1)	1118	305
PB2|PP755596.1|A/cattle/Texas/24-008749-003/2024(H5N1)	1119	306
PB2|PP755596.1|A/cattle/Texas/24-008749-003/2024(H5N1)	1120	301
PB2|PP755596.1|A/cattle/Texas/24-008749-003/2024(H5N1)	1121	300
PB2|PP755596.1|A/cattle/Texas/24-008749-003/2024(H5N1)	1122	301
PB2|PP755596.1|A/cattle/Texas/24-008749-003/2024(H5N1)	1123	300
PB2|PP755596.1|A/cattle/Texas/24-008749-003/2024(H5N1)	1124	300
PB2|PP755596.1|A/cattle/Texas/24-008749-003/2024(H5N1)	1125	298
PB2|PP755596.1|A/cattle/Texas/24-008749-003/2024(H5N1)	1126	298
PB2|PP755596.1|A/cattle/Texas/24-008749-003/2024(H5N1)	1127	298
PB2|PP755596.1|A/cattle/Texas/24-008749-003/2024(H5N1)	1128	299
PB2|PP755596.1|A/cattle/Texas/24-008749-003/2024(H5N1)	1129	300
PB2|PP755596.1|A/cattle/Texas/24-008749-003/2024(H5N1)	1130	300
PB2|PP755596.1|A/cattle/Texas/24-008749-003/2024(H5N1)	1131	299
PB2|PP755596.1|A/cattle/Texas/24-008749-003/2024(H5N1)	1132	313
PB2|PP755596.1|A/cattle/Texas/24-008749-003/2024(H5N1)	1133	320
PB2|PP755596.1|A/cattle/Texas/24-008749-003/2024(H5N1)	1134	319
PB2|PP755596.1|A/cattle/Texas/24-008749-003/2024(H5N1)	1135	319
PB2|PP755596.1|A/cattle/Texas/24-008749-003/2024(H5N1)	1136	319
PB2|PP755596.1|A/cattle/Texas/24-008749-003/2024(H5N1)	1137	319
PB2|PP755596.1|A/cattle/Texas/24-008749-003/2024(H5N1)	1138	320
PB2|PP755596.1|A/cattle/Texas/24-008749-003/2024(H5N1)	1139	321
PB2|PP755596.1|A/cattle/Texas/24-008749-003/2024(H5N1)	1140	326
PB2|PP755596.1|A/cattle/Texas/24-008749-003/2024(H5N1)	1141	326
PB2|PP755596.1|A/cattle/Texas/24-008749-003/2024(H5N1)	1142	325
PB2|PP755596.1|A/cattle/Texas/24-008749-003/2024(H5N1)	1143	327
PB2|PP755596.1|A/cattle/Texas/24-008749-003/2024(H5N1)	1144	329
PB2|PP755596.1|A/cattle/Texas/24-008749-003/2024(H5N1)	1145	329
PB2|PP755596.1|A/cattle/Texas/24-008749-003/2024(H5N1)	1146	327
PB2|PP755596.1|A/cattle/Texas/24-008749-003/2024(H5N1)	1147	328
PB2|PP755596.1|A/cattle/Texas/24-008749-003/2024(H5N1)	1148	328
PB2|PP755596.1|A/cattle/Texas/24-008749-003/2024(H5N1)	1149	330
PB2|PP755596.1|A/cattle/Texas/24-008749-003/2024(H5N1)	1150	331
PB2|PP755596.1|A/cattle/Texas/24-008749-003/2024(H5N1)	1151	332
PB2|PP755596.1|A/cattle/Texas/24-008749-003/2024(H5N1)	1152	332
PB2|PP755596.1|A/cattle/Texas/24-008749-003/2024(H5N1)	1153	332
PB2|PP755596.1|A/cattle/Texas/24-008749-003/2024(H5N1)	1154	333
PB2|PP755596.1|A/cattle/Texas/24-008749-003/2024(H5N1)	1155	334
PB2|PP755596.1|A/cattle/Texas/24-008749-003/2024(H5N1)	1156	334
PB2|PP755596.1|A/cattle/Texas/24-008749-003/2024(H5N1)	1157	329
PB2|PP755596.1|A/cattle/Texas/24-008749-003/2024(H5N1)	1158	329
PB2|PP755596.1|A/cattle/Texas/24-008749-003/2024(H5N1)	1159	328
PB2|PP755596.1|A/cattle/Texas/24-008749-003/2024(H5N1)	1160	330
PB2|PP755596.1|A/cattle/Texas/24-008749-003/2024(H5N1)	1161	334
PB2|PP755596.1|A/cattle/Texas/24-008749-003/2024(H5N1)	1162	333
PB2|PP755596.1|A/cattle/Texas/24-008749-003/2024(H5N1)	1163	332
PB2|PP755596.1|A/cattle/Texas/24-008749-003/2024(H5N1)	1164	332
PB2|PP755596.1|A/cattle/Texas/24-008749-003/2024(H5N1)	1165	331
PB2|PP755596.1|A/cattle/Texas/24-008749-003/2024(H5N1)	1166	335
PB2|PP755596.1|A/cattle/Texas/24-008749-003/2024(H5N1)	1167	335
PB2|PP755596.1|A/cattle/Texas/24-008749-003/2024(H5N1)	1168	334
PB2|PP755596.1|A/cattle/Texas/24-008749-003/2024(H5N1)	1169	333
PB2|PP755596.1|A/cattle/Texas/24-008749-003/2024(H5N1)	1170	338
PB2|PP755596.1|A/cattle/Texas/24-008749-003/2024(H5N1)	1171	338
PB2|PP755596.1|A/cattle/Texas/24-008749-003/2024(H5N1)	1172	337
PB2|PP755596.1|A/cattle/Texas/24-008749-003/2024(H5N1)	1173	336
PB2|PP755596.1|A/cattle/Texas/24-008749-003/2024(H5N1)	1174	334
PB2|PP755596.1|A/cattle/Texas/24-008749-003/2024(H5N1)	1175	329
PB2|PP755596.1|A/cattle/Texas/24-008749-003/2024(H5N1)	1176	332
PB2|PP755596.1|A/cattle/Texas/24-008749-003/2024(H5N1)	1177	331
PB2|PP755596.1|A/cattle/Texas/24-008749-003/2024(H5N1)	1178	331
PB2|PP755596.1|A/cattle/Texas/24-008749-003/2024(H5N1)	1179	331
PB2|PP755596.1|A/cattle/Texas/24-008749-003/2024(H5N1)	1180	334
PB2|PP755596.1|A/cattle/Texas/24-008749-003/2024(H5N1)	1181	334
PB2|PP755596.1|A/cattle/Texas/24-008749-003/2024(H5N1)	1182	334
PB2|PP755596.1|A/cattle/Texas/24-008749-003/2024(H5N1)	1183	328
PB2|PP755596.1|A/cattle/Texas/24-008749-003/2024(H5N1)	1184	328
PB2|PP755596.1|A/cattle/Texas/24-008749-003/2024(H5N1)	1185	323
PB2|PP755596.1|A/cattle/Texas/24-008749-003/2024(H5N1)	1186	323
PB2|PP755596.1|A/cattle/Texas/24-008749-003/2024(H5N1)	1187	321
PB2|PP755596.1|A/cattle/Texas/24-008749-003/2024(H5N1)	1188	327
PB2|PP755596.1|A/cattle/Texas/24-008749-003/2024(H5N1)	1189	329
PB2|PP755596.1|A/cattle/Texas/24-008749-003/2024(H5N1)	1190	340
PB2|PP755596.1|A/cattle/Texas/24-008749-003/2024(H5N1)	1191	340
PB2|PP755596.1|A/cattle/Texas/24-008749-003/2024(H5N1)	1192	341
PB2|PP755596.1|A/cattle/Texas/24-008749-003/2024(H5N1)	1193	341
PB2|PP755596.1|A/cattle/Texas/24-008749-003/2024(H5N1)	1194	340
PB2|PP755596.1|A/cattle/Texas/24-008749-003/2024(H5N1)	1195	333
PB2|PP755596.1|A/cattle/Texas/24-008749-003/2024(H5N1)	1196	332
PB2|PP755596.1|A/cattle/Texas/24-008749-003/2024(H5N1)	1197	329
PB2|PP755596.1|A/cattle/Texas/24-008749-003/2024(H5N1)	1198	329
PB2|PP755596.1|A/cattle/Texas/24-008749-003/2024(H5N1)	1199	329
PB2|PP755596.1|A/cattle/Texas/24-008749-003/2024(H5N1)	1200	329
PB2|PP755596.1|A/cattle/Texas/24-008749-003/2024(H5N1)	1201	329
PB2|PP755596.1|A/cattle/Texas/24-008749-003/2024(H5N1)	1202	328
PB2|PP755596.1|A/cattle/Texas/24-008749-003/2024(H5N1)	1203	328
PB2|PP755596.1|A/cattle/Texas/24-008749-003/2024(H5N1)	1204	327
PB2|PP755596.1|A/cattle/Texas/24-008749-003/2024(H5N1)	1205	329
PB2|PP755596.1|A/cattle/Texas/24-008749-003/2024(H5N1)	1206	330
PB2|PP755596.1|A/cattle/Texas/24-008749-003/2024(H5N1)	1207	331
PB2|PP755596.1|A/cattle/Texas/24-008749-003/2024(H5N1)	1208	332
PB2|PP755596.1|A/cattle/Texas/24-008749-003/2024(H5N1)	1209	335
PB2|PP755596.1|A/cattle/Texas/24-008749-003/2024(H5N1)	1210	335
PB2|PP755596.1|A/cattle/Texas/24-008749-003/2024(H5N1)	1211	337
PB2|PP755596.1|A/cattle/Texas/24-008749-003/2024(H5N1)	1212	339
PB2|PP755596.1|A/cattle/Texas/24-008749-003/2024(H5N1)	1213	340
PB2|PP755596.1|A/cattle/Texas/24-008749-003/2024(H5N1)	1214	339
PB2|PP755596.1|A/cattle/Texas/24-008749-003/2024(H5N1)	1215	343
PB2|PP755596.1|A/cattle/Texas/24-008749-003/2024(H5N1)	1216	346
PB2|PP755596.1|A/cattle/Texas/24-008749-003/2024(H5N1)	1217	351
PB2|PP755596.1|A/cattle/Texas/24-008749-003/2024(H5N1)	1218	345
PB2|PP755596.1|A/cattle/Texas/24-008749-003/2024(H5N1)	1219	345
PB2|PP755596.1|A/cattle/Texas/24-008749-003/2024(H5N1)	1220	333
PB2|PP755596.1|A/cattle/Texas/24-008749-003/2024(H5N1)	1221	337
PB2|PP755596.1|A/cattle/Texas/24-008749-003/2024(H5N1)	1222	337
PB2|PP755596.1|A/cattle/Texas/24-008749-003/2024(H5N1)	1223	329
PB2|PP755596.1|A/cattle/Texas/24-008749-003/2024(H5N1)	1224	317
PB2|PP755596.1|A/cattle/Texas/24-008749-003/2024(H5N1)	1225	304
PB2|PP755596.1|A/cattle/Texas/24-008749-003/2024(H5N1)	1226	310
PB2|PP755596.1|A/cattle/Texas/24-008749-003/2024(H5N1)	1227	305
PB2|PP755596.1|A/cattle/Texas/24-008749-003/2024(H5N1)	1228	306
PB2|PP755596.1|A/cattle/Texas/24-008749-003/2024(H5N1)	1229	307
PB2|PP755596.1|A/cattle/Texas/24-008749-003/2024(H5N1)	1230	312
PB2|PP755596.1|A/cattle/Texas/24-008749-003/2024(H5N1)	1231	313
PB2|PP755596.1|A/cattle/Texas/24-008749-003/2024(H5N1)	1232	313
PB2|PP755596.1|A/cattle/Texas/24-008749-003/2024(H5N1)	1233	309
PB2|PP755596.1|A/cattle/Texas/24-008749-003/2024(H5N1)	1234	309
PB2|PP755596.1|A/cattle/Texas/24-008749-003/2024(H5N1)	1235	305
PB2|PP755596.1|A/cattle/Texas/24-008749-003/2024(H5N1)	1236	306
PB2|PP755596.1|A/cattle/Texas/24-008749-003/2024(H5N1)	1237	298
PB2|PP755596.1|A/cattle/Texas/24-008749-003/2024(H5N1)	1238	295
PB2|PP755596.1|A/cattle/Texas/24-008749-003/2024(H5N1)	1239	288
PB2|PP755596.1|A/cattle/Texas/24-008749-003/2024(H5N1)	1240	291
PB2|PP755596.1|A/cattle/Texas/24-008749-003/2024(H5N1)	1241	291
PB2|PP755596.1|A/cattle/Texas/24-008749-003/2024(H5N1)	1242	285
PB2|PP755596.1|A/cattle/Texas/24-008749-003/2024(H5N1)	1243	287
PB2|PP755596.1|A/cattle/Texas/24-008749-003/2024(H5N1)	1244	287
PB2|PP755596.1|A/cattle/Texas/24-008749-003/2024(H5N1)	1245	288
PB2|PP755596.1|A/cattle/Texas/24-008749-003/2024(H5N1)	1246	284
PB2|PP755596.1|A/cattle/Texas/24-008749-003/2024(H5N1)	1247	275
PB2|PP755596.1|A/cattle/Texas/24-008749-003/2024(H5N1)	1248	274
PB2|PP755596.1|A/cattle/Texas/24-008749-003/2024(H5N1)	1249	287
PB2|PP755596.1|A/cattle/Texas/24-008749-003/2024(H5N1)	1250	289
PB2|PP755596.1|A/cattle/Texas/24-008749-003/2024(H5N1)	1251	289
PB2|PP755596.1|A/cattle/Texas/24-008749-003/2024(H5N1)	1252	288
PB2|PP755596.1|A/cattle/Texas/24-008749-003/2024(H5N1)	1253	287
PB2|PP755596.1|A/cattle/Texas/24-008749-003/2024(H5N1)	1254	289
PB2|PP755596.1|A/cattle/Texas/24-008749-003/2024(H5N1)	1255	290
PB2|PP755596.1|A/cattle/Texas/24-008749-003/2024(H5N1)	1256	291
PB2|PP755596.1|A/cattle/Texas/24-008749-003/2024(H5N1)	1257	291
PB2|PP755596.1|A/cattle/Texas/24-008749-003/2024(H5N1)	1258	277
PB2|PP755596.1|A/cattle/Texas/24-008749-003/2024(H5N1)	1259	279
PB2|PP755596.1|A/cattle/Texas/24-008749-003/2024(H5N1)	1260	280
PB2|PP755596.1|A/cattle/Texas/24-008749-003/2024(H5N1)	1261	280
PB2|PP755596.1|A/cattle/Texas/24-008749-003/2024(H5N1)	1262	285
PB2|PP755596.1|A/cattle/Texas/24-008749-003/2024(H5N1)	1263	285
PB2|PP755596.1|A/cattle/Texas/24-008749-003/2024(H5N1)	1264	287
PB2|PP755596.1|A/cattle/Texas/24-008749-003/2024(H5N1)	1265	287
PB2|PP755596.1|A/cattle/Texas/24-008749-003/2024(H5N1)	1266	287
PB2|PP755596.1|A/cattle/Texas/24-008749-003/2024(H5N1)	1267	285
PB2|PP755596.1|A/cattle/Texas/24-008749-003/2024(H5N1)	1268	294
PB2|PP755596.1|A/cattle/Texas/24-008749-003/2024(H5N1)	1269	300
PB2|PP755596.1|A/cattle/Texas/24-008749-003/2024(H5N1)	1270	301
PB2|PP755596.1|A/cattle/Texas/24-008749-003/2024(H5N1)	1271	302
PB2|PP755596.1|A/cattle/Texas/24-008749-003/2024(H5N1)	1272	302
PB2|PP755596.1|A/cattle/Texas/24-008749-003/2024(H5N1)	1273	304
PB2|PP755596.1|A/cattle/Texas/24-008749-003/2024(H5N1)	1274	304
PB2|PP755596.1|A/cattle/Texas/24-008749-003/2024(H5N1)	1275	307
PB2|PP755596.1|A/cattle/Texas/24-008749-003/2024(H5N1)	1276	307
PB2|PP755596.1|A/cattle/Texas/24-008749-003/2024(H5N1)	1277	306
PB2|PP755596.1|A/cattle/Texas/24-008749-003/2024(H5N1)	1278	306
PB2|PP755596.1|A/cattle/Texas/24-008749-003/2024(H5N1)	1279	306
PB2|PP755596.1|A/cattle/Texas/24-008749-003/2024(H5N1)	1280	307
PB2|PP755596.1|A/cattle/Texas/24-008749-003/2024(H5N1)	1281	314
PB2|PP755596.1|A/cattle/Texas/24-008749-003/2024(H5N1)	1282	305
PB2|PP755596.1|A/cattle/Texas/24-008749-003/2024(H5N1)	1283	291
PB2|PP755596.1|A/cattle/Texas/24-008749-003/2024(H5N1)	1284	291
PB2|PP755596.1|A/cattle/Texas/24-008749-003/2024(H5N1)	1285	292
PB2|PP755596.1|A/cattle/Texas/24-008749-003/2024(H5N1)	1286	299
PB2|PP755596.1|A/cattle/Texas/24-008749-003/2024(H5N1)	1287	299
PB2|PP755596.1|A/cattle/Texas/24-008749-003/2024(H5N1)	1288	321
PB2|PP755596.1|A/cattle/Texas/24-008749-003/2024(H5N1)	1289	322
PB2|PP755596.1|A/cattle/Texas/24-008749-003/2024(H5N1)	1290	319
PB2|PP755596.1|A/cattle/Texas/24-008749-003/2024(H5N1)	1291	319
PB2|PP755596.1|A/cattle/Texas/24-008749-003/2024(H5N1)	1292	319
PB2|PP755596.1|A/cattle/Texas/24-008749-003/2024(H5N1)	1293	319
PB2|PP755596.1|A/cattle/Texas/24-008749-003/2024(H5N1)	1294	320
PB2|PP755596.1|A/cattle/Texas/24-008749-003/2024(H5N1)	1295	318
PB2|PP755596.1|A/cattle/Texas/24-008749-003/2024(H5N1)	1296	318
PB2|PP755596.1|A/cattle/Texas/24-008749-003/2024(H5N1)	1297	318
PB2|PP755596.1|A/cattle/Texas/24-008749-003/2024(H5N1)	1298	316
PB2|PP755596.1|A/cattle/Texas/24-008749-003/2024(H5N1)	1299	316
PB2|PP755596.1|A/cattle/Texas/24-008749-003/2024(H5N1)	1300	315
PB2|PP755596.1|A/cattle/Texas/24-008749-003/2024(H5N1)	1301	320
PB2|PP755596.1|A/cattle/Texas/24-008749-003/2024(H5N1)	1302	325
PB2|PP755596.1|A/cattle/Texas/24-008749-003/2024(H5N1)	1303	323
PB2|PP755596.1|A/cattle/Texas/24-008749-003/2024(H5N1)	1304	326
PB2|PP755596.1|A/cattle/Texas/24-008749-003/2024(H5N1)	1305	324
PB2|PP755596.1|A/cattle/Texas/24-008749-003/2024(H5N1)	1306	323
PB2|PP755596.1|A/cattle/Texas/24-008749-003/2024(H5N1)	1307	323
PB2|PP755596.1|A/cattle/Texas/24-008749-003/2024(H5N1)	1308	321
PB2|PP755596.1|A/cattle/Texas/24-008749-003/2024(H5N1)	1309	323
PB2|PP755596.1|A/cattle/Texas/24-008749-003/2024(H5N1)	1310	322
PB2|PP755596.1|A/cattle/Texas/24-008749-003/2024(H5N1)	1311	326
PB2|PP755596.1|A/cattle/Texas/24-008749-003/2024(H5N1)	1312	329
PB2|PP755596.1|A/cattle/Texas/24-008749-003/2024(H5N1)	1313	330
PB2|PP755596.1|A/cattle/Texas/24-008749-003/2024(H5N1)	1314	342
PB2|PP755596.1|A/cattle/Texas/24-008749-003/2024(H5N1)	1315	342
PB2|PP755596.1|A/cattle/Texas/24-008749-003/2024(H5N1)	1316	342
PB2|PP755596.1|A/cattle/Texas/24-008749-003/2024(H5N1)	1317	342
PB2|PP755596.1|A/cattle/Texas/24-008749-003/2024(H5N1)	1318	342
PB2|PP755596.1|A/cattle/Texas/24-008749-003/2024(H5N1)	1319	341
PB2|PP755596.1|A/cattle/Texas/24-008749-003/2024(H5N1)	1320	340
PB2|PP755596.1|A/cattle/Texas/24-008749-003/2024(H5N1)	1321	328
PB2|PP755596.1|A/cattle/Texas/24-008749-003/2024(H5N1)	1322	372
PB2|PP755596.1|A/cattle/Texas/24-008749-003/2024(H5N1)	1323	372
PB2|PP755596.1|A/cattle/Texas/24-008749-003/2024(H5N1)	1324	372
PB2|PP755596.1|A/cattle/Texas/24-008749-003/2024(H5N1)	1325	380
PB2|PP755596.1|A/cattle/Texas/24-008749-003/2024(H5N1)	1326	381
PB2|PP755596.1|A/cattle/Texas/24-008749-003/2024(H5N1)	1327	394
PB2|PP755596.1|A/cattle/Texas/24-008749-003/2024(H5N1)	1328	394
PB2|PP755596.1|A/cattle/Texas/24-008749-003/2024(H5N1)	1329	394
PB2|PP755596.1|A/cattle/Texas/24-008749-003/2024(H5N1)	1330	394
PB2|PP755596.1|A/cattle/Texas/24-008749-003/2024(H5N1)	1331	390
PB2|PP755596.1|A/cattle/Texas/24-008749-003/2024(H5N1)	1332	390
PB2|PP755596.1|A/cattle/Texas/24-008749-003/2024(H5N1)	1333	390
PB2|PP755596.1|A/cattle/Texas/24-008749-003/2024(H5N1)	1334	393
PB2|PP755596.1|A/cattle/Texas/24-008749-003/2024(H5N1)	1335	394
PB2|PP755596.1|A/cattle/Texas/24-008749-003/2024(H5N1)	1336	406
PB2|PP755596.1|A/cattle/Texas/24-008749-003/2024(H5N1)	1337	406
PB2|PP755596.1|A/cattle/Texas/24-008749-003/2024(H5N1)	1338	402
PB2|PP755596.1|A/cattle/Texas/24-008749-003/2024(H5N1)	1339	400
PB2|PP755596.1|A/cattle/Texas/24-008749-003/2024(H5N1)	1340	400
PB2|PP755596.1|A/cattle/Texas/24-008749-003/2024(H5N1)	1341	392
PB2|PP755596.1|A/cattle/Texas/24-008749-003/2024(H5N1)	1342	392
PB2|PP755596.1|A/cattle/Texas/24-008749-003/2024(H5N1)	1343	394
PB2|PP755596.1|A/cattle/Texas/24-008749-003/2024(H5N1)	1344	394
PB2|PP755596.1|A/cattle/Texas/24-008749-003/2024(H5N1)	1345	395
PB2|PP755596.1|A/cattle/Texas/24-008749-003/2024(H5N1)	1346	398
PB2|PP755596.1|A/cattle/Texas/24-008749-003/2024(H5N1)	1347	398
PB2|PP755596.1|A/cattle/Texas/24-008749-003/2024(H5N1)	1348	398
PB2|PP755596.1|A/cattle/Texas/24-008749-003/2024(H5N1)	1349	400
PB2|PP755596.1|A/cattle/Texas/24-008749-003/2024(H5N1)	1350	398
PB2|PP755596.1|A/cattle/Texas/24-008749-003/2024(H5N1)	1351	398
PB2|PP755596.1|A/cattle/Texas/24-008749-003/2024(H5N1)	1352	397
PB2|PP755596.1|A/cattle/Texas/24-008749-003/2024(H5N1)	1353	396
PB2|PP755596.1|A/cattle/Texas/24-008749-003/2024(H5N1)	1354	396
PB2|PP755596.1|A/cattle/Texas/24-008749-003/2024(H5N1)	1355	394
PB2|PP755596.1|A/cattle/Texas/24-008749-003/2024(H5N1)	1356	397
PB2|PP755596.1|A/cattle/Texas/24-008749-003/2024(H5N1)	1357	404
PB2|PP755596.1|A/cattle/Texas/24-008749-003/2024(H5N1)	1358	402
PB2|PP755596.1|A/cattle/Texas/24-008749-003/2024(H5N1)	1359	401
PB2|PP755596.1|A/cattle/Texas/24-008749-003/2024(H5N1)	1360	397
PB2|PP755596.1|A/cattle/Texas/24-008749-003/2024(H5N1)	1361	398
PB2|PP755596.1|A/cattle/Texas/24-008749-003/2024(H5N1)	1362	397
PB2|PP755596.1|A/cattle/Texas/24-008749-003/2024(H5N1)	1363	395
PB2|PP755596.1|A/cattle/Texas/24-008749-003/2024(H5N1)	1364	395
PB2|PP755596.1|A/cattle/Texas/24-008749-003/2024(H5N1)	1365	391
PB2|PP755596.1|A/cattle/Texas/24-008749-003/2024(H5N1)	1366	386
PB2|PP755596.1|A/cattle/Texas/24-008749-003/2024(H5N1)	1367	374
PB2|PP755596.1|A/cattle/Texas/24-008749-003/2024(H5N1)	1368	374
PB2|PP755596.1|A/cattle/Texas/24-008749-003/2024(H5N1)	1369	378
PB2|PP755596.1|A/cattle/Texas/24-008749-003/2024(H5N1)	1370	377
PB2|PP755596.1|A/cattle/Texas/24-008749-003/2024(H5N1)	1371	377
PB2|PP755596.1|A/cattle/Texas/24-008749-003/2024(H5N1)	1372	372
PB2|PP755596.1|A/cattle/Texas/24-008749-003/2024(H5N1)	1373	373
PB2|PP755596.1|A/cattle/Texas/24-008749-003/2024(H5N1)	1374	372
PB2|PP755596.1|A/cattle/Texas/24-008749-003/2024(H5N1)	1375	363
PB2|PP755596.1|A/cattle/Texas/24-008749-003/2024(H5N1)	1376	361
PB2|PP755596.1|A/cattle/Texas/24-008749-003/2024(H5N1)	1377	353
PB2|PP755596.1|A/cattle/Texas/24-008749-003/2024(H5N1)	1378	350
PB2|PP755596.1|A/cattle/Texas/24-008749-003/2024(H5N1)	1379	348
PB2|PP755596.1|A/cattle/Texas/24-008749-003/2024(H5N1)	1380	349
PB2|PP755596.1|A/cattle/Texas/24-008749-003/2024(H5N1)	1381	340
PB2|PP755596.1|A/cattle/Texas/24-008749-003/2024(H5N1)	1382	342
PB2|PP755596.1|A/cattle/Texas/24-008749-003/2024(H5N1)	1383	342
PB2|PP755596.1|A/cattle/Texas/24-008749-003/2024(H5N1)	1384	341
PB2|PP755596.1|A/cattle/Texas/24-008749-003/2024(H5N1)	1385	354
PB2|PP755596.1|A/cattle/Texas/24-008749-003/2024(H5N1)	1386	353
PB2|PP755596.1|A/cattle/Texas/24-008749-003/2024(H5N1)	1387	359
PB2|PP755596.1|A/cattle/Texas/24-008749-003/2024(H5N1)	1388	359
PB2|PP755596.1|A/cattle/Texas/24-008749-003/2024(H5N1)	1389	371
PB2|PP755596.1|A/cattle/Texas/24-008749-003/2024(H5N1)	1390	370
PB2|PP755596.1|A/cattle/Texas/24-008749-003/2024(H5N1)	1391	367
PB2|PP755596.1|A/cattle/Texas/24-008749-003/2024(H5N1)	1392	369
PB2|PP755596.1|A/cattle/Texas/24-008749-003/2024(H5N1)	1393	376
PB2|PP755596.1|A/cattle/Texas/24-008749-003/2024(H5N1)	1394	375
PB2|PP755596.1|A/cattle/Texas/24-008749-003/2024(H5N1)	1395	375
PB2|PP755596.1|A/cattle/Texas/24-008749-003/2024(H5N1)	1396	375
PB2|PP755596.1|A/cattle/Texas/24-008749-003/2024(H5N1)	1397	380
PB2|PP755596.1|A/cattle/Texas/24-008749-003/2024(H5N1)	1398	381
PB2|PP755596.1|A/cattle/Texas/24-008749-003/2024(H5N1)	1399	381
PB2|PP755596.1|A/cattle/Texas/24-008749-003/2024(H5N1)	1400	364
PB2|PP755596.1|A/cattle/Texas/24-008749-003/2024(H5N1)	1401	365
PB2|PP755596.1|A/cattle/Texas/24-008749-003/2024(H5N1)	1402	373
PB2|PP755596.1|A/cattle/Texas/24-008749-003/2024(H5N1)	1403	378
PB2|PP755596.1|A/cattle/Texas/24-008749-003/2024(H5N1)	1404	379
PB2|PP755596.1|A/cattle/Texas/24-008749-003/2024(H5N1)	1405	379
PB2|PP755596.1|A/cattle/Texas/24-008749-003/2024(H5N1)	1406	378
PB2|PP755596.1|A/cattle/Texas/24-008749-003/2024(H5N1)	1407	379
PB2|PP755596.1|A/cattle/Texas/24-008749-003/2024(H5N1)	1408	378
PB2|PP755596.1|A/cattle/Texas/24-008749-003/2024(H5N1)	1409	388
PB2|PP755596.1|A/cattle/Texas/24-008749-003/2024(H5N1)	1410	386
PB2|PP755596.1|A/cattle/Texas/24-008749-003/2024(H5N1)	1411	386
PB2|PP755596.1|A/cattle/Texas/24-008749-003/2024(H5N1)	1412	389
PB2|PP755596.1|A/cattle/Texas/24-008749-003/2024(H5N1)	1413	384
PB2|PP755596.1|A/cattle/Texas/24-008749-003/2024(H5N1)	1414	386
PB2|PP755596.1|A/cattle/Texas/24-008749-003/2024(H5N1)	1415	384
PB2|PP755596.1|A/cattle/Texas/24-008749-003/2024(H5N1)	1416	385
PB2|PP755596.1|A/cattle/Texas/24-008749-003/2024(H5N1)	1417	386
PB2|PP755596.1|A/cattle/Texas/24-008749-003/2024(H5N1)	1418	378
PB2|PP755596.1|A/cattle/Texas/24-008749-003/2024(H5N1)	1419	369
PB2|PP755596.1|A/cattle/Texas/24-008749-003/2024(H5N1)	1420	374
PB2|PP755596.1|A/cattle/Texas/24-008749-003/2024(H5N1)	1421	376
PB2|PP755596.1|A/cattle/Texas/24-008749-003/2024(H5N1)	1422	376
PB2|PP755596.1|A/cattle/Texas/24-008749-003/2024(H5N1)	1423	376
PB2|PP755596.1|A/cattle/Texas/24-008749-003/2024(H5N1)	1424	373
PB2|PP755596.1|A/cattle/Texas/24-008749-003/2024(H5N1)	1425	374
PB2|PP755596.1|A/cattle/Texas/24-008749-003/2024(H5N1)	1426	372
PB2|PP755596.1|A/cattle/Texas/24-008749-003/2024(H5N1)	1427	373
PB2|PP755596.1|A/cattle/Texas/24-008749-003/2024(H5N1)	1428	377
PB2|PP755596.1|A/cattle/Texas/24-008749-003/2024(H5N1)	1429	375
PB2|PP755596.1|A/cattle/Texas/24-008749-003/2024(H5N1)	1430	404
PB2|PP755596.1|A/cattle/Texas/24-008749-003/2024(H5N1)	1431	402
PB2|PP755596.1|A/cattle/Texas/24-008749-003/2024(H5N1)	1432	401
PB2|PP755596.1|A/cattle/Texas/24-008749-003/2024(H5N1)	1433	401
PB2|PP755596.1|A/cattle/Texas/24-008749-003/2024(H5N1)	1434	401
PB2|PP755596.1|A/cattle/Texas/24-008749-003/2024(H5N1)	1435	401
PB2|PP755596.1|A/cattle/Texas/24-008749-003/2024(H5N1)	1436	402
PB2|PP755596.1|A/cattle/Texas/24-008749-003/2024(H5N1)	1437	397
PB2|PP755596.1|A/cattle/Texas/24-008749-003/2024(H5N1)	1438	400
PB2|PP755596.1|A/cattle/Texas/24-008749-003/2024(H5N1)	1439	375
PB2|PP755596.1|A/cattle/Texas/24-008749-003/2024(H5N1)	1440	376
PB2|PP755596.1|A/cattle/Texas/24-008749-003/2024(H5N1)	1441	374
PB2|PP755596.1|A/cattle/Texas/24-008749-003/2024(H5N1)	1442	374
PB2|PP755596.1|A/cattle/Texas/24-008749-003/2024(H5N1)	1443	377
PB2|PP755596.1|A/cattle/Texas/24-008749-003/2024(H5N1)	1444	377
PB2|PP755596.1|A/cattle/Texas/24-008749-003/2024(H5N1)	1445	375
PB2|PP755596.1|A/cattle/Texas/24-008749-003/2024(H5N1)	1446	380
PB2|PP755596.1|A/cattle/Texas/24-008749-003/2024(H5N1)	1447	383
PB2|PP755596.1|A/cattle/Texas/24-008749-003/2024(H5N1)	1448	383
PB2|PP755596.1|A/cattle/Texas/24-008749-003/2024(H5N1)	1449	381
PB2|PP755596.1|A/cattle/Texas/24-008749-003/2024(H5N1)	1450	374
PB2|PP755596.1|A/cattle/Texas/24-008749-003/2024(H5N1)	1451	375
PB2|PP755596.1|A/cattle/Texas/24-008749-003/2024(H5N1)	1452	371
PB2|PP755596.1|A/cattle/Texas/24-008749-003/2024(H5N1)	1453	366
PB2|PP755596.1|A/cattle/Texas/24-008749-003/2024(H5N1)	1454	365
PB2|PP755596.1|A/cattle/Texas/24-008749-003/2024(H5N1)	1455	362
PB2|PP755596.1|A/cattle/Texas/24-008749-003/2024(H5N1)	1456	367
PB2|PP755596.1|A/cattle/Texas/24-008749-003/2024(H5N1)	1457	367
PB2|PP755596.1|A/cattle/Texas/24-008749-003/2024(H5N1)	1458	367
PB2|PP755596.1|A/cattle/Texas/24-008749-003/2024(H5N1)	1459	371
PB2|PP755596.1|A/cattle/Texas/24-008749-003/2024(H5N1)	1460	367
PB2|PP755596.1|A/cattle/Texas/24-008749-003/2024(H5N1)	1461	368
PB2|PP755596.1|A/cattle/Texas/24-008749-003/2024(H5N1)	1462	362
PB2|PP755596.1|A/cattle/Texas/24-008749-003/2024(H5N1)	1463	360
PB2|PP755596.1|A/cattle/Texas/24-008749-003/2024(H5N1)	1464	423
PB2|PP755596.1|A/cattle/Texas/24-008749-003/2024(H5N1)	1465	411
PB2|PP755596.1|A/cattle/Texas/24-008749-003/2024(H5N1)	1466	416
PB2|PP755596.1|A/cattle/Texas/24-008749-003/2024(H5N1)	1467	414
PB2|PP755596.1|A/cattle/Texas/24-008749-003/2024(H5N1)	1468	412
PB2|PP755596.1|A/cattle/Texas/24-008749-003/2024(H5N1)	1469	421
PB2|PP755596.1|A/cattle/Texas/24-008749-003/2024(H5N1)	1470	421
PB2|PP755596.1|A/cattle/Texas/24-008749-003/2024(H5N1)	1471	421
PB2|PP755596.1|A/cattle/Texas/24-008749-003/2024(H5N1)	1472	421
PB2|PP755596.1|A/cattle/Texas/24-008749-003/2024(H5N1)	1473	371
PB2|PP755596.1|A/cattle/Texas/24-008749-003/2024(H5N1)	1474	373
PB2|PP755596.1|A/cattle/Texas/24-008749-003/2024(H5N1)	1475	368
PB2|PP755596.1|A/cattle/Texas/24-008749-003/2024(H5N1)	1476	366
PB2|PP755596.1|A/cattle/Texas/24-008749-003/2024(H5N1)	1477	369
PB2|PP755596.1|A/cattle/Texas/24-008749-003/2024(H5N1)	1478	365
PB2|PP755596.1|A/cattle/Texas/24-008749-003/2024(H5N1)	1479	367
PB2|PP755596.1|A/cattle/Texas/24-008749-003/2024(H5N1)	1480	368
PB2|PP755596.1|A/cattle/Texas/24-008749-003/2024(H5N1)	1481	375
PB2|PP755596.1|A/cattle/Texas/24-008749-003/2024(H5N1)	1482	375
PB2|PP755596.1|A/cattle/Texas/24-008749-003/2024(H5N1)	1483	377
PB2|PP755596.1|A/cattle/Texas/24-008749-003/2024(H5N1)	1484	377
PB2|PP755596.1|A/cattle/Texas/24-008749-003/2024(H5N1)	1485	376
PB2|PP755596.1|A/cattle/Texas/24-008749-003/2024(H5N1)	1486	376
PB2|PP755596.1|A/cattle/Texas/24-008749-003/2024(H5N1)	1487	369
PB2|PP755596.1|A/cattle/Texas/24-008749-003/2024(H5N1)	1488	367
PB2|PP755596.1|A/cattle/Texas/24-008749-003/2024(H5N1)	1489	367
PB2|PP755596.1|A/cattle/Texas/24-008749-003/2024(H5N1)	1490	368
PB2|PP755596.1|A/cattle/Texas/24-008749-003/2024(H5N1)	1491	378
PB2|PP755596.1|A/cattle/Texas/24-008749-003/2024(H5N1)	1492	374
PB2|PP755596.1|A/cattle/Texas/24-008749-003/2024(H5N1)	1493	374
PB2|PP755596.1|A/cattle/Texas/24-008749-003/2024(H5N1)	1494	372
PB2|PP755596.1|A/cattle/Texas/24-008749-003/2024(H5N1)	1495	373
PB2|PP755596.1|A/cattle/Texas/24-008749-003/2024(H5N1)	1496	393
PB2|PP755596.1|A/cattle/Texas/24-008749-003/2024(H5N1)	1497	390
PB2|PP755596.1|A/cattle/Texas/24-008749-003/2024(H5N1)	1498	390
PB2|PP755596.1|A/cattle/Texas/24-008749-003/2024(H5N1)	1499	390
PB2|PP755596.1|A/cattle/Texas/24-008749-003/2024(H5N1)	1500	395
PB2|PP755596.1|A/cattle/Texas/24-008749-003/2024(H5N1)	1501	405
PB2|PP755596.1|A/cattle/Texas/24-008749-003/2024(H5N1)	1502	405
PB2|PP755596.1|A/cattle/Texas/24-008749-003/2024(H5N1)	1503	407
PB2|PP755596.1|A/cattle/Texas/24-008749-003/2024(H5N1)	1504	407
PB2|PP755596.1|A/cattle/Texas/24-008749-003/2024(H5N1)	1505	407
PB2|PP755596.1|A/cattle/Texas/24-008749-003/2024(H5N1)	1506	409
PB2|PP755596.1|A/cattle/Texas/24-008749-003/2024(H5N1)	1507	402
PB2|PP755596.1|A/cattle/Texas/24-008749-003/2024(H5N1)	1508	397
PB2|PP755596.1|A/cattle/Texas/24-008749-003/2024(H5N1)	1509	392
PB2|PP755596.1|A/cattle/Texas/24-008749-003/2024(H5N1)	1510	393
PB2|PP755596.1|A/cattle/Texas/24-008749-003/2024(H5N1)	1511	393
PB2|PP755596.1|A/cattle/Texas/24-008749-003/2024(H5N1)	1512	393
PB2|PP755596.1|A/cattle/Texas/24-008749-003/2024(H5N1)	1513	392
PB2|PP755596.1|A/cattle/Texas/24-008749-003/2024(H5N1)	1514	392
PB2|PP755596.1|A/cattle/Texas/24-008749-003/2024(H5N1)	1515	392
PB2|PP755596.1|A/cattle/Texas/24-008749-003/2024(H5N1)	1516	392
PB2|PP755596.1|A/cattle/Texas/24-008749-003/2024(H5N1)	1517	392
PB2|PP755596.1|A/cattle/Texas/24-008749-003/2024(H5N1)	1518	397
PB2|PP755596.1|A/cattle/Texas/24-008749-003/2024(H5N1)	1519	389
PB2|PP755596.1|A/cattle/Texas/24-008749-003/2024(H5N1)	1520	389
PB2|PP755596.1|A/cattle/Texas/24-008749-003/2024(H5N1)	1521	389
PB2|PP755596.1|A/cattle/Texas/24-008749-003/2024(H5N1)	1522	389
PB2|PP755596.1|A/cattle/Texas/24-008749-003/2024(H5N1)	1523	389
PB2|PP755596.1|A/cattle/Texas/24-008749-003/2024(H5N1)	1524	393
PB2|PP755596.1|A/cattle/Texas/24-008749-003/2024(H5N1)	1525	392
PB2|PP755596.1|A/cattle/Texas/24-008749-003/2024(H5N1)	1526	392
PB2|PP755596.1|A/cattle/Texas/24-008749-003/2024(H5N1)	1527	397
PB2|PP755596.1|A/cattle/Texas/24-008749-003/2024(H5N1)	1528	396
PB2|PP755596.1|A/cattle/Texas/24-008749-003/2024(H5N1)	1529	409
PB2|PP755596.1|A/cattle/Texas/24-008749-003/2024(H5N1)	1530	404
PB2|PP755596.1|A/cattle/Texas/24-008749-003/2024(H5N1)	1531	431
PB2|PP755596.1|A/cattle/Texas/24-008749-003/2024(H5N1)	1532	431
PB2|PP755596.1|A/cattle/Texas/24-008749-003/2024(H5N1)	1533	429
PB2|PP755596.1|A/cattle/Texas/24-008749-003/2024(H5N1)	1534	422
PB2|PP755596.1|A/cattle/Texas/24-008749-003/2024(H5N1)	1535	420
PB2|PP755596.1|A/cattle/Texas/24-008749-003/2024(H5N1)	1536	423
PB2|PP755596.1|A/cattle/Texas/24-008749-003/2024(H5N1)	1537	422
PB2|PP755596.1|A/cattle/Texas/24-008749-003/2024(H5N1)	1538	415
PB2|PP755596.1|A/cattle/Texas/24-008749-003/2024(H5N1)	1539	415
PB2|PP755596.1|A/cattle/Texas/24-008749-003/2024(H5N1)	1540	395
PB2|PP755596.1|A/cattle/Texas/24-008749-003/2024(H5N1)	1541	396
PB2|PP755596.1|A/cattle/Texas/24-008749-003/2024(H5N1)	1542	396
PB2|PP755596.1|A/cattle/Texas/24-008749-003/2024(H5N1)	1543	392
PB2|PP755596.1|A/cattle/Texas/24-008749-003/2024(H5N1)	1544	392
PB2|PP755596.1|A/cattle/Texas/24-008749-003/2024(H5N1)	1545	387
PB2|PP755596.1|A/cattle/Texas/24-008749-003/2024(H5N1)	1546	385
PB2|PP755596.1|A/cattle/Texas/24-008749-003/2024(H5N1)	1547	386
PB2|PP755596.1|A/cattle/Texas/24-008749-003/2024(H5N1)	1548	382
PB2|PP755596.1|A/cattle/Texas/24-008749-003/2024(H5N1)	1549	383
PB2|PP755596.1|A/cattle/Texas/24-008749-003/2024(H5N1)	1550	386
PB2|PP755596.1|A/cattle/Texas/24-008749-003/2024(H5N1)	1551	388
PB2|PP755596.1|A/cattle/Texas/24-008749-003/2024(H5N1)	1552	385
PB2|PP755596.1|A/cattle/Texas/24-008749-003/2024(H5N1)	1553	382
PB2|PP755596.1|A/cattle/Texas/24-008749-003/2024(H5N1)	1554	376
PB2|PP755596.1|A/cattle/Texas/24-008749-003/2024(H5N1)	1555	376
PB2|PP755596.1|A/cattle/Texas/24-008749-003/2024(H5N1)	1556	376
PB2|PP755596.1|A/cattle/Texas/24-008749-003/2024(H5N1)	1557	381
PB2|PP755596.1|A/cattle/Texas/24-008749-003/2024(H5N1)	1558	380
PB2|PP755596.1|A/cattle/Texas/24-008749-003/2024(H5N1)	1559	381
PB2|PP755596.1|A/cattle/Texas/24-008749-003/2024(H5N1)	1560	376
PB2|PP755596.1|A/cattle/Texas/24-008749-003/2024(H5N1)	1561	387
PB2|PP755596.1|A/cattle/Texas/24-008749-003/2024(H5N1)	1562	387
PB2|PP755596.1|A/cattle/Texas/24-008749-003/2024(H5N1)	1563	385
PB2|PP755596.1|A/cattle/Texas/24-008749-003/2024(H5N1)	1564	385
PB2|PP755596.1|A/cattle/Texas/24-008749-003/2024(H5N1)	1565	387
PB2|PP755596.1|A/cattle/Texas/24-008749-003/2024(H5N1)	1566	387
PB2|PP755596.1|A/cattle/Texas/24-008749-003/2024(H5N1)	1567	387
PB2|PP755596.1|A/cattle/Texas/24-008749-003/2024(H5N1)	1568	399
PB2|PP755596.1|A/cattle/Texas/24-008749-003/2024(H5N1)	1569	402
PB2|PP755596.1|A/cattle/Texas/24-008749-003/2024(H5N1)	1570	397
PB2|PP755596.1|A/cattle/Texas/24-008749-003/2024(H5N1)	1571	399
PB2|PP755596.1|A/cattle/Texas/24-008749-003/2024(H5N1)	1572	398
PB2|PP755596.1|A/cattle/Texas/24-008749-003/2024(H5N1)	1573	397
PB2|PP755596.1|A/cattle/Texas/24-008749-003/2024(H5N1)	1574	399
PB2|PP755596.1|A/cattle/Texas/24-008749-003/2024(H5N1)	1575	401
PB2|PP755596.1|A/cattle/Texas/24-008749-003/2024(H5N1)	1576	402
PB2|PP755596.1|A/cattle/Texas/24-008749-003/2024(H5N1)	1577	400
PB2|PP755596.1|A/cattle/Texas/24-008749-003/2024(H5N1)	1578	400
PB2|PP755596.1|A/cattle/Texas/24-008749-003/2024(H5N1)	1579	399
PB2|PP755596.1|A/cattle/Texas/24-008749-003/2024(H5N1)	1580	399
PB2|PP755596.1|A/cattle/Texas/24-008749-003/2024(H5N1)	1581	372
PB2|PP755596.1|A/cattle/Texas/24-008749-003/2024(H5N1)	1582	372
PB2|PP755596.1|A/cattle/Texas/24-008749-003/2024(H5N1)	1583	369
PB2|PP755596.1|A/cattle/Texas/24-008749-003/2024(H5N1)	1584	368
PB2|PP755596.1|A/cattle/Texas/24-008749-003/2024(H5N1)	1585	369
PB2|PP755596.1|A/cattle/Texas/24-008749-003/2024(H5N1)	1586	371
PB2|PP755596.1|A/cattle/Texas/24-008749-003/2024(H5N1)	1587	370
PB2|PP755596.1|A/cattle/Texas/24-008749-003/2024(H5N1)	1588	370
PB2|PP755596.1|A/cattle/Texas/24-008749-003/2024(H5N1)	1589	367
PB2|PP755596.1|A/cattle/Texas/24-008749-003/2024(H5N1)	1590	367
PB2|PP755596.1|A/cattle/Texas/24-008749-003/2024(H5N1)	1591	367
PB2|PP755596.1|A/cattle/Texas/24-008749-003/2024(H5N1)	1592	366
PB2|PP755596.1|A/cattle/Texas/24-008749-003/2024(H5N1)	1593	367
PB2|PP755596.1|A/cattle/Texas/24-008749-003/2024(H5N1)	1594	366
PB2|PP755596.1|A/cattle/Texas/24-008749-003/2024(H5N1)	1595	376
PB2|PP755596.1|A/cattle/Texas/24-008749-003/2024(H5N1)	1596	378
PB2|PP755596.1|A/cattle/Texas/24-008749-003/2024(H5N1)	1597	374
PB2|PP755596.1|A/cattle/Texas/24-008749-003/2024(H5N1)	1598	373
PB2|PP755596.1|A/cattle/Texas/24-008749-003/2024(H5N1)	1599	373
PB2|PP755596.1|A/cattle/Texas/24-008749-003/2024(H5N1)	1600	373
PB2|PP755596.1|A/cattle/Texas/24-008749-003/2024(H5N1)	1601	370
PB2|PP755596.1|A/cattle/Texas/24-008749-003/2024(H5N1)	1602	372
PB2|PP755596.1|A/cattle/Texas/24-008749-003/2024(H5N1)	1603	374
PB2|PP755596.1|A/cattle/Texas/24-008749-003/2024(H5N1)	1604	375
PB2|PP755596.1|A/cattle/Texas/24-008749-003/2024(H5N1)	1605	376
PB2|PP755596.1|A/cattle/Texas/24-008749-003/2024(H5N1)	1606	381
PB2|PP755596.1|A/cattle/Texas/24-008749-003/2024(H5N1)	1607	377
PB2|PP755596.1|A/cattle/Texas/24-008749-003/2024(H5N1)	1608	377
PB2|PP755596.1|A/cattle/Texas/24-008749-003/2024(H5N1)	1609	378
PB2|PP755596.1|A/cattle/Texas/24-008749-003/2024(H5N1)	1610	372
PB2|PP755596.1|A/cattle/Texas/24-008749-003/2024(H5N1)	1611	381
PB2|PP755596.1|A/cattle/Texas/24-008749-003/2024(H5N1)	1612	380
PB2|PP755596.1|A/cattle/Texas/24-008749-003/2024(H5N1)	1613	375
PB2|PP755596.1|A/cattle/Texas/24-008749-003/2024(H5N1)	1614	378
PB2|PP755596.1|A/cattle/Texas/24-008749-003/2024(H5N1)	1615	317
PB2|PP755596.1|A/cattle/Texas/24-008749-003/2024(H5N1)	1616	317
PB2|PP755596.1|A/cattle/Texas/24-008749-003/2024(H5N1)	1617	323
PB2|PP755596.1|A/cattle/Texas/24-008749-003/2024(H5N1)	1618	322
PB2|PP755596.1|A/cattle/Texas/24-008749-003/2024(H5N1)	1619	323
PB2|PP755596.1|A/cattle/Texas/24-008749-003/2024(H5N1)	1620	314
PB2|PP755596.1|A/cattle/Texas/24-008749-003/2024(H5N1)	1621	314
PB2|PP755596.1|A/cattle/Texas/24-008749-003/2024(H5N1)	1622	329
PB2|PP755596.1|A/cattle/Texas/24-008749-003/2024(H5N1)	1623	328
PB2|PP755596.1|A/cattle/Texas/24-008749-003/2024(H5N1)	1624	327
PB2|PP755596.1|A/cattle/Texas/24-008749-003/2024(H5N1)	1625	327
PB2|PP755596.1|A/cattle/Texas/24-008749-003/2024(H5N1)	1626	356
PB2|PP755596.1|A/cattle/Texas/24-008749-003/2024(H5N1)	1627	362
PB2|PP755596.1|A/cattle/Texas/24-008749-003/2024(H5N1)	1628	363
PB2|PP755596.1|A/cattle/Texas/24-008749-003/2024(H5N1)	1629	353
PB2|PP755596.1|A/cattle/Texas/24-008749-003/2024(H5N1)	1630	356
PB2|PP755596.1|A/cattle/Texas/24-008749-003/2024(H5N1)	1631	358
PB2|PP755596.1|A/cattle/Texas/24-008749-003/2024(H5N1)	1632	358
PB2|PP755596.1|A/cattle/Texas/24-008749-003/2024(H5N1)	1633	368
PB2|PP755596.1|A/cattle/Texas/24-008749-003/2024(H5N1)	1634	368
PB2|PP755596.1|A/cattle/Texas/24-008749-003/2024(H5N1)	1635	368
PB2|PP755596.1|A/cattle/Texas/24-008749-003/2024(H5N1)	1636	365
PB2|PP755596.1|A/cattle/Texas/24-008749-003/2024(H5N1)	1637	364
PB2|PP755596.1|A/cattle/Texas/24-008749-003/2024(H5N1)	1638	377
PB2|PP755596.1|A/cattle/Texas/24-008749-003/2024(H5N1)	1639	379
PB2|PP755596.1|A/cattle/Texas/24-008749-003/2024(H5N1)	1640	380
PB2|PP755596.1|A/cattle/Texas/24-008749-003/2024(H5N1)	1641	380
PB2|PP755596.1|A/cattle/Texas/24-008749-003/2024(H5N1)	1642	370
PB2|PP755596.1|A/cattle/Texas/24-008749-003/2024(H5N1)	1643	385
PB2|PP755596.1|A/cattle/Texas/24-008749-003/2024(H5N1)	1644	385
PB2|PP755596.1|A/cattle/Texas/24-008749-003/2024(H5N1)	1645	387
PB2|PP755596.1|A/cattle/Texas/24-008749-003/2024(H5N1)	1646	390
PB2|PP755596.1|A/cattle/Texas/24-008749-003/2024(H5N1)	1647	370
PB2|PP755596.1|A/cattle/Texas/24-008749-003/2024(H5N1)	1648	372
PB2|PP755596.1|A/cattle/Texas/24-008749-003/2024(H5N1)	1649	372
PB2|PP755596.1|A/cattle/Texas/24-008749-003/2024(H5N1)	1650	372
PB2|PP755596.1|A/cattle/Texas/24-008749-003/2024(H5N1)	1651	367
PB2|PP755596.1|A/cattle/Texas/24-008749-003/2024(H5N1)	1652	355
PB2|PP755596.1|A/cattle/Texas/24-008749-003/2024(H5N1)	1653	356
PB2|PP755596.1|A/cattle/Texas/24-008749-003/2024(H5N1)	1654	366
PB2|PP755596.1|A/cattle/Texas/24-008749-003/2024(H5N1)	1655	368
PB2|PP755596.1|A/cattle/Texas/24-008749-003/2024(H5N1)	1656	369
PB2|PP755596.1|A/cattle/Texas/24-008749-003/2024(H5N1)	1657	369
PB2|PP755596.1|A/cattle/Texas/24-008749-003/2024(H5N1)	1658	369
PB2|PP755596.1|A/cattle/Texas/24-008749-003/2024(H5N1)	1659	368
PB2|PP755596.1|A/cattle/Texas/24-008749-003/2024(H5N1)	1660	368
PB2|PP755596.1|A/cattle/Texas/24-008749-003/2024(H5N1)	1661	366
PB2|PP755596.1|A/cattle/Texas/24-008749-003/2024(H5N1)	1662	365
PB2|PP755596.1|A/cattle/Texas/24-008749-003/2024(H5N1)	1663	363
PB2|PP755596.1|A/cattle/Texas/24-008749-003/2024(H5N1)	1664	363
PB2|PP755596.1|A/cattle/Texas/24-008749-003/2024(H5N1)	1665	364
PB2|PP755596.1|A/cattle/Texas/24-008749-003/2024(H5N1)	1666	372
PB2|PP755596.1|A/cattle/Texas/24-008749-003/2024(H5N1)	1667	372
PB2|PP755596.1|A/cattle/Texas/24-008749-003/2024(H5N1)	1668	375
PB2|PP755596.1|A/cattle/Texas/24-008749-003/2024(H5N1)	1669	367
PB2|PP755596.1|A/cattle/Texas/24-008749-003/2024(H5N1)	1670	366
PB2|PP755596.1|A/cattle/Texas/24-008749-003/2024(H5N1)	1671	366
PB2|PP755596.1|A/cattle/Texas/24-008749-003/2024(H5N1)	1672	366
PB2|PP755596.1|A/cattle/Texas/24-008749-003/2024(H5N1)	1673	375
PB2|PP755596.1|A/cattle/Texas/24-008749-003/2024(H5N1)	1674	376
PB2|PP755596.1|A/cattle/Texas/24-008749-003/2024(H5N1)	1675	369
PB2|PP755596.1|A/cattle/Texas/24-008749-003/2024(H5N1)	1676	371
PB2|PP755596.1|A/cattle/Texas/24-008749-003/2024(H5N1)	1677	365
PB2|PP755596.1|A/cattle/Texas/24-008749-003/2024(H5N1)	1678	366
PB2|PP755596.1|A/cattle/Texas/24-008749-003/2024(H5N1)	1679	371
PB2|PP755596.1|A/cattle/Texas/24-008749-003/2024(H5N1)	1680	357
PB2|PP755596.1|A/cattle/Texas/24-008749-003/2024(H5N1)	1681	359
PB2|PP755596.1|A/cattle/Texas/24-008749-003/2024(H5N1)	1682	332
PB2|PP755596.1|A/cattle/Texas/24-008749-003/2024(H5N1)	1683	332
PB2|PP755596.1|A/cattle/Texas/24-008749-003/2024(H5N1)	1684	332
PB2|PP755596.1|A/cattle/Texas/24-008749-003/2024(H5N1)	1685	341
PB2|PP755596.1|A/cattle/Texas/24-008749-003/2024(H5N1)	1686	341
PB2|PP755596.1|A/cattle/Texas/24-008749-003/2024(H5N1)	1687	338
PB2|PP755596.1|A/cattle/Texas/24-008749-003/2024(H5N1)	1688	337
PB2|PP755596.1|A/cattle/Texas/24-008749-003/2024(H5N1)	1689	337
PB2|PP755596.1|A/cattle/Texas/24-008749-003/2024(H5N1)	1690	340
PB2|PP755596.1|A/cattle/Texas/24-008749-003/2024(H5N1)	1691	348
PB2|PP755596.1|A/cattle/Texas/24-008749-003/2024(H5N1)	1692	352
PB2|PP755596.1|A/cattle/Texas/24-008749-003/2024(H5N1)	1693	359
PB2|PP755596.1|A/cattle/Texas/24-008749-003/2024(H5N1)	1694	362
PB2|PP755596.1|A/cattle/Texas/24-008749-003/2024(H5N1)	1695	369
PB2|PP755596.1|A/cattle/Texas/24-008749-003/2024(H5N1)	1696	368
PB2|PP755596.1|A/cattle/Texas/24-008749-003/2024(H5N1)	1697	368
PB2|PP755596.1|A/cattle/Texas/24-008749-003/2024(H5N1)	1698	370
PB2|PP755596.1|A/cattle/Texas/24-008749-003/2024(H5N1)	1699	370
PB2|PP755596.1|A/cattle/Texas/24-008749-003/2024(H5N1)	1700	365
PB2|PP755596.1|A/cattle/Texas/24-008749-003/2024(H5N1)	1701	367
PB2|PP755596.1|A/cattle/Texas/24-008749-003/2024(H5N1)	1702	369
PB2|PP755596.1|A/cattle/Texas/24-008749-003/2024(H5N1)	1703	375
PB2|PP755596.1|A/cattle/Texas/24-008749-003/2024(H5N1)	1704	377
PB2|PP755596.1|A/cattle/Texas/24-008749-003/2024(H5N1)	1705	375
PB2|PP755596.1|A/cattle/Texas/24-008749-003/2024(H5N1)	1706	376
PB2|PP755596.1|A/cattle/Texas/24-008749-003/2024(H5N1)	1707	373
PB2|PP755596.1|A/cattle/Texas/24-008749-003/2024(H5N1)	1708	376
PB2|PP755596.1|A/cattle/Texas/24-008749-003/2024(H5N1)	1709	376
PB2|PP755596.1|A/cattle/Texas/24-008749-003/2024(H5N1)	1710	375
PB2|PP755596.1|A/cattle/Texas/24-008749-003/2024(H5N1)	1711	380
PB2|PP755596.1|A/cattle/Texas/24-008749-003/2024(H5N1)	1712	371
PB2|PP755596.1|A/cattle/Texas/24-008749-003/2024(H5N1)	1713	373
PB2|PP755596.1|A/cattle/Texas/24-008749-003/2024(H5N1)	1714	373
PB2|PP755596.1|A/cattle/Texas/24-008749-003/2024(H5N1)	1715	373
PB2|PP755596.1|A/cattle/Texas/24-008749-003/2024(H5N1)	1716	373
PB2|PP755596.1|A/cattle/Texas/24-008749-003/2024(H5N1)	1717	367
PB2|PP755596.1|A/cattle/Texas/24-008749-003/2024(H5N1)	1718	370
PB2|PP755596.1|A/cattle/Texas/24-008749-003/2024(H5N1)	1719	361
PB2|PP755596.1|A/cattle/Texas/24-008749-003/2024(H5N1)	1720	361
PB2|PP755596.1|A/cattle/Texas/24-008749-003/2024(H5N1)	1721	361
PB2|PP755596.1|A/cattle/Texas/24-008749-003/2024(H5N1)	1722	361
PB2|PP755596.1|A/cattle/Texas/24-008749-003/2024(H5N1)	1723	365
PB2|PP755596.1|A/cattle/Texas/24-008749-003/2024(H5N1)	1724	365
PB2|PP755596.1|A/cattle/Texas/24-008749-003/2024(H5N1)	1725	365
PB2|PP755596.1|A/cattle/Texas/24-008749-003/2024(H5N1)	1726	365
PB2|PP755596.1|A/cattle/Texas/24-008749-003/2024(H5N1)	1727	363
PB2|PP755596.1|A/cattle/Texas/24-008749-003/2024(H5N1)	1728	366
PB2|PP755596.1|A/cattle/Texas/24-008749-003/2024(H5N1)	1729	369
PB2|PP755596.1|A/cattle/Texas/24-008749-003/2024(H5N1)	1730	369
PB2|PP755596.1|A/cattle/Texas/24-008749-003/2024(H5N1)	1731	368
PB2|PP755596.1|A/cattle/Texas/24-008749-003/2024(H5N1)	1732	367
PB2|PP755596.1|A/cattle/Texas/24-008749-003/2024(H5N1)	1733	373
PB2|PP755596.1|A/cattle/Texas/24-008749-003/2024(H5N1)	1734	373
PB2|PP755596.1|A/cattle/Texas/24-008749-003/2024(H5N1)	1735	374
PB2|PP755596.1|A/cattle/Texas/24-008749-003/2024(H5N1)	1736	373
PB2|PP755596.1|A/cattle/Texas/24-008749-003/2024(H5N1)	1737	389
PB2|PP755596.1|A/cattle/Texas/24-008749-003/2024(H5N1)	1738	388
PB2|PP755596.1|A/cattle/Texas/24-008749-003/2024(H5N1)	1739	390
PB2|PP755596.1|A/cattle/Texas/24-008749-003/2024(H5N1)	1740	389
PB2|PP755596.1|A/cattle/Texas/24-008749-003/2024(H5N1)	1741	389
PB2|PP755596.1|A/cattle/Texas/24-008749-003/2024(H5N1)	1742	391
PB2|PP755596.1|A/cattle/Texas/24-008749-003/2024(H5N1)	1743	391
PB2|PP755596.1|A/cattle/Texas/24-008749-003/2024(H5N1)	1744	397
PB2|PP755596.1|A/cattle/Texas/24-008749-003/2024(H5N1)	1745	397
PB2|PP755596.1|A/cattle/Texas/24-008749-003/2024(H5N1)	1746	382
PB2|PP755596.1|A/cattle/Texas/24-008749-003/2024(H5N1)	1747	381
PB2|PP755596.1|A/cattle/Texas/24-008749-003/2024(H5N1)	1748	381
PB2|PP755596.1|A/cattle/Texas/24-008749-003/2024(H5N1)	1749	383
PB2|PP755596.1|A/cattle/Texas/24-008749-003/2024(H5N1)	1750	384
PB2|PP755596.1|A/cattle/Texas/24-008749-003/2024(H5N1)	1751	384
PB2|PP755596.1|A/cattle/Texas/24-008749-003/2024(H5N1)	1752	408
PB2|PP755596.1|A/cattle/Texas/24-008749-003/2024(H5N1)	1753	405
PB2|PP755596.1|A/cattle/Texas/24-008749-003/2024(H5N1)	1754	401
PB2|PP755596.1|A/cattle/Texas/24-008749-003/2024(H5N1)	1755	401
PB2|PP755596.1|A/cattle/Texas/24-008749-003/2024(H5N1)	1756	400
PB2|PP755596.1|A/cattle/Texas/24-008749-003/2024(H5N1)	1757	399
PB2|PP755596.1|A/cattle/Texas/24-008749-003/2024(H5N1)	1758	399
PB2|PP755596.1|A/cattle/Texas/24-008749-003/2024(H5N1)	1759	397
PB2|PP755596.1|A/cattle/Texas/24-008749-003/2024(H5N1)	1760	398
PB2|PP755596.1|A/cattle/Texas/24-008749-003/2024(H5N1)	1761	390
PB2|PP755596.1|A/cattle/Texas/24-008749-003/2024(H5N1)	1762	391
PB2|PP755596.1|A/cattle/Texas/24-008749-003/2024(H5N1)	1763	396
PB2|PP755596.1|A/cattle/Texas/24-008749-003/2024(H5N1)	1764	393
PB2|PP755596.1|A/cattle/Texas/24-008749-003/2024(H5N1)	1765	391
PB2|PP755596.1|A/cattle/Texas/24-008749-003/2024(H5N1)	1766	391
PB2|PP755596.1|A/cattle/Texas/24-008749-003/2024(H5N1)	1767	393
PB2|PP755596.1|A/cattle/Texas/24-008749-003/2024(H5N1)	1768	414
PB2|PP755596.1|A/cattle/Texas/24-008749-003/2024(H5N1)	1769	419
PB2|PP755596.1|A/cattle/Texas/24-008749-003/2024(H5N1)	1770	420
PB2|PP755596.1|A/cattle/Texas/24-008749-003/2024(H5N1)	1771	420
PB2|PP755596.1|A/cattle/Texas/24-008749-003/2024(H5N1)	1772	420
PB2|PP755596.1|A/cattle/Texas/24-008749-003/2024(H5N1)	1773	420
PB2|PP755596.1|A/cattle/Texas/24-008749-003/2024(H5N1)	1774	420
PB2|PP755596.1|A/cattle/Texas/24-008749-003/2024(H5N1)	1775	417
PB2|PP755596.1|A/cattle/Texas/24-008749-003/2024(H5N1)	1776	420
PB2|PP755596.1|A/cattle/Texas/24-008749-003/2024(H5N1)	1777	375
PB2|PP755596.1|A/cattle/Texas/24-008749-003/2024(H5N1)	1778	375
PB2|PP755596.1|A/cattle/Texas/24-008749-003/2024(H5N1)	1779	371
PB2|PP755596.1|A/cattle/Texas/24-008749-003/2024(H5N1)	1780	369
PB2|PP755596.1|A/cattle/Texas/24-008749-003/2024(H5N1)	1781	369
PB2|PP755596.1|A/cattle/Texas/24-008749-003/2024(H5N1)	1782	361
PB2|PP755596.1|A/cattle/Texas/24-008749-003/2024(H5N1)	1783	365
PB2|PP755596.1|A/cattle/Texas/24-008749-003/2024(H5N1)	1784	354
PB2|PP755596.1|A/cattle/Texas/24-008749-003/2024(H5N1)	1785	354
PB2|PP755596.1|A/cattle/Texas/24-008749-003/2024(H5N1)	1786	353
PB2|PP755596.1|A/cattle/Texas/24-008749-003/2024(H5N1)	1787	348
PB2|PP755596.1|A/cattle/Texas/24-008749-003/2024(H5N1)	1788	348
PB2|PP755596.1|A/cattle/Texas/24-008749-003/2024(H5N1)	1789	336
PB2|PP755596.1|A/cattle/Texas/24-008749-003/2024(H5N1)	1790	337
PB2|PP755596.1|A/cattle/Texas/24-008749-003/2024(H5N1)	1791	336
PB2|PP755596.1|A/cattle/Texas/24-008749-003/2024(H5N1)	1792	340
PB2|PP755596.1|A/cattle/Texas/24-008749-003/2024(H5N1)	1793	339
PB2|PP755596.1|A/cattle/Texas/24-008749-003/2024(H5N1)	1794	334
PB2|PP755596.1|A/cattle/Texas/24-008749-003/2024(H5N1)	1795	337
PB2|PP755596.1|A/cattle/Texas/24-008749-003/2024(H5N1)	1796	336
PB2|PP755596.1|A/cattle/Texas/24-008749-003/2024(H5N1)	1797	340
PB2|PP755596.1|A/cattle/Texas/24-008749-003/2024(H5N1)	1798	340
PB2|PP755596.1|A/cattle/Texas/24-008749-003/2024(H5N1)	1799	338
PB2|PP755596.1|A/cattle/Texas/24-008749-003/2024(H5N1)	1800	338
PB2|PP755596.1|A/cattle/Texas/24-008749-003/2024(H5N1)	1801	338
PB2|PP755596.1|A/cattle/Texas/24-008749-003/2024(H5N1)	1802	333
PB2|PP755596.1|A/cattle/Texas/24-008749-003/2024(H5N1)	1803	334
PB2|PP755596.1|A/cattle/Texas/24-008749-003/2024(H5N1)	1804	328
PB2|PP755596.1|A/cattle/Texas/24-008749-003/2024(H5N1)	1805	321
PB2|PP755596.1|A/cattle/Texas/24-008749-003/2024(H5N1)	1806	319
PB2|PP755596.1|A/cattle/Texas/24-008749-003/2024(H5N1)	1807	318
PB2|PP755596.1|A/cattle/Texas/24-008749-003/2024(H5N1)	1808	324
PB2|PP755596.1|A/cattle/Texas/24-008749-003/2024(H5N1)	1809	324
PB2|PP755596.1|A/cattle/Texas/24-008749-003/2024(H5N1)	1810	330
PB2|PP755596.1|A/cattle/Texas/24-008749-003/2024(H5N1)	1811	330
PB2|PP755596.1|A/cattle/Texas/24-008749-003/2024(H5N1)	1812	337
PB2|PP755596.1|A/cattle/Texas/24-008749-003/2024(H5N1)	1813	338
PB2|PP755596.1|A/cattle/Texas/24-008749-003/2024(H5N1)	1814	345
PB2|PP755596.1|A/cattle/Texas/24-008749-003/2024(H5N1)	1815	344
PB2|PP755596.1|A/cattle/Texas/24-008749-003/2024(H5N1)	1816	345
PB2|PP755596.1|A/cattle/Texas/24-008749-003/2024(H5N1)	1817	338
PB2|PP755596.1|A/cattle/Texas/24-008749-003/2024(H5N1)	1818	347
PB2|PP755596.1|A/cattle/Texas/24-008749-003/2024(H5N1)	1819	345
PB2|PP755596.1|A/cattle/Texas/24-008749-003/2024(H5N1)	1820	345
PB2|PP755596.1|A/cattle/Texas/24-008749-003/2024(H5N1)	1821	346
PB2|PP755596.1|A/cattle/Texas/24-008749-003/2024(H5N1)	1822	346
PB2|PP755596.1|A/cattle/Texas/24-008749-003/2024(H5N1)	1823	347
PB2|PP755596.1|A/cattle/Texas/24-008749-003/2024(H5N1)	1824	339
PB2|PP755596.1|A/cattle/Texas/24-008749-003/2024(H5N1)	1825	338
PB2|PP755596.1|A/cattle/Texas/24-008749-003/2024(H5N1)	1826	342
PB2|PP755596.1|A/cattle/Texas/24-008749-003/2024(H5N1)	1827	344
PB2|PP755596.1|A/cattle/Texas/24-008749-003/2024(H5N1)	1828	343
PB2|PP755596.1|A/cattle/Texas/24-008749-003/2024(H5N1)	1829	342
PB2|PP755596.1|A/cattle/Texas/24-008749-003/2024(H5N1)	1830	341
PB2|PP755596.1|A/cattle/Texas/24-008749-003/2024(H5N1)	1831	341
PB2|PP755596.1|A/cattle/Texas/24-008749-003/2024(H5N1)	1832	344
PB2|PP755596.1|A/cattle/Texas/24-008749-003/2024(H5N1)	1833	344
PB2|PP755596.1|A/cattle/Texas/24-008749-003/2024(H5N1)	1834	344
PB2|PP755596.1|A/cattle/Texas/24-008749-003/2024(H5N1)	1835	349
PB2|PP755596.1|A/cattle/Texas/24-008749-003/2024(H5N1)	1836	335
PB2|PP755596.1|A/cattle/Texas/24-008749-003/2024(H5N1)	1837	350
PB2|PP755596.1|A/cattle/Texas/24-008749-003/2024(H5N1)	1838	350
PB2|PP755596.1|A/cattle/Texas/24-008749-003/2024(H5N1)	1839	350
PB2|PP755596.1|A/cattle/Texas/24-008749-003/2024(H5N1)	1840	350
PB2|PP755596.1|A/cattle/Texas/24-008749-003/2024(H5N1)	1841	347
PB2|PP755596.1|A/cattle/Texas/24-008749-003/2024(H5N1)	1842	339
PB2|PP755596.1|A/cattle/Texas/24-008749-003/2024(H5N1)	1843	338
PB2|PP755596.1|A/cattle/Texas/24-008749-003/2024(H5N1)	1844	334
PB2|PP755596.1|A/cattle/Texas/24-008749-003/2024(H5N1)	1845	333
PB2|PP755596.1|A/cattle/Texas/24-008749-003/2024(H5N1)	1846	327
PB2|PP755596.1|A/cattle/Texas/24-008749-003/2024(H5N1)	1847	327
PB2|PP755596.1|A/cattle/Texas/24-008749-003/2024(H5N1)	1848	327
PB2|PP755596.1|A/cattle/Texas/24-008749-003/2024(H5N1)	1849	332
PB2|PP755596.1|A/cattle/Texas/24-008749-003/2024(H5N1)	1850	335
PB2|PP755596.1|A/cattle/Texas/24-008749-003/2024(H5N1)	1851	338
PB2|PP755596.1|A/cattle/Texas/24-008749-003/2024(H5N1)	1852	327
PB2|PP755596.1|A/cattle/Texas/24-008749-003/2024(H5N1)	1853	323
PB2|PP755596.1|A/cattle/Texas/24-008749-003/2024(H5N1)	1854	322
PB2|PP755596.1|A/cattle/Texas/24-008749-003/2024(H5N1)	1855	319
PB2|PP755596.1|A/cattle/Texas/24-008749-003/2024(H5N1)	1856	319
PB2|PP755596.1|A/cattle/Texas/24-008749-003/2024(H5N1)	1857	336
PB2|PP755596.1|A/cattle/Texas/24-008749-003/2024(H5N1)	1858	333
PB2|PP755596.1|A/cattle/Texas/24-008749-003/2024(H5N1)	1859	351
PB2|PP755596.1|A/cattle/Texas/24-008749-003/2024(H5N1)	1860	351
PB2|PP755596.1|A/cattle/Texas/24-008749-003/2024(H5N1)	1861	345
PB2|PP755596.1|A/cattle/Texas/24-008749-003/2024(H5N1)	1862	346
PB2|PP755596.1|A/cattle/Texas/24-008749-003/2024(H5N1)	1863	346
PB2|PP755596.1|A/cattle/Texas/24-008749-003/2024(H5N1)	1864	342
PB2|PP755596.1|A/cattle/Texas/24-008749-003/2024(H5N1)	1865	342
PB2|PP755596.1|A/cattle/Texas/24-008749-003/2024(H5N1)	1866	341
PB2|PP755596.1|A/cattle/Texas/24-008749-003/2024(H5N1)	1867	341
PB2|PP755596.1|A/cattle/Texas/24-008749-003/2024(H5N1)	1868	340
PB2|PP755596.1|A/cattle/Texas/24-008749-003/2024(H5N1)	1869	341
PB2|PP755596.1|A/cattle/Texas/24-008749-003/2024(H5N1)	1870	341
PB2|PP755596.1|A/cattle/Texas/24-008749-003/2024(H5N1)	1871	343
PB2|PP755596.1|A/cattle/Texas/24-008749-003/2024(H5N1)	1872	337
PB2|PP755596.1|A/cattle/Texas/24-008749-003/2024(H5N1)	1873	336
PB2|PP755596.1|A/cattle/Texas/24-008749-003/2024(H5N1)	1874	339
PB2|PP755596.1|A/cattle/Texas/24-008749-003/2024(H5N1)	1875	340
PB2|PP755596.1|A/cattle/Texas/24-008749-003/2024(H5N1)	1876	340
PB2|PP755596.1|A/cattle/Texas/24-008749-003/2024(H5N1)	1877	340
PB2|PP755596.1|A/cattle/Texas/24-008749-003/2024(H5N1)	1878	339
PB2|PP755596.1|A/cattle/Texas/24-008749-003/2024(H5N1)	1879	348
PB2|PP755596.1|A/cattle/Texas/24-008749-003/2024(H5N1)	1880	349
PB2|PP755596.1|A/cattle/Texas/24-008749-003/2024(H5N1)	1881	349
PB2|PP755596.1|A/cattle/Texas/24-008749-003/2024(H5N1)	1882	349
PB2|PP755596.1|A/cattle/Texas/24-008749-003/2024(H5N1)	1883	347
PB2|PP755596.1|A/cattle/Texas/24-008749-003/2024(H5N1)	1884	349
PB2|PP755596.1|A/cattle/Texas/24-008749-003/2024(H5N1)	1885	349
PB2|PP755596.1|A/cattle/Texas/24-008749-003/2024(H5N1)	1886	350
PB2|PP755596.1|A/cattle/Texas/24-008749-003/2024(H5N1)	1887	350
PB2|PP755596.1|A/cattle/Texas/24-008749-003/2024(H5N1)	1888	331
PB2|PP755596.1|A/cattle/Texas/24-008749-003/2024(H5N1)	1889	333
PB2|PP755596.1|A/cattle/Texas/24-008749-003/2024(H5N1)	1890	331
PB2|PP755596.1|A/cattle/Texas/24-008749-003/2024(H5N1)	1891	340
PB2|PP755596.1|A/cattle/Texas/24-008749-003/2024(H5N1)	1892	333
PB2|PP755596.1|A/cattle/Texas/24-008749-003/2024(H5N1)	1893	335
PB2|PP755596.1|A/cattle/Texas/24-008749-003/2024(H5N1)	1894	339
PB2|PP755596.1|A/cattle/Texas/24-008749-003/2024(H5N1)	1895	340
PB2|PP755596.1|A/cattle/Texas/24-008749-003/2024(H5N1)	1896	344
PB2|PP755596.1|A/cattle/Texas/24-008749-003/2024(H5N1)	1897	344
PB2|PP755596.1|A/cattle/Texas/24-008749-003/2024(H5N1)	1898	343
PB2|PP755596.1|A/cattle/Texas/24-008749-003/2024(H5N1)	1899	342
PB2|PP755596.1|A/cattle/Texas/24-008749-003/2024(H5N1)	1900	340
PB2|PP755596.1|A/cattle/Texas/24-008749-003/2024(H5N1)	1901	344
PB2|PP755596.1|A/cattle/Texas/24-008749-003/2024(H5N1)	1902	336
PB2|PP755596.1|A/cattle/Texas/24-008749-003/2024(H5N1)	1903	327
PB2|PP755596.1|A/cattle/Texas/24-008749-003/2024(H5N1)	1904	330
PB2|PP755596.1|A/cattle/Texas/24-008749-003/2024(H5N1)	1905	328
PB2|PP755596.1|A/cattle/Texas/24-008749-003/2024(H5N1)	1906	335
PB2|PP755596.1|A/cattle/Texas/24-008749-003/2024(H5N1)	1907	332
PB2|PP755596.1|A/cattle/Texas/24-008749-003/2024(H5N1)	1908	332
PB2|PP755596.1|A/cattle/Texas/24-008749-003/2024(H5N1)	1909	336
PB2|PP755596.1|A/cattle/Texas/24-008749-003/2024(H5N1)	1910	333
PB2|PP755596.1|A/cattle/Texas/24-008749-003/2024(H5N1)	1911	337
PB2|PP755596.1|A/cattle/Texas/24-008749-003/2024(H5N1)	1912	344
PB2|PP755596.1|A/cattle/Texas/24-008749-003/2024(H5N1)	1913	342
PB2|PP755596.1|A/cattle/Texas/24-008749-003/2024(H5N1)	1914	343
PB2|PP755596.1|A/cattle/Texas/24-008749-003/2024(H5N1)	1915	344
PB2|PP755596.1|A/cattle/Texas/24-008749-003/2024(H5N1)	1916	343
PB2|PP755596.1|A/cattle/Texas/24-008749-003/2024(H5N1)	1917	343
PB2|PP755596.1|A/cattle/Texas/24-008749-003/2024(H5N1)	1918	343
PB2|PP755596.1|A/cattle/Texas/24-008749-003/2024(H5N1)	1919	320
PB2|PP755596.1|A/cattle/Texas/24-008749-003/2024(H5N1)	1920	319
PB2|PP755596.1|A/cattle/Texas/24-008749-003/2024(H5N1)	1921	314
PB2|PP755596.1|A/cattle/Texas/24-008749-003/2024(H5N1)	1922	314
PB2|PP755596.1|A/cattle/Texas/24-008749-003/2024(H5N1)	1923	312
PB2|PP755596.1|A/cattle/Texas/24-008749-003/2024(H5N1)	1924	301
PB2|PP755596.1|A/cattle/Texas/24-008749-003/2024(H5N1)	1925	310
PB2|PP755596.1|A/cattle/Texas/24-008749-003/2024(H5N1)	1926	314
PB2|PP755596.1|A/cattle/Texas/24-008749-003/2024(H5N1)	1927	312
PB2|PP755596.1|A/cattle/Texas/24-008749-003/2024(H5N1)	1928	311
PB2|PP755596.1|A/cattle/Texas/24-008749-003/2024(H5N1)	1929	311
PB2|PP755596.1|A/cattle/Texas/24-008749-003/2024(H5N1)	1930	314
PB2|PP755596.1|A/cattle/Texas/24-008749-003/2024(H5N1)	1931	313
PB2|PP755596.1|A/cattle/Texas/24-008749-003/2024(H5N1)	1932	313
PB2|PP755596.1|A/cattle/Texas/24-008749-003/2024(H5N1)	1933	313
PB2|PP755596.1|A/cattle/Texas/24-008749-003/2024(H5N1)	1934	308
PB2|PP755596.1|A/cattle/Texas/24-008749-003/2024(H5N1)	1935	308
PB2|PP755596.1|A/cattle/Texas/24-008749-003/2024(H5N1)	1936	305
PB2|PP755596.1|A/cattle/Texas/24-008749-003/2024(H5N1)	1937	305
PB2|PP755596.1|A/cattle/Texas/24-008749-003/2024(H5N1)	1938	305
PB2|PP755596.1|A/cattle/Texas/24-008749-003/2024(H5N1)	1939	305
PB2|PP755596.1|A/cattle/Texas/24-008749-003/2024(H5N1)	1940	305
PB2|PP755596.1|A/cattle/Texas/24-008749-003/2024(H5N1)	1941	304
PB2|PP755596.1|A/cattle/Texas/24-008749-003/2024(H5N1)	1942	300
PB2|PP755596.1|A/cattle/Texas/24-008749-003/2024(H5N1)	1943	298
PB2|PP755596.1|A/cattle/Texas/24-008749-003/2024(H5N1)	1944	303
PB2|PP755596.1|A/cattle/Texas/24-008749-003/2024(H5N1)	1945	304
PB2|PP755596.1|A/cattle/Texas/24-008749-003/2024(H5N1)	1946	300
PB2|PP755596.1|A/cattle/Texas/24-008749-003/2024(H5N1)	1947	300
PB2|PP755596.1|A/cattle/Texas/24-008749-003/2024(H5N1)	1948	297
PB2|PP755596.1|A/cattle/Texas/24-008749-003/2024(H5N1)	1949	301
PB2|PP755596.1|A/cattle/Texas/24-008749-003/2024(H5N1)	1950	304
PB2|PP755596.1|A/cattle/Texas/24-008749-003/2024(H5N1)	1951	310
PB2|PP755596.1|A/cattle/Texas/24-008749-003/2024(H5N1)	1952	312
PB2|PP755596.1|A/cattle/Texas/24-008749-003/2024(H5N1)	1953	311
PB2|PP755596.1|A/cattle/Texas/24-008749-003/2024(H5N1)	1954	311
PB2|PP755596.1|A/cattle/Texas/24-008749-003/2024(H5N1)	1955	322
PB2|PP755596.1|A/cattle/Texas/24-008749-003/2024(H5N1)	1956	326
PB2|PP755596.1|A/cattle/Texas/24-008749-003/2024(H5N1)	1957	326
PB2|PP755596.1|A/cattle/Texas/24-008749-003/2024(H5N1)	1958	324
PB2|PP755596.1|A/cattle/Texas/24-008749-003/2024(H5N1)	1959	328
PB2|PP755596.1|A/cattle/Texas/24-008749-003/2024(H5N1)	1960	325
PB2|PP755596.1|A/cattle/Texas/24-008749-003/2024(H5N1)	1961	322
PB2|PP755596.1|A/cattle/Texas/24-008749-003/2024(H5N1)	1962	316
PB2|PP755596.1|A/cattle/Texas/24-008749-003/2024(H5N1)	1963	315
PB2|PP755596.1|A/cattle/Texas/24-008749-003/2024(H5N1)	1964	312
PB2|PP755596.1|A/cattle/Texas/24-008749-003/2024(H5N1)	1965	312
PB2|PP755596.1|A/cattle/Texas/24-008749-003/2024(H5N1)	1966	317
PB2|PP755596.1|A/cattle/Texas/24-008749-003/2024(H5N1)	1967	316
PB2|PP755596.1|A/cattle/Texas/24-008749-003/2024(H5N1)	1968	308
PB2|PP755596.1|A/cattle/Texas/24-008749-003/2024(H5N1)	1969	309
PB2|PP755596.1|A/cattle/Texas/24-008749-003/2024(H5N1)	1970	310
PB2|PP755596.1|A/cattle/Texas/24-008749-003/2024(H5N1)	1971	310
PB2|PP755596.1|A/cattle/Texas/24-008749-003/2024(H5N1)	1972	349
PB2|PP755596.1|A/cattle/Texas/24-008749-003/2024(H5N1)	1973	350
PB2|PP755596.1|A/cattle/Texas/24-008749-003/2024(H5N1)	1974	351
PB2|PP755596.1|A/cattle/Texas/24-008749-003/2024(H5N1)	1975	357
PB2|PP755596.1|A/cattle/Texas/24-008749-003/2024(H5N1)	1976	357
PB2|PP755596.1|A/cattle/Texas/24-008749-003/2024(H5N1)	1977	365
PB2|PP755596.1|A/cattle/Texas/24-008749-003/2024(H5N1)	1978	366
PB2|PP755596.1|A/cattle/Texas/24-008749-003/2024(H5N1)	1979	368
PB2|PP755596.1|A/cattle/Texas/24-008749-003/2024(H5N1)	1980	373
PB2|PP755596.1|A/cattle/Texas/24-008749-003/2024(H5N1)	1981	378
PB2|PP755596.1|A/cattle/Texas/24-008749-003/2024(H5N1)	1982	382
PB2|PP755596.1|A/cattle/Texas/24-008749-003/2024(H5N1)	1983	381
PB2|PP755596.1|A/cattle/Texas/24-008749-003/2024(H5N1)	1984	383
PB2|PP755596.1|A/cattle/Texas/24-008749-003/2024(H5N1)	1985	385
PB2|PP755596.1|A/cattle/Texas/24-008749-003/2024(H5N1)	1986	385
PB2|PP755596.1|A/cattle/Texas/24-008749-003/2024(H5N1)	1987	398
PB2|PP755596.1|A/cattle/Texas/24-008749-003/2024(H5N1)	1988	383
PB2|PP755596.1|A/cattle/Texas/24-008749-003/2024(H5N1)	1989	383
PB2|PP755596.1|A/cattle/Texas/24-008749-003/2024(H5N1)	1990	384
PB2|PP755596.1|A/cattle/Texas/24-008749-003/2024(H5N1)	1991	388
PB2|PP755596.1|A/cattle/Texas/24-008749-003/2024(H5N1)	1992	391
PB2|PP755596.1|A/cattle/Texas/24-008749-003/2024(H5N1)	1993	389
PB2|PP755596.1|A/cattle/Texas/24-008749-003/2024(H5N1)	1994	388
PB2|PP755596.1|A/cattle/Texas/24-008749-003/2024(H5N1)	1995	387
PB2|PP755596.1|A/cattle/Texas/24-008749-003/2024(H5N1)	1996	387
PB2|PP755596.1|A/cattle/Texas/24-008749-003/2024(H5N1)	1997	388
PB2|PP755596.1|A/cattle/Texas/24-008749-003/2024(H5N1)	1998	388
PB2|PP755596.1|A/cattle/Texas/24-008749-003/2024(H5N1)	1999	403
PB2|PP755596.1|A/cattle/Texas/24-008749-003/2024(H5N1)	2000	397
PB2|PP755596.1|A/cattle/Texas/24-008749-003/2024(H5N1)	2001	407
PB2|PP755596.1|A/cattle/Texas/24-008749-003/2024(H5N1)	2002	407
PB2|PP755596.1|A/cattle/Texas/24-008749-003/2024(H5N1)	2003	407
PB2|PP755596.1|A/cattle/Texas/24-008749-003/2024(H5N1)	2004	407
PB2|PP755596.1|A/cattle/Texas/24-008749-003/2024(H5N1)	2005	407
PB2|PP755596.1|A/cattle/Texas/24-008749-003/2024(H5N1)	2006	410
PB2|PP755596.1|A/cattle/Texas/24-008749-003/2024(H5N1)	2007	411
PB2|PP755596.1|A/cattle/Texas/24-008749-003/2024(H5N1)	2008	393
PB2|PP755596.1|A/cattle/Texas/24-008749-003/2024(H5N1)	2009	392
PB2|PP755596.1|A/cattle/Texas/24-008749-003/2024(H5N1)	2010	377
PB2|PP755596.1|A/cattle/Texas/24-008749-003/2024(H5N1)	2011	376
PB2|PP755596.1|A/cattle/Texas/24-008749-003/2024(H5N1)	2012	385
PB2|PP755596.1|A/cattle/Texas/24-008749-003/2024(H5N1)	2013	385
PB2|PP755596.1|A/cattle/Texas/24-008749-003/2024(H5N1)	2014	385
PB2|PP755596.1|A/cattle/Texas/24-008749-003/2024(H5N1)	2015	385
PB2|PP755596.1|A/cattle/Texas/24-008749-003/2024(H5N1)	2016	384
PB2|PP755596.1|A/cattle/Texas/24-008749-003/2024(H5N1)	2017	385
PB2|PP755596.1|A/cattle/Texas/24-008749-003/2024(H5N1)	2018	388
PB2|PP755596.1|A/cattle/Texas/24-008749-003/2024(H5N1)	2019	385
PB2|PP755596.1|A/cattle/Texas/24-008749-003/2024(H5N1)	2020	383
PB2|PP755596.1|A/cattle/Texas/24-008749-003/2024(H5N1)	2021	389
PB2|PP755596.1|A/cattle/Texas/24-008749-003/2024(H5N1)	2022	389
PB2|PP755596.1|A/cattle/Texas/24-008749-003/2024(H5N1)	2023	391
PB2|PP755596.1|A/cattle/Texas/24-008749-003/2024(H5N1)	2024	389
PB2|PP755596.1|A/cattle/Texas/24-008749-003/2024(H5N1)	2025	386
PB2|PP755596.1|A/cattle/Texas/24-008749-003/2024(H5N1)	2026	386
PB2|PP755596.1|A/cattle/Texas/24-008749-003/2024(H5N1)	2027	387
PB2|PP755596.1|A/cattle/Texas/24-008749-003/2024(H5N1)	2028	390
PB2|PP755596.1|A/cattle/Texas/24-008749-003/2024(H5N1)	2029	390
PB2|PP755596.1|A/cattle/Texas/24-008749-003/2024(H5N1)	2030	379
PB2|PP755596.1|A/cattle/Texas/24-008749-003/2024(H5N1)	2031	380
PB2|PP755596.1|A/cattle/Texas/24-008749-003/2024(H5N1)	2032	382
PB2|PP755596.1|A/cattle/Texas/24-008749-003/2024(H5N1)	2033	389
PB2|PP755596.1|A/cattle/Texas/24-008749-003/2024(H5N1)	2034	386
PB2|PP755596.1|A/cattle/Texas/24-008749-003/2024(H5N1)	2035	384
PB2|PP755596.1|A/cattle/Texas/24-008749-003/2024(H5N1)	2036	383
PB2|PP755596.1|A/cattle/Texas/24-008749-003/2024(H5N1)	2037	382
PB2|PP755596.1|A/cattle/Texas/24-008749-003/2024(H5N1)	2038	385
PB2|PP755596.1|A/cattle/Texas/24-008749-003/2024(H5N1)	2039	388
PB2|PP755596.1|A/cattle/Texas/24-008749-003/2024(H5N1)	2040	387
PB2|PP755596.1|A/cattle/Texas/24-008749-003/2024(H5N1)	2041	385
PB2|PP755596.1|A/cattle/Texas/24-008749-003/2024(H5N1)	2042	377
PB2|PP755596.1|A/cattle/Texas/24-008749-003/2024(H5N1)	2043	378
PB2|PP755596.1|A/cattle/Texas/24-008749-003/2024(H5N1)	2044	377
PB2|PP755596.1|A/cattle/Texas/24-008749-003/2024(H5N1)	2045	378
PB2|PP755596.1|A/cattle/Texas/24-008749-003/2024(H5N1)	2046	379
PB2|PP755596.1|A/cattle/Texas/24-008749-003/2024(H5N1)	2047	377
PB2|PP755596.1|A/cattle/Texas/24-008749-003/2024(H5N1)	2048	381
PB2|PP755596.1|A/cattle/Texas/24-008749-003/2024(H5N1)	2049	381
PB2|PP755596.1|A/cattle/Texas/24-008749-003/2024(H5N1)	2050	383
PB2|PP755596.1|A/cattle/Texas/24-008749-003/2024(H5N1)	2051	387
PB2|PP755596.1|A/cattle/Texas/24-008749-003/2024(H5N1)	2052	392
PB2|PP755596.1|A/cattle/Texas/24-008749-003/2024(H5N1)	2053	405
PB2|PP755596.1|A/cattle/Texas/24-008749-003/2024(H5N1)	2054	407
PB2|PP755596.1|A/cattle/Texas/24-008749-003/2024(H5N1)	2055	410
PB2|PP755596.1|A/cattle/Texas/24-008749-003/2024(H5N1)	2056	410
PB2|PP755596.1|A/cattle/Texas/24-008749-003/2024(H5N1)	2057	404
PB2|PP755596.1|A/cattle/Texas/24-008749-003/2024(H5N1)	2058	405
PB2|PP755596.1|A/cattle/Texas/24-008749-003/2024(H5N1)	2059	404
PB2|PP755596.1|A/cattle/Texas/24-008749-003/2024(H5N1)	2060	401
PB2|PP755596.1|A/cattle/Texas/24-008749-003/2024(H5N1)	2061	400
PB2|PP755596.1|A/cattle/Texas/24-008749-003/2024(H5N1)	2062	393
PB2|PP755596.1|A/cattle/Texas/24-008749-003/2024(H5N1)	2063	386
PB2|PP755596.1|A/cattle/Texas/24-008749-003/2024(H5N1)	2064	386
PB2|PP755596.1|A/cattle/Texas/24-008749-003/2024(H5N1)	2065	385
PB2|PP755596.1|A/cattle/Texas/24-008749-003/2024(H5N1)	2066	383
PB2|PP755596.1|A/cattle/Texas/24-008749-003/2024(H5N1)	2067	383
PB2|PP755596.1|A/cattle/Texas/24-008749-003/2024(H5N1)	2068	388
PB2|PP755596.1|A/cattle/Texas/24-008749-003/2024(H5N1)	2069	388
PB2|PP755596.1|A/cattle/Texas/24-008749-003/2024(H5N1)	2070	394
PB2|PP755596.1|A/cattle/Texas/24-008749-003/2024(H5N1)	2071	393
PB2|PP755596.1|A/cattle/Texas/24-008749-003/2024(H5N1)	2072	392
PB2|PP755596.1|A/cattle/Texas/24-008749-003/2024(H5N1)	2073	392
PB2|PP755596.1|A/cattle/Texas/24-008749-003/2024(H5N1)	2074	392
PB2|PP755596.1|A/cattle/Texas/24-008749-003/2024(H5N1)	2075	391
PB2|PP755596.1|A/cattle/Texas/24-008749-003/2024(H5N1)	2076	384
PB2|PP755596.1|A/cattle/Texas/24-008749-003/2024(H5N1)	2077	380
PB2|PP755596.1|A/cattle/Texas/24-008749-003/2024(H5N1)	2078	378
PB2|PP755596.1|A/cattle/Texas/24-008749-003/2024(H5N1)	2079	384
PB2|PP755596.1|A/cattle/Texas/24-008749-003/2024(H5N1)	2080	413
PB2|PP755596.1|A/cattle/Texas/24-008749-003/2024(H5N1)	2081	410
PB2|PP755596.1|A/cattle/Texas/24-008749-003/2024(H5N1)	2082	412
PB2|PP755596.1|A/cattle/Texas/24-008749-003/2024(H5N1)	2083	411
PB2|PP755596.1|A/cattle/Texas/24-008749-003/2024(H5N1)	2084	411
PB2|PP755596.1|A/cattle/Texas/24-008749-003/2024(H5N1)	2085	411
PB2|PP755596.1|A/cattle/Texas/24-008749-003/2024(H5N1)	2086	411
PB2|PP755596.1|A/cattle/Texas/24-008749-003/2024(H5N1)	2087	411
PB2|PP755596.1|A/cattle/Texas/24-008749-003/2024(H5N1)	2088	419
PB2|PP755596.1|A/cattle/Texas/24-008749-003/2024(H5N1)	2089	418
PB2|PP755596.1|A/cattle/Texas/24-008749-003/2024(H5N1)	2090	416
PB2|PP755596.1|A/cattle/Texas/24-008749-003/2024(H5N1)	2091	416
PB2|PP755596.1|A/cattle/Texas/24-008749-003/2024(H5N1)	2092	416
PB2|PP755596.1|A/cattle/Texas/24-008749-003/2024(H5N1)	2093	416
PB2|PP755596.1|A/cattle/Texas/24-008749-003/2024(H5N1)	2094	414
PB2|PP755596.1|A/cattle/Texas/24-008749-003/2024(H5N1)	2095	412
PB2|PP755596.1|A/cattle/Texas/24-008749-003/2024(H5N1)	2096	427
PB2|PP755596.1|A/cattle/Texas/24-008749-003/2024(H5N1)	2097	425
PB2|PP755596.1|A/cattle/Texas/24-008749-003/2024(H5N1)	2098	428
PB2|PP755596.1|A/cattle/Texas/24-008749-003/2024(H5N1)	2099	433
PB2|PP755596.1|A/cattle/Texas/24-008749-003/2024(H5N1)	2100	433
PB2|PP755596.1|A/cattle/Texas/24-008749-003/2024(H5N1)	2101	432
PB2|PP755596.1|A/cattle/Texas/24-008749-003/2024(H5N1)	2102	426
PB2|PP755596.1|A/cattle/Texas/24-008749-003/2024(H5N1)	2103	422
PB2|PP755596.1|A/cattle/Texas/24-008749-003/2024(H5N1)	2104	422
PB2|PP755596.1|A/cattle/Texas/24-008749-003/2024(H5N1)	2105	422
PB2|PP755596.1|A/cattle/Texas/24-008749-003/2024(H5N1)	2106	410
PB2|PP755596.1|A/cattle/Texas/24-008749-003/2024(H5N1)	2107	412
PB2|PP755596.1|A/cattle/Texas/24-008749-003/2024(H5N1)	2108	411
PB2|PP755596.1|A/cattle/Texas/24-008749-003/2024(H5N1)	2109	412
PB2|PP755596.1|A/cattle/Texas/24-008749-003/2024(H5N1)	2110	407
PB2|PP755596.1|A/cattle/Texas/24-008749-003/2024(H5N1)	2111	406
PB2|PP755596.1|A/cattle/Texas/24-008749-003/2024(H5N1)	2112	404
PB2|PP755596.1|A/cattle/Texas/24-008749-003/2024(H5N1)	2113	407
PB2|PP755596.1|A/cattle/Texas/24-008749-003/2024(H5N1)	2114	425
PB2|PP755596.1|A/cattle/Texas/24-008749-003/2024(H5N1)	2115	421
PB2|PP755596.1|A/cattle/Texas/24-008749-003/2024(H5N1)	2116	420
PB2|PP755596.1|A/cattle/Texas/24-008749-003/2024(H5N1)	2117	416
PB2|PP755596.1|A/cattle/Texas/24-008749-003/2024(H5N1)	2118	414
PB2|PP755596.1|A/cattle/Texas/24-008749-003/2024(H5N1)	2119	415
PB2|PP755596.1|A/cattle/Texas/24-008749-003/2024(H5N1)	2120	409
PB2|PP755596.1|A/cattle/Texas/24-008749-003/2024(H5N1)	2121	408
PB2|PP755596.1|A/cattle/Texas/24-008749-003/2024(H5N1)	2122	407
PB2|PP755596.1|A/cattle/Texas/24-008749-003/2024(H5N1)	2123	356
PB2|PP755596.1|A/cattle/Texas/24-008749-003/2024(H5N1)	2124	357
PB2|PP755596.1|A/cattle/Texas/24-008749-003/2024(H5N1)	2125	356
PB2|PP755596.1|A/cattle/Texas/24-008749-003/2024(H5N1)	2126	357
PB2|PP755596.1|A/cattle/Texas/24-008749-003/2024(H5N1)	2127	357
PB2|PP755596.1|A/cattle/Texas/24-008749-003/2024(H5N1)	2128	344
PB2|PP755596.1|A/cattle/Texas/24-008749-003/2024(H5N1)	2129	348
PB2|PP755596.1|A/cattle/Texas/24-008749-003/2024(H5N1)	2130	348
PB2|PP755596.1|A/cattle/Texas/24-008749-003/2024(H5N1)	2131	348
PB2|PP755596.1|A/cattle/Texas/24-008749-003/2024(H5N1)	2132	346
PB2|PP755596.1|A/cattle/Texas/24-008749-003/2024(H5N1)	2133	341
PB2|PP755596.1|A/cattle/Texas/24-008749-003/2024(H5N1)	2134	342
PB2|PP755596.1|A/cattle/Texas/24-008749-003/2024(H5N1)	2135	340
PB2|PP755596.1|A/cattle/Texas/24-008749-003/2024(H5N1)	2136	341
PB2|PP755596.1|A/cattle/Texas/24-008749-003/2024(H5N1)	2137	342
PB2|PP755596.1|A/cattle/Texas/24-008749-003/2024(H5N1)	2138	361
PB2|PP755596.1|A/cattle/Texas/24-008749-003/2024(H5N1)	2139	370
PB2|PP755596.1|A/cattle/Texas/24-008749-003/2024(H5N1)	2140	370
PB2|PP755596.1|A/cattle/Texas/24-008749-003/2024(H5N1)	2141	370
PB2|PP755596.1|A/cattle/Texas/24-008749-003/2024(H5N1)	2142	366
PB2|PP755596.1|A/cattle/Texas/24-008749-003/2024(H5N1)	2143	366
PB2|PP755596.1|A/cattle/Texas/24-008749-003/2024(H5N1)	2144	366
PB2|PP755596.1|A/cattle/Texas/24-008749-003/2024(H5N1)	2145	366
PB2|PP755596.1|A/cattle/Texas/24-008749-003/2024(H5N1)	2146	367
PB2|PP755596.1|A/cattle/Texas/24-008749-003/2024(H5N1)	2147	367
PB2|PP755596.1|A/cattle/Texas/24-008749-003/2024(H5N1)	2148	363
PB2|PP755596.1|A/cattle/Texas/24-008749-003/2024(H5N1)	2149	367
PB2|PP755596.1|A/cattle/Texas/24-008749-003/2024(H5N1)	2150	356
PB2|PP755596.1|A/cattle/Texas/24-008749-003/2024(H5N1)	2151	356
PB2|PP755596.1|A/cattle/Texas/24-008749-003/2024(H5N1)	2152	349
PB2|PP755596.1|A/cattle/Texas/24-008749-003/2024(H5N1)	2153	344
PB2|PP755596.1|A/cattle/Texas/24-008749-003/2024(H5N1)	2154	344
PB2|PP755596.1|A/cattle/Texas/24-008749-003/2024(H5N1)	2155	344
PB2|PP755596.1|A/cattle/Texas/24-008749-003/2024(H5N1)	2156	344
PB2|PP755596.1|A/cattle/Texas/24-008749-003/2024(H5N1)	2157	340
PB2|PP755596.1|A/cattle/Texas/24-008749-003/2024(H5N1)	2158	341
PB2|PP755596.1|A/cattle/Texas/24-008749-003/2024(H5N1)	2159	342
PB2|PP755596.1|A/cattle/Texas/24-008749-003/2024(H5N1)	2160	340
PB2|PP755596.1|A/cattle/Texas/24-008749-003/2024(H5N1)	2161	341
PB2|PP755596.1|A/cattle/Texas/24-008749-003/2024(H5N1)	2162	338
PB2|PP755596.1|A/cattle/Texas/24-008749-003/2024(H5N1)	2163	340
PB2|PP755596.1|A/cattle/Texas/24-008749-003/2024(H5N1)	2164	383
PB2|PP755596.1|A/cattle/Texas/24-008749-003/2024(H5N1)	2165	387
PB2|PP755596.1|A/cattle/Texas/24-008749-003/2024(H5N1)	2166	388
PB2|PP755596.1|A/cattle/Texas/24-008749-003/2024(H5N1)	2167	387
PB2|PP755596.1|A/cattle/Texas/24-008749-003/2024(H5N1)	2168	390
PB2|PP755596.1|A/cattle/Texas/24-008749-003/2024(H5N1)	2169	388
PB2|PP755596.1|A/cattle/Texas/24-008749-003/2024(H5N1)	2170	388
PB2|PP755596.1|A/cattle/Texas/24-008749-003/2024(H5N1)	2171	378
PB2|PP755596.1|A/cattle/Texas/24-008749-003/2024(H5N1)	2172	375
PB2|PP755596.1|A/cattle/Texas/24-008749-003/2024(H5N1)	2173	375
PB2|PP755596.1|A/cattle/Texas/24-008749-003/2024(H5N1)	2174	373
PB2|PP755596.1|A/cattle/Texas/24-008749-003/2024(H5N1)	2175	373
PB2|PP755596.1|A/cattle/Texas/24-008749-003/2024(H5N1)	2176	371
PB2|PP755596.1|A/cattle/Texas/24-008749-003/2024(H5N1)	2177	371
PB2|PP755596.1|A/cattle/Texas/24-008749-003/2024(H5N1)	2178	370
PB2|PP755596.1|A/cattle/Texas/24-008749-003/2024(H5N1)	2179	366
PB2|PP755596.1|A/cattle/Texas/24-008749-003/2024(H5N1)	2180	364
PB2|PP755596.1|A/cattle/Texas/24-008749-003/2024(H5N1)	2181	364
PB2|PP755596.1|A/cattle/Texas/24-008749-003/2024(H5N1)	2182	362
PB2|PP755596.1|A/cattle/Texas/24-008749-003/2024(H5N1)	2183	362
PB2|PP755596.1|A/cattle/Texas/24-008749-003/2024(H5N1)	2184	356
PB2|PP755596.1|A/cattle/Texas/24-008749-003/2024(H5N1)	2185	356
PB2|PP755596.1|A/cattle/Texas/24-008749-003/2024(H5N1)	2186	356
PB2|PP755596.1|A/cattle/Texas/24-008749-003/2024(H5N1)	2187	356
PB2|PP755596.1|A/cattle/Texas/24-008749-003/2024(H5N1)	2188	355
PB2|PP755596.1|A/cattle/Texas/24-008749-003/2024(H5N1)	2189	351
PB2|PP755596.1|A/cattle/Texas/24-008749-003/2024(H5N1)	2190	351
PB2|PP755596.1|A/cattle/Texas/24-008749-003/2024(H5N1)	2191	349
PB2|PP755596.1|A/cattle/Texas/24-008749-003/2024(H5N1)	2192	349
PB2|PP755596.1|A/cattle/Texas/24-008749-003/2024(H5N1)	2193	349
PB2|PP755596.1|A/cattle/Texas/24-008749-003/2024(H5N1)	2194	348
PB2|PP755596.1|A/cattle/Texas/24-008749-003/2024(H5N1)	2195	342
PB2|PP755596.1|A/cattle/Texas/24-008749-003/2024(H5N1)	2196	342
PB2|PP755596.1|A/cattle/Texas/24-008749-003/2024(H5N1)	2197	338
PB2|PP755596.1|A/cattle/Texas/24-008749-003/2024(H5N1)	2198	336
PB2|PP755596.1|A/cattle/Texas/24-008749-003/2024(H5N1)	2199	331
PB2|PP755596.1|A/cattle/Texas/24-008749-003/2024(H5N1)	2200	331
PB2|PP755596.1|A/cattle/Texas/24-008749-003/2024(H5N1)	2201	323
PB2|PP755596.1|A/cattle/Texas/24-008749-003/2024(H5N1)	2202	320
PB2|PP755596.1|A/cattle/Texas/24-008749-003/2024(H5N1)	2203	312
PB2|PP755596.1|A/cattle/Texas/24-008749-003/2024(H5N1)	2204	299
PB2|PP755596.1|A/cattle/Texas/24-008749-003/2024(H5N1)	2205	296
PB2|PP755596.1|A/cattle/Texas/24-008749-003/2024(H5N1)	2206	293
PB2|PP755596.1|A/cattle/Texas/24-008749-003/2024(H5N1)	2207	293
PB2|PP755596.1|A/cattle/Texas/24-008749-003/2024(H5N1)	2208	293
PB2|PP755596.1|A/cattle/Texas/24-008749-003/2024(H5N1)	2209	293
PB2|PP755596.1|A/cattle/Texas/24-008749-003/2024(H5N1)	2210	293
PB2|PP755596.1|A/cattle/Texas/24-008749-003/2024(H5N1)	2211	292
PB2|PP755596.1|A/cattle/Texas/24-008749-003/2024(H5N1)	2212	292
PB2|PP755596.1|A/cattle/Texas/24-008749-003/2024(H5N1)	2213	292
PB2|PP755596.1|A/cattle/Texas/24-008749-003/2024(H5N1)	2214	292
PB2|PP755596.1|A/cattle/Texas/24-008749-003/2024(H5N1)	2215	292
PB2|PP755596.1|A/cattle/Texas/24-008749-003/2024(H5N1)	2216	291
PB2|PP755596.1|A/cattle/Texas/24-008749-003/2024(H5N1)	2217	291
PB2|PP755596.1|A/cattle/Texas/24-008749-003/2024(H5N1)	2218	289
PB2|PP755596.1|A/cattle/Texas/24-008749-003/2024(H5N1)	2219	284
PB2|PP755596.1|A/cattle/Texas/24-008749-003/2024(H5N1)	2220	284
PB2|PP755596.1|A/cattle/Texas/24-008749-003/2024(H5N1)	2221	278
PB2|PP755596.1|A/cattle/Texas/24-008749-003/2024(H5N1)	2222	278
PB2|PP755596.1|A/cattle/Texas/24-008749-003/2024(H5N1)	2223	278
PB2|PP755596.1|A/cattle/Texas/24-008749-003/2024(H5N1)	2224	278
PB2|PP755596.1|A/cattle/Texas/24-008749-003/2024(H5N1)	2225	278
PB2|PP755596.1|A/cattle/Texas/24-008749-003/2024(H5N1)	2226	273
PB2|PP755596.1|A/cattle/Texas/24-008749-003/2024(H5N1)	2227	273
PB2|PP755596.1|A/cattle/Texas/24-008749-003/2024(H5N1)	2228	272
PB2|PP755596.1|A/cattle/Texas/24-008749-003/2024(H5N1)	2229	264
PB2|PP755596.1|A/cattle/Texas/24-008749-003/2024(H5N1)	2230	264
PB2|PP755596.1|A/cattle/Texas/24-008749-003/2024(H5N1)	2231	233
PB2|PP755596.1|A/cattle/Texas/24-008749-003/2024(H5N1)	2232	233
PB2|PP755596.1|A/cattle/Texas/24-008749-003/2024(H5N1)	2233	229
PB2|PP755596.1|A/cattle/Texas/24-008749-003/2024(H5N1)	2234	229
PB2|PP755596.1|A/cattle/Texas/24-008749-003/2024(H5N1)	2235	228
PB2|PP755596.1|A/cattle/Texas/24-008749-003/2024(H5N1)	2236	228
PB2|PP755596.1|A/cattle/Texas/24-008749-003/2024(H5N1)	2237	227
PB2|PP755596.1|A/cattle/Texas/24-008749-003/2024(H5N1)	2238	229
PB2|PP755596.1|A/cattle/Texas/24-008749-003/2024(H5N1)	2239	219
PB2|PP755596.1|A/cattle/Texas/24-008749-003/2024(H5N1)	2240	219
PB2|PP755596.1|A/cattle/Texas/24-008749-003/2024(H5N1)	2241	219
PB2|PP755596.1|A/cattle/Texas/24-008749-003/2024(H5N1)	2242	219
PB2|PP755596.1|A/cattle/Texas/24-008749-003/2024(H5N1)	2243	219
PB2|PP755596.1|A/cattle/Texas/24-008749-003/2024(H5N1)	2244	219
PB2|PP755596.1|A/cattle/Texas/24-008749-003/2024(H5N1)	2245	218
PB2|PP755596.1|A/cattle/Texas/24-008749-003/2024(H5N1)	2246	216
PB2|PP755596.1|A/cattle/Texas/24-008749-003/2024(H5N1)	2247	203
PB2|PP755596.1|A/cattle/Texas/24-008749-003/2024(H5N1)	2248	203
PB2|PP755596.1|A/cattle/Texas/24-008749-003/2024(H5N1)	2249	192
PB2|PP755596.1|A/cattle/Texas/24-008749-003/2024(H5N1)	2250	192
PB2|PP755596.1|A/cattle/Texas/24-008749-003/2024(H5N1)	2251	190
PB2|PP755596.1|A/cattle/Texas/24-008749-003/2024(H5N1)	2252	187
PB2|PP755596.1|A/cattle/Texas/24-008749-003/2024(H5N1)	2253	187
PB2|PP755596.1|A/cattle/Texas/24-008749-003/2024(H5N1)	2254	187
PB2|PP755596.1|A/cattle/Texas/24-008749-003/2024(H5N1)	2255	187
PB2|PP755596.1|A/cattle/Texas/24-008749-003/2024(H5N1)	2256	187
PB2|PP755596.1|A/cattle/Texas/24-008749-003/2024(H5N1)	2257	187
PB2|PP755596.1|A/cattle/Texas/24-008749-003/2024(H5N1)	2258	182
PB2|PP755596.1|A/cattle/Texas/24-008749-003/2024(H5N1)	2259	180
PB2|PP755596.1|A/cattle/Texas/24-008749-003/2024(H5N1)	2260	180
PB2|PP755596.1|A/cattle/Texas/24-008749-003/2024(H5N1)	2261	180
PB2|PP755596.1|A/cattle/Texas/24-008749-003/2024(H5N1)	2262	180
PB2|PP755596.1|A/cattle/Texas/24-008749-003/2024(H5N1)	2263	179
PB2|PP755596.1|A/cattle/Texas/24-008749-003/2024(H5N1)	2264	174
PB2|PP755596.1|A/cattle/Texas/24-008749-003/2024(H5N1)	2265	161
PB2|PP755596.1|A/cattle/Texas/24-008749-003/2024(H5N1)	2266	161
PB2|PP755596.1|A/cattle/Texas/24-008749-003/2024(H5N1)	2267	160
PB2|PP755596.1|A/cattle/Texas/24-008749-003/2024(H5N1)	2268	160
PB2|PP755596.1|A/cattle/Texas/24-008749-003/2024(H5N1)	2269	160
PB2|PP755596.1|A/cattle/Texas/24-008749-003/2024(H5N1)	2270	160
PB2|PP755596.1|A/cattle/Texas/24-008749-003/2024(H5N1)	2271	160
PB2|PP755596.1|A/cattle/Texas/24-008749-003/2024(H5N1)	2272	160
PB2|PP755596.1|A/cattle/Texas/24-008749-003/2024(H5N1)	2273	158
PB2|PP755596.1|A/cattle/Texas/24-008749-003/2024(H5N1)	2274	157
PB2|PP755596.1|A/cattle/Texas/24-008749-003/2024(H5N1)	2275	157
PB2|PP755596.1|A/cattle/Texas/24-008749-003/2024(H5N1)	2276	157
PB2|PP755596.1|A/cattle/Texas/24-008749-003/2024(H5N1)	2277	154
PB2|PP755596.1|A/cattle/Texas/24-008749-003/2024(H5N1)	2278	152
PB2|PP755596.1|A/cattle/Texas/24-008749-003/2024(H5N1)	2279	141
PB2|PP755596.1|A/cattle/Texas/24-008749-003/2024(H5N1)	2280	137
