MP|PP755590.1|A/cattle/Texas/24-008749-003/2024(H5N1)	1	6925
MP|PP755590.1|A/cattle/Texas/24-008749-003/2024(H5N1)	2	6998
MP|PP755590.1|A/cattle/Texas/24-008749-003/2024(H5N1)	3	7013
MP|PP755590.1|A/cattle/Texas/24-008749-003/2024(H5N1)	4	7029
MP|PP755590.1|A/cattle/Texas/24-008749-003/2024(H5N1)	5	7474
MP|PP755590.1|A/cattle/Texas/24-008749-003/2024(H5N1)	6	7660
MP|PP755590.1|A/cattle/Texas/24-008749-003/2024(H5N1)	7	8326
MP|PP755590.1|A/cattle/Texas/24-008749-003/2024(H5N1)	8	8619
MP|PP755590.1|A/cattle/Texas/24-008749-003/2024(H5N1)	9	8695
MP|PP755590.1|A/cattle/Texas/24-008749-003/2024(H5N1)	10	8709
MP|PP755590.1|A/cattle/Texas/24-008749-003/2024(H5N1)	11	8748
MP|PP755590.1|A/cattle/Texas/24-008749-003/2024(H5N1)	12	8844
MP|PP755590.1|A/cattle/Texas/24-008749-003/2024(H5N1)	13	8895
MP|PP755590.1|A/cattle/Texas/24-008749-003/2024(H5N1)	14	8895
MP|PP755590.1|A/cattle/Texas/24-008749-003/2024(H5N1)	15	8897
MP|PP755590.1|A/cattle/Texas/24-008749-003/2024(H5N1)	16	8902
MP|PP755590.1|A/cattle/Texas/24-008749-003/2024(H5N1)	17	8968
MP|PP755590.1|A/cattle/Texas/24-008749-003/2024(H5N1)	18	9046
MP|PP755590.1|A/cattle/Texas/24-008749-003/2024(H5N1)	19	9403
MP|PP755590.1|A/cattle/Texas/24-008749-003/2024(H5N1)	20	9406
MP|PP755590.1|A/cattle/Texas/24-008749-003/2024(H5N1)	21	9413
MP|PP755590.1|A/cattle/Texas/24-008749-003/2024(H5N1)	22	9416
MP|PP755590.1|A/cattle/Texas/24-008749-003/2024(H5N1)	23	9648
MP|PP755590.1|A/cattle/Texas/24-008749-003/2024(H5N1)	24	9674
MP|PP755590.1|A/cattle/Texas/24-008749-003/2024(H5N1)	25	9700
MP|PP755590.1|A/cattle/Texas/24-008749-003/2024(H5N1)	26	10061
MP|PP755590.1|A/cattle/Texas/24-008749-003/2024(H5N1)	27	10101
MP|PP755590.1|A/cattle/Texas/24-008749-003/2024(H5N1)	28	10151
MP|PP755590.1|A/cattle/Texas/24-008749-003/2024(H5N1)	29	10173
MP|PP755590.1|A/cattle/Texas/24-008749-003/2024(H5N1)	30	10237
MP|PP755590.1|A/cattle/Texas/24-008749-003/2024(H5N1)	31	10299
MP|PP755590.1|A/cattle/Texas/24-008749-003/2024(H5N1)	32	10332
MP|PP755590.1|A/cattle/Texas/24-008749-003/2024(H5N1)	33	10643
MP|PP755590.1|A/cattle/Texas/24-008749-003/2024(H5N1)	34	10883
MP|PP755590.1|A/cattle/Texas/24-008749-003/2024(H5N1)	35	10891
MP|PP755590.1|A/cattle/Texas/24-008749-003/2024(H5N1)	36	11339
MP|PP755590.1|A/cattle/Texas/24-008749-003/2024(H5N1)	37	11335
MP|PP755590.1|A/cattle/Texas/24-008749-003/2024(H5N1)	38	11861
MP|PP755590.1|A/cattle/Texas/24-008749-003/2024(H5N1)	39	11876
MP|PP755590.1|A/cattle/Texas/24-008749-003/2024(H5N1)	40	11982
MP|PP755590.1|A/cattle/Texas/24-008749-003/2024(H5N1)	41	11983
MP|PP755590.1|A/cattle/Texas/24-008749-003/2024(H5N1)	42	11990
MP|PP755590.1|A/cattle/Texas/24-008749-003/2024(H5N1)	43	12043
MP|PP755590.1|A/cattle/Texas/24-008749-003/2024(H5N1)	44	12057
MP|PP755590.1|A/cattle/Texas/24-008749-003/2024(H5N1)	45	12096
MP|PP755590.1|A/cattle/Texas/24-008749-003/2024(H5N1)	46	12165
MP|PP755590.1|A/cattle/Texas/24-008749-003/2024(H5N1)	47	12325
MP|PP755590.1|A/cattle/Texas/24-008749-003/2024(H5N1)	48	12424
MP|PP755590.1|A/cattle/Texas/24-008749-003/2024(H5N1)	49	12451
MP|PP755590.1|A/cattle/Texas/24-008749-003/2024(H5N1)	50	12490
MP|PP755590.1|A/cattle/Texas/24-008749-003/2024(H5N1)	51	12491
MP|PP755590.1|A/cattle/Texas/24-008749-003/2024(H5N1)	52	12646
MP|PP755590.1|A/cattle/Texas/24-008749-003/2024(H5N1)	53	12882
MP|PP755590.1|A/cattle/Texas/24-008749-003/2024(H5N1)	54	12888
MP|PP755590.1|A/cattle/Texas/24-008749-003/2024(H5N1)	55	12897
MP|PP755590.1|A/cattle/Texas/24-008749-003/2024(H5N1)	56	13078
MP|PP755590.1|A/cattle/Texas/24-008749-003/2024(H5N1)	57	14064
MP|PP755590.1|A/cattle/Texas/24-008749-003/2024(H5N1)	58	14101
MP|PP755590.1|A/cattle/Texas/24-008749-003/2024(H5N1)	59	14151
MP|PP755590.1|A/cattle/Texas/24-008749-003/2024(H5N1)	60	14156
MP|PP755590.1|A/cattle/Texas/24-008749-003/2024(H5N1)	61	14228
MP|PP755590.1|A/cattle/Texas/24-008749-003/2024(H5N1)	62	14252
MP|PP755590.1|A/cattle/Texas/24-008749-003/2024(H5N1)	63	14467
MP|PP755590.1|A/cattle/Texas/24-008749-003/2024(H5N1)	64	14525
MP|PP755590.1|A/cattle/Texas/24-008749-003/2024(H5N1)	65	14596
MP|PP755590.1|A/cattle/Texas/24-008749-003/2024(H5N1)	66	14489
MP|PP755590.1|A/cattle/Texas/24-008749-003/2024(H5N1)	67	14481
MP|PP755590.1|A/cattle/Texas/24-008749-003/2024(H5N1)	68	14540
MP|PP755590.1|A/cattle/Texas/24-008749-003/2024(H5N1)	69	14555
MP|PP755590.1|A/cattle/Texas/24-008749-003/2024(H5N1)	70	14965
MP|PP755590.1|A/cattle/Texas/24-008749-003/2024(H5N1)	71	14970
MP|PP755590.1|A/cattle/Texas/24-008749-003/2024(H5N1)	72	14955
MP|PP755590.1|A/cattle/Texas/24-008749-003/2024(H5N1)	73	15058
MP|PP755590.1|A/cattle/Texas/24-008749-003/2024(H5N1)	74	15185
MP|PP755590.1|A/cattle/Texas/24-008749-003/2024(H5N1)	75	15193
MP|PP755590.1|A/cattle/Texas/24-008749-003/2024(H5N1)	76	15418
MP|PP755590.1|A/cattle/Texas/24-008749-003/2024(H5N1)	77	15414
MP|PP755590.1|A/cattle/Texas/24-008749-003/2024(H5N1)	78	15479
MP|PP755590.1|A/cattle/Texas/24-008749-003/2024(H5N1)	79	15933
MP|PP755590.1|A/cattle/Texas/24-008749-003/2024(H5N1)	80	16979
MP|PP755590.1|A/cattle/Texas/24-008749-003/2024(H5N1)	81	17061
MP|PP755590.1|A/cattle/Texas/24-008749-003/2024(H5N1)	82	17241
MP|PP755590.1|A/cattle/Texas/24-008749-003/2024(H5N1)	83	17452
MP|PP755590.1|A/cattle/Texas/24-008749-003/2024(H5N1)	84	17545
MP|PP755590.1|A/cattle/Texas/24-008749-003/2024(H5N1)	85	17759
MP|PP755590.1|A/cattle/Texas/24-008749-003/2024(H5N1)	86	17794
MP|PP755590.1|A/cattle/Texas/24-008749-003/2024(H5N1)	87	17789
MP|PP755590.1|A/cattle/Texas/24-008749-003/2024(H5N1)	88	17793
MP|PP755590.1|A/cattle/Texas/24-008749-003/2024(H5N1)	89	17632
MP|PP755590.1|A/cattle/Texas/24-008749-003/2024(H5N1)	90	17687
MP|PP755590.1|A/cattle/Texas/24-008749-003/2024(H5N1)	91	17722
MP|PP755590.1|A/cattle/Texas/24-008749-003/2024(H5N1)	92	17797
MP|PP755590.1|A/cattle/Texas/24-008749-003/2024(H5N1)	93	17826
MP|PP755590.1|A/cattle/Texas/24-008749-003/2024(H5N1)	94	17788
MP|PP755590.1|A/cattle/Texas/24-008749-003/2024(H5N1)	95	17875
MP|PP755590.1|A/cattle/Texas/24-008749-003/2024(H5N1)	96	18124
MP|PP755590.1|A/cattle/Texas/24-008749-003/2024(H5N1)	97	18188
MP|PP755590.1|A/cattle/Texas/24-008749-003/2024(H5N1)	98	18216
MP|PP755590.1|A/cattle/Texas/24-008749-003/2024(H5N1)	99	18207
MP|PP755590.1|A/cattle/Texas/24-008749-003/2024(H5N1)	100	18463
MP|PP755590.1|A/cattle/Texas/24-008749-003/2024(H5N1)	101	18493
MP|PP755590.1|A/cattle/Texas/24-008749-003/2024(H5N1)	102	18917
MP|PP755590.1|A/cattle/Texas/24-008749-003/2024(H5N1)	103	18932
MP|PP755590.1|A/cattle/Texas/24-008749-003/2024(H5N1)	104	18928
MP|PP755590.1|A/cattle/Texas/24-008749-003/2024(H5N1)	105	19047
MP|PP755590.1|A/cattle/Texas/24-008749-003/2024(H5N1)	106	19124
MP|PP755590.1|A/cattle/Texas/24-008749-003/2024(H5N1)	107	19164
MP|PP755590.1|A/cattle/Texas/24-008749-003/2024(H5N1)	108	19239
MP|PP755590.1|A/cattle/Texas/24-008749-003/2024(H5N1)	109	19197
MP|PP755590.1|A/cattle/Texas/24-008749-003/2024(H5N1)	110	19331
MP|PP755590.1|A/cattle/Texas/24-008749-003/2024(H5N1)	111	19194
MP|PP755590.1|A/cattle/Texas/24-008749-003/2024(H5N1)	112	19213
MP|PP755590.1|A/cattle/Texas/24-008749-003/2024(H5N1)	113	19713
MP|PP755590.1|A/cattle/Texas/24-008749-003/2024(H5N1)	114	19762
MP|PP755590.1|A/cattle/Texas/24-008749-003/2024(H5N1)	115	19907
MP|PP755590.1|A/cattle/Texas/24-008749-003/2024(H5N1)	116	19903
MP|PP755590.1|A/cattle/Texas/24-008749-003/2024(H5N1)	117	19883
MP|PP755590.1|A/cattle/Texas/24-008749-003/2024(H5N1)	118	19885
MP|PP755590.1|A/cattle/Texas/24-008749-003/2024(H5N1)	119	19916
MP|PP755590.1|A/cattle/Texas/24-008749-003/2024(H5N1)	120	19960
MP|PP755590.1|A/cattle/Texas/24-008749-003/2024(H5N1)	121	20011
MP|PP755590.1|A/cattle/Texas/24-008749-003/2024(H5N1)	122	19949
MP|PP755590.1|A/cattle/Texas/24-008749-003/2024(H5N1)	123	20084
MP|PP755590.1|A/cattle/Texas/24-008749-003/2024(H5N1)	124	18585
MP|PP755590.1|A/cattle/Texas/24-008749-003/2024(H5N1)	125	18802
MP|PP755590.1|A/cattle/Texas/24-008749-003/2024(H5N1)	126	18419
MP|PP755590.1|A/cattle/Texas/24-008749-003/2024(H5N1)	127	18426
MP|PP755590.1|A/cattle/Texas/24-008749-003/2024(H5N1)	128	17926
MP|PP755590.1|A/cattle/Texas/24-008749-003/2024(H5N1)	129	17901
MP|PP755590.1|A/cattle/Texas/24-008749-003/2024(H5N1)	130	17920
MP|PP755590.1|A/cattle/Texas/24-008749-003/2024(H5N1)	131	17864
MP|PP755590.1|A/cattle/Texas/24-008749-003/2024(H5N1)	132	18554
MP|PP755590.1|A/cattle/Texas/24-008749-003/2024(H5N1)	133	18057
MP|PP755590.1|A/cattle/Texas/24-008749-003/2024(H5N1)	134	18421
MP|PP755590.1|A/cattle/Texas/24-008749-003/2024(H5N1)	135	18801
MP|PP755590.1|A/cattle/Texas/24-008749-003/2024(H5N1)	136	18326
MP|PP755590.1|A/cattle/Texas/24-008749-003/2024(H5N1)	137	18975
MP|PP755590.1|A/cattle/Texas/24-008749-003/2024(H5N1)	138	18978
MP|PP755590.1|A/cattle/Texas/24-008749-003/2024(H5N1)	139	18972
MP|PP755590.1|A/cattle/Texas/24-008749-003/2024(H5N1)	140	19505
MP|PP755590.1|A/cattle/Texas/24-008749-003/2024(H5N1)	141	19650
MP|PP755590.1|A/cattle/Texas/24-008749-003/2024(H5N1)	142	19820
MP|PP755590.1|A/cattle/Texas/24-008749-003/2024(H5N1)	143	19573
MP|PP755590.1|A/cattle/Texas/24-008749-003/2024(H5N1)	144	19335
MP|PP755590.1|A/cattle/Texas/24-008749-003/2024(H5N1)	145	19354
MP|PP755590.1|A/cattle/Texas/24-008749-003/2024(H5N1)	146	20014
MP|PP755590.1|A/cattle/Texas/24-008749-003/2024(H5N1)	147	20245
MP|PP755590.1|A/cattle/Texas/24-008749-003/2024(H5N1)	148	20308
MP|PP755590.1|A/cattle/Texas/24-008749-003/2024(H5N1)	149	20139
MP|PP755590.1|A/cattle/Texas/24-008749-003/2024(H5N1)	150	20091
MP|PP755590.1|A/cattle/Texas/24-008749-003/2024(H5N1)	151	20198
MP|PP755590.1|A/cattle/Texas/24-008749-003/2024(H5N1)	152	20221
MP|PP755590.1|A/cattle/Texas/24-008749-003/2024(H5N1)	153	20395
MP|PP755590.1|A/cattle/Texas/24-008749-003/2024(H5N1)	154	19242
MP|PP755590.1|A/cattle/Texas/24-008749-003/2024(H5N1)	155	19315
MP|PP755590.1|A/cattle/Texas/24-008749-003/2024(H5N1)	156	19383
MP|PP755590.1|A/cattle/Texas/24-008749-003/2024(H5N1)	157	19381
MP|PP755590.1|A/cattle/Texas/24-008749-003/2024(H5N1)	158	19385
MP|PP755590.1|A/cattle/Texas/24-008749-003/2024(H5N1)	159	19398
MP|PP755590.1|A/cattle/Texas/24-008749-003/2024(H5N1)	160	20062
MP|PP755590.1|A/cattle/Texas/24-008749-003/2024(H5N1)	161	19968
MP|PP755590.1|A/cattle/Texas/24-008749-003/2024(H5N1)	162	20123
MP|PP755590.1|A/cattle/Texas/24-008749-003/2024(H5N1)	163	20122
MP|PP755590.1|A/cattle/Texas/24-008749-003/2024(H5N1)	164	20176
MP|PP755590.1|A/cattle/Texas/24-008749-003/2024(H5N1)	165	20530
MP|PP755590.1|A/cattle/Texas/24-008749-003/2024(H5N1)	166	20550
MP|PP755590.1|A/cattle/Texas/24-008749-003/2024(H5N1)	167	20459
MP|PP755590.1|A/cattle/Texas/24-008749-003/2024(H5N1)	168	20451
MP|PP755590.1|A/cattle/Texas/24-008749-003/2024(H5N1)	169	20151
MP|PP755590.1|A/cattle/Texas/24-008749-003/2024(H5N1)	170	20002
MP|PP755590.1|A/cattle/Texas/24-008749-003/2024(H5N1)	171	20020
MP|PP755590.1|A/cattle/Texas/24-008749-003/2024(H5N1)	172	20044
MP|PP755590.1|A/cattle/Texas/24-008749-003/2024(H5N1)	173	20077
MP|PP755590.1|A/cattle/Texas/24-008749-003/2024(H5N1)	174	20081
MP|PP755590.1|A/cattle/Texas/24-008749-003/2024(H5N1)	175	20405
MP|PP755590.1|A/cattle/Texas/24-008749-003/2024(H5N1)	176	20381
MP|PP755590.1|A/cattle/Texas/24-008749-003/2024(H5N1)	177	20232
MP|PP755590.1|A/cattle/Texas/24-008749-003/2024(H5N1)	178	20207
MP|PP755590.1|A/cattle/Texas/24-008749-003/2024(H5N1)	179	20167
MP|PP755590.1|A/cattle/Texas/24-008749-003/2024(H5N1)	180	20149
MP|PP755590.1|A/cattle/Texas/24-008749-003/2024(H5N1)	181	20253
MP|PP755590.1|A/cattle/Texas/24-008749-003/2024(H5N1)	182	20290
MP|PP755590.1|A/cattle/Texas/24-008749-003/2024(H5N1)	183	20324
MP|PP755590.1|A/cattle/Texas/24-008749-003/2024(H5N1)	184	20049
MP|PP755590.1|A/cattle/Texas/24-008749-003/2024(H5N1)	185	19955
MP|PP755590.1|A/cattle/Texas/24-008749-003/2024(H5N1)	186	19936
MP|PP755590.1|A/cattle/Texas/24-008749-003/2024(H5N1)	187	19811
MP|PP755590.1|A/cattle/Texas/24-008749-003/2024(H5N1)	188	19825
MP|PP755590.1|A/cattle/Texas/24-008749-003/2024(H5N1)	189	19425
MP|PP755590.1|A/cattle/Texas/24-008749-003/2024(H5N1)	190	19747
MP|PP755590.1|A/cattle/Texas/24-008749-003/2024(H5N1)	191	19873
MP|PP755590.1|A/cattle/Texas/24-008749-003/2024(H5N1)	192	19946
MP|PP755590.1|A/cattle/Texas/24-008749-003/2024(H5N1)	193	19955
MP|PP755590.1|A/cattle/Texas/24-008749-003/2024(H5N1)	194	20605
MP|PP755590.1|A/cattle/Texas/24-008749-003/2024(H5N1)	195	20604
MP|PP755590.1|A/cattle/Texas/24-008749-003/2024(H5N1)	196	20365
MP|PP755590.1|A/cattle/Texas/24-008749-003/2024(H5N1)	197	20308
MP|PP755590.1|A/cattle/Texas/24-008749-003/2024(H5N1)	198	20799
MP|PP755590.1|A/cattle/Texas/24-008749-003/2024(H5N1)	199	20968
MP|PP755590.1|A/cattle/Texas/24-008749-003/2024(H5N1)	200	21474
MP|PP755590.1|A/cattle/Texas/24-008749-003/2024(H5N1)	201	21524
MP|PP755590.1|A/cattle/Texas/24-008749-003/2024(H5N1)	202	21536
MP|PP755590.1|A/cattle/Texas/24-008749-003/2024(H5N1)	203	21252
MP|PP755590.1|A/cattle/Texas/24-008749-003/2024(H5N1)	204	21291
MP|PP755590.1|A/cattle/Texas/24-008749-003/2024(H5N1)	205	21442
MP|PP755590.1|A/cattle/Texas/24-008749-003/2024(H5N1)	206	21416
MP|PP755590.1|A/cattle/Texas/24-008749-003/2024(H5N1)	207	20542
MP|PP755590.1|A/cattle/Texas/24-008749-003/2024(H5N1)	208	20393
MP|PP755590.1|A/cattle/Texas/24-008749-003/2024(H5N1)	209	20531
MP|PP755590.1|A/cattle/Texas/24-008749-003/2024(H5N1)	210	21148
MP|PP755590.1|A/cattle/Texas/24-008749-003/2024(H5N1)	211	21261
MP|PP755590.1|A/cattle/Texas/24-008749-003/2024(H5N1)	212	21555
MP|PP755590.1|A/cattle/Texas/24-008749-003/2024(H5N1)	213	21588
MP|PP755590.1|A/cattle/Texas/24-008749-003/2024(H5N1)	214	21655
MP|PP755590.1|A/cattle/Texas/24-008749-003/2024(H5N1)	215	21708
MP|PP755590.1|A/cattle/Texas/24-008749-003/2024(H5N1)	216	21707
MP|PP755590.1|A/cattle/Texas/24-008749-003/2024(H5N1)	217	22173
MP|PP755590.1|A/cattle/Texas/24-008749-003/2024(H5N1)	218	22251
MP|PP755590.1|A/cattle/Texas/24-008749-003/2024(H5N1)	219	22130
MP|PP755590.1|A/cattle/Texas/24-008749-003/2024(H5N1)	220	23103
MP|PP755590.1|A/cattle/Texas/24-008749-003/2024(H5N1)	221	22782
MP|PP755590.1|A/cattle/Texas/24-008749-003/2024(H5N1)	222	22821
MP|PP755590.1|A/cattle/Texas/24-008749-003/2024(H5N1)	223	22737
MP|PP755590.1|A/cattle/Texas/24-008749-003/2024(H5N1)	224	22703
MP|PP755590.1|A/cattle/Texas/24-008749-003/2024(H5N1)	225	23182
MP|PP755590.1|A/cattle/Texas/24-008749-003/2024(H5N1)	226	23132
MP|PP755590.1|A/cattle/Texas/24-008749-003/2024(H5N1)	227	23178
MP|PP755590.1|A/cattle/Texas/24-008749-003/2024(H5N1)	228	23300
MP|PP755590.1|A/cattle/Texas/24-008749-003/2024(H5N1)	229	22683
MP|PP755590.1|A/cattle/Texas/24-008749-003/2024(H5N1)	230	22694
MP|PP755590.1|A/cattle/Texas/24-008749-003/2024(H5N1)	231	22050
MP|PP755590.1|A/cattle/Texas/24-008749-003/2024(H5N1)	232	21894
MP|PP755590.1|A/cattle/Texas/24-008749-003/2024(H5N1)	233	21930
MP|PP755590.1|A/cattle/Texas/24-008749-003/2024(H5N1)	234	21530
MP|PP755590.1|A/cattle/Texas/24-008749-003/2024(H5N1)	235	21750
MP|PP755590.1|A/cattle/Texas/24-008749-003/2024(H5N1)	236	21958
MP|PP755590.1|A/cattle/Texas/24-008749-003/2024(H5N1)	237	21950
MP|PP755590.1|A/cattle/Texas/24-008749-003/2024(H5N1)	238	22395
MP|PP755590.1|A/cattle/Texas/24-008749-003/2024(H5N1)	239	22686
MP|PP755590.1|A/cattle/Texas/24-008749-003/2024(H5N1)	240	22629
MP|PP755590.1|A/cattle/Texas/24-008749-003/2024(H5N1)	241	22583
MP|PP755590.1|A/cattle/Texas/24-008749-003/2024(H5N1)	242	22533
MP|PP755590.1|A/cattle/Texas/24-008749-003/2024(H5N1)	243	22643
MP|PP755590.1|A/cattle/Texas/24-008749-003/2024(H5N1)	244	22852
MP|PP755590.1|A/cattle/Texas/24-008749-003/2024(H5N1)	245	22574
MP|PP755590.1|A/cattle/Texas/24-008749-003/2024(H5N1)	246	23129
MP|PP755590.1|A/cattle/Texas/24-008749-003/2024(H5N1)	247	22885
MP|PP755590.1|A/cattle/Texas/24-008749-003/2024(H5N1)	248	22876
MP|PP755590.1|A/cattle/Texas/24-008749-003/2024(H5N1)	249	23425
MP|PP755590.1|A/cattle/Texas/24-008749-003/2024(H5N1)	250	23466
MP|PP755590.1|A/cattle/Texas/24-008749-003/2024(H5N1)	251	23547
MP|PP755590.1|A/cattle/Texas/24-008749-003/2024(H5N1)	252	23717
MP|PP755590.1|A/cattle/Texas/24-008749-003/2024(H5N1)	253	23364
MP|PP755590.1|A/cattle/Texas/24-008749-003/2024(H5N1)	254	23689
MP|PP755590.1|A/cattle/Texas/24-008749-003/2024(H5N1)	255	23800
MP|PP755590.1|A/cattle/Texas/24-008749-003/2024(H5N1)	256	23624
MP|PP755590.1|A/cattle/Texas/24-008749-003/2024(H5N1)	257	23739
MP|PP755590.1|A/cattle/Texas/24-008749-003/2024(H5N1)	258	23758
MP|PP755590.1|A/cattle/Texas/24-008749-003/2024(H5N1)	259	24271
MP|PP755590.1|A/cattle/Texas/24-008749-003/2024(H5N1)	260	24417
MP|PP755590.1|A/cattle/Texas/24-008749-003/2024(H5N1)	261	24305
MP|PP755590.1|A/cattle/Texas/24-008749-003/2024(H5N1)	262	24308
MP|PP755590.1|A/cattle/Texas/24-008749-003/2024(H5N1)	263	24330
MP|PP755590.1|A/cattle/Texas/24-008749-003/2024(H5N1)	264	23904
MP|PP755590.1|A/cattle/Texas/24-008749-003/2024(H5N1)	265	24003
MP|PP755590.1|A/cattle/Texas/24-008749-003/2024(H5N1)	266	23956
MP|PP755590.1|A/cattle/Texas/24-008749-003/2024(H5N1)	267	24278
MP|PP755590.1|A/cattle/Texas/24-008749-003/2024(H5N1)	268	24288
MP|PP755590.1|A/cattle/Texas/24-008749-003/2024(H5N1)	269	24273
MP|PP755590.1|A/cattle/Texas/24-008749-003/2024(H5N1)	270	24333
MP|PP755590.1|A/cattle/Texas/24-008749-003/2024(H5N1)	271	24311
MP|PP755590.1|A/cattle/Texas/24-008749-003/2024(H5N1)	272	24319
MP|PP755590.1|A/cattle/Texas/24-008749-003/2024(H5N1)	273	24952
MP|PP755590.1|A/cattle/Texas/24-008749-003/2024(H5N1)	274	25205
MP|PP755590.1|A/cattle/Texas/24-008749-003/2024(H5N1)	275	24308
MP|PP755590.1|A/cattle/Texas/24-008749-003/2024(H5N1)	276	24054
MP|PP755590.1|A/cattle/Texas/24-008749-003/2024(H5N1)	277	24044
MP|PP755590.1|A/cattle/Texas/24-008749-003/2024(H5N1)	278	24055
MP|PP755590.1|A/cattle/Texas/24-008749-003/2024(H5N1)	279	24727
MP|PP755590.1|A/cattle/Texas/24-008749-003/2024(H5N1)	280	24814
MP|PP755590.1|A/cattle/Texas/24-008749-003/2024(H5N1)	281	24783
MP|PP755590.1|A/cattle/Texas/24-008749-003/2024(H5N1)	282	24740
MP|PP755590.1|A/cattle/Texas/24-008749-003/2024(H5N1)	283	23895
MP|PP755590.1|A/cattle/Texas/24-008749-003/2024(H5N1)	284	24256
MP|PP755590.1|A/cattle/Texas/24-008749-003/2024(H5N1)	285	23926
MP|PP755590.1|A/cattle/Texas/24-008749-003/2024(H5N1)	286	23704
MP|PP755590.1|A/cattle/Texas/24-008749-003/2024(H5N1)	287	23727
MP|PP755590.1|A/cattle/Texas/24-008749-003/2024(H5N1)	288	22982
MP|PP755590.1|A/cattle/Texas/24-008749-003/2024(H5N1)	289	23358
MP|PP755590.1|A/cattle/Texas/24-008749-003/2024(H5N1)	290	23379
MP|PP755590.1|A/cattle/Texas/24-008749-003/2024(H5N1)	291	22692
MP|PP755590.1|A/cattle/Texas/24-008749-003/2024(H5N1)	292	22666
MP|PP755590.1|A/cattle/Texas/24-008749-003/2024(H5N1)	293	22399
MP|PP755590.1|A/cattle/Texas/24-008749-003/2024(H5N1)	294	21329
MP|PP755590.1|A/cattle/Texas/24-008749-003/2024(H5N1)	295	21406
MP|PP755590.1|A/cattle/Texas/24-008749-003/2024(H5N1)	296	23758
MP|PP755590.1|A/cattle/Texas/24-008749-003/2024(H5N1)	297	23924
MP|PP755590.1|A/cattle/Texas/24-008749-003/2024(H5N1)	298	24273
MP|PP755590.1|A/cattle/Texas/24-008749-003/2024(H5N1)	299	24271
MP|PP755590.1|A/cattle/Texas/24-008749-003/2024(H5N1)	300	24266
MP|PP755590.1|A/cattle/Texas/24-008749-003/2024(H5N1)	301	24235
MP|PP755590.1|A/cattle/Texas/24-008749-003/2024(H5N1)	302	24123
MP|PP755590.1|A/cattle/Texas/24-008749-003/2024(H5N1)	303	24618
MP|PP755590.1|A/cattle/Texas/24-008749-003/2024(H5N1)	304	24660
MP|PP755590.1|A/cattle/Texas/24-008749-003/2024(H5N1)	305	24653
MP|PP755590.1|A/cattle/Texas/24-008749-003/2024(H5N1)	306	24452
MP|PP755590.1|A/cattle/Texas/24-008749-003/2024(H5N1)	307	24972
MP|PP755590.1|A/cattle/Texas/24-008749-003/2024(H5N1)	308	24980
MP|PP755590.1|A/cattle/Texas/24-008749-003/2024(H5N1)	309	25006
MP|PP755590.1|A/cattle/Texas/24-008749-003/2024(H5N1)	310	25047
MP|PP755590.1|A/cattle/Texas/24-008749-003/2024(H5N1)	311	24375
MP|PP755590.1|A/cattle/Texas/24-008749-003/2024(H5N1)	312	24409
MP|PP755590.1|A/cattle/Texas/24-008749-003/2024(H5N1)	313	24185
MP|PP755590.1|A/cattle/Texas/24-008749-003/2024(H5N1)	314	24359
MP|PP755590.1|A/cattle/Texas/24-008749-003/2024(H5N1)	315	24370
MP|PP755590.1|A/cattle/Texas/24-008749-003/2024(H5N1)	316	24172
MP|PP755590.1|A/cattle/Texas/24-008749-003/2024(H5N1)	317	24427
MP|PP755590.1|A/cattle/Texas/24-008749-003/2024(H5N1)	318	24514
MP|PP755590.1|A/cattle/Texas/24-008749-003/2024(H5N1)	319	24645
MP|PP755590.1|A/cattle/Texas/24-008749-003/2024(H5N1)	320	24673
MP|PP755590.1|A/cattle/Texas/24-008749-003/2024(H5N1)	321	24661
MP|PP755590.1|A/cattle/Texas/24-008749-003/2024(H5N1)	322	24811
MP|PP755590.1|A/cattle/Texas/24-008749-003/2024(H5N1)	323	24918
MP|PP755590.1|A/cattle/Texas/24-008749-003/2024(H5N1)	324	24791
MP|PP755590.1|A/cattle/Texas/24-008749-003/2024(H5N1)	325	24814
MP|PP755590.1|A/cattle/Texas/24-008749-003/2024(H5N1)	326	24498
MP|PP755590.1|A/cattle/Texas/24-008749-003/2024(H5N1)	327	24662
MP|PP755590.1|A/cattle/Texas/24-008749-003/2024(H5N1)	328	24523
MP|PP755590.1|A/cattle/Texas/24-008749-003/2024(H5N1)	329	24512
MP|PP755590.1|A/cattle/Texas/24-008749-003/2024(H5N1)	330	24542
MP|PP755590.1|A/cattle/Texas/24-008749-003/2024(H5N1)	331	24389
MP|PP755590.1|A/cattle/Texas/24-008749-003/2024(H5N1)	332	24579
MP|PP755590.1|A/cattle/Texas/24-008749-003/2024(H5N1)	333	24922
MP|PP755590.1|A/cattle/Texas/24-008749-003/2024(H5N1)	334	24911
MP|PP755590.1|A/cattle/Texas/24-008749-003/2024(H5N1)	335	24902
MP|PP755590.1|A/cattle/Texas/24-008749-003/2024(H5N1)	336	24839
MP|PP755590.1|A/cattle/Texas/24-008749-003/2024(H5N1)	337	24887
MP|PP755590.1|A/cattle/Texas/24-008749-003/2024(H5N1)	338	24791
MP|PP755590.1|A/cattle/Texas/24-008749-003/2024(H5N1)	339	24778
MP|PP755590.1|A/cattle/Texas/24-008749-003/2024(H5N1)	340	24754
MP|PP755590.1|A/cattle/Texas/24-008749-003/2024(H5N1)	341	24625
MP|PP755590.1|A/cattle/Texas/24-008749-003/2024(H5N1)	342	24393
MP|PP755590.1|A/cattle/Texas/24-008749-003/2024(H5N1)	343	24386
MP|PP755590.1|A/cattle/Texas/24-008749-003/2024(H5N1)	344	24525
MP|PP755590.1|A/cattle/Texas/24-008749-003/2024(H5N1)	345	23903
MP|PP755590.1|A/cattle/Texas/24-008749-003/2024(H5N1)	346	24075
MP|PP755590.1|A/cattle/Texas/24-008749-003/2024(H5N1)	347	24410
MP|PP755590.1|A/cattle/Texas/24-008749-003/2024(H5N1)	348	24550
MP|PP755590.1|A/cattle/Texas/24-008749-003/2024(H5N1)	349	23483
MP|PP755590.1|A/cattle/Texas/24-008749-003/2024(H5N1)	350	23386
MP|PP755590.1|A/cattle/Texas/24-008749-003/2024(H5N1)	351	24085
MP|PP755590.1|A/cattle/Texas/24-008749-003/2024(H5N1)	352	23974
MP|PP755590.1|A/cattle/Texas/24-008749-003/2024(H5N1)	353	24175
MP|PP755590.1|A/cattle/Texas/24-008749-003/2024(H5N1)	354	24274
MP|PP755590.1|A/cattle/Texas/24-008749-003/2024(H5N1)	355	24150
MP|PP755590.1|A/cattle/Texas/24-008749-003/2024(H5N1)	356	24219
MP|PP755590.1|A/cattle/Texas/24-008749-003/2024(H5N1)	357	24247
MP|PP755590.1|A/cattle/Texas/24-008749-003/2024(H5N1)	358	24225
MP|PP755590.1|A/cattle/Texas/24-008749-003/2024(H5N1)	359	24113
MP|PP755590.1|A/cattle/Texas/24-008749-003/2024(H5N1)	360	23400
MP|PP755590.1|A/cattle/Texas/24-008749-003/2024(H5N1)	361	23786
MP|PP755590.1|A/cattle/Texas/24-008749-003/2024(H5N1)	362	23606
MP|PP755590.1|A/cattle/Texas/24-008749-003/2024(H5N1)	363	23310
MP|PP755590.1|A/cattle/Texas/24-008749-003/2024(H5N1)	364	23241
MP|PP755590.1|A/cattle/Texas/24-008749-003/2024(H5N1)	365	23380
MP|PP755590.1|A/cattle/Texas/24-008749-003/2024(H5N1)	366	23271
MP|PP755590.1|A/cattle/Texas/24-008749-003/2024(H5N1)	367	23354
MP|PP755590.1|A/cattle/Texas/24-008749-003/2024(H5N1)	368	22942
MP|PP755590.1|A/cattle/Texas/24-008749-003/2024(H5N1)	369	23085
MP|PP755590.1|A/cattle/Texas/24-008749-003/2024(H5N1)	370	22523
MP|PP755590.1|A/cattle/Texas/24-008749-003/2024(H5N1)	371	22172
MP|PP755590.1|A/cattle/Texas/24-008749-003/2024(H5N1)	372	22465
MP|PP755590.1|A/cattle/Texas/24-008749-003/2024(H5N1)	373	22415
MP|PP755590.1|A/cattle/Texas/24-008749-003/2024(H5N1)	374	22437
MP|PP755590.1|A/cattle/Texas/24-008749-003/2024(H5N1)	375	21954
MP|PP755590.1|A/cattle/Texas/24-008749-003/2024(H5N1)	376	21848
MP|PP755590.1|A/cattle/Texas/24-008749-003/2024(H5N1)	377	22204
MP|PP755590.1|A/cattle/Texas/24-008749-003/2024(H5N1)	378	22354
MP|PP755590.1|A/cattle/Texas/24-008749-003/2024(H5N1)	379	22270
MP|PP755590.1|A/cattle/Texas/24-008749-003/2024(H5N1)	380	22543
MP|PP755590.1|A/cattle/Texas/24-008749-003/2024(H5N1)	381	22406
MP|PP755590.1|A/cattle/Texas/24-008749-003/2024(H5N1)	382	22409
MP|PP755590.1|A/cattle/Texas/24-008749-003/2024(H5N1)	383	22388
MP|PP755590.1|A/cattle/Texas/24-008749-003/2024(H5N1)	384	22331
MP|PP755590.1|A/cattle/Texas/24-008749-003/2024(H5N1)	385	22496
MP|PP755590.1|A/cattle/Texas/24-008749-003/2024(H5N1)	386	22375
MP|PP755590.1|A/cattle/Texas/24-008749-003/2024(H5N1)	387	22193
MP|PP755590.1|A/cattle/Texas/24-008749-003/2024(H5N1)	388	22466
MP|PP755590.1|A/cattle/Texas/24-008749-003/2024(H5N1)	389	22115
MP|PP755590.1|A/cattle/Texas/24-008749-003/2024(H5N1)	390	22270
MP|PP755590.1|A/cattle/Texas/24-008749-003/2024(H5N1)	391	22915
MP|PP755590.1|A/cattle/Texas/24-008749-003/2024(H5N1)	392	22922
MP|PP755590.1|A/cattle/Texas/24-008749-003/2024(H5N1)	393	22999
MP|PP755590.1|A/cattle/Texas/24-008749-003/2024(H5N1)	394	22868
MP|PP755590.1|A/cattle/Texas/24-008749-003/2024(H5N1)	395	22626
MP|PP755590.1|A/cattle/Texas/24-008749-003/2024(H5N1)	396	23913
MP|PP755590.1|A/cattle/Texas/24-008749-003/2024(H5N1)	397	23223
MP|PP755590.1|A/cattle/Texas/24-008749-003/2024(H5N1)	398	23199
MP|PP755590.1|A/cattle/Texas/24-008749-003/2024(H5N1)	399	23143
MP|PP755590.1|A/cattle/Texas/24-008749-003/2024(H5N1)	400	22514
MP|PP755590.1|A/cattle/Texas/24-008749-003/2024(H5N1)	401	23096
MP|PP755590.1|A/cattle/Texas/24-008749-003/2024(H5N1)	402	23519
MP|PP755590.1|A/cattle/Texas/24-008749-003/2024(H5N1)	403	23382
MP|PP755590.1|A/cattle/Texas/24-008749-003/2024(H5N1)	404	23492
MP|PP755590.1|A/cattle/Texas/24-008749-003/2024(H5N1)	405	23147
MP|PP755590.1|A/cattle/Texas/24-008749-003/2024(H5N1)	406	23163
MP|PP755590.1|A/cattle/Texas/24-008749-003/2024(H5N1)	407	24466
MP|PP755590.1|A/cattle/Texas/24-008749-003/2024(H5N1)	408	24495
MP|PP755590.1|A/cattle/Texas/24-008749-003/2024(H5N1)	409	24554
MP|PP755590.1|A/cattle/Texas/24-008749-003/2024(H5N1)	410	23845
MP|PP755590.1|A/cattle/Texas/24-008749-003/2024(H5N1)	411	23778
MP|PP755590.1|A/cattle/Texas/24-008749-003/2024(H5N1)	412	23793
MP|PP755590.1|A/cattle/Texas/24-008749-003/2024(H5N1)	413	24336
MP|PP755590.1|A/cattle/Texas/24-008749-003/2024(H5N1)	414	24373
MP|PP755590.1|A/cattle/Texas/24-008749-003/2024(H5N1)	415	24398
MP|PP755590.1|A/cattle/Texas/24-008749-003/2024(H5N1)	416	24482
MP|PP755590.1|A/cattle/Texas/24-008749-003/2024(H5N1)	417	24152
MP|PP755590.1|A/cattle/Texas/24-008749-003/2024(H5N1)	418	24156
MP|PP755590.1|A/cattle/Texas/24-008749-003/2024(H5N1)	419	24218
MP|PP755590.1|A/cattle/Texas/24-008749-003/2024(H5N1)	420	24197
MP|PP755590.1|A/cattle/Texas/24-008749-003/2024(H5N1)	421	24254
MP|PP755590.1|A/cattle/Texas/24-008749-003/2024(H5N1)	422	24742
MP|PP755590.1|A/cattle/Texas/24-008749-003/2024(H5N1)	423	24697
MP|PP755590.1|A/cattle/Texas/24-008749-003/2024(H5N1)	424	24092
MP|PP755590.1|A/cattle/Texas/24-008749-003/2024(H5N1)	425	23744
MP|PP755590.1|A/cattle/Texas/24-008749-003/2024(H5N1)	426	23676
MP|PP755590.1|A/cattle/Texas/24-008749-003/2024(H5N1)	427	24267
MP|PP755590.1|A/cattle/Texas/24-008749-003/2024(H5N1)	428	24325
MP|PP755590.1|A/cattle/Texas/24-008749-003/2024(H5N1)	429	24342
MP|PP755590.1|A/cattle/Texas/24-008749-003/2024(H5N1)	430	23538
MP|PP755590.1|A/cattle/Texas/24-008749-003/2024(H5N1)	431	23530
MP|PP755590.1|A/cattle/Texas/24-008749-003/2024(H5N1)	432	23591
MP|PP755590.1|A/cattle/Texas/24-008749-003/2024(H5N1)	433	25189
MP|PP755590.1|A/cattle/Texas/24-008749-003/2024(H5N1)	434	25577
MP|PP755590.1|A/cattle/Texas/24-008749-003/2024(H5N1)	435	25229
MP|PP755590.1|A/cattle/Texas/24-008749-003/2024(H5N1)	436	24826
MP|PP755590.1|A/cattle/Texas/24-008749-003/2024(H5N1)	437	24817
MP|PP755590.1|A/cattle/Texas/24-008749-003/2024(H5N1)	438	25225
MP|PP755590.1|A/cattle/Texas/24-008749-003/2024(H5N1)	439	25584
MP|PP755590.1|A/cattle/Texas/24-008749-003/2024(H5N1)	440	25332
MP|PP755590.1|A/cattle/Texas/24-008749-003/2024(H5N1)	441	25553
MP|PP755590.1|A/cattle/Texas/24-008749-003/2024(H5N1)	442	23522
MP|PP755590.1|A/cattle/Texas/24-008749-003/2024(H5N1)	443	23516
MP|PP755590.1|A/cattle/Texas/24-008749-003/2024(H5N1)	444	23735
MP|PP755590.1|A/cattle/Texas/24-008749-003/2024(H5N1)	445	23732
MP|PP755590.1|A/cattle/Texas/24-008749-003/2024(H5N1)	446	23742
MP|PP755590.1|A/cattle/Texas/24-008749-003/2024(H5N1)	447	23239
MP|PP755590.1|A/cattle/Texas/24-008749-003/2024(H5N1)	448	22933
MP|PP755590.1|A/cattle/Texas/24-008749-003/2024(H5N1)	449	23549
MP|PP755590.1|A/cattle/Texas/24-008749-003/2024(H5N1)	450	23431
MP|PP755590.1|A/cattle/Texas/24-008749-003/2024(H5N1)	451	23190
MP|PP755590.1|A/cattle/Texas/24-008749-003/2024(H5N1)	452	23237
MP|PP755590.1|A/cattle/Texas/24-008749-003/2024(H5N1)	453	23021
MP|PP755590.1|A/cattle/Texas/24-008749-003/2024(H5N1)	454	23042
MP|PP755590.1|A/cattle/Texas/24-008749-003/2024(H5N1)	455	22840
MP|PP755590.1|A/cattle/Texas/24-008749-003/2024(H5N1)	456	22896
MP|PP755590.1|A/cattle/Texas/24-008749-003/2024(H5N1)	457	23075
MP|PP755590.1|A/cattle/Texas/24-008749-003/2024(H5N1)	458	22450
MP|PP755590.1|A/cattle/Texas/24-008749-003/2024(H5N1)	459	22531
MP|PP755590.1|A/cattle/Texas/24-008749-003/2024(H5N1)	460	22505
MP|PP755590.1|A/cattle/Texas/24-008749-003/2024(H5N1)	461	22543
MP|PP755590.1|A/cattle/Texas/24-008749-003/2024(H5N1)	462	22842
MP|PP755590.1|A/cattle/Texas/24-008749-003/2024(H5N1)	463	22870
MP|PP755590.1|A/cattle/Texas/24-008749-003/2024(H5N1)	464	22889
MP|PP755590.1|A/cattle/Texas/24-008749-003/2024(H5N1)	465	22830
MP|PP755590.1|A/cattle/Texas/24-008749-003/2024(H5N1)	466	22947
MP|PP755590.1|A/cattle/Texas/24-008749-003/2024(H5N1)	467	23018
MP|PP755590.1|A/cattle/Texas/24-008749-003/2024(H5N1)	468	22850
MP|PP755590.1|A/cattle/Texas/24-008749-003/2024(H5N1)	469	22809
MP|PP755590.1|A/cattle/Texas/24-008749-003/2024(H5N1)	470	22802
MP|PP755590.1|A/cattle/Texas/24-008749-003/2024(H5N1)	471	22780
MP|PP755590.1|A/cattle/Texas/24-008749-003/2024(H5N1)	472	22705
MP|PP755590.1|A/cattle/Texas/24-008749-003/2024(H5N1)	473	22636
MP|PP755590.1|A/cattle/Texas/24-008749-003/2024(H5N1)	474	22740
MP|PP755590.1|A/cattle/Texas/24-008749-003/2024(H5N1)	475	22820
MP|PP755590.1|A/cattle/Texas/24-008749-003/2024(H5N1)	476	22807
MP|PP755590.1|A/cattle/Texas/24-008749-003/2024(H5N1)	477	23106
MP|PP755590.1|A/cattle/Texas/24-008749-003/2024(H5N1)	478	22985
MP|PP755590.1|A/cattle/Texas/24-008749-003/2024(H5N1)	479	23015
MP|PP755590.1|A/cattle/Texas/24-008749-003/2024(H5N1)	480	23195
MP|PP755590.1|A/cattle/Texas/24-008749-003/2024(H5N1)	481	23258
MP|PP755590.1|A/cattle/Texas/24-008749-003/2024(H5N1)	482	23475
MP|PP755590.1|A/cattle/Texas/24-008749-003/2024(H5N1)	483	23271
MP|PP755590.1|A/cattle/Texas/24-008749-003/2024(H5N1)	484	23352
MP|PP755590.1|A/cattle/Texas/24-008749-003/2024(H5N1)	485	23351
MP|PP755590.1|A/cattle/Texas/24-008749-003/2024(H5N1)	486	23450
MP|PP755590.1|A/cattle/Texas/24-008749-003/2024(H5N1)	487	23394
MP|PP755590.1|A/cattle/Texas/24-008749-003/2024(H5N1)	488	23850
MP|PP755590.1|A/cattle/Texas/24-008749-003/2024(H5N1)	489	24105
MP|PP755590.1|A/cattle/Texas/24-008749-003/2024(H5N1)	490	24239
MP|PP755590.1|A/cattle/Texas/24-008749-003/2024(H5N1)	491	24031
MP|PP755590.1|A/cattle/Texas/24-008749-003/2024(H5N1)	492	24043
MP|PP755590.1|A/cattle/Texas/24-008749-003/2024(H5N1)	493	24007
MP|PP755590.1|A/cattle/Texas/24-008749-003/2024(H5N1)	494	24091
MP|PP755590.1|A/cattle/Texas/24-008749-003/2024(H5N1)	495	24073
MP|PP755590.1|A/cattle/Texas/24-008749-003/2024(H5N1)	496	24201
MP|PP755590.1|A/cattle/Texas/24-008749-003/2024(H5N1)	497	23760
MP|PP755590.1|A/cattle/Texas/24-008749-003/2024(H5N1)	498	23806
MP|PP755590.1|A/cattle/Texas/24-008749-003/2024(H5N1)	499	23762
MP|PP755590.1|A/cattle/Texas/24-008749-003/2024(H5N1)	500	23923
MP|PP755590.1|A/cattle/Texas/24-008749-003/2024(H5N1)	501	23569
MP|PP755590.1|A/cattle/Texas/24-008749-003/2024(H5N1)	502	23583
MP|PP755590.1|A/cattle/Texas/24-008749-003/2024(H5N1)	503	23802
MP|PP755590.1|A/cattle/Texas/24-008749-003/2024(H5N1)	504	23917
MP|PP755590.1|A/cattle/Texas/24-008749-003/2024(H5N1)	505	23789
MP|PP755590.1|A/cattle/Texas/24-008749-003/2024(H5N1)	506	23821
MP|PP755590.1|A/cattle/Texas/24-008749-003/2024(H5N1)	507	23673
MP|PP755590.1|A/cattle/Texas/24-008749-003/2024(H5N1)	508	23684
MP|PP755590.1|A/cattle/Texas/24-008749-003/2024(H5N1)	509	23752
MP|PP755590.1|A/cattle/Texas/24-008749-003/2024(H5N1)	510	23822
MP|PP755590.1|A/cattle/Texas/24-008749-003/2024(H5N1)	511	24012
MP|PP755590.1|A/cattle/Texas/24-008749-003/2024(H5N1)	512	23984
MP|PP755590.1|A/cattle/Texas/24-008749-003/2024(H5N1)	513	23938
MP|PP755590.1|A/cattle/Texas/24-008749-003/2024(H5N1)	514	24025
MP|PP755590.1|A/cattle/Texas/24-008749-003/2024(H5N1)	515	23958
MP|PP755590.1|A/cattle/Texas/24-008749-003/2024(H5N1)	516	24138
MP|PP755590.1|A/cattle/Texas/24-008749-003/2024(H5N1)	517	24293
MP|PP755590.1|A/cattle/Texas/24-008749-003/2024(H5N1)	518	24200
MP|PP755590.1|A/cattle/Texas/24-008749-003/2024(H5N1)	519	24138
MP|PP755590.1|A/cattle/Texas/24-008749-003/2024(H5N1)	520	23967
MP|PP755590.1|A/cattle/Texas/24-008749-003/2024(H5N1)	521	23921
MP|PP755590.1|A/cattle/Texas/24-008749-003/2024(H5N1)	522	24223
MP|PP755590.1|A/cattle/Texas/24-008749-003/2024(H5N1)	523	24136
MP|PP755590.1|A/cattle/Texas/24-008749-003/2024(H5N1)	524	24693
MP|PP755590.1|A/cattle/Texas/24-008749-003/2024(H5N1)	525	24565
MP|PP755590.1|A/cattle/Texas/24-008749-003/2024(H5N1)	526	24553
MP|PP755590.1|A/cattle/Texas/24-008749-003/2024(H5N1)	527	24595
MP|PP755590.1|A/cattle/Texas/24-008749-003/2024(H5N1)	528	24352
MP|PP755590.1|A/cattle/Texas/24-008749-003/2024(H5N1)	529	24170
MP|PP755590.1|A/cattle/Texas/24-008749-003/2024(H5N1)	530	24165
MP|PP755590.1|A/cattle/Texas/24-008749-003/2024(H5N1)	531	23948
MP|PP755590.1|A/cattle/Texas/24-008749-003/2024(H5N1)	532	23758
MP|PP755590.1|A/cattle/Texas/24-008749-003/2024(H5N1)	533	24000
MP|PP755590.1|A/cattle/Texas/24-008749-003/2024(H5N1)	534	24751
MP|PP755590.1|A/cattle/Texas/24-008749-003/2024(H5N1)	535	25038
MP|PP755590.1|A/cattle/Texas/24-008749-003/2024(H5N1)	536	24889
MP|PP755590.1|A/cattle/Texas/24-008749-003/2024(H5N1)	537	24615
MP|PP755590.1|A/cattle/Texas/24-008749-003/2024(H5N1)	538	25930
MP|PP755590.1|A/cattle/Texas/24-008749-003/2024(H5N1)	539	25337
MP|PP755590.1|A/cattle/Texas/24-008749-003/2024(H5N1)	540	25320
MP|PP755590.1|A/cattle/Texas/24-008749-003/2024(H5N1)	541	25427
MP|PP755590.1|A/cattle/Texas/24-008749-003/2024(H5N1)	542	24854
MP|PP755590.1|A/cattle/Texas/24-008749-003/2024(H5N1)	543	25513
MP|PP755590.1|A/cattle/Texas/24-008749-003/2024(H5N1)	544	25450
MP|PP755590.1|A/cattle/Texas/24-008749-003/2024(H5N1)	545	25537
MP|PP755590.1|A/cattle/Texas/24-008749-003/2024(H5N1)	546	25352
MP|PP755590.1|A/cattle/Texas/24-008749-003/2024(H5N1)	547	24242
MP|PP755590.1|A/cattle/Texas/24-008749-003/2024(H5N1)	548	25925
MP|PP755590.1|A/cattle/Texas/24-008749-003/2024(H5N1)	549	26305
MP|PP755590.1|A/cattle/Texas/24-008749-003/2024(H5N1)	550	26353
MP|PP755590.1|A/cattle/Texas/24-008749-003/2024(H5N1)	551	25852
MP|PP755590.1|A/cattle/Texas/24-008749-003/2024(H5N1)	552	25292
MP|PP755590.1|A/cattle/Texas/24-008749-003/2024(H5N1)	553	25308
MP|PP755590.1|A/cattle/Texas/24-008749-003/2024(H5N1)	554	25403
MP|PP755590.1|A/cattle/Texas/24-008749-003/2024(H5N1)	555	25781
MP|PP755590.1|A/cattle/Texas/24-008749-003/2024(H5N1)	556	26012
MP|PP755590.1|A/cattle/Texas/24-008749-003/2024(H5N1)	557	24575
MP|PP755590.1|A/cattle/Texas/24-008749-003/2024(H5N1)	558	24476
MP|PP755590.1|A/cattle/Texas/24-008749-003/2024(H5N1)	559	24437
MP|PP755590.1|A/cattle/Texas/24-008749-003/2024(H5N1)	560	24420
MP|PP755590.1|A/cattle/Texas/24-008749-003/2024(H5N1)	561	24751
MP|PP755590.1|A/cattle/Texas/24-008749-003/2024(H5N1)	562	24792
MP|PP755590.1|A/cattle/Texas/24-008749-003/2024(H5N1)	563	25008
MP|PP755590.1|A/cattle/Texas/24-008749-003/2024(H5N1)	564	24387
MP|PP755590.1|A/cattle/Texas/24-008749-003/2024(H5N1)	565	24410
MP|PP755590.1|A/cattle/Texas/24-008749-003/2024(H5N1)	566	24444
MP|PP755590.1|A/cattle/Texas/24-008749-003/2024(H5N1)	567	24266
MP|PP755590.1|A/cattle/Texas/24-008749-003/2024(H5N1)	568	24521
MP|PP755590.1|A/cattle/Texas/24-008749-003/2024(H5N1)	569	24440
MP|PP755590.1|A/cattle/Texas/24-008749-003/2024(H5N1)	570	24213
MP|PP755590.1|A/cattle/Texas/24-008749-003/2024(H5N1)	571	24150
MP|PP755590.1|A/cattle/Texas/24-008749-003/2024(H5N1)	572	23851
MP|PP755590.1|A/cattle/Texas/24-008749-003/2024(H5N1)	573	23895
MP|PP755590.1|A/cattle/Texas/24-008749-003/2024(H5N1)	574	23951
MP|PP755590.1|A/cattle/Texas/24-008749-003/2024(H5N1)	575	24384
MP|PP755590.1|A/cattle/Texas/24-008749-003/2024(H5N1)	576	24393
MP|PP755590.1|A/cattle/Texas/24-008749-003/2024(H5N1)	577	24167
MP|PP755590.1|A/cattle/Texas/24-008749-003/2024(H5N1)	578	24169
MP|PP755590.1|A/cattle/Texas/24-008749-003/2024(H5N1)	579	24107
MP|PP755590.1|A/cattle/Texas/24-008749-003/2024(H5N1)	580	24119
MP|PP755590.1|A/cattle/Texas/24-008749-003/2024(H5N1)	581	24249
MP|PP755590.1|A/cattle/Texas/24-008749-003/2024(H5N1)	582	24253
MP|PP755590.1|A/cattle/Texas/24-008749-003/2024(H5N1)	583	24199
MP|PP755590.1|A/cattle/Texas/24-008749-003/2024(H5N1)	584	22507
MP|PP755590.1|A/cattle/Texas/24-008749-003/2024(H5N1)	585	22555
MP|PP755590.1|A/cattle/Texas/24-008749-003/2024(H5N1)	586	22588
MP|PP755590.1|A/cattle/Texas/24-008749-003/2024(H5N1)	587	22624
MP|PP755590.1|A/cattle/Texas/24-008749-003/2024(H5N1)	588	22745
MP|PP755590.1|A/cattle/Texas/24-008749-003/2024(H5N1)	589	22413
MP|PP755590.1|A/cattle/Texas/24-008749-003/2024(H5N1)	590	22093
MP|PP755590.1|A/cattle/Texas/24-008749-003/2024(H5N1)	591	22104
MP|PP755590.1|A/cattle/Texas/24-008749-003/2024(H5N1)	592	22592
MP|PP755590.1|A/cattle/Texas/24-008749-003/2024(H5N1)	593	22600
MP|PP755590.1|A/cattle/Texas/24-008749-003/2024(H5N1)	594	22473
MP|PP755590.1|A/cattle/Texas/24-008749-003/2024(H5N1)	595	22314
MP|PP755590.1|A/cattle/Texas/24-008749-003/2024(H5N1)	596	22587
MP|PP755590.1|A/cattle/Texas/24-008749-003/2024(H5N1)	597	22535
MP|PP755590.1|A/cattle/Texas/24-008749-003/2024(H5N1)	598	22835
MP|PP755590.1|A/cattle/Texas/24-008749-003/2024(H5N1)	599	22574
MP|PP755590.1|A/cattle/Texas/24-008749-003/2024(H5N1)	600	22577
MP|PP755590.1|A/cattle/Texas/24-008749-003/2024(H5N1)	601	22624
MP|PP755590.1|A/cattle/Texas/24-008749-003/2024(H5N1)	602	22651
MP|PP755590.1|A/cattle/Texas/24-008749-003/2024(H5N1)	603	22642
MP|PP755590.1|A/cattle/Texas/24-008749-003/2024(H5N1)	604	23007
MP|PP755590.1|A/cattle/Texas/24-008749-003/2024(H5N1)	605	23361
MP|PP755590.1|A/cattle/Texas/24-008749-003/2024(H5N1)	606	23406
MP|PP755590.1|A/cattle/Texas/24-008749-003/2024(H5N1)	607	23182
MP|PP755590.1|A/cattle/Texas/24-008749-003/2024(H5N1)	608	23551
MP|PP755590.1|A/cattle/Texas/24-008749-003/2024(H5N1)	609	23556
MP|PP755590.1|A/cattle/Texas/24-008749-003/2024(H5N1)	610	23610
MP|PP755590.1|A/cattle/Texas/24-008749-003/2024(H5N1)	611	23585
MP|PP755590.1|A/cattle/Texas/24-008749-003/2024(H5N1)	612	23655
MP|PP755590.1|A/cattle/Texas/24-008749-003/2024(H5N1)	613	23626
MP|PP755590.1|A/cattle/Texas/24-008749-003/2024(H5N1)	614	23504
MP|PP755590.1|A/cattle/Texas/24-008749-003/2024(H5N1)	615	23461
MP|PP755590.1|A/cattle/Texas/24-008749-003/2024(H5N1)	616	23469
MP|PP755590.1|A/cattle/Texas/24-008749-003/2024(H5N1)	617	23561
MP|PP755590.1|A/cattle/Texas/24-008749-003/2024(H5N1)	618	23560
MP|PP755590.1|A/cattle/Texas/24-008749-003/2024(H5N1)	619	23852
MP|PP755590.1|A/cattle/Texas/24-008749-003/2024(H5N1)	620	23809
MP|PP755590.1|A/cattle/Texas/24-008749-003/2024(H5N1)	621	24156
MP|PP755590.1|A/cattle/Texas/24-008749-003/2024(H5N1)	622	24105
MP|PP755590.1|A/cattle/Texas/24-008749-003/2024(H5N1)	623	23886
MP|PP755590.1|A/cattle/Texas/24-008749-003/2024(H5N1)	624	24708
MP|PP755590.1|A/cattle/Texas/24-008749-003/2024(H5N1)	625	24814
MP|PP755590.1|A/cattle/Texas/24-008749-003/2024(H5N1)	626	24811
MP|PP755590.1|A/cattle/Texas/24-008749-003/2024(H5N1)	627	24794
MP|PP755590.1|A/cattle/Texas/24-008749-003/2024(H5N1)	628	24514
MP|PP755590.1|A/cattle/Texas/24-008749-003/2024(H5N1)	629	24938
MP|PP755590.1|A/cattle/Texas/24-008749-003/2024(H5N1)	630	24919
MP|PP755590.1|A/cattle/Texas/24-008749-003/2024(H5N1)	631	24795
MP|PP755590.1|A/cattle/Texas/24-008749-003/2024(H5N1)	632	24765
MP|PP755590.1|A/cattle/Texas/24-008749-003/2024(H5N1)	633	24016
MP|PP755590.1|A/cattle/Texas/24-008749-003/2024(H5N1)	634	24045
MP|PP755590.1|A/cattle/Texas/24-008749-003/2024(H5N1)	635	23970
MP|PP755590.1|A/cattle/Texas/24-008749-003/2024(H5N1)	636	24127
MP|PP755590.1|A/cattle/Texas/24-008749-003/2024(H5N1)	637	24257
MP|PP755590.1|A/cattle/Texas/24-008749-003/2024(H5N1)	638	24183
MP|PP755590.1|A/cattle/Texas/24-008749-003/2024(H5N1)	639	23751
MP|PP755590.1|A/cattle/Texas/24-008749-003/2024(H5N1)	640	23614
MP|PP755590.1|A/cattle/Texas/24-008749-003/2024(H5N1)	641	23625
MP|PP755590.1|A/cattle/Texas/24-008749-003/2024(H5N1)	642	24091
MP|PP755590.1|A/cattle/Texas/24-008749-003/2024(H5N1)	643	24518
MP|PP755590.1|A/cattle/Texas/24-008749-003/2024(H5N1)	644	24816
MP|PP755590.1|A/cattle/Texas/24-008749-003/2024(H5N1)	645	24674
MP|PP755590.1|A/cattle/Texas/24-008749-003/2024(H5N1)	646	24788
MP|PP755590.1|A/cattle/Texas/24-008749-003/2024(H5N1)	647	24620
MP|PP755590.1|A/cattle/Texas/24-008749-003/2024(H5N1)	648	24661
MP|PP755590.1|A/cattle/Texas/24-008749-003/2024(H5N1)	649	24623
MP|PP755590.1|A/cattle/Texas/24-008749-003/2024(H5N1)	650	24667
MP|PP755590.1|A/cattle/Texas/24-008749-003/2024(H5N1)	651	24842
MP|PP755590.1|A/cattle/Texas/24-008749-003/2024(H5N1)	652	24576
MP|PP755590.1|A/cattle/Texas/24-008749-003/2024(H5N1)	653	24809
MP|PP755590.1|A/cattle/Texas/24-008749-003/2024(H5N1)	654	25229
MP|PP755590.1|A/cattle/Texas/24-008749-003/2024(H5N1)	655	25091
MP|PP755590.1|A/cattle/Texas/24-008749-003/2024(H5N1)	656	25403
MP|PP755590.1|A/cattle/Texas/24-008749-003/2024(H5N1)	657	25301
MP|PP755590.1|A/cattle/Texas/24-008749-003/2024(H5N1)	658	25301
MP|PP755590.1|A/cattle/Texas/24-008749-003/2024(H5N1)	659	25453
MP|PP755590.1|A/cattle/Texas/24-008749-003/2024(H5N1)	660	25453
MP|PP755590.1|A/cattle/Texas/24-008749-003/2024(H5N1)	661	25813
MP|PP755590.1|A/cattle/Texas/24-008749-003/2024(H5N1)	662	25511
MP|PP755590.1|A/cattle/Texas/24-008749-003/2024(H5N1)	663	25019
MP|PP755590.1|A/cattle/Texas/24-008749-003/2024(H5N1)	664	25241
MP|PP755590.1|A/cattle/Texas/24-008749-003/2024(H5N1)	665	25153
MP|PP755590.1|A/cattle/Texas/24-008749-003/2024(H5N1)	666	26163
MP|PP755590.1|A/cattle/Texas/24-008749-003/2024(H5N1)	667	26004
MP|PP755590.1|A/cattle/Texas/24-008749-003/2024(H5N1)	668	25899
MP|PP755590.1|A/cattle/Texas/24-008749-003/2024(H5N1)	669	25927
MP|PP755590.1|A/cattle/Texas/24-008749-003/2024(H5N1)	670	25889
MP|PP755590.1|A/cattle/Texas/24-008749-003/2024(H5N1)	671	25906
MP|PP755590.1|A/cattle/Texas/24-008749-003/2024(H5N1)	672	26884
MP|PP755590.1|A/cattle/Texas/24-008749-003/2024(H5N1)	673	26657
MP|PP755590.1|A/cattle/Texas/24-008749-003/2024(H5N1)	674	26816
MP|PP755590.1|A/cattle/Texas/24-008749-003/2024(H5N1)	675	26169
MP|PP755590.1|A/cattle/Texas/24-008749-003/2024(H5N1)	676	26120
MP|PP755590.1|A/cattle/Texas/24-008749-003/2024(H5N1)	677	26552
MP|PP755590.1|A/cattle/Texas/24-008749-003/2024(H5N1)	678	26516
MP|PP755590.1|A/cattle/Texas/24-008749-003/2024(H5N1)	679	26461
MP|PP755590.1|A/cattle/Texas/24-008749-003/2024(H5N1)	680	26432
MP|PP755590.1|A/cattle/Texas/24-008749-003/2024(H5N1)	681	25650
MP|PP755590.1|A/cattle/Texas/24-008749-003/2024(H5N1)	682	25826
MP|PP755590.1|A/cattle/Texas/24-008749-003/2024(H5N1)	683	26113
MP|PP755590.1|A/cattle/Texas/24-008749-003/2024(H5N1)	684	25959
MP|PP755590.1|A/cattle/Texas/24-008749-003/2024(H5N1)	685	25998
MP|PP755590.1|A/cattle/Texas/24-008749-003/2024(H5N1)	686	25646
MP|PP755590.1|A/cattle/Texas/24-008749-003/2024(H5N1)	687	25787
MP|PP755590.1|A/cattle/Texas/24-008749-003/2024(H5N1)	688	25965
MP|PP755590.1|A/cattle/Texas/24-008749-003/2024(H5N1)	689	25169
MP|PP755590.1|A/cattle/Texas/24-008749-003/2024(H5N1)	690	25145
MP|PP755590.1|A/cattle/Texas/24-008749-003/2024(H5N1)	691	25121
MP|PP755590.1|A/cattle/Texas/24-008749-003/2024(H5N1)	692	24993
MP|PP755590.1|A/cattle/Texas/24-008749-003/2024(H5N1)	693	24912
MP|PP755590.1|A/cattle/Texas/24-008749-003/2024(H5N1)	694	24315
MP|PP755590.1|A/cattle/Texas/24-008749-003/2024(H5N1)	695	24486
MP|PP755590.1|A/cattle/Texas/24-008749-003/2024(H5N1)	696	24599
MP|PP755590.1|A/cattle/Texas/24-008749-003/2024(H5N1)	697	23073
MP|PP755590.1|A/cattle/Texas/24-008749-003/2024(H5N1)	698	22735
MP|PP755590.1|A/cattle/Texas/24-008749-003/2024(H5N1)	699	22936
MP|PP755590.1|A/cattle/Texas/24-008749-003/2024(H5N1)	700	22714
MP|PP755590.1|A/cattle/Texas/24-008749-003/2024(H5N1)	701	22734
MP|PP755590.1|A/cattle/Texas/24-008749-003/2024(H5N1)	702	22740
MP|PP755590.1|A/cattle/Texas/24-008749-003/2024(H5N1)	703	22744
MP|PP755590.1|A/cattle/Texas/24-008749-003/2024(H5N1)	704	22723
MP|PP755590.1|A/cattle/Texas/24-008749-003/2024(H5N1)	705	22605
MP|PP755590.1|A/cattle/Texas/24-008749-003/2024(H5N1)	706	22188
MP|PP755590.1|A/cattle/Texas/24-008749-003/2024(H5N1)	707	22151
MP|PP755590.1|A/cattle/Texas/24-008749-003/2024(H5N1)	708	22441
MP|PP755590.1|A/cattle/Texas/24-008749-003/2024(H5N1)	709	22754
MP|PP755590.1|A/cattle/Texas/24-008749-003/2024(H5N1)	710	22754
MP|PP755590.1|A/cattle/Texas/24-008749-003/2024(H5N1)	711	22701
MP|PP755590.1|A/cattle/Texas/24-008749-003/2024(H5N1)	712	22445
MP|PP755590.1|A/cattle/Texas/24-008749-003/2024(H5N1)	713	22433
MP|PP755590.1|A/cattle/Texas/24-008749-003/2024(H5N1)	714	22292
MP|PP755590.1|A/cattle/Texas/24-008749-003/2024(H5N1)	715	22335
MP|PP755590.1|A/cattle/Texas/24-008749-003/2024(H5N1)	716	22227
MP|PP755590.1|A/cattle/Texas/24-008749-003/2024(H5N1)	717	21971
MP|PP755590.1|A/cattle/Texas/24-008749-003/2024(H5N1)	718	22059
MP|PP755590.1|A/cattle/Texas/24-008749-003/2024(H5N1)	719	22445
MP|PP755590.1|A/cattle/Texas/24-008749-003/2024(H5N1)	720	22668
MP|PP755590.1|A/cattle/Texas/24-008749-003/2024(H5N1)	721	22643
MP|PP755590.1|A/cattle/Texas/24-008749-003/2024(H5N1)	722	22641
MP|PP755590.1|A/cattle/Texas/24-008749-003/2024(H5N1)	723	22585
MP|PP755590.1|A/cattle/Texas/24-008749-003/2024(H5N1)	724	22589
MP|PP755590.1|A/cattle/Texas/24-008749-003/2024(H5N1)	725	22626
MP|PP755590.1|A/cattle/Texas/24-008749-003/2024(H5N1)	726	22384
MP|PP755590.1|A/cattle/Texas/24-008749-003/2024(H5N1)	727	22345
MP|PP755590.1|A/cattle/Texas/24-008749-003/2024(H5N1)	728	22045
MP|PP755590.1|A/cattle/Texas/24-008749-003/2024(H5N1)	729	22049
MP|PP755590.1|A/cattle/Texas/24-008749-003/2024(H5N1)	730	22091
MP|PP755590.1|A/cattle/Texas/24-008749-003/2024(H5N1)	731	22096
MP|PP755590.1|A/cattle/Texas/24-008749-003/2024(H5N1)	732	21994
MP|PP755590.1|A/cattle/Texas/24-008749-003/2024(H5N1)	733	22318
MP|PP755590.1|A/cattle/Texas/24-008749-003/2024(H5N1)	734	22880
MP|PP755590.1|A/cattle/Texas/24-008749-003/2024(H5N1)	735	22851
MP|PP755590.1|A/cattle/Texas/24-008749-003/2024(H5N1)	736	23000
MP|PP755590.1|A/cattle/Texas/24-008749-003/2024(H5N1)	737	23044
MP|PP755590.1|A/cattle/Texas/24-008749-003/2024(H5N1)	738	22995
MP|PP755590.1|A/cattle/Texas/24-008749-003/2024(H5N1)	739	23446
MP|PP755590.1|A/cattle/Texas/24-008749-003/2024(H5N1)	740	23477
MP|PP755590.1|A/cattle/Texas/24-008749-003/2024(H5N1)	741	23456
MP|PP755590.1|A/cattle/Texas/24-008749-003/2024(H5N1)	742	23441
MP|PP755590.1|A/cattle/Texas/24-008749-003/2024(H5N1)	743	22732
MP|PP755590.1|A/cattle/Texas/24-008749-003/2024(H5N1)	744	22758
MP|PP755590.1|A/cattle/Texas/24-008749-003/2024(H5N1)	745	22667
MP|PP755590.1|A/cattle/Texas/24-008749-003/2024(H5N1)	746	22619
MP|PP755590.1|A/cattle/Texas/24-008749-003/2024(H5N1)	747	22599
MP|PP755590.1|A/cattle/Texas/24-008749-003/2024(H5N1)	748	23787
MP|PP755590.1|A/cattle/Texas/24-008749-003/2024(H5N1)	749	23826
MP|PP755590.1|A/cattle/Texas/24-008749-003/2024(H5N1)	750	24427
MP|PP755590.1|A/cattle/Texas/24-008749-003/2024(H5N1)	751	24562
MP|PP755590.1|A/cattle/Texas/24-008749-003/2024(H5N1)	752	24552
MP|PP755590.1|A/cattle/Texas/24-008749-003/2024(H5N1)	753	24621
MP|PP755590.1|A/cattle/Texas/24-008749-003/2024(H5N1)	754	24801
MP|PP755590.1|A/cattle/Texas/24-008749-003/2024(H5N1)	755	24487
MP|PP755590.1|A/cattle/Texas/24-008749-003/2024(H5N1)	756	24165
MP|PP755590.1|A/cattle/Texas/24-008749-003/2024(H5N1)	757	24581
MP|PP755590.1|A/cattle/Texas/24-008749-003/2024(H5N1)	758	24521
MP|PP755590.1|A/cattle/Texas/24-008749-003/2024(H5N1)	759	24364
MP|PP755590.1|A/cattle/Texas/24-008749-003/2024(H5N1)	760	24347
MP|PP755590.1|A/cattle/Texas/24-008749-003/2024(H5N1)	761	24401
MP|PP755590.1|A/cattle/Texas/24-008749-003/2024(H5N1)	762	24091
MP|PP755590.1|A/cattle/Texas/24-008749-003/2024(H5N1)	763	24127
MP|PP755590.1|A/cattle/Texas/24-008749-003/2024(H5N1)	764	24191
MP|PP755590.1|A/cattle/Texas/24-008749-003/2024(H5N1)	765	24137
MP|PP755590.1|A/cattle/Texas/24-008749-003/2024(H5N1)	766	24545
MP|PP755590.1|A/cattle/Texas/24-008749-003/2024(H5N1)	767	24544
MP|PP755590.1|A/cattle/Texas/24-008749-003/2024(H5N1)	768	24310
MP|PP755590.1|A/cattle/Texas/24-008749-003/2024(H5N1)	769	24413
MP|PP755590.1|A/cattle/Texas/24-008749-003/2024(H5N1)	770	23907
MP|PP755590.1|A/cattle/Texas/24-008749-003/2024(H5N1)	771	23848
MP|PP755590.1|A/cattle/Texas/24-008749-003/2024(H5N1)	772	23630
MP|PP755590.1|A/cattle/Texas/24-008749-003/2024(H5N1)	773	23544
MP|PP755590.1|A/cattle/Texas/24-008749-003/2024(H5N1)	774	22820
MP|PP755590.1|A/cattle/Texas/24-008749-003/2024(H5N1)	775	22573
MP|PP755590.1|A/cattle/Texas/24-008749-003/2024(H5N1)	776	22582
MP|PP755590.1|A/cattle/Texas/24-008749-003/2024(H5N1)	777	22872
MP|PP755590.1|A/cattle/Texas/24-008749-003/2024(H5N1)	778	22902
MP|PP755590.1|A/cattle/Texas/24-008749-003/2024(H5N1)	779	22825
MP|PP755590.1|A/cattle/Texas/24-008749-003/2024(H5N1)	780	22644
MP|PP755590.1|A/cattle/Texas/24-008749-003/2024(H5N1)	781	23954
MP|PP755590.1|A/cattle/Texas/24-008749-003/2024(H5N1)	782	23975
MP|PP755590.1|A/cattle/Texas/24-008749-003/2024(H5N1)	783	23958
MP|PP755590.1|A/cattle/Texas/24-008749-003/2024(H5N1)	784	24405
MP|PP755590.1|A/cattle/Texas/24-008749-003/2024(H5N1)	785	24434
MP|PP755590.1|A/cattle/Texas/24-008749-003/2024(H5N1)	786	25044
MP|PP755590.1|A/cattle/Texas/24-008749-003/2024(H5N1)	787	24868
MP|PP755590.1|A/cattle/Texas/24-008749-003/2024(H5N1)	788	24665
MP|PP755590.1|A/cattle/Texas/24-008749-003/2024(H5N1)	789	24264
MP|PP755590.1|A/cattle/Texas/24-008749-003/2024(H5N1)	790	24303
MP|PP755590.1|A/cattle/Texas/24-008749-003/2024(H5N1)	791	25513
MP|PP755590.1|A/cattle/Texas/24-008749-003/2024(H5N1)	792	25447
MP|PP755590.1|A/cattle/Texas/24-008749-003/2024(H5N1)	793	24862
MP|PP755590.1|A/cattle/Texas/24-008749-003/2024(H5N1)	794	25202
MP|PP755590.1|A/cattle/Texas/24-008749-003/2024(H5N1)	795	25681
MP|PP755590.1|A/cattle/Texas/24-008749-003/2024(H5N1)	796	25841
MP|PP755590.1|A/cattle/Texas/24-008749-003/2024(H5N1)	797	25683
MP|PP755590.1|A/cattle/Texas/24-008749-003/2024(H5N1)	798	25835
MP|PP755590.1|A/cattle/Texas/24-008749-003/2024(H5N1)	799	25784
MP|PP755590.1|A/cattle/Texas/24-008749-003/2024(H5N1)	800	25554
MP|PP755590.1|A/cattle/Texas/24-008749-003/2024(H5N1)	801	25652
MP|PP755590.1|A/cattle/Texas/24-008749-003/2024(H5N1)	802	25567
MP|PP755590.1|A/cattle/Texas/24-008749-003/2024(H5N1)	803	25867
MP|PP755590.1|A/cattle/Texas/24-008749-003/2024(H5N1)	804	25326
MP|PP755590.1|A/cattle/Texas/24-008749-003/2024(H5N1)	805	24880
MP|PP755590.1|A/cattle/Texas/24-008749-003/2024(H5N1)	806	24846
MP|PP755590.1|A/cattle/Texas/24-008749-003/2024(H5N1)	807	24569
MP|PP755590.1|A/cattle/Texas/24-008749-003/2024(H5N1)	808	24667
MP|PP755590.1|A/cattle/Texas/24-008749-003/2024(H5N1)	809	24626
MP|PP755590.1|A/cattle/Texas/24-008749-003/2024(H5N1)	810	24413
MP|PP755590.1|A/cattle/Texas/24-008749-003/2024(H5N1)	811	24398
MP|PP755590.1|A/cattle/Texas/24-008749-003/2024(H5N1)	812	23989
MP|PP755590.1|A/cattle/Texas/24-008749-003/2024(H5N1)	813	23997
MP|PP755590.1|A/cattle/Texas/24-008749-003/2024(H5N1)	814	23899
MP|PP755590.1|A/cattle/Texas/24-008749-003/2024(H5N1)	815	22923
MP|PP755590.1|A/cattle/Texas/24-008749-003/2024(H5N1)	816	22902
MP|PP755590.1|A/cattle/Texas/24-008749-003/2024(H5N1)	817	22673
MP|PP755590.1|A/cattle/Texas/24-008749-003/2024(H5N1)	818	22658
MP|PP755590.1|A/cattle/Texas/24-008749-003/2024(H5N1)	819	22884
MP|PP755590.1|A/cattle/Texas/24-008749-003/2024(H5N1)	820	22837
MP|PP755590.1|A/cattle/Texas/24-008749-003/2024(H5N1)	821	22803
MP|PP755590.1|A/cattle/Texas/24-008749-003/2024(H5N1)	822	22756
MP|PP755590.1|A/cattle/Texas/24-008749-003/2024(H5N1)	823	21867
MP|PP755590.1|A/cattle/Texas/24-008749-003/2024(H5N1)	824	23231
MP|PP755590.1|A/cattle/Texas/24-008749-003/2024(H5N1)	825	23106
MP|PP755590.1|A/cattle/Texas/24-008749-003/2024(H5N1)	826	23102
MP|PP755590.1|A/cattle/Texas/24-008749-003/2024(H5N1)	827	23125
MP|PP755590.1|A/cattle/Texas/24-008749-003/2024(H5N1)	828	22721
MP|PP755590.1|A/cattle/Texas/24-008749-003/2024(H5N1)	829	23255
MP|PP755590.1|A/cattle/Texas/24-008749-003/2024(H5N1)	830	23241
MP|PP755590.1|A/cattle/Texas/24-008749-003/2024(H5N1)	831	23238
MP|PP755590.1|A/cattle/Texas/24-008749-003/2024(H5N1)	832	22959
MP|PP755590.1|A/cattle/Texas/24-008749-003/2024(H5N1)	833	22841
MP|PP755590.1|A/cattle/Texas/24-008749-003/2024(H5N1)	834	22728
MP|PP755590.1|A/cattle/Texas/24-008749-003/2024(H5N1)	835	22707
MP|PP755590.1|A/cattle/Texas/24-008749-003/2024(H5N1)	836	22651
MP|PP755590.1|A/cattle/Texas/24-008749-003/2024(H5N1)	837	22713
MP|PP755590.1|A/cattle/Texas/24-008749-003/2024(H5N1)	838	22667
MP|PP755590.1|A/cattle/Texas/24-008749-003/2024(H5N1)	839	22690
MP|PP755590.1|A/cattle/Texas/24-008749-003/2024(H5N1)	840	22348
MP|PP755590.1|A/cattle/Texas/24-008749-003/2024(H5N1)	841	22348
MP|PP755590.1|A/cattle/Texas/24-008749-003/2024(H5N1)	842	22456
MP|PP755590.1|A/cattle/Texas/24-008749-003/2024(H5N1)	843	22429
MP|PP755590.1|A/cattle/Texas/24-008749-003/2024(H5N1)	844	22467
MP|PP755590.1|A/cattle/Texas/24-008749-003/2024(H5N1)	845	22411
MP|PP755590.1|A/cattle/Texas/24-008749-003/2024(H5N1)	846	22279
MP|PP755590.1|A/cattle/Texas/24-008749-003/2024(H5N1)	847	22411
MP|PP755590.1|A/cattle/Texas/24-008749-003/2024(H5N1)	848	22372
MP|PP755590.1|A/cattle/Texas/24-008749-003/2024(H5N1)	849	22408
MP|PP755590.1|A/cattle/Texas/24-008749-003/2024(H5N1)	850	22382
MP|PP755590.1|A/cattle/Texas/24-008749-003/2024(H5N1)	851	24425
MP|PP755590.1|A/cattle/Texas/24-008749-003/2024(H5N1)	852	24545
MP|PP755590.1|A/cattle/Texas/24-008749-003/2024(H5N1)	853	24833
MP|PP755590.1|A/cattle/Texas/24-008749-003/2024(H5N1)	854	24858
MP|PP755590.1|A/cattle/Texas/24-008749-003/2024(H5N1)	855	24876
MP|PP755590.1|A/cattle/Texas/24-008749-003/2024(H5N1)	856	25100
MP|PP755590.1|A/cattle/Texas/24-008749-003/2024(H5N1)	857	25098
MP|PP755590.1|A/cattle/Texas/24-008749-003/2024(H5N1)	858	24874
MP|PP755590.1|A/cattle/Texas/24-008749-003/2024(H5N1)	859	24342
MP|PP755590.1|A/cattle/Texas/24-008749-003/2024(H5N1)	860	24071
MP|PP755590.1|A/cattle/Texas/24-008749-003/2024(H5N1)	861	24155
MP|PP755590.1|A/cattle/Texas/24-008749-003/2024(H5N1)	862	24037
MP|PP755590.1|A/cattle/Texas/24-008749-003/2024(H5N1)	863	23994
MP|PP755590.1|A/cattle/Texas/24-008749-003/2024(H5N1)	864	23991
MP|PP755590.1|A/cattle/Texas/24-008749-003/2024(H5N1)	865	23886
MP|PP755590.1|A/cattle/Texas/24-008749-003/2024(H5N1)	866	23884
MP|PP755590.1|A/cattle/Texas/24-008749-003/2024(H5N1)	867	23880
MP|PP755590.1|A/cattle/Texas/24-008749-003/2024(H5N1)	868	23877
MP|PP755590.1|A/cattle/Texas/24-008749-003/2024(H5N1)	869	23741
MP|PP755590.1|A/cattle/Texas/24-008749-003/2024(H5N1)	870	23410
MP|PP755590.1|A/cattle/Texas/24-008749-003/2024(H5N1)	871	23055
MP|PP755590.1|A/cattle/Texas/24-008749-003/2024(H5N1)	872	23051
MP|PP755590.1|A/cattle/Texas/24-008749-003/2024(H5N1)	873	23053
MP|PP755590.1|A/cattle/Texas/24-008749-003/2024(H5N1)	874	23074
MP|PP755590.1|A/cattle/Texas/24-008749-003/2024(H5N1)	875	23015
MP|PP755590.1|A/cattle/Texas/24-008749-003/2024(H5N1)	876	22844
MP|PP755590.1|A/cattle/Texas/24-008749-003/2024(H5N1)	877	22816
MP|PP755590.1|A/cattle/Texas/24-008749-003/2024(H5N1)	878	22824
MP|PP755590.1|A/cattle/Texas/24-008749-003/2024(H5N1)	879	22756
MP|PP755590.1|A/cattle/Texas/24-008749-003/2024(H5N1)	880	22713
MP|PP755590.1|A/cattle/Texas/24-008749-003/2024(H5N1)	881	22733
MP|PP755590.1|A/cattle/Texas/24-008749-003/2024(H5N1)	882	22688
MP|PP755590.1|A/cattle/Texas/24-008749-003/2024(H5N1)	883	22377
MP|PP755590.1|A/cattle/Texas/24-008749-003/2024(H5N1)	884	22289
MP|PP755590.1|A/cattle/Texas/24-008749-003/2024(H5N1)	885	21653
MP|PP755590.1|A/cattle/Texas/24-008749-003/2024(H5N1)	886	21610
MP|PP755590.1|A/cattle/Texas/24-008749-003/2024(H5N1)	887	21367
MP|PP755590.1|A/cattle/Texas/24-008749-003/2024(H5N1)	888	21373
MP|PP755590.1|A/cattle/Texas/24-008749-003/2024(H5N1)	889	21260
MP|PP755590.1|A/cattle/Texas/24-008749-003/2024(H5N1)	890	21032
MP|PP755590.1|A/cattle/Texas/24-008749-003/2024(H5N1)	891	20946
MP|PP755590.1|A/cattle/Texas/24-008749-003/2024(H5N1)	892	20970
MP|PP755590.1|A/cattle/Texas/24-008749-003/2024(H5N1)	893	20918
MP|PP755590.1|A/cattle/Texas/24-008749-003/2024(H5N1)	894	20861
MP|PP755590.1|A/cattle/Texas/24-008749-003/2024(H5N1)	895	20677
MP|PP755590.1|A/cattle/Texas/24-008749-003/2024(H5N1)	896	20634
MP|PP755590.1|A/cattle/Texas/24-008749-003/2024(H5N1)	897	19311
MP|PP755590.1|A/cattle/Texas/24-008749-003/2024(H5N1)	898	19367
MP|PP755590.1|A/cattle/Texas/24-008749-003/2024(H5N1)	899	18638
MP|PP755590.1|A/cattle/Texas/24-008749-003/2024(H5N1)	900	18351
MP|PP755590.1|A/cattle/Texas/24-008749-003/2024(H5N1)	901	18038
MP|PP755590.1|A/cattle/Texas/24-008749-003/2024(H5N1)	902	17857
MP|PP755590.1|A/cattle/Texas/24-008749-003/2024(H5N1)	903	17859
MP|PP755590.1|A/cattle/Texas/24-008749-003/2024(H5N1)	904	17726
MP|PP755590.1|A/cattle/Texas/24-008749-003/2024(H5N1)	905	17516
MP|PP755590.1|A/cattle/Texas/24-008749-003/2024(H5N1)	906	17519
MP|PP755590.1|A/cattle/Texas/24-008749-003/2024(H5N1)	907	16906
MP|PP755590.1|A/cattle/Texas/24-008749-003/2024(H5N1)	908	16931
MP|PP755590.1|A/cattle/Texas/24-008749-003/2024(H5N1)	909	16906
MP|PP755590.1|A/cattle/Texas/24-008749-003/2024(H5N1)	910	16678
MP|PP755590.1|A/cattle/Texas/24-008749-003/2024(H5N1)	911	16680
MP|PP755590.1|A/cattle/Texas/24-008749-003/2024(H5N1)	912	16558
MP|PP755590.1|A/cattle/Texas/24-008749-003/2024(H5N1)	913	16510
MP|PP755590.1|A/cattle/Texas/24-008749-003/2024(H5N1)	914	16396
MP|PP755590.1|A/cattle/Texas/24-008749-003/2024(H5N1)	915	16117
MP|PP755590.1|A/cattle/Texas/24-008749-003/2024(H5N1)	916	15977
MP|PP755590.1|A/cattle/Texas/24-008749-003/2024(H5N1)	917	15696
MP|PP755590.1|A/cattle/Texas/24-008749-003/2024(H5N1)	918	15698
MP|PP755590.1|A/cattle/Texas/24-008749-003/2024(H5N1)	919	15662
MP|PP755590.1|A/cattle/Texas/24-008749-003/2024(H5N1)	920	15520
MP|PP755590.1|A/cattle/Texas/24-008749-003/2024(H5N1)	921	15471
MP|PP755590.1|A/cattle/Texas/24-008749-003/2024(H5N1)	922	15446
MP|PP755590.1|A/cattle/Texas/24-008749-003/2024(H5N1)	923	15535
MP|PP755590.1|A/cattle/Texas/24-008749-003/2024(H5N1)	924	15514
MP|PP755590.1|A/cattle/Texas/24-008749-003/2024(H5N1)	925	15481
MP|PP755590.1|A/cattle/Texas/24-008749-003/2024(H5N1)	926	15487
MP|PP755590.1|A/cattle/Texas/24-008749-003/2024(H5N1)	927	15119
MP|PP755590.1|A/cattle/Texas/24-008749-003/2024(H5N1)	928	15149
MP|PP755590.1|A/cattle/Texas/24-008749-003/2024(H5N1)	929	15109
MP|PP755590.1|A/cattle/Texas/24-008749-003/2024(H5N1)	930	15077
MP|PP755590.1|A/cattle/Texas/24-008749-003/2024(H5N1)	931	14889
MP|PP755590.1|A/cattle/Texas/24-008749-003/2024(H5N1)	932	13450
MP|PP755590.1|A/cattle/Texas/24-008749-003/2024(H5N1)	933	13481
MP|PP755590.1|A/cattle/Texas/24-008749-003/2024(H5N1)	934	13422
MP|PP755590.1|A/cattle/Texas/24-008749-003/2024(H5N1)	935	12948
MP|PP755590.1|A/cattle/Texas/24-008749-003/2024(H5N1)	936	12899
MP|PP755590.1|A/cattle/Texas/24-008749-003/2024(H5N1)	937	12208
MP|PP755590.1|A/cattle/Texas/24-008749-003/2024(H5N1)	938	12210
MP|PP755590.1|A/cattle/Texas/24-008749-003/2024(H5N1)	939	12167
MP|PP755590.1|A/cattle/Texas/24-008749-003/2024(H5N1)	940	12141
MP|PP755590.1|A/cattle/Texas/24-008749-003/2024(H5N1)	941	12113
MP|PP755590.1|A/cattle/Texas/24-008749-003/2024(H5N1)	942	10754
MP|PP755590.1|A/cattle/Texas/24-008749-003/2024(H5N1)	943	10724
MP|PP755590.1|A/cattle/Texas/24-008749-003/2024(H5N1)	944	10282
MP|PP755590.1|A/cattle/Texas/24-008749-003/2024(H5N1)	945	9676
MP|PP755590.1|A/cattle/Texas/24-008749-003/2024(H5N1)	946	9085
MP|PP755590.1|A/cattle/Texas/24-008749-003/2024(H5N1)	947	8940
MP|PP755590.1|A/cattle/Texas/24-008749-003/2024(H5N1)	948	8907
MP|PP755590.1|A/cattle/Texas/24-008749-003/2024(H5N1)	949	8714
MP|PP755590.1|A/cattle/Texas/24-008749-003/2024(H5N1)	950	8616
MP|PP755590.1|A/cattle/Texas/24-008749-003/2024(H5N1)	951	8501
MP|PP755590.1|A/cattle/Texas/24-008749-003/2024(H5N1)	952	8392
MP|PP755590.1|A/cattle/Texas/24-008749-003/2024(H5N1)	953	8296
MP|PP755590.1|A/cattle/Texas/24-008749-003/2024(H5N1)	954	8189
MP|PP755590.1|A/cattle/Texas/24-008749-003/2024(H5N1)	955	8171
MP|PP755590.1|A/cattle/Texas/24-008749-003/2024(H5N1)	956	8117
MP|PP755590.1|A/cattle/Texas/24-008749-003/2024(H5N1)	957	8112
MP|PP755590.1|A/cattle/Texas/24-008749-003/2024(H5N1)	958	8097
MP|PP755590.1|A/cattle/Texas/24-008749-003/2024(H5N1)	959	8048
MP|PP755590.1|A/cattle/Texas/24-008749-003/2024(H5N1)	960	8023
MP|PP755590.1|A/cattle/Texas/24-008749-003/2024(H5N1)	961	7974
MP|PP755590.1|A/cattle/Texas/24-008749-003/2024(H5N1)	962	7964
MP|PP755590.1|A/cattle/Texas/24-008749-003/2024(H5N1)	963	7852
MP|PP755590.1|A/cattle/Texas/24-008749-003/2024(H5N1)	964	7844
MP|PP755590.1|A/cattle/Texas/24-008749-003/2024(H5N1)	965	7804
MP|PP755590.1|A/cattle/Texas/24-008749-003/2024(H5N1)	966	7774
MP|PP755590.1|A/cattle/Texas/24-008749-003/2024(H5N1)	967	7769
MP|PP755590.1|A/cattle/Texas/24-008749-003/2024(H5N1)	968	7751
MP|PP755590.1|A/cattle/Texas/24-008749-003/2024(H5N1)	969	7749
MP|PP755590.1|A/cattle/Texas/24-008749-003/2024(H5N1)	970	7408
MP|PP755590.1|A/cattle/Texas/24-008749-003/2024(H5N1)	971	7406
MP|PP755590.1|A/cattle/Texas/24-008749-003/2024(H5N1)	972	7312
MP|PP755590.1|A/cattle/Texas/24-008749-003/2024(H5N1)	973	7311
MP|PP755590.1|A/cattle/Texas/24-008749-003/2024(H5N1)	974	7271
MP|PP755590.1|A/cattle/Texas/24-008749-003/2024(H5N1)	975	5572
MP|PP755590.1|A/cattle/Texas/24-008749-003/2024(H5N1)	976	5503
MP|PP755590.1|A/cattle/Texas/24-008749-003/2024(H5N1)	977	5502
MP|PP755590.1|A/cattle/Texas/24-008749-003/2024(H5N1)	978	5477
MP|PP755590.1|A/cattle/Texas/24-008749-003/2024(H5N1)	979	5475
MP|PP755590.1|A/cattle/Texas/24-008749-003/2024(H5N1)	980	4854
MP|PP755590.1|A/cattle/Texas/24-008749-003/2024(H5N1)	981	4838
MP|PP755590.1|A/cattle/Texas/24-008749-003/2024(H5N1)	982	4833
