MP|PP755590.1|A/cattle/Texas/24-008749-003/2024(H5N1)	1	229
MP|PP755590.1|A/cattle/Texas/24-008749-003/2024(H5N1)	2	235
MP|PP755590.1|A/cattle/Texas/24-008749-003/2024(H5N1)	3	236
MP|PP755590.1|A/cattle/Texas/24-008749-003/2024(H5N1)	4	238
MP|PP755590.1|A/cattle/Texas/24-008749-003/2024(H5N1)	5	252
MP|PP755590.1|A/cattle/Texas/24-008749-003/2024(H5N1)	6	260
MP|PP755590.1|A/cattle/Texas/24-008749-003/2024(H5N1)	7	281
MP|PP755590.1|A/cattle/Texas/24-008749-003/2024(H5N1)	8	291
MP|PP755590.1|A/cattle/Texas/24-008749-003/2024(H5N1)	9	293
MP|PP755590.1|A/cattle/Texas/24-008749-003/2024(H5N1)	10	293
MP|PP755590.1|A/cattle/Texas/24-008749-003/2024(H5N1)	11	294
MP|PP755590.1|A/cattle/Texas/24-008749-003/2024(H5N1)	12	297
MP|PP755590.1|A/cattle/Texas/24-008749-003/2024(H5N1)	13	297
MP|PP755590.1|A/cattle/Texas/24-008749-003/2024(H5N1)	14	297
MP|PP755590.1|A/cattle/Texas/24-008749-003/2024(H5N1)	15	297
MP|PP755590.1|A/cattle/Texas/24-008749-003/2024(H5N1)	16	297
MP|PP755590.1|A/cattle/Texas/24-008749-003/2024(H5N1)	17	299
MP|PP755590.1|A/cattle/Texas/24-008749-003/2024(H5N1)	18	300
MP|PP755590.1|A/cattle/Texas/24-008749-003/2024(H5N1)	19	308
MP|PP755590.1|A/cattle/Texas/24-008749-003/2024(H5N1)	20	308
MP|PP755590.1|A/cattle/Texas/24-008749-003/2024(H5N1)	21	309
MP|PP755590.1|A/cattle/Texas/24-008749-003/2024(H5N1)	22	309
MP|PP755590.1|A/cattle/Texas/24-008749-003/2024(H5N1)	23	313
MP|PP755590.1|A/cattle/Texas/24-008749-003/2024(H5N1)	24	313
MP|PP755590.1|A/cattle/Texas/24-008749-003/2024(H5N1)	25	313
MP|PP755590.1|A/cattle/Texas/24-008749-003/2024(H5N1)	26	321
MP|PP755590.1|A/cattle/Texas/24-008749-003/2024(H5N1)	27	322
MP|PP755590.1|A/cattle/Texas/24-008749-003/2024(H5N1)	28	322
MP|PP755590.1|A/cattle/Texas/24-008749-003/2024(H5N1)	29	323
MP|PP755590.1|A/cattle/Texas/24-008749-003/2024(H5N1)	30	327
MP|PP755590.1|A/cattle/Texas/24-008749-003/2024(H5N1)	31	331
MP|PP755590.1|A/cattle/Texas/24-008749-003/2024(H5N1)	32	334
MP|PP755590.1|A/cattle/Texas/24-008749-003/2024(H5N1)	33	343
MP|PP755590.1|A/cattle/Texas/24-008749-003/2024(H5N1)	34	349
MP|PP755590.1|A/cattle/Texas/24-008749-003/2024(H5N1)	35	350
MP|PP755590.1|A/cattle/Texas/24-008749-003/2024(H5N1)	36	357
MP|PP755590.1|A/cattle/Texas/24-008749-003/2024(H5N1)	37	357
MP|PP755590.1|A/cattle/Texas/24-008749-003/2024(H5N1)	38	369
MP|PP755590.1|A/cattle/Texas/24-008749-003/2024(H5N1)	39	370
MP|PP755590.1|A/cattle/Texas/24-008749-003/2024(H5N1)	40	376
MP|PP755590.1|A/cattle/Texas/24-008749-003/2024(H5N1)	41	376
MP|PP755590.1|A/cattle/Texas/24-008749-003/2024(H5N1)	42	376
MP|PP755590.1|A/cattle/Texas/24-008749-003/2024(H5N1)	43	377
MP|PP755590.1|A/cattle/Texas/24-008749-003/2024(H5N1)	44	378
MP|PP755590.1|A/cattle/Texas/24-008749-003/2024(H5N1)	45	380
MP|PP755590.1|A/cattle/Texas/24-008749-003/2024(H5N1)	46	383
MP|PP755590.1|A/cattle/Texas/24-008749-003/2024(H5N1)	47	385
MP|PP755590.1|A/cattle/Texas/24-008749-003/2024(H5N1)	48	389
MP|PP755590.1|A/cattle/Texas/24-008749-003/2024(H5N1)	49	389
MP|PP755590.1|A/cattle/Texas/24-008749-003/2024(H5N1)	50	390
MP|PP755590.1|A/cattle/Texas/24-008749-003/2024(H5N1)	51	390
MP|PP755590.1|A/cattle/Texas/24-008749-003/2024(H5N1)	52	396
MP|PP755590.1|A/cattle/Texas/24-008749-003/2024(H5N1)	53	401
MP|PP755590.1|A/cattle/Texas/24-008749-003/2024(H5N1)	54	401
MP|PP755590.1|A/cattle/Texas/24-008749-003/2024(H5N1)	55	401
MP|PP755590.1|A/cattle/Texas/24-008749-003/2024(H5N1)	56	409
MP|PP755590.1|A/cattle/Texas/24-008749-003/2024(H5N1)	57	430
MP|PP755590.1|A/cattle/Texas/24-008749-003/2024(H5N1)	58	429
MP|PP755590.1|A/cattle/Texas/24-008749-003/2024(H5N1)	59	432
MP|PP755590.1|A/cattle/Texas/24-008749-003/2024(H5N1)	60	432
MP|PP755590.1|A/cattle/Texas/24-008749-003/2024(H5N1)	61	432
MP|PP755590.1|A/cattle/Texas/24-008749-003/2024(H5N1)	62	433
MP|PP755590.1|A/cattle/Texas/24-008749-003/2024(H5N1)	63	442
MP|PP755590.1|A/cattle/Texas/24-008749-003/2024(H5N1)	64	444
MP|PP755590.1|A/cattle/Texas/24-008749-003/2024(H5N1)	65	444
MP|PP755590.1|A/cattle/Texas/24-008749-003/2024(H5N1)	66	444
MP|PP755590.1|A/cattle/Texas/24-008749-003/2024(H5N1)	67	444
MP|PP755590.1|A/cattle/Texas/24-008749-003/2024(H5N1)	68	444
MP|PP755590.1|A/cattle/Texas/24-008749-003/2024(H5N1)	69	444
MP|PP755590.1|A/cattle/Texas/24-008749-003/2024(H5N1)	70	454
MP|PP755590.1|A/cattle/Texas/24-008749-003/2024(H5N1)	71	454
MP|PP755590.1|A/cattle/Texas/24-008749-003/2024(H5N1)	72	455
MP|PP755590.1|A/cattle/Texas/24-008749-003/2024(H5N1)	73	457
MP|PP755590.1|A/cattle/Texas/24-008749-003/2024(H5N1)	74	462
MP|PP755590.1|A/cattle/Texas/24-008749-003/2024(H5N1)	75	462
MP|PP755590.1|A/cattle/Texas/24-008749-003/2024(H5N1)	76	470
MP|PP755590.1|A/cattle/Texas/24-008749-003/2024(H5N1)	77	470
MP|PP755590.1|A/cattle/Texas/24-008749-003/2024(H5N1)	78	470
MP|PP755590.1|A/cattle/Texas/24-008749-003/2024(H5N1)	79	479
MP|PP755590.1|A/cattle/Texas/24-008749-003/2024(H5N1)	80	516
MP|PP755590.1|A/cattle/Texas/24-008749-003/2024(H5N1)	81	517
MP|PP755590.1|A/cattle/Texas/24-008749-003/2024(H5N1)	82	521
MP|PP755590.1|A/cattle/Texas/24-008749-003/2024(H5N1)	83	523
MP|PP755590.1|A/cattle/Texas/24-008749-003/2024(H5N1)	84	525
MP|PP755590.1|A/cattle/Texas/24-008749-003/2024(H5N1)	85	531
MP|PP755590.1|A/cattle/Texas/24-008749-003/2024(H5N1)	86	532
MP|PP755590.1|A/cattle/Texas/24-008749-003/2024(H5N1)	87	532
MP|PP755590.1|A/cattle/Texas/24-008749-003/2024(H5N1)	88	532
MP|PP755590.1|A/cattle/Texas/24-008749-003/2024(H5N1)	89	528
MP|PP755590.1|A/cattle/Texas/24-008749-003/2024(H5N1)	90	529
MP|PP755590.1|A/cattle/Texas/24-008749-003/2024(H5N1)	91	528
MP|PP755590.1|A/cattle/Texas/24-008749-003/2024(H5N1)	92	531
MP|PP755590.1|A/cattle/Texas/24-008749-003/2024(H5N1)	93	532
MP|PP755590.1|A/cattle/Texas/24-008749-003/2024(H5N1)	94	524
MP|PP755590.1|A/cattle/Texas/24-008749-003/2024(H5N1)	95	524
MP|PP755590.1|A/cattle/Texas/24-008749-003/2024(H5N1)	96	527
MP|PP755590.1|A/cattle/Texas/24-008749-003/2024(H5N1)	97	528
MP|PP755590.1|A/cattle/Texas/24-008749-003/2024(H5N1)	98	525
MP|PP755590.1|A/cattle/Texas/24-008749-003/2024(H5N1)	99	524
MP|PP755590.1|A/cattle/Texas/24-008749-003/2024(H5N1)	100	530
MP|PP755590.1|A/cattle/Texas/24-008749-003/2024(H5N1)	101	531
MP|PP755590.1|A/cattle/Texas/24-008749-003/2024(H5N1)	102	538
MP|PP755590.1|A/cattle/Texas/24-008749-003/2024(H5N1)	103	539
MP|PP755590.1|A/cattle/Texas/24-008749-003/2024(H5N1)	104	539
MP|PP755590.1|A/cattle/Texas/24-008749-003/2024(H5N1)	105	544
MP|PP755590.1|A/cattle/Texas/24-008749-003/2024(H5N1)	106	551
MP|PP755590.1|A/cattle/Texas/24-008749-003/2024(H5N1)	107	554
MP|PP755590.1|A/cattle/Texas/24-008749-003/2024(H5N1)	108	559
MP|PP755590.1|A/cattle/Texas/24-008749-003/2024(H5N1)	109	559
MP|PP755590.1|A/cattle/Texas/24-008749-003/2024(H5N1)	110	563
MP|PP755590.1|A/cattle/Texas/24-008749-003/2024(H5N1)	111	561
MP|PP755590.1|A/cattle/Texas/24-008749-003/2024(H5N1)	112	561
MP|PP755590.1|A/cattle/Texas/24-008749-003/2024(H5N1)	113	589
MP|PP755590.1|A/cattle/Texas/24-008749-003/2024(H5N1)	114	591
MP|PP755590.1|A/cattle/Texas/24-008749-003/2024(H5N1)	115	595
MP|PP755590.1|A/cattle/Texas/24-008749-003/2024(H5N1)	116	596
MP|PP755590.1|A/cattle/Texas/24-008749-003/2024(H5N1)	117	596
MP|PP755590.1|A/cattle/Texas/24-008749-003/2024(H5N1)	118	597
MP|PP755590.1|A/cattle/Texas/24-008749-003/2024(H5N1)	119	599
MP|PP755590.1|A/cattle/Texas/24-008749-003/2024(H5N1)	120	598
MP|PP755590.1|A/cattle/Texas/24-008749-003/2024(H5N1)	121	600
MP|PP755590.1|A/cattle/Texas/24-008749-003/2024(H5N1)	122	595
MP|PP755590.1|A/cattle/Texas/24-008749-003/2024(H5N1)	123	597
MP|PP755590.1|A/cattle/Texas/24-008749-003/2024(H5N1)	124	553
MP|PP755590.1|A/cattle/Texas/24-008749-003/2024(H5N1)	125	562
MP|PP755590.1|A/cattle/Texas/24-008749-003/2024(H5N1)	126	536
MP|PP755590.1|A/cattle/Texas/24-008749-003/2024(H5N1)	127	535
MP|PP755590.1|A/cattle/Texas/24-008749-003/2024(H5N1)	128	522
MP|PP755590.1|A/cattle/Texas/24-008749-003/2024(H5N1)	129	520
MP|PP755590.1|A/cattle/Texas/24-008749-003/2024(H5N1)	130	520
MP|PP755590.1|A/cattle/Texas/24-008749-003/2024(H5N1)	131	519
MP|PP755590.1|A/cattle/Texas/24-008749-003/2024(H5N1)	132	537
MP|PP755590.1|A/cattle/Texas/24-008749-003/2024(H5N1)	133	528
MP|PP755590.1|A/cattle/Texas/24-008749-003/2024(H5N1)	134	534
MP|PP755590.1|A/cattle/Texas/24-008749-003/2024(H5N1)	135	540
MP|PP755590.1|A/cattle/Texas/24-008749-003/2024(H5N1)	136	525
MP|PP755590.1|A/cattle/Texas/24-008749-003/2024(H5N1)	137	541
MP|PP755590.1|A/cattle/Texas/24-008749-003/2024(H5N1)	138	541
MP|PP755590.1|A/cattle/Texas/24-008749-003/2024(H5N1)	139	539
MP|PP755590.1|A/cattle/Texas/24-008749-003/2024(H5N1)	140	553
MP|PP755590.1|A/cattle/Texas/24-008749-003/2024(H5N1)	141	547
MP|PP755590.1|A/cattle/Texas/24-008749-003/2024(H5N1)	142	554
MP|PP755590.1|A/cattle/Texas/24-008749-003/2024(H5N1)	143	543
MP|PP755590.1|A/cattle/Texas/24-008749-003/2024(H5N1)	144	539
MP|PP755590.1|A/cattle/Texas/24-008749-003/2024(H5N1)	145	540
MP|PP755590.1|A/cattle/Texas/24-008749-003/2024(H5N1)	146	565
MP|PP755590.1|A/cattle/Texas/24-008749-003/2024(H5N1)	147	575
MP|PP755590.1|A/cattle/Texas/24-008749-003/2024(H5N1)	148	572
MP|PP755590.1|A/cattle/Texas/24-008749-003/2024(H5N1)	149	568
MP|PP755590.1|A/cattle/Texas/24-008749-003/2024(H5N1)	150	564
MP|PP755590.1|A/cattle/Texas/24-008749-003/2024(H5N1)	151	566
MP|PP755590.1|A/cattle/Texas/24-008749-003/2024(H5N1)	152	567
MP|PP755590.1|A/cattle/Texas/24-008749-003/2024(H5N1)	153	575
MP|PP755590.1|A/cattle/Texas/24-008749-003/2024(H5N1)	154	535
MP|PP755590.1|A/cattle/Texas/24-008749-003/2024(H5N1)	155	550
MP|PP755590.1|A/cattle/Texas/24-008749-003/2024(H5N1)	156	550
MP|PP755590.1|A/cattle/Texas/24-008749-003/2024(H5N1)	157	551
MP|PP755590.1|A/cattle/Texas/24-008749-003/2024(H5N1)	158	551
MP|PP755590.1|A/cattle/Texas/24-008749-003/2024(H5N1)	159	551
MP|PP755590.1|A/cattle/Texas/24-008749-003/2024(H5N1)	160	562
MP|PP755590.1|A/cattle/Texas/24-008749-003/2024(H5N1)	161	560
MP|PP755590.1|A/cattle/Texas/24-008749-003/2024(H5N1)	162	566
MP|PP755590.1|A/cattle/Texas/24-008749-003/2024(H5N1)	163	567
MP|PP755590.1|A/cattle/Texas/24-008749-003/2024(H5N1)	164	570
MP|PP755590.1|A/cattle/Texas/24-008749-003/2024(H5N1)	165	572
MP|PP755590.1|A/cattle/Texas/24-008749-003/2024(H5N1)	166	572
MP|PP755590.1|A/cattle/Texas/24-008749-003/2024(H5N1)	167	570
MP|PP755590.1|A/cattle/Texas/24-008749-003/2024(H5N1)	168	570
MP|PP755590.1|A/cattle/Texas/24-008749-003/2024(H5N1)	169	568
MP|PP755590.1|A/cattle/Texas/24-008749-003/2024(H5N1)	170	565
MP|PP755590.1|A/cattle/Texas/24-008749-003/2024(H5N1)	171	566
MP|PP755590.1|A/cattle/Texas/24-008749-003/2024(H5N1)	172	566
MP|PP755590.1|A/cattle/Texas/24-008749-003/2024(H5N1)	173	568
MP|PP755590.1|A/cattle/Texas/24-008749-003/2024(H5N1)	174	574
MP|PP755590.1|A/cattle/Texas/24-008749-003/2024(H5N1)	175	588
MP|PP755590.1|A/cattle/Texas/24-008749-003/2024(H5N1)	176	589
MP|PP755590.1|A/cattle/Texas/24-008749-003/2024(H5N1)	177	586
MP|PP755590.1|A/cattle/Texas/24-008749-003/2024(H5N1)	178	585
MP|PP755590.1|A/cattle/Texas/24-008749-003/2024(H5N1)	179	585
MP|PP755590.1|A/cattle/Texas/24-008749-003/2024(H5N1)	180	584
MP|PP755590.1|A/cattle/Texas/24-008749-003/2024(H5N1)	181	583
MP|PP755590.1|A/cattle/Texas/24-008749-003/2024(H5N1)	182	581
MP|PP755590.1|A/cattle/Texas/24-008749-003/2024(H5N1)	183	581
MP|PP755590.1|A/cattle/Texas/24-008749-003/2024(H5N1)	184	571
MP|PP755590.1|A/cattle/Texas/24-008749-003/2024(H5N1)	185	568
MP|PP755590.1|A/cattle/Texas/24-008749-003/2024(H5N1)	186	567
MP|PP755590.1|A/cattle/Texas/24-008749-003/2024(H5N1)	187	564
MP|PP755590.1|A/cattle/Texas/24-008749-003/2024(H5N1)	188	564
MP|PP755590.1|A/cattle/Texas/24-008749-003/2024(H5N1)	189	554
MP|PP755590.1|A/cattle/Texas/24-008749-003/2024(H5N1)	190	569
MP|PP755590.1|A/cattle/Texas/24-008749-003/2024(H5N1)	191	566
MP|PP755590.1|A/cattle/Texas/24-008749-003/2024(H5N1)	192	568
MP|PP755590.1|A/cattle/Texas/24-008749-003/2024(H5N1)	193	568
MP|PP755590.1|A/cattle/Texas/24-008749-003/2024(H5N1)	194	584
MP|PP755590.1|A/cattle/Texas/24-008749-003/2024(H5N1)	195	584
MP|PP755590.1|A/cattle/Texas/24-008749-003/2024(H5N1)	196	577
MP|PP755590.1|A/cattle/Texas/24-008749-003/2024(H5N1)	197	577
MP|PP755590.1|A/cattle/Texas/24-008749-003/2024(H5N1)	198	587
MP|PP755590.1|A/cattle/Texas/24-008749-003/2024(H5N1)	199	590
MP|PP755590.1|A/cattle/Texas/24-008749-003/2024(H5N1)	200	595
MP|PP755590.1|A/cattle/Texas/24-008749-003/2024(H5N1)	201	596
MP|PP755590.1|A/cattle/Texas/24-008749-003/2024(H5N1)	202	596
MP|PP755590.1|A/cattle/Texas/24-008749-003/2024(H5N1)	203	589
MP|PP755590.1|A/cattle/Texas/24-008749-003/2024(H5N1)	204	590
MP|PP755590.1|A/cattle/Texas/24-008749-003/2024(H5N1)	205	596
MP|PP755590.1|A/cattle/Texas/24-008749-003/2024(H5N1)	206	594
MP|PP755590.1|A/cattle/Texas/24-008749-003/2024(H5N1)	207	573
MP|PP755590.1|A/cattle/Texas/24-008749-003/2024(H5N1)	208	570
MP|PP755590.1|A/cattle/Texas/24-008749-003/2024(H5N1)	209	572
MP|PP755590.1|A/cattle/Texas/24-008749-003/2024(H5N1)	210	592
MP|PP755590.1|A/cattle/Texas/24-008749-003/2024(H5N1)	211	594
MP|PP755590.1|A/cattle/Texas/24-008749-003/2024(H5N1)	212	605
MP|PP755590.1|A/cattle/Texas/24-008749-003/2024(H5N1)	213	604
MP|PP755590.1|A/cattle/Texas/24-008749-003/2024(H5N1)	214	603
MP|PP755590.1|A/cattle/Texas/24-008749-003/2024(H5N1)	215	603
MP|PP755590.1|A/cattle/Texas/24-008749-003/2024(H5N1)	216	607
MP|PP755590.1|A/cattle/Texas/24-008749-003/2024(H5N1)	217	619
MP|PP755590.1|A/cattle/Texas/24-008749-003/2024(H5N1)	218	620
MP|PP755590.1|A/cattle/Texas/24-008749-003/2024(H5N1)	219	618
MP|PP755590.1|A/cattle/Texas/24-008749-003/2024(H5N1)	220	640
MP|PP755590.1|A/cattle/Texas/24-008749-003/2024(H5N1)	221	632
MP|PP755590.1|A/cattle/Texas/24-008749-003/2024(H5N1)	222	636
MP|PP755590.1|A/cattle/Texas/24-008749-003/2024(H5N1)	223	635
MP|PP755590.1|A/cattle/Texas/24-008749-003/2024(H5N1)	224	632
MP|PP755590.1|A/cattle/Texas/24-008749-003/2024(H5N1)	225	660
MP|PP755590.1|A/cattle/Texas/24-008749-003/2024(H5N1)	226	658
MP|PP755590.1|A/cattle/Texas/24-008749-003/2024(H5N1)	227	658
MP|PP755590.1|A/cattle/Texas/24-008749-003/2024(H5N1)	228	668
MP|PP755590.1|A/cattle/Texas/24-008749-003/2024(H5N1)	229	659
MP|PP755590.1|A/cattle/Texas/24-008749-003/2024(H5N1)	230	660
MP|PP755590.1|A/cattle/Texas/24-008749-003/2024(H5N1)	231	632
MP|PP755590.1|A/cattle/Texas/24-008749-003/2024(H5N1)	232	628
MP|PP755590.1|A/cattle/Texas/24-008749-003/2024(H5N1)	233	629
MP|PP755590.1|A/cattle/Texas/24-008749-003/2024(H5N1)	234	623
MP|PP755590.1|A/cattle/Texas/24-008749-003/2024(H5N1)	235	632
MP|PP755590.1|A/cattle/Texas/24-008749-003/2024(H5N1)	236	640
MP|PP755590.1|A/cattle/Texas/24-008749-003/2024(H5N1)	237	640
MP|PP755590.1|A/cattle/Texas/24-008749-003/2024(H5N1)	238	649
MP|PP755590.1|A/cattle/Texas/24-008749-003/2024(H5N1)	239	656
MP|PP755590.1|A/cattle/Texas/24-008749-003/2024(H5N1)	240	655
MP|PP755590.1|A/cattle/Texas/24-008749-003/2024(H5N1)	241	654
MP|PP755590.1|A/cattle/Texas/24-008749-003/2024(H5N1)	242	652
MP|PP755590.1|A/cattle/Texas/24-008749-003/2024(H5N1)	243	658
MP|PP755590.1|A/cattle/Texas/24-008749-003/2024(H5N1)	244	662
MP|PP755590.1|A/cattle/Texas/24-008749-003/2024(H5N1)	245	652
MP|PP755590.1|A/cattle/Texas/24-008749-003/2024(H5N1)	246	656
MP|PP755590.1|A/cattle/Texas/24-008749-003/2024(H5N1)	247	655
MP|PP755590.1|A/cattle/Texas/24-008749-003/2024(H5N1)	248	656
MP|PP755590.1|A/cattle/Texas/24-008749-003/2024(H5N1)	249	671
MP|PP755590.1|A/cattle/Texas/24-008749-003/2024(H5N1)	250	672
MP|PP755590.1|A/cattle/Texas/24-008749-003/2024(H5N1)	251	676
MP|PP755590.1|A/cattle/Texas/24-008749-003/2024(H5N1)	252	680
MP|PP755590.1|A/cattle/Texas/24-008749-003/2024(H5N1)	253	674
MP|PP755590.1|A/cattle/Texas/24-008749-003/2024(H5N1)	254	678
MP|PP755590.1|A/cattle/Texas/24-008749-003/2024(H5N1)	255	683
MP|PP755590.1|A/cattle/Texas/24-008749-003/2024(H5N1)	256	670
MP|PP755590.1|A/cattle/Texas/24-008749-003/2024(H5N1)	257	672
MP|PP755590.1|A/cattle/Texas/24-008749-003/2024(H5N1)	258	670
MP|PP755590.1|A/cattle/Texas/24-008749-003/2024(H5N1)	259	682
MP|PP755590.1|A/cattle/Texas/24-008749-003/2024(H5N1)	260	690
MP|PP755590.1|A/cattle/Texas/24-008749-003/2024(H5N1)	261	692
MP|PP755590.1|A/cattle/Texas/24-008749-003/2024(H5N1)	262	693
MP|PP755590.1|A/cattle/Texas/24-008749-003/2024(H5N1)	263	695
MP|PP755590.1|A/cattle/Texas/24-008749-003/2024(H5N1)	264	672
MP|PP755590.1|A/cattle/Texas/24-008749-003/2024(H5N1)	265	673
MP|PP755590.1|A/cattle/Texas/24-008749-003/2024(H5N1)	266	671
MP|PP755590.1|A/cattle/Texas/24-008749-003/2024(H5N1)	267	678
MP|PP755590.1|A/cattle/Texas/24-008749-003/2024(H5N1)	268	678
MP|PP755590.1|A/cattle/Texas/24-008749-003/2024(H5N1)	269	676
MP|PP755590.1|A/cattle/Texas/24-008749-003/2024(H5N1)	270	679
MP|PP755590.1|A/cattle/Texas/24-008749-003/2024(H5N1)	271	679
MP|PP755590.1|A/cattle/Texas/24-008749-003/2024(H5N1)	272	677
MP|PP755590.1|A/cattle/Texas/24-008749-003/2024(H5N1)	273	682
MP|PP755590.1|A/cattle/Texas/24-008749-003/2024(H5N1)	274	688
MP|PP755590.1|A/cattle/Texas/24-008749-003/2024(H5N1)	275	661
MP|PP755590.1|A/cattle/Texas/24-008749-003/2024(H5N1)	276	643
MP|PP755590.1|A/cattle/Texas/24-008749-003/2024(H5N1)	277	647
MP|PP755590.1|A/cattle/Texas/24-008749-003/2024(H5N1)	278	647
MP|PP755590.1|A/cattle/Texas/24-008749-003/2024(H5N1)	279	657
MP|PP755590.1|A/cattle/Texas/24-008749-003/2024(H5N1)	280	660
MP|PP755590.1|A/cattle/Texas/24-008749-003/2024(H5N1)	281	659
MP|PP755590.1|A/cattle/Texas/24-008749-003/2024(H5N1)	282	657
MP|PP755590.1|A/cattle/Texas/24-008749-003/2024(H5N1)	283	634
MP|PP755590.1|A/cattle/Texas/24-008749-003/2024(H5N1)	284	651
MP|PP755590.1|A/cattle/Texas/24-008749-003/2024(H5N1)	285	646
MP|PP755590.1|A/cattle/Texas/24-008749-003/2024(H5N1)	286	638
MP|PP755590.1|A/cattle/Texas/24-008749-003/2024(H5N1)	287	639
MP|PP755590.1|A/cattle/Texas/24-008749-003/2024(H5N1)	288	623
MP|PP755590.1|A/cattle/Texas/24-008749-003/2024(H5N1)	289	627
MP|PP755590.1|A/cattle/Texas/24-008749-003/2024(H5N1)	290	628
MP|PP755590.1|A/cattle/Texas/24-008749-003/2024(H5N1)	291	612
MP|PP755590.1|A/cattle/Texas/24-008749-003/2024(H5N1)	292	610
MP|PP755590.1|A/cattle/Texas/24-008749-003/2024(H5N1)	293	600
MP|PP755590.1|A/cattle/Texas/24-008749-003/2024(H5N1)	294	587
MP|PP755590.1|A/cattle/Texas/24-008749-003/2024(H5N1)	295	572
MP|PP755590.1|A/cattle/Texas/24-008749-003/2024(H5N1)	296	627
MP|PP755590.1|A/cattle/Texas/24-008749-003/2024(H5N1)	297	645
MP|PP755590.1|A/cattle/Texas/24-008749-003/2024(H5N1)	298	656
MP|PP755590.1|A/cattle/Texas/24-008749-003/2024(H5N1)	299	657
MP|PP755590.1|A/cattle/Texas/24-008749-003/2024(H5N1)	300	657
MP|PP755590.1|A/cattle/Texas/24-008749-003/2024(H5N1)	301	657
MP|PP755590.1|A/cattle/Texas/24-008749-003/2024(H5N1)	302	655
MP|PP755590.1|A/cattle/Texas/24-008749-003/2024(H5N1)	303	670
MP|PP755590.1|A/cattle/Texas/24-008749-003/2024(H5N1)	304	660
MP|PP755590.1|A/cattle/Texas/24-008749-003/2024(H5N1)	305	661
MP|PP755590.1|A/cattle/Texas/24-008749-003/2024(H5N1)	306	640
MP|PP755590.1|A/cattle/Texas/24-008749-003/2024(H5N1)	307	647
MP|PP755590.1|A/cattle/Texas/24-008749-003/2024(H5N1)	308	648
MP|PP755590.1|A/cattle/Texas/24-008749-003/2024(H5N1)	309	651
MP|PP755590.1|A/cattle/Texas/24-008749-003/2024(H5N1)	310	655
MP|PP755590.1|A/cattle/Texas/24-008749-003/2024(H5N1)	311	646
MP|PP755590.1|A/cattle/Texas/24-008749-003/2024(H5N1)	312	646
MP|PP755590.1|A/cattle/Texas/24-008749-003/2024(H5N1)	313	636
MP|PP755590.1|A/cattle/Texas/24-008749-003/2024(H5N1)	314	639
MP|PP755590.1|A/cattle/Texas/24-008749-003/2024(H5N1)	315	639
MP|PP755590.1|A/cattle/Texas/24-008749-003/2024(H5N1)	316	639
MP|PP755590.1|A/cattle/Texas/24-008749-003/2024(H5N1)	317	651
MP|PP755590.1|A/cattle/Texas/24-008749-003/2024(H5N1)	318	660
MP|PP755590.1|A/cattle/Texas/24-008749-003/2024(H5N1)	319	664
MP|PP755590.1|A/cattle/Texas/24-008749-003/2024(H5N1)	320	663
MP|PP755590.1|A/cattle/Texas/24-008749-003/2024(H5N1)	321	663
MP|PP755590.1|A/cattle/Texas/24-008749-003/2024(H5N1)	322	666
MP|PP755590.1|A/cattle/Texas/24-008749-003/2024(H5N1)	323	665
MP|PP755590.1|A/cattle/Texas/24-008749-003/2024(H5N1)	324	660
MP|PP755590.1|A/cattle/Texas/24-008749-003/2024(H5N1)	325	660
MP|PP755590.1|A/cattle/Texas/24-008749-003/2024(H5N1)	326	644
MP|PP755590.1|A/cattle/Texas/24-008749-003/2024(H5N1)	327	646
MP|PP755590.1|A/cattle/Texas/24-008749-003/2024(H5N1)	328	642
MP|PP755590.1|A/cattle/Texas/24-008749-003/2024(H5N1)	329	642
MP|PP755590.1|A/cattle/Texas/24-008749-003/2024(H5N1)	330	642
MP|PP755590.1|A/cattle/Texas/24-008749-003/2024(H5N1)	331	639
MP|PP755590.1|A/cattle/Texas/24-008749-003/2024(H5N1)	332	639
MP|PP755590.1|A/cattle/Texas/24-008749-003/2024(H5N1)	333	647
MP|PP755590.1|A/cattle/Texas/24-008749-003/2024(H5N1)	334	648
MP|PP755590.1|A/cattle/Texas/24-008749-003/2024(H5N1)	335	648
MP|PP755590.1|A/cattle/Texas/24-008749-003/2024(H5N1)	336	646
MP|PP755590.1|A/cattle/Texas/24-008749-003/2024(H5N1)	337	648
MP|PP755590.1|A/cattle/Texas/24-008749-003/2024(H5N1)	338	650
MP|PP755590.1|A/cattle/Texas/24-008749-003/2024(H5N1)	339	650
MP|PP755590.1|A/cattle/Texas/24-008749-003/2024(H5N1)	340	648
MP|PP755590.1|A/cattle/Texas/24-008749-003/2024(H5N1)	341	639
MP|PP755590.1|A/cattle/Texas/24-008749-003/2024(H5N1)	342	633
MP|PP755590.1|A/cattle/Texas/24-008749-003/2024(H5N1)	343	637
MP|PP755590.1|A/cattle/Texas/24-008749-003/2024(H5N1)	344	644
MP|PP755590.1|A/cattle/Texas/24-008749-003/2024(H5N1)	345	632
MP|PP755590.1|A/cattle/Texas/24-008749-003/2024(H5N1)	346	636
MP|PP755590.1|A/cattle/Texas/24-008749-003/2024(H5N1)	347	650
MP|PP755590.1|A/cattle/Texas/24-008749-003/2024(H5N1)	348	656
MP|PP755590.1|A/cattle/Texas/24-008749-003/2024(H5N1)	349	642
MP|PP755590.1|A/cattle/Texas/24-008749-003/2024(H5N1)	350	639
MP|PP755590.1|A/cattle/Texas/24-008749-003/2024(H5N1)	351	657
MP|PP755590.1|A/cattle/Texas/24-008749-003/2024(H5N1)	352	655
MP|PP755590.1|A/cattle/Texas/24-008749-003/2024(H5N1)	353	659
MP|PP755590.1|A/cattle/Texas/24-008749-003/2024(H5N1)	354	659
MP|PP755590.1|A/cattle/Texas/24-008749-003/2024(H5N1)	355	653
MP|PP755590.1|A/cattle/Texas/24-008749-003/2024(H5N1)	356	655
MP|PP755590.1|A/cattle/Texas/24-008749-003/2024(H5N1)	357	651
MP|PP755590.1|A/cattle/Texas/24-008749-003/2024(H5N1)	358	653
MP|PP755590.1|A/cattle/Texas/24-008749-003/2024(H5N1)	359	651
MP|PP755590.1|A/cattle/Texas/24-008749-003/2024(H5N1)	360	628
MP|PP755590.1|A/cattle/Texas/24-008749-003/2024(H5N1)	361	636
MP|PP755590.1|A/cattle/Texas/24-008749-003/2024(H5N1)	362	636
MP|PP755590.1|A/cattle/Texas/24-008749-003/2024(H5N1)	363	628
MP|PP755590.1|A/cattle/Texas/24-008749-003/2024(H5N1)	364	627
MP|PP755590.1|A/cattle/Texas/24-008749-003/2024(H5N1)	365	633
MP|PP755590.1|A/cattle/Texas/24-008749-003/2024(H5N1)	366	629
MP|PP755590.1|A/cattle/Texas/24-008749-003/2024(H5N1)	367	630
MP|PP755590.1|A/cattle/Texas/24-008749-003/2024(H5N1)	368	621
MP|PP755590.1|A/cattle/Texas/24-008749-003/2024(H5N1)	369	626
MP|PP755590.1|A/cattle/Texas/24-008749-003/2024(H5N1)	370	618
MP|PP755590.1|A/cattle/Texas/24-008749-003/2024(H5N1)	371	605
MP|PP755590.1|A/cattle/Texas/24-008749-003/2024(H5N1)	372	606
MP|PP755590.1|A/cattle/Texas/24-008749-003/2024(H5N1)	373	603
MP|PP755590.1|A/cattle/Texas/24-008749-003/2024(H5N1)	374	602
MP|PP755590.1|A/cattle/Texas/24-008749-003/2024(H5N1)	375	583
MP|PP755590.1|A/cattle/Texas/24-008749-003/2024(H5N1)	376	577
MP|PP755590.1|A/cattle/Texas/24-008749-003/2024(H5N1)	377	585
MP|PP755590.1|A/cattle/Texas/24-008749-003/2024(H5N1)	378	586
MP|PP755590.1|A/cattle/Texas/24-008749-003/2024(H5N1)	379	577
MP|PP755590.1|A/cattle/Texas/24-008749-003/2024(H5N1)	380	587
MP|PP755590.1|A/cattle/Texas/24-008749-003/2024(H5N1)	381	581
MP|PP755590.1|A/cattle/Texas/24-008749-003/2024(H5N1)	382	581
MP|PP755590.1|A/cattle/Texas/24-008749-003/2024(H5N1)	383	581
MP|PP755590.1|A/cattle/Texas/24-008749-003/2024(H5N1)	384	579
MP|PP755590.1|A/cattle/Texas/24-008749-003/2024(H5N1)	385	587
MP|PP755590.1|A/cattle/Texas/24-008749-003/2024(H5N1)	386	579
MP|PP755590.1|A/cattle/Texas/24-008749-003/2024(H5N1)	387	570
MP|PP755590.1|A/cattle/Texas/24-008749-003/2024(H5N1)	388	569
MP|PP755590.1|A/cattle/Texas/24-008749-003/2024(H5N1)	389	562
MP|PP755590.1|A/cattle/Texas/24-008749-003/2024(H5N1)	390	571
MP|PP755590.1|A/cattle/Texas/24-008749-003/2024(H5N1)	391	594
MP|PP755590.1|A/cattle/Texas/24-008749-003/2024(H5N1)	392	594
MP|PP755590.1|A/cattle/Texas/24-008749-003/2024(H5N1)	393	597
MP|PP755590.1|A/cattle/Texas/24-008749-003/2024(H5N1)	394	593
MP|PP755590.1|A/cattle/Texas/24-008749-003/2024(H5N1)	395	586
MP|PP755590.1|A/cattle/Texas/24-008749-003/2024(H5N1)	396	617
MP|PP755590.1|A/cattle/Texas/24-008749-003/2024(H5N1)	397	616
MP|PP755590.1|A/cattle/Texas/24-008749-003/2024(H5N1)	398	611
MP|PP755590.1|A/cattle/Texas/24-008749-003/2024(H5N1)	399	610
MP|PP755590.1|A/cattle/Texas/24-008749-003/2024(H5N1)	400	590
MP|PP755590.1|A/cattle/Texas/24-008749-003/2024(H5N1)	401	610
MP|PP755590.1|A/cattle/Texas/24-008749-003/2024(H5N1)	402	616
MP|PP755590.1|A/cattle/Texas/24-008749-003/2024(H5N1)	403	613
MP|PP755590.1|A/cattle/Texas/24-008749-003/2024(H5N1)	404	618
MP|PP755590.1|A/cattle/Texas/24-008749-003/2024(H5N1)	405	612
MP|PP755590.1|A/cattle/Texas/24-008749-003/2024(H5N1)	406	613
MP|PP755590.1|A/cattle/Texas/24-008749-003/2024(H5N1)	407	644
MP|PP755590.1|A/cattle/Texas/24-008749-003/2024(H5N1)	408	648
MP|PP755590.1|A/cattle/Texas/24-008749-003/2024(H5N1)	409	654
MP|PP755590.1|A/cattle/Texas/24-008749-003/2024(H5N1)	410	633
MP|PP755590.1|A/cattle/Texas/24-008749-003/2024(H5N1)	411	628
MP|PP755590.1|A/cattle/Texas/24-008749-003/2024(H5N1)	412	628
MP|PP755590.1|A/cattle/Texas/24-008749-003/2024(H5N1)	413	649
MP|PP755590.1|A/cattle/Texas/24-008749-003/2024(H5N1)	414	650
MP|PP755590.1|A/cattle/Texas/24-008749-003/2024(H5N1)	415	649
MP|PP755590.1|A/cattle/Texas/24-008749-003/2024(H5N1)	416	650
MP|PP755590.1|A/cattle/Texas/24-008749-003/2024(H5N1)	417	642
MP|PP755590.1|A/cattle/Texas/24-008749-003/2024(H5N1)	418	641
MP|PP755590.1|A/cattle/Texas/24-008749-003/2024(H5N1)	419	642
MP|PP755590.1|A/cattle/Texas/24-008749-003/2024(H5N1)	420	642
MP|PP755590.1|A/cattle/Texas/24-008749-003/2024(H5N1)	421	644
MP|PP755590.1|A/cattle/Texas/24-008749-003/2024(H5N1)	422	655
MP|PP755590.1|A/cattle/Texas/24-008749-003/2024(H5N1)	423	655
MP|PP755590.1|A/cattle/Texas/24-008749-003/2024(H5N1)	424	649
MP|PP755590.1|A/cattle/Texas/24-008749-003/2024(H5N1)	425	639
MP|PP755590.1|A/cattle/Texas/24-008749-003/2024(H5N1)	426	638
MP|PP755590.1|A/cattle/Texas/24-008749-003/2024(H5N1)	427	653
MP|PP755590.1|A/cattle/Texas/24-008749-003/2024(H5N1)	428	650
MP|PP755590.1|A/cattle/Texas/24-008749-003/2024(H5N1)	429	652
MP|PP755590.1|A/cattle/Texas/24-008749-003/2024(H5N1)	430	636
MP|PP755590.1|A/cattle/Texas/24-008749-003/2024(H5N1)	431	638
MP|PP755590.1|A/cattle/Texas/24-008749-003/2024(H5N1)	432	639
MP|PP755590.1|A/cattle/Texas/24-008749-003/2024(H5N1)	433	681
MP|PP755590.1|A/cattle/Texas/24-008749-003/2024(H5N1)	434	687
MP|PP755590.1|A/cattle/Texas/24-008749-003/2024(H5N1)	435	675
MP|PP755590.1|A/cattle/Texas/24-008749-003/2024(H5N1)	436	669
MP|PP755590.1|A/cattle/Texas/24-008749-003/2024(H5N1)	437	670
MP|PP755590.1|A/cattle/Texas/24-008749-003/2024(H5N1)	438	684
MP|PP755590.1|A/cattle/Texas/24-008749-003/2024(H5N1)	439	691
MP|PP755590.1|A/cattle/Texas/24-008749-003/2024(H5N1)	440	689
MP|PP755590.1|A/cattle/Texas/24-008749-003/2024(H5N1)	441	698
MP|PP755590.1|A/cattle/Texas/24-008749-003/2024(H5N1)	442	656
MP|PP755590.1|A/cattle/Texas/24-008749-003/2024(H5N1)	443	655
MP|PP755590.1|A/cattle/Texas/24-008749-003/2024(H5N1)	444	661
MP|PP755590.1|A/cattle/Texas/24-008749-003/2024(H5N1)	445	661
MP|PP755590.1|A/cattle/Texas/24-008749-003/2024(H5N1)	446	658
MP|PP755590.1|A/cattle/Texas/24-008749-003/2024(H5N1)	447	632
MP|PP755590.1|A/cattle/Texas/24-008749-003/2024(H5N1)	448	620
MP|PP755590.1|A/cattle/Texas/24-008749-003/2024(H5N1)	449	638
MP|PP755590.1|A/cattle/Texas/24-008749-003/2024(H5N1)	450	634
MP|PP755590.1|A/cattle/Texas/24-008749-003/2024(H5N1)	451	619
MP|PP755590.1|A/cattle/Texas/24-008749-003/2024(H5N1)	452	620
MP|PP755590.1|A/cattle/Texas/24-008749-003/2024(H5N1)	453	614
MP|PP755590.1|A/cattle/Texas/24-008749-003/2024(H5N1)	454	614
MP|PP755590.1|A/cattle/Texas/24-008749-003/2024(H5N1)	455	610
MP|PP755590.1|A/cattle/Texas/24-008749-003/2024(H5N1)	456	615
MP|PP755590.1|A/cattle/Texas/24-008749-003/2024(H5N1)	457	616
MP|PP755590.1|A/cattle/Texas/24-008749-003/2024(H5N1)	458	608
MP|PP755590.1|A/cattle/Texas/24-008749-003/2024(H5N1)	459	611
MP|PP755590.1|A/cattle/Texas/24-008749-003/2024(H5N1)	460	609
MP|PP755590.1|A/cattle/Texas/24-008749-003/2024(H5N1)	461	609
MP|PP755590.1|A/cattle/Texas/24-008749-003/2024(H5N1)	462	618
MP|PP755590.1|A/cattle/Texas/24-008749-003/2024(H5N1)	463	617
MP|PP755590.1|A/cattle/Texas/24-008749-003/2024(H5N1)	464	621
MP|PP755590.1|A/cattle/Texas/24-008749-003/2024(H5N1)	465	619
MP|PP755590.1|A/cattle/Texas/24-008749-003/2024(H5N1)	466	622
MP|PP755590.1|A/cattle/Texas/24-008749-003/2024(H5N1)	467	622
MP|PP755590.1|A/cattle/Texas/24-008749-003/2024(H5N1)	468	612
MP|PP755590.1|A/cattle/Texas/24-008749-003/2024(H5N1)	469	608
MP|PP755590.1|A/cattle/Texas/24-008749-003/2024(H5N1)	470	608
MP|PP755590.1|A/cattle/Texas/24-008749-003/2024(H5N1)	471	608
MP|PP755590.1|A/cattle/Texas/24-008749-003/2024(H5N1)	472	606
MP|PP755590.1|A/cattle/Texas/24-008749-003/2024(H5N1)	473	606
MP|PP755590.1|A/cattle/Texas/24-008749-003/2024(H5N1)	474	609
MP|PP755590.1|A/cattle/Texas/24-008749-003/2024(H5N1)	475	609
MP|PP755590.1|A/cattle/Texas/24-008749-003/2024(H5N1)	476	608
MP|PP755590.1|A/cattle/Texas/24-008749-003/2024(H5N1)	477	617
MP|PP755590.1|A/cattle/Texas/24-008749-003/2024(H5N1)	478	616
MP|PP755590.1|A/cattle/Texas/24-008749-003/2024(H5N1)	479	616
MP|PP755590.1|A/cattle/Texas/24-008749-003/2024(H5N1)	480	622
MP|PP755590.1|A/cattle/Texas/24-008749-003/2024(H5N1)	481	623
MP|PP755590.1|A/cattle/Texas/24-008749-003/2024(H5N1)	482	638
MP|PP755590.1|A/cattle/Texas/24-008749-003/2024(H5N1)	483	636
MP|PP755590.1|A/cattle/Texas/24-008749-003/2024(H5N1)	484	639
MP|PP755590.1|A/cattle/Texas/24-008749-003/2024(H5N1)	485	638
MP|PP755590.1|A/cattle/Texas/24-008749-003/2024(H5N1)	486	639
MP|PP755590.1|A/cattle/Texas/24-008749-003/2024(H5N1)	487	638
MP|PP755590.1|A/cattle/Texas/24-008749-003/2024(H5N1)	488	645
MP|PP755590.1|A/cattle/Texas/24-008749-003/2024(H5N1)	489	648
MP|PP755590.1|A/cattle/Texas/24-008749-003/2024(H5N1)	490	649
MP|PP755590.1|A/cattle/Texas/24-008749-003/2024(H5N1)	491	644
MP|PP755590.1|A/cattle/Texas/24-008749-003/2024(H5N1)	492	647
MP|PP755590.1|A/cattle/Texas/24-008749-003/2024(H5N1)	493	645
MP|PP755590.1|A/cattle/Texas/24-008749-003/2024(H5N1)	494	642
MP|PP755590.1|A/cattle/Texas/24-008749-003/2024(H5N1)	495	638
MP|PP755590.1|A/cattle/Texas/24-008749-003/2024(H5N1)	496	638
MP|PP755590.1|A/cattle/Texas/24-008749-003/2024(H5N1)	497	630
MP|PP755590.1|A/cattle/Texas/24-008749-003/2024(H5N1)	498	629
MP|PP755590.1|A/cattle/Texas/24-008749-003/2024(H5N1)	499	632
MP|PP755590.1|A/cattle/Texas/24-008749-003/2024(H5N1)	500	633
MP|PP755590.1|A/cattle/Texas/24-008749-003/2024(H5N1)	501	624
MP|PP755590.1|A/cattle/Texas/24-008749-003/2024(H5N1)	502	622
MP|PP755590.1|A/cattle/Texas/24-008749-003/2024(H5N1)	503	627
MP|PP755590.1|A/cattle/Texas/24-008749-003/2024(H5N1)	504	629
MP|PP755590.1|A/cattle/Texas/24-008749-003/2024(H5N1)	505	626
MP|PP755590.1|A/cattle/Texas/24-008749-003/2024(H5N1)	506	624
MP|PP755590.1|A/cattle/Texas/24-008749-003/2024(H5N1)	507	622
MP|PP755590.1|A/cattle/Texas/24-008749-003/2024(H5N1)	508	624
MP|PP755590.1|A/cattle/Texas/24-008749-003/2024(H5N1)	509	629
MP|PP755590.1|A/cattle/Texas/24-008749-003/2024(H5N1)	510	633
MP|PP755590.1|A/cattle/Texas/24-008749-003/2024(H5N1)	511	640
MP|PP755590.1|A/cattle/Texas/24-008749-003/2024(H5N1)	512	647
MP|PP755590.1|A/cattle/Texas/24-008749-003/2024(H5N1)	513	644
MP|PP755590.1|A/cattle/Texas/24-008749-003/2024(H5N1)	514	643
MP|PP755590.1|A/cattle/Texas/24-008749-003/2024(H5N1)	515	642
MP|PP755590.1|A/cattle/Texas/24-008749-003/2024(H5N1)	516	649
MP|PP755590.1|A/cattle/Texas/24-008749-003/2024(H5N1)	517	655
MP|PP755590.1|A/cattle/Texas/24-008749-003/2024(H5N1)	518	654
MP|PP755590.1|A/cattle/Texas/24-008749-003/2024(H5N1)	519	652
MP|PP755590.1|A/cattle/Texas/24-008749-003/2024(H5N1)	520	647
MP|PP755590.1|A/cattle/Texas/24-008749-003/2024(H5N1)	521	646
MP|PP755590.1|A/cattle/Texas/24-008749-003/2024(H5N1)	522	653
MP|PP755590.1|A/cattle/Texas/24-008749-003/2024(H5N1)	523	656
MP|PP755590.1|A/cattle/Texas/24-008749-003/2024(H5N1)	524	671
MP|PP755590.1|A/cattle/Texas/24-008749-003/2024(H5N1)	525	668
MP|PP755590.1|A/cattle/Texas/24-008749-003/2024(H5N1)	526	669
MP|PP755590.1|A/cattle/Texas/24-008749-003/2024(H5N1)	527	669
MP|PP755590.1|A/cattle/Texas/24-008749-003/2024(H5N1)	528	664
MP|PP755590.1|A/cattle/Texas/24-008749-003/2024(H5N1)	529	663
MP|PP755590.1|A/cattle/Texas/24-008749-003/2024(H5N1)	530	668
MP|PP755590.1|A/cattle/Texas/24-008749-003/2024(H5N1)	531	658
MP|PP755590.1|A/cattle/Texas/24-008749-003/2024(H5N1)	532	652
MP|PP755590.1|A/cattle/Texas/24-008749-003/2024(H5N1)	533	662
MP|PP755590.1|A/cattle/Texas/24-008749-003/2024(H5N1)	534	680
MP|PP755590.1|A/cattle/Texas/24-008749-003/2024(H5N1)	535	684
MP|PP755590.1|A/cattle/Texas/24-008749-003/2024(H5N1)	536	676
MP|PP755590.1|A/cattle/Texas/24-008749-003/2024(H5N1)	537	665
MP|PP755590.1|A/cattle/Texas/24-008749-003/2024(H5N1)	538	706
MP|PP755590.1|A/cattle/Texas/24-008749-003/2024(H5N1)	539	702
MP|PP755590.1|A/cattle/Texas/24-008749-003/2024(H5N1)	540	702
MP|PP755590.1|A/cattle/Texas/24-008749-003/2024(H5N1)	541	703
MP|PP755590.1|A/cattle/Texas/24-008749-003/2024(H5N1)	542	681
MP|PP755590.1|A/cattle/Texas/24-008749-003/2024(H5N1)	543	693
MP|PP755590.1|A/cattle/Texas/24-008749-003/2024(H5N1)	544	690
MP|PP755590.1|A/cattle/Texas/24-008749-003/2024(H5N1)	545	689
MP|PP755590.1|A/cattle/Texas/24-008749-003/2024(H5N1)	546	685
MP|PP755590.1|A/cattle/Texas/24-008749-003/2024(H5N1)	547	659
MP|PP755590.1|A/cattle/Texas/24-008749-003/2024(H5N1)	548	698
MP|PP755590.1|A/cattle/Texas/24-008749-003/2024(H5N1)	549	705
MP|PP755590.1|A/cattle/Texas/24-008749-003/2024(H5N1)	550	707
MP|PP755590.1|A/cattle/Texas/24-008749-003/2024(H5N1)	551	689
MP|PP755590.1|A/cattle/Texas/24-008749-003/2024(H5N1)	552	679
MP|PP755590.1|A/cattle/Texas/24-008749-003/2024(H5N1)	553	678
MP|PP755590.1|A/cattle/Texas/24-008749-003/2024(H5N1)	554	678
MP|PP755590.1|A/cattle/Texas/24-008749-003/2024(H5N1)	555	697
MP|PP755590.1|A/cattle/Texas/24-008749-003/2024(H5N1)	556	702
MP|PP755590.1|A/cattle/Texas/24-008749-003/2024(H5N1)	557	665
MP|PP755590.1|A/cattle/Texas/24-008749-003/2024(H5N1)	558	664
MP|PP755590.1|A/cattle/Texas/24-008749-003/2024(H5N1)	559	662
MP|PP755590.1|A/cattle/Texas/24-008749-003/2024(H5N1)	560	665
MP|PP755590.1|A/cattle/Texas/24-008749-003/2024(H5N1)	561	679
MP|PP755590.1|A/cattle/Texas/24-008749-003/2024(H5N1)	562	682
MP|PP755590.1|A/cattle/Texas/24-008749-003/2024(H5N1)	563	695
MP|PP755590.1|A/cattle/Texas/24-008749-003/2024(H5N1)	564	675
MP|PP755590.1|A/cattle/Texas/24-008749-003/2024(H5N1)	565	678
MP|PP755590.1|A/cattle/Texas/24-008749-003/2024(H5N1)	566	678
MP|PP755590.1|A/cattle/Texas/24-008749-003/2024(H5N1)	567	672
MP|PP755590.1|A/cattle/Texas/24-008749-003/2024(H5N1)	568	676
MP|PP755590.1|A/cattle/Texas/24-008749-003/2024(H5N1)	569	673
MP|PP755590.1|A/cattle/Texas/24-008749-003/2024(H5N1)	570	671
MP|PP755590.1|A/cattle/Texas/24-008749-003/2024(H5N1)	571	668
MP|PP755590.1|A/cattle/Texas/24-008749-003/2024(H5N1)	572	658
MP|PP755590.1|A/cattle/Texas/24-008749-003/2024(H5N1)	573	659
MP|PP755590.1|A/cattle/Texas/24-008749-003/2024(H5N1)	574	666
MP|PP755590.1|A/cattle/Texas/24-008749-003/2024(H5N1)	575	678
MP|PP755590.1|A/cattle/Texas/24-008749-003/2024(H5N1)	576	678
MP|PP755590.1|A/cattle/Texas/24-008749-003/2024(H5N1)	577	680
MP|PP755590.1|A/cattle/Texas/24-008749-003/2024(H5N1)	578	681
MP|PP755590.1|A/cattle/Texas/24-008749-003/2024(H5N1)	579	681
MP|PP755590.1|A/cattle/Texas/24-008749-003/2024(H5N1)	580	679
MP|PP755590.1|A/cattle/Texas/24-008749-003/2024(H5N1)	581	683
MP|PP755590.1|A/cattle/Texas/24-008749-003/2024(H5N1)	582	683
MP|PP755590.1|A/cattle/Texas/24-008749-003/2024(H5N1)	583	683
MP|PP755590.1|A/cattle/Texas/24-008749-003/2024(H5N1)	584	647
MP|PP755590.1|A/cattle/Texas/24-008749-003/2024(H5N1)	585	650
MP|PP755590.1|A/cattle/Texas/24-008749-003/2024(H5N1)	586	649
MP|PP755590.1|A/cattle/Texas/24-008749-003/2024(H5N1)	587	653
MP|PP755590.1|A/cattle/Texas/24-008749-003/2024(H5N1)	588	657
MP|PP755590.1|A/cattle/Texas/24-008749-003/2024(H5N1)	589	648
MP|PP755590.1|A/cattle/Texas/24-008749-003/2024(H5N1)	590	641
MP|PP755590.1|A/cattle/Texas/24-008749-003/2024(H5N1)	591	642
MP|PP755590.1|A/cattle/Texas/24-008749-003/2024(H5N1)	592	653
MP|PP755590.1|A/cattle/Texas/24-008749-003/2024(H5N1)	593	652
MP|PP755590.1|A/cattle/Texas/24-008749-003/2024(H5N1)	594	650
MP|PP755590.1|A/cattle/Texas/24-008749-003/2024(H5N1)	595	645
MP|PP755590.1|A/cattle/Texas/24-008749-003/2024(H5N1)	596	654
MP|PP755590.1|A/cattle/Texas/24-008749-003/2024(H5N1)	597	654
MP|PP755590.1|A/cattle/Texas/24-008749-003/2024(H5N1)	598	668
MP|PP755590.1|A/cattle/Texas/24-008749-003/2024(H5N1)	599	657
MP|PP755590.1|A/cattle/Texas/24-008749-003/2024(H5N1)	600	658
MP|PP755590.1|A/cattle/Texas/24-008749-003/2024(H5N1)	601	658
MP|PP755590.1|A/cattle/Texas/24-008749-003/2024(H5N1)	602	659
MP|PP755590.1|A/cattle/Texas/24-008749-003/2024(H5N1)	603	659
MP|PP755590.1|A/cattle/Texas/24-008749-003/2024(H5N1)	604	675
MP|PP755590.1|A/cattle/Texas/24-008749-003/2024(H5N1)	605	686
MP|PP755590.1|A/cattle/Texas/24-008749-003/2024(H5N1)	606	691
MP|PP755590.1|A/cattle/Texas/24-008749-003/2024(H5N1)	607	686
MP|PP755590.1|A/cattle/Texas/24-008749-003/2024(H5N1)	608	697
MP|PP755590.1|A/cattle/Texas/24-008749-003/2024(H5N1)	609	696
MP|PP755590.1|A/cattle/Texas/24-008749-003/2024(H5N1)	610	698
MP|PP755590.1|A/cattle/Texas/24-008749-003/2024(H5N1)	611	698
MP|PP755590.1|A/cattle/Texas/24-008749-003/2024(H5N1)	612	703
MP|PP755590.1|A/cattle/Texas/24-008749-003/2024(H5N1)	613	701
MP|PP755590.1|A/cattle/Texas/24-008749-003/2024(H5N1)	614	705
MP|PP755590.1|A/cattle/Texas/24-008749-003/2024(H5N1)	615	705
MP|PP755590.1|A/cattle/Texas/24-008749-003/2024(H5N1)	616	705
MP|PP755590.1|A/cattle/Texas/24-008749-003/2024(H5N1)	617	713
MP|PP755590.1|A/cattle/Texas/24-008749-003/2024(H5N1)	618	714
MP|PP755590.1|A/cattle/Texas/24-008749-003/2024(H5N1)	619	726
MP|PP755590.1|A/cattle/Texas/24-008749-003/2024(H5N1)	620	726
MP|PP755590.1|A/cattle/Texas/24-008749-003/2024(H5N1)	621	728
MP|PP755590.1|A/cattle/Texas/24-008749-003/2024(H5N1)	622	727
MP|PP755590.1|A/cattle/Texas/24-008749-003/2024(H5N1)	623	722
MP|PP755590.1|A/cattle/Texas/24-008749-003/2024(H5N1)	624	747
MP|PP755590.1|A/cattle/Texas/24-008749-003/2024(H5N1)	625	750
MP|PP755590.1|A/cattle/Texas/24-008749-003/2024(H5N1)	626	746
MP|PP755590.1|A/cattle/Texas/24-008749-003/2024(H5N1)	627	745
MP|PP755590.1|A/cattle/Texas/24-008749-003/2024(H5N1)	628	736
MP|PP755590.1|A/cattle/Texas/24-008749-003/2024(H5N1)	629	743
MP|PP755590.1|A/cattle/Texas/24-008749-003/2024(H5N1)	630	743
MP|PP755590.1|A/cattle/Texas/24-008749-003/2024(H5N1)	631	740
MP|PP755590.1|A/cattle/Texas/24-008749-003/2024(H5N1)	632	740
MP|PP755590.1|A/cattle/Texas/24-008749-003/2024(H5N1)	633	707
MP|PP755590.1|A/cattle/Texas/24-008749-003/2024(H5N1)	634	709
MP|PP755590.1|A/cattle/Texas/24-008749-003/2024(H5N1)	635	709
MP|PP755590.1|A/cattle/Texas/24-008749-003/2024(H5N1)	636	709
MP|PP755590.1|A/cattle/Texas/24-008749-003/2024(H5N1)	637	720
MP|PP755590.1|A/cattle/Texas/24-008749-003/2024(H5N1)	638	721
MP|PP755590.1|A/cattle/Texas/24-008749-003/2024(H5N1)	639	716
MP|PP755590.1|A/cattle/Texas/24-008749-003/2024(H5N1)	640	715
MP|PP755590.1|A/cattle/Texas/24-008749-003/2024(H5N1)	641	715
MP|PP755590.1|A/cattle/Texas/24-008749-003/2024(H5N1)	642	721
MP|PP755590.1|A/cattle/Texas/24-008749-003/2024(H5N1)	643	739
MP|PP755590.1|A/cattle/Texas/24-008749-003/2024(H5N1)	644	740
MP|PP755590.1|A/cattle/Texas/24-008749-003/2024(H5N1)	645	743
MP|PP755590.1|A/cattle/Texas/24-008749-003/2024(H5N1)	646	737
MP|PP755590.1|A/cattle/Texas/24-008749-003/2024(H5N1)	647	735
MP|PP755590.1|A/cattle/Texas/24-008749-003/2024(H5N1)	648	735
MP|PP755590.1|A/cattle/Texas/24-008749-003/2024(H5N1)	649	734
MP|PP755590.1|A/cattle/Texas/24-008749-003/2024(H5N1)	650	729
MP|PP755590.1|A/cattle/Texas/24-008749-003/2024(H5N1)	651	741
MP|PP755590.1|A/cattle/Texas/24-008749-003/2024(H5N1)	652	735
MP|PP755590.1|A/cattle/Texas/24-008749-003/2024(H5N1)	653	749
MP|PP755590.1|A/cattle/Texas/24-008749-003/2024(H5N1)	654	754
MP|PP755590.1|A/cattle/Texas/24-008749-003/2024(H5N1)	655	755
MP|PP755590.1|A/cattle/Texas/24-008749-003/2024(H5N1)	656	766
MP|PP755590.1|A/cattle/Texas/24-008749-003/2024(H5N1)	657	765
MP|PP755590.1|A/cattle/Texas/24-008749-003/2024(H5N1)	658	765
MP|PP755590.1|A/cattle/Texas/24-008749-003/2024(H5N1)	659	772
MP|PP755590.1|A/cattle/Texas/24-008749-003/2024(H5N1)	660	768
MP|PP755590.1|A/cattle/Texas/24-008749-003/2024(H5N1)	661	773
MP|PP755590.1|A/cattle/Texas/24-008749-003/2024(H5N1)	662	767
MP|PP755590.1|A/cattle/Texas/24-008749-003/2024(H5N1)	663	748
MP|PP755590.1|A/cattle/Texas/24-008749-003/2024(H5N1)	664	752
MP|PP755590.1|A/cattle/Texas/24-008749-003/2024(H5N1)	665	750
MP|PP755590.1|A/cattle/Texas/24-008749-003/2024(H5N1)	666	772
MP|PP755590.1|A/cattle/Texas/24-008749-003/2024(H5N1)	667	766
MP|PP755590.1|A/cattle/Texas/24-008749-003/2024(H5N1)	668	759
MP|PP755590.1|A/cattle/Texas/24-008749-003/2024(H5N1)	669	759
MP|PP755590.1|A/cattle/Texas/24-008749-003/2024(H5N1)	670	758
MP|PP755590.1|A/cattle/Texas/24-008749-003/2024(H5N1)	671	759
MP|PP755590.1|A/cattle/Texas/24-008749-003/2024(H5N1)	672	784
MP|PP755590.1|A/cattle/Texas/24-008749-003/2024(H5N1)	673	781
MP|PP755590.1|A/cattle/Texas/24-008749-003/2024(H5N1)	674	787
MP|PP755590.1|A/cattle/Texas/24-008749-003/2024(H5N1)	675	767
MP|PP755590.1|A/cattle/Texas/24-008749-003/2024(H5N1)	676	765
MP|PP755590.1|A/cattle/Texas/24-008749-003/2024(H5N1)	677	775
MP|PP755590.1|A/cattle/Texas/24-008749-003/2024(H5N1)	678	776
MP|PP755590.1|A/cattle/Texas/24-008749-003/2024(H5N1)	679	773
MP|PP755590.1|A/cattle/Texas/24-008749-003/2024(H5N1)	680	770
MP|PP755590.1|A/cattle/Texas/24-008749-003/2024(H5N1)	681	751
MP|PP755590.1|A/cattle/Texas/24-008749-003/2024(H5N1)	682	757
MP|PP755590.1|A/cattle/Texas/24-008749-003/2024(H5N1)	683	773
MP|PP755590.1|A/cattle/Texas/24-008749-003/2024(H5N1)	684	766
MP|PP755590.1|A/cattle/Texas/24-008749-003/2024(H5N1)	685	766
MP|PP755590.1|A/cattle/Texas/24-008749-003/2024(H5N1)	686	761
MP|PP755590.1|A/cattle/Texas/24-008749-003/2024(H5N1)	687	764
MP|PP755590.1|A/cattle/Texas/24-008749-003/2024(H5N1)	688	774
MP|PP755590.1|A/cattle/Texas/24-008749-003/2024(H5N1)	689	742
MP|PP755590.1|A/cattle/Texas/24-008749-003/2024(H5N1)	690	742
MP|PP755590.1|A/cattle/Texas/24-008749-003/2024(H5N1)	691	740
MP|PP755590.1|A/cattle/Texas/24-008749-003/2024(H5N1)	692	733
MP|PP755590.1|A/cattle/Texas/24-008749-003/2024(H5N1)	693	734
MP|PP755590.1|A/cattle/Texas/24-008749-003/2024(H5N1)	694	723
MP|PP755590.1|A/cattle/Texas/24-008749-003/2024(H5N1)	695	734
MP|PP755590.1|A/cattle/Texas/24-008749-003/2024(H5N1)	696	734
MP|PP755590.1|A/cattle/Texas/24-008749-003/2024(H5N1)	697	698
MP|PP755590.1|A/cattle/Texas/24-008749-003/2024(H5N1)	698	690
MP|PP755590.1|A/cattle/Texas/24-008749-003/2024(H5N1)	699	696
MP|PP755590.1|A/cattle/Texas/24-008749-003/2024(H5N1)	700	690
MP|PP755590.1|A/cattle/Texas/24-008749-003/2024(H5N1)	701	690
MP|PP755590.1|A/cattle/Texas/24-008749-003/2024(H5N1)	702	690
MP|PP755590.1|A/cattle/Texas/24-008749-003/2024(H5N1)	703	689
MP|PP755590.1|A/cattle/Texas/24-008749-003/2024(H5N1)	704	690
MP|PP755590.1|A/cattle/Texas/24-008749-003/2024(H5N1)	705	688
MP|PP755590.1|A/cattle/Texas/24-008749-003/2024(H5N1)	706	671
MP|PP755590.1|A/cattle/Texas/24-008749-003/2024(H5N1)	707	670
MP|PP755590.1|A/cattle/Texas/24-008749-003/2024(H5N1)	708	669
MP|PP755590.1|A/cattle/Texas/24-008749-003/2024(H5N1)	709	679
MP|PP755590.1|A/cattle/Texas/24-008749-003/2024(H5N1)	710	679
MP|PP755590.1|A/cattle/Texas/24-008749-003/2024(H5N1)	711	674
MP|PP755590.1|A/cattle/Texas/24-008749-003/2024(H5N1)	712	661
MP|PP755590.1|A/cattle/Texas/24-008749-003/2024(H5N1)	713	660
MP|PP755590.1|A/cattle/Texas/24-008749-003/2024(H5N1)	714	650
MP|PP755590.1|A/cattle/Texas/24-008749-003/2024(H5N1)	715	650
MP|PP755590.1|A/cattle/Texas/24-008749-003/2024(H5N1)	716	645
MP|PP755590.1|A/cattle/Texas/24-008749-003/2024(H5N1)	717	640
MP|PP755590.1|A/cattle/Texas/24-008749-003/2024(H5N1)	718	644
MP|PP755590.1|A/cattle/Texas/24-008749-003/2024(H5N1)	719	653
MP|PP755590.1|A/cattle/Texas/24-008749-003/2024(H5N1)	720	660
MP|PP755590.1|A/cattle/Texas/24-008749-003/2024(H5N1)	721	660
MP|PP755590.1|A/cattle/Texas/24-008749-003/2024(H5N1)	722	660
MP|PP755590.1|A/cattle/Texas/24-008749-003/2024(H5N1)	723	654
MP|PP755590.1|A/cattle/Texas/24-008749-003/2024(H5N1)	724	659
MP|PP755590.1|A/cattle/Texas/24-008749-003/2024(H5N1)	725	663
MP|PP755590.1|A/cattle/Texas/24-008749-003/2024(H5N1)	726	663
MP|PP755590.1|A/cattle/Texas/24-008749-003/2024(H5N1)	727	656
MP|PP755590.1|A/cattle/Texas/24-008749-003/2024(H5N1)	728	656
MP|PP755590.1|A/cattle/Texas/24-008749-003/2024(H5N1)	729	656
MP|PP755590.1|A/cattle/Texas/24-008749-003/2024(H5N1)	730	657
MP|PP755590.1|A/cattle/Texas/24-008749-003/2024(H5N1)	731	659
MP|PP755590.1|A/cattle/Texas/24-008749-003/2024(H5N1)	732	655
MP|PP755590.1|A/cattle/Texas/24-008749-003/2024(H5N1)	733	661
MP|PP755590.1|A/cattle/Texas/24-008749-003/2024(H5N1)	734	674
MP|PP755590.1|A/cattle/Texas/24-008749-003/2024(H5N1)	735	662
MP|PP755590.1|A/cattle/Texas/24-008749-003/2024(H5N1)	736	665
MP|PP755590.1|A/cattle/Texas/24-008749-003/2024(H5N1)	737	663
MP|PP755590.1|A/cattle/Texas/24-008749-003/2024(H5N1)	738	661
MP|PP755590.1|A/cattle/Texas/24-008749-003/2024(H5N1)	739	667
MP|PP755590.1|A/cattle/Texas/24-008749-003/2024(H5N1)	740	670
MP|PP755590.1|A/cattle/Texas/24-008749-003/2024(H5N1)	741	669
MP|PP755590.1|A/cattle/Texas/24-008749-003/2024(H5N1)	742	667
MP|PP755590.1|A/cattle/Texas/24-008749-003/2024(H5N1)	743	645
MP|PP755590.1|A/cattle/Texas/24-008749-003/2024(H5N1)	744	646
MP|PP755590.1|A/cattle/Texas/24-008749-003/2024(H5N1)	745	640
MP|PP755590.1|A/cattle/Texas/24-008749-003/2024(H5N1)	746	640
MP|PP755590.1|A/cattle/Texas/24-008749-003/2024(H5N1)	747	641
MP|PP755590.1|A/cattle/Texas/24-008749-003/2024(H5N1)	748	665
MP|PP755590.1|A/cattle/Texas/24-008749-003/2024(H5N1)	749	666
MP|PP755590.1|A/cattle/Texas/24-008749-003/2024(H5N1)	750	681
MP|PP755590.1|A/cattle/Texas/24-008749-003/2024(H5N1)	751	680
MP|PP755590.1|A/cattle/Texas/24-008749-003/2024(H5N1)	752	680
MP|PP755590.1|A/cattle/Texas/24-008749-003/2024(H5N1)	753	687
MP|PP755590.1|A/cattle/Texas/24-008749-003/2024(H5N1)	754	692
MP|PP755590.1|A/cattle/Texas/24-008749-003/2024(H5N1)	755	678
MP|PP755590.1|A/cattle/Texas/24-008749-003/2024(H5N1)	756	666
MP|PP755590.1|A/cattle/Texas/24-008749-003/2024(H5N1)	757	672
MP|PP755590.1|A/cattle/Texas/24-008749-003/2024(H5N1)	758	672
MP|PP755590.1|A/cattle/Texas/24-008749-003/2024(H5N1)	759	666
MP|PP755590.1|A/cattle/Texas/24-008749-003/2024(H5N1)	760	665
MP|PP755590.1|A/cattle/Texas/24-008749-003/2024(H5N1)	761	669
MP|PP755590.1|A/cattle/Texas/24-008749-003/2024(H5N1)	762	657
MP|PP755590.1|A/cattle/Texas/24-008749-003/2024(H5N1)	763	665
MP|PP755590.1|A/cattle/Texas/24-008749-003/2024(H5N1)	764	661
MP|PP755590.1|A/cattle/Texas/24-008749-003/2024(H5N1)	765	657
MP|PP755590.1|A/cattle/Texas/24-008749-003/2024(H5N1)	766	668
MP|PP755590.1|A/cattle/Texas/24-008749-003/2024(H5N1)	767	669
MP|PP755590.1|A/cattle/Texas/24-008749-003/2024(H5N1)	768	660
MP|PP755590.1|A/cattle/Texas/24-008749-003/2024(H5N1)	769	663
MP|PP755590.1|A/cattle/Texas/24-008749-003/2024(H5N1)	770	648
MP|PP755590.1|A/cattle/Texas/24-008749-003/2024(H5N1)	771	649
MP|PP755590.1|A/cattle/Texas/24-008749-003/2024(H5N1)	772	646
MP|PP755590.1|A/cattle/Texas/24-008749-003/2024(H5N1)	773	646
MP|PP755590.1|A/cattle/Texas/24-008749-003/2024(H5N1)	774	625
MP|PP755590.1|A/cattle/Texas/24-008749-003/2024(H5N1)	775	619
MP|PP755590.1|A/cattle/Texas/24-008749-003/2024(H5N1)	776	621
MP|PP755590.1|A/cattle/Texas/24-008749-003/2024(H5N1)	777	631
MP|PP755590.1|A/cattle/Texas/24-008749-003/2024(H5N1)	778	632
MP|PP755590.1|A/cattle/Texas/24-008749-003/2024(H5N1)	779	632
MP|PP755590.1|A/cattle/Texas/24-008749-003/2024(H5N1)	780	629
MP|PP755590.1|A/cattle/Texas/24-008749-003/2024(H5N1)	781	658
MP|PP755590.1|A/cattle/Texas/24-008749-003/2024(H5N1)	782	658
MP|PP755590.1|A/cattle/Texas/24-008749-003/2024(H5N1)	783	660
MP|PP755590.1|A/cattle/Texas/24-008749-003/2024(H5N1)	784	669
MP|PP755590.1|A/cattle/Texas/24-008749-003/2024(H5N1)	785	672
MP|PP755590.1|A/cattle/Texas/24-008749-003/2024(H5N1)	786	684
MP|PP755590.1|A/cattle/Texas/24-008749-003/2024(H5N1)	787	682
MP|PP755590.1|A/cattle/Texas/24-008749-003/2024(H5N1)	788	674
MP|PP755590.1|A/cattle/Texas/24-008749-003/2024(H5N1)	789	657
MP|PP755590.1|A/cattle/Texas/24-008749-003/2024(H5N1)	790	657
MP|PP755590.1|A/cattle/Texas/24-008749-003/2024(H5N1)	791	677
MP|PP755590.1|A/cattle/Texas/24-008749-003/2024(H5N1)	792	675
MP|PP755590.1|A/cattle/Texas/24-008749-003/2024(H5N1)	793	665
MP|PP755590.1|A/cattle/Texas/24-008749-003/2024(H5N1)	794	678
MP|PP755590.1|A/cattle/Texas/24-008749-003/2024(H5N1)	795	686
MP|PP755590.1|A/cattle/Texas/24-008749-003/2024(H5N1)	796	684
MP|PP755590.1|A/cattle/Texas/24-008749-003/2024(H5N1)	797	679
MP|PP755590.1|A/cattle/Texas/24-008749-003/2024(H5N1)	798	682
MP|PP755590.1|A/cattle/Texas/24-008749-003/2024(H5N1)	799	685
MP|PP755590.1|A/cattle/Texas/24-008749-003/2024(H5N1)	800	677
MP|PP755590.1|A/cattle/Texas/24-008749-003/2024(H5N1)	801	680
MP|PP755590.1|A/cattle/Texas/24-008749-003/2024(H5N1)	802	676
MP|PP755590.1|A/cattle/Texas/24-008749-003/2024(H5N1)	803	684
MP|PP755590.1|A/cattle/Texas/24-008749-003/2024(H5N1)	804	672
MP|PP755590.1|A/cattle/Texas/24-008749-003/2024(H5N1)	805	667
MP|PP755590.1|A/cattle/Texas/24-008749-003/2024(H5N1)	806	664
MP|PP755590.1|A/cattle/Texas/24-008749-003/2024(H5N1)	807	655
MP|PP755590.1|A/cattle/Texas/24-008749-003/2024(H5N1)	808	659
MP|PP755590.1|A/cattle/Texas/24-008749-003/2024(H5N1)	809	658
MP|PP755590.1|A/cattle/Texas/24-008749-003/2024(H5N1)	810	650
MP|PP755590.1|A/cattle/Texas/24-008749-003/2024(H5N1)	811	651
MP|PP755590.1|A/cattle/Texas/24-008749-003/2024(H5N1)	812	648
MP|PP755590.1|A/cattle/Texas/24-008749-003/2024(H5N1)	813	648
MP|PP755590.1|A/cattle/Texas/24-008749-003/2024(H5N1)	814	647
MP|PP755590.1|A/cattle/Texas/24-008749-003/2024(H5N1)	815	631
MP|PP755590.1|A/cattle/Texas/24-008749-003/2024(H5N1)	816	631
MP|PP755590.1|A/cattle/Texas/24-008749-003/2024(H5N1)	817	624
MP|PP755590.1|A/cattle/Texas/24-008749-003/2024(H5N1)	818	626
MP|PP755590.1|A/cattle/Texas/24-008749-003/2024(H5N1)	819	630
MP|PP755590.1|A/cattle/Texas/24-008749-003/2024(H5N1)	820	630
MP|PP755590.1|A/cattle/Texas/24-008749-003/2024(H5N1)	821	625
MP|PP755590.1|A/cattle/Texas/24-008749-003/2024(H5N1)	822	624
MP|PP755590.1|A/cattle/Texas/24-008749-003/2024(H5N1)	823	602
MP|PP755590.1|A/cattle/Texas/24-008749-003/2024(H5N1)	824	647
MP|PP755590.1|A/cattle/Texas/24-008749-003/2024(H5N1)	825	641
MP|PP755590.1|A/cattle/Texas/24-008749-003/2024(H5N1)	826	641
MP|PP755590.1|A/cattle/Texas/24-008749-003/2024(H5N1)	827	642
MP|PP755590.1|A/cattle/Texas/24-008749-003/2024(H5N1)	828	635
MP|PP755590.1|A/cattle/Texas/24-008749-003/2024(H5N1)	829	645
MP|PP755590.1|A/cattle/Texas/24-008749-003/2024(H5N1)	830	646
MP|PP755590.1|A/cattle/Texas/24-008749-003/2024(H5N1)	831	647
MP|PP755590.1|A/cattle/Texas/24-008749-003/2024(H5N1)	832	639
MP|PP755590.1|A/cattle/Texas/24-008749-003/2024(H5N1)	833	630
MP|PP755590.1|A/cattle/Texas/24-008749-003/2024(H5N1)	834	624
MP|PP755590.1|A/cattle/Texas/24-008749-003/2024(H5N1)	835	625
MP|PP755590.1|A/cattle/Texas/24-008749-003/2024(H5N1)	836	624
MP|PP755590.1|A/cattle/Texas/24-008749-003/2024(H5N1)	837	624
MP|PP755590.1|A/cattle/Texas/24-008749-003/2024(H5N1)	838	615
MP|PP755590.1|A/cattle/Texas/24-008749-003/2024(H5N1)	839	615
MP|PP755590.1|A/cattle/Texas/24-008749-003/2024(H5N1)	840	613
MP|PP755590.1|A/cattle/Texas/24-008749-003/2024(H5N1)	841	614
MP|PP755590.1|A/cattle/Texas/24-008749-003/2024(H5N1)	842	615
MP|PP755590.1|A/cattle/Texas/24-008749-003/2024(H5N1)	843	615
MP|PP755590.1|A/cattle/Texas/24-008749-003/2024(H5N1)	844	616
MP|PP755590.1|A/cattle/Texas/24-008749-003/2024(H5N1)	845	611
MP|PP755590.1|A/cattle/Texas/24-008749-003/2024(H5N1)	846	603
MP|PP755590.1|A/cattle/Texas/24-008749-003/2024(H5N1)	847	607
MP|PP755590.1|A/cattle/Texas/24-008749-003/2024(H5N1)	848	606
MP|PP755590.1|A/cattle/Texas/24-008749-003/2024(H5N1)	849	606
MP|PP755590.1|A/cattle/Texas/24-008749-003/2024(H5N1)	850	608
MP|PP755590.1|A/cattle/Texas/24-008749-003/2024(H5N1)	851	652
MP|PP755590.1|A/cattle/Texas/24-008749-003/2024(H5N1)	852	657
MP|PP755590.1|A/cattle/Texas/24-008749-003/2024(H5N1)	853	665
MP|PP755590.1|A/cattle/Texas/24-008749-003/2024(H5N1)	854	665
MP|PP755590.1|A/cattle/Texas/24-008749-003/2024(H5N1)	855	665
MP|PP755590.1|A/cattle/Texas/24-008749-003/2024(H5N1)	856	670
MP|PP755590.1|A/cattle/Texas/24-008749-003/2024(H5N1)	857	670
MP|PP755590.1|A/cattle/Texas/24-008749-003/2024(H5N1)	858	664
MP|PP755590.1|A/cattle/Texas/24-008749-003/2024(H5N1)	859	656
MP|PP755590.1|A/cattle/Texas/24-008749-003/2024(H5N1)	860	643
MP|PP755590.1|A/cattle/Texas/24-008749-003/2024(H5N1)	861	651
MP|PP755590.1|A/cattle/Texas/24-008749-003/2024(H5N1)	862	646
MP|PP755590.1|A/cattle/Texas/24-008749-003/2024(H5N1)	863	646
MP|PP755590.1|A/cattle/Texas/24-008749-003/2024(H5N1)	864	646
MP|PP755590.1|A/cattle/Texas/24-008749-003/2024(H5N1)	865	643
MP|PP755590.1|A/cattle/Texas/24-008749-003/2024(H5N1)	866	643
MP|PP755590.1|A/cattle/Texas/24-008749-003/2024(H5N1)	867	642
MP|PP755590.1|A/cattle/Texas/24-008749-003/2024(H5N1)	868	642
MP|PP755590.1|A/cattle/Texas/24-008749-003/2024(H5N1)	869	639
MP|PP755590.1|A/cattle/Texas/24-008749-003/2024(H5N1)	870	630
MP|PP755590.1|A/cattle/Texas/24-008749-003/2024(H5N1)	871	613
MP|PP755590.1|A/cattle/Texas/24-008749-003/2024(H5N1)	872	613
MP|PP755590.1|A/cattle/Texas/24-008749-003/2024(H5N1)	873	614
MP|PP755590.1|A/cattle/Texas/24-008749-003/2024(H5N1)	874	613
MP|PP755590.1|A/cattle/Texas/24-008749-003/2024(H5N1)	875	610
MP|PP755590.1|A/cattle/Texas/24-008749-003/2024(H5N1)	876	594
MP|PP755590.1|A/cattle/Texas/24-008749-003/2024(H5N1)	877	592
MP|PP755590.1|A/cattle/Texas/24-008749-003/2024(H5N1)	878	592
MP|PP755590.1|A/cattle/Texas/24-008749-003/2024(H5N1)	879	585
MP|PP755590.1|A/cattle/Texas/24-008749-003/2024(H5N1)	880	583
MP|PP755590.1|A/cattle/Texas/24-008749-003/2024(H5N1)	881	583
MP|PP755590.1|A/cattle/Texas/24-008749-003/2024(H5N1)	882	582
MP|PP755590.1|A/cattle/Texas/24-008749-003/2024(H5N1)	883	576
MP|PP755590.1|A/cattle/Texas/24-008749-003/2024(H5N1)	884	574
MP|PP755590.1|A/cattle/Texas/24-008749-003/2024(H5N1)	885	564
MP|PP755590.1|A/cattle/Texas/24-008749-003/2024(H5N1)	886	563
MP|PP755590.1|A/cattle/Texas/24-008749-003/2024(H5N1)	887	558
MP|PP755590.1|A/cattle/Texas/24-008749-003/2024(H5N1)	888	562
MP|PP755590.1|A/cattle/Texas/24-008749-003/2024(H5N1)	889	562
MP|PP755590.1|A/cattle/Texas/24-008749-003/2024(H5N1)	890	557
MP|PP755590.1|A/cattle/Texas/24-008749-003/2024(H5N1)	891	553
MP|PP755590.1|A/cattle/Texas/24-008749-003/2024(H5N1)	892	557
MP|PP755590.1|A/cattle/Texas/24-008749-003/2024(H5N1)	893	556
MP|PP755590.1|A/cattle/Texas/24-008749-003/2024(H5N1)	894	555
MP|PP755590.1|A/cattle/Texas/24-008749-003/2024(H5N1)	895	550
MP|PP755590.1|A/cattle/Texas/24-008749-003/2024(H5N1)	896	550
MP|PP755590.1|A/cattle/Texas/24-008749-003/2024(H5N1)	897	517
MP|PP755590.1|A/cattle/Texas/24-008749-003/2024(H5N1)	898	518
MP|PP755590.1|A/cattle/Texas/24-008749-003/2024(H5N1)	899	498
MP|PP755590.1|A/cattle/Texas/24-008749-003/2024(H5N1)	900	493
MP|PP755590.1|A/cattle/Texas/24-008749-003/2024(H5N1)	901	484
MP|PP755590.1|A/cattle/Texas/24-008749-003/2024(H5N1)	902	483
MP|PP755590.1|A/cattle/Texas/24-008749-003/2024(H5N1)	903	483
MP|PP755590.1|A/cattle/Texas/24-008749-003/2024(H5N1)	904	476
MP|PP755590.1|A/cattle/Texas/24-008749-003/2024(H5N1)	905	471
MP|PP755590.1|A/cattle/Texas/24-008749-003/2024(H5N1)	906	471
MP|PP755590.1|A/cattle/Texas/24-008749-003/2024(H5N1)	907	452
MP|PP755590.1|A/cattle/Texas/24-008749-003/2024(H5N1)	908	452
MP|PP755590.1|A/cattle/Texas/24-008749-003/2024(H5N1)	909	452
MP|PP755590.1|A/cattle/Texas/24-008749-003/2024(H5N1)	910	442
MP|PP755590.1|A/cattle/Texas/24-008749-003/2024(H5N1)	911	442
MP|PP755590.1|A/cattle/Texas/24-008749-003/2024(H5N1)	912	435
MP|PP755590.1|A/cattle/Texas/24-008749-003/2024(H5N1)	913	435
MP|PP755590.1|A/cattle/Texas/24-008749-003/2024(H5N1)	914	427
MP|PP755590.1|A/cattle/Texas/24-008749-003/2024(H5N1)	915	420
MP|PP755590.1|A/cattle/Texas/24-008749-003/2024(H5N1)	916	418
MP|PP755590.1|A/cattle/Texas/24-008749-003/2024(H5N1)	917	409
MP|PP755590.1|A/cattle/Texas/24-008749-003/2024(H5N1)	918	408
MP|PP755590.1|A/cattle/Texas/24-008749-003/2024(H5N1)	919	407
MP|PP755590.1|A/cattle/Texas/24-008749-003/2024(H5N1)	920	403
MP|PP755590.1|A/cattle/Texas/24-008749-003/2024(H5N1)	921	401
MP|PP755590.1|A/cattle/Texas/24-008749-003/2024(H5N1)	922	397
MP|PP755590.1|A/cattle/Texas/24-008749-003/2024(H5N1)	923	398
MP|PP755590.1|A/cattle/Texas/24-008749-003/2024(H5N1)	924	398
MP|PP755590.1|A/cattle/Texas/24-008749-003/2024(H5N1)	925	398
MP|PP755590.1|A/cattle/Texas/24-008749-003/2024(H5N1)	926	398
MP|PP755590.1|A/cattle/Texas/24-008749-003/2024(H5N1)	927	386
MP|PP755590.1|A/cattle/Texas/24-008749-003/2024(H5N1)	928	386
MP|PP755590.1|A/cattle/Texas/24-008749-003/2024(H5N1)	929	385
MP|PP755590.1|A/cattle/Texas/24-008749-003/2024(H5N1)	930	385
MP|PP755590.1|A/cattle/Texas/24-008749-003/2024(H5N1)	931	381
MP|PP755590.1|A/cattle/Texas/24-008749-003/2024(H5N1)	932	346
MP|PP755590.1|A/cattle/Texas/24-008749-003/2024(H5N1)	933	348
MP|PP755590.1|A/cattle/Texas/24-008749-003/2024(H5N1)	934	347
MP|PP755590.1|A/cattle/Texas/24-008749-003/2024(H5N1)	935	338
MP|PP755590.1|A/cattle/Texas/24-008749-003/2024(H5N1)	936	337
MP|PP755590.1|A/cattle/Texas/24-008749-003/2024(H5N1)	937	318
MP|PP755590.1|A/cattle/Texas/24-008749-003/2024(H5N1)	938	318
MP|PP755590.1|A/cattle/Texas/24-008749-003/2024(H5N1)	939	318
MP|PP755590.1|A/cattle/Texas/24-008749-003/2024(H5N1)	940	318
MP|PP755590.1|A/cattle/Texas/24-008749-003/2024(H5N1)	941	318
MP|PP755590.1|A/cattle/Texas/24-008749-003/2024(H5N1)	942	286
MP|PP755590.1|A/cattle/Texas/24-008749-003/2024(H5N1)	943	284
MP|PP755590.1|A/cattle/Texas/24-008749-003/2024(H5N1)	944	275
MP|PP755590.1|A/cattle/Texas/24-008749-003/2024(H5N1)	945	258
MP|PP755590.1|A/cattle/Texas/24-008749-003/2024(H5N1)	946	249
MP|PP755590.1|A/cattle/Texas/24-008749-003/2024(H5N1)	947	249
MP|PP755590.1|A/cattle/Texas/24-008749-003/2024(H5N1)	948	249
MP|PP755590.1|A/cattle/Texas/24-008749-003/2024(H5N1)	949	245
MP|PP755590.1|A/cattle/Texas/24-008749-003/2024(H5N1)	950	241
MP|PP755590.1|A/cattle/Texas/24-008749-003/2024(H5N1)	951	240
MP|PP755590.1|A/cattle/Texas/24-008749-003/2024(H5N1)	952	236
MP|PP755590.1|A/cattle/Texas/24-008749-003/2024(H5N1)	953	230
MP|PP755590.1|A/cattle/Texas/24-008749-003/2024(H5N1)	954	228
MP|PP755590.1|A/cattle/Texas/24-008749-003/2024(H5N1)	955	227
MP|PP755590.1|A/cattle/Texas/24-008749-003/2024(H5N1)	956	226
MP|PP755590.1|A/cattle/Texas/24-008749-003/2024(H5N1)	957	226
MP|PP755590.1|A/cattle/Texas/24-008749-003/2024(H5N1)	958	225
MP|PP755590.1|A/cattle/Texas/24-008749-003/2024(H5N1)	959	224
MP|PP755590.1|A/cattle/Texas/24-008749-003/2024(H5N1)	960	224
MP|PP755590.1|A/cattle/Texas/24-008749-003/2024(H5N1)	961	220
MP|PP755590.1|A/cattle/Texas/24-008749-003/2024(H5N1)	962	218
MP|PP755590.1|A/cattle/Texas/24-008749-003/2024(H5N1)	963	214
MP|PP755590.1|A/cattle/Texas/24-008749-003/2024(H5N1)	964	214
MP|PP755590.1|A/cattle/Texas/24-008749-003/2024(H5N1)	965	213
MP|PP755590.1|A/cattle/Texas/24-008749-003/2024(H5N1)	966	212
MP|PP755590.1|A/cattle/Texas/24-008749-003/2024(H5N1)	967	212
MP|PP755590.1|A/cattle/Texas/24-008749-003/2024(H5N1)	968	211
MP|PP755590.1|A/cattle/Texas/24-008749-003/2024(H5N1)	969	211
MP|PP755590.1|A/cattle/Texas/24-008749-003/2024(H5N1)	970	204
MP|PP755590.1|A/cattle/Texas/24-008749-003/2024(H5N1)	971	204
MP|PP755590.1|A/cattle/Texas/24-008749-003/2024(H5N1)	972	204
MP|PP755590.1|A/cattle/Texas/24-008749-003/2024(H5N1)	973	204
MP|PP755590.1|A/cattle/Texas/24-008749-003/2024(H5N1)	974	202
MP|PP755590.1|A/cattle/Texas/24-008749-003/2024(H5N1)	975	149
MP|PP755590.1|A/cattle/Texas/24-008749-003/2024(H5N1)	976	147
MP|PP755590.1|A/cattle/Texas/24-008749-003/2024(H5N1)	977	147
MP|PP755590.1|A/cattle/Texas/24-008749-003/2024(H5N1)	978	146
MP|PP755590.1|A/cattle/Texas/24-008749-003/2024(H5N1)	979	146
MP|PP755590.1|A/cattle/Texas/24-008749-003/2024(H5N1)	980	132
MP|PP755590.1|A/cattle/Texas/24-008749-003/2024(H5N1)	981	131
MP|PP755590.1|A/cattle/Texas/24-008749-003/2024(H5N1)	982	130
