PB2|PP755596.1|A/cattle/Texas/24-008749-003/2024(H5N1)	1	425
PB2|PP755596.1|A/cattle/Texas/24-008749-003/2024(H5N1)	2	428
PB2|PP755596.1|A/cattle/Texas/24-008749-003/2024(H5N1)	3	440
PB2|PP755596.1|A/cattle/Texas/24-008749-003/2024(H5N1)	4	442
PB2|PP755596.1|A/cattle/Texas/24-008749-003/2024(H5N1)	5	452
PB2|PP755596.1|A/cattle/Texas/24-008749-003/2024(H5N1)	6	458
PB2|PP755596.1|A/cattle/Texas/24-008749-003/2024(H5N1)	7	463
PB2|PP755596.1|A/cattle/Texas/24-008749-003/2024(H5N1)	8	526
PB2|PP755596.1|A/cattle/Texas/24-008749-003/2024(H5N1)	9	527
PB2|PP755596.1|A/cattle/Texas/24-008749-003/2024(H5N1)	10	530
PB2|PP755596.1|A/cattle/Texas/24-008749-003/2024(H5N1)	11	537
PB2|PP755596.1|A/cattle/Texas/24-008749-003/2024(H5N1)	12	539
PB2|PP755596.1|A/cattle/Texas/24-008749-003/2024(H5N1)	13	541
PB2|PP755596.1|A/cattle/Texas/24-008749-003/2024(H5N1)	14	541
PB2|PP755596.1|A/cattle/Texas/24-008749-003/2024(H5N1)	15	541
PB2|PP755596.1|A/cattle/Texas/24-008749-003/2024(H5N1)	16	552
PB2|PP755596.1|A/cattle/Texas/24-008749-003/2024(H5N1)	17	557
PB2|PP755596.1|A/cattle/Texas/24-008749-003/2024(H5N1)	18	557
PB2|PP755596.1|A/cattle/Texas/24-008749-003/2024(H5N1)	19	563
PB2|PP755596.1|A/cattle/Texas/24-008749-003/2024(H5N1)	20	564
PB2|PP755596.1|A/cattle/Texas/24-008749-003/2024(H5N1)	21	568
PB2|PP755596.1|A/cattle/Texas/24-008749-003/2024(H5N1)	22	569
PB2|PP755596.1|A/cattle/Texas/24-008749-003/2024(H5N1)	23	571
PB2|PP755596.1|A/cattle/Texas/24-008749-003/2024(H5N1)	24	577
PB2|PP755596.1|A/cattle/Texas/24-008749-003/2024(H5N1)	25	608
PB2|PP755596.1|A/cattle/Texas/24-008749-003/2024(H5N1)	26	624
PB2|PP755596.1|A/cattle/Texas/24-008749-003/2024(H5N1)	27	630
PB2|PP755596.1|A/cattle/Texas/24-008749-003/2024(H5N1)	28	631
PB2|PP755596.1|A/cattle/Texas/24-008749-003/2024(H5N1)	29	635
PB2|PP755596.1|A/cattle/Texas/24-008749-003/2024(H5N1)	30	639
PB2|PP755596.1|A/cattle/Texas/24-008749-003/2024(H5N1)	31	653
PB2|PP755596.1|A/cattle/Texas/24-008749-003/2024(H5N1)	32	655
PB2|PP755596.1|A/cattle/Texas/24-008749-003/2024(H5N1)	33	658
PB2|PP755596.1|A/cattle/Texas/24-008749-003/2024(H5N1)	34	668
PB2|PP755596.1|A/cattle/Texas/24-008749-003/2024(H5N1)	35	673
PB2|PP755596.1|A/cattle/Texas/24-008749-003/2024(H5N1)	36	673
PB2|PP755596.1|A/cattle/Texas/24-008749-003/2024(H5N1)	37	676
PB2|PP755596.1|A/cattle/Texas/24-008749-003/2024(H5N1)	38	676
PB2|PP755596.1|A/cattle/Texas/24-008749-003/2024(H5N1)	39	704
PB2|PP755596.1|A/cattle/Texas/24-008749-003/2024(H5N1)	40	711
PB2|PP755596.1|A/cattle/Texas/24-008749-003/2024(H5N1)	41	712
PB2|PP755596.1|A/cattle/Texas/24-008749-003/2024(H5N1)	42	712
PB2|PP755596.1|A/cattle/Texas/24-008749-003/2024(H5N1)	43	712
PB2|PP755596.1|A/cattle/Texas/24-008749-003/2024(H5N1)	44	714
PB2|PP755596.1|A/cattle/Texas/24-008749-003/2024(H5N1)	45	715
PB2|PP755596.1|A/cattle/Texas/24-008749-003/2024(H5N1)	46	715
PB2|PP755596.1|A/cattle/Texas/24-008749-003/2024(H5N1)	47	720
PB2|PP755596.1|A/cattle/Texas/24-008749-003/2024(H5N1)	48	710
PB2|PP755596.1|A/cattle/Texas/24-008749-003/2024(H5N1)	49	729
PB2|PP755596.1|A/cattle/Texas/24-008749-003/2024(H5N1)	50	731
PB2|PP755596.1|A/cattle/Texas/24-008749-003/2024(H5N1)	51	739
PB2|PP755596.1|A/cattle/Texas/24-008749-003/2024(H5N1)	52	739
PB2|PP755596.1|A/cattle/Texas/24-008749-003/2024(H5N1)	53	738
PB2|PP755596.1|A/cattle/Texas/24-008749-003/2024(H5N1)	54	754
PB2|PP755596.1|A/cattle/Texas/24-008749-003/2024(H5N1)	55	794
PB2|PP755596.1|A/cattle/Texas/24-008749-003/2024(H5N1)	56	803
PB2|PP755596.1|A/cattle/Texas/24-008749-003/2024(H5N1)	57	805
PB2|PP755596.1|A/cattle/Texas/24-008749-003/2024(H5N1)	58	789
PB2|PP755596.1|A/cattle/Texas/24-008749-003/2024(H5N1)	59	789
PB2|PP755596.1|A/cattle/Texas/24-008749-003/2024(H5N1)	60	797
PB2|PP755596.1|A/cattle/Texas/24-008749-003/2024(H5N1)	61	785
PB2|PP755596.1|A/cattle/Texas/24-008749-003/2024(H5N1)	62	789
PB2|PP755596.1|A/cattle/Texas/24-008749-003/2024(H5N1)	63	788
PB2|PP755596.1|A/cattle/Texas/24-008749-003/2024(H5N1)	64	785
PB2|PP755596.1|A/cattle/Texas/24-008749-003/2024(H5N1)	65	784
PB2|PP755596.1|A/cattle/Texas/24-008749-003/2024(H5N1)	66	790
PB2|PP755596.1|A/cattle/Texas/24-008749-003/2024(H5N1)	67	801
PB2|PP755596.1|A/cattle/Texas/24-008749-003/2024(H5N1)	68	818
PB2|PP755596.1|A/cattle/Texas/24-008749-003/2024(H5N1)	69	815
PB2|PP755596.1|A/cattle/Texas/24-008749-003/2024(H5N1)	70	813
PB2|PP755596.1|A/cattle/Texas/24-008749-003/2024(H5N1)	71	827
PB2|PP755596.1|A/cattle/Texas/24-008749-003/2024(H5N1)	72	835
PB2|PP755596.1|A/cattle/Texas/24-008749-003/2024(H5N1)	73	855
PB2|PP755596.1|A/cattle/Texas/24-008749-003/2024(H5N1)	74	860
PB2|PP755596.1|A/cattle/Texas/24-008749-003/2024(H5N1)	75	858
PB2|PP755596.1|A/cattle/Texas/24-008749-003/2024(H5N1)	76	858
PB2|PP755596.1|A/cattle/Texas/24-008749-003/2024(H5N1)	77	815
PB2|PP755596.1|A/cattle/Texas/24-008749-003/2024(H5N1)	78	827
PB2|PP755596.1|A/cattle/Texas/24-008749-003/2024(H5N1)	79	847
PB2|PP755596.1|A/cattle/Texas/24-008749-003/2024(H5N1)	80	841
PB2|PP755596.1|A/cattle/Texas/24-008749-003/2024(H5N1)	81	840
PB2|PP755596.1|A/cattle/Texas/24-008749-003/2024(H5N1)	82	838
PB2|PP755596.1|A/cattle/Texas/24-008749-003/2024(H5N1)	83	842
PB2|PP755596.1|A/cattle/Texas/24-008749-003/2024(H5N1)	84	845
PB2|PP755596.1|A/cattle/Texas/24-008749-003/2024(H5N1)	85	856
PB2|PP755596.1|A/cattle/Texas/24-008749-003/2024(H5N1)	86	836
PB2|PP755596.1|A/cattle/Texas/24-008749-003/2024(H5N1)	87	844
PB2|PP755596.1|A/cattle/Texas/24-008749-003/2024(H5N1)	88	844
PB2|PP755596.1|A/cattle/Texas/24-008749-003/2024(H5N1)	89	856
PB2|PP755596.1|A/cattle/Texas/24-008749-003/2024(H5N1)	90	842
PB2|PP755596.1|A/cattle/Texas/24-008749-003/2024(H5N1)	91	837
PB2|PP755596.1|A/cattle/Texas/24-008749-003/2024(H5N1)	92	842
PB2|PP755596.1|A/cattle/Texas/24-008749-003/2024(H5N1)	93	844
PB2|PP755596.1|A/cattle/Texas/24-008749-003/2024(H5N1)	94	838
PB2|PP755596.1|A/cattle/Texas/24-008749-003/2024(H5N1)	95	838
PB2|PP755596.1|A/cattle/Texas/24-008749-003/2024(H5N1)	96	846
PB2|PP755596.1|A/cattle/Texas/24-008749-003/2024(H5N1)	97	858
PB2|PP755596.1|A/cattle/Texas/24-008749-003/2024(H5N1)	98	857
PB2|PP755596.1|A/cattle/Texas/24-008749-003/2024(H5N1)	99	874
PB2|PP755596.1|A/cattle/Texas/24-008749-003/2024(H5N1)	100	875
PB2|PP755596.1|A/cattle/Texas/24-008749-003/2024(H5N1)	101	874
PB2|PP755596.1|A/cattle/Texas/24-008749-003/2024(H5N1)	102	879
PB2|PP755596.1|A/cattle/Texas/24-008749-003/2024(H5N1)	103	884
PB2|PP755596.1|A/cattle/Texas/24-008749-003/2024(H5N1)	104	900
PB2|PP755596.1|A/cattle/Texas/24-008749-003/2024(H5N1)	105	885
PB2|PP755596.1|A/cattle/Texas/24-008749-003/2024(H5N1)	106	884
PB2|PP755596.1|A/cattle/Texas/24-008749-003/2024(H5N1)	107	888
PB2|PP755596.1|A/cattle/Texas/24-008749-003/2024(H5N1)	108	874
PB2|PP755596.1|A/cattle/Texas/24-008749-003/2024(H5N1)	109	874
PB2|PP755596.1|A/cattle/Texas/24-008749-003/2024(H5N1)	110	880
PB2|PP755596.1|A/cattle/Texas/24-008749-003/2024(H5N1)	111	883
PB2|PP755596.1|A/cattle/Texas/24-008749-003/2024(H5N1)	112	882
PB2|PP755596.1|A/cattle/Texas/24-008749-003/2024(H5N1)	113	895
PB2|PP755596.1|A/cattle/Texas/24-008749-003/2024(H5N1)	114	893
PB2|PP755596.1|A/cattle/Texas/24-008749-003/2024(H5N1)	115	899
PB2|PP755596.1|A/cattle/Texas/24-008749-003/2024(H5N1)	116	899
PB2|PP755596.1|A/cattle/Texas/24-008749-003/2024(H5N1)	117	902
PB2|PP755596.1|A/cattle/Texas/24-008749-003/2024(H5N1)	118	932
PB2|PP755596.1|A/cattle/Texas/24-008749-003/2024(H5N1)	119	943
PB2|PP755596.1|A/cattle/Texas/24-008749-003/2024(H5N1)	120	938
PB2|PP755596.1|A/cattle/Texas/24-008749-003/2024(H5N1)	121	947
PB2|PP755596.1|A/cattle/Texas/24-008749-003/2024(H5N1)	122	942
PB2|PP755596.1|A/cattle/Texas/24-008749-003/2024(H5N1)	123	945
PB2|PP755596.1|A/cattle/Texas/24-008749-003/2024(H5N1)	124	872
PB2|PP755596.1|A/cattle/Texas/24-008749-003/2024(H5N1)	125	863
PB2|PP755596.1|A/cattle/Texas/24-008749-003/2024(H5N1)	126	826
PB2|PP755596.1|A/cattle/Texas/24-008749-003/2024(H5N1)	127	814
PB2|PP755596.1|A/cattle/Texas/24-008749-003/2024(H5N1)	128	817
PB2|PP755596.1|A/cattle/Texas/24-008749-003/2024(H5N1)	129	837
PB2|PP755596.1|A/cattle/Texas/24-008749-003/2024(H5N1)	130	839
PB2|PP755596.1|A/cattle/Texas/24-008749-003/2024(H5N1)	131	841
PB2|PP755596.1|A/cattle/Texas/24-008749-003/2024(H5N1)	132	843
PB2|PP755596.1|A/cattle/Texas/24-008749-003/2024(H5N1)	133	821
PB2|PP755596.1|A/cattle/Texas/24-008749-003/2024(H5N1)	134	815
PB2|PP755596.1|A/cattle/Texas/24-008749-003/2024(H5N1)	135	766
PB2|PP755596.1|A/cattle/Texas/24-008749-003/2024(H5N1)	136	764
PB2|PP755596.1|A/cattle/Texas/24-008749-003/2024(H5N1)	137	773
PB2|PP755596.1|A/cattle/Texas/24-008749-003/2024(H5N1)	138	788
PB2|PP755596.1|A/cattle/Texas/24-008749-003/2024(H5N1)	139	792
PB2|PP755596.1|A/cattle/Texas/24-008749-003/2024(H5N1)	140	782
PB2|PP755596.1|A/cattle/Texas/24-008749-003/2024(H5N1)	141	791
PB2|PP755596.1|A/cattle/Texas/24-008749-003/2024(H5N1)	142	787
PB2|PP755596.1|A/cattle/Texas/24-008749-003/2024(H5N1)	143	783
PB2|PP755596.1|A/cattle/Texas/24-008749-003/2024(H5N1)	144	782
PB2|PP755596.1|A/cattle/Texas/24-008749-003/2024(H5N1)	145	773
PB2|PP755596.1|A/cattle/Texas/24-008749-003/2024(H5N1)	146	765
PB2|PP755596.1|A/cattle/Texas/24-008749-003/2024(H5N1)	147	768
PB2|PP755596.1|A/cattle/Texas/24-008749-003/2024(H5N1)	148	764
PB2|PP755596.1|A/cattle/Texas/24-008749-003/2024(H5N1)	149	762
PB2|PP755596.1|A/cattle/Texas/24-008749-003/2024(H5N1)	150	756
PB2|PP755596.1|A/cattle/Texas/24-008749-003/2024(H5N1)	151	759
PB2|PP755596.1|A/cattle/Texas/24-008749-003/2024(H5N1)	152	767
PB2|PP755596.1|A/cattle/Texas/24-008749-003/2024(H5N1)	153	767
PB2|PP755596.1|A/cattle/Texas/24-008749-003/2024(H5N1)	154	761
PB2|PP755596.1|A/cattle/Texas/24-008749-003/2024(H5N1)	155	777
PB2|PP755596.1|A/cattle/Texas/24-008749-003/2024(H5N1)	156	771
PB2|PP755596.1|A/cattle/Texas/24-008749-003/2024(H5N1)	157	774
PB2|PP755596.1|A/cattle/Texas/24-008749-003/2024(H5N1)	158	775
PB2|PP755596.1|A/cattle/Texas/24-008749-003/2024(H5N1)	159	763
PB2|PP755596.1|A/cattle/Texas/24-008749-003/2024(H5N1)	160	767
PB2|PP755596.1|A/cattle/Texas/24-008749-003/2024(H5N1)	161	771
PB2|PP755596.1|A/cattle/Texas/24-008749-003/2024(H5N1)	162	770
PB2|PP755596.1|A/cattle/Texas/24-008749-003/2024(H5N1)	163	773
PB2|PP755596.1|A/cattle/Texas/24-008749-003/2024(H5N1)	164	774
PB2|PP755596.1|A/cattle/Texas/24-008749-003/2024(H5N1)	165	775
PB2|PP755596.1|A/cattle/Texas/24-008749-003/2024(H5N1)	166	774
PB2|PP755596.1|A/cattle/Texas/24-008749-003/2024(H5N1)	167	777
PB2|PP755596.1|A/cattle/Texas/24-008749-003/2024(H5N1)	168	776
PB2|PP755596.1|A/cattle/Texas/24-008749-003/2024(H5N1)	169	776
PB2|PP755596.1|A/cattle/Texas/24-008749-003/2024(H5N1)	170	775
PB2|PP755596.1|A/cattle/Texas/24-008749-003/2024(H5N1)	171	772
PB2|PP755596.1|A/cattle/Texas/24-008749-003/2024(H5N1)	172	766
PB2|PP755596.1|A/cattle/Texas/24-008749-003/2024(H5N1)	173	787
PB2|PP755596.1|A/cattle/Texas/24-008749-003/2024(H5N1)	174	783
PB2|PP755596.1|A/cattle/Texas/24-008749-003/2024(H5N1)	175	798
PB2|PP755596.1|A/cattle/Texas/24-008749-003/2024(H5N1)	176	802
PB2|PP755596.1|A/cattle/Texas/24-008749-003/2024(H5N1)	177	800
PB2|PP755596.1|A/cattle/Texas/24-008749-003/2024(H5N1)	178	801
PB2|PP755596.1|A/cattle/Texas/24-008749-003/2024(H5N1)	179	808
PB2|PP755596.1|A/cattle/Texas/24-008749-003/2024(H5N1)	180	815
PB2|PP755596.1|A/cattle/Texas/24-008749-003/2024(H5N1)	181	814
PB2|PP755596.1|A/cattle/Texas/24-008749-003/2024(H5N1)	182	798
PB2|PP755596.1|A/cattle/Texas/24-008749-003/2024(H5N1)	183	799
PB2|PP755596.1|A/cattle/Texas/24-008749-003/2024(H5N1)	184	802
PB2|PP755596.1|A/cattle/Texas/24-008749-003/2024(H5N1)	185	805
PB2|PP755596.1|A/cattle/Texas/24-008749-003/2024(H5N1)	186	816
PB2|PP755596.1|A/cattle/Texas/24-008749-003/2024(H5N1)	187	816
PB2|PP755596.1|A/cattle/Texas/24-008749-003/2024(H5N1)	188	817
PB2|PP755596.1|A/cattle/Texas/24-008749-003/2024(H5N1)	189	762
PB2|PP755596.1|A/cattle/Texas/24-008749-003/2024(H5N1)	190	775
PB2|PP755596.1|A/cattle/Texas/24-008749-003/2024(H5N1)	191	774
PB2|PP755596.1|A/cattle/Texas/24-008749-003/2024(H5N1)	192	775
PB2|PP755596.1|A/cattle/Texas/24-008749-003/2024(H5N1)	193	776
PB2|PP755596.1|A/cattle/Texas/24-008749-003/2024(H5N1)	194	775
PB2|PP755596.1|A/cattle/Texas/24-008749-003/2024(H5N1)	195	778
PB2|PP755596.1|A/cattle/Texas/24-008749-003/2024(H5N1)	196	778
PB2|PP755596.1|A/cattle/Texas/24-008749-003/2024(H5N1)	197	784
PB2|PP755596.1|A/cattle/Texas/24-008749-003/2024(H5N1)	198	783
PB2|PP755596.1|A/cattle/Texas/24-008749-003/2024(H5N1)	199	784
PB2|PP755596.1|A/cattle/Texas/24-008749-003/2024(H5N1)	200	789
PB2|PP755596.1|A/cattle/Texas/24-008749-003/2024(H5N1)	201	786
PB2|PP755596.1|A/cattle/Texas/24-008749-003/2024(H5N1)	202	796
PB2|PP755596.1|A/cattle/Texas/24-008749-003/2024(H5N1)	203	778
PB2|PP755596.1|A/cattle/Texas/24-008749-003/2024(H5N1)	204	778
PB2|PP755596.1|A/cattle/Texas/24-008749-003/2024(H5N1)	205	770
PB2|PP755596.1|A/cattle/Texas/24-008749-003/2024(H5N1)	206	758
PB2|PP755596.1|A/cattle/Texas/24-008749-003/2024(H5N1)	207	750
PB2|PP755596.1|A/cattle/Texas/24-008749-003/2024(H5N1)	208	749
PB2|PP755596.1|A/cattle/Texas/24-008749-003/2024(H5N1)	209	751
PB2|PP755596.1|A/cattle/Texas/24-008749-003/2024(H5N1)	210	760
PB2|PP755596.1|A/cattle/Texas/24-008749-003/2024(H5N1)	211	756
PB2|PP755596.1|A/cattle/Texas/24-008749-003/2024(H5N1)	212	752
PB2|PP755596.1|A/cattle/Texas/24-008749-003/2024(H5N1)	213	753
PB2|PP755596.1|A/cattle/Texas/24-008749-003/2024(H5N1)	214	759
PB2|PP755596.1|A/cattle/Texas/24-008749-003/2024(H5N1)	215	760
PB2|PP755596.1|A/cattle/Texas/24-008749-003/2024(H5N1)	216	759
PB2|PP755596.1|A/cattle/Texas/24-008749-003/2024(H5N1)	217	756
PB2|PP755596.1|A/cattle/Texas/24-008749-003/2024(H5N1)	218	748
PB2|PP755596.1|A/cattle/Texas/24-008749-003/2024(H5N1)	219	731
PB2|PP755596.1|A/cattle/Texas/24-008749-003/2024(H5N1)	220	737
PB2|PP755596.1|A/cattle/Texas/24-008749-003/2024(H5N1)	221	747
PB2|PP755596.1|A/cattle/Texas/24-008749-003/2024(H5N1)	222	737
PB2|PP755596.1|A/cattle/Texas/24-008749-003/2024(H5N1)	223	707
PB2|PP755596.1|A/cattle/Texas/24-008749-003/2024(H5N1)	224	697
PB2|PP755596.1|A/cattle/Texas/24-008749-003/2024(H5N1)	225	697
PB2|PP755596.1|A/cattle/Texas/24-008749-003/2024(H5N1)	226	706
PB2|PP755596.1|A/cattle/Texas/24-008749-003/2024(H5N1)	227	708
PB2|PP755596.1|A/cattle/Texas/24-008749-003/2024(H5N1)	228	702
PB2|PP755596.1|A/cattle/Texas/24-008749-003/2024(H5N1)	229	700
PB2|PP755596.1|A/cattle/Texas/24-008749-003/2024(H5N1)	230	675
PB2|PP755596.1|A/cattle/Texas/24-008749-003/2024(H5N1)	231	676
PB2|PP755596.1|A/cattle/Texas/24-008749-003/2024(H5N1)	232	676
PB2|PP755596.1|A/cattle/Texas/24-008749-003/2024(H5N1)	233	676
PB2|PP755596.1|A/cattle/Texas/24-008749-003/2024(H5N1)	234	600
PB2|PP755596.1|A/cattle/Texas/24-008749-003/2024(H5N1)	235	594
PB2|PP755596.1|A/cattle/Texas/24-008749-003/2024(H5N1)	236	585
PB2|PP755596.1|A/cattle/Texas/24-008749-003/2024(H5N1)	237	586
PB2|PP755596.1|A/cattle/Texas/24-008749-003/2024(H5N1)	238	572
PB2|PP755596.1|A/cattle/Texas/24-008749-003/2024(H5N1)	239	581
PB2|PP755596.1|A/cattle/Texas/24-008749-003/2024(H5N1)	240	575
PB2|PP755596.1|A/cattle/Texas/24-008749-003/2024(H5N1)	241	575
PB2|PP755596.1|A/cattle/Texas/24-008749-003/2024(H5N1)	242	568
PB2|PP755596.1|A/cattle/Texas/24-008749-003/2024(H5N1)	243	559
PB2|PP755596.1|A/cattle/Texas/24-008749-003/2024(H5N1)	244	562
PB2|PP755596.1|A/cattle/Texas/24-008749-003/2024(H5N1)	245	577
PB2|PP755596.1|A/cattle/Texas/24-008749-003/2024(H5N1)	246	576
PB2|PP755596.1|A/cattle/Texas/24-008749-003/2024(H5N1)	247	570
PB2|PP755596.1|A/cattle/Texas/24-008749-003/2024(H5N1)	248	555
PB2|PP755596.1|A/cattle/Texas/24-008749-003/2024(H5N1)	249	559
PB2|PP755596.1|A/cattle/Texas/24-008749-003/2024(H5N1)	250	551
PB2|PP755596.1|A/cattle/Texas/24-008749-003/2024(H5N1)	251	582
PB2|PP755596.1|A/cattle/Texas/24-008749-003/2024(H5N1)	252	564
PB2|PP755596.1|A/cattle/Texas/24-008749-003/2024(H5N1)	253	572
PB2|PP755596.1|A/cattle/Texas/24-008749-003/2024(H5N1)	254	572
PB2|PP755596.1|A/cattle/Texas/24-008749-003/2024(H5N1)	255	571
PB2|PP755596.1|A/cattle/Texas/24-008749-003/2024(H5N1)	256	571
PB2|PP755596.1|A/cattle/Texas/24-008749-003/2024(H5N1)	257	567
PB2|PP755596.1|A/cattle/Texas/24-008749-003/2024(H5N1)	258	562
PB2|PP755596.1|A/cattle/Texas/24-008749-003/2024(H5N1)	259	566
PB2|PP755596.1|A/cattle/Texas/24-008749-003/2024(H5N1)	260	570
PB2|PP755596.1|A/cattle/Texas/24-008749-003/2024(H5N1)	261	560
PB2|PP755596.1|A/cattle/Texas/24-008749-003/2024(H5N1)	262	551
PB2|PP755596.1|A/cattle/Texas/24-008749-003/2024(H5N1)	263	553
PB2|PP755596.1|A/cattle/Texas/24-008749-003/2024(H5N1)	264	548
PB2|PP755596.1|A/cattle/Texas/24-008749-003/2024(H5N1)	265	549
PB2|PP755596.1|A/cattle/Texas/24-008749-003/2024(H5N1)	266	547
PB2|PP755596.1|A/cattle/Texas/24-008749-003/2024(H5N1)	267	548
PB2|PP755596.1|A/cattle/Texas/24-008749-003/2024(H5N1)	268	539
PB2|PP755596.1|A/cattle/Texas/24-008749-003/2024(H5N1)	269	528
PB2|PP755596.1|A/cattle/Texas/24-008749-003/2024(H5N1)	270	532
PB2|PP755596.1|A/cattle/Texas/24-008749-003/2024(H5N1)	271	537
PB2|PP755596.1|A/cattle/Texas/24-008749-003/2024(H5N1)	272	535
PB2|PP755596.1|A/cattle/Texas/24-008749-003/2024(H5N1)	273	534
PB2|PP755596.1|A/cattle/Texas/24-008749-003/2024(H5N1)	274	532
PB2|PP755596.1|A/cattle/Texas/24-008749-003/2024(H5N1)	275	522
PB2|PP755596.1|A/cattle/Texas/24-008749-003/2024(H5N1)	276	522
PB2|PP755596.1|A/cattle/Texas/24-008749-003/2024(H5N1)	277	544
PB2|PP755596.1|A/cattle/Texas/24-008749-003/2024(H5N1)	278	544
PB2|PP755596.1|A/cattle/Texas/24-008749-003/2024(H5N1)	279	543
PB2|PP755596.1|A/cattle/Texas/24-008749-003/2024(H5N1)	280	519
PB2|PP755596.1|A/cattle/Texas/24-008749-003/2024(H5N1)	281	515
PB2|PP755596.1|A/cattle/Texas/24-008749-003/2024(H5N1)	282	524
PB2|PP755596.1|A/cattle/Texas/24-008749-003/2024(H5N1)	283	526
PB2|PP755596.1|A/cattle/Texas/24-008749-003/2024(H5N1)	284	525
PB2|PP755596.1|A/cattle/Texas/24-008749-003/2024(H5N1)	285	521
PB2|PP755596.1|A/cattle/Texas/24-008749-003/2024(H5N1)	286	518
PB2|PP755596.1|A/cattle/Texas/24-008749-003/2024(H5N1)	287	516
PB2|PP755596.1|A/cattle/Texas/24-008749-003/2024(H5N1)	288	515
PB2|PP755596.1|A/cattle/Texas/24-008749-003/2024(H5N1)	289	519
PB2|PP755596.1|A/cattle/Texas/24-008749-003/2024(H5N1)	290	519
PB2|PP755596.1|A/cattle/Texas/24-008749-003/2024(H5N1)	291	509
PB2|PP755596.1|A/cattle/Texas/24-008749-003/2024(H5N1)	292	505
PB2|PP755596.1|A/cattle/Texas/24-008749-003/2024(H5N1)	293	504
PB2|PP755596.1|A/cattle/Texas/24-008749-003/2024(H5N1)	294	508
PB2|PP755596.1|A/cattle/Texas/24-008749-003/2024(H5N1)	295	531
PB2|PP755596.1|A/cattle/Texas/24-008749-003/2024(H5N1)	296	534
PB2|PP755596.1|A/cattle/Texas/24-008749-003/2024(H5N1)	297	542
PB2|PP755596.1|A/cattle/Texas/24-008749-003/2024(H5N1)	298	540
PB2|PP755596.1|A/cattle/Texas/24-008749-003/2024(H5N1)	299	539
PB2|PP755596.1|A/cattle/Texas/24-008749-003/2024(H5N1)	300	540
PB2|PP755596.1|A/cattle/Texas/24-008749-003/2024(H5N1)	301	540
PB2|PP755596.1|A/cattle/Texas/24-008749-003/2024(H5N1)	302	543
PB2|PP755596.1|A/cattle/Texas/24-008749-003/2024(H5N1)	303	539
PB2|PP755596.1|A/cattle/Texas/24-008749-003/2024(H5N1)	304	539
PB2|PP755596.1|A/cattle/Texas/24-008749-003/2024(H5N1)	305	539
PB2|PP755596.1|A/cattle/Texas/24-008749-003/2024(H5N1)	306	525
PB2|PP755596.1|A/cattle/Texas/24-008749-003/2024(H5N1)	307	527
PB2|PP755596.1|A/cattle/Texas/24-008749-003/2024(H5N1)	308	530
PB2|PP755596.1|A/cattle/Texas/24-008749-003/2024(H5N1)	309	532
PB2|PP755596.1|A/cattle/Texas/24-008749-003/2024(H5N1)	310	545
PB2|PP755596.1|A/cattle/Texas/24-008749-003/2024(H5N1)	311	542
PB2|PP755596.1|A/cattle/Texas/24-008749-003/2024(H5N1)	312	539
PB2|PP755596.1|A/cattle/Texas/24-008749-003/2024(H5N1)	313	539
PB2|PP755596.1|A/cattle/Texas/24-008749-003/2024(H5N1)	314	547
PB2|PP755596.1|A/cattle/Texas/24-008749-003/2024(H5N1)	315	554
PB2|PP755596.1|A/cattle/Texas/24-008749-003/2024(H5N1)	316	554
PB2|PP755596.1|A/cattle/Texas/24-008749-003/2024(H5N1)	317	556
PB2|PP755596.1|A/cattle/Texas/24-008749-003/2024(H5N1)	318	556
PB2|PP755596.1|A/cattle/Texas/24-008749-003/2024(H5N1)	319	551
PB2|PP755596.1|A/cattle/Texas/24-008749-003/2024(H5N1)	320	564
PB2|PP755596.1|A/cattle/Texas/24-008749-003/2024(H5N1)	321	564
PB2|PP755596.1|A/cattle/Texas/24-008749-003/2024(H5N1)	322	562
PB2|PP755596.1|A/cattle/Texas/24-008749-003/2024(H5N1)	323	546
PB2|PP755596.1|A/cattle/Texas/24-008749-003/2024(H5N1)	324	527
PB2|PP755596.1|A/cattle/Texas/24-008749-003/2024(H5N1)	325	528
PB2|PP755596.1|A/cattle/Texas/24-008749-003/2024(H5N1)	326	524
PB2|PP755596.1|A/cattle/Texas/24-008749-003/2024(H5N1)	327	526
PB2|PP755596.1|A/cattle/Texas/24-008749-003/2024(H5N1)	328	526
PB2|PP755596.1|A/cattle/Texas/24-008749-003/2024(H5N1)	329	516
PB2|PP755596.1|A/cattle/Texas/24-008749-003/2024(H5N1)	330	513
PB2|PP755596.1|A/cattle/Texas/24-008749-003/2024(H5N1)	331	513
PB2|PP755596.1|A/cattle/Texas/24-008749-003/2024(H5N1)	332	545
PB2|PP755596.1|A/cattle/Texas/24-008749-003/2024(H5N1)	333	547
PB2|PP755596.1|A/cattle/Texas/24-008749-003/2024(H5N1)	334	541
PB2|PP755596.1|A/cattle/Texas/24-008749-003/2024(H5N1)	335	538
PB2|PP755596.1|A/cattle/Texas/24-008749-003/2024(H5N1)	336	534
PB2|PP755596.1|A/cattle/Texas/24-008749-003/2024(H5N1)	337	535
PB2|PP755596.1|A/cattle/Texas/24-008749-003/2024(H5N1)	338	535
PB2|PP755596.1|A/cattle/Texas/24-008749-003/2024(H5N1)	339	553
PB2|PP755596.1|A/cattle/Texas/24-008749-003/2024(H5N1)	340	572
PB2|PP755596.1|A/cattle/Texas/24-008749-003/2024(H5N1)	341	541
PB2|PP755596.1|A/cattle/Texas/24-008749-003/2024(H5N1)	342	547
PB2|PP755596.1|A/cattle/Texas/24-008749-003/2024(H5N1)	343	550
PB2|PP755596.1|A/cattle/Texas/24-008749-003/2024(H5N1)	344	549
PB2|PP755596.1|A/cattle/Texas/24-008749-003/2024(H5N1)	345	532
PB2|PP755596.1|A/cattle/Texas/24-008749-003/2024(H5N1)	346	524
PB2|PP755596.1|A/cattle/Texas/24-008749-003/2024(H5N1)	347	524
PB2|PP755596.1|A/cattle/Texas/24-008749-003/2024(H5N1)	348	515
PB2|PP755596.1|A/cattle/Texas/24-008749-003/2024(H5N1)	349	514
PB2|PP755596.1|A/cattle/Texas/24-008749-003/2024(H5N1)	350	511
PB2|PP755596.1|A/cattle/Texas/24-008749-003/2024(H5N1)	351	511
PB2|PP755596.1|A/cattle/Texas/24-008749-003/2024(H5N1)	352	511
PB2|PP755596.1|A/cattle/Texas/24-008749-003/2024(H5N1)	353	503
PB2|PP755596.1|A/cattle/Texas/24-008749-003/2024(H5N1)	354	504
PB2|PP755596.1|A/cattle/Texas/24-008749-003/2024(H5N1)	355	504
PB2|PP755596.1|A/cattle/Texas/24-008749-003/2024(H5N1)	356	505
PB2|PP755596.1|A/cattle/Texas/24-008749-003/2024(H5N1)	357	506
PB2|PP755596.1|A/cattle/Texas/24-008749-003/2024(H5N1)	358	506
PB2|PP755596.1|A/cattle/Texas/24-008749-003/2024(H5N1)	359	519
PB2|PP755596.1|A/cattle/Texas/24-008749-003/2024(H5N1)	360	517
PB2|PP755596.1|A/cattle/Texas/24-008749-003/2024(H5N1)	361	510
PB2|PP755596.1|A/cattle/Texas/24-008749-003/2024(H5N1)	362	510
PB2|PP755596.1|A/cattle/Texas/24-008749-003/2024(H5N1)	363	510
PB2|PP755596.1|A/cattle/Texas/24-008749-003/2024(H5N1)	364	511
PB2|PP755596.1|A/cattle/Texas/24-008749-003/2024(H5N1)	365	509
PB2|PP755596.1|A/cattle/Texas/24-008749-003/2024(H5N1)	366	505
PB2|PP755596.1|A/cattle/Texas/24-008749-003/2024(H5N1)	367	506
PB2|PP755596.1|A/cattle/Texas/24-008749-003/2024(H5N1)	368	508
PB2|PP755596.1|A/cattle/Texas/24-008749-003/2024(H5N1)	369	509
PB2|PP755596.1|A/cattle/Texas/24-008749-003/2024(H5N1)	370	508
PB2|PP755596.1|A/cattle/Texas/24-008749-003/2024(H5N1)	371	509
PB2|PP755596.1|A/cattle/Texas/24-008749-003/2024(H5N1)	372	511
PB2|PP755596.1|A/cattle/Texas/24-008749-003/2024(H5N1)	373	510
PB2|PP755596.1|A/cattle/Texas/24-008749-003/2024(H5N1)	374	510
PB2|PP755596.1|A/cattle/Texas/24-008749-003/2024(H5N1)	375	511
PB2|PP755596.1|A/cattle/Texas/24-008749-003/2024(H5N1)	376	512
PB2|PP755596.1|A/cattle/Texas/24-008749-003/2024(H5N1)	377	508
PB2|PP755596.1|A/cattle/Texas/24-008749-003/2024(H5N1)	378	511
PB2|PP755596.1|A/cattle/Texas/24-008749-003/2024(H5N1)	379	514
PB2|PP755596.1|A/cattle/Texas/24-008749-003/2024(H5N1)	380	507
PB2|PP755596.1|A/cattle/Texas/24-008749-003/2024(H5N1)	381	509
PB2|PP755596.1|A/cattle/Texas/24-008749-003/2024(H5N1)	382	508
PB2|PP755596.1|A/cattle/Texas/24-008749-003/2024(H5N1)	383	508
PB2|PP755596.1|A/cattle/Texas/24-008749-003/2024(H5N1)	384	507
PB2|PP755596.1|A/cattle/Texas/24-008749-003/2024(H5N1)	385	512
PB2|PP755596.1|A/cattle/Texas/24-008749-003/2024(H5N1)	386	534
PB2|PP755596.1|A/cattle/Texas/24-008749-003/2024(H5N1)	387	539
PB2|PP755596.1|A/cattle/Texas/24-008749-003/2024(H5N1)	388	536
PB2|PP755596.1|A/cattle/Texas/24-008749-003/2024(H5N1)	389	537
PB2|PP755596.1|A/cattle/Texas/24-008749-003/2024(H5N1)	390	530
PB2|PP755596.1|A/cattle/Texas/24-008749-003/2024(H5N1)	391	529
PB2|PP755596.1|A/cattle/Texas/24-008749-003/2024(H5N1)	392	563
PB2|PP755596.1|A/cattle/Texas/24-008749-003/2024(H5N1)	393	562
PB2|PP755596.1|A/cattle/Texas/24-008749-003/2024(H5N1)	394	568
PB2|PP755596.1|A/cattle/Texas/24-008749-003/2024(H5N1)	395	566
PB2|PP755596.1|A/cattle/Texas/24-008749-003/2024(H5N1)	396	551
PB2|PP755596.1|A/cattle/Texas/24-008749-003/2024(H5N1)	397	569
PB2|PP755596.1|A/cattle/Texas/24-008749-003/2024(H5N1)	398	569
PB2|PP755596.1|A/cattle/Texas/24-008749-003/2024(H5N1)	399	570
PB2|PP755596.1|A/cattle/Texas/24-008749-003/2024(H5N1)	400	570
PB2|PP755596.1|A/cattle/Texas/24-008749-003/2024(H5N1)	401	536
PB2|PP755596.1|A/cattle/Texas/24-008749-003/2024(H5N1)	402	539
PB2|PP755596.1|A/cattle/Texas/24-008749-003/2024(H5N1)	403	529
PB2|PP755596.1|A/cattle/Texas/24-008749-003/2024(H5N1)	404	519
PB2|PP755596.1|A/cattle/Texas/24-008749-003/2024(H5N1)	405	518
PB2|PP755596.1|A/cattle/Texas/24-008749-003/2024(H5N1)	406	506
PB2|PP755596.1|A/cattle/Texas/24-008749-003/2024(H5N1)	407	506
PB2|PP755596.1|A/cattle/Texas/24-008749-003/2024(H5N1)	408	506
PB2|PP755596.1|A/cattle/Texas/24-008749-003/2024(H5N1)	409	506
PB2|PP755596.1|A/cattle/Texas/24-008749-003/2024(H5N1)	410	503
PB2|PP755596.1|A/cattle/Texas/24-008749-003/2024(H5N1)	411	500
PB2|PP755596.1|A/cattle/Texas/24-008749-003/2024(H5N1)	412	500
PB2|PP755596.1|A/cattle/Texas/24-008749-003/2024(H5N1)	413	498
PB2|PP755596.1|A/cattle/Texas/24-008749-003/2024(H5N1)	414	502
PB2|PP755596.1|A/cattle/Texas/24-008749-003/2024(H5N1)	415	502
PB2|PP755596.1|A/cattle/Texas/24-008749-003/2024(H5N1)	416	503
PB2|PP755596.1|A/cattle/Texas/24-008749-003/2024(H5N1)	417	502
PB2|PP755596.1|A/cattle/Texas/24-008749-003/2024(H5N1)	418	501
PB2|PP755596.1|A/cattle/Texas/24-008749-003/2024(H5N1)	419	510
PB2|PP755596.1|A/cattle/Texas/24-008749-003/2024(H5N1)	420	511
PB2|PP755596.1|A/cattle/Texas/24-008749-003/2024(H5N1)	421	505
PB2|PP755596.1|A/cattle/Texas/24-008749-003/2024(H5N1)	422	490
PB2|PP755596.1|A/cattle/Texas/24-008749-003/2024(H5N1)	423	488
PB2|PP755596.1|A/cattle/Texas/24-008749-003/2024(H5N1)	424	488
PB2|PP755596.1|A/cattle/Texas/24-008749-003/2024(H5N1)	425	489
PB2|PP755596.1|A/cattle/Texas/24-008749-003/2024(H5N1)	426	490
PB2|PP755596.1|A/cattle/Texas/24-008749-003/2024(H5N1)	427	478
PB2|PP755596.1|A/cattle/Texas/24-008749-003/2024(H5N1)	428	471
PB2|PP755596.1|A/cattle/Texas/24-008749-003/2024(H5N1)	429	469
PB2|PP755596.1|A/cattle/Texas/24-008749-003/2024(H5N1)	430	470
PB2|PP755596.1|A/cattle/Texas/24-008749-003/2024(H5N1)	431	472
PB2|PP755596.1|A/cattle/Texas/24-008749-003/2024(H5N1)	432	474
PB2|PP755596.1|A/cattle/Texas/24-008749-003/2024(H5N1)	433	466
PB2|PP755596.1|A/cattle/Texas/24-008749-003/2024(H5N1)	434	464
PB2|PP755596.1|A/cattle/Texas/24-008749-003/2024(H5N1)	435	484
PB2|PP755596.1|A/cattle/Texas/24-008749-003/2024(H5N1)	436	484
PB2|PP755596.1|A/cattle/Texas/24-008749-003/2024(H5N1)	437	517
PB2|PP755596.1|A/cattle/Texas/24-008749-003/2024(H5N1)	438	517
PB2|PP755596.1|A/cattle/Texas/24-008749-003/2024(H5N1)	439	517
PB2|PP755596.1|A/cattle/Texas/24-008749-003/2024(H5N1)	440	514
PB2|PP755596.1|A/cattle/Texas/24-008749-003/2024(H5N1)	441	513
PB2|PP755596.1|A/cattle/Texas/24-008749-003/2024(H5N1)	442	516
PB2|PP755596.1|A/cattle/Texas/24-008749-003/2024(H5N1)	443	516
PB2|PP755596.1|A/cattle/Texas/24-008749-003/2024(H5N1)	444	511
PB2|PP755596.1|A/cattle/Texas/24-008749-003/2024(H5N1)	445	511
PB2|PP755596.1|A/cattle/Texas/24-008749-003/2024(H5N1)	446	475
PB2|PP755596.1|A/cattle/Texas/24-008749-003/2024(H5N1)	447	478
PB2|PP755596.1|A/cattle/Texas/24-008749-003/2024(H5N1)	448	471
PB2|PP755596.1|A/cattle/Texas/24-008749-003/2024(H5N1)	449	461
PB2|PP755596.1|A/cattle/Texas/24-008749-003/2024(H5N1)	450	461
PB2|PP755596.1|A/cattle/Texas/24-008749-003/2024(H5N1)	451	453
PB2|PP755596.1|A/cattle/Texas/24-008749-003/2024(H5N1)	452	475
PB2|PP755596.1|A/cattle/Texas/24-008749-003/2024(H5N1)	453	473
PB2|PP755596.1|A/cattle/Texas/24-008749-003/2024(H5N1)	454	475
PB2|PP755596.1|A/cattle/Texas/24-008749-003/2024(H5N1)	455	474
PB2|PP755596.1|A/cattle/Texas/24-008749-003/2024(H5N1)	456	487
PB2|PP755596.1|A/cattle/Texas/24-008749-003/2024(H5N1)	457	490
PB2|PP755596.1|A/cattle/Texas/24-008749-003/2024(H5N1)	458	488
PB2|PP755596.1|A/cattle/Texas/24-008749-003/2024(H5N1)	459	490
PB2|PP755596.1|A/cattle/Texas/24-008749-003/2024(H5N1)	460	489
PB2|PP755596.1|A/cattle/Texas/24-008749-003/2024(H5N1)	461	470
PB2|PP755596.1|A/cattle/Texas/24-008749-003/2024(H5N1)	462	470
PB2|PP755596.1|A/cattle/Texas/24-008749-003/2024(H5N1)	463	463
PB2|PP755596.1|A/cattle/Texas/24-008749-003/2024(H5N1)	464	473
PB2|PP755596.1|A/cattle/Texas/24-008749-003/2024(H5N1)	465	483
PB2|PP755596.1|A/cattle/Texas/24-008749-003/2024(H5N1)	466	481
PB2|PP755596.1|A/cattle/Texas/24-008749-003/2024(H5N1)	467	482
PB2|PP755596.1|A/cattle/Texas/24-008749-003/2024(H5N1)	468	480
PB2|PP755596.1|A/cattle/Texas/24-008749-003/2024(H5N1)	469	477
PB2|PP755596.1|A/cattle/Texas/24-008749-003/2024(H5N1)	470	485
PB2|PP755596.1|A/cattle/Texas/24-008749-003/2024(H5N1)	471	476
PB2|PP755596.1|A/cattle/Texas/24-008749-003/2024(H5N1)	472	478
PB2|PP755596.1|A/cattle/Texas/24-008749-003/2024(H5N1)	473	472
PB2|PP755596.1|A/cattle/Texas/24-008749-003/2024(H5N1)	474	471
PB2|PP755596.1|A/cattle/Texas/24-008749-003/2024(H5N1)	475	477
PB2|PP755596.1|A/cattle/Texas/24-008749-003/2024(H5N1)	476	481
PB2|PP755596.1|A/cattle/Texas/24-008749-003/2024(H5N1)	477	481
PB2|PP755596.1|A/cattle/Texas/24-008749-003/2024(H5N1)	478	480
PB2|PP755596.1|A/cattle/Texas/24-008749-003/2024(H5N1)	479	480
PB2|PP755596.1|A/cattle/Texas/24-008749-003/2024(H5N1)	480	507
PB2|PP755596.1|A/cattle/Texas/24-008749-003/2024(H5N1)	481	510
PB2|PP755596.1|A/cattle/Texas/24-008749-003/2024(H5N1)	482	529
PB2|PP755596.1|A/cattle/Texas/24-008749-003/2024(H5N1)	483	500
PB2|PP755596.1|A/cattle/Texas/24-008749-003/2024(H5N1)	484	498
PB2|PP755596.1|A/cattle/Texas/24-008749-003/2024(H5N1)	485	498
PB2|PP755596.1|A/cattle/Texas/24-008749-003/2024(H5N1)	486	508
PB2|PP755596.1|A/cattle/Texas/24-008749-003/2024(H5N1)	487	511
PB2|PP755596.1|A/cattle/Texas/24-008749-003/2024(H5N1)	488	514
PB2|PP755596.1|A/cattle/Texas/24-008749-003/2024(H5N1)	489	490
PB2|PP755596.1|A/cattle/Texas/24-008749-003/2024(H5N1)	490	489
PB2|PP755596.1|A/cattle/Texas/24-008749-003/2024(H5N1)	491	481
PB2|PP755596.1|A/cattle/Texas/24-008749-003/2024(H5N1)	492	480
PB2|PP755596.1|A/cattle/Texas/24-008749-003/2024(H5N1)	493	480
PB2|PP755596.1|A/cattle/Texas/24-008749-003/2024(H5N1)	494	480
PB2|PP755596.1|A/cattle/Texas/24-008749-003/2024(H5N1)	495	480
PB2|PP755596.1|A/cattle/Texas/24-008749-003/2024(H5N1)	496	481
PB2|PP755596.1|A/cattle/Texas/24-008749-003/2024(H5N1)	497	479
PB2|PP755596.1|A/cattle/Texas/24-008749-003/2024(H5N1)	498	478
PB2|PP755596.1|A/cattle/Texas/24-008749-003/2024(H5N1)	499	478
PB2|PP755596.1|A/cattle/Texas/24-008749-003/2024(H5N1)	500	494
PB2|PP755596.1|A/cattle/Texas/24-008749-003/2024(H5N1)	501	495
PB2|PP755596.1|A/cattle/Texas/24-008749-003/2024(H5N1)	502	493
PB2|PP755596.1|A/cattle/Texas/24-008749-003/2024(H5N1)	503	493
PB2|PP755596.1|A/cattle/Texas/24-008749-003/2024(H5N1)	504	499
PB2|PP755596.1|A/cattle/Texas/24-008749-003/2024(H5N1)	505	502
PB2|PP755596.1|A/cattle/Texas/24-008749-003/2024(H5N1)	506	507
PB2|PP755596.1|A/cattle/Texas/24-008749-003/2024(H5N1)	507	507
PB2|PP755596.1|A/cattle/Texas/24-008749-003/2024(H5N1)	508	507
PB2|PP755596.1|A/cattle/Texas/24-008749-003/2024(H5N1)	509	508
PB2|PP755596.1|A/cattle/Texas/24-008749-003/2024(H5N1)	510	510
PB2|PP755596.1|A/cattle/Texas/24-008749-003/2024(H5N1)	511	510
PB2|PP755596.1|A/cattle/Texas/24-008749-003/2024(H5N1)	512	518
PB2|PP755596.1|A/cattle/Texas/24-008749-003/2024(H5N1)	513	518
PB2|PP755596.1|A/cattle/Texas/24-008749-003/2024(H5N1)	514	523
PB2|PP755596.1|A/cattle/Texas/24-008749-003/2024(H5N1)	515	521
PB2|PP755596.1|A/cattle/Texas/24-008749-003/2024(H5N1)	516	520
PB2|PP755596.1|A/cattle/Texas/24-008749-003/2024(H5N1)	517	523
PB2|PP755596.1|A/cattle/Texas/24-008749-003/2024(H5N1)	518	526
PB2|PP755596.1|A/cattle/Texas/24-008749-003/2024(H5N1)	519	525
PB2|PP755596.1|A/cattle/Texas/24-008749-003/2024(H5N1)	520	525
PB2|PP755596.1|A/cattle/Texas/24-008749-003/2024(H5N1)	521	532
PB2|PP755596.1|A/cattle/Texas/24-008749-003/2024(H5N1)	522	531
PB2|PP755596.1|A/cattle/Texas/24-008749-003/2024(H5N1)	523	533
PB2|PP755596.1|A/cattle/Texas/24-008749-003/2024(H5N1)	524	536
PB2|PP755596.1|A/cattle/Texas/24-008749-003/2024(H5N1)	525	565
PB2|PP755596.1|A/cattle/Texas/24-008749-003/2024(H5N1)	526	571
PB2|PP755596.1|A/cattle/Texas/24-008749-003/2024(H5N1)	527	575
PB2|PP755596.1|A/cattle/Texas/24-008749-003/2024(H5N1)	528	571
PB2|PP755596.1|A/cattle/Texas/24-008749-003/2024(H5N1)	529	567
PB2|PP755596.1|A/cattle/Texas/24-008749-003/2024(H5N1)	530	558
PB2|PP755596.1|A/cattle/Texas/24-008749-003/2024(H5N1)	531	559
PB2|PP755596.1|A/cattle/Texas/24-008749-003/2024(H5N1)	532	561
PB2|PP755596.1|A/cattle/Texas/24-008749-003/2024(H5N1)	533	562
PB2|PP755596.1|A/cattle/Texas/24-008749-003/2024(H5N1)	534	563
PB2|PP755596.1|A/cattle/Texas/24-008749-003/2024(H5N1)	535	568
PB2|PP755596.1|A/cattle/Texas/24-008749-003/2024(H5N1)	536	551
PB2|PP755596.1|A/cattle/Texas/24-008749-003/2024(H5N1)	537	549
PB2|PP755596.1|A/cattle/Texas/24-008749-003/2024(H5N1)	538	551
PB2|PP755596.1|A/cattle/Texas/24-008749-003/2024(H5N1)	539	552
PB2|PP755596.1|A/cattle/Texas/24-008749-003/2024(H5N1)	540	548
PB2|PP755596.1|A/cattle/Texas/24-008749-003/2024(H5N1)	541	563
PB2|PP755596.1|A/cattle/Texas/24-008749-003/2024(H5N1)	542	532
PB2|PP755596.1|A/cattle/Texas/24-008749-003/2024(H5N1)	543	533
PB2|PP755596.1|A/cattle/Texas/24-008749-003/2024(H5N1)	544	535
PB2|PP755596.1|A/cattle/Texas/24-008749-003/2024(H5N1)	545	534
PB2|PP755596.1|A/cattle/Texas/24-008749-003/2024(H5N1)	546	539
PB2|PP755596.1|A/cattle/Texas/24-008749-003/2024(H5N1)	547	536
PB2|PP755596.1|A/cattle/Texas/24-008749-003/2024(H5N1)	548	521
PB2|PP755596.1|A/cattle/Texas/24-008749-003/2024(H5N1)	549	521
PB2|PP755596.1|A/cattle/Texas/24-008749-003/2024(H5N1)	550	526
PB2|PP755596.1|A/cattle/Texas/24-008749-003/2024(H5N1)	551	525
PB2|PP755596.1|A/cattle/Texas/24-008749-003/2024(H5N1)	552	522
PB2|PP755596.1|A/cattle/Texas/24-008749-003/2024(H5N1)	553	511
PB2|PP755596.1|A/cattle/Texas/24-008749-003/2024(H5N1)	554	518
PB2|PP755596.1|A/cattle/Texas/24-008749-003/2024(H5N1)	555	520
PB2|PP755596.1|A/cattle/Texas/24-008749-003/2024(H5N1)	556	525
PB2|PP755596.1|A/cattle/Texas/24-008749-003/2024(H5N1)	557	525
PB2|PP755596.1|A/cattle/Texas/24-008749-003/2024(H5N1)	558	525
PB2|PP755596.1|A/cattle/Texas/24-008749-003/2024(H5N1)	559	526
PB2|PP755596.1|A/cattle/Texas/24-008749-003/2024(H5N1)	560	526
PB2|PP755596.1|A/cattle/Texas/24-008749-003/2024(H5N1)	561	527
PB2|PP755596.1|A/cattle/Texas/24-008749-003/2024(H5N1)	562	527
PB2|PP755596.1|A/cattle/Texas/24-008749-003/2024(H5N1)	563	529
PB2|PP755596.1|A/cattle/Texas/24-008749-003/2024(H5N1)	564	529
PB2|PP755596.1|A/cattle/Texas/24-008749-003/2024(H5N1)	565	523
PB2|PP755596.1|A/cattle/Texas/24-008749-003/2024(H5N1)	566	519
PB2|PP755596.1|A/cattle/Texas/24-008749-003/2024(H5N1)	567	519
PB2|PP755596.1|A/cattle/Texas/24-008749-003/2024(H5N1)	568	529
PB2|PP755596.1|A/cattle/Texas/24-008749-003/2024(H5N1)	569	531
PB2|PP755596.1|A/cattle/Texas/24-008749-003/2024(H5N1)	570	522
PB2|PP755596.1|A/cattle/Texas/24-008749-003/2024(H5N1)	571	523
PB2|PP755596.1|A/cattle/Texas/24-008749-003/2024(H5N1)	572	524
PB2|PP755596.1|A/cattle/Texas/24-008749-003/2024(H5N1)	573	523
PB2|PP755596.1|A/cattle/Texas/24-008749-003/2024(H5N1)	574	525
PB2|PP755596.1|A/cattle/Texas/24-008749-003/2024(H5N1)	575	522
PB2|PP755596.1|A/cattle/Texas/24-008749-003/2024(H5N1)	576	520
PB2|PP755596.1|A/cattle/Texas/24-008749-003/2024(H5N1)	577	541
PB2|PP755596.1|A/cattle/Texas/24-008749-003/2024(H5N1)	578	542
PB2|PP755596.1|A/cattle/Texas/24-008749-003/2024(H5N1)	579	548
PB2|PP755596.1|A/cattle/Texas/24-008749-003/2024(H5N1)	580	545
PB2|PP755596.1|A/cattle/Texas/24-008749-003/2024(H5N1)	581	546
PB2|PP755596.1|A/cattle/Texas/24-008749-003/2024(H5N1)	582	546
PB2|PP755596.1|A/cattle/Texas/24-008749-003/2024(H5N1)	583	548
PB2|PP755596.1|A/cattle/Texas/24-008749-003/2024(H5N1)	584	570
PB2|PP755596.1|A/cattle/Texas/24-008749-003/2024(H5N1)	585	541
PB2|PP755596.1|A/cattle/Texas/24-008749-003/2024(H5N1)	586	514
PB2|PP755596.1|A/cattle/Texas/24-008749-003/2024(H5N1)	587	514
PB2|PP755596.1|A/cattle/Texas/24-008749-003/2024(H5N1)	588	525
PB2|PP755596.1|A/cattle/Texas/24-008749-003/2024(H5N1)	589	525
PB2|PP755596.1|A/cattle/Texas/24-008749-003/2024(H5N1)	590	526
PB2|PP755596.1|A/cattle/Texas/24-008749-003/2024(H5N1)	591	526
PB2|PP755596.1|A/cattle/Texas/24-008749-003/2024(H5N1)	592	531
PB2|PP755596.1|A/cattle/Texas/24-008749-003/2024(H5N1)	593	524
PB2|PP755596.1|A/cattle/Texas/24-008749-003/2024(H5N1)	594	522
PB2|PP755596.1|A/cattle/Texas/24-008749-003/2024(H5N1)	595	522
PB2|PP755596.1|A/cattle/Texas/24-008749-003/2024(H5N1)	596	519
PB2|PP755596.1|A/cattle/Texas/24-008749-003/2024(H5N1)	597	517
PB2|PP755596.1|A/cattle/Texas/24-008749-003/2024(H5N1)	598	537
PB2|PP755596.1|A/cattle/Texas/24-008749-003/2024(H5N1)	599	537
PB2|PP755596.1|A/cattle/Texas/24-008749-003/2024(H5N1)	600	548
PB2|PP755596.1|A/cattle/Texas/24-008749-003/2024(H5N1)	601	531
PB2|PP755596.1|A/cattle/Texas/24-008749-003/2024(H5N1)	602	531
PB2|PP755596.1|A/cattle/Texas/24-008749-003/2024(H5N1)	603	532
PB2|PP755596.1|A/cattle/Texas/24-008749-003/2024(H5N1)	604	533
PB2|PP755596.1|A/cattle/Texas/24-008749-003/2024(H5N1)	605	535
PB2|PP755596.1|A/cattle/Texas/24-008749-003/2024(H5N1)	606	536
PB2|PP755596.1|A/cattle/Texas/24-008749-003/2024(H5N1)	607	544
PB2|PP755596.1|A/cattle/Texas/24-008749-003/2024(H5N1)	608	544
PB2|PP755596.1|A/cattle/Texas/24-008749-003/2024(H5N1)	609	531
PB2|PP755596.1|A/cattle/Texas/24-008749-003/2024(H5N1)	610	529
PB2|PP755596.1|A/cattle/Texas/24-008749-003/2024(H5N1)	611	530
PB2|PP755596.1|A/cattle/Texas/24-008749-003/2024(H5N1)	612	529
PB2|PP755596.1|A/cattle/Texas/24-008749-003/2024(H5N1)	613	530
PB2|PP755596.1|A/cattle/Texas/24-008749-003/2024(H5N1)	614	532
PB2|PP755596.1|A/cattle/Texas/24-008749-003/2024(H5N1)	615	522
PB2|PP755596.1|A/cattle/Texas/24-008749-003/2024(H5N1)	616	505
PB2|PP755596.1|A/cattle/Texas/24-008749-003/2024(H5N1)	617	504
PB2|PP755596.1|A/cattle/Texas/24-008749-003/2024(H5N1)	618	506
PB2|PP755596.1|A/cattle/Texas/24-008749-003/2024(H5N1)	619	516
PB2|PP755596.1|A/cattle/Texas/24-008749-003/2024(H5N1)	620	515
PB2|PP755596.1|A/cattle/Texas/24-008749-003/2024(H5N1)	621	511
PB2|PP755596.1|A/cattle/Texas/24-008749-003/2024(H5N1)	622	512
PB2|PP755596.1|A/cattle/Texas/24-008749-003/2024(H5N1)	623	521
PB2|PP755596.1|A/cattle/Texas/24-008749-003/2024(H5N1)	624	523
PB2|PP755596.1|A/cattle/Texas/24-008749-003/2024(H5N1)	625	519
PB2|PP755596.1|A/cattle/Texas/24-008749-003/2024(H5N1)	626	515
PB2|PP755596.1|A/cattle/Texas/24-008749-003/2024(H5N1)	627	503
PB2|PP755596.1|A/cattle/Texas/24-008749-003/2024(H5N1)	628	507
PB2|PP755596.1|A/cattle/Texas/24-008749-003/2024(H5N1)	629	505
PB2|PP755596.1|A/cattle/Texas/24-008749-003/2024(H5N1)	630	506
PB2|PP755596.1|A/cattle/Texas/24-008749-003/2024(H5N1)	631	479
PB2|PP755596.1|A/cattle/Texas/24-008749-003/2024(H5N1)	632	467
PB2|PP755596.1|A/cattle/Texas/24-008749-003/2024(H5N1)	633	468
PB2|PP755596.1|A/cattle/Texas/24-008749-003/2024(H5N1)	634	468
PB2|PP755596.1|A/cattle/Texas/24-008749-003/2024(H5N1)	635	468
PB2|PP755596.1|A/cattle/Texas/24-008749-003/2024(H5N1)	636	468
PB2|PP755596.1|A/cattle/Texas/24-008749-003/2024(H5N1)	637	457
PB2|PP755596.1|A/cattle/Texas/24-008749-003/2024(H5N1)	638	457
PB2|PP755596.1|A/cattle/Texas/24-008749-003/2024(H5N1)	639	450
PB2|PP755596.1|A/cattle/Texas/24-008749-003/2024(H5N1)	640	450
PB2|PP755596.1|A/cattle/Texas/24-008749-003/2024(H5N1)	641	471
PB2|PP755596.1|A/cattle/Texas/24-008749-003/2024(H5N1)	642	470
PB2|PP755596.1|A/cattle/Texas/24-008749-003/2024(H5N1)	643	474
PB2|PP755596.1|A/cattle/Texas/24-008749-003/2024(H5N1)	644	471
PB2|PP755596.1|A/cattle/Texas/24-008749-003/2024(H5N1)	645	471
PB2|PP755596.1|A/cattle/Texas/24-008749-003/2024(H5N1)	646	474
PB2|PP755596.1|A/cattle/Texas/24-008749-003/2024(H5N1)	647	478
PB2|PP755596.1|A/cattle/Texas/24-008749-003/2024(H5N1)	648	483
PB2|PP755596.1|A/cattle/Texas/24-008749-003/2024(H5N1)	649	488
PB2|PP755596.1|A/cattle/Texas/24-008749-003/2024(H5N1)	650	471
PB2|PP755596.1|A/cattle/Texas/24-008749-003/2024(H5N1)	651	472
PB2|PP755596.1|A/cattle/Texas/24-008749-003/2024(H5N1)	652	473
PB2|PP755596.1|A/cattle/Texas/24-008749-003/2024(H5N1)	653	477
PB2|PP755596.1|A/cattle/Texas/24-008749-003/2024(H5N1)	654	488
PB2|PP755596.1|A/cattle/Texas/24-008749-003/2024(H5N1)	655	483
PB2|PP755596.1|A/cattle/Texas/24-008749-003/2024(H5N1)	656	480
PB2|PP755596.1|A/cattle/Texas/24-008749-003/2024(H5N1)	657	473
PB2|PP755596.1|A/cattle/Texas/24-008749-003/2024(H5N1)	658	472
PB2|PP755596.1|A/cattle/Texas/24-008749-003/2024(H5N1)	659	471
PB2|PP755596.1|A/cattle/Texas/24-008749-003/2024(H5N1)	660	463
PB2|PP755596.1|A/cattle/Texas/24-008749-003/2024(H5N1)	661	462
PB2|PP755596.1|A/cattle/Texas/24-008749-003/2024(H5N1)	662	459
PB2|PP755596.1|A/cattle/Texas/24-008749-003/2024(H5N1)	663	457
PB2|PP755596.1|A/cattle/Texas/24-008749-003/2024(H5N1)	664	463
PB2|PP755596.1|A/cattle/Texas/24-008749-003/2024(H5N1)	665	486
PB2|PP755596.1|A/cattle/Texas/24-008749-003/2024(H5N1)	666	487
PB2|PP755596.1|A/cattle/Texas/24-008749-003/2024(H5N1)	667	502
PB2|PP755596.1|A/cattle/Texas/24-008749-003/2024(H5N1)	668	503
PB2|PP755596.1|A/cattle/Texas/24-008749-003/2024(H5N1)	669	507
PB2|PP755596.1|A/cattle/Texas/24-008749-003/2024(H5N1)	670	508
PB2|PP755596.1|A/cattle/Texas/24-008749-003/2024(H5N1)	671	511
PB2|PP755596.1|A/cattle/Texas/24-008749-003/2024(H5N1)	672	511
PB2|PP755596.1|A/cattle/Texas/24-008749-003/2024(H5N1)	673	509
PB2|PP755596.1|A/cattle/Texas/24-008749-003/2024(H5N1)	674	500
PB2|PP755596.1|A/cattle/Texas/24-008749-003/2024(H5N1)	675	497
PB2|PP755596.1|A/cattle/Texas/24-008749-003/2024(H5N1)	676	477
PB2|PP755596.1|A/cattle/Texas/24-008749-003/2024(H5N1)	677	482
PB2|PP755596.1|A/cattle/Texas/24-008749-003/2024(H5N1)	678	490
PB2|PP755596.1|A/cattle/Texas/24-008749-003/2024(H5N1)	679	499
PB2|PP755596.1|A/cattle/Texas/24-008749-003/2024(H5N1)	680	499
PB2|PP755596.1|A/cattle/Texas/24-008749-003/2024(H5N1)	681	504
PB2|PP755596.1|A/cattle/Texas/24-008749-003/2024(H5N1)	682	504
PB2|PP755596.1|A/cattle/Texas/24-008749-003/2024(H5N1)	683	528
PB2|PP755596.1|A/cattle/Texas/24-008749-003/2024(H5N1)	684	526
PB2|PP755596.1|A/cattle/Texas/24-008749-003/2024(H5N1)	685	523
PB2|PP755596.1|A/cattle/Texas/24-008749-003/2024(H5N1)	686	519
PB2|PP755596.1|A/cattle/Texas/24-008749-003/2024(H5N1)	687	517
PB2|PP755596.1|A/cattle/Texas/24-008749-003/2024(H5N1)	688	512
PB2|PP755596.1|A/cattle/Texas/24-008749-003/2024(H5N1)	689	510
PB2|PP755596.1|A/cattle/Texas/24-008749-003/2024(H5N1)	690	506
PB2|PP755596.1|A/cattle/Texas/24-008749-003/2024(H5N1)	691	510
PB2|PP755596.1|A/cattle/Texas/24-008749-003/2024(H5N1)	692	492
PB2|PP755596.1|A/cattle/Texas/24-008749-003/2024(H5N1)	693	492
PB2|PP755596.1|A/cattle/Texas/24-008749-003/2024(H5N1)	694	500
PB2|PP755596.1|A/cattle/Texas/24-008749-003/2024(H5N1)	695	500
PB2|PP755596.1|A/cattle/Texas/24-008749-003/2024(H5N1)	696	501
PB2|PP755596.1|A/cattle/Texas/24-008749-003/2024(H5N1)	697	525
PB2|PP755596.1|A/cattle/Texas/24-008749-003/2024(H5N1)	698	527
PB2|PP755596.1|A/cattle/Texas/24-008749-003/2024(H5N1)	699	528
PB2|PP755596.1|A/cattle/Texas/24-008749-003/2024(H5N1)	700	524
PB2|PP755596.1|A/cattle/Texas/24-008749-003/2024(H5N1)	701	523
PB2|PP755596.1|A/cattle/Texas/24-008749-003/2024(H5N1)	702	526
PB2|PP755596.1|A/cattle/Texas/24-008749-003/2024(H5N1)	703	529
PB2|PP755596.1|A/cattle/Texas/24-008749-003/2024(H5N1)	704	529
PB2|PP755596.1|A/cattle/Texas/24-008749-003/2024(H5N1)	705	528
PB2|PP755596.1|A/cattle/Texas/24-008749-003/2024(H5N1)	706	523
PB2|PP755596.1|A/cattle/Texas/24-008749-003/2024(H5N1)	707	520
PB2|PP755596.1|A/cattle/Texas/24-008749-003/2024(H5N1)	708	537
PB2|PP755596.1|A/cattle/Texas/24-008749-003/2024(H5N1)	709	548
PB2|PP755596.1|A/cattle/Texas/24-008749-003/2024(H5N1)	710	550
PB2|PP755596.1|A/cattle/Texas/24-008749-003/2024(H5N1)	711	551
PB2|PP755596.1|A/cattle/Texas/24-008749-003/2024(H5N1)	712	548
PB2|PP755596.1|A/cattle/Texas/24-008749-003/2024(H5N1)	713	549
PB2|PP755596.1|A/cattle/Texas/24-008749-003/2024(H5N1)	714	548
PB2|PP755596.1|A/cattle/Texas/24-008749-003/2024(H5N1)	715	549
PB2|PP755596.1|A/cattle/Texas/24-008749-003/2024(H5N1)	716	555
PB2|PP755596.1|A/cattle/Texas/24-008749-003/2024(H5N1)	717	553
PB2|PP755596.1|A/cattle/Texas/24-008749-003/2024(H5N1)	718	547
PB2|PP755596.1|A/cattle/Texas/24-008749-003/2024(H5N1)	719	546
PB2|PP755596.1|A/cattle/Texas/24-008749-003/2024(H5N1)	720	546
PB2|PP755596.1|A/cattle/Texas/24-008749-003/2024(H5N1)	721	560
PB2|PP755596.1|A/cattle/Texas/24-008749-003/2024(H5N1)	722	553
PB2|PP755596.1|A/cattle/Texas/24-008749-003/2024(H5N1)	723	553
PB2|PP755596.1|A/cattle/Texas/24-008749-003/2024(H5N1)	724	554
PB2|PP755596.1|A/cattle/Texas/24-008749-003/2024(H5N1)	725	552
PB2|PP755596.1|A/cattle/Texas/24-008749-003/2024(H5N1)	726	580
PB2|PP755596.1|A/cattle/Texas/24-008749-003/2024(H5N1)	727	586
PB2|PP755596.1|A/cattle/Texas/24-008749-003/2024(H5N1)	728	568
PB2|PP755596.1|A/cattle/Texas/24-008749-003/2024(H5N1)	729	578
PB2|PP755596.1|A/cattle/Texas/24-008749-003/2024(H5N1)	730	583
PB2|PP755596.1|A/cattle/Texas/24-008749-003/2024(H5N1)	731	583
PB2|PP755596.1|A/cattle/Texas/24-008749-003/2024(H5N1)	732	583
PB2|PP755596.1|A/cattle/Texas/24-008749-003/2024(H5N1)	733	576
PB2|PP755596.1|A/cattle/Texas/24-008749-003/2024(H5N1)	734	580
PB2|PP755596.1|A/cattle/Texas/24-008749-003/2024(H5N1)	735	553
PB2|PP755596.1|A/cattle/Texas/24-008749-003/2024(H5N1)	736	562
PB2|PP755596.1|A/cattle/Texas/24-008749-003/2024(H5N1)	737	559
PB2|PP755596.1|A/cattle/Texas/24-008749-003/2024(H5N1)	738	547
PB2|PP755596.1|A/cattle/Texas/24-008749-003/2024(H5N1)	739	548
PB2|PP755596.1|A/cattle/Texas/24-008749-003/2024(H5N1)	740	558
PB2|PP755596.1|A/cattle/Texas/24-008749-003/2024(H5N1)	741	558
PB2|PP755596.1|A/cattle/Texas/24-008749-003/2024(H5N1)	742	559
PB2|PP755596.1|A/cattle/Texas/24-008749-003/2024(H5N1)	743	551
PB2|PP755596.1|A/cattle/Texas/24-008749-003/2024(H5N1)	744	552
PB2|PP755596.1|A/cattle/Texas/24-008749-003/2024(H5N1)	745	554
PB2|PP755596.1|A/cattle/Texas/24-008749-003/2024(H5N1)	746	557
PB2|PP755596.1|A/cattle/Texas/24-008749-003/2024(H5N1)	747	557
PB2|PP755596.1|A/cattle/Texas/24-008749-003/2024(H5N1)	748	557
PB2|PP755596.1|A/cattle/Texas/24-008749-003/2024(H5N1)	749	540
PB2|PP755596.1|A/cattle/Texas/24-008749-003/2024(H5N1)	750	540
PB2|PP755596.1|A/cattle/Texas/24-008749-003/2024(H5N1)	751	531
PB2|PP755596.1|A/cattle/Texas/24-008749-003/2024(H5N1)	752	530
PB2|PP755596.1|A/cattle/Texas/24-008749-003/2024(H5N1)	753	530
PB2|PP755596.1|A/cattle/Texas/24-008749-003/2024(H5N1)	754	524
PB2|PP755596.1|A/cattle/Texas/24-008749-003/2024(H5N1)	755	527
PB2|PP755596.1|A/cattle/Texas/24-008749-003/2024(H5N1)	756	521
PB2|PP755596.1|A/cattle/Texas/24-008749-003/2024(H5N1)	757	521
PB2|PP755596.1|A/cattle/Texas/24-008749-003/2024(H5N1)	758	506
PB2|PP755596.1|A/cattle/Texas/24-008749-003/2024(H5N1)	759	504
PB2|PP755596.1|A/cattle/Texas/24-008749-003/2024(H5N1)	760	507
PB2|PP755596.1|A/cattle/Texas/24-008749-003/2024(H5N1)	761	536
PB2|PP755596.1|A/cattle/Texas/24-008749-003/2024(H5N1)	762	536
PB2|PP755596.1|A/cattle/Texas/24-008749-003/2024(H5N1)	763	540
PB2|PP755596.1|A/cattle/Texas/24-008749-003/2024(H5N1)	764	538
PB2|PP755596.1|A/cattle/Texas/24-008749-003/2024(H5N1)	765	535
PB2|PP755596.1|A/cattle/Texas/24-008749-003/2024(H5N1)	766	565
PB2|PP755596.1|A/cattle/Texas/24-008749-003/2024(H5N1)	767	566
PB2|PP755596.1|A/cattle/Texas/24-008749-003/2024(H5N1)	768	584
PB2|PP755596.1|A/cattle/Texas/24-008749-003/2024(H5N1)	769	584
PB2|PP755596.1|A/cattle/Texas/24-008749-003/2024(H5N1)	770	569
PB2|PP755596.1|A/cattle/Texas/24-008749-003/2024(H5N1)	771	573
PB2|PP755596.1|A/cattle/Texas/24-008749-003/2024(H5N1)	772	583
PB2|PP755596.1|A/cattle/Texas/24-008749-003/2024(H5N1)	773	584
PB2|PP755596.1|A/cattle/Texas/24-008749-003/2024(H5N1)	774	580
PB2|PP755596.1|A/cattle/Texas/24-008749-003/2024(H5N1)	775	575
PB2|PP755596.1|A/cattle/Texas/24-008749-003/2024(H5N1)	776	574
PB2|PP755596.1|A/cattle/Texas/24-008749-003/2024(H5N1)	777	576
PB2|PP755596.1|A/cattle/Texas/24-008749-003/2024(H5N1)	778	609
PB2|PP755596.1|A/cattle/Texas/24-008749-003/2024(H5N1)	779	608
PB2|PP755596.1|A/cattle/Texas/24-008749-003/2024(H5N1)	780	606
PB2|PP755596.1|A/cattle/Texas/24-008749-003/2024(H5N1)	781	599
PB2|PP755596.1|A/cattle/Texas/24-008749-003/2024(H5N1)	782	598
PB2|PP755596.1|A/cattle/Texas/24-008749-003/2024(H5N1)	783	608
PB2|PP755596.1|A/cattle/Texas/24-008749-003/2024(H5N1)	784	607
PB2|PP755596.1|A/cattle/Texas/24-008749-003/2024(H5N1)	785	607
PB2|PP755596.1|A/cattle/Texas/24-008749-003/2024(H5N1)	786	606
PB2|PP755596.1|A/cattle/Texas/24-008749-003/2024(H5N1)	787	609
PB2|PP755596.1|A/cattle/Texas/24-008749-003/2024(H5N1)	788	624
PB2|PP755596.1|A/cattle/Texas/24-008749-003/2024(H5N1)	789	634
PB2|PP755596.1|A/cattle/Texas/24-008749-003/2024(H5N1)	790	634
PB2|PP755596.1|A/cattle/Texas/24-008749-003/2024(H5N1)	791	641
PB2|PP755596.1|A/cattle/Texas/24-008749-003/2024(H5N1)	792	626
PB2|PP755596.1|A/cattle/Texas/24-008749-003/2024(H5N1)	793	629
PB2|PP755596.1|A/cattle/Texas/24-008749-003/2024(H5N1)	794	629
PB2|PP755596.1|A/cattle/Texas/24-008749-003/2024(H5N1)	795	630
PB2|PP755596.1|A/cattle/Texas/24-008749-003/2024(H5N1)	796	635
PB2|PP755596.1|A/cattle/Texas/24-008749-003/2024(H5N1)	797	633
PB2|PP755596.1|A/cattle/Texas/24-008749-003/2024(H5N1)	798	627
PB2|PP755596.1|A/cattle/Texas/24-008749-003/2024(H5N1)	799	624
PB2|PP755596.1|A/cattle/Texas/24-008749-003/2024(H5N1)	800	632
PB2|PP755596.1|A/cattle/Texas/24-008749-003/2024(H5N1)	801	629
PB2|PP755596.1|A/cattle/Texas/24-008749-003/2024(H5N1)	802	628
PB2|PP755596.1|A/cattle/Texas/24-008749-003/2024(H5N1)	803	629
PB2|PP755596.1|A/cattle/Texas/24-008749-003/2024(H5N1)	804	640
PB2|PP755596.1|A/cattle/Texas/24-008749-003/2024(H5N1)	805	627
PB2|PP755596.1|A/cattle/Texas/24-008749-003/2024(H5N1)	806	641
PB2|PP755596.1|A/cattle/Texas/24-008749-003/2024(H5N1)	807	643
PB2|PP755596.1|A/cattle/Texas/24-008749-003/2024(H5N1)	808	644
PB2|PP755596.1|A/cattle/Texas/24-008749-003/2024(H5N1)	809	646
PB2|PP755596.1|A/cattle/Texas/24-008749-003/2024(H5N1)	810	650
PB2|PP755596.1|A/cattle/Texas/24-008749-003/2024(H5N1)	811	651
PB2|PP755596.1|A/cattle/Texas/24-008749-003/2024(H5N1)	812	657
PB2|PP755596.1|A/cattle/Texas/24-008749-003/2024(H5N1)	813	659
PB2|PP755596.1|A/cattle/Texas/24-008749-003/2024(H5N1)	814	667
PB2|PP755596.1|A/cattle/Texas/24-008749-003/2024(H5N1)	815	670
PB2|PP755596.1|A/cattle/Texas/24-008749-003/2024(H5N1)	816	663
PB2|PP755596.1|A/cattle/Texas/24-008749-003/2024(H5N1)	817	662
PB2|PP755596.1|A/cattle/Texas/24-008749-003/2024(H5N1)	818	648
PB2|PP755596.1|A/cattle/Texas/24-008749-003/2024(H5N1)	819	647
PB2|PP755596.1|A/cattle/Texas/24-008749-003/2024(H5N1)	820	647
PB2|PP755596.1|A/cattle/Texas/24-008749-003/2024(H5N1)	821	646
PB2|PP755596.1|A/cattle/Texas/24-008749-003/2024(H5N1)	822	631
PB2|PP755596.1|A/cattle/Texas/24-008749-003/2024(H5N1)	823	634
PB2|PP755596.1|A/cattle/Texas/24-008749-003/2024(H5N1)	824	650
PB2|PP755596.1|A/cattle/Texas/24-008749-003/2024(H5N1)	825	661
PB2|PP755596.1|A/cattle/Texas/24-008749-003/2024(H5N1)	826	660
PB2|PP755596.1|A/cattle/Texas/24-008749-003/2024(H5N1)	827	644
PB2|PP755596.1|A/cattle/Texas/24-008749-003/2024(H5N1)	828	643
PB2|PP755596.1|A/cattle/Texas/24-008749-003/2024(H5N1)	829	659
PB2|PP755596.1|A/cattle/Texas/24-008749-003/2024(H5N1)	830	651
PB2|PP755596.1|A/cattle/Texas/24-008749-003/2024(H5N1)	831	651
PB2|PP755596.1|A/cattle/Texas/24-008749-003/2024(H5N1)	832	647
PB2|PP755596.1|A/cattle/Texas/24-008749-003/2024(H5N1)	833	630
PB2|PP755596.1|A/cattle/Texas/24-008749-003/2024(H5N1)	834	618
PB2|PP755596.1|A/cattle/Texas/24-008749-003/2024(H5N1)	835	617
PB2|PP755596.1|A/cattle/Texas/24-008749-003/2024(H5N1)	836	621
PB2|PP755596.1|A/cattle/Texas/24-008749-003/2024(H5N1)	837	624
PB2|PP755596.1|A/cattle/Texas/24-008749-003/2024(H5N1)	838	636
PB2|PP755596.1|A/cattle/Texas/24-008749-003/2024(H5N1)	839	637
PB2|PP755596.1|A/cattle/Texas/24-008749-003/2024(H5N1)	840	639
PB2|PP755596.1|A/cattle/Texas/24-008749-003/2024(H5N1)	841	640
PB2|PP755596.1|A/cattle/Texas/24-008749-003/2024(H5N1)	842	637
PB2|PP755596.1|A/cattle/Texas/24-008749-003/2024(H5N1)	843	636
PB2|PP755596.1|A/cattle/Texas/24-008749-003/2024(H5N1)	844	634
PB2|PP755596.1|A/cattle/Texas/24-008749-003/2024(H5N1)	845	627
PB2|PP755596.1|A/cattle/Texas/24-008749-003/2024(H5N1)	846	627
PB2|PP755596.1|A/cattle/Texas/24-008749-003/2024(H5N1)	847	611
PB2|PP755596.1|A/cattle/Texas/24-008749-003/2024(H5N1)	848	600
PB2|PP755596.1|A/cattle/Texas/24-008749-003/2024(H5N1)	849	612
PB2|PP755596.1|A/cattle/Texas/24-008749-003/2024(H5N1)	850	612
PB2|PP755596.1|A/cattle/Texas/24-008749-003/2024(H5N1)	851	612
PB2|PP755596.1|A/cattle/Texas/24-008749-003/2024(H5N1)	852	610
PB2|PP755596.1|A/cattle/Texas/24-008749-003/2024(H5N1)	853	614
PB2|PP755596.1|A/cattle/Texas/24-008749-003/2024(H5N1)	854	614
PB2|PP755596.1|A/cattle/Texas/24-008749-003/2024(H5N1)	855	612
PB2|PP755596.1|A/cattle/Texas/24-008749-003/2024(H5N1)	856	606
PB2|PP755596.1|A/cattle/Texas/24-008749-003/2024(H5N1)	857	607
PB2|PP755596.1|A/cattle/Texas/24-008749-003/2024(H5N1)	858	590
PB2|PP755596.1|A/cattle/Texas/24-008749-003/2024(H5N1)	859	591
PB2|PP755596.1|A/cattle/Texas/24-008749-003/2024(H5N1)	860	589
PB2|PP755596.1|A/cattle/Texas/24-008749-003/2024(H5N1)	861	588
PB2|PP755596.1|A/cattle/Texas/24-008749-003/2024(H5N1)	862	592
PB2|PP755596.1|A/cattle/Texas/24-008749-003/2024(H5N1)	863	592
PB2|PP755596.1|A/cattle/Texas/24-008749-003/2024(H5N1)	864	592
PB2|PP755596.1|A/cattle/Texas/24-008749-003/2024(H5N1)	865	593
PB2|PP755596.1|A/cattle/Texas/24-008749-003/2024(H5N1)	866	593
PB2|PP755596.1|A/cattle/Texas/24-008749-003/2024(H5N1)	867	587
PB2|PP755596.1|A/cattle/Texas/24-008749-003/2024(H5N1)	868	588
PB2|PP755596.1|A/cattle/Texas/24-008749-003/2024(H5N1)	869	588
PB2|PP755596.1|A/cattle/Texas/24-008749-003/2024(H5N1)	870	587
PB2|PP755596.1|A/cattle/Texas/24-008749-003/2024(H5N1)	871	586
PB2|PP755596.1|A/cattle/Texas/24-008749-003/2024(H5N1)	872	598
PB2|PP755596.1|A/cattle/Texas/24-008749-003/2024(H5N1)	873	597
PB2|PP755596.1|A/cattle/Texas/24-008749-003/2024(H5N1)	874	597
PB2|PP755596.1|A/cattle/Texas/24-008749-003/2024(H5N1)	875	595
PB2|PP755596.1|A/cattle/Texas/24-008749-003/2024(H5N1)	876	596
PB2|PP755596.1|A/cattle/Texas/24-008749-003/2024(H5N1)	877	567
PB2|PP755596.1|A/cattle/Texas/24-008749-003/2024(H5N1)	878	570
PB2|PP755596.1|A/cattle/Texas/24-008749-003/2024(H5N1)	879	571
PB2|PP755596.1|A/cattle/Texas/24-008749-003/2024(H5N1)	880	565
PB2|PP755596.1|A/cattle/Texas/24-008749-003/2024(H5N1)	881	557
PB2|PP755596.1|A/cattle/Texas/24-008749-003/2024(H5N1)	882	563
PB2|PP755596.1|A/cattle/Texas/24-008749-003/2024(H5N1)	883	569
PB2|PP755596.1|A/cattle/Texas/24-008749-003/2024(H5N1)	884	570
PB2|PP755596.1|A/cattle/Texas/24-008749-003/2024(H5N1)	885	567
PB2|PP755596.1|A/cattle/Texas/24-008749-003/2024(H5N1)	886	567
PB2|PP755596.1|A/cattle/Texas/24-008749-003/2024(H5N1)	887	560
PB2|PP755596.1|A/cattle/Texas/24-008749-003/2024(H5N1)	888	561
PB2|PP755596.1|A/cattle/Texas/24-008749-003/2024(H5N1)	889	559
PB2|PP755596.1|A/cattle/Texas/24-008749-003/2024(H5N1)	890	570
PB2|PP755596.1|A/cattle/Texas/24-008749-003/2024(H5N1)	891	556
PB2|PP755596.1|A/cattle/Texas/24-008749-003/2024(H5N1)	892	556
PB2|PP755596.1|A/cattle/Texas/24-008749-003/2024(H5N1)	893	556
PB2|PP755596.1|A/cattle/Texas/24-008749-003/2024(H5N1)	894	556
PB2|PP755596.1|A/cattle/Texas/24-008749-003/2024(H5N1)	895	556
PB2|PP755596.1|A/cattle/Texas/24-008749-003/2024(H5N1)	896	550
PB2|PP755596.1|A/cattle/Texas/24-008749-003/2024(H5N1)	897	553
PB2|PP755596.1|A/cattle/Texas/24-008749-003/2024(H5N1)	898	554
PB2|PP755596.1|A/cattle/Texas/24-008749-003/2024(H5N1)	899	551
PB2|PP755596.1|A/cattle/Texas/24-008749-003/2024(H5N1)	900	551
PB2|PP755596.1|A/cattle/Texas/24-008749-003/2024(H5N1)	901	549
PB2|PP755596.1|A/cattle/Texas/24-008749-003/2024(H5N1)	902	579
PB2|PP755596.1|A/cattle/Texas/24-008749-003/2024(H5N1)	903	579
PB2|PP755596.1|A/cattle/Texas/24-008749-003/2024(H5N1)	904	579
PB2|PP755596.1|A/cattle/Texas/24-008749-003/2024(H5N1)	905	580
PB2|PP755596.1|A/cattle/Texas/24-008749-003/2024(H5N1)	906	577
PB2|PP755596.1|A/cattle/Texas/24-008749-003/2024(H5N1)	907	575
PB2|PP755596.1|A/cattle/Texas/24-008749-003/2024(H5N1)	908	575
PB2|PP755596.1|A/cattle/Texas/24-008749-003/2024(H5N1)	909	574
PB2|PP755596.1|A/cattle/Texas/24-008749-003/2024(H5N1)	910	578
PB2|PP755596.1|A/cattle/Texas/24-008749-003/2024(H5N1)	911	573
PB2|PP755596.1|A/cattle/Texas/24-008749-003/2024(H5N1)	912	553
PB2|PP755596.1|A/cattle/Texas/24-008749-003/2024(H5N1)	913	554
PB2|PP755596.1|A/cattle/Texas/24-008749-003/2024(H5N1)	914	553
PB2|PP755596.1|A/cattle/Texas/24-008749-003/2024(H5N1)	915	553
PB2|PP755596.1|A/cattle/Texas/24-008749-003/2024(H5N1)	916	527
PB2|PP755596.1|A/cattle/Texas/24-008749-003/2024(H5N1)	917	524
PB2|PP755596.1|A/cattle/Texas/24-008749-003/2024(H5N1)	918	524
PB2|PP755596.1|A/cattle/Texas/24-008749-003/2024(H5N1)	919	522
PB2|PP755596.1|A/cattle/Texas/24-008749-003/2024(H5N1)	920	525
PB2|PP755596.1|A/cattle/Texas/24-008749-003/2024(H5N1)	921	516
PB2|PP755596.1|A/cattle/Texas/24-008749-003/2024(H5N1)	922	517
PB2|PP755596.1|A/cattle/Texas/24-008749-003/2024(H5N1)	923	518
PB2|PP755596.1|A/cattle/Texas/24-008749-003/2024(H5N1)	924	525
PB2|PP755596.1|A/cattle/Texas/24-008749-003/2024(H5N1)	925	565
PB2|PP755596.1|A/cattle/Texas/24-008749-003/2024(H5N1)	926	571
PB2|PP755596.1|A/cattle/Texas/24-008749-003/2024(H5N1)	927	588
PB2|PP755596.1|A/cattle/Texas/24-008749-003/2024(H5N1)	928	561
PB2|PP755596.1|A/cattle/Texas/24-008749-003/2024(H5N1)	929	557
PB2|PP755596.1|A/cattle/Texas/24-008749-003/2024(H5N1)	930	576
PB2|PP755596.1|A/cattle/Texas/24-008749-003/2024(H5N1)	931	575
PB2|PP755596.1|A/cattle/Texas/24-008749-003/2024(H5N1)	932	575
PB2|PP755596.1|A/cattle/Texas/24-008749-003/2024(H5N1)	933	576
PB2|PP755596.1|A/cattle/Texas/24-008749-003/2024(H5N1)	934	597
PB2|PP755596.1|A/cattle/Texas/24-008749-003/2024(H5N1)	935	607
PB2|PP755596.1|A/cattle/Texas/24-008749-003/2024(H5N1)	936	605
PB2|PP755596.1|A/cattle/Texas/24-008749-003/2024(H5N1)	937	612
PB2|PP755596.1|A/cattle/Texas/24-008749-003/2024(H5N1)	938	609
PB2|PP755596.1|A/cattle/Texas/24-008749-003/2024(H5N1)	939	592
PB2|PP755596.1|A/cattle/Texas/24-008749-003/2024(H5N1)	940	600
PB2|PP755596.1|A/cattle/Texas/24-008749-003/2024(H5N1)	941	595
PB2|PP755596.1|A/cattle/Texas/24-008749-003/2024(H5N1)	942	597
PB2|PP755596.1|A/cattle/Texas/24-008749-003/2024(H5N1)	943	595
PB2|PP755596.1|A/cattle/Texas/24-008749-003/2024(H5N1)	944	598
PB2|PP755596.1|A/cattle/Texas/24-008749-003/2024(H5N1)	945	605
PB2|PP755596.1|A/cattle/Texas/24-008749-003/2024(H5N1)	946	613
PB2|PP755596.1|A/cattle/Texas/24-008749-003/2024(H5N1)	947	616
PB2|PP755596.1|A/cattle/Texas/24-008749-003/2024(H5N1)	948	617
PB2|PP755596.1|A/cattle/Texas/24-008749-003/2024(H5N1)	949	601
PB2|PP755596.1|A/cattle/Texas/24-008749-003/2024(H5N1)	950	600
PB2|PP755596.1|A/cattle/Texas/24-008749-003/2024(H5N1)	951	600
PB2|PP755596.1|A/cattle/Texas/24-008749-003/2024(H5N1)	952	600
PB2|PP755596.1|A/cattle/Texas/24-008749-003/2024(H5N1)	953	617
PB2|PP755596.1|A/cattle/Texas/24-008749-003/2024(H5N1)	954	623
PB2|PP755596.1|A/cattle/Texas/24-008749-003/2024(H5N1)	955	612
PB2|PP755596.1|A/cattle/Texas/24-008749-003/2024(H5N1)	956	611
PB2|PP755596.1|A/cattle/Texas/24-008749-003/2024(H5N1)	957	598
PB2|PP755596.1|A/cattle/Texas/24-008749-003/2024(H5N1)	958	600
PB2|PP755596.1|A/cattle/Texas/24-008749-003/2024(H5N1)	959	601
PB2|PP755596.1|A/cattle/Texas/24-008749-003/2024(H5N1)	960	603
PB2|PP755596.1|A/cattle/Texas/24-008749-003/2024(H5N1)	961	599
PB2|PP755596.1|A/cattle/Texas/24-008749-003/2024(H5N1)	962	589
PB2|PP755596.1|A/cattle/Texas/24-008749-003/2024(H5N1)	963	578
PB2|PP755596.1|A/cattle/Texas/24-008749-003/2024(H5N1)	964	586
PB2|PP755596.1|A/cattle/Texas/24-008749-003/2024(H5N1)	965	579
PB2|PP755596.1|A/cattle/Texas/24-008749-003/2024(H5N1)	966	580
PB2|PP755596.1|A/cattle/Texas/24-008749-003/2024(H5N1)	967	578
PB2|PP755596.1|A/cattle/Texas/24-008749-003/2024(H5N1)	968	577
PB2|PP755596.1|A/cattle/Texas/24-008749-003/2024(H5N1)	969	573
PB2|PP755596.1|A/cattle/Texas/24-008749-003/2024(H5N1)	970	573
PB2|PP755596.1|A/cattle/Texas/24-008749-003/2024(H5N1)	971	589
PB2|PP755596.1|A/cattle/Texas/24-008749-003/2024(H5N1)	972	594
PB2|PP755596.1|A/cattle/Texas/24-008749-003/2024(H5N1)	973	587
PB2|PP755596.1|A/cattle/Texas/24-008749-003/2024(H5N1)	974	587
PB2|PP755596.1|A/cattle/Texas/24-008749-003/2024(H5N1)	975	580
PB2|PP755596.1|A/cattle/Texas/24-008749-003/2024(H5N1)	976	568
PB2|PP755596.1|A/cattle/Texas/24-008749-003/2024(H5N1)	977	568
PB2|PP755596.1|A/cattle/Texas/24-008749-003/2024(H5N1)	978	577
PB2|PP755596.1|A/cattle/Texas/24-008749-003/2024(H5N1)	979	580
PB2|PP755596.1|A/cattle/Texas/24-008749-003/2024(H5N1)	980	556
PB2|PP755596.1|A/cattle/Texas/24-008749-003/2024(H5N1)	981	560
PB2|PP755596.1|A/cattle/Texas/24-008749-003/2024(H5N1)	982	559
PB2|PP755596.1|A/cattle/Texas/24-008749-003/2024(H5N1)	983	558
PB2|PP755596.1|A/cattle/Texas/24-008749-003/2024(H5N1)	984	559
PB2|PP755596.1|A/cattle/Texas/24-008749-003/2024(H5N1)	985	555
PB2|PP755596.1|A/cattle/Texas/24-008749-003/2024(H5N1)	986	554
PB2|PP755596.1|A/cattle/Texas/24-008749-003/2024(H5N1)	987	555
PB2|PP755596.1|A/cattle/Texas/24-008749-003/2024(H5N1)	988	553
PB2|PP755596.1|A/cattle/Texas/24-008749-003/2024(H5N1)	989	540
PB2|PP755596.1|A/cattle/Texas/24-008749-003/2024(H5N1)	990	538
PB2|PP755596.1|A/cattle/Texas/24-008749-003/2024(H5N1)	991	552
PB2|PP755596.1|A/cattle/Texas/24-008749-003/2024(H5N1)	992	550
PB2|PP755596.1|A/cattle/Texas/24-008749-003/2024(H5N1)	993	550
PB2|PP755596.1|A/cattle/Texas/24-008749-003/2024(H5N1)	994	551
PB2|PP755596.1|A/cattle/Texas/24-008749-003/2024(H5N1)	995	555
PB2|PP755596.1|A/cattle/Texas/24-008749-003/2024(H5N1)	996	553
PB2|PP755596.1|A/cattle/Texas/24-008749-003/2024(H5N1)	997	562
PB2|PP755596.1|A/cattle/Texas/24-008749-003/2024(H5N1)	998	564
PB2|PP755596.1|A/cattle/Texas/24-008749-003/2024(H5N1)	999	564
PB2|PP755596.1|A/cattle/Texas/24-008749-003/2024(H5N1)	1000	556
PB2|PP755596.1|A/cattle/Texas/24-008749-003/2024(H5N1)	1001	554
PB2|PP755596.1|A/cattle/Texas/24-008749-003/2024(H5N1)	1002	563
PB2|PP755596.1|A/cattle/Texas/24-008749-003/2024(H5N1)	1003	563
PB2|PP755596.1|A/cattle/Texas/24-008749-003/2024(H5N1)	1004	553
PB2|PP755596.1|A/cattle/Texas/24-008749-003/2024(H5N1)	1005	553
PB2|PP755596.1|A/cattle/Texas/24-008749-003/2024(H5N1)	1006	571
PB2|PP755596.1|A/cattle/Texas/24-008749-003/2024(H5N1)	1007	566
PB2|PP755596.1|A/cattle/Texas/24-008749-003/2024(H5N1)	1008	565
PB2|PP755596.1|A/cattle/Texas/24-008749-003/2024(H5N1)	1009	564
PB2|PP755596.1|A/cattle/Texas/24-008749-003/2024(H5N1)	1010	560
PB2|PP755596.1|A/cattle/Texas/24-008749-003/2024(H5N1)	1011	560
PB2|PP755596.1|A/cattle/Texas/24-008749-003/2024(H5N1)	1012	567
PB2|PP755596.1|A/cattle/Texas/24-008749-003/2024(H5N1)	1013	567
PB2|PP755596.1|A/cattle/Texas/24-008749-003/2024(H5N1)	1014	567
PB2|PP755596.1|A/cattle/Texas/24-008749-003/2024(H5N1)	1015	567
PB2|PP755596.1|A/cattle/Texas/24-008749-003/2024(H5N1)	1016	567
PB2|PP755596.1|A/cattle/Texas/24-008749-003/2024(H5N1)	1017	564
PB2|PP755596.1|A/cattle/Texas/24-008749-003/2024(H5N1)	1018	567
PB2|PP755596.1|A/cattle/Texas/24-008749-003/2024(H5N1)	1019	567
PB2|PP755596.1|A/cattle/Texas/24-008749-003/2024(H5N1)	1020	572
PB2|PP755596.1|A/cattle/Texas/24-008749-003/2024(H5N1)	1021	577
PB2|PP755596.1|A/cattle/Texas/24-008749-003/2024(H5N1)	1022	572
PB2|PP755596.1|A/cattle/Texas/24-008749-003/2024(H5N1)	1023	557
PB2|PP755596.1|A/cattle/Texas/24-008749-003/2024(H5N1)	1024	558
PB2|PP755596.1|A/cattle/Texas/24-008749-003/2024(H5N1)	1025	564
PB2|PP755596.1|A/cattle/Texas/24-008749-003/2024(H5N1)	1026	563
PB2|PP755596.1|A/cattle/Texas/24-008749-003/2024(H5N1)	1027	564
PB2|PP755596.1|A/cattle/Texas/24-008749-003/2024(H5N1)	1028	567
PB2|PP755596.1|A/cattle/Texas/24-008749-003/2024(H5N1)	1029	561
PB2|PP755596.1|A/cattle/Texas/24-008749-003/2024(H5N1)	1030	561
PB2|PP755596.1|A/cattle/Texas/24-008749-003/2024(H5N1)	1031	553
PB2|PP755596.1|A/cattle/Texas/24-008749-003/2024(H5N1)	1032	561
PB2|PP755596.1|A/cattle/Texas/24-008749-003/2024(H5N1)	1033	551
PB2|PP755596.1|A/cattle/Texas/24-008749-003/2024(H5N1)	1034	556
PB2|PP755596.1|A/cattle/Texas/24-008749-003/2024(H5N1)	1035	557
PB2|PP755596.1|A/cattle/Texas/24-008749-003/2024(H5N1)	1036	558
PB2|PP755596.1|A/cattle/Texas/24-008749-003/2024(H5N1)	1037	556
PB2|PP755596.1|A/cattle/Texas/24-008749-003/2024(H5N1)	1038	555
PB2|PP755596.1|A/cattle/Texas/24-008749-003/2024(H5N1)	1039	552
PB2|PP755596.1|A/cattle/Texas/24-008749-003/2024(H5N1)	1040	552
PB2|PP755596.1|A/cattle/Texas/24-008749-003/2024(H5N1)	1041	542
PB2|PP755596.1|A/cattle/Texas/24-008749-003/2024(H5N1)	1042	542
PB2|PP755596.1|A/cattle/Texas/24-008749-003/2024(H5N1)	1043	542
PB2|PP755596.1|A/cattle/Texas/24-008749-003/2024(H5N1)	1044	566
PB2|PP755596.1|A/cattle/Texas/24-008749-003/2024(H5N1)	1045	568
PB2|PP755596.1|A/cattle/Texas/24-008749-003/2024(H5N1)	1046	566
PB2|PP755596.1|A/cattle/Texas/24-008749-003/2024(H5N1)	1047	568
PB2|PP755596.1|A/cattle/Texas/24-008749-003/2024(H5N1)	1048	575
PB2|PP755596.1|A/cattle/Texas/24-008749-003/2024(H5N1)	1049	574
PB2|PP755596.1|A/cattle/Texas/24-008749-003/2024(H5N1)	1050	574
PB2|PP755596.1|A/cattle/Texas/24-008749-003/2024(H5N1)	1051	575
PB2|PP755596.1|A/cattle/Texas/24-008749-003/2024(H5N1)	1052	574
PB2|PP755596.1|A/cattle/Texas/24-008749-003/2024(H5N1)	1053	547
PB2|PP755596.1|A/cattle/Texas/24-008749-003/2024(H5N1)	1054	546
PB2|PP755596.1|A/cattle/Texas/24-008749-003/2024(H5N1)	1055	546
PB2|PP755596.1|A/cattle/Texas/24-008749-003/2024(H5N1)	1056	547
PB2|PP755596.1|A/cattle/Texas/24-008749-003/2024(H5N1)	1057	550
PB2|PP755596.1|A/cattle/Texas/24-008749-003/2024(H5N1)	1058	554
PB2|PP755596.1|A/cattle/Texas/24-008749-003/2024(H5N1)	1059	557
PB2|PP755596.1|A/cattle/Texas/24-008749-003/2024(H5N1)	1060	559
PB2|PP755596.1|A/cattle/Texas/24-008749-003/2024(H5N1)	1061	551
PB2|PP755596.1|A/cattle/Texas/24-008749-003/2024(H5N1)	1062	554
PB2|PP755596.1|A/cattle/Texas/24-008749-003/2024(H5N1)	1063	550
PB2|PP755596.1|A/cattle/Texas/24-008749-003/2024(H5N1)	1064	555
PB2|PP755596.1|A/cattle/Texas/24-008749-003/2024(H5N1)	1065	563
PB2|PP755596.1|A/cattle/Texas/24-008749-003/2024(H5N1)	1066	582
PB2|PP755596.1|A/cattle/Texas/24-008749-003/2024(H5N1)	1067	585
PB2|PP755596.1|A/cattle/Texas/24-008749-003/2024(H5N1)	1068	587
PB2|PP755596.1|A/cattle/Texas/24-008749-003/2024(H5N1)	1069	611
PB2|PP755596.1|A/cattle/Texas/24-008749-003/2024(H5N1)	1070	610
PB2|PP755596.1|A/cattle/Texas/24-008749-003/2024(H5N1)	1071	610
PB2|PP755596.1|A/cattle/Texas/24-008749-003/2024(H5N1)	1072	611
PB2|PP755596.1|A/cattle/Texas/24-008749-003/2024(H5N1)	1073	604
PB2|PP755596.1|A/cattle/Texas/24-008749-003/2024(H5N1)	1074	610
PB2|PP755596.1|A/cattle/Texas/24-008749-003/2024(H5N1)	1075	611
PB2|PP755596.1|A/cattle/Texas/24-008749-003/2024(H5N1)	1076	647
PB2|PP755596.1|A/cattle/Texas/24-008749-003/2024(H5N1)	1077	646
PB2|PP755596.1|A/cattle/Texas/24-008749-003/2024(H5N1)	1078	626
PB2|PP755596.1|A/cattle/Texas/24-008749-003/2024(H5N1)	1079	634
PB2|PP755596.1|A/cattle/Texas/24-008749-003/2024(H5N1)	1080	632
PB2|PP755596.1|A/cattle/Texas/24-008749-003/2024(H5N1)	1081	611
PB2|PP755596.1|A/cattle/Texas/24-008749-003/2024(H5N1)	1082	614
PB2|PP755596.1|A/cattle/Texas/24-008749-003/2024(H5N1)	1083	613
PB2|PP755596.1|A/cattle/Texas/24-008749-003/2024(H5N1)	1084	616
PB2|PP755596.1|A/cattle/Texas/24-008749-003/2024(H5N1)	1085	578
PB2|PP755596.1|A/cattle/Texas/24-008749-003/2024(H5N1)	1086	581
PB2|PP755596.1|A/cattle/Texas/24-008749-003/2024(H5N1)	1087	589
PB2|PP755596.1|A/cattle/Texas/24-008749-003/2024(H5N1)	1088	619
PB2|PP755596.1|A/cattle/Texas/24-008749-003/2024(H5N1)	1089	622
PB2|PP755596.1|A/cattle/Texas/24-008749-003/2024(H5N1)	1090	623
PB2|PP755596.1|A/cattle/Texas/24-008749-003/2024(H5N1)	1091	617
PB2|PP755596.1|A/cattle/Texas/24-008749-003/2024(H5N1)	1092	619
PB2|PP755596.1|A/cattle/Texas/24-008749-003/2024(H5N1)	1093	619
PB2|PP755596.1|A/cattle/Texas/24-008749-003/2024(H5N1)	1094	618
PB2|PP755596.1|A/cattle/Texas/24-008749-003/2024(H5N1)	1095	617
PB2|PP755596.1|A/cattle/Texas/24-008749-003/2024(H5N1)	1096	615
PB2|PP755596.1|A/cattle/Texas/24-008749-003/2024(H5N1)	1097	603
PB2|PP755596.1|A/cattle/Texas/24-008749-003/2024(H5N1)	1098	606
PB2|PP755596.1|A/cattle/Texas/24-008749-003/2024(H5N1)	1099	606
PB2|PP755596.1|A/cattle/Texas/24-008749-003/2024(H5N1)	1100	607
PB2|PP755596.1|A/cattle/Texas/24-008749-003/2024(H5N1)	1101	608
PB2|PP755596.1|A/cattle/Texas/24-008749-003/2024(H5N1)	1102	609
PB2|PP755596.1|A/cattle/Texas/24-008749-003/2024(H5N1)	1103	610
PB2|PP755596.1|A/cattle/Texas/24-008749-003/2024(H5N1)	1104	596
PB2|PP755596.1|A/cattle/Texas/24-008749-003/2024(H5N1)	1105	588
PB2|PP755596.1|A/cattle/Texas/24-008749-003/2024(H5N1)	1106	593
PB2|PP755596.1|A/cattle/Texas/24-008749-003/2024(H5N1)	1107	596
PB2|PP755596.1|A/cattle/Texas/24-008749-003/2024(H5N1)	1108	598
PB2|PP755596.1|A/cattle/Texas/24-008749-003/2024(H5N1)	1109	616
PB2|PP755596.1|A/cattle/Texas/24-008749-003/2024(H5N1)	1110	615
PB2|PP755596.1|A/cattle/Texas/24-008749-003/2024(H5N1)	1111	616
PB2|PP755596.1|A/cattle/Texas/24-008749-003/2024(H5N1)	1112	623
PB2|PP755596.1|A/cattle/Texas/24-008749-003/2024(H5N1)	1113	622
PB2|PP755596.1|A/cattle/Texas/24-008749-003/2024(H5N1)	1114	625
PB2|PP755596.1|A/cattle/Texas/24-008749-003/2024(H5N1)	1115	616
PB2|PP755596.1|A/cattle/Texas/24-008749-003/2024(H5N1)	1116	617
PB2|PP755596.1|A/cattle/Texas/24-008749-003/2024(H5N1)	1117	622
PB2|PP755596.1|A/cattle/Texas/24-008749-003/2024(H5N1)	1118	621
PB2|PP755596.1|A/cattle/Texas/24-008749-003/2024(H5N1)	1119	634
PB2|PP755596.1|A/cattle/Texas/24-008749-003/2024(H5N1)	1120	619
PB2|PP755596.1|A/cattle/Texas/24-008749-003/2024(H5N1)	1121	615
PB2|PP755596.1|A/cattle/Texas/24-008749-003/2024(H5N1)	1122	621
PB2|PP755596.1|A/cattle/Texas/24-008749-003/2024(H5N1)	1123	620
PB2|PP755596.1|A/cattle/Texas/24-008749-003/2024(H5N1)	1124	621
PB2|PP755596.1|A/cattle/Texas/24-008749-003/2024(H5N1)	1125	622
PB2|PP755596.1|A/cattle/Texas/24-008749-003/2024(H5N1)	1126	624
PB2|PP755596.1|A/cattle/Texas/24-008749-003/2024(H5N1)	1127	625
PB2|PP755596.1|A/cattle/Texas/24-008749-003/2024(H5N1)	1128	617
PB2|PP755596.1|A/cattle/Texas/24-008749-003/2024(H5N1)	1129	617
PB2|PP755596.1|A/cattle/Texas/24-008749-003/2024(H5N1)	1130	619
PB2|PP755596.1|A/cattle/Texas/24-008749-003/2024(H5N1)	1131	618
PB2|PP755596.1|A/cattle/Texas/24-008749-003/2024(H5N1)	1132	628
PB2|PP755596.1|A/cattle/Texas/24-008749-003/2024(H5N1)	1133	643
PB2|PP755596.1|A/cattle/Texas/24-008749-003/2024(H5N1)	1134	643
PB2|PP755596.1|A/cattle/Texas/24-008749-003/2024(H5N1)	1135	642
PB2|PP755596.1|A/cattle/Texas/24-008749-003/2024(H5N1)	1136	642
PB2|PP755596.1|A/cattle/Texas/24-008749-003/2024(H5N1)	1137	635
PB2|PP755596.1|A/cattle/Texas/24-008749-003/2024(H5N1)	1138	633
PB2|PP755596.1|A/cattle/Texas/24-008749-003/2024(H5N1)	1139	645
PB2|PP755596.1|A/cattle/Texas/24-008749-003/2024(H5N1)	1140	653
PB2|PP755596.1|A/cattle/Texas/24-008749-003/2024(H5N1)	1141	653
PB2|PP755596.1|A/cattle/Texas/24-008749-003/2024(H5N1)	1142	639
PB2|PP755596.1|A/cattle/Texas/24-008749-003/2024(H5N1)	1143	644
PB2|PP755596.1|A/cattle/Texas/24-008749-003/2024(H5N1)	1144	652
PB2|PP755596.1|A/cattle/Texas/24-008749-003/2024(H5N1)	1145	651
PB2|PP755596.1|A/cattle/Texas/24-008749-003/2024(H5N1)	1146	646
PB2|PP755596.1|A/cattle/Texas/24-008749-003/2024(H5N1)	1147	645
PB2|PP755596.1|A/cattle/Texas/24-008749-003/2024(H5N1)	1148	652
PB2|PP755596.1|A/cattle/Texas/24-008749-003/2024(H5N1)	1149	651
PB2|PP755596.1|A/cattle/Texas/24-008749-003/2024(H5N1)	1150	651
PB2|PP755596.1|A/cattle/Texas/24-008749-003/2024(H5N1)	1151	653
PB2|PP755596.1|A/cattle/Texas/24-008749-003/2024(H5N1)	1152	651
PB2|PP755596.1|A/cattle/Texas/24-008749-003/2024(H5N1)	1153	647
PB2|PP755596.1|A/cattle/Texas/24-008749-003/2024(H5N1)	1154	647
PB2|PP755596.1|A/cattle/Texas/24-008749-003/2024(H5N1)	1155	647
PB2|PP755596.1|A/cattle/Texas/24-008749-003/2024(H5N1)	1156	648
PB2|PP755596.1|A/cattle/Texas/24-008749-003/2024(H5N1)	1157	639
PB2|PP755596.1|A/cattle/Texas/24-008749-003/2024(H5N1)	1158	639
PB2|PP755596.1|A/cattle/Texas/24-008749-003/2024(H5N1)	1159	639
PB2|PP755596.1|A/cattle/Texas/24-008749-003/2024(H5N1)	1160	651
PB2|PP755596.1|A/cattle/Texas/24-008749-003/2024(H5N1)	1161	674
PB2|PP755596.1|A/cattle/Texas/24-008749-003/2024(H5N1)	1162	674
PB2|PP755596.1|A/cattle/Texas/24-008749-003/2024(H5N1)	1163	666
PB2|PP755596.1|A/cattle/Texas/24-008749-003/2024(H5N1)	1164	663
PB2|PP755596.1|A/cattle/Texas/24-008749-003/2024(H5N1)	1165	663
PB2|PP755596.1|A/cattle/Texas/24-008749-003/2024(H5N1)	1166	667
PB2|PP755596.1|A/cattle/Texas/24-008749-003/2024(H5N1)	1167	669
PB2|PP755596.1|A/cattle/Texas/24-008749-003/2024(H5N1)	1168	671
PB2|PP755596.1|A/cattle/Texas/24-008749-003/2024(H5N1)	1169	673
PB2|PP755596.1|A/cattle/Texas/24-008749-003/2024(H5N1)	1170	679
PB2|PP755596.1|A/cattle/Texas/24-008749-003/2024(H5N1)	1171	680
PB2|PP755596.1|A/cattle/Texas/24-008749-003/2024(H5N1)	1172	677
PB2|PP755596.1|A/cattle/Texas/24-008749-003/2024(H5N1)	1173	677
PB2|PP755596.1|A/cattle/Texas/24-008749-003/2024(H5N1)	1174	678
PB2|PP755596.1|A/cattle/Texas/24-008749-003/2024(H5N1)	1175	670
PB2|PP755596.1|A/cattle/Texas/24-008749-003/2024(H5N1)	1176	682
PB2|PP755596.1|A/cattle/Texas/24-008749-003/2024(H5N1)	1177	678
PB2|PP755596.1|A/cattle/Texas/24-008749-003/2024(H5N1)	1178	680
PB2|PP755596.1|A/cattle/Texas/24-008749-003/2024(H5N1)	1179	680
PB2|PP755596.1|A/cattle/Texas/24-008749-003/2024(H5N1)	1180	680
PB2|PP755596.1|A/cattle/Texas/24-008749-003/2024(H5N1)	1181	677
PB2|PP755596.1|A/cattle/Texas/24-008749-003/2024(H5N1)	1182	676
PB2|PP755596.1|A/cattle/Texas/24-008749-003/2024(H5N1)	1183	668
PB2|PP755596.1|A/cattle/Texas/24-008749-003/2024(H5N1)	1184	669
PB2|PP755596.1|A/cattle/Texas/24-008749-003/2024(H5N1)	1185	657
PB2|PP755596.1|A/cattle/Texas/24-008749-003/2024(H5N1)	1186	658
PB2|PP755596.1|A/cattle/Texas/24-008749-003/2024(H5N1)	1187	657
PB2|PP755596.1|A/cattle/Texas/24-008749-003/2024(H5N1)	1188	666
PB2|PP755596.1|A/cattle/Texas/24-008749-003/2024(H5N1)	1189	669
PB2|PP755596.1|A/cattle/Texas/24-008749-003/2024(H5N1)	1190	682
PB2|PP755596.1|A/cattle/Texas/24-008749-003/2024(H5N1)	1191	680
PB2|PP755596.1|A/cattle/Texas/24-008749-003/2024(H5N1)	1192	681
PB2|PP755596.1|A/cattle/Texas/24-008749-003/2024(H5N1)	1193	681
PB2|PP755596.1|A/cattle/Texas/24-008749-003/2024(H5N1)	1194	680
PB2|PP755596.1|A/cattle/Texas/24-008749-003/2024(H5N1)	1195	665
PB2|PP755596.1|A/cattle/Texas/24-008749-003/2024(H5N1)	1196	663
PB2|PP755596.1|A/cattle/Texas/24-008749-003/2024(H5N1)	1197	658
PB2|PP755596.1|A/cattle/Texas/24-008749-003/2024(H5N1)	1198	657
PB2|PP755596.1|A/cattle/Texas/24-008749-003/2024(H5N1)	1199	648
PB2|PP755596.1|A/cattle/Texas/24-008749-003/2024(H5N1)	1200	650
PB2|PP755596.1|A/cattle/Texas/24-008749-003/2024(H5N1)	1201	652
PB2|PP755596.1|A/cattle/Texas/24-008749-003/2024(H5N1)	1202	652
PB2|PP755596.1|A/cattle/Texas/24-008749-003/2024(H5N1)	1203	650
PB2|PP755596.1|A/cattle/Texas/24-008749-003/2024(H5N1)	1204	652
PB2|PP755596.1|A/cattle/Texas/24-008749-003/2024(H5N1)	1205	652
PB2|PP755596.1|A/cattle/Texas/24-008749-003/2024(H5N1)	1206	653
PB2|PP755596.1|A/cattle/Texas/24-008749-003/2024(H5N1)	1207	653
PB2|PP755596.1|A/cattle/Texas/24-008749-003/2024(H5N1)	1208	660
PB2|PP755596.1|A/cattle/Texas/24-008749-003/2024(H5N1)	1209	668
PB2|PP755596.1|A/cattle/Texas/24-008749-003/2024(H5N1)	1210	664
PB2|PP755596.1|A/cattle/Texas/24-008749-003/2024(H5N1)	1211	671
PB2|PP755596.1|A/cattle/Texas/24-008749-003/2024(H5N1)	1212	673
PB2|PP755596.1|A/cattle/Texas/24-008749-003/2024(H5N1)	1213	669
PB2|PP755596.1|A/cattle/Texas/24-008749-003/2024(H5N1)	1214	680
PB2|PP755596.1|A/cattle/Texas/24-008749-003/2024(H5N1)	1215	678
PB2|PP755596.1|A/cattle/Texas/24-008749-003/2024(H5N1)	1216	691
PB2|PP755596.1|A/cattle/Texas/24-008749-003/2024(H5N1)	1217	690
PB2|PP755596.1|A/cattle/Texas/24-008749-003/2024(H5N1)	1218	685
PB2|PP755596.1|A/cattle/Texas/24-008749-003/2024(H5N1)	1219	682
PB2|PP755596.1|A/cattle/Texas/24-008749-003/2024(H5N1)	1220	644
PB2|PP755596.1|A/cattle/Texas/24-008749-003/2024(H5N1)	1221	648
PB2|PP755596.1|A/cattle/Texas/24-008749-003/2024(H5N1)	1222	647
PB2|PP755596.1|A/cattle/Texas/24-008749-003/2024(H5N1)	1223	635
PB2|PP755596.1|A/cattle/Texas/24-008749-003/2024(H5N1)	1224	601
PB2|PP755596.1|A/cattle/Texas/24-008749-003/2024(H5N1)	1225	578
PB2|PP755596.1|A/cattle/Texas/24-008749-003/2024(H5N1)	1226	585
PB2|PP755596.1|A/cattle/Texas/24-008749-003/2024(H5N1)	1227	585
PB2|PP755596.1|A/cattle/Texas/24-008749-003/2024(H5N1)	1228	584
PB2|PP755596.1|A/cattle/Texas/24-008749-003/2024(H5N1)	1229	590
PB2|PP755596.1|A/cattle/Texas/24-008749-003/2024(H5N1)	1230	586
PB2|PP755596.1|A/cattle/Texas/24-008749-003/2024(H5N1)	1231	586
PB2|PP755596.1|A/cattle/Texas/24-008749-003/2024(H5N1)	1232	588
PB2|PP755596.1|A/cattle/Texas/24-008749-003/2024(H5N1)	1233	583
PB2|PP755596.1|A/cattle/Texas/24-008749-003/2024(H5N1)	1234	585
PB2|PP755596.1|A/cattle/Texas/24-008749-003/2024(H5N1)	1235	573
PB2|PP755596.1|A/cattle/Texas/24-008749-003/2024(H5N1)	1236	573
PB2|PP755596.1|A/cattle/Texas/24-008749-003/2024(H5N1)	1237	567
PB2|PP755596.1|A/cattle/Texas/24-008749-003/2024(H5N1)	1238	559
PB2|PP755596.1|A/cattle/Texas/24-008749-003/2024(H5N1)	1239	538
PB2|PP755596.1|A/cattle/Texas/24-008749-003/2024(H5N1)	1240	548
PB2|PP755596.1|A/cattle/Texas/24-008749-003/2024(H5N1)	1241	558
PB2|PP755596.1|A/cattle/Texas/24-008749-003/2024(H5N1)	1242	555
PB2|PP755596.1|A/cattle/Texas/24-008749-003/2024(H5N1)	1243	559
PB2|PP755596.1|A/cattle/Texas/24-008749-003/2024(H5N1)	1244	564
PB2|PP755596.1|A/cattle/Texas/24-008749-003/2024(H5N1)	1245	574
PB2|PP755596.1|A/cattle/Texas/24-008749-003/2024(H5N1)	1246	567
PB2|PP755596.1|A/cattle/Texas/24-008749-003/2024(H5N1)	1247	563
PB2|PP755596.1|A/cattle/Texas/24-008749-003/2024(H5N1)	1248	562
PB2|PP755596.1|A/cattle/Texas/24-008749-003/2024(H5N1)	1249	573
PB2|PP755596.1|A/cattle/Texas/24-008749-003/2024(H5N1)	1250	585
PB2|PP755596.1|A/cattle/Texas/24-008749-003/2024(H5N1)	1251	585
PB2|PP755596.1|A/cattle/Texas/24-008749-003/2024(H5N1)	1252	583
PB2|PP755596.1|A/cattle/Texas/24-008749-003/2024(H5N1)	1253	579
PB2|PP755596.1|A/cattle/Texas/24-008749-003/2024(H5N1)	1254	582
PB2|PP755596.1|A/cattle/Texas/24-008749-003/2024(H5N1)	1255	598
PB2|PP755596.1|A/cattle/Texas/24-008749-003/2024(H5N1)	1256	598
PB2|PP755596.1|A/cattle/Texas/24-008749-003/2024(H5N1)	1257	592
PB2|PP755596.1|A/cattle/Texas/24-008749-003/2024(H5N1)	1258	570
PB2|PP755596.1|A/cattle/Texas/24-008749-003/2024(H5N1)	1259	572
PB2|PP755596.1|A/cattle/Texas/24-008749-003/2024(H5N1)	1260	576
PB2|PP755596.1|A/cattle/Texas/24-008749-003/2024(H5N1)	1261	580
PB2|PP755596.1|A/cattle/Texas/24-008749-003/2024(H5N1)	1262	587
PB2|PP755596.1|A/cattle/Texas/24-008749-003/2024(H5N1)	1263	583
PB2|PP755596.1|A/cattle/Texas/24-008749-003/2024(H5N1)	1264	586
PB2|PP755596.1|A/cattle/Texas/24-008749-003/2024(H5N1)	1265	582
PB2|PP755596.1|A/cattle/Texas/24-008749-003/2024(H5N1)	1266	581
PB2|PP755596.1|A/cattle/Texas/24-008749-003/2024(H5N1)	1267	577
PB2|PP755596.1|A/cattle/Texas/24-008749-003/2024(H5N1)	1268	573
PB2|PP755596.1|A/cattle/Texas/24-008749-003/2024(H5N1)	1269	590
PB2|PP755596.1|A/cattle/Texas/24-008749-003/2024(H5N1)	1270	580
PB2|PP755596.1|A/cattle/Texas/24-008749-003/2024(H5N1)	1271	579
PB2|PP755596.1|A/cattle/Texas/24-008749-003/2024(H5N1)	1272	577
PB2|PP755596.1|A/cattle/Texas/24-008749-003/2024(H5N1)	1273	579
PB2|PP755596.1|A/cattle/Texas/24-008749-003/2024(H5N1)	1274	579
PB2|PP755596.1|A/cattle/Texas/24-008749-003/2024(H5N1)	1275	585
PB2|PP755596.1|A/cattle/Texas/24-008749-003/2024(H5N1)	1276	583
PB2|PP755596.1|A/cattle/Texas/24-008749-003/2024(H5N1)	1277	580
PB2|PP755596.1|A/cattle/Texas/24-008749-003/2024(H5N1)	1278	581
PB2|PP755596.1|A/cattle/Texas/24-008749-003/2024(H5N1)	1279	583
PB2|PP755596.1|A/cattle/Texas/24-008749-003/2024(H5N1)	1280	583
PB2|PP755596.1|A/cattle/Texas/24-008749-003/2024(H5N1)	1281	598
PB2|PP755596.1|A/cattle/Texas/24-008749-003/2024(H5N1)	1282	586
PB2|PP755596.1|A/cattle/Texas/24-008749-003/2024(H5N1)	1283	571
PB2|PP755596.1|A/cattle/Texas/24-008749-003/2024(H5N1)	1284	576
PB2|PP755596.1|A/cattle/Texas/24-008749-003/2024(H5N1)	1285	577
PB2|PP755596.1|A/cattle/Texas/24-008749-003/2024(H5N1)	1286	590
PB2|PP755596.1|A/cattle/Texas/24-008749-003/2024(H5N1)	1287	592
PB2|PP755596.1|A/cattle/Texas/24-008749-003/2024(H5N1)	1288	622
PB2|PP755596.1|A/cattle/Texas/24-008749-003/2024(H5N1)	1289	620
PB2|PP755596.1|A/cattle/Texas/24-008749-003/2024(H5N1)	1290	614
PB2|PP755596.1|A/cattle/Texas/24-008749-003/2024(H5N1)	1291	615
PB2|PP755596.1|A/cattle/Texas/24-008749-003/2024(H5N1)	1292	616
PB2|PP755596.1|A/cattle/Texas/24-008749-003/2024(H5N1)	1293	615
PB2|PP755596.1|A/cattle/Texas/24-008749-003/2024(H5N1)	1294	616
PB2|PP755596.1|A/cattle/Texas/24-008749-003/2024(H5N1)	1295	604
PB2|PP755596.1|A/cattle/Texas/24-008749-003/2024(H5N1)	1296	605
PB2|PP755596.1|A/cattle/Texas/24-008749-003/2024(H5N1)	1297	607
PB2|PP755596.1|A/cattle/Texas/24-008749-003/2024(H5N1)	1298	607
PB2|PP755596.1|A/cattle/Texas/24-008749-003/2024(H5N1)	1299	606
PB2|PP755596.1|A/cattle/Texas/24-008749-003/2024(H5N1)	1300	605
PB2|PP755596.1|A/cattle/Texas/24-008749-003/2024(H5N1)	1301	613
PB2|PP755596.1|A/cattle/Texas/24-008749-003/2024(H5N1)	1302	621
PB2|PP755596.1|A/cattle/Texas/24-008749-003/2024(H5N1)	1303	619
PB2|PP755596.1|A/cattle/Texas/24-008749-003/2024(H5N1)	1304	622
PB2|PP755596.1|A/cattle/Texas/24-008749-003/2024(H5N1)	1305	621
PB2|PP755596.1|A/cattle/Texas/24-008749-003/2024(H5N1)	1306	623
PB2|PP755596.1|A/cattle/Texas/24-008749-003/2024(H5N1)	1307	622
PB2|PP755596.1|A/cattle/Texas/24-008749-003/2024(H5N1)	1308	606
PB2|PP755596.1|A/cattle/Texas/24-008749-003/2024(H5N1)	1309	610
PB2|PP755596.1|A/cattle/Texas/24-008749-003/2024(H5N1)	1310	606
PB2|PP755596.1|A/cattle/Texas/24-008749-003/2024(H5N1)	1311	591
PB2|PP755596.1|A/cattle/Texas/24-008749-003/2024(H5N1)	1312	587
PB2|PP755596.1|A/cattle/Texas/24-008749-003/2024(H5N1)	1313	590
PB2|PP755596.1|A/cattle/Texas/24-008749-003/2024(H5N1)	1314	603
PB2|PP755596.1|A/cattle/Texas/24-008749-003/2024(H5N1)	1315	603
PB2|PP755596.1|A/cattle/Texas/24-008749-003/2024(H5N1)	1316	602
PB2|PP755596.1|A/cattle/Texas/24-008749-003/2024(H5N1)	1317	599
PB2|PP755596.1|A/cattle/Texas/24-008749-003/2024(H5N1)	1318	597
PB2|PP755596.1|A/cattle/Texas/24-008749-003/2024(H5N1)	1319	595
PB2|PP755596.1|A/cattle/Texas/24-008749-003/2024(H5N1)	1320	590
PB2|PP755596.1|A/cattle/Texas/24-008749-003/2024(H5N1)	1321	576
PB2|PP755596.1|A/cattle/Texas/24-008749-003/2024(H5N1)	1322	655
PB2|PP755596.1|A/cattle/Texas/24-008749-003/2024(H5N1)	1323	655
PB2|PP755596.1|A/cattle/Texas/24-008749-003/2024(H5N1)	1324	657
PB2|PP755596.1|A/cattle/Texas/24-008749-003/2024(H5N1)	1325	661
PB2|PP755596.1|A/cattle/Texas/24-008749-003/2024(H5N1)	1326	662
PB2|PP755596.1|A/cattle/Texas/24-008749-003/2024(H5N1)	1327	664
PB2|PP755596.1|A/cattle/Texas/24-008749-003/2024(H5N1)	1328	663
PB2|PP755596.1|A/cattle/Texas/24-008749-003/2024(H5N1)	1329	659
PB2|PP755596.1|A/cattle/Texas/24-008749-003/2024(H5N1)	1330	661
PB2|PP755596.1|A/cattle/Texas/24-008749-003/2024(H5N1)	1331	659
PB2|PP755596.1|A/cattle/Texas/24-008749-003/2024(H5N1)	1332	660
PB2|PP755596.1|A/cattle/Texas/24-008749-003/2024(H5N1)	1333	659
PB2|PP755596.1|A/cattle/Texas/24-008749-003/2024(H5N1)	1334	657
PB2|PP755596.1|A/cattle/Texas/24-008749-003/2024(H5N1)	1335	659
PB2|PP755596.1|A/cattle/Texas/24-008749-003/2024(H5N1)	1336	674
PB2|PP755596.1|A/cattle/Texas/24-008749-003/2024(H5N1)	1337	674
PB2|PP755596.1|A/cattle/Texas/24-008749-003/2024(H5N1)	1338	669
PB2|PP755596.1|A/cattle/Texas/24-008749-003/2024(H5N1)	1339	664
PB2|PP755596.1|A/cattle/Texas/24-008749-003/2024(H5N1)	1340	663
PB2|PP755596.1|A/cattle/Texas/24-008749-003/2024(H5N1)	1341	666
PB2|PP755596.1|A/cattle/Texas/24-008749-003/2024(H5N1)	1342	666
PB2|PP755596.1|A/cattle/Texas/24-008749-003/2024(H5N1)	1343	671
PB2|PP755596.1|A/cattle/Texas/24-008749-003/2024(H5N1)	1344	674
PB2|PP755596.1|A/cattle/Texas/24-008749-003/2024(H5N1)	1345	671
PB2|PP755596.1|A/cattle/Texas/24-008749-003/2024(H5N1)	1346	668
PB2|PP755596.1|A/cattle/Texas/24-008749-003/2024(H5N1)	1347	671
PB2|PP755596.1|A/cattle/Texas/24-008749-003/2024(H5N1)	1348	671
PB2|PP755596.1|A/cattle/Texas/24-008749-003/2024(H5N1)	1349	677
PB2|PP755596.1|A/cattle/Texas/24-008749-003/2024(H5N1)	1350	673
PB2|PP755596.1|A/cattle/Texas/24-008749-003/2024(H5N1)	1351	681
PB2|PP755596.1|A/cattle/Texas/24-008749-003/2024(H5N1)	1352	673
PB2|PP755596.1|A/cattle/Texas/24-008749-003/2024(H5N1)	1353	675
PB2|PP755596.1|A/cattle/Texas/24-008749-003/2024(H5N1)	1354	675
PB2|PP755596.1|A/cattle/Texas/24-008749-003/2024(H5N1)	1355	674
PB2|PP755596.1|A/cattle/Texas/24-008749-003/2024(H5N1)	1356	679
PB2|PP755596.1|A/cattle/Texas/24-008749-003/2024(H5N1)	1357	680
PB2|PP755596.1|A/cattle/Texas/24-008749-003/2024(H5N1)	1358	671
PB2|PP755596.1|A/cattle/Texas/24-008749-003/2024(H5N1)	1359	670
PB2|PP755596.1|A/cattle/Texas/24-008749-003/2024(H5N1)	1360	665
PB2|PP755596.1|A/cattle/Texas/24-008749-003/2024(H5N1)	1361	670
PB2|PP755596.1|A/cattle/Texas/24-008749-003/2024(H5N1)	1362	664
PB2|PP755596.1|A/cattle/Texas/24-008749-003/2024(H5N1)	1363	662
PB2|PP755596.1|A/cattle/Texas/24-008749-003/2024(H5N1)	1364	663
PB2|PP755596.1|A/cattle/Texas/24-008749-003/2024(H5N1)	1365	648
PB2|PP755596.1|A/cattle/Texas/24-008749-003/2024(H5N1)	1366	640
PB2|PP755596.1|A/cattle/Texas/24-008749-003/2024(H5N1)	1367	622
PB2|PP755596.1|A/cattle/Texas/24-008749-003/2024(H5N1)	1368	625
PB2|PP755596.1|A/cattle/Texas/24-008749-003/2024(H5N1)	1369	629
PB2|PP755596.1|A/cattle/Texas/24-008749-003/2024(H5N1)	1370	630
PB2|PP755596.1|A/cattle/Texas/24-008749-003/2024(H5N1)	1371	631
PB2|PP755596.1|A/cattle/Texas/24-008749-003/2024(H5N1)	1372	625
PB2|PP755596.1|A/cattle/Texas/24-008749-003/2024(H5N1)	1373	624
PB2|PP755596.1|A/cattle/Texas/24-008749-003/2024(H5N1)	1374	624
PB2|PP755596.1|A/cattle/Texas/24-008749-003/2024(H5N1)	1375	612
PB2|PP755596.1|A/cattle/Texas/24-008749-003/2024(H5N1)	1376	610
PB2|PP755596.1|A/cattle/Texas/24-008749-003/2024(H5N1)	1377	606
PB2|PP755596.1|A/cattle/Texas/24-008749-003/2024(H5N1)	1378	604
PB2|PP755596.1|A/cattle/Texas/24-008749-003/2024(H5N1)	1379	605
PB2|PP755596.1|A/cattle/Texas/24-008749-003/2024(H5N1)	1380	606
PB2|PP755596.1|A/cattle/Texas/24-008749-003/2024(H5N1)	1381	598
PB2|PP755596.1|A/cattle/Texas/24-008749-003/2024(H5N1)	1382	605
PB2|PP755596.1|A/cattle/Texas/24-008749-003/2024(H5N1)	1383	601
PB2|PP755596.1|A/cattle/Texas/24-008749-003/2024(H5N1)	1384	598
PB2|PP755596.1|A/cattle/Texas/24-008749-003/2024(H5N1)	1385	611
PB2|PP755596.1|A/cattle/Texas/24-008749-003/2024(H5N1)	1386	611
PB2|PP755596.1|A/cattle/Texas/24-008749-003/2024(H5N1)	1387	632
PB2|PP755596.1|A/cattle/Texas/24-008749-003/2024(H5N1)	1388	632
PB2|PP755596.1|A/cattle/Texas/24-008749-003/2024(H5N1)	1389	652
PB2|PP755596.1|A/cattle/Texas/24-008749-003/2024(H5N1)	1390	653
PB2|PP755596.1|A/cattle/Texas/24-008749-003/2024(H5N1)	1391	647
PB2|PP755596.1|A/cattle/Texas/24-008749-003/2024(H5N1)	1392	658
PB2|PP755596.1|A/cattle/Texas/24-008749-003/2024(H5N1)	1393	658
PB2|PP755596.1|A/cattle/Texas/24-008749-003/2024(H5N1)	1394	657
PB2|PP755596.1|A/cattle/Texas/24-008749-003/2024(H5N1)	1395	641
PB2|PP755596.1|A/cattle/Texas/24-008749-003/2024(H5N1)	1396	641
PB2|PP755596.1|A/cattle/Texas/24-008749-003/2024(H5N1)	1397	648
PB2|PP755596.1|A/cattle/Texas/24-008749-003/2024(H5N1)	1398	647
PB2|PP755596.1|A/cattle/Texas/24-008749-003/2024(H5N1)	1399	649
PB2|PP755596.1|A/cattle/Texas/24-008749-003/2024(H5N1)	1400	625
PB2|PP755596.1|A/cattle/Texas/24-008749-003/2024(H5N1)	1401	617
PB2|PP755596.1|A/cattle/Texas/24-008749-003/2024(H5N1)	1402	624
PB2|PP755596.1|A/cattle/Texas/24-008749-003/2024(H5N1)	1403	625
PB2|PP755596.1|A/cattle/Texas/24-008749-003/2024(H5N1)	1404	631
PB2|PP755596.1|A/cattle/Texas/24-008749-003/2024(H5N1)	1405	624
PB2|PP755596.1|A/cattle/Texas/24-008749-003/2024(H5N1)	1406	618
PB2|PP755596.1|A/cattle/Texas/24-008749-003/2024(H5N1)	1407	619
PB2|PP755596.1|A/cattle/Texas/24-008749-003/2024(H5N1)	1408	619
PB2|PP755596.1|A/cattle/Texas/24-008749-003/2024(H5N1)	1409	632
PB2|PP755596.1|A/cattle/Texas/24-008749-003/2024(H5N1)	1410	630
PB2|PP755596.1|A/cattle/Texas/24-008749-003/2024(H5N1)	1411	633
PB2|PP755596.1|A/cattle/Texas/24-008749-003/2024(H5N1)	1412	629
PB2|PP755596.1|A/cattle/Texas/24-008749-003/2024(H5N1)	1413	620
PB2|PP755596.1|A/cattle/Texas/24-008749-003/2024(H5N1)	1414	622
PB2|PP755596.1|A/cattle/Texas/24-008749-003/2024(H5N1)	1415	615
PB2|PP755596.1|A/cattle/Texas/24-008749-003/2024(H5N1)	1416	615
PB2|PP755596.1|A/cattle/Texas/24-008749-003/2024(H5N1)	1417	615
PB2|PP755596.1|A/cattle/Texas/24-008749-003/2024(H5N1)	1418	598
PB2|PP755596.1|A/cattle/Texas/24-008749-003/2024(H5N1)	1419	598
PB2|PP755596.1|A/cattle/Texas/24-008749-003/2024(H5N1)	1420	600
PB2|PP755596.1|A/cattle/Texas/24-008749-003/2024(H5N1)	1421	607
PB2|PP755596.1|A/cattle/Texas/24-008749-003/2024(H5N1)	1422	608
PB2|PP755596.1|A/cattle/Texas/24-008749-003/2024(H5N1)	1423	606
PB2|PP755596.1|A/cattle/Texas/24-008749-003/2024(H5N1)	1424	602
PB2|PP755596.1|A/cattle/Texas/24-008749-003/2024(H5N1)	1425	604
PB2|PP755596.1|A/cattle/Texas/24-008749-003/2024(H5N1)	1426	600
PB2|PP755596.1|A/cattle/Texas/24-008749-003/2024(H5N1)	1427	602
PB2|PP755596.1|A/cattle/Texas/24-008749-003/2024(H5N1)	1428	620
PB2|PP755596.1|A/cattle/Texas/24-008749-003/2024(H5N1)	1429	616
PB2|PP755596.1|A/cattle/Texas/24-008749-003/2024(H5N1)	1430	661
PB2|PP755596.1|A/cattle/Texas/24-008749-003/2024(H5N1)	1431	664
PB2|PP755596.1|A/cattle/Texas/24-008749-003/2024(H5N1)	1432	648
PB2|PP755596.1|A/cattle/Texas/24-008749-003/2024(H5N1)	1433	648
PB2|PP755596.1|A/cattle/Texas/24-008749-003/2024(H5N1)	1434	648
PB2|PP755596.1|A/cattle/Texas/24-008749-003/2024(H5N1)	1435	643
PB2|PP755596.1|A/cattle/Texas/24-008749-003/2024(H5N1)	1436	646
PB2|PP755596.1|A/cattle/Texas/24-008749-003/2024(H5N1)	1437	636
PB2|PP755596.1|A/cattle/Texas/24-008749-003/2024(H5N1)	1438	634
PB2|PP755596.1|A/cattle/Texas/24-008749-003/2024(H5N1)	1439	609
PB2|PP755596.1|A/cattle/Texas/24-008749-003/2024(H5N1)	1440	610
PB2|PP755596.1|A/cattle/Texas/24-008749-003/2024(H5N1)	1441	608
PB2|PP755596.1|A/cattle/Texas/24-008749-003/2024(H5N1)	1442	611
PB2|PP755596.1|A/cattle/Texas/24-008749-003/2024(H5N1)	1443	614
PB2|PP755596.1|A/cattle/Texas/24-008749-003/2024(H5N1)	1444	613
PB2|PP755596.1|A/cattle/Texas/24-008749-003/2024(H5N1)	1445	606
PB2|PP755596.1|A/cattle/Texas/24-008749-003/2024(H5N1)	1446	617
PB2|PP755596.1|A/cattle/Texas/24-008749-003/2024(H5N1)	1447	618
PB2|PP755596.1|A/cattle/Texas/24-008749-003/2024(H5N1)	1448	613
PB2|PP755596.1|A/cattle/Texas/24-008749-003/2024(H5N1)	1449	612
PB2|PP755596.1|A/cattle/Texas/24-008749-003/2024(H5N1)	1450	599
PB2|PP755596.1|A/cattle/Texas/24-008749-003/2024(H5N1)	1451	609
PB2|PP755596.1|A/cattle/Texas/24-008749-003/2024(H5N1)	1452	603
PB2|PP755596.1|A/cattle/Texas/24-008749-003/2024(H5N1)	1453	593
PB2|PP755596.1|A/cattle/Texas/24-008749-003/2024(H5N1)	1454	593
PB2|PP755596.1|A/cattle/Texas/24-008749-003/2024(H5N1)	1455	590
PB2|PP755596.1|A/cattle/Texas/24-008749-003/2024(H5N1)	1456	598
PB2|PP755596.1|A/cattle/Texas/24-008749-003/2024(H5N1)	1457	596
PB2|PP755596.1|A/cattle/Texas/24-008749-003/2024(H5N1)	1458	603
PB2|PP755596.1|A/cattle/Texas/24-008749-003/2024(H5N1)	1459	607
PB2|PP755596.1|A/cattle/Texas/24-008749-003/2024(H5N1)	1460	599
PB2|PP755596.1|A/cattle/Texas/24-008749-003/2024(H5N1)	1461	599
PB2|PP755596.1|A/cattle/Texas/24-008749-003/2024(H5N1)	1462	587
PB2|PP755596.1|A/cattle/Texas/24-008749-003/2024(H5N1)	1463	588
PB2|PP755596.1|A/cattle/Texas/24-008749-003/2024(H5N1)	1464	679
PB2|PP755596.1|A/cattle/Texas/24-008749-003/2024(H5N1)	1465	658
PB2|PP755596.1|A/cattle/Texas/24-008749-003/2024(H5N1)	1466	673
PB2|PP755596.1|A/cattle/Texas/24-008749-003/2024(H5N1)	1467	673
PB2|PP755596.1|A/cattle/Texas/24-008749-003/2024(H5N1)	1468	675
PB2|PP755596.1|A/cattle/Texas/24-008749-003/2024(H5N1)	1469	688
PB2|PP755596.1|A/cattle/Texas/24-008749-003/2024(H5N1)	1470	685
PB2|PP755596.1|A/cattle/Texas/24-008749-003/2024(H5N1)	1471	686
PB2|PP755596.1|A/cattle/Texas/24-008749-003/2024(H5N1)	1472	683
PB2|PP755596.1|A/cattle/Texas/24-008749-003/2024(H5N1)	1473	592
PB2|PP755596.1|A/cattle/Texas/24-008749-003/2024(H5N1)	1474	593
PB2|PP755596.1|A/cattle/Texas/24-008749-003/2024(H5N1)	1475	596
PB2|PP755596.1|A/cattle/Texas/24-008749-003/2024(H5N1)	1476	597
PB2|PP755596.1|A/cattle/Texas/24-008749-003/2024(H5N1)	1477	597
PB2|PP755596.1|A/cattle/Texas/24-008749-003/2024(H5N1)	1478	598
PB2|PP755596.1|A/cattle/Texas/24-008749-003/2024(H5N1)	1479	598
PB2|PP755596.1|A/cattle/Texas/24-008749-003/2024(H5N1)	1480	598
PB2|PP755596.1|A/cattle/Texas/24-008749-003/2024(H5N1)	1481	605
PB2|PP755596.1|A/cattle/Texas/24-008749-003/2024(H5N1)	1482	603
PB2|PP755596.1|A/cattle/Texas/24-008749-003/2024(H5N1)	1483	611
PB2|PP755596.1|A/cattle/Texas/24-008749-003/2024(H5N1)	1484	612
PB2|PP755596.1|A/cattle/Texas/24-008749-003/2024(H5N1)	1485	617
PB2|PP755596.1|A/cattle/Texas/24-008749-003/2024(H5N1)	1486	619
PB2|PP755596.1|A/cattle/Texas/24-008749-003/2024(H5N1)	1487	612
PB2|PP755596.1|A/cattle/Texas/24-008749-003/2024(H5N1)	1488	611
PB2|PP755596.1|A/cattle/Texas/24-008749-003/2024(H5N1)	1489	610
PB2|PP755596.1|A/cattle/Texas/24-008749-003/2024(H5N1)	1490	613
PB2|PP755596.1|A/cattle/Texas/24-008749-003/2024(H5N1)	1491	638
PB2|PP755596.1|A/cattle/Texas/24-008749-003/2024(H5N1)	1492	627
PB2|PP755596.1|A/cattle/Texas/24-008749-003/2024(H5N1)	1493	627
PB2|PP755596.1|A/cattle/Texas/24-008749-003/2024(H5N1)	1494	622
PB2|PP755596.1|A/cattle/Texas/24-008749-003/2024(H5N1)	1495	621
PB2|PP755596.1|A/cattle/Texas/24-008749-003/2024(H5N1)	1496	644
PB2|PP755596.1|A/cattle/Texas/24-008749-003/2024(H5N1)	1497	642
PB2|PP755596.1|A/cattle/Texas/24-008749-003/2024(H5N1)	1498	641
PB2|PP755596.1|A/cattle/Texas/24-008749-003/2024(H5N1)	1499	642
PB2|PP755596.1|A/cattle/Texas/24-008749-003/2024(H5N1)	1500	638
PB2|PP755596.1|A/cattle/Texas/24-008749-003/2024(H5N1)	1501	667
PB2|PP755596.1|A/cattle/Texas/24-008749-003/2024(H5N1)	1502	661
PB2|PP755596.1|A/cattle/Texas/24-008749-003/2024(H5N1)	1503	669
PB2|PP755596.1|A/cattle/Texas/24-008749-003/2024(H5N1)	1504	671
PB2|PP755596.1|A/cattle/Texas/24-008749-003/2024(H5N1)	1505	671
PB2|PP755596.1|A/cattle/Texas/24-008749-003/2024(H5N1)	1506	674
PB2|PP755596.1|A/cattle/Texas/24-008749-003/2024(H5N1)	1507	671
PB2|PP755596.1|A/cattle/Texas/24-008749-003/2024(H5N1)	1508	666
PB2|PP755596.1|A/cattle/Texas/24-008749-003/2024(H5N1)	1509	662
PB2|PP755596.1|A/cattle/Texas/24-008749-003/2024(H5N1)	1510	667
PB2|PP755596.1|A/cattle/Texas/24-008749-003/2024(H5N1)	1511	669
PB2|PP755596.1|A/cattle/Texas/24-008749-003/2024(H5N1)	1512	670
PB2|PP755596.1|A/cattle/Texas/24-008749-003/2024(H5N1)	1513	669
PB2|PP755596.1|A/cattle/Texas/24-008749-003/2024(H5N1)	1514	668
PB2|PP755596.1|A/cattle/Texas/24-008749-003/2024(H5N1)	1515	669
PB2|PP755596.1|A/cattle/Texas/24-008749-003/2024(H5N1)	1516	668
PB2|PP755596.1|A/cattle/Texas/24-008749-003/2024(H5N1)	1517	672
PB2|PP755596.1|A/cattle/Texas/24-008749-003/2024(H5N1)	1518	672
PB2|PP755596.1|A/cattle/Texas/24-008749-003/2024(H5N1)	1519	667
PB2|PP755596.1|A/cattle/Texas/24-008749-003/2024(H5N1)	1520	666
PB2|PP755596.1|A/cattle/Texas/24-008749-003/2024(H5N1)	1521	667
PB2|PP755596.1|A/cattle/Texas/24-008749-003/2024(H5N1)	1522	666
PB2|PP755596.1|A/cattle/Texas/24-008749-003/2024(H5N1)	1523	666
PB2|PP755596.1|A/cattle/Texas/24-008749-003/2024(H5N1)	1524	672
PB2|PP755596.1|A/cattle/Texas/24-008749-003/2024(H5N1)	1525	670
PB2|PP755596.1|A/cattle/Texas/24-008749-003/2024(H5N1)	1526	671
PB2|PP755596.1|A/cattle/Texas/24-008749-003/2024(H5N1)	1527	684
PB2|PP755596.1|A/cattle/Texas/24-008749-003/2024(H5N1)	1528	683
PB2|PP755596.1|A/cattle/Texas/24-008749-003/2024(H5N1)	1529	696
PB2|PP755596.1|A/cattle/Texas/24-008749-003/2024(H5N1)	1530	690
PB2|PP755596.1|A/cattle/Texas/24-008749-003/2024(H5N1)	1531	736
PB2|PP755596.1|A/cattle/Texas/24-008749-003/2024(H5N1)	1532	735
PB2|PP755596.1|A/cattle/Texas/24-008749-003/2024(H5N1)	1533	727
PB2|PP755596.1|A/cattle/Texas/24-008749-003/2024(H5N1)	1534	716
PB2|PP755596.1|A/cattle/Texas/24-008749-003/2024(H5N1)	1535	713
PB2|PP755596.1|A/cattle/Texas/24-008749-003/2024(H5N1)	1536	724
PB2|PP755596.1|A/cattle/Texas/24-008749-003/2024(H5N1)	1537	721
PB2|PP755596.1|A/cattle/Texas/24-008749-003/2024(H5N1)	1538	694
PB2|PP755596.1|A/cattle/Texas/24-008749-003/2024(H5N1)	1539	694
PB2|PP755596.1|A/cattle/Texas/24-008749-003/2024(H5N1)	1540	662
PB2|PP755596.1|A/cattle/Texas/24-008749-003/2024(H5N1)	1541	660
PB2|PP755596.1|A/cattle/Texas/24-008749-003/2024(H5N1)	1542	660
PB2|PP755596.1|A/cattle/Texas/24-008749-003/2024(H5N1)	1543	655
PB2|PP755596.1|A/cattle/Texas/24-008749-003/2024(H5N1)	1544	656
PB2|PP755596.1|A/cattle/Texas/24-008749-003/2024(H5N1)	1545	641
PB2|PP755596.1|A/cattle/Texas/24-008749-003/2024(H5N1)	1546	639
PB2|PP755596.1|A/cattle/Texas/24-008749-003/2024(H5N1)	1547	639
PB2|PP755596.1|A/cattle/Texas/24-008749-003/2024(H5N1)	1548	632
PB2|PP755596.1|A/cattle/Texas/24-008749-003/2024(H5N1)	1549	632
PB2|PP755596.1|A/cattle/Texas/24-008749-003/2024(H5N1)	1550	637
PB2|PP755596.1|A/cattle/Texas/24-008749-003/2024(H5N1)	1551	638
PB2|PP755596.1|A/cattle/Texas/24-008749-003/2024(H5N1)	1552	638
PB2|PP755596.1|A/cattle/Texas/24-008749-003/2024(H5N1)	1553	635
PB2|PP755596.1|A/cattle/Texas/24-008749-003/2024(H5N1)	1554	631
PB2|PP755596.1|A/cattle/Texas/24-008749-003/2024(H5N1)	1555	629
PB2|PP755596.1|A/cattle/Texas/24-008749-003/2024(H5N1)	1556	629
PB2|PP755596.1|A/cattle/Texas/24-008749-003/2024(H5N1)	1557	630
PB2|PP755596.1|A/cattle/Texas/24-008749-003/2024(H5N1)	1558	628
PB2|PP755596.1|A/cattle/Texas/24-008749-003/2024(H5N1)	1559	629
PB2|PP755596.1|A/cattle/Texas/24-008749-003/2024(H5N1)	1560	613
PB2|PP755596.1|A/cattle/Texas/24-008749-003/2024(H5N1)	1561	629
PB2|PP755596.1|A/cattle/Texas/24-008749-003/2024(H5N1)	1562	626
PB2|PP755596.1|A/cattle/Texas/24-008749-003/2024(H5N1)	1563	629
PB2|PP755596.1|A/cattle/Texas/24-008749-003/2024(H5N1)	1564	627
PB2|PP755596.1|A/cattle/Texas/24-008749-003/2024(H5N1)	1565	628
PB2|PP755596.1|A/cattle/Texas/24-008749-003/2024(H5N1)	1566	628
PB2|PP755596.1|A/cattle/Texas/24-008749-003/2024(H5N1)	1567	628
PB2|PP755596.1|A/cattle/Texas/24-008749-003/2024(H5N1)	1568	656
PB2|PP755596.1|A/cattle/Texas/24-008749-003/2024(H5N1)	1569	668
PB2|PP755596.1|A/cattle/Texas/24-008749-003/2024(H5N1)	1570	665
PB2|PP755596.1|A/cattle/Texas/24-008749-003/2024(H5N1)	1571	666
PB2|PP755596.1|A/cattle/Texas/24-008749-003/2024(H5N1)	1572	665
PB2|PP755596.1|A/cattle/Texas/24-008749-003/2024(H5N1)	1573	665
PB2|PP755596.1|A/cattle/Texas/24-008749-003/2024(H5N1)	1574	667
PB2|PP755596.1|A/cattle/Texas/24-008749-003/2024(H5N1)	1575	670
PB2|PP755596.1|A/cattle/Texas/24-008749-003/2024(H5N1)	1576	669
PB2|PP755596.1|A/cattle/Texas/24-008749-003/2024(H5N1)	1577	650
PB2|PP755596.1|A/cattle/Texas/24-008749-003/2024(H5N1)	1578	648
PB2|PP755596.1|A/cattle/Texas/24-008749-003/2024(H5N1)	1579	647
PB2|PP755596.1|A/cattle/Texas/24-008749-003/2024(H5N1)	1580	649
PB2|PP755596.1|A/cattle/Texas/24-008749-003/2024(H5N1)	1581	618
PB2|PP755596.1|A/cattle/Texas/24-008749-003/2024(H5N1)	1582	615
PB2|PP755596.1|A/cattle/Texas/24-008749-003/2024(H5N1)	1583	614
PB2|PP755596.1|A/cattle/Texas/24-008749-003/2024(H5N1)	1584	609
PB2|PP755596.1|A/cattle/Texas/24-008749-003/2024(H5N1)	1585	612
PB2|PP755596.1|A/cattle/Texas/24-008749-003/2024(H5N1)	1586	621
PB2|PP755596.1|A/cattle/Texas/24-008749-003/2024(H5N1)	1587	626
PB2|PP755596.1|A/cattle/Texas/24-008749-003/2024(H5N1)	1588	626
PB2|PP755596.1|A/cattle/Texas/24-008749-003/2024(H5N1)	1589	624
PB2|PP755596.1|A/cattle/Texas/24-008749-003/2024(H5N1)	1590	617
PB2|PP755596.1|A/cattle/Texas/24-008749-003/2024(H5N1)	1591	623
PB2|PP755596.1|A/cattle/Texas/24-008749-003/2024(H5N1)	1592	624
PB2|PP755596.1|A/cattle/Texas/24-008749-003/2024(H5N1)	1593	622
PB2|PP755596.1|A/cattle/Texas/24-008749-003/2024(H5N1)	1594	620
PB2|PP755596.1|A/cattle/Texas/24-008749-003/2024(H5N1)	1595	640
PB2|PP755596.1|A/cattle/Texas/24-008749-003/2024(H5N1)	1596	639
PB2|PP755596.1|A/cattle/Texas/24-008749-003/2024(H5N1)	1597	637
PB2|PP755596.1|A/cattle/Texas/24-008749-003/2024(H5N1)	1598	638
PB2|PP755596.1|A/cattle/Texas/24-008749-003/2024(H5N1)	1599	639
PB2|PP755596.1|A/cattle/Texas/24-008749-003/2024(H5N1)	1600	642
PB2|PP755596.1|A/cattle/Texas/24-008749-003/2024(H5N1)	1601	633
PB2|PP755596.1|A/cattle/Texas/24-008749-003/2024(H5N1)	1602	631
PB2|PP755596.1|A/cattle/Texas/24-008749-003/2024(H5N1)	1603	640
PB2|PP755596.1|A/cattle/Texas/24-008749-003/2024(H5N1)	1604	647
PB2|PP755596.1|A/cattle/Texas/24-008749-003/2024(H5N1)	1605	648
PB2|PP755596.1|A/cattle/Texas/24-008749-003/2024(H5N1)	1606	649
PB2|PP755596.1|A/cattle/Texas/24-008749-003/2024(H5N1)	1607	642
PB2|PP755596.1|A/cattle/Texas/24-008749-003/2024(H5N1)	1608	643
PB2|PP755596.1|A/cattle/Texas/24-008749-003/2024(H5N1)	1609	639
PB2|PP755596.1|A/cattle/Texas/24-008749-003/2024(H5N1)	1610	634
PB2|PP755596.1|A/cattle/Texas/24-008749-003/2024(H5N1)	1611	652
PB2|PP755596.1|A/cattle/Texas/24-008749-003/2024(H5N1)	1612	651
PB2|PP755596.1|A/cattle/Texas/24-008749-003/2024(H5N1)	1613	646
PB2|PP755596.1|A/cattle/Texas/24-008749-003/2024(H5N1)	1614	648
PB2|PP755596.1|A/cattle/Texas/24-008749-003/2024(H5N1)	1615	565
PB2|PP755596.1|A/cattle/Texas/24-008749-003/2024(H5N1)	1616	563
PB2|PP755596.1|A/cattle/Texas/24-008749-003/2024(H5N1)	1617	554
PB2|PP755596.1|A/cattle/Texas/24-008749-003/2024(H5N1)	1618	554
PB2|PP755596.1|A/cattle/Texas/24-008749-003/2024(H5N1)	1619	556
PB2|PP755596.1|A/cattle/Texas/24-008749-003/2024(H5N1)	1620	552
PB2|PP755596.1|A/cattle/Texas/24-008749-003/2024(H5N1)	1621	555
PB2|PP755596.1|A/cattle/Texas/24-008749-003/2024(H5N1)	1622	555
PB2|PP755596.1|A/cattle/Texas/24-008749-003/2024(H5N1)	1623	545
PB2|PP755596.1|A/cattle/Texas/24-008749-003/2024(H5N1)	1624	547
PB2|PP755596.1|A/cattle/Texas/24-008749-003/2024(H5N1)	1625	547
PB2|PP755596.1|A/cattle/Texas/24-008749-003/2024(H5N1)	1626	599
PB2|PP755596.1|A/cattle/Texas/24-008749-003/2024(H5N1)	1627	602
PB2|PP755596.1|A/cattle/Texas/24-008749-003/2024(H5N1)	1628	613
PB2|PP755596.1|A/cattle/Texas/24-008749-003/2024(H5N1)	1629	599
PB2|PP755596.1|A/cattle/Texas/24-008749-003/2024(H5N1)	1630	601
PB2|PP755596.1|A/cattle/Texas/24-008749-003/2024(H5N1)	1631	603
PB2|PP755596.1|A/cattle/Texas/24-008749-003/2024(H5N1)	1632	604
PB2|PP755596.1|A/cattle/Texas/24-008749-003/2024(H5N1)	1633	619
PB2|PP755596.1|A/cattle/Texas/24-008749-003/2024(H5N1)	1634	611
PB2|PP755596.1|A/cattle/Texas/24-008749-003/2024(H5N1)	1635	613
PB2|PP755596.1|A/cattle/Texas/24-008749-003/2024(H5N1)	1636	606
PB2|PP755596.1|A/cattle/Texas/24-008749-003/2024(H5N1)	1637	597
PB2|PP755596.1|A/cattle/Texas/24-008749-003/2024(H5N1)	1638	636
PB2|PP755596.1|A/cattle/Texas/24-008749-003/2024(H5N1)	1639	639
PB2|PP755596.1|A/cattle/Texas/24-008749-003/2024(H5N1)	1640	639
PB2|PP755596.1|A/cattle/Texas/24-008749-003/2024(H5N1)	1641	636
PB2|PP755596.1|A/cattle/Texas/24-008749-003/2024(H5N1)	1642	604
PB2|PP755596.1|A/cattle/Texas/24-008749-003/2024(H5N1)	1643	638
PB2|PP755596.1|A/cattle/Texas/24-008749-003/2024(H5N1)	1644	636
PB2|PP755596.1|A/cattle/Texas/24-008749-003/2024(H5N1)	1645	642
PB2|PP755596.1|A/cattle/Texas/24-008749-003/2024(H5N1)	1646	642
PB2|PP755596.1|A/cattle/Texas/24-008749-003/2024(H5N1)	1647	617
PB2|PP755596.1|A/cattle/Texas/24-008749-003/2024(H5N1)	1648	620
PB2|PP755596.1|A/cattle/Texas/24-008749-003/2024(H5N1)	1649	620
PB2|PP755596.1|A/cattle/Texas/24-008749-003/2024(H5N1)	1650	626
PB2|PP755596.1|A/cattle/Texas/24-008749-003/2024(H5N1)	1651	622
PB2|PP755596.1|A/cattle/Texas/24-008749-003/2024(H5N1)	1652	588
PB2|PP755596.1|A/cattle/Texas/24-008749-003/2024(H5N1)	1653	591
PB2|PP755596.1|A/cattle/Texas/24-008749-003/2024(H5N1)	1654	591
PB2|PP755596.1|A/cattle/Texas/24-008749-003/2024(H5N1)	1655	591
PB2|PP755596.1|A/cattle/Texas/24-008749-003/2024(H5N1)	1656	598
PB2|PP755596.1|A/cattle/Texas/24-008749-003/2024(H5N1)	1657	595
PB2|PP755596.1|A/cattle/Texas/24-008749-003/2024(H5N1)	1658	595
PB2|PP755596.1|A/cattle/Texas/24-008749-003/2024(H5N1)	1659	595
PB2|PP755596.1|A/cattle/Texas/24-008749-003/2024(H5N1)	1660	604
PB2|PP755596.1|A/cattle/Texas/24-008749-003/2024(H5N1)	1661	598
PB2|PP755596.1|A/cattle/Texas/24-008749-003/2024(H5N1)	1662	596
PB2|PP755596.1|A/cattle/Texas/24-008749-003/2024(H5N1)	1663	592
PB2|PP755596.1|A/cattle/Texas/24-008749-003/2024(H5N1)	1664	591
PB2|PP755596.1|A/cattle/Texas/24-008749-003/2024(H5N1)	1665	590
PB2|PP755596.1|A/cattle/Texas/24-008749-003/2024(H5N1)	1666	597
PB2|PP755596.1|A/cattle/Texas/24-008749-003/2024(H5N1)	1667	596
PB2|PP755596.1|A/cattle/Texas/24-008749-003/2024(H5N1)	1668	599
PB2|PP755596.1|A/cattle/Texas/24-008749-003/2024(H5N1)	1669	592
PB2|PP755596.1|A/cattle/Texas/24-008749-003/2024(H5N1)	1670	591
PB2|PP755596.1|A/cattle/Texas/24-008749-003/2024(H5N1)	1671	591
PB2|PP755596.1|A/cattle/Texas/24-008749-003/2024(H5N1)	1672	590
PB2|PP755596.1|A/cattle/Texas/24-008749-003/2024(H5N1)	1673	593
PB2|PP755596.1|A/cattle/Texas/24-008749-003/2024(H5N1)	1674	597
PB2|PP755596.1|A/cattle/Texas/24-008749-003/2024(H5N1)	1675	593
PB2|PP755596.1|A/cattle/Texas/24-008749-003/2024(H5N1)	1676	594
PB2|PP755596.1|A/cattle/Texas/24-008749-003/2024(H5N1)	1677	584
PB2|PP755596.1|A/cattle/Texas/24-008749-003/2024(H5N1)	1678	582
PB2|PP755596.1|A/cattle/Texas/24-008749-003/2024(H5N1)	1679	586
PB2|PP755596.1|A/cattle/Texas/24-008749-003/2024(H5N1)	1680	581
PB2|PP755596.1|A/cattle/Texas/24-008749-003/2024(H5N1)	1681	585
PB2|PP755596.1|A/cattle/Texas/24-008749-003/2024(H5N1)	1682	540
PB2|PP755596.1|A/cattle/Texas/24-008749-003/2024(H5N1)	1683	543
PB2|PP755596.1|A/cattle/Texas/24-008749-003/2024(H5N1)	1684	546
PB2|PP755596.1|A/cattle/Texas/24-008749-003/2024(H5N1)	1685	568
PB2|PP755596.1|A/cattle/Texas/24-008749-003/2024(H5N1)	1686	571
PB2|PP755596.1|A/cattle/Texas/24-008749-003/2024(H5N1)	1687	560
PB2|PP755596.1|A/cattle/Texas/24-008749-003/2024(H5N1)	1688	560
PB2|PP755596.1|A/cattle/Texas/24-008749-003/2024(H5N1)	1689	560
PB2|PP755596.1|A/cattle/Texas/24-008749-003/2024(H5N1)	1690	566
PB2|PP755596.1|A/cattle/Texas/24-008749-003/2024(H5N1)	1691	584
PB2|PP755596.1|A/cattle/Texas/24-008749-003/2024(H5N1)	1692	583
PB2|PP755596.1|A/cattle/Texas/24-008749-003/2024(H5N1)	1693	593
PB2|PP755596.1|A/cattle/Texas/24-008749-003/2024(H5N1)	1694	592
PB2|PP755596.1|A/cattle/Texas/24-008749-003/2024(H5N1)	1695	604
PB2|PP755596.1|A/cattle/Texas/24-008749-003/2024(H5N1)	1696	604
PB2|PP755596.1|A/cattle/Texas/24-008749-003/2024(H5N1)	1697	604
PB2|PP755596.1|A/cattle/Texas/24-008749-003/2024(H5N1)	1698	609
PB2|PP755596.1|A/cattle/Texas/24-008749-003/2024(H5N1)	1699	609
PB2|PP755596.1|A/cattle/Texas/24-008749-003/2024(H5N1)	1700	606
PB2|PP755596.1|A/cattle/Texas/24-008749-003/2024(H5N1)	1701	606
PB2|PP755596.1|A/cattle/Texas/24-008749-003/2024(H5N1)	1702	610
PB2|PP755596.1|A/cattle/Texas/24-008749-003/2024(H5N1)	1703	624
PB2|PP755596.1|A/cattle/Texas/24-008749-003/2024(H5N1)	1704	621
PB2|PP755596.1|A/cattle/Texas/24-008749-003/2024(H5N1)	1705	620
PB2|PP755596.1|A/cattle/Texas/24-008749-003/2024(H5N1)	1706	620
PB2|PP755596.1|A/cattle/Texas/24-008749-003/2024(H5N1)	1707	619
PB2|PP755596.1|A/cattle/Texas/24-008749-003/2024(H5N1)	1708	635
PB2|PP755596.1|A/cattle/Texas/24-008749-003/2024(H5N1)	1709	632
PB2|PP755596.1|A/cattle/Texas/24-008749-003/2024(H5N1)	1710	636
PB2|PP755596.1|A/cattle/Texas/24-008749-003/2024(H5N1)	1711	643
PB2|PP755596.1|A/cattle/Texas/24-008749-003/2024(H5N1)	1712	627
PB2|PP755596.1|A/cattle/Texas/24-008749-003/2024(H5N1)	1713	639
PB2|PP755596.1|A/cattle/Texas/24-008749-003/2024(H5N1)	1714	634
PB2|PP755596.1|A/cattle/Texas/24-008749-003/2024(H5N1)	1715	636
PB2|PP755596.1|A/cattle/Texas/24-008749-003/2024(H5N1)	1716	635
PB2|PP755596.1|A/cattle/Texas/24-008749-003/2024(H5N1)	1717	621
PB2|PP755596.1|A/cattle/Texas/24-008749-003/2024(H5N1)	1718	627
PB2|PP755596.1|A/cattle/Texas/24-008749-003/2024(H5N1)	1719	602
PB2|PP755596.1|A/cattle/Texas/24-008749-003/2024(H5N1)	1720	603
PB2|PP755596.1|A/cattle/Texas/24-008749-003/2024(H5N1)	1721	602
PB2|PP755596.1|A/cattle/Texas/24-008749-003/2024(H5N1)	1722	597
PB2|PP755596.1|A/cattle/Texas/24-008749-003/2024(H5N1)	1723	604
PB2|PP755596.1|A/cattle/Texas/24-008749-003/2024(H5N1)	1724	601
PB2|PP755596.1|A/cattle/Texas/24-008749-003/2024(H5N1)	1725	600
PB2|PP755596.1|A/cattle/Texas/24-008749-003/2024(H5N1)	1726	597
PB2|PP755596.1|A/cattle/Texas/24-008749-003/2024(H5N1)	1727	594
PB2|PP755596.1|A/cattle/Texas/24-008749-003/2024(H5N1)	1728	601
PB2|PP755596.1|A/cattle/Texas/24-008749-003/2024(H5N1)	1729	602
PB2|PP755596.1|A/cattle/Texas/24-008749-003/2024(H5N1)	1730	601
PB2|PP755596.1|A/cattle/Texas/24-008749-003/2024(H5N1)	1731	598
PB2|PP755596.1|A/cattle/Texas/24-008749-003/2024(H5N1)	1732	598
PB2|PP755596.1|A/cattle/Texas/24-008749-003/2024(H5N1)	1733	602
PB2|PP755596.1|A/cattle/Texas/24-008749-003/2024(H5N1)	1734	601
PB2|PP755596.1|A/cattle/Texas/24-008749-003/2024(H5N1)	1735	599
PB2|PP755596.1|A/cattle/Texas/24-008749-003/2024(H5N1)	1736	596
PB2|PP755596.1|A/cattle/Texas/24-008749-003/2024(H5N1)	1737	616
PB2|PP755596.1|A/cattle/Texas/24-008749-003/2024(H5N1)	1738	614
PB2|PP755596.1|A/cattle/Texas/24-008749-003/2024(H5N1)	1739	615
PB2|PP755596.1|A/cattle/Texas/24-008749-003/2024(H5N1)	1740	613
PB2|PP755596.1|A/cattle/Texas/24-008749-003/2024(H5N1)	1741	613
PB2|PP755596.1|A/cattle/Texas/24-008749-003/2024(H5N1)	1742	606
PB2|PP755596.1|A/cattle/Texas/24-008749-003/2024(H5N1)	1743	610
PB2|PP755596.1|A/cattle/Texas/24-008749-003/2024(H5N1)	1744	612
PB2|PP755596.1|A/cattle/Texas/24-008749-003/2024(H5N1)	1745	614
PB2|PP755596.1|A/cattle/Texas/24-008749-003/2024(H5N1)	1746	595
PB2|PP755596.1|A/cattle/Texas/24-008749-003/2024(H5N1)	1747	589
PB2|PP755596.1|A/cattle/Texas/24-008749-003/2024(H5N1)	1748	588
PB2|PP755596.1|A/cattle/Texas/24-008749-003/2024(H5N1)	1749	589
PB2|PP755596.1|A/cattle/Texas/24-008749-003/2024(H5N1)	1750	595
PB2|PP755596.1|A/cattle/Texas/24-008749-003/2024(H5N1)	1751	592
PB2|PP755596.1|A/cattle/Texas/24-008749-003/2024(H5N1)	1752	622
PB2|PP755596.1|A/cattle/Texas/24-008749-003/2024(H5N1)	1753	621
PB2|PP755596.1|A/cattle/Texas/24-008749-003/2024(H5N1)	1754	609
PB2|PP755596.1|A/cattle/Texas/24-008749-003/2024(H5N1)	1755	609
PB2|PP755596.1|A/cattle/Texas/24-008749-003/2024(H5N1)	1756	610
PB2|PP755596.1|A/cattle/Texas/24-008749-003/2024(H5N1)	1757	610
PB2|PP755596.1|A/cattle/Texas/24-008749-003/2024(H5N1)	1758	609
PB2|PP755596.1|A/cattle/Texas/24-008749-003/2024(H5N1)	1759	607
PB2|PP755596.1|A/cattle/Texas/24-008749-003/2024(H5N1)	1760	609
PB2|PP755596.1|A/cattle/Texas/24-008749-003/2024(H5N1)	1761	586
PB2|PP755596.1|A/cattle/Texas/24-008749-003/2024(H5N1)	1762	590
PB2|PP755596.1|A/cattle/Texas/24-008749-003/2024(H5N1)	1763	594
PB2|PP755596.1|A/cattle/Texas/24-008749-003/2024(H5N1)	1764	589
PB2|PP755596.1|A/cattle/Texas/24-008749-003/2024(H5N1)	1765	587
PB2|PP755596.1|A/cattle/Texas/24-008749-003/2024(H5N1)	1766	591
PB2|PP755596.1|A/cattle/Texas/24-008749-003/2024(H5N1)	1767	594
PB2|PP755596.1|A/cattle/Texas/24-008749-003/2024(H5N1)	1768	661
PB2|PP755596.1|A/cattle/Texas/24-008749-003/2024(H5N1)	1769	663
PB2|PP755596.1|A/cattle/Texas/24-008749-003/2024(H5N1)	1770	669
PB2|PP755596.1|A/cattle/Texas/24-008749-003/2024(H5N1)	1771	665
PB2|PP755596.1|A/cattle/Texas/24-008749-003/2024(H5N1)	1772	670
PB2|PP755596.1|A/cattle/Texas/24-008749-003/2024(H5N1)	1773	680
PB2|PP755596.1|A/cattle/Texas/24-008749-003/2024(H5N1)	1774	684
PB2|PP755596.1|A/cattle/Texas/24-008749-003/2024(H5N1)	1775	679
PB2|PP755596.1|A/cattle/Texas/24-008749-003/2024(H5N1)	1776	682
PB2|PP755596.1|A/cattle/Texas/24-008749-003/2024(H5N1)	1777	609
PB2|PP755596.1|A/cattle/Texas/24-008749-003/2024(H5N1)	1778	613
PB2|PP755596.1|A/cattle/Texas/24-008749-003/2024(H5N1)	1779	611
PB2|PP755596.1|A/cattle/Texas/24-008749-003/2024(H5N1)	1780	608
PB2|PP755596.1|A/cattle/Texas/24-008749-003/2024(H5N1)	1781	611
PB2|PP755596.1|A/cattle/Texas/24-008749-003/2024(H5N1)	1782	593
PB2|PP755596.1|A/cattle/Texas/24-008749-003/2024(H5N1)	1783	614
PB2|PP755596.1|A/cattle/Texas/24-008749-003/2024(H5N1)	1784	604
PB2|PP755596.1|A/cattle/Texas/24-008749-003/2024(H5N1)	1785	606
PB2|PP755596.1|A/cattle/Texas/24-008749-003/2024(H5N1)	1786	606
PB2|PP755596.1|A/cattle/Texas/24-008749-003/2024(H5N1)	1787	605
PB2|PP755596.1|A/cattle/Texas/24-008749-003/2024(H5N1)	1788	606
PB2|PP755596.1|A/cattle/Texas/24-008749-003/2024(H5N1)	1789	582
PB2|PP755596.1|A/cattle/Texas/24-008749-003/2024(H5N1)	1790	586
PB2|PP755596.1|A/cattle/Texas/24-008749-003/2024(H5N1)	1791	587
PB2|PP755596.1|A/cattle/Texas/24-008749-003/2024(H5N1)	1792	590
PB2|PP755596.1|A/cattle/Texas/24-008749-003/2024(H5N1)	1793	573
PB2|PP755596.1|A/cattle/Texas/24-008749-003/2024(H5N1)	1794	572
PB2|PP755596.1|A/cattle/Texas/24-008749-003/2024(H5N1)	1795	575
PB2|PP755596.1|A/cattle/Texas/24-008749-003/2024(H5N1)	1796	575
PB2|PP755596.1|A/cattle/Texas/24-008749-003/2024(H5N1)	1797	585
PB2|PP755596.1|A/cattle/Texas/24-008749-003/2024(H5N1)	1798	586
PB2|PP755596.1|A/cattle/Texas/24-008749-003/2024(H5N1)	1799	586
PB2|PP755596.1|A/cattle/Texas/24-008749-003/2024(H5N1)	1800	588
PB2|PP755596.1|A/cattle/Texas/24-008749-003/2024(H5N1)	1801	586
PB2|PP755596.1|A/cattle/Texas/24-008749-003/2024(H5N1)	1802	578
PB2|PP755596.1|A/cattle/Texas/24-008749-003/2024(H5N1)	1803	578
PB2|PP755596.1|A/cattle/Texas/24-008749-003/2024(H5N1)	1804	573
PB2|PP755596.1|A/cattle/Texas/24-008749-003/2024(H5N1)	1805	571
PB2|PP755596.1|A/cattle/Texas/24-008749-003/2024(H5N1)	1806	564
PB2|PP755596.1|A/cattle/Texas/24-008749-003/2024(H5N1)	1807	564
PB2|PP755596.1|A/cattle/Texas/24-008749-003/2024(H5N1)	1808	576
PB2|PP755596.1|A/cattle/Texas/24-008749-003/2024(H5N1)	1809	576
PB2|PP755596.1|A/cattle/Texas/24-008749-003/2024(H5N1)	1810	568
PB2|PP755596.1|A/cattle/Texas/24-008749-003/2024(H5N1)	1811	569
PB2|PP755596.1|A/cattle/Texas/24-008749-003/2024(H5N1)	1812	571
PB2|PP755596.1|A/cattle/Texas/24-008749-003/2024(H5N1)	1813	571
PB2|PP755596.1|A/cattle/Texas/24-008749-003/2024(H5N1)	1814	577
PB2|PP755596.1|A/cattle/Texas/24-008749-003/2024(H5N1)	1815	576
PB2|PP755596.1|A/cattle/Texas/24-008749-003/2024(H5N1)	1816	579
PB2|PP755596.1|A/cattle/Texas/24-008749-003/2024(H5N1)	1817	575
PB2|PP755596.1|A/cattle/Texas/24-008749-003/2024(H5N1)	1818	581
PB2|PP755596.1|A/cattle/Texas/24-008749-003/2024(H5N1)	1819	576
PB2|PP755596.1|A/cattle/Texas/24-008749-003/2024(H5N1)	1820	576
PB2|PP755596.1|A/cattle/Texas/24-008749-003/2024(H5N1)	1821	577
PB2|PP755596.1|A/cattle/Texas/24-008749-003/2024(H5N1)	1822	577
PB2|PP755596.1|A/cattle/Texas/24-008749-003/2024(H5N1)	1823	579
PB2|PP755596.1|A/cattle/Texas/24-008749-003/2024(H5N1)	1824	577
PB2|PP755596.1|A/cattle/Texas/24-008749-003/2024(H5N1)	1825	575
PB2|PP755596.1|A/cattle/Texas/24-008749-003/2024(H5N1)	1826	589
PB2|PP755596.1|A/cattle/Texas/24-008749-003/2024(H5N1)	1827	616
PB2|PP755596.1|A/cattle/Texas/24-008749-003/2024(H5N1)	1828	617
PB2|PP755596.1|A/cattle/Texas/24-008749-003/2024(H5N1)	1829	616
PB2|PP755596.1|A/cattle/Texas/24-008749-003/2024(H5N1)	1830	616
PB2|PP755596.1|A/cattle/Texas/24-008749-003/2024(H5N1)	1831	616
PB2|PP755596.1|A/cattle/Texas/24-008749-003/2024(H5N1)	1832	624
PB2|PP755596.1|A/cattle/Texas/24-008749-003/2024(H5N1)	1833	624
PB2|PP755596.1|A/cattle/Texas/24-008749-003/2024(H5N1)	1834	619
PB2|PP755596.1|A/cattle/Texas/24-008749-003/2024(H5N1)	1835	626
PB2|PP755596.1|A/cattle/Texas/24-008749-003/2024(H5N1)	1836	594
PB2|PP755596.1|A/cattle/Texas/24-008749-003/2024(H5N1)	1837	615
PB2|PP755596.1|A/cattle/Texas/24-008749-003/2024(H5N1)	1838	616
PB2|PP755596.1|A/cattle/Texas/24-008749-003/2024(H5N1)	1839	623
PB2|PP755596.1|A/cattle/Texas/24-008749-003/2024(H5N1)	1840	623
PB2|PP755596.1|A/cattle/Texas/24-008749-003/2024(H5N1)	1841	619
PB2|PP755596.1|A/cattle/Texas/24-008749-003/2024(H5N1)	1842	608
PB2|PP755596.1|A/cattle/Texas/24-008749-003/2024(H5N1)	1843	631
PB2|PP755596.1|A/cattle/Texas/24-008749-003/2024(H5N1)	1844	624
PB2|PP755596.1|A/cattle/Texas/24-008749-003/2024(H5N1)	1845	621
PB2|PP755596.1|A/cattle/Texas/24-008749-003/2024(H5N1)	1846	609
PB2|PP755596.1|A/cattle/Texas/24-008749-003/2024(H5N1)	1847	610
PB2|PP755596.1|A/cattle/Texas/24-008749-003/2024(H5N1)	1848	610
PB2|PP755596.1|A/cattle/Texas/24-008749-003/2024(H5N1)	1849	620
PB2|PP755596.1|A/cattle/Texas/24-008749-003/2024(H5N1)	1850	621
PB2|PP755596.1|A/cattle/Texas/24-008749-003/2024(H5N1)	1851	621
PB2|PP755596.1|A/cattle/Texas/24-008749-003/2024(H5N1)	1852	612
PB2|PP755596.1|A/cattle/Texas/24-008749-003/2024(H5N1)	1853	606
PB2|PP755596.1|A/cattle/Texas/24-008749-003/2024(H5N1)	1854	621
PB2|PP755596.1|A/cattle/Texas/24-008749-003/2024(H5N1)	1855	622
PB2|PP755596.1|A/cattle/Texas/24-008749-003/2024(H5N1)	1856	621
PB2|PP755596.1|A/cattle/Texas/24-008749-003/2024(H5N1)	1857	634
PB2|PP755596.1|A/cattle/Texas/24-008749-003/2024(H5N1)	1858	625
PB2|PP755596.1|A/cattle/Texas/24-008749-003/2024(H5N1)	1859	626
PB2|PP755596.1|A/cattle/Texas/24-008749-003/2024(H5N1)	1860	619
PB2|PP755596.1|A/cattle/Texas/24-008749-003/2024(H5N1)	1861	606
PB2|PP755596.1|A/cattle/Texas/24-008749-003/2024(H5N1)	1862	608
PB2|PP755596.1|A/cattle/Texas/24-008749-003/2024(H5N1)	1863	608
PB2|PP755596.1|A/cattle/Texas/24-008749-003/2024(H5N1)	1864	598
PB2|PP755596.1|A/cattle/Texas/24-008749-003/2024(H5N1)	1865	606
PB2|PP755596.1|A/cattle/Texas/24-008749-003/2024(H5N1)	1866	599
PB2|PP755596.1|A/cattle/Texas/24-008749-003/2024(H5N1)	1867	599
PB2|PP755596.1|A/cattle/Texas/24-008749-003/2024(H5N1)	1868	599
PB2|PP755596.1|A/cattle/Texas/24-008749-003/2024(H5N1)	1869	595
PB2|PP755596.1|A/cattle/Texas/24-008749-003/2024(H5N1)	1870	599
PB2|PP755596.1|A/cattle/Texas/24-008749-003/2024(H5N1)	1871	604
PB2|PP755596.1|A/cattle/Texas/24-008749-003/2024(H5N1)	1872	600
PB2|PP755596.1|A/cattle/Texas/24-008749-003/2024(H5N1)	1873	603
PB2|PP755596.1|A/cattle/Texas/24-008749-003/2024(H5N1)	1874	602
PB2|PP755596.1|A/cattle/Texas/24-008749-003/2024(H5N1)	1875	605
PB2|PP755596.1|A/cattle/Texas/24-008749-003/2024(H5N1)	1876	606
PB2|PP755596.1|A/cattle/Texas/24-008749-003/2024(H5N1)	1877	606
PB2|PP755596.1|A/cattle/Texas/24-008749-003/2024(H5N1)	1878	605
PB2|PP755596.1|A/cattle/Texas/24-008749-003/2024(H5N1)	1879	609
PB2|PP755596.1|A/cattle/Texas/24-008749-003/2024(H5N1)	1880	610
PB2|PP755596.1|A/cattle/Texas/24-008749-003/2024(H5N1)	1881	611
PB2|PP755596.1|A/cattle/Texas/24-008749-003/2024(H5N1)	1882	611
PB2|PP755596.1|A/cattle/Texas/24-008749-003/2024(H5N1)	1883	612
PB2|PP755596.1|A/cattle/Texas/24-008749-003/2024(H5N1)	1884	612
PB2|PP755596.1|A/cattle/Texas/24-008749-003/2024(H5N1)	1885	611
PB2|PP755596.1|A/cattle/Texas/24-008749-003/2024(H5N1)	1886	611
PB2|PP755596.1|A/cattle/Texas/24-008749-003/2024(H5N1)	1887	611
PB2|PP755596.1|A/cattle/Texas/24-008749-003/2024(H5N1)	1888	578
PB2|PP755596.1|A/cattle/Texas/24-008749-003/2024(H5N1)	1889	577
PB2|PP755596.1|A/cattle/Texas/24-008749-003/2024(H5N1)	1890	565
PB2|PP755596.1|A/cattle/Texas/24-008749-003/2024(H5N1)	1891	581
PB2|PP755596.1|A/cattle/Texas/24-008749-003/2024(H5N1)	1892	589
PB2|PP755596.1|A/cattle/Texas/24-008749-003/2024(H5N1)	1893	589
PB2|PP755596.1|A/cattle/Texas/24-008749-003/2024(H5N1)	1894	597
PB2|PP755596.1|A/cattle/Texas/24-008749-003/2024(H5N1)	1895	597
PB2|PP755596.1|A/cattle/Texas/24-008749-003/2024(H5N1)	1896	612
PB2|PP755596.1|A/cattle/Texas/24-008749-003/2024(H5N1)	1897	613
PB2|PP755596.1|A/cattle/Texas/24-008749-003/2024(H5N1)	1898	620
PB2|PP755596.1|A/cattle/Texas/24-008749-003/2024(H5N1)	1899	621
PB2|PP755596.1|A/cattle/Texas/24-008749-003/2024(H5N1)	1900	609
PB2|PP755596.1|A/cattle/Texas/24-008749-003/2024(H5N1)	1901	622
PB2|PP755596.1|A/cattle/Texas/24-008749-003/2024(H5N1)	1902	607
PB2|PP755596.1|A/cattle/Texas/24-008749-003/2024(H5N1)	1903	594
PB2|PP755596.1|A/cattle/Texas/24-008749-003/2024(H5N1)	1904	601
PB2|PP755596.1|A/cattle/Texas/24-008749-003/2024(H5N1)	1905	595
PB2|PP755596.1|A/cattle/Texas/24-008749-003/2024(H5N1)	1906	616
PB2|PP755596.1|A/cattle/Texas/24-008749-003/2024(H5N1)	1907	613
PB2|PP755596.1|A/cattle/Texas/24-008749-003/2024(H5N1)	1908	624
PB2|PP755596.1|A/cattle/Texas/24-008749-003/2024(H5N1)	1909	639
PB2|PP755596.1|A/cattle/Texas/24-008749-003/2024(H5N1)	1910	643
PB2|PP755596.1|A/cattle/Texas/24-008749-003/2024(H5N1)	1911	658
PB2|PP755596.1|A/cattle/Texas/24-008749-003/2024(H5N1)	1912	671
PB2|PP755596.1|A/cattle/Texas/24-008749-003/2024(H5N1)	1913	671
PB2|PP755596.1|A/cattle/Texas/24-008749-003/2024(H5N1)	1914	673
PB2|PP755596.1|A/cattle/Texas/24-008749-003/2024(H5N1)	1915	673
PB2|PP755596.1|A/cattle/Texas/24-008749-003/2024(H5N1)	1916	677
PB2|PP755596.1|A/cattle/Texas/24-008749-003/2024(H5N1)	1917	671
PB2|PP755596.1|A/cattle/Texas/24-008749-003/2024(H5N1)	1918	669
PB2|PP755596.1|A/cattle/Texas/24-008749-003/2024(H5N1)	1919	608
PB2|PP755596.1|A/cattle/Texas/24-008749-003/2024(H5N1)	1920	607
PB2|PP755596.1|A/cattle/Texas/24-008749-003/2024(H5N1)	1921	597
PB2|PP755596.1|A/cattle/Texas/24-008749-003/2024(H5N1)	1922	593
PB2|PP755596.1|A/cattle/Texas/24-008749-003/2024(H5N1)	1923	568
PB2|PP755596.1|A/cattle/Texas/24-008749-003/2024(H5N1)	1924	554
PB2|PP755596.1|A/cattle/Texas/24-008749-003/2024(H5N1)	1925	572
PB2|PP755596.1|A/cattle/Texas/24-008749-003/2024(H5N1)	1926	577
PB2|PP755596.1|A/cattle/Texas/24-008749-003/2024(H5N1)	1927	607
PB2|PP755596.1|A/cattle/Texas/24-008749-003/2024(H5N1)	1928	608
PB2|PP755596.1|A/cattle/Texas/24-008749-003/2024(H5N1)	1929	609
PB2|PP755596.1|A/cattle/Texas/24-008749-003/2024(H5N1)	1930	626
PB2|PP755596.1|A/cattle/Texas/24-008749-003/2024(H5N1)	1931	629
PB2|PP755596.1|A/cattle/Texas/24-008749-003/2024(H5N1)	1932	630
PB2|PP755596.1|A/cattle/Texas/24-008749-003/2024(H5N1)	1933	633
PB2|PP755596.1|A/cattle/Texas/24-008749-003/2024(H5N1)	1934	616
PB2|PP755596.1|A/cattle/Texas/24-008749-003/2024(H5N1)	1935	616
PB2|PP755596.1|A/cattle/Texas/24-008749-003/2024(H5N1)	1936	612
PB2|PP755596.1|A/cattle/Texas/24-008749-003/2024(H5N1)	1937	622
PB2|PP755596.1|A/cattle/Texas/24-008749-003/2024(H5N1)	1938	621
PB2|PP755596.1|A/cattle/Texas/24-008749-003/2024(H5N1)	1939	620
PB2|PP755596.1|A/cattle/Texas/24-008749-003/2024(H5N1)	1940	621
PB2|PP755596.1|A/cattle/Texas/24-008749-003/2024(H5N1)	1941	617
PB2|PP755596.1|A/cattle/Texas/24-008749-003/2024(H5N1)	1942	610
PB2|PP755596.1|A/cattle/Texas/24-008749-003/2024(H5N1)	1943	608
PB2|PP755596.1|A/cattle/Texas/24-008749-003/2024(H5N1)	1944	582
PB2|PP755596.1|A/cattle/Texas/24-008749-003/2024(H5N1)	1945	587
PB2|PP755596.1|A/cattle/Texas/24-008749-003/2024(H5N1)	1946	636
PB2|PP755596.1|A/cattle/Texas/24-008749-003/2024(H5N1)	1947	637
PB2|PP755596.1|A/cattle/Texas/24-008749-003/2024(H5N1)	1948	638
PB2|PP755596.1|A/cattle/Texas/24-008749-003/2024(H5N1)	1949	644
PB2|PP755596.1|A/cattle/Texas/24-008749-003/2024(H5N1)	1950	651
PB2|PP755596.1|A/cattle/Texas/24-008749-003/2024(H5N1)	1951	650
PB2|PP755596.1|A/cattle/Texas/24-008749-003/2024(H5N1)	1952	652
PB2|PP755596.1|A/cattle/Texas/24-008749-003/2024(H5N1)	1953	649
PB2|PP755596.1|A/cattle/Texas/24-008749-003/2024(H5N1)	1954	648
PB2|PP755596.1|A/cattle/Texas/24-008749-003/2024(H5N1)	1955	668
PB2|PP755596.1|A/cattle/Texas/24-008749-003/2024(H5N1)	1956	673
PB2|PP755596.1|A/cattle/Texas/24-008749-003/2024(H5N1)	1957	675
PB2|PP755596.1|A/cattle/Texas/24-008749-003/2024(H5N1)	1958	675
PB2|PP755596.1|A/cattle/Texas/24-008749-003/2024(H5N1)	1959	669
PB2|PP755596.1|A/cattle/Texas/24-008749-003/2024(H5N1)	1960	670
PB2|PP755596.1|A/cattle/Texas/24-008749-003/2024(H5N1)	1961	670
PB2|PP755596.1|A/cattle/Texas/24-008749-003/2024(H5N1)	1962	668
PB2|PP755596.1|A/cattle/Texas/24-008749-003/2024(H5N1)	1963	674
PB2|PP755596.1|A/cattle/Texas/24-008749-003/2024(H5N1)	1964	669
PB2|PP755596.1|A/cattle/Texas/24-008749-003/2024(H5N1)	1965	675
PB2|PP755596.1|A/cattle/Texas/24-008749-003/2024(H5N1)	1966	693
PB2|PP755596.1|A/cattle/Texas/24-008749-003/2024(H5N1)	1967	704
PB2|PP755596.1|A/cattle/Texas/24-008749-003/2024(H5N1)	1968	699
PB2|PP755596.1|A/cattle/Texas/24-008749-003/2024(H5N1)	1969	699
PB2|PP755596.1|A/cattle/Texas/24-008749-003/2024(H5N1)	1970	704
PB2|PP755596.1|A/cattle/Texas/24-008749-003/2024(H5N1)	1971	704
PB2|PP755596.1|A/cattle/Texas/24-008749-003/2024(H5N1)	1972	788
PB2|PP755596.1|A/cattle/Texas/24-008749-003/2024(H5N1)	1973	790
PB2|PP755596.1|A/cattle/Texas/24-008749-003/2024(H5N1)	1974	795
PB2|PP755596.1|A/cattle/Texas/24-008749-003/2024(H5N1)	1975	791
PB2|PP755596.1|A/cattle/Texas/24-008749-003/2024(H5N1)	1976	791
PB2|PP755596.1|A/cattle/Texas/24-008749-003/2024(H5N1)	1977	778
PB2|PP755596.1|A/cattle/Texas/24-008749-003/2024(H5N1)	1978	771
PB2|PP755596.1|A/cattle/Texas/24-008749-003/2024(H5N1)	1979	769
PB2|PP755596.1|A/cattle/Texas/24-008749-003/2024(H5N1)	1980	771
PB2|PP755596.1|A/cattle/Texas/24-008749-003/2024(H5N1)	1981	784
PB2|PP755596.1|A/cattle/Texas/24-008749-003/2024(H5N1)	1982	790
PB2|PP755596.1|A/cattle/Texas/24-008749-003/2024(H5N1)	1983	786
PB2|PP755596.1|A/cattle/Texas/24-008749-003/2024(H5N1)	1984	792
PB2|PP755596.1|A/cattle/Texas/24-008749-003/2024(H5N1)	1985	790
PB2|PP755596.1|A/cattle/Texas/24-008749-003/2024(H5N1)	1986	791
PB2|PP755596.1|A/cattle/Texas/24-008749-003/2024(H5N1)	1987	823
PB2|PP755596.1|A/cattle/Texas/24-008749-003/2024(H5N1)	1988	808
PB2|PP755596.1|A/cattle/Texas/24-008749-003/2024(H5N1)	1989	810
PB2|PP755596.1|A/cattle/Texas/24-008749-003/2024(H5N1)	1990	804
PB2|PP755596.1|A/cattle/Texas/24-008749-003/2024(H5N1)	1991	812
PB2|PP755596.1|A/cattle/Texas/24-008749-003/2024(H5N1)	1992	822
PB2|PP755596.1|A/cattle/Texas/24-008749-003/2024(H5N1)	1993	810
PB2|PP755596.1|A/cattle/Texas/24-008749-003/2024(H5N1)	1994	811
PB2|PP755596.1|A/cattle/Texas/24-008749-003/2024(H5N1)	1995	811
PB2|PP755596.1|A/cattle/Texas/24-008749-003/2024(H5N1)	1996	809
PB2|PP755596.1|A/cattle/Texas/24-008749-003/2024(H5N1)	1997	810
PB2|PP755596.1|A/cattle/Texas/24-008749-003/2024(H5N1)	1998	804
PB2|PP755596.1|A/cattle/Texas/24-008749-003/2024(H5N1)	1999	824
PB2|PP755596.1|A/cattle/Texas/24-008749-003/2024(H5N1)	2000	802
PB2|PP755596.1|A/cattle/Texas/24-008749-003/2024(H5N1)	2001	800
PB2|PP755596.1|A/cattle/Texas/24-008749-003/2024(H5N1)	2002	802
PB2|PP755596.1|A/cattle/Texas/24-008749-003/2024(H5N1)	2003	801
PB2|PP755596.1|A/cattle/Texas/24-008749-003/2024(H5N1)	2004	797
PB2|PP755596.1|A/cattle/Texas/24-008749-003/2024(H5N1)	2005	797
PB2|PP755596.1|A/cattle/Texas/24-008749-003/2024(H5N1)	2006	796
PB2|PP755596.1|A/cattle/Texas/24-008749-003/2024(H5N1)	2007	800
PB2|PP755596.1|A/cattle/Texas/24-008749-003/2024(H5N1)	2008	815
PB2|PP755596.1|A/cattle/Texas/24-008749-003/2024(H5N1)	2009	813
PB2|PP755596.1|A/cattle/Texas/24-008749-003/2024(H5N1)	2010	819
PB2|PP755596.1|A/cattle/Texas/24-008749-003/2024(H5N1)	2011	836
PB2|PP755596.1|A/cattle/Texas/24-008749-003/2024(H5N1)	2012	845
PB2|PP755596.1|A/cattle/Texas/24-008749-003/2024(H5N1)	2013	842
PB2|PP755596.1|A/cattle/Texas/24-008749-003/2024(H5N1)	2014	838
PB2|PP755596.1|A/cattle/Texas/24-008749-003/2024(H5N1)	2015	837
PB2|PP755596.1|A/cattle/Texas/24-008749-003/2024(H5N1)	2016	832
PB2|PP755596.1|A/cattle/Texas/24-008749-003/2024(H5N1)	2017	830
PB2|PP755596.1|A/cattle/Texas/24-008749-003/2024(H5N1)	2018	837
PB2|PP755596.1|A/cattle/Texas/24-008749-003/2024(H5N1)	2019	831
PB2|PP755596.1|A/cattle/Texas/24-008749-003/2024(H5N1)	2020	840
PB2|PP755596.1|A/cattle/Texas/24-008749-003/2024(H5N1)	2021	840
PB2|PP755596.1|A/cattle/Texas/24-008749-003/2024(H5N1)	2022	837
PB2|PP755596.1|A/cattle/Texas/24-008749-003/2024(H5N1)	2023	835
PB2|PP755596.1|A/cattle/Texas/24-008749-003/2024(H5N1)	2024	829
PB2|PP755596.1|A/cattle/Texas/24-008749-003/2024(H5N1)	2025	801
PB2|PP755596.1|A/cattle/Texas/24-008749-003/2024(H5N1)	2026	797
PB2|PP755596.1|A/cattle/Texas/24-008749-003/2024(H5N1)	2027	878
PB2|PP755596.1|A/cattle/Texas/24-008749-003/2024(H5N1)	2028	886
PB2|PP755596.1|A/cattle/Texas/24-008749-003/2024(H5N1)	2029	886
PB2|PP755596.1|A/cattle/Texas/24-008749-003/2024(H5N1)	2030	890
PB2|PP755596.1|A/cattle/Texas/24-008749-003/2024(H5N1)	2031	889
PB2|PP755596.1|A/cattle/Texas/24-008749-003/2024(H5N1)	2032	896
PB2|PP755596.1|A/cattle/Texas/24-008749-003/2024(H5N1)	2033	917
PB2|PP755596.1|A/cattle/Texas/24-008749-003/2024(H5N1)	2034	916
PB2|PP755596.1|A/cattle/Texas/24-008749-003/2024(H5N1)	2035	910
PB2|PP755596.1|A/cattle/Texas/24-008749-003/2024(H5N1)	2036	908
PB2|PP755596.1|A/cattle/Texas/24-008749-003/2024(H5N1)	2037	907
PB2|PP755596.1|A/cattle/Texas/24-008749-003/2024(H5N1)	2038	918
PB2|PP755596.1|A/cattle/Texas/24-008749-003/2024(H5N1)	2039	928
PB2|PP755596.1|A/cattle/Texas/24-008749-003/2024(H5N1)	2040	932
PB2|PP755596.1|A/cattle/Texas/24-008749-003/2024(H5N1)	2041	928
PB2|PP755596.1|A/cattle/Texas/24-008749-003/2024(H5N1)	2042	917
PB2|PP755596.1|A/cattle/Texas/24-008749-003/2024(H5N1)	2043	922
PB2|PP755596.1|A/cattle/Texas/24-008749-003/2024(H5N1)	2044	931
PB2|PP755596.1|A/cattle/Texas/24-008749-003/2024(H5N1)	2045	933
PB2|PP755596.1|A/cattle/Texas/24-008749-003/2024(H5N1)	2046	938
PB2|PP755596.1|A/cattle/Texas/24-008749-003/2024(H5N1)	2047	923
PB2|PP755596.1|A/cattle/Texas/24-008749-003/2024(H5N1)	2048	933
PB2|PP755596.1|A/cattle/Texas/24-008749-003/2024(H5N1)	2049	929
PB2|PP755596.1|A/cattle/Texas/24-008749-003/2024(H5N1)	2050	944
PB2|PP755596.1|A/cattle/Texas/24-008749-003/2024(H5N1)	2051	957
PB2|PP755596.1|A/cattle/Texas/24-008749-003/2024(H5N1)	2052	960
PB2|PP755596.1|A/cattle/Texas/24-008749-003/2024(H5N1)	2053	980
PB2|PP755596.1|A/cattle/Texas/24-008749-003/2024(H5N1)	2054	990
PB2|PP755596.1|A/cattle/Texas/24-008749-003/2024(H5N1)	2055	985
PB2|PP755596.1|A/cattle/Texas/24-008749-003/2024(H5N1)	2056	987
PB2|PP755596.1|A/cattle/Texas/24-008749-003/2024(H5N1)	2057	969
PB2|PP755596.1|A/cattle/Texas/24-008749-003/2024(H5N1)	2058	970
PB2|PP755596.1|A/cattle/Texas/24-008749-003/2024(H5N1)	2059	970
PB2|PP755596.1|A/cattle/Texas/24-008749-003/2024(H5N1)	2060	955
PB2|PP755596.1|A/cattle/Texas/24-008749-003/2024(H5N1)	2061	951
PB2|PP755596.1|A/cattle/Texas/24-008749-003/2024(H5N1)	2062	929
PB2|PP755596.1|A/cattle/Texas/24-008749-003/2024(H5N1)	2063	914
PB2|PP755596.1|A/cattle/Texas/24-008749-003/2024(H5N1)	2064	914
PB2|PP755596.1|A/cattle/Texas/24-008749-003/2024(H5N1)	2065	911
PB2|PP755596.1|A/cattle/Texas/24-008749-003/2024(H5N1)	2066	905
PB2|PP755596.1|A/cattle/Texas/24-008749-003/2024(H5N1)	2067	901
PB2|PP755596.1|A/cattle/Texas/24-008749-003/2024(H5N1)	2068	933
PB2|PP755596.1|A/cattle/Texas/24-008749-003/2024(H5N1)	2069	929
PB2|PP755596.1|A/cattle/Texas/24-008749-003/2024(H5N1)	2070	934
PB2|PP755596.1|A/cattle/Texas/24-008749-003/2024(H5N1)	2071	979
PB2|PP755596.1|A/cattle/Texas/24-008749-003/2024(H5N1)	2072	971
PB2|PP755596.1|A/cattle/Texas/24-008749-003/2024(H5N1)	2073	970
PB2|PP755596.1|A/cattle/Texas/24-008749-003/2024(H5N1)	2074	970
PB2|PP755596.1|A/cattle/Texas/24-008749-003/2024(H5N1)	2075	963
PB2|PP755596.1|A/cattle/Texas/24-008749-003/2024(H5N1)	2076	945
PB2|PP755596.1|A/cattle/Texas/24-008749-003/2024(H5N1)	2077	937
PB2|PP755596.1|A/cattle/Texas/24-008749-003/2024(H5N1)	2078	935
PB2|PP755596.1|A/cattle/Texas/24-008749-003/2024(H5N1)	2079	947
PB2|PP755596.1|A/cattle/Texas/24-008749-003/2024(H5N1)	2080	1010
PB2|PP755596.1|A/cattle/Texas/24-008749-003/2024(H5N1)	2081	1003
PB2|PP755596.1|A/cattle/Texas/24-008749-003/2024(H5N1)	2082	1012
PB2|PP755596.1|A/cattle/Texas/24-008749-003/2024(H5N1)	2083	1008
PB2|PP755596.1|A/cattle/Texas/24-008749-003/2024(H5N1)	2084	1007
PB2|PP755596.1|A/cattle/Texas/24-008749-003/2024(H5N1)	2085	1007
PB2|PP755596.1|A/cattle/Texas/24-008749-003/2024(H5N1)	2086	1013
PB2|PP755596.1|A/cattle/Texas/24-008749-003/2024(H5N1)	2087	1013
PB2|PP755596.1|A/cattle/Texas/24-008749-003/2024(H5N1)	2088	1038
PB2|PP755596.1|A/cattle/Texas/24-008749-003/2024(H5N1)	2089	1037
PB2|PP755596.1|A/cattle/Texas/24-008749-003/2024(H5N1)	2090	1029
PB2|PP755596.1|A/cattle/Texas/24-008749-003/2024(H5N1)	2091	1024
PB2|PP755596.1|A/cattle/Texas/24-008749-003/2024(H5N1)	2092	1018
PB2|PP755596.1|A/cattle/Texas/24-008749-003/2024(H5N1)	2093	1017
PB2|PP755596.1|A/cattle/Texas/24-008749-003/2024(H5N1)	2094	1012
PB2|PP755596.1|A/cattle/Texas/24-008749-003/2024(H5N1)	2095	1011
PB2|PP755596.1|A/cattle/Texas/24-008749-003/2024(H5N1)	2096	1031
PB2|PP755596.1|A/cattle/Texas/24-008749-003/2024(H5N1)	2097	1028
PB2|PP755596.1|A/cattle/Texas/24-008749-003/2024(H5N1)	2098	1033
PB2|PP755596.1|A/cattle/Texas/24-008749-003/2024(H5N1)	2099	1048
PB2|PP755596.1|A/cattle/Texas/24-008749-003/2024(H5N1)	2100	1050
PB2|PP755596.1|A/cattle/Texas/24-008749-003/2024(H5N1)	2101	1043
PB2|PP755596.1|A/cattle/Texas/24-008749-003/2024(H5N1)	2102	1045
PB2|PP755596.1|A/cattle/Texas/24-008749-003/2024(H5N1)	2103	1033
PB2|PP755596.1|A/cattle/Texas/24-008749-003/2024(H5N1)	2104	1030
PB2|PP755596.1|A/cattle/Texas/24-008749-003/2024(H5N1)	2105	1030
PB2|PP755596.1|A/cattle/Texas/24-008749-003/2024(H5N1)	2106	1018
PB2|PP755596.1|A/cattle/Texas/24-008749-003/2024(H5N1)	2107	1023
PB2|PP755596.1|A/cattle/Texas/24-008749-003/2024(H5N1)	2108	1028
PB2|PP755596.1|A/cattle/Texas/24-008749-003/2024(H5N1)	2109	1035
PB2|PP755596.1|A/cattle/Texas/24-008749-003/2024(H5N1)	2110	1033
PB2|PP755596.1|A/cattle/Texas/24-008749-003/2024(H5N1)	2111	1030
PB2|PP755596.1|A/cattle/Texas/24-008749-003/2024(H5N1)	2112	1024
PB2|PP755596.1|A/cattle/Texas/24-008749-003/2024(H5N1)	2113	1021
PB2|PP755596.1|A/cattle/Texas/24-008749-003/2024(H5N1)	2114	1098
PB2|PP755596.1|A/cattle/Texas/24-008749-003/2024(H5N1)	2115	1088
PB2|PP755596.1|A/cattle/Texas/24-008749-003/2024(H5N1)	2116	1078
PB2|PP755596.1|A/cattle/Texas/24-008749-003/2024(H5N1)	2117	1069
PB2|PP755596.1|A/cattle/Texas/24-008749-003/2024(H5N1)	2118	1039
PB2|PP755596.1|A/cattle/Texas/24-008749-003/2024(H5N1)	2119	1075
PB2|PP755596.1|A/cattle/Texas/24-008749-003/2024(H5N1)	2120	1075
PB2|PP755596.1|A/cattle/Texas/24-008749-003/2024(H5N1)	2121	1076
PB2|PP755596.1|A/cattle/Texas/24-008749-003/2024(H5N1)	2122	1070
PB2|PP755596.1|A/cattle/Texas/24-008749-003/2024(H5N1)	2123	961
PB2|PP755596.1|A/cattle/Texas/24-008749-003/2024(H5N1)	2124	973
PB2|PP755596.1|A/cattle/Texas/24-008749-003/2024(H5N1)	2125	973
PB2|PP755596.1|A/cattle/Texas/24-008749-003/2024(H5N1)	2126	975
PB2|PP755596.1|A/cattle/Texas/24-008749-003/2024(H5N1)	2127	986
PB2|PP755596.1|A/cattle/Texas/24-008749-003/2024(H5N1)	2128	973
PB2|PP755596.1|A/cattle/Texas/24-008749-003/2024(H5N1)	2129	1004
PB2|PP755596.1|A/cattle/Texas/24-008749-003/2024(H5N1)	2130	1006
PB2|PP755596.1|A/cattle/Texas/24-008749-003/2024(H5N1)	2131	1002
PB2|PP755596.1|A/cattle/Texas/24-008749-003/2024(H5N1)	2132	1002
PB2|PP755596.1|A/cattle/Texas/24-008749-003/2024(H5N1)	2133	988
PB2|PP755596.1|A/cattle/Texas/24-008749-003/2024(H5N1)	2134	986
PB2|PP755596.1|A/cattle/Texas/24-008749-003/2024(H5N1)	2135	1001
PB2|PP755596.1|A/cattle/Texas/24-008749-003/2024(H5N1)	2136	1001
PB2|PP755596.1|A/cattle/Texas/24-008749-003/2024(H5N1)	2137	997
PB2|PP755596.1|A/cattle/Texas/24-008749-003/2024(H5N1)	2138	954
PB2|PP755596.1|A/cattle/Texas/24-008749-003/2024(H5N1)	2139	954
PB2|PP755596.1|A/cattle/Texas/24-008749-003/2024(H5N1)	2140	954
PB2|PP755596.1|A/cattle/Texas/24-008749-003/2024(H5N1)	2141	961
PB2|PP755596.1|A/cattle/Texas/24-008749-003/2024(H5N1)	2142	948
PB2|PP755596.1|A/cattle/Texas/24-008749-003/2024(H5N1)	2143	949
PB2|PP755596.1|A/cattle/Texas/24-008749-003/2024(H5N1)	2144	949
PB2|PP755596.1|A/cattle/Texas/24-008749-003/2024(H5N1)	2145	945
PB2|PP755596.1|A/cattle/Texas/24-008749-003/2024(H5N1)	2146	945
PB2|PP755596.1|A/cattle/Texas/24-008749-003/2024(H5N1)	2147	944
PB2|PP755596.1|A/cattle/Texas/24-008749-003/2024(H5N1)	2148	939
PB2|PP755596.1|A/cattle/Texas/24-008749-003/2024(H5N1)	2149	979
PB2|PP755596.1|A/cattle/Texas/24-008749-003/2024(H5N1)	2150	965
PB2|PP755596.1|A/cattle/Texas/24-008749-003/2024(H5N1)	2151	965
PB2|PP755596.1|A/cattle/Texas/24-008749-003/2024(H5N1)	2152	967
PB2|PP755596.1|A/cattle/Texas/24-008749-003/2024(H5N1)	2153	966
PB2|PP755596.1|A/cattle/Texas/24-008749-003/2024(H5N1)	2154	973
PB2|PP755596.1|A/cattle/Texas/24-008749-003/2024(H5N1)	2155	979
PB2|PP755596.1|A/cattle/Texas/24-008749-003/2024(H5N1)	2156	1012
PB2|PP755596.1|A/cattle/Texas/24-008749-003/2024(H5N1)	2157	1005
PB2|PP755596.1|A/cattle/Texas/24-008749-003/2024(H5N1)	2158	1005
PB2|PP755596.1|A/cattle/Texas/24-008749-003/2024(H5N1)	2159	1008
PB2|PP755596.1|A/cattle/Texas/24-008749-003/2024(H5N1)	2160	1009
PB2|PP755596.1|A/cattle/Texas/24-008749-003/2024(H5N1)	2161	1028
PB2|PP755596.1|A/cattle/Texas/24-008749-003/2024(H5N1)	2162	1030
PB2|PP755596.1|A/cattle/Texas/24-008749-003/2024(H5N1)	2163	1031
PB2|PP755596.1|A/cattle/Texas/24-008749-003/2024(H5N1)	2164	1242
PB2|PP755596.1|A/cattle/Texas/24-008749-003/2024(H5N1)	2165	1259
PB2|PP755596.1|A/cattle/Texas/24-008749-003/2024(H5N1)	2166	1258
PB2|PP755596.1|A/cattle/Texas/24-008749-003/2024(H5N1)	2167	1256
PB2|PP755596.1|A/cattle/Texas/24-008749-003/2024(H5N1)	2168	1268
PB2|PP755596.1|A/cattle/Texas/24-008749-003/2024(H5N1)	2169	1267
PB2|PP755596.1|A/cattle/Texas/24-008749-003/2024(H5N1)	2170	1278
PB2|PP755596.1|A/cattle/Texas/24-008749-003/2024(H5N1)	2171	1256
PB2|PP755596.1|A/cattle/Texas/24-008749-003/2024(H5N1)	2172	1244
PB2|PP755596.1|A/cattle/Texas/24-008749-003/2024(H5N1)	2173	1257
PB2|PP755596.1|A/cattle/Texas/24-008749-003/2024(H5N1)	2174	1285
PB2|PP755596.1|A/cattle/Texas/24-008749-003/2024(H5N1)	2175	1285
PB2|PP755596.1|A/cattle/Texas/24-008749-003/2024(H5N1)	2176	1284
PB2|PP755596.1|A/cattle/Texas/24-008749-003/2024(H5N1)	2177	1283
PB2|PP755596.1|A/cattle/Texas/24-008749-003/2024(H5N1)	2178	1277
PB2|PP755596.1|A/cattle/Texas/24-008749-003/2024(H5N1)	2179	1276
PB2|PP755596.1|A/cattle/Texas/24-008749-003/2024(H5N1)	2180	1305
PB2|PP755596.1|A/cattle/Texas/24-008749-003/2024(H5N1)	2181	1307
PB2|PP755596.1|A/cattle/Texas/24-008749-003/2024(H5N1)	2182	1304
PB2|PP755596.1|A/cattle/Texas/24-008749-003/2024(H5N1)	2183	1301
PB2|PP755596.1|A/cattle/Texas/24-008749-003/2024(H5N1)	2184	1290
PB2|PP755596.1|A/cattle/Texas/24-008749-003/2024(H5N1)	2185	1295
PB2|PP755596.1|A/cattle/Texas/24-008749-003/2024(H5N1)	2186	1300
PB2|PP755596.1|A/cattle/Texas/24-008749-003/2024(H5N1)	2187	1299
PB2|PP755596.1|A/cattle/Texas/24-008749-003/2024(H5N1)	2188	1304
PB2|PP755596.1|A/cattle/Texas/24-008749-003/2024(H5N1)	2189	1286
PB2|PP755596.1|A/cattle/Texas/24-008749-003/2024(H5N1)	2190	1279
PB2|PP755596.1|A/cattle/Texas/24-008749-003/2024(H5N1)	2191	1279
PB2|PP755596.1|A/cattle/Texas/24-008749-003/2024(H5N1)	2192	1282
PB2|PP755596.1|A/cattle/Texas/24-008749-003/2024(H5N1)	2193	1277
PB2|PP755596.1|A/cattle/Texas/24-008749-003/2024(H5N1)	2194	1285
PB2|PP755596.1|A/cattle/Texas/24-008749-003/2024(H5N1)	2195	1273
PB2|PP755596.1|A/cattle/Texas/24-008749-003/2024(H5N1)	2196	1273
PB2|PP755596.1|A/cattle/Texas/24-008749-003/2024(H5N1)	2197	1252
PB2|PP755596.1|A/cattle/Texas/24-008749-003/2024(H5N1)	2198	1250
PB2|PP755596.1|A/cattle/Texas/24-008749-003/2024(H5N1)	2199	1236
PB2|PP755596.1|A/cattle/Texas/24-008749-003/2024(H5N1)	2200	1235
PB2|PP755596.1|A/cattle/Texas/24-008749-003/2024(H5N1)	2201	1263
PB2|PP755596.1|A/cattle/Texas/24-008749-003/2024(H5N1)	2202	1253
PB2|PP755596.1|A/cattle/Texas/24-008749-003/2024(H5N1)	2203	1236
PB2|PP755596.1|A/cattle/Texas/24-008749-003/2024(H5N1)	2204	1223
PB2|PP755596.1|A/cattle/Texas/24-008749-003/2024(H5N1)	2205	1215
PB2|PP755596.1|A/cattle/Texas/24-008749-003/2024(H5N1)	2206	1213
PB2|PP755596.1|A/cattle/Texas/24-008749-003/2024(H5N1)	2207	1209
PB2|PP755596.1|A/cattle/Texas/24-008749-003/2024(H5N1)	2208	1208
PB2|PP755596.1|A/cattle/Texas/24-008749-003/2024(H5N1)	2209	1200
PB2|PP755596.1|A/cattle/Texas/24-008749-003/2024(H5N1)	2210	1200
PB2|PP755596.1|A/cattle/Texas/24-008749-003/2024(H5N1)	2211	1194
PB2|PP755596.1|A/cattle/Texas/24-008749-003/2024(H5N1)	2212	1194
PB2|PP755596.1|A/cattle/Texas/24-008749-003/2024(H5N1)	2213	1193
PB2|PP755596.1|A/cattle/Texas/24-008749-003/2024(H5N1)	2214	1190
PB2|PP755596.1|A/cattle/Texas/24-008749-003/2024(H5N1)	2215	1189
PB2|PP755596.1|A/cattle/Texas/24-008749-003/2024(H5N1)	2216	1189
PB2|PP755596.1|A/cattle/Texas/24-008749-003/2024(H5N1)	2217	1193
PB2|PP755596.1|A/cattle/Texas/24-008749-003/2024(H5N1)	2218	1193
PB2|PP755596.1|A/cattle/Texas/24-008749-003/2024(H5N1)	2219	1167
PB2|PP755596.1|A/cattle/Texas/24-008749-003/2024(H5N1)	2220	1172
PB2|PP755596.1|A/cattle/Texas/24-008749-003/2024(H5N1)	2221	1168
PB2|PP755596.1|A/cattle/Texas/24-008749-003/2024(H5N1)	2222	1180
PB2|PP755596.1|A/cattle/Texas/24-008749-003/2024(H5N1)	2223	1180
PB2|PP755596.1|A/cattle/Texas/24-008749-003/2024(H5N1)	2224	1183
PB2|PP755596.1|A/cattle/Texas/24-008749-003/2024(H5N1)	2225	1182
PB2|PP755596.1|A/cattle/Texas/24-008749-003/2024(H5N1)	2226	1177
PB2|PP755596.1|A/cattle/Texas/24-008749-003/2024(H5N1)	2227	1176
PB2|PP755596.1|A/cattle/Texas/24-008749-003/2024(H5N1)	2228	1174
PB2|PP755596.1|A/cattle/Texas/24-008749-003/2024(H5N1)	2229	1140
PB2|PP755596.1|A/cattle/Texas/24-008749-003/2024(H5N1)	2230	1135
PB2|PP755596.1|A/cattle/Texas/24-008749-003/2024(H5N1)	2231	1030
PB2|PP755596.1|A/cattle/Texas/24-008749-003/2024(H5N1)	2232	1028
PB2|PP755596.1|A/cattle/Texas/24-008749-003/2024(H5N1)	2233	1010
PB2|PP755596.1|A/cattle/Texas/24-008749-003/2024(H5N1)	2234	1002
PB2|PP755596.1|A/cattle/Texas/24-008749-003/2024(H5N1)	2235	998
PB2|PP755596.1|A/cattle/Texas/24-008749-003/2024(H5N1)	2236	998
PB2|PP755596.1|A/cattle/Texas/24-008749-003/2024(H5N1)	2237	988
PB2|PP755596.1|A/cattle/Texas/24-008749-003/2024(H5N1)	2238	991
PB2|PP755596.1|A/cattle/Texas/24-008749-003/2024(H5N1)	2239	936
PB2|PP755596.1|A/cattle/Texas/24-008749-003/2024(H5N1)	2240	950
PB2|PP755596.1|A/cattle/Texas/24-008749-003/2024(H5N1)	2241	947
PB2|PP755596.1|A/cattle/Texas/24-008749-003/2024(H5N1)	2242	942
PB2|PP755596.1|A/cattle/Texas/24-008749-003/2024(H5N1)	2243	940
PB2|PP755596.1|A/cattle/Texas/24-008749-003/2024(H5N1)	2244	939
PB2|PP755596.1|A/cattle/Texas/24-008749-003/2024(H5N1)	2245	936
PB2|PP755596.1|A/cattle/Texas/24-008749-003/2024(H5N1)	2246	935
PB2|PP755596.1|A/cattle/Texas/24-008749-003/2024(H5N1)	2247	896
PB2|PP755596.1|A/cattle/Texas/24-008749-003/2024(H5N1)	2248	895
PB2|PP755596.1|A/cattle/Texas/24-008749-003/2024(H5N1)	2249	852
PB2|PP755596.1|A/cattle/Texas/24-008749-003/2024(H5N1)	2250	854
PB2|PP755596.1|A/cattle/Texas/24-008749-003/2024(H5N1)	2251	856
PB2|PP755596.1|A/cattle/Texas/24-008749-003/2024(H5N1)	2252	853
PB2|PP755596.1|A/cattle/Texas/24-008749-003/2024(H5N1)	2253	846
PB2|PP755596.1|A/cattle/Texas/24-008749-003/2024(H5N1)	2254	843
PB2|PP755596.1|A/cattle/Texas/24-008749-003/2024(H5N1)	2255	840
PB2|PP755596.1|A/cattle/Texas/24-008749-003/2024(H5N1)	2256	840
PB2|PP755596.1|A/cattle/Texas/24-008749-003/2024(H5N1)	2257	839
PB2|PP755596.1|A/cattle/Texas/24-008749-003/2024(H5N1)	2258	830
PB2|PP755596.1|A/cattle/Texas/24-008749-003/2024(H5N1)	2259	817
PB2|PP755596.1|A/cattle/Texas/24-008749-003/2024(H5N1)	2260	812
PB2|PP755596.1|A/cattle/Texas/24-008749-003/2024(H5N1)	2261	810
PB2|PP755596.1|A/cattle/Texas/24-008749-003/2024(H5N1)	2262	809
PB2|PP755596.1|A/cattle/Texas/24-008749-003/2024(H5N1)	2263	809
PB2|PP755596.1|A/cattle/Texas/24-008749-003/2024(H5N1)	2264	795
PB2|PP755596.1|A/cattle/Texas/24-008749-003/2024(H5N1)	2265	747
PB2|PP755596.1|A/cattle/Texas/24-008749-003/2024(H5N1)	2266	746
PB2|PP755596.1|A/cattle/Texas/24-008749-003/2024(H5N1)	2267	729
PB2|PP755596.1|A/cattle/Texas/24-008749-003/2024(H5N1)	2268	728
PB2|PP755596.1|A/cattle/Texas/24-008749-003/2024(H5N1)	2269	726
PB2|PP755596.1|A/cattle/Texas/24-008749-003/2024(H5N1)	2270	702
PB2|PP755596.1|A/cattle/Texas/24-008749-003/2024(H5N1)	2271	702
PB2|PP755596.1|A/cattle/Texas/24-008749-003/2024(H5N1)	2272	699
PB2|PP755596.1|A/cattle/Texas/24-008749-003/2024(H5N1)	2273	698
PB2|PP755596.1|A/cattle/Texas/24-008749-003/2024(H5N1)	2274	690
PB2|PP755596.1|A/cattle/Texas/24-008749-003/2024(H5N1)	2275	688
PB2|PP755596.1|A/cattle/Texas/24-008749-003/2024(H5N1)	2276	684
PB2|PP755596.1|A/cattle/Texas/24-008749-003/2024(H5N1)	2277	674
PB2|PP755596.1|A/cattle/Texas/24-008749-003/2024(H5N1)	2278	659
PB2|PP755596.1|A/cattle/Texas/24-008749-003/2024(H5N1)	2279	629
PB2|PP755596.1|A/cattle/Texas/24-008749-003/2024(H5N1)	2280	604
