PA|PP755594.1|A/cattle/Texas/24-008749-003/2024(H5N1)	1	1868
PA|PP755594.1|A/cattle/Texas/24-008749-003/2024(H5N1)	2	1873
PA|PP755594.1|A/cattle/Texas/24-008749-003/2024(H5N1)	3	1906
PA|PP755594.1|A/cattle/Texas/24-008749-003/2024(H5N1)	4	1909
PA|PP755594.1|A/cattle/Texas/24-008749-003/2024(H5N1)	5	1913
PA|PP755594.1|A/cattle/Texas/24-008749-003/2024(H5N1)	6	1913
PA|PP755594.1|A/cattle/Texas/24-008749-003/2024(H5N1)	7	1939
PA|PP755594.1|A/cattle/Texas/24-008749-003/2024(H5N1)	8	1970
PA|PP755594.1|A/cattle/Texas/24-008749-003/2024(H5N1)	9	1978
PA|PP755594.1|A/cattle/Texas/24-008749-003/2024(H5N1)	10	1978
PA|PP755594.1|A/cattle/Texas/24-008749-003/2024(H5N1)	11	2026
PA|PP755594.1|A/cattle/Texas/24-008749-003/2024(H5N1)	12	2026
PA|PP755594.1|A/cattle/Texas/24-008749-003/2024(H5N1)	13	2078
PA|PP755594.1|A/cattle/Texas/24-008749-003/2024(H5N1)	14	2079
PA|PP755594.1|A/cattle/Texas/24-008749-003/2024(H5N1)	15	2081
PA|PP755594.1|A/cattle/Texas/24-008749-003/2024(H5N1)	16	2115
PA|PP755594.1|A/cattle/Texas/24-008749-003/2024(H5N1)	17	2117
PA|PP755594.1|A/cattle/Texas/24-008749-003/2024(H5N1)	18	2166
PA|PP755594.1|A/cattle/Texas/24-008749-003/2024(H5N1)	19	2180
PA|PP755594.1|A/cattle/Texas/24-008749-003/2024(H5N1)	20	2183
PA|PP755594.1|A/cattle/Texas/24-008749-003/2024(H5N1)	21	2218
PA|PP755594.1|A/cattle/Texas/24-008749-003/2024(H5N1)	22	2225
PA|PP755594.1|A/cattle/Texas/24-008749-003/2024(H5N1)	23	2311
PA|PP755594.1|A/cattle/Texas/24-008749-003/2024(H5N1)	24	2377
PA|PP755594.1|A/cattle/Texas/24-008749-003/2024(H5N1)	25	2381
PA|PP755594.1|A/cattle/Texas/24-008749-003/2024(H5N1)	26	2385
PA|PP755594.1|A/cattle/Texas/24-008749-003/2024(H5N1)	27	2385
PA|PP755594.1|A/cattle/Texas/24-008749-003/2024(H5N1)	28	2396
PA|PP755594.1|A/cattle/Texas/24-008749-003/2024(H5N1)	29	2508
PA|PP755594.1|A/cattle/Texas/24-008749-003/2024(H5N1)	30	2515
PA|PP755594.1|A/cattle/Texas/24-008749-003/2024(H5N1)	31	2515
PA|PP755594.1|A/cattle/Texas/24-008749-003/2024(H5N1)	32	2518
PA|PP755594.1|A/cattle/Texas/24-008749-003/2024(H5N1)	33	2543
PA|PP755594.1|A/cattle/Texas/24-008749-003/2024(H5N1)	34	2552
PA|PP755594.1|A/cattle/Texas/24-008749-003/2024(H5N1)	35	2587
PA|PP755594.1|A/cattle/Texas/24-008749-003/2024(H5N1)	36	2590
PA|PP755594.1|A/cattle/Texas/24-008749-003/2024(H5N1)	37	2616
PA|PP755594.1|A/cattle/Texas/24-008749-003/2024(H5N1)	38	2632
PA|PP755594.1|A/cattle/Texas/24-008749-003/2024(H5N1)	39	2642
PA|PP755594.1|A/cattle/Texas/24-008749-003/2024(H5N1)	40	2648
PA|PP755594.1|A/cattle/Texas/24-008749-003/2024(H5N1)	41	2666
PA|PP755594.1|A/cattle/Texas/24-008749-003/2024(H5N1)	42	2675
PA|PP755594.1|A/cattle/Texas/24-008749-003/2024(H5N1)	43	2678
PA|PP755594.1|A/cattle/Texas/24-008749-003/2024(H5N1)	44	2717
PA|PP755594.1|A/cattle/Texas/24-008749-003/2024(H5N1)	45	2722
PA|PP755594.1|A/cattle/Texas/24-008749-003/2024(H5N1)	46	2727
PA|PP755594.1|A/cattle/Texas/24-008749-003/2024(H5N1)	47	2729
PA|PP755594.1|A/cattle/Texas/24-008749-003/2024(H5N1)	48	2748
PA|PP755594.1|A/cattle/Texas/24-008749-003/2024(H5N1)	49	2751
PA|PP755594.1|A/cattle/Texas/24-008749-003/2024(H5N1)	50	2757
PA|PP755594.1|A/cattle/Texas/24-008749-003/2024(H5N1)	51	2761
PA|PP755594.1|A/cattle/Texas/24-008749-003/2024(H5N1)	52	2773
PA|PP755594.1|A/cattle/Texas/24-008749-003/2024(H5N1)	53	2766
PA|PP755594.1|A/cattle/Texas/24-008749-003/2024(H5N1)	54	2777
PA|PP755594.1|A/cattle/Texas/24-008749-003/2024(H5N1)	55	2777
PA|PP755594.1|A/cattle/Texas/24-008749-003/2024(H5N1)	56	2783
PA|PP755594.1|A/cattle/Texas/24-008749-003/2024(H5N1)	57	2781
PA|PP755594.1|A/cattle/Texas/24-008749-003/2024(H5N1)	58	2834
PA|PP755594.1|A/cattle/Texas/24-008749-003/2024(H5N1)	59	2861
PA|PP755594.1|A/cattle/Texas/24-008749-003/2024(H5N1)	60	2863
PA|PP755594.1|A/cattle/Texas/24-008749-003/2024(H5N1)	61	2884
PA|PP755594.1|A/cattle/Texas/24-008749-003/2024(H5N1)	62	2886
PA|PP755594.1|A/cattle/Texas/24-008749-003/2024(H5N1)	63	2899
PA|PP755594.1|A/cattle/Texas/24-008749-003/2024(H5N1)	64	2910
PA|PP755594.1|A/cattle/Texas/24-008749-003/2024(H5N1)	65	2911
PA|PP755594.1|A/cattle/Texas/24-008749-003/2024(H5N1)	66	2912
PA|PP755594.1|A/cattle/Texas/24-008749-003/2024(H5N1)	67	2980
PA|PP755594.1|A/cattle/Texas/24-008749-003/2024(H5N1)	68	3008
PA|PP755594.1|A/cattle/Texas/24-008749-003/2024(H5N1)	69	3117
PA|PP755594.1|A/cattle/Texas/24-008749-003/2024(H5N1)	70	3128
PA|PP755594.1|A/cattle/Texas/24-008749-003/2024(H5N1)	71	3135
PA|PP755594.1|A/cattle/Texas/24-008749-003/2024(H5N1)	72	3172
PA|PP755594.1|A/cattle/Texas/24-008749-003/2024(H5N1)	73	3176
PA|PP755594.1|A/cattle/Texas/24-008749-003/2024(H5N1)	74	3199
PA|PP755594.1|A/cattle/Texas/24-008749-003/2024(H5N1)	75	3199
PA|PP755594.1|A/cattle/Texas/24-008749-003/2024(H5N1)	76	3191
PA|PP755594.1|A/cattle/Texas/24-008749-003/2024(H5N1)	77	3192
PA|PP755594.1|A/cattle/Texas/24-008749-003/2024(H5N1)	78	3170
PA|PP755594.1|A/cattle/Texas/24-008749-003/2024(H5N1)	79	3179
PA|PP755594.1|A/cattle/Texas/24-008749-003/2024(H5N1)	80	3181
PA|PP755594.1|A/cattle/Texas/24-008749-003/2024(H5N1)	81	3189
PA|PP755594.1|A/cattle/Texas/24-008749-003/2024(H5N1)	82	3214
PA|PP755594.1|A/cattle/Texas/24-008749-003/2024(H5N1)	83	3230
PA|PP755594.1|A/cattle/Texas/24-008749-003/2024(H5N1)	84	3233
PA|PP755594.1|A/cattle/Texas/24-008749-003/2024(H5N1)	85	3235
PA|PP755594.1|A/cattle/Texas/24-008749-003/2024(H5N1)	86	3237
PA|PP755594.1|A/cattle/Texas/24-008749-003/2024(H5N1)	87	3250
PA|PP755594.1|A/cattle/Texas/24-008749-003/2024(H5N1)	88	3253
PA|PP755594.1|A/cattle/Texas/24-008749-003/2024(H5N1)	89	3253
PA|PP755594.1|A/cattle/Texas/24-008749-003/2024(H5N1)	90	3252
PA|PP755594.1|A/cattle/Texas/24-008749-003/2024(H5N1)	91	3254
PA|PP755594.1|A/cattle/Texas/24-008749-003/2024(H5N1)	92	3263
PA|PP755594.1|A/cattle/Texas/24-008749-003/2024(H5N1)	93	3263
PA|PP755594.1|A/cattle/Texas/24-008749-003/2024(H5N1)	94	3319
PA|PP755594.1|A/cattle/Texas/24-008749-003/2024(H5N1)	95	3338
PA|PP755594.1|A/cattle/Texas/24-008749-003/2024(H5N1)	96	3339
PA|PP755594.1|A/cattle/Texas/24-008749-003/2024(H5N1)	97	3356
PA|PP755594.1|A/cattle/Texas/24-008749-003/2024(H5N1)	98	3371
PA|PP755594.1|A/cattle/Texas/24-008749-003/2024(H5N1)	99	3482
PA|PP755594.1|A/cattle/Texas/24-008749-003/2024(H5N1)	100	3486
PA|PP755594.1|A/cattle/Texas/24-008749-003/2024(H5N1)	101	3491
PA|PP755594.1|A/cattle/Texas/24-008749-003/2024(H5N1)	102	3495
PA|PP755594.1|A/cattle/Texas/24-008749-003/2024(H5N1)	103	3494
PA|PP755594.1|A/cattle/Texas/24-008749-003/2024(H5N1)	104	3518
PA|PP755594.1|A/cattle/Texas/24-008749-003/2024(H5N1)	105	3521
PA|PP755594.1|A/cattle/Texas/24-008749-003/2024(H5N1)	106	3521
PA|PP755594.1|A/cattle/Texas/24-008749-003/2024(H5N1)	107	3535
PA|PP755594.1|A/cattle/Texas/24-008749-003/2024(H5N1)	108	3529
PA|PP755594.1|A/cattle/Texas/24-008749-003/2024(H5N1)	109	3537
PA|PP755594.1|A/cattle/Texas/24-008749-003/2024(H5N1)	110	3582
PA|PP755594.1|A/cattle/Texas/24-008749-003/2024(H5N1)	111	3629
PA|PP755594.1|A/cattle/Texas/24-008749-003/2024(H5N1)	112	3681
PA|PP755594.1|A/cattle/Texas/24-008749-003/2024(H5N1)	113	3695
PA|PP755594.1|A/cattle/Texas/24-008749-003/2024(H5N1)	114	3800
PA|PP755594.1|A/cattle/Texas/24-008749-003/2024(H5N1)	115	3826
PA|PP755594.1|A/cattle/Texas/24-008749-003/2024(H5N1)	116	3838
PA|PP755594.1|A/cattle/Texas/24-008749-003/2024(H5N1)	117	4176
PA|PP755594.1|A/cattle/Texas/24-008749-003/2024(H5N1)	118	4185
PA|PP755594.1|A/cattle/Texas/24-008749-003/2024(H5N1)	119	4195
PA|PP755594.1|A/cattle/Texas/24-008749-003/2024(H5N1)	120	4184
PA|PP755594.1|A/cattle/Texas/24-008749-003/2024(H5N1)	121	4529
PA|PP755594.1|A/cattle/Texas/24-008749-003/2024(H5N1)	122	4542
PA|PP755594.1|A/cattle/Texas/24-008749-003/2024(H5N1)	123	4643
PA|PP755594.1|A/cattle/Texas/24-008749-003/2024(H5N1)	124	4615
PA|PP755594.1|A/cattle/Texas/24-008749-003/2024(H5N1)	125	4616
PA|PP755594.1|A/cattle/Texas/24-008749-003/2024(H5N1)	126	4607
PA|PP755594.1|A/cattle/Texas/24-008749-003/2024(H5N1)	127	3992
PA|PP755594.1|A/cattle/Texas/24-008749-003/2024(H5N1)	128	4164
PA|PP755594.1|A/cattle/Texas/24-008749-003/2024(H5N1)	129	3996
PA|PP755594.1|A/cattle/Texas/24-008749-003/2024(H5N1)	130	3993
PA|PP755594.1|A/cattle/Texas/24-008749-003/2024(H5N1)	131	3951
PA|PP755594.1|A/cattle/Texas/24-008749-003/2024(H5N1)	132	3514
PA|PP755594.1|A/cattle/Texas/24-008749-003/2024(H5N1)	133	3496
PA|PP755594.1|A/cattle/Texas/24-008749-003/2024(H5N1)	134	3566
PA|PP755594.1|A/cattle/Texas/24-008749-003/2024(H5N1)	135	3574
PA|PP755594.1|A/cattle/Texas/24-008749-003/2024(H5N1)	136	3608
PA|PP755594.1|A/cattle/Texas/24-008749-003/2024(H5N1)	137	3607
PA|PP755594.1|A/cattle/Texas/24-008749-003/2024(H5N1)	138	3577
PA|PP755594.1|A/cattle/Texas/24-008749-003/2024(H5N1)	139	3574
PA|PP755594.1|A/cattle/Texas/24-008749-003/2024(H5N1)	140	3640
PA|PP755594.1|A/cattle/Texas/24-008749-003/2024(H5N1)	141	3659
PA|PP755594.1|A/cattle/Texas/24-008749-003/2024(H5N1)	142	3657
PA|PP755594.1|A/cattle/Texas/24-008749-003/2024(H5N1)	143	3644
PA|PP755594.1|A/cattle/Texas/24-008749-003/2024(H5N1)	144	3599
PA|PP755594.1|A/cattle/Texas/24-008749-003/2024(H5N1)	145	3671
PA|PP755594.1|A/cattle/Texas/24-008749-003/2024(H5N1)	146	3711
PA|PP755594.1|A/cattle/Texas/24-008749-003/2024(H5N1)	147	3708
PA|PP755594.1|A/cattle/Texas/24-008749-003/2024(H5N1)	148	3746
PA|PP755594.1|A/cattle/Texas/24-008749-003/2024(H5N1)	149	3786
PA|PP755594.1|A/cattle/Texas/24-008749-003/2024(H5N1)	150	3768
PA|PP755594.1|A/cattle/Texas/24-008749-003/2024(H5N1)	151	3765
PA|PP755594.1|A/cattle/Texas/24-008749-003/2024(H5N1)	152	3676
PA|PP755594.1|A/cattle/Texas/24-008749-003/2024(H5N1)	153	3679
PA|PP755594.1|A/cattle/Texas/24-008749-003/2024(H5N1)	154	3697
PA|PP755594.1|A/cattle/Texas/24-008749-003/2024(H5N1)	155	3701
PA|PP755594.1|A/cattle/Texas/24-008749-003/2024(H5N1)	156	3709
PA|PP755594.1|A/cattle/Texas/24-008749-003/2024(H5N1)	157	3701
PA|PP755594.1|A/cattle/Texas/24-008749-003/2024(H5N1)	158	3685
PA|PP755594.1|A/cattle/Texas/24-008749-003/2024(H5N1)	159	3666
PA|PP755594.1|A/cattle/Texas/24-008749-003/2024(H5N1)	160	3664
PA|PP755594.1|A/cattle/Texas/24-008749-003/2024(H5N1)	161	3664
PA|PP755594.1|A/cattle/Texas/24-008749-003/2024(H5N1)	162	3621
PA|PP755594.1|A/cattle/Texas/24-008749-003/2024(H5N1)	163	3622
PA|PP755594.1|A/cattle/Texas/24-008749-003/2024(H5N1)	164	3603
PA|PP755594.1|A/cattle/Texas/24-008749-003/2024(H5N1)	165	3623
PA|PP755594.1|A/cattle/Texas/24-008749-003/2024(H5N1)	166	3622
PA|PP755594.1|A/cattle/Texas/24-008749-003/2024(H5N1)	167	3604
PA|PP755594.1|A/cattle/Texas/24-008749-003/2024(H5N1)	168	3603
PA|PP755594.1|A/cattle/Texas/24-008749-003/2024(H5N1)	169	3546
PA|PP755594.1|A/cattle/Texas/24-008749-003/2024(H5N1)	170	3545
PA|PP755594.1|A/cattle/Texas/24-008749-003/2024(H5N1)	171	3576
PA|PP755594.1|A/cattle/Texas/24-008749-003/2024(H5N1)	172	3544
PA|PP755594.1|A/cattle/Texas/24-008749-003/2024(H5N1)	173	3539
PA|PP755594.1|A/cattle/Texas/24-008749-003/2024(H5N1)	174	3416
PA|PP755594.1|A/cattle/Texas/24-008749-003/2024(H5N1)	175	3431
PA|PP755594.1|A/cattle/Texas/24-008749-003/2024(H5N1)	176	3440
PA|PP755594.1|A/cattle/Texas/24-008749-003/2024(H5N1)	177	3461
PA|PP755594.1|A/cattle/Texas/24-008749-003/2024(H5N1)	178	3460
PA|PP755594.1|A/cattle/Texas/24-008749-003/2024(H5N1)	179	3365
PA|PP755594.1|A/cattle/Texas/24-008749-003/2024(H5N1)	180	3392
PA|PP755594.1|A/cattle/Texas/24-008749-003/2024(H5N1)	181	3401
PA|PP755594.1|A/cattle/Texas/24-008749-003/2024(H5N1)	182	3416
PA|PP755594.1|A/cattle/Texas/24-008749-003/2024(H5N1)	183	3426
PA|PP755594.1|A/cattle/Texas/24-008749-003/2024(H5N1)	184	3420
PA|PP755594.1|A/cattle/Texas/24-008749-003/2024(H5N1)	185	3459
PA|PP755594.1|A/cattle/Texas/24-008749-003/2024(H5N1)	186	3450
PA|PP755594.1|A/cattle/Texas/24-008749-003/2024(H5N1)	187	3459
PA|PP755594.1|A/cattle/Texas/24-008749-003/2024(H5N1)	188	3464
PA|PP755594.1|A/cattle/Texas/24-008749-003/2024(H5N1)	189	3450
PA|PP755594.1|A/cattle/Texas/24-008749-003/2024(H5N1)	190	3455
PA|PP755594.1|A/cattle/Texas/24-008749-003/2024(H5N1)	191	3587
PA|PP755594.1|A/cattle/Texas/24-008749-003/2024(H5N1)	192	3596
PA|PP755594.1|A/cattle/Texas/24-008749-003/2024(H5N1)	193	3600
PA|PP755594.1|A/cattle/Texas/24-008749-003/2024(H5N1)	194	3554
PA|PP755594.1|A/cattle/Texas/24-008749-003/2024(H5N1)	195	3598
PA|PP755594.1|A/cattle/Texas/24-008749-003/2024(H5N1)	196	3594
PA|PP755594.1|A/cattle/Texas/24-008749-003/2024(H5N1)	197	3594
PA|PP755594.1|A/cattle/Texas/24-008749-003/2024(H5N1)	198	3600
PA|PP755594.1|A/cattle/Texas/24-008749-003/2024(H5N1)	199	3587
PA|PP755594.1|A/cattle/Texas/24-008749-003/2024(H5N1)	200	3641
PA|PP755594.1|A/cattle/Texas/24-008749-003/2024(H5N1)	201	3663
PA|PP755594.1|A/cattle/Texas/24-008749-003/2024(H5N1)	202	3661
PA|PP755594.1|A/cattle/Texas/24-008749-003/2024(H5N1)	203	3663
PA|PP755594.1|A/cattle/Texas/24-008749-003/2024(H5N1)	204	3661
PA|PP755594.1|A/cattle/Texas/24-008749-003/2024(H5N1)	205	3692
PA|PP755594.1|A/cattle/Texas/24-008749-003/2024(H5N1)	206	3702
PA|PP755594.1|A/cattle/Texas/24-008749-003/2024(H5N1)	207	3698
PA|PP755594.1|A/cattle/Texas/24-008749-003/2024(H5N1)	208	3728
PA|PP755594.1|A/cattle/Texas/24-008749-003/2024(H5N1)	209	3654
PA|PP755594.1|A/cattle/Texas/24-008749-003/2024(H5N1)	210	3647
PA|PP755594.1|A/cattle/Texas/24-008749-003/2024(H5N1)	211	3666
PA|PP755594.1|A/cattle/Texas/24-008749-003/2024(H5N1)	212	3647
PA|PP755594.1|A/cattle/Texas/24-008749-003/2024(H5N1)	213	3684
PA|PP755594.1|A/cattle/Texas/24-008749-003/2024(H5N1)	214	3691
PA|PP755594.1|A/cattle/Texas/24-008749-003/2024(H5N1)	215	3691
PA|PP755594.1|A/cattle/Texas/24-008749-003/2024(H5N1)	216	3699
PA|PP755594.1|A/cattle/Texas/24-008749-003/2024(H5N1)	217	3668
PA|PP755594.1|A/cattle/Texas/24-008749-003/2024(H5N1)	218	3610
PA|PP755594.1|A/cattle/Texas/24-008749-003/2024(H5N1)	219	3614
PA|PP755594.1|A/cattle/Texas/24-008749-003/2024(H5N1)	220	3534
PA|PP755594.1|A/cattle/Texas/24-008749-003/2024(H5N1)	221	3532
PA|PP755594.1|A/cattle/Texas/24-008749-003/2024(H5N1)	222	3528
PA|PP755594.1|A/cattle/Texas/24-008749-003/2024(H5N1)	223	3483
PA|PP755594.1|A/cattle/Texas/24-008749-003/2024(H5N1)	224	3507
PA|PP755594.1|A/cattle/Texas/24-008749-003/2024(H5N1)	225	3502
PA|PP755594.1|A/cattle/Texas/24-008749-003/2024(H5N1)	226	3529
PA|PP755594.1|A/cattle/Texas/24-008749-003/2024(H5N1)	227	3533
PA|PP755594.1|A/cattle/Texas/24-008749-003/2024(H5N1)	228	3530
PA|PP755594.1|A/cattle/Texas/24-008749-003/2024(H5N1)	229	3531
PA|PP755594.1|A/cattle/Texas/24-008749-003/2024(H5N1)	230	3532
PA|PP755594.1|A/cattle/Texas/24-008749-003/2024(H5N1)	231	3532
PA|PP755594.1|A/cattle/Texas/24-008749-003/2024(H5N1)	232	3544
PA|PP755594.1|A/cattle/Texas/24-008749-003/2024(H5N1)	233	3519
PA|PP755594.1|A/cattle/Texas/24-008749-003/2024(H5N1)	234	3505
PA|PP755594.1|A/cattle/Texas/24-008749-003/2024(H5N1)	235	3560
PA|PP755594.1|A/cattle/Texas/24-008749-003/2024(H5N1)	236	3580
PA|PP755594.1|A/cattle/Texas/24-008749-003/2024(H5N1)	237	3604
PA|PP755594.1|A/cattle/Texas/24-008749-003/2024(H5N1)	238	3601
PA|PP755594.1|A/cattle/Texas/24-008749-003/2024(H5N1)	239	3613
PA|PP755594.1|A/cattle/Texas/24-008749-003/2024(H5N1)	240	3613
PA|PP755594.1|A/cattle/Texas/24-008749-003/2024(H5N1)	241	3742
PA|PP755594.1|A/cattle/Texas/24-008749-003/2024(H5N1)	242	3861
PA|PP755594.1|A/cattle/Texas/24-008749-003/2024(H5N1)	243	3909
PA|PP755594.1|A/cattle/Texas/24-008749-003/2024(H5N1)	244	3849
PA|PP755594.1|A/cattle/Texas/24-008749-003/2024(H5N1)	245	3850
PA|PP755594.1|A/cattle/Texas/24-008749-003/2024(H5N1)	246	3864
PA|PP755594.1|A/cattle/Texas/24-008749-003/2024(H5N1)	247	3865
PA|PP755594.1|A/cattle/Texas/24-008749-003/2024(H5N1)	248	3868
PA|PP755594.1|A/cattle/Texas/24-008749-003/2024(H5N1)	249	3849
PA|PP755594.1|A/cattle/Texas/24-008749-003/2024(H5N1)	250	3754
PA|PP755594.1|A/cattle/Texas/24-008749-003/2024(H5N1)	251	3772
PA|PP755594.1|A/cattle/Texas/24-008749-003/2024(H5N1)	252	3772
PA|PP755594.1|A/cattle/Texas/24-008749-003/2024(H5N1)	253	3813
PA|PP755594.1|A/cattle/Texas/24-008749-003/2024(H5N1)	254	3813
PA|PP755594.1|A/cattle/Texas/24-008749-003/2024(H5N1)	255	3795
PA|PP755594.1|A/cattle/Texas/24-008749-003/2024(H5N1)	256	3791
PA|PP755594.1|A/cattle/Texas/24-008749-003/2024(H5N1)	257	3783
PA|PP755594.1|A/cattle/Texas/24-008749-003/2024(H5N1)	258	4134
PA|PP755594.1|A/cattle/Texas/24-008749-003/2024(H5N1)	259	4144
PA|PP755594.1|A/cattle/Texas/24-008749-003/2024(H5N1)	260	4123
PA|PP755594.1|A/cattle/Texas/24-008749-003/2024(H5N1)	261	4047
PA|PP755594.1|A/cattle/Texas/24-008749-003/2024(H5N1)	262	4012
PA|PP755594.1|A/cattle/Texas/24-008749-003/2024(H5N1)	263	4121
PA|PP755594.1|A/cattle/Texas/24-008749-003/2024(H5N1)	264	4126
PA|PP755594.1|A/cattle/Texas/24-008749-003/2024(H5N1)	265	4029
PA|PP755594.1|A/cattle/Texas/24-008749-003/2024(H5N1)	266	4008
PA|PP755594.1|A/cattle/Texas/24-008749-003/2024(H5N1)	267	3628
PA|PP755594.1|A/cattle/Texas/24-008749-003/2024(H5N1)	268	3878
PA|PP755594.1|A/cattle/Texas/24-008749-003/2024(H5N1)	269	3883
PA|PP755594.1|A/cattle/Texas/24-008749-003/2024(H5N1)	270	3956
PA|PP755594.1|A/cattle/Texas/24-008749-003/2024(H5N1)	271	3964
PA|PP755594.1|A/cattle/Texas/24-008749-003/2024(H5N1)	272	3652
PA|PP755594.1|A/cattle/Texas/24-008749-003/2024(H5N1)	273	3688
PA|PP755594.1|A/cattle/Texas/24-008749-003/2024(H5N1)	274	3601
PA|PP755594.1|A/cattle/Texas/24-008749-003/2024(H5N1)	275	3602
PA|PP755594.1|A/cattle/Texas/24-008749-003/2024(H5N1)	276	3606
PA|PP755594.1|A/cattle/Texas/24-008749-003/2024(H5N1)	277	3383
PA|PP755594.1|A/cattle/Texas/24-008749-003/2024(H5N1)	278	3417
PA|PP755594.1|A/cattle/Texas/24-008749-003/2024(H5N1)	279	3332
PA|PP755594.1|A/cattle/Texas/24-008749-003/2024(H5N1)	280	3323
PA|PP755594.1|A/cattle/Texas/24-008749-003/2024(H5N1)	281	3320
PA|PP755594.1|A/cattle/Texas/24-008749-003/2024(H5N1)	282	3299
PA|PP755594.1|A/cattle/Texas/24-008749-003/2024(H5N1)	283	3298
PA|PP755594.1|A/cattle/Texas/24-008749-003/2024(H5N1)	284	3296
PA|PP755594.1|A/cattle/Texas/24-008749-003/2024(H5N1)	285	3312
PA|PP755594.1|A/cattle/Texas/24-008749-003/2024(H5N1)	286	3330
PA|PP755594.1|A/cattle/Texas/24-008749-003/2024(H5N1)	287	3389
PA|PP755594.1|A/cattle/Texas/24-008749-003/2024(H5N1)	288	3456
PA|PP755594.1|A/cattle/Texas/24-008749-003/2024(H5N1)	289	3442
PA|PP755594.1|A/cattle/Texas/24-008749-003/2024(H5N1)	290	3523
PA|PP755594.1|A/cattle/Texas/24-008749-003/2024(H5N1)	291	3427
PA|PP755594.1|A/cattle/Texas/24-008749-003/2024(H5N1)	292	3447
PA|PP755594.1|A/cattle/Texas/24-008749-003/2024(H5N1)	293	3510
PA|PP755594.1|A/cattle/Texas/24-008749-003/2024(H5N1)	294	3494
PA|PP755594.1|A/cattle/Texas/24-008749-003/2024(H5N1)	295	3503
PA|PP755594.1|A/cattle/Texas/24-008749-003/2024(H5N1)	296	3518
PA|PP755594.1|A/cattle/Texas/24-008749-003/2024(H5N1)	297	3497
PA|PP755594.1|A/cattle/Texas/24-008749-003/2024(H5N1)	298	3495
PA|PP755594.1|A/cattle/Texas/24-008749-003/2024(H5N1)	299	3437
PA|PP755594.1|A/cattle/Texas/24-008749-003/2024(H5N1)	300	3486
PA|PP755594.1|A/cattle/Texas/24-008749-003/2024(H5N1)	301	3489
PA|PP755594.1|A/cattle/Texas/24-008749-003/2024(H5N1)	302	3516
PA|PP755594.1|A/cattle/Texas/24-008749-003/2024(H5N1)	303	3515
PA|PP755594.1|A/cattle/Texas/24-008749-003/2024(H5N1)	304	3504
PA|PP755594.1|A/cattle/Texas/24-008749-003/2024(H5N1)	305	3490
PA|PP755594.1|A/cattle/Texas/24-008749-003/2024(H5N1)	306	3525
PA|PP755594.1|A/cattle/Texas/24-008749-003/2024(H5N1)	307	3546
PA|PP755594.1|A/cattle/Texas/24-008749-003/2024(H5N1)	308	3542
PA|PP755594.1|A/cattle/Texas/24-008749-003/2024(H5N1)	309	3541
PA|PP755594.1|A/cattle/Texas/24-008749-003/2024(H5N1)	310	3565
PA|PP755594.1|A/cattle/Texas/24-008749-003/2024(H5N1)	311	3566
PA|PP755594.1|A/cattle/Texas/24-008749-003/2024(H5N1)	312	3610
PA|PP755594.1|A/cattle/Texas/24-008749-003/2024(H5N1)	313	3637
PA|PP755594.1|A/cattle/Texas/24-008749-003/2024(H5N1)	314	3632
PA|PP755594.1|A/cattle/Texas/24-008749-003/2024(H5N1)	315	3624
PA|PP755594.1|A/cattle/Texas/24-008749-003/2024(H5N1)	316	3601
PA|PP755594.1|A/cattle/Texas/24-008749-003/2024(H5N1)	317	3642
PA|PP755594.1|A/cattle/Texas/24-008749-003/2024(H5N1)	318	3672
PA|PP755594.1|A/cattle/Texas/24-008749-003/2024(H5N1)	319	3668
PA|PP755594.1|A/cattle/Texas/24-008749-003/2024(H5N1)	320	3647
PA|PP755594.1|A/cattle/Texas/24-008749-003/2024(H5N1)	321	3644
PA|PP755594.1|A/cattle/Texas/24-008749-003/2024(H5N1)	322	3704
PA|PP755594.1|A/cattle/Texas/24-008749-003/2024(H5N1)	323	3719
PA|PP755594.1|A/cattle/Texas/24-008749-003/2024(H5N1)	324	3715
PA|PP755594.1|A/cattle/Texas/24-008749-003/2024(H5N1)	325	3737
PA|PP755594.1|A/cattle/Texas/24-008749-003/2024(H5N1)	326	3725
PA|PP755594.1|A/cattle/Texas/24-008749-003/2024(H5N1)	327	3733
PA|PP755594.1|A/cattle/Texas/24-008749-003/2024(H5N1)	328	3725
PA|PP755594.1|A/cattle/Texas/24-008749-003/2024(H5N1)	329	3724
PA|PP755594.1|A/cattle/Texas/24-008749-003/2024(H5N1)	330	3755
PA|PP755594.1|A/cattle/Texas/24-008749-003/2024(H5N1)	331	3708
PA|PP755594.1|A/cattle/Texas/24-008749-003/2024(H5N1)	332	3860
PA|PP755594.1|A/cattle/Texas/24-008749-003/2024(H5N1)	333	3885
PA|PP755594.1|A/cattle/Texas/24-008749-003/2024(H5N1)	334	3867
PA|PP755594.1|A/cattle/Texas/24-008749-003/2024(H5N1)	335	3885
PA|PP755594.1|A/cattle/Texas/24-008749-003/2024(H5N1)	336	3833
PA|PP755594.1|A/cattle/Texas/24-008749-003/2024(H5N1)	337	3835
PA|PP755594.1|A/cattle/Texas/24-008749-003/2024(H5N1)	338	3835
PA|PP755594.1|A/cattle/Texas/24-008749-003/2024(H5N1)	339	4064
PA|PP755594.1|A/cattle/Texas/24-008749-003/2024(H5N1)	340	4082
PA|PP755594.1|A/cattle/Texas/24-008749-003/2024(H5N1)	341	3917
PA|PP755594.1|A/cattle/Texas/24-008749-003/2024(H5N1)	342	3947
PA|PP755594.1|A/cattle/Texas/24-008749-003/2024(H5N1)	343	4010
PA|PP755594.1|A/cattle/Texas/24-008749-003/2024(H5N1)	344	3996
PA|PP755594.1|A/cattle/Texas/24-008749-003/2024(H5N1)	345	3997
PA|PP755594.1|A/cattle/Texas/24-008749-003/2024(H5N1)	346	3949
PA|PP755594.1|A/cattle/Texas/24-008749-003/2024(H5N1)	347	4042
PA|PP755594.1|A/cattle/Texas/24-008749-003/2024(H5N1)	348	4163
PA|PP755594.1|A/cattle/Texas/24-008749-003/2024(H5N1)	349	4155
PA|PP755594.1|A/cattle/Texas/24-008749-003/2024(H5N1)	350	4151
PA|PP755594.1|A/cattle/Texas/24-008749-003/2024(H5N1)	351	4161
PA|PP755594.1|A/cattle/Texas/24-008749-003/2024(H5N1)	352	4156
PA|PP755594.1|A/cattle/Texas/24-008749-003/2024(H5N1)	353	4173
PA|PP755594.1|A/cattle/Texas/24-008749-003/2024(H5N1)	354	4172
PA|PP755594.1|A/cattle/Texas/24-008749-003/2024(H5N1)	355	4172
PA|PP755594.1|A/cattle/Texas/24-008749-003/2024(H5N1)	356	4248
PA|PP755594.1|A/cattle/Texas/24-008749-003/2024(H5N1)	357	4260
PA|PP755594.1|A/cattle/Texas/24-008749-003/2024(H5N1)	358	4263
PA|PP755594.1|A/cattle/Texas/24-008749-003/2024(H5N1)	359	4248
PA|PP755594.1|A/cattle/Texas/24-008749-003/2024(H5N1)	360	4246
PA|PP755594.1|A/cattle/Texas/24-008749-003/2024(H5N1)	361	4256
PA|PP755594.1|A/cattle/Texas/24-008749-003/2024(H5N1)	362	4305
PA|PP755594.1|A/cattle/Texas/24-008749-003/2024(H5N1)	363	4307
PA|PP755594.1|A/cattle/Texas/24-008749-003/2024(H5N1)	364	4288
PA|PP755594.1|A/cattle/Texas/24-008749-003/2024(H5N1)	365	4265
PA|PP755594.1|A/cattle/Texas/24-008749-003/2024(H5N1)	366	4249
PA|PP755594.1|A/cattle/Texas/24-008749-003/2024(H5N1)	367	4248
PA|PP755594.1|A/cattle/Texas/24-008749-003/2024(H5N1)	368	4270
PA|PP755594.1|A/cattle/Texas/24-008749-003/2024(H5N1)	369	4275
PA|PP755594.1|A/cattle/Texas/24-008749-003/2024(H5N1)	370	4277
PA|PP755594.1|A/cattle/Texas/24-008749-003/2024(H5N1)	371	4257
PA|PP755594.1|A/cattle/Texas/24-008749-003/2024(H5N1)	372	4260
PA|PP755594.1|A/cattle/Texas/24-008749-003/2024(H5N1)	373	4259
PA|PP755594.1|A/cattle/Texas/24-008749-003/2024(H5N1)	374	4291
PA|PP755594.1|A/cattle/Texas/24-008749-003/2024(H5N1)	375	4335
PA|PP755594.1|A/cattle/Texas/24-008749-003/2024(H5N1)	376	4338
PA|PP755594.1|A/cattle/Texas/24-008749-003/2024(H5N1)	377	4317
PA|PP755594.1|A/cattle/Texas/24-008749-003/2024(H5N1)	378	4322
PA|PP755594.1|A/cattle/Texas/24-008749-003/2024(H5N1)	379	4356
PA|PP755594.1|A/cattle/Texas/24-008749-003/2024(H5N1)	380	4370
PA|PP755594.1|A/cattle/Texas/24-008749-003/2024(H5N1)	381	4378
PA|PP755594.1|A/cattle/Texas/24-008749-003/2024(H5N1)	382	4499
PA|PP755594.1|A/cattle/Texas/24-008749-003/2024(H5N1)	383	4618
PA|PP755594.1|A/cattle/Texas/24-008749-003/2024(H5N1)	384	4667
PA|PP755594.1|A/cattle/Texas/24-008749-003/2024(H5N1)	385	4658
PA|PP755594.1|A/cattle/Texas/24-008749-003/2024(H5N1)	386	4616
PA|PP755594.1|A/cattle/Texas/24-008749-003/2024(H5N1)	387	4604
PA|PP755594.1|A/cattle/Texas/24-008749-003/2024(H5N1)	388	4712
PA|PP755594.1|A/cattle/Texas/24-008749-003/2024(H5N1)	389	4699
PA|PP755594.1|A/cattle/Texas/24-008749-003/2024(H5N1)	390	4591
PA|PP755594.1|A/cattle/Texas/24-008749-003/2024(H5N1)	391	4457
PA|PP755594.1|A/cattle/Texas/24-008749-003/2024(H5N1)	392	4469
PA|PP755594.1|A/cattle/Texas/24-008749-003/2024(H5N1)	393	4408
PA|PP755594.1|A/cattle/Texas/24-008749-003/2024(H5N1)	394	4433
PA|PP755594.1|A/cattle/Texas/24-008749-003/2024(H5N1)	395	4434
PA|PP755594.1|A/cattle/Texas/24-008749-003/2024(H5N1)	396	4429
PA|PP755594.1|A/cattle/Texas/24-008749-003/2024(H5N1)	397	4418
PA|PP755594.1|A/cattle/Texas/24-008749-003/2024(H5N1)	398	4415
PA|PP755594.1|A/cattle/Texas/24-008749-003/2024(H5N1)	399	4432
PA|PP755594.1|A/cattle/Texas/24-008749-003/2024(H5N1)	400	4426
PA|PP755594.1|A/cattle/Texas/24-008749-003/2024(H5N1)	401	4399
PA|PP755594.1|A/cattle/Texas/24-008749-003/2024(H5N1)	402	4379
PA|PP755594.1|A/cattle/Texas/24-008749-003/2024(H5N1)	403	4372
PA|PP755594.1|A/cattle/Texas/24-008749-003/2024(H5N1)	404	4412
PA|PP755594.1|A/cattle/Texas/24-008749-003/2024(H5N1)	405	4415
PA|PP755594.1|A/cattle/Texas/24-008749-003/2024(H5N1)	406	4410
PA|PP755594.1|A/cattle/Texas/24-008749-003/2024(H5N1)	407	4437
PA|PP755594.1|A/cattle/Texas/24-008749-003/2024(H5N1)	408	4127
PA|PP755594.1|A/cattle/Texas/24-008749-003/2024(H5N1)	409	4305
PA|PP755594.1|A/cattle/Texas/24-008749-003/2024(H5N1)	410	4299
PA|PP755594.1|A/cattle/Texas/24-008749-003/2024(H5N1)	411	4336
PA|PP755594.1|A/cattle/Texas/24-008749-003/2024(H5N1)	412	4334
PA|PP755594.1|A/cattle/Texas/24-008749-003/2024(H5N1)	413	4335
PA|PP755594.1|A/cattle/Texas/24-008749-003/2024(H5N1)	414	4319
PA|PP755594.1|A/cattle/Texas/24-008749-003/2024(H5N1)	415	4425
PA|PP755594.1|A/cattle/Texas/24-008749-003/2024(H5N1)	416	4431
PA|PP755594.1|A/cattle/Texas/24-008749-003/2024(H5N1)	417	4449
PA|PP755594.1|A/cattle/Texas/24-008749-003/2024(H5N1)	418	4448
PA|PP755594.1|A/cattle/Texas/24-008749-003/2024(H5N1)	419	4202
PA|PP755594.1|A/cattle/Texas/24-008749-003/2024(H5N1)	420	4164
PA|PP755594.1|A/cattle/Texas/24-008749-003/2024(H5N1)	421	4109
PA|PP755594.1|A/cattle/Texas/24-008749-003/2024(H5N1)	422	4137
PA|PP755594.1|A/cattle/Texas/24-008749-003/2024(H5N1)	423	4143
PA|PP755594.1|A/cattle/Texas/24-008749-003/2024(H5N1)	424	4104
PA|PP755594.1|A/cattle/Texas/24-008749-003/2024(H5N1)	425	4115
PA|PP755594.1|A/cattle/Texas/24-008749-003/2024(H5N1)	426	4114
PA|PP755594.1|A/cattle/Texas/24-008749-003/2024(H5N1)	427	4161
PA|PP755594.1|A/cattle/Texas/24-008749-003/2024(H5N1)	428	4148
PA|PP755594.1|A/cattle/Texas/24-008749-003/2024(H5N1)	429	4148
PA|PP755594.1|A/cattle/Texas/24-008749-003/2024(H5N1)	430	4147
PA|PP755594.1|A/cattle/Texas/24-008749-003/2024(H5N1)	431	4139
PA|PP755594.1|A/cattle/Texas/24-008749-003/2024(H5N1)	432	4152
PA|PP755594.1|A/cattle/Texas/24-008749-003/2024(H5N1)	433	4093
PA|PP755594.1|A/cattle/Texas/24-008749-003/2024(H5N1)	434	4104
PA|PP755594.1|A/cattle/Texas/24-008749-003/2024(H5N1)	435	4109
PA|PP755594.1|A/cattle/Texas/24-008749-003/2024(H5N1)	436	4151
PA|PP755594.1|A/cattle/Texas/24-008749-003/2024(H5N1)	437	4181
PA|PP755594.1|A/cattle/Texas/24-008749-003/2024(H5N1)	438	4068
PA|PP755594.1|A/cattle/Texas/24-008749-003/2024(H5N1)	439	4038
PA|PP755594.1|A/cattle/Texas/24-008749-003/2024(H5N1)	440	4038
PA|PP755594.1|A/cattle/Texas/24-008749-003/2024(H5N1)	441	3958
PA|PP755594.1|A/cattle/Texas/24-008749-003/2024(H5N1)	442	4012
PA|PP755594.1|A/cattle/Texas/24-008749-003/2024(H5N1)	443	3984
PA|PP755594.1|A/cattle/Texas/24-008749-003/2024(H5N1)	444	3945
PA|PP755594.1|A/cattle/Texas/24-008749-003/2024(H5N1)	445	3874
PA|PP755594.1|A/cattle/Texas/24-008749-003/2024(H5N1)	446	3881
PA|PP755594.1|A/cattle/Texas/24-008749-003/2024(H5N1)	447	3910
PA|PP755594.1|A/cattle/Texas/24-008749-003/2024(H5N1)	448	3910
PA|PP755594.1|A/cattle/Texas/24-008749-003/2024(H5N1)	449	3926
PA|PP755594.1|A/cattle/Texas/24-008749-003/2024(H5N1)	450	3931
PA|PP755594.1|A/cattle/Texas/24-008749-003/2024(H5N1)	451	3872
PA|PP755594.1|A/cattle/Texas/24-008749-003/2024(H5N1)	452	3910
PA|PP755594.1|A/cattle/Texas/24-008749-003/2024(H5N1)	453	3887
PA|PP755594.1|A/cattle/Texas/24-008749-003/2024(H5N1)	454	3941
PA|PP755594.1|A/cattle/Texas/24-008749-003/2024(H5N1)	455	3945
PA|PP755594.1|A/cattle/Texas/24-008749-003/2024(H5N1)	456	3931
PA|PP755594.1|A/cattle/Texas/24-008749-003/2024(H5N1)	457	3905
PA|PP755594.1|A/cattle/Texas/24-008749-003/2024(H5N1)	458	3900
PA|PP755594.1|A/cattle/Texas/24-008749-003/2024(H5N1)	459	3924
PA|PP755594.1|A/cattle/Texas/24-008749-003/2024(H5N1)	460	3966
PA|PP755594.1|A/cattle/Texas/24-008749-003/2024(H5N1)	461	3936
PA|PP755594.1|A/cattle/Texas/24-008749-003/2024(H5N1)	462	3935
PA|PP755594.1|A/cattle/Texas/24-008749-003/2024(H5N1)	463	3891
PA|PP755594.1|A/cattle/Texas/24-008749-003/2024(H5N1)	464	3869
PA|PP755594.1|A/cattle/Texas/24-008749-003/2024(H5N1)	465	3883
PA|PP755594.1|A/cattle/Texas/24-008749-003/2024(H5N1)	466	3870
PA|PP755594.1|A/cattle/Texas/24-008749-003/2024(H5N1)	467	3851
PA|PP755594.1|A/cattle/Texas/24-008749-003/2024(H5N1)	468	3842
PA|PP755594.1|A/cattle/Texas/24-008749-003/2024(H5N1)	469	3824
PA|PP755594.1|A/cattle/Texas/24-008749-003/2024(H5N1)	470	3833
PA|PP755594.1|A/cattle/Texas/24-008749-003/2024(H5N1)	471	3833
PA|PP755594.1|A/cattle/Texas/24-008749-003/2024(H5N1)	472	3834
PA|PP755594.1|A/cattle/Texas/24-008749-003/2024(H5N1)	473	3792
PA|PP755594.1|A/cattle/Texas/24-008749-003/2024(H5N1)	474	3796
PA|PP755594.1|A/cattle/Texas/24-008749-003/2024(H5N1)	475	3804
PA|PP755594.1|A/cattle/Texas/24-008749-003/2024(H5N1)	476	3779
PA|PP755594.1|A/cattle/Texas/24-008749-003/2024(H5N1)	477	3841
PA|PP755594.1|A/cattle/Texas/24-008749-003/2024(H5N1)	478	3986
PA|PP755594.1|A/cattle/Texas/24-008749-003/2024(H5N1)	479	4057
PA|PP755594.1|A/cattle/Texas/24-008749-003/2024(H5N1)	480	4077
PA|PP755594.1|A/cattle/Texas/24-008749-003/2024(H5N1)	481	4100
PA|PP755594.1|A/cattle/Texas/24-008749-003/2024(H5N1)	482	4086
PA|PP755594.1|A/cattle/Texas/24-008749-003/2024(H5N1)	483	3910
PA|PP755594.1|A/cattle/Texas/24-008749-003/2024(H5N1)	484	3905
PA|PP755594.1|A/cattle/Texas/24-008749-003/2024(H5N1)	485	3940
PA|PP755594.1|A/cattle/Texas/24-008749-003/2024(H5N1)	486	3913
PA|PP755594.1|A/cattle/Texas/24-008749-003/2024(H5N1)	487	3768
PA|PP755594.1|A/cattle/Texas/24-008749-003/2024(H5N1)	488	3798
PA|PP755594.1|A/cattle/Texas/24-008749-003/2024(H5N1)	489	3743
PA|PP755594.1|A/cattle/Texas/24-008749-003/2024(H5N1)	490	3803
PA|PP755594.1|A/cattle/Texas/24-008749-003/2024(H5N1)	491	3850
PA|PP755594.1|A/cattle/Texas/24-008749-003/2024(H5N1)	492	3849
PA|PP755594.1|A/cattle/Texas/24-008749-003/2024(H5N1)	493	3862
PA|PP755594.1|A/cattle/Texas/24-008749-003/2024(H5N1)	494	3797
PA|PP755594.1|A/cattle/Texas/24-008749-003/2024(H5N1)	495	3818
PA|PP755594.1|A/cattle/Texas/24-008749-003/2024(H5N1)	496	3818
PA|PP755594.1|A/cattle/Texas/24-008749-003/2024(H5N1)	497	3816
PA|PP755594.1|A/cattle/Texas/24-008749-003/2024(H5N1)	498	3823
PA|PP755594.1|A/cattle/Texas/24-008749-003/2024(H5N1)	499	3763
PA|PP755594.1|A/cattle/Texas/24-008749-003/2024(H5N1)	500	3766
PA|PP755594.1|A/cattle/Texas/24-008749-003/2024(H5N1)	501	3758
PA|PP755594.1|A/cattle/Texas/24-008749-003/2024(H5N1)	502	3665
PA|PP755594.1|A/cattle/Texas/24-008749-003/2024(H5N1)	503	3719
PA|PP755594.1|A/cattle/Texas/24-008749-003/2024(H5N1)	504	3695
PA|PP755594.1|A/cattle/Texas/24-008749-003/2024(H5N1)	505	3696
PA|PP755594.1|A/cattle/Texas/24-008749-003/2024(H5N1)	506	3727
PA|PP755594.1|A/cattle/Texas/24-008749-003/2024(H5N1)	507	3620
PA|PP755594.1|A/cattle/Texas/24-008749-003/2024(H5N1)	508	3606
PA|PP755594.1|A/cattle/Texas/24-008749-003/2024(H5N1)	509	3629
PA|PP755594.1|A/cattle/Texas/24-008749-003/2024(H5N1)	510	3676
PA|PP755594.1|A/cattle/Texas/24-008749-003/2024(H5N1)	511	3738
PA|PP755594.1|A/cattle/Texas/24-008749-003/2024(H5N1)	512	3682
PA|PP755594.1|A/cattle/Texas/24-008749-003/2024(H5N1)	513	3662
PA|PP755594.1|A/cattle/Texas/24-008749-003/2024(H5N1)	514	3667
PA|PP755594.1|A/cattle/Texas/24-008749-003/2024(H5N1)	515	3708
PA|PP755594.1|A/cattle/Texas/24-008749-003/2024(H5N1)	516	3740
PA|PP755594.1|A/cattle/Texas/24-008749-003/2024(H5N1)	517	3740
PA|PP755594.1|A/cattle/Texas/24-008749-003/2024(H5N1)	518	3714
PA|PP755594.1|A/cattle/Texas/24-008749-003/2024(H5N1)	519	3699
PA|PP755594.1|A/cattle/Texas/24-008749-003/2024(H5N1)	520	3685
PA|PP755594.1|A/cattle/Texas/24-008749-003/2024(H5N1)	521	3687
PA|PP755594.1|A/cattle/Texas/24-008749-003/2024(H5N1)	522	3710
PA|PP755594.1|A/cattle/Texas/24-008749-003/2024(H5N1)	523	3721
PA|PP755594.1|A/cattle/Texas/24-008749-003/2024(H5N1)	524	3658
PA|PP755594.1|A/cattle/Texas/24-008749-003/2024(H5N1)	525	3839
PA|PP755594.1|A/cattle/Texas/24-008749-003/2024(H5N1)	526	3893
PA|PP755594.1|A/cattle/Texas/24-008749-003/2024(H5N1)	527	3916
PA|PP755594.1|A/cattle/Texas/24-008749-003/2024(H5N1)	528	3914
PA|PP755594.1|A/cattle/Texas/24-008749-003/2024(H5N1)	529	3888
PA|PP755594.1|A/cattle/Texas/24-008749-003/2024(H5N1)	530	4107
PA|PP755594.1|A/cattle/Texas/24-008749-003/2024(H5N1)	531	4102
PA|PP755594.1|A/cattle/Texas/24-008749-003/2024(H5N1)	532	4105
PA|PP755594.1|A/cattle/Texas/24-008749-003/2024(H5N1)	533	3999
PA|PP755594.1|A/cattle/Texas/24-008749-003/2024(H5N1)	534	3847
PA|PP755594.1|A/cattle/Texas/24-008749-003/2024(H5N1)	535	3802
PA|PP755594.1|A/cattle/Texas/24-008749-003/2024(H5N1)	536	3827
PA|PP755594.1|A/cattle/Texas/24-008749-003/2024(H5N1)	537	3822
PA|PP755594.1|A/cattle/Texas/24-008749-003/2024(H5N1)	538	3817
PA|PP755594.1|A/cattle/Texas/24-008749-003/2024(H5N1)	539	3670
PA|PP755594.1|A/cattle/Texas/24-008749-003/2024(H5N1)	540	3671
PA|PP755594.1|A/cattle/Texas/24-008749-003/2024(H5N1)	541	3692
PA|PP755594.1|A/cattle/Texas/24-008749-003/2024(H5N1)	542	3779
PA|PP755594.1|A/cattle/Texas/24-008749-003/2024(H5N1)	543	3780
PA|PP755594.1|A/cattle/Texas/24-008749-003/2024(H5N1)	544	3777
PA|PP755594.1|A/cattle/Texas/24-008749-003/2024(H5N1)	545	3748
PA|PP755594.1|A/cattle/Texas/24-008749-003/2024(H5N1)	546	3852
PA|PP755594.1|A/cattle/Texas/24-008749-003/2024(H5N1)	547	3842
PA|PP755594.1|A/cattle/Texas/24-008749-003/2024(H5N1)	548	3845
PA|PP755594.1|A/cattle/Texas/24-008749-003/2024(H5N1)	549	3877
PA|PP755594.1|A/cattle/Texas/24-008749-003/2024(H5N1)	550	3853
PA|PP755594.1|A/cattle/Texas/24-008749-003/2024(H5N1)	551	4078
PA|PP755594.1|A/cattle/Texas/24-008749-003/2024(H5N1)	552	4194
PA|PP755594.1|A/cattle/Texas/24-008749-003/2024(H5N1)	553	4191
PA|PP755594.1|A/cattle/Texas/24-008749-003/2024(H5N1)	554	4191
PA|PP755594.1|A/cattle/Texas/24-008749-003/2024(H5N1)	555	4172
PA|PP755594.1|A/cattle/Texas/24-008749-003/2024(H5N1)	556	4304
PA|PP755594.1|A/cattle/Texas/24-008749-003/2024(H5N1)	557	4421
PA|PP755594.1|A/cattle/Texas/24-008749-003/2024(H5N1)	558	4424
PA|PP755594.1|A/cattle/Texas/24-008749-003/2024(H5N1)	559	4443
PA|PP755594.1|A/cattle/Texas/24-008749-003/2024(H5N1)	560	4237
PA|PP755594.1|A/cattle/Texas/24-008749-003/2024(H5N1)	561	4257
PA|PP755594.1|A/cattle/Texas/24-008749-003/2024(H5N1)	562	4315
PA|PP755594.1|A/cattle/Texas/24-008749-003/2024(H5N1)	563	4312
PA|PP755594.1|A/cattle/Texas/24-008749-003/2024(H5N1)	564	4344
PA|PP755594.1|A/cattle/Texas/24-008749-003/2024(H5N1)	565	4246
PA|PP755594.1|A/cattle/Texas/24-008749-003/2024(H5N1)	566	4125
PA|PP755594.1|A/cattle/Texas/24-008749-003/2024(H5N1)	567	4138
PA|PP755594.1|A/cattle/Texas/24-008749-003/2024(H5N1)	568	4113
PA|PP755594.1|A/cattle/Texas/24-008749-003/2024(H5N1)	569	4171
PA|PP755594.1|A/cattle/Texas/24-008749-003/2024(H5N1)	570	4146
PA|PP755594.1|A/cattle/Texas/24-008749-003/2024(H5N1)	571	4137
PA|PP755594.1|A/cattle/Texas/24-008749-003/2024(H5N1)	572	4143
PA|PP755594.1|A/cattle/Texas/24-008749-003/2024(H5N1)	573	4133
PA|PP755594.1|A/cattle/Texas/24-008749-003/2024(H5N1)	574	4129
PA|PP755594.1|A/cattle/Texas/24-008749-003/2024(H5N1)	575	4132
PA|PP755594.1|A/cattle/Texas/24-008749-003/2024(H5N1)	576	4163
PA|PP755594.1|A/cattle/Texas/24-008749-003/2024(H5N1)	577	4291
PA|PP755594.1|A/cattle/Texas/24-008749-003/2024(H5N1)	578	4243
PA|PP755594.1|A/cattle/Texas/24-008749-003/2024(H5N1)	579	4308
PA|PP755594.1|A/cattle/Texas/24-008749-003/2024(H5N1)	580	4378
PA|PP755594.1|A/cattle/Texas/24-008749-003/2024(H5N1)	581	4367
PA|PP755594.1|A/cattle/Texas/24-008749-003/2024(H5N1)	582	4386
PA|PP755594.1|A/cattle/Texas/24-008749-003/2024(H5N1)	583	4383
PA|PP755594.1|A/cattle/Texas/24-008749-003/2024(H5N1)	584	4372
PA|PP755594.1|A/cattle/Texas/24-008749-003/2024(H5N1)	585	4367
PA|PP755594.1|A/cattle/Texas/24-008749-003/2024(H5N1)	586	4358
PA|PP755594.1|A/cattle/Texas/24-008749-003/2024(H5N1)	587	4315
PA|PP755594.1|A/cattle/Texas/24-008749-003/2024(H5N1)	588	4298
PA|PP755594.1|A/cattle/Texas/24-008749-003/2024(H5N1)	589	4316
PA|PP755594.1|A/cattle/Texas/24-008749-003/2024(H5N1)	590	4325
PA|PP755594.1|A/cattle/Texas/24-008749-003/2024(H5N1)	591	4325
PA|PP755594.1|A/cattle/Texas/24-008749-003/2024(H5N1)	592	4323
PA|PP755594.1|A/cattle/Texas/24-008749-003/2024(H5N1)	593	4283
PA|PP755594.1|A/cattle/Texas/24-008749-003/2024(H5N1)	594	4288
PA|PP755594.1|A/cattle/Texas/24-008749-003/2024(H5N1)	595	4275
PA|PP755594.1|A/cattle/Texas/24-008749-003/2024(H5N1)	596	4278
PA|PP755594.1|A/cattle/Texas/24-008749-003/2024(H5N1)	597	4271
PA|PP755594.1|A/cattle/Texas/24-008749-003/2024(H5N1)	598	4216
PA|PP755594.1|A/cattle/Texas/24-008749-003/2024(H5N1)	599	4217
PA|PP755594.1|A/cattle/Texas/24-008749-003/2024(H5N1)	600	4212
PA|PP755594.1|A/cattle/Texas/24-008749-003/2024(H5N1)	601	4239
PA|PP755594.1|A/cattle/Texas/24-008749-003/2024(H5N1)	602	4241
PA|PP755594.1|A/cattle/Texas/24-008749-003/2024(H5N1)	603	4211
PA|PP755594.1|A/cattle/Texas/24-008749-003/2024(H5N1)	604	4215
PA|PP755594.1|A/cattle/Texas/24-008749-003/2024(H5N1)	605	4216
PA|PP755594.1|A/cattle/Texas/24-008749-003/2024(H5N1)	606	4210
PA|PP755594.1|A/cattle/Texas/24-008749-003/2024(H5N1)	607	4210
PA|PP755594.1|A/cattle/Texas/24-008749-003/2024(H5N1)	608	4203
PA|PP755594.1|A/cattle/Texas/24-008749-003/2024(H5N1)	609	4211
PA|PP755594.1|A/cattle/Texas/24-008749-003/2024(H5N1)	610	4167
PA|PP755594.1|A/cattle/Texas/24-008749-003/2024(H5N1)	611	4187
PA|PP755594.1|A/cattle/Texas/24-008749-003/2024(H5N1)	612	4219
PA|PP755594.1|A/cattle/Texas/24-008749-003/2024(H5N1)	613	4216
PA|PP755594.1|A/cattle/Texas/24-008749-003/2024(H5N1)	614	4218
PA|PP755594.1|A/cattle/Texas/24-008749-003/2024(H5N1)	615	4224
PA|PP755594.1|A/cattle/Texas/24-008749-003/2024(H5N1)	616	4212
PA|PP755594.1|A/cattle/Texas/24-008749-003/2024(H5N1)	617	4213
PA|PP755594.1|A/cattle/Texas/24-008749-003/2024(H5N1)	618	4211
PA|PP755594.1|A/cattle/Texas/24-008749-003/2024(H5N1)	619	4202
PA|PP755594.1|A/cattle/Texas/24-008749-003/2024(H5N1)	620	4286
PA|PP755594.1|A/cattle/Texas/24-008749-003/2024(H5N1)	621	4377
PA|PP755594.1|A/cattle/Texas/24-008749-003/2024(H5N1)	622	4377
PA|PP755594.1|A/cattle/Texas/24-008749-003/2024(H5N1)	623	4385
PA|PP755594.1|A/cattle/Texas/24-008749-003/2024(H5N1)	624	4385
PA|PP755594.1|A/cattle/Texas/24-008749-003/2024(H5N1)	625	4376
PA|PP755594.1|A/cattle/Texas/24-008749-003/2024(H5N1)	626	4412
PA|PP755594.1|A/cattle/Texas/24-008749-003/2024(H5N1)	627	4420
PA|PP755594.1|A/cattle/Texas/24-008749-003/2024(H5N1)	628	4390
PA|PP755594.1|A/cattle/Texas/24-008749-003/2024(H5N1)	629	4252
PA|PP755594.1|A/cattle/Texas/24-008749-003/2024(H5N1)	630	4113
PA|PP755594.1|A/cattle/Texas/24-008749-003/2024(H5N1)	631	4125
PA|PP755594.1|A/cattle/Texas/24-008749-003/2024(H5N1)	632	4126
PA|PP755594.1|A/cattle/Texas/24-008749-003/2024(H5N1)	633	4164
PA|PP755594.1|A/cattle/Texas/24-008749-003/2024(H5N1)	634	4157
PA|PP755594.1|A/cattle/Texas/24-008749-003/2024(H5N1)	635	4151
PA|PP755594.1|A/cattle/Texas/24-008749-003/2024(H5N1)	636	4103
PA|PP755594.1|A/cattle/Texas/24-008749-003/2024(H5N1)	637	4045
PA|PP755594.1|A/cattle/Texas/24-008749-003/2024(H5N1)	638	4092
PA|PP755594.1|A/cattle/Texas/24-008749-003/2024(H5N1)	639	4163
PA|PP755594.1|A/cattle/Texas/24-008749-003/2024(H5N1)	640	4107
PA|PP755594.1|A/cattle/Texas/24-008749-003/2024(H5N1)	641	4104
PA|PP755594.1|A/cattle/Texas/24-008749-003/2024(H5N1)	642	4056
PA|PP755594.1|A/cattle/Texas/24-008749-003/2024(H5N1)	643	4058
PA|PP755594.1|A/cattle/Texas/24-008749-003/2024(H5N1)	644	4145
PA|PP755594.1|A/cattle/Texas/24-008749-003/2024(H5N1)	645	4119
PA|PP755594.1|A/cattle/Texas/24-008749-003/2024(H5N1)	646	4162
PA|PP755594.1|A/cattle/Texas/24-008749-003/2024(H5N1)	647	4127
PA|PP755594.1|A/cattle/Texas/24-008749-003/2024(H5N1)	648	4073
PA|PP755594.1|A/cattle/Texas/24-008749-003/2024(H5N1)	649	4124
PA|PP755594.1|A/cattle/Texas/24-008749-003/2024(H5N1)	650	4136
PA|PP755594.1|A/cattle/Texas/24-008749-003/2024(H5N1)	651	4173
PA|PP755594.1|A/cattle/Texas/24-008749-003/2024(H5N1)	652	4173
PA|PP755594.1|A/cattle/Texas/24-008749-003/2024(H5N1)	653	4243
PA|PP755594.1|A/cattle/Texas/24-008749-003/2024(H5N1)	654	4209
PA|PP755594.1|A/cattle/Texas/24-008749-003/2024(H5N1)	655	4184
PA|PP755594.1|A/cattle/Texas/24-008749-003/2024(H5N1)	656	4193
PA|PP755594.1|A/cattle/Texas/24-008749-003/2024(H5N1)	657	4179
PA|PP755594.1|A/cattle/Texas/24-008749-003/2024(H5N1)	658	4340
PA|PP755594.1|A/cattle/Texas/24-008749-003/2024(H5N1)	659	4314
PA|PP755594.1|A/cattle/Texas/24-008749-003/2024(H5N1)	660	4270
PA|PP755594.1|A/cattle/Texas/24-008749-003/2024(H5N1)	661	4257
PA|PP755594.1|A/cattle/Texas/24-008749-003/2024(H5N1)	662	4251
PA|PP755594.1|A/cattle/Texas/24-008749-003/2024(H5N1)	663	4263
PA|PP755594.1|A/cattle/Texas/24-008749-003/2024(H5N1)	664	4309
PA|PP755594.1|A/cattle/Texas/24-008749-003/2024(H5N1)	665	4307
PA|PP755594.1|A/cattle/Texas/24-008749-003/2024(H5N1)	666	4264
PA|PP755594.1|A/cattle/Texas/24-008749-003/2024(H5N1)	667	4232
PA|PP755594.1|A/cattle/Texas/24-008749-003/2024(H5N1)	668	4323
PA|PP755594.1|A/cattle/Texas/24-008749-003/2024(H5N1)	669	4353
PA|PP755594.1|A/cattle/Texas/24-008749-003/2024(H5N1)	670	4355
PA|PP755594.1|A/cattle/Texas/24-008749-003/2024(H5N1)	671	4360
PA|PP755594.1|A/cattle/Texas/24-008749-003/2024(H5N1)	672	4353
PA|PP755594.1|A/cattle/Texas/24-008749-003/2024(H5N1)	673	4329
PA|PP755594.1|A/cattle/Texas/24-008749-003/2024(H5N1)	674	4298
PA|PP755594.1|A/cattle/Texas/24-008749-003/2024(H5N1)	675	4145
PA|PP755594.1|A/cattle/Texas/24-008749-003/2024(H5N1)	676	4155
PA|PP755594.1|A/cattle/Texas/24-008749-003/2024(H5N1)	677	4113
PA|PP755594.1|A/cattle/Texas/24-008749-003/2024(H5N1)	678	4105
PA|PP755594.1|A/cattle/Texas/24-008749-003/2024(H5N1)	679	4108
PA|PP755594.1|A/cattle/Texas/24-008749-003/2024(H5N1)	680	4368
PA|PP755594.1|A/cattle/Texas/24-008749-003/2024(H5N1)	681	4148
PA|PP755594.1|A/cattle/Texas/24-008749-003/2024(H5N1)	682	4169
PA|PP755594.1|A/cattle/Texas/24-008749-003/2024(H5N1)	683	4171
PA|PP755594.1|A/cattle/Texas/24-008749-003/2024(H5N1)	684	4323
PA|PP755594.1|A/cattle/Texas/24-008749-003/2024(H5N1)	685	4465
PA|PP755594.1|A/cattle/Texas/24-008749-003/2024(H5N1)	686	4466
PA|PP755594.1|A/cattle/Texas/24-008749-003/2024(H5N1)	687	4446
PA|PP755594.1|A/cattle/Texas/24-008749-003/2024(H5N1)	688	4445
PA|PP755594.1|A/cattle/Texas/24-008749-003/2024(H5N1)	689	4452
PA|PP755594.1|A/cattle/Texas/24-008749-003/2024(H5N1)	690	4451
PA|PP755594.1|A/cattle/Texas/24-008749-003/2024(H5N1)	691	4510
PA|PP755594.1|A/cattle/Texas/24-008749-003/2024(H5N1)	692	4484
PA|PP755594.1|A/cattle/Texas/24-008749-003/2024(H5N1)	693	4416
PA|PP755594.1|A/cattle/Texas/24-008749-003/2024(H5N1)	694	4439
PA|PP755594.1|A/cattle/Texas/24-008749-003/2024(H5N1)	695	4536
PA|PP755594.1|A/cattle/Texas/24-008749-003/2024(H5N1)	696	4545
PA|PP755594.1|A/cattle/Texas/24-008749-003/2024(H5N1)	697	4460
PA|PP755594.1|A/cattle/Texas/24-008749-003/2024(H5N1)	698	4449
PA|PP755594.1|A/cattle/Texas/24-008749-003/2024(H5N1)	699	4461
PA|PP755594.1|A/cattle/Texas/24-008749-003/2024(H5N1)	700	4378
PA|PP755594.1|A/cattle/Texas/24-008749-003/2024(H5N1)	701	4390
PA|PP755594.1|A/cattle/Texas/24-008749-003/2024(H5N1)	702	4173
PA|PP755594.1|A/cattle/Texas/24-008749-003/2024(H5N1)	703	4146
PA|PP755594.1|A/cattle/Texas/24-008749-003/2024(H5N1)	704	4144
PA|PP755594.1|A/cattle/Texas/24-008749-003/2024(H5N1)	705	4142
PA|PP755594.1|A/cattle/Texas/24-008749-003/2024(H5N1)	706	4125
PA|PP755594.1|A/cattle/Texas/24-008749-003/2024(H5N1)	707	4008
PA|PP755594.1|A/cattle/Texas/24-008749-003/2024(H5N1)	708	3896
PA|PP755594.1|A/cattle/Texas/24-008749-003/2024(H5N1)	709	3905
PA|PP755594.1|A/cattle/Texas/24-008749-003/2024(H5N1)	710	3886
PA|PP755594.1|A/cattle/Texas/24-008749-003/2024(H5N1)	711	3884
PA|PP755594.1|A/cattle/Texas/24-008749-003/2024(H5N1)	712	3874
PA|PP755594.1|A/cattle/Texas/24-008749-003/2024(H5N1)	713	3763
PA|PP755594.1|A/cattle/Texas/24-008749-003/2024(H5N1)	714	3773
PA|PP755594.1|A/cattle/Texas/24-008749-003/2024(H5N1)	715	3764
PA|PP755594.1|A/cattle/Texas/24-008749-003/2024(H5N1)	716	3763
PA|PP755594.1|A/cattle/Texas/24-008749-003/2024(H5N1)	717	3792
PA|PP755594.1|A/cattle/Texas/24-008749-003/2024(H5N1)	718	3780
PA|PP755594.1|A/cattle/Texas/24-008749-003/2024(H5N1)	719	4161
PA|PP755594.1|A/cattle/Texas/24-008749-003/2024(H5N1)	720	4127
PA|PP755594.1|A/cattle/Texas/24-008749-003/2024(H5N1)	721	4113
PA|PP755594.1|A/cattle/Texas/24-008749-003/2024(H5N1)	722	4178
PA|PP755594.1|A/cattle/Texas/24-008749-003/2024(H5N1)	723	4181
PA|PP755594.1|A/cattle/Texas/24-008749-003/2024(H5N1)	724	4197
PA|PP755594.1|A/cattle/Texas/24-008749-003/2024(H5N1)	725	4215
PA|PP755594.1|A/cattle/Texas/24-008749-003/2024(H5N1)	726	4173
PA|PP755594.1|A/cattle/Texas/24-008749-003/2024(H5N1)	727	4182
PA|PP755594.1|A/cattle/Texas/24-008749-003/2024(H5N1)	728	4038
PA|PP755594.1|A/cattle/Texas/24-008749-003/2024(H5N1)	729	4115
PA|PP755594.1|A/cattle/Texas/24-008749-003/2024(H5N1)	730	4041
PA|PP755594.1|A/cattle/Texas/24-008749-003/2024(H5N1)	731	3979
PA|PP755594.1|A/cattle/Texas/24-008749-003/2024(H5N1)	732	3974
PA|PP755594.1|A/cattle/Texas/24-008749-003/2024(H5N1)	733	3990
PA|PP755594.1|A/cattle/Texas/24-008749-003/2024(H5N1)	734	4000
PA|PP755594.1|A/cattle/Texas/24-008749-003/2024(H5N1)	735	4030
PA|PP755594.1|A/cattle/Texas/24-008749-003/2024(H5N1)	736	4037
PA|PP755594.1|A/cattle/Texas/24-008749-003/2024(H5N1)	737	4037
PA|PP755594.1|A/cattle/Texas/24-008749-003/2024(H5N1)	738	3986
PA|PP755594.1|A/cattle/Texas/24-008749-003/2024(H5N1)	739	3997
PA|PP755594.1|A/cattle/Texas/24-008749-003/2024(H5N1)	740	4039
PA|PP755594.1|A/cattle/Texas/24-008749-003/2024(H5N1)	741	4038
PA|PP755594.1|A/cattle/Texas/24-008749-003/2024(H5N1)	742	4046
PA|PP755594.1|A/cattle/Texas/24-008749-003/2024(H5N1)	743	4038
PA|PP755594.1|A/cattle/Texas/24-008749-003/2024(H5N1)	744	4093
PA|PP755594.1|A/cattle/Texas/24-008749-003/2024(H5N1)	745	4120
PA|PP755594.1|A/cattle/Texas/24-008749-003/2024(H5N1)	746	4152
PA|PP755594.1|A/cattle/Texas/24-008749-003/2024(H5N1)	747	4156
PA|PP755594.1|A/cattle/Texas/24-008749-003/2024(H5N1)	748	4164
PA|PP755594.1|A/cattle/Texas/24-008749-003/2024(H5N1)	749	4157
PA|PP755594.1|A/cattle/Texas/24-008749-003/2024(H5N1)	750	4164
PA|PP755594.1|A/cattle/Texas/24-008749-003/2024(H5N1)	751	4171
PA|PP755594.1|A/cattle/Texas/24-008749-003/2024(H5N1)	752	4166
PA|PP755594.1|A/cattle/Texas/24-008749-003/2024(H5N1)	753	4165
PA|PP755594.1|A/cattle/Texas/24-008749-003/2024(H5N1)	754	4184
PA|PP755594.1|A/cattle/Texas/24-008749-003/2024(H5N1)	755	4182
PA|PP755594.1|A/cattle/Texas/24-008749-003/2024(H5N1)	756	4182
PA|PP755594.1|A/cattle/Texas/24-008749-003/2024(H5N1)	757	4197
PA|PP755594.1|A/cattle/Texas/24-008749-003/2024(H5N1)	758	4275
PA|PP755594.1|A/cattle/Texas/24-008749-003/2024(H5N1)	759	4278
PA|PP755594.1|A/cattle/Texas/24-008749-003/2024(H5N1)	760	4383
PA|PP755594.1|A/cattle/Texas/24-008749-003/2024(H5N1)	761	4370
PA|PP755594.1|A/cattle/Texas/24-008749-003/2024(H5N1)	762	4422
PA|PP755594.1|A/cattle/Texas/24-008749-003/2024(H5N1)	763	4392
PA|PP755594.1|A/cattle/Texas/24-008749-003/2024(H5N1)	764	4398
PA|PP755594.1|A/cattle/Texas/24-008749-003/2024(H5N1)	765	4391
PA|PP755594.1|A/cattle/Texas/24-008749-003/2024(H5N1)	766	4389
PA|PP755594.1|A/cattle/Texas/24-008749-003/2024(H5N1)	767	4422
PA|PP755594.1|A/cattle/Texas/24-008749-003/2024(H5N1)	768	4654
PA|PP755594.1|A/cattle/Texas/24-008749-003/2024(H5N1)	769	4659
PA|PP755594.1|A/cattle/Texas/24-008749-003/2024(H5N1)	770	4868
PA|PP755594.1|A/cattle/Texas/24-008749-003/2024(H5N1)	771	4764
PA|PP755594.1|A/cattle/Texas/24-008749-003/2024(H5N1)	772	4674
PA|PP755594.1|A/cattle/Texas/24-008749-003/2024(H5N1)	773	4690
PA|PP755594.1|A/cattle/Texas/24-008749-003/2024(H5N1)	774	4670
PA|PP755594.1|A/cattle/Texas/24-008749-003/2024(H5N1)	775	4686
PA|PP755594.1|A/cattle/Texas/24-008749-003/2024(H5N1)	776	4644
PA|PP755594.1|A/cattle/Texas/24-008749-003/2024(H5N1)	777	4645
PA|PP755594.1|A/cattle/Texas/24-008749-003/2024(H5N1)	778	4674
PA|PP755594.1|A/cattle/Texas/24-008749-003/2024(H5N1)	779	4638
PA|PP755594.1|A/cattle/Texas/24-008749-003/2024(H5N1)	780	4721
PA|PP755594.1|A/cattle/Texas/24-008749-003/2024(H5N1)	781	4644
PA|PP755594.1|A/cattle/Texas/24-008749-003/2024(H5N1)	782	4643
PA|PP755594.1|A/cattle/Texas/24-008749-003/2024(H5N1)	783	4658
PA|PP755594.1|A/cattle/Texas/24-008749-003/2024(H5N1)	784	4661
PA|PP755594.1|A/cattle/Texas/24-008749-003/2024(H5N1)	785	4760
PA|PP755594.1|A/cattle/Texas/24-008749-003/2024(H5N1)	786	4773
PA|PP755594.1|A/cattle/Texas/24-008749-003/2024(H5N1)	787	4727
PA|PP755594.1|A/cattle/Texas/24-008749-003/2024(H5N1)	788	4695
PA|PP755594.1|A/cattle/Texas/24-008749-003/2024(H5N1)	789	4621
PA|PP755594.1|A/cattle/Texas/24-008749-003/2024(H5N1)	790	4652
PA|PP755594.1|A/cattle/Texas/24-008749-003/2024(H5N1)	791	4711
PA|PP755594.1|A/cattle/Texas/24-008749-003/2024(H5N1)	792	4691
PA|PP755594.1|A/cattle/Texas/24-008749-003/2024(H5N1)	793	4688
PA|PP755594.1|A/cattle/Texas/24-008749-003/2024(H5N1)	794	4539
PA|PP755594.1|A/cattle/Texas/24-008749-003/2024(H5N1)	795	4529
PA|PP755594.1|A/cattle/Texas/24-008749-003/2024(H5N1)	796	4504
PA|PP755594.1|A/cattle/Texas/24-008749-003/2024(H5N1)	797	4470
PA|PP755594.1|A/cattle/Texas/24-008749-003/2024(H5N1)	798	4482
PA|PP755594.1|A/cattle/Texas/24-008749-003/2024(H5N1)	799	4454
PA|PP755594.1|A/cattle/Texas/24-008749-003/2024(H5N1)	800	4473
PA|PP755594.1|A/cattle/Texas/24-008749-003/2024(H5N1)	801	4468
PA|PP755594.1|A/cattle/Texas/24-008749-003/2024(H5N1)	802	4417
PA|PP755594.1|A/cattle/Texas/24-008749-003/2024(H5N1)	803	4418
PA|PP755594.1|A/cattle/Texas/24-008749-003/2024(H5N1)	804	4450
PA|PP755594.1|A/cattle/Texas/24-008749-003/2024(H5N1)	805	4432
PA|PP755594.1|A/cattle/Texas/24-008749-003/2024(H5N1)	806	4455
PA|PP755594.1|A/cattle/Texas/24-008749-003/2024(H5N1)	807	4466
PA|PP755594.1|A/cattle/Texas/24-008749-003/2024(H5N1)	808	4480
PA|PP755594.1|A/cattle/Texas/24-008749-003/2024(H5N1)	809	4312
PA|PP755594.1|A/cattle/Texas/24-008749-003/2024(H5N1)	810	4341
PA|PP755594.1|A/cattle/Texas/24-008749-003/2024(H5N1)	811	4368
PA|PP755594.1|A/cattle/Texas/24-008749-003/2024(H5N1)	812	4332
PA|PP755594.1|A/cattle/Texas/24-008749-003/2024(H5N1)	813	4328
PA|PP755594.1|A/cattle/Texas/24-008749-003/2024(H5N1)	814	4330
PA|PP755594.1|A/cattle/Texas/24-008749-003/2024(H5N1)	815	4397
PA|PP755594.1|A/cattle/Texas/24-008749-003/2024(H5N1)	816	4397
PA|PP755594.1|A/cattle/Texas/24-008749-003/2024(H5N1)	817	4412
PA|PP755594.1|A/cattle/Texas/24-008749-003/2024(H5N1)	818	4416
PA|PP755594.1|A/cattle/Texas/24-008749-003/2024(H5N1)	819	4373
PA|PP755594.1|A/cattle/Texas/24-008749-003/2024(H5N1)	820	4371
PA|PP755594.1|A/cattle/Texas/24-008749-003/2024(H5N1)	821	4370
PA|PP755594.1|A/cattle/Texas/24-008749-003/2024(H5N1)	822	4596
PA|PP755594.1|A/cattle/Texas/24-008749-003/2024(H5N1)	823	4792
PA|PP755594.1|A/cattle/Texas/24-008749-003/2024(H5N1)	824	4781
PA|PP755594.1|A/cattle/Texas/24-008749-003/2024(H5N1)	825	4758
PA|PP755594.1|A/cattle/Texas/24-008749-003/2024(H5N1)	826	4733
PA|PP755594.1|A/cattle/Texas/24-008749-003/2024(H5N1)	827	4885
PA|PP755594.1|A/cattle/Texas/24-008749-003/2024(H5N1)	828	4851
PA|PP755594.1|A/cattle/Texas/24-008749-003/2024(H5N1)	829	4854
PA|PP755594.1|A/cattle/Texas/24-008749-003/2024(H5N1)	830	4853
PA|PP755594.1|A/cattle/Texas/24-008749-003/2024(H5N1)	831	4569
PA|PP755594.1|A/cattle/Texas/24-008749-003/2024(H5N1)	832	4573
PA|PP755594.1|A/cattle/Texas/24-008749-003/2024(H5N1)	833	4547
PA|PP755594.1|A/cattle/Texas/24-008749-003/2024(H5N1)	834	4539
PA|PP755594.1|A/cattle/Texas/24-008749-003/2024(H5N1)	835	4404
PA|PP755594.1|A/cattle/Texas/24-008749-003/2024(H5N1)	836	4234
PA|PP755594.1|A/cattle/Texas/24-008749-003/2024(H5N1)	837	4260
PA|PP755594.1|A/cattle/Texas/24-008749-003/2024(H5N1)	838	4250
PA|PP755594.1|A/cattle/Texas/24-008749-003/2024(H5N1)	839	4243
PA|PP755594.1|A/cattle/Texas/24-008749-003/2024(H5N1)	840	4243
PA|PP755594.1|A/cattle/Texas/24-008749-003/2024(H5N1)	841	4242
PA|PP755594.1|A/cattle/Texas/24-008749-003/2024(H5N1)	842	4190
PA|PP755594.1|A/cattle/Texas/24-008749-003/2024(H5N1)	843	4197
PA|PP755594.1|A/cattle/Texas/24-008749-003/2024(H5N1)	844	4200
PA|PP755594.1|A/cattle/Texas/24-008749-003/2024(H5N1)	845	4171
PA|PP755594.1|A/cattle/Texas/24-008749-003/2024(H5N1)	846	4075
PA|PP755594.1|A/cattle/Texas/24-008749-003/2024(H5N1)	847	4073
PA|PP755594.1|A/cattle/Texas/24-008749-003/2024(H5N1)	848	4076
PA|PP755594.1|A/cattle/Texas/24-008749-003/2024(H5N1)	849	4082
PA|PP755594.1|A/cattle/Texas/24-008749-003/2024(H5N1)	850	4070
PA|PP755594.1|A/cattle/Texas/24-008749-003/2024(H5N1)	851	4145
PA|PP755594.1|A/cattle/Texas/24-008749-003/2024(H5N1)	852	4153
PA|PP755594.1|A/cattle/Texas/24-008749-003/2024(H5N1)	853	4193
PA|PP755594.1|A/cattle/Texas/24-008749-003/2024(H5N1)	854	4192
PA|PP755594.1|A/cattle/Texas/24-008749-003/2024(H5N1)	855	4110
PA|PP755594.1|A/cattle/Texas/24-008749-003/2024(H5N1)	856	4140
PA|PP755594.1|A/cattle/Texas/24-008749-003/2024(H5N1)	857	4148
PA|PP755594.1|A/cattle/Texas/24-008749-003/2024(H5N1)	858	4134
PA|PP755594.1|A/cattle/Texas/24-008749-003/2024(H5N1)	859	4137
PA|PP755594.1|A/cattle/Texas/24-008749-003/2024(H5N1)	860	4467
PA|PP755594.1|A/cattle/Texas/24-008749-003/2024(H5N1)	861	4485
PA|PP755594.1|A/cattle/Texas/24-008749-003/2024(H5N1)	862	4512
PA|PP755594.1|A/cattle/Texas/24-008749-003/2024(H5N1)	863	4506
PA|PP755594.1|A/cattle/Texas/24-008749-003/2024(H5N1)	864	4513
PA|PP755594.1|A/cattle/Texas/24-008749-003/2024(H5N1)	865	4517
PA|PP755594.1|A/cattle/Texas/24-008749-003/2024(H5N1)	866	4493
PA|PP755594.1|A/cattle/Texas/24-008749-003/2024(H5N1)	867	4525
PA|PP755594.1|A/cattle/Texas/24-008749-003/2024(H5N1)	868	4572
PA|PP755594.1|A/cattle/Texas/24-008749-003/2024(H5N1)	869	4270
PA|PP755594.1|A/cattle/Texas/24-008749-003/2024(H5N1)	870	4194
PA|PP755594.1|A/cattle/Texas/24-008749-003/2024(H5N1)	871	4172
PA|PP755594.1|A/cattle/Texas/24-008749-003/2024(H5N1)	872	4201
PA|PP755594.1|A/cattle/Texas/24-008749-003/2024(H5N1)	873	4160
PA|PP755594.1|A/cattle/Texas/24-008749-003/2024(H5N1)	874	4163
PA|PP755594.1|A/cattle/Texas/24-008749-003/2024(H5N1)	875	4210
PA|PP755594.1|A/cattle/Texas/24-008749-003/2024(H5N1)	876	4197
PA|PP755594.1|A/cattle/Texas/24-008749-003/2024(H5N1)	877	4205
PA|PP755594.1|A/cattle/Texas/24-008749-003/2024(H5N1)	878	4227
PA|PP755594.1|A/cattle/Texas/24-008749-003/2024(H5N1)	879	4216
PA|PP755594.1|A/cattle/Texas/24-008749-003/2024(H5N1)	880	4142
PA|PP755594.1|A/cattle/Texas/24-008749-003/2024(H5N1)	881	4148
PA|PP755594.1|A/cattle/Texas/24-008749-003/2024(H5N1)	882	4251
PA|PP755594.1|A/cattle/Texas/24-008749-003/2024(H5N1)	883	4264
PA|PP755594.1|A/cattle/Texas/24-008749-003/2024(H5N1)	884	4198
PA|PP755594.1|A/cattle/Texas/24-008749-003/2024(H5N1)	885	4189
PA|PP755594.1|A/cattle/Texas/24-008749-003/2024(H5N1)	886	4270
PA|PP755594.1|A/cattle/Texas/24-008749-003/2024(H5N1)	887	4297
PA|PP755594.1|A/cattle/Texas/24-008749-003/2024(H5N1)	888	4301
PA|PP755594.1|A/cattle/Texas/24-008749-003/2024(H5N1)	889	4321
PA|PP755594.1|A/cattle/Texas/24-008749-003/2024(H5N1)	890	4318
PA|PP755594.1|A/cattle/Texas/24-008749-003/2024(H5N1)	891	4338
PA|PP755594.1|A/cattle/Texas/24-008749-003/2024(H5N1)	892	4346
PA|PP755594.1|A/cattle/Texas/24-008749-003/2024(H5N1)	893	4340
PA|PP755594.1|A/cattle/Texas/24-008749-003/2024(H5N1)	894	4379
PA|PP755594.1|A/cattle/Texas/24-008749-003/2024(H5N1)	895	4375
PA|PP755594.1|A/cattle/Texas/24-008749-003/2024(H5N1)	896	4334
PA|PP755594.1|A/cattle/Texas/24-008749-003/2024(H5N1)	897	4317
PA|PP755594.1|A/cattle/Texas/24-008749-003/2024(H5N1)	898	4312
PA|PP755594.1|A/cattle/Texas/24-008749-003/2024(H5N1)	899	4290
PA|PP755594.1|A/cattle/Texas/24-008749-003/2024(H5N1)	900	4448
PA|PP755594.1|A/cattle/Texas/24-008749-003/2024(H5N1)	901	4478
PA|PP755594.1|A/cattle/Texas/24-008749-003/2024(H5N1)	902	4636
PA|PP755594.1|A/cattle/Texas/24-008749-003/2024(H5N1)	903	4621
PA|PP755594.1|A/cattle/Texas/24-008749-003/2024(H5N1)	904	4559
PA|PP755594.1|A/cattle/Texas/24-008749-003/2024(H5N1)	905	4548
PA|PP755594.1|A/cattle/Texas/24-008749-003/2024(H5N1)	906	4542
PA|PP755594.1|A/cattle/Texas/24-008749-003/2024(H5N1)	907	4740
PA|PP755594.1|A/cattle/Texas/24-008749-003/2024(H5N1)	908	4732
PA|PP755594.1|A/cattle/Texas/24-008749-003/2024(H5N1)	909	4679
PA|PP755594.1|A/cattle/Texas/24-008749-003/2024(H5N1)	910	4648
PA|PP755594.1|A/cattle/Texas/24-008749-003/2024(H5N1)	911	4534
PA|PP755594.1|A/cattle/Texas/24-008749-003/2024(H5N1)	912	4850
PA|PP755594.1|A/cattle/Texas/24-008749-003/2024(H5N1)	913	4852
PA|PP755594.1|A/cattle/Texas/24-008749-003/2024(H5N1)	914	4871
PA|PP755594.1|A/cattle/Texas/24-008749-003/2024(H5N1)	915	4864
PA|PP755594.1|A/cattle/Texas/24-008749-003/2024(H5N1)	916	4678
PA|PP755594.1|A/cattle/Texas/24-008749-003/2024(H5N1)	917	4698
PA|PP755594.1|A/cattle/Texas/24-008749-003/2024(H5N1)	918	4630
PA|PP755594.1|A/cattle/Texas/24-008749-003/2024(H5N1)	919	4606
PA|PP755594.1|A/cattle/Texas/24-008749-003/2024(H5N1)	920	4599
PA|PP755594.1|A/cattle/Texas/24-008749-003/2024(H5N1)	921	4356
PA|PP755594.1|A/cattle/Texas/24-008749-003/2024(H5N1)	922	4426
PA|PP755594.1|A/cattle/Texas/24-008749-003/2024(H5N1)	923	4398
PA|PP755594.1|A/cattle/Texas/24-008749-003/2024(H5N1)	924	4396
PA|PP755594.1|A/cattle/Texas/24-008749-003/2024(H5N1)	925	4403
PA|PP755594.1|A/cattle/Texas/24-008749-003/2024(H5N1)	926	4390
PA|PP755594.1|A/cattle/Texas/24-008749-003/2024(H5N1)	927	4399
PA|PP755594.1|A/cattle/Texas/24-008749-003/2024(H5N1)	928	4405
PA|PP755594.1|A/cattle/Texas/24-008749-003/2024(H5N1)	929	4385
PA|PP755594.1|A/cattle/Texas/24-008749-003/2024(H5N1)	930	4357
PA|PP755594.1|A/cattle/Texas/24-008749-003/2024(H5N1)	931	4303
PA|PP755594.1|A/cattle/Texas/24-008749-003/2024(H5N1)	932	4304
PA|PP755594.1|A/cattle/Texas/24-008749-003/2024(H5N1)	933	4300
PA|PP755594.1|A/cattle/Texas/24-008749-003/2024(H5N1)	934	4301
PA|PP755594.1|A/cattle/Texas/24-008749-003/2024(H5N1)	935	4299
PA|PP755594.1|A/cattle/Texas/24-008749-003/2024(H5N1)	936	4234
PA|PP755594.1|A/cattle/Texas/24-008749-003/2024(H5N1)	937	4227
PA|PP755594.1|A/cattle/Texas/24-008749-003/2024(H5N1)	938	4251
PA|PP755594.1|A/cattle/Texas/24-008749-003/2024(H5N1)	939	4243
PA|PP755594.1|A/cattle/Texas/24-008749-003/2024(H5N1)	940	4249
PA|PP755594.1|A/cattle/Texas/24-008749-003/2024(H5N1)	941	4237
PA|PP755594.1|A/cattle/Texas/24-008749-003/2024(H5N1)	942	4182
PA|PP755594.1|A/cattle/Texas/24-008749-003/2024(H5N1)	943	4214
PA|PP755594.1|A/cattle/Texas/24-008749-003/2024(H5N1)	944	4209
PA|PP755594.1|A/cattle/Texas/24-008749-003/2024(H5N1)	945	4206
PA|PP755594.1|A/cattle/Texas/24-008749-003/2024(H5N1)	946	4206
PA|PP755594.1|A/cattle/Texas/24-008749-003/2024(H5N1)	947	4216
PA|PP755594.1|A/cattle/Texas/24-008749-003/2024(H5N1)	948	4104
PA|PP755594.1|A/cattle/Texas/24-008749-003/2024(H5N1)	949	4100
PA|PP755594.1|A/cattle/Texas/24-008749-003/2024(H5N1)	950	4133
PA|PP755594.1|A/cattle/Texas/24-008749-003/2024(H5N1)	951	4147
PA|PP755594.1|A/cattle/Texas/24-008749-003/2024(H5N1)	952	4232
PA|PP755594.1|A/cattle/Texas/24-008749-003/2024(H5N1)	953	4235
PA|PP755594.1|A/cattle/Texas/24-008749-003/2024(H5N1)	954	4232
PA|PP755594.1|A/cattle/Texas/24-008749-003/2024(H5N1)	955	4257
PA|PP755594.1|A/cattle/Texas/24-008749-003/2024(H5N1)	956	4238
PA|PP755594.1|A/cattle/Texas/24-008749-003/2024(H5N1)	957	4334
PA|PP755594.1|A/cattle/Texas/24-008749-003/2024(H5N1)	958	4422
PA|PP755594.1|A/cattle/Texas/24-008749-003/2024(H5N1)	959	4404
PA|PP755594.1|A/cattle/Texas/24-008749-003/2024(H5N1)	960	4385
PA|PP755594.1|A/cattle/Texas/24-008749-003/2024(H5N1)	961	4383
PA|PP755594.1|A/cattle/Texas/24-008749-003/2024(H5N1)	962	4404
PA|PP755594.1|A/cattle/Texas/24-008749-003/2024(H5N1)	963	4408
PA|PP755594.1|A/cattle/Texas/24-008749-003/2024(H5N1)	964	4381
PA|PP755594.1|A/cattle/Texas/24-008749-003/2024(H5N1)	965	4587
PA|PP755594.1|A/cattle/Texas/24-008749-003/2024(H5N1)	966	4535
PA|PP755594.1|A/cattle/Texas/24-008749-003/2024(H5N1)	967	4538
PA|PP755594.1|A/cattle/Texas/24-008749-003/2024(H5N1)	968	4518
PA|PP755594.1|A/cattle/Texas/24-008749-003/2024(H5N1)	969	4641
PA|PP755594.1|A/cattle/Texas/24-008749-003/2024(H5N1)	970	4605
PA|PP755594.1|A/cattle/Texas/24-008749-003/2024(H5N1)	971	4573
PA|PP755594.1|A/cattle/Texas/24-008749-003/2024(H5N1)	972	4573
PA|PP755594.1|A/cattle/Texas/24-008749-003/2024(H5N1)	973	4347
PA|PP755594.1|A/cattle/Texas/24-008749-003/2024(H5N1)	974	4318
PA|PP755594.1|A/cattle/Texas/24-008749-003/2024(H5N1)	975	4320
PA|PP755594.1|A/cattle/Texas/24-008749-003/2024(H5N1)	976	4326
PA|PP755594.1|A/cattle/Texas/24-008749-003/2024(H5N1)	977	4325
PA|PP755594.1|A/cattle/Texas/24-008749-003/2024(H5N1)	978	4193
PA|PP755594.1|A/cattle/Texas/24-008749-003/2024(H5N1)	979	4196
PA|PP755594.1|A/cattle/Texas/24-008749-003/2024(H5N1)	980	4199
PA|PP755594.1|A/cattle/Texas/24-008749-003/2024(H5N1)	981	4202
PA|PP755594.1|A/cattle/Texas/24-008749-003/2024(H5N1)	982	4213
PA|PP755594.1|A/cattle/Texas/24-008749-003/2024(H5N1)	983	4209
PA|PP755594.1|A/cattle/Texas/24-008749-003/2024(H5N1)	984	4209
PA|PP755594.1|A/cattle/Texas/24-008749-003/2024(H5N1)	985	4220
PA|PP755594.1|A/cattle/Texas/24-008749-003/2024(H5N1)	986	4256
PA|PP755594.1|A/cattle/Texas/24-008749-003/2024(H5N1)	987	4219
PA|PP755594.1|A/cattle/Texas/24-008749-003/2024(H5N1)	988	4218
PA|PP755594.1|A/cattle/Texas/24-008749-003/2024(H5N1)	989	4217
PA|PP755594.1|A/cattle/Texas/24-008749-003/2024(H5N1)	990	4237
PA|PP755594.1|A/cattle/Texas/24-008749-003/2024(H5N1)	991	4248
PA|PP755594.1|A/cattle/Texas/24-008749-003/2024(H5N1)	992	4255
PA|PP755594.1|A/cattle/Texas/24-008749-003/2024(H5N1)	993	4402
PA|PP755594.1|A/cattle/Texas/24-008749-003/2024(H5N1)	994	4390
PA|PP755594.1|A/cattle/Texas/24-008749-003/2024(H5N1)	995	4382
PA|PP755594.1|A/cattle/Texas/24-008749-003/2024(H5N1)	996	4384
PA|PP755594.1|A/cattle/Texas/24-008749-003/2024(H5N1)	997	4515
PA|PP755594.1|A/cattle/Texas/24-008749-003/2024(H5N1)	998	4522
PA|PP755594.1|A/cattle/Texas/24-008749-003/2024(H5N1)	999	4527
PA|PP755594.1|A/cattle/Texas/24-008749-003/2024(H5N1)	1000	4517
PA|PP755594.1|A/cattle/Texas/24-008749-003/2024(H5N1)	1001	4504
PA|PP755594.1|A/cattle/Texas/24-008749-003/2024(H5N1)	1002	4426
PA|PP755594.1|A/cattle/Texas/24-008749-003/2024(H5N1)	1003	4407
PA|PP755594.1|A/cattle/Texas/24-008749-003/2024(H5N1)	1004	4402
PA|PP755594.1|A/cattle/Texas/24-008749-003/2024(H5N1)	1005	4401
PA|PP755594.1|A/cattle/Texas/24-008749-003/2024(H5N1)	1006	4352
PA|PP755594.1|A/cattle/Texas/24-008749-003/2024(H5N1)	1007	4467
PA|PP755594.1|A/cattle/Texas/24-008749-003/2024(H5N1)	1008	4522
PA|PP755594.1|A/cattle/Texas/24-008749-003/2024(H5N1)	1009	4563
PA|PP755594.1|A/cattle/Texas/24-008749-003/2024(H5N1)	1010	4398
PA|PP755594.1|A/cattle/Texas/24-008749-003/2024(H5N1)	1011	4382
PA|PP755594.1|A/cattle/Texas/24-008749-003/2024(H5N1)	1012	4369
PA|PP755594.1|A/cattle/Texas/24-008749-003/2024(H5N1)	1013	4342
PA|PP755594.1|A/cattle/Texas/24-008749-003/2024(H5N1)	1014	4348
PA|PP755594.1|A/cattle/Texas/24-008749-003/2024(H5N1)	1015	4413
PA|PP755594.1|A/cattle/Texas/24-008749-003/2024(H5N1)	1016	4407
PA|PP755594.1|A/cattle/Texas/24-008749-003/2024(H5N1)	1017	4389
PA|PP755594.1|A/cattle/Texas/24-008749-003/2024(H5N1)	1018	4327
PA|PP755594.1|A/cattle/Texas/24-008749-003/2024(H5N1)	1019	4286
PA|PP755594.1|A/cattle/Texas/24-008749-003/2024(H5N1)	1020	4348
PA|PP755594.1|A/cattle/Texas/24-008749-003/2024(H5N1)	1021	4355
PA|PP755594.1|A/cattle/Texas/24-008749-003/2024(H5N1)	1022	4348
PA|PP755594.1|A/cattle/Texas/24-008749-003/2024(H5N1)	1023	4330
PA|PP755594.1|A/cattle/Texas/24-008749-003/2024(H5N1)	1024	4901
PA|PP755594.1|A/cattle/Texas/24-008749-003/2024(H5N1)	1025	4911
PA|PP755594.1|A/cattle/Texas/24-008749-003/2024(H5N1)	1026	4931
PA|PP755594.1|A/cattle/Texas/24-008749-003/2024(H5N1)	1027	4932
PA|PP755594.1|A/cattle/Texas/24-008749-003/2024(H5N1)	1028	4927
PA|PP755594.1|A/cattle/Texas/24-008749-003/2024(H5N1)	1029	4891
PA|PP755594.1|A/cattle/Texas/24-008749-003/2024(H5N1)	1030	4904
PA|PP755594.1|A/cattle/Texas/24-008749-003/2024(H5N1)	1031	4947
PA|PP755594.1|A/cattle/Texas/24-008749-003/2024(H5N1)	1032	5055
PA|PP755594.1|A/cattle/Texas/24-008749-003/2024(H5N1)	1033	5116
PA|PP755594.1|A/cattle/Texas/24-008749-003/2024(H5N1)	1034	5184
PA|PP755594.1|A/cattle/Texas/24-008749-003/2024(H5N1)	1035	5168
PA|PP755594.1|A/cattle/Texas/24-008749-003/2024(H5N1)	1036	5094
PA|PP755594.1|A/cattle/Texas/24-008749-003/2024(H5N1)	1037	5110
PA|PP755594.1|A/cattle/Texas/24-008749-003/2024(H5N1)	1038	5078
PA|PP755594.1|A/cattle/Texas/24-008749-003/2024(H5N1)	1039	5074
PA|PP755594.1|A/cattle/Texas/24-008749-003/2024(H5N1)	1040	5083
PA|PP755594.1|A/cattle/Texas/24-008749-003/2024(H5N1)	1041	5095
PA|PP755594.1|A/cattle/Texas/24-008749-003/2024(H5N1)	1042	4947
PA|PP755594.1|A/cattle/Texas/24-008749-003/2024(H5N1)	1043	4989
PA|PP755594.1|A/cattle/Texas/24-008749-003/2024(H5N1)	1044	4988
PA|PP755594.1|A/cattle/Texas/24-008749-003/2024(H5N1)	1045	4953
PA|PP755594.1|A/cattle/Texas/24-008749-003/2024(H5N1)	1046	4897
PA|PP755594.1|A/cattle/Texas/24-008749-003/2024(H5N1)	1047	4911
PA|PP755594.1|A/cattle/Texas/24-008749-003/2024(H5N1)	1048	4922
PA|PP755594.1|A/cattle/Texas/24-008749-003/2024(H5N1)	1049	4921
PA|PP755594.1|A/cattle/Texas/24-008749-003/2024(H5N1)	1050	4931
PA|PP755594.1|A/cattle/Texas/24-008749-003/2024(H5N1)	1051	4783
PA|PP755594.1|A/cattle/Texas/24-008749-003/2024(H5N1)	1052	4739
PA|PP755594.1|A/cattle/Texas/24-008749-003/2024(H5N1)	1053	4617
PA|PP755594.1|A/cattle/Texas/24-008749-003/2024(H5N1)	1054	4643
PA|PP755594.1|A/cattle/Texas/24-008749-003/2024(H5N1)	1055	4649
PA|PP755594.1|A/cattle/Texas/24-008749-003/2024(H5N1)	1056	4855
PA|PP755594.1|A/cattle/Texas/24-008749-003/2024(H5N1)	1057	4857
PA|PP755594.1|A/cattle/Texas/24-008749-003/2024(H5N1)	1058	4672
PA|PP755594.1|A/cattle/Texas/24-008749-003/2024(H5N1)	1059	4670
PA|PP755594.1|A/cattle/Texas/24-008749-003/2024(H5N1)	1060	4632
PA|PP755594.1|A/cattle/Texas/24-008749-003/2024(H5N1)	1061	4597
PA|PP755594.1|A/cattle/Texas/24-008749-003/2024(H5N1)	1062	4597
PA|PP755594.1|A/cattle/Texas/24-008749-003/2024(H5N1)	1063	4305
PA|PP755594.1|A/cattle/Texas/24-008749-003/2024(H5N1)	1064	4285
PA|PP755594.1|A/cattle/Texas/24-008749-003/2024(H5N1)	1065	4308
PA|PP755594.1|A/cattle/Texas/24-008749-003/2024(H5N1)	1066	4311
PA|PP755594.1|A/cattle/Texas/24-008749-003/2024(H5N1)	1067	4321
PA|PP755594.1|A/cattle/Texas/24-008749-003/2024(H5N1)	1068	4301
PA|PP755594.1|A/cattle/Texas/24-008749-003/2024(H5N1)	1069	4317
PA|PP755594.1|A/cattle/Texas/24-008749-003/2024(H5N1)	1070	4323
PA|PP755594.1|A/cattle/Texas/24-008749-003/2024(H5N1)	1071	4318
PA|PP755594.1|A/cattle/Texas/24-008749-003/2024(H5N1)	1072	4385
PA|PP755594.1|A/cattle/Texas/24-008749-003/2024(H5N1)	1073	4316
PA|PP755594.1|A/cattle/Texas/24-008749-003/2024(H5N1)	1074	4329
PA|PP755594.1|A/cattle/Texas/24-008749-003/2024(H5N1)	1075	4335
PA|PP755594.1|A/cattle/Texas/24-008749-003/2024(H5N1)	1076	4371
PA|PP755594.1|A/cattle/Texas/24-008749-003/2024(H5N1)	1077	4390
PA|PP755594.1|A/cattle/Texas/24-008749-003/2024(H5N1)	1078	4382
PA|PP755594.1|A/cattle/Texas/24-008749-003/2024(H5N1)	1079	4371
PA|PP755594.1|A/cattle/Texas/24-008749-003/2024(H5N1)	1080	4414
PA|PP755594.1|A/cattle/Texas/24-008749-003/2024(H5N1)	1081	4401
PA|PP755594.1|A/cattle/Texas/24-008749-003/2024(H5N1)	1082	4402
PA|PP755594.1|A/cattle/Texas/24-008749-003/2024(H5N1)	1083	4415
PA|PP755594.1|A/cattle/Texas/24-008749-003/2024(H5N1)	1084	4423
PA|PP755594.1|A/cattle/Texas/24-008749-003/2024(H5N1)	1085	4451
PA|PP755594.1|A/cattle/Texas/24-008749-003/2024(H5N1)	1086	4510
PA|PP755594.1|A/cattle/Texas/24-008749-003/2024(H5N1)	1087	4502
PA|PP755594.1|A/cattle/Texas/24-008749-003/2024(H5N1)	1088	4514
PA|PP755594.1|A/cattle/Texas/24-008749-003/2024(H5N1)	1089	4456
PA|PP755594.1|A/cattle/Texas/24-008749-003/2024(H5N1)	1090	4475
PA|PP755594.1|A/cattle/Texas/24-008749-003/2024(H5N1)	1091	4471
PA|PP755594.1|A/cattle/Texas/24-008749-003/2024(H5N1)	1092	4522
PA|PP755594.1|A/cattle/Texas/24-008749-003/2024(H5N1)	1093	4602
PA|PP755594.1|A/cattle/Texas/24-008749-003/2024(H5N1)	1094	4567
PA|PP755594.1|A/cattle/Texas/24-008749-003/2024(H5N1)	1095	4579
PA|PP755594.1|A/cattle/Texas/24-008749-003/2024(H5N1)	1096	4592
PA|PP755594.1|A/cattle/Texas/24-008749-003/2024(H5N1)	1097	4617
PA|PP755594.1|A/cattle/Texas/24-008749-003/2024(H5N1)	1098	4615
PA|PP755594.1|A/cattle/Texas/24-008749-003/2024(H5N1)	1099	4619
PA|PP755594.1|A/cattle/Texas/24-008749-003/2024(H5N1)	1100	4657
PA|PP755594.1|A/cattle/Texas/24-008749-003/2024(H5N1)	1101	4644
PA|PP755594.1|A/cattle/Texas/24-008749-003/2024(H5N1)	1102	4555
PA|PP755594.1|A/cattle/Texas/24-008749-003/2024(H5N1)	1103	4562
PA|PP755594.1|A/cattle/Texas/24-008749-003/2024(H5N1)	1104	4569
PA|PP755594.1|A/cattle/Texas/24-008749-003/2024(H5N1)	1105	4568
PA|PP755594.1|A/cattle/Texas/24-008749-003/2024(H5N1)	1106	4579
PA|PP755594.1|A/cattle/Texas/24-008749-003/2024(H5N1)	1107	4550
PA|PP755594.1|A/cattle/Texas/24-008749-003/2024(H5N1)	1108	4489
PA|PP755594.1|A/cattle/Texas/24-008749-003/2024(H5N1)	1109	4420
PA|PP755594.1|A/cattle/Texas/24-008749-003/2024(H5N1)	1110	4422
PA|PP755594.1|A/cattle/Texas/24-008749-003/2024(H5N1)	1111	4539
PA|PP755594.1|A/cattle/Texas/24-008749-003/2024(H5N1)	1112	4540
PA|PP755594.1|A/cattle/Texas/24-008749-003/2024(H5N1)	1113	4516
PA|PP755594.1|A/cattle/Texas/24-008749-003/2024(H5N1)	1114	4508
PA|PP755594.1|A/cattle/Texas/24-008749-003/2024(H5N1)	1115	4480
PA|PP755594.1|A/cattle/Texas/24-008749-003/2024(H5N1)	1116	4429
PA|PP755594.1|A/cattle/Texas/24-008749-003/2024(H5N1)	1117	4372
PA|PP755594.1|A/cattle/Texas/24-008749-003/2024(H5N1)	1118	4396
PA|PP755594.1|A/cattle/Texas/24-008749-003/2024(H5N1)	1119	4396
PA|PP755594.1|A/cattle/Texas/24-008749-003/2024(H5N1)	1120	4240
PA|PP755594.1|A/cattle/Texas/24-008749-003/2024(H5N1)	1121	4236
PA|PP755594.1|A/cattle/Texas/24-008749-003/2024(H5N1)	1122	4236
PA|PP755594.1|A/cattle/Texas/24-008749-003/2024(H5N1)	1123	4237
PA|PP755594.1|A/cattle/Texas/24-008749-003/2024(H5N1)	1124	4306
PA|PP755594.1|A/cattle/Texas/24-008749-003/2024(H5N1)	1125	4148
PA|PP755594.1|A/cattle/Texas/24-008749-003/2024(H5N1)	1126	4152
PA|PP755594.1|A/cattle/Texas/24-008749-003/2024(H5N1)	1127	4150
PA|PP755594.1|A/cattle/Texas/24-008749-003/2024(H5N1)	1128	4147
PA|PP755594.1|A/cattle/Texas/24-008749-003/2024(H5N1)	1129	4143
PA|PP755594.1|A/cattle/Texas/24-008749-003/2024(H5N1)	1130	4187
PA|PP755594.1|A/cattle/Texas/24-008749-003/2024(H5N1)	1131	4186
PA|PP755594.1|A/cattle/Texas/24-008749-003/2024(H5N1)	1132	4181
PA|PP755594.1|A/cattle/Texas/24-008749-003/2024(H5N1)	1133	4214
PA|PP755594.1|A/cattle/Texas/24-008749-003/2024(H5N1)	1134	4214
PA|PP755594.1|A/cattle/Texas/24-008749-003/2024(H5N1)	1135	4213
PA|PP755594.1|A/cattle/Texas/24-008749-003/2024(H5N1)	1136	4198
PA|PP755594.1|A/cattle/Texas/24-008749-003/2024(H5N1)	1137	4170
PA|PP755594.1|A/cattle/Texas/24-008749-003/2024(H5N1)	1138	4190
PA|PP755594.1|A/cattle/Texas/24-008749-003/2024(H5N1)	1139	4347
PA|PP755594.1|A/cattle/Texas/24-008749-003/2024(H5N1)	1140	4355
PA|PP755594.1|A/cattle/Texas/24-008749-003/2024(H5N1)	1141	4338
PA|PP755594.1|A/cattle/Texas/24-008749-003/2024(H5N1)	1142	4343
PA|PP755594.1|A/cattle/Texas/24-008749-003/2024(H5N1)	1143	4473
PA|PP755594.1|A/cattle/Texas/24-008749-003/2024(H5N1)	1144	4321
PA|PP755594.1|A/cattle/Texas/24-008749-003/2024(H5N1)	1145	4323
PA|PP755594.1|A/cattle/Texas/24-008749-003/2024(H5N1)	1146	4325
PA|PP755594.1|A/cattle/Texas/24-008749-003/2024(H5N1)	1147	4335
PA|PP755594.1|A/cattle/Texas/24-008749-003/2024(H5N1)	1148	4214
PA|PP755594.1|A/cattle/Texas/24-008749-003/2024(H5N1)	1149	4311
PA|PP755594.1|A/cattle/Texas/24-008749-003/2024(H5N1)	1150	4394
PA|PP755594.1|A/cattle/Texas/24-008749-003/2024(H5N1)	1151	4494
PA|PP755594.1|A/cattle/Texas/24-008749-003/2024(H5N1)	1152	4467
PA|PP755594.1|A/cattle/Texas/24-008749-003/2024(H5N1)	1153	4465
PA|PP755594.1|A/cattle/Texas/24-008749-003/2024(H5N1)	1154	4456
PA|PP755594.1|A/cattle/Texas/24-008749-003/2024(H5N1)	1155	4436
PA|PP755594.1|A/cattle/Texas/24-008749-003/2024(H5N1)	1156	4488
PA|PP755594.1|A/cattle/Texas/24-008749-003/2024(H5N1)	1157	4513
PA|PP755594.1|A/cattle/Texas/24-008749-003/2024(H5N1)	1158	4388
PA|PP755594.1|A/cattle/Texas/24-008749-003/2024(H5N1)	1159	4348
PA|PP755594.1|A/cattle/Texas/24-008749-003/2024(H5N1)	1160	4195
PA|PP755594.1|A/cattle/Texas/24-008749-003/2024(H5N1)	1161	4256
PA|PP755594.1|A/cattle/Texas/24-008749-003/2024(H5N1)	1162	4256
PA|PP755594.1|A/cattle/Texas/24-008749-003/2024(H5N1)	1163	4254
PA|PP755594.1|A/cattle/Texas/24-008749-003/2024(H5N1)	1164	4244
PA|PP755594.1|A/cattle/Texas/24-008749-003/2024(H5N1)	1165	4188
PA|PP755594.1|A/cattle/Texas/24-008749-003/2024(H5N1)	1166	4809
PA|PP755594.1|A/cattle/Texas/24-008749-003/2024(H5N1)	1167	4821
PA|PP755594.1|A/cattle/Texas/24-008749-003/2024(H5N1)	1168	4820
PA|PP755594.1|A/cattle/Texas/24-008749-003/2024(H5N1)	1169	4904
PA|PP755594.1|A/cattle/Texas/24-008749-003/2024(H5N1)	1170	4907
PA|PP755594.1|A/cattle/Texas/24-008749-003/2024(H5N1)	1171	4862
PA|PP755594.1|A/cattle/Texas/24-008749-003/2024(H5N1)	1172	4854
PA|PP755594.1|A/cattle/Texas/24-008749-003/2024(H5N1)	1173	4854
PA|PP755594.1|A/cattle/Texas/24-008749-003/2024(H5N1)	1174	4958
PA|PP755594.1|A/cattle/Texas/24-008749-003/2024(H5N1)	1175	4276
PA|PP755594.1|A/cattle/Texas/24-008749-003/2024(H5N1)	1176	4352
PA|PP755594.1|A/cattle/Texas/24-008749-003/2024(H5N1)	1177	4427
PA|PP755594.1|A/cattle/Texas/24-008749-003/2024(H5N1)	1178	4427
PA|PP755594.1|A/cattle/Texas/24-008749-003/2024(H5N1)	1179	4458
PA|PP755594.1|A/cattle/Texas/24-008749-003/2024(H5N1)	1180	4442
PA|PP755594.1|A/cattle/Texas/24-008749-003/2024(H5N1)	1181	4438
PA|PP755594.1|A/cattle/Texas/24-008749-003/2024(H5N1)	1182	4417
PA|PP755594.1|A/cattle/Texas/24-008749-003/2024(H5N1)	1183	4288
PA|PP755594.1|A/cattle/Texas/24-008749-003/2024(H5N1)	1184	4162
PA|PP755594.1|A/cattle/Texas/24-008749-003/2024(H5N1)	1185	4105
PA|PP755594.1|A/cattle/Texas/24-008749-003/2024(H5N1)	1186	4102
PA|PP755594.1|A/cattle/Texas/24-008749-003/2024(H5N1)	1187	4125
PA|PP755594.1|A/cattle/Texas/24-008749-003/2024(H5N1)	1188	4119
PA|PP755594.1|A/cattle/Texas/24-008749-003/2024(H5N1)	1189	4127
PA|PP755594.1|A/cattle/Texas/24-008749-003/2024(H5N1)	1190	4162
PA|PP755594.1|A/cattle/Texas/24-008749-003/2024(H5N1)	1191	4148
PA|PP755594.1|A/cattle/Texas/24-008749-003/2024(H5N1)	1192	4172
PA|PP755594.1|A/cattle/Texas/24-008749-003/2024(H5N1)	1193	4127
PA|PP755594.1|A/cattle/Texas/24-008749-003/2024(H5N1)	1194	4103
PA|PP755594.1|A/cattle/Texas/24-008749-003/2024(H5N1)	1195	4132
PA|PP755594.1|A/cattle/Texas/24-008749-003/2024(H5N1)	1196	4136
PA|PP755594.1|A/cattle/Texas/24-008749-003/2024(H5N1)	1197	4322
PA|PP755594.1|A/cattle/Texas/24-008749-003/2024(H5N1)	1198	4326
PA|PP755594.1|A/cattle/Texas/24-008749-003/2024(H5N1)	1199	4313
PA|PP755594.1|A/cattle/Texas/24-008749-003/2024(H5N1)	1200	4326
PA|PP755594.1|A/cattle/Texas/24-008749-003/2024(H5N1)	1201	4284
PA|PP755594.1|A/cattle/Texas/24-008749-003/2024(H5N1)	1202	4294
PA|PP755594.1|A/cattle/Texas/24-008749-003/2024(H5N1)	1203	4352
PA|PP755594.1|A/cattle/Texas/24-008749-003/2024(H5N1)	1204	4355
PA|PP755594.1|A/cattle/Texas/24-008749-003/2024(H5N1)	1205	4350
PA|PP755594.1|A/cattle/Texas/24-008749-003/2024(H5N1)	1206	4158
PA|PP755594.1|A/cattle/Texas/24-008749-003/2024(H5N1)	1207	4184
PA|PP755594.1|A/cattle/Texas/24-008749-003/2024(H5N1)	1208	4180
PA|PP755594.1|A/cattle/Texas/24-008749-003/2024(H5N1)	1209	4188
PA|PP755594.1|A/cattle/Texas/24-008749-003/2024(H5N1)	1210	4189
PA|PP755594.1|A/cattle/Texas/24-008749-003/2024(H5N1)	1211	4261
PA|PP755594.1|A/cattle/Texas/24-008749-003/2024(H5N1)	1212	4268
PA|PP755594.1|A/cattle/Texas/24-008749-003/2024(H5N1)	1213	4262
PA|PP755594.1|A/cattle/Texas/24-008749-003/2024(H5N1)	1214	4320
PA|PP755594.1|A/cattle/Texas/24-008749-003/2024(H5N1)	1215	4374
PA|PP755594.1|A/cattle/Texas/24-008749-003/2024(H5N1)	1216	4339
PA|PP755594.1|A/cattle/Texas/24-008749-003/2024(H5N1)	1217	4355
PA|PP755594.1|A/cattle/Texas/24-008749-003/2024(H5N1)	1218	4391
PA|PP755594.1|A/cattle/Texas/24-008749-003/2024(H5N1)	1219	4406
PA|PP755594.1|A/cattle/Texas/24-008749-003/2024(H5N1)	1220	4393
PA|PP755594.1|A/cattle/Texas/24-008749-003/2024(H5N1)	1221	4389
PA|PP755594.1|A/cattle/Texas/24-008749-003/2024(H5N1)	1222	4389
PA|PP755594.1|A/cattle/Texas/24-008749-003/2024(H5N1)	1223	4304
PA|PP755594.1|A/cattle/Texas/24-008749-003/2024(H5N1)	1224	4325
PA|PP755594.1|A/cattle/Texas/24-008749-003/2024(H5N1)	1225	4420
PA|PP755594.1|A/cattle/Texas/24-008749-003/2024(H5N1)	1226	4416
PA|PP755594.1|A/cattle/Texas/24-008749-003/2024(H5N1)	1227	4409
PA|PP755594.1|A/cattle/Texas/24-008749-003/2024(H5N1)	1228	4451
PA|PP755594.1|A/cattle/Texas/24-008749-003/2024(H5N1)	1229	4470
PA|PP755594.1|A/cattle/Texas/24-008749-003/2024(H5N1)	1230	4487
PA|PP755594.1|A/cattle/Texas/24-008749-003/2024(H5N1)	1231	4478
PA|PP755594.1|A/cattle/Texas/24-008749-003/2024(H5N1)	1232	4479
PA|PP755594.1|A/cattle/Texas/24-008749-003/2024(H5N1)	1233	4536
PA|PP755594.1|A/cattle/Texas/24-008749-003/2024(H5N1)	1234	4528
PA|PP755594.1|A/cattle/Texas/24-008749-003/2024(H5N1)	1235	4557
PA|PP755594.1|A/cattle/Texas/24-008749-003/2024(H5N1)	1236	4524
PA|PP755594.1|A/cattle/Texas/24-008749-003/2024(H5N1)	1237	4467
PA|PP755594.1|A/cattle/Texas/24-008749-003/2024(H5N1)	1238	4480
PA|PP755594.1|A/cattle/Texas/24-008749-003/2024(H5N1)	1239	4487
PA|PP755594.1|A/cattle/Texas/24-008749-003/2024(H5N1)	1240	4498
PA|PP755594.1|A/cattle/Texas/24-008749-003/2024(H5N1)	1241	4500
PA|PP755594.1|A/cattle/Texas/24-008749-003/2024(H5N1)	1242	4519
PA|PP755594.1|A/cattle/Texas/24-008749-003/2024(H5N1)	1243	4584
PA|PP755594.1|A/cattle/Texas/24-008749-003/2024(H5N1)	1244	4518
PA|PP755594.1|A/cattle/Texas/24-008749-003/2024(H5N1)	1245	4588
PA|PP755594.1|A/cattle/Texas/24-008749-003/2024(H5N1)	1246	4589
PA|PP755594.1|A/cattle/Texas/24-008749-003/2024(H5N1)	1247	4588
PA|PP755594.1|A/cattle/Texas/24-008749-003/2024(H5N1)	1248	4619
PA|PP755594.1|A/cattle/Texas/24-008749-003/2024(H5N1)	1249	4559
PA|PP755594.1|A/cattle/Texas/24-008749-003/2024(H5N1)	1250	4703
PA|PP755594.1|A/cattle/Texas/24-008749-003/2024(H5N1)	1251	4712
PA|PP755594.1|A/cattle/Texas/24-008749-003/2024(H5N1)	1252	4710
PA|PP755594.1|A/cattle/Texas/24-008749-003/2024(H5N1)	1253	4696
PA|PP755594.1|A/cattle/Texas/24-008749-003/2024(H5N1)	1254	4687
PA|PP755594.1|A/cattle/Texas/24-008749-003/2024(H5N1)	1255	4697
PA|PP755594.1|A/cattle/Texas/24-008749-003/2024(H5N1)	1256	4758
PA|PP755594.1|A/cattle/Texas/24-008749-003/2024(H5N1)	1257	4709
PA|PP755594.1|A/cattle/Texas/24-008749-003/2024(H5N1)	1258	4718
PA|PP755594.1|A/cattle/Texas/24-008749-003/2024(H5N1)	1259	4667
PA|PP755594.1|A/cattle/Texas/24-008749-003/2024(H5N1)	1260	4684
PA|PP755594.1|A/cattle/Texas/24-008749-003/2024(H5N1)	1261	4872
PA|PP755594.1|A/cattle/Texas/24-008749-003/2024(H5N1)	1262	4764
PA|PP755594.1|A/cattle/Texas/24-008749-003/2024(H5N1)	1263	4789
PA|PP755594.1|A/cattle/Texas/24-008749-003/2024(H5N1)	1264	4776
PA|PP755594.1|A/cattle/Texas/24-008749-003/2024(H5N1)	1265	4839
PA|PP755594.1|A/cattle/Texas/24-008749-003/2024(H5N1)	1266	4933
PA|PP755594.1|A/cattle/Texas/24-008749-003/2024(H5N1)	1267	4795
PA|PP755594.1|A/cattle/Texas/24-008749-003/2024(H5N1)	1268	4795
PA|PP755594.1|A/cattle/Texas/24-008749-003/2024(H5N1)	1269	4866
PA|PP755594.1|A/cattle/Texas/24-008749-003/2024(H5N1)	1270	4879
PA|PP755594.1|A/cattle/Texas/24-008749-003/2024(H5N1)	1271	4911
PA|PP755594.1|A/cattle/Texas/24-008749-003/2024(H5N1)	1272	4913
PA|PP755594.1|A/cattle/Texas/24-008749-003/2024(H5N1)	1273	4911
PA|PP755594.1|A/cattle/Texas/24-008749-003/2024(H5N1)	1274	4911
PA|PP755594.1|A/cattle/Texas/24-008749-003/2024(H5N1)	1275	4947
PA|PP755594.1|A/cattle/Texas/24-008749-003/2024(H5N1)	1276	4954
PA|PP755594.1|A/cattle/Texas/24-008749-003/2024(H5N1)	1277	4969
PA|PP755594.1|A/cattle/Texas/24-008749-003/2024(H5N1)	1278	4973
PA|PP755594.1|A/cattle/Texas/24-008749-003/2024(H5N1)	1279	4959
PA|PP755594.1|A/cattle/Texas/24-008749-003/2024(H5N1)	1280	5041
PA|PP755594.1|A/cattle/Texas/24-008749-003/2024(H5N1)	1281	5088
PA|PP755594.1|A/cattle/Texas/24-008749-003/2024(H5N1)	1282	5094
PA|PP755594.1|A/cattle/Texas/24-008749-003/2024(H5N1)	1283	5091
PA|PP755594.1|A/cattle/Texas/24-008749-003/2024(H5N1)	1284	5031
PA|PP755594.1|A/cattle/Texas/24-008749-003/2024(H5N1)	1285	5193
PA|PP755594.1|A/cattle/Texas/24-008749-003/2024(H5N1)	1286	5325
PA|PP755594.1|A/cattle/Texas/24-008749-003/2024(H5N1)	1287	5336
PA|PP755594.1|A/cattle/Texas/24-008749-003/2024(H5N1)	1288	5345
PA|PP755594.1|A/cattle/Texas/24-008749-003/2024(H5N1)	1289	5273
PA|PP755594.1|A/cattle/Texas/24-008749-003/2024(H5N1)	1290	5172
PA|PP755594.1|A/cattle/Texas/24-008749-003/2024(H5N1)	1291	5160
PA|PP755594.1|A/cattle/Texas/24-008749-003/2024(H5N1)	1292	5273
PA|PP755594.1|A/cattle/Texas/24-008749-003/2024(H5N1)	1293	5275
PA|PP755594.1|A/cattle/Texas/24-008749-003/2024(H5N1)	1294	5139
PA|PP755594.1|A/cattle/Texas/24-008749-003/2024(H5N1)	1295	5150
PA|PP755594.1|A/cattle/Texas/24-008749-003/2024(H5N1)	1296	5160
PA|PP755594.1|A/cattle/Texas/24-008749-003/2024(H5N1)	1297	5162
PA|PP755594.1|A/cattle/Texas/24-008749-003/2024(H5N1)	1298	5080
PA|PP755594.1|A/cattle/Texas/24-008749-003/2024(H5N1)	1299	5075
PA|PP755594.1|A/cattle/Texas/24-008749-003/2024(H5N1)	1300	5074
PA|PP755594.1|A/cattle/Texas/24-008749-003/2024(H5N1)	1301	4872
PA|PP755594.1|A/cattle/Texas/24-008749-003/2024(H5N1)	1302	4867
PA|PP755594.1|A/cattle/Texas/24-008749-003/2024(H5N1)	1303	4995
PA|PP755594.1|A/cattle/Texas/24-008749-003/2024(H5N1)	1304	4998
PA|PP755594.1|A/cattle/Texas/24-008749-003/2024(H5N1)	1305	5002
PA|PP755594.1|A/cattle/Texas/24-008749-003/2024(H5N1)	1306	4985
PA|PP755594.1|A/cattle/Texas/24-008749-003/2024(H5N1)	1307	4954
PA|PP755594.1|A/cattle/Texas/24-008749-003/2024(H5N1)	1308	4950
PA|PP755594.1|A/cattle/Texas/24-008749-003/2024(H5N1)	1309	4959
PA|PP755594.1|A/cattle/Texas/24-008749-003/2024(H5N1)	1310	4963
PA|PP755594.1|A/cattle/Texas/24-008749-003/2024(H5N1)	1311	5072
PA|PP755594.1|A/cattle/Texas/24-008749-003/2024(H5N1)	1312	4970
PA|PP755594.1|A/cattle/Texas/24-008749-003/2024(H5N1)	1313	4995
PA|PP755594.1|A/cattle/Texas/24-008749-003/2024(H5N1)	1314	5012
PA|PP755594.1|A/cattle/Texas/24-008749-003/2024(H5N1)	1315	5015
PA|PP755594.1|A/cattle/Texas/24-008749-003/2024(H5N1)	1316	4423
PA|PP755594.1|A/cattle/Texas/24-008749-003/2024(H5N1)	1317	4418
PA|PP755594.1|A/cattle/Texas/24-008749-003/2024(H5N1)	1318	4465
PA|PP755594.1|A/cattle/Texas/24-008749-003/2024(H5N1)	1319	4486
PA|PP755594.1|A/cattle/Texas/24-008749-003/2024(H5N1)	1320	4411
PA|PP755594.1|A/cattle/Texas/24-008749-003/2024(H5N1)	1321	4424
PA|PP755594.1|A/cattle/Texas/24-008749-003/2024(H5N1)	1322	4454
PA|PP755594.1|A/cattle/Texas/24-008749-003/2024(H5N1)	1323	4455
PA|PP755594.1|A/cattle/Texas/24-008749-003/2024(H5N1)	1324	4458
PA|PP755594.1|A/cattle/Texas/24-008749-003/2024(H5N1)	1325	4359
PA|PP755594.1|A/cattle/Texas/24-008749-003/2024(H5N1)	1326	4364
PA|PP755594.1|A/cattle/Texas/24-008749-003/2024(H5N1)	1327	4268
PA|PP755594.1|A/cattle/Texas/24-008749-003/2024(H5N1)	1328	4241
PA|PP755594.1|A/cattle/Texas/24-008749-003/2024(H5N1)	1329	4320
PA|PP755594.1|A/cattle/Texas/24-008749-003/2024(H5N1)	1330	4293
PA|PP755594.1|A/cattle/Texas/24-008749-003/2024(H5N1)	1331	4299
PA|PP755594.1|A/cattle/Texas/24-008749-003/2024(H5N1)	1332	4347
PA|PP755594.1|A/cattle/Texas/24-008749-003/2024(H5N1)	1333	4331
PA|PP755594.1|A/cattle/Texas/24-008749-003/2024(H5N1)	1334	4350
PA|PP755594.1|A/cattle/Texas/24-008749-003/2024(H5N1)	1335	4331
PA|PP755594.1|A/cattle/Texas/24-008749-003/2024(H5N1)	1336	4321
PA|PP755594.1|A/cattle/Texas/24-008749-003/2024(H5N1)	1337	4325
PA|PP755594.1|A/cattle/Texas/24-008749-003/2024(H5N1)	1338	4317
PA|PP755594.1|A/cattle/Texas/24-008749-003/2024(H5N1)	1339	4309
PA|PP755594.1|A/cattle/Texas/24-008749-003/2024(H5N1)	1340	4312
PA|PP755594.1|A/cattle/Texas/24-008749-003/2024(H5N1)	1341	4261
PA|PP755594.1|A/cattle/Texas/24-008749-003/2024(H5N1)	1342	4269
PA|PP755594.1|A/cattle/Texas/24-008749-003/2024(H5N1)	1343	4241
PA|PP755594.1|A/cattle/Texas/24-008749-003/2024(H5N1)	1344	4244
PA|PP755594.1|A/cattle/Texas/24-008749-003/2024(H5N1)	1345	4349
PA|PP755594.1|A/cattle/Texas/24-008749-003/2024(H5N1)	1346	4337
PA|PP755594.1|A/cattle/Texas/24-008749-003/2024(H5N1)	1347	4376
PA|PP755594.1|A/cattle/Texas/24-008749-003/2024(H5N1)	1348	4248
PA|PP755594.1|A/cattle/Texas/24-008749-003/2024(H5N1)	1349	4314
PA|PP755594.1|A/cattle/Texas/24-008749-003/2024(H5N1)	1350	4326
PA|PP755594.1|A/cattle/Texas/24-008749-003/2024(H5N1)	1351	4382
PA|PP755594.1|A/cattle/Texas/24-008749-003/2024(H5N1)	1352	4377
PA|PP755594.1|A/cattle/Texas/24-008749-003/2024(H5N1)	1353	4449
PA|PP755594.1|A/cattle/Texas/24-008749-003/2024(H5N1)	1354	4388
PA|PP755594.1|A/cattle/Texas/24-008749-003/2024(H5N1)	1355	4359
PA|PP755594.1|A/cattle/Texas/24-008749-003/2024(H5N1)	1356	4410
PA|PP755594.1|A/cattle/Texas/24-008749-003/2024(H5N1)	1357	4397
PA|PP755594.1|A/cattle/Texas/24-008749-003/2024(H5N1)	1358	4372
PA|PP755594.1|A/cattle/Texas/24-008749-003/2024(H5N1)	1359	4392
PA|PP755594.1|A/cattle/Texas/24-008749-003/2024(H5N1)	1360	4321
PA|PP755594.1|A/cattle/Texas/24-008749-003/2024(H5N1)	1361	4334
PA|PP755594.1|A/cattle/Texas/24-008749-003/2024(H5N1)	1362	4348
PA|PP755594.1|A/cattle/Texas/24-008749-003/2024(H5N1)	1363	4355
PA|PP755594.1|A/cattle/Texas/24-008749-003/2024(H5N1)	1364	4338
PA|PP755594.1|A/cattle/Texas/24-008749-003/2024(H5N1)	1365	4289
PA|PP755594.1|A/cattle/Texas/24-008749-003/2024(H5N1)	1366	4370
PA|PP755594.1|A/cattle/Texas/24-008749-003/2024(H5N1)	1367	4343
PA|PP755594.1|A/cattle/Texas/24-008749-003/2024(H5N1)	1368	4331
PA|PP755594.1|A/cattle/Texas/24-008749-003/2024(H5N1)	1369	4362
PA|PP755594.1|A/cattle/Texas/24-008749-003/2024(H5N1)	1370	4372
PA|PP755594.1|A/cattle/Texas/24-008749-003/2024(H5N1)	1371	4414
PA|PP755594.1|A/cattle/Texas/24-008749-003/2024(H5N1)	1372	4415
PA|PP755594.1|A/cattle/Texas/24-008749-003/2024(H5N1)	1373	4437
PA|PP755594.1|A/cattle/Texas/24-008749-003/2024(H5N1)	1374	4424
PA|PP755594.1|A/cattle/Texas/24-008749-003/2024(H5N1)	1375	4340
PA|PP755594.1|A/cattle/Texas/24-008749-003/2024(H5N1)	1376	4359
PA|PP755594.1|A/cattle/Texas/24-008749-003/2024(H5N1)	1377	4462
PA|PP755594.1|A/cattle/Texas/24-008749-003/2024(H5N1)	1378	4487
PA|PP755594.1|A/cattle/Texas/24-008749-003/2024(H5N1)	1379	4415
PA|PP755594.1|A/cattle/Texas/24-008749-003/2024(H5N1)	1380	4397
PA|PP755594.1|A/cattle/Texas/24-008749-003/2024(H5N1)	1381	4390
PA|PP755594.1|A/cattle/Texas/24-008749-003/2024(H5N1)	1382	4362
PA|PP755594.1|A/cattle/Texas/24-008749-003/2024(H5N1)	1383	4374
PA|PP755594.1|A/cattle/Texas/24-008749-003/2024(H5N1)	1384	4390
PA|PP755594.1|A/cattle/Texas/24-008749-003/2024(H5N1)	1385	4497
PA|PP755594.1|A/cattle/Texas/24-008749-003/2024(H5N1)	1386	4471
PA|PP755594.1|A/cattle/Texas/24-008749-003/2024(H5N1)	1387	4554
PA|PP755594.1|A/cattle/Texas/24-008749-003/2024(H5N1)	1388	4567
PA|PP755594.1|A/cattle/Texas/24-008749-003/2024(H5N1)	1389	4570
PA|PP755594.1|A/cattle/Texas/24-008749-003/2024(H5N1)	1390	4608
PA|PP755594.1|A/cattle/Texas/24-008749-003/2024(H5N1)	1391	4599
PA|PP755594.1|A/cattle/Texas/24-008749-003/2024(H5N1)	1392	4810
PA|PP755594.1|A/cattle/Texas/24-008749-003/2024(H5N1)	1393	4731
PA|PP755594.1|A/cattle/Texas/24-008749-003/2024(H5N1)	1394	4721
PA|PP755594.1|A/cattle/Texas/24-008749-003/2024(H5N1)	1395	4706
PA|PP755594.1|A/cattle/Texas/24-008749-003/2024(H5N1)	1396	4646
PA|PP755594.1|A/cattle/Texas/24-008749-003/2024(H5N1)	1397	4702
PA|PP755594.1|A/cattle/Texas/24-008749-003/2024(H5N1)	1398	4692
PA|PP755594.1|A/cattle/Texas/24-008749-003/2024(H5N1)	1399	4624
PA|PP755594.1|A/cattle/Texas/24-008749-003/2024(H5N1)	1400	4631
PA|PP755594.1|A/cattle/Texas/24-008749-003/2024(H5N1)	1401	4450
PA|PP755594.1|A/cattle/Texas/24-008749-003/2024(H5N1)	1402	4688
PA|PP755594.1|A/cattle/Texas/24-008749-003/2024(H5N1)	1403	4751
PA|PP755594.1|A/cattle/Texas/24-008749-003/2024(H5N1)	1404	4759
PA|PP755594.1|A/cattle/Texas/24-008749-003/2024(H5N1)	1405	4754
PA|PP755594.1|A/cattle/Texas/24-008749-003/2024(H5N1)	1406	4724
PA|PP755594.1|A/cattle/Texas/24-008749-003/2024(H5N1)	1407	4945
PA|PP755594.1|A/cattle/Texas/24-008749-003/2024(H5N1)	1408	4944
PA|PP755594.1|A/cattle/Texas/24-008749-003/2024(H5N1)	1409	4999
PA|PP755594.1|A/cattle/Texas/24-008749-003/2024(H5N1)	1410	5103
PA|PP755594.1|A/cattle/Texas/24-008749-003/2024(H5N1)	1411	4866
PA|PP755594.1|A/cattle/Texas/24-008749-003/2024(H5N1)	1412	4868
PA|PP755594.1|A/cattle/Texas/24-008749-003/2024(H5N1)	1413	4866
PA|PP755594.1|A/cattle/Texas/24-008749-003/2024(H5N1)	1414	4842
PA|PP755594.1|A/cattle/Texas/24-008749-003/2024(H5N1)	1415	4828
PA|PP755594.1|A/cattle/Texas/24-008749-003/2024(H5N1)	1416	4805
PA|PP755594.1|A/cattle/Texas/24-008749-003/2024(H5N1)	1417	4798
PA|PP755594.1|A/cattle/Texas/24-008749-003/2024(H5N1)	1418	4809
PA|PP755594.1|A/cattle/Texas/24-008749-003/2024(H5N1)	1419	4797
PA|PP755594.1|A/cattle/Texas/24-008749-003/2024(H5N1)	1420	4691
PA|PP755594.1|A/cattle/Texas/24-008749-003/2024(H5N1)	1421	4765
PA|PP755594.1|A/cattle/Texas/24-008749-003/2024(H5N1)	1422	4764
PA|PP755594.1|A/cattle/Texas/24-008749-003/2024(H5N1)	1423	4762
PA|PP755594.1|A/cattle/Texas/24-008749-003/2024(H5N1)	1424	4768
PA|PP755594.1|A/cattle/Texas/24-008749-003/2024(H5N1)	1425	4695
PA|PP755594.1|A/cattle/Texas/24-008749-003/2024(H5N1)	1426	4810
PA|PP755594.1|A/cattle/Texas/24-008749-003/2024(H5N1)	1427	4843
PA|PP755594.1|A/cattle/Texas/24-008749-003/2024(H5N1)	1428	4831
PA|PP755594.1|A/cattle/Texas/24-008749-003/2024(H5N1)	1429	4850
PA|PP755594.1|A/cattle/Texas/24-008749-003/2024(H5N1)	1430	4784
PA|PP755594.1|A/cattle/Texas/24-008749-003/2024(H5N1)	1431	4735
PA|PP755594.1|A/cattle/Texas/24-008749-003/2024(H5N1)	1432	4703
PA|PP755594.1|A/cattle/Texas/24-008749-003/2024(H5N1)	1433	4858
PA|PP755594.1|A/cattle/Texas/24-008749-003/2024(H5N1)	1434	4854
PA|PP755594.1|A/cattle/Texas/24-008749-003/2024(H5N1)	1435	4709
PA|PP755594.1|A/cattle/Texas/24-008749-003/2024(H5N1)	1436	4627
PA|PP755594.1|A/cattle/Texas/24-008749-003/2024(H5N1)	1437	4647
PA|PP755594.1|A/cattle/Texas/24-008749-003/2024(H5N1)	1438	4656
PA|PP755594.1|A/cattle/Texas/24-008749-003/2024(H5N1)	1439	4663
PA|PP755594.1|A/cattle/Texas/24-008749-003/2024(H5N1)	1440	4660
PA|PP755594.1|A/cattle/Texas/24-008749-003/2024(H5N1)	1441	4650
PA|PP755594.1|A/cattle/Texas/24-008749-003/2024(H5N1)	1442	4653
PA|PP755594.1|A/cattle/Texas/24-008749-003/2024(H5N1)	1443	4572
PA|PP755594.1|A/cattle/Texas/24-008749-003/2024(H5N1)	1444	4576
PA|PP755594.1|A/cattle/Texas/24-008749-003/2024(H5N1)	1445	4584
PA|PP755594.1|A/cattle/Texas/24-008749-003/2024(H5N1)	1446	4574
PA|PP755594.1|A/cattle/Texas/24-008749-003/2024(H5N1)	1447	4553
PA|PP755594.1|A/cattle/Texas/24-008749-003/2024(H5N1)	1448	4541
PA|PP755594.1|A/cattle/Texas/24-008749-003/2024(H5N1)	1449	4547
PA|PP755594.1|A/cattle/Texas/24-008749-003/2024(H5N1)	1450	4739
PA|PP755594.1|A/cattle/Texas/24-008749-003/2024(H5N1)	1451	4744
PA|PP755594.1|A/cattle/Texas/24-008749-003/2024(H5N1)	1452	4755
PA|PP755594.1|A/cattle/Texas/24-008749-003/2024(H5N1)	1453	4761
PA|PP755594.1|A/cattle/Texas/24-008749-003/2024(H5N1)	1454	4675
PA|PP755594.1|A/cattle/Texas/24-008749-003/2024(H5N1)	1455	4678
PA|PP755594.1|A/cattle/Texas/24-008749-003/2024(H5N1)	1456	4733
PA|PP755594.1|A/cattle/Texas/24-008749-003/2024(H5N1)	1457	4743
PA|PP755594.1|A/cattle/Texas/24-008749-003/2024(H5N1)	1458	4730
PA|PP755594.1|A/cattle/Texas/24-008749-003/2024(H5N1)	1459	4782
PA|PP755594.1|A/cattle/Texas/24-008749-003/2024(H5N1)	1460	4775
PA|PP755594.1|A/cattle/Texas/24-008749-003/2024(H5N1)	1461	4781
PA|PP755594.1|A/cattle/Texas/24-008749-003/2024(H5N1)	1462	4683
PA|PP755594.1|A/cattle/Texas/24-008749-003/2024(H5N1)	1463	4651
PA|PP755594.1|A/cattle/Texas/24-008749-003/2024(H5N1)	1464	4766
PA|PP755594.1|A/cattle/Texas/24-008749-003/2024(H5N1)	1465	4779
PA|PP755594.1|A/cattle/Texas/24-008749-003/2024(H5N1)	1466	4774
PA|PP755594.1|A/cattle/Texas/24-008749-003/2024(H5N1)	1467	4775
PA|PP755594.1|A/cattle/Texas/24-008749-003/2024(H5N1)	1468	4742
PA|PP755594.1|A/cattle/Texas/24-008749-003/2024(H5N1)	1469	4804
PA|PP755594.1|A/cattle/Texas/24-008749-003/2024(H5N1)	1470	4850
PA|PP755594.1|A/cattle/Texas/24-008749-003/2024(H5N1)	1471	4863
PA|PP755594.1|A/cattle/Texas/24-008749-003/2024(H5N1)	1472	4863
PA|PP755594.1|A/cattle/Texas/24-008749-003/2024(H5N1)	1473	4759
PA|PP755594.1|A/cattle/Texas/24-008749-003/2024(H5N1)	1474	4800
PA|PP755594.1|A/cattle/Texas/24-008749-003/2024(H5N1)	1475	4874
PA|PP755594.1|A/cattle/Texas/24-008749-003/2024(H5N1)	1476	4875
PA|PP755594.1|A/cattle/Texas/24-008749-003/2024(H5N1)	1477	4884
PA|PP755594.1|A/cattle/Texas/24-008749-003/2024(H5N1)	1478	4824
PA|PP755594.1|A/cattle/Texas/24-008749-003/2024(H5N1)	1479	4820
PA|PP755594.1|A/cattle/Texas/24-008749-003/2024(H5N1)	1480	4811
PA|PP755594.1|A/cattle/Texas/24-008749-003/2024(H5N1)	1481	4854
PA|PP755594.1|A/cattle/Texas/24-008749-003/2024(H5N1)	1482	4942
PA|PP755594.1|A/cattle/Texas/24-008749-003/2024(H5N1)	1483	4874
PA|PP755594.1|A/cattle/Texas/24-008749-003/2024(H5N1)	1484	4875
PA|PP755594.1|A/cattle/Texas/24-008749-003/2024(H5N1)	1485	4904
PA|PP755594.1|A/cattle/Texas/24-008749-003/2024(H5N1)	1486	4893
PA|PP755594.1|A/cattle/Texas/24-008749-003/2024(H5N1)	1487	4888
PA|PP755594.1|A/cattle/Texas/24-008749-003/2024(H5N1)	1488	4905
PA|PP755594.1|A/cattle/Texas/24-008749-003/2024(H5N1)	1489	4894
PA|PP755594.1|A/cattle/Texas/24-008749-003/2024(H5N1)	1490	5021
PA|PP755594.1|A/cattle/Texas/24-008749-003/2024(H5N1)	1491	5083
PA|PP755594.1|A/cattle/Texas/24-008749-003/2024(H5N1)	1492	5108
PA|PP755594.1|A/cattle/Texas/24-008749-003/2024(H5N1)	1493	5102
PA|PP755594.1|A/cattle/Texas/24-008749-003/2024(H5N1)	1494	5094
PA|PP755594.1|A/cattle/Texas/24-008749-003/2024(H5N1)	1495	5203
PA|PP755594.1|A/cattle/Texas/24-008749-003/2024(H5N1)	1496	5123
PA|PP755594.1|A/cattle/Texas/24-008749-003/2024(H5N1)	1497	5141
PA|PP755594.1|A/cattle/Texas/24-008749-003/2024(H5N1)	1498	5035
PA|PP755594.1|A/cattle/Texas/24-008749-003/2024(H5N1)	1499	4935
PA|PP755594.1|A/cattle/Texas/24-008749-003/2024(H5N1)	1500	4984
PA|PP755594.1|A/cattle/Texas/24-008749-003/2024(H5N1)	1501	5004
PA|PP755594.1|A/cattle/Texas/24-008749-003/2024(H5N1)	1502	5002
PA|PP755594.1|A/cattle/Texas/24-008749-003/2024(H5N1)	1503	5219
PA|PP755594.1|A/cattle/Texas/24-008749-003/2024(H5N1)	1504	5153
PA|PP755594.1|A/cattle/Texas/24-008749-003/2024(H5N1)	1505	5159
PA|PP755594.1|A/cattle/Texas/24-008749-003/2024(H5N1)	1506	5211
PA|PP755594.1|A/cattle/Texas/24-008749-003/2024(H5N1)	1507	5155
PA|PP755594.1|A/cattle/Texas/24-008749-003/2024(H5N1)	1508	5156
PA|PP755594.1|A/cattle/Texas/24-008749-003/2024(H5N1)	1509	5133
PA|PP755594.1|A/cattle/Texas/24-008749-003/2024(H5N1)	1510	5116
PA|PP755594.1|A/cattle/Texas/24-008749-003/2024(H5N1)	1511	5200
PA|PP755594.1|A/cattle/Texas/24-008749-003/2024(H5N1)	1512	5196
PA|PP755594.1|A/cattle/Texas/24-008749-003/2024(H5N1)	1513	5263
PA|PP755594.1|A/cattle/Texas/24-008749-003/2024(H5N1)	1514	5248
PA|PP755594.1|A/cattle/Texas/24-008749-003/2024(H5N1)	1515	5354
PA|PP755594.1|A/cattle/Texas/24-008749-003/2024(H5N1)	1516	5374
PA|PP755594.1|A/cattle/Texas/24-008749-003/2024(H5N1)	1517	5298
PA|PP755594.1|A/cattle/Texas/24-008749-003/2024(H5N1)	1518	5277
PA|PP755594.1|A/cattle/Texas/24-008749-003/2024(H5N1)	1519	5300
PA|PP755594.1|A/cattle/Texas/24-008749-003/2024(H5N1)	1520	5263
PA|PP755594.1|A/cattle/Texas/24-008749-003/2024(H5N1)	1521	5280
PA|PP755594.1|A/cattle/Texas/24-008749-003/2024(H5N1)	1522	5237
PA|PP755594.1|A/cattle/Texas/24-008749-003/2024(H5N1)	1523	5256
PA|PP755594.1|A/cattle/Texas/24-008749-003/2024(H5N1)	1524	5288
PA|PP755594.1|A/cattle/Texas/24-008749-003/2024(H5N1)	1525	5290
PA|PP755594.1|A/cattle/Texas/24-008749-003/2024(H5N1)	1526	5274
PA|PP755594.1|A/cattle/Texas/24-008749-003/2024(H5N1)	1527	5387
PA|PP755594.1|A/cattle/Texas/24-008749-003/2024(H5N1)	1528	5303
PA|PP755594.1|A/cattle/Texas/24-008749-003/2024(H5N1)	1529	5335
PA|PP755594.1|A/cattle/Texas/24-008749-003/2024(H5N1)	1530	5347
PA|PP755594.1|A/cattle/Texas/24-008749-003/2024(H5N1)	1531	5346
PA|PP755594.1|A/cattle/Texas/24-008749-003/2024(H5N1)	1532	5335
PA|PP755594.1|A/cattle/Texas/24-008749-003/2024(H5N1)	1533	5337
PA|PP755594.1|A/cattle/Texas/24-008749-003/2024(H5N1)	1534	5332
PA|PP755594.1|A/cattle/Texas/24-008749-003/2024(H5N1)	1535	5251
PA|PP755594.1|A/cattle/Texas/24-008749-003/2024(H5N1)	1536	5258
PA|PP755594.1|A/cattle/Texas/24-008749-003/2024(H5N1)	1537	5251
PA|PP755594.1|A/cattle/Texas/24-008749-003/2024(H5N1)	1538	5177
PA|PP755594.1|A/cattle/Texas/24-008749-003/2024(H5N1)	1539	5219
PA|PP755594.1|A/cattle/Texas/24-008749-003/2024(H5N1)	1540	5203
PA|PP755594.1|A/cattle/Texas/24-008749-003/2024(H5N1)	1541	5240
PA|PP755594.1|A/cattle/Texas/24-008749-003/2024(H5N1)	1542	5030
PA|PP755594.1|A/cattle/Texas/24-008749-003/2024(H5N1)	1543	5065
PA|PP755594.1|A/cattle/Texas/24-008749-003/2024(H5N1)	1544	5080
PA|PP755594.1|A/cattle/Texas/24-008749-003/2024(H5N1)	1545	5034
PA|PP755594.1|A/cattle/Texas/24-008749-003/2024(H5N1)	1546	5036
PA|PP755594.1|A/cattle/Texas/24-008749-003/2024(H5N1)	1547	5082
PA|PP755594.1|A/cattle/Texas/24-008749-003/2024(H5N1)	1548	5031
PA|PP755594.1|A/cattle/Texas/24-008749-003/2024(H5N1)	1549	5159
PA|PP755594.1|A/cattle/Texas/24-008749-003/2024(H5N1)	1550	5132
PA|PP755594.1|A/cattle/Texas/24-008749-003/2024(H5N1)	1551	5140
PA|PP755594.1|A/cattle/Texas/24-008749-003/2024(H5N1)	1552	5176
PA|PP755594.1|A/cattle/Texas/24-008749-003/2024(H5N1)	1553	4934
PA|PP755594.1|A/cattle/Texas/24-008749-003/2024(H5N1)	1554	4931
PA|PP755594.1|A/cattle/Texas/24-008749-003/2024(H5N1)	1555	4923
PA|PP755594.1|A/cattle/Texas/24-008749-003/2024(H5N1)	1556	4916
PA|PP755594.1|A/cattle/Texas/24-008749-003/2024(H5N1)	1557	4826
PA|PP755594.1|A/cattle/Texas/24-008749-003/2024(H5N1)	1558	4724
PA|PP755594.1|A/cattle/Texas/24-008749-003/2024(H5N1)	1559	4743
PA|PP755594.1|A/cattle/Texas/24-008749-003/2024(H5N1)	1560	4668
PA|PP755594.1|A/cattle/Texas/24-008749-003/2024(H5N1)	1561	4584
PA|PP755594.1|A/cattle/Texas/24-008749-003/2024(H5N1)	1562	4576
PA|PP755594.1|A/cattle/Texas/24-008749-003/2024(H5N1)	1563	4576
PA|PP755594.1|A/cattle/Texas/24-008749-003/2024(H5N1)	1564	4566
PA|PP755594.1|A/cattle/Texas/24-008749-003/2024(H5N1)	1565	4580
PA|PP755594.1|A/cattle/Texas/24-008749-003/2024(H5N1)	1566	4476
PA|PP755594.1|A/cattle/Texas/24-008749-003/2024(H5N1)	1567	4490
PA|PP755594.1|A/cattle/Texas/24-008749-003/2024(H5N1)	1568	4494
PA|PP755594.1|A/cattle/Texas/24-008749-003/2024(H5N1)	1569	4489
PA|PP755594.1|A/cattle/Texas/24-008749-003/2024(H5N1)	1570	4504
PA|PP755594.1|A/cattle/Texas/24-008749-003/2024(H5N1)	1571	4503
PA|PP755594.1|A/cattle/Texas/24-008749-003/2024(H5N1)	1572	4436
PA|PP755594.1|A/cattle/Texas/24-008749-003/2024(H5N1)	1573	4434
PA|PP755594.1|A/cattle/Texas/24-008749-003/2024(H5N1)	1574	4426
PA|PP755594.1|A/cattle/Texas/24-008749-003/2024(H5N1)	1575	4428
PA|PP755594.1|A/cattle/Texas/24-008749-003/2024(H5N1)	1576	4390
PA|PP755594.1|A/cattle/Texas/24-008749-003/2024(H5N1)	1577	4432
PA|PP755594.1|A/cattle/Texas/24-008749-003/2024(H5N1)	1578	4425
PA|PP755594.1|A/cattle/Texas/24-008749-003/2024(H5N1)	1579	4414
PA|PP755594.1|A/cattle/Texas/24-008749-003/2024(H5N1)	1580	4420
PA|PP755594.1|A/cattle/Texas/24-008749-003/2024(H5N1)	1581	4435
PA|PP755594.1|A/cattle/Texas/24-008749-003/2024(H5N1)	1582	4431
PA|PP755594.1|A/cattle/Texas/24-008749-003/2024(H5N1)	1583	4439
PA|PP755594.1|A/cattle/Texas/24-008749-003/2024(H5N1)	1584	4282
PA|PP755594.1|A/cattle/Texas/24-008749-003/2024(H5N1)	1585	4307
PA|PP755594.1|A/cattle/Texas/24-008749-003/2024(H5N1)	1586	4260
PA|PP755594.1|A/cattle/Texas/24-008749-003/2024(H5N1)	1587	4243
PA|PP755594.1|A/cattle/Texas/24-008749-003/2024(H5N1)	1588	4254
PA|PP755594.1|A/cattle/Texas/24-008749-003/2024(H5N1)	1589	4257
PA|PP755594.1|A/cattle/Texas/24-008749-003/2024(H5N1)	1590	4247
PA|PP755594.1|A/cattle/Texas/24-008749-003/2024(H5N1)	1591	4278
PA|PP755594.1|A/cattle/Texas/24-008749-003/2024(H5N1)	1592	4463
PA|PP755594.1|A/cattle/Texas/24-008749-003/2024(H5N1)	1593	4514
PA|PP755594.1|A/cattle/Texas/24-008749-003/2024(H5N1)	1594	4521
PA|PP755594.1|A/cattle/Texas/24-008749-003/2024(H5N1)	1595	4510
PA|PP755594.1|A/cattle/Texas/24-008749-003/2024(H5N1)	1596	4478
PA|PP755594.1|A/cattle/Texas/24-008749-003/2024(H5N1)	1597	4524
PA|PP755594.1|A/cattle/Texas/24-008749-003/2024(H5N1)	1598	4647
PA|PP755594.1|A/cattle/Texas/24-008749-003/2024(H5N1)	1599	4657
PA|PP755594.1|A/cattle/Texas/24-008749-003/2024(H5N1)	1600	4659
PA|PP755594.1|A/cattle/Texas/24-008749-003/2024(H5N1)	1601	4444
PA|PP755594.1|A/cattle/Texas/24-008749-003/2024(H5N1)	1602	4452
PA|PP755594.1|A/cattle/Texas/24-008749-003/2024(H5N1)	1603	4485
PA|PP755594.1|A/cattle/Texas/24-008749-003/2024(H5N1)	1604	4485
PA|PP755594.1|A/cattle/Texas/24-008749-003/2024(H5N1)	1605	4476
PA|PP755594.1|A/cattle/Texas/24-008749-003/2024(H5N1)	1606	4419
PA|PP755594.1|A/cattle/Texas/24-008749-003/2024(H5N1)	1607	4434
PA|PP755594.1|A/cattle/Texas/24-008749-003/2024(H5N1)	1608	4421
PA|PP755594.1|A/cattle/Texas/24-008749-003/2024(H5N1)	1609	4561
PA|PP755594.1|A/cattle/Texas/24-008749-003/2024(H5N1)	1610	4525
PA|PP755594.1|A/cattle/Texas/24-008749-003/2024(H5N1)	1611	4517
PA|PP755594.1|A/cattle/Texas/24-008749-003/2024(H5N1)	1612	4584
PA|PP755594.1|A/cattle/Texas/24-008749-003/2024(H5N1)	1613	4600
PA|PP755594.1|A/cattle/Texas/24-008749-003/2024(H5N1)	1614	4724
PA|PP755594.1|A/cattle/Texas/24-008749-003/2024(H5N1)	1615	4602
PA|PP755594.1|A/cattle/Texas/24-008749-003/2024(H5N1)	1616	4586
PA|PP755594.1|A/cattle/Texas/24-008749-003/2024(H5N1)	1617	4662
PA|PP755594.1|A/cattle/Texas/24-008749-003/2024(H5N1)	1618	4666
PA|PP755594.1|A/cattle/Texas/24-008749-003/2024(H5N1)	1619	4661
PA|PP755594.1|A/cattle/Texas/24-008749-003/2024(H5N1)	1620	4550
PA|PP755594.1|A/cattle/Texas/24-008749-003/2024(H5N1)	1621	4535
PA|PP755594.1|A/cattle/Texas/24-008749-003/2024(H5N1)	1622	4589
PA|PP755594.1|A/cattle/Texas/24-008749-003/2024(H5N1)	1623	4589
PA|PP755594.1|A/cattle/Texas/24-008749-003/2024(H5N1)	1624	4678
PA|PP755594.1|A/cattle/Texas/24-008749-003/2024(H5N1)	1625	4662
PA|PP755594.1|A/cattle/Texas/24-008749-003/2024(H5N1)	1626	4586
PA|PP755594.1|A/cattle/Texas/24-008749-003/2024(H5N1)	1627	4584
PA|PP755594.1|A/cattle/Texas/24-008749-003/2024(H5N1)	1628	4576
PA|PP755594.1|A/cattle/Texas/24-008749-003/2024(H5N1)	1629	4591
PA|PP755594.1|A/cattle/Texas/24-008749-003/2024(H5N1)	1630	4594
PA|PP755594.1|A/cattle/Texas/24-008749-003/2024(H5N1)	1631	4603
PA|PP755594.1|A/cattle/Texas/24-008749-003/2024(H5N1)	1632	4623
PA|PP755594.1|A/cattle/Texas/24-008749-003/2024(H5N1)	1633	4555
PA|PP755594.1|A/cattle/Texas/24-008749-003/2024(H5N1)	1634	4564
PA|PP755594.1|A/cattle/Texas/24-008749-003/2024(H5N1)	1635	4539
PA|PP755594.1|A/cattle/Texas/24-008749-003/2024(H5N1)	1636	4534
PA|PP755594.1|A/cattle/Texas/24-008749-003/2024(H5N1)	1637	4542
PA|PP755594.1|A/cattle/Texas/24-008749-003/2024(H5N1)	1638	4575
PA|PP755594.1|A/cattle/Texas/24-008749-003/2024(H5N1)	1639	4588
PA|PP755594.1|A/cattle/Texas/24-008749-003/2024(H5N1)	1640	4566
PA|PP755594.1|A/cattle/Texas/24-008749-003/2024(H5N1)	1641	4437
PA|PP755594.1|A/cattle/Texas/24-008749-003/2024(H5N1)	1642	4427
PA|PP755594.1|A/cattle/Texas/24-008749-003/2024(H5N1)	1643	4489
PA|PP755594.1|A/cattle/Texas/24-008749-003/2024(H5N1)	1644	4493
PA|PP755594.1|A/cattle/Texas/24-008749-003/2024(H5N1)	1645	4619
PA|PP755594.1|A/cattle/Texas/24-008749-003/2024(H5N1)	1646	4602
PA|PP755594.1|A/cattle/Texas/24-008749-003/2024(H5N1)	1647	4673
PA|PP755594.1|A/cattle/Texas/24-008749-003/2024(H5N1)	1648	4612
PA|PP755594.1|A/cattle/Texas/24-008749-003/2024(H5N1)	1649	4653
PA|PP755594.1|A/cattle/Texas/24-008749-003/2024(H5N1)	1650	4666
PA|PP755594.1|A/cattle/Texas/24-008749-003/2024(H5N1)	1651	4620
PA|PP755594.1|A/cattle/Texas/24-008749-003/2024(H5N1)	1652	4615
PA|PP755594.1|A/cattle/Texas/24-008749-003/2024(H5N1)	1653	4708
PA|PP755594.1|A/cattle/Texas/24-008749-003/2024(H5N1)	1654	4477
PA|PP755594.1|A/cattle/Texas/24-008749-003/2024(H5N1)	1655	4511
PA|PP755594.1|A/cattle/Texas/24-008749-003/2024(H5N1)	1656	4440
PA|PP755594.1|A/cattle/Texas/24-008749-003/2024(H5N1)	1657	4637
PA|PP755594.1|A/cattle/Texas/24-008749-003/2024(H5N1)	1658	4657
PA|PP755594.1|A/cattle/Texas/24-008749-003/2024(H5N1)	1659	4655
PA|PP755594.1|A/cattle/Texas/24-008749-003/2024(H5N1)	1660	4647
PA|PP755594.1|A/cattle/Texas/24-008749-003/2024(H5N1)	1661	4625
PA|PP755594.1|A/cattle/Texas/24-008749-003/2024(H5N1)	1662	4544
PA|PP755594.1|A/cattle/Texas/24-008749-003/2024(H5N1)	1663	4559
PA|PP755594.1|A/cattle/Texas/24-008749-003/2024(H5N1)	1664	4628
PA|PP755594.1|A/cattle/Texas/24-008749-003/2024(H5N1)	1665	4618
PA|PP755594.1|A/cattle/Texas/24-008749-003/2024(H5N1)	1666	4497
PA|PP755594.1|A/cattle/Texas/24-008749-003/2024(H5N1)	1667	4485
PA|PP755594.1|A/cattle/Texas/24-008749-003/2024(H5N1)	1668	4491
PA|PP755594.1|A/cattle/Texas/24-008749-003/2024(H5N1)	1669	4667
PA|PP755594.1|A/cattle/Texas/24-008749-003/2024(H5N1)	1670	4744
PA|PP755594.1|A/cattle/Texas/24-008749-003/2024(H5N1)	1671	4763
PA|PP755594.1|A/cattle/Texas/24-008749-003/2024(H5N1)	1672	4752
PA|PP755594.1|A/cattle/Texas/24-008749-003/2024(H5N1)	1673	4758
PA|PP755594.1|A/cattle/Texas/24-008749-003/2024(H5N1)	1674	4738
PA|PP755594.1|A/cattle/Texas/24-008749-003/2024(H5N1)	1675	4753
PA|PP755594.1|A/cattle/Texas/24-008749-003/2024(H5N1)	1676	4776
PA|PP755594.1|A/cattle/Texas/24-008749-003/2024(H5N1)	1677	4785
PA|PP755594.1|A/cattle/Texas/24-008749-003/2024(H5N1)	1678	4630
PA|PP755594.1|A/cattle/Texas/24-008749-003/2024(H5N1)	1679	4698
PA|PP755594.1|A/cattle/Texas/24-008749-003/2024(H5N1)	1680	4644
PA|PP755594.1|A/cattle/Texas/24-008749-003/2024(H5N1)	1681	4714
PA|PP755594.1|A/cattle/Texas/24-008749-003/2024(H5N1)	1682	4716
PA|PP755594.1|A/cattle/Texas/24-008749-003/2024(H5N1)	1683	4768
PA|PP755594.1|A/cattle/Texas/24-008749-003/2024(H5N1)	1684	4851
PA|PP755594.1|A/cattle/Texas/24-008749-003/2024(H5N1)	1685	4865
PA|PP755594.1|A/cattle/Texas/24-008749-003/2024(H5N1)	1686	4815
PA|PP755594.1|A/cattle/Texas/24-008749-003/2024(H5N1)	1687	4813
PA|PP755594.1|A/cattle/Texas/24-008749-003/2024(H5N1)	1688	4790
PA|PP755594.1|A/cattle/Texas/24-008749-003/2024(H5N1)	1689	4854
PA|PP755594.1|A/cattle/Texas/24-008749-003/2024(H5N1)	1690	4806
PA|PP755594.1|A/cattle/Texas/24-008749-003/2024(H5N1)	1691	4808
PA|PP755594.1|A/cattle/Texas/24-008749-003/2024(H5N1)	1692	4773
PA|PP755594.1|A/cattle/Texas/24-008749-003/2024(H5N1)	1693	4801
PA|PP755594.1|A/cattle/Texas/24-008749-003/2024(H5N1)	1694	4757
PA|PP755594.1|A/cattle/Texas/24-008749-003/2024(H5N1)	1695	4741
PA|PP755594.1|A/cattle/Texas/24-008749-003/2024(H5N1)	1696	4702
PA|PP755594.1|A/cattle/Texas/24-008749-003/2024(H5N1)	1697	4701
PA|PP755594.1|A/cattle/Texas/24-008749-003/2024(H5N1)	1698	4683
PA|PP755594.1|A/cattle/Texas/24-008749-003/2024(H5N1)	1699	4681
PA|PP755594.1|A/cattle/Texas/24-008749-003/2024(H5N1)	1700	4615
PA|PP755594.1|A/cattle/Texas/24-008749-003/2024(H5N1)	1701	4590
PA|PP755594.1|A/cattle/Texas/24-008749-003/2024(H5N1)	1702	4578
PA|PP755594.1|A/cattle/Texas/24-008749-003/2024(H5N1)	1703	4600
PA|PP755594.1|A/cattle/Texas/24-008749-003/2024(H5N1)	1704	4616
PA|PP755594.1|A/cattle/Texas/24-008749-003/2024(H5N1)	1705	4614
PA|PP755594.1|A/cattle/Texas/24-008749-003/2024(H5N1)	1706	4622
PA|PP755594.1|A/cattle/Texas/24-008749-003/2024(H5N1)	1707	4593
PA|PP755594.1|A/cattle/Texas/24-008749-003/2024(H5N1)	1708	4570
PA|PP755594.1|A/cattle/Texas/24-008749-003/2024(H5N1)	1709	4559
PA|PP755594.1|A/cattle/Texas/24-008749-003/2024(H5N1)	1710	4542
PA|PP755594.1|A/cattle/Texas/24-008749-003/2024(H5N1)	1711	4577
PA|PP755594.1|A/cattle/Texas/24-008749-003/2024(H5N1)	1712	4570
PA|PP755594.1|A/cattle/Texas/24-008749-003/2024(H5N1)	1713	4569
PA|PP755594.1|A/cattle/Texas/24-008749-003/2024(H5N1)	1714	4573
PA|PP755594.1|A/cattle/Texas/24-008749-003/2024(H5N1)	1715	4562
PA|PP755594.1|A/cattle/Texas/24-008749-003/2024(H5N1)	1716	4554
PA|PP755594.1|A/cattle/Texas/24-008749-003/2024(H5N1)	1717	4601
PA|PP755594.1|A/cattle/Texas/24-008749-003/2024(H5N1)	1718	4585
PA|PP755594.1|A/cattle/Texas/24-008749-003/2024(H5N1)	1719	4610
PA|PP755594.1|A/cattle/Texas/24-008749-003/2024(H5N1)	1720	4594
PA|PP755594.1|A/cattle/Texas/24-008749-003/2024(H5N1)	1721	4617
PA|PP755594.1|A/cattle/Texas/24-008749-003/2024(H5N1)	1722	4616
PA|PP755594.1|A/cattle/Texas/24-008749-003/2024(H5N1)	1723	4617
PA|PP755594.1|A/cattle/Texas/24-008749-003/2024(H5N1)	1724	4618
PA|PP755594.1|A/cattle/Texas/24-008749-003/2024(H5N1)	1725	4634
PA|PP755594.1|A/cattle/Texas/24-008749-003/2024(H5N1)	1726	4531
PA|PP755594.1|A/cattle/Texas/24-008749-003/2024(H5N1)	1727	4531
PA|PP755594.1|A/cattle/Texas/24-008749-003/2024(H5N1)	1728	4491
PA|PP755594.1|A/cattle/Texas/24-008749-003/2024(H5N1)	1729	4500
PA|PP755594.1|A/cattle/Texas/24-008749-003/2024(H5N1)	1730	4499
PA|PP755594.1|A/cattle/Texas/24-008749-003/2024(H5N1)	1731	4601
PA|PP755594.1|A/cattle/Texas/24-008749-003/2024(H5N1)	1732	4641
PA|PP755594.1|A/cattle/Texas/24-008749-003/2024(H5N1)	1733	4733
PA|PP755594.1|A/cattle/Texas/24-008749-003/2024(H5N1)	1734	4702
PA|PP755594.1|A/cattle/Texas/24-008749-003/2024(H5N1)	1735	4726
PA|PP755594.1|A/cattle/Texas/24-008749-003/2024(H5N1)	1736	4710
PA|PP755594.1|A/cattle/Texas/24-008749-003/2024(H5N1)	1737	4711
PA|PP755594.1|A/cattle/Texas/24-008749-003/2024(H5N1)	1738	4873
PA|PP755594.1|A/cattle/Texas/24-008749-003/2024(H5N1)	1739	4940
PA|PP755594.1|A/cattle/Texas/24-008749-003/2024(H5N1)	1740	4954
PA|PP755594.1|A/cattle/Texas/24-008749-003/2024(H5N1)	1741	4990
PA|PP755594.1|A/cattle/Texas/24-008749-003/2024(H5N1)	1742	4921
PA|PP755594.1|A/cattle/Texas/24-008749-003/2024(H5N1)	1743	4756
PA|PP755594.1|A/cattle/Texas/24-008749-003/2024(H5N1)	1744	4822
PA|PP755594.1|A/cattle/Texas/24-008749-003/2024(H5N1)	1745	4876
PA|PP755594.1|A/cattle/Texas/24-008749-003/2024(H5N1)	1746	4884
PA|PP755594.1|A/cattle/Texas/24-008749-003/2024(H5N1)	1747	4700
PA|PP755594.1|A/cattle/Texas/24-008749-003/2024(H5N1)	1748	4696
PA|PP755594.1|A/cattle/Texas/24-008749-003/2024(H5N1)	1749	4701
PA|PP755594.1|A/cattle/Texas/24-008749-003/2024(H5N1)	1750	4742
PA|PP755594.1|A/cattle/Texas/24-008749-003/2024(H5N1)	1751	4924
PA|PP755594.1|A/cattle/Texas/24-008749-003/2024(H5N1)	1752	4935
PA|PP755594.1|A/cattle/Texas/24-008749-003/2024(H5N1)	1753	4987
PA|PP755594.1|A/cattle/Texas/24-008749-003/2024(H5N1)	1754	4960
PA|PP755594.1|A/cattle/Texas/24-008749-003/2024(H5N1)	1755	4992
PA|PP755594.1|A/cattle/Texas/24-008749-003/2024(H5N1)	1756	5150
PA|PP755594.1|A/cattle/Texas/24-008749-003/2024(H5N1)	1757	5146
PA|PP755594.1|A/cattle/Texas/24-008749-003/2024(H5N1)	1758	5158
PA|PP755594.1|A/cattle/Texas/24-008749-003/2024(H5N1)	1759	5153
PA|PP755594.1|A/cattle/Texas/24-008749-003/2024(H5N1)	1760	5002
PA|PP755594.1|A/cattle/Texas/24-008749-003/2024(H5N1)	1761	4994
PA|PP755594.1|A/cattle/Texas/24-008749-003/2024(H5N1)	1762	4984
PA|PP755594.1|A/cattle/Texas/24-008749-003/2024(H5N1)	1763	5047
PA|PP755594.1|A/cattle/Texas/24-008749-003/2024(H5N1)	1764	5073
PA|PP755594.1|A/cattle/Texas/24-008749-003/2024(H5N1)	1765	4953
PA|PP755594.1|A/cattle/Texas/24-008749-003/2024(H5N1)	1766	5064
PA|PP755594.1|A/cattle/Texas/24-008749-003/2024(H5N1)	1767	5059
PA|PP755594.1|A/cattle/Texas/24-008749-003/2024(H5N1)	1768	5012
PA|PP755594.1|A/cattle/Texas/24-008749-003/2024(H5N1)	1769	5015
PA|PP755594.1|A/cattle/Texas/24-008749-003/2024(H5N1)	1770	5014
PA|PP755594.1|A/cattle/Texas/24-008749-003/2024(H5N1)	1771	5062
PA|PP755594.1|A/cattle/Texas/24-008749-003/2024(H5N1)	1772	5014
PA|PP755594.1|A/cattle/Texas/24-008749-003/2024(H5N1)	1773	4973
PA|PP755594.1|A/cattle/Texas/24-008749-003/2024(H5N1)	1774	4973
PA|PP755594.1|A/cattle/Texas/24-008749-003/2024(H5N1)	1775	4888
PA|PP755594.1|A/cattle/Texas/24-008749-003/2024(H5N1)	1776	4882
PA|PP755594.1|A/cattle/Texas/24-008749-003/2024(H5N1)	1777	4879
PA|PP755594.1|A/cattle/Texas/24-008749-003/2024(H5N1)	1778	4855
PA|PP755594.1|A/cattle/Texas/24-008749-003/2024(H5N1)	1779	4902
PA|PP755594.1|A/cattle/Texas/24-008749-003/2024(H5N1)	1780	4883
PA|PP755594.1|A/cattle/Texas/24-008749-003/2024(H5N1)	1781	4961
PA|PP755594.1|A/cattle/Texas/24-008749-003/2024(H5N1)	1782	4909
PA|PP755594.1|A/cattle/Texas/24-008749-003/2024(H5N1)	1783	4893
PA|PP755594.1|A/cattle/Texas/24-008749-003/2024(H5N1)	1784	4892
PA|PP755594.1|A/cattle/Texas/24-008749-003/2024(H5N1)	1785	4940
PA|PP755594.1|A/cattle/Texas/24-008749-003/2024(H5N1)	1786	4990
PA|PP755594.1|A/cattle/Texas/24-008749-003/2024(H5N1)	1787	4983
PA|PP755594.1|A/cattle/Texas/24-008749-003/2024(H5N1)	1788	4944
PA|PP755594.1|A/cattle/Texas/24-008749-003/2024(H5N1)	1789	4942
PA|PP755594.1|A/cattle/Texas/24-008749-003/2024(H5N1)	1790	4841
PA|PP755594.1|A/cattle/Texas/24-008749-003/2024(H5N1)	1791	4856
PA|PP755594.1|A/cattle/Texas/24-008749-003/2024(H5N1)	1792	4963
PA|PP755594.1|A/cattle/Texas/24-008749-003/2024(H5N1)	1793	4977
PA|PP755594.1|A/cattle/Texas/24-008749-003/2024(H5N1)	1794	4907
PA|PP755594.1|A/cattle/Texas/24-008749-003/2024(H5N1)	1795	4902
PA|PP755594.1|A/cattle/Texas/24-008749-003/2024(H5N1)	1796	4722
PA|PP755594.1|A/cattle/Texas/24-008749-003/2024(H5N1)	1797	4725
PA|PP755594.1|A/cattle/Texas/24-008749-003/2024(H5N1)	1798	4650
PA|PP755594.1|A/cattle/Texas/24-008749-003/2024(H5N1)	1799	4646
PA|PP755594.1|A/cattle/Texas/24-008749-003/2024(H5N1)	1800	4591
PA|PP755594.1|A/cattle/Texas/24-008749-003/2024(H5N1)	1801	4893
PA|PP755594.1|A/cattle/Texas/24-008749-003/2024(H5N1)	1802	4845
PA|PP755594.1|A/cattle/Texas/24-008749-003/2024(H5N1)	1803	4860
PA|PP755594.1|A/cattle/Texas/24-008749-003/2024(H5N1)	1804	4925
PA|PP755594.1|A/cattle/Texas/24-008749-003/2024(H5N1)	1805	5064
PA|PP755594.1|A/cattle/Texas/24-008749-003/2024(H5N1)	1806	5061
PA|PP755594.1|A/cattle/Texas/24-008749-003/2024(H5N1)	1807	5070
PA|PP755594.1|A/cattle/Texas/24-008749-003/2024(H5N1)	1808	4903
PA|PP755594.1|A/cattle/Texas/24-008749-003/2024(H5N1)	1809	4889
PA|PP755594.1|A/cattle/Texas/24-008749-003/2024(H5N1)	1810	5036
PA|PP755594.1|A/cattle/Texas/24-008749-003/2024(H5N1)	1811	5050
PA|PP755594.1|A/cattle/Texas/24-008749-003/2024(H5N1)	1812	5060
PA|PP755594.1|A/cattle/Texas/24-008749-003/2024(H5N1)	1813	5009
PA|PP755594.1|A/cattle/Texas/24-008749-003/2024(H5N1)	1814	4987
PA|PP755594.1|A/cattle/Texas/24-008749-003/2024(H5N1)	1815	5023
PA|PP755594.1|A/cattle/Texas/24-008749-003/2024(H5N1)	1816	5131
PA|PP755594.1|A/cattle/Texas/24-008749-003/2024(H5N1)	1817	5111
PA|PP755594.1|A/cattle/Texas/24-008749-003/2024(H5N1)	1818	5111
PA|PP755594.1|A/cattle/Texas/24-008749-003/2024(H5N1)	1819	5012
PA|PP755594.1|A/cattle/Texas/24-008749-003/2024(H5N1)	1820	4862
PA|PP755594.1|A/cattle/Texas/24-008749-003/2024(H5N1)	1821	4942
PA|PP755594.1|A/cattle/Texas/24-008749-003/2024(H5N1)	1822	4935
PA|PP755594.1|A/cattle/Texas/24-008749-003/2024(H5N1)	1823	4938
PA|PP755594.1|A/cattle/Texas/24-008749-003/2024(H5N1)	1824	4852
PA|PP755594.1|A/cattle/Texas/24-008749-003/2024(H5N1)	1825	4834
PA|PP755594.1|A/cattle/Texas/24-008749-003/2024(H5N1)	1826	4832
PA|PP755594.1|A/cattle/Texas/24-008749-003/2024(H5N1)	1827	4806
PA|PP755594.1|A/cattle/Texas/24-008749-003/2024(H5N1)	1828	4810
PA|PP755594.1|A/cattle/Texas/24-008749-003/2024(H5N1)	1829	4881
PA|PP755594.1|A/cattle/Texas/24-008749-003/2024(H5N1)	1830	4813
PA|PP755594.1|A/cattle/Texas/24-008749-003/2024(H5N1)	1831	4823
PA|PP755594.1|A/cattle/Texas/24-008749-003/2024(H5N1)	1832	4753
PA|PP755594.1|A/cattle/Texas/24-008749-003/2024(H5N1)	1833	4693
PA|PP755594.1|A/cattle/Texas/24-008749-003/2024(H5N1)	1834	4605
PA|PP755594.1|A/cattle/Texas/24-008749-003/2024(H5N1)	1835	4605
PA|PP755594.1|A/cattle/Texas/24-008749-003/2024(H5N1)	1836	4569
PA|PP755594.1|A/cattle/Texas/24-008749-003/2024(H5N1)	1837	4546
PA|PP755594.1|A/cattle/Texas/24-008749-003/2024(H5N1)	1838	4523
PA|PP755594.1|A/cattle/Texas/24-008749-003/2024(H5N1)	1839	4536
PA|PP755594.1|A/cattle/Texas/24-008749-003/2024(H5N1)	1840	4472
PA|PP755594.1|A/cattle/Texas/24-008749-003/2024(H5N1)	1841	4470
PA|PP755594.1|A/cattle/Texas/24-008749-003/2024(H5N1)	1842	4438
PA|PP755594.1|A/cattle/Texas/24-008749-003/2024(H5N1)	1843	4484
PA|PP755594.1|A/cattle/Texas/24-008749-003/2024(H5N1)	1844	4478
PA|PP755594.1|A/cattle/Texas/24-008749-003/2024(H5N1)	1845	4496
PA|PP755594.1|A/cattle/Texas/24-008749-003/2024(H5N1)	1846	4514
PA|PP755594.1|A/cattle/Texas/24-008749-003/2024(H5N1)	1847	4513
PA|PP755594.1|A/cattle/Texas/24-008749-003/2024(H5N1)	1848	4488
PA|PP755594.1|A/cattle/Texas/24-008749-003/2024(H5N1)	1849	4480
PA|PP755594.1|A/cattle/Texas/24-008749-003/2024(H5N1)	1850	4482
PA|PP755594.1|A/cattle/Texas/24-008749-003/2024(H5N1)	1851	4455
PA|PP755594.1|A/cattle/Texas/24-008749-003/2024(H5N1)	1852	4423
PA|PP755594.1|A/cattle/Texas/24-008749-003/2024(H5N1)	1853	4403
PA|PP755594.1|A/cattle/Texas/24-008749-003/2024(H5N1)	1854	4383
PA|PP755594.1|A/cattle/Texas/24-008749-003/2024(H5N1)	1855	4370
PA|PP755594.1|A/cattle/Texas/24-008749-003/2024(H5N1)	1856	4368
PA|PP755594.1|A/cattle/Texas/24-008749-003/2024(H5N1)	1857	4381
PA|PP755594.1|A/cattle/Texas/24-008749-003/2024(H5N1)	1858	4479
PA|PP755594.1|A/cattle/Texas/24-008749-003/2024(H5N1)	1859	4492
PA|PP755594.1|A/cattle/Texas/24-008749-003/2024(H5N1)	1860	4478
PA|PP755594.1|A/cattle/Texas/24-008749-003/2024(H5N1)	1861	4516
PA|PP755594.1|A/cattle/Texas/24-008749-003/2024(H5N1)	1862	4499
PA|PP755594.1|A/cattle/Texas/24-008749-003/2024(H5N1)	1863	4544
PA|PP755594.1|A/cattle/Texas/24-008749-003/2024(H5N1)	1864	4541
PA|PP755594.1|A/cattle/Texas/24-008749-003/2024(H5N1)	1865	4595
PA|PP755594.1|A/cattle/Texas/24-008749-003/2024(H5N1)	1866	4564
PA|PP755594.1|A/cattle/Texas/24-008749-003/2024(H5N1)	1867	4578
PA|PP755594.1|A/cattle/Texas/24-008749-003/2024(H5N1)	1868	4566
PA|PP755594.1|A/cattle/Texas/24-008749-003/2024(H5N1)	1869	4579
PA|PP755594.1|A/cattle/Texas/24-008749-003/2024(H5N1)	1870	4579
PA|PP755594.1|A/cattle/Texas/24-008749-003/2024(H5N1)	1871	4538
PA|PP755594.1|A/cattle/Texas/24-008749-003/2024(H5N1)	1872	4827
PA|PP755594.1|A/cattle/Texas/24-008749-003/2024(H5N1)	1873	4894
PA|PP755594.1|A/cattle/Texas/24-008749-003/2024(H5N1)	1874	4893
PA|PP755594.1|A/cattle/Texas/24-008749-003/2024(H5N1)	1875	4865
PA|PP755594.1|A/cattle/Texas/24-008749-003/2024(H5N1)	1876	4849
PA|PP755594.1|A/cattle/Texas/24-008749-003/2024(H5N1)	1877	4862
PA|PP755594.1|A/cattle/Texas/24-008749-003/2024(H5N1)	1878	4861
PA|PP755594.1|A/cattle/Texas/24-008749-003/2024(H5N1)	1879	4910
PA|PP755594.1|A/cattle/Texas/24-008749-003/2024(H5N1)	1880	4965
PA|PP755594.1|A/cattle/Texas/24-008749-003/2024(H5N1)	1881	4880
PA|PP755594.1|A/cattle/Texas/24-008749-003/2024(H5N1)	1882	4854
PA|PP755594.1|A/cattle/Texas/24-008749-003/2024(H5N1)	1883	4957
PA|PP755594.1|A/cattle/Texas/24-008749-003/2024(H5N1)	1884	4914
PA|PP755594.1|A/cattle/Texas/24-008749-003/2024(H5N1)	1885	4997
PA|PP755594.1|A/cattle/Texas/24-008749-003/2024(H5N1)	1886	4966
PA|PP755594.1|A/cattle/Texas/24-008749-003/2024(H5N1)	1887	4974
PA|PP755594.1|A/cattle/Texas/24-008749-003/2024(H5N1)	1888	4913
PA|PP755594.1|A/cattle/Texas/24-008749-003/2024(H5N1)	1889	4742
PA|PP755594.1|A/cattle/Texas/24-008749-003/2024(H5N1)	1890	4711
PA|PP755594.1|A/cattle/Texas/24-008749-003/2024(H5N1)	1891	4652
PA|PP755594.1|A/cattle/Texas/24-008749-003/2024(H5N1)	1892	4738
PA|PP755594.1|A/cattle/Texas/24-008749-003/2024(H5N1)	1893	4735
PA|PP755594.1|A/cattle/Texas/24-008749-003/2024(H5N1)	1894	4629
PA|PP755594.1|A/cattle/Texas/24-008749-003/2024(H5N1)	1895	4647
PA|PP755594.1|A/cattle/Texas/24-008749-003/2024(H5N1)	1896	4649
PA|PP755594.1|A/cattle/Texas/24-008749-003/2024(H5N1)	1897	4705
PA|PP755594.1|A/cattle/Texas/24-008749-003/2024(H5N1)	1898	4727
PA|PP755594.1|A/cattle/Texas/24-008749-003/2024(H5N1)	1899	4712
PA|PP755594.1|A/cattle/Texas/24-008749-003/2024(H5N1)	1900	4705
PA|PP755594.1|A/cattle/Texas/24-008749-003/2024(H5N1)	1901	4644
PA|PP755594.1|A/cattle/Texas/24-008749-003/2024(H5N1)	1902	4486
PA|PP755594.1|A/cattle/Texas/24-008749-003/2024(H5N1)	1903	4518
PA|PP755594.1|A/cattle/Texas/24-008749-003/2024(H5N1)	1904	4449
PA|PP755594.1|A/cattle/Texas/24-008749-003/2024(H5N1)	1905	4446
PA|PP755594.1|A/cattle/Texas/24-008749-003/2024(H5N1)	1906	4472
PA|PP755594.1|A/cattle/Texas/24-008749-003/2024(H5N1)	1907	4305
PA|PP755594.1|A/cattle/Texas/24-008749-003/2024(H5N1)	1908	4404
PA|PP755594.1|A/cattle/Texas/24-008749-003/2024(H5N1)	1909	4394
PA|PP755594.1|A/cattle/Texas/24-008749-003/2024(H5N1)	1910	4398
PA|PP755594.1|A/cattle/Texas/24-008749-003/2024(H5N1)	1911	4391
PA|PP755594.1|A/cattle/Texas/24-008749-003/2024(H5N1)	1912	4365
PA|PP755594.1|A/cattle/Texas/24-008749-003/2024(H5N1)	1913	4405
PA|PP755594.1|A/cattle/Texas/24-008749-003/2024(H5N1)	1914	4425
PA|PP755594.1|A/cattle/Texas/24-008749-003/2024(H5N1)	1915	4368
PA|PP755594.1|A/cattle/Texas/24-008749-003/2024(H5N1)	1916	4477
PA|PP755594.1|A/cattle/Texas/24-008749-003/2024(H5N1)	1917	4360
PA|PP755594.1|A/cattle/Texas/24-008749-003/2024(H5N1)	1918	4367
PA|PP755594.1|A/cattle/Texas/24-008749-003/2024(H5N1)	1919	4359
PA|PP755594.1|A/cattle/Texas/24-008749-003/2024(H5N1)	1920	4355
PA|PP755594.1|A/cattle/Texas/24-008749-003/2024(H5N1)	1921	4357
PA|PP755594.1|A/cattle/Texas/24-008749-003/2024(H5N1)	1922	4314
PA|PP755594.1|A/cattle/Texas/24-008749-003/2024(H5N1)	1923	4340
PA|PP755594.1|A/cattle/Texas/24-008749-003/2024(H5N1)	1924	4332
PA|PP755594.1|A/cattle/Texas/24-008749-003/2024(H5N1)	1925	4419
PA|PP755594.1|A/cattle/Texas/24-008749-003/2024(H5N1)	1926	4654
PA|PP755594.1|A/cattle/Texas/24-008749-003/2024(H5N1)	1927	4651
PA|PP755594.1|A/cattle/Texas/24-008749-003/2024(H5N1)	1928	4666
PA|PP755594.1|A/cattle/Texas/24-008749-003/2024(H5N1)	1929	4698
PA|PP755594.1|A/cattle/Texas/24-008749-003/2024(H5N1)	1930	4681
PA|PP755594.1|A/cattle/Texas/24-008749-003/2024(H5N1)	1931	4602
PA|PP755594.1|A/cattle/Texas/24-008749-003/2024(H5N1)	1932	4550
PA|PP755594.1|A/cattle/Texas/24-008749-003/2024(H5N1)	1933	4640
PA|PP755594.1|A/cattle/Texas/24-008749-003/2024(H5N1)	1934	4713
PA|PP755594.1|A/cattle/Texas/24-008749-003/2024(H5N1)	1935	4741
PA|PP755594.1|A/cattle/Texas/24-008749-003/2024(H5N1)	1936	4695
PA|PP755594.1|A/cattle/Texas/24-008749-003/2024(H5N1)	1937	4654
PA|PP755594.1|A/cattle/Texas/24-008749-003/2024(H5N1)	1938	4656
PA|PP755594.1|A/cattle/Texas/24-008749-003/2024(H5N1)	1939	4641
PA|PP755594.1|A/cattle/Texas/24-008749-003/2024(H5N1)	1940	4640
PA|PP755594.1|A/cattle/Texas/24-008749-003/2024(H5N1)	1941	4627
PA|PP755594.1|A/cattle/Texas/24-008749-003/2024(H5N1)	1942	4511
PA|PP755594.1|A/cattle/Texas/24-008749-003/2024(H5N1)	1943	4796
PA|PP755594.1|A/cattle/Texas/24-008749-003/2024(H5N1)	1944	4842
PA|PP755594.1|A/cattle/Texas/24-008749-003/2024(H5N1)	1945	4843
PA|PP755594.1|A/cattle/Texas/24-008749-003/2024(H5N1)	1946	4844
PA|PP755594.1|A/cattle/Texas/24-008749-003/2024(H5N1)	1947	4921
PA|PP755594.1|A/cattle/Texas/24-008749-003/2024(H5N1)	1948	4938
PA|PP755594.1|A/cattle/Texas/24-008749-003/2024(H5N1)	1949	5001
PA|PP755594.1|A/cattle/Texas/24-008749-003/2024(H5N1)	1950	5001
PA|PP755594.1|A/cattle/Texas/24-008749-003/2024(H5N1)	1951	4998
PA|PP755594.1|A/cattle/Texas/24-008749-003/2024(H5N1)	1952	4674
PA|PP755594.1|A/cattle/Texas/24-008749-003/2024(H5N1)	1953	4595
PA|PP755594.1|A/cattle/Texas/24-008749-003/2024(H5N1)	1954	4605
PA|PP755594.1|A/cattle/Texas/24-008749-003/2024(H5N1)	1955	4559
PA|PP755594.1|A/cattle/Texas/24-008749-003/2024(H5N1)	1956	4432
PA|PP755594.1|A/cattle/Texas/24-008749-003/2024(H5N1)	1957	4491
PA|PP755594.1|A/cattle/Texas/24-008749-003/2024(H5N1)	1958	4475
PA|PP755594.1|A/cattle/Texas/24-008749-003/2024(H5N1)	1959	4456
PA|PP755594.1|A/cattle/Texas/24-008749-003/2024(H5N1)	1960	4367
PA|PP755594.1|A/cattle/Texas/24-008749-003/2024(H5N1)	1961	4413
PA|PP755594.1|A/cattle/Texas/24-008749-003/2024(H5N1)	1962	4414
PA|PP755594.1|A/cattle/Texas/24-008749-003/2024(H5N1)	1963	4406
PA|PP755594.1|A/cattle/Texas/24-008749-003/2024(H5N1)	1964	4392
PA|PP755594.1|A/cattle/Texas/24-008749-003/2024(H5N1)	1965	4302
PA|PP755594.1|A/cattle/Texas/24-008749-003/2024(H5N1)	1966	4218
PA|PP755594.1|A/cattle/Texas/24-008749-003/2024(H5N1)	1967	4223
PA|PP755594.1|A/cattle/Texas/24-008749-003/2024(H5N1)	1968	4224
PA|PP755594.1|A/cattle/Texas/24-008749-003/2024(H5N1)	1969	4222
PA|PP755594.1|A/cattle/Texas/24-008749-003/2024(H5N1)	1970	4234
PA|PP755594.1|A/cattle/Texas/24-008749-003/2024(H5N1)	1971	4263
PA|PP755594.1|A/cattle/Texas/24-008749-003/2024(H5N1)	1972	4205
PA|PP755594.1|A/cattle/Texas/24-008749-003/2024(H5N1)	1973	4203
PA|PP755594.1|A/cattle/Texas/24-008749-003/2024(H5N1)	1974	4237
PA|PP755594.1|A/cattle/Texas/24-008749-003/2024(H5N1)	1975	4235
PA|PP755594.1|A/cattle/Texas/24-008749-003/2024(H5N1)	1976	4230
PA|PP755594.1|A/cattle/Texas/24-008749-003/2024(H5N1)	1977	4228
PA|PP755594.1|A/cattle/Texas/24-008749-003/2024(H5N1)	1978	4229
PA|PP755594.1|A/cattle/Texas/24-008749-003/2024(H5N1)	1979	4324
PA|PP755594.1|A/cattle/Texas/24-008749-003/2024(H5N1)	1980	4192
PA|PP755594.1|A/cattle/Texas/24-008749-003/2024(H5N1)	1981	4206
PA|PP755594.1|A/cattle/Texas/24-008749-003/2024(H5N1)	1982	4222
PA|PP755594.1|A/cattle/Texas/24-008749-003/2024(H5N1)	1983	4227
PA|PP755594.1|A/cattle/Texas/24-008749-003/2024(H5N1)	1984	4237
PA|PP755594.1|A/cattle/Texas/24-008749-003/2024(H5N1)	1985	4249
PA|PP755594.1|A/cattle/Texas/24-008749-003/2024(H5N1)	1986	4256
PA|PP755594.1|A/cattle/Texas/24-008749-003/2024(H5N1)	1987	4257
PA|PP755594.1|A/cattle/Texas/24-008749-003/2024(H5N1)	1988	4260
PA|PP755594.1|A/cattle/Texas/24-008749-003/2024(H5N1)	1989	4332
PA|PP755594.1|A/cattle/Texas/24-008749-003/2024(H5N1)	1990	4319
PA|PP755594.1|A/cattle/Texas/24-008749-003/2024(H5N1)	1991	4336
PA|PP755594.1|A/cattle/Texas/24-008749-003/2024(H5N1)	1992	4336
PA|PP755594.1|A/cattle/Texas/24-008749-003/2024(H5N1)	1993	4415
PA|PP755594.1|A/cattle/Texas/24-008749-003/2024(H5N1)	1994	4346
PA|PP755594.1|A/cattle/Texas/24-008749-003/2024(H5N1)	1995	4328
PA|PP755594.1|A/cattle/Texas/24-008749-003/2024(H5N1)	1996	4309
PA|PP755594.1|A/cattle/Texas/24-008749-003/2024(H5N1)	1997	4307
PA|PP755594.1|A/cattle/Texas/24-008749-003/2024(H5N1)	1998	4326
PA|PP755594.1|A/cattle/Texas/24-008749-003/2024(H5N1)	1999	4358
PA|PP755594.1|A/cattle/Texas/24-008749-003/2024(H5N1)	2000	4386
PA|PP755594.1|A/cattle/Texas/24-008749-003/2024(H5N1)	2001	4447
PA|PP755594.1|A/cattle/Texas/24-008749-003/2024(H5N1)	2002	4470
PA|PP755594.1|A/cattle/Texas/24-008749-003/2024(H5N1)	2003	4502
PA|PP755594.1|A/cattle/Texas/24-008749-003/2024(H5N1)	2004	4520
PA|PP755594.1|A/cattle/Texas/24-008749-003/2024(H5N1)	2005	4569
PA|PP755594.1|A/cattle/Texas/24-008749-003/2024(H5N1)	2006	4572
PA|PP755594.1|A/cattle/Texas/24-008749-003/2024(H5N1)	2007	4565
PA|PP755594.1|A/cattle/Texas/24-008749-003/2024(H5N1)	2008	4549
PA|PP755594.1|A/cattle/Texas/24-008749-003/2024(H5N1)	2009	4432
PA|PP755594.1|A/cattle/Texas/24-008749-003/2024(H5N1)	2010	4423
PA|PP755594.1|A/cattle/Texas/24-008749-003/2024(H5N1)	2011	4485
PA|PP755594.1|A/cattle/Texas/24-008749-003/2024(H5N1)	2012	4443
PA|PP755594.1|A/cattle/Texas/24-008749-003/2024(H5N1)	2013	4449
PA|PP755594.1|A/cattle/Texas/24-008749-003/2024(H5N1)	2014	4489
PA|PP755594.1|A/cattle/Texas/24-008749-003/2024(H5N1)	2015	4425
PA|PP755594.1|A/cattle/Texas/24-008749-003/2024(H5N1)	2016	4429
PA|PP755594.1|A/cattle/Texas/24-008749-003/2024(H5N1)	2017	4430
PA|PP755594.1|A/cattle/Texas/24-008749-003/2024(H5N1)	2018	4420
PA|PP755594.1|A/cattle/Texas/24-008749-003/2024(H5N1)	2019	4471
PA|PP755594.1|A/cattle/Texas/24-008749-003/2024(H5N1)	2020	4470
PA|PP755594.1|A/cattle/Texas/24-008749-003/2024(H5N1)	2021	4441
PA|PP755594.1|A/cattle/Texas/24-008749-003/2024(H5N1)	2022	4348
PA|PP755594.1|A/cattle/Texas/24-008749-003/2024(H5N1)	2023	4206
PA|PP755594.1|A/cattle/Texas/24-008749-003/2024(H5N1)	2024	4199
PA|PP755594.1|A/cattle/Texas/24-008749-003/2024(H5N1)	2025	4216
PA|PP755594.1|A/cattle/Texas/24-008749-003/2024(H5N1)	2026	4213
PA|PP755594.1|A/cattle/Texas/24-008749-003/2024(H5N1)	2027	4206
PA|PP755594.1|A/cattle/Texas/24-008749-003/2024(H5N1)	2028	4202
PA|PP755594.1|A/cattle/Texas/24-008749-003/2024(H5N1)	2029	4251
PA|PP755594.1|A/cattle/Texas/24-008749-003/2024(H5N1)	2030	4227
PA|PP755594.1|A/cattle/Texas/24-008749-003/2024(H5N1)	2031	4185
PA|PP755594.1|A/cattle/Texas/24-008749-003/2024(H5N1)	2032	4347
PA|PP755594.1|A/cattle/Texas/24-008749-003/2024(H5N1)	2033	4200
PA|PP755594.1|A/cattle/Texas/24-008749-003/2024(H5N1)	2034	4336
PA|PP755594.1|A/cattle/Texas/24-008749-003/2024(H5N1)	2035	4337
PA|PP755594.1|A/cattle/Texas/24-008749-003/2024(H5N1)	2036	4351
PA|PP755594.1|A/cattle/Texas/24-008749-003/2024(H5N1)	2037	4381
PA|PP755594.1|A/cattle/Texas/24-008749-003/2024(H5N1)	2038	4374
PA|PP755594.1|A/cattle/Texas/24-008749-003/2024(H5N1)	2039	4383
PA|PP755594.1|A/cattle/Texas/24-008749-003/2024(H5N1)	2040	4303
PA|PP755594.1|A/cattle/Texas/24-008749-003/2024(H5N1)	2041	4279
PA|PP755594.1|A/cattle/Texas/24-008749-003/2024(H5N1)	2042	4452
PA|PP755594.1|A/cattle/Texas/24-008749-003/2024(H5N1)	2043	4392
PA|PP755594.1|A/cattle/Texas/24-008749-003/2024(H5N1)	2044	4390
PA|PP755594.1|A/cattle/Texas/24-008749-003/2024(H5N1)	2045	4418
PA|PP755594.1|A/cattle/Texas/24-008749-003/2024(H5N1)	2046	4353
PA|PP755594.1|A/cattle/Texas/24-008749-003/2024(H5N1)	2047	4342
PA|PP755594.1|A/cattle/Texas/24-008749-003/2024(H5N1)	2048	4334
PA|PP755594.1|A/cattle/Texas/24-008749-003/2024(H5N1)	2049	4339
PA|PP755594.1|A/cattle/Texas/24-008749-003/2024(H5N1)	2050	4336
PA|PP755594.1|A/cattle/Texas/24-008749-003/2024(H5N1)	2051	4332
PA|PP755594.1|A/cattle/Texas/24-008749-003/2024(H5N1)	2052	4334
PA|PP755594.1|A/cattle/Texas/24-008749-003/2024(H5N1)	2053	4368
PA|PP755594.1|A/cattle/Texas/24-008749-003/2024(H5N1)	2054	4319
PA|PP755594.1|A/cattle/Texas/24-008749-003/2024(H5N1)	2055	4353
PA|PP755594.1|A/cattle/Texas/24-008749-003/2024(H5N1)	2056	4285
PA|PP755594.1|A/cattle/Texas/24-008749-003/2024(H5N1)	2057	4272
PA|PP755594.1|A/cattle/Texas/24-008749-003/2024(H5N1)	2058	4687
PA|PP755594.1|A/cattle/Texas/24-008749-003/2024(H5N1)	2059	4624
PA|PP755594.1|A/cattle/Texas/24-008749-003/2024(H5N1)	2060	4671
PA|PP755594.1|A/cattle/Texas/24-008749-003/2024(H5N1)	2061	4666
PA|PP755594.1|A/cattle/Texas/24-008749-003/2024(H5N1)	2062	4569
PA|PP755594.1|A/cattle/Texas/24-008749-003/2024(H5N1)	2063	4609
PA|PP755594.1|A/cattle/Texas/24-008749-003/2024(H5N1)	2064	4550
PA|PP755594.1|A/cattle/Texas/24-008749-003/2024(H5N1)	2065	4549
PA|PP755594.1|A/cattle/Texas/24-008749-003/2024(H5N1)	2066	4569
PA|PP755594.1|A/cattle/Texas/24-008749-003/2024(H5N1)	2067	4421
PA|PP755594.1|A/cattle/Texas/24-008749-003/2024(H5N1)	2068	4477
PA|PP755594.1|A/cattle/Texas/24-008749-003/2024(H5N1)	2069	4470
PA|PP755594.1|A/cattle/Texas/24-008749-003/2024(H5N1)	2070	4467
PA|PP755594.1|A/cattle/Texas/24-008749-003/2024(H5N1)	2071	4470
PA|PP755594.1|A/cattle/Texas/24-008749-003/2024(H5N1)	2072	4454
PA|PP755594.1|A/cattle/Texas/24-008749-003/2024(H5N1)	2073	4456
PA|PP755594.1|A/cattle/Texas/24-008749-003/2024(H5N1)	2074	4425
PA|PP755594.1|A/cattle/Texas/24-008749-003/2024(H5N1)	2075	4304
PA|PP755594.1|A/cattle/Texas/24-008749-003/2024(H5N1)	2076	4318
PA|PP755594.1|A/cattle/Texas/24-008749-003/2024(H5N1)	2077	4052
PA|PP755594.1|A/cattle/Texas/24-008749-003/2024(H5N1)	2078	4047
PA|PP755594.1|A/cattle/Texas/24-008749-003/2024(H5N1)	2079	4000
PA|PP755594.1|A/cattle/Texas/24-008749-003/2024(H5N1)	2080	3985
PA|PP755594.1|A/cattle/Texas/24-008749-003/2024(H5N1)	2081	3979
PA|PP755594.1|A/cattle/Texas/24-008749-003/2024(H5N1)	2082	3988
PA|PP755594.1|A/cattle/Texas/24-008749-003/2024(H5N1)	2083	3988
PA|PP755594.1|A/cattle/Texas/24-008749-003/2024(H5N1)	2084	3914
PA|PP755594.1|A/cattle/Texas/24-008749-003/2024(H5N1)	2085	3820
PA|PP755594.1|A/cattle/Texas/24-008749-003/2024(H5N1)	2086	3787
PA|PP755594.1|A/cattle/Texas/24-008749-003/2024(H5N1)	2087	3782
PA|PP755594.1|A/cattle/Texas/24-008749-003/2024(H5N1)	2088	3767
PA|PP755594.1|A/cattle/Texas/24-008749-003/2024(H5N1)	2089	3762
PA|PP755594.1|A/cattle/Texas/24-008749-003/2024(H5N1)	2090	3767
PA|PP755594.1|A/cattle/Texas/24-008749-003/2024(H5N1)	2091	3706
PA|PP755594.1|A/cattle/Texas/24-008749-003/2024(H5N1)	2092	3702
PA|PP755594.1|A/cattle/Texas/24-008749-003/2024(H5N1)	2093	3467
PA|PP755594.1|A/cattle/Texas/24-008749-003/2024(H5N1)	2094	3410
PA|PP755594.1|A/cattle/Texas/24-008749-003/2024(H5N1)	2095	3406
PA|PP755594.1|A/cattle/Texas/24-008749-003/2024(H5N1)	2096	3412
PA|PP755594.1|A/cattle/Texas/24-008749-003/2024(H5N1)	2097	3414
PA|PP755594.1|A/cattle/Texas/24-008749-003/2024(H5N1)	2098	3345
PA|PP755594.1|A/cattle/Texas/24-008749-003/2024(H5N1)	2099	3323
PA|PP755594.1|A/cattle/Texas/24-008749-003/2024(H5N1)	2100	3258
PA|PP755594.1|A/cattle/Texas/24-008749-003/2024(H5N1)	2101	3250
PA|PP755594.1|A/cattle/Texas/24-008749-003/2024(H5N1)	2102	3239
PA|PP755594.1|A/cattle/Texas/24-008749-003/2024(H5N1)	2103	3230
PA|PP755594.1|A/cattle/Texas/24-008749-003/2024(H5N1)	2104	3223
PA|PP755594.1|A/cattle/Texas/24-008749-003/2024(H5N1)	2105	3187
PA|PP755594.1|A/cattle/Texas/24-008749-003/2024(H5N1)	2106	3174
PA|PP755594.1|A/cattle/Texas/24-008749-003/2024(H5N1)	2107	3135
PA|PP755594.1|A/cattle/Texas/24-008749-003/2024(H5N1)	2108	3091
PA|PP755594.1|A/cattle/Texas/24-008749-003/2024(H5N1)	2109	3089
PA|PP755594.1|A/cattle/Texas/24-008749-003/2024(H5N1)	2110	3088
PA|PP755594.1|A/cattle/Texas/24-008749-003/2024(H5N1)	2111	3080
PA|PP755594.1|A/cattle/Texas/24-008749-003/2024(H5N1)	2112	3007
PA|PP755594.1|A/cattle/Texas/24-008749-003/2024(H5N1)	2113	3008
PA|PP755594.1|A/cattle/Texas/24-008749-003/2024(H5N1)	2114	3005
PA|PP755594.1|A/cattle/Texas/24-008749-003/2024(H5N1)	2115	2999
PA|PP755594.1|A/cattle/Texas/24-008749-003/2024(H5N1)	2116	3003
PA|PP755594.1|A/cattle/Texas/24-008749-003/2024(H5N1)	2117	2973
PA|PP755594.1|A/cattle/Texas/24-008749-003/2024(H5N1)	2118	2984
PA|PP755594.1|A/cattle/Texas/24-008749-003/2024(H5N1)	2119	2975
PA|PP755594.1|A/cattle/Texas/24-008749-003/2024(H5N1)	2120	2964
PA|PP755594.1|A/cattle/Texas/24-008749-003/2024(H5N1)	2121	2911
PA|PP755594.1|A/cattle/Texas/24-008749-003/2024(H5N1)	2122	2877
PA|PP755594.1|A/cattle/Texas/24-008749-003/2024(H5N1)	2123	2876
PA|PP755594.1|A/cattle/Texas/24-008749-003/2024(H5N1)	2124	2873
PA|PP755594.1|A/cattle/Texas/24-008749-003/2024(H5N1)	2125	2831
PA|PP755594.1|A/cattle/Texas/24-008749-003/2024(H5N1)	2126	2824
PA|PP755594.1|A/cattle/Texas/24-008749-003/2024(H5N1)	2127	2717
PA|PP755594.1|A/cattle/Texas/24-008749-003/2024(H5N1)	2128	2709
PA|PP755594.1|A/cattle/Texas/24-008749-003/2024(H5N1)	2129	2708
PA|PP755594.1|A/cattle/Texas/24-008749-003/2024(H5N1)	2130	2706
PA|PP755594.1|A/cattle/Texas/24-008749-003/2024(H5N1)	2131	2690
PA|PP755594.1|A/cattle/Texas/24-008749-003/2024(H5N1)	2132	2666
PA|PP755594.1|A/cattle/Texas/24-008749-003/2024(H5N1)	2133	2654
PA|PP755594.1|A/cattle/Texas/24-008749-003/2024(H5N1)	2134	2646
PA|PP755594.1|A/cattle/Texas/24-008749-003/2024(H5N1)	2135	2632
PA|PP755594.1|A/cattle/Texas/24-008749-003/2024(H5N1)	2136	2612
PA|PP755594.1|A/cattle/Texas/24-008749-003/2024(H5N1)	2137	2599
PA|PP755594.1|A/cattle/Texas/24-008749-003/2024(H5N1)	2138	2570
PA|PP755594.1|A/cattle/Texas/24-008749-003/2024(H5N1)	2139	2525
PA|PP755594.1|A/cattle/Texas/24-008749-003/2024(H5N1)	2140	2518
PA|PP755594.1|A/cattle/Texas/24-008749-003/2024(H5N1)	2141	2513
PA|PP755594.1|A/cattle/Texas/24-008749-003/2024(H5N1)	2142	2493
PA|PP755594.1|A/cattle/Texas/24-008749-003/2024(H5N1)	2143	2489
PA|PP755594.1|A/cattle/Texas/24-008749-003/2024(H5N1)	2144	2389
PA|PP755594.1|A/cattle/Texas/24-008749-003/2024(H5N1)	2145	2389
PA|PP755594.1|A/cattle/Texas/24-008749-003/2024(H5N1)	2146	2379
PA|PP755594.1|A/cattle/Texas/24-008749-003/2024(H5N1)	2147	2376
PA|PP755594.1|A/cattle/Texas/24-008749-003/2024(H5N1)	2148	2363
PA|PP755594.1|A/cattle/Texas/24-008749-003/2024(H5N1)	2149	2342
PA|PP755594.1|A/cattle/Texas/24-008749-003/2024(H5N1)	2150	2297
PA|PP755594.1|A/cattle/Texas/24-008749-003/2024(H5N1)	2151	2278
