PB1|PP755595.1|A/cattle/Texas/24-008749-003/2024(H5N1)	1	1198
PB1|PP755595.1|A/cattle/Texas/24-008749-003/2024(H5N1)	2	1200
PB1|PP755595.1|A/cattle/Texas/24-008749-003/2024(H5N1)	3	1205
PB1|PP755595.1|A/cattle/Texas/24-008749-003/2024(H5N1)	4	1217
PB1|PP755595.1|A/cattle/Texas/24-008749-003/2024(H5N1)	5	1243
PB1|PP755595.1|A/cattle/Texas/24-008749-003/2024(H5N1)	6	1256
PB1|PP755595.1|A/cattle/Texas/24-008749-003/2024(H5N1)	7	1256
PB1|PP755595.1|A/cattle/Texas/24-008749-003/2024(H5N1)	8	1259
PB1|PP755595.1|A/cattle/Texas/24-008749-003/2024(H5N1)	9	1271
PB1|PP755595.1|A/cattle/Texas/24-008749-003/2024(H5N1)	10	1275
PB1|PP755595.1|A/cattle/Texas/24-008749-003/2024(H5N1)	11	1282
PB1|PP755595.1|A/cattle/Texas/24-008749-003/2024(H5N1)	12	1283
PB1|PP755595.1|A/cattle/Texas/24-008749-003/2024(H5N1)	13	1285
PB1|PP755595.1|A/cattle/Texas/24-008749-003/2024(H5N1)	14	1292
PB1|PP755595.1|A/cattle/Texas/24-008749-003/2024(H5N1)	15	1304
PB1|PP755595.1|A/cattle/Texas/24-008749-003/2024(H5N1)	16	1331
PB1|PP755595.1|A/cattle/Texas/24-008749-003/2024(H5N1)	17	1336
PB1|PP755595.1|A/cattle/Texas/24-008749-003/2024(H5N1)	18	1339
PB1|PP755595.1|A/cattle/Texas/24-008749-003/2024(H5N1)	19	1349
PB1|PP755595.1|A/cattle/Texas/24-008749-003/2024(H5N1)	20	1351
PB1|PP755595.1|A/cattle/Texas/24-008749-003/2024(H5N1)	21	1351
PB1|PP755595.1|A/cattle/Texas/24-008749-003/2024(H5N1)	22	1352
PB1|PP755595.1|A/cattle/Texas/24-008749-003/2024(H5N1)	23	1352
PB1|PP755595.1|A/cattle/Texas/24-008749-003/2024(H5N1)	24	1353
PB1|PP755595.1|A/cattle/Texas/24-008749-003/2024(H5N1)	25	1355
PB1|PP755595.1|A/cattle/Texas/24-008749-003/2024(H5N1)	26	1391
PB1|PP755595.1|A/cattle/Texas/24-008749-003/2024(H5N1)	27	1392
PB1|PP755595.1|A/cattle/Texas/24-008749-003/2024(H5N1)	28	1396
PB1|PP755595.1|A/cattle/Texas/24-008749-003/2024(H5N1)	29	1396
PB1|PP755595.1|A/cattle/Texas/24-008749-003/2024(H5N1)	30	1399
PB1|PP755595.1|A/cattle/Texas/24-008749-003/2024(H5N1)	31	1401
PB1|PP755595.1|A/cattle/Texas/24-008749-003/2024(H5N1)	32	1411
PB1|PP755595.1|A/cattle/Texas/24-008749-003/2024(H5N1)	33	1413
PB1|PP755595.1|A/cattle/Texas/24-008749-003/2024(H5N1)	34	1429
PB1|PP755595.1|A/cattle/Texas/24-008749-003/2024(H5N1)	35	1440
PB1|PP755595.1|A/cattle/Texas/24-008749-003/2024(H5N1)	36	1441
PB1|PP755595.1|A/cattle/Texas/24-008749-003/2024(H5N1)	37	1443
PB1|PP755595.1|A/cattle/Texas/24-008749-003/2024(H5N1)	38	1447
PB1|PP755595.1|A/cattle/Texas/24-008749-003/2024(H5N1)	39	1448
PB1|PP755595.1|A/cattle/Texas/24-008749-003/2024(H5N1)	40	1512
PB1|PP755595.1|A/cattle/Texas/24-008749-003/2024(H5N1)	41	1533
PB1|PP755595.1|A/cattle/Texas/24-008749-003/2024(H5N1)	42	1533
PB1|PP755595.1|A/cattle/Texas/24-008749-003/2024(H5N1)	43	1540
PB1|PP755595.1|A/cattle/Texas/24-008749-003/2024(H5N1)	44	1557
PB1|PP755595.1|A/cattle/Texas/24-008749-003/2024(H5N1)	45	1564
PB1|PP755595.1|A/cattle/Texas/24-008749-003/2024(H5N1)	46	1565
PB1|PP755595.1|A/cattle/Texas/24-008749-003/2024(H5N1)	47	1589
PB1|PP755595.1|A/cattle/Texas/24-008749-003/2024(H5N1)	48	1649
PB1|PP755595.1|A/cattle/Texas/24-008749-003/2024(H5N1)	49	1684
PB1|PP755595.1|A/cattle/Texas/24-008749-003/2024(H5N1)	50	1689
PB1|PP755595.1|A/cattle/Texas/24-008749-003/2024(H5N1)	51	1702
PB1|PP755595.1|A/cattle/Texas/24-008749-003/2024(H5N1)	52	1709
PB1|PP755595.1|A/cattle/Texas/24-008749-003/2024(H5N1)	53	1714
PB1|PP755595.1|A/cattle/Texas/24-008749-003/2024(H5N1)	54	1769
PB1|PP755595.1|A/cattle/Texas/24-008749-003/2024(H5N1)	55	1769
PB1|PP755595.1|A/cattle/Texas/24-008749-003/2024(H5N1)	56	1796
PB1|PP755595.1|A/cattle/Texas/24-008749-003/2024(H5N1)	57	1802
PB1|PP755595.1|A/cattle/Texas/24-008749-003/2024(H5N1)	58	1821
PB1|PP755595.1|A/cattle/Texas/24-008749-003/2024(H5N1)	59	1841
PB1|PP755595.1|A/cattle/Texas/24-008749-003/2024(H5N1)	60	1842
PB1|PP755595.1|A/cattle/Texas/24-008749-003/2024(H5N1)	61	1858
PB1|PP755595.1|A/cattle/Texas/24-008749-003/2024(H5N1)	62	1865
PB1|PP755595.1|A/cattle/Texas/24-008749-003/2024(H5N1)	63	1870
PB1|PP755595.1|A/cattle/Texas/24-008749-003/2024(H5N1)	64	1885
PB1|PP755595.1|A/cattle/Texas/24-008749-003/2024(H5N1)	65	1886
PB1|PP755595.1|A/cattle/Texas/24-008749-003/2024(H5N1)	66	2073
PB1|PP755595.1|A/cattle/Texas/24-008749-003/2024(H5N1)	67	2076
PB1|PP755595.1|A/cattle/Texas/24-008749-003/2024(H5N1)	68	2076
PB1|PP755595.1|A/cattle/Texas/24-008749-003/2024(H5N1)	69	2076
PB1|PP755595.1|A/cattle/Texas/24-008749-003/2024(H5N1)	70	2091
PB1|PP755595.1|A/cattle/Texas/24-008749-003/2024(H5N1)	71	2172
PB1|PP755595.1|A/cattle/Texas/24-008749-003/2024(H5N1)	72	2192
PB1|PP755595.1|A/cattle/Texas/24-008749-003/2024(H5N1)	73	2210
PB1|PP755595.1|A/cattle/Texas/24-008749-003/2024(H5N1)	74	2236
PB1|PP755595.1|A/cattle/Texas/24-008749-003/2024(H5N1)	75	2251
PB1|PP755595.1|A/cattle/Texas/24-008749-003/2024(H5N1)	76	2272
PB1|PP755595.1|A/cattle/Texas/24-008749-003/2024(H5N1)	77	2280
PB1|PP755595.1|A/cattle/Texas/24-008749-003/2024(H5N1)	78	2289
PB1|PP755595.1|A/cattle/Texas/24-008749-003/2024(H5N1)	79	2290
PB1|PP755595.1|A/cattle/Texas/24-008749-003/2024(H5N1)	80	2324
PB1|PP755595.1|A/cattle/Texas/24-008749-003/2024(H5N1)	81	2331
PB1|PP755595.1|A/cattle/Texas/24-008749-003/2024(H5N1)	82	2415
PB1|PP755595.1|A/cattle/Texas/24-008749-003/2024(H5N1)	83	2418
PB1|PP755595.1|A/cattle/Texas/24-008749-003/2024(H5N1)	84	2424
PB1|PP755595.1|A/cattle/Texas/24-008749-003/2024(H5N1)	85	2510
PB1|PP755595.1|A/cattle/Texas/24-008749-003/2024(H5N1)	86	2517
PB1|PP755595.1|A/cattle/Texas/24-008749-003/2024(H5N1)	87	2525
PB1|PP755595.1|A/cattle/Texas/24-008749-003/2024(H5N1)	88	2525
PB1|PP755595.1|A/cattle/Texas/24-008749-003/2024(H5N1)	89	2525
PB1|PP755595.1|A/cattle/Texas/24-008749-003/2024(H5N1)	90	2525
PB1|PP755595.1|A/cattle/Texas/24-008749-003/2024(H5N1)	91	2526
PB1|PP755595.1|A/cattle/Texas/24-008749-003/2024(H5N1)	92	2574
PB1|PP755595.1|A/cattle/Texas/24-008749-003/2024(H5N1)	93	2601
PB1|PP755595.1|A/cattle/Texas/24-008749-003/2024(H5N1)	94	2595
PB1|PP755595.1|A/cattle/Texas/24-008749-003/2024(H5N1)	95	2599
PB1|PP755595.1|A/cattle/Texas/24-008749-003/2024(H5N1)	96	2600
PB1|PP755595.1|A/cattle/Texas/24-008749-003/2024(H5N1)	97	2601
PB1|PP755595.1|A/cattle/Texas/24-008749-003/2024(H5N1)	98	2627
PB1|PP755595.1|A/cattle/Texas/24-008749-003/2024(H5N1)	99	2630
PB1|PP755595.1|A/cattle/Texas/24-008749-003/2024(H5N1)	100	2630
PB1|PP755595.1|A/cattle/Texas/24-008749-003/2024(H5N1)	101	2624
PB1|PP755595.1|A/cattle/Texas/24-008749-003/2024(H5N1)	102	2604
PB1|PP755595.1|A/cattle/Texas/24-008749-003/2024(H5N1)	103	2604
PB1|PP755595.1|A/cattle/Texas/24-008749-003/2024(H5N1)	104	2604
PB1|PP755595.1|A/cattle/Texas/24-008749-003/2024(H5N1)	105	2594
PB1|PP755595.1|A/cattle/Texas/24-008749-003/2024(H5N1)	106	2693
PB1|PP755595.1|A/cattle/Texas/24-008749-003/2024(H5N1)	107	2714
PB1|PP755595.1|A/cattle/Texas/24-008749-003/2024(H5N1)	108	2710
PB1|PP755595.1|A/cattle/Texas/24-008749-003/2024(H5N1)	109	2709
PB1|PP755595.1|A/cattle/Texas/24-008749-003/2024(H5N1)	110	2709
PB1|PP755595.1|A/cattle/Texas/24-008749-003/2024(H5N1)	111	2708
PB1|PP755595.1|A/cattle/Texas/24-008749-003/2024(H5N1)	112	2696
PB1|PP755595.1|A/cattle/Texas/24-008749-003/2024(H5N1)	113	2680
PB1|PP755595.1|A/cattle/Texas/24-008749-003/2024(H5N1)	114	2062
PB1|PP755595.1|A/cattle/Texas/24-008749-003/2024(H5N1)	115	2062
PB1|PP755595.1|A/cattle/Texas/24-008749-003/2024(H5N1)	116	2062
PB1|PP755595.1|A/cattle/Texas/24-008749-003/2024(H5N1)	117	2039
PB1|PP755595.1|A/cattle/Texas/24-008749-003/2024(H5N1)	118	2251
PB1|PP755595.1|A/cattle/Texas/24-008749-003/2024(H5N1)	119	2252
PB1|PP755595.1|A/cattle/Texas/24-008749-003/2024(H5N1)	120	2279
PB1|PP755595.1|A/cattle/Texas/24-008749-003/2024(H5N1)	121	2286
PB1|PP755595.1|A/cattle/Texas/24-008749-003/2024(H5N1)	122	2292
PB1|PP755595.1|A/cattle/Texas/24-008749-003/2024(H5N1)	123	2290
PB1|PP755595.1|A/cattle/Texas/24-008749-003/2024(H5N1)	124	2276
PB1|PP755595.1|A/cattle/Texas/24-008749-003/2024(H5N1)	125	2267
PB1|PP755595.1|A/cattle/Texas/24-008749-003/2024(H5N1)	126	2263
PB1|PP755595.1|A/cattle/Texas/24-008749-003/2024(H5N1)	127	1929
PB1|PP755595.1|A/cattle/Texas/24-008749-003/2024(H5N1)	128	1863
PB1|PP755595.1|A/cattle/Texas/24-008749-003/2024(H5N1)	129	1776
PB1|PP755595.1|A/cattle/Texas/24-008749-003/2024(H5N1)	130	1865
PB1|PP755595.1|A/cattle/Texas/24-008749-003/2024(H5N1)	131	1872
PB1|PP755595.1|A/cattle/Texas/24-008749-003/2024(H5N1)	132	1865
PB1|PP755595.1|A/cattle/Texas/24-008749-003/2024(H5N1)	133	1861
PB1|PP755595.1|A/cattle/Texas/24-008749-003/2024(H5N1)	134	1875
PB1|PP755595.1|A/cattle/Texas/24-008749-003/2024(H5N1)	135	1882
PB1|PP755595.1|A/cattle/Texas/24-008749-003/2024(H5N1)	136	1869
PB1|PP755595.1|A/cattle/Texas/24-008749-003/2024(H5N1)	137	1825
PB1|PP755595.1|A/cattle/Texas/24-008749-003/2024(H5N1)	138	1807
PB1|PP755595.1|A/cattle/Texas/24-008749-003/2024(H5N1)	139	1932
PB1|PP755595.1|A/cattle/Texas/24-008749-003/2024(H5N1)	140	1924
PB1|PP755595.1|A/cattle/Texas/24-008749-003/2024(H5N1)	141	1943
PB1|PP755595.1|A/cattle/Texas/24-008749-003/2024(H5N1)	142	1936
PB1|PP755595.1|A/cattle/Texas/24-008749-003/2024(H5N1)	143	1930
PB1|PP755595.1|A/cattle/Texas/24-008749-003/2024(H5N1)	144	1894
PB1|PP755595.1|A/cattle/Texas/24-008749-003/2024(H5N1)	145	1895
PB1|PP755595.1|A/cattle/Texas/24-008749-003/2024(H5N1)	146	1894
PB1|PP755595.1|A/cattle/Texas/24-008749-003/2024(H5N1)	147	1877
PB1|PP755595.1|A/cattle/Texas/24-008749-003/2024(H5N1)	148	1860
PB1|PP755595.1|A/cattle/Texas/24-008749-003/2024(H5N1)	149	1840
PB1|PP755595.1|A/cattle/Texas/24-008749-003/2024(H5N1)	150	1826
PB1|PP755595.1|A/cattle/Texas/24-008749-003/2024(H5N1)	151	1832
PB1|PP755595.1|A/cattle/Texas/24-008749-003/2024(H5N1)	152	1916
PB1|PP755595.1|A/cattle/Texas/24-008749-003/2024(H5N1)	153	1916
PB1|PP755595.1|A/cattle/Texas/24-008749-003/2024(H5N1)	154	1944
PB1|PP755595.1|A/cattle/Texas/24-008749-003/2024(H5N1)	155	1938
PB1|PP755595.1|A/cattle/Texas/24-008749-003/2024(H5N1)	156	1927
PB1|PP755595.1|A/cattle/Texas/24-008749-003/2024(H5N1)	157	1929
PB1|PP755595.1|A/cattle/Texas/24-008749-003/2024(H5N1)	158	1939
PB1|PP755595.1|A/cattle/Texas/24-008749-003/2024(H5N1)	159	1937
PB1|PP755595.1|A/cattle/Texas/24-008749-003/2024(H5N1)	160	1934
PB1|PP755595.1|A/cattle/Texas/24-008749-003/2024(H5N1)	161	1937
PB1|PP755595.1|A/cattle/Texas/24-008749-003/2024(H5N1)	162	1934
PB1|PP755595.1|A/cattle/Texas/24-008749-003/2024(H5N1)	163	1935
PB1|PP755595.1|A/cattle/Texas/24-008749-003/2024(H5N1)	164	1938
PB1|PP755595.1|A/cattle/Texas/24-008749-003/2024(H5N1)	165	1936
PB1|PP755595.1|A/cattle/Texas/24-008749-003/2024(H5N1)	166	1940
PB1|PP755595.1|A/cattle/Texas/24-008749-003/2024(H5N1)	167	1943
PB1|PP755595.1|A/cattle/Texas/24-008749-003/2024(H5N1)	168	1942
PB1|PP755595.1|A/cattle/Texas/24-008749-003/2024(H5N1)	169	1943
PB1|PP755595.1|A/cattle/Texas/24-008749-003/2024(H5N1)	170	1945
PB1|PP755595.1|A/cattle/Texas/24-008749-003/2024(H5N1)	171	1944
PB1|PP755595.1|A/cattle/Texas/24-008749-003/2024(H5N1)	172	1946
PB1|PP755595.1|A/cattle/Texas/24-008749-003/2024(H5N1)	173	1964
PB1|PP755595.1|A/cattle/Texas/24-008749-003/2024(H5N1)	174	1972
PB1|PP755595.1|A/cattle/Texas/24-008749-003/2024(H5N1)	175	1845
PB1|PP755595.1|A/cattle/Texas/24-008749-003/2024(H5N1)	176	1836
PB1|PP755595.1|A/cattle/Texas/24-008749-003/2024(H5N1)	177	1827
PB1|PP755595.1|A/cattle/Texas/24-008749-003/2024(H5N1)	178	1830
PB1|PP755595.1|A/cattle/Texas/24-008749-003/2024(H5N1)	179	1849
PB1|PP755595.1|A/cattle/Texas/24-008749-003/2024(H5N1)	180	1871
PB1|PP755595.1|A/cattle/Texas/24-008749-003/2024(H5N1)	181	1871
PB1|PP755595.1|A/cattle/Texas/24-008749-003/2024(H5N1)	182	1878
PB1|PP755595.1|A/cattle/Texas/24-008749-003/2024(H5N1)	183	1867
PB1|PP755595.1|A/cattle/Texas/24-008749-003/2024(H5N1)	184	1867
PB1|PP755595.1|A/cattle/Texas/24-008749-003/2024(H5N1)	185	1864
PB1|PP755595.1|A/cattle/Texas/24-008749-003/2024(H5N1)	186	1853
PB1|PP755595.1|A/cattle/Texas/24-008749-003/2024(H5N1)	187	1859
PB1|PP755595.1|A/cattle/Texas/24-008749-003/2024(H5N1)	188	1892
PB1|PP755595.1|A/cattle/Texas/24-008749-003/2024(H5N1)	189	1887
PB1|PP755595.1|A/cattle/Texas/24-008749-003/2024(H5N1)	190	1936
PB1|PP755595.1|A/cattle/Texas/24-008749-003/2024(H5N1)	191	1929
PB1|PP755595.1|A/cattle/Texas/24-008749-003/2024(H5N1)	192	1928
PB1|PP755595.1|A/cattle/Texas/24-008749-003/2024(H5N1)	193	1933
PB1|PP755595.1|A/cattle/Texas/24-008749-003/2024(H5N1)	194	1927
PB1|PP755595.1|A/cattle/Texas/24-008749-003/2024(H5N1)	195	1943
PB1|PP755595.1|A/cattle/Texas/24-008749-003/2024(H5N1)	196	1929
PB1|PP755595.1|A/cattle/Texas/24-008749-003/2024(H5N1)	197	1925
PB1|PP755595.1|A/cattle/Texas/24-008749-003/2024(H5N1)	198	1923
PB1|PP755595.1|A/cattle/Texas/24-008749-003/2024(H5N1)	199	1863
PB1|PP755595.1|A/cattle/Texas/24-008749-003/2024(H5N1)	200	1860
PB1|PP755595.1|A/cattle/Texas/24-008749-003/2024(H5N1)	201	1846
PB1|PP755595.1|A/cattle/Texas/24-008749-003/2024(H5N1)	202	1843
PB1|PP755595.1|A/cattle/Texas/24-008749-003/2024(H5N1)	203	1875
PB1|PP755595.1|A/cattle/Texas/24-008749-003/2024(H5N1)	204	1868
PB1|PP755595.1|A/cattle/Texas/24-008749-003/2024(H5N1)	205	1875
PB1|PP755595.1|A/cattle/Texas/24-008749-003/2024(H5N1)	206	1878
PB1|PP755595.1|A/cattle/Texas/24-008749-003/2024(H5N1)	207	1856
PB1|PP755595.1|A/cattle/Texas/24-008749-003/2024(H5N1)	208	1859
PB1|PP755595.1|A/cattle/Texas/24-008749-003/2024(H5N1)	209	1814
PB1|PP755595.1|A/cattle/Texas/24-008749-003/2024(H5N1)	210	1804
PB1|PP755595.1|A/cattle/Texas/24-008749-003/2024(H5N1)	211	1801
PB1|PP755595.1|A/cattle/Texas/24-008749-003/2024(H5N1)	212	1789
PB1|PP755595.1|A/cattle/Texas/24-008749-003/2024(H5N1)	213	1396
PB1|PP755595.1|A/cattle/Texas/24-008749-003/2024(H5N1)	214	1385
PB1|PP755595.1|A/cattle/Texas/24-008749-003/2024(H5N1)	215	1384
PB1|PP755595.1|A/cattle/Texas/24-008749-003/2024(H5N1)	216	1384
PB1|PP755595.1|A/cattle/Texas/24-008749-003/2024(H5N1)	217	1279
PB1|PP755595.1|A/cattle/Texas/24-008749-003/2024(H5N1)	218	1283
PB1|PP755595.1|A/cattle/Texas/24-008749-003/2024(H5N1)	219	1297
PB1|PP755595.1|A/cattle/Texas/24-008749-003/2024(H5N1)	220	1388
PB1|PP755595.1|A/cattle/Texas/24-008749-003/2024(H5N1)	221	1388
PB1|PP755595.1|A/cattle/Texas/24-008749-003/2024(H5N1)	222	1389
PB1|PP755595.1|A/cattle/Texas/24-008749-003/2024(H5N1)	223	1393
PB1|PP755595.1|A/cattle/Texas/24-008749-003/2024(H5N1)	224	1390
PB1|PP755595.1|A/cattle/Texas/24-008749-003/2024(H5N1)	225	1381
PB1|PP755595.1|A/cattle/Texas/24-008749-003/2024(H5N1)	226	1406
PB1|PP755595.1|A/cattle/Texas/24-008749-003/2024(H5N1)	227	1410
PB1|PP755595.1|A/cattle/Texas/24-008749-003/2024(H5N1)	228	1429
PB1|PP755595.1|A/cattle/Texas/24-008749-003/2024(H5N1)	229	1403
PB1|PP755595.1|A/cattle/Texas/24-008749-003/2024(H5N1)	230	1402
PB1|PP755595.1|A/cattle/Texas/24-008749-003/2024(H5N1)	231	1399
PB1|PP755595.1|A/cattle/Texas/24-008749-003/2024(H5N1)	232	1405
PB1|PP755595.1|A/cattle/Texas/24-008749-003/2024(H5N1)	233	1415
PB1|PP755595.1|A/cattle/Texas/24-008749-003/2024(H5N1)	234	1443
PB1|PP755595.1|A/cattle/Texas/24-008749-003/2024(H5N1)	235	1579
PB1|PP755595.1|A/cattle/Texas/24-008749-003/2024(H5N1)	236	1580
PB1|PP755595.1|A/cattle/Texas/24-008749-003/2024(H5N1)	237	1583
PB1|PP755595.1|A/cattle/Texas/24-008749-003/2024(H5N1)	238	1585
PB1|PP755595.1|A/cattle/Texas/24-008749-003/2024(H5N1)	239	1587
PB1|PP755595.1|A/cattle/Texas/24-008749-003/2024(H5N1)	240	1655
PB1|PP755595.1|A/cattle/Texas/24-008749-003/2024(H5N1)	241	1658
PB1|PP755595.1|A/cattle/Texas/24-008749-003/2024(H5N1)	242	1735
PB1|PP755595.1|A/cattle/Texas/24-008749-003/2024(H5N1)	243	1739
PB1|PP755595.1|A/cattle/Texas/24-008749-003/2024(H5N1)	244	1740
PB1|PP755595.1|A/cattle/Texas/24-008749-003/2024(H5N1)	245	1747
PB1|PP755595.1|A/cattle/Texas/24-008749-003/2024(H5N1)	246	1772
PB1|PP755595.1|A/cattle/Texas/24-008749-003/2024(H5N1)	247	1783
PB1|PP755595.1|A/cattle/Texas/24-008749-003/2024(H5N1)	248	1783
PB1|PP755595.1|A/cattle/Texas/24-008749-003/2024(H5N1)	249	1782
PB1|PP755595.1|A/cattle/Texas/24-008749-003/2024(H5N1)	250	1782
PB1|PP755595.1|A/cattle/Texas/24-008749-003/2024(H5N1)	251	1746
PB1|PP755595.1|A/cattle/Texas/24-008749-003/2024(H5N1)	252	1744
PB1|PP755595.1|A/cattle/Texas/24-008749-003/2024(H5N1)	253	1742
PB1|PP755595.1|A/cattle/Texas/24-008749-003/2024(H5N1)	254	1711
PB1|PP755595.1|A/cattle/Texas/24-008749-003/2024(H5N1)	255	1345
PB1|PP755595.1|A/cattle/Texas/24-008749-003/2024(H5N1)	256	1345
PB1|PP755595.1|A/cattle/Texas/24-008749-003/2024(H5N1)	257	1345
PB1|PP755595.1|A/cattle/Texas/24-008749-003/2024(H5N1)	258	1345
PB1|PP755595.1|A/cattle/Texas/24-008749-003/2024(H5N1)	259	1345
PB1|PP755595.1|A/cattle/Texas/24-008749-003/2024(H5N1)	260	1345
PB1|PP755595.1|A/cattle/Texas/24-008749-003/2024(H5N1)	261	1345
PB1|PP755595.1|A/cattle/Texas/24-008749-003/2024(H5N1)	262	1345
PB1|PP755595.1|A/cattle/Texas/24-008749-003/2024(H5N1)	263	1345
PB1|PP755595.1|A/cattle/Texas/24-008749-003/2024(H5N1)	264	1345
PB1|PP755595.1|A/cattle/Texas/24-008749-003/2024(H5N1)	265	1345
PB1|PP755595.1|A/cattle/Texas/24-008749-003/2024(H5N1)	266	1351
PB1|PP755595.1|A/cattle/Texas/24-008749-003/2024(H5N1)	267	1351
PB1|PP755595.1|A/cattle/Texas/24-008749-003/2024(H5N1)	268	1500
PB1|PP755595.1|A/cattle/Texas/24-008749-003/2024(H5N1)	269	1516
PB1|PP755595.1|A/cattle/Texas/24-008749-003/2024(H5N1)	270	1525
PB1|PP755595.1|A/cattle/Texas/24-008749-003/2024(H5N1)	271	1531
PB1|PP755595.1|A/cattle/Texas/24-008749-003/2024(H5N1)	272	1550
PB1|PP755595.1|A/cattle/Texas/24-008749-003/2024(H5N1)	273	1553
PB1|PP755595.1|A/cattle/Texas/24-008749-003/2024(H5N1)	274	1557
PB1|PP755595.1|A/cattle/Texas/24-008749-003/2024(H5N1)	275	1560
PB1|PP755595.1|A/cattle/Texas/24-008749-003/2024(H5N1)	276	1567
PB1|PP755595.1|A/cattle/Texas/24-008749-003/2024(H5N1)	277	1569
PB1|PP755595.1|A/cattle/Texas/24-008749-003/2024(H5N1)	278	1600
PB1|PP755595.1|A/cattle/Texas/24-008749-003/2024(H5N1)	279	1601
PB1|PP755595.1|A/cattle/Texas/24-008749-003/2024(H5N1)	280	1601
PB1|PP755595.1|A/cattle/Texas/24-008749-003/2024(H5N1)	281	1642
PB1|PP755595.1|A/cattle/Texas/24-008749-003/2024(H5N1)	282	1663
PB1|PP755595.1|A/cattle/Texas/24-008749-003/2024(H5N1)	283	1646
PB1|PP755595.1|A/cattle/Texas/24-008749-003/2024(H5N1)	284	1642
PB1|PP755595.1|A/cattle/Texas/24-008749-003/2024(H5N1)	285	1638
PB1|PP755595.1|A/cattle/Texas/24-008749-003/2024(H5N1)	286	1648
PB1|PP755595.1|A/cattle/Texas/24-008749-003/2024(H5N1)	287	1644
PB1|PP755595.1|A/cattle/Texas/24-008749-003/2024(H5N1)	288	1612
PB1|PP755595.1|A/cattle/Texas/24-008749-003/2024(H5N1)	289	1616
PB1|PP755595.1|A/cattle/Texas/24-008749-003/2024(H5N1)	290	1491
PB1|PP755595.1|A/cattle/Texas/24-008749-003/2024(H5N1)	291	1598
PB1|PP755595.1|A/cattle/Texas/24-008749-003/2024(H5N1)	292	1795
PB1|PP755595.1|A/cattle/Texas/24-008749-003/2024(H5N1)	293	1798
PB1|PP755595.1|A/cattle/Texas/24-008749-003/2024(H5N1)	294	1793
PB1|PP755595.1|A/cattle/Texas/24-008749-003/2024(H5N1)	295	1931
PB1|PP755595.1|A/cattle/Texas/24-008749-003/2024(H5N1)	296	1957
PB1|PP755595.1|A/cattle/Texas/24-008749-003/2024(H5N1)	297	1974
PB1|PP755595.1|A/cattle/Texas/24-008749-003/2024(H5N1)	298	1987
PB1|PP755595.1|A/cattle/Texas/24-008749-003/2024(H5N1)	299	1986
PB1|PP755595.1|A/cattle/Texas/24-008749-003/2024(H5N1)	300	1892
PB1|PP755595.1|A/cattle/Texas/24-008749-003/2024(H5N1)	301	1892
PB1|PP755595.1|A/cattle/Texas/24-008749-003/2024(H5N1)	302	1896
PB1|PP755595.1|A/cattle/Texas/24-008749-003/2024(H5N1)	303	1901
PB1|PP755595.1|A/cattle/Texas/24-008749-003/2024(H5N1)	304	1943
PB1|PP755595.1|A/cattle/Texas/24-008749-003/2024(H5N1)	305	1949
PB1|PP755595.1|A/cattle/Texas/24-008749-003/2024(H5N1)	306	1935
PB1|PP755595.1|A/cattle/Texas/24-008749-003/2024(H5N1)	307	1934
PB1|PP755595.1|A/cattle/Texas/24-008749-003/2024(H5N1)	308	1938
PB1|PP755595.1|A/cattle/Texas/24-008749-003/2024(H5N1)	309	1951
PB1|PP755595.1|A/cattle/Texas/24-008749-003/2024(H5N1)	310	1950
PB1|PP755595.1|A/cattle/Texas/24-008749-003/2024(H5N1)	311	1965
PB1|PP755595.1|A/cattle/Texas/24-008749-003/2024(H5N1)	312	1964
PB1|PP755595.1|A/cattle/Texas/24-008749-003/2024(H5N1)	313	1964
PB1|PP755595.1|A/cattle/Texas/24-008749-003/2024(H5N1)	314	1964
PB1|PP755595.1|A/cattle/Texas/24-008749-003/2024(H5N1)	315	1981
PB1|PP755595.1|A/cattle/Texas/24-008749-003/2024(H5N1)	316	1965
PB1|PP755595.1|A/cattle/Texas/24-008749-003/2024(H5N1)	317	1969
PB1|PP755595.1|A/cattle/Texas/24-008749-003/2024(H5N1)	318	1956
PB1|PP755595.1|A/cattle/Texas/24-008749-003/2024(H5N1)	319	2061
PB1|PP755595.1|A/cattle/Texas/24-008749-003/2024(H5N1)	320	2081
PB1|PP755595.1|A/cattle/Texas/24-008749-003/2024(H5N1)	321	2077
PB1|PP755595.1|A/cattle/Texas/24-008749-003/2024(H5N1)	322	2078
PB1|PP755595.1|A/cattle/Texas/24-008749-003/2024(H5N1)	323	2074
PB1|PP755595.1|A/cattle/Texas/24-008749-003/2024(H5N1)	324	2052
PB1|PP755595.1|A/cattle/Texas/24-008749-003/2024(H5N1)	325	2045
PB1|PP755595.1|A/cattle/Texas/24-008749-003/2024(H5N1)	326	2052
PB1|PP755595.1|A/cattle/Texas/24-008749-003/2024(H5N1)	327	2052
PB1|PP755595.1|A/cattle/Texas/24-008749-003/2024(H5N1)	328	2058
PB1|PP755595.1|A/cattle/Texas/24-008749-003/2024(H5N1)	329	2041
PB1|PP755595.1|A/cattle/Texas/24-008749-003/2024(H5N1)	330	2051
PB1|PP755595.1|A/cattle/Texas/24-008749-003/2024(H5N1)	331	2030
PB1|PP755595.1|A/cattle/Texas/24-008749-003/2024(H5N1)	332	2029
PB1|PP755595.1|A/cattle/Texas/24-008749-003/2024(H5N1)	333	2016
PB1|PP755595.1|A/cattle/Texas/24-008749-003/2024(H5N1)	334	2028
PB1|PP755595.1|A/cattle/Texas/24-008749-003/2024(H5N1)	335	2032
PB1|PP755595.1|A/cattle/Texas/24-008749-003/2024(H5N1)	336	2024
PB1|PP755595.1|A/cattle/Texas/24-008749-003/2024(H5N1)	337	2023
PB1|PP755595.1|A/cattle/Texas/24-008749-003/2024(H5N1)	338	2017
PB1|PP755595.1|A/cattle/Texas/24-008749-003/2024(H5N1)	339	1989
PB1|PP755595.1|A/cattle/Texas/24-008749-003/2024(H5N1)	340	1989
PB1|PP755595.1|A/cattle/Texas/24-008749-003/2024(H5N1)	341	1911
PB1|PP755595.1|A/cattle/Texas/24-008749-003/2024(H5N1)	342	1911
PB1|PP755595.1|A/cattle/Texas/24-008749-003/2024(H5N1)	343	1914
PB1|PP755595.1|A/cattle/Texas/24-008749-003/2024(H5N1)	344	1914
PB1|PP755595.1|A/cattle/Texas/24-008749-003/2024(H5N1)	345	1928
PB1|PP755595.1|A/cattle/Texas/24-008749-003/2024(H5N1)	346	1988
PB1|PP755595.1|A/cattle/Texas/24-008749-003/2024(H5N1)	347	2006
PB1|PP755595.1|A/cattle/Texas/24-008749-003/2024(H5N1)	348	2012
PB1|PP755595.1|A/cattle/Texas/24-008749-003/2024(H5N1)	349	2010
PB1|PP755595.1|A/cattle/Texas/24-008749-003/2024(H5N1)	350	1997
PB1|PP755595.1|A/cattle/Texas/24-008749-003/2024(H5N1)	351	1998
PB1|PP755595.1|A/cattle/Texas/24-008749-003/2024(H5N1)	352	2013
PB1|PP755595.1|A/cattle/Texas/24-008749-003/2024(H5N1)	353	2018
PB1|PP755595.1|A/cattle/Texas/24-008749-003/2024(H5N1)	354	1984
PB1|PP755595.1|A/cattle/Texas/24-008749-003/2024(H5N1)	355	1983
PB1|PP755595.1|A/cattle/Texas/24-008749-003/2024(H5N1)	356	1942
PB1|PP755595.1|A/cattle/Texas/24-008749-003/2024(H5N1)	357	1939
PB1|PP755595.1|A/cattle/Texas/24-008749-003/2024(H5N1)	358	1937
PB1|PP755595.1|A/cattle/Texas/24-008749-003/2024(H5N1)	359	1928
PB1|PP755595.1|A/cattle/Texas/24-008749-003/2024(H5N1)	360	1925
PB1|PP755595.1|A/cattle/Texas/24-008749-003/2024(H5N1)	361	1900
PB1|PP755595.1|A/cattle/Texas/24-008749-003/2024(H5N1)	362	1892
PB1|PP755595.1|A/cattle/Texas/24-008749-003/2024(H5N1)	363	1337
PB1|PP755595.1|A/cattle/Texas/24-008749-003/2024(H5N1)	364	1297
PB1|PP755595.1|A/cattle/Texas/24-008749-003/2024(H5N1)	365	1297
PB1|PP755595.1|A/cattle/Texas/24-008749-003/2024(H5N1)	366	1297
PB1|PP755595.1|A/cattle/Texas/24-008749-003/2024(H5N1)	367	1305
PB1|PP755595.1|A/cattle/Texas/24-008749-003/2024(H5N1)	368	1310
PB1|PP755595.1|A/cattle/Texas/24-008749-003/2024(H5N1)	369	1310
PB1|PP755595.1|A/cattle/Texas/24-008749-003/2024(H5N1)	370	1312
PB1|PP755595.1|A/cattle/Texas/24-008749-003/2024(H5N1)	371	1319
PB1|PP755595.1|A/cattle/Texas/24-008749-003/2024(H5N1)	372	1319
PB1|PP755595.1|A/cattle/Texas/24-008749-003/2024(H5N1)	373	1323
PB1|PP755595.1|A/cattle/Texas/24-008749-003/2024(H5N1)	374	1323
PB1|PP755595.1|A/cattle/Texas/24-008749-003/2024(H5N1)	375	1323
PB1|PP755595.1|A/cattle/Texas/24-008749-003/2024(H5N1)	376	1355
PB1|PP755595.1|A/cattle/Texas/24-008749-003/2024(H5N1)	377	1355
PB1|PP755595.1|A/cattle/Texas/24-008749-003/2024(H5N1)	378	1356
PB1|PP755595.1|A/cattle/Texas/24-008749-003/2024(H5N1)	379	1556
PB1|PP755595.1|A/cattle/Texas/24-008749-003/2024(H5N1)	380	1556
PB1|PP755595.1|A/cattle/Texas/24-008749-003/2024(H5N1)	381	1567
PB1|PP755595.1|A/cattle/Texas/24-008749-003/2024(H5N1)	382	1613
PB1|PP755595.1|A/cattle/Texas/24-008749-003/2024(H5N1)	383	1620
PB1|PP755595.1|A/cattle/Texas/24-008749-003/2024(H5N1)	384	1620
PB1|PP755595.1|A/cattle/Texas/24-008749-003/2024(H5N1)	385	1624
PB1|PP755595.1|A/cattle/Texas/24-008749-003/2024(H5N1)	386	1631
PB1|PP755595.1|A/cattle/Texas/24-008749-003/2024(H5N1)	387	1646
PB1|PP755595.1|A/cattle/Texas/24-008749-003/2024(H5N1)	388	1646
PB1|PP755595.1|A/cattle/Texas/24-008749-003/2024(H5N1)	389	1652
PB1|PP755595.1|A/cattle/Texas/24-008749-003/2024(H5N1)	390	1655
PB1|PP755595.1|A/cattle/Texas/24-008749-003/2024(H5N1)	391	1655
PB1|PP755595.1|A/cattle/Texas/24-008749-003/2024(H5N1)	392	1655
PB1|PP755595.1|A/cattle/Texas/24-008749-003/2024(H5N1)	393	1655
PB1|PP755595.1|A/cattle/Texas/24-008749-003/2024(H5N1)	394	1653
PB1|PP755595.1|A/cattle/Texas/24-008749-003/2024(H5N1)	395	1652
PB1|PP755595.1|A/cattle/Texas/24-008749-003/2024(H5N1)	396	1644
PB1|PP755595.1|A/cattle/Texas/24-008749-003/2024(H5N1)	397	1598
PB1|PP755595.1|A/cattle/Texas/24-008749-003/2024(H5N1)	398	1598
PB1|PP755595.1|A/cattle/Texas/24-008749-003/2024(H5N1)	399	1597
PB1|PP755595.1|A/cattle/Texas/24-008749-003/2024(H5N1)	400	1597
PB1|PP755595.1|A/cattle/Texas/24-008749-003/2024(H5N1)	401	1587
PB1|PP755595.1|A/cattle/Texas/24-008749-003/2024(H5N1)	402	1587
PB1|PP755595.1|A/cattle/Texas/24-008749-003/2024(H5N1)	403	1587
PB1|PP755595.1|A/cattle/Texas/24-008749-003/2024(H5N1)	404	1586
PB1|PP755595.1|A/cattle/Texas/24-008749-003/2024(H5N1)	405	1567
PB1|PP755595.1|A/cattle/Texas/24-008749-003/2024(H5N1)	406	1556
PB1|PP755595.1|A/cattle/Texas/24-008749-003/2024(H5N1)	407	1551
PB1|PP755595.1|A/cattle/Texas/24-008749-003/2024(H5N1)	408	1546
PB1|PP755595.1|A/cattle/Texas/24-008749-003/2024(H5N1)	409	1543
PB1|PP755595.1|A/cattle/Texas/24-008749-003/2024(H5N1)	410	1530
PB1|PP755595.1|A/cattle/Texas/24-008749-003/2024(H5N1)	411	1529
PB1|PP755595.1|A/cattle/Texas/24-008749-003/2024(H5N1)	412	1529
PB1|PP755595.1|A/cattle/Texas/24-008749-003/2024(H5N1)	413	1529
PB1|PP755595.1|A/cattle/Texas/24-008749-003/2024(H5N1)	414	1521
PB1|PP755595.1|A/cattle/Texas/24-008749-003/2024(H5N1)	415	1528
PB1|PP755595.1|A/cattle/Texas/24-008749-003/2024(H5N1)	416	1528
PB1|PP755595.1|A/cattle/Texas/24-008749-003/2024(H5N1)	417	1528
PB1|PP755595.1|A/cattle/Texas/24-008749-003/2024(H5N1)	418	1528
PB1|PP755595.1|A/cattle/Texas/24-008749-003/2024(H5N1)	419	1525
PB1|PP755595.1|A/cattle/Texas/24-008749-003/2024(H5N1)	420	1524
PB1|PP755595.1|A/cattle/Texas/24-008749-003/2024(H5N1)	421	1519
PB1|PP755595.1|A/cattle/Texas/24-008749-003/2024(H5N1)	422	1510
PB1|PP755595.1|A/cattle/Texas/24-008749-003/2024(H5N1)	423	1495
PB1|PP755595.1|A/cattle/Texas/24-008749-003/2024(H5N1)	424	1490
PB1|PP755595.1|A/cattle/Texas/24-008749-003/2024(H5N1)	425	1487
PB1|PP755595.1|A/cattle/Texas/24-008749-003/2024(H5N1)	426	882
PB1|PP755595.1|A/cattle/Texas/24-008749-003/2024(H5N1)	427	878
PB1|PP755595.1|A/cattle/Texas/24-008749-003/2024(H5N1)	428	878
PB1|PP755595.1|A/cattle/Texas/24-008749-003/2024(H5N1)	429	878
PB1|PP755595.1|A/cattle/Texas/24-008749-003/2024(H5N1)	430	909
PB1|PP755595.1|A/cattle/Texas/24-008749-003/2024(H5N1)	431	909
PB1|PP755595.1|A/cattle/Texas/24-008749-003/2024(H5N1)	432	909
PB1|PP755595.1|A/cattle/Texas/24-008749-003/2024(H5N1)	433	919
PB1|PP755595.1|A/cattle/Texas/24-008749-003/2024(H5N1)	434	1040
PB1|PP755595.1|A/cattle/Texas/24-008749-003/2024(H5N1)	435	1051
PB1|PP755595.1|A/cattle/Texas/24-008749-003/2024(H5N1)	436	1412
PB1|PP755595.1|A/cattle/Texas/24-008749-003/2024(H5N1)	437	1586
PB1|PP755595.1|A/cattle/Texas/24-008749-003/2024(H5N1)	438	1591
PB1|PP755595.1|A/cattle/Texas/24-008749-003/2024(H5N1)	439	1610
PB1|PP755595.1|A/cattle/Texas/24-008749-003/2024(H5N1)	440	1610
PB1|PP755595.1|A/cattle/Texas/24-008749-003/2024(H5N1)	441	1611
PB1|PP755595.1|A/cattle/Texas/24-008749-003/2024(H5N1)	442	1617
PB1|PP755595.1|A/cattle/Texas/24-008749-003/2024(H5N1)	443	1617
PB1|PP755595.1|A/cattle/Texas/24-008749-003/2024(H5N1)	444	1620
PB1|PP755595.1|A/cattle/Texas/24-008749-003/2024(H5N1)	445	1629
PB1|PP755595.1|A/cattle/Texas/24-008749-003/2024(H5N1)	446	1635
PB1|PP755595.1|A/cattle/Texas/24-008749-003/2024(H5N1)	447	1627
PB1|PP755595.1|A/cattle/Texas/24-008749-003/2024(H5N1)	448	1623
PB1|PP755595.1|A/cattle/Texas/24-008749-003/2024(H5N1)	449	1629
PB1|PP755595.1|A/cattle/Texas/24-008749-003/2024(H5N1)	450	1629
PB1|PP755595.1|A/cattle/Texas/24-008749-003/2024(H5N1)	451	1624
PB1|PP755595.1|A/cattle/Texas/24-008749-003/2024(H5N1)	452	1635
PB1|PP755595.1|A/cattle/Texas/24-008749-003/2024(H5N1)	453	1626
PB1|PP755595.1|A/cattle/Texas/24-008749-003/2024(H5N1)	454	1632
PB1|PP755595.1|A/cattle/Texas/24-008749-003/2024(H5N1)	455	1627
PB1|PP755595.1|A/cattle/Texas/24-008749-003/2024(H5N1)	456	1576
PB1|PP755595.1|A/cattle/Texas/24-008749-003/2024(H5N1)	457	1573
PB1|PP755595.1|A/cattle/Texas/24-008749-003/2024(H5N1)	458	1571
PB1|PP755595.1|A/cattle/Texas/24-008749-003/2024(H5N1)	459	1577
PB1|PP755595.1|A/cattle/Texas/24-008749-003/2024(H5N1)	460	1564
PB1|PP755595.1|A/cattle/Texas/24-008749-003/2024(H5N1)	461	1647
PB1|PP755595.1|A/cattle/Texas/24-008749-003/2024(H5N1)	462	1667
PB1|PP755595.1|A/cattle/Texas/24-008749-003/2024(H5N1)	463	1671
PB1|PP755595.1|A/cattle/Texas/24-008749-003/2024(H5N1)	464	1680
PB1|PP755595.1|A/cattle/Texas/24-008749-003/2024(H5N1)	465	1681
PB1|PP755595.1|A/cattle/Texas/24-008749-003/2024(H5N1)	466	1686
PB1|PP755595.1|A/cattle/Texas/24-008749-003/2024(H5N1)	467	1683
PB1|PP755595.1|A/cattle/Texas/24-008749-003/2024(H5N1)	468	1677
PB1|PP755595.1|A/cattle/Texas/24-008749-003/2024(H5N1)	469	1681
PB1|PP755595.1|A/cattle/Texas/24-008749-003/2024(H5N1)	470	1612
PB1|PP755595.1|A/cattle/Texas/24-008749-003/2024(H5N1)	471	1612
PB1|PP755595.1|A/cattle/Texas/24-008749-003/2024(H5N1)	472	1613
PB1|PP755595.1|A/cattle/Texas/24-008749-003/2024(H5N1)	473	1613
PB1|PP755595.1|A/cattle/Texas/24-008749-003/2024(H5N1)	474	1613
PB1|PP755595.1|A/cattle/Texas/24-008749-003/2024(H5N1)	475	1622
PB1|PP755595.1|A/cattle/Texas/24-008749-003/2024(H5N1)	476	1616
PB1|PP755595.1|A/cattle/Texas/24-008749-003/2024(H5N1)	477	1615
PB1|PP755595.1|A/cattle/Texas/24-008749-003/2024(H5N1)	478	1610
PB1|PP755595.1|A/cattle/Texas/24-008749-003/2024(H5N1)	479	1594
PB1|PP755595.1|A/cattle/Texas/24-008749-003/2024(H5N1)	480	1566
PB1|PP755595.1|A/cattle/Texas/24-008749-003/2024(H5N1)	481	1557
PB1|PP755595.1|A/cattle/Texas/24-008749-003/2024(H5N1)	482	1556
PB1|PP755595.1|A/cattle/Texas/24-008749-003/2024(H5N1)	483	1556
PB1|PP755595.1|A/cattle/Texas/24-008749-003/2024(H5N1)	484	1556
PB1|PP755595.1|A/cattle/Texas/24-008749-003/2024(H5N1)	485	1610
PB1|PP755595.1|A/cattle/Texas/24-008749-003/2024(H5N1)	486	1621
PB1|PP755595.1|A/cattle/Texas/24-008749-003/2024(H5N1)	487	1668
PB1|PP755595.1|A/cattle/Texas/24-008749-003/2024(H5N1)	488	1668
PB1|PP755595.1|A/cattle/Texas/24-008749-003/2024(H5N1)	489	1678
PB1|PP755595.1|A/cattle/Texas/24-008749-003/2024(H5N1)	490	1699
PB1|PP755595.1|A/cattle/Texas/24-008749-003/2024(H5N1)	491	1699
PB1|PP755595.1|A/cattle/Texas/24-008749-003/2024(H5N1)	492	1698
PB1|PP755595.1|A/cattle/Texas/24-008749-003/2024(H5N1)	493	1702
PB1|PP755595.1|A/cattle/Texas/24-008749-003/2024(H5N1)	494	1645
PB1|PP755595.1|A/cattle/Texas/24-008749-003/2024(H5N1)	495	1656
PB1|PP755595.1|A/cattle/Texas/24-008749-003/2024(H5N1)	496	1629
PB1|PP755595.1|A/cattle/Texas/24-008749-003/2024(H5N1)	497	1638
PB1|PP755595.1|A/cattle/Texas/24-008749-003/2024(H5N1)	498	1640
PB1|PP755595.1|A/cattle/Texas/24-008749-003/2024(H5N1)	499	1636
PB1|PP755595.1|A/cattle/Texas/24-008749-003/2024(H5N1)	500	1634
PB1|PP755595.1|A/cattle/Texas/24-008749-003/2024(H5N1)	501	1643
PB1|PP755595.1|A/cattle/Texas/24-008749-003/2024(H5N1)	502	1641
PB1|PP755595.1|A/cattle/Texas/24-008749-003/2024(H5N1)	503	1623
PB1|PP755595.1|A/cattle/Texas/24-008749-003/2024(H5N1)	504	1624
PB1|PP755595.1|A/cattle/Texas/24-008749-003/2024(H5N1)	505	1649
PB1|PP755595.1|A/cattle/Texas/24-008749-003/2024(H5N1)	506	1646
PB1|PP755595.1|A/cattle/Texas/24-008749-003/2024(H5N1)	507	1629
PB1|PP755595.1|A/cattle/Texas/24-008749-003/2024(H5N1)	508	1651
PB1|PP755595.1|A/cattle/Texas/24-008749-003/2024(H5N1)	509	1678
PB1|PP755595.1|A/cattle/Texas/24-008749-003/2024(H5N1)	510	1681
PB1|PP755595.1|A/cattle/Texas/24-008749-003/2024(H5N1)	511	1686
PB1|PP755595.1|A/cattle/Texas/24-008749-003/2024(H5N1)	512	1686
PB1|PP755595.1|A/cattle/Texas/24-008749-003/2024(H5N1)	513	1654
PB1|PP755595.1|A/cattle/Texas/24-008749-003/2024(H5N1)	514	1625
PB1|PP755595.1|A/cattle/Texas/24-008749-003/2024(H5N1)	515	1636
PB1|PP755595.1|A/cattle/Texas/24-008749-003/2024(H5N1)	516	1620
PB1|PP755595.1|A/cattle/Texas/24-008749-003/2024(H5N1)	517	1582
PB1|PP755595.1|A/cattle/Texas/24-008749-003/2024(H5N1)	518	1595
PB1|PP755595.1|A/cattle/Texas/24-008749-003/2024(H5N1)	519	1589
PB1|PP755595.1|A/cattle/Texas/24-008749-003/2024(H5N1)	520	1626
PB1|PP755595.1|A/cattle/Texas/24-008749-003/2024(H5N1)	521	1625
PB1|PP755595.1|A/cattle/Texas/24-008749-003/2024(H5N1)	522	1634
PB1|PP755595.1|A/cattle/Texas/24-008749-003/2024(H5N1)	523	1640
PB1|PP755595.1|A/cattle/Texas/24-008749-003/2024(H5N1)	524	1484
PB1|PP755595.1|A/cattle/Texas/24-008749-003/2024(H5N1)	525	1508
PB1|PP755595.1|A/cattle/Texas/24-008749-003/2024(H5N1)	526	1509
PB1|PP755595.1|A/cattle/Texas/24-008749-003/2024(H5N1)	527	1503
PB1|PP755595.1|A/cattle/Texas/24-008749-003/2024(H5N1)	528	1503
PB1|PP755595.1|A/cattle/Texas/24-008749-003/2024(H5N1)	529	1505
PB1|PP755595.1|A/cattle/Texas/24-008749-003/2024(H5N1)	530	1562
PB1|PP755595.1|A/cattle/Texas/24-008749-003/2024(H5N1)	531	1547
PB1|PP755595.1|A/cattle/Texas/24-008749-003/2024(H5N1)	532	1539
PB1|PP755595.1|A/cattle/Texas/24-008749-003/2024(H5N1)	533	1513
PB1|PP755595.1|A/cattle/Texas/24-008749-003/2024(H5N1)	534	1507
PB1|PP755595.1|A/cattle/Texas/24-008749-003/2024(H5N1)	535	1509
PB1|PP755595.1|A/cattle/Texas/24-008749-003/2024(H5N1)	536	1508
PB1|PP755595.1|A/cattle/Texas/24-008749-003/2024(H5N1)	537	1507
PB1|PP755595.1|A/cattle/Texas/24-008749-003/2024(H5N1)	538	1499
PB1|PP755595.1|A/cattle/Texas/24-008749-003/2024(H5N1)	539	1512
PB1|PP755595.1|A/cattle/Texas/24-008749-003/2024(H5N1)	540	1507
PB1|PP755595.1|A/cattle/Texas/24-008749-003/2024(H5N1)	541	1514
PB1|PP755595.1|A/cattle/Texas/24-008749-003/2024(H5N1)	542	1534
PB1|PP755595.1|A/cattle/Texas/24-008749-003/2024(H5N1)	543	1531
PB1|PP755595.1|A/cattle/Texas/24-008749-003/2024(H5N1)	544	1532
PB1|PP755595.1|A/cattle/Texas/24-008749-003/2024(H5N1)	545	1526
PB1|PP755595.1|A/cattle/Texas/24-008749-003/2024(H5N1)	546	1520
PB1|PP755595.1|A/cattle/Texas/24-008749-003/2024(H5N1)	547	1523
PB1|PP755595.1|A/cattle/Texas/24-008749-003/2024(H5N1)	548	1524
PB1|PP755595.1|A/cattle/Texas/24-008749-003/2024(H5N1)	549	1525
PB1|PP755595.1|A/cattle/Texas/24-008749-003/2024(H5N1)	550	1522
PB1|PP755595.1|A/cattle/Texas/24-008749-003/2024(H5N1)	551	1496
PB1|PP755595.1|A/cattle/Texas/24-008749-003/2024(H5N1)	552	1496
PB1|PP755595.1|A/cattle/Texas/24-008749-003/2024(H5N1)	553	1496
PB1|PP755595.1|A/cattle/Texas/24-008749-003/2024(H5N1)	554	1496
PB1|PP755595.1|A/cattle/Texas/24-008749-003/2024(H5N1)	555	1481
PB1|PP755595.1|A/cattle/Texas/24-008749-003/2024(H5N1)	556	1479
PB1|PP755595.1|A/cattle/Texas/24-008749-003/2024(H5N1)	557	1475
PB1|PP755595.1|A/cattle/Texas/24-008749-003/2024(H5N1)	558	1383
PB1|PP755595.1|A/cattle/Texas/24-008749-003/2024(H5N1)	559	1380
PB1|PP755595.1|A/cattle/Texas/24-008749-003/2024(H5N1)	560	1380
PB1|PP755595.1|A/cattle/Texas/24-008749-003/2024(H5N1)	561	1379
PB1|PP755595.1|A/cattle/Texas/24-008749-003/2024(H5N1)	562	1398
PB1|PP755595.1|A/cattle/Texas/24-008749-003/2024(H5N1)	563	1400
PB1|PP755595.1|A/cattle/Texas/24-008749-003/2024(H5N1)	564	1409
PB1|PP755595.1|A/cattle/Texas/24-008749-003/2024(H5N1)	565	1429
PB1|PP755595.1|A/cattle/Texas/24-008749-003/2024(H5N1)	566	1432
PB1|PP755595.1|A/cattle/Texas/24-008749-003/2024(H5N1)	567	1440
PB1|PP755595.1|A/cattle/Texas/24-008749-003/2024(H5N1)	568	1440
PB1|PP755595.1|A/cattle/Texas/24-008749-003/2024(H5N1)	569	1510
PB1|PP755595.1|A/cattle/Texas/24-008749-003/2024(H5N1)	570	1489
PB1|PP755595.1|A/cattle/Texas/24-008749-003/2024(H5N1)	571	1511
PB1|PP755595.1|A/cattle/Texas/24-008749-003/2024(H5N1)	572	1510
PB1|PP755595.1|A/cattle/Texas/24-008749-003/2024(H5N1)	573	1501
PB1|PP755595.1|A/cattle/Texas/24-008749-003/2024(H5N1)	574	1505
PB1|PP755595.1|A/cattle/Texas/24-008749-003/2024(H5N1)	575	1489
PB1|PP755595.1|A/cattle/Texas/24-008749-003/2024(H5N1)	576	1518
PB1|PP755595.1|A/cattle/Texas/24-008749-003/2024(H5N1)	577	1536
PB1|PP755595.1|A/cattle/Texas/24-008749-003/2024(H5N1)	578	1539
PB1|PP755595.1|A/cattle/Texas/24-008749-003/2024(H5N1)	579	1523
PB1|PP755595.1|A/cattle/Texas/24-008749-003/2024(H5N1)	580	1517
PB1|PP755595.1|A/cattle/Texas/24-008749-003/2024(H5N1)	581	1527
PB1|PP755595.1|A/cattle/Texas/24-008749-003/2024(H5N1)	582	1528
PB1|PP755595.1|A/cattle/Texas/24-008749-003/2024(H5N1)	583	1530
PB1|PP755595.1|A/cattle/Texas/24-008749-003/2024(H5N1)	584	1520
PB1|PP755595.1|A/cattle/Texas/24-008749-003/2024(H5N1)	585	1431
PB1|PP755595.1|A/cattle/Texas/24-008749-003/2024(H5N1)	586	1461
PB1|PP755595.1|A/cattle/Texas/24-008749-003/2024(H5N1)	587	1376
PB1|PP755595.1|A/cattle/Texas/24-008749-003/2024(H5N1)	588	1329
PB1|PP755595.1|A/cattle/Texas/24-008749-003/2024(H5N1)	589	1333
PB1|PP755595.1|A/cattle/Texas/24-008749-003/2024(H5N1)	590	1321
PB1|PP755595.1|A/cattle/Texas/24-008749-003/2024(H5N1)	591	1322
PB1|PP755595.1|A/cattle/Texas/24-008749-003/2024(H5N1)	592	1341
PB1|PP755595.1|A/cattle/Texas/24-008749-003/2024(H5N1)	593	1340
PB1|PP755595.1|A/cattle/Texas/24-008749-003/2024(H5N1)	594	1349
PB1|PP755595.1|A/cattle/Texas/24-008749-003/2024(H5N1)	595	1347
PB1|PP755595.1|A/cattle/Texas/24-008749-003/2024(H5N1)	596	1342
PB1|PP755595.1|A/cattle/Texas/24-008749-003/2024(H5N1)	597	1339
PB1|PP755595.1|A/cattle/Texas/24-008749-003/2024(H5N1)	598	1323
PB1|PP755595.1|A/cattle/Texas/24-008749-003/2024(H5N1)	599	1318
PB1|PP755595.1|A/cattle/Texas/24-008749-003/2024(H5N1)	600	1312
PB1|PP755595.1|A/cattle/Texas/24-008749-003/2024(H5N1)	601	1310
PB1|PP755595.1|A/cattle/Texas/24-008749-003/2024(H5N1)	602	1287
PB1|PP755595.1|A/cattle/Texas/24-008749-003/2024(H5N1)	603	1284
PB1|PP755595.1|A/cattle/Texas/24-008749-003/2024(H5N1)	604	1281
PB1|PP755595.1|A/cattle/Texas/24-008749-003/2024(H5N1)	605	1271
PB1|PP755595.1|A/cattle/Texas/24-008749-003/2024(H5N1)	606	1270
PB1|PP755595.1|A/cattle/Texas/24-008749-003/2024(H5N1)	607	1102
PB1|PP755595.1|A/cattle/Texas/24-008749-003/2024(H5N1)	608	1102
PB1|PP755595.1|A/cattle/Texas/24-008749-003/2024(H5N1)	609	1102
PB1|PP755595.1|A/cattle/Texas/24-008749-003/2024(H5N1)	610	1102
PB1|PP755595.1|A/cattle/Texas/24-008749-003/2024(H5N1)	611	1102
PB1|PP755595.1|A/cattle/Texas/24-008749-003/2024(H5N1)	612	1102
PB1|PP755595.1|A/cattle/Texas/24-008749-003/2024(H5N1)	613	1277
PB1|PP755595.1|A/cattle/Texas/24-008749-003/2024(H5N1)	614	1277
PB1|PP755595.1|A/cattle/Texas/24-008749-003/2024(H5N1)	615	1277
PB1|PP755595.1|A/cattle/Texas/24-008749-003/2024(H5N1)	616	1277
PB1|PP755595.1|A/cattle/Texas/24-008749-003/2024(H5N1)	617	1276
PB1|PP755595.1|A/cattle/Texas/24-008749-003/2024(H5N1)	618	1273
PB1|PP755595.1|A/cattle/Texas/24-008749-003/2024(H5N1)	619	1270
PB1|PP755595.1|A/cattle/Texas/24-008749-003/2024(H5N1)	620	1256
PB1|PP755595.1|A/cattle/Texas/24-008749-003/2024(H5N1)	621	1268
PB1|PP755595.1|A/cattle/Texas/24-008749-003/2024(H5N1)	622	1284
PB1|PP755595.1|A/cattle/Texas/24-008749-003/2024(H5N1)	623	1282
PB1|PP755595.1|A/cattle/Texas/24-008749-003/2024(H5N1)	624	1283
PB1|PP755595.1|A/cattle/Texas/24-008749-003/2024(H5N1)	625	1281
PB1|PP755595.1|A/cattle/Texas/24-008749-003/2024(H5N1)	626	1272
PB1|PP755595.1|A/cattle/Texas/24-008749-003/2024(H5N1)	627	1272
PB1|PP755595.1|A/cattle/Texas/24-008749-003/2024(H5N1)	628	1267
PB1|PP755595.1|A/cattle/Texas/24-008749-003/2024(H5N1)	629	1256
PB1|PP755595.1|A/cattle/Texas/24-008749-003/2024(H5N1)	630	1254
PB1|PP755595.1|A/cattle/Texas/24-008749-003/2024(H5N1)	631	1247
PB1|PP755595.1|A/cattle/Texas/24-008749-003/2024(H5N1)	632	1242
PB1|PP755595.1|A/cattle/Texas/24-008749-003/2024(H5N1)	633	1178
PB1|PP755595.1|A/cattle/Texas/24-008749-003/2024(H5N1)	634	1138
PB1|PP755595.1|A/cattle/Texas/24-008749-003/2024(H5N1)	635	1138
PB1|PP755595.1|A/cattle/Texas/24-008749-003/2024(H5N1)	636	1137
PB1|PP755595.1|A/cattle/Texas/24-008749-003/2024(H5N1)	637	1137
PB1|PP755595.1|A/cattle/Texas/24-008749-003/2024(H5N1)	638	1137
PB1|PP755595.1|A/cattle/Texas/24-008749-003/2024(H5N1)	639	1135
PB1|PP755595.1|A/cattle/Texas/24-008749-003/2024(H5N1)	640	1132
PB1|PP755595.1|A/cattle/Texas/24-008749-003/2024(H5N1)	641	1111
PB1|PP755595.1|A/cattle/Texas/24-008749-003/2024(H5N1)	642	1111
PB1|PP755595.1|A/cattle/Texas/24-008749-003/2024(H5N1)	643	1111
PB1|PP755595.1|A/cattle/Texas/24-008749-003/2024(H5N1)	644	1107
PB1|PP755595.1|A/cattle/Texas/24-008749-003/2024(H5N1)	645	1091
PB1|PP755595.1|A/cattle/Texas/24-008749-003/2024(H5N1)	646	1082
PB1|PP755595.1|A/cattle/Texas/24-008749-003/2024(H5N1)	647	1080
PB1|PP755595.1|A/cattle/Texas/24-008749-003/2024(H5N1)	648	1053
PB1|PP755595.1|A/cattle/Texas/24-008749-003/2024(H5N1)	649	1045
PB1|PP755595.1|A/cattle/Texas/24-008749-003/2024(H5N1)	650	1041
PB1|PP755595.1|A/cattle/Texas/24-008749-003/2024(H5N1)	651	911
PB1|PP755595.1|A/cattle/Texas/24-008749-003/2024(H5N1)	652	910
PB1|PP755595.1|A/cattle/Texas/24-008749-003/2024(H5N1)	653	910
PB1|PP755595.1|A/cattle/Texas/24-008749-003/2024(H5N1)	654	910
PB1|PP755595.1|A/cattle/Texas/24-008749-003/2024(H5N1)	655	1091
PB1|PP755595.1|A/cattle/Texas/24-008749-003/2024(H5N1)	656	1094
PB1|PP755595.1|A/cattle/Texas/24-008749-003/2024(H5N1)	657	1098
PB1|PP755595.1|A/cattle/Texas/24-008749-003/2024(H5N1)	658	1098
PB1|PP755595.1|A/cattle/Texas/24-008749-003/2024(H5N1)	659	1106
PB1|PP755595.1|A/cattle/Texas/24-008749-003/2024(H5N1)	660	1106
PB1|PP755595.1|A/cattle/Texas/24-008749-003/2024(H5N1)	661	1106
PB1|PP755595.1|A/cattle/Texas/24-008749-003/2024(H5N1)	662	1101
PB1|PP755595.1|A/cattle/Texas/24-008749-003/2024(H5N1)	663	1095
PB1|PP755595.1|A/cattle/Texas/24-008749-003/2024(H5N1)	664	1076
PB1|PP755595.1|A/cattle/Texas/24-008749-003/2024(H5N1)	665	1153
PB1|PP755595.1|A/cattle/Texas/24-008749-003/2024(H5N1)	666	1154
PB1|PP755595.1|A/cattle/Texas/24-008749-003/2024(H5N1)	667	1167
PB1|PP755595.1|A/cattle/Texas/24-008749-003/2024(H5N1)	668	1169
PB1|PP755595.1|A/cattle/Texas/24-008749-003/2024(H5N1)	669	1171
PB1|PP755595.1|A/cattle/Texas/24-008749-003/2024(H5N1)	670	1161
PB1|PP755595.1|A/cattle/Texas/24-008749-003/2024(H5N1)	671	1120
PB1|PP755595.1|A/cattle/Texas/24-008749-003/2024(H5N1)	672	1123
PB1|PP755595.1|A/cattle/Texas/24-008749-003/2024(H5N1)	673	1116
PB1|PP755595.1|A/cattle/Texas/24-008749-003/2024(H5N1)	674	1114
PB1|PP755595.1|A/cattle/Texas/24-008749-003/2024(H5N1)	675	1113
PB1|PP755595.1|A/cattle/Texas/24-008749-003/2024(H5N1)	676	1169
PB1|PP755595.1|A/cattle/Texas/24-008749-003/2024(H5N1)	677	1167
PB1|PP755595.1|A/cattle/Texas/24-008749-003/2024(H5N1)	678	1150
PB1|PP755595.1|A/cattle/Texas/24-008749-003/2024(H5N1)	679	1151
PB1|PP755595.1|A/cattle/Texas/24-008749-003/2024(H5N1)	680	1146
PB1|PP755595.1|A/cattle/Texas/24-008749-003/2024(H5N1)	681	1095
PB1|PP755595.1|A/cattle/Texas/24-008749-003/2024(H5N1)	682	1103
PB1|PP755595.1|A/cattle/Texas/24-008749-003/2024(H5N1)	683	1102
PB1|PP755595.1|A/cattle/Texas/24-008749-003/2024(H5N1)	684	1101
PB1|PP755595.1|A/cattle/Texas/24-008749-003/2024(H5N1)	685	1101
PB1|PP755595.1|A/cattle/Texas/24-008749-003/2024(H5N1)	686	1099
PB1|PP755595.1|A/cattle/Texas/24-008749-003/2024(H5N1)	687	1099
PB1|PP755595.1|A/cattle/Texas/24-008749-003/2024(H5N1)	688	1093
PB1|PP755595.1|A/cattle/Texas/24-008749-003/2024(H5N1)	689	1085
PB1|PP755595.1|A/cattle/Texas/24-008749-003/2024(H5N1)	690	1073
PB1|PP755595.1|A/cattle/Texas/24-008749-003/2024(H5N1)	691	1073
PB1|PP755595.1|A/cattle/Texas/24-008749-003/2024(H5N1)	692	1048
PB1|PP755595.1|A/cattle/Texas/24-008749-003/2024(H5N1)	693	1048
PB1|PP755595.1|A/cattle/Texas/24-008749-003/2024(H5N1)	694	1092
PB1|PP755595.1|A/cattle/Texas/24-008749-003/2024(H5N1)	695	1105
PB1|PP755595.1|A/cattle/Texas/24-008749-003/2024(H5N1)	696	1105
PB1|PP755595.1|A/cattle/Texas/24-008749-003/2024(H5N1)	697	1104
PB1|PP755595.1|A/cattle/Texas/24-008749-003/2024(H5N1)	698	1097
PB1|PP755595.1|A/cattle/Texas/24-008749-003/2024(H5N1)	699	1087
PB1|PP755595.1|A/cattle/Texas/24-008749-003/2024(H5N1)	700	1093
PB1|PP755595.1|A/cattle/Texas/24-008749-003/2024(H5N1)	701	1090
PB1|PP755595.1|A/cattle/Texas/24-008749-003/2024(H5N1)	702	1082
PB1|PP755595.1|A/cattle/Texas/24-008749-003/2024(H5N1)	703	1084
PB1|PP755595.1|A/cattle/Texas/24-008749-003/2024(H5N1)	704	1085
PB1|PP755595.1|A/cattle/Texas/24-008749-003/2024(H5N1)	705	1084
PB1|PP755595.1|A/cattle/Texas/24-008749-003/2024(H5N1)	706	1079
PB1|PP755595.1|A/cattle/Texas/24-008749-003/2024(H5N1)	707	1074
PB1|PP755595.1|A/cattle/Texas/24-008749-003/2024(H5N1)	708	1067
PB1|PP755595.1|A/cattle/Texas/24-008749-003/2024(H5N1)	709	1091
PB1|PP755595.1|A/cattle/Texas/24-008749-003/2024(H5N1)	710	1092
PB1|PP755595.1|A/cattle/Texas/24-008749-003/2024(H5N1)	711	1089
PB1|PP755595.1|A/cattle/Texas/24-008749-003/2024(H5N1)	712	1072
PB1|PP755595.1|A/cattle/Texas/24-008749-003/2024(H5N1)	713	1071
PB1|PP755595.1|A/cattle/Texas/24-008749-003/2024(H5N1)	714	1061
PB1|PP755595.1|A/cattle/Texas/24-008749-003/2024(H5N1)	715	1047
PB1|PP755595.1|A/cattle/Texas/24-008749-003/2024(H5N1)	716	1047
PB1|PP755595.1|A/cattle/Texas/24-008749-003/2024(H5N1)	717	1041
PB1|PP755595.1|A/cattle/Texas/24-008749-003/2024(H5N1)	718	1041
PB1|PP755595.1|A/cattle/Texas/24-008749-003/2024(H5N1)	719	975
PB1|PP755595.1|A/cattle/Texas/24-008749-003/2024(H5N1)	720	974
PB1|PP755595.1|A/cattle/Texas/24-008749-003/2024(H5N1)	721	998
PB1|PP755595.1|A/cattle/Texas/24-008749-003/2024(H5N1)	722	989
PB1|PP755595.1|A/cattle/Texas/24-008749-003/2024(H5N1)	723	994
PB1|PP755595.1|A/cattle/Texas/24-008749-003/2024(H5N1)	724	995
PB1|PP755595.1|A/cattle/Texas/24-008749-003/2024(H5N1)	725	984
PB1|PP755595.1|A/cattle/Texas/24-008749-003/2024(H5N1)	726	970
PB1|PP755595.1|A/cattle/Texas/24-008749-003/2024(H5N1)	727	954
PB1|PP755595.1|A/cattle/Texas/24-008749-003/2024(H5N1)	728	955
PB1|PP755595.1|A/cattle/Texas/24-008749-003/2024(H5N1)	729	954
PB1|PP755595.1|A/cattle/Texas/24-008749-003/2024(H5N1)	730	923
PB1|PP755595.1|A/cattle/Texas/24-008749-003/2024(H5N1)	731	885
PB1|PP755595.1|A/cattle/Texas/24-008749-003/2024(H5N1)	732	696
PB1|PP755595.1|A/cattle/Texas/24-008749-003/2024(H5N1)	733	694
PB1|PP755595.1|A/cattle/Texas/24-008749-003/2024(H5N1)	734	691
PB1|PP755595.1|A/cattle/Texas/24-008749-003/2024(H5N1)	735	691
PB1|PP755595.1|A/cattle/Texas/24-008749-003/2024(H5N1)	736	692
PB1|PP755595.1|A/cattle/Texas/24-008749-003/2024(H5N1)	737	692
PB1|PP755595.1|A/cattle/Texas/24-008749-003/2024(H5N1)	738	689
PB1|PP755595.1|A/cattle/Texas/24-008749-003/2024(H5N1)	739	687
PB1|PP755595.1|A/cattle/Texas/24-008749-003/2024(H5N1)	740	686
PB1|PP755595.1|A/cattle/Texas/24-008749-003/2024(H5N1)	741	686
PB1|PP755595.1|A/cattle/Texas/24-008749-003/2024(H5N1)	742	686
PB1|PP755595.1|A/cattle/Texas/24-008749-003/2024(H5N1)	743	687
PB1|PP755595.1|A/cattle/Texas/24-008749-003/2024(H5N1)	744	687
PB1|PP755595.1|A/cattle/Texas/24-008749-003/2024(H5N1)	745	873
PB1|PP755595.1|A/cattle/Texas/24-008749-003/2024(H5N1)	746	873
PB1|PP755595.1|A/cattle/Texas/24-008749-003/2024(H5N1)	747	873
PB1|PP755595.1|A/cattle/Texas/24-008749-003/2024(H5N1)	748	873
PB1|PP755595.1|A/cattle/Texas/24-008749-003/2024(H5N1)	749	873
PB1|PP755595.1|A/cattle/Texas/24-008749-003/2024(H5N1)	750	873
PB1|PP755595.1|A/cattle/Texas/24-008749-003/2024(H5N1)	751	933
PB1|PP755595.1|A/cattle/Texas/24-008749-003/2024(H5N1)	752	949
PB1|PP755595.1|A/cattle/Texas/24-008749-003/2024(H5N1)	753	949
PB1|PP755595.1|A/cattle/Texas/24-008749-003/2024(H5N1)	754	952
PB1|PP755595.1|A/cattle/Texas/24-008749-003/2024(H5N1)	755	956
PB1|PP755595.1|A/cattle/Texas/24-008749-003/2024(H5N1)	756	958
PB1|PP755595.1|A/cattle/Texas/24-008749-003/2024(H5N1)	757	959
PB1|PP755595.1|A/cattle/Texas/24-008749-003/2024(H5N1)	758	952
PB1|PP755595.1|A/cattle/Texas/24-008749-003/2024(H5N1)	759	936
PB1|PP755595.1|A/cattle/Texas/24-008749-003/2024(H5N1)	760	887
PB1|PP755595.1|A/cattle/Texas/24-008749-003/2024(H5N1)	761	887
PB1|PP755595.1|A/cattle/Texas/24-008749-003/2024(H5N1)	762	882
PB1|PP755595.1|A/cattle/Texas/24-008749-003/2024(H5N1)	763	884
PB1|PP755595.1|A/cattle/Texas/24-008749-003/2024(H5N1)	764	884
PB1|PP755595.1|A/cattle/Texas/24-008749-003/2024(H5N1)	765	882
PB1|PP755595.1|A/cattle/Texas/24-008749-003/2024(H5N1)	766	882
PB1|PP755595.1|A/cattle/Texas/24-008749-003/2024(H5N1)	767	882
PB1|PP755595.1|A/cattle/Texas/24-008749-003/2024(H5N1)	768	882
PB1|PP755595.1|A/cattle/Texas/24-008749-003/2024(H5N1)	769	882
PB1|PP755595.1|A/cattle/Texas/24-008749-003/2024(H5N1)	770	882
PB1|PP755595.1|A/cattle/Texas/24-008749-003/2024(H5N1)	771	880
PB1|PP755595.1|A/cattle/Texas/24-008749-003/2024(H5N1)	772	822
PB1|PP755595.1|A/cattle/Texas/24-008749-003/2024(H5N1)	773	824
PB1|PP755595.1|A/cattle/Texas/24-008749-003/2024(H5N1)	774	832
PB1|PP755595.1|A/cattle/Texas/24-008749-003/2024(H5N1)	775	948
PB1|PP755595.1|A/cattle/Texas/24-008749-003/2024(H5N1)	776	951
PB1|PP755595.1|A/cattle/Texas/24-008749-003/2024(H5N1)	777	954
PB1|PP755595.1|A/cattle/Texas/24-008749-003/2024(H5N1)	778	954
PB1|PP755595.1|A/cattle/Texas/24-008749-003/2024(H5N1)	779	954
PB1|PP755595.1|A/cattle/Texas/24-008749-003/2024(H5N1)	780	984
PB1|PP755595.1|A/cattle/Texas/24-008749-003/2024(H5N1)	781	984
PB1|PP755595.1|A/cattle/Texas/24-008749-003/2024(H5N1)	782	984
PB1|PP755595.1|A/cattle/Texas/24-008749-003/2024(H5N1)	783	943
PB1|PP755595.1|A/cattle/Texas/24-008749-003/2024(H5N1)	784	943
PB1|PP755595.1|A/cattle/Texas/24-008749-003/2024(H5N1)	785	941
PB1|PP755595.1|A/cattle/Texas/24-008749-003/2024(H5N1)	786	910
PB1|PP755595.1|A/cattle/Texas/24-008749-003/2024(H5N1)	787	923
PB1|PP755595.1|A/cattle/Texas/24-008749-003/2024(H5N1)	788	924
PB1|PP755595.1|A/cattle/Texas/24-008749-003/2024(H5N1)	789	924
PB1|PP755595.1|A/cattle/Texas/24-008749-003/2024(H5N1)	790	924
PB1|PP755595.1|A/cattle/Texas/24-008749-003/2024(H5N1)	791	924
PB1|PP755595.1|A/cattle/Texas/24-008749-003/2024(H5N1)	792	909
PB1|PP755595.1|A/cattle/Texas/24-008749-003/2024(H5N1)	793	931
PB1|PP755595.1|A/cattle/Texas/24-008749-003/2024(H5N1)	794	937
PB1|PP755595.1|A/cattle/Texas/24-008749-003/2024(H5N1)	795	938
PB1|PP755595.1|A/cattle/Texas/24-008749-003/2024(H5N1)	796	939
PB1|PP755595.1|A/cattle/Texas/24-008749-003/2024(H5N1)	797	939
PB1|PP755595.1|A/cattle/Texas/24-008749-003/2024(H5N1)	798	937
PB1|PP755595.1|A/cattle/Texas/24-008749-003/2024(H5N1)	799	937
PB1|PP755595.1|A/cattle/Texas/24-008749-003/2024(H5N1)	800	936
PB1|PP755595.1|A/cattle/Texas/24-008749-003/2024(H5N1)	801	887
PB1|PP755595.1|A/cattle/Texas/24-008749-003/2024(H5N1)	802	901
PB1|PP755595.1|A/cattle/Texas/24-008749-003/2024(H5N1)	803	927
PB1|PP755595.1|A/cattle/Texas/24-008749-003/2024(H5N1)	804	943
PB1|PP755595.1|A/cattle/Texas/24-008749-003/2024(H5N1)	805	952
PB1|PP755595.1|A/cattle/Texas/24-008749-003/2024(H5N1)	806	953
PB1|PP755595.1|A/cattle/Texas/24-008749-003/2024(H5N1)	807	953
PB1|PP755595.1|A/cattle/Texas/24-008749-003/2024(H5N1)	808	956
PB1|PP755595.1|A/cattle/Texas/24-008749-003/2024(H5N1)	809	956
PB1|PP755595.1|A/cattle/Texas/24-008749-003/2024(H5N1)	810	951
PB1|PP755595.1|A/cattle/Texas/24-008749-003/2024(H5N1)	811	933
PB1|PP755595.1|A/cattle/Texas/24-008749-003/2024(H5N1)	812	895
PB1|PP755595.1|A/cattle/Texas/24-008749-003/2024(H5N1)	813	892
PB1|PP755595.1|A/cattle/Texas/24-008749-003/2024(H5N1)	814	877
PB1|PP755595.1|A/cattle/Texas/24-008749-003/2024(H5N1)	815	912
PB1|PP755595.1|A/cattle/Texas/24-008749-003/2024(H5N1)	816	879
PB1|PP755595.1|A/cattle/Texas/24-008749-003/2024(H5N1)	817	904
PB1|PP755595.1|A/cattle/Texas/24-008749-003/2024(H5N1)	818	904
PB1|PP755595.1|A/cattle/Texas/24-008749-003/2024(H5N1)	819	905
PB1|PP755595.1|A/cattle/Texas/24-008749-003/2024(H5N1)	820	905
PB1|PP755595.1|A/cattle/Texas/24-008749-003/2024(H5N1)	821	937
PB1|PP755595.1|A/cattle/Texas/24-008749-003/2024(H5N1)	822	916
PB1|PP755595.1|A/cattle/Texas/24-008749-003/2024(H5N1)	823	887
PB1|PP755595.1|A/cattle/Texas/24-008749-003/2024(H5N1)	824	914
PB1|PP755595.1|A/cattle/Texas/24-008749-003/2024(H5N1)	825	915
PB1|PP755595.1|A/cattle/Texas/24-008749-003/2024(H5N1)	826	933
PB1|PP755595.1|A/cattle/Texas/24-008749-003/2024(H5N1)	827	943
PB1|PP755595.1|A/cattle/Texas/24-008749-003/2024(H5N1)	828	949
PB1|PP755595.1|A/cattle/Texas/24-008749-003/2024(H5N1)	829	953
PB1|PP755595.1|A/cattle/Texas/24-008749-003/2024(H5N1)	830	954
PB1|PP755595.1|A/cattle/Texas/24-008749-003/2024(H5N1)	831	926
PB1|PP755595.1|A/cattle/Texas/24-008749-003/2024(H5N1)	832	958
PB1|PP755595.1|A/cattle/Texas/24-008749-003/2024(H5N1)	833	958
PB1|PP755595.1|A/cattle/Texas/24-008749-003/2024(H5N1)	834	963
PB1|PP755595.1|A/cattle/Texas/24-008749-003/2024(H5N1)	835	982
PB1|PP755595.1|A/cattle/Texas/24-008749-003/2024(H5N1)	836	988
PB1|PP755595.1|A/cattle/Texas/24-008749-003/2024(H5N1)	837	987
PB1|PP755595.1|A/cattle/Texas/24-008749-003/2024(H5N1)	838	983
PB1|PP755595.1|A/cattle/Texas/24-008749-003/2024(H5N1)	839	980
PB1|PP755595.1|A/cattle/Texas/24-008749-003/2024(H5N1)	840	908
PB1|PP755595.1|A/cattle/Texas/24-008749-003/2024(H5N1)	841	911
PB1|PP755595.1|A/cattle/Texas/24-008749-003/2024(H5N1)	842	911
PB1|PP755595.1|A/cattle/Texas/24-008749-003/2024(H5N1)	843	911
PB1|PP755595.1|A/cattle/Texas/24-008749-003/2024(H5N1)	844	911
PB1|PP755595.1|A/cattle/Texas/24-008749-003/2024(H5N1)	845	912
PB1|PP755595.1|A/cattle/Texas/24-008749-003/2024(H5N1)	846	937
PB1|PP755595.1|A/cattle/Texas/24-008749-003/2024(H5N1)	847	1041
PB1|PP755595.1|A/cattle/Texas/24-008749-003/2024(H5N1)	848	1045
PB1|PP755595.1|A/cattle/Texas/24-008749-003/2024(H5N1)	849	1047
PB1|PP755595.1|A/cattle/Texas/24-008749-003/2024(H5N1)	850	1047
PB1|PP755595.1|A/cattle/Texas/24-008749-003/2024(H5N1)	851	1047
PB1|PP755595.1|A/cattle/Texas/24-008749-003/2024(H5N1)	852	1048
PB1|PP755595.1|A/cattle/Texas/24-008749-003/2024(H5N1)	853	1050
PB1|PP755595.1|A/cattle/Texas/24-008749-003/2024(H5N1)	854	1125
PB1|PP755595.1|A/cattle/Texas/24-008749-003/2024(H5N1)	855	1124
PB1|PP755595.1|A/cattle/Texas/24-008749-003/2024(H5N1)	856	1126
PB1|PP755595.1|A/cattle/Texas/24-008749-003/2024(H5N1)	857	1127
PB1|PP755595.1|A/cattle/Texas/24-008749-003/2024(H5N1)	858	1129
PB1|PP755595.1|A/cattle/Texas/24-008749-003/2024(H5N1)	859	1135
PB1|PP755595.1|A/cattle/Texas/24-008749-003/2024(H5N1)	860	1140
PB1|PP755595.1|A/cattle/Texas/24-008749-003/2024(H5N1)	861	1150
PB1|PP755595.1|A/cattle/Texas/24-008749-003/2024(H5N1)	862	1148
PB1|PP755595.1|A/cattle/Texas/24-008749-003/2024(H5N1)	863	1147
PB1|PP755595.1|A/cattle/Texas/24-008749-003/2024(H5N1)	864	1180
PB1|PP755595.1|A/cattle/Texas/24-008749-003/2024(H5N1)	865	1189
PB1|PP755595.1|A/cattle/Texas/24-008749-003/2024(H5N1)	866	1204
PB1|PP755595.1|A/cattle/Texas/24-008749-003/2024(H5N1)	867	1205
PB1|PP755595.1|A/cattle/Texas/24-008749-003/2024(H5N1)	868	1205
PB1|PP755595.1|A/cattle/Texas/24-008749-003/2024(H5N1)	869	1207
PB1|PP755595.1|A/cattle/Texas/24-008749-003/2024(H5N1)	870	1217
PB1|PP755595.1|A/cattle/Texas/24-008749-003/2024(H5N1)	871	1261
PB1|PP755595.1|A/cattle/Texas/24-008749-003/2024(H5N1)	872	1237
PB1|PP755595.1|A/cattle/Texas/24-008749-003/2024(H5N1)	873	1236
PB1|PP755595.1|A/cattle/Texas/24-008749-003/2024(H5N1)	874	1233
PB1|PP755595.1|A/cattle/Texas/24-008749-003/2024(H5N1)	875	1232
PB1|PP755595.1|A/cattle/Texas/24-008749-003/2024(H5N1)	876	1143
PB1|PP755595.1|A/cattle/Texas/24-008749-003/2024(H5N1)	877	1183
PB1|PP755595.1|A/cattle/Texas/24-008749-003/2024(H5N1)	878	1190
PB1|PP755595.1|A/cattle/Texas/24-008749-003/2024(H5N1)	879	1267
PB1|PP755595.1|A/cattle/Texas/24-008749-003/2024(H5N1)	880	1341
PB1|PP755595.1|A/cattle/Texas/24-008749-003/2024(H5N1)	881	1341
PB1|PP755595.1|A/cattle/Texas/24-008749-003/2024(H5N1)	882	1343
PB1|PP755595.1|A/cattle/Texas/24-008749-003/2024(H5N1)	883	1345
PB1|PP755595.1|A/cattle/Texas/24-008749-003/2024(H5N1)	884	1484
PB1|PP755595.1|A/cattle/Texas/24-008749-003/2024(H5N1)	885	1483
PB1|PP755595.1|A/cattle/Texas/24-008749-003/2024(H5N1)	886	1496
PB1|PP755595.1|A/cattle/Texas/24-008749-003/2024(H5N1)	887	1496
PB1|PP755595.1|A/cattle/Texas/24-008749-003/2024(H5N1)	888	1496
PB1|PP755595.1|A/cattle/Texas/24-008749-003/2024(H5N1)	889	1542
PB1|PP755595.1|A/cattle/Texas/24-008749-003/2024(H5N1)	890	1544
PB1|PP755595.1|A/cattle/Texas/24-008749-003/2024(H5N1)	891	1549
PB1|PP755595.1|A/cattle/Texas/24-008749-003/2024(H5N1)	892	1505
PB1|PP755595.1|A/cattle/Texas/24-008749-003/2024(H5N1)	893	1452
PB1|PP755595.1|A/cattle/Texas/24-008749-003/2024(H5N1)	894	1485
PB1|PP755595.1|A/cattle/Texas/24-008749-003/2024(H5N1)	895	1483
PB1|PP755595.1|A/cattle/Texas/24-008749-003/2024(H5N1)	896	1495
PB1|PP755595.1|A/cattle/Texas/24-008749-003/2024(H5N1)	897	1445
PB1|PP755595.1|A/cattle/Texas/24-008749-003/2024(H5N1)	898	1445
PB1|PP755595.1|A/cattle/Texas/24-008749-003/2024(H5N1)	899	1445
PB1|PP755595.1|A/cattle/Texas/24-008749-003/2024(H5N1)	900	1451
PB1|PP755595.1|A/cattle/Texas/24-008749-003/2024(H5N1)	901	1453
PB1|PP755595.1|A/cattle/Texas/24-008749-003/2024(H5N1)	902	1466
PB1|PP755595.1|A/cattle/Texas/24-008749-003/2024(H5N1)	903	1450
PB1|PP755595.1|A/cattle/Texas/24-008749-003/2024(H5N1)	904	1451
PB1|PP755595.1|A/cattle/Texas/24-008749-003/2024(H5N1)	905	1442
PB1|PP755595.1|A/cattle/Texas/24-008749-003/2024(H5N1)	906	1323
PB1|PP755595.1|A/cattle/Texas/24-008749-003/2024(H5N1)	907	1329
PB1|PP755595.1|A/cattle/Texas/24-008749-003/2024(H5N1)	908	1335
PB1|PP755595.1|A/cattle/Texas/24-008749-003/2024(H5N1)	909	1335
PB1|PP755595.1|A/cattle/Texas/24-008749-003/2024(H5N1)	910	1354
PB1|PP755595.1|A/cattle/Texas/24-008749-003/2024(H5N1)	911	1357
PB1|PP755595.1|A/cattle/Texas/24-008749-003/2024(H5N1)	912	1422
PB1|PP755595.1|A/cattle/Texas/24-008749-003/2024(H5N1)	913	1429
PB1|PP755595.1|A/cattle/Texas/24-008749-003/2024(H5N1)	914	1450
PB1|PP755595.1|A/cattle/Texas/24-008749-003/2024(H5N1)	915	1450
PB1|PP755595.1|A/cattle/Texas/24-008749-003/2024(H5N1)	916	1453
PB1|PP755595.1|A/cattle/Texas/24-008749-003/2024(H5N1)	917	1469
PB1|PP755595.1|A/cattle/Texas/24-008749-003/2024(H5N1)	918	1573
PB1|PP755595.1|A/cattle/Texas/24-008749-003/2024(H5N1)	919	1577
PB1|PP755595.1|A/cattle/Texas/24-008749-003/2024(H5N1)	920	1586
PB1|PP755595.1|A/cattle/Texas/24-008749-003/2024(H5N1)	921	1587
PB1|PP755595.1|A/cattle/Texas/24-008749-003/2024(H5N1)	922	1589
PB1|PP755595.1|A/cattle/Texas/24-008749-003/2024(H5N1)	923	1595
PB1|PP755595.1|A/cattle/Texas/24-008749-003/2024(H5N1)	924	1600
PB1|PP755595.1|A/cattle/Texas/24-008749-003/2024(H5N1)	925	1595
PB1|PP755595.1|A/cattle/Texas/24-008749-003/2024(H5N1)	926	1599
PB1|PP755595.1|A/cattle/Texas/24-008749-003/2024(H5N1)	927	1611
PB1|PP755595.1|A/cattle/Texas/24-008749-003/2024(H5N1)	928	1612
PB1|PP755595.1|A/cattle/Texas/24-008749-003/2024(H5N1)	929	1612
PB1|PP755595.1|A/cattle/Texas/24-008749-003/2024(H5N1)	930	1613
PB1|PP755595.1|A/cattle/Texas/24-008749-003/2024(H5N1)	931	1590
PB1|PP755595.1|A/cattle/Texas/24-008749-003/2024(H5N1)	932	1589
PB1|PP755595.1|A/cattle/Texas/24-008749-003/2024(H5N1)	933	1600
PB1|PP755595.1|A/cattle/Texas/24-008749-003/2024(H5N1)	934	1615
PB1|PP755595.1|A/cattle/Texas/24-008749-003/2024(H5N1)	935	1613
PB1|PP755595.1|A/cattle/Texas/24-008749-003/2024(H5N1)	936	1574
PB1|PP755595.1|A/cattle/Texas/24-008749-003/2024(H5N1)	937	1574
PB1|PP755595.1|A/cattle/Texas/24-008749-003/2024(H5N1)	938	1575
PB1|PP755595.1|A/cattle/Texas/24-008749-003/2024(H5N1)	939	1587
PB1|PP755595.1|A/cattle/Texas/24-008749-003/2024(H5N1)	940	1605
PB1|PP755595.1|A/cattle/Texas/24-008749-003/2024(H5N1)	941	1608
PB1|PP755595.1|A/cattle/Texas/24-008749-003/2024(H5N1)	942	1609
PB1|PP755595.1|A/cattle/Texas/24-008749-003/2024(H5N1)	943	1621
PB1|PP755595.1|A/cattle/Texas/24-008749-003/2024(H5N1)	944	1621
PB1|PP755595.1|A/cattle/Texas/24-008749-003/2024(H5N1)	945	1633
PB1|PP755595.1|A/cattle/Texas/24-008749-003/2024(H5N1)	946	1634
PB1|PP755595.1|A/cattle/Texas/24-008749-003/2024(H5N1)	947	1638
PB1|PP755595.1|A/cattle/Texas/24-008749-003/2024(H5N1)	948	1660
PB1|PP755595.1|A/cattle/Texas/24-008749-003/2024(H5N1)	949	1662
PB1|PP755595.1|A/cattle/Texas/24-008749-003/2024(H5N1)	950	1662
PB1|PP755595.1|A/cattle/Texas/24-008749-003/2024(H5N1)	951	1682
PB1|PP755595.1|A/cattle/Texas/24-008749-003/2024(H5N1)	952	1684
PB1|PP755595.1|A/cattle/Texas/24-008749-003/2024(H5N1)	953	1687
PB1|PP755595.1|A/cattle/Texas/24-008749-003/2024(H5N1)	954	1662
PB1|PP755595.1|A/cattle/Texas/24-008749-003/2024(H5N1)	955	1662
PB1|PP755595.1|A/cattle/Texas/24-008749-003/2024(H5N1)	956	1667
PB1|PP755595.1|A/cattle/Texas/24-008749-003/2024(H5N1)	957	1672
PB1|PP755595.1|A/cattle/Texas/24-008749-003/2024(H5N1)	958	1673
PB1|PP755595.1|A/cattle/Texas/24-008749-003/2024(H5N1)	959	1666
PB1|PP755595.1|A/cattle/Texas/24-008749-003/2024(H5N1)	960	1664
PB1|PP755595.1|A/cattle/Texas/24-008749-003/2024(H5N1)	961	1670
PB1|PP755595.1|A/cattle/Texas/24-008749-003/2024(H5N1)	962	1692
PB1|PP755595.1|A/cattle/Texas/24-008749-003/2024(H5N1)	963	1706
PB1|PP755595.1|A/cattle/Texas/24-008749-003/2024(H5N1)	964	1704
PB1|PP755595.1|A/cattle/Texas/24-008749-003/2024(H5N1)	965	1706
PB1|PP755595.1|A/cattle/Texas/24-008749-003/2024(H5N1)	966	1667
PB1|PP755595.1|A/cattle/Texas/24-008749-003/2024(H5N1)	967	1666
PB1|PP755595.1|A/cattle/Texas/24-008749-003/2024(H5N1)	968	1655
PB1|PP755595.1|A/cattle/Texas/24-008749-003/2024(H5N1)	969	1655
PB1|PP755595.1|A/cattle/Texas/24-008749-003/2024(H5N1)	970	1650
PB1|PP755595.1|A/cattle/Texas/24-008749-003/2024(H5N1)	971	1619
PB1|PP755595.1|A/cattle/Texas/24-008749-003/2024(H5N1)	972	1562
PB1|PP755595.1|A/cattle/Texas/24-008749-003/2024(H5N1)	973	1517
PB1|PP755595.1|A/cattle/Texas/24-008749-003/2024(H5N1)	974	1509
PB1|PP755595.1|A/cattle/Texas/24-008749-003/2024(H5N1)	975	1498
PB1|PP755595.1|A/cattle/Texas/24-008749-003/2024(H5N1)	976	1557
PB1|PP755595.1|A/cattle/Texas/24-008749-003/2024(H5N1)	977	1557
PB1|PP755595.1|A/cattle/Texas/24-008749-003/2024(H5N1)	978	1551
PB1|PP755595.1|A/cattle/Texas/24-008749-003/2024(H5N1)	979	1546
PB1|PP755595.1|A/cattle/Texas/24-008749-003/2024(H5N1)	980	1544
PB1|PP755595.1|A/cattle/Texas/24-008749-003/2024(H5N1)	981	1510
PB1|PP755595.1|A/cattle/Texas/24-008749-003/2024(H5N1)	982	1538
PB1|PP755595.1|A/cattle/Texas/24-008749-003/2024(H5N1)	983	1540
PB1|PP755595.1|A/cattle/Texas/24-008749-003/2024(H5N1)	984	1553
PB1|PP755595.1|A/cattle/Texas/24-008749-003/2024(H5N1)	985	1549
PB1|PP755595.1|A/cattle/Texas/24-008749-003/2024(H5N1)	986	1544
PB1|PP755595.1|A/cattle/Texas/24-008749-003/2024(H5N1)	987	1543
PB1|PP755595.1|A/cattle/Texas/24-008749-003/2024(H5N1)	988	1540
PB1|PP755595.1|A/cattle/Texas/24-008749-003/2024(H5N1)	989	1537
PB1|PP755595.1|A/cattle/Texas/24-008749-003/2024(H5N1)	990	1518
PB1|PP755595.1|A/cattle/Texas/24-008749-003/2024(H5N1)	991	1521
PB1|PP755595.1|A/cattle/Texas/24-008749-003/2024(H5N1)	992	1521
PB1|PP755595.1|A/cattle/Texas/24-008749-003/2024(H5N1)	993	1521
PB1|PP755595.1|A/cattle/Texas/24-008749-003/2024(H5N1)	994	1515
PB1|PP755595.1|A/cattle/Texas/24-008749-003/2024(H5N1)	995	1499
PB1|PP755595.1|A/cattle/Texas/24-008749-003/2024(H5N1)	996	1498
PB1|PP755595.1|A/cattle/Texas/24-008749-003/2024(H5N1)	997	1452
PB1|PP755595.1|A/cattle/Texas/24-008749-003/2024(H5N1)	998	1450
PB1|PP755595.1|A/cattle/Texas/24-008749-003/2024(H5N1)	999	1438
PB1|PP755595.1|A/cattle/Texas/24-008749-003/2024(H5N1)	1000	1436
PB1|PP755595.1|A/cattle/Texas/24-008749-003/2024(H5N1)	1001	1436
PB1|PP755595.1|A/cattle/Texas/24-008749-003/2024(H5N1)	1002	1435
PB1|PP755595.1|A/cattle/Texas/24-008749-003/2024(H5N1)	1003	1539
PB1|PP755595.1|A/cattle/Texas/24-008749-003/2024(H5N1)	1004	1539
PB1|PP755595.1|A/cattle/Texas/24-008749-003/2024(H5N1)	1005	1450
PB1|PP755595.1|A/cattle/Texas/24-008749-003/2024(H5N1)	1006	1450
PB1|PP755595.1|A/cattle/Texas/24-008749-003/2024(H5N1)	1007	1448
PB1|PP755595.1|A/cattle/Texas/24-008749-003/2024(H5N1)	1008	1448
PB1|PP755595.1|A/cattle/Texas/24-008749-003/2024(H5N1)	1009	1523
PB1|PP755595.1|A/cattle/Texas/24-008749-003/2024(H5N1)	1010	1512
PB1|PP755595.1|A/cattle/Texas/24-008749-003/2024(H5N1)	1011	1506
PB1|PP755595.1|A/cattle/Texas/24-008749-003/2024(H5N1)	1012	1504
PB1|PP755595.1|A/cattle/Texas/24-008749-003/2024(H5N1)	1013	1504
PB1|PP755595.1|A/cattle/Texas/24-008749-003/2024(H5N1)	1014	1502
PB1|PP755595.1|A/cattle/Texas/24-008749-003/2024(H5N1)	1015	1498
PB1|PP755595.1|A/cattle/Texas/24-008749-003/2024(H5N1)	1016	1495
PB1|PP755595.1|A/cattle/Texas/24-008749-003/2024(H5N1)	1017	1478
PB1|PP755595.1|A/cattle/Texas/24-008749-003/2024(H5N1)	1018	1477
PB1|PP755595.1|A/cattle/Texas/24-008749-003/2024(H5N1)	1019	1477
PB1|PP755595.1|A/cattle/Texas/24-008749-003/2024(H5N1)	1020	1466
PB1|PP755595.1|A/cattle/Texas/24-008749-003/2024(H5N1)	1021	1544
PB1|PP755595.1|A/cattle/Texas/24-008749-003/2024(H5N1)	1022	1519
PB1|PP755595.1|A/cattle/Texas/24-008749-003/2024(H5N1)	1023	1523
PB1|PP755595.1|A/cattle/Texas/24-008749-003/2024(H5N1)	1024	1538
PB1|PP755595.1|A/cattle/Texas/24-008749-003/2024(H5N1)	1025	1539
PB1|PP755595.1|A/cattle/Texas/24-008749-003/2024(H5N1)	1026	1526
PB1|PP755595.1|A/cattle/Texas/24-008749-003/2024(H5N1)	1027	1519
PB1|PP755595.1|A/cattle/Texas/24-008749-003/2024(H5N1)	1028	1477
PB1|PP755595.1|A/cattle/Texas/24-008749-003/2024(H5N1)	1029	1474
PB1|PP755595.1|A/cattle/Texas/24-008749-003/2024(H5N1)	1030	1405
PB1|PP755595.1|A/cattle/Texas/24-008749-003/2024(H5N1)	1031	1351
PB1|PP755595.1|A/cattle/Texas/24-008749-003/2024(H5N1)	1032	1347
PB1|PP755595.1|A/cattle/Texas/24-008749-003/2024(H5N1)	1033	1334
PB1|PP755595.1|A/cattle/Texas/24-008749-003/2024(H5N1)	1034	1219
PB1|PP755595.1|A/cattle/Texas/24-008749-003/2024(H5N1)	1035	1215
PB1|PP755595.1|A/cattle/Texas/24-008749-003/2024(H5N1)	1036	1242
PB1|PP755595.1|A/cattle/Texas/24-008749-003/2024(H5N1)	1037	1235
PB1|PP755595.1|A/cattle/Texas/24-008749-003/2024(H5N1)	1038	1234
PB1|PP755595.1|A/cattle/Texas/24-008749-003/2024(H5N1)	1039	1232
PB1|PP755595.1|A/cattle/Texas/24-008749-003/2024(H5N1)	1040	1190
PB1|PP755595.1|A/cattle/Texas/24-008749-003/2024(H5N1)	1041	1189
PB1|PP755595.1|A/cattle/Texas/24-008749-003/2024(H5N1)	1042	1184
PB1|PP755595.1|A/cattle/Texas/24-008749-003/2024(H5N1)	1043	1184
PB1|PP755595.1|A/cattle/Texas/24-008749-003/2024(H5N1)	1044	1182
PB1|PP755595.1|A/cattle/Texas/24-008749-003/2024(H5N1)	1045	1149
PB1|PP755595.1|A/cattle/Texas/24-008749-003/2024(H5N1)	1046	1131
PB1|PP755595.1|A/cattle/Texas/24-008749-003/2024(H5N1)	1047	981
PB1|PP755595.1|A/cattle/Texas/24-008749-003/2024(H5N1)	1048	981
PB1|PP755595.1|A/cattle/Texas/24-008749-003/2024(H5N1)	1049	981
PB1|PP755595.1|A/cattle/Texas/24-008749-003/2024(H5N1)	1050	981
PB1|PP755595.1|A/cattle/Texas/24-008749-003/2024(H5N1)	1051	979
PB1|PP755595.1|A/cattle/Texas/24-008749-003/2024(H5N1)	1052	979
PB1|PP755595.1|A/cattle/Texas/24-008749-003/2024(H5N1)	1053	967
PB1|PP755595.1|A/cattle/Texas/24-008749-003/2024(H5N1)	1054	967
PB1|PP755595.1|A/cattle/Texas/24-008749-003/2024(H5N1)	1055	967
PB1|PP755595.1|A/cattle/Texas/24-008749-003/2024(H5N1)	1056	967
PB1|PP755595.1|A/cattle/Texas/24-008749-003/2024(H5N1)	1057	1095
PB1|PP755595.1|A/cattle/Texas/24-008749-003/2024(H5N1)	1058	1095
PB1|PP755595.1|A/cattle/Texas/24-008749-003/2024(H5N1)	1059	1095
PB1|PP755595.1|A/cattle/Texas/24-008749-003/2024(H5N1)	1060	1095
PB1|PP755595.1|A/cattle/Texas/24-008749-003/2024(H5N1)	1061	1096
PB1|PP755595.1|A/cattle/Texas/24-008749-003/2024(H5N1)	1062	1097
PB1|PP755595.1|A/cattle/Texas/24-008749-003/2024(H5N1)	1063	1247
PB1|PP755595.1|A/cattle/Texas/24-008749-003/2024(H5N1)	1064	1253
PB1|PP755595.1|A/cattle/Texas/24-008749-003/2024(H5N1)	1065	1254
PB1|PP755595.1|A/cattle/Texas/24-008749-003/2024(H5N1)	1066	1256
PB1|PP755595.1|A/cattle/Texas/24-008749-003/2024(H5N1)	1067	1256
PB1|PP755595.1|A/cattle/Texas/24-008749-003/2024(H5N1)	1068	1243
PB1|PP755595.1|A/cattle/Texas/24-008749-003/2024(H5N1)	1069	1142
PB1|PP755595.1|A/cattle/Texas/24-008749-003/2024(H5N1)	1070	1138
PB1|PP755595.1|A/cattle/Texas/24-008749-003/2024(H5N1)	1071	1130
PB1|PP755595.1|A/cattle/Texas/24-008749-003/2024(H5N1)	1072	1182
PB1|PP755595.1|A/cattle/Texas/24-008749-003/2024(H5N1)	1073	1185
PB1|PP755595.1|A/cattle/Texas/24-008749-003/2024(H5N1)	1074	1198
PB1|PP755595.1|A/cattle/Texas/24-008749-003/2024(H5N1)	1075	1194
PB1|PP755595.1|A/cattle/Texas/24-008749-003/2024(H5N1)	1076	1198
PB1|PP755595.1|A/cattle/Texas/24-008749-003/2024(H5N1)	1077	1191
PB1|PP755595.1|A/cattle/Texas/24-008749-003/2024(H5N1)	1078	1184
PB1|PP755595.1|A/cattle/Texas/24-008749-003/2024(H5N1)	1079	1183
PB1|PP755595.1|A/cattle/Texas/24-008749-003/2024(H5N1)	1080	1186
PB1|PP755595.1|A/cattle/Texas/24-008749-003/2024(H5N1)	1081	1194
PB1|PP755595.1|A/cattle/Texas/24-008749-003/2024(H5N1)	1082	1203
PB1|PP755595.1|A/cattle/Texas/24-008749-003/2024(H5N1)	1083	1185
PB1|PP755595.1|A/cattle/Texas/24-008749-003/2024(H5N1)	1084	1180
PB1|PP755595.1|A/cattle/Texas/24-008749-003/2024(H5N1)	1085	1176
PB1|PP755595.1|A/cattle/Texas/24-008749-003/2024(H5N1)	1086	1173
PB1|PP755595.1|A/cattle/Texas/24-008749-003/2024(H5N1)	1087	1170
PB1|PP755595.1|A/cattle/Texas/24-008749-003/2024(H5N1)	1088	1170
PB1|PP755595.1|A/cattle/Texas/24-008749-003/2024(H5N1)	1089	1169
PB1|PP755595.1|A/cattle/Texas/24-008749-003/2024(H5N1)	1090	1103
PB1|PP755595.1|A/cattle/Texas/24-008749-003/2024(H5N1)	1091	1093
PB1|PP755595.1|A/cattle/Texas/24-008749-003/2024(H5N1)	1092	1090
PB1|PP755595.1|A/cattle/Texas/24-008749-003/2024(H5N1)	1093	1114
PB1|PP755595.1|A/cattle/Texas/24-008749-003/2024(H5N1)	1094	1115
PB1|PP755595.1|A/cattle/Texas/24-008749-003/2024(H5N1)	1095	1122
PB1|PP755595.1|A/cattle/Texas/24-008749-003/2024(H5N1)	1096	1200
PB1|PP755595.1|A/cattle/Texas/24-008749-003/2024(H5N1)	1097	1251
PB1|PP755595.1|A/cattle/Texas/24-008749-003/2024(H5N1)	1098	1275
PB1|PP755595.1|A/cattle/Texas/24-008749-003/2024(H5N1)	1099	1282
PB1|PP755595.1|A/cattle/Texas/24-008749-003/2024(H5N1)	1100	1318
PB1|PP755595.1|A/cattle/Texas/24-008749-003/2024(H5N1)	1101	1319
PB1|PP755595.1|A/cattle/Texas/24-008749-003/2024(H5N1)	1102	1300
PB1|PP755595.1|A/cattle/Texas/24-008749-003/2024(H5N1)	1103	1325
PB1|PP755595.1|A/cattle/Texas/24-008749-003/2024(H5N1)	1104	1319
PB1|PP755595.1|A/cattle/Texas/24-008749-003/2024(H5N1)	1105	1321
PB1|PP755595.1|A/cattle/Texas/24-008749-003/2024(H5N1)	1106	1295
PB1|PP755595.1|A/cattle/Texas/24-008749-003/2024(H5N1)	1107	1277
PB1|PP755595.1|A/cattle/Texas/24-008749-003/2024(H5N1)	1108	1300
PB1|PP755595.1|A/cattle/Texas/24-008749-003/2024(H5N1)	1109	1303
PB1|PP755595.1|A/cattle/Texas/24-008749-003/2024(H5N1)	1110	1303
PB1|PP755595.1|A/cattle/Texas/24-008749-003/2024(H5N1)	1111	1303
PB1|PP755595.1|A/cattle/Texas/24-008749-003/2024(H5N1)	1112	1303
PB1|PP755595.1|A/cattle/Texas/24-008749-003/2024(H5N1)	1113	1279
PB1|PP755595.1|A/cattle/Texas/24-008749-003/2024(H5N1)	1114	1264
PB1|PP755595.1|A/cattle/Texas/24-008749-003/2024(H5N1)	1115	1250
PB1|PP755595.1|A/cattle/Texas/24-008749-003/2024(H5N1)	1116	1248
PB1|PP755595.1|A/cattle/Texas/24-008749-003/2024(H5N1)	1117	1228
PB1|PP755595.1|A/cattle/Texas/24-008749-003/2024(H5N1)	1118	1221
PB1|PP755595.1|A/cattle/Texas/24-008749-003/2024(H5N1)	1119	970
PB1|PP755595.1|A/cattle/Texas/24-008749-003/2024(H5N1)	1120	970
PB1|PP755595.1|A/cattle/Texas/24-008749-003/2024(H5N1)	1121	970
PB1|PP755595.1|A/cattle/Texas/24-008749-003/2024(H5N1)	1122	970
PB1|PP755595.1|A/cattle/Texas/24-008749-003/2024(H5N1)	1123	970
PB1|PP755595.1|A/cattle/Texas/24-008749-003/2024(H5N1)	1124	970
PB1|PP755595.1|A/cattle/Texas/24-008749-003/2024(H5N1)	1125	970
PB1|PP755595.1|A/cattle/Texas/24-008749-003/2024(H5N1)	1126	970
PB1|PP755595.1|A/cattle/Texas/24-008749-003/2024(H5N1)	1127	970
PB1|PP755595.1|A/cattle/Texas/24-008749-003/2024(H5N1)	1128	970
PB1|PP755595.1|A/cattle/Texas/24-008749-003/2024(H5N1)	1129	970
PB1|PP755595.1|A/cattle/Texas/24-008749-003/2024(H5N1)	1130	970
PB1|PP755595.1|A/cattle/Texas/24-008749-003/2024(H5N1)	1131	956
PB1|PP755595.1|A/cattle/Texas/24-008749-003/2024(H5N1)	1132	970
PB1|PP755595.1|A/cattle/Texas/24-008749-003/2024(H5N1)	1133	970
PB1|PP755595.1|A/cattle/Texas/24-008749-003/2024(H5N1)	1134	970
PB1|PP755595.1|A/cattle/Texas/24-008749-003/2024(H5N1)	1135	1399
PB1|PP755595.1|A/cattle/Texas/24-008749-003/2024(H5N1)	1136	1399
PB1|PP755595.1|A/cattle/Texas/24-008749-003/2024(H5N1)	1137	1404
PB1|PP755595.1|A/cattle/Texas/24-008749-003/2024(H5N1)	1138	1413
PB1|PP755595.1|A/cattle/Texas/24-008749-003/2024(H5N1)	1139	1419
PB1|PP755595.1|A/cattle/Texas/24-008749-003/2024(H5N1)	1140	1426
PB1|PP755595.1|A/cattle/Texas/24-008749-003/2024(H5N1)	1141	1427
PB1|PP755595.1|A/cattle/Texas/24-008749-003/2024(H5N1)	1142	1428
PB1|PP755595.1|A/cattle/Texas/24-008749-003/2024(H5N1)	1143	1432
PB1|PP755595.1|A/cattle/Texas/24-008749-003/2024(H5N1)	1144	1432
PB1|PP755595.1|A/cattle/Texas/24-008749-003/2024(H5N1)	1145	1447
PB1|PP755595.1|A/cattle/Texas/24-008749-003/2024(H5N1)	1146	1453
PB1|PP755595.1|A/cattle/Texas/24-008749-003/2024(H5N1)	1147	1454
PB1|PP755595.1|A/cattle/Texas/24-008749-003/2024(H5N1)	1148	1458
PB1|PP755595.1|A/cattle/Texas/24-008749-003/2024(H5N1)	1149	1464
PB1|PP755595.1|A/cattle/Texas/24-008749-003/2024(H5N1)	1150	1467
PB1|PP755595.1|A/cattle/Texas/24-008749-003/2024(H5N1)	1151	1479
PB1|PP755595.1|A/cattle/Texas/24-008749-003/2024(H5N1)	1152	1482
PB1|PP755595.1|A/cattle/Texas/24-008749-003/2024(H5N1)	1153	1487
PB1|PP755595.1|A/cattle/Texas/24-008749-003/2024(H5N1)	1154	1491
PB1|PP755595.1|A/cattle/Texas/24-008749-003/2024(H5N1)	1155	1491
PB1|PP755595.1|A/cattle/Texas/24-008749-003/2024(H5N1)	1156	1487
PB1|PP755595.1|A/cattle/Texas/24-008749-003/2024(H5N1)	1157	1442
PB1|PP755595.1|A/cattle/Texas/24-008749-003/2024(H5N1)	1158	1472
PB1|PP755595.1|A/cattle/Texas/24-008749-003/2024(H5N1)	1159	1476
PB1|PP755595.1|A/cattle/Texas/24-008749-003/2024(H5N1)	1160	1476
PB1|PP755595.1|A/cattle/Texas/24-008749-003/2024(H5N1)	1161	1476
PB1|PP755595.1|A/cattle/Texas/24-008749-003/2024(H5N1)	1162	1491
PB1|PP755595.1|A/cattle/Texas/24-008749-003/2024(H5N1)	1163	1492
PB1|PP755595.1|A/cattle/Texas/24-008749-003/2024(H5N1)	1164	1449
PB1|PP755595.1|A/cattle/Texas/24-008749-003/2024(H5N1)	1165	1448
PB1|PP755595.1|A/cattle/Texas/24-008749-003/2024(H5N1)	1166	1448
PB1|PP755595.1|A/cattle/Texas/24-008749-003/2024(H5N1)	1167	1244
PB1|PP755595.1|A/cattle/Texas/24-008749-003/2024(H5N1)	1168	1244
PB1|PP755595.1|A/cattle/Texas/24-008749-003/2024(H5N1)	1169	1244
PB1|PP755595.1|A/cattle/Texas/24-008749-003/2024(H5N1)	1170	1242
PB1|PP755595.1|A/cattle/Texas/24-008749-003/2024(H5N1)	1171	1249
PB1|PP755595.1|A/cattle/Texas/24-008749-003/2024(H5N1)	1172	1257
PB1|PP755595.1|A/cattle/Texas/24-008749-003/2024(H5N1)	1173	1268
PB1|PP755595.1|A/cattle/Texas/24-008749-003/2024(H5N1)	1174	1324
PB1|PP755595.1|A/cattle/Texas/24-008749-003/2024(H5N1)	1175	1325
PB1|PP755595.1|A/cattle/Texas/24-008749-003/2024(H5N1)	1176	1329
PB1|PP755595.1|A/cattle/Texas/24-008749-003/2024(H5N1)	1177	1329
PB1|PP755595.1|A/cattle/Texas/24-008749-003/2024(H5N1)	1178	1345
PB1|PP755595.1|A/cattle/Texas/24-008749-003/2024(H5N1)	1179	1360
PB1|PP755595.1|A/cattle/Texas/24-008749-003/2024(H5N1)	1180	1424
PB1|PP755595.1|A/cattle/Texas/24-008749-003/2024(H5N1)	1181	1436
PB1|PP755595.1|A/cattle/Texas/24-008749-003/2024(H5N1)	1182	1441
PB1|PP755595.1|A/cattle/Texas/24-008749-003/2024(H5N1)	1183	1531
PB1|PP755595.1|A/cattle/Texas/24-008749-003/2024(H5N1)	1184	1538
PB1|PP755595.1|A/cattle/Texas/24-008749-003/2024(H5N1)	1185	1561
PB1|PP755595.1|A/cattle/Texas/24-008749-003/2024(H5N1)	1186	1592
PB1|PP755595.1|A/cattle/Texas/24-008749-003/2024(H5N1)	1187	1593
PB1|PP755595.1|A/cattle/Texas/24-008749-003/2024(H5N1)	1188	1597
PB1|PP755595.1|A/cattle/Texas/24-008749-003/2024(H5N1)	1189	1604
PB1|PP755595.1|A/cattle/Texas/24-008749-003/2024(H5N1)	1190	1605
PB1|PP755595.1|A/cattle/Texas/24-008749-003/2024(H5N1)	1191	1623
PB1|PP755595.1|A/cattle/Texas/24-008749-003/2024(H5N1)	1192	1623
PB1|PP755595.1|A/cattle/Texas/24-008749-003/2024(H5N1)	1193	1593
PB1|PP755595.1|A/cattle/Texas/24-008749-003/2024(H5N1)	1194	1592
PB1|PP755595.1|A/cattle/Texas/24-008749-003/2024(H5N1)	1195	1591
PB1|PP755595.1|A/cattle/Texas/24-008749-003/2024(H5N1)	1196	1592
PB1|PP755595.1|A/cattle/Texas/24-008749-003/2024(H5N1)	1197	1509
PB1|PP755595.1|A/cattle/Texas/24-008749-003/2024(H5N1)	1198	1509
PB1|PP755595.1|A/cattle/Texas/24-008749-003/2024(H5N1)	1199	1511
PB1|PP755595.1|A/cattle/Texas/24-008749-003/2024(H5N1)	1200	1511
PB1|PP755595.1|A/cattle/Texas/24-008749-003/2024(H5N1)	1201	1649
PB1|PP755595.1|A/cattle/Texas/24-008749-003/2024(H5N1)	1202	1657
PB1|PP755595.1|A/cattle/Texas/24-008749-003/2024(H5N1)	1203	1680
PB1|PP755595.1|A/cattle/Texas/24-008749-003/2024(H5N1)	1204	1681
PB1|PP755595.1|A/cattle/Texas/24-008749-003/2024(H5N1)	1205	1712
PB1|PP755595.1|A/cattle/Texas/24-008749-003/2024(H5N1)	1206	1717
PB1|PP755595.1|A/cattle/Texas/24-008749-003/2024(H5N1)	1207	1724
PB1|PP755595.1|A/cattle/Texas/24-008749-003/2024(H5N1)	1208	1722
PB1|PP755595.1|A/cattle/Texas/24-008749-003/2024(H5N1)	1209	1584
PB1|PP755595.1|A/cattle/Texas/24-008749-003/2024(H5N1)	1210	1583
PB1|PP755595.1|A/cattle/Texas/24-008749-003/2024(H5N1)	1211	1663
PB1|PP755595.1|A/cattle/Texas/24-008749-003/2024(H5N1)	1212	1667
PB1|PP755595.1|A/cattle/Texas/24-008749-003/2024(H5N1)	1213	1675
PB1|PP755595.1|A/cattle/Texas/24-008749-003/2024(H5N1)	1214	1681
PB1|PP755595.1|A/cattle/Texas/24-008749-003/2024(H5N1)	1215	1683
PB1|PP755595.1|A/cattle/Texas/24-008749-003/2024(H5N1)	1216	1701
PB1|PP755595.1|A/cattle/Texas/24-008749-003/2024(H5N1)	1217	1725
PB1|PP755595.1|A/cattle/Texas/24-008749-003/2024(H5N1)	1218	1727
PB1|PP755595.1|A/cattle/Texas/24-008749-003/2024(H5N1)	1219	1731
PB1|PP755595.1|A/cattle/Texas/24-008749-003/2024(H5N1)	1220	1698
PB1|PP755595.1|A/cattle/Texas/24-008749-003/2024(H5N1)	1221	1713
PB1|PP755595.1|A/cattle/Texas/24-008749-003/2024(H5N1)	1222	1723
PB1|PP755595.1|A/cattle/Texas/24-008749-003/2024(H5N1)	1223	1721
PB1|PP755595.1|A/cattle/Texas/24-008749-003/2024(H5N1)	1224	1723
PB1|PP755595.1|A/cattle/Texas/24-008749-003/2024(H5N1)	1225	1708
PB1|PP755595.1|A/cattle/Texas/24-008749-003/2024(H5N1)	1226	1704
PB1|PP755595.1|A/cattle/Texas/24-008749-003/2024(H5N1)	1227	1701
PB1|PP755595.1|A/cattle/Texas/24-008749-003/2024(H5N1)	1228	1716
PB1|PP755595.1|A/cattle/Texas/24-008749-003/2024(H5N1)	1229	1727
PB1|PP755595.1|A/cattle/Texas/24-008749-003/2024(H5N1)	1230	1722
PB1|PP755595.1|A/cattle/Texas/24-008749-003/2024(H5N1)	1231	1727
PB1|PP755595.1|A/cattle/Texas/24-008749-003/2024(H5N1)	1232	1733
PB1|PP755595.1|A/cattle/Texas/24-008749-003/2024(H5N1)	1233	1761
PB1|PP755595.1|A/cattle/Texas/24-008749-003/2024(H5N1)	1234	1772
PB1|PP755595.1|A/cattle/Texas/24-008749-003/2024(H5N1)	1235	1781
PB1|PP755595.1|A/cattle/Texas/24-008749-003/2024(H5N1)	1236	1784
PB1|PP755595.1|A/cattle/Texas/24-008749-003/2024(H5N1)	1237	1777
PB1|PP755595.1|A/cattle/Texas/24-008749-003/2024(H5N1)	1238	1768
PB1|PP755595.1|A/cattle/Texas/24-008749-003/2024(H5N1)	1239	1763
PB1|PP755595.1|A/cattle/Texas/24-008749-003/2024(H5N1)	1240	1774
PB1|PP755595.1|A/cattle/Texas/24-008749-003/2024(H5N1)	1241	1769
PB1|PP755595.1|A/cattle/Texas/24-008749-003/2024(H5N1)	1242	1793
PB1|PP755595.1|A/cattle/Texas/24-008749-003/2024(H5N1)	1243	1845
PB1|PP755595.1|A/cattle/Texas/24-008749-003/2024(H5N1)	1244	1819
PB1|PP755595.1|A/cattle/Texas/24-008749-003/2024(H5N1)	1245	1848
PB1|PP755595.1|A/cattle/Texas/24-008749-003/2024(H5N1)	1246	1868
PB1|PP755595.1|A/cattle/Texas/24-008749-003/2024(H5N1)	1247	1965
PB1|PP755595.1|A/cattle/Texas/24-008749-003/2024(H5N1)	1248	1917
PB1|PP755595.1|A/cattle/Texas/24-008749-003/2024(H5N1)	1249	1890
PB1|PP755595.1|A/cattle/Texas/24-008749-003/2024(H5N1)	1250	1884
PB1|PP755595.1|A/cattle/Texas/24-008749-003/2024(H5N1)	1251	1840
PB1|PP755595.1|A/cattle/Texas/24-008749-003/2024(H5N1)	1252	1837
PB1|PP755595.1|A/cattle/Texas/24-008749-003/2024(H5N1)	1253	1836
PB1|PP755595.1|A/cattle/Texas/24-008749-003/2024(H5N1)	1254	1449
PB1|PP755595.1|A/cattle/Texas/24-008749-003/2024(H5N1)	1255	1448
PB1|PP755595.1|A/cattle/Texas/24-008749-003/2024(H5N1)	1256	1501
PB1|PP755595.1|A/cattle/Texas/24-008749-003/2024(H5N1)	1257	1502
PB1|PP755595.1|A/cattle/Texas/24-008749-003/2024(H5N1)	1258	1799
PB1|PP755595.1|A/cattle/Texas/24-008749-003/2024(H5N1)	1259	1807
PB1|PP755595.1|A/cattle/Texas/24-008749-003/2024(H5N1)	1260	1808
PB1|PP755595.1|A/cattle/Texas/24-008749-003/2024(H5N1)	1261	1813
PB1|PP755595.1|A/cattle/Texas/24-008749-003/2024(H5N1)	1262	1818
PB1|PP755595.1|A/cattle/Texas/24-008749-003/2024(H5N1)	1263	1818
PB1|PP755595.1|A/cattle/Texas/24-008749-003/2024(H5N1)	1264	1858
PB1|PP755595.1|A/cattle/Texas/24-008749-003/2024(H5N1)	1265	1856
PB1|PP755595.1|A/cattle/Texas/24-008749-003/2024(H5N1)	1266	1856
PB1|PP755595.1|A/cattle/Texas/24-008749-003/2024(H5N1)	1267	1867
PB1|PP755595.1|A/cattle/Texas/24-008749-003/2024(H5N1)	1268	1873
PB1|PP755595.1|A/cattle/Texas/24-008749-003/2024(H5N1)	1269	1887
PB1|PP755595.1|A/cattle/Texas/24-008749-003/2024(H5N1)	1270	1898
PB1|PP755595.1|A/cattle/Texas/24-008749-003/2024(H5N1)	1271	1900
PB1|PP755595.1|A/cattle/Texas/24-008749-003/2024(H5N1)	1272	1903
PB1|PP755595.1|A/cattle/Texas/24-008749-003/2024(H5N1)	1273	1903
PB1|PP755595.1|A/cattle/Texas/24-008749-003/2024(H5N1)	1274	1923
PB1|PP755595.1|A/cattle/Texas/24-008749-003/2024(H5N1)	1275	1921
PB1|PP755595.1|A/cattle/Texas/24-008749-003/2024(H5N1)	1276	1884
PB1|PP755595.1|A/cattle/Texas/24-008749-003/2024(H5N1)	1277	1880
PB1|PP755595.1|A/cattle/Texas/24-008749-003/2024(H5N1)	1278	1863
PB1|PP755595.1|A/cattle/Texas/24-008749-003/2024(H5N1)	1279	1872
PB1|PP755595.1|A/cattle/Texas/24-008749-003/2024(H5N1)	1280	1921
PB1|PP755595.1|A/cattle/Texas/24-008749-003/2024(H5N1)	1281	1907
PB1|PP755595.1|A/cattle/Texas/24-008749-003/2024(H5N1)	1282	1915
PB1|PP755595.1|A/cattle/Texas/24-008749-003/2024(H5N1)	1283	1919
PB1|PP755595.1|A/cattle/Texas/24-008749-003/2024(H5N1)	1284	1925
PB1|PP755595.1|A/cattle/Texas/24-008749-003/2024(H5N1)	1285	1930
PB1|PP755595.1|A/cattle/Texas/24-008749-003/2024(H5N1)	1286	1924
PB1|PP755595.1|A/cattle/Texas/24-008749-003/2024(H5N1)	1287	1934
PB1|PP755595.1|A/cattle/Texas/24-008749-003/2024(H5N1)	1288	1931
PB1|PP755595.1|A/cattle/Texas/24-008749-003/2024(H5N1)	1289	1922
PB1|PP755595.1|A/cattle/Texas/24-008749-003/2024(H5N1)	1290	1921
PB1|PP755595.1|A/cattle/Texas/24-008749-003/2024(H5N1)	1291	1924
PB1|PP755595.1|A/cattle/Texas/24-008749-003/2024(H5N1)	1292	1924
PB1|PP755595.1|A/cattle/Texas/24-008749-003/2024(H5N1)	1293	1947
PB1|PP755595.1|A/cattle/Texas/24-008749-003/2024(H5N1)	1294	1946
PB1|PP755595.1|A/cattle/Texas/24-008749-003/2024(H5N1)	1295	1953
PB1|PP755595.1|A/cattle/Texas/24-008749-003/2024(H5N1)	1296	1941
PB1|PP755595.1|A/cattle/Texas/24-008749-003/2024(H5N1)	1297	1936
PB1|PP755595.1|A/cattle/Texas/24-008749-003/2024(H5N1)	1298	1935
PB1|PP755595.1|A/cattle/Texas/24-008749-003/2024(H5N1)	1299	1933
PB1|PP755595.1|A/cattle/Texas/24-008749-003/2024(H5N1)	1300	1998
PB1|PP755595.1|A/cattle/Texas/24-008749-003/2024(H5N1)	1301	2073
PB1|PP755595.1|A/cattle/Texas/24-008749-003/2024(H5N1)	1302	2063
PB1|PP755595.1|A/cattle/Texas/24-008749-003/2024(H5N1)	1303	2077
PB1|PP755595.1|A/cattle/Texas/24-008749-003/2024(H5N1)	1304	2070
PB1|PP755595.1|A/cattle/Texas/24-008749-003/2024(H5N1)	1305	2080
PB1|PP755595.1|A/cattle/Texas/24-008749-003/2024(H5N1)	1306	2098
PB1|PP755595.1|A/cattle/Texas/24-008749-003/2024(H5N1)	1307	2097
PB1|PP755595.1|A/cattle/Texas/24-008749-003/2024(H5N1)	1308	2127
PB1|PP755595.1|A/cattle/Texas/24-008749-003/2024(H5N1)	1309	2077
PB1|PP755595.1|A/cattle/Texas/24-008749-003/2024(H5N1)	1310	2088
PB1|PP755595.1|A/cattle/Texas/24-008749-003/2024(H5N1)	1311	2089
PB1|PP755595.1|A/cattle/Texas/24-008749-003/2024(H5N1)	1312	2074
PB1|PP755595.1|A/cattle/Texas/24-008749-003/2024(H5N1)	1313	2075
PB1|PP755595.1|A/cattle/Texas/24-008749-003/2024(H5N1)	1314	2077
PB1|PP755595.1|A/cattle/Texas/24-008749-003/2024(H5N1)	1315	2085
PB1|PP755595.1|A/cattle/Texas/24-008749-003/2024(H5N1)	1316	2105
PB1|PP755595.1|A/cattle/Texas/24-008749-003/2024(H5N1)	1317	2076
PB1|PP755595.1|A/cattle/Texas/24-008749-003/2024(H5N1)	1318	2082
PB1|PP755595.1|A/cattle/Texas/24-008749-003/2024(H5N1)	1319	2076
PB1|PP755595.1|A/cattle/Texas/24-008749-003/2024(H5N1)	1320	2077
PB1|PP755595.1|A/cattle/Texas/24-008749-003/2024(H5N1)	1321	2159
PB1|PP755595.1|A/cattle/Texas/24-008749-003/2024(H5N1)	1322	2150
PB1|PP755595.1|A/cattle/Texas/24-008749-003/2024(H5N1)	1323	2152
PB1|PP755595.1|A/cattle/Texas/24-008749-003/2024(H5N1)	1324	2155
PB1|PP755595.1|A/cattle/Texas/24-008749-003/2024(H5N1)	1325	2151
PB1|PP755595.1|A/cattle/Texas/24-008749-003/2024(H5N1)	1326	2162
PB1|PP755595.1|A/cattle/Texas/24-008749-003/2024(H5N1)	1327	2154
PB1|PP755595.1|A/cattle/Texas/24-008749-003/2024(H5N1)	1328	2157
PB1|PP755595.1|A/cattle/Texas/24-008749-003/2024(H5N1)	1329	2136
PB1|PP755595.1|A/cattle/Texas/24-008749-003/2024(H5N1)	1330	2082
PB1|PP755595.1|A/cattle/Texas/24-008749-003/2024(H5N1)	1331	2003
PB1|PP755595.1|A/cattle/Texas/24-008749-003/2024(H5N1)	1332	1990
PB1|PP755595.1|A/cattle/Texas/24-008749-003/2024(H5N1)	1333	1992
PB1|PP755595.1|A/cattle/Texas/24-008749-003/2024(H5N1)	1334	1991
PB1|PP755595.1|A/cattle/Texas/24-008749-003/2024(H5N1)	1335	1987
PB1|PP755595.1|A/cattle/Texas/24-008749-003/2024(H5N1)	1336	1963
PB1|PP755595.1|A/cattle/Texas/24-008749-003/2024(H5N1)	1337	1931
PB1|PP755595.1|A/cattle/Texas/24-008749-003/2024(H5N1)	1338	1612
PB1|PP755595.1|A/cattle/Texas/24-008749-003/2024(H5N1)	1339	1606
PB1|PP755595.1|A/cattle/Texas/24-008749-003/2024(H5N1)	1340	1601
PB1|PP755595.1|A/cattle/Texas/24-008749-003/2024(H5N1)	1341	1584
PB1|PP755595.1|A/cattle/Texas/24-008749-003/2024(H5N1)	1342	1584
PB1|PP755595.1|A/cattle/Texas/24-008749-003/2024(H5N1)	1343	1588
PB1|PP755595.1|A/cattle/Texas/24-008749-003/2024(H5N1)	1344	1587
PB1|PP755595.1|A/cattle/Texas/24-008749-003/2024(H5N1)	1345	1603
PB1|PP755595.1|A/cattle/Texas/24-008749-003/2024(H5N1)	1346	1603
PB1|PP755595.1|A/cattle/Texas/24-008749-003/2024(H5N1)	1347	1658
PB1|PP755595.1|A/cattle/Texas/24-008749-003/2024(H5N1)	1348	1661
PB1|PP755595.1|A/cattle/Texas/24-008749-003/2024(H5N1)	1349	1661
PB1|PP755595.1|A/cattle/Texas/24-008749-003/2024(H5N1)	1350	1659
PB1|PP755595.1|A/cattle/Texas/24-008749-003/2024(H5N1)	1351	1665
PB1|PP755595.1|A/cattle/Texas/24-008749-003/2024(H5N1)	1352	1689
PB1|PP755595.1|A/cattle/Texas/24-008749-003/2024(H5N1)	1353	1691
PB1|PP755595.1|A/cattle/Texas/24-008749-003/2024(H5N1)	1354	1763
PB1|PP755595.1|A/cattle/Texas/24-008749-003/2024(H5N1)	1355	1764
PB1|PP755595.1|A/cattle/Texas/24-008749-003/2024(H5N1)	1356	1768
PB1|PP755595.1|A/cattle/Texas/24-008749-003/2024(H5N1)	1357	1777
PB1|PP755595.1|A/cattle/Texas/24-008749-003/2024(H5N1)	1358	1804
PB1|PP755595.1|A/cattle/Texas/24-008749-003/2024(H5N1)	1359	1805
PB1|PP755595.1|A/cattle/Texas/24-008749-003/2024(H5N1)	1360	1814
PB1|PP755595.1|A/cattle/Texas/24-008749-003/2024(H5N1)	1361	1815
PB1|PP755595.1|A/cattle/Texas/24-008749-003/2024(H5N1)	1362	1815
PB1|PP755595.1|A/cattle/Texas/24-008749-003/2024(H5N1)	1363	1832
PB1|PP755595.1|A/cattle/Texas/24-008749-003/2024(H5N1)	1364	1845
PB1|PP755595.1|A/cattle/Texas/24-008749-003/2024(H5N1)	1365	1860
PB1|PP755595.1|A/cattle/Texas/24-008749-003/2024(H5N1)	1366	1849
PB1|PP755595.1|A/cattle/Texas/24-008749-003/2024(H5N1)	1367	1847
PB1|PP755595.1|A/cattle/Texas/24-008749-003/2024(H5N1)	1368	1844
PB1|PP755595.1|A/cattle/Texas/24-008749-003/2024(H5N1)	1369	1844
PB1|PP755595.1|A/cattle/Texas/24-008749-003/2024(H5N1)	1370	1850
PB1|PP755595.1|A/cattle/Texas/24-008749-003/2024(H5N1)	1371	1865
PB1|PP755595.1|A/cattle/Texas/24-008749-003/2024(H5N1)	1372	1934
PB1|PP755595.1|A/cattle/Texas/24-008749-003/2024(H5N1)	1373	1956
PB1|PP755595.1|A/cattle/Texas/24-008749-003/2024(H5N1)	1374	1960
PB1|PP755595.1|A/cattle/Texas/24-008749-003/2024(H5N1)	1375	2072
PB1|PP755595.1|A/cattle/Texas/24-008749-003/2024(H5N1)	1376	2076
PB1|PP755595.1|A/cattle/Texas/24-008749-003/2024(H5N1)	1377	2084
PB1|PP755595.1|A/cattle/Texas/24-008749-003/2024(H5N1)	1378	2068
PB1|PP755595.1|A/cattle/Texas/24-008749-003/2024(H5N1)	1379	2116
PB1|PP755595.1|A/cattle/Texas/24-008749-003/2024(H5N1)	1380	2119
PB1|PP755595.1|A/cattle/Texas/24-008749-003/2024(H5N1)	1381	2123
PB1|PP755595.1|A/cattle/Texas/24-008749-003/2024(H5N1)	1382	2155
PB1|PP755595.1|A/cattle/Texas/24-008749-003/2024(H5N1)	1383	2139
PB1|PP755595.1|A/cattle/Texas/24-008749-003/2024(H5N1)	1384	2153
PB1|PP755595.1|A/cattle/Texas/24-008749-003/2024(H5N1)	1385	2154
PB1|PP755595.1|A/cattle/Texas/24-008749-003/2024(H5N1)	1386	2140
PB1|PP755595.1|A/cattle/Texas/24-008749-003/2024(H5N1)	1387	2134
PB1|PP755595.1|A/cattle/Texas/24-008749-003/2024(H5N1)	1388	2120
PB1|PP755595.1|A/cattle/Texas/24-008749-003/2024(H5N1)	1389	1825
PB1|PP755595.1|A/cattle/Texas/24-008749-003/2024(H5N1)	1390	1838
PB1|PP755595.1|A/cattle/Texas/24-008749-003/2024(H5N1)	1391	1813
PB1|PP755595.1|A/cattle/Texas/24-008749-003/2024(H5N1)	1392	1813
PB1|PP755595.1|A/cattle/Texas/24-008749-003/2024(H5N1)	1393	1819
PB1|PP755595.1|A/cattle/Texas/24-008749-003/2024(H5N1)	1394	1857
PB1|PP755595.1|A/cattle/Texas/24-008749-003/2024(H5N1)	1395	2076
PB1|PP755595.1|A/cattle/Texas/24-008749-003/2024(H5N1)	1396	2246
PB1|PP755595.1|A/cattle/Texas/24-008749-003/2024(H5N1)	1397	2248
PB1|PP755595.1|A/cattle/Texas/24-008749-003/2024(H5N1)	1398	2353
PB1|PP755595.1|A/cattle/Texas/24-008749-003/2024(H5N1)	1399	2356
PB1|PP755595.1|A/cattle/Texas/24-008749-003/2024(H5N1)	1400	2358
PB1|PP755595.1|A/cattle/Texas/24-008749-003/2024(H5N1)	1401	2354
PB1|PP755595.1|A/cattle/Texas/24-008749-003/2024(H5N1)	1402	2346
PB1|PP755595.1|A/cattle/Texas/24-008749-003/2024(H5N1)	1403	2202
PB1|PP755595.1|A/cattle/Texas/24-008749-003/2024(H5N1)	1404	2108
PB1|PP755595.1|A/cattle/Texas/24-008749-003/2024(H5N1)	1405	2106
PB1|PP755595.1|A/cattle/Texas/24-008749-003/2024(H5N1)	1406	2182
PB1|PP755595.1|A/cattle/Texas/24-008749-003/2024(H5N1)	1407	2127
PB1|PP755595.1|A/cattle/Texas/24-008749-003/2024(H5N1)	1408	2119
PB1|PP755595.1|A/cattle/Texas/24-008749-003/2024(H5N1)	1409	2127
PB1|PP755595.1|A/cattle/Texas/24-008749-003/2024(H5N1)	1410	2138
PB1|PP755595.1|A/cattle/Texas/24-008749-003/2024(H5N1)	1411	2137
PB1|PP755595.1|A/cattle/Texas/24-008749-003/2024(H5N1)	1412	2142
PB1|PP755595.1|A/cattle/Texas/24-008749-003/2024(H5N1)	1413	2137
PB1|PP755595.1|A/cattle/Texas/24-008749-003/2024(H5N1)	1414	2142
PB1|PP755595.1|A/cattle/Texas/24-008749-003/2024(H5N1)	1415	2102
PB1|PP755595.1|A/cattle/Texas/24-008749-003/2024(H5N1)	1416	2121
PB1|PP755595.1|A/cattle/Texas/24-008749-003/2024(H5N1)	1417	2124
PB1|PP755595.1|A/cattle/Texas/24-008749-003/2024(H5N1)	1418	2114
PB1|PP755595.1|A/cattle/Texas/24-008749-003/2024(H5N1)	1419	2092
PB1|PP755595.1|A/cattle/Texas/24-008749-003/2024(H5N1)	1420	2092
PB1|PP755595.1|A/cattle/Texas/24-008749-003/2024(H5N1)	1421	2196
PB1|PP755595.1|A/cattle/Texas/24-008749-003/2024(H5N1)	1422	2197
PB1|PP755595.1|A/cattle/Texas/24-008749-003/2024(H5N1)	1423	2276
PB1|PP755595.1|A/cattle/Texas/24-008749-003/2024(H5N1)	1424	2286
PB1|PP755595.1|A/cattle/Texas/24-008749-003/2024(H5N1)	1425	2273
PB1|PP755595.1|A/cattle/Texas/24-008749-003/2024(H5N1)	1426	2271
PB1|PP755595.1|A/cattle/Texas/24-008749-003/2024(H5N1)	1427	2289
PB1|PP755595.1|A/cattle/Texas/24-008749-003/2024(H5N1)	1428	2292
PB1|PP755595.1|A/cattle/Texas/24-008749-003/2024(H5N1)	1429	2317
PB1|PP755595.1|A/cattle/Texas/24-008749-003/2024(H5N1)	1430	2255
PB1|PP755595.1|A/cattle/Texas/24-008749-003/2024(H5N1)	1431	2255
PB1|PP755595.1|A/cattle/Texas/24-008749-003/2024(H5N1)	1432	2251
PB1|PP755595.1|A/cattle/Texas/24-008749-003/2024(H5N1)	1433	2253
PB1|PP755595.1|A/cattle/Texas/24-008749-003/2024(H5N1)	1434	2250
PB1|PP755595.1|A/cattle/Texas/24-008749-003/2024(H5N1)	1435	2278
PB1|PP755595.1|A/cattle/Texas/24-008749-003/2024(H5N1)	1436	2277
PB1|PP755595.1|A/cattle/Texas/24-008749-003/2024(H5N1)	1437	2284
PB1|PP755595.1|A/cattle/Texas/24-008749-003/2024(H5N1)	1438	2280
PB1|PP755595.1|A/cattle/Texas/24-008749-003/2024(H5N1)	1439	2280
PB1|PP755595.1|A/cattle/Texas/24-008749-003/2024(H5N1)	1440	2281
PB1|PP755595.1|A/cattle/Texas/24-008749-003/2024(H5N1)	1441	2292
PB1|PP755595.1|A/cattle/Texas/24-008749-003/2024(H5N1)	1442	2290
PB1|PP755595.1|A/cattle/Texas/24-008749-003/2024(H5N1)	1443	2378
PB1|PP755595.1|A/cattle/Texas/24-008749-003/2024(H5N1)	1444	2421
PB1|PP755595.1|A/cattle/Texas/24-008749-003/2024(H5N1)	1445	2417
PB1|PP755595.1|A/cattle/Texas/24-008749-003/2024(H5N1)	1446	2444
PB1|PP755595.1|A/cattle/Texas/24-008749-003/2024(H5N1)	1447	2456
PB1|PP755595.1|A/cattle/Texas/24-008749-003/2024(H5N1)	1448	2488
PB1|PP755595.1|A/cattle/Texas/24-008749-003/2024(H5N1)	1449	2487
PB1|PP755595.1|A/cattle/Texas/24-008749-003/2024(H5N1)	1450	2487
PB1|PP755595.1|A/cattle/Texas/24-008749-003/2024(H5N1)	1451	2461
PB1|PP755595.1|A/cattle/Texas/24-008749-003/2024(H5N1)	1452	2388
PB1|PP755595.1|A/cattle/Texas/24-008749-003/2024(H5N1)	1453	2395
PB1|PP755595.1|A/cattle/Texas/24-008749-003/2024(H5N1)	1454	2385
PB1|PP755595.1|A/cattle/Texas/24-008749-003/2024(H5N1)	1455	2382
PB1|PP755595.1|A/cattle/Texas/24-008749-003/2024(H5N1)	1456	2385
PB1|PP755595.1|A/cattle/Texas/24-008749-003/2024(H5N1)	1457	2383
PB1|PP755595.1|A/cattle/Texas/24-008749-003/2024(H5N1)	1458	2404
PB1|PP755595.1|A/cattle/Texas/24-008749-003/2024(H5N1)	1459	2389
PB1|PP755595.1|A/cattle/Texas/24-008749-003/2024(H5N1)	1460	2389
PB1|PP755595.1|A/cattle/Texas/24-008749-003/2024(H5N1)	1461	2387
PB1|PP755595.1|A/cattle/Texas/24-008749-003/2024(H5N1)	1462	2393
PB1|PP755595.1|A/cattle/Texas/24-008749-003/2024(H5N1)	1463	2422
PB1|PP755595.1|A/cattle/Texas/24-008749-003/2024(H5N1)	1464	2422
PB1|PP755595.1|A/cattle/Texas/24-008749-003/2024(H5N1)	1465	2453
PB1|PP755595.1|A/cattle/Texas/24-008749-003/2024(H5N1)	1466	2463
PB1|PP755595.1|A/cattle/Texas/24-008749-003/2024(H5N1)	1467	2448
PB1|PP755595.1|A/cattle/Texas/24-008749-003/2024(H5N1)	1468	2455
PB1|PP755595.1|A/cattle/Texas/24-008749-003/2024(H5N1)	1469	2449
PB1|PP755595.1|A/cattle/Texas/24-008749-003/2024(H5N1)	1470	2442
PB1|PP755595.1|A/cattle/Texas/24-008749-003/2024(H5N1)	1471	2441
PB1|PP755595.1|A/cattle/Texas/24-008749-003/2024(H5N1)	1472	2387
PB1|PP755595.1|A/cattle/Texas/24-008749-003/2024(H5N1)	1473	2400
PB1|PP755595.1|A/cattle/Texas/24-008749-003/2024(H5N1)	1474	2434
PB1|PP755595.1|A/cattle/Texas/24-008749-003/2024(H5N1)	1475	2426
PB1|PP755595.1|A/cattle/Texas/24-008749-003/2024(H5N1)	1476	2430
PB1|PP755595.1|A/cattle/Texas/24-008749-003/2024(H5N1)	1477	2427
PB1|PP755595.1|A/cattle/Texas/24-008749-003/2024(H5N1)	1478	2430
PB1|PP755595.1|A/cattle/Texas/24-008749-003/2024(H5N1)	1479	2430
PB1|PP755595.1|A/cattle/Texas/24-008749-003/2024(H5N1)	1480	2454
PB1|PP755595.1|A/cattle/Texas/24-008749-003/2024(H5N1)	1481	2459
PB1|PP755595.1|A/cattle/Texas/24-008749-003/2024(H5N1)	1482	2477
PB1|PP755595.1|A/cattle/Texas/24-008749-003/2024(H5N1)	1483	2485
PB1|PP755595.1|A/cattle/Texas/24-008749-003/2024(H5N1)	1484	2483
PB1|PP755595.1|A/cattle/Texas/24-008749-003/2024(H5N1)	1485	2481
PB1|PP755595.1|A/cattle/Texas/24-008749-003/2024(H5N1)	1486	2498
PB1|PP755595.1|A/cattle/Texas/24-008749-003/2024(H5N1)	1487	2494
PB1|PP755595.1|A/cattle/Texas/24-008749-003/2024(H5N1)	1488	2513
PB1|PP755595.1|A/cattle/Texas/24-008749-003/2024(H5N1)	1489	2504
PB1|PP755595.1|A/cattle/Texas/24-008749-003/2024(H5N1)	1490	2503
PB1|PP755595.1|A/cattle/Texas/24-008749-003/2024(H5N1)	1491	2515
PB1|PP755595.1|A/cattle/Texas/24-008749-003/2024(H5N1)	1492	2522
PB1|PP755595.1|A/cattle/Texas/24-008749-003/2024(H5N1)	1493	2527
PB1|PP755595.1|A/cattle/Texas/24-008749-003/2024(H5N1)	1494	2537
PB1|PP755595.1|A/cattle/Texas/24-008749-003/2024(H5N1)	1495	2529
PB1|PP755595.1|A/cattle/Texas/24-008749-003/2024(H5N1)	1496	2537
PB1|PP755595.1|A/cattle/Texas/24-008749-003/2024(H5N1)	1497	2538
PB1|PP755595.1|A/cattle/Texas/24-008749-003/2024(H5N1)	1498	2490
PB1|PP755595.1|A/cattle/Texas/24-008749-003/2024(H5N1)	1499	2563
PB1|PP755595.1|A/cattle/Texas/24-008749-003/2024(H5N1)	1500	2556
PB1|PP755595.1|A/cattle/Texas/24-008749-003/2024(H5N1)	1501	2562
PB1|PP755595.1|A/cattle/Texas/24-008749-003/2024(H5N1)	1502	2542
PB1|PP755595.1|A/cattle/Texas/24-008749-003/2024(H5N1)	1503	2522
PB1|PP755595.1|A/cattle/Texas/24-008749-003/2024(H5N1)	1504	2520
PB1|PP755595.1|A/cattle/Texas/24-008749-003/2024(H5N1)	1505	2512
PB1|PP755595.1|A/cattle/Texas/24-008749-003/2024(H5N1)	1506	2254
PB1|PP755595.1|A/cattle/Texas/24-008749-003/2024(H5N1)	1507	2258
PB1|PP755595.1|A/cattle/Texas/24-008749-003/2024(H5N1)	1508	2222
PB1|PP755595.1|A/cattle/Texas/24-008749-003/2024(H5N1)	1509	2218
PB1|PP755595.1|A/cattle/Texas/24-008749-003/2024(H5N1)	1510	2222
PB1|PP755595.1|A/cattle/Texas/24-008749-003/2024(H5N1)	1511	2228
PB1|PP755595.1|A/cattle/Texas/24-008749-003/2024(H5N1)	1512	2345
PB1|PP755595.1|A/cattle/Texas/24-008749-003/2024(H5N1)	1513	2385
PB1|PP755595.1|A/cattle/Texas/24-008749-003/2024(H5N1)	1514	2401
PB1|PP755595.1|A/cattle/Texas/24-008749-003/2024(H5N1)	1515	2405
PB1|PP755595.1|A/cattle/Texas/24-008749-003/2024(H5N1)	1516	2406
PB1|PP755595.1|A/cattle/Texas/24-008749-003/2024(H5N1)	1517	2543
PB1|PP755595.1|A/cattle/Texas/24-008749-003/2024(H5N1)	1518	2611
PB1|PP755595.1|A/cattle/Texas/24-008749-003/2024(H5N1)	1519	2620
PB1|PP755595.1|A/cattle/Texas/24-008749-003/2024(H5N1)	1520	2627
PB1|PP755595.1|A/cattle/Texas/24-008749-003/2024(H5N1)	1521	2628
PB1|PP755595.1|A/cattle/Texas/24-008749-003/2024(H5N1)	1522	2657
PB1|PP755595.1|A/cattle/Texas/24-008749-003/2024(H5N1)	1523	2639
PB1|PP755595.1|A/cattle/Texas/24-008749-003/2024(H5N1)	1524	2587
PB1|PP755595.1|A/cattle/Texas/24-008749-003/2024(H5N1)	1525	2637
PB1|PP755595.1|A/cattle/Texas/24-008749-003/2024(H5N1)	1526	2651
PB1|PP755595.1|A/cattle/Texas/24-008749-003/2024(H5N1)	1527	2700
PB1|PP755595.1|A/cattle/Texas/24-008749-003/2024(H5N1)	1528	2733
PB1|PP755595.1|A/cattle/Texas/24-008749-003/2024(H5N1)	1529	2722
PB1|PP755595.1|A/cattle/Texas/24-008749-003/2024(H5N1)	1530	2720
PB1|PP755595.1|A/cattle/Texas/24-008749-003/2024(H5N1)	1531	2677
PB1|PP755595.1|A/cattle/Texas/24-008749-003/2024(H5N1)	1532	2789
PB1|PP755595.1|A/cattle/Texas/24-008749-003/2024(H5N1)	1533	2787
PB1|PP755595.1|A/cattle/Texas/24-008749-003/2024(H5N1)	1534	2785
PB1|PP755595.1|A/cattle/Texas/24-008749-003/2024(H5N1)	1535	2785
PB1|PP755595.1|A/cattle/Texas/24-008749-003/2024(H5N1)	1536	2766
PB1|PP755595.1|A/cattle/Texas/24-008749-003/2024(H5N1)	1537	2766
PB1|PP755595.1|A/cattle/Texas/24-008749-003/2024(H5N1)	1538	2732
PB1|PP755595.1|A/cattle/Texas/24-008749-003/2024(H5N1)	1539	2839
PB1|PP755595.1|A/cattle/Texas/24-008749-003/2024(H5N1)	1540	2817
PB1|PP755595.1|A/cattle/Texas/24-008749-003/2024(H5N1)	1541	2761
PB1|PP755595.1|A/cattle/Texas/24-008749-003/2024(H5N1)	1542	2770
PB1|PP755595.1|A/cattle/Texas/24-008749-003/2024(H5N1)	1543	2785
PB1|PP755595.1|A/cattle/Texas/24-008749-003/2024(H5N1)	1544	2543
PB1|PP755595.1|A/cattle/Texas/24-008749-003/2024(H5N1)	1545	2539
PB1|PP755595.1|A/cattle/Texas/24-008749-003/2024(H5N1)	1546	2542
PB1|PP755595.1|A/cattle/Texas/24-008749-003/2024(H5N1)	1547	2558
PB1|PP755595.1|A/cattle/Texas/24-008749-003/2024(H5N1)	1548	2564
PB1|PP755595.1|A/cattle/Texas/24-008749-003/2024(H5N1)	1549	2486
PB1|PP755595.1|A/cattle/Texas/24-008749-003/2024(H5N1)	1550	2485
PB1|PP755595.1|A/cattle/Texas/24-008749-003/2024(H5N1)	1551	2509
PB1|PP755595.1|A/cattle/Texas/24-008749-003/2024(H5N1)	1552	2506
PB1|PP755595.1|A/cattle/Texas/24-008749-003/2024(H5N1)	1553	2513
PB1|PP755595.1|A/cattle/Texas/24-008749-003/2024(H5N1)	1554	2510
PB1|PP755595.1|A/cattle/Texas/24-008749-003/2024(H5N1)	1555	2505
PB1|PP755595.1|A/cattle/Texas/24-008749-003/2024(H5N1)	1556	2508
PB1|PP755595.1|A/cattle/Texas/24-008749-003/2024(H5N1)	1557	2444
PB1|PP755595.1|A/cattle/Texas/24-008749-003/2024(H5N1)	1558	2442
PB1|PP755595.1|A/cattle/Texas/24-008749-003/2024(H5N1)	1559	2434
PB1|PP755595.1|A/cattle/Texas/24-008749-003/2024(H5N1)	1560	2410
PB1|PP755595.1|A/cattle/Texas/24-008749-003/2024(H5N1)	1561	2435
PB1|PP755595.1|A/cattle/Texas/24-008749-003/2024(H5N1)	1562	2437
PB1|PP755595.1|A/cattle/Texas/24-008749-003/2024(H5N1)	1563	2433
PB1|PP755595.1|A/cattle/Texas/24-008749-003/2024(H5N1)	1564	2511
PB1|PP755595.1|A/cattle/Texas/24-008749-003/2024(H5N1)	1565	2518
PB1|PP755595.1|A/cattle/Texas/24-008749-003/2024(H5N1)	1566	2512
PB1|PP755595.1|A/cattle/Texas/24-008749-003/2024(H5N1)	1567	2522
PB1|PP755595.1|A/cattle/Texas/24-008749-003/2024(H5N1)	1568	2510
PB1|PP755595.1|A/cattle/Texas/24-008749-003/2024(H5N1)	1569	2525
PB1|PP755595.1|A/cattle/Texas/24-008749-003/2024(H5N1)	1570	2499
PB1|PP755595.1|A/cattle/Texas/24-008749-003/2024(H5N1)	1571	2537
PB1|PP755595.1|A/cattle/Texas/24-008749-003/2024(H5N1)	1572	2441
PB1|PP755595.1|A/cattle/Texas/24-008749-003/2024(H5N1)	1573	2424
PB1|PP755595.1|A/cattle/Texas/24-008749-003/2024(H5N1)	1574	2419
PB1|PP755595.1|A/cattle/Texas/24-008749-003/2024(H5N1)	1575	2406
PB1|PP755595.1|A/cattle/Texas/24-008749-003/2024(H5N1)	1576	2408
PB1|PP755595.1|A/cattle/Texas/24-008749-003/2024(H5N1)	1577	2405
PB1|PP755595.1|A/cattle/Texas/24-008749-003/2024(H5N1)	1578	2375
PB1|PP755595.1|A/cattle/Texas/24-008749-003/2024(H5N1)	1579	2375
PB1|PP755595.1|A/cattle/Texas/24-008749-003/2024(H5N1)	1580	2352
PB1|PP755595.1|A/cattle/Texas/24-008749-003/2024(H5N1)	1581	2358
PB1|PP755595.1|A/cattle/Texas/24-008749-003/2024(H5N1)	1582	2432
PB1|PP755595.1|A/cattle/Texas/24-008749-003/2024(H5N1)	1583	2449
PB1|PP755595.1|A/cattle/Texas/24-008749-003/2024(H5N1)	1584	2448
PB1|PP755595.1|A/cattle/Texas/24-008749-003/2024(H5N1)	1585	2514
PB1|PP755595.1|A/cattle/Texas/24-008749-003/2024(H5N1)	1586	2510
PB1|PP755595.1|A/cattle/Texas/24-008749-003/2024(H5N1)	1587	2530
PB1|PP755595.1|A/cattle/Texas/24-008749-003/2024(H5N1)	1588	2543
PB1|PP755595.1|A/cattle/Texas/24-008749-003/2024(H5N1)	1589	2538
PB1|PP755595.1|A/cattle/Texas/24-008749-003/2024(H5N1)	1590	2538
PB1|PP755595.1|A/cattle/Texas/24-008749-003/2024(H5N1)	1591	2545
PB1|PP755595.1|A/cattle/Texas/24-008749-003/2024(H5N1)	1592	2521
PB1|PP755595.1|A/cattle/Texas/24-008749-003/2024(H5N1)	1593	2549
PB1|PP755595.1|A/cattle/Texas/24-008749-003/2024(H5N1)	1594	2469
PB1|PP755595.1|A/cattle/Texas/24-008749-003/2024(H5N1)	1595	2469
PB1|PP755595.1|A/cattle/Texas/24-008749-003/2024(H5N1)	1596	2480
PB1|PP755595.1|A/cattle/Texas/24-008749-003/2024(H5N1)	1597	2451
PB1|PP755595.1|A/cattle/Texas/24-008749-003/2024(H5N1)	1598	2453
PB1|PP755595.1|A/cattle/Texas/24-008749-003/2024(H5N1)	1599	2556
PB1|PP755595.1|A/cattle/Texas/24-008749-003/2024(H5N1)	1600	2564
PB1|PP755595.1|A/cattle/Texas/24-008749-003/2024(H5N1)	1601	2566
PB1|PP755595.1|A/cattle/Texas/24-008749-003/2024(H5N1)	1602	2544
PB1|PP755595.1|A/cattle/Texas/24-008749-003/2024(H5N1)	1603	2540
PB1|PP755595.1|A/cattle/Texas/24-008749-003/2024(H5N1)	1604	2546
PB1|PP755595.1|A/cattle/Texas/24-008749-003/2024(H5N1)	1605	2538
PB1|PP755595.1|A/cattle/Texas/24-008749-003/2024(H5N1)	1606	2546
PB1|PP755595.1|A/cattle/Texas/24-008749-003/2024(H5N1)	1607	2545
PB1|PP755595.1|A/cattle/Texas/24-008749-003/2024(H5N1)	1608	2531
PB1|PP755595.1|A/cattle/Texas/24-008749-003/2024(H5N1)	1609	2540
PB1|PP755595.1|A/cattle/Texas/24-008749-003/2024(H5N1)	1610	2579
PB1|PP755595.1|A/cattle/Texas/24-008749-003/2024(H5N1)	1611	2565
PB1|PP755595.1|A/cattle/Texas/24-008749-003/2024(H5N1)	1612	2572
PB1|PP755595.1|A/cattle/Texas/24-008749-003/2024(H5N1)	1613	2596
PB1|PP755595.1|A/cattle/Texas/24-008749-003/2024(H5N1)	1614	2573
PB1|PP755595.1|A/cattle/Texas/24-008749-003/2024(H5N1)	1615	2591
PB1|PP755595.1|A/cattle/Texas/24-008749-003/2024(H5N1)	1616	2576
PB1|PP755595.1|A/cattle/Texas/24-008749-003/2024(H5N1)	1617	2570
PB1|PP755595.1|A/cattle/Texas/24-008749-003/2024(H5N1)	1618	2570
PB1|PP755595.1|A/cattle/Texas/24-008749-003/2024(H5N1)	1619	2565
PB1|PP755595.1|A/cattle/Texas/24-008749-003/2024(H5N1)	1620	2605
PB1|PP755595.1|A/cattle/Texas/24-008749-003/2024(H5N1)	1621	2604
PB1|PP755595.1|A/cattle/Texas/24-008749-003/2024(H5N1)	1622	2571
PB1|PP755595.1|A/cattle/Texas/24-008749-003/2024(H5N1)	1623	2519
PB1|PP755595.1|A/cattle/Texas/24-008749-003/2024(H5N1)	1624	2512
PB1|PP755595.1|A/cattle/Texas/24-008749-003/2024(H5N1)	1625	2573
PB1|PP755595.1|A/cattle/Texas/24-008749-003/2024(H5N1)	1626	2574
PB1|PP755595.1|A/cattle/Texas/24-008749-003/2024(H5N1)	1627	2568
PB1|PP755595.1|A/cattle/Texas/24-008749-003/2024(H5N1)	1628	2563
PB1|PP755595.1|A/cattle/Texas/24-008749-003/2024(H5N1)	1629	2542
PB1|PP755595.1|A/cattle/Texas/24-008749-003/2024(H5N1)	1630	2542
PB1|PP755595.1|A/cattle/Texas/24-008749-003/2024(H5N1)	1631	2500
PB1|PP755595.1|A/cattle/Texas/24-008749-003/2024(H5N1)	1632	2494
PB1|PP755595.1|A/cattle/Texas/24-008749-003/2024(H5N1)	1633	2481
PB1|PP755595.1|A/cattle/Texas/24-008749-003/2024(H5N1)	1634	2471
PB1|PP755595.1|A/cattle/Texas/24-008749-003/2024(H5N1)	1635	2471
PB1|PP755595.1|A/cattle/Texas/24-008749-003/2024(H5N1)	1636	2471
PB1|PP755595.1|A/cattle/Texas/24-008749-003/2024(H5N1)	1637	2452
PB1|PP755595.1|A/cattle/Texas/24-008749-003/2024(H5N1)	1638	2442
PB1|PP755595.1|A/cattle/Texas/24-008749-003/2024(H5N1)	1639	2418
PB1|PP755595.1|A/cattle/Texas/24-008749-003/2024(H5N1)	1640	2411
PB1|PP755595.1|A/cattle/Texas/24-008749-003/2024(H5N1)	1641	2257
PB1|PP755595.1|A/cattle/Texas/24-008749-003/2024(H5N1)	1642	2234
PB1|PP755595.1|A/cattle/Texas/24-008749-003/2024(H5N1)	1643	2233
PB1|PP755595.1|A/cattle/Texas/24-008749-003/2024(H5N1)	1644	2233
PB1|PP755595.1|A/cattle/Texas/24-008749-003/2024(H5N1)	1645	2233
PB1|PP755595.1|A/cattle/Texas/24-008749-003/2024(H5N1)	1646	2233
PB1|PP755595.1|A/cattle/Texas/24-008749-003/2024(H5N1)	1647	2225
PB1|PP755595.1|A/cattle/Texas/24-008749-003/2024(H5N1)	1648	2461
PB1|PP755595.1|A/cattle/Texas/24-008749-003/2024(H5N1)	1649	2463
PB1|PP755595.1|A/cattle/Texas/24-008749-003/2024(H5N1)	1650	2488
PB1|PP755595.1|A/cattle/Texas/24-008749-003/2024(H5N1)	1651	2490
PB1|PP755595.1|A/cattle/Texas/24-008749-003/2024(H5N1)	1652	2485
PB1|PP755595.1|A/cattle/Texas/24-008749-003/2024(H5N1)	1653	2486
PB1|PP755595.1|A/cattle/Texas/24-008749-003/2024(H5N1)	1654	2463
PB1|PP755595.1|A/cattle/Texas/24-008749-003/2024(H5N1)	1655	2460
PB1|PP755595.1|A/cattle/Texas/24-008749-003/2024(H5N1)	1656	2458
PB1|PP755595.1|A/cattle/Texas/24-008749-003/2024(H5N1)	1657	2455
PB1|PP755595.1|A/cattle/Texas/24-008749-003/2024(H5N1)	1658	2444
PB1|PP755595.1|A/cattle/Texas/24-008749-003/2024(H5N1)	1659	2424
PB1|PP755595.1|A/cattle/Texas/24-008749-003/2024(H5N1)	1660	2425
PB1|PP755595.1|A/cattle/Texas/24-008749-003/2024(H5N1)	1661	2421
PB1|PP755595.1|A/cattle/Texas/24-008749-003/2024(H5N1)	1662	2411
PB1|PP755595.1|A/cattle/Texas/24-008749-003/2024(H5N1)	1663	2314
PB1|PP755595.1|A/cattle/Texas/24-008749-003/2024(H5N1)	1664	2313
PB1|PP755595.1|A/cattle/Texas/24-008749-003/2024(H5N1)	1665	2294
PB1|PP755595.1|A/cattle/Texas/24-008749-003/2024(H5N1)	1666	2290
PB1|PP755595.1|A/cattle/Texas/24-008749-003/2024(H5N1)	1667	2288
PB1|PP755595.1|A/cattle/Texas/24-008749-003/2024(H5N1)	1668	2151
PB1|PP755595.1|A/cattle/Texas/24-008749-003/2024(H5N1)	1669	2064
PB1|PP755595.1|A/cattle/Texas/24-008749-003/2024(H5N1)	1670	2060
PB1|PP755595.1|A/cattle/Texas/24-008749-003/2024(H5N1)	1671	2053
PB1|PP755595.1|A/cattle/Texas/24-008749-003/2024(H5N1)	1672	2053
PB1|PP755595.1|A/cattle/Texas/24-008749-003/2024(H5N1)	1673	2012
PB1|PP755595.1|A/cattle/Texas/24-008749-003/2024(H5N1)	1674	1605
PB1|PP755595.1|A/cattle/Texas/24-008749-003/2024(H5N1)	1675	1603
PB1|PP755595.1|A/cattle/Texas/24-008749-003/2024(H5N1)	1676	1584
PB1|PP755595.1|A/cattle/Texas/24-008749-003/2024(H5N1)	1677	1544
PB1|PP755595.1|A/cattle/Texas/24-008749-003/2024(H5N1)	1678	1544
PB1|PP755595.1|A/cattle/Texas/24-008749-003/2024(H5N1)	1679	1544
PB1|PP755595.1|A/cattle/Texas/24-008749-003/2024(H5N1)	1680	1537
PB1|PP755595.1|A/cattle/Texas/24-008749-003/2024(H5N1)	1681	1537
PB1|PP755595.1|A/cattle/Texas/24-008749-003/2024(H5N1)	1682	1537
PB1|PP755595.1|A/cattle/Texas/24-008749-003/2024(H5N1)	1683	1537
PB1|PP755595.1|A/cattle/Texas/24-008749-003/2024(H5N1)	1684	2042
PB1|PP755595.1|A/cattle/Texas/24-008749-003/2024(H5N1)	1685	2049
PB1|PP755595.1|A/cattle/Texas/24-008749-003/2024(H5N1)	1686	2051
PB1|PP755595.1|A/cattle/Texas/24-008749-003/2024(H5N1)	1687	2056
PB1|PP755595.1|A/cattle/Texas/24-008749-003/2024(H5N1)	1688	2056
PB1|PP755595.1|A/cattle/Texas/24-008749-003/2024(H5N1)	1689	2056
PB1|PP755595.1|A/cattle/Texas/24-008749-003/2024(H5N1)	1690	2056
PB1|PP755595.1|A/cattle/Texas/24-008749-003/2024(H5N1)	1691	2055
PB1|PP755595.1|A/cattle/Texas/24-008749-003/2024(H5N1)	1692	1992
PB1|PP755595.1|A/cattle/Texas/24-008749-003/2024(H5N1)	1693	2085
PB1|PP755595.1|A/cattle/Texas/24-008749-003/2024(H5N1)	1694	2097
PB1|PP755595.1|A/cattle/Texas/24-008749-003/2024(H5N1)	1695	2096
PB1|PP755595.1|A/cattle/Texas/24-008749-003/2024(H5N1)	1696	2097
PB1|PP755595.1|A/cattle/Texas/24-008749-003/2024(H5N1)	1697	2094
PB1|PP755595.1|A/cattle/Texas/24-008749-003/2024(H5N1)	1698	2097
PB1|PP755595.1|A/cattle/Texas/24-008749-003/2024(H5N1)	1699	2093
PB1|PP755595.1|A/cattle/Texas/24-008749-003/2024(H5N1)	1700	2069
PB1|PP755595.1|A/cattle/Texas/24-008749-003/2024(H5N1)	1701	2073
PB1|PP755595.1|A/cattle/Texas/24-008749-003/2024(H5N1)	1702	2057
PB1|PP755595.1|A/cattle/Texas/24-008749-003/2024(H5N1)	1703	2057
PB1|PP755595.1|A/cattle/Texas/24-008749-003/2024(H5N1)	1704	2052
PB1|PP755595.1|A/cattle/Texas/24-008749-003/2024(H5N1)	1705	2058
PB1|PP755595.1|A/cattle/Texas/24-008749-003/2024(H5N1)	1706	2048
PB1|PP755595.1|A/cattle/Texas/24-008749-003/2024(H5N1)	1707	2046
PB1|PP755595.1|A/cattle/Texas/24-008749-003/2024(H5N1)	1708	2045
PB1|PP755595.1|A/cattle/Texas/24-008749-003/2024(H5N1)	1709	2026
PB1|PP755595.1|A/cattle/Texas/24-008749-003/2024(H5N1)	1710	2021
PB1|PP755595.1|A/cattle/Texas/24-008749-003/2024(H5N1)	1711	2041
PB1|PP755595.1|A/cattle/Texas/24-008749-003/2024(H5N1)	1712	2019
PB1|PP755595.1|A/cattle/Texas/24-008749-003/2024(H5N1)	1713	2020
PB1|PP755595.1|A/cattle/Texas/24-008749-003/2024(H5N1)	1714	2015
PB1|PP755595.1|A/cattle/Texas/24-008749-003/2024(H5N1)	1715	1965
PB1|PP755595.1|A/cattle/Texas/24-008749-003/2024(H5N1)	1716	1959
PB1|PP755595.1|A/cattle/Texas/24-008749-003/2024(H5N1)	1717	2020
PB1|PP755595.1|A/cattle/Texas/24-008749-003/2024(H5N1)	1718	2019
PB1|PP755595.1|A/cattle/Texas/24-008749-003/2024(H5N1)	1719	2013
PB1|PP755595.1|A/cattle/Texas/24-008749-003/2024(H5N1)	1720	2007
PB1|PP755595.1|A/cattle/Texas/24-008749-003/2024(H5N1)	1721	2014
PB1|PP755595.1|A/cattle/Texas/24-008749-003/2024(H5N1)	1722	1982
PB1|PP755595.1|A/cattle/Texas/24-008749-003/2024(H5N1)	1723	1982
PB1|PP755595.1|A/cattle/Texas/24-008749-003/2024(H5N1)	1724	1968
PB1|PP755595.1|A/cattle/Texas/24-008749-003/2024(H5N1)	1725	1967
PB1|PP755595.1|A/cattle/Texas/24-008749-003/2024(H5N1)	1726	1902
PB1|PP755595.1|A/cattle/Texas/24-008749-003/2024(H5N1)	1727	1894
PB1|PP755595.1|A/cattle/Texas/24-008749-003/2024(H5N1)	1728	1894
PB1|PP755595.1|A/cattle/Texas/24-008749-003/2024(H5N1)	1729	1892
PB1|PP755595.1|A/cattle/Texas/24-008749-003/2024(H5N1)	1730	1890
PB1|PP755595.1|A/cattle/Texas/24-008749-003/2024(H5N1)	1731	1843
PB1|PP755595.1|A/cattle/Texas/24-008749-003/2024(H5N1)	1732	1835
PB1|PP755595.1|A/cattle/Texas/24-008749-003/2024(H5N1)	1733	1829
PB1|PP755595.1|A/cattle/Texas/24-008749-003/2024(H5N1)	1734	1812
PB1|PP755595.1|A/cattle/Texas/24-008749-003/2024(H5N1)	1735	1724
PB1|PP755595.1|A/cattle/Texas/24-008749-003/2024(H5N1)	1736	1724
PB1|PP755595.1|A/cattle/Texas/24-008749-003/2024(H5N1)	1737	1709
PB1|PP755595.1|A/cattle/Texas/24-008749-003/2024(H5N1)	1738	1958
PB1|PP755595.1|A/cattle/Texas/24-008749-003/2024(H5N1)	1739	1958
PB1|PP755595.1|A/cattle/Texas/24-008749-003/2024(H5N1)	1740	1958
PB1|PP755595.1|A/cattle/Texas/24-008749-003/2024(H5N1)	1741	1958
PB1|PP755595.1|A/cattle/Texas/24-008749-003/2024(H5N1)	1742	1950
PB1|PP755595.1|A/cattle/Texas/24-008749-003/2024(H5N1)	1743	1932
PB1|PP755595.1|A/cattle/Texas/24-008749-003/2024(H5N1)	1744	1902
PB1|PP755595.1|A/cattle/Texas/24-008749-003/2024(H5N1)	1745	1859
PB1|PP755595.1|A/cattle/Texas/24-008749-003/2024(H5N1)	1746	1855
PB1|PP755595.1|A/cattle/Texas/24-008749-003/2024(H5N1)	1747	1842
PB1|PP755595.1|A/cattle/Texas/24-008749-003/2024(H5N1)	1748	1821
PB1|PP755595.1|A/cattle/Texas/24-008749-003/2024(H5N1)	1749	1817
PB1|PP755595.1|A/cattle/Texas/24-008749-003/2024(H5N1)	1750	1679
PB1|PP755595.1|A/cattle/Texas/24-008749-003/2024(H5N1)	1751	1679
PB1|PP755595.1|A/cattle/Texas/24-008749-003/2024(H5N1)	1752	1671
PB1|PP755595.1|A/cattle/Texas/24-008749-003/2024(H5N1)	1753	1662
PB1|PP755595.1|A/cattle/Texas/24-008749-003/2024(H5N1)	1754	1659
PB1|PP755595.1|A/cattle/Texas/24-008749-003/2024(H5N1)	1755	1645
PB1|PP755595.1|A/cattle/Texas/24-008749-003/2024(H5N1)	1756	1645
PB1|PP755595.1|A/cattle/Texas/24-008749-003/2024(H5N1)	1757	1639
PB1|PP755595.1|A/cattle/Texas/24-008749-003/2024(H5N1)	1758	1369
PB1|PP755595.1|A/cattle/Texas/24-008749-003/2024(H5N1)	1759	1351
PB1|PP755595.1|A/cattle/Texas/24-008749-003/2024(H5N1)	1760	1588
PB1|PP755595.1|A/cattle/Texas/24-008749-003/2024(H5N1)	1761	1588
PB1|PP755595.1|A/cattle/Texas/24-008749-003/2024(H5N1)	1762	1626
PB1|PP755595.1|A/cattle/Texas/24-008749-003/2024(H5N1)	1763	1630
PB1|PP755595.1|A/cattle/Texas/24-008749-003/2024(H5N1)	1764	1606
PB1|PP755595.1|A/cattle/Texas/24-008749-003/2024(H5N1)	1765	1606
PB1|PP755595.1|A/cattle/Texas/24-008749-003/2024(H5N1)	1766	1606
PB1|PP755595.1|A/cattle/Texas/24-008749-003/2024(H5N1)	1767	1606
PB1|PP755595.1|A/cattle/Texas/24-008749-003/2024(H5N1)	1768	1606
PB1|PP755595.1|A/cattle/Texas/24-008749-003/2024(H5N1)	1769	1606
PB1|PP755595.1|A/cattle/Texas/24-008749-003/2024(H5N1)	1770	1606
PB1|PP755595.1|A/cattle/Texas/24-008749-003/2024(H5N1)	1771	1606
PB1|PP755595.1|A/cattle/Texas/24-008749-003/2024(H5N1)	1772	1606
PB1|PP755595.1|A/cattle/Texas/24-008749-003/2024(H5N1)	1773	1606
PB1|PP755595.1|A/cattle/Texas/24-008749-003/2024(H5N1)	1774	1703
PB1|PP755595.1|A/cattle/Texas/24-008749-003/2024(H5N1)	1775	1709
PB1|PP755595.1|A/cattle/Texas/24-008749-003/2024(H5N1)	1776	1712
PB1|PP755595.1|A/cattle/Texas/24-008749-003/2024(H5N1)	1777	1716
PB1|PP755595.1|A/cattle/Texas/24-008749-003/2024(H5N1)	1778	1736
PB1|PP755595.1|A/cattle/Texas/24-008749-003/2024(H5N1)	1779	1729
PB1|PP755595.1|A/cattle/Texas/24-008749-003/2024(H5N1)	1780	1712
PB1|PP755595.1|A/cattle/Texas/24-008749-003/2024(H5N1)	1781	1696
PB1|PP755595.1|A/cattle/Texas/24-008749-003/2024(H5N1)	1782	1673
PB1|PP755595.1|A/cattle/Texas/24-008749-003/2024(H5N1)	1783	1672
PB1|PP755595.1|A/cattle/Texas/24-008749-003/2024(H5N1)	1784	1665
PB1|PP755595.1|A/cattle/Texas/24-008749-003/2024(H5N1)	1785	1649
PB1|PP755595.1|A/cattle/Texas/24-008749-003/2024(H5N1)	1786	1650
PB1|PP755595.1|A/cattle/Texas/24-008749-003/2024(H5N1)	1787	1650
PB1|PP755595.1|A/cattle/Texas/24-008749-003/2024(H5N1)	1788	1650
PB1|PP755595.1|A/cattle/Texas/24-008749-003/2024(H5N1)	1789	1655
PB1|PP755595.1|A/cattle/Texas/24-008749-003/2024(H5N1)	1790	1690
PB1|PP755595.1|A/cattle/Texas/24-008749-003/2024(H5N1)	1791	1669
PB1|PP755595.1|A/cattle/Texas/24-008749-003/2024(H5N1)	1792	1653
PB1|PP755595.1|A/cattle/Texas/24-008749-003/2024(H5N1)	1793	1622
PB1|PP755595.1|A/cattle/Texas/24-008749-003/2024(H5N1)	1794	1620
PB1|PP755595.1|A/cattle/Texas/24-008749-003/2024(H5N1)	1795	1616
PB1|PP755595.1|A/cattle/Texas/24-008749-003/2024(H5N1)	1796	1606
PB1|PP755595.1|A/cattle/Texas/24-008749-003/2024(H5N1)	1797	1604
PB1|PP755595.1|A/cattle/Texas/24-008749-003/2024(H5N1)	1798	1537
PB1|PP755595.1|A/cattle/Texas/24-008749-003/2024(H5N1)	1799	1531
PB1|PP755595.1|A/cattle/Texas/24-008749-003/2024(H5N1)	1800	544
PB1|PP755595.1|A/cattle/Texas/24-008749-003/2024(H5N1)	1801	544
PB1|PP755595.1|A/cattle/Texas/24-008749-003/2024(H5N1)	1802	544
PB1|PP755595.1|A/cattle/Texas/24-008749-003/2024(H5N1)	1803	544
PB1|PP755595.1|A/cattle/Texas/24-008749-003/2024(H5N1)	1804	544
PB1|PP755595.1|A/cattle/Texas/24-008749-003/2024(H5N1)	1805	544
PB1|PP755595.1|A/cattle/Texas/24-008749-003/2024(H5N1)	1806	544
PB1|PP755595.1|A/cattle/Texas/24-008749-003/2024(H5N1)	1807	544
PB1|PP755595.1|A/cattle/Texas/24-008749-003/2024(H5N1)	1808	544
PB1|PP755595.1|A/cattle/Texas/24-008749-003/2024(H5N1)	1809	544
PB1|PP755595.1|A/cattle/Texas/24-008749-003/2024(H5N1)	1810	544
PB1|PP755595.1|A/cattle/Texas/24-008749-003/2024(H5N1)	1811	544
PB1|PP755595.1|A/cattle/Texas/24-008749-003/2024(H5N1)	1812	544
PB1|PP755595.1|A/cattle/Texas/24-008749-003/2024(H5N1)	1813	544
PB1|PP755595.1|A/cattle/Texas/24-008749-003/2024(H5N1)	1814	544
PB1|PP755595.1|A/cattle/Texas/24-008749-003/2024(H5N1)	1815	544
PB1|PP755595.1|A/cattle/Texas/24-008749-003/2024(H5N1)	1816	544
PB1|PP755595.1|A/cattle/Texas/24-008749-003/2024(H5N1)	1817	544
PB1|PP755595.1|A/cattle/Texas/24-008749-003/2024(H5N1)	1818	544
PB1|PP755595.1|A/cattle/Texas/24-008749-003/2024(H5N1)	1819	544
PB1|PP755595.1|A/cattle/Texas/24-008749-003/2024(H5N1)	1820	544
PB1|PP755595.1|A/cattle/Texas/24-008749-003/2024(H5N1)	1821	544
PB1|PP755595.1|A/cattle/Texas/24-008749-003/2024(H5N1)	1822	544
PB1|PP755595.1|A/cattle/Texas/24-008749-003/2024(H5N1)	1823	544
PB1|PP755595.1|A/cattle/Texas/24-008749-003/2024(H5N1)	1824	544
PB1|PP755595.1|A/cattle/Texas/24-008749-003/2024(H5N1)	1825	637
PB1|PP755595.1|A/cattle/Texas/24-008749-003/2024(H5N1)	1826	637
PB1|PP755595.1|A/cattle/Texas/24-008749-003/2024(H5N1)	1827	637
PB1|PP755595.1|A/cattle/Texas/24-008749-003/2024(H5N1)	1828	637
PB1|PP755595.1|A/cattle/Texas/24-008749-003/2024(H5N1)	1829	638
PB1|PP755595.1|A/cattle/Texas/24-008749-003/2024(H5N1)	1830	638
PB1|PP755595.1|A/cattle/Texas/24-008749-003/2024(H5N1)	1831	638
PB1|PP755595.1|A/cattle/Texas/24-008749-003/2024(H5N1)	1832	638
PB1|PP755595.1|A/cattle/Texas/24-008749-003/2024(H5N1)	1833	638
PB1|PP755595.1|A/cattle/Texas/24-008749-003/2024(H5N1)	1834	639
PB1|PP755595.1|A/cattle/Texas/24-008749-003/2024(H5N1)	1835	645
PB1|PP755595.1|A/cattle/Texas/24-008749-003/2024(H5N1)	1836	645
PB1|PP755595.1|A/cattle/Texas/24-008749-003/2024(H5N1)	1837	657
PB1|PP755595.1|A/cattle/Texas/24-008749-003/2024(H5N1)	1838	663
PB1|PP755595.1|A/cattle/Texas/24-008749-003/2024(H5N1)	1839	672
PB1|PP755595.1|A/cattle/Texas/24-008749-003/2024(H5N1)	1840	693
PB1|PP755595.1|A/cattle/Texas/24-008749-003/2024(H5N1)	1841	693
PB1|PP755595.1|A/cattle/Texas/24-008749-003/2024(H5N1)	1842	693
PB1|PP755595.1|A/cattle/Texas/24-008749-003/2024(H5N1)	1843	707
PB1|PP755595.1|A/cattle/Texas/24-008749-003/2024(H5N1)	1844	708
PB1|PP755595.1|A/cattle/Texas/24-008749-003/2024(H5N1)	1845	718
PB1|PP755595.1|A/cattle/Texas/24-008749-003/2024(H5N1)	1846	1524
PB1|PP755595.1|A/cattle/Texas/24-008749-003/2024(H5N1)	1847	1528
PB1|PP755595.1|A/cattle/Texas/24-008749-003/2024(H5N1)	1848	1536
PB1|PP755595.1|A/cattle/Texas/24-008749-003/2024(H5N1)	1849	1586
PB1|PP755595.1|A/cattle/Texas/24-008749-003/2024(H5N1)	1850	1690
PB1|PP755595.1|A/cattle/Texas/24-008749-003/2024(H5N1)	1851	1690
PB1|PP755595.1|A/cattle/Texas/24-008749-003/2024(H5N1)	1852	1691
PB1|PP755595.1|A/cattle/Texas/24-008749-003/2024(H5N1)	1853	1734
PB1|PP755595.1|A/cattle/Texas/24-008749-003/2024(H5N1)	1854	1735
PB1|PP755595.1|A/cattle/Texas/24-008749-003/2024(H5N1)	1855	1762
PB1|PP755595.1|A/cattle/Texas/24-008749-003/2024(H5N1)	1856	1762
PB1|PP755595.1|A/cattle/Texas/24-008749-003/2024(H5N1)	1857	1761
PB1|PP755595.1|A/cattle/Texas/24-008749-003/2024(H5N1)	1858	1788
PB1|PP755595.1|A/cattle/Texas/24-008749-003/2024(H5N1)	1859	1789
PB1|PP755595.1|A/cattle/Texas/24-008749-003/2024(H5N1)	1860	1814
PB1|PP755595.1|A/cattle/Texas/24-008749-003/2024(H5N1)	1861	1814
PB1|PP755595.1|A/cattle/Texas/24-008749-003/2024(H5N1)	1862	1824
PB1|PP755595.1|A/cattle/Texas/24-008749-003/2024(H5N1)	1863	1868
PB1|PP755595.1|A/cattle/Texas/24-008749-003/2024(H5N1)	1864	1882
PB1|PP755595.1|A/cattle/Texas/24-008749-003/2024(H5N1)	1865	1882
PB1|PP755595.1|A/cattle/Texas/24-008749-003/2024(H5N1)	1866	1882
PB1|PP755595.1|A/cattle/Texas/24-008749-003/2024(H5N1)	1867	1890
PB1|PP755595.1|A/cattle/Texas/24-008749-003/2024(H5N1)	1868	1896
PB1|PP755595.1|A/cattle/Texas/24-008749-003/2024(H5N1)	1869	1931
PB1|PP755595.1|A/cattle/Texas/24-008749-003/2024(H5N1)	1870	1936
PB1|PP755595.1|A/cattle/Texas/24-008749-003/2024(H5N1)	1871	1936
PB1|PP755595.1|A/cattle/Texas/24-008749-003/2024(H5N1)	1872	1935
PB1|PP755595.1|A/cattle/Texas/24-008749-003/2024(H5N1)	1873	1961
PB1|PP755595.1|A/cattle/Texas/24-008749-003/2024(H5N1)	1874	1970
PB1|PP755595.1|A/cattle/Texas/24-008749-003/2024(H5N1)	1875	1971
PB1|PP755595.1|A/cattle/Texas/24-008749-003/2024(H5N1)	1876	1971
PB1|PP755595.1|A/cattle/Texas/24-008749-003/2024(H5N1)	1877	1971
PB1|PP755595.1|A/cattle/Texas/24-008749-003/2024(H5N1)	1878	1971
PB1|PP755595.1|A/cattle/Texas/24-008749-003/2024(H5N1)	1879	1972
PB1|PP755595.1|A/cattle/Texas/24-008749-003/2024(H5N1)	1880	1972
PB1|PP755595.1|A/cattle/Texas/24-008749-003/2024(H5N1)	1881	1554
PB1|PP755595.1|A/cattle/Texas/24-008749-003/2024(H5N1)	1882	1553
PB1|PP755595.1|A/cattle/Texas/24-008749-003/2024(H5N1)	1883	1567
PB1|PP755595.1|A/cattle/Texas/24-008749-003/2024(H5N1)	1884	1570
PB1|PP755595.1|A/cattle/Texas/24-008749-003/2024(H5N1)	1885	1584
PB1|PP755595.1|A/cattle/Texas/24-008749-003/2024(H5N1)	1886	1584
PB1|PP755595.1|A/cattle/Texas/24-008749-003/2024(H5N1)	1887	1584
PB1|PP755595.1|A/cattle/Texas/24-008749-003/2024(H5N1)	1888	1591
PB1|PP755595.1|A/cattle/Texas/24-008749-003/2024(H5N1)	1889	1595
PB1|PP755595.1|A/cattle/Texas/24-008749-003/2024(H5N1)	1890	1603
PB1|PP755595.1|A/cattle/Texas/24-008749-003/2024(H5N1)	1891	2198
PB1|PP755595.1|A/cattle/Texas/24-008749-003/2024(H5N1)	1892	2205
PB1|PP755595.1|A/cattle/Texas/24-008749-003/2024(H5N1)	1893	2205
PB1|PP755595.1|A/cattle/Texas/24-008749-003/2024(H5N1)	1894	2205
PB1|PP755595.1|A/cattle/Texas/24-008749-003/2024(H5N1)	1895	2208
PB1|PP755595.1|A/cattle/Texas/24-008749-003/2024(H5N1)	1896	2208
PB1|PP755595.1|A/cattle/Texas/24-008749-003/2024(H5N1)	1897	2212
PB1|PP755595.1|A/cattle/Texas/24-008749-003/2024(H5N1)	1898	2238
PB1|PP755595.1|A/cattle/Texas/24-008749-003/2024(H5N1)	1899	2253
PB1|PP755595.1|A/cattle/Texas/24-008749-003/2024(H5N1)	1900	2255
PB1|PP755595.1|A/cattle/Texas/24-008749-003/2024(H5N1)	1901	2255
PB1|PP755595.1|A/cattle/Texas/24-008749-003/2024(H5N1)	1902	2259
PB1|PP755595.1|A/cattle/Texas/24-008749-003/2024(H5N1)	1903	2270
PB1|PP755595.1|A/cattle/Texas/24-008749-003/2024(H5N1)	1904	2276
PB1|PP755595.1|A/cattle/Texas/24-008749-003/2024(H5N1)	1905	2278
PB1|PP755595.1|A/cattle/Texas/24-008749-003/2024(H5N1)	1906	2296
PB1|PP755595.1|A/cattle/Texas/24-008749-003/2024(H5N1)	1907	2304
PB1|PP755595.1|A/cattle/Texas/24-008749-003/2024(H5N1)	1908	2306
PB1|PP755595.1|A/cattle/Texas/24-008749-003/2024(H5N1)	1909	2326
PB1|PP755595.1|A/cattle/Texas/24-008749-003/2024(H5N1)	1910	2331
PB1|PP755595.1|A/cattle/Texas/24-008749-003/2024(H5N1)	1911	2331
PB1|PP755595.1|A/cattle/Texas/24-008749-003/2024(H5N1)	1912	2331
PB1|PP755595.1|A/cattle/Texas/24-008749-003/2024(H5N1)	1913	2333
PB1|PP755595.1|A/cattle/Texas/24-008749-003/2024(H5N1)	1914	2352
PB1|PP755595.1|A/cattle/Texas/24-008749-003/2024(H5N1)	1915	2421
PB1|PP755595.1|A/cattle/Texas/24-008749-003/2024(H5N1)	1916	2421
PB1|PP755595.1|A/cattle/Texas/24-008749-003/2024(H5N1)	1917	2366
PB1|PP755595.1|A/cattle/Texas/24-008749-003/2024(H5N1)	1918	2369
PB1|PP755595.1|A/cattle/Texas/24-008749-003/2024(H5N1)	1919	2381
PB1|PP755595.1|A/cattle/Texas/24-008749-003/2024(H5N1)	1920	2418
PB1|PP755595.1|A/cattle/Texas/24-008749-003/2024(H5N1)	1921	2484
PB1|PP755595.1|A/cattle/Texas/24-008749-003/2024(H5N1)	1922	2506
PB1|PP755595.1|A/cattle/Texas/24-008749-003/2024(H5N1)	1923	2518
PB1|PP755595.1|A/cattle/Texas/24-008749-003/2024(H5N1)	1924	2523
PB1|PP755595.1|A/cattle/Texas/24-008749-003/2024(H5N1)	1925	2581
PB1|PP755595.1|A/cattle/Texas/24-008749-003/2024(H5N1)	1926	2584
PB1|PP755595.1|A/cattle/Texas/24-008749-003/2024(H5N1)	1927	2607
PB1|PP755595.1|A/cattle/Texas/24-008749-003/2024(H5N1)	1928	2609
PB1|PP755595.1|A/cattle/Texas/24-008749-003/2024(H5N1)	1929	2596
PB1|PP755595.1|A/cattle/Texas/24-008749-003/2024(H5N1)	1930	2618
PB1|PP755595.1|A/cattle/Texas/24-008749-003/2024(H5N1)	1931	2628
PB1|PP755595.1|A/cattle/Texas/24-008749-003/2024(H5N1)	1932	2679
PB1|PP755595.1|A/cattle/Texas/24-008749-003/2024(H5N1)	1933	2679
PB1|PP755595.1|A/cattle/Texas/24-008749-003/2024(H5N1)	1934	2655
PB1|PP755595.1|A/cattle/Texas/24-008749-003/2024(H5N1)	1935	2628
PB1|PP755595.1|A/cattle/Texas/24-008749-003/2024(H5N1)	1936	2617
PB1|PP755595.1|A/cattle/Texas/24-008749-003/2024(H5N1)	1937	2617
PB1|PP755595.1|A/cattle/Texas/24-008749-003/2024(H5N1)	1938	2616
PB1|PP755595.1|A/cattle/Texas/24-008749-003/2024(H5N1)	1939	2535
PB1|PP755595.1|A/cattle/Texas/24-008749-003/2024(H5N1)	1940	2522
PB1|PP755595.1|A/cattle/Texas/24-008749-003/2024(H5N1)	1941	2484
PB1|PP755595.1|A/cattle/Texas/24-008749-003/2024(H5N1)	1942	2482
PB1|PP755595.1|A/cattle/Texas/24-008749-003/2024(H5N1)	1943	2447
PB1|PP755595.1|A/cattle/Texas/24-008749-003/2024(H5N1)	1944	1996
PB1|PP755595.1|A/cattle/Texas/24-008749-003/2024(H5N1)	1945	1993
PB1|PP755595.1|A/cattle/Texas/24-008749-003/2024(H5N1)	1946	1977
PB1|PP755595.1|A/cattle/Texas/24-008749-003/2024(H5N1)	1947	1976
PB1|PP755595.1|A/cattle/Texas/24-008749-003/2024(H5N1)	1948	1976
PB1|PP755595.1|A/cattle/Texas/24-008749-003/2024(H5N1)	1949	1976
PB1|PP755595.1|A/cattle/Texas/24-008749-003/2024(H5N1)	1950	1960
PB1|PP755595.1|A/cattle/Texas/24-008749-003/2024(H5N1)	1951	1961
PB1|PP755595.1|A/cattle/Texas/24-008749-003/2024(H5N1)	1952	1960
PB1|PP755595.1|A/cattle/Texas/24-008749-003/2024(H5N1)	1953	1960
PB1|PP755595.1|A/cattle/Texas/24-008749-003/2024(H5N1)	1954	1960
PB1|PP755595.1|A/cattle/Texas/24-008749-003/2024(H5N1)	1955	1958
PB1|PP755595.1|A/cattle/Texas/24-008749-003/2024(H5N1)	1956	1955
PB1|PP755595.1|A/cattle/Texas/24-008749-003/2024(H5N1)	1957	1955
PB1|PP755595.1|A/cattle/Texas/24-008749-003/2024(H5N1)	1958	1955
PB1|PP755595.1|A/cattle/Texas/24-008749-003/2024(H5N1)	1959	1955
PB1|PP755595.1|A/cattle/Texas/24-008749-003/2024(H5N1)	1960	1955
PB1|PP755595.1|A/cattle/Texas/24-008749-003/2024(H5N1)	1961	1955
PB1|PP755595.1|A/cattle/Texas/24-008749-003/2024(H5N1)	1962	1955
PB1|PP755595.1|A/cattle/Texas/24-008749-003/2024(H5N1)	1963	2234
PB1|PP755595.1|A/cattle/Texas/24-008749-003/2024(H5N1)	1964	2248
PB1|PP755595.1|A/cattle/Texas/24-008749-003/2024(H5N1)	1965	2255
PB1|PP755595.1|A/cattle/Texas/24-008749-003/2024(H5N1)	1966	2390
PB1|PP755595.1|A/cattle/Texas/24-008749-003/2024(H5N1)	1967	2395
PB1|PP755595.1|A/cattle/Texas/24-008749-003/2024(H5N1)	1968	2472
PB1|PP755595.1|A/cattle/Texas/24-008749-003/2024(H5N1)	1969	2472
PB1|PP755595.1|A/cattle/Texas/24-008749-003/2024(H5N1)	1970	2446
PB1|PP755595.1|A/cattle/Texas/24-008749-003/2024(H5N1)	1971	2444
PB1|PP755595.1|A/cattle/Texas/24-008749-003/2024(H5N1)	1972	2444
PB1|PP755595.1|A/cattle/Texas/24-008749-003/2024(H5N1)	1973	2440
PB1|PP755595.1|A/cattle/Texas/24-008749-003/2024(H5N1)	1974	2429
PB1|PP755595.1|A/cattle/Texas/24-008749-003/2024(H5N1)	1975	2307
PB1|PP755595.1|A/cattle/Texas/24-008749-003/2024(H5N1)	1976	2303
PB1|PP755595.1|A/cattle/Texas/24-008749-003/2024(H5N1)	1977	2251
PB1|PP755595.1|A/cattle/Texas/24-008749-003/2024(H5N1)	1978	2251
PB1|PP755595.1|A/cattle/Texas/24-008749-003/2024(H5N1)	1979	2245
PB1|PP755595.1|A/cattle/Texas/24-008749-003/2024(H5N1)	1980	2220
PB1|PP755595.1|A/cattle/Texas/24-008749-003/2024(H5N1)	1981	2219
PB1|PP755595.1|A/cattle/Texas/24-008749-003/2024(H5N1)	1982	2213
PB1|PP755595.1|A/cattle/Texas/24-008749-003/2024(H5N1)	1983	1621
PB1|PP755595.1|A/cattle/Texas/24-008749-003/2024(H5N1)	1984	1614
PB1|PP755595.1|A/cattle/Texas/24-008749-003/2024(H5N1)	1985	1607
PB1|PP755595.1|A/cattle/Texas/24-008749-003/2024(H5N1)	1986	1599
PB1|PP755595.1|A/cattle/Texas/24-008749-003/2024(H5N1)	1987	1599
PB1|PP755595.1|A/cattle/Texas/24-008749-003/2024(H5N1)	1988	1598
PB1|PP755595.1|A/cattle/Texas/24-008749-003/2024(H5N1)	1989	1597
PB1|PP755595.1|A/cattle/Texas/24-008749-003/2024(H5N1)	1990	1599
PB1|PP755595.1|A/cattle/Texas/24-008749-003/2024(H5N1)	1991	1599
PB1|PP755595.1|A/cattle/Texas/24-008749-003/2024(H5N1)	1992	1600
PB1|PP755595.1|A/cattle/Texas/24-008749-003/2024(H5N1)	1993	1604
PB1|PP755595.1|A/cattle/Texas/24-008749-003/2024(H5N1)	1994	1603
PB1|PP755595.1|A/cattle/Texas/24-008749-003/2024(H5N1)	1995	1603
PB1|PP755595.1|A/cattle/Texas/24-008749-003/2024(H5N1)	1996	1648
PB1|PP755595.1|A/cattle/Texas/24-008749-003/2024(H5N1)	1997	1649
PB1|PP755595.1|A/cattle/Texas/24-008749-003/2024(H5N1)	1998	1651
PB1|PP755595.1|A/cattle/Texas/24-008749-003/2024(H5N1)	1999	1606
PB1|PP755595.1|A/cattle/Texas/24-008749-003/2024(H5N1)	2000	1599
PB1|PP755595.1|A/cattle/Texas/24-008749-003/2024(H5N1)	2001	1492
PB1|PP755595.1|A/cattle/Texas/24-008749-003/2024(H5N1)	2002	1532
PB1|PP755595.1|A/cattle/Texas/24-008749-003/2024(H5N1)	2003	1532
PB1|PP755595.1|A/cattle/Texas/24-008749-003/2024(H5N1)	2004	1530
PB1|PP755595.1|A/cattle/Texas/24-008749-003/2024(H5N1)	2005	1530
PB1|PP755595.1|A/cattle/Texas/24-008749-003/2024(H5N1)	2006	1502
PB1|PP755595.1|A/cattle/Texas/24-008749-003/2024(H5N1)	2007	1501
PB1|PP755595.1|A/cattle/Texas/24-008749-003/2024(H5N1)	2008	1502
PB1|PP755595.1|A/cattle/Texas/24-008749-003/2024(H5N1)	2009	1477
PB1|PP755595.1|A/cattle/Texas/24-008749-003/2024(H5N1)	2010	1475
PB1|PP755595.1|A/cattle/Texas/24-008749-003/2024(H5N1)	2011	1446
PB1|PP755595.1|A/cattle/Texas/24-008749-003/2024(H5N1)	2012	1444
PB1|PP755595.1|A/cattle/Texas/24-008749-003/2024(H5N1)	2013	1435
PB1|PP755595.1|A/cattle/Texas/24-008749-003/2024(H5N1)	2014	1406
PB1|PP755595.1|A/cattle/Texas/24-008749-003/2024(H5N1)	2015	1406
PB1|PP755595.1|A/cattle/Texas/24-008749-003/2024(H5N1)	2016	1402
PB1|PP755595.1|A/cattle/Texas/24-008749-003/2024(H5N1)	2017	1403
PB1|PP755595.1|A/cattle/Texas/24-008749-003/2024(H5N1)	2018	1403
PB1|PP755595.1|A/cattle/Texas/24-008749-003/2024(H5N1)	2019	1366
PB1|PP755595.1|A/cattle/Texas/24-008749-003/2024(H5N1)	2020	1375
PB1|PP755595.1|A/cattle/Texas/24-008749-003/2024(H5N1)	2021	1406
PB1|PP755595.1|A/cattle/Texas/24-008749-003/2024(H5N1)	2022	1500
PB1|PP755595.1|A/cattle/Texas/24-008749-003/2024(H5N1)	2023	1590
PB1|PP755595.1|A/cattle/Texas/24-008749-003/2024(H5N1)	2024	1559
PB1|PP755595.1|A/cattle/Texas/24-008749-003/2024(H5N1)	2025	1559
PB1|PP755595.1|A/cattle/Texas/24-008749-003/2024(H5N1)	2026	1582
PB1|PP755595.1|A/cattle/Texas/24-008749-003/2024(H5N1)	2027	1601
PB1|PP755595.1|A/cattle/Texas/24-008749-003/2024(H5N1)	2028	1605
PB1|PP755595.1|A/cattle/Texas/24-008749-003/2024(H5N1)	2029	1597
PB1|PP755595.1|A/cattle/Texas/24-008749-003/2024(H5N1)	2030	1555
PB1|PP755595.1|A/cattle/Texas/24-008749-003/2024(H5N1)	2031	1484
PB1|PP755595.1|A/cattle/Texas/24-008749-003/2024(H5N1)	2032	1494
PB1|PP755595.1|A/cattle/Texas/24-008749-003/2024(H5N1)	2033	1524
PB1|PP755595.1|A/cattle/Texas/24-008749-003/2024(H5N1)	2034	1612
PB1|PP755595.1|A/cattle/Texas/24-008749-003/2024(H5N1)	2035	2701
PB1|PP755595.1|A/cattle/Texas/24-008749-003/2024(H5N1)	2036	2704
PB1|PP755595.1|A/cattle/Texas/24-008749-003/2024(H5N1)	2037	2732
PB1|PP755595.1|A/cattle/Texas/24-008749-003/2024(H5N1)	2038	2734
PB1|PP755595.1|A/cattle/Texas/24-008749-003/2024(H5N1)	2039	2752
PB1|PP755595.1|A/cattle/Texas/24-008749-003/2024(H5N1)	2040	2832
PB1|PP755595.1|A/cattle/Texas/24-008749-003/2024(H5N1)	2041	2824
PB1|PP755595.1|A/cattle/Texas/24-008749-003/2024(H5N1)	2042	2821
PB1|PP755595.1|A/cattle/Texas/24-008749-003/2024(H5N1)	2043	2866
PB1|PP755595.1|A/cattle/Texas/24-008749-003/2024(H5N1)	2044	2876
PB1|PP755595.1|A/cattle/Texas/24-008749-003/2024(H5N1)	2045	2903
PB1|PP755595.1|A/cattle/Texas/24-008749-003/2024(H5N1)	2046	2900
PB1|PP755595.1|A/cattle/Texas/24-008749-003/2024(H5N1)	2047	2883
PB1|PP755595.1|A/cattle/Texas/24-008749-003/2024(H5N1)	2048	2868
PB1|PP755595.1|A/cattle/Texas/24-008749-003/2024(H5N1)	2049	2871
PB1|PP755595.1|A/cattle/Texas/24-008749-003/2024(H5N1)	2050	2874
PB1|PP755595.1|A/cattle/Texas/24-008749-003/2024(H5N1)	2051	2872
PB1|PP755595.1|A/cattle/Texas/24-008749-003/2024(H5N1)	2052	2844
PB1|PP755595.1|A/cattle/Texas/24-008749-003/2024(H5N1)	2053	2889
PB1|PP755595.1|A/cattle/Texas/24-008749-003/2024(H5N1)	2054	2895
PB1|PP755595.1|A/cattle/Texas/24-008749-003/2024(H5N1)	2055	2895
PB1|PP755595.1|A/cattle/Texas/24-008749-003/2024(H5N1)	2056	3505
PB1|PP755595.1|A/cattle/Texas/24-008749-003/2024(H5N1)	2057	3505
PB1|PP755595.1|A/cattle/Texas/24-008749-003/2024(H5N1)	2058	3510
PB1|PP755595.1|A/cattle/Texas/24-008749-003/2024(H5N1)	2059	3521
PB1|PP755595.1|A/cattle/Texas/24-008749-003/2024(H5N1)	2060	3508
PB1|PP755595.1|A/cattle/Texas/24-008749-003/2024(H5N1)	2061	3531
PB1|PP755595.1|A/cattle/Texas/24-008749-003/2024(H5N1)	2062	3570
PB1|PP755595.1|A/cattle/Texas/24-008749-003/2024(H5N1)	2063	3569
PB1|PP755595.1|A/cattle/Texas/24-008749-003/2024(H5N1)	2064	3569
PB1|PP755595.1|A/cattle/Texas/24-008749-003/2024(H5N1)	2065	3487
PB1|PP755595.1|A/cattle/Texas/24-008749-003/2024(H5N1)	2066	3476
PB1|PP755595.1|A/cattle/Texas/24-008749-003/2024(H5N1)	2067	3202
PB1|PP755595.1|A/cattle/Texas/24-008749-003/2024(H5N1)	2068	3190
PB1|PP755595.1|A/cattle/Texas/24-008749-003/2024(H5N1)	2069	3182
PB1|PP755595.1|A/cattle/Texas/24-008749-003/2024(H5N1)	2070	3178
PB1|PP755595.1|A/cattle/Texas/24-008749-003/2024(H5N1)	2071	3203
PB1|PP755595.1|A/cattle/Texas/24-008749-003/2024(H5N1)	2072	3207
PB1|PP755595.1|A/cattle/Texas/24-008749-003/2024(H5N1)	2073	3212
PB1|PP755595.1|A/cattle/Texas/24-008749-003/2024(H5N1)	2074	3423
PB1|PP755595.1|A/cattle/Texas/24-008749-003/2024(H5N1)	2075	3455
PB1|PP755595.1|A/cattle/Texas/24-008749-003/2024(H5N1)	2076	3463
PB1|PP755595.1|A/cattle/Texas/24-008749-003/2024(H5N1)	2077	3469
PB1|PP755595.1|A/cattle/Texas/24-008749-003/2024(H5N1)	2078	3470
PB1|PP755595.1|A/cattle/Texas/24-008749-003/2024(H5N1)	2079	3473
PB1|PP755595.1|A/cattle/Texas/24-008749-003/2024(H5N1)	2080	3473
PB1|PP755595.1|A/cattle/Texas/24-008749-003/2024(H5N1)	2081	3496
PB1|PP755595.1|A/cattle/Texas/24-008749-003/2024(H5N1)	2082	3504
PB1|PP755595.1|A/cattle/Texas/24-008749-003/2024(H5N1)	2083	3525
PB1|PP755595.1|A/cattle/Texas/24-008749-003/2024(H5N1)	2084	3561
PB1|PP755595.1|A/cattle/Texas/24-008749-003/2024(H5N1)	2085	3591
PB1|PP755595.1|A/cattle/Texas/24-008749-003/2024(H5N1)	2086	3592
PB1|PP755595.1|A/cattle/Texas/24-008749-003/2024(H5N1)	2087	3592
PB1|PP755595.1|A/cattle/Texas/24-008749-003/2024(H5N1)	2088	3480
PB1|PP755595.1|A/cattle/Texas/24-008749-003/2024(H5N1)	2089	3485
PB1|PP755595.1|A/cattle/Texas/24-008749-003/2024(H5N1)	2090	3488
PB1|PP755595.1|A/cattle/Texas/24-008749-003/2024(H5N1)	2091	3488
PB1|PP755595.1|A/cattle/Texas/24-008749-003/2024(H5N1)	2092	3616
PB1|PP755595.1|A/cattle/Texas/24-008749-003/2024(H5N1)	2093	3721
PB1|PP755595.1|A/cattle/Texas/24-008749-003/2024(H5N1)	2094	3723
PB1|PP755595.1|A/cattle/Texas/24-008749-003/2024(H5N1)	2095	3734
PB1|PP755595.1|A/cattle/Texas/24-008749-003/2024(H5N1)	2096	3790
PB1|PP755595.1|A/cattle/Texas/24-008749-003/2024(H5N1)	2097	3810
PB1|PP755595.1|A/cattle/Texas/24-008749-003/2024(H5N1)	2098	3870
PB1|PP755595.1|A/cattle/Texas/24-008749-003/2024(H5N1)	2099	3887
PB1|PP755595.1|A/cattle/Texas/24-008749-003/2024(H5N1)	2100	3862
PB1|PP755595.1|A/cattle/Texas/24-008749-003/2024(H5N1)	2101	3858
PB1|PP755595.1|A/cattle/Texas/24-008749-003/2024(H5N1)	2102	3844
PB1|PP755595.1|A/cattle/Texas/24-008749-003/2024(H5N1)	2103	3749
PB1|PP755595.1|A/cattle/Texas/24-008749-003/2024(H5N1)	2104	3750
PB1|PP755595.1|A/cattle/Texas/24-008749-003/2024(H5N1)	2105	3764
PB1|PP755595.1|A/cattle/Texas/24-008749-003/2024(H5N1)	2106	4042
PB1|PP755595.1|A/cattle/Texas/24-008749-003/2024(H5N1)	2107	4150
PB1|PP755595.1|A/cattle/Texas/24-008749-003/2024(H5N1)	2108	4157
PB1|PP755595.1|A/cattle/Texas/24-008749-003/2024(H5N1)	2109	4214
PB1|PP755595.1|A/cattle/Texas/24-008749-003/2024(H5N1)	2110	4269
PB1|PP755595.1|A/cattle/Texas/24-008749-003/2024(H5N1)	2111	4272
PB1|PP755595.1|A/cattle/Texas/24-008749-003/2024(H5N1)	2112	4310
PB1|PP755595.1|A/cattle/Texas/24-008749-003/2024(H5N1)	2113	4321
PB1|PP755595.1|A/cattle/Texas/24-008749-003/2024(H5N1)	2114	4306
PB1|PP755595.1|A/cattle/Texas/24-008749-003/2024(H5N1)	2115	4328
PB1|PP755595.1|A/cattle/Texas/24-008749-003/2024(H5N1)	2116	4276
PB1|PP755595.1|A/cattle/Texas/24-008749-003/2024(H5N1)	2117	4208
PB1|PP755595.1|A/cattle/Texas/24-008749-003/2024(H5N1)	2118	4266
PB1|PP755595.1|A/cattle/Texas/24-008749-003/2024(H5N1)	2119	4182
PB1|PP755595.1|A/cattle/Texas/24-008749-003/2024(H5N1)	2120	4180
PB1|PP755595.1|A/cattle/Texas/24-008749-003/2024(H5N1)	2121	4088
PB1|PP755595.1|A/cattle/Texas/24-008749-003/2024(H5N1)	2122	4123
PB1|PP755595.1|A/cattle/Texas/24-008749-003/2024(H5N1)	2123	4128
PB1|PP755595.1|A/cattle/Texas/24-008749-003/2024(H5N1)	2124	4131
PB1|PP755595.1|A/cattle/Texas/24-008749-003/2024(H5N1)	2125	4165
PB1|PP755595.1|A/cattle/Texas/24-008749-003/2024(H5N1)	2126	4210
PB1|PP755595.1|A/cattle/Texas/24-008749-003/2024(H5N1)	2127	4213
PB1|PP755595.1|A/cattle/Texas/24-008749-003/2024(H5N1)	2128	4214
PB1|PP755595.1|A/cattle/Texas/24-008749-003/2024(H5N1)	2129	4217
PB1|PP755595.1|A/cattle/Texas/24-008749-003/2024(H5N1)	2130	4255
PB1|PP755595.1|A/cattle/Texas/24-008749-003/2024(H5N1)	2131	4262
PB1|PP755595.1|A/cattle/Texas/24-008749-003/2024(H5N1)	2132	4259
PB1|PP755595.1|A/cattle/Texas/24-008749-003/2024(H5N1)	2133	4237
PB1|PP755595.1|A/cattle/Texas/24-008749-003/2024(H5N1)	2134	4393
PB1|PP755595.1|A/cattle/Texas/24-008749-003/2024(H5N1)	2135	4307
PB1|PP755595.1|A/cattle/Texas/24-008749-003/2024(H5N1)	2136	4306
PB1|PP755595.1|A/cattle/Texas/24-008749-003/2024(H5N1)	2137	4304
PB1|PP755595.1|A/cattle/Texas/24-008749-003/2024(H5N1)	2138	4259
PB1|PP755595.1|A/cattle/Texas/24-008749-003/2024(H5N1)	2139	4262
PB1|PP755595.1|A/cattle/Texas/24-008749-003/2024(H5N1)	2140	4463
PB1|PP755595.1|A/cattle/Texas/24-008749-003/2024(H5N1)	2141	4441
PB1|PP755595.1|A/cattle/Texas/24-008749-003/2024(H5N1)	2142	4446
PB1|PP755595.1|A/cattle/Texas/24-008749-003/2024(H5N1)	2143	4348
PB1|PP755595.1|A/cattle/Texas/24-008749-003/2024(H5N1)	2144	4340
PB1|PP755595.1|A/cattle/Texas/24-008749-003/2024(H5N1)	2145	4328
PB1|PP755595.1|A/cattle/Texas/24-008749-003/2024(H5N1)	2146	4337
PB1|PP755595.1|A/cattle/Texas/24-008749-003/2024(H5N1)	2147	4316
PB1|PP755595.1|A/cattle/Texas/24-008749-003/2024(H5N1)	2148	4317
PB1|PP755595.1|A/cattle/Texas/24-008749-003/2024(H5N1)	2149	4319
PB1|PP755595.1|A/cattle/Texas/24-008749-003/2024(H5N1)	2150	4319
PB1|PP755595.1|A/cattle/Texas/24-008749-003/2024(H5N1)	2151	4262
PB1|PP755595.1|A/cattle/Texas/24-008749-003/2024(H5N1)	2152	4046
PB1|PP755595.1|A/cattle/Texas/24-008749-003/2024(H5N1)	2153	4009
PB1|PP755595.1|A/cattle/Texas/24-008749-003/2024(H5N1)	2154	4002
PB1|PP755595.1|A/cattle/Texas/24-008749-003/2024(H5N1)	2155	4007
PB1|PP755595.1|A/cattle/Texas/24-008749-003/2024(H5N1)	2156	3980
PB1|PP755595.1|A/cattle/Texas/24-008749-003/2024(H5N1)	2157	3973
PB1|PP755595.1|A/cattle/Texas/24-008749-003/2024(H5N1)	2158	3960
PB1|PP755595.1|A/cattle/Texas/24-008749-003/2024(H5N1)	2159	3929
PB1|PP755595.1|A/cattle/Texas/24-008749-003/2024(H5N1)	2160	3934
PB1|PP755595.1|A/cattle/Texas/24-008749-003/2024(H5N1)	2161	3908
PB1|PP755595.1|A/cattle/Texas/24-008749-003/2024(H5N1)	2162	3908
PB1|PP755595.1|A/cattle/Texas/24-008749-003/2024(H5N1)	2163	3937
PB1|PP755595.1|A/cattle/Texas/24-008749-003/2024(H5N1)	2164	3906
PB1|PP755595.1|A/cattle/Texas/24-008749-003/2024(H5N1)	2165	3844
PB1|PP755595.1|A/cattle/Texas/24-008749-003/2024(H5N1)	2166	4289
PB1|PP755595.1|A/cattle/Texas/24-008749-003/2024(H5N1)	2167	4280
PB1|PP755595.1|A/cattle/Texas/24-008749-003/2024(H5N1)	2168	4277
PB1|PP755595.1|A/cattle/Texas/24-008749-003/2024(H5N1)	2169	4445
PB1|PP755595.1|A/cattle/Texas/24-008749-003/2024(H5N1)	2170	4443
PB1|PP755595.1|A/cattle/Texas/24-008749-003/2024(H5N1)	2171	4509
PB1|PP755595.1|A/cattle/Texas/24-008749-003/2024(H5N1)	2172	4400
PB1|PP755595.1|A/cattle/Texas/24-008749-003/2024(H5N1)	2173	4375
PB1|PP755595.1|A/cattle/Texas/24-008749-003/2024(H5N1)	2174	4296
PB1|PP755595.1|A/cattle/Texas/24-008749-003/2024(H5N1)	2175	4290
PB1|PP755595.1|A/cattle/Texas/24-008749-003/2024(H5N1)	2176	4264
PB1|PP755595.1|A/cattle/Texas/24-008749-003/2024(H5N1)	2177	4221
PB1|PP755595.1|A/cattle/Texas/24-008749-003/2024(H5N1)	2178	4220
PB1|PP755595.1|A/cattle/Texas/24-008749-003/2024(H5N1)	2179	4216
PB1|PP755595.1|A/cattle/Texas/24-008749-003/2024(H5N1)	2180	4204
PB1|PP755595.1|A/cattle/Texas/24-008749-003/2024(H5N1)	2181	4184
PB1|PP755595.1|A/cattle/Texas/24-008749-003/2024(H5N1)	2182	4178
PB1|PP755595.1|A/cattle/Texas/24-008749-003/2024(H5N1)	2183	4160
PB1|PP755595.1|A/cattle/Texas/24-008749-003/2024(H5N1)	2184	3992
PB1|PP755595.1|A/cattle/Texas/24-008749-003/2024(H5N1)	2185	3998
PB1|PP755595.1|A/cattle/Texas/24-008749-003/2024(H5N1)	2186	3987
PB1|PP755595.1|A/cattle/Texas/24-008749-003/2024(H5N1)	2187	3987
PB1|PP755595.1|A/cattle/Texas/24-008749-003/2024(H5N1)	2188	3949
PB1|PP755595.1|A/cattle/Texas/24-008749-003/2024(H5N1)	2189	3948
PB1|PP755595.1|A/cattle/Texas/24-008749-003/2024(H5N1)	2190	3867
PB1|PP755595.1|A/cattle/Texas/24-008749-003/2024(H5N1)	2191	3867
PB1|PP755595.1|A/cattle/Texas/24-008749-003/2024(H5N1)	2192	3871
PB1|PP755595.1|A/cattle/Texas/24-008749-003/2024(H5N1)	2193	3857
PB1|PP755595.1|A/cattle/Texas/24-008749-003/2024(H5N1)	2194	3801
PB1|PP755595.1|A/cattle/Texas/24-008749-003/2024(H5N1)	2195	3778
PB1|PP755595.1|A/cattle/Texas/24-008749-003/2024(H5N1)	2196	3757
PB1|PP755595.1|A/cattle/Texas/24-008749-003/2024(H5N1)	2197	3757
PB1|PP755595.1|A/cattle/Texas/24-008749-003/2024(H5N1)	2198	3750
PB1|PP755595.1|A/cattle/Texas/24-008749-003/2024(H5N1)	2199	3749
PB1|PP755595.1|A/cattle/Texas/24-008749-003/2024(H5N1)	2200	3713
PB1|PP755595.1|A/cattle/Texas/24-008749-003/2024(H5N1)	2201	3649
PB1|PP755595.1|A/cattle/Texas/24-008749-003/2024(H5N1)	2202	3629
PB1|PP755595.1|A/cattle/Texas/24-008749-003/2024(H5N1)	2203	3616
PB1|PP755595.1|A/cattle/Texas/24-008749-003/2024(H5N1)	2204	3586
PB1|PP755595.1|A/cattle/Texas/24-008749-003/2024(H5N1)	2205	3584
PB1|PP755595.1|A/cattle/Texas/24-008749-003/2024(H5N1)	2206	3580
PB1|PP755595.1|A/cattle/Texas/24-008749-003/2024(H5N1)	2207	3526
PB1|PP755595.1|A/cattle/Texas/24-008749-003/2024(H5N1)	2208	3521
PB1|PP755595.1|A/cattle/Texas/24-008749-003/2024(H5N1)	2209	3537
PB1|PP755595.1|A/cattle/Texas/24-008749-003/2024(H5N1)	2210	3537
PB1|PP755595.1|A/cattle/Texas/24-008749-003/2024(H5N1)	2211	3500
PB1|PP755595.1|A/cattle/Texas/24-008749-003/2024(H5N1)	2212	3470
PB1|PP755595.1|A/cattle/Texas/24-008749-003/2024(H5N1)	2213	3465
PB1|PP755595.1|A/cattle/Texas/24-008749-003/2024(H5N1)	2214	3461
PB1|PP755595.1|A/cattle/Texas/24-008749-003/2024(H5N1)	2215	3489
PB1|PP755595.1|A/cattle/Texas/24-008749-003/2024(H5N1)	2216	3473
PB1|PP755595.1|A/cattle/Texas/24-008749-003/2024(H5N1)	2217	3471
PB1|PP755595.1|A/cattle/Texas/24-008749-003/2024(H5N1)	2218	3434
PB1|PP755595.1|A/cattle/Texas/24-008749-003/2024(H5N1)	2219	3425
PB1|PP755595.1|A/cattle/Texas/24-008749-003/2024(H5N1)	2220	3409
PB1|PP755595.1|A/cattle/Texas/24-008749-003/2024(H5N1)	2221	3399
PB1|PP755595.1|A/cattle/Texas/24-008749-003/2024(H5N1)	2222	3372
PB1|PP755595.1|A/cattle/Texas/24-008749-003/2024(H5N1)	2223	3368
PB1|PP755595.1|A/cattle/Texas/24-008749-003/2024(H5N1)	2224	3367
PB1|PP755595.1|A/cattle/Texas/24-008749-003/2024(H5N1)	2225	3263
PB1|PP755595.1|A/cattle/Texas/24-008749-003/2024(H5N1)	2226	3238
PB1|PP755595.1|A/cattle/Texas/24-008749-003/2024(H5N1)	2227	3232
PB1|PP755595.1|A/cattle/Texas/24-008749-003/2024(H5N1)	2228	3227
PB1|PP755595.1|A/cattle/Texas/24-008749-003/2024(H5N1)	2229	3226
PB1|PP755595.1|A/cattle/Texas/24-008749-003/2024(H5N1)	2230	3217
PB1|PP755595.1|A/cattle/Texas/24-008749-003/2024(H5N1)	2231	3216
PB1|PP755595.1|A/cattle/Texas/24-008749-003/2024(H5N1)	2232	3198
PB1|PP755595.1|A/cattle/Texas/24-008749-003/2024(H5N1)	2233	3197
PB1|PP755595.1|A/cattle/Texas/24-008749-003/2024(H5N1)	2234	3178
PB1|PP755595.1|A/cattle/Texas/24-008749-003/2024(H5N1)	2235	3141
PB1|PP755595.1|A/cattle/Texas/24-008749-003/2024(H5N1)	2236	3108
PB1|PP755595.1|A/cattle/Texas/24-008749-003/2024(H5N1)	2237	3104
PB1|PP755595.1|A/cattle/Texas/24-008749-003/2024(H5N1)	2238	3085
PB1|PP755595.1|A/cattle/Texas/24-008749-003/2024(H5N1)	2239	2996
PB1|PP755595.1|A/cattle/Texas/24-008749-003/2024(H5N1)	2240	2996
PB1|PP755595.1|A/cattle/Texas/24-008749-003/2024(H5N1)	2241	2992
PB1|PP755595.1|A/cattle/Texas/24-008749-003/2024(H5N1)	2242	2990
PB1|PP755595.1|A/cattle/Texas/24-008749-003/2024(H5N1)	2243	2986
PB1|PP755595.1|A/cattle/Texas/24-008749-003/2024(H5N1)	2244	2874
PB1|PP755595.1|A/cattle/Texas/24-008749-003/2024(H5N1)	2245	2874
PB1|PP755595.1|A/cattle/Texas/24-008749-003/2024(H5N1)	2246	2869
PB1|PP755595.1|A/cattle/Texas/24-008749-003/2024(H5N1)	2247	2807
PB1|PP755595.1|A/cattle/Texas/24-008749-003/2024(H5N1)	2248	2786
PB1|PP755595.1|A/cattle/Texas/24-008749-003/2024(H5N1)	2249	2717
PB1|PP755595.1|A/cattle/Texas/24-008749-003/2024(H5N1)	2250	2700
PB1|PP755595.1|A/cattle/Texas/24-008749-003/2024(H5N1)	2251	2680
PB1|PP755595.1|A/cattle/Texas/24-008749-003/2024(H5N1)	2252	2675
PB1|PP755595.1|A/cattle/Texas/24-008749-003/2024(H5N1)	2253	2670
PB1|PP755595.1|A/cattle/Texas/24-008749-003/2024(H5N1)	2254	2660
PB1|PP755595.1|A/cattle/Texas/24-008749-003/2024(H5N1)	2255	2331
PB1|PP755595.1|A/cattle/Texas/24-008749-003/2024(H5N1)	2256	2321
PB1|PP755595.1|A/cattle/Texas/24-008749-003/2024(H5N1)	2257	2245
PB1|PP755595.1|A/cattle/Texas/24-008749-003/2024(H5N1)	2258	2225
PB1|PP755595.1|A/cattle/Texas/24-008749-003/2024(H5N1)	2259	2225
PB1|PP755595.1|A/cattle/Texas/24-008749-003/2024(H5N1)	2260	2186
PB1|PP755595.1|A/cattle/Texas/24-008749-003/2024(H5N1)	2261	2138
PB1|PP755595.1|A/cattle/Texas/24-008749-003/2024(H5N1)	2262	2135
PB1|PP755595.1|A/cattle/Texas/24-008749-003/2024(H5N1)	2263	2097
PB1|PP755595.1|A/cattle/Texas/24-008749-003/2024(H5N1)	2264	2086
PB1|PP755595.1|A/cattle/Texas/24-008749-003/2024(H5N1)	2265	2009
PB1|PP755595.1|A/cattle/Texas/24-008749-003/2024(H5N1)	2266	1988
PB1|PP755595.1|A/cattle/Texas/24-008749-003/2024(H5N1)	2267	1984
PB1|PP755595.1|A/cattle/Texas/24-008749-003/2024(H5N1)	2268	1965
PB1|PP755595.1|A/cattle/Texas/24-008749-003/2024(H5N1)	2269	1965
PB1|PP755595.1|A/cattle/Texas/24-008749-003/2024(H5N1)	2270	1963
PB1|PP755595.1|A/cattle/Texas/24-008749-003/2024(H5N1)	2271	1959
PB1|PP755595.1|A/cattle/Texas/24-008749-003/2024(H5N1)	2272	1955
PB1|PP755595.1|A/cattle/Texas/24-008749-003/2024(H5N1)	2273	1922
PB1|PP755595.1|A/cattle/Texas/24-008749-003/2024(H5N1)	2274	1912
