NP|PP755592.1|A/cattle/Texas/24-008749-003/2024(H5N1)	1	17
NP|PP755592.1|A/cattle/Texas/24-008749-003/2024(H5N1)	2	17
NP|PP755592.1|A/cattle/Texas/24-008749-003/2024(H5N1)	3	17
NP|PP755592.1|A/cattle/Texas/24-008749-003/2024(H5N1)	4	17
NP|PP755592.1|A/cattle/Texas/24-008749-003/2024(H5N1)	5	17
NP|PP755592.1|A/cattle/Texas/24-008749-003/2024(H5N1)	6	17
NP|PP755592.1|A/cattle/Texas/24-008749-003/2024(H5N1)	7	17
NP|PP755592.1|A/cattle/Texas/24-008749-003/2024(H5N1)	8	17
NP|PP755592.1|A/cattle/Texas/24-008749-003/2024(H5N1)	9	17
NP|PP755592.1|A/cattle/Texas/24-008749-003/2024(H5N1)	10	17
NP|PP755592.1|A/cattle/Texas/24-008749-003/2024(H5N1)	11	17
NP|PP755592.1|A/cattle/Texas/24-008749-003/2024(H5N1)	12	17
NP|PP755592.1|A/cattle/Texas/24-008749-003/2024(H5N1)	13	17
NP|PP755592.1|A/cattle/Texas/24-008749-003/2024(H5N1)	14	17
NP|PP755592.1|A/cattle/Texas/24-008749-003/2024(H5N1)	15	17
NP|PP755592.1|A/cattle/Texas/24-008749-003/2024(H5N1)	16	18
NP|PP755592.1|A/cattle/Texas/24-008749-003/2024(H5N1)	17	18
NP|PP755592.1|A/cattle/Texas/24-008749-003/2024(H5N1)	18	18
NP|PP755592.1|A/cattle/Texas/24-008749-003/2024(H5N1)	19	19
NP|PP755592.1|A/cattle/Texas/24-008749-003/2024(H5N1)	20	19
NP|PP755592.1|A/cattle/Texas/24-008749-003/2024(H5N1)	21	19
NP|PP755592.1|A/cattle/Texas/24-008749-003/2024(H5N1)	22	19
NP|PP755592.1|A/cattle/Texas/24-008749-003/2024(H5N1)	23	19
NP|PP755592.1|A/cattle/Texas/24-008749-003/2024(H5N1)	24	19
NP|PP755592.1|A/cattle/Texas/24-008749-003/2024(H5N1)	25	19
NP|PP755592.1|A/cattle/Texas/24-008749-003/2024(H5N1)	26	19
NP|PP755592.1|A/cattle/Texas/24-008749-003/2024(H5N1)	27	19
NP|PP755592.1|A/cattle/Texas/24-008749-003/2024(H5N1)	28	19
NP|PP755592.1|A/cattle/Texas/24-008749-003/2024(H5N1)	29	19
NP|PP755592.1|A/cattle/Texas/24-008749-003/2024(H5N1)	30	19
NP|PP755592.1|A/cattle/Texas/24-008749-003/2024(H5N1)	31	19
NP|PP755592.1|A/cattle/Texas/24-008749-003/2024(H5N1)	32	19
NP|PP755592.1|A/cattle/Texas/24-008749-003/2024(H5N1)	33	19
NP|PP755592.1|A/cattle/Texas/24-008749-003/2024(H5N1)	34	19
NP|PP755592.1|A/cattle/Texas/24-008749-003/2024(H5N1)	35	19
NP|PP755592.1|A/cattle/Texas/24-008749-003/2024(H5N1)	36	19
NP|PP755592.1|A/cattle/Texas/24-008749-003/2024(H5N1)	37	19
NP|PP755592.1|A/cattle/Texas/24-008749-003/2024(H5N1)	38	19
NP|PP755592.1|A/cattle/Texas/24-008749-003/2024(H5N1)	39	19
NP|PP755592.1|A/cattle/Texas/24-008749-003/2024(H5N1)	40	19
NP|PP755592.1|A/cattle/Texas/24-008749-003/2024(H5N1)	41	19
NP|PP755592.1|A/cattle/Texas/24-008749-003/2024(H5N1)	42	19
NP|PP755592.1|A/cattle/Texas/24-008749-003/2024(H5N1)	43	19
NP|PP755592.1|A/cattle/Texas/24-008749-003/2024(H5N1)	44	19
NP|PP755592.1|A/cattle/Texas/24-008749-003/2024(H5N1)	45	19
NP|PP755592.1|A/cattle/Texas/24-008749-003/2024(H5N1)	46	19
NP|PP755592.1|A/cattle/Texas/24-008749-003/2024(H5N1)	47	19
NP|PP755592.1|A/cattle/Texas/24-008749-003/2024(H5N1)	48	19
NP|PP755592.1|A/cattle/Texas/24-008749-003/2024(H5N1)	49	19
NP|PP755592.1|A/cattle/Texas/24-008749-003/2024(H5N1)	50	19
NP|PP755592.1|A/cattle/Texas/24-008749-003/2024(H5N1)	51	19
NP|PP755592.1|A/cattle/Texas/24-008749-003/2024(H5N1)	52	19
NP|PP755592.1|A/cattle/Texas/24-008749-003/2024(H5N1)	53	19
NP|PP755592.1|A/cattle/Texas/24-008749-003/2024(H5N1)	54	19
NP|PP755592.1|A/cattle/Texas/24-008749-003/2024(H5N1)	55	19
NP|PP755592.1|A/cattle/Texas/24-008749-003/2024(H5N1)	56	19
NP|PP755592.1|A/cattle/Texas/24-008749-003/2024(H5N1)	57	19
NP|PP755592.1|A/cattle/Texas/24-008749-003/2024(H5N1)	58	19
NP|PP755592.1|A/cattle/Texas/24-008749-003/2024(H5N1)	59	19
NP|PP755592.1|A/cattle/Texas/24-008749-003/2024(H5N1)	60	19
NP|PP755592.1|A/cattle/Texas/24-008749-003/2024(H5N1)	61	19
NP|PP755592.1|A/cattle/Texas/24-008749-003/2024(H5N1)	62	20
NP|PP755592.1|A/cattle/Texas/24-008749-003/2024(H5N1)	63	20
NP|PP755592.1|A/cattle/Texas/24-008749-003/2024(H5N1)	64	20
NP|PP755592.1|A/cattle/Texas/24-008749-003/2024(H5N1)	65	20
NP|PP755592.1|A/cattle/Texas/24-008749-003/2024(H5N1)	66	20
NP|PP755592.1|A/cattle/Texas/24-008749-003/2024(H5N1)	67	20
NP|PP755592.1|A/cattle/Texas/24-008749-003/2024(H5N1)	68	20
NP|PP755592.1|A/cattle/Texas/24-008749-003/2024(H5N1)	69	20
NP|PP755592.1|A/cattle/Texas/24-008749-003/2024(H5N1)	70	20
NP|PP755592.1|A/cattle/Texas/24-008749-003/2024(H5N1)	71	20
NP|PP755592.1|A/cattle/Texas/24-008749-003/2024(H5N1)	72	21
NP|PP755592.1|A/cattle/Texas/24-008749-003/2024(H5N1)	73	21
NP|PP755592.1|A/cattle/Texas/24-008749-003/2024(H5N1)	74	21
NP|PP755592.1|A/cattle/Texas/24-008749-003/2024(H5N1)	75	21
NP|PP755592.1|A/cattle/Texas/24-008749-003/2024(H5N1)	76	21
NP|PP755592.1|A/cattle/Texas/24-008749-003/2024(H5N1)	77	22
NP|PP755592.1|A/cattle/Texas/24-008749-003/2024(H5N1)	78	22
NP|PP755592.1|A/cattle/Texas/24-008749-003/2024(H5N1)	79	22
NP|PP755592.1|A/cattle/Texas/24-008749-003/2024(H5N1)	80	22
NP|PP755592.1|A/cattle/Texas/24-008749-003/2024(H5N1)	81	22
NP|PP755592.1|A/cattle/Texas/24-008749-003/2024(H5N1)	82	22
NP|PP755592.1|A/cattle/Texas/24-008749-003/2024(H5N1)	83	22
NP|PP755592.1|A/cattle/Texas/24-008749-003/2024(H5N1)	84	22
NP|PP755592.1|A/cattle/Texas/24-008749-003/2024(H5N1)	85	22
NP|PP755592.1|A/cattle/Texas/24-008749-003/2024(H5N1)	86	22
NP|PP755592.1|A/cattle/Texas/24-008749-003/2024(H5N1)	87	22
NP|PP755592.1|A/cattle/Texas/24-008749-003/2024(H5N1)	88	22
NP|PP755592.1|A/cattle/Texas/24-008749-003/2024(H5N1)	89	22
NP|PP755592.1|A/cattle/Texas/24-008749-003/2024(H5N1)	90	22
NP|PP755592.1|A/cattle/Texas/24-008749-003/2024(H5N1)	91	22
NP|PP755592.1|A/cattle/Texas/24-008749-003/2024(H5N1)	92	22
NP|PP755592.1|A/cattle/Texas/24-008749-003/2024(H5N1)	93	22
NP|PP755592.1|A/cattle/Texas/24-008749-003/2024(H5N1)	94	22
NP|PP755592.1|A/cattle/Texas/24-008749-003/2024(H5N1)	95	22
NP|PP755592.1|A/cattle/Texas/24-008749-003/2024(H5N1)	96	22
NP|PP755592.1|A/cattle/Texas/24-008749-003/2024(H5N1)	97	22
NP|PP755592.1|A/cattle/Texas/24-008749-003/2024(H5N1)	98	22
NP|PP755592.1|A/cattle/Texas/24-008749-003/2024(H5N1)	99	22
NP|PP755592.1|A/cattle/Texas/24-008749-003/2024(H5N1)	100	22
NP|PP755592.1|A/cattle/Texas/24-008749-003/2024(H5N1)	101	22
NP|PP755592.1|A/cattle/Texas/24-008749-003/2024(H5N1)	102	22
NP|PP755592.1|A/cattle/Texas/24-008749-003/2024(H5N1)	103	22
NP|PP755592.1|A/cattle/Texas/24-008749-003/2024(H5N1)	104	22
NP|PP755592.1|A/cattle/Texas/24-008749-003/2024(H5N1)	105	22
NP|PP755592.1|A/cattle/Texas/24-008749-003/2024(H5N1)	106	18
NP|PP755592.1|A/cattle/Texas/24-008749-003/2024(H5N1)	107	16
NP|PP755592.1|A/cattle/Texas/24-008749-003/2024(H5N1)	108	15
NP|PP755592.1|A/cattle/Texas/24-008749-003/2024(H5N1)	109	15
NP|PP755592.1|A/cattle/Texas/24-008749-003/2024(H5N1)	110	15
NP|PP755592.1|A/cattle/Texas/24-008749-003/2024(H5N1)	111	15
NP|PP755592.1|A/cattle/Texas/24-008749-003/2024(H5N1)	112	15
NP|PP755592.1|A/cattle/Texas/24-008749-003/2024(H5N1)	113	15
NP|PP755592.1|A/cattle/Texas/24-008749-003/2024(H5N1)	114	15
NP|PP755592.1|A/cattle/Texas/24-008749-003/2024(H5N1)	115	15
NP|PP755592.1|A/cattle/Texas/24-008749-003/2024(H5N1)	116	15
NP|PP755592.1|A/cattle/Texas/24-008749-003/2024(H5N1)	117	15
NP|PP755592.1|A/cattle/Texas/24-008749-003/2024(H5N1)	118	15
NP|PP755592.1|A/cattle/Texas/24-008749-003/2024(H5N1)	119	15
NP|PP755592.1|A/cattle/Texas/24-008749-003/2024(H5N1)	120	15
NP|PP755592.1|A/cattle/Texas/24-008749-003/2024(H5N1)	121	16
NP|PP755592.1|A/cattle/Texas/24-008749-003/2024(H5N1)	122	16
NP|PP755592.1|A/cattle/Texas/24-008749-003/2024(H5N1)	123	18
NP|PP755592.1|A/cattle/Texas/24-008749-003/2024(H5N1)	124	18
NP|PP755592.1|A/cattle/Texas/24-008749-003/2024(H5N1)	125	18
NP|PP755592.1|A/cattle/Texas/24-008749-003/2024(H5N1)	126	21
NP|PP755592.1|A/cattle/Texas/24-008749-003/2024(H5N1)	127	21
NP|PP755592.1|A/cattle/Texas/24-008749-003/2024(H5N1)	128	20
NP|PP755592.1|A/cattle/Texas/24-008749-003/2024(H5N1)	129	20
NP|PP755592.1|A/cattle/Texas/24-008749-003/2024(H5N1)	130	18
NP|PP755592.1|A/cattle/Texas/24-008749-003/2024(H5N1)	131	18
NP|PP755592.1|A/cattle/Texas/24-008749-003/2024(H5N1)	132	18
NP|PP755592.1|A/cattle/Texas/24-008749-003/2024(H5N1)	133	18
NP|PP755592.1|A/cattle/Texas/24-008749-003/2024(H5N1)	134	17
NP|PP755592.1|A/cattle/Texas/24-008749-003/2024(H5N1)	135	17
NP|PP755592.1|A/cattle/Texas/24-008749-003/2024(H5N1)	136	18
NP|PP755592.1|A/cattle/Texas/24-008749-003/2024(H5N1)	137	18
NP|PP755592.1|A/cattle/Texas/24-008749-003/2024(H5N1)	138	18
NP|PP755592.1|A/cattle/Texas/24-008749-003/2024(H5N1)	139	17
NP|PP755592.1|A/cattle/Texas/24-008749-003/2024(H5N1)	140	17
NP|PP755592.1|A/cattle/Texas/24-008749-003/2024(H5N1)	141	16
NP|PP755592.1|A/cattle/Texas/24-008749-003/2024(H5N1)	142	16
NP|PP755592.1|A/cattle/Texas/24-008749-003/2024(H5N1)	143	16
NP|PP755592.1|A/cattle/Texas/24-008749-003/2024(H5N1)	144	18
NP|PP755592.1|A/cattle/Texas/24-008749-003/2024(H5N1)	145	17
NP|PP755592.1|A/cattle/Texas/24-008749-003/2024(H5N1)	146	17
NP|PP755592.1|A/cattle/Texas/24-008749-003/2024(H5N1)	147	17
NP|PP755592.1|A/cattle/Texas/24-008749-003/2024(H5N1)	148	17
NP|PP755592.1|A/cattle/Texas/24-008749-003/2024(H5N1)	149	17
NP|PP755592.1|A/cattle/Texas/24-008749-003/2024(H5N1)	150	16
NP|PP755592.1|A/cattle/Texas/24-008749-003/2024(H5N1)	151	16
NP|PP755592.1|A/cattle/Texas/24-008749-003/2024(H5N1)	152	16
NP|PP755592.1|A/cattle/Texas/24-008749-003/2024(H5N1)	153	16
NP|PP755592.1|A/cattle/Texas/24-008749-003/2024(H5N1)	154	16
NP|PP755592.1|A/cattle/Texas/24-008749-003/2024(H5N1)	155	16
NP|PP755592.1|A/cattle/Texas/24-008749-003/2024(H5N1)	156	16
NP|PP755592.1|A/cattle/Texas/24-008749-003/2024(H5N1)	157	16
NP|PP755592.1|A/cattle/Texas/24-008749-003/2024(H5N1)	158	16
NP|PP755592.1|A/cattle/Texas/24-008749-003/2024(H5N1)	159	16
NP|PP755592.1|A/cattle/Texas/24-008749-003/2024(H5N1)	160	16
NP|PP755592.1|A/cattle/Texas/24-008749-003/2024(H5N1)	161	16
NP|PP755592.1|A/cattle/Texas/24-008749-003/2024(H5N1)	162	16
NP|PP755592.1|A/cattle/Texas/24-008749-003/2024(H5N1)	163	16
NP|PP755592.1|A/cattle/Texas/24-008749-003/2024(H5N1)	164	17
NP|PP755592.1|A/cattle/Texas/24-008749-003/2024(H5N1)	165	17
NP|PP755592.1|A/cattle/Texas/24-008749-003/2024(H5N1)	166	17
NP|PP755592.1|A/cattle/Texas/24-008749-003/2024(H5N1)	167	16
NP|PP755592.1|A/cattle/Texas/24-008749-003/2024(H5N1)	168	17
NP|PP755592.1|A/cattle/Texas/24-008749-003/2024(H5N1)	169	18
NP|PP755592.1|A/cattle/Texas/24-008749-003/2024(H5N1)	170	17
NP|PP755592.1|A/cattle/Texas/24-008749-003/2024(H5N1)	171	17
NP|PP755592.1|A/cattle/Texas/24-008749-003/2024(H5N1)	172	17
NP|PP755592.1|A/cattle/Texas/24-008749-003/2024(H5N1)	173	17
NP|PP755592.1|A/cattle/Texas/24-008749-003/2024(H5N1)	174	17
NP|PP755592.1|A/cattle/Texas/24-008749-003/2024(H5N1)	175	17
NP|PP755592.1|A/cattle/Texas/24-008749-003/2024(H5N1)	176	17
NP|PP755592.1|A/cattle/Texas/24-008749-003/2024(H5N1)	177	18
NP|PP755592.1|A/cattle/Texas/24-008749-003/2024(H5N1)	178	18
NP|PP755592.1|A/cattle/Texas/24-008749-003/2024(H5N1)	179	18
NP|PP755592.1|A/cattle/Texas/24-008749-003/2024(H5N1)	180	18
NP|PP755592.1|A/cattle/Texas/24-008749-003/2024(H5N1)	181	18
NP|PP755592.1|A/cattle/Texas/24-008749-003/2024(H5N1)	182	18
NP|PP755592.1|A/cattle/Texas/24-008749-003/2024(H5N1)	183	18
NP|PP755592.1|A/cattle/Texas/24-008749-003/2024(H5N1)	184	18
NP|PP755592.1|A/cattle/Texas/24-008749-003/2024(H5N1)	185	18
NP|PP755592.1|A/cattle/Texas/24-008749-003/2024(H5N1)	186	18
NP|PP755592.1|A/cattle/Texas/24-008749-003/2024(H5N1)	187	18
NP|PP755592.1|A/cattle/Texas/24-008749-003/2024(H5N1)	188	19
NP|PP755592.1|A/cattle/Texas/24-008749-003/2024(H5N1)	189	19
NP|PP755592.1|A/cattle/Texas/24-008749-003/2024(H5N1)	190	19
NP|PP755592.1|A/cattle/Texas/24-008749-003/2024(H5N1)	191	19
NP|PP755592.1|A/cattle/Texas/24-008749-003/2024(H5N1)	192	19
NP|PP755592.1|A/cattle/Texas/24-008749-003/2024(H5N1)	193	19
NP|PP755592.1|A/cattle/Texas/24-008749-003/2024(H5N1)	194	19
NP|PP755592.1|A/cattle/Texas/24-008749-003/2024(H5N1)	195	21
NP|PP755592.1|A/cattle/Texas/24-008749-003/2024(H5N1)	196	21
NP|PP755592.1|A/cattle/Texas/24-008749-003/2024(H5N1)	197	21
NP|PP755592.1|A/cattle/Texas/24-008749-003/2024(H5N1)	198	21
NP|PP755592.1|A/cattle/Texas/24-008749-003/2024(H5N1)	199	21
NP|PP755592.1|A/cattle/Texas/24-008749-003/2024(H5N1)	200	21
NP|PP755592.1|A/cattle/Texas/24-008749-003/2024(H5N1)	201	21
NP|PP755592.1|A/cattle/Texas/24-008749-003/2024(H5N1)	202	21
NP|PP755592.1|A/cattle/Texas/24-008749-003/2024(H5N1)	203	23
NP|PP755592.1|A/cattle/Texas/24-008749-003/2024(H5N1)	204	23
NP|PP755592.1|A/cattle/Texas/24-008749-003/2024(H5N1)	205	23
NP|PP755592.1|A/cattle/Texas/24-008749-003/2024(H5N1)	206	25
NP|PP755592.1|A/cattle/Texas/24-008749-003/2024(H5N1)	207	25
NP|PP755592.1|A/cattle/Texas/24-008749-003/2024(H5N1)	208	25
NP|PP755592.1|A/cattle/Texas/24-008749-003/2024(H5N1)	209	25
NP|PP755592.1|A/cattle/Texas/24-008749-003/2024(H5N1)	210	25
NP|PP755592.1|A/cattle/Texas/24-008749-003/2024(H5N1)	211	25
NP|PP755592.1|A/cattle/Texas/24-008749-003/2024(H5N1)	212	25
NP|PP755592.1|A/cattle/Texas/24-008749-003/2024(H5N1)	213	24
NP|PP755592.1|A/cattle/Texas/24-008749-003/2024(H5N1)	214	24
NP|PP755592.1|A/cattle/Texas/24-008749-003/2024(H5N1)	215	24
NP|PP755592.1|A/cattle/Texas/24-008749-003/2024(H5N1)	216	24
NP|PP755592.1|A/cattle/Texas/24-008749-003/2024(H5N1)	217	24
NP|PP755592.1|A/cattle/Texas/24-008749-003/2024(H5N1)	218	24
NP|PP755592.1|A/cattle/Texas/24-008749-003/2024(H5N1)	219	26
NP|PP755592.1|A/cattle/Texas/24-008749-003/2024(H5N1)	220	26
NP|PP755592.1|A/cattle/Texas/24-008749-003/2024(H5N1)	221	27
NP|PP755592.1|A/cattle/Texas/24-008749-003/2024(H5N1)	222	27
NP|PP755592.1|A/cattle/Texas/24-008749-003/2024(H5N1)	223	26
NP|PP755592.1|A/cattle/Texas/24-008749-003/2024(H5N1)	224	26
NP|PP755592.1|A/cattle/Texas/24-008749-003/2024(H5N1)	225	26
NP|PP755592.1|A/cattle/Texas/24-008749-003/2024(H5N1)	226	26
NP|PP755592.1|A/cattle/Texas/24-008749-003/2024(H5N1)	227	26
NP|PP755592.1|A/cattle/Texas/24-008749-003/2024(H5N1)	228	25
NP|PP755592.1|A/cattle/Texas/24-008749-003/2024(H5N1)	229	25
NP|PP755592.1|A/cattle/Texas/24-008749-003/2024(H5N1)	230	25
NP|PP755592.1|A/cattle/Texas/24-008749-003/2024(H5N1)	231	25
NP|PP755592.1|A/cattle/Texas/24-008749-003/2024(H5N1)	232	25
NP|PP755592.1|A/cattle/Texas/24-008749-003/2024(H5N1)	233	25
NP|PP755592.1|A/cattle/Texas/24-008749-003/2024(H5N1)	234	25
NP|PP755592.1|A/cattle/Texas/24-008749-003/2024(H5N1)	235	25
NP|PP755592.1|A/cattle/Texas/24-008749-003/2024(H5N1)	236	25
NP|PP755592.1|A/cattle/Texas/24-008749-003/2024(H5N1)	237	25
NP|PP755592.1|A/cattle/Texas/24-008749-003/2024(H5N1)	238	25
NP|PP755592.1|A/cattle/Texas/24-008749-003/2024(H5N1)	239	25
NP|PP755592.1|A/cattle/Texas/24-008749-003/2024(H5N1)	240	25
NP|PP755592.1|A/cattle/Texas/24-008749-003/2024(H5N1)	241	27
NP|PP755592.1|A/cattle/Texas/24-008749-003/2024(H5N1)	242	27
NP|PP755592.1|A/cattle/Texas/24-008749-003/2024(H5N1)	243	27
NP|PP755592.1|A/cattle/Texas/24-008749-003/2024(H5N1)	244	27
NP|PP755592.1|A/cattle/Texas/24-008749-003/2024(H5N1)	245	27
NP|PP755592.1|A/cattle/Texas/24-008749-003/2024(H5N1)	246	29
NP|PP755592.1|A/cattle/Texas/24-008749-003/2024(H5N1)	247	29
NP|PP755592.1|A/cattle/Texas/24-008749-003/2024(H5N1)	248	29
NP|PP755592.1|A/cattle/Texas/24-008749-003/2024(H5N1)	249	29
NP|PP755592.1|A/cattle/Texas/24-008749-003/2024(H5N1)	250	29
NP|PP755592.1|A/cattle/Texas/24-008749-003/2024(H5N1)	251	29
NP|PP755592.1|A/cattle/Texas/24-008749-003/2024(H5N1)	252	29
NP|PP755592.1|A/cattle/Texas/24-008749-003/2024(H5N1)	253	29
NP|PP755592.1|A/cattle/Texas/24-008749-003/2024(H5N1)	254	30
NP|PP755592.1|A/cattle/Texas/24-008749-003/2024(H5N1)	255	30
NP|PP755592.1|A/cattle/Texas/24-008749-003/2024(H5N1)	256	30
NP|PP755592.1|A/cattle/Texas/24-008749-003/2024(H5N1)	257	30
NP|PP755592.1|A/cattle/Texas/24-008749-003/2024(H5N1)	258	30
NP|PP755592.1|A/cattle/Texas/24-008749-003/2024(H5N1)	259	30
NP|PP755592.1|A/cattle/Texas/24-008749-003/2024(H5N1)	260	30
NP|PP755592.1|A/cattle/Texas/24-008749-003/2024(H5N1)	261	30
NP|PP755592.1|A/cattle/Texas/24-008749-003/2024(H5N1)	262	30
NP|PP755592.1|A/cattle/Texas/24-008749-003/2024(H5N1)	263	30
NP|PP755592.1|A/cattle/Texas/24-008749-003/2024(H5N1)	264	30
NP|PP755592.1|A/cattle/Texas/24-008749-003/2024(H5N1)	265	30
NP|PP755592.1|A/cattle/Texas/24-008749-003/2024(H5N1)	266	30
NP|PP755592.1|A/cattle/Texas/24-008749-003/2024(H5N1)	267	31
NP|PP755592.1|A/cattle/Texas/24-008749-003/2024(H5N1)	268	31
NP|PP755592.1|A/cattle/Texas/24-008749-003/2024(H5N1)	269	31
NP|PP755592.1|A/cattle/Texas/24-008749-003/2024(H5N1)	270	32
NP|PP755592.1|A/cattle/Texas/24-008749-003/2024(H5N1)	271	33
NP|PP755592.1|A/cattle/Texas/24-008749-003/2024(H5N1)	272	32
NP|PP755592.1|A/cattle/Texas/24-008749-003/2024(H5N1)	273	32
NP|PP755592.1|A/cattle/Texas/24-008749-003/2024(H5N1)	274	30
NP|PP755592.1|A/cattle/Texas/24-008749-003/2024(H5N1)	275	27
NP|PP755592.1|A/cattle/Texas/24-008749-003/2024(H5N1)	276	27
NP|PP755592.1|A/cattle/Texas/24-008749-003/2024(H5N1)	277	26
NP|PP755592.1|A/cattle/Texas/24-008749-003/2024(H5N1)	278	26
NP|PP755592.1|A/cattle/Texas/24-008749-003/2024(H5N1)	279	26
NP|PP755592.1|A/cattle/Texas/24-008749-003/2024(H5N1)	280	26
NP|PP755592.1|A/cattle/Texas/24-008749-003/2024(H5N1)	281	26
NP|PP755592.1|A/cattle/Texas/24-008749-003/2024(H5N1)	282	27
NP|PP755592.1|A/cattle/Texas/24-008749-003/2024(H5N1)	283	27
NP|PP755592.1|A/cattle/Texas/24-008749-003/2024(H5N1)	284	27
NP|PP755592.1|A/cattle/Texas/24-008749-003/2024(H5N1)	285	27
NP|PP755592.1|A/cattle/Texas/24-008749-003/2024(H5N1)	286	27
NP|PP755592.1|A/cattle/Texas/24-008749-003/2024(H5N1)	287	26
NP|PP755592.1|A/cattle/Texas/24-008749-003/2024(H5N1)	288	28
NP|PP755592.1|A/cattle/Texas/24-008749-003/2024(H5N1)	289	28
NP|PP755592.1|A/cattle/Texas/24-008749-003/2024(H5N1)	290	27
NP|PP755592.1|A/cattle/Texas/24-008749-003/2024(H5N1)	291	27
NP|PP755592.1|A/cattle/Texas/24-008749-003/2024(H5N1)	292	27
NP|PP755592.1|A/cattle/Texas/24-008749-003/2024(H5N1)	293	27
NP|PP755592.1|A/cattle/Texas/24-008749-003/2024(H5N1)	294	28
NP|PP755592.1|A/cattle/Texas/24-008749-003/2024(H5N1)	295	26
NP|PP755592.1|A/cattle/Texas/24-008749-003/2024(H5N1)	296	26
NP|PP755592.1|A/cattle/Texas/24-008749-003/2024(H5N1)	297	27
NP|PP755592.1|A/cattle/Texas/24-008749-003/2024(H5N1)	298	27
NP|PP755592.1|A/cattle/Texas/24-008749-003/2024(H5N1)	299	27
NP|PP755592.1|A/cattle/Texas/24-008749-003/2024(H5N1)	300	27
NP|PP755592.1|A/cattle/Texas/24-008749-003/2024(H5N1)	301	27
NP|PP755592.1|A/cattle/Texas/24-008749-003/2024(H5N1)	302	28
NP|PP755592.1|A/cattle/Texas/24-008749-003/2024(H5N1)	303	29
NP|PP755592.1|A/cattle/Texas/24-008749-003/2024(H5N1)	304	29
NP|PP755592.1|A/cattle/Texas/24-008749-003/2024(H5N1)	305	29
NP|PP755592.1|A/cattle/Texas/24-008749-003/2024(H5N1)	306	29
NP|PP755592.1|A/cattle/Texas/24-008749-003/2024(H5N1)	307	30
NP|PP755592.1|A/cattle/Texas/24-008749-003/2024(H5N1)	308	30
NP|PP755592.1|A/cattle/Texas/24-008749-003/2024(H5N1)	309	30
NP|PP755592.1|A/cattle/Texas/24-008749-003/2024(H5N1)	310	30
NP|PP755592.1|A/cattle/Texas/24-008749-003/2024(H5N1)	311	30
NP|PP755592.1|A/cattle/Texas/24-008749-003/2024(H5N1)	312	30
NP|PP755592.1|A/cattle/Texas/24-008749-003/2024(H5N1)	313	30
NP|PP755592.1|A/cattle/Texas/24-008749-003/2024(H5N1)	314	30
NP|PP755592.1|A/cattle/Texas/24-008749-003/2024(H5N1)	315	29
NP|PP755592.1|A/cattle/Texas/24-008749-003/2024(H5N1)	316	29
NP|PP755592.1|A/cattle/Texas/24-008749-003/2024(H5N1)	317	29
NP|PP755592.1|A/cattle/Texas/24-008749-003/2024(H5N1)	318	29
NP|PP755592.1|A/cattle/Texas/24-008749-003/2024(H5N1)	319	28
NP|PP755592.1|A/cattle/Texas/24-008749-003/2024(H5N1)	320	27
NP|PP755592.1|A/cattle/Texas/24-008749-003/2024(H5N1)	321	27
NP|PP755592.1|A/cattle/Texas/24-008749-003/2024(H5N1)	322	27
NP|PP755592.1|A/cattle/Texas/24-008749-003/2024(H5N1)	323	27
NP|PP755592.1|A/cattle/Texas/24-008749-003/2024(H5N1)	324	27
NP|PP755592.1|A/cattle/Texas/24-008749-003/2024(H5N1)	325	27
NP|PP755592.1|A/cattle/Texas/24-008749-003/2024(H5N1)	326	28
NP|PP755592.1|A/cattle/Texas/24-008749-003/2024(H5N1)	327	27
NP|PP755592.1|A/cattle/Texas/24-008749-003/2024(H5N1)	328	27
NP|PP755592.1|A/cattle/Texas/24-008749-003/2024(H5N1)	329	27
NP|PP755592.1|A/cattle/Texas/24-008749-003/2024(H5N1)	330	27
NP|PP755592.1|A/cattle/Texas/24-008749-003/2024(H5N1)	331	27
NP|PP755592.1|A/cattle/Texas/24-008749-003/2024(H5N1)	332	27
NP|PP755592.1|A/cattle/Texas/24-008749-003/2024(H5N1)	333	27
NP|PP755592.1|A/cattle/Texas/24-008749-003/2024(H5N1)	334	27
NP|PP755592.1|A/cattle/Texas/24-008749-003/2024(H5N1)	335	29
NP|PP755592.1|A/cattle/Texas/24-008749-003/2024(H5N1)	336	29
NP|PP755592.1|A/cattle/Texas/24-008749-003/2024(H5N1)	337	29
NP|PP755592.1|A/cattle/Texas/24-008749-003/2024(H5N1)	338	29
NP|PP755592.1|A/cattle/Texas/24-008749-003/2024(H5N1)	339	28
NP|PP755592.1|A/cattle/Texas/24-008749-003/2024(H5N1)	340	28
NP|PP755592.1|A/cattle/Texas/24-008749-003/2024(H5N1)	341	28
NP|PP755592.1|A/cattle/Texas/24-008749-003/2024(H5N1)	342	28
NP|PP755592.1|A/cattle/Texas/24-008749-003/2024(H5N1)	343	28
NP|PP755592.1|A/cattle/Texas/24-008749-003/2024(H5N1)	344	28
NP|PP755592.1|A/cattle/Texas/24-008749-003/2024(H5N1)	345	28
NP|PP755592.1|A/cattle/Texas/24-008749-003/2024(H5N1)	346	28
NP|PP755592.1|A/cattle/Texas/24-008749-003/2024(H5N1)	347	28
NP|PP755592.1|A/cattle/Texas/24-008749-003/2024(H5N1)	348	28
NP|PP755592.1|A/cattle/Texas/24-008749-003/2024(H5N1)	349	28
NP|PP755592.1|A/cattle/Texas/24-008749-003/2024(H5N1)	350	28
NP|PP755592.1|A/cattle/Texas/24-008749-003/2024(H5N1)	351	28
NP|PP755592.1|A/cattle/Texas/24-008749-003/2024(H5N1)	352	28
NP|PP755592.1|A/cattle/Texas/24-008749-003/2024(H5N1)	353	28
NP|PP755592.1|A/cattle/Texas/24-008749-003/2024(H5N1)	354	26
NP|PP755592.1|A/cattle/Texas/24-008749-003/2024(H5N1)	355	26
NP|PP755592.1|A/cattle/Texas/24-008749-003/2024(H5N1)	356	26
NP|PP755592.1|A/cattle/Texas/24-008749-003/2024(H5N1)	357	24
NP|PP755592.1|A/cattle/Texas/24-008749-003/2024(H5N1)	358	24
NP|PP755592.1|A/cattle/Texas/24-008749-003/2024(H5N1)	359	24
NP|PP755592.1|A/cattle/Texas/24-008749-003/2024(H5N1)	360	24
NP|PP755592.1|A/cattle/Texas/24-008749-003/2024(H5N1)	361	24
NP|PP755592.1|A/cattle/Texas/24-008749-003/2024(H5N1)	362	24
NP|PP755592.1|A/cattle/Texas/24-008749-003/2024(H5N1)	363	24
NP|PP755592.1|A/cattle/Texas/24-008749-003/2024(H5N1)	364	25
NP|PP755592.1|A/cattle/Texas/24-008749-003/2024(H5N1)	365	25
NP|PP755592.1|A/cattle/Texas/24-008749-003/2024(H5N1)	366	25
NP|PP755592.1|A/cattle/Texas/24-008749-003/2024(H5N1)	367	25
NP|PP755592.1|A/cattle/Texas/24-008749-003/2024(H5N1)	368	25
NP|PP755592.1|A/cattle/Texas/24-008749-003/2024(H5N1)	369	25
NP|PP755592.1|A/cattle/Texas/24-008749-003/2024(H5N1)	370	25
NP|PP755592.1|A/cattle/Texas/24-008749-003/2024(H5N1)	371	26
NP|PP755592.1|A/cattle/Texas/24-008749-003/2024(H5N1)	372	25
NP|PP755592.1|A/cattle/Texas/24-008749-003/2024(H5N1)	373	25
NP|PP755592.1|A/cattle/Texas/24-008749-003/2024(H5N1)	374	27
NP|PP755592.1|A/cattle/Texas/24-008749-003/2024(H5N1)	375	27
NP|PP755592.1|A/cattle/Texas/24-008749-003/2024(H5N1)	376	27
NP|PP755592.1|A/cattle/Texas/24-008749-003/2024(H5N1)	377	27
NP|PP755592.1|A/cattle/Texas/24-008749-003/2024(H5N1)	378	27
NP|PP755592.1|A/cattle/Texas/24-008749-003/2024(H5N1)	379	27
NP|PP755592.1|A/cattle/Texas/24-008749-003/2024(H5N1)	380	27
NP|PP755592.1|A/cattle/Texas/24-008749-003/2024(H5N1)	381	29
NP|PP755592.1|A/cattle/Texas/24-008749-003/2024(H5N1)	382	29
NP|PP755592.1|A/cattle/Texas/24-008749-003/2024(H5N1)	383	29
NP|PP755592.1|A/cattle/Texas/24-008749-003/2024(H5N1)	384	29
NP|PP755592.1|A/cattle/Texas/24-008749-003/2024(H5N1)	385	29
NP|PP755592.1|A/cattle/Texas/24-008749-003/2024(H5N1)	386	29
NP|PP755592.1|A/cattle/Texas/24-008749-003/2024(H5N1)	387	29
NP|PP755592.1|A/cattle/Texas/24-008749-003/2024(H5N1)	388	29
NP|PP755592.1|A/cattle/Texas/24-008749-003/2024(H5N1)	389	30
NP|PP755592.1|A/cattle/Texas/24-008749-003/2024(H5N1)	390	28
NP|PP755592.1|A/cattle/Texas/24-008749-003/2024(H5N1)	391	28
NP|PP755592.1|A/cattle/Texas/24-008749-003/2024(H5N1)	392	28
NP|PP755592.1|A/cattle/Texas/24-008749-003/2024(H5N1)	393	28
NP|PP755592.1|A/cattle/Texas/24-008749-003/2024(H5N1)	394	28
NP|PP755592.1|A/cattle/Texas/24-008749-003/2024(H5N1)	395	28
NP|PP755592.1|A/cattle/Texas/24-008749-003/2024(H5N1)	396	28
NP|PP755592.1|A/cattle/Texas/24-008749-003/2024(H5N1)	397	26
NP|PP755592.1|A/cattle/Texas/24-008749-003/2024(H5N1)	398	26
NP|PP755592.1|A/cattle/Texas/24-008749-003/2024(H5N1)	399	26
NP|PP755592.1|A/cattle/Texas/24-008749-003/2024(H5N1)	400	26
NP|PP755592.1|A/cattle/Texas/24-008749-003/2024(H5N1)	401	26
NP|PP755592.1|A/cattle/Texas/24-008749-003/2024(H5N1)	402	26
NP|PP755592.1|A/cattle/Texas/24-008749-003/2024(H5N1)	403	26
NP|PP755592.1|A/cattle/Texas/24-008749-003/2024(H5N1)	404	25
NP|PP755592.1|A/cattle/Texas/24-008749-003/2024(H5N1)	405	25
NP|PP755592.1|A/cattle/Texas/24-008749-003/2024(H5N1)	406	26
NP|PP755592.1|A/cattle/Texas/24-008749-003/2024(H5N1)	407	26
NP|PP755592.1|A/cattle/Texas/24-008749-003/2024(H5N1)	408	27
NP|PP755592.1|A/cattle/Texas/24-008749-003/2024(H5N1)	409	27
NP|PP755592.1|A/cattle/Texas/24-008749-003/2024(H5N1)	410	27
NP|PP755592.1|A/cattle/Texas/24-008749-003/2024(H5N1)	411	27
NP|PP755592.1|A/cattle/Texas/24-008749-003/2024(H5N1)	412	27
NP|PP755592.1|A/cattle/Texas/24-008749-003/2024(H5N1)	413	28
NP|PP755592.1|A/cattle/Texas/24-008749-003/2024(H5N1)	414	28
NP|PP755592.1|A/cattle/Texas/24-008749-003/2024(H5N1)	415	28
NP|PP755592.1|A/cattle/Texas/24-008749-003/2024(H5N1)	416	28
NP|PP755592.1|A/cattle/Texas/24-008749-003/2024(H5N1)	417	28
NP|PP755592.1|A/cattle/Texas/24-008749-003/2024(H5N1)	418	28
NP|PP755592.1|A/cattle/Texas/24-008749-003/2024(H5N1)	419	28
NP|PP755592.1|A/cattle/Texas/24-008749-003/2024(H5N1)	420	27
NP|PP755592.1|A/cattle/Texas/24-008749-003/2024(H5N1)	421	26
NP|PP755592.1|A/cattle/Texas/24-008749-003/2024(H5N1)	422	26
NP|PP755592.1|A/cattle/Texas/24-008749-003/2024(H5N1)	423	27
NP|PP755592.1|A/cattle/Texas/24-008749-003/2024(H5N1)	424	27
NP|PP755592.1|A/cattle/Texas/24-008749-003/2024(H5N1)	425	27
NP|PP755592.1|A/cattle/Texas/24-008749-003/2024(H5N1)	426	27
NP|PP755592.1|A/cattle/Texas/24-008749-003/2024(H5N1)	427	27
NP|PP755592.1|A/cattle/Texas/24-008749-003/2024(H5N1)	428	27
NP|PP755592.1|A/cattle/Texas/24-008749-003/2024(H5N1)	429	28
NP|PP755592.1|A/cattle/Texas/24-008749-003/2024(H5N1)	430	28
NP|PP755592.1|A/cattle/Texas/24-008749-003/2024(H5N1)	431	28
NP|PP755592.1|A/cattle/Texas/24-008749-003/2024(H5N1)	432	28
NP|PP755592.1|A/cattle/Texas/24-008749-003/2024(H5N1)	433	27
NP|PP755592.1|A/cattle/Texas/24-008749-003/2024(H5N1)	434	27
NP|PP755592.1|A/cattle/Texas/24-008749-003/2024(H5N1)	435	27
NP|PP755592.1|A/cattle/Texas/24-008749-003/2024(H5N1)	436	27
NP|PP755592.1|A/cattle/Texas/24-008749-003/2024(H5N1)	437	27
NP|PP755592.1|A/cattle/Texas/24-008749-003/2024(H5N1)	438	26
NP|PP755592.1|A/cattle/Texas/24-008749-003/2024(H5N1)	439	25
NP|PP755592.1|A/cattle/Texas/24-008749-003/2024(H5N1)	440	25
NP|PP755592.1|A/cattle/Texas/24-008749-003/2024(H5N1)	441	25
NP|PP755592.1|A/cattle/Texas/24-008749-003/2024(H5N1)	442	25
NP|PP755592.1|A/cattle/Texas/24-008749-003/2024(H5N1)	443	25
NP|PP755592.1|A/cattle/Texas/24-008749-003/2024(H5N1)	444	24
NP|PP755592.1|A/cattle/Texas/24-008749-003/2024(H5N1)	445	24
NP|PP755592.1|A/cattle/Texas/24-008749-003/2024(H5N1)	446	24
NP|PP755592.1|A/cattle/Texas/24-008749-003/2024(H5N1)	447	24
NP|PP755592.1|A/cattle/Texas/24-008749-003/2024(H5N1)	448	23
NP|PP755592.1|A/cattle/Texas/24-008749-003/2024(H5N1)	449	23
NP|PP755592.1|A/cattle/Texas/24-008749-003/2024(H5N1)	450	23
NP|PP755592.1|A/cattle/Texas/24-008749-003/2024(H5N1)	451	23
NP|PP755592.1|A/cattle/Texas/24-008749-003/2024(H5N1)	452	24
NP|PP755592.1|A/cattle/Texas/24-008749-003/2024(H5N1)	453	23
NP|PP755592.1|A/cattle/Texas/24-008749-003/2024(H5N1)	454	22
NP|PP755592.1|A/cattle/Texas/24-008749-003/2024(H5N1)	455	22
NP|PP755592.1|A/cattle/Texas/24-008749-003/2024(H5N1)	456	23
NP|PP755592.1|A/cattle/Texas/24-008749-003/2024(H5N1)	457	23
NP|PP755592.1|A/cattle/Texas/24-008749-003/2024(H5N1)	458	22
NP|PP755592.1|A/cattle/Texas/24-008749-003/2024(H5N1)	459	22
NP|PP755592.1|A/cattle/Texas/24-008749-003/2024(H5N1)	460	22
NP|PP755592.1|A/cattle/Texas/24-008749-003/2024(H5N1)	461	22
NP|PP755592.1|A/cattle/Texas/24-008749-003/2024(H5N1)	462	22
NP|PP755592.1|A/cattle/Texas/24-008749-003/2024(H5N1)	463	22
NP|PP755592.1|A/cattle/Texas/24-008749-003/2024(H5N1)	464	22
NP|PP755592.1|A/cattle/Texas/24-008749-003/2024(H5N1)	465	22
NP|PP755592.1|A/cattle/Texas/24-008749-003/2024(H5N1)	466	22
NP|PP755592.1|A/cattle/Texas/24-008749-003/2024(H5N1)	467	23
NP|PP755592.1|A/cattle/Texas/24-008749-003/2024(H5N1)	468	23
NP|PP755592.1|A/cattle/Texas/24-008749-003/2024(H5N1)	469	23
NP|PP755592.1|A/cattle/Texas/24-008749-003/2024(H5N1)	470	23
NP|PP755592.1|A/cattle/Texas/24-008749-003/2024(H5N1)	471	23
NP|PP755592.1|A/cattle/Texas/24-008749-003/2024(H5N1)	472	24
NP|PP755592.1|A/cattle/Texas/24-008749-003/2024(H5N1)	473	24
NP|PP755592.1|A/cattle/Texas/24-008749-003/2024(H5N1)	474	25
NP|PP755592.1|A/cattle/Texas/24-008749-003/2024(H5N1)	475	25
NP|PP755592.1|A/cattle/Texas/24-008749-003/2024(H5N1)	476	25
NP|PP755592.1|A/cattle/Texas/24-008749-003/2024(H5N1)	477	24
NP|PP755592.1|A/cattle/Texas/24-008749-003/2024(H5N1)	478	24
NP|PP755592.1|A/cattle/Texas/24-008749-003/2024(H5N1)	479	24
NP|PP755592.1|A/cattle/Texas/24-008749-003/2024(H5N1)	480	24
NP|PP755592.1|A/cattle/Texas/24-008749-003/2024(H5N1)	481	24
NP|PP755592.1|A/cattle/Texas/24-008749-003/2024(H5N1)	482	24
NP|PP755592.1|A/cattle/Texas/24-008749-003/2024(H5N1)	483	25
NP|PP755592.1|A/cattle/Texas/24-008749-003/2024(H5N1)	484	25
NP|PP755592.1|A/cattle/Texas/24-008749-003/2024(H5N1)	485	25
NP|PP755592.1|A/cattle/Texas/24-008749-003/2024(H5N1)	486	23
NP|PP755592.1|A/cattle/Texas/24-008749-003/2024(H5N1)	487	23
NP|PP755592.1|A/cattle/Texas/24-008749-003/2024(H5N1)	488	21
NP|PP755592.1|A/cattle/Texas/24-008749-003/2024(H5N1)	489	22
NP|PP755592.1|A/cattle/Texas/24-008749-003/2024(H5N1)	490	22
NP|PP755592.1|A/cattle/Texas/24-008749-003/2024(H5N1)	491	22
NP|PP755592.1|A/cattle/Texas/24-008749-003/2024(H5N1)	492	22
NP|PP755592.1|A/cattle/Texas/24-008749-003/2024(H5N1)	493	20
NP|PP755592.1|A/cattle/Texas/24-008749-003/2024(H5N1)	494	21
NP|PP755592.1|A/cattle/Texas/24-008749-003/2024(H5N1)	495	21
NP|PP755592.1|A/cattle/Texas/24-008749-003/2024(H5N1)	496	22
NP|PP755592.1|A/cattle/Texas/24-008749-003/2024(H5N1)	497	22
NP|PP755592.1|A/cattle/Texas/24-008749-003/2024(H5N1)	498	22
NP|PP755592.1|A/cattle/Texas/24-008749-003/2024(H5N1)	499	25
NP|PP755592.1|A/cattle/Texas/24-008749-003/2024(H5N1)	500	27
NP|PP755592.1|A/cattle/Texas/24-008749-003/2024(H5N1)	501	27
NP|PP755592.1|A/cattle/Texas/24-008749-003/2024(H5N1)	502	27
NP|PP755592.1|A/cattle/Texas/24-008749-003/2024(H5N1)	503	27
NP|PP755592.1|A/cattle/Texas/24-008749-003/2024(H5N1)	504	27
NP|PP755592.1|A/cattle/Texas/24-008749-003/2024(H5N1)	505	27
NP|PP755592.1|A/cattle/Texas/24-008749-003/2024(H5N1)	506	30
NP|PP755592.1|A/cattle/Texas/24-008749-003/2024(H5N1)	507	30
NP|PP755592.1|A/cattle/Texas/24-008749-003/2024(H5N1)	508	30
NP|PP755592.1|A/cattle/Texas/24-008749-003/2024(H5N1)	509	30
NP|PP755592.1|A/cattle/Texas/24-008749-003/2024(H5N1)	510	30
NP|PP755592.1|A/cattle/Texas/24-008749-003/2024(H5N1)	511	30
NP|PP755592.1|A/cattle/Texas/24-008749-003/2024(H5N1)	512	30
NP|PP755592.1|A/cattle/Texas/24-008749-003/2024(H5N1)	513	30
NP|PP755592.1|A/cattle/Texas/24-008749-003/2024(H5N1)	514	30
NP|PP755592.1|A/cattle/Texas/24-008749-003/2024(H5N1)	515	29
NP|PP755592.1|A/cattle/Texas/24-008749-003/2024(H5N1)	516	30
NP|PP755592.1|A/cattle/Texas/24-008749-003/2024(H5N1)	517	30
NP|PP755592.1|A/cattle/Texas/24-008749-003/2024(H5N1)	518	30
NP|PP755592.1|A/cattle/Texas/24-008749-003/2024(H5N1)	519	30
NP|PP755592.1|A/cattle/Texas/24-008749-003/2024(H5N1)	520	30
NP|PP755592.1|A/cattle/Texas/24-008749-003/2024(H5N1)	521	30
NP|PP755592.1|A/cattle/Texas/24-008749-003/2024(H5N1)	522	29
NP|PP755592.1|A/cattle/Texas/24-008749-003/2024(H5N1)	523	29
NP|PP755592.1|A/cattle/Texas/24-008749-003/2024(H5N1)	524	29
NP|PP755592.1|A/cattle/Texas/24-008749-003/2024(H5N1)	525	28
NP|PP755592.1|A/cattle/Texas/24-008749-003/2024(H5N1)	526	28
NP|PP755592.1|A/cattle/Texas/24-008749-003/2024(H5N1)	527	28
NP|PP755592.1|A/cattle/Texas/24-008749-003/2024(H5N1)	528	28
NP|PP755592.1|A/cattle/Texas/24-008749-003/2024(H5N1)	529	28
NP|PP755592.1|A/cattle/Texas/24-008749-003/2024(H5N1)	530	28
NP|PP755592.1|A/cattle/Texas/24-008749-003/2024(H5N1)	531	28
NP|PP755592.1|A/cattle/Texas/24-008749-003/2024(H5N1)	532	26
NP|PP755592.1|A/cattle/Texas/24-008749-003/2024(H5N1)	533	27
NP|PP755592.1|A/cattle/Texas/24-008749-003/2024(H5N1)	534	27
NP|PP755592.1|A/cattle/Texas/24-008749-003/2024(H5N1)	535	27
NP|PP755592.1|A/cattle/Texas/24-008749-003/2024(H5N1)	536	27
NP|PP755592.1|A/cattle/Texas/24-008749-003/2024(H5N1)	537	27
NP|PP755592.1|A/cattle/Texas/24-008749-003/2024(H5N1)	538	27
NP|PP755592.1|A/cattle/Texas/24-008749-003/2024(H5N1)	539	27
NP|PP755592.1|A/cattle/Texas/24-008749-003/2024(H5N1)	540	26
NP|PP755592.1|A/cattle/Texas/24-008749-003/2024(H5N1)	541	26
NP|PP755592.1|A/cattle/Texas/24-008749-003/2024(H5N1)	542	26
NP|PP755592.1|A/cattle/Texas/24-008749-003/2024(H5N1)	543	26
NP|PP755592.1|A/cattle/Texas/24-008749-003/2024(H5N1)	544	27
NP|PP755592.1|A/cattle/Texas/24-008749-003/2024(H5N1)	545	27
NP|PP755592.1|A/cattle/Texas/24-008749-003/2024(H5N1)	546	28
NP|PP755592.1|A/cattle/Texas/24-008749-003/2024(H5N1)	547	29
NP|PP755592.1|A/cattle/Texas/24-008749-003/2024(H5N1)	548	33
NP|PP755592.1|A/cattle/Texas/24-008749-003/2024(H5N1)	549	33
NP|PP755592.1|A/cattle/Texas/24-008749-003/2024(H5N1)	550	33
NP|PP755592.1|A/cattle/Texas/24-008749-003/2024(H5N1)	551	33
NP|PP755592.1|A/cattle/Texas/24-008749-003/2024(H5N1)	552	33
NP|PP755592.1|A/cattle/Texas/24-008749-003/2024(H5N1)	553	33
NP|PP755592.1|A/cattle/Texas/24-008749-003/2024(H5N1)	554	35
NP|PP755592.1|A/cattle/Texas/24-008749-003/2024(H5N1)	555	35
NP|PP755592.1|A/cattle/Texas/24-008749-003/2024(H5N1)	556	34
NP|PP755592.1|A/cattle/Texas/24-008749-003/2024(H5N1)	557	33
NP|PP755592.1|A/cattle/Texas/24-008749-003/2024(H5N1)	558	33
NP|PP755592.1|A/cattle/Texas/24-008749-003/2024(H5N1)	559	33
NP|PP755592.1|A/cattle/Texas/24-008749-003/2024(H5N1)	560	34
NP|PP755592.1|A/cattle/Texas/24-008749-003/2024(H5N1)	561	34
NP|PP755592.1|A/cattle/Texas/24-008749-003/2024(H5N1)	562	34
NP|PP755592.1|A/cattle/Texas/24-008749-003/2024(H5N1)	563	35
NP|PP755592.1|A/cattle/Texas/24-008749-003/2024(H5N1)	564	34
NP|PP755592.1|A/cattle/Texas/24-008749-003/2024(H5N1)	565	34
NP|PP755592.1|A/cattle/Texas/24-008749-003/2024(H5N1)	566	34
NP|PP755592.1|A/cattle/Texas/24-008749-003/2024(H5N1)	567	34
NP|PP755592.1|A/cattle/Texas/24-008749-003/2024(H5N1)	568	34
NP|PP755592.1|A/cattle/Texas/24-008749-003/2024(H5N1)	569	33
NP|PP755592.1|A/cattle/Texas/24-008749-003/2024(H5N1)	570	33
NP|PP755592.1|A/cattle/Texas/24-008749-003/2024(H5N1)	571	34
NP|PP755592.1|A/cattle/Texas/24-008749-003/2024(H5N1)	572	34
NP|PP755592.1|A/cattle/Texas/24-008749-003/2024(H5N1)	573	34
NP|PP755592.1|A/cattle/Texas/24-008749-003/2024(H5N1)	574	33
NP|PP755592.1|A/cattle/Texas/24-008749-003/2024(H5N1)	575	33
NP|PP755592.1|A/cattle/Texas/24-008749-003/2024(H5N1)	576	35
NP|PP755592.1|A/cattle/Texas/24-008749-003/2024(H5N1)	577	35
NP|PP755592.1|A/cattle/Texas/24-008749-003/2024(H5N1)	578	35
NP|PP755592.1|A/cattle/Texas/24-008749-003/2024(H5N1)	579	35
NP|PP755592.1|A/cattle/Texas/24-008749-003/2024(H5N1)	580	34
NP|PP755592.1|A/cattle/Texas/24-008749-003/2024(H5N1)	581	34
NP|PP755592.1|A/cattle/Texas/24-008749-003/2024(H5N1)	582	34
NP|PP755592.1|A/cattle/Texas/24-008749-003/2024(H5N1)	583	34
NP|PP755592.1|A/cattle/Texas/24-008749-003/2024(H5N1)	584	34
NP|PP755592.1|A/cattle/Texas/24-008749-003/2024(H5N1)	585	34
NP|PP755592.1|A/cattle/Texas/24-008749-003/2024(H5N1)	586	35
NP|PP755592.1|A/cattle/Texas/24-008749-003/2024(H5N1)	587	35
NP|PP755592.1|A/cattle/Texas/24-008749-003/2024(H5N1)	588	36
NP|PP755592.1|A/cattle/Texas/24-008749-003/2024(H5N1)	589	36
NP|PP755592.1|A/cattle/Texas/24-008749-003/2024(H5N1)	590	38
NP|PP755592.1|A/cattle/Texas/24-008749-003/2024(H5N1)	591	38
NP|PP755592.1|A/cattle/Texas/24-008749-003/2024(H5N1)	592	38
NP|PP755592.1|A/cattle/Texas/24-008749-003/2024(H5N1)	593	38
NP|PP755592.1|A/cattle/Texas/24-008749-003/2024(H5N1)	594	38
NP|PP755592.1|A/cattle/Texas/24-008749-003/2024(H5N1)	595	38
NP|PP755592.1|A/cattle/Texas/24-008749-003/2024(H5N1)	596	38
NP|PP755592.1|A/cattle/Texas/24-008749-003/2024(H5N1)	597	38
NP|PP755592.1|A/cattle/Texas/24-008749-003/2024(H5N1)	598	38
NP|PP755592.1|A/cattle/Texas/24-008749-003/2024(H5N1)	599	38
NP|PP755592.1|A/cattle/Texas/24-008749-003/2024(H5N1)	600	38
NP|PP755592.1|A/cattle/Texas/24-008749-003/2024(H5N1)	601	38
NP|PP755592.1|A/cattle/Texas/24-008749-003/2024(H5N1)	602	38
NP|PP755592.1|A/cattle/Texas/24-008749-003/2024(H5N1)	603	37
NP|PP755592.1|A/cattle/Texas/24-008749-003/2024(H5N1)	604	37
NP|PP755592.1|A/cattle/Texas/24-008749-003/2024(H5N1)	605	37
NP|PP755592.1|A/cattle/Texas/24-008749-003/2024(H5N1)	606	36
NP|PP755592.1|A/cattle/Texas/24-008749-003/2024(H5N1)	607	36
NP|PP755592.1|A/cattle/Texas/24-008749-003/2024(H5N1)	608	36
NP|PP755592.1|A/cattle/Texas/24-008749-003/2024(H5N1)	609	36
NP|PP755592.1|A/cattle/Texas/24-008749-003/2024(H5N1)	610	36
NP|PP755592.1|A/cattle/Texas/24-008749-003/2024(H5N1)	611	36
NP|PP755592.1|A/cattle/Texas/24-008749-003/2024(H5N1)	612	36
NP|PP755592.1|A/cattle/Texas/24-008749-003/2024(H5N1)	613	36
NP|PP755592.1|A/cattle/Texas/24-008749-003/2024(H5N1)	614	37
NP|PP755592.1|A/cattle/Texas/24-008749-003/2024(H5N1)	615	37
NP|PP755592.1|A/cattle/Texas/24-008749-003/2024(H5N1)	616	37
NP|PP755592.1|A/cattle/Texas/24-008749-003/2024(H5N1)	617	37
NP|PP755592.1|A/cattle/Texas/24-008749-003/2024(H5N1)	618	36
NP|PP755592.1|A/cattle/Texas/24-008749-003/2024(H5N1)	619	36
NP|PP755592.1|A/cattle/Texas/24-008749-003/2024(H5N1)	620	36
NP|PP755592.1|A/cattle/Texas/24-008749-003/2024(H5N1)	621	36
NP|PP755592.1|A/cattle/Texas/24-008749-003/2024(H5N1)	622	36
NP|PP755592.1|A/cattle/Texas/24-008749-003/2024(H5N1)	623	35
NP|PP755592.1|A/cattle/Texas/24-008749-003/2024(H5N1)	624	34
NP|PP755592.1|A/cattle/Texas/24-008749-003/2024(H5N1)	625	34
NP|PP755592.1|A/cattle/Texas/24-008749-003/2024(H5N1)	626	34
NP|PP755592.1|A/cattle/Texas/24-008749-003/2024(H5N1)	627	34
NP|PP755592.1|A/cattle/Texas/24-008749-003/2024(H5N1)	628	34
NP|PP755592.1|A/cattle/Texas/24-008749-003/2024(H5N1)	629	34
NP|PP755592.1|A/cattle/Texas/24-008749-003/2024(H5N1)	630	34
NP|PP755592.1|A/cattle/Texas/24-008749-003/2024(H5N1)	631	35
NP|PP755592.1|A/cattle/Texas/24-008749-003/2024(H5N1)	632	35
NP|PP755592.1|A/cattle/Texas/24-008749-003/2024(H5N1)	633	35
NP|PP755592.1|A/cattle/Texas/24-008749-003/2024(H5N1)	634	34
NP|PP755592.1|A/cattle/Texas/24-008749-003/2024(H5N1)	635	34
NP|PP755592.1|A/cattle/Texas/24-008749-003/2024(H5N1)	636	35
NP|PP755592.1|A/cattle/Texas/24-008749-003/2024(H5N1)	637	35
NP|PP755592.1|A/cattle/Texas/24-008749-003/2024(H5N1)	638	35
NP|PP755592.1|A/cattle/Texas/24-008749-003/2024(H5N1)	639	35
NP|PP755592.1|A/cattle/Texas/24-008749-003/2024(H5N1)	640	34
NP|PP755592.1|A/cattle/Texas/24-008749-003/2024(H5N1)	641	35
NP|PP755592.1|A/cattle/Texas/24-008749-003/2024(H5N1)	642	35
NP|PP755592.1|A/cattle/Texas/24-008749-003/2024(H5N1)	643	35
NP|PP755592.1|A/cattle/Texas/24-008749-003/2024(H5N1)	644	35
NP|PP755592.1|A/cattle/Texas/24-008749-003/2024(H5N1)	645	35
NP|PP755592.1|A/cattle/Texas/24-008749-003/2024(H5N1)	646	36
NP|PP755592.1|A/cattle/Texas/24-008749-003/2024(H5N1)	647	35
NP|PP755592.1|A/cattle/Texas/24-008749-003/2024(H5N1)	648	35
NP|PP755592.1|A/cattle/Texas/24-008749-003/2024(H5N1)	649	35
NP|PP755592.1|A/cattle/Texas/24-008749-003/2024(H5N1)	650	32
NP|PP755592.1|A/cattle/Texas/24-008749-003/2024(H5N1)	651	31
NP|PP755592.1|A/cattle/Texas/24-008749-003/2024(H5N1)	652	35
NP|PP755592.1|A/cattle/Texas/24-008749-003/2024(H5N1)	653	35
NP|PP755592.1|A/cattle/Texas/24-008749-003/2024(H5N1)	654	35
NP|PP755592.1|A/cattle/Texas/24-008749-003/2024(H5N1)	655	35
NP|PP755592.1|A/cattle/Texas/24-008749-003/2024(H5N1)	656	36
NP|PP755592.1|A/cattle/Texas/24-008749-003/2024(H5N1)	657	34
NP|PP755592.1|A/cattle/Texas/24-008749-003/2024(H5N1)	658	34
NP|PP755592.1|A/cattle/Texas/24-008749-003/2024(H5N1)	659	34
NP|PP755592.1|A/cattle/Texas/24-008749-003/2024(H5N1)	660	34
NP|PP755592.1|A/cattle/Texas/24-008749-003/2024(H5N1)	661	34
NP|PP755592.1|A/cattle/Texas/24-008749-003/2024(H5N1)	662	34
NP|PP755592.1|A/cattle/Texas/24-008749-003/2024(H5N1)	663	34
NP|PP755592.1|A/cattle/Texas/24-008749-003/2024(H5N1)	664	35
NP|PP755592.1|A/cattle/Texas/24-008749-003/2024(H5N1)	665	35
NP|PP755592.1|A/cattle/Texas/24-008749-003/2024(H5N1)	666	35
NP|PP755592.1|A/cattle/Texas/24-008749-003/2024(H5N1)	667	34
NP|PP755592.1|A/cattle/Texas/24-008749-003/2024(H5N1)	668	34
NP|PP755592.1|A/cattle/Texas/24-008749-003/2024(H5N1)	669	35
NP|PP755592.1|A/cattle/Texas/24-008749-003/2024(H5N1)	670	36
NP|PP755592.1|A/cattle/Texas/24-008749-003/2024(H5N1)	671	36
NP|PP755592.1|A/cattle/Texas/24-008749-003/2024(H5N1)	672	38
NP|PP755592.1|A/cattle/Texas/24-008749-003/2024(H5N1)	673	38
NP|PP755592.1|A/cattle/Texas/24-008749-003/2024(H5N1)	674	38
NP|PP755592.1|A/cattle/Texas/24-008749-003/2024(H5N1)	675	37
NP|PP755592.1|A/cattle/Texas/24-008749-003/2024(H5N1)	676	37
NP|PP755592.1|A/cattle/Texas/24-008749-003/2024(H5N1)	677	37
NP|PP755592.1|A/cattle/Texas/24-008749-003/2024(H5N1)	678	37
NP|PP755592.1|A/cattle/Texas/24-008749-003/2024(H5N1)	679	37
NP|PP755592.1|A/cattle/Texas/24-008749-003/2024(H5N1)	680	37
NP|PP755592.1|A/cattle/Texas/24-008749-003/2024(H5N1)	681	37
NP|PP755592.1|A/cattle/Texas/24-008749-003/2024(H5N1)	682	37
NP|PP755592.1|A/cattle/Texas/24-008749-003/2024(H5N1)	683	37
NP|PP755592.1|A/cattle/Texas/24-008749-003/2024(H5N1)	684	36
NP|PP755592.1|A/cattle/Texas/24-008749-003/2024(H5N1)	685	36
NP|PP755592.1|A/cattle/Texas/24-008749-003/2024(H5N1)	686	36
NP|PP755592.1|A/cattle/Texas/24-008749-003/2024(H5N1)	687	36
NP|PP755592.1|A/cattle/Texas/24-008749-003/2024(H5N1)	688	36
NP|PP755592.1|A/cattle/Texas/24-008749-003/2024(H5N1)	689	36
NP|PP755592.1|A/cattle/Texas/24-008749-003/2024(H5N1)	690	36
NP|PP755592.1|A/cattle/Texas/24-008749-003/2024(H5N1)	691	36
NP|PP755592.1|A/cattle/Texas/24-008749-003/2024(H5N1)	692	36
NP|PP755592.1|A/cattle/Texas/24-008749-003/2024(H5N1)	693	36
NP|PP755592.1|A/cattle/Texas/24-008749-003/2024(H5N1)	694	36
NP|PP755592.1|A/cattle/Texas/24-008749-003/2024(H5N1)	695	35
NP|PP755592.1|A/cattle/Texas/24-008749-003/2024(H5N1)	696	31
NP|PP755592.1|A/cattle/Texas/24-008749-003/2024(H5N1)	697	31
NP|PP755592.1|A/cattle/Texas/24-008749-003/2024(H5N1)	698	32
NP|PP755592.1|A/cattle/Texas/24-008749-003/2024(H5N1)	699	32
NP|PP755592.1|A/cattle/Texas/24-008749-003/2024(H5N1)	700	32
NP|PP755592.1|A/cattle/Texas/24-008749-003/2024(H5N1)	701	32
NP|PP755592.1|A/cattle/Texas/24-008749-003/2024(H5N1)	702	33
NP|PP755592.1|A/cattle/Texas/24-008749-003/2024(H5N1)	703	33
NP|PP755592.1|A/cattle/Texas/24-008749-003/2024(H5N1)	704	33
NP|PP755592.1|A/cattle/Texas/24-008749-003/2024(H5N1)	705	31
NP|PP755592.1|A/cattle/Texas/24-008749-003/2024(H5N1)	706	31
NP|PP755592.1|A/cattle/Texas/24-008749-003/2024(H5N1)	707	31
NP|PP755592.1|A/cattle/Texas/24-008749-003/2024(H5N1)	708	31
NP|PP755592.1|A/cattle/Texas/24-008749-003/2024(H5N1)	709	31
NP|PP755592.1|A/cattle/Texas/24-008749-003/2024(H5N1)	710	31
NP|PP755592.1|A/cattle/Texas/24-008749-003/2024(H5N1)	711	31
NP|PP755592.1|A/cattle/Texas/24-008749-003/2024(H5N1)	712	35
NP|PP755592.1|A/cattle/Texas/24-008749-003/2024(H5N1)	713	38
NP|PP755592.1|A/cattle/Texas/24-008749-003/2024(H5N1)	714	38
NP|PP755592.1|A/cattle/Texas/24-008749-003/2024(H5N1)	715	38
NP|PP755592.1|A/cattle/Texas/24-008749-003/2024(H5N1)	716	38
NP|PP755592.1|A/cattle/Texas/24-008749-003/2024(H5N1)	717	38
NP|PP755592.1|A/cattle/Texas/24-008749-003/2024(H5N1)	718	39
NP|PP755592.1|A/cattle/Texas/24-008749-003/2024(H5N1)	719	39
NP|PP755592.1|A/cattle/Texas/24-008749-003/2024(H5N1)	720	40
NP|PP755592.1|A/cattle/Texas/24-008749-003/2024(H5N1)	721	39
NP|PP755592.1|A/cattle/Texas/24-008749-003/2024(H5N1)	722	39
NP|PP755592.1|A/cattle/Texas/24-008749-003/2024(H5N1)	723	39
NP|PP755592.1|A/cattle/Texas/24-008749-003/2024(H5N1)	724	40
NP|PP755592.1|A/cattle/Texas/24-008749-003/2024(H5N1)	725	40
NP|PP755592.1|A/cattle/Texas/24-008749-003/2024(H5N1)	726	40
NP|PP755592.1|A/cattle/Texas/24-008749-003/2024(H5N1)	727	39
NP|PP755592.1|A/cattle/Texas/24-008749-003/2024(H5N1)	728	39
NP|PP755592.1|A/cattle/Texas/24-008749-003/2024(H5N1)	729	39
NP|PP755592.1|A/cattle/Texas/24-008749-003/2024(H5N1)	730	39
NP|PP755592.1|A/cattle/Texas/24-008749-003/2024(H5N1)	731	39
NP|PP755592.1|A/cattle/Texas/24-008749-003/2024(H5N1)	732	39
NP|PP755592.1|A/cattle/Texas/24-008749-003/2024(H5N1)	733	39
NP|PP755592.1|A/cattle/Texas/24-008749-003/2024(H5N1)	734	39
NP|PP755592.1|A/cattle/Texas/24-008749-003/2024(H5N1)	735	41
NP|PP755592.1|A/cattle/Texas/24-008749-003/2024(H5N1)	736	41
NP|PP755592.1|A/cattle/Texas/24-008749-003/2024(H5N1)	737	40
NP|PP755592.1|A/cattle/Texas/24-008749-003/2024(H5N1)	738	40
NP|PP755592.1|A/cattle/Texas/24-008749-003/2024(H5N1)	739	40
NP|PP755592.1|A/cattle/Texas/24-008749-003/2024(H5N1)	740	40
NP|PP755592.1|A/cattle/Texas/24-008749-003/2024(H5N1)	741	41
NP|PP755592.1|A/cattle/Texas/24-008749-003/2024(H5N1)	742	43
NP|PP755592.1|A/cattle/Texas/24-008749-003/2024(H5N1)	743	43
NP|PP755592.1|A/cattle/Texas/24-008749-003/2024(H5N1)	744	43
NP|PP755592.1|A/cattle/Texas/24-008749-003/2024(H5N1)	745	43
NP|PP755592.1|A/cattle/Texas/24-008749-003/2024(H5N1)	746	43
NP|PP755592.1|A/cattle/Texas/24-008749-003/2024(H5N1)	747	43
NP|PP755592.1|A/cattle/Texas/24-008749-003/2024(H5N1)	748	43
NP|PP755592.1|A/cattle/Texas/24-008749-003/2024(H5N1)	749	43
NP|PP755592.1|A/cattle/Texas/24-008749-003/2024(H5N1)	750	43
NP|PP755592.1|A/cattle/Texas/24-008749-003/2024(H5N1)	751	43
NP|PP755592.1|A/cattle/Texas/24-008749-003/2024(H5N1)	752	45
NP|PP755592.1|A/cattle/Texas/24-008749-003/2024(H5N1)	753	45
NP|PP755592.1|A/cattle/Texas/24-008749-003/2024(H5N1)	754	45
NP|PP755592.1|A/cattle/Texas/24-008749-003/2024(H5N1)	755	45
NP|PP755592.1|A/cattle/Texas/24-008749-003/2024(H5N1)	756	46
NP|PP755592.1|A/cattle/Texas/24-008749-003/2024(H5N1)	757	47
NP|PP755592.1|A/cattle/Texas/24-008749-003/2024(H5N1)	758	47
NP|PP755592.1|A/cattle/Texas/24-008749-003/2024(H5N1)	759	47
NP|PP755592.1|A/cattle/Texas/24-008749-003/2024(H5N1)	760	47
NP|PP755592.1|A/cattle/Texas/24-008749-003/2024(H5N1)	761	47
NP|PP755592.1|A/cattle/Texas/24-008749-003/2024(H5N1)	762	47
NP|PP755592.1|A/cattle/Texas/24-008749-003/2024(H5N1)	763	47
NP|PP755592.1|A/cattle/Texas/24-008749-003/2024(H5N1)	764	47
NP|PP755592.1|A/cattle/Texas/24-008749-003/2024(H5N1)	765	46
NP|PP755592.1|A/cattle/Texas/24-008749-003/2024(H5N1)	766	46
NP|PP755592.1|A/cattle/Texas/24-008749-003/2024(H5N1)	767	46
NP|PP755592.1|A/cattle/Texas/24-008749-003/2024(H5N1)	768	49
NP|PP755592.1|A/cattle/Texas/24-008749-003/2024(H5N1)	769	49
NP|PP755592.1|A/cattle/Texas/24-008749-003/2024(H5N1)	770	49
NP|PP755592.1|A/cattle/Texas/24-008749-003/2024(H5N1)	771	49
NP|PP755592.1|A/cattle/Texas/24-008749-003/2024(H5N1)	772	49
NP|PP755592.1|A/cattle/Texas/24-008749-003/2024(H5N1)	773	49
NP|PP755592.1|A/cattle/Texas/24-008749-003/2024(H5N1)	774	49
NP|PP755592.1|A/cattle/Texas/24-008749-003/2024(H5N1)	775	49
NP|PP755592.1|A/cattle/Texas/24-008749-003/2024(H5N1)	776	49
NP|PP755592.1|A/cattle/Texas/24-008749-003/2024(H5N1)	777	51
NP|PP755592.1|A/cattle/Texas/24-008749-003/2024(H5N1)	778	51
NP|PP755592.1|A/cattle/Texas/24-008749-003/2024(H5N1)	779	51
NP|PP755592.1|A/cattle/Texas/24-008749-003/2024(H5N1)	780	51
NP|PP755592.1|A/cattle/Texas/24-008749-003/2024(H5N1)	781	52
NP|PP755592.1|A/cattle/Texas/24-008749-003/2024(H5N1)	782	51
NP|PP755592.1|A/cattle/Texas/24-008749-003/2024(H5N1)	783	51
NP|PP755592.1|A/cattle/Texas/24-008749-003/2024(H5N1)	784	51
NP|PP755592.1|A/cattle/Texas/24-008749-003/2024(H5N1)	785	51
NP|PP755592.1|A/cattle/Texas/24-008749-003/2024(H5N1)	786	50
NP|PP755592.1|A/cattle/Texas/24-008749-003/2024(H5N1)	787	50
NP|PP755592.1|A/cattle/Texas/24-008749-003/2024(H5N1)	788	51
NP|PP755592.1|A/cattle/Texas/24-008749-003/2024(H5N1)	789	51
NP|PP755592.1|A/cattle/Texas/24-008749-003/2024(H5N1)	790	50
NP|PP755592.1|A/cattle/Texas/24-008749-003/2024(H5N1)	791	50
NP|PP755592.1|A/cattle/Texas/24-008749-003/2024(H5N1)	792	51
NP|PP755592.1|A/cattle/Texas/24-008749-003/2024(H5N1)	793	51
NP|PP755592.1|A/cattle/Texas/24-008749-003/2024(H5N1)	794	51
NP|PP755592.1|A/cattle/Texas/24-008749-003/2024(H5N1)	795	50
NP|PP755592.1|A/cattle/Texas/24-008749-003/2024(H5N1)	796	49
NP|PP755592.1|A/cattle/Texas/24-008749-003/2024(H5N1)	797	49
NP|PP755592.1|A/cattle/Texas/24-008749-003/2024(H5N1)	798	49
NP|PP755592.1|A/cattle/Texas/24-008749-003/2024(H5N1)	799	51
NP|PP755592.1|A/cattle/Texas/24-008749-003/2024(H5N1)	800	54
NP|PP755592.1|A/cattle/Texas/24-008749-003/2024(H5N1)	801	54
NP|PP755592.1|A/cattle/Texas/24-008749-003/2024(H5N1)	802	53
NP|PP755592.1|A/cattle/Texas/24-008749-003/2024(H5N1)	803	49
NP|PP755592.1|A/cattle/Texas/24-008749-003/2024(H5N1)	804	49
NP|PP755592.1|A/cattle/Texas/24-008749-003/2024(H5N1)	805	49
NP|PP755592.1|A/cattle/Texas/24-008749-003/2024(H5N1)	806	47
NP|PP755592.1|A/cattle/Texas/24-008749-003/2024(H5N1)	807	47
NP|PP755592.1|A/cattle/Texas/24-008749-003/2024(H5N1)	808	47
NP|PP755592.1|A/cattle/Texas/24-008749-003/2024(H5N1)	809	47
NP|PP755592.1|A/cattle/Texas/24-008749-003/2024(H5N1)	810	47
NP|PP755592.1|A/cattle/Texas/24-008749-003/2024(H5N1)	811	47
NP|PP755592.1|A/cattle/Texas/24-008749-003/2024(H5N1)	812	49
NP|PP755592.1|A/cattle/Texas/24-008749-003/2024(H5N1)	813	49
NP|PP755592.1|A/cattle/Texas/24-008749-003/2024(H5N1)	814	49
NP|PP755592.1|A/cattle/Texas/24-008749-003/2024(H5N1)	815	53
NP|PP755592.1|A/cattle/Texas/24-008749-003/2024(H5N1)	816	53
NP|PP755592.1|A/cattle/Texas/24-008749-003/2024(H5N1)	817	53
NP|PP755592.1|A/cattle/Texas/24-008749-003/2024(H5N1)	818	53
NP|PP755592.1|A/cattle/Texas/24-008749-003/2024(H5N1)	819	53
NP|PP755592.1|A/cattle/Texas/24-008749-003/2024(H5N1)	820	52
NP|PP755592.1|A/cattle/Texas/24-008749-003/2024(H5N1)	821	51
NP|PP755592.1|A/cattle/Texas/24-008749-003/2024(H5N1)	822	51
NP|PP755592.1|A/cattle/Texas/24-008749-003/2024(H5N1)	823	49
NP|PP755592.1|A/cattle/Texas/24-008749-003/2024(H5N1)	824	49
NP|PP755592.1|A/cattle/Texas/24-008749-003/2024(H5N1)	825	49
NP|PP755592.1|A/cattle/Texas/24-008749-003/2024(H5N1)	826	49
NP|PP755592.1|A/cattle/Texas/24-008749-003/2024(H5N1)	827	49
NP|PP755592.1|A/cattle/Texas/24-008749-003/2024(H5N1)	828	49
NP|PP755592.1|A/cattle/Texas/24-008749-003/2024(H5N1)	829	49
NP|PP755592.1|A/cattle/Texas/24-008749-003/2024(H5N1)	830	49
NP|PP755592.1|A/cattle/Texas/24-008749-003/2024(H5N1)	831	49
NP|PP755592.1|A/cattle/Texas/24-008749-003/2024(H5N1)	832	49
NP|PP755592.1|A/cattle/Texas/24-008749-003/2024(H5N1)	833	49
NP|PP755592.1|A/cattle/Texas/24-008749-003/2024(H5N1)	834	49
NP|PP755592.1|A/cattle/Texas/24-008749-003/2024(H5N1)	835	49
NP|PP755592.1|A/cattle/Texas/24-008749-003/2024(H5N1)	836	49
NP|PP755592.1|A/cattle/Texas/24-008749-003/2024(H5N1)	837	49
NP|PP755592.1|A/cattle/Texas/24-008749-003/2024(H5N1)	838	49
NP|PP755592.1|A/cattle/Texas/24-008749-003/2024(H5N1)	839	49
NP|PP755592.1|A/cattle/Texas/24-008749-003/2024(H5N1)	840	49
NP|PP755592.1|A/cattle/Texas/24-008749-003/2024(H5N1)	841	49
NP|PP755592.1|A/cattle/Texas/24-008749-003/2024(H5N1)	842	50
NP|PP755592.1|A/cattle/Texas/24-008749-003/2024(H5N1)	843	50
NP|PP755592.1|A/cattle/Texas/24-008749-003/2024(H5N1)	844	50
NP|PP755592.1|A/cattle/Texas/24-008749-003/2024(H5N1)	845	51
NP|PP755592.1|A/cattle/Texas/24-008749-003/2024(H5N1)	846	50
NP|PP755592.1|A/cattle/Texas/24-008749-003/2024(H5N1)	847	49
NP|PP755592.1|A/cattle/Texas/24-008749-003/2024(H5N1)	848	46
NP|PP755592.1|A/cattle/Texas/24-008749-003/2024(H5N1)	849	46
NP|PP755592.1|A/cattle/Texas/24-008749-003/2024(H5N1)	850	46
NP|PP755592.1|A/cattle/Texas/24-008749-003/2024(H5N1)	851	45
NP|PP755592.1|A/cattle/Texas/24-008749-003/2024(H5N1)	852	45
NP|PP755592.1|A/cattle/Texas/24-008749-003/2024(H5N1)	853	45
NP|PP755592.1|A/cattle/Texas/24-008749-003/2024(H5N1)	854	45
NP|PP755592.1|A/cattle/Texas/24-008749-003/2024(H5N1)	855	45
NP|PP755592.1|A/cattle/Texas/24-008749-003/2024(H5N1)	856	45
NP|PP755592.1|A/cattle/Texas/24-008749-003/2024(H5N1)	857	45
NP|PP755592.1|A/cattle/Texas/24-008749-003/2024(H5N1)	858	45
NP|PP755592.1|A/cattle/Texas/24-008749-003/2024(H5N1)	859	44
NP|PP755592.1|A/cattle/Texas/24-008749-003/2024(H5N1)	860	44
NP|PP755592.1|A/cattle/Texas/24-008749-003/2024(H5N1)	861	44
NP|PP755592.1|A/cattle/Texas/24-008749-003/2024(H5N1)	862	44
NP|PP755592.1|A/cattle/Texas/24-008749-003/2024(H5N1)	863	42
NP|PP755592.1|A/cattle/Texas/24-008749-003/2024(H5N1)	864	37
NP|PP755592.1|A/cattle/Texas/24-008749-003/2024(H5N1)	865	36
NP|PP755592.1|A/cattle/Texas/24-008749-003/2024(H5N1)	866	36
NP|PP755592.1|A/cattle/Texas/24-008749-003/2024(H5N1)	867	36
NP|PP755592.1|A/cattle/Texas/24-008749-003/2024(H5N1)	868	37
NP|PP755592.1|A/cattle/Texas/24-008749-003/2024(H5N1)	869	36
NP|PP755592.1|A/cattle/Texas/24-008749-003/2024(H5N1)	870	36
NP|PP755592.1|A/cattle/Texas/24-008749-003/2024(H5N1)	871	35
NP|PP755592.1|A/cattle/Texas/24-008749-003/2024(H5N1)	872	35
NP|PP755592.1|A/cattle/Texas/24-008749-003/2024(H5N1)	873	35
NP|PP755592.1|A/cattle/Texas/24-008749-003/2024(H5N1)	874	35
NP|PP755592.1|A/cattle/Texas/24-008749-003/2024(H5N1)	875	34
NP|PP755592.1|A/cattle/Texas/24-008749-003/2024(H5N1)	876	34
NP|PP755592.1|A/cattle/Texas/24-008749-003/2024(H5N1)	877	34
NP|PP755592.1|A/cattle/Texas/24-008749-003/2024(H5N1)	878	33
NP|PP755592.1|A/cattle/Texas/24-008749-003/2024(H5N1)	879	35
NP|PP755592.1|A/cattle/Texas/24-008749-003/2024(H5N1)	880	35
NP|PP755592.1|A/cattle/Texas/24-008749-003/2024(H5N1)	881	35
NP|PP755592.1|A/cattle/Texas/24-008749-003/2024(H5N1)	882	35
NP|PP755592.1|A/cattle/Texas/24-008749-003/2024(H5N1)	883	35
NP|PP755592.1|A/cattle/Texas/24-008749-003/2024(H5N1)	884	35
NP|PP755592.1|A/cattle/Texas/24-008749-003/2024(H5N1)	885	35
NP|PP755592.1|A/cattle/Texas/24-008749-003/2024(H5N1)	886	33
NP|PP755592.1|A/cattle/Texas/24-008749-003/2024(H5N1)	887	34
NP|PP755592.1|A/cattle/Texas/24-008749-003/2024(H5N1)	888	34
NP|PP755592.1|A/cattle/Texas/24-008749-003/2024(H5N1)	889	33
NP|PP755592.1|A/cattle/Texas/24-008749-003/2024(H5N1)	890	30
NP|PP755592.1|A/cattle/Texas/24-008749-003/2024(H5N1)	891	30
NP|PP755592.1|A/cattle/Texas/24-008749-003/2024(H5N1)	892	30
NP|PP755592.1|A/cattle/Texas/24-008749-003/2024(H5N1)	893	28
NP|PP755592.1|A/cattle/Texas/24-008749-003/2024(H5N1)	894	28
NP|PP755592.1|A/cattle/Texas/24-008749-003/2024(H5N1)	895	28
NP|PP755592.1|A/cattle/Texas/24-008749-003/2024(H5N1)	896	29
NP|PP755592.1|A/cattle/Texas/24-008749-003/2024(H5N1)	897	29
NP|PP755592.1|A/cattle/Texas/24-008749-003/2024(H5N1)	898	29
NP|PP755592.1|A/cattle/Texas/24-008749-003/2024(H5N1)	899	29
NP|PP755592.1|A/cattle/Texas/24-008749-003/2024(H5N1)	900	30
NP|PP755592.1|A/cattle/Texas/24-008749-003/2024(H5N1)	901	30
NP|PP755592.1|A/cattle/Texas/24-008749-003/2024(H5N1)	902	30
NP|PP755592.1|A/cattle/Texas/24-008749-003/2024(H5N1)	903	28
NP|PP755592.1|A/cattle/Texas/24-008749-003/2024(H5N1)	904	28
NP|PP755592.1|A/cattle/Texas/24-008749-003/2024(H5N1)	905	29
NP|PP755592.1|A/cattle/Texas/24-008749-003/2024(H5N1)	906	29
NP|PP755592.1|A/cattle/Texas/24-008749-003/2024(H5N1)	907	28
NP|PP755592.1|A/cattle/Texas/24-008749-003/2024(H5N1)	908	28
NP|PP755592.1|A/cattle/Texas/24-008749-003/2024(H5N1)	909	28
NP|PP755592.1|A/cattle/Texas/24-008749-003/2024(H5N1)	910	31
NP|PP755592.1|A/cattle/Texas/24-008749-003/2024(H5N1)	911	31
NP|PP755592.1|A/cattle/Texas/24-008749-003/2024(H5N1)	912	31
NP|PP755592.1|A/cattle/Texas/24-008749-003/2024(H5N1)	913	31
NP|PP755592.1|A/cattle/Texas/24-008749-003/2024(H5N1)	914	31
NP|PP755592.1|A/cattle/Texas/24-008749-003/2024(H5N1)	915	32
NP|PP755592.1|A/cattle/Texas/24-008749-003/2024(H5N1)	916	31
NP|PP755592.1|A/cattle/Texas/24-008749-003/2024(H5N1)	917	29
NP|PP755592.1|A/cattle/Texas/24-008749-003/2024(H5N1)	918	30
NP|PP755592.1|A/cattle/Texas/24-008749-003/2024(H5N1)	919	30
NP|PP755592.1|A/cattle/Texas/24-008749-003/2024(H5N1)	920	30
NP|PP755592.1|A/cattle/Texas/24-008749-003/2024(H5N1)	921	30
NP|PP755592.1|A/cattle/Texas/24-008749-003/2024(H5N1)	922	30
NP|PP755592.1|A/cattle/Texas/24-008749-003/2024(H5N1)	923	30
NP|PP755592.1|A/cattle/Texas/24-008749-003/2024(H5N1)	924	30
NP|PP755592.1|A/cattle/Texas/24-008749-003/2024(H5N1)	925	30
NP|PP755592.1|A/cattle/Texas/24-008749-003/2024(H5N1)	926	30
NP|PP755592.1|A/cattle/Texas/24-008749-003/2024(H5N1)	927	30
NP|PP755592.1|A/cattle/Texas/24-008749-003/2024(H5N1)	928	28
NP|PP755592.1|A/cattle/Texas/24-008749-003/2024(H5N1)	929	28
NP|PP755592.1|A/cattle/Texas/24-008749-003/2024(H5N1)	930	28
NP|PP755592.1|A/cattle/Texas/24-008749-003/2024(H5N1)	931	27
NP|PP755592.1|A/cattle/Texas/24-008749-003/2024(H5N1)	932	27
NP|PP755592.1|A/cattle/Texas/24-008749-003/2024(H5N1)	933	27
NP|PP755592.1|A/cattle/Texas/24-008749-003/2024(H5N1)	934	28
NP|PP755592.1|A/cattle/Texas/24-008749-003/2024(H5N1)	935	30
NP|PP755592.1|A/cattle/Texas/24-008749-003/2024(H5N1)	936	30
NP|PP755592.1|A/cattle/Texas/24-008749-003/2024(H5N1)	937	30
NP|PP755592.1|A/cattle/Texas/24-008749-003/2024(H5N1)	938	30
NP|PP755592.1|A/cattle/Texas/24-008749-003/2024(H5N1)	939	29
NP|PP755592.1|A/cattle/Texas/24-008749-003/2024(H5N1)	940	32
NP|PP755592.1|A/cattle/Texas/24-008749-003/2024(H5N1)	941	32
NP|PP755592.1|A/cattle/Texas/24-008749-003/2024(H5N1)	942	32
NP|PP755592.1|A/cattle/Texas/24-008749-003/2024(H5N1)	943	31
NP|PP755592.1|A/cattle/Texas/24-008749-003/2024(H5N1)	944	31
NP|PP755592.1|A/cattle/Texas/24-008749-003/2024(H5N1)	945	33
NP|PP755592.1|A/cattle/Texas/24-008749-003/2024(H5N1)	946	33
NP|PP755592.1|A/cattle/Texas/24-008749-003/2024(H5N1)	947	33
NP|PP755592.1|A/cattle/Texas/24-008749-003/2024(H5N1)	948	33
NP|PP755592.1|A/cattle/Texas/24-008749-003/2024(H5N1)	949	31
NP|PP755592.1|A/cattle/Texas/24-008749-003/2024(H5N1)	950	29
NP|PP755592.1|A/cattle/Texas/24-008749-003/2024(H5N1)	951	28
NP|PP755592.1|A/cattle/Texas/24-008749-003/2024(H5N1)	952	28
NP|PP755592.1|A/cattle/Texas/24-008749-003/2024(H5N1)	953	28
NP|PP755592.1|A/cattle/Texas/24-008749-003/2024(H5N1)	954	28
NP|PP755592.1|A/cattle/Texas/24-008749-003/2024(H5N1)	955	28
NP|PP755592.1|A/cattle/Texas/24-008749-003/2024(H5N1)	956	28
NP|PP755592.1|A/cattle/Texas/24-008749-003/2024(H5N1)	957	29
NP|PP755592.1|A/cattle/Texas/24-008749-003/2024(H5N1)	958	29
NP|PP755592.1|A/cattle/Texas/24-008749-003/2024(H5N1)	959	29
NP|PP755592.1|A/cattle/Texas/24-008749-003/2024(H5N1)	960	30
NP|PP755592.1|A/cattle/Texas/24-008749-003/2024(H5N1)	961	30
NP|PP755592.1|A/cattle/Texas/24-008749-003/2024(H5N1)	962	30
NP|PP755592.1|A/cattle/Texas/24-008749-003/2024(H5N1)	963	30
NP|PP755592.1|A/cattle/Texas/24-008749-003/2024(H5N1)	964	29
NP|PP755592.1|A/cattle/Texas/24-008749-003/2024(H5N1)	965	29
NP|PP755592.1|A/cattle/Texas/24-008749-003/2024(H5N1)	966	25
NP|PP755592.1|A/cattle/Texas/24-008749-003/2024(H5N1)	967	25
NP|PP755592.1|A/cattle/Texas/24-008749-003/2024(H5N1)	968	25
NP|PP755592.1|A/cattle/Texas/24-008749-003/2024(H5N1)	969	25
NP|PP755592.1|A/cattle/Texas/24-008749-003/2024(H5N1)	970	25
NP|PP755592.1|A/cattle/Texas/24-008749-003/2024(H5N1)	971	25
NP|PP755592.1|A/cattle/Texas/24-008749-003/2024(H5N1)	972	25
NP|PP755592.1|A/cattle/Texas/24-008749-003/2024(H5N1)	973	25
NP|PP755592.1|A/cattle/Texas/24-008749-003/2024(H5N1)	974	25
NP|PP755592.1|A/cattle/Texas/24-008749-003/2024(H5N1)	975	25
NP|PP755592.1|A/cattle/Texas/24-008749-003/2024(H5N1)	976	25
NP|PP755592.1|A/cattle/Texas/24-008749-003/2024(H5N1)	977	25
NP|PP755592.1|A/cattle/Texas/24-008749-003/2024(H5N1)	978	27
NP|PP755592.1|A/cattle/Texas/24-008749-003/2024(H5N1)	979	27
NP|PP755592.1|A/cattle/Texas/24-008749-003/2024(H5N1)	980	27
NP|PP755592.1|A/cattle/Texas/24-008749-003/2024(H5N1)	981	27
NP|PP755592.1|A/cattle/Texas/24-008749-003/2024(H5N1)	982	29
NP|PP755592.1|A/cattle/Texas/24-008749-003/2024(H5N1)	983	30
NP|PP755592.1|A/cattle/Texas/24-008749-003/2024(H5N1)	984	32
NP|PP755592.1|A/cattle/Texas/24-008749-003/2024(H5N1)	985	32
NP|PP755592.1|A/cattle/Texas/24-008749-003/2024(H5N1)	986	32
NP|PP755592.1|A/cattle/Texas/24-008749-003/2024(H5N1)	987	32
NP|PP755592.1|A/cattle/Texas/24-008749-003/2024(H5N1)	988	32
NP|PP755592.1|A/cattle/Texas/24-008749-003/2024(H5N1)	989	33
NP|PP755592.1|A/cattle/Texas/24-008749-003/2024(H5N1)	990	33
NP|PP755592.1|A/cattle/Texas/24-008749-003/2024(H5N1)	991	36
NP|PP755592.1|A/cattle/Texas/24-008749-003/2024(H5N1)	992	36
NP|PP755592.1|A/cattle/Texas/24-008749-003/2024(H5N1)	993	35
NP|PP755592.1|A/cattle/Texas/24-008749-003/2024(H5N1)	994	35
NP|PP755592.1|A/cattle/Texas/24-008749-003/2024(H5N1)	995	34
NP|PP755592.1|A/cattle/Texas/24-008749-003/2024(H5N1)	996	34
NP|PP755592.1|A/cattle/Texas/24-008749-003/2024(H5N1)	997	34
NP|PP755592.1|A/cattle/Texas/24-008749-003/2024(H5N1)	998	34
NP|PP755592.1|A/cattle/Texas/24-008749-003/2024(H5N1)	999	36
NP|PP755592.1|A/cattle/Texas/24-008749-003/2024(H5N1)	1000	36
NP|PP755592.1|A/cattle/Texas/24-008749-003/2024(H5N1)	1001	36
NP|PP755592.1|A/cattle/Texas/24-008749-003/2024(H5N1)	1002	36
NP|PP755592.1|A/cattle/Texas/24-008749-003/2024(H5N1)	1003	36
NP|PP755592.1|A/cattle/Texas/24-008749-003/2024(H5N1)	1004	38
NP|PP755592.1|A/cattle/Texas/24-008749-003/2024(H5N1)	1005	39
NP|PP755592.1|A/cattle/Texas/24-008749-003/2024(H5N1)	1006	39
NP|PP755592.1|A/cattle/Texas/24-008749-003/2024(H5N1)	1007	39
NP|PP755592.1|A/cattle/Texas/24-008749-003/2024(H5N1)	1008	39
NP|PP755592.1|A/cattle/Texas/24-008749-003/2024(H5N1)	1009	39
NP|PP755592.1|A/cattle/Texas/24-008749-003/2024(H5N1)	1010	39
NP|PP755592.1|A/cattle/Texas/24-008749-003/2024(H5N1)	1011	39
NP|PP755592.1|A/cattle/Texas/24-008749-003/2024(H5N1)	1012	39
NP|PP755592.1|A/cattle/Texas/24-008749-003/2024(H5N1)	1013	39
NP|PP755592.1|A/cattle/Texas/24-008749-003/2024(H5N1)	1014	39
NP|PP755592.1|A/cattle/Texas/24-008749-003/2024(H5N1)	1015	39
NP|PP755592.1|A/cattle/Texas/24-008749-003/2024(H5N1)	1016	39
NP|PP755592.1|A/cattle/Texas/24-008749-003/2024(H5N1)	1017	39
NP|PP755592.1|A/cattle/Texas/24-008749-003/2024(H5N1)	1018	41
NP|PP755592.1|A/cattle/Texas/24-008749-003/2024(H5N1)	1019	41
NP|PP755592.1|A/cattle/Texas/24-008749-003/2024(H5N1)	1020	41
NP|PP755592.1|A/cattle/Texas/24-008749-003/2024(H5N1)	1021	41
NP|PP755592.1|A/cattle/Texas/24-008749-003/2024(H5N1)	1022	41
NP|PP755592.1|A/cattle/Texas/24-008749-003/2024(H5N1)	1023	41
NP|PP755592.1|A/cattle/Texas/24-008749-003/2024(H5N1)	1024	41
NP|PP755592.1|A/cattle/Texas/24-008749-003/2024(H5N1)	1025	41
NP|PP755592.1|A/cattle/Texas/24-008749-003/2024(H5N1)	1026	41
NP|PP755592.1|A/cattle/Texas/24-008749-003/2024(H5N1)	1027	43
NP|PP755592.1|A/cattle/Texas/24-008749-003/2024(H5N1)	1028	41
NP|PP755592.1|A/cattle/Texas/24-008749-003/2024(H5N1)	1029	43
NP|PP755592.1|A/cattle/Texas/24-008749-003/2024(H5N1)	1030	43
NP|PP755592.1|A/cattle/Texas/24-008749-003/2024(H5N1)	1031	43
NP|PP755592.1|A/cattle/Texas/24-008749-003/2024(H5N1)	1032	43
NP|PP755592.1|A/cattle/Texas/24-008749-003/2024(H5N1)	1033	43
NP|PP755592.1|A/cattle/Texas/24-008749-003/2024(H5N1)	1034	43
NP|PP755592.1|A/cattle/Texas/24-008749-003/2024(H5N1)	1035	43
NP|PP755592.1|A/cattle/Texas/24-008749-003/2024(H5N1)	1036	43
NP|PP755592.1|A/cattle/Texas/24-008749-003/2024(H5N1)	1037	43
NP|PP755592.1|A/cattle/Texas/24-008749-003/2024(H5N1)	1038	42
NP|PP755592.1|A/cattle/Texas/24-008749-003/2024(H5N1)	1039	42
NP|PP755592.1|A/cattle/Texas/24-008749-003/2024(H5N1)	1040	42
NP|PP755592.1|A/cattle/Texas/24-008749-003/2024(H5N1)	1041	42
NP|PP755592.1|A/cattle/Texas/24-008749-003/2024(H5N1)	1042	42
NP|PP755592.1|A/cattle/Texas/24-008749-003/2024(H5N1)	1043	42
NP|PP755592.1|A/cattle/Texas/24-008749-003/2024(H5N1)	1044	42
NP|PP755592.1|A/cattle/Texas/24-008749-003/2024(H5N1)	1045	42
NP|PP755592.1|A/cattle/Texas/24-008749-003/2024(H5N1)	1046	44
NP|PP755592.1|A/cattle/Texas/24-008749-003/2024(H5N1)	1047	44
NP|PP755592.1|A/cattle/Texas/24-008749-003/2024(H5N1)	1048	44
NP|PP755592.1|A/cattle/Texas/24-008749-003/2024(H5N1)	1049	45
NP|PP755592.1|A/cattle/Texas/24-008749-003/2024(H5N1)	1050	45
NP|PP755592.1|A/cattle/Texas/24-008749-003/2024(H5N1)	1051	44
NP|PP755592.1|A/cattle/Texas/24-008749-003/2024(H5N1)	1052	44
NP|PP755592.1|A/cattle/Texas/24-008749-003/2024(H5N1)	1053	44
NP|PP755592.1|A/cattle/Texas/24-008749-003/2024(H5N1)	1054	44
NP|PP755592.1|A/cattle/Texas/24-008749-003/2024(H5N1)	1055	44
NP|PP755592.1|A/cattle/Texas/24-008749-003/2024(H5N1)	1056	43
NP|PP755592.1|A/cattle/Texas/24-008749-003/2024(H5N1)	1057	43
NP|PP755592.1|A/cattle/Texas/24-008749-003/2024(H5N1)	1058	43
NP|PP755592.1|A/cattle/Texas/24-008749-003/2024(H5N1)	1059	42
NP|PP755592.1|A/cattle/Texas/24-008749-003/2024(H5N1)	1060	42
NP|PP755592.1|A/cattle/Texas/24-008749-003/2024(H5N1)	1061	39
NP|PP755592.1|A/cattle/Texas/24-008749-003/2024(H5N1)	1062	39
NP|PP755592.1|A/cattle/Texas/24-008749-003/2024(H5N1)	1063	39
NP|PP755592.1|A/cattle/Texas/24-008749-003/2024(H5N1)	1064	41
NP|PP755592.1|A/cattle/Texas/24-008749-003/2024(H5N1)	1065	42
NP|PP755592.1|A/cattle/Texas/24-008749-003/2024(H5N1)	1066	41
NP|PP755592.1|A/cattle/Texas/24-008749-003/2024(H5N1)	1067	41
NP|PP755592.1|A/cattle/Texas/24-008749-003/2024(H5N1)	1068	41
NP|PP755592.1|A/cattle/Texas/24-008749-003/2024(H5N1)	1069	40
NP|PP755592.1|A/cattle/Texas/24-008749-003/2024(H5N1)	1070	40
NP|PP755592.1|A/cattle/Texas/24-008749-003/2024(H5N1)	1071	40
NP|PP755592.1|A/cattle/Texas/24-008749-003/2024(H5N1)	1072	40
NP|PP755592.1|A/cattle/Texas/24-008749-003/2024(H5N1)	1073	40
NP|PP755592.1|A/cattle/Texas/24-008749-003/2024(H5N1)	1074	42
NP|PP755592.1|A/cattle/Texas/24-008749-003/2024(H5N1)	1075	43
NP|PP755592.1|A/cattle/Texas/24-008749-003/2024(H5N1)	1076	43
NP|PP755592.1|A/cattle/Texas/24-008749-003/2024(H5N1)	1077	44
NP|PP755592.1|A/cattle/Texas/24-008749-003/2024(H5N1)	1078	44
NP|PP755592.1|A/cattle/Texas/24-008749-003/2024(H5N1)	1079	44
NP|PP755592.1|A/cattle/Texas/24-008749-003/2024(H5N1)	1080	44
NP|PP755592.1|A/cattle/Texas/24-008749-003/2024(H5N1)	1081	44
NP|PP755592.1|A/cattle/Texas/24-008749-003/2024(H5N1)	1082	44
NP|PP755592.1|A/cattle/Texas/24-008749-003/2024(H5N1)	1083	42
NP|PP755592.1|A/cattle/Texas/24-008749-003/2024(H5N1)	1084	42
NP|PP755592.1|A/cattle/Texas/24-008749-003/2024(H5N1)	1085	41
NP|PP755592.1|A/cattle/Texas/24-008749-003/2024(H5N1)	1086	38
NP|PP755592.1|A/cattle/Texas/24-008749-003/2024(H5N1)	1087	38
NP|PP755592.1|A/cattle/Texas/24-008749-003/2024(H5N1)	1088	38
NP|PP755592.1|A/cattle/Texas/24-008749-003/2024(H5N1)	1089	38
NP|PP755592.1|A/cattle/Texas/24-008749-003/2024(H5N1)	1090	37
NP|PP755592.1|A/cattle/Texas/24-008749-003/2024(H5N1)	1091	37
NP|PP755592.1|A/cattle/Texas/24-008749-003/2024(H5N1)	1092	37
NP|PP755592.1|A/cattle/Texas/24-008749-003/2024(H5N1)	1093	39
NP|PP755592.1|A/cattle/Texas/24-008749-003/2024(H5N1)	1094	39
NP|PP755592.1|A/cattle/Texas/24-008749-003/2024(H5N1)	1095	42
NP|PP755592.1|A/cattle/Texas/24-008749-003/2024(H5N1)	1096	40
NP|PP755592.1|A/cattle/Texas/24-008749-003/2024(H5N1)	1097	40
NP|PP755592.1|A/cattle/Texas/24-008749-003/2024(H5N1)	1098	41
NP|PP755592.1|A/cattle/Texas/24-008749-003/2024(H5N1)	1099	41
NP|PP755592.1|A/cattle/Texas/24-008749-003/2024(H5N1)	1100	41
NP|PP755592.1|A/cattle/Texas/24-008749-003/2024(H5N1)	1101	41
NP|PP755592.1|A/cattle/Texas/24-008749-003/2024(H5N1)	1102	41
NP|PP755592.1|A/cattle/Texas/24-008749-003/2024(H5N1)	1103	41
NP|PP755592.1|A/cattle/Texas/24-008749-003/2024(H5N1)	1104	41
NP|PP755592.1|A/cattle/Texas/24-008749-003/2024(H5N1)	1105	41
NP|PP755592.1|A/cattle/Texas/24-008749-003/2024(H5N1)	1106	41
NP|PP755592.1|A/cattle/Texas/24-008749-003/2024(H5N1)	1107	41
NP|PP755592.1|A/cattle/Texas/24-008749-003/2024(H5N1)	1108	40
NP|PP755592.1|A/cattle/Texas/24-008749-003/2024(H5N1)	1109	42
NP|PP755592.1|A/cattle/Texas/24-008749-003/2024(H5N1)	1110	42
NP|PP755592.1|A/cattle/Texas/24-008749-003/2024(H5N1)	1111	41
NP|PP755592.1|A/cattle/Texas/24-008749-003/2024(H5N1)	1112	41
NP|PP755592.1|A/cattle/Texas/24-008749-003/2024(H5N1)	1113	41
NP|PP755592.1|A/cattle/Texas/24-008749-003/2024(H5N1)	1114	41
NP|PP755592.1|A/cattle/Texas/24-008749-003/2024(H5N1)	1115	41
NP|PP755592.1|A/cattle/Texas/24-008749-003/2024(H5N1)	1116	41
NP|PP755592.1|A/cattle/Texas/24-008749-003/2024(H5N1)	1117	41
NP|PP755592.1|A/cattle/Texas/24-008749-003/2024(H5N1)	1118	41
NP|PP755592.1|A/cattle/Texas/24-008749-003/2024(H5N1)	1119	41
NP|PP755592.1|A/cattle/Texas/24-008749-003/2024(H5N1)	1120	41
NP|PP755592.1|A/cattle/Texas/24-008749-003/2024(H5N1)	1121	41
NP|PP755592.1|A/cattle/Texas/24-008749-003/2024(H5N1)	1122	41
NP|PP755592.1|A/cattle/Texas/24-008749-003/2024(H5N1)	1123	41
NP|PP755592.1|A/cattle/Texas/24-008749-003/2024(H5N1)	1124	41
NP|PP755592.1|A/cattle/Texas/24-008749-003/2024(H5N1)	1125	47
NP|PP755592.1|A/cattle/Texas/24-008749-003/2024(H5N1)	1126	47
NP|PP755592.1|A/cattle/Texas/24-008749-003/2024(H5N1)	1127	48
NP|PP755592.1|A/cattle/Texas/24-008749-003/2024(H5N1)	1128	48
NP|PP755592.1|A/cattle/Texas/24-008749-003/2024(H5N1)	1129	46
NP|PP755592.1|A/cattle/Texas/24-008749-003/2024(H5N1)	1130	46
NP|PP755592.1|A/cattle/Texas/24-008749-003/2024(H5N1)	1131	46
NP|PP755592.1|A/cattle/Texas/24-008749-003/2024(H5N1)	1132	46
NP|PP755592.1|A/cattle/Texas/24-008749-003/2024(H5N1)	1133	46
NP|PP755592.1|A/cattle/Texas/24-008749-003/2024(H5N1)	1134	45
NP|PP755592.1|A/cattle/Texas/24-008749-003/2024(H5N1)	1135	46
NP|PP755592.1|A/cattle/Texas/24-008749-003/2024(H5N1)	1136	46
NP|PP755592.1|A/cattle/Texas/24-008749-003/2024(H5N1)	1137	46
NP|PP755592.1|A/cattle/Texas/24-008749-003/2024(H5N1)	1138	47
NP|PP755592.1|A/cattle/Texas/24-008749-003/2024(H5N1)	1139	47
NP|PP755592.1|A/cattle/Texas/24-008749-003/2024(H5N1)	1140	46
NP|PP755592.1|A/cattle/Texas/24-008749-003/2024(H5N1)	1141	49
NP|PP755592.1|A/cattle/Texas/24-008749-003/2024(H5N1)	1142	46
NP|PP755592.1|A/cattle/Texas/24-008749-003/2024(H5N1)	1143	46
NP|PP755592.1|A/cattle/Texas/24-008749-003/2024(H5N1)	1144	46
NP|PP755592.1|A/cattle/Texas/24-008749-003/2024(H5N1)	1145	46
NP|PP755592.1|A/cattle/Texas/24-008749-003/2024(H5N1)	1146	46
NP|PP755592.1|A/cattle/Texas/24-008749-003/2024(H5N1)	1147	47
NP|PP755592.1|A/cattle/Texas/24-008749-003/2024(H5N1)	1148	47
NP|PP755592.1|A/cattle/Texas/24-008749-003/2024(H5N1)	1149	46
NP|PP755592.1|A/cattle/Texas/24-008749-003/2024(H5N1)	1150	45
NP|PP755592.1|A/cattle/Texas/24-008749-003/2024(H5N1)	1151	45
NP|PP755592.1|A/cattle/Texas/24-008749-003/2024(H5N1)	1152	46
NP|PP755592.1|A/cattle/Texas/24-008749-003/2024(H5N1)	1153	46
NP|PP755592.1|A/cattle/Texas/24-008749-003/2024(H5N1)	1154	46
NP|PP755592.1|A/cattle/Texas/24-008749-003/2024(H5N1)	1155	44
NP|PP755592.1|A/cattle/Texas/24-008749-003/2024(H5N1)	1156	43
NP|PP755592.1|A/cattle/Texas/24-008749-003/2024(H5N1)	1157	43
NP|PP755592.1|A/cattle/Texas/24-008749-003/2024(H5N1)	1158	44
NP|PP755592.1|A/cattle/Texas/24-008749-003/2024(H5N1)	1159	44
NP|PP755592.1|A/cattle/Texas/24-008749-003/2024(H5N1)	1160	44
NP|PP755592.1|A/cattle/Texas/24-008749-003/2024(H5N1)	1161	42
NP|PP755592.1|A/cattle/Texas/24-008749-003/2024(H5N1)	1162	43
NP|PP755592.1|A/cattle/Texas/24-008749-003/2024(H5N1)	1163	43
NP|PP755592.1|A/cattle/Texas/24-008749-003/2024(H5N1)	1164	43
NP|PP755592.1|A/cattle/Texas/24-008749-003/2024(H5N1)	1165	43
NP|PP755592.1|A/cattle/Texas/24-008749-003/2024(H5N1)	1166	43
NP|PP755592.1|A/cattle/Texas/24-008749-003/2024(H5N1)	1167	43
NP|PP755592.1|A/cattle/Texas/24-008749-003/2024(H5N1)	1168	43
NP|PP755592.1|A/cattle/Texas/24-008749-003/2024(H5N1)	1169	42
NP|PP755592.1|A/cattle/Texas/24-008749-003/2024(H5N1)	1170	42
NP|PP755592.1|A/cattle/Texas/24-008749-003/2024(H5N1)	1171	42
NP|PP755592.1|A/cattle/Texas/24-008749-003/2024(H5N1)	1172	42
NP|PP755592.1|A/cattle/Texas/24-008749-003/2024(H5N1)	1173	42
NP|PP755592.1|A/cattle/Texas/24-008749-003/2024(H5N1)	1174	42
NP|PP755592.1|A/cattle/Texas/24-008749-003/2024(H5N1)	1175	42
NP|PP755592.1|A/cattle/Texas/24-008749-003/2024(H5N1)	1176	42
NP|PP755592.1|A/cattle/Texas/24-008749-003/2024(H5N1)	1177	42
NP|PP755592.1|A/cattle/Texas/24-008749-003/2024(H5N1)	1178	44
NP|PP755592.1|A/cattle/Texas/24-008749-003/2024(H5N1)	1179	44
NP|PP755592.1|A/cattle/Texas/24-008749-003/2024(H5N1)	1180	42
NP|PP755592.1|A/cattle/Texas/24-008749-003/2024(H5N1)	1181	42
NP|PP755592.1|A/cattle/Texas/24-008749-003/2024(H5N1)	1182	42
NP|PP755592.1|A/cattle/Texas/24-008749-003/2024(H5N1)	1183	42
NP|PP755592.1|A/cattle/Texas/24-008749-003/2024(H5N1)	1184	44
NP|PP755592.1|A/cattle/Texas/24-008749-003/2024(H5N1)	1185	45
NP|PP755592.1|A/cattle/Texas/24-008749-003/2024(H5N1)	1186	45
NP|PP755592.1|A/cattle/Texas/24-008749-003/2024(H5N1)	1187	45
NP|PP755592.1|A/cattle/Texas/24-008749-003/2024(H5N1)	1188	45
NP|PP755592.1|A/cattle/Texas/24-008749-003/2024(H5N1)	1189	45
NP|PP755592.1|A/cattle/Texas/24-008749-003/2024(H5N1)	1190	46
NP|PP755592.1|A/cattle/Texas/24-008749-003/2024(H5N1)	1191	47
NP|PP755592.1|A/cattle/Texas/24-008749-003/2024(H5N1)	1192	47
NP|PP755592.1|A/cattle/Texas/24-008749-003/2024(H5N1)	1193	45
NP|PP755592.1|A/cattle/Texas/24-008749-003/2024(H5N1)	1194	45
NP|PP755592.1|A/cattle/Texas/24-008749-003/2024(H5N1)	1195	45
NP|PP755592.1|A/cattle/Texas/24-008749-003/2024(H5N1)	1196	45
NP|PP755592.1|A/cattle/Texas/24-008749-003/2024(H5N1)	1197	45
NP|PP755592.1|A/cattle/Texas/24-008749-003/2024(H5N1)	1198	44
NP|PP755592.1|A/cattle/Texas/24-008749-003/2024(H5N1)	1199	45
NP|PP755592.1|A/cattle/Texas/24-008749-003/2024(H5N1)	1200	44
NP|PP755592.1|A/cattle/Texas/24-008749-003/2024(H5N1)	1201	44
NP|PP755592.1|A/cattle/Texas/24-008749-003/2024(H5N1)	1202	44
NP|PP755592.1|A/cattle/Texas/24-008749-003/2024(H5N1)	1203	45
NP|PP755592.1|A/cattle/Texas/24-008749-003/2024(H5N1)	1204	45
NP|PP755592.1|A/cattle/Texas/24-008749-003/2024(H5N1)	1205	45
NP|PP755592.1|A/cattle/Texas/24-008749-003/2024(H5N1)	1206	45
NP|PP755592.1|A/cattle/Texas/24-008749-003/2024(H5N1)	1207	45
NP|PP755592.1|A/cattle/Texas/24-008749-003/2024(H5N1)	1208	45
NP|PP755592.1|A/cattle/Texas/24-008749-003/2024(H5N1)	1209	45
NP|PP755592.1|A/cattle/Texas/24-008749-003/2024(H5N1)	1210	45
NP|PP755592.1|A/cattle/Texas/24-008749-003/2024(H5N1)	1211	45
NP|PP755592.1|A/cattle/Texas/24-008749-003/2024(H5N1)	1212	45
NP|PP755592.1|A/cattle/Texas/24-008749-003/2024(H5N1)	1213	46
NP|PP755592.1|A/cattle/Texas/24-008749-003/2024(H5N1)	1214	45
NP|PP755592.1|A/cattle/Texas/24-008749-003/2024(H5N1)	1215	45
NP|PP755592.1|A/cattle/Texas/24-008749-003/2024(H5N1)	1216	45
NP|PP755592.1|A/cattle/Texas/24-008749-003/2024(H5N1)	1217	45
NP|PP755592.1|A/cattle/Texas/24-008749-003/2024(H5N1)	1218	45
NP|PP755592.1|A/cattle/Texas/24-008749-003/2024(H5N1)	1219	45
NP|PP755592.1|A/cattle/Texas/24-008749-003/2024(H5N1)	1220	45
NP|PP755592.1|A/cattle/Texas/24-008749-003/2024(H5N1)	1221	45
NP|PP755592.1|A/cattle/Texas/24-008749-003/2024(H5N1)	1222	45
NP|PP755592.1|A/cattle/Texas/24-008749-003/2024(H5N1)	1223	45
NP|PP755592.1|A/cattle/Texas/24-008749-003/2024(H5N1)	1224	45
NP|PP755592.1|A/cattle/Texas/24-008749-003/2024(H5N1)	1225	43
NP|PP755592.1|A/cattle/Texas/24-008749-003/2024(H5N1)	1226	42
NP|PP755592.1|A/cattle/Texas/24-008749-003/2024(H5N1)	1227	42
NP|PP755592.1|A/cattle/Texas/24-008749-003/2024(H5N1)	1228	41
NP|PP755592.1|A/cattle/Texas/24-008749-003/2024(H5N1)	1229	41
NP|PP755592.1|A/cattle/Texas/24-008749-003/2024(H5N1)	1230	42
NP|PP755592.1|A/cattle/Texas/24-008749-003/2024(H5N1)	1231	42
NP|PP755592.1|A/cattle/Texas/24-008749-003/2024(H5N1)	1232	42
NP|PP755592.1|A/cattle/Texas/24-008749-003/2024(H5N1)	1233	42
NP|PP755592.1|A/cattle/Texas/24-008749-003/2024(H5N1)	1234	42
NP|PP755592.1|A/cattle/Texas/24-008749-003/2024(H5N1)	1235	42
NP|PP755592.1|A/cattle/Texas/24-008749-003/2024(H5N1)	1236	41
NP|PP755592.1|A/cattle/Texas/24-008749-003/2024(H5N1)	1237	41
NP|PP755592.1|A/cattle/Texas/24-008749-003/2024(H5N1)	1238	41
NP|PP755592.1|A/cattle/Texas/24-008749-003/2024(H5N1)	1239	41
NP|PP755592.1|A/cattle/Texas/24-008749-003/2024(H5N1)	1240	41
NP|PP755592.1|A/cattle/Texas/24-008749-003/2024(H5N1)	1241	39
NP|PP755592.1|A/cattle/Texas/24-008749-003/2024(H5N1)	1242	39
NP|PP755592.1|A/cattle/Texas/24-008749-003/2024(H5N1)	1243	39
NP|PP755592.1|A/cattle/Texas/24-008749-003/2024(H5N1)	1244	39
NP|PP755592.1|A/cattle/Texas/24-008749-003/2024(H5N1)	1245	39
NP|PP755592.1|A/cattle/Texas/24-008749-003/2024(H5N1)	1246	37
NP|PP755592.1|A/cattle/Texas/24-008749-003/2024(H5N1)	1247	37
NP|PP755592.1|A/cattle/Texas/24-008749-003/2024(H5N1)	1248	39
NP|PP755592.1|A/cattle/Texas/24-008749-003/2024(H5N1)	1249	38
NP|PP755592.1|A/cattle/Texas/24-008749-003/2024(H5N1)	1250	38
NP|PP755592.1|A/cattle/Texas/24-008749-003/2024(H5N1)	1251	39
NP|PP755592.1|A/cattle/Texas/24-008749-003/2024(H5N1)	1252	41
NP|PP755592.1|A/cattle/Texas/24-008749-003/2024(H5N1)	1253	41
NP|PP755592.1|A/cattle/Texas/24-008749-003/2024(H5N1)	1254	41
NP|PP755592.1|A/cattle/Texas/24-008749-003/2024(H5N1)	1255	41
NP|PP755592.1|A/cattle/Texas/24-008749-003/2024(H5N1)	1256	41
NP|PP755592.1|A/cattle/Texas/24-008749-003/2024(H5N1)	1257	41
NP|PP755592.1|A/cattle/Texas/24-008749-003/2024(H5N1)	1258	41
NP|PP755592.1|A/cattle/Texas/24-008749-003/2024(H5N1)	1259	41
NP|PP755592.1|A/cattle/Texas/24-008749-003/2024(H5N1)	1260	39
NP|PP755592.1|A/cattle/Texas/24-008749-003/2024(H5N1)	1261	39
NP|PP755592.1|A/cattle/Texas/24-008749-003/2024(H5N1)	1262	38
NP|PP755592.1|A/cattle/Texas/24-008749-003/2024(H5N1)	1263	38
NP|PP755592.1|A/cattle/Texas/24-008749-003/2024(H5N1)	1264	38
NP|PP755592.1|A/cattle/Texas/24-008749-003/2024(H5N1)	1265	38
NP|PP755592.1|A/cattle/Texas/24-008749-003/2024(H5N1)	1266	38
NP|PP755592.1|A/cattle/Texas/24-008749-003/2024(H5N1)	1267	39
NP|PP755592.1|A/cattle/Texas/24-008749-003/2024(H5N1)	1268	39
NP|PP755592.1|A/cattle/Texas/24-008749-003/2024(H5N1)	1269	40
NP|PP755592.1|A/cattle/Texas/24-008749-003/2024(H5N1)	1270	40
NP|PP755592.1|A/cattle/Texas/24-008749-003/2024(H5N1)	1271	40
NP|PP755592.1|A/cattle/Texas/24-008749-003/2024(H5N1)	1272	40
NP|PP755592.1|A/cattle/Texas/24-008749-003/2024(H5N1)	1273	40
NP|PP755592.1|A/cattle/Texas/24-008749-003/2024(H5N1)	1274	40
NP|PP755592.1|A/cattle/Texas/24-008749-003/2024(H5N1)	1275	35
NP|PP755592.1|A/cattle/Texas/24-008749-003/2024(H5N1)	1276	36
NP|PP755592.1|A/cattle/Texas/24-008749-003/2024(H5N1)	1277	36
NP|PP755592.1|A/cattle/Texas/24-008749-003/2024(H5N1)	1278	35
NP|PP755592.1|A/cattle/Texas/24-008749-003/2024(H5N1)	1279	35
NP|PP755592.1|A/cattle/Texas/24-008749-003/2024(H5N1)	1280	35
NP|PP755592.1|A/cattle/Texas/24-008749-003/2024(H5N1)	1281	33
NP|PP755592.1|A/cattle/Texas/24-008749-003/2024(H5N1)	1282	33
NP|PP755592.1|A/cattle/Texas/24-008749-003/2024(H5N1)	1283	31
NP|PP755592.1|A/cattle/Texas/24-008749-003/2024(H5N1)	1284	31
NP|PP755592.1|A/cattle/Texas/24-008749-003/2024(H5N1)	1285	31
NP|PP755592.1|A/cattle/Texas/24-008749-003/2024(H5N1)	1286	30
NP|PP755592.1|A/cattle/Texas/24-008749-003/2024(H5N1)	1287	30
NP|PP755592.1|A/cattle/Texas/24-008749-003/2024(H5N1)	1288	30
NP|PP755592.1|A/cattle/Texas/24-008749-003/2024(H5N1)	1289	30
NP|PP755592.1|A/cattle/Texas/24-008749-003/2024(H5N1)	1290	30
NP|PP755592.1|A/cattle/Texas/24-008749-003/2024(H5N1)	1291	30
NP|PP755592.1|A/cattle/Texas/24-008749-003/2024(H5N1)	1292	29
NP|PP755592.1|A/cattle/Texas/24-008749-003/2024(H5N1)	1293	29
NP|PP755592.1|A/cattle/Texas/24-008749-003/2024(H5N1)	1294	29
NP|PP755592.1|A/cattle/Texas/24-008749-003/2024(H5N1)	1295	29
NP|PP755592.1|A/cattle/Texas/24-008749-003/2024(H5N1)	1296	32
NP|PP755592.1|A/cattle/Texas/24-008749-003/2024(H5N1)	1297	32
NP|PP755592.1|A/cattle/Texas/24-008749-003/2024(H5N1)	1298	31
NP|PP755592.1|A/cattle/Texas/24-008749-003/2024(H5N1)	1299	31
NP|PP755592.1|A/cattle/Texas/24-008749-003/2024(H5N1)	1300	31
NP|PP755592.1|A/cattle/Texas/24-008749-003/2024(H5N1)	1301	32
NP|PP755592.1|A/cattle/Texas/24-008749-003/2024(H5N1)	1302	32
NP|PP755592.1|A/cattle/Texas/24-008749-003/2024(H5N1)	1303	31
NP|PP755592.1|A/cattle/Texas/24-008749-003/2024(H5N1)	1304	31
NP|PP755592.1|A/cattle/Texas/24-008749-003/2024(H5N1)	1305	31
NP|PP755592.1|A/cattle/Texas/24-008749-003/2024(H5N1)	1306	31
NP|PP755592.1|A/cattle/Texas/24-008749-003/2024(H5N1)	1307	31
NP|PP755592.1|A/cattle/Texas/24-008749-003/2024(H5N1)	1308	31
NP|PP755592.1|A/cattle/Texas/24-008749-003/2024(H5N1)	1309	30
NP|PP755592.1|A/cattle/Texas/24-008749-003/2024(H5N1)	1310	30
NP|PP755592.1|A/cattle/Texas/24-008749-003/2024(H5N1)	1311	30
NP|PP755592.1|A/cattle/Texas/24-008749-003/2024(H5N1)	1312	30
NP|PP755592.1|A/cattle/Texas/24-008749-003/2024(H5N1)	1313	29
NP|PP755592.1|A/cattle/Texas/24-008749-003/2024(H5N1)	1314	29
NP|PP755592.1|A/cattle/Texas/24-008749-003/2024(H5N1)	1315	29
NP|PP755592.1|A/cattle/Texas/24-008749-003/2024(H5N1)	1316	27
NP|PP755592.1|A/cattle/Texas/24-008749-003/2024(H5N1)	1317	28
NP|PP755592.1|A/cattle/Texas/24-008749-003/2024(H5N1)	1318	28
NP|PP755592.1|A/cattle/Texas/24-008749-003/2024(H5N1)	1319	28
NP|PP755592.1|A/cattle/Texas/24-008749-003/2024(H5N1)	1320	28
NP|PP755592.1|A/cattle/Texas/24-008749-003/2024(H5N1)	1321	28
NP|PP755592.1|A/cattle/Texas/24-008749-003/2024(H5N1)	1322	29
NP|PP755592.1|A/cattle/Texas/24-008749-003/2024(H5N1)	1323	29
NP|PP755592.1|A/cattle/Texas/24-008749-003/2024(H5N1)	1324	29
NP|PP755592.1|A/cattle/Texas/24-008749-003/2024(H5N1)	1325	29
NP|PP755592.1|A/cattle/Texas/24-008749-003/2024(H5N1)	1326	29
NP|PP755592.1|A/cattle/Texas/24-008749-003/2024(H5N1)	1327	29
NP|PP755592.1|A/cattle/Texas/24-008749-003/2024(H5N1)	1328	25
NP|PP755592.1|A/cattle/Texas/24-008749-003/2024(H5N1)	1329	25
NP|PP755592.1|A/cattle/Texas/24-008749-003/2024(H5N1)	1330	25
NP|PP755592.1|A/cattle/Texas/24-008749-003/2024(H5N1)	1331	26
NP|PP755592.1|A/cattle/Texas/24-008749-003/2024(H5N1)	1332	26
NP|PP755592.1|A/cattle/Texas/24-008749-003/2024(H5N1)	1333	28
NP|PP755592.1|A/cattle/Texas/24-008749-003/2024(H5N1)	1334	28
NP|PP755592.1|A/cattle/Texas/24-008749-003/2024(H5N1)	1335	28
NP|PP755592.1|A/cattle/Texas/24-008749-003/2024(H5N1)	1336	27
NP|PP755592.1|A/cattle/Texas/24-008749-003/2024(H5N1)	1337	27
NP|PP755592.1|A/cattle/Texas/24-008749-003/2024(H5N1)	1338	27
NP|PP755592.1|A/cattle/Texas/24-008749-003/2024(H5N1)	1339	27
NP|PP755592.1|A/cattle/Texas/24-008749-003/2024(H5N1)	1340	27
NP|PP755592.1|A/cattle/Texas/24-008749-003/2024(H5N1)	1341	26
NP|PP755592.1|A/cattle/Texas/24-008749-003/2024(H5N1)	1342	28
NP|PP755592.1|A/cattle/Texas/24-008749-003/2024(H5N1)	1343	29
NP|PP755592.1|A/cattle/Texas/24-008749-003/2024(H5N1)	1344	29
NP|PP755592.1|A/cattle/Texas/24-008749-003/2024(H5N1)	1345	29
NP|PP755592.1|A/cattle/Texas/24-008749-003/2024(H5N1)	1346	29
NP|PP755592.1|A/cattle/Texas/24-008749-003/2024(H5N1)	1347	29
NP|PP755592.1|A/cattle/Texas/24-008749-003/2024(H5N1)	1348	29
NP|PP755592.1|A/cattle/Texas/24-008749-003/2024(H5N1)	1349	29
NP|PP755592.1|A/cattle/Texas/24-008749-003/2024(H5N1)	1350	28
NP|PP755592.1|A/cattle/Texas/24-008749-003/2024(H5N1)	1351	28
NP|PP755592.1|A/cattle/Texas/24-008749-003/2024(H5N1)	1352	28
NP|PP755592.1|A/cattle/Texas/24-008749-003/2024(H5N1)	1353	28
NP|PP755592.1|A/cattle/Texas/24-008749-003/2024(H5N1)	1354	27
NP|PP755592.1|A/cattle/Texas/24-008749-003/2024(H5N1)	1355	27
NP|PP755592.1|A/cattle/Texas/24-008749-003/2024(H5N1)	1356	27
NP|PP755592.1|A/cattle/Texas/24-008749-003/2024(H5N1)	1357	27
NP|PP755592.1|A/cattle/Texas/24-008749-003/2024(H5N1)	1358	27
NP|PP755592.1|A/cattle/Texas/24-008749-003/2024(H5N1)	1359	28
NP|PP755592.1|A/cattle/Texas/24-008749-003/2024(H5N1)	1360	28
NP|PP755592.1|A/cattle/Texas/24-008749-003/2024(H5N1)	1361	28
NP|PP755592.1|A/cattle/Texas/24-008749-003/2024(H5N1)	1362	28
NP|PP755592.1|A/cattle/Texas/24-008749-003/2024(H5N1)	1363	28
NP|PP755592.1|A/cattle/Texas/24-008749-003/2024(H5N1)	1364	27
NP|PP755592.1|A/cattle/Texas/24-008749-003/2024(H5N1)	1365	29
NP|PP755592.1|A/cattle/Texas/24-008749-003/2024(H5N1)	1366	29
NP|PP755592.1|A/cattle/Texas/24-008749-003/2024(H5N1)	1367	29
NP|PP755592.1|A/cattle/Texas/24-008749-003/2024(H5N1)	1368	29
NP|PP755592.1|A/cattle/Texas/24-008749-003/2024(H5N1)	1369	33
NP|PP755592.1|A/cattle/Texas/24-008749-003/2024(H5N1)	1370	33
NP|PP755592.1|A/cattle/Texas/24-008749-003/2024(H5N1)	1371	33
NP|PP755592.1|A/cattle/Texas/24-008749-003/2024(H5N1)	1372	33
NP|PP755592.1|A/cattle/Texas/24-008749-003/2024(H5N1)	1373	33
NP|PP755592.1|A/cattle/Texas/24-008749-003/2024(H5N1)	1374	34
NP|PP755592.1|A/cattle/Texas/24-008749-003/2024(H5N1)	1375	34
NP|PP755592.1|A/cattle/Texas/24-008749-003/2024(H5N1)	1376	34
NP|PP755592.1|A/cattle/Texas/24-008749-003/2024(H5N1)	1377	34
NP|PP755592.1|A/cattle/Texas/24-008749-003/2024(H5N1)	1378	34
NP|PP755592.1|A/cattle/Texas/24-008749-003/2024(H5N1)	1379	34
NP|PP755592.1|A/cattle/Texas/24-008749-003/2024(H5N1)	1380	34
NP|PP755592.1|A/cattle/Texas/24-008749-003/2024(H5N1)	1381	35
NP|PP755592.1|A/cattle/Texas/24-008749-003/2024(H5N1)	1382	35
NP|PP755592.1|A/cattle/Texas/24-008749-003/2024(H5N1)	1383	35
NP|PP755592.1|A/cattle/Texas/24-008749-003/2024(H5N1)	1384	35
NP|PP755592.1|A/cattle/Texas/24-008749-003/2024(H5N1)	1385	35
NP|PP755592.1|A/cattle/Texas/24-008749-003/2024(H5N1)	1386	35
NP|PP755592.1|A/cattle/Texas/24-008749-003/2024(H5N1)	1387	35
NP|PP755592.1|A/cattle/Texas/24-008749-003/2024(H5N1)	1388	35
NP|PP755592.1|A/cattle/Texas/24-008749-003/2024(H5N1)	1389	35
NP|PP755592.1|A/cattle/Texas/24-008749-003/2024(H5N1)	1390	35
NP|PP755592.1|A/cattle/Texas/24-008749-003/2024(H5N1)	1391	35
NP|PP755592.1|A/cattle/Texas/24-008749-003/2024(H5N1)	1392	35
NP|PP755592.1|A/cattle/Texas/24-008749-003/2024(H5N1)	1393	35
NP|PP755592.1|A/cattle/Texas/24-008749-003/2024(H5N1)	1394	35
NP|PP755592.1|A/cattle/Texas/24-008749-003/2024(H5N1)	1395	35
NP|PP755592.1|A/cattle/Texas/24-008749-003/2024(H5N1)	1396	34
NP|PP755592.1|A/cattle/Texas/24-008749-003/2024(H5N1)	1397	32
NP|PP755592.1|A/cattle/Texas/24-008749-003/2024(H5N1)	1398	32
NP|PP755592.1|A/cattle/Texas/24-008749-003/2024(H5N1)	1399	32
NP|PP755592.1|A/cattle/Texas/24-008749-003/2024(H5N1)	1400	32
NP|PP755592.1|A/cattle/Texas/24-008749-003/2024(H5N1)	1401	32
NP|PP755592.1|A/cattle/Texas/24-008749-003/2024(H5N1)	1402	31
NP|PP755592.1|A/cattle/Texas/24-008749-003/2024(H5N1)	1403	29
NP|PP755592.1|A/cattle/Texas/24-008749-003/2024(H5N1)	1404	29
NP|PP755592.1|A/cattle/Texas/24-008749-003/2024(H5N1)	1405	29
NP|PP755592.1|A/cattle/Texas/24-008749-003/2024(H5N1)	1406	29
NP|PP755592.1|A/cattle/Texas/24-008749-003/2024(H5N1)	1407	29
NP|PP755592.1|A/cattle/Texas/24-008749-003/2024(H5N1)	1408	29
NP|PP755592.1|A/cattle/Texas/24-008749-003/2024(H5N1)	1409	29
NP|PP755592.1|A/cattle/Texas/24-008749-003/2024(H5N1)	1410	29
NP|PP755592.1|A/cattle/Texas/24-008749-003/2024(H5N1)	1411	29
NP|PP755592.1|A/cattle/Texas/24-008749-003/2024(H5N1)	1412	29
NP|PP755592.1|A/cattle/Texas/24-008749-003/2024(H5N1)	1413	29
NP|PP755592.1|A/cattle/Texas/24-008749-003/2024(H5N1)	1414	29
NP|PP755592.1|A/cattle/Texas/24-008749-003/2024(H5N1)	1415	29
NP|PP755592.1|A/cattle/Texas/24-008749-003/2024(H5N1)	1416	29
NP|PP755592.1|A/cattle/Texas/24-008749-003/2024(H5N1)	1417	29
NP|PP755592.1|A/cattle/Texas/24-008749-003/2024(H5N1)	1418	28
NP|PP755592.1|A/cattle/Texas/24-008749-003/2024(H5N1)	1419	27
NP|PP755592.1|A/cattle/Texas/24-008749-003/2024(H5N1)	1420	27
NP|PP755592.1|A/cattle/Texas/24-008749-003/2024(H5N1)	1421	27
NP|PP755592.1|A/cattle/Texas/24-008749-003/2024(H5N1)	1422	27
NP|PP755592.1|A/cattle/Texas/24-008749-003/2024(H5N1)	1423	27
NP|PP755592.1|A/cattle/Texas/24-008749-003/2024(H5N1)	1424	27
NP|PP755592.1|A/cattle/Texas/24-008749-003/2024(H5N1)	1425	27
NP|PP755592.1|A/cattle/Texas/24-008749-003/2024(H5N1)	1426	27
NP|PP755592.1|A/cattle/Texas/24-008749-003/2024(H5N1)	1427	26
NP|PP755592.1|A/cattle/Texas/24-008749-003/2024(H5N1)	1428	26
NP|PP755592.1|A/cattle/Texas/24-008749-003/2024(H5N1)	1429	26
NP|PP755592.1|A/cattle/Texas/24-008749-003/2024(H5N1)	1430	26
NP|PP755592.1|A/cattle/Texas/24-008749-003/2024(H5N1)	1431	26
NP|PP755592.1|A/cattle/Texas/24-008749-003/2024(H5N1)	1432	26
NP|PP755592.1|A/cattle/Texas/24-008749-003/2024(H5N1)	1433	26
NP|PP755592.1|A/cattle/Texas/24-008749-003/2024(H5N1)	1434	26
NP|PP755592.1|A/cattle/Texas/24-008749-003/2024(H5N1)	1435	26
NP|PP755592.1|A/cattle/Texas/24-008749-003/2024(H5N1)	1436	26
NP|PP755592.1|A/cattle/Texas/24-008749-003/2024(H5N1)	1437	26
NP|PP755592.1|A/cattle/Texas/24-008749-003/2024(H5N1)	1438	26
NP|PP755592.1|A/cattle/Texas/24-008749-003/2024(H5N1)	1439	26
NP|PP755592.1|A/cattle/Texas/24-008749-003/2024(H5N1)	1440	25
NP|PP755592.1|A/cattle/Texas/24-008749-003/2024(H5N1)	1441	25
NP|PP755592.1|A/cattle/Texas/24-008749-003/2024(H5N1)	1442	23
NP|PP755592.1|A/cattle/Texas/24-008749-003/2024(H5N1)	1443	23
NP|PP755592.1|A/cattle/Texas/24-008749-003/2024(H5N1)	1444	23
NP|PP755592.1|A/cattle/Texas/24-008749-003/2024(H5N1)	1445	23
NP|PP755592.1|A/cattle/Texas/24-008749-003/2024(H5N1)	1446	23
NP|PP755592.1|A/cattle/Texas/24-008749-003/2024(H5N1)	1447	20
NP|PP755592.1|A/cattle/Texas/24-008749-003/2024(H5N1)	1448	20
NP|PP755592.1|A/cattle/Texas/24-008749-003/2024(H5N1)	1449	20
NP|PP755592.1|A/cattle/Texas/24-008749-003/2024(H5N1)	1450	20
NP|PP755592.1|A/cattle/Texas/24-008749-003/2024(H5N1)	1451	20
NP|PP755592.1|A/cattle/Texas/24-008749-003/2024(H5N1)	1452	19
NP|PP755592.1|A/cattle/Texas/24-008749-003/2024(H5N1)	1453	19
NP|PP755592.1|A/cattle/Texas/24-008749-003/2024(H5N1)	1454	19
NP|PP755592.1|A/cattle/Texas/24-008749-003/2024(H5N1)	1455	19
NP|PP755592.1|A/cattle/Texas/24-008749-003/2024(H5N1)	1456	19
NP|PP755592.1|A/cattle/Texas/24-008749-003/2024(H5N1)	1457	19
NP|PP755592.1|A/cattle/Texas/24-008749-003/2024(H5N1)	1458	19
NP|PP755592.1|A/cattle/Texas/24-008749-003/2024(H5N1)	1459	19
NP|PP755592.1|A/cattle/Texas/24-008749-003/2024(H5N1)	1460	19
NP|PP755592.1|A/cattle/Texas/24-008749-003/2024(H5N1)	1461	19
NP|PP755592.1|A/cattle/Texas/24-008749-003/2024(H5N1)	1462	19
NP|PP755592.1|A/cattle/Texas/24-008749-003/2024(H5N1)	1463	19
NP|PP755592.1|A/cattle/Texas/24-008749-003/2024(H5N1)	1464	19
NP|PP755592.1|A/cattle/Texas/24-008749-003/2024(H5N1)	1465	19
NP|PP755592.1|A/cattle/Texas/24-008749-003/2024(H5N1)	1466	19
NP|PP755592.1|A/cattle/Texas/24-008749-003/2024(H5N1)	1467	18
NP|PP755592.1|A/cattle/Texas/24-008749-003/2024(H5N1)	1468	18
NP|PP755592.1|A/cattle/Texas/24-008749-003/2024(H5N1)	1469	18
NP|PP755592.1|A/cattle/Texas/24-008749-003/2024(H5N1)	1470	18
NP|PP755592.1|A/cattle/Texas/24-008749-003/2024(H5N1)	1471	18
NP|PP755592.1|A/cattle/Texas/24-008749-003/2024(H5N1)	1472	18
NP|PP755592.1|A/cattle/Texas/24-008749-003/2024(H5N1)	1473	17
NP|PP755592.1|A/cattle/Texas/24-008749-003/2024(H5N1)	1474	17
NP|PP755592.1|A/cattle/Texas/24-008749-003/2024(H5N1)	1475	17
NP|PP755592.1|A/cattle/Texas/24-008749-003/2024(H5N1)	1476	17
NP|PP755592.1|A/cattle/Texas/24-008749-003/2024(H5N1)	1477	17
NP|PP755592.1|A/cattle/Texas/24-008749-003/2024(H5N1)	1478	17
NP|PP755592.1|A/cattle/Texas/24-008749-003/2024(H5N1)	1479	17
NP|PP755592.1|A/cattle/Texas/24-008749-003/2024(H5N1)	1480	17
NP|PP755592.1|A/cattle/Texas/24-008749-003/2024(H5N1)	1481	17
NP|PP755592.1|A/cattle/Texas/24-008749-003/2024(H5N1)	1482	16
NP|PP755592.1|A/cattle/Texas/24-008749-003/2024(H5N1)	1483	16
NP|PP755592.1|A/cattle/Texas/24-008749-003/2024(H5N1)	1484	14
NP|PP755592.1|A/cattle/Texas/24-008749-003/2024(H5N1)	1485	14
NP|PP755592.1|A/cattle/Texas/24-008749-003/2024(H5N1)	1486	14
NP|PP755592.1|A/cattle/Texas/24-008749-003/2024(H5N1)	1487	14
NP|PP755592.1|A/cattle/Texas/24-008749-003/2024(H5N1)	1488	14
NP|PP755592.1|A/cattle/Texas/24-008749-003/2024(H5N1)	1489	14
NP|PP755592.1|A/cattle/Texas/24-008749-003/2024(H5N1)	1490	14
NP|PP755592.1|A/cattle/Texas/24-008749-003/2024(H5N1)	1491	14
NP|PP755592.1|A/cattle/Texas/24-008749-003/2024(H5N1)	1492	11
NP|PP755592.1|A/cattle/Texas/24-008749-003/2024(H5N1)	1493	11
NP|PP755592.1|A/cattle/Texas/24-008749-003/2024(H5N1)	1494	10
NP|PP755592.1|A/cattle/Texas/24-008749-003/2024(H5N1)	1495	10
NP|PP755592.1|A/cattle/Texas/24-008749-003/2024(H5N1)	1496	10
NP|PP755592.1|A/cattle/Texas/24-008749-003/2024(H5N1)	1497	10
