NA|PP755591.1|A/cattle/Texas/24-008749-003/2024(H5N1)	1	4054
NA|PP755591.1|A/cattle/Texas/24-008749-003/2024(H5N1)	2	4060
NA|PP755591.1|A/cattle/Texas/24-008749-003/2024(H5N1)	3	4072
NA|PP755591.1|A/cattle/Texas/24-008749-003/2024(H5N1)	4	4083
NA|PP755591.1|A/cattle/Texas/24-008749-003/2024(H5N1)	5	4153
NA|PP755591.1|A/cattle/Texas/24-008749-003/2024(H5N1)	6	4160
NA|PP755591.1|A/cattle/Texas/24-008749-003/2024(H5N1)	7	4207
NA|PP755591.1|A/cattle/Texas/24-008749-003/2024(H5N1)	8	4215
NA|PP755591.1|A/cattle/Texas/24-008749-003/2024(H5N1)	9	4218
NA|PP755591.1|A/cattle/Texas/24-008749-003/2024(H5N1)	10	4298
NA|PP755591.1|A/cattle/Texas/24-008749-003/2024(H5N1)	11	4321
NA|PP755591.1|A/cattle/Texas/24-008749-003/2024(H5N1)	12	4343
NA|PP755591.1|A/cattle/Texas/24-008749-003/2024(H5N1)	13	4361
NA|PP755591.1|A/cattle/Texas/24-008749-003/2024(H5N1)	14	4364
NA|PP755591.1|A/cattle/Texas/24-008749-003/2024(H5N1)	15	4547
NA|PP755591.1|A/cattle/Texas/24-008749-003/2024(H5N1)	16	4549
NA|PP755591.1|A/cattle/Texas/24-008749-003/2024(H5N1)	17	4585
NA|PP755591.1|A/cattle/Texas/24-008749-003/2024(H5N1)	18	4588
NA|PP755591.1|A/cattle/Texas/24-008749-003/2024(H5N1)	19	4589
NA|PP755591.1|A/cattle/Texas/24-008749-003/2024(H5N1)	20	4589
NA|PP755591.1|A/cattle/Texas/24-008749-003/2024(H5N1)	21	4588
NA|PP755591.1|A/cattle/Texas/24-008749-003/2024(H5N1)	22	4589
NA|PP755591.1|A/cattle/Texas/24-008749-003/2024(H5N1)	23	4573
NA|PP755591.1|A/cattle/Texas/24-008749-003/2024(H5N1)	24	4573
NA|PP755591.1|A/cattle/Texas/24-008749-003/2024(H5N1)	25	4574
NA|PP755591.1|A/cattle/Texas/24-008749-003/2024(H5N1)	26	4575
NA|PP755591.1|A/cattle/Texas/24-008749-003/2024(H5N1)	27	4573
NA|PP755591.1|A/cattle/Texas/24-008749-003/2024(H5N1)	28	4573
NA|PP755591.1|A/cattle/Texas/24-008749-003/2024(H5N1)	29	4573
NA|PP755591.1|A/cattle/Texas/24-008749-003/2024(H5N1)	30	4569
NA|PP755591.1|A/cattle/Texas/24-008749-003/2024(H5N1)	31	4779
NA|PP755591.1|A/cattle/Texas/24-008749-003/2024(H5N1)	32	4921
NA|PP755591.1|A/cattle/Texas/24-008749-003/2024(H5N1)	33	4921
NA|PP755591.1|A/cattle/Texas/24-008749-003/2024(H5N1)	34	5024
NA|PP755591.1|A/cattle/Texas/24-008749-003/2024(H5N1)	35	5045
NA|PP755591.1|A/cattle/Texas/24-008749-003/2024(H5N1)	36	5137
NA|PP755591.1|A/cattle/Texas/24-008749-003/2024(H5N1)	37	5194
NA|PP755591.1|A/cattle/Texas/24-008749-003/2024(H5N1)	38	5194
NA|PP755591.1|A/cattle/Texas/24-008749-003/2024(H5N1)	39	5195
NA|PP755591.1|A/cattle/Texas/24-008749-003/2024(H5N1)	40	5193
NA|PP755591.1|A/cattle/Texas/24-008749-003/2024(H5N1)	41	5195
NA|PP755591.1|A/cattle/Texas/24-008749-003/2024(H5N1)	42	5195
NA|PP755591.1|A/cattle/Texas/24-008749-003/2024(H5N1)	43	5195
NA|PP755591.1|A/cattle/Texas/24-008749-003/2024(H5N1)	44	5195
NA|PP755591.1|A/cattle/Texas/24-008749-003/2024(H5N1)	45	5193
NA|PP755591.1|A/cattle/Texas/24-008749-003/2024(H5N1)	46	5193
NA|PP755591.1|A/cattle/Texas/24-008749-003/2024(H5N1)	47	5192
NA|PP755591.1|A/cattle/Texas/24-008749-003/2024(H5N1)	48	5191
NA|PP755591.1|A/cattle/Texas/24-008749-003/2024(H5N1)	49	5191
NA|PP755591.1|A/cattle/Texas/24-008749-003/2024(H5N1)	50	5189
NA|PP755591.1|A/cattle/Texas/24-008749-003/2024(H5N1)	51	5189
NA|PP755591.1|A/cattle/Texas/24-008749-003/2024(H5N1)	52	5188
NA|PP755591.1|A/cattle/Texas/24-008749-003/2024(H5N1)	53	5188
NA|PP755591.1|A/cattle/Texas/24-008749-003/2024(H5N1)	54	5143
NA|PP755591.1|A/cattle/Texas/24-008749-003/2024(H5N1)	55	5143
NA|PP755591.1|A/cattle/Texas/24-008749-003/2024(H5N1)	56	5143
NA|PP755591.1|A/cattle/Texas/24-008749-003/2024(H5N1)	57	5142
NA|PP755591.1|A/cattle/Texas/24-008749-003/2024(H5N1)	58	5142
NA|PP755591.1|A/cattle/Texas/24-008749-003/2024(H5N1)	59	5142
NA|PP755591.1|A/cattle/Texas/24-008749-003/2024(H5N1)	60	5142
NA|PP755591.1|A/cattle/Texas/24-008749-003/2024(H5N1)	61	5133
NA|PP755591.1|A/cattle/Texas/24-008749-003/2024(H5N1)	62	5133
NA|PP755591.1|A/cattle/Texas/24-008749-003/2024(H5N1)	63	5133
NA|PP755591.1|A/cattle/Texas/24-008749-003/2024(H5N1)	64	5133
NA|PP755591.1|A/cattle/Texas/24-008749-003/2024(H5N1)	65	5285
NA|PP755591.1|A/cattle/Texas/24-008749-003/2024(H5N1)	66	5319
NA|PP755591.1|A/cattle/Texas/24-008749-003/2024(H5N1)	67	5523
NA|PP755591.1|A/cattle/Texas/24-008749-003/2024(H5N1)	68	5528
NA|PP755591.1|A/cattle/Texas/24-008749-003/2024(H5N1)	69	5554
NA|PP755591.1|A/cattle/Texas/24-008749-003/2024(H5N1)	70	5568
NA|PP755591.1|A/cattle/Texas/24-008749-003/2024(H5N1)	71	5578
NA|PP755591.1|A/cattle/Texas/24-008749-003/2024(H5N1)	72	5598
NA|PP755591.1|A/cattle/Texas/24-008749-003/2024(H5N1)	73	9209
NA|PP755591.1|A/cattle/Texas/24-008749-003/2024(H5N1)	74	9233
NA|PP755591.1|A/cattle/Texas/24-008749-003/2024(H5N1)	75	9255
NA|PP755591.1|A/cattle/Texas/24-008749-003/2024(H5N1)	76	9287
NA|PP755591.1|A/cattle/Texas/24-008749-003/2024(H5N1)	77	9311
NA|PP755591.1|A/cattle/Texas/24-008749-003/2024(H5N1)	78	9313
NA|PP755591.1|A/cattle/Texas/24-008749-003/2024(H5N1)	79	9697
NA|PP755591.1|A/cattle/Texas/24-008749-003/2024(H5N1)	80	9712
NA|PP755591.1|A/cattle/Texas/24-008749-003/2024(H5N1)	81	9714
NA|PP755591.1|A/cattle/Texas/24-008749-003/2024(H5N1)	82	9864
NA|PP755591.1|A/cattle/Texas/24-008749-003/2024(H5N1)	83	9891
NA|PP755591.1|A/cattle/Texas/24-008749-003/2024(H5N1)	84	10073
NA|PP755591.1|A/cattle/Texas/24-008749-003/2024(H5N1)	85	10073
NA|PP755591.1|A/cattle/Texas/24-008749-003/2024(H5N1)	86	10111
NA|PP755591.1|A/cattle/Texas/24-008749-003/2024(H5N1)	87	10145
NA|PP755591.1|A/cattle/Texas/24-008749-003/2024(H5N1)	88	10157
NA|PP755591.1|A/cattle/Texas/24-008749-003/2024(H5N1)	89	10166
NA|PP755591.1|A/cattle/Texas/24-008749-003/2024(H5N1)	90	10167
NA|PP755591.1|A/cattle/Texas/24-008749-003/2024(H5N1)	91	10183
NA|PP755591.1|A/cattle/Texas/24-008749-003/2024(H5N1)	92	10317
NA|PP755591.1|A/cattle/Texas/24-008749-003/2024(H5N1)	93	10309
NA|PP755591.1|A/cattle/Texas/24-008749-003/2024(H5N1)	94	10311
NA|PP755591.1|A/cattle/Texas/24-008749-003/2024(H5N1)	95	10311
NA|PP755591.1|A/cattle/Texas/24-008749-003/2024(H5N1)	96	10311
NA|PP755591.1|A/cattle/Texas/24-008749-003/2024(H5N1)	97	10311
NA|PP755591.1|A/cattle/Texas/24-008749-003/2024(H5N1)	98	10309
NA|PP755591.1|A/cattle/Texas/24-008749-003/2024(H5N1)	99	10309
NA|PP755591.1|A/cattle/Texas/24-008749-003/2024(H5N1)	100	10309
NA|PP755591.1|A/cattle/Texas/24-008749-003/2024(H5N1)	101	10109
NA|PP755591.1|A/cattle/Texas/24-008749-003/2024(H5N1)	102	10107
NA|PP755591.1|A/cattle/Texas/24-008749-003/2024(H5N1)	103	10077
NA|PP755591.1|A/cattle/Texas/24-008749-003/2024(H5N1)	104	10076
NA|PP755591.1|A/cattle/Texas/24-008749-003/2024(H5N1)	105	10039
NA|PP755591.1|A/cattle/Texas/24-008749-003/2024(H5N1)	106	10031
NA|PP755591.1|A/cattle/Texas/24-008749-003/2024(H5N1)	107	9884
NA|PP755591.1|A/cattle/Texas/24-008749-003/2024(H5N1)	108	9861
NA|PP755591.1|A/cattle/Texas/24-008749-003/2024(H5N1)	109	9861
NA|PP755591.1|A/cattle/Texas/24-008749-003/2024(H5N1)	110	9861
NA|PP755591.1|A/cattle/Texas/24-008749-003/2024(H5N1)	111	9841
NA|PP755591.1|A/cattle/Texas/24-008749-003/2024(H5N1)	112	9801
NA|PP755591.1|A/cattle/Texas/24-008749-003/2024(H5N1)	113	9789
NA|PP755591.1|A/cattle/Texas/24-008749-003/2024(H5N1)	114	9686
NA|PP755591.1|A/cattle/Texas/24-008749-003/2024(H5N1)	115	9686
NA|PP755591.1|A/cattle/Texas/24-008749-003/2024(H5N1)	116	9654
NA|PP755591.1|A/cattle/Texas/24-008749-003/2024(H5N1)	117	9654
NA|PP755591.1|A/cattle/Texas/24-008749-003/2024(H5N1)	118	9654
NA|PP755591.1|A/cattle/Texas/24-008749-003/2024(H5N1)	119	9654
NA|PP755591.1|A/cattle/Texas/24-008749-003/2024(H5N1)	120	5257
NA|PP755591.1|A/cattle/Texas/24-008749-003/2024(H5N1)	121	5225
NA|PP755591.1|A/cattle/Texas/24-008749-003/2024(H5N1)	122	5219
NA|PP755591.1|A/cattle/Texas/24-008749-003/2024(H5N1)	123	5219
NA|PP755591.1|A/cattle/Texas/24-008749-003/2024(H5N1)	124	5219
NA|PP755591.1|A/cattle/Texas/24-008749-003/2024(H5N1)	125	5219
NA|PP755591.1|A/cattle/Texas/24-008749-003/2024(H5N1)	126	5203
NA|PP755591.1|A/cattle/Texas/24-008749-003/2024(H5N1)	127	5203
NA|PP755591.1|A/cattle/Texas/24-008749-003/2024(H5N1)	128	5201
NA|PP755591.1|A/cattle/Texas/24-008749-003/2024(H5N1)	129	5201
NA|PP755591.1|A/cattle/Texas/24-008749-003/2024(H5N1)	130	5201
NA|PP755591.1|A/cattle/Texas/24-008749-003/2024(H5N1)	131	5201
NA|PP755591.1|A/cattle/Texas/24-008749-003/2024(H5N1)	132	5201
NA|PP755591.1|A/cattle/Texas/24-008749-003/2024(H5N1)	133	5201
NA|PP755591.1|A/cattle/Texas/24-008749-003/2024(H5N1)	134	5201
NA|PP755591.1|A/cattle/Texas/24-008749-003/2024(H5N1)	135	5201
NA|PP755591.1|A/cattle/Texas/24-008749-003/2024(H5N1)	136	5201
NA|PP755591.1|A/cattle/Texas/24-008749-003/2024(H5N1)	137	5201
NA|PP755591.1|A/cattle/Texas/24-008749-003/2024(H5N1)	138	5201
NA|PP755591.1|A/cattle/Texas/24-008749-003/2024(H5N1)	139	5201
NA|PP755591.1|A/cattle/Texas/24-008749-003/2024(H5N1)	140	5201
NA|PP755591.1|A/cattle/Texas/24-008749-003/2024(H5N1)	141	5201
NA|PP755591.1|A/cattle/Texas/24-008749-003/2024(H5N1)	142	5201
NA|PP755591.1|A/cattle/Texas/24-008749-003/2024(H5N1)	143	6564
NA|PP755591.1|A/cattle/Texas/24-008749-003/2024(H5N1)	144	6601
NA|PP755591.1|A/cattle/Texas/24-008749-003/2024(H5N1)	145	6608
NA|PP755591.1|A/cattle/Texas/24-008749-003/2024(H5N1)	146	6609
NA|PP755591.1|A/cattle/Texas/24-008749-003/2024(H5N1)	147	6612
NA|PP755591.1|A/cattle/Texas/24-008749-003/2024(H5N1)	148	6612
NA|PP755591.1|A/cattle/Texas/24-008749-003/2024(H5N1)	149	6612
NA|PP755591.1|A/cattle/Texas/24-008749-003/2024(H5N1)	150	6612
NA|PP755591.1|A/cattle/Texas/24-008749-003/2024(H5N1)	151	6612
NA|PP755591.1|A/cattle/Texas/24-008749-003/2024(H5N1)	152	6612
NA|PP755591.1|A/cattle/Texas/24-008749-003/2024(H5N1)	153	6612
NA|PP755591.1|A/cattle/Texas/24-008749-003/2024(H5N1)	154	6612
NA|PP755591.1|A/cattle/Texas/24-008749-003/2024(H5N1)	155	6612
NA|PP755591.1|A/cattle/Texas/24-008749-003/2024(H5N1)	156	6547
NA|PP755591.1|A/cattle/Texas/24-008749-003/2024(H5N1)	157	6548
NA|PP755591.1|A/cattle/Texas/24-008749-003/2024(H5N1)	158	7640
NA|PP755591.1|A/cattle/Texas/24-008749-003/2024(H5N1)	159	7640
NA|PP755591.1|A/cattle/Texas/24-008749-003/2024(H5N1)	160	7640
NA|PP755591.1|A/cattle/Texas/24-008749-003/2024(H5N1)	161	7640
NA|PP755591.1|A/cattle/Texas/24-008749-003/2024(H5N1)	162	7640
NA|PP755591.1|A/cattle/Texas/24-008749-003/2024(H5N1)	163	7640
NA|PP755591.1|A/cattle/Texas/24-008749-003/2024(H5N1)	164	7640
NA|PP755591.1|A/cattle/Texas/24-008749-003/2024(H5N1)	165	7640
NA|PP755591.1|A/cattle/Texas/24-008749-003/2024(H5N1)	166	7334
NA|PP755591.1|A/cattle/Texas/24-008749-003/2024(H5N1)	167	7329
NA|PP755591.1|A/cattle/Texas/24-008749-003/2024(H5N1)	168	7308
NA|PP755591.1|A/cattle/Texas/24-008749-003/2024(H5N1)	169	6953
NA|PP755591.1|A/cattle/Texas/24-008749-003/2024(H5N1)	170	6930
NA|PP755591.1|A/cattle/Texas/24-008749-003/2024(H5N1)	171	6898
NA|PP755591.1|A/cattle/Texas/24-008749-003/2024(H5N1)	172	6860
NA|PP755591.1|A/cattle/Texas/24-008749-003/2024(H5N1)	173	6804
NA|PP755591.1|A/cattle/Texas/24-008749-003/2024(H5N1)	174	6770
NA|PP755591.1|A/cattle/Texas/24-008749-003/2024(H5N1)	175	6757
NA|PP755591.1|A/cattle/Texas/24-008749-003/2024(H5N1)	176	6720
NA|PP755591.1|A/cattle/Texas/24-008749-003/2024(H5N1)	177	6240
NA|PP755591.1|A/cattle/Texas/24-008749-003/2024(H5N1)	178	6233
NA|PP755591.1|A/cattle/Texas/24-008749-003/2024(H5N1)	179	6230
NA|PP755591.1|A/cattle/Texas/24-008749-003/2024(H5N1)	180	6106
NA|PP755591.1|A/cattle/Texas/24-008749-003/2024(H5N1)	181	6106
NA|PP755591.1|A/cattle/Texas/24-008749-003/2024(H5N1)	182	6106
NA|PP755591.1|A/cattle/Texas/24-008749-003/2024(H5N1)	183	5969
NA|PP755591.1|A/cattle/Texas/24-008749-003/2024(H5N1)	184	5960
NA|PP755591.1|A/cattle/Texas/24-008749-003/2024(H5N1)	185	5839
NA|PP755591.1|A/cattle/Texas/24-008749-003/2024(H5N1)	186	5821
NA|PP755591.1|A/cattle/Texas/24-008749-003/2024(H5N1)	187	5821
NA|PP755591.1|A/cattle/Texas/24-008749-003/2024(H5N1)	188	5788
NA|PP755591.1|A/cattle/Texas/24-008749-003/2024(H5N1)	189	5766
NA|PP755591.1|A/cattle/Texas/24-008749-003/2024(H5N1)	190	5676
NA|PP755591.1|A/cattle/Texas/24-008749-003/2024(H5N1)	191	5636
NA|PP755591.1|A/cattle/Texas/24-008749-003/2024(H5N1)	192	5504
NA|PP755591.1|A/cattle/Texas/24-008749-003/2024(H5N1)	193	5485
NA|PP755591.1|A/cattle/Texas/24-008749-003/2024(H5N1)	194	5426
NA|PP755591.1|A/cattle/Texas/24-008749-003/2024(H5N1)	195	5281
NA|PP755591.1|A/cattle/Texas/24-008749-003/2024(H5N1)	196	5205
NA|PP755591.1|A/cattle/Texas/24-008749-003/2024(H5N1)	197	5039
NA|PP755591.1|A/cattle/Texas/24-008749-003/2024(H5N1)	198	5010
NA|PP755591.1|A/cattle/Texas/24-008749-003/2024(H5N1)	199	5010
NA|PP755591.1|A/cattle/Texas/24-008749-003/2024(H5N1)	200	5010
NA|PP755591.1|A/cattle/Texas/24-008749-003/2024(H5N1)	201	4767
NA|PP755591.1|A/cattle/Texas/24-008749-003/2024(H5N1)	202	4742
NA|PP755591.1|A/cattle/Texas/24-008749-003/2024(H5N1)	203	4671
NA|PP755591.1|A/cattle/Texas/24-008749-003/2024(H5N1)	204	4626
NA|PP755591.1|A/cattle/Texas/24-008749-003/2024(H5N1)	205	4594
NA|PP755591.1|A/cattle/Texas/24-008749-003/2024(H5N1)	206	4551
NA|PP755591.1|A/cattle/Texas/24-008749-003/2024(H5N1)	207	244
NA|PP755591.1|A/cattle/Texas/24-008749-003/2024(H5N1)	208	216
NA|PP755591.1|A/cattle/Texas/24-008749-003/2024(H5N1)	209	215
NA|PP755591.1|A/cattle/Texas/24-008749-003/2024(H5N1)	210	183
NA|PP755591.1|A/cattle/Texas/24-008749-003/2024(H5N1)	211	182
NA|PP755591.1|A/cattle/Texas/24-008749-003/2024(H5N1)	212	182
NA|PP755591.1|A/cattle/Texas/24-008749-003/2024(H5N1)	213	180
NA|PP755591.1|A/cattle/Texas/24-008749-003/2024(H5N1)	214	180
NA|PP755591.1|A/cattle/Texas/24-008749-003/2024(H5N1)	215	180
NA|PP755591.1|A/cattle/Texas/24-008749-003/2024(H5N1)	216	179
NA|PP755591.1|A/cattle/Texas/24-008749-003/2024(H5N1)	217	177
NA|PP755591.1|A/cattle/Texas/24-008749-003/2024(H5N1)	218	86
NA|PP755591.1|A/cattle/Texas/24-008749-003/2024(H5N1)	219	84
NA|PP755591.1|A/cattle/Texas/24-008749-003/2024(H5N1)	220	63
NA|PP755591.1|A/cattle/Texas/24-008749-003/2024(H5N1)	221	50
NA|PP755591.1|A/cattle/Texas/24-008749-003/2024(H5N1)	222	30
NA|PP755591.1|A/cattle/Texas/24-008749-003/2024(H5N1)	223	21
NA|PP755591.1|A/cattle/Texas/24-008749-003/2024(H5N1)	224	21
NA|PP755591.1|A/cattle/Texas/24-008749-003/2024(H5N1)	225	21
NA|PP755591.1|A/cattle/Texas/24-008749-003/2024(H5N1)	226	21
NA|PP755591.1|A/cattle/Texas/24-008749-003/2024(H5N1)	227	20
NA|PP755591.1|A/cattle/Texas/24-008749-003/2024(H5N1)	228	6
NA|PP755591.1|A/cattle/Texas/24-008749-003/2024(H5N1)	229	6
NA|PP755591.1|A/cattle/Texas/24-008749-003/2024(H5N1)	230	6
NA|PP755591.1|A/cattle/Texas/24-008749-003/2024(H5N1)	231	6
NA|PP755591.1|A/cattle/Texas/24-008749-003/2024(H5N1)	232	6
NA|PP755591.1|A/cattle/Texas/24-008749-003/2024(H5N1)	233	5
NA|PP755591.1|A/cattle/Texas/24-008749-003/2024(H5N1)	234	5
NA|PP755591.1|A/cattle/Texas/24-008749-003/2024(H5N1)	235	3
NA|PP755591.1|A/cattle/Texas/24-008749-003/2024(H5N1)	236	3
NA|PP755591.1|A/cattle/Texas/24-008749-003/2024(H5N1)	237	3
NA|PP755591.1|A/cattle/Texas/24-008749-003/2024(H5N1)	238	3
NA|PP755591.1|A/cattle/Texas/24-008749-003/2024(H5N1)	239	3
NA|PP755591.1|A/cattle/Texas/24-008749-003/2024(H5N1)	240	0
NA|PP755591.1|A/cattle/Texas/24-008749-003/2024(H5N1)	241	0
NA|PP755591.1|A/cattle/Texas/24-008749-003/2024(H5N1)	242	0
NA|PP755591.1|A/cattle/Texas/24-008749-003/2024(H5N1)	243	0
NA|PP755591.1|A/cattle/Texas/24-008749-003/2024(H5N1)	244	0
NA|PP755591.1|A/cattle/Texas/24-008749-003/2024(H5N1)	245	0
NA|PP755591.1|A/cattle/Texas/24-008749-003/2024(H5N1)	246	0
NA|PP755591.1|A/cattle/Texas/24-008749-003/2024(H5N1)	247	0
NA|PP755591.1|A/cattle/Texas/24-008749-003/2024(H5N1)	248	0
NA|PP755591.1|A/cattle/Texas/24-008749-003/2024(H5N1)	249	0
NA|PP755591.1|A/cattle/Texas/24-008749-003/2024(H5N1)	250	0
NA|PP755591.1|A/cattle/Texas/24-008749-003/2024(H5N1)	251	0
NA|PP755591.1|A/cattle/Texas/24-008749-003/2024(H5N1)	252	0
NA|PP755591.1|A/cattle/Texas/24-008749-003/2024(H5N1)	253	0
NA|PP755591.1|A/cattle/Texas/24-008749-003/2024(H5N1)	254	0
NA|PP755591.1|A/cattle/Texas/24-008749-003/2024(H5N1)	255	0
NA|PP755591.1|A/cattle/Texas/24-008749-003/2024(H5N1)	256	0
NA|PP755591.1|A/cattle/Texas/24-008749-003/2024(H5N1)	257	0
NA|PP755591.1|A/cattle/Texas/24-008749-003/2024(H5N1)	258	0
NA|PP755591.1|A/cattle/Texas/24-008749-003/2024(H5N1)	259	0
NA|PP755591.1|A/cattle/Texas/24-008749-003/2024(H5N1)	260	0
NA|PP755591.1|A/cattle/Texas/24-008749-003/2024(H5N1)	261	0
NA|PP755591.1|A/cattle/Texas/24-008749-003/2024(H5N1)	262	7
NA|PP755591.1|A/cattle/Texas/24-008749-003/2024(H5N1)	263	7
NA|PP755591.1|A/cattle/Texas/24-008749-003/2024(H5N1)	264	7
NA|PP755591.1|A/cattle/Texas/24-008749-003/2024(H5N1)	265	7
NA|PP755591.1|A/cattle/Texas/24-008749-003/2024(H5N1)	266	7
NA|PP755591.1|A/cattle/Texas/24-008749-003/2024(H5N1)	267	7
NA|PP755591.1|A/cattle/Texas/24-008749-003/2024(H5N1)	268	7
NA|PP755591.1|A/cattle/Texas/24-008749-003/2024(H5N1)	269	7
NA|PP755591.1|A/cattle/Texas/24-008749-003/2024(H5N1)	270	7
NA|PP755591.1|A/cattle/Texas/24-008749-003/2024(H5N1)	271	7
NA|PP755591.1|A/cattle/Texas/24-008749-003/2024(H5N1)	272	7
NA|PP755591.1|A/cattle/Texas/24-008749-003/2024(H5N1)	273	7
NA|PP755591.1|A/cattle/Texas/24-008749-003/2024(H5N1)	274	7
NA|PP755591.1|A/cattle/Texas/24-008749-003/2024(H5N1)	275	7
NA|PP755591.1|A/cattle/Texas/24-008749-003/2024(H5N1)	276	7
NA|PP755591.1|A/cattle/Texas/24-008749-003/2024(H5N1)	277	7
NA|PP755591.1|A/cattle/Texas/24-008749-003/2024(H5N1)	278	7
NA|PP755591.1|A/cattle/Texas/24-008749-003/2024(H5N1)	279	7
NA|PP755591.1|A/cattle/Texas/24-008749-003/2024(H5N1)	280	7
NA|PP755591.1|A/cattle/Texas/24-008749-003/2024(H5N1)	281	7
NA|PP755591.1|A/cattle/Texas/24-008749-003/2024(H5N1)	282	7
NA|PP755591.1|A/cattle/Texas/24-008749-003/2024(H5N1)	283	15
NA|PP755591.1|A/cattle/Texas/24-008749-003/2024(H5N1)	284	15
NA|PP755591.1|A/cattle/Texas/24-008749-003/2024(H5N1)	285	15
NA|PP755591.1|A/cattle/Texas/24-008749-003/2024(H5N1)	286	15
NA|PP755591.1|A/cattle/Texas/24-008749-003/2024(H5N1)	287	15
NA|PP755591.1|A/cattle/Texas/24-008749-003/2024(H5N1)	288	15
NA|PP755591.1|A/cattle/Texas/24-008749-003/2024(H5N1)	289	15
NA|PP755591.1|A/cattle/Texas/24-008749-003/2024(H5N1)	290	15
NA|PP755591.1|A/cattle/Texas/24-008749-003/2024(H5N1)	291	15
NA|PP755591.1|A/cattle/Texas/24-008749-003/2024(H5N1)	292	16
NA|PP755591.1|A/cattle/Texas/24-008749-003/2024(H5N1)	293	16
NA|PP755591.1|A/cattle/Texas/24-008749-003/2024(H5N1)	294	16
NA|PP755591.1|A/cattle/Texas/24-008749-003/2024(H5N1)	295	22
NA|PP755591.1|A/cattle/Texas/24-008749-003/2024(H5N1)	296	22
NA|PP755591.1|A/cattle/Texas/24-008749-003/2024(H5N1)	297	22
NA|PP755591.1|A/cattle/Texas/24-008749-003/2024(H5N1)	298	22
NA|PP755591.1|A/cattle/Texas/24-008749-003/2024(H5N1)	299	22
NA|PP755591.1|A/cattle/Texas/24-008749-003/2024(H5N1)	300	22
NA|PP755591.1|A/cattle/Texas/24-008749-003/2024(H5N1)	301	22
NA|PP755591.1|A/cattle/Texas/24-008749-003/2024(H5N1)	302	22
NA|PP755591.1|A/cattle/Texas/24-008749-003/2024(H5N1)	303	22
NA|PP755591.1|A/cattle/Texas/24-008749-003/2024(H5N1)	304	22
NA|PP755591.1|A/cattle/Texas/24-008749-003/2024(H5N1)	305	22
NA|PP755591.1|A/cattle/Texas/24-008749-003/2024(H5N1)	306	22
NA|PP755591.1|A/cattle/Texas/24-008749-003/2024(H5N1)	307	22
NA|PP755591.1|A/cattle/Texas/24-008749-003/2024(H5N1)	308	22
NA|PP755591.1|A/cattle/Texas/24-008749-003/2024(H5N1)	309	22
NA|PP755591.1|A/cattle/Texas/24-008749-003/2024(H5N1)	310	22
NA|PP755591.1|A/cattle/Texas/24-008749-003/2024(H5N1)	311	22
NA|PP755591.1|A/cattle/Texas/24-008749-003/2024(H5N1)	312	22
NA|PP755591.1|A/cattle/Texas/24-008749-003/2024(H5N1)	313	22
NA|PP755591.1|A/cattle/Texas/24-008749-003/2024(H5N1)	314	22
NA|PP755591.1|A/cattle/Texas/24-008749-003/2024(H5N1)	315	22
NA|PP755591.1|A/cattle/Texas/24-008749-003/2024(H5N1)	316	22
NA|PP755591.1|A/cattle/Texas/24-008749-003/2024(H5N1)	317	22
NA|PP755591.1|A/cattle/Texas/24-008749-003/2024(H5N1)	318	22
NA|PP755591.1|A/cattle/Texas/24-008749-003/2024(H5N1)	319	22
NA|PP755591.1|A/cattle/Texas/24-008749-003/2024(H5N1)	320	22
NA|PP755591.1|A/cattle/Texas/24-008749-003/2024(H5N1)	321	9
NA|PP755591.1|A/cattle/Texas/24-008749-003/2024(H5N1)	322	9
NA|PP755591.1|A/cattle/Texas/24-008749-003/2024(H5N1)	323	9
NA|PP755591.1|A/cattle/Texas/24-008749-003/2024(H5N1)	324	7
NA|PP755591.1|A/cattle/Texas/24-008749-003/2024(H5N1)	325	7
NA|PP755591.1|A/cattle/Texas/24-008749-003/2024(H5N1)	326	7
NA|PP755591.1|A/cattle/Texas/24-008749-003/2024(H5N1)	327	7
NA|PP755591.1|A/cattle/Texas/24-008749-003/2024(H5N1)	328	7
NA|PP755591.1|A/cattle/Texas/24-008749-003/2024(H5N1)	329	7
NA|PP755591.1|A/cattle/Texas/24-008749-003/2024(H5N1)	330	7
NA|PP755591.1|A/cattle/Texas/24-008749-003/2024(H5N1)	331	7
NA|PP755591.1|A/cattle/Texas/24-008749-003/2024(H5N1)	332	7
NA|PP755591.1|A/cattle/Texas/24-008749-003/2024(H5N1)	333	7
NA|PP755591.1|A/cattle/Texas/24-008749-003/2024(H5N1)	334	7
NA|PP755591.1|A/cattle/Texas/24-008749-003/2024(H5N1)	335	7
NA|PP755591.1|A/cattle/Texas/24-008749-003/2024(H5N1)	336	7
NA|PP755591.1|A/cattle/Texas/24-008749-003/2024(H5N1)	337	7
NA|PP755591.1|A/cattle/Texas/24-008749-003/2024(H5N1)	338	7
NA|PP755591.1|A/cattle/Texas/24-008749-003/2024(H5N1)	339	7
NA|PP755591.1|A/cattle/Texas/24-008749-003/2024(H5N1)	340	7
NA|PP755591.1|A/cattle/Texas/24-008749-003/2024(H5N1)	341	7
NA|PP755591.1|A/cattle/Texas/24-008749-003/2024(H5N1)	342	7
NA|PP755591.1|A/cattle/Texas/24-008749-003/2024(H5N1)	343	7
NA|PP755591.1|A/cattle/Texas/24-008749-003/2024(H5N1)	344	7
NA|PP755591.1|A/cattle/Texas/24-008749-003/2024(H5N1)	345	7
NA|PP755591.1|A/cattle/Texas/24-008749-003/2024(H5N1)	346	7
NA|PP755591.1|A/cattle/Texas/24-008749-003/2024(H5N1)	347	7
NA|PP755591.1|A/cattle/Texas/24-008749-003/2024(H5N1)	348	7
NA|PP755591.1|A/cattle/Texas/24-008749-003/2024(H5N1)	349	7
NA|PP755591.1|A/cattle/Texas/24-008749-003/2024(H5N1)	350	7
NA|PP755591.1|A/cattle/Texas/24-008749-003/2024(H5N1)	351	7
NA|PP755591.1|A/cattle/Texas/24-008749-003/2024(H5N1)	352	7
NA|PP755591.1|A/cattle/Texas/24-008749-003/2024(H5N1)	353	7
NA|PP755591.1|A/cattle/Texas/24-008749-003/2024(H5N1)	354	7
NA|PP755591.1|A/cattle/Texas/24-008749-003/2024(H5N1)	355	7
NA|PP755591.1|A/cattle/Texas/24-008749-003/2024(H5N1)	356	7
NA|PP755591.1|A/cattle/Texas/24-008749-003/2024(H5N1)	357	7
NA|PP755591.1|A/cattle/Texas/24-008749-003/2024(H5N1)	358	7
NA|PP755591.1|A/cattle/Texas/24-008749-003/2024(H5N1)	359	7
NA|PP755591.1|A/cattle/Texas/24-008749-003/2024(H5N1)	360	7
NA|PP755591.1|A/cattle/Texas/24-008749-003/2024(H5N1)	361	8
NA|PP755591.1|A/cattle/Texas/24-008749-003/2024(H5N1)	362	8
NA|PP755591.1|A/cattle/Texas/24-008749-003/2024(H5N1)	363	8
NA|PP755591.1|A/cattle/Texas/24-008749-003/2024(H5N1)	364	9
NA|PP755591.1|A/cattle/Texas/24-008749-003/2024(H5N1)	365	9
NA|PP755591.1|A/cattle/Texas/24-008749-003/2024(H5N1)	366	9
NA|PP755591.1|A/cattle/Texas/24-008749-003/2024(H5N1)	367	2562
NA|PP755591.1|A/cattle/Texas/24-008749-003/2024(H5N1)	368	2563
NA|PP755591.1|A/cattle/Texas/24-008749-003/2024(H5N1)	369	2573
NA|PP755591.1|A/cattle/Texas/24-008749-003/2024(H5N1)	370	2600
NA|PP755591.1|A/cattle/Texas/24-008749-003/2024(H5N1)	371	2600
NA|PP755591.1|A/cattle/Texas/24-008749-003/2024(H5N1)	372	2600
NA|PP755591.1|A/cattle/Texas/24-008749-003/2024(H5N1)	373	2600
NA|PP755591.1|A/cattle/Texas/24-008749-003/2024(H5N1)	374	2600
NA|PP755591.1|A/cattle/Texas/24-008749-003/2024(H5N1)	375	2600
NA|PP755591.1|A/cattle/Texas/24-008749-003/2024(H5N1)	376	3010
NA|PP755591.1|A/cattle/Texas/24-008749-003/2024(H5N1)	377	3022
NA|PP755591.1|A/cattle/Texas/24-008749-003/2024(H5N1)	378	3061
NA|PP755591.1|A/cattle/Texas/24-008749-003/2024(H5N1)	379	3062
NA|PP755591.1|A/cattle/Texas/24-008749-003/2024(H5N1)	380	3062
NA|PP755591.1|A/cattle/Texas/24-008749-003/2024(H5N1)	381	3062
NA|PP755591.1|A/cattle/Texas/24-008749-003/2024(H5N1)	382	3063
NA|PP755591.1|A/cattle/Texas/24-008749-003/2024(H5N1)	383	3063
NA|PP755591.1|A/cattle/Texas/24-008749-003/2024(H5N1)	384	3063
NA|PP755591.1|A/cattle/Texas/24-008749-003/2024(H5N1)	385	3063
NA|PP755591.1|A/cattle/Texas/24-008749-003/2024(H5N1)	386	3063
NA|PP755591.1|A/cattle/Texas/24-008749-003/2024(H5N1)	387	3063
NA|PP755591.1|A/cattle/Texas/24-008749-003/2024(H5N1)	388	3063
NA|PP755591.1|A/cattle/Texas/24-008749-003/2024(H5N1)	389	3063
NA|PP755591.1|A/cattle/Texas/24-008749-003/2024(H5N1)	390	3062
NA|PP755591.1|A/cattle/Texas/24-008749-003/2024(H5N1)	391	3062
NA|PP755591.1|A/cattle/Texas/24-008749-003/2024(H5N1)	392	3062
NA|PP755591.1|A/cattle/Texas/24-008749-003/2024(H5N1)	393	3062
NA|PP755591.1|A/cattle/Texas/24-008749-003/2024(H5N1)	394	3062
NA|PP755591.1|A/cattle/Texas/24-008749-003/2024(H5N1)	395	3062
NA|PP755591.1|A/cattle/Texas/24-008749-003/2024(H5N1)	396	3024
NA|PP755591.1|A/cattle/Texas/24-008749-003/2024(H5N1)	397	3024
NA|PP755591.1|A/cattle/Texas/24-008749-003/2024(H5N1)	398	3021
NA|PP755591.1|A/cattle/Texas/24-008749-003/2024(H5N1)	399	1557
NA|PP755591.1|A/cattle/Texas/24-008749-003/2024(H5N1)	400	1560
NA|PP755591.1|A/cattle/Texas/24-008749-003/2024(H5N1)	401	1560
NA|PP755591.1|A/cattle/Texas/24-008749-003/2024(H5N1)	402	1560
NA|PP755591.1|A/cattle/Texas/24-008749-003/2024(H5N1)	403	1561
NA|PP755591.1|A/cattle/Texas/24-008749-003/2024(H5N1)	404	1561
NA|PP755591.1|A/cattle/Texas/24-008749-003/2024(H5N1)	405	1560
NA|PP755591.1|A/cattle/Texas/24-008749-003/2024(H5N1)	406	1560
NA|PP755591.1|A/cattle/Texas/24-008749-003/2024(H5N1)	407	1560
NA|PP755591.1|A/cattle/Texas/24-008749-003/2024(H5N1)	408	1560
NA|PP755591.1|A/cattle/Texas/24-008749-003/2024(H5N1)	409	1560
NA|PP755591.1|A/cattle/Texas/24-008749-003/2024(H5N1)	410	1560
NA|PP755591.1|A/cattle/Texas/24-008749-003/2024(H5N1)	411	1556
NA|PP755591.1|A/cattle/Texas/24-008749-003/2024(H5N1)	412	1706
NA|PP755591.1|A/cattle/Texas/24-008749-003/2024(H5N1)	413	1715
NA|PP755591.1|A/cattle/Texas/24-008749-003/2024(H5N1)	414	1716
NA|PP755591.1|A/cattle/Texas/24-008749-003/2024(H5N1)	415	1829
NA|PP755591.1|A/cattle/Texas/24-008749-003/2024(H5N1)	416	1856
NA|PP755591.1|A/cattle/Texas/24-008749-003/2024(H5N1)	417	2408
NA|PP755591.1|A/cattle/Texas/24-008749-003/2024(H5N1)	418	2695
NA|PP755591.1|A/cattle/Texas/24-008749-003/2024(H5N1)	419	4083
NA|PP755591.1|A/cattle/Texas/24-008749-003/2024(H5N1)	420	4093
NA|PP755591.1|A/cattle/Texas/24-008749-003/2024(H5N1)	421	4107
NA|PP755591.1|A/cattle/Texas/24-008749-003/2024(H5N1)	422	4190
NA|PP755591.1|A/cattle/Texas/24-008749-003/2024(H5N1)	423	4212
NA|PP755591.1|A/cattle/Texas/24-008749-003/2024(H5N1)	424	4240
NA|PP755591.1|A/cattle/Texas/24-008749-003/2024(H5N1)	425	4240
NA|PP755591.1|A/cattle/Texas/24-008749-003/2024(H5N1)	426	4240
NA|PP755591.1|A/cattle/Texas/24-008749-003/2024(H5N1)	427	4258
NA|PP755591.1|A/cattle/Texas/24-008749-003/2024(H5N1)	428	4258
NA|PP755591.1|A/cattle/Texas/24-008749-003/2024(H5N1)	429	4365
NA|PP755591.1|A/cattle/Texas/24-008749-003/2024(H5N1)	430	4475
NA|PP755591.1|A/cattle/Texas/24-008749-003/2024(H5N1)	431	4490
NA|PP755591.1|A/cattle/Texas/24-008749-003/2024(H5N1)	432	4611
NA|PP755591.1|A/cattle/Texas/24-008749-003/2024(H5N1)	433	4701
NA|PP755591.1|A/cattle/Texas/24-008749-003/2024(H5N1)	434	4742
NA|PP755591.1|A/cattle/Texas/24-008749-003/2024(H5N1)	435	4759
NA|PP755591.1|A/cattle/Texas/24-008749-003/2024(H5N1)	436	4778
NA|PP755591.1|A/cattle/Texas/24-008749-003/2024(H5N1)	437	4871
NA|PP755591.1|A/cattle/Texas/24-008749-003/2024(H5N1)	438	4876
NA|PP755591.1|A/cattle/Texas/24-008749-003/2024(H5N1)	439	4876
NA|PP755591.1|A/cattle/Texas/24-008749-003/2024(H5N1)	440	4876
NA|PP755591.1|A/cattle/Texas/24-008749-003/2024(H5N1)	441	4869
NA|PP755591.1|A/cattle/Texas/24-008749-003/2024(H5N1)	442	4957
NA|PP755591.1|A/cattle/Texas/24-008749-003/2024(H5N1)	443	5074
NA|PP755591.1|A/cattle/Texas/24-008749-003/2024(H5N1)	444	5074
NA|PP755591.1|A/cattle/Texas/24-008749-003/2024(H5N1)	445	5878
NA|PP755591.1|A/cattle/Texas/24-008749-003/2024(H5N1)	446	5879
NA|PP755591.1|A/cattle/Texas/24-008749-003/2024(H5N1)	447	6052
NA|PP755591.1|A/cattle/Texas/24-008749-003/2024(H5N1)	448	6066
NA|PP755591.1|A/cattle/Texas/24-008749-003/2024(H5N1)	449	6066
NA|PP755591.1|A/cattle/Texas/24-008749-003/2024(H5N1)	450	6065
NA|PP755591.1|A/cattle/Texas/24-008749-003/2024(H5N1)	451	6096
NA|PP755591.1|A/cattle/Texas/24-008749-003/2024(H5N1)	452	6128
NA|PP755591.1|A/cattle/Texas/24-008749-003/2024(H5N1)	453	6170
NA|PP755591.1|A/cattle/Texas/24-008749-003/2024(H5N1)	454	6317
NA|PP755591.1|A/cattle/Texas/24-008749-003/2024(H5N1)	455	6339
NA|PP755591.1|A/cattle/Texas/24-008749-003/2024(H5N1)	456	6814
NA|PP755591.1|A/cattle/Texas/24-008749-003/2024(H5N1)	457	6832
NA|PP755591.1|A/cattle/Texas/24-008749-003/2024(H5N1)	458	6845
NA|PP755591.1|A/cattle/Texas/24-008749-003/2024(H5N1)	459	7585
NA|PP755591.1|A/cattle/Texas/24-008749-003/2024(H5N1)	460	7604
NA|PP755591.1|A/cattle/Texas/24-008749-003/2024(H5N1)	461	7693
NA|PP755591.1|A/cattle/Texas/24-008749-003/2024(H5N1)	462	7767
NA|PP755591.1|A/cattle/Texas/24-008749-003/2024(H5N1)	463	7797
NA|PP755591.1|A/cattle/Texas/24-008749-003/2024(H5N1)	464	7948
NA|PP755591.1|A/cattle/Texas/24-008749-003/2024(H5N1)	465	7826
NA|PP755591.1|A/cattle/Texas/24-008749-003/2024(H5N1)	466	7819
NA|PP755591.1|A/cattle/Texas/24-008749-003/2024(H5N1)	467	7817
NA|PP755591.1|A/cattle/Texas/24-008749-003/2024(H5N1)	468	7797
NA|PP755591.1|A/cattle/Texas/24-008749-003/2024(H5N1)	469	7778
NA|PP755591.1|A/cattle/Texas/24-008749-003/2024(H5N1)	470	7686
NA|PP755591.1|A/cattle/Texas/24-008749-003/2024(H5N1)	471	6883
NA|PP755591.1|A/cattle/Texas/24-008749-003/2024(H5N1)	472	6885
NA|PP755591.1|A/cattle/Texas/24-008749-003/2024(H5N1)	473	6891
NA|PP755591.1|A/cattle/Texas/24-008749-003/2024(H5N1)	474	6903
NA|PP755591.1|A/cattle/Texas/24-008749-003/2024(H5N1)	475	6905
NA|PP755591.1|A/cattle/Texas/24-008749-003/2024(H5N1)	476	6907
NA|PP755591.1|A/cattle/Texas/24-008749-003/2024(H5N1)	477	6906
NA|PP755591.1|A/cattle/Texas/24-008749-003/2024(H5N1)	478	6906
NA|PP755591.1|A/cattle/Texas/24-008749-003/2024(H5N1)	479	6906
NA|PP755591.1|A/cattle/Texas/24-008749-003/2024(H5N1)	480	6906
NA|PP755591.1|A/cattle/Texas/24-008749-003/2024(H5N1)	481	6906
NA|PP755591.1|A/cattle/Texas/24-008749-003/2024(H5N1)	482	6911
NA|PP755591.1|A/cattle/Texas/24-008749-003/2024(H5N1)	483	6908
NA|PP755591.1|A/cattle/Texas/24-008749-003/2024(H5N1)	484	6929
NA|PP755591.1|A/cattle/Texas/24-008749-003/2024(H5N1)	485	6929
NA|PP755591.1|A/cattle/Texas/24-008749-003/2024(H5N1)	486	6929
NA|PP755591.1|A/cattle/Texas/24-008749-003/2024(H5N1)	487	7041
NA|PP755591.1|A/cattle/Texas/24-008749-003/2024(H5N1)	488	7225
NA|PP755591.1|A/cattle/Texas/24-008749-003/2024(H5N1)	489	7235
NA|PP755591.1|A/cattle/Texas/24-008749-003/2024(H5N1)	490	9183
NA|PP755591.1|A/cattle/Texas/24-008749-003/2024(H5N1)	491	9322
NA|PP755591.1|A/cattle/Texas/24-008749-003/2024(H5N1)	492	9361
NA|PP755591.1|A/cattle/Texas/24-008749-003/2024(H5N1)	493	9463
NA|PP755591.1|A/cattle/Texas/24-008749-003/2024(H5N1)	494	9535
NA|PP755591.1|A/cattle/Texas/24-008749-003/2024(H5N1)	495	9567
NA|PP755591.1|A/cattle/Texas/24-008749-003/2024(H5N1)	496	9792
NA|PP755591.1|A/cattle/Texas/24-008749-003/2024(H5N1)	497	9970
NA|PP755591.1|A/cattle/Texas/24-008749-003/2024(H5N1)	498	9998
NA|PP755591.1|A/cattle/Texas/24-008749-003/2024(H5N1)	499	10144
NA|PP755591.1|A/cattle/Texas/24-008749-003/2024(H5N1)	500	10150
NA|PP755591.1|A/cattle/Texas/24-008749-003/2024(H5N1)	501	10212
NA|PP755591.1|A/cattle/Texas/24-008749-003/2024(H5N1)	502	10572
NA|PP755591.1|A/cattle/Texas/24-008749-003/2024(H5N1)	503	10572
NA|PP755591.1|A/cattle/Texas/24-008749-003/2024(H5N1)	504	10572
NA|PP755591.1|A/cattle/Texas/24-008749-003/2024(H5N1)	505	10863
NA|PP755591.1|A/cattle/Texas/24-008749-003/2024(H5N1)	506	10867
NA|PP755591.1|A/cattle/Texas/24-008749-003/2024(H5N1)	507	10991
NA|PP755591.1|A/cattle/Texas/24-008749-003/2024(H5N1)	508	11444
NA|PP755591.1|A/cattle/Texas/24-008749-003/2024(H5N1)	509	11587
NA|PP755591.1|A/cattle/Texas/24-008749-003/2024(H5N1)	510	11627
NA|PP755591.1|A/cattle/Texas/24-008749-003/2024(H5N1)	511	11636
NA|PP755591.1|A/cattle/Texas/24-008749-003/2024(H5N1)	512	11806
NA|PP755591.1|A/cattle/Texas/24-008749-003/2024(H5N1)	513	11812
NA|PP755591.1|A/cattle/Texas/24-008749-003/2024(H5N1)	514	11817
NA|PP755591.1|A/cattle/Texas/24-008749-003/2024(H5N1)	515	11819
NA|PP755591.1|A/cattle/Texas/24-008749-003/2024(H5N1)	516	11819
NA|PP755591.1|A/cattle/Texas/24-008749-003/2024(H5N1)	517	11870
NA|PP755591.1|A/cattle/Texas/24-008749-003/2024(H5N1)	518	11905
NA|PP755591.1|A/cattle/Texas/24-008749-003/2024(H5N1)	519	12064
NA|PP755591.1|A/cattle/Texas/24-008749-003/2024(H5N1)	520	12435
NA|PP755591.1|A/cattle/Texas/24-008749-003/2024(H5N1)	521	12438
NA|PP755591.1|A/cattle/Texas/24-008749-003/2024(H5N1)	522	12481
NA|PP755591.1|A/cattle/Texas/24-008749-003/2024(H5N1)	523	12489
NA|PP755591.1|A/cattle/Texas/24-008749-003/2024(H5N1)	524	12538
NA|PP755591.1|A/cattle/Texas/24-008749-003/2024(H5N1)	525	12585
NA|PP755591.1|A/cattle/Texas/24-008749-003/2024(H5N1)	526	12683
NA|PP755591.1|A/cattle/Texas/24-008749-003/2024(H5N1)	527	12441
NA|PP755591.1|A/cattle/Texas/24-008749-003/2024(H5N1)	528	12437
NA|PP755591.1|A/cattle/Texas/24-008749-003/2024(H5N1)	529	12508
NA|PP755591.1|A/cattle/Texas/24-008749-003/2024(H5N1)	530	12519
NA|PP755591.1|A/cattle/Texas/24-008749-003/2024(H5N1)	531	12590
NA|PP755591.1|A/cattle/Texas/24-008749-003/2024(H5N1)	532	12608
NA|PP755591.1|A/cattle/Texas/24-008749-003/2024(H5N1)	533	12810
NA|PP755591.1|A/cattle/Texas/24-008749-003/2024(H5N1)	534	12976
NA|PP755591.1|A/cattle/Texas/24-008749-003/2024(H5N1)	535	12988
NA|PP755591.1|A/cattle/Texas/24-008749-003/2024(H5N1)	536	12993
NA|PP755591.1|A/cattle/Texas/24-008749-003/2024(H5N1)	537	13246
NA|PP755591.1|A/cattle/Texas/24-008749-003/2024(H5N1)	538	13260
NA|PP755591.1|A/cattle/Texas/24-008749-003/2024(H5N1)	539	13301
NA|PP755591.1|A/cattle/Texas/24-008749-003/2024(H5N1)	540	13238
NA|PP755591.1|A/cattle/Texas/24-008749-003/2024(H5N1)	541	13364
NA|PP755591.1|A/cattle/Texas/24-008749-003/2024(H5N1)	542	13857
NA|PP755591.1|A/cattle/Texas/24-008749-003/2024(H5N1)	543	13857
NA|PP755591.1|A/cattle/Texas/24-008749-003/2024(H5N1)	544	13857
NA|PP755591.1|A/cattle/Texas/24-008749-003/2024(H5N1)	545	14035
NA|PP755591.1|A/cattle/Texas/24-008749-003/2024(H5N1)	546	13925
NA|PP755591.1|A/cattle/Texas/24-008749-003/2024(H5N1)	547	13928
NA|PP755591.1|A/cattle/Texas/24-008749-003/2024(H5N1)	548	13853
NA|PP755591.1|A/cattle/Texas/24-008749-003/2024(H5N1)	549	13771
NA|PP755591.1|A/cattle/Texas/24-008749-003/2024(H5N1)	550	13692
NA|PP755591.1|A/cattle/Texas/24-008749-003/2024(H5N1)	551	13693
NA|PP755591.1|A/cattle/Texas/24-008749-003/2024(H5N1)	552	13741
NA|PP755591.1|A/cattle/Texas/24-008749-003/2024(H5N1)	553	13680
NA|PP755591.1|A/cattle/Texas/24-008749-003/2024(H5N1)	554	13478
NA|PP755591.1|A/cattle/Texas/24-008749-003/2024(H5N1)	555	13362
NA|PP755591.1|A/cattle/Texas/24-008749-003/2024(H5N1)	556	13345
NA|PP755591.1|A/cattle/Texas/24-008749-003/2024(H5N1)	557	13539
NA|PP755591.1|A/cattle/Texas/24-008749-003/2024(H5N1)	558	13547
NA|PP755591.1|A/cattle/Texas/24-008749-003/2024(H5N1)	559	13520
NA|PP755591.1|A/cattle/Texas/24-008749-003/2024(H5N1)	560	13464
NA|PP755591.1|A/cattle/Texas/24-008749-003/2024(H5N1)	561	13397
NA|PP755591.1|A/cattle/Texas/24-008749-003/2024(H5N1)	562	13386
NA|PP755591.1|A/cattle/Texas/24-008749-003/2024(H5N1)	563	13250
NA|PP755591.1|A/cattle/Texas/24-008749-003/2024(H5N1)	564	13228
NA|PP755591.1|A/cattle/Texas/24-008749-003/2024(H5N1)	565	13301
NA|PP755591.1|A/cattle/Texas/24-008749-003/2024(H5N1)	566	13205
NA|PP755591.1|A/cattle/Texas/24-008749-003/2024(H5N1)	567	13295
NA|PP755591.1|A/cattle/Texas/24-008749-003/2024(H5N1)	568	12505
NA|PP755591.1|A/cattle/Texas/24-008749-003/2024(H5N1)	569	12404
NA|PP755591.1|A/cattle/Texas/24-008749-003/2024(H5N1)	570	12400
NA|PP755591.1|A/cattle/Texas/24-008749-003/2024(H5N1)	571	12466
NA|PP755591.1|A/cattle/Texas/24-008749-003/2024(H5N1)	572	12463
NA|PP755591.1|A/cattle/Texas/24-008749-003/2024(H5N1)	573	12383
NA|PP755591.1|A/cattle/Texas/24-008749-003/2024(H5N1)	574	12385
NA|PP755591.1|A/cattle/Texas/24-008749-003/2024(H5N1)	575	12361
NA|PP755591.1|A/cattle/Texas/24-008749-003/2024(H5N1)	576	12343
NA|PP755591.1|A/cattle/Texas/24-008749-003/2024(H5N1)	577	12337
NA|PP755591.1|A/cattle/Texas/24-008749-003/2024(H5N1)	578	12314
NA|PP755591.1|A/cattle/Texas/24-008749-003/2024(H5N1)	579	12240
NA|PP755591.1|A/cattle/Texas/24-008749-003/2024(H5N1)	580	12343
NA|PP755591.1|A/cattle/Texas/24-008749-003/2024(H5N1)	581	12353
NA|PP755591.1|A/cattle/Texas/24-008749-003/2024(H5N1)	582	12351
NA|PP755591.1|A/cattle/Texas/24-008749-003/2024(H5N1)	583	12261
NA|PP755591.1|A/cattle/Texas/24-008749-003/2024(H5N1)	584	12205
NA|PP755591.1|A/cattle/Texas/24-008749-003/2024(H5N1)	585	12182
NA|PP755591.1|A/cattle/Texas/24-008749-003/2024(H5N1)	586	12461
NA|PP755591.1|A/cattle/Texas/24-008749-003/2024(H5N1)	587	12431
NA|PP755591.1|A/cattle/Texas/24-008749-003/2024(H5N1)	588	12319
NA|PP755591.1|A/cattle/Texas/24-008749-003/2024(H5N1)	589	12312
NA|PP755591.1|A/cattle/Texas/24-008749-003/2024(H5N1)	590	12306
NA|PP755591.1|A/cattle/Texas/24-008749-003/2024(H5N1)	591	12272
NA|PP755591.1|A/cattle/Texas/24-008749-003/2024(H5N1)	592	12371
NA|PP755591.1|A/cattle/Texas/24-008749-003/2024(H5N1)	593	12198
NA|PP755591.1|A/cattle/Texas/24-008749-003/2024(H5N1)	594	12163
NA|PP755591.1|A/cattle/Texas/24-008749-003/2024(H5N1)	595	12209
NA|PP755591.1|A/cattle/Texas/24-008749-003/2024(H5N1)	596	11761
NA|PP755591.1|A/cattle/Texas/24-008749-003/2024(H5N1)	597	11760
NA|PP755591.1|A/cattle/Texas/24-008749-003/2024(H5N1)	598	11526
NA|PP755591.1|A/cattle/Texas/24-008749-003/2024(H5N1)	599	11509
NA|PP755591.1|A/cattle/Texas/24-008749-003/2024(H5N1)	600	11502
NA|PP755591.1|A/cattle/Texas/24-008749-003/2024(H5N1)	601	11445
NA|PP755591.1|A/cattle/Texas/24-008749-003/2024(H5N1)	602	11415
NA|PP755591.1|A/cattle/Texas/24-008749-003/2024(H5N1)	603	11137
NA|PP755591.1|A/cattle/Texas/24-008749-003/2024(H5N1)	604	11047
NA|PP755591.1|A/cattle/Texas/24-008749-003/2024(H5N1)	605	10920
NA|PP755591.1|A/cattle/Texas/24-008749-003/2024(H5N1)	606	10571
NA|PP755591.1|A/cattle/Texas/24-008749-003/2024(H5N1)	607	11301
NA|PP755591.1|A/cattle/Texas/24-008749-003/2024(H5N1)	608	11312
NA|PP755591.1|A/cattle/Texas/24-008749-003/2024(H5N1)	609	11308
NA|PP755591.1|A/cattle/Texas/24-008749-003/2024(H5N1)	610	10817
NA|PP755591.1|A/cattle/Texas/24-008749-003/2024(H5N1)	611	10574
NA|PP755591.1|A/cattle/Texas/24-008749-003/2024(H5N1)	612	10455
NA|PP755591.1|A/cattle/Texas/24-008749-003/2024(H5N1)	613	10529
NA|PP755591.1|A/cattle/Texas/24-008749-003/2024(H5N1)	614	10542
NA|PP755591.1|A/cattle/Texas/24-008749-003/2024(H5N1)	615	10567
NA|PP755591.1|A/cattle/Texas/24-008749-003/2024(H5N1)	616	10583
NA|PP755591.1|A/cattle/Texas/24-008749-003/2024(H5N1)	617	10551
NA|PP755591.1|A/cattle/Texas/24-008749-003/2024(H5N1)	618	10515
NA|PP755591.1|A/cattle/Texas/24-008749-003/2024(H5N1)	619	10463
NA|PP755591.1|A/cattle/Texas/24-008749-003/2024(H5N1)	620	10200
NA|PP755591.1|A/cattle/Texas/24-008749-003/2024(H5N1)	621	10182
NA|PP755591.1|A/cattle/Texas/24-008749-003/2024(H5N1)	622	10024
NA|PP755591.1|A/cattle/Texas/24-008749-003/2024(H5N1)	623	9788
NA|PP755591.1|A/cattle/Texas/24-008749-003/2024(H5N1)	624	9794
NA|PP755591.1|A/cattle/Texas/24-008749-003/2024(H5N1)	625	9665
NA|PP755591.1|A/cattle/Texas/24-008749-003/2024(H5N1)	626	9671
NA|PP755591.1|A/cattle/Texas/24-008749-003/2024(H5N1)	627	9561
NA|PP755591.1|A/cattle/Texas/24-008749-003/2024(H5N1)	628	9448
NA|PP755591.1|A/cattle/Texas/24-008749-003/2024(H5N1)	629	9510
NA|PP755591.1|A/cattle/Texas/24-008749-003/2024(H5N1)	630	9463
NA|PP755591.1|A/cattle/Texas/24-008749-003/2024(H5N1)	631	9459
NA|PP755591.1|A/cattle/Texas/24-008749-003/2024(H5N1)	632	9505
NA|PP755591.1|A/cattle/Texas/24-008749-003/2024(H5N1)	633	9273
NA|PP755591.1|A/cattle/Texas/24-008749-003/2024(H5N1)	634	9277
NA|PP755591.1|A/cattle/Texas/24-008749-003/2024(H5N1)	635	9268
NA|PP755591.1|A/cattle/Texas/24-008749-003/2024(H5N1)	636	9155
NA|PP755591.1|A/cattle/Texas/24-008749-003/2024(H5N1)	637	9099
NA|PP755591.1|A/cattle/Texas/24-008749-003/2024(H5N1)	638	8956
NA|PP755591.1|A/cattle/Texas/24-008749-003/2024(H5N1)	639	8756
NA|PP755591.1|A/cattle/Texas/24-008749-003/2024(H5N1)	640	8846
NA|PP755591.1|A/cattle/Texas/24-008749-003/2024(H5N1)	641	8754
NA|PP755591.1|A/cattle/Texas/24-008749-003/2024(H5N1)	642	8720
NA|PP755591.1|A/cattle/Texas/24-008749-003/2024(H5N1)	643	8714
NA|PP755591.1|A/cattle/Texas/24-008749-003/2024(H5N1)	644	8570
NA|PP755591.1|A/cattle/Texas/24-008749-003/2024(H5N1)	645	8495
NA|PP755591.1|A/cattle/Texas/24-008749-003/2024(H5N1)	646	8480
NA|PP755591.1|A/cattle/Texas/24-008749-003/2024(H5N1)	647	8338
NA|PP755591.1|A/cattle/Texas/24-008749-003/2024(H5N1)	648	8224
NA|PP755591.1|A/cattle/Texas/24-008749-003/2024(H5N1)	649	8562
NA|PP755591.1|A/cattle/Texas/24-008749-003/2024(H5N1)	650	8424
NA|PP755591.1|A/cattle/Texas/24-008749-003/2024(H5N1)	651	8499
NA|PP755591.1|A/cattle/Texas/24-008749-003/2024(H5N1)	652	8422
NA|PP755591.1|A/cattle/Texas/24-008749-003/2024(H5N1)	653	8117
NA|PP755591.1|A/cattle/Texas/24-008749-003/2024(H5N1)	654	7817
NA|PP755591.1|A/cattle/Texas/24-008749-003/2024(H5N1)	655	7696
NA|PP755591.1|A/cattle/Texas/24-008749-003/2024(H5N1)	656	7444
NA|PP755591.1|A/cattle/Texas/24-008749-003/2024(H5N1)	657	7431
NA|PP755591.1|A/cattle/Texas/24-008749-003/2024(H5N1)	658	7322
NA|PP755591.1|A/cattle/Texas/24-008749-003/2024(H5N1)	659	7316
NA|PP755591.1|A/cattle/Texas/24-008749-003/2024(H5N1)	660	7157
NA|PP755591.1|A/cattle/Texas/24-008749-003/2024(H5N1)	661	7123
NA|PP755591.1|A/cattle/Texas/24-008749-003/2024(H5N1)	662	6541
NA|PP755591.1|A/cattle/Texas/24-008749-003/2024(H5N1)	663	6404
NA|PP755591.1|A/cattle/Texas/24-008749-003/2024(H5N1)	664	6397
NA|PP755591.1|A/cattle/Texas/24-008749-003/2024(H5N1)	665	6394
NA|PP755591.1|A/cattle/Texas/24-008749-003/2024(H5N1)	666	6393
NA|PP755591.1|A/cattle/Texas/24-008749-003/2024(H5N1)	667	6393
NA|PP755591.1|A/cattle/Texas/24-008749-003/2024(H5N1)	668	6344
NA|PP755591.1|A/cattle/Texas/24-008749-003/2024(H5N1)	669	6270
NA|PP755591.1|A/cattle/Texas/24-008749-003/2024(H5N1)	670	7006
NA|PP755591.1|A/cattle/Texas/24-008749-003/2024(H5N1)	671	7008
NA|PP755591.1|A/cattle/Texas/24-008749-003/2024(H5N1)	672	7017
NA|PP755591.1|A/cattle/Texas/24-008749-003/2024(H5N1)	673	6987
NA|PP755591.1|A/cattle/Texas/24-008749-003/2024(H5N1)	674	6978
NA|PP755591.1|A/cattle/Texas/24-008749-003/2024(H5N1)	675	6914
NA|PP755591.1|A/cattle/Texas/24-008749-003/2024(H5N1)	676	6782
NA|PP755591.1|A/cattle/Texas/24-008749-003/2024(H5N1)	677	6752
NA|PP755591.1|A/cattle/Texas/24-008749-003/2024(H5N1)	678	6602
NA|PP755591.1|A/cattle/Texas/24-008749-003/2024(H5N1)	679	6920
NA|PP755591.1|A/cattle/Texas/24-008749-003/2024(H5N1)	680	6917
NA|PP755591.1|A/cattle/Texas/24-008749-003/2024(H5N1)	681	6909
NA|PP755591.1|A/cattle/Texas/24-008749-003/2024(H5N1)	682	6859
NA|PP755591.1|A/cattle/Texas/24-008749-003/2024(H5N1)	683	6572
NA|PP755591.1|A/cattle/Texas/24-008749-003/2024(H5N1)	684	6556
NA|PP755591.1|A/cattle/Texas/24-008749-003/2024(H5N1)	685	6936
NA|PP755591.1|A/cattle/Texas/24-008749-003/2024(H5N1)	686	6742
NA|PP755591.1|A/cattle/Texas/24-008749-003/2024(H5N1)	687	6722
NA|PP755591.1|A/cattle/Texas/24-008749-003/2024(H5N1)	688	6706
NA|PP755591.1|A/cattle/Texas/24-008749-003/2024(H5N1)	689	6704
NA|PP755591.1|A/cattle/Texas/24-008749-003/2024(H5N1)	690	6657
NA|PP755591.1|A/cattle/Texas/24-008749-003/2024(H5N1)	691	6560
NA|PP755591.1|A/cattle/Texas/24-008749-003/2024(H5N1)	692	6384
NA|PP755591.1|A/cattle/Texas/24-008749-003/2024(H5N1)	693	5999
NA|PP755591.1|A/cattle/Texas/24-008749-003/2024(H5N1)	694	5999
NA|PP755591.1|A/cattle/Texas/24-008749-003/2024(H5N1)	695	5843
NA|PP755591.1|A/cattle/Texas/24-008749-003/2024(H5N1)	696	4607
NA|PP755591.1|A/cattle/Texas/24-008749-003/2024(H5N1)	697	4606
NA|PP755591.1|A/cattle/Texas/24-008749-003/2024(H5N1)	698	4605
NA|PP755591.1|A/cattle/Texas/24-008749-003/2024(H5N1)	699	4605
NA|PP755591.1|A/cattle/Texas/24-008749-003/2024(H5N1)	700	4604
NA|PP755591.1|A/cattle/Texas/24-008749-003/2024(H5N1)	701	4604
NA|PP755591.1|A/cattle/Texas/24-008749-003/2024(H5N1)	702	4603
NA|PP755591.1|A/cattle/Texas/24-008749-003/2024(H5N1)	703	4754
NA|PP755591.1|A/cattle/Texas/24-008749-003/2024(H5N1)	704	4767
NA|PP755591.1|A/cattle/Texas/24-008749-003/2024(H5N1)	705	4804
NA|PP755591.1|A/cattle/Texas/24-008749-003/2024(H5N1)	706	4869
NA|PP755591.1|A/cattle/Texas/24-008749-003/2024(H5N1)	707	4872
NA|PP755591.1|A/cattle/Texas/24-008749-003/2024(H5N1)	708	4870
NA|PP755591.1|A/cattle/Texas/24-008749-003/2024(H5N1)	709	4911
NA|PP755591.1|A/cattle/Texas/24-008749-003/2024(H5N1)	710	4913
NA|PP755591.1|A/cattle/Texas/24-008749-003/2024(H5N1)	711	4914
NA|PP755591.1|A/cattle/Texas/24-008749-003/2024(H5N1)	712	4971
NA|PP755591.1|A/cattle/Texas/24-008749-003/2024(H5N1)	713	5020
NA|PP755591.1|A/cattle/Texas/24-008749-003/2024(H5N1)	714	5065
NA|PP755591.1|A/cattle/Texas/24-008749-003/2024(H5N1)	715	5079
NA|PP755591.1|A/cattle/Texas/24-008749-003/2024(H5N1)	716	5103
NA|PP755591.1|A/cattle/Texas/24-008749-003/2024(H5N1)	717	5103
NA|PP755591.1|A/cattle/Texas/24-008749-003/2024(H5N1)	718	5245
NA|PP755591.1|A/cattle/Texas/24-008749-003/2024(H5N1)	719	5626
NA|PP755591.1|A/cattle/Texas/24-008749-003/2024(H5N1)	720	5648
NA|PP755591.1|A/cattle/Texas/24-008749-003/2024(H5N1)	721	5710
NA|PP755591.1|A/cattle/Texas/24-008749-003/2024(H5N1)	722	6775
NA|PP755591.1|A/cattle/Texas/24-008749-003/2024(H5N1)	723	6850
NA|PP755591.1|A/cattle/Texas/24-008749-003/2024(H5N1)	724	6866
NA|PP755591.1|A/cattle/Texas/24-008749-003/2024(H5N1)	725	6898
NA|PP755591.1|A/cattle/Texas/24-008749-003/2024(H5N1)	726	6929
NA|PP755591.1|A/cattle/Texas/24-008749-003/2024(H5N1)	727	7016
NA|PP755591.1|A/cattle/Texas/24-008749-003/2024(H5N1)	728	7591
NA|PP755591.1|A/cattle/Texas/24-008749-003/2024(H5N1)	729	7594
NA|PP755591.1|A/cattle/Texas/24-008749-003/2024(H5N1)	730	7612
NA|PP755591.1|A/cattle/Texas/24-008749-003/2024(H5N1)	731	7842
NA|PP755591.1|A/cattle/Texas/24-008749-003/2024(H5N1)	732	7835
NA|PP755591.1|A/cattle/Texas/24-008749-003/2024(H5N1)	733	7874
NA|PP755591.1|A/cattle/Texas/24-008749-003/2024(H5N1)	734	7878
NA|PP755591.1|A/cattle/Texas/24-008749-003/2024(H5N1)	735	7934
NA|PP755591.1|A/cattle/Texas/24-008749-003/2024(H5N1)	736	8041
NA|PP755591.1|A/cattle/Texas/24-008749-003/2024(H5N1)	737	7741
NA|PP755591.1|A/cattle/Texas/24-008749-003/2024(H5N1)	738	6825
NA|PP755591.1|A/cattle/Texas/24-008749-003/2024(H5N1)	739	6937
NA|PP755591.1|A/cattle/Texas/24-008749-003/2024(H5N1)	740	7385
NA|PP755591.1|A/cattle/Texas/24-008749-003/2024(H5N1)	741	7497
NA|PP755591.1|A/cattle/Texas/24-008749-003/2024(H5N1)	742	7753
NA|PP755591.1|A/cattle/Texas/24-008749-003/2024(H5N1)	743	7766
NA|PP755591.1|A/cattle/Texas/24-008749-003/2024(H5N1)	744	7782
NA|PP755591.1|A/cattle/Texas/24-008749-003/2024(H5N1)	745	8147
NA|PP755591.1|A/cattle/Texas/24-008749-003/2024(H5N1)	746	8189
NA|PP755591.1|A/cattle/Texas/24-008749-003/2024(H5N1)	747	8236
NA|PP755591.1|A/cattle/Texas/24-008749-003/2024(H5N1)	748	8253
NA|PP755591.1|A/cattle/Texas/24-008749-003/2024(H5N1)	749	8252
NA|PP755591.1|A/cattle/Texas/24-008749-003/2024(H5N1)	750	8269
NA|PP755591.1|A/cattle/Texas/24-008749-003/2024(H5N1)	751	8806
NA|PP755591.1|A/cattle/Texas/24-008749-003/2024(H5N1)	752	8936
NA|PP755591.1|A/cattle/Texas/24-008749-003/2024(H5N1)	753	8938
NA|PP755591.1|A/cattle/Texas/24-008749-003/2024(H5N1)	754	8742
NA|PP755591.1|A/cattle/Texas/24-008749-003/2024(H5N1)	755	8701
NA|PP755591.1|A/cattle/Texas/24-008749-003/2024(H5N1)	756	8693
NA|PP755591.1|A/cattle/Texas/24-008749-003/2024(H5N1)	757	8686
NA|PP755591.1|A/cattle/Texas/24-008749-003/2024(H5N1)	758	8678
NA|PP755591.1|A/cattle/Texas/24-008749-003/2024(H5N1)	759	8500
NA|PP755591.1|A/cattle/Texas/24-008749-003/2024(H5N1)	760	8500
NA|PP755591.1|A/cattle/Texas/24-008749-003/2024(H5N1)	761	8500
NA|PP755591.1|A/cattle/Texas/24-008749-003/2024(H5N1)	762	8500
NA|PP755591.1|A/cattle/Texas/24-008749-003/2024(H5N1)	763	8500
NA|PP755591.1|A/cattle/Texas/24-008749-003/2024(H5N1)	764	8498
NA|PP755591.1|A/cattle/Texas/24-008749-003/2024(H5N1)	765	6662
NA|PP755591.1|A/cattle/Texas/24-008749-003/2024(H5N1)	766	6662
NA|PP755591.1|A/cattle/Texas/24-008749-003/2024(H5N1)	767	6662
NA|PP755591.1|A/cattle/Texas/24-008749-003/2024(H5N1)	768	6662
NA|PP755591.1|A/cattle/Texas/24-008749-003/2024(H5N1)	769	6662
NA|PP755591.1|A/cattle/Texas/24-008749-003/2024(H5N1)	770	6662
NA|PP755591.1|A/cattle/Texas/24-008749-003/2024(H5N1)	771	6663
NA|PP755591.1|A/cattle/Texas/24-008749-003/2024(H5N1)	772	6720
NA|PP755591.1|A/cattle/Texas/24-008749-003/2024(H5N1)	773	6723
NA|PP755591.1|A/cattle/Texas/24-008749-003/2024(H5N1)	774	6735
NA|PP755591.1|A/cattle/Texas/24-008749-003/2024(H5N1)	775	6733
NA|PP755591.1|A/cattle/Texas/24-008749-003/2024(H5N1)	776	6735
NA|PP755591.1|A/cattle/Texas/24-008749-003/2024(H5N1)	777	1730
NA|PP755591.1|A/cattle/Texas/24-008749-003/2024(H5N1)	778	6756
NA|PP755591.1|A/cattle/Texas/24-008749-003/2024(H5N1)	779	6801
NA|PP755591.1|A/cattle/Texas/24-008749-003/2024(H5N1)	780	6834
NA|PP755591.1|A/cattle/Texas/24-008749-003/2024(H5N1)	781	6978
NA|PP755591.1|A/cattle/Texas/24-008749-003/2024(H5N1)	782	6982
NA|PP755591.1|A/cattle/Texas/24-008749-003/2024(H5N1)	783	6982
NA|PP755591.1|A/cattle/Texas/24-008749-003/2024(H5N1)	784	7018
NA|PP755591.1|A/cattle/Texas/24-008749-003/2024(H5N1)	785	7018
NA|PP755591.1|A/cattle/Texas/24-008749-003/2024(H5N1)	786	7017
NA|PP755591.1|A/cattle/Texas/24-008749-003/2024(H5N1)	787	7119
NA|PP755591.1|A/cattle/Texas/24-008749-003/2024(H5N1)	788	7123
NA|PP755591.1|A/cattle/Texas/24-008749-003/2024(H5N1)	789	7214
NA|PP755591.1|A/cattle/Texas/24-008749-003/2024(H5N1)	790	8172
NA|PP755591.1|A/cattle/Texas/24-008749-003/2024(H5N1)	791	8274
NA|PP755591.1|A/cattle/Texas/24-008749-003/2024(H5N1)	792	8297
NA|PP755591.1|A/cattle/Texas/24-008749-003/2024(H5N1)	793	8437
NA|PP755591.1|A/cattle/Texas/24-008749-003/2024(H5N1)	794	8581
NA|PP755591.1|A/cattle/Texas/24-008749-003/2024(H5N1)	795	8583
NA|PP755591.1|A/cattle/Texas/24-008749-003/2024(H5N1)	796	8640
NA|PP755591.1|A/cattle/Texas/24-008749-003/2024(H5N1)	797	8714
NA|PP755591.1|A/cattle/Texas/24-008749-003/2024(H5N1)	798	8714
NA|PP755591.1|A/cattle/Texas/24-008749-003/2024(H5N1)	799	8838
NA|PP755591.1|A/cattle/Texas/24-008749-003/2024(H5N1)	800	8892
NA|PP755591.1|A/cattle/Texas/24-008749-003/2024(H5N1)	801	8892
NA|PP755591.1|A/cattle/Texas/24-008749-003/2024(H5N1)	802	8892
NA|PP755591.1|A/cattle/Texas/24-008749-003/2024(H5N1)	803	8892
NA|PP755591.1|A/cattle/Texas/24-008749-003/2024(H5N1)	804	8891
NA|PP755591.1|A/cattle/Texas/24-008749-003/2024(H5N1)	805	9153
NA|PP755591.1|A/cattle/Texas/24-008749-003/2024(H5N1)	806	9971
NA|PP755591.1|A/cattle/Texas/24-008749-003/2024(H5N1)	807	9998
NA|PP755591.1|A/cattle/Texas/24-008749-003/2024(H5N1)	808	10009
NA|PP755591.1|A/cattle/Texas/24-008749-003/2024(H5N1)	809	10049
NA|PP755591.1|A/cattle/Texas/24-008749-003/2024(H5N1)	810	10056
NA|PP755591.1|A/cattle/Texas/24-008749-003/2024(H5N1)	811	10080
NA|PP755591.1|A/cattle/Texas/24-008749-003/2024(H5N1)	812	10280
NA|PP755591.1|A/cattle/Texas/24-008749-003/2024(H5N1)	813	10288
NA|PP755591.1|A/cattle/Texas/24-008749-003/2024(H5N1)	814	10298
NA|PP755591.1|A/cattle/Texas/24-008749-003/2024(H5N1)	815	10429
NA|PP755591.1|A/cattle/Texas/24-008749-003/2024(H5N1)	816	10435
NA|PP755591.1|A/cattle/Texas/24-008749-003/2024(H5N1)	817	10734
NA|PP755591.1|A/cattle/Texas/24-008749-003/2024(H5N1)	818	10776
NA|PP755591.1|A/cattle/Texas/24-008749-003/2024(H5N1)	819	10818
NA|PP755591.1|A/cattle/Texas/24-008749-003/2024(H5N1)	820	10843
NA|PP755591.1|A/cattle/Texas/24-008749-003/2024(H5N1)	821	10801
NA|PP755591.1|A/cattle/Texas/24-008749-003/2024(H5N1)	822	10957
NA|PP755591.1|A/cattle/Texas/24-008749-003/2024(H5N1)	823	10971
NA|PP755591.1|A/cattle/Texas/24-008749-003/2024(H5N1)	824	11481
NA|PP755591.1|A/cattle/Texas/24-008749-003/2024(H5N1)	825	11480
NA|PP755591.1|A/cattle/Texas/24-008749-003/2024(H5N1)	826	11541
NA|PP755591.1|A/cattle/Texas/24-008749-003/2024(H5N1)	827	11570
NA|PP755591.1|A/cattle/Texas/24-008749-003/2024(H5N1)	828	11301
NA|PP755591.1|A/cattle/Texas/24-008749-003/2024(H5N1)	829	11379
NA|PP755591.1|A/cattle/Texas/24-008749-003/2024(H5N1)	830	11379
NA|PP755591.1|A/cattle/Texas/24-008749-003/2024(H5N1)	831	11432
NA|PP755591.1|A/cattle/Texas/24-008749-003/2024(H5N1)	832	11470
NA|PP755591.1|A/cattle/Texas/24-008749-003/2024(H5N1)	833	11551
NA|PP755591.1|A/cattle/Texas/24-008749-003/2024(H5N1)	834	11425
NA|PP755591.1|A/cattle/Texas/24-008749-003/2024(H5N1)	835	11468
NA|PP755591.1|A/cattle/Texas/24-008749-003/2024(H5N1)	836	11526
NA|PP755591.1|A/cattle/Texas/24-008749-003/2024(H5N1)	837	11526
NA|PP755591.1|A/cattle/Texas/24-008749-003/2024(H5N1)	838	11526
NA|PP755591.1|A/cattle/Texas/24-008749-003/2024(H5N1)	839	11526
NA|PP755591.1|A/cattle/Texas/24-008749-003/2024(H5N1)	840	11453
NA|PP755591.1|A/cattle/Texas/24-008749-003/2024(H5N1)	841	11443
NA|PP755591.1|A/cattle/Texas/24-008749-003/2024(H5N1)	842	11443
NA|PP755591.1|A/cattle/Texas/24-008749-003/2024(H5N1)	843	11390
NA|PP755591.1|A/cattle/Texas/24-008749-003/2024(H5N1)	844	11388
NA|PP755591.1|A/cattle/Texas/24-008749-003/2024(H5N1)	845	11364
NA|PP755591.1|A/cattle/Texas/24-008749-003/2024(H5N1)	846	11353
NA|PP755591.1|A/cattle/Texas/24-008749-003/2024(H5N1)	847	11350
NA|PP755591.1|A/cattle/Texas/24-008749-003/2024(H5N1)	848	11039
NA|PP755591.1|A/cattle/Texas/24-008749-003/2024(H5N1)	849	10950
NA|PP755591.1|A/cattle/Texas/24-008749-003/2024(H5N1)	850	10950
NA|PP755591.1|A/cattle/Texas/24-008749-003/2024(H5N1)	851	10935
NA|PP755591.1|A/cattle/Texas/24-008749-003/2024(H5N1)	852	10930
NA|PP755591.1|A/cattle/Texas/24-008749-003/2024(H5N1)	853	10925
NA|PP755591.1|A/cattle/Texas/24-008749-003/2024(H5N1)	854	10725
NA|PP755591.1|A/cattle/Texas/24-008749-003/2024(H5N1)	855	1859
NA|PP755591.1|A/cattle/Texas/24-008749-003/2024(H5N1)	856	1812
NA|PP755591.1|A/cattle/Texas/24-008749-003/2024(H5N1)	857	1812
NA|PP755591.1|A/cattle/Texas/24-008749-003/2024(H5N1)	858	1811
NA|PP755591.1|A/cattle/Texas/24-008749-003/2024(H5N1)	859	1811
NA|PP755591.1|A/cattle/Texas/24-008749-003/2024(H5N1)	860	1811
NA|PP755591.1|A/cattle/Texas/24-008749-003/2024(H5N1)	861	1811
NA|PP755591.1|A/cattle/Texas/24-008749-003/2024(H5N1)	862	1811
NA|PP755591.1|A/cattle/Texas/24-008749-003/2024(H5N1)	863	1812
NA|PP755591.1|A/cattle/Texas/24-008749-003/2024(H5N1)	864	1812
NA|PP755591.1|A/cattle/Texas/24-008749-003/2024(H5N1)	865	3386
NA|PP755591.1|A/cattle/Texas/24-008749-003/2024(H5N1)	866	3397
NA|PP755591.1|A/cattle/Texas/24-008749-003/2024(H5N1)	867	3434
NA|PP755591.1|A/cattle/Texas/24-008749-003/2024(H5N1)	868	3481
NA|PP755591.1|A/cattle/Texas/24-008749-003/2024(H5N1)	869	3482
NA|PP755591.1|A/cattle/Texas/24-008749-003/2024(H5N1)	870	3483
NA|PP755591.1|A/cattle/Texas/24-008749-003/2024(H5N1)	871	3483
NA|PP755591.1|A/cattle/Texas/24-008749-003/2024(H5N1)	872	3483
NA|PP755591.1|A/cattle/Texas/24-008749-003/2024(H5N1)	873	3483
NA|PP755591.1|A/cattle/Texas/24-008749-003/2024(H5N1)	874	3483
NA|PP755591.1|A/cattle/Texas/24-008749-003/2024(H5N1)	875	3483
NA|PP755591.1|A/cattle/Texas/24-008749-003/2024(H5N1)	876	3483
NA|PP755591.1|A/cattle/Texas/24-008749-003/2024(H5N1)	877	3483
NA|PP755591.1|A/cattle/Texas/24-008749-003/2024(H5N1)	878	3483
NA|PP755591.1|A/cattle/Texas/24-008749-003/2024(H5N1)	879	3482
NA|PP755591.1|A/cattle/Texas/24-008749-003/2024(H5N1)	880	3482
NA|PP755591.1|A/cattle/Texas/24-008749-003/2024(H5N1)	881	3482
NA|PP755591.1|A/cattle/Texas/24-008749-003/2024(H5N1)	882	3480
NA|PP755591.1|A/cattle/Texas/24-008749-003/2024(H5N1)	883	3483
NA|PP755591.1|A/cattle/Texas/24-008749-003/2024(H5N1)	884	3487
NA|PP755591.1|A/cattle/Texas/24-008749-003/2024(H5N1)	885	3487
NA|PP755591.1|A/cattle/Texas/24-008749-003/2024(H5N1)	886	3570
NA|PP755591.1|A/cattle/Texas/24-008749-003/2024(H5N1)	887	3618
NA|PP755591.1|A/cattle/Texas/24-008749-003/2024(H5N1)	888	3670
NA|PP755591.1|A/cattle/Texas/24-008749-003/2024(H5N1)	889	3670
NA|PP755591.1|A/cattle/Texas/24-008749-003/2024(H5N1)	890	3670
NA|PP755591.1|A/cattle/Texas/24-008749-003/2024(H5N1)	891	3669
NA|PP755591.1|A/cattle/Texas/24-008749-003/2024(H5N1)	892	3671
NA|PP755591.1|A/cattle/Texas/24-008749-003/2024(H5N1)	893	3671
NA|PP755591.1|A/cattle/Texas/24-008749-003/2024(H5N1)	894	3671
NA|PP755591.1|A/cattle/Texas/24-008749-003/2024(H5N1)	895	3671
NA|PP755591.1|A/cattle/Texas/24-008749-003/2024(H5N1)	896	3668
NA|PP755591.1|A/cattle/Texas/24-008749-003/2024(H5N1)	897	3668
NA|PP755591.1|A/cattle/Texas/24-008749-003/2024(H5N1)	898	3687
NA|PP755591.1|A/cattle/Texas/24-008749-003/2024(H5N1)	899	3687
NA|PP755591.1|A/cattle/Texas/24-008749-003/2024(H5N1)	900	3687
NA|PP755591.1|A/cattle/Texas/24-008749-003/2024(H5N1)	901	3685
NA|PP755591.1|A/cattle/Texas/24-008749-003/2024(H5N1)	902	3685
NA|PP755591.1|A/cattle/Texas/24-008749-003/2024(H5N1)	903	3685
NA|PP755591.1|A/cattle/Texas/24-008749-003/2024(H5N1)	904	3685
NA|PP755591.1|A/cattle/Texas/24-008749-003/2024(H5N1)	905	3685
NA|PP755591.1|A/cattle/Texas/24-008749-003/2024(H5N1)	906	3685
NA|PP755591.1|A/cattle/Texas/24-008749-003/2024(H5N1)	907	3821
NA|PP755591.1|A/cattle/Texas/24-008749-003/2024(H5N1)	908	3845
NA|PP755591.1|A/cattle/Texas/24-008749-003/2024(H5N1)	909	3845
NA|PP755591.1|A/cattle/Texas/24-008749-003/2024(H5N1)	910	3845
NA|PP755591.1|A/cattle/Texas/24-008749-003/2024(H5N1)	911	3844
NA|PP755591.1|A/cattle/Texas/24-008749-003/2024(H5N1)	912	3844
NA|PP755591.1|A/cattle/Texas/24-008749-003/2024(H5N1)	913	3876
NA|PP755591.1|A/cattle/Texas/24-008749-003/2024(H5N1)	914	3877
NA|PP755591.1|A/cattle/Texas/24-008749-003/2024(H5N1)	915	3877
NA|PP755591.1|A/cattle/Texas/24-008749-003/2024(H5N1)	916	3878
NA|PP755591.1|A/cattle/Texas/24-008749-003/2024(H5N1)	917	4102
NA|PP755591.1|A/cattle/Texas/24-008749-003/2024(H5N1)	918	4112
NA|PP755591.1|A/cattle/Texas/24-008749-003/2024(H5N1)	919	7103
NA|PP755591.1|A/cattle/Texas/24-008749-003/2024(H5N1)	920	7149
NA|PP755591.1|A/cattle/Texas/24-008749-003/2024(H5N1)	921	7154
NA|PP755591.1|A/cattle/Texas/24-008749-003/2024(H5N1)	922	7165
NA|PP755591.1|A/cattle/Texas/24-008749-003/2024(H5N1)	923	7175
NA|PP755591.1|A/cattle/Texas/24-008749-003/2024(H5N1)	924	7205
NA|PP755591.1|A/cattle/Texas/24-008749-003/2024(H5N1)	925	7273
NA|PP755591.1|A/cattle/Texas/24-008749-003/2024(H5N1)	926	7375
NA|PP755591.1|A/cattle/Texas/24-008749-003/2024(H5N1)	927	7391
NA|PP755591.1|A/cattle/Texas/24-008749-003/2024(H5N1)	928	7421
NA|PP755591.1|A/cattle/Texas/24-008749-003/2024(H5N1)	929	7422
NA|PP755591.1|A/cattle/Texas/24-008749-003/2024(H5N1)	930	7429
NA|PP755591.1|A/cattle/Texas/24-008749-003/2024(H5N1)	931	7440
NA|PP755591.1|A/cattle/Texas/24-008749-003/2024(H5N1)	932	7507
NA|PP755591.1|A/cattle/Texas/24-008749-003/2024(H5N1)	933	7608
NA|PP755591.1|A/cattle/Texas/24-008749-003/2024(H5N1)	934	7613
NA|PP755591.1|A/cattle/Texas/24-008749-003/2024(H5N1)	935	7796
NA|PP755591.1|A/cattle/Texas/24-008749-003/2024(H5N1)	936	7809
NA|PP755591.1|A/cattle/Texas/24-008749-003/2024(H5N1)	937	7838
NA|PP755591.1|A/cattle/Texas/24-008749-003/2024(H5N1)	938	7862
NA|PP755591.1|A/cattle/Texas/24-008749-003/2024(H5N1)	939	7862
NA|PP755591.1|A/cattle/Texas/24-008749-003/2024(H5N1)	940	7861
NA|PP755591.1|A/cattle/Texas/24-008749-003/2024(H5N1)	941	7860
NA|PP755591.1|A/cattle/Texas/24-008749-003/2024(H5N1)	942	7848
NA|PP755591.1|A/cattle/Texas/24-008749-003/2024(H5N1)	943	7833
NA|PP755591.1|A/cattle/Texas/24-008749-003/2024(H5N1)	944	7823
NA|PP755591.1|A/cattle/Texas/24-008749-003/2024(H5N1)	945	7705
NA|PP755591.1|A/cattle/Texas/24-008749-003/2024(H5N1)	946	7700
NA|PP755591.1|A/cattle/Texas/24-008749-003/2024(H5N1)	947	7700
NA|PP755591.1|A/cattle/Texas/24-008749-003/2024(H5N1)	948	7643
NA|PP755591.1|A/cattle/Texas/24-008749-003/2024(H5N1)	949	7643
NA|PP755591.1|A/cattle/Texas/24-008749-003/2024(H5N1)	950	7643
NA|PP755591.1|A/cattle/Texas/24-008749-003/2024(H5N1)	951	7643
NA|PP755591.1|A/cattle/Texas/24-008749-003/2024(H5N1)	952	7587
NA|PP755591.1|A/cattle/Texas/24-008749-003/2024(H5N1)	953	7520
NA|PP755591.1|A/cattle/Texas/24-008749-003/2024(H5N1)	954	7451
NA|PP755591.1|A/cattle/Texas/24-008749-003/2024(H5N1)	955	7438
NA|PP755591.1|A/cattle/Texas/24-008749-003/2024(H5N1)	956	7438
NA|PP755591.1|A/cattle/Texas/24-008749-003/2024(H5N1)	957	5460
NA|PP755591.1|A/cattle/Texas/24-008749-003/2024(H5N1)	958	5466
NA|PP755591.1|A/cattle/Texas/24-008749-003/2024(H5N1)	959	5465
NA|PP755591.1|A/cattle/Texas/24-008749-003/2024(H5N1)	960	5456
NA|PP755591.1|A/cattle/Texas/24-008749-003/2024(H5N1)	961	5456
NA|PP755591.1|A/cattle/Texas/24-008749-003/2024(H5N1)	962	5603
NA|PP755591.1|A/cattle/Texas/24-008749-003/2024(H5N1)	963	5604
NA|PP755591.1|A/cattle/Texas/24-008749-003/2024(H5N1)	964	5604
NA|PP755591.1|A/cattle/Texas/24-008749-003/2024(H5N1)	965	5604
NA|PP755591.1|A/cattle/Texas/24-008749-003/2024(H5N1)	966	5604
NA|PP755591.1|A/cattle/Texas/24-008749-003/2024(H5N1)	967	5611
NA|PP755591.1|A/cattle/Texas/24-008749-003/2024(H5N1)	968	5940
NA|PP755591.1|A/cattle/Texas/24-008749-003/2024(H5N1)	969	5941
NA|PP755591.1|A/cattle/Texas/24-008749-003/2024(H5N1)	970	5958
NA|PP755591.1|A/cattle/Texas/24-008749-003/2024(H5N1)	971	5961
NA|PP755591.1|A/cattle/Texas/24-008749-003/2024(H5N1)	972	6023
NA|PP755591.1|A/cattle/Texas/24-008749-003/2024(H5N1)	973	6025
NA|PP755591.1|A/cattle/Texas/24-008749-003/2024(H5N1)	974	6025
NA|PP755591.1|A/cattle/Texas/24-008749-003/2024(H5N1)	975	6023
NA|PP755591.1|A/cattle/Texas/24-008749-003/2024(H5N1)	976	6044
NA|PP755591.1|A/cattle/Texas/24-008749-003/2024(H5N1)	977	6186
NA|PP755591.1|A/cattle/Texas/24-008749-003/2024(H5N1)	978	6205
NA|PP755591.1|A/cattle/Texas/24-008749-003/2024(H5N1)	979	9255
NA|PP755591.1|A/cattle/Texas/24-008749-003/2024(H5N1)	980	9268
NA|PP755591.1|A/cattle/Texas/24-008749-003/2024(H5N1)	981	9460
NA|PP755591.1|A/cattle/Texas/24-008749-003/2024(H5N1)	982	9470
NA|PP755591.1|A/cattle/Texas/24-008749-003/2024(H5N1)	983	9519
NA|PP755591.1|A/cattle/Texas/24-008749-003/2024(H5N1)	984	9549
NA|PP755591.1|A/cattle/Texas/24-008749-003/2024(H5N1)	985	9558
NA|PP755591.1|A/cattle/Texas/24-008749-003/2024(H5N1)	986	9921
NA|PP755591.1|A/cattle/Texas/24-008749-003/2024(H5N1)	987	10339
NA|PP755591.1|A/cattle/Texas/24-008749-003/2024(H5N1)	988	10357
NA|PP755591.1|A/cattle/Texas/24-008749-003/2024(H5N1)	989	10382
NA|PP755591.1|A/cattle/Texas/24-008749-003/2024(H5N1)	990	10393
NA|PP755591.1|A/cattle/Texas/24-008749-003/2024(H5N1)	991	10466
NA|PP755591.1|A/cattle/Texas/24-008749-003/2024(H5N1)	992	10549
NA|PP755591.1|A/cattle/Texas/24-008749-003/2024(H5N1)	993	10592
NA|PP755591.1|A/cattle/Texas/24-008749-003/2024(H5N1)	994	10595
NA|PP755591.1|A/cattle/Texas/24-008749-003/2024(H5N1)	995	10594
NA|PP755591.1|A/cattle/Texas/24-008749-003/2024(H5N1)	996	10748
NA|PP755591.1|A/cattle/Texas/24-008749-003/2024(H5N1)	997	10829
NA|PP755591.1|A/cattle/Texas/24-008749-003/2024(H5N1)	998	10851
NA|PP755591.1|A/cattle/Texas/24-008749-003/2024(H5N1)	999	11045
NA|PP755591.1|A/cattle/Texas/24-008749-003/2024(H5N1)	1000	11020
NA|PP755591.1|A/cattle/Texas/24-008749-003/2024(H5N1)	1001	10990
NA|PP755591.1|A/cattle/Texas/24-008749-003/2024(H5N1)	1002	10967
NA|PP755591.1|A/cattle/Texas/24-008749-003/2024(H5N1)	1003	10954
NA|PP755591.1|A/cattle/Texas/24-008749-003/2024(H5N1)	1004	10954
NA|PP755591.1|A/cattle/Texas/24-008749-003/2024(H5N1)	1005	9257
NA|PP755591.1|A/cattle/Texas/24-008749-003/2024(H5N1)	1006	9257
NA|PP755591.1|A/cattle/Texas/24-008749-003/2024(H5N1)	1007	9575
NA|PP755591.1|A/cattle/Texas/24-008749-003/2024(H5N1)	1008	9603
NA|PP755591.1|A/cattle/Texas/24-008749-003/2024(H5N1)	1009	9662
NA|PP755591.1|A/cattle/Texas/24-008749-003/2024(H5N1)	1010	9662
NA|PP755591.1|A/cattle/Texas/24-008749-003/2024(H5N1)	1011	9662
NA|PP755591.1|A/cattle/Texas/24-008749-003/2024(H5N1)	1012	9661
NA|PP755591.1|A/cattle/Texas/24-008749-003/2024(H5N1)	1013	9699
NA|PP755591.1|A/cattle/Texas/24-008749-003/2024(H5N1)	1014	10017
NA|PP755591.1|A/cattle/Texas/24-008749-003/2024(H5N1)	1015	10033
NA|PP755591.1|A/cattle/Texas/24-008749-003/2024(H5N1)	1016	11485
NA|PP755591.1|A/cattle/Texas/24-008749-003/2024(H5N1)	1017	11499
NA|PP755591.1|A/cattle/Texas/24-008749-003/2024(H5N1)	1018	11505
NA|PP755591.1|A/cattle/Texas/24-008749-003/2024(H5N1)	1019	11532
NA|PP755591.1|A/cattle/Texas/24-008749-003/2024(H5N1)	1020	11533
NA|PP755591.1|A/cattle/Texas/24-008749-003/2024(H5N1)	1021	11551
NA|PP755591.1|A/cattle/Texas/24-008749-003/2024(H5N1)	1022	11551
NA|PP755591.1|A/cattle/Texas/24-008749-003/2024(H5N1)	1023	11555
NA|PP755591.1|A/cattle/Texas/24-008749-003/2024(H5N1)	1024	11559
NA|PP755591.1|A/cattle/Texas/24-008749-003/2024(H5N1)	1025	11559
NA|PP755591.1|A/cattle/Texas/24-008749-003/2024(H5N1)	1026	11460
NA|PP755591.1|A/cattle/Texas/24-008749-003/2024(H5N1)	1027	11459
NA|PP755591.1|A/cattle/Texas/24-008749-003/2024(H5N1)	1028	11241
NA|PP755591.1|A/cattle/Texas/24-008749-003/2024(H5N1)	1029	11239
NA|PP755591.1|A/cattle/Texas/24-008749-003/2024(H5N1)	1030	11227
NA|PP755591.1|A/cattle/Texas/24-008749-003/2024(H5N1)	1031	11177
NA|PP755591.1|A/cattle/Texas/24-008749-003/2024(H5N1)	1032	11172
NA|PP755591.1|A/cattle/Texas/24-008749-003/2024(H5N1)	1033	11129
NA|PP755591.1|A/cattle/Texas/24-008749-003/2024(H5N1)	1034	11111
NA|PP755591.1|A/cattle/Texas/24-008749-003/2024(H5N1)	1035	9645
NA|PP755591.1|A/cattle/Texas/24-008749-003/2024(H5N1)	1036	9626
NA|PP755591.1|A/cattle/Texas/24-008749-003/2024(H5N1)	1037	9509
NA|PP755591.1|A/cattle/Texas/24-008749-003/2024(H5N1)	1038	9427
NA|PP755591.1|A/cattle/Texas/24-008749-003/2024(H5N1)	1039	9431
NA|PP755591.1|A/cattle/Texas/24-008749-003/2024(H5N1)	1040	9432
NA|PP755591.1|A/cattle/Texas/24-008749-003/2024(H5N1)	1041	9432
NA|PP755591.1|A/cattle/Texas/24-008749-003/2024(H5N1)	1042	9433
NA|PP755591.1|A/cattle/Texas/24-008749-003/2024(H5N1)	1043	9431
NA|PP755591.1|A/cattle/Texas/24-008749-003/2024(H5N1)	1044	9431
NA|PP755591.1|A/cattle/Texas/24-008749-003/2024(H5N1)	1045	10337
NA|PP755591.1|A/cattle/Texas/24-008749-003/2024(H5N1)	1046	10342
NA|PP755591.1|A/cattle/Texas/24-008749-003/2024(H5N1)	1047	10358
NA|PP755591.1|A/cattle/Texas/24-008749-003/2024(H5N1)	1048	10359
NA|PP755591.1|A/cattle/Texas/24-008749-003/2024(H5N1)	1049	10454
NA|PP755591.1|A/cattle/Texas/24-008749-003/2024(H5N1)	1050	10459
NA|PP755591.1|A/cattle/Texas/24-008749-003/2024(H5N1)	1051	10449
NA|PP755591.1|A/cattle/Texas/24-008749-003/2024(H5N1)	1052	10433
NA|PP755591.1|A/cattle/Texas/24-008749-003/2024(H5N1)	1053	10105
NA|PP755591.1|A/cattle/Texas/24-008749-003/2024(H5N1)	1054	10083
NA|PP755591.1|A/cattle/Texas/24-008749-003/2024(H5N1)	1055	10040
NA|PP755591.1|A/cattle/Texas/24-008749-003/2024(H5N1)	1056	10032
NA|PP755591.1|A/cattle/Texas/24-008749-003/2024(H5N1)	1057	10807
NA|PP755591.1|A/cattle/Texas/24-008749-003/2024(H5N1)	1058	10687
NA|PP755591.1|A/cattle/Texas/24-008749-003/2024(H5N1)	1059	10968
NA|PP755591.1|A/cattle/Texas/24-008749-003/2024(H5N1)	1060	10950
NA|PP755591.1|A/cattle/Texas/24-008749-003/2024(H5N1)	1061	10898
NA|PP755591.1|A/cattle/Texas/24-008749-003/2024(H5N1)	1062	10891
NA|PP755591.1|A/cattle/Texas/24-008749-003/2024(H5N1)	1063	10842
NA|PP755591.1|A/cattle/Texas/24-008749-003/2024(H5N1)	1064	10837
NA|PP755591.1|A/cattle/Texas/24-008749-003/2024(H5N1)	1065	10781
NA|PP755591.1|A/cattle/Texas/24-008749-003/2024(H5N1)	1066	10775
NA|PP755591.1|A/cattle/Texas/24-008749-003/2024(H5N1)	1067	10774
NA|PP755591.1|A/cattle/Texas/24-008749-003/2024(H5N1)	1068	10222
NA|PP755591.1|A/cattle/Texas/24-008749-003/2024(H5N1)	1069	10210
NA|PP755591.1|A/cattle/Texas/24-008749-003/2024(H5N1)	1070	10355
NA|PP755591.1|A/cattle/Texas/24-008749-003/2024(H5N1)	1071	10355
NA|PP755591.1|A/cattle/Texas/24-008749-003/2024(H5N1)	1072	10355
NA|PP755591.1|A/cattle/Texas/24-008749-003/2024(H5N1)	1073	10355
NA|PP755591.1|A/cattle/Texas/24-008749-003/2024(H5N1)	1074	10342
NA|PP755591.1|A/cattle/Texas/24-008749-003/2024(H5N1)	1075	10298
NA|PP755591.1|A/cattle/Texas/24-008749-003/2024(H5N1)	1076	10204
NA|PP755591.1|A/cattle/Texas/24-008749-003/2024(H5N1)	1077	10064
NA|PP755591.1|A/cattle/Texas/24-008749-003/2024(H5N1)	1078	10064
NA|PP755591.1|A/cattle/Texas/24-008749-003/2024(H5N1)	1079	10054
NA|PP755591.1|A/cattle/Texas/24-008749-003/2024(H5N1)	1080	10051
NA|PP755591.1|A/cattle/Texas/24-008749-003/2024(H5N1)	1081	10031
NA|PP755591.1|A/cattle/Texas/24-008749-003/2024(H5N1)	1082	9972
NA|PP755591.1|A/cattle/Texas/24-008749-003/2024(H5N1)	1083	9912
NA|PP755591.1|A/cattle/Texas/24-008749-003/2024(H5N1)	1084	9807
NA|PP755591.1|A/cattle/Texas/24-008749-003/2024(H5N1)	1085	9623
NA|PP755591.1|A/cattle/Texas/24-008749-003/2024(H5N1)	1086	9595
NA|PP755591.1|A/cattle/Texas/24-008749-003/2024(H5N1)	1087	9588
NA|PP755591.1|A/cattle/Texas/24-008749-003/2024(H5N1)	1088	9551
NA|PP755591.1|A/cattle/Texas/24-008749-003/2024(H5N1)	1089	9526
NA|PP755591.1|A/cattle/Texas/24-008749-003/2024(H5N1)	1090	9523
NA|PP755591.1|A/cattle/Texas/24-008749-003/2024(H5N1)	1091	9476
NA|PP755591.1|A/cattle/Texas/24-008749-003/2024(H5N1)	1092	9386
NA|PP755591.1|A/cattle/Texas/24-008749-003/2024(H5N1)	1093	9348
NA|PP755591.1|A/cattle/Texas/24-008749-003/2024(H5N1)	1094	8439
NA|PP755591.1|A/cattle/Texas/24-008749-003/2024(H5N1)	1095	8423
NA|PP755591.1|A/cattle/Texas/24-008749-003/2024(H5N1)	1096	8409
NA|PP755591.1|A/cattle/Texas/24-008749-003/2024(H5N1)	1097	8386
NA|PP755591.1|A/cattle/Texas/24-008749-003/2024(H5N1)	1098	6605
NA|PP755591.1|A/cattle/Texas/24-008749-003/2024(H5N1)	1099	6599
NA|PP755591.1|A/cattle/Texas/24-008749-003/2024(H5N1)	1100	6434
NA|PP755591.1|A/cattle/Texas/24-008749-003/2024(H5N1)	1101	6421
NA|PP755591.1|A/cattle/Texas/24-008749-003/2024(H5N1)	1102	6421
NA|PP755591.1|A/cattle/Texas/24-008749-003/2024(H5N1)	1103	6421
NA|PP755591.1|A/cattle/Texas/24-008749-003/2024(H5N1)	1104	6412
NA|PP755591.1|A/cattle/Texas/24-008749-003/2024(H5N1)	1105	6417
NA|PP755591.1|A/cattle/Texas/24-008749-003/2024(H5N1)	1106	6417
NA|PP755591.1|A/cattle/Texas/24-008749-003/2024(H5N1)	1107	6417
NA|PP755591.1|A/cattle/Texas/24-008749-003/2024(H5N1)	1108	6419
NA|PP755591.1|A/cattle/Texas/24-008749-003/2024(H5N1)	1109	6422
NA|PP755591.1|A/cattle/Texas/24-008749-003/2024(H5N1)	1110	6422
NA|PP755591.1|A/cattle/Texas/24-008749-003/2024(H5N1)	1111	7814
NA|PP755591.1|A/cattle/Texas/24-008749-003/2024(H5N1)	1112	7822
NA|PP755591.1|A/cattle/Texas/24-008749-003/2024(H5N1)	1113	7839
NA|PP755591.1|A/cattle/Texas/24-008749-003/2024(H5N1)	1114	7854
NA|PP755591.1|A/cattle/Texas/24-008749-003/2024(H5N1)	1115	8132
NA|PP755591.1|A/cattle/Texas/24-008749-003/2024(H5N1)	1116	8136
NA|PP755591.1|A/cattle/Texas/24-008749-003/2024(H5N1)	1117	8166
NA|PP755591.1|A/cattle/Texas/24-008749-003/2024(H5N1)	1118	8166
NA|PP755591.1|A/cattle/Texas/24-008749-003/2024(H5N1)	1119	8109
NA|PP755591.1|A/cattle/Texas/24-008749-003/2024(H5N1)	1120	8108
NA|PP755591.1|A/cattle/Texas/24-008749-003/2024(H5N1)	1121	8100
NA|PP755591.1|A/cattle/Texas/24-008749-003/2024(H5N1)	1122	8005
NA|PP755591.1|A/cattle/Texas/24-008749-003/2024(H5N1)	1123	8295
NA|PP755591.1|A/cattle/Texas/24-008749-003/2024(H5N1)	1124	8301
NA|PP755591.1|A/cattle/Texas/24-008749-003/2024(H5N1)	1125	8321
NA|PP755591.1|A/cattle/Texas/24-008749-003/2024(H5N1)	1126	8312
NA|PP755591.1|A/cattle/Texas/24-008749-003/2024(H5N1)	1127	8313
NA|PP755591.1|A/cattle/Texas/24-008749-003/2024(H5N1)	1128	8165
NA|PP755591.1|A/cattle/Texas/24-008749-003/2024(H5N1)	1129	8113
NA|PP755591.1|A/cattle/Texas/24-008749-003/2024(H5N1)	1130	7930
NA|PP755591.1|A/cattle/Texas/24-008749-003/2024(H5N1)	1131	7905
NA|PP755591.1|A/cattle/Texas/24-008749-003/2024(H5N1)	1132	8236
NA|PP755591.1|A/cattle/Texas/24-008749-003/2024(H5N1)	1133	8240
NA|PP755591.1|A/cattle/Texas/24-008749-003/2024(H5N1)	1134	8202
NA|PP755591.1|A/cattle/Texas/24-008749-003/2024(H5N1)	1135	8184
NA|PP755591.1|A/cattle/Texas/24-008749-003/2024(H5N1)	1136	8110
NA|PP755591.1|A/cattle/Texas/24-008749-003/2024(H5N1)	1137	7932
NA|PP755591.1|A/cattle/Texas/24-008749-003/2024(H5N1)	1138	7652
NA|PP755591.1|A/cattle/Texas/24-008749-003/2024(H5N1)	1139	7630
NA|PP755591.1|A/cattle/Texas/24-008749-003/2024(H5N1)	1140	7619
NA|PP755591.1|A/cattle/Texas/24-008749-003/2024(H5N1)	1141	7611
NA|PP755591.1|A/cattle/Texas/24-008749-003/2024(H5N1)	1142	7485
NA|PP755591.1|A/cattle/Texas/24-008749-003/2024(H5N1)	1143	7343
NA|PP755591.1|A/cattle/Texas/24-008749-003/2024(H5N1)	1144	7320
NA|PP755591.1|A/cattle/Texas/24-008749-003/2024(H5N1)	1145	7270
NA|PP755591.1|A/cattle/Texas/24-008749-003/2024(H5N1)	1146	7267
NA|PP755591.1|A/cattle/Texas/24-008749-003/2024(H5N1)	1147	7136
NA|PP755591.1|A/cattle/Texas/24-008749-003/2024(H5N1)	1148	7048
NA|PP755591.1|A/cattle/Texas/24-008749-003/2024(H5N1)	1149	6778
NA|PP755591.1|A/cattle/Texas/24-008749-003/2024(H5N1)	1150	6743
NA|PP755591.1|A/cattle/Texas/24-008749-003/2024(H5N1)	1151	6736
NA|PP755591.1|A/cattle/Texas/24-008749-003/2024(H5N1)	1152	6373
NA|PP755591.1|A/cattle/Texas/24-008749-003/2024(H5N1)	1153	6128
NA|PP755591.1|A/cattle/Texas/24-008749-003/2024(H5N1)	1154	6128
NA|PP755591.1|A/cattle/Texas/24-008749-003/2024(H5N1)	1155	6027
NA|PP755591.1|A/cattle/Texas/24-008749-003/2024(H5N1)	1156	6019
NA|PP755591.1|A/cattle/Texas/24-008749-003/2024(H5N1)	1157	5936
NA|PP755591.1|A/cattle/Texas/24-008749-003/2024(H5N1)	1158	5653
NA|PP755591.1|A/cattle/Texas/24-008749-003/2024(H5N1)	1159	5648
NA|PP755591.1|A/cattle/Texas/24-008749-003/2024(H5N1)	1160	5592
NA|PP755591.1|A/cattle/Texas/24-008749-003/2024(H5N1)	1161	5293
NA|PP755591.1|A/cattle/Texas/24-008749-003/2024(H5N1)	1162	5255
NA|PP755591.1|A/cattle/Texas/24-008749-003/2024(H5N1)	1163	4720
NA|PP755591.1|A/cattle/Texas/24-008749-003/2024(H5N1)	1164	4689
NA|PP755591.1|A/cattle/Texas/24-008749-003/2024(H5N1)	1165	4689
NA|PP755591.1|A/cattle/Texas/24-008749-003/2024(H5N1)	1166	4689
NA|PP755591.1|A/cattle/Texas/24-008749-003/2024(H5N1)	1167	4680
NA|PP755591.1|A/cattle/Texas/24-008749-003/2024(H5N1)	1168	5361
NA|PP755591.1|A/cattle/Texas/24-008749-003/2024(H5N1)	1169	5361
NA|PP755591.1|A/cattle/Texas/24-008749-003/2024(H5N1)	1170	5403
NA|PP755591.1|A/cattle/Texas/24-008749-003/2024(H5N1)	1171	5416
NA|PP755591.1|A/cattle/Texas/24-008749-003/2024(H5N1)	1172	5416
NA|PP755591.1|A/cattle/Texas/24-008749-003/2024(H5N1)	1173	5416
NA|PP755591.1|A/cattle/Texas/24-008749-003/2024(H5N1)	1174	5416
NA|PP755591.1|A/cattle/Texas/24-008749-003/2024(H5N1)	1175	5418
NA|PP755591.1|A/cattle/Texas/24-008749-003/2024(H5N1)	1176	5418
NA|PP755591.1|A/cattle/Texas/24-008749-003/2024(H5N1)	1177	5605
NA|PP755591.1|A/cattle/Texas/24-008749-003/2024(H5N1)	1178	5627
NA|PP755591.1|A/cattle/Texas/24-008749-003/2024(H5N1)	1179	5629
NA|PP755591.1|A/cattle/Texas/24-008749-003/2024(H5N1)	1180	5629
NA|PP755591.1|A/cattle/Texas/24-008749-003/2024(H5N1)	1181	5629
NA|PP755591.1|A/cattle/Texas/24-008749-003/2024(H5N1)	1182	5584
NA|PP755591.1|A/cattle/Texas/24-008749-003/2024(H5N1)	1183	5584
NA|PP755591.1|A/cattle/Texas/24-008749-003/2024(H5N1)	1184	5205
NA|PP755591.1|A/cattle/Texas/24-008749-003/2024(H5N1)	1185	5268
NA|PP755591.1|A/cattle/Texas/24-008749-003/2024(H5N1)	1186	5410
NA|PP755591.1|A/cattle/Texas/24-008749-003/2024(H5N1)	1187	5411
NA|PP755591.1|A/cattle/Texas/24-008749-003/2024(H5N1)	1188	5411
NA|PP755591.1|A/cattle/Texas/24-008749-003/2024(H5N1)	1189	5411
NA|PP755591.1|A/cattle/Texas/24-008749-003/2024(H5N1)	1190	5409
NA|PP755591.1|A/cattle/Texas/24-008749-003/2024(H5N1)	1191	5159
NA|PP755591.1|A/cattle/Texas/24-008749-003/2024(H5N1)	1192	5203
NA|PP755591.1|A/cattle/Texas/24-008749-003/2024(H5N1)	1193	5205
NA|PP755591.1|A/cattle/Texas/24-008749-003/2024(H5N1)	1194	5216
NA|PP755591.1|A/cattle/Texas/24-008749-003/2024(H5N1)	1195	5219
NA|PP755591.1|A/cattle/Texas/24-008749-003/2024(H5N1)	1196	5844
NA|PP755591.1|A/cattle/Texas/24-008749-003/2024(H5N1)	1197	5854
NA|PP755591.1|A/cattle/Texas/24-008749-003/2024(H5N1)	1198	5872
NA|PP755591.1|A/cattle/Texas/24-008749-003/2024(H5N1)	1199	5868
NA|PP755591.1|A/cattle/Texas/24-008749-003/2024(H5N1)	1200	5772
NA|PP755591.1|A/cattle/Texas/24-008749-003/2024(H5N1)	1201	6056
NA|PP755591.1|A/cattle/Texas/24-008749-003/2024(H5N1)	1202	6076
NA|PP755591.1|A/cattle/Texas/24-008749-003/2024(H5N1)	1203	6061
NA|PP755591.1|A/cattle/Texas/24-008749-003/2024(H5N1)	1204	6056
NA|PP755591.1|A/cattle/Texas/24-008749-003/2024(H5N1)	1205	5239
NA|PP755591.1|A/cattle/Texas/24-008749-003/2024(H5N1)	1206	5237
NA|PP755591.1|A/cattle/Texas/24-008749-003/2024(H5N1)	1207	5215
NA|PP755591.1|A/cattle/Texas/24-008749-003/2024(H5N1)	1208	5215
NA|PP755591.1|A/cattle/Texas/24-008749-003/2024(H5N1)	1209	4717
NA|PP755591.1|A/cattle/Texas/24-008749-003/2024(H5N1)	1210	4716
NA|PP755591.1|A/cattle/Texas/24-008749-003/2024(H5N1)	1211	4716
NA|PP755591.1|A/cattle/Texas/24-008749-003/2024(H5N1)	1212	4715
NA|PP755591.1|A/cattle/Texas/24-008749-003/2024(H5N1)	1213	4845
NA|PP755591.1|A/cattle/Texas/24-008749-003/2024(H5N1)	1214	4888
NA|PP755591.1|A/cattle/Texas/24-008749-003/2024(H5N1)	1215	4912
NA|PP755591.1|A/cattle/Texas/24-008749-003/2024(H5N1)	1216	4916
NA|PP755591.1|A/cattle/Texas/24-008749-003/2024(H5N1)	1217	4916
NA|PP755591.1|A/cattle/Texas/24-008749-003/2024(H5N1)	1218	4916
NA|PP755591.1|A/cattle/Texas/24-008749-003/2024(H5N1)	1219	4916
NA|PP755591.1|A/cattle/Texas/24-008749-003/2024(H5N1)	1220	4901
NA|PP755591.1|A/cattle/Texas/24-008749-003/2024(H5N1)	1221	4781
NA|PP755591.1|A/cattle/Texas/24-008749-003/2024(H5N1)	1222	4819
NA|PP755591.1|A/cattle/Texas/24-008749-003/2024(H5N1)	1223	4819
NA|PP755591.1|A/cattle/Texas/24-008749-003/2024(H5N1)	1224	4864
NA|PP755591.1|A/cattle/Texas/24-008749-003/2024(H5N1)	1225	4914
NA|PP755591.1|A/cattle/Texas/24-008749-003/2024(H5N1)	1226	5090
NA|PP755591.1|A/cattle/Texas/24-008749-003/2024(H5N1)	1227	5194
NA|PP755591.1|A/cattle/Texas/24-008749-003/2024(H5N1)	1228	5194
NA|PP755591.1|A/cattle/Texas/24-008749-003/2024(H5N1)	1229	5193
NA|PP755591.1|A/cattle/Texas/24-008749-003/2024(H5N1)	1230	5144
NA|PP755591.1|A/cattle/Texas/24-008749-003/2024(H5N1)	1231	5206
NA|PP755591.1|A/cattle/Texas/24-008749-003/2024(H5N1)	1232	5250
NA|PP755591.1|A/cattle/Texas/24-008749-003/2024(H5N1)	1233	5209
NA|PP755591.1|A/cattle/Texas/24-008749-003/2024(H5N1)	1234	5187
NA|PP755591.1|A/cattle/Texas/24-008749-003/2024(H5N1)	1235	4986
NA|PP755591.1|A/cattle/Texas/24-008749-003/2024(H5N1)	1236	4983
NA|PP755591.1|A/cattle/Texas/24-008749-003/2024(H5N1)	1237	4979
NA|PP755591.1|A/cattle/Texas/24-008749-003/2024(H5N1)	1238	4968
NA|PP755591.1|A/cattle/Texas/24-008749-003/2024(H5N1)	1239	4362
NA|PP755591.1|A/cattle/Texas/24-008749-003/2024(H5N1)	1240	4584
NA|PP755591.1|A/cattle/Texas/24-008749-003/2024(H5N1)	1241	4585
NA|PP755591.1|A/cattle/Texas/24-008749-003/2024(H5N1)	1242	4583
NA|PP755591.1|A/cattle/Texas/24-008749-003/2024(H5N1)	1243	4881
NA|PP755591.1|A/cattle/Texas/24-008749-003/2024(H5N1)	1244	4887
NA|PP755591.1|A/cattle/Texas/24-008749-003/2024(H5N1)	1245	4966
NA|PP755591.1|A/cattle/Texas/24-008749-003/2024(H5N1)	1246	5416
NA|PP755591.1|A/cattle/Texas/24-008749-003/2024(H5N1)	1247	5547
NA|PP755591.1|A/cattle/Texas/24-008749-003/2024(H5N1)	1248	5605
NA|PP755591.1|A/cattle/Texas/24-008749-003/2024(H5N1)	1249	5607
NA|PP755591.1|A/cattle/Texas/24-008749-003/2024(H5N1)	1250	5790
NA|PP755591.1|A/cattle/Texas/24-008749-003/2024(H5N1)	1251	5885
NA|PP755591.1|A/cattle/Texas/24-008749-003/2024(H5N1)	1252	5893
NA|PP755591.1|A/cattle/Texas/24-008749-003/2024(H5N1)	1253	5893
NA|PP755591.1|A/cattle/Texas/24-008749-003/2024(H5N1)	1254	5893
NA|PP755591.1|A/cattle/Texas/24-008749-003/2024(H5N1)	1255	5898
NA|PP755591.1|A/cattle/Texas/24-008749-003/2024(H5N1)	1256	5930
NA|PP755591.1|A/cattle/Texas/24-008749-003/2024(H5N1)	1257	6451
NA|PP755591.1|A/cattle/Texas/24-008749-003/2024(H5N1)	1258	6605
NA|PP755591.1|A/cattle/Texas/24-008749-003/2024(H5N1)	1259	6295
NA|PP755591.1|A/cattle/Texas/24-008749-003/2024(H5N1)	1260	6448
NA|PP755591.1|A/cattle/Texas/24-008749-003/2024(H5N1)	1261	6423
NA|PP755591.1|A/cattle/Texas/24-008749-003/2024(H5N1)	1262	6444
NA|PP755591.1|A/cattle/Texas/24-008749-003/2024(H5N1)	1263	6926
NA|PP755591.1|A/cattle/Texas/24-008749-003/2024(H5N1)	1264	6940
NA|PP755591.1|A/cattle/Texas/24-008749-003/2024(H5N1)	1265	6994
NA|PP755591.1|A/cattle/Texas/24-008749-003/2024(H5N1)	1266	7007
NA|PP755591.1|A/cattle/Texas/24-008749-003/2024(H5N1)	1267	7036
NA|PP755591.1|A/cattle/Texas/24-008749-003/2024(H5N1)	1268	7231
NA|PP755591.1|A/cattle/Texas/24-008749-003/2024(H5N1)	1269	7228
NA|PP755591.1|A/cattle/Texas/24-008749-003/2024(H5N1)	1270	7154
NA|PP755591.1|A/cattle/Texas/24-008749-003/2024(H5N1)	1271	7142
NA|PP755591.1|A/cattle/Texas/24-008749-003/2024(H5N1)	1272	7012
NA|PP755591.1|A/cattle/Texas/24-008749-003/2024(H5N1)	1273	7094
NA|PP755591.1|A/cattle/Texas/24-008749-003/2024(H5N1)	1274	7095
NA|PP755591.1|A/cattle/Texas/24-008749-003/2024(H5N1)	1275	7094
NA|PP755591.1|A/cattle/Texas/24-008749-003/2024(H5N1)	1276	7044
NA|PP755591.1|A/cattle/Texas/24-008749-003/2024(H5N1)	1277	6907
NA|PP755591.1|A/cattle/Texas/24-008749-003/2024(H5N1)	1278	6155
NA|PP755591.1|A/cattle/Texas/24-008749-003/2024(H5N1)	1279	6182
NA|PP755591.1|A/cattle/Texas/24-008749-003/2024(H5N1)	1280	6192
NA|PP755591.1|A/cattle/Texas/24-008749-003/2024(H5N1)	1281	6192
NA|PP755591.1|A/cattle/Texas/24-008749-003/2024(H5N1)	1282	6192
NA|PP755591.1|A/cattle/Texas/24-008749-003/2024(H5N1)	1283	6320
NA|PP755591.1|A/cattle/Texas/24-008749-003/2024(H5N1)	1284	6409
NA|PP755591.1|A/cattle/Texas/24-008749-003/2024(H5N1)	1285	6414
NA|PP755591.1|A/cattle/Texas/24-008749-003/2024(H5N1)	1286	6414
NA|PP755591.1|A/cattle/Texas/24-008749-003/2024(H5N1)	1287	6411
NA|PP755591.1|A/cattle/Texas/24-008749-003/2024(H5N1)	1288	6411
NA|PP755591.1|A/cattle/Texas/24-008749-003/2024(H5N1)	1289	6470
NA|PP755591.1|A/cattle/Texas/24-008749-003/2024(H5N1)	1290	7790
NA|PP755591.1|A/cattle/Texas/24-008749-003/2024(H5N1)	1291	8412
NA|PP755591.1|A/cattle/Texas/24-008749-003/2024(H5N1)	1292	8429
NA|PP755591.1|A/cattle/Texas/24-008749-003/2024(H5N1)	1293	8603
NA|PP755591.1|A/cattle/Texas/24-008749-003/2024(H5N1)	1294	8610
NA|PP755591.1|A/cattle/Texas/24-008749-003/2024(H5N1)	1295	8617
NA|PP755591.1|A/cattle/Texas/24-008749-003/2024(H5N1)	1296	8619
NA|PP755591.1|A/cattle/Texas/24-008749-003/2024(H5N1)	1297	8621
NA|PP755591.1|A/cattle/Texas/24-008749-003/2024(H5N1)	1298	8623
NA|PP755591.1|A/cattle/Texas/24-008749-003/2024(H5N1)	1299	8640
NA|PP755591.1|A/cattle/Texas/24-008749-003/2024(H5N1)	1300	8584
NA|PP755591.1|A/cattle/Texas/24-008749-003/2024(H5N1)	1301	8583
NA|PP755591.1|A/cattle/Texas/24-008749-003/2024(H5N1)	1302	8506
NA|PP755591.1|A/cattle/Texas/24-008749-003/2024(H5N1)	1303	8505
NA|PP755591.1|A/cattle/Texas/24-008749-003/2024(H5N1)	1304	8523
NA|PP755591.1|A/cattle/Texas/24-008749-003/2024(H5N1)	1305	8533
NA|PP755591.1|A/cattle/Texas/24-008749-003/2024(H5N1)	1306	8644
NA|PP755591.1|A/cattle/Texas/24-008749-003/2024(H5N1)	1307	8644
NA|PP755591.1|A/cattle/Texas/24-008749-003/2024(H5N1)	1308	8645
NA|PP755591.1|A/cattle/Texas/24-008749-003/2024(H5N1)	1309	8645
NA|PP755591.1|A/cattle/Texas/24-008749-003/2024(H5N1)	1310	8663
NA|PP755591.1|A/cattle/Texas/24-008749-003/2024(H5N1)	1311	8663
NA|PP755591.1|A/cattle/Texas/24-008749-003/2024(H5N1)	1312	8663
NA|PP755591.1|A/cattle/Texas/24-008749-003/2024(H5N1)	1313	8641
NA|PP755591.1|A/cattle/Texas/24-008749-003/2024(H5N1)	1314	8016
NA|PP755591.1|A/cattle/Texas/24-008749-003/2024(H5N1)	1315	8094
NA|PP755591.1|A/cattle/Texas/24-008749-003/2024(H5N1)	1316	8096
NA|PP755591.1|A/cattle/Texas/24-008749-003/2024(H5N1)	1317	8096
NA|PP755591.1|A/cattle/Texas/24-008749-003/2024(H5N1)	1318	8096
NA|PP755591.1|A/cattle/Texas/24-008749-003/2024(H5N1)	1319	8096
NA|PP755591.1|A/cattle/Texas/24-008749-003/2024(H5N1)	1320	8100
NA|PP755591.1|A/cattle/Texas/24-008749-003/2024(H5N1)	1321	8198
NA|PP755591.1|A/cattle/Texas/24-008749-003/2024(H5N1)	1322	8202
NA|PP755591.1|A/cattle/Texas/24-008749-003/2024(H5N1)	1323	8214
NA|PP755591.1|A/cattle/Texas/24-008749-003/2024(H5N1)	1324	8214
NA|PP755591.1|A/cattle/Texas/24-008749-003/2024(H5N1)	1325	8240
NA|PP755591.1|A/cattle/Texas/24-008749-003/2024(H5N1)	1326	8240
NA|PP755591.1|A/cattle/Texas/24-008749-003/2024(H5N1)	1327	8240
NA|PP755591.1|A/cattle/Texas/24-008749-003/2024(H5N1)	1328	8240
NA|PP755591.1|A/cattle/Texas/24-008749-003/2024(H5N1)	1329	8237
NA|PP755591.1|A/cattle/Texas/24-008749-003/2024(H5N1)	1330	8242
NA|PP755591.1|A/cattle/Texas/24-008749-003/2024(H5N1)	1331	8244
NA|PP755591.1|A/cattle/Texas/24-008749-003/2024(H5N1)	1332	8240
NA|PP755591.1|A/cattle/Texas/24-008749-003/2024(H5N1)	1333	8250
NA|PP755591.1|A/cattle/Texas/24-008749-003/2024(H5N1)	1334	8257
NA|PP755591.1|A/cattle/Texas/24-008749-003/2024(H5N1)	1335	8260
NA|PP755591.1|A/cattle/Texas/24-008749-003/2024(H5N1)	1336	8261
NA|PP755591.1|A/cattle/Texas/24-008749-003/2024(H5N1)	1337	8271
NA|PP755591.1|A/cattle/Texas/24-008749-003/2024(H5N1)	1338	8270
NA|PP755591.1|A/cattle/Texas/24-008749-003/2024(H5N1)	1339	8290
NA|PP755591.1|A/cattle/Texas/24-008749-003/2024(H5N1)	1340	8298
NA|PP755591.1|A/cattle/Texas/24-008749-003/2024(H5N1)	1341	8249
NA|PP755591.1|A/cattle/Texas/24-008749-003/2024(H5N1)	1342	8280
NA|PP755591.1|A/cattle/Texas/24-008749-003/2024(H5N1)	1343	8279
NA|PP755591.1|A/cattle/Texas/24-008749-003/2024(H5N1)	1344	8278
NA|PP755591.1|A/cattle/Texas/24-008749-003/2024(H5N1)	1345	8282
NA|PP755591.1|A/cattle/Texas/24-008749-003/2024(H5N1)	1346	8282
NA|PP755591.1|A/cattle/Texas/24-008749-003/2024(H5N1)	1347	7690
NA|PP755591.1|A/cattle/Texas/24-008749-003/2024(H5N1)	1348	7662
NA|PP755591.1|A/cattle/Texas/24-008749-003/2024(H5N1)	1349	7656
NA|PP755591.1|A/cattle/Texas/24-008749-003/2024(H5N1)	1350	7310
NA|PP755591.1|A/cattle/Texas/24-008749-003/2024(H5N1)	1351	7310
NA|PP755591.1|A/cattle/Texas/24-008749-003/2024(H5N1)	1352	7312
NA|PP755591.1|A/cattle/Texas/24-008749-003/2024(H5N1)	1353	7315
NA|PP755591.1|A/cattle/Texas/24-008749-003/2024(H5N1)	1354	7316
NA|PP755591.1|A/cattle/Texas/24-008749-003/2024(H5N1)	1355	7324
NA|PP755591.1|A/cattle/Texas/24-008749-003/2024(H5N1)	1356	7264
NA|PP755591.1|A/cattle/Texas/24-008749-003/2024(H5N1)	1357	7266
NA|PP755591.1|A/cattle/Texas/24-008749-003/2024(H5N1)	1358	7240
NA|PP755591.1|A/cattle/Texas/24-008749-003/2024(H5N1)	1359	7248
NA|PP755591.1|A/cattle/Texas/24-008749-003/2024(H5N1)	1360	7252
NA|PP755591.1|A/cattle/Texas/24-008749-003/2024(H5N1)	1361	7252
NA|PP755591.1|A/cattle/Texas/24-008749-003/2024(H5N1)	1362	7252
NA|PP755591.1|A/cattle/Texas/24-008749-003/2024(H5N1)	1363	7259
NA|PP755591.1|A/cattle/Texas/24-008749-003/2024(H5N1)	1364	7240
NA|PP755591.1|A/cattle/Texas/24-008749-003/2024(H5N1)	1365	7234
NA|PP755591.1|A/cattle/Texas/24-008749-003/2024(H5N1)	1366	7231
NA|PP755591.1|A/cattle/Texas/24-008749-003/2024(H5N1)	1367	7228
NA|PP755591.1|A/cattle/Texas/24-008749-003/2024(H5N1)	1368	7217
NA|PP755591.1|A/cattle/Texas/24-008749-003/2024(H5N1)	1369	7215
NA|PP755591.1|A/cattle/Texas/24-008749-003/2024(H5N1)	1370	7209
NA|PP755591.1|A/cattle/Texas/24-008749-003/2024(H5N1)	1371	7209
NA|PP755591.1|A/cattle/Texas/24-008749-003/2024(H5N1)	1372	7207
NA|PP755591.1|A/cattle/Texas/24-008749-003/2024(H5N1)	1373	7203
NA|PP755591.1|A/cattle/Texas/24-008749-003/2024(H5N1)	1374	7161
NA|PP755591.1|A/cattle/Texas/24-008749-003/2024(H5N1)	1375	7118
NA|PP755591.1|A/cattle/Texas/24-008749-003/2024(H5N1)	1376	7121
NA|PP755591.1|A/cattle/Texas/24-008749-003/2024(H5N1)	1377	6941
NA|PP755591.1|A/cattle/Texas/24-008749-003/2024(H5N1)	1378	6796
NA|PP755591.1|A/cattle/Texas/24-008749-003/2024(H5N1)	1379	6784
NA|PP755591.1|A/cattle/Texas/24-008749-003/2024(H5N1)	1380	6761
NA|PP755591.1|A/cattle/Texas/24-008749-003/2024(H5N1)	1381	6760
NA|PP755591.1|A/cattle/Texas/24-008749-003/2024(H5N1)	1382	6691
NA|PP755591.1|A/cattle/Texas/24-008749-003/2024(H5N1)	1383	6653
NA|PP755591.1|A/cattle/Texas/24-008749-003/2024(H5N1)	1384	6663
NA|PP755591.1|A/cattle/Texas/24-008749-003/2024(H5N1)	1385	6651
NA|PP755591.1|A/cattle/Texas/24-008749-003/2024(H5N1)	1386	6652
NA|PP755591.1|A/cattle/Texas/24-008749-003/2024(H5N1)	1387	6628
NA|PP755591.1|A/cattle/Texas/24-008749-003/2024(H5N1)	1388	6180
NA|PP755591.1|A/cattle/Texas/24-008749-003/2024(H5N1)	1389	6177
NA|PP755591.1|A/cattle/Texas/24-008749-003/2024(H5N1)	1390	5990
NA|PP755591.1|A/cattle/Texas/24-008749-003/2024(H5N1)	1391	5974
NA|PP755591.1|A/cattle/Texas/24-008749-003/2024(H5N1)	1392	5976
NA|PP755591.1|A/cattle/Texas/24-008749-003/2024(H5N1)	1393	5540
NA|PP755591.1|A/cattle/Texas/24-008749-003/2024(H5N1)	1394	5530
NA|PP755591.1|A/cattle/Texas/24-008749-003/2024(H5N1)	1395	5460
NA|PP755591.1|A/cattle/Texas/24-008749-003/2024(H5N1)	1396	5416
NA|PP755591.1|A/cattle/Texas/24-008749-003/2024(H5N1)	1397	5398
NA|PP755591.1|A/cattle/Texas/24-008749-003/2024(H5N1)	1398	5220
NA|PP755591.1|A/cattle/Texas/24-008749-003/2024(H5N1)	1399	5123
NA|PP755591.1|A/cattle/Texas/24-008749-003/2024(H5N1)	1400	5121
NA|PP755591.1|A/cattle/Texas/24-008749-003/2024(H5N1)	1401	4882
NA|PP755591.1|A/cattle/Texas/24-008749-003/2024(H5N1)	1402	4868
NA|PP755591.1|A/cattle/Texas/24-008749-003/2024(H5N1)	1403	4857
NA|PP755591.1|A/cattle/Texas/24-008749-003/2024(H5N1)	1404	4857
NA|PP755591.1|A/cattle/Texas/24-008749-003/2024(H5N1)	1405	4796
NA|PP755591.1|A/cattle/Texas/24-008749-003/2024(H5N1)	1406	4376
NA|PP755591.1|A/cattle/Texas/24-008749-003/2024(H5N1)	1407	4128
NA|PP755591.1|A/cattle/Texas/24-008749-003/2024(H5N1)	1408	4071
NA|PP755591.1|A/cattle/Texas/24-008749-003/2024(H5N1)	1409	3881
NA|PP755591.1|A/cattle/Texas/24-008749-003/2024(H5N1)	1410	3876
