PB1|PP755595.1|A/cattle/Texas/24-008749-003/2024(H5N1)	1	0
PB1|PP755595.1|A/cattle/Texas/24-008749-003/2024(H5N1)	2	0
PB1|PP755595.1|A/cattle/Texas/24-008749-003/2024(H5N1)	3	0
PB1|PP755595.1|A/cattle/Texas/24-008749-003/2024(H5N1)	4	0
PB1|PP755595.1|A/cattle/Texas/24-008749-003/2024(H5N1)	5	0
PB1|PP755595.1|A/cattle/Texas/24-008749-003/2024(H5N1)	6	0
PB1|PP755595.1|A/cattle/Texas/24-008749-003/2024(H5N1)	7	0
PB1|PP755595.1|A/cattle/Texas/24-008749-003/2024(H5N1)	8	0
PB1|PP755595.1|A/cattle/Texas/24-008749-003/2024(H5N1)	9	0
PB1|PP755595.1|A/cattle/Texas/24-008749-003/2024(H5N1)	10	0
PB1|PP755595.1|A/cattle/Texas/24-008749-003/2024(H5N1)	11	0
PB1|PP755595.1|A/cattle/Texas/24-008749-003/2024(H5N1)	12	0
PB1|PP755595.1|A/cattle/Texas/24-008749-003/2024(H5N1)	13	0
PB1|PP755595.1|A/cattle/Texas/24-008749-003/2024(H5N1)	14	0
PB1|PP755595.1|A/cattle/Texas/24-008749-003/2024(H5N1)	15	0
PB1|PP755595.1|A/cattle/Texas/24-008749-003/2024(H5N1)	16	0
PB1|PP755595.1|A/cattle/Texas/24-008749-003/2024(H5N1)	17	0
PB1|PP755595.1|A/cattle/Texas/24-008749-003/2024(H5N1)	18	0
PB1|PP755595.1|A/cattle/Texas/24-008749-003/2024(H5N1)	19	0
PB1|PP755595.1|A/cattle/Texas/24-008749-003/2024(H5N1)	20	0
PB1|PP755595.1|A/cattle/Texas/24-008749-003/2024(H5N1)	21	0
PB1|PP755595.1|A/cattle/Texas/24-008749-003/2024(H5N1)	22	0
PB1|PP755595.1|A/cattle/Texas/24-008749-003/2024(H5N1)	23	0
PB1|PP755595.1|A/cattle/Texas/24-008749-003/2024(H5N1)	24	0
PB1|PP755595.1|A/cattle/Texas/24-008749-003/2024(H5N1)	25	0
PB1|PP755595.1|A/cattle/Texas/24-008749-003/2024(H5N1)	26	0
PB1|PP755595.1|A/cattle/Texas/24-008749-003/2024(H5N1)	27	0
PB1|PP755595.1|A/cattle/Texas/24-008749-003/2024(H5N1)	28	0
PB1|PP755595.1|A/cattle/Texas/24-008749-003/2024(H5N1)	29	0
PB1|PP755595.1|A/cattle/Texas/24-008749-003/2024(H5N1)	30	0
PB1|PP755595.1|A/cattle/Texas/24-008749-003/2024(H5N1)	31	0
PB1|PP755595.1|A/cattle/Texas/24-008749-003/2024(H5N1)	32	0
PB1|PP755595.1|A/cattle/Texas/24-008749-003/2024(H5N1)	33	0
PB1|PP755595.1|A/cattle/Texas/24-008749-003/2024(H5N1)	34	2
PB1|PP755595.1|A/cattle/Texas/24-008749-003/2024(H5N1)	35	2
PB1|PP755595.1|A/cattle/Texas/24-008749-003/2024(H5N1)	36	2
PB1|PP755595.1|A/cattle/Texas/24-008749-003/2024(H5N1)	37	2
PB1|PP755595.1|A/cattle/Texas/24-008749-003/2024(H5N1)	38	2
PB1|PP755595.1|A/cattle/Texas/24-008749-003/2024(H5N1)	39	2
PB1|PP755595.1|A/cattle/Texas/24-008749-003/2024(H5N1)	40	2
PB1|PP755595.1|A/cattle/Texas/24-008749-003/2024(H5N1)	41	2
PB1|PP755595.1|A/cattle/Texas/24-008749-003/2024(H5N1)	42	2
PB1|PP755595.1|A/cattle/Texas/24-008749-003/2024(H5N1)	43	2
PB1|PP755595.1|A/cattle/Texas/24-008749-003/2024(H5N1)	44	2
PB1|PP755595.1|A/cattle/Texas/24-008749-003/2024(H5N1)	45	2
PB1|PP755595.1|A/cattle/Texas/24-008749-003/2024(H5N1)	46	2
PB1|PP755595.1|A/cattle/Texas/24-008749-003/2024(H5N1)	47	2
PB1|PP755595.1|A/cattle/Texas/24-008749-003/2024(H5N1)	48	2
PB1|PP755595.1|A/cattle/Texas/24-008749-003/2024(H5N1)	49	2
PB1|PP755595.1|A/cattle/Texas/24-008749-003/2024(H5N1)	50	2
PB1|PP755595.1|A/cattle/Texas/24-008749-003/2024(H5N1)	51	2
PB1|PP755595.1|A/cattle/Texas/24-008749-003/2024(H5N1)	52	2
PB1|PP755595.1|A/cattle/Texas/24-008749-003/2024(H5N1)	53	2
PB1|PP755595.1|A/cattle/Texas/24-008749-003/2024(H5N1)	54	2
PB1|PP755595.1|A/cattle/Texas/24-008749-003/2024(H5N1)	55	2
PB1|PP755595.1|A/cattle/Texas/24-008749-003/2024(H5N1)	56	2
PB1|PP755595.1|A/cattle/Texas/24-008749-003/2024(H5N1)	57	2
PB1|PP755595.1|A/cattle/Texas/24-008749-003/2024(H5N1)	58	2
PB1|PP755595.1|A/cattle/Texas/24-008749-003/2024(H5N1)	59	4
PB1|PP755595.1|A/cattle/Texas/24-008749-003/2024(H5N1)	60	4
PB1|PP755595.1|A/cattle/Texas/24-008749-003/2024(H5N1)	61	4
PB1|PP755595.1|A/cattle/Texas/24-008749-003/2024(H5N1)	62	4
PB1|PP755595.1|A/cattle/Texas/24-008749-003/2024(H5N1)	63	4
PB1|PP755595.1|A/cattle/Texas/24-008749-003/2024(H5N1)	64	4
PB1|PP755595.1|A/cattle/Texas/24-008749-003/2024(H5N1)	65	4
PB1|PP755595.1|A/cattle/Texas/24-008749-003/2024(H5N1)	66	4
PB1|PP755595.1|A/cattle/Texas/24-008749-003/2024(H5N1)	67	4
PB1|PP755595.1|A/cattle/Texas/24-008749-003/2024(H5N1)	68	4
PB1|PP755595.1|A/cattle/Texas/24-008749-003/2024(H5N1)	69	4
PB1|PP755595.1|A/cattle/Texas/24-008749-003/2024(H5N1)	70	4
PB1|PP755595.1|A/cattle/Texas/24-008749-003/2024(H5N1)	71	4
PB1|PP755595.1|A/cattle/Texas/24-008749-003/2024(H5N1)	72	4
PB1|PP755595.1|A/cattle/Texas/24-008749-003/2024(H5N1)	73	4
PB1|PP755595.1|A/cattle/Texas/24-008749-003/2024(H5N1)	74	4
PB1|PP755595.1|A/cattle/Texas/24-008749-003/2024(H5N1)	75	4
PB1|PP755595.1|A/cattle/Texas/24-008749-003/2024(H5N1)	76	4
PB1|PP755595.1|A/cattle/Texas/24-008749-003/2024(H5N1)	77	4
PB1|PP755595.1|A/cattle/Texas/24-008749-003/2024(H5N1)	78	4
PB1|PP755595.1|A/cattle/Texas/24-008749-003/2024(H5N1)	79	4
PB1|PP755595.1|A/cattle/Texas/24-008749-003/2024(H5N1)	80	4
PB1|PP755595.1|A/cattle/Texas/24-008749-003/2024(H5N1)	81	4
PB1|PP755595.1|A/cattle/Texas/24-008749-003/2024(H5N1)	82	4
PB1|PP755595.1|A/cattle/Texas/24-008749-003/2024(H5N1)	83	4
PB1|PP755595.1|A/cattle/Texas/24-008749-003/2024(H5N1)	84	4
PB1|PP755595.1|A/cattle/Texas/24-008749-003/2024(H5N1)	85	4
PB1|PP755595.1|A/cattle/Texas/24-008749-003/2024(H5N1)	86	4
PB1|PP755595.1|A/cattle/Texas/24-008749-003/2024(H5N1)	87	4
PB1|PP755595.1|A/cattle/Texas/24-008749-003/2024(H5N1)	88	4
PB1|PP755595.1|A/cattle/Texas/24-008749-003/2024(H5N1)	89	4
PB1|PP755595.1|A/cattle/Texas/24-008749-003/2024(H5N1)	90	4
PB1|PP755595.1|A/cattle/Texas/24-008749-003/2024(H5N1)	91	4
PB1|PP755595.1|A/cattle/Texas/24-008749-003/2024(H5N1)	92	4
PB1|PP755595.1|A/cattle/Texas/24-008749-003/2024(H5N1)	93	4
PB1|PP755595.1|A/cattle/Texas/24-008749-003/2024(H5N1)	94	4
PB1|PP755595.1|A/cattle/Texas/24-008749-003/2024(H5N1)	95	4
PB1|PP755595.1|A/cattle/Texas/24-008749-003/2024(H5N1)	96	4
PB1|PP755595.1|A/cattle/Texas/24-008749-003/2024(H5N1)	97	4
PB1|PP755595.1|A/cattle/Texas/24-008749-003/2024(H5N1)	98	4
PB1|PP755595.1|A/cattle/Texas/24-008749-003/2024(H5N1)	99	4
PB1|PP755595.1|A/cattle/Texas/24-008749-003/2024(H5N1)	100	4
PB1|PP755595.1|A/cattle/Texas/24-008749-003/2024(H5N1)	101	4
PB1|PP755595.1|A/cattle/Texas/24-008749-003/2024(H5N1)	102	4
PB1|PP755595.1|A/cattle/Texas/24-008749-003/2024(H5N1)	103	4
PB1|PP755595.1|A/cattle/Texas/24-008749-003/2024(H5N1)	104	4
PB1|PP755595.1|A/cattle/Texas/24-008749-003/2024(H5N1)	105	4
PB1|PP755595.1|A/cattle/Texas/24-008749-003/2024(H5N1)	106	4
PB1|PP755595.1|A/cattle/Texas/24-008749-003/2024(H5N1)	107	4
PB1|PP755595.1|A/cattle/Texas/24-008749-003/2024(H5N1)	108	4
PB1|PP755595.1|A/cattle/Texas/24-008749-003/2024(H5N1)	109	5
PB1|PP755595.1|A/cattle/Texas/24-008749-003/2024(H5N1)	110	5
PB1|PP755595.1|A/cattle/Texas/24-008749-003/2024(H5N1)	111	5
PB1|PP755595.1|A/cattle/Texas/24-008749-003/2024(H5N1)	112	5
PB1|PP755595.1|A/cattle/Texas/24-008749-003/2024(H5N1)	113	5
PB1|PP755595.1|A/cattle/Texas/24-008749-003/2024(H5N1)	114	5
PB1|PP755595.1|A/cattle/Texas/24-008749-003/2024(H5N1)	115	5
PB1|PP755595.1|A/cattle/Texas/24-008749-003/2024(H5N1)	116	5
PB1|PP755595.1|A/cattle/Texas/24-008749-003/2024(H5N1)	117	5
PB1|PP755595.1|A/cattle/Texas/24-008749-003/2024(H5N1)	118	5
PB1|PP755595.1|A/cattle/Texas/24-008749-003/2024(H5N1)	119	5
PB1|PP755595.1|A/cattle/Texas/24-008749-003/2024(H5N1)	120	5
PB1|PP755595.1|A/cattle/Texas/24-008749-003/2024(H5N1)	121	5
PB1|PP755595.1|A/cattle/Texas/24-008749-003/2024(H5N1)	122	5
PB1|PP755595.1|A/cattle/Texas/24-008749-003/2024(H5N1)	123	5
PB1|PP755595.1|A/cattle/Texas/24-008749-003/2024(H5N1)	124	5
PB1|PP755595.1|A/cattle/Texas/24-008749-003/2024(H5N1)	125	5
PB1|PP755595.1|A/cattle/Texas/24-008749-003/2024(H5N1)	126	5
PB1|PP755595.1|A/cattle/Texas/24-008749-003/2024(H5N1)	127	5
PB1|PP755595.1|A/cattle/Texas/24-008749-003/2024(H5N1)	128	5
PB1|PP755595.1|A/cattle/Texas/24-008749-003/2024(H5N1)	129	5
PB1|PP755595.1|A/cattle/Texas/24-008749-003/2024(H5N1)	130	5
PB1|PP755595.1|A/cattle/Texas/24-008749-003/2024(H5N1)	131	5
PB1|PP755595.1|A/cattle/Texas/24-008749-003/2024(H5N1)	132	5
PB1|PP755595.1|A/cattle/Texas/24-008749-003/2024(H5N1)	133	5
PB1|PP755595.1|A/cattle/Texas/24-008749-003/2024(H5N1)	134	5
PB1|PP755595.1|A/cattle/Texas/24-008749-003/2024(H5N1)	135	5
PB1|PP755595.1|A/cattle/Texas/24-008749-003/2024(H5N1)	136	5
PB1|PP755595.1|A/cattle/Texas/24-008749-003/2024(H5N1)	137	5
PB1|PP755595.1|A/cattle/Texas/24-008749-003/2024(H5N1)	138	5
PB1|PP755595.1|A/cattle/Texas/24-008749-003/2024(H5N1)	139	6
PB1|PP755595.1|A/cattle/Texas/24-008749-003/2024(H5N1)	140	6
PB1|PP755595.1|A/cattle/Texas/24-008749-003/2024(H5N1)	141	6
PB1|PP755595.1|A/cattle/Texas/24-008749-003/2024(H5N1)	142	6
PB1|PP755595.1|A/cattle/Texas/24-008749-003/2024(H5N1)	143	6
PB1|PP755595.1|A/cattle/Texas/24-008749-003/2024(H5N1)	144	6
PB1|PP755595.1|A/cattle/Texas/24-008749-003/2024(H5N1)	145	6
PB1|PP755595.1|A/cattle/Texas/24-008749-003/2024(H5N1)	146	6
PB1|PP755595.1|A/cattle/Texas/24-008749-003/2024(H5N1)	147	6
PB1|PP755595.1|A/cattle/Texas/24-008749-003/2024(H5N1)	148	6
PB1|PP755595.1|A/cattle/Texas/24-008749-003/2024(H5N1)	149	6
PB1|PP755595.1|A/cattle/Texas/24-008749-003/2024(H5N1)	150	6
PB1|PP755595.1|A/cattle/Texas/24-008749-003/2024(H5N1)	151	6
PB1|PP755595.1|A/cattle/Texas/24-008749-003/2024(H5N1)	152	6
PB1|PP755595.1|A/cattle/Texas/24-008749-003/2024(H5N1)	153	6
PB1|PP755595.1|A/cattle/Texas/24-008749-003/2024(H5N1)	154	6
PB1|PP755595.1|A/cattle/Texas/24-008749-003/2024(H5N1)	155	6
PB1|PP755595.1|A/cattle/Texas/24-008749-003/2024(H5N1)	156	6
PB1|PP755595.1|A/cattle/Texas/24-008749-003/2024(H5N1)	157	6
PB1|PP755595.1|A/cattle/Texas/24-008749-003/2024(H5N1)	158	6
PB1|PP755595.1|A/cattle/Texas/24-008749-003/2024(H5N1)	159	6
PB1|PP755595.1|A/cattle/Texas/24-008749-003/2024(H5N1)	160	6
PB1|PP755595.1|A/cattle/Texas/24-008749-003/2024(H5N1)	161	6
PB1|PP755595.1|A/cattle/Texas/24-008749-003/2024(H5N1)	162	6
PB1|PP755595.1|A/cattle/Texas/24-008749-003/2024(H5N1)	163	6
PB1|PP755595.1|A/cattle/Texas/24-008749-003/2024(H5N1)	164	6
PB1|PP755595.1|A/cattle/Texas/24-008749-003/2024(H5N1)	165	6
PB1|PP755595.1|A/cattle/Texas/24-008749-003/2024(H5N1)	166	6
PB1|PP755595.1|A/cattle/Texas/24-008749-003/2024(H5N1)	167	6
PB1|PP755595.1|A/cattle/Texas/24-008749-003/2024(H5N1)	168	6
PB1|PP755595.1|A/cattle/Texas/24-008749-003/2024(H5N1)	169	6
PB1|PP755595.1|A/cattle/Texas/24-008749-003/2024(H5N1)	170	6
PB1|PP755595.1|A/cattle/Texas/24-008749-003/2024(H5N1)	171	6
PB1|PP755595.1|A/cattle/Texas/24-008749-003/2024(H5N1)	172	6
PB1|PP755595.1|A/cattle/Texas/24-008749-003/2024(H5N1)	173	6
PB1|PP755595.1|A/cattle/Texas/24-008749-003/2024(H5N1)	174	6
PB1|PP755595.1|A/cattle/Texas/24-008749-003/2024(H5N1)	175	6
PB1|PP755595.1|A/cattle/Texas/24-008749-003/2024(H5N1)	176	6
PB1|PP755595.1|A/cattle/Texas/24-008749-003/2024(H5N1)	177	6
PB1|PP755595.1|A/cattle/Texas/24-008749-003/2024(H5N1)	178	6
PB1|PP755595.1|A/cattle/Texas/24-008749-003/2024(H5N1)	179	6
PB1|PP755595.1|A/cattle/Texas/24-008749-003/2024(H5N1)	180	6
PB1|PP755595.1|A/cattle/Texas/24-008749-003/2024(H5N1)	181	6
PB1|PP755595.1|A/cattle/Texas/24-008749-003/2024(H5N1)	182	6
PB1|PP755595.1|A/cattle/Texas/24-008749-003/2024(H5N1)	183	6
PB1|PP755595.1|A/cattle/Texas/24-008749-003/2024(H5N1)	184	6
PB1|PP755595.1|A/cattle/Texas/24-008749-003/2024(H5N1)	185	6
PB1|PP755595.1|A/cattle/Texas/24-008749-003/2024(H5N1)	186	6
PB1|PP755595.1|A/cattle/Texas/24-008749-003/2024(H5N1)	187	6
PB1|PP755595.1|A/cattle/Texas/24-008749-003/2024(H5N1)	188	6
PB1|PP755595.1|A/cattle/Texas/24-008749-003/2024(H5N1)	189	6
PB1|PP755595.1|A/cattle/Texas/24-008749-003/2024(H5N1)	190	6
PB1|PP755595.1|A/cattle/Texas/24-008749-003/2024(H5N1)	191	6
PB1|PP755595.1|A/cattle/Texas/24-008749-003/2024(H5N1)	192	6
PB1|PP755595.1|A/cattle/Texas/24-008749-003/2024(H5N1)	193	6
PB1|PP755595.1|A/cattle/Texas/24-008749-003/2024(H5N1)	194	6
PB1|PP755595.1|A/cattle/Texas/24-008749-003/2024(H5N1)	195	6
PB1|PP755595.1|A/cattle/Texas/24-008749-003/2024(H5N1)	196	6
PB1|PP755595.1|A/cattle/Texas/24-008749-003/2024(H5N1)	197	6
PB1|PP755595.1|A/cattle/Texas/24-008749-003/2024(H5N1)	198	6
PB1|PP755595.1|A/cattle/Texas/24-008749-003/2024(H5N1)	199	6
PB1|PP755595.1|A/cattle/Texas/24-008749-003/2024(H5N1)	200	6
PB1|PP755595.1|A/cattle/Texas/24-008749-003/2024(H5N1)	201	6
PB1|PP755595.1|A/cattle/Texas/24-008749-003/2024(H5N1)	202	6
PB1|PP755595.1|A/cattle/Texas/24-008749-003/2024(H5N1)	203	6
PB1|PP755595.1|A/cattle/Texas/24-008749-003/2024(H5N1)	204	6
PB1|PP755595.1|A/cattle/Texas/24-008749-003/2024(H5N1)	205	6
PB1|PP755595.1|A/cattle/Texas/24-008749-003/2024(H5N1)	206	6
PB1|PP755595.1|A/cattle/Texas/24-008749-003/2024(H5N1)	207	6
PB1|PP755595.1|A/cattle/Texas/24-008749-003/2024(H5N1)	208	6
PB1|PP755595.1|A/cattle/Texas/24-008749-003/2024(H5N1)	209	6
PB1|PP755595.1|A/cattle/Texas/24-008749-003/2024(H5N1)	210	6
PB1|PP755595.1|A/cattle/Texas/24-008749-003/2024(H5N1)	211	6
PB1|PP755595.1|A/cattle/Texas/24-008749-003/2024(H5N1)	212	6
PB1|PP755595.1|A/cattle/Texas/24-008749-003/2024(H5N1)	213	6
PB1|PP755595.1|A/cattle/Texas/24-008749-003/2024(H5N1)	214	6
PB1|PP755595.1|A/cattle/Texas/24-008749-003/2024(H5N1)	215	6
PB1|PP755595.1|A/cattle/Texas/24-008749-003/2024(H5N1)	216	6
PB1|PP755595.1|A/cattle/Texas/24-008749-003/2024(H5N1)	217	6
PB1|PP755595.1|A/cattle/Texas/24-008749-003/2024(H5N1)	218	6
PB1|PP755595.1|A/cattle/Texas/24-008749-003/2024(H5N1)	219	6
PB1|PP755595.1|A/cattle/Texas/24-008749-003/2024(H5N1)	220	6
PB1|PP755595.1|A/cattle/Texas/24-008749-003/2024(H5N1)	221	6
PB1|PP755595.1|A/cattle/Texas/24-008749-003/2024(H5N1)	222	6
PB1|PP755595.1|A/cattle/Texas/24-008749-003/2024(H5N1)	223	6
PB1|PP755595.1|A/cattle/Texas/24-008749-003/2024(H5N1)	224	6
PB1|PP755595.1|A/cattle/Texas/24-008749-003/2024(H5N1)	225	6
PB1|PP755595.1|A/cattle/Texas/24-008749-003/2024(H5N1)	226	6
PB1|PP755595.1|A/cattle/Texas/24-008749-003/2024(H5N1)	227	6
PB1|PP755595.1|A/cattle/Texas/24-008749-003/2024(H5N1)	228	6
PB1|PP755595.1|A/cattle/Texas/24-008749-003/2024(H5N1)	229	6
PB1|PP755595.1|A/cattle/Texas/24-008749-003/2024(H5N1)	230	6
PB1|PP755595.1|A/cattle/Texas/24-008749-003/2024(H5N1)	231	6
PB1|PP755595.1|A/cattle/Texas/24-008749-003/2024(H5N1)	232	6
PB1|PP755595.1|A/cattle/Texas/24-008749-003/2024(H5N1)	233	6
PB1|PP755595.1|A/cattle/Texas/24-008749-003/2024(H5N1)	234	6
PB1|PP755595.1|A/cattle/Texas/24-008749-003/2024(H5N1)	235	6
PB1|PP755595.1|A/cattle/Texas/24-008749-003/2024(H5N1)	236	6
PB1|PP755595.1|A/cattle/Texas/24-008749-003/2024(H5N1)	237	6
PB1|PP755595.1|A/cattle/Texas/24-008749-003/2024(H5N1)	238	6
PB1|PP755595.1|A/cattle/Texas/24-008749-003/2024(H5N1)	239	6
PB1|PP755595.1|A/cattle/Texas/24-008749-003/2024(H5N1)	240	6
PB1|PP755595.1|A/cattle/Texas/24-008749-003/2024(H5N1)	241	6
PB1|PP755595.1|A/cattle/Texas/24-008749-003/2024(H5N1)	242	6
PB1|PP755595.1|A/cattle/Texas/24-008749-003/2024(H5N1)	243	6
PB1|PP755595.1|A/cattle/Texas/24-008749-003/2024(H5N1)	244	6
PB1|PP755595.1|A/cattle/Texas/24-008749-003/2024(H5N1)	245	6
PB1|PP755595.1|A/cattle/Texas/24-008749-003/2024(H5N1)	246	6
PB1|PP755595.1|A/cattle/Texas/24-008749-003/2024(H5N1)	247	6
PB1|PP755595.1|A/cattle/Texas/24-008749-003/2024(H5N1)	248	6
PB1|PP755595.1|A/cattle/Texas/24-008749-003/2024(H5N1)	249	6
PB1|PP755595.1|A/cattle/Texas/24-008749-003/2024(H5N1)	250	6
PB1|PP755595.1|A/cattle/Texas/24-008749-003/2024(H5N1)	251	6
PB1|PP755595.1|A/cattle/Texas/24-008749-003/2024(H5N1)	252	6
PB1|PP755595.1|A/cattle/Texas/24-008749-003/2024(H5N1)	253	6
PB1|PP755595.1|A/cattle/Texas/24-008749-003/2024(H5N1)	254	6
PB1|PP755595.1|A/cattle/Texas/24-008749-003/2024(H5N1)	255	6
PB1|PP755595.1|A/cattle/Texas/24-008749-003/2024(H5N1)	256	6
PB1|PP755595.1|A/cattle/Texas/24-008749-003/2024(H5N1)	257	6
PB1|PP755595.1|A/cattle/Texas/24-008749-003/2024(H5N1)	258	6
PB1|PP755595.1|A/cattle/Texas/24-008749-003/2024(H5N1)	259	6
PB1|PP755595.1|A/cattle/Texas/24-008749-003/2024(H5N1)	260	6
PB1|PP755595.1|A/cattle/Texas/24-008749-003/2024(H5N1)	261	6
PB1|PP755595.1|A/cattle/Texas/24-008749-003/2024(H5N1)	262	6
PB1|PP755595.1|A/cattle/Texas/24-008749-003/2024(H5N1)	263	6
PB1|PP755595.1|A/cattle/Texas/24-008749-003/2024(H5N1)	264	6
PB1|PP755595.1|A/cattle/Texas/24-008749-003/2024(H5N1)	265	4
PB1|PP755595.1|A/cattle/Texas/24-008749-003/2024(H5N1)	266	4
PB1|PP755595.1|A/cattle/Texas/24-008749-003/2024(H5N1)	267	4
PB1|PP755595.1|A/cattle/Texas/24-008749-003/2024(H5N1)	268	4
PB1|PP755595.1|A/cattle/Texas/24-008749-003/2024(H5N1)	269	4
PB1|PP755595.1|A/cattle/Texas/24-008749-003/2024(H5N1)	270	2
PB1|PP755595.1|A/cattle/Texas/24-008749-003/2024(H5N1)	271	2
PB1|PP755595.1|A/cattle/Texas/24-008749-003/2024(H5N1)	272	2
PB1|PP755595.1|A/cattle/Texas/24-008749-003/2024(H5N1)	273	2
PB1|PP755595.1|A/cattle/Texas/24-008749-003/2024(H5N1)	274	2
PB1|PP755595.1|A/cattle/Texas/24-008749-003/2024(H5N1)	275	2
PB1|PP755595.1|A/cattle/Texas/24-008749-003/2024(H5N1)	276	3
PB1|PP755595.1|A/cattle/Texas/24-008749-003/2024(H5N1)	277	3
PB1|PP755595.1|A/cattle/Texas/24-008749-003/2024(H5N1)	278	3
PB1|PP755595.1|A/cattle/Texas/24-008749-003/2024(H5N1)	279	3
PB1|PP755595.1|A/cattle/Texas/24-008749-003/2024(H5N1)	280	3
PB1|PP755595.1|A/cattle/Texas/24-008749-003/2024(H5N1)	281	3
PB1|PP755595.1|A/cattle/Texas/24-008749-003/2024(H5N1)	282	3
PB1|PP755595.1|A/cattle/Texas/24-008749-003/2024(H5N1)	283	3
PB1|PP755595.1|A/cattle/Texas/24-008749-003/2024(H5N1)	284	3
PB1|PP755595.1|A/cattle/Texas/24-008749-003/2024(H5N1)	285	3
PB1|PP755595.1|A/cattle/Texas/24-008749-003/2024(H5N1)	286	3
PB1|PP755595.1|A/cattle/Texas/24-008749-003/2024(H5N1)	287	3
PB1|PP755595.1|A/cattle/Texas/24-008749-003/2024(H5N1)	288	3
PB1|PP755595.1|A/cattle/Texas/24-008749-003/2024(H5N1)	289	3
PB1|PP755595.1|A/cattle/Texas/24-008749-003/2024(H5N1)	290	3
PB1|PP755595.1|A/cattle/Texas/24-008749-003/2024(H5N1)	291	3
PB1|PP755595.1|A/cattle/Texas/24-008749-003/2024(H5N1)	292	3
PB1|PP755595.1|A/cattle/Texas/24-008749-003/2024(H5N1)	293	3
PB1|PP755595.1|A/cattle/Texas/24-008749-003/2024(H5N1)	294	3
PB1|PP755595.1|A/cattle/Texas/24-008749-003/2024(H5N1)	295	3
PB1|PP755595.1|A/cattle/Texas/24-008749-003/2024(H5N1)	296	3
PB1|PP755595.1|A/cattle/Texas/24-008749-003/2024(H5N1)	297	3
PB1|PP755595.1|A/cattle/Texas/24-008749-003/2024(H5N1)	298	3
PB1|PP755595.1|A/cattle/Texas/24-008749-003/2024(H5N1)	299	3
PB1|PP755595.1|A/cattle/Texas/24-008749-003/2024(H5N1)	300	3
PB1|PP755595.1|A/cattle/Texas/24-008749-003/2024(H5N1)	301	3
PB1|PP755595.1|A/cattle/Texas/24-008749-003/2024(H5N1)	302	3
PB1|PP755595.1|A/cattle/Texas/24-008749-003/2024(H5N1)	303	3
PB1|PP755595.1|A/cattle/Texas/24-008749-003/2024(H5N1)	304	3
PB1|PP755595.1|A/cattle/Texas/24-008749-003/2024(H5N1)	305	3
PB1|PP755595.1|A/cattle/Texas/24-008749-003/2024(H5N1)	306	3
PB1|PP755595.1|A/cattle/Texas/24-008749-003/2024(H5N1)	307	3
PB1|PP755595.1|A/cattle/Texas/24-008749-003/2024(H5N1)	308	3
PB1|PP755595.1|A/cattle/Texas/24-008749-003/2024(H5N1)	309	3
PB1|PP755595.1|A/cattle/Texas/24-008749-003/2024(H5N1)	310	3
PB1|PP755595.1|A/cattle/Texas/24-008749-003/2024(H5N1)	311	3
PB1|PP755595.1|A/cattle/Texas/24-008749-003/2024(H5N1)	312	3
PB1|PP755595.1|A/cattle/Texas/24-008749-003/2024(H5N1)	313	3
PB1|PP755595.1|A/cattle/Texas/24-008749-003/2024(H5N1)	314	3
PB1|PP755595.1|A/cattle/Texas/24-008749-003/2024(H5N1)	315	3
PB1|PP755595.1|A/cattle/Texas/24-008749-003/2024(H5N1)	316	3
PB1|PP755595.1|A/cattle/Texas/24-008749-003/2024(H5N1)	317	3
PB1|PP755595.1|A/cattle/Texas/24-008749-003/2024(H5N1)	318	3
PB1|PP755595.1|A/cattle/Texas/24-008749-003/2024(H5N1)	319	3
PB1|PP755595.1|A/cattle/Texas/24-008749-003/2024(H5N1)	320	3
PB1|PP755595.1|A/cattle/Texas/24-008749-003/2024(H5N1)	321	3
PB1|PP755595.1|A/cattle/Texas/24-008749-003/2024(H5N1)	322	3
PB1|PP755595.1|A/cattle/Texas/24-008749-003/2024(H5N1)	323	3
PB1|PP755595.1|A/cattle/Texas/24-008749-003/2024(H5N1)	324	3
PB1|PP755595.1|A/cattle/Texas/24-008749-003/2024(H5N1)	325	3
PB1|PP755595.1|A/cattle/Texas/24-008749-003/2024(H5N1)	326	3
PB1|PP755595.1|A/cattle/Texas/24-008749-003/2024(H5N1)	327	3
PB1|PP755595.1|A/cattle/Texas/24-008749-003/2024(H5N1)	328	3
PB1|PP755595.1|A/cattle/Texas/24-008749-003/2024(H5N1)	329	3
PB1|PP755595.1|A/cattle/Texas/24-008749-003/2024(H5N1)	330	3
PB1|PP755595.1|A/cattle/Texas/24-008749-003/2024(H5N1)	331	3
PB1|PP755595.1|A/cattle/Texas/24-008749-003/2024(H5N1)	332	3
PB1|PP755595.1|A/cattle/Texas/24-008749-003/2024(H5N1)	333	3
PB1|PP755595.1|A/cattle/Texas/24-008749-003/2024(H5N1)	334	3
PB1|PP755595.1|A/cattle/Texas/24-008749-003/2024(H5N1)	335	3
PB1|PP755595.1|A/cattle/Texas/24-008749-003/2024(H5N1)	336	3
PB1|PP755595.1|A/cattle/Texas/24-008749-003/2024(H5N1)	337	3
PB1|PP755595.1|A/cattle/Texas/24-008749-003/2024(H5N1)	338	4
PB1|PP755595.1|A/cattle/Texas/24-008749-003/2024(H5N1)	339	4
PB1|PP755595.1|A/cattle/Texas/24-008749-003/2024(H5N1)	340	4
PB1|PP755595.1|A/cattle/Texas/24-008749-003/2024(H5N1)	341	4
PB1|PP755595.1|A/cattle/Texas/24-008749-003/2024(H5N1)	342	4
PB1|PP755595.1|A/cattle/Texas/24-008749-003/2024(H5N1)	343	4
PB1|PP755595.1|A/cattle/Texas/24-008749-003/2024(H5N1)	344	4
PB1|PP755595.1|A/cattle/Texas/24-008749-003/2024(H5N1)	345	4
PB1|PP755595.1|A/cattle/Texas/24-008749-003/2024(H5N1)	346	4
PB1|PP755595.1|A/cattle/Texas/24-008749-003/2024(H5N1)	347	4
PB1|PP755595.1|A/cattle/Texas/24-008749-003/2024(H5N1)	348	4
PB1|PP755595.1|A/cattle/Texas/24-008749-003/2024(H5N1)	349	4
PB1|PP755595.1|A/cattle/Texas/24-008749-003/2024(H5N1)	350	4
PB1|PP755595.1|A/cattle/Texas/24-008749-003/2024(H5N1)	351	4
PB1|PP755595.1|A/cattle/Texas/24-008749-003/2024(H5N1)	352	4
PB1|PP755595.1|A/cattle/Texas/24-008749-003/2024(H5N1)	353	4
PB1|PP755595.1|A/cattle/Texas/24-008749-003/2024(H5N1)	354	4
PB1|PP755595.1|A/cattle/Texas/24-008749-003/2024(H5N1)	355	4
PB1|PP755595.1|A/cattle/Texas/24-008749-003/2024(H5N1)	356	4
PB1|PP755595.1|A/cattle/Texas/24-008749-003/2024(H5N1)	357	4
PB1|PP755595.1|A/cattle/Texas/24-008749-003/2024(H5N1)	358	4
PB1|PP755595.1|A/cattle/Texas/24-008749-003/2024(H5N1)	359	4
PB1|PP755595.1|A/cattle/Texas/24-008749-003/2024(H5N1)	360	3
PB1|PP755595.1|A/cattle/Texas/24-008749-003/2024(H5N1)	361	3
PB1|PP755595.1|A/cattle/Texas/24-008749-003/2024(H5N1)	362	3
PB1|PP755595.1|A/cattle/Texas/24-008749-003/2024(H5N1)	363	3
PB1|PP755595.1|A/cattle/Texas/24-008749-003/2024(H5N1)	364	3
PB1|PP755595.1|A/cattle/Texas/24-008749-003/2024(H5N1)	365	3
PB1|PP755595.1|A/cattle/Texas/24-008749-003/2024(H5N1)	366	3
PB1|PP755595.1|A/cattle/Texas/24-008749-003/2024(H5N1)	367	3
PB1|PP755595.1|A/cattle/Texas/24-008749-003/2024(H5N1)	368	3
PB1|PP755595.1|A/cattle/Texas/24-008749-003/2024(H5N1)	369	3
PB1|PP755595.1|A/cattle/Texas/24-008749-003/2024(H5N1)	370	3
PB1|PP755595.1|A/cattle/Texas/24-008749-003/2024(H5N1)	371	3
PB1|PP755595.1|A/cattle/Texas/24-008749-003/2024(H5N1)	372	3
PB1|PP755595.1|A/cattle/Texas/24-008749-003/2024(H5N1)	373	3
PB1|PP755595.1|A/cattle/Texas/24-008749-003/2024(H5N1)	374	3
PB1|PP755595.1|A/cattle/Texas/24-008749-003/2024(H5N1)	375	3
PB1|PP755595.1|A/cattle/Texas/24-008749-003/2024(H5N1)	376	3
PB1|PP755595.1|A/cattle/Texas/24-008749-003/2024(H5N1)	377	3
PB1|PP755595.1|A/cattle/Texas/24-008749-003/2024(H5N1)	378	3
PB1|PP755595.1|A/cattle/Texas/24-008749-003/2024(H5N1)	379	3
PB1|PP755595.1|A/cattle/Texas/24-008749-003/2024(H5N1)	380	3
PB1|PP755595.1|A/cattle/Texas/24-008749-003/2024(H5N1)	381	4
PB1|PP755595.1|A/cattle/Texas/24-008749-003/2024(H5N1)	382	5
PB1|PP755595.1|A/cattle/Texas/24-008749-003/2024(H5N1)	383	5
PB1|PP755595.1|A/cattle/Texas/24-008749-003/2024(H5N1)	384	5
PB1|PP755595.1|A/cattle/Texas/24-008749-003/2024(H5N1)	385	5
PB1|PP755595.1|A/cattle/Texas/24-008749-003/2024(H5N1)	386	5
PB1|PP755595.1|A/cattle/Texas/24-008749-003/2024(H5N1)	387	5
PB1|PP755595.1|A/cattle/Texas/24-008749-003/2024(H5N1)	388	5
PB1|PP755595.1|A/cattle/Texas/24-008749-003/2024(H5N1)	389	5
PB1|PP755595.1|A/cattle/Texas/24-008749-003/2024(H5N1)	390	4
PB1|PP755595.1|A/cattle/Texas/24-008749-003/2024(H5N1)	391	4
PB1|PP755595.1|A/cattle/Texas/24-008749-003/2024(H5N1)	392	4
PB1|PP755595.1|A/cattle/Texas/24-008749-003/2024(H5N1)	393	4
PB1|PP755595.1|A/cattle/Texas/24-008749-003/2024(H5N1)	394	4
PB1|PP755595.1|A/cattle/Texas/24-008749-003/2024(H5N1)	395	4
PB1|PP755595.1|A/cattle/Texas/24-008749-003/2024(H5N1)	396	4
PB1|PP755595.1|A/cattle/Texas/24-008749-003/2024(H5N1)	397	4
PB1|PP755595.1|A/cattle/Texas/24-008749-003/2024(H5N1)	398	4
PB1|PP755595.1|A/cattle/Texas/24-008749-003/2024(H5N1)	399	4
PB1|PP755595.1|A/cattle/Texas/24-008749-003/2024(H5N1)	400	4
PB1|PP755595.1|A/cattle/Texas/24-008749-003/2024(H5N1)	401	4
PB1|PP755595.1|A/cattle/Texas/24-008749-003/2024(H5N1)	402	4
PB1|PP755595.1|A/cattle/Texas/24-008749-003/2024(H5N1)	403	4
PB1|PP755595.1|A/cattle/Texas/24-008749-003/2024(H5N1)	404	4
PB1|PP755595.1|A/cattle/Texas/24-008749-003/2024(H5N1)	405	4
PB1|PP755595.1|A/cattle/Texas/24-008749-003/2024(H5N1)	406	4
PB1|PP755595.1|A/cattle/Texas/24-008749-003/2024(H5N1)	407	4
PB1|PP755595.1|A/cattle/Texas/24-008749-003/2024(H5N1)	408	4
PB1|PP755595.1|A/cattle/Texas/24-008749-003/2024(H5N1)	409	4
PB1|PP755595.1|A/cattle/Texas/24-008749-003/2024(H5N1)	410	4
PB1|PP755595.1|A/cattle/Texas/24-008749-003/2024(H5N1)	411	4
PB1|PP755595.1|A/cattle/Texas/24-008749-003/2024(H5N1)	412	4
PB1|PP755595.1|A/cattle/Texas/24-008749-003/2024(H5N1)	413	4
PB1|PP755595.1|A/cattle/Texas/24-008749-003/2024(H5N1)	414	4
PB1|PP755595.1|A/cattle/Texas/24-008749-003/2024(H5N1)	415	4
PB1|PP755595.1|A/cattle/Texas/24-008749-003/2024(H5N1)	416	4
PB1|PP755595.1|A/cattle/Texas/24-008749-003/2024(H5N1)	417	4
PB1|PP755595.1|A/cattle/Texas/24-008749-003/2024(H5N1)	418	4
PB1|PP755595.1|A/cattle/Texas/24-008749-003/2024(H5N1)	419	4
PB1|PP755595.1|A/cattle/Texas/24-008749-003/2024(H5N1)	420	4
PB1|PP755595.1|A/cattle/Texas/24-008749-003/2024(H5N1)	421	4
PB1|PP755595.1|A/cattle/Texas/24-008749-003/2024(H5N1)	422	4
PB1|PP755595.1|A/cattle/Texas/24-008749-003/2024(H5N1)	423	4
PB1|PP755595.1|A/cattle/Texas/24-008749-003/2024(H5N1)	424	4
PB1|PP755595.1|A/cattle/Texas/24-008749-003/2024(H5N1)	425	4
PB1|PP755595.1|A/cattle/Texas/24-008749-003/2024(H5N1)	426	4
PB1|PP755595.1|A/cattle/Texas/24-008749-003/2024(H5N1)	427	4
PB1|PP755595.1|A/cattle/Texas/24-008749-003/2024(H5N1)	428	4
PB1|PP755595.1|A/cattle/Texas/24-008749-003/2024(H5N1)	429	4
PB1|PP755595.1|A/cattle/Texas/24-008749-003/2024(H5N1)	430	4
PB1|PP755595.1|A/cattle/Texas/24-008749-003/2024(H5N1)	431	4
PB1|PP755595.1|A/cattle/Texas/24-008749-003/2024(H5N1)	432	4
PB1|PP755595.1|A/cattle/Texas/24-008749-003/2024(H5N1)	433	4
PB1|PP755595.1|A/cattle/Texas/24-008749-003/2024(H5N1)	434	4
PB1|PP755595.1|A/cattle/Texas/24-008749-003/2024(H5N1)	435	4
PB1|PP755595.1|A/cattle/Texas/24-008749-003/2024(H5N1)	436	4
PB1|PP755595.1|A/cattle/Texas/24-008749-003/2024(H5N1)	437	4
PB1|PP755595.1|A/cattle/Texas/24-008749-003/2024(H5N1)	438	4
PB1|PP755595.1|A/cattle/Texas/24-008749-003/2024(H5N1)	439	4
PB1|PP755595.1|A/cattle/Texas/24-008749-003/2024(H5N1)	440	4
PB1|PP755595.1|A/cattle/Texas/24-008749-003/2024(H5N1)	441	4
PB1|PP755595.1|A/cattle/Texas/24-008749-003/2024(H5N1)	442	4
PB1|PP755595.1|A/cattle/Texas/24-008749-003/2024(H5N1)	443	4
PB1|PP755595.1|A/cattle/Texas/24-008749-003/2024(H5N1)	444	4
PB1|PP755595.1|A/cattle/Texas/24-008749-003/2024(H5N1)	445	4
PB1|PP755595.1|A/cattle/Texas/24-008749-003/2024(H5N1)	446	4
PB1|PP755595.1|A/cattle/Texas/24-008749-003/2024(H5N1)	447	4
PB1|PP755595.1|A/cattle/Texas/24-008749-003/2024(H5N1)	448	4
PB1|PP755595.1|A/cattle/Texas/24-008749-003/2024(H5N1)	449	4
PB1|PP755595.1|A/cattle/Texas/24-008749-003/2024(H5N1)	450	4
PB1|PP755595.1|A/cattle/Texas/24-008749-003/2024(H5N1)	451	4
PB1|PP755595.1|A/cattle/Texas/24-008749-003/2024(H5N1)	452	4
PB1|PP755595.1|A/cattle/Texas/24-008749-003/2024(H5N1)	453	4
PB1|PP755595.1|A/cattle/Texas/24-008749-003/2024(H5N1)	454	4
PB1|PP755595.1|A/cattle/Texas/24-008749-003/2024(H5N1)	455	4
PB1|PP755595.1|A/cattle/Texas/24-008749-003/2024(H5N1)	456	4
PB1|PP755595.1|A/cattle/Texas/24-008749-003/2024(H5N1)	457	4
PB1|PP755595.1|A/cattle/Texas/24-008749-003/2024(H5N1)	458	4
PB1|PP755595.1|A/cattle/Texas/24-008749-003/2024(H5N1)	459	4
PB1|PP755595.1|A/cattle/Texas/24-008749-003/2024(H5N1)	460	4
PB1|PP755595.1|A/cattle/Texas/24-008749-003/2024(H5N1)	461	5
PB1|PP755595.1|A/cattle/Texas/24-008749-003/2024(H5N1)	462	6
PB1|PP755595.1|A/cattle/Texas/24-008749-003/2024(H5N1)	463	6
PB1|PP755595.1|A/cattle/Texas/24-008749-003/2024(H5N1)	464	6
PB1|PP755595.1|A/cattle/Texas/24-008749-003/2024(H5N1)	465	6
PB1|PP755595.1|A/cattle/Texas/24-008749-003/2024(H5N1)	466	6
PB1|PP755595.1|A/cattle/Texas/24-008749-003/2024(H5N1)	467	6
PB1|PP755595.1|A/cattle/Texas/24-008749-003/2024(H5N1)	468	6
PB1|PP755595.1|A/cattle/Texas/24-008749-003/2024(H5N1)	469	6
PB1|PP755595.1|A/cattle/Texas/24-008749-003/2024(H5N1)	470	6
PB1|PP755595.1|A/cattle/Texas/24-008749-003/2024(H5N1)	471	6
PB1|PP755595.1|A/cattle/Texas/24-008749-003/2024(H5N1)	472	6
PB1|PP755595.1|A/cattle/Texas/24-008749-003/2024(H5N1)	473	6
PB1|PP755595.1|A/cattle/Texas/24-008749-003/2024(H5N1)	474	6
PB1|PP755595.1|A/cattle/Texas/24-008749-003/2024(H5N1)	475	6
PB1|PP755595.1|A/cattle/Texas/24-008749-003/2024(H5N1)	476	6
PB1|PP755595.1|A/cattle/Texas/24-008749-003/2024(H5N1)	477	6
PB1|PP755595.1|A/cattle/Texas/24-008749-003/2024(H5N1)	478	6
PB1|PP755595.1|A/cattle/Texas/24-008749-003/2024(H5N1)	479	6
PB1|PP755595.1|A/cattle/Texas/24-008749-003/2024(H5N1)	480	6
PB1|PP755595.1|A/cattle/Texas/24-008749-003/2024(H5N1)	481	6
PB1|PP755595.1|A/cattle/Texas/24-008749-003/2024(H5N1)	482	6
PB1|PP755595.1|A/cattle/Texas/24-008749-003/2024(H5N1)	483	6
PB1|PP755595.1|A/cattle/Texas/24-008749-003/2024(H5N1)	484	6
PB1|PP755595.1|A/cattle/Texas/24-008749-003/2024(H5N1)	485	6
PB1|PP755595.1|A/cattle/Texas/24-008749-003/2024(H5N1)	486	6
PB1|PP755595.1|A/cattle/Texas/24-008749-003/2024(H5N1)	487	6
PB1|PP755595.1|A/cattle/Texas/24-008749-003/2024(H5N1)	488	6
PB1|PP755595.1|A/cattle/Texas/24-008749-003/2024(H5N1)	489	6
PB1|PP755595.1|A/cattle/Texas/24-008749-003/2024(H5N1)	490	6
PB1|PP755595.1|A/cattle/Texas/24-008749-003/2024(H5N1)	491	6
PB1|PP755595.1|A/cattle/Texas/24-008749-003/2024(H5N1)	492	6
PB1|PP755595.1|A/cattle/Texas/24-008749-003/2024(H5N1)	493	6
PB1|PP755595.1|A/cattle/Texas/24-008749-003/2024(H5N1)	494	6
PB1|PP755595.1|A/cattle/Texas/24-008749-003/2024(H5N1)	495	6
PB1|PP755595.1|A/cattle/Texas/24-008749-003/2024(H5N1)	496	6
PB1|PP755595.1|A/cattle/Texas/24-008749-003/2024(H5N1)	497	6
PB1|PP755595.1|A/cattle/Texas/24-008749-003/2024(H5N1)	498	6
PB1|PP755595.1|A/cattle/Texas/24-008749-003/2024(H5N1)	499	6
PB1|PP755595.1|A/cattle/Texas/24-008749-003/2024(H5N1)	500	6
PB1|PP755595.1|A/cattle/Texas/24-008749-003/2024(H5N1)	501	6
PB1|PP755595.1|A/cattle/Texas/24-008749-003/2024(H5N1)	502	6
PB1|PP755595.1|A/cattle/Texas/24-008749-003/2024(H5N1)	503	6
PB1|PP755595.1|A/cattle/Texas/24-008749-003/2024(H5N1)	504	6
PB1|PP755595.1|A/cattle/Texas/24-008749-003/2024(H5N1)	505	6
PB1|PP755595.1|A/cattle/Texas/24-008749-003/2024(H5N1)	506	6
PB1|PP755595.1|A/cattle/Texas/24-008749-003/2024(H5N1)	507	6
PB1|PP755595.1|A/cattle/Texas/24-008749-003/2024(H5N1)	508	6
PB1|PP755595.1|A/cattle/Texas/24-008749-003/2024(H5N1)	509	6
PB1|PP755595.1|A/cattle/Texas/24-008749-003/2024(H5N1)	510	6
PB1|PP755595.1|A/cattle/Texas/24-008749-003/2024(H5N1)	511	6
PB1|PP755595.1|A/cattle/Texas/24-008749-003/2024(H5N1)	512	6
PB1|PP755595.1|A/cattle/Texas/24-008749-003/2024(H5N1)	513	6
PB1|PP755595.1|A/cattle/Texas/24-008749-003/2024(H5N1)	514	6
PB1|PP755595.1|A/cattle/Texas/24-008749-003/2024(H5N1)	515	6
PB1|PP755595.1|A/cattle/Texas/24-008749-003/2024(H5N1)	516	6
PB1|PP755595.1|A/cattle/Texas/24-008749-003/2024(H5N1)	517	6
PB1|PP755595.1|A/cattle/Texas/24-008749-003/2024(H5N1)	518	6
PB1|PP755595.1|A/cattle/Texas/24-008749-003/2024(H5N1)	519	6
PB1|PP755595.1|A/cattle/Texas/24-008749-003/2024(H5N1)	520	6
PB1|PP755595.1|A/cattle/Texas/24-008749-003/2024(H5N1)	521	6
PB1|PP755595.1|A/cattle/Texas/24-008749-003/2024(H5N1)	522	6
PB1|PP755595.1|A/cattle/Texas/24-008749-003/2024(H5N1)	523	6
PB1|PP755595.1|A/cattle/Texas/24-008749-003/2024(H5N1)	524	6
PB1|PP755595.1|A/cattle/Texas/24-008749-003/2024(H5N1)	525	6
PB1|PP755595.1|A/cattle/Texas/24-008749-003/2024(H5N1)	526	6
PB1|PP755595.1|A/cattle/Texas/24-008749-003/2024(H5N1)	527	5
PB1|PP755595.1|A/cattle/Texas/24-008749-003/2024(H5N1)	528	5
PB1|PP755595.1|A/cattle/Texas/24-008749-003/2024(H5N1)	529	5
PB1|PP755595.1|A/cattle/Texas/24-008749-003/2024(H5N1)	530	5
PB1|PP755595.1|A/cattle/Texas/24-008749-003/2024(H5N1)	531	5
PB1|PP755595.1|A/cattle/Texas/24-008749-003/2024(H5N1)	532	5
PB1|PP755595.1|A/cattle/Texas/24-008749-003/2024(H5N1)	533	6
PB1|PP755595.1|A/cattle/Texas/24-008749-003/2024(H5N1)	534	6
PB1|PP755595.1|A/cattle/Texas/24-008749-003/2024(H5N1)	535	6
PB1|PP755595.1|A/cattle/Texas/24-008749-003/2024(H5N1)	536	6
PB1|PP755595.1|A/cattle/Texas/24-008749-003/2024(H5N1)	537	6
PB1|PP755595.1|A/cattle/Texas/24-008749-003/2024(H5N1)	538	6
PB1|PP755595.1|A/cattle/Texas/24-008749-003/2024(H5N1)	539	6
PB1|PP755595.1|A/cattle/Texas/24-008749-003/2024(H5N1)	540	6
PB1|PP755595.1|A/cattle/Texas/24-008749-003/2024(H5N1)	541	6
PB1|PP755595.1|A/cattle/Texas/24-008749-003/2024(H5N1)	542	6
PB1|PP755595.1|A/cattle/Texas/24-008749-003/2024(H5N1)	543	6
PB1|PP755595.1|A/cattle/Texas/24-008749-003/2024(H5N1)	544	6
PB1|PP755595.1|A/cattle/Texas/24-008749-003/2024(H5N1)	545	6
PB1|PP755595.1|A/cattle/Texas/24-008749-003/2024(H5N1)	546	6
PB1|PP755595.1|A/cattle/Texas/24-008749-003/2024(H5N1)	547	6
PB1|PP755595.1|A/cattle/Texas/24-008749-003/2024(H5N1)	548	6
PB1|PP755595.1|A/cattle/Texas/24-008749-003/2024(H5N1)	549	6
PB1|PP755595.1|A/cattle/Texas/24-008749-003/2024(H5N1)	550	6
PB1|PP755595.1|A/cattle/Texas/24-008749-003/2024(H5N1)	551	6
PB1|PP755595.1|A/cattle/Texas/24-008749-003/2024(H5N1)	552	6
PB1|PP755595.1|A/cattle/Texas/24-008749-003/2024(H5N1)	553	6
PB1|PP755595.1|A/cattle/Texas/24-008749-003/2024(H5N1)	554	6
PB1|PP755595.1|A/cattle/Texas/24-008749-003/2024(H5N1)	555	6
PB1|PP755595.1|A/cattle/Texas/24-008749-003/2024(H5N1)	556	6
PB1|PP755595.1|A/cattle/Texas/24-008749-003/2024(H5N1)	557	6
PB1|PP755595.1|A/cattle/Texas/24-008749-003/2024(H5N1)	558	6
PB1|PP755595.1|A/cattle/Texas/24-008749-003/2024(H5N1)	559	6
PB1|PP755595.1|A/cattle/Texas/24-008749-003/2024(H5N1)	560	6
PB1|PP755595.1|A/cattle/Texas/24-008749-003/2024(H5N1)	561	6
PB1|PP755595.1|A/cattle/Texas/24-008749-003/2024(H5N1)	562	6
PB1|PP755595.1|A/cattle/Texas/24-008749-003/2024(H5N1)	563	6
PB1|PP755595.1|A/cattle/Texas/24-008749-003/2024(H5N1)	564	6
PB1|PP755595.1|A/cattle/Texas/24-008749-003/2024(H5N1)	565	6
PB1|PP755595.1|A/cattle/Texas/24-008749-003/2024(H5N1)	566	6
PB1|PP755595.1|A/cattle/Texas/24-008749-003/2024(H5N1)	567	6
PB1|PP755595.1|A/cattle/Texas/24-008749-003/2024(H5N1)	568	6
PB1|PP755595.1|A/cattle/Texas/24-008749-003/2024(H5N1)	569	6
PB1|PP755595.1|A/cattle/Texas/24-008749-003/2024(H5N1)	570	6
PB1|PP755595.1|A/cattle/Texas/24-008749-003/2024(H5N1)	571	7
PB1|PP755595.1|A/cattle/Texas/24-008749-003/2024(H5N1)	572	7
PB1|PP755595.1|A/cattle/Texas/24-008749-003/2024(H5N1)	573	7
PB1|PP755595.1|A/cattle/Texas/24-008749-003/2024(H5N1)	574	7
PB1|PP755595.1|A/cattle/Texas/24-008749-003/2024(H5N1)	575	7
PB1|PP755595.1|A/cattle/Texas/24-008749-003/2024(H5N1)	576	7
PB1|PP755595.1|A/cattle/Texas/24-008749-003/2024(H5N1)	577	7
PB1|PP755595.1|A/cattle/Texas/24-008749-003/2024(H5N1)	578	7
PB1|PP755595.1|A/cattle/Texas/24-008749-003/2024(H5N1)	579	7
PB1|PP755595.1|A/cattle/Texas/24-008749-003/2024(H5N1)	580	7
PB1|PP755595.1|A/cattle/Texas/24-008749-003/2024(H5N1)	581	7
PB1|PP755595.1|A/cattle/Texas/24-008749-003/2024(H5N1)	582	7
PB1|PP755595.1|A/cattle/Texas/24-008749-003/2024(H5N1)	583	7
PB1|PP755595.1|A/cattle/Texas/24-008749-003/2024(H5N1)	584	7
PB1|PP755595.1|A/cattle/Texas/24-008749-003/2024(H5N1)	585	7
PB1|PP755595.1|A/cattle/Texas/24-008749-003/2024(H5N1)	586	7
PB1|PP755595.1|A/cattle/Texas/24-008749-003/2024(H5N1)	587	7
PB1|PP755595.1|A/cattle/Texas/24-008749-003/2024(H5N1)	588	7
PB1|PP755595.1|A/cattle/Texas/24-008749-003/2024(H5N1)	589	7
PB1|PP755595.1|A/cattle/Texas/24-008749-003/2024(H5N1)	590	7
PB1|PP755595.1|A/cattle/Texas/24-008749-003/2024(H5N1)	591	7
PB1|PP755595.1|A/cattle/Texas/24-008749-003/2024(H5N1)	592	7
PB1|PP755595.1|A/cattle/Texas/24-008749-003/2024(H5N1)	593	7
PB1|PP755595.1|A/cattle/Texas/24-008749-003/2024(H5N1)	594	7
PB1|PP755595.1|A/cattle/Texas/24-008749-003/2024(H5N1)	595	7
PB1|PP755595.1|A/cattle/Texas/24-008749-003/2024(H5N1)	596	7
PB1|PP755595.1|A/cattle/Texas/24-008749-003/2024(H5N1)	597	7
PB1|PP755595.1|A/cattle/Texas/24-008749-003/2024(H5N1)	598	7
PB1|PP755595.1|A/cattle/Texas/24-008749-003/2024(H5N1)	599	7
PB1|PP755595.1|A/cattle/Texas/24-008749-003/2024(H5N1)	600	7
PB1|PP755595.1|A/cattle/Texas/24-008749-003/2024(H5N1)	601	7
PB1|PP755595.1|A/cattle/Texas/24-008749-003/2024(H5N1)	602	7
PB1|PP755595.1|A/cattle/Texas/24-008749-003/2024(H5N1)	603	7
PB1|PP755595.1|A/cattle/Texas/24-008749-003/2024(H5N1)	604	9
PB1|PP755595.1|A/cattle/Texas/24-008749-003/2024(H5N1)	605	9
PB1|PP755595.1|A/cattle/Texas/24-008749-003/2024(H5N1)	606	9
PB1|PP755595.1|A/cattle/Texas/24-008749-003/2024(H5N1)	607	9
PB1|PP755595.1|A/cattle/Texas/24-008749-003/2024(H5N1)	608	9
PB1|PP755595.1|A/cattle/Texas/24-008749-003/2024(H5N1)	609	9
PB1|PP755595.1|A/cattle/Texas/24-008749-003/2024(H5N1)	610	9
PB1|PP755595.1|A/cattle/Texas/24-008749-003/2024(H5N1)	611	9
PB1|PP755595.1|A/cattle/Texas/24-008749-003/2024(H5N1)	612	9
PB1|PP755595.1|A/cattle/Texas/24-008749-003/2024(H5N1)	613	9
PB1|PP755595.1|A/cattle/Texas/24-008749-003/2024(H5N1)	614	9
PB1|PP755595.1|A/cattle/Texas/24-008749-003/2024(H5N1)	615	9
PB1|PP755595.1|A/cattle/Texas/24-008749-003/2024(H5N1)	616	9
PB1|PP755595.1|A/cattle/Texas/24-008749-003/2024(H5N1)	617	9
PB1|PP755595.1|A/cattle/Texas/24-008749-003/2024(H5N1)	618	9
PB1|PP755595.1|A/cattle/Texas/24-008749-003/2024(H5N1)	619	9
PB1|PP755595.1|A/cattle/Texas/24-008749-003/2024(H5N1)	620	9
PB1|PP755595.1|A/cattle/Texas/24-008749-003/2024(H5N1)	621	9
PB1|PP755595.1|A/cattle/Texas/24-008749-003/2024(H5N1)	622	9
PB1|PP755595.1|A/cattle/Texas/24-008749-003/2024(H5N1)	623	9
PB1|PP755595.1|A/cattle/Texas/24-008749-003/2024(H5N1)	624	9
PB1|PP755595.1|A/cattle/Texas/24-008749-003/2024(H5N1)	625	9
PB1|PP755595.1|A/cattle/Texas/24-008749-003/2024(H5N1)	626	9
PB1|PP755595.1|A/cattle/Texas/24-008749-003/2024(H5N1)	627	9
PB1|PP755595.1|A/cattle/Texas/24-008749-003/2024(H5N1)	628	9
PB1|PP755595.1|A/cattle/Texas/24-008749-003/2024(H5N1)	629	9
PB1|PP755595.1|A/cattle/Texas/24-008749-003/2024(H5N1)	630	9
PB1|PP755595.1|A/cattle/Texas/24-008749-003/2024(H5N1)	631	8
PB1|PP755595.1|A/cattle/Texas/24-008749-003/2024(H5N1)	632	7
PB1|PP755595.1|A/cattle/Texas/24-008749-003/2024(H5N1)	633	7
PB1|PP755595.1|A/cattle/Texas/24-008749-003/2024(H5N1)	634	7
PB1|PP755595.1|A/cattle/Texas/24-008749-003/2024(H5N1)	635	7
PB1|PP755595.1|A/cattle/Texas/24-008749-003/2024(H5N1)	636	7
PB1|PP755595.1|A/cattle/Texas/24-008749-003/2024(H5N1)	637	7
PB1|PP755595.1|A/cattle/Texas/24-008749-003/2024(H5N1)	638	7
PB1|PP755595.1|A/cattle/Texas/24-008749-003/2024(H5N1)	639	7
PB1|PP755595.1|A/cattle/Texas/24-008749-003/2024(H5N1)	640	7
PB1|PP755595.1|A/cattle/Texas/24-008749-003/2024(H5N1)	641	7
PB1|PP755595.1|A/cattle/Texas/24-008749-003/2024(H5N1)	642	7
PB1|PP755595.1|A/cattle/Texas/24-008749-003/2024(H5N1)	643	7
PB1|PP755595.1|A/cattle/Texas/24-008749-003/2024(H5N1)	644	7
PB1|PP755595.1|A/cattle/Texas/24-008749-003/2024(H5N1)	645	7
PB1|PP755595.1|A/cattle/Texas/24-008749-003/2024(H5N1)	646	7
PB1|PP755595.1|A/cattle/Texas/24-008749-003/2024(H5N1)	647	7
PB1|PP755595.1|A/cattle/Texas/24-008749-003/2024(H5N1)	648	7
PB1|PP755595.1|A/cattle/Texas/24-008749-003/2024(H5N1)	649	7
PB1|PP755595.1|A/cattle/Texas/24-008749-003/2024(H5N1)	650	7
PB1|PP755595.1|A/cattle/Texas/24-008749-003/2024(H5N1)	651	7
PB1|PP755595.1|A/cattle/Texas/24-008749-003/2024(H5N1)	652	7
PB1|PP755595.1|A/cattle/Texas/24-008749-003/2024(H5N1)	653	7
PB1|PP755595.1|A/cattle/Texas/24-008749-003/2024(H5N1)	654	7
PB1|PP755595.1|A/cattle/Texas/24-008749-003/2024(H5N1)	655	7
PB1|PP755595.1|A/cattle/Texas/24-008749-003/2024(H5N1)	656	7
PB1|PP755595.1|A/cattle/Texas/24-008749-003/2024(H5N1)	657	7
PB1|PP755595.1|A/cattle/Texas/24-008749-003/2024(H5N1)	658	7
PB1|PP755595.1|A/cattle/Texas/24-008749-003/2024(H5N1)	659	8
PB1|PP755595.1|A/cattle/Texas/24-008749-003/2024(H5N1)	660	8
PB1|PP755595.1|A/cattle/Texas/24-008749-003/2024(H5N1)	661	8
PB1|PP755595.1|A/cattle/Texas/24-008749-003/2024(H5N1)	662	8
PB1|PP755595.1|A/cattle/Texas/24-008749-003/2024(H5N1)	663	8
PB1|PP755595.1|A/cattle/Texas/24-008749-003/2024(H5N1)	664	8
PB1|PP755595.1|A/cattle/Texas/24-008749-003/2024(H5N1)	665	8
PB1|PP755595.1|A/cattle/Texas/24-008749-003/2024(H5N1)	666	8
PB1|PP755595.1|A/cattle/Texas/24-008749-003/2024(H5N1)	667	8
PB1|PP755595.1|A/cattle/Texas/24-008749-003/2024(H5N1)	668	8
PB1|PP755595.1|A/cattle/Texas/24-008749-003/2024(H5N1)	669	8
PB1|PP755595.1|A/cattle/Texas/24-008749-003/2024(H5N1)	670	8
PB1|PP755595.1|A/cattle/Texas/24-008749-003/2024(H5N1)	671	8
PB1|PP755595.1|A/cattle/Texas/24-008749-003/2024(H5N1)	672	8
PB1|PP755595.1|A/cattle/Texas/24-008749-003/2024(H5N1)	673	8
PB1|PP755595.1|A/cattle/Texas/24-008749-003/2024(H5N1)	674	8
PB1|PP755595.1|A/cattle/Texas/24-008749-003/2024(H5N1)	675	8
PB1|PP755595.1|A/cattle/Texas/24-008749-003/2024(H5N1)	676	8
PB1|PP755595.1|A/cattle/Texas/24-008749-003/2024(H5N1)	677	8
PB1|PP755595.1|A/cattle/Texas/24-008749-003/2024(H5N1)	678	8
PB1|PP755595.1|A/cattle/Texas/24-008749-003/2024(H5N1)	679	8
PB1|PP755595.1|A/cattle/Texas/24-008749-003/2024(H5N1)	680	8
PB1|PP755595.1|A/cattle/Texas/24-008749-003/2024(H5N1)	681	8
PB1|PP755595.1|A/cattle/Texas/24-008749-003/2024(H5N1)	682	8
PB1|PP755595.1|A/cattle/Texas/24-008749-003/2024(H5N1)	683	8
PB1|PP755595.1|A/cattle/Texas/24-008749-003/2024(H5N1)	684	8
PB1|PP755595.1|A/cattle/Texas/24-008749-003/2024(H5N1)	685	8
PB1|PP755595.1|A/cattle/Texas/24-008749-003/2024(H5N1)	686	8
PB1|PP755595.1|A/cattle/Texas/24-008749-003/2024(H5N1)	687	8
PB1|PP755595.1|A/cattle/Texas/24-008749-003/2024(H5N1)	688	8
PB1|PP755595.1|A/cattle/Texas/24-008749-003/2024(H5N1)	689	8
PB1|PP755595.1|A/cattle/Texas/24-008749-003/2024(H5N1)	690	8
PB1|PP755595.1|A/cattle/Texas/24-008749-003/2024(H5N1)	691	8
PB1|PP755595.1|A/cattle/Texas/24-008749-003/2024(H5N1)	692	8
PB1|PP755595.1|A/cattle/Texas/24-008749-003/2024(H5N1)	693	8
PB1|PP755595.1|A/cattle/Texas/24-008749-003/2024(H5N1)	694	8
PB1|PP755595.1|A/cattle/Texas/24-008749-003/2024(H5N1)	695	8
PB1|PP755595.1|A/cattle/Texas/24-008749-003/2024(H5N1)	696	8
PB1|PP755595.1|A/cattle/Texas/24-008749-003/2024(H5N1)	697	8
PB1|PP755595.1|A/cattle/Texas/24-008749-003/2024(H5N1)	698	8
PB1|PP755595.1|A/cattle/Texas/24-008749-003/2024(H5N1)	699	8
PB1|PP755595.1|A/cattle/Texas/24-008749-003/2024(H5N1)	700	8
PB1|PP755595.1|A/cattle/Texas/24-008749-003/2024(H5N1)	701	8
PB1|PP755595.1|A/cattle/Texas/24-008749-003/2024(H5N1)	702	8
PB1|PP755595.1|A/cattle/Texas/24-008749-003/2024(H5N1)	703	8
PB1|PP755595.1|A/cattle/Texas/24-008749-003/2024(H5N1)	704	8
PB1|PP755595.1|A/cattle/Texas/24-008749-003/2024(H5N1)	705	8
PB1|PP755595.1|A/cattle/Texas/24-008749-003/2024(H5N1)	706	8
PB1|PP755595.1|A/cattle/Texas/24-008749-003/2024(H5N1)	707	8
PB1|PP755595.1|A/cattle/Texas/24-008749-003/2024(H5N1)	708	8
PB1|PP755595.1|A/cattle/Texas/24-008749-003/2024(H5N1)	709	8
PB1|PP755595.1|A/cattle/Texas/24-008749-003/2024(H5N1)	710	8
PB1|PP755595.1|A/cattle/Texas/24-008749-003/2024(H5N1)	711	8
PB1|PP755595.1|A/cattle/Texas/24-008749-003/2024(H5N1)	712	7
PB1|PP755595.1|A/cattle/Texas/24-008749-003/2024(H5N1)	713	6
PB1|PP755595.1|A/cattle/Texas/24-008749-003/2024(H5N1)	714	6
PB1|PP755595.1|A/cattle/Texas/24-008749-003/2024(H5N1)	715	6
PB1|PP755595.1|A/cattle/Texas/24-008749-003/2024(H5N1)	716	6
PB1|PP755595.1|A/cattle/Texas/24-008749-003/2024(H5N1)	717	6
PB1|PP755595.1|A/cattle/Texas/24-008749-003/2024(H5N1)	718	6
PB1|PP755595.1|A/cattle/Texas/24-008749-003/2024(H5N1)	719	6
PB1|PP755595.1|A/cattle/Texas/24-008749-003/2024(H5N1)	720	6
PB1|PP755595.1|A/cattle/Texas/24-008749-003/2024(H5N1)	721	6
PB1|PP755595.1|A/cattle/Texas/24-008749-003/2024(H5N1)	722	6
PB1|PP755595.1|A/cattle/Texas/24-008749-003/2024(H5N1)	723	6
PB1|PP755595.1|A/cattle/Texas/24-008749-003/2024(H5N1)	724	6
PB1|PP755595.1|A/cattle/Texas/24-008749-003/2024(H5N1)	725	6
PB1|PP755595.1|A/cattle/Texas/24-008749-003/2024(H5N1)	726	6
PB1|PP755595.1|A/cattle/Texas/24-008749-003/2024(H5N1)	727	6
PB1|PP755595.1|A/cattle/Texas/24-008749-003/2024(H5N1)	728	6
PB1|PP755595.1|A/cattle/Texas/24-008749-003/2024(H5N1)	729	6
PB1|PP755595.1|A/cattle/Texas/24-008749-003/2024(H5N1)	730	6
PB1|PP755595.1|A/cattle/Texas/24-008749-003/2024(H5N1)	731	6
PB1|PP755595.1|A/cattle/Texas/24-008749-003/2024(H5N1)	732	6
PB1|PP755595.1|A/cattle/Texas/24-008749-003/2024(H5N1)	733	5
PB1|PP755595.1|A/cattle/Texas/24-008749-003/2024(H5N1)	734	5
PB1|PP755595.1|A/cattle/Texas/24-008749-003/2024(H5N1)	735	5
PB1|PP755595.1|A/cattle/Texas/24-008749-003/2024(H5N1)	736	5
PB1|PP755595.1|A/cattle/Texas/24-008749-003/2024(H5N1)	737	5
PB1|PP755595.1|A/cattle/Texas/24-008749-003/2024(H5N1)	738	5
PB1|PP755595.1|A/cattle/Texas/24-008749-003/2024(H5N1)	739	5
PB1|PP755595.1|A/cattle/Texas/24-008749-003/2024(H5N1)	740	5
PB1|PP755595.1|A/cattle/Texas/24-008749-003/2024(H5N1)	741	5
PB1|PP755595.1|A/cattle/Texas/24-008749-003/2024(H5N1)	742	5
PB1|PP755595.1|A/cattle/Texas/24-008749-003/2024(H5N1)	743	5
PB1|PP755595.1|A/cattle/Texas/24-008749-003/2024(H5N1)	744	5
PB1|PP755595.1|A/cattle/Texas/24-008749-003/2024(H5N1)	745	5
PB1|PP755595.1|A/cattle/Texas/24-008749-003/2024(H5N1)	746	5
PB1|PP755595.1|A/cattle/Texas/24-008749-003/2024(H5N1)	747	5
PB1|PP755595.1|A/cattle/Texas/24-008749-003/2024(H5N1)	748	5
PB1|PP755595.1|A/cattle/Texas/24-008749-003/2024(H5N1)	749	5
PB1|PP755595.1|A/cattle/Texas/24-008749-003/2024(H5N1)	750	5
PB1|PP755595.1|A/cattle/Texas/24-008749-003/2024(H5N1)	751	5
PB1|PP755595.1|A/cattle/Texas/24-008749-003/2024(H5N1)	752	5
PB1|PP755595.1|A/cattle/Texas/24-008749-003/2024(H5N1)	753	5
PB1|PP755595.1|A/cattle/Texas/24-008749-003/2024(H5N1)	754	5
PB1|PP755595.1|A/cattle/Texas/24-008749-003/2024(H5N1)	755	6
PB1|PP755595.1|A/cattle/Texas/24-008749-003/2024(H5N1)	756	6
PB1|PP755595.1|A/cattle/Texas/24-008749-003/2024(H5N1)	757	6
PB1|PP755595.1|A/cattle/Texas/24-008749-003/2024(H5N1)	758	6
PB1|PP755595.1|A/cattle/Texas/24-008749-003/2024(H5N1)	759	6
PB1|PP755595.1|A/cattle/Texas/24-008749-003/2024(H5N1)	760	6
PB1|PP755595.1|A/cattle/Texas/24-008749-003/2024(H5N1)	761	6
PB1|PP755595.1|A/cattle/Texas/24-008749-003/2024(H5N1)	762	6
PB1|PP755595.1|A/cattle/Texas/24-008749-003/2024(H5N1)	763	6
PB1|PP755595.1|A/cattle/Texas/24-008749-003/2024(H5N1)	764	6
PB1|PP755595.1|A/cattle/Texas/24-008749-003/2024(H5N1)	765	6
PB1|PP755595.1|A/cattle/Texas/24-008749-003/2024(H5N1)	766	6
PB1|PP755595.1|A/cattle/Texas/24-008749-003/2024(H5N1)	767	6
PB1|PP755595.1|A/cattle/Texas/24-008749-003/2024(H5N1)	768	6
PB1|PP755595.1|A/cattle/Texas/24-008749-003/2024(H5N1)	769	6
PB1|PP755595.1|A/cattle/Texas/24-008749-003/2024(H5N1)	770	8
PB1|PP755595.1|A/cattle/Texas/24-008749-003/2024(H5N1)	771	9
PB1|PP755595.1|A/cattle/Texas/24-008749-003/2024(H5N1)	772	9
PB1|PP755595.1|A/cattle/Texas/24-008749-003/2024(H5N1)	773	9
PB1|PP755595.1|A/cattle/Texas/24-008749-003/2024(H5N1)	774	10
PB1|PP755595.1|A/cattle/Texas/24-008749-003/2024(H5N1)	775	10
PB1|PP755595.1|A/cattle/Texas/24-008749-003/2024(H5N1)	776	10
PB1|PP755595.1|A/cattle/Texas/24-008749-003/2024(H5N1)	777	10
PB1|PP755595.1|A/cattle/Texas/24-008749-003/2024(H5N1)	778	10
PB1|PP755595.1|A/cattle/Texas/24-008749-003/2024(H5N1)	779	10
PB1|PP755595.1|A/cattle/Texas/24-008749-003/2024(H5N1)	780	10
PB1|PP755595.1|A/cattle/Texas/24-008749-003/2024(H5N1)	781	10
PB1|PP755595.1|A/cattle/Texas/24-008749-003/2024(H5N1)	782	10
PB1|PP755595.1|A/cattle/Texas/24-008749-003/2024(H5N1)	783	9
PB1|PP755595.1|A/cattle/Texas/24-008749-003/2024(H5N1)	784	9
PB1|PP755595.1|A/cattle/Texas/24-008749-003/2024(H5N1)	785	9
PB1|PP755595.1|A/cattle/Texas/24-008749-003/2024(H5N1)	786	9
PB1|PP755595.1|A/cattle/Texas/24-008749-003/2024(H5N1)	787	9
PB1|PP755595.1|A/cattle/Texas/24-008749-003/2024(H5N1)	788	9
PB1|PP755595.1|A/cattle/Texas/24-008749-003/2024(H5N1)	789	9
PB1|PP755595.1|A/cattle/Texas/24-008749-003/2024(H5N1)	790	9
PB1|PP755595.1|A/cattle/Texas/24-008749-003/2024(H5N1)	791	9
PB1|PP755595.1|A/cattle/Texas/24-008749-003/2024(H5N1)	792	9
PB1|PP755595.1|A/cattle/Texas/24-008749-003/2024(H5N1)	793	9
PB1|PP755595.1|A/cattle/Texas/24-008749-003/2024(H5N1)	794	9
PB1|PP755595.1|A/cattle/Texas/24-008749-003/2024(H5N1)	795	9
PB1|PP755595.1|A/cattle/Texas/24-008749-003/2024(H5N1)	796	9
PB1|PP755595.1|A/cattle/Texas/24-008749-003/2024(H5N1)	797	9
PB1|PP755595.1|A/cattle/Texas/24-008749-003/2024(H5N1)	798	9
PB1|PP755595.1|A/cattle/Texas/24-008749-003/2024(H5N1)	799	9
PB1|PP755595.1|A/cattle/Texas/24-008749-003/2024(H5N1)	800	9
PB1|PP755595.1|A/cattle/Texas/24-008749-003/2024(H5N1)	801	9
PB1|PP755595.1|A/cattle/Texas/24-008749-003/2024(H5N1)	802	9
PB1|PP755595.1|A/cattle/Texas/24-008749-003/2024(H5N1)	803	9
PB1|PP755595.1|A/cattle/Texas/24-008749-003/2024(H5N1)	804	9
PB1|PP755595.1|A/cattle/Texas/24-008749-003/2024(H5N1)	805	9
PB1|PP755595.1|A/cattle/Texas/24-008749-003/2024(H5N1)	806	9
PB1|PP755595.1|A/cattle/Texas/24-008749-003/2024(H5N1)	807	9
PB1|PP755595.1|A/cattle/Texas/24-008749-003/2024(H5N1)	808	9
PB1|PP755595.1|A/cattle/Texas/24-008749-003/2024(H5N1)	809	9
PB1|PP755595.1|A/cattle/Texas/24-008749-003/2024(H5N1)	810	9
PB1|PP755595.1|A/cattle/Texas/24-008749-003/2024(H5N1)	811	9
PB1|PP755595.1|A/cattle/Texas/24-008749-003/2024(H5N1)	812	9
PB1|PP755595.1|A/cattle/Texas/24-008749-003/2024(H5N1)	813	9
PB1|PP755595.1|A/cattle/Texas/24-008749-003/2024(H5N1)	814	9
PB1|PP755595.1|A/cattle/Texas/24-008749-003/2024(H5N1)	815	10
PB1|PP755595.1|A/cattle/Texas/24-008749-003/2024(H5N1)	816	10
PB1|PP755595.1|A/cattle/Texas/24-008749-003/2024(H5N1)	817	11
PB1|PP755595.1|A/cattle/Texas/24-008749-003/2024(H5N1)	818	11
PB1|PP755595.1|A/cattle/Texas/24-008749-003/2024(H5N1)	819	11
PB1|PP755595.1|A/cattle/Texas/24-008749-003/2024(H5N1)	820	11
PB1|PP755595.1|A/cattle/Texas/24-008749-003/2024(H5N1)	821	11
PB1|PP755595.1|A/cattle/Texas/24-008749-003/2024(H5N1)	822	10
PB1|PP755595.1|A/cattle/Texas/24-008749-003/2024(H5N1)	823	10
PB1|PP755595.1|A/cattle/Texas/24-008749-003/2024(H5N1)	824	10
PB1|PP755595.1|A/cattle/Texas/24-008749-003/2024(H5N1)	825	10
PB1|PP755595.1|A/cattle/Texas/24-008749-003/2024(H5N1)	826	10
PB1|PP755595.1|A/cattle/Texas/24-008749-003/2024(H5N1)	827	10
PB1|PP755595.1|A/cattle/Texas/24-008749-003/2024(H5N1)	828	10
PB1|PP755595.1|A/cattle/Texas/24-008749-003/2024(H5N1)	829	10
PB1|PP755595.1|A/cattle/Texas/24-008749-003/2024(H5N1)	830	10
PB1|PP755595.1|A/cattle/Texas/24-008749-003/2024(H5N1)	831	10
PB1|PP755595.1|A/cattle/Texas/24-008749-003/2024(H5N1)	832	10
PB1|PP755595.1|A/cattle/Texas/24-008749-003/2024(H5N1)	833	10
PB1|PP755595.1|A/cattle/Texas/24-008749-003/2024(H5N1)	834	10
PB1|PP755595.1|A/cattle/Texas/24-008749-003/2024(H5N1)	835	11
PB1|PP755595.1|A/cattle/Texas/24-008749-003/2024(H5N1)	836	11
PB1|PP755595.1|A/cattle/Texas/24-008749-003/2024(H5N1)	837	11
PB1|PP755595.1|A/cattle/Texas/24-008749-003/2024(H5N1)	838	11
PB1|PP755595.1|A/cattle/Texas/24-008749-003/2024(H5N1)	839	11
PB1|PP755595.1|A/cattle/Texas/24-008749-003/2024(H5N1)	840	12
PB1|PP755595.1|A/cattle/Texas/24-008749-003/2024(H5N1)	841	12
PB1|PP755595.1|A/cattle/Texas/24-008749-003/2024(H5N1)	842	12
PB1|PP755595.1|A/cattle/Texas/24-008749-003/2024(H5N1)	843	12
PB1|PP755595.1|A/cattle/Texas/24-008749-003/2024(H5N1)	844	12
PB1|PP755595.1|A/cattle/Texas/24-008749-003/2024(H5N1)	845	12
PB1|PP755595.1|A/cattle/Texas/24-008749-003/2024(H5N1)	846	12
PB1|PP755595.1|A/cattle/Texas/24-008749-003/2024(H5N1)	847	12
PB1|PP755595.1|A/cattle/Texas/24-008749-003/2024(H5N1)	848	12
PB1|PP755595.1|A/cattle/Texas/24-008749-003/2024(H5N1)	849	12
PB1|PP755595.1|A/cattle/Texas/24-008749-003/2024(H5N1)	850	12
PB1|PP755595.1|A/cattle/Texas/24-008749-003/2024(H5N1)	851	12
PB1|PP755595.1|A/cattle/Texas/24-008749-003/2024(H5N1)	852	12
PB1|PP755595.1|A/cattle/Texas/24-008749-003/2024(H5N1)	853	12
PB1|PP755595.1|A/cattle/Texas/24-008749-003/2024(H5N1)	854	12
PB1|PP755595.1|A/cattle/Texas/24-008749-003/2024(H5N1)	855	10
PB1|PP755595.1|A/cattle/Texas/24-008749-003/2024(H5N1)	856	10
PB1|PP755595.1|A/cattle/Texas/24-008749-003/2024(H5N1)	857	10
PB1|PP755595.1|A/cattle/Texas/24-008749-003/2024(H5N1)	858	10
PB1|PP755595.1|A/cattle/Texas/24-008749-003/2024(H5N1)	859	10
PB1|PP755595.1|A/cattle/Texas/24-008749-003/2024(H5N1)	860	10
PB1|PP755595.1|A/cattle/Texas/24-008749-003/2024(H5N1)	861	10
PB1|PP755595.1|A/cattle/Texas/24-008749-003/2024(H5N1)	862	10
PB1|PP755595.1|A/cattle/Texas/24-008749-003/2024(H5N1)	863	10
PB1|PP755595.1|A/cattle/Texas/24-008749-003/2024(H5N1)	864	10
PB1|PP755595.1|A/cattle/Texas/24-008749-003/2024(H5N1)	865	10
PB1|PP755595.1|A/cattle/Texas/24-008749-003/2024(H5N1)	866	10
PB1|PP755595.1|A/cattle/Texas/24-008749-003/2024(H5N1)	867	10
PB1|PP755595.1|A/cattle/Texas/24-008749-003/2024(H5N1)	868	10
PB1|PP755595.1|A/cattle/Texas/24-008749-003/2024(H5N1)	869	10
PB1|PP755595.1|A/cattle/Texas/24-008749-003/2024(H5N1)	870	10
PB1|PP755595.1|A/cattle/Texas/24-008749-003/2024(H5N1)	871	10
PB1|PP755595.1|A/cattle/Texas/24-008749-003/2024(H5N1)	872	10
PB1|PP755595.1|A/cattle/Texas/24-008749-003/2024(H5N1)	873	10
PB1|PP755595.1|A/cattle/Texas/24-008749-003/2024(H5N1)	874	10
PB1|PP755595.1|A/cattle/Texas/24-008749-003/2024(H5N1)	875	10
PB1|PP755595.1|A/cattle/Texas/24-008749-003/2024(H5N1)	876	10
PB1|PP755595.1|A/cattle/Texas/24-008749-003/2024(H5N1)	877	10
PB1|PP755595.1|A/cattle/Texas/24-008749-003/2024(H5N1)	878	10
PB1|PP755595.1|A/cattle/Texas/24-008749-003/2024(H5N1)	879	10
PB1|PP755595.1|A/cattle/Texas/24-008749-003/2024(H5N1)	880	10
PB1|PP755595.1|A/cattle/Texas/24-008749-003/2024(H5N1)	881	10
PB1|PP755595.1|A/cattle/Texas/24-008749-003/2024(H5N1)	882	10
PB1|PP755595.1|A/cattle/Texas/24-008749-003/2024(H5N1)	883	10
PB1|PP755595.1|A/cattle/Texas/24-008749-003/2024(H5N1)	884	10
PB1|PP755595.1|A/cattle/Texas/24-008749-003/2024(H5N1)	885	10
PB1|PP755595.1|A/cattle/Texas/24-008749-003/2024(H5N1)	886	10
PB1|PP755595.1|A/cattle/Texas/24-008749-003/2024(H5N1)	887	11
PB1|PP755595.1|A/cattle/Texas/24-008749-003/2024(H5N1)	888	11
PB1|PP755595.1|A/cattle/Texas/24-008749-003/2024(H5N1)	889	11
PB1|PP755595.1|A/cattle/Texas/24-008749-003/2024(H5N1)	890	11
PB1|PP755595.1|A/cattle/Texas/24-008749-003/2024(H5N1)	891	11
PB1|PP755595.1|A/cattle/Texas/24-008749-003/2024(H5N1)	892	11
PB1|PP755595.1|A/cattle/Texas/24-008749-003/2024(H5N1)	893	11
PB1|PP755595.1|A/cattle/Texas/24-008749-003/2024(H5N1)	894	11
PB1|PP755595.1|A/cattle/Texas/24-008749-003/2024(H5N1)	895	11
PB1|PP755595.1|A/cattle/Texas/24-008749-003/2024(H5N1)	896	11
PB1|PP755595.1|A/cattle/Texas/24-008749-003/2024(H5N1)	897	11
PB1|PP755595.1|A/cattle/Texas/24-008749-003/2024(H5N1)	898	11
PB1|PP755595.1|A/cattle/Texas/24-008749-003/2024(H5N1)	899	11
PB1|PP755595.1|A/cattle/Texas/24-008749-003/2024(H5N1)	900	11
PB1|PP755595.1|A/cattle/Texas/24-008749-003/2024(H5N1)	901	11
PB1|PP755595.1|A/cattle/Texas/24-008749-003/2024(H5N1)	902	11
PB1|PP755595.1|A/cattle/Texas/24-008749-003/2024(H5N1)	903	11
PB1|PP755595.1|A/cattle/Texas/24-008749-003/2024(H5N1)	904	11
PB1|PP755595.1|A/cattle/Texas/24-008749-003/2024(H5N1)	905	11
PB1|PP755595.1|A/cattle/Texas/24-008749-003/2024(H5N1)	906	11
PB1|PP755595.1|A/cattle/Texas/24-008749-003/2024(H5N1)	907	11
PB1|PP755595.1|A/cattle/Texas/24-008749-003/2024(H5N1)	908	11
PB1|PP755595.1|A/cattle/Texas/24-008749-003/2024(H5N1)	909	11
PB1|PP755595.1|A/cattle/Texas/24-008749-003/2024(H5N1)	910	10
PB1|PP755595.1|A/cattle/Texas/24-008749-003/2024(H5N1)	911	10
PB1|PP755595.1|A/cattle/Texas/24-008749-003/2024(H5N1)	912	10
PB1|PP755595.1|A/cattle/Texas/24-008749-003/2024(H5N1)	913	10
PB1|PP755595.1|A/cattle/Texas/24-008749-003/2024(H5N1)	914	10
PB1|PP755595.1|A/cattle/Texas/24-008749-003/2024(H5N1)	915	10
PB1|PP755595.1|A/cattle/Texas/24-008749-003/2024(H5N1)	916	10
PB1|PP755595.1|A/cattle/Texas/24-008749-003/2024(H5N1)	917	10
PB1|PP755595.1|A/cattle/Texas/24-008749-003/2024(H5N1)	918	10
PB1|PP755595.1|A/cattle/Texas/24-008749-003/2024(H5N1)	919	10
PB1|PP755595.1|A/cattle/Texas/24-008749-003/2024(H5N1)	920	10
PB1|PP755595.1|A/cattle/Texas/24-008749-003/2024(H5N1)	921	10
PB1|PP755595.1|A/cattle/Texas/24-008749-003/2024(H5N1)	922	10
PB1|PP755595.1|A/cattle/Texas/24-008749-003/2024(H5N1)	923	10
PB1|PP755595.1|A/cattle/Texas/24-008749-003/2024(H5N1)	924	10
PB1|PP755595.1|A/cattle/Texas/24-008749-003/2024(H5N1)	925	10
PB1|PP755595.1|A/cattle/Texas/24-008749-003/2024(H5N1)	926	10
PB1|PP755595.1|A/cattle/Texas/24-008749-003/2024(H5N1)	927	10
PB1|PP755595.1|A/cattle/Texas/24-008749-003/2024(H5N1)	928	10
PB1|PP755595.1|A/cattle/Texas/24-008749-003/2024(H5N1)	929	10
PB1|PP755595.1|A/cattle/Texas/24-008749-003/2024(H5N1)	930	10
PB1|PP755595.1|A/cattle/Texas/24-008749-003/2024(H5N1)	931	10
PB1|PP755595.1|A/cattle/Texas/24-008749-003/2024(H5N1)	932	10
PB1|PP755595.1|A/cattle/Texas/24-008749-003/2024(H5N1)	933	10
PB1|PP755595.1|A/cattle/Texas/24-008749-003/2024(H5N1)	934	10
PB1|PP755595.1|A/cattle/Texas/24-008749-003/2024(H5N1)	935	10
PB1|PP755595.1|A/cattle/Texas/24-008749-003/2024(H5N1)	936	10
PB1|PP755595.1|A/cattle/Texas/24-008749-003/2024(H5N1)	937	10
PB1|PP755595.1|A/cattle/Texas/24-008749-003/2024(H5N1)	938	10
PB1|PP755595.1|A/cattle/Texas/24-008749-003/2024(H5N1)	939	10
PB1|PP755595.1|A/cattle/Texas/24-008749-003/2024(H5N1)	940	10
PB1|PP755595.1|A/cattle/Texas/24-008749-003/2024(H5N1)	941	10
PB1|PP755595.1|A/cattle/Texas/24-008749-003/2024(H5N1)	942	10
PB1|PP755595.1|A/cattle/Texas/24-008749-003/2024(H5N1)	943	10
PB1|PP755595.1|A/cattle/Texas/24-008749-003/2024(H5N1)	944	10
PB1|PP755595.1|A/cattle/Texas/24-008749-003/2024(H5N1)	945	10
PB1|PP755595.1|A/cattle/Texas/24-008749-003/2024(H5N1)	946	10
PB1|PP755595.1|A/cattle/Texas/24-008749-003/2024(H5N1)	947	11
PB1|PP755595.1|A/cattle/Texas/24-008749-003/2024(H5N1)	948	11
PB1|PP755595.1|A/cattle/Texas/24-008749-003/2024(H5N1)	949	11
PB1|PP755595.1|A/cattle/Texas/24-008749-003/2024(H5N1)	950	11
PB1|PP755595.1|A/cattle/Texas/24-008749-003/2024(H5N1)	951	11
PB1|PP755595.1|A/cattle/Texas/24-008749-003/2024(H5N1)	952	11
PB1|PP755595.1|A/cattle/Texas/24-008749-003/2024(H5N1)	953	11
PB1|PP755595.1|A/cattle/Texas/24-008749-003/2024(H5N1)	954	11
PB1|PP755595.1|A/cattle/Texas/24-008749-003/2024(H5N1)	955	11
PB1|PP755595.1|A/cattle/Texas/24-008749-003/2024(H5N1)	956	11
PB1|PP755595.1|A/cattle/Texas/24-008749-003/2024(H5N1)	957	11
PB1|PP755595.1|A/cattle/Texas/24-008749-003/2024(H5N1)	958	11
PB1|PP755595.1|A/cattle/Texas/24-008749-003/2024(H5N1)	959	11
PB1|PP755595.1|A/cattle/Texas/24-008749-003/2024(H5N1)	960	11
PB1|PP755595.1|A/cattle/Texas/24-008749-003/2024(H5N1)	961	11
PB1|PP755595.1|A/cattle/Texas/24-008749-003/2024(H5N1)	962	11
PB1|PP755595.1|A/cattle/Texas/24-008749-003/2024(H5N1)	963	11
PB1|PP755595.1|A/cattle/Texas/24-008749-003/2024(H5N1)	964	11
PB1|PP755595.1|A/cattle/Texas/24-008749-003/2024(H5N1)	965	11
PB1|PP755595.1|A/cattle/Texas/24-008749-003/2024(H5N1)	966	11
PB1|PP755595.1|A/cattle/Texas/24-008749-003/2024(H5N1)	967	11
PB1|PP755595.1|A/cattle/Texas/24-008749-003/2024(H5N1)	968	11
PB1|PP755595.1|A/cattle/Texas/24-008749-003/2024(H5N1)	969	11
PB1|PP755595.1|A/cattle/Texas/24-008749-003/2024(H5N1)	970	11
PB1|PP755595.1|A/cattle/Texas/24-008749-003/2024(H5N1)	971	12
PB1|PP755595.1|A/cattle/Texas/24-008749-003/2024(H5N1)	972	12
PB1|PP755595.1|A/cattle/Texas/24-008749-003/2024(H5N1)	973	12
PB1|PP755595.1|A/cattle/Texas/24-008749-003/2024(H5N1)	974	12
PB1|PP755595.1|A/cattle/Texas/24-008749-003/2024(H5N1)	975	12
PB1|PP755595.1|A/cattle/Texas/24-008749-003/2024(H5N1)	976	12
PB1|PP755595.1|A/cattle/Texas/24-008749-003/2024(H5N1)	977	12
PB1|PP755595.1|A/cattle/Texas/24-008749-003/2024(H5N1)	978	12
PB1|PP755595.1|A/cattle/Texas/24-008749-003/2024(H5N1)	979	12
PB1|PP755595.1|A/cattle/Texas/24-008749-003/2024(H5N1)	980	12
PB1|PP755595.1|A/cattle/Texas/24-008749-003/2024(H5N1)	981	13
PB1|PP755595.1|A/cattle/Texas/24-008749-003/2024(H5N1)	982	13
PB1|PP755595.1|A/cattle/Texas/24-008749-003/2024(H5N1)	983	13
PB1|PP755595.1|A/cattle/Texas/24-008749-003/2024(H5N1)	984	13
PB1|PP755595.1|A/cattle/Texas/24-008749-003/2024(H5N1)	985	13
PB1|PP755595.1|A/cattle/Texas/24-008749-003/2024(H5N1)	986	13
PB1|PP755595.1|A/cattle/Texas/24-008749-003/2024(H5N1)	987	13
PB1|PP755595.1|A/cattle/Texas/24-008749-003/2024(H5N1)	988	13
PB1|PP755595.1|A/cattle/Texas/24-008749-003/2024(H5N1)	989	13
PB1|PP755595.1|A/cattle/Texas/24-008749-003/2024(H5N1)	990	13
PB1|PP755595.1|A/cattle/Texas/24-008749-003/2024(H5N1)	991	13
PB1|PP755595.1|A/cattle/Texas/24-008749-003/2024(H5N1)	992	13
PB1|PP755595.1|A/cattle/Texas/24-008749-003/2024(H5N1)	993	13
PB1|PP755595.1|A/cattle/Texas/24-008749-003/2024(H5N1)	994	13
PB1|PP755595.1|A/cattle/Texas/24-008749-003/2024(H5N1)	995	13
PB1|PP755595.1|A/cattle/Texas/24-008749-003/2024(H5N1)	996	14
PB1|PP755595.1|A/cattle/Texas/24-008749-003/2024(H5N1)	997	14
PB1|PP755595.1|A/cattle/Texas/24-008749-003/2024(H5N1)	998	14
PB1|PP755595.1|A/cattle/Texas/24-008749-003/2024(H5N1)	999	14
PB1|PP755595.1|A/cattle/Texas/24-008749-003/2024(H5N1)	1000	14
PB1|PP755595.1|A/cattle/Texas/24-008749-003/2024(H5N1)	1001	14
PB1|PP755595.1|A/cattle/Texas/24-008749-003/2024(H5N1)	1002	14
PB1|PP755595.1|A/cattle/Texas/24-008749-003/2024(H5N1)	1003	14
PB1|PP755595.1|A/cattle/Texas/24-008749-003/2024(H5N1)	1004	14
PB1|PP755595.1|A/cattle/Texas/24-008749-003/2024(H5N1)	1005	14
PB1|PP755595.1|A/cattle/Texas/24-008749-003/2024(H5N1)	1006	14
PB1|PP755595.1|A/cattle/Texas/24-008749-003/2024(H5N1)	1007	14
PB1|PP755595.1|A/cattle/Texas/24-008749-003/2024(H5N1)	1008	14
PB1|PP755595.1|A/cattle/Texas/24-008749-003/2024(H5N1)	1009	14
PB1|PP755595.1|A/cattle/Texas/24-008749-003/2024(H5N1)	1010	14
PB1|PP755595.1|A/cattle/Texas/24-008749-003/2024(H5N1)	1011	14
PB1|PP755595.1|A/cattle/Texas/24-008749-003/2024(H5N1)	1012	14
PB1|PP755595.1|A/cattle/Texas/24-008749-003/2024(H5N1)	1013	14
PB1|PP755595.1|A/cattle/Texas/24-008749-003/2024(H5N1)	1014	14
PB1|PP755595.1|A/cattle/Texas/24-008749-003/2024(H5N1)	1015	14
PB1|PP755595.1|A/cattle/Texas/24-008749-003/2024(H5N1)	1016	14
PB1|PP755595.1|A/cattle/Texas/24-008749-003/2024(H5N1)	1017	14
PB1|PP755595.1|A/cattle/Texas/24-008749-003/2024(H5N1)	1018	14
PB1|PP755595.1|A/cattle/Texas/24-008749-003/2024(H5N1)	1019	14
PB1|PP755595.1|A/cattle/Texas/24-008749-003/2024(H5N1)	1020	14
PB1|PP755595.1|A/cattle/Texas/24-008749-003/2024(H5N1)	1021	15
PB1|PP755595.1|A/cattle/Texas/24-008749-003/2024(H5N1)	1022	14
PB1|PP755595.1|A/cattle/Texas/24-008749-003/2024(H5N1)	1023	14
PB1|PP755595.1|A/cattle/Texas/24-008749-003/2024(H5N1)	1024	14
PB1|PP755595.1|A/cattle/Texas/24-008749-003/2024(H5N1)	1025	13
PB1|PP755595.1|A/cattle/Texas/24-008749-003/2024(H5N1)	1026	13
PB1|PP755595.1|A/cattle/Texas/24-008749-003/2024(H5N1)	1027	13
PB1|PP755595.1|A/cattle/Texas/24-008749-003/2024(H5N1)	1028	13
PB1|PP755595.1|A/cattle/Texas/24-008749-003/2024(H5N1)	1029	13
PB1|PP755595.1|A/cattle/Texas/24-008749-003/2024(H5N1)	1030	13
PB1|PP755595.1|A/cattle/Texas/24-008749-003/2024(H5N1)	1031	13
PB1|PP755595.1|A/cattle/Texas/24-008749-003/2024(H5N1)	1032	13
PB1|PP755595.1|A/cattle/Texas/24-008749-003/2024(H5N1)	1033	13
PB1|PP755595.1|A/cattle/Texas/24-008749-003/2024(H5N1)	1034	13
PB1|PP755595.1|A/cattle/Texas/24-008749-003/2024(H5N1)	1035	13
PB1|PP755595.1|A/cattle/Texas/24-008749-003/2024(H5N1)	1036	13
PB1|PP755595.1|A/cattle/Texas/24-008749-003/2024(H5N1)	1037	13
PB1|PP755595.1|A/cattle/Texas/24-008749-003/2024(H5N1)	1038	13
PB1|PP755595.1|A/cattle/Texas/24-008749-003/2024(H5N1)	1039	13
PB1|PP755595.1|A/cattle/Texas/24-008749-003/2024(H5N1)	1040	13
PB1|PP755595.1|A/cattle/Texas/24-008749-003/2024(H5N1)	1041	13
PB1|PP755595.1|A/cattle/Texas/24-008749-003/2024(H5N1)	1042	13
PB1|PP755595.1|A/cattle/Texas/24-008749-003/2024(H5N1)	1043	13
PB1|PP755595.1|A/cattle/Texas/24-008749-003/2024(H5N1)	1044	13
PB1|PP755595.1|A/cattle/Texas/24-008749-003/2024(H5N1)	1045	13
PB1|PP755595.1|A/cattle/Texas/24-008749-003/2024(H5N1)	1046	13
PB1|PP755595.1|A/cattle/Texas/24-008749-003/2024(H5N1)	1047	13
PB1|PP755595.1|A/cattle/Texas/24-008749-003/2024(H5N1)	1048	13
PB1|PP755595.1|A/cattle/Texas/24-008749-003/2024(H5N1)	1049	14
PB1|PP755595.1|A/cattle/Texas/24-008749-003/2024(H5N1)	1050	14
PB1|PP755595.1|A/cattle/Texas/24-008749-003/2024(H5N1)	1051	14
PB1|PP755595.1|A/cattle/Texas/24-008749-003/2024(H5N1)	1052	14
PB1|PP755595.1|A/cattle/Texas/24-008749-003/2024(H5N1)	1053	14
PB1|PP755595.1|A/cattle/Texas/24-008749-003/2024(H5N1)	1054	14
PB1|PP755595.1|A/cattle/Texas/24-008749-003/2024(H5N1)	1055	14
PB1|PP755595.1|A/cattle/Texas/24-008749-003/2024(H5N1)	1056	14
PB1|PP755595.1|A/cattle/Texas/24-008749-003/2024(H5N1)	1057	14
PB1|PP755595.1|A/cattle/Texas/24-008749-003/2024(H5N1)	1058	15
PB1|PP755595.1|A/cattle/Texas/24-008749-003/2024(H5N1)	1059	15
PB1|PP755595.1|A/cattle/Texas/24-008749-003/2024(H5N1)	1060	15
PB1|PP755595.1|A/cattle/Texas/24-008749-003/2024(H5N1)	1061	15
PB1|PP755595.1|A/cattle/Texas/24-008749-003/2024(H5N1)	1062	15
PB1|PP755595.1|A/cattle/Texas/24-008749-003/2024(H5N1)	1063	15
PB1|PP755595.1|A/cattle/Texas/24-008749-003/2024(H5N1)	1064	15
PB1|PP755595.1|A/cattle/Texas/24-008749-003/2024(H5N1)	1065	14
PB1|PP755595.1|A/cattle/Texas/24-008749-003/2024(H5N1)	1066	14
PB1|PP755595.1|A/cattle/Texas/24-008749-003/2024(H5N1)	1067	14
PB1|PP755595.1|A/cattle/Texas/24-008749-003/2024(H5N1)	1068	13
PB1|PP755595.1|A/cattle/Texas/24-008749-003/2024(H5N1)	1069	13
PB1|PP755595.1|A/cattle/Texas/24-008749-003/2024(H5N1)	1070	13
PB1|PP755595.1|A/cattle/Texas/24-008749-003/2024(H5N1)	1071	13
PB1|PP755595.1|A/cattle/Texas/24-008749-003/2024(H5N1)	1072	13
PB1|PP755595.1|A/cattle/Texas/24-008749-003/2024(H5N1)	1073	13
PB1|PP755595.1|A/cattle/Texas/24-008749-003/2024(H5N1)	1074	13
PB1|PP755595.1|A/cattle/Texas/24-008749-003/2024(H5N1)	1075	13
PB1|PP755595.1|A/cattle/Texas/24-008749-003/2024(H5N1)	1076	13
PB1|PP755595.1|A/cattle/Texas/24-008749-003/2024(H5N1)	1077	13
PB1|PP755595.1|A/cattle/Texas/24-008749-003/2024(H5N1)	1078	13
PB1|PP755595.1|A/cattle/Texas/24-008749-003/2024(H5N1)	1079	13
PB1|PP755595.1|A/cattle/Texas/24-008749-003/2024(H5N1)	1080	13
PB1|PP755595.1|A/cattle/Texas/24-008749-003/2024(H5N1)	1081	13
PB1|PP755595.1|A/cattle/Texas/24-008749-003/2024(H5N1)	1082	13
PB1|PP755595.1|A/cattle/Texas/24-008749-003/2024(H5N1)	1083	13
PB1|PP755595.1|A/cattle/Texas/24-008749-003/2024(H5N1)	1084	13
PB1|PP755595.1|A/cattle/Texas/24-008749-003/2024(H5N1)	1085	12
PB1|PP755595.1|A/cattle/Texas/24-008749-003/2024(H5N1)	1086	12
PB1|PP755595.1|A/cattle/Texas/24-008749-003/2024(H5N1)	1087	12
PB1|PP755595.1|A/cattle/Texas/24-008749-003/2024(H5N1)	1088	12
PB1|PP755595.1|A/cattle/Texas/24-008749-003/2024(H5N1)	1089	12
PB1|PP755595.1|A/cattle/Texas/24-008749-003/2024(H5N1)	1090	12
PB1|PP755595.1|A/cattle/Texas/24-008749-003/2024(H5N1)	1091	11
PB1|PP755595.1|A/cattle/Texas/24-008749-003/2024(H5N1)	1092	11
PB1|PP755595.1|A/cattle/Texas/24-008749-003/2024(H5N1)	1093	11
PB1|PP755595.1|A/cattle/Texas/24-008749-003/2024(H5N1)	1094	11
PB1|PP755595.1|A/cattle/Texas/24-008749-003/2024(H5N1)	1095	11
PB1|PP755595.1|A/cattle/Texas/24-008749-003/2024(H5N1)	1096	11
PB1|PP755595.1|A/cattle/Texas/24-008749-003/2024(H5N1)	1097	13
PB1|PP755595.1|A/cattle/Texas/24-008749-003/2024(H5N1)	1098	13
PB1|PP755595.1|A/cattle/Texas/24-008749-003/2024(H5N1)	1099	13
PB1|PP755595.1|A/cattle/Texas/24-008749-003/2024(H5N1)	1100	13
PB1|PP755595.1|A/cattle/Texas/24-008749-003/2024(H5N1)	1101	13
PB1|PP755595.1|A/cattle/Texas/24-008749-003/2024(H5N1)	1102	13
PB1|PP755595.1|A/cattle/Texas/24-008749-003/2024(H5N1)	1103	13
PB1|PP755595.1|A/cattle/Texas/24-008749-003/2024(H5N1)	1104	13
PB1|PP755595.1|A/cattle/Texas/24-008749-003/2024(H5N1)	1105	13
PB1|PP755595.1|A/cattle/Texas/24-008749-003/2024(H5N1)	1106	13
PB1|PP755595.1|A/cattle/Texas/24-008749-003/2024(H5N1)	1107	13
PB1|PP755595.1|A/cattle/Texas/24-008749-003/2024(H5N1)	1108	13
PB1|PP755595.1|A/cattle/Texas/24-008749-003/2024(H5N1)	1109	13
PB1|PP755595.1|A/cattle/Texas/24-008749-003/2024(H5N1)	1110	13
PB1|PP755595.1|A/cattle/Texas/24-008749-003/2024(H5N1)	1111	13
PB1|PP755595.1|A/cattle/Texas/24-008749-003/2024(H5N1)	1112	13
PB1|PP755595.1|A/cattle/Texas/24-008749-003/2024(H5N1)	1113	13
PB1|PP755595.1|A/cattle/Texas/24-008749-003/2024(H5N1)	1114	13
PB1|PP755595.1|A/cattle/Texas/24-008749-003/2024(H5N1)	1115	13
PB1|PP755595.1|A/cattle/Texas/24-008749-003/2024(H5N1)	1116	13
PB1|PP755595.1|A/cattle/Texas/24-008749-003/2024(H5N1)	1117	13
PB1|PP755595.1|A/cattle/Texas/24-008749-003/2024(H5N1)	1118	13
PB1|PP755595.1|A/cattle/Texas/24-008749-003/2024(H5N1)	1119	13
PB1|PP755595.1|A/cattle/Texas/24-008749-003/2024(H5N1)	1120	13
PB1|PP755595.1|A/cattle/Texas/24-008749-003/2024(H5N1)	1121	13
PB1|PP755595.1|A/cattle/Texas/24-008749-003/2024(H5N1)	1122	13
PB1|PP755595.1|A/cattle/Texas/24-008749-003/2024(H5N1)	1123	13
PB1|PP755595.1|A/cattle/Texas/24-008749-003/2024(H5N1)	1124	13
PB1|PP755595.1|A/cattle/Texas/24-008749-003/2024(H5N1)	1125	14
PB1|PP755595.1|A/cattle/Texas/24-008749-003/2024(H5N1)	1126	14
PB1|PP755595.1|A/cattle/Texas/24-008749-003/2024(H5N1)	1127	14
PB1|PP755595.1|A/cattle/Texas/24-008749-003/2024(H5N1)	1128	14
PB1|PP755595.1|A/cattle/Texas/24-008749-003/2024(H5N1)	1129	14
PB1|PP755595.1|A/cattle/Texas/24-008749-003/2024(H5N1)	1130	15
PB1|PP755595.1|A/cattle/Texas/24-008749-003/2024(H5N1)	1131	15
PB1|PP755595.1|A/cattle/Texas/24-008749-003/2024(H5N1)	1132	15
PB1|PP755595.1|A/cattle/Texas/24-008749-003/2024(H5N1)	1133	15
PB1|PP755595.1|A/cattle/Texas/24-008749-003/2024(H5N1)	1134	15
PB1|PP755595.1|A/cattle/Texas/24-008749-003/2024(H5N1)	1135	15
PB1|PP755595.1|A/cattle/Texas/24-008749-003/2024(H5N1)	1136	15
PB1|PP755595.1|A/cattle/Texas/24-008749-003/2024(H5N1)	1137	15
PB1|PP755595.1|A/cattle/Texas/24-008749-003/2024(H5N1)	1138	14
PB1|PP755595.1|A/cattle/Texas/24-008749-003/2024(H5N1)	1139	14
PB1|PP755595.1|A/cattle/Texas/24-008749-003/2024(H5N1)	1140	15
PB1|PP755595.1|A/cattle/Texas/24-008749-003/2024(H5N1)	1141	15
PB1|PP755595.1|A/cattle/Texas/24-008749-003/2024(H5N1)	1142	15
PB1|PP755595.1|A/cattle/Texas/24-008749-003/2024(H5N1)	1143	15
PB1|PP755595.1|A/cattle/Texas/24-008749-003/2024(H5N1)	1144	15
PB1|PP755595.1|A/cattle/Texas/24-008749-003/2024(H5N1)	1145	15
PB1|PP755595.1|A/cattle/Texas/24-008749-003/2024(H5N1)	1146	15
PB1|PP755595.1|A/cattle/Texas/24-008749-003/2024(H5N1)	1147	15
PB1|PP755595.1|A/cattle/Texas/24-008749-003/2024(H5N1)	1148	15
PB1|PP755595.1|A/cattle/Texas/24-008749-003/2024(H5N1)	1149	15
PB1|PP755595.1|A/cattle/Texas/24-008749-003/2024(H5N1)	1150	15
PB1|PP755595.1|A/cattle/Texas/24-008749-003/2024(H5N1)	1151	15
PB1|PP755595.1|A/cattle/Texas/24-008749-003/2024(H5N1)	1152	15
PB1|PP755595.1|A/cattle/Texas/24-008749-003/2024(H5N1)	1153	15
PB1|PP755595.1|A/cattle/Texas/24-008749-003/2024(H5N1)	1154	15
PB1|PP755595.1|A/cattle/Texas/24-008749-003/2024(H5N1)	1155	15
PB1|PP755595.1|A/cattle/Texas/24-008749-003/2024(H5N1)	1156	15
PB1|PP755595.1|A/cattle/Texas/24-008749-003/2024(H5N1)	1157	15
PB1|PP755595.1|A/cattle/Texas/24-008749-003/2024(H5N1)	1158	15
PB1|PP755595.1|A/cattle/Texas/24-008749-003/2024(H5N1)	1159	15
PB1|PP755595.1|A/cattle/Texas/24-008749-003/2024(H5N1)	1160	15
PB1|PP755595.1|A/cattle/Texas/24-008749-003/2024(H5N1)	1161	15
PB1|PP755595.1|A/cattle/Texas/24-008749-003/2024(H5N1)	1162	15
PB1|PP755595.1|A/cattle/Texas/24-008749-003/2024(H5N1)	1163	15
PB1|PP755595.1|A/cattle/Texas/24-008749-003/2024(H5N1)	1164	15
PB1|PP755595.1|A/cattle/Texas/24-008749-003/2024(H5N1)	1165	16
PB1|PP755595.1|A/cattle/Texas/24-008749-003/2024(H5N1)	1166	16
PB1|PP755595.1|A/cattle/Texas/24-008749-003/2024(H5N1)	1167	16
PB1|PP755595.1|A/cattle/Texas/24-008749-003/2024(H5N1)	1168	16
PB1|PP755595.1|A/cattle/Texas/24-008749-003/2024(H5N1)	1169	16
PB1|PP755595.1|A/cattle/Texas/24-008749-003/2024(H5N1)	1170	16
PB1|PP755595.1|A/cattle/Texas/24-008749-003/2024(H5N1)	1171	16
PB1|PP755595.1|A/cattle/Texas/24-008749-003/2024(H5N1)	1172	16
PB1|PP755595.1|A/cattle/Texas/24-008749-003/2024(H5N1)	1173	16
PB1|PP755595.1|A/cattle/Texas/24-008749-003/2024(H5N1)	1174	16
PB1|PP755595.1|A/cattle/Texas/24-008749-003/2024(H5N1)	1175	16
PB1|PP755595.1|A/cattle/Texas/24-008749-003/2024(H5N1)	1176	16
PB1|PP755595.1|A/cattle/Texas/24-008749-003/2024(H5N1)	1177	16
PB1|PP755595.1|A/cattle/Texas/24-008749-003/2024(H5N1)	1178	16
PB1|PP755595.1|A/cattle/Texas/24-008749-003/2024(H5N1)	1179	16
PB1|PP755595.1|A/cattle/Texas/24-008749-003/2024(H5N1)	1180	16
PB1|PP755595.1|A/cattle/Texas/24-008749-003/2024(H5N1)	1181	16
PB1|PP755595.1|A/cattle/Texas/24-008749-003/2024(H5N1)	1182	16
PB1|PP755595.1|A/cattle/Texas/24-008749-003/2024(H5N1)	1183	16
PB1|PP755595.1|A/cattle/Texas/24-008749-003/2024(H5N1)	1184	16
PB1|PP755595.1|A/cattle/Texas/24-008749-003/2024(H5N1)	1185	16
PB1|PP755595.1|A/cattle/Texas/24-008749-003/2024(H5N1)	1186	16
PB1|PP755595.1|A/cattle/Texas/24-008749-003/2024(H5N1)	1187	16
PB1|PP755595.1|A/cattle/Texas/24-008749-003/2024(H5N1)	1188	16
PB1|PP755595.1|A/cattle/Texas/24-008749-003/2024(H5N1)	1189	16
PB1|PP755595.1|A/cattle/Texas/24-008749-003/2024(H5N1)	1190	16
PB1|PP755595.1|A/cattle/Texas/24-008749-003/2024(H5N1)	1191	16
PB1|PP755595.1|A/cattle/Texas/24-008749-003/2024(H5N1)	1192	16
PB1|PP755595.1|A/cattle/Texas/24-008749-003/2024(H5N1)	1193	16
PB1|PP755595.1|A/cattle/Texas/24-008749-003/2024(H5N1)	1194	16
PB1|PP755595.1|A/cattle/Texas/24-008749-003/2024(H5N1)	1195	16
PB1|PP755595.1|A/cattle/Texas/24-008749-003/2024(H5N1)	1196	16
PB1|PP755595.1|A/cattle/Texas/24-008749-003/2024(H5N1)	1197	16
PB1|PP755595.1|A/cattle/Texas/24-008749-003/2024(H5N1)	1198	15
PB1|PP755595.1|A/cattle/Texas/24-008749-003/2024(H5N1)	1199	15
PB1|PP755595.1|A/cattle/Texas/24-008749-003/2024(H5N1)	1200	15
PB1|PP755595.1|A/cattle/Texas/24-008749-003/2024(H5N1)	1201	15
PB1|PP755595.1|A/cattle/Texas/24-008749-003/2024(H5N1)	1202	15
PB1|PP755595.1|A/cattle/Texas/24-008749-003/2024(H5N1)	1203	15
PB1|PP755595.1|A/cattle/Texas/24-008749-003/2024(H5N1)	1204	13
PB1|PP755595.1|A/cattle/Texas/24-008749-003/2024(H5N1)	1205	13
PB1|PP755595.1|A/cattle/Texas/24-008749-003/2024(H5N1)	1206	13
PB1|PP755595.1|A/cattle/Texas/24-008749-003/2024(H5N1)	1207	13
PB1|PP755595.1|A/cattle/Texas/24-008749-003/2024(H5N1)	1208	13
PB1|PP755595.1|A/cattle/Texas/24-008749-003/2024(H5N1)	1209	13
PB1|PP755595.1|A/cattle/Texas/24-008749-003/2024(H5N1)	1210	13
PB1|PP755595.1|A/cattle/Texas/24-008749-003/2024(H5N1)	1211	13
PB1|PP755595.1|A/cattle/Texas/24-008749-003/2024(H5N1)	1212	13
PB1|PP755595.1|A/cattle/Texas/24-008749-003/2024(H5N1)	1213	13
PB1|PP755595.1|A/cattle/Texas/24-008749-003/2024(H5N1)	1214	13
PB1|PP755595.1|A/cattle/Texas/24-008749-003/2024(H5N1)	1215	13
PB1|PP755595.1|A/cattle/Texas/24-008749-003/2024(H5N1)	1216	16
PB1|PP755595.1|A/cattle/Texas/24-008749-003/2024(H5N1)	1217	16
PB1|PP755595.1|A/cattle/Texas/24-008749-003/2024(H5N1)	1218	16
PB1|PP755595.1|A/cattle/Texas/24-008749-003/2024(H5N1)	1219	16
PB1|PP755595.1|A/cattle/Texas/24-008749-003/2024(H5N1)	1220	16
PB1|PP755595.1|A/cattle/Texas/24-008749-003/2024(H5N1)	1221	16
PB1|PP755595.1|A/cattle/Texas/24-008749-003/2024(H5N1)	1222	16
PB1|PP755595.1|A/cattle/Texas/24-008749-003/2024(H5N1)	1223	16
PB1|PP755595.1|A/cattle/Texas/24-008749-003/2024(H5N1)	1224	16
PB1|PP755595.1|A/cattle/Texas/24-008749-003/2024(H5N1)	1225	16
PB1|PP755595.1|A/cattle/Texas/24-008749-003/2024(H5N1)	1226	16
PB1|PP755595.1|A/cattle/Texas/24-008749-003/2024(H5N1)	1227	16
PB1|PP755595.1|A/cattle/Texas/24-008749-003/2024(H5N1)	1228	16
PB1|PP755595.1|A/cattle/Texas/24-008749-003/2024(H5N1)	1229	16
PB1|PP755595.1|A/cattle/Texas/24-008749-003/2024(H5N1)	1230	15
PB1|PP755595.1|A/cattle/Texas/24-008749-003/2024(H5N1)	1231	15
PB1|PP755595.1|A/cattle/Texas/24-008749-003/2024(H5N1)	1232	15
PB1|PP755595.1|A/cattle/Texas/24-008749-003/2024(H5N1)	1233	15
PB1|PP755595.1|A/cattle/Texas/24-008749-003/2024(H5N1)	1234	15
PB1|PP755595.1|A/cattle/Texas/24-008749-003/2024(H5N1)	1235	15
PB1|PP755595.1|A/cattle/Texas/24-008749-003/2024(H5N1)	1236	15
PB1|PP755595.1|A/cattle/Texas/24-008749-003/2024(H5N1)	1237	15
PB1|PP755595.1|A/cattle/Texas/24-008749-003/2024(H5N1)	1238	15
PB1|PP755595.1|A/cattle/Texas/24-008749-003/2024(H5N1)	1239	15
PB1|PP755595.1|A/cattle/Texas/24-008749-003/2024(H5N1)	1240	15
PB1|PP755595.1|A/cattle/Texas/24-008749-003/2024(H5N1)	1241	15
PB1|PP755595.1|A/cattle/Texas/24-008749-003/2024(H5N1)	1242	15
PB1|PP755595.1|A/cattle/Texas/24-008749-003/2024(H5N1)	1243	15
PB1|PP755595.1|A/cattle/Texas/24-008749-003/2024(H5N1)	1244	15
PB1|PP755595.1|A/cattle/Texas/24-008749-003/2024(H5N1)	1245	15
PB1|PP755595.1|A/cattle/Texas/24-008749-003/2024(H5N1)	1246	15
PB1|PP755595.1|A/cattle/Texas/24-008749-003/2024(H5N1)	1247	15
PB1|PP755595.1|A/cattle/Texas/24-008749-003/2024(H5N1)	1248	15
PB1|PP755595.1|A/cattle/Texas/24-008749-003/2024(H5N1)	1249	15
PB1|PP755595.1|A/cattle/Texas/24-008749-003/2024(H5N1)	1250	15
PB1|PP755595.1|A/cattle/Texas/24-008749-003/2024(H5N1)	1251	15
PB1|PP755595.1|A/cattle/Texas/24-008749-003/2024(H5N1)	1252	15
PB1|PP755595.1|A/cattle/Texas/24-008749-003/2024(H5N1)	1253	15
PB1|PP755595.1|A/cattle/Texas/24-008749-003/2024(H5N1)	1254	15
PB1|PP755595.1|A/cattle/Texas/24-008749-003/2024(H5N1)	1255	15
PB1|PP755595.1|A/cattle/Texas/24-008749-003/2024(H5N1)	1256	14
PB1|PP755595.1|A/cattle/Texas/24-008749-003/2024(H5N1)	1257	14
PB1|PP755595.1|A/cattle/Texas/24-008749-003/2024(H5N1)	1258	14
PB1|PP755595.1|A/cattle/Texas/24-008749-003/2024(H5N1)	1259	14
PB1|PP755595.1|A/cattle/Texas/24-008749-003/2024(H5N1)	1260	14
PB1|PP755595.1|A/cattle/Texas/24-008749-003/2024(H5N1)	1261	14
PB1|PP755595.1|A/cattle/Texas/24-008749-003/2024(H5N1)	1262	14
PB1|PP755595.1|A/cattle/Texas/24-008749-003/2024(H5N1)	1263	14
PB1|PP755595.1|A/cattle/Texas/24-008749-003/2024(H5N1)	1264	14
PB1|PP755595.1|A/cattle/Texas/24-008749-003/2024(H5N1)	1265	14
PB1|PP755595.1|A/cattle/Texas/24-008749-003/2024(H5N1)	1266	14
PB1|PP755595.1|A/cattle/Texas/24-008749-003/2024(H5N1)	1267	14
PB1|PP755595.1|A/cattle/Texas/24-008749-003/2024(H5N1)	1268	14
PB1|PP755595.1|A/cattle/Texas/24-008749-003/2024(H5N1)	1269	14
PB1|PP755595.1|A/cattle/Texas/24-008749-003/2024(H5N1)	1270	13
PB1|PP755595.1|A/cattle/Texas/24-008749-003/2024(H5N1)	1271	13
PB1|PP755595.1|A/cattle/Texas/24-008749-003/2024(H5N1)	1272	13
PB1|PP755595.1|A/cattle/Texas/24-008749-003/2024(H5N1)	1273	13
PB1|PP755595.1|A/cattle/Texas/24-008749-003/2024(H5N1)	1274	13
PB1|PP755595.1|A/cattle/Texas/24-008749-003/2024(H5N1)	1275	14
PB1|PP755595.1|A/cattle/Texas/24-008749-003/2024(H5N1)	1276	14
PB1|PP755595.1|A/cattle/Texas/24-008749-003/2024(H5N1)	1277	14
PB1|PP755595.1|A/cattle/Texas/24-008749-003/2024(H5N1)	1278	14
PB1|PP755595.1|A/cattle/Texas/24-008749-003/2024(H5N1)	1279	14
PB1|PP755595.1|A/cattle/Texas/24-008749-003/2024(H5N1)	1280	14
PB1|PP755595.1|A/cattle/Texas/24-008749-003/2024(H5N1)	1281	14
PB1|PP755595.1|A/cattle/Texas/24-008749-003/2024(H5N1)	1282	14
PB1|PP755595.1|A/cattle/Texas/24-008749-003/2024(H5N1)	1283	14
PB1|PP755595.1|A/cattle/Texas/24-008749-003/2024(H5N1)	1284	14
PB1|PP755595.1|A/cattle/Texas/24-008749-003/2024(H5N1)	1285	15
PB1|PP755595.1|A/cattle/Texas/24-008749-003/2024(H5N1)	1286	15
PB1|PP755595.1|A/cattle/Texas/24-008749-003/2024(H5N1)	1287	17
PB1|PP755595.1|A/cattle/Texas/24-008749-003/2024(H5N1)	1288	17
PB1|PP755595.1|A/cattle/Texas/24-008749-003/2024(H5N1)	1289	17
PB1|PP755595.1|A/cattle/Texas/24-008749-003/2024(H5N1)	1290	17
PB1|PP755595.1|A/cattle/Texas/24-008749-003/2024(H5N1)	1291	18
PB1|PP755595.1|A/cattle/Texas/24-008749-003/2024(H5N1)	1292	18
PB1|PP755595.1|A/cattle/Texas/24-008749-003/2024(H5N1)	1293	18
PB1|PP755595.1|A/cattle/Texas/24-008749-003/2024(H5N1)	1294	18
PB1|PP755595.1|A/cattle/Texas/24-008749-003/2024(H5N1)	1295	18
PB1|PP755595.1|A/cattle/Texas/24-008749-003/2024(H5N1)	1296	18
PB1|PP755595.1|A/cattle/Texas/24-008749-003/2024(H5N1)	1297	18
PB1|PP755595.1|A/cattle/Texas/24-008749-003/2024(H5N1)	1298	18
PB1|PP755595.1|A/cattle/Texas/24-008749-003/2024(H5N1)	1299	18
PB1|PP755595.1|A/cattle/Texas/24-008749-003/2024(H5N1)	1300	17
PB1|PP755595.1|A/cattle/Texas/24-008749-003/2024(H5N1)	1301	17
PB1|PP755595.1|A/cattle/Texas/24-008749-003/2024(H5N1)	1302	17
PB1|PP755595.1|A/cattle/Texas/24-008749-003/2024(H5N1)	1303	17
PB1|PP755595.1|A/cattle/Texas/24-008749-003/2024(H5N1)	1304	17
PB1|PP755595.1|A/cattle/Texas/24-008749-003/2024(H5N1)	1305	17
PB1|PP755595.1|A/cattle/Texas/24-008749-003/2024(H5N1)	1306	17
PB1|PP755595.1|A/cattle/Texas/24-008749-003/2024(H5N1)	1307	17
PB1|PP755595.1|A/cattle/Texas/24-008749-003/2024(H5N1)	1308	17
PB1|PP755595.1|A/cattle/Texas/24-008749-003/2024(H5N1)	1309	16
PB1|PP755595.1|A/cattle/Texas/24-008749-003/2024(H5N1)	1310	16
PB1|PP755595.1|A/cattle/Texas/24-008749-003/2024(H5N1)	1311	16
PB1|PP755595.1|A/cattle/Texas/24-008749-003/2024(H5N1)	1312	16
PB1|PP755595.1|A/cattle/Texas/24-008749-003/2024(H5N1)	1313	16
PB1|PP755595.1|A/cattle/Texas/24-008749-003/2024(H5N1)	1314	16
PB1|PP755595.1|A/cattle/Texas/24-008749-003/2024(H5N1)	1315	16
PB1|PP755595.1|A/cattle/Texas/24-008749-003/2024(H5N1)	1316	16
PB1|PP755595.1|A/cattle/Texas/24-008749-003/2024(H5N1)	1317	16
PB1|PP755595.1|A/cattle/Texas/24-008749-003/2024(H5N1)	1318	16
PB1|PP755595.1|A/cattle/Texas/24-008749-003/2024(H5N1)	1319	16
PB1|PP755595.1|A/cattle/Texas/24-008749-003/2024(H5N1)	1320	16
PB1|PP755595.1|A/cattle/Texas/24-008749-003/2024(H5N1)	1321	16
PB1|PP755595.1|A/cattle/Texas/24-008749-003/2024(H5N1)	1322	16
PB1|PP755595.1|A/cattle/Texas/24-008749-003/2024(H5N1)	1323	16
PB1|PP755595.1|A/cattle/Texas/24-008749-003/2024(H5N1)	1324	16
PB1|PP755595.1|A/cattle/Texas/24-008749-003/2024(H5N1)	1325	16
PB1|PP755595.1|A/cattle/Texas/24-008749-003/2024(H5N1)	1326	16
PB1|PP755595.1|A/cattle/Texas/24-008749-003/2024(H5N1)	1327	16
PB1|PP755595.1|A/cattle/Texas/24-008749-003/2024(H5N1)	1328	16
PB1|PP755595.1|A/cattle/Texas/24-008749-003/2024(H5N1)	1329	16
PB1|PP755595.1|A/cattle/Texas/24-008749-003/2024(H5N1)	1330	16
PB1|PP755595.1|A/cattle/Texas/24-008749-003/2024(H5N1)	1331	16
PB1|PP755595.1|A/cattle/Texas/24-008749-003/2024(H5N1)	1332	16
PB1|PP755595.1|A/cattle/Texas/24-008749-003/2024(H5N1)	1333	16
PB1|PP755595.1|A/cattle/Texas/24-008749-003/2024(H5N1)	1334	16
PB1|PP755595.1|A/cattle/Texas/24-008749-003/2024(H5N1)	1335	16
PB1|PP755595.1|A/cattle/Texas/24-008749-003/2024(H5N1)	1336	16
PB1|PP755595.1|A/cattle/Texas/24-008749-003/2024(H5N1)	1337	17
PB1|PP755595.1|A/cattle/Texas/24-008749-003/2024(H5N1)	1338	17
PB1|PP755595.1|A/cattle/Texas/24-008749-003/2024(H5N1)	1339	17
PB1|PP755595.1|A/cattle/Texas/24-008749-003/2024(H5N1)	1340	17
PB1|PP755595.1|A/cattle/Texas/24-008749-003/2024(H5N1)	1341	17
PB1|PP755595.1|A/cattle/Texas/24-008749-003/2024(H5N1)	1342	17
PB1|PP755595.1|A/cattle/Texas/24-008749-003/2024(H5N1)	1343	17
PB1|PP755595.1|A/cattle/Texas/24-008749-003/2024(H5N1)	1344	17
PB1|PP755595.1|A/cattle/Texas/24-008749-003/2024(H5N1)	1345	17
PB1|PP755595.1|A/cattle/Texas/24-008749-003/2024(H5N1)	1346	17
PB1|PP755595.1|A/cattle/Texas/24-008749-003/2024(H5N1)	1347	15
PB1|PP755595.1|A/cattle/Texas/24-008749-003/2024(H5N1)	1348	15
PB1|PP755595.1|A/cattle/Texas/24-008749-003/2024(H5N1)	1349	15
PB1|PP755595.1|A/cattle/Texas/24-008749-003/2024(H5N1)	1350	15
PB1|PP755595.1|A/cattle/Texas/24-008749-003/2024(H5N1)	1351	15
PB1|PP755595.1|A/cattle/Texas/24-008749-003/2024(H5N1)	1352	15
PB1|PP755595.1|A/cattle/Texas/24-008749-003/2024(H5N1)	1353	15
PB1|PP755595.1|A/cattle/Texas/24-008749-003/2024(H5N1)	1354	15
PB1|PP755595.1|A/cattle/Texas/24-008749-003/2024(H5N1)	1355	15
PB1|PP755595.1|A/cattle/Texas/24-008749-003/2024(H5N1)	1356	15
PB1|PP755595.1|A/cattle/Texas/24-008749-003/2024(H5N1)	1357	15
PB1|PP755595.1|A/cattle/Texas/24-008749-003/2024(H5N1)	1358	15
PB1|PP755595.1|A/cattle/Texas/24-008749-003/2024(H5N1)	1359	15
PB1|PP755595.1|A/cattle/Texas/24-008749-003/2024(H5N1)	1360	15
PB1|PP755595.1|A/cattle/Texas/24-008749-003/2024(H5N1)	1361	15
PB1|PP755595.1|A/cattle/Texas/24-008749-003/2024(H5N1)	1362	15
PB1|PP755595.1|A/cattle/Texas/24-008749-003/2024(H5N1)	1363	15
PB1|PP755595.1|A/cattle/Texas/24-008749-003/2024(H5N1)	1364	15
PB1|PP755595.1|A/cattle/Texas/24-008749-003/2024(H5N1)	1365	15
PB1|PP755595.1|A/cattle/Texas/24-008749-003/2024(H5N1)	1366	15
PB1|PP755595.1|A/cattle/Texas/24-008749-003/2024(H5N1)	1367	15
PB1|PP755595.1|A/cattle/Texas/24-008749-003/2024(H5N1)	1368	15
PB1|PP755595.1|A/cattle/Texas/24-008749-003/2024(H5N1)	1369	15
PB1|PP755595.1|A/cattle/Texas/24-008749-003/2024(H5N1)	1370	15
PB1|PP755595.1|A/cattle/Texas/24-008749-003/2024(H5N1)	1371	17
PB1|PP755595.1|A/cattle/Texas/24-008749-003/2024(H5N1)	1372	17
PB1|PP755595.1|A/cattle/Texas/24-008749-003/2024(H5N1)	1373	18
PB1|PP755595.1|A/cattle/Texas/24-008749-003/2024(H5N1)	1374	17
PB1|PP755595.1|A/cattle/Texas/24-008749-003/2024(H5N1)	1375	17
PB1|PP755595.1|A/cattle/Texas/24-008749-003/2024(H5N1)	1376	17
PB1|PP755595.1|A/cattle/Texas/24-008749-003/2024(H5N1)	1377	17
PB1|PP755595.1|A/cattle/Texas/24-008749-003/2024(H5N1)	1378	17
PB1|PP755595.1|A/cattle/Texas/24-008749-003/2024(H5N1)	1379	17
PB1|PP755595.1|A/cattle/Texas/24-008749-003/2024(H5N1)	1380	17
PB1|PP755595.1|A/cattle/Texas/24-008749-003/2024(H5N1)	1381	16
PB1|PP755595.1|A/cattle/Texas/24-008749-003/2024(H5N1)	1382	16
PB1|PP755595.1|A/cattle/Texas/24-008749-003/2024(H5N1)	1383	16
PB1|PP755595.1|A/cattle/Texas/24-008749-003/2024(H5N1)	1384	16
PB1|PP755595.1|A/cattle/Texas/24-008749-003/2024(H5N1)	1385	16
PB1|PP755595.1|A/cattle/Texas/24-008749-003/2024(H5N1)	1386	16
PB1|PP755595.1|A/cattle/Texas/24-008749-003/2024(H5N1)	1387	16
PB1|PP755595.1|A/cattle/Texas/24-008749-003/2024(H5N1)	1388	16
PB1|PP755595.1|A/cattle/Texas/24-008749-003/2024(H5N1)	1389	17
PB1|PP755595.1|A/cattle/Texas/24-008749-003/2024(H5N1)	1390	17
PB1|PP755595.1|A/cattle/Texas/24-008749-003/2024(H5N1)	1391	16
PB1|PP755595.1|A/cattle/Texas/24-008749-003/2024(H5N1)	1392	16
PB1|PP755595.1|A/cattle/Texas/24-008749-003/2024(H5N1)	1393	16
PB1|PP755595.1|A/cattle/Texas/24-008749-003/2024(H5N1)	1394	16
PB1|PP755595.1|A/cattle/Texas/24-008749-003/2024(H5N1)	1395	16
PB1|PP755595.1|A/cattle/Texas/24-008749-003/2024(H5N1)	1396	16
PB1|PP755595.1|A/cattle/Texas/24-008749-003/2024(H5N1)	1397	17
PB1|PP755595.1|A/cattle/Texas/24-008749-003/2024(H5N1)	1398	17
PB1|PP755595.1|A/cattle/Texas/24-008749-003/2024(H5N1)	1399	17
PB1|PP755595.1|A/cattle/Texas/24-008749-003/2024(H5N1)	1400	17
PB1|PP755595.1|A/cattle/Texas/24-008749-003/2024(H5N1)	1401	17
PB1|PP755595.1|A/cattle/Texas/24-008749-003/2024(H5N1)	1402	17
PB1|PP755595.1|A/cattle/Texas/24-008749-003/2024(H5N1)	1403	17
PB1|PP755595.1|A/cattle/Texas/24-008749-003/2024(H5N1)	1404	17
PB1|PP755595.1|A/cattle/Texas/24-008749-003/2024(H5N1)	1405	17
PB1|PP755595.1|A/cattle/Texas/24-008749-003/2024(H5N1)	1406	17
PB1|PP755595.1|A/cattle/Texas/24-008749-003/2024(H5N1)	1407	17
PB1|PP755595.1|A/cattle/Texas/24-008749-003/2024(H5N1)	1408	17
PB1|PP755595.1|A/cattle/Texas/24-008749-003/2024(H5N1)	1409	17
PB1|PP755595.1|A/cattle/Texas/24-008749-003/2024(H5N1)	1410	17
PB1|PP755595.1|A/cattle/Texas/24-008749-003/2024(H5N1)	1411	17
PB1|PP755595.1|A/cattle/Texas/24-008749-003/2024(H5N1)	1412	17
PB1|PP755595.1|A/cattle/Texas/24-008749-003/2024(H5N1)	1413	17
PB1|PP755595.1|A/cattle/Texas/24-008749-003/2024(H5N1)	1414	17
PB1|PP755595.1|A/cattle/Texas/24-008749-003/2024(H5N1)	1415	17
PB1|PP755595.1|A/cattle/Texas/24-008749-003/2024(H5N1)	1416	17
PB1|PP755595.1|A/cattle/Texas/24-008749-003/2024(H5N1)	1417	18
PB1|PP755595.1|A/cattle/Texas/24-008749-003/2024(H5N1)	1418	18
PB1|PP755595.1|A/cattle/Texas/24-008749-003/2024(H5N1)	1419	18
PB1|PP755595.1|A/cattle/Texas/24-008749-003/2024(H5N1)	1420	18
PB1|PP755595.1|A/cattle/Texas/24-008749-003/2024(H5N1)	1421	18
PB1|PP755595.1|A/cattle/Texas/24-008749-003/2024(H5N1)	1422	18
PB1|PP755595.1|A/cattle/Texas/24-008749-003/2024(H5N1)	1423	19
PB1|PP755595.1|A/cattle/Texas/24-008749-003/2024(H5N1)	1424	19
PB1|PP755595.1|A/cattle/Texas/24-008749-003/2024(H5N1)	1425	19
PB1|PP755595.1|A/cattle/Texas/24-008749-003/2024(H5N1)	1426	19
PB1|PP755595.1|A/cattle/Texas/24-008749-003/2024(H5N1)	1427	19
PB1|PP755595.1|A/cattle/Texas/24-008749-003/2024(H5N1)	1428	19
PB1|PP755595.1|A/cattle/Texas/24-008749-003/2024(H5N1)	1429	19
PB1|PP755595.1|A/cattle/Texas/24-008749-003/2024(H5N1)	1430	19
PB1|PP755595.1|A/cattle/Texas/24-008749-003/2024(H5N1)	1431	20
PB1|PP755595.1|A/cattle/Texas/24-008749-003/2024(H5N1)	1432	20
PB1|PP755595.1|A/cattle/Texas/24-008749-003/2024(H5N1)	1433	20
PB1|PP755595.1|A/cattle/Texas/24-008749-003/2024(H5N1)	1434	20
PB1|PP755595.1|A/cattle/Texas/24-008749-003/2024(H5N1)	1435	20
PB1|PP755595.1|A/cattle/Texas/24-008749-003/2024(H5N1)	1436	20
PB1|PP755595.1|A/cattle/Texas/24-008749-003/2024(H5N1)	1437	20
PB1|PP755595.1|A/cattle/Texas/24-008749-003/2024(H5N1)	1438	20
PB1|PP755595.1|A/cattle/Texas/24-008749-003/2024(H5N1)	1439	20
PB1|PP755595.1|A/cattle/Texas/24-008749-003/2024(H5N1)	1440	20
PB1|PP755595.1|A/cattle/Texas/24-008749-003/2024(H5N1)	1441	20
PB1|PP755595.1|A/cattle/Texas/24-008749-003/2024(H5N1)	1442	20
PB1|PP755595.1|A/cattle/Texas/24-008749-003/2024(H5N1)	1443	20
PB1|PP755595.1|A/cattle/Texas/24-008749-003/2024(H5N1)	1444	20
PB1|PP755595.1|A/cattle/Texas/24-008749-003/2024(H5N1)	1445	20
PB1|PP755595.1|A/cattle/Texas/24-008749-003/2024(H5N1)	1446	20
PB1|PP755595.1|A/cattle/Texas/24-008749-003/2024(H5N1)	1447	20
PB1|PP755595.1|A/cattle/Texas/24-008749-003/2024(H5N1)	1448	20
PB1|PP755595.1|A/cattle/Texas/24-008749-003/2024(H5N1)	1449	21
PB1|PP755595.1|A/cattle/Texas/24-008749-003/2024(H5N1)	1450	21
PB1|PP755595.1|A/cattle/Texas/24-008749-003/2024(H5N1)	1451	21
PB1|PP755595.1|A/cattle/Texas/24-008749-003/2024(H5N1)	1452	21
PB1|PP755595.1|A/cattle/Texas/24-008749-003/2024(H5N1)	1453	21
PB1|PP755595.1|A/cattle/Texas/24-008749-003/2024(H5N1)	1454	21
PB1|PP755595.1|A/cattle/Texas/24-008749-003/2024(H5N1)	1455	21
PB1|PP755595.1|A/cattle/Texas/24-008749-003/2024(H5N1)	1456	21
PB1|PP755595.1|A/cattle/Texas/24-008749-003/2024(H5N1)	1457	21
PB1|PP755595.1|A/cattle/Texas/24-008749-003/2024(H5N1)	1458	21
PB1|PP755595.1|A/cattle/Texas/24-008749-003/2024(H5N1)	1459	21
PB1|PP755595.1|A/cattle/Texas/24-008749-003/2024(H5N1)	1460	21
PB1|PP755595.1|A/cattle/Texas/24-008749-003/2024(H5N1)	1461	21
PB1|PP755595.1|A/cattle/Texas/24-008749-003/2024(H5N1)	1462	21
PB1|PP755595.1|A/cattle/Texas/24-008749-003/2024(H5N1)	1463	22
PB1|PP755595.1|A/cattle/Texas/24-008749-003/2024(H5N1)	1464	22
PB1|PP755595.1|A/cattle/Texas/24-008749-003/2024(H5N1)	1465	22
PB1|PP755595.1|A/cattle/Texas/24-008749-003/2024(H5N1)	1466	20
PB1|PP755595.1|A/cattle/Texas/24-008749-003/2024(H5N1)	1467	19
PB1|PP755595.1|A/cattle/Texas/24-008749-003/2024(H5N1)	1468	21
PB1|PP755595.1|A/cattle/Texas/24-008749-003/2024(H5N1)	1469	21
PB1|PP755595.1|A/cattle/Texas/24-008749-003/2024(H5N1)	1470	21
PB1|PP755595.1|A/cattle/Texas/24-008749-003/2024(H5N1)	1471	21
PB1|PP755595.1|A/cattle/Texas/24-008749-003/2024(H5N1)	1472	21
PB1|PP755595.1|A/cattle/Texas/24-008749-003/2024(H5N1)	1473	20
PB1|PP755595.1|A/cattle/Texas/24-008749-003/2024(H5N1)	1474	20
PB1|PP755595.1|A/cattle/Texas/24-008749-003/2024(H5N1)	1475	20
PB1|PP755595.1|A/cattle/Texas/24-008749-003/2024(H5N1)	1476	20
PB1|PP755595.1|A/cattle/Texas/24-008749-003/2024(H5N1)	1477	20
PB1|PP755595.1|A/cattle/Texas/24-008749-003/2024(H5N1)	1478	20
PB1|PP755595.1|A/cattle/Texas/24-008749-003/2024(H5N1)	1479	20
PB1|PP755595.1|A/cattle/Texas/24-008749-003/2024(H5N1)	1480	20
PB1|PP755595.1|A/cattle/Texas/24-008749-003/2024(H5N1)	1481	20
PB1|PP755595.1|A/cattle/Texas/24-008749-003/2024(H5N1)	1482	20
PB1|PP755595.1|A/cattle/Texas/24-008749-003/2024(H5N1)	1483	20
PB1|PP755595.1|A/cattle/Texas/24-008749-003/2024(H5N1)	1484	20
PB1|PP755595.1|A/cattle/Texas/24-008749-003/2024(H5N1)	1485	20
PB1|PP755595.1|A/cattle/Texas/24-008749-003/2024(H5N1)	1486	20
PB1|PP755595.1|A/cattle/Texas/24-008749-003/2024(H5N1)	1487	20
PB1|PP755595.1|A/cattle/Texas/24-008749-003/2024(H5N1)	1488	20
PB1|PP755595.1|A/cattle/Texas/24-008749-003/2024(H5N1)	1489	20
PB1|PP755595.1|A/cattle/Texas/24-008749-003/2024(H5N1)	1490	20
PB1|PP755595.1|A/cattle/Texas/24-008749-003/2024(H5N1)	1491	21
PB1|PP755595.1|A/cattle/Texas/24-008749-003/2024(H5N1)	1492	21
PB1|PP755595.1|A/cattle/Texas/24-008749-003/2024(H5N1)	1493	21
PB1|PP755595.1|A/cattle/Texas/24-008749-003/2024(H5N1)	1494	21
PB1|PP755595.1|A/cattle/Texas/24-008749-003/2024(H5N1)	1495	21
PB1|PP755595.1|A/cattle/Texas/24-008749-003/2024(H5N1)	1496	21
PB1|PP755595.1|A/cattle/Texas/24-008749-003/2024(H5N1)	1497	21
PB1|PP755595.1|A/cattle/Texas/24-008749-003/2024(H5N1)	1498	20
PB1|PP755595.1|A/cattle/Texas/24-008749-003/2024(H5N1)	1499	21
PB1|PP755595.1|A/cattle/Texas/24-008749-003/2024(H5N1)	1500	22
PB1|PP755595.1|A/cattle/Texas/24-008749-003/2024(H5N1)	1501	22
PB1|PP755595.1|A/cattle/Texas/24-008749-003/2024(H5N1)	1502	22
PB1|PP755595.1|A/cattle/Texas/24-008749-003/2024(H5N1)	1503	20
PB1|PP755595.1|A/cattle/Texas/24-008749-003/2024(H5N1)	1504	20
PB1|PP755595.1|A/cattle/Texas/24-008749-003/2024(H5N1)	1505	20
PB1|PP755595.1|A/cattle/Texas/24-008749-003/2024(H5N1)	1506	20
PB1|PP755595.1|A/cattle/Texas/24-008749-003/2024(H5N1)	1507	21
PB1|PP755595.1|A/cattle/Texas/24-008749-003/2024(H5N1)	1508	22
PB1|PP755595.1|A/cattle/Texas/24-008749-003/2024(H5N1)	1509	22
PB1|PP755595.1|A/cattle/Texas/24-008749-003/2024(H5N1)	1510	22
PB1|PP755595.1|A/cattle/Texas/24-008749-003/2024(H5N1)	1511	22
PB1|PP755595.1|A/cattle/Texas/24-008749-003/2024(H5N1)	1512	23
PB1|PP755595.1|A/cattle/Texas/24-008749-003/2024(H5N1)	1513	23
PB1|PP755595.1|A/cattle/Texas/24-008749-003/2024(H5N1)	1514	23
PB1|PP755595.1|A/cattle/Texas/24-008749-003/2024(H5N1)	1515	23
PB1|PP755595.1|A/cattle/Texas/24-008749-003/2024(H5N1)	1516	23
PB1|PP755595.1|A/cattle/Texas/24-008749-003/2024(H5N1)	1517	23
PB1|PP755595.1|A/cattle/Texas/24-008749-003/2024(H5N1)	1518	23
PB1|PP755595.1|A/cattle/Texas/24-008749-003/2024(H5N1)	1519	21
PB1|PP755595.1|A/cattle/Texas/24-008749-003/2024(H5N1)	1520	22
PB1|PP755595.1|A/cattle/Texas/24-008749-003/2024(H5N1)	1521	22
PB1|PP755595.1|A/cattle/Texas/24-008749-003/2024(H5N1)	1522	23
PB1|PP755595.1|A/cattle/Texas/24-008749-003/2024(H5N1)	1523	23
PB1|PP755595.1|A/cattle/Texas/24-008749-003/2024(H5N1)	1524	23
PB1|PP755595.1|A/cattle/Texas/24-008749-003/2024(H5N1)	1525	24
PB1|PP755595.1|A/cattle/Texas/24-008749-003/2024(H5N1)	1526	23
PB1|PP755595.1|A/cattle/Texas/24-008749-003/2024(H5N1)	1527	23
PB1|PP755595.1|A/cattle/Texas/24-008749-003/2024(H5N1)	1528	23
PB1|PP755595.1|A/cattle/Texas/24-008749-003/2024(H5N1)	1529	23
PB1|PP755595.1|A/cattle/Texas/24-008749-003/2024(H5N1)	1530	23
PB1|PP755595.1|A/cattle/Texas/24-008749-003/2024(H5N1)	1531	23
PB1|PP755595.1|A/cattle/Texas/24-008749-003/2024(H5N1)	1532	29
PB1|PP755595.1|A/cattle/Texas/24-008749-003/2024(H5N1)	1533	30
PB1|PP755595.1|A/cattle/Texas/24-008749-003/2024(H5N1)	1534	30
PB1|PP755595.1|A/cattle/Texas/24-008749-003/2024(H5N1)	1535	30
PB1|PP755595.1|A/cattle/Texas/24-008749-003/2024(H5N1)	1536	29
PB1|PP755595.1|A/cattle/Texas/24-008749-003/2024(H5N1)	1537	29
PB1|PP755595.1|A/cattle/Texas/24-008749-003/2024(H5N1)	1538	29
PB1|PP755595.1|A/cattle/Texas/24-008749-003/2024(H5N1)	1539	29
PB1|PP755595.1|A/cattle/Texas/24-008749-003/2024(H5N1)	1540	29
PB1|PP755595.1|A/cattle/Texas/24-008749-003/2024(H5N1)	1541	28
PB1|PP755595.1|A/cattle/Texas/24-008749-003/2024(H5N1)	1542	26
PB1|PP755595.1|A/cattle/Texas/24-008749-003/2024(H5N1)	1543	26
PB1|PP755595.1|A/cattle/Texas/24-008749-003/2024(H5N1)	1544	25
PB1|PP755595.1|A/cattle/Texas/24-008749-003/2024(H5N1)	1545	25
PB1|PP755595.1|A/cattle/Texas/24-008749-003/2024(H5N1)	1546	25
PB1|PP755595.1|A/cattle/Texas/24-008749-003/2024(H5N1)	1547	25
PB1|PP755595.1|A/cattle/Texas/24-008749-003/2024(H5N1)	1548	25
PB1|PP755595.1|A/cattle/Texas/24-008749-003/2024(H5N1)	1549	25
PB1|PP755595.1|A/cattle/Texas/24-008749-003/2024(H5N1)	1550	25
PB1|PP755595.1|A/cattle/Texas/24-008749-003/2024(H5N1)	1551	25
PB1|PP755595.1|A/cattle/Texas/24-008749-003/2024(H5N1)	1552	25
PB1|PP755595.1|A/cattle/Texas/24-008749-003/2024(H5N1)	1553	25
PB1|PP755595.1|A/cattle/Texas/24-008749-003/2024(H5N1)	1554	25
PB1|PP755595.1|A/cattle/Texas/24-008749-003/2024(H5N1)	1555	25
PB1|PP755595.1|A/cattle/Texas/24-008749-003/2024(H5N1)	1556	25
PB1|PP755595.1|A/cattle/Texas/24-008749-003/2024(H5N1)	1557	25
PB1|PP755595.1|A/cattle/Texas/24-008749-003/2024(H5N1)	1558	25
PB1|PP755595.1|A/cattle/Texas/24-008749-003/2024(H5N1)	1559	25
PB1|PP755595.1|A/cattle/Texas/24-008749-003/2024(H5N1)	1560	25
PB1|PP755595.1|A/cattle/Texas/24-008749-003/2024(H5N1)	1561	25
PB1|PP755595.1|A/cattle/Texas/24-008749-003/2024(H5N1)	1562	25
PB1|PP755595.1|A/cattle/Texas/24-008749-003/2024(H5N1)	1563	25
PB1|PP755595.1|A/cattle/Texas/24-008749-003/2024(H5N1)	1564	26
PB1|PP755595.1|A/cattle/Texas/24-008749-003/2024(H5N1)	1565	26
PB1|PP755595.1|A/cattle/Texas/24-008749-003/2024(H5N1)	1566	26
PB1|PP755595.1|A/cattle/Texas/24-008749-003/2024(H5N1)	1567	26
PB1|PP755595.1|A/cattle/Texas/24-008749-003/2024(H5N1)	1568	26
PB1|PP755595.1|A/cattle/Texas/24-008749-003/2024(H5N1)	1569	26
PB1|PP755595.1|A/cattle/Texas/24-008749-003/2024(H5N1)	1570	26
PB1|PP755595.1|A/cattle/Texas/24-008749-003/2024(H5N1)	1571	27
PB1|PP755595.1|A/cattle/Texas/24-008749-003/2024(H5N1)	1572	27
PB1|PP755595.1|A/cattle/Texas/24-008749-003/2024(H5N1)	1573	27
PB1|PP755595.1|A/cattle/Texas/24-008749-003/2024(H5N1)	1574	27
PB1|PP755595.1|A/cattle/Texas/24-008749-003/2024(H5N1)	1575	30
PB1|PP755595.1|A/cattle/Texas/24-008749-003/2024(H5N1)	1576	30
PB1|PP755595.1|A/cattle/Texas/24-008749-003/2024(H5N1)	1577	32
PB1|PP755595.1|A/cattle/Texas/24-008749-003/2024(H5N1)	1578	33
PB1|PP755595.1|A/cattle/Texas/24-008749-003/2024(H5N1)	1579	33
PB1|PP755595.1|A/cattle/Texas/24-008749-003/2024(H5N1)	1580	33
PB1|PP755595.1|A/cattle/Texas/24-008749-003/2024(H5N1)	1581	33
PB1|PP755595.1|A/cattle/Texas/24-008749-003/2024(H5N1)	1582	33
PB1|PP755595.1|A/cattle/Texas/24-008749-003/2024(H5N1)	1583	33
PB1|PP755595.1|A/cattle/Texas/24-008749-003/2024(H5N1)	1584	33
PB1|PP755595.1|A/cattle/Texas/24-008749-003/2024(H5N1)	1585	34
PB1|PP755595.1|A/cattle/Texas/24-008749-003/2024(H5N1)	1586	34
PB1|PP755595.1|A/cattle/Texas/24-008749-003/2024(H5N1)	1587	34
PB1|PP755595.1|A/cattle/Texas/24-008749-003/2024(H5N1)	1588	33
PB1|PP755595.1|A/cattle/Texas/24-008749-003/2024(H5N1)	1589	33
PB1|PP755595.1|A/cattle/Texas/24-008749-003/2024(H5N1)	1590	33
PB1|PP755595.1|A/cattle/Texas/24-008749-003/2024(H5N1)	1591	33
PB1|PP755595.1|A/cattle/Texas/24-008749-003/2024(H5N1)	1592	33
PB1|PP755595.1|A/cattle/Texas/24-008749-003/2024(H5N1)	1593	33
PB1|PP755595.1|A/cattle/Texas/24-008749-003/2024(H5N1)	1594	33
PB1|PP755595.1|A/cattle/Texas/24-008749-003/2024(H5N1)	1595	33
PB1|PP755595.1|A/cattle/Texas/24-008749-003/2024(H5N1)	1596	33
PB1|PP755595.1|A/cattle/Texas/24-008749-003/2024(H5N1)	1597	33
PB1|PP755595.1|A/cattle/Texas/24-008749-003/2024(H5N1)	1598	33
PB1|PP755595.1|A/cattle/Texas/24-008749-003/2024(H5N1)	1599	34
PB1|PP755595.1|A/cattle/Texas/24-008749-003/2024(H5N1)	1600	34
PB1|PP755595.1|A/cattle/Texas/24-008749-003/2024(H5N1)	1601	35
PB1|PP755595.1|A/cattle/Texas/24-008749-003/2024(H5N1)	1602	37
PB1|PP755595.1|A/cattle/Texas/24-008749-003/2024(H5N1)	1603	37
PB1|PP755595.1|A/cattle/Texas/24-008749-003/2024(H5N1)	1604	37
PB1|PP755595.1|A/cattle/Texas/24-008749-003/2024(H5N1)	1605	37
PB1|PP755595.1|A/cattle/Texas/24-008749-003/2024(H5N1)	1606	37
PB1|PP755595.1|A/cattle/Texas/24-008749-003/2024(H5N1)	1607	37
PB1|PP755595.1|A/cattle/Texas/24-008749-003/2024(H5N1)	1608	37
PB1|PP755595.1|A/cattle/Texas/24-008749-003/2024(H5N1)	1609	37
PB1|PP755595.1|A/cattle/Texas/24-008749-003/2024(H5N1)	1610	37
PB1|PP755595.1|A/cattle/Texas/24-008749-003/2024(H5N1)	1611	37
PB1|PP755595.1|A/cattle/Texas/24-008749-003/2024(H5N1)	1612	39
PB1|PP755595.1|A/cattle/Texas/24-008749-003/2024(H5N1)	1613	39
PB1|PP755595.1|A/cattle/Texas/24-008749-003/2024(H5N1)	1614	39
PB1|PP755595.1|A/cattle/Texas/24-008749-003/2024(H5N1)	1615	40
PB1|PP755595.1|A/cattle/Texas/24-008749-003/2024(H5N1)	1616	40
PB1|PP755595.1|A/cattle/Texas/24-008749-003/2024(H5N1)	1617	40
PB1|PP755595.1|A/cattle/Texas/24-008749-003/2024(H5N1)	1618	40
PB1|PP755595.1|A/cattle/Texas/24-008749-003/2024(H5N1)	1619	40
PB1|PP755595.1|A/cattle/Texas/24-008749-003/2024(H5N1)	1620	40
PB1|PP755595.1|A/cattle/Texas/24-008749-003/2024(H5N1)	1621	40
PB1|PP755595.1|A/cattle/Texas/24-008749-003/2024(H5N1)	1622	40
PB1|PP755595.1|A/cattle/Texas/24-008749-003/2024(H5N1)	1623	39
PB1|PP755595.1|A/cattle/Texas/24-008749-003/2024(H5N1)	1624	39
PB1|PP755595.1|A/cattle/Texas/24-008749-003/2024(H5N1)	1625	39
PB1|PP755595.1|A/cattle/Texas/24-008749-003/2024(H5N1)	1626	40
PB1|PP755595.1|A/cattle/Texas/24-008749-003/2024(H5N1)	1627	41
PB1|PP755595.1|A/cattle/Texas/24-008749-003/2024(H5N1)	1628	41
PB1|PP755595.1|A/cattle/Texas/24-008749-003/2024(H5N1)	1629	41
PB1|PP755595.1|A/cattle/Texas/24-008749-003/2024(H5N1)	1630	42
PB1|PP755595.1|A/cattle/Texas/24-008749-003/2024(H5N1)	1631	43
PB1|PP755595.1|A/cattle/Texas/24-008749-003/2024(H5N1)	1632	43
PB1|PP755595.1|A/cattle/Texas/24-008749-003/2024(H5N1)	1633	43
PB1|PP755595.1|A/cattle/Texas/24-008749-003/2024(H5N1)	1634	43
PB1|PP755595.1|A/cattle/Texas/24-008749-003/2024(H5N1)	1635	43
PB1|PP755595.1|A/cattle/Texas/24-008749-003/2024(H5N1)	1636	43
PB1|PP755595.1|A/cattle/Texas/24-008749-003/2024(H5N1)	1637	44
PB1|PP755595.1|A/cattle/Texas/24-008749-003/2024(H5N1)	1638	44
PB1|PP755595.1|A/cattle/Texas/24-008749-003/2024(H5N1)	1639	45
PB1|PP755595.1|A/cattle/Texas/24-008749-003/2024(H5N1)	1640	43
PB1|PP755595.1|A/cattle/Texas/24-008749-003/2024(H5N1)	1641	43
PB1|PP755595.1|A/cattle/Texas/24-008749-003/2024(H5N1)	1642	44
PB1|PP755595.1|A/cattle/Texas/24-008749-003/2024(H5N1)	1643	44
PB1|PP755595.1|A/cattle/Texas/24-008749-003/2024(H5N1)	1644	44
PB1|PP755595.1|A/cattle/Texas/24-008749-003/2024(H5N1)	1645	44
PB1|PP755595.1|A/cattle/Texas/24-008749-003/2024(H5N1)	1646	44
PB1|PP755595.1|A/cattle/Texas/24-008749-003/2024(H5N1)	1647	44
PB1|PP755595.1|A/cattle/Texas/24-008749-003/2024(H5N1)	1648	43
PB1|PP755595.1|A/cattle/Texas/24-008749-003/2024(H5N1)	1649	43
PB1|PP755595.1|A/cattle/Texas/24-008749-003/2024(H5N1)	1650	43
PB1|PP755595.1|A/cattle/Texas/24-008749-003/2024(H5N1)	1651	43
PB1|PP755595.1|A/cattle/Texas/24-008749-003/2024(H5N1)	1652	44
PB1|PP755595.1|A/cattle/Texas/24-008749-003/2024(H5N1)	1653	44
PB1|PP755595.1|A/cattle/Texas/24-008749-003/2024(H5N1)	1654	42
PB1|PP755595.1|A/cattle/Texas/24-008749-003/2024(H5N1)	1655	42
PB1|PP755595.1|A/cattle/Texas/24-008749-003/2024(H5N1)	1656	42
PB1|PP755595.1|A/cattle/Texas/24-008749-003/2024(H5N1)	1657	42
PB1|PP755595.1|A/cattle/Texas/24-008749-003/2024(H5N1)	1658	42
PB1|PP755595.1|A/cattle/Texas/24-008749-003/2024(H5N1)	1659	43
PB1|PP755595.1|A/cattle/Texas/24-008749-003/2024(H5N1)	1660	44
PB1|PP755595.1|A/cattle/Texas/24-008749-003/2024(H5N1)	1661	44
PB1|PP755595.1|A/cattle/Texas/24-008749-003/2024(H5N1)	1662	45
PB1|PP755595.1|A/cattle/Texas/24-008749-003/2024(H5N1)	1663	45
PB1|PP755595.1|A/cattle/Texas/24-008749-003/2024(H5N1)	1664	45
PB1|PP755595.1|A/cattle/Texas/24-008749-003/2024(H5N1)	1665	49
PB1|PP755595.1|A/cattle/Texas/24-008749-003/2024(H5N1)	1666	49
PB1|PP755595.1|A/cattle/Texas/24-008749-003/2024(H5N1)	1667	49
PB1|PP755595.1|A/cattle/Texas/24-008749-003/2024(H5N1)	1668	49
PB1|PP755595.1|A/cattle/Texas/24-008749-003/2024(H5N1)	1669	48
PB1|PP755595.1|A/cattle/Texas/24-008749-003/2024(H5N1)	1670	48
PB1|PP755595.1|A/cattle/Texas/24-008749-003/2024(H5N1)	1671	48
PB1|PP755595.1|A/cattle/Texas/24-008749-003/2024(H5N1)	1672	48
PB1|PP755595.1|A/cattle/Texas/24-008749-003/2024(H5N1)	1673	49
PB1|PP755595.1|A/cattle/Texas/24-008749-003/2024(H5N1)	1674	48
PB1|PP755595.1|A/cattle/Texas/24-008749-003/2024(H5N1)	1675	48
PB1|PP755595.1|A/cattle/Texas/24-008749-003/2024(H5N1)	1676	48
PB1|PP755595.1|A/cattle/Texas/24-008749-003/2024(H5N1)	1677	48
PB1|PP755595.1|A/cattle/Texas/24-008749-003/2024(H5N1)	1678	49
PB1|PP755595.1|A/cattle/Texas/24-008749-003/2024(H5N1)	1679	49
PB1|PP755595.1|A/cattle/Texas/24-008749-003/2024(H5N1)	1680	50
PB1|PP755595.1|A/cattle/Texas/24-008749-003/2024(H5N1)	1681	48
PB1|PP755595.1|A/cattle/Texas/24-008749-003/2024(H5N1)	1682	47
PB1|PP755595.1|A/cattle/Texas/24-008749-003/2024(H5N1)	1683	47
PB1|PP755595.1|A/cattle/Texas/24-008749-003/2024(H5N1)	1684	47
PB1|PP755595.1|A/cattle/Texas/24-008749-003/2024(H5N1)	1685	47
PB1|PP755595.1|A/cattle/Texas/24-008749-003/2024(H5N1)	1686	47
PB1|PP755595.1|A/cattle/Texas/24-008749-003/2024(H5N1)	1687	47
PB1|PP755595.1|A/cattle/Texas/24-008749-003/2024(H5N1)	1688	47
PB1|PP755595.1|A/cattle/Texas/24-008749-003/2024(H5N1)	1689	48
PB1|PP755595.1|A/cattle/Texas/24-008749-003/2024(H5N1)	1690	48
PB1|PP755595.1|A/cattle/Texas/24-008749-003/2024(H5N1)	1691	49
PB1|PP755595.1|A/cattle/Texas/24-008749-003/2024(H5N1)	1692	49
PB1|PP755595.1|A/cattle/Texas/24-008749-003/2024(H5N1)	1693	49
PB1|PP755595.1|A/cattle/Texas/24-008749-003/2024(H5N1)	1694	49
PB1|PP755595.1|A/cattle/Texas/24-008749-003/2024(H5N1)	1695	49
PB1|PP755595.1|A/cattle/Texas/24-008749-003/2024(H5N1)	1696	49
PB1|PP755595.1|A/cattle/Texas/24-008749-003/2024(H5N1)	1697	49
PB1|PP755595.1|A/cattle/Texas/24-008749-003/2024(H5N1)	1698	49
PB1|PP755595.1|A/cattle/Texas/24-008749-003/2024(H5N1)	1699	49
PB1|PP755595.1|A/cattle/Texas/24-008749-003/2024(H5N1)	1700	48
PB1|PP755595.1|A/cattle/Texas/24-008749-003/2024(H5N1)	1701	50
PB1|PP755595.1|A/cattle/Texas/24-008749-003/2024(H5N1)	1702	52
PB1|PP755595.1|A/cattle/Texas/24-008749-003/2024(H5N1)	1703	52
PB1|PP755595.1|A/cattle/Texas/24-008749-003/2024(H5N1)	1704	52
PB1|PP755595.1|A/cattle/Texas/24-008749-003/2024(H5N1)	1705	52
PB1|PP755595.1|A/cattle/Texas/24-008749-003/2024(H5N1)	1706	52
PB1|PP755595.1|A/cattle/Texas/24-008749-003/2024(H5N1)	1707	53
PB1|PP755595.1|A/cattle/Texas/24-008749-003/2024(H5N1)	1708	53
PB1|PP755595.1|A/cattle/Texas/24-008749-003/2024(H5N1)	1709	53
PB1|PP755595.1|A/cattle/Texas/24-008749-003/2024(H5N1)	1710	53
PB1|PP755595.1|A/cattle/Texas/24-008749-003/2024(H5N1)	1711	53
PB1|PP755595.1|A/cattle/Texas/24-008749-003/2024(H5N1)	1712	53
PB1|PP755595.1|A/cattle/Texas/24-008749-003/2024(H5N1)	1713	57
PB1|PP755595.1|A/cattle/Texas/24-008749-003/2024(H5N1)	1714	57
PB1|PP755595.1|A/cattle/Texas/24-008749-003/2024(H5N1)	1715	57
PB1|PP755595.1|A/cattle/Texas/24-008749-003/2024(H5N1)	1716	57
PB1|PP755595.1|A/cattle/Texas/24-008749-003/2024(H5N1)	1717	57
PB1|PP755595.1|A/cattle/Texas/24-008749-003/2024(H5N1)	1718	57
PB1|PP755595.1|A/cattle/Texas/24-008749-003/2024(H5N1)	1719	57
PB1|PP755595.1|A/cattle/Texas/24-008749-003/2024(H5N1)	1720	57
PB1|PP755595.1|A/cattle/Texas/24-008749-003/2024(H5N1)	1721	57
PB1|PP755595.1|A/cattle/Texas/24-008749-003/2024(H5N1)	1722	57
PB1|PP755595.1|A/cattle/Texas/24-008749-003/2024(H5N1)	1723	57
PB1|PP755595.1|A/cattle/Texas/24-008749-003/2024(H5N1)	1724	57
PB1|PP755595.1|A/cattle/Texas/24-008749-003/2024(H5N1)	1725	57
PB1|PP755595.1|A/cattle/Texas/24-008749-003/2024(H5N1)	1726	57
PB1|PP755595.1|A/cattle/Texas/24-008749-003/2024(H5N1)	1727	57
PB1|PP755595.1|A/cattle/Texas/24-008749-003/2024(H5N1)	1728	57
PB1|PP755595.1|A/cattle/Texas/24-008749-003/2024(H5N1)	1729	57
PB1|PP755595.1|A/cattle/Texas/24-008749-003/2024(H5N1)	1730	57
PB1|PP755595.1|A/cattle/Texas/24-008749-003/2024(H5N1)	1731	57
PB1|PP755595.1|A/cattle/Texas/24-008749-003/2024(H5N1)	1732	55
PB1|PP755595.1|A/cattle/Texas/24-008749-003/2024(H5N1)	1733	55
PB1|PP755595.1|A/cattle/Texas/24-008749-003/2024(H5N1)	1734	55
PB1|PP755595.1|A/cattle/Texas/24-008749-003/2024(H5N1)	1735	55
PB1|PP755595.1|A/cattle/Texas/24-008749-003/2024(H5N1)	1736	55
PB1|PP755595.1|A/cattle/Texas/24-008749-003/2024(H5N1)	1737	55
PB1|PP755595.1|A/cattle/Texas/24-008749-003/2024(H5N1)	1738	55
PB1|PP755595.1|A/cattle/Texas/24-008749-003/2024(H5N1)	1739	55
PB1|PP755595.1|A/cattle/Texas/24-008749-003/2024(H5N1)	1740	55
PB1|PP755595.1|A/cattle/Texas/24-008749-003/2024(H5N1)	1741	55
PB1|PP755595.1|A/cattle/Texas/24-008749-003/2024(H5N1)	1742	54
PB1|PP755595.1|A/cattle/Texas/24-008749-003/2024(H5N1)	1743	54
PB1|PP755595.1|A/cattle/Texas/24-008749-003/2024(H5N1)	1744	54
PB1|PP755595.1|A/cattle/Texas/24-008749-003/2024(H5N1)	1745	54
PB1|PP755595.1|A/cattle/Texas/24-008749-003/2024(H5N1)	1746	54
PB1|PP755595.1|A/cattle/Texas/24-008749-003/2024(H5N1)	1747	54
PB1|PP755595.1|A/cattle/Texas/24-008749-003/2024(H5N1)	1748	55
PB1|PP755595.1|A/cattle/Texas/24-008749-003/2024(H5N1)	1749	54
PB1|PP755595.1|A/cattle/Texas/24-008749-003/2024(H5N1)	1750	54
PB1|PP755595.1|A/cattle/Texas/24-008749-003/2024(H5N1)	1751	54
PB1|PP755595.1|A/cattle/Texas/24-008749-003/2024(H5N1)	1752	54
PB1|PP755595.1|A/cattle/Texas/24-008749-003/2024(H5N1)	1753	54
PB1|PP755595.1|A/cattle/Texas/24-008749-003/2024(H5N1)	1754	54
PB1|PP755595.1|A/cattle/Texas/24-008749-003/2024(H5N1)	1755	54
PB1|PP755595.1|A/cattle/Texas/24-008749-003/2024(H5N1)	1756	54
PB1|PP755595.1|A/cattle/Texas/24-008749-003/2024(H5N1)	1757	54
PB1|PP755595.1|A/cattle/Texas/24-008749-003/2024(H5N1)	1758	53
PB1|PP755595.1|A/cattle/Texas/24-008749-003/2024(H5N1)	1759	52
PB1|PP755595.1|A/cattle/Texas/24-008749-003/2024(H5N1)	1760	52
PB1|PP755595.1|A/cattle/Texas/24-008749-003/2024(H5N1)	1761	52
PB1|PP755595.1|A/cattle/Texas/24-008749-003/2024(H5N1)	1762	52
PB1|PP755595.1|A/cattle/Texas/24-008749-003/2024(H5N1)	1763	51
PB1|PP755595.1|A/cattle/Texas/24-008749-003/2024(H5N1)	1764	50
PB1|PP755595.1|A/cattle/Texas/24-008749-003/2024(H5N1)	1765	50
PB1|PP755595.1|A/cattle/Texas/24-008749-003/2024(H5N1)	1766	50
PB1|PP755595.1|A/cattle/Texas/24-008749-003/2024(H5N1)	1767	50
PB1|PP755595.1|A/cattle/Texas/24-008749-003/2024(H5N1)	1768	51
PB1|PP755595.1|A/cattle/Texas/24-008749-003/2024(H5N1)	1769	51
PB1|PP755595.1|A/cattle/Texas/24-008749-003/2024(H5N1)	1770	51
PB1|PP755595.1|A/cattle/Texas/24-008749-003/2024(H5N1)	1771	50
PB1|PP755595.1|A/cattle/Texas/24-008749-003/2024(H5N1)	1772	50
PB1|PP755595.1|A/cattle/Texas/24-008749-003/2024(H5N1)	1773	49
PB1|PP755595.1|A/cattle/Texas/24-008749-003/2024(H5N1)	1774	48
PB1|PP755595.1|A/cattle/Texas/24-008749-003/2024(H5N1)	1775	48
PB1|PP755595.1|A/cattle/Texas/24-008749-003/2024(H5N1)	1776	48
PB1|PP755595.1|A/cattle/Texas/24-008749-003/2024(H5N1)	1777	48
PB1|PP755595.1|A/cattle/Texas/24-008749-003/2024(H5N1)	1778	48
PB1|PP755595.1|A/cattle/Texas/24-008749-003/2024(H5N1)	1779	48
PB1|PP755595.1|A/cattle/Texas/24-008749-003/2024(H5N1)	1780	47
PB1|PP755595.1|A/cattle/Texas/24-008749-003/2024(H5N1)	1781	48
PB1|PP755595.1|A/cattle/Texas/24-008749-003/2024(H5N1)	1782	47
PB1|PP755595.1|A/cattle/Texas/24-008749-003/2024(H5N1)	1783	44
PB1|PP755595.1|A/cattle/Texas/24-008749-003/2024(H5N1)	1784	45
PB1|PP755595.1|A/cattle/Texas/24-008749-003/2024(H5N1)	1785	45
PB1|PP755595.1|A/cattle/Texas/24-008749-003/2024(H5N1)	1786	45
PB1|PP755595.1|A/cattle/Texas/24-008749-003/2024(H5N1)	1787	45
PB1|PP755595.1|A/cattle/Texas/24-008749-003/2024(H5N1)	1788	45
PB1|PP755595.1|A/cattle/Texas/24-008749-003/2024(H5N1)	1789	46
PB1|PP755595.1|A/cattle/Texas/24-008749-003/2024(H5N1)	1790	47
PB1|PP755595.1|A/cattle/Texas/24-008749-003/2024(H5N1)	1791	47
PB1|PP755595.1|A/cattle/Texas/24-008749-003/2024(H5N1)	1792	47
PB1|PP755595.1|A/cattle/Texas/24-008749-003/2024(H5N1)	1793	47
PB1|PP755595.1|A/cattle/Texas/24-008749-003/2024(H5N1)	1794	47
PB1|PP755595.1|A/cattle/Texas/24-008749-003/2024(H5N1)	1795	47
PB1|PP755595.1|A/cattle/Texas/24-008749-003/2024(H5N1)	1796	47
PB1|PP755595.1|A/cattle/Texas/24-008749-003/2024(H5N1)	1797	48
PB1|PP755595.1|A/cattle/Texas/24-008749-003/2024(H5N1)	1798	46
PB1|PP755595.1|A/cattle/Texas/24-008749-003/2024(H5N1)	1799	45
PB1|PP755595.1|A/cattle/Texas/24-008749-003/2024(H5N1)	1800	45
PB1|PP755595.1|A/cattle/Texas/24-008749-003/2024(H5N1)	1801	45
PB1|PP755595.1|A/cattle/Texas/24-008749-003/2024(H5N1)	1802	46
PB1|PP755595.1|A/cattle/Texas/24-008749-003/2024(H5N1)	1803	46
PB1|PP755595.1|A/cattle/Texas/24-008749-003/2024(H5N1)	1804	46
PB1|PP755595.1|A/cattle/Texas/24-008749-003/2024(H5N1)	1805	46
PB1|PP755595.1|A/cattle/Texas/24-008749-003/2024(H5N1)	1806	46
PB1|PP755595.1|A/cattle/Texas/24-008749-003/2024(H5N1)	1807	46
PB1|PP755595.1|A/cattle/Texas/24-008749-003/2024(H5N1)	1808	46
PB1|PP755595.1|A/cattle/Texas/24-008749-003/2024(H5N1)	1809	47
PB1|PP755595.1|A/cattle/Texas/24-008749-003/2024(H5N1)	1810	47
PB1|PP755595.1|A/cattle/Texas/24-008749-003/2024(H5N1)	1811	47
PB1|PP755595.1|A/cattle/Texas/24-008749-003/2024(H5N1)	1812	47
PB1|PP755595.1|A/cattle/Texas/24-008749-003/2024(H5N1)	1813	47
PB1|PP755595.1|A/cattle/Texas/24-008749-003/2024(H5N1)	1814	47
PB1|PP755595.1|A/cattle/Texas/24-008749-003/2024(H5N1)	1815	46
PB1|PP755595.1|A/cattle/Texas/24-008749-003/2024(H5N1)	1816	46
PB1|PP755595.1|A/cattle/Texas/24-008749-003/2024(H5N1)	1817	47
PB1|PP755595.1|A/cattle/Texas/24-008749-003/2024(H5N1)	1818	47
PB1|PP755595.1|A/cattle/Texas/24-008749-003/2024(H5N1)	1819	46
PB1|PP755595.1|A/cattle/Texas/24-008749-003/2024(H5N1)	1820	46
PB1|PP755595.1|A/cattle/Texas/24-008749-003/2024(H5N1)	1821	46
PB1|PP755595.1|A/cattle/Texas/24-008749-003/2024(H5N1)	1822	45
PB1|PP755595.1|A/cattle/Texas/24-008749-003/2024(H5N1)	1823	45
PB1|PP755595.1|A/cattle/Texas/24-008749-003/2024(H5N1)	1824	45
PB1|PP755595.1|A/cattle/Texas/24-008749-003/2024(H5N1)	1825	45
PB1|PP755595.1|A/cattle/Texas/24-008749-003/2024(H5N1)	1826	42
PB1|PP755595.1|A/cattle/Texas/24-008749-003/2024(H5N1)	1827	42
PB1|PP755595.1|A/cattle/Texas/24-008749-003/2024(H5N1)	1828	42
PB1|PP755595.1|A/cattle/Texas/24-008749-003/2024(H5N1)	1829	42
PB1|PP755595.1|A/cattle/Texas/24-008749-003/2024(H5N1)	1830	42
PB1|PP755595.1|A/cattle/Texas/24-008749-003/2024(H5N1)	1831	42
PB1|PP755595.1|A/cattle/Texas/24-008749-003/2024(H5N1)	1832	42
PB1|PP755595.1|A/cattle/Texas/24-008749-003/2024(H5N1)	1833	42
PB1|PP755595.1|A/cattle/Texas/24-008749-003/2024(H5N1)	1834	42
PB1|PP755595.1|A/cattle/Texas/24-008749-003/2024(H5N1)	1835	42
PB1|PP755595.1|A/cattle/Texas/24-008749-003/2024(H5N1)	1836	41
PB1|PP755595.1|A/cattle/Texas/24-008749-003/2024(H5N1)	1837	41
PB1|PP755595.1|A/cattle/Texas/24-008749-003/2024(H5N1)	1838	41
PB1|PP755595.1|A/cattle/Texas/24-008749-003/2024(H5N1)	1839	41
PB1|PP755595.1|A/cattle/Texas/24-008749-003/2024(H5N1)	1840	41
PB1|PP755595.1|A/cattle/Texas/24-008749-003/2024(H5N1)	1841	43
PB1|PP755595.1|A/cattle/Texas/24-008749-003/2024(H5N1)	1842	43
PB1|PP755595.1|A/cattle/Texas/24-008749-003/2024(H5N1)	1843	43
PB1|PP755595.1|A/cattle/Texas/24-008749-003/2024(H5N1)	1844	43
PB1|PP755595.1|A/cattle/Texas/24-008749-003/2024(H5N1)	1845	43
PB1|PP755595.1|A/cattle/Texas/24-008749-003/2024(H5N1)	1846	43
PB1|PP755595.1|A/cattle/Texas/24-008749-003/2024(H5N1)	1847	43
PB1|PP755595.1|A/cattle/Texas/24-008749-003/2024(H5N1)	1848	44
PB1|PP755595.1|A/cattle/Texas/24-008749-003/2024(H5N1)	1849	44
PB1|PP755595.1|A/cattle/Texas/24-008749-003/2024(H5N1)	1850	44
PB1|PP755595.1|A/cattle/Texas/24-008749-003/2024(H5N1)	1851	44
PB1|PP755595.1|A/cattle/Texas/24-008749-003/2024(H5N1)	1852	43
PB1|PP755595.1|A/cattle/Texas/24-008749-003/2024(H5N1)	1853	43
PB1|PP755595.1|A/cattle/Texas/24-008749-003/2024(H5N1)	1854	43
PB1|PP755595.1|A/cattle/Texas/24-008749-003/2024(H5N1)	1855	43
PB1|PP755595.1|A/cattle/Texas/24-008749-003/2024(H5N1)	1856	42
PB1|PP755595.1|A/cattle/Texas/24-008749-003/2024(H5N1)	1857	41
PB1|PP755595.1|A/cattle/Texas/24-008749-003/2024(H5N1)	1858	41
PB1|PP755595.1|A/cattle/Texas/24-008749-003/2024(H5N1)	1859	41
PB1|PP755595.1|A/cattle/Texas/24-008749-003/2024(H5N1)	1860	41
PB1|PP755595.1|A/cattle/Texas/24-008749-003/2024(H5N1)	1861	41
PB1|PP755595.1|A/cattle/Texas/24-008749-003/2024(H5N1)	1862	40
PB1|PP755595.1|A/cattle/Texas/24-008749-003/2024(H5N1)	1863	40
PB1|PP755595.1|A/cattle/Texas/24-008749-003/2024(H5N1)	1864	40
PB1|PP755595.1|A/cattle/Texas/24-008749-003/2024(H5N1)	1865	40
PB1|PP755595.1|A/cattle/Texas/24-008749-003/2024(H5N1)	1866	40
PB1|PP755595.1|A/cattle/Texas/24-008749-003/2024(H5N1)	1867	40
PB1|PP755595.1|A/cattle/Texas/24-008749-003/2024(H5N1)	1868	40
PB1|PP755595.1|A/cattle/Texas/24-008749-003/2024(H5N1)	1869	40
PB1|PP755595.1|A/cattle/Texas/24-008749-003/2024(H5N1)	1870	41
PB1|PP755595.1|A/cattle/Texas/24-008749-003/2024(H5N1)	1871	41
PB1|PP755595.1|A/cattle/Texas/24-008749-003/2024(H5N1)	1872	41
PB1|PP755595.1|A/cattle/Texas/24-008749-003/2024(H5N1)	1873	42
PB1|PP755595.1|A/cattle/Texas/24-008749-003/2024(H5N1)	1874	42
PB1|PP755595.1|A/cattle/Texas/24-008749-003/2024(H5N1)	1875	42
PB1|PP755595.1|A/cattle/Texas/24-008749-003/2024(H5N1)	1876	42
PB1|PP755595.1|A/cattle/Texas/24-008749-003/2024(H5N1)	1877	41
PB1|PP755595.1|A/cattle/Texas/24-008749-003/2024(H5N1)	1878	41
PB1|PP755595.1|A/cattle/Texas/24-008749-003/2024(H5N1)	1879	41
PB1|PP755595.1|A/cattle/Texas/24-008749-003/2024(H5N1)	1880	40
PB1|PP755595.1|A/cattle/Texas/24-008749-003/2024(H5N1)	1881	38
PB1|PP755595.1|A/cattle/Texas/24-008749-003/2024(H5N1)	1882	38
PB1|PP755595.1|A/cattle/Texas/24-008749-003/2024(H5N1)	1883	39
PB1|PP755595.1|A/cattle/Texas/24-008749-003/2024(H5N1)	1884	39
PB1|PP755595.1|A/cattle/Texas/24-008749-003/2024(H5N1)	1885	39
PB1|PP755595.1|A/cattle/Texas/24-008749-003/2024(H5N1)	1886	39
PB1|PP755595.1|A/cattle/Texas/24-008749-003/2024(H5N1)	1887	39
PB1|PP755595.1|A/cattle/Texas/24-008749-003/2024(H5N1)	1888	38
PB1|PP755595.1|A/cattle/Texas/24-008749-003/2024(H5N1)	1889	37
PB1|PP755595.1|A/cattle/Texas/24-008749-003/2024(H5N1)	1890	37
PB1|PP755595.1|A/cattle/Texas/24-008749-003/2024(H5N1)	1891	37
PB1|PP755595.1|A/cattle/Texas/24-008749-003/2024(H5N1)	1892	37
PB1|PP755595.1|A/cattle/Texas/24-008749-003/2024(H5N1)	1893	34
PB1|PP755595.1|A/cattle/Texas/24-008749-003/2024(H5N1)	1894	34
PB1|PP755595.1|A/cattle/Texas/24-008749-003/2024(H5N1)	1895	34
PB1|PP755595.1|A/cattle/Texas/24-008749-003/2024(H5N1)	1896	34
PB1|PP755595.1|A/cattle/Texas/24-008749-003/2024(H5N1)	1897	34
PB1|PP755595.1|A/cattle/Texas/24-008749-003/2024(H5N1)	1898	34
PB1|PP755595.1|A/cattle/Texas/24-008749-003/2024(H5N1)	1899	36
PB1|PP755595.1|A/cattle/Texas/24-008749-003/2024(H5N1)	1900	36
PB1|PP755595.1|A/cattle/Texas/24-008749-003/2024(H5N1)	1901	37
PB1|PP755595.1|A/cattle/Texas/24-008749-003/2024(H5N1)	1902	37
PB1|PP755595.1|A/cattle/Texas/24-008749-003/2024(H5N1)	1903	37
PB1|PP755595.1|A/cattle/Texas/24-008749-003/2024(H5N1)	1904	37
PB1|PP755595.1|A/cattle/Texas/24-008749-003/2024(H5N1)	1905	36
PB1|PP755595.1|A/cattle/Texas/24-008749-003/2024(H5N1)	1906	36
PB1|PP755595.1|A/cattle/Texas/24-008749-003/2024(H5N1)	1907	36
PB1|PP755595.1|A/cattle/Texas/24-008749-003/2024(H5N1)	1908	34
PB1|PP755595.1|A/cattle/Texas/24-008749-003/2024(H5N1)	1909	36
PB1|PP755595.1|A/cattle/Texas/24-008749-003/2024(H5N1)	1910	36
PB1|PP755595.1|A/cattle/Texas/24-008749-003/2024(H5N1)	1911	35
PB1|PP755595.1|A/cattle/Texas/24-008749-003/2024(H5N1)	1912	35
PB1|PP755595.1|A/cattle/Texas/24-008749-003/2024(H5N1)	1913	35
PB1|PP755595.1|A/cattle/Texas/24-008749-003/2024(H5N1)	1914	35
PB1|PP755595.1|A/cattle/Texas/24-008749-003/2024(H5N1)	1915	35
PB1|PP755595.1|A/cattle/Texas/24-008749-003/2024(H5N1)	1916	33
PB1|PP755595.1|A/cattle/Texas/24-008749-003/2024(H5N1)	1917	33
PB1|PP755595.1|A/cattle/Texas/24-008749-003/2024(H5N1)	1918	33
PB1|PP755595.1|A/cattle/Texas/24-008749-003/2024(H5N1)	1919	33
PB1|PP755595.1|A/cattle/Texas/24-008749-003/2024(H5N1)	1920	37
PB1|PP755595.1|A/cattle/Texas/24-008749-003/2024(H5N1)	1921	37
PB1|PP755595.1|A/cattle/Texas/24-008749-003/2024(H5N1)	1922	37
PB1|PP755595.1|A/cattle/Texas/24-008749-003/2024(H5N1)	1923	37
PB1|PP755595.1|A/cattle/Texas/24-008749-003/2024(H5N1)	1924	36
PB1|PP755595.1|A/cattle/Texas/24-008749-003/2024(H5N1)	1925	36
PB1|PP755595.1|A/cattle/Texas/24-008749-003/2024(H5N1)	1926	36
PB1|PP755595.1|A/cattle/Texas/24-008749-003/2024(H5N1)	1927	36
PB1|PP755595.1|A/cattle/Texas/24-008749-003/2024(H5N1)	1928	36
PB1|PP755595.1|A/cattle/Texas/24-008749-003/2024(H5N1)	1929	35
PB1|PP755595.1|A/cattle/Texas/24-008749-003/2024(H5N1)	1930	35
PB1|PP755595.1|A/cattle/Texas/24-008749-003/2024(H5N1)	1931	34
PB1|PP755595.1|A/cattle/Texas/24-008749-003/2024(H5N1)	1932	34
PB1|PP755595.1|A/cattle/Texas/24-008749-003/2024(H5N1)	1933	34
PB1|PP755595.1|A/cattle/Texas/24-008749-003/2024(H5N1)	1934	34
PB1|PP755595.1|A/cattle/Texas/24-008749-003/2024(H5N1)	1935	34
PB1|PP755595.1|A/cattle/Texas/24-008749-003/2024(H5N1)	1936	33
PB1|PP755595.1|A/cattle/Texas/24-008749-003/2024(H5N1)	1937	33
PB1|PP755595.1|A/cattle/Texas/24-008749-003/2024(H5N1)	1938	33
PB1|PP755595.1|A/cattle/Texas/24-008749-003/2024(H5N1)	1939	34
PB1|PP755595.1|A/cattle/Texas/24-008749-003/2024(H5N1)	1940	34
PB1|PP755595.1|A/cattle/Texas/24-008749-003/2024(H5N1)	1941	33
PB1|PP755595.1|A/cattle/Texas/24-008749-003/2024(H5N1)	1942	33
PB1|PP755595.1|A/cattle/Texas/24-008749-003/2024(H5N1)	1943	33
PB1|PP755595.1|A/cattle/Texas/24-008749-003/2024(H5N1)	1944	33
PB1|PP755595.1|A/cattle/Texas/24-008749-003/2024(H5N1)	1945	33
PB1|PP755595.1|A/cattle/Texas/24-008749-003/2024(H5N1)	1946	33
PB1|PP755595.1|A/cattle/Texas/24-008749-003/2024(H5N1)	1947	33
PB1|PP755595.1|A/cattle/Texas/24-008749-003/2024(H5N1)	1948	33
PB1|PP755595.1|A/cattle/Texas/24-008749-003/2024(H5N1)	1949	33
PB1|PP755595.1|A/cattle/Texas/24-008749-003/2024(H5N1)	1950	33
PB1|PP755595.1|A/cattle/Texas/24-008749-003/2024(H5N1)	1951	33
PB1|PP755595.1|A/cattle/Texas/24-008749-003/2024(H5N1)	1952	33
PB1|PP755595.1|A/cattle/Texas/24-008749-003/2024(H5N1)	1953	34
PB1|PP755595.1|A/cattle/Texas/24-008749-003/2024(H5N1)	1954	34
PB1|PP755595.1|A/cattle/Texas/24-008749-003/2024(H5N1)	1955	34
PB1|PP755595.1|A/cattle/Texas/24-008749-003/2024(H5N1)	1956	34
PB1|PP755595.1|A/cattle/Texas/24-008749-003/2024(H5N1)	1957	34
PB1|PP755595.1|A/cattle/Texas/24-008749-003/2024(H5N1)	1958	33
PB1|PP755595.1|A/cattle/Texas/24-008749-003/2024(H5N1)	1959	33
PB1|PP755595.1|A/cattle/Texas/24-008749-003/2024(H5N1)	1960	32
PB1|PP755595.1|A/cattle/Texas/24-008749-003/2024(H5N1)	1961	32
PB1|PP755595.1|A/cattle/Texas/24-008749-003/2024(H5N1)	1962	34
PB1|PP755595.1|A/cattle/Texas/24-008749-003/2024(H5N1)	1963	33
PB1|PP755595.1|A/cattle/Texas/24-008749-003/2024(H5N1)	1964	32
PB1|PP755595.1|A/cattle/Texas/24-008749-003/2024(H5N1)	1965	32
PB1|PP755595.1|A/cattle/Texas/24-008749-003/2024(H5N1)	1966	32
PB1|PP755595.1|A/cattle/Texas/24-008749-003/2024(H5N1)	1967	31
PB1|PP755595.1|A/cattle/Texas/24-008749-003/2024(H5N1)	1968	31
PB1|PP755595.1|A/cattle/Texas/24-008749-003/2024(H5N1)	1969	31
PB1|PP755595.1|A/cattle/Texas/24-008749-003/2024(H5N1)	1970	31
PB1|PP755595.1|A/cattle/Texas/24-008749-003/2024(H5N1)	1971	31
PB1|PP755595.1|A/cattle/Texas/24-008749-003/2024(H5N1)	1972	31
PB1|PP755595.1|A/cattle/Texas/24-008749-003/2024(H5N1)	1973	31
PB1|PP755595.1|A/cattle/Texas/24-008749-003/2024(H5N1)	1974	32
PB1|PP755595.1|A/cattle/Texas/24-008749-003/2024(H5N1)	1975	32
PB1|PP755595.1|A/cattle/Texas/24-008749-003/2024(H5N1)	1976	32
PB1|PP755595.1|A/cattle/Texas/24-008749-003/2024(H5N1)	1977	32
PB1|PP755595.1|A/cattle/Texas/24-008749-003/2024(H5N1)	1978	34
PB1|PP755595.1|A/cattle/Texas/24-008749-003/2024(H5N1)	1979	34
PB1|PP755595.1|A/cattle/Texas/24-008749-003/2024(H5N1)	1980	34
PB1|PP755595.1|A/cattle/Texas/24-008749-003/2024(H5N1)	1981	34
PB1|PP755595.1|A/cattle/Texas/24-008749-003/2024(H5N1)	1982	34
PB1|PP755595.1|A/cattle/Texas/24-008749-003/2024(H5N1)	1983	34
PB1|PP755595.1|A/cattle/Texas/24-008749-003/2024(H5N1)	1984	34
PB1|PP755595.1|A/cattle/Texas/24-008749-003/2024(H5N1)	1985	35
PB1|PP755595.1|A/cattle/Texas/24-008749-003/2024(H5N1)	1986	35
PB1|PP755595.1|A/cattle/Texas/24-008749-003/2024(H5N1)	1987	35
PB1|PP755595.1|A/cattle/Texas/24-008749-003/2024(H5N1)	1988	34
PB1|PP755595.1|A/cattle/Texas/24-008749-003/2024(H5N1)	1989	34
PB1|PP755595.1|A/cattle/Texas/24-008749-003/2024(H5N1)	1990	34
PB1|PP755595.1|A/cattle/Texas/24-008749-003/2024(H5N1)	1991	34
PB1|PP755595.1|A/cattle/Texas/24-008749-003/2024(H5N1)	1992	34
PB1|PP755595.1|A/cattle/Texas/24-008749-003/2024(H5N1)	1993	34
PB1|PP755595.1|A/cattle/Texas/24-008749-003/2024(H5N1)	1994	34
PB1|PP755595.1|A/cattle/Texas/24-008749-003/2024(H5N1)	1995	34
PB1|PP755595.1|A/cattle/Texas/24-008749-003/2024(H5N1)	1996	34
PB1|PP755595.1|A/cattle/Texas/24-008749-003/2024(H5N1)	1997	34
PB1|PP755595.1|A/cattle/Texas/24-008749-003/2024(H5N1)	1998	34
PB1|PP755595.1|A/cattle/Texas/24-008749-003/2024(H5N1)	1999	34
PB1|PP755595.1|A/cattle/Texas/24-008749-003/2024(H5N1)	2000	34
PB1|PP755595.1|A/cattle/Texas/24-008749-003/2024(H5N1)	2001	33
PB1|PP755595.1|A/cattle/Texas/24-008749-003/2024(H5N1)	2002	33
PB1|PP755595.1|A/cattle/Texas/24-008749-003/2024(H5N1)	2003	33
PB1|PP755595.1|A/cattle/Texas/24-008749-003/2024(H5N1)	2004	33
PB1|PP755595.1|A/cattle/Texas/24-008749-003/2024(H5N1)	2005	33
PB1|PP755595.1|A/cattle/Texas/24-008749-003/2024(H5N1)	2006	33
PB1|PP755595.1|A/cattle/Texas/24-008749-003/2024(H5N1)	2007	33
PB1|PP755595.1|A/cattle/Texas/24-008749-003/2024(H5N1)	2008	33
PB1|PP755595.1|A/cattle/Texas/24-008749-003/2024(H5N1)	2009	33
PB1|PP755595.1|A/cattle/Texas/24-008749-003/2024(H5N1)	2010	33
PB1|PP755595.1|A/cattle/Texas/24-008749-003/2024(H5N1)	2011	33
PB1|PP755595.1|A/cattle/Texas/24-008749-003/2024(H5N1)	2012	33
PB1|PP755595.1|A/cattle/Texas/24-008749-003/2024(H5N1)	2013	33
PB1|PP755595.1|A/cattle/Texas/24-008749-003/2024(H5N1)	2014	32
PB1|PP755595.1|A/cattle/Texas/24-008749-003/2024(H5N1)	2015	32
PB1|PP755595.1|A/cattle/Texas/24-008749-003/2024(H5N1)	2016	32
PB1|PP755595.1|A/cattle/Texas/24-008749-003/2024(H5N1)	2017	32
PB1|PP755595.1|A/cattle/Texas/24-008749-003/2024(H5N1)	2018	32
PB1|PP755595.1|A/cattle/Texas/24-008749-003/2024(H5N1)	2019	32
PB1|PP755595.1|A/cattle/Texas/24-008749-003/2024(H5N1)	2020	33
PB1|PP755595.1|A/cattle/Texas/24-008749-003/2024(H5N1)	2021	33
PB1|PP755595.1|A/cattle/Texas/24-008749-003/2024(H5N1)	2022	33
PB1|PP755595.1|A/cattle/Texas/24-008749-003/2024(H5N1)	2023	33
PB1|PP755595.1|A/cattle/Texas/24-008749-003/2024(H5N1)	2024	30
PB1|PP755595.1|A/cattle/Texas/24-008749-003/2024(H5N1)	2025	30
PB1|PP755595.1|A/cattle/Texas/24-008749-003/2024(H5N1)	2026	30
PB1|PP755595.1|A/cattle/Texas/24-008749-003/2024(H5N1)	2027	30
PB1|PP755595.1|A/cattle/Texas/24-008749-003/2024(H5N1)	2028	30
PB1|PP755595.1|A/cattle/Texas/24-008749-003/2024(H5N1)	2029	30
PB1|PP755595.1|A/cattle/Texas/24-008749-003/2024(H5N1)	2030	30
PB1|PP755595.1|A/cattle/Texas/24-008749-003/2024(H5N1)	2031	29
PB1|PP755595.1|A/cattle/Texas/24-008749-003/2024(H5N1)	2032	29
PB1|PP755595.1|A/cattle/Texas/24-008749-003/2024(H5N1)	2033	29
PB1|PP755595.1|A/cattle/Texas/24-008749-003/2024(H5N1)	2034	30
PB1|PP755595.1|A/cattle/Texas/24-008749-003/2024(H5N1)	2035	30
PB1|PP755595.1|A/cattle/Texas/24-008749-003/2024(H5N1)	2036	30
PB1|PP755595.1|A/cattle/Texas/24-008749-003/2024(H5N1)	2037	30
PB1|PP755595.1|A/cattle/Texas/24-008749-003/2024(H5N1)	2038	30
PB1|PP755595.1|A/cattle/Texas/24-008749-003/2024(H5N1)	2039	31
PB1|PP755595.1|A/cattle/Texas/24-008749-003/2024(H5N1)	2040	30
PB1|PP755595.1|A/cattle/Texas/24-008749-003/2024(H5N1)	2041	31
PB1|PP755595.1|A/cattle/Texas/24-008749-003/2024(H5N1)	2042	31
PB1|PP755595.1|A/cattle/Texas/24-008749-003/2024(H5N1)	2043	31
PB1|PP755595.1|A/cattle/Texas/24-008749-003/2024(H5N1)	2044	31
PB1|PP755595.1|A/cattle/Texas/24-008749-003/2024(H5N1)	2045	31
PB1|PP755595.1|A/cattle/Texas/24-008749-003/2024(H5N1)	2046	31
PB1|PP755595.1|A/cattle/Texas/24-008749-003/2024(H5N1)	2047	30
PB1|PP755595.1|A/cattle/Texas/24-008749-003/2024(H5N1)	2048	30
PB1|PP755595.1|A/cattle/Texas/24-008749-003/2024(H5N1)	2049	30
PB1|PP755595.1|A/cattle/Texas/24-008749-003/2024(H5N1)	2050	30
PB1|PP755595.1|A/cattle/Texas/24-008749-003/2024(H5N1)	2051	30
PB1|PP755595.1|A/cattle/Texas/24-008749-003/2024(H5N1)	2052	30
PB1|PP755595.1|A/cattle/Texas/24-008749-003/2024(H5N1)	2053	29
PB1|PP755595.1|A/cattle/Texas/24-008749-003/2024(H5N1)	2054	29
PB1|PP755595.1|A/cattle/Texas/24-008749-003/2024(H5N1)	2055	31
PB1|PP755595.1|A/cattle/Texas/24-008749-003/2024(H5N1)	2056	31
PB1|PP755595.1|A/cattle/Texas/24-008749-003/2024(H5N1)	2057	32
PB1|PP755595.1|A/cattle/Texas/24-008749-003/2024(H5N1)	2058	32
PB1|PP755595.1|A/cattle/Texas/24-008749-003/2024(H5N1)	2059	32
PB1|PP755595.1|A/cattle/Texas/24-008749-003/2024(H5N1)	2060	31
PB1|PP755595.1|A/cattle/Texas/24-008749-003/2024(H5N1)	2061	31
PB1|PP755595.1|A/cattle/Texas/24-008749-003/2024(H5N1)	2062	31
PB1|PP755595.1|A/cattle/Texas/24-008749-003/2024(H5N1)	2063	31
PB1|PP755595.1|A/cattle/Texas/24-008749-003/2024(H5N1)	2064	31
PB1|PP755595.1|A/cattle/Texas/24-008749-003/2024(H5N1)	2065	31
PB1|PP755595.1|A/cattle/Texas/24-008749-003/2024(H5N1)	2066	33
PB1|PP755595.1|A/cattle/Texas/24-008749-003/2024(H5N1)	2067	34
PB1|PP755595.1|A/cattle/Texas/24-008749-003/2024(H5N1)	2068	33
PB1|PP755595.1|A/cattle/Texas/24-008749-003/2024(H5N1)	2069	33
PB1|PP755595.1|A/cattle/Texas/24-008749-003/2024(H5N1)	2070	33
PB1|PP755595.1|A/cattle/Texas/24-008749-003/2024(H5N1)	2071	33
PB1|PP755595.1|A/cattle/Texas/24-008749-003/2024(H5N1)	2072	33
PB1|PP755595.1|A/cattle/Texas/24-008749-003/2024(H5N1)	2073	33
PB1|PP755595.1|A/cattle/Texas/24-008749-003/2024(H5N1)	2074	32
PB1|PP755595.1|A/cattle/Texas/24-008749-003/2024(H5N1)	2075	32
PB1|PP755595.1|A/cattle/Texas/24-008749-003/2024(H5N1)	2076	32
PB1|PP755595.1|A/cattle/Texas/24-008749-003/2024(H5N1)	2077	30
PB1|PP755595.1|A/cattle/Texas/24-008749-003/2024(H5N1)	2078	30
PB1|PP755595.1|A/cattle/Texas/24-008749-003/2024(H5N1)	2079	30
PB1|PP755595.1|A/cattle/Texas/24-008749-003/2024(H5N1)	2080	30
PB1|PP755595.1|A/cattle/Texas/24-008749-003/2024(H5N1)	2081	30
PB1|PP755595.1|A/cattle/Texas/24-008749-003/2024(H5N1)	2082	30
PB1|PP755595.1|A/cattle/Texas/24-008749-003/2024(H5N1)	2083	30
PB1|PP755595.1|A/cattle/Texas/24-008749-003/2024(H5N1)	2084	30
PB1|PP755595.1|A/cattle/Texas/24-008749-003/2024(H5N1)	2085	30
PB1|PP755595.1|A/cattle/Texas/24-008749-003/2024(H5N1)	2086	30
PB1|PP755595.1|A/cattle/Texas/24-008749-003/2024(H5N1)	2087	30
PB1|PP755595.1|A/cattle/Texas/24-008749-003/2024(H5N1)	2088	30
PB1|PP755595.1|A/cattle/Texas/24-008749-003/2024(H5N1)	2089	30
PB1|PP755595.1|A/cattle/Texas/24-008749-003/2024(H5N1)	2090	30
PB1|PP755595.1|A/cattle/Texas/24-008749-003/2024(H5N1)	2091	30
PB1|PP755595.1|A/cattle/Texas/24-008749-003/2024(H5N1)	2092	30
PB1|PP755595.1|A/cattle/Texas/24-008749-003/2024(H5N1)	2093	30
PB1|PP755595.1|A/cattle/Texas/24-008749-003/2024(H5N1)	2094	30
PB1|PP755595.1|A/cattle/Texas/24-008749-003/2024(H5N1)	2095	30
PB1|PP755595.1|A/cattle/Texas/24-008749-003/2024(H5N1)	2096	30
PB1|PP755595.1|A/cattle/Texas/24-008749-003/2024(H5N1)	2097	29
PB1|PP755595.1|A/cattle/Texas/24-008749-003/2024(H5N1)	2098	29
PB1|PP755595.1|A/cattle/Texas/24-008749-003/2024(H5N1)	2099	29
PB1|PP755595.1|A/cattle/Texas/24-008749-003/2024(H5N1)	2100	29
PB1|PP755595.1|A/cattle/Texas/24-008749-003/2024(H5N1)	2101	29
PB1|PP755595.1|A/cattle/Texas/24-008749-003/2024(H5N1)	2102	29
PB1|PP755595.1|A/cattle/Texas/24-008749-003/2024(H5N1)	2103	29
PB1|PP755595.1|A/cattle/Texas/24-008749-003/2024(H5N1)	2104	29
PB1|PP755595.1|A/cattle/Texas/24-008749-003/2024(H5N1)	2105	29
PB1|PP755595.1|A/cattle/Texas/24-008749-003/2024(H5N1)	2106	29
PB1|PP755595.1|A/cattle/Texas/24-008749-003/2024(H5N1)	2107	27
PB1|PP755595.1|A/cattle/Texas/24-008749-003/2024(H5N1)	2108	27
PB1|PP755595.1|A/cattle/Texas/24-008749-003/2024(H5N1)	2109	27
PB1|PP755595.1|A/cattle/Texas/24-008749-003/2024(H5N1)	2110	27
PB1|PP755595.1|A/cattle/Texas/24-008749-003/2024(H5N1)	2111	27
PB1|PP755595.1|A/cattle/Texas/24-008749-003/2024(H5N1)	2112	27
PB1|PP755595.1|A/cattle/Texas/24-008749-003/2024(H5N1)	2113	27
PB1|PP755595.1|A/cattle/Texas/24-008749-003/2024(H5N1)	2114	27
PB1|PP755595.1|A/cattle/Texas/24-008749-003/2024(H5N1)	2115	27
PB1|PP755595.1|A/cattle/Texas/24-008749-003/2024(H5N1)	2116	26
PB1|PP755595.1|A/cattle/Texas/24-008749-003/2024(H5N1)	2117	26
PB1|PP755595.1|A/cattle/Texas/24-008749-003/2024(H5N1)	2118	26
PB1|PP755595.1|A/cattle/Texas/24-008749-003/2024(H5N1)	2119	26
PB1|PP755595.1|A/cattle/Texas/24-008749-003/2024(H5N1)	2120	25
PB1|PP755595.1|A/cattle/Texas/24-008749-003/2024(H5N1)	2121	25
PB1|PP755595.1|A/cattle/Texas/24-008749-003/2024(H5N1)	2122	25
PB1|PP755595.1|A/cattle/Texas/24-008749-003/2024(H5N1)	2123	25
PB1|PP755595.1|A/cattle/Texas/24-008749-003/2024(H5N1)	2124	25
PB1|PP755595.1|A/cattle/Texas/24-008749-003/2024(H5N1)	2125	25
PB1|PP755595.1|A/cattle/Texas/24-008749-003/2024(H5N1)	2126	25
PB1|PP755595.1|A/cattle/Texas/24-008749-003/2024(H5N1)	2127	25
PB1|PP755595.1|A/cattle/Texas/24-008749-003/2024(H5N1)	2128	25
PB1|PP755595.1|A/cattle/Texas/24-008749-003/2024(H5N1)	2129	25
PB1|PP755595.1|A/cattle/Texas/24-008749-003/2024(H5N1)	2130	25
PB1|PP755595.1|A/cattle/Texas/24-008749-003/2024(H5N1)	2131	25
PB1|PP755595.1|A/cattle/Texas/24-008749-003/2024(H5N1)	2132	25
PB1|PP755595.1|A/cattle/Texas/24-008749-003/2024(H5N1)	2133	25
PB1|PP755595.1|A/cattle/Texas/24-008749-003/2024(H5N1)	2134	25
PB1|PP755595.1|A/cattle/Texas/24-008749-003/2024(H5N1)	2135	25
PB1|PP755595.1|A/cattle/Texas/24-008749-003/2024(H5N1)	2136	25
PB1|PP755595.1|A/cattle/Texas/24-008749-003/2024(H5N1)	2137	25
PB1|PP755595.1|A/cattle/Texas/24-008749-003/2024(H5N1)	2138	25
PB1|PP755595.1|A/cattle/Texas/24-008749-003/2024(H5N1)	2139	25
PB1|PP755595.1|A/cattle/Texas/24-008749-003/2024(H5N1)	2140	23
PB1|PP755595.1|A/cattle/Texas/24-008749-003/2024(H5N1)	2141	23
PB1|PP755595.1|A/cattle/Texas/24-008749-003/2024(H5N1)	2142	23
PB1|PP755595.1|A/cattle/Texas/24-008749-003/2024(H5N1)	2143	25
PB1|PP755595.1|A/cattle/Texas/24-008749-003/2024(H5N1)	2144	25
PB1|PP755595.1|A/cattle/Texas/24-008749-003/2024(H5N1)	2145	25
PB1|PP755595.1|A/cattle/Texas/24-008749-003/2024(H5N1)	2146	25
PB1|PP755595.1|A/cattle/Texas/24-008749-003/2024(H5N1)	2147	23
PB1|PP755595.1|A/cattle/Texas/24-008749-003/2024(H5N1)	2148	23
PB1|PP755595.1|A/cattle/Texas/24-008749-003/2024(H5N1)	2149	23
PB1|PP755595.1|A/cattle/Texas/24-008749-003/2024(H5N1)	2150	23
PB1|PP755595.1|A/cattle/Texas/24-008749-003/2024(H5N1)	2151	23
PB1|PP755595.1|A/cattle/Texas/24-008749-003/2024(H5N1)	2152	22
PB1|PP755595.1|A/cattle/Texas/24-008749-003/2024(H5N1)	2153	22
PB1|PP755595.1|A/cattle/Texas/24-008749-003/2024(H5N1)	2154	24
PB1|PP755595.1|A/cattle/Texas/24-008749-003/2024(H5N1)	2155	24
PB1|PP755595.1|A/cattle/Texas/24-008749-003/2024(H5N1)	2156	24
PB1|PP755595.1|A/cattle/Texas/24-008749-003/2024(H5N1)	2157	24
PB1|PP755595.1|A/cattle/Texas/24-008749-003/2024(H5N1)	2158	24
PB1|PP755595.1|A/cattle/Texas/24-008749-003/2024(H5N1)	2159	24
PB1|PP755595.1|A/cattle/Texas/24-008749-003/2024(H5N1)	2160	21
PB1|PP755595.1|A/cattle/Texas/24-008749-003/2024(H5N1)	2161	21
PB1|PP755595.1|A/cattle/Texas/24-008749-003/2024(H5N1)	2162	21
PB1|PP755595.1|A/cattle/Texas/24-008749-003/2024(H5N1)	2163	20
PB1|PP755595.1|A/cattle/Texas/24-008749-003/2024(H5N1)	2164	20
PB1|PP755595.1|A/cattle/Texas/24-008749-003/2024(H5N1)	2165	20
PB1|PP755595.1|A/cattle/Texas/24-008749-003/2024(H5N1)	2166	20
PB1|PP755595.1|A/cattle/Texas/24-008749-003/2024(H5N1)	2167	20
PB1|PP755595.1|A/cattle/Texas/24-008749-003/2024(H5N1)	2168	20
PB1|PP755595.1|A/cattle/Texas/24-008749-003/2024(H5N1)	2169	20
PB1|PP755595.1|A/cattle/Texas/24-008749-003/2024(H5N1)	2170	20
PB1|PP755595.1|A/cattle/Texas/24-008749-003/2024(H5N1)	2171	18
PB1|PP755595.1|A/cattle/Texas/24-008749-003/2024(H5N1)	2172	18
PB1|PP755595.1|A/cattle/Texas/24-008749-003/2024(H5N1)	2173	18
PB1|PP755595.1|A/cattle/Texas/24-008749-003/2024(H5N1)	2174	18
PB1|PP755595.1|A/cattle/Texas/24-008749-003/2024(H5N1)	2175	18
PB1|PP755595.1|A/cattle/Texas/24-008749-003/2024(H5N1)	2176	18
PB1|PP755595.1|A/cattle/Texas/24-008749-003/2024(H5N1)	2177	18
PB1|PP755595.1|A/cattle/Texas/24-008749-003/2024(H5N1)	2178	18
PB1|PP755595.1|A/cattle/Texas/24-008749-003/2024(H5N1)	2179	18
PB1|PP755595.1|A/cattle/Texas/24-008749-003/2024(H5N1)	2180	18
PB1|PP755595.1|A/cattle/Texas/24-008749-003/2024(H5N1)	2181	18
PB1|PP755595.1|A/cattle/Texas/24-008749-003/2024(H5N1)	2182	18
PB1|PP755595.1|A/cattle/Texas/24-008749-003/2024(H5N1)	2183	18
PB1|PP755595.1|A/cattle/Texas/24-008749-003/2024(H5N1)	2184	18
PB1|PP755595.1|A/cattle/Texas/24-008749-003/2024(H5N1)	2185	18
PB1|PP755595.1|A/cattle/Texas/24-008749-003/2024(H5N1)	2186	18
PB1|PP755595.1|A/cattle/Texas/24-008749-003/2024(H5N1)	2187	18
PB1|PP755595.1|A/cattle/Texas/24-008749-003/2024(H5N1)	2188	18
PB1|PP755595.1|A/cattle/Texas/24-008749-003/2024(H5N1)	2189	18
PB1|PP755595.1|A/cattle/Texas/24-008749-003/2024(H5N1)	2190	17
PB1|PP755595.1|A/cattle/Texas/24-008749-003/2024(H5N1)	2191	17
PB1|PP755595.1|A/cattle/Texas/24-008749-003/2024(H5N1)	2192	17
PB1|PP755595.1|A/cattle/Texas/24-008749-003/2024(H5N1)	2193	17
PB1|PP755595.1|A/cattle/Texas/24-008749-003/2024(H5N1)	2194	17
PB1|PP755595.1|A/cattle/Texas/24-008749-003/2024(H5N1)	2195	17
PB1|PP755595.1|A/cattle/Texas/24-008749-003/2024(H5N1)	2196	17
PB1|PP755595.1|A/cattle/Texas/24-008749-003/2024(H5N1)	2197	17
PB1|PP755595.1|A/cattle/Texas/24-008749-003/2024(H5N1)	2198	17
PB1|PP755595.1|A/cattle/Texas/24-008749-003/2024(H5N1)	2199	17
PB1|PP755595.1|A/cattle/Texas/24-008749-003/2024(H5N1)	2200	17
PB1|PP755595.1|A/cattle/Texas/24-008749-003/2024(H5N1)	2201	17
PB1|PP755595.1|A/cattle/Texas/24-008749-003/2024(H5N1)	2202	17
PB1|PP755595.1|A/cattle/Texas/24-008749-003/2024(H5N1)	2203	17
PB1|PP755595.1|A/cattle/Texas/24-008749-003/2024(H5N1)	2204	16
PB1|PP755595.1|A/cattle/Texas/24-008749-003/2024(H5N1)	2205	16
PB1|PP755595.1|A/cattle/Texas/24-008749-003/2024(H5N1)	2206	16
PB1|PP755595.1|A/cattle/Texas/24-008749-003/2024(H5N1)	2207	16
PB1|PP755595.1|A/cattle/Texas/24-008749-003/2024(H5N1)	2208	16
PB1|PP755595.1|A/cattle/Texas/24-008749-003/2024(H5N1)	2209	16
PB1|PP755595.1|A/cattle/Texas/24-008749-003/2024(H5N1)	2210	16
PB1|PP755595.1|A/cattle/Texas/24-008749-003/2024(H5N1)	2211	14
PB1|PP755595.1|A/cattle/Texas/24-008749-003/2024(H5N1)	2212	14
PB1|PP755595.1|A/cattle/Texas/24-008749-003/2024(H5N1)	2213	14
PB1|PP755595.1|A/cattle/Texas/24-008749-003/2024(H5N1)	2214	14
PB1|PP755595.1|A/cattle/Texas/24-008749-003/2024(H5N1)	2215	14
PB1|PP755595.1|A/cattle/Texas/24-008749-003/2024(H5N1)	2216	14
PB1|PP755595.1|A/cattle/Texas/24-008749-003/2024(H5N1)	2217	14
PB1|PP755595.1|A/cattle/Texas/24-008749-003/2024(H5N1)	2218	14
PB1|PP755595.1|A/cattle/Texas/24-008749-003/2024(H5N1)	2219	14
PB1|PP755595.1|A/cattle/Texas/24-008749-003/2024(H5N1)	2220	14
PB1|PP755595.1|A/cattle/Texas/24-008749-003/2024(H5N1)	2221	14
PB1|PP755595.1|A/cattle/Texas/24-008749-003/2024(H5N1)	2222	14
PB1|PP755595.1|A/cattle/Texas/24-008749-003/2024(H5N1)	2223	14
PB1|PP755595.1|A/cattle/Texas/24-008749-003/2024(H5N1)	2224	14
PB1|PP755595.1|A/cattle/Texas/24-008749-003/2024(H5N1)	2225	13
PB1|PP755595.1|A/cattle/Texas/24-008749-003/2024(H5N1)	2226	14
PB1|PP755595.1|A/cattle/Texas/24-008749-003/2024(H5N1)	2227	14
PB1|PP755595.1|A/cattle/Texas/24-008749-003/2024(H5N1)	2228	14
PB1|PP755595.1|A/cattle/Texas/24-008749-003/2024(H5N1)	2229	14
PB1|PP755595.1|A/cattle/Texas/24-008749-003/2024(H5N1)	2230	14
PB1|PP755595.1|A/cattle/Texas/24-008749-003/2024(H5N1)	2231	13
PB1|PP755595.1|A/cattle/Texas/24-008749-003/2024(H5N1)	2232	13
PB1|PP755595.1|A/cattle/Texas/24-008749-003/2024(H5N1)	2233	13
PB1|PP755595.1|A/cattle/Texas/24-008749-003/2024(H5N1)	2234	13
PB1|PP755595.1|A/cattle/Texas/24-008749-003/2024(H5N1)	2235	13
PB1|PP755595.1|A/cattle/Texas/24-008749-003/2024(H5N1)	2236	13
PB1|PP755595.1|A/cattle/Texas/24-008749-003/2024(H5N1)	2237	13
PB1|PP755595.1|A/cattle/Texas/24-008749-003/2024(H5N1)	2238	13
PB1|PP755595.1|A/cattle/Texas/24-008749-003/2024(H5N1)	2239	13
PB1|PP755595.1|A/cattle/Texas/24-008749-003/2024(H5N1)	2240	13
PB1|PP755595.1|A/cattle/Texas/24-008749-003/2024(H5N1)	2241	13
PB1|PP755595.1|A/cattle/Texas/24-008749-003/2024(H5N1)	2242	13
PB1|PP755595.1|A/cattle/Texas/24-008749-003/2024(H5N1)	2243	13
PB1|PP755595.1|A/cattle/Texas/24-008749-003/2024(H5N1)	2244	13
PB1|PP755595.1|A/cattle/Texas/24-008749-003/2024(H5N1)	2245	13
PB1|PP755595.1|A/cattle/Texas/24-008749-003/2024(H5N1)	2246	13
PB1|PP755595.1|A/cattle/Texas/24-008749-003/2024(H5N1)	2247	13
PB1|PP755595.1|A/cattle/Texas/24-008749-003/2024(H5N1)	2248	13
PB1|PP755595.1|A/cattle/Texas/24-008749-003/2024(H5N1)	2249	13
PB1|PP755595.1|A/cattle/Texas/24-008749-003/2024(H5N1)	2250	13
PB1|PP755595.1|A/cattle/Texas/24-008749-003/2024(H5N1)	2251	13
PB1|PP755595.1|A/cattle/Texas/24-008749-003/2024(H5N1)	2252	13
PB1|PP755595.1|A/cattle/Texas/24-008749-003/2024(H5N1)	2253	13
PB1|PP755595.1|A/cattle/Texas/24-008749-003/2024(H5N1)	2254	13
PB1|PP755595.1|A/cattle/Texas/24-008749-003/2024(H5N1)	2255	11
PB1|PP755595.1|A/cattle/Texas/24-008749-003/2024(H5N1)	2256	11
PB1|PP755595.1|A/cattle/Texas/24-008749-003/2024(H5N1)	2257	11
PB1|PP755595.1|A/cattle/Texas/24-008749-003/2024(H5N1)	2258	11
PB1|PP755595.1|A/cattle/Texas/24-008749-003/2024(H5N1)	2259	11
PB1|PP755595.1|A/cattle/Texas/24-008749-003/2024(H5N1)	2260	11
PB1|PP755595.1|A/cattle/Texas/24-008749-003/2024(H5N1)	2261	11
PB1|PP755595.1|A/cattle/Texas/24-008749-003/2024(H5N1)	2262	11
PB1|PP755595.1|A/cattle/Texas/24-008749-003/2024(H5N1)	2263	11
PB1|PP755595.1|A/cattle/Texas/24-008749-003/2024(H5N1)	2264	11
PB1|PP755595.1|A/cattle/Texas/24-008749-003/2024(H5N1)	2265	11
PB1|PP755595.1|A/cattle/Texas/24-008749-003/2024(H5N1)	2266	11
PB1|PP755595.1|A/cattle/Texas/24-008749-003/2024(H5N1)	2267	11
PB1|PP755595.1|A/cattle/Texas/24-008749-003/2024(H5N1)	2268	11
PB1|PP755595.1|A/cattle/Texas/24-008749-003/2024(H5N1)	2269	11
PB1|PP755595.1|A/cattle/Texas/24-008749-003/2024(H5N1)	2270	11
PB1|PP755595.1|A/cattle/Texas/24-008749-003/2024(H5N1)	2271	10
PB1|PP755595.1|A/cattle/Texas/24-008749-003/2024(H5N1)	2272	10
PB1|PP755595.1|A/cattle/Texas/24-008749-003/2024(H5N1)	2273	9
PB1|PP755595.1|A/cattle/Texas/24-008749-003/2024(H5N1)	2274	9
