PB1|PP755595.1|A/cattle/Texas/24-008749-003/2024(H5N1)	1	73
PB1|PP755595.1|A/cattle/Texas/24-008749-003/2024(H5N1)	2	73
PB1|PP755595.1|A/cattle/Texas/24-008749-003/2024(H5N1)	3	73
PB1|PP755595.1|A/cattle/Texas/24-008749-003/2024(H5N1)	4	73
PB1|PP755595.1|A/cattle/Texas/24-008749-003/2024(H5N1)	5	76
PB1|PP755595.1|A/cattle/Texas/24-008749-003/2024(H5N1)	6	78
PB1|PP755595.1|A/cattle/Texas/24-008749-003/2024(H5N1)	7	78
PB1|PP755595.1|A/cattle/Texas/24-008749-003/2024(H5N1)	8	78
PB1|PP755595.1|A/cattle/Texas/24-008749-003/2024(H5N1)	9	79
PB1|PP755595.1|A/cattle/Texas/24-008749-003/2024(H5N1)	10	81
PB1|PP755595.1|A/cattle/Texas/24-008749-003/2024(H5N1)	11	81
PB1|PP755595.1|A/cattle/Texas/24-008749-003/2024(H5N1)	12	81
PB1|PP755595.1|A/cattle/Texas/24-008749-003/2024(H5N1)	13	81
PB1|PP755595.1|A/cattle/Texas/24-008749-003/2024(H5N1)	14	81
PB1|PP755595.1|A/cattle/Texas/24-008749-003/2024(H5N1)	15	83
PB1|PP755595.1|A/cattle/Texas/24-008749-003/2024(H5N1)	16	84
PB1|PP755595.1|A/cattle/Texas/24-008749-003/2024(H5N1)	17	84
PB1|PP755595.1|A/cattle/Texas/24-008749-003/2024(H5N1)	18	84
PB1|PP755595.1|A/cattle/Texas/24-008749-003/2024(H5N1)	19	85
PB1|PP755595.1|A/cattle/Texas/24-008749-003/2024(H5N1)	20	85
PB1|PP755595.1|A/cattle/Texas/24-008749-003/2024(H5N1)	21	85
PB1|PP755595.1|A/cattle/Texas/24-008749-003/2024(H5N1)	22	85
PB1|PP755595.1|A/cattle/Texas/24-008749-003/2024(H5N1)	23	85
PB1|PP755595.1|A/cattle/Texas/24-008749-003/2024(H5N1)	24	85
PB1|PP755595.1|A/cattle/Texas/24-008749-003/2024(H5N1)	25	85
PB1|PP755595.1|A/cattle/Texas/24-008749-003/2024(H5N1)	26	85
PB1|PP755595.1|A/cattle/Texas/24-008749-003/2024(H5N1)	27	85
PB1|PP755595.1|A/cattle/Texas/24-008749-003/2024(H5N1)	28	85
PB1|PP755595.1|A/cattle/Texas/24-008749-003/2024(H5N1)	29	85
PB1|PP755595.1|A/cattle/Texas/24-008749-003/2024(H5N1)	30	86
PB1|PP755595.1|A/cattle/Texas/24-008749-003/2024(H5N1)	31	86
PB1|PP755595.1|A/cattle/Texas/24-008749-003/2024(H5N1)	32	87
PB1|PP755595.1|A/cattle/Texas/24-008749-003/2024(H5N1)	33	87
PB1|PP755595.1|A/cattle/Texas/24-008749-003/2024(H5N1)	34	87
PB1|PP755595.1|A/cattle/Texas/24-008749-003/2024(H5N1)	35	87
PB1|PP755595.1|A/cattle/Texas/24-008749-003/2024(H5N1)	36	87
PB1|PP755595.1|A/cattle/Texas/24-008749-003/2024(H5N1)	37	87
PB1|PP755595.1|A/cattle/Texas/24-008749-003/2024(H5N1)	38	87
PB1|PP755595.1|A/cattle/Texas/24-008749-003/2024(H5N1)	39	87
PB1|PP755595.1|A/cattle/Texas/24-008749-003/2024(H5N1)	40	87
PB1|PP755595.1|A/cattle/Texas/24-008749-003/2024(H5N1)	41	87
PB1|PP755595.1|A/cattle/Texas/24-008749-003/2024(H5N1)	42	87
PB1|PP755595.1|A/cattle/Texas/24-008749-003/2024(H5N1)	43	87
PB1|PP755595.1|A/cattle/Texas/24-008749-003/2024(H5N1)	44	87
PB1|PP755595.1|A/cattle/Texas/24-008749-003/2024(H5N1)	45	87
PB1|PP755595.1|A/cattle/Texas/24-008749-003/2024(H5N1)	46	87
PB1|PP755595.1|A/cattle/Texas/24-008749-003/2024(H5N1)	47	88
PB1|PP755595.1|A/cattle/Texas/24-008749-003/2024(H5N1)	48	92
PB1|PP755595.1|A/cattle/Texas/24-008749-003/2024(H5N1)	49	94
PB1|PP755595.1|A/cattle/Texas/24-008749-003/2024(H5N1)	50	94
PB1|PP755595.1|A/cattle/Texas/24-008749-003/2024(H5N1)	51	95
PB1|PP755595.1|A/cattle/Texas/24-008749-003/2024(H5N1)	52	95
PB1|PP755595.1|A/cattle/Texas/24-008749-003/2024(H5N1)	53	95
PB1|PP755595.1|A/cattle/Texas/24-008749-003/2024(H5N1)	54	97
PB1|PP755595.1|A/cattle/Texas/24-008749-003/2024(H5N1)	55	97
PB1|PP755595.1|A/cattle/Texas/24-008749-003/2024(H5N1)	56	98
PB1|PP755595.1|A/cattle/Texas/24-008749-003/2024(H5N1)	57	99
PB1|PP755595.1|A/cattle/Texas/24-008749-003/2024(H5N1)	58	99
PB1|PP755595.1|A/cattle/Texas/24-008749-003/2024(H5N1)	59	99
PB1|PP755595.1|A/cattle/Texas/24-008749-003/2024(H5N1)	60	99
PB1|PP755595.1|A/cattle/Texas/24-008749-003/2024(H5N1)	61	100
PB1|PP755595.1|A/cattle/Texas/24-008749-003/2024(H5N1)	62	100
PB1|PP755595.1|A/cattle/Texas/24-008749-003/2024(H5N1)	63	100
PB1|PP755595.1|A/cattle/Texas/24-008749-003/2024(H5N1)	64	103
PB1|PP755595.1|A/cattle/Texas/24-008749-003/2024(H5N1)	65	103
PB1|PP755595.1|A/cattle/Texas/24-008749-003/2024(H5N1)	66	109
PB1|PP755595.1|A/cattle/Texas/24-008749-003/2024(H5N1)	67	110
PB1|PP755595.1|A/cattle/Texas/24-008749-003/2024(H5N1)	68	110
PB1|PP755595.1|A/cattle/Texas/24-008749-003/2024(H5N1)	69	112
PB1|PP755595.1|A/cattle/Texas/24-008749-003/2024(H5N1)	70	112
PB1|PP755595.1|A/cattle/Texas/24-008749-003/2024(H5N1)	71	115
PB1|PP755595.1|A/cattle/Texas/24-008749-003/2024(H5N1)	72	116
PB1|PP755595.1|A/cattle/Texas/24-008749-003/2024(H5N1)	73	117
PB1|PP755595.1|A/cattle/Texas/24-008749-003/2024(H5N1)	74	118
PB1|PP755595.1|A/cattle/Texas/24-008749-003/2024(H5N1)	75	114
PB1|PP755595.1|A/cattle/Texas/24-008749-003/2024(H5N1)	76	115
PB1|PP755595.1|A/cattle/Texas/24-008749-003/2024(H5N1)	77	115
PB1|PP755595.1|A/cattle/Texas/24-008749-003/2024(H5N1)	78	115
PB1|PP755595.1|A/cattle/Texas/24-008749-003/2024(H5N1)	79	115
PB1|PP755595.1|A/cattle/Texas/24-008749-003/2024(H5N1)	80	116
PB1|PP755595.1|A/cattle/Texas/24-008749-003/2024(H5N1)	81	116
PB1|PP755595.1|A/cattle/Texas/24-008749-003/2024(H5N1)	82	124
PB1|PP755595.1|A/cattle/Texas/24-008749-003/2024(H5N1)	83	125
PB1|PP755595.1|A/cattle/Texas/24-008749-003/2024(H5N1)	84	125
PB1|PP755595.1|A/cattle/Texas/24-008749-003/2024(H5N1)	85	127
PB1|PP755595.1|A/cattle/Texas/24-008749-003/2024(H5N1)	86	127
PB1|PP755595.1|A/cattle/Texas/24-008749-003/2024(H5N1)	87	127
PB1|PP755595.1|A/cattle/Texas/24-008749-003/2024(H5N1)	88	127
PB1|PP755595.1|A/cattle/Texas/24-008749-003/2024(H5N1)	89	127
PB1|PP755595.1|A/cattle/Texas/24-008749-003/2024(H5N1)	90	127
PB1|PP755595.1|A/cattle/Texas/24-008749-003/2024(H5N1)	91	127
PB1|PP755595.1|A/cattle/Texas/24-008749-003/2024(H5N1)	92	134
PB1|PP755595.1|A/cattle/Texas/24-008749-003/2024(H5N1)	93	134
PB1|PP755595.1|A/cattle/Texas/24-008749-003/2024(H5N1)	94	134
PB1|PP755595.1|A/cattle/Texas/24-008749-003/2024(H5N1)	95	134
PB1|PP755595.1|A/cattle/Texas/24-008749-003/2024(H5N1)	96	134
PB1|PP755595.1|A/cattle/Texas/24-008749-003/2024(H5N1)	97	136
PB1|PP755595.1|A/cattle/Texas/24-008749-003/2024(H5N1)	98	141
PB1|PP755595.1|A/cattle/Texas/24-008749-003/2024(H5N1)	99	141
PB1|PP755595.1|A/cattle/Texas/24-008749-003/2024(H5N1)	100	141
PB1|PP755595.1|A/cattle/Texas/24-008749-003/2024(H5N1)	101	141
PB1|PP755595.1|A/cattle/Texas/24-008749-003/2024(H5N1)	102	141
PB1|PP755595.1|A/cattle/Texas/24-008749-003/2024(H5N1)	103	144
PB1|PP755595.1|A/cattle/Texas/24-008749-003/2024(H5N1)	104	146
PB1|PP755595.1|A/cattle/Texas/24-008749-003/2024(H5N1)	105	146
PB1|PP755595.1|A/cattle/Texas/24-008749-003/2024(H5N1)	106	149
PB1|PP755595.1|A/cattle/Texas/24-008749-003/2024(H5N1)	107	156
PB1|PP755595.1|A/cattle/Texas/24-008749-003/2024(H5N1)	108	161
PB1|PP755595.1|A/cattle/Texas/24-008749-003/2024(H5N1)	109	194
PB1|PP755595.1|A/cattle/Texas/24-008749-003/2024(H5N1)	110	195
PB1|PP755595.1|A/cattle/Texas/24-008749-003/2024(H5N1)	111	195
PB1|PP755595.1|A/cattle/Texas/24-008749-003/2024(H5N1)	112	192
PB1|PP755595.1|A/cattle/Texas/24-008749-003/2024(H5N1)	113	192
PB1|PP755595.1|A/cattle/Texas/24-008749-003/2024(H5N1)	114	197
PB1|PP755595.1|A/cattle/Texas/24-008749-003/2024(H5N1)	115	205
PB1|PP755595.1|A/cattle/Texas/24-008749-003/2024(H5N1)	116	211
PB1|PP755595.1|A/cattle/Texas/24-008749-003/2024(H5N1)	117	210
PB1|PP755595.1|A/cattle/Texas/24-008749-003/2024(H5N1)	118	211
PB1|PP755595.1|A/cattle/Texas/24-008749-003/2024(H5N1)	119	209
PB1|PP755595.1|A/cattle/Texas/24-008749-003/2024(H5N1)	120	212
PB1|PP755595.1|A/cattle/Texas/24-008749-003/2024(H5N1)	121	212
PB1|PP755595.1|A/cattle/Texas/24-008749-003/2024(H5N1)	122	217
PB1|PP755595.1|A/cattle/Texas/24-008749-003/2024(H5N1)	123	217
PB1|PP755595.1|A/cattle/Texas/24-008749-003/2024(H5N1)	124	217
PB1|PP755595.1|A/cattle/Texas/24-008749-003/2024(H5N1)	125	222
PB1|PP755595.1|A/cattle/Texas/24-008749-003/2024(H5N1)	126	221
PB1|PP755595.1|A/cattle/Texas/24-008749-003/2024(H5N1)	127	198
PB1|PP755595.1|A/cattle/Texas/24-008749-003/2024(H5N1)	128	197
PB1|PP755595.1|A/cattle/Texas/24-008749-003/2024(H5N1)	129	196
PB1|PP755595.1|A/cattle/Texas/24-008749-003/2024(H5N1)	130	206
PB1|PP755595.1|A/cattle/Texas/24-008749-003/2024(H5N1)	131	212
PB1|PP755595.1|A/cattle/Texas/24-008749-003/2024(H5N1)	132	211
PB1|PP755595.1|A/cattle/Texas/24-008749-003/2024(H5N1)	133	211
PB1|PP755595.1|A/cattle/Texas/24-008749-003/2024(H5N1)	134	211
PB1|PP755595.1|A/cattle/Texas/24-008749-003/2024(H5N1)	135	208
PB1|PP755595.1|A/cattle/Texas/24-008749-003/2024(H5N1)	136	208
PB1|PP755595.1|A/cattle/Texas/24-008749-003/2024(H5N1)	137	201
PB1|PP755595.1|A/cattle/Texas/24-008749-003/2024(H5N1)	138	201
PB1|PP755595.1|A/cattle/Texas/24-008749-003/2024(H5N1)	139	211
PB1|PP755595.1|A/cattle/Texas/24-008749-003/2024(H5N1)	140	211
PB1|PP755595.1|A/cattle/Texas/24-008749-003/2024(H5N1)	141	213
PB1|PP755595.1|A/cattle/Texas/24-008749-003/2024(H5N1)	142	212
PB1|PP755595.1|A/cattle/Texas/24-008749-003/2024(H5N1)	143	212
PB1|PP755595.1|A/cattle/Texas/24-008749-003/2024(H5N1)	144	204
PB1|PP755595.1|A/cattle/Texas/24-008749-003/2024(H5N1)	145	202
PB1|PP755595.1|A/cattle/Texas/24-008749-003/2024(H5N1)	146	203
PB1|PP755595.1|A/cattle/Texas/24-008749-003/2024(H5N1)	147	203
PB1|PP755595.1|A/cattle/Texas/24-008749-003/2024(H5N1)	148	203
PB1|PP755595.1|A/cattle/Texas/24-008749-003/2024(H5N1)	149	203
PB1|PP755595.1|A/cattle/Texas/24-008749-003/2024(H5N1)	150	203
PB1|PP755595.1|A/cattle/Texas/24-008749-003/2024(H5N1)	151	204
PB1|PP755595.1|A/cattle/Texas/24-008749-003/2024(H5N1)	152	208
PB1|PP755595.1|A/cattle/Texas/24-008749-003/2024(H5N1)	153	208
PB1|PP755595.1|A/cattle/Texas/24-008749-003/2024(H5N1)	154	209
PB1|PP755595.1|A/cattle/Texas/24-008749-003/2024(H5N1)	155	209
PB1|PP755595.1|A/cattle/Texas/24-008749-003/2024(H5N1)	156	206
PB1|PP755595.1|A/cattle/Texas/24-008749-003/2024(H5N1)	157	205
PB1|PP755595.1|A/cattle/Texas/24-008749-003/2024(H5N1)	158	205
PB1|PP755595.1|A/cattle/Texas/24-008749-003/2024(H5N1)	159	208
PB1|PP755595.1|A/cattle/Texas/24-008749-003/2024(H5N1)	160	207
PB1|PP755595.1|A/cattle/Texas/24-008749-003/2024(H5N1)	161	205
PB1|PP755595.1|A/cattle/Texas/24-008749-003/2024(H5N1)	162	205
PB1|PP755595.1|A/cattle/Texas/24-008749-003/2024(H5N1)	163	205
PB1|PP755595.1|A/cattle/Texas/24-008749-003/2024(H5N1)	164	205
PB1|PP755595.1|A/cattle/Texas/24-008749-003/2024(H5N1)	165	205
PB1|PP755595.1|A/cattle/Texas/24-008749-003/2024(H5N1)	166	203
PB1|PP755595.1|A/cattle/Texas/24-008749-003/2024(H5N1)	167	202
PB1|PP755595.1|A/cattle/Texas/24-008749-003/2024(H5N1)	168	200
PB1|PP755595.1|A/cattle/Texas/24-008749-003/2024(H5N1)	169	200
PB1|PP755595.1|A/cattle/Texas/24-008749-003/2024(H5N1)	170	199
PB1|PP755595.1|A/cattle/Texas/24-008749-003/2024(H5N1)	171	199
PB1|PP755595.1|A/cattle/Texas/24-008749-003/2024(H5N1)	172	199
PB1|PP755595.1|A/cattle/Texas/24-008749-003/2024(H5N1)	173	200
PB1|PP755595.1|A/cattle/Texas/24-008749-003/2024(H5N1)	174	204
PB1|PP755595.1|A/cattle/Texas/24-008749-003/2024(H5N1)	175	204
PB1|PP755595.1|A/cattle/Texas/24-008749-003/2024(H5N1)	176	204
PB1|PP755595.1|A/cattle/Texas/24-008749-003/2024(H5N1)	177	204
PB1|PP755595.1|A/cattle/Texas/24-008749-003/2024(H5N1)	178	204
PB1|PP755595.1|A/cattle/Texas/24-008749-003/2024(H5N1)	179	205
PB1|PP755595.1|A/cattle/Texas/24-008749-003/2024(H5N1)	180	206
PB1|PP755595.1|A/cattle/Texas/24-008749-003/2024(H5N1)	181	205
PB1|PP755595.1|A/cattle/Texas/24-008749-003/2024(H5N1)	182	205
PB1|PP755595.1|A/cattle/Texas/24-008749-003/2024(H5N1)	183	204
PB1|PP755595.1|A/cattle/Texas/24-008749-003/2024(H5N1)	184	204
PB1|PP755595.1|A/cattle/Texas/24-008749-003/2024(H5N1)	185	204
PB1|PP755595.1|A/cattle/Texas/24-008749-003/2024(H5N1)	186	204
PB1|PP755595.1|A/cattle/Texas/24-008749-003/2024(H5N1)	187	205
PB1|PP755595.1|A/cattle/Texas/24-008749-003/2024(H5N1)	188	208
PB1|PP755595.1|A/cattle/Texas/24-008749-003/2024(H5N1)	189	208
PB1|PP755595.1|A/cattle/Texas/24-008749-003/2024(H5N1)	190	218
PB1|PP755595.1|A/cattle/Texas/24-008749-003/2024(H5N1)	191	218
PB1|PP755595.1|A/cattle/Texas/24-008749-003/2024(H5N1)	192	218
PB1|PP755595.1|A/cattle/Texas/24-008749-003/2024(H5N1)	193	220
PB1|PP755595.1|A/cattle/Texas/24-008749-003/2024(H5N1)	194	220
PB1|PP755595.1|A/cattle/Texas/24-008749-003/2024(H5N1)	195	227
PB1|PP755595.1|A/cattle/Texas/24-008749-003/2024(H5N1)	196	226
PB1|PP755595.1|A/cattle/Texas/24-008749-003/2024(H5N1)	197	226
PB1|PP755595.1|A/cattle/Texas/24-008749-003/2024(H5N1)	198	226
PB1|PP755595.1|A/cattle/Texas/24-008749-003/2024(H5N1)	199	222
PB1|PP755595.1|A/cattle/Texas/24-008749-003/2024(H5N1)	200	225
PB1|PP755595.1|A/cattle/Texas/24-008749-003/2024(H5N1)	201	225
PB1|PP755595.1|A/cattle/Texas/24-008749-003/2024(H5N1)	202	224
PB1|PP755595.1|A/cattle/Texas/24-008749-003/2024(H5N1)	203	225
PB1|PP755595.1|A/cattle/Texas/24-008749-003/2024(H5N1)	204	225
PB1|PP755595.1|A/cattle/Texas/24-008749-003/2024(H5N1)	205	226
PB1|PP755595.1|A/cattle/Texas/24-008749-003/2024(H5N1)	206	226
PB1|PP755595.1|A/cattle/Texas/24-008749-003/2024(H5N1)	207	225
PB1|PP755595.1|A/cattle/Texas/24-008749-003/2024(H5N1)	208	224
PB1|PP755595.1|A/cattle/Texas/24-008749-003/2024(H5N1)	209	224
PB1|PP755595.1|A/cattle/Texas/24-008749-003/2024(H5N1)	210	226
PB1|PP755595.1|A/cattle/Texas/24-008749-003/2024(H5N1)	211	226
PB1|PP755595.1|A/cattle/Texas/24-008749-003/2024(H5N1)	212	225
PB1|PP755595.1|A/cattle/Texas/24-008749-003/2024(H5N1)	213	230
PB1|PP755595.1|A/cattle/Texas/24-008749-003/2024(H5N1)	214	227
PB1|PP755595.1|A/cattle/Texas/24-008749-003/2024(H5N1)	215	228
PB1|PP755595.1|A/cattle/Texas/24-008749-003/2024(H5N1)	216	227
PB1|PP755595.1|A/cattle/Texas/24-008749-003/2024(H5N1)	217	220
PB1|PP755595.1|A/cattle/Texas/24-008749-003/2024(H5N1)	218	225
PB1|PP755595.1|A/cattle/Texas/24-008749-003/2024(H5N1)	219	233
PB1|PP755595.1|A/cattle/Texas/24-008749-003/2024(H5N1)	220	244
PB1|PP755595.1|A/cattle/Texas/24-008749-003/2024(H5N1)	221	241
PB1|PP755595.1|A/cattle/Texas/24-008749-003/2024(H5N1)	222	235
PB1|PP755595.1|A/cattle/Texas/24-008749-003/2024(H5N1)	223	236
PB1|PP755595.1|A/cattle/Texas/24-008749-003/2024(H5N1)	224	236
PB1|PP755595.1|A/cattle/Texas/24-008749-003/2024(H5N1)	225	236
PB1|PP755595.1|A/cattle/Texas/24-008749-003/2024(H5N1)	226	242
PB1|PP755595.1|A/cattle/Texas/24-008749-003/2024(H5N1)	227	241
PB1|PP755595.1|A/cattle/Texas/24-008749-003/2024(H5N1)	228	245
PB1|PP755595.1|A/cattle/Texas/24-008749-003/2024(H5N1)	229	244
PB1|PP755595.1|A/cattle/Texas/24-008749-003/2024(H5N1)	230	244
PB1|PP755595.1|A/cattle/Texas/24-008749-003/2024(H5N1)	231	244
PB1|PP755595.1|A/cattle/Texas/24-008749-003/2024(H5N1)	232	247
PB1|PP755595.1|A/cattle/Texas/24-008749-003/2024(H5N1)	233	242
PB1|PP755595.1|A/cattle/Texas/24-008749-003/2024(H5N1)	234	248
PB1|PP755595.1|A/cattle/Texas/24-008749-003/2024(H5N1)	235	250
PB1|PP755595.1|A/cattle/Texas/24-008749-003/2024(H5N1)	236	250
PB1|PP755595.1|A/cattle/Texas/24-008749-003/2024(H5N1)	237	252
PB1|PP755595.1|A/cattle/Texas/24-008749-003/2024(H5N1)	238	252
PB1|PP755595.1|A/cattle/Texas/24-008749-003/2024(H5N1)	239	253
PB1|PP755595.1|A/cattle/Texas/24-008749-003/2024(H5N1)	240	258
PB1|PP755595.1|A/cattle/Texas/24-008749-003/2024(H5N1)	241	268
PB1|PP755595.1|A/cattle/Texas/24-008749-003/2024(H5N1)	242	274
PB1|PP755595.1|A/cattle/Texas/24-008749-003/2024(H5N1)	243	271
PB1|PP755595.1|A/cattle/Texas/24-008749-003/2024(H5N1)	244	273
PB1|PP755595.1|A/cattle/Texas/24-008749-003/2024(H5N1)	245	274
PB1|PP755595.1|A/cattle/Texas/24-008749-003/2024(H5N1)	246	277
PB1|PP755595.1|A/cattle/Texas/24-008749-003/2024(H5N1)	247	278
PB1|PP755595.1|A/cattle/Texas/24-008749-003/2024(H5N1)	248	272
PB1|PP755595.1|A/cattle/Texas/24-008749-003/2024(H5N1)	249	272
PB1|PP755595.1|A/cattle/Texas/24-008749-003/2024(H5N1)	250	276
PB1|PP755595.1|A/cattle/Texas/24-008749-003/2024(H5N1)	251	276
PB1|PP755595.1|A/cattle/Texas/24-008749-003/2024(H5N1)	252	281
PB1|PP755595.1|A/cattle/Texas/24-008749-003/2024(H5N1)	253	281
PB1|PP755595.1|A/cattle/Texas/24-008749-003/2024(H5N1)	254	282
PB1|PP755595.1|A/cattle/Texas/24-008749-003/2024(H5N1)	255	283
PB1|PP755595.1|A/cattle/Texas/24-008749-003/2024(H5N1)	256	287
PB1|PP755595.1|A/cattle/Texas/24-008749-003/2024(H5N1)	257	286
PB1|PP755595.1|A/cattle/Texas/24-008749-003/2024(H5N1)	258	237
PB1|PP755595.1|A/cattle/Texas/24-008749-003/2024(H5N1)	259	233
PB1|PP755595.1|A/cattle/Texas/24-008749-003/2024(H5N1)	260	235
PB1|PP755595.1|A/cattle/Texas/24-008749-003/2024(H5N1)	261	234
PB1|PP755595.1|A/cattle/Texas/24-008749-003/2024(H5N1)	262	238
PB1|PP755595.1|A/cattle/Texas/24-008749-003/2024(H5N1)	263	241
PB1|PP755595.1|A/cattle/Texas/24-008749-003/2024(H5N1)	264	245
PB1|PP755595.1|A/cattle/Texas/24-008749-003/2024(H5N1)	265	232
PB1|PP755595.1|A/cattle/Texas/24-008749-003/2024(H5N1)	266	232
PB1|PP755595.1|A/cattle/Texas/24-008749-003/2024(H5N1)	267	231
PB1|PP755595.1|A/cattle/Texas/24-008749-003/2024(H5N1)	268	231
PB1|PP755595.1|A/cattle/Texas/24-008749-003/2024(H5N1)	269	230
PB1|PP755595.1|A/cattle/Texas/24-008749-003/2024(H5N1)	270	231
PB1|PP755595.1|A/cattle/Texas/24-008749-003/2024(H5N1)	271	228
PB1|PP755595.1|A/cattle/Texas/24-008749-003/2024(H5N1)	272	229
PB1|PP755595.1|A/cattle/Texas/24-008749-003/2024(H5N1)	273	224
PB1|PP755595.1|A/cattle/Texas/24-008749-003/2024(H5N1)	274	225
PB1|PP755595.1|A/cattle/Texas/24-008749-003/2024(H5N1)	275	225
PB1|PP755595.1|A/cattle/Texas/24-008749-003/2024(H5N1)	276	222
PB1|PP755595.1|A/cattle/Texas/24-008749-003/2024(H5N1)	277	220
PB1|PP755595.1|A/cattle/Texas/24-008749-003/2024(H5N1)	278	211
PB1|PP755595.1|A/cattle/Texas/24-008749-003/2024(H5N1)	279	210
PB1|PP755595.1|A/cattle/Texas/24-008749-003/2024(H5N1)	280	210
PB1|PP755595.1|A/cattle/Texas/24-008749-003/2024(H5N1)	281	223
PB1|PP755595.1|A/cattle/Texas/24-008749-003/2024(H5N1)	282	222
PB1|PP755595.1|A/cattle/Texas/24-008749-003/2024(H5N1)	283	222
PB1|PP755595.1|A/cattle/Texas/24-008749-003/2024(H5N1)	284	222
PB1|PP755595.1|A/cattle/Texas/24-008749-003/2024(H5N1)	285	222
PB1|PP755595.1|A/cattle/Texas/24-008749-003/2024(H5N1)	286	223
PB1|PP755595.1|A/cattle/Texas/24-008749-003/2024(H5N1)	287	240
PB1|PP755595.1|A/cattle/Texas/24-008749-003/2024(H5N1)	288	240
PB1|PP755595.1|A/cattle/Texas/24-008749-003/2024(H5N1)	289	240
PB1|PP755595.1|A/cattle/Texas/24-008749-003/2024(H5N1)	290	229
PB1|PP755595.1|A/cattle/Texas/24-008749-003/2024(H5N1)	291	238
PB1|PP755595.1|A/cattle/Texas/24-008749-003/2024(H5N1)	292	243
PB1|PP755595.1|A/cattle/Texas/24-008749-003/2024(H5N1)	293	247
PB1|PP755595.1|A/cattle/Texas/24-008749-003/2024(H5N1)	294	250
PB1|PP755595.1|A/cattle/Texas/24-008749-003/2024(H5N1)	295	276
PB1|PP755595.1|A/cattle/Texas/24-008749-003/2024(H5N1)	296	279
PB1|PP755595.1|A/cattle/Texas/24-008749-003/2024(H5N1)	297	278
PB1|PP755595.1|A/cattle/Texas/24-008749-003/2024(H5N1)	298	278
PB1|PP755595.1|A/cattle/Texas/24-008749-003/2024(H5N1)	299	278
PB1|PP755595.1|A/cattle/Texas/24-008749-003/2024(H5N1)	300	275
PB1|PP755595.1|A/cattle/Texas/24-008749-003/2024(H5N1)	301	275
PB1|PP755595.1|A/cattle/Texas/24-008749-003/2024(H5N1)	302	278
PB1|PP755595.1|A/cattle/Texas/24-008749-003/2024(H5N1)	303	278
PB1|PP755595.1|A/cattle/Texas/24-008749-003/2024(H5N1)	304	278
PB1|PP755595.1|A/cattle/Texas/24-008749-003/2024(H5N1)	305	277
PB1|PP755595.1|A/cattle/Texas/24-008749-003/2024(H5N1)	306	287
PB1|PP755595.1|A/cattle/Texas/24-008749-003/2024(H5N1)	307	287
PB1|PP755595.1|A/cattle/Texas/24-008749-003/2024(H5N1)	308	287
PB1|PP755595.1|A/cattle/Texas/24-008749-003/2024(H5N1)	309	287
PB1|PP755595.1|A/cattle/Texas/24-008749-003/2024(H5N1)	310	284
PB1|PP755595.1|A/cattle/Texas/24-008749-003/2024(H5N1)	311	284
PB1|PP755595.1|A/cattle/Texas/24-008749-003/2024(H5N1)	312	284
PB1|PP755595.1|A/cattle/Texas/24-008749-003/2024(H5N1)	313	284
PB1|PP755595.1|A/cattle/Texas/24-008749-003/2024(H5N1)	314	285
PB1|PP755595.1|A/cattle/Texas/24-008749-003/2024(H5N1)	315	286
PB1|PP755595.1|A/cattle/Texas/24-008749-003/2024(H5N1)	316	286
PB1|PP755595.1|A/cattle/Texas/24-008749-003/2024(H5N1)	317	286
PB1|PP755595.1|A/cattle/Texas/24-008749-003/2024(H5N1)	318	287
PB1|PP755595.1|A/cattle/Texas/24-008749-003/2024(H5N1)	319	319
PB1|PP755595.1|A/cattle/Texas/24-008749-003/2024(H5N1)	320	319
PB1|PP755595.1|A/cattle/Texas/24-008749-003/2024(H5N1)	321	326
PB1|PP755595.1|A/cattle/Texas/24-008749-003/2024(H5N1)	322	326
PB1|PP755595.1|A/cattle/Texas/24-008749-003/2024(H5N1)	323	326
PB1|PP755595.1|A/cattle/Texas/24-008749-003/2024(H5N1)	324	325
PB1|PP755595.1|A/cattle/Texas/24-008749-003/2024(H5N1)	325	321
PB1|PP755595.1|A/cattle/Texas/24-008749-003/2024(H5N1)	326	323
PB1|PP755595.1|A/cattle/Texas/24-008749-003/2024(H5N1)	327	325
PB1|PP755595.1|A/cattle/Texas/24-008749-003/2024(H5N1)	328	327
PB1|PP755595.1|A/cattle/Texas/24-008749-003/2024(H5N1)	329	328
PB1|PP755595.1|A/cattle/Texas/24-008749-003/2024(H5N1)	330	332
PB1|PP755595.1|A/cattle/Texas/24-008749-003/2024(H5N1)	331	333
PB1|PP755595.1|A/cattle/Texas/24-008749-003/2024(H5N1)	332	333
PB1|PP755595.1|A/cattle/Texas/24-008749-003/2024(H5N1)	333	332
PB1|PP755595.1|A/cattle/Texas/24-008749-003/2024(H5N1)	334	335
PB1|PP755595.1|A/cattle/Texas/24-008749-003/2024(H5N1)	335	335
PB1|PP755595.1|A/cattle/Texas/24-008749-003/2024(H5N1)	336	335
PB1|PP755595.1|A/cattle/Texas/24-008749-003/2024(H5N1)	337	335
PB1|PP755595.1|A/cattle/Texas/24-008749-003/2024(H5N1)	338	334
PB1|PP755595.1|A/cattle/Texas/24-008749-003/2024(H5N1)	339	333
PB1|PP755595.1|A/cattle/Texas/24-008749-003/2024(H5N1)	340	334
PB1|PP755595.1|A/cattle/Texas/24-008749-003/2024(H5N1)	341	326
PB1|PP755595.1|A/cattle/Texas/24-008749-003/2024(H5N1)	342	326
PB1|PP755595.1|A/cattle/Texas/24-008749-003/2024(H5N1)	343	330
PB1|PP755595.1|A/cattle/Texas/24-008749-003/2024(H5N1)	344	330
PB1|PP755595.1|A/cattle/Texas/24-008749-003/2024(H5N1)	345	330
PB1|PP755595.1|A/cattle/Texas/24-008749-003/2024(H5N1)	346	325
PB1|PP755595.1|A/cattle/Texas/24-008749-003/2024(H5N1)	347	333
PB1|PP755595.1|A/cattle/Texas/24-008749-003/2024(H5N1)	348	334
PB1|PP755595.1|A/cattle/Texas/24-008749-003/2024(H5N1)	349	334
PB1|PP755595.1|A/cattle/Texas/24-008749-003/2024(H5N1)	350	329
PB1|PP755595.1|A/cattle/Texas/24-008749-003/2024(H5N1)	351	329
PB1|PP755595.1|A/cattle/Texas/24-008749-003/2024(H5N1)	352	334
PB1|PP755595.1|A/cattle/Texas/24-008749-003/2024(H5N1)	353	334
PB1|PP755595.1|A/cattle/Texas/24-008749-003/2024(H5N1)	354	332
PB1|PP755595.1|A/cattle/Texas/24-008749-003/2024(H5N1)	355	332
PB1|PP755595.1|A/cattle/Texas/24-008749-003/2024(H5N1)	356	329
PB1|PP755595.1|A/cattle/Texas/24-008749-003/2024(H5N1)	357	332
PB1|PP755595.1|A/cattle/Texas/24-008749-003/2024(H5N1)	358	332
PB1|PP755595.1|A/cattle/Texas/24-008749-003/2024(H5N1)	359	335
PB1|PP755595.1|A/cattle/Texas/24-008749-003/2024(H5N1)	360	335
PB1|PP755595.1|A/cattle/Texas/24-008749-003/2024(H5N1)	361	333
PB1|PP755595.1|A/cattle/Texas/24-008749-003/2024(H5N1)	362	333
PB1|PP755595.1|A/cattle/Texas/24-008749-003/2024(H5N1)	363	333
PB1|PP755595.1|A/cattle/Texas/24-008749-003/2024(H5N1)	364	330
PB1|PP755595.1|A/cattle/Texas/24-008749-003/2024(H5N1)	365	343
PB1|PP755595.1|A/cattle/Texas/24-008749-003/2024(H5N1)	366	345
PB1|PP755595.1|A/cattle/Texas/24-008749-003/2024(H5N1)	367	350
PB1|PP755595.1|A/cattle/Texas/24-008749-003/2024(H5N1)	368	355
PB1|PP755595.1|A/cattle/Texas/24-008749-003/2024(H5N1)	369	341
PB1|PP755595.1|A/cattle/Texas/24-008749-003/2024(H5N1)	370	331
PB1|PP755595.1|A/cattle/Texas/24-008749-003/2024(H5N1)	371	329
PB1|PP755595.1|A/cattle/Texas/24-008749-003/2024(H5N1)	372	329
PB1|PP755595.1|A/cattle/Texas/24-008749-003/2024(H5N1)	373	329
PB1|PP755595.1|A/cattle/Texas/24-008749-003/2024(H5N1)	374	329
PB1|PP755595.1|A/cattle/Texas/24-008749-003/2024(H5N1)	375	328
PB1|PP755595.1|A/cattle/Texas/24-008749-003/2024(H5N1)	376	326
PB1|PP755595.1|A/cattle/Texas/24-008749-003/2024(H5N1)	377	326
PB1|PP755595.1|A/cattle/Texas/24-008749-003/2024(H5N1)	378	326
PB1|PP755595.1|A/cattle/Texas/24-008749-003/2024(H5N1)	379	323
PB1|PP755595.1|A/cattle/Texas/24-008749-003/2024(H5N1)	380	323
PB1|PP755595.1|A/cattle/Texas/24-008749-003/2024(H5N1)	381	329
PB1|PP755595.1|A/cattle/Texas/24-008749-003/2024(H5N1)	382	338
PB1|PP755595.1|A/cattle/Texas/24-008749-003/2024(H5N1)	383	332
PB1|PP755595.1|A/cattle/Texas/24-008749-003/2024(H5N1)	384	330
PB1|PP755595.1|A/cattle/Texas/24-008749-003/2024(H5N1)	385	319
PB1|PP755595.1|A/cattle/Texas/24-008749-003/2024(H5N1)	386	319
PB1|PP755595.1|A/cattle/Texas/24-008749-003/2024(H5N1)	387	321
PB1|PP755595.1|A/cattle/Texas/24-008749-003/2024(H5N1)	388	317
PB1|PP755595.1|A/cattle/Texas/24-008749-003/2024(H5N1)	389	317
PB1|PP755595.1|A/cattle/Texas/24-008749-003/2024(H5N1)	390	314
PB1|PP755595.1|A/cattle/Texas/24-008749-003/2024(H5N1)	391	312
PB1|PP755595.1|A/cattle/Texas/24-008749-003/2024(H5N1)	392	306
PB1|PP755595.1|A/cattle/Texas/24-008749-003/2024(H5N1)	393	302
PB1|PP755595.1|A/cattle/Texas/24-008749-003/2024(H5N1)	394	306
PB1|PP755595.1|A/cattle/Texas/24-008749-003/2024(H5N1)	395	306
PB1|PP755595.1|A/cattle/Texas/24-008749-003/2024(H5N1)	396	306
PB1|PP755595.1|A/cattle/Texas/24-008749-003/2024(H5N1)	397	303
PB1|PP755595.1|A/cattle/Texas/24-008749-003/2024(H5N1)	398	302
PB1|PP755595.1|A/cattle/Texas/24-008749-003/2024(H5N1)	399	302
PB1|PP755595.1|A/cattle/Texas/24-008749-003/2024(H5N1)	400	304
PB1|PP755595.1|A/cattle/Texas/24-008749-003/2024(H5N1)	401	300
PB1|PP755595.1|A/cattle/Texas/24-008749-003/2024(H5N1)	402	296
PB1|PP755595.1|A/cattle/Texas/24-008749-003/2024(H5N1)	403	293
PB1|PP755595.1|A/cattle/Texas/24-008749-003/2024(H5N1)	404	294
PB1|PP755595.1|A/cattle/Texas/24-008749-003/2024(H5N1)	405	293
PB1|PP755595.1|A/cattle/Texas/24-008749-003/2024(H5N1)	406	292
PB1|PP755595.1|A/cattle/Texas/24-008749-003/2024(H5N1)	407	288
PB1|PP755595.1|A/cattle/Texas/24-008749-003/2024(H5N1)	408	284
PB1|PP755595.1|A/cattle/Texas/24-008749-003/2024(H5N1)	409	284
PB1|PP755595.1|A/cattle/Texas/24-008749-003/2024(H5N1)	410	284
PB1|PP755595.1|A/cattle/Texas/24-008749-003/2024(H5N1)	411	282
PB1|PP755595.1|A/cattle/Texas/24-008749-003/2024(H5N1)	412	281
PB1|PP755595.1|A/cattle/Texas/24-008749-003/2024(H5N1)	413	280
PB1|PP755595.1|A/cattle/Texas/24-008749-003/2024(H5N1)	414	281
PB1|PP755595.1|A/cattle/Texas/24-008749-003/2024(H5N1)	415	277
PB1|PP755595.1|A/cattle/Texas/24-008749-003/2024(H5N1)	416	278
PB1|PP755595.1|A/cattle/Texas/24-008749-003/2024(H5N1)	417	278
PB1|PP755595.1|A/cattle/Texas/24-008749-003/2024(H5N1)	418	278
PB1|PP755595.1|A/cattle/Texas/24-008749-003/2024(H5N1)	419	279
PB1|PP755595.1|A/cattle/Texas/24-008749-003/2024(H5N1)	420	279
PB1|PP755595.1|A/cattle/Texas/24-008749-003/2024(H5N1)	421	280
PB1|PP755595.1|A/cattle/Texas/24-008749-003/2024(H5N1)	422	280
PB1|PP755595.1|A/cattle/Texas/24-008749-003/2024(H5N1)	423	279
PB1|PP755595.1|A/cattle/Texas/24-008749-003/2024(H5N1)	424	283
PB1|PP755595.1|A/cattle/Texas/24-008749-003/2024(H5N1)	425	281
PB1|PP755595.1|A/cattle/Texas/24-008749-003/2024(H5N1)	426	281
PB1|PP755595.1|A/cattle/Texas/24-008749-003/2024(H5N1)	427	273
PB1|PP755595.1|A/cattle/Texas/24-008749-003/2024(H5N1)	428	271
PB1|PP755595.1|A/cattle/Texas/24-008749-003/2024(H5N1)	429	283
PB1|PP755595.1|A/cattle/Texas/24-008749-003/2024(H5N1)	430	323
PB1|PP755595.1|A/cattle/Texas/24-008749-003/2024(H5N1)	431	320
PB1|PP755595.1|A/cattle/Texas/24-008749-003/2024(H5N1)	432	320
PB1|PP755595.1|A/cattle/Texas/24-008749-003/2024(H5N1)	433	311
PB1|PP755595.1|A/cattle/Texas/24-008749-003/2024(H5N1)	434	324
PB1|PP755595.1|A/cattle/Texas/24-008749-003/2024(H5N1)	435	324
PB1|PP755595.1|A/cattle/Texas/24-008749-003/2024(H5N1)	436	324
PB1|PP755595.1|A/cattle/Texas/24-008749-003/2024(H5N1)	437	354
PB1|PP755595.1|A/cattle/Texas/24-008749-003/2024(H5N1)	438	337
PB1|PP755595.1|A/cattle/Texas/24-008749-003/2024(H5N1)	439	337
PB1|PP755595.1|A/cattle/Texas/24-008749-003/2024(H5N1)	440	334
PB1|PP755595.1|A/cattle/Texas/24-008749-003/2024(H5N1)	441	332
PB1|PP755595.1|A/cattle/Texas/24-008749-003/2024(H5N1)	442	326
PB1|PP755595.1|A/cattle/Texas/24-008749-003/2024(H5N1)	443	320
PB1|PP755595.1|A/cattle/Texas/24-008749-003/2024(H5N1)	444	321
PB1|PP755595.1|A/cattle/Texas/24-008749-003/2024(H5N1)	445	320
PB1|PP755595.1|A/cattle/Texas/24-008749-003/2024(H5N1)	446	293
PB1|PP755595.1|A/cattle/Texas/24-008749-003/2024(H5N1)	447	292
PB1|PP755595.1|A/cattle/Texas/24-008749-003/2024(H5N1)	448	293
PB1|PP755595.1|A/cattle/Texas/24-008749-003/2024(H5N1)	449	293
PB1|PP755595.1|A/cattle/Texas/24-008749-003/2024(H5N1)	450	293
PB1|PP755595.1|A/cattle/Texas/24-008749-003/2024(H5N1)	451	292
PB1|PP755595.1|A/cattle/Texas/24-008749-003/2024(H5N1)	452	292
PB1|PP755595.1|A/cattle/Texas/24-008749-003/2024(H5N1)	453	290
PB1|PP755595.1|A/cattle/Texas/24-008749-003/2024(H5N1)	454	292
PB1|PP755595.1|A/cattle/Texas/24-008749-003/2024(H5N1)	455	292
PB1|PP755595.1|A/cattle/Texas/24-008749-003/2024(H5N1)	456	293
PB1|PP755595.1|A/cattle/Texas/24-008749-003/2024(H5N1)	457	283
PB1|PP755595.1|A/cattle/Texas/24-008749-003/2024(H5N1)	458	283
PB1|PP755595.1|A/cattle/Texas/24-008749-003/2024(H5N1)	459	285
PB1|PP755595.1|A/cattle/Texas/24-008749-003/2024(H5N1)	460	285
PB1|PP755595.1|A/cattle/Texas/24-008749-003/2024(H5N1)	461	312
PB1|PP755595.1|A/cattle/Texas/24-008749-003/2024(H5N1)	462	314
PB1|PP755595.1|A/cattle/Texas/24-008749-003/2024(H5N1)	463	315
PB1|PP755595.1|A/cattle/Texas/24-008749-003/2024(H5N1)	464	316
PB1|PP755595.1|A/cattle/Texas/24-008749-003/2024(H5N1)	465	315
PB1|PP755595.1|A/cattle/Texas/24-008749-003/2024(H5N1)	466	314
PB1|PP755595.1|A/cattle/Texas/24-008749-003/2024(H5N1)	467	315
PB1|PP755595.1|A/cattle/Texas/24-008749-003/2024(H5N1)	468	315
PB1|PP755595.1|A/cattle/Texas/24-008749-003/2024(H5N1)	469	327
PB1|PP755595.1|A/cattle/Texas/24-008749-003/2024(H5N1)	470	327
PB1|PP755595.1|A/cattle/Texas/24-008749-003/2024(H5N1)	471	324
PB1|PP755595.1|A/cattle/Texas/24-008749-003/2024(H5N1)	472	326
PB1|PP755595.1|A/cattle/Texas/24-008749-003/2024(H5N1)	473	326
PB1|PP755595.1|A/cattle/Texas/24-008749-003/2024(H5N1)	474	326
PB1|PP755595.1|A/cattle/Texas/24-008749-003/2024(H5N1)	475	326
PB1|PP755595.1|A/cattle/Texas/24-008749-003/2024(H5N1)	476	319
PB1|PP755595.1|A/cattle/Texas/24-008749-003/2024(H5N1)	477	317
PB1|PP755595.1|A/cattle/Texas/24-008749-003/2024(H5N1)	478	313
PB1|PP755595.1|A/cattle/Texas/24-008749-003/2024(H5N1)	479	310
PB1|PP755595.1|A/cattle/Texas/24-008749-003/2024(H5N1)	480	310
PB1|PP755595.1|A/cattle/Texas/24-008749-003/2024(H5N1)	481	308
PB1|PP755595.1|A/cattle/Texas/24-008749-003/2024(H5N1)	482	310
PB1|PP755595.1|A/cattle/Texas/24-008749-003/2024(H5N1)	483	313
PB1|PP755595.1|A/cattle/Texas/24-008749-003/2024(H5N1)	484	311
PB1|PP755595.1|A/cattle/Texas/24-008749-003/2024(H5N1)	485	327
PB1|PP755595.1|A/cattle/Texas/24-008749-003/2024(H5N1)	486	333
PB1|PP755595.1|A/cattle/Texas/24-008749-003/2024(H5N1)	487	333
PB1|PP755595.1|A/cattle/Texas/24-008749-003/2024(H5N1)	488	333
PB1|PP755595.1|A/cattle/Texas/24-008749-003/2024(H5N1)	489	337
PB1|PP755595.1|A/cattle/Texas/24-008749-003/2024(H5N1)	490	337
PB1|PP755595.1|A/cattle/Texas/24-008749-003/2024(H5N1)	491	336
PB1|PP755595.1|A/cattle/Texas/24-008749-003/2024(H5N1)	492	336
PB1|PP755595.1|A/cattle/Texas/24-008749-003/2024(H5N1)	493	336
PB1|PP755595.1|A/cattle/Texas/24-008749-003/2024(H5N1)	494	331
PB1|PP755595.1|A/cattle/Texas/24-008749-003/2024(H5N1)	495	341
PB1|PP755595.1|A/cattle/Texas/24-008749-003/2024(H5N1)	496	341
PB1|PP755595.1|A/cattle/Texas/24-008749-003/2024(H5N1)	497	341
PB1|PP755595.1|A/cattle/Texas/24-008749-003/2024(H5N1)	498	334
PB1|PP755595.1|A/cattle/Texas/24-008749-003/2024(H5N1)	499	333
PB1|PP755595.1|A/cattle/Texas/24-008749-003/2024(H5N1)	500	334
PB1|PP755595.1|A/cattle/Texas/24-008749-003/2024(H5N1)	501	334
PB1|PP755595.1|A/cattle/Texas/24-008749-003/2024(H5N1)	502	334
PB1|PP755595.1|A/cattle/Texas/24-008749-003/2024(H5N1)	503	339
PB1|PP755595.1|A/cattle/Texas/24-008749-003/2024(H5N1)	504	338
PB1|PP755595.1|A/cattle/Texas/24-008749-003/2024(H5N1)	505	344
PB1|PP755595.1|A/cattle/Texas/24-008749-003/2024(H5N1)	506	347
PB1|PP755595.1|A/cattle/Texas/24-008749-003/2024(H5N1)	507	348
PB1|PP755595.1|A/cattle/Texas/24-008749-003/2024(H5N1)	508	348
PB1|PP755595.1|A/cattle/Texas/24-008749-003/2024(H5N1)	509	346
PB1|PP755595.1|A/cattle/Texas/24-008749-003/2024(H5N1)	510	348
PB1|PP755595.1|A/cattle/Texas/24-008749-003/2024(H5N1)	511	346
PB1|PP755595.1|A/cattle/Texas/24-008749-003/2024(H5N1)	512	347
PB1|PP755595.1|A/cattle/Texas/24-008749-003/2024(H5N1)	513	346
PB1|PP755595.1|A/cattle/Texas/24-008749-003/2024(H5N1)	514	344
PB1|PP755595.1|A/cattle/Texas/24-008749-003/2024(H5N1)	515	350
PB1|PP755595.1|A/cattle/Texas/24-008749-003/2024(H5N1)	516	350
PB1|PP755595.1|A/cattle/Texas/24-008749-003/2024(H5N1)	517	350
PB1|PP755595.1|A/cattle/Texas/24-008749-003/2024(H5N1)	518	370
PB1|PP755595.1|A/cattle/Texas/24-008749-003/2024(H5N1)	519	370
PB1|PP755595.1|A/cattle/Texas/24-008749-003/2024(H5N1)	520	386
PB1|PP755595.1|A/cattle/Texas/24-008749-003/2024(H5N1)	521	386
PB1|PP755595.1|A/cattle/Texas/24-008749-003/2024(H5N1)	522	386
PB1|PP755595.1|A/cattle/Texas/24-008749-003/2024(H5N1)	523	393
PB1|PP755595.1|A/cattle/Texas/24-008749-003/2024(H5N1)	524	393
PB1|PP755595.1|A/cattle/Texas/24-008749-003/2024(H5N1)	525	399
PB1|PP755595.1|A/cattle/Texas/24-008749-003/2024(H5N1)	526	398
PB1|PP755595.1|A/cattle/Texas/24-008749-003/2024(H5N1)	527	397
PB1|PP755595.1|A/cattle/Texas/24-008749-003/2024(H5N1)	528	397
PB1|PP755595.1|A/cattle/Texas/24-008749-003/2024(H5N1)	529	401
PB1|PP755595.1|A/cattle/Texas/24-008749-003/2024(H5N1)	530	401
PB1|PP755595.1|A/cattle/Texas/24-008749-003/2024(H5N1)	531	398
PB1|PP755595.1|A/cattle/Texas/24-008749-003/2024(H5N1)	532	395
PB1|PP755595.1|A/cattle/Texas/24-008749-003/2024(H5N1)	533	394
PB1|PP755595.1|A/cattle/Texas/24-008749-003/2024(H5N1)	534	395
PB1|PP755595.1|A/cattle/Texas/24-008749-003/2024(H5N1)	535	398
PB1|PP755595.1|A/cattle/Texas/24-008749-003/2024(H5N1)	536	398
PB1|PP755595.1|A/cattle/Texas/24-008749-003/2024(H5N1)	537	401
PB1|PP755595.1|A/cattle/Texas/24-008749-003/2024(H5N1)	538	399
PB1|PP755595.1|A/cattle/Texas/24-008749-003/2024(H5N1)	539	401
PB1|PP755595.1|A/cattle/Texas/24-008749-003/2024(H5N1)	540	401
PB1|PP755595.1|A/cattle/Texas/24-008749-003/2024(H5N1)	541	403
PB1|PP755595.1|A/cattle/Texas/24-008749-003/2024(H5N1)	542	407
PB1|PP755595.1|A/cattle/Texas/24-008749-003/2024(H5N1)	543	406
PB1|PP755595.1|A/cattle/Texas/24-008749-003/2024(H5N1)	544	404
PB1|PP755595.1|A/cattle/Texas/24-008749-003/2024(H5N1)	545	400
PB1|PP755595.1|A/cattle/Texas/24-008749-003/2024(H5N1)	546	397
PB1|PP755595.1|A/cattle/Texas/24-008749-003/2024(H5N1)	547	397
PB1|PP755595.1|A/cattle/Texas/24-008749-003/2024(H5N1)	548	399
PB1|PP755595.1|A/cattle/Texas/24-008749-003/2024(H5N1)	549	399
PB1|PP755595.1|A/cattle/Texas/24-008749-003/2024(H5N1)	550	399
PB1|PP755595.1|A/cattle/Texas/24-008749-003/2024(H5N1)	551	397
PB1|PP755595.1|A/cattle/Texas/24-008749-003/2024(H5N1)	552	398
PB1|PP755595.1|A/cattle/Texas/24-008749-003/2024(H5N1)	553	398
PB1|PP755595.1|A/cattle/Texas/24-008749-003/2024(H5N1)	554	397
PB1|PP755595.1|A/cattle/Texas/24-008749-003/2024(H5N1)	555	397
PB1|PP755595.1|A/cattle/Texas/24-008749-003/2024(H5N1)	556	400
PB1|PP755595.1|A/cattle/Texas/24-008749-003/2024(H5N1)	557	401
PB1|PP755595.1|A/cattle/Texas/24-008749-003/2024(H5N1)	558	402
PB1|PP755595.1|A/cattle/Texas/24-008749-003/2024(H5N1)	559	402
PB1|PP755595.1|A/cattle/Texas/24-008749-003/2024(H5N1)	560	402
PB1|PP755595.1|A/cattle/Texas/24-008749-003/2024(H5N1)	561	409
PB1|PP755595.1|A/cattle/Texas/24-008749-003/2024(H5N1)	562	410
PB1|PP755595.1|A/cattle/Texas/24-008749-003/2024(H5N1)	563	413
PB1|PP755595.1|A/cattle/Texas/24-008749-003/2024(H5N1)	564	414
PB1|PP755595.1|A/cattle/Texas/24-008749-003/2024(H5N1)	565	413
PB1|PP755595.1|A/cattle/Texas/24-008749-003/2024(H5N1)	566	416
PB1|PP755595.1|A/cattle/Texas/24-008749-003/2024(H5N1)	567	416
PB1|PP755595.1|A/cattle/Texas/24-008749-003/2024(H5N1)	568	416
PB1|PP755595.1|A/cattle/Texas/24-008749-003/2024(H5N1)	569	421
PB1|PP755595.1|A/cattle/Texas/24-008749-003/2024(H5N1)	570	419
PB1|PP755595.1|A/cattle/Texas/24-008749-003/2024(H5N1)	571	426
PB1|PP755595.1|A/cattle/Texas/24-008749-003/2024(H5N1)	572	427
PB1|PP755595.1|A/cattle/Texas/24-008749-003/2024(H5N1)	573	427
PB1|PP755595.1|A/cattle/Texas/24-008749-003/2024(H5N1)	574	427
PB1|PP755595.1|A/cattle/Texas/24-008749-003/2024(H5N1)	575	426
PB1|PP755595.1|A/cattle/Texas/24-008749-003/2024(H5N1)	576	431
PB1|PP755595.1|A/cattle/Texas/24-008749-003/2024(H5N1)	577	431
PB1|PP755595.1|A/cattle/Texas/24-008749-003/2024(H5N1)	578	430
PB1|PP755595.1|A/cattle/Texas/24-008749-003/2024(H5N1)	579	421
PB1|PP755595.1|A/cattle/Texas/24-008749-003/2024(H5N1)	580	420
PB1|PP755595.1|A/cattle/Texas/24-008749-003/2024(H5N1)	581	383
PB1|PP755595.1|A/cattle/Texas/24-008749-003/2024(H5N1)	582	381
PB1|PP755595.1|A/cattle/Texas/24-008749-003/2024(H5N1)	583	381
PB1|PP755595.1|A/cattle/Texas/24-008749-003/2024(H5N1)	584	373
PB1|PP755595.1|A/cattle/Texas/24-008749-003/2024(H5N1)	585	361
PB1|PP755595.1|A/cattle/Texas/24-008749-003/2024(H5N1)	586	369
PB1|PP755595.1|A/cattle/Texas/24-008749-003/2024(H5N1)	587	349
PB1|PP755595.1|A/cattle/Texas/24-008749-003/2024(H5N1)	588	341
PB1|PP755595.1|A/cattle/Texas/24-008749-003/2024(H5N1)	589	343
PB1|PP755595.1|A/cattle/Texas/24-008749-003/2024(H5N1)	590	344
PB1|PP755595.1|A/cattle/Texas/24-008749-003/2024(H5N1)	591	345
PB1|PP755595.1|A/cattle/Texas/24-008749-003/2024(H5N1)	592	345
PB1|PP755595.1|A/cattle/Texas/24-008749-003/2024(H5N1)	593	344
PB1|PP755595.1|A/cattle/Texas/24-008749-003/2024(H5N1)	594	344
PB1|PP755595.1|A/cattle/Texas/24-008749-003/2024(H5N1)	595	342
PB1|PP755595.1|A/cattle/Texas/24-008749-003/2024(H5N1)	596	344
PB1|PP755595.1|A/cattle/Texas/24-008749-003/2024(H5N1)	597	348
PB1|PP755595.1|A/cattle/Texas/24-008749-003/2024(H5N1)	598	349
PB1|PP755595.1|A/cattle/Texas/24-008749-003/2024(H5N1)	599	350
PB1|PP755595.1|A/cattle/Texas/24-008749-003/2024(H5N1)	600	358
PB1|PP755595.1|A/cattle/Texas/24-008749-003/2024(H5N1)	601	361
PB1|PP755595.1|A/cattle/Texas/24-008749-003/2024(H5N1)	602	364
PB1|PP755595.1|A/cattle/Texas/24-008749-003/2024(H5N1)	603	364
PB1|PP755595.1|A/cattle/Texas/24-008749-003/2024(H5N1)	604	368
PB1|PP755595.1|A/cattle/Texas/24-008749-003/2024(H5N1)	605	366
PB1|PP755595.1|A/cattle/Texas/24-008749-003/2024(H5N1)	606	370
PB1|PP755595.1|A/cattle/Texas/24-008749-003/2024(H5N1)	607	367
PB1|PP755595.1|A/cattle/Texas/24-008749-003/2024(H5N1)	608	381
PB1|PP755595.1|A/cattle/Texas/24-008749-003/2024(H5N1)	609	389
PB1|PP755595.1|A/cattle/Texas/24-008749-003/2024(H5N1)	610	396
PB1|PP755595.1|A/cattle/Texas/24-008749-003/2024(H5N1)	611	379
PB1|PP755595.1|A/cattle/Texas/24-008749-003/2024(H5N1)	612	373
PB1|PP755595.1|A/cattle/Texas/24-008749-003/2024(H5N1)	613	373
PB1|PP755595.1|A/cattle/Texas/24-008749-003/2024(H5N1)	614	373
PB1|PP755595.1|A/cattle/Texas/24-008749-003/2024(H5N1)	615	372
PB1|PP755595.1|A/cattle/Texas/24-008749-003/2024(H5N1)	616	386
PB1|PP755595.1|A/cattle/Texas/24-008749-003/2024(H5N1)	617	381
PB1|PP755595.1|A/cattle/Texas/24-008749-003/2024(H5N1)	618	380
PB1|PP755595.1|A/cattle/Texas/24-008749-003/2024(H5N1)	619	380
PB1|PP755595.1|A/cattle/Texas/24-008749-003/2024(H5N1)	620	347
PB1|PP755595.1|A/cattle/Texas/24-008749-003/2024(H5N1)	621	356
PB1|PP755595.1|A/cattle/Texas/24-008749-003/2024(H5N1)	622	362
PB1|PP755595.1|A/cattle/Texas/24-008749-003/2024(H5N1)	623	359
PB1|PP755595.1|A/cattle/Texas/24-008749-003/2024(H5N1)	624	359
PB1|PP755595.1|A/cattle/Texas/24-008749-003/2024(H5N1)	625	360
PB1|PP755595.1|A/cattle/Texas/24-008749-003/2024(H5N1)	626	363
PB1|PP755595.1|A/cattle/Texas/24-008749-003/2024(H5N1)	627	364
PB1|PP755595.1|A/cattle/Texas/24-008749-003/2024(H5N1)	628	364
PB1|PP755595.1|A/cattle/Texas/24-008749-003/2024(H5N1)	629	364
PB1|PP755595.1|A/cattle/Texas/24-008749-003/2024(H5N1)	630	363
PB1|PP755595.1|A/cattle/Texas/24-008749-003/2024(H5N1)	631	374
PB1|PP755595.1|A/cattle/Texas/24-008749-003/2024(H5N1)	632	376
PB1|PP755595.1|A/cattle/Texas/24-008749-003/2024(H5N1)	633	381
PB1|PP755595.1|A/cattle/Texas/24-008749-003/2024(H5N1)	634	383
PB1|PP755595.1|A/cattle/Texas/24-008749-003/2024(H5N1)	635	382
PB1|PP755595.1|A/cattle/Texas/24-008749-003/2024(H5N1)	636	365
PB1|PP755595.1|A/cattle/Texas/24-008749-003/2024(H5N1)	637	376
PB1|PP755595.1|A/cattle/Texas/24-008749-003/2024(H5N1)	638	377
PB1|PP755595.1|A/cattle/Texas/24-008749-003/2024(H5N1)	639	381
PB1|PP755595.1|A/cattle/Texas/24-008749-003/2024(H5N1)	640	377
PB1|PP755595.1|A/cattle/Texas/24-008749-003/2024(H5N1)	641	377
PB1|PP755595.1|A/cattle/Texas/24-008749-003/2024(H5N1)	642	375
PB1|PP755595.1|A/cattle/Texas/24-008749-003/2024(H5N1)	643	375
PB1|PP755595.1|A/cattle/Texas/24-008749-003/2024(H5N1)	644	375
PB1|PP755595.1|A/cattle/Texas/24-008749-003/2024(H5N1)	645	377
PB1|PP755595.1|A/cattle/Texas/24-008749-003/2024(H5N1)	646	367
PB1|PP755595.1|A/cattle/Texas/24-008749-003/2024(H5N1)	647	367
PB1|PP755595.1|A/cattle/Texas/24-008749-003/2024(H5N1)	648	367
PB1|PP755595.1|A/cattle/Texas/24-008749-003/2024(H5N1)	649	366
PB1|PP755595.1|A/cattle/Texas/24-008749-003/2024(H5N1)	650	369
PB1|PP755595.1|A/cattle/Texas/24-008749-003/2024(H5N1)	651	369
PB1|PP755595.1|A/cattle/Texas/24-008749-003/2024(H5N1)	652	374
PB1|PP755595.1|A/cattle/Texas/24-008749-003/2024(H5N1)	653	374
PB1|PP755595.1|A/cattle/Texas/24-008749-003/2024(H5N1)	654	374
PB1|PP755595.1|A/cattle/Texas/24-008749-003/2024(H5N1)	655	376
PB1|PP755595.1|A/cattle/Texas/24-008749-003/2024(H5N1)	656	374
PB1|PP755595.1|A/cattle/Texas/24-008749-003/2024(H5N1)	657	371
PB1|PP755595.1|A/cattle/Texas/24-008749-003/2024(H5N1)	658	370
PB1|PP755595.1|A/cattle/Texas/24-008749-003/2024(H5N1)	659	388
PB1|PP755595.1|A/cattle/Texas/24-008749-003/2024(H5N1)	660	385
PB1|PP755595.1|A/cattle/Texas/24-008749-003/2024(H5N1)	661	382
PB1|PP755595.1|A/cattle/Texas/24-008749-003/2024(H5N1)	662	402
PB1|PP755595.1|A/cattle/Texas/24-008749-003/2024(H5N1)	663	401
PB1|PP755595.1|A/cattle/Texas/24-008749-003/2024(H5N1)	664	400
PB1|PP755595.1|A/cattle/Texas/24-008749-003/2024(H5N1)	665	403
PB1|PP755595.1|A/cattle/Texas/24-008749-003/2024(H5N1)	666	405
PB1|PP755595.1|A/cattle/Texas/24-008749-003/2024(H5N1)	667	410
PB1|PP755595.1|A/cattle/Texas/24-008749-003/2024(H5N1)	668	408
PB1|PP755595.1|A/cattle/Texas/24-008749-003/2024(H5N1)	669	382
PB1|PP755595.1|A/cattle/Texas/24-008749-003/2024(H5N1)	670	382
PB1|PP755595.1|A/cattle/Texas/24-008749-003/2024(H5N1)	671	370
PB1|PP755595.1|A/cattle/Texas/24-008749-003/2024(H5N1)	672	375
PB1|PP755595.1|A/cattle/Texas/24-008749-003/2024(H5N1)	673	378
PB1|PP755595.1|A/cattle/Texas/24-008749-003/2024(H5N1)	674	372
PB1|PP755595.1|A/cattle/Texas/24-008749-003/2024(H5N1)	675	384
PB1|PP755595.1|A/cattle/Texas/24-008749-003/2024(H5N1)	676	377
PB1|PP755595.1|A/cattle/Texas/24-008749-003/2024(H5N1)	677	382
PB1|PP755595.1|A/cattle/Texas/24-008749-003/2024(H5N1)	678	380
PB1|PP755595.1|A/cattle/Texas/24-008749-003/2024(H5N1)	679	381
PB1|PP755595.1|A/cattle/Texas/24-008749-003/2024(H5N1)	680	379
PB1|PP755595.1|A/cattle/Texas/24-008749-003/2024(H5N1)	681	377
PB1|PP755595.1|A/cattle/Texas/24-008749-003/2024(H5N1)	682	377
PB1|PP755595.1|A/cattle/Texas/24-008749-003/2024(H5N1)	683	373
PB1|PP755595.1|A/cattle/Texas/24-008749-003/2024(H5N1)	684	373
PB1|PP755595.1|A/cattle/Texas/24-008749-003/2024(H5N1)	685	374
PB1|PP755595.1|A/cattle/Texas/24-008749-003/2024(H5N1)	686	371
PB1|PP755595.1|A/cattle/Texas/24-008749-003/2024(H5N1)	687	371
PB1|PP755595.1|A/cattle/Texas/24-008749-003/2024(H5N1)	688	368
PB1|PP755595.1|A/cattle/Texas/24-008749-003/2024(H5N1)	689	369
PB1|PP755595.1|A/cattle/Texas/24-008749-003/2024(H5N1)	690	372
PB1|PP755595.1|A/cattle/Texas/24-008749-003/2024(H5N1)	691	372
PB1|PP755595.1|A/cattle/Texas/24-008749-003/2024(H5N1)	692	363
PB1|PP755595.1|A/cattle/Texas/24-008749-003/2024(H5N1)	693	363
PB1|PP755595.1|A/cattle/Texas/24-008749-003/2024(H5N1)	694	363
PB1|PP755595.1|A/cattle/Texas/24-008749-003/2024(H5N1)	695	371
PB1|PP755595.1|A/cattle/Texas/24-008749-003/2024(H5N1)	696	371
PB1|PP755595.1|A/cattle/Texas/24-008749-003/2024(H5N1)	697	371
PB1|PP755595.1|A/cattle/Texas/24-008749-003/2024(H5N1)	698	371
PB1|PP755595.1|A/cattle/Texas/24-008749-003/2024(H5N1)	699	369
PB1|PP755595.1|A/cattle/Texas/24-008749-003/2024(H5N1)	700	370
PB1|PP755595.1|A/cattle/Texas/24-008749-003/2024(H5N1)	701	370
PB1|PP755595.1|A/cattle/Texas/24-008749-003/2024(H5N1)	702	372
PB1|PP755595.1|A/cattle/Texas/24-008749-003/2024(H5N1)	703	374
PB1|PP755595.1|A/cattle/Texas/24-008749-003/2024(H5N1)	704	393
PB1|PP755595.1|A/cattle/Texas/24-008749-003/2024(H5N1)	705	395
PB1|PP755595.1|A/cattle/Texas/24-008749-003/2024(H5N1)	706	395
PB1|PP755595.1|A/cattle/Texas/24-008749-003/2024(H5N1)	707	392
PB1|PP755595.1|A/cattle/Texas/24-008749-003/2024(H5N1)	708	392
PB1|PP755595.1|A/cattle/Texas/24-008749-003/2024(H5N1)	709	392
PB1|PP755595.1|A/cattle/Texas/24-008749-003/2024(H5N1)	710	392
PB1|PP755595.1|A/cattle/Texas/24-008749-003/2024(H5N1)	711	394
PB1|PP755595.1|A/cattle/Texas/24-008749-003/2024(H5N1)	712	388
PB1|PP755595.1|A/cattle/Texas/24-008749-003/2024(H5N1)	713	392
PB1|PP755595.1|A/cattle/Texas/24-008749-003/2024(H5N1)	714	389
PB1|PP755595.1|A/cattle/Texas/24-008749-003/2024(H5N1)	715	388
PB1|PP755595.1|A/cattle/Texas/24-008749-003/2024(H5N1)	716	391
PB1|PP755595.1|A/cattle/Texas/24-008749-003/2024(H5N1)	717	387
PB1|PP755595.1|A/cattle/Texas/24-008749-003/2024(H5N1)	718	387
PB1|PP755595.1|A/cattle/Texas/24-008749-003/2024(H5N1)	719	383
PB1|PP755595.1|A/cattle/Texas/24-008749-003/2024(H5N1)	720	383
PB1|PP755595.1|A/cattle/Texas/24-008749-003/2024(H5N1)	721	383
PB1|PP755595.1|A/cattle/Texas/24-008749-003/2024(H5N1)	722	389
PB1|PP755595.1|A/cattle/Texas/24-008749-003/2024(H5N1)	723	388
PB1|PP755595.1|A/cattle/Texas/24-008749-003/2024(H5N1)	724	388
PB1|PP755595.1|A/cattle/Texas/24-008749-003/2024(H5N1)	725	382
PB1|PP755595.1|A/cattle/Texas/24-008749-003/2024(H5N1)	726	382
PB1|PP755595.1|A/cattle/Texas/24-008749-003/2024(H5N1)	727	385
PB1|PP755595.1|A/cattle/Texas/24-008749-003/2024(H5N1)	728	392
PB1|PP755595.1|A/cattle/Texas/24-008749-003/2024(H5N1)	729	392
PB1|PP755595.1|A/cattle/Texas/24-008749-003/2024(H5N1)	730	389
PB1|PP755595.1|A/cattle/Texas/24-008749-003/2024(H5N1)	731	386
PB1|PP755595.1|A/cattle/Texas/24-008749-003/2024(H5N1)	732	386
PB1|PP755595.1|A/cattle/Texas/24-008749-003/2024(H5N1)	733	386
PB1|PP755595.1|A/cattle/Texas/24-008749-003/2024(H5N1)	734	390
PB1|PP755595.1|A/cattle/Texas/24-008749-003/2024(H5N1)	735	390
PB1|PP755595.1|A/cattle/Texas/24-008749-003/2024(H5N1)	736	391
PB1|PP755595.1|A/cattle/Texas/24-008749-003/2024(H5N1)	737	383
PB1|PP755595.1|A/cattle/Texas/24-008749-003/2024(H5N1)	738	382
PB1|PP755595.1|A/cattle/Texas/24-008749-003/2024(H5N1)	739	382
PB1|PP755595.1|A/cattle/Texas/24-008749-003/2024(H5N1)	740	380
PB1|PP755595.1|A/cattle/Texas/24-008749-003/2024(H5N1)	741	381
PB1|PP755595.1|A/cattle/Texas/24-008749-003/2024(H5N1)	742	411
PB1|PP755595.1|A/cattle/Texas/24-008749-003/2024(H5N1)	743	413
PB1|PP755595.1|A/cattle/Texas/24-008749-003/2024(H5N1)	744	413
PB1|PP755595.1|A/cattle/Texas/24-008749-003/2024(H5N1)	745	412
PB1|PP755595.1|A/cattle/Texas/24-008749-003/2024(H5N1)	746	412
PB1|PP755595.1|A/cattle/Texas/24-008749-003/2024(H5N1)	747	417
PB1|PP755595.1|A/cattle/Texas/24-008749-003/2024(H5N1)	748	418
PB1|PP755595.1|A/cattle/Texas/24-008749-003/2024(H5N1)	749	423
PB1|PP755595.1|A/cattle/Texas/24-008749-003/2024(H5N1)	750	435
PB1|PP755595.1|A/cattle/Texas/24-008749-003/2024(H5N1)	751	430
PB1|PP755595.1|A/cattle/Texas/24-008749-003/2024(H5N1)	752	441
PB1|PP755595.1|A/cattle/Texas/24-008749-003/2024(H5N1)	753	439
PB1|PP755595.1|A/cattle/Texas/24-008749-003/2024(H5N1)	754	441
PB1|PP755595.1|A/cattle/Texas/24-008749-003/2024(H5N1)	755	438
PB1|PP755595.1|A/cattle/Texas/24-008749-003/2024(H5N1)	756	440
PB1|PP755595.1|A/cattle/Texas/24-008749-003/2024(H5N1)	757	434
PB1|PP755595.1|A/cattle/Texas/24-008749-003/2024(H5N1)	758	427
PB1|PP755595.1|A/cattle/Texas/24-008749-003/2024(H5N1)	759	414
PB1|PP755595.1|A/cattle/Texas/24-008749-003/2024(H5N1)	760	402
PB1|PP755595.1|A/cattle/Texas/24-008749-003/2024(H5N1)	761	402
PB1|PP755595.1|A/cattle/Texas/24-008749-003/2024(H5N1)	762	385
PB1|PP755595.1|A/cattle/Texas/24-008749-003/2024(H5N1)	763	386
PB1|PP755595.1|A/cattle/Texas/24-008749-003/2024(H5N1)	764	387
PB1|PP755595.1|A/cattle/Texas/24-008749-003/2024(H5N1)	765	388
PB1|PP755595.1|A/cattle/Texas/24-008749-003/2024(H5N1)	766	389
PB1|PP755595.1|A/cattle/Texas/24-008749-003/2024(H5N1)	767	389
PB1|PP755595.1|A/cattle/Texas/24-008749-003/2024(H5N1)	768	389
PB1|PP755595.1|A/cattle/Texas/24-008749-003/2024(H5N1)	769	389
PB1|PP755595.1|A/cattle/Texas/24-008749-003/2024(H5N1)	770	404
PB1|PP755595.1|A/cattle/Texas/24-008749-003/2024(H5N1)	771	402
PB1|PP755595.1|A/cattle/Texas/24-008749-003/2024(H5N1)	772	398
PB1|PP755595.1|A/cattle/Texas/24-008749-003/2024(H5N1)	773	398
PB1|PP755595.1|A/cattle/Texas/24-008749-003/2024(H5N1)	774	399
PB1|PP755595.1|A/cattle/Texas/24-008749-003/2024(H5N1)	775	401
PB1|PP755595.1|A/cattle/Texas/24-008749-003/2024(H5N1)	776	405
PB1|PP755595.1|A/cattle/Texas/24-008749-003/2024(H5N1)	777	406
PB1|PP755595.1|A/cattle/Texas/24-008749-003/2024(H5N1)	778	404
PB1|PP755595.1|A/cattle/Texas/24-008749-003/2024(H5N1)	779	394
PB1|PP755595.1|A/cattle/Texas/24-008749-003/2024(H5N1)	780	397
PB1|PP755595.1|A/cattle/Texas/24-008749-003/2024(H5N1)	781	396
PB1|PP755595.1|A/cattle/Texas/24-008749-003/2024(H5N1)	782	399
PB1|PP755595.1|A/cattle/Texas/24-008749-003/2024(H5N1)	783	391
PB1|PP755595.1|A/cattle/Texas/24-008749-003/2024(H5N1)	784	387
PB1|PP755595.1|A/cattle/Texas/24-008749-003/2024(H5N1)	785	389
PB1|PP755595.1|A/cattle/Texas/24-008749-003/2024(H5N1)	786	389
PB1|PP755595.1|A/cattle/Texas/24-008749-003/2024(H5N1)	787	396
PB1|PP755595.1|A/cattle/Texas/24-008749-003/2024(H5N1)	788	382
PB1|PP755595.1|A/cattle/Texas/24-008749-003/2024(H5N1)	789	381
PB1|PP755595.1|A/cattle/Texas/24-008749-003/2024(H5N1)	790	377
PB1|PP755595.1|A/cattle/Texas/24-008749-003/2024(H5N1)	791	376
PB1|PP755595.1|A/cattle/Texas/24-008749-003/2024(H5N1)	792	377
PB1|PP755595.1|A/cattle/Texas/24-008749-003/2024(H5N1)	793	378
PB1|PP755595.1|A/cattle/Texas/24-008749-003/2024(H5N1)	794	385
PB1|PP755595.1|A/cattle/Texas/24-008749-003/2024(H5N1)	795	385
PB1|PP755595.1|A/cattle/Texas/24-008749-003/2024(H5N1)	796	389
PB1|PP755595.1|A/cattle/Texas/24-008749-003/2024(H5N1)	797	389
PB1|PP755595.1|A/cattle/Texas/24-008749-003/2024(H5N1)	798	389
PB1|PP755595.1|A/cattle/Texas/24-008749-003/2024(H5N1)	799	391
PB1|PP755595.1|A/cattle/Texas/24-008749-003/2024(H5N1)	800	398
PB1|PP755595.1|A/cattle/Texas/24-008749-003/2024(H5N1)	801	400
PB1|PP755595.1|A/cattle/Texas/24-008749-003/2024(H5N1)	802	397
PB1|PP755595.1|A/cattle/Texas/24-008749-003/2024(H5N1)	803	394
PB1|PP755595.1|A/cattle/Texas/24-008749-003/2024(H5N1)	804	397
PB1|PP755595.1|A/cattle/Texas/24-008749-003/2024(H5N1)	805	389
PB1|PP755595.1|A/cattle/Texas/24-008749-003/2024(H5N1)	806	386
PB1|PP755595.1|A/cattle/Texas/24-008749-003/2024(H5N1)	807	386
PB1|PP755595.1|A/cattle/Texas/24-008749-003/2024(H5N1)	808	392
PB1|PP755595.1|A/cattle/Texas/24-008749-003/2024(H5N1)	809	393
PB1|PP755595.1|A/cattle/Texas/24-008749-003/2024(H5N1)	810	380
PB1|PP755595.1|A/cattle/Texas/24-008749-003/2024(H5N1)	811	362
PB1|PP755595.1|A/cattle/Texas/24-008749-003/2024(H5N1)	812	354
PB1|PP755595.1|A/cattle/Texas/24-008749-003/2024(H5N1)	813	354
PB1|PP755595.1|A/cattle/Texas/24-008749-003/2024(H5N1)	814	352
PB1|PP755595.1|A/cattle/Texas/24-008749-003/2024(H5N1)	815	356
PB1|PP755595.1|A/cattle/Texas/24-008749-003/2024(H5N1)	816	357
PB1|PP755595.1|A/cattle/Texas/24-008749-003/2024(H5N1)	817	363
PB1|PP755595.1|A/cattle/Texas/24-008749-003/2024(H5N1)	818	363
PB1|PP755595.1|A/cattle/Texas/24-008749-003/2024(H5N1)	819	366
PB1|PP755595.1|A/cattle/Texas/24-008749-003/2024(H5N1)	820	362
PB1|PP755595.1|A/cattle/Texas/24-008749-003/2024(H5N1)	821	365
PB1|PP755595.1|A/cattle/Texas/24-008749-003/2024(H5N1)	822	362
PB1|PP755595.1|A/cattle/Texas/24-008749-003/2024(H5N1)	823	357
PB1|PP755595.1|A/cattle/Texas/24-008749-003/2024(H5N1)	824	356
PB1|PP755595.1|A/cattle/Texas/24-008749-003/2024(H5N1)	825	367
PB1|PP755595.1|A/cattle/Texas/24-008749-003/2024(H5N1)	826	361
PB1|PP755595.1|A/cattle/Texas/24-008749-003/2024(H5N1)	827	384
PB1|PP755595.1|A/cattle/Texas/24-008749-003/2024(H5N1)	828	379
PB1|PP755595.1|A/cattle/Texas/24-008749-003/2024(H5N1)	829	379
PB1|PP755595.1|A/cattle/Texas/24-008749-003/2024(H5N1)	830	380
PB1|PP755595.1|A/cattle/Texas/24-008749-003/2024(H5N1)	831	380
PB1|PP755595.1|A/cattle/Texas/24-008749-003/2024(H5N1)	832	379
PB1|PP755595.1|A/cattle/Texas/24-008749-003/2024(H5N1)	833	379
PB1|PP755595.1|A/cattle/Texas/24-008749-003/2024(H5N1)	834	378
PB1|PP755595.1|A/cattle/Texas/24-008749-003/2024(H5N1)	835	376
PB1|PP755595.1|A/cattle/Texas/24-008749-003/2024(H5N1)	836	381
PB1|PP755595.1|A/cattle/Texas/24-008749-003/2024(H5N1)	837	386
PB1|PP755595.1|A/cattle/Texas/24-008749-003/2024(H5N1)	838	386
PB1|PP755595.1|A/cattle/Texas/24-008749-003/2024(H5N1)	839	388
PB1|PP755595.1|A/cattle/Texas/24-008749-003/2024(H5N1)	840	383
PB1|PP755595.1|A/cattle/Texas/24-008749-003/2024(H5N1)	841	385
PB1|PP755595.1|A/cattle/Texas/24-008749-003/2024(H5N1)	842	385
PB1|PP755595.1|A/cattle/Texas/24-008749-003/2024(H5N1)	843	386
PB1|PP755595.1|A/cattle/Texas/24-008749-003/2024(H5N1)	844	391
PB1|PP755595.1|A/cattle/Texas/24-008749-003/2024(H5N1)	845	384
PB1|PP755595.1|A/cattle/Texas/24-008749-003/2024(H5N1)	846	385
PB1|PP755595.1|A/cattle/Texas/24-008749-003/2024(H5N1)	847	385
PB1|PP755595.1|A/cattle/Texas/24-008749-003/2024(H5N1)	848	388
PB1|PP755595.1|A/cattle/Texas/24-008749-003/2024(H5N1)	849	391
PB1|PP755595.1|A/cattle/Texas/24-008749-003/2024(H5N1)	850	391
PB1|PP755595.1|A/cattle/Texas/24-008749-003/2024(H5N1)	851	391
PB1|PP755595.1|A/cattle/Texas/24-008749-003/2024(H5N1)	852	391
PB1|PP755595.1|A/cattle/Texas/24-008749-003/2024(H5N1)	853	391
PB1|PP755595.1|A/cattle/Texas/24-008749-003/2024(H5N1)	854	410
PB1|PP755595.1|A/cattle/Texas/24-008749-003/2024(H5N1)	855	392
PB1|PP755595.1|A/cattle/Texas/24-008749-003/2024(H5N1)	856	391
PB1|PP755595.1|A/cattle/Texas/24-008749-003/2024(H5N1)	857	390
PB1|PP755595.1|A/cattle/Texas/24-008749-003/2024(H5N1)	858	393
PB1|PP755595.1|A/cattle/Texas/24-008749-003/2024(H5N1)	859	391
PB1|PP755595.1|A/cattle/Texas/24-008749-003/2024(H5N1)	860	391
PB1|PP755595.1|A/cattle/Texas/24-008749-003/2024(H5N1)	861	396
PB1|PP755595.1|A/cattle/Texas/24-008749-003/2024(H5N1)	862	394
PB1|PP755595.1|A/cattle/Texas/24-008749-003/2024(H5N1)	863	396
PB1|PP755595.1|A/cattle/Texas/24-008749-003/2024(H5N1)	864	404
PB1|PP755595.1|A/cattle/Texas/24-008749-003/2024(H5N1)	865	417
PB1|PP755595.1|A/cattle/Texas/24-008749-003/2024(H5N1)	866	417
PB1|PP755595.1|A/cattle/Texas/24-008749-003/2024(H5N1)	867	418
PB1|PP755595.1|A/cattle/Texas/24-008749-003/2024(H5N1)	868	418
PB1|PP755595.1|A/cattle/Texas/24-008749-003/2024(H5N1)	869	420
PB1|PP755595.1|A/cattle/Texas/24-008749-003/2024(H5N1)	870	421
PB1|PP755595.1|A/cattle/Texas/24-008749-003/2024(H5N1)	871	423
PB1|PP755595.1|A/cattle/Texas/24-008749-003/2024(H5N1)	872	421
PB1|PP755595.1|A/cattle/Texas/24-008749-003/2024(H5N1)	873	410
PB1|PP755595.1|A/cattle/Texas/24-008749-003/2024(H5N1)	874	410
PB1|PP755595.1|A/cattle/Texas/24-008749-003/2024(H5N1)	875	410
PB1|PP755595.1|A/cattle/Texas/24-008749-003/2024(H5N1)	876	408
PB1|PP755595.1|A/cattle/Texas/24-008749-003/2024(H5N1)	877	413
PB1|PP755595.1|A/cattle/Texas/24-008749-003/2024(H5N1)	878	404
PB1|PP755595.1|A/cattle/Texas/24-008749-003/2024(H5N1)	879	403
PB1|PP755595.1|A/cattle/Texas/24-008749-003/2024(H5N1)	880	424
PB1|PP755595.1|A/cattle/Texas/24-008749-003/2024(H5N1)	881	423
PB1|PP755595.1|A/cattle/Texas/24-008749-003/2024(H5N1)	882	422
PB1|PP755595.1|A/cattle/Texas/24-008749-003/2024(H5N1)	883	422
PB1|PP755595.1|A/cattle/Texas/24-008749-003/2024(H5N1)	884	444
PB1|PP755595.1|A/cattle/Texas/24-008749-003/2024(H5N1)	885	444
PB1|PP755595.1|A/cattle/Texas/24-008749-003/2024(H5N1)	886	444
PB1|PP755595.1|A/cattle/Texas/24-008749-003/2024(H5N1)	887	448
PB1|PP755595.1|A/cattle/Texas/24-008749-003/2024(H5N1)	888	445
PB1|PP755595.1|A/cattle/Texas/24-008749-003/2024(H5N1)	889	451
PB1|PP755595.1|A/cattle/Texas/24-008749-003/2024(H5N1)	890	450
PB1|PP755595.1|A/cattle/Texas/24-008749-003/2024(H5N1)	891	450
PB1|PP755595.1|A/cattle/Texas/24-008749-003/2024(H5N1)	892	442
PB1|PP755595.1|A/cattle/Texas/24-008749-003/2024(H5N1)	893	418
PB1|PP755595.1|A/cattle/Texas/24-008749-003/2024(H5N1)	894	423
PB1|PP755595.1|A/cattle/Texas/24-008749-003/2024(H5N1)	895	423
PB1|PP755595.1|A/cattle/Texas/24-008749-003/2024(H5N1)	896	423
PB1|PP755595.1|A/cattle/Texas/24-008749-003/2024(H5N1)	897	415
PB1|PP755595.1|A/cattle/Texas/24-008749-003/2024(H5N1)	898	414
PB1|PP755595.1|A/cattle/Texas/24-008749-003/2024(H5N1)	899	410
PB1|PP755595.1|A/cattle/Texas/24-008749-003/2024(H5N1)	900	395
PB1|PP755595.1|A/cattle/Texas/24-008749-003/2024(H5N1)	901	395
PB1|PP755595.1|A/cattle/Texas/24-008749-003/2024(H5N1)	902	401
PB1|PP755595.1|A/cattle/Texas/24-008749-003/2024(H5N1)	903	393
PB1|PP755595.1|A/cattle/Texas/24-008749-003/2024(H5N1)	904	393
PB1|PP755595.1|A/cattle/Texas/24-008749-003/2024(H5N1)	905	390
PB1|PP755595.1|A/cattle/Texas/24-008749-003/2024(H5N1)	906	390
PB1|PP755595.1|A/cattle/Texas/24-008749-003/2024(H5N1)	907	399
PB1|PP755595.1|A/cattle/Texas/24-008749-003/2024(H5N1)	908	406
PB1|PP755595.1|A/cattle/Texas/24-008749-003/2024(H5N1)	909	406
PB1|PP755595.1|A/cattle/Texas/24-008749-003/2024(H5N1)	910	405
PB1|PP755595.1|A/cattle/Texas/24-008749-003/2024(H5N1)	911	403
PB1|PP755595.1|A/cattle/Texas/24-008749-003/2024(H5N1)	912	419
PB1|PP755595.1|A/cattle/Texas/24-008749-003/2024(H5N1)	913	418
PB1|PP755595.1|A/cattle/Texas/24-008749-003/2024(H5N1)	914	422
PB1|PP755595.1|A/cattle/Texas/24-008749-003/2024(H5N1)	915	424
PB1|PP755595.1|A/cattle/Texas/24-008749-003/2024(H5N1)	916	423
PB1|PP755595.1|A/cattle/Texas/24-008749-003/2024(H5N1)	917	425
PB1|PP755595.1|A/cattle/Texas/24-008749-003/2024(H5N1)	918	445
PB1|PP755595.1|A/cattle/Texas/24-008749-003/2024(H5N1)	919	444
PB1|PP755595.1|A/cattle/Texas/24-008749-003/2024(H5N1)	920	440
PB1|PP755595.1|A/cattle/Texas/24-008749-003/2024(H5N1)	921	421
PB1|PP755595.1|A/cattle/Texas/24-008749-003/2024(H5N1)	922	420
PB1|PP755595.1|A/cattle/Texas/24-008749-003/2024(H5N1)	923	416
PB1|PP755595.1|A/cattle/Texas/24-008749-003/2024(H5N1)	924	416
PB1|PP755595.1|A/cattle/Texas/24-008749-003/2024(H5N1)	925	417
PB1|PP755595.1|A/cattle/Texas/24-008749-003/2024(H5N1)	926	416
PB1|PP755595.1|A/cattle/Texas/24-008749-003/2024(H5N1)	927	420
PB1|PP755595.1|A/cattle/Texas/24-008749-003/2024(H5N1)	928	426
PB1|PP755595.1|A/cattle/Texas/24-008749-003/2024(H5N1)	929	433
PB1|PP755595.1|A/cattle/Texas/24-008749-003/2024(H5N1)	930	437
PB1|PP755595.1|A/cattle/Texas/24-008749-003/2024(H5N1)	931	435
PB1|PP755595.1|A/cattle/Texas/24-008749-003/2024(H5N1)	932	435
PB1|PP755595.1|A/cattle/Texas/24-008749-003/2024(H5N1)	933	429
PB1|PP755595.1|A/cattle/Texas/24-008749-003/2024(H5N1)	934	433
PB1|PP755595.1|A/cattle/Texas/24-008749-003/2024(H5N1)	935	434
PB1|PP755595.1|A/cattle/Texas/24-008749-003/2024(H5N1)	936	432
PB1|PP755595.1|A/cattle/Texas/24-008749-003/2024(H5N1)	937	434
PB1|PP755595.1|A/cattle/Texas/24-008749-003/2024(H5N1)	938	428
PB1|PP755595.1|A/cattle/Texas/24-008749-003/2024(H5N1)	939	426
PB1|PP755595.1|A/cattle/Texas/24-008749-003/2024(H5N1)	940	429
PB1|PP755595.1|A/cattle/Texas/24-008749-003/2024(H5N1)	941	434
PB1|PP755595.1|A/cattle/Texas/24-008749-003/2024(H5N1)	942	448
PB1|PP755595.1|A/cattle/Texas/24-008749-003/2024(H5N1)	943	451
PB1|PP755595.1|A/cattle/Texas/24-008749-003/2024(H5N1)	944	446
PB1|PP755595.1|A/cattle/Texas/24-008749-003/2024(H5N1)	945	446
PB1|PP755595.1|A/cattle/Texas/24-008749-003/2024(H5N1)	946	446
PB1|PP755595.1|A/cattle/Texas/24-008749-003/2024(H5N1)	947	440
PB1|PP755595.1|A/cattle/Texas/24-008749-003/2024(H5N1)	948	457
PB1|PP755595.1|A/cattle/Texas/24-008749-003/2024(H5N1)	949	457
PB1|PP755595.1|A/cattle/Texas/24-008749-003/2024(H5N1)	950	448
PB1|PP755595.1|A/cattle/Texas/24-008749-003/2024(H5N1)	951	448
PB1|PP755595.1|A/cattle/Texas/24-008749-003/2024(H5N1)	952	443
PB1|PP755595.1|A/cattle/Texas/24-008749-003/2024(H5N1)	953	443
PB1|PP755595.1|A/cattle/Texas/24-008749-003/2024(H5N1)	954	443
PB1|PP755595.1|A/cattle/Texas/24-008749-003/2024(H5N1)	955	443
PB1|PP755595.1|A/cattle/Texas/24-008749-003/2024(H5N1)	956	444
PB1|PP755595.1|A/cattle/Texas/24-008749-003/2024(H5N1)	957	447
PB1|PP755595.1|A/cattle/Texas/24-008749-003/2024(H5N1)	958	447
PB1|PP755595.1|A/cattle/Texas/24-008749-003/2024(H5N1)	959	439
PB1|PP755595.1|A/cattle/Texas/24-008749-003/2024(H5N1)	960	433
PB1|PP755595.1|A/cattle/Texas/24-008749-003/2024(H5N1)	961	440
PB1|PP755595.1|A/cattle/Texas/24-008749-003/2024(H5N1)	962	442
PB1|PP755595.1|A/cattle/Texas/24-008749-003/2024(H5N1)	963	442
PB1|PP755595.1|A/cattle/Texas/24-008749-003/2024(H5N1)	964	442
PB1|PP755595.1|A/cattle/Texas/24-008749-003/2024(H5N1)	965	446
PB1|PP755595.1|A/cattle/Texas/24-008749-003/2024(H5N1)	966	442
PB1|PP755595.1|A/cattle/Texas/24-008749-003/2024(H5N1)	967	442
PB1|PP755595.1|A/cattle/Texas/24-008749-003/2024(H5N1)	968	440
PB1|PP755595.1|A/cattle/Texas/24-008749-003/2024(H5N1)	969	455
PB1|PP755595.1|A/cattle/Texas/24-008749-003/2024(H5N1)	970	451
PB1|PP755595.1|A/cattle/Texas/24-008749-003/2024(H5N1)	971	448
PB1|PP755595.1|A/cattle/Texas/24-008749-003/2024(H5N1)	972	448
PB1|PP755595.1|A/cattle/Texas/24-008749-003/2024(H5N1)	973	446
PB1|PP755595.1|A/cattle/Texas/24-008749-003/2024(H5N1)	974	447
PB1|PP755595.1|A/cattle/Texas/24-008749-003/2024(H5N1)	975	439
PB1|PP755595.1|A/cattle/Texas/24-008749-003/2024(H5N1)	976	437
PB1|PP755595.1|A/cattle/Texas/24-008749-003/2024(H5N1)	977	431
PB1|PP755595.1|A/cattle/Texas/24-008749-003/2024(H5N1)	978	409
PB1|PP755595.1|A/cattle/Texas/24-008749-003/2024(H5N1)	979	409
PB1|PP755595.1|A/cattle/Texas/24-008749-003/2024(H5N1)	980	408
PB1|PP755595.1|A/cattle/Texas/24-008749-003/2024(H5N1)	981	413
PB1|PP755595.1|A/cattle/Texas/24-008749-003/2024(H5N1)	982	413
PB1|PP755595.1|A/cattle/Texas/24-008749-003/2024(H5N1)	983	415
PB1|PP755595.1|A/cattle/Texas/24-008749-003/2024(H5N1)	984	416
PB1|PP755595.1|A/cattle/Texas/24-008749-003/2024(H5N1)	985	416
PB1|PP755595.1|A/cattle/Texas/24-008749-003/2024(H5N1)	986	424
PB1|PP755595.1|A/cattle/Texas/24-008749-003/2024(H5N1)	987	428
PB1|PP755595.1|A/cattle/Texas/24-008749-003/2024(H5N1)	988	442
PB1|PP755595.1|A/cattle/Texas/24-008749-003/2024(H5N1)	989	440
PB1|PP755595.1|A/cattle/Texas/24-008749-003/2024(H5N1)	990	438
PB1|PP755595.1|A/cattle/Texas/24-008749-003/2024(H5N1)	991	440
PB1|PP755595.1|A/cattle/Texas/24-008749-003/2024(H5N1)	992	440
PB1|PP755595.1|A/cattle/Texas/24-008749-003/2024(H5N1)	993	440
PB1|PP755595.1|A/cattle/Texas/24-008749-003/2024(H5N1)	994	439
PB1|PP755595.1|A/cattle/Texas/24-008749-003/2024(H5N1)	995	434
PB1|PP755595.1|A/cattle/Texas/24-008749-003/2024(H5N1)	996	457
PB1|PP755595.1|A/cattle/Texas/24-008749-003/2024(H5N1)	997	451
PB1|PP755595.1|A/cattle/Texas/24-008749-003/2024(H5N1)	998	451
PB1|PP755595.1|A/cattle/Texas/24-008749-003/2024(H5N1)	999	452
PB1|PP755595.1|A/cattle/Texas/24-008749-003/2024(H5N1)	1000	448
PB1|PP755595.1|A/cattle/Texas/24-008749-003/2024(H5N1)	1001	460
PB1|PP755595.1|A/cattle/Texas/24-008749-003/2024(H5N1)	1002	460
PB1|PP755595.1|A/cattle/Texas/24-008749-003/2024(H5N1)	1003	460
PB1|PP755595.1|A/cattle/Texas/24-008749-003/2024(H5N1)	1004	458
PB1|PP755595.1|A/cattle/Texas/24-008749-003/2024(H5N1)	1005	434
PB1|PP755595.1|A/cattle/Texas/24-008749-003/2024(H5N1)	1006	450
PB1|PP755595.1|A/cattle/Texas/24-008749-003/2024(H5N1)	1007	449
PB1|PP755595.1|A/cattle/Texas/24-008749-003/2024(H5N1)	1008	447
PB1|PP755595.1|A/cattle/Texas/24-008749-003/2024(H5N1)	1009	446
PB1|PP755595.1|A/cattle/Texas/24-008749-003/2024(H5N1)	1010	440
PB1|PP755595.1|A/cattle/Texas/24-008749-003/2024(H5N1)	1011	440
PB1|PP755595.1|A/cattle/Texas/24-008749-003/2024(H5N1)	1012	440
PB1|PP755595.1|A/cattle/Texas/24-008749-003/2024(H5N1)	1013	445
PB1|PP755595.1|A/cattle/Texas/24-008749-003/2024(H5N1)	1014	436
PB1|PP755595.1|A/cattle/Texas/24-008749-003/2024(H5N1)	1015	420
PB1|PP755595.1|A/cattle/Texas/24-008749-003/2024(H5N1)	1016	421
PB1|PP755595.1|A/cattle/Texas/24-008749-003/2024(H5N1)	1017	421
PB1|PP755595.1|A/cattle/Texas/24-008749-003/2024(H5N1)	1018	431
PB1|PP755595.1|A/cattle/Texas/24-008749-003/2024(H5N1)	1019	434
PB1|PP755595.1|A/cattle/Texas/24-008749-003/2024(H5N1)	1020	435
PB1|PP755595.1|A/cattle/Texas/24-008749-003/2024(H5N1)	1021	456
PB1|PP755595.1|A/cattle/Texas/24-008749-003/2024(H5N1)	1022	452
PB1|PP755595.1|A/cattle/Texas/24-008749-003/2024(H5N1)	1023	451
PB1|PP755595.1|A/cattle/Texas/24-008749-003/2024(H5N1)	1024	453
PB1|PP755595.1|A/cattle/Texas/24-008749-003/2024(H5N1)	1025	453
PB1|PP755595.1|A/cattle/Texas/24-008749-003/2024(H5N1)	1026	455
PB1|PP755595.1|A/cattle/Texas/24-008749-003/2024(H5N1)	1027	455
PB1|PP755595.1|A/cattle/Texas/24-008749-003/2024(H5N1)	1028	451
PB1|PP755595.1|A/cattle/Texas/24-008749-003/2024(H5N1)	1029	452
PB1|PP755595.1|A/cattle/Texas/24-008749-003/2024(H5N1)	1030	439
PB1|PP755595.1|A/cattle/Texas/24-008749-003/2024(H5N1)	1031	444
PB1|PP755595.1|A/cattle/Texas/24-008749-003/2024(H5N1)	1032	443
PB1|PP755595.1|A/cattle/Texas/24-008749-003/2024(H5N1)	1033	444
PB1|PP755595.1|A/cattle/Texas/24-008749-003/2024(H5N1)	1034	418
PB1|PP755595.1|A/cattle/Texas/24-008749-003/2024(H5N1)	1035	418
PB1|PP755595.1|A/cattle/Texas/24-008749-003/2024(H5N1)	1036	420
PB1|PP755595.1|A/cattle/Texas/24-008749-003/2024(H5N1)	1037	420
PB1|PP755595.1|A/cattle/Texas/24-008749-003/2024(H5N1)	1038	414
PB1|PP755595.1|A/cattle/Texas/24-008749-003/2024(H5N1)	1039	413
PB1|PP755595.1|A/cattle/Texas/24-008749-003/2024(H5N1)	1040	410
PB1|PP755595.1|A/cattle/Texas/24-008749-003/2024(H5N1)	1041	411
PB1|PP755595.1|A/cattle/Texas/24-008749-003/2024(H5N1)	1042	414
PB1|PP755595.1|A/cattle/Texas/24-008749-003/2024(H5N1)	1043	416
PB1|PP755595.1|A/cattle/Texas/24-008749-003/2024(H5N1)	1044	417
PB1|PP755595.1|A/cattle/Texas/24-008749-003/2024(H5N1)	1045	411
PB1|PP755595.1|A/cattle/Texas/24-008749-003/2024(H5N1)	1046	411
PB1|PP755595.1|A/cattle/Texas/24-008749-003/2024(H5N1)	1047	411
PB1|PP755595.1|A/cattle/Texas/24-008749-003/2024(H5N1)	1048	414
PB1|PP755595.1|A/cattle/Texas/24-008749-003/2024(H5N1)	1049	418
PB1|PP755595.1|A/cattle/Texas/24-008749-003/2024(H5N1)	1050	425
PB1|PP755595.1|A/cattle/Texas/24-008749-003/2024(H5N1)	1051	428
PB1|PP755595.1|A/cattle/Texas/24-008749-003/2024(H5N1)	1052	430
PB1|PP755595.1|A/cattle/Texas/24-008749-003/2024(H5N1)	1053	429
PB1|PP755595.1|A/cattle/Texas/24-008749-003/2024(H5N1)	1054	427
PB1|PP755595.1|A/cattle/Texas/24-008749-003/2024(H5N1)	1055	457
PB1|PP755595.1|A/cattle/Texas/24-008749-003/2024(H5N1)	1056	458
PB1|PP755595.1|A/cattle/Texas/24-008749-003/2024(H5N1)	1057	464
PB1|PP755595.1|A/cattle/Texas/24-008749-003/2024(H5N1)	1058	454
PB1|PP755595.1|A/cattle/Texas/24-008749-003/2024(H5N1)	1059	449
PB1|PP755595.1|A/cattle/Texas/24-008749-003/2024(H5N1)	1060	462
PB1|PP755595.1|A/cattle/Texas/24-008749-003/2024(H5N1)	1061	469
PB1|PP755595.1|A/cattle/Texas/24-008749-003/2024(H5N1)	1062	471
PB1|PP755595.1|A/cattle/Texas/24-008749-003/2024(H5N1)	1063	454
PB1|PP755595.1|A/cattle/Texas/24-008749-003/2024(H5N1)	1064	455
PB1|PP755595.1|A/cattle/Texas/24-008749-003/2024(H5N1)	1065	454
PB1|PP755595.1|A/cattle/Texas/24-008749-003/2024(H5N1)	1066	453
PB1|PP755595.1|A/cattle/Texas/24-008749-003/2024(H5N1)	1067	454
PB1|PP755595.1|A/cattle/Texas/24-008749-003/2024(H5N1)	1068	455
PB1|PP755595.1|A/cattle/Texas/24-008749-003/2024(H5N1)	1069	445
PB1|PP755595.1|A/cattle/Texas/24-008749-003/2024(H5N1)	1070	462
PB1|PP755595.1|A/cattle/Texas/24-008749-003/2024(H5N1)	1071	461
PB1|PP755595.1|A/cattle/Texas/24-008749-003/2024(H5N1)	1072	461
PB1|PP755595.1|A/cattle/Texas/24-008749-003/2024(H5N1)	1073	463
PB1|PP755595.1|A/cattle/Texas/24-008749-003/2024(H5N1)	1074	457
PB1|PP755595.1|A/cattle/Texas/24-008749-003/2024(H5N1)	1075	459
PB1|PP755595.1|A/cattle/Texas/24-008749-003/2024(H5N1)	1076	459
PB1|PP755595.1|A/cattle/Texas/24-008749-003/2024(H5N1)	1077	456
PB1|PP755595.1|A/cattle/Texas/24-008749-003/2024(H5N1)	1078	465
PB1|PP755595.1|A/cattle/Texas/24-008749-003/2024(H5N1)	1079	465
PB1|PP755595.1|A/cattle/Texas/24-008749-003/2024(H5N1)	1080	458
PB1|PP755595.1|A/cattle/Texas/24-008749-003/2024(H5N1)	1081	455
PB1|PP755595.1|A/cattle/Texas/24-008749-003/2024(H5N1)	1082	454
PB1|PP755595.1|A/cattle/Texas/24-008749-003/2024(H5N1)	1083	450
PB1|PP755595.1|A/cattle/Texas/24-008749-003/2024(H5N1)	1084	450
PB1|PP755595.1|A/cattle/Texas/24-008749-003/2024(H5N1)	1085	446
PB1|PP755595.1|A/cattle/Texas/24-008749-003/2024(H5N1)	1086	445
PB1|PP755595.1|A/cattle/Texas/24-008749-003/2024(H5N1)	1087	449
PB1|PP755595.1|A/cattle/Texas/24-008749-003/2024(H5N1)	1088	449
PB1|PP755595.1|A/cattle/Texas/24-008749-003/2024(H5N1)	1089	475
PB1|PP755595.1|A/cattle/Texas/24-008749-003/2024(H5N1)	1090	470
PB1|PP755595.1|A/cattle/Texas/24-008749-003/2024(H5N1)	1091	470
PB1|PP755595.1|A/cattle/Texas/24-008749-003/2024(H5N1)	1092	470
PB1|PP755595.1|A/cattle/Texas/24-008749-003/2024(H5N1)	1093	457
PB1|PP755595.1|A/cattle/Texas/24-008749-003/2024(H5N1)	1094	460
PB1|PP755595.1|A/cattle/Texas/24-008749-003/2024(H5N1)	1095	460
PB1|PP755595.1|A/cattle/Texas/24-008749-003/2024(H5N1)	1096	460
PB1|PP755595.1|A/cattle/Texas/24-008749-003/2024(H5N1)	1097	464
PB1|PP755595.1|A/cattle/Texas/24-008749-003/2024(H5N1)	1098	450
PB1|PP755595.1|A/cattle/Texas/24-008749-003/2024(H5N1)	1099	450
PB1|PP755595.1|A/cattle/Texas/24-008749-003/2024(H5N1)	1100	470
PB1|PP755595.1|A/cattle/Texas/24-008749-003/2024(H5N1)	1101	470
PB1|PP755595.1|A/cattle/Texas/24-008749-003/2024(H5N1)	1102	470
PB1|PP755595.1|A/cattle/Texas/24-008749-003/2024(H5N1)	1103	475
PB1|PP755595.1|A/cattle/Texas/24-008749-003/2024(H5N1)	1104	475
PB1|PP755595.1|A/cattle/Texas/24-008749-003/2024(H5N1)	1105	486
PB1|PP755595.1|A/cattle/Texas/24-008749-003/2024(H5N1)	1106	482
PB1|PP755595.1|A/cattle/Texas/24-008749-003/2024(H5N1)	1107	481
PB1|PP755595.1|A/cattle/Texas/24-008749-003/2024(H5N1)	1108	478
PB1|PP755595.1|A/cattle/Texas/24-008749-003/2024(H5N1)	1109	478
PB1|PP755595.1|A/cattle/Texas/24-008749-003/2024(H5N1)	1110	478
PB1|PP755595.1|A/cattle/Texas/24-008749-003/2024(H5N1)	1111	478
PB1|PP755595.1|A/cattle/Texas/24-008749-003/2024(H5N1)	1112	480
PB1|PP755595.1|A/cattle/Texas/24-008749-003/2024(H5N1)	1113	477
PB1|PP755595.1|A/cattle/Texas/24-008749-003/2024(H5N1)	1114	476
PB1|PP755595.1|A/cattle/Texas/24-008749-003/2024(H5N1)	1115	478
PB1|PP755595.1|A/cattle/Texas/24-008749-003/2024(H5N1)	1116	475
PB1|PP755595.1|A/cattle/Texas/24-008749-003/2024(H5N1)	1117	466
PB1|PP755595.1|A/cattle/Texas/24-008749-003/2024(H5N1)	1118	466
PB1|PP755595.1|A/cattle/Texas/24-008749-003/2024(H5N1)	1119	466
PB1|PP755595.1|A/cattle/Texas/24-008749-003/2024(H5N1)	1120	455
PB1|PP755595.1|A/cattle/Texas/24-008749-003/2024(H5N1)	1121	452
PB1|PP755595.1|A/cattle/Texas/24-008749-003/2024(H5N1)	1122	450
PB1|PP755595.1|A/cattle/Texas/24-008749-003/2024(H5N1)	1123	450
PB1|PP755595.1|A/cattle/Texas/24-008749-003/2024(H5N1)	1124	451
PB1|PP755595.1|A/cattle/Texas/24-008749-003/2024(H5N1)	1125	453
PB1|PP755595.1|A/cattle/Texas/24-008749-003/2024(H5N1)	1126	453
PB1|PP755595.1|A/cattle/Texas/24-008749-003/2024(H5N1)	1127	456
PB1|PP755595.1|A/cattle/Texas/24-008749-003/2024(H5N1)	1128	453
PB1|PP755595.1|A/cattle/Texas/24-008749-003/2024(H5N1)	1129	462
PB1|PP755595.1|A/cattle/Texas/24-008749-003/2024(H5N1)	1130	477
PB1|PP755595.1|A/cattle/Texas/24-008749-003/2024(H5N1)	1131	478
PB1|PP755595.1|A/cattle/Texas/24-008749-003/2024(H5N1)	1132	476
PB1|PP755595.1|A/cattle/Texas/24-008749-003/2024(H5N1)	1133	474
PB1|PP755595.1|A/cattle/Texas/24-008749-003/2024(H5N1)	1134	453
PB1|PP755595.1|A/cattle/Texas/24-008749-003/2024(H5N1)	1135	455
PB1|PP755595.1|A/cattle/Texas/24-008749-003/2024(H5N1)	1136	454
PB1|PP755595.1|A/cattle/Texas/24-008749-003/2024(H5N1)	1137	454
PB1|PP755595.1|A/cattle/Texas/24-008749-003/2024(H5N1)	1138	457
PB1|PP755595.1|A/cattle/Texas/24-008749-003/2024(H5N1)	1139	451
PB1|PP755595.1|A/cattle/Texas/24-008749-003/2024(H5N1)	1140	449
PB1|PP755595.1|A/cattle/Texas/24-008749-003/2024(H5N1)	1141	447
PB1|PP755595.1|A/cattle/Texas/24-008749-003/2024(H5N1)	1142	449
PB1|PP755595.1|A/cattle/Texas/24-008749-003/2024(H5N1)	1143	451
PB1|PP755595.1|A/cattle/Texas/24-008749-003/2024(H5N1)	1144	451
PB1|PP755595.1|A/cattle/Texas/24-008749-003/2024(H5N1)	1145	464
PB1|PP755595.1|A/cattle/Texas/24-008749-003/2024(H5N1)	1146	461
PB1|PP755595.1|A/cattle/Texas/24-008749-003/2024(H5N1)	1147	442
PB1|PP755595.1|A/cattle/Texas/24-008749-003/2024(H5N1)	1148	442
PB1|PP755595.1|A/cattle/Texas/24-008749-003/2024(H5N1)	1149	447
PB1|PP755595.1|A/cattle/Texas/24-008749-003/2024(H5N1)	1150	444
PB1|PP755595.1|A/cattle/Texas/24-008749-003/2024(H5N1)	1151	438
PB1|PP755595.1|A/cattle/Texas/24-008749-003/2024(H5N1)	1152	438
PB1|PP755595.1|A/cattle/Texas/24-008749-003/2024(H5N1)	1153	438
PB1|PP755595.1|A/cattle/Texas/24-008749-003/2024(H5N1)	1154	438
PB1|PP755595.1|A/cattle/Texas/24-008749-003/2024(H5N1)	1155	438
PB1|PP755595.1|A/cattle/Texas/24-008749-003/2024(H5N1)	1156	436
PB1|PP755595.1|A/cattle/Texas/24-008749-003/2024(H5N1)	1157	419
PB1|PP755595.1|A/cattle/Texas/24-008749-003/2024(H5N1)	1158	428
PB1|PP755595.1|A/cattle/Texas/24-008749-003/2024(H5N1)	1159	431
PB1|PP755595.1|A/cattle/Texas/24-008749-003/2024(H5N1)	1160	431
PB1|PP755595.1|A/cattle/Texas/24-008749-003/2024(H5N1)	1161	434
PB1|PP755595.1|A/cattle/Texas/24-008749-003/2024(H5N1)	1162	437
PB1|PP755595.1|A/cattle/Texas/24-008749-003/2024(H5N1)	1163	441
PB1|PP755595.1|A/cattle/Texas/24-008749-003/2024(H5N1)	1164	436
PB1|PP755595.1|A/cattle/Texas/24-008749-003/2024(H5N1)	1165	435
PB1|PP755595.1|A/cattle/Texas/24-008749-003/2024(H5N1)	1166	437
PB1|PP755595.1|A/cattle/Texas/24-008749-003/2024(H5N1)	1167	436
PB1|PP755595.1|A/cattle/Texas/24-008749-003/2024(H5N1)	1168	436
PB1|PP755595.1|A/cattle/Texas/24-008749-003/2024(H5N1)	1169	426
PB1|PP755595.1|A/cattle/Texas/24-008749-003/2024(H5N1)	1170	424
PB1|PP755595.1|A/cattle/Texas/24-008749-003/2024(H5N1)	1171	425
PB1|PP755595.1|A/cattle/Texas/24-008749-003/2024(H5N1)	1172	409
PB1|PP755595.1|A/cattle/Texas/24-008749-003/2024(H5N1)	1173	424
PB1|PP755595.1|A/cattle/Texas/24-008749-003/2024(H5N1)	1174	429
PB1|PP755595.1|A/cattle/Texas/24-008749-003/2024(H5N1)	1175	428
PB1|PP755595.1|A/cattle/Texas/24-008749-003/2024(H5N1)	1176	428
PB1|PP755595.1|A/cattle/Texas/24-008749-003/2024(H5N1)	1177	426
PB1|PP755595.1|A/cattle/Texas/24-008749-003/2024(H5N1)	1178	427
PB1|PP755595.1|A/cattle/Texas/24-008749-003/2024(H5N1)	1179	442
PB1|PP755595.1|A/cattle/Texas/24-008749-003/2024(H5N1)	1180	447
PB1|PP755595.1|A/cattle/Texas/24-008749-003/2024(H5N1)	1181	440
PB1|PP755595.1|A/cattle/Texas/24-008749-003/2024(H5N1)	1182	438
PB1|PP755595.1|A/cattle/Texas/24-008749-003/2024(H5N1)	1183	449
PB1|PP755595.1|A/cattle/Texas/24-008749-003/2024(H5N1)	1184	452
PB1|PP755595.1|A/cattle/Texas/24-008749-003/2024(H5N1)	1185	453
PB1|PP755595.1|A/cattle/Texas/24-008749-003/2024(H5N1)	1186	458
PB1|PP755595.1|A/cattle/Texas/24-008749-003/2024(H5N1)	1187	459
PB1|PP755595.1|A/cattle/Texas/24-008749-003/2024(H5N1)	1188	465
PB1|PP755595.1|A/cattle/Texas/24-008749-003/2024(H5N1)	1189	466
PB1|PP755595.1|A/cattle/Texas/24-008749-003/2024(H5N1)	1190	469
PB1|PP755595.1|A/cattle/Texas/24-008749-003/2024(H5N1)	1191	471
PB1|PP755595.1|A/cattle/Texas/24-008749-003/2024(H5N1)	1192	469
PB1|PP755595.1|A/cattle/Texas/24-008749-003/2024(H5N1)	1193	468
PB1|PP755595.1|A/cattle/Texas/24-008749-003/2024(H5N1)	1194	466
PB1|PP755595.1|A/cattle/Texas/24-008749-003/2024(H5N1)	1195	466
PB1|PP755595.1|A/cattle/Texas/24-008749-003/2024(H5N1)	1196	504
PB1|PP755595.1|A/cattle/Texas/24-008749-003/2024(H5N1)	1197	502
PB1|PP755595.1|A/cattle/Texas/24-008749-003/2024(H5N1)	1198	502
PB1|PP755595.1|A/cattle/Texas/24-008749-003/2024(H5N1)	1199	500
PB1|PP755595.1|A/cattle/Texas/24-008749-003/2024(H5N1)	1200	483
PB1|PP755595.1|A/cattle/Texas/24-008749-003/2024(H5N1)	1201	488
PB1|PP755595.1|A/cattle/Texas/24-008749-003/2024(H5N1)	1202	484
PB1|PP755595.1|A/cattle/Texas/24-008749-003/2024(H5N1)	1203	497
PB1|PP755595.1|A/cattle/Texas/24-008749-003/2024(H5N1)	1204	490
PB1|PP755595.1|A/cattle/Texas/24-008749-003/2024(H5N1)	1205	492
PB1|PP755595.1|A/cattle/Texas/24-008749-003/2024(H5N1)	1206	493
PB1|PP755595.1|A/cattle/Texas/24-008749-003/2024(H5N1)	1207	492
PB1|PP755595.1|A/cattle/Texas/24-008749-003/2024(H5N1)	1208	483
PB1|PP755595.1|A/cattle/Texas/24-008749-003/2024(H5N1)	1209	482
PB1|PP755595.1|A/cattle/Texas/24-008749-003/2024(H5N1)	1210	474
PB1|PP755595.1|A/cattle/Texas/24-008749-003/2024(H5N1)	1211	468
PB1|PP755595.1|A/cattle/Texas/24-008749-003/2024(H5N1)	1212	470
PB1|PP755595.1|A/cattle/Texas/24-008749-003/2024(H5N1)	1213	468
PB1|PP755595.1|A/cattle/Texas/24-008749-003/2024(H5N1)	1214	467
PB1|PP755595.1|A/cattle/Texas/24-008749-003/2024(H5N1)	1215	468
PB1|PP755595.1|A/cattle/Texas/24-008749-003/2024(H5N1)	1216	500
PB1|PP755595.1|A/cattle/Texas/24-008749-003/2024(H5N1)	1217	505
PB1|PP755595.1|A/cattle/Texas/24-008749-003/2024(H5N1)	1218	504
PB1|PP755595.1|A/cattle/Texas/24-008749-003/2024(H5N1)	1219	502
PB1|PP755595.1|A/cattle/Texas/24-008749-003/2024(H5N1)	1220	486
PB1|PP755595.1|A/cattle/Texas/24-008749-003/2024(H5N1)	1221	473
PB1|PP755595.1|A/cattle/Texas/24-008749-003/2024(H5N1)	1222	474
PB1|PP755595.1|A/cattle/Texas/24-008749-003/2024(H5N1)	1223	474
PB1|PP755595.1|A/cattle/Texas/24-008749-003/2024(H5N1)	1224	465
PB1|PP755595.1|A/cattle/Texas/24-008749-003/2024(H5N1)	1225	461
PB1|PP755595.1|A/cattle/Texas/24-008749-003/2024(H5N1)	1226	453
PB1|PP755595.1|A/cattle/Texas/24-008749-003/2024(H5N1)	1227	454
PB1|PP755595.1|A/cattle/Texas/24-008749-003/2024(H5N1)	1228	456
PB1|PP755595.1|A/cattle/Texas/24-008749-003/2024(H5N1)	1229	462
PB1|PP755595.1|A/cattle/Texas/24-008749-003/2024(H5N1)	1230	461
PB1|PP755595.1|A/cattle/Texas/24-008749-003/2024(H5N1)	1231	462
PB1|PP755595.1|A/cattle/Texas/24-008749-003/2024(H5N1)	1232	465
PB1|PP755595.1|A/cattle/Texas/24-008749-003/2024(H5N1)	1233	473
PB1|PP755595.1|A/cattle/Texas/24-008749-003/2024(H5N1)	1234	476
PB1|PP755595.1|A/cattle/Texas/24-008749-003/2024(H5N1)	1235	477
PB1|PP755595.1|A/cattle/Texas/24-008749-003/2024(H5N1)	1236	479
PB1|PP755595.1|A/cattle/Texas/24-008749-003/2024(H5N1)	1237	476
PB1|PP755595.1|A/cattle/Texas/24-008749-003/2024(H5N1)	1238	477
PB1|PP755595.1|A/cattle/Texas/24-008749-003/2024(H5N1)	1239	454
PB1|PP755595.1|A/cattle/Texas/24-008749-003/2024(H5N1)	1240	457
PB1|PP755595.1|A/cattle/Texas/24-008749-003/2024(H5N1)	1241	457
PB1|PP755595.1|A/cattle/Texas/24-008749-003/2024(H5N1)	1242	474
PB1|PP755595.1|A/cattle/Texas/24-008749-003/2024(H5N1)	1243	486
PB1|PP755595.1|A/cattle/Texas/24-008749-003/2024(H5N1)	1244	490
PB1|PP755595.1|A/cattle/Texas/24-008749-003/2024(H5N1)	1245	498
PB1|PP755595.1|A/cattle/Texas/24-008749-003/2024(H5N1)	1246	500
PB1|PP755595.1|A/cattle/Texas/24-008749-003/2024(H5N1)	1247	511
PB1|PP755595.1|A/cattle/Texas/24-008749-003/2024(H5N1)	1248	506
PB1|PP755595.1|A/cattle/Texas/24-008749-003/2024(H5N1)	1249	504
PB1|PP755595.1|A/cattle/Texas/24-008749-003/2024(H5N1)	1250	505
PB1|PP755595.1|A/cattle/Texas/24-008749-003/2024(H5N1)	1251	485
PB1|PP755595.1|A/cattle/Texas/24-008749-003/2024(H5N1)	1252	499
PB1|PP755595.1|A/cattle/Texas/24-008749-003/2024(H5N1)	1253	508
PB1|PP755595.1|A/cattle/Texas/24-008749-003/2024(H5N1)	1254	503
PB1|PP755595.1|A/cattle/Texas/24-008749-003/2024(H5N1)	1255	503
PB1|PP755595.1|A/cattle/Texas/24-008749-003/2024(H5N1)	1256	505
PB1|PP755595.1|A/cattle/Texas/24-008749-003/2024(H5N1)	1257	505
PB1|PP755595.1|A/cattle/Texas/24-008749-003/2024(H5N1)	1258	514
PB1|PP755595.1|A/cattle/Texas/24-008749-003/2024(H5N1)	1259	514
PB1|PP755595.1|A/cattle/Texas/24-008749-003/2024(H5N1)	1260	514
PB1|PP755595.1|A/cattle/Texas/24-008749-003/2024(H5N1)	1261	509
PB1|PP755595.1|A/cattle/Texas/24-008749-003/2024(H5N1)	1262	505
PB1|PP755595.1|A/cattle/Texas/24-008749-003/2024(H5N1)	1263	505
PB1|PP755595.1|A/cattle/Texas/24-008749-003/2024(H5N1)	1264	528
PB1|PP755595.1|A/cattle/Texas/24-008749-003/2024(H5N1)	1265	526
PB1|PP755595.1|A/cattle/Texas/24-008749-003/2024(H5N1)	1266	526
PB1|PP755595.1|A/cattle/Texas/24-008749-003/2024(H5N1)	1267	525
PB1|PP755595.1|A/cattle/Texas/24-008749-003/2024(H5N1)	1268	523
PB1|PP755595.1|A/cattle/Texas/24-008749-003/2024(H5N1)	1269	524
PB1|PP755595.1|A/cattle/Texas/24-008749-003/2024(H5N1)	1270	522
PB1|PP755595.1|A/cattle/Texas/24-008749-003/2024(H5N1)	1271	522
PB1|PP755595.1|A/cattle/Texas/24-008749-003/2024(H5N1)	1272	522
PB1|PP755595.1|A/cattle/Texas/24-008749-003/2024(H5N1)	1273	522
PB1|PP755595.1|A/cattle/Texas/24-008749-003/2024(H5N1)	1274	535
PB1|PP755595.1|A/cattle/Texas/24-008749-003/2024(H5N1)	1275	533
PB1|PP755595.1|A/cattle/Texas/24-008749-003/2024(H5N1)	1276	531
PB1|PP755595.1|A/cattle/Texas/24-008749-003/2024(H5N1)	1277	531
PB1|PP755595.1|A/cattle/Texas/24-008749-003/2024(H5N1)	1278	528
PB1|PP755595.1|A/cattle/Texas/24-008749-003/2024(H5N1)	1279	531
PB1|PP755595.1|A/cattle/Texas/24-008749-003/2024(H5N1)	1280	528
PB1|PP755595.1|A/cattle/Texas/24-008749-003/2024(H5N1)	1281	515
PB1|PP755595.1|A/cattle/Texas/24-008749-003/2024(H5N1)	1282	514
PB1|PP755595.1|A/cattle/Texas/24-008749-003/2024(H5N1)	1283	510
PB1|PP755595.1|A/cattle/Texas/24-008749-003/2024(H5N1)	1284	514
PB1|PP755595.1|A/cattle/Texas/24-008749-003/2024(H5N1)	1285	513
PB1|PP755595.1|A/cattle/Texas/24-008749-003/2024(H5N1)	1286	511
PB1|PP755595.1|A/cattle/Texas/24-008749-003/2024(H5N1)	1287	527
PB1|PP755595.1|A/cattle/Texas/24-008749-003/2024(H5N1)	1288	517
PB1|PP755595.1|A/cattle/Texas/24-008749-003/2024(H5N1)	1289	514
PB1|PP755595.1|A/cattle/Texas/24-008749-003/2024(H5N1)	1290	506
PB1|PP755595.1|A/cattle/Texas/24-008749-003/2024(H5N1)	1291	521
PB1|PP755595.1|A/cattle/Texas/24-008749-003/2024(H5N1)	1292	522
PB1|PP755595.1|A/cattle/Texas/24-008749-003/2024(H5N1)	1293	544
PB1|PP755595.1|A/cattle/Texas/24-008749-003/2024(H5N1)	1294	547
PB1|PP755595.1|A/cattle/Texas/24-008749-003/2024(H5N1)	1295	547
PB1|PP755595.1|A/cattle/Texas/24-008749-003/2024(H5N1)	1296	534
PB1|PP755595.1|A/cattle/Texas/24-008749-003/2024(H5N1)	1297	534
PB1|PP755595.1|A/cattle/Texas/24-008749-003/2024(H5N1)	1298	535
PB1|PP755595.1|A/cattle/Texas/24-008749-003/2024(H5N1)	1299	535
PB1|PP755595.1|A/cattle/Texas/24-008749-003/2024(H5N1)	1300	540
PB1|PP755595.1|A/cattle/Texas/24-008749-003/2024(H5N1)	1301	547
PB1|PP755595.1|A/cattle/Texas/24-008749-003/2024(H5N1)	1302	543
PB1|PP755595.1|A/cattle/Texas/24-008749-003/2024(H5N1)	1303	552
PB1|PP755595.1|A/cattle/Texas/24-008749-003/2024(H5N1)	1304	552
PB1|PP755595.1|A/cattle/Texas/24-008749-003/2024(H5N1)	1305	564
PB1|PP755595.1|A/cattle/Texas/24-008749-003/2024(H5N1)	1306	568
PB1|PP755595.1|A/cattle/Texas/24-008749-003/2024(H5N1)	1307	564
PB1|PP755595.1|A/cattle/Texas/24-008749-003/2024(H5N1)	1308	567
PB1|PP755595.1|A/cattle/Texas/24-008749-003/2024(H5N1)	1309	562
PB1|PP755595.1|A/cattle/Texas/24-008749-003/2024(H5N1)	1310	561
PB1|PP755595.1|A/cattle/Texas/24-008749-003/2024(H5N1)	1311	563
PB1|PP755595.1|A/cattle/Texas/24-008749-003/2024(H5N1)	1312	558
PB1|PP755595.1|A/cattle/Texas/24-008749-003/2024(H5N1)	1313	557
PB1|PP755595.1|A/cattle/Texas/24-008749-003/2024(H5N1)	1314	554
PB1|PP755595.1|A/cattle/Texas/24-008749-003/2024(H5N1)	1315	554
PB1|PP755595.1|A/cattle/Texas/24-008749-003/2024(H5N1)	1316	580
PB1|PP755595.1|A/cattle/Texas/24-008749-003/2024(H5N1)	1317	577
PB1|PP755595.1|A/cattle/Texas/24-008749-003/2024(H5N1)	1318	578
PB1|PP755595.1|A/cattle/Texas/24-008749-003/2024(H5N1)	1319	609
PB1|PP755595.1|A/cattle/Texas/24-008749-003/2024(H5N1)	1320	607
PB1|PP755595.1|A/cattle/Texas/24-008749-003/2024(H5N1)	1321	612
PB1|PP755595.1|A/cattle/Texas/24-008749-003/2024(H5N1)	1322	612
PB1|PP755595.1|A/cattle/Texas/24-008749-003/2024(H5N1)	1323	616
PB1|PP755595.1|A/cattle/Texas/24-008749-003/2024(H5N1)	1324	607
PB1|PP755595.1|A/cattle/Texas/24-008749-003/2024(H5N1)	1325	606
PB1|PP755595.1|A/cattle/Texas/24-008749-003/2024(H5N1)	1326	605
PB1|PP755595.1|A/cattle/Texas/24-008749-003/2024(H5N1)	1327	605
PB1|PP755595.1|A/cattle/Texas/24-008749-003/2024(H5N1)	1328	587
PB1|PP755595.1|A/cattle/Texas/24-008749-003/2024(H5N1)	1329	584
PB1|PP755595.1|A/cattle/Texas/24-008749-003/2024(H5N1)	1330	585
PB1|PP755595.1|A/cattle/Texas/24-008749-003/2024(H5N1)	1331	578
PB1|PP755595.1|A/cattle/Texas/24-008749-003/2024(H5N1)	1332	578
PB1|PP755595.1|A/cattle/Texas/24-008749-003/2024(H5N1)	1333	580
PB1|PP755595.1|A/cattle/Texas/24-008749-003/2024(H5N1)	1334	580
PB1|PP755595.1|A/cattle/Texas/24-008749-003/2024(H5N1)	1335	576
PB1|PP755595.1|A/cattle/Texas/24-008749-003/2024(H5N1)	1336	575
PB1|PP755595.1|A/cattle/Texas/24-008749-003/2024(H5N1)	1337	572
PB1|PP755595.1|A/cattle/Texas/24-008749-003/2024(H5N1)	1338	574
PB1|PP755595.1|A/cattle/Texas/24-008749-003/2024(H5N1)	1339	568
PB1|PP755595.1|A/cattle/Texas/24-008749-003/2024(H5N1)	1340	568
PB1|PP755595.1|A/cattle/Texas/24-008749-003/2024(H5N1)	1341	565
PB1|PP755595.1|A/cattle/Texas/24-008749-003/2024(H5N1)	1342	562
PB1|PP755595.1|A/cattle/Texas/24-008749-003/2024(H5N1)	1343	565
PB1|PP755595.1|A/cattle/Texas/24-008749-003/2024(H5N1)	1344	566
PB1|PP755595.1|A/cattle/Texas/24-008749-003/2024(H5N1)	1345	540
PB1|PP755595.1|A/cattle/Texas/24-008749-003/2024(H5N1)	1346	535
PB1|PP755595.1|A/cattle/Texas/24-008749-003/2024(H5N1)	1347	549
PB1|PP755595.1|A/cattle/Texas/24-008749-003/2024(H5N1)	1348	550
PB1|PP755595.1|A/cattle/Texas/24-008749-003/2024(H5N1)	1349	550
PB1|PP755595.1|A/cattle/Texas/24-008749-003/2024(H5N1)	1350	544
PB1|PP755595.1|A/cattle/Texas/24-008749-003/2024(H5N1)	1351	545
PB1|PP755595.1|A/cattle/Texas/24-008749-003/2024(H5N1)	1352	543
PB1|PP755595.1|A/cattle/Texas/24-008749-003/2024(H5N1)	1353	543
PB1|PP755595.1|A/cattle/Texas/24-008749-003/2024(H5N1)	1354	526
PB1|PP755595.1|A/cattle/Texas/24-008749-003/2024(H5N1)	1355	526
PB1|PP755595.1|A/cattle/Texas/24-008749-003/2024(H5N1)	1356	506
PB1|PP755595.1|A/cattle/Texas/24-008749-003/2024(H5N1)	1357	507
PB1|PP755595.1|A/cattle/Texas/24-008749-003/2024(H5N1)	1358	508
PB1|PP755595.1|A/cattle/Texas/24-008749-003/2024(H5N1)	1359	511
PB1|PP755595.1|A/cattle/Texas/24-008749-003/2024(H5N1)	1360	511
PB1|PP755595.1|A/cattle/Texas/24-008749-003/2024(H5N1)	1361	507
PB1|PP755595.1|A/cattle/Texas/24-008749-003/2024(H5N1)	1362	507
PB1|PP755595.1|A/cattle/Texas/24-008749-003/2024(H5N1)	1363	512
PB1|PP755595.1|A/cattle/Texas/24-008749-003/2024(H5N1)	1364	512
PB1|PP755595.1|A/cattle/Texas/24-008749-003/2024(H5N1)	1365	512
PB1|PP755595.1|A/cattle/Texas/24-008749-003/2024(H5N1)	1366	474
PB1|PP755595.1|A/cattle/Texas/24-008749-003/2024(H5N1)	1367	473
PB1|PP755595.1|A/cattle/Texas/24-008749-003/2024(H5N1)	1368	470
PB1|PP755595.1|A/cattle/Texas/24-008749-003/2024(H5N1)	1369	470
PB1|PP755595.1|A/cattle/Texas/24-008749-003/2024(H5N1)	1370	471
PB1|PP755595.1|A/cattle/Texas/24-008749-003/2024(H5N1)	1371	472
PB1|PP755595.1|A/cattle/Texas/24-008749-003/2024(H5N1)	1372	478
PB1|PP755595.1|A/cattle/Texas/24-008749-003/2024(H5N1)	1373	481
PB1|PP755595.1|A/cattle/Texas/24-008749-003/2024(H5N1)	1374	481
PB1|PP755595.1|A/cattle/Texas/24-008749-003/2024(H5N1)	1375	487
PB1|PP755595.1|A/cattle/Texas/24-008749-003/2024(H5N1)	1376	486
PB1|PP755595.1|A/cattle/Texas/24-008749-003/2024(H5N1)	1377	486
PB1|PP755595.1|A/cattle/Texas/24-008749-003/2024(H5N1)	1378	483
PB1|PP755595.1|A/cattle/Texas/24-008749-003/2024(H5N1)	1379	493
PB1|PP755595.1|A/cattle/Texas/24-008749-003/2024(H5N1)	1380	497
PB1|PP755595.1|A/cattle/Texas/24-008749-003/2024(H5N1)	1381	495
PB1|PP755595.1|A/cattle/Texas/24-008749-003/2024(H5N1)	1382	507
PB1|PP755595.1|A/cattle/Texas/24-008749-003/2024(H5N1)	1383	503
PB1|PP755595.1|A/cattle/Texas/24-008749-003/2024(H5N1)	1384	524
PB1|PP755595.1|A/cattle/Texas/24-008749-003/2024(H5N1)	1385	525
PB1|PP755595.1|A/cattle/Texas/24-008749-003/2024(H5N1)	1386	526
PB1|PP755595.1|A/cattle/Texas/24-008749-003/2024(H5N1)	1387	526
PB1|PP755595.1|A/cattle/Texas/24-008749-003/2024(H5N1)	1388	525
PB1|PP755595.1|A/cattle/Texas/24-008749-003/2024(H5N1)	1389	524
PB1|PP755595.1|A/cattle/Texas/24-008749-003/2024(H5N1)	1390	529
PB1|PP755595.1|A/cattle/Texas/24-008749-003/2024(H5N1)	1391	526
PB1|PP755595.1|A/cattle/Texas/24-008749-003/2024(H5N1)	1392	509
PB1|PP755595.1|A/cattle/Texas/24-008749-003/2024(H5N1)	1393	490
PB1|PP755595.1|A/cattle/Texas/24-008749-003/2024(H5N1)	1394	487
PB1|PP755595.1|A/cattle/Texas/24-008749-003/2024(H5N1)	1395	533
PB1|PP755595.1|A/cattle/Texas/24-008749-003/2024(H5N1)	1396	524
PB1|PP755595.1|A/cattle/Texas/24-008749-003/2024(H5N1)	1397	526
PB1|PP755595.1|A/cattle/Texas/24-008749-003/2024(H5N1)	1398	531
PB1|PP755595.1|A/cattle/Texas/24-008749-003/2024(H5N1)	1399	531
PB1|PP755595.1|A/cattle/Texas/24-008749-003/2024(H5N1)	1400	550
PB1|PP755595.1|A/cattle/Texas/24-008749-003/2024(H5N1)	1401	552
PB1|PP755595.1|A/cattle/Texas/24-008749-003/2024(H5N1)	1402	552
PB1|PP755595.1|A/cattle/Texas/24-008749-003/2024(H5N1)	1403	545
PB1|PP755595.1|A/cattle/Texas/24-008749-003/2024(H5N1)	1404	537
PB1|PP755595.1|A/cattle/Texas/24-008749-003/2024(H5N1)	1405	538
PB1|PP755595.1|A/cattle/Texas/24-008749-003/2024(H5N1)	1406	569
PB1|PP755595.1|A/cattle/Texas/24-008749-003/2024(H5N1)	1407	552
PB1|PP755595.1|A/cattle/Texas/24-008749-003/2024(H5N1)	1408	543
PB1|PP755595.1|A/cattle/Texas/24-008749-003/2024(H5N1)	1409	543
PB1|PP755595.1|A/cattle/Texas/24-008749-003/2024(H5N1)	1410	545
PB1|PP755595.1|A/cattle/Texas/24-008749-003/2024(H5N1)	1411	546
PB1|PP755595.1|A/cattle/Texas/24-008749-003/2024(H5N1)	1412	544
PB1|PP755595.1|A/cattle/Texas/24-008749-003/2024(H5N1)	1413	544
PB1|PP755595.1|A/cattle/Texas/24-008749-003/2024(H5N1)	1414	547
PB1|PP755595.1|A/cattle/Texas/24-008749-003/2024(H5N1)	1415	522
PB1|PP755595.1|A/cattle/Texas/24-008749-003/2024(H5N1)	1416	528
PB1|PP755595.1|A/cattle/Texas/24-008749-003/2024(H5N1)	1417	529
PB1|PP755595.1|A/cattle/Texas/24-008749-003/2024(H5N1)	1418	536
PB1|PP755595.1|A/cattle/Texas/24-008749-003/2024(H5N1)	1419	536
PB1|PP755595.1|A/cattle/Texas/24-008749-003/2024(H5N1)	1420	536
PB1|PP755595.1|A/cattle/Texas/24-008749-003/2024(H5N1)	1421	554
PB1|PP755595.1|A/cattle/Texas/24-008749-003/2024(H5N1)	1422	560
PB1|PP755595.1|A/cattle/Texas/24-008749-003/2024(H5N1)	1423	563
PB1|PP755595.1|A/cattle/Texas/24-008749-003/2024(H5N1)	1424	571
PB1|PP755595.1|A/cattle/Texas/24-008749-003/2024(H5N1)	1425	561
PB1|PP755595.1|A/cattle/Texas/24-008749-003/2024(H5N1)	1426	560
PB1|PP755595.1|A/cattle/Texas/24-008749-003/2024(H5N1)	1427	561
PB1|PP755595.1|A/cattle/Texas/24-008749-003/2024(H5N1)	1428	560
PB1|PP755595.1|A/cattle/Texas/24-008749-003/2024(H5N1)	1429	571
PB1|PP755595.1|A/cattle/Texas/24-008749-003/2024(H5N1)	1430	562
PB1|PP755595.1|A/cattle/Texas/24-008749-003/2024(H5N1)	1431	564
PB1|PP755595.1|A/cattle/Texas/24-008749-003/2024(H5N1)	1432	565
PB1|PP755595.1|A/cattle/Texas/24-008749-003/2024(H5N1)	1433	566
PB1|PP755595.1|A/cattle/Texas/24-008749-003/2024(H5N1)	1434	565
PB1|PP755595.1|A/cattle/Texas/24-008749-003/2024(H5N1)	1435	596
PB1|PP755595.1|A/cattle/Texas/24-008749-003/2024(H5N1)	1436	598
PB1|PP755595.1|A/cattle/Texas/24-008749-003/2024(H5N1)	1437	596
PB1|PP755595.1|A/cattle/Texas/24-008749-003/2024(H5N1)	1438	574
PB1|PP755595.1|A/cattle/Texas/24-008749-003/2024(H5N1)	1439	575
PB1|PP755595.1|A/cattle/Texas/24-008749-003/2024(H5N1)	1440	575
PB1|PP755595.1|A/cattle/Texas/24-008749-003/2024(H5N1)	1441	575
PB1|PP755595.1|A/cattle/Texas/24-008749-003/2024(H5N1)	1442	575
PB1|PP755595.1|A/cattle/Texas/24-008749-003/2024(H5N1)	1443	591
PB1|PP755595.1|A/cattle/Texas/24-008749-003/2024(H5N1)	1444	582
PB1|PP755595.1|A/cattle/Texas/24-008749-003/2024(H5N1)	1445	580
PB1|PP755595.1|A/cattle/Texas/24-008749-003/2024(H5N1)	1446	589
PB1|PP755595.1|A/cattle/Texas/24-008749-003/2024(H5N1)	1447	606
PB1|PP755595.1|A/cattle/Texas/24-008749-003/2024(H5N1)	1448	612
PB1|PP755595.1|A/cattle/Texas/24-008749-003/2024(H5N1)	1449	610
PB1|PP755595.1|A/cattle/Texas/24-008749-003/2024(H5N1)	1450	610
PB1|PP755595.1|A/cattle/Texas/24-008749-003/2024(H5N1)	1451	604
PB1|PP755595.1|A/cattle/Texas/24-008749-003/2024(H5N1)	1452	598
PB1|PP755595.1|A/cattle/Texas/24-008749-003/2024(H5N1)	1453	599
PB1|PP755595.1|A/cattle/Texas/24-008749-003/2024(H5N1)	1454	591
PB1|PP755595.1|A/cattle/Texas/24-008749-003/2024(H5N1)	1455	587
PB1|PP755595.1|A/cattle/Texas/24-008749-003/2024(H5N1)	1456	577
PB1|PP755595.1|A/cattle/Texas/24-008749-003/2024(H5N1)	1457	594
PB1|PP755595.1|A/cattle/Texas/24-008749-003/2024(H5N1)	1458	601
PB1|PP755595.1|A/cattle/Texas/24-008749-003/2024(H5N1)	1459	598
PB1|PP755595.1|A/cattle/Texas/24-008749-003/2024(H5N1)	1460	606
PB1|PP755595.1|A/cattle/Texas/24-008749-003/2024(H5N1)	1461	607
PB1|PP755595.1|A/cattle/Texas/24-008749-003/2024(H5N1)	1462	607
PB1|PP755595.1|A/cattle/Texas/24-008749-003/2024(H5N1)	1463	609
PB1|PP755595.1|A/cattle/Texas/24-008749-003/2024(H5N1)	1464	608
PB1|PP755595.1|A/cattle/Texas/24-008749-003/2024(H5N1)	1465	610
PB1|PP755595.1|A/cattle/Texas/24-008749-003/2024(H5N1)	1466	592
PB1|PP755595.1|A/cattle/Texas/24-008749-003/2024(H5N1)	1467	582
PB1|PP755595.1|A/cattle/Texas/24-008749-003/2024(H5N1)	1468	582
PB1|PP755595.1|A/cattle/Texas/24-008749-003/2024(H5N1)	1469	582
PB1|PP755595.1|A/cattle/Texas/24-008749-003/2024(H5N1)	1470	551
PB1|PP755595.1|A/cattle/Texas/24-008749-003/2024(H5N1)	1471	550
PB1|PP755595.1|A/cattle/Texas/24-008749-003/2024(H5N1)	1472	554
PB1|PP755595.1|A/cattle/Texas/24-008749-003/2024(H5N1)	1473	554
PB1|PP755595.1|A/cattle/Texas/24-008749-003/2024(H5N1)	1474	548
PB1|PP755595.1|A/cattle/Texas/24-008749-003/2024(H5N1)	1475	547
PB1|PP755595.1|A/cattle/Texas/24-008749-003/2024(H5N1)	1476	547
PB1|PP755595.1|A/cattle/Texas/24-008749-003/2024(H5N1)	1477	547
PB1|PP755595.1|A/cattle/Texas/24-008749-003/2024(H5N1)	1478	547
PB1|PP755595.1|A/cattle/Texas/24-008749-003/2024(H5N1)	1479	547
PB1|PP755595.1|A/cattle/Texas/24-008749-003/2024(H5N1)	1480	553
PB1|PP755595.1|A/cattle/Texas/24-008749-003/2024(H5N1)	1481	546
PB1|PP755595.1|A/cattle/Texas/24-008749-003/2024(H5N1)	1482	546
PB1|PP755595.1|A/cattle/Texas/24-008749-003/2024(H5N1)	1483	546
PB1|PP755595.1|A/cattle/Texas/24-008749-003/2024(H5N1)	1484	545
PB1|PP755595.1|A/cattle/Texas/24-008749-003/2024(H5N1)	1485	545
PB1|PP755595.1|A/cattle/Texas/24-008749-003/2024(H5N1)	1486	565
PB1|PP755595.1|A/cattle/Texas/24-008749-003/2024(H5N1)	1487	567
PB1|PP755595.1|A/cattle/Texas/24-008749-003/2024(H5N1)	1488	567
PB1|PP755595.1|A/cattle/Texas/24-008749-003/2024(H5N1)	1489	563
PB1|PP755595.1|A/cattle/Texas/24-008749-003/2024(H5N1)	1490	574
PB1|PP755595.1|A/cattle/Texas/24-008749-003/2024(H5N1)	1491	573
PB1|PP755595.1|A/cattle/Texas/24-008749-003/2024(H5N1)	1492	578
PB1|PP755595.1|A/cattle/Texas/24-008749-003/2024(H5N1)	1493	580
PB1|PP755595.1|A/cattle/Texas/24-008749-003/2024(H5N1)	1494	578
PB1|PP755595.1|A/cattle/Texas/24-008749-003/2024(H5N1)	1495	579
PB1|PP755595.1|A/cattle/Texas/24-008749-003/2024(H5N1)	1496	586
PB1|PP755595.1|A/cattle/Texas/24-008749-003/2024(H5N1)	1497	587
PB1|PP755595.1|A/cattle/Texas/24-008749-003/2024(H5N1)	1498	573
PB1|PP755595.1|A/cattle/Texas/24-008749-003/2024(H5N1)	1499	591
PB1|PP755595.1|A/cattle/Texas/24-008749-003/2024(H5N1)	1500	593
PB1|PP755595.1|A/cattle/Texas/24-008749-003/2024(H5N1)	1501	597
PB1|PP755595.1|A/cattle/Texas/24-008749-003/2024(H5N1)	1502	597
PB1|PP755595.1|A/cattle/Texas/24-008749-003/2024(H5N1)	1503	596
PB1|PP755595.1|A/cattle/Texas/24-008749-003/2024(H5N1)	1504	597
PB1|PP755595.1|A/cattle/Texas/24-008749-003/2024(H5N1)	1505	597
PB1|PP755595.1|A/cattle/Texas/24-008749-003/2024(H5N1)	1506	597
PB1|PP755595.1|A/cattle/Texas/24-008749-003/2024(H5N1)	1507	598
PB1|PP755595.1|A/cattle/Texas/24-008749-003/2024(H5N1)	1508	595
PB1|PP755595.1|A/cattle/Texas/24-008749-003/2024(H5N1)	1509	595
PB1|PP755595.1|A/cattle/Texas/24-008749-003/2024(H5N1)	1510	590
PB1|PP755595.1|A/cattle/Texas/24-008749-003/2024(H5N1)	1511	590
PB1|PP755595.1|A/cattle/Texas/24-008749-003/2024(H5N1)	1512	596
PB1|PP755595.1|A/cattle/Texas/24-008749-003/2024(H5N1)	1513	596
PB1|PP755595.1|A/cattle/Texas/24-008749-003/2024(H5N1)	1514	593
PB1|PP755595.1|A/cattle/Texas/24-008749-003/2024(H5N1)	1515	591
PB1|PP755595.1|A/cattle/Texas/24-008749-003/2024(H5N1)	1516	592
PB1|PP755595.1|A/cattle/Texas/24-008749-003/2024(H5N1)	1517	606
PB1|PP755595.1|A/cattle/Texas/24-008749-003/2024(H5N1)	1518	621
PB1|PP755595.1|A/cattle/Texas/24-008749-003/2024(H5N1)	1519	621
PB1|PP755595.1|A/cattle/Texas/24-008749-003/2024(H5N1)	1520	622
PB1|PP755595.1|A/cattle/Texas/24-008749-003/2024(H5N1)	1521	616
PB1|PP755595.1|A/cattle/Texas/24-008749-003/2024(H5N1)	1522	630
PB1|PP755595.1|A/cattle/Texas/24-008749-003/2024(H5N1)	1523	628
PB1|PP755595.1|A/cattle/Texas/24-008749-003/2024(H5N1)	1524	620
PB1|PP755595.1|A/cattle/Texas/24-008749-003/2024(H5N1)	1525	630
PB1|PP755595.1|A/cattle/Texas/24-008749-003/2024(H5N1)	1526	619
PB1|PP755595.1|A/cattle/Texas/24-008749-003/2024(H5N1)	1527	624
PB1|PP755595.1|A/cattle/Texas/24-008749-003/2024(H5N1)	1528	626
PB1|PP755595.1|A/cattle/Texas/24-008749-003/2024(H5N1)	1529	628
PB1|PP755595.1|A/cattle/Texas/24-008749-003/2024(H5N1)	1530	622
PB1|PP755595.1|A/cattle/Texas/24-008749-003/2024(H5N1)	1531	610
PB1|PP755595.1|A/cattle/Texas/24-008749-003/2024(H5N1)	1532	654
PB1|PP755595.1|A/cattle/Texas/24-008749-003/2024(H5N1)	1533	629
PB1|PP755595.1|A/cattle/Texas/24-008749-003/2024(H5N1)	1534	628
PB1|PP755595.1|A/cattle/Texas/24-008749-003/2024(H5N1)	1535	628
PB1|PP755595.1|A/cattle/Texas/24-008749-003/2024(H5N1)	1536	628
PB1|PP755595.1|A/cattle/Texas/24-008749-003/2024(H5N1)	1537	628
PB1|PP755595.1|A/cattle/Texas/24-008749-003/2024(H5N1)	1538	626
PB1|PP755595.1|A/cattle/Texas/24-008749-003/2024(H5N1)	1539	630
PB1|PP755595.1|A/cattle/Texas/24-008749-003/2024(H5N1)	1540	631
PB1|PP755595.1|A/cattle/Texas/24-008749-003/2024(H5N1)	1541	608
PB1|PP755595.1|A/cattle/Texas/24-008749-003/2024(H5N1)	1542	637
PB1|PP755595.1|A/cattle/Texas/24-008749-003/2024(H5N1)	1543	631
PB1|PP755595.1|A/cattle/Texas/24-008749-003/2024(H5N1)	1544	626
PB1|PP755595.1|A/cattle/Texas/24-008749-003/2024(H5N1)	1545	628
PB1|PP755595.1|A/cattle/Texas/24-008749-003/2024(H5N1)	1546	631
PB1|PP755595.1|A/cattle/Texas/24-008749-003/2024(H5N1)	1547	636
PB1|PP755595.1|A/cattle/Texas/24-008749-003/2024(H5N1)	1548	635
PB1|PP755595.1|A/cattle/Texas/24-008749-003/2024(H5N1)	1549	626
PB1|PP755595.1|A/cattle/Texas/24-008749-003/2024(H5N1)	1550	625
PB1|PP755595.1|A/cattle/Texas/24-008749-003/2024(H5N1)	1551	603
PB1|PP755595.1|A/cattle/Texas/24-008749-003/2024(H5N1)	1552	600
PB1|PP755595.1|A/cattle/Texas/24-008749-003/2024(H5N1)	1553	600
PB1|PP755595.1|A/cattle/Texas/24-008749-003/2024(H5N1)	1554	599
PB1|PP755595.1|A/cattle/Texas/24-008749-003/2024(H5N1)	1555	597
PB1|PP755595.1|A/cattle/Texas/24-008749-003/2024(H5N1)	1556	597
PB1|PP755595.1|A/cattle/Texas/24-008749-003/2024(H5N1)	1557	575
PB1|PP755595.1|A/cattle/Texas/24-008749-003/2024(H5N1)	1558	575
PB1|PP755595.1|A/cattle/Texas/24-008749-003/2024(H5N1)	1559	578
PB1|PP755595.1|A/cattle/Texas/24-008749-003/2024(H5N1)	1560	570
PB1|PP755595.1|A/cattle/Texas/24-008749-003/2024(H5N1)	1561	571
PB1|PP755595.1|A/cattle/Texas/24-008749-003/2024(H5N1)	1562	571
PB1|PP755595.1|A/cattle/Texas/24-008749-003/2024(H5N1)	1563	570
PB1|PP755595.1|A/cattle/Texas/24-008749-003/2024(H5N1)	1564	579
PB1|PP755595.1|A/cattle/Texas/24-008749-003/2024(H5N1)	1565	577
PB1|PP755595.1|A/cattle/Texas/24-008749-003/2024(H5N1)	1566	582
PB1|PP755595.1|A/cattle/Texas/24-008749-003/2024(H5N1)	1567	583
PB1|PP755595.1|A/cattle/Texas/24-008749-003/2024(H5N1)	1568	575
PB1|PP755595.1|A/cattle/Texas/24-008749-003/2024(H5N1)	1569	576
PB1|PP755595.1|A/cattle/Texas/24-008749-003/2024(H5N1)	1570	577
PB1|PP755595.1|A/cattle/Texas/24-008749-003/2024(H5N1)	1571	593
PB1|PP755595.1|A/cattle/Texas/24-008749-003/2024(H5N1)	1572	576
PB1|PP755595.1|A/cattle/Texas/24-008749-003/2024(H5N1)	1573	577
PB1|PP755595.1|A/cattle/Texas/24-008749-003/2024(H5N1)	1574	574
PB1|PP755595.1|A/cattle/Texas/24-008749-003/2024(H5N1)	1575	567
PB1|PP755595.1|A/cattle/Texas/24-008749-003/2024(H5N1)	1576	608
PB1|PP755595.1|A/cattle/Texas/24-008749-003/2024(H5N1)	1577	657
PB1|PP755595.1|A/cattle/Texas/24-008749-003/2024(H5N1)	1578	656
PB1|PP755595.1|A/cattle/Texas/24-008749-003/2024(H5N1)	1579	656
PB1|PP755595.1|A/cattle/Texas/24-008749-003/2024(H5N1)	1580	645
PB1|PP755595.1|A/cattle/Texas/24-008749-003/2024(H5N1)	1581	644
PB1|PP755595.1|A/cattle/Texas/24-008749-003/2024(H5N1)	1582	642
PB1|PP755595.1|A/cattle/Texas/24-008749-003/2024(H5N1)	1583	643
PB1|PP755595.1|A/cattle/Texas/24-008749-003/2024(H5N1)	1584	640
PB1|PP755595.1|A/cattle/Texas/24-008749-003/2024(H5N1)	1585	660
PB1|PP755595.1|A/cattle/Texas/24-008749-003/2024(H5N1)	1586	631
PB1|PP755595.1|A/cattle/Texas/24-008749-003/2024(H5N1)	1587	634
PB1|PP755595.1|A/cattle/Texas/24-008749-003/2024(H5N1)	1588	636
PB1|PP755595.1|A/cattle/Texas/24-008749-003/2024(H5N1)	1589	632
PB1|PP755595.1|A/cattle/Texas/24-008749-003/2024(H5N1)	1590	631
PB1|PP755595.1|A/cattle/Texas/24-008749-003/2024(H5N1)	1591	632
PB1|PP755595.1|A/cattle/Texas/24-008749-003/2024(H5N1)	1592	626
PB1|PP755595.1|A/cattle/Texas/24-008749-003/2024(H5N1)	1593	628
PB1|PP755595.1|A/cattle/Texas/24-008749-003/2024(H5N1)	1594	612
PB1|PP755595.1|A/cattle/Texas/24-008749-003/2024(H5N1)	1595	612
PB1|PP755595.1|A/cattle/Texas/24-008749-003/2024(H5N1)	1596	610
PB1|PP755595.1|A/cattle/Texas/24-008749-003/2024(H5N1)	1597	602
PB1|PP755595.1|A/cattle/Texas/24-008749-003/2024(H5N1)	1598	599
PB1|PP755595.1|A/cattle/Texas/24-008749-003/2024(H5N1)	1599	615
PB1|PP755595.1|A/cattle/Texas/24-008749-003/2024(H5N1)	1600	615
PB1|PP755595.1|A/cattle/Texas/24-008749-003/2024(H5N1)	1601	615
PB1|PP755595.1|A/cattle/Texas/24-008749-003/2024(H5N1)	1602	613
PB1|PP755595.1|A/cattle/Texas/24-008749-003/2024(H5N1)	1603	610
PB1|PP755595.1|A/cattle/Texas/24-008749-003/2024(H5N1)	1604	609
PB1|PP755595.1|A/cattle/Texas/24-008749-003/2024(H5N1)	1605	605
PB1|PP755595.1|A/cattle/Texas/24-008749-003/2024(H5N1)	1606	604
PB1|PP755595.1|A/cattle/Texas/24-008749-003/2024(H5N1)	1607	607
PB1|PP755595.1|A/cattle/Texas/24-008749-003/2024(H5N1)	1608	587
PB1|PP755595.1|A/cattle/Texas/24-008749-003/2024(H5N1)	1609	584
PB1|PP755595.1|A/cattle/Texas/24-008749-003/2024(H5N1)	1610	590
PB1|PP755595.1|A/cattle/Texas/24-008749-003/2024(H5N1)	1611	580
PB1|PP755595.1|A/cattle/Texas/24-008749-003/2024(H5N1)	1612	583
PB1|PP755595.1|A/cattle/Texas/24-008749-003/2024(H5N1)	1613	599
PB1|PP755595.1|A/cattle/Texas/24-008749-003/2024(H5N1)	1614	601
PB1|PP755595.1|A/cattle/Texas/24-008749-003/2024(H5N1)	1615	603
PB1|PP755595.1|A/cattle/Texas/24-008749-003/2024(H5N1)	1616	601
PB1|PP755595.1|A/cattle/Texas/24-008749-003/2024(H5N1)	1617	601
PB1|PP755595.1|A/cattle/Texas/24-008749-003/2024(H5N1)	1618	603
PB1|PP755595.1|A/cattle/Texas/24-008749-003/2024(H5N1)	1619	614
PB1|PP755595.1|A/cattle/Texas/24-008749-003/2024(H5N1)	1620	617
PB1|PP755595.1|A/cattle/Texas/24-008749-003/2024(H5N1)	1621	618
PB1|PP755595.1|A/cattle/Texas/24-008749-003/2024(H5N1)	1622	611
PB1|PP755595.1|A/cattle/Texas/24-008749-003/2024(H5N1)	1623	610
PB1|PP755595.1|A/cattle/Texas/24-008749-003/2024(H5N1)	1624	610
PB1|PP755595.1|A/cattle/Texas/24-008749-003/2024(H5N1)	1625	618
PB1|PP755595.1|A/cattle/Texas/24-008749-003/2024(H5N1)	1626	617
PB1|PP755595.1|A/cattle/Texas/24-008749-003/2024(H5N1)	1627	619
PB1|PP755595.1|A/cattle/Texas/24-008749-003/2024(H5N1)	1628	631
PB1|PP755595.1|A/cattle/Texas/24-008749-003/2024(H5N1)	1629	628
PB1|PP755595.1|A/cattle/Texas/24-008749-003/2024(H5N1)	1630	634
PB1|PP755595.1|A/cattle/Texas/24-008749-003/2024(H5N1)	1631	637
PB1|PP755595.1|A/cattle/Texas/24-008749-003/2024(H5N1)	1632	635
PB1|PP755595.1|A/cattle/Texas/24-008749-003/2024(H5N1)	1633	639
PB1|PP755595.1|A/cattle/Texas/24-008749-003/2024(H5N1)	1634	651
PB1|PP755595.1|A/cattle/Texas/24-008749-003/2024(H5N1)	1635	651
PB1|PP755595.1|A/cattle/Texas/24-008749-003/2024(H5N1)	1636	652
PB1|PP755595.1|A/cattle/Texas/24-008749-003/2024(H5N1)	1637	630
PB1|PP755595.1|A/cattle/Texas/24-008749-003/2024(H5N1)	1638	628
PB1|PP755595.1|A/cattle/Texas/24-008749-003/2024(H5N1)	1639	630
PB1|PP755595.1|A/cattle/Texas/24-008749-003/2024(H5N1)	1640	649
PB1|PP755595.1|A/cattle/Texas/24-008749-003/2024(H5N1)	1641	637
PB1|PP755595.1|A/cattle/Texas/24-008749-003/2024(H5N1)	1642	639
PB1|PP755595.1|A/cattle/Texas/24-008749-003/2024(H5N1)	1643	637
PB1|PP755595.1|A/cattle/Texas/24-008749-003/2024(H5N1)	1644	636
PB1|PP755595.1|A/cattle/Texas/24-008749-003/2024(H5N1)	1645	633
PB1|PP755595.1|A/cattle/Texas/24-008749-003/2024(H5N1)	1646	631
PB1|PP755595.1|A/cattle/Texas/24-008749-003/2024(H5N1)	1647	631
PB1|PP755595.1|A/cattle/Texas/24-008749-003/2024(H5N1)	1648	666
PB1|PP755595.1|A/cattle/Texas/24-008749-003/2024(H5N1)	1649	662
PB1|PP755595.1|A/cattle/Texas/24-008749-003/2024(H5N1)	1650	665
PB1|PP755595.1|A/cattle/Texas/24-008749-003/2024(H5N1)	1651	663
PB1|PP755595.1|A/cattle/Texas/24-008749-003/2024(H5N1)	1652	666
PB1|PP755595.1|A/cattle/Texas/24-008749-003/2024(H5N1)	1653	671
PB1|PP755595.1|A/cattle/Texas/24-008749-003/2024(H5N1)	1654	677
PB1|PP755595.1|A/cattle/Texas/24-008749-003/2024(H5N1)	1655	678
PB1|PP755595.1|A/cattle/Texas/24-008749-003/2024(H5N1)	1656	678
PB1|PP755595.1|A/cattle/Texas/24-008749-003/2024(H5N1)	1657	678
PB1|PP755595.1|A/cattle/Texas/24-008749-003/2024(H5N1)	1658	678
PB1|PP755595.1|A/cattle/Texas/24-008749-003/2024(H5N1)	1659	700
PB1|PP755595.1|A/cattle/Texas/24-008749-003/2024(H5N1)	1660	707
PB1|PP755595.1|A/cattle/Texas/24-008749-003/2024(H5N1)	1661	708
PB1|PP755595.1|A/cattle/Texas/24-008749-003/2024(H5N1)	1662	707
PB1|PP755595.1|A/cattle/Texas/24-008749-003/2024(H5N1)	1663	699
PB1|PP755595.1|A/cattle/Texas/24-008749-003/2024(H5N1)	1664	699
PB1|PP755595.1|A/cattle/Texas/24-008749-003/2024(H5N1)	1665	731
PB1|PP755595.1|A/cattle/Texas/24-008749-003/2024(H5N1)	1666	727
PB1|PP755595.1|A/cattle/Texas/24-008749-003/2024(H5N1)	1667	731
PB1|PP755595.1|A/cattle/Texas/24-008749-003/2024(H5N1)	1668	715
PB1|PP755595.1|A/cattle/Texas/24-008749-003/2024(H5N1)	1669	725
PB1|PP755595.1|A/cattle/Texas/24-008749-003/2024(H5N1)	1670	726
PB1|PP755595.1|A/cattle/Texas/24-008749-003/2024(H5N1)	1671	732
PB1|PP755595.1|A/cattle/Texas/24-008749-003/2024(H5N1)	1672	732
PB1|PP755595.1|A/cattle/Texas/24-008749-003/2024(H5N1)	1673	720
PB1|PP755595.1|A/cattle/Texas/24-008749-003/2024(H5N1)	1674	708
PB1|PP755595.1|A/cattle/Texas/24-008749-003/2024(H5N1)	1675	721
PB1|PP755595.1|A/cattle/Texas/24-008749-003/2024(H5N1)	1676	716
PB1|PP755595.1|A/cattle/Texas/24-008749-003/2024(H5N1)	1677	720
PB1|PP755595.1|A/cattle/Texas/24-008749-003/2024(H5N1)	1678	714
PB1|PP755595.1|A/cattle/Texas/24-008749-003/2024(H5N1)	1679	713
PB1|PP755595.1|A/cattle/Texas/24-008749-003/2024(H5N1)	1680	716
PB1|PP755595.1|A/cattle/Texas/24-008749-003/2024(H5N1)	1681	713
PB1|PP755595.1|A/cattle/Texas/24-008749-003/2024(H5N1)	1682	714
PB1|PP755595.1|A/cattle/Texas/24-008749-003/2024(H5N1)	1683	689
PB1|PP755595.1|A/cattle/Texas/24-008749-003/2024(H5N1)	1684	687
PB1|PP755595.1|A/cattle/Texas/24-008749-003/2024(H5N1)	1685	691
PB1|PP755595.1|A/cattle/Texas/24-008749-003/2024(H5N1)	1686	692
PB1|PP755595.1|A/cattle/Texas/24-008749-003/2024(H5N1)	1687	690
PB1|PP755595.1|A/cattle/Texas/24-008749-003/2024(H5N1)	1688	692
PB1|PP755595.1|A/cattle/Texas/24-008749-003/2024(H5N1)	1689	691
PB1|PP755595.1|A/cattle/Texas/24-008749-003/2024(H5N1)	1690	700
PB1|PP755595.1|A/cattle/Texas/24-008749-003/2024(H5N1)	1691	696
PB1|PP755595.1|A/cattle/Texas/24-008749-003/2024(H5N1)	1692	679
PB1|PP755595.1|A/cattle/Texas/24-008749-003/2024(H5N1)	1693	653
PB1|PP755595.1|A/cattle/Texas/24-008749-003/2024(H5N1)	1694	653
PB1|PP755595.1|A/cattle/Texas/24-008749-003/2024(H5N1)	1695	654
PB1|PP755595.1|A/cattle/Texas/24-008749-003/2024(H5N1)	1696	649
PB1|PP755595.1|A/cattle/Texas/24-008749-003/2024(H5N1)	1697	644
PB1|PP755595.1|A/cattle/Texas/24-008749-003/2024(H5N1)	1698	646
PB1|PP755595.1|A/cattle/Texas/24-008749-003/2024(H5N1)	1699	645
PB1|PP755595.1|A/cattle/Texas/24-008749-003/2024(H5N1)	1700	643
PB1|PP755595.1|A/cattle/Texas/24-008749-003/2024(H5N1)	1701	647
PB1|PP755595.1|A/cattle/Texas/24-008749-003/2024(H5N1)	1702	648
PB1|PP755595.1|A/cattle/Texas/24-008749-003/2024(H5N1)	1703	650
PB1|PP755595.1|A/cattle/Texas/24-008749-003/2024(H5N1)	1704	650
PB1|PP755595.1|A/cattle/Texas/24-008749-003/2024(H5N1)	1705	654
PB1|PP755595.1|A/cattle/Texas/24-008749-003/2024(H5N1)	1706	656
PB1|PP755595.1|A/cattle/Texas/24-008749-003/2024(H5N1)	1707	659
PB1|PP755595.1|A/cattle/Texas/24-008749-003/2024(H5N1)	1708	658
PB1|PP755595.1|A/cattle/Texas/24-008749-003/2024(H5N1)	1709	660
PB1|PP755595.1|A/cattle/Texas/24-008749-003/2024(H5N1)	1710	659
PB1|PP755595.1|A/cattle/Texas/24-008749-003/2024(H5N1)	1711	659
PB1|PP755595.1|A/cattle/Texas/24-008749-003/2024(H5N1)	1712	658
PB1|PP755595.1|A/cattle/Texas/24-008749-003/2024(H5N1)	1713	666
PB1|PP755595.1|A/cattle/Texas/24-008749-003/2024(H5N1)	1714	681
PB1|PP755595.1|A/cattle/Texas/24-008749-003/2024(H5N1)	1715	678
PB1|PP755595.1|A/cattle/Texas/24-008749-003/2024(H5N1)	1716	690
PB1|PP755595.1|A/cattle/Texas/24-008749-003/2024(H5N1)	1717	685
PB1|PP755595.1|A/cattle/Texas/24-008749-003/2024(H5N1)	1718	697
PB1|PP755595.1|A/cattle/Texas/24-008749-003/2024(H5N1)	1719	697
PB1|PP755595.1|A/cattle/Texas/24-008749-003/2024(H5N1)	1720	701
PB1|PP755595.1|A/cattle/Texas/24-008749-003/2024(H5N1)	1721	701
PB1|PP755595.1|A/cattle/Texas/24-008749-003/2024(H5N1)	1722	684
PB1|PP755595.1|A/cattle/Texas/24-008749-003/2024(H5N1)	1723	685
PB1|PP755595.1|A/cattle/Texas/24-008749-003/2024(H5N1)	1724	681
PB1|PP755595.1|A/cattle/Texas/24-008749-003/2024(H5N1)	1725	681
PB1|PP755595.1|A/cattle/Texas/24-008749-003/2024(H5N1)	1726	622
PB1|PP755595.1|A/cattle/Texas/24-008749-003/2024(H5N1)	1727	600
PB1|PP755595.1|A/cattle/Texas/24-008749-003/2024(H5N1)	1728	608
PB1|PP755595.1|A/cattle/Texas/24-008749-003/2024(H5N1)	1729	608
PB1|PP755595.1|A/cattle/Texas/24-008749-003/2024(H5N1)	1730	608
PB1|PP755595.1|A/cattle/Texas/24-008749-003/2024(H5N1)	1731	608
PB1|PP755595.1|A/cattle/Texas/24-008749-003/2024(H5N1)	1732	642
PB1|PP755595.1|A/cattle/Texas/24-008749-003/2024(H5N1)	1733	644
PB1|PP755595.1|A/cattle/Texas/24-008749-003/2024(H5N1)	1734	640
PB1|PP755595.1|A/cattle/Texas/24-008749-003/2024(H5N1)	1735	640
PB1|PP755595.1|A/cattle/Texas/24-008749-003/2024(H5N1)	1736	624
PB1|PP755595.1|A/cattle/Texas/24-008749-003/2024(H5N1)	1737	624
PB1|PP755595.1|A/cattle/Texas/24-008749-003/2024(H5N1)	1738	627
PB1|PP755595.1|A/cattle/Texas/24-008749-003/2024(H5N1)	1739	626
PB1|PP755595.1|A/cattle/Texas/24-008749-003/2024(H5N1)	1740	629
PB1|PP755595.1|A/cattle/Texas/24-008749-003/2024(H5N1)	1741	659
PB1|PP755595.1|A/cattle/Texas/24-008749-003/2024(H5N1)	1742	663
PB1|PP755595.1|A/cattle/Texas/24-008749-003/2024(H5N1)	1743	663
PB1|PP755595.1|A/cattle/Texas/24-008749-003/2024(H5N1)	1744	659
PB1|PP755595.1|A/cattle/Texas/24-008749-003/2024(H5N1)	1745	650
PB1|PP755595.1|A/cattle/Texas/24-008749-003/2024(H5N1)	1746	650
PB1|PP755595.1|A/cattle/Texas/24-008749-003/2024(H5N1)	1747	649
PB1|PP755595.1|A/cattle/Texas/24-008749-003/2024(H5N1)	1748	648
PB1|PP755595.1|A/cattle/Texas/24-008749-003/2024(H5N1)	1749	647
PB1|PP755595.1|A/cattle/Texas/24-008749-003/2024(H5N1)	1750	625
PB1|PP755595.1|A/cattle/Texas/24-008749-003/2024(H5N1)	1751	625
PB1|PP755595.1|A/cattle/Texas/24-008749-003/2024(H5N1)	1752	627
PB1|PP755595.1|A/cattle/Texas/24-008749-003/2024(H5N1)	1753	627
PB1|PP755595.1|A/cattle/Texas/24-008749-003/2024(H5N1)	1754	628
PB1|PP755595.1|A/cattle/Texas/24-008749-003/2024(H5N1)	1755	625
PB1|PP755595.1|A/cattle/Texas/24-008749-003/2024(H5N1)	1756	630
PB1|PP755595.1|A/cattle/Texas/24-008749-003/2024(H5N1)	1757	641
PB1|PP755595.1|A/cattle/Texas/24-008749-003/2024(H5N1)	1758	639
PB1|PP755595.1|A/cattle/Texas/24-008749-003/2024(H5N1)	1759	631
PB1|PP755595.1|A/cattle/Texas/24-008749-003/2024(H5N1)	1760	632
PB1|PP755595.1|A/cattle/Texas/24-008749-003/2024(H5N1)	1761	626
PB1|PP755595.1|A/cattle/Texas/24-008749-003/2024(H5N1)	1762	630
PB1|PP755595.1|A/cattle/Texas/24-008749-003/2024(H5N1)	1763	631
PB1|PP755595.1|A/cattle/Texas/24-008749-003/2024(H5N1)	1764	640
PB1|PP755595.1|A/cattle/Texas/24-008749-003/2024(H5N1)	1765	644
PB1|PP755595.1|A/cattle/Texas/24-008749-003/2024(H5N1)	1766	638
PB1|PP755595.1|A/cattle/Texas/24-008749-003/2024(H5N1)	1767	641
PB1|PP755595.1|A/cattle/Texas/24-008749-003/2024(H5N1)	1768	639
PB1|PP755595.1|A/cattle/Texas/24-008749-003/2024(H5N1)	1769	632
PB1|PP755595.1|A/cattle/Texas/24-008749-003/2024(H5N1)	1770	634
PB1|PP755595.1|A/cattle/Texas/24-008749-003/2024(H5N1)	1771	639
PB1|PP755595.1|A/cattle/Texas/24-008749-003/2024(H5N1)	1772	638
PB1|PP755595.1|A/cattle/Texas/24-008749-003/2024(H5N1)	1773	651
PB1|PP755595.1|A/cattle/Texas/24-008749-003/2024(H5N1)	1774	645
PB1|PP755595.1|A/cattle/Texas/24-008749-003/2024(H5N1)	1775	649
PB1|PP755595.1|A/cattle/Texas/24-008749-003/2024(H5N1)	1776	650
PB1|PP755595.1|A/cattle/Texas/24-008749-003/2024(H5N1)	1777	651
PB1|PP755595.1|A/cattle/Texas/24-008749-003/2024(H5N1)	1778	669
PB1|PP755595.1|A/cattle/Texas/24-008749-003/2024(H5N1)	1779	656
PB1|PP755595.1|A/cattle/Texas/24-008749-003/2024(H5N1)	1780	653
PB1|PP755595.1|A/cattle/Texas/24-008749-003/2024(H5N1)	1781	644
PB1|PP755595.1|A/cattle/Texas/24-008749-003/2024(H5N1)	1782	642
PB1|PP755595.1|A/cattle/Texas/24-008749-003/2024(H5N1)	1783	646
PB1|PP755595.1|A/cattle/Texas/24-008749-003/2024(H5N1)	1784	672
PB1|PP755595.1|A/cattle/Texas/24-008749-003/2024(H5N1)	1785	663
PB1|PP755595.1|A/cattle/Texas/24-008749-003/2024(H5N1)	1786	663
PB1|PP755595.1|A/cattle/Texas/24-008749-003/2024(H5N1)	1787	662
PB1|PP755595.1|A/cattle/Texas/24-008749-003/2024(H5N1)	1788	664
PB1|PP755595.1|A/cattle/Texas/24-008749-003/2024(H5N1)	1789	686
PB1|PP755595.1|A/cattle/Texas/24-008749-003/2024(H5N1)	1790	683
PB1|PP755595.1|A/cattle/Texas/24-008749-003/2024(H5N1)	1791	673
PB1|PP755595.1|A/cattle/Texas/24-008749-003/2024(H5N1)	1792	672
PB1|PP755595.1|A/cattle/Texas/24-008749-003/2024(H5N1)	1793	672
PB1|PP755595.1|A/cattle/Texas/24-008749-003/2024(H5N1)	1794	676
PB1|PP755595.1|A/cattle/Texas/24-008749-003/2024(H5N1)	1795	705
PB1|PP755595.1|A/cattle/Texas/24-008749-003/2024(H5N1)	1796	705
PB1|PP755595.1|A/cattle/Texas/24-008749-003/2024(H5N1)	1797	699
PB1|PP755595.1|A/cattle/Texas/24-008749-003/2024(H5N1)	1798	662
PB1|PP755595.1|A/cattle/Texas/24-008749-003/2024(H5N1)	1799	662
PB1|PP755595.1|A/cattle/Texas/24-008749-003/2024(H5N1)	1800	655
PB1|PP755595.1|A/cattle/Texas/24-008749-003/2024(H5N1)	1801	658
PB1|PP755595.1|A/cattle/Texas/24-008749-003/2024(H5N1)	1802	658
PB1|PP755595.1|A/cattle/Texas/24-008749-003/2024(H5N1)	1803	651
PB1|PP755595.1|A/cattle/Texas/24-008749-003/2024(H5N1)	1804	647
PB1|PP755595.1|A/cattle/Texas/24-008749-003/2024(H5N1)	1805	639
PB1|PP755595.1|A/cattle/Texas/24-008749-003/2024(H5N1)	1806	635
PB1|PP755595.1|A/cattle/Texas/24-008749-003/2024(H5N1)	1807	656
PB1|PP755595.1|A/cattle/Texas/24-008749-003/2024(H5N1)	1808	650
PB1|PP755595.1|A/cattle/Texas/24-008749-003/2024(H5N1)	1809	652
PB1|PP755595.1|A/cattle/Texas/24-008749-003/2024(H5N1)	1810	634
PB1|PP755595.1|A/cattle/Texas/24-008749-003/2024(H5N1)	1811	639
PB1|PP755595.1|A/cattle/Texas/24-008749-003/2024(H5N1)	1812	668
PB1|PP755595.1|A/cattle/Texas/24-008749-003/2024(H5N1)	1813	667
PB1|PP755595.1|A/cattle/Texas/24-008749-003/2024(H5N1)	1814	667
PB1|PP755595.1|A/cattle/Texas/24-008749-003/2024(H5N1)	1815	638
PB1|PP755595.1|A/cattle/Texas/24-008749-003/2024(H5N1)	1816	635
PB1|PP755595.1|A/cattle/Texas/24-008749-003/2024(H5N1)	1817	650
PB1|PP755595.1|A/cattle/Texas/24-008749-003/2024(H5N1)	1818	639
PB1|PP755595.1|A/cattle/Texas/24-008749-003/2024(H5N1)	1819	643
PB1|PP755595.1|A/cattle/Texas/24-008749-003/2024(H5N1)	1820	636
PB1|PP755595.1|A/cattle/Texas/24-008749-003/2024(H5N1)	1821	635
PB1|PP755595.1|A/cattle/Texas/24-008749-003/2024(H5N1)	1822	630
PB1|PP755595.1|A/cattle/Texas/24-008749-003/2024(H5N1)	1823	631
PB1|PP755595.1|A/cattle/Texas/24-008749-003/2024(H5N1)	1824	629
PB1|PP755595.1|A/cattle/Texas/24-008749-003/2024(H5N1)	1825	630
PB1|PP755595.1|A/cattle/Texas/24-008749-003/2024(H5N1)	1826	635
PB1|PP755595.1|A/cattle/Texas/24-008749-003/2024(H5N1)	1827	633
PB1|PP755595.1|A/cattle/Texas/24-008749-003/2024(H5N1)	1828	631
PB1|PP755595.1|A/cattle/Texas/24-008749-003/2024(H5N1)	1829	637
PB1|PP755595.1|A/cattle/Texas/24-008749-003/2024(H5N1)	1830	634
PB1|PP755595.1|A/cattle/Texas/24-008749-003/2024(H5N1)	1831	634
PB1|PP755595.1|A/cattle/Texas/24-008749-003/2024(H5N1)	1832	634
PB1|PP755595.1|A/cattle/Texas/24-008749-003/2024(H5N1)	1833	634
PB1|PP755595.1|A/cattle/Texas/24-008749-003/2024(H5N1)	1834	613
PB1|PP755595.1|A/cattle/Texas/24-008749-003/2024(H5N1)	1835	609
PB1|PP755595.1|A/cattle/Texas/24-008749-003/2024(H5N1)	1836	607
PB1|PP755595.1|A/cattle/Texas/24-008749-003/2024(H5N1)	1837	605
PB1|PP755595.1|A/cattle/Texas/24-008749-003/2024(H5N1)	1838	603
PB1|PP755595.1|A/cattle/Texas/24-008749-003/2024(H5N1)	1839	604
PB1|PP755595.1|A/cattle/Texas/24-008749-003/2024(H5N1)	1840	605
PB1|PP755595.1|A/cattle/Texas/24-008749-003/2024(H5N1)	1841	600
PB1|PP755595.1|A/cattle/Texas/24-008749-003/2024(H5N1)	1842	600
PB1|PP755595.1|A/cattle/Texas/24-008749-003/2024(H5N1)	1843	604
PB1|PP755595.1|A/cattle/Texas/24-008749-003/2024(H5N1)	1844	604
PB1|PP755595.1|A/cattle/Texas/24-008749-003/2024(H5N1)	1845	613
PB1|PP755595.1|A/cattle/Texas/24-008749-003/2024(H5N1)	1846	612
PB1|PP755595.1|A/cattle/Texas/24-008749-003/2024(H5N1)	1847	612
PB1|PP755595.1|A/cattle/Texas/24-008749-003/2024(H5N1)	1848	610
PB1|PP755595.1|A/cattle/Texas/24-008749-003/2024(H5N1)	1849	609
PB1|PP755595.1|A/cattle/Texas/24-008749-003/2024(H5N1)	1850	637
PB1|PP755595.1|A/cattle/Texas/24-008749-003/2024(H5N1)	1851	633
PB1|PP755595.1|A/cattle/Texas/24-008749-003/2024(H5N1)	1852	630
PB1|PP755595.1|A/cattle/Texas/24-008749-003/2024(H5N1)	1853	633
PB1|PP755595.1|A/cattle/Texas/24-008749-003/2024(H5N1)	1854	631
PB1|PP755595.1|A/cattle/Texas/24-008749-003/2024(H5N1)	1855	642
PB1|PP755595.1|A/cattle/Texas/24-008749-003/2024(H5N1)	1856	638
PB1|PP755595.1|A/cattle/Texas/24-008749-003/2024(H5N1)	1857	645
PB1|PP755595.1|A/cattle/Texas/24-008749-003/2024(H5N1)	1858	641
PB1|PP755595.1|A/cattle/Texas/24-008749-003/2024(H5N1)	1859	654
PB1|PP755595.1|A/cattle/Texas/24-008749-003/2024(H5N1)	1860	653
PB1|PP755595.1|A/cattle/Texas/24-008749-003/2024(H5N1)	1861	651
PB1|PP755595.1|A/cattle/Texas/24-008749-003/2024(H5N1)	1862	648
PB1|PP755595.1|A/cattle/Texas/24-008749-003/2024(H5N1)	1863	656
PB1|PP755595.1|A/cattle/Texas/24-008749-003/2024(H5N1)	1864	636
PB1|PP755595.1|A/cattle/Texas/24-008749-003/2024(H5N1)	1865	636
PB1|PP755595.1|A/cattle/Texas/24-008749-003/2024(H5N1)	1866	616
PB1|PP755595.1|A/cattle/Texas/24-008749-003/2024(H5N1)	1867	616
PB1|PP755595.1|A/cattle/Texas/24-008749-003/2024(H5N1)	1868	615
PB1|PP755595.1|A/cattle/Texas/24-008749-003/2024(H5N1)	1869	614
PB1|PP755595.1|A/cattle/Texas/24-008749-003/2024(H5N1)	1870	628
PB1|PP755595.1|A/cattle/Texas/24-008749-003/2024(H5N1)	1871	624
PB1|PP755595.1|A/cattle/Texas/24-008749-003/2024(H5N1)	1872	626
PB1|PP755595.1|A/cattle/Texas/24-008749-003/2024(H5N1)	1873	636
PB1|PP755595.1|A/cattle/Texas/24-008749-003/2024(H5N1)	1874	658
PB1|PP755595.1|A/cattle/Texas/24-008749-003/2024(H5N1)	1875	660
PB1|PP755595.1|A/cattle/Texas/24-008749-003/2024(H5N1)	1876	660
PB1|PP755595.1|A/cattle/Texas/24-008749-003/2024(H5N1)	1877	657
PB1|PP755595.1|A/cattle/Texas/24-008749-003/2024(H5N1)	1878	652
PB1|PP755595.1|A/cattle/Texas/24-008749-003/2024(H5N1)	1879	652
PB1|PP755595.1|A/cattle/Texas/24-008749-003/2024(H5N1)	1880	676
PB1|PP755595.1|A/cattle/Texas/24-008749-003/2024(H5N1)	1881	659
PB1|PP755595.1|A/cattle/Texas/24-008749-003/2024(H5N1)	1882	659
PB1|PP755595.1|A/cattle/Texas/24-008749-003/2024(H5N1)	1883	640
PB1|PP755595.1|A/cattle/Texas/24-008749-003/2024(H5N1)	1884	641
PB1|PP755595.1|A/cattle/Texas/24-008749-003/2024(H5N1)	1885	643
PB1|PP755595.1|A/cattle/Texas/24-008749-003/2024(H5N1)	1886	643
PB1|PP755595.1|A/cattle/Texas/24-008749-003/2024(H5N1)	1887	642
PB1|PP755595.1|A/cattle/Texas/24-008749-003/2024(H5N1)	1888	639
PB1|PP755595.1|A/cattle/Texas/24-008749-003/2024(H5N1)	1889	629
PB1|PP755595.1|A/cattle/Texas/24-008749-003/2024(H5N1)	1890	628
PB1|PP755595.1|A/cattle/Texas/24-008749-003/2024(H5N1)	1891	634
PB1|PP755595.1|A/cattle/Texas/24-008749-003/2024(H5N1)	1892	610
PB1|PP755595.1|A/cattle/Texas/24-008749-003/2024(H5N1)	1893	606
PB1|PP755595.1|A/cattle/Texas/24-008749-003/2024(H5N1)	1894	606
PB1|PP755595.1|A/cattle/Texas/24-008749-003/2024(H5N1)	1895	606
PB1|PP755595.1|A/cattle/Texas/24-008749-003/2024(H5N1)	1896	606
PB1|PP755595.1|A/cattle/Texas/24-008749-003/2024(H5N1)	1897	606
PB1|PP755595.1|A/cattle/Texas/24-008749-003/2024(H5N1)	1898	606
PB1|PP755595.1|A/cattle/Texas/24-008749-003/2024(H5N1)	1899	610
PB1|PP755595.1|A/cattle/Texas/24-008749-003/2024(H5N1)	1900	609
PB1|PP755595.1|A/cattle/Texas/24-008749-003/2024(H5N1)	1901	609
PB1|PP755595.1|A/cattle/Texas/24-008749-003/2024(H5N1)	1902	609
PB1|PP755595.1|A/cattle/Texas/24-008749-003/2024(H5N1)	1903	610
PB1|PP755595.1|A/cattle/Texas/24-008749-003/2024(H5N1)	1904	622
PB1|PP755595.1|A/cattle/Texas/24-008749-003/2024(H5N1)	1905	621
PB1|PP755595.1|A/cattle/Texas/24-008749-003/2024(H5N1)	1906	633
PB1|PP755595.1|A/cattle/Texas/24-008749-003/2024(H5N1)	1907	633
PB1|PP755595.1|A/cattle/Texas/24-008749-003/2024(H5N1)	1908	622
PB1|PP755595.1|A/cattle/Texas/24-008749-003/2024(H5N1)	1909	628
PB1|PP755595.1|A/cattle/Texas/24-008749-003/2024(H5N1)	1910	627
PB1|PP755595.1|A/cattle/Texas/24-008749-003/2024(H5N1)	1911	622
PB1|PP755595.1|A/cattle/Texas/24-008749-003/2024(H5N1)	1912	623
PB1|PP755595.1|A/cattle/Texas/24-008749-003/2024(H5N1)	1913	622
PB1|PP755595.1|A/cattle/Texas/24-008749-003/2024(H5N1)	1914	630
PB1|PP755595.1|A/cattle/Texas/24-008749-003/2024(H5N1)	1915	621
PB1|PP755595.1|A/cattle/Texas/24-008749-003/2024(H5N1)	1916	612
PB1|PP755595.1|A/cattle/Texas/24-008749-003/2024(H5N1)	1917	609
PB1|PP755595.1|A/cattle/Texas/24-008749-003/2024(H5N1)	1918	612
PB1|PP755595.1|A/cattle/Texas/24-008749-003/2024(H5N1)	1919	612
PB1|PP755595.1|A/cattle/Texas/24-008749-003/2024(H5N1)	1920	626
PB1|PP755595.1|A/cattle/Texas/24-008749-003/2024(H5N1)	1921	635
PB1|PP755595.1|A/cattle/Texas/24-008749-003/2024(H5N1)	1922	630
PB1|PP755595.1|A/cattle/Texas/24-008749-003/2024(H5N1)	1923	652
PB1|PP755595.1|A/cattle/Texas/24-008749-003/2024(H5N1)	1924	640
PB1|PP755595.1|A/cattle/Texas/24-008749-003/2024(H5N1)	1925	661
PB1|PP755595.1|A/cattle/Texas/24-008749-003/2024(H5N1)	1926	658
PB1|PP755595.1|A/cattle/Texas/24-008749-003/2024(H5N1)	1927	663
PB1|PP755595.1|A/cattle/Texas/24-008749-003/2024(H5N1)	1928	661
PB1|PP755595.1|A/cattle/Texas/24-008749-003/2024(H5N1)	1929	646
PB1|PP755595.1|A/cattle/Texas/24-008749-003/2024(H5N1)	1930	652
PB1|PP755595.1|A/cattle/Texas/24-008749-003/2024(H5N1)	1931	659
PB1|PP755595.1|A/cattle/Texas/24-008749-003/2024(H5N1)	1932	665
PB1|PP755595.1|A/cattle/Texas/24-008749-003/2024(H5N1)	1933	665
PB1|PP755595.1|A/cattle/Texas/24-008749-003/2024(H5N1)	1934	646
PB1|PP755595.1|A/cattle/Texas/24-008749-003/2024(H5N1)	1935	635
PB1|PP755595.1|A/cattle/Texas/24-008749-003/2024(H5N1)	1936	633
PB1|PP755595.1|A/cattle/Texas/24-008749-003/2024(H5N1)	1937	641
PB1|PP755595.1|A/cattle/Texas/24-008749-003/2024(H5N1)	1938	641
PB1|PP755595.1|A/cattle/Texas/24-008749-003/2024(H5N1)	1939	617
PB1|PP755595.1|A/cattle/Texas/24-008749-003/2024(H5N1)	1940	617
PB1|PP755595.1|A/cattle/Texas/24-008749-003/2024(H5N1)	1941	612
PB1|PP755595.1|A/cattle/Texas/24-008749-003/2024(H5N1)	1942	613
PB1|PP755595.1|A/cattle/Texas/24-008749-003/2024(H5N1)	1943	615
PB1|PP755595.1|A/cattle/Texas/24-008749-003/2024(H5N1)	1944	610
PB1|PP755595.1|A/cattle/Texas/24-008749-003/2024(H5N1)	1945	609
PB1|PP755595.1|A/cattle/Texas/24-008749-003/2024(H5N1)	1946	581
PB1|PP755595.1|A/cattle/Texas/24-008749-003/2024(H5N1)	1947	579
PB1|PP755595.1|A/cattle/Texas/24-008749-003/2024(H5N1)	1948	579
PB1|PP755595.1|A/cattle/Texas/24-008749-003/2024(H5N1)	1949	583
PB1|PP755595.1|A/cattle/Texas/24-008749-003/2024(H5N1)	1950	584
PB1|PP755595.1|A/cattle/Texas/24-008749-003/2024(H5N1)	1951	572
PB1|PP755595.1|A/cattle/Texas/24-008749-003/2024(H5N1)	1952	571
PB1|PP755595.1|A/cattle/Texas/24-008749-003/2024(H5N1)	1953	577
PB1|PP755595.1|A/cattle/Texas/24-008749-003/2024(H5N1)	1954	582
PB1|PP755595.1|A/cattle/Texas/24-008749-003/2024(H5N1)	1955	584
PB1|PP755595.1|A/cattle/Texas/24-008749-003/2024(H5N1)	1956	577
PB1|PP755595.1|A/cattle/Texas/24-008749-003/2024(H5N1)	1957	577
PB1|PP755595.1|A/cattle/Texas/24-008749-003/2024(H5N1)	1958	556
PB1|PP755595.1|A/cattle/Texas/24-008749-003/2024(H5N1)	1959	563
PB1|PP755595.1|A/cattle/Texas/24-008749-003/2024(H5N1)	1960	566
PB1|PP755595.1|A/cattle/Texas/24-008749-003/2024(H5N1)	1961	568
PB1|PP755595.1|A/cattle/Texas/24-008749-003/2024(H5N1)	1962	563
PB1|PP755595.1|A/cattle/Texas/24-008749-003/2024(H5N1)	1963	559
PB1|PP755595.1|A/cattle/Texas/24-008749-003/2024(H5N1)	1964	561
PB1|PP755595.1|A/cattle/Texas/24-008749-003/2024(H5N1)	1965	562
PB1|PP755595.1|A/cattle/Texas/24-008749-003/2024(H5N1)	1966	577
PB1|PP755595.1|A/cattle/Texas/24-008749-003/2024(H5N1)	1967	584
PB1|PP755595.1|A/cattle/Texas/24-008749-003/2024(H5N1)	1968	593
PB1|PP755595.1|A/cattle/Texas/24-008749-003/2024(H5N1)	1969	593
PB1|PP755595.1|A/cattle/Texas/24-008749-003/2024(H5N1)	1970	591
PB1|PP755595.1|A/cattle/Texas/24-008749-003/2024(H5N1)	1971	592
PB1|PP755595.1|A/cattle/Texas/24-008749-003/2024(H5N1)	1972	589
PB1|PP755595.1|A/cattle/Texas/24-008749-003/2024(H5N1)	1973	609
PB1|PP755595.1|A/cattle/Texas/24-008749-003/2024(H5N1)	1974	608
PB1|PP755595.1|A/cattle/Texas/24-008749-003/2024(H5N1)	1975	592
PB1|PP755595.1|A/cattle/Texas/24-008749-003/2024(H5N1)	1976	585
PB1|PP755595.1|A/cattle/Texas/24-008749-003/2024(H5N1)	1977	579
PB1|PP755595.1|A/cattle/Texas/24-008749-003/2024(H5N1)	1978	587
PB1|PP755595.1|A/cattle/Texas/24-008749-003/2024(H5N1)	1979	588
PB1|PP755595.1|A/cattle/Texas/24-008749-003/2024(H5N1)	1980	592
PB1|PP755595.1|A/cattle/Texas/24-008749-003/2024(H5N1)	1981	592
PB1|PP755595.1|A/cattle/Texas/24-008749-003/2024(H5N1)	1982	592
PB1|PP755595.1|A/cattle/Texas/24-008749-003/2024(H5N1)	1983	593
PB1|PP755595.1|A/cattle/Texas/24-008749-003/2024(H5N1)	1984	592
PB1|PP755595.1|A/cattle/Texas/24-008749-003/2024(H5N1)	1985	591
PB1|PP755595.1|A/cattle/Texas/24-008749-003/2024(H5N1)	1986	591
PB1|PP755595.1|A/cattle/Texas/24-008749-003/2024(H5N1)	1987	592
PB1|PP755595.1|A/cattle/Texas/24-008749-003/2024(H5N1)	1988	592
PB1|PP755595.1|A/cattle/Texas/24-008749-003/2024(H5N1)	1989	588
PB1|PP755595.1|A/cattle/Texas/24-008749-003/2024(H5N1)	1990	588
PB1|PP755595.1|A/cattle/Texas/24-008749-003/2024(H5N1)	1991	591
PB1|PP755595.1|A/cattle/Texas/24-008749-003/2024(H5N1)	1992	608
PB1|PP755595.1|A/cattle/Texas/24-008749-003/2024(H5N1)	1993	609
PB1|PP755595.1|A/cattle/Texas/24-008749-003/2024(H5N1)	1994	611
PB1|PP755595.1|A/cattle/Texas/24-008749-003/2024(H5N1)	1995	610
PB1|PP755595.1|A/cattle/Texas/24-008749-003/2024(H5N1)	1996	608
PB1|PP755595.1|A/cattle/Texas/24-008749-003/2024(H5N1)	1997	608
PB1|PP755595.1|A/cattle/Texas/24-008749-003/2024(H5N1)	1998	609
PB1|PP755595.1|A/cattle/Texas/24-008749-003/2024(H5N1)	1999	609
PB1|PP755595.1|A/cattle/Texas/24-008749-003/2024(H5N1)	2000	617
PB1|PP755595.1|A/cattle/Texas/24-008749-003/2024(H5N1)	2001	611
PB1|PP755595.1|A/cattle/Texas/24-008749-003/2024(H5N1)	2002	610
PB1|PP755595.1|A/cattle/Texas/24-008749-003/2024(H5N1)	2003	603
PB1|PP755595.1|A/cattle/Texas/24-008749-003/2024(H5N1)	2004	603
PB1|PP755595.1|A/cattle/Texas/24-008749-003/2024(H5N1)	2005	603
PB1|PP755595.1|A/cattle/Texas/24-008749-003/2024(H5N1)	2006	594
PB1|PP755595.1|A/cattle/Texas/24-008749-003/2024(H5N1)	2007	594
PB1|PP755595.1|A/cattle/Texas/24-008749-003/2024(H5N1)	2008	589
PB1|PP755595.1|A/cattle/Texas/24-008749-003/2024(H5N1)	2009	589
PB1|PP755595.1|A/cattle/Texas/24-008749-003/2024(H5N1)	2010	585
PB1|PP755595.1|A/cattle/Texas/24-008749-003/2024(H5N1)	2011	583
PB1|PP755595.1|A/cattle/Texas/24-008749-003/2024(H5N1)	2012	600
PB1|PP755595.1|A/cattle/Texas/24-008749-003/2024(H5N1)	2013	594
PB1|PP755595.1|A/cattle/Texas/24-008749-003/2024(H5N1)	2014	598
PB1|PP755595.1|A/cattle/Texas/24-008749-003/2024(H5N1)	2015	601
PB1|PP755595.1|A/cattle/Texas/24-008749-003/2024(H5N1)	2016	582
PB1|PP755595.1|A/cattle/Texas/24-008749-003/2024(H5N1)	2017	583
PB1|PP755595.1|A/cattle/Texas/24-008749-003/2024(H5N1)	2018	581
PB1|PP755595.1|A/cattle/Texas/24-008749-003/2024(H5N1)	2019	555
PB1|PP755595.1|A/cattle/Texas/24-008749-003/2024(H5N1)	2020	562
PB1|PP755595.1|A/cattle/Texas/24-008749-003/2024(H5N1)	2021	566
PB1|PP755595.1|A/cattle/Texas/24-008749-003/2024(H5N1)	2022	569
PB1|PP755595.1|A/cattle/Texas/24-008749-003/2024(H5N1)	2023	557
PB1|PP755595.1|A/cattle/Texas/24-008749-003/2024(H5N1)	2024	548
PB1|PP755595.1|A/cattle/Texas/24-008749-003/2024(H5N1)	2025	550
PB1|PP755595.1|A/cattle/Texas/24-008749-003/2024(H5N1)	2026	559
PB1|PP755595.1|A/cattle/Texas/24-008749-003/2024(H5N1)	2027	567
PB1|PP755595.1|A/cattle/Texas/24-008749-003/2024(H5N1)	2028	565
PB1|PP755595.1|A/cattle/Texas/24-008749-003/2024(H5N1)	2029	561
PB1|PP755595.1|A/cattle/Texas/24-008749-003/2024(H5N1)	2030	554
PB1|PP755595.1|A/cattle/Texas/24-008749-003/2024(H5N1)	2031	540
PB1|PP755595.1|A/cattle/Texas/24-008749-003/2024(H5N1)	2032	545
PB1|PP755595.1|A/cattle/Texas/24-008749-003/2024(H5N1)	2033	538
PB1|PP755595.1|A/cattle/Texas/24-008749-003/2024(H5N1)	2034	535
PB1|PP755595.1|A/cattle/Texas/24-008749-003/2024(H5N1)	2035	535
PB1|PP755595.1|A/cattle/Texas/24-008749-003/2024(H5N1)	2036	532
PB1|PP755595.1|A/cattle/Texas/24-008749-003/2024(H5N1)	2037	532
PB1|PP755595.1|A/cattle/Texas/24-008749-003/2024(H5N1)	2038	531
PB1|PP755595.1|A/cattle/Texas/24-008749-003/2024(H5N1)	2039	532
PB1|PP755595.1|A/cattle/Texas/24-008749-003/2024(H5N1)	2040	531
PB1|PP755595.1|A/cattle/Texas/24-008749-003/2024(H5N1)	2041	530
PB1|PP755595.1|A/cattle/Texas/24-008749-003/2024(H5N1)	2042	524
PB1|PP755595.1|A/cattle/Texas/24-008749-003/2024(H5N1)	2043	527
PB1|PP755595.1|A/cattle/Texas/24-008749-003/2024(H5N1)	2044	527
PB1|PP755595.1|A/cattle/Texas/24-008749-003/2024(H5N1)	2045	531
PB1|PP755595.1|A/cattle/Texas/24-008749-003/2024(H5N1)	2046	533
PB1|PP755595.1|A/cattle/Texas/24-008749-003/2024(H5N1)	2047	532
PB1|PP755595.1|A/cattle/Texas/24-008749-003/2024(H5N1)	2048	529
PB1|PP755595.1|A/cattle/Texas/24-008749-003/2024(H5N1)	2049	529
PB1|PP755595.1|A/cattle/Texas/24-008749-003/2024(H5N1)	2050	529
PB1|PP755595.1|A/cattle/Texas/24-008749-003/2024(H5N1)	2051	534
PB1|PP755595.1|A/cattle/Texas/24-008749-003/2024(H5N1)	2052	534
PB1|PP755595.1|A/cattle/Texas/24-008749-003/2024(H5N1)	2053	532
PB1|PP755595.1|A/cattle/Texas/24-008749-003/2024(H5N1)	2054	529
PB1|PP755595.1|A/cattle/Texas/24-008749-003/2024(H5N1)	2055	517
PB1|PP755595.1|A/cattle/Texas/24-008749-003/2024(H5N1)	2056	519
PB1|PP755595.1|A/cattle/Texas/24-008749-003/2024(H5N1)	2057	504
PB1|PP755595.1|A/cattle/Texas/24-008749-003/2024(H5N1)	2058	504
PB1|PP755595.1|A/cattle/Texas/24-008749-003/2024(H5N1)	2059	502
PB1|PP755595.1|A/cattle/Texas/24-008749-003/2024(H5N1)	2060	497
PB1|PP755595.1|A/cattle/Texas/24-008749-003/2024(H5N1)	2061	508
PB1|PP755595.1|A/cattle/Texas/24-008749-003/2024(H5N1)	2062	538
PB1|PP755595.1|A/cattle/Texas/24-008749-003/2024(H5N1)	2063	542
PB1|PP755595.1|A/cattle/Texas/24-008749-003/2024(H5N1)	2064	549
PB1|PP755595.1|A/cattle/Texas/24-008749-003/2024(H5N1)	2065	559
PB1|PP755595.1|A/cattle/Texas/24-008749-003/2024(H5N1)	2066	558
PB1|PP755595.1|A/cattle/Texas/24-008749-003/2024(H5N1)	2067	559
PB1|PP755595.1|A/cattle/Texas/24-008749-003/2024(H5N1)	2068	558
PB1|PP755595.1|A/cattle/Texas/24-008749-003/2024(H5N1)	2069	560
PB1|PP755595.1|A/cattle/Texas/24-008749-003/2024(H5N1)	2070	553
PB1|PP755595.1|A/cattle/Texas/24-008749-003/2024(H5N1)	2071	541
PB1|PP755595.1|A/cattle/Texas/24-008749-003/2024(H5N1)	2072	530
PB1|PP755595.1|A/cattle/Texas/24-008749-003/2024(H5N1)	2073	530
PB1|PP755595.1|A/cattle/Texas/24-008749-003/2024(H5N1)	2074	515
PB1|PP755595.1|A/cattle/Texas/24-008749-003/2024(H5N1)	2075	517
PB1|PP755595.1|A/cattle/Texas/24-008749-003/2024(H5N1)	2076	488
PB1|PP755595.1|A/cattle/Texas/24-008749-003/2024(H5N1)	2077	485
PB1|PP755595.1|A/cattle/Texas/24-008749-003/2024(H5N1)	2078	485
PB1|PP755595.1|A/cattle/Texas/24-008749-003/2024(H5N1)	2079	485
PB1|PP755595.1|A/cattle/Texas/24-008749-003/2024(H5N1)	2080	487
PB1|PP755595.1|A/cattle/Texas/24-008749-003/2024(H5N1)	2081	481
PB1|PP755595.1|A/cattle/Texas/24-008749-003/2024(H5N1)	2082	473
PB1|PP755595.1|A/cattle/Texas/24-008749-003/2024(H5N1)	2083	469
PB1|PP755595.1|A/cattle/Texas/24-008749-003/2024(H5N1)	2084	469
PB1|PP755595.1|A/cattle/Texas/24-008749-003/2024(H5N1)	2085	472
PB1|PP755595.1|A/cattle/Texas/24-008749-003/2024(H5N1)	2086	474
PB1|PP755595.1|A/cattle/Texas/24-008749-003/2024(H5N1)	2087	475
PB1|PP755595.1|A/cattle/Texas/24-008749-003/2024(H5N1)	2088	470
PB1|PP755595.1|A/cattle/Texas/24-008749-003/2024(H5N1)	2089	470
PB1|PP755595.1|A/cattle/Texas/24-008749-003/2024(H5N1)	2090	470
PB1|PP755595.1|A/cattle/Texas/24-008749-003/2024(H5N1)	2091	470
PB1|PP755595.1|A/cattle/Texas/24-008749-003/2024(H5N1)	2092	469
PB1|PP755595.1|A/cattle/Texas/24-008749-003/2024(H5N1)	2093	462
PB1|PP755595.1|A/cattle/Texas/24-008749-003/2024(H5N1)	2094	463
PB1|PP755595.1|A/cattle/Texas/24-008749-003/2024(H5N1)	2095	463
PB1|PP755595.1|A/cattle/Texas/24-008749-003/2024(H5N1)	2096	475
PB1|PP755595.1|A/cattle/Texas/24-008749-003/2024(H5N1)	2097	476
PB1|PP755595.1|A/cattle/Texas/24-008749-003/2024(H5N1)	2098	480
PB1|PP755595.1|A/cattle/Texas/24-008749-003/2024(H5N1)	2099	482
PB1|PP755595.1|A/cattle/Texas/24-008749-003/2024(H5N1)	2100	477
PB1|PP755595.1|A/cattle/Texas/24-008749-003/2024(H5N1)	2101	478
PB1|PP755595.1|A/cattle/Texas/24-008749-003/2024(H5N1)	2102	472
PB1|PP755595.1|A/cattle/Texas/24-008749-003/2024(H5N1)	2103	470
PB1|PP755595.1|A/cattle/Texas/24-008749-003/2024(H5N1)	2104	470
PB1|PP755595.1|A/cattle/Texas/24-008749-003/2024(H5N1)	2105	449
PB1|PP755595.1|A/cattle/Texas/24-008749-003/2024(H5N1)	2106	482
PB1|PP755595.1|A/cattle/Texas/24-008749-003/2024(H5N1)	2107	478
PB1|PP755595.1|A/cattle/Texas/24-008749-003/2024(H5N1)	2108	480
PB1|PP755595.1|A/cattle/Texas/24-008749-003/2024(H5N1)	2109	478
PB1|PP755595.1|A/cattle/Texas/24-008749-003/2024(H5N1)	2110	476
PB1|PP755595.1|A/cattle/Texas/24-008749-003/2024(H5N1)	2111	473
PB1|PP755595.1|A/cattle/Texas/24-008749-003/2024(H5N1)	2112	478
PB1|PP755595.1|A/cattle/Texas/24-008749-003/2024(H5N1)	2113	478
PB1|PP755595.1|A/cattle/Texas/24-008749-003/2024(H5N1)	2114	483
PB1|PP755595.1|A/cattle/Texas/24-008749-003/2024(H5N1)	2115	484
PB1|PP755595.1|A/cattle/Texas/24-008749-003/2024(H5N1)	2116	478
PB1|PP755595.1|A/cattle/Texas/24-008749-003/2024(H5N1)	2117	466
PB1|PP755595.1|A/cattle/Texas/24-008749-003/2024(H5N1)	2118	477
PB1|PP755595.1|A/cattle/Texas/24-008749-003/2024(H5N1)	2119	451
PB1|PP755595.1|A/cattle/Texas/24-008749-003/2024(H5N1)	2120	451
PB1|PP755595.1|A/cattle/Texas/24-008749-003/2024(H5N1)	2121	447
PB1|PP755595.1|A/cattle/Texas/24-008749-003/2024(H5N1)	2122	449
PB1|PP755595.1|A/cattle/Texas/24-008749-003/2024(H5N1)	2123	430
PB1|PP755595.1|A/cattle/Texas/24-008749-003/2024(H5N1)	2124	428
PB1|PP755595.1|A/cattle/Texas/24-008749-003/2024(H5N1)	2125	430
PB1|PP755595.1|A/cattle/Texas/24-008749-003/2024(H5N1)	2126	429
PB1|PP755595.1|A/cattle/Texas/24-008749-003/2024(H5N1)	2127	429
PB1|PP755595.1|A/cattle/Texas/24-008749-003/2024(H5N1)	2128	429
PB1|PP755595.1|A/cattle/Texas/24-008749-003/2024(H5N1)	2129	419
PB1|PP755595.1|A/cattle/Texas/24-008749-003/2024(H5N1)	2130	419
PB1|PP755595.1|A/cattle/Texas/24-008749-003/2024(H5N1)	2131	415
PB1|PP755595.1|A/cattle/Texas/24-008749-003/2024(H5N1)	2132	414
PB1|PP755595.1|A/cattle/Texas/24-008749-003/2024(H5N1)	2133	413
PB1|PP755595.1|A/cattle/Texas/24-008749-003/2024(H5N1)	2134	424
PB1|PP755595.1|A/cattle/Texas/24-008749-003/2024(H5N1)	2135	428
PB1|PP755595.1|A/cattle/Texas/24-008749-003/2024(H5N1)	2136	430
PB1|PP755595.1|A/cattle/Texas/24-008749-003/2024(H5N1)	2137	428
PB1|PP755595.1|A/cattle/Texas/24-008749-003/2024(H5N1)	2138	426
PB1|PP755595.1|A/cattle/Texas/24-008749-003/2024(H5N1)	2139	428
PB1|PP755595.1|A/cattle/Texas/24-008749-003/2024(H5N1)	2140	491
PB1|PP755595.1|A/cattle/Texas/24-008749-003/2024(H5N1)	2141	490
PB1|PP755595.1|A/cattle/Texas/24-008749-003/2024(H5N1)	2142	487
PB1|PP755595.1|A/cattle/Texas/24-008749-003/2024(H5N1)	2143	466
PB1|PP755595.1|A/cattle/Texas/24-008749-003/2024(H5N1)	2144	465
PB1|PP755595.1|A/cattle/Texas/24-008749-003/2024(H5N1)	2145	460
PB1|PP755595.1|A/cattle/Texas/24-008749-003/2024(H5N1)	2146	460
PB1|PP755595.1|A/cattle/Texas/24-008749-003/2024(H5N1)	2147	454
PB1|PP755595.1|A/cattle/Texas/24-008749-003/2024(H5N1)	2148	456
PB1|PP755595.1|A/cattle/Texas/24-008749-003/2024(H5N1)	2149	455
PB1|PP755595.1|A/cattle/Texas/24-008749-003/2024(H5N1)	2150	457
PB1|PP755595.1|A/cattle/Texas/24-008749-003/2024(H5N1)	2151	446
PB1|PP755595.1|A/cattle/Texas/24-008749-003/2024(H5N1)	2152	424
PB1|PP755595.1|A/cattle/Texas/24-008749-003/2024(H5N1)	2153	424
PB1|PP755595.1|A/cattle/Texas/24-008749-003/2024(H5N1)	2154	425
PB1|PP755595.1|A/cattle/Texas/24-008749-003/2024(H5N1)	2155	425
PB1|PP755595.1|A/cattle/Texas/24-008749-003/2024(H5N1)	2156	431
PB1|PP755595.1|A/cattle/Texas/24-008749-003/2024(H5N1)	2157	430
PB1|PP755595.1|A/cattle/Texas/24-008749-003/2024(H5N1)	2158	430
PB1|PP755595.1|A/cattle/Texas/24-008749-003/2024(H5N1)	2159	427
PB1|PP755595.1|A/cattle/Texas/24-008749-003/2024(H5N1)	2160	420
PB1|PP755595.1|A/cattle/Texas/24-008749-003/2024(H5N1)	2161	418
PB1|PP755595.1|A/cattle/Texas/24-008749-003/2024(H5N1)	2162	418
PB1|PP755595.1|A/cattle/Texas/24-008749-003/2024(H5N1)	2163	404
PB1|PP755595.1|A/cattle/Texas/24-008749-003/2024(H5N1)	2164	404
PB1|PP755595.1|A/cattle/Texas/24-008749-003/2024(H5N1)	2165	395
PB1|PP755595.1|A/cattle/Texas/24-008749-003/2024(H5N1)	2166	458
PB1|PP755595.1|A/cattle/Texas/24-008749-003/2024(H5N1)	2167	472
PB1|PP755595.1|A/cattle/Texas/24-008749-003/2024(H5N1)	2168	471
PB1|PP755595.1|A/cattle/Texas/24-008749-003/2024(H5N1)	2169	482
PB1|PP755595.1|A/cattle/Texas/24-008749-003/2024(H5N1)	2170	482
PB1|PP755595.1|A/cattle/Texas/24-008749-003/2024(H5N1)	2171	489
PB1|PP755595.1|A/cattle/Texas/24-008749-003/2024(H5N1)	2172	483
PB1|PP755595.1|A/cattle/Texas/24-008749-003/2024(H5N1)	2173	477
PB1|PP755595.1|A/cattle/Texas/24-008749-003/2024(H5N1)	2174	477
PB1|PP755595.1|A/cattle/Texas/24-008749-003/2024(H5N1)	2175	479
PB1|PP755595.1|A/cattle/Texas/24-008749-003/2024(H5N1)	2176	477
PB1|PP755595.1|A/cattle/Texas/24-008749-003/2024(H5N1)	2177	466
PB1|PP755595.1|A/cattle/Texas/24-008749-003/2024(H5N1)	2178	466
PB1|PP755595.1|A/cattle/Texas/24-008749-003/2024(H5N1)	2179	468
PB1|PP755595.1|A/cattle/Texas/24-008749-003/2024(H5N1)	2180	468
PB1|PP755595.1|A/cattle/Texas/24-008749-003/2024(H5N1)	2181	470
PB1|PP755595.1|A/cattle/Texas/24-008749-003/2024(H5N1)	2182	470
PB1|PP755595.1|A/cattle/Texas/24-008749-003/2024(H5N1)	2183	465
PB1|PP755595.1|A/cattle/Texas/24-008749-003/2024(H5N1)	2184	465
PB1|PP755595.1|A/cattle/Texas/24-008749-003/2024(H5N1)	2185	465
PB1|PP755595.1|A/cattle/Texas/24-008749-003/2024(H5N1)	2186	465
PB1|PP755595.1|A/cattle/Texas/24-008749-003/2024(H5N1)	2187	465
PB1|PP755595.1|A/cattle/Texas/24-008749-003/2024(H5N1)	2188	465
PB1|PP755595.1|A/cattle/Texas/24-008749-003/2024(H5N1)	2189	465
PB1|PP755595.1|A/cattle/Texas/24-008749-003/2024(H5N1)	2190	462
PB1|PP755595.1|A/cattle/Texas/24-008749-003/2024(H5N1)	2191	462
PB1|PP755595.1|A/cattle/Texas/24-008749-003/2024(H5N1)	2192	464
PB1|PP755595.1|A/cattle/Texas/24-008749-003/2024(H5N1)	2193	464
PB1|PP755595.1|A/cattle/Texas/24-008749-003/2024(H5N1)	2194	460
PB1|PP755595.1|A/cattle/Texas/24-008749-003/2024(H5N1)	2195	458
PB1|PP755595.1|A/cattle/Texas/24-008749-003/2024(H5N1)	2196	454
PB1|PP755595.1|A/cattle/Texas/24-008749-003/2024(H5N1)	2197	454
PB1|PP755595.1|A/cattle/Texas/24-008749-003/2024(H5N1)	2198	454
PB1|PP755595.1|A/cattle/Texas/24-008749-003/2024(H5N1)	2199	454
PB1|PP755595.1|A/cattle/Texas/24-008749-003/2024(H5N1)	2200	454
PB1|PP755595.1|A/cattle/Texas/24-008749-003/2024(H5N1)	2201	447
PB1|PP755595.1|A/cattle/Texas/24-008749-003/2024(H5N1)	2202	455
PB1|PP755595.1|A/cattle/Texas/24-008749-003/2024(H5N1)	2203	455
PB1|PP755595.1|A/cattle/Texas/24-008749-003/2024(H5N1)	2204	454
PB1|PP755595.1|A/cattle/Texas/24-008749-003/2024(H5N1)	2205	454
PB1|PP755595.1|A/cattle/Texas/24-008749-003/2024(H5N1)	2206	451
PB1|PP755595.1|A/cattle/Texas/24-008749-003/2024(H5N1)	2207	451
PB1|PP755595.1|A/cattle/Texas/24-008749-003/2024(H5N1)	2208	453
PB1|PP755595.1|A/cattle/Texas/24-008749-003/2024(H5N1)	2209	453
PB1|PP755595.1|A/cattle/Texas/24-008749-003/2024(H5N1)	2210	450
PB1|PP755595.1|A/cattle/Texas/24-008749-003/2024(H5N1)	2211	418
PB1|PP755595.1|A/cattle/Texas/24-008749-003/2024(H5N1)	2212	408
PB1|PP755595.1|A/cattle/Texas/24-008749-003/2024(H5N1)	2213	407
PB1|PP755595.1|A/cattle/Texas/24-008749-003/2024(H5N1)	2214	402
PB1|PP755595.1|A/cattle/Texas/24-008749-003/2024(H5N1)	2215	398
PB1|PP755595.1|A/cattle/Texas/24-008749-003/2024(H5N1)	2216	376
PB1|PP755595.1|A/cattle/Texas/24-008749-003/2024(H5N1)	2217	374
PB1|PP755595.1|A/cattle/Texas/24-008749-003/2024(H5N1)	2218	372
PB1|PP755595.1|A/cattle/Texas/24-008749-003/2024(H5N1)	2219	372
PB1|PP755595.1|A/cattle/Texas/24-008749-003/2024(H5N1)	2220	370
PB1|PP755595.1|A/cattle/Texas/24-008749-003/2024(H5N1)	2221	369
PB1|PP755595.1|A/cattle/Texas/24-008749-003/2024(H5N1)	2222	369
PB1|PP755595.1|A/cattle/Texas/24-008749-003/2024(H5N1)	2223	365
PB1|PP755595.1|A/cattle/Texas/24-008749-003/2024(H5N1)	2224	367
PB1|PP755595.1|A/cattle/Texas/24-008749-003/2024(H5N1)	2225	361
PB1|PP755595.1|A/cattle/Texas/24-008749-003/2024(H5N1)	2226	361
PB1|PP755595.1|A/cattle/Texas/24-008749-003/2024(H5N1)	2227	361
PB1|PP755595.1|A/cattle/Texas/24-008749-003/2024(H5N1)	2228	361
PB1|PP755595.1|A/cattle/Texas/24-008749-003/2024(H5N1)	2229	360
PB1|PP755595.1|A/cattle/Texas/24-008749-003/2024(H5N1)	2230	364
PB1|PP755595.1|A/cattle/Texas/24-008749-003/2024(H5N1)	2231	362
PB1|PP755595.1|A/cattle/Texas/24-008749-003/2024(H5N1)	2232	362
PB1|PP755595.1|A/cattle/Texas/24-008749-003/2024(H5N1)	2233	362
PB1|PP755595.1|A/cattle/Texas/24-008749-003/2024(H5N1)	2234	360
PB1|PP755595.1|A/cattle/Texas/24-008749-003/2024(H5N1)	2235	355
PB1|PP755595.1|A/cattle/Texas/24-008749-003/2024(H5N1)	2236	351
PB1|PP755595.1|A/cattle/Texas/24-008749-003/2024(H5N1)	2237	349
PB1|PP755595.1|A/cattle/Texas/24-008749-003/2024(H5N1)	2238	346
PB1|PP755595.1|A/cattle/Texas/24-008749-003/2024(H5N1)	2239	337
PB1|PP755595.1|A/cattle/Texas/24-008749-003/2024(H5N1)	2240	341
PB1|PP755595.1|A/cattle/Texas/24-008749-003/2024(H5N1)	2241	341
PB1|PP755595.1|A/cattle/Texas/24-008749-003/2024(H5N1)	2242	341
PB1|PP755595.1|A/cattle/Texas/24-008749-003/2024(H5N1)	2243	341
PB1|PP755595.1|A/cattle/Texas/24-008749-003/2024(H5N1)	2244	333
PB1|PP755595.1|A/cattle/Texas/24-008749-003/2024(H5N1)	2245	330
PB1|PP755595.1|A/cattle/Texas/24-008749-003/2024(H5N1)	2246	330
PB1|PP755595.1|A/cattle/Texas/24-008749-003/2024(H5N1)	2247	318
PB1|PP755595.1|A/cattle/Texas/24-008749-003/2024(H5N1)	2248	317
PB1|PP755595.1|A/cattle/Texas/24-008749-003/2024(H5N1)	2249	313
PB1|PP755595.1|A/cattle/Texas/24-008749-003/2024(H5N1)	2250	311
PB1|PP755595.1|A/cattle/Texas/24-008749-003/2024(H5N1)	2251	315
PB1|PP755595.1|A/cattle/Texas/24-008749-003/2024(H5N1)	2252	314
PB1|PP755595.1|A/cattle/Texas/24-008749-003/2024(H5N1)	2253	314
PB1|PP755595.1|A/cattle/Texas/24-008749-003/2024(H5N1)	2254	314
PB1|PP755595.1|A/cattle/Texas/24-008749-003/2024(H5N1)	2255	282
PB1|PP755595.1|A/cattle/Texas/24-008749-003/2024(H5N1)	2256	282
PB1|PP755595.1|A/cattle/Texas/24-008749-003/2024(H5N1)	2257	279
PB1|PP755595.1|A/cattle/Texas/24-008749-003/2024(H5N1)	2258	278
PB1|PP755595.1|A/cattle/Texas/24-008749-003/2024(H5N1)	2259	278
PB1|PP755595.1|A/cattle/Texas/24-008749-003/2024(H5N1)	2260	273
PB1|PP755595.1|A/cattle/Texas/24-008749-003/2024(H5N1)	2261	270
PB1|PP755595.1|A/cattle/Texas/24-008749-003/2024(H5N1)	2262	270
PB1|PP755595.1|A/cattle/Texas/24-008749-003/2024(H5N1)	2263	265
PB1|PP755595.1|A/cattle/Texas/24-008749-003/2024(H5N1)	2264	265
PB1|PP755595.1|A/cattle/Texas/24-008749-003/2024(H5N1)	2265	249
PB1|PP755595.1|A/cattle/Texas/24-008749-003/2024(H5N1)	2266	248
PB1|PP755595.1|A/cattle/Texas/24-008749-003/2024(H5N1)	2267	248
PB1|PP755595.1|A/cattle/Texas/24-008749-003/2024(H5N1)	2268	248
PB1|PP755595.1|A/cattle/Texas/24-008749-003/2024(H5N1)	2269	248
PB1|PP755595.1|A/cattle/Texas/24-008749-003/2024(H5N1)	2270	248
PB1|PP755595.1|A/cattle/Texas/24-008749-003/2024(H5N1)	2271	248
PB1|PP755595.1|A/cattle/Texas/24-008749-003/2024(H5N1)	2272	243
PB1|PP755595.1|A/cattle/Texas/24-008749-003/2024(H5N1)	2273	241
PB1|PP755595.1|A/cattle/Texas/24-008749-003/2024(H5N1)	2274	241
