PA|PP755594.1|A/cattle/Texas/24-008749-003/2024(H5N1)	1	2126
PA|PP755594.1|A/cattle/Texas/24-008749-003/2024(H5N1)	2	2133
PA|PP755594.1|A/cattle/Texas/24-008749-003/2024(H5N1)	3	2153
PA|PP755594.1|A/cattle/Texas/24-008749-003/2024(H5N1)	4	2157
PA|PP755594.1|A/cattle/Texas/24-008749-003/2024(H5N1)	5	2157
PA|PP755594.1|A/cattle/Texas/24-008749-003/2024(H5N1)	6	2165
PA|PP755594.1|A/cattle/Texas/24-008749-003/2024(H5N1)	7	2168
PA|PP755594.1|A/cattle/Texas/24-008749-003/2024(H5N1)	8	2268
PA|PP755594.1|A/cattle/Texas/24-008749-003/2024(H5N1)	9	2290
PA|PP755594.1|A/cattle/Texas/24-008749-003/2024(H5N1)	10	2290
PA|PP755594.1|A/cattle/Texas/24-008749-003/2024(H5N1)	11	2566
PA|PP755594.1|A/cattle/Texas/24-008749-003/2024(H5N1)	12	2569
PA|PP755594.1|A/cattle/Texas/24-008749-003/2024(H5N1)	13	2617
PA|PP755594.1|A/cattle/Texas/24-008749-003/2024(H5N1)	14	2618
PA|PP755594.1|A/cattle/Texas/24-008749-003/2024(H5N1)	15	2621
PA|PP755594.1|A/cattle/Texas/24-008749-003/2024(H5N1)	16	2673
PA|PP755594.1|A/cattle/Texas/24-008749-003/2024(H5N1)	17	2675
PA|PP755594.1|A/cattle/Texas/24-008749-003/2024(H5N1)	18	2737
PA|PP755594.1|A/cattle/Texas/24-008749-003/2024(H5N1)	19	2760
PA|PP755594.1|A/cattle/Texas/24-008749-003/2024(H5N1)	20	2760
PA|PP755594.1|A/cattle/Texas/24-008749-003/2024(H5N1)	21	2770
PA|PP755594.1|A/cattle/Texas/24-008749-003/2024(H5N1)	22	2778
PA|PP755594.1|A/cattle/Texas/24-008749-003/2024(H5N1)	23	2857
PA|PP755594.1|A/cattle/Texas/24-008749-003/2024(H5N1)	24	2921
PA|PP755594.1|A/cattle/Texas/24-008749-003/2024(H5N1)	25	2922
PA|PP755594.1|A/cattle/Texas/24-008749-003/2024(H5N1)	26	2922
PA|PP755594.1|A/cattle/Texas/24-008749-003/2024(H5N1)	27	2928
PA|PP755594.1|A/cattle/Texas/24-008749-003/2024(H5N1)	28	2942
PA|PP755594.1|A/cattle/Texas/24-008749-003/2024(H5N1)	29	3038
PA|PP755594.1|A/cattle/Texas/24-008749-003/2024(H5N1)	30	3048
PA|PP755594.1|A/cattle/Texas/24-008749-003/2024(H5N1)	31	3059
PA|PP755594.1|A/cattle/Texas/24-008749-003/2024(H5N1)	32	3060
PA|PP755594.1|A/cattle/Texas/24-008749-003/2024(H5N1)	33	3066
PA|PP755594.1|A/cattle/Texas/24-008749-003/2024(H5N1)	34	3075
PA|PP755594.1|A/cattle/Texas/24-008749-003/2024(H5N1)	35	3083
PA|PP755594.1|A/cattle/Texas/24-008749-003/2024(H5N1)	36	3084
PA|PP755594.1|A/cattle/Texas/24-008749-003/2024(H5N1)	37	3108
PA|PP755594.1|A/cattle/Texas/24-008749-003/2024(H5N1)	38	3128
PA|PP755594.1|A/cattle/Texas/24-008749-003/2024(H5N1)	39	3156
PA|PP755594.1|A/cattle/Texas/24-008749-003/2024(H5N1)	40	3156
PA|PP755594.1|A/cattle/Texas/24-008749-003/2024(H5N1)	41	3161
PA|PP755594.1|A/cattle/Texas/24-008749-003/2024(H5N1)	42	3167
PA|PP755594.1|A/cattle/Texas/24-008749-003/2024(H5N1)	43	3167
PA|PP755594.1|A/cattle/Texas/24-008749-003/2024(H5N1)	44	3184
PA|PP755594.1|A/cattle/Texas/24-008749-003/2024(H5N1)	45	3185
PA|PP755594.1|A/cattle/Texas/24-008749-003/2024(H5N1)	46	3197
PA|PP755594.1|A/cattle/Texas/24-008749-003/2024(H5N1)	47	3207
PA|PP755594.1|A/cattle/Texas/24-008749-003/2024(H5N1)	48	3209
PA|PP755594.1|A/cattle/Texas/24-008749-003/2024(H5N1)	49	3224
PA|PP755594.1|A/cattle/Texas/24-008749-003/2024(H5N1)	50	3239
PA|PP755594.1|A/cattle/Texas/24-008749-003/2024(H5N1)	51	3248
PA|PP755594.1|A/cattle/Texas/24-008749-003/2024(H5N1)	52	3256
PA|PP755594.1|A/cattle/Texas/24-008749-003/2024(H5N1)	53	3269
PA|PP755594.1|A/cattle/Texas/24-008749-003/2024(H5N1)	54	3285
PA|PP755594.1|A/cattle/Texas/24-008749-003/2024(H5N1)	55	3218
PA|PP755594.1|A/cattle/Texas/24-008749-003/2024(H5N1)	56	3178
PA|PP755594.1|A/cattle/Texas/24-008749-003/2024(H5N1)	57	2941
PA|PP755594.1|A/cattle/Texas/24-008749-003/2024(H5N1)	58	2857
PA|PP755594.1|A/cattle/Texas/24-008749-003/2024(H5N1)	59	2899
PA|PP755594.1|A/cattle/Texas/24-008749-003/2024(H5N1)	60	2987
PA|PP755594.1|A/cattle/Texas/24-008749-003/2024(H5N1)	61	3003
PA|PP755594.1|A/cattle/Texas/24-008749-003/2024(H5N1)	62	3019
PA|PP755594.1|A/cattle/Texas/24-008749-003/2024(H5N1)	63	3051
PA|PP755594.1|A/cattle/Texas/24-008749-003/2024(H5N1)	64	3086
PA|PP755594.1|A/cattle/Texas/24-008749-003/2024(H5N1)	65	3094
PA|PP755594.1|A/cattle/Texas/24-008749-003/2024(H5N1)	66	3094
PA|PP755594.1|A/cattle/Texas/24-008749-003/2024(H5N1)	67	3132
PA|PP755594.1|A/cattle/Texas/24-008749-003/2024(H5N1)	68	3203
PA|PP755594.1|A/cattle/Texas/24-008749-003/2024(H5N1)	69	3338
PA|PP755594.1|A/cattle/Texas/24-008749-003/2024(H5N1)	70	3347
PA|PP755594.1|A/cattle/Texas/24-008749-003/2024(H5N1)	71	3370
PA|PP755594.1|A/cattle/Texas/24-008749-003/2024(H5N1)	72	3381
PA|PP755594.1|A/cattle/Texas/24-008749-003/2024(H5N1)	73	3395
PA|PP755594.1|A/cattle/Texas/24-008749-003/2024(H5N1)	74	3422
PA|PP755594.1|A/cattle/Texas/24-008749-003/2024(H5N1)	75	3430
PA|PP755594.1|A/cattle/Texas/24-008749-003/2024(H5N1)	76	3434
PA|PP755594.1|A/cattle/Texas/24-008749-003/2024(H5N1)	77	3448
PA|PP755594.1|A/cattle/Texas/24-008749-003/2024(H5N1)	78	3433
PA|PP755594.1|A/cattle/Texas/24-008749-003/2024(H5N1)	79	3445
PA|PP755594.1|A/cattle/Texas/24-008749-003/2024(H5N1)	80	3485
PA|PP755594.1|A/cattle/Texas/24-008749-003/2024(H5N1)	81	3499
PA|PP755594.1|A/cattle/Texas/24-008749-003/2024(H5N1)	82	3522
PA|PP755594.1|A/cattle/Texas/24-008749-003/2024(H5N1)	83	3553
PA|PP755594.1|A/cattle/Texas/24-008749-003/2024(H5N1)	84	3553
PA|PP755594.1|A/cattle/Texas/24-008749-003/2024(H5N1)	85	3549
PA|PP755594.1|A/cattle/Texas/24-008749-003/2024(H5N1)	86	3545
PA|PP755594.1|A/cattle/Texas/24-008749-003/2024(H5N1)	87	3542
PA|PP755594.1|A/cattle/Texas/24-008749-003/2024(H5N1)	88	3540
PA|PP755594.1|A/cattle/Texas/24-008749-003/2024(H5N1)	89	3540
PA|PP755594.1|A/cattle/Texas/24-008749-003/2024(H5N1)	90	2628
PA|PP755594.1|A/cattle/Texas/24-008749-003/2024(H5N1)	91	2628
PA|PP755594.1|A/cattle/Texas/24-008749-003/2024(H5N1)	92	2628
PA|PP755594.1|A/cattle/Texas/24-008749-003/2024(H5N1)	93	2631
PA|PP755594.1|A/cattle/Texas/24-008749-003/2024(H5N1)	94	2632
PA|PP755594.1|A/cattle/Texas/24-008749-003/2024(H5N1)	95	2632
PA|PP755594.1|A/cattle/Texas/24-008749-003/2024(H5N1)	96	2631
PA|PP755594.1|A/cattle/Texas/24-008749-003/2024(H5N1)	97	2676
PA|PP755594.1|A/cattle/Texas/24-008749-003/2024(H5N1)	98	2680
PA|PP755594.1|A/cattle/Texas/24-008749-003/2024(H5N1)	99	2681
PA|PP755594.1|A/cattle/Texas/24-008749-003/2024(H5N1)	100	2681
PA|PP755594.1|A/cattle/Texas/24-008749-003/2024(H5N1)	101	2680
PA|PP755594.1|A/cattle/Texas/24-008749-003/2024(H5N1)	102	2679
PA|PP755594.1|A/cattle/Texas/24-008749-003/2024(H5N1)	103	2715
PA|PP755594.1|A/cattle/Texas/24-008749-003/2024(H5N1)	104	2715
PA|PP755594.1|A/cattle/Texas/24-008749-003/2024(H5N1)	105	2715
PA|PP755594.1|A/cattle/Texas/24-008749-003/2024(H5N1)	106	2716
PA|PP755594.1|A/cattle/Texas/24-008749-003/2024(H5N1)	107	2784
PA|PP755594.1|A/cattle/Texas/24-008749-003/2024(H5N1)	108	2808
PA|PP755594.1|A/cattle/Texas/24-008749-003/2024(H5N1)	109	3305
PA|PP755594.1|A/cattle/Texas/24-008749-003/2024(H5N1)	110	3369
PA|PP755594.1|A/cattle/Texas/24-008749-003/2024(H5N1)	111	3425
PA|PP755594.1|A/cattle/Texas/24-008749-003/2024(H5N1)	112	3446
PA|PP755594.1|A/cattle/Texas/24-008749-003/2024(H5N1)	113	3473
PA|PP755594.1|A/cattle/Texas/24-008749-003/2024(H5N1)	114	3511
PA|PP755594.1|A/cattle/Texas/24-008749-003/2024(H5N1)	115	3521
PA|PP755594.1|A/cattle/Texas/24-008749-003/2024(H5N1)	116	3526
PA|PP755594.1|A/cattle/Texas/24-008749-003/2024(H5N1)	117	3524
PA|PP755594.1|A/cattle/Texas/24-008749-003/2024(H5N1)	118	3497
PA|PP755594.1|A/cattle/Texas/24-008749-003/2024(H5N1)	119	3497
PA|PP755594.1|A/cattle/Texas/24-008749-003/2024(H5N1)	120	3470
PA|PP755594.1|A/cattle/Texas/24-008749-003/2024(H5N1)	121	3578
PA|PP755594.1|A/cattle/Texas/24-008749-003/2024(H5N1)	122	3572
PA|PP755594.1|A/cattle/Texas/24-008749-003/2024(H5N1)	123	3555
PA|PP755594.1|A/cattle/Texas/24-008749-003/2024(H5N1)	124	3573
PA|PP755594.1|A/cattle/Texas/24-008749-003/2024(H5N1)	125	3587
PA|PP755594.1|A/cattle/Texas/24-008749-003/2024(H5N1)	126	3581
PA|PP755594.1|A/cattle/Texas/24-008749-003/2024(H5N1)	127	3911
PA|PP755594.1|A/cattle/Texas/24-008749-003/2024(H5N1)	128	3956
PA|PP755594.1|A/cattle/Texas/24-008749-003/2024(H5N1)	129	3981
PA|PP755594.1|A/cattle/Texas/24-008749-003/2024(H5N1)	130	3993
PA|PP755594.1|A/cattle/Texas/24-008749-003/2024(H5N1)	131	3983
PA|PP755594.1|A/cattle/Texas/24-008749-003/2024(H5N1)	132	3510
PA|PP755594.1|A/cattle/Texas/24-008749-003/2024(H5N1)	133	3510
PA|PP755594.1|A/cattle/Texas/24-008749-003/2024(H5N1)	134	3566
PA|PP755594.1|A/cattle/Texas/24-008749-003/2024(H5N1)	135	3571
PA|PP755594.1|A/cattle/Texas/24-008749-003/2024(H5N1)	136	3581
PA|PP755594.1|A/cattle/Texas/24-008749-003/2024(H5N1)	137	3597
PA|PP755594.1|A/cattle/Texas/24-008749-003/2024(H5N1)	138	3514
PA|PP755594.1|A/cattle/Texas/24-008749-003/2024(H5N1)	139	3562
PA|PP755594.1|A/cattle/Texas/24-008749-003/2024(H5N1)	140	3567
PA|PP755594.1|A/cattle/Texas/24-008749-003/2024(H5N1)	141	3588
PA|PP755594.1|A/cattle/Texas/24-008749-003/2024(H5N1)	142	3594
PA|PP755594.1|A/cattle/Texas/24-008749-003/2024(H5N1)	143	3574
PA|PP755594.1|A/cattle/Texas/24-008749-003/2024(H5N1)	144	3545
PA|PP755594.1|A/cattle/Texas/24-008749-003/2024(H5N1)	145	3543
PA|PP755594.1|A/cattle/Texas/24-008749-003/2024(H5N1)	146	3543
PA|PP755594.1|A/cattle/Texas/24-008749-003/2024(H5N1)	147	3527
PA|PP755594.1|A/cattle/Texas/24-008749-003/2024(H5N1)	148	3517
PA|PP755594.1|A/cattle/Texas/24-008749-003/2024(H5N1)	149	3519
PA|PP755594.1|A/cattle/Texas/24-008749-003/2024(H5N1)	150	3489
PA|PP755594.1|A/cattle/Texas/24-008749-003/2024(H5N1)	151	3496
PA|PP755594.1|A/cattle/Texas/24-008749-003/2024(H5N1)	152	3433
PA|PP755594.1|A/cattle/Texas/24-008749-003/2024(H5N1)	153	3425
PA|PP755594.1|A/cattle/Texas/24-008749-003/2024(H5N1)	154	3425
PA|PP755594.1|A/cattle/Texas/24-008749-003/2024(H5N1)	155	3412
PA|PP755594.1|A/cattle/Texas/24-008749-003/2024(H5N1)	156	3411
PA|PP755594.1|A/cattle/Texas/24-008749-003/2024(H5N1)	157	3393
PA|PP755594.1|A/cattle/Texas/24-008749-003/2024(H5N1)	158	3403
PA|PP755594.1|A/cattle/Texas/24-008749-003/2024(H5N1)	159	3328
PA|PP755594.1|A/cattle/Texas/24-008749-003/2024(H5N1)	160	3242
PA|PP755594.1|A/cattle/Texas/24-008749-003/2024(H5N1)	161	3215
PA|PP755594.1|A/cattle/Texas/24-008749-003/2024(H5N1)	162	3020
PA|PP755594.1|A/cattle/Texas/24-008749-003/2024(H5N1)	163	2989
PA|PP755594.1|A/cattle/Texas/24-008749-003/2024(H5N1)	164	2932
PA|PP755594.1|A/cattle/Texas/24-008749-003/2024(H5N1)	165	2784
PA|PP755594.1|A/cattle/Texas/24-008749-003/2024(H5N1)	166	2787
PA|PP755594.1|A/cattle/Texas/24-008749-003/2024(H5N1)	167	2740
PA|PP755594.1|A/cattle/Texas/24-008749-003/2024(H5N1)	168	2739
PA|PP755594.1|A/cattle/Texas/24-008749-003/2024(H5N1)	169	2691
PA|PP755594.1|A/cattle/Texas/24-008749-003/2024(H5N1)	170	2685
PA|PP755594.1|A/cattle/Texas/24-008749-003/2024(H5N1)	171	2344
PA|PP755594.1|A/cattle/Texas/24-008749-003/2024(H5N1)	172	2343
PA|PP755594.1|A/cattle/Texas/24-008749-003/2024(H5N1)	173	2335
PA|PP755594.1|A/cattle/Texas/24-008749-003/2024(H5N1)	174	2252
PA|PP755594.1|A/cattle/Texas/24-008749-003/2024(H5N1)	175	2254
PA|PP755594.1|A/cattle/Texas/24-008749-003/2024(H5N1)	176	2271
PA|PP755594.1|A/cattle/Texas/24-008749-003/2024(H5N1)	177	2271
PA|PP755594.1|A/cattle/Texas/24-008749-003/2024(H5N1)	178	2261
PA|PP755594.1|A/cattle/Texas/24-008749-003/2024(H5N1)	179	2212
PA|PP755594.1|A/cattle/Texas/24-008749-003/2024(H5N1)	180	2198
PA|PP755594.1|A/cattle/Texas/24-008749-003/2024(H5N1)	181	2194
PA|PP755594.1|A/cattle/Texas/24-008749-003/2024(H5N1)	182	2120
PA|PP755594.1|A/cattle/Texas/24-008749-003/2024(H5N1)	183	1368
PA|PP755594.1|A/cattle/Texas/24-008749-003/2024(H5N1)	184	1318
PA|PP755594.1|A/cattle/Texas/24-008749-003/2024(H5N1)	185	1299
PA|PP755594.1|A/cattle/Texas/24-008749-003/2024(H5N1)	186	1289
PA|PP755594.1|A/cattle/Texas/24-008749-003/2024(H5N1)	187	1278
PA|PP755594.1|A/cattle/Texas/24-008749-003/2024(H5N1)	188	1272
PA|PP755594.1|A/cattle/Texas/24-008749-003/2024(H5N1)	189	1255
PA|PP755594.1|A/cattle/Texas/24-008749-003/2024(H5N1)	190	1325
PA|PP755594.1|A/cattle/Texas/24-008749-003/2024(H5N1)	191	1340
PA|PP755594.1|A/cattle/Texas/24-008749-003/2024(H5N1)	192	1344
PA|PP755594.1|A/cattle/Texas/24-008749-003/2024(H5N1)	193	1353
PA|PP755594.1|A/cattle/Texas/24-008749-003/2024(H5N1)	194	1347
PA|PP755594.1|A/cattle/Texas/24-008749-003/2024(H5N1)	195	1348
PA|PP755594.1|A/cattle/Texas/24-008749-003/2024(H5N1)	196	1352
PA|PP755594.1|A/cattle/Texas/24-008749-003/2024(H5N1)	197	1354
PA|PP755594.1|A/cattle/Texas/24-008749-003/2024(H5N1)	198	1356
PA|PP755594.1|A/cattle/Texas/24-008749-003/2024(H5N1)	199	1340
PA|PP755594.1|A/cattle/Texas/24-008749-003/2024(H5N1)	200	1349
PA|PP755594.1|A/cattle/Texas/24-008749-003/2024(H5N1)	201	1347
PA|PP755594.1|A/cattle/Texas/24-008749-003/2024(H5N1)	202	1343
PA|PP755594.1|A/cattle/Texas/24-008749-003/2024(H5N1)	203	1342
PA|PP755594.1|A/cattle/Texas/24-008749-003/2024(H5N1)	204	1317
PA|PP755594.1|A/cattle/Texas/24-008749-003/2024(H5N1)	205	1311
PA|PP755594.1|A/cattle/Texas/24-008749-003/2024(H5N1)	206	1319
PA|PP755594.1|A/cattle/Texas/24-008749-003/2024(H5N1)	207	1190
PA|PP755594.1|A/cattle/Texas/24-008749-003/2024(H5N1)	208	1166
PA|PP755594.1|A/cattle/Texas/24-008749-003/2024(H5N1)	209	1158
PA|PP755594.1|A/cattle/Texas/24-008749-003/2024(H5N1)	210	1152
PA|PP755594.1|A/cattle/Texas/24-008749-003/2024(H5N1)	211	972
PA|PP755594.1|A/cattle/Texas/24-008749-003/2024(H5N1)	212	964
PA|PP755594.1|A/cattle/Texas/24-008749-003/2024(H5N1)	213	964
PA|PP755594.1|A/cattle/Texas/24-008749-003/2024(H5N1)	214	951
PA|PP755594.1|A/cattle/Texas/24-008749-003/2024(H5N1)	215	951
PA|PP755594.1|A/cattle/Texas/24-008749-003/2024(H5N1)	216	951
PA|PP755594.1|A/cattle/Texas/24-008749-003/2024(H5N1)	217	949
PA|PP755594.1|A/cattle/Texas/24-008749-003/2024(H5N1)	218	933
PA|PP755594.1|A/cattle/Texas/24-008749-003/2024(H5N1)	219	926
PA|PP755594.1|A/cattle/Texas/24-008749-003/2024(H5N1)	220	935
PA|PP755594.1|A/cattle/Texas/24-008749-003/2024(H5N1)	221	937
PA|PP755594.1|A/cattle/Texas/24-008749-003/2024(H5N1)	222	923
PA|PP755594.1|A/cattle/Texas/24-008749-003/2024(H5N1)	223	979
PA|PP755594.1|A/cattle/Texas/24-008749-003/2024(H5N1)	224	980
PA|PP755594.1|A/cattle/Texas/24-008749-003/2024(H5N1)	225	986
PA|PP755594.1|A/cattle/Texas/24-008749-003/2024(H5N1)	226	991
PA|PP755594.1|A/cattle/Texas/24-008749-003/2024(H5N1)	227	991
PA|PP755594.1|A/cattle/Texas/24-008749-003/2024(H5N1)	228	988
PA|PP755594.1|A/cattle/Texas/24-008749-003/2024(H5N1)	229	984
PA|PP755594.1|A/cattle/Texas/24-008749-003/2024(H5N1)	230	985
PA|PP755594.1|A/cattle/Texas/24-008749-003/2024(H5N1)	231	989
PA|PP755594.1|A/cattle/Texas/24-008749-003/2024(H5N1)	232	988
PA|PP755594.1|A/cattle/Texas/24-008749-003/2024(H5N1)	233	985
PA|PP755594.1|A/cattle/Texas/24-008749-003/2024(H5N1)	234	953
PA|PP755594.1|A/cattle/Texas/24-008749-003/2024(H5N1)	235	943
PA|PP755594.1|A/cattle/Texas/24-008749-003/2024(H5N1)	236	943
PA|PP755594.1|A/cattle/Texas/24-008749-003/2024(H5N1)	237	925
PA|PP755594.1|A/cattle/Texas/24-008749-003/2024(H5N1)	238	923
PA|PP755594.1|A/cattle/Texas/24-008749-003/2024(H5N1)	239	922
PA|PP755594.1|A/cattle/Texas/24-008749-003/2024(H5N1)	240	921
PA|PP755594.1|A/cattle/Texas/24-008749-003/2024(H5N1)	241	923
PA|PP755594.1|A/cattle/Texas/24-008749-003/2024(H5N1)	242	924
PA|PP755594.1|A/cattle/Texas/24-008749-003/2024(H5N1)	243	855
PA|PP755594.1|A/cattle/Texas/24-008749-003/2024(H5N1)	244	853
PA|PP755594.1|A/cattle/Texas/24-008749-003/2024(H5N1)	245	843
PA|PP755594.1|A/cattle/Texas/24-008749-003/2024(H5N1)	246	837
PA|PP755594.1|A/cattle/Texas/24-008749-003/2024(H5N1)	247	838
PA|PP755594.1|A/cattle/Texas/24-008749-003/2024(H5N1)	248	825
PA|PP755594.1|A/cattle/Texas/24-008749-003/2024(H5N1)	249	814
PA|PP755594.1|A/cattle/Texas/24-008749-003/2024(H5N1)	250	684
PA|PP755594.1|A/cattle/Texas/24-008749-003/2024(H5N1)	251	691
PA|PP755594.1|A/cattle/Texas/24-008749-003/2024(H5N1)	252	695
PA|PP755594.1|A/cattle/Texas/24-008749-003/2024(H5N1)	253	698
PA|PP755594.1|A/cattle/Texas/24-008749-003/2024(H5N1)	254	718
PA|PP755594.1|A/cattle/Texas/24-008749-003/2024(H5N1)	255	719
PA|PP755594.1|A/cattle/Texas/24-008749-003/2024(H5N1)	256	722
PA|PP755594.1|A/cattle/Texas/24-008749-003/2024(H5N1)	257	724
PA|PP755594.1|A/cattle/Texas/24-008749-003/2024(H5N1)	258	713
PA|PP755594.1|A/cattle/Texas/24-008749-003/2024(H5N1)	259	707
PA|PP755594.1|A/cattle/Texas/24-008749-003/2024(H5N1)	260	666
PA|PP755594.1|A/cattle/Texas/24-008749-003/2024(H5N1)	261	643
PA|PP755594.1|A/cattle/Texas/24-008749-003/2024(H5N1)	262	637
PA|PP755594.1|A/cattle/Texas/24-008749-003/2024(H5N1)	263	625
PA|PP755594.1|A/cattle/Texas/24-008749-003/2024(H5N1)	264	620
PA|PP755594.1|A/cattle/Texas/24-008749-003/2024(H5N1)	265	608
PA|PP755594.1|A/cattle/Texas/24-008749-003/2024(H5N1)	266	594
PA|PP755594.1|A/cattle/Texas/24-008749-003/2024(H5N1)	267	568
PA|PP755594.1|A/cattle/Texas/24-008749-003/2024(H5N1)	268	568
PA|PP755594.1|A/cattle/Texas/24-008749-003/2024(H5N1)	269	547
PA|PP755594.1|A/cattle/Texas/24-008749-003/2024(H5N1)	270	539
PA|PP755594.1|A/cattle/Texas/24-008749-003/2024(H5N1)	271	539
PA|PP755594.1|A/cattle/Texas/24-008749-003/2024(H5N1)	272	510
PA|PP755594.1|A/cattle/Texas/24-008749-003/2024(H5N1)	273	335
PA|PP755594.1|A/cattle/Texas/24-008749-003/2024(H5N1)	274	337
PA|PP755594.1|A/cattle/Texas/24-008749-003/2024(H5N1)	275	332
PA|PP755594.1|A/cattle/Texas/24-008749-003/2024(H5N1)	276	332
PA|PP755594.1|A/cattle/Texas/24-008749-003/2024(H5N1)	277	311
PA|PP755594.1|A/cattle/Texas/24-008749-003/2024(H5N1)	278	311
PA|PP755594.1|A/cattle/Texas/24-008749-003/2024(H5N1)	279	292
PA|PP755594.1|A/cattle/Texas/24-008749-003/2024(H5N1)	280	292
PA|PP755594.1|A/cattle/Texas/24-008749-003/2024(H5N1)	281	290
PA|PP755594.1|A/cattle/Texas/24-008749-003/2024(H5N1)	282	281
PA|PP755594.1|A/cattle/Texas/24-008749-003/2024(H5N1)	283	276
PA|PP755594.1|A/cattle/Texas/24-008749-003/2024(H5N1)	284	276
PA|PP755594.1|A/cattle/Texas/24-008749-003/2024(H5N1)	285	275
PA|PP755594.1|A/cattle/Texas/24-008749-003/2024(H5N1)	286	272
PA|PP755594.1|A/cattle/Texas/24-008749-003/2024(H5N1)	287	269
PA|PP755594.1|A/cattle/Texas/24-008749-003/2024(H5N1)	288	268
PA|PP755594.1|A/cattle/Texas/24-008749-003/2024(H5N1)	289	267
PA|PP755594.1|A/cattle/Texas/24-008749-003/2024(H5N1)	290	266
PA|PP755594.1|A/cattle/Texas/24-008749-003/2024(H5N1)	291	258
PA|PP755594.1|A/cattle/Texas/24-008749-003/2024(H5N1)	292	257
PA|PP755594.1|A/cattle/Texas/24-008749-003/2024(H5N1)	293	253
PA|PP755594.1|A/cattle/Texas/24-008749-003/2024(H5N1)	294	173
PA|PP755594.1|A/cattle/Texas/24-008749-003/2024(H5N1)	295	174
PA|PP755594.1|A/cattle/Texas/24-008749-003/2024(H5N1)	296	172
PA|PP755594.1|A/cattle/Texas/24-008749-003/2024(H5N1)	297	170
PA|PP755594.1|A/cattle/Texas/24-008749-003/2024(H5N1)	298	170
PA|PP755594.1|A/cattle/Texas/24-008749-003/2024(H5N1)	299	170
PA|PP755594.1|A/cattle/Texas/24-008749-003/2024(H5N1)	300	169
PA|PP755594.1|A/cattle/Texas/24-008749-003/2024(H5N1)	301	169
PA|PP755594.1|A/cattle/Texas/24-008749-003/2024(H5N1)	302	169
PA|PP755594.1|A/cattle/Texas/24-008749-003/2024(H5N1)	303	169
PA|PP755594.1|A/cattle/Texas/24-008749-003/2024(H5N1)	304	167
PA|PP755594.1|A/cattle/Texas/24-008749-003/2024(H5N1)	305	167
PA|PP755594.1|A/cattle/Texas/24-008749-003/2024(H5N1)	306	167
PA|PP755594.1|A/cattle/Texas/24-008749-003/2024(H5N1)	307	182
PA|PP755594.1|A/cattle/Texas/24-008749-003/2024(H5N1)	308	182
PA|PP755594.1|A/cattle/Texas/24-008749-003/2024(H5N1)	309	182
PA|PP755594.1|A/cattle/Texas/24-008749-003/2024(H5N1)	310	181
PA|PP755594.1|A/cattle/Texas/24-008749-003/2024(H5N1)	311	179
PA|PP755594.1|A/cattle/Texas/24-008749-003/2024(H5N1)	312	178
PA|PP755594.1|A/cattle/Texas/24-008749-003/2024(H5N1)	313	178
PA|PP755594.1|A/cattle/Texas/24-008749-003/2024(H5N1)	314	178
PA|PP755594.1|A/cattle/Texas/24-008749-003/2024(H5N1)	315	177
PA|PP755594.1|A/cattle/Texas/24-008749-003/2024(H5N1)	316	170
PA|PP755594.1|A/cattle/Texas/24-008749-003/2024(H5N1)	317	169
PA|PP755594.1|A/cattle/Texas/24-008749-003/2024(H5N1)	318	169
PA|PP755594.1|A/cattle/Texas/24-008749-003/2024(H5N1)	319	170
PA|PP755594.1|A/cattle/Texas/24-008749-003/2024(H5N1)	320	164
PA|PP755594.1|A/cattle/Texas/24-008749-003/2024(H5N1)	321	163
PA|PP755594.1|A/cattle/Texas/24-008749-003/2024(H5N1)	322	163
PA|PP755594.1|A/cattle/Texas/24-008749-003/2024(H5N1)	323	163
PA|PP755594.1|A/cattle/Texas/24-008749-003/2024(H5N1)	324	163
PA|PP755594.1|A/cattle/Texas/24-008749-003/2024(H5N1)	325	163
PA|PP755594.1|A/cattle/Texas/24-008749-003/2024(H5N1)	326	159
PA|PP755594.1|A/cattle/Texas/24-008749-003/2024(H5N1)	327	155
PA|PP755594.1|A/cattle/Texas/24-008749-003/2024(H5N1)	328	155
PA|PP755594.1|A/cattle/Texas/24-008749-003/2024(H5N1)	329	155
PA|PP755594.1|A/cattle/Texas/24-008749-003/2024(H5N1)	330	152
PA|PP755594.1|A/cattle/Texas/24-008749-003/2024(H5N1)	331	152
PA|PP755594.1|A/cattle/Texas/24-008749-003/2024(H5N1)	332	148
PA|PP755594.1|A/cattle/Texas/24-008749-003/2024(H5N1)	333	118
PA|PP755594.1|A/cattle/Texas/24-008749-003/2024(H5N1)	334	116
PA|PP755594.1|A/cattle/Texas/24-008749-003/2024(H5N1)	335	115
PA|PP755594.1|A/cattle/Texas/24-008749-003/2024(H5N1)	336	112
PA|PP755594.1|A/cattle/Texas/24-008749-003/2024(H5N1)	337	112
PA|PP755594.1|A/cattle/Texas/24-008749-003/2024(H5N1)	338	112
PA|PP755594.1|A/cattle/Texas/24-008749-003/2024(H5N1)	339	112
PA|PP755594.1|A/cattle/Texas/24-008749-003/2024(H5N1)	340	112
PA|PP755594.1|A/cattle/Texas/24-008749-003/2024(H5N1)	341	112
PA|PP755594.1|A/cattle/Texas/24-008749-003/2024(H5N1)	342	112
PA|PP755594.1|A/cattle/Texas/24-008749-003/2024(H5N1)	343	112
PA|PP755594.1|A/cattle/Texas/24-008749-003/2024(H5N1)	344	111
PA|PP755594.1|A/cattle/Texas/24-008749-003/2024(H5N1)	345	111
PA|PP755594.1|A/cattle/Texas/24-008749-003/2024(H5N1)	346	111
PA|PP755594.1|A/cattle/Texas/24-008749-003/2024(H5N1)	347	111
PA|PP755594.1|A/cattle/Texas/24-008749-003/2024(H5N1)	348	111
PA|PP755594.1|A/cattle/Texas/24-008749-003/2024(H5N1)	349	109
PA|PP755594.1|A/cattle/Texas/24-008749-003/2024(H5N1)	350	109
PA|PP755594.1|A/cattle/Texas/24-008749-003/2024(H5N1)	351	106
PA|PP755594.1|A/cattle/Texas/24-008749-003/2024(H5N1)	352	104
PA|PP755594.1|A/cattle/Texas/24-008749-003/2024(H5N1)	353	102
PA|PP755594.1|A/cattle/Texas/24-008749-003/2024(H5N1)	354	100
PA|PP755594.1|A/cattle/Texas/24-008749-003/2024(H5N1)	355	100
PA|PP755594.1|A/cattle/Texas/24-008749-003/2024(H5N1)	356	98
PA|PP755594.1|A/cattle/Texas/24-008749-003/2024(H5N1)	357	91
PA|PP755594.1|A/cattle/Texas/24-008749-003/2024(H5N1)	358	90
PA|PP755594.1|A/cattle/Texas/24-008749-003/2024(H5N1)	359	90
PA|PP755594.1|A/cattle/Texas/24-008749-003/2024(H5N1)	360	90
PA|PP755594.1|A/cattle/Texas/24-008749-003/2024(H5N1)	361	90
PA|PP755594.1|A/cattle/Texas/24-008749-003/2024(H5N1)	362	81
PA|PP755594.1|A/cattle/Texas/24-008749-003/2024(H5N1)	363	80
PA|PP755594.1|A/cattle/Texas/24-008749-003/2024(H5N1)	364	78
PA|PP755594.1|A/cattle/Texas/24-008749-003/2024(H5N1)	365	72
PA|PP755594.1|A/cattle/Texas/24-008749-003/2024(H5N1)	366	3
PA|PP755594.1|A/cattle/Texas/24-008749-003/2024(H5N1)	367	1
PA|PP755594.1|A/cattle/Texas/24-008749-003/2024(H5N1)	368	1
PA|PP755594.1|A/cattle/Texas/24-008749-003/2024(H5N1)	369	1
PA|PP755594.1|A/cattle/Texas/24-008749-003/2024(H5N1)	370	1
PA|PP755594.1|A/cattle/Texas/24-008749-003/2024(H5N1)	371	1
PA|PP755594.1|A/cattle/Texas/24-008749-003/2024(H5N1)	372	0
PA|PP755594.1|A/cattle/Texas/24-008749-003/2024(H5N1)	373	0
PA|PP755594.1|A/cattle/Texas/24-008749-003/2024(H5N1)	374	0
PA|PP755594.1|A/cattle/Texas/24-008749-003/2024(H5N1)	375	0
PA|PP755594.1|A/cattle/Texas/24-008749-003/2024(H5N1)	376	0
PA|PP755594.1|A/cattle/Texas/24-008749-003/2024(H5N1)	377	0
PA|PP755594.1|A/cattle/Texas/24-008749-003/2024(H5N1)	378	0
PA|PP755594.1|A/cattle/Texas/24-008749-003/2024(H5N1)	379	0
PA|PP755594.1|A/cattle/Texas/24-008749-003/2024(H5N1)	380	0
PA|PP755594.1|A/cattle/Texas/24-008749-003/2024(H5N1)	381	0
PA|PP755594.1|A/cattle/Texas/24-008749-003/2024(H5N1)	382	0
PA|PP755594.1|A/cattle/Texas/24-008749-003/2024(H5N1)	383	0
PA|PP755594.1|A/cattle/Texas/24-008749-003/2024(H5N1)	384	0
PA|PP755594.1|A/cattle/Texas/24-008749-003/2024(H5N1)	385	0
PA|PP755594.1|A/cattle/Texas/24-008749-003/2024(H5N1)	386	0
PA|PP755594.1|A/cattle/Texas/24-008749-003/2024(H5N1)	387	0
PA|PP755594.1|A/cattle/Texas/24-008749-003/2024(H5N1)	388	0
PA|PP755594.1|A/cattle/Texas/24-008749-003/2024(H5N1)	389	0
PA|PP755594.1|A/cattle/Texas/24-008749-003/2024(H5N1)	390	0
PA|PP755594.1|A/cattle/Texas/24-008749-003/2024(H5N1)	391	0
PA|PP755594.1|A/cattle/Texas/24-008749-003/2024(H5N1)	392	0
PA|PP755594.1|A/cattle/Texas/24-008749-003/2024(H5N1)	393	0
PA|PP755594.1|A/cattle/Texas/24-008749-003/2024(H5N1)	394	0
PA|PP755594.1|A/cattle/Texas/24-008749-003/2024(H5N1)	395	0
PA|PP755594.1|A/cattle/Texas/24-008749-003/2024(H5N1)	396	0
PA|PP755594.1|A/cattle/Texas/24-008749-003/2024(H5N1)	397	0
PA|PP755594.1|A/cattle/Texas/24-008749-003/2024(H5N1)	398	0
PA|PP755594.1|A/cattle/Texas/24-008749-003/2024(H5N1)	399	0
PA|PP755594.1|A/cattle/Texas/24-008749-003/2024(H5N1)	400	51
PA|PP755594.1|A/cattle/Texas/24-008749-003/2024(H5N1)	401	51
PA|PP755594.1|A/cattle/Texas/24-008749-003/2024(H5N1)	402	52
PA|PP755594.1|A/cattle/Texas/24-008749-003/2024(H5N1)	403	52
PA|PP755594.1|A/cattle/Texas/24-008749-003/2024(H5N1)	404	52
PA|PP755594.1|A/cattle/Texas/24-008749-003/2024(H5N1)	405	52
PA|PP755594.1|A/cattle/Texas/24-008749-003/2024(H5N1)	406	52
PA|PP755594.1|A/cattle/Texas/24-008749-003/2024(H5N1)	407	53
PA|PP755594.1|A/cattle/Texas/24-008749-003/2024(H5N1)	408	53
PA|PP755594.1|A/cattle/Texas/24-008749-003/2024(H5N1)	409	53
PA|PP755594.1|A/cattle/Texas/24-008749-003/2024(H5N1)	410	53
PA|PP755594.1|A/cattle/Texas/24-008749-003/2024(H5N1)	411	53
PA|PP755594.1|A/cattle/Texas/24-008749-003/2024(H5N1)	412	53
PA|PP755594.1|A/cattle/Texas/24-008749-003/2024(H5N1)	413	53
PA|PP755594.1|A/cattle/Texas/24-008749-003/2024(H5N1)	414	53
PA|PP755594.1|A/cattle/Texas/24-008749-003/2024(H5N1)	415	54
PA|PP755594.1|A/cattle/Texas/24-008749-003/2024(H5N1)	416	54
PA|PP755594.1|A/cattle/Texas/24-008749-003/2024(H5N1)	417	54
PA|PP755594.1|A/cattle/Texas/24-008749-003/2024(H5N1)	418	54
PA|PP755594.1|A/cattle/Texas/24-008749-003/2024(H5N1)	419	51
PA|PP755594.1|A/cattle/Texas/24-008749-003/2024(H5N1)	420	45
PA|PP755594.1|A/cattle/Texas/24-008749-003/2024(H5N1)	421	43
PA|PP755594.1|A/cattle/Texas/24-008749-003/2024(H5N1)	422	44
PA|PP755594.1|A/cattle/Texas/24-008749-003/2024(H5N1)	423	44
PA|PP755594.1|A/cattle/Texas/24-008749-003/2024(H5N1)	424	44
PA|PP755594.1|A/cattle/Texas/24-008749-003/2024(H5N1)	425	45
PA|PP755594.1|A/cattle/Texas/24-008749-003/2024(H5N1)	426	45
PA|PP755594.1|A/cattle/Texas/24-008749-003/2024(H5N1)	427	45
PA|PP755594.1|A/cattle/Texas/24-008749-003/2024(H5N1)	428	45
PA|PP755594.1|A/cattle/Texas/24-008749-003/2024(H5N1)	429	45
PA|PP755594.1|A/cattle/Texas/24-008749-003/2024(H5N1)	430	45
PA|PP755594.1|A/cattle/Texas/24-008749-003/2024(H5N1)	431	45
PA|PP755594.1|A/cattle/Texas/24-008749-003/2024(H5N1)	432	34
PA|PP755594.1|A/cattle/Texas/24-008749-003/2024(H5N1)	433	34
PA|PP755594.1|A/cattle/Texas/24-008749-003/2024(H5N1)	434	33
PA|PP755594.1|A/cattle/Texas/24-008749-003/2024(H5N1)	435	33
PA|PP755594.1|A/cattle/Texas/24-008749-003/2024(H5N1)	436	36
PA|PP755594.1|A/cattle/Texas/24-008749-003/2024(H5N1)	437	36
PA|PP755594.1|A/cattle/Texas/24-008749-003/2024(H5N1)	438	36
PA|PP755594.1|A/cattle/Texas/24-008749-003/2024(H5N1)	439	34
PA|PP755594.1|A/cattle/Texas/24-008749-003/2024(H5N1)	440	32
PA|PP755594.1|A/cattle/Texas/24-008749-003/2024(H5N1)	441	29
PA|PP755594.1|A/cattle/Texas/24-008749-003/2024(H5N1)	442	29
PA|PP755594.1|A/cattle/Texas/24-008749-003/2024(H5N1)	443	30
PA|PP755594.1|A/cattle/Texas/24-008749-003/2024(H5N1)	444	31
PA|PP755594.1|A/cattle/Texas/24-008749-003/2024(H5N1)	445	31
PA|PP755594.1|A/cattle/Texas/24-008749-003/2024(H5N1)	446	33
PA|PP755594.1|A/cattle/Texas/24-008749-003/2024(H5N1)	447	33
PA|PP755594.1|A/cattle/Texas/24-008749-003/2024(H5N1)	448	33
PA|PP755594.1|A/cattle/Texas/24-008749-003/2024(H5N1)	449	33
PA|PP755594.1|A/cattle/Texas/24-008749-003/2024(H5N1)	450	32
PA|PP755594.1|A/cattle/Texas/24-008749-003/2024(H5N1)	451	32
PA|PP755594.1|A/cattle/Texas/24-008749-003/2024(H5N1)	452	32
PA|PP755594.1|A/cattle/Texas/24-008749-003/2024(H5N1)	453	32
PA|PP755594.1|A/cattle/Texas/24-008749-003/2024(H5N1)	454	32
PA|PP755594.1|A/cattle/Texas/24-008749-003/2024(H5N1)	455	32
PA|PP755594.1|A/cattle/Texas/24-008749-003/2024(H5N1)	456	31
PA|PP755594.1|A/cattle/Texas/24-008749-003/2024(H5N1)	457	31
PA|PP755594.1|A/cattle/Texas/24-008749-003/2024(H5N1)	458	31
PA|PP755594.1|A/cattle/Texas/24-008749-003/2024(H5N1)	459	31
PA|PP755594.1|A/cattle/Texas/24-008749-003/2024(H5N1)	460	33
PA|PP755594.1|A/cattle/Texas/24-008749-003/2024(H5N1)	461	33
PA|PP755594.1|A/cattle/Texas/24-008749-003/2024(H5N1)	462	33
PA|PP755594.1|A/cattle/Texas/24-008749-003/2024(H5N1)	463	33
PA|PP755594.1|A/cattle/Texas/24-008749-003/2024(H5N1)	464	33
PA|PP755594.1|A/cattle/Texas/24-008749-003/2024(H5N1)	465	33
PA|PP755594.1|A/cattle/Texas/24-008749-003/2024(H5N1)	466	33
PA|PP755594.1|A/cattle/Texas/24-008749-003/2024(H5N1)	467	33
PA|PP755594.1|A/cattle/Texas/24-008749-003/2024(H5N1)	468	33
PA|PP755594.1|A/cattle/Texas/24-008749-003/2024(H5N1)	469	33
PA|PP755594.1|A/cattle/Texas/24-008749-003/2024(H5N1)	470	33
PA|PP755594.1|A/cattle/Texas/24-008749-003/2024(H5N1)	471	32
PA|PP755594.1|A/cattle/Texas/24-008749-003/2024(H5N1)	472	33
PA|PP755594.1|A/cattle/Texas/24-008749-003/2024(H5N1)	473	33
PA|PP755594.1|A/cattle/Texas/24-008749-003/2024(H5N1)	474	33
PA|PP755594.1|A/cattle/Texas/24-008749-003/2024(H5N1)	475	33
PA|PP755594.1|A/cattle/Texas/24-008749-003/2024(H5N1)	476	33
PA|PP755594.1|A/cattle/Texas/24-008749-003/2024(H5N1)	477	33
PA|PP755594.1|A/cattle/Texas/24-008749-003/2024(H5N1)	478	39
PA|PP755594.1|A/cattle/Texas/24-008749-003/2024(H5N1)	479	39
PA|PP755594.1|A/cattle/Texas/24-008749-003/2024(H5N1)	480	42
PA|PP755594.1|A/cattle/Texas/24-008749-003/2024(H5N1)	481	42
PA|PP755594.1|A/cattle/Texas/24-008749-003/2024(H5N1)	482	42
PA|PP755594.1|A/cattle/Texas/24-008749-003/2024(H5N1)	483	42
PA|PP755594.1|A/cattle/Texas/24-008749-003/2024(H5N1)	484	42
PA|PP755594.1|A/cattle/Texas/24-008749-003/2024(H5N1)	485	42
PA|PP755594.1|A/cattle/Texas/24-008749-003/2024(H5N1)	486	44
PA|PP755594.1|A/cattle/Texas/24-008749-003/2024(H5N1)	487	41
PA|PP755594.1|A/cattle/Texas/24-008749-003/2024(H5N1)	488	39
PA|PP755594.1|A/cattle/Texas/24-008749-003/2024(H5N1)	489	39
PA|PP755594.1|A/cattle/Texas/24-008749-003/2024(H5N1)	490	39
PA|PP755594.1|A/cattle/Texas/24-008749-003/2024(H5N1)	491	39
PA|PP755594.1|A/cattle/Texas/24-008749-003/2024(H5N1)	492	38
PA|PP755594.1|A/cattle/Texas/24-008749-003/2024(H5N1)	493	40
PA|PP755594.1|A/cattle/Texas/24-008749-003/2024(H5N1)	494	40
PA|PP755594.1|A/cattle/Texas/24-008749-003/2024(H5N1)	495	41
PA|PP755594.1|A/cattle/Texas/24-008749-003/2024(H5N1)	496	41
PA|PP755594.1|A/cattle/Texas/24-008749-003/2024(H5N1)	497	42
PA|PP755594.1|A/cattle/Texas/24-008749-003/2024(H5N1)	498	42
PA|PP755594.1|A/cattle/Texas/24-008749-003/2024(H5N1)	499	42
PA|PP755594.1|A/cattle/Texas/24-008749-003/2024(H5N1)	500	42
PA|PP755594.1|A/cattle/Texas/24-008749-003/2024(H5N1)	501	42
PA|PP755594.1|A/cattle/Texas/24-008749-003/2024(H5N1)	502	42
PA|PP755594.1|A/cattle/Texas/24-008749-003/2024(H5N1)	503	42
PA|PP755594.1|A/cattle/Texas/24-008749-003/2024(H5N1)	504	42
PA|PP755594.1|A/cattle/Texas/24-008749-003/2024(H5N1)	505	42
PA|PP755594.1|A/cattle/Texas/24-008749-003/2024(H5N1)	506	43
PA|PP755594.1|A/cattle/Texas/24-008749-003/2024(H5N1)	507	43
PA|PP755594.1|A/cattle/Texas/24-008749-003/2024(H5N1)	508	43
PA|PP755594.1|A/cattle/Texas/24-008749-003/2024(H5N1)	509	43
PA|PP755594.1|A/cattle/Texas/24-008749-003/2024(H5N1)	510	43
PA|PP755594.1|A/cattle/Texas/24-008749-003/2024(H5N1)	511	44
PA|PP755594.1|A/cattle/Texas/24-008749-003/2024(H5N1)	512	43
PA|PP755594.1|A/cattle/Texas/24-008749-003/2024(H5N1)	513	42
PA|PP755594.1|A/cattle/Texas/24-008749-003/2024(H5N1)	514	53
PA|PP755594.1|A/cattle/Texas/24-008749-003/2024(H5N1)	515	53
PA|PP755594.1|A/cattle/Texas/24-008749-003/2024(H5N1)	516	54
PA|PP755594.1|A/cattle/Texas/24-008749-003/2024(H5N1)	517	54
PA|PP755594.1|A/cattle/Texas/24-008749-003/2024(H5N1)	518	54
PA|PP755594.1|A/cattle/Texas/24-008749-003/2024(H5N1)	519	52
PA|PP755594.1|A/cattle/Texas/24-008749-003/2024(H5N1)	520	51
PA|PP755594.1|A/cattle/Texas/24-008749-003/2024(H5N1)	521	51
PA|PP755594.1|A/cattle/Texas/24-008749-003/2024(H5N1)	522	50
PA|PP755594.1|A/cattle/Texas/24-008749-003/2024(H5N1)	523	51
PA|PP755594.1|A/cattle/Texas/24-008749-003/2024(H5N1)	524	51
PA|PP755594.1|A/cattle/Texas/24-008749-003/2024(H5N1)	525	51
PA|PP755594.1|A/cattle/Texas/24-008749-003/2024(H5N1)	526	52
PA|PP755594.1|A/cattle/Texas/24-008749-003/2024(H5N1)	527	52
PA|PP755594.1|A/cattle/Texas/24-008749-003/2024(H5N1)	528	51
PA|PP755594.1|A/cattle/Texas/24-008749-003/2024(H5N1)	529	50
PA|PP755594.1|A/cattle/Texas/24-008749-003/2024(H5N1)	530	52
PA|PP755594.1|A/cattle/Texas/24-008749-003/2024(H5N1)	531	52
PA|PP755594.1|A/cattle/Texas/24-008749-003/2024(H5N1)	532	52
PA|PP755594.1|A/cattle/Texas/24-008749-003/2024(H5N1)	533	53
PA|PP755594.1|A/cattle/Texas/24-008749-003/2024(H5N1)	534	53
PA|PP755594.1|A/cattle/Texas/24-008749-003/2024(H5N1)	535	53
PA|PP755594.1|A/cattle/Texas/24-008749-003/2024(H5N1)	536	52
PA|PP755594.1|A/cattle/Texas/24-008749-003/2024(H5N1)	537	52
PA|PP755594.1|A/cattle/Texas/24-008749-003/2024(H5N1)	538	52
PA|PP755594.1|A/cattle/Texas/24-008749-003/2024(H5N1)	539	50
PA|PP755594.1|A/cattle/Texas/24-008749-003/2024(H5N1)	540	50
PA|PP755594.1|A/cattle/Texas/24-008749-003/2024(H5N1)	541	50
PA|PP755594.1|A/cattle/Texas/24-008749-003/2024(H5N1)	542	50
PA|PP755594.1|A/cattle/Texas/24-008749-003/2024(H5N1)	543	49
PA|PP755594.1|A/cattle/Texas/24-008749-003/2024(H5N1)	544	50
PA|PP755594.1|A/cattle/Texas/24-008749-003/2024(H5N1)	545	50
PA|PP755594.1|A/cattle/Texas/24-008749-003/2024(H5N1)	546	50
PA|PP755594.1|A/cattle/Texas/24-008749-003/2024(H5N1)	547	50
PA|PP755594.1|A/cattle/Texas/24-008749-003/2024(H5N1)	548	50
PA|PP755594.1|A/cattle/Texas/24-008749-003/2024(H5N1)	549	50
PA|PP755594.1|A/cattle/Texas/24-008749-003/2024(H5N1)	550	42
PA|PP755594.1|A/cattle/Texas/24-008749-003/2024(H5N1)	551	42
PA|PP755594.1|A/cattle/Texas/24-008749-003/2024(H5N1)	552	42
PA|PP755594.1|A/cattle/Texas/24-008749-003/2024(H5N1)	553	42
PA|PP755594.1|A/cattle/Texas/24-008749-003/2024(H5N1)	554	43
PA|PP755594.1|A/cattle/Texas/24-008749-003/2024(H5N1)	555	39
PA|PP755594.1|A/cattle/Texas/24-008749-003/2024(H5N1)	556	54
PA|PP755594.1|A/cattle/Texas/24-008749-003/2024(H5N1)	557	56
PA|PP755594.1|A/cattle/Texas/24-008749-003/2024(H5N1)	558	55
PA|PP755594.1|A/cattle/Texas/24-008749-003/2024(H5N1)	559	55
PA|PP755594.1|A/cattle/Texas/24-008749-003/2024(H5N1)	560	55
PA|PP755594.1|A/cattle/Texas/24-008749-003/2024(H5N1)	561	56
PA|PP755594.1|A/cattle/Texas/24-008749-003/2024(H5N1)	562	57
PA|PP755594.1|A/cattle/Texas/24-008749-003/2024(H5N1)	563	57
PA|PP755594.1|A/cattle/Texas/24-008749-003/2024(H5N1)	564	57
PA|PP755594.1|A/cattle/Texas/24-008749-003/2024(H5N1)	565	56
PA|PP755594.1|A/cattle/Texas/24-008749-003/2024(H5N1)	566	57
PA|PP755594.1|A/cattle/Texas/24-008749-003/2024(H5N1)	567	55
PA|PP755594.1|A/cattle/Texas/24-008749-003/2024(H5N1)	568	55
PA|PP755594.1|A/cattle/Texas/24-008749-003/2024(H5N1)	569	57
PA|PP755594.1|A/cattle/Texas/24-008749-003/2024(H5N1)	570	56
PA|PP755594.1|A/cattle/Texas/24-008749-003/2024(H5N1)	571	56
PA|PP755594.1|A/cattle/Texas/24-008749-003/2024(H5N1)	572	56
PA|PP755594.1|A/cattle/Texas/24-008749-003/2024(H5N1)	573	55
PA|PP755594.1|A/cattle/Texas/24-008749-003/2024(H5N1)	574	57
PA|PP755594.1|A/cattle/Texas/24-008749-003/2024(H5N1)	575	57
PA|PP755594.1|A/cattle/Texas/24-008749-003/2024(H5N1)	576	57
PA|PP755594.1|A/cattle/Texas/24-008749-003/2024(H5N1)	577	56
PA|PP755594.1|A/cattle/Texas/24-008749-003/2024(H5N1)	578	56
PA|PP755594.1|A/cattle/Texas/24-008749-003/2024(H5N1)	579	57
PA|PP755594.1|A/cattle/Texas/24-008749-003/2024(H5N1)	580	60
PA|PP755594.1|A/cattle/Texas/24-008749-003/2024(H5N1)	581	60
PA|PP755594.1|A/cattle/Texas/24-008749-003/2024(H5N1)	582	60
PA|PP755594.1|A/cattle/Texas/24-008749-003/2024(H5N1)	583	60
PA|PP755594.1|A/cattle/Texas/24-008749-003/2024(H5N1)	584	60
PA|PP755594.1|A/cattle/Texas/24-008749-003/2024(H5N1)	585	60
PA|PP755594.1|A/cattle/Texas/24-008749-003/2024(H5N1)	586	60
PA|PP755594.1|A/cattle/Texas/24-008749-003/2024(H5N1)	587	56
PA|PP755594.1|A/cattle/Texas/24-008749-003/2024(H5N1)	588	57
PA|PP755594.1|A/cattle/Texas/24-008749-003/2024(H5N1)	589	56
PA|PP755594.1|A/cattle/Texas/24-008749-003/2024(H5N1)	590	56
PA|PP755594.1|A/cattle/Texas/24-008749-003/2024(H5N1)	591	55
PA|PP755594.1|A/cattle/Texas/24-008749-003/2024(H5N1)	592	55
PA|PP755594.1|A/cattle/Texas/24-008749-003/2024(H5N1)	593	55
PA|PP755594.1|A/cattle/Texas/24-008749-003/2024(H5N1)	594	55
PA|PP755594.1|A/cattle/Texas/24-008749-003/2024(H5N1)	595	55
PA|PP755594.1|A/cattle/Texas/24-008749-003/2024(H5N1)	596	55
PA|PP755594.1|A/cattle/Texas/24-008749-003/2024(H5N1)	597	54
PA|PP755594.1|A/cattle/Texas/24-008749-003/2024(H5N1)	598	54
PA|PP755594.1|A/cattle/Texas/24-008749-003/2024(H5N1)	599	56
PA|PP755594.1|A/cattle/Texas/24-008749-003/2024(H5N1)	600	56
PA|PP755594.1|A/cattle/Texas/24-008749-003/2024(H5N1)	601	56
PA|PP755594.1|A/cattle/Texas/24-008749-003/2024(H5N1)	602	56
PA|PP755594.1|A/cattle/Texas/24-008749-003/2024(H5N1)	603	56
PA|PP755594.1|A/cattle/Texas/24-008749-003/2024(H5N1)	604	56
PA|PP755594.1|A/cattle/Texas/24-008749-003/2024(H5N1)	605	56
PA|PP755594.1|A/cattle/Texas/24-008749-003/2024(H5N1)	606	56
PA|PP755594.1|A/cattle/Texas/24-008749-003/2024(H5N1)	607	56
PA|PP755594.1|A/cattle/Texas/24-008749-003/2024(H5N1)	608	56
PA|PP755594.1|A/cattle/Texas/24-008749-003/2024(H5N1)	609	56
PA|PP755594.1|A/cattle/Texas/24-008749-003/2024(H5N1)	610	56
PA|PP755594.1|A/cattle/Texas/24-008749-003/2024(H5N1)	611	54
PA|PP755594.1|A/cattle/Texas/24-008749-003/2024(H5N1)	612	54
PA|PP755594.1|A/cattle/Texas/24-008749-003/2024(H5N1)	613	55
PA|PP755594.1|A/cattle/Texas/24-008749-003/2024(H5N1)	614	55
PA|PP755594.1|A/cattle/Texas/24-008749-003/2024(H5N1)	615	54
PA|PP755594.1|A/cattle/Texas/24-008749-003/2024(H5N1)	616	54
PA|PP755594.1|A/cattle/Texas/24-008749-003/2024(H5N1)	617	52
PA|PP755594.1|A/cattle/Texas/24-008749-003/2024(H5N1)	618	52
PA|PP755594.1|A/cattle/Texas/24-008749-003/2024(H5N1)	619	52
PA|PP755594.1|A/cattle/Texas/24-008749-003/2024(H5N1)	620	52
PA|PP755594.1|A/cattle/Texas/24-008749-003/2024(H5N1)	621	53
PA|PP755594.1|A/cattle/Texas/24-008749-003/2024(H5N1)	622	53
PA|PP755594.1|A/cattle/Texas/24-008749-003/2024(H5N1)	623	52
PA|PP755594.1|A/cattle/Texas/24-008749-003/2024(H5N1)	624	52
PA|PP755594.1|A/cattle/Texas/24-008749-003/2024(H5N1)	625	52
PA|PP755594.1|A/cattle/Texas/24-008749-003/2024(H5N1)	626	52
PA|PP755594.1|A/cattle/Texas/24-008749-003/2024(H5N1)	627	52
PA|PP755594.1|A/cattle/Texas/24-008749-003/2024(H5N1)	628	53
PA|PP755594.1|A/cattle/Texas/24-008749-003/2024(H5N1)	629	49
PA|PP755594.1|A/cattle/Texas/24-008749-003/2024(H5N1)	630	48
PA|PP755594.1|A/cattle/Texas/24-008749-003/2024(H5N1)	631	48
PA|PP755594.1|A/cattle/Texas/24-008749-003/2024(H5N1)	632	48
PA|PP755594.1|A/cattle/Texas/24-008749-003/2024(H5N1)	633	49
PA|PP755594.1|A/cattle/Texas/24-008749-003/2024(H5N1)	634	49
PA|PP755594.1|A/cattle/Texas/24-008749-003/2024(H5N1)	635	49
PA|PP755594.1|A/cattle/Texas/24-008749-003/2024(H5N1)	636	49
PA|PP755594.1|A/cattle/Texas/24-008749-003/2024(H5N1)	637	47
PA|PP755594.1|A/cattle/Texas/24-008749-003/2024(H5N1)	638	48
PA|PP755594.1|A/cattle/Texas/24-008749-003/2024(H5N1)	639	49
PA|PP755594.1|A/cattle/Texas/24-008749-003/2024(H5N1)	640	49
PA|PP755594.1|A/cattle/Texas/24-008749-003/2024(H5N1)	641	47
PA|PP755594.1|A/cattle/Texas/24-008749-003/2024(H5N1)	642	47
PA|PP755594.1|A/cattle/Texas/24-008749-003/2024(H5N1)	643	47
PA|PP755594.1|A/cattle/Texas/24-008749-003/2024(H5N1)	644	45
PA|PP755594.1|A/cattle/Texas/24-008749-003/2024(H5N1)	645	44
PA|PP755594.1|A/cattle/Texas/24-008749-003/2024(H5N1)	646	46
PA|PP755594.1|A/cattle/Texas/24-008749-003/2024(H5N1)	647	45
PA|PP755594.1|A/cattle/Texas/24-008749-003/2024(H5N1)	648	46
PA|PP755594.1|A/cattle/Texas/24-008749-003/2024(H5N1)	649	47
PA|PP755594.1|A/cattle/Texas/24-008749-003/2024(H5N1)	650	47
PA|PP755594.1|A/cattle/Texas/24-008749-003/2024(H5N1)	651	47
PA|PP755594.1|A/cattle/Texas/24-008749-003/2024(H5N1)	652	47
PA|PP755594.1|A/cattle/Texas/24-008749-003/2024(H5N1)	653	47
PA|PP755594.1|A/cattle/Texas/24-008749-003/2024(H5N1)	654	47
PA|PP755594.1|A/cattle/Texas/24-008749-003/2024(H5N1)	655	43
PA|PP755594.1|A/cattle/Texas/24-008749-003/2024(H5N1)	656	43
PA|PP755594.1|A/cattle/Texas/24-008749-003/2024(H5N1)	657	43
PA|PP755594.1|A/cattle/Texas/24-008749-003/2024(H5N1)	658	46
PA|PP755594.1|A/cattle/Texas/24-008749-003/2024(H5N1)	659	46
PA|PP755594.1|A/cattle/Texas/24-008749-003/2024(H5N1)	660	46
PA|PP755594.1|A/cattle/Texas/24-008749-003/2024(H5N1)	661	42
PA|PP755594.1|A/cattle/Texas/24-008749-003/2024(H5N1)	662	40
PA|PP755594.1|A/cattle/Texas/24-008749-003/2024(H5N1)	663	40
PA|PP755594.1|A/cattle/Texas/24-008749-003/2024(H5N1)	664	40
PA|PP755594.1|A/cattle/Texas/24-008749-003/2024(H5N1)	665	40
PA|PP755594.1|A/cattle/Texas/24-008749-003/2024(H5N1)	666	41
PA|PP755594.1|A/cattle/Texas/24-008749-003/2024(H5N1)	667	41
PA|PP755594.1|A/cattle/Texas/24-008749-003/2024(H5N1)	668	42
PA|PP755594.1|A/cattle/Texas/24-008749-003/2024(H5N1)	669	42
PA|PP755594.1|A/cattle/Texas/24-008749-003/2024(H5N1)	670	43
PA|PP755594.1|A/cattle/Texas/24-008749-003/2024(H5N1)	671	43
PA|PP755594.1|A/cattle/Texas/24-008749-003/2024(H5N1)	672	43
PA|PP755594.1|A/cattle/Texas/24-008749-003/2024(H5N1)	673	42
PA|PP755594.1|A/cattle/Texas/24-008749-003/2024(H5N1)	674	42
PA|PP755594.1|A/cattle/Texas/24-008749-003/2024(H5N1)	675	43
PA|PP755594.1|A/cattle/Texas/24-008749-003/2024(H5N1)	676	43
PA|PP755594.1|A/cattle/Texas/24-008749-003/2024(H5N1)	677	43
PA|PP755594.1|A/cattle/Texas/24-008749-003/2024(H5N1)	678	43
PA|PP755594.1|A/cattle/Texas/24-008749-003/2024(H5N1)	679	40
PA|PP755594.1|A/cattle/Texas/24-008749-003/2024(H5N1)	680	43
PA|PP755594.1|A/cattle/Texas/24-008749-003/2024(H5N1)	681	43
PA|PP755594.1|A/cattle/Texas/24-008749-003/2024(H5N1)	682	43
PA|PP755594.1|A/cattle/Texas/24-008749-003/2024(H5N1)	683	41
PA|PP755594.1|A/cattle/Texas/24-008749-003/2024(H5N1)	684	41
PA|PP755594.1|A/cattle/Texas/24-008749-003/2024(H5N1)	685	44
PA|PP755594.1|A/cattle/Texas/24-008749-003/2024(H5N1)	686	44
PA|PP755594.1|A/cattle/Texas/24-008749-003/2024(H5N1)	687	44
PA|PP755594.1|A/cattle/Texas/24-008749-003/2024(H5N1)	688	44
PA|PP755594.1|A/cattle/Texas/24-008749-003/2024(H5N1)	689	44
PA|PP755594.1|A/cattle/Texas/24-008749-003/2024(H5N1)	690	44
PA|PP755594.1|A/cattle/Texas/24-008749-003/2024(H5N1)	691	44
PA|PP755594.1|A/cattle/Texas/24-008749-003/2024(H5N1)	692	44
PA|PP755594.1|A/cattle/Texas/24-008749-003/2024(H5N1)	693	45
PA|PP755594.1|A/cattle/Texas/24-008749-003/2024(H5N1)	694	45
PA|PP755594.1|A/cattle/Texas/24-008749-003/2024(H5N1)	695	45
PA|PP755594.1|A/cattle/Texas/24-008749-003/2024(H5N1)	696	45
PA|PP755594.1|A/cattle/Texas/24-008749-003/2024(H5N1)	697	45
PA|PP755594.1|A/cattle/Texas/24-008749-003/2024(H5N1)	698	45
PA|PP755594.1|A/cattle/Texas/24-008749-003/2024(H5N1)	699	45
PA|PP755594.1|A/cattle/Texas/24-008749-003/2024(H5N1)	700	45
PA|PP755594.1|A/cattle/Texas/24-008749-003/2024(H5N1)	701	46
PA|PP755594.1|A/cattle/Texas/24-008749-003/2024(H5N1)	702	42
PA|PP755594.1|A/cattle/Texas/24-008749-003/2024(H5N1)	703	42
PA|PP755594.1|A/cattle/Texas/24-008749-003/2024(H5N1)	704	41
PA|PP755594.1|A/cattle/Texas/24-008749-003/2024(H5N1)	705	41
PA|PP755594.1|A/cattle/Texas/24-008749-003/2024(H5N1)	706	41
PA|PP755594.1|A/cattle/Texas/24-008749-003/2024(H5N1)	707	38
PA|PP755594.1|A/cattle/Texas/24-008749-003/2024(H5N1)	708	37
PA|PP755594.1|A/cattle/Texas/24-008749-003/2024(H5N1)	709	37
PA|PP755594.1|A/cattle/Texas/24-008749-003/2024(H5N1)	710	37
PA|PP755594.1|A/cattle/Texas/24-008749-003/2024(H5N1)	711	37
PA|PP755594.1|A/cattle/Texas/24-008749-003/2024(H5N1)	712	36
PA|PP755594.1|A/cattle/Texas/24-008749-003/2024(H5N1)	713	36
PA|PP755594.1|A/cattle/Texas/24-008749-003/2024(H5N1)	714	36
PA|PP755594.1|A/cattle/Texas/24-008749-003/2024(H5N1)	715	36
PA|PP755594.1|A/cattle/Texas/24-008749-003/2024(H5N1)	716	36
PA|PP755594.1|A/cattle/Texas/24-008749-003/2024(H5N1)	717	37
PA|PP755594.1|A/cattle/Texas/24-008749-003/2024(H5N1)	718	37
PA|PP755594.1|A/cattle/Texas/24-008749-003/2024(H5N1)	719	39
PA|PP755594.1|A/cattle/Texas/24-008749-003/2024(H5N1)	720	37
PA|PP755594.1|A/cattle/Texas/24-008749-003/2024(H5N1)	721	37
PA|PP755594.1|A/cattle/Texas/24-008749-003/2024(H5N1)	722	37
PA|PP755594.1|A/cattle/Texas/24-008749-003/2024(H5N1)	723	37
PA|PP755594.1|A/cattle/Texas/24-008749-003/2024(H5N1)	724	38
PA|PP755594.1|A/cattle/Texas/24-008749-003/2024(H5N1)	725	36
PA|PP755594.1|A/cattle/Texas/24-008749-003/2024(H5N1)	726	35
PA|PP755594.1|A/cattle/Texas/24-008749-003/2024(H5N1)	727	35
PA|PP755594.1|A/cattle/Texas/24-008749-003/2024(H5N1)	728	33
PA|PP755594.1|A/cattle/Texas/24-008749-003/2024(H5N1)	729	34
PA|PP755594.1|A/cattle/Texas/24-008749-003/2024(H5N1)	730	33
PA|PP755594.1|A/cattle/Texas/24-008749-003/2024(H5N1)	731	34
PA|PP755594.1|A/cattle/Texas/24-008749-003/2024(H5N1)	732	34
PA|PP755594.1|A/cattle/Texas/24-008749-003/2024(H5N1)	733	33
PA|PP755594.1|A/cattle/Texas/24-008749-003/2024(H5N1)	734	33
PA|PP755594.1|A/cattle/Texas/24-008749-003/2024(H5N1)	735	36
PA|PP755594.1|A/cattle/Texas/24-008749-003/2024(H5N1)	736	38
PA|PP755594.1|A/cattle/Texas/24-008749-003/2024(H5N1)	737	38
PA|PP755594.1|A/cattle/Texas/24-008749-003/2024(H5N1)	738	37
PA|PP755594.1|A/cattle/Texas/24-008749-003/2024(H5N1)	739	37
PA|PP755594.1|A/cattle/Texas/24-008749-003/2024(H5N1)	740	37
PA|PP755594.1|A/cattle/Texas/24-008749-003/2024(H5N1)	741	37
PA|PP755594.1|A/cattle/Texas/24-008749-003/2024(H5N1)	742	37
PA|PP755594.1|A/cattle/Texas/24-008749-003/2024(H5N1)	743	37
PA|PP755594.1|A/cattle/Texas/24-008749-003/2024(H5N1)	744	38
PA|PP755594.1|A/cattle/Texas/24-008749-003/2024(H5N1)	745	38
PA|PP755594.1|A/cattle/Texas/24-008749-003/2024(H5N1)	746	38
PA|PP755594.1|A/cattle/Texas/24-008749-003/2024(H5N1)	747	38
PA|PP755594.1|A/cattle/Texas/24-008749-003/2024(H5N1)	748	38
PA|PP755594.1|A/cattle/Texas/24-008749-003/2024(H5N1)	749	38
PA|PP755594.1|A/cattle/Texas/24-008749-003/2024(H5N1)	750	38
PA|PP755594.1|A/cattle/Texas/24-008749-003/2024(H5N1)	751	38
PA|PP755594.1|A/cattle/Texas/24-008749-003/2024(H5N1)	752	38
PA|PP755594.1|A/cattle/Texas/24-008749-003/2024(H5N1)	753	38
PA|PP755594.1|A/cattle/Texas/24-008749-003/2024(H5N1)	754	38
PA|PP755594.1|A/cattle/Texas/24-008749-003/2024(H5N1)	755	40
PA|PP755594.1|A/cattle/Texas/24-008749-003/2024(H5N1)	756	40
PA|PP755594.1|A/cattle/Texas/24-008749-003/2024(H5N1)	757	41
PA|PP755594.1|A/cattle/Texas/24-008749-003/2024(H5N1)	758	43
PA|PP755594.1|A/cattle/Texas/24-008749-003/2024(H5N1)	759	43
PA|PP755594.1|A/cattle/Texas/24-008749-003/2024(H5N1)	760	43
PA|PP755594.1|A/cattle/Texas/24-008749-003/2024(H5N1)	761	43
PA|PP755594.1|A/cattle/Texas/24-008749-003/2024(H5N1)	762	44
PA|PP755594.1|A/cattle/Texas/24-008749-003/2024(H5N1)	763	44
PA|PP755594.1|A/cattle/Texas/24-008749-003/2024(H5N1)	764	45
PA|PP755594.1|A/cattle/Texas/24-008749-003/2024(H5N1)	765	45
PA|PP755594.1|A/cattle/Texas/24-008749-003/2024(H5N1)	766	45
PA|PP755594.1|A/cattle/Texas/24-008749-003/2024(H5N1)	767	45
PA|PP755594.1|A/cattle/Texas/24-008749-003/2024(H5N1)	768	48
PA|PP755594.1|A/cattle/Texas/24-008749-003/2024(H5N1)	769	48
PA|PP755594.1|A/cattle/Texas/24-008749-003/2024(H5N1)	770	48
PA|PP755594.1|A/cattle/Texas/24-008749-003/2024(H5N1)	771	47
PA|PP755594.1|A/cattle/Texas/24-008749-003/2024(H5N1)	772	46
PA|PP755594.1|A/cattle/Texas/24-008749-003/2024(H5N1)	773	46
PA|PP755594.1|A/cattle/Texas/24-008749-003/2024(H5N1)	774	46
PA|PP755594.1|A/cattle/Texas/24-008749-003/2024(H5N1)	775	47
PA|PP755594.1|A/cattle/Texas/24-008749-003/2024(H5N1)	776	47
PA|PP755594.1|A/cattle/Texas/24-008749-003/2024(H5N1)	777	47
PA|PP755594.1|A/cattle/Texas/24-008749-003/2024(H5N1)	778	47
PA|PP755594.1|A/cattle/Texas/24-008749-003/2024(H5N1)	779	46
PA|PP755594.1|A/cattle/Texas/24-008749-003/2024(H5N1)	780	46
PA|PP755594.1|A/cattle/Texas/24-008749-003/2024(H5N1)	781	46
PA|PP755594.1|A/cattle/Texas/24-008749-003/2024(H5N1)	782	46
PA|PP755594.1|A/cattle/Texas/24-008749-003/2024(H5N1)	783	46
PA|PP755594.1|A/cattle/Texas/24-008749-003/2024(H5N1)	784	45
PA|PP755594.1|A/cattle/Texas/24-008749-003/2024(H5N1)	785	45
PA|PP755594.1|A/cattle/Texas/24-008749-003/2024(H5N1)	786	45
PA|PP755594.1|A/cattle/Texas/24-008749-003/2024(H5N1)	787	45
PA|PP755594.1|A/cattle/Texas/24-008749-003/2024(H5N1)	788	45
PA|PP755594.1|A/cattle/Texas/24-008749-003/2024(H5N1)	789	44
PA|PP755594.1|A/cattle/Texas/24-008749-003/2024(H5N1)	790	44
PA|PP755594.1|A/cattle/Texas/24-008749-003/2024(H5N1)	791	45
PA|PP755594.1|A/cattle/Texas/24-008749-003/2024(H5N1)	792	45
PA|PP755594.1|A/cattle/Texas/24-008749-003/2024(H5N1)	793	45
PA|PP755594.1|A/cattle/Texas/24-008749-003/2024(H5N1)	794	45
PA|PP755594.1|A/cattle/Texas/24-008749-003/2024(H5N1)	795	45
PA|PP755594.1|A/cattle/Texas/24-008749-003/2024(H5N1)	796	43
PA|PP755594.1|A/cattle/Texas/24-008749-003/2024(H5N1)	797	42
PA|PP755594.1|A/cattle/Texas/24-008749-003/2024(H5N1)	798	42
PA|PP755594.1|A/cattle/Texas/24-008749-003/2024(H5N1)	799	40
PA|PP755594.1|A/cattle/Texas/24-008749-003/2024(H5N1)	800	41
PA|PP755594.1|A/cattle/Texas/24-008749-003/2024(H5N1)	801	41
PA|PP755594.1|A/cattle/Texas/24-008749-003/2024(H5N1)	802	41
PA|PP755594.1|A/cattle/Texas/24-008749-003/2024(H5N1)	803	41
PA|PP755594.1|A/cattle/Texas/24-008749-003/2024(H5N1)	804	41
PA|PP755594.1|A/cattle/Texas/24-008749-003/2024(H5N1)	805	41
PA|PP755594.1|A/cattle/Texas/24-008749-003/2024(H5N1)	806	41
PA|PP755594.1|A/cattle/Texas/24-008749-003/2024(H5N1)	807	41
PA|PP755594.1|A/cattle/Texas/24-008749-003/2024(H5N1)	808	41
PA|PP755594.1|A/cattle/Texas/24-008749-003/2024(H5N1)	809	38
PA|PP755594.1|A/cattle/Texas/24-008749-003/2024(H5N1)	810	38
PA|PP755594.1|A/cattle/Texas/24-008749-003/2024(H5N1)	811	38
PA|PP755594.1|A/cattle/Texas/24-008749-003/2024(H5N1)	812	38
PA|PP755594.1|A/cattle/Texas/24-008749-003/2024(H5N1)	813	38
PA|PP755594.1|A/cattle/Texas/24-008749-003/2024(H5N1)	814	38
PA|PP755594.1|A/cattle/Texas/24-008749-003/2024(H5N1)	815	38
PA|PP755594.1|A/cattle/Texas/24-008749-003/2024(H5N1)	816	38
PA|PP755594.1|A/cattle/Texas/24-008749-003/2024(H5N1)	817	38
PA|PP755594.1|A/cattle/Texas/24-008749-003/2024(H5N1)	818	38
PA|PP755594.1|A/cattle/Texas/24-008749-003/2024(H5N1)	819	32
PA|PP755594.1|A/cattle/Texas/24-008749-003/2024(H5N1)	820	32
PA|PP755594.1|A/cattle/Texas/24-008749-003/2024(H5N1)	821	31
PA|PP755594.1|A/cattle/Texas/24-008749-003/2024(H5N1)	822	31
PA|PP755594.1|A/cattle/Texas/24-008749-003/2024(H5N1)	823	31
PA|PP755594.1|A/cattle/Texas/24-008749-003/2024(H5N1)	824	31
PA|PP755594.1|A/cattle/Texas/24-008749-003/2024(H5N1)	825	31
PA|PP755594.1|A/cattle/Texas/24-008749-003/2024(H5N1)	826	30
PA|PP755594.1|A/cattle/Texas/24-008749-003/2024(H5N1)	827	30
PA|PP755594.1|A/cattle/Texas/24-008749-003/2024(H5N1)	828	30
PA|PP755594.1|A/cattle/Texas/24-008749-003/2024(H5N1)	829	30
PA|PP755594.1|A/cattle/Texas/24-008749-003/2024(H5N1)	830	30
PA|PP755594.1|A/cattle/Texas/24-008749-003/2024(H5N1)	831	30
PA|PP755594.1|A/cattle/Texas/24-008749-003/2024(H5N1)	832	30
PA|PP755594.1|A/cattle/Texas/24-008749-003/2024(H5N1)	833	30
PA|PP755594.1|A/cattle/Texas/24-008749-003/2024(H5N1)	834	30
PA|PP755594.1|A/cattle/Texas/24-008749-003/2024(H5N1)	835	30
PA|PP755594.1|A/cattle/Texas/24-008749-003/2024(H5N1)	836	27
PA|PP755594.1|A/cattle/Texas/24-008749-003/2024(H5N1)	837	27
PA|PP755594.1|A/cattle/Texas/24-008749-003/2024(H5N1)	838	27
PA|PP755594.1|A/cattle/Texas/24-008749-003/2024(H5N1)	839	27
PA|PP755594.1|A/cattle/Texas/24-008749-003/2024(H5N1)	840	24
PA|PP755594.1|A/cattle/Texas/24-008749-003/2024(H5N1)	841	24
PA|PP755594.1|A/cattle/Texas/24-008749-003/2024(H5N1)	842	24
PA|PP755594.1|A/cattle/Texas/24-008749-003/2024(H5N1)	843	24
PA|PP755594.1|A/cattle/Texas/24-008749-003/2024(H5N1)	844	24
PA|PP755594.1|A/cattle/Texas/24-008749-003/2024(H5N1)	845	24
PA|PP755594.1|A/cattle/Texas/24-008749-003/2024(H5N1)	846	24
PA|PP755594.1|A/cattle/Texas/24-008749-003/2024(H5N1)	847	24
PA|PP755594.1|A/cattle/Texas/24-008749-003/2024(H5N1)	848	24
PA|PP755594.1|A/cattle/Texas/24-008749-003/2024(H5N1)	849	24
PA|PP755594.1|A/cattle/Texas/24-008749-003/2024(H5N1)	850	24
PA|PP755594.1|A/cattle/Texas/24-008749-003/2024(H5N1)	851	24
PA|PP755594.1|A/cattle/Texas/24-008749-003/2024(H5N1)	852	24
PA|PP755594.1|A/cattle/Texas/24-008749-003/2024(H5N1)	853	24
PA|PP755594.1|A/cattle/Texas/24-008749-003/2024(H5N1)	854	24
PA|PP755594.1|A/cattle/Texas/24-008749-003/2024(H5N1)	855	24
PA|PP755594.1|A/cattle/Texas/24-008749-003/2024(H5N1)	856	24
PA|PP755594.1|A/cattle/Texas/24-008749-003/2024(H5N1)	857	24
PA|PP755594.1|A/cattle/Texas/24-008749-003/2024(H5N1)	858	24
PA|PP755594.1|A/cattle/Texas/24-008749-003/2024(H5N1)	859	24
PA|PP755594.1|A/cattle/Texas/24-008749-003/2024(H5N1)	860	24
PA|PP755594.1|A/cattle/Texas/24-008749-003/2024(H5N1)	861	8
PA|PP755594.1|A/cattle/Texas/24-008749-003/2024(H5N1)	862	8
PA|PP755594.1|A/cattle/Texas/24-008749-003/2024(H5N1)	863	8
PA|PP755594.1|A/cattle/Texas/24-008749-003/2024(H5N1)	864	8
PA|PP755594.1|A/cattle/Texas/24-008749-003/2024(H5N1)	865	8
PA|PP755594.1|A/cattle/Texas/24-008749-003/2024(H5N1)	866	8
PA|PP755594.1|A/cattle/Texas/24-008749-003/2024(H5N1)	867	8
PA|PP755594.1|A/cattle/Texas/24-008749-003/2024(H5N1)	868	8
PA|PP755594.1|A/cattle/Texas/24-008749-003/2024(H5N1)	869	8
PA|PP755594.1|A/cattle/Texas/24-008749-003/2024(H5N1)	870	8
PA|PP755594.1|A/cattle/Texas/24-008749-003/2024(H5N1)	871	8
PA|PP755594.1|A/cattle/Texas/24-008749-003/2024(H5N1)	872	9
PA|PP755594.1|A/cattle/Texas/24-008749-003/2024(H5N1)	873	9
PA|PP755594.1|A/cattle/Texas/24-008749-003/2024(H5N1)	874	9
PA|PP755594.1|A/cattle/Texas/24-008749-003/2024(H5N1)	875	9
PA|PP755594.1|A/cattle/Texas/24-008749-003/2024(H5N1)	876	9
PA|PP755594.1|A/cattle/Texas/24-008749-003/2024(H5N1)	877	9
PA|PP755594.1|A/cattle/Texas/24-008749-003/2024(H5N1)	878	9
PA|PP755594.1|A/cattle/Texas/24-008749-003/2024(H5N1)	879	9
PA|PP755594.1|A/cattle/Texas/24-008749-003/2024(H5N1)	880	27
PA|PP755594.1|A/cattle/Texas/24-008749-003/2024(H5N1)	881	29
PA|PP755594.1|A/cattle/Texas/24-008749-003/2024(H5N1)	882	29
PA|PP755594.1|A/cattle/Texas/24-008749-003/2024(H5N1)	883	29
PA|PP755594.1|A/cattle/Texas/24-008749-003/2024(H5N1)	884	29
PA|PP755594.1|A/cattle/Texas/24-008749-003/2024(H5N1)	885	29
PA|PP755594.1|A/cattle/Texas/24-008749-003/2024(H5N1)	886	30
PA|PP755594.1|A/cattle/Texas/24-008749-003/2024(H5N1)	887	30
PA|PP755594.1|A/cattle/Texas/24-008749-003/2024(H5N1)	888	30
PA|PP755594.1|A/cattle/Texas/24-008749-003/2024(H5N1)	889	30
PA|PP755594.1|A/cattle/Texas/24-008749-003/2024(H5N1)	890	30
PA|PP755594.1|A/cattle/Texas/24-008749-003/2024(H5N1)	891	31
PA|PP755594.1|A/cattle/Texas/24-008749-003/2024(H5N1)	892	31
PA|PP755594.1|A/cattle/Texas/24-008749-003/2024(H5N1)	893	32
PA|PP755594.1|A/cattle/Texas/24-008749-003/2024(H5N1)	894	33
PA|PP755594.1|A/cattle/Texas/24-008749-003/2024(H5N1)	895	36
PA|PP755594.1|A/cattle/Texas/24-008749-003/2024(H5N1)	896	36
PA|PP755594.1|A/cattle/Texas/24-008749-003/2024(H5N1)	897	36
PA|PP755594.1|A/cattle/Texas/24-008749-003/2024(H5N1)	898	36
PA|PP755594.1|A/cattle/Texas/24-008749-003/2024(H5N1)	899	36
PA|PP755594.1|A/cattle/Texas/24-008749-003/2024(H5N1)	900	37
PA|PP755594.1|A/cattle/Texas/24-008749-003/2024(H5N1)	901	37
PA|PP755594.1|A/cattle/Texas/24-008749-003/2024(H5N1)	902	39
PA|PP755594.1|A/cattle/Texas/24-008749-003/2024(H5N1)	903	39
PA|PP755594.1|A/cattle/Texas/24-008749-003/2024(H5N1)	904	40
PA|PP755594.1|A/cattle/Texas/24-008749-003/2024(H5N1)	905	40
PA|PP755594.1|A/cattle/Texas/24-008749-003/2024(H5N1)	906	40
PA|PP755594.1|A/cattle/Texas/24-008749-003/2024(H5N1)	907	46
PA|PP755594.1|A/cattle/Texas/24-008749-003/2024(H5N1)	908	46
PA|PP755594.1|A/cattle/Texas/24-008749-003/2024(H5N1)	909	44
PA|PP755594.1|A/cattle/Texas/24-008749-003/2024(H5N1)	910	44
PA|PP755594.1|A/cattle/Texas/24-008749-003/2024(H5N1)	911	44
PA|PP755594.1|A/cattle/Texas/24-008749-003/2024(H5N1)	912	44
PA|PP755594.1|A/cattle/Texas/24-008749-003/2024(H5N1)	913	44
PA|PP755594.1|A/cattle/Texas/24-008749-003/2024(H5N1)	914	44
PA|PP755594.1|A/cattle/Texas/24-008749-003/2024(H5N1)	915	44
PA|PP755594.1|A/cattle/Texas/24-008749-003/2024(H5N1)	916	44
PA|PP755594.1|A/cattle/Texas/24-008749-003/2024(H5N1)	917	44
PA|PP755594.1|A/cattle/Texas/24-008749-003/2024(H5N1)	918	43
PA|PP755594.1|A/cattle/Texas/24-008749-003/2024(H5N1)	919	43
PA|PP755594.1|A/cattle/Texas/24-008749-003/2024(H5N1)	920	43
PA|PP755594.1|A/cattle/Texas/24-008749-003/2024(H5N1)	921	43
PA|PP755594.1|A/cattle/Texas/24-008749-003/2024(H5N1)	922	43
PA|PP755594.1|A/cattle/Texas/24-008749-003/2024(H5N1)	923	43
PA|PP755594.1|A/cattle/Texas/24-008749-003/2024(H5N1)	924	43
PA|PP755594.1|A/cattle/Texas/24-008749-003/2024(H5N1)	925	43
PA|PP755594.1|A/cattle/Texas/24-008749-003/2024(H5N1)	926	42
PA|PP755594.1|A/cattle/Texas/24-008749-003/2024(H5N1)	927	42
PA|PP755594.1|A/cattle/Texas/24-008749-003/2024(H5N1)	928	42
PA|PP755594.1|A/cattle/Texas/24-008749-003/2024(H5N1)	929	42
PA|PP755594.1|A/cattle/Texas/24-008749-003/2024(H5N1)	930	42
PA|PP755594.1|A/cattle/Texas/24-008749-003/2024(H5N1)	931	42
PA|PP755594.1|A/cattle/Texas/24-008749-003/2024(H5N1)	932	42
PA|PP755594.1|A/cattle/Texas/24-008749-003/2024(H5N1)	933	42
PA|PP755594.1|A/cattle/Texas/24-008749-003/2024(H5N1)	934	42
PA|PP755594.1|A/cattle/Texas/24-008749-003/2024(H5N1)	935	42
PA|PP755594.1|A/cattle/Texas/24-008749-003/2024(H5N1)	936	42
PA|PP755594.1|A/cattle/Texas/24-008749-003/2024(H5N1)	937	42
PA|PP755594.1|A/cattle/Texas/24-008749-003/2024(H5N1)	938	41
PA|PP755594.1|A/cattle/Texas/24-008749-003/2024(H5N1)	939	41
PA|PP755594.1|A/cattle/Texas/24-008749-003/2024(H5N1)	940	41
PA|PP755594.1|A/cattle/Texas/24-008749-003/2024(H5N1)	941	41
PA|PP755594.1|A/cattle/Texas/24-008749-003/2024(H5N1)	942	40
PA|PP755594.1|A/cattle/Texas/24-008749-003/2024(H5N1)	943	40
PA|PP755594.1|A/cattle/Texas/24-008749-003/2024(H5N1)	944	40
PA|PP755594.1|A/cattle/Texas/24-008749-003/2024(H5N1)	945	40
PA|PP755594.1|A/cattle/Texas/24-008749-003/2024(H5N1)	946	40
PA|PP755594.1|A/cattle/Texas/24-008749-003/2024(H5N1)	947	40
PA|PP755594.1|A/cattle/Texas/24-008749-003/2024(H5N1)	948	39
PA|PP755594.1|A/cattle/Texas/24-008749-003/2024(H5N1)	949	39
PA|PP755594.1|A/cattle/Texas/24-008749-003/2024(H5N1)	950	39
PA|PP755594.1|A/cattle/Texas/24-008749-003/2024(H5N1)	951	39
PA|PP755594.1|A/cattle/Texas/24-008749-003/2024(H5N1)	952	39
PA|PP755594.1|A/cattle/Texas/24-008749-003/2024(H5N1)	953	39
PA|PP755594.1|A/cattle/Texas/24-008749-003/2024(H5N1)	954	39
PA|PP755594.1|A/cattle/Texas/24-008749-003/2024(H5N1)	955	39
PA|PP755594.1|A/cattle/Texas/24-008749-003/2024(H5N1)	956	39
PA|PP755594.1|A/cattle/Texas/24-008749-003/2024(H5N1)	957	39
PA|PP755594.1|A/cattle/Texas/24-008749-003/2024(H5N1)	958	39
PA|PP755594.1|A/cattle/Texas/24-008749-003/2024(H5N1)	959	39
PA|PP755594.1|A/cattle/Texas/24-008749-003/2024(H5N1)	960	39
PA|PP755594.1|A/cattle/Texas/24-008749-003/2024(H5N1)	961	39
PA|PP755594.1|A/cattle/Texas/24-008749-003/2024(H5N1)	962	39
PA|PP755594.1|A/cattle/Texas/24-008749-003/2024(H5N1)	963	17
PA|PP755594.1|A/cattle/Texas/24-008749-003/2024(H5N1)	964	17
PA|PP755594.1|A/cattle/Texas/24-008749-003/2024(H5N1)	965	17
PA|PP755594.1|A/cattle/Texas/24-008749-003/2024(H5N1)	966	17
PA|PP755594.1|A/cattle/Texas/24-008749-003/2024(H5N1)	967	17
PA|PP755594.1|A/cattle/Texas/24-008749-003/2024(H5N1)	968	17
PA|PP755594.1|A/cattle/Texas/24-008749-003/2024(H5N1)	969	17
PA|PP755594.1|A/cattle/Texas/24-008749-003/2024(H5N1)	970	17
PA|PP755594.1|A/cattle/Texas/24-008749-003/2024(H5N1)	971	17
PA|PP755594.1|A/cattle/Texas/24-008749-003/2024(H5N1)	972	17
PA|PP755594.1|A/cattle/Texas/24-008749-003/2024(H5N1)	973	17
PA|PP755594.1|A/cattle/Texas/24-008749-003/2024(H5N1)	974	17
PA|PP755594.1|A/cattle/Texas/24-008749-003/2024(H5N1)	975	17
PA|PP755594.1|A/cattle/Texas/24-008749-003/2024(H5N1)	976	17
PA|PP755594.1|A/cattle/Texas/24-008749-003/2024(H5N1)	977	17
PA|PP755594.1|A/cattle/Texas/24-008749-003/2024(H5N1)	978	17
PA|PP755594.1|A/cattle/Texas/24-008749-003/2024(H5N1)	979	17
PA|PP755594.1|A/cattle/Texas/24-008749-003/2024(H5N1)	980	17
PA|PP755594.1|A/cattle/Texas/24-008749-003/2024(H5N1)	981	17
PA|PP755594.1|A/cattle/Texas/24-008749-003/2024(H5N1)	982	17
PA|PP755594.1|A/cattle/Texas/24-008749-003/2024(H5N1)	983	17
PA|PP755594.1|A/cattle/Texas/24-008749-003/2024(H5N1)	984	17
PA|PP755594.1|A/cattle/Texas/24-008749-003/2024(H5N1)	985	23
PA|PP755594.1|A/cattle/Texas/24-008749-003/2024(H5N1)	986	23
PA|PP755594.1|A/cattle/Texas/24-008749-003/2024(H5N1)	987	23
PA|PP755594.1|A/cattle/Texas/24-008749-003/2024(H5N1)	988	23
PA|PP755594.1|A/cattle/Texas/24-008749-003/2024(H5N1)	989	23
PA|PP755594.1|A/cattle/Texas/24-008749-003/2024(H5N1)	990	23
PA|PP755594.1|A/cattle/Texas/24-008749-003/2024(H5N1)	991	23
PA|PP755594.1|A/cattle/Texas/24-008749-003/2024(H5N1)	992	24
PA|PP755594.1|A/cattle/Texas/24-008749-003/2024(H5N1)	993	24
PA|PP755594.1|A/cattle/Texas/24-008749-003/2024(H5N1)	994	24
PA|PP755594.1|A/cattle/Texas/24-008749-003/2024(H5N1)	995	24
PA|PP755594.1|A/cattle/Texas/24-008749-003/2024(H5N1)	996	24
PA|PP755594.1|A/cattle/Texas/24-008749-003/2024(H5N1)	997	24
PA|PP755594.1|A/cattle/Texas/24-008749-003/2024(H5N1)	998	24
PA|PP755594.1|A/cattle/Texas/24-008749-003/2024(H5N1)	999	24
PA|PP755594.1|A/cattle/Texas/24-008749-003/2024(H5N1)	1000	24
PA|PP755594.1|A/cattle/Texas/24-008749-003/2024(H5N1)	1001	24
PA|PP755594.1|A/cattle/Texas/24-008749-003/2024(H5N1)	1002	24
PA|PP755594.1|A/cattle/Texas/24-008749-003/2024(H5N1)	1003	24
PA|PP755594.1|A/cattle/Texas/24-008749-003/2024(H5N1)	1004	24
PA|PP755594.1|A/cattle/Texas/24-008749-003/2024(H5N1)	1005	24
PA|PP755594.1|A/cattle/Texas/24-008749-003/2024(H5N1)	1006	25
PA|PP755594.1|A/cattle/Texas/24-008749-003/2024(H5N1)	1007	27
PA|PP755594.1|A/cattle/Texas/24-008749-003/2024(H5N1)	1008	28
PA|PP755594.1|A/cattle/Texas/24-008749-003/2024(H5N1)	1009	28
PA|PP755594.1|A/cattle/Texas/24-008749-003/2024(H5N1)	1010	29
PA|PP755594.1|A/cattle/Texas/24-008749-003/2024(H5N1)	1011	29
PA|PP755594.1|A/cattle/Texas/24-008749-003/2024(H5N1)	1012	29
PA|PP755594.1|A/cattle/Texas/24-008749-003/2024(H5N1)	1013	29
PA|PP755594.1|A/cattle/Texas/24-008749-003/2024(H5N1)	1014	29
PA|PP755594.1|A/cattle/Texas/24-008749-003/2024(H5N1)	1015	30
PA|PP755594.1|A/cattle/Texas/24-008749-003/2024(H5N1)	1016	30
PA|PP755594.1|A/cattle/Texas/24-008749-003/2024(H5N1)	1017	30
PA|PP755594.1|A/cattle/Texas/24-008749-003/2024(H5N1)	1018	30
PA|PP755594.1|A/cattle/Texas/24-008749-003/2024(H5N1)	1019	30
PA|PP755594.1|A/cattle/Texas/24-008749-003/2024(H5N1)	1020	30
PA|PP755594.1|A/cattle/Texas/24-008749-003/2024(H5N1)	1021	31
PA|PP755594.1|A/cattle/Texas/24-008749-003/2024(H5N1)	1022	32
PA|PP755594.1|A/cattle/Texas/24-008749-003/2024(H5N1)	1023	32
PA|PP755594.1|A/cattle/Texas/24-008749-003/2024(H5N1)	1024	35
PA|PP755594.1|A/cattle/Texas/24-008749-003/2024(H5N1)	1025	35
PA|PP755594.1|A/cattle/Texas/24-008749-003/2024(H5N1)	1026	35
PA|PP755594.1|A/cattle/Texas/24-008749-003/2024(H5N1)	1027	35
PA|PP755594.1|A/cattle/Texas/24-008749-003/2024(H5N1)	1028	35
PA|PP755594.1|A/cattle/Texas/24-008749-003/2024(H5N1)	1029	35
PA|PP755594.1|A/cattle/Texas/24-008749-003/2024(H5N1)	1030	35
PA|PP755594.1|A/cattle/Texas/24-008749-003/2024(H5N1)	1031	35
PA|PP755594.1|A/cattle/Texas/24-008749-003/2024(H5N1)	1032	35
PA|PP755594.1|A/cattle/Texas/24-008749-003/2024(H5N1)	1033	35
PA|PP755594.1|A/cattle/Texas/24-008749-003/2024(H5N1)	1034	35
PA|PP755594.1|A/cattle/Texas/24-008749-003/2024(H5N1)	1035	34
PA|PP755594.1|A/cattle/Texas/24-008749-003/2024(H5N1)	1036	34
PA|PP755594.1|A/cattle/Texas/24-008749-003/2024(H5N1)	1037	34
PA|PP755594.1|A/cattle/Texas/24-008749-003/2024(H5N1)	1038	34
PA|PP755594.1|A/cattle/Texas/24-008749-003/2024(H5N1)	1039	34
PA|PP755594.1|A/cattle/Texas/24-008749-003/2024(H5N1)	1040	34
PA|PP755594.1|A/cattle/Texas/24-008749-003/2024(H5N1)	1041	34
PA|PP755594.1|A/cattle/Texas/24-008749-003/2024(H5N1)	1042	29
PA|PP755594.1|A/cattle/Texas/24-008749-003/2024(H5N1)	1043	40
PA|PP755594.1|A/cattle/Texas/24-008749-003/2024(H5N1)	1044	40
PA|PP755594.1|A/cattle/Texas/24-008749-003/2024(H5N1)	1045	40
PA|PP755594.1|A/cattle/Texas/24-008749-003/2024(H5N1)	1046	39
PA|PP755594.1|A/cattle/Texas/24-008749-003/2024(H5N1)	1047	39
PA|PP755594.1|A/cattle/Texas/24-008749-003/2024(H5N1)	1048	39
PA|PP755594.1|A/cattle/Texas/24-008749-003/2024(H5N1)	1049	39
PA|PP755594.1|A/cattle/Texas/24-008749-003/2024(H5N1)	1050	39
PA|PP755594.1|A/cattle/Texas/24-008749-003/2024(H5N1)	1051	38
PA|PP755594.1|A/cattle/Texas/24-008749-003/2024(H5N1)	1052	38
PA|PP755594.1|A/cattle/Texas/24-008749-003/2024(H5N1)	1053	36
PA|PP755594.1|A/cattle/Texas/24-008749-003/2024(H5N1)	1054	36
PA|PP755594.1|A/cattle/Texas/24-008749-003/2024(H5N1)	1055	36
PA|PP755594.1|A/cattle/Texas/24-008749-003/2024(H5N1)	1056	36
PA|PP755594.1|A/cattle/Texas/24-008749-003/2024(H5N1)	1057	37
PA|PP755594.1|A/cattle/Texas/24-008749-003/2024(H5N1)	1058	30
PA|PP755594.1|A/cattle/Texas/24-008749-003/2024(H5N1)	1059	30
PA|PP755594.1|A/cattle/Texas/24-008749-003/2024(H5N1)	1060	30
PA|PP755594.1|A/cattle/Texas/24-008749-003/2024(H5N1)	1061	30
PA|PP755594.1|A/cattle/Texas/24-008749-003/2024(H5N1)	1062	30
PA|PP755594.1|A/cattle/Texas/24-008749-003/2024(H5N1)	1063	30
PA|PP755594.1|A/cattle/Texas/24-008749-003/2024(H5N1)	1064	30
PA|PP755594.1|A/cattle/Texas/24-008749-003/2024(H5N1)	1065	30
PA|PP755594.1|A/cattle/Texas/24-008749-003/2024(H5N1)	1066	30
PA|PP755594.1|A/cattle/Texas/24-008749-003/2024(H5N1)	1067	31
PA|PP755594.1|A/cattle/Texas/24-008749-003/2024(H5N1)	1068	31
PA|PP755594.1|A/cattle/Texas/24-008749-003/2024(H5N1)	1069	31
PA|PP755594.1|A/cattle/Texas/24-008749-003/2024(H5N1)	1070	31
PA|PP755594.1|A/cattle/Texas/24-008749-003/2024(H5N1)	1071	31
PA|PP755594.1|A/cattle/Texas/24-008749-003/2024(H5N1)	1072	36
PA|PP755594.1|A/cattle/Texas/24-008749-003/2024(H5N1)	1073	36
PA|PP755594.1|A/cattle/Texas/24-008749-003/2024(H5N1)	1074	36
PA|PP755594.1|A/cattle/Texas/24-008749-003/2024(H5N1)	1075	36
PA|PP755594.1|A/cattle/Texas/24-008749-003/2024(H5N1)	1076	36
PA|PP755594.1|A/cattle/Texas/24-008749-003/2024(H5N1)	1077	36
PA|PP755594.1|A/cattle/Texas/24-008749-003/2024(H5N1)	1078	36
PA|PP755594.1|A/cattle/Texas/24-008749-003/2024(H5N1)	1079	36
PA|PP755594.1|A/cattle/Texas/24-008749-003/2024(H5N1)	1080	36
PA|PP755594.1|A/cattle/Texas/24-008749-003/2024(H5N1)	1081	36
PA|PP755594.1|A/cattle/Texas/24-008749-003/2024(H5N1)	1082	36
PA|PP755594.1|A/cattle/Texas/24-008749-003/2024(H5N1)	1083	36
PA|PP755594.1|A/cattle/Texas/24-008749-003/2024(H5N1)	1084	37
PA|PP755594.1|A/cattle/Texas/24-008749-003/2024(H5N1)	1085	37
PA|PP755594.1|A/cattle/Texas/24-008749-003/2024(H5N1)	1086	37
PA|PP755594.1|A/cattle/Texas/24-008749-003/2024(H5N1)	1087	37
PA|PP755594.1|A/cattle/Texas/24-008749-003/2024(H5N1)	1088	37
PA|PP755594.1|A/cattle/Texas/24-008749-003/2024(H5N1)	1089	37
PA|PP755594.1|A/cattle/Texas/24-008749-003/2024(H5N1)	1090	37
PA|PP755594.1|A/cattle/Texas/24-008749-003/2024(H5N1)	1091	37
PA|PP755594.1|A/cattle/Texas/24-008749-003/2024(H5N1)	1092	40
PA|PP755594.1|A/cattle/Texas/24-008749-003/2024(H5N1)	1093	42
PA|PP755594.1|A/cattle/Texas/24-008749-003/2024(H5N1)	1094	42
PA|PP755594.1|A/cattle/Texas/24-008749-003/2024(H5N1)	1095	42
PA|PP755594.1|A/cattle/Texas/24-008749-003/2024(H5N1)	1096	42
PA|PP755594.1|A/cattle/Texas/24-008749-003/2024(H5N1)	1097	42
PA|PP755594.1|A/cattle/Texas/24-008749-003/2024(H5N1)	1098	41
PA|PP755594.1|A/cattle/Texas/24-008749-003/2024(H5N1)	1099	41
PA|PP755594.1|A/cattle/Texas/24-008749-003/2024(H5N1)	1100	41
PA|PP755594.1|A/cattle/Texas/24-008749-003/2024(H5N1)	1101	41
PA|PP755594.1|A/cattle/Texas/24-008749-003/2024(H5N1)	1102	41
PA|PP755594.1|A/cattle/Texas/24-008749-003/2024(H5N1)	1103	41
PA|PP755594.1|A/cattle/Texas/24-008749-003/2024(H5N1)	1104	42
PA|PP755594.1|A/cattle/Texas/24-008749-003/2024(H5N1)	1105	42
PA|PP755594.1|A/cattle/Texas/24-008749-003/2024(H5N1)	1106	42
PA|PP755594.1|A/cattle/Texas/24-008749-003/2024(H5N1)	1107	42
PA|PP755594.1|A/cattle/Texas/24-008749-003/2024(H5N1)	1108	43
PA|PP755594.1|A/cattle/Texas/24-008749-003/2024(H5N1)	1109	41
PA|PP755594.1|A/cattle/Texas/24-008749-003/2024(H5N1)	1110	41
PA|PP755594.1|A/cattle/Texas/24-008749-003/2024(H5N1)	1111	44
PA|PP755594.1|A/cattle/Texas/24-008749-003/2024(H5N1)	1112	44
PA|PP755594.1|A/cattle/Texas/24-008749-003/2024(H5N1)	1113	44
PA|PP755594.1|A/cattle/Texas/24-008749-003/2024(H5N1)	1114	44
PA|PP755594.1|A/cattle/Texas/24-008749-003/2024(H5N1)	1115	44
PA|PP755594.1|A/cattle/Texas/24-008749-003/2024(H5N1)	1116	45
PA|PP755594.1|A/cattle/Texas/24-008749-003/2024(H5N1)	1117	45
PA|PP755594.1|A/cattle/Texas/24-008749-003/2024(H5N1)	1118	47
PA|PP755594.1|A/cattle/Texas/24-008749-003/2024(H5N1)	1119	47
PA|PP755594.1|A/cattle/Texas/24-008749-003/2024(H5N1)	1120	46
PA|PP755594.1|A/cattle/Texas/24-008749-003/2024(H5N1)	1121	46
PA|PP755594.1|A/cattle/Texas/24-008749-003/2024(H5N1)	1122	46
PA|PP755594.1|A/cattle/Texas/24-008749-003/2024(H5N1)	1123	46
PA|PP755594.1|A/cattle/Texas/24-008749-003/2024(H5N1)	1124	46
PA|PP755594.1|A/cattle/Texas/24-008749-003/2024(H5N1)	1125	44
PA|PP755594.1|A/cattle/Texas/24-008749-003/2024(H5N1)	1126	44
PA|PP755594.1|A/cattle/Texas/24-008749-003/2024(H5N1)	1127	44
PA|PP755594.1|A/cattle/Texas/24-008749-003/2024(H5N1)	1128	44
PA|PP755594.1|A/cattle/Texas/24-008749-003/2024(H5N1)	1129	47
PA|PP755594.1|A/cattle/Texas/24-008749-003/2024(H5N1)	1130	47
PA|PP755594.1|A/cattle/Texas/24-008749-003/2024(H5N1)	1131	47
PA|PP755594.1|A/cattle/Texas/24-008749-003/2024(H5N1)	1132	47
PA|PP755594.1|A/cattle/Texas/24-008749-003/2024(H5N1)	1133	49
PA|PP755594.1|A/cattle/Texas/24-008749-003/2024(H5N1)	1134	49
PA|PP755594.1|A/cattle/Texas/24-008749-003/2024(H5N1)	1135	49
PA|PP755594.1|A/cattle/Texas/24-008749-003/2024(H5N1)	1136	49
PA|PP755594.1|A/cattle/Texas/24-008749-003/2024(H5N1)	1137	49
PA|PP755594.1|A/cattle/Texas/24-008749-003/2024(H5N1)	1138	49
PA|PP755594.1|A/cattle/Texas/24-008749-003/2024(H5N1)	1139	50
PA|PP755594.1|A/cattle/Texas/24-008749-003/2024(H5N1)	1140	50
PA|PP755594.1|A/cattle/Texas/24-008749-003/2024(H5N1)	1141	50
PA|PP755594.1|A/cattle/Texas/24-008749-003/2024(H5N1)	1142	50
PA|PP755594.1|A/cattle/Texas/24-008749-003/2024(H5N1)	1143	50
PA|PP755594.1|A/cattle/Texas/24-008749-003/2024(H5N1)	1144	50
PA|PP755594.1|A/cattle/Texas/24-008749-003/2024(H5N1)	1145	50
PA|PP755594.1|A/cattle/Texas/24-008749-003/2024(H5N1)	1146	50
PA|PP755594.1|A/cattle/Texas/24-008749-003/2024(H5N1)	1147	49
PA|PP755594.1|A/cattle/Texas/24-008749-003/2024(H5N1)	1148	48
PA|PP755594.1|A/cattle/Texas/24-008749-003/2024(H5N1)	1149	50
PA|PP755594.1|A/cattle/Texas/24-008749-003/2024(H5N1)	1150	50
PA|PP755594.1|A/cattle/Texas/24-008749-003/2024(H5N1)	1151	50
PA|PP755594.1|A/cattle/Texas/24-008749-003/2024(H5N1)	1152	50
PA|PP755594.1|A/cattle/Texas/24-008749-003/2024(H5N1)	1153	50
PA|PP755594.1|A/cattle/Texas/24-008749-003/2024(H5N1)	1154	50
PA|PP755594.1|A/cattle/Texas/24-008749-003/2024(H5N1)	1155	50
PA|PP755594.1|A/cattle/Texas/24-008749-003/2024(H5N1)	1156	50
PA|PP755594.1|A/cattle/Texas/24-008749-003/2024(H5N1)	1157	50
PA|PP755594.1|A/cattle/Texas/24-008749-003/2024(H5N1)	1158	48
PA|PP755594.1|A/cattle/Texas/24-008749-003/2024(H5N1)	1159	47
PA|PP755594.1|A/cattle/Texas/24-008749-003/2024(H5N1)	1160	46
PA|PP755594.1|A/cattle/Texas/24-008749-003/2024(H5N1)	1161	46
PA|PP755594.1|A/cattle/Texas/24-008749-003/2024(H5N1)	1162	46
PA|PP755594.1|A/cattle/Texas/24-008749-003/2024(H5N1)	1163	46
PA|PP755594.1|A/cattle/Texas/24-008749-003/2024(H5N1)	1164	46
PA|PP755594.1|A/cattle/Texas/24-008749-003/2024(H5N1)	1165	45
PA|PP755594.1|A/cattle/Texas/24-008749-003/2024(H5N1)	1166	45
PA|PP755594.1|A/cattle/Texas/24-008749-003/2024(H5N1)	1167	45
PA|PP755594.1|A/cattle/Texas/24-008749-003/2024(H5N1)	1168	45
PA|PP755594.1|A/cattle/Texas/24-008749-003/2024(H5N1)	1169	45
PA|PP755594.1|A/cattle/Texas/24-008749-003/2024(H5N1)	1170	45
PA|PP755594.1|A/cattle/Texas/24-008749-003/2024(H5N1)	1171	45
PA|PP755594.1|A/cattle/Texas/24-008749-003/2024(H5N1)	1172	43
PA|PP755594.1|A/cattle/Texas/24-008749-003/2024(H5N1)	1173	42
PA|PP755594.1|A/cattle/Texas/24-008749-003/2024(H5N1)	1174	42
PA|PP755594.1|A/cattle/Texas/24-008749-003/2024(H5N1)	1175	39
PA|PP755594.1|A/cattle/Texas/24-008749-003/2024(H5N1)	1176	39
PA|PP755594.1|A/cattle/Texas/24-008749-003/2024(H5N1)	1177	39
PA|PP755594.1|A/cattle/Texas/24-008749-003/2024(H5N1)	1178	39
PA|PP755594.1|A/cattle/Texas/24-008749-003/2024(H5N1)	1179	29
PA|PP755594.1|A/cattle/Texas/24-008749-003/2024(H5N1)	1180	29
PA|PP755594.1|A/cattle/Texas/24-008749-003/2024(H5N1)	1181	29
PA|PP755594.1|A/cattle/Texas/24-008749-003/2024(H5N1)	1182	29
PA|PP755594.1|A/cattle/Texas/24-008749-003/2024(H5N1)	1183	29
PA|PP755594.1|A/cattle/Texas/24-008749-003/2024(H5N1)	1184	29
PA|PP755594.1|A/cattle/Texas/24-008749-003/2024(H5N1)	1185	26
PA|PP755594.1|A/cattle/Texas/24-008749-003/2024(H5N1)	1186	26
PA|PP755594.1|A/cattle/Texas/24-008749-003/2024(H5N1)	1187	26
PA|PP755594.1|A/cattle/Texas/24-008749-003/2024(H5N1)	1188	26
PA|PP755594.1|A/cattle/Texas/24-008749-003/2024(H5N1)	1189	26
PA|PP755594.1|A/cattle/Texas/24-008749-003/2024(H5N1)	1190	26
PA|PP755594.1|A/cattle/Texas/24-008749-003/2024(H5N1)	1191	26
PA|PP755594.1|A/cattle/Texas/24-008749-003/2024(H5N1)	1192	33
PA|PP755594.1|A/cattle/Texas/24-008749-003/2024(H5N1)	1193	33
PA|PP755594.1|A/cattle/Texas/24-008749-003/2024(H5N1)	1194	33
PA|PP755594.1|A/cattle/Texas/24-008749-003/2024(H5N1)	1195	33
PA|PP755594.1|A/cattle/Texas/24-008749-003/2024(H5N1)	1196	33
PA|PP755594.1|A/cattle/Texas/24-008749-003/2024(H5N1)	1197	33
PA|PP755594.1|A/cattle/Texas/24-008749-003/2024(H5N1)	1198	33
PA|PP755594.1|A/cattle/Texas/24-008749-003/2024(H5N1)	1199	36
PA|PP755594.1|A/cattle/Texas/24-008749-003/2024(H5N1)	1200	37
PA|PP755594.1|A/cattle/Texas/24-008749-003/2024(H5N1)	1201	37
PA|PP755594.1|A/cattle/Texas/24-008749-003/2024(H5N1)	1202	37
PA|PP755594.1|A/cattle/Texas/24-008749-003/2024(H5N1)	1203	37
PA|PP755594.1|A/cattle/Texas/24-008749-003/2024(H5N1)	1204	37
PA|PP755594.1|A/cattle/Texas/24-008749-003/2024(H5N1)	1205	37
PA|PP755594.1|A/cattle/Texas/24-008749-003/2024(H5N1)	1206	36
PA|PP755594.1|A/cattle/Texas/24-008749-003/2024(H5N1)	1207	36
PA|PP755594.1|A/cattle/Texas/24-008749-003/2024(H5N1)	1208	36
PA|PP755594.1|A/cattle/Texas/24-008749-003/2024(H5N1)	1209	36
PA|PP755594.1|A/cattle/Texas/24-008749-003/2024(H5N1)	1210	36
PA|PP755594.1|A/cattle/Texas/24-008749-003/2024(H5N1)	1211	36
PA|PP755594.1|A/cattle/Texas/24-008749-003/2024(H5N1)	1212	36
PA|PP755594.1|A/cattle/Texas/24-008749-003/2024(H5N1)	1213	36
PA|PP755594.1|A/cattle/Texas/24-008749-003/2024(H5N1)	1214	36
PA|PP755594.1|A/cattle/Texas/24-008749-003/2024(H5N1)	1215	36
PA|PP755594.1|A/cattle/Texas/24-008749-003/2024(H5N1)	1216	38
PA|PP755594.1|A/cattle/Texas/24-008749-003/2024(H5N1)	1217	38
PA|PP755594.1|A/cattle/Texas/24-008749-003/2024(H5N1)	1218	38
PA|PP755594.1|A/cattle/Texas/24-008749-003/2024(H5N1)	1219	39
PA|PP755594.1|A/cattle/Texas/24-008749-003/2024(H5N1)	1220	39
PA|PP755594.1|A/cattle/Texas/24-008749-003/2024(H5N1)	1221	39
PA|PP755594.1|A/cattle/Texas/24-008749-003/2024(H5N1)	1222	39
PA|PP755594.1|A/cattle/Texas/24-008749-003/2024(H5N1)	1223	39
PA|PP755594.1|A/cattle/Texas/24-008749-003/2024(H5N1)	1224	39
PA|PP755594.1|A/cattle/Texas/24-008749-003/2024(H5N1)	1225	39
PA|PP755594.1|A/cattle/Texas/24-008749-003/2024(H5N1)	1226	39
PA|PP755594.1|A/cattle/Texas/24-008749-003/2024(H5N1)	1227	39
PA|PP755594.1|A/cattle/Texas/24-008749-003/2024(H5N1)	1228	39
PA|PP755594.1|A/cattle/Texas/24-008749-003/2024(H5N1)	1229	39
PA|PP755594.1|A/cattle/Texas/24-008749-003/2024(H5N1)	1230	39
PA|PP755594.1|A/cattle/Texas/24-008749-003/2024(H5N1)	1231	39
PA|PP755594.1|A/cattle/Texas/24-008749-003/2024(H5N1)	1232	39
PA|PP755594.1|A/cattle/Texas/24-008749-003/2024(H5N1)	1233	39
PA|PP755594.1|A/cattle/Texas/24-008749-003/2024(H5N1)	1234	38
PA|PP755594.1|A/cattle/Texas/24-008749-003/2024(H5N1)	1235	38
PA|PP755594.1|A/cattle/Texas/24-008749-003/2024(H5N1)	1236	38
PA|PP755594.1|A/cattle/Texas/24-008749-003/2024(H5N1)	1237	38
PA|PP755594.1|A/cattle/Texas/24-008749-003/2024(H5N1)	1238	38
PA|PP755594.1|A/cattle/Texas/24-008749-003/2024(H5N1)	1239	38
PA|PP755594.1|A/cattle/Texas/24-008749-003/2024(H5N1)	1240	38
PA|PP755594.1|A/cattle/Texas/24-008749-003/2024(H5N1)	1241	38
PA|PP755594.1|A/cattle/Texas/24-008749-003/2024(H5N1)	1242	36
PA|PP755594.1|A/cattle/Texas/24-008749-003/2024(H5N1)	1243	35
PA|PP755594.1|A/cattle/Texas/24-008749-003/2024(H5N1)	1244	33
PA|PP755594.1|A/cattle/Texas/24-008749-003/2024(H5N1)	1245	12
PA|PP755594.1|A/cattle/Texas/24-008749-003/2024(H5N1)	1246	12
PA|PP755594.1|A/cattle/Texas/24-008749-003/2024(H5N1)	1247	12
PA|PP755594.1|A/cattle/Texas/24-008749-003/2024(H5N1)	1248	12
PA|PP755594.1|A/cattle/Texas/24-008749-003/2024(H5N1)	1249	12
PA|PP755594.1|A/cattle/Texas/24-008749-003/2024(H5N1)	1250	12
PA|PP755594.1|A/cattle/Texas/24-008749-003/2024(H5N1)	1251	12
PA|PP755594.1|A/cattle/Texas/24-008749-003/2024(H5N1)	1252	12
PA|PP755594.1|A/cattle/Texas/24-008749-003/2024(H5N1)	1253	12
PA|PP755594.1|A/cattle/Texas/24-008749-003/2024(H5N1)	1254	11
PA|PP755594.1|A/cattle/Texas/24-008749-003/2024(H5N1)	1255	11
PA|PP755594.1|A/cattle/Texas/24-008749-003/2024(H5N1)	1256	11
PA|PP755594.1|A/cattle/Texas/24-008749-003/2024(H5N1)	1257	9
PA|PP755594.1|A/cattle/Texas/24-008749-003/2024(H5N1)	1258	9
PA|PP755594.1|A/cattle/Texas/24-008749-003/2024(H5N1)	1259	9
PA|PP755594.1|A/cattle/Texas/24-008749-003/2024(H5N1)	1260	9
PA|PP755594.1|A/cattle/Texas/24-008749-003/2024(H5N1)	1261	9
PA|PP755594.1|A/cattle/Texas/24-008749-003/2024(H5N1)	1262	9
PA|PP755594.1|A/cattle/Texas/24-008749-003/2024(H5N1)	1263	9
PA|PP755594.1|A/cattle/Texas/24-008749-003/2024(H5N1)	1264	9
PA|PP755594.1|A/cattle/Texas/24-008749-003/2024(H5N1)	1265	22
PA|PP755594.1|A/cattle/Texas/24-008749-003/2024(H5N1)	1266	22
PA|PP755594.1|A/cattle/Texas/24-008749-003/2024(H5N1)	1267	22
PA|PP755594.1|A/cattle/Texas/24-008749-003/2024(H5N1)	1268	22
PA|PP755594.1|A/cattle/Texas/24-008749-003/2024(H5N1)	1269	22
PA|PP755594.1|A/cattle/Texas/24-008749-003/2024(H5N1)	1270	25
PA|PP755594.1|A/cattle/Texas/24-008749-003/2024(H5N1)	1271	25
PA|PP755594.1|A/cattle/Texas/24-008749-003/2024(H5N1)	1272	25
PA|PP755594.1|A/cattle/Texas/24-008749-003/2024(H5N1)	1273	25
PA|PP755594.1|A/cattle/Texas/24-008749-003/2024(H5N1)	1274	25
PA|PP755594.1|A/cattle/Texas/24-008749-003/2024(H5N1)	1275	25
PA|PP755594.1|A/cattle/Texas/24-008749-003/2024(H5N1)	1276	25
PA|PP755594.1|A/cattle/Texas/24-008749-003/2024(H5N1)	1277	25
PA|PP755594.1|A/cattle/Texas/24-008749-003/2024(H5N1)	1278	25
PA|PP755594.1|A/cattle/Texas/24-008749-003/2024(H5N1)	1279	25
PA|PP755594.1|A/cattle/Texas/24-008749-003/2024(H5N1)	1280	25
PA|PP755594.1|A/cattle/Texas/24-008749-003/2024(H5N1)	1281	25
PA|PP755594.1|A/cattle/Texas/24-008749-003/2024(H5N1)	1282	38
PA|PP755594.1|A/cattle/Texas/24-008749-003/2024(H5N1)	1283	38
PA|PP755594.1|A/cattle/Texas/24-008749-003/2024(H5N1)	1284	38
PA|PP755594.1|A/cattle/Texas/24-008749-003/2024(H5N1)	1285	39
PA|PP755594.1|A/cattle/Texas/24-008749-003/2024(H5N1)	1286	41
PA|PP755594.1|A/cattle/Texas/24-008749-003/2024(H5N1)	1287	41
PA|PP755594.1|A/cattle/Texas/24-008749-003/2024(H5N1)	1288	41
PA|PP755594.1|A/cattle/Texas/24-008749-003/2024(H5N1)	1289	42
PA|PP755594.1|A/cattle/Texas/24-008749-003/2024(H5N1)	1290	42
PA|PP755594.1|A/cattle/Texas/24-008749-003/2024(H5N1)	1291	42
PA|PP755594.1|A/cattle/Texas/24-008749-003/2024(H5N1)	1292	42
PA|PP755594.1|A/cattle/Texas/24-008749-003/2024(H5N1)	1293	42
PA|PP755594.1|A/cattle/Texas/24-008749-003/2024(H5N1)	1294	42
PA|PP755594.1|A/cattle/Texas/24-008749-003/2024(H5N1)	1295	44
PA|PP755594.1|A/cattle/Texas/24-008749-003/2024(H5N1)	1296	44
PA|PP755594.1|A/cattle/Texas/24-008749-003/2024(H5N1)	1297	44
PA|PP755594.1|A/cattle/Texas/24-008749-003/2024(H5N1)	1298	44
PA|PP755594.1|A/cattle/Texas/24-008749-003/2024(H5N1)	1299	44
PA|PP755594.1|A/cattle/Texas/24-008749-003/2024(H5N1)	1300	44
PA|PP755594.1|A/cattle/Texas/24-008749-003/2024(H5N1)	1301	44
PA|PP755594.1|A/cattle/Texas/24-008749-003/2024(H5N1)	1302	44
PA|PP755594.1|A/cattle/Texas/24-008749-003/2024(H5N1)	1303	45
PA|PP755594.1|A/cattle/Texas/24-008749-003/2024(H5N1)	1304	45
PA|PP755594.1|A/cattle/Texas/24-008749-003/2024(H5N1)	1305	45
PA|PP755594.1|A/cattle/Texas/24-008749-003/2024(H5N1)	1306	46
PA|PP755594.1|A/cattle/Texas/24-008749-003/2024(H5N1)	1307	46
PA|PP755594.1|A/cattle/Texas/24-008749-003/2024(H5N1)	1308	46
PA|PP755594.1|A/cattle/Texas/24-008749-003/2024(H5N1)	1309	46
PA|PP755594.1|A/cattle/Texas/24-008749-003/2024(H5N1)	1310	46
PA|PP755594.1|A/cattle/Texas/24-008749-003/2024(H5N1)	1311	48
PA|PP755594.1|A/cattle/Texas/24-008749-003/2024(H5N1)	1312	48
PA|PP755594.1|A/cattle/Texas/24-008749-003/2024(H5N1)	1313	48
PA|PP755594.1|A/cattle/Texas/24-008749-003/2024(H5N1)	1314	48
PA|PP755594.1|A/cattle/Texas/24-008749-003/2024(H5N1)	1315	48
PA|PP755594.1|A/cattle/Texas/24-008749-003/2024(H5N1)	1316	48
PA|PP755594.1|A/cattle/Texas/24-008749-003/2024(H5N1)	1317	44
PA|PP755594.1|A/cattle/Texas/24-008749-003/2024(H5N1)	1318	44
PA|PP755594.1|A/cattle/Texas/24-008749-003/2024(H5N1)	1319	44
PA|PP755594.1|A/cattle/Texas/24-008749-003/2024(H5N1)	1320	44
PA|PP755594.1|A/cattle/Texas/24-008749-003/2024(H5N1)	1321	44
PA|PP755594.1|A/cattle/Texas/24-008749-003/2024(H5N1)	1322	45
PA|PP755594.1|A/cattle/Texas/24-008749-003/2024(H5N1)	1323	45
PA|PP755594.1|A/cattle/Texas/24-008749-003/2024(H5N1)	1324	45
PA|PP755594.1|A/cattle/Texas/24-008749-003/2024(H5N1)	1325	45
PA|PP755594.1|A/cattle/Texas/24-008749-003/2024(H5N1)	1326	45
PA|PP755594.1|A/cattle/Texas/24-008749-003/2024(H5N1)	1327	45
PA|PP755594.1|A/cattle/Texas/24-008749-003/2024(H5N1)	1328	45
PA|PP755594.1|A/cattle/Texas/24-008749-003/2024(H5N1)	1329	45
PA|PP755594.1|A/cattle/Texas/24-008749-003/2024(H5N1)	1330	45
PA|PP755594.1|A/cattle/Texas/24-008749-003/2024(H5N1)	1331	45
PA|PP755594.1|A/cattle/Texas/24-008749-003/2024(H5N1)	1332	46
PA|PP755594.1|A/cattle/Texas/24-008749-003/2024(H5N1)	1333	47
PA|PP755594.1|A/cattle/Texas/24-008749-003/2024(H5N1)	1334	47
PA|PP755594.1|A/cattle/Texas/24-008749-003/2024(H5N1)	1335	47
PA|PP755594.1|A/cattle/Texas/24-008749-003/2024(H5N1)	1336	47
PA|PP755594.1|A/cattle/Texas/24-008749-003/2024(H5N1)	1337	47
PA|PP755594.1|A/cattle/Texas/24-008749-003/2024(H5N1)	1338	47
PA|PP755594.1|A/cattle/Texas/24-008749-003/2024(H5N1)	1339	47
PA|PP755594.1|A/cattle/Texas/24-008749-003/2024(H5N1)	1340	47
PA|PP755594.1|A/cattle/Texas/24-008749-003/2024(H5N1)	1341	47
PA|PP755594.1|A/cattle/Texas/24-008749-003/2024(H5N1)	1342	47
PA|PP755594.1|A/cattle/Texas/24-008749-003/2024(H5N1)	1343	47
PA|PP755594.1|A/cattle/Texas/24-008749-003/2024(H5N1)	1344	44
PA|PP755594.1|A/cattle/Texas/24-008749-003/2024(H5N1)	1345	50
PA|PP755594.1|A/cattle/Texas/24-008749-003/2024(H5N1)	1346	50
PA|PP755594.1|A/cattle/Texas/24-008749-003/2024(H5N1)	1347	50
PA|PP755594.1|A/cattle/Texas/24-008749-003/2024(H5N1)	1348	51
PA|PP755594.1|A/cattle/Texas/24-008749-003/2024(H5N1)	1349	53
PA|PP755594.1|A/cattle/Texas/24-008749-003/2024(H5N1)	1350	54
PA|PP755594.1|A/cattle/Texas/24-008749-003/2024(H5N1)	1351	56
PA|PP755594.1|A/cattle/Texas/24-008749-003/2024(H5N1)	1352	56
PA|PP755594.1|A/cattle/Texas/24-008749-003/2024(H5N1)	1353	57
PA|PP755594.1|A/cattle/Texas/24-008749-003/2024(H5N1)	1354	57
PA|PP755594.1|A/cattle/Texas/24-008749-003/2024(H5N1)	1355	57
PA|PP755594.1|A/cattle/Texas/24-008749-003/2024(H5N1)	1356	59
PA|PP755594.1|A/cattle/Texas/24-008749-003/2024(H5N1)	1357	59
PA|PP755594.1|A/cattle/Texas/24-008749-003/2024(H5N1)	1358	59
PA|PP755594.1|A/cattle/Texas/24-008749-003/2024(H5N1)	1359	60
PA|PP755594.1|A/cattle/Texas/24-008749-003/2024(H5N1)	1360	59
PA|PP755594.1|A/cattle/Texas/24-008749-003/2024(H5N1)	1361	59
PA|PP755594.1|A/cattle/Texas/24-008749-003/2024(H5N1)	1362	59
PA|PP755594.1|A/cattle/Texas/24-008749-003/2024(H5N1)	1363	60
PA|PP755594.1|A/cattle/Texas/24-008749-003/2024(H5N1)	1364	60
PA|PP755594.1|A/cattle/Texas/24-008749-003/2024(H5N1)	1365	60
PA|PP755594.1|A/cattle/Texas/24-008749-003/2024(H5N1)	1366	60
PA|PP755594.1|A/cattle/Texas/24-008749-003/2024(H5N1)	1367	60
PA|PP755594.1|A/cattle/Texas/24-008749-003/2024(H5N1)	1368	60
PA|PP755594.1|A/cattle/Texas/24-008749-003/2024(H5N1)	1369	60
PA|PP755594.1|A/cattle/Texas/24-008749-003/2024(H5N1)	1370	60
PA|PP755594.1|A/cattle/Texas/24-008749-003/2024(H5N1)	1371	60
PA|PP755594.1|A/cattle/Texas/24-008749-003/2024(H5N1)	1372	60
PA|PP755594.1|A/cattle/Texas/24-008749-003/2024(H5N1)	1373	60
PA|PP755594.1|A/cattle/Texas/24-008749-003/2024(H5N1)	1374	61
PA|PP755594.1|A/cattle/Texas/24-008749-003/2024(H5N1)	1375	61
PA|PP755594.1|A/cattle/Texas/24-008749-003/2024(H5N1)	1376	61
PA|PP755594.1|A/cattle/Texas/24-008749-003/2024(H5N1)	1377	60
PA|PP755594.1|A/cattle/Texas/24-008749-003/2024(H5N1)	1378	60
PA|PP755594.1|A/cattle/Texas/24-008749-003/2024(H5N1)	1379	60
PA|PP755594.1|A/cattle/Texas/24-008749-003/2024(H5N1)	1380	60
PA|PP755594.1|A/cattle/Texas/24-008749-003/2024(H5N1)	1381	59
PA|PP755594.1|A/cattle/Texas/24-008749-003/2024(H5N1)	1382	59
PA|PP755594.1|A/cattle/Texas/24-008749-003/2024(H5N1)	1383	56
PA|PP755594.1|A/cattle/Texas/24-008749-003/2024(H5N1)	1384	55
PA|PP755594.1|A/cattle/Texas/24-008749-003/2024(H5N1)	1385	55
PA|PP755594.1|A/cattle/Texas/24-008749-003/2024(H5N1)	1386	55
PA|PP755594.1|A/cattle/Texas/24-008749-003/2024(H5N1)	1387	55
PA|PP755594.1|A/cattle/Texas/24-008749-003/2024(H5N1)	1388	55
PA|PP755594.1|A/cattle/Texas/24-008749-003/2024(H5N1)	1389	53
PA|PP755594.1|A/cattle/Texas/24-008749-003/2024(H5N1)	1390	53
PA|PP755594.1|A/cattle/Texas/24-008749-003/2024(H5N1)	1391	53
PA|PP755594.1|A/cattle/Texas/24-008749-003/2024(H5N1)	1392	53
PA|PP755594.1|A/cattle/Texas/24-008749-003/2024(H5N1)	1393	53
PA|PP755594.1|A/cattle/Texas/24-008749-003/2024(H5N1)	1394	53
PA|PP755594.1|A/cattle/Texas/24-008749-003/2024(H5N1)	1395	53
PA|PP755594.1|A/cattle/Texas/24-008749-003/2024(H5N1)	1396	53
PA|PP755594.1|A/cattle/Texas/24-008749-003/2024(H5N1)	1397	51
PA|PP755594.1|A/cattle/Texas/24-008749-003/2024(H5N1)	1398	47
PA|PP755594.1|A/cattle/Texas/24-008749-003/2024(H5N1)	1399	47
PA|PP755594.1|A/cattle/Texas/24-008749-003/2024(H5N1)	1400	47
PA|PP755594.1|A/cattle/Texas/24-008749-003/2024(H5N1)	1401	44
PA|PP755594.1|A/cattle/Texas/24-008749-003/2024(H5N1)	1402	43
PA|PP755594.1|A/cattle/Texas/24-008749-003/2024(H5N1)	1403	43
PA|PP755594.1|A/cattle/Texas/24-008749-003/2024(H5N1)	1404	26
PA|PP755594.1|A/cattle/Texas/24-008749-003/2024(H5N1)	1405	26
PA|PP755594.1|A/cattle/Texas/24-008749-003/2024(H5N1)	1406	26
PA|PP755594.1|A/cattle/Texas/24-008749-003/2024(H5N1)	1407	26
PA|PP755594.1|A/cattle/Texas/24-008749-003/2024(H5N1)	1408	26
PA|PP755594.1|A/cattle/Texas/24-008749-003/2024(H5N1)	1409	26
PA|PP755594.1|A/cattle/Texas/24-008749-003/2024(H5N1)	1410	26
PA|PP755594.1|A/cattle/Texas/24-008749-003/2024(H5N1)	1411	26
PA|PP755594.1|A/cattle/Texas/24-008749-003/2024(H5N1)	1412	26
PA|PP755594.1|A/cattle/Texas/24-008749-003/2024(H5N1)	1413	26
PA|PP755594.1|A/cattle/Texas/24-008749-003/2024(H5N1)	1414	26
PA|PP755594.1|A/cattle/Texas/24-008749-003/2024(H5N1)	1415	26
PA|PP755594.1|A/cattle/Texas/24-008749-003/2024(H5N1)	1416	26
PA|PP755594.1|A/cattle/Texas/24-008749-003/2024(H5N1)	1417	26
PA|PP755594.1|A/cattle/Texas/24-008749-003/2024(H5N1)	1418	26
PA|PP755594.1|A/cattle/Texas/24-008749-003/2024(H5N1)	1419	26
PA|PP755594.1|A/cattle/Texas/24-008749-003/2024(H5N1)	1420	26
PA|PP755594.1|A/cattle/Texas/24-008749-003/2024(H5N1)	1421	26
PA|PP755594.1|A/cattle/Texas/24-008749-003/2024(H5N1)	1422	26
PA|PP755594.1|A/cattle/Texas/24-008749-003/2024(H5N1)	1423	26
PA|PP755594.1|A/cattle/Texas/24-008749-003/2024(H5N1)	1424	26
PA|PP755594.1|A/cattle/Texas/24-008749-003/2024(H5N1)	1425	26
PA|PP755594.1|A/cattle/Texas/24-008749-003/2024(H5N1)	1426	41
PA|PP755594.1|A/cattle/Texas/24-008749-003/2024(H5N1)	1427	41
PA|PP755594.1|A/cattle/Texas/24-008749-003/2024(H5N1)	1428	41
PA|PP755594.1|A/cattle/Texas/24-008749-003/2024(H5N1)	1429	41
PA|PP755594.1|A/cattle/Texas/24-008749-003/2024(H5N1)	1430	41
PA|PP755594.1|A/cattle/Texas/24-008749-003/2024(H5N1)	1431	42
PA|PP755594.1|A/cattle/Texas/24-008749-003/2024(H5N1)	1432	42
PA|PP755594.1|A/cattle/Texas/24-008749-003/2024(H5N1)	1433	42
PA|PP755594.1|A/cattle/Texas/24-008749-003/2024(H5N1)	1434	42
PA|PP755594.1|A/cattle/Texas/24-008749-003/2024(H5N1)	1435	40
PA|PP755594.1|A/cattle/Texas/24-008749-003/2024(H5N1)	1436	40
PA|PP755594.1|A/cattle/Texas/24-008749-003/2024(H5N1)	1437	40
PA|PP755594.1|A/cattle/Texas/24-008749-003/2024(H5N1)	1438	40
PA|PP755594.1|A/cattle/Texas/24-008749-003/2024(H5N1)	1439	39
PA|PP755594.1|A/cattle/Texas/24-008749-003/2024(H5N1)	1440	39
PA|PP755594.1|A/cattle/Texas/24-008749-003/2024(H5N1)	1441	39
PA|PP755594.1|A/cattle/Texas/24-008749-003/2024(H5N1)	1442	39
PA|PP755594.1|A/cattle/Texas/24-008749-003/2024(H5N1)	1443	37
PA|PP755594.1|A/cattle/Texas/24-008749-003/2024(H5N1)	1444	37
PA|PP755594.1|A/cattle/Texas/24-008749-003/2024(H5N1)	1445	42
PA|PP755594.1|A/cattle/Texas/24-008749-003/2024(H5N1)	1446	42
PA|PP755594.1|A/cattle/Texas/24-008749-003/2024(H5N1)	1447	42
PA|PP755594.1|A/cattle/Texas/24-008749-003/2024(H5N1)	1448	42
PA|PP755594.1|A/cattle/Texas/24-008749-003/2024(H5N1)	1449	42
PA|PP755594.1|A/cattle/Texas/24-008749-003/2024(H5N1)	1450	43
PA|PP755594.1|A/cattle/Texas/24-008749-003/2024(H5N1)	1451	43
PA|PP755594.1|A/cattle/Texas/24-008749-003/2024(H5N1)	1452	42
PA|PP755594.1|A/cattle/Texas/24-008749-003/2024(H5N1)	1453	42
PA|PP755594.1|A/cattle/Texas/24-008749-003/2024(H5N1)	1454	41
PA|PP755594.1|A/cattle/Texas/24-008749-003/2024(H5N1)	1455	41
PA|PP755594.1|A/cattle/Texas/24-008749-003/2024(H5N1)	1456	41
PA|PP755594.1|A/cattle/Texas/24-008749-003/2024(H5N1)	1457	41
PA|PP755594.1|A/cattle/Texas/24-008749-003/2024(H5N1)	1458	41
PA|PP755594.1|A/cattle/Texas/24-008749-003/2024(H5N1)	1459	41
PA|PP755594.1|A/cattle/Texas/24-008749-003/2024(H5N1)	1460	41
PA|PP755594.1|A/cattle/Texas/24-008749-003/2024(H5N1)	1461	39
PA|PP755594.1|A/cattle/Texas/24-008749-003/2024(H5N1)	1462	39
PA|PP755594.1|A/cattle/Texas/24-008749-003/2024(H5N1)	1463	39
PA|PP755594.1|A/cattle/Texas/24-008749-003/2024(H5N1)	1464	39
PA|PP755594.1|A/cattle/Texas/24-008749-003/2024(H5N1)	1465	39
PA|PP755594.1|A/cattle/Texas/24-008749-003/2024(H5N1)	1466	39
PA|PP755594.1|A/cattle/Texas/24-008749-003/2024(H5N1)	1467	39
PA|PP755594.1|A/cattle/Texas/24-008749-003/2024(H5N1)	1468	39
PA|PP755594.1|A/cattle/Texas/24-008749-003/2024(H5N1)	1469	39
PA|PP755594.1|A/cattle/Texas/24-008749-003/2024(H5N1)	1470	39
PA|PP755594.1|A/cattle/Texas/24-008749-003/2024(H5N1)	1471	39
PA|PP755594.1|A/cattle/Texas/24-008749-003/2024(H5N1)	1472	42
PA|PP755594.1|A/cattle/Texas/24-008749-003/2024(H5N1)	1473	43
PA|PP755594.1|A/cattle/Texas/24-008749-003/2024(H5N1)	1474	96
PA|PP755594.1|A/cattle/Texas/24-008749-003/2024(H5N1)	1475	101
PA|PP755594.1|A/cattle/Texas/24-008749-003/2024(H5N1)	1476	101
PA|PP755594.1|A/cattle/Texas/24-008749-003/2024(H5N1)	1477	101
PA|PP755594.1|A/cattle/Texas/24-008749-003/2024(H5N1)	1478	100
PA|PP755594.1|A/cattle/Texas/24-008749-003/2024(H5N1)	1479	100
PA|PP755594.1|A/cattle/Texas/24-008749-003/2024(H5N1)	1480	101
PA|PP755594.1|A/cattle/Texas/24-008749-003/2024(H5N1)	1481	101
PA|PP755594.1|A/cattle/Texas/24-008749-003/2024(H5N1)	1482	101
PA|PP755594.1|A/cattle/Texas/24-008749-003/2024(H5N1)	1483	100
PA|PP755594.1|A/cattle/Texas/24-008749-003/2024(H5N1)	1484	100
PA|PP755594.1|A/cattle/Texas/24-008749-003/2024(H5N1)	1485	103
PA|PP755594.1|A/cattle/Texas/24-008749-003/2024(H5N1)	1486	103
PA|PP755594.1|A/cattle/Texas/24-008749-003/2024(H5N1)	1487	103
PA|PP755594.1|A/cattle/Texas/24-008749-003/2024(H5N1)	1488	103
PA|PP755594.1|A/cattle/Texas/24-008749-003/2024(H5N1)	1489	103
PA|PP755594.1|A/cattle/Texas/24-008749-003/2024(H5N1)	1490	92
PA|PP755594.1|A/cattle/Texas/24-008749-003/2024(H5N1)	1491	92
PA|PP755594.1|A/cattle/Texas/24-008749-003/2024(H5N1)	1492	92
PA|PP755594.1|A/cattle/Texas/24-008749-003/2024(H5N1)	1493	92
PA|PP755594.1|A/cattle/Texas/24-008749-003/2024(H5N1)	1494	93
PA|PP755594.1|A/cattle/Texas/24-008749-003/2024(H5N1)	1495	98
PA|PP755594.1|A/cattle/Texas/24-008749-003/2024(H5N1)	1496	96
PA|PP755594.1|A/cattle/Texas/24-008749-003/2024(H5N1)	1497	96
PA|PP755594.1|A/cattle/Texas/24-008749-003/2024(H5N1)	1498	104
PA|PP755594.1|A/cattle/Texas/24-008749-003/2024(H5N1)	1499	105
PA|PP755594.1|A/cattle/Texas/24-008749-003/2024(H5N1)	1500	106
PA|PP755594.1|A/cattle/Texas/24-008749-003/2024(H5N1)	1501	125
PA|PP755594.1|A/cattle/Texas/24-008749-003/2024(H5N1)	1502	125
PA|PP755594.1|A/cattle/Texas/24-008749-003/2024(H5N1)	1503	129
PA|PP755594.1|A/cattle/Texas/24-008749-003/2024(H5N1)	1504	131
PA|PP755594.1|A/cattle/Texas/24-008749-003/2024(H5N1)	1505	133
PA|PP755594.1|A/cattle/Texas/24-008749-003/2024(H5N1)	1506	139
PA|PP755594.1|A/cattle/Texas/24-008749-003/2024(H5N1)	1507	140
PA|PP755594.1|A/cattle/Texas/24-008749-003/2024(H5N1)	1508	140
PA|PP755594.1|A/cattle/Texas/24-008749-003/2024(H5N1)	1509	140
PA|PP755594.1|A/cattle/Texas/24-008749-003/2024(H5N1)	1510	143
PA|PP755594.1|A/cattle/Texas/24-008749-003/2024(H5N1)	1511	145
PA|PP755594.1|A/cattle/Texas/24-008749-003/2024(H5N1)	1512	145
PA|PP755594.1|A/cattle/Texas/24-008749-003/2024(H5N1)	1513	146
PA|PP755594.1|A/cattle/Texas/24-008749-003/2024(H5N1)	1514	147
PA|PP755594.1|A/cattle/Texas/24-008749-003/2024(H5N1)	1515	148
PA|PP755594.1|A/cattle/Texas/24-008749-003/2024(H5N1)	1516	150
PA|PP755594.1|A/cattle/Texas/24-008749-003/2024(H5N1)	1517	150
PA|PP755594.1|A/cattle/Texas/24-008749-003/2024(H5N1)	1518	152
PA|PP755594.1|A/cattle/Texas/24-008749-003/2024(H5N1)	1519	152
PA|PP755594.1|A/cattle/Texas/24-008749-003/2024(H5N1)	1520	152
PA|PP755594.1|A/cattle/Texas/24-008749-003/2024(H5N1)	1521	154
PA|PP755594.1|A/cattle/Texas/24-008749-003/2024(H5N1)	1522	154
PA|PP755594.1|A/cattle/Texas/24-008749-003/2024(H5N1)	1523	154
PA|PP755594.1|A/cattle/Texas/24-008749-003/2024(H5N1)	1524	152
PA|PP755594.1|A/cattle/Texas/24-008749-003/2024(H5N1)	1525	152
PA|PP755594.1|A/cattle/Texas/24-008749-003/2024(H5N1)	1526	154
PA|PP755594.1|A/cattle/Texas/24-008749-003/2024(H5N1)	1527	155
PA|PP755594.1|A/cattle/Texas/24-008749-003/2024(H5N1)	1528	167
PA|PP755594.1|A/cattle/Texas/24-008749-003/2024(H5N1)	1529	178
PA|PP755594.1|A/cattle/Texas/24-008749-003/2024(H5N1)	1530	178
PA|PP755594.1|A/cattle/Texas/24-008749-003/2024(H5N1)	1531	178
PA|PP755594.1|A/cattle/Texas/24-008749-003/2024(H5N1)	1532	178
PA|PP755594.1|A/cattle/Texas/24-008749-003/2024(H5N1)	1533	178
PA|PP755594.1|A/cattle/Texas/24-008749-003/2024(H5N1)	1534	178
PA|PP755594.1|A/cattle/Texas/24-008749-003/2024(H5N1)	1535	181
PA|PP755594.1|A/cattle/Texas/24-008749-003/2024(H5N1)	1536	194
PA|PP755594.1|A/cattle/Texas/24-008749-003/2024(H5N1)	1537	195
PA|PP755594.1|A/cattle/Texas/24-008749-003/2024(H5N1)	1538	195
PA|PP755594.1|A/cattle/Texas/24-008749-003/2024(H5N1)	1539	196
PA|PP755594.1|A/cattle/Texas/24-008749-003/2024(H5N1)	1540	196
PA|PP755594.1|A/cattle/Texas/24-008749-003/2024(H5N1)	1541	196
PA|PP755594.1|A/cattle/Texas/24-008749-003/2024(H5N1)	1542	193
PA|PP755594.1|A/cattle/Texas/24-008749-003/2024(H5N1)	1543	195
PA|PP755594.1|A/cattle/Texas/24-008749-003/2024(H5N1)	1544	199
PA|PP755594.1|A/cattle/Texas/24-008749-003/2024(H5N1)	1545	199
PA|PP755594.1|A/cattle/Texas/24-008749-003/2024(H5N1)	1546	199
PA|PP755594.1|A/cattle/Texas/24-008749-003/2024(H5N1)	1547	199
PA|PP755594.1|A/cattle/Texas/24-008749-003/2024(H5N1)	1548	198
PA|PP755594.1|A/cattle/Texas/24-008749-003/2024(H5N1)	1549	197
PA|PP755594.1|A/cattle/Texas/24-008749-003/2024(H5N1)	1550	195
PA|PP755594.1|A/cattle/Texas/24-008749-003/2024(H5N1)	1551	150
PA|PP755594.1|A/cattle/Texas/24-008749-003/2024(H5N1)	1552	150
PA|PP755594.1|A/cattle/Texas/24-008749-003/2024(H5N1)	1553	150
PA|PP755594.1|A/cattle/Texas/24-008749-003/2024(H5N1)	1554	149
PA|PP755594.1|A/cattle/Texas/24-008749-003/2024(H5N1)	1555	150
PA|PP755594.1|A/cattle/Texas/24-008749-003/2024(H5N1)	1556	150
PA|PP755594.1|A/cattle/Texas/24-008749-003/2024(H5N1)	1557	150
PA|PP755594.1|A/cattle/Texas/24-008749-003/2024(H5N1)	1558	151
PA|PP755594.1|A/cattle/Texas/24-008749-003/2024(H5N1)	1559	152
PA|PP755594.1|A/cattle/Texas/24-008749-003/2024(H5N1)	1560	152
PA|PP755594.1|A/cattle/Texas/24-008749-003/2024(H5N1)	1561	152
PA|PP755594.1|A/cattle/Texas/24-008749-003/2024(H5N1)	1562	152
PA|PP755594.1|A/cattle/Texas/24-008749-003/2024(H5N1)	1563	152
PA|PP755594.1|A/cattle/Texas/24-008749-003/2024(H5N1)	1564	152
PA|PP755594.1|A/cattle/Texas/24-008749-003/2024(H5N1)	1565	152
PA|PP755594.1|A/cattle/Texas/24-008749-003/2024(H5N1)	1566	152
PA|PP755594.1|A/cattle/Texas/24-008749-003/2024(H5N1)	1567	153
PA|PP755594.1|A/cattle/Texas/24-008749-003/2024(H5N1)	1568	153
PA|PP755594.1|A/cattle/Texas/24-008749-003/2024(H5N1)	1569	153
PA|PP755594.1|A/cattle/Texas/24-008749-003/2024(H5N1)	1570	153
PA|PP755594.1|A/cattle/Texas/24-008749-003/2024(H5N1)	1571	153
PA|PP755594.1|A/cattle/Texas/24-008749-003/2024(H5N1)	1572	153
PA|PP755594.1|A/cattle/Texas/24-008749-003/2024(H5N1)	1573	153
PA|PP755594.1|A/cattle/Texas/24-008749-003/2024(H5N1)	1574	155
PA|PP755594.1|A/cattle/Texas/24-008749-003/2024(H5N1)	1575	155
PA|PP755594.1|A/cattle/Texas/24-008749-003/2024(H5N1)	1576	155
PA|PP755594.1|A/cattle/Texas/24-008749-003/2024(H5N1)	1577	155
PA|PP755594.1|A/cattle/Texas/24-008749-003/2024(H5N1)	1578	155
PA|PP755594.1|A/cattle/Texas/24-008749-003/2024(H5N1)	1579	157
PA|PP755594.1|A/cattle/Texas/24-008749-003/2024(H5N1)	1580	157
PA|PP755594.1|A/cattle/Texas/24-008749-003/2024(H5N1)	1581	157
PA|PP755594.1|A/cattle/Texas/24-008749-003/2024(H5N1)	1582	157
PA|PP755594.1|A/cattle/Texas/24-008749-003/2024(H5N1)	1583	159
PA|PP755594.1|A/cattle/Texas/24-008749-003/2024(H5N1)	1584	161
PA|PP755594.1|A/cattle/Texas/24-008749-003/2024(H5N1)	1585	162
PA|PP755594.1|A/cattle/Texas/24-008749-003/2024(H5N1)	1586	163
PA|PP755594.1|A/cattle/Texas/24-008749-003/2024(H5N1)	1587	163
PA|PP755594.1|A/cattle/Texas/24-008749-003/2024(H5N1)	1588	163
PA|PP755594.1|A/cattle/Texas/24-008749-003/2024(H5N1)	1589	163
PA|PP755594.1|A/cattle/Texas/24-008749-003/2024(H5N1)	1590	163
PA|PP755594.1|A/cattle/Texas/24-008749-003/2024(H5N1)	1591	163
PA|PP755594.1|A/cattle/Texas/24-008749-003/2024(H5N1)	1592	163
PA|PP755594.1|A/cattle/Texas/24-008749-003/2024(H5N1)	1593	163
PA|PP755594.1|A/cattle/Texas/24-008749-003/2024(H5N1)	1594	163
PA|PP755594.1|A/cattle/Texas/24-008749-003/2024(H5N1)	1595	163
PA|PP755594.1|A/cattle/Texas/24-008749-003/2024(H5N1)	1596	163
PA|PP755594.1|A/cattle/Texas/24-008749-003/2024(H5N1)	1597	168
PA|PP755594.1|A/cattle/Texas/24-008749-003/2024(H5N1)	1598	171
PA|PP755594.1|A/cattle/Texas/24-008749-003/2024(H5N1)	1599	171
PA|PP755594.1|A/cattle/Texas/24-008749-003/2024(H5N1)	1600	243
PA|PP755594.1|A/cattle/Texas/24-008749-003/2024(H5N1)	1601	243
PA|PP755594.1|A/cattle/Texas/24-008749-003/2024(H5N1)	1602	243
PA|PP755594.1|A/cattle/Texas/24-008749-003/2024(H5N1)	1603	247
PA|PP755594.1|A/cattle/Texas/24-008749-003/2024(H5N1)	1604	250
PA|PP755594.1|A/cattle/Texas/24-008749-003/2024(H5N1)	1605	250
PA|PP755594.1|A/cattle/Texas/24-008749-003/2024(H5N1)	1606	250
PA|PP755594.1|A/cattle/Texas/24-008749-003/2024(H5N1)	1607	251
PA|PP755594.1|A/cattle/Texas/24-008749-003/2024(H5N1)	1608	251
PA|PP755594.1|A/cattle/Texas/24-008749-003/2024(H5N1)	1609	252
PA|PP755594.1|A/cattle/Texas/24-008749-003/2024(H5N1)	1610	252
PA|PP755594.1|A/cattle/Texas/24-008749-003/2024(H5N1)	1611	252
PA|PP755594.1|A/cattle/Texas/24-008749-003/2024(H5N1)	1612	246
PA|PP755594.1|A/cattle/Texas/24-008749-003/2024(H5N1)	1613	250
PA|PP755594.1|A/cattle/Texas/24-008749-003/2024(H5N1)	1614	252
PA|PP755594.1|A/cattle/Texas/24-008749-003/2024(H5N1)	1615	252
PA|PP755594.1|A/cattle/Texas/24-008749-003/2024(H5N1)	1616	249
PA|PP755594.1|A/cattle/Texas/24-008749-003/2024(H5N1)	1617	255
PA|PP755594.1|A/cattle/Texas/24-008749-003/2024(H5N1)	1618	255
PA|PP755594.1|A/cattle/Texas/24-008749-003/2024(H5N1)	1619	255
PA|PP755594.1|A/cattle/Texas/24-008749-003/2024(H5N1)	1620	241
PA|PP755594.1|A/cattle/Texas/24-008749-003/2024(H5N1)	1621	241
PA|PP755594.1|A/cattle/Texas/24-008749-003/2024(H5N1)	1622	241
PA|PP755594.1|A/cattle/Texas/24-008749-003/2024(H5N1)	1623	240
PA|PP755594.1|A/cattle/Texas/24-008749-003/2024(H5N1)	1624	240
PA|PP755594.1|A/cattle/Texas/24-008749-003/2024(H5N1)	1625	240
PA|PP755594.1|A/cattle/Texas/24-008749-003/2024(H5N1)	1626	235
PA|PP755594.1|A/cattle/Texas/24-008749-003/2024(H5N1)	1627	235
PA|PP755594.1|A/cattle/Texas/24-008749-003/2024(H5N1)	1628	235
PA|PP755594.1|A/cattle/Texas/24-008749-003/2024(H5N1)	1629	235
PA|PP755594.1|A/cattle/Texas/24-008749-003/2024(H5N1)	1630	235
PA|PP755594.1|A/cattle/Texas/24-008749-003/2024(H5N1)	1631	233
PA|PP755594.1|A/cattle/Texas/24-008749-003/2024(H5N1)	1632	186
PA|PP755594.1|A/cattle/Texas/24-008749-003/2024(H5N1)	1633	186
PA|PP755594.1|A/cattle/Texas/24-008749-003/2024(H5N1)	1634	186
PA|PP755594.1|A/cattle/Texas/24-008749-003/2024(H5N1)	1635	188
PA|PP755594.1|A/cattle/Texas/24-008749-003/2024(H5N1)	1636	207
PA|PP755594.1|A/cattle/Texas/24-008749-003/2024(H5N1)	1637	207
PA|PP755594.1|A/cattle/Texas/24-008749-003/2024(H5N1)	1638	208
PA|PP755594.1|A/cattle/Texas/24-008749-003/2024(H5N1)	1639	211
PA|PP755594.1|A/cattle/Texas/24-008749-003/2024(H5N1)	1640	214
PA|PP755594.1|A/cattle/Texas/24-008749-003/2024(H5N1)	1641	214
PA|PP755594.1|A/cattle/Texas/24-008749-003/2024(H5N1)	1642	216
PA|PP755594.1|A/cattle/Texas/24-008749-003/2024(H5N1)	1643	222
PA|PP755594.1|A/cattle/Texas/24-008749-003/2024(H5N1)	1644	222
PA|PP755594.1|A/cattle/Texas/24-008749-003/2024(H5N1)	1645	238
PA|PP755594.1|A/cattle/Texas/24-008749-003/2024(H5N1)	1646	238
PA|PP755594.1|A/cattle/Texas/24-008749-003/2024(H5N1)	1647	238
PA|PP755594.1|A/cattle/Texas/24-008749-003/2024(H5N1)	1648	229
PA|PP755594.1|A/cattle/Texas/24-008749-003/2024(H5N1)	1649	228
PA|PP755594.1|A/cattle/Texas/24-008749-003/2024(H5N1)	1650	228
PA|PP755594.1|A/cattle/Texas/24-008749-003/2024(H5N1)	1651	229
PA|PP755594.1|A/cattle/Texas/24-008749-003/2024(H5N1)	1652	257
PA|PP755594.1|A/cattle/Texas/24-008749-003/2024(H5N1)	1653	262
PA|PP755594.1|A/cattle/Texas/24-008749-003/2024(H5N1)	1654	262
PA|PP755594.1|A/cattle/Texas/24-008749-003/2024(H5N1)	1655	263
PA|PP755594.1|A/cattle/Texas/24-008749-003/2024(H5N1)	1656	264
PA|PP755594.1|A/cattle/Texas/24-008749-003/2024(H5N1)	1657	278
PA|PP755594.1|A/cattle/Texas/24-008749-003/2024(H5N1)	1658	281
PA|PP755594.1|A/cattle/Texas/24-008749-003/2024(H5N1)	1659	281
PA|PP755594.1|A/cattle/Texas/24-008749-003/2024(H5N1)	1660	281
PA|PP755594.1|A/cattle/Texas/24-008749-003/2024(H5N1)	1661	278
PA|PP755594.1|A/cattle/Texas/24-008749-003/2024(H5N1)	1662	277
PA|PP755594.1|A/cattle/Texas/24-008749-003/2024(H5N1)	1663	278
PA|PP755594.1|A/cattle/Texas/24-008749-003/2024(H5N1)	1664	277
PA|PP755594.1|A/cattle/Texas/24-008749-003/2024(H5N1)	1665	276
PA|PP755594.1|A/cattle/Texas/24-008749-003/2024(H5N1)	1666	276
PA|PP755594.1|A/cattle/Texas/24-008749-003/2024(H5N1)	1667	275
PA|PP755594.1|A/cattle/Texas/24-008749-003/2024(H5N1)	1668	274
PA|PP755594.1|A/cattle/Texas/24-008749-003/2024(H5N1)	1669	272
PA|PP755594.1|A/cattle/Texas/24-008749-003/2024(H5N1)	1670	272
PA|PP755594.1|A/cattle/Texas/24-008749-003/2024(H5N1)	1671	269
PA|PP755594.1|A/cattle/Texas/24-008749-003/2024(H5N1)	1672	269
PA|PP755594.1|A/cattle/Texas/24-008749-003/2024(H5N1)	1673	244
PA|PP755594.1|A/cattle/Texas/24-008749-003/2024(H5N1)	1674	244
PA|PP755594.1|A/cattle/Texas/24-008749-003/2024(H5N1)	1675	245
PA|PP755594.1|A/cattle/Texas/24-008749-003/2024(H5N1)	1676	246
PA|PP755594.1|A/cattle/Texas/24-008749-003/2024(H5N1)	1677	246
PA|PP755594.1|A/cattle/Texas/24-008749-003/2024(H5N1)	1678	274
PA|PP755594.1|A/cattle/Texas/24-008749-003/2024(H5N1)	1679	275
PA|PP755594.1|A/cattle/Texas/24-008749-003/2024(H5N1)	1680	275
PA|PP755594.1|A/cattle/Texas/24-008749-003/2024(H5N1)	1681	279
PA|PP755594.1|A/cattle/Texas/24-008749-003/2024(H5N1)	1682	280
PA|PP755594.1|A/cattle/Texas/24-008749-003/2024(H5N1)	1683	282
PA|PP755594.1|A/cattle/Texas/24-008749-003/2024(H5N1)	1684	283
PA|PP755594.1|A/cattle/Texas/24-008749-003/2024(H5N1)	1685	282
PA|PP755594.1|A/cattle/Texas/24-008749-003/2024(H5N1)	1686	274
PA|PP755594.1|A/cattle/Texas/24-008749-003/2024(H5N1)	1687	273
PA|PP755594.1|A/cattle/Texas/24-008749-003/2024(H5N1)	1688	273
PA|PP755594.1|A/cattle/Texas/24-008749-003/2024(H5N1)	1689	275
PA|PP755594.1|A/cattle/Texas/24-008749-003/2024(H5N1)	1690	274
PA|PP755594.1|A/cattle/Texas/24-008749-003/2024(H5N1)	1691	273
PA|PP755594.1|A/cattle/Texas/24-008749-003/2024(H5N1)	1692	273
PA|PP755594.1|A/cattle/Texas/24-008749-003/2024(H5N1)	1693	270
PA|PP755594.1|A/cattle/Texas/24-008749-003/2024(H5N1)	1694	268
PA|PP755594.1|A/cattle/Texas/24-008749-003/2024(H5N1)	1695	242
PA|PP755594.1|A/cattle/Texas/24-008749-003/2024(H5N1)	1696	242
PA|PP755594.1|A/cattle/Texas/24-008749-003/2024(H5N1)	1697	242
PA|PP755594.1|A/cattle/Texas/24-008749-003/2024(H5N1)	1698	242
PA|PP755594.1|A/cattle/Texas/24-008749-003/2024(H5N1)	1699	242
PA|PP755594.1|A/cattle/Texas/24-008749-003/2024(H5N1)	1700	245
PA|PP755594.1|A/cattle/Texas/24-008749-003/2024(H5N1)	1701	244
PA|PP755594.1|A/cattle/Texas/24-008749-003/2024(H5N1)	1702	237
PA|PP755594.1|A/cattle/Texas/24-008749-003/2024(H5N1)	1703	237
PA|PP755594.1|A/cattle/Texas/24-008749-003/2024(H5N1)	1704	236
PA|PP755594.1|A/cattle/Texas/24-008749-003/2024(H5N1)	1705	236
PA|PP755594.1|A/cattle/Texas/24-008749-003/2024(H5N1)	1706	236
PA|PP755594.1|A/cattle/Texas/24-008749-003/2024(H5N1)	1707	235
PA|PP755594.1|A/cattle/Texas/24-008749-003/2024(H5N1)	1708	235
PA|PP755594.1|A/cattle/Texas/24-008749-003/2024(H5N1)	1709	236
PA|PP755594.1|A/cattle/Texas/24-008749-003/2024(H5N1)	1710	237
PA|PP755594.1|A/cattle/Texas/24-008749-003/2024(H5N1)	1711	276
PA|PP755594.1|A/cattle/Texas/24-008749-003/2024(H5N1)	1712	280
PA|PP755594.1|A/cattle/Texas/24-008749-003/2024(H5N1)	1713	280
PA|PP755594.1|A/cattle/Texas/24-008749-003/2024(H5N1)	1714	280
PA|PP755594.1|A/cattle/Texas/24-008749-003/2024(H5N1)	1715	281
PA|PP755594.1|A/cattle/Texas/24-008749-003/2024(H5N1)	1716	280
PA|PP755594.1|A/cattle/Texas/24-008749-003/2024(H5N1)	1717	283
PA|PP755594.1|A/cattle/Texas/24-008749-003/2024(H5N1)	1718	283
PA|PP755594.1|A/cattle/Texas/24-008749-003/2024(H5N1)	1719	284
PA|PP755594.1|A/cattle/Texas/24-008749-003/2024(H5N1)	1720	284
PA|PP755594.1|A/cattle/Texas/24-008749-003/2024(H5N1)	1721	283
PA|PP755594.1|A/cattle/Texas/24-008749-003/2024(H5N1)	1722	285
PA|PP755594.1|A/cattle/Texas/24-008749-003/2024(H5N1)	1723	299
PA|PP755594.1|A/cattle/Texas/24-008749-003/2024(H5N1)	1724	299
PA|PP755594.1|A/cattle/Texas/24-008749-003/2024(H5N1)	1725	303
PA|PP755594.1|A/cattle/Texas/24-008749-003/2024(H5N1)	1726	305
PA|PP755594.1|A/cattle/Texas/24-008749-003/2024(H5N1)	1727	306
PA|PP755594.1|A/cattle/Texas/24-008749-003/2024(H5N1)	1728	306
PA|PP755594.1|A/cattle/Texas/24-008749-003/2024(H5N1)	1729	309
PA|PP755594.1|A/cattle/Texas/24-008749-003/2024(H5N1)	1730	314
PA|PP755594.1|A/cattle/Texas/24-008749-003/2024(H5N1)	1731	330
PA|PP755594.1|A/cattle/Texas/24-008749-003/2024(H5N1)	1732	335
PA|PP755594.1|A/cattle/Texas/24-008749-003/2024(H5N1)	1733	340
PA|PP755594.1|A/cattle/Texas/24-008749-003/2024(H5N1)	1734	339
PA|PP755594.1|A/cattle/Texas/24-008749-003/2024(H5N1)	1735	342
PA|PP755594.1|A/cattle/Texas/24-008749-003/2024(H5N1)	1736	334
PA|PP755594.1|A/cattle/Texas/24-008749-003/2024(H5N1)	1737	331
PA|PP755594.1|A/cattle/Texas/24-008749-003/2024(H5N1)	1738	341
PA|PP755594.1|A/cattle/Texas/24-008749-003/2024(H5N1)	1739	348
PA|PP755594.1|A/cattle/Texas/24-008749-003/2024(H5N1)	1740	349
PA|PP755594.1|A/cattle/Texas/24-008749-003/2024(H5N1)	1741	355
PA|PP755594.1|A/cattle/Texas/24-008749-003/2024(H5N1)	1742	349
PA|PP755594.1|A/cattle/Texas/24-008749-003/2024(H5N1)	1743	351
PA|PP755594.1|A/cattle/Texas/24-008749-003/2024(H5N1)	1744	352
PA|PP755594.1|A/cattle/Texas/24-008749-003/2024(H5N1)	1745	352
PA|PP755594.1|A/cattle/Texas/24-008749-003/2024(H5N1)	1746	351
PA|PP755594.1|A/cattle/Texas/24-008749-003/2024(H5N1)	1747	345
PA|PP755594.1|A/cattle/Texas/24-008749-003/2024(H5N1)	1748	345
PA|PP755594.1|A/cattle/Texas/24-008749-003/2024(H5N1)	1749	340
PA|PP755594.1|A/cattle/Texas/24-008749-003/2024(H5N1)	1750	352
PA|PP755594.1|A/cattle/Texas/24-008749-003/2024(H5N1)	1751	356
PA|PP755594.1|A/cattle/Texas/24-008749-003/2024(H5N1)	1752	356
PA|PP755594.1|A/cattle/Texas/24-008749-003/2024(H5N1)	1753	360
PA|PP755594.1|A/cattle/Texas/24-008749-003/2024(H5N1)	1754	357
PA|PP755594.1|A/cattle/Texas/24-008749-003/2024(H5N1)	1755	360
PA|PP755594.1|A/cattle/Texas/24-008749-003/2024(H5N1)	1756	364
PA|PP755594.1|A/cattle/Texas/24-008749-003/2024(H5N1)	1757	364
PA|PP755594.1|A/cattle/Texas/24-008749-003/2024(H5N1)	1758	366
PA|PP755594.1|A/cattle/Texas/24-008749-003/2024(H5N1)	1759	366
PA|PP755594.1|A/cattle/Texas/24-008749-003/2024(H5N1)	1760	365
PA|PP755594.1|A/cattle/Texas/24-008749-003/2024(H5N1)	1761	364
PA|PP755594.1|A/cattle/Texas/24-008749-003/2024(H5N1)	1762	369
PA|PP755594.1|A/cattle/Texas/24-008749-003/2024(H5N1)	1763	397
PA|PP755594.1|A/cattle/Texas/24-008749-003/2024(H5N1)	1764	394
PA|PP755594.1|A/cattle/Texas/24-008749-003/2024(H5N1)	1765	395
PA|PP755594.1|A/cattle/Texas/24-008749-003/2024(H5N1)	1766	422
PA|PP755594.1|A/cattle/Texas/24-008749-003/2024(H5N1)	1767	425
PA|PP755594.1|A/cattle/Texas/24-008749-003/2024(H5N1)	1768	430
PA|PP755594.1|A/cattle/Texas/24-008749-003/2024(H5N1)	1769	432
PA|PP755594.1|A/cattle/Texas/24-008749-003/2024(H5N1)	1770	434
PA|PP755594.1|A/cattle/Texas/24-008749-003/2024(H5N1)	1771	434
PA|PP755594.1|A/cattle/Texas/24-008749-003/2024(H5N1)	1772	421
PA|PP755594.1|A/cattle/Texas/24-008749-003/2024(H5N1)	1773	424
PA|PP755594.1|A/cattle/Texas/24-008749-003/2024(H5N1)	1774	651
PA|PP755594.1|A/cattle/Texas/24-008749-003/2024(H5N1)	1775	652
PA|PP755594.1|A/cattle/Texas/24-008749-003/2024(H5N1)	1776	656
PA|PP755594.1|A/cattle/Texas/24-008749-003/2024(H5N1)	1777	657
PA|PP755594.1|A/cattle/Texas/24-008749-003/2024(H5N1)	1778	660
PA|PP755594.1|A/cattle/Texas/24-008749-003/2024(H5N1)	1779	663
PA|PP755594.1|A/cattle/Texas/24-008749-003/2024(H5N1)	1780	666
PA|PP755594.1|A/cattle/Texas/24-008749-003/2024(H5N1)	1781	672
PA|PP755594.1|A/cattle/Texas/24-008749-003/2024(H5N1)	1782	667
PA|PP755594.1|A/cattle/Texas/24-008749-003/2024(H5N1)	1783	667
PA|PP755594.1|A/cattle/Texas/24-008749-003/2024(H5N1)	1784	665
PA|PP755594.1|A/cattle/Texas/24-008749-003/2024(H5N1)	1785	682
PA|PP755594.1|A/cattle/Texas/24-008749-003/2024(H5N1)	1786	685
PA|PP755594.1|A/cattle/Texas/24-008749-003/2024(H5N1)	1787	683
PA|PP755594.1|A/cattle/Texas/24-008749-003/2024(H5N1)	1788	684
PA|PP755594.1|A/cattle/Texas/24-008749-003/2024(H5N1)	1789	686
PA|PP755594.1|A/cattle/Texas/24-008749-003/2024(H5N1)	1790	681
PA|PP755594.1|A/cattle/Texas/24-008749-003/2024(H5N1)	1791	687
PA|PP755594.1|A/cattle/Texas/24-008749-003/2024(H5N1)	1792	705
PA|PP755594.1|A/cattle/Texas/24-008749-003/2024(H5N1)	1793	699
PA|PP755594.1|A/cattle/Texas/24-008749-003/2024(H5N1)	1794	689
PA|PP755594.1|A/cattle/Texas/24-008749-003/2024(H5N1)	1795	688
PA|PP755594.1|A/cattle/Texas/24-008749-003/2024(H5N1)	1796	677
PA|PP755594.1|A/cattle/Texas/24-008749-003/2024(H5N1)	1797	676
PA|PP755594.1|A/cattle/Texas/24-008749-003/2024(H5N1)	1798	685
PA|PP755594.1|A/cattle/Texas/24-008749-003/2024(H5N1)	1799	685
PA|PP755594.1|A/cattle/Texas/24-008749-003/2024(H5N1)	1800	680
PA|PP755594.1|A/cattle/Texas/24-008749-003/2024(H5N1)	1801	715
PA|PP755594.1|A/cattle/Texas/24-008749-003/2024(H5N1)	1802	712
PA|PP755594.1|A/cattle/Texas/24-008749-003/2024(H5N1)	1803	711
PA|PP755594.1|A/cattle/Texas/24-008749-003/2024(H5N1)	1804	711
PA|PP755594.1|A/cattle/Texas/24-008749-003/2024(H5N1)	1805	711
PA|PP755594.1|A/cattle/Texas/24-008749-003/2024(H5N1)	1806	709
PA|PP755594.1|A/cattle/Texas/24-008749-003/2024(H5N1)	1807	708
PA|PP755594.1|A/cattle/Texas/24-008749-003/2024(H5N1)	1808	692
PA|PP755594.1|A/cattle/Texas/24-008749-003/2024(H5N1)	1809	687
PA|PP755594.1|A/cattle/Texas/24-008749-003/2024(H5N1)	1810	683
PA|PP755594.1|A/cattle/Texas/24-008749-003/2024(H5N1)	1811	680
PA|PP755594.1|A/cattle/Texas/24-008749-003/2024(H5N1)	1812	583
PA|PP755594.1|A/cattle/Texas/24-008749-003/2024(H5N1)	1813	581
PA|PP755594.1|A/cattle/Texas/24-008749-003/2024(H5N1)	1814	583
PA|PP755594.1|A/cattle/Texas/24-008749-003/2024(H5N1)	1815	581
PA|PP755594.1|A/cattle/Texas/24-008749-003/2024(H5N1)	1816	581
PA|PP755594.1|A/cattle/Texas/24-008749-003/2024(H5N1)	1817	581
PA|PP755594.1|A/cattle/Texas/24-008749-003/2024(H5N1)	1818	578
PA|PP755594.1|A/cattle/Texas/24-008749-003/2024(H5N1)	1819	574
PA|PP755594.1|A/cattle/Texas/24-008749-003/2024(H5N1)	1820	570
PA|PP755594.1|A/cattle/Texas/24-008749-003/2024(H5N1)	1821	569
PA|PP755594.1|A/cattle/Texas/24-008749-003/2024(H5N1)	1822	560
PA|PP755594.1|A/cattle/Texas/24-008749-003/2024(H5N1)	1823	551
PA|PP755594.1|A/cattle/Texas/24-008749-003/2024(H5N1)	1824	549
PA|PP755594.1|A/cattle/Texas/24-008749-003/2024(H5N1)	1825	549
PA|PP755594.1|A/cattle/Texas/24-008749-003/2024(H5N1)	1826	549
PA|PP755594.1|A/cattle/Texas/24-008749-003/2024(H5N1)	1827	549
PA|PP755594.1|A/cattle/Texas/24-008749-003/2024(H5N1)	1828	613
PA|PP755594.1|A/cattle/Texas/24-008749-003/2024(H5N1)	1829	613
PA|PP755594.1|A/cattle/Texas/24-008749-003/2024(H5N1)	1830	613
PA|PP755594.1|A/cattle/Texas/24-008749-003/2024(H5N1)	1831	613
PA|PP755594.1|A/cattle/Texas/24-008749-003/2024(H5N1)	1832	613
PA|PP755594.1|A/cattle/Texas/24-008749-003/2024(H5N1)	1833	603
PA|PP755594.1|A/cattle/Texas/24-008749-003/2024(H5N1)	1834	609
PA|PP755594.1|A/cattle/Texas/24-008749-003/2024(H5N1)	1835	609
PA|PP755594.1|A/cattle/Texas/24-008749-003/2024(H5N1)	1836	609
PA|PP755594.1|A/cattle/Texas/24-008749-003/2024(H5N1)	1837	609
PA|PP755594.1|A/cattle/Texas/24-008749-003/2024(H5N1)	1838	606
PA|PP755594.1|A/cattle/Texas/24-008749-003/2024(H5N1)	1839	606
PA|PP755594.1|A/cattle/Texas/24-008749-003/2024(H5N1)	1840	606
PA|PP755594.1|A/cattle/Texas/24-008749-003/2024(H5N1)	1841	606
PA|PP755594.1|A/cattle/Texas/24-008749-003/2024(H5N1)	1842	606
PA|PP755594.1|A/cattle/Texas/24-008749-003/2024(H5N1)	1843	603
PA|PP755594.1|A/cattle/Texas/24-008749-003/2024(H5N1)	1844	601
PA|PP755594.1|A/cattle/Texas/24-008749-003/2024(H5N1)	1845	600
PA|PP755594.1|A/cattle/Texas/24-008749-003/2024(H5N1)	1846	600
PA|PP755594.1|A/cattle/Texas/24-008749-003/2024(H5N1)	1847	601
PA|PP755594.1|A/cattle/Texas/24-008749-003/2024(H5N1)	1848	601
PA|PP755594.1|A/cattle/Texas/24-008749-003/2024(H5N1)	1849	658
PA|PP755594.1|A/cattle/Texas/24-008749-003/2024(H5N1)	1850	656
PA|PP755594.1|A/cattle/Texas/24-008749-003/2024(H5N1)	1851	656
PA|PP755594.1|A/cattle/Texas/24-008749-003/2024(H5N1)	1852	658
PA|PP755594.1|A/cattle/Texas/24-008749-003/2024(H5N1)	1853	649
PA|PP755594.1|A/cattle/Texas/24-008749-003/2024(H5N1)	1854	651
PA|PP755594.1|A/cattle/Texas/24-008749-003/2024(H5N1)	1855	669
PA|PP755594.1|A/cattle/Texas/24-008749-003/2024(H5N1)	1856	669
PA|PP755594.1|A/cattle/Texas/24-008749-003/2024(H5N1)	1857	676
PA|PP755594.1|A/cattle/Texas/24-008749-003/2024(H5N1)	1858	676
PA|PP755594.1|A/cattle/Texas/24-008749-003/2024(H5N1)	1859	683
PA|PP755594.1|A/cattle/Texas/24-008749-003/2024(H5N1)	1860	682
PA|PP755594.1|A/cattle/Texas/24-008749-003/2024(H5N1)	1861	686
PA|PP755594.1|A/cattle/Texas/24-008749-003/2024(H5N1)	1862	687
PA|PP755594.1|A/cattle/Texas/24-008749-003/2024(H5N1)	1863	672
PA|PP755594.1|A/cattle/Texas/24-008749-003/2024(H5N1)	1864	677
PA|PP755594.1|A/cattle/Texas/24-008749-003/2024(H5N1)	1865	679
PA|PP755594.1|A/cattle/Texas/24-008749-003/2024(H5N1)	1866	678
PA|PP755594.1|A/cattle/Texas/24-008749-003/2024(H5N1)	1867	682
PA|PP755594.1|A/cattle/Texas/24-008749-003/2024(H5N1)	1868	680
PA|PP755594.1|A/cattle/Texas/24-008749-003/2024(H5N1)	1869	685
PA|PP755594.1|A/cattle/Texas/24-008749-003/2024(H5N1)	1870	684
PA|PP755594.1|A/cattle/Texas/24-008749-003/2024(H5N1)	1871	681
PA|PP755594.1|A/cattle/Texas/24-008749-003/2024(H5N1)	1872	720
PA|PP755594.1|A/cattle/Texas/24-008749-003/2024(H5N1)	1873	720
PA|PP755594.1|A/cattle/Texas/24-008749-003/2024(H5N1)	1874	723
PA|PP755594.1|A/cattle/Texas/24-008749-003/2024(H5N1)	1875	721
PA|PP755594.1|A/cattle/Texas/24-008749-003/2024(H5N1)	1876	742
PA|PP755594.1|A/cattle/Texas/24-008749-003/2024(H5N1)	1877	750
PA|PP755594.1|A/cattle/Texas/24-008749-003/2024(H5N1)	1878	802
PA|PP755594.1|A/cattle/Texas/24-008749-003/2024(H5N1)	1879	824
PA|PP755594.1|A/cattle/Texas/24-008749-003/2024(H5N1)	1880	828
PA|PP755594.1|A/cattle/Texas/24-008749-003/2024(H5N1)	1881	817
PA|PP755594.1|A/cattle/Texas/24-008749-003/2024(H5N1)	1882	821
PA|PP755594.1|A/cattle/Texas/24-008749-003/2024(H5N1)	1883	852
PA|PP755594.1|A/cattle/Texas/24-008749-003/2024(H5N1)	1884	846
PA|PP755594.1|A/cattle/Texas/24-008749-003/2024(H5N1)	1885	856
PA|PP755594.1|A/cattle/Texas/24-008749-003/2024(H5N1)	1886	855
PA|PP755594.1|A/cattle/Texas/24-008749-003/2024(H5N1)	1887	855
PA|PP755594.1|A/cattle/Texas/24-008749-003/2024(H5N1)	1888	848
PA|PP755594.1|A/cattle/Texas/24-008749-003/2024(H5N1)	1889	839
PA|PP755594.1|A/cattle/Texas/24-008749-003/2024(H5N1)	1890	837
PA|PP755594.1|A/cattle/Texas/24-008749-003/2024(H5N1)	1891	839
PA|PP755594.1|A/cattle/Texas/24-008749-003/2024(H5N1)	1892	832
PA|PP755594.1|A/cattle/Texas/24-008749-003/2024(H5N1)	1893	820
PA|PP755594.1|A/cattle/Texas/24-008749-003/2024(H5N1)	1894	816
PA|PP755594.1|A/cattle/Texas/24-008749-003/2024(H5N1)	1895	816
PA|PP755594.1|A/cattle/Texas/24-008749-003/2024(H5N1)	1896	816
PA|PP755594.1|A/cattle/Texas/24-008749-003/2024(H5N1)	1897	930
PA|PP755594.1|A/cattle/Texas/24-008749-003/2024(H5N1)	1898	939
PA|PP755594.1|A/cattle/Texas/24-008749-003/2024(H5N1)	1899	941
PA|PP755594.1|A/cattle/Texas/24-008749-003/2024(H5N1)	1900	947
PA|PP755594.1|A/cattle/Texas/24-008749-003/2024(H5N1)	1901	945
PA|PP755594.1|A/cattle/Texas/24-008749-003/2024(H5N1)	1902	943
PA|PP755594.1|A/cattle/Texas/24-008749-003/2024(H5N1)	1903	948
PA|PP755594.1|A/cattle/Texas/24-008749-003/2024(H5N1)	1904	944
PA|PP755594.1|A/cattle/Texas/24-008749-003/2024(H5N1)	1905	993
PA|PP755594.1|A/cattle/Texas/24-008749-003/2024(H5N1)	1906	1056
PA|PP755594.1|A/cattle/Texas/24-008749-003/2024(H5N1)	1907	1064
PA|PP755594.1|A/cattle/Texas/24-008749-003/2024(H5N1)	1908	1099
PA|PP755594.1|A/cattle/Texas/24-008749-003/2024(H5N1)	1909	1095
PA|PP755594.1|A/cattle/Texas/24-008749-003/2024(H5N1)	1910	1102
PA|PP755594.1|A/cattle/Texas/24-008749-003/2024(H5N1)	1911	1102
PA|PP755594.1|A/cattle/Texas/24-008749-003/2024(H5N1)	1912	1093
PA|PP755594.1|A/cattle/Texas/24-008749-003/2024(H5N1)	1913	1106
PA|PP755594.1|A/cattle/Texas/24-008749-003/2024(H5N1)	1914	1068
PA|PP755594.1|A/cattle/Texas/24-008749-003/2024(H5N1)	1915	1060
PA|PP755594.1|A/cattle/Texas/24-008749-003/2024(H5N1)	1916	1078
PA|PP755594.1|A/cattle/Texas/24-008749-003/2024(H5N1)	1917	1108
PA|PP755594.1|A/cattle/Texas/24-008749-003/2024(H5N1)	1918	1078
PA|PP755594.1|A/cattle/Texas/24-008749-003/2024(H5N1)	1919	1078
PA|PP755594.1|A/cattle/Texas/24-008749-003/2024(H5N1)	1920	1082
PA|PP755594.1|A/cattle/Texas/24-008749-003/2024(H5N1)	1921	1090
PA|PP755594.1|A/cattle/Texas/24-008749-003/2024(H5N1)	1922	1090
PA|PP755594.1|A/cattle/Texas/24-008749-003/2024(H5N1)	1923	1101
PA|PP755594.1|A/cattle/Texas/24-008749-003/2024(H5N1)	1924	1303
PA|PP755594.1|A/cattle/Texas/24-008749-003/2024(H5N1)	1925	1354
PA|PP755594.1|A/cattle/Texas/24-008749-003/2024(H5N1)	1926	1484
PA|PP755594.1|A/cattle/Texas/24-008749-003/2024(H5N1)	1927	1485
PA|PP755594.1|A/cattle/Texas/24-008749-003/2024(H5N1)	1928	1495
PA|PP755594.1|A/cattle/Texas/24-008749-003/2024(H5N1)	1929	1503
PA|PP755594.1|A/cattle/Texas/24-008749-003/2024(H5N1)	1930	1656
PA|PP755594.1|A/cattle/Texas/24-008749-003/2024(H5N1)	1931	1657
PA|PP755594.1|A/cattle/Texas/24-008749-003/2024(H5N1)	1932	1661
PA|PP755594.1|A/cattle/Texas/24-008749-003/2024(H5N1)	1933	1718
PA|PP755594.1|A/cattle/Texas/24-008749-003/2024(H5N1)	1934	1762
PA|PP755594.1|A/cattle/Texas/24-008749-003/2024(H5N1)	1935	1781
PA|PP755594.1|A/cattle/Texas/24-008749-003/2024(H5N1)	1936	1873
PA|PP755594.1|A/cattle/Texas/24-008749-003/2024(H5N1)	1937	1877
PA|PP755594.1|A/cattle/Texas/24-008749-003/2024(H5N1)	1938	1883
PA|PP755594.1|A/cattle/Texas/24-008749-003/2024(H5N1)	1939	1884
PA|PP755594.1|A/cattle/Texas/24-008749-003/2024(H5N1)	1940	1886
PA|PP755594.1|A/cattle/Texas/24-008749-003/2024(H5N1)	1941	1890
PA|PP755594.1|A/cattle/Texas/24-008749-003/2024(H5N1)	1942	1890
PA|PP755594.1|A/cattle/Texas/24-008749-003/2024(H5N1)	1943	1884
PA|PP755594.1|A/cattle/Texas/24-008749-003/2024(H5N1)	1944	1868
PA|PP755594.1|A/cattle/Texas/24-008749-003/2024(H5N1)	1945	1891
PA|PP755594.1|A/cattle/Texas/24-008749-003/2024(H5N1)	1946	1891
PA|PP755594.1|A/cattle/Texas/24-008749-003/2024(H5N1)	1947	1891
PA|PP755594.1|A/cattle/Texas/24-008749-003/2024(H5N1)	1948	1891
PA|PP755594.1|A/cattle/Texas/24-008749-003/2024(H5N1)	1949	1891
PA|PP755594.1|A/cattle/Texas/24-008749-003/2024(H5N1)	1950	1823
PA|PP755594.1|A/cattle/Texas/24-008749-003/2024(H5N1)	1951	1823
PA|PP755594.1|A/cattle/Texas/24-008749-003/2024(H5N1)	1952	1823
PA|PP755594.1|A/cattle/Texas/24-008749-003/2024(H5N1)	1953	1823
PA|PP755594.1|A/cattle/Texas/24-008749-003/2024(H5N1)	1954	1823
PA|PP755594.1|A/cattle/Texas/24-008749-003/2024(H5N1)	1955	1823
PA|PP755594.1|A/cattle/Texas/24-008749-003/2024(H5N1)	1956	1695
PA|PP755594.1|A/cattle/Texas/24-008749-003/2024(H5N1)	1957	1696
PA|PP755594.1|A/cattle/Texas/24-008749-003/2024(H5N1)	1958	1696
PA|PP755594.1|A/cattle/Texas/24-008749-003/2024(H5N1)	1959	1696
PA|PP755594.1|A/cattle/Texas/24-008749-003/2024(H5N1)	1960	1705
PA|PP755594.1|A/cattle/Texas/24-008749-003/2024(H5N1)	1961	1751
PA|PP755594.1|A/cattle/Texas/24-008749-003/2024(H5N1)	1962	1750
PA|PP755594.1|A/cattle/Texas/24-008749-003/2024(H5N1)	1963	1750
PA|PP755594.1|A/cattle/Texas/24-008749-003/2024(H5N1)	1964	1750
PA|PP755594.1|A/cattle/Texas/24-008749-003/2024(H5N1)	1965	1748
PA|PP755594.1|A/cattle/Texas/24-008749-003/2024(H5N1)	1966	1753
PA|PP755594.1|A/cattle/Texas/24-008749-003/2024(H5N1)	1967	1754
PA|PP755594.1|A/cattle/Texas/24-008749-003/2024(H5N1)	1968	1754
PA|PP755594.1|A/cattle/Texas/24-008749-003/2024(H5N1)	1969	1767
PA|PP755594.1|A/cattle/Texas/24-008749-003/2024(H5N1)	1970	1776
PA|PP755594.1|A/cattle/Texas/24-008749-003/2024(H5N1)	1971	1812
PA|PP755594.1|A/cattle/Texas/24-008749-003/2024(H5N1)	1972	2843
PA|PP755594.1|A/cattle/Texas/24-008749-003/2024(H5N1)	1973	2854
PA|PP755594.1|A/cattle/Texas/24-008749-003/2024(H5N1)	1974	2869
PA|PP755594.1|A/cattle/Texas/24-008749-003/2024(H5N1)	1975	2874
PA|PP755594.1|A/cattle/Texas/24-008749-003/2024(H5N1)	1976	2884
PA|PP755594.1|A/cattle/Texas/24-008749-003/2024(H5N1)	1977	2884
PA|PP755594.1|A/cattle/Texas/24-008749-003/2024(H5N1)	1978	2888
PA|PP755594.1|A/cattle/Texas/24-008749-003/2024(H5N1)	1979	2888
PA|PP755594.1|A/cattle/Texas/24-008749-003/2024(H5N1)	1980	2888
PA|PP755594.1|A/cattle/Texas/24-008749-003/2024(H5N1)	1981	2904
PA|PP755594.1|A/cattle/Texas/24-008749-003/2024(H5N1)	1982	2930
PA|PP755594.1|A/cattle/Texas/24-008749-003/2024(H5N1)	1983	2946
PA|PP755594.1|A/cattle/Texas/24-008749-003/2024(H5N1)	1984	2946
PA|PP755594.1|A/cattle/Texas/24-008749-003/2024(H5N1)	1985	2946
PA|PP755594.1|A/cattle/Texas/24-008749-003/2024(H5N1)	1986	2944
PA|PP755594.1|A/cattle/Texas/24-008749-003/2024(H5N1)	1987	2955
PA|PP755594.1|A/cattle/Texas/24-008749-003/2024(H5N1)	1988	2963
PA|PP755594.1|A/cattle/Texas/24-008749-003/2024(H5N1)	1989	2963
PA|PP755594.1|A/cattle/Texas/24-008749-003/2024(H5N1)	1990	2968
PA|PP755594.1|A/cattle/Texas/24-008749-003/2024(H5N1)	1991	2983
PA|PP755594.1|A/cattle/Texas/24-008749-003/2024(H5N1)	1992	2988
PA|PP755594.1|A/cattle/Texas/24-008749-003/2024(H5N1)	1993	3086
PA|PP755594.1|A/cattle/Texas/24-008749-003/2024(H5N1)	1994	3447
PA|PP755594.1|A/cattle/Texas/24-008749-003/2024(H5N1)	1995	3497
PA|PP755594.1|A/cattle/Texas/24-008749-003/2024(H5N1)	1996	3510
PA|PP755594.1|A/cattle/Texas/24-008749-003/2024(H5N1)	1997	3516
PA|PP755594.1|A/cattle/Texas/24-008749-003/2024(H5N1)	1998	3532
PA|PP755594.1|A/cattle/Texas/24-008749-003/2024(H5N1)	1999	3577
PA|PP755594.1|A/cattle/Texas/24-008749-003/2024(H5N1)	2000	3596
PA|PP755594.1|A/cattle/Texas/24-008749-003/2024(H5N1)	2001	3654
PA|PP755594.1|A/cattle/Texas/24-008749-003/2024(H5N1)	2002	3688
PA|PP755594.1|A/cattle/Texas/24-008749-003/2024(H5N1)	2003	3728
PA|PP755594.1|A/cattle/Texas/24-008749-003/2024(H5N1)	2004	3751
PA|PP755594.1|A/cattle/Texas/24-008749-003/2024(H5N1)	2005	3803
PA|PP755594.1|A/cattle/Texas/24-008749-003/2024(H5N1)	2006	3800
PA|PP755594.1|A/cattle/Texas/24-008749-003/2024(H5N1)	2007	3803
PA|PP755594.1|A/cattle/Texas/24-008749-003/2024(H5N1)	2008	3796
PA|PP755594.1|A/cattle/Texas/24-008749-003/2024(H5N1)	2009	3792
PA|PP755594.1|A/cattle/Texas/24-008749-003/2024(H5N1)	2010	3799
PA|PP755594.1|A/cattle/Texas/24-008749-003/2024(H5N1)	2011	3849
PA|PP755594.1|A/cattle/Texas/24-008749-003/2024(H5N1)	2012	3852
PA|PP755594.1|A/cattle/Texas/24-008749-003/2024(H5N1)	2013	3863
PA|PP755594.1|A/cattle/Texas/24-008749-003/2024(H5N1)	2014	3915
PA|PP755594.1|A/cattle/Texas/24-008749-003/2024(H5N1)	2015	3904
PA|PP755594.1|A/cattle/Texas/24-008749-003/2024(H5N1)	2016	3907
PA|PP755594.1|A/cattle/Texas/24-008749-003/2024(H5N1)	2017	3897
PA|PP755594.1|A/cattle/Texas/24-008749-003/2024(H5N1)	2018	3896
PA|PP755594.1|A/cattle/Texas/24-008749-003/2024(H5N1)	2019	3949
PA|PP755594.1|A/cattle/Texas/24-008749-003/2024(H5N1)	2020	3964
PA|PP755594.1|A/cattle/Texas/24-008749-003/2024(H5N1)	2021	3958
PA|PP755594.1|A/cattle/Texas/24-008749-003/2024(H5N1)	2022	3921
PA|PP755594.1|A/cattle/Texas/24-008749-003/2024(H5N1)	2023	3858
PA|PP755594.1|A/cattle/Texas/24-008749-003/2024(H5N1)	2024	3915
PA|PP755594.1|A/cattle/Texas/24-008749-003/2024(H5N1)	2025	3909
PA|PP755594.1|A/cattle/Texas/24-008749-003/2024(H5N1)	2026	3890
PA|PP755594.1|A/cattle/Texas/24-008749-003/2024(H5N1)	2027	3872
PA|PP755594.1|A/cattle/Texas/24-008749-003/2024(H5N1)	2028	3844
PA|PP755594.1|A/cattle/Texas/24-008749-003/2024(H5N1)	2029	3889
PA|PP755594.1|A/cattle/Texas/24-008749-003/2024(H5N1)	2030	3908
PA|PP755594.1|A/cattle/Texas/24-008749-003/2024(H5N1)	2031	3918
PA|PP755594.1|A/cattle/Texas/24-008749-003/2024(H5N1)	2032	4081
PA|PP755594.1|A/cattle/Texas/24-008749-003/2024(H5N1)	2033	4000
PA|PP755594.1|A/cattle/Texas/24-008749-003/2024(H5N1)	2034	4096
PA|PP755594.1|A/cattle/Texas/24-008749-003/2024(H5N1)	2035	4096
PA|PP755594.1|A/cattle/Texas/24-008749-003/2024(H5N1)	2036	4110
PA|PP755594.1|A/cattle/Texas/24-008749-003/2024(H5N1)	2037	4136
PA|PP755594.1|A/cattle/Texas/24-008749-003/2024(H5N1)	2038	4144
PA|PP755594.1|A/cattle/Texas/24-008749-003/2024(H5N1)	2039	4149
PA|PP755594.1|A/cattle/Texas/24-008749-003/2024(H5N1)	2040	4075
PA|PP755594.1|A/cattle/Texas/24-008749-003/2024(H5N1)	2041	4038
PA|PP755594.1|A/cattle/Texas/24-008749-003/2024(H5N1)	2042	4141
PA|PP755594.1|A/cattle/Texas/24-008749-003/2024(H5N1)	2043	4200
PA|PP755594.1|A/cattle/Texas/24-008749-003/2024(H5N1)	2044	4092
PA|PP755594.1|A/cattle/Texas/24-008749-003/2024(H5N1)	2045	4232
PA|PP755594.1|A/cattle/Texas/24-008749-003/2024(H5N1)	2046	4224
PA|PP755594.1|A/cattle/Texas/24-008749-003/2024(H5N1)	2047	4209
PA|PP755594.1|A/cattle/Texas/24-008749-003/2024(H5N1)	2048	4199
PA|PP755594.1|A/cattle/Texas/24-008749-003/2024(H5N1)	2049	4183
PA|PP755594.1|A/cattle/Texas/24-008749-003/2024(H5N1)	2050	4176
PA|PP755594.1|A/cattle/Texas/24-008749-003/2024(H5N1)	2051	4183
PA|PP755594.1|A/cattle/Texas/24-008749-003/2024(H5N1)	2052	4175
PA|PP755594.1|A/cattle/Texas/24-008749-003/2024(H5N1)	2053	4213
PA|PP755594.1|A/cattle/Texas/24-008749-003/2024(H5N1)	2054	4191
PA|PP755594.1|A/cattle/Texas/24-008749-003/2024(H5N1)	2055	4188
PA|PP755594.1|A/cattle/Texas/24-008749-003/2024(H5N1)	2056	4164
PA|PP755594.1|A/cattle/Texas/24-008749-003/2024(H5N1)	2057	4150
PA|PP755594.1|A/cattle/Texas/24-008749-003/2024(H5N1)	2058	4240
PA|PP755594.1|A/cattle/Texas/24-008749-003/2024(H5N1)	2059	4585
PA|PP755594.1|A/cattle/Texas/24-008749-003/2024(H5N1)	2060	4586
PA|PP755594.1|A/cattle/Texas/24-008749-003/2024(H5N1)	2061	4607
PA|PP755594.1|A/cattle/Texas/24-008749-003/2024(H5N1)	2062	4494
PA|PP755594.1|A/cattle/Texas/24-008749-003/2024(H5N1)	2063	4486
PA|PP755594.1|A/cattle/Texas/24-008749-003/2024(H5N1)	2064	4429
PA|PP755594.1|A/cattle/Texas/24-008749-003/2024(H5N1)	2065	4412
PA|PP755594.1|A/cattle/Texas/24-008749-003/2024(H5N1)	2066	4463
PA|PP755594.1|A/cattle/Texas/24-008749-003/2024(H5N1)	2067	4316
PA|PP755594.1|A/cattle/Texas/24-008749-003/2024(H5N1)	2068	4378
PA|PP755594.1|A/cattle/Texas/24-008749-003/2024(H5N1)	2069	4374
PA|PP755594.1|A/cattle/Texas/24-008749-003/2024(H5N1)	2070	4368
PA|PP755594.1|A/cattle/Texas/24-008749-003/2024(H5N1)	2071	4363
PA|PP755594.1|A/cattle/Texas/24-008749-003/2024(H5N1)	2072	4353
PA|PP755594.1|A/cattle/Texas/24-008749-003/2024(H5N1)	2073	4350
PA|PP755594.1|A/cattle/Texas/24-008749-003/2024(H5N1)	2074	4339
PA|PP755594.1|A/cattle/Texas/24-008749-003/2024(H5N1)	2075	4255
PA|PP755594.1|A/cattle/Texas/24-008749-003/2024(H5N1)	2076	4261
PA|PP755594.1|A/cattle/Texas/24-008749-003/2024(H5N1)	2077	4031
PA|PP755594.1|A/cattle/Texas/24-008749-003/2024(H5N1)	2078	4028
PA|PP755594.1|A/cattle/Texas/24-008749-003/2024(H5N1)	2079	4003
PA|PP755594.1|A/cattle/Texas/24-008749-003/2024(H5N1)	2080	3974
PA|PP755594.1|A/cattle/Texas/24-008749-003/2024(H5N1)	2081	3968
PA|PP755594.1|A/cattle/Texas/24-008749-003/2024(H5N1)	2082	3989
PA|PP755594.1|A/cattle/Texas/24-008749-003/2024(H5N1)	2083	3990
PA|PP755594.1|A/cattle/Texas/24-008749-003/2024(H5N1)	2084	3934
PA|PP755594.1|A/cattle/Texas/24-008749-003/2024(H5N1)	2085	3845
PA|PP755594.1|A/cattle/Texas/24-008749-003/2024(H5N1)	2086	3820
PA|PP755594.1|A/cattle/Texas/24-008749-003/2024(H5N1)	2087	3813
PA|PP755594.1|A/cattle/Texas/24-008749-003/2024(H5N1)	2088	3803
PA|PP755594.1|A/cattle/Texas/24-008749-003/2024(H5N1)	2089	3794
PA|PP755594.1|A/cattle/Texas/24-008749-003/2024(H5N1)	2090	3794
PA|PP755594.1|A/cattle/Texas/24-008749-003/2024(H5N1)	2091	3730
PA|PP755594.1|A/cattle/Texas/24-008749-003/2024(H5N1)	2092	3719
PA|PP755594.1|A/cattle/Texas/24-008749-003/2024(H5N1)	2093	3466
PA|PP755594.1|A/cattle/Texas/24-008749-003/2024(H5N1)	2094	3433
PA|PP755594.1|A/cattle/Texas/24-008749-003/2024(H5N1)	2095	3428
PA|PP755594.1|A/cattle/Texas/24-008749-003/2024(H5N1)	2096	3428
PA|PP755594.1|A/cattle/Texas/24-008749-003/2024(H5N1)	2097	3427
PA|PP755594.1|A/cattle/Texas/24-008749-003/2024(H5N1)	2098	3407
PA|PP755594.1|A/cattle/Texas/24-008749-003/2024(H5N1)	2099	3392
PA|PP755594.1|A/cattle/Texas/24-008749-003/2024(H5N1)	2100	3304
PA|PP755594.1|A/cattle/Texas/24-008749-003/2024(H5N1)	2101	3301
PA|PP755594.1|A/cattle/Texas/24-008749-003/2024(H5N1)	2102	3294
PA|PP755594.1|A/cattle/Texas/24-008749-003/2024(H5N1)	2103	3300
PA|PP755594.1|A/cattle/Texas/24-008749-003/2024(H5N1)	2104	3280
PA|PP755594.1|A/cattle/Texas/24-008749-003/2024(H5N1)	2105	3237
PA|PP755594.1|A/cattle/Texas/24-008749-003/2024(H5N1)	2106	3233
PA|PP755594.1|A/cattle/Texas/24-008749-003/2024(H5N1)	2107	3184
PA|PP755594.1|A/cattle/Texas/24-008749-003/2024(H5N1)	2108	3188
PA|PP755594.1|A/cattle/Texas/24-008749-003/2024(H5N1)	2109	3185
PA|PP755594.1|A/cattle/Texas/24-008749-003/2024(H5N1)	2110	3184
PA|PP755594.1|A/cattle/Texas/24-008749-003/2024(H5N1)	2111	3175
PA|PP755594.1|A/cattle/Texas/24-008749-003/2024(H5N1)	2112	3085
PA|PP755594.1|A/cattle/Texas/24-008749-003/2024(H5N1)	2113	3069
PA|PP755594.1|A/cattle/Texas/24-008749-003/2024(H5N1)	2114	3054
PA|PP755594.1|A/cattle/Texas/24-008749-003/2024(H5N1)	2115	3051
PA|PP755594.1|A/cattle/Texas/24-008749-003/2024(H5N1)	2116	3052
PA|PP755594.1|A/cattle/Texas/24-008749-003/2024(H5N1)	2117	3011
PA|PP755594.1|A/cattle/Texas/24-008749-003/2024(H5N1)	2118	3022
PA|PP755594.1|A/cattle/Texas/24-008749-003/2024(H5N1)	2119	3017
PA|PP755594.1|A/cattle/Texas/24-008749-003/2024(H5N1)	2120	3005
PA|PP755594.1|A/cattle/Texas/24-008749-003/2024(H5N1)	2121	2989
PA|PP755594.1|A/cattle/Texas/24-008749-003/2024(H5N1)	2122	2955
PA|PP755594.1|A/cattle/Texas/24-008749-003/2024(H5N1)	2123	2954
PA|PP755594.1|A/cattle/Texas/24-008749-003/2024(H5N1)	2124	2953
PA|PP755594.1|A/cattle/Texas/24-008749-003/2024(H5N1)	2125	2934
PA|PP755594.1|A/cattle/Texas/24-008749-003/2024(H5N1)	2126	2924
PA|PP755594.1|A/cattle/Texas/24-008749-003/2024(H5N1)	2127	2816
PA|PP755594.1|A/cattle/Texas/24-008749-003/2024(H5N1)	2128	2817
PA|PP755594.1|A/cattle/Texas/24-008749-003/2024(H5N1)	2129	2819
PA|PP755594.1|A/cattle/Texas/24-008749-003/2024(H5N1)	2130	2824
PA|PP755594.1|A/cattle/Texas/24-008749-003/2024(H5N1)	2131	2802
PA|PP755594.1|A/cattle/Texas/24-008749-003/2024(H5N1)	2132	2787
PA|PP755594.1|A/cattle/Texas/24-008749-003/2024(H5N1)	2133	2767
PA|PP755594.1|A/cattle/Texas/24-008749-003/2024(H5N1)	2134	2755
PA|PP755594.1|A/cattle/Texas/24-008749-003/2024(H5N1)	2135	2742
PA|PP755594.1|A/cattle/Texas/24-008749-003/2024(H5N1)	2136	2712
PA|PP755594.1|A/cattle/Texas/24-008749-003/2024(H5N1)	2137	2691
PA|PP755594.1|A/cattle/Texas/24-008749-003/2024(H5N1)	2138	2652
PA|PP755594.1|A/cattle/Texas/24-008749-003/2024(H5N1)	2139	2609
PA|PP755594.1|A/cattle/Texas/24-008749-003/2024(H5N1)	2140	2601
PA|PP755594.1|A/cattle/Texas/24-008749-003/2024(H5N1)	2141	2598
PA|PP755594.1|A/cattle/Texas/24-008749-003/2024(H5N1)	2142	2583
PA|PP755594.1|A/cattle/Texas/24-008749-003/2024(H5N1)	2143	2559
PA|PP755594.1|A/cattle/Texas/24-008749-003/2024(H5N1)	2144	2450
PA|PP755594.1|A/cattle/Texas/24-008749-003/2024(H5N1)	2145	2450
PA|PP755594.1|A/cattle/Texas/24-008749-003/2024(H5N1)	2146	2443
PA|PP755594.1|A/cattle/Texas/24-008749-003/2024(H5N1)	2147	2441
PA|PP755594.1|A/cattle/Texas/24-008749-003/2024(H5N1)	2148	2429
PA|PP755594.1|A/cattle/Texas/24-008749-003/2024(H5N1)	2149	2413
PA|PP755594.1|A/cattle/Texas/24-008749-003/2024(H5N1)	2150	2354
PA|PP755594.1|A/cattle/Texas/24-008749-003/2024(H5N1)	2151	2338
