NA|PP755591.1|A/cattle/Texas/24-008749-003/2024(H5N1)	1	1865
NA|PP755591.1|A/cattle/Texas/24-008749-003/2024(H5N1)	2	1866
NA|PP755591.1|A/cattle/Texas/24-008749-003/2024(H5N1)	3	1869
NA|PP755591.1|A/cattle/Texas/24-008749-003/2024(H5N1)	4	1871
NA|PP755591.1|A/cattle/Texas/24-008749-003/2024(H5N1)	5	1902
NA|PP755591.1|A/cattle/Texas/24-008749-003/2024(H5N1)	6	1908
NA|PP755591.1|A/cattle/Texas/24-008749-003/2024(H5N1)	7	1919
NA|PP755591.1|A/cattle/Texas/24-008749-003/2024(H5N1)	8	1920
NA|PP755591.1|A/cattle/Texas/24-008749-003/2024(H5N1)	9	1921
NA|PP755591.1|A/cattle/Texas/24-008749-003/2024(H5N1)	10	1964
NA|PP755591.1|A/cattle/Texas/24-008749-003/2024(H5N1)	11	1971
NA|PP755591.1|A/cattle/Texas/24-008749-003/2024(H5N1)	12	1980
NA|PP755591.1|A/cattle/Texas/24-008749-003/2024(H5N1)	13	1985
NA|PP755591.1|A/cattle/Texas/24-008749-003/2024(H5N1)	14	1989
NA|PP755591.1|A/cattle/Texas/24-008749-003/2024(H5N1)	15	2032
NA|PP755591.1|A/cattle/Texas/24-008749-003/2024(H5N1)	16	2048
NA|PP755591.1|A/cattle/Texas/24-008749-003/2024(H5N1)	17	2057
NA|PP755591.1|A/cattle/Texas/24-008749-003/2024(H5N1)	18	2172
NA|PP755591.1|A/cattle/Texas/24-008749-003/2024(H5N1)	19	2248
NA|PP755591.1|A/cattle/Texas/24-008749-003/2024(H5N1)	20	2250
NA|PP755591.1|A/cattle/Texas/24-008749-003/2024(H5N1)	21	2281
NA|PP755591.1|A/cattle/Texas/24-008749-003/2024(H5N1)	22	2295
NA|PP755591.1|A/cattle/Texas/24-008749-003/2024(H5N1)	23	2336
NA|PP755591.1|A/cattle/Texas/24-008749-003/2024(H5N1)	24	2342
NA|PP755591.1|A/cattle/Texas/24-008749-003/2024(H5N1)	25	2350
NA|PP755591.1|A/cattle/Texas/24-008749-003/2024(H5N1)	26	2581
NA|PP755591.1|A/cattle/Texas/24-008749-003/2024(H5N1)	27	2607
NA|PP755591.1|A/cattle/Texas/24-008749-003/2024(H5N1)	28	2607
NA|PP755591.1|A/cattle/Texas/24-008749-003/2024(H5N1)	29	2663
NA|PP755591.1|A/cattle/Texas/24-008749-003/2024(H5N1)	30	2681
NA|PP755591.1|A/cattle/Texas/24-008749-003/2024(H5N1)	31	2866
NA|PP755591.1|A/cattle/Texas/24-008749-003/2024(H5N1)	32	2876
NA|PP755591.1|A/cattle/Texas/24-008749-003/2024(H5N1)	33	2887
NA|PP755591.1|A/cattle/Texas/24-008749-003/2024(H5N1)	34	2899
NA|PP755591.1|A/cattle/Texas/24-008749-003/2024(H5N1)	35	2929
NA|PP755591.1|A/cattle/Texas/24-008749-003/2024(H5N1)	36	3007
NA|PP755591.1|A/cattle/Texas/24-008749-003/2024(H5N1)	37	3027
NA|PP755591.1|A/cattle/Texas/24-008749-003/2024(H5N1)	38	3062
NA|PP755591.1|A/cattle/Texas/24-008749-003/2024(H5N1)	39	3134
NA|PP755591.1|A/cattle/Texas/24-008749-003/2024(H5N1)	40	3184
NA|PP755591.1|A/cattle/Texas/24-008749-003/2024(H5N1)	41	3410
NA|PP755591.1|A/cattle/Texas/24-008749-003/2024(H5N1)	42	3410
NA|PP755591.1|A/cattle/Texas/24-008749-003/2024(H5N1)	43	3412
NA|PP755591.1|A/cattle/Texas/24-008749-003/2024(H5N1)	44	3432
NA|PP755591.1|A/cattle/Texas/24-008749-003/2024(H5N1)	45	3451
NA|PP755591.1|A/cattle/Texas/24-008749-003/2024(H5N1)	46	3587
NA|PP755591.1|A/cattle/Texas/24-008749-003/2024(H5N1)	47	3588
NA|PP755591.1|A/cattle/Texas/24-008749-003/2024(H5N1)	48	3624
NA|PP755591.1|A/cattle/Texas/24-008749-003/2024(H5N1)	49	3625
NA|PP755591.1|A/cattle/Texas/24-008749-003/2024(H5N1)	50	3658
NA|PP755591.1|A/cattle/Texas/24-008749-003/2024(H5N1)	51	3676
NA|PP755591.1|A/cattle/Texas/24-008749-003/2024(H5N1)	52	3770
NA|PP755591.1|A/cattle/Texas/24-008749-003/2024(H5N1)	53	3782
NA|PP755591.1|A/cattle/Texas/24-008749-003/2024(H5N1)	54	3786
NA|PP755591.1|A/cattle/Texas/24-008749-003/2024(H5N1)	55	3831
NA|PP755591.1|A/cattle/Texas/24-008749-003/2024(H5N1)	56	3842
NA|PP755591.1|A/cattle/Texas/24-008749-003/2024(H5N1)	57	3935
NA|PP755591.1|A/cattle/Texas/24-008749-003/2024(H5N1)	58	3955
NA|PP755591.1|A/cattle/Texas/24-008749-003/2024(H5N1)	59	3966
NA|PP755591.1|A/cattle/Texas/24-008749-003/2024(H5N1)	60	3986
NA|PP755591.1|A/cattle/Texas/24-008749-003/2024(H5N1)	61	3974
NA|PP755591.1|A/cattle/Texas/24-008749-003/2024(H5N1)	62	4085
NA|PP755591.1|A/cattle/Texas/24-008749-003/2024(H5N1)	63	4147
NA|PP755591.1|A/cattle/Texas/24-008749-003/2024(H5N1)	64	4147
NA|PP755591.1|A/cattle/Texas/24-008749-003/2024(H5N1)	65	4163
NA|PP755591.1|A/cattle/Texas/24-008749-003/2024(H5N1)	66	4154
NA|PP755591.1|A/cattle/Texas/24-008749-003/2024(H5N1)	67	4171
NA|PP755591.1|A/cattle/Texas/24-008749-003/2024(H5N1)	68	4172
NA|PP755591.1|A/cattle/Texas/24-008749-003/2024(H5N1)	69	4180
NA|PP755591.1|A/cattle/Texas/24-008749-003/2024(H5N1)	70	4202
NA|PP755591.1|A/cattle/Texas/24-008749-003/2024(H5N1)	71	4192
NA|PP755591.1|A/cattle/Texas/24-008749-003/2024(H5N1)	72	4209
NA|PP755591.1|A/cattle/Texas/24-008749-003/2024(H5N1)	73	4218
NA|PP755591.1|A/cattle/Texas/24-008749-003/2024(H5N1)	74	4220
NA|PP755591.1|A/cattle/Texas/24-008749-003/2024(H5N1)	75	4221
NA|PP755591.1|A/cattle/Texas/24-008749-003/2024(H5N1)	76	4224
NA|PP755591.1|A/cattle/Texas/24-008749-003/2024(H5N1)	77	4233
NA|PP755591.1|A/cattle/Texas/24-008749-003/2024(H5N1)	78	4230
NA|PP755591.1|A/cattle/Texas/24-008749-003/2024(H5N1)	79	4229
NA|PP755591.1|A/cattle/Texas/24-008749-003/2024(H5N1)	80	4235
NA|PP755591.1|A/cattle/Texas/24-008749-003/2024(H5N1)	81	4241
NA|PP755591.1|A/cattle/Texas/24-008749-003/2024(H5N1)	82	4243
NA|PP755591.1|A/cattle/Texas/24-008749-003/2024(H5N1)	83	4255
NA|PP755591.1|A/cattle/Texas/24-008749-003/2024(H5N1)	84	4311
NA|PP755591.1|A/cattle/Texas/24-008749-003/2024(H5N1)	85	4307
NA|PP755591.1|A/cattle/Texas/24-008749-003/2024(H5N1)	86	4315
NA|PP755591.1|A/cattle/Texas/24-008749-003/2024(H5N1)	87	4353
NA|PP755591.1|A/cattle/Texas/24-008749-003/2024(H5N1)	88	4377
NA|PP755591.1|A/cattle/Texas/24-008749-003/2024(H5N1)	89	4425
NA|PP755591.1|A/cattle/Texas/24-008749-003/2024(H5N1)	90	4425
NA|PP755591.1|A/cattle/Texas/24-008749-003/2024(H5N1)	91	4424
NA|PP755591.1|A/cattle/Texas/24-008749-003/2024(H5N1)	92	4778
NA|PP755591.1|A/cattle/Texas/24-008749-003/2024(H5N1)	93	4772
NA|PP755591.1|A/cattle/Texas/24-008749-003/2024(H5N1)	94	4875
NA|PP755591.1|A/cattle/Texas/24-008749-003/2024(H5N1)	95	4876
NA|PP755591.1|A/cattle/Texas/24-008749-003/2024(H5N1)	96	4876
NA|PP755591.1|A/cattle/Texas/24-008749-003/2024(H5N1)	97	4878
NA|PP755591.1|A/cattle/Texas/24-008749-003/2024(H5N1)	98	5027
NA|PP755591.1|A/cattle/Texas/24-008749-003/2024(H5N1)	99	5041
NA|PP755591.1|A/cattle/Texas/24-008749-003/2024(H5N1)	100	5044
NA|PP755591.1|A/cattle/Texas/24-008749-003/2024(H5N1)	101	4990
NA|PP755591.1|A/cattle/Texas/24-008749-003/2024(H5N1)	102	4999
NA|PP755591.1|A/cattle/Texas/24-008749-003/2024(H5N1)	103	4999
NA|PP755591.1|A/cattle/Texas/24-008749-003/2024(H5N1)	104	5009
NA|PP755591.1|A/cattle/Texas/24-008749-003/2024(H5N1)	105	5031
NA|PP755591.1|A/cattle/Texas/24-008749-003/2024(H5N1)	106	5041
NA|PP755591.1|A/cattle/Texas/24-008749-003/2024(H5N1)	107	5027
NA|PP755591.1|A/cattle/Texas/24-008749-003/2024(H5N1)	108	5026
NA|PP755591.1|A/cattle/Texas/24-008749-003/2024(H5N1)	109	5061
NA|PP755591.1|A/cattle/Texas/24-008749-003/2024(H5N1)	110	5067
NA|PP755591.1|A/cattle/Texas/24-008749-003/2024(H5N1)	111	5087
NA|PP755591.1|A/cattle/Texas/24-008749-003/2024(H5N1)	112	5114
NA|PP755591.1|A/cattle/Texas/24-008749-003/2024(H5N1)	113	5116
NA|PP755591.1|A/cattle/Texas/24-008749-003/2024(H5N1)	114	5122
NA|PP755591.1|A/cattle/Texas/24-008749-003/2024(H5N1)	115	5123
NA|PP755591.1|A/cattle/Texas/24-008749-003/2024(H5N1)	116	5131
NA|PP755591.1|A/cattle/Texas/24-008749-003/2024(H5N1)	117	5135
NA|PP755591.1|A/cattle/Texas/24-008749-003/2024(H5N1)	118	5136
NA|PP755591.1|A/cattle/Texas/24-008749-003/2024(H5N1)	119	5162
NA|PP755591.1|A/cattle/Texas/24-008749-003/2024(H5N1)	120	5161
NA|PP755591.1|A/cattle/Texas/24-008749-003/2024(H5N1)	121	5170
NA|PP755591.1|A/cattle/Texas/24-008749-003/2024(H5N1)	122	5266
NA|PP755591.1|A/cattle/Texas/24-008749-003/2024(H5N1)	123	5290
NA|PP755591.1|A/cattle/Texas/24-008749-003/2024(H5N1)	124	5329
NA|PP755591.1|A/cattle/Texas/24-008749-003/2024(H5N1)	125	5446
NA|PP755591.1|A/cattle/Texas/24-008749-003/2024(H5N1)	126	5457
NA|PP755591.1|A/cattle/Texas/24-008749-003/2024(H5N1)	127	5465
NA|PP755591.1|A/cattle/Texas/24-008749-003/2024(H5N1)	128	5493
NA|PP755591.1|A/cattle/Texas/24-008749-003/2024(H5N1)	129	5599
NA|PP755591.1|A/cattle/Texas/24-008749-003/2024(H5N1)	130	5592
NA|PP755591.1|A/cattle/Texas/24-008749-003/2024(H5N1)	131	4915
NA|PP755591.1|A/cattle/Texas/24-008749-003/2024(H5N1)	132	4573
NA|PP755591.1|A/cattle/Texas/24-008749-003/2024(H5N1)	133	4540
NA|PP755591.1|A/cattle/Texas/24-008749-003/2024(H5N1)	134	5148
NA|PP755591.1|A/cattle/Texas/24-008749-003/2024(H5N1)	135	5208
NA|PP755591.1|A/cattle/Texas/24-008749-003/2024(H5N1)	136	5280
NA|PP755591.1|A/cattle/Texas/24-008749-003/2024(H5N1)	137	5262
NA|PP755591.1|A/cattle/Texas/24-008749-003/2024(H5N1)	138	5497
NA|PP755591.1|A/cattle/Texas/24-008749-003/2024(H5N1)	139	5578
NA|PP755591.1|A/cattle/Texas/24-008749-003/2024(H5N1)	140	5582
NA|PP755591.1|A/cattle/Texas/24-008749-003/2024(H5N1)	141	5589
NA|PP755591.1|A/cattle/Texas/24-008749-003/2024(H5N1)	142	5598
NA|PP755591.1|A/cattle/Texas/24-008749-003/2024(H5N1)	143	5371
NA|PP755591.1|A/cattle/Texas/24-008749-003/2024(H5N1)	144	5352
NA|PP755591.1|A/cattle/Texas/24-008749-003/2024(H5N1)	145	5256
NA|PP755591.1|A/cattle/Texas/24-008749-003/2024(H5N1)	146	5253
NA|PP755591.1|A/cattle/Texas/24-008749-003/2024(H5N1)	147	5261
NA|PP755591.1|A/cattle/Texas/24-008749-003/2024(H5N1)	148	5340
NA|PP755591.1|A/cattle/Texas/24-008749-003/2024(H5N1)	149	5378
NA|PP755591.1|A/cattle/Texas/24-008749-003/2024(H5N1)	150	5565
NA|PP755591.1|A/cattle/Texas/24-008749-003/2024(H5N1)	151	5560
NA|PP755591.1|A/cattle/Texas/24-008749-003/2024(H5N1)	152	5563
NA|PP755591.1|A/cattle/Texas/24-008749-003/2024(H5N1)	153	5798
NA|PP755591.1|A/cattle/Texas/24-008749-003/2024(H5N1)	154	5799
NA|PP755591.1|A/cattle/Texas/24-008749-003/2024(H5N1)	155	5817
NA|PP755591.1|A/cattle/Texas/24-008749-003/2024(H5N1)	156	5880
NA|PP755591.1|A/cattle/Texas/24-008749-003/2024(H5N1)	157	5911
NA|PP755591.1|A/cattle/Texas/24-008749-003/2024(H5N1)	158	5981
NA|PP755591.1|A/cattle/Texas/24-008749-003/2024(H5N1)	159	6001
NA|PP755591.1|A/cattle/Texas/24-008749-003/2024(H5N1)	160	6009
NA|PP755591.1|A/cattle/Texas/24-008749-003/2024(H5N1)	161	6021
NA|PP755591.1|A/cattle/Texas/24-008749-003/2024(H5N1)	162	6037
NA|PP755591.1|A/cattle/Texas/24-008749-003/2024(H5N1)	163	6084
NA|PP755591.1|A/cattle/Texas/24-008749-003/2024(H5N1)	164	6194
NA|PP755591.1|A/cattle/Texas/24-008749-003/2024(H5N1)	165	6173
NA|PP755591.1|A/cattle/Texas/24-008749-003/2024(H5N1)	166	6171
NA|PP755591.1|A/cattle/Texas/24-008749-003/2024(H5N1)	167	6164
NA|PP755591.1|A/cattle/Texas/24-008749-003/2024(H5N1)	168	6147
NA|PP755591.1|A/cattle/Texas/24-008749-003/2024(H5N1)	169	6071
NA|PP755591.1|A/cattle/Texas/24-008749-003/2024(H5N1)	170	6000
NA|PP755591.1|A/cattle/Texas/24-008749-003/2024(H5N1)	171	6155
NA|PP755591.1|A/cattle/Texas/24-008749-003/2024(H5N1)	172	6319
NA|PP755591.1|A/cattle/Texas/24-008749-003/2024(H5N1)	173	6315
NA|PP755591.1|A/cattle/Texas/24-008749-003/2024(H5N1)	174	6293
NA|PP755591.1|A/cattle/Texas/24-008749-003/2024(H5N1)	175	6281
NA|PP755591.1|A/cattle/Texas/24-008749-003/2024(H5N1)	176	6288
NA|PP755591.1|A/cattle/Texas/24-008749-003/2024(H5N1)	177	6185
NA|PP755591.1|A/cattle/Texas/24-008749-003/2024(H5N1)	178	6212
NA|PP755591.1|A/cattle/Texas/24-008749-003/2024(H5N1)	179	6229
NA|PP755591.1|A/cattle/Texas/24-008749-003/2024(H5N1)	180	5990
NA|PP755591.1|A/cattle/Texas/24-008749-003/2024(H5N1)	181	5966
NA|PP755591.1|A/cattle/Texas/24-008749-003/2024(H5N1)	182	6059
NA|PP755591.1|A/cattle/Texas/24-008749-003/2024(H5N1)	183	6052
NA|PP755591.1|A/cattle/Texas/24-008749-003/2024(H5N1)	184	6058
NA|PP755591.1|A/cattle/Texas/24-008749-003/2024(H5N1)	185	6273
NA|PP755591.1|A/cattle/Texas/24-008749-003/2024(H5N1)	186	6224
NA|PP755591.1|A/cattle/Texas/24-008749-003/2024(H5N1)	187	6263
NA|PP755591.1|A/cattle/Texas/24-008749-003/2024(H5N1)	188	6256
NA|PP755591.1|A/cattle/Texas/24-008749-003/2024(H5N1)	189	6228
NA|PP755591.1|A/cattle/Texas/24-008749-003/2024(H5N1)	190	6168
NA|PP755591.1|A/cattle/Texas/24-008749-003/2024(H5N1)	191	6075
NA|PP755591.1|A/cattle/Texas/24-008749-003/2024(H5N1)	192	5983
NA|PP755591.1|A/cattle/Texas/24-008749-003/2024(H5N1)	193	6044
NA|PP755591.1|A/cattle/Texas/24-008749-003/2024(H5N1)	194	6063
NA|PP755591.1|A/cattle/Texas/24-008749-003/2024(H5N1)	195	6075
NA|PP755591.1|A/cattle/Texas/24-008749-003/2024(H5N1)	196	6058
NA|PP755591.1|A/cattle/Texas/24-008749-003/2024(H5N1)	197	6021
NA|PP755591.1|A/cattle/Texas/24-008749-003/2024(H5N1)	198	6042
NA|PP755591.1|A/cattle/Texas/24-008749-003/2024(H5N1)	199	6040
NA|PP755591.1|A/cattle/Texas/24-008749-003/2024(H5N1)	200	6054
NA|PP755591.1|A/cattle/Texas/24-008749-003/2024(H5N1)	201	6017
NA|PP755591.1|A/cattle/Texas/24-008749-003/2024(H5N1)	202	6030
NA|PP755591.1|A/cattle/Texas/24-008749-003/2024(H5N1)	203	6022
NA|PP755591.1|A/cattle/Texas/24-008749-003/2024(H5N1)	204	6083
NA|PP755591.1|A/cattle/Texas/24-008749-003/2024(H5N1)	205	6060
NA|PP755591.1|A/cattle/Texas/24-008749-003/2024(H5N1)	206	6025
NA|PP755591.1|A/cattle/Texas/24-008749-003/2024(H5N1)	207	5977
NA|PP755591.1|A/cattle/Texas/24-008749-003/2024(H5N1)	208	5966
NA|PP755591.1|A/cattle/Texas/24-008749-003/2024(H5N1)	209	5956
NA|PP755591.1|A/cattle/Texas/24-008749-003/2024(H5N1)	210	5981
NA|PP755591.1|A/cattle/Texas/24-008749-003/2024(H5N1)	211	5938
NA|PP755591.1|A/cattle/Texas/24-008749-003/2024(H5N1)	212	5972
NA|PP755591.1|A/cattle/Texas/24-008749-003/2024(H5N1)	213	5864
NA|PP755591.1|A/cattle/Texas/24-008749-003/2024(H5N1)	214	5866
NA|PP755591.1|A/cattle/Texas/24-008749-003/2024(H5N1)	215	5874
NA|PP755591.1|A/cattle/Texas/24-008749-003/2024(H5N1)	216	5941
NA|PP755591.1|A/cattle/Texas/24-008749-003/2024(H5N1)	217	5942
NA|PP755591.1|A/cattle/Texas/24-008749-003/2024(H5N1)	218	5963
NA|PP755591.1|A/cattle/Texas/24-008749-003/2024(H5N1)	219	5976
NA|PP755591.1|A/cattle/Texas/24-008749-003/2024(H5N1)	220	5970
NA|PP755591.1|A/cattle/Texas/24-008749-003/2024(H5N1)	221	5954
NA|PP755591.1|A/cattle/Texas/24-008749-003/2024(H5N1)	222	5962
NA|PP755591.1|A/cattle/Texas/24-008749-003/2024(H5N1)	223	5954
NA|PP755591.1|A/cattle/Texas/24-008749-003/2024(H5N1)	224	5962
NA|PP755591.1|A/cattle/Texas/24-008749-003/2024(H5N1)	225	5963
NA|PP755591.1|A/cattle/Texas/24-008749-003/2024(H5N1)	226	5969
NA|PP755591.1|A/cattle/Texas/24-008749-003/2024(H5N1)	227	5964
NA|PP755591.1|A/cattle/Texas/24-008749-003/2024(H5N1)	228	5970
NA|PP755591.1|A/cattle/Texas/24-008749-003/2024(H5N1)	229	6046
NA|PP755591.1|A/cattle/Texas/24-008749-003/2024(H5N1)	230	6044
NA|PP755591.1|A/cattle/Texas/24-008749-003/2024(H5N1)	231	6048
NA|PP755591.1|A/cattle/Texas/24-008749-003/2024(H5N1)	232	6061
NA|PP755591.1|A/cattle/Texas/24-008749-003/2024(H5N1)	233	6056
NA|PP755591.1|A/cattle/Texas/24-008749-003/2024(H5N1)	234	6221
NA|PP755591.1|A/cattle/Texas/24-008749-003/2024(H5N1)	235	6285
NA|PP755591.1|A/cattle/Texas/24-008749-003/2024(H5N1)	236	6325
NA|PP755591.1|A/cattle/Texas/24-008749-003/2024(H5N1)	237	6338
NA|PP755591.1|A/cattle/Texas/24-008749-003/2024(H5N1)	238	6301
NA|PP755591.1|A/cattle/Texas/24-008749-003/2024(H5N1)	239	6287
NA|PP755591.1|A/cattle/Texas/24-008749-003/2024(H5N1)	240	6289
NA|PP755591.1|A/cattle/Texas/24-008749-003/2024(H5N1)	241	6288
NA|PP755591.1|A/cattle/Texas/24-008749-003/2024(H5N1)	242	6132
NA|PP755591.1|A/cattle/Texas/24-008749-003/2024(H5N1)	243	5969
NA|PP755591.1|A/cattle/Texas/24-008749-003/2024(H5N1)	244	5980
NA|PP755591.1|A/cattle/Texas/24-008749-003/2024(H5N1)	245	5875
NA|PP755591.1|A/cattle/Texas/24-008749-003/2024(H5N1)	246	5904
NA|PP755591.1|A/cattle/Texas/24-008749-003/2024(H5N1)	247	5905
NA|PP755591.1|A/cattle/Texas/24-008749-003/2024(H5N1)	248	5903
NA|PP755591.1|A/cattle/Texas/24-008749-003/2024(H5N1)	249	5789
NA|PP755591.1|A/cattle/Texas/24-008749-003/2024(H5N1)	250	5842
NA|PP755591.1|A/cattle/Texas/24-008749-003/2024(H5N1)	251	5900
NA|PP755591.1|A/cattle/Texas/24-008749-003/2024(H5N1)	252	5903
NA|PP755591.1|A/cattle/Texas/24-008749-003/2024(H5N1)	253	5900
NA|PP755591.1|A/cattle/Texas/24-008749-003/2024(H5N1)	254	5891
NA|PP755591.1|A/cattle/Texas/24-008749-003/2024(H5N1)	255	5871
NA|PP755591.1|A/cattle/Texas/24-008749-003/2024(H5N1)	256	5866
NA|PP755591.1|A/cattle/Texas/24-008749-003/2024(H5N1)	257	5847
NA|PP755591.1|A/cattle/Texas/24-008749-003/2024(H5N1)	258	5860
NA|PP755591.1|A/cattle/Texas/24-008749-003/2024(H5N1)	259	5862
NA|PP755591.1|A/cattle/Texas/24-008749-003/2024(H5N1)	260	5812
NA|PP755591.1|A/cattle/Texas/24-008749-003/2024(H5N1)	261	5883
NA|PP755591.1|A/cattle/Texas/24-008749-003/2024(H5N1)	262	5899
NA|PP755591.1|A/cattle/Texas/24-008749-003/2024(H5N1)	263	6008
NA|PP755591.1|A/cattle/Texas/24-008749-003/2024(H5N1)	264	6009
NA|PP755591.1|A/cattle/Texas/24-008749-003/2024(H5N1)	265	6042
NA|PP755591.1|A/cattle/Texas/24-008749-003/2024(H5N1)	266	6039
NA|PP755591.1|A/cattle/Texas/24-008749-003/2024(H5N1)	267	6020
NA|PP755591.1|A/cattle/Texas/24-008749-003/2024(H5N1)	268	6065
NA|PP755591.1|A/cattle/Texas/24-008749-003/2024(H5N1)	269	6046
NA|PP755591.1|A/cattle/Texas/24-008749-003/2024(H5N1)	270	6105
NA|PP755591.1|A/cattle/Texas/24-008749-003/2024(H5N1)	271	6096
NA|PP755591.1|A/cattle/Texas/24-008749-003/2024(H5N1)	272	5966
NA|PP755591.1|A/cattle/Texas/24-008749-003/2024(H5N1)	273	6036
NA|PP755591.1|A/cattle/Texas/24-008749-003/2024(H5N1)	274	6009
NA|PP755591.1|A/cattle/Texas/24-008749-003/2024(H5N1)	275	5998
NA|PP755591.1|A/cattle/Texas/24-008749-003/2024(H5N1)	276	6018
NA|PP755591.1|A/cattle/Texas/24-008749-003/2024(H5N1)	277	5997
NA|PP755591.1|A/cattle/Texas/24-008749-003/2024(H5N1)	278	5990
NA|PP755591.1|A/cattle/Texas/24-008749-003/2024(H5N1)	279	5959
NA|PP755591.1|A/cattle/Texas/24-008749-003/2024(H5N1)	280	6324
NA|PP755591.1|A/cattle/Texas/24-008749-003/2024(H5N1)	281	6328
NA|PP755591.1|A/cattle/Texas/24-008749-003/2024(H5N1)	282	6326
NA|PP755591.1|A/cattle/Texas/24-008749-003/2024(H5N1)	283	6323
NA|PP755591.1|A/cattle/Texas/24-008749-003/2024(H5N1)	284	6398
NA|PP755591.1|A/cattle/Texas/24-008749-003/2024(H5N1)	285	5709
NA|PP755591.1|A/cattle/Texas/24-008749-003/2024(H5N1)	286	5652
NA|PP755591.1|A/cattle/Texas/24-008749-003/2024(H5N1)	287	5587
NA|PP755591.1|A/cattle/Texas/24-008749-003/2024(H5N1)	288	5604
NA|PP755591.1|A/cattle/Texas/24-008749-003/2024(H5N1)	289	5284
NA|PP755591.1|A/cattle/Texas/24-008749-003/2024(H5N1)	290	5327
NA|PP755591.1|A/cattle/Texas/24-008749-003/2024(H5N1)	291	5405
NA|PP755591.1|A/cattle/Texas/24-008749-003/2024(H5N1)	292	5559
NA|PP755591.1|A/cattle/Texas/24-008749-003/2024(H5N1)	293	5560
NA|PP755591.1|A/cattle/Texas/24-008749-003/2024(H5N1)	294	5478
NA|PP755591.1|A/cattle/Texas/24-008749-003/2024(H5N1)	295	5691
NA|PP755591.1|A/cattle/Texas/24-008749-003/2024(H5N1)	296	5690
NA|PP755591.1|A/cattle/Texas/24-008749-003/2024(H5N1)	297	5725
NA|PP755591.1|A/cattle/Texas/24-008749-003/2024(H5N1)	298	5744
NA|PP755591.1|A/cattle/Texas/24-008749-003/2024(H5N1)	299	5666
NA|PP755591.1|A/cattle/Texas/24-008749-003/2024(H5N1)	300	5710
NA|PP755591.1|A/cattle/Texas/24-008749-003/2024(H5N1)	301	5442
NA|PP755591.1|A/cattle/Texas/24-008749-003/2024(H5N1)	302	5453
NA|PP755591.1|A/cattle/Texas/24-008749-003/2024(H5N1)	303	6050
NA|PP755591.1|A/cattle/Texas/24-008749-003/2024(H5N1)	304	5814
NA|PP755591.1|A/cattle/Texas/24-008749-003/2024(H5N1)	305	5813
NA|PP755591.1|A/cattle/Texas/24-008749-003/2024(H5N1)	306	5815
NA|PP755591.1|A/cattle/Texas/24-008749-003/2024(H5N1)	307	5793
NA|PP755591.1|A/cattle/Texas/24-008749-003/2024(H5N1)	308	5865
NA|PP755591.1|A/cattle/Texas/24-008749-003/2024(H5N1)	309	5793
NA|PP755591.1|A/cattle/Texas/24-008749-003/2024(H5N1)	310	5790
NA|PP755591.1|A/cattle/Texas/24-008749-003/2024(H5N1)	311	5803
NA|PP755591.1|A/cattle/Texas/24-008749-003/2024(H5N1)	312	5828
NA|PP755591.1|A/cattle/Texas/24-008749-003/2024(H5N1)	313	5804
NA|PP755591.1|A/cattle/Texas/24-008749-003/2024(H5N1)	314	5922
NA|PP755591.1|A/cattle/Texas/24-008749-003/2024(H5N1)	315	5801
NA|PP755591.1|A/cattle/Texas/24-008749-003/2024(H5N1)	316	5800
NA|PP755591.1|A/cattle/Texas/24-008749-003/2024(H5N1)	317	5880
NA|PP755591.1|A/cattle/Texas/24-008749-003/2024(H5N1)	318	5871
NA|PP755591.1|A/cattle/Texas/24-008749-003/2024(H5N1)	319	5873
NA|PP755591.1|A/cattle/Texas/24-008749-003/2024(H5N1)	320	5912
NA|PP755591.1|A/cattle/Texas/24-008749-003/2024(H5N1)	321	5910
NA|PP755591.1|A/cattle/Texas/24-008749-003/2024(H5N1)	322	5790
NA|PP755591.1|A/cattle/Texas/24-008749-003/2024(H5N1)	323	5610
NA|PP755591.1|A/cattle/Texas/24-008749-003/2024(H5N1)	324	5589
NA|PP755591.1|A/cattle/Texas/24-008749-003/2024(H5N1)	325	5580
NA|PP755591.1|A/cattle/Texas/24-008749-003/2024(H5N1)	326	5701
NA|PP755591.1|A/cattle/Texas/24-008749-003/2024(H5N1)	327	5814
NA|PP755591.1|A/cattle/Texas/24-008749-003/2024(H5N1)	328	5792
NA|PP755591.1|A/cattle/Texas/24-008749-003/2024(H5N1)	329	5734
NA|PP755591.1|A/cattle/Texas/24-008749-003/2024(H5N1)	330	5756
NA|PP755591.1|A/cattle/Texas/24-008749-003/2024(H5N1)	331	5763
NA|PP755591.1|A/cattle/Texas/24-008749-003/2024(H5N1)	332	5777
NA|PP755591.1|A/cattle/Texas/24-008749-003/2024(H5N1)	333	5709
NA|PP755591.1|A/cattle/Texas/24-008749-003/2024(H5N1)	334	5739
NA|PP755591.1|A/cattle/Texas/24-008749-003/2024(H5N1)	335	5639
NA|PP755591.1|A/cattle/Texas/24-008749-003/2024(H5N1)	336	5548
NA|PP755591.1|A/cattle/Texas/24-008749-003/2024(H5N1)	337	5548
NA|PP755591.1|A/cattle/Texas/24-008749-003/2024(H5N1)	338	5611
NA|PP755591.1|A/cattle/Texas/24-008749-003/2024(H5N1)	339	5606
NA|PP755591.1|A/cattle/Texas/24-008749-003/2024(H5N1)	340	5632
NA|PP755591.1|A/cattle/Texas/24-008749-003/2024(H5N1)	341	5683
NA|PP755591.1|A/cattle/Texas/24-008749-003/2024(H5N1)	342	5694
NA|PP755591.1|A/cattle/Texas/24-008749-003/2024(H5N1)	343	5608
NA|PP755591.1|A/cattle/Texas/24-008749-003/2024(H5N1)	344	5602
NA|PP755591.1|A/cattle/Texas/24-008749-003/2024(H5N1)	345	5609
NA|PP755591.1|A/cattle/Texas/24-008749-003/2024(H5N1)	346	5647
NA|PP755591.1|A/cattle/Texas/24-008749-003/2024(H5N1)	347	5659
NA|PP755591.1|A/cattle/Texas/24-008749-003/2024(H5N1)	348	5651
NA|PP755591.1|A/cattle/Texas/24-008749-003/2024(H5N1)	349	5657
NA|PP755591.1|A/cattle/Texas/24-008749-003/2024(H5N1)	350	5680
NA|PP755591.1|A/cattle/Texas/24-008749-003/2024(H5N1)	351	5663
NA|PP755591.1|A/cattle/Texas/24-008749-003/2024(H5N1)	352	5657
NA|PP755591.1|A/cattle/Texas/24-008749-003/2024(H5N1)	353	5640
NA|PP755591.1|A/cattle/Texas/24-008749-003/2024(H5N1)	354	5631
NA|PP755591.1|A/cattle/Texas/24-008749-003/2024(H5N1)	355	5599
NA|PP755591.1|A/cattle/Texas/24-008749-003/2024(H5N1)	356	5823
NA|PP755591.1|A/cattle/Texas/24-008749-003/2024(H5N1)	357	5836
NA|PP755591.1|A/cattle/Texas/24-008749-003/2024(H5N1)	358	5920
NA|PP755591.1|A/cattle/Texas/24-008749-003/2024(H5N1)	359	5864
NA|PP755591.1|A/cattle/Texas/24-008749-003/2024(H5N1)	360	6052
NA|PP755591.1|A/cattle/Texas/24-008749-003/2024(H5N1)	361	6059
NA|PP755591.1|A/cattle/Texas/24-008749-003/2024(H5N1)	362	6055
NA|PP755591.1|A/cattle/Texas/24-008749-003/2024(H5N1)	363	6048
NA|PP755591.1|A/cattle/Texas/24-008749-003/2024(H5N1)	364	6049
NA|PP755591.1|A/cattle/Texas/24-008749-003/2024(H5N1)	365	6094
NA|PP755591.1|A/cattle/Texas/24-008749-003/2024(H5N1)	366	6102
NA|PP755591.1|A/cattle/Texas/24-008749-003/2024(H5N1)	367	5986
NA|PP755591.1|A/cattle/Texas/24-008749-003/2024(H5N1)	368	5990
NA|PP755591.1|A/cattle/Texas/24-008749-003/2024(H5N1)	369	5967
NA|PP755591.1|A/cattle/Texas/24-008749-003/2024(H5N1)	370	6011
NA|PP755591.1|A/cattle/Texas/24-008749-003/2024(H5N1)	371	6019
NA|PP755591.1|A/cattle/Texas/24-008749-003/2024(H5N1)	372	6022
NA|PP755591.1|A/cattle/Texas/24-008749-003/2024(H5N1)	373	6007
NA|PP755591.1|A/cattle/Texas/24-008749-003/2024(H5N1)	374	6010
NA|PP755591.1|A/cattle/Texas/24-008749-003/2024(H5N1)	375	6014
NA|PP755591.1|A/cattle/Texas/24-008749-003/2024(H5N1)	376	6082
NA|PP755591.1|A/cattle/Texas/24-008749-003/2024(H5N1)	377	6104
NA|PP755591.1|A/cattle/Texas/24-008749-003/2024(H5N1)	378	6070
NA|PP755591.1|A/cattle/Texas/24-008749-003/2024(H5N1)	379	6047
NA|PP755591.1|A/cattle/Texas/24-008749-003/2024(H5N1)	380	6046
NA|PP755591.1|A/cattle/Texas/24-008749-003/2024(H5N1)	381	6027
NA|PP755591.1|A/cattle/Texas/24-008749-003/2024(H5N1)	382	6028
NA|PP755591.1|A/cattle/Texas/24-008749-003/2024(H5N1)	383	6025
NA|PP755591.1|A/cattle/Texas/24-008749-003/2024(H5N1)	384	6055
NA|PP755591.1|A/cattle/Texas/24-008749-003/2024(H5N1)	385	5842
NA|PP755591.1|A/cattle/Texas/24-008749-003/2024(H5N1)	386	5849
NA|PP755591.1|A/cattle/Texas/24-008749-003/2024(H5N1)	387	5768
NA|PP755591.1|A/cattle/Texas/24-008749-003/2024(H5N1)	388	5749
NA|PP755591.1|A/cattle/Texas/24-008749-003/2024(H5N1)	389	5742
NA|PP755591.1|A/cattle/Texas/24-008749-003/2024(H5N1)	390	5760
NA|PP755591.1|A/cattle/Texas/24-008749-003/2024(H5N1)	391	5771
NA|PP755591.1|A/cattle/Texas/24-008749-003/2024(H5N1)	392	5817
NA|PP755591.1|A/cattle/Texas/24-008749-003/2024(H5N1)	393	5780
NA|PP755591.1|A/cattle/Texas/24-008749-003/2024(H5N1)	394	5759
NA|PP755591.1|A/cattle/Texas/24-008749-003/2024(H5N1)	395	5834
NA|PP755591.1|A/cattle/Texas/24-008749-003/2024(H5N1)	396	5825
NA|PP755591.1|A/cattle/Texas/24-008749-003/2024(H5N1)	397	5856
NA|PP755591.1|A/cattle/Texas/24-008749-003/2024(H5N1)	398	5911
NA|PP755591.1|A/cattle/Texas/24-008749-003/2024(H5N1)	399	5915
NA|PP755591.1|A/cattle/Texas/24-008749-003/2024(H5N1)	400	5844
NA|PP755591.1|A/cattle/Texas/24-008749-003/2024(H5N1)	401	5773
NA|PP755591.1|A/cattle/Texas/24-008749-003/2024(H5N1)	402	5848
NA|PP755591.1|A/cattle/Texas/24-008749-003/2024(H5N1)	403	5926
NA|PP755591.1|A/cattle/Texas/24-008749-003/2024(H5N1)	404	5971
NA|PP755591.1|A/cattle/Texas/24-008749-003/2024(H5N1)	405	5981
NA|PP755591.1|A/cattle/Texas/24-008749-003/2024(H5N1)	406	5960
NA|PP755591.1|A/cattle/Texas/24-008749-003/2024(H5N1)	407	5974
NA|PP755591.1|A/cattle/Texas/24-008749-003/2024(H5N1)	408	5976
NA|PP755591.1|A/cattle/Texas/24-008749-003/2024(H5N1)	409	5992
NA|PP755591.1|A/cattle/Texas/24-008749-003/2024(H5N1)	410	6077
NA|PP755591.1|A/cattle/Texas/24-008749-003/2024(H5N1)	411	6016
NA|PP755591.1|A/cattle/Texas/24-008749-003/2024(H5N1)	412	6093
NA|PP755591.1|A/cattle/Texas/24-008749-003/2024(H5N1)	413	5989
NA|PP755591.1|A/cattle/Texas/24-008749-003/2024(H5N1)	414	5962
NA|PP755591.1|A/cattle/Texas/24-008749-003/2024(H5N1)	415	6048
NA|PP755591.1|A/cattle/Texas/24-008749-003/2024(H5N1)	416	6011
NA|PP755591.1|A/cattle/Texas/24-008749-003/2024(H5N1)	417	6043
NA|PP755591.1|A/cattle/Texas/24-008749-003/2024(H5N1)	418	6078
NA|PP755591.1|A/cattle/Texas/24-008749-003/2024(H5N1)	419	6011
NA|PP755591.1|A/cattle/Texas/24-008749-003/2024(H5N1)	420	6018
NA|PP755591.1|A/cattle/Texas/24-008749-003/2024(H5N1)	421	5943
NA|PP755591.1|A/cattle/Texas/24-008749-003/2024(H5N1)	422	5959
NA|PP755591.1|A/cattle/Texas/24-008749-003/2024(H5N1)	423	5960
NA|PP755591.1|A/cattle/Texas/24-008749-003/2024(H5N1)	424	5880
NA|PP755591.1|A/cattle/Texas/24-008749-003/2024(H5N1)	425	5903
NA|PP755591.1|A/cattle/Texas/24-008749-003/2024(H5N1)	426	5779
NA|PP755591.1|A/cattle/Texas/24-008749-003/2024(H5N1)	427	5784
NA|PP755591.1|A/cattle/Texas/24-008749-003/2024(H5N1)	428	5801
NA|PP755591.1|A/cattle/Texas/24-008749-003/2024(H5N1)	429	5732
NA|PP755591.1|A/cattle/Texas/24-008749-003/2024(H5N1)	430	5465
NA|PP755591.1|A/cattle/Texas/24-008749-003/2024(H5N1)	431	5443
NA|PP755591.1|A/cattle/Texas/24-008749-003/2024(H5N1)	432	5459
NA|PP755591.1|A/cattle/Texas/24-008749-003/2024(H5N1)	433	5469
NA|PP755591.1|A/cattle/Texas/24-008749-003/2024(H5N1)	434	5408
NA|PP755591.1|A/cattle/Texas/24-008749-003/2024(H5N1)	435	5407
NA|PP755591.1|A/cattle/Texas/24-008749-003/2024(H5N1)	436	5411
NA|PP755591.1|A/cattle/Texas/24-008749-003/2024(H5N1)	437	5469
NA|PP755591.1|A/cattle/Texas/24-008749-003/2024(H5N1)	438	5442
NA|PP755591.1|A/cattle/Texas/24-008749-003/2024(H5N1)	439	5398
NA|PP755591.1|A/cattle/Texas/24-008749-003/2024(H5N1)	440	5423
NA|PP755591.1|A/cattle/Texas/24-008749-003/2024(H5N1)	441	5346
NA|PP755591.1|A/cattle/Texas/24-008749-003/2024(H5N1)	442	5290
NA|PP755591.1|A/cattle/Texas/24-008749-003/2024(H5N1)	443	5162
NA|PP755591.1|A/cattle/Texas/24-008749-003/2024(H5N1)	444	5152
NA|PP755591.1|A/cattle/Texas/24-008749-003/2024(H5N1)	445	5693
NA|PP755591.1|A/cattle/Texas/24-008749-003/2024(H5N1)	446	5530
NA|PP755591.1|A/cattle/Texas/24-008749-003/2024(H5N1)	447	5624
NA|PP755591.1|A/cattle/Texas/24-008749-003/2024(H5N1)	448	5597
NA|PP755591.1|A/cattle/Texas/24-008749-003/2024(H5N1)	449	5569
NA|PP755591.1|A/cattle/Texas/24-008749-003/2024(H5N1)	450	5681
NA|PP755591.1|A/cattle/Texas/24-008749-003/2024(H5N1)	451	5639
NA|PP755591.1|A/cattle/Texas/24-008749-003/2024(H5N1)	452	5701
NA|PP755591.1|A/cattle/Texas/24-008749-003/2024(H5N1)	453	5695
NA|PP755591.1|A/cattle/Texas/24-008749-003/2024(H5N1)	454	5027
NA|PP755591.1|A/cattle/Texas/24-008749-003/2024(H5N1)	455	5015
NA|PP755591.1|A/cattle/Texas/24-008749-003/2024(H5N1)	456	5156
NA|PP755591.1|A/cattle/Texas/24-008749-003/2024(H5N1)	457	5086
NA|PP755591.1|A/cattle/Texas/24-008749-003/2024(H5N1)	458	5082
NA|PP755591.1|A/cattle/Texas/24-008749-003/2024(H5N1)	459	5084
NA|PP755591.1|A/cattle/Texas/24-008749-003/2024(H5N1)	460	5102
NA|PP755591.1|A/cattle/Texas/24-008749-003/2024(H5N1)	461	5099
NA|PP755591.1|A/cattle/Texas/24-008749-003/2024(H5N1)	462	5154
NA|PP755591.1|A/cattle/Texas/24-008749-003/2024(H5N1)	463	5167
NA|PP755591.1|A/cattle/Texas/24-008749-003/2024(H5N1)	464	5168
NA|PP755591.1|A/cattle/Texas/24-008749-003/2024(H5N1)	465	5041
NA|PP755591.1|A/cattle/Texas/24-008749-003/2024(H5N1)	466	5037
NA|PP755591.1|A/cattle/Texas/24-008749-003/2024(H5N1)	467	5036
NA|PP755591.1|A/cattle/Texas/24-008749-003/2024(H5N1)	468	4957
NA|PP755591.1|A/cattle/Texas/24-008749-003/2024(H5N1)	469	5002
NA|PP755591.1|A/cattle/Texas/24-008749-003/2024(H5N1)	470	4961
NA|PP755591.1|A/cattle/Texas/24-008749-003/2024(H5N1)	471	5067
NA|PP755591.1|A/cattle/Texas/24-008749-003/2024(H5N1)	472	5121
NA|PP755591.1|A/cattle/Texas/24-008749-003/2024(H5N1)	473	5120
NA|PP755591.1|A/cattle/Texas/24-008749-003/2024(H5N1)	474	5125
NA|PP755591.1|A/cattle/Texas/24-008749-003/2024(H5N1)	475	5165
NA|PP755591.1|A/cattle/Texas/24-008749-003/2024(H5N1)	476	5194
NA|PP755591.1|A/cattle/Texas/24-008749-003/2024(H5N1)	477	5152
NA|PP755591.1|A/cattle/Texas/24-008749-003/2024(H5N1)	478	5028
NA|PP755591.1|A/cattle/Texas/24-008749-003/2024(H5N1)	479	5152
NA|PP755591.1|A/cattle/Texas/24-008749-003/2024(H5N1)	480	5222
NA|PP755591.1|A/cattle/Texas/24-008749-003/2024(H5N1)	481	5190
NA|PP755591.1|A/cattle/Texas/24-008749-003/2024(H5N1)	482	5235
NA|PP755591.1|A/cattle/Texas/24-008749-003/2024(H5N1)	483	5249
NA|PP755591.1|A/cattle/Texas/24-008749-003/2024(H5N1)	484	5228
NA|PP755591.1|A/cattle/Texas/24-008749-003/2024(H5N1)	485	5250
NA|PP755591.1|A/cattle/Texas/24-008749-003/2024(H5N1)	486	5191
NA|PP755591.1|A/cattle/Texas/24-008749-003/2024(H5N1)	487	5192
NA|PP755591.1|A/cattle/Texas/24-008749-003/2024(H5N1)	488	5127
NA|PP755591.1|A/cattle/Texas/24-008749-003/2024(H5N1)	489	5162
NA|PP755591.1|A/cattle/Texas/24-008749-003/2024(H5N1)	490	5199
NA|PP755591.1|A/cattle/Texas/24-008749-003/2024(H5N1)	491	5190
NA|PP755591.1|A/cattle/Texas/24-008749-003/2024(H5N1)	492	5140
NA|PP755591.1|A/cattle/Texas/24-008749-003/2024(H5N1)	493	5122
NA|PP755591.1|A/cattle/Texas/24-008749-003/2024(H5N1)	494	5114
NA|PP755591.1|A/cattle/Texas/24-008749-003/2024(H5N1)	495	5210
NA|PP755591.1|A/cattle/Texas/24-008749-003/2024(H5N1)	496	5308
NA|PP755591.1|A/cattle/Texas/24-008749-003/2024(H5N1)	497	5422
NA|PP755591.1|A/cattle/Texas/24-008749-003/2024(H5N1)	498	5369
NA|PP755591.1|A/cattle/Texas/24-008749-003/2024(H5N1)	499	5369
NA|PP755591.1|A/cattle/Texas/24-008749-003/2024(H5N1)	500	5298
NA|PP755591.1|A/cattle/Texas/24-008749-003/2024(H5N1)	501	5339
NA|PP755591.1|A/cattle/Texas/24-008749-003/2024(H5N1)	502	5547
NA|PP755591.1|A/cattle/Texas/24-008749-003/2024(H5N1)	503	5617
NA|PP755591.1|A/cattle/Texas/24-008749-003/2024(H5N1)	504	5593
NA|PP755591.1|A/cattle/Texas/24-008749-003/2024(H5N1)	505	5569
NA|PP755591.1|A/cattle/Texas/24-008749-003/2024(H5N1)	506	5265
NA|PP755591.1|A/cattle/Texas/24-008749-003/2024(H5N1)	507	5283
NA|PP755591.1|A/cattle/Texas/24-008749-003/2024(H5N1)	508	5273
NA|PP755591.1|A/cattle/Texas/24-008749-003/2024(H5N1)	509	5256
NA|PP755591.1|A/cattle/Texas/24-008749-003/2024(H5N1)	510	5251
NA|PP755591.1|A/cattle/Texas/24-008749-003/2024(H5N1)	511	5064
NA|PP755591.1|A/cattle/Texas/24-008749-003/2024(H5N1)	512	5108
NA|PP755591.1|A/cattle/Texas/24-008749-003/2024(H5N1)	513	5114
NA|PP755591.1|A/cattle/Texas/24-008749-003/2024(H5N1)	514	5088
NA|PP755591.1|A/cattle/Texas/24-008749-003/2024(H5N1)	515	5062
NA|PP755591.1|A/cattle/Texas/24-008749-003/2024(H5N1)	516	5045
NA|PP755591.1|A/cattle/Texas/24-008749-003/2024(H5N1)	517	5050
NA|PP755591.1|A/cattle/Texas/24-008749-003/2024(H5N1)	518	5056
NA|PP755591.1|A/cattle/Texas/24-008749-003/2024(H5N1)	519	5068
NA|PP755591.1|A/cattle/Texas/24-008749-003/2024(H5N1)	520	5069
NA|PP755591.1|A/cattle/Texas/24-008749-003/2024(H5N1)	521	5012
NA|PP755591.1|A/cattle/Texas/24-008749-003/2024(H5N1)	522	5010
NA|PP755591.1|A/cattle/Texas/24-008749-003/2024(H5N1)	523	4999
NA|PP755591.1|A/cattle/Texas/24-008749-003/2024(H5N1)	524	5005
NA|PP755591.1|A/cattle/Texas/24-008749-003/2024(H5N1)	525	5009
NA|PP755591.1|A/cattle/Texas/24-008749-003/2024(H5N1)	526	5013
NA|PP755591.1|A/cattle/Texas/24-008749-003/2024(H5N1)	527	4976
NA|PP755591.1|A/cattle/Texas/24-008749-003/2024(H5N1)	528	4952
NA|PP755591.1|A/cattle/Texas/24-008749-003/2024(H5N1)	529	5003
NA|PP755591.1|A/cattle/Texas/24-008749-003/2024(H5N1)	530	5004
NA|PP755591.1|A/cattle/Texas/24-008749-003/2024(H5N1)	531	5005
NA|PP755591.1|A/cattle/Texas/24-008749-003/2024(H5N1)	532	5000
NA|PP755591.1|A/cattle/Texas/24-008749-003/2024(H5N1)	533	4974
NA|PP755591.1|A/cattle/Texas/24-008749-003/2024(H5N1)	534	4966
NA|PP755591.1|A/cattle/Texas/24-008749-003/2024(H5N1)	535	4981
NA|PP755591.1|A/cattle/Texas/24-008749-003/2024(H5N1)	536	4952
NA|PP755591.1|A/cattle/Texas/24-008749-003/2024(H5N1)	537	5030
NA|PP755591.1|A/cattle/Texas/24-008749-003/2024(H5N1)	538	5011
NA|PP755591.1|A/cattle/Texas/24-008749-003/2024(H5N1)	539	5020
NA|PP755591.1|A/cattle/Texas/24-008749-003/2024(H5N1)	540	5055
NA|PP755591.1|A/cattle/Texas/24-008749-003/2024(H5N1)	541	5078
NA|PP755591.1|A/cattle/Texas/24-008749-003/2024(H5N1)	542	5096
NA|PP755591.1|A/cattle/Texas/24-008749-003/2024(H5N1)	543	5098
NA|PP755591.1|A/cattle/Texas/24-008749-003/2024(H5N1)	544	5097
NA|PP755591.1|A/cattle/Texas/24-008749-003/2024(H5N1)	545	5192
NA|PP755591.1|A/cattle/Texas/24-008749-003/2024(H5N1)	546	5193
NA|PP755591.1|A/cattle/Texas/24-008749-003/2024(H5N1)	547	5204
NA|PP755591.1|A/cattle/Texas/24-008749-003/2024(H5N1)	548	5148
NA|PP755591.1|A/cattle/Texas/24-008749-003/2024(H5N1)	549	5104
NA|PP755591.1|A/cattle/Texas/24-008749-003/2024(H5N1)	550	5148
NA|PP755591.1|A/cattle/Texas/24-008749-003/2024(H5N1)	551	5200
NA|PP755591.1|A/cattle/Texas/24-008749-003/2024(H5N1)	552	5216
NA|PP755591.1|A/cattle/Texas/24-008749-003/2024(H5N1)	553	5141
NA|PP755591.1|A/cattle/Texas/24-008749-003/2024(H5N1)	554	5048
NA|PP755591.1|A/cattle/Texas/24-008749-003/2024(H5N1)	555	5026
NA|PP755591.1|A/cattle/Texas/24-008749-003/2024(H5N1)	556	5017
NA|PP755591.1|A/cattle/Texas/24-008749-003/2024(H5N1)	557	5041
NA|PP755591.1|A/cattle/Texas/24-008749-003/2024(H5N1)	558	5036
NA|PP755591.1|A/cattle/Texas/24-008749-003/2024(H5N1)	559	5065
NA|PP755591.1|A/cattle/Texas/24-008749-003/2024(H5N1)	560	5026
NA|PP755591.1|A/cattle/Texas/24-008749-003/2024(H5N1)	561	4994
NA|PP755591.1|A/cattle/Texas/24-008749-003/2024(H5N1)	562	4996
NA|PP755591.1|A/cattle/Texas/24-008749-003/2024(H5N1)	563	4924
NA|PP755591.1|A/cattle/Texas/24-008749-003/2024(H5N1)	564	4923
NA|PP755591.1|A/cattle/Texas/24-008749-003/2024(H5N1)	565	4924
NA|PP755591.1|A/cattle/Texas/24-008749-003/2024(H5N1)	566	4885
NA|PP755591.1|A/cattle/Texas/24-008749-003/2024(H5N1)	567	4928
NA|PP755591.1|A/cattle/Texas/24-008749-003/2024(H5N1)	568	4829
NA|PP755591.1|A/cattle/Texas/24-008749-003/2024(H5N1)	569	4832
NA|PP755591.1|A/cattle/Texas/24-008749-003/2024(H5N1)	570	4872
NA|PP755591.1|A/cattle/Texas/24-008749-003/2024(H5N1)	571	4903
NA|PP755591.1|A/cattle/Texas/24-008749-003/2024(H5N1)	572	4896
NA|PP755591.1|A/cattle/Texas/24-008749-003/2024(H5N1)	573	4902
NA|PP755591.1|A/cattle/Texas/24-008749-003/2024(H5N1)	574	4908
NA|PP755591.1|A/cattle/Texas/24-008749-003/2024(H5N1)	575	4914
NA|PP755591.1|A/cattle/Texas/24-008749-003/2024(H5N1)	576	4901
NA|PP755591.1|A/cattle/Texas/24-008749-003/2024(H5N1)	577	4921
NA|PP755591.1|A/cattle/Texas/24-008749-003/2024(H5N1)	578	4966
NA|PP755591.1|A/cattle/Texas/24-008749-003/2024(H5N1)	579	5004
NA|PP755591.1|A/cattle/Texas/24-008749-003/2024(H5N1)	580	5005
NA|PP755591.1|A/cattle/Texas/24-008749-003/2024(H5N1)	581	5008
NA|PP755591.1|A/cattle/Texas/24-008749-003/2024(H5N1)	582	5014
NA|PP755591.1|A/cattle/Texas/24-008749-003/2024(H5N1)	583	4996
NA|PP755591.1|A/cattle/Texas/24-008749-003/2024(H5N1)	584	5008
NA|PP755591.1|A/cattle/Texas/24-008749-003/2024(H5N1)	585	5005
NA|PP755591.1|A/cattle/Texas/24-008749-003/2024(H5N1)	586	5185
NA|PP755591.1|A/cattle/Texas/24-008749-003/2024(H5N1)	587	5183
NA|PP755591.1|A/cattle/Texas/24-008749-003/2024(H5N1)	588	5106
NA|PP755591.1|A/cattle/Texas/24-008749-003/2024(H5N1)	589	5183
NA|PP755591.1|A/cattle/Texas/24-008749-003/2024(H5N1)	590	5174
NA|PP755591.1|A/cattle/Texas/24-008749-003/2024(H5N1)	591	5174
NA|PP755591.1|A/cattle/Texas/24-008749-003/2024(H5N1)	592	5191
NA|PP755591.1|A/cattle/Texas/24-008749-003/2024(H5N1)	593	5157
NA|PP755591.1|A/cattle/Texas/24-008749-003/2024(H5N1)	594	5228
NA|PP755591.1|A/cattle/Texas/24-008749-003/2024(H5N1)	595	5242
NA|PP755591.1|A/cattle/Texas/24-008749-003/2024(H5N1)	596	4845
NA|PP755591.1|A/cattle/Texas/24-008749-003/2024(H5N1)	597	5021
NA|PP755591.1|A/cattle/Texas/24-008749-003/2024(H5N1)	598	5081
NA|PP755591.1|A/cattle/Texas/24-008749-003/2024(H5N1)	599	5137
NA|PP755591.1|A/cattle/Texas/24-008749-003/2024(H5N1)	600	5136
NA|PP755591.1|A/cattle/Texas/24-008749-003/2024(H5N1)	601	5014
NA|PP755591.1|A/cattle/Texas/24-008749-003/2024(H5N1)	602	5028
NA|PP755591.1|A/cattle/Texas/24-008749-003/2024(H5N1)	603	4966
NA|PP755591.1|A/cattle/Texas/24-008749-003/2024(H5N1)	604	4995
NA|PP755591.1|A/cattle/Texas/24-008749-003/2024(H5N1)	605	5163
NA|PP755591.1|A/cattle/Texas/24-008749-003/2024(H5N1)	606	5004
NA|PP755591.1|A/cattle/Texas/24-008749-003/2024(H5N1)	607	5024
NA|PP755591.1|A/cattle/Texas/24-008749-003/2024(H5N1)	608	4963
NA|PP755591.1|A/cattle/Texas/24-008749-003/2024(H5N1)	609	4968
NA|PP755591.1|A/cattle/Texas/24-008749-003/2024(H5N1)	610	4942
NA|PP755591.1|A/cattle/Texas/24-008749-003/2024(H5N1)	611	4888
NA|PP755591.1|A/cattle/Texas/24-008749-003/2024(H5N1)	612	4817
NA|PP755591.1|A/cattle/Texas/24-008749-003/2024(H5N1)	613	4975
NA|PP755591.1|A/cattle/Texas/24-008749-003/2024(H5N1)	614	5018
NA|PP755591.1|A/cattle/Texas/24-008749-003/2024(H5N1)	615	5059
NA|PP755591.1|A/cattle/Texas/24-008749-003/2024(H5N1)	616	5088
NA|PP755591.1|A/cattle/Texas/24-008749-003/2024(H5N1)	617	5075
NA|PP755591.1|A/cattle/Texas/24-008749-003/2024(H5N1)	618	5111
NA|PP755591.1|A/cattle/Texas/24-008749-003/2024(H5N1)	619	5113
NA|PP755591.1|A/cattle/Texas/24-008749-003/2024(H5N1)	620	5076
NA|PP755591.1|A/cattle/Texas/24-008749-003/2024(H5N1)	621	5206
NA|PP755591.1|A/cattle/Texas/24-008749-003/2024(H5N1)	622	5021
NA|PP755591.1|A/cattle/Texas/24-008749-003/2024(H5N1)	623	5035
NA|PP755591.1|A/cattle/Texas/24-008749-003/2024(H5N1)	624	5044
NA|PP755591.1|A/cattle/Texas/24-008749-003/2024(H5N1)	625	5003
NA|PP755591.1|A/cattle/Texas/24-008749-003/2024(H5N1)	626	5006
NA|PP755591.1|A/cattle/Texas/24-008749-003/2024(H5N1)	627	4966
NA|PP755591.1|A/cattle/Texas/24-008749-003/2024(H5N1)	628	4945
NA|PP755591.1|A/cattle/Texas/24-008749-003/2024(H5N1)	629	5024
NA|PP755591.1|A/cattle/Texas/24-008749-003/2024(H5N1)	630	4849
NA|PP755591.1|A/cattle/Texas/24-008749-003/2024(H5N1)	631	4851
NA|PP755591.1|A/cattle/Texas/24-008749-003/2024(H5N1)	632	4877
NA|PP755591.1|A/cattle/Texas/24-008749-003/2024(H5N1)	633	4849
NA|PP755591.1|A/cattle/Texas/24-008749-003/2024(H5N1)	634	4863
NA|PP755591.1|A/cattle/Texas/24-008749-003/2024(H5N1)	635	4858
NA|PP755591.1|A/cattle/Texas/24-008749-003/2024(H5N1)	636	4872
NA|PP755591.1|A/cattle/Texas/24-008749-003/2024(H5N1)	637	4874
NA|PP755591.1|A/cattle/Texas/24-008749-003/2024(H5N1)	638	4837
NA|PP755591.1|A/cattle/Texas/24-008749-003/2024(H5N1)	639	4843
NA|PP755591.1|A/cattle/Texas/24-008749-003/2024(H5N1)	640	4815
NA|PP755591.1|A/cattle/Texas/24-008749-003/2024(H5N1)	641	4777
NA|PP755591.1|A/cattle/Texas/24-008749-003/2024(H5N1)	642	4774
NA|PP755591.1|A/cattle/Texas/24-008749-003/2024(H5N1)	643	4764
NA|PP755591.1|A/cattle/Texas/24-008749-003/2024(H5N1)	644	4783
NA|PP755591.1|A/cattle/Texas/24-008749-003/2024(H5N1)	645	4773
NA|PP755591.1|A/cattle/Texas/24-008749-003/2024(H5N1)	646	4864
NA|PP755591.1|A/cattle/Texas/24-008749-003/2024(H5N1)	647	4805
NA|PP755591.1|A/cattle/Texas/24-008749-003/2024(H5N1)	648	4671
NA|PP755591.1|A/cattle/Texas/24-008749-003/2024(H5N1)	649	4667
NA|PP755591.1|A/cattle/Texas/24-008749-003/2024(H5N1)	650	4651
NA|PP755591.1|A/cattle/Texas/24-008749-003/2024(H5N1)	651	4719
NA|PP755591.1|A/cattle/Texas/24-008749-003/2024(H5N1)	652	4668
NA|PP755591.1|A/cattle/Texas/24-008749-003/2024(H5N1)	653	4516
NA|PP755591.1|A/cattle/Texas/24-008749-003/2024(H5N1)	654	4438
NA|PP755591.1|A/cattle/Texas/24-008749-003/2024(H5N1)	655	4368
NA|PP755591.1|A/cattle/Texas/24-008749-003/2024(H5N1)	656	4370
NA|PP755591.1|A/cattle/Texas/24-008749-003/2024(H5N1)	657	4374
NA|PP755591.1|A/cattle/Texas/24-008749-003/2024(H5N1)	658	4438
NA|PP755591.1|A/cattle/Texas/24-008749-003/2024(H5N1)	659	4442
NA|PP755591.1|A/cattle/Texas/24-008749-003/2024(H5N1)	660	4401
NA|PP755591.1|A/cattle/Texas/24-008749-003/2024(H5N1)	661	4398
NA|PP755591.1|A/cattle/Texas/24-008749-003/2024(H5N1)	662	4395
NA|PP755591.1|A/cattle/Texas/24-008749-003/2024(H5N1)	663	4354
NA|PP755591.1|A/cattle/Texas/24-008749-003/2024(H5N1)	664	4353
NA|PP755591.1|A/cattle/Texas/24-008749-003/2024(H5N1)	665	4373
NA|PP755591.1|A/cattle/Texas/24-008749-003/2024(H5N1)	666	4393
NA|PP755591.1|A/cattle/Texas/24-008749-003/2024(H5N1)	667	4392
NA|PP755591.1|A/cattle/Texas/24-008749-003/2024(H5N1)	668	4376
NA|PP755591.1|A/cattle/Texas/24-008749-003/2024(H5N1)	669	4365
NA|PP755591.1|A/cattle/Texas/24-008749-003/2024(H5N1)	670	4431
NA|PP755591.1|A/cattle/Texas/24-008749-003/2024(H5N1)	671	4431
NA|PP755591.1|A/cattle/Texas/24-008749-003/2024(H5N1)	672	4431
NA|PP755591.1|A/cattle/Texas/24-008749-003/2024(H5N1)	673	4431
NA|PP755591.1|A/cattle/Texas/24-008749-003/2024(H5N1)	674	4439
NA|PP755591.1|A/cattle/Texas/24-008749-003/2024(H5N1)	675	4520
NA|PP755591.1|A/cattle/Texas/24-008749-003/2024(H5N1)	676	4521
NA|PP755591.1|A/cattle/Texas/24-008749-003/2024(H5N1)	677	4529
NA|PP755591.1|A/cattle/Texas/24-008749-003/2024(H5N1)	678	4525
NA|PP755591.1|A/cattle/Texas/24-008749-003/2024(H5N1)	679	4482
NA|PP755591.1|A/cattle/Texas/24-008749-003/2024(H5N1)	680	4506
NA|PP755591.1|A/cattle/Texas/24-008749-003/2024(H5N1)	681	4505
NA|PP755591.1|A/cattle/Texas/24-008749-003/2024(H5N1)	682	4522
NA|PP755591.1|A/cattle/Texas/24-008749-003/2024(H5N1)	683	4554
NA|PP755591.1|A/cattle/Texas/24-008749-003/2024(H5N1)	684	4629
NA|PP755591.1|A/cattle/Texas/24-008749-003/2024(H5N1)	685	4619
NA|PP755591.1|A/cattle/Texas/24-008749-003/2024(H5N1)	686	4548
NA|PP755591.1|A/cattle/Texas/24-008749-003/2024(H5N1)	687	4552
NA|PP755591.1|A/cattle/Texas/24-008749-003/2024(H5N1)	688	4606
NA|PP755591.1|A/cattle/Texas/24-008749-003/2024(H5N1)	689	4614
NA|PP755591.1|A/cattle/Texas/24-008749-003/2024(H5N1)	690	4654
NA|PP755591.1|A/cattle/Texas/24-008749-003/2024(H5N1)	691	4613
NA|PP755591.1|A/cattle/Texas/24-008749-003/2024(H5N1)	692	4635
NA|PP755591.1|A/cattle/Texas/24-008749-003/2024(H5N1)	693	4584
NA|PP755591.1|A/cattle/Texas/24-008749-003/2024(H5N1)	694	4580
NA|PP755591.1|A/cattle/Texas/24-008749-003/2024(H5N1)	695	4525
NA|PP755591.1|A/cattle/Texas/24-008749-003/2024(H5N1)	696	4519
NA|PP755591.1|A/cattle/Texas/24-008749-003/2024(H5N1)	697	4518
NA|PP755591.1|A/cattle/Texas/24-008749-003/2024(H5N1)	698	4525
NA|PP755591.1|A/cattle/Texas/24-008749-003/2024(H5N1)	699	4632
NA|PP755591.1|A/cattle/Texas/24-008749-003/2024(H5N1)	700	4640
NA|PP755591.1|A/cattle/Texas/24-008749-003/2024(H5N1)	701	4608
NA|PP755591.1|A/cattle/Texas/24-008749-003/2024(H5N1)	702	4554
NA|PP755591.1|A/cattle/Texas/24-008749-003/2024(H5N1)	703	4646
NA|PP755591.1|A/cattle/Texas/24-008749-003/2024(H5N1)	704	4648
NA|PP755591.1|A/cattle/Texas/24-008749-003/2024(H5N1)	705	4649
NA|PP755591.1|A/cattle/Texas/24-008749-003/2024(H5N1)	706	4626
NA|PP755591.1|A/cattle/Texas/24-008749-003/2024(H5N1)	707	4637
NA|PP755591.1|A/cattle/Texas/24-008749-003/2024(H5N1)	708	4578
NA|PP755591.1|A/cattle/Texas/24-008749-003/2024(H5N1)	709	4575
NA|PP755591.1|A/cattle/Texas/24-008749-003/2024(H5N1)	710	4577
NA|PP755591.1|A/cattle/Texas/24-008749-003/2024(H5N1)	711	4592
NA|PP755591.1|A/cattle/Texas/24-008749-003/2024(H5N1)	712	4579
NA|PP755591.1|A/cattle/Texas/24-008749-003/2024(H5N1)	713	4623
NA|PP755591.1|A/cattle/Texas/24-008749-003/2024(H5N1)	714	4684
NA|PP755591.1|A/cattle/Texas/24-008749-003/2024(H5N1)	715	4686
NA|PP755591.1|A/cattle/Texas/24-008749-003/2024(H5N1)	716	4675
NA|PP755591.1|A/cattle/Texas/24-008749-003/2024(H5N1)	717	4787
NA|PP755591.1|A/cattle/Texas/24-008749-003/2024(H5N1)	718	4798
NA|PP755591.1|A/cattle/Texas/24-008749-003/2024(H5N1)	719	5009
NA|PP755591.1|A/cattle/Texas/24-008749-003/2024(H5N1)	720	4950
NA|PP755591.1|A/cattle/Texas/24-008749-003/2024(H5N1)	721	4977
NA|PP755591.1|A/cattle/Texas/24-008749-003/2024(H5N1)	722	4964
NA|PP755591.1|A/cattle/Texas/24-008749-003/2024(H5N1)	723	4989
NA|PP755591.1|A/cattle/Texas/24-008749-003/2024(H5N1)	724	4991
NA|PP755591.1|A/cattle/Texas/24-008749-003/2024(H5N1)	725	4998
NA|PP755591.1|A/cattle/Texas/24-008749-003/2024(H5N1)	726	4995
NA|PP755591.1|A/cattle/Texas/24-008749-003/2024(H5N1)	727	5012
NA|PP755591.1|A/cattle/Texas/24-008749-003/2024(H5N1)	728	5157
NA|PP755591.1|A/cattle/Texas/24-008749-003/2024(H5N1)	729	5106
NA|PP755591.1|A/cattle/Texas/24-008749-003/2024(H5N1)	730	5089
NA|PP755591.1|A/cattle/Texas/24-008749-003/2024(H5N1)	731	5125
NA|PP755591.1|A/cattle/Texas/24-008749-003/2024(H5N1)	732	5140
NA|PP755591.1|A/cattle/Texas/24-008749-003/2024(H5N1)	733	5184
NA|PP755591.1|A/cattle/Texas/24-008749-003/2024(H5N1)	734	5198
NA|PP755591.1|A/cattle/Texas/24-008749-003/2024(H5N1)	735	5231
NA|PP755591.1|A/cattle/Texas/24-008749-003/2024(H5N1)	736	5240
NA|PP755591.1|A/cattle/Texas/24-008749-003/2024(H5N1)	737	5016
NA|PP755591.1|A/cattle/Texas/24-008749-003/2024(H5N1)	738	5037
NA|PP755591.1|A/cattle/Texas/24-008749-003/2024(H5N1)	739	5051
NA|PP755591.1|A/cattle/Texas/24-008749-003/2024(H5N1)	740	5195
NA|PP755591.1|A/cattle/Texas/24-008749-003/2024(H5N1)	741	5243
NA|PP755591.1|A/cattle/Texas/24-008749-003/2024(H5N1)	742	5198
NA|PP755591.1|A/cattle/Texas/24-008749-003/2024(H5N1)	743	5173
NA|PP755591.1|A/cattle/Texas/24-008749-003/2024(H5N1)	744	5090
NA|PP755591.1|A/cattle/Texas/24-008749-003/2024(H5N1)	745	5181
NA|PP755591.1|A/cattle/Texas/24-008749-003/2024(H5N1)	746	5208
NA|PP755591.1|A/cattle/Texas/24-008749-003/2024(H5N1)	747	5203
NA|PP755591.1|A/cattle/Texas/24-008749-003/2024(H5N1)	748	5059
NA|PP755591.1|A/cattle/Texas/24-008749-003/2024(H5N1)	749	4833
NA|PP755591.1|A/cattle/Texas/24-008749-003/2024(H5N1)	750	4816
NA|PP755591.1|A/cattle/Texas/24-008749-003/2024(H5N1)	751	5031
NA|PP755591.1|A/cattle/Texas/24-008749-003/2024(H5N1)	752	5039
NA|PP755591.1|A/cattle/Texas/24-008749-003/2024(H5N1)	753	4966
NA|PP755591.1|A/cattle/Texas/24-008749-003/2024(H5N1)	754	4770
NA|PP755591.1|A/cattle/Texas/24-008749-003/2024(H5N1)	755	4811
NA|PP755591.1|A/cattle/Texas/24-008749-003/2024(H5N1)	756	4874
NA|PP755591.1|A/cattle/Texas/24-008749-003/2024(H5N1)	757	4899
NA|PP755591.1|A/cattle/Texas/24-008749-003/2024(H5N1)	758	4885
NA|PP755591.1|A/cattle/Texas/24-008749-003/2024(H5N1)	759	4866
NA|PP755591.1|A/cattle/Texas/24-008749-003/2024(H5N1)	760	4847
NA|PP755591.1|A/cattle/Texas/24-008749-003/2024(H5N1)	761	4870
NA|PP755591.1|A/cattle/Texas/24-008749-003/2024(H5N1)	762	4866
NA|PP755591.1|A/cattle/Texas/24-008749-003/2024(H5N1)	763	4884
NA|PP755591.1|A/cattle/Texas/24-008749-003/2024(H5N1)	764	4689
NA|PP755591.1|A/cattle/Texas/24-008749-003/2024(H5N1)	765	4702
NA|PP755591.1|A/cattle/Texas/24-008749-003/2024(H5N1)	766	4690
NA|PP755591.1|A/cattle/Texas/24-008749-003/2024(H5N1)	767	4717
NA|PP755591.1|A/cattle/Texas/24-008749-003/2024(H5N1)	768	4680
NA|PP755591.1|A/cattle/Texas/24-008749-003/2024(H5N1)	769	4680
NA|PP755591.1|A/cattle/Texas/24-008749-003/2024(H5N1)	770	4718
NA|PP755591.1|A/cattle/Texas/24-008749-003/2024(H5N1)	771	4722
NA|PP755591.1|A/cattle/Texas/24-008749-003/2024(H5N1)	772	4619
NA|PP755591.1|A/cattle/Texas/24-008749-003/2024(H5N1)	773	4619
NA|PP755591.1|A/cattle/Texas/24-008749-003/2024(H5N1)	774	4557
NA|PP755591.1|A/cattle/Texas/24-008749-003/2024(H5N1)	775	4581
NA|PP755591.1|A/cattle/Texas/24-008749-003/2024(H5N1)	776	4577
NA|PP755591.1|A/cattle/Texas/24-008749-003/2024(H5N1)	777	4583
NA|PP755591.1|A/cattle/Texas/24-008749-003/2024(H5N1)	778	4577
NA|PP755591.1|A/cattle/Texas/24-008749-003/2024(H5N1)	779	4520
NA|PP755591.1|A/cattle/Texas/24-008749-003/2024(H5N1)	780	4494
NA|PP755591.1|A/cattle/Texas/24-008749-003/2024(H5N1)	781	4493
NA|PP755591.1|A/cattle/Texas/24-008749-003/2024(H5N1)	782	4495
NA|PP755591.1|A/cattle/Texas/24-008749-003/2024(H5N1)	783	4472
NA|PP755591.1|A/cattle/Texas/24-008749-003/2024(H5N1)	784	4443
NA|PP755591.1|A/cattle/Texas/24-008749-003/2024(H5N1)	785	4422
NA|PP755591.1|A/cattle/Texas/24-008749-003/2024(H5N1)	786	4410
NA|PP755591.1|A/cattle/Texas/24-008749-003/2024(H5N1)	787	4399
NA|PP755591.1|A/cattle/Texas/24-008749-003/2024(H5N1)	788	4389
NA|PP755591.1|A/cattle/Texas/24-008749-003/2024(H5N1)	789	4373
NA|PP755591.1|A/cattle/Texas/24-008749-003/2024(H5N1)	790	4364
NA|PP755591.1|A/cattle/Texas/24-008749-003/2024(H5N1)	791	4391
NA|PP755591.1|A/cattle/Texas/24-008749-003/2024(H5N1)	792	4384
NA|PP755591.1|A/cattle/Texas/24-008749-003/2024(H5N1)	793	4418
NA|PP755591.1|A/cattle/Texas/24-008749-003/2024(H5N1)	794	4407
NA|PP755591.1|A/cattle/Texas/24-008749-003/2024(H5N1)	795	4318
NA|PP755591.1|A/cattle/Texas/24-008749-003/2024(H5N1)	796	4295
NA|PP755591.1|A/cattle/Texas/24-008749-003/2024(H5N1)	797	4226
NA|PP755591.1|A/cattle/Texas/24-008749-003/2024(H5N1)	798	4203
NA|PP755591.1|A/cattle/Texas/24-008749-003/2024(H5N1)	799	4281
NA|PP755591.1|A/cattle/Texas/24-008749-003/2024(H5N1)	800	4288
NA|PP755591.1|A/cattle/Texas/24-008749-003/2024(H5N1)	801	4453
NA|PP755591.1|A/cattle/Texas/24-008749-003/2024(H5N1)	802	4404
NA|PP755591.1|A/cattle/Texas/24-008749-003/2024(H5N1)	803	4422
NA|PP755591.1|A/cattle/Texas/24-008749-003/2024(H5N1)	804	4569
NA|PP755591.1|A/cattle/Texas/24-008749-003/2024(H5N1)	805	4576
NA|PP755591.1|A/cattle/Texas/24-008749-003/2024(H5N1)	806	4636
NA|PP755591.1|A/cattle/Texas/24-008749-003/2024(H5N1)	807	4645
NA|PP755591.1|A/cattle/Texas/24-008749-003/2024(H5N1)	808	4555
NA|PP755591.1|A/cattle/Texas/24-008749-003/2024(H5N1)	809	4564
NA|PP755591.1|A/cattle/Texas/24-008749-003/2024(H5N1)	810	4565
NA|PP755591.1|A/cattle/Texas/24-008749-003/2024(H5N1)	811	4561
NA|PP755591.1|A/cattle/Texas/24-008749-003/2024(H5N1)	812	4661
NA|PP755591.1|A/cattle/Texas/24-008749-003/2024(H5N1)	813	4658
NA|PP755591.1|A/cattle/Texas/24-008749-003/2024(H5N1)	814	4696
NA|PP755591.1|A/cattle/Texas/24-008749-003/2024(H5N1)	815	4669
NA|PP755591.1|A/cattle/Texas/24-008749-003/2024(H5N1)	816	4666
NA|PP755591.1|A/cattle/Texas/24-008749-003/2024(H5N1)	817	4782
NA|PP755591.1|A/cattle/Texas/24-008749-003/2024(H5N1)	818	4785
NA|PP755591.1|A/cattle/Texas/24-008749-003/2024(H5N1)	819	4790
NA|PP755591.1|A/cattle/Texas/24-008749-003/2024(H5N1)	820	4783
NA|PP755591.1|A/cattle/Texas/24-008749-003/2024(H5N1)	821	4693
NA|PP755591.1|A/cattle/Texas/24-008749-003/2024(H5N1)	822	4734
NA|PP755591.1|A/cattle/Texas/24-008749-003/2024(H5N1)	823	4724
NA|PP755591.1|A/cattle/Texas/24-008749-003/2024(H5N1)	824	4706
NA|PP755591.1|A/cattle/Texas/24-008749-003/2024(H5N1)	825	4722
NA|PP755591.1|A/cattle/Texas/24-008749-003/2024(H5N1)	826	4622
NA|PP755591.1|A/cattle/Texas/24-008749-003/2024(H5N1)	827	4646
NA|PP755591.1|A/cattle/Texas/24-008749-003/2024(H5N1)	828	4630
NA|PP755591.1|A/cattle/Texas/24-008749-003/2024(H5N1)	829	4644
NA|PP755591.1|A/cattle/Texas/24-008749-003/2024(H5N1)	830	4642
NA|PP755591.1|A/cattle/Texas/24-008749-003/2024(H5N1)	831	4630
NA|PP755591.1|A/cattle/Texas/24-008749-003/2024(H5N1)	832	4675
NA|PP755591.1|A/cattle/Texas/24-008749-003/2024(H5N1)	833	4689
NA|PP755591.1|A/cattle/Texas/24-008749-003/2024(H5N1)	834	4677
NA|PP755591.1|A/cattle/Texas/24-008749-003/2024(H5N1)	835	4616
NA|PP755591.1|A/cattle/Texas/24-008749-003/2024(H5N1)	836	4624
NA|PP755591.1|A/cattle/Texas/24-008749-003/2024(H5N1)	837	4593
NA|PP755591.1|A/cattle/Texas/24-008749-003/2024(H5N1)	838	4573
NA|PP755591.1|A/cattle/Texas/24-008749-003/2024(H5N1)	839	4669
NA|PP755591.1|A/cattle/Texas/24-008749-003/2024(H5N1)	840	4754
NA|PP755591.1|A/cattle/Texas/24-008749-003/2024(H5N1)	841	4707
NA|PP755591.1|A/cattle/Texas/24-008749-003/2024(H5N1)	842	4722
NA|PP755591.1|A/cattle/Texas/24-008749-003/2024(H5N1)	843	4687
NA|PP755591.1|A/cattle/Texas/24-008749-003/2024(H5N1)	844	4689
NA|PP755591.1|A/cattle/Texas/24-008749-003/2024(H5N1)	845	4824
NA|PP755591.1|A/cattle/Texas/24-008749-003/2024(H5N1)	846	4802
NA|PP755591.1|A/cattle/Texas/24-008749-003/2024(H5N1)	847	4762
NA|PP755591.1|A/cattle/Texas/24-008749-003/2024(H5N1)	848	4704
NA|PP755591.1|A/cattle/Texas/24-008749-003/2024(H5N1)	849	4569
NA|PP755591.1|A/cattle/Texas/24-008749-003/2024(H5N1)	850	4571
NA|PP755591.1|A/cattle/Texas/24-008749-003/2024(H5N1)	851	4585
NA|PP755591.1|A/cattle/Texas/24-008749-003/2024(H5N1)	852	4582
NA|PP755591.1|A/cattle/Texas/24-008749-003/2024(H5N1)	853	4584
NA|PP755591.1|A/cattle/Texas/24-008749-003/2024(H5N1)	854	4470
NA|PP755591.1|A/cattle/Texas/24-008749-003/2024(H5N1)	855	4527
NA|PP755591.1|A/cattle/Texas/24-008749-003/2024(H5N1)	856	4617
NA|PP755591.1|A/cattle/Texas/24-008749-003/2024(H5N1)	857	4614
NA|PP755591.1|A/cattle/Texas/24-008749-003/2024(H5N1)	858	4576
NA|PP755591.1|A/cattle/Texas/24-008749-003/2024(H5N1)	859	4734
NA|PP755591.1|A/cattle/Texas/24-008749-003/2024(H5N1)	860	4854
NA|PP755591.1|A/cattle/Texas/24-008749-003/2024(H5N1)	861	5031
NA|PP755591.1|A/cattle/Texas/24-008749-003/2024(H5N1)	862	5022
NA|PP755591.1|A/cattle/Texas/24-008749-003/2024(H5N1)	863	5089
NA|PP755591.1|A/cattle/Texas/24-008749-003/2024(H5N1)	864	4979
NA|PP755591.1|A/cattle/Texas/24-008749-003/2024(H5N1)	865	5139
NA|PP755591.1|A/cattle/Texas/24-008749-003/2024(H5N1)	866	5071
NA|PP755591.1|A/cattle/Texas/24-008749-003/2024(H5N1)	867	5085
NA|PP755591.1|A/cattle/Texas/24-008749-003/2024(H5N1)	868	4980
NA|PP755591.1|A/cattle/Texas/24-008749-003/2024(H5N1)	869	4991
NA|PP755591.1|A/cattle/Texas/24-008749-003/2024(H5N1)	870	4759
NA|PP755591.1|A/cattle/Texas/24-008749-003/2024(H5N1)	871	4771
NA|PP755591.1|A/cattle/Texas/24-008749-003/2024(H5N1)	872	4730
NA|PP755591.1|A/cattle/Texas/24-008749-003/2024(H5N1)	873	4834
NA|PP755591.1|A/cattle/Texas/24-008749-003/2024(H5N1)	874	4820
NA|PP755591.1|A/cattle/Texas/24-008749-003/2024(H5N1)	875	4830
NA|PP755591.1|A/cattle/Texas/24-008749-003/2024(H5N1)	876	4899
NA|PP755591.1|A/cattle/Texas/24-008749-003/2024(H5N1)	877	4862
NA|PP755591.1|A/cattle/Texas/24-008749-003/2024(H5N1)	878	4882
NA|PP755591.1|A/cattle/Texas/24-008749-003/2024(H5N1)	879	4855
NA|PP755591.1|A/cattle/Texas/24-008749-003/2024(H5N1)	880	4889
NA|PP755591.1|A/cattle/Texas/24-008749-003/2024(H5N1)	881	4884
NA|PP755591.1|A/cattle/Texas/24-008749-003/2024(H5N1)	882	4946
NA|PP755591.1|A/cattle/Texas/24-008749-003/2024(H5N1)	883	4906
NA|PP755591.1|A/cattle/Texas/24-008749-003/2024(H5N1)	884	4980
NA|PP755591.1|A/cattle/Texas/24-008749-003/2024(H5N1)	885	4970
NA|PP755591.1|A/cattle/Texas/24-008749-003/2024(H5N1)	886	4933
NA|PP755591.1|A/cattle/Texas/24-008749-003/2024(H5N1)	887	4960
NA|PP755591.1|A/cattle/Texas/24-008749-003/2024(H5N1)	888	4961
NA|PP755591.1|A/cattle/Texas/24-008749-003/2024(H5N1)	889	4953
NA|PP755591.1|A/cattle/Texas/24-008749-003/2024(H5N1)	890	4958
NA|PP755591.1|A/cattle/Texas/24-008749-003/2024(H5N1)	891	4735
NA|PP755591.1|A/cattle/Texas/24-008749-003/2024(H5N1)	892	4988
NA|PP755591.1|A/cattle/Texas/24-008749-003/2024(H5N1)	893	5133
NA|PP755591.1|A/cattle/Texas/24-008749-003/2024(H5N1)	894	5133
NA|PP755591.1|A/cattle/Texas/24-008749-003/2024(H5N1)	895	5135
NA|PP755591.1|A/cattle/Texas/24-008749-003/2024(H5N1)	896	5031
NA|PP755591.1|A/cattle/Texas/24-008749-003/2024(H5N1)	897	5032
NA|PP755591.1|A/cattle/Texas/24-008749-003/2024(H5N1)	898	5088
NA|PP755591.1|A/cattle/Texas/24-008749-003/2024(H5N1)	899	5086
NA|PP755591.1|A/cattle/Texas/24-008749-003/2024(H5N1)	900	5075
NA|PP755591.1|A/cattle/Texas/24-008749-003/2024(H5N1)	901	4872
NA|PP755591.1|A/cattle/Texas/24-008749-003/2024(H5N1)	902	4882
NA|PP755591.1|A/cattle/Texas/24-008749-003/2024(H5N1)	903	4921
NA|PP755591.1|A/cattle/Texas/24-008749-003/2024(H5N1)	904	4917
NA|PP755591.1|A/cattle/Texas/24-008749-003/2024(H5N1)	905	4880
NA|PP755591.1|A/cattle/Texas/24-008749-003/2024(H5N1)	906	4883
NA|PP755591.1|A/cattle/Texas/24-008749-003/2024(H5N1)	907	4831
NA|PP755591.1|A/cattle/Texas/24-008749-003/2024(H5N1)	908	4832
NA|PP755591.1|A/cattle/Texas/24-008749-003/2024(H5N1)	909	4869
NA|PP755591.1|A/cattle/Texas/24-008749-003/2024(H5N1)	910	4887
NA|PP755591.1|A/cattle/Texas/24-008749-003/2024(H5N1)	911	4862
NA|PP755591.1|A/cattle/Texas/24-008749-003/2024(H5N1)	912	4836
NA|PP755591.1|A/cattle/Texas/24-008749-003/2024(H5N1)	913	4836
NA|PP755591.1|A/cattle/Texas/24-008749-003/2024(H5N1)	914	4846
NA|PP755591.1|A/cattle/Texas/24-008749-003/2024(H5N1)	915	4843
NA|PP755591.1|A/cattle/Texas/24-008749-003/2024(H5N1)	916	4826
NA|PP755591.1|A/cattle/Texas/24-008749-003/2024(H5N1)	917	4880
NA|PP755591.1|A/cattle/Texas/24-008749-003/2024(H5N1)	918	4850
NA|PP755591.1|A/cattle/Texas/24-008749-003/2024(H5N1)	919	5035
NA|PP755591.1|A/cattle/Texas/24-008749-003/2024(H5N1)	920	5035
NA|PP755591.1|A/cattle/Texas/24-008749-003/2024(H5N1)	921	4990
NA|PP755591.1|A/cattle/Texas/24-008749-003/2024(H5N1)	922	4984
NA|PP755591.1|A/cattle/Texas/24-008749-003/2024(H5N1)	923	4960
NA|PP755591.1|A/cattle/Texas/24-008749-003/2024(H5N1)	924	4968
NA|PP755591.1|A/cattle/Texas/24-008749-003/2024(H5N1)	925	4998
NA|PP755591.1|A/cattle/Texas/24-008749-003/2024(H5N1)	926	5032
NA|PP755591.1|A/cattle/Texas/24-008749-003/2024(H5N1)	927	5039
NA|PP755591.1|A/cattle/Texas/24-008749-003/2024(H5N1)	928	5003
NA|PP755591.1|A/cattle/Texas/24-008749-003/2024(H5N1)	929	4995
NA|PP755591.1|A/cattle/Texas/24-008749-003/2024(H5N1)	930	4996
NA|PP755591.1|A/cattle/Texas/24-008749-003/2024(H5N1)	931	4999
NA|PP755591.1|A/cattle/Texas/24-008749-003/2024(H5N1)	932	4994
NA|PP755591.1|A/cattle/Texas/24-008749-003/2024(H5N1)	933	5048
NA|PP755591.1|A/cattle/Texas/24-008749-003/2024(H5N1)	934	5055
NA|PP755591.1|A/cattle/Texas/24-008749-003/2024(H5N1)	935	5120
NA|PP755591.1|A/cattle/Texas/24-008749-003/2024(H5N1)	936	5121
NA|PP755591.1|A/cattle/Texas/24-008749-003/2024(H5N1)	937	5126
NA|PP755591.1|A/cattle/Texas/24-008749-003/2024(H5N1)	938	5138
NA|PP755591.1|A/cattle/Texas/24-008749-003/2024(H5N1)	939	5134
NA|PP755591.1|A/cattle/Texas/24-008749-003/2024(H5N1)	940	5122
NA|PP755591.1|A/cattle/Texas/24-008749-003/2024(H5N1)	941	5124
NA|PP755591.1|A/cattle/Texas/24-008749-003/2024(H5N1)	942	5082
NA|PP755591.1|A/cattle/Texas/24-008749-003/2024(H5N1)	943	5343
NA|PP755591.1|A/cattle/Texas/24-008749-003/2024(H5N1)	944	5325
NA|PP755591.1|A/cattle/Texas/24-008749-003/2024(H5N1)	945	5360
NA|PP755591.1|A/cattle/Texas/24-008749-003/2024(H5N1)	946	5579
NA|PP755591.1|A/cattle/Texas/24-008749-003/2024(H5N1)	947	5598
NA|PP755591.1|A/cattle/Texas/24-008749-003/2024(H5N1)	948	5690
NA|PP755591.1|A/cattle/Texas/24-008749-003/2024(H5N1)	949	5718
NA|PP755591.1|A/cattle/Texas/24-008749-003/2024(H5N1)	950	5673
NA|PP755591.1|A/cattle/Texas/24-008749-003/2024(H5N1)	951	5693
NA|PP755591.1|A/cattle/Texas/24-008749-003/2024(H5N1)	952	5502
NA|PP755591.1|A/cattle/Texas/24-008749-003/2024(H5N1)	953	5482
NA|PP755591.1|A/cattle/Texas/24-008749-003/2024(H5N1)	954	5469
NA|PP755591.1|A/cattle/Texas/24-008749-003/2024(H5N1)	955	5246
NA|PP755591.1|A/cattle/Texas/24-008749-003/2024(H5N1)	956	5249
NA|PP755591.1|A/cattle/Texas/24-008749-003/2024(H5N1)	957	5284
NA|PP755591.1|A/cattle/Texas/24-008749-003/2024(H5N1)	958	5284
NA|PP755591.1|A/cattle/Texas/24-008749-003/2024(H5N1)	959	5281
NA|PP755591.1|A/cattle/Texas/24-008749-003/2024(H5N1)	960	5271
NA|PP755591.1|A/cattle/Texas/24-008749-003/2024(H5N1)	961	5258
NA|PP755591.1|A/cattle/Texas/24-008749-003/2024(H5N1)	962	5250
NA|PP755591.1|A/cattle/Texas/24-008749-003/2024(H5N1)	963	5172
NA|PP755591.1|A/cattle/Texas/24-008749-003/2024(H5N1)	964	5184
NA|PP755591.1|A/cattle/Texas/24-008749-003/2024(H5N1)	965	5146
NA|PP755591.1|A/cattle/Texas/24-008749-003/2024(H5N1)	966	5136
NA|PP755591.1|A/cattle/Texas/24-008749-003/2024(H5N1)	967	5128
NA|PP755591.1|A/cattle/Texas/24-008749-003/2024(H5N1)	968	5157
NA|PP755591.1|A/cattle/Texas/24-008749-003/2024(H5N1)	969	5175
NA|PP755591.1|A/cattle/Texas/24-008749-003/2024(H5N1)	970	5189
NA|PP755591.1|A/cattle/Texas/24-008749-003/2024(H5N1)	971	5190
NA|PP755591.1|A/cattle/Texas/24-008749-003/2024(H5N1)	972	5187
NA|PP755591.1|A/cattle/Texas/24-008749-003/2024(H5N1)	973	5154
NA|PP755591.1|A/cattle/Texas/24-008749-003/2024(H5N1)	974	5203
NA|PP755591.1|A/cattle/Texas/24-008749-003/2024(H5N1)	975	5204
NA|PP755591.1|A/cattle/Texas/24-008749-003/2024(H5N1)	976	5178
NA|PP755591.1|A/cattle/Texas/24-008749-003/2024(H5N1)	977	5221
NA|PP755591.1|A/cattle/Texas/24-008749-003/2024(H5N1)	978	5207
NA|PP755591.1|A/cattle/Texas/24-008749-003/2024(H5N1)	979	5184
NA|PP755591.1|A/cattle/Texas/24-008749-003/2024(H5N1)	980	5200
NA|PP755591.1|A/cattle/Texas/24-008749-003/2024(H5N1)	981	5230
NA|PP755591.1|A/cattle/Texas/24-008749-003/2024(H5N1)	982	5193
NA|PP755591.1|A/cattle/Texas/24-008749-003/2024(H5N1)	983	5152
NA|PP755591.1|A/cattle/Texas/24-008749-003/2024(H5N1)	984	5123
NA|PP755591.1|A/cattle/Texas/24-008749-003/2024(H5N1)	985	5132
NA|PP755591.1|A/cattle/Texas/24-008749-003/2024(H5N1)	986	5146
NA|PP755591.1|A/cattle/Texas/24-008749-003/2024(H5N1)	987	5185
NA|PP755591.1|A/cattle/Texas/24-008749-003/2024(H5N1)	988	5170
NA|PP755591.1|A/cattle/Texas/24-008749-003/2024(H5N1)	989	5180
NA|PP755591.1|A/cattle/Texas/24-008749-003/2024(H5N1)	990	5076
NA|PP755591.1|A/cattle/Texas/24-008749-003/2024(H5N1)	991	4998
NA|PP755591.1|A/cattle/Texas/24-008749-003/2024(H5N1)	992	5024
NA|PP755591.1|A/cattle/Texas/24-008749-003/2024(H5N1)	993	5137
NA|PP755591.1|A/cattle/Texas/24-008749-003/2024(H5N1)	994	5139
NA|PP755591.1|A/cattle/Texas/24-008749-003/2024(H5N1)	995	5031
NA|PP755591.1|A/cattle/Texas/24-008749-003/2024(H5N1)	996	4993
NA|PP755591.1|A/cattle/Texas/24-008749-003/2024(H5N1)	997	5082
NA|PP755591.1|A/cattle/Texas/24-008749-003/2024(H5N1)	998	5189
NA|PP755591.1|A/cattle/Texas/24-008749-003/2024(H5N1)	999	5266
NA|PP755591.1|A/cattle/Texas/24-008749-003/2024(H5N1)	1000	5248
NA|PP755591.1|A/cattle/Texas/24-008749-003/2024(H5N1)	1001	5324
NA|PP755591.1|A/cattle/Texas/24-008749-003/2024(H5N1)	1002	5465
NA|PP755591.1|A/cattle/Texas/24-008749-003/2024(H5N1)	1003	5466
NA|PP755591.1|A/cattle/Texas/24-008749-003/2024(H5N1)	1004	5469
NA|PP755591.1|A/cattle/Texas/24-008749-003/2024(H5N1)	1005	5421
NA|PP755591.1|A/cattle/Texas/24-008749-003/2024(H5N1)	1006	5347
NA|PP755591.1|A/cattle/Texas/24-008749-003/2024(H5N1)	1007	5590
NA|PP755591.1|A/cattle/Texas/24-008749-003/2024(H5N1)	1008	5661
NA|PP755591.1|A/cattle/Texas/24-008749-003/2024(H5N1)	1009	5555
NA|PP755591.1|A/cattle/Texas/24-008749-003/2024(H5N1)	1010	5466
NA|PP755591.1|A/cattle/Texas/24-008749-003/2024(H5N1)	1011	5448
NA|PP755591.1|A/cattle/Texas/24-008749-003/2024(H5N1)	1012	5301
NA|PP755591.1|A/cattle/Texas/24-008749-003/2024(H5N1)	1013	5342
NA|PP755591.1|A/cattle/Texas/24-008749-003/2024(H5N1)	1014	5328
NA|PP755591.1|A/cattle/Texas/24-008749-003/2024(H5N1)	1015	5339
NA|PP755591.1|A/cattle/Texas/24-008749-003/2024(H5N1)	1016	5169
NA|PP755591.1|A/cattle/Texas/24-008749-003/2024(H5N1)	1017	5260
NA|PP755591.1|A/cattle/Texas/24-008749-003/2024(H5N1)	1018	5229
NA|PP755591.1|A/cattle/Texas/24-008749-003/2024(H5N1)	1019	5463
NA|PP755591.1|A/cattle/Texas/24-008749-003/2024(H5N1)	1020	5464
NA|PP755591.1|A/cattle/Texas/24-008749-003/2024(H5N1)	1021	5496
NA|PP755591.1|A/cattle/Texas/24-008749-003/2024(H5N1)	1022	5480
NA|PP755591.1|A/cattle/Texas/24-008749-003/2024(H5N1)	1023	5432
NA|PP755591.1|A/cattle/Texas/24-008749-003/2024(H5N1)	1024	5337
NA|PP755591.1|A/cattle/Texas/24-008749-003/2024(H5N1)	1025	5330
NA|PP755591.1|A/cattle/Texas/24-008749-003/2024(H5N1)	1026	5377
NA|PP755591.1|A/cattle/Texas/24-008749-003/2024(H5N1)	1027	5484
NA|PP755591.1|A/cattle/Texas/24-008749-003/2024(H5N1)	1028	5316
NA|PP755591.1|A/cattle/Texas/24-008749-003/2024(H5N1)	1029	5336
NA|PP755591.1|A/cattle/Texas/24-008749-003/2024(H5N1)	1030	5321
NA|PP755591.1|A/cattle/Texas/24-008749-003/2024(H5N1)	1031	5381
NA|PP755591.1|A/cattle/Texas/24-008749-003/2024(H5N1)	1032	5383
NA|PP755591.1|A/cattle/Texas/24-008749-003/2024(H5N1)	1033	5294
NA|PP755591.1|A/cattle/Texas/24-008749-003/2024(H5N1)	1034	5557
NA|PP755591.1|A/cattle/Texas/24-008749-003/2024(H5N1)	1035	5431
NA|PP755591.1|A/cattle/Texas/24-008749-003/2024(H5N1)	1036	5537
NA|PP755591.1|A/cattle/Texas/24-008749-003/2024(H5N1)	1037	5590
NA|PP755591.1|A/cattle/Texas/24-008749-003/2024(H5N1)	1038	5560
NA|PP755591.1|A/cattle/Texas/24-008749-003/2024(H5N1)	1039	5556
NA|PP755591.1|A/cattle/Texas/24-008749-003/2024(H5N1)	1040	5560
NA|PP755591.1|A/cattle/Texas/24-008749-003/2024(H5N1)	1041	5552
NA|PP755591.1|A/cattle/Texas/24-008749-003/2024(H5N1)	1042	5553
NA|PP755591.1|A/cattle/Texas/24-008749-003/2024(H5N1)	1043	5261
NA|PP755591.1|A/cattle/Texas/24-008749-003/2024(H5N1)	1044	5236
NA|PP755591.1|A/cattle/Texas/24-008749-003/2024(H5N1)	1045	5192
NA|PP755591.1|A/cattle/Texas/24-008749-003/2024(H5N1)	1046	5191
NA|PP755591.1|A/cattle/Texas/24-008749-003/2024(H5N1)	1047	5199
NA|PP755591.1|A/cattle/Texas/24-008749-003/2024(H5N1)	1048	5197
NA|PP755591.1|A/cattle/Texas/24-008749-003/2024(H5N1)	1049	5187
NA|PP755591.1|A/cattle/Texas/24-008749-003/2024(H5N1)	1050	5190
NA|PP755591.1|A/cattle/Texas/24-008749-003/2024(H5N1)	1051	5201
NA|PP755591.1|A/cattle/Texas/24-008749-003/2024(H5N1)	1052	5197
NA|PP755591.1|A/cattle/Texas/24-008749-003/2024(H5N1)	1053	5168
NA|PP755591.1|A/cattle/Texas/24-008749-003/2024(H5N1)	1054	5433
NA|PP755591.1|A/cattle/Texas/24-008749-003/2024(H5N1)	1055	5432
NA|PP755591.1|A/cattle/Texas/24-008749-003/2024(H5N1)	1056	5470
NA|PP755591.1|A/cattle/Texas/24-008749-003/2024(H5N1)	1057	5477
NA|PP755591.1|A/cattle/Texas/24-008749-003/2024(H5N1)	1058	5532
NA|PP755591.1|A/cattle/Texas/24-008749-003/2024(H5N1)	1059	5826
NA|PP755591.1|A/cattle/Texas/24-008749-003/2024(H5N1)	1060	5810
NA|PP755591.1|A/cattle/Texas/24-008749-003/2024(H5N1)	1061	6174
NA|PP755591.1|A/cattle/Texas/24-008749-003/2024(H5N1)	1062	6182
NA|PP755591.1|A/cattle/Texas/24-008749-003/2024(H5N1)	1063	6164
NA|PP755591.1|A/cattle/Texas/24-008749-003/2024(H5N1)	1064	6177
NA|PP755591.1|A/cattle/Texas/24-008749-003/2024(H5N1)	1065	6131
NA|PP755591.1|A/cattle/Texas/24-008749-003/2024(H5N1)	1066	6136
NA|PP755591.1|A/cattle/Texas/24-008749-003/2024(H5N1)	1067	6164
NA|PP755591.1|A/cattle/Texas/24-008749-003/2024(H5N1)	1068	6188
NA|PP755591.1|A/cattle/Texas/24-008749-003/2024(H5N1)	1069	6196
NA|PP755591.1|A/cattle/Texas/24-008749-003/2024(H5N1)	1070	5973
NA|PP755591.1|A/cattle/Texas/24-008749-003/2024(H5N1)	1071	5973
NA|PP755591.1|A/cattle/Texas/24-008749-003/2024(H5N1)	1072	6004
NA|PP755591.1|A/cattle/Texas/24-008749-003/2024(H5N1)	1073	6005
NA|PP755591.1|A/cattle/Texas/24-008749-003/2024(H5N1)	1074	6033
NA|PP755591.1|A/cattle/Texas/24-008749-003/2024(H5N1)	1075	6024
NA|PP755591.1|A/cattle/Texas/24-008749-003/2024(H5N1)	1076	5996
NA|PP755591.1|A/cattle/Texas/24-008749-003/2024(H5N1)	1077	5940
NA|PP755591.1|A/cattle/Texas/24-008749-003/2024(H5N1)	1078	5927
NA|PP755591.1|A/cattle/Texas/24-008749-003/2024(H5N1)	1079	5958
NA|PP755591.1|A/cattle/Texas/24-008749-003/2024(H5N1)	1080	5981
NA|PP755591.1|A/cattle/Texas/24-008749-003/2024(H5N1)	1081	5980
NA|PP755591.1|A/cattle/Texas/24-008749-003/2024(H5N1)	1082	5995
NA|PP755591.1|A/cattle/Texas/24-008749-003/2024(H5N1)	1083	6004
NA|PP755591.1|A/cattle/Texas/24-008749-003/2024(H5N1)	1084	6132
NA|PP755591.1|A/cattle/Texas/24-008749-003/2024(H5N1)	1085	6081
NA|PP755591.1|A/cattle/Texas/24-008749-003/2024(H5N1)	1086	6082
NA|PP755591.1|A/cattle/Texas/24-008749-003/2024(H5N1)	1087	6086
NA|PP755591.1|A/cattle/Texas/24-008749-003/2024(H5N1)	1088	6051
NA|PP755591.1|A/cattle/Texas/24-008749-003/2024(H5N1)	1089	6071
NA|PP755591.1|A/cattle/Texas/24-008749-003/2024(H5N1)	1090	6070
NA|PP755591.1|A/cattle/Texas/24-008749-003/2024(H5N1)	1091	6096
NA|PP755591.1|A/cattle/Texas/24-008749-003/2024(H5N1)	1092	6117
NA|PP755591.1|A/cattle/Texas/24-008749-003/2024(H5N1)	1093	6103
NA|PP755591.1|A/cattle/Texas/24-008749-003/2024(H5N1)	1094	5874
NA|PP755591.1|A/cattle/Texas/24-008749-003/2024(H5N1)	1095	5868
NA|PP755591.1|A/cattle/Texas/24-008749-003/2024(H5N1)	1096	5939
NA|PP755591.1|A/cattle/Texas/24-008749-003/2024(H5N1)	1097	5769
NA|PP755591.1|A/cattle/Texas/24-008749-003/2024(H5N1)	1098	6065
NA|PP755591.1|A/cattle/Texas/24-008749-003/2024(H5N1)	1099	5985
NA|PP755591.1|A/cattle/Texas/24-008749-003/2024(H5N1)	1100	5952
NA|PP755591.1|A/cattle/Texas/24-008749-003/2024(H5N1)	1101	5926
NA|PP755591.1|A/cattle/Texas/24-008749-003/2024(H5N1)	1102	5920
NA|PP755591.1|A/cattle/Texas/24-008749-003/2024(H5N1)	1103	5925
NA|PP755591.1|A/cattle/Texas/24-008749-003/2024(H5N1)	1104	5960
NA|PP755591.1|A/cattle/Texas/24-008749-003/2024(H5N1)	1105	5869
NA|PP755591.1|A/cattle/Texas/24-008749-003/2024(H5N1)	1106	5867
NA|PP755591.1|A/cattle/Texas/24-008749-003/2024(H5N1)	1107	5793
NA|PP755591.1|A/cattle/Texas/24-008749-003/2024(H5N1)	1108	5795
NA|PP755591.1|A/cattle/Texas/24-008749-003/2024(H5N1)	1109	5999
NA|PP755591.1|A/cattle/Texas/24-008749-003/2024(H5N1)	1110	6010
NA|PP755591.1|A/cattle/Texas/24-008749-003/2024(H5N1)	1111	6009
NA|PP755591.1|A/cattle/Texas/24-008749-003/2024(H5N1)	1112	6016
NA|PP755591.1|A/cattle/Texas/24-008749-003/2024(H5N1)	1113	6022
NA|PP755591.1|A/cattle/Texas/24-008749-003/2024(H5N1)	1114	6034
NA|PP755591.1|A/cattle/Texas/24-008749-003/2024(H5N1)	1115	6044
NA|PP755591.1|A/cattle/Texas/24-008749-003/2024(H5N1)	1116	6050
NA|PP755591.1|A/cattle/Texas/24-008749-003/2024(H5N1)	1117	6087
NA|PP755591.1|A/cattle/Texas/24-008749-003/2024(H5N1)	1118	5990
NA|PP755591.1|A/cattle/Texas/24-008749-003/2024(H5N1)	1119	6061
NA|PP755591.1|A/cattle/Texas/24-008749-003/2024(H5N1)	1120	6085
NA|PP755591.1|A/cattle/Texas/24-008749-003/2024(H5N1)	1121	6210
NA|PP755591.1|A/cattle/Texas/24-008749-003/2024(H5N1)	1122	6210
NA|PP755591.1|A/cattle/Texas/24-008749-003/2024(H5N1)	1123	6196
NA|PP755591.1|A/cattle/Texas/24-008749-003/2024(H5N1)	1124	6195
NA|PP755591.1|A/cattle/Texas/24-008749-003/2024(H5N1)	1125	6150
NA|PP755591.1|A/cattle/Texas/24-008749-003/2024(H5N1)	1126	6145
NA|PP755591.1|A/cattle/Texas/24-008749-003/2024(H5N1)	1127	6168
NA|PP755591.1|A/cattle/Texas/24-008749-003/2024(H5N1)	1128	6088
NA|PP755591.1|A/cattle/Texas/24-008749-003/2024(H5N1)	1129	6115
NA|PP755591.1|A/cattle/Texas/24-008749-003/2024(H5N1)	1130	6086
NA|PP755591.1|A/cattle/Texas/24-008749-003/2024(H5N1)	1131	6098
NA|PP755591.1|A/cattle/Texas/24-008749-003/2024(H5N1)	1132	6120
NA|PP755591.1|A/cattle/Texas/24-008749-003/2024(H5N1)	1133	6138
NA|PP755591.1|A/cattle/Texas/24-008749-003/2024(H5N1)	1134	6194
NA|PP755591.1|A/cattle/Texas/24-008749-003/2024(H5N1)	1135	6202
NA|PP755591.1|A/cattle/Texas/24-008749-003/2024(H5N1)	1136	6279
NA|PP755591.1|A/cattle/Texas/24-008749-003/2024(H5N1)	1137	6393
NA|PP755591.1|A/cattle/Texas/24-008749-003/2024(H5N1)	1138	6394
NA|PP755591.1|A/cattle/Texas/24-008749-003/2024(H5N1)	1139	6466
NA|PP755591.1|A/cattle/Texas/24-008749-003/2024(H5N1)	1140	6521
NA|PP755591.1|A/cattle/Texas/24-008749-003/2024(H5N1)	1141	6525
NA|PP755591.1|A/cattle/Texas/24-008749-003/2024(H5N1)	1142	6469
NA|PP755591.1|A/cattle/Texas/24-008749-003/2024(H5N1)	1143	6342
NA|PP755591.1|A/cattle/Texas/24-008749-003/2024(H5N1)	1144	6411
NA|PP755591.1|A/cattle/Texas/24-008749-003/2024(H5N1)	1145	6332
NA|PP755591.1|A/cattle/Texas/24-008749-003/2024(H5N1)	1146	6336
NA|PP755591.1|A/cattle/Texas/24-008749-003/2024(H5N1)	1147	6418
NA|PP755591.1|A/cattle/Texas/24-008749-003/2024(H5N1)	1148	6277
NA|PP755591.1|A/cattle/Texas/24-008749-003/2024(H5N1)	1149	6338
NA|PP755591.1|A/cattle/Texas/24-008749-003/2024(H5N1)	1150	6374
NA|PP755591.1|A/cattle/Texas/24-008749-003/2024(H5N1)	1151	6369
NA|PP755591.1|A/cattle/Texas/24-008749-003/2024(H5N1)	1152	6259
NA|PP755591.1|A/cattle/Texas/24-008749-003/2024(H5N1)	1153	6151
NA|PP755591.1|A/cattle/Texas/24-008749-003/2024(H5N1)	1154	6222
NA|PP755591.1|A/cattle/Texas/24-008749-003/2024(H5N1)	1155	6250
NA|PP755591.1|A/cattle/Texas/24-008749-003/2024(H5N1)	1156	6252
NA|PP755591.1|A/cattle/Texas/24-008749-003/2024(H5N1)	1157	6263
NA|PP755591.1|A/cattle/Texas/24-008749-003/2024(H5N1)	1158	5950
NA|PP755591.1|A/cattle/Texas/24-008749-003/2024(H5N1)	1159	5946
NA|PP755591.1|A/cattle/Texas/24-008749-003/2024(H5N1)	1160	5923
NA|PP755591.1|A/cattle/Texas/24-008749-003/2024(H5N1)	1161	5897
NA|PP755591.1|A/cattle/Texas/24-008749-003/2024(H5N1)	1162	5868
NA|PP755591.1|A/cattle/Texas/24-008749-003/2024(H5N1)	1163	5877
NA|PP755591.1|A/cattle/Texas/24-008749-003/2024(H5N1)	1164	5794
NA|PP755591.1|A/cattle/Texas/24-008749-003/2024(H5N1)	1165	5779
NA|PP755591.1|A/cattle/Texas/24-008749-003/2024(H5N1)	1166	5764
NA|PP755591.1|A/cattle/Texas/24-008749-003/2024(H5N1)	1167	5765
NA|PP755591.1|A/cattle/Texas/24-008749-003/2024(H5N1)	1168	5804
NA|PP755591.1|A/cattle/Texas/24-008749-003/2024(H5N1)	1169	5798
NA|PP755591.1|A/cattle/Texas/24-008749-003/2024(H5N1)	1170	5610
NA|PP755591.1|A/cattle/Texas/24-008749-003/2024(H5N1)	1171	5598
NA|PP755591.1|A/cattle/Texas/24-008749-003/2024(H5N1)	1172	5575
NA|PP755591.1|A/cattle/Texas/24-008749-003/2024(H5N1)	1173	5597
NA|PP755591.1|A/cattle/Texas/24-008749-003/2024(H5N1)	1174	5600
NA|PP755591.1|A/cattle/Texas/24-008749-003/2024(H5N1)	1175	5840
NA|PP755591.1|A/cattle/Texas/24-008749-003/2024(H5N1)	1176	5690
NA|PP755591.1|A/cattle/Texas/24-008749-003/2024(H5N1)	1177	5562
NA|PP755591.1|A/cattle/Texas/24-008749-003/2024(H5N1)	1178	5642
NA|PP755591.1|A/cattle/Texas/24-008749-003/2024(H5N1)	1179	5624
NA|PP755591.1|A/cattle/Texas/24-008749-003/2024(H5N1)	1180	5631
NA|PP755591.1|A/cattle/Texas/24-008749-003/2024(H5N1)	1181	5650
NA|PP755591.1|A/cattle/Texas/24-008749-003/2024(H5N1)	1182	5608
NA|PP755591.1|A/cattle/Texas/24-008749-003/2024(H5N1)	1183	5613
NA|PP755591.1|A/cattle/Texas/24-008749-003/2024(H5N1)	1184	5646
NA|PP755591.1|A/cattle/Texas/24-008749-003/2024(H5N1)	1185	5546
NA|PP755591.1|A/cattle/Texas/24-008749-003/2024(H5N1)	1186	5544
NA|PP755591.1|A/cattle/Texas/24-008749-003/2024(H5N1)	1187	5442
NA|PP755591.1|A/cattle/Texas/24-008749-003/2024(H5N1)	1188	5476
NA|PP755591.1|A/cattle/Texas/24-008749-003/2024(H5N1)	1189	5463
NA|PP755591.1|A/cattle/Texas/24-008749-003/2024(H5N1)	1190	5524
NA|PP755591.1|A/cattle/Texas/24-008749-003/2024(H5N1)	1191	5485
NA|PP755591.1|A/cattle/Texas/24-008749-003/2024(H5N1)	1192	5486
NA|PP755591.1|A/cattle/Texas/24-008749-003/2024(H5N1)	1193	5473
NA|PP755591.1|A/cattle/Texas/24-008749-003/2024(H5N1)	1194	5469
NA|PP755591.1|A/cattle/Texas/24-008749-003/2024(H5N1)	1195	5442
NA|PP755591.1|A/cattle/Texas/24-008749-003/2024(H5N1)	1196	5698
NA|PP755591.1|A/cattle/Texas/24-008749-003/2024(H5N1)	1197	5707
NA|PP755591.1|A/cattle/Texas/24-008749-003/2024(H5N1)	1198	5755
NA|PP755591.1|A/cattle/Texas/24-008749-003/2024(H5N1)	1199	5731
NA|PP755591.1|A/cattle/Texas/24-008749-003/2024(H5N1)	1200	5728
NA|PP755591.1|A/cattle/Texas/24-008749-003/2024(H5N1)	1201	6080
NA|PP755591.1|A/cattle/Texas/24-008749-003/2024(H5N1)	1202	6176
NA|PP755591.1|A/cattle/Texas/24-008749-003/2024(H5N1)	1203	6212
NA|PP755591.1|A/cattle/Texas/24-008749-003/2024(H5N1)	1204	6211
NA|PP755591.1|A/cattle/Texas/24-008749-003/2024(H5N1)	1205	5989
NA|PP755591.1|A/cattle/Texas/24-008749-003/2024(H5N1)	1206	5995
NA|PP755591.1|A/cattle/Texas/24-008749-003/2024(H5N1)	1207	5954
NA|PP755591.1|A/cattle/Texas/24-008749-003/2024(H5N1)	1208	5960
NA|PP755591.1|A/cattle/Texas/24-008749-003/2024(H5N1)	1209	5882
NA|PP755591.1|A/cattle/Texas/24-008749-003/2024(H5N1)	1210	5499
NA|PP755591.1|A/cattle/Texas/24-008749-003/2024(H5N1)	1211	5482
NA|PP755591.1|A/cattle/Texas/24-008749-003/2024(H5N1)	1212	5275
NA|PP755591.1|A/cattle/Texas/24-008749-003/2024(H5N1)	1213	5300
NA|PP755591.1|A/cattle/Texas/24-008749-003/2024(H5N1)	1214	5332
NA|PP755591.1|A/cattle/Texas/24-008749-003/2024(H5N1)	1215	5399
NA|PP755591.1|A/cattle/Texas/24-008749-003/2024(H5N1)	1216	5397
NA|PP755591.1|A/cattle/Texas/24-008749-003/2024(H5N1)	1217	5474
NA|PP755591.1|A/cattle/Texas/24-008749-003/2024(H5N1)	1218	5471
NA|PP755591.1|A/cattle/Texas/24-008749-003/2024(H5N1)	1219	5417
NA|PP755591.1|A/cattle/Texas/24-008749-003/2024(H5N1)	1220	5404
NA|PP755591.1|A/cattle/Texas/24-008749-003/2024(H5N1)	1221	5402
NA|PP755591.1|A/cattle/Texas/24-008749-003/2024(H5N1)	1222	5404
NA|PP755591.1|A/cattle/Texas/24-008749-003/2024(H5N1)	1223	5363
NA|PP755591.1|A/cattle/Texas/24-008749-003/2024(H5N1)	1224	5373
NA|PP755591.1|A/cattle/Texas/24-008749-003/2024(H5N1)	1225	5574
NA|PP755591.1|A/cattle/Texas/24-008749-003/2024(H5N1)	1226	5703
NA|PP755591.1|A/cattle/Texas/24-008749-003/2024(H5N1)	1227	5736
NA|PP755591.1|A/cattle/Texas/24-008749-003/2024(H5N1)	1228	5753
NA|PP755591.1|A/cattle/Texas/24-008749-003/2024(H5N1)	1229	5722
NA|PP755591.1|A/cattle/Texas/24-008749-003/2024(H5N1)	1230	5697
NA|PP755591.1|A/cattle/Texas/24-008749-003/2024(H5N1)	1231	5724
NA|PP755591.1|A/cattle/Texas/24-008749-003/2024(H5N1)	1232	5761
NA|PP755591.1|A/cattle/Texas/24-008749-003/2024(H5N1)	1233	5735
NA|PP755591.1|A/cattle/Texas/24-008749-003/2024(H5N1)	1234	5721
NA|PP755591.1|A/cattle/Texas/24-008749-003/2024(H5N1)	1235	5533
NA|PP755591.1|A/cattle/Texas/24-008749-003/2024(H5N1)	1236	5546
NA|PP755591.1|A/cattle/Texas/24-008749-003/2024(H5N1)	1237	5557
NA|PP755591.1|A/cattle/Texas/24-008749-003/2024(H5N1)	1238	5554
NA|PP755591.1|A/cattle/Texas/24-008749-003/2024(H5N1)	1239	5555
NA|PP755591.1|A/cattle/Texas/24-008749-003/2024(H5N1)	1240	5723
NA|PP755591.1|A/cattle/Texas/24-008749-003/2024(H5N1)	1241	6214
NA|PP755591.1|A/cattle/Texas/24-008749-003/2024(H5N1)	1242	6248
NA|PP755591.1|A/cattle/Texas/24-008749-003/2024(H5N1)	1243	6232
NA|PP755591.1|A/cattle/Texas/24-008749-003/2024(H5N1)	1244	6232
NA|PP755591.1|A/cattle/Texas/24-008749-003/2024(H5N1)	1245	6224
NA|PP755591.1|A/cattle/Texas/24-008749-003/2024(H5N1)	1246	6245
NA|PP755591.1|A/cattle/Texas/24-008749-003/2024(H5N1)	1247	6226
NA|PP755591.1|A/cattle/Texas/24-008749-003/2024(H5N1)	1248	6247
NA|PP755591.1|A/cattle/Texas/24-008749-003/2024(H5N1)	1249	5864
NA|PP755591.1|A/cattle/Texas/24-008749-003/2024(H5N1)	1250	5907
NA|PP755591.1|A/cattle/Texas/24-008749-003/2024(H5N1)	1251	5954
NA|PP755591.1|A/cattle/Texas/24-008749-003/2024(H5N1)	1252	5958
NA|PP755591.1|A/cattle/Texas/24-008749-003/2024(H5N1)	1253	5957
NA|PP755591.1|A/cattle/Texas/24-008749-003/2024(H5N1)	1254	5923
NA|PP755591.1|A/cattle/Texas/24-008749-003/2024(H5N1)	1255	5905
NA|PP755591.1|A/cattle/Texas/24-008749-003/2024(H5N1)	1256	5908
NA|PP755591.1|A/cattle/Texas/24-008749-003/2024(H5N1)	1257	6054
NA|PP755591.1|A/cattle/Texas/24-008749-003/2024(H5N1)	1258	6122
NA|PP755591.1|A/cattle/Texas/24-008749-003/2024(H5N1)	1259	5926
NA|PP755591.1|A/cattle/Texas/24-008749-003/2024(H5N1)	1260	5986
NA|PP755591.1|A/cattle/Texas/24-008749-003/2024(H5N1)	1261	5987
NA|PP755591.1|A/cattle/Texas/24-008749-003/2024(H5N1)	1262	6015
NA|PP755591.1|A/cattle/Texas/24-008749-003/2024(H5N1)	1263	6215
NA|PP755591.1|A/cattle/Texas/24-008749-003/2024(H5N1)	1264	6215
NA|PP755591.1|A/cattle/Texas/24-008749-003/2024(H5N1)	1265	6194
NA|PP755591.1|A/cattle/Texas/24-008749-003/2024(H5N1)	1266	6166
NA|PP755591.1|A/cattle/Texas/24-008749-003/2024(H5N1)	1267	6150
NA|PP755591.1|A/cattle/Texas/24-008749-003/2024(H5N1)	1268	6160
NA|PP755591.1|A/cattle/Texas/24-008749-003/2024(H5N1)	1269	6161
NA|PP755591.1|A/cattle/Texas/24-008749-003/2024(H5N1)	1270	6095
NA|PP755591.1|A/cattle/Texas/24-008749-003/2024(H5N1)	1271	6042
NA|PP755591.1|A/cattle/Texas/24-008749-003/2024(H5N1)	1272	5900
NA|PP755591.1|A/cattle/Texas/24-008749-003/2024(H5N1)	1273	5957
NA|PP755591.1|A/cattle/Texas/24-008749-003/2024(H5N1)	1274	5957
NA|PP755591.1|A/cattle/Texas/24-008749-003/2024(H5N1)	1275	5971
NA|PP755591.1|A/cattle/Texas/24-008749-003/2024(H5N1)	1276	5992
NA|PP755591.1|A/cattle/Texas/24-008749-003/2024(H5N1)	1277	5949
NA|PP755591.1|A/cattle/Texas/24-008749-003/2024(H5N1)	1278	6055
NA|PP755591.1|A/cattle/Texas/24-008749-003/2024(H5N1)	1279	6073
NA|PP755591.1|A/cattle/Texas/24-008749-003/2024(H5N1)	1280	6064
NA|PP755591.1|A/cattle/Texas/24-008749-003/2024(H5N1)	1281	6062
NA|PP755591.1|A/cattle/Texas/24-008749-003/2024(H5N1)	1282	5981
NA|PP755591.1|A/cattle/Texas/24-008749-003/2024(H5N1)	1283	5979
NA|PP755591.1|A/cattle/Texas/24-008749-003/2024(H5N1)	1284	5993
NA|PP755591.1|A/cattle/Texas/24-008749-003/2024(H5N1)	1285	5944
NA|PP755591.1|A/cattle/Texas/24-008749-003/2024(H5N1)	1286	5955
NA|PP755591.1|A/cattle/Texas/24-008749-003/2024(H5N1)	1287	5717
NA|PP755591.1|A/cattle/Texas/24-008749-003/2024(H5N1)	1288	5959
NA|PP755591.1|A/cattle/Texas/24-008749-003/2024(H5N1)	1289	6039
NA|PP755591.1|A/cattle/Texas/24-008749-003/2024(H5N1)	1290	6085
NA|PP755591.1|A/cattle/Texas/24-008749-003/2024(H5N1)	1291	6087
NA|PP755591.1|A/cattle/Texas/24-008749-003/2024(H5N1)	1292	6146
NA|PP755591.1|A/cattle/Texas/24-008749-003/2024(H5N1)	1293	6145
NA|PP755591.1|A/cattle/Texas/24-008749-003/2024(H5N1)	1294	6133
NA|PP755591.1|A/cattle/Texas/24-008749-003/2024(H5N1)	1295	6058
NA|PP755591.1|A/cattle/Texas/24-008749-003/2024(H5N1)	1296	6066
NA|PP755591.1|A/cattle/Texas/24-008749-003/2024(H5N1)	1297	6062
NA|PP755591.1|A/cattle/Texas/24-008749-003/2024(H5N1)	1298	5955
NA|PP755591.1|A/cattle/Texas/24-008749-003/2024(H5N1)	1299	5962
NA|PP755591.1|A/cattle/Texas/24-008749-003/2024(H5N1)	1300	5821
NA|PP755591.1|A/cattle/Texas/24-008749-003/2024(H5N1)	1301	5819
NA|PP755591.1|A/cattle/Texas/24-008749-003/2024(H5N1)	1302	5820
NA|PP755591.1|A/cattle/Texas/24-008749-003/2024(H5N1)	1303	5798
NA|PP755591.1|A/cattle/Texas/24-008749-003/2024(H5N1)	1304	5749
NA|PP755591.1|A/cattle/Texas/24-008749-003/2024(H5N1)	1305	5716
NA|PP755591.1|A/cattle/Texas/24-008749-003/2024(H5N1)	1306	5720
NA|PP755591.1|A/cattle/Texas/24-008749-003/2024(H5N1)	1307	5709
NA|PP755591.1|A/cattle/Texas/24-008749-003/2024(H5N1)	1308	5665
NA|PP755591.1|A/cattle/Texas/24-008749-003/2024(H5N1)	1309	5657
NA|PP755591.1|A/cattle/Texas/24-008749-003/2024(H5N1)	1310	5653
NA|PP755591.1|A/cattle/Texas/24-008749-003/2024(H5N1)	1311	5648
NA|PP755591.1|A/cattle/Texas/24-008749-003/2024(H5N1)	1312	5649
NA|PP755591.1|A/cattle/Texas/24-008749-003/2024(H5N1)	1313	5631
NA|PP755591.1|A/cattle/Texas/24-008749-003/2024(H5N1)	1314	5621
NA|PP755591.1|A/cattle/Texas/24-008749-003/2024(H5N1)	1315	5622
NA|PP755591.1|A/cattle/Texas/24-008749-003/2024(H5N1)	1316	5611
NA|PP755591.1|A/cattle/Texas/24-008749-003/2024(H5N1)	1317	5586
NA|PP755591.1|A/cattle/Texas/24-008749-003/2024(H5N1)	1318	5586
NA|PP755591.1|A/cattle/Texas/24-008749-003/2024(H5N1)	1319	5459
NA|PP755591.1|A/cattle/Texas/24-008749-003/2024(H5N1)	1320	5458
NA|PP755591.1|A/cattle/Texas/24-008749-003/2024(H5N1)	1321	5444
NA|PP755591.1|A/cattle/Texas/24-008749-003/2024(H5N1)	1322	5440
NA|PP755591.1|A/cattle/Texas/24-008749-003/2024(H5N1)	1323	5421
NA|PP755591.1|A/cattle/Texas/24-008749-003/2024(H5N1)	1324	5302
NA|PP755591.1|A/cattle/Texas/24-008749-003/2024(H5N1)	1325	5345
NA|PP755591.1|A/cattle/Texas/24-008749-003/2024(H5N1)	1326	5207
NA|PP755591.1|A/cattle/Texas/24-008749-003/2024(H5N1)	1327	5207
NA|PP755591.1|A/cattle/Texas/24-008749-003/2024(H5N1)	1328	5185
NA|PP755591.1|A/cattle/Texas/24-008749-003/2024(H5N1)	1329	5105
NA|PP755591.1|A/cattle/Texas/24-008749-003/2024(H5N1)	1330	5107
NA|PP755591.1|A/cattle/Texas/24-008749-003/2024(H5N1)	1331	5084
NA|PP755591.1|A/cattle/Texas/24-008749-003/2024(H5N1)	1332	5041
NA|PP755591.1|A/cattle/Texas/24-008749-003/2024(H5N1)	1333	4998
NA|PP755591.1|A/cattle/Texas/24-008749-003/2024(H5N1)	1334	4790
NA|PP755591.1|A/cattle/Texas/24-008749-003/2024(H5N1)	1335	4779
NA|PP755591.1|A/cattle/Texas/24-008749-003/2024(H5N1)	1336	4738
NA|PP755591.1|A/cattle/Texas/24-008749-003/2024(H5N1)	1337	4734
NA|PP755591.1|A/cattle/Texas/24-008749-003/2024(H5N1)	1338	4693
NA|PP755591.1|A/cattle/Texas/24-008749-003/2024(H5N1)	1339	4661
NA|PP755591.1|A/cattle/Texas/24-008749-003/2024(H5N1)	1340	4664
NA|PP755591.1|A/cattle/Texas/24-008749-003/2024(H5N1)	1341	4557
NA|PP755591.1|A/cattle/Texas/24-008749-003/2024(H5N1)	1342	4556
NA|PP755591.1|A/cattle/Texas/24-008749-003/2024(H5N1)	1343	4553
NA|PP755591.1|A/cattle/Texas/24-008749-003/2024(H5N1)	1344	4555
NA|PP755591.1|A/cattle/Texas/24-008749-003/2024(H5N1)	1345	4555
NA|PP755591.1|A/cattle/Texas/24-008749-003/2024(H5N1)	1346	4543
NA|PP755591.1|A/cattle/Texas/24-008749-003/2024(H5N1)	1347	4347
NA|PP755591.1|A/cattle/Texas/24-008749-003/2024(H5N1)	1348	4272
NA|PP755591.1|A/cattle/Texas/24-008749-003/2024(H5N1)	1349	4265
NA|PP755591.1|A/cattle/Texas/24-008749-003/2024(H5N1)	1350	4152
NA|PP755591.1|A/cattle/Texas/24-008749-003/2024(H5N1)	1351	4146
NA|PP755591.1|A/cattle/Texas/24-008749-003/2024(H5N1)	1352	3857
NA|PP755591.1|A/cattle/Texas/24-008749-003/2024(H5N1)	1353	3848
NA|PP755591.1|A/cattle/Texas/24-008749-003/2024(H5N1)	1354	3806
NA|PP755591.1|A/cattle/Texas/24-008749-003/2024(H5N1)	1355	3798
NA|PP755591.1|A/cattle/Texas/24-008749-003/2024(H5N1)	1356	3653
NA|PP755591.1|A/cattle/Texas/24-008749-003/2024(H5N1)	1357	3653
NA|PP755591.1|A/cattle/Texas/24-008749-003/2024(H5N1)	1358	3633
NA|PP755591.1|A/cattle/Texas/24-008749-003/2024(H5N1)	1359	3639
NA|PP755591.1|A/cattle/Texas/24-008749-003/2024(H5N1)	1360	3636
NA|PP755591.1|A/cattle/Texas/24-008749-003/2024(H5N1)	1361	3633
NA|PP755591.1|A/cattle/Texas/24-008749-003/2024(H5N1)	1362	3545
NA|PP755591.1|A/cattle/Texas/24-008749-003/2024(H5N1)	1363	3504
NA|PP755591.1|A/cattle/Texas/24-008749-003/2024(H5N1)	1364	3420
NA|PP755591.1|A/cattle/Texas/24-008749-003/2024(H5N1)	1365	3405
NA|PP755591.1|A/cattle/Texas/24-008749-003/2024(H5N1)	1366	3378
NA|PP755591.1|A/cattle/Texas/24-008749-003/2024(H5N1)	1367	3367
NA|PP755591.1|A/cattle/Texas/24-008749-003/2024(H5N1)	1368	3268
NA|PP755591.1|A/cattle/Texas/24-008749-003/2024(H5N1)	1369	3255
NA|PP755591.1|A/cattle/Texas/24-008749-003/2024(H5N1)	1370	3240
NA|PP755591.1|A/cattle/Texas/24-008749-003/2024(H5N1)	1371	3242
NA|PP755591.1|A/cattle/Texas/24-008749-003/2024(H5N1)	1372	3240
NA|PP755591.1|A/cattle/Texas/24-008749-003/2024(H5N1)	1373	3213
NA|PP755591.1|A/cattle/Texas/24-008749-003/2024(H5N1)	1374	2929
NA|PP755591.1|A/cattle/Texas/24-008749-003/2024(H5N1)	1375	2921
NA|PP755591.1|A/cattle/Texas/24-008749-003/2024(H5N1)	1376	2923
NA|PP755591.1|A/cattle/Texas/24-008749-003/2024(H5N1)	1377	2856
NA|PP755591.1|A/cattle/Texas/24-008749-003/2024(H5N1)	1378	2809
NA|PP755591.1|A/cattle/Texas/24-008749-003/2024(H5N1)	1379	2783
NA|PP755591.1|A/cattle/Texas/24-008749-003/2024(H5N1)	1380	2747
NA|PP755591.1|A/cattle/Texas/24-008749-003/2024(H5N1)	1381	2748
NA|PP755591.1|A/cattle/Texas/24-008749-003/2024(H5N1)	1382	2733
NA|PP755591.1|A/cattle/Texas/24-008749-003/2024(H5N1)	1383	2720
NA|PP755591.1|A/cattle/Texas/24-008749-003/2024(H5N1)	1384	2720
NA|PP755591.1|A/cattle/Texas/24-008749-003/2024(H5N1)	1385	2707
NA|PP755591.1|A/cattle/Texas/24-008749-003/2024(H5N1)	1386	2706
NA|PP755591.1|A/cattle/Texas/24-008749-003/2024(H5N1)	1387	2702
NA|PP755591.1|A/cattle/Texas/24-008749-003/2024(H5N1)	1388	2063
NA|PP755591.1|A/cattle/Texas/24-008749-003/2024(H5N1)	1389	2063
NA|PP755591.1|A/cattle/Texas/24-008749-003/2024(H5N1)	1390	1939
NA|PP755591.1|A/cattle/Texas/24-008749-003/2024(H5N1)	1391	1936
NA|PP755591.1|A/cattle/Texas/24-008749-003/2024(H5N1)	1392	1936
NA|PP755591.1|A/cattle/Texas/24-008749-003/2024(H5N1)	1393	1859
NA|PP755591.1|A/cattle/Texas/24-008749-003/2024(H5N1)	1394	1857
NA|PP755591.1|A/cattle/Texas/24-008749-003/2024(H5N1)	1395	1847
NA|PP755591.1|A/cattle/Texas/24-008749-003/2024(H5N1)	1396	1834
NA|PP755591.1|A/cattle/Texas/24-008749-003/2024(H5N1)	1397	1825
NA|PP755591.1|A/cattle/Texas/24-008749-003/2024(H5N1)	1398	1774
NA|PP755591.1|A/cattle/Texas/24-008749-003/2024(H5N1)	1399	1728
NA|PP755591.1|A/cattle/Texas/24-008749-003/2024(H5N1)	1400	1728
NA|PP755591.1|A/cattle/Texas/24-008749-003/2024(H5N1)	1401	1659
NA|PP755591.1|A/cattle/Texas/24-008749-003/2024(H5N1)	1402	1653
NA|PP755591.1|A/cattle/Texas/24-008749-003/2024(H5N1)	1403	1647
NA|PP755591.1|A/cattle/Texas/24-008749-003/2024(H5N1)	1404	1645
NA|PP755591.1|A/cattle/Texas/24-008749-003/2024(H5N1)	1405	1629
NA|PP755591.1|A/cattle/Texas/24-008749-003/2024(H5N1)	1406	1496
NA|PP755591.1|A/cattle/Texas/24-008749-003/2024(H5N1)	1407	1451
NA|PP755591.1|A/cattle/Texas/24-008749-003/2024(H5N1)	1408	1437
NA|PP755591.1|A/cattle/Texas/24-008749-003/2024(H5N1)	1409	1368
NA|PP755591.1|A/cattle/Texas/24-008749-003/2024(H5N1)	1410	1367
