NP|PP755592.1|A/cattle/Texas/24-008749-003/2024(H5N1)	1	2836
NP|PP755592.1|A/cattle/Texas/24-008749-003/2024(H5N1)	2	2845
NP|PP755592.1|A/cattle/Texas/24-008749-003/2024(H5N1)	3	2858
NP|PP755592.1|A/cattle/Texas/24-008749-003/2024(H5N1)	4	2861
NP|PP755592.1|A/cattle/Texas/24-008749-003/2024(H5N1)	5	2866
NP|PP755592.1|A/cattle/Texas/24-008749-003/2024(H5N1)	6	2904
NP|PP755592.1|A/cattle/Texas/24-008749-003/2024(H5N1)	7	2972
NP|PP755592.1|A/cattle/Texas/24-008749-003/2024(H5N1)	8	2988
NP|PP755592.1|A/cattle/Texas/24-008749-003/2024(H5N1)	9	2993
NP|PP755592.1|A/cattle/Texas/24-008749-003/2024(H5N1)	10	2996
NP|PP755592.1|A/cattle/Texas/24-008749-003/2024(H5N1)	11	2996
NP|PP755592.1|A/cattle/Texas/24-008749-003/2024(H5N1)	12	2998
NP|PP755592.1|A/cattle/Texas/24-008749-003/2024(H5N1)	13	3010
NP|PP755592.1|A/cattle/Texas/24-008749-003/2024(H5N1)	14	3079
NP|PP755592.1|A/cattle/Texas/24-008749-003/2024(H5N1)	15	3138
NP|PP755592.1|A/cattle/Texas/24-008749-003/2024(H5N1)	16	3157
NP|PP755592.1|A/cattle/Texas/24-008749-003/2024(H5N1)	17	3175
NP|PP755592.1|A/cattle/Texas/24-008749-003/2024(H5N1)	18	3180
NP|PP755592.1|A/cattle/Texas/24-008749-003/2024(H5N1)	19	3237
NP|PP755592.1|A/cattle/Texas/24-008749-003/2024(H5N1)	20	3238
NP|PP755592.1|A/cattle/Texas/24-008749-003/2024(H5N1)	21	3244
NP|PP755592.1|A/cattle/Texas/24-008749-003/2024(H5N1)	22	3250
NP|PP755592.1|A/cattle/Texas/24-008749-003/2024(H5N1)	23	3252
NP|PP755592.1|A/cattle/Texas/24-008749-003/2024(H5N1)	24	3268
NP|PP755592.1|A/cattle/Texas/24-008749-003/2024(H5N1)	25	3270
NP|PP755592.1|A/cattle/Texas/24-008749-003/2024(H5N1)	26	3358
NP|PP755592.1|A/cattle/Texas/24-008749-003/2024(H5N1)	27	3418
NP|PP755592.1|A/cattle/Texas/24-008749-003/2024(H5N1)	28	3412
NP|PP755592.1|A/cattle/Texas/24-008749-003/2024(H5N1)	29	3416
NP|PP755592.1|A/cattle/Texas/24-008749-003/2024(H5N1)	30	3417
NP|PP755592.1|A/cattle/Texas/24-008749-003/2024(H5N1)	31	3452
NP|PP755592.1|A/cattle/Texas/24-008749-003/2024(H5N1)	32	3455
NP|PP755592.1|A/cattle/Texas/24-008749-003/2024(H5N1)	33	3453
NP|PP755592.1|A/cattle/Texas/24-008749-003/2024(H5N1)	34	3461
NP|PP755592.1|A/cattle/Texas/24-008749-003/2024(H5N1)	35	3485
NP|PP755592.1|A/cattle/Texas/24-008749-003/2024(H5N1)	36	3543
NP|PP755592.1|A/cattle/Texas/24-008749-003/2024(H5N1)	37	3565
NP|PP755592.1|A/cattle/Texas/24-008749-003/2024(H5N1)	38	3571
NP|PP755592.1|A/cattle/Texas/24-008749-003/2024(H5N1)	39	3579
NP|PP755592.1|A/cattle/Texas/24-008749-003/2024(H5N1)	40	3579
NP|PP755592.1|A/cattle/Texas/24-008749-003/2024(H5N1)	41	3587
NP|PP755592.1|A/cattle/Texas/24-008749-003/2024(H5N1)	42	3616
NP|PP755592.1|A/cattle/Texas/24-008749-003/2024(H5N1)	43	3676
NP|PP755592.1|A/cattle/Texas/24-008749-003/2024(H5N1)	44	3837
NP|PP755592.1|A/cattle/Texas/24-008749-003/2024(H5N1)	45	3842
NP|PP755592.1|A/cattle/Texas/24-008749-003/2024(H5N1)	46	3876
NP|PP755592.1|A/cattle/Texas/24-008749-003/2024(H5N1)	47	3879
NP|PP755592.1|A/cattle/Texas/24-008749-003/2024(H5N1)	48	3885
NP|PP755592.1|A/cattle/Texas/24-008749-003/2024(H5N1)	49	3892
NP|PP755592.1|A/cattle/Texas/24-008749-003/2024(H5N1)	50	3906
NP|PP755592.1|A/cattle/Texas/24-008749-003/2024(H5N1)	51	3914
NP|PP755592.1|A/cattle/Texas/24-008749-003/2024(H5N1)	52	3929
NP|PP755592.1|A/cattle/Texas/24-008749-003/2024(H5N1)	53	3948
NP|PP755592.1|A/cattle/Texas/24-008749-003/2024(H5N1)	54	3957
NP|PP755592.1|A/cattle/Texas/24-008749-003/2024(H5N1)	55	4039
NP|PP755592.1|A/cattle/Texas/24-008749-003/2024(H5N1)	56	4041
NP|PP755592.1|A/cattle/Texas/24-008749-003/2024(H5N1)	57	4107
NP|PP755592.1|A/cattle/Texas/24-008749-003/2024(H5N1)	58	4107
NP|PP755592.1|A/cattle/Texas/24-008749-003/2024(H5N1)	59	4110
NP|PP755592.1|A/cattle/Texas/24-008749-003/2024(H5N1)	60	4126
NP|PP755592.1|A/cattle/Texas/24-008749-003/2024(H5N1)	61	4144
NP|PP755592.1|A/cattle/Texas/24-008749-003/2024(H5N1)	62	4172
NP|PP755592.1|A/cattle/Texas/24-008749-003/2024(H5N1)	63	4172
NP|PP755592.1|A/cattle/Texas/24-008749-003/2024(H5N1)	64	4167
NP|PP755592.1|A/cattle/Texas/24-008749-003/2024(H5N1)	65	4189
NP|PP755592.1|A/cattle/Texas/24-008749-003/2024(H5N1)	66	4189
NP|PP755592.1|A/cattle/Texas/24-008749-003/2024(H5N1)	67	4281
NP|PP755592.1|A/cattle/Texas/24-008749-003/2024(H5N1)	68	4284
NP|PP755592.1|A/cattle/Texas/24-008749-003/2024(H5N1)	69	4296
NP|PP755592.1|A/cattle/Texas/24-008749-003/2024(H5N1)	70	4311
NP|PP755592.1|A/cattle/Texas/24-008749-003/2024(H5N1)	71	4312
NP|PP755592.1|A/cattle/Texas/24-008749-003/2024(H5N1)	72	4385
NP|PP755592.1|A/cattle/Texas/24-008749-003/2024(H5N1)	73	4385
NP|PP755592.1|A/cattle/Texas/24-008749-003/2024(H5N1)	74	4385
NP|PP755592.1|A/cattle/Texas/24-008749-003/2024(H5N1)	75	4389
NP|PP755592.1|A/cattle/Texas/24-008749-003/2024(H5N1)	76	4384
NP|PP755592.1|A/cattle/Texas/24-008749-003/2024(H5N1)	77	4416
NP|PP755592.1|A/cattle/Texas/24-008749-003/2024(H5N1)	78	4444
NP|PP755592.1|A/cattle/Texas/24-008749-003/2024(H5N1)	79	4446
NP|PP755592.1|A/cattle/Texas/24-008749-003/2024(H5N1)	80	4487
NP|PP755592.1|A/cattle/Texas/24-008749-003/2024(H5N1)	81	4480
NP|PP755592.1|A/cattle/Texas/24-008749-003/2024(H5N1)	82	4505
NP|PP755592.1|A/cattle/Texas/24-008749-003/2024(H5N1)	83	4560
NP|PP755592.1|A/cattle/Texas/24-008749-003/2024(H5N1)	84	4563
NP|PP755592.1|A/cattle/Texas/24-008749-003/2024(H5N1)	85	4611
NP|PP755592.1|A/cattle/Texas/24-008749-003/2024(H5N1)	86	4607
NP|PP755592.1|A/cattle/Texas/24-008749-003/2024(H5N1)	87	4609
NP|PP755592.1|A/cattle/Texas/24-008749-003/2024(H5N1)	88	4610
NP|PP755592.1|A/cattle/Texas/24-008749-003/2024(H5N1)	89	4644
NP|PP755592.1|A/cattle/Texas/24-008749-003/2024(H5N1)	90	4676
NP|PP755592.1|A/cattle/Texas/24-008749-003/2024(H5N1)	91	4672
NP|PP755592.1|A/cattle/Texas/24-008749-003/2024(H5N1)	92	4675
NP|PP755592.1|A/cattle/Texas/24-008749-003/2024(H5N1)	93	4698
NP|PP755592.1|A/cattle/Texas/24-008749-003/2024(H5N1)	94	4699
NP|PP755592.1|A/cattle/Texas/24-008749-003/2024(H5N1)	95	4695
NP|PP755592.1|A/cattle/Texas/24-008749-003/2024(H5N1)	96	4710
NP|PP755592.1|A/cattle/Texas/24-008749-003/2024(H5N1)	97	4720
NP|PP755592.1|A/cattle/Texas/24-008749-003/2024(H5N1)	98	4707
NP|PP755592.1|A/cattle/Texas/24-008749-003/2024(H5N1)	99	4746
NP|PP755592.1|A/cattle/Texas/24-008749-003/2024(H5N1)	100	4747
NP|PP755592.1|A/cattle/Texas/24-008749-003/2024(H5N1)	101	4747
NP|PP755592.1|A/cattle/Texas/24-008749-003/2024(H5N1)	102	4757
NP|PP755592.1|A/cattle/Texas/24-008749-003/2024(H5N1)	103	4757
NP|PP755592.1|A/cattle/Texas/24-008749-003/2024(H5N1)	104	4764
NP|PP755592.1|A/cattle/Texas/24-008749-003/2024(H5N1)	105	4885
NP|PP755592.1|A/cattle/Texas/24-008749-003/2024(H5N1)	106	4277
NP|PP755592.1|A/cattle/Texas/24-008749-003/2024(H5N1)	107	4077
NP|PP755592.1|A/cattle/Texas/24-008749-003/2024(H5N1)	108	3850
NP|PP755592.1|A/cattle/Texas/24-008749-003/2024(H5N1)	109	3850
NP|PP755592.1|A/cattle/Texas/24-008749-003/2024(H5N1)	110	3993
NP|PP755592.1|A/cattle/Texas/24-008749-003/2024(H5N1)	111	3984
NP|PP755592.1|A/cattle/Texas/24-008749-003/2024(H5N1)	112	3983
NP|PP755592.1|A/cattle/Texas/24-008749-003/2024(H5N1)	113	3988
NP|PP755592.1|A/cattle/Texas/24-008749-003/2024(H5N1)	114	4062
NP|PP755592.1|A/cattle/Texas/24-008749-003/2024(H5N1)	115	4072
NP|PP755592.1|A/cattle/Texas/24-008749-003/2024(H5N1)	116	4116
NP|PP755592.1|A/cattle/Texas/24-008749-003/2024(H5N1)	117	3857
NP|PP755592.1|A/cattle/Texas/24-008749-003/2024(H5N1)	118	3860
NP|PP755592.1|A/cattle/Texas/24-008749-003/2024(H5N1)	119	4110
NP|PP755592.1|A/cattle/Texas/24-008749-003/2024(H5N1)	120	4095
NP|PP755592.1|A/cattle/Texas/24-008749-003/2024(H5N1)	121	4196
NP|PP755592.1|A/cattle/Texas/24-008749-003/2024(H5N1)	122	4074
NP|PP755592.1|A/cattle/Texas/24-008749-003/2024(H5N1)	123	4066
NP|PP755592.1|A/cattle/Texas/24-008749-003/2024(H5N1)	124	4084
NP|PP755592.1|A/cattle/Texas/24-008749-003/2024(H5N1)	125	4076
NP|PP755592.1|A/cattle/Texas/24-008749-003/2024(H5N1)	126	4297
NP|PP755592.1|A/cattle/Texas/24-008749-003/2024(H5N1)	127	4354
NP|PP755592.1|A/cattle/Texas/24-008749-003/2024(H5N1)	128	4355
NP|PP755592.1|A/cattle/Texas/24-008749-003/2024(H5N1)	129	4357
NP|PP755592.1|A/cattle/Texas/24-008749-003/2024(H5N1)	130	4272
NP|PP755592.1|A/cattle/Texas/24-008749-003/2024(H5N1)	131	4338
NP|PP755592.1|A/cattle/Texas/24-008749-003/2024(H5N1)	132	4328
NP|PP755592.1|A/cattle/Texas/24-008749-003/2024(H5N1)	133	4320
NP|PP755592.1|A/cattle/Texas/24-008749-003/2024(H5N1)	134	4197
NP|PP755592.1|A/cattle/Texas/24-008749-003/2024(H5N1)	135	4112
NP|PP755592.1|A/cattle/Texas/24-008749-003/2024(H5N1)	136	4204
NP|PP755592.1|A/cattle/Texas/24-008749-003/2024(H5N1)	137	4205
NP|PP755592.1|A/cattle/Texas/24-008749-003/2024(H5N1)	138	4257
NP|PP755592.1|A/cattle/Texas/24-008749-003/2024(H5N1)	139	4287
NP|PP755592.1|A/cattle/Texas/24-008749-003/2024(H5N1)	140	4270
NP|PP755592.1|A/cattle/Texas/24-008749-003/2024(H5N1)	141	4134
NP|PP755592.1|A/cattle/Texas/24-008749-003/2024(H5N1)	142	4129
NP|PP755592.1|A/cattle/Texas/24-008749-003/2024(H5N1)	143	4130
NP|PP755592.1|A/cattle/Texas/24-008749-003/2024(H5N1)	144	4207
NP|PP755592.1|A/cattle/Texas/24-008749-003/2024(H5N1)	145	4167
NP|PP755592.1|A/cattle/Texas/24-008749-003/2024(H5N1)	146	4167
NP|PP755592.1|A/cattle/Texas/24-008749-003/2024(H5N1)	147	4096
NP|PP755592.1|A/cattle/Texas/24-008749-003/2024(H5N1)	148	4073
NP|PP755592.1|A/cattle/Texas/24-008749-003/2024(H5N1)	149	4115
NP|PP755592.1|A/cattle/Texas/24-008749-003/2024(H5N1)	150	4144
NP|PP755592.1|A/cattle/Texas/24-008749-003/2024(H5N1)	151	4176
NP|PP755592.1|A/cattle/Texas/24-008749-003/2024(H5N1)	152	4598
NP|PP755592.1|A/cattle/Texas/24-008749-003/2024(H5N1)	153	4618
NP|PP755592.1|A/cattle/Texas/24-008749-003/2024(H5N1)	154	4616
NP|PP755592.1|A/cattle/Texas/24-008749-003/2024(H5N1)	155	4647
NP|PP755592.1|A/cattle/Texas/24-008749-003/2024(H5N1)	156	4879
NP|PP755592.1|A/cattle/Texas/24-008749-003/2024(H5N1)	157	4902
NP|PP755592.1|A/cattle/Texas/24-008749-003/2024(H5N1)	158	4911
NP|PP755592.1|A/cattle/Texas/24-008749-003/2024(H5N1)	159	4903
NP|PP755592.1|A/cattle/Texas/24-008749-003/2024(H5N1)	160	4898
NP|PP755592.1|A/cattle/Texas/24-008749-003/2024(H5N1)	161	4909
NP|PP755592.1|A/cattle/Texas/24-008749-003/2024(H5N1)	162	4915
NP|PP755592.1|A/cattle/Texas/24-008749-003/2024(H5N1)	163	4921
NP|PP755592.1|A/cattle/Texas/24-008749-003/2024(H5N1)	164	4941
NP|PP755592.1|A/cattle/Texas/24-008749-003/2024(H5N1)	165	4832
NP|PP755592.1|A/cattle/Texas/24-008749-003/2024(H5N1)	166	4804
NP|PP755592.1|A/cattle/Texas/24-008749-003/2024(H5N1)	167	4796
NP|PP755592.1|A/cattle/Texas/24-008749-003/2024(H5N1)	168	4825
NP|PP755592.1|A/cattle/Texas/24-008749-003/2024(H5N1)	169	4982
NP|PP755592.1|A/cattle/Texas/24-008749-003/2024(H5N1)	170	4933
NP|PP755592.1|A/cattle/Texas/24-008749-003/2024(H5N1)	171	4936
NP|PP755592.1|A/cattle/Texas/24-008749-003/2024(H5N1)	172	4945
NP|PP755592.1|A/cattle/Texas/24-008749-003/2024(H5N1)	173	4940
NP|PP755592.1|A/cattle/Texas/24-008749-003/2024(H5N1)	174	4963
NP|PP755592.1|A/cattle/Texas/24-008749-003/2024(H5N1)	175	4950
NP|PP755592.1|A/cattle/Texas/24-008749-003/2024(H5N1)	176	4945
NP|PP755592.1|A/cattle/Texas/24-008749-003/2024(H5N1)	177	4963
NP|PP755592.1|A/cattle/Texas/24-008749-003/2024(H5N1)	178	4898
NP|PP755592.1|A/cattle/Texas/24-008749-003/2024(H5N1)	179	4954
NP|PP755592.1|A/cattle/Texas/24-008749-003/2024(H5N1)	180	5066
NP|PP755592.1|A/cattle/Texas/24-008749-003/2024(H5N1)	181	5066
NP|PP755592.1|A/cattle/Texas/24-008749-003/2024(H5N1)	182	5047
NP|PP755592.1|A/cattle/Texas/24-008749-003/2024(H5N1)	183	5066
NP|PP755592.1|A/cattle/Texas/24-008749-003/2024(H5N1)	184	5133
NP|PP755592.1|A/cattle/Texas/24-008749-003/2024(H5N1)	185	5277
NP|PP755592.1|A/cattle/Texas/24-008749-003/2024(H5N1)	186	5286
NP|PP755592.1|A/cattle/Texas/24-008749-003/2024(H5N1)	187	5302
NP|PP755592.1|A/cattle/Texas/24-008749-003/2024(H5N1)	188	5298
NP|PP755592.1|A/cattle/Texas/24-008749-003/2024(H5N1)	189	5299
NP|PP755592.1|A/cattle/Texas/24-008749-003/2024(H5N1)	190	5299
NP|PP755592.1|A/cattle/Texas/24-008749-003/2024(H5N1)	191	5318
NP|PP755592.1|A/cattle/Texas/24-008749-003/2024(H5N1)	192	5326
NP|PP755592.1|A/cattle/Texas/24-008749-003/2024(H5N1)	193	5294
NP|PP755592.1|A/cattle/Texas/24-008749-003/2024(H5N1)	194	5288
NP|PP755592.1|A/cattle/Texas/24-008749-003/2024(H5N1)	195	5219
NP|PP755592.1|A/cattle/Texas/24-008749-003/2024(H5N1)	196	5225
NP|PP755592.1|A/cattle/Texas/24-008749-003/2024(H5N1)	197	5189
NP|PP755592.1|A/cattle/Texas/24-008749-003/2024(H5N1)	198	5230
NP|PP755592.1|A/cattle/Texas/24-008749-003/2024(H5N1)	199	5280
NP|PP755592.1|A/cattle/Texas/24-008749-003/2024(H5N1)	200	5266
NP|PP755592.1|A/cattle/Texas/24-008749-003/2024(H5N1)	201	5277
NP|PP755592.1|A/cattle/Texas/24-008749-003/2024(H5N1)	202	5271
NP|PP755592.1|A/cattle/Texas/24-008749-003/2024(H5N1)	203	5290
NP|PP755592.1|A/cattle/Texas/24-008749-003/2024(H5N1)	204	5215
NP|PP755592.1|A/cattle/Texas/24-008749-003/2024(H5N1)	205	5212
NP|PP755592.1|A/cattle/Texas/24-008749-003/2024(H5N1)	206	5214
NP|PP755592.1|A/cattle/Texas/24-008749-003/2024(H5N1)	207	5196
NP|PP755592.1|A/cattle/Texas/24-008749-003/2024(H5N1)	208	5242
NP|PP755592.1|A/cattle/Texas/24-008749-003/2024(H5N1)	209	5281
NP|PP755592.1|A/cattle/Texas/24-008749-003/2024(H5N1)	210	5274
NP|PP755592.1|A/cattle/Texas/24-008749-003/2024(H5N1)	211	5287
NP|PP755592.1|A/cattle/Texas/24-008749-003/2024(H5N1)	212	5285
NP|PP755592.1|A/cattle/Texas/24-008749-003/2024(H5N1)	213	5265
NP|PP755592.1|A/cattle/Texas/24-008749-003/2024(H5N1)	214	5313
NP|PP755592.1|A/cattle/Texas/24-008749-003/2024(H5N1)	215	5311
NP|PP755592.1|A/cattle/Texas/24-008749-003/2024(H5N1)	216	5293
NP|PP755592.1|A/cattle/Texas/24-008749-003/2024(H5N1)	217	5287
NP|PP755592.1|A/cattle/Texas/24-008749-003/2024(H5N1)	218	5195
NP|PP755592.1|A/cattle/Texas/24-008749-003/2024(H5N1)	219	5326
NP|PP755592.1|A/cattle/Texas/24-008749-003/2024(H5N1)	220	5322
NP|PP755592.1|A/cattle/Texas/24-008749-003/2024(H5N1)	221	5462
NP|PP755592.1|A/cattle/Texas/24-008749-003/2024(H5N1)	222	5482
NP|PP755592.1|A/cattle/Texas/24-008749-003/2024(H5N1)	223	5421
NP|PP755592.1|A/cattle/Texas/24-008749-003/2024(H5N1)	224	5439
NP|PP755592.1|A/cattle/Texas/24-008749-003/2024(H5N1)	225	5547
NP|PP755592.1|A/cattle/Texas/24-008749-003/2024(H5N1)	226	5573
NP|PP755592.1|A/cattle/Texas/24-008749-003/2024(H5N1)	227	5600
NP|PP755592.1|A/cattle/Texas/24-008749-003/2024(H5N1)	228	5548
NP|PP755592.1|A/cattle/Texas/24-008749-003/2024(H5N1)	229	5572
NP|PP755592.1|A/cattle/Texas/24-008749-003/2024(H5N1)	230	5569
NP|PP755592.1|A/cattle/Texas/24-008749-003/2024(H5N1)	231	5593
NP|PP755592.1|A/cattle/Texas/24-008749-003/2024(H5N1)	232	5617
NP|PP755592.1|A/cattle/Texas/24-008749-003/2024(H5N1)	233	5617
NP|PP755592.1|A/cattle/Texas/24-008749-003/2024(H5N1)	234	5566
NP|PP755592.1|A/cattle/Texas/24-008749-003/2024(H5N1)	235	5530
NP|PP755592.1|A/cattle/Texas/24-008749-003/2024(H5N1)	236	5529
NP|PP755592.1|A/cattle/Texas/24-008749-003/2024(H5N1)	237	5530
NP|PP755592.1|A/cattle/Texas/24-008749-003/2024(H5N1)	238	5541
NP|PP755592.1|A/cattle/Texas/24-008749-003/2024(H5N1)	239	5720
NP|PP755592.1|A/cattle/Texas/24-008749-003/2024(H5N1)	240	5652
NP|PP755592.1|A/cattle/Texas/24-008749-003/2024(H5N1)	241	5719
NP|PP755592.1|A/cattle/Texas/24-008749-003/2024(H5N1)	242	5759
NP|PP755592.1|A/cattle/Texas/24-008749-003/2024(H5N1)	243	5775
NP|PP755592.1|A/cattle/Texas/24-008749-003/2024(H5N1)	244	5817
NP|PP755592.1|A/cattle/Texas/24-008749-003/2024(H5N1)	245	5817
NP|PP755592.1|A/cattle/Texas/24-008749-003/2024(H5N1)	246	5994
NP|PP755592.1|A/cattle/Texas/24-008749-003/2024(H5N1)	247	6055
NP|PP755592.1|A/cattle/Texas/24-008749-003/2024(H5N1)	248	6057
NP|PP755592.1|A/cattle/Texas/24-008749-003/2024(H5N1)	249	6059
NP|PP755592.1|A/cattle/Texas/24-008749-003/2024(H5N1)	250	6017
NP|PP755592.1|A/cattle/Texas/24-008749-003/2024(H5N1)	251	6203
NP|PP755592.1|A/cattle/Texas/24-008749-003/2024(H5N1)	252	6230
NP|PP755592.1|A/cattle/Texas/24-008749-003/2024(H5N1)	253	6302
NP|PP755592.1|A/cattle/Texas/24-008749-003/2024(H5N1)	254	6323
NP|PP755592.1|A/cattle/Texas/24-008749-003/2024(H5N1)	255	6184
NP|PP755592.1|A/cattle/Texas/24-008749-003/2024(H5N1)	256	6200
NP|PP755592.1|A/cattle/Texas/24-008749-003/2024(H5N1)	257	6198
NP|PP755592.1|A/cattle/Texas/24-008749-003/2024(H5N1)	258	6220
NP|PP755592.1|A/cattle/Texas/24-008749-003/2024(H5N1)	259	6225
NP|PP755592.1|A/cattle/Texas/24-008749-003/2024(H5N1)	260	6068
NP|PP755592.1|A/cattle/Texas/24-008749-003/2024(H5N1)	261	6080
NP|PP755592.1|A/cattle/Texas/24-008749-003/2024(H5N1)	262	6074
NP|PP755592.1|A/cattle/Texas/24-008749-003/2024(H5N1)	263	6124
NP|PP755592.1|A/cattle/Texas/24-008749-003/2024(H5N1)	264	6116
NP|PP755592.1|A/cattle/Texas/24-008749-003/2024(H5N1)	265	6039
NP|PP755592.1|A/cattle/Texas/24-008749-003/2024(H5N1)	266	6010
NP|PP755592.1|A/cattle/Texas/24-008749-003/2024(H5N1)	267	6043
NP|PP755592.1|A/cattle/Texas/24-008749-003/2024(H5N1)	268	6048
NP|PP755592.1|A/cattle/Texas/24-008749-003/2024(H5N1)	269	6046
NP|PP755592.1|A/cattle/Texas/24-008749-003/2024(H5N1)	270	5857
NP|PP755592.1|A/cattle/Texas/24-008749-003/2024(H5N1)	271	5857
NP|PP755592.1|A/cattle/Texas/24-008749-003/2024(H5N1)	272	5753
NP|PP755592.1|A/cattle/Texas/24-008749-003/2024(H5N1)	273	5784
NP|PP755592.1|A/cattle/Texas/24-008749-003/2024(H5N1)	274	5768
NP|PP755592.1|A/cattle/Texas/24-008749-003/2024(H5N1)	275	5415
NP|PP755592.1|A/cattle/Texas/24-008749-003/2024(H5N1)	276	5370
NP|PP755592.1|A/cattle/Texas/24-008749-003/2024(H5N1)	277	5375
NP|PP755592.1|A/cattle/Texas/24-008749-003/2024(H5N1)	278	5412
NP|PP755592.1|A/cattle/Texas/24-008749-003/2024(H5N1)	279	5339
NP|PP755592.1|A/cattle/Texas/24-008749-003/2024(H5N1)	280	5463
NP|PP755592.1|A/cattle/Texas/24-008749-003/2024(H5N1)	281	5486
NP|PP755592.1|A/cattle/Texas/24-008749-003/2024(H5N1)	282	5438
NP|PP755592.1|A/cattle/Texas/24-008749-003/2024(H5N1)	283	5464
NP|PP755592.1|A/cattle/Texas/24-008749-003/2024(H5N1)	284	5453
NP|PP755592.1|A/cattle/Texas/24-008749-003/2024(H5N1)	285	5454
NP|PP755592.1|A/cattle/Texas/24-008749-003/2024(H5N1)	286	5556
NP|PP755592.1|A/cattle/Texas/24-008749-003/2024(H5N1)	287	5508
NP|PP755592.1|A/cattle/Texas/24-008749-003/2024(H5N1)	288	5415
NP|PP755592.1|A/cattle/Texas/24-008749-003/2024(H5N1)	289	5394
NP|PP755592.1|A/cattle/Texas/24-008749-003/2024(H5N1)	290	5382
NP|PP755592.1|A/cattle/Texas/24-008749-003/2024(H5N1)	291	5406
NP|PP755592.1|A/cattle/Texas/24-008749-003/2024(H5N1)	292	5397
NP|PP755592.1|A/cattle/Texas/24-008749-003/2024(H5N1)	293	5615
NP|PP755592.1|A/cattle/Texas/24-008749-003/2024(H5N1)	294	5607
NP|PP755592.1|A/cattle/Texas/24-008749-003/2024(H5N1)	295	5525
NP|PP755592.1|A/cattle/Texas/24-008749-003/2024(H5N1)	296	5498
NP|PP755592.1|A/cattle/Texas/24-008749-003/2024(H5N1)	297	5594
NP|PP755592.1|A/cattle/Texas/24-008749-003/2024(H5N1)	298	5867
NP|PP755592.1|A/cattle/Texas/24-008749-003/2024(H5N1)	299	5890
NP|PP755592.1|A/cattle/Texas/24-008749-003/2024(H5N1)	300	5860
NP|PP755592.1|A/cattle/Texas/24-008749-003/2024(H5N1)	301	5874
NP|PP755592.1|A/cattle/Texas/24-008749-003/2024(H5N1)	302	5520
NP|PP755592.1|A/cattle/Texas/24-008749-003/2024(H5N1)	303	5517
NP|PP755592.1|A/cattle/Texas/24-008749-003/2024(H5N1)	304	5510
NP|PP755592.1|A/cattle/Texas/24-008749-003/2024(H5N1)	305	5501
NP|PP755592.1|A/cattle/Texas/24-008749-003/2024(H5N1)	306	5266
NP|PP755592.1|A/cattle/Texas/24-008749-003/2024(H5N1)	307	5431
NP|PP755592.1|A/cattle/Texas/24-008749-003/2024(H5N1)	308	5409
NP|PP755592.1|A/cattle/Texas/24-008749-003/2024(H5N1)	309	5373
NP|PP755592.1|A/cattle/Texas/24-008749-003/2024(H5N1)	310	5395
NP|PP755592.1|A/cattle/Texas/24-008749-003/2024(H5N1)	311	5464
NP|PP755592.1|A/cattle/Texas/24-008749-003/2024(H5N1)	312	5467
NP|PP755592.1|A/cattle/Texas/24-008749-003/2024(H5N1)	313	5503
NP|PP755592.1|A/cattle/Texas/24-008749-003/2024(H5N1)	314	5497
NP|PP755592.1|A/cattle/Texas/24-008749-003/2024(H5N1)	315	5475
NP|PP755592.1|A/cattle/Texas/24-008749-003/2024(H5N1)	316	5497
NP|PP755592.1|A/cattle/Texas/24-008749-003/2024(H5N1)	317	5499
NP|PP755592.1|A/cattle/Texas/24-008749-003/2024(H5N1)	318	5497
NP|PP755592.1|A/cattle/Texas/24-008749-003/2024(H5N1)	319	5554
NP|PP755592.1|A/cattle/Texas/24-008749-003/2024(H5N1)	320	5523
NP|PP755592.1|A/cattle/Texas/24-008749-003/2024(H5N1)	321	5526
NP|PP755592.1|A/cattle/Texas/24-008749-003/2024(H5N1)	322	5560
NP|PP755592.1|A/cattle/Texas/24-008749-003/2024(H5N1)	323	5557
NP|PP755592.1|A/cattle/Texas/24-008749-003/2024(H5N1)	324	5565
NP|PP755592.1|A/cattle/Texas/24-008749-003/2024(H5N1)	325	5600
NP|PP755592.1|A/cattle/Texas/24-008749-003/2024(H5N1)	326	5613
NP|PP755592.1|A/cattle/Texas/24-008749-003/2024(H5N1)	327	5540
NP|PP755592.1|A/cattle/Texas/24-008749-003/2024(H5N1)	328	5571
NP|PP755592.1|A/cattle/Texas/24-008749-003/2024(H5N1)	329	5499
NP|PP755592.1|A/cattle/Texas/24-008749-003/2024(H5N1)	330	5641
NP|PP755592.1|A/cattle/Texas/24-008749-003/2024(H5N1)	331	5659
NP|PP755592.1|A/cattle/Texas/24-008749-003/2024(H5N1)	332	5662
NP|PP755592.1|A/cattle/Texas/24-008749-003/2024(H5N1)	333	5665
NP|PP755592.1|A/cattle/Texas/24-008749-003/2024(H5N1)	334	5645
NP|PP755592.1|A/cattle/Texas/24-008749-003/2024(H5N1)	335	5670
NP|PP755592.1|A/cattle/Texas/24-008749-003/2024(H5N1)	336	5547
NP|PP755592.1|A/cattle/Texas/24-008749-003/2024(H5N1)	337	5671
NP|PP755592.1|A/cattle/Texas/24-008749-003/2024(H5N1)	338	5726
NP|PP755592.1|A/cattle/Texas/24-008749-003/2024(H5N1)	339	5708
NP|PP755592.1|A/cattle/Texas/24-008749-003/2024(H5N1)	340	5756
NP|PP755592.1|A/cattle/Texas/24-008749-003/2024(H5N1)	341	5813
NP|PP755592.1|A/cattle/Texas/24-008749-003/2024(H5N1)	342	5792
NP|PP755592.1|A/cattle/Texas/24-008749-003/2024(H5N1)	343	5785
NP|PP755592.1|A/cattle/Texas/24-008749-003/2024(H5N1)	344	5767
NP|PP755592.1|A/cattle/Texas/24-008749-003/2024(H5N1)	345	5800
NP|PP755592.1|A/cattle/Texas/24-008749-003/2024(H5N1)	346	5830
NP|PP755592.1|A/cattle/Texas/24-008749-003/2024(H5N1)	347	5854
NP|PP755592.1|A/cattle/Texas/24-008749-003/2024(H5N1)	348	5829
NP|PP755592.1|A/cattle/Texas/24-008749-003/2024(H5N1)	349	5778
NP|PP755592.1|A/cattle/Texas/24-008749-003/2024(H5N1)	350	5797
NP|PP755592.1|A/cattle/Texas/24-008749-003/2024(H5N1)	351	5824
NP|PP755592.1|A/cattle/Texas/24-008749-003/2024(H5N1)	352	5798
NP|PP755592.1|A/cattle/Texas/24-008749-003/2024(H5N1)	353	5805
NP|PP755592.1|A/cattle/Texas/24-008749-003/2024(H5N1)	354	5888
NP|PP755592.1|A/cattle/Texas/24-008749-003/2024(H5N1)	355	5887
NP|PP755592.1|A/cattle/Texas/24-008749-003/2024(H5N1)	356	5888
NP|PP755592.1|A/cattle/Texas/24-008749-003/2024(H5N1)	357	5920
NP|PP755592.1|A/cattle/Texas/24-008749-003/2024(H5N1)	358	5921
NP|PP755592.1|A/cattle/Texas/24-008749-003/2024(H5N1)	359	5841
NP|PP755592.1|A/cattle/Texas/24-008749-003/2024(H5N1)	360	5826
NP|PP755592.1|A/cattle/Texas/24-008749-003/2024(H5N1)	361	5806
NP|PP755592.1|A/cattle/Texas/24-008749-003/2024(H5N1)	362	5801
NP|PP755592.1|A/cattle/Texas/24-008749-003/2024(H5N1)	363	5870
NP|PP755592.1|A/cattle/Texas/24-008749-003/2024(H5N1)	364	5958
NP|PP755592.1|A/cattle/Texas/24-008749-003/2024(H5N1)	365	5959
NP|PP755592.1|A/cattle/Texas/24-008749-003/2024(H5N1)	366	6026
NP|PP755592.1|A/cattle/Texas/24-008749-003/2024(H5N1)	367	6067
NP|PP755592.1|A/cattle/Texas/24-008749-003/2024(H5N1)	368	5948
NP|PP755592.1|A/cattle/Texas/24-008749-003/2024(H5N1)	369	5985
NP|PP755592.1|A/cattle/Texas/24-008749-003/2024(H5N1)	370	6010
NP|PP755592.1|A/cattle/Texas/24-008749-003/2024(H5N1)	371	6052
NP|PP755592.1|A/cattle/Texas/24-008749-003/2024(H5N1)	372	6024
NP|PP755592.1|A/cattle/Texas/24-008749-003/2024(H5N1)	373	6018
NP|PP755592.1|A/cattle/Texas/24-008749-003/2024(H5N1)	374	6405
NP|PP755592.1|A/cattle/Texas/24-008749-003/2024(H5N1)	375	6346
NP|PP755592.1|A/cattle/Texas/24-008749-003/2024(H5N1)	376	6264
NP|PP755592.1|A/cattle/Texas/24-008749-003/2024(H5N1)	377	6272
NP|PP755592.1|A/cattle/Texas/24-008749-003/2024(H5N1)	378	6241
NP|PP755592.1|A/cattle/Texas/24-008749-003/2024(H5N1)	379	6248
NP|PP755592.1|A/cattle/Texas/24-008749-003/2024(H5N1)	380	6209
NP|PP755592.1|A/cattle/Texas/24-008749-003/2024(H5N1)	381	6462
NP|PP755592.1|A/cattle/Texas/24-008749-003/2024(H5N1)	382	6452
NP|PP755592.1|A/cattle/Texas/24-008749-003/2024(H5N1)	383	6545
NP|PP755592.1|A/cattle/Texas/24-008749-003/2024(H5N1)	384	6544
NP|PP755592.1|A/cattle/Texas/24-008749-003/2024(H5N1)	385	6530
NP|PP755592.1|A/cattle/Texas/24-008749-003/2024(H5N1)	386	6556
NP|PP755592.1|A/cattle/Texas/24-008749-003/2024(H5N1)	387	6557
NP|PP755592.1|A/cattle/Texas/24-008749-003/2024(H5N1)	388	6551
NP|PP755592.1|A/cattle/Texas/24-008749-003/2024(H5N1)	389	6573
NP|PP755592.1|A/cattle/Texas/24-008749-003/2024(H5N1)	390	6371
NP|PP755592.1|A/cattle/Texas/24-008749-003/2024(H5N1)	391	6386
NP|PP755592.1|A/cattle/Texas/24-008749-003/2024(H5N1)	392	6388
NP|PP755592.1|A/cattle/Texas/24-008749-003/2024(H5N1)	393	6374
NP|PP755592.1|A/cattle/Texas/24-008749-003/2024(H5N1)	394	6427
NP|PP755592.1|A/cattle/Texas/24-008749-003/2024(H5N1)	395	6423
NP|PP755592.1|A/cattle/Texas/24-008749-003/2024(H5N1)	396	6425
NP|PP755592.1|A/cattle/Texas/24-008749-003/2024(H5N1)	397	6284
NP|PP755592.1|A/cattle/Texas/24-008749-003/2024(H5N1)	398	6203
NP|PP755592.1|A/cattle/Texas/24-008749-003/2024(H5N1)	399	6222
NP|PP755592.1|A/cattle/Texas/24-008749-003/2024(H5N1)	400	6217
NP|PP755592.1|A/cattle/Texas/24-008749-003/2024(H5N1)	401	6045
NP|PP755592.1|A/cattle/Texas/24-008749-003/2024(H5N1)	402	6082
NP|PP755592.1|A/cattle/Texas/24-008749-003/2024(H5N1)	403	6023
NP|PP755592.1|A/cattle/Texas/24-008749-003/2024(H5N1)	404	6062
NP|PP755592.1|A/cattle/Texas/24-008749-003/2024(H5N1)	405	6091
NP|PP755592.1|A/cattle/Texas/24-008749-003/2024(H5N1)	406	6113
NP|PP755592.1|A/cattle/Texas/24-008749-003/2024(H5N1)	407	6104
NP|PP755592.1|A/cattle/Texas/24-008749-003/2024(H5N1)	408	6089
NP|PP755592.1|A/cattle/Texas/24-008749-003/2024(H5N1)	409	6077
NP|PP755592.1|A/cattle/Texas/24-008749-003/2024(H5N1)	410	6078
NP|PP755592.1|A/cattle/Texas/24-008749-003/2024(H5N1)	411	6088
NP|PP755592.1|A/cattle/Texas/24-008749-003/2024(H5N1)	412	6052
NP|PP755592.1|A/cattle/Texas/24-008749-003/2024(H5N1)	413	6180
NP|PP755592.1|A/cattle/Texas/24-008749-003/2024(H5N1)	414	6135
NP|PP755592.1|A/cattle/Texas/24-008749-003/2024(H5N1)	415	6146
NP|PP755592.1|A/cattle/Texas/24-008749-003/2024(H5N1)	416	6131
NP|PP755592.1|A/cattle/Texas/24-008749-003/2024(H5N1)	417	6129
NP|PP755592.1|A/cattle/Texas/24-008749-003/2024(H5N1)	418	6179
NP|PP755592.1|A/cattle/Texas/24-008749-003/2024(H5N1)	419	6204
NP|PP755592.1|A/cattle/Texas/24-008749-003/2024(H5N1)	420	6199
NP|PP755592.1|A/cattle/Texas/24-008749-003/2024(H5N1)	421	6174
NP|PP755592.1|A/cattle/Texas/24-008749-003/2024(H5N1)	422	6179
NP|PP755592.1|A/cattle/Texas/24-008749-003/2024(H5N1)	423	6169
NP|PP755592.1|A/cattle/Texas/24-008749-003/2024(H5N1)	424	6269
NP|PP755592.1|A/cattle/Texas/24-008749-003/2024(H5N1)	425	6303
NP|PP755592.1|A/cattle/Texas/24-008749-003/2024(H5N1)	426	6284
NP|PP755592.1|A/cattle/Texas/24-008749-003/2024(H5N1)	427	6283
NP|PP755592.1|A/cattle/Texas/24-008749-003/2024(H5N1)	428	6240
NP|PP755592.1|A/cattle/Texas/24-008749-003/2024(H5N1)	429	6265
NP|PP755592.1|A/cattle/Texas/24-008749-003/2024(H5N1)	430	6271
NP|PP755592.1|A/cattle/Texas/24-008749-003/2024(H5N1)	431	6160
NP|PP755592.1|A/cattle/Texas/24-008749-003/2024(H5N1)	432	6175
NP|PP755592.1|A/cattle/Texas/24-008749-003/2024(H5N1)	433	6120
NP|PP755592.1|A/cattle/Texas/24-008749-003/2024(H5N1)	434	6130
NP|PP755592.1|A/cattle/Texas/24-008749-003/2024(H5N1)	435	6128
NP|PP755592.1|A/cattle/Texas/24-008749-003/2024(H5N1)	436	6151
NP|PP755592.1|A/cattle/Texas/24-008749-003/2024(H5N1)	437	6194
NP|PP755592.1|A/cattle/Texas/24-008749-003/2024(H5N1)	438	6117
NP|PP755592.1|A/cattle/Texas/24-008749-003/2024(H5N1)	439	6196
NP|PP755592.1|A/cattle/Texas/24-008749-003/2024(H5N1)	440	6180
NP|PP755592.1|A/cattle/Texas/24-008749-003/2024(H5N1)	441	6195
NP|PP755592.1|A/cattle/Texas/24-008749-003/2024(H5N1)	442	6209
NP|PP755592.1|A/cattle/Texas/24-008749-003/2024(H5N1)	443	6168
NP|PP755592.1|A/cattle/Texas/24-008749-003/2024(H5N1)	444	5848
NP|PP755592.1|A/cattle/Texas/24-008749-003/2024(H5N1)	445	5822
NP|PP755592.1|A/cattle/Texas/24-008749-003/2024(H5N1)	446	5712
NP|PP755592.1|A/cattle/Texas/24-008749-003/2024(H5N1)	447	5731
NP|PP755592.1|A/cattle/Texas/24-008749-003/2024(H5N1)	448	5762
NP|PP755592.1|A/cattle/Texas/24-008749-003/2024(H5N1)	449	5888
NP|PP755592.1|A/cattle/Texas/24-008749-003/2024(H5N1)	450	5859
NP|PP755592.1|A/cattle/Texas/24-008749-003/2024(H5N1)	451	5860
NP|PP755592.1|A/cattle/Texas/24-008749-003/2024(H5N1)	452	5862
NP|PP755592.1|A/cattle/Texas/24-008749-003/2024(H5N1)	453	5719
NP|PP755592.1|A/cattle/Texas/24-008749-003/2024(H5N1)	454	5727
NP|PP755592.1|A/cattle/Texas/24-008749-003/2024(H5N1)	455	5759
NP|PP755592.1|A/cattle/Texas/24-008749-003/2024(H5N1)	456	5762
NP|PP755592.1|A/cattle/Texas/24-008749-003/2024(H5N1)	457	5775
NP|PP755592.1|A/cattle/Texas/24-008749-003/2024(H5N1)	458	5705
NP|PP755592.1|A/cattle/Texas/24-008749-003/2024(H5N1)	459	5709
NP|PP755592.1|A/cattle/Texas/24-008749-003/2024(H5N1)	460	5690
NP|PP755592.1|A/cattle/Texas/24-008749-003/2024(H5N1)	461	5669
NP|PP755592.1|A/cattle/Texas/24-008749-003/2024(H5N1)	462	5680
NP|PP755592.1|A/cattle/Texas/24-008749-003/2024(H5N1)	463	5683
NP|PP755592.1|A/cattle/Texas/24-008749-003/2024(H5N1)	464	5640
NP|PP755592.1|A/cattle/Texas/24-008749-003/2024(H5N1)	465	5640
NP|PP755592.1|A/cattle/Texas/24-008749-003/2024(H5N1)	466	5625
NP|PP755592.1|A/cattle/Texas/24-008749-003/2024(H5N1)	467	5648
NP|PP755592.1|A/cattle/Texas/24-008749-003/2024(H5N1)	468	5670
NP|PP755592.1|A/cattle/Texas/24-008749-003/2024(H5N1)	469	5568
NP|PP755592.1|A/cattle/Texas/24-008749-003/2024(H5N1)	470	5499
NP|PP755592.1|A/cattle/Texas/24-008749-003/2024(H5N1)	471	5499
NP|PP755592.1|A/cattle/Texas/24-008749-003/2024(H5N1)	472	5613
NP|PP755592.1|A/cattle/Texas/24-008749-003/2024(H5N1)	473	5640
NP|PP755592.1|A/cattle/Texas/24-008749-003/2024(H5N1)	474	5704
NP|PP755592.1|A/cattle/Texas/24-008749-003/2024(H5N1)	475	5701
NP|PP755592.1|A/cattle/Texas/24-008749-003/2024(H5N1)	476	5634
NP|PP755592.1|A/cattle/Texas/24-008749-003/2024(H5N1)	477	5644
NP|PP755592.1|A/cattle/Texas/24-008749-003/2024(H5N1)	478	5664
NP|PP755592.1|A/cattle/Texas/24-008749-003/2024(H5N1)	479	5723
NP|PP755592.1|A/cattle/Texas/24-008749-003/2024(H5N1)	480	5837
NP|PP755592.1|A/cattle/Texas/24-008749-003/2024(H5N1)	481	5707
NP|PP755592.1|A/cattle/Texas/24-008749-003/2024(H5N1)	482	5682
NP|PP755592.1|A/cattle/Texas/24-008749-003/2024(H5N1)	483	5718
NP|PP755592.1|A/cattle/Texas/24-008749-003/2024(H5N1)	484	5763
NP|PP755592.1|A/cattle/Texas/24-008749-003/2024(H5N1)	485	5770
NP|PP755592.1|A/cattle/Texas/24-008749-003/2024(H5N1)	486	5739
NP|PP755592.1|A/cattle/Texas/24-008749-003/2024(H5N1)	487	5736
NP|PP755592.1|A/cattle/Texas/24-008749-003/2024(H5N1)	488	5482
NP|PP755592.1|A/cattle/Texas/24-008749-003/2024(H5N1)	489	5423
NP|PP755592.1|A/cattle/Texas/24-008749-003/2024(H5N1)	490	5358
NP|PP755592.1|A/cattle/Texas/24-008749-003/2024(H5N1)	491	5334
NP|PP755592.1|A/cattle/Texas/24-008749-003/2024(H5N1)	492	5335
NP|PP755592.1|A/cattle/Texas/24-008749-003/2024(H5N1)	493	5281
NP|PP755592.1|A/cattle/Texas/24-008749-003/2024(H5N1)	494	5334
NP|PP755592.1|A/cattle/Texas/24-008749-003/2024(H5N1)	495	5298
NP|PP755592.1|A/cattle/Texas/24-008749-003/2024(H5N1)	496	5356
NP|PP755592.1|A/cattle/Texas/24-008749-003/2024(H5N1)	497	5366
NP|PP755592.1|A/cattle/Texas/24-008749-003/2024(H5N1)	498	5365
NP|PP755592.1|A/cattle/Texas/24-008749-003/2024(H5N1)	499	5532
NP|PP755592.1|A/cattle/Texas/24-008749-003/2024(H5N1)	500	5545
NP|PP755592.1|A/cattle/Texas/24-008749-003/2024(H5N1)	501	5529
NP|PP755592.1|A/cattle/Texas/24-008749-003/2024(H5N1)	502	5538
NP|PP755592.1|A/cattle/Texas/24-008749-003/2024(H5N1)	503	5423
NP|PP755592.1|A/cattle/Texas/24-008749-003/2024(H5N1)	504	5455
NP|PP755592.1|A/cattle/Texas/24-008749-003/2024(H5N1)	505	5423
NP|PP755592.1|A/cattle/Texas/24-008749-003/2024(H5N1)	506	5664
NP|PP755592.1|A/cattle/Texas/24-008749-003/2024(H5N1)	507	5666
NP|PP755592.1|A/cattle/Texas/24-008749-003/2024(H5N1)	508	5612
NP|PP755592.1|A/cattle/Texas/24-008749-003/2024(H5N1)	509	5620
NP|PP755592.1|A/cattle/Texas/24-008749-003/2024(H5N1)	510	5808
NP|PP755592.1|A/cattle/Texas/24-008749-003/2024(H5N1)	511	5858
NP|PP755592.1|A/cattle/Texas/24-008749-003/2024(H5N1)	512	5884
NP|PP755592.1|A/cattle/Texas/24-008749-003/2024(H5N1)	513	5847
NP|PP755592.1|A/cattle/Texas/24-008749-003/2024(H5N1)	514	5947
NP|PP755592.1|A/cattle/Texas/24-008749-003/2024(H5N1)	515	5816
NP|PP755592.1|A/cattle/Texas/24-008749-003/2024(H5N1)	516	6212
NP|PP755592.1|A/cattle/Texas/24-008749-003/2024(H5N1)	517	6192
NP|PP755592.1|A/cattle/Texas/24-008749-003/2024(H5N1)	518	6161
NP|PP755592.1|A/cattle/Texas/24-008749-003/2024(H5N1)	519	6178
NP|PP755592.1|A/cattle/Texas/24-008749-003/2024(H5N1)	520	6152
NP|PP755592.1|A/cattle/Texas/24-008749-003/2024(H5N1)	521	6141
NP|PP755592.1|A/cattle/Texas/24-008749-003/2024(H5N1)	522	6111
NP|PP755592.1|A/cattle/Texas/24-008749-003/2024(H5N1)	523	6038
NP|PP755592.1|A/cattle/Texas/24-008749-003/2024(H5N1)	524	6048
NP|PP755592.1|A/cattle/Texas/24-008749-003/2024(H5N1)	525	5794
NP|PP755592.1|A/cattle/Texas/24-008749-003/2024(H5N1)	526	5798
NP|PP755592.1|A/cattle/Texas/24-008749-003/2024(H5N1)	527	5781
NP|PP755592.1|A/cattle/Texas/24-008749-003/2024(H5N1)	528	5778
NP|PP755592.1|A/cattle/Texas/24-008749-003/2024(H5N1)	529	5772
NP|PP755592.1|A/cattle/Texas/24-008749-003/2024(H5N1)	530	5787
NP|PP755592.1|A/cattle/Texas/24-008749-003/2024(H5N1)	531	5787
NP|PP755592.1|A/cattle/Texas/24-008749-003/2024(H5N1)	532	5562
NP|PP755592.1|A/cattle/Texas/24-008749-003/2024(H5N1)	533	5510
NP|PP755592.1|A/cattle/Texas/24-008749-003/2024(H5N1)	534	5461
NP|PP755592.1|A/cattle/Texas/24-008749-003/2024(H5N1)	535	5503
NP|PP755592.1|A/cattle/Texas/24-008749-003/2024(H5N1)	536	5487
NP|PP755592.1|A/cattle/Texas/24-008749-003/2024(H5N1)	537	5487
NP|PP755592.1|A/cattle/Texas/24-008749-003/2024(H5N1)	538	5488
NP|PP755592.1|A/cattle/Texas/24-008749-003/2024(H5N1)	539	5523
NP|PP755592.1|A/cattle/Texas/24-008749-003/2024(H5N1)	540	5442
NP|PP755592.1|A/cattle/Texas/24-008749-003/2024(H5N1)	541	5444
NP|PP755592.1|A/cattle/Texas/24-008749-003/2024(H5N1)	542	5429
NP|PP755592.1|A/cattle/Texas/24-008749-003/2024(H5N1)	543	5383
NP|PP755592.1|A/cattle/Texas/24-008749-003/2024(H5N1)	544	5432
NP|PP755592.1|A/cattle/Texas/24-008749-003/2024(H5N1)	545	5370
NP|PP755592.1|A/cattle/Texas/24-008749-003/2024(H5N1)	546	5439
NP|PP755592.1|A/cattle/Texas/24-008749-003/2024(H5N1)	547	5530
NP|PP755592.1|A/cattle/Texas/24-008749-003/2024(H5N1)	548	5698
NP|PP755592.1|A/cattle/Texas/24-008749-003/2024(H5N1)	549	5722
NP|PP755592.1|A/cattle/Texas/24-008749-003/2024(H5N1)	550	5711
NP|PP755592.1|A/cattle/Texas/24-008749-003/2024(H5N1)	551	5712
NP|PP755592.1|A/cattle/Texas/24-008749-003/2024(H5N1)	552	5704
NP|PP755592.1|A/cattle/Texas/24-008749-003/2024(H5N1)	553	5656
NP|PP755592.1|A/cattle/Texas/24-008749-003/2024(H5N1)	554	5877
NP|PP755592.1|A/cattle/Texas/24-008749-003/2024(H5N1)	555	5817
NP|PP755592.1|A/cattle/Texas/24-008749-003/2024(H5N1)	556	5790
NP|PP755592.1|A/cattle/Texas/24-008749-003/2024(H5N1)	557	5818
NP|PP755592.1|A/cattle/Texas/24-008749-003/2024(H5N1)	558	5845
NP|PP755592.1|A/cattle/Texas/24-008749-003/2024(H5N1)	559	5845
NP|PP755592.1|A/cattle/Texas/24-008749-003/2024(H5N1)	560	5969
NP|PP755592.1|A/cattle/Texas/24-008749-003/2024(H5N1)	561	5971
NP|PP755592.1|A/cattle/Texas/24-008749-003/2024(H5N1)	562	5964
NP|PP755592.1|A/cattle/Texas/24-008749-003/2024(H5N1)	563	5946
NP|PP755592.1|A/cattle/Texas/24-008749-003/2024(H5N1)	564	5790
NP|PP755592.1|A/cattle/Texas/24-008749-003/2024(H5N1)	565	5918
NP|PP755592.1|A/cattle/Texas/24-008749-003/2024(H5N1)	566	5966
NP|PP755592.1|A/cattle/Texas/24-008749-003/2024(H5N1)	567	5982
NP|PP755592.1|A/cattle/Texas/24-008749-003/2024(H5N1)	568	5990
NP|PP755592.1|A/cattle/Texas/24-008749-003/2024(H5N1)	569	5892
NP|PP755592.1|A/cattle/Texas/24-008749-003/2024(H5N1)	570	6121
NP|PP755592.1|A/cattle/Texas/24-008749-003/2024(H5N1)	571	6140
NP|PP755592.1|A/cattle/Texas/24-008749-003/2024(H5N1)	572	6142
NP|PP755592.1|A/cattle/Texas/24-008749-003/2024(H5N1)	573	6145
NP|PP755592.1|A/cattle/Texas/24-008749-003/2024(H5N1)	574	6222
NP|PP755592.1|A/cattle/Texas/24-008749-003/2024(H5N1)	575	6127
NP|PP755592.1|A/cattle/Texas/24-008749-003/2024(H5N1)	576	6228
NP|PP755592.1|A/cattle/Texas/24-008749-003/2024(H5N1)	577	6223
NP|PP755592.1|A/cattle/Texas/24-008749-003/2024(H5N1)	578	6231
NP|PP755592.1|A/cattle/Texas/24-008749-003/2024(H5N1)	579	6272
NP|PP755592.1|A/cattle/Texas/24-008749-003/2024(H5N1)	580	6305
NP|PP755592.1|A/cattle/Texas/24-008749-003/2024(H5N1)	581	6345
NP|PP755592.1|A/cattle/Texas/24-008749-003/2024(H5N1)	582	6362
NP|PP755592.1|A/cattle/Texas/24-008749-003/2024(H5N1)	583	6307
NP|PP755592.1|A/cattle/Texas/24-008749-003/2024(H5N1)	584	6305
NP|PP755592.1|A/cattle/Texas/24-008749-003/2024(H5N1)	585	6269
NP|PP755592.1|A/cattle/Texas/24-008749-003/2024(H5N1)	586	6300
NP|PP755592.1|A/cattle/Texas/24-008749-003/2024(H5N1)	587	6269
NP|PP755592.1|A/cattle/Texas/24-008749-003/2024(H5N1)	588	6237
NP|PP755592.1|A/cattle/Texas/24-008749-003/2024(H5N1)	589	6241
NP|PP755592.1|A/cattle/Texas/24-008749-003/2024(H5N1)	590	6187
NP|PP755592.1|A/cattle/Texas/24-008749-003/2024(H5N1)	591	6197
NP|PP755592.1|A/cattle/Texas/24-008749-003/2024(H5N1)	592	6213
NP|PP755592.1|A/cattle/Texas/24-008749-003/2024(H5N1)	593	6281
NP|PP755592.1|A/cattle/Texas/24-008749-003/2024(H5N1)	594	6264
NP|PP755592.1|A/cattle/Texas/24-008749-003/2024(H5N1)	595	6169
NP|PP755592.1|A/cattle/Texas/24-008749-003/2024(H5N1)	596	6165
NP|PP755592.1|A/cattle/Texas/24-008749-003/2024(H5N1)	597	6090
NP|PP755592.1|A/cattle/Texas/24-008749-003/2024(H5N1)	598	6071
NP|PP755592.1|A/cattle/Texas/24-008749-003/2024(H5N1)	599	6175
NP|PP755592.1|A/cattle/Texas/24-008749-003/2024(H5N1)	600	6065
NP|PP755592.1|A/cattle/Texas/24-008749-003/2024(H5N1)	601	6090
NP|PP755592.1|A/cattle/Texas/24-008749-003/2024(H5N1)	602	6069
NP|PP755592.1|A/cattle/Texas/24-008749-003/2024(H5N1)	603	6060
NP|PP755592.1|A/cattle/Texas/24-008749-003/2024(H5N1)	604	6086
NP|PP755592.1|A/cattle/Texas/24-008749-003/2024(H5N1)	605	6088
NP|PP755592.1|A/cattle/Texas/24-008749-003/2024(H5N1)	606	6034
NP|PP755592.1|A/cattle/Texas/24-008749-003/2024(H5N1)	607	6036
NP|PP755592.1|A/cattle/Texas/24-008749-003/2024(H5N1)	608	5978
NP|PP755592.1|A/cattle/Texas/24-008749-003/2024(H5N1)	609	5944
NP|PP755592.1|A/cattle/Texas/24-008749-003/2024(H5N1)	610	5872
NP|PP755592.1|A/cattle/Texas/24-008749-003/2024(H5N1)	611	5868
NP|PP755592.1|A/cattle/Texas/24-008749-003/2024(H5N1)	612	5897
NP|PP755592.1|A/cattle/Texas/24-008749-003/2024(H5N1)	613	5911
NP|PP755592.1|A/cattle/Texas/24-008749-003/2024(H5N1)	614	5963
NP|PP755592.1|A/cattle/Texas/24-008749-003/2024(H5N1)	615	6046
NP|PP755592.1|A/cattle/Texas/24-008749-003/2024(H5N1)	616	6057
NP|PP755592.1|A/cattle/Texas/24-008749-003/2024(H5N1)	617	6054
NP|PP755592.1|A/cattle/Texas/24-008749-003/2024(H5N1)	618	5952
NP|PP755592.1|A/cattle/Texas/24-008749-003/2024(H5N1)	619	5950
NP|PP755592.1|A/cattle/Texas/24-008749-003/2024(H5N1)	620	5949
NP|PP755592.1|A/cattle/Texas/24-008749-003/2024(H5N1)	621	5947
NP|PP755592.1|A/cattle/Texas/24-008749-003/2024(H5N1)	622	5972
NP|PP755592.1|A/cattle/Texas/24-008749-003/2024(H5N1)	623	5861
NP|PP755592.1|A/cattle/Texas/24-008749-003/2024(H5N1)	624	5777
NP|PP755592.1|A/cattle/Texas/24-008749-003/2024(H5N1)	625	5844
NP|PP755592.1|A/cattle/Texas/24-008749-003/2024(H5N1)	626	5862
NP|PP755592.1|A/cattle/Texas/24-008749-003/2024(H5N1)	627	5867
NP|PP755592.1|A/cattle/Texas/24-008749-003/2024(H5N1)	628	5867
NP|PP755592.1|A/cattle/Texas/24-008749-003/2024(H5N1)	629	5866
NP|PP755592.1|A/cattle/Texas/24-008749-003/2024(H5N1)	630	5686
NP|PP755592.1|A/cattle/Texas/24-008749-003/2024(H5N1)	631	5593
NP|PP755592.1|A/cattle/Texas/24-008749-003/2024(H5N1)	632	5584
NP|PP755592.1|A/cattle/Texas/24-008749-003/2024(H5N1)	633	5584
NP|PP755592.1|A/cattle/Texas/24-008749-003/2024(H5N1)	634	5568
NP|PP755592.1|A/cattle/Texas/24-008749-003/2024(H5N1)	635	5530
NP|PP755592.1|A/cattle/Texas/24-008749-003/2024(H5N1)	636	5560
NP|PP755592.1|A/cattle/Texas/24-008749-003/2024(H5N1)	637	5528
NP|PP755592.1|A/cattle/Texas/24-008749-003/2024(H5N1)	638	5515
NP|PP755592.1|A/cattle/Texas/24-008749-003/2024(H5N1)	639	5532
NP|PP755592.1|A/cattle/Texas/24-008749-003/2024(H5N1)	640	5516
NP|PP755592.1|A/cattle/Texas/24-008749-003/2024(H5N1)	641	5638
NP|PP755592.1|A/cattle/Texas/24-008749-003/2024(H5N1)	642	5811
NP|PP755592.1|A/cattle/Texas/24-008749-003/2024(H5N1)	643	5819
NP|PP755592.1|A/cattle/Texas/24-008749-003/2024(H5N1)	644	5695
NP|PP755592.1|A/cattle/Texas/24-008749-003/2024(H5N1)	645	5697
NP|PP755592.1|A/cattle/Texas/24-008749-003/2024(H5N1)	646	5693
NP|PP755592.1|A/cattle/Texas/24-008749-003/2024(H5N1)	647	5721
NP|PP755592.1|A/cattle/Texas/24-008749-003/2024(H5N1)	648	5896
NP|PP755592.1|A/cattle/Texas/24-008749-003/2024(H5N1)	649	5875
NP|PP755592.1|A/cattle/Texas/24-008749-003/2024(H5N1)	650	5860
NP|PP755592.1|A/cattle/Texas/24-008749-003/2024(H5N1)	651	5869
NP|PP755592.1|A/cattle/Texas/24-008749-003/2024(H5N1)	652	6112
NP|PP755592.1|A/cattle/Texas/24-008749-003/2024(H5N1)	653	6137
NP|PP755592.1|A/cattle/Texas/24-008749-003/2024(H5N1)	654	6104
NP|PP755592.1|A/cattle/Texas/24-008749-003/2024(H5N1)	655	6093
NP|PP755592.1|A/cattle/Texas/24-008749-003/2024(H5N1)	656	6072
NP|PP755592.1|A/cattle/Texas/24-008749-003/2024(H5N1)	657	5911
NP|PP755592.1|A/cattle/Texas/24-008749-003/2024(H5N1)	658	5911
NP|PP755592.1|A/cattle/Texas/24-008749-003/2024(H5N1)	659	5947
NP|PP755592.1|A/cattle/Texas/24-008749-003/2024(H5N1)	660	5937
NP|PP755592.1|A/cattle/Texas/24-008749-003/2024(H5N1)	661	5741
NP|PP755592.1|A/cattle/Texas/24-008749-003/2024(H5N1)	662	5696
NP|PP755592.1|A/cattle/Texas/24-008749-003/2024(H5N1)	663	5773
NP|PP755592.1|A/cattle/Texas/24-008749-003/2024(H5N1)	664	5875
NP|PP755592.1|A/cattle/Texas/24-008749-003/2024(H5N1)	665	5744
NP|PP755592.1|A/cattle/Texas/24-008749-003/2024(H5N1)	666	5804
NP|PP755592.1|A/cattle/Texas/24-008749-003/2024(H5N1)	667	5383
NP|PP755592.1|A/cattle/Texas/24-008749-003/2024(H5N1)	668	5376
NP|PP755592.1|A/cattle/Texas/24-008749-003/2024(H5N1)	669	5444
NP|PP755592.1|A/cattle/Texas/24-008749-003/2024(H5N1)	670	5442
NP|PP755592.1|A/cattle/Texas/24-008749-003/2024(H5N1)	671	5455
NP|PP755592.1|A/cattle/Texas/24-008749-003/2024(H5N1)	672	5572
NP|PP755592.1|A/cattle/Texas/24-008749-003/2024(H5N1)	673	5535
NP|PP755592.1|A/cattle/Texas/24-008749-003/2024(H5N1)	674	5557
NP|PP755592.1|A/cattle/Texas/24-008749-003/2024(H5N1)	675	5430
NP|PP755592.1|A/cattle/Texas/24-008749-003/2024(H5N1)	676	5440
NP|PP755592.1|A/cattle/Texas/24-008749-003/2024(H5N1)	677	5489
NP|PP755592.1|A/cattle/Texas/24-008749-003/2024(H5N1)	678	5512
NP|PP755592.1|A/cattle/Texas/24-008749-003/2024(H5N1)	679	5516
NP|PP755592.1|A/cattle/Texas/24-008749-003/2024(H5N1)	680	5503
NP|PP755592.1|A/cattle/Texas/24-008749-003/2024(H5N1)	681	5496
NP|PP755592.1|A/cattle/Texas/24-008749-003/2024(H5N1)	682	5526
NP|PP755592.1|A/cattle/Texas/24-008749-003/2024(H5N1)	683	5545
NP|PP755592.1|A/cattle/Texas/24-008749-003/2024(H5N1)	684	5531
NP|PP755592.1|A/cattle/Texas/24-008749-003/2024(H5N1)	685	5517
NP|PP755592.1|A/cattle/Texas/24-008749-003/2024(H5N1)	686	5468
NP|PP755592.1|A/cattle/Texas/24-008749-003/2024(H5N1)	687	5664
NP|PP755592.1|A/cattle/Texas/24-008749-003/2024(H5N1)	688	5699
NP|PP755592.1|A/cattle/Texas/24-008749-003/2024(H5N1)	689	5696
NP|PP755592.1|A/cattle/Texas/24-008749-003/2024(H5N1)	690	5689
NP|PP755592.1|A/cattle/Texas/24-008749-003/2024(H5N1)	691	5667
NP|PP755592.1|A/cattle/Texas/24-008749-003/2024(H5N1)	692	5670
NP|PP755592.1|A/cattle/Texas/24-008749-003/2024(H5N1)	693	5679
NP|PP755592.1|A/cattle/Texas/24-008749-003/2024(H5N1)	694	5674
NP|PP755592.1|A/cattle/Texas/24-008749-003/2024(H5N1)	695	5749
NP|PP755592.1|A/cattle/Texas/24-008749-003/2024(H5N1)	696	5536
NP|PP755592.1|A/cattle/Texas/24-008749-003/2024(H5N1)	697	5519
NP|PP755592.1|A/cattle/Texas/24-008749-003/2024(H5N1)	698	5542
NP|PP755592.1|A/cattle/Texas/24-008749-003/2024(H5N1)	699	5525
NP|PP755592.1|A/cattle/Texas/24-008749-003/2024(H5N1)	700	5530
NP|PP755592.1|A/cattle/Texas/24-008749-003/2024(H5N1)	701	5588
NP|PP755592.1|A/cattle/Texas/24-008749-003/2024(H5N1)	702	5610
NP|PP755592.1|A/cattle/Texas/24-008749-003/2024(H5N1)	703	5846
NP|PP755592.1|A/cattle/Texas/24-008749-003/2024(H5N1)	704	5716
NP|PP755592.1|A/cattle/Texas/24-008749-003/2024(H5N1)	705	5574
NP|PP755592.1|A/cattle/Texas/24-008749-003/2024(H5N1)	706	5512
NP|PP755592.1|A/cattle/Texas/24-008749-003/2024(H5N1)	707	5629
NP|PP755592.1|A/cattle/Texas/24-008749-003/2024(H5N1)	708	5650
NP|PP755592.1|A/cattle/Texas/24-008749-003/2024(H5N1)	709	5626
NP|PP755592.1|A/cattle/Texas/24-008749-003/2024(H5N1)	710	5876
NP|PP755592.1|A/cattle/Texas/24-008749-003/2024(H5N1)	711	5880
NP|PP755592.1|A/cattle/Texas/24-008749-003/2024(H5N1)	712	6181
NP|PP755592.1|A/cattle/Texas/24-008749-003/2024(H5N1)	713	6230
NP|PP755592.1|A/cattle/Texas/24-008749-003/2024(H5N1)	714	6224
NP|PP755592.1|A/cattle/Texas/24-008749-003/2024(H5N1)	715	6236
NP|PP755592.1|A/cattle/Texas/24-008749-003/2024(H5N1)	716	6107
NP|PP755592.1|A/cattle/Texas/24-008749-003/2024(H5N1)	717	6056
NP|PP755592.1|A/cattle/Texas/24-008749-003/2024(H5N1)	718	6151
NP|PP755592.1|A/cattle/Texas/24-008749-003/2024(H5N1)	719	6163
NP|PP755592.1|A/cattle/Texas/24-008749-003/2024(H5N1)	720	6239
NP|PP755592.1|A/cattle/Texas/24-008749-003/2024(H5N1)	721	5949
NP|PP755592.1|A/cattle/Texas/24-008749-003/2024(H5N1)	722	6009
NP|PP755592.1|A/cattle/Texas/24-008749-003/2024(H5N1)	723	6036
NP|PP755592.1|A/cattle/Texas/24-008749-003/2024(H5N1)	724	6069
NP|PP755592.1|A/cattle/Texas/24-008749-003/2024(H5N1)	725	5981
NP|PP755592.1|A/cattle/Texas/24-008749-003/2024(H5N1)	726	5977
NP|PP755592.1|A/cattle/Texas/24-008749-003/2024(H5N1)	727	5856
NP|PP755592.1|A/cattle/Texas/24-008749-003/2024(H5N1)	728	5876
NP|PP755592.1|A/cattle/Texas/24-008749-003/2024(H5N1)	729	5876
NP|PP755592.1|A/cattle/Texas/24-008749-003/2024(H5N1)	730	5832
NP|PP755592.1|A/cattle/Texas/24-008749-003/2024(H5N1)	731	5765
NP|PP755592.1|A/cattle/Texas/24-008749-003/2024(H5N1)	732	5719
NP|PP755592.1|A/cattle/Texas/24-008749-003/2024(H5N1)	733	5710
NP|PP755592.1|A/cattle/Texas/24-008749-003/2024(H5N1)	734	5733
NP|PP755592.1|A/cattle/Texas/24-008749-003/2024(H5N1)	735	5760
NP|PP755592.1|A/cattle/Texas/24-008749-003/2024(H5N1)	736	5800
NP|PP755592.1|A/cattle/Texas/24-008749-003/2024(H5N1)	737	5785
NP|PP755592.1|A/cattle/Texas/24-008749-003/2024(H5N1)	738	5782
NP|PP755592.1|A/cattle/Texas/24-008749-003/2024(H5N1)	739	5808
NP|PP755592.1|A/cattle/Texas/24-008749-003/2024(H5N1)	740	5879
NP|PP755592.1|A/cattle/Texas/24-008749-003/2024(H5N1)	741	5962
NP|PP755592.1|A/cattle/Texas/24-008749-003/2024(H5N1)	742	5986
NP|PP755592.1|A/cattle/Texas/24-008749-003/2024(H5N1)	743	5932
NP|PP755592.1|A/cattle/Texas/24-008749-003/2024(H5N1)	744	5887
NP|PP755592.1|A/cattle/Texas/24-008749-003/2024(H5N1)	745	5903
NP|PP755592.1|A/cattle/Texas/24-008749-003/2024(H5N1)	746	5936
NP|PP755592.1|A/cattle/Texas/24-008749-003/2024(H5N1)	747	5958
NP|PP755592.1|A/cattle/Texas/24-008749-003/2024(H5N1)	748	5995
NP|PP755592.1|A/cattle/Texas/24-008749-003/2024(H5N1)	749	5966
NP|PP755592.1|A/cattle/Texas/24-008749-003/2024(H5N1)	750	5902
NP|PP755592.1|A/cattle/Texas/24-008749-003/2024(H5N1)	751	5877
NP|PP755592.1|A/cattle/Texas/24-008749-003/2024(H5N1)	752	5917
NP|PP755592.1|A/cattle/Texas/24-008749-003/2024(H5N1)	753	5893
NP|PP755592.1|A/cattle/Texas/24-008749-003/2024(H5N1)	754	5898
NP|PP755592.1|A/cattle/Texas/24-008749-003/2024(H5N1)	755	5879
NP|PP755592.1|A/cattle/Texas/24-008749-003/2024(H5N1)	756	5933
NP|PP755592.1|A/cattle/Texas/24-008749-003/2024(H5N1)	757	6057
NP|PP755592.1|A/cattle/Texas/24-008749-003/2024(H5N1)	758	6082
NP|PP755592.1|A/cattle/Texas/24-008749-003/2024(H5N1)	759	6062
NP|PP755592.1|A/cattle/Texas/24-008749-003/2024(H5N1)	760	6066
NP|PP755592.1|A/cattle/Texas/24-008749-003/2024(H5N1)	761	6067
NP|PP755592.1|A/cattle/Texas/24-008749-003/2024(H5N1)	762	6069
NP|PP755592.1|A/cattle/Texas/24-008749-003/2024(H5N1)	763	6090
NP|PP755592.1|A/cattle/Texas/24-008749-003/2024(H5N1)	764	6139
NP|PP755592.1|A/cattle/Texas/24-008749-003/2024(H5N1)	765	6086
NP|PP755592.1|A/cattle/Texas/24-008749-003/2024(H5N1)	766	6087
NP|PP755592.1|A/cattle/Texas/24-008749-003/2024(H5N1)	767	6071
NP|PP755592.1|A/cattle/Texas/24-008749-003/2024(H5N1)	768	6137
NP|PP755592.1|A/cattle/Texas/24-008749-003/2024(H5N1)	769	6139
NP|PP755592.1|A/cattle/Texas/24-008749-003/2024(H5N1)	770	6141
NP|PP755592.1|A/cattle/Texas/24-008749-003/2024(H5N1)	771	6139
NP|PP755592.1|A/cattle/Texas/24-008749-003/2024(H5N1)	772	6068
NP|PP755592.1|A/cattle/Texas/24-008749-003/2024(H5N1)	773	6077
NP|PP755592.1|A/cattle/Texas/24-008749-003/2024(H5N1)	774	6072
NP|PP755592.1|A/cattle/Texas/24-008749-003/2024(H5N1)	775	5982
NP|PP755592.1|A/cattle/Texas/24-008749-003/2024(H5N1)	776	5989
NP|PP755592.1|A/cattle/Texas/24-008749-003/2024(H5N1)	777	6116
NP|PP755592.1|A/cattle/Texas/24-008749-003/2024(H5N1)	778	6117
NP|PP755592.1|A/cattle/Texas/24-008749-003/2024(H5N1)	779	6104
NP|PP755592.1|A/cattle/Texas/24-008749-003/2024(H5N1)	780	6099
NP|PP755592.1|A/cattle/Texas/24-008749-003/2024(H5N1)	781	6112
NP|PP755592.1|A/cattle/Texas/24-008749-003/2024(H5N1)	782	6176
NP|PP755592.1|A/cattle/Texas/24-008749-003/2024(H5N1)	783	6216
NP|PP755592.1|A/cattle/Texas/24-008749-003/2024(H5N1)	784	6224
NP|PP755592.1|A/cattle/Texas/24-008749-003/2024(H5N1)	785	6204
NP|PP755592.1|A/cattle/Texas/24-008749-003/2024(H5N1)	786	6191
NP|PP755592.1|A/cattle/Texas/24-008749-003/2024(H5N1)	787	6348
NP|PP755592.1|A/cattle/Texas/24-008749-003/2024(H5N1)	788	6370
NP|PP755592.1|A/cattle/Texas/24-008749-003/2024(H5N1)	789	6393
NP|PP755592.1|A/cattle/Texas/24-008749-003/2024(H5N1)	790	6312
NP|PP755592.1|A/cattle/Texas/24-008749-003/2024(H5N1)	791	6201
NP|PP755592.1|A/cattle/Texas/24-008749-003/2024(H5N1)	792	6308
NP|PP755592.1|A/cattle/Texas/24-008749-003/2024(H5N1)	793	6358
NP|PP755592.1|A/cattle/Texas/24-008749-003/2024(H5N1)	794	6407
NP|PP755592.1|A/cattle/Texas/24-008749-003/2024(H5N1)	795	6398
NP|PP755592.1|A/cattle/Texas/24-008749-003/2024(H5N1)	796	6189
NP|PP755592.1|A/cattle/Texas/24-008749-003/2024(H5N1)	797	6200
NP|PP755592.1|A/cattle/Texas/24-008749-003/2024(H5N1)	798	6146
NP|PP755592.1|A/cattle/Texas/24-008749-003/2024(H5N1)	799	6194
NP|PP755592.1|A/cattle/Texas/24-008749-003/2024(H5N1)	800	6224
NP|PP755592.1|A/cattle/Texas/24-008749-003/2024(H5N1)	801	6105
NP|PP755592.1|A/cattle/Texas/24-008749-003/2024(H5N1)	802	6052
NP|PP755592.1|A/cattle/Texas/24-008749-003/2024(H5N1)	803	5947
NP|PP755592.1|A/cattle/Texas/24-008749-003/2024(H5N1)	804	6143
NP|PP755592.1|A/cattle/Texas/24-008749-003/2024(H5N1)	805	6118
NP|PP755592.1|A/cattle/Texas/24-008749-003/2024(H5N1)	806	6100
NP|PP755592.1|A/cattle/Texas/24-008749-003/2024(H5N1)	807	6079
NP|PP755592.1|A/cattle/Texas/24-008749-003/2024(H5N1)	808	6081
NP|PP755592.1|A/cattle/Texas/24-008749-003/2024(H5N1)	809	6051
NP|PP755592.1|A/cattle/Texas/24-008749-003/2024(H5N1)	810	6046
NP|PP755592.1|A/cattle/Texas/24-008749-003/2024(H5N1)	811	6137
NP|PP755592.1|A/cattle/Texas/24-008749-003/2024(H5N1)	812	6043
NP|PP755592.1|A/cattle/Texas/24-008749-003/2024(H5N1)	813	6051
NP|PP755592.1|A/cattle/Texas/24-008749-003/2024(H5N1)	814	6099
NP|PP755592.1|A/cattle/Texas/24-008749-003/2024(H5N1)	815	6256
NP|PP755592.1|A/cattle/Texas/24-008749-003/2024(H5N1)	816	6272
NP|PP755592.1|A/cattle/Texas/24-008749-003/2024(H5N1)	817	6184
NP|PP755592.1|A/cattle/Texas/24-008749-003/2024(H5N1)	818	6231
NP|PP755592.1|A/cattle/Texas/24-008749-003/2024(H5N1)	819	6287
NP|PP755592.1|A/cattle/Texas/24-008749-003/2024(H5N1)	820	6219
NP|PP755592.1|A/cattle/Texas/24-008749-003/2024(H5N1)	821	6189
NP|PP755592.1|A/cattle/Texas/24-008749-003/2024(H5N1)	822	6169
NP|PP755592.1|A/cattle/Texas/24-008749-003/2024(H5N1)	823	6023
NP|PP755592.1|A/cattle/Texas/24-008749-003/2024(H5N1)	824	6045
NP|PP755592.1|A/cattle/Texas/24-008749-003/2024(H5N1)	825	6045
NP|PP755592.1|A/cattle/Texas/24-008749-003/2024(H5N1)	826	6050
NP|PP755592.1|A/cattle/Texas/24-008749-003/2024(H5N1)	827	6022
NP|PP755592.1|A/cattle/Texas/24-008749-003/2024(H5N1)	828	5985
NP|PP755592.1|A/cattle/Texas/24-008749-003/2024(H5N1)	829	6023
NP|PP755592.1|A/cattle/Texas/24-008749-003/2024(H5N1)	830	6009
NP|PP755592.1|A/cattle/Texas/24-008749-003/2024(H5N1)	831	5977
NP|PP755592.1|A/cattle/Texas/24-008749-003/2024(H5N1)	832	6000
NP|PP755592.1|A/cattle/Texas/24-008749-003/2024(H5N1)	833	5982
NP|PP755592.1|A/cattle/Texas/24-008749-003/2024(H5N1)	834	5983
NP|PP755592.1|A/cattle/Texas/24-008749-003/2024(H5N1)	835	5988
NP|PP755592.1|A/cattle/Texas/24-008749-003/2024(H5N1)	836	5988
NP|PP755592.1|A/cattle/Texas/24-008749-003/2024(H5N1)	837	5806
NP|PP755592.1|A/cattle/Texas/24-008749-003/2024(H5N1)	838	5828
NP|PP755592.1|A/cattle/Texas/24-008749-003/2024(H5N1)	839	5917
NP|PP755592.1|A/cattle/Texas/24-008749-003/2024(H5N1)	840	5966
NP|PP755592.1|A/cattle/Texas/24-008749-003/2024(H5N1)	841	5955
NP|PP755592.1|A/cattle/Texas/24-008749-003/2024(H5N1)	842	6197
NP|PP755592.1|A/cattle/Texas/24-008749-003/2024(H5N1)	843	6214
NP|PP755592.1|A/cattle/Texas/24-008749-003/2024(H5N1)	844	6218
NP|PP755592.1|A/cattle/Texas/24-008749-003/2024(H5N1)	845	6457
NP|PP755592.1|A/cattle/Texas/24-008749-003/2024(H5N1)	846	6329
NP|PP755592.1|A/cattle/Texas/24-008749-003/2024(H5N1)	847	6407
NP|PP755592.1|A/cattle/Texas/24-008749-003/2024(H5N1)	848	6318
NP|PP755592.1|A/cattle/Texas/24-008749-003/2024(H5N1)	849	6289
NP|PP755592.1|A/cattle/Texas/24-008749-003/2024(H5N1)	850	6654
NP|PP755592.1|A/cattle/Texas/24-008749-003/2024(H5N1)	851	6634
NP|PP755592.1|A/cattle/Texas/24-008749-003/2024(H5N1)	852	6765
NP|PP755592.1|A/cattle/Texas/24-008749-003/2024(H5N1)	853	6762
NP|PP755592.1|A/cattle/Texas/24-008749-003/2024(H5N1)	854	6559
NP|PP755592.1|A/cattle/Texas/24-008749-003/2024(H5N1)	855	6615
NP|PP755592.1|A/cattle/Texas/24-008749-003/2024(H5N1)	856	6619
NP|PP755592.1|A/cattle/Texas/24-008749-003/2024(H5N1)	857	6522
NP|PP755592.1|A/cattle/Texas/24-008749-003/2024(H5N1)	858	6502
NP|PP755592.1|A/cattle/Texas/24-008749-003/2024(H5N1)	859	6108
NP|PP755592.1|A/cattle/Texas/24-008749-003/2024(H5N1)	860	6133
NP|PP755592.1|A/cattle/Texas/24-008749-003/2024(H5N1)	861	6174
NP|PP755592.1|A/cattle/Texas/24-008749-003/2024(H5N1)	862	6255
NP|PP755592.1|A/cattle/Texas/24-008749-003/2024(H5N1)	863	6001
NP|PP755592.1|A/cattle/Texas/24-008749-003/2024(H5N1)	864	5953
NP|PP755592.1|A/cattle/Texas/24-008749-003/2024(H5N1)	865	5943
NP|PP755592.1|A/cattle/Texas/24-008749-003/2024(H5N1)	866	5933
NP|PP755592.1|A/cattle/Texas/24-008749-003/2024(H5N1)	867	5954
NP|PP755592.1|A/cattle/Texas/24-008749-003/2024(H5N1)	868	5951
NP|PP755592.1|A/cattle/Texas/24-008749-003/2024(H5N1)	869	5844
NP|PP755592.1|A/cattle/Texas/24-008749-003/2024(H5N1)	870	5843
NP|PP755592.1|A/cattle/Texas/24-008749-003/2024(H5N1)	871	5758
NP|PP755592.1|A/cattle/Texas/24-008749-003/2024(H5N1)	872	5757
NP|PP755592.1|A/cattle/Texas/24-008749-003/2024(H5N1)	873	5679
NP|PP755592.1|A/cattle/Texas/24-008749-003/2024(H5N1)	874	5638
NP|PP755592.1|A/cattle/Texas/24-008749-003/2024(H5N1)	875	5658
NP|PP755592.1|A/cattle/Texas/24-008749-003/2024(H5N1)	876	5664
NP|PP755592.1|A/cattle/Texas/24-008749-003/2024(H5N1)	877	5661
NP|PP755592.1|A/cattle/Texas/24-008749-003/2024(H5N1)	878	5703
NP|PP755592.1|A/cattle/Texas/24-008749-003/2024(H5N1)	879	5917
NP|PP755592.1|A/cattle/Texas/24-008749-003/2024(H5N1)	880	5995
NP|PP755592.1|A/cattle/Texas/24-008749-003/2024(H5N1)	881	6006
NP|PP755592.1|A/cattle/Texas/24-008749-003/2024(H5N1)	882	6027
NP|PP755592.1|A/cattle/Texas/24-008749-003/2024(H5N1)	883	6152
NP|PP755592.1|A/cattle/Texas/24-008749-003/2024(H5N1)	884	6160
NP|PP755592.1|A/cattle/Texas/24-008749-003/2024(H5N1)	885	6236
NP|PP755592.1|A/cattle/Texas/24-008749-003/2024(H5N1)	886	6220
NP|PP755592.1|A/cattle/Texas/24-008749-003/2024(H5N1)	887	6209
NP|PP755592.1|A/cattle/Texas/24-008749-003/2024(H5N1)	888	6222
NP|PP755592.1|A/cattle/Texas/24-008749-003/2024(H5N1)	889	6131
NP|PP755592.1|A/cattle/Texas/24-008749-003/2024(H5N1)	890	6144
NP|PP755592.1|A/cattle/Texas/24-008749-003/2024(H5N1)	891	6171
NP|PP755592.1|A/cattle/Texas/24-008749-003/2024(H5N1)	892	6070
NP|PP755592.1|A/cattle/Texas/24-008749-003/2024(H5N1)	893	6067
NP|PP755592.1|A/cattle/Texas/24-008749-003/2024(H5N1)	894	6122
NP|PP755592.1|A/cattle/Texas/24-008749-003/2024(H5N1)	895	6116
NP|PP755592.1|A/cattle/Texas/24-008749-003/2024(H5N1)	896	6128
NP|PP755592.1|A/cattle/Texas/24-008749-003/2024(H5N1)	897	6095
NP|PP755592.1|A/cattle/Texas/24-008749-003/2024(H5N1)	898	6090
NP|PP755592.1|A/cattle/Texas/24-008749-003/2024(H5N1)	899	6204
NP|PP755592.1|A/cattle/Texas/24-008749-003/2024(H5N1)	900	6200
NP|PP755592.1|A/cattle/Texas/24-008749-003/2024(H5N1)	901	6185
NP|PP755592.1|A/cattle/Texas/24-008749-003/2024(H5N1)	902	6196
NP|PP755592.1|A/cattle/Texas/24-008749-003/2024(H5N1)	903	6142
NP|PP755592.1|A/cattle/Texas/24-008749-003/2024(H5N1)	904	6180
NP|PP755592.1|A/cattle/Texas/24-008749-003/2024(H5N1)	905	6467
NP|PP755592.1|A/cattle/Texas/24-008749-003/2024(H5N1)	906	6461
NP|PP755592.1|A/cattle/Texas/24-008749-003/2024(H5N1)	907	6440
NP|PP755592.1|A/cattle/Texas/24-008749-003/2024(H5N1)	908	6359
NP|PP755592.1|A/cattle/Texas/24-008749-003/2024(H5N1)	909	6346
NP|PP755592.1|A/cattle/Texas/24-008749-003/2024(H5N1)	910	6498
NP|PP755592.1|A/cattle/Texas/24-008749-003/2024(H5N1)	911	6497
NP|PP755592.1|A/cattle/Texas/24-008749-003/2024(H5N1)	912	6499
NP|PP755592.1|A/cattle/Texas/24-008749-003/2024(H5N1)	913	6414
NP|PP755592.1|A/cattle/Texas/24-008749-003/2024(H5N1)	914	6419
NP|PP755592.1|A/cattle/Texas/24-008749-003/2024(H5N1)	915	6442
NP|PP755592.1|A/cattle/Texas/24-008749-003/2024(H5N1)	916	6376
NP|PP755592.1|A/cattle/Texas/24-008749-003/2024(H5N1)	917	6299
NP|PP755592.1|A/cattle/Texas/24-008749-003/2024(H5N1)	918	6347
NP|PP755592.1|A/cattle/Texas/24-008749-003/2024(H5N1)	919	6474
NP|PP755592.1|A/cattle/Texas/24-008749-003/2024(H5N1)	920	6472
NP|PP755592.1|A/cattle/Texas/24-008749-003/2024(H5N1)	921	6480
NP|PP755592.1|A/cattle/Texas/24-008749-003/2024(H5N1)	922	6611
NP|PP755592.1|A/cattle/Texas/24-008749-003/2024(H5N1)	923	6611
NP|PP755592.1|A/cattle/Texas/24-008749-003/2024(H5N1)	924	6624
NP|PP755592.1|A/cattle/Texas/24-008749-003/2024(H5N1)	925	6627
NP|PP755592.1|A/cattle/Texas/24-008749-003/2024(H5N1)	926	6638
NP|PP755592.1|A/cattle/Texas/24-008749-003/2024(H5N1)	927	6615
NP|PP755592.1|A/cattle/Texas/24-008749-003/2024(H5N1)	928	6473
NP|PP755592.1|A/cattle/Texas/24-008749-003/2024(H5N1)	929	6519
NP|PP755592.1|A/cattle/Texas/24-008749-003/2024(H5N1)	930	6607
NP|PP755592.1|A/cattle/Texas/24-008749-003/2024(H5N1)	931	6596
NP|PP755592.1|A/cattle/Texas/24-008749-003/2024(H5N1)	932	6638
NP|PP755592.1|A/cattle/Texas/24-008749-003/2024(H5N1)	933	6576
NP|PP755592.1|A/cattle/Texas/24-008749-003/2024(H5N1)	934	6595
NP|PP755592.1|A/cattle/Texas/24-008749-003/2024(H5N1)	935	6720
NP|PP755592.1|A/cattle/Texas/24-008749-003/2024(H5N1)	936	6621
NP|PP755592.1|A/cattle/Texas/24-008749-003/2024(H5N1)	937	6621
NP|PP755592.1|A/cattle/Texas/24-008749-003/2024(H5N1)	938	6590
NP|PP755592.1|A/cattle/Texas/24-008749-003/2024(H5N1)	939	6577
NP|PP755592.1|A/cattle/Texas/24-008749-003/2024(H5N1)	940	6603
NP|PP755592.1|A/cattle/Texas/24-008749-003/2024(H5N1)	941	6612
NP|PP755592.1|A/cattle/Texas/24-008749-003/2024(H5N1)	942	6618
NP|PP755592.1|A/cattle/Texas/24-008749-003/2024(H5N1)	943	6392
NP|PP755592.1|A/cattle/Texas/24-008749-003/2024(H5N1)	944	6385
NP|PP755592.1|A/cattle/Texas/24-008749-003/2024(H5N1)	945	6635
NP|PP755592.1|A/cattle/Texas/24-008749-003/2024(H5N1)	946	6634
NP|PP755592.1|A/cattle/Texas/24-008749-003/2024(H5N1)	947	6635
NP|PP755592.1|A/cattle/Texas/24-008749-003/2024(H5N1)	948	6611
NP|PP755592.1|A/cattle/Texas/24-008749-003/2024(H5N1)	949	6523
NP|PP755592.1|A/cattle/Texas/24-008749-003/2024(H5N1)	950	6527
NP|PP755592.1|A/cattle/Texas/24-008749-003/2024(H5N1)	951	6502
NP|PP755592.1|A/cattle/Texas/24-008749-003/2024(H5N1)	952	6489
NP|PP755592.1|A/cattle/Texas/24-008749-003/2024(H5N1)	953	6355
NP|PP755592.1|A/cattle/Texas/24-008749-003/2024(H5N1)	954	6135
NP|PP755592.1|A/cattle/Texas/24-008749-003/2024(H5N1)	955	6152
NP|PP755592.1|A/cattle/Texas/24-008749-003/2024(H5N1)	956	6147
NP|PP755592.1|A/cattle/Texas/24-008749-003/2024(H5N1)	957	6155
NP|PP755592.1|A/cattle/Texas/24-008749-003/2024(H5N1)	958	6158
NP|PP755592.1|A/cattle/Texas/24-008749-003/2024(H5N1)	959	6146
NP|PP755592.1|A/cattle/Texas/24-008749-003/2024(H5N1)	960	6155
NP|PP755592.1|A/cattle/Texas/24-008749-003/2024(H5N1)	961	6141
NP|PP755592.1|A/cattle/Texas/24-008749-003/2024(H5N1)	962	6078
NP|PP755592.1|A/cattle/Texas/24-008749-003/2024(H5N1)	963	6048
NP|PP755592.1|A/cattle/Texas/24-008749-003/2024(H5N1)	964	5907
NP|PP755592.1|A/cattle/Texas/24-008749-003/2024(H5N1)	965	5905
NP|PP755592.1|A/cattle/Texas/24-008749-003/2024(H5N1)	966	5722
NP|PP755592.1|A/cattle/Texas/24-008749-003/2024(H5N1)	967	5720
NP|PP755592.1|A/cattle/Texas/24-008749-003/2024(H5N1)	968	5710
NP|PP755592.1|A/cattle/Texas/24-008749-003/2024(H5N1)	969	5712
NP|PP755592.1|A/cattle/Texas/24-008749-003/2024(H5N1)	970	5774
NP|PP755592.1|A/cattle/Texas/24-008749-003/2024(H5N1)	971	5780
NP|PP755592.1|A/cattle/Texas/24-008749-003/2024(H5N1)	972	5761
NP|PP755592.1|A/cattle/Texas/24-008749-003/2024(H5N1)	973	5764
NP|PP755592.1|A/cattle/Texas/24-008749-003/2024(H5N1)	974	5769
NP|PP755592.1|A/cattle/Texas/24-008749-003/2024(H5N1)	975	5794
NP|PP755592.1|A/cattle/Texas/24-008749-003/2024(H5N1)	976	5778
NP|PP755592.1|A/cattle/Texas/24-008749-003/2024(H5N1)	977	5762
NP|PP755592.1|A/cattle/Texas/24-008749-003/2024(H5N1)	978	5855
NP|PP755592.1|A/cattle/Texas/24-008749-003/2024(H5N1)	979	5815
NP|PP755592.1|A/cattle/Texas/24-008749-003/2024(H5N1)	980	5788
NP|PP755592.1|A/cattle/Texas/24-008749-003/2024(H5N1)	981	5799
NP|PP755592.1|A/cattle/Texas/24-008749-003/2024(H5N1)	982	5814
NP|PP755592.1|A/cattle/Texas/24-008749-003/2024(H5N1)	983	5967
NP|PP755592.1|A/cattle/Texas/24-008749-003/2024(H5N1)	984	6282
NP|PP755592.1|A/cattle/Texas/24-008749-003/2024(H5N1)	985	6295
NP|PP755592.1|A/cattle/Texas/24-008749-003/2024(H5N1)	986	6350
NP|PP755592.1|A/cattle/Texas/24-008749-003/2024(H5N1)	987	6353
NP|PP755592.1|A/cattle/Texas/24-008749-003/2024(H5N1)	988	6337
NP|PP755592.1|A/cattle/Texas/24-008749-003/2024(H5N1)	989	6332
NP|PP755592.1|A/cattle/Texas/24-008749-003/2024(H5N1)	990	6240
NP|PP755592.1|A/cattle/Texas/24-008749-003/2024(H5N1)	991	6255
NP|PP755592.1|A/cattle/Texas/24-008749-003/2024(H5N1)	992	6281
NP|PP755592.1|A/cattle/Texas/24-008749-003/2024(H5N1)	993	6015
NP|PP755592.1|A/cattle/Texas/24-008749-003/2024(H5N1)	994	6110
NP|PP755592.1|A/cattle/Texas/24-008749-003/2024(H5N1)	995	5881
NP|PP755592.1|A/cattle/Texas/24-008749-003/2024(H5N1)	996	5976
NP|PP755592.1|A/cattle/Texas/24-008749-003/2024(H5N1)	997	5962
NP|PP755592.1|A/cattle/Texas/24-008749-003/2024(H5N1)	998	5845
NP|PP755592.1|A/cattle/Texas/24-008749-003/2024(H5N1)	999	5893
NP|PP755592.1|A/cattle/Texas/24-008749-003/2024(H5N1)	1000	5554
NP|PP755592.1|A/cattle/Texas/24-008749-003/2024(H5N1)	1001	5582
NP|PP755592.1|A/cattle/Texas/24-008749-003/2024(H5N1)	1002	5588
NP|PP755592.1|A/cattle/Texas/24-008749-003/2024(H5N1)	1003	5452
NP|PP755592.1|A/cattle/Texas/24-008749-003/2024(H5N1)	1004	5435
NP|PP755592.1|A/cattle/Texas/24-008749-003/2024(H5N1)	1005	5522
NP|PP755592.1|A/cattle/Texas/24-008749-003/2024(H5N1)	1006	5528
NP|PP755592.1|A/cattle/Texas/24-008749-003/2024(H5N1)	1007	5546
NP|PP755592.1|A/cattle/Texas/24-008749-003/2024(H5N1)	1008	5525
NP|PP755592.1|A/cattle/Texas/24-008749-003/2024(H5N1)	1009	5588
NP|PP755592.1|A/cattle/Texas/24-008749-003/2024(H5N1)	1010	5666
NP|PP755592.1|A/cattle/Texas/24-008749-003/2024(H5N1)	1011	5672
NP|PP755592.1|A/cattle/Texas/24-008749-003/2024(H5N1)	1012	5680
NP|PP755592.1|A/cattle/Texas/24-008749-003/2024(H5N1)	1013	5585
NP|PP755592.1|A/cattle/Texas/24-008749-003/2024(H5N1)	1014	5588
NP|PP755592.1|A/cattle/Texas/24-008749-003/2024(H5N1)	1015	5580
NP|PP755592.1|A/cattle/Texas/24-008749-003/2024(H5N1)	1016	5608
NP|PP755592.1|A/cattle/Texas/24-008749-003/2024(H5N1)	1017	5660
NP|PP755592.1|A/cattle/Texas/24-008749-003/2024(H5N1)	1018	5725
NP|PP755592.1|A/cattle/Texas/24-008749-003/2024(H5N1)	1019	5940
NP|PP755592.1|A/cattle/Texas/24-008749-003/2024(H5N1)	1020	5948
NP|PP755592.1|A/cattle/Texas/24-008749-003/2024(H5N1)	1021	5942
NP|PP755592.1|A/cattle/Texas/24-008749-003/2024(H5N1)	1022	5942
NP|PP755592.1|A/cattle/Texas/24-008749-003/2024(H5N1)	1023	5938
NP|PP755592.1|A/cattle/Texas/24-008749-003/2024(H5N1)	1024	5947
NP|PP755592.1|A/cattle/Texas/24-008749-003/2024(H5N1)	1025	5948
NP|PP755592.1|A/cattle/Texas/24-008749-003/2024(H5N1)	1026	5945
NP|PP755592.1|A/cattle/Texas/24-008749-003/2024(H5N1)	1027	6023
NP|PP755592.1|A/cattle/Texas/24-008749-003/2024(H5N1)	1028	5762
NP|PP755592.1|A/cattle/Texas/24-008749-003/2024(H5N1)	1029	5722
NP|PP755592.1|A/cattle/Texas/24-008749-003/2024(H5N1)	1030	5739
NP|PP755592.1|A/cattle/Texas/24-008749-003/2024(H5N1)	1031	5667
NP|PP755592.1|A/cattle/Texas/24-008749-003/2024(H5N1)	1032	5667
NP|PP755592.1|A/cattle/Texas/24-008749-003/2024(H5N1)	1033	5687
NP|PP755592.1|A/cattle/Texas/24-008749-003/2024(H5N1)	1034	5617
NP|PP755592.1|A/cattle/Texas/24-008749-003/2024(H5N1)	1035	5650
NP|PP755592.1|A/cattle/Texas/24-008749-003/2024(H5N1)	1036	5573
NP|PP755592.1|A/cattle/Texas/24-008749-003/2024(H5N1)	1037	5673
NP|PP755592.1|A/cattle/Texas/24-008749-003/2024(H5N1)	1038	5658
NP|PP755592.1|A/cattle/Texas/24-008749-003/2024(H5N1)	1039	5662
NP|PP755592.1|A/cattle/Texas/24-008749-003/2024(H5N1)	1040	5662
NP|PP755592.1|A/cattle/Texas/24-008749-003/2024(H5N1)	1041	5602
NP|PP755592.1|A/cattle/Texas/24-008749-003/2024(H5N1)	1042	5533
NP|PP755592.1|A/cattle/Texas/24-008749-003/2024(H5N1)	1043	5541
NP|PP755592.1|A/cattle/Texas/24-008749-003/2024(H5N1)	1044	5567
NP|PP755592.1|A/cattle/Texas/24-008749-003/2024(H5N1)	1045	5510
NP|PP755592.1|A/cattle/Texas/24-008749-003/2024(H5N1)	1046	5661
NP|PP755592.1|A/cattle/Texas/24-008749-003/2024(H5N1)	1047	5806
NP|PP755592.1|A/cattle/Texas/24-008749-003/2024(H5N1)	1048	5976
NP|PP755592.1|A/cattle/Texas/24-008749-003/2024(H5N1)	1049	5919
NP|PP755592.1|A/cattle/Texas/24-008749-003/2024(H5N1)	1050	5924
NP|PP755592.1|A/cattle/Texas/24-008749-003/2024(H5N1)	1051	5937
NP|PP755592.1|A/cattle/Texas/24-008749-003/2024(H5N1)	1052	6086
NP|PP755592.1|A/cattle/Texas/24-008749-003/2024(H5N1)	1053	6111
NP|PP755592.1|A/cattle/Texas/24-008749-003/2024(H5N1)	1054	6119
NP|PP755592.1|A/cattle/Texas/24-008749-003/2024(H5N1)	1055	5979
NP|PP755592.1|A/cattle/Texas/24-008749-003/2024(H5N1)	1056	5834
NP|PP755592.1|A/cattle/Texas/24-008749-003/2024(H5N1)	1057	5867
NP|PP755592.1|A/cattle/Texas/24-008749-003/2024(H5N1)	1058	5906
NP|PP755592.1|A/cattle/Texas/24-008749-003/2024(H5N1)	1059	5880
NP|PP755592.1|A/cattle/Texas/24-008749-003/2024(H5N1)	1060	5913
NP|PP755592.1|A/cattle/Texas/24-008749-003/2024(H5N1)	1061	5784
NP|PP755592.1|A/cattle/Texas/24-008749-003/2024(H5N1)	1062	5785
NP|PP755592.1|A/cattle/Texas/24-008749-003/2024(H5N1)	1063	5780
NP|PP755592.1|A/cattle/Texas/24-008749-003/2024(H5N1)	1064	5909
NP|PP755592.1|A/cattle/Texas/24-008749-003/2024(H5N1)	1065	5931
NP|PP755592.1|A/cattle/Texas/24-008749-003/2024(H5N1)	1066	5935
NP|PP755592.1|A/cattle/Texas/24-008749-003/2024(H5N1)	1067	5922
NP|PP755592.1|A/cattle/Texas/24-008749-003/2024(H5N1)	1068	5977
NP|PP755592.1|A/cattle/Texas/24-008749-003/2024(H5N1)	1069	5864
NP|PP755592.1|A/cattle/Texas/24-008749-003/2024(H5N1)	1070	5850
NP|PP755592.1|A/cattle/Texas/24-008749-003/2024(H5N1)	1071	5869
NP|PP755592.1|A/cattle/Texas/24-008749-003/2024(H5N1)	1072	5919
NP|PP755592.1|A/cattle/Texas/24-008749-003/2024(H5N1)	1073	5807
NP|PP755592.1|A/cattle/Texas/24-008749-003/2024(H5N1)	1074	5871
NP|PP755592.1|A/cattle/Texas/24-008749-003/2024(H5N1)	1075	5921
NP|PP755592.1|A/cattle/Texas/24-008749-003/2024(H5N1)	1076	5926
NP|PP755592.1|A/cattle/Texas/24-008749-003/2024(H5N1)	1077	6038
NP|PP755592.1|A/cattle/Texas/24-008749-003/2024(H5N1)	1078	6045
NP|PP755592.1|A/cattle/Texas/24-008749-003/2024(H5N1)	1079	6055
NP|PP755592.1|A/cattle/Texas/24-008749-003/2024(H5N1)	1080	6036
NP|PP755592.1|A/cattle/Texas/24-008749-003/2024(H5N1)	1081	5966
NP|PP755592.1|A/cattle/Texas/24-008749-003/2024(H5N1)	1082	6011
NP|PP755592.1|A/cattle/Texas/24-008749-003/2024(H5N1)	1083	6001
NP|PP755592.1|A/cattle/Texas/24-008749-003/2024(H5N1)	1084	5980
NP|PP755592.1|A/cattle/Texas/24-008749-003/2024(H5N1)	1085	5977
NP|PP755592.1|A/cattle/Texas/24-008749-003/2024(H5N1)	1086	5901
NP|PP755592.1|A/cattle/Texas/24-008749-003/2024(H5N1)	1087	5987
NP|PP755592.1|A/cattle/Texas/24-008749-003/2024(H5N1)	1088	6202
NP|PP755592.1|A/cattle/Texas/24-008749-003/2024(H5N1)	1089	6212
NP|PP755592.1|A/cattle/Texas/24-008749-003/2024(H5N1)	1090	6166
NP|PP755592.1|A/cattle/Texas/24-008749-003/2024(H5N1)	1091	6130
NP|PP755592.1|A/cattle/Texas/24-008749-003/2024(H5N1)	1092	6116
NP|PP755592.1|A/cattle/Texas/24-008749-003/2024(H5N1)	1093	6244
NP|PP755592.1|A/cattle/Texas/24-008749-003/2024(H5N1)	1094	6227
NP|PP755592.1|A/cattle/Texas/24-008749-003/2024(H5N1)	1095	6223
NP|PP755592.1|A/cattle/Texas/24-008749-003/2024(H5N1)	1096	5937
NP|PP755592.1|A/cattle/Texas/24-008749-003/2024(H5N1)	1097	5948
NP|PP755592.1|A/cattle/Texas/24-008749-003/2024(H5N1)	1098	6095
NP|PP755592.1|A/cattle/Texas/24-008749-003/2024(H5N1)	1099	6114
NP|PP755592.1|A/cattle/Texas/24-008749-003/2024(H5N1)	1100	6106
NP|PP755592.1|A/cattle/Texas/24-008749-003/2024(H5N1)	1101	6115
NP|PP755592.1|A/cattle/Texas/24-008749-003/2024(H5N1)	1102	6137
NP|PP755592.1|A/cattle/Texas/24-008749-003/2024(H5N1)	1103	6162
NP|PP755592.1|A/cattle/Texas/24-008749-003/2024(H5N1)	1104	6169
NP|PP755592.1|A/cattle/Texas/24-008749-003/2024(H5N1)	1105	6160
NP|PP755592.1|A/cattle/Texas/24-008749-003/2024(H5N1)	1106	6172
NP|PP755592.1|A/cattle/Texas/24-008749-003/2024(H5N1)	1107	6176
NP|PP755592.1|A/cattle/Texas/24-008749-003/2024(H5N1)	1108	6173
NP|PP755592.1|A/cattle/Texas/24-008749-003/2024(H5N1)	1109	6194
NP|PP755592.1|A/cattle/Texas/24-008749-003/2024(H5N1)	1110	6292
NP|PP755592.1|A/cattle/Texas/24-008749-003/2024(H5N1)	1111	6280
NP|PP755592.1|A/cattle/Texas/24-008749-003/2024(H5N1)	1112	6279
NP|PP755592.1|A/cattle/Texas/24-008749-003/2024(H5N1)	1113	6272
NP|PP755592.1|A/cattle/Texas/24-008749-003/2024(H5N1)	1114	6289
NP|PP755592.1|A/cattle/Texas/24-008749-003/2024(H5N1)	1115	6310
NP|PP755592.1|A/cattle/Texas/24-008749-003/2024(H5N1)	1116	6317
NP|PP755592.1|A/cattle/Texas/24-008749-003/2024(H5N1)	1117	6331
NP|PP755592.1|A/cattle/Texas/24-008749-003/2024(H5N1)	1118	6391
NP|PP755592.1|A/cattle/Texas/24-008749-003/2024(H5N1)	1119	6307
NP|PP755592.1|A/cattle/Texas/24-008749-003/2024(H5N1)	1120	6327
NP|PP755592.1|A/cattle/Texas/24-008749-003/2024(H5N1)	1121	6265
NP|PP755592.1|A/cattle/Texas/24-008749-003/2024(H5N1)	1122	6271
NP|PP755592.1|A/cattle/Texas/24-008749-003/2024(H5N1)	1123	6279
NP|PP755592.1|A/cattle/Texas/24-008749-003/2024(H5N1)	1124	6298
NP|PP755592.1|A/cattle/Texas/24-008749-003/2024(H5N1)	1125	6457
NP|PP755592.1|A/cattle/Texas/24-008749-003/2024(H5N1)	1126	6419
NP|PP755592.1|A/cattle/Texas/24-008749-003/2024(H5N1)	1127	6413
NP|PP755592.1|A/cattle/Texas/24-008749-003/2024(H5N1)	1128	6419
NP|PP755592.1|A/cattle/Texas/24-008749-003/2024(H5N1)	1129	6382
NP|PP755592.1|A/cattle/Texas/24-008749-003/2024(H5N1)	1130	6390
NP|PP755592.1|A/cattle/Texas/24-008749-003/2024(H5N1)	1131	6497
NP|PP755592.1|A/cattle/Texas/24-008749-003/2024(H5N1)	1132	6488
NP|PP755592.1|A/cattle/Texas/24-008749-003/2024(H5N1)	1133	6334
NP|PP755592.1|A/cattle/Texas/24-008749-003/2024(H5N1)	1134	6147
NP|PP755592.1|A/cattle/Texas/24-008749-003/2024(H5N1)	1135	6176
NP|PP755592.1|A/cattle/Texas/24-008749-003/2024(H5N1)	1136	6108
NP|PP755592.1|A/cattle/Texas/24-008749-003/2024(H5N1)	1137	6107
NP|PP755592.1|A/cattle/Texas/24-008749-003/2024(H5N1)	1138	6135
NP|PP755592.1|A/cattle/Texas/24-008749-003/2024(H5N1)	1139	6120
NP|PP755592.1|A/cattle/Texas/24-008749-003/2024(H5N1)	1140	6113
NP|PP755592.1|A/cattle/Texas/24-008749-003/2024(H5N1)	1141	6125
NP|PP755592.1|A/cattle/Texas/24-008749-003/2024(H5N1)	1142	6039
NP|PP755592.1|A/cattle/Texas/24-008749-003/2024(H5N1)	1143	6044
NP|PP755592.1|A/cattle/Texas/24-008749-003/2024(H5N1)	1144	6024
NP|PP755592.1|A/cattle/Texas/24-008749-003/2024(H5N1)	1145	5943
NP|PP755592.1|A/cattle/Texas/24-008749-003/2024(H5N1)	1146	5998
NP|PP755592.1|A/cattle/Texas/24-008749-003/2024(H5N1)	1147	5950
NP|PP755592.1|A/cattle/Texas/24-008749-003/2024(H5N1)	1148	6022
NP|PP755592.1|A/cattle/Texas/24-008749-003/2024(H5N1)	1149	6162
NP|PP755592.1|A/cattle/Texas/24-008749-003/2024(H5N1)	1150	6119
NP|PP755592.1|A/cattle/Texas/24-008749-003/2024(H5N1)	1151	6150
NP|PP755592.1|A/cattle/Texas/24-008749-003/2024(H5N1)	1152	6254
NP|PP755592.1|A/cattle/Texas/24-008749-003/2024(H5N1)	1153	6287
NP|PP755592.1|A/cattle/Texas/24-008749-003/2024(H5N1)	1154	6289
NP|PP755592.1|A/cattle/Texas/24-008749-003/2024(H5N1)	1155	6300
NP|PP755592.1|A/cattle/Texas/24-008749-003/2024(H5N1)	1156	6124
NP|PP755592.1|A/cattle/Texas/24-008749-003/2024(H5N1)	1157	6136
NP|PP755592.1|A/cattle/Texas/24-008749-003/2024(H5N1)	1158	6156
NP|PP755592.1|A/cattle/Texas/24-008749-003/2024(H5N1)	1159	6159
NP|PP755592.1|A/cattle/Texas/24-008749-003/2024(H5N1)	1160	6179
NP|PP755592.1|A/cattle/Texas/24-008749-003/2024(H5N1)	1161	6027
NP|PP755592.1|A/cattle/Texas/24-008749-003/2024(H5N1)	1162	6035
NP|PP755592.1|A/cattle/Texas/24-008749-003/2024(H5N1)	1163	6032
NP|PP755592.1|A/cattle/Texas/24-008749-003/2024(H5N1)	1164	6027
NP|PP755592.1|A/cattle/Texas/24-008749-003/2024(H5N1)	1165	6022
NP|PP755592.1|A/cattle/Texas/24-008749-003/2024(H5N1)	1166	6022
NP|PP755592.1|A/cattle/Texas/24-008749-003/2024(H5N1)	1167	6046
NP|PP755592.1|A/cattle/Texas/24-008749-003/2024(H5N1)	1168	6061
NP|PP755592.1|A/cattle/Texas/24-008749-003/2024(H5N1)	1169	5826
NP|PP755592.1|A/cattle/Texas/24-008749-003/2024(H5N1)	1170	5840
NP|PP755592.1|A/cattle/Texas/24-008749-003/2024(H5N1)	1171	5823
NP|PP755592.1|A/cattle/Texas/24-008749-003/2024(H5N1)	1172	5840
NP|PP755592.1|A/cattle/Texas/24-008749-003/2024(H5N1)	1173	5865
NP|PP755592.1|A/cattle/Texas/24-008749-003/2024(H5N1)	1174	5861
NP|PP755592.1|A/cattle/Texas/24-008749-003/2024(H5N1)	1175	5876
NP|PP755592.1|A/cattle/Texas/24-008749-003/2024(H5N1)	1176	5935
NP|PP755592.1|A/cattle/Texas/24-008749-003/2024(H5N1)	1177	5936
NP|PP755592.1|A/cattle/Texas/24-008749-003/2024(H5N1)	1178	5996
NP|PP755592.1|A/cattle/Texas/24-008749-003/2024(H5N1)	1179	5998
NP|PP755592.1|A/cattle/Texas/24-008749-003/2024(H5N1)	1180	6004
NP|PP755592.1|A/cattle/Texas/24-008749-003/2024(H5N1)	1181	6057
NP|PP755592.1|A/cattle/Texas/24-008749-003/2024(H5N1)	1182	6063
NP|PP755592.1|A/cattle/Texas/24-008749-003/2024(H5N1)	1183	6064
NP|PP755592.1|A/cattle/Texas/24-008749-003/2024(H5N1)	1184	6007
NP|PP755592.1|A/cattle/Texas/24-008749-003/2024(H5N1)	1185	5992
NP|PP755592.1|A/cattle/Texas/24-008749-003/2024(H5N1)	1186	5982
NP|PP755592.1|A/cattle/Texas/24-008749-003/2024(H5N1)	1187	6037
NP|PP755592.1|A/cattle/Texas/24-008749-003/2024(H5N1)	1188	5953
NP|PP755592.1|A/cattle/Texas/24-008749-003/2024(H5N1)	1189	6177
NP|PP755592.1|A/cattle/Texas/24-008749-003/2024(H5N1)	1190	6224
NP|PP755592.1|A/cattle/Texas/24-008749-003/2024(H5N1)	1191	6288
NP|PP755592.1|A/cattle/Texas/24-008749-003/2024(H5N1)	1192	6292
NP|PP755592.1|A/cattle/Texas/24-008749-003/2024(H5N1)	1193	6234
NP|PP755592.1|A/cattle/Texas/24-008749-003/2024(H5N1)	1194	6253
NP|PP755592.1|A/cattle/Texas/24-008749-003/2024(H5N1)	1195	6249
NP|PP755592.1|A/cattle/Texas/24-008749-003/2024(H5N1)	1196	6194
NP|PP755592.1|A/cattle/Texas/24-008749-003/2024(H5N1)	1197	6096
NP|PP755592.1|A/cattle/Texas/24-008749-003/2024(H5N1)	1198	5826
NP|PP755592.1|A/cattle/Texas/24-008749-003/2024(H5N1)	1199	5866
NP|PP755592.1|A/cattle/Texas/24-008749-003/2024(H5N1)	1200	5786
NP|PP755592.1|A/cattle/Texas/24-008749-003/2024(H5N1)	1201	5790
NP|PP755592.1|A/cattle/Texas/24-008749-003/2024(H5N1)	1202	5660
NP|PP755592.1|A/cattle/Texas/24-008749-003/2024(H5N1)	1203	5645
NP|PP755592.1|A/cattle/Texas/24-008749-003/2024(H5N1)	1204	5639
NP|PP755592.1|A/cattle/Texas/24-008749-003/2024(H5N1)	1205	5611
NP|PP755592.1|A/cattle/Texas/24-008749-003/2024(H5N1)	1206	5596
NP|PP755592.1|A/cattle/Texas/24-008749-003/2024(H5N1)	1207	5596
NP|PP755592.1|A/cattle/Texas/24-008749-003/2024(H5N1)	1208	5575
NP|PP755592.1|A/cattle/Texas/24-008749-003/2024(H5N1)	1209	5516
NP|PP755592.1|A/cattle/Texas/24-008749-003/2024(H5N1)	1210	5571
NP|PP755592.1|A/cattle/Texas/24-008749-003/2024(H5N1)	1211	5601
NP|PP755592.1|A/cattle/Texas/24-008749-003/2024(H5N1)	1212	5576
NP|PP755592.1|A/cattle/Texas/24-008749-003/2024(H5N1)	1213	5649
NP|PP755592.1|A/cattle/Texas/24-008749-003/2024(H5N1)	1214	5677
NP|PP755592.1|A/cattle/Texas/24-008749-003/2024(H5N1)	1215	5669
NP|PP755592.1|A/cattle/Texas/24-008749-003/2024(H5N1)	1216	5697
NP|PP755592.1|A/cattle/Texas/24-008749-003/2024(H5N1)	1217	5720
NP|PP755592.1|A/cattle/Texas/24-008749-003/2024(H5N1)	1218	5719
NP|PP755592.1|A/cattle/Texas/24-008749-003/2024(H5N1)	1219	5638
NP|PP755592.1|A/cattle/Texas/24-008749-003/2024(H5N1)	1220	5675
NP|PP755592.1|A/cattle/Texas/24-008749-003/2024(H5N1)	1221	5752
NP|PP755592.1|A/cattle/Texas/24-008749-003/2024(H5N1)	1222	5801
NP|PP755592.1|A/cattle/Texas/24-008749-003/2024(H5N1)	1223	5732
NP|PP755592.1|A/cattle/Texas/24-008749-003/2024(H5N1)	1224	5687
NP|PP755592.1|A/cattle/Texas/24-008749-003/2024(H5N1)	1225	5641
NP|PP755592.1|A/cattle/Texas/24-008749-003/2024(H5N1)	1226	5543
NP|PP755592.1|A/cattle/Texas/24-008749-003/2024(H5N1)	1227	5699
NP|PP755592.1|A/cattle/Texas/24-008749-003/2024(H5N1)	1228	5709
NP|PP755592.1|A/cattle/Texas/24-008749-003/2024(H5N1)	1229	5639
NP|PP755592.1|A/cattle/Texas/24-008749-003/2024(H5N1)	1230	5796
NP|PP755592.1|A/cattle/Texas/24-008749-003/2024(H5N1)	1231	5747
NP|PP755592.1|A/cattle/Texas/24-008749-003/2024(H5N1)	1232	5726
NP|PP755592.1|A/cattle/Texas/24-008749-003/2024(H5N1)	1233	5729
NP|PP755592.1|A/cattle/Texas/24-008749-003/2024(H5N1)	1234	5715
NP|PP755592.1|A/cattle/Texas/24-008749-003/2024(H5N1)	1235	5789
NP|PP755592.1|A/cattle/Texas/24-008749-003/2024(H5N1)	1236	5623
NP|PP755592.1|A/cattle/Texas/24-008749-003/2024(H5N1)	1237	5523
NP|PP755592.1|A/cattle/Texas/24-008749-003/2024(H5N1)	1238	5518
NP|PP755592.1|A/cattle/Texas/24-008749-003/2024(H5N1)	1239	5467
NP|PP755592.1|A/cattle/Texas/24-008749-003/2024(H5N1)	1240	5636
NP|PP755592.1|A/cattle/Texas/24-008749-003/2024(H5N1)	1241	5602
NP|PP755592.1|A/cattle/Texas/24-008749-003/2024(H5N1)	1242	5611
NP|PP755592.1|A/cattle/Texas/24-008749-003/2024(H5N1)	1243	5611
NP|PP755592.1|A/cattle/Texas/24-008749-003/2024(H5N1)	1244	5507
NP|PP755592.1|A/cattle/Texas/24-008749-003/2024(H5N1)	1245	5535
NP|PP755592.1|A/cattle/Texas/24-008749-003/2024(H5N1)	1246	5679
NP|PP755592.1|A/cattle/Texas/24-008749-003/2024(H5N1)	1247	5692
NP|PP755592.1|A/cattle/Texas/24-008749-003/2024(H5N1)	1248	5724
NP|PP755592.1|A/cattle/Texas/24-008749-003/2024(H5N1)	1249	5544
NP|PP755592.1|A/cattle/Texas/24-008749-003/2024(H5N1)	1250	5541
NP|PP755592.1|A/cattle/Texas/24-008749-003/2024(H5N1)	1251	5554
NP|PP755592.1|A/cattle/Texas/24-008749-003/2024(H5N1)	1252	5522
NP|PP755592.1|A/cattle/Texas/24-008749-003/2024(H5N1)	1253	5525
NP|PP755592.1|A/cattle/Texas/24-008749-003/2024(H5N1)	1254	5515
NP|PP755592.1|A/cattle/Texas/24-008749-003/2024(H5N1)	1255	5505
NP|PP755592.1|A/cattle/Texas/24-008749-003/2024(H5N1)	1256	5486
NP|PP755592.1|A/cattle/Texas/24-008749-003/2024(H5N1)	1257	5510
NP|PP755592.1|A/cattle/Texas/24-008749-003/2024(H5N1)	1258	5509
NP|PP755592.1|A/cattle/Texas/24-008749-003/2024(H5N1)	1259	5496
NP|PP755592.1|A/cattle/Texas/24-008749-003/2024(H5N1)	1260	5406
NP|PP755592.1|A/cattle/Texas/24-008749-003/2024(H5N1)	1261	5404
NP|PP755592.1|A/cattle/Texas/24-008749-003/2024(H5N1)	1262	5416
NP|PP755592.1|A/cattle/Texas/24-008749-003/2024(H5N1)	1263	5407
NP|PP755592.1|A/cattle/Texas/24-008749-003/2024(H5N1)	1264	5394
NP|PP755592.1|A/cattle/Texas/24-008749-003/2024(H5N1)	1265	5430
NP|PP755592.1|A/cattle/Texas/24-008749-003/2024(H5N1)	1266	5378
NP|PP755592.1|A/cattle/Texas/24-008749-003/2024(H5N1)	1267	5383
NP|PP755592.1|A/cattle/Texas/24-008749-003/2024(H5N1)	1268	5328
NP|PP755592.1|A/cattle/Texas/24-008749-003/2024(H5N1)	1269	5334
NP|PP755592.1|A/cattle/Texas/24-008749-003/2024(H5N1)	1270	5383
NP|PP755592.1|A/cattle/Texas/24-008749-003/2024(H5N1)	1271	5375
NP|PP755592.1|A/cattle/Texas/24-008749-003/2024(H5N1)	1272	5397
NP|PP755592.1|A/cattle/Texas/24-008749-003/2024(H5N1)	1273	5392
NP|PP755592.1|A/cattle/Texas/24-008749-003/2024(H5N1)	1274	5369
NP|PP755592.1|A/cattle/Texas/24-008749-003/2024(H5N1)	1275	5236
NP|PP755592.1|A/cattle/Texas/24-008749-003/2024(H5N1)	1276	5246
NP|PP755592.1|A/cattle/Texas/24-008749-003/2024(H5N1)	1277	5256
NP|PP755592.1|A/cattle/Texas/24-008749-003/2024(H5N1)	1278	5198
NP|PP755592.1|A/cattle/Texas/24-008749-003/2024(H5N1)	1279	5153
NP|PP755592.1|A/cattle/Texas/24-008749-003/2024(H5N1)	1280	5138
NP|PP755592.1|A/cattle/Texas/24-008749-003/2024(H5N1)	1281	5040
NP|PP755592.1|A/cattle/Texas/24-008749-003/2024(H5N1)	1282	5043
NP|PP755592.1|A/cattle/Texas/24-008749-003/2024(H5N1)	1283	5006
NP|PP755592.1|A/cattle/Texas/24-008749-003/2024(H5N1)	1284	5078
NP|PP755592.1|A/cattle/Texas/24-008749-003/2024(H5N1)	1285	5088
NP|PP755592.1|A/cattle/Texas/24-008749-003/2024(H5N1)	1286	5027
NP|PP755592.1|A/cattle/Texas/24-008749-003/2024(H5N1)	1287	5036
NP|PP755592.1|A/cattle/Texas/24-008749-003/2024(H5N1)	1288	5033
NP|PP755592.1|A/cattle/Texas/24-008749-003/2024(H5N1)	1289	5017
NP|PP755592.1|A/cattle/Texas/24-008749-003/2024(H5N1)	1290	5023
NP|PP755592.1|A/cattle/Texas/24-008749-003/2024(H5N1)	1291	5012
NP|PP755592.1|A/cattle/Texas/24-008749-003/2024(H5N1)	1292	5295
NP|PP755592.1|A/cattle/Texas/24-008749-003/2024(H5N1)	1293	5279
NP|PP755592.1|A/cattle/Texas/24-008749-003/2024(H5N1)	1294	5256
NP|PP755592.1|A/cattle/Texas/24-008749-003/2024(H5N1)	1295	5269
NP|PP755592.1|A/cattle/Texas/24-008749-003/2024(H5N1)	1296	5300
NP|PP755592.1|A/cattle/Texas/24-008749-003/2024(H5N1)	1297	5312
NP|PP755592.1|A/cattle/Texas/24-008749-003/2024(H5N1)	1298	5222
NP|PP755592.1|A/cattle/Texas/24-008749-003/2024(H5N1)	1299	5052
NP|PP755592.1|A/cattle/Texas/24-008749-003/2024(H5N1)	1300	5052
NP|PP755592.1|A/cattle/Texas/24-008749-003/2024(H5N1)	1301	5122
NP|PP755592.1|A/cattle/Texas/24-008749-003/2024(H5N1)	1302	5105
NP|PP755592.1|A/cattle/Texas/24-008749-003/2024(H5N1)	1303	5003
NP|PP755592.1|A/cattle/Texas/24-008749-003/2024(H5N1)	1304	4998
NP|PP755592.1|A/cattle/Texas/24-008749-003/2024(H5N1)	1305	5020
NP|PP755592.1|A/cattle/Texas/24-008749-003/2024(H5N1)	1306	4968
NP|PP755592.1|A/cattle/Texas/24-008749-003/2024(H5N1)	1307	4979
NP|PP755592.1|A/cattle/Texas/24-008749-003/2024(H5N1)	1308	5005
NP|PP755592.1|A/cattle/Texas/24-008749-003/2024(H5N1)	1309	4999
NP|PP755592.1|A/cattle/Texas/24-008749-003/2024(H5N1)	1310	5035
NP|PP755592.1|A/cattle/Texas/24-008749-003/2024(H5N1)	1311	4966
NP|PP755592.1|A/cattle/Texas/24-008749-003/2024(H5N1)	1312	4995
NP|PP755592.1|A/cattle/Texas/24-008749-003/2024(H5N1)	1313	4983
NP|PP755592.1|A/cattle/Texas/24-008749-003/2024(H5N1)	1314	4983
NP|PP755592.1|A/cattle/Texas/24-008749-003/2024(H5N1)	1315	4996
NP|PP755592.1|A/cattle/Texas/24-008749-003/2024(H5N1)	1316	5030
NP|PP755592.1|A/cattle/Texas/24-008749-003/2024(H5N1)	1317	5028
NP|PP755592.1|A/cattle/Texas/24-008749-003/2024(H5N1)	1318	4993
NP|PP755592.1|A/cattle/Texas/24-008749-003/2024(H5N1)	1319	4928
NP|PP755592.1|A/cattle/Texas/24-008749-003/2024(H5N1)	1320	4924
NP|PP755592.1|A/cattle/Texas/24-008749-003/2024(H5N1)	1321	4909
NP|PP755592.1|A/cattle/Texas/24-008749-003/2024(H5N1)	1322	4935
NP|PP755592.1|A/cattle/Texas/24-008749-003/2024(H5N1)	1323	4954
NP|PP755592.1|A/cattle/Texas/24-008749-003/2024(H5N1)	1324	4935
NP|PP755592.1|A/cattle/Texas/24-008749-003/2024(H5N1)	1325	4910
NP|PP755592.1|A/cattle/Texas/24-008749-003/2024(H5N1)	1326	4806
NP|PP755592.1|A/cattle/Texas/24-008749-003/2024(H5N1)	1327	4810
NP|PP755592.1|A/cattle/Texas/24-008749-003/2024(H5N1)	1328	4765
NP|PP755592.1|A/cattle/Texas/24-008749-003/2024(H5N1)	1329	4691
NP|PP755592.1|A/cattle/Texas/24-008749-003/2024(H5N1)	1330	4800
NP|PP755592.1|A/cattle/Texas/24-008749-003/2024(H5N1)	1331	4751
NP|PP755592.1|A/cattle/Texas/24-008749-003/2024(H5N1)	1332	4767
NP|PP755592.1|A/cattle/Texas/24-008749-003/2024(H5N1)	1333	5241
NP|PP755592.1|A/cattle/Texas/24-008749-003/2024(H5N1)	1334	5241
NP|PP755592.1|A/cattle/Texas/24-008749-003/2024(H5N1)	1335	5289
NP|PP755592.1|A/cattle/Texas/24-008749-003/2024(H5N1)	1336	5271
NP|PP755592.1|A/cattle/Texas/24-008749-003/2024(H5N1)	1337	5285
NP|PP755592.1|A/cattle/Texas/24-008749-003/2024(H5N1)	1338	5208
NP|PP755592.1|A/cattle/Texas/24-008749-003/2024(H5N1)	1339	5229
NP|PP755592.1|A/cattle/Texas/24-008749-003/2024(H5N1)	1340	5046
NP|PP755592.1|A/cattle/Texas/24-008749-003/2024(H5N1)	1341	4996
NP|PP755592.1|A/cattle/Texas/24-008749-003/2024(H5N1)	1342	5263
NP|PP755592.1|A/cattle/Texas/24-008749-003/2024(H5N1)	1343	5406
NP|PP755592.1|A/cattle/Texas/24-008749-003/2024(H5N1)	1344	5404
NP|PP755592.1|A/cattle/Texas/24-008749-003/2024(H5N1)	1345	5375
NP|PP755592.1|A/cattle/Texas/24-008749-003/2024(H5N1)	1346	5323
NP|PP755592.1|A/cattle/Texas/24-008749-003/2024(H5N1)	1347	5313
NP|PP755592.1|A/cattle/Texas/24-008749-003/2024(H5N1)	1348	5302
NP|PP755592.1|A/cattle/Texas/24-008749-003/2024(H5N1)	1349	5333
NP|PP755592.1|A/cattle/Texas/24-008749-003/2024(H5N1)	1350	5301
NP|PP755592.1|A/cattle/Texas/24-008749-003/2024(H5N1)	1351	5299
NP|PP755592.1|A/cattle/Texas/24-008749-003/2024(H5N1)	1352	5275
NP|PP755592.1|A/cattle/Texas/24-008749-003/2024(H5N1)	1353	5267
NP|PP755592.1|A/cattle/Texas/24-008749-003/2024(H5N1)	1354	5239
NP|PP755592.1|A/cattle/Texas/24-008749-003/2024(H5N1)	1355	5251
NP|PP755592.1|A/cattle/Texas/24-008749-003/2024(H5N1)	1356	5221
NP|PP755592.1|A/cattle/Texas/24-008749-003/2024(H5N1)	1357	5267
NP|PP755592.1|A/cattle/Texas/24-008749-003/2024(H5N1)	1358	5194
NP|PP755592.1|A/cattle/Texas/24-008749-003/2024(H5N1)	1359	5152
NP|PP755592.1|A/cattle/Texas/24-008749-003/2024(H5N1)	1360	5161
NP|PP755592.1|A/cattle/Texas/24-008749-003/2024(H5N1)	1361	5169
NP|PP755592.1|A/cattle/Texas/24-008749-003/2024(H5N1)	1362	5178
NP|PP755592.1|A/cattle/Texas/24-008749-003/2024(H5N1)	1363	5170
NP|PP755592.1|A/cattle/Texas/24-008749-003/2024(H5N1)	1364	5106
NP|PP755592.1|A/cattle/Texas/24-008749-003/2024(H5N1)	1365	5137
NP|PP755592.1|A/cattle/Texas/24-008749-003/2024(H5N1)	1366	5038
NP|PP755592.1|A/cattle/Texas/24-008749-003/2024(H5N1)	1367	5018
NP|PP755592.1|A/cattle/Texas/24-008749-003/2024(H5N1)	1368	4970
NP|PP755592.1|A/cattle/Texas/24-008749-003/2024(H5N1)	1369	5688
NP|PP755592.1|A/cattle/Texas/24-008749-003/2024(H5N1)	1370	5648
NP|PP755592.1|A/cattle/Texas/24-008749-003/2024(H5N1)	1371	5661
NP|PP755592.1|A/cattle/Texas/24-008749-003/2024(H5N1)	1372	5655
NP|PP755592.1|A/cattle/Texas/24-008749-003/2024(H5N1)	1373	5619
NP|PP755592.1|A/cattle/Texas/24-008749-003/2024(H5N1)	1374	5671
NP|PP755592.1|A/cattle/Texas/24-008749-003/2024(H5N1)	1375	5647
NP|PP755592.1|A/cattle/Texas/24-008749-003/2024(H5N1)	1376	5620
NP|PP755592.1|A/cattle/Texas/24-008749-003/2024(H5N1)	1377	5604
NP|PP755592.1|A/cattle/Texas/24-008749-003/2024(H5N1)	1378	5440
NP|PP755592.1|A/cattle/Texas/24-008749-003/2024(H5N1)	1379	5411
NP|PP755592.1|A/cattle/Texas/24-008749-003/2024(H5N1)	1380	5402
NP|PP755592.1|A/cattle/Texas/24-008749-003/2024(H5N1)	1381	5230
NP|PP755592.1|A/cattle/Texas/24-008749-003/2024(H5N1)	1382	5227
NP|PP755592.1|A/cattle/Texas/24-008749-003/2024(H5N1)	1383	5208
NP|PP755592.1|A/cattle/Texas/24-008749-003/2024(H5N1)	1384	5214
NP|PP755592.1|A/cattle/Texas/24-008749-003/2024(H5N1)	1385	5213
NP|PP755592.1|A/cattle/Texas/24-008749-003/2024(H5N1)	1386	5126
NP|PP755592.1|A/cattle/Texas/24-008749-003/2024(H5N1)	1387	5141
NP|PP755592.1|A/cattle/Texas/24-008749-003/2024(H5N1)	1388	4991
NP|PP755592.1|A/cattle/Texas/24-008749-003/2024(H5N1)	1389	4837
NP|PP755592.1|A/cattle/Texas/24-008749-003/2024(H5N1)	1390	4828
NP|PP755592.1|A/cattle/Texas/24-008749-003/2024(H5N1)	1391	4816
NP|PP755592.1|A/cattle/Texas/24-008749-003/2024(H5N1)	1392	4804
NP|PP755592.1|A/cattle/Texas/24-008749-003/2024(H5N1)	1393	4803
NP|PP755592.1|A/cattle/Texas/24-008749-003/2024(H5N1)	1394	4793
NP|PP755592.1|A/cattle/Texas/24-008749-003/2024(H5N1)	1395	4793
NP|PP755592.1|A/cattle/Texas/24-008749-003/2024(H5N1)	1396	4580
NP|PP755592.1|A/cattle/Texas/24-008749-003/2024(H5N1)	1397	4556
NP|PP755592.1|A/cattle/Texas/24-008749-003/2024(H5N1)	1398	4538
NP|PP755592.1|A/cattle/Texas/24-008749-003/2024(H5N1)	1399	4534
NP|PP755592.1|A/cattle/Texas/24-008749-003/2024(H5N1)	1400	4534
NP|PP755592.1|A/cattle/Texas/24-008749-003/2024(H5N1)	1401	4534
NP|PP755592.1|A/cattle/Texas/24-008749-003/2024(H5N1)	1402	4525
NP|PP755592.1|A/cattle/Texas/24-008749-003/2024(H5N1)	1403	4525
NP|PP755592.1|A/cattle/Texas/24-008749-003/2024(H5N1)	1404	4512
NP|PP755592.1|A/cattle/Texas/24-008749-003/2024(H5N1)	1405	4500
NP|PP755592.1|A/cattle/Texas/24-008749-003/2024(H5N1)	1406	4500
NP|PP755592.1|A/cattle/Texas/24-008749-003/2024(H5N1)	1407	4480
NP|PP755592.1|A/cattle/Texas/24-008749-003/2024(H5N1)	1408	4453
NP|PP755592.1|A/cattle/Texas/24-008749-003/2024(H5N1)	1409	4451
NP|PP755592.1|A/cattle/Texas/24-008749-003/2024(H5N1)	1410	4451
NP|PP755592.1|A/cattle/Texas/24-008749-003/2024(H5N1)	1411	4415
NP|PP755592.1|A/cattle/Texas/24-008749-003/2024(H5N1)	1412	4410
NP|PP755592.1|A/cattle/Texas/24-008749-003/2024(H5N1)	1413	4395
NP|PP755592.1|A/cattle/Texas/24-008749-003/2024(H5N1)	1414	4395
NP|PP755592.1|A/cattle/Texas/24-008749-003/2024(H5N1)	1415	4358
NP|PP755592.1|A/cattle/Texas/24-008749-003/2024(H5N1)	1416	4361
NP|PP755592.1|A/cattle/Texas/24-008749-003/2024(H5N1)	1417	4357
NP|PP755592.1|A/cattle/Texas/24-008749-003/2024(H5N1)	1418	4346
NP|PP755592.1|A/cattle/Texas/24-008749-003/2024(H5N1)	1419	4346
NP|PP755592.1|A/cattle/Texas/24-008749-003/2024(H5N1)	1420	4317
NP|PP755592.1|A/cattle/Texas/24-008749-003/2024(H5N1)	1421	4264
NP|PP755592.1|A/cattle/Texas/24-008749-003/2024(H5N1)	1422	4263
NP|PP755592.1|A/cattle/Texas/24-008749-003/2024(H5N1)	1423	4241
NP|PP755592.1|A/cattle/Texas/24-008749-003/2024(H5N1)	1424	4239
NP|PP755592.1|A/cattle/Texas/24-008749-003/2024(H5N1)	1425	4193
NP|PP755592.1|A/cattle/Texas/24-008749-003/2024(H5N1)	1426	4179
NP|PP755592.1|A/cattle/Texas/24-008749-003/2024(H5N1)	1427	4149
NP|PP755592.1|A/cattle/Texas/24-008749-003/2024(H5N1)	1428	4136
NP|PP755592.1|A/cattle/Texas/24-008749-003/2024(H5N1)	1429	4133
NP|PP755592.1|A/cattle/Texas/24-008749-003/2024(H5N1)	1430	4125
NP|PP755592.1|A/cattle/Texas/24-008749-003/2024(H5N1)	1431	4072
NP|PP755592.1|A/cattle/Texas/24-008749-003/2024(H5N1)	1432	4061
NP|PP755592.1|A/cattle/Texas/24-008749-003/2024(H5N1)	1433	4076
NP|PP755592.1|A/cattle/Texas/24-008749-003/2024(H5N1)	1434	4063
NP|PP755592.1|A/cattle/Texas/24-008749-003/2024(H5N1)	1435	3992
NP|PP755592.1|A/cattle/Texas/24-008749-003/2024(H5N1)	1436	3983
NP|PP755592.1|A/cattle/Texas/24-008749-003/2024(H5N1)	1437	3972
NP|PP755592.1|A/cattle/Texas/24-008749-003/2024(H5N1)	1438	3974
NP|PP755592.1|A/cattle/Texas/24-008749-003/2024(H5N1)	1439	3974
NP|PP755592.1|A/cattle/Texas/24-008749-003/2024(H5N1)	1440	3960
NP|PP755592.1|A/cattle/Texas/24-008749-003/2024(H5N1)	1441	3948
NP|PP755592.1|A/cattle/Texas/24-008749-003/2024(H5N1)	1442	3617
NP|PP755592.1|A/cattle/Texas/24-008749-003/2024(H5N1)	1443	3621
NP|PP755592.1|A/cattle/Texas/24-008749-003/2024(H5N1)	1444	3614
NP|PP755592.1|A/cattle/Texas/24-008749-003/2024(H5N1)	1445	3615
NP|PP755592.1|A/cattle/Texas/24-008749-003/2024(H5N1)	1446	3600
NP|PP755592.1|A/cattle/Texas/24-008749-003/2024(H5N1)	1447	3509
NP|PP755592.1|A/cattle/Texas/24-008749-003/2024(H5N1)	1448	3497
NP|PP755592.1|A/cattle/Texas/24-008749-003/2024(H5N1)	1449	3475
NP|PP755592.1|A/cattle/Texas/24-008749-003/2024(H5N1)	1450	3475
NP|PP755592.1|A/cattle/Texas/24-008749-003/2024(H5N1)	1451	3474
NP|PP755592.1|A/cattle/Texas/24-008749-003/2024(H5N1)	1452	3385
NP|PP755592.1|A/cattle/Texas/24-008749-003/2024(H5N1)	1453	3361
NP|PP755592.1|A/cattle/Texas/24-008749-003/2024(H5N1)	1454	3310
NP|PP755592.1|A/cattle/Texas/24-008749-003/2024(H5N1)	1455	3271
NP|PP755592.1|A/cattle/Texas/24-008749-003/2024(H5N1)	1456	3272
NP|PP755592.1|A/cattle/Texas/24-008749-003/2024(H5N1)	1457	3241
NP|PP755592.1|A/cattle/Texas/24-008749-003/2024(H5N1)	1458	3208
NP|PP755592.1|A/cattle/Texas/24-008749-003/2024(H5N1)	1459	3196
NP|PP755592.1|A/cattle/Texas/24-008749-003/2024(H5N1)	1460	3173
NP|PP755592.1|A/cattle/Texas/24-008749-003/2024(H5N1)	1461	3150
NP|PP755592.1|A/cattle/Texas/24-008749-003/2024(H5N1)	1462	3119
NP|PP755592.1|A/cattle/Texas/24-008749-003/2024(H5N1)	1463	3090
NP|PP755592.1|A/cattle/Texas/24-008749-003/2024(H5N1)	1464	3052
NP|PP755592.1|A/cattle/Texas/24-008749-003/2024(H5N1)	1465	2997
NP|PP755592.1|A/cattle/Texas/24-008749-003/2024(H5N1)	1466	2997
NP|PP755592.1|A/cattle/Texas/24-008749-003/2024(H5N1)	1467	2968
NP|PP755592.1|A/cattle/Texas/24-008749-003/2024(H5N1)	1468	2962
NP|PP755592.1|A/cattle/Texas/24-008749-003/2024(H5N1)	1469	2962
NP|PP755592.1|A/cattle/Texas/24-008749-003/2024(H5N1)	1470	2946
NP|PP755592.1|A/cattle/Texas/24-008749-003/2024(H5N1)	1471	2945
NP|PP755592.1|A/cattle/Texas/24-008749-003/2024(H5N1)	1472	2937
NP|PP755592.1|A/cattle/Texas/24-008749-003/2024(H5N1)	1473	2914
NP|PP755592.1|A/cattle/Texas/24-008749-003/2024(H5N1)	1474	2881
NP|PP755592.1|A/cattle/Texas/24-008749-003/2024(H5N1)	1475	2877
NP|PP755592.1|A/cattle/Texas/24-008749-003/2024(H5N1)	1476	2877
NP|PP755592.1|A/cattle/Texas/24-008749-003/2024(H5N1)	1477	2877
NP|PP755592.1|A/cattle/Texas/24-008749-003/2024(H5N1)	1478	2875
NP|PP755592.1|A/cattle/Texas/24-008749-003/2024(H5N1)	1479	2755
NP|PP755592.1|A/cattle/Texas/24-008749-003/2024(H5N1)	1480	2752
NP|PP755592.1|A/cattle/Texas/24-008749-003/2024(H5N1)	1481	2723
NP|PP755592.1|A/cattle/Texas/24-008749-003/2024(H5N1)	1482	2672
NP|PP755592.1|A/cattle/Texas/24-008749-003/2024(H5N1)	1483	2654
NP|PP755592.1|A/cattle/Texas/24-008749-003/2024(H5N1)	1484	2120
NP|PP755592.1|A/cattle/Texas/24-008749-003/2024(H5N1)	1485	2116
NP|PP755592.1|A/cattle/Texas/24-008749-003/2024(H5N1)	1486	2017
NP|PP755592.1|A/cattle/Texas/24-008749-003/2024(H5N1)	1487	2015
NP|PP755592.1|A/cattle/Texas/24-008749-003/2024(H5N1)	1488	2010
NP|PP755592.1|A/cattle/Texas/24-008749-003/2024(H5N1)	1489	1961
NP|PP755592.1|A/cattle/Texas/24-008749-003/2024(H5N1)	1490	1957
NP|PP755592.1|A/cattle/Texas/24-008749-003/2024(H5N1)	1491	1929
NP|PP755592.1|A/cattle/Texas/24-008749-003/2024(H5N1)	1492	1585
NP|PP755592.1|A/cattle/Texas/24-008749-003/2024(H5N1)	1493	1581
NP|PP755592.1|A/cattle/Texas/24-008749-003/2024(H5N1)	1494	1420
NP|PP755592.1|A/cattle/Texas/24-008749-003/2024(H5N1)	1495	1414
NP|PP755592.1|A/cattle/Texas/24-008749-003/2024(H5N1)	1496	1406
NP|PP755592.1|A/cattle/Texas/24-008749-003/2024(H5N1)	1497	1406
