NS|PP755593.1|A/cattle/Texas/24-008749-003/2024(H5N1)	1	15765
NS|PP755593.1|A/cattle/Texas/24-008749-003/2024(H5N1)	2	15844
NS|PP755593.1|A/cattle/Texas/24-008749-003/2024(H5N1)	3	16283
NS|PP755593.1|A/cattle/Texas/24-008749-003/2024(H5N1)	4	16858
NS|PP755593.1|A/cattle/Texas/24-008749-003/2024(H5N1)	5	18308
NS|PP755593.1|A/cattle/Texas/24-008749-003/2024(H5N1)	6	27146
NS|PP755593.1|A/cattle/Texas/24-008749-003/2024(H5N1)	7	27173
NS|PP755593.1|A/cattle/Texas/24-008749-003/2024(H5N1)	8	27593
NS|PP755593.1|A/cattle/Texas/24-008749-003/2024(H5N1)	9	28697
NS|PP755593.1|A/cattle/Texas/24-008749-003/2024(H5N1)	10	28716
NS|PP755593.1|A/cattle/Texas/24-008749-003/2024(H5N1)	11	29219
NS|PP755593.1|A/cattle/Texas/24-008749-003/2024(H5N1)	12	29265
NS|PP755593.1|A/cattle/Texas/24-008749-003/2024(H5N1)	13	29299
NS|PP755593.1|A/cattle/Texas/24-008749-003/2024(H5N1)	14	29443
NS|PP755593.1|A/cattle/Texas/24-008749-003/2024(H5N1)	15	29457
NS|PP755593.1|A/cattle/Texas/24-008749-003/2024(H5N1)	16	32312
NS|PP755593.1|A/cattle/Texas/24-008749-003/2024(H5N1)	17	32643
NS|PP755593.1|A/cattle/Texas/24-008749-003/2024(H5N1)	18	32818
NS|PP755593.1|A/cattle/Texas/24-008749-003/2024(H5N1)	19	32924
NS|PP755593.1|A/cattle/Texas/24-008749-003/2024(H5N1)	20	32951
NS|PP755593.1|A/cattle/Texas/24-008749-003/2024(H5N1)	21	33031
NS|PP755593.1|A/cattle/Texas/24-008749-003/2024(H5N1)	22	33050
NS|PP755593.1|A/cattle/Texas/24-008749-003/2024(H5N1)	23	33587
NS|PP755593.1|A/cattle/Texas/24-008749-003/2024(H5N1)	24	34378
NS|PP755593.1|A/cattle/Texas/24-008749-003/2024(H5N1)	25	34508
NS|PP755593.1|A/cattle/Texas/24-008749-003/2024(H5N1)	26	34876
NS|PP755593.1|A/cattle/Texas/24-008749-003/2024(H5N1)	27	34883
NS|PP755593.1|A/cattle/Texas/24-008749-003/2024(H5N1)	28	35846
NS|PP755593.1|A/cattle/Texas/24-008749-003/2024(H5N1)	29	35850
NS|PP755593.1|A/cattle/Texas/24-008749-003/2024(H5N1)	30	36082
NS|PP755593.1|A/cattle/Texas/24-008749-003/2024(H5N1)	31	36198
NS|PP755593.1|A/cattle/Texas/24-008749-003/2024(H5N1)	32	36367
NS|PP755593.1|A/cattle/Texas/24-008749-003/2024(H5N1)	33	36444
NS|PP755593.1|A/cattle/Texas/24-008749-003/2024(H5N1)	34	36519
NS|PP755593.1|A/cattle/Texas/24-008749-003/2024(H5N1)	35	36852
NS|PP755593.1|A/cattle/Texas/24-008749-003/2024(H5N1)	36	36989
NS|PP755593.1|A/cattle/Texas/24-008749-003/2024(H5N1)	37	37114
NS|PP755593.1|A/cattle/Texas/24-008749-003/2024(H5N1)	38	37771
NS|PP755593.1|A/cattle/Texas/24-008749-003/2024(H5N1)	39	38227
NS|PP755593.1|A/cattle/Texas/24-008749-003/2024(H5N1)	40	38235
NS|PP755593.1|A/cattle/Texas/24-008749-003/2024(H5N1)	41	38664
NS|PP755593.1|A/cattle/Texas/24-008749-003/2024(H5N1)	42	38896
NS|PP755593.1|A/cattle/Texas/24-008749-003/2024(H5N1)	43	39212
NS|PP755593.1|A/cattle/Texas/24-008749-003/2024(H5N1)	44	40156
NS|PP755593.1|A/cattle/Texas/24-008749-003/2024(H5N1)	45	40166
NS|PP755593.1|A/cattle/Texas/24-008749-003/2024(H5N1)	46	40708
NS|PP755593.1|A/cattle/Texas/24-008749-003/2024(H5N1)	47	40675
NS|PP755593.1|A/cattle/Texas/24-008749-003/2024(H5N1)	48	40682
NS|PP755593.1|A/cattle/Texas/24-008749-003/2024(H5N1)	49	40862
NS|PP755593.1|A/cattle/Texas/24-008749-003/2024(H5N1)	50	40838
NS|PP755593.1|A/cattle/Texas/24-008749-003/2024(H5N1)	51	41399
NS|PP755593.1|A/cattle/Texas/24-008749-003/2024(H5N1)	52	41771
NS|PP755593.1|A/cattle/Texas/24-008749-003/2024(H5N1)	53	41861
NS|PP755593.1|A/cattle/Texas/24-008749-003/2024(H5N1)	54	41962
NS|PP755593.1|A/cattle/Texas/24-008749-003/2024(H5N1)	55	42028
NS|PP755593.1|A/cattle/Texas/24-008749-003/2024(H5N1)	56	42003
NS|PP755593.1|A/cattle/Texas/24-008749-003/2024(H5N1)	57	42022
NS|PP755593.1|A/cattle/Texas/24-008749-003/2024(H5N1)	58	42042
NS|PP755593.1|A/cattle/Texas/24-008749-003/2024(H5N1)	59	42324
NS|PP755593.1|A/cattle/Texas/24-008749-003/2024(H5N1)	60	42370
NS|PP755593.1|A/cattle/Texas/24-008749-003/2024(H5N1)	61	42630
NS|PP755593.1|A/cattle/Texas/24-008749-003/2024(H5N1)	62	42646
NS|PP755593.1|A/cattle/Texas/24-008749-003/2024(H5N1)	63	42686
NS|PP755593.1|A/cattle/Texas/24-008749-003/2024(H5N1)	64	42716
NS|PP755593.1|A/cattle/Texas/24-008749-003/2024(H5N1)	65	42796
NS|PP755593.1|A/cattle/Texas/24-008749-003/2024(H5N1)	66	42831
NS|PP755593.1|A/cattle/Texas/24-008749-003/2024(H5N1)	67	42841
NS|PP755593.1|A/cattle/Texas/24-008749-003/2024(H5N1)	68	42849
NS|PP755593.1|A/cattle/Texas/24-008749-003/2024(H5N1)	69	42810
NS|PP755593.1|A/cattle/Texas/24-008749-003/2024(H5N1)	70	43293
NS|PP755593.1|A/cattle/Texas/24-008749-003/2024(H5N1)	71	44755
NS|PP755593.1|A/cattle/Texas/24-008749-003/2024(H5N1)	72	45564
NS|PP755593.1|A/cattle/Texas/24-008749-003/2024(H5N1)	73	45618
NS|PP755593.1|A/cattle/Texas/24-008749-003/2024(H5N1)	74	45875
NS|PP755593.1|A/cattle/Texas/24-008749-003/2024(H5N1)	75	46008
NS|PP755593.1|A/cattle/Texas/24-008749-003/2024(H5N1)	76	47851
NS|PP755593.1|A/cattle/Texas/24-008749-003/2024(H5N1)	77	48098
NS|PP755593.1|A/cattle/Texas/24-008749-003/2024(H5N1)	78	48258
NS|PP755593.1|A/cattle/Texas/24-008749-003/2024(H5N1)	79	48331
NS|PP755593.1|A/cattle/Texas/24-008749-003/2024(H5N1)	80	47732
NS|PP755593.1|A/cattle/Texas/24-008749-003/2024(H5N1)	81	48513
NS|PP755593.1|A/cattle/Texas/24-008749-003/2024(H5N1)	82	48661
NS|PP755593.1|A/cattle/Texas/24-008749-003/2024(H5N1)	83	49306
NS|PP755593.1|A/cattle/Texas/24-008749-003/2024(H5N1)	84	49287
NS|PP755593.1|A/cattle/Texas/24-008749-003/2024(H5N1)	85	48724
NS|PP755593.1|A/cattle/Texas/24-008749-003/2024(H5N1)	86	48858
NS|PP755593.1|A/cattle/Texas/24-008749-003/2024(H5N1)	87	49485
NS|PP755593.1|A/cattle/Texas/24-008749-003/2024(H5N1)	88	50298
NS|PP755593.1|A/cattle/Texas/24-008749-003/2024(H5N1)	89	51098
NS|PP755593.1|A/cattle/Texas/24-008749-003/2024(H5N1)	90	50980
NS|PP755593.1|A/cattle/Texas/24-008749-003/2024(H5N1)	91	51000
NS|PP755593.1|A/cattle/Texas/24-008749-003/2024(H5N1)	92	50778
NS|PP755593.1|A/cattle/Texas/24-008749-003/2024(H5N1)	93	50829
NS|PP755593.1|A/cattle/Texas/24-008749-003/2024(H5N1)	94	51786
NS|PP755593.1|A/cattle/Texas/24-008749-003/2024(H5N1)	95	52184
NS|PP755593.1|A/cattle/Texas/24-008749-003/2024(H5N1)	96	52430
NS|PP755593.1|A/cattle/Texas/24-008749-003/2024(H5N1)	97	52526
NS|PP755593.1|A/cattle/Texas/24-008749-003/2024(H5N1)	98	52522
NS|PP755593.1|A/cattle/Texas/24-008749-003/2024(H5N1)	99	52428
NS|PP755593.1|A/cattle/Texas/24-008749-003/2024(H5N1)	100	52473
NS|PP755593.1|A/cattle/Texas/24-008749-003/2024(H5N1)	101	52491
NS|PP755593.1|A/cattle/Texas/24-008749-003/2024(H5N1)	102	52548
NS|PP755593.1|A/cattle/Texas/24-008749-003/2024(H5N1)	103	52152
NS|PP755593.1|A/cattle/Texas/24-008749-003/2024(H5N1)	104	51902
NS|PP755593.1|A/cattle/Texas/24-008749-003/2024(H5N1)	105	52663
NS|PP755593.1|A/cattle/Texas/24-008749-003/2024(H5N1)	106	52636
NS|PP755593.1|A/cattle/Texas/24-008749-003/2024(H5N1)	107	52669
NS|PP755593.1|A/cattle/Texas/24-008749-003/2024(H5N1)	108	53490
NS|PP755593.1|A/cattle/Texas/24-008749-003/2024(H5N1)	109	53650
NS|PP755593.1|A/cattle/Texas/24-008749-003/2024(H5N1)	110	53753
NS|PP755593.1|A/cattle/Texas/24-008749-003/2024(H5N1)	111	53756
NS|PP755593.1|A/cattle/Texas/24-008749-003/2024(H5N1)	112	53756
NS|PP755593.1|A/cattle/Texas/24-008749-003/2024(H5N1)	113	53747
NS|PP755593.1|A/cattle/Texas/24-008749-003/2024(H5N1)	114	53364
NS|PP755593.1|A/cattle/Texas/24-008749-003/2024(H5N1)	115	53327
NS|PP755593.1|A/cattle/Texas/24-008749-003/2024(H5N1)	116	52917
NS|PP755593.1|A/cattle/Texas/24-008749-003/2024(H5N1)	117	52636
NS|PP755593.1|A/cattle/Texas/24-008749-003/2024(H5N1)	118	52718
NS|PP755593.1|A/cattle/Texas/24-008749-003/2024(H5N1)	119	52621
NS|PP755593.1|A/cattle/Texas/24-008749-003/2024(H5N1)	120	52620
NS|PP755593.1|A/cattle/Texas/24-008749-003/2024(H5N1)	121	52614
NS|PP755593.1|A/cattle/Texas/24-008749-003/2024(H5N1)	122	52580
NS|PP755593.1|A/cattle/Texas/24-008749-003/2024(H5N1)	123	51382
NS|PP755593.1|A/cattle/Texas/24-008749-003/2024(H5N1)	124	52345
NS|PP755593.1|A/cattle/Texas/24-008749-003/2024(H5N1)	125	47007
NS|PP755593.1|A/cattle/Texas/24-008749-003/2024(H5N1)	126	45231
NS|PP755593.1|A/cattle/Texas/24-008749-003/2024(H5N1)	127	45343
NS|PP755593.1|A/cattle/Texas/24-008749-003/2024(H5N1)	128	45434
NS|PP755593.1|A/cattle/Texas/24-008749-003/2024(H5N1)	129	45575
NS|PP755593.1|A/cattle/Texas/24-008749-003/2024(H5N1)	130	49101
NS|PP755593.1|A/cattle/Texas/24-008749-003/2024(H5N1)	131	50065
NS|PP755593.1|A/cattle/Texas/24-008749-003/2024(H5N1)	132	50195
NS|PP755593.1|A/cattle/Texas/24-008749-003/2024(H5N1)	133	50814
NS|PP755593.1|A/cattle/Texas/24-008749-003/2024(H5N1)	134	51355
NS|PP755593.1|A/cattle/Texas/24-008749-003/2024(H5N1)	135	51323
NS|PP755593.1|A/cattle/Texas/24-008749-003/2024(H5N1)	136	51054
NS|PP755593.1|A/cattle/Texas/24-008749-003/2024(H5N1)	137	51077
NS|PP755593.1|A/cattle/Texas/24-008749-003/2024(H5N1)	138	51821
NS|PP755593.1|A/cattle/Texas/24-008749-003/2024(H5N1)	139	52001
NS|PP755593.1|A/cattle/Texas/24-008749-003/2024(H5N1)	140	52434
NS|PP755593.1|A/cattle/Texas/24-008749-003/2024(H5N1)	141	52316
NS|PP755593.1|A/cattle/Texas/24-008749-003/2024(H5N1)	142	51673
NS|PP755593.1|A/cattle/Texas/24-008749-003/2024(H5N1)	143	51799
NS|PP755593.1|A/cattle/Texas/24-008749-003/2024(H5N1)	144	52525
NS|PP755593.1|A/cattle/Texas/24-008749-003/2024(H5N1)	145	52539
NS|PP755593.1|A/cattle/Texas/24-008749-003/2024(H5N1)	146	54640
NS|PP755593.1|A/cattle/Texas/24-008749-003/2024(H5N1)	147	53660
NS|PP755593.1|A/cattle/Texas/24-008749-003/2024(H5N1)	148	53681
NS|PP755593.1|A/cattle/Texas/24-008749-003/2024(H5N1)	149	53954
NS|PP755593.1|A/cattle/Texas/24-008749-003/2024(H5N1)	150	53857
NS|PP755593.1|A/cattle/Texas/24-008749-003/2024(H5N1)	151	54578
NS|PP755593.1|A/cattle/Texas/24-008749-003/2024(H5N1)	152	54916
NS|PP755593.1|A/cattle/Texas/24-008749-003/2024(H5N1)	153	55380
NS|PP755593.1|A/cattle/Texas/24-008749-003/2024(H5N1)	154	49008
NS|PP755593.1|A/cattle/Texas/24-008749-003/2024(H5N1)	155	45868
NS|PP755593.1|A/cattle/Texas/24-008749-003/2024(H5N1)	156	45957
NS|PP755593.1|A/cattle/Texas/24-008749-003/2024(H5N1)	157	45958
NS|PP755593.1|A/cattle/Texas/24-008749-003/2024(H5N1)	158	46693
NS|PP755593.1|A/cattle/Texas/24-008749-003/2024(H5N1)	159	46464
NS|PP755593.1|A/cattle/Texas/24-008749-003/2024(H5N1)	160	44728
NS|PP755593.1|A/cattle/Texas/24-008749-003/2024(H5N1)	161	44706
NS|PP755593.1|A/cattle/Texas/24-008749-003/2024(H5N1)	162	44408
NS|PP755593.1|A/cattle/Texas/24-008749-003/2024(H5N1)	163	44388
NS|PP755593.1|A/cattle/Texas/24-008749-003/2024(H5N1)	164	44356
NS|PP755593.1|A/cattle/Texas/24-008749-003/2024(H5N1)	165	43478
NS|PP755593.1|A/cattle/Texas/24-008749-003/2024(H5N1)	166	43438
NS|PP755593.1|A/cattle/Texas/24-008749-003/2024(H5N1)	167	41643
NS|PP755593.1|A/cattle/Texas/24-008749-003/2024(H5N1)	168	41196
NS|PP755593.1|A/cattle/Texas/24-008749-003/2024(H5N1)	169	41199
NS|PP755593.1|A/cattle/Texas/24-008749-003/2024(H5N1)	170	41350
NS|PP755593.1|A/cattle/Texas/24-008749-003/2024(H5N1)	171	41559
NS|PP755593.1|A/cattle/Texas/24-008749-003/2024(H5N1)	172	41519
NS|PP755593.1|A/cattle/Texas/24-008749-003/2024(H5N1)	173	41265
NS|PP755593.1|A/cattle/Texas/24-008749-003/2024(H5N1)	174	40905
NS|PP755593.1|A/cattle/Texas/24-008749-003/2024(H5N1)	175	41298
NS|PP755593.1|A/cattle/Texas/24-008749-003/2024(H5N1)	176	41367
NS|PP755593.1|A/cattle/Texas/24-008749-003/2024(H5N1)	177	41166
NS|PP755593.1|A/cattle/Texas/24-008749-003/2024(H5N1)	178	41160
NS|PP755593.1|A/cattle/Texas/24-008749-003/2024(H5N1)	179	40549
NS|PP755593.1|A/cattle/Texas/24-008749-003/2024(H5N1)	180	40076
NS|PP755593.1|A/cattle/Texas/24-008749-003/2024(H5N1)	181	40746
NS|PP755593.1|A/cattle/Texas/24-008749-003/2024(H5N1)	182	40698
NS|PP755593.1|A/cattle/Texas/24-008749-003/2024(H5N1)	183	40814
NS|PP755593.1|A/cattle/Texas/24-008749-003/2024(H5N1)	184	44894
NS|PP755593.1|A/cattle/Texas/24-008749-003/2024(H5N1)	185	44997
NS|PP755593.1|A/cattle/Texas/24-008749-003/2024(H5N1)	186	45248
NS|PP755593.1|A/cattle/Texas/24-008749-003/2024(H5N1)	187	45346
NS|PP755593.1|A/cattle/Texas/24-008749-003/2024(H5N1)	188	45480
NS|PP755593.1|A/cattle/Texas/24-008749-003/2024(H5N1)	189	45179
NS|PP755593.1|A/cattle/Texas/24-008749-003/2024(H5N1)	190	44837
NS|PP755593.1|A/cattle/Texas/24-008749-003/2024(H5N1)	191	45027
NS|PP755593.1|A/cattle/Texas/24-008749-003/2024(H5N1)	192	44624
NS|PP755593.1|A/cattle/Texas/24-008749-003/2024(H5N1)	193	44888
NS|PP755593.1|A/cattle/Texas/24-008749-003/2024(H5N1)	194	44630
NS|PP755593.1|A/cattle/Texas/24-008749-003/2024(H5N1)	195	43427
NS|PP755593.1|A/cattle/Texas/24-008749-003/2024(H5N1)	196	43559
NS|PP755593.1|A/cattle/Texas/24-008749-003/2024(H5N1)	197	42858
NS|PP755593.1|A/cattle/Texas/24-008749-003/2024(H5N1)	198	42812
NS|PP755593.1|A/cattle/Texas/24-008749-003/2024(H5N1)	199	42814
NS|PP755593.1|A/cattle/Texas/24-008749-003/2024(H5N1)	200	42714
NS|PP755593.1|A/cattle/Texas/24-008749-003/2024(H5N1)	201	42958
NS|PP755593.1|A/cattle/Texas/24-008749-003/2024(H5N1)	202	42316
NS|PP755593.1|A/cattle/Texas/24-008749-003/2024(H5N1)	203	42150
NS|PP755593.1|A/cattle/Texas/24-008749-003/2024(H5N1)	204	42086
NS|PP755593.1|A/cattle/Texas/24-008749-003/2024(H5N1)	205	42121
NS|PP755593.1|A/cattle/Texas/24-008749-003/2024(H5N1)	206	42330
NS|PP755593.1|A/cattle/Texas/24-008749-003/2024(H5N1)	207	42343
NS|PP755593.1|A/cattle/Texas/24-008749-003/2024(H5N1)	208	42351
NS|PP755593.1|A/cattle/Texas/24-008749-003/2024(H5N1)	209	42352
NS|PP755593.1|A/cattle/Texas/24-008749-003/2024(H5N1)	210	41907
NS|PP755593.1|A/cattle/Texas/24-008749-003/2024(H5N1)	211	42001
NS|PP755593.1|A/cattle/Texas/24-008749-003/2024(H5N1)	212	43780
NS|PP755593.1|A/cattle/Texas/24-008749-003/2024(H5N1)	213	43751
NS|PP755593.1|A/cattle/Texas/24-008749-003/2024(H5N1)	214	44142
NS|PP755593.1|A/cattle/Texas/24-008749-003/2024(H5N1)	215	44355
NS|PP755593.1|A/cattle/Texas/24-008749-003/2024(H5N1)	216	44616
NS|PP755593.1|A/cattle/Texas/24-008749-003/2024(H5N1)	217	44583
NS|PP755593.1|A/cattle/Texas/24-008749-003/2024(H5N1)	218	44372
NS|PP755593.1|A/cattle/Texas/24-008749-003/2024(H5N1)	219	44210
NS|PP755593.1|A/cattle/Texas/24-008749-003/2024(H5N1)	220	44115
NS|PP755593.1|A/cattle/Texas/24-008749-003/2024(H5N1)	221	45349
NS|PP755593.1|A/cattle/Texas/24-008749-003/2024(H5N1)	222	44414
NS|PP755593.1|A/cattle/Texas/24-008749-003/2024(H5N1)	223	43467
NS|PP755593.1|A/cattle/Texas/24-008749-003/2024(H5N1)	224	43522
NS|PP755593.1|A/cattle/Texas/24-008749-003/2024(H5N1)	225	43292
NS|PP755593.1|A/cattle/Texas/24-008749-003/2024(H5N1)	226	43311
NS|PP755593.1|A/cattle/Texas/24-008749-003/2024(H5N1)	227	41693
NS|PP755593.1|A/cattle/Texas/24-008749-003/2024(H5N1)	228	41665
NS|PP755593.1|A/cattle/Texas/24-008749-003/2024(H5N1)	229	42077
NS|PP755593.1|A/cattle/Texas/24-008749-003/2024(H5N1)	230	42053
NS|PP755593.1|A/cattle/Texas/24-008749-003/2024(H5N1)	231	42382
NS|PP755593.1|A/cattle/Texas/24-008749-003/2024(H5N1)	232	41871
NS|PP755593.1|A/cattle/Texas/24-008749-003/2024(H5N1)	233	41773
NS|PP755593.1|A/cattle/Texas/24-008749-003/2024(H5N1)	234	41362
NS|PP755593.1|A/cattle/Texas/24-008749-003/2024(H5N1)	235	41358
NS|PP755593.1|A/cattle/Texas/24-008749-003/2024(H5N1)	236	41410
NS|PP755593.1|A/cattle/Texas/24-008749-003/2024(H5N1)	237	41342
NS|PP755593.1|A/cattle/Texas/24-008749-003/2024(H5N1)	238	40678
NS|PP755593.1|A/cattle/Texas/24-008749-003/2024(H5N1)	239	40216
NS|PP755593.1|A/cattle/Texas/24-008749-003/2024(H5N1)	240	40045
NS|PP755593.1|A/cattle/Texas/24-008749-003/2024(H5N1)	241	39997
NS|PP755593.1|A/cattle/Texas/24-008749-003/2024(H5N1)	242	39909
NS|PP755593.1|A/cattle/Texas/24-008749-003/2024(H5N1)	243	39853
NS|PP755593.1|A/cattle/Texas/24-008749-003/2024(H5N1)	244	39795
NS|PP755593.1|A/cattle/Texas/24-008749-003/2024(H5N1)	245	38700
NS|PP755593.1|A/cattle/Texas/24-008749-003/2024(H5N1)	246	38572
NS|PP755593.1|A/cattle/Texas/24-008749-003/2024(H5N1)	247	34576
NS|PP755593.1|A/cattle/Texas/24-008749-003/2024(H5N1)	248	33886
NS|PP755593.1|A/cattle/Texas/24-008749-003/2024(H5N1)	249	33495
NS|PP755593.1|A/cattle/Texas/24-008749-003/2024(H5N1)	250	33498
NS|PP755593.1|A/cattle/Texas/24-008749-003/2024(H5N1)	251	33497
NS|PP755593.1|A/cattle/Texas/24-008749-003/2024(H5N1)	252	33497
NS|PP755593.1|A/cattle/Texas/24-008749-003/2024(H5N1)	253	33438
NS|PP755593.1|A/cattle/Texas/24-008749-003/2024(H5N1)	254	33247
NS|PP755593.1|A/cattle/Texas/24-008749-003/2024(H5N1)	255	32987
NS|PP755593.1|A/cattle/Texas/24-008749-003/2024(H5N1)	256	32990
NS|PP755593.1|A/cattle/Texas/24-008749-003/2024(H5N1)	257	32990
NS|PP755593.1|A/cattle/Texas/24-008749-003/2024(H5N1)	258	32883
NS|PP755593.1|A/cattle/Texas/24-008749-003/2024(H5N1)	259	32909
NS|PP755593.1|A/cattle/Texas/24-008749-003/2024(H5N1)	260	36421
NS|PP755593.1|A/cattle/Texas/24-008749-003/2024(H5N1)	261	36480
NS|PP755593.1|A/cattle/Texas/24-008749-003/2024(H5N1)	262	36595
NS|PP755593.1|A/cattle/Texas/24-008749-003/2024(H5N1)	263	36603
NS|PP755593.1|A/cattle/Texas/24-008749-003/2024(H5N1)	264	37601
NS|PP755593.1|A/cattle/Texas/24-008749-003/2024(H5N1)	265	37599
NS|PP755593.1|A/cattle/Texas/24-008749-003/2024(H5N1)	266	39330
NS|PP755593.1|A/cattle/Texas/24-008749-003/2024(H5N1)	267	39537
NS|PP755593.1|A/cattle/Texas/24-008749-003/2024(H5N1)	268	39476
NS|PP755593.1|A/cattle/Texas/24-008749-003/2024(H5N1)	269	39259
NS|PP755593.1|A/cattle/Texas/24-008749-003/2024(H5N1)	270	39280
NS|PP755593.1|A/cattle/Texas/24-008749-003/2024(H5N1)	271	39209
NS|PP755593.1|A/cattle/Texas/24-008749-003/2024(H5N1)	272	39058
NS|PP755593.1|A/cattle/Texas/24-008749-003/2024(H5N1)	273	37928
NS|PP755593.1|A/cattle/Texas/24-008749-003/2024(H5N1)	274	38425
NS|PP755593.1|A/cattle/Texas/24-008749-003/2024(H5N1)	275	36561
NS|PP755593.1|A/cattle/Texas/24-008749-003/2024(H5N1)	276	36476
NS|PP755593.1|A/cattle/Texas/24-008749-003/2024(H5N1)	277	36472
NS|PP755593.1|A/cattle/Texas/24-008749-003/2024(H5N1)	278	36994
NS|PP755593.1|A/cattle/Texas/24-008749-003/2024(H5N1)	279	36880
NS|PP755593.1|A/cattle/Texas/24-008749-003/2024(H5N1)	280	36996
NS|PP755593.1|A/cattle/Texas/24-008749-003/2024(H5N1)	281	37971
NS|PP755593.1|A/cattle/Texas/24-008749-003/2024(H5N1)	282	37901
NS|PP755593.1|A/cattle/Texas/24-008749-003/2024(H5N1)	283	37845
NS|PP755593.1|A/cattle/Texas/24-008749-003/2024(H5N1)	284	37698
NS|PP755593.1|A/cattle/Texas/24-008749-003/2024(H5N1)	285	37678
NS|PP755593.1|A/cattle/Texas/24-008749-003/2024(H5N1)	286	37703
NS|PP755593.1|A/cattle/Texas/24-008749-003/2024(H5N1)	287	39799
NS|PP755593.1|A/cattle/Texas/24-008749-003/2024(H5N1)	288	39667
NS|PP755593.1|A/cattle/Texas/24-008749-003/2024(H5N1)	289	39186
NS|PP755593.1|A/cattle/Texas/24-008749-003/2024(H5N1)	290	37464
NS|PP755593.1|A/cattle/Texas/24-008749-003/2024(H5N1)	291	38067
NS|PP755593.1|A/cattle/Texas/24-008749-003/2024(H5N1)	292	37719
NS|PP755593.1|A/cattle/Texas/24-008749-003/2024(H5N1)	293	38398
NS|PP755593.1|A/cattle/Texas/24-008749-003/2024(H5N1)	294	38891
NS|PP755593.1|A/cattle/Texas/24-008749-003/2024(H5N1)	295	38914
NS|PP755593.1|A/cattle/Texas/24-008749-003/2024(H5N1)	296	37838
NS|PP755593.1|A/cattle/Texas/24-008749-003/2024(H5N1)	297	37733
NS|PP755593.1|A/cattle/Texas/24-008749-003/2024(H5N1)	298	37735
NS|PP755593.1|A/cattle/Texas/24-008749-003/2024(H5N1)	299	37738
NS|PP755593.1|A/cattle/Texas/24-008749-003/2024(H5N1)	300	36343
NS|PP755593.1|A/cattle/Texas/24-008749-003/2024(H5N1)	301	36563
NS|PP755593.1|A/cattle/Texas/24-008749-003/2024(H5N1)	302	36734
NS|PP755593.1|A/cattle/Texas/24-008749-003/2024(H5N1)	303	36745
NS|PP755593.1|A/cattle/Texas/24-008749-003/2024(H5N1)	304	36777
NS|PP755593.1|A/cattle/Texas/24-008749-003/2024(H5N1)	305	39424
NS|PP755593.1|A/cattle/Texas/24-008749-003/2024(H5N1)	306	39984
NS|PP755593.1|A/cattle/Texas/24-008749-003/2024(H5N1)	307	39975
NS|PP755593.1|A/cattle/Texas/24-008749-003/2024(H5N1)	308	39973
NS|PP755593.1|A/cattle/Texas/24-008749-003/2024(H5N1)	309	39030
NS|PP755593.1|A/cattle/Texas/24-008749-003/2024(H5N1)	310	38998
NS|PP755593.1|A/cattle/Texas/24-008749-003/2024(H5N1)	311	39126
NS|PP755593.1|A/cattle/Texas/24-008749-003/2024(H5N1)	312	39140
NS|PP755593.1|A/cattle/Texas/24-008749-003/2024(H5N1)	313	39509
NS|PP755593.1|A/cattle/Texas/24-008749-003/2024(H5N1)	314	37401
NS|PP755593.1|A/cattle/Texas/24-008749-003/2024(H5N1)	315	36701
NS|PP755593.1|A/cattle/Texas/24-008749-003/2024(H5N1)	316	36567
NS|PP755593.1|A/cattle/Texas/24-008749-003/2024(H5N1)	317	36789
NS|PP755593.1|A/cattle/Texas/24-008749-003/2024(H5N1)	318	36677
NS|PP755593.1|A/cattle/Texas/24-008749-003/2024(H5N1)	319	36558
NS|PP755593.1|A/cattle/Texas/24-008749-003/2024(H5N1)	320	36494
NS|PP755593.1|A/cattle/Texas/24-008749-003/2024(H5N1)	321	36298
NS|PP755593.1|A/cattle/Texas/24-008749-003/2024(H5N1)	322	35978
NS|PP755593.1|A/cattle/Texas/24-008749-003/2024(H5N1)	323	35962
NS|PP755593.1|A/cattle/Texas/24-008749-003/2024(H5N1)	324	35452
NS|PP755593.1|A/cattle/Texas/24-008749-003/2024(H5N1)	325	35433
NS|PP755593.1|A/cattle/Texas/24-008749-003/2024(H5N1)	326	34941
NS|PP755593.1|A/cattle/Texas/24-008749-003/2024(H5N1)	327	34735
NS|PP755593.1|A/cattle/Texas/24-008749-003/2024(H5N1)	328	35855
NS|PP755593.1|A/cattle/Texas/24-008749-003/2024(H5N1)	329	35856
NS|PP755593.1|A/cattle/Texas/24-008749-003/2024(H5N1)	330	35765
NS|PP755593.1|A/cattle/Texas/24-008749-003/2024(H5N1)	331	35762
NS|PP755593.1|A/cattle/Texas/24-008749-003/2024(H5N1)	332	35279
NS|PP755593.1|A/cattle/Texas/24-008749-003/2024(H5N1)	333	35233
NS|PP755593.1|A/cattle/Texas/24-008749-003/2024(H5N1)	334	35098
NS|PP755593.1|A/cattle/Texas/24-008749-003/2024(H5N1)	335	34943
NS|PP755593.1|A/cattle/Texas/24-008749-003/2024(H5N1)	336	34718
NS|PP755593.1|A/cattle/Texas/24-008749-003/2024(H5N1)	337	34122
NS|PP755593.1|A/cattle/Texas/24-008749-003/2024(H5N1)	338	34074
NS|PP755593.1|A/cattle/Texas/24-008749-003/2024(H5N1)	339	33723
NS|PP755593.1|A/cattle/Texas/24-008749-003/2024(H5N1)	340	33490
NS|PP755593.1|A/cattle/Texas/24-008749-003/2024(H5N1)	341	33335
NS|PP755593.1|A/cattle/Texas/24-008749-003/2024(H5N1)	342	33250
NS|PP755593.1|A/cattle/Texas/24-008749-003/2024(H5N1)	343	32858
NS|PP755593.1|A/cattle/Texas/24-008749-003/2024(H5N1)	344	32749
NS|PP755593.1|A/cattle/Texas/24-008749-003/2024(H5N1)	345	31817
NS|PP755593.1|A/cattle/Texas/24-008749-003/2024(H5N1)	346	31603
NS|PP755593.1|A/cattle/Texas/24-008749-003/2024(H5N1)	347	31603
NS|PP755593.1|A/cattle/Texas/24-008749-003/2024(H5N1)	348	31603
NS|PP755593.1|A/cattle/Texas/24-008749-003/2024(H5N1)	349	34693
NS|PP755593.1|A/cattle/Texas/24-008749-003/2024(H5N1)	350	34757
NS|PP755593.1|A/cattle/Texas/24-008749-003/2024(H5N1)	351	34773
NS|PP755593.1|A/cattle/Texas/24-008749-003/2024(H5N1)	352	35190
NS|PP755593.1|A/cattle/Texas/24-008749-003/2024(H5N1)	353	36820
NS|PP755593.1|A/cattle/Texas/24-008749-003/2024(H5N1)	354	37524
NS|PP755593.1|A/cattle/Texas/24-008749-003/2024(H5N1)	355	37821
NS|PP755593.1|A/cattle/Texas/24-008749-003/2024(H5N1)	356	37663
NS|PP755593.1|A/cattle/Texas/24-008749-003/2024(H5N1)	357	37616
NS|PP755593.1|A/cattle/Texas/24-008749-003/2024(H5N1)	358	37756
NS|PP755593.1|A/cattle/Texas/24-008749-003/2024(H5N1)	359	37719
NS|PP755593.1|A/cattle/Texas/24-008749-003/2024(H5N1)	360	38339
NS|PP755593.1|A/cattle/Texas/24-008749-003/2024(H5N1)	361	37603
NS|PP755593.1|A/cattle/Texas/24-008749-003/2024(H5N1)	362	35873
NS|PP755593.1|A/cattle/Texas/24-008749-003/2024(H5N1)	363	37002
NS|PP755593.1|A/cattle/Texas/24-008749-003/2024(H5N1)	364	37271
NS|PP755593.1|A/cattle/Texas/24-008749-003/2024(H5N1)	365	36928
NS|PP755593.1|A/cattle/Texas/24-008749-003/2024(H5N1)	366	35872
NS|PP755593.1|A/cattle/Texas/24-008749-003/2024(H5N1)	367	36878
NS|PP755593.1|A/cattle/Texas/24-008749-003/2024(H5N1)	368	36882
NS|PP755593.1|A/cattle/Texas/24-008749-003/2024(H5N1)	369	36792
NS|PP755593.1|A/cattle/Texas/24-008749-003/2024(H5N1)	370	38640
NS|PP755593.1|A/cattle/Texas/24-008749-003/2024(H5N1)	371	38660
NS|PP755593.1|A/cattle/Texas/24-008749-003/2024(H5N1)	372	37674
NS|PP755593.1|A/cattle/Texas/24-008749-003/2024(H5N1)	373	37894
NS|PP755593.1|A/cattle/Texas/24-008749-003/2024(H5N1)	374	37840
NS|PP755593.1|A/cattle/Texas/24-008749-003/2024(H5N1)	375	37888
NS|PP755593.1|A/cattle/Texas/24-008749-003/2024(H5N1)	376	37651
NS|PP755593.1|A/cattle/Texas/24-008749-003/2024(H5N1)	377	37684
NS|PP755593.1|A/cattle/Texas/24-008749-003/2024(H5N1)	378	37763
NS|PP755593.1|A/cattle/Texas/24-008749-003/2024(H5N1)	379	37806
NS|PP755593.1|A/cattle/Texas/24-008749-003/2024(H5N1)	380	37690
NS|PP755593.1|A/cattle/Texas/24-008749-003/2024(H5N1)	381	37655
NS|PP755593.1|A/cattle/Texas/24-008749-003/2024(H5N1)	382	37378
NS|PP755593.1|A/cattle/Texas/24-008749-003/2024(H5N1)	383	37388
NS|PP755593.1|A/cattle/Texas/24-008749-003/2024(H5N1)	384	37323
NS|PP755593.1|A/cattle/Texas/24-008749-003/2024(H5N1)	385	37459
NS|PP755593.1|A/cattle/Texas/24-008749-003/2024(H5N1)	386	37455
NS|PP755593.1|A/cattle/Texas/24-008749-003/2024(H5N1)	387	37441
NS|PP755593.1|A/cattle/Texas/24-008749-003/2024(H5N1)	388	37286
NS|PP755593.1|A/cattle/Texas/24-008749-003/2024(H5N1)	389	36950
NS|PP755593.1|A/cattle/Texas/24-008749-003/2024(H5N1)	390	36370
NS|PP755593.1|A/cattle/Texas/24-008749-003/2024(H5N1)	391	36330
NS|PP755593.1|A/cattle/Texas/24-008749-003/2024(H5N1)	392	36320
NS|PP755593.1|A/cattle/Texas/24-008749-003/2024(H5N1)	393	36273
NS|PP755593.1|A/cattle/Texas/24-008749-003/2024(H5N1)	394	36597
NS|PP755593.1|A/cattle/Texas/24-008749-003/2024(H5N1)	395	36573
NS|PP755593.1|A/cattle/Texas/24-008749-003/2024(H5N1)	396	36679
NS|PP755593.1|A/cattle/Texas/24-008749-003/2024(H5N1)	397	36571
NS|PP755593.1|A/cattle/Texas/24-008749-003/2024(H5N1)	398	36573
NS|PP755593.1|A/cattle/Texas/24-008749-003/2024(H5N1)	399	36525
NS|PP755593.1|A/cattle/Texas/24-008749-003/2024(H5N1)	400	36516
NS|PP755593.1|A/cattle/Texas/24-008749-003/2024(H5N1)	401	36216
NS|PP755593.1|A/cattle/Texas/24-008749-003/2024(H5N1)	402	36120
NS|PP755593.1|A/cattle/Texas/24-008749-003/2024(H5N1)	403	35804
NS|PP755593.1|A/cattle/Texas/24-008749-003/2024(H5N1)	404	35799
NS|PP755593.1|A/cattle/Texas/24-008749-003/2024(H5N1)	405	35775
NS|PP755593.1|A/cattle/Texas/24-008749-003/2024(H5N1)	406	35718
NS|PP755593.1|A/cattle/Texas/24-008749-003/2024(H5N1)	407	34998
NS|PP755593.1|A/cattle/Texas/24-008749-003/2024(H5N1)	408	34911
NS|PP755593.1|A/cattle/Texas/24-008749-003/2024(H5N1)	409	34843
NS|PP755593.1|A/cattle/Texas/24-008749-003/2024(H5N1)	410	34795
NS|PP755593.1|A/cattle/Texas/24-008749-003/2024(H5N1)	411	24762
NS|PP755593.1|A/cattle/Texas/24-008749-003/2024(H5N1)	412	24717
NS|PP755593.1|A/cattle/Texas/24-008749-003/2024(H5N1)	413	24572
NS|PP755593.1|A/cattle/Texas/24-008749-003/2024(H5N1)	414	24548
NS|PP755593.1|A/cattle/Texas/24-008749-003/2024(H5N1)	415	24548
NS|PP755593.1|A/cattle/Texas/24-008749-003/2024(H5N1)	416	24574
NS|PP755593.1|A/cattle/Texas/24-008749-003/2024(H5N1)	417	24585
NS|PP755593.1|A/cattle/Texas/24-008749-003/2024(H5N1)	418	27248
NS|PP755593.1|A/cattle/Texas/24-008749-003/2024(H5N1)	419	27282
NS|PP755593.1|A/cattle/Texas/24-008749-003/2024(H5N1)	420	28602
NS|PP755593.1|A/cattle/Texas/24-008749-003/2024(H5N1)	421	28852
NS|PP755593.1|A/cattle/Texas/24-008749-003/2024(H5N1)	422	30435
NS|PP755593.1|A/cattle/Texas/24-008749-003/2024(H5N1)	423	30595
NS|PP755593.1|A/cattle/Texas/24-008749-003/2024(H5N1)	424	30612
NS|PP755593.1|A/cattle/Texas/24-008749-003/2024(H5N1)	425	30613
NS|PP755593.1|A/cattle/Texas/24-008749-003/2024(H5N1)	426	30613
NS|PP755593.1|A/cattle/Texas/24-008749-003/2024(H5N1)	427	30839
NS|PP755593.1|A/cattle/Texas/24-008749-003/2024(H5N1)	428	34227
NS|PP755593.1|A/cattle/Texas/24-008749-003/2024(H5N1)	429	34232
NS|PP755593.1|A/cattle/Texas/24-008749-003/2024(H5N1)	430	34695
NS|PP755593.1|A/cattle/Texas/24-008749-003/2024(H5N1)	431	34712
NS|PP755593.1|A/cattle/Texas/24-008749-003/2024(H5N1)	432	35872
NS|PP755593.1|A/cattle/Texas/24-008749-003/2024(H5N1)	433	36606
NS|PP755593.1|A/cattle/Texas/24-008749-003/2024(H5N1)	434	36620
NS|PP755593.1|A/cattle/Texas/24-008749-003/2024(H5N1)	435	36784
NS|PP755593.1|A/cattle/Texas/24-008749-003/2024(H5N1)	436	36796
NS|PP755593.1|A/cattle/Texas/24-008749-003/2024(H5N1)	437	34175
NS|PP755593.1|A/cattle/Texas/24-008749-003/2024(H5N1)	438	34171
NS|PP755593.1|A/cattle/Texas/24-008749-003/2024(H5N1)	439	34091
NS|PP755593.1|A/cattle/Texas/24-008749-003/2024(H5N1)	440	34474
NS|PP755593.1|A/cattle/Texas/24-008749-003/2024(H5N1)	441	34482
NS|PP755593.1|A/cattle/Texas/24-008749-003/2024(H5N1)	442	36051
NS|PP755593.1|A/cattle/Texas/24-008749-003/2024(H5N1)	443	36143
NS|PP755593.1|A/cattle/Texas/24-008749-003/2024(H5N1)	444	36344
NS|PP755593.1|A/cattle/Texas/24-008749-003/2024(H5N1)	445	36381
NS|PP755593.1|A/cattle/Texas/24-008749-003/2024(H5N1)	446	36481
NS|PP755593.1|A/cattle/Texas/24-008749-003/2024(H5N1)	447	36586
NS|PP755593.1|A/cattle/Texas/24-008749-003/2024(H5N1)	448	36720
NS|PP755593.1|A/cattle/Texas/24-008749-003/2024(H5N1)	449	36793
NS|PP755593.1|A/cattle/Texas/24-008749-003/2024(H5N1)	450	36823
NS|PP755593.1|A/cattle/Texas/24-008749-003/2024(H5N1)	451	36835
NS|PP755593.1|A/cattle/Texas/24-008749-003/2024(H5N1)	452	36896
NS|PP755593.1|A/cattle/Texas/24-008749-003/2024(H5N1)	453	36044
NS|PP755593.1|A/cattle/Texas/24-008749-003/2024(H5N1)	454	36646
NS|PP755593.1|A/cattle/Texas/24-008749-003/2024(H5N1)	455	36813
NS|PP755593.1|A/cattle/Texas/24-008749-003/2024(H5N1)	456	35289
NS|PP755593.1|A/cattle/Texas/24-008749-003/2024(H5N1)	457	35338
NS|PP755593.1|A/cattle/Texas/24-008749-003/2024(H5N1)	458	35443
NS|PP755593.1|A/cattle/Texas/24-008749-003/2024(H5N1)	459	34747
NS|PP755593.1|A/cattle/Texas/24-008749-003/2024(H5N1)	460	34812
NS|PP755593.1|A/cattle/Texas/24-008749-003/2024(H5N1)	461	35544
NS|PP755593.1|A/cattle/Texas/24-008749-003/2024(H5N1)	462	35606
NS|PP755593.1|A/cattle/Texas/24-008749-003/2024(H5N1)	463	35639
NS|PP755593.1|A/cattle/Texas/24-008749-003/2024(H5N1)	464	35711
NS|PP755593.1|A/cattle/Texas/24-008749-003/2024(H5N1)	465	35637
NS|PP755593.1|A/cattle/Texas/24-008749-003/2024(H5N1)	466	35709
NS|PP755593.1|A/cattle/Texas/24-008749-003/2024(H5N1)	467	36015
NS|PP755593.1|A/cattle/Texas/24-008749-003/2024(H5N1)	468	35736
NS|PP755593.1|A/cattle/Texas/24-008749-003/2024(H5N1)	469	35757
NS|PP755593.1|A/cattle/Texas/24-008749-003/2024(H5N1)	470	35114
NS|PP755593.1|A/cattle/Texas/24-008749-003/2024(H5N1)	471	33823
NS|PP755593.1|A/cattle/Texas/24-008749-003/2024(H5N1)	472	34073
NS|PP755593.1|A/cattle/Texas/24-008749-003/2024(H5N1)	473	34499
NS|PP755593.1|A/cattle/Texas/24-008749-003/2024(H5N1)	474	34561
NS|PP755593.1|A/cattle/Texas/24-008749-003/2024(H5N1)	475	34688
NS|PP755593.1|A/cattle/Texas/24-008749-003/2024(H5N1)	476	35517
NS|PP755593.1|A/cattle/Texas/24-008749-003/2024(H5N1)	477	35969
NS|PP755593.1|A/cattle/Texas/24-008749-003/2024(H5N1)	478	36080
NS|PP755593.1|A/cattle/Texas/24-008749-003/2024(H5N1)	479	36104
NS|PP755593.1|A/cattle/Texas/24-008749-003/2024(H5N1)	480	36255
NS|PP755593.1|A/cattle/Texas/24-008749-003/2024(H5N1)	481	36377
NS|PP755593.1|A/cattle/Texas/24-008749-003/2024(H5N1)	482	37561
NS|PP755593.1|A/cattle/Texas/24-008749-003/2024(H5N1)	483	37653
NS|PP755593.1|A/cattle/Texas/24-008749-003/2024(H5N1)	484	38713
NS|PP755593.1|A/cattle/Texas/24-008749-003/2024(H5N1)	485	38874
NS|PP755593.1|A/cattle/Texas/24-008749-003/2024(H5N1)	486	39093
NS|PP755593.1|A/cattle/Texas/24-008749-003/2024(H5N1)	487	39235
NS|PP755593.1|A/cattle/Texas/24-008749-003/2024(H5N1)	488	39171
NS|PP755593.1|A/cattle/Texas/24-008749-003/2024(H5N1)	489	38011
NS|PP755593.1|A/cattle/Texas/24-008749-003/2024(H5N1)	490	38406
NS|PP755593.1|A/cattle/Texas/24-008749-003/2024(H5N1)	491	38505
NS|PP755593.1|A/cattle/Texas/24-008749-003/2024(H5N1)	492	40245
NS|PP755593.1|A/cattle/Texas/24-008749-003/2024(H5N1)	493	40342
NS|PP755593.1|A/cattle/Texas/24-008749-003/2024(H5N1)	494	40549
NS|PP755593.1|A/cattle/Texas/24-008749-003/2024(H5N1)	495	40470
NS|PP755593.1|A/cattle/Texas/24-008749-003/2024(H5N1)	496	41752
NS|PP755593.1|A/cattle/Texas/24-008749-003/2024(H5N1)	497	42083
NS|PP755593.1|A/cattle/Texas/24-008749-003/2024(H5N1)	498	42025
NS|PP755593.1|A/cattle/Texas/24-008749-003/2024(H5N1)	499	41769
NS|PP755593.1|A/cattle/Texas/24-008749-003/2024(H5N1)	500	41656
NS|PP755593.1|A/cattle/Texas/24-008749-003/2024(H5N1)	501	41630
NS|PP755593.1|A/cattle/Texas/24-008749-003/2024(H5N1)	502	42576
NS|PP755593.1|A/cattle/Texas/24-008749-003/2024(H5N1)	503	43323
NS|PP755593.1|A/cattle/Texas/24-008749-003/2024(H5N1)	504	42101
NS|PP755593.1|A/cattle/Texas/24-008749-003/2024(H5N1)	505	41524
NS|PP755593.1|A/cattle/Texas/24-008749-003/2024(H5N1)	506	42859
NS|PP755593.1|A/cattle/Texas/24-008749-003/2024(H5N1)	507	43304
NS|PP755593.1|A/cattle/Texas/24-008749-003/2024(H5N1)	508	43126
NS|PP755593.1|A/cattle/Texas/24-008749-003/2024(H5N1)	509	44463
NS|PP755593.1|A/cattle/Texas/24-008749-003/2024(H5N1)	510	44438
NS|PP755593.1|A/cattle/Texas/24-008749-003/2024(H5N1)	511	43532
NS|PP755593.1|A/cattle/Texas/24-008749-003/2024(H5N1)	512	43567
NS|PP755593.1|A/cattle/Texas/24-008749-003/2024(H5N1)	513	42929
NS|PP755593.1|A/cattle/Texas/24-008749-003/2024(H5N1)	514	41922
NS|PP755593.1|A/cattle/Texas/24-008749-003/2024(H5N1)	515	40424
NS|PP755593.1|A/cattle/Texas/24-008749-003/2024(H5N1)	516	40155
NS|PP755593.1|A/cattle/Texas/24-008749-003/2024(H5N1)	517	40138
NS|PP755593.1|A/cattle/Texas/24-008749-003/2024(H5N1)	518	38626
NS|PP755593.1|A/cattle/Texas/24-008749-003/2024(H5N1)	519	38714
NS|PP755593.1|A/cattle/Texas/24-008749-003/2024(H5N1)	520	38655
NS|PP755593.1|A/cattle/Texas/24-008749-003/2024(H5N1)	521	38648
NS|PP755593.1|A/cattle/Texas/24-008749-003/2024(H5N1)	522	38498
NS|PP755593.1|A/cattle/Texas/24-008749-003/2024(H5N1)	523	38482
NS|PP755593.1|A/cattle/Texas/24-008749-003/2024(H5N1)	524	38398
NS|PP755593.1|A/cattle/Texas/24-008749-003/2024(H5N1)	525	38370
NS|PP755593.1|A/cattle/Texas/24-008749-003/2024(H5N1)	526	38268
NS|PP755593.1|A/cattle/Texas/24-008749-003/2024(H5N1)	527	38488
NS|PP755593.1|A/cattle/Texas/24-008749-003/2024(H5N1)	528	38449
NS|PP755593.1|A/cattle/Texas/24-008749-003/2024(H5N1)	529	38333
NS|PP755593.1|A/cattle/Texas/24-008749-003/2024(H5N1)	530	39155
NS|PP755593.1|A/cattle/Texas/24-008749-003/2024(H5N1)	531	39144
NS|PP755593.1|A/cattle/Texas/24-008749-003/2024(H5N1)	532	39531
NS|PP755593.1|A/cattle/Texas/24-008749-003/2024(H5N1)	533	39523
NS|PP755593.1|A/cattle/Texas/24-008749-003/2024(H5N1)	534	39492
NS|PP755593.1|A/cattle/Texas/24-008749-003/2024(H5N1)	535	39594
NS|PP755593.1|A/cattle/Texas/24-008749-003/2024(H5N1)	536	39374
NS|PP755593.1|A/cattle/Texas/24-008749-003/2024(H5N1)	537	39433
NS|PP755593.1|A/cattle/Texas/24-008749-003/2024(H5N1)	538	39657
NS|PP755593.1|A/cattle/Texas/24-008749-003/2024(H5N1)	539	39568
NS|PP755593.1|A/cattle/Texas/24-008749-003/2024(H5N1)	540	40229
NS|PP755593.1|A/cattle/Texas/24-008749-003/2024(H5N1)	541	40099
NS|PP755593.1|A/cattle/Texas/24-008749-003/2024(H5N1)	542	40044
NS|PP755593.1|A/cattle/Texas/24-008749-003/2024(H5N1)	543	40597
NS|PP755593.1|A/cattle/Texas/24-008749-003/2024(H5N1)	544	40520
NS|PP755593.1|A/cattle/Texas/24-008749-003/2024(H5N1)	545	40565
NS|PP755593.1|A/cattle/Texas/24-008749-003/2024(H5N1)	546	40535
NS|PP755593.1|A/cattle/Texas/24-008749-003/2024(H5N1)	547	40196
NS|PP755593.1|A/cattle/Texas/24-008749-003/2024(H5N1)	548	40289
NS|PP755593.1|A/cattle/Texas/24-008749-003/2024(H5N1)	549	39630
NS|PP755593.1|A/cattle/Texas/24-008749-003/2024(H5N1)	550	39690
NS|PP755593.1|A/cattle/Texas/24-008749-003/2024(H5N1)	551	40272
NS|PP755593.1|A/cattle/Texas/24-008749-003/2024(H5N1)	552	39733
NS|PP755593.1|A/cattle/Texas/24-008749-003/2024(H5N1)	553	40469
NS|PP755593.1|A/cattle/Texas/24-008749-003/2024(H5N1)	554	40353
NS|PP755593.1|A/cattle/Texas/24-008749-003/2024(H5N1)	555	40388
NS|PP755593.1|A/cattle/Texas/24-008749-003/2024(H5N1)	556	40593
NS|PP755593.1|A/cattle/Texas/24-008749-003/2024(H5N1)	557	40607
NS|PP755593.1|A/cattle/Texas/24-008749-003/2024(H5N1)	558	40618
NS|PP755593.1|A/cattle/Texas/24-008749-003/2024(H5N1)	559	40479
NS|PP755593.1|A/cattle/Texas/24-008749-003/2024(H5N1)	560	39726
NS|PP755593.1|A/cattle/Texas/24-008749-003/2024(H5N1)	561	40060
NS|PP755593.1|A/cattle/Texas/24-008749-003/2024(H5N1)	562	39747
NS|PP755593.1|A/cattle/Texas/24-008749-003/2024(H5N1)	563	40009
NS|PP755593.1|A/cattle/Texas/24-008749-003/2024(H5N1)	564	42605
NS|PP755593.1|A/cattle/Texas/24-008749-003/2024(H5N1)	565	42702
NS|PP755593.1|A/cattle/Texas/24-008749-003/2024(H5N1)	566	42750
NS|PP755593.1|A/cattle/Texas/24-008749-003/2024(H5N1)	567	43370
NS|PP755593.1|A/cattle/Texas/24-008749-003/2024(H5N1)	568	43347
NS|PP755593.1|A/cattle/Texas/24-008749-003/2024(H5N1)	569	44029
NS|PP755593.1|A/cattle/Texas/24-008749-003/2024(H5N1)	570	42863
NS|PP755593.1|A/cattle/Texas/24-008749-003/2024(H5N1)	571	42638
NS|PP755593.1|A/cattle/Texas/24-008749-003/2024(H5N1)	572	42916
NS|PP755593.1|A/cattle/Texas/24-008749-003/2024(H5N1)	573	40136
NS|PP755593.1|A/cattle/Texas/24-008749-003/2024(H5N1)	574	41859
NS|PP755593.1|A/cattle/Texas/24-008749-003/2024(H5N1)	575	41921
NS|PP755593.1|A/cattle/Texas/24-008749-003/2024(H5N1)	576	41897
NS|PP755593.1|A/cattle/Texas/24-008749-003/2024(H5N1)	577	43292
NS|PP755593.1|A/cattle/Texas/24-008749-003/2024(H5N1)	578	42891
NS|PP755593.1|A/cattle/Texas/24-008749-003/2024(H5N1)	579	40719
NS|PP755593.1|A/cattle/Texas/24-008749-003/2024(H5N1)	580	40750
NS|PP755593.1|A/cattle/Texas/24-008749-003/2024(H5N1)	581	40508
NS|PP755593.1|A/cattle/Texas/24-008749-003/2024(H5N1)	582	40700
NS|PP755593.1|A/cattle/Texas/24-008749-003/2024(H5N1)	583	39094
NS|PP755593.1|A/cattle/Texas/24-008749-003/2024(H5N1)	584	39163
NS|PP755593.1|A/cattle/Texas/24-008749-003/2024(H5N1)	585	39161
NS|PP755593.1|A/cattle/Texas/24-008749-003/2024(H5N1)	586	39180
NS|PP755593.1|A/cattle/Texas/24-008749-003/2024(H5N1)	587	40498
NS|PP755593.1|A/cattle/Texas/24-008749-003/2024(H5N1)	588	40449
NS|PP755593.1|A/cattle/Texas/24-008749-003/2024(H5N1)	589	41021
NS|PP755593.1|A/cattle/Texas/24-008749-003/2024(H5N1)	590	41243
NS|PP755593.1|A/cattle/Texas/24-008749-003/2024(H5N1)	591	40914
NS|PP755593.1|A/cattle/Texas/24-008749-003/2024(H5N1)	592	41957
NS|PP755593.1|A/cattle/Texas/24-008749-003/2024(H5N1)	593	42161
NS|PP755593.1|A/cattle/Texas/24-008749-003/2024(H5N1)	594	42414
NS|PP755593.1|A/cattle/Texas/24-008749-003/2024(H5N1)	595	42323
NS|PP755593.1|A/cattle/Texas/24-008749-003/2024(H5N1)	596	42225
NS|PP755593.1|A/cattle/Texas/24-008749-003/2024(H5N1)	597	42350
NS|PP755593.1|A/cattle/Texas/24-008749-003/2024(H5N1)	598	41282
NS|PP755593.1|A/cattle/Texas/24-008749-003/2024(H5N1)	599	41285
NS|PP755593.1|A/cattle/Texas/24-008749-003/2024(H5N1)	600	41875
NS|PP755593.1|A/cattle/Texas/24-008749-003/2024(H5N1)	601	40969
NS|PP755593.1|A/cattle/Texas/24-008749-003/2024(H5N1)	602	40961
NS|PP755593.1|A/cattle/Texas/24-008749-003/2024(H5N1)	603	41090
NS|PP755593.1|A/cattle/Texas/24-008749-003/2024(H5N1)	604	41217
NS|PP755593.1|A/cattle/Texas/24-008749-003/2024(H5N1)	605	40767
NS|PP755593.1|A/cattle/Texas/24-008749-003/2024(H5N1)	606	40704
NS|PP755593.1|A/cattle/Texas/24-008749-003/2024(H5N1)	607	40755
NS|PP755593.1|A/cattle/Texas/24-008749-003/2024(H5N1)	608	40640
NS|PP755593.1|A/cattle/Texas/24-008749-003/2024(H5N1)	609	41755
NS|PP755593.1|A/cattle/Texas/24-008749-003/2024(H5N1)	610	41743
NS|PP755593.1|A/cattle/Texas/24-008749-003/2024(H5N1)	611	41726
NS|PP755593.1|A/cattle/Texas/24-008749-003/2024(H5N1)	612	41289
NS|PP755593.1|A/cattle/Texas/24-008749-003/2024(H5N1)	613	41228
NS|PP755593.1|A/cattle/Texas/24-008749-003/2024(H5N1)	614	42062
NS|PP755593.1|A/cattle/Texas/24-008749-003/2024(H5N1)	615	42161
NS|PP755593.1|A/cattle/Texas/24-008749-003/2024(H5N1)	616	42127
NS|PP755593.1|A/cattle/Texas/24-008749-003/2024(H5N1)	617	43730
NS|PP755593.1|A/cattle/Texas/24-008749-003/2024(H5N1)	618	43952
NS|PP755593.1|A/cattle/Texas/24-008749-003/2024(H5N1)	619	44151
NS|PP755593.1|A/cattle/Texas/24-008749-003/2024(H5N1)	620	44140
NS|PP755593.1|A/cattle/Texas/24-008749-003/2024(H5N1)	621	44063
NS|PP755593.1|A/cattle/Texas/24-008749-003/2024(H5N1)	622	44356
NS|PP755593.1|A/cattle/Texas/24-008749-003/2024(H5N1)	623	43624
NS|PP755593.1|A/cattle/Texas/24-008749-003/2024(H5N1)	624	44917
NS|PP755593.1|A/cattle/Texas/24-008749-003/2024(H5N1)	625	45450
NS|PP755593.1|A/cattle/Texas/24-008749-003/2024(H5N1)	626	44206
NS|PP755593.1|A/cattle/Texas/24-008749-003/2024(H5N1)	627	44490
NS|PP755593.1|A/cattle/Texas/24-008749-003/2024(H5N1)	628	44101
NS|PP755593.1|A/cattle/Texas/24-008749-003/2024(H5N1)	629	44655
NS|PP755593.1|A/cattle/Texas/24-008749-003/2024(H5N1)	630	44646
NS|PP755593.1|A/cattle/Texas/24-008749-003/2024(H5N1)	631	44363
NS|PP755593.1|A/cattle/Texas/24-008749-003/2024(H5N1)	632	44843
NS|PP755593.1|A/cattle/Texas/24-008749-003/2024(H5N1)	633	43428
NS|PP755593.1|A/cattle/Texas/24-008749-003/2024(H5N1)	634	45969
NS|PP755593.1|A/cattle/Texas/24-008749-003/2024(H5N1)	635	48773
NS|PP755593.1|A/cattle/Texas/24-008749-003/2024(H5N1)	636	48557
NS|PP755593.1|A/cattle/Texas/24-008749-003/2024(H5N1)	637	48818
NS|PP755593.1|A/cattle/Texas/24-008749-003/2024(H5N1)	638	48670
NS|PP755593.1|A/cattle/Texas/24-008749-003/2024(H5N1)	639	48857
NS|PP755593.1|A/cattle/Texas/24-008749-003/2024(H5N1)	640	49273
NS|PP755593.1|A/cattle/Texas/24-008749-003/2024(H5N1)	641	48828
NS|PP755593.1|A/cattle/Texas/24-008749-003/2024(H5N1)	642	49183
NS|PP755593.1|A/cattle/Texas/24-008749-003/2024(H5N1)	643	46612
NS|PP755593.1|A/cattle/Texas/24-008749-003/2024(H5N1)	644	48522
NS|PP755593.1|A/cattle/Texas/24-008749-003/2024(H5N1)	645	48525
NS|PP755593.1|A/cattle/Texas/24-008749-003/2024(H5N1)	646	47700
NS|PP755593.1|A/cattle/Texas/24-008749-003/2024(H5N1)	647	47539
NS|PP755593.1|A/cattle/Texas/24-008749-003/2024(H5N1)	648	48593
NS|PP755593.1|A/cattle/Texas/24-008749-003/2024(H5N1)	649	48654
NS|PP755593.1|A/cattle/Texas/24-008749-003/2024(H5N1)	650	48602
NS|PP755593.1|A/cattle/Texas/24-008749-003/2024(H5N1)	651	48508
NS|PP755593.1|A/cattle/Texas/24-008749-003/2024(H5N1)	652	47897
NS|PP755593.1|A/cattle/Texas/24-008749-003/2024(H5N1)	653	46041
NS|PP755593.1|A/cattle/Texas/24-008749-003/2024(H5N1)	654	46040
NS|PP755593.1|A/cattle/Texas/24-008749-003/2024(H5N1)	655	47359
NS|PP755593.1|A/cattle/Texas/24-008749-003/2024(H5N1)	656	47472
NS|PP755593.1|A/cattle/Texas/24-008749-003/2024(H5N1)	657	46528
NS|PP755593.1|A/cattle/Texas/24-008749-003/2024(H5N1)	658	47244
NS|PP755593.1|A/cattle/Texas/24-008749-003/2024(H5N1)	659	47267
NS|PP755593.1|A/cattle/Texas/24-008749-003/2024(H5N1)	660	46379
NS|PP755593.1|A/cattle/Texas/24-008749-003/2024(H5N1)	661	46435
NS|PP755593.1|A/cattle/Texas/24-008749-003/2024(H5N1)	662	46377
NS|PP755593.1|A/cattle/Texas/24-008749-003/2024(H5N1)	663	46485
NS|PP755593.1|A/cattle/Texas/24-008749-003/2024(H5N1)	664	46547
NS|PP755593.1|A/cattle/Texas/24-008749-003/2024(H5N1)	665	46589
NS|PP755593.1|A/cattle/Texas/24-008749-003/2024(H5N1)	666	46822
NS|PP755593.1|A/cattle/Texas/24-008749-003/2024(H5N1)	667	48185
NS|PP755593.1|A/cattle/Texas/24-008749-003/2024(H5N1)	668	48100
NS|PP755593.1|A/cattle/Texas/24-008749-003/2024(H5N1)	669	48234
NS|PP755593.1|A/cattle/Texas/24-008749-003/2024(H5N1)	670	48157
NS|PP755593.1|A/cattle/Texas/24-008749-003/2024(H5N1)	671	49299
NS|PP755593.1|A/cattle/Texas/24-008749-003/2024(H5N1)	672	49628
NS|PP755593.1|A/cattle/Texas/24-008749-003/2024(H5N1)	673	49713
NS|PP755593.1|A/cattle/Texas/24-008749-003/2024(H5N1)	674	50218
NS|PP755593.1|A/cattle/Texas/24-008749-003/2024(H5N1)	675	50068
NS|PP755593.1|A/cattle/Texas/24-008749-003/2024(H5N1)	676	50104
NS|PP755593.1|A/cattle/Texas/24-008749-003/2024(H5N1)	677	50136
NS|PP755593.1|A/cattle/Texas/24-008749-003/2024(H5N1)	678	49953
NS|PP755593.1|A/cattle/Texas/24-008749-003/2024(H5N1)	679	49958
NS|PP755593.1|A/cattle/Texas/24-008749-003/2024(H5N1)	680	49659
NS|PP755593.1|A/cattle/Texas/24-008749-003/2024(H5N1)	681	49392
NS|PP755593.1|A/cattle/Texas/24-008749-003/2024(H5N1)	682	49832
NS|PP755593.1|A/cattle/Texas/24-008749-003/2024(H5N1)	683	49267
NS|PP755593.1|A/cattle/Texas/24-008749-003/2024(H5N1)	684	49222
NS|PP755593.1|A/cattle/Texas/24-008749-003/2024(H5N1)	685	49239
NS|PP755593.1|A/cattle/Texas/24-008749-003/2024(H5N1)	686	49305
NS|PP755593.1|A/cattle/Texas/24-008749-003/2024(H5N1)	687	49429
NS|PP755593.1|A/cattle/Texas/24-008749-003/2024(H5N1)	688	49483
NS|PP755593.1|A/cattle/Texas/24-008749-003/2024(H5N1)	689	48755
NS|PP755593.1|A/cattle/Texas/24-008749-003/2024(H5N1)	690	48807
NS|PP755593.1|A/cattle/Texas/24-008749-003/2024(H5N1)	691	48597
NS|PP755593.1|A/cattle/Texas/24-008749-003/2024(H5N1)	692	48602
NS|PP755593.1|A/cattle/Texas/24-008749-003/2024(H5N1)	693	48597
NS|PP755593.1|A/cattle/Texas/24-008749-003/2024(H5N1)	694	48158
NS|PP755593.1|A/cattle/Texas/24-008749-003/2024(H5N1)	695	48574
NS|PP755593.1|A/cattle/Texas/24-008749-003/2024(H5N1)	696	48446
NS|PP755593.1|A/cattle/Texas/24-008749-003/2024(H5N1)	697	48355
NS|PP755593.1|A/cattle/Texas/24-008749-003/2024(H5N1)	698	48375
NS|PP755593.1|A/cattle/Texas/24-008749-003/2024(H5N1)	699	48698
NS|PP755593.1|A/cattle/Texas/24-008749-003/2024(H5N1)	700	48689
NS|PP755593.1|A/cattle/Texas/24-008749-003/2024(H5N1)	701	48592
NS|PP755593.1|A/cattle/Texas/24-008749-003/2024(H5N1)	702	48096
NS|PP755593.1|A/cattle/Texas/24-008749-003/2024(H5N1)	703	48393
NS|PP755593.1|A/cattle/Texas/24-008749-003/2024(H5N1)	704	47608
NS|PP755593.1|A/cattle/Texas/24-008749-003/2024(H5N1)	705	47508
NS|PP755593.1|A/cattle/Texas/24-008749-003/2024(H5N1)	706	47496
NS|PP755593.1|A/cattle/Texas/24-008749-003/2024(H5N1)	707	47396
NS|PP755593.1|A/cattle/Texas/24-008749-003/2024(H5N1)	708	47169
NS|PP755593.1|A/cattle/Texas/24-008749-003/2024(H5N1)	709	47644
NS|PP755593.1|A/cattle/Texas/24-008749-003/2024(H5N1)	710	49213
NS|PP755593.1|A/cattle/Texas/24-008749-003/2024(H5N1)	711	49535
NS|PP755593.1|A/cattle/Texas/24-008749-003/2024(H5N1)	712	49328
NS|PP755593.1|A/cattle/Texas/24-008749-003/2024(H5N1)	713	49392
NS|PP755593.1|A/cattle/Texas/24-008749-003/2024(H5N1)	714	54230
NS|PP755593.1|A/cattle/Texas/24-008749-003/2024(H5N1)	715	52067
NS|PP755593.1|A/cattle/Texas/24-008749-003/2024(H5N1)	716	51842
NS|PP755593.1|A/cattle/Texas/24-008749-003/2024(H5N1)	717	52297
NS|PP755593.1|A/cattle/Texas/24-008749-003/2024(H5N1)	718	51363
NS|PP755593.1|A/cattle/Texas/24-008749-003/2024(H5N1)	719	51362
NS|PP755593.1|A/cattle/Texas/24-008749-003/2024(H5N1)	720	50540
NS|PP755593.1|A/cattle/Texas/24-008749-003/2024(H5N1)	721	50493
NS|PP755593.1|A/cattle/Texas/24-008749-003/2024(H5N1)	722	49974
NS|PP755593.1|A/cattle/Texas/24-008749-003/2024(H5N1)	723	49804
NS|PP755593.1|A/cattle/Texas/24-008749-003/2024(H5N1)	724	49529
NS|PP755593.1|A/cattle/Texas/24-008749-003/2024(H5N1)	725	48008
NS|PP755593.1|A/cattle/Texas/24-008749-003/2024(H5N1)	726	48001
NS|PP755593.1|A/cattle/Texas/24-008749-003/2024(H5N1)	727	47997
NS|PP755593.1|A/cattle/Texas/24-008749-003/2024(H5N1)	728	45834
NS|PP755593.1|A/cattle/Texas/24-008749-003/2024(H5N1)	729	45833
NS|PP755593.1|A/cattle/Texas/24-008749-003/2024(H5N1)	730	45712
NS|PP755593.1|A/cattle/Texas/24-008749-003/2024(H5N1)	731	34449
NS|PP755593.1|A/cattle/Texas/24-008749-003/2024(H5N1)	732	34388
NS|PP755593.1|A/cattle/Texas/24-008749-003/2024(H5N1)	733	33883
NS|PP755593.1|A/cattle/Texas/24-008749-003/2024(H5N1)	734	33883
NS|PP755593.1|A/cattle/Texas/24-008749-003/2024(H5N1)	735	33884
NS|PP755593.1|A/cattle/Texas/24-008749-003/2024(H5N1)	736	33884
NS|PP755593.1|A/cattle/Texas/24-008749-003/2024(H5N1)	737	33765
NS|PP755593.1|A/cattle/Texas/24-008749-003/2024(H5N1)	738	31795
NS|PP755593.1|A/cattle/Texas/24-008749-003/2024(H5N1)	739	31759
NS|PP755593.1|A/cattle/Texas/24-008749-003/2024(H5N1)	740	31761
NS|PP755593.1|A/cattle/Texas/24-008749-003/2024(H5N1)	741	31761
NS|PP755593.1|A/cattle/Texas/24-008749-003/2024(H5N1)	742	30782
NS|PP755593.1|A/cattle/Texas/24-008749-003/2024(H5N1)	743	30786
NS|PP755593.1|A/cattle/Texas/24-008749-003/2024(H5N1)	744	30784
NS|PP755593.1|A/cattle/Texas/24-008749-003/2024(H5N1)	745	30783
NS|PP755593.1|A/cattle/Texas/24-008749-003/2024(H5N1)	746	30784
NS|PP755593.1|A/cattle/Texas/24-008749-003/2024(H5N1)	747	30783
NS|PP755593.1|A/cattle/Texas/24-008749-003/2024(H5N1)	748	30793
NS|PP755593.1|A/cattle/Texas/24-008749-003/2024(H5N1)	749	36496
NS|PP755593.1|A/cattle/Texas/24-008749-003/2024(H5N1)	750	36912
NS|PP755593.1|A/cattle/Texas/24-008749-003/2024(H5N1)	751	36911
NS|PP755593.1|A/cattle/Texas/24-008749-003/2024(H5N1)	752	36924
NS|PP755593.1|A/cattle/Texas/24-008749-003/2024(H5N1)	753	36924
NS|PP755593.1|A/cattle/Texas/24-008749-003/2024(H5N1)	754	36923
NS|PP755593.1|A/cattle/Texas/24-008749-003/2024(H5N1)	755	36933
NS|PP755593.1|A/cattle/Texas/24-008749-003/2024(H5N1)	756	36932
NS|PP755593.1|A/cattle/Texas/24-008749-003/2024(H5N1)	757	36940
NS|PP755593.1|A/cattle/Texas/24-008749-003/2024(H5N1)	758	37024
NS|PP755593.1|A/cattle/Texas/24-008749-003/2024(H5N1)	759	37023
NS|PP755593.1|A/cattle/Texas/24-008749-003/2024(H5N1)	760	37022
NS|PP755593.1|A/cattle/Texas/24-008749-003/2024(H5N1)	761	37023
NS|PP755593.1|A/cattle/Texas/24-008749-003/2024(H5N1)	762	37023
NS|PP755593.1|A/cattle/Texas/24-008749-003/2024(H5N1)	763	37022
NS|PP755593.1|A/cattle/Texas/24-008749-003/2024(H5N1)	764	37076
NS|PP755593.1|A/cattle/Texas/24-008749-003/2024(H5N1)	765	37074
NS|PP755593.1|A/cattle/Texas/24-008749-003/2024(H5N1)	766	37072
NS|PP755593.1|A/cattle/Texas/24-008749-003/2024(H5N1)	767	37080
NS|PP755593.1|A/cattle/Texas/24-008749-003/2024(H5N1)	768	37074
NS|PP755593.1|A/cattle/Texas/24-008749-003/2024(H5N1)	769	37088
NS|PP755593.1|A/cattle/Texas/24-008749-003/2024(H5N1)	770	37856
NS|PP755593.1|A/cattle/Texas/24-008749-003/2024(H5N1)	771	37869
NS|PP755593.1|A/cattle/Texas/24-008749-003/2024(H5N1)	772	37875
NS|PP755593.1|A/cattle/Texas/24-008749-003/2024(H5N1)	773	37888
NS|PP755593.1|A/cattle/Texas/24-008749-003/2024(H5N1)	774	37891
NS|PP755593.1|A/cattle/Texas/24-008749-003/2024(H5N1)	775	37906
NS|PP755593.1|A/cattle/Texas/24-008749-003/2024(H5N1)	776	37989
NS|PP755593.1|A/cattle/Texas/24-008749-003/2024(H5N1)	777	38337
NS|PP755593.1|A/cattle/Texas/24-008749-003/2024(H5N1)	778	37990
NS|PP755593.1|A/cattle/Texas/24-008749-003/2024(H5N1)	779	37745
NS|PP755593.1|A/cattle/Texas/24-008749-003/2024(H5N1)	780	37751
NS|PP755593.1|A/cattle/Texas/24-008749-003/2024(H5N1)	781	37735
NS|PP755593.1|A/cattle/Texas/24-008749-003/2024(H5N1)	782	37500
NS|PP755593.1|A/cattle/Texas/24-008749-003/2024(H5N1)	783	37484
NS|PP755593.1|A/cattle/Texas/24-008749-003/2024(H5N1)	784	37376
NS|PP755593.1|A/cattle/Texas/24-008749-003/2024(H5N1)	785	35036
NS|PP755593.1|A/cattle/Texas/24-008749-003/2024(H5N1)	786	31582
NS|PP755593.1|A/cattle/Texas/24-008749-003/2024(H5N1)	787	31526
NS|PP755593.1|A/cattle/Texas/24-008749-003/2024(H5N1)	788	31211
NS|PP755593.1|A/cattle/Texas/24-008749-003/2024(H5N1)	789	31065
NS|PP755593.1|A/cattle/Texas/24-008749-003/2024(H5N1)	790	31072
NS|PP755593.1|A/cattle/Texas/24-008749-003/2024(H5N1)	791	30302
NS|PP755593.1|A/cattle/Texas/24-008749-003/2024(H5N1)	792	30289
NS|PP755593.1|A/cattle/Texas/24-008749-003/2024(H5N1)	793	30018
NS|PP755593.1|A/cattle/Texas/24-008749-003/2024(H5N1)	794	29737
NS|PP755593.1|A/cattle/Texas/24-008749-003/2024(H5N1)	795	28641
NS|PP755593.1|A/cattle/Texas/24-008749-003/2024(H5N1)	796	28611
NS|PP755593.1|A/cattle/Texas/24-008749-003/2024(H5N1)	797	28584
NS|PP755593.1|A/cattle/Texas/24-008749-003/2024(H5N1)	798	28548
NS|PP755593.1|A/cattle/Texas/24-008749-003/2024(H5N1)	799	27070
NS|PP755593.1|A/cattle/Texas/24-008749-003/2024(H5N1)	800	27149
NS|PP755593.1|A/cattle/Texas/24-008749-003/2024(H5N1)	801	27134
NS|PP755593.1|A/cattle/Texas/24-008749-003/2024(H5N1)	802	27128
NS|PP755593.1|A/cattle/Texas/24-008749-003/2024(H5N1)	803	27012
NS|PP755593.1|A/cattle/Texas/24-008749-003/2024(H5N1)	804	25323
NS|PP755593.1|A/cattle/Texas/24-008749-003/2024(H5N1)	805	25309
NS|PP755593.1|A/cattle/Texas/24-008749-003/2024(H5N1)	806	25262
NS|PP755593.1|A/cattle/Texas/24-008749-003/2024(H5N1)	807	25108
NS|PP755593.1|A/cattle/Texas/24-008749-003/2024(H5N1)	808	25214
NS|PP755593.1|A/cattle/Texas/24-008749-003/2024(H5N1)	809	24012
NS|PP755593.1|A/cattle/Texas/24-008749-003/2024(H5N1)	810	23935
NS|PP755593.1|A/cattle/Texas/24-008749-003/2024(H5N1)	811	23876
NS|PP755593.1|A/cattle/Texas/24-008749-003/2024(H5N1)	812	23844
NS|PP755593.1|A/cattle/Texas/24-008749-003/2024(H5N1)	813	23841
NS|PP755593.1|A/cattle/Texas/24-008749-003/2024(H5N1)	814	23670
NS|PP755593.1|A/cattle/Texas/24-008749-003/2024(H5N1)	815	23583
NS|PP755593.1|A/cattle/Texas/24-008749-003/2024(H5N1)	816	23378
NS|PP755593.1|A/cattle/Texas/24-008749-003/2024(H5N1)	817	21600
NS|PP755593.1|A/cattle/Texas/24-008749-003/2024(H5N1)	818	21547
NS|PP755593.1|A/cattle/Texas/24-008749-003/2024(H5N1)	819	21530
NS|PP755593.1|A/cattle/Texas/24-008749-003/2024(H5N1)	820	20988
NS|PP755593.1|A/cattle/Texas/24-008749-003/2024(H5N1)	821	20983
NS|PP755593.1|A/cattle/Texas/24-008749-003/2024(H5N1)	822	20585
NS|PP755593.1|A/cattle/Texas/24-008749-003/2024(H5N1)	823	20549
NS|PP755593.1|A/cattle/Texas/24-008749-003/2024(H5N1)	824	20440
NS|PP755593.1|A/cattle/Texas/24-008749-003/2024(H5N1)	825	20158
NS|PP755593.1|A/cattle/Texas/24-008749-003/2024(H5N1)	826	20130
NS|PP755593.1|A/cattle/Texas/24-008749-003/2024(H5N1)	827	20104
NS|PP755593.1|A/cattle/Texas/24-008749-003/2024(H5N1)	828	20058
NS|PP755593.1|A/cattle/Texas/24-008749-003/2024(H5N1)	829	20058
NS|PP755593.1|A/cattle/Texas/24-008749-003/2024(H5N1)	830	19706
NS|PP755593.1|A/cattle/Texas/24-008749-003/2024(H5N1)	831	19276
NS|PP755593.1|A/cattle/Texas/24-008749-003/2024(H5N1)	832	19223
NS|PP755593.1|A/cattle/Texas/24-008749-003/2024(H5N1)	833	18959
NS|PP755593.1|A/cattle/Texas/24-008749-003/2024(H5N1)	834	18930
NS|PP755593.1|A/cattle/Texas/24-008749-003/2024(H5N1)	835	18896
NS|PP755593.1|A/cattle/Texas/24-008749-003/2024(H5N1)	836	18829
NS|PP755593.1|A/cattle/Texas/24-008749-003/2024(H5N1)	837	18636
NS|PP755593.1|A/cattle/Texas/24-008749-003/2024(H5N1)	838	18437
