NS|PP755593.1|A/cattle/Texas/24-008749-003/2024(H5N1)	1	136
NS|PP755593.1|A/cattle/Texas/24-008749-003/2024(H5N1)	2	136
NS|PP755593.1|A/cattle/Texas/24-008749-003/2024(H5N1)	3	139
NS|PP755593.1|A/cattle/Texas/24-008749-003/2024(H5N1)	4	143
NS|PP755593.1|A/cattle/Texas/24-008749-003/2024(H5N1)	5	145
NS|PP755593.1|A/cattle/Texas/24-008749-003/2024(H5N1)	6	222
NS|PP755593.1|A/cattle/Texas/24-008749-003/2024(H5N1)	7	222
NS|PP755593.1|A/cattle/Texas/24-008749-003/2024(H5N1)	8	225
NS|PP755593.1|A/cattle/Texas/24-008749-003/2024(H5N1)	9	225
NS|PP755593.1|A/cattle/Texas/24-008749-003/2024(H5N1)	10	225
NS|PP755593.1|A/cattle/Texas/24-008749-003/2024(H5N1)	11	228
NS|PP755593.1|A/cattle/Texas/24-008749-003/2024(H5N1)	12	228
NS|PP755593.1|A/cattle/Texas/24-008749-003/2024(H5N1)	13	228
NS|PP755593.1|A/cattle/Texas/24-008749-003/2024(H5N1)	14	228
NS|PP755593.1|A/cattle/Texas/24-008749-003/2024(H5N1)	15	228
NS|PP755593.1|A/cattle/Texas/24-008749-003/2024(H5N1)	16	251
NS|PP755593.1|A/cattle/Texas/24-008749-003/2024(H5N1)	17	251
NS|PP755593.1|A/cattle/Texas/24-008749-003/2024(H5N1)	18	251
NS|PP755593.1|A/cattle/Texas/24-008749-003/2024(H5N1)	19	251
NS|PP755593.1|A/cattle/Texas/24-008749-003/2024(H5N1)	20	251
NS|PP755593.1|A/cattle/Texas/24-008749-003/2024(H5N1)	21	251
NS|PP755593.1|A/cattle/Texas/24-008749-003/2024(H5N1)	22	251
NS|PP755593.1|A/cattle/Texas/24-008749-003/2024(H5N1)	23	252
NS|PP755593.1|A/cattle/Texas/24-008749-003/2024(H5N1)	24	255
NS|PP755593.1|A/cattle/Texas/24-008749-003/2024(H5N1)	25	255
NS|PP755593.1|A/cattle/Texas/24-008749-003/2024(H5N1)	26	259
NS|PP755593.1|A/cattle/Texas/24-008749-003/2024(H5N1)	27	259
NS|PP755593.1|A/cattle/Texas/24-008749-003/2024(H5N1)	28	272
NS|PP755593.1|A/cattle/Texas/24-008749-003/2024(H5N1)	29	272
NS|PP755593.1|A/cattle/Texas/24-008749-003/2024(H5N1)	30	272
NS|PP755593.1|A/cattle/Texas/24-008749-003/2024(H5N1)	31	272
NS|PP755593.1|A/cattle/Texas/24-008749-003/2024(H5N1)	32	272
NS|PP755593.1|A/cattle/Texas/24-008749-003/2024(H5N1)	33	272
NS|PP755593.1|A/cattle/Texas/24-008749-003/2024(H5N1)	34	272
NS|PP755593.1|A/cattle/Texas/24-008749-003/2024(H5N1)	35	272
NS|PP755593.1|A/cattle/Texas/24-008749-003/2024(H5N1)	36	275
NS|PP755593.1|A/cattle/Texas/24-008749-003/2024(H5N1)	37	275
NS|PP755593.1|A/cattle/Texas/24-008749-003/2024(H5N1)	38	282
NS|PP755593.1|A/cattle/Texas/24-008749-003/2024(H5N1)	39	283
NS|PP755593.1|A/cattle/Texas/24-008749-003/2024(H5N1)	40	282
NS|PP755593.1|A/cattle/Texas/24-008749-003/2024(H5N1)	41	283
NS|PP755593.1|A/cattle/Texas/24-008749-003/2024(H5N1)	42	283
NS|PP755593.1|A/cattle/Texas/24-008749-003/2024(H5N1)	43	283
NS|PP755593.1|A/cattle/Texas/24-008749-003/2024(H5N1)	44	283
NS|PP755593.1|A/cattle/Texas/24-008749-003/2024(H5N1)	45	283
NS|PP755593.1|A/cattle/Texas/24-008749-003/2024(H5N1)	46	283
NS|PP755593.1|A/cattle/Texas/24-008749-003/2024(H5N1)	47	283
NS|PP755593.1|A/cattle/Texas/24-008749-003/2024(H5N1)	48	282
NS|PP755593.1|A/cattle/Texas/24-008749-003/2024(H5N1)	49	281
NS|PP755593.1|A/cattle/Texas/24-008749-003/2024(H5N1)	50	281
NS|PP755593.1|A/cattle/Texas/24-008749-003/2024(H5N1)	51	279
NS|PP755593.1|A/cattle/Texas/24-008749-003/2024(H5N1)	52	280
NS|PP755593.1|A/cattle/Texas/24-008749-003/2024(H5N1)	53	275
NS|PP755593.1|A/cattle/Texas/24-008749-003/2024(H5N1)	54	272
NS|PP755593.1|A/cattle/Texas/24-008749-003/2024(H5N1)	55	269
NS|PP755593.1|A/cattle/Texas/24-008749-003/2024(H5N1)	56	270
NS|PP755593.1|A/cattle/Texas/24-008749-003/2024(H5N1)	57	265
NS|PP755593.1|A/cattle/Texas/24-008749-003/2024(H5N1)	58	264
NS|PP755593.1|A/cattle/Texas/24-008749-003/2024(H5N1)	59	261
NS|PP755593.1|A/cattle/Texas/24-008749-003/2024(H5N1)	60	257
NS|PP755593.1|A/cattle/Texas/24-008749-003/2024(H5N1)	61	249
NS|PP755593.1|A/cattle/Texas/24-008749-003/2024(H5N1)	62	248
NS|PP755593.1|A/cattle/Texas/24-008749-003/2024(H5N1)	63	246
NS|PP755593.1|A/cattle/Texas/24-008749-003/2024(H5N1)	64	238
NS|PP755593.1|A/cattle/Texas/24-008749-003/2024(H5N1)	65	236
NS|PP755593.1|A/cattle/Texas/24-008749-003/2024(H5N1)	66	234
NS|PP755593.1|A/cattle/Texas/24-008749-003/2024(H5N1)	67	230
NS|PP755593.1|A/cattle/Texas/24-008749-003/2024(H5N1)	68	223
NS|PP755593.1|A/cattle/Texas/24-008749-003/2024(H5N1)	69	220
NS|PP755593.1|A/cattle/Texas/24-008749-003/2024(H5N1)	70	226
NS|PP755593.1|A/cattle/Texas/24-008749-003/2024(H5N1)	71	231
NS|PP755593.1|A/cattle/Texas/24-008749-003/2024(H5N1)	72	230
NS|PP755593.1|A/cattle/Texas/24-008749-003/2024(H5N1)	73	229
NS|PP755593.1|A/cattle/Texas/24-008749-003/2024(H5N1)	74	226
NS|PP755593.1|A/cattle/Texas/24-008749-003/2024(H5N1)	75	225
NS|PP755593.1|A/cattle/Texas/24-008749-003/2024(H5N1)	76	240
NS|PP755593.1|A/cattle/Texas/24-008749-003/2024(H5N1)	77	237
NS|PP755593.1|A/cattle/Texas/24-008749-003/2024(H5N1)	78	240
NS|PP755593.1|A/cattle/Texas/24-008749-003/2024(H5N1)	79	229
NS|PP755593.1|A/cattle/Texas/24-008749-003/2024(H5N1)	80	224
NS|PP755593.1|A/cattle/Texas/24-008749-003/2024(H5N1)	81	226
NS|PP755593.1|A/cattle/Texas/24-008749-003/2024(H5N1)	82	228
NS|PP755593.1|A/cattle/Texas/24-008749-003/2024(H5N1)	83	229
NS|PP755593.1|A/cattle/Texas/24-008749-003/2024(H5N1)	84	219
NS|PP755593.1|A/cattle/Texas/24-008749-003/2024(H5N1)	85	217
NS|PP755593.1|A/cattle/Texas/24-008749-003/2024(H5N1)	86	214
NS|PP755593.1|A/cattle/Texas/24-008749-003/2024(H5N1)	87	206
NS|PP755593.1|A/cattle/Texas/24-008749-003/2024(H5N1)	88	209
NS|PP755593.1|A/cattle/Texas/24-008749-003/2024(H5N1)	89	204
NS|PP755593.1|A/cattle/Texas/24-008749-003/2024(H5N1)	90	199
NS|PP755593.1|A/cattle/Texas/24-008749-003/2024(H5N1)	91	192
NS|PP755593.1|A/cattle/Texas/24-008749-003/2024(H5N1)	92	189
NS|PP755593.1|A/cattle/Texas/24-008749-003/2024(H5N1)	93	192
NS|PP755593.1|A/cattle/Texas/24-008749-003/2024(H5N1)	94	193
NS|PP755593.1|A/cattle/Texas/24-008749-003/2024(H5N1)	95	195
NS|PP755593.1|A/cattle/Texas/24-008749-003/2024(H5N1)	96	191
NS|PP755593.1|A/cattle/Texas/24-008749-003/2024(H5N1)	97	190
NS|PP755593.1|A/cattle/Texas/24-008749-003/2024(H5N1)	98	185
NS|PP755593.1|A/cattle/Texas/24-008749-003/2024(H5N1)	99	182
NS|PP755593.1|A/cattle/Texas/24-008749-003/2024(H5N1)	100	180
NS|PP755593.1|A/cattle/Texas/24-008749-003/2024(H5N1)	101	179
NS|PP755593.1|A/cattle/Texas/24-008749-003/2024(H5N1)	102	173
NS|PP755593.1|A/cattle/Texas/24-008749-003/2024(H5N1)	103	168
NS|PP755593.1|A/cattle/Texas/24-008749-003/2024(H5N1)	104	169
NS|PP755593.1|A/cattle/Texas/24-008749-003/2024(H5N1)	105	171
NS|PP755593.1|A/cattle/Texas/24-008749-003/2024(H5N1)	106	166
NS|PP755593.1|A/cattle/Texas/24-008749-003/2024(H5N1)	107	166
NS|PP755593.1|A/cattle/Texas/24-008749-003/2024(H5N1)	108	164
NS|PP755593.1|A/cattle/Texas/24-008749-003/2024(H5N1)	109	161
NS|PP755593.1|A/cattle/Texas/24-008749-003/2024(H5N1)	110	165
NS|PP755593.1|A/cattle/Texas/24-008749-003/2024(H5N1)	111	162
NS|PP755593.1|A/cattle/Texas/24-008749-003/2024(H5N1)	112	161
NS|PP755593.1|A/cattle/Texas/24-008749-003/2024(H5N1)	113	160
NS|PP755593.1|A/cattle/Texas/24-008749-003/2024(H5N1)	114	158
NS|PP755593.1|A/cattle/Texas/24-008749-003/2024(H5N1)	115	169
NS|PP755593.1|A/cattle/Texas/24-008749-003/2024(H5N1)	116	166
NS|PP755593.1|A/cattle/Texas/24-008749-003/2024(H5N1)	117	160
NS|PP755593.1|A/cattle/Texas/24-008749-003/2024(H5N1)	118	156
NS|PP755593.1|A/cattle/Texas/24-008749-003/2024(H5N1)	119	154
NS|PP755593.1|A/cattle/Texas/24-008749-003/2024(H5N1)	120	154
NS|PP755593.1|A/cattle/Texas/24-008749-003/2024(H5N1)	121	153
NS|PP755593.1|A/cattle/Texas/24-008749-003/2024(H5N1)	122	153
NS|PP755593.1|A/cattle/Texas/24-008749-003/2024(H5N1)	123	159
NS|PP755593.1|A/cattle/Texas/24-008749-003/2024(H5N1)	124	156
NS|PP755593.1|A/cattle/Texas/24-008749-003/2024(H5N1)	125	161
NS|PP755593.1|A/cattle/Texas/24-008749-003/2024(H5N1)	126	160
NS|PP755593.1|A/cattle/Texas/24-008749-003/2024(H5N1)	127	161
NS|PP755593.1|A/cattle/Texas/24-008749-003/2024(H5N1)	128	161
NS|PP755593.1|A/cattle/Texas/24-008749-003/2024(H5N1)	129	161
NS|PP755593.1|A/cattle/Texas/24-008749-003/2024(H5N1)	130	162
NS|PP755593.1|A/cattle/Texas/24-008749-003/2024(H5N1)	131	169
NS|PP755593.1|A/cattle/Texas/24-008749-003/2024(H5N1)	132	169
NS|PP755593.1|A/cattle/Texas/24-008749-003/2024(H5N1)	133	174
NS|PP755593.1|A/cattle/Texas/24-008749-003/2024(H5N1)	134	175
NS|PP755593.1|A/cattle/Texas/24-008749-003/2024(H5N1)	135	172
NS|PP755593.1|A/cattle/Texas/24-008749-003/2024(H5N1)	136	172
NS|PP755593.1|A/cattle/Texas/24-008749-003/2024(H5N1)	137	173
NS|PP755593.1|A/cattle/Texas/24-008749-003/2024(H5N1)	138	179
NS|PP755593.1|A/cattle/Texas/24-008749-003/2024(H5N1)	139	182
NS|PP755593.1|A/cattle/Texas/24-008749-003/2024(H5N1)	140	180
NS|PP755593.1|A/cattle/Texas/24-008749-003/2024(H5N1)	141	180
NS|PP755593.1|A/cattle/Texas/24-008749-003/2024(H5N1)	142	180
NS|PP755593.1|A/cattle/Texas/24-008749-003/2024(H5N1)	143	182
NS|PP755593.1|A/cattle/Texas/24-008749-003/2024(H5N1)	144	183
NS|PP755593.1|A/cattle/Texas/24-008749-003/2024(H5N1)	145	186
NS|PP755593.1|A/cattle/Texas/24-008749-003/2024(H5N1)	146	203
NS|PP755593.1|A/cattle/Texas/24-008749-003/2024(H5N1)	147	202
NS|PP755593.1|A/cattle/Texas/24-008749-003/2024(H5N1)	148	203
NS|PP755593.1|A/cattle/Texas/24-008749-003/2024(H5N1)	149	202
NS|PP755593.1|A/cattle/Texas/24-008749-003/2024(H5N1)	150	199
NS|PP755593.1|A/cattle/Texas/24-008749-003/2024(H5N1)	151	207
NS|PP755593.1|A/cattle/Texas/24-008749-003/2024(H5N1)	152	210
NS|PP755593.1|A/cattle/Texas/24-008749-003/2024(H5N1)	153	207
NS|PP755593.1|A/cattle/Texas/24-008749-003/2024(H5N1)	154	207
NS|PP755593.1|A/cattle/Texas/24-008749-003/2024(H5N1)	155	201
NS|PP755593.1|A/cattle/Texas/24-008749-003/2024(H5N1)	156	206
NS|PP755593.1|A/cattle/Texas/24-008749-003/2024(H5N1)	157	205
NS|PP755593.1|A/cattle/Texas/24-008749-003/2024(H5N1)	158	206
NS|PP755593.1|A/cattle/Texas/24-008749-003/2024(H5N1)	159	208
NS|PP755593.1|A/cattle/Texas/24-008749-003/2024(H5N1)	160	207
NS|PP755593.1|A/cattle/Texas/24-008749-003/2024(H5N1)	161	206
NS|PP755593.1|A/cattle/Texas/24-008749-003/2024(H5N1)	162	206
NS|PP755593.1|A/cattle/Texas/24-008749-003/2024(H5N1)	163	206
NS|PP755593.1|A/cattle/Texas/24-008749-003/2024(H5N1)	164	204
NS|PP755593.1|A/cattle/Texas/24-008749-003/2024(H5N1)	165	201
NS|PP755593.1|A/cattle/Texas/24-008749-003/2024(H5N1)	166	204
NS|PP755593.1|A/cattle/Texas/24-008749-003/2024(H5N1)	167	203
NS|PP755593.1|A/cattle/Texas/24-008749-003/2024(H5N1)	168	205
NS|PP755593.1|A/cattle/Texas/24-008749-003/2024(H5N1)	169	205
NS|PP755593.1|A/cattle/Texas/24-008749-003/2024(H5N1)	170	200
NS|PP755593.1|A/cattle/Texas/24-008749-003/2024(H5N1)	171	203
NS|PP755593.1|A/cattle/Texas/24-008749-003/2024(H5N1)	172	207
NS|PP755593.1|A/cattle/Texas/24-008749-003/2024(H5N1)	173	208
NS|PP755593.1|A/cattle/Texas/24-008749-003/2024(H5N1)	174	206
NS|PP755593.1|A/cattle/Texas/24-008749-003/2024(H5N1)	175	205
NS|PP755593.1|A/cattle/Texas/24-008749-003/2024(H5N1)	176	211
NS|PP755593.1|A/cattle/Texas/24-008749-003/2024(H5N1)	177	209
NS|PP755593.1|A/cattle/Texas/24-008749-003/2024(H5N1)	178	209
NS|PP755593.1|A/cattle/Texas/24-008749-003/2024(H5N1)	179	207
NS|PP755593.1|A/cattle/Texas/24-008749-003/2024(H5N1)	180	206
NS|PP755593.1|A/cattle/Texas/24-008749-003/2024(H5N1)	181	207
NS|PP755593.1|A/cattle/Texas/24-008749-003/2024(H5N1)	182	206
NS|PP755593.1|A/cattle/Texas/24-008749-003/2024(H5N1)	183	201
NS|PP755593.1|A/cattle/Texas/24-008749-003/2024(H5N1)	184	209
NS|PP755593.1|A/cattle/Texas/24-008749-003/2024(H5N1)	185	208
NS|PP755593.1|A/cattle/Texas/24-008749-003/2024(H5N1)	186	215
NS|PP755593.1|A/cattle/Texas/24-008749-003/2024(H5N1)	187	216
NS|PP755593.1|A/cattle/Texas/24-008749-003/2024(H5N1)	188	218
NS|PP755593.1|A/cattle/Texas/24-008749-003/2024(H5N1)	189	216
NS|PP755593.1|A/cattle/Texas/24-008749-003/2024(H5N1)	190	216
NS|PP755593.1|A/cattle/Texas/24-008749-003/2024(H5N1)	191	214
NS|PP755593.1|A/cattle/Texas/24-008749-003/2024(H5N1)	192	211
NS|PP755593.1|A/cattle/Texas/24-008749-003/2024(H5N1)	193	227
NS|PP755593.1|A/cattle/Texas/24-008749-003/2024(H5N1)	194	225
NS|PP755593.1|A/cattle/Texas/24-008749-003/2024(H5N1)	195	227
NS|PP755593.1|A/cattle/Texas/24-008749-003/2024(H5N1)	196	227
NS|PP755593.1|A/cattle/Texas/24-008749-003/2024(H5N1)	197	228
NS|PP755593.1|A/cattle/Texas/24-008749-003/2024(H5N1)	198	227
NS|PP755593.1|A/cattle/Texas/24-008749-003/2024(H5N1)	199	225
NS|PP755593.1|A/cattle/Texas/24-008749-003/2024(H5N1)	200	229
NS|PP755593.1|A/cattle/Texas/24-008749-003/2024(H5N1)	201	229
NS|PP755593.1|A/cattle/Texas/24-008749-003/2024(H5N1)	202	227
NS|PP755593.1|A/cattle/Texas/24-008749-003/2024(H5N1)	203	224
NS|PP755593.1|A/cattle/Texas/24-008749-003/2024(H5N1)	204	221
NS|PP755593.1|A/cattle/Texas/24-008749-003/2024(H5N1)	205	223
NS|PP755593.1|A/cattle/Texas/24-008749-003/2024(H5N1)	206	222
NS|PP755593.1|A/cattle/Texas/24-008749-003/2024(H5N1)	207	222
NS|PP755593.1|A/cattle/Texas/24-008749-003/2024(H5N1)	208	223
NS|PP755593.1|A/cattle/Texas/24-008749-003/2024(H5N1)	209	224
NS|PP755593.1|A/cattle/Texas/24-008749-003/2024(H5N1)	210	221
NS|PP755593.1|A/cattle/Texas/24-008749-003/2024(H5N1)	211	223
NS|PP755593.1|A/cattle/Texas/24-008749-003/2024(H5N1)	212	220
NS|PP755593.1|A/cattle/Texas/24-008749-003/2024(H5N1)	213	220
NS|PP755593.1|A/cattle/Texas/24-008749-003/2024(H5N1)	214	227
NS|PP755593.1|A/cattle/Texas/24-008749-003/2024(H5N1)	215	231
NS|PP755593.1|A/cattle/Texas/24-008749-003/2024(H5N1)	216	235
NS|PP755593.1|A/cattle/Texas/24-008749-003/2024(H5N1)	217	232
NS|PP755593.1|A/cattle/Texas/24-008749-003/2024(H5N1)	218	229
NS|PP755593.1|A/cattle/Texas/24-008749-003/2024(H5N1)	219	229
NS|PP755593.1|A/cattle/Texas/24-008749-003/2024(H5N1)	220	226
NS|PP755593.1|A/cattle/Texas/24-008749-003/2024(H5N1)	221	223
NS|PP755593.1|A/cattle/Texas/24-008749-003/2024(H5N1)	222	213
NS|PP755593.1|A/cattle/Texas/24-008749-003/2024(H5N1)	223	223
NS|PP755593.1|A/cattle/Texas/24-008749-003/2024(H5N1)	224	224
NS|PP755593.1|A/cattle/Texas/24-008749-003/2024(H5N1)	225	224
NS|PP755593.1|A/cattle/Texas/24-008749-003/2024(H5N1)	226	227
NS|PP755593.1|A/cattle/Texas/24-008749-003/2024(H5N1)	227	228
NS|PP755593.1|A/cattle/Texas/24-008749-003/2024(H5N1)	228	230
NS|PP755593.1|A/cattle/Texas/24-008749-003/2024(H5N1)	229	230
NS|PP755593.1|A/cattle/Texas/24-008749-003/2024(H5N1)	230	229
NS|PP755593.1|A/cattle/Texas/24-008749-003/2024(H5N1)	231	228
NS|PP755593.1|A/cattle/Texas/24-008749-003/2024(H5N1)	232	228
NS|PP755593.1|A/cattle/Texas/24-008749-003/2024(H5N1)	233	231
NS|PP755593.1|A/cattle/Texas/24-008749-003/2024(H5N1)	234	234
NS|PP755593.1|A/cattle/Texas/24-008749-003/2024(H5N1)	235	233
NS|PP755593.1|A/cattle/Texas/24-008749-003/2024(H5N1)	236	231
NS|PP755593.1|A/cattle/Texas/24-008749-003/2024(H5N1)	237	230
NS|PP755593.1|A/cattle/Texas/24-008749-003/2024(H5N1)	238	227
NS|PP755593.1|A/cattle/Texas/24-008749-003/2024(H5N1)	239	233
NS|PP755593.1|A/cattle/Texas/24-008749-003/2024(H5N1)	240	229
NS|PP755593.1|A/cattle/Texas/24-008749-003/2024(H5N1)	241	228
NS|PP755593.1|A/cattle/Texas/24-008749-003/2024(H5N1)	242	229
NS|PP755593.1|A/cattle/Texas/24-008749-003/2024(H5N1)	243	225
NS|PP755593.1|A/cattle/Texas/24-008749-003/2024(H5N1)	244	225
NS|PP755593.1|A/cattle/Texas/24-008749-003/2024(H5N1)	245	230
NS|PP755593.1|A/cattle/Texas/24-008749-003/2024(H5N1)	246	237
NS|PP755593.1|A/cattle/Texas/24-008749-003/2024(H5N1)	247	230
NS|PP755593.1|A/cattle/Texas/24-008749-003/2024(H5N1)	248	231
NS|PP755593.1|A/cattle/Texas/24-008749-003/2024(H5N1)	249	228
NS|PP755593.1|A/cattle/Texas/24-008749-003/2024(H5N1)	250	237
NS|PP755593.1|A/cattle/Texas/24-008749-003/2024(H5N1)	251	238
NS|PP755593.1|A/cattle/Texas/24-008749-003/2024(H5N1)	252	238
NS|PP755593.1|A/cattle/Texas/24-008749-003/2024(H5N1)	253	238
NS|PP755593.1|A/cattle/Texas/24-008749-003/2024(H5N1)	254	235
NS|PP755593.1|A/cattle/Texas/24-008749-003/2024(H5N1)	255	228
NS|PP755593.1|A/cattle/Texas/24-008749-003/2024(H5N1)	256	237
NS|PP755593.1|A/cattle/Texas/24-008749-003/2024(H5N1)	257	239
NS|PP755593.1|A/cattle/Texas/24-008749-003/2024(H5N1)	258	240
NS|PP755593.1|A/cattle/Texas/24-008749-003/2024(H5N1)	259	245
NS|PP755593.1|A/cattle/Texas/24-008749-003/2024(H5N1)	260	247
NS|PP755593.1|A/cattle/Texas/24-008749-003/2024(H5N1)	261	249
NS|PP755593.1|A/cattle/Texas/24-008749-003/2024(H5N1)	262	251
NS|PP755593.1|A/cattle/Texas/24-008749-003/2024(H5N1)	263	251
NS|PP755593.1|A/cattle/Texas/24-008749-003/2024(H5N1)	264	263
NS|PP755593.1|A/cattle/Texas/24-008749-003/2024(H5N1)	265	258
NS|PP755593.1|A/cattle/Texas/24-008749-003/2024(H5N1)	266	265
NS|PP755593.1|A/cattle/Texas/24-008749-003/2024(H5N1)	267	269
NS|PP755593.1|A/cattle/Texas/24-008749-003/2024(H5N1)	268	268
NS|PP755593.1|A/cattle/Texas/24-008749-003/2024(H5N1)	269	270
NS|PP755593.1|A/cattle/Texas/24-008749-003/2024(H5N1)	270	268
NS|PP755593.1|A/cattle/Texas/24-008749-003/2024(H5N1)	271	268
NS|PP755593.1|A/cattle/Texas/24-008749-003/2024(H5N1)	272	272
NS|PP755593.1|A/cattle/Texas/24-008749-003/2024(H5N1)	273	271
NS|PP755593.1|A/cattle/Texas/24-008749-003/2024(H5N1)	274	276
NS|PP755593.1|A/cattle/Texas/24-008749-003/2024(H5N1)	275	270
NS|PP755593.1|A/cattle/Texas/24-008749-003/2024(H5N1)	276	269
NS|PP755593.1|A/cattle/Texas/24-008749-003/2024(H5N1)	277	269
NS|PP755593.1|A/cattle/Texas/24-008749-003/2024(H5N1)	278	268
NS|PP755593.1|A/cattle/Texas/24-008749-003/2024(H5N1)	279	267
NS|PP755593.1|A/cattle/Texas/24-008749-003/2024(H5N1)	280	268
NS|PP755593.1|A/cattle/Texas/24-008749-003/2024(H5N1)	281	293
NS|PP755593.1|A/cattle/Texas/24-008749-003/2024(H5N1)	282	291
NS|PP755593.1|A/cattle/Texas/24-008749-003/2024(H5N1)	283	300
NS|PP755593.1|A/cattle/Texas/24-008749-003/2024(H5N1)	284	300
NS|PP755593.1|A/cattle/Texas/24-008749-003/2024(H5N1)	285	299
NS|PP755593.1|A/cattle/Texas/24-008749-003/2024(H5N1)	286	300
NS|PP755593.1|A/cattle/Texas/24-008749-003/2024(H5N1)	287	300
NS|PP755593.1|A/cattle/Texas/24-008749-003/2024(H5N1)	288	299
NS|PP755593.1|A/cattle/Texas/24-008749-003/2024(H5N1)	289	298
NS|PP755593.1|A/cattle/Texas/24-008749-003/2024(H5N1)	290	288
NS|PP755593.1|A/cattle/Texas/24-008749-003/2024(H5N1)	291	295
NS|PP755593.1|A/cattle/Texas/24-008749-003/2024(H5N1)	292	290
NS|PP755593.1|A/cattle/Texas/24-008749-003/2024(H5N1)	293	289
NS|PP755593.1|A/cattle/Texas/24-008749-003/2024(H5N1)	294	292
NS|PP755593.1|A/cattle/Texas/24-008749-003/2024(H5N1)	295	291
NS|PP755593.1|A/cattle/Texas/24-008749-003/2024(H5N1)	296	291
NS|PP755593.1|A/cattle/Texas/24-008749-003/2024(H5N1)	297	289
NS|PP755593.1|A/cattle/Texas/24-008749-003/2024(H5N1)	298	288
NS|PP755593.1|A/cattle/Texas/24-008749-003/2024(H5N1)	299	290
NS|PP755593.1|A/cattle/Texas/24-008749-003/2024(H5N1)	300	276
NS|PP755593.1|A/cattle/Texas/24-008749-003/2024(H5N1)	301	281
NS|PP755593.1|A/cattle/Texas/24-008749-003/2024(H5N1)	302	280
NS|PP755593.1|A/cattle/Texas/24-008749-003/2024(H5N1)	303	278
NS|PP755593.1|A/cattle/Texas/24-008749-003/2024(H5N1)	304	275
NS|PP755593.1|A/cattle/Texas/24-008749-003/2024(H5N1)	305	295
NS|PP755593.1|A/cattle/Texas/24-008749-003/2024(H5N1)	306	304
NS|PP755593.1|A/cattle/Texas/24-008749-003/2024(H5N1)	307	306
NS|PP755593.1|A/cattle/Texas/24-008749-003/2024(H5N1)	308	305
NS|PP755593.1|A/cattle/Texas/24-008749-003/2024(H5N1)	309	301
NS|PP755593.1|A/cattle/Texas/24-008749-003/2024(H5N1)	310	302
NS|PP755593.1|A/cattle/Texas/24-008749-003/2024(H5N1)	311	303
NS|PP755593.1|A/cattle/Texas/24-008749-003/2024(H5N1)	312	307
NS|PP755593.1|A/cattle/Texas/24-008749-003/2024(H5N1)	313	318
NS|PP755593.1|A/cattle/Texas/24-008749-003/2024(H5N1)	314	297
NS|PP755593.1|A/cattle/Texas/24-008749-003/2024(H5N1)	315	282
NS|PP755593.1|A/cattle/Texas/24-008749-003/2024(H5N1)	316	281
NS|PP755593.1|A/cattle/Texas/24-008749-003/2024(H5N1)	317	282
NS|PP755593.1|A/cattle/Texas/24-008749-003/2024(H5N1)	318	282
NS|PP755593.1|A/cattle/Texas/24-008749-003/2024(H5N1)	319	280
NS|PP755593.1|A/cattle/Texas/24-008749-003/2024(H5N1)	320	279
NS|PP755593.1|A/cattle/Texas/24-008749-003/2024(H5N1)	321	273
NS|PP755593.1|A/cattle/Texas/24-008749-003/2024(H5N1)	322	274
NS|PP755593.1|A/cattle/Texas/24-008749-003/2024(H5N1)	323	274
NS|PP755593.1|A/cattle/Texas/24-008749-003/2024(H5N1)	324	272
NS|PP755593.1|A/cattle/Texas/24-008749-003/2024(H5N1)	325	273
NS|PP755593.1|A/cattle/Texas/24-008749-003/2024(H5N1)	326	272
NS|PP755593.1|A/cattle/Texas/24-008749-003/2024(H5N1)	327	273
NS|PP755593.1|A/cattle/Texas/24-008749-003/2024(H5N1)	328	276
NS|PP755593.1|A/cattle/Texas/24-008749-003/2024(H5N1)	329	277
NS|PP755593.1|A/cattle/Texas/24-008749-003/2024(H5N1)	330	277
NS|PP755593.1|A/cattle/Texas/24-008749-003/2024(H5N1)	331	279
NS|PP755593.1|A/cattle/Texas/24-008749-003/2024(H5N1)	332	272
NS|PP755593.1|A/cattle/Texas/24-008749-003/2024(H5N1)	333	268
NS|PP755593.1|A/cattle/Texas/24-008749-003/2024(H5N1)	334	268
NS|PP755593.1|A/cattle/Texas/24-008749-003/2024(H5N1)	335	267
NS|PP755593.1|A/cattle/Texas/24-008749-003/2024(H5N1)	336	269
NS|PP755593.1|A/cattle/Texas/24-008749-003/2024(H5N1)	337	279
NS|PP755593.1|A/cattle/Texas/24-008749-003/2024(H5N1)	338	278
NS|PP755593.1|A/cattle/Texas/24-008749-003/2024(H5N1)	339	280
NS|PP755593.1|A/cattle/Texas/24-008749-003/2024(H5N1)	340	280
NS|PP755593.1|A/cattle/Texas/24-008749-003/2024(H5N1)	341	284
NS|PP755593.1|A/cattle/Texas/24-008749-003/2024(H5N1)	342	280
NS|PP755593.1|A/cattle/Texas/24-008749-003/2024(H5N1)	343	284
NS|PP755593.1|A/cattle/Texas/24-008749-003/2024(H5N1)	344	284
NS|PP755593.1|A/cattle/Texas/24-008749-003/2024(H5N1)	345	289
NS|PP755593.1|A/cattle/Texas/24-008749-003/2024(H5N1)	346	286
NS|PP755593.1|A/cattle/Texas/24-008749-003/2024(H5N1)	347	309
NS|PP755593.1|A/cattle/Texas/24-008749-003/2024(H5N1)	348	308
NS|PP755593.1|A/cattle/Texas/24-008749-003/2024(H5N1)	349	309
NS|PP755593.1|A/cattle/Texas/24-008749-003/2024(H5N1)	350	309
NS|PP755593.1|A/cattle/Texas/24-008749-003/2024(H5N1)	351	310
NS|PP755593.1|A/cattle/Texas/24-008749-003/2024(H5N1)	352	309
NS|PP755593.1|A/cattle/Texas/24-008749-003/2024(H5N1)	353	319
NS|PP755593.1|A/cattle/Texas/24-008749-003/2024(H5N1)	354	318
NS|PP755593.1|A/cattle/Texas/24-008749-003/2024(H5N1)	355	316
NS|PP755593.1|A/cattle/Texas/24-008749-003/2024(H5N1)	356	296
NS|PP755593.1|A/cattle/Texas/24-008749-003/2024(H5N1)	357	301
NS|PP755593.1|A/cattle/Texas/24-008749-003/2024(H5N1)	358	306
NS|PP755593.1|A/cattle/Texas/24-008749-003/2024(H5N1)	359	307
NS|PP755593.1|A/cattle/Texas/24-008749-003/2024(H5N1)	360	305
NS|PP755593.1|A/cattle/Texas/24-008749-003/2024(H5N1)	361	306
NS|PP755593.1|A/cattle/Texas/24-008749-003/2024(H5N1)	362	288
NS|PP755593.1|A/cattle/Texas/24-008749-003/2024(H5N1)	363	298
NS|PP755593.1|A/cattle/Texas/24-008749-003/2024(H5N1)	364	296
NS|PP755593.1|A/cattle/Texas/24-008749-003/2024(H5N1)	365	292
NS|PP755593.1|A/cattle/Texas/24-008749-003/2024(H5N1)	366	292
NS|PP755593.1|A/cattle/Texas/24-008749-003/2024(H5N1)	367	288
NS|PP755593.1|A/cattle/Texas/24-008749-003/2024(H5N1)	368	288
NS|PP755593.1|A/cattle/Texas/24-008749-003/2024(H5N1)	369	283
NS|PP755593.1|A/cattle/Texas/24-008749-003/2024(H5N1)	370	284
NS|PP755593.1|A/cattle/Texas/24-008749-003/2024(H5N1)	371	280
NS|PP755593.1|A/cattle/Texas/24-008749-003/2024(H5N1)	372	278
NS|PP755593.1|A/cattle/Texas/24-008749-003/2024(H5N1)	373	290
NS|PP755593.1|A/cattle/Texas/24-008749-003/2024(H5N1)	374	287
NS|PP755593.1|A/cattle/Texas/24-008749-003/2024(H5N1)	375	286
NS|PP755593.1|A/cattle/Texas/24-008749-003/2024(H5N1)	376	284
NS|PP755593.1|A/cattle/Texas/24-008749-003/2024(H5N1)	377	286
NS|PP755593.1|A/cattle/Texas/24-008749-003/2024(H5N1)	378	295
NS|PP755593.1|A/cattle/Texas/24-008749-003/2024(H5N1)	379	295
NS|PP755593.1|A/cattle/Texas/24-008749-003/2024(H5N1)	380	301
NS|PP755593.1|A/cattle/Texas/24-008749-003/2024(H5N1)	381	294
NS|PP755593.1|A/cattle/Texas/24-008749-003/2024(H5N1)	382	290
NS|PP755593.1|A/cattle/Texas/24-008749-003/2024(H5N1)	383	288
NS|PP755593.1|A/cattle/Texas/24-008749-003/2024(H5N1)	384	288
NS|PP755593.1|A/cattle/Texas/24-008749-003/2024(H5N1)	385	288
NS|PP755593.1|A/cattle/Texas/24-008749-003/2024(H5N1)	386	285
NS|PP755593.1|A/cattle/Texas/24-008749-003/2024(H5N1)	387	275
NS|PP755593.1|A/cattle/Texas/24-008749-003/2024(H5N1)	388	270
NS|PP755593.1|A/cattle/Texas/24-008749-003/2024(H5N1)	389	261
NS|PP755593.1|A/cattle/Texas/24-008749-003/2024(H5N1)	390	261
NS|PP755593.1|A/cattle/Texas/24-008749-003/2024(H5N1)	391	258
NS|PP755593.1|A/cattle/Texas/24-008749-003/2024(H5N1)	392	258
NS|PP755593.1|A/cattle/Texas/24-008749-003/2024(H5N1)	393	259
NS|PP755593.1|A/cattle/Texas/24-008749-003/2024(H5N1)	394	261
NS|PP755593.1|A/cattle/Texas/24-008749-003/2024(H5N1)	395	257
NS|PP755593.1|A/cattle/Texas/24-008749-003/2024(H5N1)	396	255
NS|PP755593.1|A/cattle/Texas/24-008749-003/2024(H5N1)	397	252
NS|PP755593.1|A/cattle/Texas/24-008749-003/2024(H5N1)	398	256
NS|PP755593.1|A/cattle/Texas/24-008749-003/2024(H5N1)	399	259
NS|PP755593.1|A/cattle/Texas/24-008749-003/2024(H5N1)	400	255
NS|PP755593.1|A/cattle/Texas/24-008749-003/2024(H5N1)	401	253
NS|PP755593.1|A/cattle/Texas/24-008749-003/2024(H5N1)	402	254
NS|PP755593.1|A/cattle/Texas/24-008749-003/2024(H5N1)	403	251
NS|PP755593.1|A/cattle/Texas/24-008749-003/2024(H5N1)	404	254
NS|PP755593.1|A/cattle/Texas/24-008749-003/2024(H5N1)	405	254
NS|PP755593.1|A/cattle/Texas/24-008749-003/2024(H5N1)	406	254
NS|PP755593.1|A/cattle/Texas/24-008749-003/2024(H5N1)	407	253
NS|PP755593.1|A/cattle/Texas/24-008749-003/2024(H5N1)	408	257
NS|PP755593.1|A/cattle/Texas/24-008749-003/2024(H5N1)	409	262
NS|PP755593.1|A/cattle/Texas/24-008749-003/2024(H5N1)	410	262
NS|PP755593.1|A/cattle/Texas/24-008749-003/2024(H5N1)	411	264
NS|PP755593.1|A/cattle/Texas/24-008749-003/2024(H5N1)	412	266
NS|PP755593.1|A/cattle/Texas/24-008749-003/2024(H5N1)	413	265
NS|PP755593.1|A/cattle/Texas/24-008749-003/2024(H5N1)	414	262
NS|PP755593.1|A/cattle/Texas/24-008749-003/2024(H5N1)	415	259
NS|PP755593.1|A/cattle/Texas/24-008749-003/2024(H5N1)	416	259
NS|PP755593.1|A/cattle/Texas/24-008749-003/2024(H5N1)	417	258
NS|PP755593.1|A/cattle/Texas/24-008749-003/2024(H5N1)	418	261
NS|PP755593.1|A/cattle/Texas/24-008749-003/2024(H5N1)	419	263
NS|PP755593.1|A/cattle/Texas/24-008749-003/2024(H5N1)	420	271
NS|PP755593.1|A/cattle/Texas/24-008749-003/2024(H5N1)	421	272
NS|PP755593.1|A/cattle/Texas/24-008749-003/2024(H5N1)	422	272
NS|PP755593.1|A/cattle/Texas/24-008749-003/2024(H5N1)	423	271
NS|PP755593.1|A/cattle/Texas/24-008749-003/2024(H5N1)	424	269
NS|PP755593.1|A/cattle/Texas/24-008749-003/2024(H5N1)	425	269
NS|PP755593.1|A/cattle/Texas/24-008749-003/2024(H5N1)	426	268
NS|PP755593.1|A/cattle/Texas/24-008749-003/2024(H5N1)	427	270
NS|PP755593.1|A/cattle/Texas/24-008749-003/2024(H5N1)	428	321
NS|PP755593.1|A/cattle/Texas/24-008749-003/2024(H5N1)	429	314
NS|PP755593.1|A/cattle/Texas/24-008749-003/2024(H5N1)	430	320
NS|PP755593.1|A/cattle/Texas/24-008749-003/2024(H5N1)	431	318
NS|PP755593.1|A/cattle/Texas/24-008749-003/2024(H5N1)	432	318
NS|PP755593.1|A/cattle/Texas/24-008749-003/2024(H5N1)	433	340
NS|PP755593.1|A/cattle/Texas/24-008749-003/2024(H5N1)	434	336
NS|PP755593.1|A/cattle/Texas/24-008749-003/2024(H5N1)	435	339
NS|PP755593.1|A/cattle/Texas/24-008749-003/2024(H5N1)	436	342
NS|PP755593.1|A/cattle/Texas/24-008749-003/2024(H5N1)	437	314
NS|PP755593.1|A/cattle/Texas/24-008749-003/2024(H5N1)	438	323
NS|PP755593.1|A/cattle/Texas/24-008749-003/2024(H5N1)	439	319
NS|PP755593.1|A/cattle/Texas/24-008749-003/2024(H5N1)	440	318
NS|PP755593.1|A/cattle/Texas/24-008749-003/2024(H5N1)	441	318
NS|PP755593.1|A/cattle/Texas/24-008749-003/2024(H5N1)	442	300
NS|PP755593.1|A/cattle/Texas/24-008749-003/2024(H5N1)	443	299
NS|PP755593.1|A/cattle/Texas/24-008749-003/2024(H5N1)	444	300
NS|PP755593.1|A/cattle/Texas/24-008749-003/2024(H5N1)	445	306
NS|PP755593.1|A/cattle/Texas/24-008749-003/2024(H5N1)	446	307
NS|PP755593.1|A/cattle/Texas/24-008749-003/2024(H5N1)	447	299
NS|PP755593.1|A/cattle/Texas/24-008749-003/2024(H5N1)	448	297
NS|PP755593.1|A/cattle/Texas/24-008749-003/2024(H5N1)	449	297
NS|PP755593.1|A/cattle/Texas/24-008749-003/2024(H5N1)	450	298
NS|PP755593.1|A/cattle/Texas/24-008749-003/2024(H5N1)	451	304
NS|PP755593.1|A/cattle/Texas/24-008749-003/2024(H5N1)	452	305
NS|PP755593.1|A/cattle/Texas/24-008749-003/2024(H5N1)	453	303
NS|PP755593.1|A/cattle/Texas/24-008749-003/2024(H5N1)	454	308
NS|PP755593.1|A/cattle/Texas/24-008749-003/2024(H5N1)	455	309
NS|PP755593.1|A/cattle/Texas/24-008749-003/2024(H5N1)	456	311
NS|PP755593.1|A/cattle/Texas/24-008749-003/2024(H5N1)	457	312
NS|PP755593.1|A/cattle/Texas/24-008749-003/2024(H5N1)	458	308
NS|PP755593.1|A/cattle/Texas/24-008749-003/2024(H5N1)	459	311
NS|PP755593.1|A/cattle/Texas/24-008749-003/2024(H5N1)	460	307
NS|PP755593.1|A/cattle/Texas/24-008749-003/2024(H5N1)	461	311
NS|PP755593.1|A/cattle/Texas/24-008749-003/2024(H5N1)	462	308
NS|PP755593.1|A/cattle/Texas/24-008749-003/2024(H5N1)	463	305
NS|PP755593.1|A/cattle/Texas/24-008749-003/2024(H5N1)	464	301
NS|PP755593.1|A/cattle/Texas/24-008749-003/2024(H5N1)	465	300
NS|PP755593.1|A/cattle/Texas/24-008749-003/2024(H5N1)	466	304
NS|PP755593.1|A/cattle/Texas/24-008749-003/2024(H5N1)	467	302
NS|PP755593.1|A/cattle/Texas/24-008749-003/2024(H5N1)	468	298
NS|PP755593.1|A/cattle/Texas/24-008749-003/2024(H5N1)	469	298
NS|PP755593.1|A/cattle/Texas/24-008749-003/2024(H5N1)	470	288
NS|PP755593.1|A/cattle/Texas/24-008749-003/2024(H5N1)	471	287
NS|PP755593.1|A/cattle/Texas/24-008749-003/2024(H5N1)	472	287
NS|PP755593.1|A/cattle/Texas/24-008749-003/2024(H5N1)	473	291
NS|PP755593.1|A/cattle/Texas/24-008749-003/2024(H5N1)	474	292
NS|PP755593.1|A/cattle/Texas/24-008749-003/2024(H5N1)	475	294
NS|PP755593.1|A/cattle/Texas/24-008749-003/2024(H5N1)	476	294
NS|PP755593.1|A/cattle/Texas/24-008749-003/2024(H5N1)	477	295
NS|PP755593.1|A/cattle/Texas/24-008749-003/2024(H5N1)	478	297
NS|PP755593.1|A/cattle/Texas/24-008749-003/2024(H5N1)	479	293
NS|PP755593.1|A/cattle/Texas/24-008749-003/2024(H5N1)	480	289
NS|PP755593.1|A/cattle/Texas/24-008749-003/2024(H5N1)	481	288
NS|PP755593.1|A/cattle/Texas/24-008749-003/2024(H5N1)	482	288
NS|PP755593.1|A/cattle/Texas/24-008749-003/2024(H5N1)	483	289
NS|PP755593.1|A/cattle/Texas/24-008749-003/2024(H5N1)	484	295
NS|PP755593.1|A/cattle/Texas/24-008749-003/2024(H5N1)	485	291
NS|PP755593.1|A/cattle/Texas/24-008749-003/2024(H5N1)	486	289
NS|PP755593.1|A/cattle/Texas/24-008749-003/2024(H5N1)	487	290
NS|PP755593.1|A/cattle/Texas/24-008749-003/2024(H5N1)	488	287
NS|PP755593.1|A/cattle/Texas/24-008749-003/2024(H5N1)	489	289
NS|PP755593.1|A/cattle/Texas/24-008749-003/2024(H5N1)	490	294
NS|PP755593.1|A/cattle/Texas/24-008749-003/2024(H5N1)	491	292
NS|PP755593.1|A/cattle/Texas/24-008749-003/2024(H5N1)	492	292
NS|PP755593.1|A/cattle/Texas/24-008749-003/2024(H5N1)	493	289
NS|PP755593.1|A/cattle/Texas/24-008749-003/2024(H5N1)	494	292
NS|PP755593.1|A/cattle/Texas/24-008749-003/2024(H5N1)	495	291
NS|PP755593.1|A/cattle/Texas/24-008749-003/2024(H5N1)	496	307
NS|PP755593.1|A/cattle/Texas/24-008749-003/2024(H5N1)	497	311
NS|PP755593.1|A/cattle/Texas/24-008749-003/2024(H5N1)	498	309
NS|PP755593.1|A/cattle/Texas/24-008749-003/2024(H5N1)	499	310
NS|PP755593.1|A/cattle/Texas/24-008749-003/2024(H5N1)	500	308
NS|PP755593.1|A/cattle/Texas/24-008749-003/2024(H5N1)	501	311
NS|PP755593.1|A/cattle/Texas/24-008749-003/2024(H5N1)	502	315
NS|PP755593.1|A/cattle/Texas/24-008749-003/2024(H5N1)	503	312
NS|PP755593.1|A/cattle/Texas/24-008749-003/2024(H5N1)	504	315
NS|PP755593.1|A/cattle/Texas/24-008749-003/2024(H5N1)	505	302
NS|PP755593.1|A/cattle/Texas/24-008749-003/2024(H5N1)	506	308
NS|PP755593.1|A/cattle/Texas/24-008749-003/2024(H5N1)	507	306
NS|PP755593.1|A/cattle/Texas/24-008749-003/2024(H5N1)	508	308
NS|PP755593.1|A/cattle/Texas/24-008749-003/2024(H5N1)	509	312
NS|PP755593.1|A/cattle/Texas/24-008749-003/2024(H5N1)	510	310
NS|PP755593.1|A/cattle/Texas/24-008749-003/2024(H5N1)	511	304
NS|PP755593.1|A/cattle/Texas/24-008749-003/2024(H5N1)	512	306
NS|PP755593.1|A/cattle/Texas/24-008749-003/2024(H5N1)	513	303
NS|PP755593.1|A/cattle/Texas/24-008749-003/2024(H5N1)	514	307
NS|PP755593.1|A/cattle/Texas/24-008749-003/2024(H5N1)	515	298
NS|PP755593.1|A/cattle/Texas/24-008749-003/2024(H5N1)	516	299
NS|PP755593.1|A/cattle/Texas/24-008749-003/2024(H5N1)	517	300
NS|PP755593.1|A/cattle/Texas/24-008749-003/2024(H5N1)	518	290
NS|PP755593.1|A/cattle/Texas/24-008749-003/2024(H5N1)	519	285
NS|PP755593.1|A/cattle/Texas/24-008749-003/2024(H5N1)	520	284
NS|PP755593.1|A/cattle/Texas/24-008749-003/2024(H5N1)	521	281
NS|PP755593.1|A/cattle/Texas/24-008749-003/2024(H5N1)	522	280
NS|PP755593.1|A/cattle/Texas/24-008749-003/2024(H5N1)	523	282
NS|PP755593.1|A/cattle/Texas/24-008749-003/2024(H5N1)	524	288
NS|PP755593.1|A/cattle/Texas/24-008749-003/2024(H5N1)	525	289
NS|PP755593.1|A/cattle/Texas/24-008749-003/2024(H5N1)	526	290
NS|PP755593.1|A/cattle/Texas/24-008749-003/2024(H5N1)	527	295
NS|PP755593.1|A/cattle/Texas/24-008749-003/2024(H5N1)	528	287
NS|PP755593.1|A/cattle/Texas/24-008749-003/2024(H5N1)	529	286
NS|PP755593.1|A/cattle/Texas/24-008749-003/2024(H5N1)	530	283
NS|PP755593.1|A/cattle/Texas/24-008749-003/2024(H5N1)	531	283
NS|PP755593.1|A/cattle/Texas/24-008749-003/2024(H5N1)	532	285
NS|PP755593.1|A/cattle/Texas/24-008749-003/2024(H5N1)	533	288
NS|PP755593.1|A/cattle/Texas/24-008749-003/2024(H5N1)	534	286
NS|PP755593.1|A/cattle/Texas/24-008749-003/2024(H5N1)	535	288
NS|PP755593.1|A/cattle/Texas/24-008749-003/2024(H5N1)	536	282
NS|PP755593.1|A/cattle/Texas/24-008749-003/2024(H5N1)	537	285
NS|PP755593.1|A/cattle/Texas/24-008749-003/2024(H5N1)	538	293
NS|PP755593.1|A/cattle/Texas/24-008749-003/2024(H5N1)	539	284
NS|PP755593.1|A/cattle/Texas/24-008749-003/2024(H5N1)	540	284
NS|PP755593.1|A/cattle/Texas/24-008749-003/2024(H5N1)	541	283
NS|PP755593.1|A/cattle/Texas/24-008749-003/2024(H5N1)	542	282
NS|PP755593.1|A/cattle/Texas/24-008749-003/2024(H5N1)	543	284
NS|PP755593.1|A/cattle/Texas/24-008749-003/2024(H5N1)	544	284
NS|PP755593.1|A/cattle/Texas/24-008749-003/2024(H5N1)	545	286
NS|PP755593.1|A/cattle/Texas/24-008749-003/2024(H5N1)	546	288
NS|PP755593.1|A/cattle/Texas/24-008749-003/2024(H5N1)	547	282
NS|PP755593.1|A/cattle/Texas/24-008749-003/2024(H5N1)	548	285
NS|PP755593.1|A/cattle/Texas/24-008749-003/2024(H5N1)	549	281
NS|PP755593.1|A/cattle/Texas/24-008749-003/2024(H5N1)	550	286
NS|PP755593.1|A/cattle/Texas/24-008749-003/2024(H5N1)	551	295
NS|PP755593.1|A/cattle/Texas/24-008749-003/2024(H5N1)	552	295
NS|PP755593.1|A/cattle/Texas/24-008749-003/2024(H5N1)	553	301
NS|PP755593.1|A/cattle/Texas/24-008749-003/2024(H5N1)	554	301
NS|PP755593.1|A/cattle/Texas/24-008749-003/2024(H5N1)	555	299
NS|PP755593.1|A/cattle/Texas/24-008749-003/2024(H5N1)	556	299
NS|PP755593.1|A/cattle/Texas/24-008749-003/2024(H5N1)	557	301
NS|PP755593.1|A/cattle/Texas/24-008749-003/2024(H5N1)	558	302
NS|PP755593.1|A/cattle/Texas/24-008749-003/2024(H5N1)	559	302
NS|PP755593.1|A/cattle/Texas/24-008749-003/2024(H5N1)	560	297
NS|PP755593.1|A/cattle/Texas/24-008749-003/2024(H5N1)	561	302
NS|PP755593.1|A/cattle/Texas/24-008749-003/2024(H5N1)	562	299
NS|PP755593.1|A/cattle/Texas/24-008749-003/2024(H5N1)	563	303
NS|PP755593.1|A/cattle/Texas/24-008749-003/2024(H5N1)	564	326
NS|PP755593.1|A/cattle/Texas/24-008749-003/2024(H5N1)	565	325
NS|PP755593.1|A/cattle/Texas/24-008749-003/2024(H5N1)	566	329
NS|PP755593.1|A/cattle/Texas/24-008749-003/2024(H5N1)	567	329
NS|PP755593.1|A/cattle/Texas/24-008749-003/2024(H5N1)	568	331
NS|PP755593.1|A/cattle/Texas/24-008749-003/2024(H5N1)	569	335
NS|PP755593.1|A/cattle/Texas/24-008749-003/2024(H5N1)	570	332
NS|PP755593.1|A/cattle/Texas/24-008749-003/2024(H5N1)	571	327
NS|PP755593.1|A/cattle/Texas/24-008749-003/2024(H5N1)	572	328
NS|PP755593.1|A/cattle/Texas/24-008749-003/2024(H5N1)	573	307
NS|PP755593.1|A/cattle/Texas/24-008749-003/2024(H5N1)	574	316
NS|PP755593.1|A/cattle/Texas/24-008749-003/2024(H5N1)	575	314
NS|PP755593.1|A/cattle/Texas/24-008749-003/2024(H5N1)	576	314
NS|PP755593.1|A/cattle/Texas/24-008749-003/2024(H5N1)	577	313
NS|PP755593.1|A/cattle/Texas/24-008749-003/2024(H5N1)	578	312
NS|PP755593.1|A/cattle/Texas/24-008749-003/2024(H5N1)	579	311
NS|PP755593.1|A/cattle/Texas/24-008749-003/2024(H5N1)	580	310
NS|PP755593.1|A/cattle/Texas/24-008749-003/2024(H5N1)	581	310
NS|PP755593.1|A/cattle/Texas/24-008749-003/2024(H5N1)	582	314
NS|PP755593.1|A/cattle/Texas/24-008749-003/2024(H5N1)	583	299
NS|PP755593.1|A/cattle/Texas/24-008749-003/2024(H5N1)	584	297
NS|PP755593.1|A/cattle/Texas/24-008749-003/2024(H5N1)	585	297
NS|PP755593.1|A/cattle/Texas/24-008749-003/2024(H5N1)	586	297
NS|PP755593.1|A/cattle/Texas/24-008749-003/2024(H5N1)	587	297
NS|PP755593.1|A/cattle/Texas/24-008749-003/2024(H5N1)	588	299
NS|PP755593.1|A/cattle/Texas/24-008749-003/2024(H5N1)	589	302
NS|PP755593.1|A/cattle/Texas/24-008749-003/2024(H5N1)	590	302
NS|PP755593.1|A/cattle/Texas/24-008749-003/2024(H5N1)	591	294
NS|PP755593.1|A/cattle/Texas/24-008749-003/2024(H5N1)	592	291
NS|PP755593.1|A/cattle/Texas/24-008749-003/2024(H5N1)	593	289
NS|PP755593.1|A/cattle/Texas/24-008749-003/2024(H5N1)	594	291
NS|PP755593.1|A/cattle/Texas/24-008749-003/2024(H5N1)	595	292
NS|PP755593.1|A/cattle/Texas/24-008749-003/2024(H5N1)	596	292
NS|PP755593.1|A/cattle/Texas/24-008749-003/2024(H5N1)	597	292
NS|PP755593.1|A/cattle/Texas/24-008749-003/2024(H5N1)	598	279
NS|PP755593.1|A/cattle/Texas/24-008749-003/2024(H5N1)	599	284
NS|PP755593.1|A/cattle/Texas/24-008749-003/2024(H5N1)	600	286
NS|PP755593.1|A/cattle/Texas/24-008749-003/2024(H5N1)	601	282
NS|PP755593.1|A/cattle/Texas/24-008749-003/2024(H5N1)	602	282
NS|PP755593.1|A/cattle/Texas/24-008749-003/2024(H5N1)	603	281
NS|PP755593.1|A/cattle/Texas/24-008749-003/2024(H5N1)	604	280
NS|PP755593.1|A/cattle/Texas/24-008749-003/2024(H5N1)	605	282
NS|PP755593.1|A/cattle/Texas/24-008749-003/2024(H5N1)	606	280
NS|PP755593.1|A/cattle/Texas/24-008749-003/2024(H5N1)	607	281
NS|PP755593.1|A/cattle/Texas/24-008749-003/2024(H5N1)	608	276
NS|PP755593.1|A/cattle/Texas/24-008749-003/2024(H5N1)	609	278
NS|PP755593.1|A/cattle/Texas/24-008749-003/2024(H5N1)	610	277
NS|PP755593.1|A/cattle/Texas/24-008749-003/2024(H5N1)	611	280
NS|PP755593.1|A/cattle/Texas/24-008749-003/2024(H5N1)	612	283
NS|PP755593.1|A/cattle/Texas/24-008749-003/2024(H5N1)	613	279
NS|PP755593.1|A/cattle/Texas/24-008749-003/2024(H5N1)	614	284
NS|PP755593.1|A/cattle/Texas/24-008749-003/2024(H5N1)	615	291
NS|PP755593.1|A/cattle/Texas/24-008749-003/2024(H5N1)	616	292
NS|PP755593.1|A/cattle/Texas/24-008749-003/2024(H5N1)	617	297
NS|PP755593.1|A/cattle/Texas/24-008749-003/2024(H5N1)	618	293
NS|PP755593.1|A/cattle/Texas/24-008749-003/2024(H5N1)	619	294
NS|PP755593.1|A/cattle/Texas/24-008749-003/2024(H5N1)	620	297
NS|PP755593.1|A/cattle/Texas/24-008749-003/2024(H5N1)	621	300
NS|PP755593.1|A/cattle/Texas/24-008749-003/2024(H5N1)	622	302
NS|PP755593.1|A/cattle/Texas/24-008749-003/2024(H5N1)	623	293
NS|PP755593.1|A/cattle/Texas/24-008749-003/2024(H5N1)	624	299
NS|PP755593.1|A/cattle/Texas/24-008749-003/2024(H5N1)	625	301
NS|PP755593.1|A/cattle/Texas/24-008749-003/2024(H5N1)	626	293
NS|PP755593.1|A/cattle/Texas/24-008749-003/2024(H5N1)	627	290
NS|PP755593.1|A/cattle/Texas/24-008749-003/2024(H5N1)	628	289
NS|PP755593.1|A/cattle/Texas/24-008749-003/2024(H5N1)	629	293
NS|PP755593.1|A/cattle/Texas/24-008749-003/2024(H5N1)	630	295
NS|PP755593.1|A/cattle/Texas/24-008749-003/2024(H5N1)	631	285
NS|PP755593.1|A/cattle/Texas/24-008749-003/2024(H5N1)	632	287
NS|PP755593.1|A/cattle/Texas/24-008749-003/2024(H5N1)	633	278
NS|PP755593.1|A/cattle/Texas/24-008749-003/2024(H5N1)	634	283
NS|PP755593.1|A/cattle/Texas/24-008749-003/2024(H5N1)	635	282
NS|PP755593.1|A/cattle/Texas/24-008749-003/2024(H5N1)	636	279
NS|PP755593.1|A/cattle/Texas/24-008749-003/2024(H5N1)	637	277
NS|PP755593.1|A/cattle/Texas/24-008749-003/2024(H5N1)	638	269
NS|PP755593.1|A/cattle/Texas/24-008749-003/2024(H5N1)	639	274
NS|PP755593.1|A/cattle/Texas/24-008749-003/2024(H5N1)	640	280
NS|PP755593.1|A/cattle/Texas/24-008749-003/2024(H5N1)	641	279
NS|PP755593.1|A/cattle/Texas/24-008749-003/2024(H5N1)	642	281
NS|PP755593.1|A/cattle/Texas/24-008749-003/2024(H5N1)	643	245
NS|PP755593.1|A/cattle/Texas/24-008749-003/2024(H5N1)	644	249
NS|PP755593.1|A/cattle/Texas/24-008749-003/2024(H5N1)	645	248
NS|PP755593.1|A/cattle/Texas/24-008749-003/2024(H5N1)	646	249
NS|PP755593.1|A/cattle/Texas/24-008749-003/2024(H5N1)	647	250
NS|PP755593.1|A/cattle/Texas/24-008749-003/2024(H5N1)	648	243
NS|PP755593.1|A/cattle/Texas/24-008749-003/2024(H5N1)	649	244
NS|PP755593.1|A/cattle/Texas/24-008749-003/2024(H5N1)	650	243
NS|PP755593.1|A/cattle/Texas/24-008749-003/2024(H5N1)	651	243
NS|PP755593.1|A/cattle/Texas/24-008749-003/2024(H5N1)	652	243
NS|PP755593.1|A/cattle/Texas/24-008749-003/2024(H5N1)	653	222
NS|PP755593.1|A/cattle/Texas/24-008749-003/2024(H5N1)	654	221
NS|PP755593.1|A/cattle/Texas/24-008749-003/2024(H5N1)	655	222
NS|PP755593.1|A/cattle/Texas/24-008749-003/2024(H5N1)	656	226
NS|PP755593.1|A/cattle/Texas/24-008749-003/2024(H5N1)	657	229
NS|PP755593.1|A/cattle/Texas/24-008749-003/2024(H5N1)	658	234
NS|PP755593.1|A/cattle/Texas/24-008749-003/2024(H5N1)	659	236
NS|PP755593.1|A/cattle/Texas/24-008749-003/2024(H5N1)	660	237
NS|PP755593.1|A/cattle/Texas/24-008749-003/2024(H5N1)	661	237
NS|PP755593.1|A/cattle/Texas/24-008749-003/2024(H5N1)	662	235
NS|PP755593.1|A/cattle/Texas/24-008749-003/2024(H5N1)	663	235
NS|PP755593.1|A/cattle/Texas/24-008749-003/2024(H5N1)	664	236
NS|PP755593.1|A/cattle/Texas/24-008749-003/2024(H5N1)	665	237
NS|PP755593.1|A/cattle/Texas/24-008749-003/2024(H5N1)	666	237
NS|PP755593.1|A/cattle/Texas/24-008749-003/2024(H5N1)	667	238
NS|PP755593.1|A/cattle/Texas/24-008749-003/2024(H5N1)	668	228
NS|PP755593.1|A/cattle/Texas/24-008749-003/2024(H5N1)	669	231
NS|PP755593.1|A/cattle/Texas/24-008749-003/2024(H5N1)	670	230
NS|PP755593.1|A/cattle/Texas/24-008749-003/2024(H5N1)	671	233
NS|PP755593.1|A/cattle/Texas/24-008749-003/2024(H5N1)	672	229
NS|PP755593.1|A/cattle/Texas/24-008749-003/2024(H5N1)	673	236
NS|PP755593.1|A/cattle/Texas/24-008749-003/2024(H5N1)	674	236
NS|PP755593.1|A/cattle/Texas/24-008749-003/2024(H5N1)	675	234
NS|PP755593.1|A/cattle/Texas/24-008749-003/2024(H5N1)	676	239
NS|PP755593.1|A/cattle/Texas/24-008749-003/2024(H5N1)	677	237
NS|PP755593.1|A/cattle/Texas/24-008749-003/2024(H5N1)	678	237
NS|PP755593.1|A/cattle/Texas/24-008749-003/2024(H5N1)	679	236
NS|PP755593.1|A/cattle/Texas/24-008749-003/2024(H5N1)	680	220
NS|PP755593.1|A/cattle/Texas/24-008749-003/2024(H5N1)	681	220
NS|PP755593.1|A/cattle/Texas/24-008749-003/2024(H5N1)	682	224
NS|PP755593.1|A/cattle/Texas/24-008749-003/2024(H5N1)	683	222
NS|PP755593.1|A/cattle/Texas/24-008749-003/2024(H5N1)	684	222
NS|PP755593.1|A/cattle/Texas/24-008749-003/2024(H5N1)	685	224
NS|PP755593.1|A/cattle/Texas/24-008749-003/2024(H5N1)	686	227
NS|PP755593.1|A/cattle/Texas/24-008749-003/2024(H5N1)	687	228
NS|PP755593.1|A/cattle/Texas/24-008749-003/2024(H5N1)	688	229
NS|PP755593.1|A/cattle/Texas/24-008749-003/2024(H5N1)	689	228
NS|PP755593.1|A/cattle/Texas/24-008749-003/2024(H5N1)	690	229
NS|PP755593.1|A/cattle/Texas/24-008749-003/2024(H5N1)	691	229
NS|PP755593.1|A/cattle/Texas/24-008749-003/2024(H5N1)	692	230
NS|PP755593.1|A/cattle/Texas/24-008749-003/2024(H5N1)	693	231
NS|PP755593.1|A/cattle/Texas/24-008749-003/2024(H5N1)	694	234
NS|PP755593.1|A/cattle/Texas/24-008749-003/2024(H5N1)	695	236
NS|PP755593.1|A/cattle/Texas/24-008749-003/2024(H5N1)	696	237
NS|PP755593.1|A/cattle/Texas/24-008749-003/2024(H5N1)	697	237
NS|PP755593.1|A/cattle/Texas/24-008749-003/2024(H5N1)	698	238
NS|PP755593.1|A/cattle/Texas/24-008749-003/2024(H5N1)	699	239
NS|PP755593.1|A/cattle/Texas/24-008749-003/2024(H5N1)	700	239
NS|PP755593.1|A/cattle/Texas/24-008749-003/2024(H5N1)	701	241
NS|PP755593.1|A/cattle/Texas/24-008749-003/2024(H5N1)	702	242
NS|PP755593.1|A/cattle/Texas/24-008749-003/2024(H5N1)	703	245
NS|PP755593.1|A/cattle/Texas/24-008749-003/2024(H5N1)	704	229
NS|PP755593.1|A/cattle/Texas/24-008749-003/2024(H5N1)	705	233
NS|PP755593.1|A/cattle/Texas/24-008749-003/2024(H5N1)	706	233
NS|PP755593.1|A/cattle/Texas/24-008749-003/2024(H5N1)	707	237
NS|PP755593.1|A/cattle/Texas/24-008749-003/2024(H5N1)	708	237
NS|PP755593.1|A/cattle/Texas/24-008749-003/2024(H5N1)	709	240
NS|PP755593.1|A/cattle/Texas/24-008749-003/2024(H5N1)	710	243
NS|PP755593.1|A/cattle/Texas/24-008749-003/2024(H5N1)	711	246
NS|PP755593.1|A/cattle/Texas/24-008749-003/2024(H5N1)	712	245
NS|PP755593.1|A/cattle/Texas/24-008749-003/2024(H5N1)	713	246
NS|PP755593.1|A/cattle/Texas/24-008749-003/2024(H5N1)	714	244
NS|PP755593.1|A/cattle/Texas/24-008749-003/2024(H5N1)	715	244
NS|PP755593.1|A/cattle/Texas/24-008749-003/2024(H5N1)	716	244
NS|PP755593.1|A/cattle/Texas/24-008749-003/2024(H5N1)	717	240
NS|PP755593.1|A/cattle/Texas/24-008749-003/2024(H5N1)	718	237
NS|PP755593.1|A/cattle/Texas/24-008749-003/2024(H5N1)	719	238
NS|PP755593.1|A/cattle/Texas/24-008749-003/2024(H5N1)	720	230
NS|PP755593.1|A/cattle/Texas/24-008749-003/2024(H5N1)	721	232
NS|PP755593.1|A/cattle/Texas/24-008749-003/2024(H5N1)	722	226
NS|PP755593.1|A/cattle/Texas/24-008749-003/2024(H5N1)	723	226
NS|PP755593.1|A/cattle/Texas/24-008749-003/2024(H5N1)	724	227
NS|PP755593.1|A/cattle/Texas/24-008749-003/2024(H5N1)	725	227
NS|PP755593.1|A/cattle/Texas/24-008749-003/2024(H5N1)	726	225
NS|PP755593.1|A/cattle/Texas/24-008749-003/2024(H5N1)	727	226
NS|PP755593.1|A/cattle/Texas/24-008749-003/2024(H5N1)	728	198
NS|PP755593.1|A/cattle/Texas/24-008749-003/2024(H5N1)	729	201
NS|PP755593.1|A/cattle/Texas/24-008749-003/2024(H5N1)	730	203
NS|PP755593.1|A/cattle/Texas/24-008749-003/2024(H5N1)	731	198
NS|PP755593.1|A/cattle/Texas/24-008749-003/2024(H5N1)	732	198
NS|PP755593.1|A/cattle/Texas/24-008749-003/2024(H5N1)	733	196
NS|PP755593.1|A/cattle/Texas/24-008749-003/2024(H5N1)	734	196
NS|PP755593.1|A/cattle/Texas/24-008749-003/2024(H5N1)	735	195
NS|PP755593.1|A/cattle/Texas/24-008749-003/2024(H5N1)	736	197
NS|PP755593.1|A/cattle/Texas/24-008749-003/2024(H5N1)	737	194
NS|PP755593.1|A/cattle/Texas/24-008749-003/2024(H5N1)	738	172
NS|PP755593.1|A/cattle/Texas/24-008749-003/2024(H5N1)	739	174
NS|PP755593.1|A/cattle/Texas/24-008749-003/2024(H5N1)	740	173
NS|PP755593.1|A/cattle/Texas/24-008749-003/2024(H5N1)	741	171
NS|PP755593.1|A/cattle/Texas/24-008749-003/2024(H5N1)	742	171
NS|PP755593.1|A/cattle/Texas/24-008749-003/2024(H5N1)	743	175
NS|PP755593.1|A/cattle/Texas/24-008749-003/2024(H5N1)	744	174
NS|PP755593.1|A/cattle/Texas/24-008749-003/2024(H5N1)	745	175
NS|PP755593.1|A/cattle/Texas/24-008749-003/2024(H5N1)	746	180
NS|PP755593.1|A/cattle/Texas/24-008749-003/2024(H5N1)	747	184
NS|PP755593.1|A/cattle/Texas/24-008749-003/2024(H5N1)	748	192
NS|PP755593.1|A/cattle/Texas/24-008749-003/2024(H5N1)	749	199
NS|PP755593.1|A/cattle/Texas/24-008749-003/2024(H5N1)	750	205
NS|PP755593.1|A/cattle/Texas/24-008749-003/2024(H5N1)	751	210
NS|PP755593.1|A/cattle/Texas/24-008749-003/2024(H5N1)	752	208
NS|PP755593.1|A/cattle/Texas/24-008749-003/2024(H5N1)	753	208
NS|PP755593.1|A/cattle/Texas/24-008749-003/2024(H5N1)	754	208
NS|PP755593.1|A/cattle/Texas/24-008749-003/2024(H5N1)	755	210
NS|PP755593.1|A/cattle/Texas/24-008749-003/2024(H5N1)	756	215
NS|PP755593.1|A/cattle/Texas/24-008749-003/2024(H5N1)	757	224
NS|PP755593.1|A/cattle/Texas/24-008749-003/2024(H5N1)	758	229
NS|PP755593.1|A/cattle/Texas/24-008749-003/2024(H5N1)	759	223
NS|PP755593.1|A/cattle/Texas/24-008749-003/2024(H5N1)	760	228
NS|PP755593.1|A/cattle/Texas/24-008749-003/2024(H5N1)	761	233
NS|PP755593.1|A/cattle/Texas/24-008749-003/2024(H5N1)	762	241
NS|PP755593.1|A/cattle/Texas/24-008749-003/2024(H5N1)	763	243
NS|PP755593.1|A/cattle/Texas/24-008749-003/2024(H5N1)	764	247
NS|PP755593.1|A/cattle/Texas/24-008749-003/2024(H5N1)	765	252
NS|PP755593.1|A/cattle/Texas/24-008749-003/2024(H5N1)	766	252
NS|PP755593.1|A/cattle/Texas/24-008749-003/2024(H5N1)	767	261
NS|PP755593.1|A/cattle/Texas/24-008749-003/2024(H5N1)	768	267
NS|PP755593.1|A/cattle/Texas/24-008749-003/2024(H5N1)	769	268
NS|PP755593.1|A/cattle/Texas/24-008749-003/2024(H5N1)	770	271
NS|PP755593.1|A/cattle/Texas/24-008749-003/2024(H5N1)	771	272
NS|PP755593.1|A/cattle/Texas/24-008749-003/2024(H5N1)	772	273
NS|PP755593.1|A/cattle/Texas/24-008749-003/2024(H5N1)	773	274
NS|PP755593.1|A/cattle/Texas/24-008749-003/2024(H5N1)	774	262
NS|PP755593.1|A/cattle/Texas/24-008749-003/2024(H5N1)	775	266
NS|PP755593.1|A/cattle/Texas/24-008749-003/2024(H5N1)	776	273
NS|PP755593.1|A/cattle/Texas/24-008749-003/2024(H5N1)	777	282
NS|PP755593.1|A/cattle/Texas/24-008749-003/2024(H5N1)	778	285
NS|PP755593.1|A/cattle/Texas/24-008749-003/2024(H5N1)	779	283
NS|PP755593.1|A/cattle/Texas/24-008749-003/2024(H5N1)	780	289
NS|PP755593.1|A/cattle/Texas/24-008749-003/2024(H5N1)	781	292
NS|PP755593.1|A/cattle/Texas/24-008749-003/2024(H5N1)	782	300
NS|PP755593.1|A/cattle/Texas/24-008749-003/2024(H5N1)	783	301
NS|PP755593.1|A/cattle/Texas/24-008749-003/2024(H5N1)	784	306
NS|PP755593.1|A/cattle/Texas/24-008749-003/2024(H5N1)	785	307
NS|PP755593.1|A/cattle/Texas/24-008749-003/2024(H5N1)	786	271
NS|PP755593.1|A/cattle/Texas/24-008749-003/2024(H5N1)	787	273
NS|PP755593.1|A/cattle/Texas/24-008749-003/2024(H5N1)	788	277
NS|PP755593.1|A/cattle/Texas/24-008749-003/2024(H5N1)	789	271
NS|PP755593.1|A/cattle/Texas/24-008749-003/2024(H5N1)	790	272
NS|PP755593.1|A/cattle/Texas/24-008749-003/2024(H5N1)	791	270
NS|PP755593.1|A/cattle/Texas/24-008749-003/2024(H5N1)	792	270
NS|PP755593.1|A/cattle/Texas/24-008749-003/2024(H5N1)	793	271
NS|PP755593.1|A/cattle/Texas/24-008749-003/2024(H5N1)	794	268
NS|PP755593.1|A/cattle/Texas/24-008749-003/2024(H5N1)	795	268
NS|PP755593.1|A/cattle/Texas/24-008749-003/2024(H5N1)	796	267
NS|PP755593.1|A/cattle/Texas/24-008749-003/2024(H5N1)	797	267
NS|PP755593.1|A/cattle/Texas/24-008749-003/2024(H5N1)	798	266
NS|PP755593.1|A/cattle/Texas/24-008749-003/2024(H5N1)	799	242
NS|PP755593.1|A/cattle/Texas/24-008749-003/2024(H5N1)	800	242
NS|PP755593.1|A/cattle/Texas/24-008749-003/2024(H5N1)	801	241
NS|PP755593.1|A/cattle/Texas/24-008749-003/2024(H5N1)	802	241
NS|PP755593.1|A/cattle/Texas/24-008749-003/2024(H5N1)	803	240
NS|PP755593.1|A/cattle/Texas/24-008749-003/2024(H5N1)	804	239
NS|PP755593.1|A/cattle/Texas/24-008749-003/2024(H5N1)	805	240
NS|PP755593.1|A/cattle/Texas/24-008749-003/2024(H5N1)	806	240
NS|PP755593.1|A/cattle/Texas/24-008749-003/2024(H5N1)	807	241
NS|PP755593.1|A/cattle/Texas/24-008749-003/2024(H5N1)	808	241
NS|PP755593.1|A/cattle/Texas/24-008749-003/2024(H5N1)	809	230
NS|PP755593.1|A/cattle/Texas/24-008749-003/2024(H5N1)	810	228
NS|PP755593.1|A/cattle/Texas/24-008749-003/2024(H5N1)	811	227
NS|PP755593.1|A/cattle/Texas/24-008749-003/2024(H5N1)	812	226
NS|PP755593.1|A/cattle/Texas/24-008749-003/2024(H5N1)	813	225
NS|PP755593.1|A/cattle/Texas/24-008749-003/2024(H5N1)	814	224
NS|PP755593.1|A/cattle/Texas/24-008749-003/2024(H5N1)	815	223
NS|PP755593.1|A/cattle/Texas/24-008749-003/2024(H5N1)	816	223
NS|PP755593.1|A/cattle/Texas/24-008749-003/2024(H5N1)	817	203
NS|PP755593.1|A/cattle/Texas/24-008749-003/2024(H5N1)	818	202
NS|PP755593.1|A/cattle/Texas/24-008749-003/2024(H5N1)	819	201
NS|PP755593.1|A/cattle/Texas/24-008749-003/2024(H5N1)	820	201
NS|PP755593.1|A/cattle/Texas/24-008749-003/2024(H5N1)	821	201
NS|PP755593.1|A/cattle/Texas/24-008749-003/2024(H5N1)	822	195
NS|PP755593.1|A/cattle/Texas/24-008749-003/2024(H5N1)	823	195
NS|PP755593.1|A/cattle/Texas/24-008749-003/2024(H5N1)	824	194
NS|PP755593.1|A/cattle/Texas/24-008749-003/2024(H5N1)	825	193
NS|PP755593.1|A/cattle/Texas/24-008749-003/2024(H5N1)	826	193
NS|PP755593.1|A/cattle/Texas/24-008749-003/2024(H5N1)	827	192
NS|PP755593.1|A/cattle/Texas/24-008749-003/2024(H5N1)	828	192
NS|PP755593.1|A/cattle/Texas/24-008749-003/2024(H5N1)	829	191
NS|PP755593.1|A/cattle/Texas/24-008749-003/2024(H5N1)	830	191
NS|PP755593.1|A/cattle/Texas/24-008749-003/2024(H5N1)	831	186
NS|PP755593.1|A/cattle/Texas/24-008749-003/2024(H5N1)	832	186
NS|PP755593.1|A/cattle/Texas/24-008749-003/2024(H5N1)	833	183
NS|PP755593.1|A/cattle/Texas/24-008749-003/2024(H5N1)	834	183
NS|PP755593.1|A/cattle/Texas/24-008749-003/2024(H5N1)	835	183
NS|PP755593.1|A/cattle/Texas/24-008749-003/2024(H5N1)	836	182
NS|PP755593.1|A/cattle/Texas/24-008749-003/2024(H5N1)	837	182
NS|PP755593.1|A/cattle/Texas/24-008749-003/2024(H5N1)	838	179
