PB2|PP755596.1|A/cattle/Texas/24-008749-003/2024(H5N1)	1	290
PB2|PP755596.1|A/cattle/Texas/24-008749-003/2024(H5N1)	2	293
PB2|PP755596.1|A/cattle/Texas/24-008749-003/2024(H5N1)	3	298
PB2|PP755596.1|A/cattle/Texas/24-008749-003/2024(H5N1)	4	298
PB2|PP755596.1|A/cattle/Texas/24-008749-003/2024(H5N1)	5	298
PB2|PP755596.1|A/cattle/Texas/24-008749-003/2024(H5N1)	6	300
PB2|PP755596.1|A/cattle/Texas/24-008749-003/2024(H5N1)	7	301
PB2|PP755596.1|A/cattle/Texas/24-008749-003/2024(H5N1)	8	344
PB2|PP755596.1|A/cattle/Texas/24-008749-003/2024(H5N1)	9	345
PB2|PP755596.1|A/cattle/Texas/24-008749-003/2024(H5N1)	10	347
PB2|PP755596.1|A/cattle/Texas/24-008749-003/2024(H5N1)	11	364
PB2|PP755596.1|A/cattle/Texas/24-008749-003/2024(H5N1)	12	364
PB2|PP755596.1|A/cattle/Texas/24-008749-003/2024(H5N1)	13	365
PB2|PP755596.1|A/cattle/Texas/24-008749-003/2024(H5N1)	14	365
PB2|PP755596.1|A/cattle/Texas/24-008749-003/2024(H5N1)	15	365
PB2|PP755596.1|A/cattle/Texas/24-008749-003/2024(H5N1)	16	369
PB2|PP755596.1|A/cattle/Texas/24-008749-003/2024(H5N1)	17	371
PB2|PP755596.1|A/cattle/Texas/24-008749-003/2024(H5N1)	18	376
PB2|PP755596.1|A/cattle/Texas/24-008749-003/2024(H5N1)	19	376
PB2|PP755596.1|A/cattle/Texas/24-008749-003/2024(H5N1)	20	376
PB2|PP755596.1|A/cattle/Texas/24-008749-003/2024(H5N1)	21	378
PB2|PP755596.1|A/cattle/Texas/24-008749-003/2024(H5N1)	22	378
PB2|PP755596.1|A/cattle/Texas/24-008749-003/2024(H5N1)	23	378
PB2|PP755596.1|A/cattle/Texas/24-008749-003/2024(H5N1)	24	378
PB2|PP755596.1|A/cattle/Texas/24-008749-003/2024(H5N1)	25	394
PB2|PP755596.1|A/cattle/Texas/24-008749-003/2024(H5N1)	26	409
PB2|PP755596.1|A/cattle/Texas/24-008749-003/2024(H5N1)	27	410
PB2|PP755596.1|A/cattle/Texas/24-008749-003/2024(H5N1)	28	411
PB2|PP755596.1|A/cattle/Texas/24-008749-003/2024(H5N1)	29	411
PB2|PP755596.1|A/cattle/Texas/24-008749-003/2024(H5N1)	30	415
PB2|PP755596.1|A/cattle/Texas/24-008749-003/2024(H5N1)	31	424
PB2|PP755596.1|A/cattle/Texas/24-008749-003/2024(H5N1)	32	428
PB2|PP755596.1|A/cattle/Texas/24-008749-003/2024(H5N1)	33	429
PB2|PP755596.1|A/cattle/Texas/24-008749-003/2024(H5N1)	34	435
PB2|PP755596.1|A/cattle/Texas/24-008749-003/2024(H5N1)	35	435
PB2|PP755596.1|A/cattle/Texas/24-008749-003/2024(H5N1)	36	435
PB2|PP755596.1|A/cattle/Texas/24-008749-003/2024(H5N1)	37	436
PB2|PP755596.1|A/cattle/Texas/24-008749-003/2024(H5N1)	38	436
PB2|PP755596.1|A/cattle/Texas/24-008749-003/2024(H5N1)	39	460
PB2|PP755596.1|A/cattle/Texas/24-008749-003/2024(H5N1)	40	463
PB2|PP755596.1|A/cattle/Texas/24-008749-003/2024(H5N1)	41	463
PB2|PP755596.1|A/cattle/Texas/24-008749-003/2024(H5N1)	42	462
PB2|PP755596.1|A/cattle/Texas/24-008749-003/2024(H5N1)	43	463
PB2|PP755596.1|A/cattle/Texas/24-008749-003/2024(H5N1)	44	463
PB2|PP755596.1|A/cattle/Texas/24-008749-003/2024(H5N1)	45	463
PB2|PP755596.1|A/cattle/Texas/24-008749-003/2024(H5N1)	46	466
PB2|PP755596.1|A/cattle/Texas/24-008749-003/2024(H5N1)	47	468
PB2|PP755596.1|A/cattle/Texas/24-008749-003/2024(H5N1)	48	467
PB2|PP755596.1|A/cattle/Texas/24-008749-003/2024(H5N1)	49	479
PB2|PP755596.1|A/cattle/Texas/24-008749-003/2024(H5N1)	50	480
PB2|PP755596.1|A/cattle/Texas/24-008749-003/2024(H5N1)	51	483
PB2|PP755596.1|A/cattle/Texas/24-008749-003/2024(H5N1)	52	483
PB2|PP755596.1|A/cattle/Texas/24-008749-003/2024(H5N1)	53	483
PB2|PP755596.1|A/cattle/Texas/24-008749-003/2024(H5N1)	54	487
PB2|PP755596.1|A/cattle/Texas/24-008749-003/2024(H5N1)	55	505
PB2|PP755596.1|A/cattle/Texas/24-008749-003/2024(H5N1)	56	508
PB2|PP755596.1|A/cattle/Texas/24-008749-003/2024(H5N1)	57	515
PB2|PP755596.1|A/cattle/Texas/24-008749-003/2024(H5N1)	58	517
PB2|PP755596.1|A/cattle/Texas/24-008749-003/2024(H5N1)	59	514
PB2|PP755596.1|A/cattle/Texas/24-008749-003/2024(H5N1)	60	528
PB2|PP755596.1|A/cattle/Texas/24-008749-003/2024(H5N1)	61	530
PB2|PP755596.1|A/cattle/Texas/24-008749-003/2024(H5N1)	62	533
PB2|PP755596.1|A/cattle/Texas/24-008749-003/2024(H5N1)	63	533
PB2|PP755596.1|A/cattle/Texas/24-008749-003/2024(H5N1)	64	529
PB2|PP755596.1|A/cattle/Texas/24-008749-003/2024(H5N1)	65	533
PB2|PP755596.1|A/cattle/Texas/24-008749-003/2024(H5N1)	66	535
PB2|PP755596.1|A/cattle/Texas/24-008749-003/2024(H5N1)	67	536
PB2|PP755596.1|A/cattle/Texas/24-008749-003/2024(H5N1)	68	542
PB2|PP755596.1|A/cattle/Texas/24-008749-003/2024(H5N1)	69	542
PB2|PP755596.1|A/cattle/Texas/24-008749-003/2024(H5N1)	70	542
PB2|PP755596.1|A/cattle/Texas/24-008749-003/2024(H5N1)	71	555
PB2|PP755596.1|A/cattle/Texas/24-008749-003/2024(H5N1)	72	559
PB2|PP755596.1|A/cattle/Texas/24-008749-003/2024(H5N1)	73	567
PB2|PP755596.1|A/cattle/Texas/24-008749-003/2024(H5N1)	74	570
PB2|PP755596.1|A/cattle/Texas/24-008749-003/2024(H5N1)	75	568
PB2|PP755596.1|A/cattle/Texas/24-008749-003/2024(H5N1)	76	568
PB2|PP755596.1|A/cattle/Texas/24-008749-003/2024(H5N1)	77	570
PB2|PP755596.1|A/cattle/Texas/24-008749-003/2024(H5N1)	78	578
PB2|PP755596.1|A/cattle/Texas/24-008749-003/2024(H5N1)	79	582
PB2|PP755596.1|A/cattle/Texas/24-008749-003/2024(H5N1)	80	578
PB2|PP755596.1|A/cattle/Texas/24-008749-003/2024(H5N1)	81	578
PB2|PP755596.1|A/cattle/Texas/24-008749-003/2024(H5N1)	82	574
PB2|PP755596.1|A/cattle/Texas/24-008749-003/2024(H5N1)	83	574
PB2|PP755596.1|A/cattle/Texas/24-008749-003/2024(H5N1)	84	576
PB2|PP755596.1|A/cattle/Texas/24-008749-003/2024(H5N1)	85	579
PB2|PP755596.1|A/cattle/Texas/24-008749-003/2024(H5N1)	86	579
PB2|PP755596.1|A/cattle/Texas/24-008749-003/2024(H5N1)	87	571
PB2|PP755596.1|A/cattle/Texas/24-008749-003/2024(H5N1)	88	571
PB2|PP755596.1|A/cattle/Texas/24-008749-003/2024(H5N1)	89	571
PB2|PP755596.1|A/cattle/Texas/24-008749-003/2024(H5N1)	90	567
PB2|PP755596.1|A/cattle/Texas/24-008749-003/2024(H5N1)	91	478
PB2|PP755596.1|A/cattle/Texas/24-008749-003/2024(H5N1)	92	477
PB2|PP755596.1|A/cattle/Texas/24-008749-003/2024(H5N1)	93	477
PB2|PP755596.1|A/cattle/Texas/24-008749-003/2024(H5N1)	94	474
PB2|PP755596.1|A/cattle/Texas/24-008749-003/2024(H5N1)	95	474
PB2|PP755596.1|A/cattle/Texas/24-008749-003/2024(H5N1)	96	478
PB2|PP755596.1|A/cattle/Texas/24-008749-003/2024(H5N1)	97	482
PB2|PP755596.1|A/cattle/Texas/24-008749-003/2024(H5N1)	98	475
PB2|PP755596.1|A/cattle/Texas/24-008749-003/2024(H5N1)	99	484
PB2|PP755596.1|A/cattle/Texas/24-008749-003/2024(H5N1)	100	480
PB2|PP755596.1|A/cattle/Texas/24-008749-003/2024(H5N1)	101	487
PB2|PP755596.1|A/cattle/Texas/24-008749-003/2024(H5N1)	102	488
PB2|PP755596.1|A/cattle/Texas/24-008749-003/2024(H5N1)	103	366
PB2|PP755596.1|A/cattle/Texas/24-008749-003/2024(H5N1)	104	371
PB2|PP755596.1|A/cattle/Texas/24-008749-003/2024(H5N1)	105	370
PB2|PP755596.1|A/cattle/Texas/24-008749-003/2024(H5N1)	106	371
PB2|PP755596.1|A/cattle/Texas/24-008749-003/2024(H5N1)	107	371
PB2|PP755596.1|A/cattle/Texas/24-008749-003/2024(H5N1)	108	354
PB2|PP755596.1|A/cattle/Texas/24-008749-003/2024(H5N1)	109	354
PB2|PP755596.1|A/cattle/Texas/24-008749-003/2024(H5N1)	110	356
PB2|PP755596.1|A/cattle/Texas/24-008749-003/2024(H5N1)	111	356
PB2|PP755596.1|A/cattle/Texas/24-008749-003/2024(H5N1)	112	356
PB2|PP755596.1|A/cattle/Texas/24-008749-003/2024(H5N1)	113	353
PB2|PP755596.1|A/cattle/Texas/24-008749-003/2024(H5N1)	114	356
PB2|PP755596.1|A/cattle/Texas/24-008749-003/2024(H5N1)	115	358
PB2|PP755596.1|A/cattle/Texas/24-008749-003/2024(H5N1)	116	358
PB2|PP755596.1|A/cattle/Texas/24-008749-003/2024(H5N1)	117	358
PB2|PP755596.1|A/cattle/Texas/24-008749-003/2024(H5N1)	118	368
PB2|PP755596.1|A/cattle/Texas/24-008749-003/2024(H5N1)	119	372
PB2|PP755596.1|A/cattle/Texas/24-008749-003/2024(H5N1)	120	373
PB2|PP755596.1|A/cattle/Texas/24-008749-003/2024(H5N1)	121	375
PB2|PP755596.1|A/cattle/Texas/24-008749-003/2024(H5N1)	122	375
PB2|PP755596.1|A/cattle/Texas/24-008749-003/2024(H5N1)	123	375
PB2|PP755596.1|A/cattle/Texas/24-008749-003/2024(H5N1)	124	328
PB2|PP755596.1|A/cattle/Texas/24-008749-003/2024(H5N1)	125	327
PB2|PP755596.1|A/cattle/Texas/24-008749-003/2024(H5N1)	126	315
PB2|PP755596.1|A/cattle/Texas/24-008749-003/2024(H5N1)	127	313
PB2|PP755596.1|A/cattle/Texas/24-008749-003/2024(H5N1)	128	313
PB2|PP755596.1|A/cattle/Texas/24-008749-003/2024(H5N1)	129	329
PB2|PP755596.1|A/cattle/Texas/24-008749-003/2024(H5N1)	130	331
PB2|PP755596.1|A/cattle/Texas/24-008749-003/2024(H5N1)	131	332
PB2|PP755596.1|A/cattle/Texas/24-008749-003/2024(H5N1)	132	334
PB2|PP755596.1|A/cattle/Texas/24-008749-003/2024(H5N1)	133	323
PB2|PP755596.1|A/cattle/Texas/24-008749-003/2024(H5N1)	134	322
PB2|PP755596.1|A/cattle/Texas/24-008749-003/2024(H5N1)	135	321
PB2|PP755596.1|A/cattle/Texas/24-008749-003/2024(H5N1)	136	319
PB2|PP755596.1|A/cattle/Texas/24-008749-003/2024(H5N1)	137	326
PB2|PP755596.1|A/cattle/Texas/24-008749-003/2024(H5N1)	138	329
PB2|PP755596.1|A/cattle/Texas/24-008749-003/2024(H5N1)	139	329
PB2|PP755596.1|A/cattle/Texas/24-008749-003/2024(H5N1)	140	328
PB2|PP755596.1|A/cattle/Texas/24-008749-003/2024(H5N1)	141	327
PB2|PP755596.1|A/cattle/Texas/24-008749-003/2024(H5N1)	142	330
PB2|PP755596.1|A/cattle/Texas/24-008749-003/2024(H5N1)	143	328
PB2|PP755596.1|A/cattle/Texas/24-008749-003/2024(H5N1)	144	330
PB2|PP755596.1|A/cattle/Texas/24-008749-003/2024(H5N1)	145	324
PB2|PP755596.1|A/cattle/Texas/24-008749-003/2024(H5N1)	146	324
PB2|PP755596.1|A/cattle/Texas/24-008749-003/2024(H5N1)	147	327
PB2|PP755596.1|A/cattle/Texas/24-008749-003/2024(H5N1)	148	328
PB2|PP755596.1|A/cattle/Texas/24-008749-003/2024(H5N1)	149	328
PB2|PP755596.1|A/cattle/Texas/24-008749-003/2024(H5N1)	150	322
PB2|PP755596.1|A/cattle/Texas/24-008749-003/2024(H5N1)	151	319
PB2|PP755596.1|A/cattle/Texas/24-008749-003/2024(H5N1)	152	325
PB2|PP755596.1|A/cattle/Texas/24-008749-003/2024(H5N1)	153	327
PB2|PP755596.1|A/cattle/Texas/24-008749-003/2024(H5N1)	154	328
PB2|PP755596.1|A/cattle/Texas/24-008749-003/2024(H5N1)	155	331
PB2|PP755596.1|A/cattle/Texas/24-008749-003/2024(H5N1)	156	328
PB2|PP755596.1|A/cattle/Texas/24-008749-003/2024(H5N1)	157	327
PB2|PP755596.1|A/cattle/Texas/24-008749-003/2024(H5N1)	158	327
PB2|PP755596.1|A/cattle/Texas/24-008749-003/2024(H5N1)	159	316
PB2|PP755596.1|A/cattle/Texas/24-008749-003/2024(H5N1)	160	318
PB2|PP755596.1|A/cattle/Texas/24-008749-003/2024(H5N1)	161	301
PB2|PP755596.1|A/cattle/Texas/24-008749-003/2024(H5N1)	162	296
PB2|PP755596.1|A/cattle/Texas/24-008749-003/2024(H5N1)	163	298
PB2|PP755596.1|A/cattle/Texas/24-008749-003/2024(H5N1)	164	298
PB2|PP755596.1|A/cattle/Texas/24-008749-003/2024(H5N1)	165	299
PB2|PP755596.1|A/cattle/Texas/24-008749-003/2024(H5N1)	166	302
PB2|PP755596.1|A/cattle/Texas/24-008749-003/2024(H5N1)	167	308
PB2|PP755596.1|A/cattle/Texas/24-008749-003/2024(H5N1)	168	315
PB2|PP755596.1|A/cattle/Texas/24-008749-003/2024(H5N1)	169	316
PB2|PP755596.1|A/cattle/Texas/24-008749-003/2024(H5N1)	170	316
PB2|PP755596.1|A/cattle/Texas/24-008749-003/2024(H5N1)	171	318
PB2|PP755596.1|A/cattle/Texas/24-008749-003/2024(H5N1)	172	317
PB2|PP755596.1|A/cattle/Texas/24-008749-003/2024(H5N1)	173	321
PB2|PP755596.1|A/cattle/Texas/24-008749-003/2024(H5N1)	174	322
PB2|PP755596.1|A/cattle/Texas/24-008749-003/2024(H5N1)	175	330
PB2|PP755596.1|A/cattle/Texas/24-008749-003/2024(H5N1)	176	318
PB2|PP755596.1|A/cattle/Texas/24-008749-003/2024(H5N1)	177	315
PB2|PP755596.1|A/cattle/Texas/24-008749-003/2024(H5N1)	178	318
PB2|PP755596.1|A/cattle/Texas/24-008749-003/2024(H5N1)	179	325
PB2|PP755596.1|A/cattle/Texas/24-008749-003/2024(H5N1)	180	328
PB2|PP755596.1|A/cattle/Texas/24-008749-003/2024(H5N1)	181	328
PB2|PP755596.1|A/cattle/Texas/24-008749-003/2024(H5N1)	182	320
PB2|PP755596.1|A/cattle/Texas/24-008749-003/2024(H5N1)	183	320
PB2|PP755596.1|A/cattle/Texas/24-008749-003/2024(H5N1)	184	319
PB2|PP755596.1|A/cattle/Texas/24-008749-003/2024(H5N1)	185	319
PB2|PP755596.1|A/cattle/Texas/24-008749-003/2024(H5N1)	186	322
PB2|PP755596.1|A/cattle/Texas/24-008749-003/2024(H5N1)	187	322
PB2|PP755596.1|A/cattle/Texas/24-008749-003/2024(H5N1)	188	324
PB2|PP755596.1|A/cattle/Texas/24-008749-003/2024(H5N1)	189	324
PB2|PP755596.1|A/cattle/Texas/24-008749-003/2024(H5N1)	190	338
PB2|PP755596.1|A/cattle/Texas/24-008749-003/2024(H5N1)	191	339
PB2|PP755596.1|A/cattle/Texas/24-008749-003/2024(H5N1)	192	339
PB2|PP755596.1|A/cattle/Texas/24-008749-003/2024(H5N1)	193	339
PB2|PP755596.1|A/cattle/Texas/24-008749-003/2024(H5N1)	194	338
PB2|PP755596.1|A/cattle/Texas/24-008749-003/2024(H5N1)	195	340
PB2|PP755596.1|A/cattle/Texas/24-008749-003/2024(H5N1)	196	340
PB2|PP755596.1|A/cattle/Texas/24-008749-003/2024(H5N1)	197	343
PB2|PP755596.1|A/cattle/Texas/24-008749-003/2024(H5N1)	198	341
PB2|PP755596.1|A/cattle/Texas/24-008749-003/2024(H5N1)	199	341
PB2|PP755596.1|A/cattle/Texas/24-008749-003/2024(H5N1)	200	342
PB2|PP755596.1|A/cattle/Texas/24-008749-003/2024(H5N1)	201	340
PB2|PP755596.1|A/cattle/Texas/24-008749-003/2024(H5N1)	202	340
PB2|PP755596.1|A/cattle/Texas/24-008749-003/2024(H5N1)	203	326
PB2|PP755596.1|A/cattle/Texas/24-008749-003/2024(H5N1)	204	326
PB2|PP755596.1|A/cattle/Texas/24-008749-003/2024(H5N1)	205	326
PB2|PP755596.1|A/cattle/Texas/24-008749-003/2024(H5N1)	206	326
PB2|PP755596.1|A/cattle/Texas/24-008749-003/2024(H5N1)	207	324
PB2|PP755596.1|A/cattle/Texas/24-008749-003/2024(H5N1)	208	324
PB2|PP755596.1|A/cattle/Texas/24-008749-003/2024(H5N1)	209	331
PB2|PP755596.1|A/cattle/Texas/24-008749-003/2024(H5N1)	210	331
PB2|PP755596.1|A/cattle/Texas/24-008749-003/2024(H5N1)	211	320
PB2|PP755596.1|A/cattle/Texas/24-008749-003/2024(H5N1)	212	319
PB2|PP755596.1|A/cattle/Texas/24-008749-003/2024(H5N1)	213	319
PB2|PP755596.1|A/cattle/Texas/24-008749-003/2024(H5N1)	214	323
PB2|PP755596.1|A/cattle/Texas/24-008749-003/2024(H5N1)	215	326
PB2|PP755596.1|A/cattle/Texas/24-008749-003/2024(H5N1)	216	321
PB2|PP755596.1|A/cattle/Texas/24-008749-003/2024(H5N1)	217	320
PB2|PP755596.1|A/cattle/Texas/24-008749-003/2024(H5N1)	218	319
PB2|PP755596.1|A/cattle/Texas/24-008749-003/2024(H5N1)	219	316
PB2|PP755596.1|A/cattle/Texas/24-008749-003/2024(H5N1)	220	322
PB2|PP755596.1|A/cattle/Texas/24-008749-003/2024(H5N1)	221	326
PB2|PP755596.1|A/cattle/Texas/24-008749-003/2024(H5N1)	222	324
PB2|PP755596.1|A/cattle/Texas/24-008749-003/2024(H5N1)	223	312
PB2|PP755596.1|A/cattle/Texas/24-008749-003/2024(H5N1)	224	309
PB2|PP755596.1|A/cattle/Texas/24-008749-003/2024(H5N1)	225	309
PB2|PP755596.1|A/cattle/Texas/24-008749-003/2024(H5N1)	226	313
PB2|PP755596.1|A/cattle/Texas/24-008749-003/2024(H5N1)	227	314
PB2|PP755596.1|A/cattle/Texas/24-008749-003/2024(H5N1)	228	308
PB2|PP755596.1|A/cattle/Texas/24-008749-003/2024(H5N1)	229	312
PB2|PP755596.1|A/cattle/Texas/24-008749-003/2024(H5N1)	230	306
PB2|PP755596.1|A/cattle/Texas/24-008749-003/2024(H5N1)	231	307
PB2|PP755596.1|A/cattle/Texas/24-008749-003/2024(H5N1)	232	307
PB2|PP755596.1|A/cattle/Texas/24-008749-003/2024(H5N1)	233	307
PB2|PP755596.1|A/cattle/Texas/24-008749-003/2024(H5N1)	234	306
PB2|PP755596.1|A/cattle/Texas/24-008749-003/2024(H5N1)	235	302
PB2|PP755596.1|A/cattle/Texas/24-008749-003/2024(H5N1)	236	301
PB2|PP755596.1|A/cattle/Texas/24-008749-003/2024(H5N1)	237	302
PB2|PP755596.1|A/cattle/Texas/24-008749-003/2024(H5N1)	238	303
PB2|PP755596.1|A/cattle/Texas/24-008749-003/2024(H5N1)	239	309
PB2|PP755596.1|A/cattle/Texas/24-008749-003/2024(H5N1)	240	309
PB2|PP755596.1|A/cattle/Texas/24-008749-003/2024(H5N1)	241	309
PB2|PP755596.1|A/cattle/Texas/24-008749-003/2024(H5N1)	242	304
PB2|PP755596.1|A/cattle/Texas/24-008749-003/2024(H5N1)	243	308
PB2|PP755596.1|A/cattle/Texas/24-008749-003/2024(H5N1)	244	312
PB2|PP755596.1|A/cattle/Texas/24-008749-003/2024(H5N1)	245	319
PB2|PP755596.1|A/cattle/Texas/24-008749-003/2024(H5N1)	246	319
PB2|PP755596.1|A/cattle/Texas/24-008749-003/2024(H5N1)	247	315
PB2|PP755596.1|A/cattle/Texas/24-008749-003/2024(H5N1)	248	311
PB2|PP755596.1|A/cattle/Texas/24-008749-003/2024(H5N1)	249	317
PB2|PP755596.1|A/cattle/Texas/24-008749-003/2024(H5N1)	250	309
PB2|PP755596.1|A/cattle/Texas/24-008749-003/2024(H5N1)	251	320
PB2|PP755596.1|A/cattle/Texas/24-008749-003/2024(H5N1)	252	323
PB2|PP755596.1|A/cattle/Texas/24-008749-003/2024(H5N1)	253	325
PB2|PP755596.1|A/cattle/Texas/24-008749-003/2024(H5N1)	254	331
PB2|PP755596.1|A/cattle/Texas/24-008749-003/2024(H5N1)	255	332
PB2|PP755596.1|A/cattle/Texas/24-008749-003/2024(H5N1)	256	332
PB2|PP755596.1|A/cattle/Texas/24-008749-003/2024(H5N1)	257	331
PB2|PP755596.1|A/cattle/Texas/24-008749-003/2024(H5N1)	258	329
PB2|PP755596.1|A/cattle/Texas/24-008749-003/2024(H5N1)	259	333
PB2|PP755596.1|A/cattle/Texas/24-008749-003/2024(H5N1)	260	334
PB2|PP755596.1|A/cattle/Texas/24-008749-003/2024(H5N1)	261	335
PB2|PP755596.1|A/cattle/Texas/24-008749-003/2024(H5N1)	262	332
PB2|PP755596.1|A/cattle/Texas/24-008749-003/2024(H5N1)	263	334
PB2|PP755596.1|A/cattle/Texas/24-008749-003/2024(H5N1)	264	335
PB2|PP755596.1|A/cattle/Texas/24-008749-003/2024(H5N1)	265	335
PB2|PP755596.1|A/cattle/Texas/24-008749-003/2024(H5N1)	266	333
PB2|PP755596.1|A/cattle/Texas/24-008749-003/2024(H5N1)	267	333
PB2|PP755596.1|A/cattle/Texas/24-008749-003/2024(H5N1)	268	329
PB2|PP755596.1|A/cattle/Texas/24-008749-003/2024(H5N1)	269	319
PB2|PP755596.1|A/cattle/Texas/24-008749-003/2024(H5N1)	270	325
PB2|PP755596.1|A/cattle/Texas/24-008749-003/2024(H5N1)	271	333
PB2|PP755596.1|A/cattle/Texas/24-008749-003/2024(H5N1)	272	336
PB2|PP755596.1|A/cattle/Texas/24-008749-003/2024(H5N1)	273	334
PB2|PP755596.1|A/cattle/Texas/24-008749-003/2024(H5N1)	274	333
PB2|PP755596.1|A/cattle/Texas/24-008749-003/2024(H5N1)	275	327
PB2|PP755596.1|A/cattle/Texas/24-008749-003/2024(H5N1)	276	332
PB2|PP755596.1|A/cattle/Texas/24-008749-003/2024(H5N1)	277	347
PB2|PP755596.1|A/cattle/Texas/24-008749-003/2024(H5N1)	278	348
PB2|PP755596.1|A/cattle/Texas/24-008749-003/2024(H5N1)	279	348
PB2|PP755596.1|A/cattle/Texas/24-008749-003/2024(H5N1)	280	329
PB2|PP755596.1|A/cattle/Texas/24-008749-003/2024(H5N1)	281	328
PB2|PP755596.1|A/cattle/Texas/24-008749-003/2024(H5N1)	282	338
PB2|PP755596.1|A/cattle/Texas/24-008749-003/2024(H5N1)	283	338
PB2|PP755596.1|A/cattle/Texas/24-008749-003/2024(H5N1)	284	334
PB2|PP755596.1|A/cattle/Texas/24-008749-003/2024(H5N1)	285	328
PB2|PP755596.1|A/cattle/Texas/24-008749-003/2024(H5N1)	286	325
PB2|PP755596.1|A/cattle/Texas/24-008749-003/2024(H5N1)	287	323
PB2|PP755596.1|A/cattle/Texas/24-008749-003/2024(H5N1)	288	323
PB2|PP755596.1|A/cattle/Texas/24-008749-003/2024(H5N1)	289	323
PB2|PP755596.1|A/cattle/Texas/24-008749-003/2024(H5N1)	290	324
PB2|PP755596.1|A/cattle/Texas/24-008749-003/2024(H5N1)	291	318
PB2|PP755596.1|A/cattle/Texas/24-008749-003/2024(H5N1)	292	319
PB2|PP755596.1|A/cattle/Texas/24-008749-003/2024(H5N1)	293	317
PB2|PP755596.1|A/cattle/Texas/24-008749-003/2024(H5N1)	294	322
PB2|PP755596.1|A/cattle/Texas/24-008749-003/2024(H5N1)	295	346
PB2|PP755596.1|A/cattle/Texas/24-008749-003/2024(H5N1)	296	346
PB2|PP755596.1|A/cattle/Texas/24-008749-003/2024(H5N1)	297	349
PB2|PP755596.1|A/cattle/Texas/24-008749-003/2024(H5N1)	298	347
PB2|PP755596.1|A/cattle/Texas/24-008749-003/2024(H5N1)	299	347
PB2|PP755596.1|A/cattle/Texas/24-008749-003/2024(H5N1)	300	353
PB2|PP755596.1|A/cattle/Texas/24-008749-003/2024(H5N1)	301	353
PB2|PP755596.1|A/cattle/Texas/24-008749-003/2024(H5N1)	302	355
PB2|PP755596.1|A/cattle/Texas/24-008749-003/2024(H5N1)	303	351
PB2|PP755596.1|A/cattle/Texas/24-008749-003/2024(H5N1)	304	350
PB2|PP755596.1|A/cattle/Texas/24-008749-003/2024(H5N1)	305	351
PB2|PP755596.1|A/cattle/Texas/24-008749-003/2024(H5N1)	306	345
PB2|PP755596.1|A/cattle/Texas/24-008749-003/2024(H5N1)	307	345
PB2|PP755596.1|A/cattle/Texas/24-008749-003/2024(H5N1)	308	346
PB2|PP755596.1|A/cattle/Texas/24-008749-003/2024(H5N1)	309	346
PB2|PP755596.1|A/cattle/Texas/24-008749-003/2024(H5N1)	310	370
PB2|PP755596.1|A/cattle/Texas/24-008749-003/2024(H5N1)	311	367
PB2|PP755596.1|A/cattle/Texas/24-008749-003/2024(H5N1)	312	369
PB2|PP755596.1|A/cattle/Texas/24-008749-003/2024(H5N1)	313	370
PB2|PP755596.1|A/cattle/Texas/24-008749-003/2024(H5N1)	314	369
PB2|PP755596.1|A/cattle/Texas/24-008749-003/2024(H5N1)	315	372
PB2|PP755596.1|A/cattle/Texas/24-008749-003/2024(H5N1)	316	371
PB2|PP755596.1|A/cattle/Texas/24-008749-003/2024(H5N1)	317	369
PB2|PP755596.1|A/cattle/Texas/24-008749-003/2024(H5N1)	318	369
PB2|PP755596.1|A/cattle/Texas/24-008749-003/2024(H5N1)	319	360
PB2|PP755596.1|A/cattle/Texas/24-008749-003/2024(H5N1)	320	363
PB2|PP755596.1|A/cattle/Texas/24-008749-003/2024(H5N1)	321	363
PB2|PP755596.1|A/cattle/Texas/24-008749-003/2024(H5N1)	322	368
PB2|PP755596.1|A/cattle/Texas/24-008749-003/2024(H5N1)	323	364
PB2|PP755596.1|A/cattle/Texas/24-008749-003/2024(H5N1)	324	361
PB2|PP755596.1|A/cattle/Texas/24-008749-003/2024(H5N1)	325	365
PB2|PP755596.1|A/cattle/Texas/24-008749-003/2024(H5N1)	326	357
PB2|PP755596.1|A/cattle/Texas/24-008749-003/2024(H5N1)	327	360
PB2|PP755596.1|A/cattle/Texas/24-008749-003/2024(H5N1)	328	358
PB2|PP755596.1|A/cattle/Texas/24-008749-003/2024(H5N1)	329	351
PB2|PP755596.1|A/cattle/Texas/24-008749-003/2024(H5N1)	330	348
PB2|PP755596.1|A/cattle/Texas/24-008749-003/2024(H5N1)	331	348
PB2|PP755596.1|A/cattle/Texas/24-008749-003/2024(H5N1)	332	371
PB2|PP755596.1|A/cattle/Texas/24-008749-003/2024(H5N1)	333	372
PB2|PP755596.1|A/cattle/Texas/24-008749-003/2024(H5N1)	334	369
PB2|PP755596.1|A/cattle/Texas/24-008749-003/2024(H5N1)	335	371
PB2|PP755596.1|A/cattle/Texas/24-008749-003/2024(H5N1)	336	368
PB2|PP755596.1|A/cattle/Texas/24-008749-003/2024(H5N1)	337	371
PB2|PP755596.1|A/cattle/Texas/24-008749-003/2024(H5N1)	338	371
PB2|PP755596.1|A/cattle/Texas/24-008749-003/2024(H5N1)	339	381
PB2|PP755596.1|A/cattle/Texas/24-008749-003/2024(H5N1)	340	393
PB2|PP755596.1|A/cattle/Texas/24-008749-003/2024(H5N1)	341	370
PB2|PP755596.1|A/cattle/Texas/24-008749-003/2024(H5N1)	342	371
PB2|PP755596.1|A/cattle/Texas/24-008749-003/2024(H5N1)	343	373
PB2|PP755596.1|A/cattle/Texas/24-008749-003/2024(H5N1)	344	373
PB2|PP755596.1|A/cattle/Texas/24-008749-003/2024(H5N1)	345	373
PB2|PP755596.1|A/cattle/Texas/24-008749-003/2024(H5N1)	346	371
PB2|PP755596.1|A/cattle/Texas/24-008749-003/2024(H5N1)	347	371
PB2|PP755596.1|A/cattle/Texas/24-008749-003/2024(H5N1)	348	363
PB2|PP755596.1|A/cattle/Texas/24-008749-003/2024(H5N1)	349	364
PB2|PP755596.1|A/cattle/Texas/24-008749-003/2024(H5N1)	350	362
PB2|PP755596.1|A/cattle/Texas/24-008749-003/2024(H5N1)	351	365
PB2|PP755596.1|A/cattle/Texas/24-008749-003/2024(H5N1)	352	365
PB2|PP755596.1|A/cattle/Texas/24-008749-003/2024(H5N1)	353	364
PB2|PP755596.1|A/cattle/Texas/24-008749-003/2024(H5N1)	354	363
PB2|PP755596.1|A/cattle/Texas/24-008749-003/2024(H5N1)	355	363
PB2|PP755596.1|A/cattle/Texas/24-008749-003/2024(H5N1)	356	363
PB2|PP755596.1|A/cattle/Texas/24-008749-003/2024(H5N1)	357	363
PB2|PP755596.1|A/cattle/Texas/24-008749-003/2024(H5N1)	358	363
PB2|PP755596.1|A/cattle/Texas/24-008749-003/2024(H5N1)	359	363
PB2|PP755596.1|A/cattle/Texas/24-008749-003/2024(H5N1)	360	358
PB2|PP755596.1|A/cattle/Texas/24-008749-003/2024(H5N1)	361	359
PB2|PP755596.1|A/cattle/Texas/24-008749-003/2024(H5N1)	362	359
PB2|PP755596.1|A/cattle/Texas/24-008749-003/2024(H5N1)	363	359
PB2|PP755596.1|A/cattle/Texas/24-008749-003/2024(H5N1)	364	367
PB2|PP755596.1|A/cattle/Texas/24-008749-003/2024(H5N1)	365	365
PB2|PP755596.1|A/cattle/Texas/24-008749-003/2024(H5N1)	366	363
PB2|PP755596.1|A/cattle/Texas/24-008749-003/2024(H5N1)	367	363
PB2|PP755596.1|A/cattle/Texas/24-008749-003/2024(H5N1)	368	363
PB2|PP755596.1|A/cattle/Texas/24-008749-003/2024(H5N1)	369	368
PB2|PP755596.1|A/cattle/Texas/24-008749-003/2024(H5N1)	370	368
PB2|PP755596.1|A/cattle/Texas/24-008749-003/2024(H5N1)	371	368
PB2|PP755596.1|A/cattle/Texas/24-008749-003/2024(H5N1)	372	364
PB2|PP755596.1|A/cattle/Texas/24-008749-003/2024(H5N1)	373	362
PB2|PP755596.1|A/cattle/Texas/24-008749-003/2024(H5N1)	374	362
PB2|PP755596.1|A/cattle/Texas/24-008749-003/2024(H5N1)	375	362
PB2|PP755596.1|A/cattle/Texas/24-008749-003/2024(H5N1)	376	362
PB2|PP755596.1|A/cattle/Texas/24-008749-003/2024(H5N1)	377	358
PB2|PP755596.1|A/cattle/Texas/24-008749-003/2024(H5N1)	378	360
PB2|PP755596.1|A/cattle/Texas/24-008749-003/2024(H5N1)	379	363
PB2|PP755596.1|A/cattle/Texas/24-008749-003/2024(H5N1)	380	361
PB2|PP755596.1|A/cattle/Texas/24-008749-003/2024(H5N1)	381	361
PB2|PP755596.1|A/cattle/Texas/24-008749-003/2024(H5N1)	382	360
PB2|PP755596.1|A/cattle/Texas/24-008749-003/2024(H5N1)	383	361
PB2|PP755596.1|A/cattle/Texas/24-008749-003/2024(H5N1)	384	361
PB2|PP755596.1|A/cattle/Texas/24-008749-003/2024(H5N1)	385	373
PB2|PP755596.1|A/cattle/Texas/24-008749-003/2024(H5N1)	386	382
PB2|PP755596.1|A/cattle/Texas/24-008749-003/2024(H5N1)	387	385
PB2|PP755596.1|A/cattle/Texas/24-008749-003/2024(H5N1)	388	381
PB2|PP755596.1|A/cattle/Texas/24-008749-003/2024(H5N1)	389	380
PB2|PP755596.1|A/cattle/Texas/24-008749-003/2024(H5N1)	390	374
PB2|PP755596.1|A/cattle/Texas/24-008749-003/2024(H5N1)	391	374
PB2|PP755596.1|A/cattle/Texas/24-008749-003/2024(H5N1)	392	393
PB2|PP755596.1|A/cattle/Texas/24-008749-003/2024(H5N1)	393	395
PB2|PP755596.1|A/cattle/Texas/24-008749-003/2024(H5N1)	394	388
PB2|PP755596.1|A/cattle/Texas/24-008749-003/2024(H5N1)	395	385
PB2|PP755596.1|A/cattle/Texas/24-008749-003/2024(H5N1)	396	376
PB2|PP755596.1|A/cattle/Texas/24-008749-003/2024(H5N1)	397	383
PB2|PP755596.1|A/cattle/Texas/24-008749-003/2024(H5N1)	398	383
PB2|PP755596.1|A/cattle/Texas/24-008749-003/2024(H5N1)	399	385
PB2|PP755596.1|A/cattle/Texas/24-008749-003/2024(H5N1)	400	380
PB2|PP755596.1|A/cattle/Texas/24-008749-003/2024(H5N1)	401	360
PB2|PP755596.1|A/cattle/Texas/24-008749-003/2024(H5N1)	402	364
PB2|PP755596.1|A/cattle/Texas/24-008749-003/2024(H5N1)	403	357
PB2|PP755596.1|A/cattle/Texas/24-008749-003/2024(H5N1)	404	357
PB2|PP755596.1|A/cattle/Texas/24-008749-003/2024(H5N1)	405	352
PB2|PP755596.1|A/cattle/Texas/24-008749-003/2024(H5N1)	406	344
PB2|PP755596.1|A/cattle/Texas/24-008749-003/2024(H5N1)	407	311
PB2|PP755596.1|A/cattle/Texas/24-008749-003/2024(H5N1)	408	314
PB2|PP755596.1|A/cattle/Texas/24-008749-003/2024(H5N1)	409	315
PB2|PP755596.1|A/cattle/Texas/24-008749-003/2024(H5N1)	410	313
PB2|PP755596.1|A/cattle/Texas/24-008749-003/2024(H5N1)	411	313
PB2|PP755596.1|A/cattle/Texas/24-008749-003/2024(H5N1)	412	314
PB2|PP755596.1|A/cattle/Texas/24-008749-003/2024(H5N1)	413	313
PB2|PP755596.1|A/cattle/Texas/24-008749-003/2024(H5N1)	414	308
PB2|PP755596.1|A/cattle/Texas/24-008749-003/2024(H5N1)	415	304
PB2|PP755596.1|A/cattle/Texas/24-008749-003/2024(H5N1)	416	304
PB2|PP755596.1|A/cattle/Texas/24-008749-003/2024(H5N1)	417	304
PB2|PP755596.1|A/cattle/Texas/24-008749-003/2024(H5N1)	418	304
PB2|PP755596.1|A/cattle/Texas/24-008749-003/2024(H5N1)	419	306
PB2|PP755596.1|A/cattle/Texas/24-008749-003/2024(H5N1)	420	307
PB2|PP755596.1|A/cattle/Texas/24-008749-003/2024(H5N1)	421	302
PB2|PP755596.1|A/cattle/Texas/24-008749-003/2024(H5N1)	422	296
PB2|PP755596.1|A/cattle/Texas/24-008749-003/2024(H5N1)	423	293
PB2|PP755596.1|A/cattle/Texas/24-008749-003/2024(H5N1)	424	293
PB2|PP755596.1|A/cattle/Texas/24-008749-003/2024(H5N1)	425	296
PB2|PP755596.1|A/cattle/Texas/24-008749-003/2024(H5N1)	426	296
PB2|PP755596.1|A/cattle/Texas/24-008749-003/2024(H5N1)	427	288
PB2|PP755596.1|A/cattle/Texas/24-008749-003/2024(H5N1)	428	284
PB2|PP755596.1|A/cattle/Texas/24-008749-003/2024(H5N1)	429	285
PB2|PP755596.1|A/cattle/Texas/24-008749-003/2024(H5N1)	430	289
PB2|PP755596.1|A/cattle/Texas/24-008749-003/2024(H5N1)	431	290
PB2|PP755596.1|A/cattle/Texas/24-008749-003/2024(H5N1)	432	290
PB2|PP755596.1|A/cattle/Texas/24-008749-003/2024(H5N1)	433	288
PB2|PP755596.1|A/cattle/Texas/24-008749-003/2024(H5N1)	434	287
PB2|PP755596.1|A/cattle/Texas/24-008749-003/2024(H5N1)	435	307
PB2|PP755596.1|A/cattle/Texas/24-008749-003/2024(H5N1)	436	307
PB2|PP755596.1|A/cattle/Texas/24-008749-003/2024(H5N1)	437	329
PB2|PP755596.1|A/cattle/Texas/24-008749-003/2024(H5N1)	438	330
PB2|PP755596.1|A/cattle/Texas/24-008749-003/2024(H5N1)	439	330
PB2|PP755596.1|A/cattle/Texas/24-008749-003/2024(H5N1)	440	330
PB2|PP755596.1|A/cattle/Texas/24-008749-003/2024(H5N1)	441	329
PB2|PP755596.1|A/cattle/Texas/24-008749-003/2024(H5N1)	442	331
PB2|PP755596.1|A/cattle/Texas/24-008749-003/2024(H5N1)	443	330
PB2|PP755596.1|A/cattle/Texas/24-008749-003/2024(H5N1)	444	325
PB2|PP755596.1|A/cattle/Texas/24-008749-003/2024(H5N1)	445	324
PB2|PP755596.1|A/cattle/Texas/24-008749-003/2024(H5N1)	446	297
PB2|PP755596.1|A/cattle/Texas/24-008749-003/2024(H5N1)	447	301
PB2|PP755596.1|A/cattle/Texas/24-008749-003/2024(H5N1)	448	298
PB2|PP755596.1|A/cattle/Texas/24-008749-003/2024(H5N1)	449	298
PB2|PP755596.1|A/cattle/Texas/24-008749-003/2024(H5N1)	450	297
PB2|PP755596.1|A/cattle/Texas/24-008749-003/2024(H5N1)	451	292
PB2|PP755596.1|A/cattle/Texas/24-008749-003/2024(H5N1)	452	305
PB2|PP755596.1|A/cattle/Texas/24-008749-003/2024(H5N1)	453	302
PB2|PP755596.1|A/cattle/Texas/24-008749-003/2024(H5N1)	454	305
PB2|PP755596.1|A/cattle/Texas/24-008749-003/2024(H5N1)	455	305
PB2|PP755596.1|A/cattle/Texas/24-008749-003/2024(H5N1)	456	305
PB2|PP755596.1|A/cattle/Texas/24-008749-003/2024(H5N1)	457	305
PB2|PP755596.1|A/cattle/Texas/24-008749-003/2024(H5N1)	458	314
PB2|PP755596.1|A/cattle/Texas/24-008749-003/2024(H5N1)	459	316
PB2|PP755596.1|A/cattle/Texas/24-008749-003/2024(H5N1)	460	316
PB2|PP755596.1|A/cattle/Texas/24-008749-003/2024(H5N1)	461	289
PB2|PP755596.1|A/cattle/Texas/24-008749-003/2024(H5N1)	462	289
PB2|PP755596.1|A/cattle/Texas/24-008749-003/2024(H5N1)	463	285
PB2|PP755596.1|A/cattle/Texas/24-008749-003/2024(H5N1)	464	291
PB2|PP755596.1|A/cattle/Texas/24-008749-003/2024(H5N1)	465	303
PB2|PP755596.1|A/cattle/Texas/24-008749-003/2024(H5N1)	466	301
PB2|PP755596.1|A/cattle/Texas/24-008749-003/2024(H5N1)	467	308
PB2|PP755596.1|A/cattle/Texas/24-008749-003/2024(H5N1)	468	307
PB2|PP755596.1|A/cattle/Texas/24-008749-003/2024(H5N1)	469	307
PB2|PP755596.1|A/cattle/Texas/24-008749-003/2024(H5N1)	470	311
PB2|PP755596.1|A/cattle/Texas/24-008749-003/2024(H5N1)	471	307
PB2|PP755596.1|A/cattle/Texas/24-008749-003/2024(H5N1)	472	309
PB2|PP755596.1|A/cattle/Texas/24-008749-003/2024(H5N1)	473	304
PB2|PP755596.1|A/cattle/Texas/24-008749-003/2024(H5N1)	474	311
PB2|PP755596.1|A/cattle/Texas/24-008749-003/2024(H5N1)	475	312
PB2|PP755596.1|A/cattle/Texas/24-008749-003/2024(H5N1)	476	310
PB2|PP755596.1|A/cattle/Texas/24-008749-003/2024(H5N1)	477	310
PB2|PP755596.1|A/cattle/Texas/24-008749-003/2024(H5N1)	478	308
PB2|PP755596.1|A/cattle/Texas/24-008749-003/2024(H5N1)	479	308
PB2|PP755596.1|A/cattle/Texas/24-008749-003/2024(H5N1)	480	324
PB2|PP755596.1|A/cattle/Texas/24-008749-003/2024(H5N1)	481	326
PB2|PP755596.1|A/cattle/Texas/24-008749-003/2024(H5N1)	482	330
PB2|PP755596.1|A/cattle/Texas/24-008749-003/2024(H5N1)	483	313
PB2|PP755596.1|A/cattle/Texas/24-008749-003/2024(H5N1)	484	311
PB2|PP755596.1|A/cattle/Texas/24-008749-003/2024(H5N1)	485	311
PB2|PP755596.1|A/cattle/Texas/24-008749-003/2024(H5N1)	486	313
PB2|PP755596.1|A/cattle/Texas/24-008749-003/2024(H5N1)	487	314
PB2|PP755596.1|A/cattle/Texas/24-008749-003/2024(H5N1)	488	315
PB2|PP755596.1|A/cattle/Texas/24-008749-003/2024(H5N1)	489	292
PB2|PP755596.1|A/cattle/Texas/24-008749-003/2024(H5N1)	490	291
PB2|PP755596.1|A/cattle/Texas/24-008749-003/2024(H5N1)	491	291
PB2|PP755596.1|A/cattle/Texas/24-008749-003/2024(H5N1)	492	294
PB2|PP755596.1|A/cattle/Texas/24-008749-003/2024(H5N1)	493	296
PB2|PP755596.1|A/cattle/Texas/24-008749-003/2024(H5N1)	494	296
PB2|PP755596.1|A/cattle/Texas/24-008749-003/2024(H5N1)	495	296
PB2|PP755596.1|A/cattle/Texas/24-008749-003/2024(H5N1)	496	296
PB2|PP755596.1|A/cattle/Texas/24-008749-003/2024(H5N1)	497	297
PB2|PP755596.1|A/cattle/Texas/24-008749-003/2024(H5N1)	498	299
PB2|PP755596.1|A/cattle/Texas/24-008749-003/2024(H5N1)	499	299
PB2|PP755596.1|A/cattle/Texas/24-008749-003/2024(H5N1)	500	303
PB2|PP755596.1|A/cattle/Texas/24-008749-003/2024(H5N1)	501	306
PB2|PP755596.1|A/cattle/Texas/24-008749-003/2024(H5N1)	502	301
PB2|PP755596.1|A/cattle/Texas/24-008749-003/2024(H5N1)	503	302
PB2|PP755596.1|A/cattle/Texas/24-008749-003/2024(H5N1)	504	303
PB2|PP755596.1|A/cattle/Texas/24-008749-003/2024(H5N1)	505	305
PB2|PP755596.1|A/cattle/Texas/24-008749-003/2024(H5N1)	506	307
PB2|PP755596.1|A/cattle/Texas/24-008749-003/2024(H5N1)	507	307
PB2|PP755596.1|A/cattle/Texas/24-008749-003/2024(H5N1)	508	307
PB2|PP755596.1|A/cattle/Texas/24-008749-003/2024(H5N1)	509	309
PB2|PP755596.1|A/cattle/Texas/24-008749-003/2024(H5N1)	510	309
PB2|PP755596.1|A/cattle/Texas/24-008749-003/2024(H5N1)	511	309
PB2|PP755596.1|A/cattle/Texas/24-008749-003/2024(H5N1)	512	312
PB2|PP755596.1|A/cattle/Texas/24-008749-003/2024(H5N1)	513	312
PB2|PP755596.1|A/cattle/Texas/24-008749-003/2024(H5N1)	514	315
PB2|PP755596.1|A/cattle/Texas/24-008749-003/2024(H5N1)	515	308
PB2|PP755596.1|A/cattle/Texas/24-008749-003/2024(H5N1)	516	308
PB2|PP755596.1|A/cattle/Texas/24-008749-003/2024(H5N1)	517	307
PB2|PP755596.1|A/cattle/Texas/24-008749-003/2024(H5N1)	518	308
PB2|PP755596.1|A/cattle/Texas/24-008749-003/2024(H5N1)	519	308
PB2|PP755596.1|A/cattle/Texas/24-008749-003/2024(H5N1)	520	309
PB2|PP755596.1|A/cattle/Texas/24-008749-003/2024(H5N1)	521	305
PB2|PP755596.1|A/cattle/Texas/24-008749-003/2024(H5N1)	522	305
PB2|PP755596.1|A/cattle/Texas/24-008749-003/2024(H5N1)	523	311
PB2|PP755596.1|A/cattle/Texas/24-008749-003/2024(H5N1)	524	313
PB2|PP755596.1|A/cattle/Texas/24-008749-003/2024(H5N1)	525	314
PB2|PP755596.1|A/cattle/Texas/24-008749-003/2024(H5N1)	526	320
PB2|PP755596.1|A/cattle/Texas/24-008749-003/2024(H5N1)	527	324
PB2|PP755596.1|A/cattle/Texas/24-008749-003/2024(H5N1)	528	324
PB2|PP755596.1|A/cattle/Texas/24-008749-003/2024(H5N1)	529	323
PB2|PP755596.1|A/cattle/Texas/24-008749-003/2024(H5N1)	530	320
PB2|PP755596.1|A/cattle/Texas/24-008749-003/2024(H5N1)	531	320
PB2|PP755596.1|A/cattle/Texas/24-008749-003/2024(H5N1)	532	320
PB2|PP755596.1|A/cattle/Texas/24-008749-003/2024(H5N1)	533	318
PB2|PP755596.1|A/cattle/Texas/24-008749-003/2024(H5N1)	534	318
PB2|PP755596.1|A/cattle/Texas/24-008749-003/2024(H5N1)	535	317
PB2|PP755596.1|A/cattle/Texas/24-008749-003/2024(H5N1)	536	304
PB2|PP755596.1|A/cattle/Texas/24-008749-003/2024(H5N1)	537	304
PB2|PP755596.1|A/cattle/Texas/24-008749-003/2024(H5N1)	538	309
PB2|PP755596.1|A/cattle/Texas/24-008749-003/2024(H5N1)	539	313
PB2|PP755596.1|A/cattle/Texas/24-008749-003/2024(H5N1)	540	313
PB2|PP755596.1|A/cattle/Texas/24-008749-003/2024(H5N1)	541	324
PB2|PP755596.1|A/cattle/Texas/24-008749-003/2024(H5N1)	542	305
PB2|PP755596.1|A/cattle/Texas/24-008749-003/2024(H5N1)	543	306
PB2|PP755596.1|A/cattle/Texas/24-008749-003/2024(H5N1)	544	303
PB2|PP755596.1|A/cattle/Texas/24-008749-003/2024(H5N1)	545	303
PB2|PP755596.1|A/cattle/Texas/24-008749-003/2024(H5N1)	546	304
PB2|PP755596.1|A/cattle/Texas/24-008749-003/2024(H5N1)	547	302
PB2|PP755596.1|A/cattle/Texas/24-008749-003/2024(H5N1)	548	295
PB2|PP755596.1|A/cattle/Texas/24-008749-003/2024(H5N1)	549	297
PB2|PP755596.1|A/cattle/Texas/24-008749-003/2024(H5N1)	550	298
PB2|PP755596.1|A/cattle/Texas/24-008749-003/2024(H5N1)	551	302
PB2|PP755596.1|A/cattle/Texas/24-008749-003/2024(H5N1)	552	302
PB2|PP755596.1|A/cattle/Texas/24-008749-003/2024(H5N1)	553	296
PB2|PP755596.1|A/cattle/Texas/24-008749-003/2024(H5N1)	554	299
PB2|PP755596.1|A/cattle/Texas/24-008749-003/2024(H5N1)	555	299
PB2|PP755596.1|A/cattle/Texas/24-008749-003/2024(H5N1)	556	299
PB2|PP755596.1|A/cattle/Texas/24-008749-003/2024(H5N1)	557	299
PB2|PP755596.1|A/cattle/Texas/24-008749-003/2024(H5N1)	558	294
PB2|PP755596.1|A/cattle/Texas/24-008749-003/2024(H5N1)	559	294
PB2|PP755596.1|A/cattle/Texas/24-008749-003/2024(H5N1)	560	293
PB2|PP755596.1|A/cattle/Texas/24-008749-003/2024(H5N1)	561	296
PB2|PP755596.1|A/cattle/Texas/24-008749-003/2024(H5N1)	562	297
PB2|PP755596.1|A/cattle/Texas/24-008749-003/2024(H5N1)	563	297
PB2|PP755596.1|A/cattle/Texas/24-008749-003/2024(H5N1)	564	297
PB2|PP755596.1|A/cattle/Texas/24-008749-003/2024(H5N1)	565	297
PB2|PP755596.1|A/cattle/Texas/24-008749-003/2024(H5N1)	566	299
PB2|PP755596.1|A/cattle/Texas/24-008749-003/2024(H5N1)	567	299
PB2|PP755596.1|A/cattle/Texas/24-008749-003/2024(H5N1)	568	307
PB2|PP755596.1|A/cattle/Texas/24-008749-003/2024(H5N1)	569	307
PB2|PP755596.1|A/cattle/Texas/24-008749-003/2024(H5N1)	570	303
PB2|PP755596.1|A/cattle/Texas/24-008749-003/2024(H5N1)	571	305
PB2|PP755596.1|A/cattle/Texas/24-008749-003/2024(H5N1)	572	306
PB2|PP755596.1|A/cattle/Texas/24-008749-003/2024(H5N1)	573	306
PB2|PP755596.1|A/cattle/Texas/24-008749-003/2024(H5N1)	574	313
PB2|PP755596.1|A/cattle/Texas/24-008749-003/2024(H5N1)	575	315
PB2|PP755596.1|A/cattle/Texas/24-008749-003/2024(H5N1)	576	312
PB2|PP755596.1|A/cattle/Texas/24-008749-003/2024(H5N1)	577	329
PB2|PP755596.1|A/cattle/Texas/24-008749-003/2024(H5N1)	578	329
PB2|PP755596.1|A/cattle/Texas/24-008749-003/2024(H5N1)	579	332
PB2|PP755596.1|A/cattle/Texas/24-008749-003/2024(H5N1)	580	328
PB2|PP755596.1|A/cattle/Texas/24-008749-003/2024(H5N1)	581	328
PB2|PP755596.1|A/cattle/Texas/24-008749-003/2024(H5N1)	582	330
PB2|PP755596.1|A/cattle/Texas/24-008749-003/2024(H5N1)	583	332
PB2|PP755596.1|A/cattle/Texas/24-008749-003/2024(H5N1)	584	358
PB2|PP755596.1|A/cattle/Texas/24-008749-003/2024(H5N1)	585	340
PB2|PP755596.1|A/cattle/Texas/24-008749-003/2024(H5N1)	586	318
PB2|PP755596.1|A/cattle/Texas/24-008749-003/2024(H5N1)	587	320
PB2|PP755596.1|A/cattle/Texas/24-008749-003/2024(H5N1)	588	324
PB2|PP755596.1|A/cattle/Texas/24-008749-003/2024(H5N1)	589	325
PB2|PP755596.1|A/cattle/Texas/24-008749-003/2024(H5N1)	590	325
PB2|PP755596.1|A/cattle/Texas/24-008749-003/2024(H5N1)	591	325
PB2|PP755596.1|A/cattle/Texas/24-008749-003/2024(H5N1)	592	328
PB2|PP755596.1|A/cattle/Texas/24-008749-003/2024(H5N1)	593	326
PB2|PP755596.1|A/cattle/Texas/24-008749-003/2024(H5N1)	594	326
PB2|PP755596.1|A/cattle/Texas/24-008749-003/2024(H5N1)	595	326
PB2|PP755596.1|A/cattle/Texas/24-008749-003/2024(H5N1)	596	326
PB2|PP755596.1|A/cattle/Texas/24-008749-003/2024(H5N1)	597	322
PB2|PP755596.1|A/cattle/Texas/24-008749-003/2024(H5N1)	598	325
PB2|PP755596.1|A/cattle/Texas/24-008749-003/2024(H5N1)	599	327
PB2|PP755596.1|A/cattle/Texas/24-008749-003/2024(H5N1)	600	338
PB2|PP755596.1|A/cattle/Texas/24-008749-003/2024(H5N1)	601	323
PB2|PP755596.1|A/cattle/Texas/24-008749-003/2024(H5N1)	602	323
PB2|PP755596.1|A/cattle/Texas/24-008749-003/2024(H5N1)	603	323
PB2|PP755596.1|A/cattle/Texas/24-008749-003/2024(H5N1)	604	326
PB2|PP755596.1|A/cattle/Texas/24-008749-003/2024(H5N1)	605	327
PB2|PP755596.1|A/cattle/Texas/24-008749-003/2024(H5N1)	606	328
PB2|PP755596.1|A/cattle/Texas/24-008749-003/2024(H5N1)	607	336
PB2|PP755596.1|A/cattle/Texas/24-008749-003/2024(H5N1)	608	332
PB2|PP755596.1|A/cattle/Texas/24-008749-003/2024(H5N1)	609	322
PB2|PP755596.1|A/cattle/Texas/24-008749-003/2024(H5N1)	610	319
PB2|PP755596.1|A/cattle/Texas/24-008749-003/2024(H5N1)	611	319
PB2|PP755596.1|A/cattle/Texas/24-008749-003/2024(H5N1)	612	320
PB2|PP755596.1|A/cattle/Texas/24-008749-003/2024(H5N1)	613	320
PB2|PP755596.1|A/cattle/Texas/24-008749-003/2024(H5N1)	614	322
PB2|PP755596.1|A/cattle/Texas/24-008749-003/2024(H5N1)	615	312
PB2|PP755596.1|A/cattle/Texas/24-008749-003/2024(H5N1)	616	300
PB2|PP755596.1|A/cattle/Texas/24-008749-003/2024(H5N1)	617	299
PB2|PP755596.1|A/cattle/Texas/24-008749-003/2024(H5N1)	618	294
PB2|PP755596.1|A/cattle/Texas/24-008749-003/2024(H5N1)	619	300
PB2|PP755596.1|A/cattle/Texas/24-008749-003/2024(H5N1)	620	301
PB2|PP755596.1|A/cattle/Texas/24-008749-003/2024(H5N1)	621	297
PB2|PP755596.1|A/cattle/Texas/24-008749-003/2024(H5N1)	622	297
PB2|PP755596.1|A/cattle/Texas/24-008749-003/2024(H5N1)	623	311
PB2|PP755596.1|A/cattle/Texas/24-008749-003/2024(H5N1)	624	315
PB2|PP755596.1|A/cattle/Texas/24-008749-003/2024(H5N1)	625	311
PB2|PP755596.1|A/cattle/Texas/24-008749-003/2024(H5N1)	626	314
PB2|PP755596.1|A/cattle/Texas/24-008749-003/2024(H5N1)	627	312
PB2|PP755596.1|A/cattle/Texas/24-008749-003/2024(H5N1)	628	317
PB2|PP755596.1|A/cattle/Texas/24-008749-003/2024(H5N1)	629	319
PB2|PP755596.1|A/cattle/Texas/24-008749-003/2024(H5N1)	630	319
PB2|PP755596.1|A/cattle/Texas/24-008749-003/2024(H5N1)	631	305
PB2|PP755596.1|A/cattle/Texas/24-008749-003/2024(H5N1)	632	301
PB2|PP755596.1|A/cattle/Texas/24-008749-003/2024(H5N1)	633	301
PB2|PP755596.1|A/cattle/Texas/24-008749-003/2024(H5N1)	634	302
PB2|PP755596.1|A/cattle/Texas/24-008749-003/2024(H5N1)	635	305
PB2|PP755596.1|A/cattle/Texas/24-008749-003/2024(H5N1)	636	305
PB2|PP755596.1|A/cattle/Texas/24-008749-003/2024(H5N1)	637	302
PB2|PP755596.1|A/cattle/Texas/24-008749-003/2024(H5N1)	638	302
PB2|PP755596.1|A/cattle/Texas/24-008749-003/2024(H5N1)	639	298
PB2|PP755596.1|A/cattle/Texas/24-008749-003/2024(H5N1)	640	298
PB2|PP755596.1|A/cattle/Texas/24-008749-003/2024(H5N1)	641	304
PB2|PP755596.1|A/cattle/Texas/24-008749-003/2024(H5N1)	642	306
PB2|PP755596.1|A/cattle/Texas/24-008749-003/2024(H5N1)	643	304
PB2|PP755596.1|A/cattle/Texas/24-008749-003/2024(H5N1)	644	300
PB2|PP755596.1|A/cattle/Texas/24-008749-003/2024(H5N1)	645	302
PB2|PP755596.1|A/cattle/Texas/24-008749-003/2024(H5N1)	646	306
PB2|PP755596.1|A/cattle/Texas/24-008749-003/2024(H5N1)	647	310
PB2|PP755596.1|A/cattle/Texas/24-008749-003/2024(H5N1)	648	313
PB2|PP755596.1|A/cattle/Texas/24-008749-003/2024(H5N1)	649	315
PB2|PP755596.1|A/cattle/Texas/24-008749-003/2024(H5N1)	650	314
PB2|PP755596.1|A/cattle/Texas/24-008749-003/2024(H5N1)	651	316
PB2|PP755596.1|A/cattle/Texas/24-008749-003/2024(H5N1)	652	312
PB2|PP755596.1|A/cattle/Texas/24-008749-003/2024(H5N1)	653	311
PB2|PP755596.1|A/cattle/Texas/24-008749-003/2024(H5N1)	654	314
PB2|PP755596.1|A/cattle/Texas/24-008749-003/2024(H5N1)	655	312
PB2|PP755596.1|A/cattle/Texas/24-008749-003/2024(H5N1)	656	311
PB2|PP755596.1|A/cattle/Texas/24-008749-003/2024(H5N1)	657	309
PB2|PP755596.1|A/cattle/Texas/24-008749-003/2024(H5N1)	658	310
PB2|PP755596.1|A/cattle/Texas/24-008749-003/2024(H5N1)	659	310
PB2|PP755596.1|A/cattle/Texas/24-008749-003/2024(H5N1)	660	308
PB2|PP755596.1|A/cattle/Texas/24-008749-003/2024(H5N1)	661	308
PB2|PP755596.1|A/cattle/Texas/24-008749-003/2024(H5N1)	662	303
PB2|PP755596.1|A/cattle/Texas/24-008749-003/2024(H5N1)	663	303
PB2|PP755596.1|A/cattle/Texas/24-008749-003/2024(H5N1)	664	305
PB2|PP755596.1|A/cattle/Texas/24-008749-003/2024(H5N1)	665	309
PB2|PP755596.1|A/cattle/Texas/24-008749-003/2024(H5N1)	666	309
PB2|PP755596.1|A/cattle/Texas/24-008749-003/2024(H5N1)	667	310
PB2|PP755596.1|A/cattle/Texas/24-008749-003/2024(H5N1)	668	313
PB2|PP755596.1|A/cattle/Texas/24-008749-003/2024(H5N1)	669	313
PB2|PP755596.1|A/cattle/Texas/24-008749-003/2024(H5N1)	670	313
PB2|PP755596.1|A/cattle/Texas/24-008749-003/2024(H5N1)	671	317
PB2|PP755596.1|A/cattle/Texas/24-008749-003/2024(H5N1)	672	319
PB2|PP755596.1|A/cattle/Texas/24-008749-003/2024(H5N1)	673	319
PB2|PP755596.1|A/cattle/Texas/24-008749-003/2024(H5N1)	674	315
PB2|PP755596.1|A/cattle/Texas/24-008749-003/2024(H5N1)	675	313
PB2|PP755596.1|A/cattle/Texas/24-008749-003/2024(H5N1)	676	311
PB2|PP755596.1|A/cattle/Texas/24-008749-003/2024(H5N1)	677	323
PB2|PP755596.1|A/cattle/Texas/24-008749-003/2024(H5N1)	678	323
PB2|PP755596.1|A/cattle/Texas/24-008749-003/2024(H5N1)	679	326
PB2|PP755596.1|A/cattle/Texas/24-008749-003/2024(H5N1)	680	322
PB2|PP755596.1|A/cattle/Texas/24-008749-003/2024(H5N1)	681	324
PB2|PP755596.1|A/cattle/Texas/24-008749-003/2024(H5N1)	682	324
PB2|PP755596.1|A/cattle/Texas/24-008749-003/2024(H5N1)	683	336
PB2|PP755596.1|A/cattle/Texas/24-008749-003/2024(H5N1)	684	336
PB2|PP755596.1|A/cattle/Texas/24-008749-003/2024(H5N1)	685	340
PB2|PP755596.1|A/cattle/Texas/24-008749-003/2024(H5N1)	686	337
PB2|PP755596.1|A/cattle/Texas/24-008749-003/2024(H5N1)	687	334
PB2|PP755596.1|A/cattle/Texas/24-008749-003/2024(H5N1)	688	329
PB2|PP755596.1|A/cattle/Texas/24-008749-003/2024(H5N1)	689	325
PB2|PP755596.1|A/cattle/Texas/24-008749-003/2024(H5N1)	690	324
PB2|PP755596.1|A/cattle/Texas/24-008749-003/2024(H5N1)	691	331
PB2|PP755596.1|A/cattle/Texas/24-008749-003/2024(H5N1)	692	318
PB2|PP755596.1|A/cattle/Texas/24-008749-003/2024(H5N1)	693	319
PB2|PP755596.1|A/cattle/Texas/24-008749-003/2024(H5N1)	694	321
PB2|PP755596.1|A/cattle/Texas/24-008749-003/2024(H5N1)	695	321
PB2|PP755596.1|A/cattle/Texas/24-008749-003/2024(H5N1)	696	326
PB2|PP755596.1|A/cattle/Texas/24-008749-003/2024(H5N1)	697	343
PB2|PP755596.1|A/cattle/Texas/24-008749-003/2024(H5N1)	698	345
PB2|PP755596.1|A/cattle/Texas/24-008749-003/2024(H5N1)	699	345
PB2|PP755596.1|A/cattle/Texas/24-008749-003/2024(H5N1)	700	340
PB2|PP755596.1|A/cattle/Texas/24-008749-003/2024(H5N1)	701	340
PB2|PP755596.1|A/cattle/Texas/24-008749-003/2024(H5N1)	702	336
PB2|PP755596.1|A/cattle/Texas/24-008749-003/2024(H5N1)	703	338
PB2|PP755596.1|A/cattle/Texas/24-008749-003/2024(H5N1)	704	338
PB2|PP755596.1|A/cattle/Texas/24-008749-003/2024(H5N1)	705	338
PB2|PP755596.1|A/cattle/Texas/24-008749-003/2024(H5N1)	706	338
PB2|PP755596.1|A/cattle/Texas/24-008749-003/2024(H5N1)	707	338
PB2|PP755596.1|A/cattle/Texas/24-008749-003/2024(H5N1)	708	349
PB2|PP755596.1|A/cattle/Texas/24-008749-003/2024(H5N1)	709	353
PB2|PP755596.1|A/cattle/Texas/24-008749-003/2024(H5N1)	710	354
PB2|PP755596.1|A/cattle/Texas/24-008749-003/2024(H5N1)	711	354
PB2|PP755596.1|A/cattle/Texas/24-008749-003/2024(H5N1)	712	349
PB2|PP755596.1|A/cattle/Texas/24-008749-003/2024(H5N1)	713	351
PB2|PP755596.1|A/cattle/Texas/24-008749-003/2024(H5N1)	714	350
PB2|PP755596.1|A/cattle/Texas/24-008749-003/2024(H5N1)	715	356
PB2|PP755596.1|A/cattle/Texas/24-008749-003/2024(H5N1)	716	358
PB2|PP755596.1|A/cattle/Texas/24-008749-003/2024(H5N1)	717	356
PB2|PP755596.1|A/cattle/Texas/24-008749-003/2024(H5N1)	718	352
PB2|PP755596.1|A/cattle/Texas/24-008749-003/2024(H5N1)	719	346
PB2|PP755596.1|A/cattle/Texas/24-008749-003/2024(H5N1)	720	346
PB2|PP755596.1|A/cattle/Texas/24-008749-003/2024(H5N1)	721	356
PB2|PP755596.1|A/cattle/Texas/24-008749-003/2024(H5N1)	722	352
PB2|PP755596.1|A/cattle/Texas/24-008749-003/2024(H5N1)	723	352
PB2|PP755596.1|A/cattle/Texas/24-008749-003/2024(H5N1)	724	353
PB2|PP755596.1|A/cattle/Texas/24-008749-003/2024(H5N1)	725	352
PB2|PP755596.1|A/cattle/Texas/24-008749-003/2024(H5N1)	726	371
PB2|PP755596.1|A/cattle/Texas/24-008749-003/2024(H5N1)	727	371
PB2|PP755596.1|A/cattle/Texas/24-008749-003/2024(H5N1)	728	358
PB2|PP755596.1|A/cattle/Texas/24-008749-003/2024(H5N1)	729	359
PB2|PP755596.1|A/cattle/Texas/24-008749-003/2024(H5N1)	730	359
PB2|PP755596.1|A/cattle/Texas/24-008749-003/2024(H5N1)	731	359
PB2|PP755596.1|A/cattle/Texas/24-008749-003/2024(H5N1)	732	360
PB2|PP755596.1|A/cattle/Texas/24-008749-003/2024(H5N1)	733	353
PB2|PP755596.1|A/cattle/Texas/24-008749-003/2024(H5N1)	734	360
PB2|PP755596.1|A/cattle/Texas/24-008749-003/2024(H5N1)	735	327
PB2|PP755596.1|A/cattle/Texas/24-008749-003/2024(H5N1)	736	332
PB2|PP755596.1|A/cattle/Texas/24-008749-003/2024(H5N1)	737	330
PB2|PP755596.1|A/cattle/Texas/24-008749-003/2024(H5N1)	738	324
PB2|PP755596.1|A/cattle/Texas/24-008749-003/2024(H5N1)	739	324
PB2|PP755596.1|A/cattle/Texas/24-008749-003/2024(H5N1)	740	325
PB2|PP755596.1|A/cattle/Texas/24-008749-003/2024(H5N1)	741	326
PB2|PP755596.1|A/cattle/Texas/24-008749-003/2024(H5N1)	742	326
PB2|PP755596.1|A/cattle/Texas/24-008749-003/2024(H5N1)	743	325
PB2|PP755596.1|A/cattle/Texas/24-008749-003/2024(H5N1)	744	326
PB2|PP755596.1|A/cattle/Texas/24-008749-003/2024(H5N1)	745	327
PB2|PP755596.1|A/cattle/Texas/24-008749-003/2024(H5N1)	746	327
PB2|PP755596.1|A/cattle/Texas/24-008749-003/2024(H5N1)	747	329
PB2|PP755596.1|A/cattle/Texas/24-008749-003/2024(H5N1)	748	329
PB2|PP755596.1|A/cattle/Texas/24-008749-003/2024(H5N1)	749	323
PB2|PP755596.1|A/cattle/Texas/24-008749-003/2024(H5N1)	750	321
PB2|PP755596.1|A/cattle/Texas/24-008749-003/2024(H5N1)	751	313
PB2|PP755596.1|A/cattle/Texas/24-008749-003/2024(H5N1)	752	314
PB2|PP755596.1|A/cattle/Texas/24-008749-003/2024(H5N1)	753	315
PB2|PP755596.1|A/cattle/Texas/24-008749-003/2024(H5N1)	754	314
PB2|PP755596.1|A/cattle/Texas/24-008749-003/2024(H5N1)	755	316
PB2|PP755596.1|A/cattle/Texas/24-008749-003/2024(H5N1)	756	314
PB2|PP755596.1|A/cattle/Texas/24-008749-003/2024(H5N1)	757	313
PB2|PP755596.1|A/cattle/Texas/24-008749-003/2024(H5N1)	758	307
PB2|PP755596.1|A/cattle/Texas/24-008749-003/2024(H5N1)	759	305
PB2|PP755596.1|A/cattle/Texas/24-008749-003/2024(H5N1)	760	305
PB2|PP755596.1|A/cattle/Texas/24-008749-003/2024(H5N1)	761	321
PB2|PP755596.1|A/cattle/Texas/24-008749-003/2024(H5N1)	762	321
PB2|PP755596.1|A/cattle/Texas/24-008749-003/2024(H5N1)	763	323
PB2|PP755596.1|A/cattle/Texas/24-008749-003/2024(H5N1)	764	323
PB2|PP755596.1|A/cattle/Texas/24-008749-003/2024(H5N1)	765	321
PB2|PP755596.1|A/cattle/Texas/24-008749-003/2024(H5N1)	766	337
PB2|PP755596.1|A/cattle/Texas/24-008749-003/2024(H5N1)	767	345
PB2|PP755596.1|A/cattle/Texas/24-008749-003/2024(H5N1)	768	348
PB2|PP755596.1|A/cattle/Texas/24-008749-003/2024(H5N1)	769	348
PB2|PP755596.1|A/cattle/Texas/24-008749-003/2024(H5N1)	770	335
PB2|PP755596.1|A/cattle/Texas/24-008749-003/2024(H5N1)	771	339
PB2|PP755596.1|A/cattle/Texas/24-008749-003/2024(H5N1)	772	342
PB2|PP755596.1|A/cattle/Texas/24-008749-003/2024(H5N1)	773	342
PB2|PP755596.1|A/cattle/Texas/24-008749-003/2024(H5N1)	774	330
PB2|PP755596.1|A/cattle/Texas/24-008749-003/2024(H5N1)	775	323
PB2|PP755596.1|A/cattle/Texas/24-008749-003/2024(H5N1)	776	323
PB2|PP755596.1|A/cattle/Texas/24-008749-003/2024(H5N1)	777	323
PB2|PP755596.1|A/cattle/Texas/24-008749-003/2024(H5N1)	778	334
PB2|PP755596.1|A/cattle/Texas/24-008749-003/2024(H5N1)	779	332
PB2|PP755596.1|A/cattle/Texas/24-008749-003/2024(H5N1)	780	334
PB2|PP755596.1|A/cattle/Texas/24-008749-003/2024(H5N1)	781	333
PB2|PP755596.1|A/cattle/Texas/24-008749-003/2024(H5N1)	782	332
PB2|PP755596.1|A/cattle/Texas/24-008749-003/2024(H5N1)	783	340
PB2|PP755596.1|A/cattle/Texas/24-008749-003/2024(H5N1)	784	340
PB2|PP755596.1|A/cattle/Texas/24-008749-003/2024(H5N1)	785	341
PB2|PP755596.1|A/cattle/Texas/24-008749-003/2024(H5N1)	786	339
PB2|PP755596.1|A/cattle/Texas/24-008749-003/2024(H5N1)	787	342
PB2|PP755596.1|A/cattle/Texas/24-008749-003/2024(H5N1)	788	355
PB2|PP755596.1|A/cattle/Texas/24-008749-003/2024(H5N1)	789	360
PB2|PP755596.1|A/cattle/Texas/24-008749-003/2024(H5N1)	790	360
PB2|PP755596.1|A/cattle/Texas/24-008749-003/2024(H5N1)	791	368
PB2|PP755596.1|A/cattle/Texas/24-008749-003/2024(H5N1)	792	367
PB2|PP755596.1|A/cattle/Texas/24-008749-003/2024(H5N1)	793	370
PB2|PP755596.1|A/cattle/Texas/24-008749-003/2024(H5N1)	794	369
PB2|PP755596.1|A/cattle/Texas/24-008749-003/2024(H5N1)	795	374
PB2|PP755596.1|A/cattle/Texas/24-008749-003/2024(H5N1)	796	374
PB2|PP755596.1|A/cattle/Texas/24-008749-003/2024(H5N1)	797	374
PB2|PP755596.1|A/cattle/Texas/24-008749-003/2024(H5N1)	798	376
PB2|PP755596.1|A/cattle/Texas/24-008749-003/2024(H5N1)	799	372
PB2|PP755596.1|A/cattle/Texas/24-008749-003/2024(H5N1)	800	371
PB2|PP755596.1|A/cattle/Texas/24-008749-003/2024(H5N1)	801	371
PB2|PP755596.1|A/cattle/Texas/24-008749-003/2024(H5N1)	802	365
PB2|PP755596.1|A/cattle/Texas/24-008749-003/2024(H5N1)	803	368
PB2|PP755596.1|A/cattle/Texas/24-008749-003/2024(H5N1)	804	374
PB2|PP755596.1|A/cattle/Texas/24-008749-003/2024(H5N1)	805	370
PB2|PP755596.1|A/cattle/Texas/24-008749-003/2024(H5N1)	806	374
PB2|PP755596.1|A/cattle/Texas/24-008749-003/2024(H5N1)	807	374
PB2|PP755596.1|A/cattle/Texas/24-008749-003/2024(H5N1)	808	375
PB2|PP755596.1|A/cattle/Texas/24-008749-003/2024(H5N1)	809	374
PB2|PP755596.1|A/cattle/Texas/24-008749-003/2024(H5N1)	810	377
PB2|PP755596.1|A/cattle/Texas/24-008749-003/2024(H5N1)	811	377
PB2|PP755596.1|A/cattle/Texas/24-008749-003/2024(H5N1)	812	379
PB2|PP755596.1|A/cattle/Texas/24-008749-003/2024(H5N1)	813	379
PB2|PP755596.1|A/cattle/Texas/24-008749-003/2024(H5N1)	814	384
PB2|PP755596.1|A/cattle/Texas/24-008749-003/2024(H5N1)	815	389
PB2|PP755596.1|A/cattle/Texas/24-008749-003/2024(H5N1)	816	390
PB2|PP755596.1|A/cattle/Texas/24-008749-003/2024(H5N1)	817	390
PB2|PP755596.1|A/cattle/Texas/24-008749-003/2024(H5N1)	818	389
PB2|PP755596.1|A/cattle/Texas/24-008749-003/2024(H5N1)	819	389
PB2|PP755596.1|A/cattle/Texas/24-008749-003/2024(H5N1)	820	389
PB2|PP755596.1|A/cattle/Texas/24-008749-003/2024(H5N1)	821	389
PB2|PP755596.1|A/cattle/Texas/24-008749-003/2024(H5N1)	822	379
PB2|PP755596.1|A/cattle/Texas/24-008749-003/2024(H5N1)	823	378
PB2|PP755596.1|A/cattle/Texas/24-008749-003/2024(H5N1)	824	386
PB2|PP755596.1|A/cattle/Texas/24-008749-003/2024(H5N1)	825	391
PB2|PP755596.1|A/cattle/Texas/24-008749-003/2024(H5N1)	826	391
PB2|PP755596.1|A/cattle/Texas/24-008749-003/2024(H5N1)	827	375
PB2|PP755596.1|A/cattle/Texas/24-008749-003/2024(H5N1)	828	375
PB2|PP755596.1|A/cattle/Texas/24-008749-003/2024(H5N1)	829	385
PB2|PP755596.1|A/cattle/Texas/24-008749-003/2024(H5N1)	830	382
PB2|PP755596.1|A/cattle/Texas/24-008749-003/2024(H5N1)	831	379
PB2|PP755596.1|A/cattle/Texas/24-008749-003/2024(H5N1)	832	377
PB2|PP755596.1|A/cattle/Texas/24-008749-003/2024(H5N1)	833	375
PB2|PP755596.1|A/cattle/Texas/24-008749-003/2024(H5N1)	834	373
PB2|PP755596.1|A/cattle/Texas/24-008749-003/2024(H5N1)	835	372
PB2|PP755596.1|A/cattle/Texas/24-008749-003/2024(H5N1)	836	370
PB2|PP755596.1|A/cattle/Texas/24-008749-003/2024(H5N1)	837	370
PB2|PP755596.1|A/cattle/Texas/24-008749-003/2024(H5N1)	838	384
PB2|PP755596.1|A/cattle/Texas/24-008749-003/2024(H5N1)	839	382
PB2|PP755596.1|A/cattle/Texas/24-008749-003/2024(H5N1)	840	386
PB2|PP755596.1|A/cattle/Texas/24-008749-003/2024(H5N1)	841	384
PB2|PP755596.1|A/cattle/Texas/24-008749-003/2024(H5N1)	842	380
PB2|PP755596.1|A/cattle/Texas/24-008749-003/2024(H5N1)	843	380
PB2|PP755596.1|A/cattle/Texas/24-008749-003/2024(H5N1)	844	379
PB2|PP755596.1|A/cattle/Texas/24-008749-003/2024(H5N1)	845	379
PB2|PP755596.1|A/cattle/Texas/24-008749-003/2024(H5N1)	846	379
PB2|PP755596.1|A/cattle/Texas/24-008749-003/2024(H5N1)	847	359
PB2|PP755596.1|A/cattle/Texas/24-008749-003/2024(H5N1)	848	357
PB2|PP755596.1|A/cattle/Texas/24-008749-003/2024(H5N1)	849	371
PB2|PP755596.1|A/cattle/Texas/24-008749-003/2024(H5N1)	850	372
PB2|PP755596.1|A/cattle/Texas/24-008749-003/2024(H5N1)	851	372
PB2|PP755596.1|A/cattle/Texas/24-008749-003/2024(H5N1)	852	372
PB2|PP755596.1|A/cattle/Texas/24-008749-003/2024(H5N1)	853	375
PB2|PP755596.1|A/cattle/Texas/24-008749-003/2024(H5N1)	854	375
PB2|PP755596.1|A/cattle/Texas/24-008749-003/2024(H5N1)	855	374
PB2|PP755596.1|A/cattle/Texas/24-008749-003/2024(H5N1)	856	372
PB2|PP755596.1|A/cattle/Texas/24-008749-003/2024(H5N1)	857	376
PB2|PP755596.1|A/cattle/Texas/24-008749-003/2024(H5N1)	858	366
PB2|PP755596.1|A/cattle/Texas/24-008749-003/2024(H5N1)	859	369
PB2|PP755596.1|A/cattle/Texas/24-008749-003/2024(H5N1)	860	391
PB2|PP755596.1|A/cattle/Texas/24-008749-003/2024(H5N1)	861	391
PB2|PP755596.1|A/cattle/Texas/24-008749-003/2024(H5N1)	862	392
PB2|PP755596.1|A/cattle/Texas/24-008749-003/2024(H5N1)	863	393
PB2|PP755596.1|A/cattle/Texas/24-008749-003/2024(H5N1)	864	392
PB2|PP755596.1|A/cattle/Texas/24-008749-003/2024(H5N1)	865	392
PB2|PP755596.1|A/cattle/Texas/24-008749-003/2024(H5N1)	866	388
PB2|PP755596.1|A/cattle/Texas/24-008749-003/2024(H5N1)	867	387
PB2|PP755596.1|A/cattle/Texas/24-008749-003/2024(H5N1)	868	387
PB2|PP755596.1|A/cattle/Texas/24-008749-003/2024(H5N1)	869	388
PB2|PP755596.1|A/cattle/Texas/24-008749-003/2024(H5N1)	870	388
PB2|PP755596.1|A/cattle/Texas/24-008749-003/2024(H5N1)	871	391
PB2|PP755596.1|A/cattle/Texas/24-008749-003/2024(H5N1)	872	402
PB2|PP755596.1|A/cattle/Texas/24-008749-003/2024(H5N1)	873	398
PB2|PP755596.1|A/cattle/Texas/24-008749-003/2024(H5N1)	874	399
PB2|PP755596.1|A/cattle/Texas/24-008749-003/2024(H5N1)	875	396
PB2|PP755596.1|A/cattle/Texas/24-008749-003/2024(H5N1)	876	396
PB2|PP755596.1|A/cattle/Texas/24-008749-003/2024(H5N1)	877	378
PB2|PP755596.1|A/cattle/Texas/24-008749-003/2024(H5N1)	878	382
PB2|PP755596.1|A/cattle/Texas/24-008749-003/2024(H5N1)	879	384
PB2|PP755596.1|A/cattle/Texas/24-008749-003/2024(H5N1)	880	388
PB2|PP755596.1|A/cattle/Texas/24-008749-003/2024(H5N1)	881	382
PB2|PP755596.1|A/cattle/Texas/24-008749-003/2024(H5N1)	882	384
PB2|PP755596.1|A/cattle/Texas/24-008749-003/2024(H5N1)	883	385
PB2|PP755596.1|A/cattle/Texas/24-008749-003/2024(H5N1)	884	385
PB2|PP755596.1|A/cattle/Texas/24-008749-003/2024(H5N1)	885	377
PB2|PP755596.1|A/cattle/Texas/24-008749-003/2024(H5N1)	886	377
PB2|PP755596.1|A/cattle/Texas/24-008749-003/2024(H5N1)	887	375
PB2|PP755596.1|A/cattle/Texas/24-008749-003/2024(H5N1)	888	375
PB2|PP755596.1|A/cattle/Texas/24-008749-003/2024(H5N1)	889	374
PB2|PP755596.1|A/cattle/Texas/24-008749-003/2024(H5N1)	890	378
PB2|PP755596.1|A/cattle/Texas/24-008749-003/2024(H5N1)	891	376
PB2|PP755596.1|A/cattle/Texas/24-008749-003/2024(H5N1)	892	375
PB2|PP755596.1|A/cattle/Texas/24-008749-003/2024(H5N1)	893	374
PB2|PP755596.1|A/cattle/Texas/24-008749-003/2024(H5N1)	894	373
PB2|PP755596.1|A/cattle/Texas/24-008749-003/2024(H5N1)	895	377
PB2|PP755596.1|A/cattle/Texas/24-008749-003/2024(H5N1)	896	377
PB2|PP755596.1|A/cattle/Texas/24-008749-003/2024(H5N1)	897	377
PB2|PP755596.1|A/cattle/Texas/24-008749-003/2024(H5N1)	898	375
PB2|PP755596.1|A/cattle/Texas/24-008749-003/2024(H5N1)	899	375
PB2|PP755596.1|A/cattle/Texas/24-008749-003/2024(H5N1)	900	375
PB2|PP755596.1|A/cattle/Texas/24-008749-003/2024(H5N1)	901	376
PB2|PP755596.1|A/cattle/Texas/24-008749-003/2024(H5N1)	902	388
PB2|PP755596.1|A/cattle/Texas/24-008749-003/2024(H5N1)	903	386
PB2|PP755596.1|A/cattle/Texas/24-008749-003/2024(H5N1)	904	386
PB2|PP755596.1|A/cattle/Texas/24-008749-003/2024(H5N1)	905	385
PB2|PP755596.1|A/cattle/Texas/24-008749-003/2024(H5N1)	906	384
PB2|PP755596.1|A/cattle/Texas/24-008749-003/2024(H5N1)	907	382
PB2|PP755596.1|A/cattle/Texas/24-008749-003/2024(H5N1)	908	385
PB2|PP755596.1|A/cattle/Texas/24-008749-003/2024(H5N1)	909	384
PB2|PP755596.1|A/cattle/Texas/24-008749-003/2024(H5N1)	910	386
PB2|PP755596.1|A/cattle/Texas/24-008749-003/2024(H5N1)	911	384
PB2|PP755596.1|A/cattle/Texas/24-008749-003/2024(H5N1)	912	371
PB2|PP755596.1|A/cattle/Texas/24-008749-003/2024(H5N1)	913	372
PB2|PP755596.1|A/cattle/Texas/24-008749-003/2024(H5N1)	914	376
PB2|PP755596.1|A/cattle/Texas/24-008749-003/2024(H5N1)	915	375
PB2|PP755596.1|A/cattle/Texas/24-008749-003/2024(H5N1)	916	363
PB2|PP755596.1|A/cattle/Texas/24-008749-003/2024(H5N1)	917	361
PB2|PP755596.1|A/cattle/Texas/24-008749-003/2024(H5N1)	918	355
PB2|PP755596.1|A/cattle/Texas/24-008749-003/2024(H5N1)	919	358
PB2|PP755596.1|A/cattle/Texas/24-008749-003/2024(H5N1)	920	358
PB2|PP755596.1|A/cattle/Texas/24-008749-003/2024(H5N1)	921	353
PB2|PP755596.1|A/cattle/Texas/24-008749-003/2024(H5N1)	922	353
PB2|PP755596.1|A/cattle/Texas/24-008749-003/2024(H5N1)	923	353
PB2|PP755596.1|A/cattle/Texas/24-008749-003/2024(H5N1)	924	354
PB2|PP755596.1|A/cattle/Texas/24-008749-003/2024(H5N1)	925	379
PB2|PP755596.1|A/cattle/Texas/24-008749-003/2024(H5N1)	926	381
PB2|PP755596.1|A/cattle/Texas/24-008749-003/2024(H5N1)	927	391
PB2|PP755596.1|A/cattle/Texas/24-008749-003/2024(H5N1)	928	379
PB2|PP755596.1|A/cattle/Texas/24-008749-003/2024(H5N1)	929	379
PB2|PP755596.1|A/cattle/Texas/24-008749-003/2024(H5N1)	930	383
PB2|PP755596.1|A/cattle/Texas/24-008749-003/2024(H5N1)	931	383
PB2|PP755596.1|A/cattle/Texas/24-008749-003/2024(H5N1)	932	383
PB2|PP755596.1|A/cattle/Texas/24-008749-003/2024(H5N1)	933	398
PB2|PP755596.1|A/cattle/Texas/24-008749-003/2024(H5N1)	934	403
PB2|PP755596.1|A/cattle/Texas/24-008749-003/2024(H5N1)	935	404
PB2|PP755596.1|A/cattle/Texas/24-008749-003/2024(H5N1)	936	405
PB2|PP755596.1|A/cattle/Texas/24-008749-003/2024(H5N1)	937	408
PB2|PP755596.1|A/cattle/Texas/24-008749-003/2024(H5N1)	938	407
PB2|PP755596.1|A/cattle/Texas/24-008749-003/2024(H5N1)	939	393
PB2|PP755596.1|A/cattle/Texas/24-008749-003/2024(H5N1)	940	397
PB2|PP755596.1|A/cattle/Texas/24-008749-003/2024(H5N1)	941	389
PB2|PP755596.1|A/cattle/Texas/24-008749-003/2024(H5N1)	942	390
PB2|PP755596.1|A/cattle/Texas/24-008749-003/2024(H5N1)	943	388
PB2|PP755596.1|A/cattle/Texas/24-008749-003/2024(H5N1)	944	388
PB2|PP755596.1|A/cattle/Texas/24-008749-003/2024(H5N1)	945	392
PB2|PP755596.1|A/cattle/Texas/24-008749-003/2024(H5N1)	946	394
PB2|PP755596.1|A/cattle/Texas/24-008749-003/2024(H5N1)	947	398
PB2|PP755596.1|A/cattle/Texas/24-008749-003/2024(H5N1)	948	399
PB2|PP755596.1|A/cattle/Texas/24-008749-003/2024(H5N1)	949	397
PB2|PP755596.1|A/cattle/Texas/24-008749-003/2024(H5N1)	950	394
PB2|PP755596.1|A/cattle/Texas/24-008749-003/2024(H5N1)	951	395
PB2|PP755596.1|A/cattle/Texas/24-008749-003/2024(H5N1)	952	396
PB2|PP755596.1|A/cattle/Texas/24-008749-003/2024(H5N1)	953	403
PB2|PP755596.1|A/cattle/Texas/24-008749-003/2024(H5N1)	954	407
PB2|PP755596.1|A/cattle/Texas/24-008749-003/2024(H5N1)	955	403
PB2|PP755596.1|A/cattle/Texas/24-008749-003/2024(H5N1)	956	405
PB2|PP755596.1|A/cattle/Texas/24-008749-003/2024(H5N1)	957	402
PB2|PP755596.1|A/cattle/Texas/24-008749-003/2024(H5N1)	958	404
PB2|PP755596.1|A/cattle/Texas/24-008749-003/2024(H5N1)	959	406
PB2|PP755596.1|A/cattle/Texas/24-008749-003/2024(H5N1)	960	407
PB2|PP755596.1|A/cattle/Texas/24-008749-003/2024(H5N1)	961	406
PB2|PP755596.1|A/cattle/Texas/24-008749-003/2024(H5N1)	962	401
PB2|PP755596.1|A/cattle/Texas/24-008749-003/2024(H5N1)	963	390
PB2|PP755596.1|A/cattle/Texas/24-008749-003/2024(H5N1)	964	395
PB2|PP755596.1|A/cattle/Texas/24-008749-003/2024(H5N1)	965	390
PB2|PP755596.1|A/cattle/Texas/24-008749-003/2024(H5N1)	966	392
PB2|PP755596.1|A/cattle/Texas/24-008749-003/2024(H5N1)	967	391
PB2|PP755596.1|A/cattle/Texas/24-008749-003/2024(H5N1)	968	391
PB2|PP755596.1|A/cattle/Texas/24-008749-003/2024(H5N1)	969	387
PB2|PP755596.1|A/cattle/Texas/24-008749-003/2024(H5N1)	970	385
PB2|PP755596.1|A/cattle/Texas/24-008749-003/2024(H5N1)	971	394
PB2|PP755596.1|A/cattle/Texas/24-008749-003/2024(H5N1)	972	397
PB2|PP755596.1|A/cattle/Texas/24-008749-003/2024(H5N1)	973	395
PB2|PP755596.1|A/cattle/Texas/24-008749-003/2024(H5N1)	974	395
PB2|PP755596.1|A/cattle/Texas/24-008749-003/2024(H5N1)	975	390
PB2|PP755596.1|A/cattle/Texas/24-008749-003/2024(H5N1)	976	386
PB2|PP755596.1|A/cattle/Texas/24-008749-003/2024(H5N1)	977	388
PB2|PP755596.1|A/cattle/Texas/24-008749-003/2024(H5N1)	978	391
PB2|PP755596.1|A/cattle/Texas/24-008749-003/2024(H5N1)	979	392
PB2|PP755596.1|A/cattle/Texas/24-008749-003/2024(H5N1)	980	380
PB2|PP755596.1|A/cattle/Texas/24-008749-003/2024(H5N1)	981	382
PB2|PP755596.1|A/cattle/Texas/24-008749-003/2024(H5N1)	982	382
PB2|PP755596.1|A/cattle/Texas/24-008749-003/2024(H5N1)	983	378
PB2|PP755596.1|A/cattle/Texas/24-008749-003/2024(H5N1)	984	379
PB2|PP755596.1|A/cattle/Texas/24-008749-003/2024(H5N1)	985	378
PB2|PP755596.1|A/cattle/Texas/24-008749-003/2024(H5N1)	986	376
PB2|PP755596.1|A/cattle/Texas/24-008749-003/2024(H5N1)	987	375
PB2|PP755596.1|A/cattle/Texas/24-008749-003/2024(H5N1)	988	376
PB2|PP755596.1|A/cattle/Texas/24-008749-003/2024(H5N1)	989	363
PB2|PP755596.1|A/cattle/Texas/24-008749-003/2024(H5N1)	990	363
PB2|PP755596.1|A/cattle/Texas/24-008749-003/2024(H5N1)	991	367
PB2|PP755596.1|A/cattle/Texas/24-008749-003/2024(H5N1)	992	367
PB2|PP755596.1|A/cattle/Texas/24-008749-003/2024(H5N1)	993	367
PB2|PP755596.1|A/cattle/Texas/24-008749-003/2024(H5N1)	994	367
PB2|PP755596.1|A/cattle/Texas/24-008749-003/2024(H5N1)	995	369
PB2|PP755596.1|A/cattle/Texas/24-008749-003/2024(H5N1)	996	366
PB2|PP755596.1|A/cattle/Texas/24-008749-003/2024(H5N1)	997	368
PB2|PP755596.1|A/cattle/Texas/24-008749-003/2024(H5N1)	998	370
PB2|PP755596.1|A/cattle/Texas/24-008749-003/2024(H5N1)	999	368
PB2|PP755596.1|A/cattle/Texas/24-008749-003/2024(H5N1)	1000	352
PB2|PP755596.1|A/cattle/Texas/24-008749-003/2024(H5N1)	1001	371
PB2|PP755596.1|A/cattle/Texas/24-008749-003/2024(H5N1)	1002	374
PB2|PP755596.1|A/cattle/Texas/24-008749-003/2024(H5N1)	1003	374
PB2|PP755596.1|A/cattle/Texas/24-008749-003/2024(H5N1)	1004	374
PB2|PP755596.1|A/cattle/Texas/24-008749-003/2024(H5N1)	1005	373
PB2|PP755596.1|A/cattle/Texas/24-008749-003/2024(H5N1)	1006	379
PB2|PP755596.1|A/cattle/Texas/24-008749-003/2024(H5N1)	1007	382
PB2|PP755596.1|A/cattle/Texas/24-008749-003/2024(H5N1)	1008	382
PB2|PP755596.1|A/cattle/Texas/24-008749-003/2024(H5N1)	1009	381
PB2|PP755596.1|A/cattle/Texas/24-008749-003/2024(H5N1)	1010	378
PB2|PP755596.1|A/cattle/Texas/24-008749-003/2024(H5N1)	1011	354
PB2|PP755596.1|A/cattle/Texas/24-008749-003/2024(H5N1)	1012	362
PB2|PP755596.1|A/cattle/Texas/24-008749-003/2024(H5N1)	1013	363
PB2|PP755596.1|A/cattle/Texas/24-008749-003/2024(H5N1)	1014	362
PB2|PP755596.1|A/cattle/Texas/24-008749-003/2024(H5N1)	1015	362
PB2|PP755596.1|A/cattle/Texas/24-008749-003/2024(H5N1)	1016	365
PB2|PP755596.1|A/cattle/Texas/24-008749-003/2024(H5N1)	1017	363
PB2|PP755596.1|A/cattle/Texas/24-008749-003/2024(H5N1)	1018	362
PB2|PP755596.1|A/cattle/Texas/24-008749-003/2024(H5N1)	1019	368
PB2|PP755596.1|A/cattle/Texas/24-008749-003/2024(H5N1)	1020	371
PB2|PP755596.1|A/cattle/Texas/24-008749-003/2024(H5N1)	1021	368
PB2|PP755596.1|A/cattle/Texas/24-008749-003/2024(H5N1)	1022	361
PB2|PP755596.1|A/cattle/Texas/24-008749-003/2024(H5N1)	1023	350
PB2|PP755596.1|A/cattle/Texas/24-008749-003/2024(H5N1)	1024	356
PB2|PP755596.1|A/cattle/Texas/24-008749-003/2024(H5N1)	1025	356
PB2|PP755596.1|A/cattle/Texas/24-008749-003/2024(H5N1)	1026	356
PB2|PP755596.1|A/cattle/Texas/24-008749-003/2024(H5N1)	1027	356
PB2|PP755596.1|A/cattle/Texas/24-008749-003/2024(H5N1)	1028	355
PB2|PP755596.1|A/cattle/Texas/24-008749-003/2024(H5N1)	1029	350
PB2|PP755596.1|A/cattle/Texas/24-008749-003/2024(H5N1)	1030	351
PB2|PP755596.1|A/cattle/Texas/24-008749-003/2024(H5N1)	1031	345
PB2|PP755596.1|A/cattle/Texas/24-008749-003/2024(H5N1)	1032	345
PB2|PP755596.1|A/cattle/Texas/24-008749-003/2024(H5N1)	1033	345
PB2|PP755596.1|A/cattle/Texas/24-008749-003/2024(H5N1)	1034	352
PB2|PP755596.1|A/cattle/Texas/24-008749-003/2024(H5N1)	1035	352
PB2|PP755596.1|A/cattle/Texas/24-008749-003/2024(H5N1)	1036	352
PB2|PP755596.1|A/cattle/Texas/24-008749-003/2024(H5N1)	1037	351
PB2|PP755596.1|A/cattle/Texas/24-008749-003/2024(H5N1)	1038	350
PB2|PP755596.1|A/cattle/Texas/24-008749-003/2024(H5N1)	1039	351
PB2|PP755596.1|A/cattle/Texas/24-008749-003/2024(H5N1)	1040	351
PB2|PP755596.1|A/cattle/Texas/24-008749-003/2024(H5N1)	1041	347
PB2|PP755596.1|A/cattle/Texas/24-008749-003/2024(H5N1)	1042	347
PB2|PP755596.1|A/cattle/Texas/24-008749-003/2024(H5N1)	1043	347
PB2|PP755596.1|A/cattle/Texas/24-008749-003/2024(H5N1)	1044	360
PB2|PP755596.1|A/cattle/Texas/24-008749-003/2024(H5N1)	1045	361
PB2|PP755596.1|A/cattle/Texas/24-008749-003/2024(H5N1)	1046	355
PB2|PP755596.1|A/cattle/Texas/24-008749-003/2024(H5N1)	1047	356
PB2|PP755596.1|A/cattle/Texas/24-008749-003/2024(H5N1)	1048	362
PB2|PP755596.1|A/cattle/Texas/24-008749-003/2024(H5N1)	1049	362
PB2|PP755596.1|A/cattle/Texas/24-008749-003/2024(H5N1)	1050	362
PB2|PP755596.1|A/cattle/Texas/24-008749-003/2024(H5N1)	1051	362
PB2|PP755596.1|A/cattle/Texas/24-008749-003/2024(H5N1)	1052	362
PB2|PP755596.1|A/cattle/Texas/24-008749-003/2024(H5N1)	1053	350
PB2|PP755596.1|A/cattle/Texas/24-008749-003/2024(H5N1)	1054	350
PB2|PP755596.1|A/cattle/Texas/24-008749-003/2024(H5N1)	1055	350
PB2|PP755596.1|A/cattle/Texas/24-008749-003/2024(H5N1)	1056	354
PB2|PP755596.1|A/cattle/Texas/24-008749-003/2024(H5N1)	1057	354
PB2|PP755596.1|A/cattle/Texas/24-008749-003/2024(H5N1)	1058	358
PB2|PP755596.1|A/cattle/Texas/24-008749-003/2024(H5N1)	1059	357
PB2|PP755596.1|A/cattle/Texas/24-008749-003/2024(H5N1)	1060	358
PB2|PP755596.1|A/cattle/Texas/24-008749-003/2024(H5N1)	1061	358
PB2|PP755596.1|A/cattle/Texas/24-008749-003/2024(H5N1)	1062	359
PB2|PP755596.1|A/cattle/Texas/24-008749-003/2024(H5N1)	1063	359
PB2|PP755596.1|A/cattle/Texas/24-008749-003/2024(H5N1)	1064	362
PB2|PP755596.1|A/cattle/Texas/24-008749-003/2024(H5N1)	1065	361
PB2|PP755596.1|A/cattle/Texas/24-008749-003/2024(H5N1)	1066	377
PB2|PP755596.1|A/cattle/Texas/24-008749-003/2024(H5N1)	1067	374
PB2|PP755596.1|A/cattle/Texas/24-008749-003/2024(H5N1)	1068	378
PB2|PP755596.1|A/cattle/Texas/24-008749-003/2024(H5N1)	1069	381
PB2|PP755596.1|A/cattle/Texas/24-008749-003/2024(H5N1)	1070	382
PB2|PP755596.1|A/cattle/Texas/24-008749-003/2024(H5N1)	1071	382
PB2|PP755596.1|A/cattle/Texas/24-008749-003/2024(H5N1)	1072	382
PB2|PP755596.1|A/cattle/Texas/24-008749-003/2024(H5N1)	1073	383
PB2|PP755596.1|A/cattle/Texas/24-008749-003/2024(H5N1)	1074	388
PB2|PP755596.1|A/cattle/Texas/24-008749-003/2024(H5N1)	1075	400
PB2|PP755596.1|A/cattle/Texas/24-008749-003/2024(H5N1)	1076	394
PB2|PP755596.1|A/cattle/Texas/24-008749-003/2024(H5N1)	1077	399
PB2|PP755596.1|A/cattle/Texas/24-008749-003/2024(H5N1)	1078	389
PB2|PP755596.1|A/cattle/Texas/24-008749-003/2024(H5N1)	1079	397
PB2|PP755596.1|A/cattle/Texas/24-008749-003/2024(H5N1)	1080	396
PB2|PP755596.1|A/cattle/Texas/24-008749-003/2024(H5N1)	1081	390
PB2|PP755596.1|A/cattle/Texas/24-008749-003/2024(H5N1)	1082	394
PB2|PP755596.1|A/cattle/Texas/24-008749-003/2024(H5N1)	1083	387
PB2|PP755596.1|A/cattle/Texas/24-008749-003/2024(H5N1)	1084	384
PB2|PP755596.1|A/cattle/Texas/24-008749-003/2024(H5N1)	1085	375
PB2|PP755596.1|A/cattle/Texas/24-008749-003/2024(H5N1)	1086	378
PB2|PP755596.1|A/cattle/Texas/24-008749-003/2024(H5N1)	1087	378
PB2|PP755596.1|A/cattle/Texas/24-008749-003/2024(H5N1)	1088	391
PB2|PP755596.1|A/cattle/Texas/24-008749-003/2024(H5N1)	1089	396
PB2|PP755596.1|A/cattle/Texas/24-008749-003/2024(H5N1)	1090	396
PB2|PP755596.1|A/cattle/Texas/24-008749-003/2024(H5N1)	1091	392
PB2|PP755596.1|A/cattle/Texas/24-008749-003/2024(H5N1)	1092	392
PB2|PP755596.1|A/cattle/Texas/24-008749-003/2024(H5N1)	1093	397
PB2|PP755596.1|A/cattle/Texas/24-008749-003/2024(H5N1)	1094	395
PB2|PP755596.1|A/cattle/Texas/24-008749-003/2024(H5N1)	1095	395
PB2|PP755596.1|A/cattle/Texas/24-008749-003/2024(H5N1)	1096	395
PB2|PP755596.1|A/cattle/Texas/24-008749-003/2024(H5N1)	1097	385
PB2|PP755596.1|A/cattle/Texas/24-008749-003/2024(H5N1)	1098	383
PB2|PP755596.1|A/cattle/Texas/24-008749-003/2024(H5N1)	1099	383
PB2|PP755596.1|A/cattle/Texas/24-008749-003/2024(H5N1)	1100	381
PB2|PP755596.1|A/cattle/Texas/24-008749-003/2024(H5N1)	1101	383
PB2|PP755596.1|A/cattle/Texas/24-008749-003/2024(H5N1)	1102	381
PB2|PP755596.1|A/cattle/Texas/24-008749-003/2024(H5N1)	1103	382
PB2|PP755596.1|A/cattle/Texas/24-008749-003/2024(H5N1)	1104	378
PB2|PP755596.1|A/cattle/Texas/24-008749-003/2024(H5N1)	1105	372
PB2|PP755596.1|A/cattle/Texas/24-008749-003/2024(H5N1)	1106	378
PB2|PP755596.1|A/cattle/Texas/24-008749-003/2024(H5N1)	1107	377
PB2|PP755596.1|A/cattle/Texas/24-008749-003/2024(H5N1)	1108	377
PB2|PP755596.1|A/cattle/Texas/24-008749-003/2024(H5N1)	1109	385
PB2|PP755596.1|A/cattle/Texas/24-008749-003/2024(H5N1)	1110	384
PB2|PP755596.1|A/cattle/Texas/24-008749-003/2024(H5N1)	1111	384
PB2|PP755596.1|A/cattle/Texas/24-008749-003/2024(H5N1)	1112	385
PB2|PP755596.1|A/cattle/Texas/24-008749-003/2024(H5N1)	1113	385
PB2|PP755596.1|A/cattle/Texas/24-008749-003/2024(H5N1)	1114	386
PB2|PP755596.1|A/cattle/Texas/24-008749-003/2024(H5N1)	1115	379
PB2|PP755596.1|A/cattle/Texas/24-008749-003/2024(H5N1)	1116	382
PB2|PP755596.1|A/cattle/Texas/24-008749-003/2024(H5N1)	1117	385
PB2|PP755596.1|A/cattle/Texas/24-008749-003/2024(H5N1)	1118	385
PB2|PP755596.1|A/cattle/Texas/24-008749-003/2024(H5N1)	1119	385
PB2|PP755596.1|A/cattle/Texas/24-008749-003/2024(H5N1)	1120	375
PB2|PP755596.1|A/cattle/Texas/24-008749-003/2024(H5N1)	1121	371
PB2|PP755596.1|A/cattle/Texas/24-008749-003/2024(H5N1)	1122	371
PB2|PP755596.1|A/cattle/Texas/24-008749-003/2024(H5N1)	1123	371
PB2|PP755596.1|A/cattle/Texas/24-008749-003/2024(H5N1)	1124	371
PB2|PP755596.1|A/cattle/Texas/24-008749-003/2024(H5N1)	1125	371
PB2|PP755596.1|A/cattle/Texas/24-008749-003/2024(H5N1)	1126	376
PB2|PP755596.1|A/cattle/Texas/24-008749-003/2024(H5N1)	1127	374
PB2|PP755596.1|A/cattle/Texas/24-008749-003/2024(H5N1)	1128	365
PB2|PP755596.1|A/cattle/Texas/24-008749-003/2024(H5N1)	1129	367
PB2|PP755596.1|A/cattle/Texas/24-008749-003/2024(H5N1)	1130	370
PB2|PP755596.1|A/cattle/Texas/24-008749-003/2024(H5N1)	1131	368
PB2|PP755596.1|A/cattle/Texas/24-008749-003/2024(H5N1)	1132	385
PB2|PP755596.1|A/cattle/Texas/24-008749-003/2024(H5N1)	1133	392
PB2|PP755596.1|A/cattle/Texas/24-008749-003/2024(H5N1)	1134	392
PB2|PP755596.1|A/cattle/Texas/24-008749-003/2024(H5N1)	1135	390
PB2|PP755596.1|A/cattle/Texas/24-008749-003/2024(H5N1)	1136	390
PB2|PP755596.1|A/cattle/Texas/24-008749-003/2024(H5N1)	1137	388
PB2|PP755596.1|A/cattle/Texas/24-008749-003/2024(H5N1)	1138	388
PB2|PP755596.1|A/cattle/Texas/24-008749-003/2024(H5N1)	1139	390
PB2|PP755596.1|A/cattle/Texas/24-008749-003/2024(H5N1)	1140	394
PB2|PP755596.1|A/cattle/Texas/24-008749-003/2024(H5N1)	1141	394
PB2|PP755596.1|A/cattle/Texas/24-008749-003/2024(H5N1)	1142	386
PB2|PP755596.1|A/cattle/Texas/24-008749-003/2024(H5N1)	1143	390
PB2|PP755596.1|A/cattle/Texas/24-008749-003/2024(H5N1)	1144	401
PB2|PP755596.1|A/cattle/Texas/24-008749-003/2024(H5N1)	1145	402
PB2|PP755596.1|A/cattle/Texas/24-008749-003/2024(H5N1)	1146	399
PB2|PP755596.1|A/cattle/Texas/24-008749-003/2024(H5N1)	1147	399
PB2|PP755596.1|A/cattle/Texas/24-008749-003/2024(H5N1)	1148	405
PB2|PP755596.1|A/cattle/Texas/24-008749-003/2024(H5N1)	1149	406
PB2|PP755596.1|A/cattle/Texas/24-008749-003/2024(H5N1)	1150	387
PB2|PP755596.1|A/cattle/Texas/24-008749-003/2024(H5N1)	1151	390
PB2|PP755596.1|A/cattle/Texas/24-008749-003/2024(H5N1)	1152	394
PB2|PP755596.1|A/cattle/Texas/24-008749-003/2024(H5N1)	1153	392
PB2|PP755596.1|A/cattle/Texas/24-008749-003/2024(H5N1)	1154	394
PB2|PP755596.1|A/cattle/Texas/24-008749-003/2024(H5N1)	1155	390
PB2|PP755596.1|A/cattle/Texas/24-008749-003/2024(H5N1)	1156	392
PB2|PP755596.1|A/cattle/Texas/24-008749-003/2024(H5N1)	1157	398
PB2|PP755596.1|A/cattle/Texas/24-008749-003/2024(H5N1)	1158	388
PB2|PP755596.1|A/cattle/Texas/24-008749-003/2024(H5N1)	1159	389
PB2|PP755596.1|A/cattle/Texas/24-008749-003/2024(H5N1)	1160	398
PB2|PP755596.1|A/cattle/Texas/24-008749-003/2024(H5N1)	1161	414
PB2|PP755596.1|A/cattle/Texas/24-008749-003/2024(H5N1)	1162	416
PB2|PP755596.1|A/cattle/Texas/24-008749-003/2024(H5N1)	1163	408
PB2|PP755596.1|A/cattle/Texas/24-008749-003/2024(H5N1)	1164	407
PB2|PP755596.1|A/cattle/Texas/24-008749-003/2024(H5N1)	1165	406
PB2|PP755596.1|A/cattle/Texas/24-008749-003/2024(H5N1)	1166	420
PB2|PP755596.1|A/cattle/Texas/24-008749-003/2024(H5N1)	1167	420
PB2|PP755596.1|A/cattle/Texas/24-008749-003/2024(H5N1)	1168	420
PB2|PP755596.1|A/cattle/Texas/24-008749-003/2024(H5N1)	1169	416
PB2|PP755596.1|A/cattle/Texas/24-008749-003/2024(H5N1)	1170	425
PB2|PP755596.1|A/cattle/Texas/24-008749-003/2024(H5N1)	1171	425
PB2|PP755596.1|A/cattle/Texas/24-008749-003/2024(H5N1)	1172	426
PB2|PP755596.1|A/cattle/Texas/24-008749-003/2024(H5N1)	1173	425
PB2|PP755596.1|A/cattle/Texas/24-008749-003/2024(H5N1)	1174	424
PB2|PP755596.1|A/cattle/Texas/24-008749-003/2024(H5N1)	1175	422
PB2|PP755596.1|A/cattle/Texas/24-008749-003/2024(H5N1)	1176	435
PB2|PP755596.1|A/cattle/Texas/24-008749-003/2024(H5N1)	1177	432
PB2|PP755596.1|A/cattle/Texas/24-008749-003/2024(H5N1)	1178	433
PB2|PP755596.1|A/cattle/Texas/24-008749-003/2024(H5N1)	1179	433
PB2|PP755596.1|A/cattle/Texas/24-008749-003/2024(H5N1)	1180	438
PB2|PP755596.1|A/cattle/Texas/24-008749-003/2024(H5N1)	1181	439
PB2|PP755596.1|A/cattle/Texas/24-008749-003/2024(H5N1)	1182	439
PB2|PP755596.1|A/cattle/Texas/24-008749-003/2024(H5N1)	1183	440
PB2|PP755596.1|A/cattle/Texas/24-008749-003/2024(H5N1)	1184	436
PB2|PP755596.1|A/cattle/Texas/24-008749-003/2024(H5N1)	1185	429
PB2|PP755596.1|A/cattle/Texas/24-008749-003/2024(H5N1)	1186	429
PB2|PP755596.1|A/cattle/Texas/24-008749-003/2024(H5N1)	1187	429
PB2|PP755596.1|A/cattle/Texas/24-008749-003/2024(H5N1)	1188	428
PB2|PP755596.1|A/cattle/Texas/24-008749-003/2024(H5N1)	1189	429
PB2|PP755596.1|A/cattle/Texas/24-008749-003/2024(H5N1)	1190	434
PB2|PP755596.1|A/cattle/Texas/24-008749-003/2024(H5N1)	1191	434
PB2|PP755596.1|A/cattle/Texas/24-008749-003/2024(H5N1)	1192	434
PB2|PP755596.1|A/cattle/Texas/24-008749-003/2024(H5N1)	1193	434
PB2|PP755596.1|A/cattle/Texas/24-008749-003/2024(H5N1)	1194	434
PB2|PP755596.1|A/cattle/Texas/24-008749-003/2024(H5N1)	1195	426
PB2|PP755596.1|A/cattle/Texas/24-008749-003/2024(H5N1)	1196	425
PB2|PP755596.1|A/cattle/Texas/24-008749-003/2024(H5N1)	1197	421
PB2|PP755596.1|A/cattle/Texas/24-008749-003/2024(H5N1)	1198	420
PB2|PP755596.1|A/cattle/Texas/24-008749-003/2024(H5N1)	1199	418
PB2|PP755596.1|A/cattle/Texas/24-008749-003/2024(H5N1)	1200	420
PB2|PP755596.1|A/cattle/Texas/24-008749-003/2024(H5N1)	1201	420
PB2|PP755596.1|A/cattle/Texas/24-008749-003/2024(H5N1)	1202	420
PB2|PP755596.1|A/cattle/Texas/24-008749-003/2024(H5N1)	1203	418
PB2|PP755596.1|A/cattle/Texas/24-008749-003/2024(H5N1)	1204	418
PB2|PP755596.1|A/cattle/Texas/24-008749-003/2024(H5N1)	1205	418
PB2|PP755596.1|A/cattle/Texas/24-008749-003/2024(H5N1)	1206	419
PB2|PP755596.1|A/cattle/Texas/24-008749-003/2024(H5N1)	1207	418
PB2|PP755596.1|A/cattle/Texas/24-008749-003/2024(H5N1)	1208	425
PB2|PP755596.1|A/cattle/Texas/24-008749-003/2024(H5N1)	1209	425
PB2|PP755596.1|A/cattle/Texas/24-008749-003/2024(H5N1)	1210	423
PB2|PP755596.1|A/cattle/Texas/24-008749-003/2024(H5N1)	1211	426
PB2|PP755596.1|A/cattle/Texas/24-008749-003/2024(H5N1)	1212	426
PB2|PP755596.1|A/cattle/Texas/24-008749-003/2024(H5N1)	1213	423
PB2|PP755596.1|A/cattle/Texas/24-008749-003/2024(H5N1)	1214	423
PB2|PP755596.1|A/cattle/Texas/24-008749-003/2024(H5N1)	1215	423
PB2|PP755596.1|A/cattle/Texas/24-008749-003/2024(H5N1)	1216	436
PB2|PP755596.1|A/cattle/Texas/24-008749-003/2024(H5N1)	1217	440
PB2|PP755596.1|A/cattle/Texas/24-008749-003/2024(H5N1)	1218	438
PB2|PP755596.1|A/cattle/Texas/24-008749-003/2024(H5N1)	1219	435
PB2|PP755596.1|A/cattle/Texas/24-008749-003/2024(H5N1)	1220	425
PB2|PP755596.1|A/cattle/Texas/24-008749-003/2024(H5N1)	1221	426
PB2|PP755596.1|A/cattle/Texas/24-008749-003/2024(H5N1)	1222	427
PB2|PP755596.1|A/cattle/Texas/24-008749-003/2024(H5N1)	1223	423
PB2|PP755596.1|A/cattle/Texas/24-008749-003/2024(H5N1)	1224	408
PB2|PP755596.1|A/cattle/Texas/24-008749-003/2024(H5N1)	1225	397
PB2|PP755596.1|A/cattle/Texas/24-008749-003/2024(H5N1)	1226	399
PB2|PP755596.1|A/cattle/Texas/24-008749-003/2024(H5N1)	1227	394
PB2|PP755596.1|A/cattle/Texas/24-008749-003/2024(H5N1)	1228	393
PB2|PP755596.1|A/cattle/Texas/24-008749-003/2024(H5N1)	1229	394
PB2|PP755596.1|A/cattle/Texas/24-008749-003/2024(H5N1)	1230	394
PB2|PP755596.1|A/cattle/Texas/24-008749-003/2024(H5N1)	1231	394
PB2|PP755596.1|A/cattle/Texas/24-008749-003/2024(H5N1)	1232	395
PB2|PP755596.1|A/cattle/Texas/24-008749-003/2024(H5N1)	1233	390
PB2|PP755596.1|A/cattle/Texas/24-008749-003/2024(H5N1)	1234	390
PB2|PP755596.1|A/cattle/Texas/24-008749-003/2024(H5N1)	1235	387
PB2|PP755596.1|A/cattle/Texas/24-008749-003/2024(H5N1)	1236	387
PB2|PP755596.1|A/cattle/Texas/24-008749-003/2024(H5N1)	1237	385
PB2|PP755596.1|A/cattle/Texas/24-008749-003/2024(H5N1)	1238	385
PB2|PP755596.1|A/cattle/Texas/24-008749-003/2024(H5N1)	1239	377
PB2|PP755596.1|A/cattle/Texas/24-008749-003/2024(H5N1)	1240	378
PB2|PP755596.1|A/cattle/Texas/24-008749-003/2024(H5N1)	1241	386
PB2|PP755596.1|A/cattle/Texas/24-008749-003/2024(H5N1)	1242	381
PB2|PP755596.1|A/cattle/Texas/24-008749-003/2024(H5N1)	1243	386
PB2|PP755596.1|A/cattle/Texas/24-008749-003/2024(H5N1)	1244	383
PB2|PP755596.1|A/cattle/Texas/24-008749-003/2024(H5N1)	1245	387
PB2|PP755596.1|A/cattle/Texas/24-008749-003/2024(H5N1)	1246	383
PB2|PP755596.1|A/cattle/Texas/24-008749-003/2024(H5N1)	1247	384
PB2|PP755596.1|A/cattle/Texas/24-008749-003/2024(H5N1)	1248	383
PB2|PP755596.1|A/cattle/Texas/24-008749-003/2024(H5N1)	1249	409
PB2|PP755596.1|A/cattle/Texas/24-008749-003/2024(H5N1)	1250	418
PB2|PP755596.1|A/cattle/Texas/24-008749-003/2024(H5N1)	1251	423
PB2|PP755596.1|A/cattle/Texas/24-008749-003/2024(H5N1)	1252	421
PB2|PP755596.1|A/cattle/Texas/24-008749-003/2024(H5N1)	1253	416
PB2|PP755596.1|A/cattle/Texas/24-008749-003/2024(H5N1)	1254	416
PB2|PP755596.1|A/cattle/Texas/24-008749-003/2024(H5N1)	1255	417
PB2|PP755596.1|A/cattle/Texas/24-008749-003/2024(H5N1)	1256	416
PB2|PP755596.1|A/cattle/Texas/24-008749-003/2024(H5N1)	1257	412
PB2|PP755596.1|A/cattle/Texas/24-008749-003/2024(H5N1)	1258	404
PB2|PP755596.1|A/cattle/Texas/24-008749-003/2024(H5N1)	1259	405
PB2|PP755596.1|A/cattle/Texas/24-008749-003/2024(H5N1)	1260	407
PB2|PP755596.1|A/cattle/Texas/24-008749-003/2024(H5N1)	1261	407
PB2|PP755596.1|A/cattle/Texas/24-008749-003/2024(H5N1)	1262	414
PB2|PP755596.1|A/cattle/Texas/24-008749-003/2024(H5N1)	1263	409
PB2|PP755596.1|A/cattle/Texas/24-008749-003/2024(H5N1)	1264	410
PB2|PP755596.1|A/cattle/Texas/24-008749-003/2024(H5N1)	1265	409
PB2|PP755596.1|A/cattle/Texas/24-008749-003/2024(H5N1)	1266	409
PB2|PP755596.1|A/cattle/Texas/24-008749-003/2024(H5N1)	1267	404
PB2|PP755596.1|A/cattle/Texas/24-008749-003/2024(H5N1)	1268	407
PB2|PP755596.1|A/cattle/Texas/24-008749-003/2024(H5N1)	1269	419
PB2|PP755596.1|A/cattle/Texas/24-008749-003/2024(H5N1)	1270	423
PB2|PP755596.1|A/cattle/Texas/24-008749-003/2024(H5N1)	1271	423
PB2|PP755596.1|A/cattle/Texas/24-008749-003/2024(H5N1)	1272	423
PB2|PP755596.1|A/cattle/Texas/24-008749-003/2024(H5N1)	1273	424
PB2|PP755596.1|A/cattle/Texas/24-008749-003/2024(H5N1)	1274	430
PB2|PP755596.1|A/cattle/Texas/24-008749-003/2024(H5N1)	1275	433
PB2|PP755596.1|A/cattle/Texas/24-008749-003/2024(H5N1)	1276	434
PB2|PP755596.1|A/cattle/Texas/24-008749-003/2024(H5N1)	1277	425
PB2|PP755596.1|A/cattle/Texas/24-008749-003/2024(H5N1)	1278	428
PB2|PP755596.1|A/cattle/Texas/24-008749-003/2024(H5N1)	1279	427
PB2|PP755596.1|A/cattle/Texas/24-008749-003/2024(H5N1)	1280	427
PB2|PP755596.1|A/cattle/Texas/24-008749-003/2024(H5N1)	1281	432
PB2|PP755596.1|A/cattle/Texas/24-008749-003/2024(H5N1)	1282	424
PB2|PP755596.1|A/cattle/Texas/24-008749-003/2024(H5N1)	1283	410
PB2|PP755596.1|A/cattle/Texas/24-008749-003/2024(H5N1)	1284	411
PB2|PP755596.1|A/cattle/Texas/24-008749-003/2024(H5N1)	1285	414
PB2|PP755596.1|A/cattle/Texas/24-008749-003/2024(H5N1)	1286	431
PB2|PP755596.1|A/cattle/Texas/24-008749-003/2024(H5N1)	1287	431
PB2|PP755596.1|A/cattle/Texas/24-008749-003/2024(H5N1)	1288	449
PB2|PP755596.1|A/cattle/Texas/24-008749-003/2024(H5N1)	1289	451
PB2|PP755596.1|A/cattle/Texas/24-008749-003/2024(H5N1)	1290	447
PB2|PP755596.1|A/cattle/Texas/24-008749-003/2024(H5N1)	1291	448
PB2|PP755596.1|A/cattle/Texas/24-008749-003/2024(H5N1)	1292	449
PB2|PP755596.1|A/cattle/Texas/24-008749-003/2024(H5N1)	1293	448
PB2|PP755596.1|A/cattle/Texas/24-008749-003/2024(H5N1)	1294	452
PB2|PP755596.1|A/cattle/Texas/24-008749-003/2024(H5N1)	1295	437
PB2|PP755596.1|A/cattle/Texas/24-008749-003/2024(H5N1)	1296	436
PB2|PP755596.1|A/cattle/Texas/24-008749-003/2024(H5N1)	1297	436
PB2|PP755596.1|A/cattle/Texas/24-008749-003/2024(H5N1)	1298	435
PB2|PP755596.1|A/cattle/Texas/24-008749-003/2024(H5N1)	1299	429
PB2|PP755596.1|A/cattle/Texas/24-008749-003/2024(H5N1)	1300	428
PB2|PP755596.1|A/cattle/Texas/24-008749-003/2024(H5N1)	1301	437
PB2|PP755596.1|A/cattle/Texas/24-008749-003/2024(H5N1)	1302	439
PB2|PP755596.1|A/cattle/Texas/24-008749-003/2024(H5N1)	1303	432
PB2|PP755596.1|A/cattle/Texas/24-008749-003/2024(H5N1)	1304	435
PB2|PP755596.1|A/cattle/Texas/24-008749-003/2024(H5N1)	1305	433
PB2|PP755596.1|A/cattle/Texas/24-008749-003/2024(H5N1)	1306	434
PB2|PP755596.1|A/cattle/Texas/24-008749-003/2024(H5N1)	1307	432
PB2|PP755596.1|A/cattle/Texas/24-008749-003/2024(H5N1)	1308	417
PB2|PP755596.1|A/cattle/Texas/24-008749-003/2024(H5N1)	1309	420
PB2|PP755596.1|A/cattle/Texas/24-008749-003/2024(H5N1)	1310	414
PB2|PP755596.1|A/cattle/Texas/24-008749-003/2024(H5N1)	1311	415
PB2|PP755596.1|A/cattle/Texas/24-008749-003/2024(H5N1)	1312	413
PB2|PP755596.1|A/cattle/Texas/24-008749-003/2024(H5N1)	1313	413
PB2|PP755596.1|A/cattle/Texas/24-008749-003/2024(H5N1)	1314	424
PB2|PP755596.1|A/cattle/Texas/24-008749-003/2024(H5N1)	1315	424
PB2|PP755596.1|A/cattle/Texas/24-008749-003/2024(H5N1)	1316	424
PB2|PP755596.1|A/cattle/Texas/24-008749-003/2024(H5N1)	1317	417
PB2|PP755596.1|A/cattle/Texas/24-008749-003/2024(H5N1)	1318	415
PB2|PP755596.1|A/cattle/Texas/24-008749-003/2024(H5N1)	1319	415
PB2|PP755596.1|A/cattle/Texas/24-008749-003/2024(H5N1)	1320	415
PB2|PP755596.1|A/cattle/Texas/24-008749-003/2024(H5N1)	1321	400
PB2|PP755596.1|A/cattle/Texas/24-008749-003/2024(H5N1)	1322	464
PB2|PP755596.1|A/cattle/Texas/24-008749-003/2024(H5N1)	1323	464
PB2|PP755596.1|A/cattle/Texas/24-008749-003/2024(H5N1)	1324	464
PB2|PP755596.1|A/cattle/Texas/24-008749-003/2024(H5N1)	1325	468
PB2|PP755596.1|A/cattle/Texas/24-008749-003/2024(H5N1)	1326	470
PB2|PP755596.1|A/cattle/Texas/24-008749-003/2024(H5N1)	1327	466
PB2|PP755596.1|A/cattle/Texas/24-008749-003/2024(H5N1)	1328	467
PB2|PP755596.1|A/cattle/Texas/24-008749-003/2024(H5N1)	1329	466
PB2|PP755596.1|A/cattle/Texas/24-008749-003/2024(H5N1)	1330	466
PB2|PP755596.1|A/cattle/Texas/24-008749-003/2024(H5N1)	1331	458
PB2|PP755596.1|A/cattle/Texas/24-008749-003/2024(H5N1)	1332	458
PB2|PP755596.1|A/cattle/Texas/24-008749-003/2024(H5N1)	1333	458
PB2|PP755596.1|A/cattle/Texas/24-008749-003/2024(H5N1)	1334	460
PB2|PP755596.1|A/cattle/Texas/24-008749-003/2024(H5N1)	1335	460
PB2|PP755596.1|A/cattle/Texas/24-008749-003/2024(H5N1)	1336	468
PB2|PP755596.1|A/cattle/Texas/24-008749-003/2024(H5N1)	1337	470
PB2|PP755596.1|A/cattle/Texas/24-008749-003/2024(H5N1)	1338	470
PB2|PP755596.1|A/cattle/Texas/24-008749-003/2024(H5N1)	1339	469
PB2|PP755596.1|A/cattle/Texas/24-008749-003/2024(H5N1)	1340	469
PB2|PP755596.1|A/cattle/Texas/24-008749-003/2024(H5N1)	1341	465
PB2|PP755596.1|A/cattle/Texas/24-008749-003/2024(H5N1)	1342	466
PB2|PP755596.1|A/cattle/Texas/24-008749-003/2024(H5N1)	1343	470
PB2|PP755596.1|A/cattle/Texas/24-008749-003/2024(H5N1)	1344	470
PB2|PP755596.1|A/cattle/Texas/24-008749-003/2024(H5N1)	1345	470
PB2|PP755596.1|A/cattle/Texas/24-008749-003/2024(H5N1)	1346	468
PB2|PP755596.1|A/cattle/Texas/24-008749-003/2024(H5N1)	1347	468
PB2|PP755596.1|A/cattle/Texas/24-008749-003/2024(H5N1)	1348	469
PB2|PP755596.1|A/cattle/Texas/24-008749-003/2024(H5N1)	1349	475
PB2|PP755596.1|A/cattle/Texas/24-008749-003/2024(H5N1)	1350	472
PB2|PP755596.1|A/cattle/Texas/24-008749-003/2024(H5N1)	1351	476
PB2|PP755596.1|A/cattle/Texas/24-008749-003/2024(H5N1)	1352	476
PB2|PP755596.1|A/cattle/Texas/24-008749-003/2024(H5N1)	1353	476
PB2|PP755596.1|A/cattle/Texas/24-008749-003/2024(H5N1)	1354	477
PB2|PP755596.1|A/cattle/Texas/24-008749-003/2024(H5N1)	1355	474
PB2|PP755596.1|A/cattle/Texas/24-008749-003/2024(H5N1)	1356	476
PB2|PP755596.1|A/cattle/Texas/24-008749-003/2024(H5N1)	1357	473
PB2|PP755596.1|A/cattle/Texas/24-008749-003/2024(H5N1)	1358	470
PB2|PP755596.1|A/cattle/Texas/24-008749-003/2024(H5N1)	1359	469
PB2|PP755596.1|A/cattle/Texas/24-008749-003/2024(H5N1)	1360	465
PB2|PP755596.1|A/cattle/Texas/24-008749-003/2024(H5N1)	1361	466
PB2|PP755596.1|A/cattle/Texas/24-008749-003/2024(H5N1)	1362	462
PB2|PP755596.1|A/cattle/Texas/24-008749-003/2024(H5N1)	1363	460
PB2|PP755596.1|A/cattle/Texas/24-008749-003/2024(H5N1)	1364	460
PB2|PP755596.1|A/cattle/Texas/24-008749-003/2024(H5N1)	1365	459
PB2|PP755596.1|A/cattle/Texas/24-008749-003/2024(H5N1)	1366	454
PB2|PP755596.1|A/cattle/Texas/24-008749-003/2024(H5N1)	1367	435
PB2|PP755596.1|A/cattle/Texas/24-008749-003/2024(H5N1)	1368	433
PB2|PP755596.1|A/cattle/Texas/24-008749-003/2024(H5N1)	1369	435
PB2|PP755596.1|A/cattle/Texas/24-008749-003/2024(H5N1)	1370	432
PB2|PP755596.1|A/cattle/Texas/24-008749-003/2024(H5N1)	1371	434
PB2|PP755596.1|A/cattle/Texas/24-008749-003/2024(H5N1)	1372	427
PB2|PP755596.1|A/cattle/Texas/24-008749-003/2024(H5N1)	1373	427
PB2|PP755596.1|A/cattle/Texas/24-008749-003/2024(H5N1)	1374	425
PB2|PP755596.1|A/cattle/Texas/24-008749-003/2024(H5N1)	1375	421
PB2|PP755596.1|A/cattle/Texas/24-008749-003/2024(H5N1)	1376	419
PB2|PP755596.1|A/cattle/Texas/24-008749-003/2024(H5N1)	1377	419
PB2|PP755596.1|A/cattle/Texas/24-008749-003/2024(H5N1)	1378	415
PB2|PP755596.1|A/cattle/Texas/24-008749-003/2024(H5N1)	1379	415
PB2|PP755596.1|A/cattle/Texas/24-008749-003/2024(H5N1)	1380	414
PB2|PP755596.1|A/cattle/Texas/24-008749-003/2024(H5N1)	1381	407
PB2|PP755596.1|A/cattle/Texas/24-008749-003/2024(H5N1)	1382	409
PB2|PP755596.1|A/cattle/Texas/24-008749-003/2024(H5N1)	1383	408
PB2|PP755596.1|A/cattle/Texas/24-008749-003/2024(H5N1)	1384	408
PB2|PP755596.1|A/cattle/Texas/24-008749-003/2024(H5N1)	1385	427
PB2|PP755596.1|A/cattle/Texas/24-008749-003/2024(H5N1)	1386	425
PB2|PP755596.1|A/cattle/Texas/24-008749-003/2024(H5N1)	1387	436
PB2|PP755596.1|A/cattle/Texas/24-008749-003/2024(H5N1)	1388	436
PB2|PP755596.1|A/cattle/Texas/24-008749-003/2024(H5N1)	1389	450
PB2|PP755596.1|A/cattle/Texas/24-008749-003/2024(H5N1)	1390	449
PB2|PP755596.1|A/cattle/Texas/24-008749-003/2024(H5N1)	1391	444
PB2|PP755596.1|A/cattle/Texas/24-008749-003/2024(H5N1)	1392	444
PB2|PP755596.1|A/cattle/Texas/24-008749-003/2024(H5N1)	1393	447
PB2|PP755596.1|A/cattle/Texas/24-008749-003/2024(H5N1)	1394	434
PB2|PP755596.1|A/cattle/Texas/24-008749-003/2024(H5N1)	1395	431
PB2|PP755596.1|A/cattle/Texas/24-008749-003/2024(H5N1)	1396	429
PB2|PP755596.1|A/cattle/Texas/24-008749-003/2024(H5N1)	1397	430
PB2|PP755596.1|A/cattle/Texas/24-008749-003/2024(H5N1)	1398	430
PB2|PP755596.1|A/cattle/Texas/24-008749-003/2024(H5N1)	1399	431
PB2|PP755596.1|A/cattle/Texas/24-008749-003/2024(H5N1)	1400	408
PB2|PP755596.1|A/cattle/Texas/24-008749-003/2024(H5N1)	1401	403
PB2|PP755596.1|A/cattle/Texas/24-008749-003/2024(H5N1)	1402	400
PB2|PP755596.1|A/cattle/Texas/24-008749-003/2024(H5N1)	1403	401
PB2|PP755596.1|A/cattle/Texas/24-008749-003/2024(H5N1)	1404	405
PB2|PP755596.1|A/cattle/Texas/24-008749-003/2024(H5N1)	1405	404
PB2|PP755596.1|A/cattle/Texas/24-008749-003/2024(H5N1)	1406	401
PB2|PP755596.1|A/cattle/Texas/24-008749-003/2024(H5N1)	1407	401
PB2|PP755596.1|A/cattle/Texas/24-008749-003/2024(H5N1)	1408	398
PB2|PP755596.1|A/cattle/Texas/24-008749-003/2024(H5N1)	1409	404
PB2|PP755596.1|A/cattle/Texas/24-008749-003/2024(H5N1)	1410	404
PB2|PP755596.1|A/cattle/Texas/24-008749-003/2024(H5N1)	1411	403
PB2|PP755596.1|A/cattle/Texas/24-008749-003/2024(H5N1)	1412	405
PB2|PP755596.1|A/cattle/Texas/24-008749-003/2024(H5N1)	1413	398
PB2|PP755596.1|A/cattle/Texas/24-008749-003/2024(H5N1)	1414	398
PB2|PP755596.1|A/cattle/Texas/24-008749-003/2024(H5N1)	1415	400
PB2|PP755596.1|A/cattle/Texas/24-008749-003/2024(H5N1)	1416	401
PB2|PP755596.1|A/cattle/Texas/24-008749-003/2024(H5N1)	1417	408
PB2|PP755596.1|A/cattle/Texas/24-008749-003/2024(H5N1)	1418	396
PB2|PP755596.1|A/cattle/Texas/24-008749-003/2024(H5N1)	1419	391
PB2|PP755596.1|A/cattle/Texas/24-008749-003/2024(H5N1)	1420	390
PB2|PP755596.1|A/cattle/Texas/24-008749-003/2024(H5N1)	1421	390
PB2|PP755596.1|A/cattle/Texas/24-008749-003/2024(H5N1)	1422	389
PB2|PP755596.1|A/cattle/Texas/24-008749-003/2024(H5N1)	1423	390
PB2|PP755596.1|A/cattle/Texas/24-008749-003/2024(H5N1)	1424	388
PB2|PP755596.1|A/cattle/Texas/24-008749-003/2024(H5N1)	1425	389
PB2|PP755596.1|A/cattle/Texas/24-008749-003/2024(H5N1)	1426	386
PB2|PP755596.1|A/cattle/Texas/24-008749-003/2024(H5N1)	1427	388
PB2|PP755596.1|A/cattle/Texas/24-008749-003/2024(H5N1)	1428	389
PB2|PP755596.1|A/cattle/Texas/24-008749-003/2024(H5N1)	1429	383
PB2|PP755596.1|A/cattle/Texas/24-008749-003/2024(H5N1)	1430	408
PB2|PP755596.1|A/cattle/Texas/24-008749-003/2024(H5N1)	1431	409
PB2|PP755596.1|A/cattle/Texas/24-008749-003/2024(H5N1)	1432	406
PB2|PP755596.1|A/cattle/Texas/24-008749-003/2024(H5N1)	1433	406
PB2|PP755596.1|A/cattle/Texas/24-008749-003/2024(H5N1)	1434	405
PB2|PP755596.1|A/cattle/Texas/24-008749-003/2024(H5N1)	1435	403
PB2|PP755596.1|A/cattle/Texas/24-008749-003/2024(H5N1)	1436	401
PB2|PP755596.1|A/cattle/Texas/24-008749-003/2024(H5N1)	1437	386
PB2|PP755596.1|A/cattle/Texas/24-008749-003/2024(H5N1)	1438	385
PB2|PP755596.1|A/cattle/Texas/24-008749-003/2024(H5N1)	1439	366
PB2|PP755596.1|A/cattle/Texas/24-008749-003/2024(H5N1)	1440	361
PB2|PP755596.1|A/cattle/Texas/24-008749-003/2024(H5N1)	1441	361
PB2|PP755596.1|A/cattle/Texas/24-008749-003/2024(H5N1)	1442	360
PB2|PP755596.1|A/cattle/Texas/24-008749-003/2024(H5N1)	1443	360
PB2|PP755596.1|A/cattle/Texas/24-008749-003/2024(H5N1)	1444	360
PB2|PP755596.1|A/cattle/Texas/24-008749-003/2024(H5N1)	1445	354
PB2|PP755596.1|A/cattle/Texas/24-008749-003/2024(H5N1)	1446	356
PB2|PP755596.1|A/cattle/Texas/24-008749-003/2024(H5N1)	1447	360
PB2|PP755596.1|A/cattle/Texas/24-008749-003/2024(H5N1)	1448	362
PB2|PP755596.1|A/cattle/Texas/24-008749-003/2024(H5N1)	1449	361
PB2|PP755596.1|A/cattle/Texas/24-008749-003/2024(H5N1)	1450	361
PB2|PP755596.1|A/cattle/Texas/24-008749-003/2024(H5N1)	1451	364
PB2|PP755596.1|A/cattle/Texas/24-008749-003/2024(H5N1)	1452	356
PB2|PP755596.1|A/cattle/Texas/24-008749-003/2024(H5N1)	1453	351
PB2|PP755596.1|A/cattle/Texas/24-008749-003/2024(H5N1)	1454	351
PB2|PP755596.1|A/cattle/Texas/24-008749-003/2024(H5N1)	1455	349
PB2|PP755596.1|A/cattle/Texas/24-008749-003/2024(H5N1)	1456	355
PB2|PP755596.1|A/cattle/Texas/24-008749-003/2024(H5N1)	1457	354
PB2|PP755596.1|A/cattle/Texas/24-008749-003/2024(H5N1)	1458	357
PB2|PP755596.1|A/cattle/Texas/24-008749-003/2024(H5N1)	1459	359
PB2|PP755596.1|A/cattle/Texas/24-008749-003/2024(H5N1)	1460	356
PB2|PP755596.1|A/cattle/Texas/24-008749-003/2024(H5N1)	1461	356
PB2|PP755596.1|A/cattle/Texas/24-008749-003/2024(H5N1)	1462	347
PB2|PP755596.1|A/cattle/Texas/24-008749-003/2024(H5N1)	1463	344
PB2|PP755596.1|A/cattle/Texas/24-008749-003/2024(H5N1)	1464	415
PB2|PP755596.1|A/cattle/Texas/24-008749-003/2024(H5N1)	1465	405
PB2|PP755596.1|A/cattle/Texas/24-008749-003/2024(H5N1)	1466	420
PB2|PP755596.1|A/cattle/Texas/24-008749-003/2024(H5N1)	1467	419
PB2|PP755596.1|A/cattle/Texas/24-008749-003/2024(H5N1)	1468	418
PB2|PP755596.1|A/cattle/Texas/24-008749-003/2024(H5N1)	1469	425
PB2|PP755596.1|A/cattle/Texas/24-008749-003/2024(H5N1)	1470	425
PB2|PP755596.1|A/cattle/Texas/24-008749-003/2024(H5N1)	1471	425
PB2|PP755596.1|A/cattle/Texas/24-008749-003/2024(H5N1)	1472	422
PB2|PP755596.1|A/cattle/Texas/24-008749-003/2024(H5N1)	1473	361
PB2|PP755596.1|A/cattle/Texas/24-008749-003/2024(H5N1)	1474	363
PB2|PP755596.1|A/cattle/Texas/24-008749-003/2024(H5N1)	1475	365
PB2|PP755596.1|A/cattle/Texas/24-008749-003/2024(H5N1)	1476	368
PB2|PP755596.1|A/cattle/Texas/24-008749-003/2024(H5N1)	1477	368
PB2|PP755596.1|A/cattle/Texas/24-008749-003/2024(H5N1)	1478	369
PB2|PP755596.1|A/cattle/Texas/24-008749-003/2024(H5N1)	1479	371
PB2|PP755596.1|A/cattle/Texas/24-008749-003/2024(H5N1)	1480	371
PB2|PP755596.1|A/cattle/Texas/24-008749-003/2024(H5N1)	1481	385
PB2|PP755596.1|A/cattle/Texas/24-008749-003/2024(H5N1)	1482	384
PB2|PP755596.1|A/cattle/Texas/24-008749-003/2024(H5N1)	1483	386
PB2|PP755596.1|A/cattle/Texas/24-008749-003/2024(H5N1)	1484	386
PB2|PP755596.1|A/cattle/Texas/24-008749-003/2024(H5N1)	1485	392
PB2|PP755596.1|A/cattle/Texas/24-008749-003/2024(H5N1)	1486	392
PB2|PP755596.1|A/cattle/Texas/24-008749-003/2024(H5N1)	1487	385
PB2|PP755596.1|A/cattle/Texas/24-008749-003/2024(H5N1)	1488	383
PB2|PP755596.1|A/cattle/Texas/24-008749-003/2024(H5N1)	1489	383
PB2|PP755596.1|A/cattle/Texas/24-008749-003/2024(H5N1)	1490	385
PB2|PP755596.1|A/cattle/Texas/24-008749-003/2024(H5N1)	1491	399
PB2|PP755596.1|A/cattle/Texas/24-008749-003/2024(H5N1)	1492	397
PB2|PP755596.1|A/cattle/Texas/24-008749-003/2024(H5N1)	1493	396
PB2|PP755596.1|A/cattle/Texas/24-008749-003/2024(H5N1)	1494	392
PB2|PP755596.1|A/cattle/Texas/24-008749-003/2024(H5N1)	1495	392
PB2|PP755596.1|A/cattle/Texas/24-008749-003/2024(H5N1)	1496	420
PB2|PP755596.1|A/cattle/Texas/24-008749-003/2024(H5N1)	1497	418
PB2|PP755596.1|A/cattle/Texas/24-008749-003/2024(H5N1)	1498	417
PB2|PP755596.1|A/cattle/Texas/24-008749-003/2024(H5N1)	1499	419
PB2|PP755596.1|A/cattle/Texas/24-008749-003/2024(H5N1)	1500	417
PB2|PP755596.1|A/cattle/Texas/24-008749-003/2024(H5N1)	1501	442
PB2|PP755596.1|A/cattle/Texas/24-008749-003/2024(H5N1)	1502	436
PB2|PP755596.1|A/cattle/Texas/24-008749-003/2024(H5N1)	1503	439
PB2|PP755596.1|A/cattle/Texas/24-008749-003/2024(H5N1)	1504	441
PB2|PP755596.1|A/cattle/Texas/24-008749-003/2024(H5N1)	1505	440
PB2|PP755596.1|A/cattle/Texas/24-008749-003/2024(H5N1)	1506	440
PB2|PP755596.1|A/cattle/Texas/24-008749-003/2024(H5N1)	1507	438
PB2|PP755596.1|A/cattle/Texas/24-008749-003/2024(H5N1)	1508	439
PB2|PP755596.1|A/cattle/Texas/24-008749-003/2024(H5N1)	1509	435
PB2|PP755596.1|A/cattle/Texas/24-008749-003/2024(H5N1)	1510	433
PB2|PP755596.1|A/cattle/Texas/24-008749-003/2024(H5N1)	1511	432
PB2|PP755596.1|A/cattle/Texas/24-008749-003/2024(H5N1)	1512	433
PB2|PP755596.1|A/cattle/Texas/24-008749-003/2024(H5N1)	1513	433
PB2|PP755596.1|A/cattle/Texas/24-008749-003/2024(H5N1)	1514	433
PB2|PP755596.1|A/cattle/Texas/24-008749-003/2024(H5N1)	1515	434
PB2|PP755596.1|A/cattle/Texas/24-008749-003/2024(H5N1)	1516	435
PB2|PP755596.1|A/cattle/Texas/24-008749-003/2024(H5N1)	1517	435
PB2|PP755596.1|A/cattle/Texas/24-008749-003/2024(H5N1)	1518	433
PB2|PP755596.1|A/cattle/Texas/24-008749-003/2024(H5N1)	1519	429
PB2|PP755596.1|A/cattle/Texas/24-008749-003/2024(H5N1)	1520	429
PB2|PP755596.1|A/cattle/Texas/24-008749-003/2024(H5N1)	1521	431
PB2|PP755596.1|A/cattle/Texas/24-008749-003/2024(H5N1)	1522	431
PB2|PP755596.1|A/cattle/Texas/24-008749-003/2024(H5N1)	1523	430
PB2|PP755596.1|A/cattle/Texas/24-008749-003/2024(H5N1)	1524	434
PB2|PP755596.1|A/cattle/Texas/24-008749-003/2024(H5N1)	1525	432
PB2|PP755596.1|A/cattle/Texas/24-008749-003/2024(H5N1)	1526	433
PB2|PP755596.1|A/cattle/Texas/24-008749-003/2024(H5N1)	1527	436
PB2|PP755596.1|A/cattle/Texas/24-008749-003/2024(H5N1)	1528	432
PB2|PP755596.1|A/cattle/Texas/24-008749-003/2024(H5N1)	1529	443
PB2|PP755596.1|A/cattle/Texas/24-008749-003/2024(H5N1)	1530	443
PB2|PP755596.1|A/cattle/Texas/24-008749-003/2024(H5N1)	1531	456
PB2|PP755596.1|A/cattle/Texas/24-008749-003/2024(H5N1)	1532	458
PB2|PP755596.1|A/cattle/Texas/24-008749-003/2024(H5N1)	1533	456
PB2|PP755596.1|A/cattle/Texas/24-008749-003/2024(H5N1)	1534	447
PB2|PP755596.1|A/cattle/Texas/24-008749-003/2024(H5N1)	1535	446
PB2|PP755596.1|A/cattle/Texas/24-008749-003/2024(H5N1)	1536	454
PB2|PP755596.1|A/cattle/Texas/24-008749-003/2024(H5N1)	1537	453
PB2|PP755596.1|A/cattle/Texas/24-008749-003/2024(H5N1)	1538	440
PB2|PP755596.1|A/cattle/Texas/24-008749-003/2024(H5N1)	1539	441
PB2|PP755596.1|A/cattle/Texas/24-008749-003/2024(H5N1)	1540	413
PB2|PP755596.1|A/cattle/Texas/24-008749-003/2024(H5N1)	1541	413
PB2|PP755596.1|A/cattle/Texas/24-008749-003/2024(H5N1)	1542	415
PB2|PP755596.1|A/cattle/Texas/24-008749-003/2024(H5N1)	1543	414
PB2|PP755596.1|A/cattle/Texas/24-008749-003/2024(H5N1)	1544	414
PB2|PP755596.1|A/cattle/Texas/24-008749-003/2024(H5N1)	1545	413
PB2|PP755596.1|A/cattle/Texas/24-008749-003/2024(H5N1)	1546	413
PB2|PP755596.1|A/cattle/Texas/24-008749-003/2024(H5N1)	1547	413
PB2|PP755596.1|A/cattle/Texas/24-008749-003/2024(H5N1)	1548	412
PB2|PP755596.1|A/cattle/Texas/24-008749-003/2024(H5N1)	1549	412
PB2|PP755596.1|A/cattle/Texas/24-008749-003/2024(H5N1)	1550	425
PB2|PP755596.1|A/cattle/Texas/24-008749-003/2024(H5N1)	1551	424
PB2|PP755596.1|A/cattle/Texas/24-008749-003/2024(H5N1)	1552	424
PB2|PP755596.1|A/cattle/Texas/24-008749-003/2024(H5N1)	1553	426
PB2|PP755596.1|A/cattle/Texas/24-008749-003/2024(H5N1)	1554	422
PB2|PP755596.1|A/cattle/Texas/24-008749-003/2024(H5N1)	1555	420
PB2|PP755596.1|A/cattle/Texas/24-008749-003/2024(H5N1)	1556	421
PB2|PP755596.1|A/cattle/Texas/24-008749-003/2024(H5N1)	1557	423
PB2|PP755596.1|A/cattle/Texas/24-008749-003/2024(H5N1)	1558	423
PB2|PP755596.1|A/cattle/Texas/24-008749-003/2024(H5N1)	1559	423
PB2|PP755596.1|A/cattle/Texas/24-008749-003/2024(H5N1)	1560	417
PB2|PP755596.1|A/cattle/Texas/24-008749-003/2024(H5N1)	1561	427
PB2|PP755596.1|A/cattle/Texas/24-008749-003/2024(H5N1)	1562	427
PB2|PP755596.1|A/cattle/Texas/24-008749-003/2024(H5N1)	1563	426
PB2|PP755596.1|A/cattle/Texas/24-008749-003/2024(H5N1)	1564	428
PB2|PP755596.1|A/cattle/Texas/24-008749-003/2024(H5N1)	1565	427
PB2|PP755596.1|A/cattle/Texas/24-008749-003/2024(H5N1)	1566	426
PB2|PP755596.1|A/cattle/Texas/24-008749-003/2024(H5N1)	1567	425
PB2|PP755596.1|A/cattle/Texas/24-008749-003/2024(H5N1)	1568	429
PB2|PP755596.1|A/cattle/Texas/24-008749-003/2024(H5N1)	1569	432
PB2|PP755596.1|A/cattle/Texas/24-008749-003/2024(H5N1)	1570	430
PB2|PP755596.1|A/cattle/Texas/24-008749-003/2024(H5N1)	1571	429
PB2|PP755596.1|A/cattle/Texas/24-008749-003/2024(H5N1)	1572	428
PB2|PP755596.1|A/cattle/Texas/24-008749-003/2024(H5N1)	1573	429
PB2|PP755596.1|A/cattle/Texas/24-008749-003/2024(H5N1)	1574	431
PB2|PP755596.1|A/cattle/Texas/24-008749-003/2024(H5N1)	1575	431
PB2|PP755596.1|A/cattle/Texas/24-008749-003/2024(H5N1)	1576	436
PB2|PP755596.1|A/cattle/Texas/24-008749-003/2024(H5N1)	1577	435
PB2|PP755596.1|A/cattle/Texas/24-008749-003/2024(H5N1)	1578	437
PB2|PP755596.1|A/cattle/Texas/24-008749-003/2024(H5N1)	1579	437
PB2|PP755596.1|A/cattle/Texas/24-008749-003/2024(H5N1)	1580	439
PB2|PP755596.1|A/cattle/Texas/24-008749-003/2024(H5N1)	1581	416
PB2|PP755596.1|A/cattle/Texas/24-008749-003/2024(H5N1)	1582	415
PB2|PP755596.1|A/cattle/Texas/24-008749-003/2024(H5N1)	1583	414
PB2|PP755596.1|A/cattle/Texas/24-008749-003/2024(H5N1)	1584	413
PB2|PP755596.1|A/cattle/Texas/24-008749-003/2024(H5N1)	1585	414
PB2|PP755596.1|A/cattle/Texas/24-008749-003/2024(H5N1)	1586	419
PB2|PP755596.1|A/cattle/Texas/24-008749-003/2024(H5N1)	1587	425
PB2|PP755596.1|A/cattle/Texas/24-008749-003/2024(H5N1)	1588	425
PB2|PP755596.1|A/cattle/Texas/24-008749-003/2024(H5N1)	1589	427
PB2|PP755596.1|A/cattle/Texas/24-008749-003/2024(H5N1)	1590	425
PB2|PP755596.1|A/cattle/Texas/24-008749-003/2024(H5N1)	1591	429
PB2|PP755596.1|A/cattle/Texas/24-008749-003/2024(H5N1)	1592	429
PB2|PP755596.1|A/cattle/Texas/24-008749-003/2024(H5N1)	1593	433
PB2|PP755596.1|A/cattle/Texas/24-008749-003/2024(H5N1)	1594	433
PB2|PP755596.1|A/cattle/Texas/24-008749-003/2024(H5N1)	1595	440
PB2|PP755596.1|A/cattle/Texas/24-008749-003/2024(H5N1)	1596	441
PB2|PP755596.1|A/cattle/Texas/24-008749-003/2024(H5N1)	1597	437
PB2|PP755596.1|A/cattle/Texas/24-008749-003/2024(H5N1)	1598	436
PB2|PP755596.1|A/cattle/Texas/24-008749-003/2024(H5N1)	1599	435
PB2|PP755596.1|A/cattle/Texas/24-008749-003/2024(H5N1)	1600	439
PB2|PP755596.1|A/cattle/Texas/24-008749-003/2024(H5N1)	1601	432
PB2|PP755596.1|A/cattle/Texas/24-008749-003/2024(H5N1)	1602	435
PB2|PP755596.1|A/cattle/Texas/24-008749-003/2024(H5N1)	1603	438
PB2|PP755596.1|A/cattle/Texas/24-008749-003/2024(H5N1)	1604	440
PB2|PP755596.1|A/cattle/Texas/24-008749-003/2024(H5N1)	1605	439
PB2|PP755596.1|A/cattle/Texas/24-008749-003/2024(H5N1)	1606	440
PB2|PP755596.1|A/cattle/Texas/24-008749-003/2024(H5N1)	1607	434
PB2|PP755596.1|A/cattle/Texas/24-008749-003/2024(H5N1)	1608	436
PB2|PP755596.1|A/cattle/Texas/24-008749-003/2024(H5N1)	1609	435
PB2|PP755596.1|A/cattle/Texas/24-008749-003/2024(H5N1)	1610	433
PB2|PP755596.1|A/cattle/Texas/24-008749-003/2024(H5N1)	1611	445
PB2|PP755596.1|A/cattle/Texas/24-008749-003/2024(H5N1)	1612	444
PB2|PP755596.1|A/cattle/Texas/24-008749-003/2024(H5N1)	1613	441
PB2|PP755596.1|A/cattle/Texas/24-008749-003/2024(H5N1)	1614	446
PB2|PP755596.1|A/cattle/Texas/24-008749-003/2024(H5N1)	1615	382
PB2|PP755596.1|A/cattle/Texas/24-008749-003/2024(H5N1)	1616	382
PB2|PP755596.1|A/cattle/Texas/24-008749-003/2024(H5N1)	1617	369
PB2|PP755596.1|A/cattle/Texas/24-008749-003/2024(H5N1)	1618	369
PB2|PP755596.1|A/cattle/Texas/24-008749-003/2024(H5N1)	1619	371
PB2|PP755596.1|A/cattle/Texas/24-008749-003/2024(H5N1)	1620	368
PB2|PP755596.1|A/cattle/Texas/24-008749-003/2024(H5N1)	1621	370
PB2|PP755596.1|A/cattle/Texas/24-008749-003/2024(H5N1)	1622	383
PB2|PP755596.1|A/cattle/Texas/24-008749-003/2024(H5N1)	1623	379
PB2|PP755596.1|A/cattle/Texas/24-008749-003/2024(H5N1)	1624	378
PB2|PP755596.1|A/cattle/Texas/24-008749-003/2024(H5N1)	1625	376
PB2|PP755596.1|A/cattle/Texas/24-008749-003/2024(H5N1)	1626	399
PB2|PP755596.1|A/cattle/Texas/24-008749-003/2024(H5N1)	1627	406
PB2|PP755596.1|A/cattle/Texas/24-008749-003/2024(H5N1)	1628	404
PB2|PP755596.1|A/cattle/Texas/24-008749-003/2024(H5N1)	1629	398
PB2|PP755596.1|A/cattle/Texas/24-008749-003/2024(H5N1)	1630	401
PB2|PP755596.1|A/cattle/Texas/24-008749-003/2024(H5N1)	1631	398
PB2|PP755596.1|A/cattle/Texas/24-008749-003/2024(H5N1)	1632	398
PB2|PP755596.1|A/cattle/Texas/24-008749-003/2024(H5N1)	1633	418
PB2|PP755596.1|A/cattle/Texas/24-008749-003/2024(H5N1)	1634	416
PB2|PP755596.1|A/cattle/Texas/24-008749-003/2024(H5N1)	1635	415
PB2|PP755596.1|A/cattle/Texas/24-008749-003/2024(H5N1)	1636	412
PB2|PP755596.1|A/cattle/Texas/24-008749-003/2024(H5N1)	1637	411
PB2|PP755596.1|A/cattle/Texas/24-008749-003/2024(H5N1)	1638	427
PB2|PP755596.1|A/cattle/Texas/24-008749-003/2024(H5N1)	1639	429
PB2|PP755596.1|A/cattle/Texas/24-008749-003/2024(H5N1)	1640	431
PB2|PP755596.1|A/cattle/Texas/24-008749-003/2024(H5N1)	1641	430
PB2|PP755596.1|A/cattle/Texas/24-008749-003/2024(H5N1)	1642	416
PB2|PP755596.1|A/cattle/Texas/24-008749-003/2024(H5N1)	1643	432
PB2|PP755596.1|A/cattle/Texas/24-008749-003/2024(H5N1)	1644	432
PB2|PP755596.1|A/cattle/Texas/24-008749-003/2024(H5N1)	1645	436
PB2|PP755596.1|A/cattle/Texas/24-008749-003/2024(H5N1)	1646	438
PB2|PP755596.1|A/cattle/Texas/24-008749-003/2024(H5N1)	1647	410
PB2|PP755596.1|A/cattle/Texas/24-008749-003/2024(H5N1)	1648	410
PB2|PP755596.1|A/cattle/Texas/24-008749-003/2024(H5N1)	1649	410
PB2|PP755596.1|A/cattle/Texas/24-008749-003/2024(H5N1)	1650	407
PB2|PP755596.1|A/cattle/Texas/24-008749-003/2024(H5N1)	1651	402
PB2|PP755596.1|A/cattle/Texas/24-008749-003/2024(H5N1)	1652	378
PB2|PP755596.1|A/cattle/Texas/24-008749-003/2024(H5N1)	1653	379
PB2|PP755596.1|A/cattle/Texas/24-008749-003/2024(H5N1)	1654	380
PB2|PP755596.1|A/cattle/Texas/24-008749-003/2024(H5N1)	1655	379
PB2|PP755596.1|A/cattle/Texas/24-008749-003/2024(H5N1)	1656	382
PB2|PP755596.1|A/cattle/Texas/24-008749-003/2024(H5N1)	1657	382
PB2|PP755596.1|A/cattle/Texas/24-008749-003/2024(H5N1)	1658	382
PB2|PP755596.1|A/cattle/Texas/24-008749-003/2024(H5N1)	1659	380
PB2|PP755596.1|A/cattle/Texas/24-008749-003/2024(H5N1)	1660	384
PB2|PP755596.1|A/cattle/Texas/24-008749-003/2024(H5N1)	1661	385
PB2|PP755596.1|A/cattle/Texas/24-008749-003/2024(H5N1)	1662	383
PB2|PP755596.1|A/cattle/Texas/24-008749-003/2024(H5N1)	1663	381
PB2|PP755596.1|A/cattle/Texas/24-008749-003/2024(H5N1)	1664	381
PB2|PP755596.1|A/cattle/Texas/24-008749-003/2024(H5N1)	1665	381
PB2|PP755596.1|A/cattle/Texas/24-008749-003/2024(H5N1)	1666	387
PB2|PP755596.1|A/cattle/Texas/24-008749-003/2024(H5N1)	1667	386
PB2|PP755596.1|A/cattle/Texas/24-008749-003/2024(H5N1)	1668	391
PB2|PP755596.1|A/cattle/Texas/24-008749-003/2024(H5N1)	1669	388
PB2|PP755596.1|A/cattle/Texas/24-008749-003/2024(H5N1)	1670	390
PB2|PP755596.1|A/cattle/Texas/24-008749-003/2024(H5N1)	1671	390
PB2|PP755596.1|A/cattle/Texas/24-008749-003/2024(H5N1)	1672	390
PB2|PP755596.1|A/cattle/Texas/24-008749-003/2024(H5N1)	1673	396
PB2|PP755596.1|A/cattle/Texas/24-008749-003/2024(H5N1)	1674	399
PB2|PP755596.1|A/cattle/Texas/24-008749-003/2024(H5N1)	1675	394
PB2|PP755596.1|A/cattle/Texas/24-008749-003/2024(H5N1)	1676	393
PB2|PP755596.1|A/cattle/Texas/24-008749-003/2024(H5N1)	1677	390
PB2|PP755596.1|A/cattle/Texas/24-008749-003/2024(H5N1)	1678	392
PB2|PP755596.1|A/cattle/Texas/24-008749-003/2024(H5N1)	1679	399
PB2|PP755596.1|A/cattle/Texas/24-008749-003/2024(H5N1)	1680	388
PB2|PP755596.1|A/cattle/Texas/24-008749-003/2024(H5N1)	1681	386
PB2|PP755596.1|A/cattle/Texas/24-008749-003/2024(H5N1)	1682	372
PB2|PP755596.1|A/cattle/Texas/24-008749-003/2024(H5N1)	1683	370
PB2|PP755596.1|A/cattle/Texas/24-008749-003/2024(H5N1)	1684	371
PB2|PP755596.1|A/cattle/Texas/24-008749-003/2024(H5N1)	1685	387
PB2|PP755596.1|A/cattle/Texas/24-008749-003/2024(H5N1)	1686	386
PB2|PP755596.1|A/cattle/Texas/24-008749-003/2024(H5N1)	1687	377
PB2|PP755596.1|A/cattle/Texas/24-008749-003/2024(H5N1)	1688	375
PB2|PP755596.1|A/cattle/Texas/24-008749-003/2024(H5N1)	1689	375
PB2|PP755596.1|A/cattle/Texas/24-008749-003/2024(H5N1)	1690	375
PB2|PP755596.1|A/cattle/Texas/24-008749-003/2024(H5N1)	1691	380
PB2|PP755596.1|A/cattle/Texas/24-008749-003/2024(H5N1)	1692	381
PB2|PP755596.1|A/cattle/Texas/24-008749-003/2024(H5N1)	1693	383
PB2|PP755596.1|A/cattle/Texas/24-008749-003/2024(H5N1)	1694	381
PB2|PP755596.1|A/cattle/Texas/24-008749-003/2024(H5N1)	1695	394
PB2|PP755596.1|A/cattle/Texas/24-008749-003/2024(H5N1)	1696	395
PB2|PP755596.1|A/cattle/Texas/24-008749-003/2024(H5N1)	1697	395
PB2|PP755596.1|A/cattle/Texas/24-008749-003/2024(H5N1)	1698	396
PB2|PP755596.1|A/cattle/Texas/24-008749-003/2024(H5N1)	1699	397
PB2|PP755596.1|A/cattle/Texas/24-008749-003/2024(H5N1)	1700	384
PB2|PP755596.1|A/cattle/Texas/24-008749-003/2024(H5N1)	1701	383
PB2|PP755596.1|A/cattle/Texas/24-008749-003/2024(H5N1)	1702	388
PB2|PP755596.1|A/cattle/Texas/24-008749-003/2024(H5N1)	1703	394
PB2|PP755596.1|A/cattle/Texas/24-008749-003/2024(H5N1)	1704	393
PB2|PP755596.1|A/cattle/Texas/24-008749-003/2024(H5N1)	1705	391
PB2|PP755596.1|A/cattle/Texas/24-008749-003/2024(H5N1)	1706	392
PB2|PP755596.1|A/cattle/Texas/24-008749-003/2024(H5N1)	1707	390
PB2|PP755596.1|A/cattle/Texas/24-008749-003/2024(H5N1)	1708	403
PB2|PP755596.1|A/cattle/Texas/24-008749-003/2024(H5N1)	1709	403
PB2|PP755596.1|A/cattle/Texas/24-008749-003/2024(H5N1)	1710	409
PB2|PP755596.1|A/cattle/Texas/24-008749-003/2024(H5N1)	1711	414
PB2|PP755596.1|A/cattle/Texas/24-008749-003/2024(H5N1)	1712	400
PB2|PP755596.1|A/cattle/Texas/24-008749-003/2024(H5N1)	1713	407
PB2|PP755596.1|A/cattle/Texas/24-008749-003/2024(H5N1)	1714	406
PB2|PP755596.1|A/cattle/Texas/24-008749-003/2024(H5N1)	1715	408
PB2|PP755596.1|A/cattle/Texas/24-008749-003/2024(H5N1)	1716	410
PB2|PP755596.1|A/cattle/Texas/24-008749-003/2024(H5N1)	1717	407
PB2|PP755596.1|A/cattle/Texas/24-008749-003/2024(H5N1)	1718	411
PB2|PP755596.1|A/cattle/Texas/24-008749-003/2024(H5N1)	1719	399
PB2|PP755596.1|A/cattle/Texas/24-008749-003/2024(H5N1)	1720	400
PB2|PP755596.1|A/cattle/Texas/24-008749-003/2024(H5N1)	1721	400
PB2|PP755596.1|A/cattle/Texas/24-008749-003/2024(H5N1)	1722	398
PB2|PP755596.1|A/cattle/Texas/24-008749-003/2024(H5N1)	1723	428
PB2|PP755596.1|A/cattle/Texas/24-008749-003/2024(H5N1)	1724	428
PB2|PP755596.1|A/cattle/Texas/24-008749-003/2024(H5N1)	1725	426
PB2|PP755596.1|A/cattle/Texas/24-008749-003/2024(H5N1)	1726	427
PB2|PP755596.1|A/cattle/Texas/24-008749-003/2024(H5N1)	1727	424
PB2|PP755596.1|A/cattle/Texas/24-008749-003/2024(H5N1)	1728	428
PB2|PP755596.1|A/cattle/Texas/24-008749-003/2024(H5N1)	1729	423
PB2|PP755596.1|A/cattle/Texas/24-008749-003/2024(H5N1)	1730	423
PB2|PP755596.1|A/cattle/Texas/24-008749-003/2024(H5N1)	1731	417
PB2|PP755596.1|A/cattle/Texas/24-008749-003/2024(H5N1)	1732	417
PB2|PP755596.1|A/cattle/Texas/24-008749-003/2024(H5N1)	1733	417
PB2|PP755596.1|A/cattle/Texas/24-008749-003/2024(H5N1)	1734	417
PB2|PP755596.1|A/cattle/Texas/24-008749-003/2024(H5N1)	1735	421
PB2|PP755596.1|A/cattle/Texas/24-008749-003/2024(H5N1)	1736	418
PB2|PP755596.1|A/cattle/Texas/24-008749-003/2024(H5N1)	1737	425
PB2|PP755596.1|A/cattle/Texas/24-008749-003/2024(H5N1)	1738	424
PB2|PP755596.1|A/cattle/Texas/24-008749-003/2024(H5N1)	1739	425
PB2|PP755596.1|A/cattle/Texas/24-008749-003/2024(H5N1)	1740	424
PB2|PP755596.1|A/cattle/Texas/24-008749-003/2024(H5N1)	1741	424
PB2|PP755596.1|A/cattle/Texas/24-008749-003/2024(H5N1)	1742	420
PB2|PP755596.1|A/cattle/Texas/24-008749-003/2024(H5N1)	1743	420
PB2|PP755596.1|A/cattle/Texas/24-008749-003/2024(H5N1)	1744	428
PB2|PP755596.1|A/cattle/Texas/24-008749-003/2024(H5N1)	1745	430
PB2|PP755596.1|A/cattle/Texas/24-008749-003/2024(H5N1)	1746	421
PB2|PP755596.1|A/cattle/Texas/24-008749-003/2024(H5N1)	1747	421
PB2|PP755596.1|A/cattle/Texas/24-008749-003/2024(H5N1)	1748	421
PB2|PP755596.1|A/cattle/Texas/24-008749-003/2024(H5N1)	1749	423
PB2|PP755596.1|A/cattle/Texas/24-008749-003/2024(H5N1)	1750	426
PB2|PP755596.1|A/cattle/Texas/24-008749-003/2024(H5N1)	1751	432
PB2|PP755596.1|A/cattle/Texas/24-008749-003/2024(H5N1)	1752	456
PB2|PP755596.1|A/cattle/Texas/24-008749-003/2024(H5N1)	1753	453
PB2|PP755596.1|A/cattle/Texas/24-008749-003/2024(H5N1)	1754	450
PB2|PP755596.1|A/cattle/Texas/24-008749-003/2024(H5N1)	1755	450
PB2|PP755596.1|A/cattle/Texas/24-008749-003/2024(H5N1)	1756	452
PB2|PP755596.1|A/cattle/Texas/24-008749-003/2024(H5N1)	1757	452
PB2|PP755596.1|A/cattle/Texas/24-008749-003/2024(H5N1)	1758	451
PB2|PP755596.1|A/cattle/Texas/24-008749-003/2024(H5N1)	1759	448
PB2|PP755596.1|A/cattle/Texas/24-008749-003/2024(H5N1)	1760	449
PB2|PP755596.1|A/cattle/Texas/24-008749-003/2024(H5N1)	1761	433
PB2|PP755596.1|A/cattle/Texas/24-008749-003/2024(H5N1)	1762	437
PB2|PP755596.1|A/cattle/Texas/24-008749-003/2024(H5N1)	1763	443
PB2|PP755596.1|A/cattle/Texas/24-008749-003/2024(H5N1)	1764	438
PB2|PP755596.1|A/cattle/Texas/24-008749-003/2024(H5N1)	1765	436
PB2|PP755596.1|A/cattle/Texas/24-008749-003/2024(H5N1)	1766	440
PB2|PP755596.1|A/cattle/Texas/24-008749-003/2024(H5N1)	1767	442
PB2|PP755596.1|A/cattle/Texas/24-008749-003/2024(H5N1)	1768	479
PB2|PP755596.1|A/cattle/Texas/24-008749-003/2024(H5N1)	1769	486
PB2|PP755596.1|A/cattle/Texas/24-008749-003/2024(H5N1)	1770	488
PB2|PP755596.1|A/cattle/Texas/24-008749-003/2024(H5N1)	1771	483
PB2|PP755596.1|A/cattle/Texas/24-008749-003/2024(H5N1)	1772	489
PB2|PP755596.1|A/cattle/Texas/24-008749-003/2024(H5N1)	1773	497
PB2|PP755596.1|A/cattle/Texas/24-008749-003/2024(H5N1)	1774	499
PB2|PP755596.1|A/cattle/Texas/24-008749-003/2024(H5N1)	1775	497
PB2|PP755596.1|A/cattle/Texas/24-008749-003/2024(H5N1)	1776	500
PB2|PP755596.1|A/cattle/Texas/24-008749-003/2024(H5N1)	1777	463
PB2|PP755596.1|A/cattle/Texas/24-008749-003/2024(H5N1)	1778	461
PB2|PP755596.1|A/cattle/Texas/24-008749-003/2024(H5N1)	1779	454
PB2|PP755596.1|A/cattle/Texas/24-008749-003/2024(H5N1)	1780	458
PB2|PP755596.1|A/cattle/Texas/24-008749-003/2024(H5N1)	1781	458
PB2|PP755596.1|A/cattle/Texas/24-008749-003/2024(H5N1)	1782	446
PB2|PP755596.1|A/cattle/Texas/24-008749-003/2024(H5N1)	1783	449
PB2|PP755596.1|A/cattle/Texas/24-008749-003/2024(H5N1)	1784	441
PB2|PP755596.1|A/cattle/Texas/24-008749-003/2024(H5N1)	1785	441
PB2|PP755596.1|A/cattle/Texas/24-008749-003/2024(H5N1)	1786	441
PB2|PP755596.1|A/cattle/Texas/24-008749-003/2024(H5N1)	1787	439
PB2|PP755596.1|A/cattle/Texas/24-008749-003/2024(H5N1)	1788	439
PB2|PP755596.1|A/cattle/Texas/24-008749-003/2024(H5N1)	1789	425
PB2|PP755596.1|A/cattle/Texas/24-008749-003/2024(H5N1)	1790	427
PB2|PP755596.1|A/cattle/Texas/24-008749-003/2024(H5N1)	1791	425
PB2|PP755596.1|A/cattle/Texas/24-008749-003/2024(H5N1)	1792	431
PB2|PP755596.1|A/cattle/Texas/24-008749-003/2024(H5N1)	1793	428
PB2|PP755596.1|A/cattle/Texas/24-008749-003/2024(H5N1)	1794	428
PB2|PP755596.1|A/cattle/Texas/24-008749-003/2024(H5N1)	1795	432
PB2|PP755596.1|A/cattle/Texas/24-008749-003/2024(H5N1)	1796	430
PB2|PP755596.1|A/cattle/Texas/24-008749-003/2024(H5N1)	1797	433
PB2|PP755596.1|A/cattle/Texas/24-008749-003/2024(H5N1)	1798	433
PB2|PP755596.1|A/cattle/Texas/24-008749-003/2024(H5N1)	1799	431
PB2|PP755596.1|A/cattle/Texas/24-008749-003/2024(H5N1)	1800	431
PB2|PP755596.1|A/cattle/Texas/24-008749-003/2024(H5N1)	1801	431
PB2|PP755596.1|A/cattle/Texas/24-008749-003/2024(H5N1)	1802	426
PB2|PP755596.1|A/cattle/Texas/24-008749-003/2024(H5N1)	1803	426
PB2|PP755596.1|A/cattle/Texas/24-008749-003/2024(H5N1)	1804	426
PB2|PP755596.1|A/cattle/Texas/24-008749-003/2024(H5N1)	1805	426
PB2|PP755596.1|A/cattle/Texas/24-008749-003/2024(H5N1)	1806	422
PB2|PP755596.1|A/cattle/Texas/24-008749-003/2024(H5N1)	1807	421
PB2|PP755596.1|A/cattle/Texas/24-008749-003/2024(H5N1)	1808	429
PB2|PP755596.1|A/cattle/Texas/24-008749-003/2024(H5N1)	1809	429
PB2|PP755596.1|A/cattle/Texas/24-008749-003/2024(H5N1)	1810	426
PB2|PP755596.1|A/cattle/Texas/24-008749-003/2024(H5N1)	1811	427
PB2|PP755596.1|A/cattle/Texas/24-008749-003/2024(H5N1)	1812	428
PB2|PP755596.1|A/cattle/Texas/24-008749-003/2024(H5N1)	1813	430
PB2|PP755596.1|A/cattle/Texas/24-008749-003/2024(H5N1)	1814	434
PB2|PP755596.1|A/cattle/Texas/24-008749-003/2024(H5N1)	1815	433
PB2|PP755596.1|A/cattle/Texas/24-008749-003/2024(H5N1)	1816	435
PB2|PP755596.1|A/cattle/Texas/24-008749-003/2024(H5N1)	1817	428
PB2|PP755596.1|A/cattle/Texas/24-008749-003/2024(H5N1)	1818	435
PB2|PP755596.1|A/cattle/Texas/24-008749-003/2024(H5N1)	1819	429
PB2|PP755596.1|A/cattle/Texas/24-008749-003/2024(H5N1)	1820	429
PB2|PP755596.1|A/cattle/Texas/24-008749-003/2024(H5N1)	1821	435
PB2|PP755596.1|A/cattle/Texas/24-008749-003/2024(H5N1)	1822	433
PB2|PP755596.1|A/cattle/Texas/24-008749-003/2024(H5N1)	1823	436
PB2|PP755596.1|A/cattle/Texas/24-008749-003/2024(H5N1)	1824	433
PB2|PP755596.1|A/cattle/Texas/24-008749-003/2024(H5N1)	1825	434
PB2|PP755596.1|A/cattle/Texas/24-008749-003/2024(H5N1)	1826	441
PB2|PP755596.1|A/cattle/Texas/24-008749-003/2024(H5N1)	1827	461
PB2|PP755596.1|A/cattle/Texas/24-008749-003/2024(H5N1)	1828	463
PB2|PP755596.1|A/cattle/Texas/24-008749-003/2024(H5N1)	1829	459
PB2|PP755596.1|A/cattle/Texas/24-008749-003/2024(H5N1)	1830	459
PB2|PP755596.1|A/cattle/Texas/24-008749-003/2024(H5N1)	1831	458
PB2|PP755596.1|A/cattle/Texas/24-008749-003/2024(H5N1)	1832	464
PB2|PP755596.1|A/cattle/Texas/24-008749-003/2024(H5N1)	1833	463
PB2|PP755596.1|A/cattle/Texas/24-008749-003/2024(H5N1)	1834	462
PB2|PP755596.1|A/cattle/Texas/24-008749-003/2024(H5N1)	1835	463
PB2|PP755596.1|A/cattle/Texas/24-008749-003/2024(H5N1)	1836	440
PB2|PP755596.1|A/cattle/Texas/24-008749-003/2024(H5N1)	1837	454
PB2|PP755596.1|A/cattle/Texas/24-008749-003/2024(H5N1)	1838	454
PB2|PP755596.1|A/cattle/Texas/24-008749-003/2024(H5N1)	1839	458
PB2|PP755596.1|A/cattle/Texas/24-008749-003/2024(H5N1)	1840	458
PB2|PP755596.1|A/cattle/Texas/24-008749-003/2024(H5N1)	1841	456
PB2|PP755596.1|A/cattle/Texas/24-008749-003/2024(H5N1)	1842	452
PB2|PP755596.1|A/cattle/Texas/24-008749-003/2024(H5N1)	1843	459
PB2|PP755596.1|A/cattle/Texas/24-008749-003/2024(H5N1)	1844	464
PB2|PP755596.1|A/cattle/Texas/24-008749-003/2024(H5N1)	1845	463
PB2|PP755596.1|A/cattle/Texas/24-008749-003/2024(H5N1)	1846	448
PB2|PP755596.1|A/cattle/Texas/24-008749-003/2024(H5N1)	1847	448
PB2|PP755596.1|A/cattle/Texas/24-008749-003/2024(H5N1)	1848	448
PB2|PP755596.1|A/cattle/Texas/24-008749-003/2024(H5N1)	1849	458
PB2|PP755596.1|A/cattle/Texas/24-008749-003/2024(H5N1)	1850	457
PB2|PP755596.1|A/cattle/Texas/24-008749-003/2024(H5N1)	1851	457
PB2|PP755596.1|A/cattle/Texas/24-008749-003/2024(H5N1)	1852	462
PB2|PP755596.1|A/cattle/Texas/24-008749-003/2024(H5N1)	1853	447
PB2|PP755596.1|A/cattle/Texas/24-008749-003/2024(H5N1)	1854	447
PB2|PP755596.1|A/cattle/Texas/24-008749-003/2024(H5N1)	1855	444
PB2|PP755596.1|A/cattle/Texas/24-008749-003/2024(H5N1)	1856	444
PB2|PP755596.1|A/cattle/Texas/24-008749-003/2024(H5N1)	1857	460
PB2|PP755596.1|A/cattle/Texas/24-008749-003/2024(H5N1)	1858	452
PB2|PP755596.1|A/cattle/Texas/24-008749-003/2024(H5N1)	1859	459
PB2|PP755596.1|A/cattle/Texas/24-008749-003/2024(H5N1)	1860	458
PB2|PP755596.1|A/cattle/Texas/24-008749-003/2024(H5N1)	1861	449
PB2|PP755596.1|A/cattle/Texas/24-008749-003/2024(H5N1)	1862	453
PB2|PP755596.1|A/cattle/Texas/24-008749-003/2024(H5N1)	1863	453
PB2|PP755596.1|A/cattle/Texas/24-008749-003/2024(H5N1)	1864	448
PB2|PP755596.1|A/cattle/Texas/24-008749-003/2024(H5N1)	1865	446
PB2|PP755596.1|A/cattle/Texas/24-008749-003/2024(H5N1)	1866	440
PB2|PP755596.1|A/cattle/Texas/24-008749-003/2024(H5N1)	1867	440
PB2|PP755596.1|A/cattle/Texas/24-008749-003/2024(H5N1)	1868	442
PB2|PP755596.1|A/cattle/Texas/24-008749-003/2024(H5N1)	1869	439
PB2|PP755596.1|A/cattle/Texas/24-008749-003/2024(H5N1)	1870	443
PB2|PP755596.1|A/cattle/Texas/24-008749-003/2024(H5N1)	1871	447
PB2|PP755596.1|A/cattle/Texas/24-008749-003/2024(H5N1)	1872	444
PB2|PP755596.1|A/cattle/Texas/24-008749-003/2024(H5N1)	1873	448
PB2|PP755596.1|A/cattle/Texas/24-008749-003/2024(H5N1)	1874	450
PB2|PP755596.1|A/cattle/Texas/24-008749-003/2024(H5N1)	1875	451
PB2|PP755596.1|A/cattle/Texas/24-008749-003/2024(H5N1)	1876	451
PB2|PP755596.1|A/cattle/Texas/24-008749-003/2024(H5N1)	1877	451
PB2|PP755596.1|A/cattle/Texas/24-008749-003/2024(H5N1)	1878	451
PB2|PP755596.1|A/cattle/Texas/24-008749-003/2024(H5N1)	1879	464
PB2|PP755596.1|A/cattle/Texas/24-008749-003/2024(H5N1)	1880	464
PB2|PP755596.1|A/cattle/Texas/24-008749-003/2024(H5N1)	1881	466
PB2|PP755596.1|A/cattle/Texas/24-008749-003/2024(H5N1)	1882	467
PB2|PP755596.1|A/cattle/Texas/24-008749-003/2024(H5N1)	1883	470
PB2|PP755596.1|A/cattle/Texas/24-008749-003/2024(H5N1)	1884	472
PB2|PP755596.1|A/cattle/Texas/24-008749-003/2024(H5N1)	1885	471
PB2|PP755596.1|A/cattle/Texas/24-008749-003/2024(H5N1)	1886	470
PB2|PP755596.1|A/cattle/Texas/24-008749-003/2024(H5N1)	1887	476
PB2|PP755596.1|A/cattle/Texas/24-008749-003/2024(H5N1)	1888	464
PB2|PP755596.1|A/cattle/Texas/24-008749-003/2024(H5N1)	1889	463
PB2|PP755596.1|A/cattle/Texas/24-008749-003/2024(H5N1)	1890	462
PB2|PP755596.1|A/cattle/Texas/24-008749-003/2024(H5N1)	1891	470
PB2|PP755596.1|A/cattle/Texas/24-008749-003/2024(H5N1)	1892	464
PB2|PP755596.1|A/cattle/Texas/24-008749-003/2024(H5N1)	1893	461
PB2|PP755596.1|A/cattle/Texas/24-008749-003/2024(H5N1)	1894	463
PB2|PP755596.1|A/cattle/Texas/24-008749-003/2024(H5N1)	1895	459
PB2|PP755596.1|A/cattle/Texas/24-008749-003/2024(H5N1)	1896	465
PB2|PP755596.1|A/cattle/Texas/24-008749-003/2024(H5N1)	1897	465
PB2|PP755596.1|A/cattle/Texas/24-008749-003/2024(H5N1)	1898	467
PB2|PP755596.1|A/cattle/Texas/24-008749-003/2024(H5N1)	1899	466
PB2|PP755596.1|A/cattle/Texas/24-008749-003/2024(H5N1)	1900	462
PB2|PP755596.1|A/cattle/Texas/24-008749-003/2024(H5N1)	1901	474
PB2|PP755596.1|A/cattle/Texas/24-008749-003/2024(H5N1)	1902	451
PB2|PP755596.1|A/cattle/Texas/24-008749-003/2024(H5N1)	1903	448
PB2|PP755596.1|A/cattle/Texas/24-008749-003/2024(H5N1)	1904	452
PB2|PP755596.1|A/cattle/Texas/24-008749-003/2024(H5N1)	1905	448
PB2|PP755596.1|A/cattle/Texas/24-008749-003/2024(H5N1)	1906	453
PB2|PP755596.1|A/cattle/Texas/24-008749-003/2024(H5N1)	1907	451
PB2|PP755596.1|A/cattle/Texas/24-008749-003/2024(H5N1)	1908	453
PB2|PP755596.1|A/cattle/Texas/24-008749-003/2024(H5N1)	1909	462
PB2|PP755596.1|A/cattle/Texas/24-008749-003/2024(H5N1)	1910	470
PB2|PP755596.1|A/cattle/Texas/24-008749-003/2024(H5N1)	1911	476
PB2|PP755596.1|A/cattle/Texas/24-008749-003/2024(H5N1)	1912	479
PB2|PP755596.1|A/cattle/Texas/24-008749-003/2024(H5N1)	1913	481
PB2|PP755596.1|A/cattle/Texas/24-008749-003/2024(H5N1)	1914	489
PB2|PP755596.1|A/cattle/Texas/24-008749-003/2024(H5N1)	1915	490
PB2|PP755596.1|A/cattle/Texas/24-008749-003/2024(H5N1)	1916	493
PB2|PP755596.1|A/cattle/Texas/24-008749-003/2024(H5N1)	1917	490
PB2|PP755596.1|A/cattle/Texas/24-008749-003/2024(H5N1)	1918	488
PB2|PP755596.1|A/cattle/Texas/24-008749-003/2024(H5N1)	1919	448
PB2|PP755596.1|A/cattle/Texas/24-008749-003/2024(H5N1)	1920	446
PB2|PP755596.1|A/cattle/Texas/24-008749-003/2024(H5N1)	1921	441
PB2|PP755596.1|A/cattle/Texas/24-008749-003/2024(H5N1)	1922	440
PB2|PP755596.1|A/cattle/Texas/24-008749-003/2024(H5N1)	1923	435
PB2|PP755596.1|A/cattle/Texas/24-008749-003/2024(H5N1)	1924	424
PB2|PP755596.1|A/cattle/Texas/24-008749-003/2024(H5N1)	1925	433
PB2|PP755596.1|A/cattle/Texas/24-008749-003/2024(H5N1)	1926	445
PB2|PP755596.1|A/cattle/Texas/24-008749-003/2024(H5N1)	1927	445
PB2|PP755596.1|A/cattle/Texas/24-008749-003/2024(H5N1)	1928	445
PB2|PP755596.1|A/cattle/Texas/24-008749-003/2024(H5N1)	1929	445
PB2|PP755596.1|A/cattle/Texas/24-008749-003/2024(H5N1)	1930	453
PB2|PP755596.1|A/cattle/Texas/24-008749-003/2024(H5N1)	1931	451
PB2|PP755596.1|A/cattle/Texas/24-008749-003/2024(H5N1)	1932	453
PB2|PP755596.1|A/cattle/Texas/24-008749-003/2024(H5N1)	1933	452
PB2|PP755596.1|A/cattle/Texas/24-008749-003/2024(H5N1)	1934	449
PB2|PP755596.1|A/cattle/Texas/24-008749-003/2024(H5N1)	1935	449
PB2|PP755596.1|A/cattle/Texas/24-008749-003/2024(H5N1)	1936	451
PB2|PP755596.1|A/cattle/Texas/24-008749-003/2024(H5N1)	1937	454
PB2|PP755596.1|A/cattle/Texas/24-008749-003/2024(H5N1)	1938	457
PB2|PP755596.1|A/cattle/Texas/24-008749-003/2024(H5N1)	1939	458
PB2|PP755596.1|A/cattle/Texas/24-008749-003/2024(H5N1)	1940	458
PB2|PP755596.1|A/cattle/Texas/24-008749-003/2024(H5N1)	1941	461
PB2|PP755596.1|A/cattle/Texas/24-008749-003/2024(H5N1)	1942	448
PB2|PP755596.1|A/cattle/Texas/24-008749-003/2024(H5N1)	1943	442
PB2|PP755596.1|A/cattle/Texas/24-008749-003/2024(H5N1)	1944	449
PB2|PP755596.1|A/cattle/Texas/24-008749-003/2024(H5N1)	1945	449
PB2|PP755596.1|A/cattle/Texas/24-008749-003/2024(H5N1)	1946	444
PB2|PP755596.1|A/cattle/Texas/24-008749-003/2024(H5N1)	1947	444
PB2|PP755596.1|A/cattle/Texas/24-008749-003/2024(H5N1)	1948	441
PB2|PP755596.1|A/cattle/Texas/24-008749-003/2024(H5N1)	1949	441
PB2|PP755596.1|A/cattle/Texas/24-008749-003/2024(H5N1)	1950	441
PB2|PP755596.1|A/cattle/Texas/24-008749-003/2024(H5N1)	1951	441
PB2|PP755596.1|A/cattle/Texas/24-008749-003/2024(H5N1)	1952	441
PB2|PP755596.1|A/cattle/Texas/24-008749-003/2024(H5N1)	1953	442
PB2|PP755596.1|A/cattle/Texas/24-008749-003/2024(H5N1)	1954	441
PB2|PP755596.1|A/cattle/Texas/24-008749-003/2024(H5N1)	1955	453
PB2|PP755596.1|A/cattle/Texas/24-008749-003/2024(H5N1)	1956	457
PB2|PP755596.1|A/cattle/Texas/24-008749-003/2024(H5N1)	1957	458
PB2|PP755596.1|A/cattle/Texas/24-008749-003/2024(H5N1)	1958	459
PB2|PP755596.1|A/cattle/Texas/24-008749-003/2024(H5N1)	1959	458
PB2|PP755596.1|A/cattle/Texas/24-008749-003/2024(H5N1)	1960	458
PB2|PP755596.1|A/cattle/Texas/24-008749-003/2024(H5N1)	1961	458
PB2|PP755596.1|A/cattle/Texas/24-008749-003/2024(H5N1)	1962	456
PB2|PP755596.1|A/cattle/Texas/24-008749-003/2024(H5N1)	1963	459
PB2|PP755596.1|A/cattle/Texas/24-008749-003/2024(H5N1)	1964	454
PB2|PP755596.1|A/cattle/Texas/24-008749-003/2024(H5N1)	1965	456
PB2|PP755596.1|A/cattle/Texas/24-008749-003/2024(H5N1)	1966	460
PB2|PP755596.1|A/cattle/Texas/24-008749-003/2024(H5N1)	1967	461
PB2|PP755596.1|A/cattle/Texas/24-008749-003/2024(H5N1)	1968	455
PB2|PP755596.1|A/cattle/Texas/24-008749-003/2024(H5N1)	1969	454
PB2|PP755596.1|A/cattle/Texas/24-008749-003/2024(H5N1)	1970	455
PB2|PP755596.1|A/cattle/Texas/24-008749-003/2024(H5N1)	1971	455
PB2|PP755596.1|A/cattle/Texas/24-008749-003/2024(H5N1)	1972	498
PB2|PP755596.1|A/cattle/Texas/24-008749-003/2024(H5N1)	1973	498
PB2|PP755596.1|A/cattle/Texas/24-008749-003/2024(H5N1)	1974	502
PB2|PP755596.1|A/cattle/Texas/24-008749-003/2024(H5N1)	1975	501
PB2|PP755596.1|A/cattle/Texas/24-008749-003/2024(H5N1)	1976	497
PB2|PP755596.1|A/cattle/Texas/24-008749-003/2024(H5N1)	1977	481
PB2|PP755596.1|A/cattle/Texas/24-008749-003/2024(H5N1)	1978	481
PB2|PP755596.1|A/cattle/Texas/24-008749-003/2024(H5N1)	1979	477
PB2|PP755596.1|A/cattle/Texas/24-008749-003/2024(H5N1)	1980	478
PB2|PP755596.1|A/cattle/Texas/24-008749-003/2024(H5N1)	1981	481
PB2|PP755596.1|A/cattle/Texas/24-008749-003/2024(H5N1)	1982	490
PB2|PP755596.1|A/cattle/Texas/24-008749-003/2024(H5N1)	1983	482
PB2|PP755596.1|A/cattle/Texas/24-008749-003/2024(H5N1)	1984	522
PB2|PP755596.1|A/cattle/Texas/24-008749-003/2024(H5N1)	1985	520
PB2|PP755596.1|A/cattle/Texas/24-008749-003/2024(H5N1)	1986	519
PB2|PP755596.1|A/cattle/Texas/24-008749-003/2024(H5N1)	1987	533
PB2|PP755596.1|A/cattle/Texas/24-008749-003/2024(H5N1)	1988	519
PB2|PP755596.1|A/cattle/Texas/24-008749-003/2024(H5N1)	1989	519
PB2|PP755596.1|A/cattle/Texas/24-008749-003/2024(H5N1)	1990	514
PB2|PP755596.1|A/cattle/Texas/24-008749-003/2024(H5N1)	1991	522
PB2|PP755596.1|A/cattle/Texas/24-008749-003/2024(H5N1)	1992	523
PB2|PP755596.1|A/cattle/Texas/24-008749-003/2024(H5N1)	1993	516
PB2|PP755596.1|A/cattle/Texas/24-008749-003/2024(H5N1)	1994	513
PB2|PP755596.1|A/cattle/Texas/24-008749-003/2024(H5N1)	1995	512
PB2|PP755596.1|A/cattle/Texas/24-008749-003/2024(H5N1)	1996	512
PB2|PP755596.1|A/cattle/Texas/24-008749-003/2024(H5N1)	1997	512
PB2|PP755596.1|A/cattle/Texas/24-008749-003/2024(H5N1)	1998	511
PB2|PP755596.1|A/cattle/Texas/24-008749-003/2024(H5N1)	1999	531
PB2|PP755596.1|A/cattle/Texas/24-008749-003/2024(H5N1)	2000	521
PB2|PP755596.1|A/cattle/Texas/24-008749-003/2024(H5N1)	2001	526
PB2|PP755596.1|A/cattle/Texas/24-008749-003/2024(H5N1)	2002	521
PB2|PP755596.1|A/cattle/Texas/24-008749-003/2024(H5N1)	2003	521
PB2|PP755596.1|A/cattle/Texas/24-008749-003/2024(H5N1)	2004	521
PB2|PP755596.1|A/cattle/Texas/24-008749-003/2024(H5N1)	2005	521
PB2|PP755596.1|A/cattle/Texas/24-008749-003/2024(H5N1)	2006	525
PB2|PP755596.1|A/cattle/Texas/24-008749-003/2024(H5N1)	2007	526
PB2|PP755596.1|A/cattle/Texas/24-008749-003/2024(H5N1)	2008	510
PB2|PP755596.1|A/cattle/Texas/24-008749-003/2024(H5N1)	2009	510
PB2|PP755596.1|A/cattle/Texas/24-008749-003/2024(H5N1)	2010	506
PB2|PP755596.1|A/cattle/Texas/24-008749-003/2024(H5N1)	2011	504
PB2|PP755596.1|A/cattle/Texas/24-008749-003/2024(H5N1)	2012	514
PB2|PP755596.1|A/cattle/Texas/24-008749-003/2024(H5N1)	2013	513
PB2|PP755596.1|A/cattle/Texas/24-008749-003/2024(H5N1)	2014	513
PB2|PP755596.1|A/cattle/Texas/24-008749-003/2024(H5N1)	2015	519
PB2|PP755596.1|A/cattle/Texas/24-008749-003/2024(H5N1)	2016	519
PB2|PP755596.1|A/cattle/Texas/24-008749-003/2024(H5N1)	2017	519
PB2|PP755596.1|A/cattle/Texas/24-008749-003/2024(H5N1)	2018	519
PB2|PP755596.1|A/cattle/Texas/24-008749-003/2024(H5N1)	2019	515
PB2|PP755596.1|A/cattle/Texas/24-008749-003/2024(H5N1)	2020	522
PB2|PP755596.1|A/cattle/Texas/24-008749-003/2024(H5N1)	2021	523
PB2|PP755596.1|A/cattle/Texas/24-008749-003/2024(H5N1)	2022	521
PB2|PP755596.1|A/cattle/Texas/24-008749-003/2024(H5N1)	2023	524
PB2|PP755596.1|A/cattle/Texas/24-008749-003/2024(H5N1)	2024	519
PB2|PP755596.1|A/cattle/Texas/24-008749-003/2024(H5N1)	2025	517
PB2|PP755596.1|A/cattle/Texas/24-008749-003/2024(H5N1)	2026	515
PB2|PP755596.1|A/cattle/Texas/24-008749-003/2024(H5N1)	2027	515
PB2|PP755596.1|A/cattle/Texas/24-008749-003/2024(H5N1)	2028	511
PB2|PP755596.1|A/cattle/Texas/24-008749-003/2024(H5N1)	2029	509
PB2|PP755596.1|A/cattle/Texas/24-008749-003/2024(H5N1)	2030	495
PB2|PP755596.1|A/cattle/Texas/24-008749-003/2024(H5N1)	2031	495
PB2|PP755596.1|A/cattle/Texas/24-008749-003/2024(H5N1)	2032	493
PB2|PP755596.1|A/cattle/Texas/24-008749-003/2024(H5N1)	2033	500
PB2|PP755596.1|A/cattle/Texas/24-008749-003/2024(H5N1)	2034	495
PB2|PP755596.1|A/cattle/Texas/24-008749-003/2024(H5N1)	2035	493
PB2|PP755596.1|A/cattle/Texas/24-008749-003/2024(H5N1)	2036	488
PB2|PP755596.1|A/cattle/Texas/24-008749-003/2024(H5N1)	2037	485
PB2|PP755596.1|A/cattle/Texas/24-008749-003/2024(H5N1)	2038	494
PB2|PP755596.1|A/cattle/Texas/24-008749-003/2024(H5N1)	2039	502
PB2|PP755596.1|A/cattle/Texas/24-008749-003/2024(H5N1)	2040	501
PB2|PP755596.1|A/cattle/Texas/24-008749-003/2024(H5N1)	2041	502
PB2|PP755596.1|A/cattle/Texas/24-008749-003/2024(H5N1)	2042	493
PB2|PP755596.1|A/cattle/Texas/24-008749-003/2024(H5N1)	2043	495
PB2|PP755596.1|A/cattle/Texas/24-008749-003/2024(H5N1)	2044	497
PB2|PP755596.1|A/cattle/Texas/24-008749-003/2024(H5N1)	2045	499
PB2|PP755596.1|A/cattle/Texas/24-008749-003/2024(H5N1)	2046	503
PB2|PP755596.1|A/cattle/Texas/24-008749-003/2024(H5N1)	2047	498
PB2|PP755596.1|A/cattle/Texas/24-008749-003/2024(H5N1)	2048	497
PB2|PP755596.1|A/cattle/Texas/24-008749-003/2024(H5N1)	2049	497
PB2|PP755596.1|A/cattle/Texas/24-008749-003/2024(H5N1)	2050	499
PB2|PP755596.1|A/cattle/Texas/24-008749-003/2024(H5N1)	2051	495
PB2|PP755596.1|A/cattle/Texas/24-008749-003/2024(H5N1)	2052	492
PB2|PP755596.1|A/cattle/Texas/24-008749-003/2024(H5N1)	2053	505
PB2|PP755596.1|A/cattle/Texas/24-008749-003/2024(H5N1)	2054	507
PB2|PP755596.1|A/cattle/Texas/24-008749-003/2024(H5N1)	2055	503
PB2|PP755596.1|A/cattle/Texas/24-008749-003/2024(H5N1)	2056	504
PB2|PP755596.1|A/cattle/Texas/24-008749-003/2024(H5N1)	2057	497
PB2|PP755596.1|A/cattle/Texas/24-008749-003/2024(H5N1)	2058	496
PB2|PP755596.1|A/cattle/Texas/24-008749-003/2024(H5N1)	2059	494
PB2|PP755596.1|A/cattle/Texas/24-008749-003/2024(H5N1)	2060	483
PB2|PP755596.1|A/cattle/Texas/24-008749-003/2024(H5N1)	2061	472
PB2|PP755596.1|A/cattle/Texas/24-008749-003/2024(H5N1)	2062	462
PB2|PP755596.1|A/cattle/Texas/24-008749-003/2024(H5N1)	2063	452
PB2|PP755596.1|A/cattle/Texas/24-008749-003/2024(H5N1)	2064	447
PB2|PP755596.1|A/cattle/Texas/24-008749-003/2024(H5N1)	2065	446
PB2|PP755596.1|A/cattle/Texas/24-008749-003/2024(H5N1)	2066	443
PB2|PP755596.1|A/cattle/Texas/24-008749-003/2024(H5N1)	2067	438
PB2|PP755596.1|A/cattle/Texas/24-008749-003/2024(H5N1)	2068	447
PB2|PP755596.1|A/cattle/Texas/24-008749-003/2024(H5N1)	2069	446
PB2|PP755596.1|A/cattle/Texas/24-008749-003/2024(H5N1)	2070	449
PB2|PP755596.1|A/cattle/Texas/24-008749-003/2024(H5N1)	2071	449
PB2|PP755596.1|A/cattle/Texas/24-008749-003/2024(H5N1)	2072	445
PB2|PP755596.1|A/cattle/Texas/24-008749-003/2024(H5N1)	2073	447
PB2|PP755596.1|A/cattle/Texas/24-008749-003/2024(H5N1)	2074	447
PB2|PP755596.1|A/cattle/Texas/24-008749-003/2024(H5N1)	2075	445
PB2|PP755596.1|A/cattle/Texas/24-008749-003/2024(H5N1)	2076	438
PB2|PP755596.1|A/cattle/Texas/24-008749-003/2024(H5N1)	2077	431
PB2|PP755596.1|A/cattle/Texas/24-008749-003/2024(H5N1)	2078	432
PB2|PP755596.1|A/cattle/Texas/24-008749-003/2024(H5N1)	2079	432
PB2|PP755596.1|A/cattle/Texas/24-008749-003/2024(H5N1)	2080	454
PB2|PP755596.1|A/cattle/Texas/24-008749-003/2024(H5N1)	2081	447
PB2|PP755596.1|A/cattle/Texas/24-008749-003/2024(H5N1)	2082	446
PB2|PP755596.1|A/cattle/Texas/24-008749-003/2024(H5N1)	2083	433
PB2|PP755596.1|A/cattle/Texas/24-008749-003/2024(H5N1)	2084	435
PB2|PP755596.1|A/cattle/Texas/24-008749-003/2024(H5N1)	2085	435
PB2|PP755596.1|A/cattle/Texas/24-008749-003/2024(H5N1)	2086	438
PB2|PP755596.1|A/cattle/Texas/24-008749-003/2024(H5N1)	2087	439
PB2|PP755596.1|A/cattle/Texas/24-008749-003/2024(H5N1)	2088	445
PB2|PP755596.1|A/cattle/Texas/24-008749-003/2024(H5N1)	2089	442
PB2|PP755596.1|A/cattle/Texas/24-008749-003/2024(H5N1)	2090	439
PB2|PP755596.1|A/cattle/Texas/24-008749-003/2024(H5N1)	2091	439
PB2|PP755596.1|A/cattle/Texas/24-008749-003/2024(H5N1)	2092	437
PB2|PP755596.1|A/cattle/Texas/24-008749-003/2024(H5N1)	2093	438
PB2|PP755596.1|A/cattle/Texas/24-008749-003/2024(H5N1)	2094	431
PB2|PP755596.1|A/cattle/Texas/24-008749-003/2024(H5N1)	2095	431
PB2|PP755596.1|A/cattle/Texas/24-008749-003/2024(H5N1)	2096	448
PB2|PP755596.1|A/cattle/Texas/24-008749-003/2024(H5N1)	2097	448
PB2|PP755596.1|A/cattle/Texas/24-008749-003/2024(H5N1)	2098	449
PB2|PP755596.1|A/cattle/Texas/24-008749-003/2024(H5N1)	2099	460
PB2|PP755596.1|A/cattle/Texas/24-008749-003/2024(H5N1)	2100	458
PB2|PP755596.1|A/cattle/Texas/24-008749-003/2024(H5N1)	2101	459
PB2|PP755596.1|A/cattle/Texas/24-008749-003/2024(H5N1)	2102	460
PB2|PP755596.1|A/cattle/Texas/24-008749-003/2024(H5N1)	2103	464
PB2|PP755596.1|A/cattle/Texas/24-008749-003/2024(H5N1)	2104	464
PB2|PP755596.1|A/cattle/Texas/24-008749-003/2024(H5N1)	2105	464
PB2|PP755596.1|A/cattle/Texas/24-008749-003/2024(H5N1)	2106	452
PB2|PP755596.1|A/cattle/Texas/24-008749-003/2024(H5N1)	2107	448
PB2|PP755596.1|A/cattle/Texas/24-008749-003/2024(H5N1)	2108	447
PB2|PP755596.1|A/cattle/Texas/24-008749-003/2024(H5N1)	2109	442
PB2|PP755596.1|A/cattle/Texas/24-008749-003/2024(H5N1)	2110	442
PB2|PP755596.1|A/cattle/Texas/24-008749-003/2024(H5N1)	2111	441
PB2|PP755596.1|A/cattle/Texas/24-008749-003/2024(H5N1)	2112	434
PB2|PP755596.1|A/cattle/Texas/24-008749-003/2024(H5N1)	2113	434
PB2|PP755596.1|A/cattle/Texas/24-008749-003/2024(H5N1)	2114	455
PB2|PP755596.1|A/cattle/Texas/24-008749-003/2024(H5N1)	2115	451
PB2|PP755596.1|A/cattle/Texas/24-008749-003/2024(H5N1)	2116	450
PB2|PP755596.1|A/cattle/Texas/24-008749-003/2024(H5N1)	2117	450
PB2|PP755596.1|A/cattle/Texas/24-008749-003/2024(H5N1)	2118	442
PB2|PP755596.1|A/cattle/Texas/24-008749-003/2024(H5N1)	2119	448
PB2|PP755596.1|A/cattle/Texas/24-008749-003/2024(H5N1)	2120	447
PB2|PP755596.1|A/cattle/Texas/24-008749-003/2024(H5N1)	2121	697
PB2|PP755596.1|A/cattle/Texas/24-008749-003/2024(H5N1)	2122	692
PB2|PP755596.1|A/cattle/Texas/24-008749-003/2024(H5N1)	2123	632
PB2|PP755596.1|A/cattle/Texas/24-008749-003/2024(H5N1)	2124	642
PB2|PP755596.1|A/cattle/Texas/24-008749-003/2024(H5N1)	2125	642
PB2|PP755596.1|A/cattle/Texas/24-008749-003/2024(H5N1)	2126	673
PB2|PP755596.1|A/cattle/Texas/24-008749-003/2024(H5N1)	2127	675
PB2|PP755596.1|A/cattle/Texas/24-008749-003/2024(H5N1)	2128	667
PB2|PP755596.1|A/cattle/Texas/24-008749-003/2024(H5N1)	2129	680
PB2|PP755596.1|A/cattle/Texas/24-008749-003/2024(H5N1)	2130	682
PB2|PP755596.1|A/cattle/Texas/24-008749-003/2024(H5N1)	2131	686
PB2|PP755596.1|A/cattle/Texas/24-008749-003/2024(H5N1)	2132	689
PB2|PP755596.1|A/cattle/Texas/24-008749-003/2024(H5N1)	2133	696
PB2|PP755596.1|A/cattle/Texas/24-008749-003/2024(H5N1)	2134	696
PB2|PP755596.1|A/cattle/Texas/24-008749-003/2024(H5N1)	2135	646
PB2|PP755596.1|A/cattle/Texas/24-008749-003/2024(H5N1)	2136	649
PB2|PP755596.1|A/cattle/Texas/24-008749-003/2024(H5N1)	2137	654
PB2|PP755596.1|A/cattle/Texas/24-008749-003/2024(H5N1)	2138	688
PB2|PP755596.1|A/cattle/Texas/24-008749-003/2024(H5N1)	2139	698
PB2|PP755596.1|A/cattle/Texas/24-008749-003/2024(H5N1)	2140	698
PB2|PP755596.1|A/cattle/Texas/24-008749-003/2024(H5N1)	2141	698
PB2|PP755596.1|A/cattle/Texas/24-008749-003/2024(H5N1)	2142	696
PB2|PP755596.1|A/cattle/Texas/24-008749-003/2024(H5N1)	2143	697
PB2|PP755596.1|A/cattle/Texas/24-008749-003/2024(H5N1)	2144	697
PB2|PP755596.1|A/cattle/Texas/24-008749-003/2024(H5N1)	2145	694
PB2|PP755596.1|A/cattle/Texas/24-008749-003/2024(H5N1)	2146	694
PB2|PP755596.1|A/cattle/Texas/24-008749-003/2024(H5N1)	2147	694
PB2|PP755596.1|A/cattle/Texas/24-008749-003/2024(H5N1)	2148	697
PB2|PP755596.1|A/cattle/Texas/24-008749-003/2024(H5N1)	2149	704
PB2|PP755596.1|A/cattle/Texas/24-008749-003/2024(H5N1)	2150	697
PB2|PP755596.1|A/cattle/Texas/24-008749-003/2024(H5N1)	2151	697
PB2|PP755596.1|A/cattle/Texas/24-008749-003/2024(H5N1)	2152	695
PB2|PP755596.1|A/cattle/Texas/24-008749-003/2024(H5N1)	2153	694
PB2|PP755596.1|A/cattle/Texas/24-008749-003/2024(H5N1)	2154	699
PB2|PP755596.1|A/cattle/Texas/24-008749-003/2024(H5N1)	2155	683
PB2|PP755596.1|A/cattle/Texas/24-008749-003/2024(H5N1)	2156	681
PB2|PP755596.1|A/cattle/Texas/24-008749-003/2024(H5N1)	2157	678
PB2|PP755596.1|A/cattle/Texas/24-008749-003/2024(H5N1)	2158	682
PB2|PP755596.1|A/cattle/Texas/24-008749-003/2024(H5N1)	2159	682
PB2|PP755596.1|A/cattle/Texas/24-008749-003/2024(H5N1)	2160	671
PB2|PP755596.1|A/cattle/Texas/24-008749-003/2024(H5N1)	2161	685
PB2|PP755596.1|A/cattle/Texas/24-008749-003/2024(H5N1)	2162	680
PB2|PP755596.1|A/cattle/Texas/24-008749-003/2024(H5N1)	2163	683
PB2|PP755596.1|A/cattle/Texas/24-008749-003/2024(H5N1)	2164	809
PB2|PP755596.1|A/cattle/Texas/24-008749-003/2024(H5N1)	2165	832
PB2|PP755596.1|A/cattle/Texas/24-008749-003/2024(H5N1)	2166	834
PB2|PP755596.1|A/cattle/Texas/24-008749-003/2024(H5N1)	2167	836
PB2|PP755596.1|A/cattle/Texas/24-008749-003/2024(H5N1)	2168	840
PB2|PP755596.1|A/cattle/Texas/24-008749-003/2024(H5N1)	2169	839
PB2|PP755596.1|A/cattle/Texas/24-008749-003/2024(H5N1)	2170	849
PB2|PP755596.1|A/cattle/Texas/24-008749-003/2024(H5N1)	2171	837
PB2|PP755596.1|A/cattle/Texas/24-008749-003/2024(H5N1)	2172	832
PB2|PP755596.1|A/cattle/Texas/24-008749-003/2024(H5N1)	2173	828
PB2|PP755596.1|A/cattle/Texas/24-008749-003/2024(H5N1)	2174	827
PB2|PP755596.1|A/cattle/Texas/24-008749-003/2024(H5N1)	2175	831
PB2|PP755596.1|A/cattle/Texas/24-008749-003/2024(H5N1)	2176	829
PB2|PP755596.1|A/cattle/Texas/24-008749-003/2024(H5N1)	2177	830
PB2|PP755596.1|A/cattle/Texas/24-008749-003/2024(H5N1)	2178	829
PB2|PP755596.1|A/cattle/Texas/24-008749-003/2024(H5N1)	2179	828
PB2|PP755596.1|A/cattle/Texas/24-008749-003/2024(H5N1)	2180	823
PB2|PP755596.1|A/cattle/Texas/24-008749-003/2024(H5N1)	2181	823
PB2|PP755596.1|A/cattle/Texas/24-008749-003/2024(H5N1)	2182	819
PB2|PP755596.1|A/cattle/Texas/24-008749-003/2024(H5N1)	2183	818
PB2|PP755596.1|A/cattle/Texas/24-008749-003/2024(H5N1)	2184	814
PB2|PP755596.1|A/cattle/Texas/24-008749-003/2024(H5N1)	2185	817
PB2|PP755596.1|A/cattle/Texas/24-008749-003/2024(H5N1)	2186	817
PB2|PP755596.1|A/cattle/Texas/24-008749-003/2024(H5N1)	2187	816
PB2|PP755596.1|A/cattle/Texas/24-008749-003/2024(H5N1)	2188	816
PB2|PP755596.1|A/cattle/Texas/24-008749-003/2024(H5N1)	2189	807
PB2|PP755596.1|A/cattle/Texas/24-008749-003/2024(H5N1)	2190	799
PB2|PP755596.1|A/cattle/Texas/24-008749-003/2024(H5N1)	2191	799
PB2|PP755596.1|A/cattle/Texas/24-008749-003/2024(H5N1)	2192	796
PB2|PP755596.1|A/cattle/Texas/24-008749-003/2024(H5N1)	2193	794
PB2|PP755596.1|A/cattle/Texas/24-008749-003/2024(H5N1)	2194	797
PB2|PP755596.1|A/cattle/Texas/24-008749-003/2024(H5N1)	2195	790
PB2|PP755596.1|A/cattle/Texas/24-008749-003/2024(H5N1)	2196	789
PB2|PP755596.1|A/cattle/Texas/24-008749-003/2024(H5N1)	2197	778
PB2|PP755596.1|A/cattle/Texas/24-008749-003/2024(H5N1)	2198	776
PB2|PP755596.1|A/cattle/Texas/24-008749-003/2024(H5N1)	2199	770
PB2|PP755596.1|A/cattle/Texas/24-008749-003/2024(H5N1)	2200	766
PB2|PP755596.1|A/cattle/Texas/24-008749-003/2024(H5N1)	2201	757
PB2|PP755596.1|A/cattle/Texas/24-008749-003/2024(H5N1)	2202	754
PB2|PP755596.1|A/cattle/Texas/24-008749-003/2024(H5N1)	2203	751
PB2|PP755596.1|A/cattle/Texas/24-008749-003/2024(H5N1)	2204	739
PB2|PP755596.1|A/cattle/Texas/24-008749-003/2024(H5N1)	2205	737
PB2|PP755596.1|A/cattle/Texas/24-008749-003/2024(H5N1)	2206	737
PB2|PP755596.1|A/cattle/Texas/24-008749-003/2024(H5N1)	2207	735
PB2|PP755596.1|A/cattle/Texas/24-008749-003/2024(H5N1)	2208	733
PB2|PP755596.1|A/cattle/Texas/24-008749-003/2024(H5N1)	2209	728
PB2|PP755596.1|A/cattle/Texas/24-008749-003/2024(H5N1)	2210	728
PB2|PP755596.1|A/cattle/Texas/24-008749-003/2024(H5N1)	2211	728
PB2|PP755596.1|A/cattle/Texas/24-008749-003/2024(H5N1)	2212	727
PB2|PP755596.1|A/cattle/Texas/24-008749-003/2024(H5N1)	2213	725
PB2|PP755596.1|A/cattle/Texas/24-008749-003/2024(H5N1)	2214	724
PB2|PP755596.1|A/cattle/Texas/24-008749-003/2024(H5N1)	2215	720
PB2|PP755596.1|A/cattle/Texas/24-008749-003/2024(H5N1)	2216	720
PB2|PP755596.1|A/cattle/Texas/24-008749-003/2024(H5N1)	2217	720
PB2|PP755596.1|A/cattle/Texas/24-008749-003/2024(H5N1)	2218	719
PB2|PP755596.1|A/cattle/Texas/24-008749-003/2024(H5N1)	2219	710
PB2|PP755596.1|A/cattle/Texas/24-008749-003/2024(H5N1)	2220	707
PB2|PP755596.1|A/cattle/Texas/24-008749-003/2024(H5N1)	2221	700
PB2|PP755596.1|A/cattle/Texas/24-008749-003/2024(H5N1)	2222	706
PB2|PP755596.1|A/cattle/Texas/24-008749-003/2024(H5N1)	2223	706
PB2|PP755596.1|A/cattle/Texas/24-008749-003/2024(H5N1)	2224	706
PB2|PP755596.1|A/cattle/Texas/24-008749-003/2024(H5N1)	2225	705
PB2|PP755596.1|A/cattle/Texas/24-008749-003/2024(H5N1)	2226	699
PB2|PP755596.1|A/cattle/Texas/24-008749-003/2024(H5N1)	2227	699
PB2|PP755596.1|A/cattle/Texas/24-008749-003/2024(H5N1)	2228	696
PB2|PP755596.1|A/cattle/Texas/24-008749-003/2024(H5N1)	2229	689
PB2|PP755596.1|A/cattle/Texas/24-008749-003/2024(H5N1)	2230	692
PB2|PP755596.1|A/cattle/Texas/24-008749-003/2024(H5N1)	2231	642
PB2|PP755596.1|A/cattle/Texas/24-008749-003/2024(H5N1)	2232	642
PB2|PP755596.1|A/cattle/Texas/24-008749-003/2024(H5N1)	2233	633
PB2|PP755596.1|A/cattle/Texas/24-008749-003/2024(H5N1)	2234	631
PB2|PP755596.1|A/cattle/Texas/24-008749-003/2024(H5N1)	2235	628
PB2|PP755596.1|A/cattle/Texas/24-008749-003/2024(H5N1)	2236	628
PB2|PP755596.1|A/cattle/Texas/24-008749-003/2024(H5N1)	2237	624
PB2|PP755596.1|A/cattle/Texas/24-008749-003/2024(H5N1)	2238	625
PB2|PP755596.1|A/cattle/Texas/24-008749-003/2024(H5N1)	2239	604
PB2|PP755596.1|A/cattle/Texas/24-008749-003/2024(H5N1)	2240	604
PB2|PP755596.1|A/cattle/Texas/24-008749-003/2024(H5N1)	2241	602
PB2|PP755596.1|A/cattle/Texas/24-008749-003/2024(H5N1)	2242	602
PB2|PP755596.1|A/cattle/Texas/24-008749-003/2024(H5N1)	2243	600
PB2|PP755596.1|A/cattle/Texas/24-008749-003/2024(H5N1)	2244	600
PB2|PP755596.1|A/cattle/Texas/24-008749-003/2024(H5N1)	2245	604
PB2|PP755596.1|A/cattle/Texas/24-008749-003/2024(H5N1)	2246	603
PB2|PP755596.1|A/cattle/Texas/24-008749-003/2024(H5N1)	2247	578
PB2|PP755596.1|A/cattle/Texas/24-008749-003/2024(H5N1)	2248	578
PB2|PP755596.1|A/cattle/Texas/24-008749-003/2024(H5N1)	2249	546
PB2|PP755596.1|A/cattle/Texas/24-008749-003/2024(H5N1)	2250	546
PB2|PP755596.1|A/cattle/Texas/24-008749-003/2024(H5N1)	2251	545
PB2|PP755596.1|A/cattle/Texas/24-008749-003/2024(H5N1)	2252	543
PB2|PP755596.1|A/cattle/Texas/24-008749-003/2024(H5N1)	2253	533
PB2|PP755596.1|A/cattle/Texas/24-008749-003/2024(H5N1)	2254	533
PB2|PP755596.1|A/cattle/Texas/24-008749-003/2024(H5N1)	2255	532
PB2|PP755596.1|A/cattle/Texas/24-008749-003/2024(H5N1)	2256	528
PB2|PP755596.1|A/cattle/Texas/24-008749-003/2024(H5N1)	2257	527
PB2|PP755596.1|A/cattle/Texas/24-008749-003/2024(H5N1)	2258	527
PB2|PP755596.1|A/cattle/Texas/24-008749-003/2024(H5N1)	2259	520
PB2|PP755596.1|A/cattle/Texas/24-008749-003/2024(H5N1)	2260	519
PB2|PP755596.1|A/cattle/Texas/24-008749-003/2024(H5N1)	2261	517
PB2|PP755596.1|A/cattle/Texas/24-008749-003/2024(H5N1)	2262	517
PB2|PP755596.1|A/cattle/Texas/24-008749-003/2024(H5N1)	2263	516
PB2|PP755596.1|A/cattle/Texas/24-008749-003/2024(H5N1)	2264	514
PB2|PP755596.1|A/cattle/Texas/24-008749-003/2024(H5N1)	2265	487
PB2|PP755596.1|A/cattle/Texas/24-008749-003/2024(H5N1)	2266	482
PB2|PP755596.1|A/cattle/Texas/24-008749-003/2024(H5N1)	2267	446
PB2|PP755596.1|A/cattle/Texas/24-008749-003/2024(H5N1)	2268	446
PB2|PP755596.1|A/cattle/Texas/24-008749-003/2024(H5N1)	2269	445
PB2|PP755596.1|A/cattle/Texas/24-008749-003/2024(H5N1)	2270	436
PB2|PP755596.1|A/cattle/Texas/24-008749-003/2024(H5N1)	2271	436
PB2|PP755596.1|A/cattle/Texas/24-008749-003/2024(H5N1)	2272	436
PB2|PP755596.1|A/cattle/Texas/24-008749-003/2024(H5N1)	2273	436
PB2|PP755596.1|A/cattle/Texas/24-008749-003/2024(H5N1)	2274	432
PB2|PP755596.1|A/cattle/Texas/24-008749-003/2024(H5N1)	2275	432
PB2|PP755596.1|A/cattle/Texas/24-008749-003/2024(H5N1)	2276	431
PB2|PP755596.1|A/cattle/Texas/24-008749-003/2024(H5N1)	2277	402
PB2|PP755596.1|A/cattle/Texas/24-008749-003/2024(H5N1)	2278	400
PB2|PP755596.1|A/cattle/Texas/24-008749-003/2024(H5N1)	2279	388
PB2|PP755596.1|A/cattle/Texas/24-008749-003/2024(H5N1)	2280	380
