PB1|PP755595.1|A/cattle/Texas/24-008749-003/2024(H5N1)	1	713
PB1|PP755595.1|A/cattle/Texas/24-008749-003/2024(H5N1)	2	715
PB1|PP755595.1|A/cattle/Texas/24-008749-003/2024(H5N1)	3	719
PB1|PP755595.1|A/cattle/Texas/24-008749-003/2024(H5N1)	4	725
PB1|PP755595.1|A/cattle/Texas/24-008749-003/2024(H5N1)	5	764
PB1|PP755595.1|A/cattle/Texas/24-008749-003/2024(H5N1)	6	784
PB1|PP755595.1|A/cattle/Texas/24-008749-003/2024(H5N1)	7	788
PB1|PP755595.1|A/cattle/Texas/24-008749-003/2024(H5N1)	8	788
PB1|PP755595.1|A/cattle/Texas/24-008749-003/2024(H5N1)	9	801
PB1|PP755595.1|A/cattle/Texas/24-008749-003/2024(H5N1)	10	803
PB1|PP755595.1|A/cattle/Texas/24-008749-003/2024(H5N1)	11	804
PB1|PP755595.1|A/cattle/Texas/24-008749-003/2024(H5N1)	12	804
PB1|PP755595.1|A/cattle/Texas/24-008749-003/2024(H5N1)	13	808
PB1|PP755595.1|A/cattle/Texas/24-008749-003/2024(H5N1)	14	812
PB1|PP755595.1|A/cattle/Texas/24-008749-003/2024(H5N1)	15	816
PB1|PP755595.1|A/cattle/Texas/24-008749-003/2024(H5N1)	16	825
PB1|PP755595.1|A/cattle/Texas/24-008749-003/2024(H5N1)	17	825
PB1|PP755595.1|A/cattle/Texas/24-008749-003/2024(H5N1)	18	825
PB1|PP755595.1|A/cattle/Texas/24-008749-003/2024(H5N1)	19	826
PB1|PP755595.1|A/cattle/Texas/24-008749-003/2024(H5N1)	20	828
PB1|PP755595.1|A/cattle/Texas/24-008749-003/2024(H5N1)	21	829
PB1|PP755595.1|A/cattle/Texas/24-008749-003/2024(H5N1)	22	830
PB1|PP755595.1|A/cattle/Texas/24-008749-003/2024(H5N1)	23	830
PB1|PP755595.1|A/cattle/Texas/24-008749-003/2024(H5N1)	24	833
PB1|PP755595.1|A/cattle/Texas/24-008749-003/2024(H5N1)	25	834
PB1|PP755595.1|A/cattle/Texas/24-008749-003/2024(H5N1)	26	856
PB1|PP755595.1|A/cattle/Texas/24-008749-003/2024(H5N1)	27	857
PB1|PP755595.1|A/cattle/Texas/24-008749-003/2024(H5N1)	28	861
PB1|PP755595.1|A/cattle/Texas/24-008749-003/2024(H5N1)	29	861
PB1|PP755595.1|A/cattle/Texas/24-008749-003/2024(H5N1)	30	861
PB1|PP755595.1|A/cattle/Texas/24-008749-003/2024(H5N1)	31	862
PB1|PP755595.1|A/cattle/Texas/24-008749-003/2024(H5N1)	32	867
PB1|PP755595.1|A/cattle/Texas/24-008749-003/2024(H5N1)	33	867
PB1|PP755595.1|A/cattle/Texas/24-008749-003/2024(H5N1)	34	882
PB1|PP755595.1|A/cattle/Texas/24-008749-003/2024(H5N1)	35	888
PB1|PP755595.1|A/cattle/Texas/24-008749-003/2024(H5N1)	36	890
PB1|PP755595.1|A/cattle/Texas/24-008749-003/2024(H5N1)	37	894
PB1|PP755595.1|A/cattle/Texas/24-008749-003/2024(H5N1)	38	898
PB1|PP755595.1|A/cattle/Texas/24-008749-003/2024(H5N1)	39	900
PB1|PP755595.1|A/cattle/Texas/24-008749-003/2024(H5N1)	40	926
PB1|PP755595.1|A/cattle/Texas/24-008749-003/2024(H5N1)	41	935
PB1|PP755595.1|A/cattle/Texas/24-008749-003/2024(H5N1)	42	935
PB1|PP755595.1|A/cattle/Texas/24-008749-003/2024(H5N1)	43	946
PB1|PP755595.1|A/cattle/Texas/24-008749-003/2024(H5N1)	44	946
PB1|PP755595.1|A/cattle/Texas/24-008749-003/2024(H5N1)	45	946
PB1|PP755595.1|A/cattle/Texas/24-008749-003/2024(H5N1)	46	950
PB1|PP755595.1|A/cattle/Texas/24-008749-003/2024(H5N1)	47	961
PB1|PP755595.1|A/cattle/Texas/24-008749-003/2024(H5N1)	48	1010
PB1|PP755595.1|A/cattle/Texas/24-008749-003/2024(H5N1)	49	1042
PB1|PP755595.1|A/cattle/Texas/24-008749-003/2024(H5N1)	50	1047
PB1|PP755595.1|A/cattle/Texas/24-008749-003/2024(H5N1)	51	1063
PB1|PP755595.1|A/cattle/Texas/24-008749-003/2024(H5N1)	52	1065
PB1|PP755595.1|A/cattle/Texas/24-008749-003/2024(H5N1)	53	1086
PB1|PP755595.1|A/cattle/Texas/24-008749-003/2024(H5N1)	54	1114
PB1|PP755595.1|A/cattle/Texas/24-008749-003/2024(H5N1)	55	1114
PB1|PP755595.1|A/cattle/Texas/24-008749-003/2024(H5N1)	56	1145
PB1|PP755595.1|A/cattle/Texas/24-008749-003/2024(H5N1)	57	1148
PB1|PP755595.1|A/cattle/Texas/24-008749-003/2024(H5N1)	58	1162
PB1|PP755595.1|A/cattle/Texas/24-008749-003/2024(H5N1)	59	1182
PB1|PP755595.1|A/cattle/Texas/24-008749-003/2024(H5N1)	60	1182
PB1|PP755595.1|A/cattle/Texas/24-008749-003/2024(H5N1)	61	1187
PB1|PP755595.1|A/cattle/Texas/24-008749-003/2024(H5N1)	62	1189
PB1|PP755595.1|A/cattle/Texas/24-008749-003/2024(H5N1)	63	1193
PB1|PP755595.1|A/cattle/Texas/24-008749-003/2024(H5N1)	64	1207
PB1|PP755595.1|A/cattle/Texas/24-008749-003/2024(H5N1)	65	1207
PB1|PP755595.1|A/cattle/Texas/24-008749-003/2024(H5N1)	66	1331
PB1|PP755595.1|A/cattle/Texas/24-008749-003/2024(H5N1)	67	1334
PB1|PP755595.1|A/cattle/Texas/24-008749-003/2024(H5N1)	68	1334
PB1|PP755595.1|A/cattle/Texas/24-008749-003/2024(H5N1)	69	1334
PB1|PP755595.1|A/cattle/Texas/24-008749-003/2024(H5N1)	70	1348
PB1|PP755595.1|A/cattle/Texas/24-008749-003/2024(H5N1)	71	1409
PB1|PP755595.1|A/cattle/Texas/24-008749-003/2024(H5N1)	72	1434
PB1|PP755595.1|A/cattle/Texas/24-008749-003/2024(H5N1)	73	1462
PB1|PP755595.1|A/cattle/Texas/24-008749-003/2024(H5N1)	74	1480
PB1|PP755595.1|A/cattle/Texas/24-008749-003/2024(H5N1)	75	1490
PB1|PP755595.1|A/cattle/Texas/24-008749-003/2024(H5N1)	76	1504
PB1|PP755595.1|A/cattle/Texas/24-008749-003/2024(H5N1)	77	1516
PB1|PP755595.1|A/cattle/Texas/24-008749-003/2024(H5N1)	78	1520
PB1|PP755595.1|A/cattle/Texas/24-008749-003/2024(H5N1)	79	1521
PB1|PP755595.1|A/cattle/Texas/24-008749-003/2024(H5N1)	80	1546
PB1|PP755595.1|A/cattle/Texas/24-008749-003/2024(H5N1)	81	1548
PB1|PP755595.1|A/cattle/Texas/24-008749-003/2024(H5N1)	82	1608
PB1|PP755595.1|A/cattle/Texas/24-008749-003/2024(H5N1)	83	1614
PB1|PP755595.1|A/cattle/Texas/24-008749-003/2024(H5N1)	84	1618
PB1|PP755595.1|A/cattle/Texas/24-008749-003/2024(H5N1)	85	1663
PB1|PP755595.1|A/cattle/Texas/24-008749-003/2024(H5N1)	86	1670
PB1|PP755595.1|A/cattle/Texas/24-008749-003/2024(H5N1)	87	1674
PB1|PP755595.1|A/cattle/Texas/24-008749-003/2024(H5N1)	88	1674
PB1|PP755595.1|A/cattle/Texas/24-008749-003/2024(H5N1)	89	1674
PB1|PP755595.1|A/cattle/Texas/24-008749-003/2024(H5N1)	90	1676
PB1|PP755595.1|A/cattle/Texas/24-008749-003/2024(H5N1)	91	1676
PB1|PP755595.1|A/cattle/Texas/24-008749-003/2024(H5N1)	92	1711
PB1|PP755595.1|A/cattle/Texas/24-008749-003/2024(H5N1)	93	1726
PB1|PP755595.1|A/cattle/Texas/24-008749-003/2024(H5N1)	94	1714
PB1|PP755595.1|A/cattle/Texas/24-008749-003/2024(H5N1)	95	1724
PB1|PP755595.1|A/cattle/Texas/24-008749-003/2024(H5N1)	96	1725
PB1|PP755595.1|A/cattle/Texas/24-008749-003/2024(H5N1)	97	1726
PB1|PP755595.1|A/cattle/Texas/24-008749-003/2024(H5N1)	98	1727
PB1|PP755595.1|A/cattle/Texas/24-008749-003/2024(H5N1)	99	1725
PB1|PP755595.1|A/cattle/Texas/24-008749-003/2024(H5N1)	100	1725
PB1|PP755595.1|A/cattle/Texas/24-008749-003/2024(H5N1)	101	1717
PB1|PP755595.1|A/cattle/Texas/24-008749-003/2024(H5N1)	102	1702
PB1|PP755595.1|A/cattle/Texas/24-008749-003/2024(H5N1)	103	1702
PB1|PP755595.1|A/cattle/Texas/24-008749-003/2024(H5N1)	104	1701
PB1|PP755595.1|A/cattle/Texas/24-008749-003/2024(H5N1)	105	1696
PB1|PP755595.1|A/cattle/Texas/24-008749-003/2024(H5N1)	106	1695
PB1|PP755595.1|A/cattle/Texas/24-008749-003/2024(H5N1)	107	1692
PB1|PP755595.1|A/cattle/Texas/24-008749-003/2024(H5N1)	108	1663
PB1|PP755595.1|A/cattle/Texas/24-008749-003/2024(H5N1)	109	1663
PB1|PP755595.1|A/cattle/Texas/24-008749-003/2024(H5N1)	110	1663
PB1|PP755595.1|A/cattle/Texas/24-008749-003/2024(H5N1)	111	1606
PB1|PP755595.1|A/cattle/Texas/24-008749-003/2024(H5N1)	112	1602
PB1|PP755595.1|A/cattle/Texas/24-008749-003/2024(H5N1)	113	1598
PB1|PP755595.1|A/cattle/Texas/24-008749-003/2024(H5N1)	114	1597
PB1|PP755595.1|A/cattle/Texas/24-008749-003/2024(H5N1)	115	1597
PB1|PP755595.1|A/cattle/Texas/24-008749-003/2024(H5N1)	116	1597
PB1|PP755595.1|A/cattle/Texas/24-008749-003/2024(H5N1)	117	1565
PB1|PP755595.1|A/cattle/Texas/24-008749-003/2024(H5N1)	118	1942
PB1|PP755595.1|A/cattle/Texas/24-008749-003/2024(H5N1)	119	1944
PB1|PP755595.1|A/cattle/Texas/24-008749-003/2024(H5N1)	120	1957
PB1|PP755595.1|A/cattle/Texas/24-008749-003/2024(H5N1)	121	1961
PB1|PP755595.1|A/cattle/Texas/24-008749-003/2024(H5N1)	122	1963
PB1|PP755595.1|A/cattle/Texas/24-008749-003/2024(H5N1)	123	1962
PB1|PP755595.1|A/cattle/Texas/24-008749-003/2024(H5N1)	124	1960
PB1|PP755595.1|A/cattle/Texas/24-008749-003/2024(H5N1)	125	1929
PB1|PP755595.1|A/cattle/Texas/24-008749-003/2024(H5N1)	126	1927
PB1|PP755595.1|A/cattle/Texas/24-008749-003/2024(H5N1)	127	1685
PB1|PP755595.1|A/cattle/Texas/24-008749-003/2024(H5N1)	128	1645
PB1|PP755595.1|A/cattle/Texas/24-008749-003/2024(H5N1)	129	1592
PB1|PP755595.1|A/cattle/Texas/24-008749-003/2024(H5N1)	130	1678
PB1|PP755595.1|A/cattle/Texas/24-008749-003/2024(H5N1)	131	1680
PB1|PP755595.1|A/cattle/Texas/24-008749-003/2024(H5N1)	132	1673
PB1|PP755595.1|A/cattle/Texas/24-008749-003/2024(H5N1)	133	1670
PB1|PP755595.1|A/cattle/Texas/24-008749-003/2024(H5N1)	134	1690
PB1|PP755595.1|A/cattle/Texas/24-008749-003/2024(H5N1)	135	1683
PB1|PP755595.1|A/cattle/Texas/24-008749-003/2024(H5N1)	136	1676
PB1|PP755595.1|A/cattle/Texas/24-008749-003/2024(H5N1)	137	1666
PB1|PP755595.1|A/cattle/Texas/24-008749-003/2024(H5N1)	138	1648
PB1|PP755595.1|A/cattle/Texas/24-008749-003/2024(H5N1)	139	1811
PB1|PP755595.1|A/cattle/Texas/24-008749-003/2024(H5N1)	140	1808
PB1|PP755595.1|A/cattle/Texas/24-008749-003/2024(H5N1)	141	1826
PB1|PP755595.1|A/cattle/Texas/24-008749-003/2024(H5N1)	142	1822
PB1|PP755595.1|A/cattle/Texas/24-008749-003/2024(H5N1)	143	1815
PB1|PP755595.1|A/cattle/Texas/24-008749-003/2024(H5N1)	144	1819
PB1|PP755595.1|A/cattle/Texas/24-008749-003/2024(H5N1)	145	1813
PB1|PP755595.1|A/cattle/Texas/24-008749-003/2024(H5N1)	146	1799
PB1|PP755595.1|A/cattle/Texas/24-008749-003/2024(H5N1)	147	1778
PB1|PP755595.1|A/cattle/Texas/24-008749-003/2024(H5N1)	148	1748
PB1|PP755595.1|A/cattle/Texas/24-008749-003/2024(H5N1)	149	1742
PB1|PP755595.1|A/cattle/Texas/24-008749-003/2024(H5N1)	150	1734
PB1|PP755595.1|A/cattle/Texas/24-008749-003/2024(H5N1)	151	1734
PB1|PP755595.1|A/cattle/Texas/24-008749-003/2024(H5N1)	152	1729
PB1|PP755595.1|A/cattle/Texas/24-008749-003/2024(H5N1)	153	1701
PB1|PP755595.1|A/cattle/Texas/24-008749-003/2024(H5N1)	154	1697
PB1|PP755595.1|A/cattle/Texas/24-008749-003/2024(H5N1)	155	1707
PB1|PP755595.1|A/cattle/Texas/24-008749-003/2024(H5N1)	156	1690
PB1|PP755595.1|A/cattle/Texas/24-008749-003/2024(H5N1)	157	1707
PB1|PP755595.1|A/cattle/Texas/24-008749-003/2024(H5N1)	158	1718
PB1|PP755595.1|A/cattle/Texas/24-008749-003/2024(H5N1)	159	1718
PB1|PP755595.1|A/cattle/Texas/24-008749-003/2024(H5N1)	160	1863
PB1|PP755595.1|A/cattle/Texas/24-008749-003/2024(H5N1)	161	1863
PB1|PP755595.1|A/cattle/Texas/24-008749-003/2024(H5N1)	162	1867
PB1|PP755595.1|A/cattle/Texas/24-008749-003/2024(H5N1)	163	1868
PB1|PP755595.1|A/cattle/Texas/24-008749-003/2024(H5N1)	164	1870
PB1|PP755595.1|A/cattle/Texas/24-008749-003/2024(H5N1)	165	1868
PB1|PP755595.1|A/cattle/Texas/24-008749-003/2024(H5N1)	166	1866
PB1|PP755595.1|A/cattle/Texas/24-008749-003/2024(H5N1)	167	1871
PB1|PP755595.1|A/cattle/Texas/24-008749-003/2024(H5N1)	168	1880
PB1|PP755595.1|A/cattle/Texas/24-008749-003/2024(H5N1)	169	1884
PB1|PP755595.1|A/cattle/Texas/24-008749-003/2024(H5N1)	170	1890
PB1|PP755595.1|A/cattle/Texas/24-008749-003/2024(H5N1)	171	1888
PB1|PP755595.1|A/cattle/Texas/24-008749-003/2024(H5N1)	172	1887
PB1|PP755595.1|A/cattle/Texas/24-008749-003/2024(H5N1)	173	1899
PB1|PP755595.1|A/cattle/Texas/24-008749-003/2024(H5N1)	174	1905
PB1|PP755595.1|A/cattle/Texas/24-008749-003/2024(H5N1)	175	1905
PB1|PP755595.1|A/cattle/Texas/24-008749-003/2024(H5N1)	176	1892
PB1|PP755595.1|A/cattle/Texas/24-008749-003/2024(H5N1)	177	1886
PB1|PP755595.1|A/cattle/Texas/24-008749-003/2024(H5N1)	178	1886
PB1|PP755595.1|A/cattle/Texas/24-008749-003/2024(H5N1)	179	1908
PB1|PP755595.1|A/cattle/Texas/24-008749-003/2024(H5N1)	180	1932
PB1|PP755595.1|A/cattle/Texas/24-008749-003/2024(H5N1)	181	1931
PB1|PP755595.1|A/cattle/Texas/24-008749-003/2024(H5N1)	182	1943
PB1|PP755595.1|A/cattle/Texas/24-008749-003/2024(H5N1)	183	1937
PB1|PP755595.1|A/cattle/Texas/24-008749-003/2024(H5N1)	184	1936
PB1|PP755595.1|A/cattle/Texas/24-008749-003/2024(H5N1)	185	1927
PB1|PP755595.1|A/cattle/Texas/24-008749-003/2024(H5N1)	186	1916
PB1|PP755595.1|A/cattle/Texas/24-008749-003/2024(H5N1)	187	1918
PB1|PP755595.1|A/cattle/Texas/24-008749-003/2024(H5N1)	188	1945
PB1|PP755595.1|A/cattle/Texas/24-008749-003/2024(H5N1)	189	1935
PB1|PP755595.1|A/cattle/Texas/24-008749-003/2024(H5N1)	190	2001
PB1|PP755595.1|A/cattle/Texas/24-008749-003/2024(H5N1)	191	2000
PB1|PP755595.1|A/cattle/Texas/24-008749-003/2024(H5N1)	192	2000
PB1|PP755595.1|A/cattle/Texas/24-008749-003/2024(H5N1)	193	2018
PB1|PP755595.1|A/cattle/Texas/24-008749-003/2024(H5N1)	194	2005
PB1|PP755595.1|A/cattle/Texas/24-008749-003/2024(H5N1)	195	2039
PB1|PP755595.1|A/cattle/Texas/24-008749-003/2024(H5N1)	196	2030
PB1|PP755595.1|A/cattle/Texas/24-008749-003/2024(H5N1)	197	2025
PB1|PP755595.1|A/cattle/Texas/24-008749-003/2024(H5N1)	198	2036
PB1|PP755595.1|A/cattle/Texas/24-008749-003/2024(H5N1)	199	1957
PB1|PP755595.1|A/cattle/Texas/24-008749-003/2024(H5N1)	200	1944
PB1|PP755595.1|A/cattle/Texas/24-008749-003/2024(H5N1)	201	1935
PB1|PP755595.1|A/cattle/Texas/24-008749-003/2024(H5N1)	202	1928
PB1|PP755595.1|A/cattle/Texas/24-008749-003/2024(H5N1)	203	1960
PB1|PP755595.1|A/cattle/Texas/24-008749-003/2024(H5N1)	204	1940
PB1|PP755595.1|A/cattle/Texas/24-008749-003/2024(H5N1)	205	1951
PB1|PP755595.1|A/cattle/Texas/24-008749-003/2024(H5N1)	206	1953
PB1|PP755595.1|A/cattle/Texas/24-008749-003/2024(H5N1)	207	1926
PB1|PP755595.1|A/cattle/Texas/24-008749-003/2024(H5N1)	208	1899
PB1|PP755595.1|A/cattle/Texas/24-008749-003/2024(H5N1)	209	1887
PB1|PP755595.1|A/cattle/Texas/24-008749-003/2024(H5N1)	210	1869
PB1|PP755595.1|A/cattle/Texas/24-008749-003/2024(H5N1)	211	1868
PB1|PP755595.1|A/cattle/Texas/24-008749-003/2024(H5N1)	212	1863
PB1|PP755595.1|A/cattle/Texas/24-008749-003/2024(H5N1)	213	1487
PB1|PP755595.1|A/cattle/Texas/24-008749-003/2024(H5N1)	214	1485
PB1|PP755595.1|A/cattle/Texas/24-008749-003/2024(H5N1)	215	1483
PB1|PP755595.1|A/cattle/Texas/24-008749-003/2024(H5N1)	216	1482
PB1|PP755595.1|A/cattle/Texas/24-008749-003/2024(H5N1)	217	1373
PB1|PP755595.1|A/cattle/Texas/24-008749-003/2024(H5N1)	218	1380
PB1|PP755595.1|A/cattle/Texas/24-008749-003/2024(H5N1)	219	1398
PB1|PP755595.1|A/cattle/Texas/24-008749-003/2024(H5N1)	220	1505
PB1|PP755595.1|A/cattle/Texas/24-008749-003/2024(H5N1)	221	1505
PB1|PP755595.1|A/cattle/Texas/24-008749-003/2024(H5N1)	222	1505
PB1|PP755595.1|A/cattle/Texas/24-008749-003/2024(H5N1)	223	1517
PB1|PP755595.1|A/cattle/Texas/24-008749-003/2024(H5N1)	224	1519
PB1|PP755595.1|A/cattle/Texas/24-008749-003/2024(H5N1)	225	1508
PB1|PP755595.1|A/cattle/Texas/24-008749-003/2024(H5N1)	226	1534
PB1|PP755595.1|A/cattle/Texas/24-008749-003/2024(H5N1)	227	1535
PB1|PP755595.1|A/cattle/Texas/24-008749-003/2024(H5N1)	228	1554
PB1|PP755595.1|A/cattle/Texas/24-008749-003/2024(H5N1)	229	1538
PB1|PP755595.1|A/cattle/Texas/24-008749-003/2024(H5N1)	230	1537
PB1|PP755595.1|A/cattle/Texas/24-008749-003/2024(H5N1)	231	1534
PB1|PP755595.1|A/cattle/Texas/24-008749-003/2024(H5N1)	232	1543
PB1|PP755595.1|A/cattle/Texas/24-008749-003/2024(H5N1)	233	1561
PB1|PP755595.1|A/cattle/Texas/24-008749-003/2024(H5N1)	234	1584
PB1|PP755595.1|A/cattle/Texas/24-008749-003/2024(H5N1)	235	1760
PB1|PP755595.1|A/cattle/Texas/24-008749-003/2024(H5N1)	236	1760
PB1|PP755595.1|A/cattle/Texas/24-008749-003/2024(H5N1)	237	1765
PB1|PP755595.1|A/cattle/Texas/24-008749-003/2024(H5N1)	238	1765
PB1|PP755595.1|A/cattle/Texas/24-008749-003/2024(H5N1)	239	1766
PB1|PP755595.1|A/cattle/Texas/24-008749-003/2024(H5N1)	240	1848
PB1|PP755595.1|A/cattle/Texas/24-008749-003/2024(H5N1)	241	1856
PB1|PP755595.1|A/cattle/Texas/24-008749-003/2024(H5N1)	242	1942
PB1|PP755595.1|A/cattle/Texas/24-008749-003/2024(H5N1)	243	1944
PB1|PP755595.1|A/cattle/Texas/24-008749-003/2024(H5N1)	244	1943
PB1|PP755595.1|A/cattle/Texas/24-008749-003/2024(H5N1)	245	1957
PB1|PP755595.1|A/cattle/Texas/24-008749-003/2024(H5N1)	246	2007
PB1|PP755595.1|A/cattle/Texas/24-008749-003/2024(H5N1)	247	2025
PB1|PP755595.1|A/cattle/Texas/24-008749-003/2024(H5N1)	248	2025
PB1|PP755595.1|A/cattle/Texas/24-008749-003/2024(H5N1)	249	2022
PB1|PP755595.1|A/cattle/Texas/24-008749-003/2024(H5N1)	250	2011
PB1|PP755595.1|A/cattle/Texas/24-008749-003/2024(H5N1)	251	1983
PB1|PP755595.1|A/cattle/Texas/24-008749-003/2024(H5N1)	252	1981
PB1|PP755595.1|A/cattle/Texas/24-008749-003/2024(H5N1)	253	1967
PB1|PP755595.1|A/cattle/Texas/24-008749-003/2024(H5N1)	254	1946
PB1|PP755595.1|A/cattle/Texas/24-008749-003/2024(H5N1)	255	1603
PB1|PP755595.1|A/cattle/Texas/24-008749-003/2024(H5N1)	256	1603
PB1|PP755595.1|A/cattle/Texas/24-008749-003/2024(H5N1)	257	1603
PB1|PP755595.1|A/cattle/Texas/24-008749-003/2024(H5N1)	258	1603
PB1|PP755595.1|A/cattle/Texas/24-008749-003/2024(H5N1)	259	1603
PB1|PP755595.1|A/cattle/Texas/24-008749-003/2024(H5N1)	260	1603
PB1|PP755595.1|A/cattle/Texas/24-008749-003/2024(H5N1)	261	1603
PB1|PP755595.1|A/cattle/Texas/24-008749-003/2024(H5N1)	262	1603
PB1|PP755595.1|A/cattle/Texas/24-008749-003/2024(H5N1)	263	1602
PB1|PP755595.1|A/cattle/Texas/24-008749-003/2024(H5N1)	264	1601
PB1|PP755595.1|A/cattle/Texas/24-008749-003/2024(H5N1)	265	1601
PB1|PP755595.1|A/cattle/Texas/24-008749-003/2024(H5N1)	266	1603
PB1|PP755595.1|A/cattle/Texas/24-008749-003/2024(H5N1)	267	1604
PB1|PP755595.1|A/cattle/Texas/24-008749-003/2024(H5N1)	268	1792
PB1|PP755595.1|A/cattle/Texas/24-008749-003/2024(H5N1)	269	1804
PB1|PP755595.1|A/cattle/Texas/24-008749-003/2024(H5N1)	270	1807
PB1|PP755595.1|A/cattle/Texas/24-008749-003/2024(H5N1)	271	1809
PB1|PP755595.1|A/cattle/Texas/24-008749-003/2024(H5N1)	272	1831
PB1|PP755595.1|A/cattle/Texas/24-008749-003/2024(H5N1)	273	1840
PB1|PP755595.1|A/cattle/Texas/24-008749-003/2024(H5N1)	274	1841
PB1|PP755595.1|A/cattle/Texas/24-008749-003/2024(H5N1)	275	1844
PB1|PP755595.1|A/cattle/Texas/24-008749-003/2024(H5N1)	276	1856
PB1|PP755595.1|A/cattle/Texas/24-008749-003/2024(H5N1)	277	1862
PB1|PP755595.1|A/cattle/Texas/24-008749-003/2024(H5N1)	278	1894
PB1|PP755595.1|A/cattle/Texas/24-008749-003/2024(H5N1)	279	1894
PB1|PP755595.1|A/cattle/Texas/24-008749-003/2024(H5N1)	280	1894
PB1|PP755595.1|A/cattle/Texas/24-008749-003/2024(H5N1)	281	1997
PB1|PP755595.1|A/cattle/Texas/24-008749-003/2024(H5N1)	282	2022
PB1|PP755595.1|A/cattle/Texas/24-008749-003/2024(H5N1)	283	2005
PB1|PP755595.1|A/cattle/Texas/24-008749-003/2024(H5N1)	284	2004
PB1|PP755595.1|A/cattle/Texas/24-008749-003/2024(H5N1)	285	1998
PB1|PP755595.1|A/cattle/Texas/24-008749-003/2024(H5N1)	286	2013
PB1|PP755595.1|A/cattle/Texas/24-008749-003/2024(H5N1)	287	2009
PB1|PP755595.1|A/cattle/Texas/24-008749-003/2024(H5N1)	288	1969
PB1|PP755595.1|A/cattle/Texas/24-008749-003/2024(H5N1)	289	2043
PB1|PP755595.1|A/cattle/Texas/24-008749-003/2024(H5N1)	290	1866
PB1|PP755595.1|A/cattle/Texas/24-008749-003/2024(H5N1)	291	1950
PB1|PP755595.1|A/cattle/Texas/24-008749-003/2024(H5N1)	292	2115
PB1|PP755595.1|A/cattle/Texas/24-008749-003/2024(H5N1)	293	2121
PB1|PP755595.1|A/cattle/Texas/24-008749-003/2024(H5N1)	294	2091
PB1|PP755595.1|A/cattle/Texas/24-008749-003/2024(H5N1)	295	2251
PB1|PP755595.1|A/cattle/Texas/24-008749-003/2024(H5N1)	296	2269
PB1|PP755595.1|A/cattle/Texas/24-008749-003/2024(H5N1)	297	2277
PB1|PP755595.1|A/cattle/Texas/24-008749-003/2024(H5N1)	298	2280
PB1|PP755595.1|A/cattle/Texas/24-008749-003/2024(H5N1)	299	2279
PB1|PP755595.1|A/cattle/Texas/24-008749-003/2024(H5N1)	300	2181
PB1|PP755595.1|A/cattle/Texas/24-008749-003/2024(H5N1)	301	2185
PB1|PP755595.1|A/cattle/Texas/24-008749-003/2024(H5N1)	302	2185
PB1|PP755595.1|A/cattle/Texas/24-008749-003/2024(H5N1)	303	2190
PB1|PP755595.1|A/cattle/Texas/24-008749-003/2024(H5N1)	304	2199
PB1|PP755595.1|A/cattle/Texas/24-008749-003/2024(H5N1)	305	2206
PB1|PP755595.1|A/cattle/Texas/24-008749-003/2024(H5N1)	306	2201
PB1|PP755595.1|A/cattle/Texas/24-008749-003/2024(H5N1)	307	2195
PB1|PP755595.1|A/cattle/Texas/24-008749-003/2024(H5N1)	308	2197
PB1|PP755595.1|A/cattle/Texas/24-008749-003/2024(H5N1)	309	2200
PB1|PP755595.1|A/cattle/Texas/24-008749-003/2024(H5N1)	310	2201
PB1|PP755595.1|A/cattle/Texas/24-008749-003/2024(H5N1)	311	2211
PB1|PP755595.1|A/cattle/Texas/24-008749-003/2024(H5N1)	312	2211
PB1|PP755595.1|A/cattle/Texas/24-008749-003/2024(H5N1)	313	2209
PB1|PP755595.1|A/cattle/Texas/24-008749-003/2024(H5N1)	314	2209
PB1|PP755595.1|A/cattle/Texas/24-008749-003/2024(H5N1)	315	2216
PB1|PP755595.1|A/cattle/Texas/24-008749-003/2024(H5N1)	316	2214
PB1|PP755595.1|A/cattle/Texas/24-008749-003/2024(H5N1)	317	2222
PB1|PP755595.1|A/cattle/Texas/24-008749-003/2024(H5N1)	318	2219
PB1|PP755595.1|A/cattle/Texas/24-008749-003/2024(H5N1)	319	2336
PB1|PP755595.1|A/cattle/Texas/24-008749-003/2024(H5N1)	320	2365
PB1|PP755595.1|A/cattle/Texas/24-008749-003/2024(H5N1)	321	2365
PB1|PP755595.1|A/cattle/Texas/24-008749-003/2024(H5N1)	322	2367
PB1|PP755595.1|A/cattle/Texas/24-008749-003/2024(H5N1)	323	2365
PB1|PP755595.1|A/cattle/Texas/24-008749-003/2024(H5N1)	324	2349
PB1|PP755595.1|A/cattle/Texas/24-008749-003/2024(H5N1)	325	2339
PB1|PP755595.1|A/cattle/Texas/24-008749-003/2024(H5N1)	326	2339
PB1|PP755595.1|A/cattle/Texas/24-008749-003/2024(H5N1)	327	2341
PB1|PP755595.1|A/cattle/Texas/24-008749-003/2024(H5N1)	328	2348
PB1|PP755595.1|A/cattle/Texas/24-008749-003/2024(H5N1)	329	2336
PB1|PP755595.1|A/cattle/Texas/24-008749-003/2024(H5N1)	330	2346
PB1|PP755595.1|A/cattle/Texas/24-008749-003/2024(H5N1)	331	2325
PB1|PP755595.1|A/cattle/Texas/24-008749-003/2024(H5N1)	332	2329
PB1|PP755595.1|A/cattle/Texas/24-008749-003/2024(H5N1)	333	2316
PB1|PP755595.1|A/cattle/Texas/24-008749-003/2024(H5N1)	334	2334
PB1|PP755595.1|A/cattle/Texas/24-008749-003/2024(H5N1)	335	2342
PB1|PP755595.1|A/cattle/Texas/24-008749-003/2024(H5N1)	336	2331
PB1|PP755595.1|A/cattle/Texas/24-008749-003/2024(H5N1)	337	2331
PB1|PP755595.1|A/cattle/Texas/24-008749-003/2024(H5N1)	338	2322
PB1|PP755595.1|A/cattle/Texas/24-008749-003/2024(H5N1)	339	2299
PB1|PP755595.1|A/cattle/Texas/24-008749-003/2024(H5N1)	340	2298
PB1|PP755595.1|A/cattle/Texas/24-008749-003/2024(H5N1)	341	2216
PB1|PP755595.1|A/cattle/Texas/24-008749-003/2024(H5N1)	342	2216
PB1|PP755595.1|A/cattle/Texas/24-008749-003/2024(H5N1)	343	2210
PB1|PP755595.1|A/cattle/Texas/24-008749-003/2024(H5N1)	344	2188
PB1|PP755595.1|A/cattle/Texas/24-008749-003/2024(H5N1)	345	2209
PB1|PP755595.1|A/cattle/Texas/24-008749-003/2024(H5N1)	346	2215
PB1|PP755595.1|A/cattle/Texas/24-008749-003/2024(H5N1)	347	2226
PB1|PP755595.1|A/cattle/Texas/24-008749-003/2024(H5N1)	348	2227
PB1|PP755595.1|A/cattle/Texas/24-008749-003/2024(H5N1)	349	2211
PB1|PP755595.1|A/cattle/Texas/24-008749-003/2024(H5N1)	350	2205
PB1|PP755595.1|A/cattle/Texas/24-008749-003/2024(H5N1)	351	2206
PB1|PP755595.1|A/cattle/Texas/24-008749-003/2024(H5N1)	352	2213
PB1|PP755595.1|A/cattle/Texas/24-008749-003/2024(H5N1)	353	2218
PB1|PP755595.1|A/cattle/Texas/24-008749-003/2024(H5N1)	354	2185
PB1|PP755595.1|A/cattle/Texas/24-008749-003/2024(H5N1)	355	2184
PB1|PP755595.1|A/cattle/Texas/24-008749-003/2024(H5N1)	356	2144
PB1|PP755595.1|A/cattle/Texas/24-008749-003/2024(H5N1)	357	2142
PB1|PP755595.1|A/cattle/Texas/24-008749-003/2024(H5N1)	358	2142
PB1|PP755595.1|A/cattle/Texas/24-008749-003/2024(H5N1)	359	2127
PB1|PP755595.1|A/cattle/Texas/24-008749-003/2024(H5N1)	360	2125
PB1|PP755595.1|A/cattle/Texas/24-008749-003/2024(H5N1)	361	2092
PB1|PP755595.1|A/cattle/Texas/24-008749-003/2024(H5N1)	362	2084
PB1|PP755595.1|A/cattle/Texas/24-008749-003/2024(H5N1)	363	1434
PB1|PP755595.1|A/cattle/Texas/24-008749-003/2024(H5N1)	364	1394
PB1|PP755595.1|A/cattle/Texas/24-008749-003/2024(H5N1)	365	1394
PB1|PP755595.1|A/cattle/Texas/24-008749-003/2024(H5N1)	366	1394
PB1|PP755595.1|A/cattle/Texas/24-008749-003/2024(H5N1)	367	1397
PB1|PP755595.1|A/cattle/Texas/24-008749-003/2024(H5N1)	368	1409
PB1|PP755595.1|A/cattle/Texas/24-008749-003/2024(H5N1)	369	1409
PB1|PP755595.1|A/cattle/Texas/24-008749-003/2024(H5N1)	370	1409
PB1|PP755595.1|A/cattle/Texas/24-008749-003/2024(H5N1)	371	1427
PB1|PP755595.1|A/cattle/Texas/24-008749-003/2024(H5N1)	372	1427
PB1|PP755595.1|A/cattle/Texas/24-008749-003/2024(H5N1)	373	1429
PB1|PP755595.1|A/cattle/Texas/24-008749-003/2024(H5N1)	374	1429
PB1|PP755595.1|A/cattle/Texas/24-008749-003/2024(H5N1)	375	1428
PB1|PP755595.1|A/cattle/Texas/24-008749-003/2024(H5N1)	376	1462
PB1|PP755595.1|A/cattle/Texas/24-008749-003/2024(H5N1)	377	1462
PB1|PP755595.1|A/cattle/Texas/24-008749-003/2024(H5N1)	378	1464
PB1|PP755595.1|A/cattle/Texas/24-008749-003/2024(H5N1)	379	1655
PB1|PP755595.1|A/cattle/Texas/24-008749-003/2024(H5N1)	380	1655
PB1|PP755595.1|A/cattle/Texas/24-008749-003/2024(H5N1)	381	1662
PB1|PP755595.1|A/cattle/Texas/24-008749-003/2024(H5N1)	382	1736
PB1|PP755595.1|A/cattle/Texas/24-008749-003/2024(H5N1)	383	1741
PB1|PP755595.1|A/cattle/Texas/24-008749-003/2024(H5N1)	384	1743
PB1|PP755595.1|A/cattle/Texas/24-008749-003/2024(H5N1)	385	1748
PB1|PP755595.1|A/cattle/Texas/24-008749-003/2024(H5N1)	386	1757
PB1|PP755595.1|A/cattle/Texas/24-008749-003/2024(H5N1)	387	1773
PB1|PP755595.1|A/cattle/Texas/24-008749-003/2024(H5N1)	388	1773
PB1|PP755595.1|A/cattle/Texas/24-008749-003/2024(H5N1)	389	1778
PB1|PP755595.1|A/cattle/Texas/24-008749-003/2024(H5N1)	390	1781
PB1|PP755595.1|A/cattle/Texas/24-008749-003/2024(H5N1)	391	1781
PB1|PP755595.1|A/cattle/Texas/24-008749-003/2024(H5N1)	392	1781
PB1|PP755595.1|A/cattle/Texas/24-008749-003/2024(H5N1)	393	1781
PB1|PP755595.1|A/cattle/Texas/24-008749-003/2024(H5N1)	394	1781
PB1|PP755595.1|A/cattle/Texas/24-008749-003/2024(H5N1)	395	1781
PB1|PP755595.1|A/cattle/Texas/24-008749-003/2024(H5N1)	396	1765
PB1|PP755595.1|A/cattle/Texas/24-008749-003/2024(H5N1)	397	1700
PB1|PP755595.1|A/cattle/Texas/24-008749-003/2024(H5N1)	398	1700
PB1|PP755595.1|A/cattle/Texas/24-008749-003/2024(H5N1)	399	1700
PB1|PP755595.1|A/cattle/Texas/24-008749-003/2024(H5N1)	400	1699
PB1|PP755595.1|A/cattle/Texas/24-008749-003/2024(H5N1)	401	1686
PB1|PP755595.1|A/cattle/Texas/24-008749-003/2024(H5N1)	402	1686
PB1|PP755595.1|A/cattle/Texas/24-008749-003/2024(H5N1)	403	1686
PB1|PP755595.1|A/cattle/Texas/24-008749-003/2024(H5N1)	404	1686
PB1|PP755595.1|A/cattle/Texas/24-008749-003/2024(H5N1)	405	1665
PB1|PP755595.1|A/cattle/Texas/24-008749-003/2024(H5N1)	406	1653
PB1|PP755595.1|A/cattle/Texas/24-008749-003/2024(H5N1)	407	1642
PB1|PP755595.1|A/cattle/Texas/24-008749-003/2024(H5N1)	408	1631
PB1|PP755595.1|A/cattle/Texas/24-008749-003/2024(H5N1)	409	1625
PB1|PP755595.1|A/cattle/Texas/24-008749-003/2024(H5N1)	410	1609
PB1|PP755595.1|A/cattle/Texas/24-008749-003/2024(H5N1)	411	1606
PB1|PP755595.1|A/cattle/Texas/24-008749-003/2024(H5N1)	412	1606
PB1|PP755595.1|A/cattle/Texas/24-008749-003/2024(H5N1)	413	1606
PB1|PP755595.1|A/cattle/Texas/24-008749-003/2024(H5N1)	414	1603
PB1|PP755595.1|A/cattle/Texas/24-008749-003/2024(H5N1)	415	1612
PB1|PP755595.1|A/cattle/Texas/24-008749-003/2024(H5N1)	416	1612
PB1|PP755595.1|A/cattle/Texas/24-008749-003/2024(H5N1)	417	1612
PB1|PP755595.1|A/cattle/Texas/24-008749-003/2024(H5N1)	418	1612
PB1|PP755595.1|A/cattle/Texas/24-008749-003/2024(H5N1)	419	1605
PB1|PP755595.1|A/cattle/Texas/24-008749-003/2024(H5N1)	420	1605
PB1|PP755595.1|A/cattle/Texas/24-008749-003/2024(H5N1)	421	1601
PB1|PP755595.1|A/cattle/Texas/24-008749-003/2024(H5N1)	422	1596
PB1|PP755595.1|A/cattle/Texas/24-008749-003/2024(H5N1)	423	1580
PB1|PP755595.1|A/cattle/Texas/24-008749-003/2024(H5N1)	424	1571
PB1|PP755595.1|A/cattle/Texas/24-008749-003/2024(H5N1)	425	1566
PB1|PP755595.1|A/cattle/Texas/24-008749-003/2024(H5N1)	426	858
PB1|PP755595.1|A/cattle/Texas/24-008749-003/2024(H5N1)	427	851
PB1|PP755595.1|A/cattle/Texas/24-008749-003/2024(H5N1)	428	851
PB1|PP755595.1|A/cattle/Texas/24-008749-003/2024(H5N1)	429	851
PB1|PP755595.1|A/cattle/Texas/24-008749-003/2024(H5N1)	430	886
PB1|PP755595.1|A/cattle/Texas/24-008749-003/2024(H5N1)	431	886
PB1|PP755595.1|A/cattle/Texas/24-008749-003/2024(H5N1)	432	886
PB1|PP755595.1|A/cattle/Texas/24-008749-003/2024(H5N1)	433	894
PB1|PP755595.1|A/cattle/Texas/24-008749-003/2024(H5N1)	434	1062
PB1|PP755595.1|A/cattle/Texas/24-008749-003/2024(H5N1)	435	1067
PB1|PP755595.1|A/cattle/Texas/24-008749-003/2024(H5N1)	436	1463
PB1|PP755595.1|A/cattle/Texas/24-008749-003/2024(H5N1)	437	1633
PB1|PP755595.1|A/cattle/Texas/24-008749-003/2024(H5N1)	438	1634
PB1|PP755595.1|A/cattle/Texas/24-008749-003/2024(H5N1)	439	1645
PB1|PP755595.1|A/cattle/Texas/24-008749-003/2024(H5N1)	440	1647
PB1|PP755595.1|A/cattle/Texas/24-008749-003/2024(H5N1)	441	1649
PB1|PP755595.1|A/cattle/Texas/24-008749-003/2024(H5N1)	442	1651
PB1|PP755595.1|A/cattle/Texas/24-008749-003/2024(H5N1)	443	1651
PB1|PP755595.1|A/cattle/Texas/24-008749-003/2024(H5N1)	444	1653
PB1|PP755595.1|A/cattle/Texas/24-008749-003/2024(H5N1)	445	1659
PB1|PP755595.1|A/cattle/Texas/24-008749-003/2024(H5N1)	446	1660
PB1|PP755595.1|A/cattle/Texas/24-008749-003/2024(H5N1)	447	1649
PB1|PP755595.1|A/cattle/Texas/24-008749-003/2024(H5N1)	448	1648
PB1|PP755595.1|A/cattle/Texas/24-008749-003/2024(H5N1)	449	1659
PB1|PP755595.1|A/cattle/Texas/24-008749-003/2024(H5N1)	450	1659
PB1|PP755595.1|A/cattle/Texas/24-008749-003/2024(H5N1)	451	1659
PB1|PP755595.1|A/cattle/Texas/24-008749-003/2024(H5N1)	452	1677
PB1|PP755595.1|A/cattle/Texas/24-008749-003/2024(H5N1)	453	1671
PB1|PP755595.1|A/cattle/Texas/24-008749-003/2024(H5N1)	454	1677
PB1|PP755595.1|A/cattle/Texas/24-008749-003/2024(H5N1)	455	1671
PB1|PP755595.1|A/cattle/Texas/24-008749-003/2024(H5N1)	456	1635
PB1|PP755595.1|A/cattle/Texas/24-008749-003/2024(H5N1)	457	1634
PB1|PP755595.1|A/cattle/Texas/24-008749-003/2024(H5N1)	458	1633
PB1|PP755595.1|A/cattle/Texas/24-008749-003/2024(H5N1)	459	1635
PB1|PP755595.1|A/cattle/Texas/24-008749-003/2024(H5N1)	460	1625
PB1|PP755595.1|A/cattle/Texas/24-008749-003/2024(H5N1)	461	1707
PB1|PP755595.1|A/cattle/Texas/24-008749-003/2024(H5N1)	462	1717
PB1|PP755595.1|A/cattle/Texas/24-008749-003/2024(H5N1)	463	1720
PB1|PP755595.1|A/cattle/Texas/24-008749-003/2024(H5N1)	464	1724
PB1|PP755595.1|A/cattle/Texas/24-008749-003/2024(H5N1)	465	1722
PB1|PP755595.1|A/cattle/Texas/24-008749-003/2024(H5N1)	466	1733
PB1|PP755595.1|A/cattle/Texas/24-008749-003/2024(H5N1)	467	1726
PB1|PP755595.1|A/cattle/Texas/24-008749-003/2024(H5N1)	468	1719
PB1|PP755595.1|A/cattle/Texas/24-008749-003/2024(H5N1)	469	1720
PB1|PP755595.1|A/cattle/Texas/24-008749-003/2024(H5N1)	470	1624
PB1|PP755595.1|A/cattle/Texas/24-008749-003/2024(H5N1)	471	1626
PB1|PP755595.1|A/cattle/Texas/24-008749-003/2024(H5N1)	472	1626
PB1|PP755595.1|A/cattle/Texas/24-008749-003/2024(H5N1)	473	1626
PB1|PP755595.1|A/cattle/Texas/24-008749-003/2024(H5N1)	474	1630
PB1|PP755595.1|A/cattle/Texas/24-008749-003/2024(H5N1)	475	1641
PB1|PP755595.1|A/cattle/Texas/24-008749-003/2024(H5N1)	476	1639
PB1|PP755595.1|A/cattle/Texas/24-008749-003/2024(H5N1)	477	1637
PB1|PP755595.1|A/cattle/Texas/24-008749-003/2024(H5N1)	478	1631
PB1|PP755595.1|A/cattle/Texas/24-008749-003/2024(H5N1)	479	1611
PB1|PP755595.1|A/cattle/Texas/24-008749-003/2024(H5N1)	480	1587
PB1|PP755595.1|A/cattle/Texas/24-008749-003/2024(H5N1)	481	1576
PB1|PP755595.1|A/cattle/Texas/24-008749-003/2024(H5N1)	482	1575
PB1|PP755595.1|A/cattle/Texas/24-008749-003/2024(H5N1)	483	1571
PB1|PP755595.1|A/cattle/Texas/24-008749-003/2024(H5N1)	484	1570
PB1|PP755595.1|A/cattle/Texas/24-008749-003/2024(H5N1)	485	1592
PB1|PP755595.1|A/cattle/Texas/24-008749-003/2024(H5N1)	486	1615
PB1|PP755595.1|A/cattle/Texas/24-008749-003/2024(H5N1)	487	1670
PB1|PP755595.1|A/cattle/Texas/24-008749-003/2024(H5N1)	488	1671
PB1|PP755595.1|A/cattle/Texas/24-008749-003/2024(H5N1)	489	1681
PB1|PP755595.1|A/cattle/Texas/24-008749-003/2024(H5N1)	490	1692
PB1|PP755595.1|A/cattle/Texas/24-008749-003/2024(H5N1)	491	1688
PB1|PP755595.1|A/cattle/Texas/24-008749-003/2024(H5N1)	492	1688
PB1|PP755595.1|A/cattle/Texas/24-008749-003/2024(H5N1)	493	1691
PB1|PP755595.1|A/cattle/Texas/24-008749-003/2024(H5N1)	494	1710
PB1|PP755595.1|A/cattle/Texas/24-008749-003/2024(H5N1)	495	1722
PB1|PP755595.1|A/cattle/Texas/24-008749-003/2024(H5N1)	496	1670
PB1|PP755595.1|A/cattle/Texas/24-008749-003/2024(H5N1)	497	1675
PB1|PP755595.1|A/cattle/Texas/24-008749-003/2024(H5N1)	498	1669
PB1|PP755595.1|A/cattle/Texas/24-008749-003/2024(H5N1)	499	1674
PB1|PP755595.1|A/cattle/Texas/24-008749-003/2024(H5N1)	500	1679
PB1|PP755595.1|A/cattle/Texas/24-008749-003/2024(H5N1)	501	1684
PB1|PP755595.1|A/cattle/Texas/24-008749-003/2024(H5N1)	502	1679
PB1|PP755595.1|A/cattle/Texas/24-008749-003/2024(H5N1)	503	1678
PB1|PP755595.1|A/cattle/Texas/24-008749-003/2024(H5N1)	504	1684
PB1|PP755595.1|A/cattle/Texas/24-008749-003/2024(H5N1)	505	1732
PB1|PP755595.1|A/cattle/Texas/24-008749-003/2024(H5N1)	506	1736
PB1|PP755595.1|A/cattle/Texas/24-008749-003/2024(H5N1)	507	1738
PB1|PP755595.1|A/cattle/Texas/24-008749-003/2024(H5N1)	508	1762
PB1|PP755595.1|A/cattle/Texas/24-008749-003/2024(H5N1)	509	1797
PB1|PP755595.1|A/cattle/Texas/24-008749-003/2024(H5N1)	510	1809
PB1|PP755595.1|A/cattle/Texas/24-008749-003/2024(H5N1)	511	1804
PB1|PP755595.1|A/cattle/Texas/24-008749-003/2024(H5N1)	512	1808
PB1|PP755595.1|A/cattle/Texas/24-008749-003/2024(H5N1)	513	1777
PB1|PP755595.1|A/cattle/Texas/24-008749-003/2024(H5N1)	514	1740
PB1|PP755595.1|A/cattle/Texas/24-008749-003/2024(H5N1)	515	1755
PB1|PP755595.1|A/cattle/Texas/24-008749-003/2024(H5N1)	516	1752
PB1|PP755595.1|A/cattle/Texas/24-008749-003/2024(H5N1)	517	1722
PB1|PP755595.1|A/cattle/Texas/24-008749-003/2024(H5N1)	518	1741
PB1|PP755595.1|A/cattle/Texas/24-008749-003/2024(H5N1)	519	1725
PB1|PP755595.1|A/cattle/Texas/24-008749-003/2024(H5N1)	520	1769
PB1|PP755595.1|A/cattle/Texas/24-008749-003/2024(H5N1)	521	1771
PB1|PP755595.1|A/cattle/Texas/24-008749-003/2024(H5N1)	522	1788
PB1|PP755595.1|A/cattle/Texas/24-008749-003/2024(H5N1)	523	1796
PB1|PP755595.1|A/cattle/Texas/24-008749-003/2024(H5N1)	524	1775
PB1|PP755595.1|A/cattle/Texas/24-008749-003/2024(H5N1)	525	1795
PB1|PP755595.1|A/cattle/Texas/24-008749-003/2024(H5N1)	526	1792
PB1|PP755595.1|A/cattle/Texas/24-008749-003/2024(H5N1)	527	1780
PB1|PP755595.1|A/cattle/Texas/24-008749-003/2024(H5N1)	528	1779
PB1|PP755595.1|A/cattle/Texas/24-008749-003/2024(H5N1)	529	1781
PB1|PP755595.1|A/cattle/Texas/24-008749-003/2024(H5N1)	530	1853
PB1|PP755595.1|A/cattle/Texas/24-008749-003/2024(H5N1)	531	1836
PB1|PP755595.1|A/cattle/Texas/24-008749-003/2024(H5N1)	532	1837
PB1|PP755595.1|A/cattle/Texas/24-008749-003/2024(H5N1)	533	1788
PB1|PP755595.1|A/cattle/Texas/24-008749-003/2024(H5N1)	534	1783
PB1|PP755595.1|A/cattle/Texas/24-008749-003/2024(H5N1)	535	1786
PB1|PP755595.1|A/cattle/Texas/24-008749-003/2024(H5N1)	536	1786
PB1|PP755595.1|A/cattle/Texas/24-008749-003/2024(H5N1)	537	1792
PB1|PP755595.1|A/cattle/Texas/24-008749-003/2024(H5N1)	538	1782
PB1|PP755595.1|A/cattle/Texas/24-008749-003/2024(H5N1)	539	1795
PB1|PP755595.1|A/cattle/Texas/24-008749-003/2024(H5N1)	540	1791
PB1|PP755595.1|A/cattle/Texas/24-008749-003/2024(H5N1)	541	1795
PB1|PP755595.1|A/cattle/Texas/24-008749-003/2024(H5N1)	542	1825
PB1|PP755595.1|A/cattle/Texas/24-008749-003/2024(H5N1)	543	1823
PB1|PP755595.1|A/cattle/Texas/24-008749-003/2024(H5N1)	544	1823
PB1|PP755595.1|A/cattle/Texas/24-008749-003/2024(H5N1)	545	1816
PB1|PP755595.1|A/cattle/Texas/24-008749-003/2024(H5N1)	546	1807
PB1|PP755595.1|A/cattle/Texas/24-008749-003/2024(H5N1)	547	1813
PB1|PP755595.1|A/cattle/Texas/24-008749-003/2024(H5N1)	548	1819
PB1|PP755595.1|A/cattle/Texas/24-008749-003/2024(H5N1)	549	1817
PB1|PP755595.1|A/cattle/Texas/24-008749-003/2024(H5N1)	550	1811
PB1|PP755595.1|A/cattle/Texas/24-008749-003/2024(H5N1)	551	1786
PB1|PP755595.1|A/cattle/Texas/24-008749-003/2024(H5N1)	552	1790
PB1|PP755595.1|A/cattle/Texas/24-008749-003/2024(H5N1)	553	1790
PB1|PP755595.1|A/cattle/Texas/24-008749-003/2024(H5N1)	554	1789
PB1|PP755595.1|A/cattle/Texas/24-008749-003/2024(H5N1)	555	1787
PB1|PP755595.1|A/cattle/Texas/24-008749-003/2024(H5N1)	556	1785
PB1|PP755595.1|A/cattle/Texas/24-008749-003/2024(H5N1)	557	1784
PB1|PP755595.1|A/cattle/Texas/24-008749-003/2024(H5N1)	558	1662
PB1|PP755595.1|A/cattle/Texas/24-008749-003/2024(H5N1)	559	1660
PB1|PP755595.1|A/cattle/Texas/24-008749-003/2024(H5N1)	560	1660
PB1|PP755595.1|A/cattle/Texas/24-008749-003/2024(H5N1)	561	1654
PB1|PP755595.1|A/cattle/Texas/24-008749-003/2024(H5N1)	562	1678
PB1|PP755595.1|A/cattle/Texas/24-008749-003/2024(H5N1)	563	1685
PB1|PP755595.1|A/cattle/Texas/24-008749-003/2024(H5N1)	564	1700
PB1|PP755595.1|A/cattle/Texas/24-008749-003/2024(H5N1)	565	1722
PB1|PP755595.1|A/cattle/Texas/24-008749-003/2024(H5N1)	566	1729
PB1|PP755595.1|A/cattle/Texas/24-008749-003/2024(H5N1)	567	1730
PB1|PP755595.1|A/cattle/Texas/24-008749-003/2024(H5N1)	568	1731
PB1|PP755595.1|A/cattle/Texas/24-008749-003/2024(H5N1)	569	1820
PB1|PP755595.1|A/cattle/Texas/24-008749-003/2024(H5N1)	570	1781
PB1|PP755595.1|A/cattle/Texas/24-008749-003/2024(H5N1)	571	1816
PB1|PP755595.1|A/cattle/Texas/24-008749-003/2024(H5N1)	572	1808
PB1|PP755595.1|A/cattle/Texas/24-008749-003/2024(H5N1)	573	1798
PB1|PP755595.1|A/cattle/Texas/24-008749-003/2024(H5N1)	574	1800
PB1|PP755595.1|A/cattle/Texas/24-008749-003/2024(H5N1)	575	1792
PB1|PP755595.1|A/cattle/Texas/24-008749-003/2024(H5N1)	576	1857
PB1|PP755595.1|A/cattle/Texas/24-008749-003/2024(H5N1)	577	1867
PB1|PP755595.1|A/cattle/Texas/24-008749-003/2024(H5N1)	578	1866
PB1|PP755595.1|A/cattle/Texas/24-008749-003/2024(H5N1)	579	1848
PB1|PP755595.1|A/cattle/Texas/24-008749-003/2024(H5N1)	580	1841
PB1|PP755595.1|A/cattle/Texas/24-008749-003/2024(H5N1)	581	1850
PB1|PP755595.1|A/cattle/Texas/24-008749-003/2024(H5N1)	582	1846
PB1|PP755595.1|A/cattle/Texas/24-008749-003/2024(H5N1)	583	1848
PB1|PP755595.1|A/cattle/Texas/24-008749-003/2024(H5N1)	584	1836
PB1|PP755595.1|A/cattle/Texas/24-008749-003/2024(H5N1)	585	1686
PB1|PP755595.1|A/cattle/Texas/24-008749-003/2024(H5N1)	586	1738
PB1|PP755595.1|A/cattle/Texas/24-008749-003/2024(H5N1)	587	1614
PB1|PP755595.1|A/cattle/Texas/24-008749-003/2024(H5N1)	588	1598
PB1|PP755595.1|A/cattle/Texas/24-008749-003/2024(H5N1)	589	1598
PB1|PP755595.1|A/cattle/Texas/24-008749-003/2024(H5N1)	590	1586
PB1|PP755595.1|A/cattle/Texas/24-008749-003/2024(H5N1)	591	1588
PB1|PP755595.1|A/cattle/Texas/24-008749-003/2024(H5N1)	592	1604
PB1|PP755595.1|A/cattle/Texas/24-008749-003/2024(H5N1)	593	1603
PB1|PP755595.1|A/cattle/Texas/24-008749-003/2024(H5N1)	594	1599
PB1|PP755595.1|A/cattle/Texas/24-008749-003/2024(H5N1)	595	1598
PB1|PP755595.1|A/cattle/Texas/24-008749-003/2024(H5N1)	596	1594
PB1|PP755595.1|A/cattle/Texas/24-008749-003/2024(H5N1)	597	1593
PB1|PP755595.1|A/cattle/Texas/24-008749-003/2024(H5N1)	598	1581
PB1|PP755595.1|A/cattle/Texas/24-008749-003/2024(H5N1)	599	1571
PB1|PP755595.1|A/cattle/Texas/24-008749-003/2024(H5N1)	600	1556
PB1|PP755595.1|A/cattle/Texas/24-008749-003/2024(H5N1)	601	1557
PB1|PP755595.1|A/cattle/Texas/24-008749-003/2024(H5N1)	602	1536
PB1|PP755595.1|A/cattle/Texas/24-008749-003/2024(H5N1)	603	1536
PB1|PP755595.1|A/cattle/Texas/24-008749-003/2024(H5N1)	604	1535
PB1|PP755595.1|A/cattle/Texas/24-008749-003/2024(H5N1)	605	1519
PB1|PP755595.1|A/cattle/Texas/24-008749-003/2024(H5N1)	606	1516
PB1|PP755595.1|A/cattle/Texas/24-008749-003/2024(H5N1)	607	1345
PB1|PP755595.1|A/cattle/Texas/24-008749-003/2024(H5N1)	608	1345
PB1|PP755595.1|A/cattle/Texas/24-008749-003/2024(H5N1)	609	1343
PB1|PP755595.1|A/cattle/Texas/24-008749-003/2024(H5N1)	610	1343
PB1|PP755595.1|A/cattle/Texas/24-008749-003/2024(H5N1)	611	1342
PB1|PP755595.1|A/cattle/Texas/24-008749-003/2024(H5N1)	612	1341
PB1|PP755595.1|A/cattle/Texas/24-008749-003/2024(H5N1)	613	1522
PB1|PP755595.1|A/cattle/Texas/24-008749-003/2024(H5N1)	614	1523
PB1|PP755595.1|A/cattle/Texas/24-008749-003/2024(H5N1)	615	1523
PB1|PP755595.1|A/cattle/Texas/24-008749-003/2024(H5N1)	616	1523
PB1|PP755595.1|A/cattle/Texas/24-008749-003/2024(H5N1)	617	1523
PB1|PP755595.1|A/cattle/Texas/24-008749-003/2024(H5N1)	618	1520
PB1|PP755595.1|A/cattle/Texas/24-008749-003/2024(H5N1)	619	1515
PB1|PP755595.1|A/cattle/Texas/24-008749-003/2024(H5N1)	620	1502
PB1|PP755595.1|A/cattle/Texas/24-008749-003/2024(H5N1)	621	1502
PB1|PP755595.1|A/cattle/Texas/24-008749-003/2024(H5N1)	622	1502
PB1|PP755595.1|A/cattle/Texas/24-008749-003/2024(H5N1)	623	1500
PB1|PP755595.1|A/cattle/Texas/24-008749-003/2024(H5N1)	624	1499
PB1|PP755595.1|A/cattle/Texas/24-008749-003/2024(H5N1)	625	1497
PB1|PP755595.1|A/cattle/Texas/24-008749-003/2024(H5N1)	626	1484
PB1|PP755595.1|A/cattle/Texas/24-008749-003/2024(H5N1)	627	1483
PB1|PP755595.1|A/cattle/Texas/24-008749-003/2024(H5N1)	628	1479
PB1|PP755595.1|A/cattle/Texas/24-008749-003/2024(H5N1)	629	1468
PB1|PP755595.1|A/cattle/Texas/24-008749-003/2024(H5N1)	630	1468
PB1|PP755595.1|A/cattle/Texas/24-008749-003/2024(H5N1)	631	1465
PB1|PP755595.1|A/cattle/Texas/24-008749-003/2024(H5N1)	632	1464
PB1|PP755595.1|A/cattle/Texas/24-008749-003/2024(H5N1)	633	1047
PB1|PP755595.1|A/cattle/Texas/24-008749-003/2024(H5N1)	634	1024
PB1|PP755595.1|A/cattle/Texas/24-008749-003/2024(H5N1)	635	1024
PB1|PP755595.1|A/cattle/Texas/24-008749-003/2024(H5N1)	636	1024
PB1|PP755595.1|A/cattle/Texas/24-008749-003/2024(H5N1)	637	1024
PB1|PP755595.1|A/cattle/Texas/24-008749-003/2024(H5N1)	638	1024
PB1|PP755595.1|A/cattle/Texas/24-008749-003/2024(H5N1)	639	1024
PB1|PP755595.1|A/cattle/Texas/24-008749-003/2024(H5N1)	640	1024
PB1|PP755595.1|A/cattle/Texas/24-008749-003/2024(H5N1)	641	1024
PB1|PP755595.1|A/cattle/Texas/24-008749-003/2024(H5N1)	642	1024
PB1|PP755595.1|A/cattle/Texas/24-008749-003/2024(H5N1)	643	1024
PB1|PP755595.1|A/cattle/Texas/24-008749-003/2024(H5N1)	644	1024
PB1|PP755595.1|A/cattle/Texas/24-008749-003/2024(H5N1)	645	1024
PB1|PP755595.1|A/cattle/Texas/24-008749-003/2024(H5N1)	646	1024
PB1|PP755595.1|A/cattle/Texas/24-008749-003/2024(H5N1)	647	1024
PB1|PP755595.1|A/cattle/Texas/24-008749-003/2024(H5N1)	648	1024
PB1|PP755595.1|A/cattle/Texas/24-008749-003/2024(H5N1)	649	1024
PB1|PP755595.1|A/cattle/Texas/24-008749-003/2024(H5N1)	650	1018
PB1|PP755595.1|A/cattle/Texas/24-008749-003/2024(H5N1)	651	1013
PB1|PP755595.1|A/cattle/Texas/24-008749-003/2024(H5N1)	652	1013
PB1|PP755595.1|A/cattle/Texas/24-008749-003/2024(H5N1)	653	1013
PB1|PP755595.1|A/cattle/Texas/24-008749-003/2024(H5N1)	654	1013
PB1|PP755595.1|A/cattle/Texas/24-008749-003/2024(H5N1)	655	1223
PB1|PP755595.1|A/cattle/Texas/24-008749-003/2024(H5N1)	656	1225
PB1|PP755595.1|A/cattle/Texas/24-008749-003/2024(H5N1)	657	1227
PB1|PP755595.1|A/cattle/Texas/24-008749-003/2024(H5N1)	658	1229
PB1|PP755595.1|A/cattle/Texas/24-008749-003/2024(H5N1)	659	1230
PB1|PP755595.1|A/cattle/Texas/24-008749-003/2024(H5N1)	660	1229
PB1|PP755595.1|A/cattle/Texas/24-008749-003/2024(H5N1)	661	1229
PB1|PP755595.1|A/cattle/Texas/24-008749-003/2024(H5N1)	662	1229
PB1|PP755595.1|A/cattle/Texas/24-008749-003/2024(H5N1)	663	1229
PB1|PP755595.1|A/cattle/Texas/24-008749-003/2024(H5N1)	664	1207
PB1|PP755595.1|A/cattle/Texas/24-008749-003/2024(H5N1)	665	1287
PB1|PP755595.1|A/cattle/Texas/24-008749-003/2024(H5N1)	666	1290
PB1|PP755595.1|A/cattle/Texas/24-008749-003/2024(H5N1)	667	1307
PB1|PP755595.1|A/cattle/Texas/24-008749-003/2024(H5N1)	668	1313
PB1|PP755595.1|A/cattle/Texas/24-008749-003/2024(H5N1)	669	1307
PB1|PP755595.1|A/cattle/Texas/24-008749-003/2024(H5N1)	670	1279
PB1|PP755595.1|A/cattle/Texas/24-008749-003/2024(H5N1)	671	1235
PB1|PP755595.1|A/cattle/Texas/24-008749-003/2024(H5N1)	672	1235
PB1|PP755595.1|A/cattle/Texas/24-008749-003/2024(H5N1)	673	1225
PB1|PP755595.1|A/cattle/Texas/24-008749-003/2024(H5N1)	674	1221
PB1|PP755595.1|A/cattle/Texas/24-008749-003/2024(H5N1)	675	1217
PB1|PP755595.1|A/cattle/Texas/24-008749-003/2024(H5N1)	676	1271
PB1|PP755595.1|A/cattle/Texas/24-008749-003/2024(H5N1)	677	1269
PB1|PP755595.1|A/cattle/Texas/24-008749-003/2024(H5N1)	678	1248
PB1|PP755595.1|A/cattle/Texas/24-008749-003/2024(H5N1)	679	1248
PB1|PP755595.1|A/cattle/Texas/24-008749-003/2024(H5N1)	680	1249
PB1|PP755595.1|A/cattle/Texas/24-008749-003/2024(H5N1)	681	1179
PB1|PP755595.1|A/cattle/Texas/24-008749-003/2024(H5N1)	682	1191
PB1|PP755595.1|A/cattle/Texas/24-008749-003/2024(H5N1)	683	1191
PB1|PP755595.1|A/cattle/Texas/24-008749-003/2024(H5N1)	684	1189
PB1|PP755595.1|A/cattle/Texas/24-008749-003/2024(H5N1)	685	1189
PB1|PP755595.1|A/cattle/Texas/24-008749-003/2024(H5N1)	686	1186
PB1|PP755595.1|A/cattle/Texas/24-008749-003/2024(H5N1)	687	1185
PB1|PP755595.1|A/cattle/Texas/24-008749-003/2024(H5N1)	688	1174
PB1|PP755595.1|A/cattle/Texas/24-008749-003/2024(H5N1)	689	1167
PB1|PP755595.1|A/cattle/Texas/24-008749-003/2024(H5N1)	690	1152
PB1|PP755595.1|A/cattle/Texas/24-008749-003/2024(H5N1)	691	1151
PB1|PP755595.1|A/cattle/Texas/24-008749-003/2024(H5N1)	692	1125
PB1|PP755595.1|A/cattle/Texas/24-008749-003/2024(H5N1)	693	1122
PB1|PP755595.1|A/cattle/Texas/24-008749-003/2024(H5N1)	694	1159
PB1|PP755595.1|A/cattle/Texas/24-008749-003/2024(H5N1)	695	1167
PB1|PP755595.1|A/cattle/Texas/24-008749-003/2024(H5N1)	696	1164
PB1|PP755595.1|A/cattle/Texas/24-008749-003/2024(H5N1)	697	1161
PB1|PP755595.1|A/cattle/Texas/24-008749-003/2024(H5N1)	698	1154
PB1|PP755595.1|A/cattle/Texas/24-008749-003/2024(H5N1)	699	1138
PB1|PP755595.1|A/cattle/Texas/24-008749-003/2024(H5N1)	700	1137
PB1|PP755595.1|A/cattle/Texas/24-008749-003/2024(H5N1)	701	1131
PB1|PP755595.1|A/cattle/Texas/24-008749-003/2024(H5N1)	702	1125
PB1|PP755595.1|A/cattle/Texas/24-008749-003/2024(H5N1)	703	1128
PB1|PP755595.1|A/cattle/Texas/24-008749-003/2024(H5N1)	704	1128
PB1|PP755595.1|A/cattle/Texas/24-008749-003/2024(H5N1)	705	1127
PB1|PP755595.1|A/cattle/Texas/24-008749-003/2024(H5N1)	706	1126
PB1|PP755595.1|A/cattle/Texas/24-008749-003/2024(H5N1)	707	1125
PB1|PP755595.1|A/cattle/Texas/24-008749-003/2024(H5N1)	708	1120
PB1|PP755595.1|A/cattle/Texas/24-008749-003/2024(H5N1)	709	1124
PB1|PP755595.1|A/cattle/Texas/24-008749-003/2024(H5N1)	710	1123
PB1|PP755595.1|A/cattle/Texas/24-008749-003/2024(H5N1)	711	1116
PB1|PP755595.1|A/cattle/Texas/24-008749-003/2024(H5N1)	712	1094
PB1|PP755595.1|A/cattle/Texas/24-008749-003/2024(H5N1)	713	1093
PB1|PP755595.1|A/cattle/Texas/24-008749-003/2024(H5N1)	714	1081
PB1|PP755595.1|A/cattle/Texas/24-008749-003/2024(H5N1)	715	1057
PB1|PP755595.1|A/cattle/Texas/24-008749-003/2024(H5N1)	716	1057
PB1|PP755595.1|A/cattle/Texas/24-008749-003/2024(H5N1)	717	1048
PB1|PP755595.1|A/cattle/Texas/24-008749-003/2024(H5N1)	718	1048
PB1|PP755595.1|A/cattle/Texas/24-008749-003/2024(H5N1)	719	964
PB1|PP755595.1|A/cattle/Texas/24-008749-003/2024(H5N1)	720	962
PB1|PP755595.1|A/cattle/Texas/24-008749-003/2024(H5N1)	721	981
PB1|PP755595.1|A/cattle/Texas/24-008749-003/2024(H5N1)	722	968
PB1|PP755595.1|A/cattle/Texas/24-008749-003/2024(H5N1)	723	970
PB1|PP755595.1|A/cattle/Texas/24-008749-003/2024(H5N1)	724	972
PB1|PP755595.1|A/cattle/Texas/24-008749-003/2024(H5N1)	725	952
PB1|PP755595.1|A/cattle/Texas/24-008749-003/2024(H5N1)	726	939
PB1|PP755595.1|A/cattle/Texas/24-008749-003/2024(H5N1)	727	887
PB1|PP755595.1|A/cattle/Texas/24-008749-003/2024(H5N1)	728	886
PB1|PP755595.1|A/cattle/Texas/24-008749-003/2024(H5N1)	729	885
PB1|PP755595.1|A/cattle/Texas/24-008749-003/2024(H5N1)	730	867
PB1|PP755595.1|A/cattle/Texas/24-008749-003/2024(H5N1)	731	827
PB1|PP755595.1|A/cattle/Texas/24-008749-003/2024(H5N1)	732	623
PB1|PP755595.1|A/cattle/Texas/24-008749-003/2024(H5N1)	733	623
PB1|PP755595.1|A/cattle/Texas/24-008749-003/2024(H5N1)	734	623
PB1|PP755595.1|A/cattle/Texas/24-008749-003/2024(H5N1)	735	623
PB1|PP755595.1|A/cattle/Texas/24-008749-003/2024(H5N1)	736	623
PB1|PP755595.1|A/cattle/Texas/24-008749-003/2024(H5N1)	737	623
PB1|PP755595.1|A/cattle/Texas/24-008749-003/2024(H5N1)	738	623
PB1|PP755595.1|A/cattle/Texas/24-008749-003/2024(H5N1)	739	623
PB1|PP755595.1|A/cattle/Texas/24-008749-003/2024(H5N1)	740	623
PB1|PP755595.1|A/cattle/Texas/24-008749-003/2024(H5N1)	741	623
PB1|PP755595.1|A/cattle/Texas/24-008749-003/2024(H5N1)	742	623
PB1|PP755595.1|A/cattle/Texas/24-008749-003/2024(H5N1)	743	623
PB1|PP755595.1|A/cattle/Texas/24-008749-003/2024(H5N1)	744	623
PB1|PP755595.1|A/cattle/Texas/24-008749-003/2024(H5N1)	745	783
PB1|PP755595.1|A/cattle/Texas/24-008749-003/2024(H5N1)	746	783
PB1|PP755595.1|A/cattle/Texas/24-008749-003/2024(H5N1)	747	783
PB1|PP755595.1|A/cattle/Texas/24-008749-003/2024(H5N1)	748	783
PB1|PP755595.1|A/cattle/Texas/24-008749-003/2024(H5N1)	749	783
PB1|PP755595.1|A/cattle/Texas/24-008749-003/2024(H5N1)	750	783
PB1|PP755595.1|A/cattle/Texas/24-008749-003/2024(H5N1)	751	853
PB1|PP755595.1|A/cattle/Texas/24-008749-003/2024(H5N1)	752	877
PB1|PP755595.1|A/cattle/Texas/24-008749-003/2024(H5N1)	753	880
PB1|PP755595.1|A/cattle/Texas/24-008749-003/2024(H5N1)	754	885
PB1|PP755595.1|A/cattle/Texas/24-008749-003/2024(H5N1)	755	890
PB1|PP755595.1|A/cattle/Texas/24-008749-003/2024(H5N1)	756	892
PB1|PP755595.1|A/cattle/Texas/24-008749-003/2024(H5N1)	757	894
PB1|PP755595.1|A/cattle/Texas/24-008749-003/2024(H5N1)	758	887
PB1|PP755595.1|A/cattle/Texas/24-008749-003/2024(H5N1)	759	878
PB1|PP755595.1|A/cattle/Texas/24-008749-003/2024(H5N1)	760	814
PB1|PP755595.1|A/cattle/Texas/24-008749-003/2024(H5N1)	761	814
PB1|PP755595.1|A/cattle/Texas/24-008749-003/2024(H5N1)	762	808
PB1|PP755595.1|A/cattle/Texas/24-008749-003/2024(H5N1)	763	804
PB1|PP755595.1|A/cattle/Texas/24-008749-003/2024(H5N1)	764	802
PB1|PP755595.1|A/cattle/Texas/24-008749-003/2024(H5N1)	765	793
PB1|PP755595.1|A/cattle/Texas/24-008749-003/2024(H5N1)	766	793
PB1|PP755595.1|A/cattle/Texas/24-008749-003/2024(H5N1)	767	793
PB1|PP755595.1|A/cattle/Texas/24-008749-003/2024(H5N1)	768	793
PB1|PP755595.1|A/cattle/Texas/24-008749-003/2024(H5N1)	769	793
PB1|PP755595.1|A/cattle/Texas/24-008749-003/2024(H5N1)	770	793
PB1|PP755595.1|A/cattle/Texas/24-008749-003/2024(H5N1)	771	791
PB1|PP755595.1|A/cattle/Texas/24-008749-003/2024(H5N1)	772	737
PB1|PP755595.1|A/cattle/Texas/24-008749-003/2024(H5N1)	773	737
PB1|PP755595.1|A/cattle/Texas/24-008749-003/2024(H5N1)	774	737
PB1|PP755595.1|A/cattle/Texas/24-008749-003/2024(H5N1)	775	831
PB1|PP755595.1|A/cattle/Texas/24-008749-003/2024(H5N1)	776	834
PB1|PP755595.1|A/cattle/Texas/24-008749-003/2024(H5N1)	777	838
PB1|PP755595.1|A/cattle/Texas/24-008749-003/2024(H5N1)	778	838
PB1|PP755595.1|A/cattle/Texas/24-008749-003/2024(H5N1)	779	840
PB1|PP755595.1|A/cattle/Texas/24-008749-003/2024(H5N1)	780	850
PB1|PP755595.1|A/cattle/Texas/24-008749-003/2024(H5N1)	781	850
PB1|PP755595.1|A/cattle/Texas/24-008749-003/2024(H5N1)	782	850
PB1|PP755595.1|A/cattle/Texas/24-008749-003/2024(H5N1)	783	796
PB1|PP755595.1|A/cattle/Texas/24-008749-003/2024(H5N1)	784	794
PB1|PP755595.1|A/cattle/Texas/24-008749-003/2024(H5N1)	785	792
PB1|PP755595.1|A/cattle/Texas/24-008749-003/2024(H5N1)	786	761
PB1|PP755595.1|A/cattle/Texas/24-008749-003/2024(H5N1)	787	775
PB1|PP755595.1|A/cattle/Texas/24-008749-003/2024(H5N1)	788	775
PB1|PP755595.1|A/cattle/Texas/24-008749-003/2024(H5N1)	789	775
PB1|PP755595.1|A/cattle/Texas/24-008749-003/2024(H5N1)	790	775
PB1|PP755595.1|A/cattle/Texas/24-008749-003/2024(H5N1)	791	775
PB1|PP755595.1|A/cattle/Texas/24-008749-003/2024(H5N1)	792	759
PB1|PP755595.1|A/cattle/Texas/24-008749-003/2024(H5N1)	793	784
PB1|PP755595.1|A/cattle/Texas/24-008749-003/2024(H5N1)	794	791
PB1|PP755595.1|A/cattle/Texas/24-008749-003/2024(H5N1)	795	795
PB1|PP755595.1|A/cattle/Texas/24-008749-003/2024(H5N1)	796	800
PB1|PP755595.1|A/cattle/Texas/24-008749-003/2024(H5N1)	797	800
PB1|PP755595.1|A/cattle/Texas/24-008749-003/2024(H5N1)	798	796
PB1|PP755595.1|A/cattle/Texas/24-008749-003/2024(H5N1)	799	795
PB1|PP755595.1|A/cattle/Texas/24-008749-003/2024(H5N1)	800	793
PB1|PP755595.1|A/cattle/Texas/24-008749-003/2024(H5N1)	801	773
PB1|PP755595.1|A/cattle/Texas/24-008749-003/2024(H5N1)	802	783
PB1|PP755595.1|A/cattle/Texas/24-008749-003/2024(H5N1)	803	833
PB1|PP755595.1|A/cattle/Texas/24-008749-003/2024(H5N1)	804	848
PB1|PP755595.1|A/cattle/Texas/24-008749-003/2024(H5N1)	805	851
PB1|PP755595.1|A/cattle/Texas/24-008749-003/2024(H5N1)	806	854
PB1|PP755595.1|A/cattle/Texas/24-008749-003/2024(H5N1)	807	856
PB1|PP755595.1|A/cattle/Texas/24-008749-003/2024(H5N1)	808	866
PB1|PP755595.1|A/cattle/Texas/24-008749-003/2024(H5N1)	809	866
PB1|PP755595.1|A/cattle/Texas/24-008749-003/2024(H5N1)	810	871
PB1|PP755595.1|A/cattle/Texas/24-008749-003/2024(H5N1)	811	857
PB1|PP755595.1|A/cattle/Texas/24-008749-003/2024(H5N1)	812	814
PB1|PP755595.1|A/cattle/Texas/24-008749-003/2024(H5N1)	813	808
PB1|PP755595.1|A/cattle/Texas/24-008749-003/2024(H5N1)	814	799
PB1|PP755595.1|A/cattle/Texas/24-008749-003/2024(H5N1)	815	836
PB1|PP755595.1|A/cattle/Texas/24-008749-003/2024(H5N1)	816	807
PB1|PP755595.1|A/cattle/Texas/24-008749-003/2024(H5N1)	817	844
PB1|PP755595.1|A/cattle/Texas/24-008749-003/2024(H5N1)	818	846
PB1|PP755595.1|A/cattle/Texas/24-008749-003/2024(H5N1)	819	849
PB1|PP755595.1|A/cattle/Texas/24-008749-003/2024(H5N1)	820	850
PB1|PP755595.1|A/cattle/Texas/24-008749-003/2024(H5N1)	821	894
PB1|PP755595.1|A/cattle/Texas/24-008749-003/2024(H5N1)	822	872
PB1|PP755595.1|A/cattle/Texas/24-008749-003/2024(H5N1)	823	852
PB1|PP755595.1|A/cattle/Texas/24-008749-003/2024(H5N1)	824	870
PB1|PP755595.1|A/cattle/Texas/24-008749-003/2024(H5N1)	825	865
PB1|PP755595.1|A/cattle/Texas/24-008749-003/2024(H5N1)	826	891
PB1|PP755595.1|A/cattle/Texas/24-008749-003/2024(H5N1)	827	897
PB1|PP755595.1|A/cattle/Texas/24-008749-003/2024(H5N1)	828	898
PB1|PP755595.1|A/cattle/Texas/24-008749-003/2024(H5N1)	829	901
PB1|PP755595.1|A/cattle/Texas/24-008749-003/2024(H5N1)	830	902
PB1|PP755595.1|A/cattle/Texas/24-008749-003/2024(H5N1)	831	878
PB1|PP755595.1|A/cattle/Texas/24-008749-003/2024(H5N1)	832	898
PB1|PP755595.1|A/cattle/Texas/24-008749-003/2024(H5N1)	833	898
PB1|PP755595.1|A/cattle/Texas/24-008749-003/2024(H5N1)	834	899
PB1|PP755595.1|A/cattle/Texas/24-008749-003/2024(H5N1)	835	912
PB1|PP755595.1|A/cattle/Texas/24-008749-003/2024(H5N1)	836	918
PB1|PP755595.1|A/cattle/Texas/24-008749-003/2024(H5N1)	837	917
PB1|PP755595.1|A/cattle/Texas/24-008749-003/2024(H5N1)	838	916
PB1|PP755595.1|A/cattle/Texas/24-008749-003/2024(H5N1)	839	913
PB1|PP755595.1|A/cattle/Texas/24-008749-003/2024(H5N1)	840	867
PB1|PP755595.1|A/cattle/Texas/24-008749-003/2024(H5N1)	841	872
PB1|PP755595.1|A/cattle/Texas/24-008749-003/2024(H5N1)	842	872
PB1|PP755595.1|A/cattle/Texas/24-008749-003/2024(H5N1)	843	872
PB1|PP755595.1|A/cattle/Texas/24-008749-003/2024(H5N1)	844	872
PB1|PP755595.1|A/cattle/Texas/24-008749-003/2024(H5N1)	845	872
PB1|PP755595.1|A/cattle/Texas/24-008749-003/2024(H5N1)	846	896
PB1|PP755595.1|A/cattle/Texas/24-008749-003/2024(H5N1)	847	984
PB1|PP755595.1|A/cattle/Texas/24-008749-003/2024(H5N1)	848	985
PB1|PP755595.1|A/cattle/Texas/24-008749-003/2024(H5N1)	849	986
PB1|PP755595.1|A/cattle/Texas/24-008749-003/2024(H5N1)	850	989
PB1|PP755595.1|A/cattle/Texas/24-008749-003/2024(H5N1)	851	989
PB1|PP755595.1|A/cattle/Texas/24-008749-003/2024(H5N1)	852	990
PB1|PP755595.1|A/cattle/Texas/24-008749-003/2024(H5N1)	853	992
PB1|PP755595.1|A/cattle/Texas/24-008749-003/2024(H5N1)	854	1083
PB1|PP755595.1|A/cattle/Texas/24-008749-003/2024(H5N1)	855	1083
PB1|PP755595.1|A/cattle/Texas/24-008749-003/2024(H5N1)	856	1084
PB1|PP755595.1|A/cattle/Texas/24-008749-003/2024(H5N1)	857	1088
PB1|PP755595.1|A/cattle/Texas/24-008749-003/2024(H5N1)	858	1089
PB1|PP755595.1|A/cattle/Texas/24-008749-003/2024(H5N1)	859	1090
PB1|PP755595.1|A/cattle/Texas/24-008749-003/2024(H5N1)	860	1100
PB1|PP755595.1|A/cattle/Texas/24-008749-003/2024(H5N1)	861	1105
PB1|PP755595.1|A/cattle/Texas/24-008749-003/2024(H5N1)	862	1108
PB1|PP755595.1|A/cattle/Texas/24-008749-003/2024(H5N1)	863	1111
PB1|PP755595.1|A/cattle/Texas/24-008749-003/2024(H5N1)	864	1155
PB1|PP755595.1|A/cattle/Texas/24-008749-003/2024(H5N1)	865	1160
PB1|PP755595.1|A/cattle/Texas/24-008749-003/2024(H5N1)	866	1180
PB1|PP755595.1|A/cattle/Texas/24-008749-003/2024(H5N1)	867	1180
PB1|PP755595.1|A/cattle/Texas/24-008749-003/2024(H5N1)	868	1183
PB1|PP755595.1|A/cattle/Texas/24-008749-003/2024(H5N1)	869	1187
PB1|PP755595.1|A/cattle/Texas/24-008749-003/2024(H5N1)	870	1203
PB1|PP755595.1|A/cattle/Texas/24-008749-003/2024(H5N1)	871	1254
PB1|PP755595.1|A/cattle/Texas/24-008749-003/2024(H5N1)	872	1236
PB1|PP755595.1|A/cattle/Texas/24-008749-003/2024(H5N1)	873	1236
PB1|PP755595.1|A/cattle/Texas/24-008749-003/2024(H5N1)	874	1244
PB1|PP755595.1|A/cattle/Texas/24-008749-003/2024(H5N1)	875	1233
PB1|PP755595.1|A/cattle/Texas/24-008749-003/2024(H5N1)	876	1149
PB1|PP755595.1|A/cattle/Texas/24-008749-003/2024(H5N1)	877	1178
PB1|PP755595.1|A/cattle/Texas/24-008749-003/2024(H5N1)	878	1189
PB1|PP755595.1|A/cattle/Texas/24-008749-003/2024(H5N1)	879	1248
PB1|PP755595.1|A/cattle/Texas/24-008749-003/2024(H5N1)	880	1410
PB1|PP755595.1|A/cattle/Texas/24-008749-003/2024(H5N1)	881	1410
PB1|PP755595.1|A/cattle/Texas/24-008749-003/2024(H5N1)	882	1415
PB1|PP755595.1|A/cattle/Texas/24-008749-003/2024(H5N1)	883	1434
PB1|PP755595.1|A/cattle/Texas/24-008749-003/2024(H5N1)	884	1612
PB1|PP755595.1|A/cattle/Texas/24-008749-003/2024(H5N1)	885	1612
PB1|PP755595.1|A/cattle/Texas/24-008749-003/2024(H5N1)	886	1618
PB1|PP755595.1|A/cattle/Texas/24-008749-003/2024(H5N1)	887	1618
PB1|PP755595.1|A/cattle/Texas/24-008749-003/2024(H5N1)	888	1619
PB1|PP755595.1|A/cattle/Texas/24-008749-003/2024(H5N1)	889	1711
PB1|PP755595.1|A/cattle/Texas/24-008749-003/2024(H5N1)	890	1715
PB1|PP755595.1|A/cattle/Texas/24-008749-003/2024(H5N1)	891	1723
PB1|PP755595.1|A/cattle/Texas/24-008749-003/2024(H5N1)	892	1687
PB1|PP755595.1|A/cattle/Texas/24-008749-003/2024(H5N1)	893	1652
PB1|PP755595.1|A/cattle/Texas/24-008749-003/2024(H5N1)	894	1686
PB1|PP755595.1|A/cattle/Texas/24-008749-003/2024(H5N1)	895	1683
PB1|PP755595.1|A/cattle/Texas/24-008749-003/2024(H5N1)	896	1705
PB1|PP755595.1|A/cattle/Texas/24-008749-003/2024(H5N1)	897	1643
PB1|PP755595.1|A/cattle/Texas/24-008749-003/2024(H5N1)	898	1646
PB1|PP755595.1|A/cattle/Texas/24-008749-003/2024(H5N1)	899	1648
PB1|PP755595.1|A/cattle/Texas/24-008749-003/2024(H5N1)	900	1650
PB1|PP755595.1|A/cattle/Texas/24-008749-003/2024(H5N1)	901	1651
PB1|PP755595.1|A/cattle/Texas/24-008749-003/2024(H5N1)	902	1666
PB1|PP755595.1|A/cattle/Texas/24-008749-003/2024(H5N1)	903	1650
PB1|PP755595.1|A/cattle/Texas/24-008749-003/2024(H5N1)	904	1646
PB1|PP755595.1|A/cattle/Texas/24-008749-003/2024(H5N1)	905	1638
PB1|PP755595.1|A/cattle/Texas/24-008749-003/2024(H5N1)	906	1539
PB1|PP755595.1|A/cattle/Texas/24-008749-003/2024(H5N1)	907	1549
PB1|PP755595.1|A/cattle/Texas/24-008749-003/2024(H5N1)	908	1564
PB1|PP755595.1|A/cattle/Texas/24-008749-003/2024(H5N1)	909	1564
PB1|PP755595.1|A/cattle/Texas/24-008749-003/2024(H5N1)	910	1601
PB1|PP755595.1|A/cattle/Texas/24-008749-003/2024(H5N1)	911	1602
PB1|PP755595.1|A/cattle/Texas/24-008749-003/2024(H5N1)	912	1677
PB1|PP755595.1|A/cattle/Texas/24-008749-003/2024(H5N1)	913	1683
PB1|PP755595.1|A/cattle/Texas/24-008749-003/2024(H5N1)	914	1706
PB1|PP755595.1|A/cattle/Texas/24-008749-003/2024(H5N1)	915	1707
PB1|PP755595.1|A/cattle/Texas/24-008749-003/2024(H5N1)	916	1712
PB1|PP755595.1|A/cattle/Texas/24-008749-003/2024(H5N1)	917	1719
PB1|PP755595.1|A/cattle/Texas/24-008749-003/2024(H5N1)	918	1821
PB1|PP755595.1|A/cattle/Texas/24-008749-003/2024(H5N1)	919	1821
PB1|PP755595.1|A/cattle/Texas/24-008749-003/2024(H5N1)	920	1833
PB1|PP755595.1|A/cattle/Texas/24-008749-003/2024(H5N1)	921	1832
PB1|PP755595.1|A/cattle/Texas/24-008749-003/2024(H5N1)	922	1837
PB1|PP755595.1|A/cattle/Texas/24-008749-003/2024(H5N1)	923	1841
PB1|PP755595.1|A/cattle/Texas/24-008749-003/2024(H5N1)	924	1850
PB1|PP755595.1|A/cattle/Texas/24-008749-003/2024(H5N1)	925	1850
PB1|PP755595.1|A/cattle/Texas/24-008749-003/2024(H5N1)	926	1852
PB1|PP755595.1|A/cattle/Texas/24-008749-003/2024(H5N1)	927	1868
PB1|PP755595.1|A/cattle/Texas/24-008749-003/2024(H5N1)	928	1868
PB1|PP755595.1|A/cattle/Texas/24-008749-003/2024(H5N1)	929	1869
PB1|PP755595.1|A/cattle/Texas/24-008749-003/2024(H5N1)	930	1868
PB1|PP755595.1|A/cattle/Texas/24-008749-003/2024(H5N1)	931	1859
PB1|PP755595.1|A/cattle/Texas/24-008749-003/2024(H5N1)	932	1857
PB1|PP755595.1|A/cattle/Texas/24-008749-003/2024(H5N1)	933	1874
PB1|PP755595.1|A/cattle/Texas/24-008749-003/2024(H5N1)	934	1910
PB1|PP755595.1|A/cattle/Texas/24-008749-003/2024(H5N1)	935	1909
PB1|PP755595.1|A/cattle/Texas/24-008749-003/2024(H5N1)	936	1857
PB1|PP755595.1|A/cattle/Texas/24-008749-003/2024(H5N1)	937	1857
PB1|PP755595.1|A/cattle/Texas/24-008749-003/2024(H5N1)	938	1858
PB1|PP755595.1|A/cattle/Texas/24-008749-003/2024(H5N1)	939	1875
PB1|PP755595.1|A/cattle/Texas/24-008749-003/2024(H5N1)	940	1904
PB1|PP755595.1|A/cattle/Texas/24-008749-003/2024(H5N1)	941	1907
PB1|PP755595.1|A/cattle/Texas/24-008749-003/2024(H5N1)	942	1908
PB1|PP755595.1|A/cattle/Texas/24-008749-003/2024(H5N1)	943	1917
PB1|PP755595.1|A/cattle/Texas/24-008749-003/2024(H5N1)	944	1918
PB1|PP755595.1|A/cattle/Texas/24-008749-003/2024(H5N1)	945	1932
PB1|PP755595.1|A/cattle/Texas/24-008749-003/2024(H5N1)	946	1932
PB1|PP755595.1|A/cattle/Texas/24-008749-003/2024(H5N1)	947	1937
PB1|PP755595.1|A/cattle/Texas/24-008749-003/2024(H5N1)	948	1964
PB1|PP755595.1|A/cattle/Texas/24-008749-003/2024(H5N1)	949	1965
PB1|PP755595.1|A/cattle/Texas/24-008749-003/2024(H5N1)	950	1966
PB1|PP755595.1|A/cattle/Texas/24-008749-003/2024(H5N1)	951	1982
PB1|PP755595.1|A/cattle/Texas/24-008749-003/2024(H5N1)	952	1986
PB1|PP755595.1|A/cattle/Texas/24-008749-003/2024(H5N1)	953	1995
PB1|PP755595.1|A/cattle/Texas/24-008749-003/2024(H5N1)	954	1942
PB1|PP755595.1|A/cattle/Texas/24-008749-003/2024(H5N1)	955	1943
PB1|PP755595.1|A/cattle/Texas/24-008749-003/2024(H5N1)	956	1949
PB1|PP755595.1|A/cattle/Texas/24-008749-003/2024(H5N1)	957	1951
PB1|PP755595.1|A/cattle/Texas/24-008749-003/2024(H5N1)	958	1956
PB1|PP755595.1|A/cattle/Texas/24-008749-003/2024(H5N1)	959	1949
PB1|PP755595.1|A/cattle/Texas/24-008749-003/2024(H5N1)	960	1946
PB1|PP755595.1|A/cattle/Texas/24-008749-003/2024(H5N1)	961	1949
PB1|PP755595.1|A/cattle/Texas/24-008749-003/2024(H5N1)	962	1953
PB1|PP755595.1|A/cattle/Texas/24-008749-003/2024(H5N1)	963	1976
PB1|PP755595.1|A/cattle/Texas/24-008749-003/2024(H5N1)	964	1978
PB1|PP755595.1|A/cattle/Texas/24-008749-003/2024(H5N1)	965	1978
PB1|PP755595.1|A/cattle/Texas/24-008749-003/2024(H5N1)	966	1935
PB1|PP755595.1|A/cattle/Texas/24-008749-003/2024(H5N1)	967	1932
PB1|PP755595.1|A/cattle/Texas/24-008749-003/2024(H5N1)	968	1915
PB1|PP755595.1|A/cattle/Texas/24-008749-003/2024(H5N1)	969	1915
PB1|PP755595.1|A/cattle/Texas/24-008749-003/2024(H5N1)	970	1913
PB1|PP755595.1|A/cattle/Texas/24-008749-003/2024(H5N1)	971	1863
PB1|PP755595.1|A/cattle/Texas/24-008749-003/2024(H5N1)	972	1801
PB1|PP755595.1|A/cattle/Texas/24-008749-003/2024(H5N1)	973	1754
PB1|PP755595.1|A/cattle/Texas/24-008749-003/2024(H5N1)	974	1749
PB1|PP755595.1|A/cattle/Texas/24-008749-003/2024(H5N1)	975	1738
PB1|PP755595.1|A/cattle/Texas/24-008749-003/2024(H5N1)	976	1808
PB1|PP755595.1|A/cattle/Texas/24-008749-003/2024(H5N1)	977	1808
PB1|PP755595.1|A/cattle/Texas/24-008749-003/2024(H5N1)	978	1798
PB1|PP755595.1|A/cattle/Texas/24-008749-003/2024(H5N1)	979	1797
PB1|PP755595.1|A/cattle/Texas/24-008749-003/2024(H5N1)	980	1793
PB1|PP755595.1|A/cattle/Texas/24-008749-003/2024(H5N1)	981	1771
PB1|PP755595.1|A/cattle/Texas/24-008749-003/2024(H5N1)	982	1797
PB1|PP755595.1|A/cattle/Texas/24-008749-003/2024(H5N1)	983	1801
PB1|PP755595.1|A/cattle/Texas/24-008749-003/2024(H5N1)	984	1822
PB1|PP755595.1|A/cattle/Texas/24-008749-003/2024(H5N1)	985	1818
PB1|PP755595.1|A/cattle/Texas/24-008749-003/2024(H5N1)	986	1817
PB1|PP755595.1|A/cattle/Texas/24-008749-003/2024(H5N1)	987	1821
PB1|PP755595.1|A/cattle/Texas/24-008749-003/2024(H5N1)	988	1832
PB1|PP755595.1|A/cattle/Texas/24-008749-003/2024(H5N1)	989	1828
PB1|PP755595.1|A/cattle/Texas/24-008749-003/2024(H5N1)	990	1818
PB1|PP755595.1|A/cattle/Texas/24-008749-003/2024(H5N1)	991	1823
PB1|PP755595.1|A/cattle/Texas/24-008749-003/2024(H5N1)	992	1823
PB1|PP755595.1|A/cattle/Texas/24-008749-003/2024(H5N1)	993	1822
PB1|PP755595.1|A/cattle/Texas/24-008749-003/2024(H5N1)	994	1807
PB1|PP755595.1|A/cattle/Texas/24-008749-003/2024(H5N1)	995	1791
PB1|PP755595.1|A/cattle/Texas/24-008749-003/2024(H5N1)	996	1791
PB1|PP755595.1|A/cattle/Texas/24-008749-003/2024(H5N1)	997	1746
PB1|PP755595.1|A/cattle/Texas/24-008749-003/2024(H5N1)	998	1746
PB1|PP755595.1|A/cattle/Texas/24-008749-003/2024(H5N1)	999	1734
PB1|PP755595.1|A/cattle/Texas/24-008749-003/2024(H5N1)	1000	1731
PB1|PP755595.1|A/cattle/Texas/24-008749-003/2024(H5N1)	1001	1730
PB1|PP755595.1|A/cattle/Texas/24-008749-003/2024(H5N1)	1002	1730
PB1|PP755595.1|A/cattle/Texas/24-008749-003/2024(H5N1)	1003	1826
PB1|PP755595.1|A/cattle/Texas/24-008749-003/2024(H5N1)	1004	1826
PB1|PP755595.1|A/cattle/Texas/24-008749-003/2024(H5N1)	1005	1715
PB1|PP755595.1|A/cattle/Texas/24-008749-003/2024(H5N1)	1006	1715
PB1|PP755595.1|A/cattle/Texas/24-008749-003/2024(H5N1)	1007	1714
PB1|PP755595.1|A/cattle/Texas/24-008749-003/2024(H5N1)	1008	1711
PB1|PP755595.1|A/cattle/Texas/24-008749-003/2024(H5N1)	1009	1798
PB1|PP755595.1|A/cattle/Texas/24-008749-003/2024(H5N1)	1010	1787
PB1|PP755595.1|A/cattle/Texas/24-008749-003/2024(H5N1)	1011	1777
PB1|PP755595.1|A/cattle/Texas/24-008749-003/2024(H5N1)	1012	1776
PB1|PP755595.1|A/cattle/Texas/24-008749-003/2024(H5N1)	1013	1771
PB1|PP755595.1|A/cattle/Texas/24-008749-003/2024(H5N1)	1014	1763
PB1|PP755595.1|A/cattle/Texas/24-008749-003/2024(H5N1)	1015	1753
PB1|PP755595.1|A/cattle/Texas/24-008749-003/2024(H5N1)	1016	1749
PB1|PP755595.1|A/cattle/Texas/24-008749-003/2024(H5N1)	1017	1729
PB1|PP755595.1|A/cattle/Texas/24-008749-003/2024(H5N1)	1018	1729
PB1|PP755595.1|A/cattle/Texas/24-008749-003/2024(H5N1)	1019	1727
PB1|PP755595.1|A/cattle/Texas/24-008749-003/2024(H5N1)	1020	1707
PB1|PP755595.1|A/cattle/Texas/24-008749-003/2024(H5N1)	1021	1805
PB1|PP755595.1|A/cattle/Texas/24-008749-003/2024(H5N1)	1022	1769
PB1|PP755595.1|A/cattle/Texas/24-008749-003/2024(H5N1)	1023	1768
PB1|PP755595.1|A/cattle/Texas/24-008749-003/2024(H5N1)	1024	1780
PB1|PP755595.1|A/cattle/Texas/24-008749-003/2024(H5N1)	1025	1776
PB1|PP755595.1|A/cattle/Texas/24-008749-003/2024(H5N1)	1026	1764
PB1|PP755595.1|A/cattle/Texas/24-008749-003/2024(H5N1)	1027	1753
PB1|PP755595.1|A/cattle/Texas/24-008749-003/2024(H5N1)	1028	1711
PB1|PP755595.1|A/cattle/Texas/24-008749-003/2024(H5N1)	1029	1703
PB1|PP755595.1|A/cattle/Texas/24-008749-003/2024(H5N1)	1030	1624
PB1|PP755595.1|A/cattle/Texas/24-008749-003/2024(H5N1)	1031	1509
PB1|PP755595.1|A/cattle/Texas/24-008749-003/2024(H5N1)	1032	1497
PB1|PP755595.1|A/cattle/Texas/24-008749-003/2024(H5N1)	1033	1479
PB1|PP755595.1|A/cattle/Texas/24-008749-003/2024(H5N1)	1034	1359
PB1|PP755595.1|A/cattle/Texas/24-008749-003/2024(H5N1)	1035	1355
PB1|PP755595.1|A/cattle/Texas/24-008749-003/2024(H5N1)	1036	1380
PB1|PP755595.1|A/cattle/Texas/24-008749-003/2024(H5N1)	1037	1376
PB1|PP755595.1|A/cattle/Texas/24-008749-003/2024(H5N1)	1038	1376
PB1|PP755595.1|A/cattle/Texas/24-008749-003/2024(H5N1)	1039	1372
PB1|PP755595.1|A/cattle/Texas/24-008749-003/2024(H5N1)	1040	1287
PB1|PP755595.1|A/cattle/Texas/24-008749-003/2024(H5N1)	1041	1285
PB1|PP755595.1|A/cattle/Texas/24-008749-003/2024(H5N1)	1042	1278
PB1|PP755595.1|A/cattle/Texas/24-008749-003/2024(H5N1)	1043	1275
PB1|PP755595.1|A/cattle/Texas/24-008749-003/2024(H5N1)	1044	1268
PB1|PP755595.1|A/cattle/Texas/24-008749-003/2024(H5N1)	1045	1240
PB1|PP755595.1|A/cattle/Texas/24-008749-003/2024(H5N1)	1046	1220
PB1|PP755595.1|A/cattle/Texas/24-008749-003/2024(H5N1)	1047	1053
PB1|PP755595.1|A/cattle/Texas/24-008749-003/2024(H5N1)	1048	1052
PB1|PP755595.1|A/cattle/Texas/24-008749-003/2024(H5N1)	1049	1051
PB1|PP755595.1|A/cattle/Texas/24-008749-003/2024(H5N1)	1050	1051
PB1|PP755595.1|A/cattle/Texas/24-008749-003/2024(H5N1)	1051	1049
PB1|PP755595.1|A/cattle/Texas/24-008749-003/2024(H5N1)	1052	1049
PB1|PP755595.1|A/cattle/Texas/24-008749-003/2024(H5N1)	1053	1035
PB1|PP755595.1|A/cattle/Texas/24-008749-003/2024(H5N1)	1054	1035
PB1|PP755595.1|A/cattle/Texas/24-008749-003/2024(H5N1)	1055	1035
PB1|PP755595.1|A/cattle/Texas/24-008749-003/2024(H5N1)	1056	1035
PB1|PP755595.1|A/cattle/Texas/24-008749-003/2024(H5N1)	1057	1175
PB1|PP755595.1|A/cattle/Texas/24-008749-003/2024(H5N1)	1058	1175
PB1|PP755595.1|A/cattle/Texas/24-008749-003/2024(H5N1)	1059	1175
PB1|PP755595.1|A/cattle/Texas/24-008749-003/2024(H5N1)	1060	1175
PB1|PP755595.1|A/cattle/Texas/24-008749-003/2024(H5N1)	1061	1175
PB1|PP755595.1|A/cattle/Texas/24-008749-003/2024(H5N1)	1062	1175
PB1|PP755595.1|A/cattle/Texas/24-008749-003/2024(H5N1)	1063	1316
PB1|PP755595.1|A/cattle/Texas/24-008749-003/2024(H5N1)	1064	1320
PB1|PP755595.1|A/cattle/Texas/24-008749-003/2024(H5N1)	1065	1320
PB1|PP755595.1|A/cattle/Texas/24-008749-003/2024(H5N1)	1066	1321
PB1|PP755595.1|A/cattle/Texas/24-008749-003/2024(H5N1)	1067	1321
PB1|PP755595.1|A/cattle/Texas/24-008749-003/2024(H5N1)	1068	1314
PB1|PP755595.1|A/cattle/Texas/24-008749-003/2024(H5N1)	1069	1215
PB1|PP755595.1|A/cattle/Texas/24-008749-003/2024(H5N1)	1070	1215
PB1|PP755595.1|A/cattle/Texas/24-008749-003/2024(H5N1)	1071	1202
PB1|PP755595.1|A/cattle/Texas/24-008749-003/2024(H5N1)	1072	1269
PB1|PP755595.1|A/cattle/Texas/24-008749-003/2024(H5N1)	1073	1268
PB1|PP755595.1|A/cattle/Texas/24-008749-003/2024(H5N1)	1074	1277
PB1|PP755595.1|A/cattle/Texas/24-008749-003/2024(H5N1)	1075	1275
PB1|PP755595.1|A/cattle/Texas/24-008749-003/2024(H5N1)	1076	1284
PB1|PP755595.1|A/cattle/Texas/24-008749-003/2024(H5N1)	1077	1281
PB1|PP755595.1|A/cattle/Texas/24-008749-003/2024(H5N1)	1078	1273
PB1|PP755595.1|A/cattle/Texas/24-008749-003/2024(H5N1)	1079	1273
PB1|PP755595.1|A/cattle/Texas/24-008749-003/2024(H5N1)	1080	1285
PB1|PP755595.1|A/cattle/Texas/24-008749-003/2024(H5N1)	1081	1293
PB1|PP755595.1|A/cattle/Texas/24-008749-003/2024(H5N1)	1082	1311
PB1|PP755595.1|A/cattle/Texas/24-008749-003/2024(H5N1)	1083	1293
PB1|PP755595.1|A/cattle/Texas/24-008749-003/2024(H5N1)	1084	1270
PB1|PP755595.1|A/cattle/Texas/24-008749-003/2024(H5N1)	1085	1267
PB1|PP755595.1|A/cattle/Texas/24-008749-003/2024(H5N1)	1086	1267
PB1|PP755595.1|A/cattle/Texas/24-008749-003/2024(H5N1)	1087	1263
PB1|PP755595.1|A/cattle/Texas/24-008749-003/2024(H5N1)	1088	1263
PB1|PP755595.1|A/cattle/Texas/24-008749-003/2024(H5N1)	1089	1262
PB1|PP755595.1|A/cattle/Texas/24-008749-003/2024(H5N1)	1090	1189
PB1|PP755595.1|A/cattle/Texas/24-008749-003/2024(H5N1)	1091	1166
PB1|PP755595.1|A/cattle/Texas/24-008749-003/2024(H5N1)	1092	1164
PB1|PP755595.1|A/cattle/Texas/24-008749-003/2024(H5N1)	1093	1189
PB1|PP755595.1|A/cattle/Texas/24-008749-003/2024(H5N1)	1094	1189
PB1|PP755595.1|A/cattle/Texas/24-008749-003/2024(H5N1)	1095	1197
PB1|PP755595.1|A/cattle/Texas/24-008749-003/2024(H5N1)	1096	1324
PB1|PP755595.1|A/cattle/Texas/24-008749-003/2024(H5N1)	1097	1390
PB1|PP755595.1|A/cattle/Texas/24-008749-003/2024(H5N1)	1098	1415
PB1|PP755595.1|A/cattle/Texas/24-008749-003/2024(H5N1)	1099	1428
PB1|PP755595.1|A/cattle/Texas/24-008749-003/2024(H5N1)	1100	1481
PB1|PP755595.1|A/cattle/Texas/24-008749-003/2024(H5N1)	1101	1489
PB1|PP755595.1|A/cattle/Texas/24-008749-003/2024(H5N1)	1102	1476
PB1|PP755595.1|A/cattle/Texas/24-008749-003/2024(H5N1)	1103	1505
PB1|PP755595.1|A/cattle/Texas/24-008749-003/2024(H5N1)	1104	1502
PB1|PP755595.1|A/cattle/Texas/24-008749-003/2024(H5N1)	1105	1502
PB1|PP755595.1|A/cattle/Texas/24-008749-003/2024(H5N1)	1106	1479
PB1|PP755595.1|A/cattle/Texas/24-008749-003/2024(H5N1)	1107	1457
PB1|PP755595.1|A/cattle/Texas/24-008749-003/2024(H5N1)	1108	1473
PB1|PP755595.1|A/cattle/Texas/24-008749-003/2024(H5N1)	1109	1480
PB1|PP755595.1|A/cattle/Texas/24-008749-003/2024(H5N1)	1110	1480
PB1|PP755595.1|A/cattle/Texas/24-008749-003/2024(H5N1)	1111	1480
PB1|PP755595.1|A/cattle/Texas/24-008749-003/2024(H5N1)	1112	1480
PB1|PP755595.1|A/cattle/Texas/24-008749-003/2024(H5N1)	1113	1471
PB1|PP755595.1|A/cattle/Texas/24-008749-003/2024(H5N1)	1114	1447
PB1|PP755595.1|A/cattle/Texas/24-008749-003/2024(H5N1)	1115	1426
PB1|PP755595.1|A/cattle/Texas/24-008749-003/2024(H5N1)	1116	1424
PB1|PP755595.1|A/cattle/Texas/24-008749-003/2024(H5N1)	1117	1407
PB1|PP755595.1|A/cattle/Texas/24-008749-003/2024(H5N1)	1118	1397
PB1|PP755595.1|A/cattle/Texas/24-008749-003/2024(H5N1)	1119	1133
PB1|PP755595.1|A/cattle/Texas/24-008749-003/2024(H5N1)	1120	1133
PB1|PP755595.1|A/cattle/Texas/24-008749-003/2024(H5N1)	1121	1133
PB1|PP755595.1|A/cattle/Texas/24-008749-003/2024(H5N1)	1122	1133
PB1|PP755595.1|A/cattle/Texas/24-008749-003/2024(H5N1)	1123	1133
PB1|PP755595.1|A/cattle/Texas/24-008749-003/2024(H5N1)	1124	1133
PB1|PP755595.1|A/cattle/Texas/24-008749-003/2024(H5N1)	1125	1133
PB1|PP755595.1|A/cattle/Texas/24-008749-003/2024(H5N1)	1126	1133
PB1|PP755595.1|A/cattle/Texas/24-008749-003/2024(H5N1)	1127	1132
PB1|PP755595.1|A/cattle/Texas/24-008749-003/2024(H5N1)	1128	1133
PB1|PP755595.1|A/cattle/Texas/24-008749-003/2024(H5N1)	1129	1133
PB1|PP755595.1|A/cattle/Texas/24-008749-003/2024(H5N1)	1130	1133
PB1|PP755595.1|A/cattle/Texas/24-008749-003/2024(H5N1)	1131	1133
PB1|PP755595.1|A/cattle/Texas/24-008749-003/2024(H5N1)	1132	1133
PB1|PP755595.1|A/cattle/Texas/24-008749-003/2024(H5N1)	1133	1133
PB1|PP755595.1|A/cattle/Texas/24-008749-003/2024(H5N1)	1134	1133
PB1|PP755595.1|A/cattle/Texas/24-008749-003/2024(H5N1)	1135	1703
PB1|PP755595.1|A/cattle/Texas/24-008749-003/2024(H5N1)	1136	1706
PB1|PP755595.1|A/cattle/Texas/24-008749-003/2024(H5N1)	1137	1718
PB1|PP755595.1|A/cattle/Texas/24-008749-003/2024(H5N1)	1138	1732
PB1|PP755595.1|A/cattle/Texas/24-008749-003/2024(H5N1)	1139	1745
PB1|PP755595.1|A/cattle/Texas/24-008749-003/2024(H5N1)	1140	1754
PB1|PP755595.1|A/cattle/Texas/24-008749-003/2024(H5N1)	1141	1756
PB1|PP755595.1|A/cattle/Texas/24-008749-003/2024(H5N1)	1142	1757
PB1|PP755595.1|A/cattle/Texas/24-008749-003/2024(H5N1)	1143	1763
PB1|PP755595.1|A/cattle/Texas/24-008749-003/2024(H5N1)	1144	1763
PB1|PP755595.1|A/cattle/Texas/24-008749-003/2024(H5N1)	1145	1775
PB1|PP755595.1|A/cattle/Texas/24-008749-003/2024(H5N1)	1146	1780
PB1|PP755595.1|A/cattle/Texas/24-008749-003/2024(H5N1)	1147	1788
PB1|PP755595.1|A/cattle/Texas/24-008749-003/2024(H5N1)	1148	1794
PB1|PP755595.1|A/cattle/Texas/24-008749-003/2024(H5N1)	1149	1798
PB1|PP755595.1|A/cattle/Texas/24-008749-003/2024(H5N1)	1150	1801
PB1|PP755595.1|A/cattle/Texas/24-008749-003/2024(H5N1)	1151	1815
PB1|PP755595.1|A/cattle/Texas/24-008749-003/2024(H5N1)	1152	1816
PB1|PP755595.1|A/cattle/Texas/24-008749-003/2024(H5N1)	1153	1817
PB1|PP755595.1|A/cattle/Texas/24-008749-003/2024(H5N1)	1154	1822
PB1|PP755595.1|A/cattle/Texas/24-008749-003/2024(H5N1)	1155	1819
PB1|PP755595.1|A/cattle/Texas/24-008749-003/2024(H5N1)	1156	1816
PB1|PP755595.1|A/cattle/Texas/24-008749-003/2024(H5N1)	1157	1763
PB1|PP755595.1|A/cattle/Texas/24-008749-003/2024(H5N1)	1158	1785
PB1|PP755595.1|A/cattle/Texas/24-008749-003/2024(H5N1)	1159	1788
PB1|PP755595.1|A/cattle/Texas/24-008749-003/2024(H5N1)	1160	1788
PB1|PP755595.1|A/cattle/Texas/24-008749-003/2024(H5N1)	1161	1788
PB1|PP755595.1|A/cattle/Texas/24-008749-003/2024(H5N1)	1162	1795
PB1|PP755595.1|A/cattle/Texas/24-008749-003/2024(H5N1)	1163	1799
PB1|PP755595.1|A/cattle/Texas/24-008749-003/2024(H5N1)	1164	1759
PB1|PP755595.1|A/cattle/Texas/24-008749-003/2024(H5N1)	1165	1755
PB1|PP755595.1|A/cattle/Texas/24-008749-003/2024(H5N1)	1166	1755
PB1|PP755595.1|A/cattle/Texas/24-008749-003/2024(H5N1)	1167	1557
PB1|PP755595.1|A/cattle/Texas/24-008749-003/2024(H5N1)	1168	1557
PB1|PP755595.1|A/cattle/Texas/24-008749-003/2024(H5N1)	1169	1557
PB1|PP755595.1|A/cattle/Texas/24-008749-003/2024(H5N1)	1170	1556
PB1|PP755595.1|A/cattle/Texas/24-008749-003/2024(H5N1)	1171	1563
PB1|PP755595.1|A/cattle/Texas/24-008749-003/2024(H5N1)	1172	1570
PB1|PP755595.1|A/cattle/Texas/24-008749-003/2024(H5N1)	1173	1585
PB1|PP755595.1|A/cattle/Texas/24-008749-003/2024(H5N1)	1174	1643
PB1|PP755595.1|A/cattle/Texas/24-008749-003/2024(H5N1)	1175	1643
PB1|PP755595.1|A/cattle/Texas/24-008749-003/2024(H5N1)	1176	1648
PB1|PP755595.1|A/cattle/Texas/24-008749-003/2024(H5N1)	1177	1648
PB1|PP755595.1|A/cattle/Texas/24-008749-003/2024(H5N1)	1178	1670
PB1|PP755595.1|A/cattle/Texas/24-008749-003/2024(H5N1)	1179	1688
PB1|PP755595.1|A/cattle/Texas/24-008749-003/2024(H5N1)	1180	1752
PB1|PP755595.1|A/cattle/Texas/24-008749-003/2024(H5N1)	1181	1766
PB1|PP755595.1|A/cattle/Texas/24-008749-003/2024(H5N1)	1182	1772
PB1|PP755595.1|A/cattle/Texas/24-008749-003/2024(H5N1)	1183	1872
PB1|PP755595.1|A/cattle/Texas/24-008749-003/2024(H5N1)	1184	1883
PB1|PP755595.1|A/cattle/Texas/24-008749-003/2024(H5N1)	1185	1918
PB1|PP755595.1|A/cattle/Texas/24-008749-003/2024(H5N1)	1186	1944
PB1|PP755595.1|A/cattle/Texas/24-008749-003/2024(H5N1)	1187	1944
PB1|PP755595.1|A/cattle/Texas/24-008749-003/2024(H5N1)	1188	1956
PB1|PP755595.1|A/cattle/Texas/24-008749-003/2024(H5N1)	1189	1962
PB1|PP755595.1|A/cattle/Texas/24-008749-003/2024(H5N1)	1190	1962
PB1|PP755595.1|A/cattle/Texas/24-008749-003/2024(H5N1)	1191	2000
PB1|PP755595.1|A/cattle/Texas/24-008749-003/2024(H5N1)	1192	2002
PB1|PP755595.1|A/cattle/Texas/24-008749-003/2024(H5N1)	1193	1975
PB1|PP755595.1|A/cattle/Texas/24-008749-003/2024(H5N1)	1194	1976
PB1|PP755595.1|A/cattle/Texas/24-008749-003/2024(H5N1)	1195	1958
PB1|PP755595.1|A/cattle/Texas/24-008749-003/2024(H5N1)	1196	1953
PB1|PP755595.1|A/cattle/Texas/24-008749-003/2024(H5N1)	1197	1873
PB1|PP755595.1|A/cattle/Texas/24-008749-003/2024(H5N1)	1198	1873
PB1|PP755595.1|A/cattle/Texas/24-008749-003/2024(H5N1)	1199	1880
PB1|PP755595.1|A/cattle/Texas/24-008749-003/2024(H5N1)	1200	1881
PB1|PP755595.1|A/cattle/Texas/24-008749-003/2024(H5N1)	1201	2111
PB1|PP755595.1|A/cattle/Texas/24-008749-003/2024(H5N1)	1202	2118
PB1|PP755595.1|A/cattle/Texas/24-008749-003/2024(H5N1)	1203	2136
PB1|PP755595.1|A/cattle/Texas/24-008749-003/2024(H5N1)	1204	2138
PB1|PP755595.1|A/cattle/Texas/24-008749-003/2024(H5N1)	1205	2173
PB1|PP755595.1|A/cattle/Texas/24-008749-003/2024(H5N1)	1206	2177
PB1|PP755595.1|A/cattle/Texas/24-008749-003/2024(H5N1)	1207	2184
PB1|PP755595.1|A/cattle/Texas/24-008749-003/2024(H5N1)	1208	2184
PB1|PP755595.1|A/cattle/Texas/24-008749-003/2024(H5N1)	1209	2034
PB1|PP755595.1|A/cattle/Texas/24-008749-003/2024(H5N1)	1210	2034
PB1|PP755595.1|A/cattle/Texas/24-008749-003/2024(H5N1)	1211	2141
PB1|PP755595.1|A/cattle/Texas/24-008749-003/2024(H5N1)	1212	2157
PB1|PP755595.1|A/cattle/Texas/24-008749-003/2024(H5N1)	1213	2171
PB1|PP755595.1|A/cattle/Texas/24-008749-003/2024(H5N1)	1214	2177
PB1|PP755595.1|A/cattle/Texas/24-008749-003/2024(H5N1)	1215	2187
PB1|PP755595.1|A/cattle/Texas/24-008749-003/2024(H5N1)	1216	2196
PB1|PP755595.1|A/cattle/Texas/24-008749-003/2024(H5N1)	1217	2212
PB1|PP755595.1|A/cattle/Texas/24-008749-003/2024(H5N1)	1218	2215
PB1|PP755595.1|A/cattle/Texas/24-008749-003/2024(H5N1)	1219	2221
PB1|PP755595.1|A/cattle/Texas/24-008749-003/2024(H5N1)	1220	2191
PB1|PP755595.1|A/cattle/Texas/24-008749-003/2024(H5N1)	1221	2206
PB1|PP755595.1|A/cattle/Texas/24-008749-003/2024(H5N1)	1222	2230
PB1|PP755595.1|A/cattle/Texas/24-008749-003/2024(H5N1)	1223	2230
PB1|PP755595.1|A/cattle/Texas/24-008749-003/2024(H5N1)	1224	2234
PB1|PP755595.1|A/cattle/Texas/24-008749-003/2024(H5N1)	1225	2224
PB1|PP755595.1|A/cattle/Texas/24-008749-003/2024(H5N1)	1226	2212
PB1|PP755595.1|A/cattle/Texas/24-008749-003/2024(H5N1)	1227	2205
PB1|PP755595.1|A/cattle/Texas/24-008749-003/2024(H5N1)	1228	2222
PB1|PP755595.1|A/cattle/Texas/24-008749-003/2024(H5N1)	1229	2234
PB1|PP755595.1|A/cattle/Texas/24-008749-003/2024(H5N1)	1230	2218
PB1|PP755595.1|A/cattle/Texas/24-008749-003/2024(H5N1)	1231	2228
PB1|PP755595.1|A/cattle/Texas/24-008749-003/2024(H5N1)	1232	2222
PB1|PP755595.1|A/cattle/Texas/24-008749-003/2024(H5N1)	1233	2238
PB1|PP755595.1|A/cattle/Texas/24-008749-003/2024(H5N1)	1234	2249
PB1|PP755595.1|A/cattle/Texas/24-008749-003/2024(H5N1)	1235	2280
PB1|PP755595.1|A/cattle/Texas/24-008749-003/2024(H5N1)	1236	2294
PB1|PP755595.1|A/cattle/Texas/24-008749-003/2024(H5N1)	1237	2274
PB1|PP755595.1|A/cattle/Texas/24-008749-003/2024(H5N1)	1238	2261
PB1|PP755595.1|A/cattle/Texas/24-008749-003/2024(H5N1)	1239	2254
PB1|PP755595.1|A/cattle/Texas/24-008749-003/2024(H5N1)	1240	2245
PB1|PP755595.1|A/cattle/Texas/24-008749-003/2024(H5N1)	1241	2243
PB1|PP755595.1|A/cattle/Texas/24-008749-003/2024(H5N1)	1242	2267
PB1|PP755595.1|A/cattle/Texas/24-008749-003/2024(H5N1)	1243	2302
PB1|PP755595.1|A/cattle/Texas/24-008749-003/2024(H5N1)	1244	2271
PB1|PP755595.1|A/cattle/Texas/24-008749-003/2024(H5N1)	1245	2314
PB1|PP755595.1|A/cattle/Texas/24-008749-003/2024(H5N1)	1246	2335
PB1|PP755595.1|A/cattle/Texas/24-008749-003/2024(H5N1)	1247	2457
PB1|PP755595.1|A/cattle/Texas/24-008749-003/2024(H5N1)	1248	2395
PB1|PP755595.1|A/cattle/Texas/24-008749-003/2024(H5N1)	1249	2369
PB1|PP755595.1|A/cattle/Texas/24-008749-003/2024(H5N1)	1250	2360
PB1|PP755595.1|A/cattle/Texas/24-008749-003/2024(H5N1)	1251	2298
PB1|PP755595.1|A/cattle/Texas/24-008749-003/2024(H5N1)	1252	2293
PB1|PP755595.1|A/cattle/Texas/24-008749-003/2024(H5N1)	1253	2291
PB1|PP755595.1|A/cattle/Texas/24-008749-003/2024(H5N1)	1254	1811
PB1|PP755595.1|A/cattle/Texas/24-008749-003/2024(H5N1)	1255	1807
PB1|PP755595.1|A/cattle/Texas/24-008749-003/2024(H5N1)	1256	1870
PB1|PP755595.1|A/cattle/Texas/24-008749-003/2024(H5N1)	1257	1870
PB1|PP755595.1|A/cattle/Texas/24-008749-003/2024(H5N1)	1258	2300
PB1|PP755595.1|A/cattle/Texas/24-008749-003/2024(H5N1)	1259	2307
PB1|PP755595.1|A/cattle/Texas/24-008749-003/2024(H5N1)	1260	2308
PB1|PP755595.1|A/cattle/Texas/24-008749-003/2024(H5N1)	1261	2310
PB1|PP755595.1|A/cattle/Texas/24-008749-003/2024(H5N1)	1262	2312
PB1|PP755595.1|A/cattle/Texas/24-008749-003/2024(H5N1)	1263	2312
PB1|PP755595.1|A/cattle/Texas/24-008749-003/2024(H5N1)	1264	2325
PB1|PP755595.1|A/cattle/Texas/24-008749-003/2024(H5N1)	1265	2318
PB1|PP755595.1|A/cattle/Texas/24-008749-003/2024(H5N1)	1266	2317
PB1|PP755595.1|A/cattle/Texas/24-008749-003/2024(H5N1)	1267	2325
PB1|PP755595.1|A/cattle/Texas/24-008749-003/2024(H5N1)	1268	2329
PB1|PP755595.1|A/cattle/Texas/24-008749-003/2024(H5N1)	1269	2345
PB1|PP755595.1|A/cattle/Texas/24-008749-003/2024(H5N1)	1270	2366
PB1|PP755595.1|A/cattle/Texas/24-008749-003/2024(H5N1)	1271	2367
PB1|PP755595.1|A/cattle/Texas/24-008749-003/2024(H5N1)	1272	2386
PB1|PP755595.1|A/cattle/Texas/24-008749-003/2024(H5N1)	1273	2389
PB1|PP755595.1|A/cattle/Texas/24-008749-003/2024(H5N1)	1274	2397
PB1|PP755595.1|A/cattle/Texas/24-008749-003/2024(H5N1)	1275	2402
PB1|PP755595.1|A/cattle/Texas/24-008749-003/2024(H5N1)	1276	2336
PB1|PP755595.1|A/cattle/Texas/24-008749-003/2024(H5N1)	1277	2333
PB1|PP755595.1|A/cattle/Texas/24-008749-003/2024(H5N1)	1278	2321
PB1|PP755595.1|A/cattle/Texas/24-008749-003/2024(H5N1)	1279	2329
PB1|PP755595.1|A/cattle/Texas/24-008749-003/2024(H5N1)	1280	2351
PB1|PP755595.1|A/cattle/Texas/24-008749-003/2024(H5N1)	1281	2340
PB1|PP755595.1|A/cattle/Texas/24-008749-003/2024(H5N1)	1282	2327
PB1|PP755595.1|A/cattle/Texas/24-008749-003/2024(H5N1)	1283	2321
PB1|PP755595.1|A/cattle/Texas/24-008749-003/2024(H5N1)	1284	2329
PB1|PP755595.1|A/cattle/Texas/24-008749-003/2024(H5N1)	1285	2342
PB1|PP755595.1|A/cattle/Texas/24-008749-003/2024(H5N1)	1286	2334
PB1|PP755595.1|A/cattle/Texas/24-008749-003/2024(H5N1)	1287	2343
PB1|PP755595.1|A/cattle/Texas/24-008749-003/2024(H5N1)	1288	2333
PB1|PP755595.1|A/cattle/Texas/24-008749-003/2024(H5N1)	1289	2319
PB1|PP755595.1|A/cattle/Texas/24-008749-003/2024(H5N1)	1290	2322
PB1|PP755595.1|A/cattle/Texas/24-008749-003/2024(H5N1)	1291	2329
PB1|PP755595.1|A/cattle/Texas/24-008749-003/2024(H5N1)	1292	2328
PB1|PP755595.1|A/cattle/Texas/24-008749-003/2024(H5N1)	1293	2354
PB1|PP755595.1|A/cattle/Texas/24-008749-003/2024(H5N1)	1294	2353
PB1|PP755595.1|A/cattle/Texas/24-008749-003/2024(H5N1)	1295	2368
PB1|PP755595.1|A/cattle/Texas/24-008749-003/2024(H5N1)	1296	2356
PB1|PP755595.1|A/cattle/Texas/24-008749-003/2024(H5N1)	1297	2350
PB1|PP755595.1|A/cattle/Texas/24-008749-003/2024(H5N1)	1298	2354
PB1|PP755595.1|A/cattle/Texas/24-008749-003/2024(H5N1)	1299	2349
PB1|PP755595.1|A/cattle/Texas/24-008749-003/2024(H5N1)	1300	2437
PB1|PP755595.1|A/cattle/Texas/24-008749-003/2024(H5N1)	1301	2498
PB1|PP755595.1|A/cattle/Texas/24-008749-003/2024(H5N1)	1302	2483
PB1|PP755595.1|A/cattle/Texas/24-008749-003/2024(H5N1)	1303	2495
PB1|PP755595.1|A/cattle/Texas/24-008749-003/2024(H5N1)	1304	2495
PB1|PP755595.1|A/cattle/Texas/24-008749-003/2024(H5N1)	1305	2514
PB1|PP755595.1|A/cattle/Texas/24-008749-003/2024(H5N1)	1306	2551
PB1|PP755595.1|A/cattle/Texas/24-008749-003/2024(H5N1)	1307	2545
PB1|PP755595.1|A/cattle/Texas/24-008749-003/2024(H5N1)	1308	2593
PB1|PP755595.1|A/cattle/Texas/24-008749-003/2024(H5N1)	1309	2523
PB1|PP755595.1|A/cattle/Texas/24-008749-003/2024(H5N1)	1310	2559
PB1|PP755595.1|A/cattle/Texas/24-008749-003/2024(H5N1)	1311	2579
PB1|PP755595.1|A/cattle/Texas/24-008749-003/2024(H5N1)	1312	2577
PB1|PP755595.1|A/cattle/Texas/24-008749-003/2024(H5N1)	1313	2590
PB1|PP755595.1|A/cattle/Texas/24-008749-003/2024(H5N1)	1314	2588
PB1|PP755595.1|A/cattle/Texas/24-008749-003/2024(H5N1)	1315	2592
PB1|PP755595.1|A/cattle/Texas/24-008749-003/2024(H5N1)	1316	2610
PB1|PP755595.1|A/cattle/Texas/24-008749-003/2024(H5N1)	1317	2567
PB1|PP755595.1|A/cattle/Texas/24-008749-003/2024(H5N1)	1318	2575
PB1|PP755595.1|A/cattle/Texas/24-008749-003/2024(H5N1)	1319	2565
PB1|PP755595.1|A/cattle/Texas/24-008749-003/2024(H5N1)	1320	2562
PB1|PP755595.1|A/cattle/Texas/24-008749-003/2024(H5N1)	1321	2644
PB1|PP755595.1|A/cattle/Texas/24-008749-003/2024(H5N1)	1322	2630
PB1|PP755595.1|A/cattle/Texas/24-008749-003/2024(H5N1)	1323	2618
PB1|PP755595.1|A/cattle/Texas/24-008749-003/2024(H5N1)	1324	2618
PB1|PP755595.1|A/cattle/Texas/24-008749-003/2024(H5N1)	1325	2614
PB1|PP755595.1|A/cattle/Texas/24-008749-003/2024(H5N1)	1326	2620
PB1|PP755595.1|A/cattle/Texas/24-008749-003/2024(H5N1)	1327	2612
PB1|PP755595.1|A/cattle/Texas/24-008749-003/2024(H5N1)	1328	2578
PB1|PP755595.1|A/cattle/Texas/24-008749-003/2024(H5N1)	1329	2562
PB1|PP755595.1|A/cattle/Texas/24-008749-003/2024(H5N1)	1330	2479
PB1|PP755595.1|A/cattle/Texas/24-008749-003/2024(H5N1)	1331	2407
PB1|PP755595.1|A/cattle/Texas/24-008749-003/2024(H5N1)	1332	2387
PB1|PP755595.1|A/cattle/Texas/24-008749-003/2024(H5N1)	1333	2386
PB1|PP755595.1|A/cattle/Texas/24-008749-003/2024(H5N1)	1334	2386
PB1|PP755595.1|A/cattle/Texas/24-008749-003/2024(H5N1)	1335	2373
PB1|PP755595.1|A/cattle/Texas/24-008749-003/2024(H5N1)	1336	2341
PB1|PP755595.1|A/cattle/Texas/24-008749-003/2024(H5N1)	1337	2309
PB1|PP755595.1|A/cattle/Texas/24-008749-003/2024(H5N1)	1338	1865
PB1|PP755595.1|A/cattle/Texas/24-008749-003/2024(H5N1)	1339	1857
PB1|PP755595.1|A/cattle/Texas/24-008749-003/2024(H5N1)	1340	1855
PB1|PP755595.1|A/cattle/Texas/24-008749-003/2024(H5N1)	1341	1821
PB1|PP755595.1|A/cattle/Texas/24-008749-003/2024(H5N1)	1342	1821
PB1|PP755595.1|A/cattle/Texas/24-008749-003/2024(H5N1)	1343	1821
PB1|PP755595.1|A/cattle/Texas/24-008749-003/2024(H5N1)	1344	1818
PB1|PP755595.1|A/cattle/Texas/24-008749-003/2024(H5N1)	1345	1842
PB1|PP755595.1|A/cattle/Texas/24-008749-003/2024(H5N1)	1346	1842
PB1|PP755595.1|A/cattle/Texas/24-008749-003/2024(H5N1)	1347	1904
PB1|PP755595.1|A/cattle/Texas/24-008749-003/2024(H5N1)	1348	1904
PB1|PP755595.1|A/cattle/Texas/24-008749-003/2024(H5N1)	1349	1904
PB1|PP755595.1|A/cattle/Texas/24-008749-003/2024(H5N1)	1350	1899
PB1|PP755595.1|A/cattle/Texas/24-008749-003/2024(H5N1)	1351	1922
PB1|PP755595.1|A/cattle/Texas/24-008749-003/2024(H5N1)	1352	1962
PB1|PP755595.1|A/cattle/Texas/24-008749-003/2024(H5N1)	1353	1962
PB1|PP755595.1|A/cattle/Texas/24-008749-003/2024(H5N1)	1354	1967
PB1|PP755595.1|A/cattle/Texas/24-008749-003/2024(H5N1)	1355	1975
PB1|PP755595.1|A/cattle/Texas/24-008749-003/2024(H5N1)	1356	1978
PB1|PP755595.1|A/cattle/Texas/24-008749-003/2024(H5N1)	1357	1987
PB1|PP755595.1|A/cattle/Texas/24-008749-003/2024(H5N1)	1358	1987
PB1|PP755595.1|A/cattle/Texas/24-008749-003/2024(H5N1)	1359	1986
PB1|PP755595.1|A/cattle/Texas/24-008749-003/2024(H5N1)	1360	1989
PB1|PP755595.1|A/cattle/Texas/24-008749-003/2024(H5N1)	1361	1989
PB1|PP755595.1|A/cattle/Texas/24-008749-003/2024(H5N1)	1362	1993
PB1|PP755595.1|A/cattle/Texas/24-008749-003/2024(H5N1)	1363	2215
PB1|PP755595.1|A/cattle/Texas/24-008749-003/2024(H5N1)	1364	2225
PB1|PP755595.1|A/cattle/Texas/24-008749-003/2024(H5N1)	1365	2244
PB1|PP755595.1|A/cattle/Texas/24-008749-003/2024(H5N1)	1366	2250
PB1|PP755595.1|A/cattle/Texas/24-008749-003/2024(H5N1)	1367	2250
PB1|PP755595.1|A/cattle/Texas/24-008749-003/2024(H5N1)	1368	2255
PB1|PP755595.1|A/cattle/Texas/24-008749-003/2024(H5N1)	1369	2257
PB1|PP755595.1|A/cattle/Texas/24-008749-003/2024(H5N1)	1370	2268
PB1|PP755595.1|A/cattle/Texas/24-008749-003/2024(H5N1)	1371	2281
PB1|PP755595.1|A/cattle/Texas/24-008749-003/2024(H5N1)	1372	2362
PB1|PP755595.1|A/cattle/Texas/24-008749-003/2024(H5N1)	1373	2394
PB1|PP755595.1|A/cattle/Texas/24-008749-003/2024(H5N1)	1374	2389
PB1|PP755595.1|A/cattle/Texas/24-008749-003/2024(H5N1)	1375	2492
PB1|PP755595.1|A/cattle/Texas/24-008749-003/2024(H5N1)	1376	2493
PB1|PP755595.1|A/cattle/Texas/24-008749-003/2024(H5N1)	1377	2493
PB1|PP755595.1|A/cattle/Texas/24-008749-003/2024(H5N1)	1378	2484
PB1|PP755595.1|A/cattle/Texas/24-008749-003/2024(H5N1)	1379	2508
PB1|PP755595.1|A/cattle/Texas/24-008749-003/2024(H5N1)	1380	2503
PB1|PP755595.1|A/cattle/Texas/24-008749-003/2024(H5N1)	1381	2502
PB1|PP755595.1|A/cattle/Texas/24-008749-003/2024(H5N1)	1382	2506
PB1|PP755595.1|A/cattle/Texas/24-008749-003/2024(H5N1)	1383	2496
PB1|PP755595.1|A/cattle/Texas/24-008749-003/2024(H5N1)	1384	2535
PB1|PP755595.1|A/cattle/Texas/24-008749-003/2024(H5N1)	1385	2562
PB1|PP755595.1|A/cattle/Texas/24-008749-003/2024(H5N1)	1386	2532
PB1|PP755595.1|A/cattle/Texas/24-008749-003/2024(H5N1)	1387	2521
PB1|PP755595.1|A/cattle/Texas/24-008749-003/2024(H5N1)	1388	2502
PB1|PP755595.1|A/cattle/Texas/24-008749-003/2024(H5N1)	1389	2138
PB1|PP755595.1|A/cattle/Texas/24-008749-003/2024(H5N1)	1390	2153
PB1|PP755595.1|A/cattle/Texas/24-008749-003/2024(H5N1)	1391	2135
PB1|PP755595.1|A/cattle/Texas/24-008749-003/2024(H5N1)	1392	2135
PB1|PP755595.1|A/cattle/Texas/24-008749-003/2024(H5N1)	1393	2141
PB1|PP755595.1|A/cattle/Texas/24-008749-003/2024(H5N1)	1394	2174
PB1|PP755595.1|A/cattle/Texas/24-008749-003/2024(H5N1)	1395	2385
PB1|PP755595.1|A/cattle/Texas/24-008749-003/2024(H5N1)	1396	2545
PB1|PP755595.1|A/cattle/Texas/24-008749-003/2024(H5N1)	1397	2546
PB1|PP755595.1|A/cattle/Texas/24-008749-003/2024(H5N1)	1398	2666
PB1|PP755595.1|A/cattle/Texas/24-008749-003/2024(H5N1)	1399	2671
PB1|PP755595.1|A/cattle/Texas/24-008749-003/2024(H5N1)	1400	2671
PB1|PP755595.1|A/cattle/Texas/24-008749-003/2024(H5N1)	1401	2676
PB1|PP755595.1|A/cattle/Texas/24-008749-003/2024(H5N1)	1402	2666
PB1|PP755595.1|A/cattle/Texas/24-008749-003/2024(H5N1)	1403	2503
PB1|PP755595.1|A/cattle/Texas/24-008749-003/2024(H5N1)	1404	2337
PB1|PP755595.1|A/cattle/Texas/24-008749-003/2024(H5N1)	1405	2338
PB1|PP755595.1|A/cattle/Texas/24-008749-003/2024(H5N1)	1406	2359
PB1|PP755595.1|A/cattle/Texas/24-008749-003/2024(H5N1)	1407	2296
PB1|PP755595.1|A/cattle/Texas/24-008749-003/2024(H5N1)	1408	2289
PB1|PP755595.1|A/cattle/Texas/24-008749-003/2024(H5N1)	1409	2289
PB1|PP755595.1|A/cattle/Texas/24-008749-003/2024(H5N1)	1410	2287
PB1|PP755595.1|A/cattle/Texas/24-008749-003/2024(H5N1)	1411	2287
PB1|PP755595.1|A/cattle/Texas/24-008749-003/2024(H5N1)	1412	2284
PB1|PP755595.1|A/cattle/Texas/24-008749-003/2024(H5N1)	1413	2225
PB1|PP755595.1|A/cattle/Texas/24-008749-003/2024(H5N1)	1414	2225
PB1|PP755595.1|A/cattle/Texas/24-008749-003/2024(H5N1)	1415	2210
PB1|PP755595.1|A/cattle/Texas/24-008749-003/2024(H5N1)	1416	2199
PB1|PP755595.1|A/cattle/Texas/24-008749-003/2024(H5N1)	1417	2205
PB1|PP755595.1|A/cattle/Texas/24-008749-003/2024(H5N1)	1418	2205
PB1|PP755595.1|A/cattle/Texas/24-008749-003/2024(H5N1)	1419	2191
PB1|PP755595.1|A/cattle/Texas/24-008749-003/2024(H5N1)	1420	2191
PB1|PP755595.1|A/cattle/Texas/24-008749-003/2024(H5N1)	1421	2235
PB1|PP755595.1|A/cattle/Texas/24-008749-003/2024(H5N1)	1422	2244
PB1|PP755595.1|A/cattle/Texas/24-008749-003/2024(H5N1)	1423	2506
PB1|PP755595.1|A/cattle/Texas/24-008749-003/2024(H5N1)	1424	2530
PB1|PP755595.1|A/cattle/Texas/24-008749-003/2024(H5N1)	1425	2541
PB1|PP755595.1|A/cattle/Texas/24-008749-003/2024(H5N1)	1426	2547
PB1|PP755595.1|A/cattle/Texas/24-008749-003/2024(H5N1)	1427	2570
PB1|PP755595.1|A/cattle/Texas/24-008749-003/2024(H5N1)	1428	2571
PB1|PP755595.1|A/cattle/Texas/24-008749-003/2024(H5N1)	1429	2594
PB1|PP755595.1|A/cattle/Texas/24-008749-003/2024(H5N1)	1430	2567
PB1|PP755595.1|A/cattle/Texas/24-008749-003/2024(H5N1)	1431	2559
PB1|PP755595.1|A/cattle/Texas/24-008749-003/2024(H5N1)	1432	2556
PB1|PP755595.1|A/cattle/Texas/24-008749-003/2024(H5N1)	1433	2555
PB1|PP755595.1|A/cattle/Texas/24-008749-003/2024(H5N1)	1434	2558
PB1|PP755595.1|A/cattle/Texas/24-008749-003/2024(H5N1)	1435	2616
PB1|PP755595.1|A/cattle/Texas/24-008749-003/2024(H5N1)	1436	2613
PB1|PP755595.1|A/cattle/Texas/24-008749-003/2024(H5N1)	1437	2622
PB1|PP755595.1|A/cattle/Texas/24-008749-003/2024(H5N1)	1438	2615
PB1|PP755595.1|A/cattle/Texas/24-008749-003/2024(H5N1)	1439	2614
PB1|PP755595.1|A/cattle/Texas/24-008749-003/2024(H5N1)	1440	2614
PB1|PP755595.1|A/cattle/Texas/24-008749-003/2024(H5N1)	1441	2621
PB1|PP755595.1|A/cattle/Texas/24-008749-003/2024(H5N1)	1442	2614
PB1|PP755595.1|A/cattle/Texas/24-008749-003/2024(H5N1)	1443	2684
PB1|PP755595.1|A/cattle/Texas/24-008749-003/2024(H5N1)	1444	2717
PB1|PP755595.1|A/cattle/Texas/24-008749-003/2024(H5N1)	1445	2713
PB1|PP755595.1|A/cattle/Texas/24-008749-003/2024(H5N1)	1446	2757
PB1|PP755595.1|A/cattle/Texas/24-008749-003/2024(H5N1)	1447	2786
PB1|PP755595.1|A/cattle/Texas/24-008749-003/2024(H5N1)	1448	2820
PB1|PP755595.1|A/cattle/Texas/24-008749-003/2024(H5N1)	1449	2809
PB1|PP755595.1|A/cattle/Texas/24-008749-003/2024(H5N1)	1450	2810
PB1|PP755595.1|A/cattle/Texas/24-008749-003/2024(H5N1)	1451	2751
PB1|PP755595.1|A/cattle/Texas/24-008749-003/2024(H5N1)	1452	2678
PB1|PP755595.1|A/cattle/Texas/24-008749-003/2024(H5N1)	1453	2687
PB1|PP755595.1|A/cattle/Texas/24-008749-003/2024(H5N1)	1454	2678
PB1|PP755595.1|A/cattle/Texas/24-008749-003/2024(H5N1)	1455	2676
PB1|PP755595.1|A/cattle/Texas/24-008749-003/2024(H5N1)	1456	2658
PB1|PP755595.1|A/cattle/Texas/24-008749-003/2024(H5N1)	1457	2627
PB1|PP755595.1|A/cattle/Texas/24-008749-003/2024(H5N1)	1458	2649
PB1|PP755595.1|A/cattle/Texas/24-008749-003/2024(H5N1)	1459	2669
PB1|PP755595.1|A/cattle/Texas/24-008749-003/2024(H5N1)	1460	2660
PB1|PP755595.1|A/cattle/Texas/24-008749-003/2024(H5N1)	1461	2642
PB1|PP755595.1|A/cattle/Texas/24-008749-003/2024(H5N1)	1462	2648
PB1|PP755595.1|A/cattle/Texas/24-008749-003/2024(H5N1)	1463	2677
PB1|PP755595.1|A/cattle/Texas/24-008749-003/2024(H5N1)	1464	2671
PB1|PP755595.1|A/cattle/Texas/24-008749-003/2024(H5N1)	1465	2710
PB1|PP755595.1|A/cattle/Texas/24-008749-003/2024(H5N1)	1466	2722
PB1|PP755595.1|A/cattle/Texas/24-008749-003/2024(H5N1)	1467	2695
PB1|PP755595.1|A/cattle/Texas/24-008749-003/2024(H5N1)	1468	2696
PB1|PP755595.1|A/cattle/Texas/24-008749-003/2024(H5N1)	1469	2683
PB1|PP755595.1|A/cattle/Texas/24-008749-003/2024(H5N1)	1470	2680
PB1|PP755595.1|A/cattle/Texas/24-008749-003/2024(H5N1)	1471	2675
PB1|PP755595.1|A/cattle/Texas/24-008749-003/2024(H5N1)	1472	2616
PB1|PP755595.1|A/cattle/Texas/24-008749-003/2024(H5N1)	1473	2624
PB1|PP755595.1|A/cattle/Texas/24-008749-003/2024(H5N1)	1474	2655
PB1|PP755595.1|A/cattle/Texas/24-008749-003/2024(H5N1)	1475	2649
PB1|PP755595.1|A/cattle/Texas/24-008749-003/2024(H5N1)	1476	2658
PB1|PP755595.1|A/cattle/Texas/24-008749-003/2024(H5N1)	1477	2659
PB1|PP755595.1|A/cattle/Texas/24-008749-003/2024(H5N1)	1478	2669
PB1|PP755595.1|A/cattle/Texas/24-008749-003/2024(H5N1)	1479	2669
PB1|PP755595.1|A/cattle/Texas/24-008749-003/2024(H5N1)	1480	2682
PB1|PP755595.1|A/cattle/Texas/24-008749-003/2024(H5N1)	1481	2682
PB1|PP755595.1|A/cattle/Texas/24-008749-003/2024(H5N1)	1482	2672
PB1|PP755595.1|A/cattle/Texas/24-008749-003/2024(H5N1)	1483	2676
PB1|PP755595.1|A/cattle/Texas/24-008749-003/2024(H5N1)	1484	2674
PB1|PP755595.1|A/cattle/Texas/24-008749-003/2024(H5N1)	1485	2678
PB1|PP755595.1|A/cattle/Texas/24-008749-003/2024(H5N1)	1486	2714
PB1|PP755595.1|A/cattle/Texas/24-008749-003/2024(H5N1)	1487	2707
PB1|PP755595.1|A/cattle/Texas/24-008749-003/2024(H5N1)	1488	2721
PB1|PP755595.1|A/cattle/Texas/24-008749-003/2024(H5N1)	1489	2709
PB1|PP755595.1|A/cattle/Texas/24-008749-003/2024(H5N1)	1490	2710
PB1|PP755595.1|A/cattle/Texas/24-008749-003/2024(H5N1)	1491	2730
PB1|PP755595.1|A/cattle/Texas/24-008749-003/2024(H5N1)	1492	2740
PB1|PP755595.1|A/cattle/Texas/24-008749-003/2024(H5N1)	1493	2755
PB1|PP755595.1|A/cattle/Texas/24-008749-003/2024(H5N1)	1494	2765
PB1|PP755595.1|A/cattle/Texas/24-008749-003/2024(H5N1)	1495	2765
PB1|PP755595.1|A/cattle/Texas/24-008749-003/2024(H5N1)	1496	2773
PB1|PP755595.1|A/cattle/Texas/24-008749-003/2024(H5N1)	1497	2775
PB1|PP755595.1|A/cattle/Texas/24-008749-003/2024(H5N1)	1498	2728
PB1|PP755595.1|A/cattle/Texas/24-008749-003/2024(H5N1)	1499	2780
PB1|PP755595.1|A/cattle/Texas/24-008749-003/2024(H5N1)	1500	2774
PB1|PP755595.1|A/cattle/Texas/24-008749-003/2024(H5N1)	1501	2774
PB1|PP755595.1|A/cattle/Texas/24-008749-003/2024(H5N1)	1502	2738
PB1|PP755595.1|A/cattle/Texas/24-008749-003/2024(H5N1)	1503	2714
PB1|PP755595.1|A/cattle/Texas/24-008749-003/2024(H5N1)	1504	2720
PB1|PP755595.1|A/cattle/Texas/24-008749-003/2024(H5N1)	1505	2718
PB1|PP755595.1|A/cattle/Texas/24-008749-003/2024(H5N1)	1506	2393
PB1|PP755595.1|A/cattle/Texas/24-008749-003/2024(H5N1)	1507	2404
PB1|PP755595.1|A/cattle/Texas/24-008749-003/2024(H5N1)	1508	2381
PB1|PP755595.1|A/cattle/Texas/24-008749-003/2024(H5N1)	1509	2377
PB1|PP755595.1|A/cattle/Texas/24-008749-003/2024(H5N1)	1510	2389
PB1|PP755595.1|A/cattle/Texas/24-008749-003/2024(H5N1)	1511	2394
PB1|PP755595.1|A/cattle/Texas/24-008749-003/2024(H5N1)	1512	2520
PB1|PP755595.1|A/cattle/Texas/24-008749-003/2024(H5N1)	1513	2559
PB1|PP755595.1|A/cattle/Texas/24-008749-003/2024(H5N1)	1514	2591
PB1|PP755595.1|A/cattle/Texas/24-008749-003/2024(H5N1)	1515	2599
PB1|PP755595.1|A/cattle/Texas/24-008749-003/2024(H5N1)	1516	2599
PB1|PP755595.1|A/cattle/Texas/24-008749-003/2024(H5N1)	1517	2704
PB1|PP755595.1|A/cattle/Texas/24-008749-003/2024(H5N1)	1518	2777
PB1|PP755595.1|A/cattle/Texas/24-008749-003/2024(H5N1)	1519	2786
PB1|PP755595.1|A/cattle/Texas/24-008749-003/2024(H5N1)	1520	2789
PB1|PP755595.1|A/cattle/Texas/24-008749-003/2024(H5N1)	1521	2790
PB1|PP755595.1|A/cattle/Texas/24-008749-003/2024(H5N1)	1522	2796
PB1|PP755595.1|A/cattle/Texas/24-008749-003/2024(H5N1)	1523	2769
PB1|PP755595.1|A/cattle/Texas/24-008749-003/2024(H5N1)	1524	2751
PB1|PP755595.1|A/cattle/Texas/24-008749-003/2024(H5N1)	1525	2826
PB1|PP755595.1|A/cattle/Texas/24-008749-003/2024(H5N1)	1526	2822
PB1|PP755595.1|A/cattle/Texas/24-008749-003/2024(H5N1)	1527	2831
PB1|PP755595.1|A/cattle/Texas/24-008749-003/2024(H5N1)	1528	2864
PB1|PP755595.1|A/cattle/Texas/24-008749-003/2024(H5N1)	1529	2874
PB1|PP755595.1|A/cattle/Texas/24-008749-003/2024(H5N1)	1530	2877
PB1|PP755595.1|A/cattle/Texas/24-008749-003/2024(H5N1)	1531	2887
PB1|PP755595.1|A/cattle/Texas/24-008749-003/2024(H5N1)	1532	2956
PB1|PP755595.1|A/cattle/Texas/24-008749-003/2024(H5N1)	1533	2889
PB1|PP755595.1|A/cattle/Texas/24-008749-003/2024(H5N1)	1534	2870
PB1|PP755595.1|A/cattle/Texas/24-008749-003/2024(H5N1)	1535	2870
PB1|PP755595.1|A/cattle/Texas/24-008749-003/2024(H5N1)	1536	2844
PB1|PP755595.1|A/cattle/Texas/24-008749-003/2024(H5N1)	1537	2844
PB1|PP755595.1|A/cattle/Texas/24-008749-003/2024(H5N1)	1538	2806
PB1|PP755595.1|A/cattle/Texas/24-008749-003/2024(H5N1)	1539	2838
PB1|PP755595.1|A/cattle/Texas/24-008749-003/2024(H5N1)	1540	2797
PB1|PP755595.1|A/cattle/Texas/24-008749-003/2024(H5N1)	1541	2807
PB1|PP755595.1|A/cattle/Texas/24-008749-003/2024(H5N1)	1542	2813
PB1|PP755595.1|A/cattle/Texas/24-008749-003/2024(H5N1)	1543	2830
PB1|PP755595.1|A/cattle/Texas/24-008749-003/2024(H5N1)	1544	2602
PB1|PP755595.1|A/cattle/Texas/24-008749-003/2024(H5N1)	1545	2599
PB1|PP755595.1|A/cattle/Texas/24-008749-003/2024(H5N1)	1546	2600
PB1|PP755595.1|A/cattle/Texas/24-008749-003/2024(H5N1)	1547	2612
PB1|PP755595.1|A/cattle/Texas/24-008749-003/2024(H5N1)	1548	2621
PB1|PP755595.1|A/cattle/Texas/24-008749-003/2024(H5N1)	1549	2534
PB1|PP755595.1|A/cattle/Texas/24-008749-003/2024(H5N1)	1550	2529
PB1|PP755595.1|A/cattle/Texas/24-008749-003/2024(H5N1)	1551	2562
PB1|PP755595.1|A/cattle/Texas/24-008749-003/2024(H5N1)	1552	2550
PB1|PP755595.1|A/cattle/Texas/24-008749-003/2024(H5N1)	1553	2553
PB1|PP755595.1|A/cattle/Texas/24-008749-003/2024(H5N1)	1554	2552
PB1|PP755595.1|A/cattle/Texas/24-008749-003/2024(H5N1)	1555	2549
PB1|PP755595.1|A/cattle/Texas/24-008749-003/2024(H5N1)	1556	2533
PB1|PP755595.1|A/cattle/Texas/24-008749-003/2024(H5N1)	1557	2473
PB1|PP755595.1|A/cattle/Texas/24-008749-003/2024(H5N1)	1558	2464
PB1|PP755595.1|A/cattle/Texas/24-008749-003/2024(H5N1)	1559	2443
PB1|PP755595.1|A/cattle/Texas/24-008749-003/2024(H5N1)	1560	2412
PB1|PP755595.1|A/cattle/Texas/24-008749-003/2024(H5N1)	1561	2441
PB1|PP755595.1|A/cattle/Texas/24-008749-003/2024(H5N1)	1562	2450
PB1|PP755595.1|A/cattle/Texas/24-008749-003/2024(H5N1)	1563	2450
PB1|PP755595.1|A/cattle/Texas/24-008749-003/2024(H5N1)	1564	2580
PB1|PP755595.1|A/cattle/Texas/24-008749-003/2024(H5N1)	1565	2586
PB1|PP755595.1|A/cattle/Texas/24-008749-003/2024(H5N1)	1566	2607
PB1|PP755595.1|A/cattle/Texas/24-008749-003/2024(H5N1)	1567	2608
PB1|PP755595.1|A/cattle/Texas/24-008749-003/2024(H5N1)	1568	2601
PB1|PP755595.1|A/cattle/Texas/24-008749-003/2024(H5N1)	1569	2610
PB1|PP755595.1|A/cattle/Texas/24-008749-003/2024(H5N1)	1570	2570
PB1|PP755595.1|A/cattle/Texas/24-008749-003/2024(H5N1)	1571	2602
PB1|PP755595.1|A/cattle/Texas/24-008749-003/2024(H5N1)	1572	2573
PB1|PP755595.1|A/cattle/Texas/24-008749-003/2024(H5N1)	1573	2499
PB1|PP755595.1|A/cattle/Texas/24-008749-003/2024(H5N1)	1574	2482
PB1|PP755595.1|A/cattle/Texas/24-008749-003/2024(H5N1)	1575	2456
PB1|PP755595.1|A/cattle/Texas/24-008749-003/2024(H5N1)	1576	2451
PB1|PP755595.1|A/cattle/Texas/24-008749-003/2024(H5N1)	1577	2446
PB1|PP755595.1|A/cattle/Texas/24-008749-003/2024(H5N1)	1578	2421
PB1|PP755595.1|A/cattle/Texas/24-008749-003/2024(H5N1)	1579	2421
PB1|PP755595.1|A/cattle/Texas/24-008749-003/2024(H5N1)	1580	2398
PB1|PP755595.1|A/cattle/Texas/24-008749-003/2024(H5N1)	1581	2396
PB1|PP755595.1|A/cattle/Texas/24-008749-003/2024(H5N1)	1582	2477
PB1|PP755595.1|A/cattle/Texas/24-008749-003/2024(H5N1)	1583	2509
PB1|PP755595.1|A/cattle/Texas/24-008749-003/2024(H5N1)	1584	2507
PB1|PP755595.1|A/cattle/Texas/24-008749-003/2024(H5N1)	1585	2574
PB1|PP755595.1|A/cattle/Texas/24-008749-003/2024(H5N1)	1586	2553
PB1|PP755595.1|A/cattle/Texas/24-008749-003/2024(H5N1)	1587	2554
PB1|PP755595.1|A/cattle/Texas/24-008749-003/2024(H5N1)	1588	2556
PB1|PP755595.1|A/cattle/Texas/24-008749-003/2024(H5N1)	1589	2554
PB1|PP755595.1|A/cattle/Texas/24-008749-003/2024(H5N1)	1590	2555
PB1|PP755595.1|A/cattle/Texas/24-008749-003/2024(H5N1)	1591	2558
PB1|PP755595.1|A/cattle/Texas/24-008749-003/2024(H5N1)	1592	2531
PB1|PP755595.1|A/cattle/Texas/24-008749-003/2024(H5N1)	1593	2536
PB1|PP755595.1|A/cattle/Texas/24-008749-003/2024(H5N1)	1594	2450
PB1|PP755595.1|A/cattle/Texas/24-008749-003/2024(H5N1)	1595	2448
PB1|PP755595.1|A/cattle/Texas/24-008749-003/2024(H5N1)	1596	2449
PB1|PP755595.1|A/cattle/Texas/24-008749-003/2024(H5N1)	1597	2388
PB1|PP755595.1|A/cattle/Texas/24-008749-003/2024(H5N1)	1598	2364
PB1|PP755595.1|A/cattle/Texas/24-008749-003/2024(H5N1)	1599	2422
PB1|PP755595.1|A/cattle/Texas/24-008749-003/2024(H5N1)	1600	2425
PB1|PP755595.1|A/cattle/Texas/24-008749-003/2024(H5N1)	1601	2422
PB1|PP755595.1|A/cattle/Texas/24-008749-003/2024(H5N1)	1602	2393
PB1|PP755595.1|A/cattle/Texas/24-008749-003/2024(H5N1)	1603	2391
PB1|PP755595.1|A/cattle/Texas/24-008749-003/2024(H5N1)	1604	2389
PB1|PP755595.1|A/cattle/Texas/24-008749-003/2024(H5N1)	1605	2378
PB1|PP755595.1|A/cattle/Texas/24-008749-003/2024(H5N1)	1606	2401
PB1|PP755595.1|A/cattle/Texas/24-008749-003/2024(H5N1)	1607	2403
PB1|PP755595.1|A/cattle/Texas/24-008749-003/2024(H5N1)	1608	2383
PB1|PP755595.1|A/cattle/Texas/24-008749-003/2024(H5N1)	1609	2339
PB1|PP755595.1|A/cattle/Texas/24-008749-003/2024(H5N1)	1610	2339
PB1|PP755595.1|A/cattle/Texas/24-008749-003/2024(H5N1)	1611	2320
PB1|PP755595.1|A/cattle/Texas/24-008749-003/2024(H5N1)	1612	2317
PB1|PP755595.1|A/cattle/Texas/24-008749-003/2024(H5N1)	1613	2309
PB1|PP755595.1|A/cattle/Texas/24-008749-003/2024(H5N1)	1614	2278
PB1|PP755595.1|A/cattle/Texas/24-008749-003/2024(H5N1)	1615	2332
PB1|PP755595.1|A/cattle/Texas/24-008749-003/2024(H5N1)	1616	2292
PB1|PP755595.1|A/cattle/Texas/24-008749-003/2024(H5N1)	1617	2280
PB1|PP755595.1|A/cattle/Texas/24-008749-003/2024(H5N1)	1618	2282
PB1|PP755595.1|A/cattle/Texas/24-008749-003/2024(H5N1)	1619	2285
PB1|PP755595.1|A/cattle/Texas/24-008749-003/2024(H5N1)	1620	2318
PB1|PP755595.1|A/cattle/Texas/24-008749-003/2024(H5N1)	1621	2315
PB1|PP755595.1|A/cattle/Texas/24-008749-003/2024(H5N1)	1622	2278
PB1|PP755595.1|A/cattle/Texas/24-008749-003/2024(H5N1)	1623	2214
PB1|PP755595.1|A/cattle/Texas/24-008749-003/2024(H5N1)	1624	2211
PB1|PP755595.1|A/cattle/Texas/24-008749-003/2024(H5N1)	1625	2252
PB1|PP755595.1|A/cattle/Texas/24-008749-003/2024(H5N1)	1626	2251
PB1|PP755595.1|A/cattle/Texas/24-008749-003/2024(H5N1)	1627	2238
PB1|PP755595.1|A/cattle/Texas/24-008749-003/2024(H5N1)	1628	2230
PB1|PP755595.1|A/cattle/Texas/24-008749-003/2024(H5N1)	1629	2189
PB1|PP755595.1|A/cattle/Texas/24-008749-003/2024(H5N1)	1630	2188
PB1|PP755595.1|A/cattle/Texas/24-008749-003/2024(H5N1)	1631	2163
PB1|PP755595.1|A/cattle/Texas/24-008749-003/2024(H5N1)	1632	2152
PB1|PP755595.1|A/cattle/Texas/24-008749-003/2024(H5N1)	1633	2151
PB1|PP755595.1|A/cattle/Texas/24-008749-003/2024(H5N1)	1634	2144
PB1|PP755595.1|A/cattle/Texas/24-008749-003/2024(H5N1)	1635	2143
PB1|PP755595.1|A/cattle/Texas/24-008749-003/2024(H5N1)	1636	2140
PB1|PP755595.1|A/cattle/Texas/24-008749-003/2024(H5N1)	1637	2110
PB1|PP755595.1|A/cattle/Texas/24-008749-003/2024(H5N1)	1638	2108
PB1|PP755595.1|A/cattle/Texas/24-008749-003/2024(H5N1)	1639	2074
PB1|PP755595.1|A/cattle/Texas/24-008749-003/2024(H5N1)	1640	2067
PB1|PP755595.1|A/cattle/Texas/24-008749-003/2024(H5N1)	1641	1932
PB1|PP755595.1|A/cattle/Texas/24-008749-003/2024(H5N1)	1642	1891
PB1|PP755595.1|A/cattle/Texas/24-008749-003/2024(H5N1)	1643	1886
PB1|PP755595.1|A/cattle/Texas/24-008749-003/2024(H5N1)	1644	1886
PB1|PP755595.1|A/cattle/Texas/24-008749-003/2024(H5N1)	1645	1886
PB1|PP755595.1|A/cattle/Texas/24-008749-003/2024(H5N1)	1646	1886
PB1|PP755595.1|A/cattle/Texas/24-008749-003/2024(H5N1)	1647	1880
PB1|PP755595.1|A/cattle/Texas/24-008749-003/2024(H5N1)	1648	2062
PB1|PP755595.1|A/cattle/Texas/24-008749-003/2024(H5N1)	1649	2064
PB1|PP755595.1|A/cattle/Texas/24-008749-003/2024(H5N1)	1650	2094
PB1|PP755595.1|A/cattle/Texas/24-008749-003/2024(H5N1)	1651	2096
PB1|PP755595.1|A/cattle/Texas/24-008749-003/2024(H5N1)	1652	2098
PB1|PP755595.1|A/cattle/Texas/24-008749-003/2024(H5N1)	1653	2100
PB1|PP755595.1|A/cattle/Texas/24-008749-003/2024(H5N1)	1654	2079
PB1|PP755595.1|A/cattle/Texas/24-008749-003/2024(H5N1)	1655	2069
PB1|PP755595.1|A/cattle/Texas/24-008749-003/2024(H5N1)	1656	2061
PB1|PP755595.1|A/cattle/Texas/24-008749-003/2024(H5N1)	1657	2060
PB1|PP755595.1|A/cattle/Texas/24-008749-003/2024(H5N1)	1658	2046
PB1|PP755595.1|A/cattle/Texas/24-008749-003/2024(H5N1)	1659	2038
PB1|PP755595.1|A/cattle/Texas/24-008749-003/2024(H5N1)	1660	2081
PB1|PP755595.1|A/cattle/Texas/24-008749-003/2024(H5N1)	1661	2080
PB1|PP755595.1|A/cattle/Texas/24-008749-003/2024(H5N1)	1662	2079
PB1|PP755595.1|A/cattle/Texas/24-008749-003/2024(H5N1)	1663	1957
PB1|PP755595.1|A/cattle/Texas/24-008749-003/2024(H5N1)	1664	1956
PB1|PP755595.1|A/cattle/Texas/24-008749-003/2024(H5N1)	1665	1927
PB1|PP755595.1|A/cattle/Texas/24-008749-003/2024(H5N1)	1666	1921
PB1|PP755595.1|A/cattle/Texas/24-008749-003/2024(H5N1)	1667	1920
PB1|PP755595.1|A/cattle/Texas/24-008749-003/2024(H5N1)	1668	1822
PB1|PP755595.1|A/cattle/Texas/24-008749-003/2024(H5N1)	1669	1756
PB1|PP755595.1|A/cattle/Texas/24-008749-003/2024(H5N1)	1670	1749
PB1|PP755595.1|A/cattle/Texas/24-008749-003/2024(H5N1)	1671	1742
PB1|PP755595.1|A/cattle/Texas/24-008749-003/2024(H5N1)	1672	1741
PB1|PP755595.1|A/cattle/Texas/24-008749-003/2024(H5N1)	1673	1719
PB1|PP755595.1|A/cattle/Texas/24-008749-003/2024(H5N1)	1674	1570
PB1|PP755595.1|A/cattle/Texas/24-008749-003/2024(H5N1)	1675	1572
PB1|PP755595.1|A/cattle/Texas/24-008749-003/2024(H5N1)	1676	1535
PB1|PP755595.1|A/cattle/Texas/24-008749-003/2024(H5N1)	1677	1529
PB1|PP755595.1|A/cattle/Texas/24-008749-003/2024(H5N1)	1678	1930
PB1|PP755595.1|A/cattle/Texas/24-008749-003/2024(H5N1)	1679	1930
PB1|PP755595.1|A/cattle/Texas/24-008749-003/2024(H5N1)	1680	1901
PB1|PP755595.1|A/cattle/Texas/24-008749-003/2024(H5N1)	1681	1899
PB1|PP755595.1|A/cattle/Texas/24-008749-003/2024(H5N1)	1682	1893
PB1|PP755595.1|A/cattle/Texas/24-008749-003/2024(H5N1)	1683	1834
PB1|PP755595.1|A/cattle/Texas/24-008749-003/2024(H5N1)	1684	1899
PB1|PP755595.1|A/cattle/Texas/24-008749-003/2024(H5N1)	1685	1899
PB1|PP755595.1|A/cattle/Texas/24-008749-003/2024(H5N1)	1686	1900
PB1|PP755595.1|A/cattle/Texas/24-008749-003/2024(H5N1)	1687	1899
PB1|PP755595.1|A/cattle/Texas/24-008749-003/2024(H5N1)	1688	1898
PB1|PP755595.1|A/cattle/Texas/24-008749-003/2024(H5N1)	1689	1854
PB1|PP755595.1|A/cattle/Texas/24-008749-003/2024(H5N1)	1690	1854
PB1|PP755595.1|A/cattle/Texas/24-008749-003/2024(H5N1)	1691	1849
PB1|PP755595.1|A/cattle/Texas/24-008749-003/2024(H5N1)	1692	1769
PB1|PP755595.1|A/cattle/Texas/24-008749-003/2024(H5N1)	1693	1813
PB1|PP755595.1|A/cattle/Texas/24-008749-003/2024(H5N1)	1694	1805
PB1|PP755595.1|A/cattle/Texas/24-008749-003/2024(H5N1)	1695	1806
PB1|PP755595.1|A/cattle/Texas/24-008749-003/2024(H5N1)	1696	1808
PB1|PP755595.1|A/cattle/Texas/24-008749-003/2024(H5N1)	1697	1791
PB1|PP755595.1|A/cattle/Texas/24-008749-003/2024(H5N1)	1698	1787
PB1|PP755595.1|A/cattle/Texas/24-008749-003/2024(H5N1)	1699	1780
PB1|PP755595.1|A/cattle/Texas/24-008749-003/2024(H5N1)	1700	1759
PB1|PP755595.1|A/cattle/Texas/24-008749-003/2024(H5N1)	1701	1769
PB1|PP755595.1|A/cattle/Texas/24-008749-003/2024(H5N1)	1702	1747
PB1|PP755595.1|A/cattle/Texas/24-008749-003/2024(H5N1)	1703	1749
PB1|PP755595.1|A/cattle/Texas/24-008749-003/2024(H5N1)	1704	1745
PB1|PP755595.1|A/cattle/Texas/24-008749-003/2024(H5N1)	1705	1745
PB1|PP755595.1|A/cattle/Texas/24-008749-003/2024(H5N1)	1706	1738
PB1|PP755595.1|A/cattle/Texas/24-008749-003/2024(H5N1)	1707	1725
PB1|PP755595.1|A/cattle/Texas/24-008749-003/2024(H5N1)	1708	1709
PB1|PP755595.1|A/cattle/Texas/24-008749-003/2024(H5N1)	1709	1692
PB1|PP755595.1|A/cattle/Texas/24-008749-003/2024(H5N1)	1710	1679
PB1|PP755595.1|A/cattle/Texas/24-008749-003/2024(H5N1)	1711	1697
PB1|PP755595.1|A/cattle/Texas/24-008749-003/2024(H5N1)	1712	1670
PB1|PP755595.1|A/cattle/Texas/24-008749-003/2024(H5N1)	1713	1672
PB1|PP755595.1|A/cattle/Texas/24-008749-003/2024(H5N1)	1714	1661
PB1|PP755595.1|A/cattle/Texas/24-008749-003/2024(H5N1)	1715	1606
PB1|PP755595.1|A/cattle/Texas/24-008749-003/2024(H5N1)	1716	1599
PB1|PP755595.1|A/cattle/Texas/24-008749-003/2024(H5N1)	1717	1621
PB1|PP755595.1|A/cattle/Texas/24-008749-003/2024(H5N1)	1718	1625
PB1|PP755595.1|A/cattle/Texas/24-008749-003/2024(H5N1)	1719	1614
PB1|PP755595.1|A/cattle/Texas/24-008749-003/2024(H5N1)	1720	1612
PB1|PP755595.1|A/cattle/Texas/24-008749-003/2024(H5N1)	1721	1609
PB1|PP755595.1|A/cattle/Texas/24-008749-003/2024(H5N1)	1722	1570
PB1|PP755595.1|A/cattle/Texas/24-008749-003/2024(H5N1)	1723	1568
PB1|PP755595.1|A/cattle/Texas/24-008749-003/2024(H5N1)	1724	1554
PB1|PP755595.1|A/cattle/Texas/24-008749-003/2024(H5N1)	1725	1552
PB1|PP755595.1|A/cattle/Texas/24-008749-003/2024(H5N1)	1726	1506
PB1|PP755595.1|A/cattle/Texas/24-008749-003/2024(H5N1)	1727	1483
PB1|PP755595.1|A/cattle/Texas/24-008749-003/2024(H5N1)	1728	1481
PB1|PP755595.1|A/cattle/Texas/24-008749-003/2024(H5N1)	1729	1479
PB1|PP755595.1|A/cattle/Texas/24-008749-003/2024(H5N1)	1730	1474
PB1|PP755595.1|A/cattle/Texas/24-008749-003/2024(H5N1)	1731	1262
PB1|PP755595.1|A/cattle/Texas/24-008749-003/2024(H5N1)	1732	1259
PB1|PP755595.1|A/cattle/Texas/24-008749-003/2024(H5N1)	1733	1247
PB1|PP755595.1|A/cattle/Texas/24-008749-003/2024(H5N1)	1734	1223
PB1|PP755595.1|A/cattle/Texas/24-008749-003/2024(H5N1)	1735	1169
PB1|PP755595.1|A/cattle/Texas/24-008749-003/2024(H5N1)	1736	1169
PB1|PP755595.1|A/cattle/Texas/24-008749-003/2024(H5N1)	1737	1155
PB1|PP755595.1|A/cattle/Texas/24-008749-003/2024(H5N1)	1738	1289
PB1|PP755595.1|A/cattle/Texas/24-008749-003/2024(H5N1)	1739	1289
PB1|PP755595.1|A/cattle/Texas/24-008749-003/2024(H5N1)	1740	1289
PB1|PP755595.1|A/cattle/Texas/24-008749-003/2024(H5N1)	1741	1289
PB1|PP755595.1|A/cattle/Texas/24-008749-003/2024(H5N1)	1742	1289
PB1|PP755595.1|A/cattle/Texas/24-008749-003/2024(H5N1)	1743	1289
PB1|PP755595.1|A/cattle/Texas/24-008749-003/2024(H5N1)	1744	1289
PB1|PP755595.1|A/cattle/Texas/24-008749-003/2024(H5N1)	1745	1289
PB1|PP755595.1|A/cattle/Texas/24-008749-003/2024(H5N1)	1746	1289
PB1|PP755595.1|A/cattle/Texas/24-008749-003/2024(H5N1)	1747	1289
PB1|PP755595.1|A/cattle/Texas/24-008749-003/2024(H5N1)	1748	1289
PB1|PP755595.1|A/cattle/Texas/24-008749-003/2024(H5N1)	1749	1289
PB1|PP755595.1|A/cattle/Texas/24-008749-003/2024(H5N1)	1750	1286
PB1|PP755595.1|A/cattle/Texas/24-008749-003/2024(H5N1)	1751	1286
PB1|PP755595.1|A/cattle/Texas/24-008749-003/2024(H5N1)	1752	1262
PB1|PP755595.1|A/cattle/Texas/24-008749-003/2024(H5N1)	1753	1262
PB1|PP755595.1|A/cattle/Texas/24-008749-003/2024(H5N1)	1754	1262
PB1|PP755595.1|A/cattle/Texas/24-008749-003/2024(H5N1)	1755	1262
PB1|PP755595.1|A/cattle/Texas/24-008749-003/2024(H5N1)	1756	1262
PB1|PP755595.1|A/cattle/Texas/24-008749-003/2024(H5N1)	1757	1262
PB1|PP755595.1|A/cattle/Texas/24-008749-003/2024(H5N1)	1758	1065
PB1|PP755595.1|A/cattle/Texas/24-008749-003/2024(H5N1)	1759	1065
PB1|PP755595.1|A/cattle/Texas/24-008749-003/2024(H5N1)	1760	1233
PB1|PP755595.1|A/cattle/Texas/24-008749-003/2024(H5N1)	1761	1232
PB1|PP755595.1|A/cattle/Texas/24-008749-003/2024(H5N1)	1762	1260
PB1|PP755595.1|A/cattle/Texas/24-008749-003/2024(H5N1)	1763	1266
PB1|PP755595.1|A/cattle/Texas/24-008749-003/2024(H5N1)	1764	1265
PB1|PP755595.1|A/cattle/Texas/24-008749-003/2024(H5N1)	1765	1265
PB1|PP755595.1|A/cattle/Texas/24-008749-003/2024(H5N1)	1766	1265
PB1|PP755595.1|A/cattle/Texas/24-008749-003/2024(H5N1)	1767	1265
PB1|PP755595.1|A/cattle/Texas/24-008749-003/2024(H5N1)	1768	1265
PB1|PP755595.1|A/cattle/Texas/24-008749-003/2024(H5N1)	1769	1265
PB1|PP755595.1|A/cattle/Texas/24-008749-003/2024(H5N1)	1770	1265
PB1|PP755595.1|A/cattle/Texas/24-008749-003/2024(H5N1)	1771	1265
PB1|PP755595.1|A/cattle/Texas/24-008749-003/2024(H5N1)	1772	1265
PB1|PP755595.1|A/cattle/Texas/24-008749-003/2024(H5N1)	1773	1265
PB1|PP755595.1|A/cattle/Texas/24-008749-003/2024(H5N1)	1774	1357
PB1|PP755595.1|A/cattle/Texas/24-008749-003/2024(H5N1)	1775	1360
PB1|PP755595.1|A/cattle/Texas/24-008749-003/2024(H5N1)	1776	1362
PB1|PP755595.1|A/cattle/Texas/24-008749-003/2024(H5N1)	1777	1362
PB1|PP755595.1|A/cattle/Texas/24-008749-003/2024(H5N1)	1778	1362
PB1|PP755595.1|A/cattle/Texas/24-008749-003/2024(H5N1)	1779	1355
PB1|PP755595.1|A/cattle/Texas/24-008749-003/2024(H5N1)	1780	1343
PB1|PP755595.1|A/cattle/Texas/24-008749-003/2024(H5N1)	1781	1334
PB1|PP755595.1|A/cattle/Texas/24-008749-003/2024(H5N1)	1782	1311
PB1|PP755595.1|A/cattle/Texas/24-008749-003/2024(H5N1)	1783	1311
PB1|PP755595.1|A/cattle/Texas/24-008749-003/2024(H5N1)	1784	1305
PB1|PP755595.1|A/cattle/Texas/24-008749-003/2024(H5N1)	1785	1292
PB1|PP755595.1|A/cattle/Texas/24-008749-003/2024(H5N1)	1786	1292
PB1|PP755595.1|A/cattle/Texas/24-008749-003/2024(H5N1)	1787	1292
PB1|PP755595.1|A/cattle/Texas/24-008749-003/2024(H5N1)	1788	1292
PB1|PP755595.1|A/cattle/Texas/24-008749-003/2024(H5N1)	1789	1292
PB1|PP755595.1|A/cattle/Texas/24-008749-003/2024(H5N1)	1790	1325
PB1|PP755595.1|A/cattle/Texas/24-008749-003/2024(H5N1)	1791	1309
PB1|PP755595.1|A/cattle/Texas/24-008749-003/2024(H5N1)	1792	1304
PB1|PP755595.1|A/cattle/Texas/24-008749-003/2024(H5N1)	1793	1278
PB1|PP755595.1|A/cattle/Texas/24-008749-003/2024(H5N1)	1794	1277
PB1|PP755595.1|A/cattle/Texas/24-008749-003/2024(H5N1)	1795	1277
PB1|PP755595.1|A/cattle/Texas/24-008749-003/2024(H5N1)	1796	1273
PB1|PP755595.1|A/cattle/Texas/24-008749-003/2024(H5N1)	1797	1271
PB1|PP755595.1|A/cattle/Texas/24-008749-003/2024(H5N1)	1798	1207
PB1|PP755595.1|A/cattle/Texas/24-008749-003/2024(H5N1)	1799	1205
PB1|PP755595.1|A/cattle/Texas/24-008749-003/2024(H5N1)	1800	39
PB1|PP755595.1|A/cattle/Texas/24-008749-003/2024(H5N1)	1801	39
PB1|PP755595.1|A/cattle/Texas/24-008749-003/2024(H5N1)	1802	39
PB1|PP755595.1|A/cattle/Texas/24-008749-003/2024(H5N1)	1803	39
PB1|PP755595.1|A/cattle/Texas/24-008749-003/2024(H5N1)	1804	39
PB1|PP755595.1|A/cattle/Texas/24-008749-003/2024(H5N1)	1805	39
PB1|PP755595.1|A/cattle/Texas/24-008749-003/2024(H5N1)	1806	39
PB1|PP755595.1|A/cattle/Texas/24-008749-003/2024(H5N1)	1807	39
PB1|PP755595.1|A/cattle/Texas/24-008749-003/2024(H5N1)	1808	39
PB1|PP755595.1|A/cattle/Texas/24-008749-003/2024(H5N1)	1809	39
PB1|PP755595.1|A/cattle/Texas/24-008749-003/2024(H5N1)	1810	39
PB1|PP755595.1|A/cattle/Texas/24-008749-003/2024(H5N1)	1811	39
PB1|PP755595.1|A/cattle/Texas/24-008749-003/2024(H5N1)	1812	39
PB1|PP755595.1|A/cattle/Texas/24-008749-003/2024(H5N1)	1813	39
PB1|PP755595.1|A/cattle/Texas/24-008749-003/2024(H5N1)	1814	39
PB1|PP755595.1|A/cattle/Texas/24-008749-003/2024(H5N1)	1815	39
PB1|PP755595.1|A/cattle/Texas/24-008749-003/2024(H5N1)	1816	39
PB1|PP755595.1|A/cattle/Texas/24-008749-003/2024(H5N1)	1817	39
PB1|PP755595.1|A/cattle/Texas/24-008749-003/2024(H5N1)	1818	38
PB1|PP755595.1|A/cattle/Texas/24-008749-003/2024(H5N1)	1819	38
PB1|PP755595.1|A/cattle/Texas/24-008749-003/2024(H5N1)	1820	38
PB1|PP755595.1|A/cattle/Texas/24-008749-003/2024(H5N1)	1821	37
PB1|PP755595.1|A/cattle/Texas/24-008749-003/2024(H5N1)	1822	37
PB1|PP755595.1|A/cattle/Texas/24-008749-003/2024(H5N1)	1823	37
PB1|PP755595.1|A/cattle/Texas/24-008749-003/2024(H5N1)	1824	37
PB1|PP755595.1|A/cattle/Texas/24-008749-003/2024(H5N1)	1825	103
PB1|PP755595.1|A/cattle/Texas/24-008749-003/2024(H5N1)	1826	104
PB1|PP755595.1|A/cattle/Texas/24-008749-003/2024(H5N1)	1827	104
PB1|PP755595.1|A/cattle/Texas/24-008749-003/2024(H5N1)	1828	104
PB1|PP755595.1|A/cattle/Texas/24-008749-003/2024(H5N1)	1829	104
PB1|PP755595.1|A/cattle/Texas/24-008749-003/2024(H5N1)	1830	104
PB1|PP755595.1|A/cattle/Texas/24-008749-003/2024(H5N1)	1831	104
PB1|PP755595.1|A/cattle/Texas/24-008749-003/2024(H5N1)	1832	104
PB1|PP755595.1|A/cattle/Texas/24-008749-003/2024(H5N1)	1833	104
PB1|PP755595.1|A/cattle/Texas/24-008749-003/2024(H5N1)	1834	109
PB1|PP755595.1|A/cattle/Texas/24-008749-003/2024(H5N1)	1835	123
PB1|PP755595.1|A/cattle/Texas/24-008749-003/2024(H5N1)	1836	123
PB1|PP755595.1|A/cattle/Texas/24-008749-003/2024(H5N1)	1837	129
PB1|PP755595.1|A/cattle/Texas/24-008749-003/2024(H5N1)	1838	130
PB1|PP755595.1|A/cattle/Texas/24-008749-003/2024(H5N1)	1839	138
PB1|PP755595.1|A/cattle/Texas/24-008749-003/2024(H5N1)	1840	157
PB1|PP755595.1|A/cattle/Texas/24-008749-003/2024(H5N1)	1841	157
PB1|PP755595.1|A/cattle/Texas/24-008749-003/2024(H5N1)	1842	157
PB1|PP755595.1|A/cattle/Texas/24-008749-003/2024(H5N1)	1843	181
PB1|PP755595.1|A/cattle/Texas/24-008749-003/2024(H5N1)	1844	183
PB1|PP755595.1|A/cattle/Texas/24-008749-003/2024(H5N1)	1845	197
PB1|PP755595.1|A/cattle/Texas/24-008749-003/2024(H5N1)	1846	203
PB1|PP755595.1|A/cattle/Texas/24-008749-003/2024(H5N1)	1847	205
PB1|PP755595.1|A/cattle/Texas/24-008749-003/2024(H5N1)	1848	208
PB1|PP755595.1|A/cattle/Texas/24-008749-003/2024(H5N1)	1849	252
PB1|PP755595.1|A/cattle/Texas/24-008749-003/2024(H5N1)	1850	353
PB1|PP755595.1|A/cattle/Texas/24-008749-003/2024(H5N1)	1851	353
PB1|PP755595.1|A/cattle/Texas/24-008749-003/2024(H5N1)	1852	353
PB1|PP755595.1|A/cattle/Texas/24-008749-003/2024(H5N1)	1853	353
PB1|PP755595.1|A/cattle/Texas/24-008749-003/2024(H5N1)	1854	353
PB1|PP755595.1|A/cattle/Texas/24-008749-003/2024(H5N1)	1855	353
PB1|PP755595.1|A/cattle/Texas/24-008749-003/2024(H5N1)	1856	352
PB1|PP755595.1|A/cattle/Texas/24-008749-003/2024(H5N1)	1857	351
PB1|PP755595.1|A/cattle/Texas/24-008749-003/2024(H5N1)	1858	351
PB1|PP755595.1|A/cattle/Texas/24-008749-003/2024(H5N1)	1859	351
PB1|PP755595.1|A/cattle/Texas/24-008749-003/2024(H5N1)	1860	351
PB1|PP755595.1|A/cattle/Texas/24-008749-003/2024(H5N1)	1861	351
PB1|PP755595.1|A/cattle/Texas/24-008749-003/2024(H5N1)	1862	351
PB1|PP755595.1|A/cattle/Texas/24-008749-003/2024(H5N1)	1863	351
PB1|PP755595.1|A/cattle/Texas/24-008749-003/2024(H5N1)	1864	351
PB1|PP755595.1|A/cattle/Texas/24-008749-003/2024(H5N1)	1865	351
PB1|PP755595.1|A/cattle/Texas/24-008749-003/2024(H5N1)	1866	351
PB1|PP755595.1|A/cattle/Texas/24-008749-003/2024(H5N1)	1867	351
PB1|PP755595.1|A/cattle/Texas/24-008749-003/2024(H5N1)	1868	351
PB1|PP755595.1|A/cattle/Texas/24-008749-003/2024(H5N1)	1869	351
PB1|PP755595.1|A/cattle/Texas/24-008749-003/2024(H5N1)	1870	351
PB1|PP755595.1|A/cattle/Texas/24-008749-003/2024(H5N1)	1871	351
PB1|PP755595.1|A/cattle/Texas/24-008749-003/2024(H5N1)	1872	352
PB1|PP755595.1|A/cattle/Texas/24-008749-003/2024(H5N1)	1873	387
PB1|PP755595.1|A/cattle/Texas/24-008749-003/2024(H5N1)	1874	390
PB1|PP755595.1|A/cattle/Texas/24-008749-003/2024(H5N1)	1875	393
PB1|PP755595.1|A/cattle/Texas/24-008749-003/2024(H5N1)	1876	393
PB1|PP755595.1|A/cattle/Texas/24-008749-003/2024(H5N1)	1877	393
PB1|PP755595.1|A/cattle/Texas/24-008749-003/2024(H5N1)	1878	393
PB1|PP755595.1|A/cattle/Texas/24-008749-003/2024(H5N1)	1879	393
PB1|PP755595.1|A/cattle/Texas/24-008749-003/2024(H5N1)	1880	393
PB1|PP755595.1|A/cattle/Texas/24-008749-003/2024(H5N1)	1881	393
PB1|PP755595.1|A/cattle/Texas/24-008749-003/2024(H5N1)	1882	393
PB1|PP755595.1|A/cattle/Texas/24-008749-003/2024(H5N1)	1883	413
PB1|PP755595.1|A/cattle/Texas/24-008749-003/2024(H5N1)	1884	416
PB1|PP755595.1|A/cattle/Texas/24-008749-003/2024(H5N1)	1885	435
PB1|PP755595.1|A/cattle/Texas/24-008749-003/2024(H5N1)	1886	435
PB1|PP755595.1|A/cattle/Texas/24-008749-003/2024(H5N1)	1887	435
PB1|PP755595.1|A/cattle/Texas/24-008749-003/2024(H5N1)	1888	443
PB1|PP755595.1|A/cattle/Texas/24-008749-003/2024(H5N1)	1889	443
PB1|PP755595.1|A/cattle/Texas/24-008749-003/2024(H5N1)	1890	458
PB1|PP755595.1|A/cattle/Texas/24-008749-003/2024(H5N1)	1891	2268
PB1|PP755595.1|A/cattle/Texas/24-008749-003/2024(H5N1)	1892	2271
PB1|PP755595.1|A/cattle/Texas/24-008749-003/2024(H5N1)	1893	2271
PB1|PP755595.1|A/cattle/Texas/24-008749-003/2024(H5N1)	1894	2273
PB1|PP755595.1|A/cattle/Texas/24-008749-003/2024(H5N1)	1895	2276
PB1|PP755595.1|A/cattle/Texas/24-008749-003/2024(H5N1)	1896	2276
PB1|PP755595.1|A/cattle/Texas/24-008749-003/2024(H5N1)	1897	2289
PB1|PP755595.1|A/cattle/Texas/24-008749-003/2024(H5N1)	1898	2319
PB1|PP755595.1|A/cattle/Texas/24-008749-003/2024(H5N1)	1899	2336
PB1|PP755595.1|A/cattle/Texas/24-008749-003/2024(H5N1)	1900	2343
PB1|PP755595.1|A/cattle/Texas/24-008749-003/2024(H5N1)	1901	2343
PB1|PP755595.1|A/cattle/Texas/24-008749-003/2024(H5N1)	1902	2350
PB1|PP755595.1|A/cattle/Texas/24-008749-003/2024(H5N1)	1903	2371
PB1|PP755595.1|A/cattle/Texas/24-008749-003/2024(H5N1)	1904	2396
PB1|PP755595.1|A/cattle/Texas/24-008749-003/2024(H5N1)	1905	2396
PB1|PP755595.1|A/cattle/Texas/24-008749-003/2024(H5N1)	1906	2426
PB1|PP755595.1|A/cattle/Texas/24-008749-003/2024(H5N1)	1907	2433
PB1|PP755595.1|A/cattle/Texas/24-008749-003/2024(H5N1)	1908	2433
PB1|PP755595.1|A/cattle/Texas/24-008749-003/2024(H5N1)	1909	2452
PB1|PP755595.1|A/cattle/Texas/24-008749-003/2024(H5N1)	1910	2458
PB1|PP755595.1|A/cattle/Texas/24-008749-003/2024(H5N1)	1911	2457
PB1|PP755595.1|A/cattle/Texas/24-008749-003/2024(H5N1)	1912	2460
PB1|PP755595.1|A/cattle/Texas/24-008749-003/2024(H5N1)	1913	2461
PB1|PP755595.1|A/cattle/Texas/24-008749-003/2024(H5N1)	1914	2474
PB1|PP755595.1|A/cattle/Texas/24-008749-003/2024(H5N1)	1915	2543
PB1|PP755595.1|A/cattle/Texas/24-008749-003/2024(H5N1)	1916	2543
PB1|PP755595.1|A/cattle/Texas/24-008749-003/2024(H5N1)	1917	2542
PB1|PP755595.1|A/cattle/Texas/24-008749-003/2024(H5N1)	1918	2548
PB1|PP755595.1|A/cattle/Texas/24-008749-003/2024(H5N1)	1919	2574
PB1|PP755595.1|A/cattle/Texas/24-008749-003/2024(H5N1)	1920	2644
PB1|PP755595.1|A/cattle/Texas/24-008749-003/2024(H5N1)	1921	2723
PB1|PP755595.1|A/cattle/Texas/24-008749-003/2024(H5N1)	1922	2735
PB1|PP755595.1|A/cattle/Texas/24-008749-003/2024(H5N1)	1923	2749
PB1|PP755595.1|A/cattle/Texas/24-008749-003/2024(H5N1)	1924	2752
PB1|PP755595.1|A/cattle/Texas/24-008749-003/2024(H5N1)	1925	2863
PB1|PP755595.1|A/cattle/Texas/24-008749-003/2024(H5N1)	1926	2872
PB1|PP755595.1|A/cattle/Texas/24-008749-003/2024(H5N1)	1927	2896
PB1|PP755595.1|A/cattle/Texas/24-008749-003/2024(H5N1)	1928	2906
PB1|PP755595.1|A/cattle/Texas/24-008749-003/2024(H5N1)	1929	2908
PB1|PP755595.1|A/cattle/Texas/24-008749-003/2024(H5N1)	1930	2933
PB1|PP755595.1|A/cattle/Texas/24-008749-003/2024(H5N1)	1931	2944
PB1|PP755595.1|A/cattle/Texas/24-008749-003/2024(H5N1)	1932	2993
PB1|PP755595.1|A/cattle/Texas/24-008749-003/2024(H5N1)	1933	2993
PB1|PP755595.1|A/cattle/Texas/24-008749-003/2024(H5N1)	1934	2993
PB1|PP755595.1|A/cattle/Texas/24-008749-003/2024(H5N1)	1935	2975
PB1|PP755595.1|A/cattle/Texas/24-008749-003/2024(H5N1)	1936	2965
PB1|PP755595.1|A/cattle/Texas/24-008749-003/2024(H5N1)	1937	2964
PB1|PP755595.1|A/cattle/Texas/24-008749-003/2024(H5N1)	1938	2964
PB1|PP755595.1|A/cattle/Texas/24-008749-003/2024(H5N1)	1939	2907
PB1|PP755595.1|A/cattle/Texas/24-008749-003/2024(H5N1)	1940	2907
PB1|PP755595.1|A/cattle/Texas/24-008749-003/2024(H5N1)	1941	2851
PB1|PP755595.1|A/cattle/Texas/24-008749-003/2024(H5N1)	1942	2847
PB1|PP755595.1|A/cattle/Texas/24-008749-003/2024(H5N1)	1943	2801
PB1|PP755595.1|A/cattle/Texas/24-008749-003/2024(H5N1)	1944	2071
PB1|PP755595.1|A/cattle/Texas/24-008749-003/2024(H5N1)	1945	2069
PB1|PP755595.1|A/cattle/Texas/24-008749-003/2024(H5N1)	1946	2050
PB1|PP755595.1|A/cattle/Texas/24-008749-003/2024(H5N1)	1947	2049
PB1|PP755595.1|A/cattle/Texas/24-008749-003/2024(H5N1)	1948	2049
PB1|PP755595.1|A/cattle/Texas/24-008749-003/2024(H5N1)	1949	2049
PB1|PP755595.1|A/cattle/Texas/24-008749-003/2024(H5N1)	1950	2026
PB1|PP755595.1|A/cattle/Texas/24-008749-003/2024(H5N1)	1951	2026
PB1|PP755595.1|A/cattle/Texas/24-008749-003/2024(H5N1)	1952	2026
PB1|PP755595.1|A/cattle/Texas/24-008749-003/2024(H5N1)	1953	2026
PB1|PP755595.1|A/cattle/Texas/24-008749-003/2024(H5N1)	1954	2026
PB1|PP755595.1|A/cattle/Texas/24-008749-003/2024(H5N1)	1955	2026
PB1|PP755595.1|A/cattle/Texas/24-008749-003/2024(H5N1)	1956	2022
PB1|PP755595.1|A/cattle/Texas/24-008749-003/2024(H5N1)	1957	2022
PB1|PP755595.1|A/cattle/Texas/24-008749-003/2024(H5N1)	1958	2022
PB1|PP755595.1|A/cattle/Texas/24-008749-003/2024(H5N1)	1959	2021
PB1|PP755595.1|A/cattle/Texas/24-008749-003/2024(H5N1)	1960	2022
PB1|PP755595.1|A/cattle/Texas/24-008749-003/2024(H5N1)	1961	2022
PB1|PP755595.1|A/cattle/Texas/24-008749-003/2024(H5N1)	1962	2022
PB1|PP755595.1|A/cattle/Texas/24-008749-003/2024(H5N1)	1963	2314
PB1|PP755595.1|A/cattle/Texas/24-008749-003/2024(H5N1)	1964	2314
PB1|PP755595.1|A/cattle/Texas/24-008749-003/2024(H5N1)	1965	2317
PB1|PP755595.1|A/cattle/Texas/24-008749-003/2024(H5N1)	1966	2440
PB1|PP755595.1|A/cattle/Texas/24-008749-003/2024(H5N1)	1967	2445
PB1|PP755595.1|A/cattle/Texas/24-008749-003/2024(H5N1)	1968	2534
PB1|PP755595.1|A/cattle/Texas/24-008749-003/2024(H5N1)	1969	2546
PB1|PP755595.1|A/cattle/Texas/24-008749-003/2024(H5N1)	1970	2522
PB1|PP755595.1|A/cattle/Texas/24-008749-003/2024(H5N1)	1971	2519
PB1|PP755595.1|A/cattle/Texas/24-008749-003/2024(H5N1)	1972	2519
PB1|PP755595.1|A/cattle/Texas/24-008749-003/2024(H5N1)	1973	2518
PB1|PP755595.1|A/cattle/Texas/24-008749-003/2024(H5N1)	1974	2510
PB1|PP755595.1|A/cattle/Texas/24-008749-003/2024(H5N1)	1975	2420
PB1|PP755595.1|A/cattle/Texas/24-008749-003/2024(H5N1)	1976	2416
PB1|PP755595.1|A/cattle/Texas/24-008749-003/2024(H5N1)	1977	2366
PB1|PP755595.1|A/cattle/Texas/24-008749-003/2024(H5N1)	1978	2365
PB1|PP755595.1|A/cattle/Texas/24-008749-003/2024(H5N1)	1979	2355
PB1|PP755595.1|A/cattle/Texas/24-008749-003/2024(H5N1)	1980	2318
PB1|PP755595.1|A/cattle/Texas/24-008749-003/2024(H5N1)	1981	2315
PB1|PP755595.1|A/cattle/Texas/24-008749-003/2024(H5N1)	1982	2312
PB1|PP755595.1|A/cattle/Texas/24-008749-003/2024(H5N1)	1983	1790
PB1|PP755595.1|A/cattle/Texas/24-008749-003/2024(H5N1)	1984	1782
PB1|PP755595.1|A/cattle/Texas/24-008749-003/2024(H5N1)	1985	1761
PB1|PP755595.1|A/cattle/Texas/24-008749-003/2024(H5N1)	1986	1756
PB1|PP755595.1|A/cattle/Texas/24-008749-003/2024(H5N1)	1987	1757
PB1|PP755595.1|A/cattle/Texas/24-008749-003/2024(H5N1)	1988	1757
PB1|PP755595.1|A/cattle/Texas/24-008749-003/2024(H5N1)	1989	1751
PB1|PP755595.1|A/cattle/Texas/24-008749-003/2024(H5N1)	1990	1751
PB1|PP755595.1|A/cattle/Texas/24-008749-003/2024(H5N1)	1991	1751
PB1|PP755595.1|A/cattle/Texas/24-008749-003/2024(H5N1)	1992	1751
PB1|PP755595.1|A/cattle/Texas/24-008749-003/2024(H5N1)	1993	1752
PB1|PP755595.1|A/cattle/Texas/24-008749-003/2024(H5N1)	1994	1741
PB1|PP755595.1|A/cattle/Texas/24-008749-003/2024(H5N1)	1995	1740
PB1|PP755595.1|A/cattle/Texas/24-008749-003/2024(H5N1)	1996	1768
PB1|PP755595.1|A/cattle/Texas/24-008749-003/2024(H5N1)	1997	1769
PB1|PP755595.1|A/cattle/Texas/24-008749-003/2024(H5N1)	1998	1774
PB1|PP755595.1|A/cattle/Texas/24-008749-003/2024(H5N1)	1999	1727
PB1|PP755595.1|A/cattle/Texas/24-008749-003/2024(H5N1)	2000	1720
PB1|PP755595.1|A/cattle/Texas/24-008749-003/2024(H5N1)	2001	1609
PB1|PP755595.1|A/cattle/Texas/24-008749-003/2024(H5N1)	2002	1639
PB1|PP755595.1|A/cattle/Texas/24-008749-003/2024(H5N1)	2003	1639
PB1|PP755595.1|A/cattle/Texas/24-008749-003/2024(H5N1)	2004	1638
PB1|PP755595.1|A/cattle/Texas/24-008749-003/2024(H5N1)	2005	1634
PB1|PP755595.1|A/cattle/Texas/24-008749-003/2024(H5N1)	2006	1615
PB1|PP755595.1|A/cattle/Texas/24-008749-003/2024(H5N1)	2007	1614
PB1|PP755595.1|A/cattle/Texas/24-008749-003/2024(H5N1)	2008	1615
PB1|PP755595.1|A/cattle/Texas/24-008749-003/2024(H5N1)	2009	1596
PB1|PP755595.1|A/cattle/Texas/24-008749-003/2024(H5N1)	2010	1594
PB1|PP755595.1|A/cattle/Texas/24-008749-003/2024(H5N1)	2011	1566
PB1|PP755595.1|A/cattle/Texas/24-008749-003/2024(H5N1)	2012	1564
PB1|PP755595.1|A/cattle/Texas/24-008749-003/2024(H5N1)	2013	1562
PB1|PP755595.1|A/cattle/Texas/24-008749-003/2024(H5N1)	2014	1544
PB1|PP755595.1|A/cattle/Texas/24-008749-003/2024(H5N1)	2015	1544
PB1|PP755595.1|A/cattle/Texas/24-008749-003/2024(H5N1)	2016	1543
PB1|PP755595.1|A/cattle/Texas/24-008749-003/2024(H5N1)	2017	1547
PB1|PP755595.1|A/cattle/Texas/24-008749-003/2024(H5N1)	2018	1549
PB1|PP755595.1|A/cattle/Texas/24-008749-003/2024(H5N1)	2019	1505
PB1|PP755595.1|A/cattle/Texas/24-008749-003/2024(H5N1)	2020	1534
PB1|PP755595.1|A/cattle/Texas/24-008749-003/2024(H5N1)	2021	1565
PB1|PP755595.1|A/cattle/Texas/24-008749-003/2024(H5N1)	2022	1641
PB1|PP755595.1|A/cattle/Texas/24-008749-003/2024(H5N1)	2023	1740
PB1|PP755595.1|A/cattle/Texas/24-008749-003/2024(H5N1)	2024	1699
PB1|PP755595.1|A/cattle/Texas/24-008749-003/2024(H5N1)	2025	1698
PB1|PP755595.1|A/cattle/Texas/24-008749-003/2024(H5N1)	2026	1707
PB1|PP755595.1|A/cattle/Texas/24-008749-003/2024(H5N1)	2027	1728
PB1|PP755595.1|A/cattle/Texas/24-008749-003/2024(H5N1)	2028	1732
PB1|PP755595.1|A/cattle/Texas/24-008749-003/2024(H5N1)	2029	1722
PB1|PP755595.1|A/cattle/Texas/24-008749-003/2024(H5N1)	2030	1673
PB1|PP755595.1|A/cattle/Texas/24-008749-003/2024(H5N1)	2031	1593
PB1|PP755595.1|A/cattle/Texas/24-008749-003/2024(H5N1)	2032	1603
PB1|PP755595.1|A/cattle/Texas/24-008749-003/2024(H5N1)	2033	1628
PB1|PP755595.1|A/cattle/Texas/24-008749-003/2024(H5N1)	2034	1677
PB1|PP755595.1|A/cattle/Texas/24-008749-003/2024(H5N1)	2035	2658
PB1|PP755595.1|A/cattle/Texas/24-008749-003/2024(H5N1)	2036	2660
PB1|PP755595.1|A/cattle/Texas/24-008749-003/2024(H5N1)	2037	2680
PB1|PP755595.1|A/cattle/Texas/24-008749-003/2024(H5N1)	2038	2683
PB1|PP755595.1|A/cattle/Texas/24-008749-003/2024(H5N1)	2039	2697
PB1|PP755595.1|A/cattle/Texas/24-008749-003/2024(H5N1)	2040	2733
PB1|PP755595.1|A/cattle/Texas/24-008749-003/2024(H5N1)	2041	2721
PB1|PP755595.1|A/cattle/Texas/24-008749-003/2024(H5N1)	2042	2703
PB1|PP755595.1|A/cattle/Texas/24-008749-003/2024(H5N1)	2043	2723
PB1|PP755595.1|A/cattle/Texas/24-008749-003/2024(H5N1)	2044	2734
PB1|PP755595.1|A/cattle/Texas/24-008749-003/2024(H5N1)	2045	2745
PB1|PP755595.1|A/cattle/Texas/24-008749-003/2024(H5N1)	2046	2741
PB1|PP755595.1|A/cattle/Texas/24-008749-003/2024(H5N1)	2047	2729
PB1|PP755595.1|A/cattle/Texas/24-008749-003/2024(H5N1)	2048	2708
PB1|PP755595.1|A/cattle/Texas/24-008749-003/2024(H5N1)	2049	2709
PB1|PP755595.1|A/cattle/Texas/24-008749-003/2024(H5N1)	2050	2710
PB1|PP755595.1|A/cattle/Texas/24-008749-003/2024(H5N1)	2051	2704
PB1|PP755595.1|A/cattle/Texas/24-008749-003/2024(H5N1)	2052	2664
PB1|PP755595.1|A/cattle/Texas/24-008749-003/2024(H5N1)	2053	2681
PB1|PP755595.1|A/cattle/Texas/24-008749-003/2024(H5N1)	2054	2685
PB1|PP755595.1|A/cattle/Texas/24-008749-003/2024(H5N1)	2055	2680
PB1|PP755595.1|A/cattle/Texas/24-008749-003/2024(H5N1)	2056	2848
PB1|PP755595.1|A/cattle/Texas/24-008749-003/2024(H5N1)	2057	2849
PB1|PP755595.1|A/cattle/Texas/24-008749-003/2024(H5N1)	2058	2850
PB1|PP755595.1|A/cattle/Texas/24-008749-003/2024(H5N1)	2059	2863
PB1|PP755595.1|A/cattle/Texas/24-008749-003/2024(H5N1)	2060	2842
PB1|PP755595.1|A/cattle/Texas/24-008749-003/2024(H5N1)	2061	2867
PB1|PP755595.1|A/cattle/Texas/24-008749-003/2024(H5N1)	2062	2892
PB1|PP755595.1|A/cattle/Texas/24-008749-003/2024(H5N1)	2063	2891
PB1|PP755595.1|A/cattle/Texas/24-008749-003/2024(H5N1)	2064	2891
PB1|PP755595.1|A/cattle/Texas/24-008749-003/2024(H5N1)	2065	2817
PB1|PP755595.1|A/cattle/Texas/24-008749-003/2024(H5N1)	2066	2803
PB1|PP755595.1|A/cattle/Texas/24-008749-003/2024(H5N1)	2067	2466
PB1|PP755595.1|A/cattle/Texas/24-008749-003/2024(H5N1)	2068	2439
PB1|PP755595.1|A/cattle/Texas/24-008749-003/2024(H5N1)	2069	2423
PB1|PP755595.1|A/cattle/Texas/24-008749-003/2024(H5N1)	2070	2412
PB1|PP755595.1|A/cattle/Texas/24-008749-003/2024(H5N1)	2071	2426
PB1|PP755595.1|A/cattle/Texas/24-008749-003/2024(H5N1)	2072	2430
PB1|PP755595.1|A/cattle/Texas/24-008749-003/2024(H5N1)	2073	2441
PB1|PP755595.1|A/cattle/Texas/24-008749-003/2024(H5N1)	2074	2582
PB1|PP755595.1|A/cattle/Texas/24-008749-003/2024(H5N1)	2075	2599
PB1|PP755595.1|A/cattle/Texas/24-008749-003/2024(H5N1)	2076	2609
PB1|PP755595.1|A/cattle/Texas/24-008749-003/2024(H5N1)	2077	2617
PB1|PP755595.1|A/cattle/Texas/24-008749-003/2024(H5N1)	2078	2618
PB1|PP755595.1|A/cattle/Texas/24-008749-003/2024(H5N1)	2079	2618
PB1|PP755595.1|A/cattle/Texas/24-008749-003/2024(H5N1)	2080	2618
PB1|PP755595.1|A/cattle/Texas/24-008749-003/2024(H5N1)	2081	2635
PB1|PP755595.1|A/cattle/Texas/24-008749-003/2024(H5N1)	2082	2648
PB1|PP755595.1|A/cattle/Texas/24-008749-003/2024(H5N1)	2083	2659
PB1|PP755595.1|A/cattle/Texas/24-008749-003/2024(H5N1)	2084	2689
PB1|PP755595.1|A/cattle/Texas/24-008749-003/2024(H5N1)	2085	2711
PB1|PP755595.1|A/cattle/Texas/24-008749-003/2024(H5N1)	2086	2717
PB1|PP755595.1|A/cattle/Texas/24-008749-003/2024(H5N1)	2087	2717
PB1|PP755595.1|A/cattle/Texas/24-008749-003/2024(H5N1)	2088	2614
PB1|PP755595.1|A/cattle/Texas/24-008749-003/2024(H5N1)	2089	2622
PB1|PP755595.1|A/cattle/Texas/24-008749-003/2024(H5N1)	2090	2622
PB1|PP755595.1|A/cattle/Texas/24-008749-003/2024(H5N1)	2091	2622
PB1|PP755595.1|A/cattle/Texas/24-008749-003/2024(H5N1)	2092	2800
PB1|PP755595.1|A/cattle/Texas/24-008749-003/2024(H5N1)	2093	2868
PB1|PP755595.1|A/cattle/Texas/24-008749-003/2024(H5N1)	2094	2873
PB1|PP755595.1|A/cattle/Texas/24-008749-003/2024(H5N1)	2095	2885
PB1|PP755595.1|A/cattle/Texas/24-008749-003/2024(H5N1)	2096	2924
PB1|PP755595.1|A/cattle/Texas/24-008749-003/2024(H5N1)	2097	2948
PB1|PP755595.1|A/cattle/Texas/24-008749-003/2024(H5N1)	2098	2976
PB1|PP755595.1|A/cattle/Texas/24-008749-003/2024(H5N1)	2099	2985
PB1|PP755595.1|A/cattle/Texas/24-008749-003/2024(H5N1)	2100	2976
PB1|PP755595.1|A/cattle/Texas/24-008749-003/2024(H5N1)	2101	2976
PB1|PP755595.1|A/cattle/Texas/24-008749-003/2024(H5N1)	2102	2976
PB1|PP755595.1|A/cattle/Texas/24-008749-003/2024(H5N1)	2103	2868
PB1|PP755595.1|A/cattle/Texas/24-008749-003/2024(H5N1)	2104	2868
PB1|PP755595.1|A/cattle/Texas/24-008749-003/2024(H5N1)	2105	2879
PB1|PP755595.1|A/cattle/Texas/24-008749-003/2024(H5N1)	2106	3087
PB1|PP755595.1|A/cattle/Texas/24-008749-003/2024(H5N1)	2107	3203
PB1|PP755595.1|A/cattle/Texas/24-008749-003/2024(H5N1)	2108	3205
PB1|PP755595.1|A/cattle/Texas/24-008749-003/2024(H5N1)	2109	3248
PB1|PP755595.1|A/cattle/Texas/24-008749-003/2024(H5N1)	2110	3328
PB1|PP755595.1|A/cattle/Texas/24-008749-003/2024(H5N1)	2111	3336
PB1|PP755595.1|A/cattle/Texas/24-008749-003/2024(H5N1)	2112	3363
PB1|PP755595.1|A/cattle/Texas/24-008749-003/2024(H5N1)	2113	3380
PB1|PP755595.1|A/cattle/Texas/24-008749-003/2024(H5N1)	2114	3372
PB1|PP755595.1|A/cattle/Texas/24-008749-003/2024(H5N1)	2115	3393
PB1|PP755595.1|A/cattle/Texas/24-008749-003/2024(H5N1)	2116	3319
PB1|PP755595.1|A/cattle/Texas/24-008749-003/2024(H5N1)	2117	3273
PB1|PP755595.1|A/cattle/Texas/24-008749-003/2024(H5N1)	2118	3312
PB1|PP755595.1|A/cattle/Texas/24-008749-003/2024(H5N1)	2119	3217
PB1|PP755595.1|A/cattle/Texas/24-008749-003/2024(H5N1)	2120	3213
PB1|PP755595.1|A/cattle/Texas/24-008749-003/2024(H5N1)	2121	3141
PB1|PP755595.1|A/cattle/Texas/24-008749-003/2024(H5N1)	2122	3163
PB1|PP755595.1|A/cattle/Texas/24-008749-003/2024(H5N1)	2123	3165
PB1|PP755595.1|A/cattle/Texas/24-008749-003/2024(H5N1)	2124	3164
PB1|PP755595.1|A/cattle/Texas/24-008749-003/2024(H5N1)	2125	3174
PB1|PP755595.1|A/cattle/Texas/24-008749-003/2024(H5N1)	2126	3198
PB1|PP755595.1|A/cattle/Texas/24-008749-003/2024(H5N1)	2127	3206
PB1|PP755595.1|A/cattle/Texas/24-008749-003/2024(H5N1)	2128	3206
PB1|PP755595.1|A/cattle/Texas/24-008749-003/2024(H5N1)	2129	3209
PB1|PP755595.1|A/cattle/Texas/24-008749-003/2024(H5N1)	2130	3224
PB1|PP755595.1|A/cattle/Texas/24-008749-003/2024(H5N1)	2131	3230
PB1|PP755595.1|A/cattle/Texas/24-008749-003/2024(H5N1)	2132	3223
PB1|PP755595.1|A/cattle/Texas/24-008749-003/2024(H5N1)	2133	3217
PB1|PP755595.1|A/cattle/Texas/24-008749-003/2024(H5N1)	2134	3284
PB1|PP755595.1|A/cattle/Texas/24-008749-003/2024(H5N1)	2135	3144
PB1|PP755595.1|A/cattle/Texas/24-008749-003/2024(H5N1)	2136	3144
PB1|PP755595.1|A/cattle/Texas/24-008749-003/2024(H5N1)	2137	3141
PB1|PP755595.1|A/cattle/Texas/24-008749-003/2024(H5N1)	2138	3156
PB1|PP755595.1|A/cattle/Texas/24-008749-003/2024(H5N1)	2139	3155
PB1|PP755595.1|A/cattle/Texas/24-008749-003/2024(H5N1)	2140	3282
PB1|PP755595.1|A/cattle/Texas/24-008749-003/2024(H5N1)	2141	3265
PB1|PP755595.1|A/cattle/Texas/24-008749-003/2024(H5N1)	2142	3274
PB1|PP755595.1|A/cattle/Texas/24-008749-003/2024(H5N1)	2143	3252
PB1|PP755595.1|A/cattle/Texas/24-008749-003/2024(H5N1)	2144	3252
PB1|PP755595.1|A/cattle/Texas/24-008749-003/2024(H5N1)	2145	3241
PB1|PP755595.1|A/cattle/Texas/24-008749-003/2024(H5N1)	2146	3251
PB1|PP755595.1|A/cattle/Texas/24-008749-003/2024(H5N1)	2147	3244
PB1|PP755595.1|A/cattle/Texas/24-008749-003/2024(H5N1)	2148	3249
PB1|PP755595.1|A/cattle/Texas/24-008749-003/2024(H5N1)	2149	3253
PB1|PP755595.1|A/cattle/Texas/24-008749-003/2024(H5N1)	2150	3250
PB1|PP755595.1|A/cattle/Texas/24-008749-003/2024(H5N1)	2151	3203
PB1|PP755595.1|A/cattle/Texas/24-008749-003/2024(H5N1)	2152	3029
PB1|PP755595.1|A/cattle/Texas/24-008749-003/2024(H5N1)	2153	3000
PB1|PP755595.1|A/cattle/Texas/24-008749-003/2024(H5N1)	2154	3028
PB1|PP755595.1|A/cattle/Texas/24-008749-003/2024(H5N1)	2155	3037
PB1|PP755595.1|A/cattle/Texas/24-008749-003/2024(H5N1)	2156	3017
PB1|PP755595.1|A/cattle/Texas/24-008749-003/2024(H5N1)	2157	3045
PB1|PP755595.1|A/cattle/Texas/24-008749-003/2024(H5N1)	2158	3025
PB1|PP755595.1|A/cattle/Texas/24-008749-003/2024(H5N1)	2159	3007
PB1|PP755595.1|A/cattle/Texas/24-008749-003/2024(H5N1)	2160	3006
PB1|PP755595.1|A/cattle/Texas/24-008749-003/2024(H5N1)	2161	2974
PB1|PP755595.1|A/cattle/Texas/24-008749-003/2024(H5N1)	2162	2973
PB1|PP755595.1|A/cattle/Texas/24-008749-003/2024(H5N1)	2163	2944
PB1|PP755595.1|A/cattle/Texas/24-008749-003/2024(H5N1)	2164	2934
PB1|PP755595.1|A/cattle/Texas/24-008749-003/2024(H5N1)	2165	2881
PB1|PP755595.1|A/cattle/Texas/24-008749-003/2024(H5N1)	2166	3187
PB1|PP755595.1|A/cattle/Texas/24-008749-003/2024(H5N1)	2167	3196
PB1|PP755595.1|A/cattle/Texas/24-008749-003/2024(H5N1)	2168	3208
PB1|PP755595.1|A/cattle/Texas/24-008749-003/2024(H5N1)	2169	3283
PB1|PP755595.1|A/cattle/Texas/24-008749-003/2024(H5N1)	2170	3285
PB1|PP755595.1|A/cattle/Texas/24-008749-003/2024(H5N1)	2171	3329
PB1|PP755595.1|A/cattle/Texas/24-008749-003/2024(H5N1)	2172	3233
PB1|PP755595.1|A/cattle/Texas/24-008749-003/2024(H5N1)	2173	3226
PB1|PP755595.1|A/cattle/Texas/24-008749-003/2024(H5N1)	2174	3157
PB1|PP755595.1|A/cattle/Texas/24-008749-003/2024(H5N1)	2175	3158
PB1|PP755595.1|A/cattle/Texas/24-008749-003/2024(H5N1)	2176	3154
PB1|PP755595.1|A/cattle/Texas/24-008749-003/2024(H5N1)	2177	3128
PB1|PP755595.1|A/cattle/Texas/24-008749-003/2024(H5N1)	2178	3126
PB1|PP755595.1|A/cattle/Texas/24-008749-003/2024(H5N1)	2179	3125
PB1|PP755595.1|A/cattle/Texas/24-008749-003/2024(H5N1)	2180	3118
PB1|PP755595.1|A/cattle/Texas/24-008749-003/2024(H5N1)	2181	3129
PB1|PP755595.1|A/cattle/Texas/24-008749-003/2024(H5N1)	2182	3119
PB1|PP755595.1|A/cattle/Texas/24-008749-003/2024(H5N1)	2183	3102
PB1|PP755595.1|A/cattle/Texas/24-008749-003/2024(H5N1)	2184	3000
PB1|PP755595.1|A/cattle/Texas/24-008749-003/2024(H5N1)	2185	3006
PB1|PP755595.1|A/cattle/Texas/24-008749-003/2024(H5N1)	2186	3001
PB1|PP755595.1|A/cattle/Texas/24-008749-003/2024(H5N1)	2187	3004
PB1|PP755595.1|A/cattle/Texas/24-008749-003/2024(H5N1)	2188	2967
PB1|PP755595.1|A/cattle/Texas/24-008749-003/2024(H5N1)	2189	2967
PB1|PP755595.1|A/cattle/Texas/24-008749-003/2024(H5N1)	2190	2911
PB1|PP755595.1|A/cattle/Texas/24-008749-003/2024(H5N1)	2191	2911
PB1|PP755595.1|A/cattle/Texas/24-008749-003/2024(H5N1)	2192	2928
PB1|PP755595.1|A/cattle/Texas/24-008749-003/2024(H5N1)	2193	2917
PB1|PP755595.1|A/cattle/Texas/24-008749-003/2024(H5N1)	2194	2894
PB1|PP755595.1|A/cattle/Texas/24-008749-003/2024(H5N1)	2195	2857
PB1|PP755595.1|A/cattle/Texas/24-008749-003/2024(H5N1)	2196	2844
PB1|PP755595.1|A/cattle/Texas/24-008749-003/2024(H5N1)	2197	2840
PB1|PP755595.1|A/cattle/Texas/24-008749-003/2024(H5N1)	2198	2839
PB1|PP755595.1|A/cattle/Texas/24-008749-003/2024(H5N1)	2199	2839
PB1|PP755595.1|A/cattle/Texas/24-008749-003/2024(H5N1)	2200	2799
PB1|PP755595.1|A/cattle/Texas/24-008749-003/2024(H5N1)	2201	2744
PB1|PP755595.1|A/cattle/Texas/24-008749-003/2024(H5N1)	2202	2719
PB1|PP755595.1|A/cattle/Texas/24-008749-003/2024(H5N1)	2203	2709
PB1|PP755595.1|A/cattle/Texas/24-008749-003/2024(H5N1)	2204	2697
PB1|PP755595.1|A/cattle/Texas/24-008749-003/2024(H5N1)	2205	2690
PB1|PP755595.1|A/cattle/Texas/24-008749-003/2024(H5N1)	2206	2686
PB1|PP755595.1|A/cattle/Texas/24-008749-003/2024(H5N1)	2207	2626
PB1|PP755595.1|A/cattle/Texas/24-008749-003/2024(H5N1)	2208	2626
PB1|PP755595.1|A/cattle/Texas/24-008749-003/2024(H5N1)	2209	2639
PB1|PP755595.1|A/cattle/Texas/24-008749-003/2024(H5N1)	2210	2639
PB1|PP755595.1|A/cattle/Texas/24-008749-003/2024(H5N1)	2211	2611
PB1|PP755595.1|A/cattle/Texas/24-008749-003/2024(H5N1)	2212	2585
PB1|PP755595.1|A/cattle/Texas/24-008749-003/2024(H5N1)	2213	2574
PB1|PP755595.1|A/cattle/Texas/24-008749-003/2024(H5N1)	2214	2571
PB1|PP755595.1|A/cattle/Texas/24-008749-003/2024(H5N1)	2215	2588
PB1|PP755595.1|A/cattle/Texas/24-008749-003/2024(H5N1)	2216	2558
PB1|PP755595.1|A/cattle/Texas/24-008749-003/2024(H5N1)	2217	2558
PB1|PP755595.1|A/cattle/Texas/24-008749-003/2024(H5N1)	2218	2535
PB1|PP755595.1|A/cattle/Texas/24-008749-003/2024(H5N1)	2219	2532
PB1|PP755595.1|A/cattle/Texas/24-008749-003/2024(H5N1)	2220	2516
PB1|PP755595.1|A/cattle/Texas/24-008749-003/2024(H5N1)	2221	2513
PB1|PP755595.1|A/cattle/Texas/24-008749-003/2024(H5N1)	2222	2487
PB1|PP755595.1|A/cattle/Texas/24-008749-003/2024(H5N1)	2223	2482
PB1|PP755595.1|A/cattle/Texas/24-008749-003/2024(H5N1)	2224	2479
PB1|PP755595.1|A/cattle/Texas/24-008749-003/2024(H5N1)	2225	2419
PB1|PP755595.1|A/cattle/Texas/24-008749-003/2024(H5N1)	2226	2410
PB1|PP755595.1|A/cattle/Texas/24-008749-003/2024(H5N1)	2227	2408
PB1|PP755595.1|A/cattle/Texas/24-008749-003/2024(H5N1)	2228	2398
PB1|PP755595.1|A/cattle/Texas/24-008749-003/2024(H5N1)	2229	2396
PB1|PP755595.1|A/cattle/Texas/24-008749-003/2024(H5N1)	2230	2390
PB1|PP755595.1|A/cattle/Texas/24-008749-003/2024(H5N1)	2231	2378
PB1|PP755595.1|A/cattle/Texas/24-008749-003/2024(H5N1)	2232	2361
PB1|PP755595.1|A/cattle/Texas/24-008749-003/2024(H5N1)	2233	2365
PB1|PP755595.1|A/cattle/Texas/24-008749-003/2024(H5N1)	2234	2358
PB1|PP755595.1|A/cattle/Texas/24-008749-003/2024(H5N1)	2235	2330
PB1|PP755595.1|A/cattle/Texas/24-008749-003/2024(H5N1)	2236	2296
PB1|PP755595.1|A/cattle/Texas/24-008749-003/2024(H5N1)	2237	2288
PB1|PP755595.1|A/cattle/Texas/24-008749-003/2024(H5N1)	2238	2273
PB1|PP755595.1|A/cattle/Texas/24-008749-003/2024(H5N1)	2239	2211
PB1|PP755595.1|A/cattle/Texas/24-008749-003/2024(H5N1)	2240	2217
PB1|PP755595.1|A/cattle/Texas/24-008749-003/2024(H5N1)	2241	2217
PB1|PP755595.1|A/cattle/Texas/24-008749-003/2024(H5N1)	2242	2217
PB1|PP755595.1|A/cattle/Texas/24-008749-003/2024(H5N1)	2243	2216
PB1|PP755595.1|A/cattle/Texas/24-008749-003/2024(H5N1)	2244	2126
PB1|PP755595.1|A/cattle/Texas/24-008749-003/2024(H5N1)	2245	2126
PB1|PP755595.1|A/cattle/Texas/24-008749-003/2024(H5N1)	2246	2135
PB1|PP755595.1|A/cattle/Texas/24-008749-003/2024(H5N1)	2247	2084
PB1|PP755595.1|A/cattle/Texas/24-008749-003/2024(H5N1)	2248	2070
PB1|PP755595.1|A/cattle/Texas/24-008749-003/2024(H5N1)	2249	2030
PB1|PP755595.1|A/cattle/Texas/24-008749-003/2024(H5N1)	2250	2011
PB1|PP755595.1|A/cattle/Texas/24-008749-003/2024(H5N1)	2251	1998
PB1|PP755595.1|A/cattle/Texas/24-008749-003/2024(H5N1)	2252	1995
PB1|PP755595.1|A/cattle/Texas/24-008749-003/2024(H5N1)	2253	1991
PB1|PP755595.1|A/cattle/Texas/24-008749-003/2024(H5N1)	2254	1976
PB1|PP755595.1|A/cattle/Texas/24-008749-003/2024(H5N1)	2255	1719
PB1|PP755595.1|A/cattle/Texas/24-008749-003/2024(H5N1)	2256	1709
PB1|PP755595.1|A/cattle/Texas/24-008749-003/2024(H5N1)	2257	1630
PB1|PP755595.1|A/cattle/Texas/24-008749-003/2024(H5N1)	2258	1601
PB1|PP755595.1|A/cattle/Texas/24-008749-003/2024(H5N1)	2259	1599
PB1|PP755595.1|A/cattle/Texas/24-008749-003/2024(H5N1)	2260	1570
PB1|PP755595.1|A/cattle/Texas/24-008749-003/2024(H5N1)	2261	1521
PB1|PP755595.1|A/cattle/Texas/24-008749-003/2024(H5N1)	2262	1518
PB1|PP755595.1|A/cattle/Texas/24-008749-003/2024(H5N1)	2263	1490
PB1|PP755595.1|A/cattle/Texas/24-008749-003/2024(H5N1)	2264	1481
PB1|PP755595.1|A/cattle/Texas/24-008749-003/2024(H5N1)	2265	1415
PB1|PP755595.1|A/cattle/Texas/24-008749-003/2024(H5N1)	2266	1393
PB1|PP755595.1|A/cattle/Texas/24-008749-003/2024(H5N1)	2267	1389
PB1|PP755595.1|A/cattle/Texas/24-008749-003/2024(H5N1)	2268	1371
PB1|PP755595.1|A/cattle/Texas/24-008749-003/2024(H5N1)	2269	1371
PB1|PP755595.1|A/cattle/Texas/24-008749-003/2024(H5N1)	2270	1371
PB1|PP755595.1|A/cattle/Texas/24-008749-003/2024(H5N1)	2271	1371
PB1|PP755595.1|A/cattle/Texas/24-008749-003/2024(H5N1)	2272	1370
PB1|PP755595.1|A/cattle/Texas/24-008749-003/2024(H5N1)	2273	1343
PB1|PP755595.1|A/cattle/Texas/24-008749-003/2024(H5N1)	2274	1341
