HA|PP755589.1|A/cattle/Texas/24-008749-003/2024(H5N1)	1	704
HA|PP755589.1|A/cattle/Texas/24-008749-003/2024(H5N1)	2	704
HA|PP755589.1|A/cattle/Texas/24-008749-003/2024(H5N1)	3	717
HA|PP755589.1|A/cattle/Texas/24-008749-003/2024(H5N1)	4	717
HA|PP755589.1|A/cattle/Texas/24-008749-003/2024(H5N1)	5	720
HA|PP755589.1|A/cattle/Texas/24-008749-003/2024(H5N1)	6	725
HA|PP755589.1|A/cattle/Texas/24-008749-003/2024(H5N1)	7	729
HA|PP755589.1|A/cattle/Texas/24-008749-003/2024(H5N1)	8	822
HA|PP755589.1|A/cattle/Texas/24-008749-003/2024(H5N1)	9	827
HA|PP755589.1|A/cattle/Texas/24-008749-003/2024(H5N1)	10	830
HA|PP755589.1|A/cattle/Texas/24-008749-003/2024(H5N1)	11	838
HA|PP755589.1|A/cattle/Texas/24-008749-003/2024(H5N1)	12	838
HA|PP755589.1|A/cattle/Texas/24-008749-003/2024(H5N1)	13	897
HA|PP755589.1|A/cattle/Texas/24-008749-003/2024(H5N1)	14	899
HA|PP755589.1|A/cattle/Texas/24-008749-003/2024(H5N1)	15	900
HA|PP755589.1|A/cattle/Texas/24-008749-003/2024(H5N1)	16	902
HA|PP755589.1|A/cattle/Texas/24-008749-003/2024(H5N1)	17	902
HA|PP755589.1|A/cattle/Texas/24-008749-003/2024(H5N1)	18	903
HA|PP755589.1|A/cattle/Texas/24-008749-003/2024(H5N1)	19	923
HA|PP755589.1|A/cattle/Texas/24-008749-003/2024(H5N1)	20	924
HA|PP755589.1|A/cattle/Texas/24-008749-003/2024(H5N1)	21	931
HA|PP755589.1|A/cattle/Texas/24-008749-003/2024(H5N1)	22	932
HA|PP755589.1|A/cattle/Texas/24-008749-003/2024(H5N1)	23	933
HA|PP755589.1|A/cattle/Texas/24-008749-003/2024(H5N1)	24	934
HA|PP755589.1|A/cattle/Texas/24-008749-003/2024(H5N1)	25	940
HA|PP755589.1|A/cattle/Texas/24-008749-003/2024(H5N1)	26	949
HA|PP755589.1|A/cattle/Texas/24-008749-003/2024(H5N1)	27	949
HA|PP755589.1|A/cattle/Texas/24-008749-003/2024(H5N1)	28	961
HA|PP755589.1|A/cattle/Texas/24-008749-003/2024(H5N1)	29	995
HA|PP755589.1|A/cattle/Texas/24-008749-003/2024(H5N1)	30	1008
HA|PP755589.1|A/cattle/Texas/24-008749-003/2024(H5N1)	31	1009
HA|PP755589.1|A/cattle/Texas/24-008749-003/2024(H5N1)	32	1010
HA|PP755589.1|A/cattle/Texas/24-008749-003/2024(H5N1)	33	1031
HA|PP755589.1|A/cattle/Texas/24-008749-003/2024(H5N1)	34	1031
HA|PP755589.1|A/cattle/Texas/24-008749-003/2024(H5N1)	35	1041
HA|PP755589.1|A/cattle/Texas/24-008749-003/2024(H5N1)	36	1048
HA|PP755589.1|A/cattle/Texas/24-008749-003/2024(H5N1)	37	1050
HA|PP755589.1|A/cattle/Texas/24-008749-003/2024(H5N1)	38	1060
HA|PP755589.1|A/cattle/Texas/24-008749-003/2024(H5N1)	39	1134
HA|PP755589.1|A/cattle/Texas/24-008749-003/2024(H5N1)	40	1153
HA|PP755589.1|A/cattle/Texas/24-008749-003/2024(H5N1)	41	1153
HA|PP755589.1|A/cattle/Texas/24-008749-003/2024(H5N1)	42	1160
HA|PP755589.1|A/cattle/Texas/24-008749-003/2024(H5N1)	43	1164
HA|PP755589.1|A/cattle/Texas/24-008749-003/2024(H5N1)	44	1180
HA|PP755589.1|A/cattle/Texas/24-008749-003/2024(H5N1)	45	1181
HA|PP755589.1|A/cattle/Texas/24-008749-003/2024(H5N1)	46	1181
HA|PP755589.1|A/cattle/Texas/24-008749-003/2024(H5N1)	47	1188
HA|PP755589.1|A/cattle/Texas/24-008749-003/2024(H5N1)	48	1188
HA|PP755589.1|A/cattle/Texas/24-008749-003/2024(H5N1)	49	1196
HA|PP755589.1|A/cattle/Texas/24-008749-003/2024(H5N1)	50	1199
HA|PP755589.1|A/cattle/Texas/24-008749-003/2024(H5N1)	51	1203
HA|PP755589.1|A/cattle/Texas/24-008749-003/2024(H5N1)	52	1203
HA|PP755589.1|A/cattle/Texas/24-008749-003/2024(H5N1)	53	1203
HA|PP755589.1|A/cattle/Texas/24-008749-003/2024(H5N1)	54	1266
HA|PP755589.1|A/cattle/Texas/24-008749-003/2024(H5N1)	55	1267
HA|PP755589.1|A/cattle/Texas/24-008749-003/2024(H5N1)	56	1268
HA|PP755589.1|A/cattle/Texas/24-008749-003/2024(H5N1)	57	1271
HA|PP755589.1|A/cattle/Texas/24-008749-003/2024(H5N1)	58	1279
HA|PP755589.1|A/cattle/Texas/24-008749-003/2024(H5N1)	59	1290
HA|PP755589.1|A/cattle/Texas/24-008749-003/2024(H5N1)	60	1290
HA|PP755589.1|A/cattle/Texas/24-008749-003/2024(H5N1)	61	1290
HA|PP755589.1|A/cattle/Texas/24-008749-003/2024(H5N1)	62	1293
HA|PP755589.1|A/cattle/Texas/24-008749-003/2024(H5N1)	63	1285
HA|PP755589.1|A/cattle/Texas/24-008749-003/2024(H5N1)	64	1307
HA|PP755589.1|A/cattle/Texas/24-008749-003/2024(H5N1)	65	1308
HA|PP755589.1|A/cattle/Texas/24-008749-003/2024(H5N1)	66	1347
HA|PP755589.1|A/cattle/Texas/24-008749-003/2024(H5N1)	67	1353
HA|PP755589.1|A/cattle/Texas/24-008749-003/2024(H5N1)	68	1353
HA|PP755589.1|A/cattle/Texas/24-008749-003/2024(H5N1)	69	1366
HA|PP755589.1|A/cattle/Texas/24-008749-003/2024(H5N1)	70	1391
HA|PP755589.1|A/cattle/Texas/24-008749-003/2024(H5N1)	71	1399
HA|PP755589.1|A/cattle/Texas/24-008749-003/2024(H5N1)	72	1400
HA|PP755589.1|A/cattle/Texas/24-008749-003/2024(H5N1)	73	1403
HA|PP755589.1|A/cattle/Texas/24-008749-003/2024(H5N1)	74	1431
HA|PP755589.1|A/cattle/Texas/24-008749-003/2024(H5N1)	75	1435
HA|PP755589.1|A/cattle/Texas/24-008749-003/2024(H5N1)	76	1452
HA|PP755589.1|A/cattle/Texas/24-008749-003/2024(H5N1)	77	1454
HA|PP755589.1|A/cattle/Texas/24-008749-003/2024(H5N1)	78	1519
HA|PP755589.1|A/cattle/Texas/24-008749-003/2024(H5N1)	79	1523
HA|PP755589.1|A/cattle/Texas/24-008749-003/2024(H5N1)	80	1527
HA|PP755589.1|A/cattle/Texas/24-008749-003/2024(H5N1)	81	1527
HA|PP755589.1|A/cattle/Texas/24-008749-003/2024(H5N1)	82	1526
HA|PP755589.1|A/cattle/Texas/24-008749-003/2024(H5N1)	83	1542
HA|PP755589.1|A/cattle/Texas/24-008749-003/2024(H5N1)	84	1542
HA|PP755589.1|A/cattle/Texas/24-008749-003/2024(H5N1)	85	1543
HA|PP755589.1|A/cattle/Texas/24-008749-003/2024(H5N1)	86	1543
HA|PP755589.1|A/cattle/Texas/24-008749-003/2024(H5N1)	87	1542
HA|PP755589.1|A/cattle/Texas/24-008749-003/2024(H5N1)	88	1599
HA|PP755589.1|A/cattle/Texas/24-008749-003/2024(H5N1)	89	1608
HA|PP755589.1|A/cattle/Texas/24-008749-003/2024(H5N1)	90	1611
HA|PP755589.1|A/cattle/Texas/24-008749-003/2024(H5N1)	91	1613
HA|PP755589.1|A/cattle/Texas/24-008749-003/2024(H5N1)	92	1611
HA|PP755589.1|A/cattle/Texas/24-008749-003/2024(H5N1)	93	1649
HA|PP755589.1|A/cattle/Texas/24-008749-003/2024(H5N1)	94	1659
HA|PP755589.1|A/cattle/Texas/24-008749-003/2024(H5N1)	95	1660
HA|PP755589.1|A/cattle/Texas/24-008749-003/2024(H5N1)	96	1666
HA|PP755589.1|A/cattle/Texas/24-008749-003/2024(H5N1)	97	1663
HA|PP755589.1|A/cattle/Texas/24-008749-003/2024(H5N1)	98	1681
HA|PP755589.1|A/cattle/Texas/24-008749-003/2024(H5N1)	99	1681
HA|PP755589.1|A/cattle/Texas/24-008749-003/2024(H5N1)	100	1679
HA|PP755589.1|A/cattle/Texas/24-008749-003/2024(H5N1)	101	1694
HA|PP755589.1|A/cattle/Texas/24-008749-003/2024(H5N1)	102	1684
HA|PP755589.1|A/cattle/Texas/24-008749-003/2024(H5N1)	103	1690
HA|PP755589.1|A/cattle/Texas/24-008749-003/2024(H5N1)	104	1693
HA|PP755589.1|A/cattle/Texas/24-008749-003/2024(H5N1)	105	1694
HA|PP755589.1|A/cattle/Texas/24-008749-003/2024(H5N1)	106	1705
HA|PP755589.1|A/cattle/Texas/24-008749-003/2024(H5N1)	107	1705
HA|PP755589.1|A/cattle/Texas/24-008749-003/2024(H5N1)	108	1707
HA|PP755589.1|A/cattle/Texas/24-008749-003/2024(H5N1)	109	1708
HA|PP755589.1|A/cattle/Texas/24-008749-003/2024(H5N1)	110	1700
HA|PP755589.1|A/cattle/Texas/24-008749-003/2024(H5N1)	111	1715
HA|PP755589.1|A/cattle/Texas/24-008749-003/2024(H5N1)	112	1715
HA|PP755589.1|A/cattle/Texas/24-008749-003/2024(H5N1)	113	1714
HA|PP755589.1|A/cattle/Texas/24-008749-003/2024(H5N1)	114	1716
HA|PP755589.1|A/cattle/Texas/24-008749-003/2024(H5N1)	115	1727
HA|PP755589.1|A/cattle/Texas/24-008749-003/2024(H5N1)	116	1734
HA|PP755589.1|A/cattle/Texas/24-008749-003/2024(H5N1)	117	1734
HA|PP755589.1|A/cattle/Texas/24-008749-003/2024(H5N1)	118	1734
HA|PP755589.1|A/cattle/Texas/24-008749-003/2024(H5N1)	119	1736
HA|PP755589.1|A/cattle/Texas/24-008749-003/2024(H5N1)	120	1731
HA|PP755589.1|A/cattle/Texas/24-008749-003/2024(H5N1)	121	1733
HA|PP755589.1|A/cattle/Texas/24-008749-003/2024(H5N1)	122	1704
HA|PP755589.1|A/cattle/Texas/24-008749-003/2024(H5N1)	123	1659
HA|PP755589.1|A/cattle/Texas/24-008749-003/2024(H5N1)	124	1661
HA|PP755589.1|A/cattle/Texas/24-008749-003/2024(H5N1)	125	1619
HA|PP755589.1|A/cattle/Texas/24-008749-003/2024(H5N1)	126	1618
HA|PP755589.1|A/cattle/Texas/24-008749-003/2024(H5N1)	127	1623
HA|PP755589.1|A/cattle/Texas/24-008749-003/2024(H5N1)	128	1599
HA|PP755589.1|A/cattle/Texas/24-008749-003/2024(H5N1)	129	1609
HA|PP755589.1|A/cattle/Texas/24-008749-003/2024(H5N1)	130	1601
HA|PP755589.1|A/cattle/Texas/24-008749-003/2024(H5N1)	131	1553
HA|PP755589.1|A/cattle/Texas/24-008749-003/2024(H5N1)	132	1558
HA|PP755589.1|A/cattle/Texas/24-008749-003/2024(H5N1)	133	1643
HA|PP755589.1|A/cattle/Texas/24-008749-003/2024(H5N1)	134	1783
HA|PP755589.1|A/cattle/Texas/24-008749-003/2024(H5N1)	135	1680
HA|PP755589.1|A/cattle/Texas/24-008749-003/2024(H5N1)	136	1679
HA|PP755589.1|A/cattle/Texas/24-008749-003/2024(H5N1)	137	1683
HA|PP755589.1|A/cattle/Texas/24-008749-003/2024(H5N1)	138	1690
HA|PP755589.1|A/cattle/Texas/24-008749-003/2024(H5N1)	139	1694
HA|PP755589.1|A/cattle/Texas/24-008749-003/2024(H5N1)	140	1762
HA|PP755589.1|A/cattle/Texas/24-008749-003/2024(H5N1)	141	1753
HA|PP755589.1|A/cattle/Texas/24-008749-003/2024(H5N1)	142	1746
HA|PP755589.1|A/cattle/Texas/24-008749-003/2024(H5N1)	143	1744
HA|PP755589.1|A/cattle/Texas/24-008749-003/2024(H5N1)	144	1741
HA|PP755589.1|A/cattle/Texas/24-008749-003/2024(H5N1)	145	1721
HA|PP755589.1|A/cattle/Texas/24-008749-003/2024(H5N1)	146	1722
HA|PP755589.1|A/cattle/Texas/24-008749-003/2024(H5N1)	147	1728
HA|PP755589.1|A/cattle/Texas/24-008749-003/2024(H5N1)	148	1734
HA|PP755589.1|A/cattle/Texas/24-008749-003/2024(H5N1)	149	1735
HA|PP755589.1|A/cattle/Texas/24-008749-003/2024(H5N1)	150	1735
HA|PP755589.1|A/cattle/Texas/24-008749-003/2024(H5N1)	151	1732
HA|PP755589.1|A/cattle/Texas/24-008749-003/2024(H5N1)	152	1753
HA|PP755589.1|A/cattle/Texas/24-008749-003/2024(H5N1)	153	1753
HA|PP755589.1|A/cattle/Texas/24-008749-003/2024(H5N1)	154	1740
HA|PP755589.1|A/cattle/Texas/24-008749-003/2024(H5N1)	155	1742
HA|PP755589.1|A/cattle/Texas/24-008749-003/2024(H5N1)	156	1745
HA|PP755589.1|A/cattle/Texas/24-008749-003/2024(H5N1)	157	1739
HA|PP755589.1|A/cattle/Texas/24-008749-003/2024(H5N1)	158	1740
HA|PP755589.1|A/cattle/Texas/24-008749-003/2024(H5N1)	159	1655
HA|PP755589.1|A/cattle/Texas/24-008749-003/2024(H5N1)	160	1657
HA|PP755589.1|A/cattle/Texas/24-008749-003/2024(H5N1)	161	1691
HA|PP755589.1|A/cattle/Texas/24-008749-003/2024(H5N1)	162	1686
HA|PP755589.1|A/cattle/Texas/24-008749-003/2024(H5N1)	163	1692
HA|PP755589.1|A/cattle/Texas/24-008749-003/2024(H5N1)	164	1654
HA|PP755589.1|A/cattle/Texas/24-008749-003/2024(H5N1)	165	1655
HA|PP755589.1|A/cattle/Texas/24-008749-003/2024(H5N1)	166	1661
HA|PP755589.1|A/cattle/Texas/24-008749-003/2024(H5N1)	167	1657
HA|PP755589.1|A/cattle/Texas/24-008749-003/2024(H5N1)	168	1655
HA|PP755589.1|A/cattle/Texas/24-008749-003/2024(H5N1)	169	1652
HA|PP755589.1|A/cattle/Texas/24-008749-003/2024(H5N1)	170	1622
HA|PP755589.1|A/cattle/Texas/24-008749-003/2024(H5N1)	171	1556
HA|PP755589.1|A/cattle/Texas/24-008749-003/2024(H5N1)	172	1548
HA|PP755589.1|A/cattle/Texas/24-008749-003/2024(H5N1)	173	1548
HA|PP755589.1|A/cattle/Texas/24-008749-003/2024(H5N1)	174	1548
HA|PP755589.1|A/cattle/Texas/24-008749-003/2024(H5N1)	175	1588
HA|PP755589.1|A/cattle/Texas/24-008749-003/2024(H5N1)	176	1601
HA|PP755589.1|A/cattle/Texas/24-008749-003/2024(H5N1)	177	1612
HA|PP755589.1|A/cattle/Texas/24-008749-003/2024(H5N1)	178	1815
HA|PP755589.1|A/cattle/Texas/24-008749-003/2024(H5N1)	179	1818
HA|PP755589.1|A/cattle/Texas/24-008749-003/2024(H5N1)	180	1825
HA|PP755589.1|A/cattle/Texas/24-008749-003/2024(H5N1)	181	1833
HA|PP755589.1|A/cattle/Texas/24-008749-003/2024(H5N1)	182	1833
HA|PP755589.1|A/cattle/Texas/24-008749-003/2024(H5N1)	183	1835
HA|PP755589.1|A/cattle/Texas/24-008749-003/2024(H5N1)	184	1806
HA|PP755589.1|A/cattle/Texas/24-008749-003/2024(H5N1)	185	1813
HA|PP755589.1|A/cattle/Texas/24-008749-003/2024(H5N1)	186	1817
HA|PP755589.1|A/cattle/Texas/24-008749-003/2024(H5N1)	187	1817
HA|PP755589.1|A/cattle/Texas/24-008749-003/2024(H5N1)	188	1841
HA|PP755589.1|A/cattle/Texas/24-008749-003/2024(H5N1)	189	1832
HA|PP755589.1|A/cattle/Texas/24-008749-003/2024(H5N1)	190	1782
HA|PP755589.1|A/cattle/Texas/24-008749-003/2024(H5N1)	191	1766
HA|PP755589.1|A/cattle/Texas/24-008749-003/2024(H5N1)	192	1771
HA|PP755589.1|A/cattle/Texas/24-008749-003/2024(H5N1)	193	1772
HA|PP755589.1|A/cattle/Texas/24-008749-003/2024(H5N1)	194	1765
HA|PP755589.1|A/cattle/Texas/24-008749-003/2024(H5N1)	195	1750
HA|PP755589.1|A/cattle/Texas/24-008749-003/2024(H5N1)	196	1743
HA|PP755589.1|A/cattle/Texas/24-008749-003/2024(H5N1)	197	1750
HA|PP755589.1|A/cattle/Texas/24-008749-003/2024(H5N1)	198	1755
HA|PP755589.1|A/cattle/Texas/24-008749-003/2024(H5N1)	199	1761
HA|PP755589.1|A/cattle/Texas/24-008749-003/2024(H5N1)	200	1759
HA|PP755589.1|A/cattle/Texas/24-008749-003/2024(H5N1)	201	1757
HA|PP755589.1|A/cattle/Texas/24-008749-003/2024(H5N1)	202	1755
HA|PP755589.1|A/cattle/Texas/24-008749-003/2024(H5N1)	203	1755
HA|PP755589.1|A/cattle/Texas/24-008749-003/2024(H5N1)	204	1763
HA|PP755589.1|A/cattle/Texas/24-008749-003/2024(H5N1)	205	1710
HA|PP755589.1|A/cattle/Texas/24-008749-003/2024(H5N1)	206	1709
HA|PP755589.1|A/cattle/Texas/24-008749-003/2024(H5N1)	207	1756
HA|PP755589.1|A/cattle/Texas/24-008749-003/2024(H5N1)	208	1762
HA|PP755589.1|A/cattle/Texas/24-008749-003/2024(H5N1)	209	1751
HA|PP755589.1|A/cattle/Texas/24-008749-003/2024(H5N1)	210	1717
HA|PP755589.1|A/cattle/Texas/24-008749-003/2024(H5N1)	211	1719
HA|PP755589.1|A/cattle/Texas/24-008749-003/2024(H5N1)	212	1745
HA|PP755589.1|A/cattle/Texas/24-008749-003/2024(H5N1)	213	1754
HA|PP755589.1|A/cattle/Texas/24-008749-003/2024(H5N1)	214	1786
HA|PP755589.1|A/cattle/Texas/24-008749-003/2024(H5N1)	215	1813
HA|PP755589.1|A/cattle/Texas/24-008749-003/2024(H5N1)	216	1780
HA|PP755589.1|A/cattle/Texas/24-008749-003/2024(H5N1)	217	1780
HA|PP755589.1|A/cattle/Texas/24-008749-003/2024(H5N1)	218	1792
HA|PP755589.1|A/cattle/Texas/24-008749-003/2024(H5N1)	219	1786
HA|PP755589.1|A/cattle/Texas/24-008749-003/2024(H5N1)	220	1779
HA|PP755589.1|A/cattle/Texas/24-008749-003/2024(H5N1)	221	1768
HA|PP755589.1|A/cattle/Texas/24-008749-003/2024(H5N1)	222	1756
HA|PP755589.1|A/cattle/Texas/24-008749-003/2024(H5N1)	223	1761
HA|PP755589.1|A/cattle/Texas/24-008749-003/2024(H5N1)	224	1734
HA|PP755589.1|A/cattle/Texas/24-008749-003/2024(H5N1)	225	1733
HA|PP755589.1|A/cattle/Texas/24-008749-003/2024(H5N1)	226	1782
HA|PP755589.1|A/cattle/Texas/24-008749-003/2024(H5N1)	227	1770
HA|PP755589.1|A/cattle/Texas/24-008749-003/2024(H5N1)	228	1774
HA|PP755589.1|A/cattle/Texas/24-008749-003/2024(H5N1)	229	1719
HA|PP755589.1|A/cattle/Texas/24-008749-003/2024(H5N1)	230	1719
HA|PP755589.1|A/cattle/Texas/24-008749-003/2024(H5N1)	231	1715
HA|PP755589.1|A/cattle/Texas/24-008749-003/2024(H5N1)	232	1703
HA|PP755589.1|A/cattle/Texas/24-008749-003/2024(H5N1)	233	1703
HA|PP755589.1|A/cattle/Texas/24-008749-003/2024(H5N1)	234	1708
HA|PP755589.1|A/cattle/Texas/24-008749-003/2024(H5N1)	235	1708
HA|PP755589.1|A/cattle/Texas/24-008749-003/2024(H5N1)	236	1714
HA|PP755589.1|A/cattle/Texas/24-008749-003/2024(H5N1)	237	1709
HA|PP755589.1|A/cattle/Texas/24-008749-003/2024(H5N1)	238	1707
HA|PP755589.1|A/cattle/Texas/24-008749-003/2024(H5N1)	239	1658
HA|PP755589.1|A/cattle/Texas/24-008749-003/2024(H5N1)	240	1668
HA|PP755589.1|A/cattle/Texas/24-008749-003/2024(H5N1)	241	1672
HA|PP755589.1|A/cattle/Texas/24-008749-003/2024(H5N1)	242	1672
HA|PP755589.1|A/cattle/Texas/24-008749-003/2024(H5N1)	243	1660
HA|PP755589.1|A/cattle/Texas/24-008749-003/2024(H5N1)	244	1642
HA|PP755589.1|A/cattle/Texas/24-008749-003/2024(H5N1)	245	1652
HA|PP755589.1|A/cattle/Texas/24-008749-003/2024(H5N1)	246	1653
HA|PP755589.1|A/cattle/Texas/24-008749-003/2024(H5N1)	247	1672
HA|PP755589.1|A/cattle/Texas/24-008749-003/2024(H5N1)	248	1670
HA|PP755589.1|A/cattle/Texas/24-008749-003/2024(H5N1)	249	1650
HA|PP755589.1|A/cattle/Texas/24-008749-003/2024(H5N1)	250	1650
HA|PP755589.1|A/cattle/Texas/24-008749-003/2024(H5N1)	251	1652
HA|PP755589.1|A/cattle/Texas/24-008749-003/2024(H5N1)	252	1637
HA|PP755589.1|A/cattle/Texas/24-008749-003/2024(H5N1)	253	1652
HA|PP755589.1|A/cattle/Texas/24-008749-003/2024(H5N1)	254	1648
HA|PP755589.1|A/cattle/Texas/24-008749-003/2024(H5N1)	255	1676
HA|PP755589.1|A/cattle/Texas/24-008749-003/2024(H5N1)	256	1676
HA|PP755589.1|A/cattle/Texas/24-008749-003/2024(H5N1)	257	1704
HA|PP755589.1|A/cattle/Texas/24-008749-003/2024(H5N1)	258	1709
HA|PP755589.1|A/cattle/Texas/24-008749-003/2024(H5N1)	259	1709
HA|PP755589.1|A/cattle/Texas/24-008749-003/2024(H5N1)	260	1712
HA|PP755589.1|A/cattle/Texas/24-008749-003/2024(H5N1)	261	1712
HA|PP755589.1|A/cattle/Texas/24-008749-003/2024(H5N1)	262	1695
HA|PP755589.1|A/cattle/Texas/24-008749-003/2024(H5N1)	263	1702
HA|PP755589.1|A/cattle/Texas/24-008749-003/2024(H5N1)	264	1689
HA|PP755589.1|A/cattle/Texas/24-008749-003/2024(H5N1)	265	1717
HA|PP755589.1|A/cattle/Texas/24-008749-003/2024(H5N1)	266	1729
HA|PP755589.1|A/cattle/Texas/24-008749-003/2024(H5N1)	267	1721
HA|PP755589.1|A/cattle/Texas/24-008749-003/2024(H5N1)	268	1721
HA|PP755589.1|A/cattle/Texas/24-008749-003/2024(H5N1)	269	1721
HA|PP755589.1|A/cattle/Texas/24-008749-003/2024(H5N1)	270	1720
HA|PP755589.1|A/cattle/Texas/24-008749-003/2024(H5N1)	271	1729
HA|PP755589.1|A/cattle/Texas/24-008749-003/2024(H5N1)	272	1728
HA|PP755589.1|A/cattle/Texas/24-008749-003/2024(H5N1)	273	1630
HA|PP755589.1|A/cattle/Texas/24-008749-003/2024(H5N1)	274	1597
HA|PP755589.1|A/cattle/Texas/24-008749-003/2024(H5N1)	275	1595
HA|PP755589.1|A/cattle/Texas/24-008749-003/2024(H5N1)	276	1815
HA|PP755589.1|A/cattle/Texas/24-008749-003/2024(H5N1)	277	1821
HA|PP755589.1|A/cattle/Texas/24-008749-003/2024(H5N1)	278	1821
HA|PP755589.1|A/cattle/Texas/24-008749-003/2024(H5N1)	279	1819
HA|PP755589.1|A/cattle/Texas/24-008749-003/2024(H5N1)	280	1811
HA|PP755589.1|A/cattle/Texas/24-008749-003/2024(H5N1)	281	1902
HA|PP755589.1|A/cattle/Texas/24-008749-003/2024(H5N1)	282	1898
HA|PP755589.1|A/cattle/Texas/24-008749-003/2024(H5N1)	283	1910
HA|PP755589.1|A/cattle/Texas/24-008749-003/2024(H5N1)	284	1853
HA|PP755589.1|A/cattle/Texas/24-008749-003/2024(H5N1)	285	1604
HA|PP755589.1|A/cattle/Texas/24-008749-003/2024(H5N1)	286	1611
HA|PP755589.1|A/cattle/Texas/24-008749-003/2024(H5N1)	287	1624
HA|PP755589.1|A/cattle/Texas/24-008749-003/2024(H5N1)	288	1623
HA|PP755589.1|A/cattle/Texas/24-008749-003/2024(H5N1)	289	1628
HA|PP755589.1|A/cattle/Texas/24-008749-003/2024(H5N1)	290	1626
HA|PP755589.1|A/cattle/Texas/24-008749-003/2024(H5N1)	291	1624
HA|PP755589.1|A/cattle/Texas/24-008749-003/2024(H5N1)	292	1622
HA|PP755589.1|A/cattle/Texas/24-008749-003/2024(H5N1)	293	1598
HA|PP755589.1|A/cattle/Texas/24-008749-003/2024(H5N1)	294	1640
HA|PP755589.1|A/cattle/Texas/24-008749-003/2024(H5N1)	295	1648
HA|PP755589.1|A/cattle/Texas/24-008749-003/2024(H5N1)	296	1647
HA|PP755589.1|A/cattle/Texas/24-008749-003/2024(H5N1)	297	1634
HA|PP755589.1|A/cattle/Texas/24-008749-003/2024(H5N1)	298	1629
HA|PP755589.1|A/cattle/Texas/24-008749-003/2024(H5N1)	299	1648
HA|PP755589.1|A/cattle/Texas/24-008749-003/2024(H5N1)	300	1649
HA|PP755589.1|A/cattle/Texas/24-008749-003/2024(H5N1)	301	1677
HA|PP755589.1|A/cattle/Texas/24-008749-003/2024(H5N1)	302	1677
HA|PP755589.1|A/cattle/Texas/24-008749-003/2024(H5N1)	303	1648
HA|PP755589.1|A/cattle/Texas/24-008749-003/2024(H5N1)	304	1689
HA|PP755589.1|A/cattle/Texas/24-008749-003/2024(H5N1)	305	1705
HA|PP755589.1|A/cattle/Texas/24-008749-003/2024(H5N1)	306	1706
HA|PP755589.1|A/cattle/Texas/24-008749-003/2024(H5N1)	307	1706
HA|PP755589.1|A/cattle/Texas/24-008749-003/2024(H5N1)	308	1706
HA|PP755589.1|A/cattle/Texas/24-008749-003/2024(H5N1)	309	1711
HA|PP755589.1|A/cattle/Texas/24-008749-003/2024(H5N1)	310	1713
HA|PP755589.1|A/cattle/Texas/24-008749-003/2024(H5N1)	311	1759
HA|PP755589.1|A/cattle/Texas/24-008749-003/2024(H5N1)	312	1745
HA|PP755589.1|A/cattle/Texas/24-008749-003/2024(H5N1)	313	1726
HA|PP755589.1|A/cattle/Texas/24-008749-003/2024(H5N1)	314	1774
HA|PP755589.1|A/cattle/Texas/24-008749-003/2024(H5N1)	315	1841
HA|PP755589.1|A/cattle/Texas/24-008749-003/2024(H5N1)	316	1841
HA|PP755589.1|A/cattle/Texas/24-008749-003/2024(H5N1)	317	1847
HA|PP755589.1|A/cattle/Texas/24-008749-003/2024(H5N1)	318	1847
HA|PP755589.1|A/cattle/Texas/24-008749-003/2024(H5N1)	319	1855
HA|PP755589.1|A/cattle/Texas/24-008749-003/2024(H5N1)	320	1877
HA|PP755589.1|A/cattle/Texas/24-008749-003/2024(H5N1)	321	1871
HA|PP755589.1|A/cattle/Texas/24-008749-003/2024(H5N1)	322	1869
HA|PP755589.1|A/cattle/Texas/24-008749-003/2024(H5N1)	323	1848
HA|PP755589.1|A/cattle/Texas/24-008749-003/2024(H5N1)	324	1740
HA|PP755589.1|A/cattle/Texas/24-008749-003/2024(H5N1)	325	1744
HA|PP755589.1|A/cattle/Texas/24-008749-003/2024(H5N1)	326	1709
HA|PP755589.1|A/cattle/Texas/24-008749-003/2024(H5N1)	327	1706
HA|PP755589.1|A/cattle/Texas/24-008749-003/2024(H5N1)	328	1685
HA|PP755589.1|A/cattle/Texas/24-008749-003/2024(H5N1)	329	1686
HA|PP755589.1|A/cattle/Texas/24-008749-003/2024(H5N1)	330	1683
HA|PP755589.1|A/cattle/Texas/24-008749-003/2024(H5N1)	331	1690
HA|PP755589.1|A/cattle/Texas/24-008749-003/2024(H5N1)	332	1683
HA|PP755589.1|A/cattle/Texas/24-008749-003/2024(H5N1)	333	1683
HA|PP755589.1|A/cattle/Texas/24-008749-003/2024(H5N1)	334	1682
HA|PP755589.1|A/cattle/Texas/24-008749-003/2024(H5N1)	335	1680
HA|PP755589.1|A/cattle/Texas/24-008749-003/2024(H5N1)	336	1673
HA|PP755589.1|A/cattle/Texas/24-008749-003/2024(H5N1)	337	1671
HA|PP755589.1|A/cattle/Texas/24-008749-003/2024(H5N1)	338	1645
HA|PP755589.1|A/cattle/Texas/24-008749-003/2024(H5N1)	339	1651
HA|PP755589.1|A/cattle/Texas/24-008749-003/2024(H5N1)	340	1646
HA|PP755589.1|A/cattle/Texas/24-008749-003/2024(H5N1)	341	1648
HA|PP755589.1|A/cattle/Texas/24-008749-003/2024(H5N1)	342	1647
HA|PP755589.1|A/cattle/Texas/24-008749-003/2024(H5N1)	343	1647
HA|PP755589.1|A/cattle/Texas/24-008749-003/2024(H5N1)	344	1651
HA|PP755589.1|A/cattle/Texas/24-008749-003/2024(H5N1)	345	1649
HA|PP755589.1|A/cattle/Texas/24-008749-003/2024(H5N1)	346	1656
HA|PP755589.1|A/cattle/Texas/24-008749-003/2024(H5N1)	347	1690
HA|PP755589.1|A/cattle/Texas/24-008749-003/2024(H5N1)	348	1686
HA|PP755589.1|A/cattle/Texas/24-008749-003/2024(H5N1)	349	1687
HA|PP755589.1|A/cattle/Texas/24-008749-003/2024(H5N1)	350	1676
HA|PP755589.1|A/cattle/Texas/24-008749-003/2024(H5N1)	351	1677
HA|PP755589.1|A/cattle/Texas/24-008749-003/2024(H5N1)	352	1679
HA|PP755589.1|A/cattle/Texas/24-008749-003/2024(H5N1)	353	1680
HA|PP755589.1|A/cattle/Texas/24-008749-003/2024(H5N1)	354	1680
HA|PP755589.1|A/cattle/Texas/24-008749-003/2024(H5N1)	355	1680
HA|PP755589.1|A/cattle/Texas/24-008749-003/2024(H5N1)	356	1680
HA|PP755589.1|A/cattle/Texas/24-008749-003/2024(H5N1)	357	1646
HA|PP755589.1|A/cattle/Texas/24-008749-003/2024(H5N1)	358	1624
HA|PP755589.1|A/cattle/Texas/24-008749-003/2024(H5N1)	359	1619
HA|PP755589.1|A/cattle/Texas/24-008749-003/2024(H5N1)	360	1630
HA|PP755589.1|A/cattle/Texas/24-008749-003/2024(H5N1)	361	1631
HA|PP755589.1|A/cattle/Texas/24-008749-003/2024(H5N1)	362	1629
HA|PP755589.1|A/cattle/Texas/24-008749-003/2024(H5N1)	363	1631
HA|PP755589.1|A/cattle/Texas/24-008749-003/2024(H5N1)	364	1619
HA|PP755589.1|A/cattle/Texas/24-008749-003/2024(H5N1)	365	1619
HA|PP755589.1|A/cattle/Texas/24-008749-003/2024(H5N1)	366	1613
HA|PP755589.1|A/cattle/Texas/24-008749-003/2024(H5N1)	367	1598
HA|PP755589.1|A/cattle/Texas/24-008749-003/2024(H5N1)	368	1655
HA|PP755589.1|A/cattle/Texas/24-008749-003/2024(H5N1)	369	1640
HA|PP755589.1|A/cattle/Texas/24-008749-003/2024(H5N1)	370	1704
HA|PP755589.1|A/cattle/Texas/24-008749-003/2024(H5N1)	371	1714
HA|PP755589.1|A/cattle/Texas/24-008749-003/2024(H5N1)	372	1695
HA|PP755589.1|A/cattle/Texas/24-008749-003/2024(H5N1)	373	1695
HA|PP755589.1|A/cattle/Texas/24-008749-003/2024(H5N1)	374	1703
HA|PP755589.1|A/cattle/Texas/24-008749-003/2024(H5N1)	375	1704
HA|PP755589.1|A/cattle/Texas/24-008749-003/2024(H5N1)	376	1707
HA|PP755589.1|A/cattle/Texas/24-008749-003/2024(H5N1)	377	1663
HA|PP755589.1|A/cattle/Texas/24-008749-003/2024(H5N1)	378	1657
HA|PP755589.1|A/cattle/Texas/24-008749-003/2024(H5N1)	379	1662
HA|PP755589.1|A/cattle/Texas/24-008749-003/2024(H5N1)	380	1664
HA|PP755589.1|A/cattle/Texas/24-008749-003/2024(H5N1)	381	1668
HA|PP755589.1|A/cattle/Texas/24-008749-003/2024(H5N1)	382	1673
HA|PP755589.1|A/cattle/Texas/24-008749-003/2024(H5N1)	383	1700
HA|PP755589.1|A/cattle/Texas/24-008749-003/2024(H5N1)	384	1699
HA|PP755589.1|A/cattle/Texas/24-008749-003/2024(H5N1)	385	1701
HA|PP755589.1|A/cattle/Texas/24-008749-003/2024(H5N1)	386	1693
HA|PP755589.1|A/cattle/Texas/24-008749-003/2024(H5N1)	387	1702
HA|PP755589.1|A/cattle/Texas/24-008749-003/2024(H5N1)	388	1728
HA|PP755589.1|A/cattle/Texas/24-008749-003/2024(H5N1)	389	1728
HA|PP755589.1|A/cattle/Texas/24-008749-003/2024(H5N1)	390	1729
HA|PP755589.1|A/cattle/Texas/24-008749-003/2024(H5N1)	391	1718
HA|PP755589.1|A/cattle/Texas/24-008749-003/2024(H5N1)	392	1711
HA|PP755589.1|A/cattle/Texas/24-008749-003/2024(H5N1)	393	1717
HA|PP755589.1|A/cattle/Texas/24-008749-003/2024(H5N1)	394	1756
HA|PP755589.1|A/cattle/Texas/24-008749-003/2024(H5N1)	395	1751
HA|PP755589.1|A/cattle/Texas/24-008749-003/2024(H5N1)	396	1731
HA|PP755589.1|A/cattle/Texas/24-008749-003/2024(H5N1)	397	1716
HA|PP755589.1|A/cattle/Texas/24-008749-003/2024(H5N1)	398	1798
HA|PP755589.1|A/cattle/Texas/24-008749-003/2024(H5N1)	399	1809
HA|PP755589.1|A/cattle/Texas/24-008749-003/2024(H5N1)	400	1809
HA|PP755589.1|A/cattle/Texas/24-008749-003/2024(H5N1)	401	1810
HA|PP755589.1|A/cattle/Texas/24-008749-003/2024(H5N1)	402	1816
HA|PP755589.1|A/cattle/Texas/24-008749-003/2024(H5N1)	403	1818
HA|PP755589.1|A/cattle/Texas/24-008749-003/2024(H5N1)	404	1812
HA|PP755589.1|A/cattle/Texas/24-008749-003/2024(H5N1)	405	1812
HA|PP755589.1|A/cattle/Texas/24-008749-003/2024(H5N1)	406	1783
HA|PP755589.1|A/cattle/Texas/24-008749-003/2024(H5N1)	407	1789
HA|PP755589.1|A/cattle/Texas/24-008749-003/2024(H5N1)	408	1752
HA|PP755589.1|A/cattle/Texas/24-008749-003/2024(H5N1)	409	1750
HA|PP755589.1|A/cattle/Texas/24-008749-003/2024(H5N1)	410	1750
HA|PP755589.1|A/cattle/Texas/24-008749-003/2024(H5N1)	411	1740
HA|PP755589.1|A/cattle/Texas/24-008749-003/2024(H5N1)	412	1735
HA|PP755589.1|A/cattle/Texas/24-008749-003/2024(H5N1)	413	1743
HA|PP755589.1|A/cattle/Texas/24-008749-003/2024(H5N1)	414	1742
HA|PP755589.1|A/cattle/Texas/24-008749-003/2024(H5N1)	415	1719
HA|PP755589.1|A/cattle/Texas/24-008749-003/2024(H5N1)	416	1711
HA|PP755589.1|A/cattle/Texas/24-008749-003/2024(H5N1)	417	1712
HA|PP755589.1|A/cattle/Texas/24-008749-003/2024(H5N1)	418	1714
HA|PP755589.1|A/cattle/Texas/24-008749-003/2024(H5N1)	419	1735
HA|PP755589.1|A/cattle/Texas/24-008749-003/2024(H5N1)	420	1741
HA|PP755589.1|A/cattle/Texas/24-008749-003/2024(H5N1)	421	1805
HA|PP755589.1|A/cattle/Texas/24-008749-003/2024(H5N1)	422	1809
HA|PP755589.1|A/cattle/Texas/24-008749-003/2024(H5N1)	423	1831
HA|PP755589.1|A/cattle/Texas/24-008749-003/2024(H5N1)	424	1831
HA|PP755589.1|A/cattle/Texas/24-008749-003/2024(H5N1)	425	1833
HA|PP755589.1|A/cattle/Texas/24-008749-003/2024(H5N1)	426	1833
HA|PP755589.1|A/cattle/Texas/24-008749-003/2024(H5N1)	427	1618
HA|PP755589.1|A/cattle/Texas/24-008749-003/2024(H5N1)	428	1616
HA|PP755589.1|A/cattle/Texas/24-008749-003/2024(H5N1)	429	1625
HA|PP755589.1|A/cattle/Texas/24-008749-003/2024(H5N1)	430	1620
HA|PP755589.1|A/cattle/Texas/24-008749-003/2024(H5N1)	431	1659
HA|PP755589.1|A/cattle/Texas/24-008749-003/2024(H5N1)	432	1662
HA|PP755589.1|A/cattle/Texas/24-008749-003/2024(H5N1)	433	1668
HA|PP755589.1|A/cattle/Texas/24-008749-003/2024(H5N1)	434	1660
HA|PP755589.1|A/cattle/Texas/24-008749-003/2024(H5N1)	435	1660
HA|PP755589.1|A/cattle/Texas/24-008749-003/2024(H5N1)	436	1668
HA|PP755589.1|A/cattle/Texas/24-008749-003/2024(H5N1)	437	1659
HA|PP755589.1|A/cattle/Texas/24-008749-003/2024(H5N1)	438	1673
HA|PP755589.1|A/cattle/Texas/24-008749-003/2024(H5N1)	439	1673
HA|PP755589.1|A/cattle/Texas/24-008749-003/2024(H5N1)	440	1578
HA|PP755589.1|A/cattle/Texas/24-008749-003/2024(H5N1)	441	1580
HA|PP755589.1|A/cattle/Texas/24-008749-003/2024(H5N1)	442	1571
HA|PP755589.1|A/cattle/Texas/24-008749-003/2024(H5N1)	443	1573
HA|PP755589.1|A/cattle/Texas/24-008749-003/2024(H5N1)	444	1554
HA|PP755589.1|A/cattle/Texas/24-008749-003/2024(H5N1)	445	1542
HA|PP755589.1|A/cattle/Texas/24-008749-003/2024(H5N1)	446	1551
HA|PP755589.1|A/cattle/Texas/24-008749-003/2024(H5N1)	447	1528
HA|PP755589.1|A/cattle/Texas/24-008749-003/2024(H5N1)	448	1531
HA|PP755589.1|A/cattle/Texas/24-008749-003/2024(H5N1)	449	1539
HA|PP755589.1|A/cattle/Texas/24-008749-003/2024(H5N1)	450	1526
HA|PP755589.1|A/cattle/Texas/24-008749-003/2024(H5N1)	451	1524
HA|PP755589.1|A/cattle/Texas/24-008749-003/2024(H5N1)	452	1567
HA|PP755589.1|A/cattle/Texas/24-008749-003/2024(H5N1)	453	1576
HA|PP755589.1|A/cattle/Texas/24-008749-003/2024(H5N1)	454	1581
HA|PP755589.1|A/cattle/Texas/24-008749-003/2024(H5N1)	455	1561
HA|PP755589.1|A/cattle/Texas/24-008749-003/2024(H5N1)	456	1611
HA|PP755589.1|A/cattle/Texas/24-008749-003/2024(H5N1)	457	1613
HA|PP755589.1|A/cattle/Texas/24-008749-003/2024(H5N1)	458	1611
HA|PP755589.1|A/cattle/Texas/24-008749-003/2024(H5N1)	459	1616
HA|PP755589.1|A/cattle/Texas/24-008749-003/2024(H5N1)	460	1612
HA|PP755589.1|A/cattle/Texas/24-008749-003/2024(H5N1)	461	1559
HA|PP755589.1|A/cattle/Texas/24-008749-003/2024(H5N1)	462	1561
HA|PP755589.1|A/cattle/Texas/24-008749-003/2024(H5N1)	463	1568
HA|PP755589.1|A/cattle/Texas/24-008749-003/2024(H5N1)	464	1568
HA|PP755589.1|A/cattle/Texas/24-008749-003/2024(H5N1)	465	1502
HA|PP755589.1|A/cattle/Texas/24-008749-003/2024(H5N1)	466	1440
HA|PP755589.1|A/cattle/Texas/24-008749-003/2024(H5N1)	467	1442
HA|PP755589.1|A/cattle/Texas/24-008749-003/2024(H5N1)	468	1440
HA|PP755589.1|A/cattle/Texas/24-008749-003/2024(H5N1)	469	1433
HA|PP755589.1|A/cattle/Texas/24-008749-003/2024(H5N1)	470	1415
HA|PP755589.1|A/cattle/Texas/24-008749-003/2024(H5N1)	471	1410
HA|PP755589.1|A/cattle/Texas/24-008749-003/2024(H5N1)	472	1408
HA|PP755589.1|A/cattle/Texas/24-008749-003/2024(H5N1)	473	1417
HA|PP755589.1|A/cattle/Texas/24-008749-003/2024(H5N1)	474	1414
HA|PP755589.1|A/cattle/Texas/24-008749-003/2024(H5N1)	475	1411
HA|PP755589.1|A/cattle/Texas/24-008749-003/2024(H5N1)	476	1415
HA|PP755589.1|A/cattle/Texas/24-008749-003/2024(H5N1)	477	1414
HA|PP755589.1|A/cattle/Texas/24-008749-003/2024(H5N1)	478	1419
HA|PP755589.1|A/cattle/Texas/24-008749-003/2024(H5N1)	479	1423
HA|PP755589.1|A/cattle/Texas/24-008749-003/2024(H5N1)	480	1400
HA|PP755589.1|A/cattle/Texas/24-008749-003/2024(H5N1)	481	1398
HA|PP755589.1|A/cattle/Texas/24-008749-003/2024(H5N1)	482	1402
HA|PP755589.1|A/cattle/Texas/24-008749-003/2024(H5N1)	483	1402
HA|PP755589.1|A/cattle/Texas/24-008749-003/2024(H5N1)	484	1406
HA|PP755589.1|A/cattle/Texas/24-008749-003/2024(H5N1)	485	1411
HA|PP755589.1|A/cattle/Texas/24-008749-003/2024(H5N1)	486	1410
HA|PP755589.1|A/cattle/Texas/24-008749-003/2024(H5N1)	487	1420
HA|PP755589.1|A/cattle/Texas/24-008749-003/2024(H5N1)	488	1417
HA|PP755589.1|A/cattle/Texas/24-008749-003/2024(H5N1)	489	1427
HA|PP755589.1|A/cattle/Texas/24-008749-003/2024(H5N1)	490	1428
HA|PP755589.1|A/cattle/Texas/24-008749-003/2024(H5N1)	491	1425
HA|PP755589.1|A/cattle/Texas/24-008749-003/2024(H5N1)	492	1422
HA|PP755589.1|A/cattle/Texas/24-008749-003/2024(H5N1)	493	1425
HA|PP755589.1|A/cattle/Texas/24-008749-003/2024(H5N1)	494	1416
HA|PP755589.1|A/cattle/Texas/24-008749-003/2024(H5N1)	495	1429
HA|PP755589.1|A/cattle/Texas/24-008749-003/2024(H5N1)	496	1415
HA|PP755589.1|A/cattle/Texas/24-008749-003/2024(H5N1)	497	1410
HA|PP755589.1|A/cattle/Texas/24-008749-003/2024(H5N1)	498	1390
HA|PP755589.1|A/cattle/Texas/24-008749-003/2024(H5N1)	499	1388
HA|PP755589.1|A/cattle/Texas/24-008749-003/2024(H5N1)	500	1376
HA|PP755589.1|A/cattle/Texas/24-008749-003/2024(H5N1)	501	1375
HA|PP755589.1|A/cattle/Texas/24-008749-003/2024(H5N1)	502	1379
HA|PP755589.1|A/cattle/Texas/24-008749-003/2024(H5N1)	503	1378
HA|PP755589.1|A/cattle/Texas/24-008749-003/2024(H5N1)	504	1379
HA|PP755589.1|A/cattle/Texas/24-008749-003/2024(H5N1)	505	1380
HA|PP755589.1|A/cattle/Texas/24-008749-003/2024(H5N1)	506	1370
HA|PP755589.1|A/cattle/Texas/24-008749-003/2024(H5N1)	507	1386
HA|PP755589.1|A/cattle/Texas/24-008749-003/2024(H5N1)	508	1376
HA|PP755589.1|A/cattle/Texas/24-008749-003/2024(H5N1)	509	1380
HA|PP755589.1|A/cattle/Texas/24-008749-003/2024(H5N1)	510	1365
HA|PP755589.1|A/cattle/Texas/24-008749-003/2024(H5N1)	511	1365
HA|PP755589.1|A/cattle/Texas/24-008749-003/2024(H5N1)	512	1412
HA|PP755589.1|A/cattle/Texas/24-008749-003/2024(H5N1)	513	1415
HA|PP755589.1|A/cattle/Texas/24-008749-003/2024(H5N1)	514	1397
HA|PP755589.1|A/cattle/Texas/24-008749-003/2024(H5N1)	515	1395
HA|PP755589.1|A/cattle/Texas/24-008749-003/2024(H5N1)	516	1399
HA|PP755589.1|A/cattle/Texas/24-008749-003/2024(H5N1)	517	1427
HA|PP755589.1|A/cattle/Texas/24-008749-003/2024(H5N1)	518	1423
HA|PP755589.1|A/cattle/Texas/24-008749-003/2024(H5N1)	519	1387
HA|PP755589.1|A/cattle/Texas/24-008749-003/2024(H5N1)	520	1377
HA|PP755589.1|A/cattle/Texas/24-008749-003/2024(H5N1)	521	1321
HA|PP755589.1|A/cattle/Texas/24-008749-003/2024(H5N1)	522	1319
HA|PP755589.1|A/cattle/Texas/24-008749-003/2024(H5N1)	523	1321
HA|PP755589.1|A/cattle/Texas/24-008749-003/2024(H5N1)	524	1362
HA|PP755589.1|A/cattle/Texas/24-008749-003/2024(H5N1)	525	1348
HA|PP755589.1|A/cattle/Texas/24-008749-003/2024(H5N1)	526	1348
HA|PP755589.1|A/cattle/Texas/24-008749-003/2024(H5N1)	527	1347
HA|PP755589.1|A/cattle/Texas/24-008749-003/2024(H5N1)	528	1334
HA|PP755589.1|A/cattle/Texas/24-008749-003/2024(H5N1)	529	1350
HA|PP755589.1|A/cattle/Texas/24-008749-003/2024(H5N1)	530	1347
HA|PP755589.1|A/cattle/Texas/24-008749-003/2024(H5N1)	531	1347
HA|PP755589.1|A/cattle/Texas/24-008749-003/2024(H5N1)	532	1338
HA|PP755589.1|A/cattle/Texas/24-008749-003/2024(H5N1)	533	1295
HA|PP755589.1|A/cattle/Texas/24-008749-003/2024(H5N1)	534	1300
HA|PP755589.1|A/cattle/Texas/24-008749-003/2024(H5N1)	535	1318
HA|PP755589.1|A/cattle/Texas/24-008749-003/2024(H5N1)	536	1331
HA|PP755589.1|A/cattle/Texas/24-008749-003/2024(H5N1)	537	1323
HA|PP755589.1|A/cattle/Texas/24-008749-003/2024(H5N1)	538	1324
HA|PP755589.1|A/cattle/Texas/24-008749-003/2024(H5N1)	539	1316
HA|PP755589.1|A/cattle/Texas/24-008749-003/2024(H5N1)	540	1379
HA|PP755589.1|A/cattle/Texas/24-008749-003/2024(H5N1)	541	1379
HA|PP755589.1|A/cattle/Texas/24-008749-003/2024(H5N1)	542	1379
HA|PP755589.1|A/cattle/Texas/24-008749-003/2024(H5N1)	543	1382
HA|PP755589.1|A/cattle/Texas/24-008749-003/2024(H5N1)	544	1344
HA|PP755589.1|A/cattle/Texas/24-008749-003/2024(H5N1)	545	1348
HA|PP755589.1|A/cattle/Texas/24-008749-003/2024(H5N1)	546	1348
HA|PP755589.1|A/cattle/Texas/24-008749-003/2024(H5N1)	547	1349
HA|PP755589.1|A/cattle/Texas/24-008749-003/2024(H5N1)	548	1337
HA|PP755589.1|A/cattle/Texas/24-008749-003/2024(H5N1)	549	1248
HA|PP755589.1|A/cattle/Texas/24-008749-003/2024(H5N1)	550	1249
HA|PP755589.1|A/cattle/Texas/24-008749-003/2024(H5N1)	551	1254
HA|PP755589.1|A/cattle/Texas/24-008749-003/2024(H5N1)	552	1254
HA|PP755589.1|A/cattle/Texas/24-008749-003/2024(H5N1)	553	1251
HA|PP755589.1|A/cattle/Texas/24-008749-003/2024(H5N1)	554	1252
HA|PP755589.1|A/cattle/Texas/24-008749-003/2024(H5N1)	555	1254
HA|PP755589.1|A/cattle/Texas/24-008749-003/2024(H5N1)	556	1254
HA|PP755589.1|A/cattle/Texas/24-008749-003/2024(H5N1)	557	1257
HA|PP755589.1|A/cattle/Texas/24-008749-003/2024(H5N1)	558	1253
HA|PP755589.1|A/cattle/Texas/24-008749-003/2024(H5N1)	559	1261
HA|PP755589.1|A/cattle/Texas/24-008749-003/2024(H5N1)	560	1260
HA|PP755589.1|A/cattle/Texas/24-008749-003/2024(H5N1)	561	1272
HA|PP755589.1|A/cattle/Texas/24-008749-003/2024(H5N1)	562	1288
HA|PP755589.1|A/cattle/Texas/24-008749-003/2024(H5N1)	563	1307
HA|PP755589.1|A/cattle/Texas/24-008749-003/2024(H5N1)	564	1338
HA|PP755589.1|A/cattle/Texas/24-008749-003/2024(H5N1)	565	1334
HA|PP755589.1|A/cattle/Texas/24-008749-003/2024(H5N1)	566	1335
HA|PP755589.1|A/cattle/Texas/24-008749-003/2024(H5N1)	567	1336
HA|PP755589.1|A/cattle/Texas/24-008749-003/2024(H5N1)	568	1339
HA|PP755589.1|A/cattle/Texas/24-008749-003/2024(H5N1)	569	1335
HA|PP755589.1|A/cattle/Texas/24-008749-003/2024(H5N1)	570	1310
HA|PP755589.1|A/cattle/Texas/24-008749-003/2024(H5N1)	571	1321
HA|PP755589.1|A/cattle/Texas/24-008749-003/2024(H5N1)	572	1276
HA|PP755589.1|A/cattle/Texas/24-008749-003/2024(H5N1)	573	1320
HA|PP755589.1|A/cattle/Texas/24-008749-003/2024(H5N1)	574	1307
HA|PP755589.1|A/cattle/Texas/24-008749-003/2024(H5N1)	575	1307
HA|PP755589.1|A/cattle/Texas/24-008749-003/2024(H5N1)	576	1305
HA|PP755589.1|A/cattle/Texas/24-008749-003/2024(H5N1)	577	1303
HA|PP755589.1|A/cattle/Texas/24-008749-003/2024(H5N1)	578	1342
HA|PP755589.1|A/cattle/Texas/24-008749-003/2024(H5N1)	579	1330
HA|PP755589.1|A/cattle/Texas/24-008749-003/2024(H5N1)	580	1332
HA|PP755589.1|A/cattle/Texas/24-008749-003/2024(H5N1)	581	1328
HA|PP755589.1|A/cattle/Texas/24-008749-003/2024(H5N1)	582	1222
HA|PP755589.1|A/cattle/Texas/24-008749-003/2024(H5N1)	583	1210
HA|PP755589.1|A/cattle/Texas/24-008749-003/2024(H5N1)	584	1209
HA|PP755589.1|A/cattle/Texas/24-008749-003/2024(H5N1)	585	1242
HA|PP755589.1|A/cattle/Texas/24-008749-003/2024(H5N1)	586	1239
HA|PP755589.1|A/cattle/Texas/24-008749-003/2024(H5N1)	587	1222
HA|PP755589.1|A/cattle/Texas/24-008749-003/2024(H5N1)	588	1232
HA|PP755589.1|A/cattle/Texas/24-008749-003/2024(H5N1)	589	1219
HA|PP755589.1|A/cattle/Texas/24-008749-003/2024(H5N1)	590	1266
HA|PP755589.1|A/cattle/Texas/24-008749-003/2024(H5N1)	591	1272
HA|PP755589.1|A/cattle/Texas/24-008749-003/2024(H5N1)	592	1266
HA|PP755589.1|A/cattle/Texas/24-008749-003/2024(H5N1)	593	1266
HA|PP755589.1|A/cattle/Texas/24-008749-003/2024(H5N1)	594	1273
HA|PP755589.1|A/cattle/Texas/24-008749-003/2024(H5N1)	595	1262
HA|PP755589.1|A/cattle/Texas/24-008749-003/2024(H5N1)	596	1313
HA|PP755589.1|A/cattle/Texas/24-008749-003/2024(H5N1)	597	1295
HA|PP755589.1|A/cattle/Texas/24-008749-003/2024(H5N1)	598	1298
HA|PP755589.1|A/cattle/Texas/24-008749-003/2024(H5N1)	599	1296
HA|PP755589.1|A/cattle/Texas/24-008749-003/2024(H5N1)	600	1285
HA|PP755589.1|A/cattle/Texas/24-008749-003/2024(H5N1)	601	1293
HA|PP755589.1|A/cattle/Texas/24-008749-003/2024(H5N1)	602	1308
HA|PP755589.1|A/cattle/Texas/24-008749-003/2024(H5N1)	603	1267
HA|PP755589.1|A/cattle/Texas/24-008749-003/2024(H5N1)	604	1277
HA|PP755589.1|A/cattle/Texas/24-008749-003/2024(H5N1)	605	1230
HA|PP755589.1|A/cattle/Texas/24-008749-003/2024(H5N1)	606	1231
HA|PP755589.1|A/cattle/Texas/24-008749-003/2024(H5N1)	607	1181
HA|PP755589.1|A/cattle/Texas/24-008749-003/2024(H5N1)	608	1183
HA|PP755589.1|A/cattle/Texas/24-008749-003/2024(H5N1)	609	1192
HA|PP755589.1|A/cattle/Texas/24-008749-003/2024(H5N1)	610	1192
HA|PP755589.1|A/cattle/Texas/24-008749-003/2024(H5N1)	611	1199
HA|PP755589.1|A/cattle/Texas/24-008749-003/2024(H5N1)	612	1199
HA|PP755589.1|A/cattle/Texas/24-008749-003/2024(H5N1)	613	1188
HA|PP755589.1|A/cattle/Texas/24-008749-003/2024(H5N1)	614	1187
HA|PP755589.1|A/cattle/Texas/24-008749-003/2024(H5N1)	615	1193
HA|PP755589.1|A/cattle/Texas/24-008749-003/2024(H5N1)	616	1225
HA|PP755589.1|A/cattle/Texas/24-008749-003/2024(H5N1)	617	1216
HA|PP755589.1|A/cattle/Texas/24-008749-003/2024(H5N1)	618	1215
HA|PP755589.1|A/cattle/Texas/24-008749-003/2024(H5N1)	619	1213
HA|PP755589.1|A/cattle/Texas/24-008749-003/2024(H5N1)	620	1221
HA|PP755589.1|A/cattle/Texas/24-008749-003/2024(H5N1)	621	1220
HA|PP755589.1|A/cattle/Texas/24-008749-003/2024(H5N1)	622	1218
HA|PP755589.1|A/cattle/Texas/24-008749-003/2024(H5N1)	623	1218
HA|PP755589.1|A/cattle/Texas/24-008749-003/2024(H5N1)	624	1220
HA|PP755589.1|A/cattle/Texas/24-008749-003/2024(H5N1)	625	1223
HA|PP755589.1|A/cattle/Texas/24-008749-003/2024(H5N1)	626	1228
HA|PP755589.1|A/cattle/Texas/24-008749-003/2024(H5N1)	627	1229
HA|PP755589.1|A/cattle/Texas/24-008749-003/2024(H5N1)	628	1230
HA|PP755589.1|A/cattle/Texas/24-008749-003/2024(H5N1)	629	1225
HA|PP755589.1|A/cattle/Texas/24-008749-003/2024(H5N1)	630	1223
HA|PP755589.1|A/cattle/Texas/24-008749-003/2024(H5N1)	631	1228
HA|PP755589.1|A/cattle/Texas/24-008749-003/2024(H5N1)	632	1228
HA|PP755589.1|A/cattle/Texas/24-008749-003/2024(H5N1)	633	1234
HA|PP755589.1|A/cattle/Texas/24-008749-003/2024(H5N1)	634	1245
HA|PP755589.1|A/cattle/Texas/24-008749-003/2024(H5N1)	635	1254
HA|PP755589.1|A/cattle/Texas/24-008749-003/2024(H5N1)	636	1246
HA|PP755589.1|A/cattle/Texas/24-008749-003/2024(H5N1)	637	1245
HA|PP755589.1|A/cattle/Texas/24-008749-003/2024(H5N1)	638	1254
HA|PP755589.1|A/cattle/Texas/24-008749-003/2024(H5N1)	639	1247
HA|PP755589.1|A/cattle/Texas/24-008749-003/2024(H5N1)	640	1240
HA|PP755589.1|A/cattle/Texas/24-008749-003/2024(H5N1)	641	1238
HA|PP755589.1|A/cattle/Texas/24-008749-003/2024(H5N1)	642	1234
HA|PP755589.1|A/cattle/Texas/24-008749-003/2024(H5N1)	643	1227
HA|PP755589.1|A/cattle/Texas/24-008749-003/2024(H5N1)	644	1222
HA|PP755589.1|A/cattle/Texas/24-008749-003/2024(H5N1)	645	1218
HA|PP755589.1|A/cattle/Texas/24-008749-003/2024(H5N1)	646	1220
HA|PP755589.1|A/cattle/Texas/24-008749-003/2024(H5N1)	647	1211
HA|PP755589.1|A/cattle/Texas/24-008749-003/2024(H5N1)	648	1211
HA|PP755589.1|A/cattle/Texas/24-008749-003/2024(H5N1)	649	1211
HA|PP755589.1|A/cattle/Texas/24-008749-003/2024(H5N1)	650	1216
HA|PP755589.1|A/cattle/Texas/24-008749-003/2024(H5N1)	651	1253
HA|PP755589.1|A/cattle/Texas/24-008749-003/2024(H5N1)	652	1262
HA|PP755589.1|A/cattle/Texas/24-008749-003/2024(H5N1)	653	1265
HA|PP755589.1|A/cattle/Texas/24-008749-003/2024(H5N1)	654	1270
HA|PP755589.1|A/cattle/Texas/24-008749-003/2024(H5N1)	655	1266
HA|PP755589.1|A/cattle/Texas/24-008749-003/2024(H5N1)	656	1274
HA|PP755589.1|A/cattle/Texas/24-008749-003/2024(H5N1)	657	1287
HA|PP755589.1|A/cattle/Texas/24-008749-003/2024(H5N1)	658	1286
HA|PP755589.1|A/cattle/Texas/24-008749-003/2024(H5N1)	659	1306
HA|PP755589.1|A/cattle/Texas/24-008749-003/2024(H5N1)	660	1299
HA|PP755589.1|A/cattle/Texas/24-008749-003/2024(H5N1)	661	1302
HA|PP755589.1|A/cattle/Texas/24-008749-003/2024(H5N1)	662	1291
HA|PP755589.1|A/cattle/Texas/24-008749-003/2024(H5N1)	663	1252
HA|PP755589.1|A/cattle/Texas/24-008749-003/2024(H5N1)	664	1264
HA|PP755589.1|A/cattle/Texas/24-008749-003/2024(H5N1)	665	1275
HA|PP755589.1|A/cattle/Texas/24-008749-003/2024(H5N1)	666	1275
HA|PP755589.1|A/cattle/Texas/24-008749-003/2024(H5N1)	667	1260
HA|PP755589.1|A/cattle/Texas/24-008749-003/2024(H5N1)	668	1230
HA|PP755589.1|A/cattle/Texas/24-008749-003/2024(H5N1)	669	1233
HA|PP755589.1|A/cattle/Texas/24-008749-003/2024(H5N1)	670	1221
HA|PP755589.1|A/cattle/Texas/24-008749-003/2024(H5N1)	671	1244
HA|PP755589.1|A/cattle/Texas/24-008749-003/2024(H5N1)	672	1241
HA|PP755589.1|A/cattle/Texas/24-008749-003/2024(H5N1)	673	1227
HA|PP755589.1|A/cattle/Texas/24-008749-003/2024(H5N1)	674	1221
HA|PP755589.1|A/cattle/Texas/24-008749-003/2024(H5N1)	675	1182
HA|PP755589.1|A/cattle/Texas/24-008749-003/2024(H5N1)	676	1188
HA|PP755589.1|A/cattle/Texas/24-008749-003/2024(H5N1)	677	1191
HA|PP755589.1|A/cattle/Texas/24-008749-003/2024(H5N1)	678	1193
HA|PP755589.1|A/cattle/Texas/24-008749-003/2024(H5N1)	679	1193
HA|PP755589.1|A/cattle/Texas/24-008749-003/2024(H5N1)	680	1169
HA|PP755589.1|A/cattle/Texas/24-008749-003/2024(H5N1)	681	1179
HA|PP755589.1|A/cattle/Texas/24-008749-003/2024(H5N1)	682	1177
HA|PP755589.1|A/cattle/Texas/24-008749-003/2024(H5N1)	683	1179
HA|PP755589.1|A/cattle/Texas/24-008749-003/2024(H5N1)	684	1180
HA|PP755589.1|A/cattle/Texas/24-008749-003/2024(H5N1)	685	1174
HA|PP755589.1|A/cattle/Texas/24-008749-003/2024(H5N1)	686	1163
HA|PP755589.1|A/cattle/Texas/24-008749-003/2024(H5N1)	687	1153
HA|PP755589.1|A/cattle/Texas/24-008749-003/2024(H5N1)	688	1151
HA|PP755589.1|A/cattle/Texas/24-008749-003/2024(H5N1)	689	1098
HA|PP755589.1|A/cattle/Texas/24-008749-003/2024(H5N1)	690	1096
HA|PP755589.1|A/cattle/Texas/24-008749-003/2024(H5N1)	691	1132
HA|PP755589.1|A/cattle/Texas/24-008749-003/2024(H5N1)	692	1133
HA|PP755589.1|A/cattle/Texas/24-008749-003/2024(H5N1)	693	1132
HA|PP755589.1|A/cattle/Texas/24-008749-003/2024(H5N1)	694	1129
HA|PP755589.1|A/cattle/Texas/24-008749-003/2024(H5N1)	695	1129
HA|PP755589.1|A/cattle/Texas/24-008749-003/2024(H5N1)	696	1129
HA|PP755589.1|A/cattle/Texas/24-008749-003/2024(H5N1)	697	1126
HA|PP755589.1|A/cattle/Texas/24-008749-003/2024(H5N1)	698	1127
HA|PP755589.1|A/cattle/Texas/24-008749-003/2024(H5N1)	699	1128
HA|PP755589.1|A/cattle/Texas/24-008749-003/2024(H5N1)	700	1119
HA|PP755589.1|A/cattle/Texas/24-008749-003/2024(H5N1)	701	1122
HA|PP755589.1|A/cattle/Texas/24-008749-003/2024(H5N1)	702	1115
HA|PP755589.1|A/cattle/Texas/24-008749-003/2024(H5N1)	703	1128
HA|PP755589.1|A/cattle/Texas/24-008749-003/2024(H5N1)	704	1121
HA|PP755589.1|A/cattle/Texas/24-008749-003/2024(H5N1)	705	1116
HA|PP755589.1|A/cattle/Texas/24-008749-003/2024(H5N1)	706	1129
HA|PP755589.1|A/cattle/Texas/24-008749-003/2024(H5N1)	707	1129
HA|PP755589.1|A/cattle/Texas/24-008749-003/2024(H5N1)	708	1131
HA|PP755589.1|A/cattle/Texas/24-008749-003/2024(H5N1)	709	1128
HA|PP755589.1|A/cattle/Texas/24-008749-003/2024(H5N1)	710	1126
HA|PP755589.1|A/cattle/Texas/24-008749-003/2024(H5N1)	711	1128
HA|PP755589.1|A/cattle/Texas/24-008749-003/2024(H5N1)	712	1115
HA|PP755589.1|A/cattle/Texas/24-008749-003/2024(H5N1)	713	1113
HA|PP755589.1|A/cattle/Texas/24-008749-003/2024(H5N1)	714	1170
HA|PP755589.1|A/cattle/Texas/24-008749-003/2024(H5N1)	715	1177
HA|PP755589.1|A/cattle/Texas/24-008749-003/2024(H5N1)	716	1184
HA|PP755589.1|A/cattle/Texas/24-008749-003/2024(H5N1)	717	1183
HA|PP755589.1|A/cattle/Texas/24-008749-003/2024(H5N1)	718	1181
HA|PP755589.1|A/cattle/Texas/24-008749-003/2024(H5N1)	719	1188
HA|PP755589.1|A/cattle/Texas/24-008749-003/2024(H5N1)	720	1198
HA|PP755589.1|A/cattle/Texas/24-008749-003/2024(H5N1)	721	1201
HA|PP755589.1|A/cattle/Texas/24-008749-003/2024(H5N1)	722	1196
HA|PP755589.1|A/cattle/Texas/24-008749-003/2024(H5N1)	723	1165
HA|PP755589.1|A/cattle/Texas/24-008749-003/2024(H5N1)	724	1123
HA|PP755589.1|A/cattle/Texas/24-008749-003/2024(H5N1)	725	1155
HA|PP755589.1|A/cattle/Texas/24-008749-003/2024(H5N1)	726	1154
HA|PP755589.1|A/cattle/Texas/24-008749-003/2024(H5N1)	727	1175
HA|PP755589.1|A/cattle/Texas/24-008749-003/2024(H5N1)	728	1159
HA|PP755589.1|A/cattle/Texas/24-008749-003/2024(H5N1)	729	1133
HA|PP755589.1|A/cattle/Texas/24-008749-003/2024(H5N1)	730	1126
HA|PP755589.1|A/cattle/Texas/24-008749-003/2024(H5N1)	731	1120
HA|PP755589.1|A/cattle/Texas/24-008749-003/2024(H5N1)	732	1167
HA|PP755589.1|A/cattle/Texas/24-008749-003/2024(H5N1)	733	1171
HA|PP755589.1|A/cattle/Texas/24-008749-003/2024(H5N1)	734	1171
HA|PP755589.1|A/cattle/Texas/24-008749-003/2024(H5N1)	735	1156
HA|PP755589.1|A/cattle/Texas/24-008749-003/2024(H5N1)	736	1132
HA|PP755589.1|A/cattle/Texas/24-008749-003/2024(H5N1)	737	1133
HA|PP755589.1|A/cattle/Texas/24-008749-003/2024(H5N1)	738	1133
HA|PP755589.1|A/cattle/Texas/24-008749-003/2024(H5N1)	739	1139
HA|PP755589.1|A/cattle/Texas/24-008749-003/2024(H5N1)	740	1145
HA|PP755589.1|A/cattle/Texas/24-008749-003/2024(H5N1)	741	1091
HA|PP755589.1|A/cattle/Texas/24-008749-003/2024(H5N1)	742	1092
HA|PP755589.1|A/cattle/Texas/24-008749-003/2024(H5N1)	743	1100
HA|PP755589.1|A/cattle/Texas/24-008749-003/2024(H5N1)	744	1108
HA|PP755589.1|A/cattle/Texas/24-008749-003/2024(H5N1)	745	1132
HA|PP755589.1|A/cattle/Texas/24-008749-003/2024(H5N1)	746	1135
HA|PP755589.1|A/cattle/Texas/24-008749-003/2024(H5N1)	747	1090
HA|PP755589.1|A/cattle/Texas/24-008749-003/2024(H5N1)	748	1112
HA|PP755589.1|A/cattle/Texas/24-008749-003/2024(H5N1)	749	1112
HA|PP755589.1|A/cattle/Texas/24-008749-003/2024(H5N1)	750	1113
HA|PP755589.1|A/cattle/Texas/24-008749-003/2024(H5N1)	751	1109
HA|PP755589.1|A/cattle/Texas/24-008749-003/2024(H5N1)	752	1098
HA|PP755589.1|A/cattle/Texas/24-008749-003/2024(H5N1)	753	1104
HA|PP755589.1|A/cattle/Texas/24-008749-003/2024(H5N1)	754	1115
HA|PP755589.1|A/cattle/Texas/24-008749-003/2024(H5N1)	755	1110
HA|PP755589.1|A/cattle/Texas/24-008749-003/2024(H5N1)	756	1110
HA|PP755589.1|A/cattle/Texas/24-008749-003/2024(H5N1)	757	1111
HA|PP755589.1|A/cattle/Texas/24-008749-003/2024(H5N1)	758	1133
HA|PP755589.1|A/cattle/Texas/24-008749-003/2024(H5N1)	759	1130
HA|PP755589.1|A/cattle/Texas/24-008749-003/2024(H5N1)	760	1118
HA|PP755589.1|A/cattle/Texas/24-008749-003/2024(H5N1)	761	1124
HA|PP755589.1|A/cattle/Texas/24-008749-003/2024(H5N1)	762	1117
HA|PP755589.1|A/cattle/Texas/24-008749-003/2024(H5N1)	763	1116
HA|PP755589.1|A/cattle/Texas/24-008749-003/2024(H5N1)	764	1126
HA|PP755589.1|A/cattle/Texas/24-008749-003/2024(H5N1)	765	1126
HA|PP755589.1|A/cattle/Texas/24-008749-003/2024(H5N1)	766	1126
HA|PP755589.1|A/cattle/Texas/24-008749-003/2024(H5N1)	767	1095
HA|PP755589.1|A/cattle/Texas/24-008749-003/2024(H5N1)	768	1103
HA|PP755589.1|A/cattle/Texas/24-008749-003/2024(H5N1)	769	1098
HA|PP755589.1|A/cattle/Texas/24-008749-003/2024(H5N1)	770	1096
HA|PP755589.1|A/cattle/Texas/24-008749-003/2024(H5N1)	771	1088
HA|PP755589.1|A/cattle/Texas/24-008749-003/2024(H5N1)	772	1088
HA|PP755589.1|A/cattle/Texas/24-008749-003/2024(H5N1)	773	1087
HA|PP755589.1|A/cattle/Texas/24-008749-003/2024(H5N1)	774	1088
HA|PP755589.1|A/cattle/Texas/24-008749-003/2024(H5N1)	775	1085
HA|PP755589.1|A/cattle/Texas/24-008749-003/2024(H5N1)	776	1094
HA|PP755589.1|A/cattle/Texas/24-008749-003/2024(H5N1)	777	1099
HA|PP755589.1|A/cattle/Texas/24-008749-003/2024(H5N1)	778	1091
HA|PP755589.1|A/cattle/Texas/24-008749-003/2024(H5N1)	779	1107
HA|PP755589.1|A/cattle/Texas/24-008749-003/2024(H5N1)	780	1107
HA|PP755589.1|A/cattle/Texas/24-008749-003/2024(H5N1)	781	1112
HA|PP755589.1|A/cattle/Texas/24-008749-003/2024(H5N1)	782	1113
HA|PP755589.1|A/cattle/Texas/24-008749-003/2024(H5N1)	783	1116
HA|PP755589.1|A/cattle/Texas/24-008749-003/2024(H5N1)	784	1217
HA|PP755589.1|A/cattle/Texas/24-008749-003/2024(H5N1)	785	1214
HA|PP755589.1|A/cattle/Texas/24-008749-003/2024(H5N1)	786	1201
HA|PP755589.1|A/cattle/Texas/24-008749-003/2024(H5N1)	787	1200
HA|PP755589.1|A/cattle/Texas/24-008749-003/2024(H5N1)	788	1200
HA|PP755589.1|A/cattle/Texas/24-008749-003/2024(H5N1)	789	1185
HA|PP755589.1|A/cattle/Texas/24-008749-003/2024(H5N1)	790	1182
HA|PP755589.1|A/cattle/Texas/24-008749-003/2024(H5N1)	791	1197
HA|PP755589.1|A/cattle/Texas/24-008749-003/2024(H5N1)	792	1200
HA|PP755589.1|A/cattle/Texas/24-008749-003/2024(H5N1)	793	1248
HA|PP755589.1|A/cattle/Texas/24-008749-003/2024(H5N1)	794	1264
HA|PP755589.1|A/cattle/Texas/24-008749-003/2024(H5N1)	795	1265
HA|PP755589.1|A/cattle/Texas/24-008749-003/2024(H5N1)	796	1273
HA|PP755589.1|A/cattle/Texas/24-008749-003/2024(H5N1)	797	1273
HA|PP755589.1|A/cattle/Texas/24-008749-003/2024(H5N1)	798	1285
HA|PP755589.1|A/cattle/Texas/24-008749-003/2024(H5N1)	799	1306
HA|PP755589.1|A/cattle/Texas/24-008749-003/2024(H5N1)	800	1383
HA|PP755589.1|A/cattle/Texas/24-008749-003/2024(H5N1)	801	1385
HA|PP755589.1|A/cattle/Texas/24-008749-003/2024(H5N1)	802	1341
HA|PP755589.1|A/cattle/Texas/24-008749-003/2024(H5N1)	803	1329
HA|PP755589.1|A/cattle/Texas/24-008749-003/2024(H5N1)	804	1328
HA|PP755589.1|A/cattle/Texas/24-008749-003/2024(H5N1)	805	1325
HA|PP755589.1|A/cattle/Texas/24-008749-003/2024(H5N1)	806	1332
HA|PP755589.1|A/cattle/Texas/24-008749-003/2024(H5N1)	807	1338
HA|PP755589.1|A/cattle/Texas/24-008749-003/2024(H5N1)	808	1325
HA|PP755589.1|A/cattle/Texas/24-008749-003/2024(H5N1)	809	1311
HA|PP755589.1|A/cattle/Texas/24-008749-003/2024(H5N1)	810	1292
HA|PP755589.1|A/cattle/Texas/24-008749-003/2024(H5N1)	811	1307
HA|PP755589.1|A/cattle/Texas/24-008749-003/2024(H5N1)	812	1316
HA|PP755589.1|A/cattle/Texas/24-008749-003/2024(H5N1)	813	1316
HA|PP755589.1|A/cattle/Texas/24-008749-003/2024(H5N1)	814	1316
HA|PP755589.1|A/cattle/Texas/24-008749-003/2024(H5N1)	815	1303
HA|PP755589.1|A/cattle/Texas/24-008749-003/2024(H5N1)	816	1292
HA|PP755589.1|A/cattle/Texas/24-008749-003/2024(H5N1)	817	1288
HA|PP755589.1|A/cattle/Texas/24-008749-003/2024(H5N1)	818	1288
HA|PP755589.1|A/cattle/Texas/24-008749-003/2024(H5N1)	819	1287
HA|PP755589.1|A/cattle/Texas/24-008749-003/2024(H5N1)	820	1287
HA|PP755589.1|A/cattle/Texas/24-008749-003/2024(H5N1)	821	1288
HA|PP755589.1|A/cattle/Texas/24-008749-003/2024(H5N1)	822	1273
HA|PP755589.1|A/cattle/Texas/24-008749-003/2024(H5N1)	823	1280
HA|PP755589.1|A/cattle/Texas/24-008749-003/2024(H5N1)	824	1279
HA|PP755589.1|A/cattle/Texas/24-008749-003/2024(H5N1)	825	1282
HA|PP755589.1|A/cattle/Texas/24-008749-003/2024(H5N1)	826	1282
HA|PP755589.1|A/cattle/Texas/24-008749-003/2024(H5N1)	827	1278
HA|PP755589.1|A/cattle/Texas/24-008749-003/2024(H5N1)	828	1282
HA|PP755589.1|A/cattle/Texas/24-008749-003/2024(H5N1)	829	1281
HA|PP755589.1|A/cattle/Texas/24-008749-003/2024(H5N1)	830	1281
HA|PP755589.1|A/cattle/Texas/24-008749-003/2024(H5N1)	831	1292
HA|PP755589.1|A/cattle/Texas/24-008749-003/2024(H5N1)	832	1283
HA|PP755589.1|A/cattle/Texas/24-008749-003/2024(H5N1)	833	1292
HA|PP755589.1|A/cattle/Texas/24-008749-003/2024(H5N1)	834	1291
HA|PP755589.1|A/cattle/Texas/24-008749-003/2024(H5N1)	835	1308
HA|PP755589.1|A/cattle/Texas/24-008749-003/2024(H5N1)	836	1315
HA|PP755589.1|A/cattle/Texas/24-008749-003/2024(H5N1)	837	1307
HA|PP755589.1|A/cattle/Texas/24-008749-003/2024(H5N1)	838	1308
HA|PP755589.1|A/cattle/Texas/24-008749-003/2024(H5N1)	839	1305
HA|PP755589.1|A/cattle/Texas/24-008749-003/2024(H5N1)	840	1296
HA|PP755589.1|A/cattle/Texas/24-008749-003/2024(H5N1)	841	1302
HA|PP755589.1|A/cattle/Texas/24-008749-003/2024(H5N1)	842	1275
HA|PP755589.1|A/cattle/Texas/24-008749-003/2024(H5N1)	843	1275
HA|PP755589.1|A/cattle/Texas/24-008749-003/2024(H5N1)	844	1278
HA|PP755589.1|A/cattle/Texas/24-008749-003/2024(H5N1)	845	1282
HA|PP755589.1|A/cattle/Texas/24-008749-003/2024(H5N1)	846	1278
HA|PP755589.1|A/cattle/Texas/24-008749-003/2024(H5N1)	847	1260
HA|PP755589.1|A/cattle/Texas/24-008749-003/2024(H5N1)	848	1269
HA|PP755589.1|A/cattle/Texas/24-008749-003/2024(H5N1)	849	1271
HA|PP755589.1|A/cattle/Texas/24-008749-003/2024(H5N1)	850	1275
HA|PP755589.1|A/cattle/Texas/24-008749-003/2024(H5N1)	851	1287
HA|PP755589.1|A/cattle/Texas/24-008749-003/2024(H5N1)	852	1284
HA|PP755589.1|A/cattle/Texas/24-008749-003/2024(H5N1)	853	1296
HA|PP755589.1|A/cattle/Texas/24-008749-003/2024(H5N1)	854	1308
HA|PP755589.1|A/cattle/Texas/24-008749-003/2024(H5N1)	855	1326
HA|PP755589.1|A/cattle/Texas/24-008749-003/2024(H5N1)	856	1416
HA|PP755589.1|A/cattle/Texas/24-008749-003/2024(H5N1)	857	1412
HA|PP755589.1|A/cattle/Texas/24-008749-003/2024(H5N1)	858	1412
HA|PP755589.1|A/cattle/Texas/24-008749-003/2024(H5N1)	859	1426
HA|PP755589.1|A/cattle/Texas/24-008749-003/2024(H5N1)	860	1417
HA|PP755589.1|A/cattle/Texas/24-008749-003/2024(H5N1)	861	1409
HA|PP755589.1|A/cattle/Texas/24-008749-003/2024(H5N1)	862	1407
HA|PP755589.1|A/cattle/Texas/24-008749-003/2024(H5N1)	863	1406
HA|PP755589.1|A/cattle/Texas/24-008749-003/2024(H5N1)	864	1362
HA|PP755589.1|A/cattle/Texas/24-008749-003/2024(H5N1)	865	1310
HA|PP755589.1|A/cattle/Texas/24-008749-003/2024(H5N1)	866	1276
HA|PP755589.1|A/cattle/Texas/24-008749-003/2024(H5N1)	867	1308
HA|PP755589.1|A/cattle/Texas/24-008749-003/2024(H5N1)	868	1317
HA|PP755589.1|A/cattle/Texas/24-008749-003/2024(H5N1)	869	1320
HA|PP755589.1|A/cattle/Texas/24-008749-003/2024(H5N1)	870	1319
HA|PP755589.1|A/cattle/Texas/24-008749-003/2024(H5N1)	871	1310
HA|PP755589.1|A/cattle/Texas/24-008749-003/2024(H5N1)	872	1300
HA|PP755589.1|A/cattle/Texas/24-008749-003/2024(H5N1)	873	1306
HA|PP755589.1|A/cattle/Texas/24-008749-003/2024(H5N1)	874	1311
HA|PP755589.1|A/cattle/Texas/24-008749-003/2024(H5N1)	875	1313
HA|PP755589.1|A/cattle/Texas/24-008749-003/2024(H5N1)	876	1260
HA|PP755589.1|A/cattle/Texas/24-008749-003/2024(H5N1)	877	1260
HA|PP755589.1|A/cattle/Texas/24-008749-003/2024(H5N1)	878	1242
HA|PP755589.1|A/cattle/Texas/24-008749-003/2024(H5N1)	879	1243
HA|PP755589.1|A/cattle/Texas/24-008749-003/2024(H5N1)	880	1250
HA|PP755589.1|A/cattle/Texas/24-008749-003/2024(H5N1)	881	1254
HA|PP755589.1|A/cattle/Texas/24-008749-003/2024(H5N1)	882	1247
HA|PP755589.1|A/cattle/Texas/24-008749-003/2024(H5N1)	883	1202
HA|PP755589.1|A/cattle/Texas/24-008749-003/2024(H5N1)	884	1206
HA|PP755589.1|A/cattle/Texas/24-008749-003/2024(H5N1)	885	1206
HA|PP755589.1|A/cattle/Texas/24-008749-003/2024(H5N1)	886	1210
HA|PP755589.1|A/cattle/Texas/24-008749-003/2024(H5N1)	887	1235
HA|PP755589.1|A/cattle/Texas/24-008749-003/2024(H5N1)	888	1235
HA|PP755589.1|A/cattle/Texas/24-008749-003/2024(H5N1)	889	1220
HA|PP755589.1|A/cattle/Texas/24-008749-003/2024(H5N1)	890	1243
HA|PP755589.1|A/cattle/Texas/24-008749-003/2024(H5N1)	891	1240
HA|PP755589.1|A/cattle/Texas/24-008749-003/2024(H5N1)	892	1239
HA|PP755589.1|A/cattle/Texas/24-008749-003/2024(H5N1)	893	1230
HA|PP755589.1|A/cattle/Texas/24-008749-003/2024(H5N1)	894	1223
HA|PP755589.1|A/cattle/Texas/24-008749-003/2024(H5N1)	895	1215
HA|PP755589.1|A/cattle/Texas/24-008749-003/2024(H5N1)	896	1187
HA|PP755589.1|A/cattle/Texas/24-008749-003/2024(H5N1)	897	1185
HA|PP755589.1|A/cattle/Texas/24-008749-003/2024(H5N1)	898	1185
HA|PP755589.1|A/cattle/Texas/24-008749-003/2024(H5N1)	899	1160
HA|PP755589.1|A/cattle/Texas/24-008749-003/2024(H5N1)	900	1163
HA|PP755589.1|A/cattle/Texas/24-008749-003/2024(H5N1)	901	1161
HA|PP755589.1|A/cattle/Texas/24-008749-003/2024(H5N1)	902	1161
HA|PP755589.1|A/cattle/Texas/24-008749-003/2024(H5N1)	903	1169
HA|PP755589.1|A/cattle/Texas/24-008749-003/2024(H5N1)	904	1157
HA|PP755589.1|A/cattle/Texas/24-008749-003/2024(H5N1)	905	1157
HA|PP755589.1|A/cattle/Texas/24-008749-003/2024(H5N1)	906	1161
HA|PP755589.1|A/cattle/Texas/24-008749-003/2024(H5N1)	907	1163
HA|PP755589.1|A/cattle/Texas/24-008749-003/2024(H5N1)	908	1159
HA|PP755589.1|A/cattle/Texas/24-008749-003/2024(H5N1)	909	1170
HA|PP755589.1|A/cattle/Texas/24-008749-003/2024(H5N1)	910	1168
HA|PP755589.1|A/cattle/Texas/24-008749-003/2024(H5N1)	911	1169
HA|PP755589.1|A/cattle/Texas/24-008749-003/2024(H5N1)	912	1167
HA|PP755589.1|A/cattle/Texas/24-008749-003/2024(H5N1)	913	1166
HA|PP755589.1|A/cattle/Texas/24-008749-003/2024(H5N1)	914	1159
HA|PP755589.1|A/cattle/Texas/24-008749-003/2024(H5N1)	915	1149
HA|PP755589.1|A/cattle/Texas/24-008749-003/2024(H5N1)	916	1267
HA|PP755589.1|A/cattle/Texas/24-008749-003/2024(H5N1)	917	1263
HA|PP755589.1|A/cattle/Texas/24-008749-003/2024(H5N1)	918	1261
HA|PP755589.1|A/cattle/Texas/24-008749-003/2024(H5N1)	919	1266
HA|PP755589.1|A/cattle/Texas/24-008749-003/2024(H5N1)	920	1270
HA|PP755589.1|A/cattle/Texas/24-008749-003/2024(H5N1)	921	1303
HA|PP755589.1|A/cattle/Texas/24-008749-003/2024(H5N1)	922	1303
HA|PP755589.1|A/cattle/Texas/24-008749-003/2024(H5N1)	923	1307
HA|PP755589.1|A/cattle/Texas/24-008749-003/2024(H5N1)	924	1311
HA|PP755589.1|A/cattle/Texas/24-008749-003/2024(H5N1)	925	1309
HA|PP755589.1|A/cattle/Texas/24-008749-003/2024(H5N1)	926	1453
HA|PP755589.1|A/cattle/Texas/24-008749-003/2024(H5N1)	927	1456
HA|PP755589.1|A/cattle/Texas/24-008749-003/2024(H5N1)	928	1454
HA|PP755589.1|A/cattle/Texas/24-008749-003/2024(H5N1)	929	1457
HA|PP755589.1|A/cattle/Texas/24-008749-003/2024(H5N1)	930	1445
HA|PP755589.1|A/cattle/Texas/24-008749-003/2024(H5N1)	931	1444
HA|PP755589.1|A/cattle/Texas/24-008749-003/2024(H5N1)	932	1443
HA|PP755589.1|A/cattle/Texas/24-008749-003/2024(H5N1)	933	1470
HA|PP755589.1|A/cattle/Texas/24-008749-003/2024(H5N1)	934	1469
HA|PP755589.1|A/cattle/Texas/24-008749-003/2024(H5N1)	935	1357
HA|PP755589.1|A/cattle/Texas/24-008749-003/2024(H5N1)	936	1353
HA|PP755589.1|A/cattle/Texas/24-008749-003/2024(H5N1)	937	1353
HA|PP755589.1|A/cattle/Texas/24-008749-003/2024(H5N1)	938	1362
HA|PP755589.1|A/cattle/Texas/24-008749-003/2024(H5N1)	939	1364
HA|PP755589.1|A/cattle/Texas/24-008749-003/2024(H5N1)	940	1381
HA|PP755589.1|A/cattle/Texas/24-008749-003/2024(H5N1)	941	1462
HA|PP755589.1|A/cattle/Texas/24-008749-003/2024(H5N1)	942	1444
HA|PP755589.1|A/cattle/Texas/24-008749-003/2024(H5N1)	943	1443
HA|PP755589.1|A/cattle/Texas/24-008749-003/2024(H5N1)	944	1410
HA|PP755589.1|A/cattle/Texas/24-008749-003/2024(H5N1)	945	1410
HA|PP755589.1|A/cattle/Texas/24-008749-003/2024(H5N1)	946	1404
HA|PP755589.1|A/cattle/Texas/24-008749-003/2024(H5N1)	947	1397
HA|PP755589.1|A/cattle/Texas/24-008749-003/2024(H5N1)	948	1398
HA|PP755589.1|A/cattle/Texas/24-008749-003/2024(H5N1)	949	1391
HA|PP755589.1|A/cattle/Texas/24-008749-003/2024(H5N1)	950	1293
HA|PP755589.1|A/cattle/Texas/24-008749-003/2024(H5N1)	951	1293
HA|PP755589.1|A/cattle/Texas/24-008749-003/2024(H5N1)	952	1284
HA|PP755589.1|A/cattle/Texas/24-008749-003/2024(H5N1)	953	1296
HA|PP755589.1|A/cattle/Texas/24-008749-003/2024(H5N1)	954	1309
HA|PP755589.1|A/cattle/Texas/24-008749-003/2024(H5N1)	955	1325
HA|PP755589.1|A/cattle/Texas/24-008749-003/2024(H5N1)	956	1332
HA|PP755589.1|A/cattle/Texas/24-008749-003/2024(H5N1)	957	1338
HA|PP755589.1|A/cattle/Texas/24-008749-003/2024(H5N1)	958	1346
HA|PP755589.1|A/cattle/Texas/24-008749-003/2024(H5N1)	959	1346
HA|PP755589.1|A/cattle/Texas/24-008749-003/2024(H5N1)	960	1376
HA|PP755589.1|A/cattle/Texas/24-008749-003/2024(H5N1)	961	1394
HA|PP755589.1|A/cattle/Texas/24-008749-003/2024(H5N1)	962	1376
HA|PP755589.1|A/cattle/Texas/24-008749-003/2024(H5N1)	963	1369
HA|PP755589.1|A/cattle/Texas/24-008749-003/2024(H5N1)	964	1369
HA|PP755589.1|A/cattle/Texas/24-008749-003/2024(H5N1)	965	1376
HA|PP755589.1|A/cattle/Texas/24-008749-003/2024(H5N1)	966	1377
HA|PP755589.1|A/cattle/Texas/24-008749-003/2024(H5N1)	967	1399
HA|PP755589.1|A/cattle/Texas/24-008749-003/2024(H5N1)	968	1428
HA|PP755589.1|A/cattle/Texas/24-008749-003/2024(H5N1)	969	1431
HA|PP755589.1|A/cattle/Texas/24-008749-003/2024(H5N1)	970	1431
HA|PP755589.1|A/cattle/Texas/24-008749-003/2024(H5N1)	971	1432
HA|PP755589.1|A/cattle/Texas/24-008749-003/2024(H5N1)	972	1427
HA|PP755589.1|A/cattle/Texas/24-008749-003/2024(H5N1)	973	1441
HA|PP755589.1|A/cattle/Texas/24-008749-003/2024(H5N1)	974	1437
HA|PP755589.1|A/cattle/Texas/24-008749-003/2024(H5N1)	975	1436
HA|PP755589.1|A/cattle/Texas/24-008749-003/2024(H5N1)	976	1439
HA|PP755589.1|A/cattle/Texas/24-008749-003/2024(H5N1)	977	1451
HA|PP755589.1|A/cattle/Texas/24-008749-003/2024(H5N1)	978	1451
HA|PP755589.1|A/cattle/Texas/24-008749-003/2024(H5N1)	979	1478
HA|PP755589.1|A/cattle/Texas/24-008749-003/2024(H5N1)	980	1493
HA|PP755589.1|A/cattle/Texas/24-008749-003/2024(H5N1)	981	1491
HA|PP755589.1|A/cattle/Texas/24-008749-003/2024(H5N1)	982	1489
HA|PP755589.1|A/cattle/Texas/24-008749-003/2024(H5N1)	983	1494
HA|PP755589.1|A/cattle/Texas/24-008749-003/2024(H5N1)	984	1506
HA|PP755589.1|A/cattle/Texas/24-008749-003/2024(H5N1)	985	1509
HA|PP755589.1|A/cattle/Texas/24-008749-003/2024(H5N1)	986	1504
HA|PP755589.1|A/cattle/Texas/24-008749-003/2024(H5N1)	987	1505
HA|PP755589.1|A/cattle/Texas/24-008749-003/2024(H5N1)	988	1505
HA|PP755589.1|A/cattle/Texas/24-008749-003/2024(H5N1)	989	1520
HA|PP755589.1|A/cattle/Texas/24-008749-003/2024(H5N1)	990	1519
HA|PP755589.1|A/cattle/Texas/24-008749-003/2024(H5N1)	991	1523
HA|PP755589.1|A/cattle/Texas/24-008749-003/2024(H5N1)	992	1519
HA|PP755589.1|A/cattle/Texas/24-008749-003/2024(H5N1)	993	1502
HA|PP755589.1|A/cattle/Texas/24-008749-003/2024(H5N1)	994	1505
HA|PP755589.1|A/cattle/Texas/24-008749-003/2024(H5N1)	995	1504
HA|PP755589.1|A/cattle/Texas/24-008749-003/2024(H5N1)	996	1514
HA|PP755589.1|A/cattle/Texas/24-008749-003/2024(H5N1)	997	1516
HA|PP755589.1|A/cattle/Texas/24-008749-003/2024(H5N1)	998	1516
HA|PP755589.1|A/cattle/Texas/24-008749-003/2024(H5N1)	999	1526
HA|PP755589.1|A/cattle/Texas/24-008749-003/2024(H5N1)	1000	1522
HA|PP755589.1|A/cattle/Texas/24-008749-003/2024(H5N1)	1001	1537
HA|PP755589.1|A/cattle/Texas/24-008749-003/2024(H5N1)	1002	1529
HA|PP755589.1|A/cattle/Texas/24-008749-003/2024(H5N1)	1003	1519
HA|PP755589.1|A/cattle/Texas/24-008749-003/2024(H5N1)	1004	1514
HA|PP755589.1|A/cattle/Texas/24-008749-003/2024(H5N1)	1005	1489
HA|PP755589.1|A/cattle/Texas/24-008749-003/2024(H5N1)	1006	1471
HA|PP755589.1|A/cattle/Texas/24-008749-003/2024(H5N1)	1007	1397
HA|PP755589.1|A/cattle/Texas/24-008749-003/2024(H5N1)	1008	1387
HA|PP755589.1|A/cattle/Texas/24-008749-003/2024(H5N1)	1009	1391
HA|PP755589.1|A/cattle/Texas/24-008749-003/2024(H5N1)	1010	1386
HA|PP755589.1|A/cattle/Texas/24-008749-003/2024(H5N1)	1011	1379
HA|PP755589.1|A/cattle/Texas/24-008749-003/2024(H5N1)	1012	1371
HA|PP755589.1|A/cattle/Texas/24-008749-003/2024(H5N1)	1013	1370
HA|PP755589.1|A/cattle/Texas/24-008749-003/2024(H5N1)	1014	1372
HA|PP755589.1|A/cattle/Texas/24-008749-003/2024(H5N1)	1015	1375
HA|PP755589.1|A/cattle/Texas/24-008749-003/2024(H5N1)	1016	1377
HA|PP755589.1|A/cattle/Texas/24-008749-003/2024(H5N1)	1017	1382
HA|PP755589.1|A/cattle/Texas/24-008749-003/2024(H5N1)	1018	1333
HA|PP755589.1|A/cattle/Texas/24-008749-003/2024(H5N1)	1019	1324
HA|PP755589.1|A/cattle/Texas/24-008749-003/2024(H5N1)	1020	1320
HA|PP755589.1|A/cattle/Texas/24-008749-003/2024(H5N1)	1021	1317
HA|PP755589.1|A/cattle/Texas/24-008749-003/2024(H5N1)	1022	1323
HA|PP755589.1|A/cattle/Texas/24-008749-003/2024(H5N1)	1023	1341
HA|PP755589.1|A/cattle/Texas/24-008749-003/2024(H5N1)	1024	1334
HA|PP755589.1|A/cattle/Texas/24-008749-003/2024(H5N1)	1025	1334
HA|PP755589.1|A/cattle/Texas/24-008749-003/2024(H5N1)	1026	1342
HA|PP755589.1|A/cattle/Texas/24-008749-003/2024(H5N1)	1027	1343
HA|PP755589.1|A/cattle/Texas/24-008749-003/2024(H5N1)	1028	1345
HA|PP755589.1|A/cattle/Texas/24-008749-003/2024(H5N1)	1029	1367
HA|PP755589.1|A/cattle/Texas/24-008749-003/2024(H5N1)	1030	1368
HA|PP755589.1|A/cattle/Texas/24-008749-003/2024(H5N1)	1031	1364
HA|PP755589.1|A/cattle/Texas/24-008749-003/2024(H5N1)	1032	1363
HA|PP755589.1|A/cattle/Texas/24-008749-003/2024(H5N1)	1033	1363
HA|PP755589.1|A/cattle/Texas/24-008749-003/2024(H5N1)	1034	1363
HA|PP755589.1|A/cattle/Texas/24-008749-003/2024(H5N1)	1035	1355
HA|PP755589.1|A/cattle/Texas/24-008749-003/2024(H5N1)	1036	1354
HA|PP755589.1|A/cattle/Texas/24-008749-003/2024(H5N1)	1037	1350
HA|PP755589.1|A/cattle/Texas/24-008749-003/2024(H5N1)	1038	1316
HA|PP755589.1|A/cattle/Texas/24-008749-003/2024(H5N1)	1039	1319
HA|PP755589.1|A/cattle/Texas/24-008749-003/2024(H5N1)	1040	1321
HA|PP755589.1|A/cattle/Texas/24-008749-003/2024(H5N1)	1041	1324
HA|PP755589.1|A/cattle/Texas/24-008749-003/2024(H5N1)	1042	1342
HA|PP755589.1|A/cattle/Texas/24-008749-003/2024(H5N1)	1043	1344
HA|PP755589.1|A/cattle/Texas/24-008749-003/2024(H5N1)	1044	1344
HA|PP755589.1|A/cattle/Texas/24-008749-003/2024(H5N1)	1045	1344
HA|PP755589.1|A/cattle/Texas/24-008749-003/2024(H5N1)	1046	1342
HA|PP755589.1|A/cattle/Texas/24-008749-003/2024(H5N1)	1047	1374
HA|PP755589.1|A/cattle/Texas/24-008749-003/2024(H5N1)	1048	1374
HA|PP755589.1|A/cattle/Texas/24-008749-003/2024(H5N1)	1049	1371
HA|PP755589.1|A/cattle/Texas/24-008749-003/2024(H5N1)	1050	1371
HA|PP755589.1|A/cattle/Texas/24-008749-003/2024(H5N1)	1051	1402
HA|PP755589.1|A/cattle/Texas/24-008749-003/2024(H5N1)	1052	1403
HA|PP755589.1|A/cattle/Texas/24-008749-003/2024(H5N1)	1053	1404
HA|PP755589.1|A/cattle/Texas/24-008749-003/2024(H5N1)	1054	1399
HA|PP755589.1|A/cattle/Texas/24-008749-003/2024(H5N1)	1055	1398
HA|PP755589.1|A/cattle/Texas/24-008749-003/2024(H5N1)	1056	1391
HA|PP755589.1|A/cattle/Texas/24-008749-003/2024(H5N1)	1057	1431
HA|PP755589.1|A/cattle/Texas/24-008749-003/2024(H5N1)	1058	1548
HA|PP755589.1|A/cattle/Texas/24-008749-003/2024(H5N1)	1059	1539
HA|PP755589.1|A/cattle/Texas/24-008749-003/2024(H5N1)	1060	1524
HA|PP755589.1|A/cattle/Texas/24-008749-003/2024(H5N1)	1061	1521
HA|PP755589.1|A/cattle/Texas/24-008749-003/2024(H5N1)	1062	1524
HA|PP755589.1|A/cattle/Texas/24-008749-003/2024(H5N1)	1063	1529
HA|PP755589.1|A/cattle/Texas/24-008749-003/2024(H5N1)	1064	1527
HA|PP755589.1|A/cattle/Texas/24-008749-003/2024(H5N1)	1065	1529
HA|PP755589.1|A/cattle/Texas/24-008749-003/2024(H5N1)	1066	1532
HA|PP755589.1|A/cattle/Texas/24-008749-003/2024(H5N1)	1067	1368
HA|PP755589.1|A/cattle/Texas/24-008749-003/2024(H5N1)	1068	1373
HA|PP755589.1|A/cattle/Texas/24-008749-003/2024(H5N1)	1069	1377
HA|PP755589.1|A/cattle/Texas/24-008749-003/2024(H5N1)	1070	1384
HA|PP755589.1|A/cattle/Texas/24-008749-003/2024(H5N1)	1071	1378
HA|PP755589.1|A/cattle/Texas/24-008749-003/2024(H5N1)	1072	1364
HA|PP755589.1|A/cattle/Texas/24-008749-003/2024(H5N1)	1073	1365
HA|PP755589.1|A/cattle/Texas/24-008749-003/2024(H5N1)	1074	1368
HA|PP755589.1|A/cattle/Texas/24-008749-003/2024(H5N1)	1075	1376
HA|PP755589.1|A/cattle/Texas/24-008749-003/2024(H5N1)	1076	1383
HA|PP755589.1|A/cattle/Texas/24-008749-003/2024(H5N1)	1077	1263
HA|PP755589.1|A/cattle/Texas/24-008749-003/2024(H5N1)	1078	1254
HA|PP755589.1|A/cattle/Texas/24-008749-003/2024(H5N1)	1079	1248
HA|PP755589.1|A/cattle/Texas/24-008749-003/2024(H5N1)	1080	1252
HA|PP755589.1|A/cattle/Texas/24-008749-003/2024(H5N1)	1081	1262
HA|PP755589.1|A/cattle/Texas/24-008749-003/2024(H5N1)	1082	1274
HA|PP755589.1|A/cattle/Texas/24-008749-003/2024(H5N1)	1083	1271
HA|PP755589.1|A/cattle/Texas/24-008749-003/2024(H5N1)	1084	1250
HA|PP755589.1|A/cattle/Texas/24-008749-003/2024(H5N1)	1085	1248
HA|PP755589.1|A/cattle/Texas/24-008749-003/2024(H5N1)	1086	1261
HA|PP755589.1|A/cattle/Texas/24-008749-003/2024(H5N1)	1087	1279
HA|PP755589.1|A/cattle/Texas/24-008749-003/2024(H5N1)	1088	1282
HA|PP755589.1|A/cattle/Texas/24-008749-003/2024(H5N1)	1089	1270
HA|PP755589.1|A/cattle/Texas/24-008749-003/2024(H5N1)	1090	1268
HA|PP755589.1|A/cattle/Texas/24-008749-003/2024(H5N1)	1091	1294
HA|PP755589.1|A/cattle/Texas/24-008749-003/2024(H5N1)	1092	1230
HA|PP755589.1|A/cattle/Texas/24-008749-003/2024(H5N1)	1093	1244
HA|PP755589.1|A/cattle/Texas/24-008749-003/2024(H5N1)	1094	1248
HA|PP755589.1|A/cattle/Texas/24-008749-003/2024(H5N1)	1095	1241
HA|PP755589.1|A/cattle/Texas/24-008749-003/2024(H5N1)	1096	1238
HA|PP755589.1|A/cattle/Texas/24-008749-003/2024(H5N1)	1097	1256
HA|PP755589.1|A/cattle/Texas/24-008749-003/2024(H5N1)	1098	1283
HA|PP755589.1|A/cattle/Texas/24-008749-003/2024(H5N1)	1099	1300
HA|PP755589.1|A/cattle/Texas/24-008749-003/2024(H5N1)	1100	1309
HA|PP755589.1|A/cattle/Texas/24-008749-003/2024(H5N1)	1101	1312
HA|PP755589.1|A/cattle/Texas/24-008749-003/2024(H5N1)	1102	1349
HA|PP755589.1|A/cattle/Texas/24-008749-003/2024(H5N1)	1103	1361
HA|PP755589.1|A/cattle/Texas/24-008749-003/2024(H5N1)	1104	1354
HA|PP755589.1|A/cattle/Texas/24-008749-003/2024(H5N1)	1105	1345
HA|PP755589.1|A/cattle/Texas/24-008749-003/2024(H5N1)	1106	1323
HA|PP755589.1|A/cattle/Texas/24-008749-003/2024(H5N1)	1107	1325
HA|PP755589.1|A/cattle/Texas/24-008749-003/2024(H5N1)	1108	1328
HA|PP755589.1|A/cattle/Texas/24-008749-003/2024(H5N1)	1109	1322
HA|PP755589.1|A/cattle/Texas/24-008749-003/2024(H5N1)	1110	1357
HA|PP755589.1|A/cattle/Texas/24-008749-003/2024(H5N1)	1111	1327
HA|PP755589.1|A/cattle/Texas/24-008749-003/2024(H5N1)	1112	1305
HA|PP755589.1|A/cattle/Texas/24-008749-003/2024(H5N1)	1113	1312
HA|PP755589.1|A/cattle/Texas/24-008749-003/2024(H5N1)	1114	1309
HA|PP755589.1|A/cattle/Texas/24-008749-003/2024(H5N1)	1115	1338
HA|PP755589.1|A/cattle/Texas/24-008749-003/2024(H5N1)	1116	1331
HA|PP755589.1|A/cattle/Texas/24-008749-003/2024(H5N1)	1117	1315
HA|PP755589.1|A/cattle/Texas/24-008749-003/2024(H5N1)	1118	1314
HA|PP755589.1|A/cattle/Texas/24-008749-003/2024(H5N1)	1119	1283
HA|PP755589.1|A/cattle/Texas/24-008749-003/2024(H5N1)	1120	1358
HA|PP755589.1|A/cattle/Texas/24-008749-003/2024(H5N1)	1121	1442
HA|PP755589.1|A/cattle/Texas/24-008749-003/2024(H5N1)	1122	1463
HA|PP755589.1|A/cattle/Texas/24-008749-003/2024(H5N1)	1123	1464
HA|PP755589.1|A/cattle/Texas/24-008749-003/2024(H5N1)	1124	1440
HA|PP755589.1|A/cattle/Texas/24-008749-003/2024(H5N1)	1125	1477
HA|PP755589.1|A/cattle/Texas/24-008749-003/2024(H5N1)	1126	1483
HA|PP755589.1|A/cattle/Texas/24-008749-003/2024(H5N1)	1127	1504
HA|PP755589.1|A/cattle/Texas/24-008749-003/2024(H5N1)	1128	1502
HA|PP755589.1|A/cattle/Texas/24-008749-003/2024(H5N1)	1129	1468
HA|PP755589.1|A/cattle/Texas/24-008749-003/2024(H5N1)	1130	1490
HA|PP755589.1|A/cattle/Texas/24-008749-003/2024(H5N1)	1131	1483
HA|PP755589.1|A/cattle/Texas/24-008749-003/2024(H5N1)	1132	1493
HA|PP755589.1|A/cattle/Texas/24-008749-003/2024(H5N1)	1133	1491
HA|PP755589.1|A/cattle/Texas/24-008749-003/2024(H5N1)	1134	1496
HA|PP755589.1|A/cattle/Texas/24-008749-003/2024(H5N1)	1135	1475
HA|PP755589.1|A/cattle/Texas/24-008749-003/2024(H5N1)	1136	1463
HA|PP755589.1|A/cattle/Texas/24-008749-003/2024(H5N1)	1137	1457
HA|PP755589.1|A/cattle/Texas/24-008749-003/2024(H5N1)	1138	1466
HA|PP755589.1|A/cattle/Texas/24-008749-003/2024(H5N1)	1139	1461
HA|PP755589.1|A/cattle/Texas/24-008749-003/2024(H5N1)	1140	1439
HA|PP755589.1|A/cattle/Texas/24-008749-003/2024(H5N1)	1141	1444
HA|PP755589.1|A/cattle/Texas/24-008749-003/2024(H5N1)	1142	1441
HA|PP755589.1|A/cattle/Texas/24-008749-003/2024(H5N1)	1143	1437
HA|PP755589.1|A/cattle/Texas/24-008749-003/2024(H5N1)	1144	1450
HA|PP755589.1|A/cattle/Texas/24-008749-003/2024(H5N1)	1145	1452
HA|PP755589.1|A/cattle/Texas/24-008749-003/2024(H5N1)	1146	1459
HA|PP755589.1|A/cattle/Texas/24-008749-003/2024(H5N1)	1147	1457
HA|PP755589.1|A/cattle/Texas/24-008749-003/2024(H5N1)	1148	1451
HA|PP755589.1|A/cattle/Texas/24-008749-003/2024(H5N1)	1149	1451
HA|PP755589.1|A/cattle/Texas/24-008749-003/2024(H5N1)	1150	1457
HA|PP755589.1|A/cattle/Texas/24-008749-003/2024(H5N1)	1151	1458
HA|PP755589.1|A/cattle/Texas/24-008749-003/2024(H5N1)	1152	1440
HA|PP755589.1|A/cattle/Texas/24-008749-003/2024(H5N1)	1153	1438
HA|PP755589.1|A/cattle/Texas/24-008749-003/2024(H5N1)	1154	1437
HA|PP755589.1|A/cattle/Texas/24-008749-003/2024(H5N1)	1155	1434
HA|PP755589.1|A/cattle/Texas/24-008749-003/2024(H5N1)	1156	1455
HA|PP755589.1|A/cattle/Texas/24-008749-003/2024(H5N1)	1157	1489
HA|PP755589.1|A/cattle/Texas/24-008749-003/2024(H5N1)	1158	1496
HA|PP755589.1|A/cattle/Texas/24-008749-003/2024(H5N1)	1159	1483
HA|PP755589.1|A/cattle/Texas/24-008749-003/2024(H5N1)	1160	1483
HA|PP755589.1|A/cattle/Texas/24-008749-003/2024(H5N1)	1161	1475
HA|PP755589.1|A/cattle/Texas/24-008749-003/2024(H5N1)	1162	1476
HA|PP755589.1|A/cattle/Texas/24-008749-003/2024(H5N1)	1163	1494
HA|PP755589.1|A/cattle/Texas/24-008749-003/2024(H5N1)	1164	1509
HA|PP755589.1|A/cattle/Texas/24-008749-003/2024(H5N1)	1165	1574
HA|PP755589.1|A/cattle/Texas/24-008749-003/2024(H5N1)	1166	1573
HA|PP755589.1|A/cattle/Texas/24-008749-003/2024(H5N1)	1167	1565
HA|PP755589.1|A/cattle/Texas/24-008749-003/2024(H5N1)	1168	1567
HA|PP755589.1|A/cattle/Texas/24-008749-003/2024(H5N1)	1169	1634
HA|PP755589.1|A/cattle/Texas/24-008749-003/2024(H5N1)	1170	1641
HA|PP755589.1|A/cattle/Texas/24-008749-003/2024(H5N1)	1171	1642
HA|PP755589.1|A/cattle/Texas/24-008749-003/2024(H5N1)	1172	1691
HA|PP755589.1|A/cattle/Texas/24-008749-003/2024(H5N1)	1173	1674
HA|PP755589.1|A/cattle/Texas/24-008749-003/2024(H5N1)	1174	1679
HA|PP755589.1|A/cattle/Texas/24-008749-003/2024(H5N1)	1175	1704
HA|PP755589.1|A/cattle/Texas/24-008749-003/2024(H5N1)	1176	1687
HA|PP755589.1|A/cattle/Texas/24-008749-003/2024(H5N1)	1177	1701
HA|PP755589.1|A/cattle/Texas/24-008749-003/2024(H5N1)	1178	1714
HA|PP755589.1|A/cattle/Texas/24-008749-003/2024(H5N1)	1179	1712
HA|PP755589.1|A/cattle/Texas/24-008749-003/2024(H5N1)	1180	1714
HA|PP755589.1|A/cattle/Texas/24-008749-003/2024(H5N1)	1181	1745
HA|PP755589.1|A/cattle/Texas/24-008749-003/2024(H5N1)	1182	1748
HA|PP755589.1|A/cattle/Texas/24-008749-003/2024(H5N1)	1183	1749
HA|PP755589.1|A/cattle/Texas/24-008749-003/2024(H5N1)	1184	1746
HA|PP755589.1|A/cattle/Texas/24-008749-003/2024(H5N1)	1185	1770
HA|PP755589.1|A/cattle/Texas/24-008749-003/2024(H5N1)	1186	1771
HA|PP755589.1|A/cattle/Texas/24-008749-003/2024(H5N1)	1187	1767
HA|PP755589.1|A/cattle/Texas/24-008749-003/2024(H5N1)	1188	1822
HA|PP755589.1|A/cattle/Texas/24-008749-003/2024(H5N1)	1189	1826
HA|PP755589.1|A/cattle/Texas/24-008749-003/2024(H5N1)	1190	1793
HA|PP755589.1|A/cattle/Texas/24-008749-003/2024(H5N1)	1191	1787
HA|PP755589.1|A/cattle/Texas/24-008749-003/2024(H5N1)	1192	1787
HA|PP755589.1|A/cattle/Texas/24-008749-003/2024(H5N1)	1193	1817
HA|PP755589.1|A/cattle/Texas/24-008749-003/2024(H5N1)	1194	1823
HA|PP755589.1|A/cattle/Texas/24-008749-003/2024(H5N1)	1195	1822
HA|PP755589.1|A/cattle/Texas/24-008749-003/2024(H5N1)	1196	1831
HA|PP755589.1|A/cattle/Texas/24-008749-003/2024(H5N1)	1197	1790
HA|PP755589.1|A/cattle/Texas/24-008749-003/2024(H5N1)	1198	1813
HA|PP755589.1|A/cattle/Texas/24-008749-003/2024(H5N1)	1199	1813
HA|PP755589.1|A/cattle/Texas/24-008749-003/2024(H5N1)	1200	1820
HA|PP755589.1|A/cattle/Texas/24-008749-003/2024(H5N1)	1201	1821
HA|PP755589.1|A/cattle/Texas/24-008749-003/2024(H5N1)	1202	1789
HA|PP755589.1|A/cattle/Texas/24-008749-003/2024(H5N1)	1203	1790
HA|PP755589.1|A/cattle/Texas/24-008749-003/2024(H5N1)	1204	1789
HA|PP755589.1|A/cattle/Texas/24-008749-003/2024(H5N1)	1205	1800
HA|PP755589.1|A/cattle/Texas/24-008749-003/2024(H5N1)	1206	1798
HA|PP755589.1|A/cattle/Texas/24-008749-003/2024(H5N1)	1207	1783
HA|PP755589.1|A/cattle/Texas/24-008749-003/2024(H5N1)	1208	1744
HA|PP755589.1|A/cattle/Texas/24-008749-003/2024(H5N1)	1209	1656
HA|PP755589.1|A/cattle/Texas/24-008749-003/2024(H5N1)	1210	1672
HA|PP755589.1|A/cattle/Texas/24-008749-003/2024(H5N1)	1211	1684
HA|PP755589.1|A/cattle/Texas/24-008749-003/2024(H5N1)	1212	1684
HA|PP755589.1|A/cattle/Texas/24-008749-003/2024(H5N1)	1213	1729
HA|PP755589.1|A/cattle/Texas/24-008749-003/2024(H5N1)	1214	1726
HA|PP755589.1|A/cattle/Texas/24-008749-003/2024(H5N1)	1215	1745
HA|PP755589.1|A/cattle/Texas/24-008749-003/2024(H5N1)	1216	1742
HA|PP755589.1|A/cattle/Texas/24-008749-003/2024(H5N1)	1217	1757
HA|PP755589.1|A/cattle/Texas/24-008749-003/2024(H5N1)	1218	1757
HA|PP755589.1|A/cattle/Texas/24-008749-003/2024(H5N1)	1219	1769
HA|PP755589.1|A/cattle/Texas/24-008749-003/2024(H5N1)	1220	1769
HA|PP755589.1|A/cattle/Texas/24-008749-003/2024(H5N1)	1221	1804
HA|PP755589.1|A/cattle/Texas/24-008749-003/2024(H5N1)	1222	1803
HA|PP755589.1|A/cattle/Texas/24-008749-003/2024(H5N1)	1223	1788
HA|PP755589.1|A/cattle/Texas/24-008749-003/2024(H5N1)	1224	1783
HA|PP755589.1|A/cattle/Texas/24-008749-003/2024(H5N1)	1225	1783
HA|PP755589.1|A/cattle/Texas/24-008749-003/2024(H5N1)	1226	1769
HA|PP755589.1|A/cattle/Texas/24-008749-003/2024(H5N1)	1227	1759
HA|PP755589.1|A/cattle/Texas/24-008749-003/2024(H5N1)	1228	1750
HA|PP755589.1|A/cattle/Texas/24-008749-003/2024(H5N1)	1229	1768
HA|PP755589.1|A/cattle/Texas/24-008749-003/2024(H5N1)	1230	1742
HA|PP755589.1|A/cattle/Texas/24-008749-003/2024(H5N1)	1231	1805
HA|PP755589.1|A/cattle/Texas/24-008749-003/2024(H5N1)	1232	1809
HA|PP755589.1|A/cattle/Texas/24-008749-003/2024(H5N1)	1233	1798
HA|PP755589.1|A/cattle/Texas/24-008749-003/2024(H5N1)	1234	1804
HA|PP755589.1|A/cattle/Texas/24-008749-003/2024(H5N1)	1235	1808
HA|PP755589.1|A/cattle/Texas/24-008749-003/2024(H5N1)	1236	1833
HA|PP755589.1|A/cattle/Texas/24-008749-003/2024(H5N1)	1237	1813
HA|PP755589.1|A/cattle/Texas/24-008749-003/2024(H5N1)	1238	1790
HA|PP755589.1|A/cattle/Texas/24-008749-003/2024(H5N1)	1239	1796
HA|PP755589.1|A/cattle/Texas/24-008749-003/2024(H5N1)	1240	1821
HA|PP755589.1|A/cattle/Texas/24-008749-003/2024(H5N1)	1241	1759
HA|PP755589.1|A/cattle/Texas/24-008749-003/2024(H5N1)	1242	1785
HA|PP755589.1|A/cattle/Texas/24-008749-003/2024(H5N1)	1243	1779
HA|PP755589.1|A/cattle/Texas/24-008749-003/2024(H5N1)	1244	1772
HA|PP755589.1|A/cattle/Texas/24-008749-003/2024(H5N1)	1245	1790
HA|PP755589.1|A/cattle/Texas/24-008749-003/2024(H5N1)	1246	1788
HA|PP755589.1|A/cattle/Texas/24-008749-003/2024(H5N1)	1247	1780
HA|PP755589.1|A/cattle/Texas/24-008749-003/2024(H5N1)	1248	1765
HA|PP755589.1|A/cattle/Texas/24-008749-003/2024(H5N1)	1249	1726
HA|PP755589.1|A/cattle/Texas/24-008749-003/2024(H5N1)	1250	1736
HA|PP755589.1|A/cattle/Texas/24-008749-003/2024(H5N1)	1251	1703
HA|PP755589.1|A/cattle/Texas/24-008749-003/2024(H5N1)	1252	1697
HA|PP755589.1|A/cattle/Texas/24-008749-003/2024(H5N1)	1253	1697
HA|PP755589.1|A/cattle/Texas/24-008749-003/2024(H5N1)	1254	1682
HA|PP755589.1|A/cattle/Texas/24-008749-003/2024(H5N1)	1255	1688
HA|PP755589.1|A/cattle/Texas/24-008749-003/2024(H5N1)	1256	1712
HA|PP755589.1|A/cattle/Texas/24-008749-003/2024(H5N1)	1257	1725
HA|PP755589.1|A/cattle/Texas/24-008749-003/2024(H5N1)	1258	1712
HA|PP755589.1|A/cattle/Texas/24-008749-003/2024(H5N1)	1259	1708
HA|PP755589.1|A/cattle/Texas/24-008749-003/2024(H5N1)	1260	1728
HA|PP755589.1|A/cattle/Texas/24-008749-003/2024(H5N1)	1261	1689
HA|PP755589.1|A/cattle/Texas/24-008749-003/2024(H5N1)	1262	1720
HA|PP755589.1|A/cattle/Texas/24-008749-003/2024(H5N1)	1263	1782
HA|PP755589.1|A/cattle/Texas/24-008749-003/2024(H5N1)	1264	1796
HA|PP755589.1|A/cattle/Texas/24-008749-003/2024(H5N1)	1265	1781
HA|PP755589.1|A/cattle/Texas/24-008749-003/2024(H5N1)	1266	1738
HA|PP755589.1|A/cattle/Texas/24-008749-003/2024(H5N1)	1267	1722
HA|PP755589.1|A/cattle/Texas/24-008749-003/2024(H5N1)	1268	1722
HA|PP755589.1|A/cattle/Texas/24-008749-003/2024(H5N1)	1269	1731
HA|PP755589.1|A/cattle/Texas/24-008749-003/2024(H5N1)	1270	1822
HA|PP755589.1|A/cattle/Texas/24-008749-003/2024(H5N1)	1271	1741
HA|PP755589.1|A/cattle/Texas/24-008749-003/2024(H5N1)	1272	1738
HA|PP755589.1|A/cattle/Texas/24-008749-003/2024(H5N1)	1273	1718
HA|PP755589.1|A/cattle/Texas/24-008749-003/2024(H5N1)	1274	1753
HA|PP755589.1|A/cattle/Texas/24-008749-003/2024(H5N1)	1275	1761
HA|PP755589.1|A/cattle/Texas/24-008749-003/2024(H5N1)	1276	1726
HA|PP755589.1|A/cattle/Texas/24-008749-003/2024(H5N1)	1277	1720
HA|PP755589.1|A/cattle/Texas/24-008749-003/2024(H5N1)	1278	1696
HA|PP755589.1|A/cattle/Texas/24-008749-003/2024(H5N1)	1279	1790
HA|PP755589.1|A/cattle/Texas/24-008749-003/2024(H5N1)	1280	1805
HA|PP755589.1|A/cattle/Texas/24-008749-003/2024(H5N1)	1281	1793
HA|PP755589.1|A/cattle/Texas/24-008749-003/2024(H5N1)	1282	1789
HA|PP755589.1|A/cattle/Texas/24-008749-003/2024(H5N1)	1283	1782
HA|PP755589.1|A/cattle/Texas/24-008749-003/2024(H5N1)	1284	1771
HA|PP755589.1|A/cattle/Texas/24-008749-003/2024(H5N1)	1285	1777
HA|PP755589.1|A/cattle/Texas/24-008749-003/2024(H5N1)	1286	1781
HA|PP755589.1|A/cattle/Texas/24-008749-003/2024(H5N1)	1287	1777
HA|PP755589.1|A/cattle/Texas/24-008749-003/2024(H5N1)	1288	1806
HA|PP755589.1|A/cattle/Texas/24-008749-003/2024(H5N1)	1289	1803
HA|PP755589.1|A/cattle/Texas/24-008749-003/2024(H5N1)	1290	1799
HA|PP755589.1|A/cattle/Texas/24-008749-003/2024(H5N1)	1291	1801
HA|PP755589.1|A/cattle/Texas/24-008749-003/2024(H5N1)	1292	1838
HA|PP755589.1|A/cattle/Texas/24-008749-003/2024(H5N1)	1293	1879
HA|PP755589.1|A/cattle/Texas/24-008749-003/2024(H5N1)	1294	1871
HA|PP755589.1|A/cattle/Texas/24-008749-003/2024(H5N1)	1295	1873
HA|PP755589.1|A/cattle/Texas/24-008749-003/2024(H5N1)	1296	1880
HA|PP755589.1|A/cattle/Texas/24-008749-003/2024(H5N1)	1297	1876
HA|PP755589.1|A/cattle/Texas/24-008749-003/2024(H5N1)	1298	1914
HA|PP755589.1|A/cattle/Texas/24-008749-003/2024(H5N1)	1299	1922
HA|PP755589.1|A/cattle/Texas/24-008749-003/2024(H5N1)	1300	1910
HA|PP755589.1|A/cattle/Texas/24-008749-003/2024(H5N1)	1301	1910
HA|PP755589.1|A/cattle/Texas/24-008749-003/2024(H5N1)	1302	1910
HA|PP755589.1|A/cattle/Texas/24-008749-003/2024(H5N1)	1303	1910
HA|PP755589.1|A/cattle/Texas/24-008749-003/2024(H5N1)	1304	1908
HA|PP755589.1|A/cattle/Texas/24-008749-003/2024(H5N1)	1305	1953
HA|PP755589.1|A/cattle/Texas/24-008749-003/2024(H5N1)	1306	2000
HA|PP755589.1|A/cattle/Texas/24-008749-003/2024(H5N1)	1307	1972
HA|PP755589.1|A/cattle/Texas/24-008749-003/2024(H5N1)	1308	1944
HA|PP755589.1|A/cattle/Texas/24-008749-003/2024(H5N1)	1309	1938
HA|PP755589.1|A/cattle/Texas/24-008749-003/2024(H5N1)	1310	1939
HA|PP755589.1|A/cattle/Texas/24-008749-003/2024(H5N1)	1311	1968
HA|PP755589.1|A/cattle/Texas/24-008749-003/2024(H5N1)	1312	1973
HA|PP755589.1|A/cattle/Texas/24-008749-003/2024(H5N1)	1313	1972
HA|PP755589.1|A/cattle/Texas/24-008749-003/2024(H5N1)	1314	1967
HA|PP755589.1|A/cattle/Texas/24-008749-003/2024(H5N1)	1315	1939
HA|PP755589.1|A/cattle/Texas/24-008749-003/2024(H5N1)	1316	1950
HA|PP755589.1|A/cattle/Texas/24-008749-003/2024(H5N1)	1317	1948
HA|PP755589.1|A/cattle/Texas/24-008749-003/2024(H5N1)	1318	1948
HA|PP755589.1|A/cattle/Texas/24-008749-003/2024(H5N1)	1319	1983
HA|PP755589.1|A/cattle/Texas/24-008749-003/2024(H5N1)	1320	1919
HA|PP755589.1|A/cattle/Texas/24-008749-003/2024(H5N1)	1321	1915
HA|PP755589.1|A/cattle/Texas/24-008749-003/2024(H5N1)	1322	1904
HA|PP755589.1|A/cattle/Texas/24-008749-003/2024(H5N1)	1323	1851
HA|PP755589.1|A/cattle/Texas/24-008749-003/2024(H5N1)	1324	1856
HA|PP755589.1|A/cattle/Texas/24-008749-003/2024(H5N1)	1325	1851
HA|PP755589.1|A/cattle/Texas/24-008749-003/2024(H5N1)	1326	1838
HA|PP755589.1|A/cattle/Texas/24-008749-003/2024(H5N1)	1327	1852
HA|PP755589.1|A/cattle/Texas/24-008749-003/2024(H5N1)	1328	1825
HA|PP755589.1|A/cattle/Texas/24-008749-003/2024(H5N1)	1329	1837
HA|PP755589.1|A/cattle/Texas/24-008749-003/2024(H5N1)	1330	1797
HA|PP755589.1|A/cattle/Texas/24-008749-003/2024(H5N1)	1331	1798
HA|PP755589.1|A/cattle/Texas/24-008749-003/2024(H5N1)	1332	1798
HA|PP755589.1|A/cattle/Texas/24-008749-003/2024(H5N1)	1333	1797
HA|PP755589.1|A/cattle/Texas/24-008749-003/2024(H5N1)	1334	1803
HA|PP755589.1|A/cattle/Texas/24-008749-003/2024(H5N1)	1335	1829
HA|PP755589.1|A/cattle/Texas/24-008749-003/2024(H5N1)	1336	1805
HA|PP755589.1|A/cattle/Texas/24-008749-003/2024(H5N1)	1337	1817
HA|PP755589.1|A/cattle/Texas/24-008749-003/2024(H5N1)	1338	1774
HA|PP755589.1|A/cattle/Texas/24-008749-003/2024(H5N1)	1339	1774
HA|PP755589.1|A/cattle/Texas/24-008749-003/2024(H5N1)	1340	1776
HA|PP755589.1|A/cattle/Texas/24-008749-003/2024(H5N1)	1341	1777
HA|PP755589.1|A/cattle/Texas/24-008749-003/2024(H5N1)	1342	1784
HA|PP755589.1|A/cattle/Texas/24-008749-003/2024(H5N1)	1343	1785
HA|PP755589.1|A/cattle/Texas/24-008749-003/2024(H5N1)	1344	1760
HA|PP755589.1|A/cattle/Texas/24-008749-003/2024(H5N1)	1345	1795
HA|PP755589.1|A/cattle/Texas/24-008749-003/2024(H5N1)	1346	1799
HA|PP755589.1|A/cattle/Texas/24-008749-003/2024(H5N1)	1347	1807
HA|PP755589.1|A/cattle/Texas/24-008749-003/2024(H5N1)	1348	1807
HA|PP755589.1|A/cattle/Texas/24-008749-003/2024(H5N1)	1349	1787
HA|PP755589.1|A/cattle/Texas/24-008749-003/2024(H5N1)	1350	1788
HA|PP755589.1|A/cattle/Texas/24-008749-003/2024(H5N1)	1351	1781
HA|PP755589.1|A/cattle/Texas/24-008749-003/2024(H5N1)	1352	1801
HA|PP755589.1|A/cattle/Texas/24-008749-003/2024(H5N1)	1353	1821
HA|PP755589.1|A/cattle/Texas/24-008749-003/2024(H5N1)	1354	1834
HA|PP755589.1|A/cattle/Texas/24-008749-003/2024(H5N1)	1355	1897
HA|PP755589.1|A/cattle/Texas/24-008749-003/2024(H5N1)	1356	1882
HA|PP755589.1|A/cattle/Texas/24-008749-003/2024(H5N1)	1357	1897
HA|PP755589.1|A/cattle/Texas/24-008749-003/2024(H5N1)	1358	1897
HA|PP755589.1|A/cattle/Texas/24-008749-003/2024(H5N1)	1359	1901
HA|PP755589.1|A/cattle/Texas/24-008749-003/2024(H5N1)	1360	1898
HA|PP755589.1|A/cattle/Texas/24-008749-003/2024(H5N1)	1361	1915
HA|PP755589.1|A/cattle/Texas/24-008749-003/2024(H5N1)	1362	1912
HA|PP755589.1|A/cattle/Texas/24-008749-003/2024(H5N1)	1363	1903
HA|PP755589.1|A/cattle/Texas/24-008749-003/2024(H5N1)	1364	1924
HA|PP755589.1|A/cattle/Texas/24-008749-003/2024(H5N1)	1365	1914
HA|PP755589.1|A/cattle/Texas/24-008749-003/2024(H5N1)	1366	1907
HA|PP755589.1|A/cattle/Texas/24-008749-003/2024(H5N1)	1367	1904
HA|PP755589.1|A/cattle/Texas/24-008749-003/2024(H5N1)	1368	1889
HA|PP755589.1|A/cattle/Texas/24-008749-003/2024(H5N1)	1369	1886
HA|PP755589.1|A/cattle/Texas/24-008749-003/2024(H5N1)	1370	1932
HA|PP755589.1|A/cattle/Texas/24-008749-003/2024(H5N1)	1371	1953
HA|PP755589.1|A/cattle/Texas/24-008749-003/2024(H5N1)	1372	1908
HA|PP755589.1|A/cattle/Texas/24-008749-003/2024(H5N1)	1373	1925
HA|PP755589.1|A/cattle/Texas/24-008749-003/2024(H5N1)	1374	1924
HA|PP755589.1|A/cattle/Texas/24-008749-003/2024(H5N1)	1375	1927
HA|PP755589.1|A/cattle/Texas/24-008749-003/2024(H5N1)	1376	1979
HA|PP755589.1|A/cattle/Texas/24-008749-003/2024(H5N1)	1377	1979
HA|PP755589.1|A/cattle/Texas/24-008749-003/2024(H5N1)	1378	2007
HA|PP755589.1|A/cattle/Texas/24-008749-003/2024(H5N1)	1379	2002
HA|PP755589.1|A/cattle/Texas/24-008749-003/2024(H5N1)	1380	2001
HA|PP755589.1|A/cattle/Texas/24-008749-003/2024(H5N1)	1381	1999
HA|PP755589.1|A/cattle/Texas/24-008749-003/2024(H5N1)	1382	1934
HA|PP755589.1|A/cattle/Texas/24-008749-003/2024(H5N1)	1383	1930
HA|PP755589.1|A/cattle/Texas/24-008749-003/2024(H5N1)	1384	1944
HA|PP755589.1|A/cattle/Texas/24-008749-003/2024(H5N1)	1385	1938
HA|PP755589.1|A/cattle/Texas/24-008749-003/2024(H5N1)	1386	1955
HA|PP755589.1|A/cattle/Texas/24-008749-003/2024(H5N1)	1387	1935
HA|PP755589.1|A/cattle/Texas/24-008749-003/2024(H5N1)	1388	1923
HA|PP755589.1|A/cattle/Texas/24-008749-003/2024(H5N1)	1389	1920
HA|PP755589.1|A/cattle/Texas/24-008749-003/2024(H5N1)	1390	1919
HA|PP755589.1|A/cattle/Texas/24-008749-003/2024(H5N1)	1391	1896
HA|PP755589.1|A/cattle/Texas/24-008749-003/2024(H5N1)	1392	1877
HA|PP755589.1|A/cattle/Texas/24-008749-003/2024(H5N1)	1393	1880
HA|PP755589.1|A/cattle/Texas/24-008749-003/2024(H5N1)	1394	1894
HA|PP755589.1|A/cattle/Texas/24-008749-003/2024(H5N1)	1395	1883
HA|PP755589.1|A/cattle/Texas/24-008749-003/2024(H5N1)	1396	1856
HA|PP755589.1|A/cattle/Texas/24-008749-003/2024(H5N1)	1397	1864
HA|PP755589.1|A/cattle/Texas/24-008749-003/2024(H5N1)	1398	1881
HA|PP755589.1|A/cattle/Texas/24-008749-003/2024(H5N1)	1399	1904
HA|PP755589.1|A/cattle/Texas/24-008749-003/2024(H5N1)	1400	1903
HA|PP755589.1|A/cattle/Texas/24-008749-003/2024(H5N1)	1401	1874
HA|PP755589.1|A/cattle/Texas/24-008749-003/2024(H5N1)	1402	1874
HA|PP755589.1|A/cattle/Texas/24-008749-003/2024(H5N1)	1403	1971
HA|PP755589.1|A/cattle/Texas/24-008749-003/2024(H5N1)	1404	1983
HA|PP755589.1|A/cattle/Texas/24-008749-003/2024(H5N1)	1405	1999
HA|PP755589.1|A/cattle/Texas/24-008749-003/2024(H5N1)	1406	1988
HA|PP755589.1|A/cattle/Texas/24-008749-003/2024(H5N1)	1407	1971
HA|PP755589.1|A/cattle/Texas/24-008749-003/2024(H5N1)	1408	1962
HA|PP755589.1|A/cattle/Texas/24-008749-003/2024(H5N1)	1409	1944
HA|PP755589.1|A/cattle/Texas/24-008749-003/2024(H5N1)	1410	2046
HA|PP755589.1|A/cattle/Texas/24-008749-003/2024(H5N1)	1411	2046
HA|PP755589.1|A/cattle/Texas/24-008749-003/2024(H5N1)	1412	1976
HA|PP755589.1|A/cattle/Texas/24-008749-003/2024(H5N1)	1413	1977
HA|PP755589.1|A/cattle/Texas/24-008749-003/2024(H5N1)	1414	1949
HA|PP755589.1|A/cattle/Texas/24-008749-003/2024(H5N1)	1415	1956
HA|PP755589.1|A/cattle/Texas/24-008749-003/2024(H5N1)	1416	1988
HA|PP755589.1|A/cattle/Texas/24-008749-003/2024(H5N1)	1417	1986
HA|PP755589.1|A/cattle/Texas/24-008749-003/2024(H5N1)	1418	1988
HA|PP755589.1|A/cattle/Texas/24-008749-003/2024(H5N1)	1419	1906
HA|PP755589.1|A/cattle/Texas/24-008749-003/2024(H5N1)	1420	1877
HA|PP755589.1|A/cattle/Texas/24-008749-003/2024(H5N1)	1421	2009
HA|PP755589.1|A/cattle/Texas/24-008749-003/2024(H5N1)	1422	2011
HA|PP755589.1|A/cattle/Texas/24-008749-003/2024(H5N1)	1423	2019
HA|PP755589.1|A/cattle/Texas/24-008749-003/2024(H5N1)	1424	2028
HA|PP755589.1|A/cattle/Texas/24-008749-003/2024(H5N1)	1425	1991
HA|PP755589.1|A/cattle/Texas/24-008749-003/2024(H5N1)	1426	1987
HA|PP755589.1|A/cattle/Texas/24-008749-003/2024(H5N1)	1427	1987
HA|PP755589.1|A/cattle/Texas/24-008749-003/2024(H5N1)	1428	1998
HA|PP755589.1|A/cattle/Texas/24-008749-003/2024(H5N1)	1429	2027
HA|PP755589.1|A/cattle/Texas/24-008749-003/2024(H5N1)	1430	1919
HA|PP755589.1|A/cattle/Texas/24-008749-003/2024(H5N1)	1431	1910
HA|PP755589.1|A/cattle/Texas/24-008749-003/2024(H5N1)	1432	1917
HA|PP755589.1|A/cattle/Texas/24-008749-003/2024(H5N1)	1433	1959
HA|PP755589.1|A/cattle/Texas/24-008749-003/2024(H5N1)	1434	2064
HA|PP755589.1|A/cattle/Texas/24-008749-003/2024(H5N1)	1435	2091
HA|PP755589.1|A/cattle/Texas/24-008749-003/2024(H5N1)	1436	2083
HA|PP755589.1|A/cattle/Texas/24-008749-003/2024(H5N1)	1437	2080
HA|PP755589.1|A/cattle/Texas/24-008749-003/2024(H5N1)	1438	2083
HA|PP755589.1|A/cattle/Texas/24-008749-003/2024(H5N1)	1439	2080
HA|PP755589.1|A/cattle/Texas/24-008749-003/2024(H5N1)	1440	2073
HA|PP755589.1|A/cattle/Texas/24-008749-003/2024(H5N1)	1441	2079
HA|PP755589.1|A/cattle/Texas/24-008749-003/2024(H5N1)	1442	2082
HA|PP755589.1|A/cattle/Texas/24-008749-003/2024(H5N1)	1443	2026
HA|PP755589.1|A/cattle/Texas/24-008749-003/2024(H5N1)	1444	2024
HA|PP755589.1|A/cattle/Texas/24-008749-003/2024(H5N1)	1445	2041
HA|PP755589.1|A/cattle/Texas/24-008749-003/2024(H5N1)	1446	2044
HA|PP755589.1|A/cattle/Texas/24-008749-003/2024(H5N1)	1447	2054
HA|PP755589.1|A/cattle/Texas/24-008749-003/2024(H5N1)	1448	2049
HA|PP755589.1|A/cattle/Texas/24-008749-003/2024(H5N1)	1449	2011
HA|PP755589.1|A/cattle/Texas/24-008749-003/2024(H5N1)	1450	2011
HA|PP755589.1|A/cattle/Texas/24-008749-003/2024(H5N1)	1451	2010
HA|PP755589.1|A/cattle/Texas/24-008749-003/2024(H5N1)	1452	2030
HA|PP755589.1|A/cattle/Texas/24-008749-003/2024(H5N1)	1453	2038
HA|PP755589.1|A/cattle/Texas/24-008749-003/2024(H5N1)	1454	2028
HA|PP755589.1|A/cattle/Texas/24-008749-003/2024(H5N1)	1455	1951
HA|PP755589.1|A/cattle/Texas/24-008749-003/2024(H5N1)	1456	1952
HA|PP755589.1|A/cattle/Texas/24-008749-003/2024(H5N1)	1457	1961
HA|PP755589.1|A/cattle/Texas/24-008749-003/2024(H5N1)	1458	1963
HA|PP755589.1|A/cattle/Texas/24-008749-003/2024(H5N1)	1459	1961
HA|PP755589.1|A/cattle/Texas/24-008749-003/2024(H5N1)	1460	1975
HA|PP755589.1|A/cattle/Texas/24-008749-003/2024(H5N1)	1461	1960
HA|PP755589.1|A/cattle/Texas/24-008749-003/2024(H5N1)	1462	1962
HA|PP755589.1|A/cattle/Texas/24-008749-003/2024(H5N1)	1463	1960
HA|PP755589.1|A/cattle/Texas/24-008749-003/2024(H5N1)	1464	1954
HA|PP755589.1|A/cattle/Texas/24-008749-003/2024(H5N1)	1465	1915
HA|PP755589.1|A/cattle/Texas/24-008749-003/2024(H5N1)	1466	1921
HA|PP755589.1|A/cattle/Texas/24-008749-003/2024(H5N1)	1467	1904
HA|PP755589.1|A/cattle/Texas/24-008749-003/2024(H5N1)	1468	1903
HA|PP755589.1|A/cattle/Texas/24-008749-003/2024(H5N1)	1469	1906
HA|PP755589.1|A/cattle/Texas/24-008749-003/2024(H5N1)	1470	1872
HA|PP755589.1|A/cattle/Texas/24-008749-003/2024(H5N1)	1471	1894
HA|PP755589.1|A/cattle/Texas/24-008749-003/2024(H5N1)	1472	1908
HA|PP755589.1|A/cattle/Texas/24-008749-003/2024(H5N1)	1473	1908
HA|PP755589.1|A/cattle/Texas/24-008749-003/2024(H5N1)	1474	1916
HA|PP755589.1|A/cattle/Texas/24-008749-003/2024(H5N1)	1475	1915
HA|PP755589.1|A/cattle/Texas/24-008749-003/2024(H5N1)	1476	1931
HA|PP755589.1|A/cattle/Texas/24-008749-003/2024(H5N1)	1477	1965
HA|PP755589.1|A/cattle/Texas/24-008749-003/2024(H5N1)	1478	1949
HA|PP755589.1|A/cattle/Texas/24-008749-003/2024(H5N1)	1479	1964
HA|PP755589.1|A/cattle/Texas/24-008749-003/2024(H5N1)	1480	2101
HA|PP755589.1|A/cattle/Texas/24-008749-003/2024(H5N1)	1481	2100
HA|PP755589.1|A/cattle/Texas/24-008749-003/2024(H5N1)	1482	2098
HA|PP755589.1|A/cattle/Texas/24-008749-003/2024(H5N1)	1483	2100
HA|PP755589.1|A/cattle/Texas/24-008749-003/2024(H5N1)	1484	2095
HA|PP755589.1|A/cattle/Texas/24-008749-003/2024(H5N1)	1485	2094
HA|PP755589.1|A/cattle/Texas/24-008749-003/2024(H5N1)	1486	2060
HA|PP755589.1|A/cattle/Texas/24-008749-003/2024(H5N1)	1487	2099
HA|PP755589.1|A/cattle/Texas/24-008749-003/2024(H5N1)	1488	2084
HA|PP755589.1|A/cattle/Texas/24-008749-003/2024(H5N1)	1489	2084
HA|PP755589.1|A/cattle/Texas/24-008749-003/2024(H5N1)	1490	2082
HA|PP755589.1|A/cattle/Texas/24-008749-003/2024(H5N1)	1491	2084
HA|PP755589.1|A/cattle/Texas/24-008749-003/2024(H5N1)	1492	2088
HA|PP755589.1|A/cattle/Texas/24-008749-003/2024(H5N1)	1493	2102
HA|PP755589.1|A/cattle/Texas/24-008749-003/2024(H5N1)	1494	2111
HA|PP755589.1|A/cattle/Texas/24-008749-003/2024(H5N1)	1495	2116
HA|PP755589.1|A/cattle/Texas/24-008749-003/2024(H5N1)	1496	2100
HA|PP755589.1|A/cattle/Texas/24-008749-003/2024(H5N1)	1497	2095
HA|PP755589.1|A/cattle/Texas/24-008749-003/2024(H5N1)	1498	2079
HA|PP755589.1|A/cattle/Texas/24-008749-003/2024(H5N1)	1499	2089
HA|PP755589.1|A/cattle/Texas/24-008749-003/2024(H5N1)	1500	2083
HA|PP755589.1|A/cattle/Texas/24-008749-003/2024(H5N1)	1501	2115
HA|PP755589.1|A/cattle/Texas/24-008749-003/2024(H5N1)	1502	2104
HA|PP755589.1|A/cattle/Texas/24-008749-003/2024(H5N1)	1503	2101
HA|PP755589.1|A/cattle/Texas/24-008749-003/2024(H5N1)	1504	2116
HA|PP755589.1|A/cattle/Texas/24-008749-003/2024(H5N1)	1505	2102
HA|PP755589.1|A/cattle/Texas/24-008749-003/2024(H5N1)	1506	2149
HA|PP755589.1|A/cattle/Texas/24-008749-003/2024(H5N1)	1507	2153
HA|PP755589.1|A/cattle/Texas/24-008749-003/2024(H5N1)	1508	2156
HA|PP755589.1|A/cattle/Texas/24-008749-003/2024(H5N1)	1509	2151
HA|PP755589.1|A/cattle/Texas/24-008749-003/2024(H5N1)	1510	2127
HA|PP755589.1|A/cattle/Texas/24-008749-003/2024(H5N1)	1511	2185
HA|PP755589.1|A/cattle/Texas/24-008749-003/2024(H5N1)	1512	2197
HA|PP755589.1|A/cattle/Texas/24-008749-003/2024(H5N1)	1513	2304
HA|PP755589.1|A/cattle/Texas/24-008749-003/2024(H5N1)	1514	2302
HA|PP755589.1|A/cattle/Texas/24-008749-003/2024(H5N1)	1515	2284
HA|PP755589.1|A/cattle/Texas/24-008749-003/2024(H5N1)	1516	2289
HA|PP755589.1|A/cattle/Texas/24-008749-003/2024(H5N1)	1517	2286
HA|PP755589.1|A/cattle/Texas/24-008749-003/2024(H5N1)	1518	2343
HA|PP755589.1|A/cattle/Texas/24-008749-003/2024(H5N1)	1519	2343
HA|PP755589.1|A/cattle/Texas/24-008749-003/2024(H5N1)	1520	2362
HA|PP755589.1|A/cattle/Texas/24-008749-003/2024(H5N1)	1521	2329
HA|PP755589.1|A/cattle/Texas/24-008749-003/2024(H5N1)	1522	2305
HA|PP755589.1|A/cattle/Texas/24-008749-003/2024(H5N1)	1523	2307
HA|PP755589.1|A/cattle/Texas/24-008749-003/2024(H5N1)	1524	2286
HA|PP755589.1|A/cattle/Texas/24-008749-003/2024(H5N1)	1525	2300
HA|PP755589.1|A/cattle/Texas/24-008749-003/2024(H5N1)	1526	2359
HA|PP755589.1|A/cattle/Texas/24-008749-003/2024(H5N1)	1527	2296
HA|PP755589.1|A/cattle/Texas/24-008749-003/2024(H5N1)	1528	2294
HA|PP755589.1|A/cattle/Texas/24-008749-003/2024(H5N1)	1529	2288
HA|PP755589.1|A/cattle/Texas/24-008749-003/2024(H5N1)	1530	2285
HA|PP755589.1|A/cattle/Texas/24-008749-003/2024(H5N1)	1531	2283
HA|PP755589.1|A/cattle/Texas/24-008749-003/2024(H5N1)	1532	2284
HA|PP755589.1|A/cattle/Texas/24-008749-003/2024(H5N1)	1533	2284
HA|PP755589.1|A/cattle/Texas/24-008749-003/2024(H5N1)	1534	2278
HA|PP755589.1|A/cattle/Texas/24-008749-003/2024(H5N1)	1535	2284
HA|PP755589.1|A/cattle/Texas/24-008749-003/2024(H5N1)	1536	2462
HA|PP755589.1|A/cattle/Texas/24-008749-003/2024(H5N1)	1537	2437
HA|PP755589.1|A/cattle/Texas/24-008749-003/2024(H5N1)	1538	2425
HA|PP755589.1|A/cattle/Texas/24-008749-003/2024(H5N1)	1539	2482
HA|PP755589.1|A/cattle/Texas/24-008749-003/2024(H5N1)	1540	2480
HA|PP755589.1|A/cattle/Texas/24-008749-003/2024(H5N1)	1541	2482
HA|PP755589.1|A/cattle/Texas/24-008749-003/2024(H5N1)	1542	2482
HA|PP755589.1|A/cattle/Texas/24-008749-003/2024(H5N1)	1543	2474
HA|PP755589.1|A/cattle/Texas/24-008749-003/2024(H5N1)	1544	2480
HA|PP755589.1|A/cattle/Texas/24-008749-003/2024(H5N1)	1545	2524
HA|PP755589.1|A/cattle/Texas/24-008749-003/2024(H5N1)	1546	2527
HA|PP755589.1|A/cattle/Texas/24-008749-003/2024(H5N1)	1547	2529
HA|PP755589.1|A/cattle/Texas/24-008749-003/2024(H5N1)	1548	2521
HA|PP755589.1|A/cattle/Texas/24-008749-003/2024(H5N1)	1549	2532
HA|PP755589.1|A/cattle/Texas/24-008749-003/2024(H5N1)	1550	2524
HA|PP755589.1|A/cattle/Texas/24-008749-003/2024(H5N1)	1551	2524
HA|PP755589.1|A/cattle/Texas/24-008749-003/2024(H5N1)	1552	2524
HA|PP755589.1|A/cattle/Texas/24-008749-003/2024(H5N1)	1553	2508
HA|PP755589.1|A/cattle/Texas/24-008749-003/2024(H5N1)	1554	2427
HA|PP755589.1|A/cattle/Texas/24-008749-003/2024(H5N1)	1555	2424
HA|PP755589.1|A/cattle/Texas/24-008749-003/2024(H5N1)	1556	2400
HA|PP755589.1|A/cattle/Texas/24-008749-003/2024(H5N1)	1557	2401
HA|PP755589.1|A/cattle/Texas/24-008749-003/2024(H5N1)	1558	2363
HA|PP755589.1|A/cattle/Texas/24-008749-003/2024(H5N1)	1559	2366
HA|PP755589.1|A/cattle/Texas/24-008749-003/2024(H5N1)	1560	2361
HA|PP755589.1|A/cattle/Texas/24-008749-003/2024(H5N1)	1561	2255
HA|PP755589.1|A/cattle/Texas/24-008749-003/2024(H5N1)	1562	2273
HA|PP755589.1|A/cattle/Texas/24-008749-003/2024(H5N1)	1563	2273
HA|PP755589.1|A/cattle/Texas/24-008749-003/2024(H5N1)	1564	2275
HA|PP755589.1|A/cattle/Texas/24-008749-003/2024(H5N1)	1565	2275
HA|PP755589.1|A/cattle/Texas/24-008749-003/2024(H5N1)	1566	2275
HA|PP755589.1|A/cattle/Texas/24-008749-003/2024(H5N1)	1567	2239
HA|PP755589.1|A/cattle/Texas/24-008749-003/2024(H5N1)	1568	2235
HA|PP755589.1|A/cattle/Texas/24-008749-003/2024(H5N1)	1569	2225
HA|PP755589.1|A/cattle/Texas/24-008749-003/2024(H5N1)	1570	2221
HA|PP755589.1|A/cattle/Texas/24-008749-003/2024(H5N1)	1571	2243
HA|PP755589.1|A/cattle/Texas/24-008749-003/2024(H5N1)	1572	2133
HA|PP755589.1|A/cattle/Texas/24-008749-003/2024(H5N1)	1573	2133
HA|PP755589.1|A/cattle/Texas/24-008749-003/2024(H5N1)	1574	2130
HA|PP755589.1|A/cattle/Texas/24-008749-003/2024(H5N1)	1575	2136
HA|PP755589.1|A/cattle/Texas/24-008749-003/2024(H5N1)	1576	2161
HA|PP755589.1|A/cattle/Texas/24-008749-003/2024(H5N1)	1577	2159
HA|PP755589.1|A/cattle/Texas/24-008749-003/2024(H5N1)	1578	2159
HA|PP755589.1|A/cattle/Texas/24-008749-003/2024(H5N1)	1579	2151
HA|PP755589.1|A/cattle/Texas/24-008749-003/2024(H5N1)	1580	2144
HA|PP755589.1|A/cattle/Texas/24-008749-003/2024(H5N1)	1581	2149
HA|PP755589.1|A/cattle/Texas/24-008749-003/2024(H5N1)	1582	2146
HA|PP755589.1|A/cattle/Texas/24-008749-003/2024(H5N1)	1583	2073
HA|PP755589.1|A/cattle/Texas/24-008749-003/2024(H5N1)	1584	2015
HA|PP755589.1|A/cattle/Texas/24-008749-003/2024(H5N1)	1585	2019
HA|PP755589.1|A/cattle/Texas/24-008749-003/2024(H5N1)	1586	2014
HA|PP755589.1|A/cattle/Texas/24-008749-003/2024(H5N1)	1587	2022
HA|PP755589.1|A/cattle/Texas/24-008749-003/2024(H5N1)	1588	2022
HA|PP755589.1|A/cattle/Texas/24-008749-003/2024(H5N1)	1589	1972
HA|PP755589.1|A/cattle/Texas/24-008749-003/2024(H5N1)	1590	1975
HA|PP755589.1|A/cattle/Texas/24-008749-003/2024(H5N1)	1591	1981
HA|PP755589.1|A/cattle/Texas/24-008749-003/2024(H5N1)	1592	1979
HA|PP755589.1|A/cattle/Texas/24-008749-003/2024(H5N1)	1593	2056
HA|PP755589.1|A/cattle/Texas/24-008749-003/2024(H5N1)	1594	2036
HA|PP755589.1|A/cattle/Texas/24-008749-003/2024(H5N1)	1595	1985
HA|PP755589.1|A/cattle/Texas/24-008749-003/2024(H5N1)	1596	1989
HA|PP755589.1|A/cattle/Texas/24-008749-003/2024(H5N1)	1597	2274
HA|PP755589.1|A/cattle/Texas/24-008749-003/2024(H5N1)	1598	2280
HA|PP755589.1|A/cattle/Texas/24-008749-003/2024(H5N1)	1599	2303
HA|PP755589.1|A/cattle/Texas/24-008749-003/2024(H5N1)	1600	2308
HA|PP755589.1|A/cattle/Texas/24-008749-003/2024(H5N1)	1601	2309
HA|PP755589.1|A/cattle/Texas/24-008749-003/2024(H5N1)	1602	2335
HA|PP755589.1|A/cattle/Texas/24-008749-003/2024(H5N1)	1603	2314
HA|PP755589.1|A/cattle/Texas/24-008749-003/2024(H5N1)	1604	2310
HA|PP755589.1|A/cattle/Texas/24-008749-003/2024(H5N1)	1605	2310
HA|PP755589.1|A/cattle/Texas/24-008749-003/2024(H5N1)	1606	2306
HA|PP755589.1|A/cattle/Texas/24-008749-003/2024(H5N1)	1607	2307
HA|PP755589.1|A/cattle/Texas/24-008749-003/2024(H5N1)	1608	2297
HA|PP755589.1|A/cattle/Texas/24-008749-003/2024(H5N1)	1609	2297
HA|PP755589.1|A/cattle/Texas/24-008749-003/2024(H5N1)	1610	2297
HA|PP755589.1|A/cattle/Texas/24-008749-003/2024(H5N1)	1611	2283
HA|PP755589.1|A/cattle/Texas/24-008749-003/2024(H5N1)	1612	2280
HA|PP755589.1|A/cattle/Texas/24-008749-003/2024(H5N1)	1613	2261
HA|PP755589.1|A/cattle/Texas/24-008749-003/2024(H5N1)	1614	2265
HA|PP755589.1|A/cattle/Texas/24-008749-003/2024(H5N1)	1615	2261
HA|PP755589.1|A/cattle/Texas/24-008749-003/2024(H5N1)	1616	2252
HA|PP755589.1|A/cattle/Texas/24-008749-003/2024(H5N1)	1617	2255
HA|PP755589.1|A/cattle/Texas/24-008749-003/2024(H5N1)	1618	2249
HA|PP755589.1|A/cattle/Texas/24-008749-003/2024(H5N1)	1619	2251
HA|PP755589.1|A/cattle/Texas/24-008749-003/2024(H5N1)	1620	2249
HA|PP755589.1|A/cattle/Texas/24-008749-003/2024(H5N1)	1621	2247
HA|PP755589.1|A/cattle/Texas/24-008749-003/2024(H5N1)	1622	2272
HA|PP755589.1|A/cattle/Texas/24-008749-003/2024(H5N1)	1623	2269
HA|PP755589.1|A/cattle/Texas/24-008749-003/2024(H5N1)	1624	2258
HA|PP755589.1|A/cattle/Texas/24-008749-003/2024(H5N1)	1625	2258
HA|PP755589.1|A/cattle/Texas/24-008749-003/2024(H5N1)	1626	2248
HA|PP755589.1|A/cattle/Texas/24-008749-003/2024(H5N1)	1627	2239
HA|PP755589.1|A/cattle/Texas/24-008749-003/2024(H5N1)	1628	2199
HA|PP755589.1|A/cattle/Texas/24-008749-003/2024(H5N1)	1629	2183
HA|PP755589.1|A/cattle/Texas/24-008749-003/2024(H5N1)	1630	2170
HA|PP755589.1|A/cattle/Texas/24-008749-003/2024(H5N1)	1631	1981
HA|PP755589.1|A/cattle/Texas/24-008749-003/2024(H5N1)	1632	1981
HA|PP755589.1|A/cattle/Texas/24-008749-003/2024(H5N1)	1633	1979
HA|PP755589.1|A/cattle/Texas/24-008749-003/2024(H5N1)	1634	1982
HA|PP755589.1|A/cattle/Texas/24-008749-003/2024(H5N1)	1635	1980
HA|PP755589.1|A/cattle/Texas/24-008749-003/2024(H5N1)	1636	1972
HA|PP755589.1|A/cattle/Texas/24-008749-003/2024(H5N1)	1637	1968
HA|PP755589.1|A/cattle/Texas/24-008749-003/2024(H5N1)	1638	1930
HA|PP755589.1|A/cattle/Texas/24-008749-003/2024(H5N1)	1639	1929
HA|PP755589.1|A/cattle/Texas/24-008749-003/2024(H5N1)	1640	1924
HA|PP755589.1|A/cattle/Texas/24-008749-003/2024(H5N1)	1641	1918
HA|PP755589.1|A/cattle/Texas/24-008749-003/2024(H5N1)	1642	1905
HA|PP755589.1|A/cattle/Texas/24-008749-003/2024(H5N1)	1643	1899
HA|PP755589.1|A/cattle/Texas/24-008749-003/2024(H5N1)	1644	1881
HA|PP755589.1|A/cattle/Texas/24-008749-003/2024(H5N1)	1645	1874
HA|PP755589.1|A/cattle/Texas/24-008749-003/2024(H5N1)	1646	1863
HA|PP755589.1|A/cattle/Texas/24-008749-003/2024(H5N1)	1647	1821
HA|PP755589.1|A/cattle/Texas/24-008749-003/2024(H5N1)	1648	1827
HA|PP755589.1|A/cattle/Texas/24-008749-003/2024(H5N1)	1649	1825
HA|PP755589.1|A/cattle/Texas/24-008749-003/2024(H5N1)	1650	1816
HA|PP755589.1|A/cattle/Texas/24-008749-003/2024(H5N1)	1651	1790
HA|PP755589.1|A/cattle/Texas/24-008749-003/2024(H5N1)	1652	1781
HA|PP755589.1|A/cattle/Texas/24-008749-003/2024(H5N1)	1653	1780
HA|PP755589.1|A/cattle/Texas/24-008749-003/2024(H5N1)	1654	1778
HA|PP755589.1|A/cattle/Texas/24-008749-003/2024(H5N1)	1655	1704
HA|PP755589.1|A/cattle/Texas/24-008749-003/2024(H5N1)	1656	1702
HA|PP755589.1|A/cattle/Texas/24-008749-003/2024(H5N1)	1657	1666
HA|PP755589.1|A/cattle/Texas/24-008749-003/2024(H5N1)	1658	1655
HA|PP755589.1|A/cattle/Texas/24-008749-003/2024(H5N1)	1659	1647
HA|PP755589.1|A/cattle/Texas/24-008749-003/2024(H5N1)	1660	1644
HA|PP755589.1|A/cattle/Texas/24-008749-003/2024(H5N1)	1661	1644
HA|PP755589.1|A/cattle/Texas/24-008749-003/2024(H5N1)	1662	1589
HA|PP755589.1|A/cattle/Texas/24-008749-003/2024(H5N1)	1663	1564
HA|PP755589.1|A/cattle/Texas/24-008749-003/2024(H5N1)	1664	1444
HA|PP755589.1|A/cattle/Texas/24-008749-003/2024(H5N1)	1665	1444
HA|PP755589.1|A/cattle/Texas/24-008749-003/2024(H5N1)	1666	1384
HA|PP755589.1|A/cattle/Texas/24-008749-003/2024(H5N1)	1667	1383
HA|PP755589.1|A/cattle/Texas/24-008749-003/2024(H5N1)	1668	1336
HA|PP755589.1|A/cattle/Texas/24-008749-003/2024(H5N1)	1669	1335
HA|PP755589.1|A/cattle/Texas/24-008749-003/2024(H5N1)	1670	1322
HA|PP755589.1|A/cattle/Texas/24-008749-003/2024(H5N1)	1671	1290
HA|PP755589.1|A/cattle/Texas/24-008749-003/2024(H5N1)	1672	1289
HA|PP755589.1|A/cattle/Texas/24-008749-003/2024(H5N1)	1673	1289
HA|PP755589.1|A/cattle/Texas/24-008749-003/2024(H5N1)	1674	1277
HA|PP755589.1|A/cattle/Texas/24-008749-003/2024(H5N1)	1675	1277
HA|PP755589.1|A/cattle/Texas/24-008749-003/2024(H5N1)	1676	1213
HA|PP755589.1|A/cattle/Texas/24-008749-003/2024(H5N1)	1677	1208
HA|PP755589.1|A/cattle/Texas/24-008749-003/2024(H5N1)	1678	1206
HA|PP755589.1|A/cattle/Texas/24-008749-003/2024(H5N1)	1679	1170
HA|PP755589.1|A/cattle/Texas/24-008749-003/2024(H5N1)	1680	1170
HA|PP755589.1|A/cattle/Texas/24-008749-003/2024(H5N1)	1681	1168
HA|PP755589.1|A/cattle/Texas/24-008749-003/2024(H5N1)	1682	1168
HA|PP755589.1|A/cattle/Texas/24-008749-003/2024(H5N1)	1683	1168
HA|PP755589.1|A/cattle/Texas/24-008749-003/2024(H5N1)	1684	1163
HA|PP755589.1|A/cattle/Texas/24-008749-003/2024(H5N1)	1685	1003
HA|PP755589.1|A/cattle/Texas/24-008749-003/2024(H5N1)	1686	999
HA|PP755589.1|A/cattle/Texas/24-008749-003/2024(H5N1)	1687	970
HA|PP755589.1|A/cattle/Texas/24-008749-003/2024(H5N1)	1688	970
HA|PP755589.1|A/cattle/Texas/24-008749-003/2024(H5N1)	1689	970
HA|PP755589.1|A/cattle/Texas/24-008749-003/2024(H5N1)	1690	909
HA|PP755589.1|A/cattle/Texas/24-008749-003/2024(H5N1)	1691	909
HA|PP755589.1|A/cattle/Texas/24-008749-003/2024(H5N1)	1692	907
HA|PP755589.1|A/cattle/Texas/24-008749-003/2024(H5N1)	1693	907
HA|PP755589.1|A/cattle/Texas/24-008749-003/2024(H5N1)	1694	906
HA|PP755589.1|A/cattle/Texas/24-008749-003/2024(H5N1)	1695	834
HA|PP755589.1|A/cattle/Texas/24-008749-003/2024(H5N1)	1696	831
HA|PP755589.1|A/cattle/Texas/24-008749-003/2024(H5N1)	1697	828
HA|PP755589.1|A/cattle/Texas/24-008749-003/2024(H5N1)	1698	828
HA|PP755589.1|A/cattle/Texas/24-008749-003/2024(H5N1)	1699	828
HA|PP755589.1|A/cattle/Texas/24-008749-003/2024(H5N1)	1700	799
HA|PP755589.1|A/cattle/Texas/24-008749-003/2024(H5N1)	1701	795
HA|PP755589.1|A/cattle/Texas/24-008749-003/2024(H5N1)	1702	792
HA|PP755589.1|A/cattle/Texas/24-008749-003/2024(H5N1)	1703	789
HA|PP755589.1|A/cattle/Texas/24-008749-003/2024(H5N1)	1704	789
