HA|PP755589.1|A/cattle/Texas/24-008749-003/2024(H5N1)	1	337
HA|PP755589.1|A/cattle/Texas/24-008749-003/2024(H5N1)	2	337
HA|PP755589.1|A/cattle/Texas/24-008749-003/2024(H5N1)	3	345
HA|PP755589.1|A/cattle/Texas/24-008749-003/2024(H5N1)	4	345
HA|PP755589.1|A/cattle/Texas/24-008749-003/2024(H5N1)	5	345
HA|PP755589.1|A/cattle/Texas/24-008749-003/2024(H5N1)	6	355
HA|PP755589.1|A/cattle/Texas/24-008749-003/2024(H5N1)	7	355
HA|PP755589.1|A/cattle/Texas/24-008749-003/2024(H5N1)	8	418
HA|PP755589.1|A/cattle/Texas/24-008749-003/2024(H5N1)	9	418
HA|PP755589.1|A/cattle/Texas/24-008749-003/2024(H5N1)	10	418
HA|PP755589.1|A/cattle/Texas/24-008749-003/2024(H5N1)	11	445
HA|PP755589.1|A/cattle/Texas/24-008749-003/2024(H5N1)	12	446
HA|PP755589.1|A/cattle/Texas/24-008749-003/2024(H5N1)	13	496
HA|PP755589.1|A/cattle/Texas/24-008749-003/2024(H5N1)	14	496
HA|PP755589.1|A/cattle/Texas/24-008749-003/2024(H5N1)	15	496
HA|PP755589.1|A/cattle/Texas/24-008749-003/2024(H5N1)	16	496
HA|PP755589.1|A/cattle/Texas/24-008749-003/2024(H5N1)	17	496
HA|PP755589.1|A/cattle/Texas/24-008749-003/2024(H5N1)	18	498
HA|PP755589.1|A/cattle/Texas/24-008749-003/2024(H5N1)	19	502
HA|PP755589.1|A/cattle/Texas/24-008749-003/2024(H5N1)	20	502
HA|PP755589.1|A/cattle/Texas/24-008749-003/2024(H5N1)	21	502
HA|PP755589.1|A/cattle/Texas/24-008749-003/2024(H5N1)	22	503
HA|PP755589.1|A/cattle/Texas/24-008749-003/2024(H5N1)	23	507
HA|PP755589.1|A/cattle/Texas/24-008749-003/2024(H5N1)	24	507
HA|PP755589.1|A/cattle/Texas/24-008749-003/2024(H5N1)	25	507
HA|PP755589.1|A/cattle/Texas/24-008749-003/2024(H5N1)	26	508
HA|PP755589.1|A/cattle/Texas/24-008749-003/2024(H5N1)	27	508
HA|PP755589.1|A/cattle/Texas/24-008749-003/2024(H5N1)	28	510
HA|PP755589.1|A/cattle/Texas/24-008749-003/2024(H5N1)	29	515
HA|PP755589.1|A/cattle/Texas/24-008749-003/2024(H5N1)	30	545
HA|PP755589.1|A/cattle/Texas/24-008749-003/2024(H5N1)	31	545
HA|PP755589.1|A/cattle/Texas/24-008749-003/2024(H5N1)	32	545
HA|PP755589.1|A/cattle/Texas/24-008749-003/2024(H5N1)	33	546
HA|PP755589.1|A/cattle/Texas/24-008749-003/2024(H5N1)	34	546
HA|PP755589.1|A/cattle/Texas/24-008749-003/2024(H5N1)	35	553
HA|PP755589.1|A/cattle/Texas/24-008749-003/2024(H5N1)	36	558
HA|PP755589.1|A/cattle/Texas/24-008749-003/2024(H5N1)	37	558
HA|PP755589.1|A/cattle/Texas/24-008749-003/2024(H5N1)	38	560
HA|PP755589.1|A/cattle/Texas/24-008749-003/2024(H5N1)	39	577
HA|PP755589.1|A/cattle/Texas/24-008749-003/2024(H5N1)	40	587
HA|PP755589.1|A/cattle/Texas/24-008749-003/2024(H5N1)	41	587
HA|PP755589.1|A/cattle/Texas/24-008749-003/2024(H5N1)	42	588
HA|PP755589.1|A/cattle/Texas/24-008749-003/2024(H5N1)	43	589
HA|PP755589.1|A/cattle/Texas/24-008749-003/2024(H5N1)	44	590
HA|PP755589.1|A/cattle/Texas/24-008749-003/2024(H5N1)	45	590
HA|PP755589.1|A/cattle/Texas/24-008749-003/2024(H5N1)	46	590
HA|PP755589.1|A/cattle/Texas/24-008749-003/2024(H5N1)	47	593
HA|PP755589.1|A/cattle/Texas/24-008749-003/2024(H5N1)	48	593
HA|PP755589.1|A/cattle/Texas/24-008749-003/2024(H5N1)	49	600
HA|PP755589.1|A/cattle/Texas/24-008749-003/2024(H5N1)	50	600
HA|PP755589.1|A/cattle/Texas/24-008749-003/2024(H5N1)	51	600
HA|PP755589.1|A/cattle/Texas/24-008749-003/2024(H5N1)	52	600
HA|PP755589.1|A/cattle/Texas/24-008749-003/2024(H5N1)	53	600
HA|PP755589.1|A/cattle/Texas/24-008749-003/2024(H5N1)	54	627
HA|PP755589.1|A/cattle/Texas/24-008749-003/2024(H5N1)	55	627
HA|PP755589.1|A/cattle/Texas/24-008749-003/2024(H5N1)	56	622
HA|PP755589.1|A/cattle/Texas/24-008749-003/2024(H5N1)	57	622
HA|PP755589.1|A/cattle/Texas/24-008749-003/2024(H5N1)	58	626
HA|PP755589.1|A/cattle/Texas/24-008749-003/2024(H5N1)	59	635
HA|PP755589.1|A/cattle/Texas/24-008749-003/2024(H5N1)	60	636
HA|PP755589.1|A/cattle/Texas/24-008749-003/2024(H5N1)	61	636
HA|PP755589.1|A/cattle/Texas/24-008749-003/2024(H5N1)	62	636
HA|PP755589.1|A/cattle/Texas/24-008749-003/2024(H5N1)	63	637
HA|PP755589.1|A/cattle/Texas/24-008749-003/2024(H5N1)	64	646
HA|PP755589.1|A/cattle/Texas/24-008749-003/2024(H5N1)	65	647
HA|PP755589.1|A/cattle/Texas/24-008749-003/2024(H5N1)	66	655
HA|PP755589.1|A/cattle/Texas/24-008749-003/2024(H5N1)	67	655
HA|PP755589.1|A/cattle/Texas/24-008749-003/2024(H5N1)	68	657
HA|PP755589.1|A/cattle/Texas/24-008749-003/2024(H5N1)	69	660
HA|PP755589.1|A/cattle/Texas/24-008749-003/2024(H5N1)	70	666
HA|PP755589.1|A/cattle/Texas/24-008749-003/2024(H5N1)	71	669
HA|PP755589.1|A/cattle/Texas/24-008749-003/2024(H5N1)	72	669
HA|PP755589.1|A/cattle/Texas/24-008749-003/2024(H5N1)	73	669
HA|PP755589.1|A/cattle/Texas/24-008749-003/2024(H5N1)	74	676
HA|PP755589.1|A/cattle/Texas/24-008749-003/2024(H5N1)	75	683
HA|PP755589.1|A/cattle/Texas/24-008749-003/2024(H5N1)	76	723
HA|PP755589.1|A/cattle/Texas/24-008749-003/2024(H5N1)	77	744
HA|PP755589.1|A/cattle/Texas/24-008749-003/2024(H5N1)	78	765
HA|PP755589.1|A/cattle/Texas/24-008749-003/2024(H5N1)	79	769
HA|PP755589.1|A/cattle/Texas/24-008749-003/2024(H5N1)	80	772
HA|PP755589.1|A/cattle/Texas/24-008749-003/2024(H5N1)	81	774
HA|PP755589.1|A/cattle/Texas/24-008749-003/2024(H5N1)	82	774
HA|PP755589.1|A/cattle/Texas/24-008749-003/2024(H5N1)	83	774
HA|PP755589.1|A/cattle/Texas/24-008749-003/2024(H5N1)	84	774
HA|PP755589.1|A/cattle/Texas/24-008749-003/2024(H5N1)	85	774
HA|PP755589.1|A/cattle/Texas/24-008749-003/2024(H5N1)	86	775
HA|PP755589.1|A/cattle/Texas/24-008749-003/2024(H5N1)	87	775
HA|PP755589.1|A/cattle/Texas/24-008749-003/2024(H5N1)	88	815
HA|PP755589.1|A/cattle/Texas/24-008749-003/2024(H5N1)	89	817
HA|PP755589.1|A/cattle/Texas/24-008749-003/2024(H5N1)	90	824
HA|PP755589.1|A/cattle/Texas/24-008749-003/2024(H5N1)	91	826
HA|PP755589.1|A/cattle/Texas/24-008749-003/2024(H5N1)	92	823
HA|PP755589.1|A/cattle/Texas/24-008749-003/2024(H5N1)	93	827
HA|PP755589.1|A/cattle/Texas/24-008749-003/2024(H5N1)	94	829
HA|PP755589.1|A/cattle/Texas/24-008749-003/2024(H5N1)	95	829
HA|PP755589.1|A/cattle/Texas/24-008749-003/2024(H5N1)	96	832
HA|PP755589.1|A/cattle/Texas/24-008749-003/2024(H5N1)	97	830
HA|PP755589.1|A/cattle/Texas/24-008749-003/2024(H5N1)	98	833
HA|PP755589.1|A/cattle/Texas/24-008749-003/2024(H5N1)	99	833
HA|PP755589.1|A/cattle/Texas/24-008749-003/2024(H5N1)	100	833
HA|PP755589.1|A/cattle/Texas/24-008749-003/2024(H5N1)	101	841
HA|PP755589.1|A/cattle/Texas/24-008749-003/2024(H5N1)	102	841
HA|PP755589.1|A/cattle/Texas/24-008749-003/2024(H5N1)	103	841
HA|PP755589.1|A/cattle/Texas/24-008749-003/2024(H5N1)	104	841
HA|PP755589.1|A/cattle/Texas/24-008749-003/2024(H5N1)	105	842
HA|PP755589.1|A/cattle/Texas/24-008749-003/2024(H5N1)	106	845
HA|PP755589.1|A/cattle/Texas/24-008749-003/2024(H5N1)	107	845
HA|PP755589.1|A/cattle/Texas/24-008749-003/2024(H5N1)	108	846
HA|PP755589.1|A/cattle/Texas/24-008749-003/2024(H5N1)	109	846
HA|PP755589.1|A/cattle/Texas/24-008749-003/2024(H5N1)	110	846
HA|PP755589.1|A/cattle/Texas/24-008749-003/2024(H5N1)	111	847
HA|PP755589.1|A/cattle/Texas/24-008749-003/2024(H5N1)	112	847
HA|PP755589.1|A/cattle/Texas/24-008749-003/2024(H5N1)	113	847
HA|PP755589.1|A/cattle/Texas/24-008749-003/2024(H5N1)	114	849
HA|PP755589.1|A/cattle/Texas/24-008749-003/2024(H5N1)	115	861
HA|PP755589.1|A/cattle/Texas/24-008749-003/2024(H5N1)	116	872
HA|PP755589.1|A/cattle/Texas/24-008749-003/2024(H5N1)	117	878
HA|PP755589.1|A/cattle/Texas/24-008749-003/2024(H5N1)	118	876
HA|PP755589.1|A/cattle/Texas/24-008749-003/2024(H5N1)	119	876
HA|PP755589.1|A/cattle/Texas/24-008749-003/2024(H5N1)	120	877
HA|PP755589.1|A/cattle/Texas/24-008749-003/2024(H5N1)	121	877
HA|PP755589.1|A/cattle/Texas/24-008749-003/2024(H5N1)	122	804
HA|PP755589.1|A/cattle/Texas/24-008749-003/2024(H5N1)	123	811
HA|PP755589.1|A/cattle/Texas/24-008749-003/2024(H5N1)	124	816
HA|PP755589.1|A/cattle/Texas/24-008749-003/2024(H5N1)	125	816
HA|PP755589.1|A/cattle/Texas/24-008749-003/2024(H5N1)	126	817
HA|PP755589.1|A/cattle/Texas/24-008749-003/2024(H5N1)	127	821
HA|PP755589.1|A/cattle/Texas/24-008749-003/2024(H5N1)	128	807
HA|PP755589.1|A/cattle/Texas/24-008749-003/2024(H5N1)	129	806
HA|PP755589.1|A/cattle/Texas/24-008749-003/2024(H5N1)	130	799
HA|PP755589.1|A/cattle/Texas/24-008749-003/2024(H5N1)	131	795
HA|PP755589.1|A/cattle/Texas/24-008749-003/2024(H5N1)	132	793
HA|PP755589.1|A/cattle/Texas/24-008749-003/2024(H5N1)	133	820
HA|PP755589.1|A/cattle/Texas/24-008749-003/2024(H5N1)	134	840
HA|PP755589.1|A/cattle/Texas/24-008749-003/2024(H5N1)	135	796
HA|PP755589.1|A/cattle/Texas/24-008749-003/2024(H5N1)	136	796
HA|PP755589.1|A/cattle/Texas/24-008749-003/2024(H5N1)	137	797
HA|PP755589.1|A/cattle/Texas/24-008749-003/2024(H5N1)	138	797
HA|PP755589.1|A/cattle/Texas/24-008749-003/2024(H5N1)	139	797
HA|PP755589.1|A/cattle/Texas/24-008749-003/2024(H5N1)	140	815
HA|PP755589.1|A/cattle/Texas/24-008749-003/2024(H5N1)	141	811
HA|PP755589.1|A/cattle/Texas/24-008749-003/2024(H5N1)	142	811
HA|PP755589.1|A/cattle/Texas/24-008749-003/2024(H5N1)	143	811
HA|PP755589.1|A/cattle/Texas/24-008749-003/2024(H5N1)	144	808
HA|PP755589.1|A/cattle/Texas/24-008749-003/2024(H5N1)	145	774
HA|PP755589.1|A/cattle/Texas/24-008749-003/2024(H5N1)	146	774
HA|PP755589.1|A/cattle/Texas/24-008749-003/2024(H5N1)	147	778
HA|PP755589.1|A/cattle/Texas/24-008749-003/2024(H5N1)	148	781
HA|PP755589.1|A/cattle/Texas/24-008749-003/2024(H5N1)	149	781
HA|PP755589.1|A/cattle/Texas/24-008749-003/2024(H5N1)	150	781
HA|PP755589.1|A/cattle/Texas/24-008749-003/2024(H5N1)	151	784
HA|PP755589.1|A/cattle/Texas/24-008749-003/2024(H5N1)	152	806
HA|PP755589.1|A/cattle/Texas/24-008749-003/2024(H5N1)	153	806
HA|PP755589.1|A/cattle/Texas/24-008749-003/2024(H5N1)	154	802
HA|PP755589.1|A/cattle/Texas/24-008749-003/2024(H5N1)	155	802
HA|PP755589.1|A/cattle/Texas/24-008749-003/2024(H5N1)	156	802
HA|PP755589.1|A/cattle/Texas/24-008749-003/2024(H5N1)	157	797
HA|PP755589.1|A/cattle/Texas/24-008749-003/2024(H5N1)	158	798
HA|PP755589.1|A/cattle/Texas/24-008749-003/2024(H5N1)	159	738
HA|PP755589.1|A/cattle/Texas/24-008749-003/2024(H5N1)	160	738
HA|PP755589.1|A/cattle/Texas/24-008749-003/2024(H5N1)	161	747
HA|PP755589.1|A/cattle/Texas/24-008749-003/2024(H5N1)	162	724
HA|PP755589.1|A/cattle/Texas/24-008749-003/2024(H5N1)	163	722
HA|PP755589.1|A/cattle/Texas/24-008749-003/2024(H5N1)	164	682
HA|PP755589.1|A/cattle/Texas/24-008749-003/2024(H5N1)	165	684
HA|PP755589.1|A/cattle/Texas/24-008749-003/2024(H5N1)	166	684
HA|PP755589.1|A/cattle/Texas/24-008749-003/2024(H5N1)	167	685
HA|PP755589.1|A/cattle/Texas/24-008749-003/2024(H5N1)	168	693
HA|PP755589.1|A/cattle/Texas/24-008749-003/2024(H5N1)	169	696
HA|PP755589.1|A/cattle/Texas/24-008749-003/2024(H5N1)	170	693
HA|PP755589.1|A/cattle/Texas/24-008749-003/2024(H5N1)	171	695
HA|PP755589.1|A/cattle/Texas/24-008749-003/2024(H5N1)	172	695
HA|PP755589.1|A/cattle/Texas/24-008749-003/2024(H5N1)	173	694
HA|PP755589.1|A/cattle/Texas/24-008749-003/2024(H5N1)	174	723
HA|PP755589.1|A/cattle/Texas/24-008749-003/2024(H5N1)	175	724
HA|PP755589.1|A/cattle/Texas/24-008749-003/2024(H5N1)	176	747
HA|PP755589.1|A/cattle/Texas/24-008749-003/2024(H5N1)	177	758
HA|PP755589.1|A/cattle/Texas/24-008749-003/2024(H5N1)	178	769
HA|PP755589.1|A/cattle/Texas/24-008749-003/2024(H5N1)	179	782
HA|PP755589.1|A/cattle/Texas/24-008749-003/2024(H5N1)	180	787
HA|PP755589.1|A/cattle/Texas/24-008749-003/2024(H5N1)	181	756
HA|PP755589.1|A/cattle/Texas/24-008749-003/2024(H5N1)	182	757
HA|PP755589.1|A/cattle/Texas/24-008749-003/2024(H5N1)	183	761
HA|PP755589.1|A/cattle/Texas/24-008749-003/2024(H5N1)	184	763
HA|PP755589.1|A/cattle/Texas/24-008749-003/2024(H5N1)	185	767
HA|PP755589.1|A/cattle/Texas/24-008749-003/2024(H5N1)	186	762
HA|PP755589.1|A/cattle/Texas/24-008749-003/2024(H5N1)	187	763
HA|PP755589.1|A/cattle/Texas/24-008749-003/2024(H5N1)	188	778
HA|PP755589.1|A/cattle/Texas/24-008749-003/2024(H5N1)	189	774
HA|PP755589.1|A/cattle/Texas/24-008749-003/2024(H5N1)	190	769
HA|PP755589.1|A/cattle/Texas/24-008749-003/2024(H5N1)	191	760
HA|PP755589.1|A/cattle/Texas/24-008749-003/2024(H5N1)	192	763
HA|PP755589.1|A/cattle/Texas/24-008749-003/2024(H5N1)	193	765
HA|PP755589.1|A/cattle/Texas/24-008749-003/2024(H5N1)	194	764
HA|PP755589.1|A/cattle/Texas/24-008749-003/2024(H5N1)	195	764
HA|PP755589.1|A/cattle/Texas/24-008749-003/2024(H5N1)	196	767
HA|PP755589.1|A/cattle/Texas/24-008749-003/2024(H5N1)	197	770
HA|PP755589.1|A/cattle/Texas/24-008749-003/2024(H5N1)	198	776
HA|PP755589.1|A/cattle/Texas/24-008749-003/2024(H5N1)	199	781
HA|PP755589.1|A/cattle/Texas/24-008749-003/2024(H5N1)	200	795
HA|PP755589.1|A/cattle/Texas/24-008749-003/2024(H5N1)	201	795
HA|PP755589.1|A/cattle/Texas/24-008749-003/2024(H5N1)	202	795
HA|PP755589.1|A/cattle/Texas/24-008749-003/2024(H5N1)	203	795
HA|PP755589.1|A/cattle/Texas/24-008749-003/2024(H5N1)	204	798
HA|PP755589.1|A/cattle/Texas/24-008749-003/2024(H5N1)	205	780
HA|PP755589.1|A/cattle/Texas/24-008749-003/2024(H5N1)	206	780
HA|PP755589.1|A/cattle/Texas/24-008749-003/2024(H5N1)	207	797
HA|PP755589.1|A/cattle/Texas/24-008749-003/2024(H5N1)	208	808
HA|PP755589.1|A/cattle/Texas/24-008749-003/2024(H5N1)	209	804
HA|PP755589.1|A/cattle/Texas/24-008749-003/2024(H5N1)	210	818
HA|PP755589.1|A/cattle/Texas/24-008749-003/2024(H5N1)	211	820
HA|PP755589.1|A/cattle/Texas/24-008749-003/2024(H5N1)	212	830
HA|PP755589.1|A/cattle/Texas/24-008749-003/2024(H5N1)	213	831
HA|PP755589.1|A/cattle/Texas/24-008749-003/2024(H5N1)	214	831
HA|PP755589.1|A/cattle/Texas/24-008749-003/2024(H5N1)	215	840
HA|PP755589.1|A/cattle/Texas/24-008749-003/2024(H5N1)	216	843
HA|PP755589.1|A/cattle/Texas/24-008749-003/2024(H5N1)	217	847
HA|PP755589.1|A/cattle/Texas/24-008749-003/2024(H5N1)	218	850
HA|PP755589.1|A/cattle/Texas/24-008749-003/2024(H5N1)	219	855
HA|PP755589.1|A/cattle/Texas/24-008749-003/2024(H5N1)	220	854
HA|PP755589.1|A/cattle/Texas/24-008749-003/2024(H5N1)	221	852
HA|PP755589.1|A/cattle/Texas/24-008749-003/2024(H5N1)	222	850
HA|PP755589.1|A/cattle/Texas/24-008749-003/2024(H5N1)	223	867
HA|PP755589.1|A/cattle/Texas/24-008749-003/2024(H5N1)	224	860
HA|PP755589.1|A/cattle/Texas/24-008749-003/2024(H5N1)	225	859
HA|PP755589.1|A/cattle/Texas/24-008749-003/2024(H5N1)	226	865
HA|PP755589.1|A/cattle/Texas/24-008749-003/2024(H5N1)	227	825
HA|PP755589.1|A/cattle/Texas/24-008749-003/2024(H5N1)	228	807
HA|PP755589.1|A/cattle/Texas/24-008749-003/2024(H5N1)	229	786
HA|PP755589.1|A/cattle/Texas/24-008749-003/2024(H5N1)	230	782
HA|PP755589.1|A/cattle/Texas/24-008749-003/2024(H5N1)	231	785
HA|PP755589.1|A/cattle/Texas/24-008749-003/2024(H5N1)	232	782
HA|PP755589.1|A/cattle/Texas/24-008749-003/2024(H5N1)	233	782
HA|PP755589.1|A/cattle/Texas/24-008749-003/2024(H5N1)	234	787
HA|PP755589.1|A/cattle/Texas/24-008749-003/2024(H5N1)	235	787
HA|PP755589.1|A/cattle/Texas/24-008749-003/2024(H5N1)	236	789
HA|PP755589.1|A/cattle/Texas/24-008749-003/2024(H5N1)	237	787
HA|PP755589.1|A/cattle/Texas/24-008749-003/2024(H5N1)	238	793
HA|PP755589.1|A/cattle/Texas/24-008749-003/2024(H5N1)	239	756
HA|PP755589.1|A/cattle/Texas/24-008749-003/2024(H5N1)	240	756
HA|PP755589.1|A/cattle/Texas/24-008749-003/2024(H5N1)	241	755
HA|PP755589.1|A/cattle/Texas/24-008749-003/2024(H5N1)	242	754
HA|PP755589.1|A/cattle/Texas/24-008749-003/2024(H5N1)	243	754
HA|PP755589.1|A/cattle/Texas/24-008749-003/2024(H5N1)	244	755
HA|PP755589.1|A/cattle/Texas/24-008749-003/2024(H5N1)	245	767
HA|PP755589.1|A/cattle/Texas/24-008749-003/2024(H5N1)	246	767
HA|PP755589.1|A/cattle/Texas/24-008749-003/2024(H5N1)	247	773
HA|PP755589.1|A/cattle/Texas/24-008749-003/2024(H5N1)	248	773
HA|PP755589.1|A/cattle/Texas/24-008749-003/2024(H5N1)	249	770
HA|PP755589.1|A/cattle/Texas/24-008749-003/2024(H5N1)	250	770
HA|PP755589.1|A/cattle/Texas/24-008749-003/2024(H5N1)	251	771
HA|PP755589.1|A/cattle/Texas/24-008749-003/2024(H5N1)	252	763
HA|PP755589.1|A/cattle/Texas/24-008749-003/2024(H5N1)	253	768
HA|PP755589.1|A/cattle/Texas/24-008749-003/2024(H5N1)	254	770
HA|PP755589.1|A/cattle/Texas/24-008749-003/2024(H5N1)	255	784
HA|PP755589.1|A/cattle/Texas/24-008749-003/2024(H5N1)	256	785
HA|PP755589.1|A/cattle/Texas/24-008749-003/2024(H5N1)	257	792
HA|PP755589.1|A/cattle/Texas/24-008749-003/2024(H5N1)	258	798
HA|PP755589.1|A/cattle/Texas/24-008749-003/2024(H5N1)	259	798
HA|PP755589.1|A/cattle/Texas/24-008749-003/2024(H5N1)	260	801
HA|PP755589.1|A/cattle/Texas/24-008749-003/2024(H5N1)	261	801
HA|PP755589.1|A/cattle/Texas/24-008749-003/2024(H5N1)	262	800
HA|PP755589.1|A/cattle/Texas/24-008749-003/2024(H5N1)	263	802
HA|PP755589.1|A/cattle/Texas/24-008749-003/2024(H5N1)	264	794
HA|PP755589.1|A/cattle/Texas/24-008749-003/2024(H5N1)	265	805
HA|PP755589.1|A/cattle/Texas/24-008749-003/2024(H5N1)	266	808
HA|PP755589.1|A/cattle/Texas/24-008749-003/2024(H5N1)	267	797
HA|PP755589.1|A/cattle/Texas/24-008749-003/2024(H5N1)	268	792
HA|PP755589.1|A/cattle/Texas/24-008749-003/2024(H5N1)	269	792
HA|PP755589.1|A/cattle/Texas/24-008749-003/2024(H5N1)	270	792
HA|PP755589.1|A/cattle/Texas/24-008749-003/2024(H5N1)	271	792
HA|PP755589.1|A/cattle/Texas/24-008749-003/2024(H5N1)	272	793
HA|PP755589.1|A/cattle/Texas/24-008749-003/2024(H5N1)	273	722
HA|PP755589.1|A/cattle/Texas/24-008749-003/2024(H5N1)	274	715
HA|PP755589.1|A/cattle/Texas/24-008749-003/2024(H5N1)	275	711
HA|PP755589.1|A/cattle/Texas/24-008749-003/2024(H5N1)	276	802
HA|PP755589.1|A/cattle/Texas/24-008749-003/2024(H5N1)	277	803
HA|PP755589.1|A/cattle/Texas/24-008749-003/2024(H5N1)	278	810
HA|PP755589.1|A/cattle/Texas/24-008749-003/2024(H5N1)	279	809
HA|PP755589.1|A/cattle/Texas/24-008749-003/2024(H5N1)	280	809
HA|PP755589.1|A/cattle/Texas/24-008749-003/2024(H5N1)	281	826
HA|PP755589.1|A/cattle/Texas/24-008749-003/2024(H5N1)	282	817
HA|PP755589.1|A/cattle/Texas/24-008749-003/2024(H5N1)	283	818
HA|PP755589.1|A/cattle/Texas/24-008749-003/2024(H5N1)	284	796
HA|PP755589.1|A/cattle/Texas/24-008749-003/2024(H5N1)	285	737
HA|PP755589.1|A/cattle/Texas/24-008749-003/2024(H5N1)	286	757
HA|PP755589.1|A/cattle/Texas/24-008749-003/2024(H5N1)	287	762
HA|PP755589.1|A/cattle/Texas/24-008749-003/2024(H5N1)	288	762
HA|PP755589.1|A/cattle/Texas/24-008749-003/2024(H5N1)	289	765
HA|PP755589.1|A/cattle/Texas/24-008749-003/2024(H5N1)	290	799
HA|PP755589.1|A/cattle/Texas/24-008749-003/2024(H5N1)	291	801
HA|PP755589.1|A/cattle/Texas/24-008749-003/2024(H5N1)	292	808
HA|PP755589.1|A/cattle/Texas/24-008749-003/2024(H5N1)	293	807
HA|PP755589.1|A/cattle/Texas/24-008749-003/2024(H5N1)	294	848
HA|PP755589.1|A/cattle/Texas/24-008749-003/2024(H5N1)	295	848
HA|PP755589.1|A/cattle/Texas/24-008749-003/2024(H5N1)	296	864
HA|PP755589.1|A/cattle/Texas/24-008749-003/2024(H5N1)	297	863
HA|PP755589.1|A/cattle/Texas/24-008749-003/2024(H5N1)	298	865
HA|PP755589.1|A/cattle/Texas/24-008749-003/2024(H5N1)	299	875
HA|PP755589.1|A/cattle/Texas/24-008749-003/2024(H5N1)	300	879
HA|PP755589.1|A/cattle/Texas/24-008749-003/2024(H5N1)	301	884
HA|PP755589.1|A/cattle/Texas/24-008749-003/2024(H5N1)	302	881
HA|PP755589.1|A/cattle/Texas/24-008749-003/2024(H5N1)	303	852
HA|PP755589.1|A/cattle/Texas/24-008749-003/2024(H5N1)	304	860
HA|PP755589.1|A/cattle/Texas/24-008749-003/2024(H5N1)	305	869
HA|PP755589.1|A/cattle/Texas/24-008749-003/2024(H5N1)	306	870
HA|PP755589.1|A/cattle/Texas/24-008749-003/2024(H5N1)	307	870
HA|PP755589.1|A/cattle/Texas/24-008749-003/2024(H5N1)	308	867
HA|PP755589.1|A/cattle/Texas/24-008749-003/2024(H5N1)	309	869
HA|PP755589.1|A/cattle/Texas/24-008749-003/2024(H5N1)	310	869
HA|PP755589.1|A/cattle/Texas/24-008749-003/2024(H5N1)	311	911
HA|PP755589.1|A/cattle/Texas/24-008749-003/2024(H5N1)	312	901
HA|PP755589.1|A/cattle/Texas/24-008749-003/2024(H5N1)	313	898
HA|PP755589.1|A/cattle/Texas/24-008749-003/2024(H5N1)	314	914
HA|PP755589.1|A/cattle/Texas/24-008749-003/2024(H5N1)	315	967
HA|PP755589.1|A/cattle/Texas/24-008749-003/2024(H5N1)	316	969
HA|PP755589.1|A/cattle/Texas/24-008749-003/2024(H5N1)	317	987
HA|PP755589.1|A/cattle/Texas/24-008749-003/2024(H5N1)	318	992
HA|PP755589.1|A/cattle/Texas/24-008749-003/2024(H5N1)	319	1000
HA|PP755589.1|A/cattle/Texas/24-008749-003/2024(H5N1)	320	1013
HA|PP755589.1|A/cattle/Texas/24-008749-003/2024(H5N1)	321	1018
HA|PP755589.1|A/cattle/Texas/24-008749-003/2024(H5N1)	322	1019
HA|PP755589.1|A/cattle/Texas/24-008749-003/2024(H5N1)	323	1023
HA|PP755589.1|A/cattle/Texas/24-008749-003/2024(H5N1)	324	984
HA|PP755589.1|A/cattle/Texas/24-008749-003/2024(H5N1)	325	983
HA|PP755589.1|A/cattle/Texas/24-008749-003/2024(H5N1)	326	977
HA|PP755589.1|A/cattle/Texas/24-008749-003/2024(H5N1)	327	962
HA|PP755589.1|A/cattle/Texas/24-008749-003/2024(H5N1)	328	953
HA|PP755589.1|A/cattle/Texas/24-008749-003/2024(H5N1)	329	953
HA|PP755589.1|A/cattle/Texas/24-008749-003/2024(H5N1)	330	940
HA|PP755589.1|A/cattle/Texas/24-008749-003/2024(H5N1)	331	948
HA|PP755589.1|A/cattle/Texas/24-008749-003/2024(H5N1)	332	955
HA|PP755589.1|A/cattle/Texas/24-008749-003/2024(H5N1)	333	956
HA|PP755589.1|A/cattle/Texas/24-008749-003/2024(H5N1)	334	952
HA|PP755589.1|A/cattle/Texas/24-008749-003/2024(H5N1)	335	953
HA|PP755589.1|A/cattle/Texas/24-008749-003/2024(H5N1)	336	948
HA|PP755589.1|A/cattle/Texas/24-008749-003/2024(H5N1)	337	946
HA|PP755589.1|A/cattle/Texas/24-008749-003/2024(H5N1)	338	936
HA|PP755589.1|A/cattle/Texas/24-008749-003/2024(H5N1)	339	941
HA|PP755589.1|A/cattle/Texas/24-008749-003/2024(H5N1)	340	934
HA|PP755589.1|A/cattle/Texas/24-008749-003/2024(H5N1)	341	942
HA|PP755589.1|A/cattle/Texas/24-008749-003/2024(H5N1)	342	941
HA|PP755589.1|A/cattle/Texas/24-008749-003/2024(H5N1)	343	940
HA|PP755589.1|A/cattle/Texas/24-008749-003/2024(H5N1)	344	941
HA|PP755589.1|A/cattle/Texas/24-008749-003/2024(H5N1)	345	940
HA|PP755589.1|A/cattle/Texas/24-008749-003/2024(H5N1)	346	948
HA|PP755589.1|A/cattle/Texas/24-008749-003/2024(H5N1)	347	961
HA|PP755589.1|A/cattle/Texas/24-008749-003/2024(H5N1)	348	962
HA|PP755589.1|A/cattle/Texas/24-008749-003/2024(H5N1)	349	946
HA|PP755589.1|A/cattle/Texas/24-008749-003/2024(H5N1)	350	941
HA|PP755589.1|A/cattle/Texas/24-008749-003/2024(H5N1)	351	940
HA|PP755589.1|A/cattle/Texas/24-008749-003/2024(H5N1)	352	941
HA|PP755589.1|A/cattle/Texas/24-008749-003/2024(H5N1)	353	944
HA|PP755589.1|A/cattle/Texas/24-008749-003/2024(H5N1)	354	944
HA|PP755589.1|A/cattle/Texas/24-008749-003/2024(H5N1)	355	947
HA|PP755589.1|A/cattle/Texas/24-008749-003/2024(H5N1)	356	947
HA|PP755589.1|A/cattle/Texas/24-008749-003/2024(H5N1)	357	931
HA|PP755589.1|A/cattle/Texas/24-008749-003/2024(H5N1)	358	923
HA|PP755589.1|A/cattle/Texas/24-008749-003/2024(H5N1)	359	921
HA|PP755589.1|A/cattle/Texas/24-008749-003/2024(H5N1)	360	922
HA|PP755589.1|A/cattle/Texas/24-008749-003/2024(H5N1)	361	902
HA|PP755589.1|A/cattle/Texas/24-008749-003/2024(H5N1)	362	899
HA|PP755589.1|A/cattle/Texas/24-008749-003/2024(H5N1)	363	899
HA|PP755589.1|A/cattle/Texas/24-008749-003/2024(H5N1)	364	895
HA|PP755589.1|A/cattle/Texas/24-008749-003/2024(H5N1)	365	894
HA|PP755589.1|A/cattle/Texas/24-008749-003/2024(H5N1)	366	884
HA|PP755589.1|A/cattle/Texas/24-008749-003/2024(H5N1)	367	875
HA|PP755589.1|A/cattle/Texas/24-008749-003/2024(H5N1)	368	897
HA|PP755589.1|A/cattle/Texas/24-008749-003/2024(H5N1)	369	897
HA|PP755589.1|A/cattle/Texas/24-008749-003/2024(H5N1)	370	927
HA|PP755589.1|A/cattle/Texas/24-008749-003/2024(H5N1)	371	930
HA|PP755589.1|A/cattle/Texas/24-008749-003/2024(H5N1)	372	926
HA|PP755589.1|A/cattle/Texas/24-008749-003/2024(H5N1)	373	926
HA|PP755589.1|A/cattle/Texas/24-008749-003/2024(H5N1)	374	923
HA|PP755589.1|A/cattle/Texas/24-008749-003/2024(H5N1)	375	923
HA|PP755589.1|A/cattle/Texas/24-008749-003/2024(H5N1)	376	923
HA|PP755589.1|A/cattle/Texas/24-008749-003/2024(H5N1)	377	906
HA|PP755589.1|A/cattle/Texas/24-008749-003/2024(H5N1)	378	906
HA|PP755589.1|A/cattle/Texas/24-008749-003/2024(H5N1)	379	904
HA|PP755589.1|A/cattle/Texas/24-008749-003/2024(H5N1)	380	903
HA|PP755589.1|A/cattle/Texas/24-008749-003/2024(H5N1)	381	906
HA|PP755589.1|A/cattle/Texas/24-008749-003/2024(H5N1)	382	903
HA|PP755589.1|A/cattle/Texas/24-008749-003/2024(H5N1)	383	912
HA|PP755589.1|A/cattle/Texas/24-008749-003/2024(H5N1)	384	912
HA|PP755589.1|A/cattle/Texas/24-008749-003/2024(H5N1)	385	911
HA|PP755589.1|A/cattle/Texas/24-008749-003/2024(H5N1)	386	909
HA|PP755589.1|A/cattle/Texas/24-008749-003/2024(H5N1)	387	919
HA|PP755589.1|A/cattle/Texas/24-008749-003/2024(H5N1)	388	954
HA|PP755589.1|A/cattle/Texas/24-008749-003/2024(H5N1)	389	950
HA|PP755589.1|A/cattle/Texas/24-008749-003/2024(H5N1)	390	951
HA|PP755589.1|A/cattle/Texas/24-008749-003/2024(H5N1)	391	942
HA|PP755589.1|A/cattle/Texas/24-008749-003/2024(H5N1)	392	942
HA|PP755589.1|A/cattle/Texas/24-008749-003/2024(H5N1)	393	947
HA|PP755589.1|A/cattle/Texas/24-008749-003/2024(H5N1)	394	956
HA|PP755589.1|A/cattle/Texas/24-008749-003/2024(H5N1)	395	958
HA|PP755589.1|A/cattle/Texas/24-008749-003/2024(H5N1)	396	946
HA|PP755589.1|A/cattle/Texas/24-008749-003/2024(H5N1)	397	943
HA|PP755589.1|A/cattle/Texas/24-008749-003/2024(H5N1)	398	1003
HA|PP755589.1|A/cattle/Texas/24-008749-003/2024(H5N1)	399	1008
HA|PP755589.1|A/cattle/Texas/24-008749-003/2024(H5N1)	400	1010
HA|PP755589.1|A/cattle/Texas/24-008749-003/2024(H5N1)	401	1010
HA|PP755589.1|A/cattle/Texas/24-008749-003/2024(H5N1)	402	1015
HA|PP755589.1|A/cattle/Texas/24-008749-003/2024(H5N1)	403	1015
HA|PP755589.1|A/cattle/Texas/24-008749-003/2024(H5N1)	404	1008
HA|PP755589.1|A/cattle/Texas/24-008749-003/2024(H5N1)	405	1008
HA|PP755589.1|A/cattle/Texas/24-008749-003/2024(H5N1)	406	994
HA|PP755589.1|A/cattle/Texas/24-008749-003/2024(H5N1)	407	1000
HA|PP755589.1|A/cattle/Texas/24-008749-003/2024(H5N1)	408	993
HA|PP755589.1|A/cattle/Texas/24-008749-003/2024(H5N1)	409	989
HA|PP755589.1|A/cattle/Texas/24-008749-003/2024(H5N1)	410	989
HA|PP755589.1|A/cattle/Texas/24-008749-003/2024(H5N1)	411	985
HA|PP755589.1|A/cattle/Texas/24-008749-003/2024(H5N1)	412	990
HA|PP755589.1|A/cattle/Texas/24-008749-003/2024(H5N1)	413	997
HA|PP755589.1|A/cattle/Texas/24-008749-003/2024(H5N1)	414	996
HA|PP755589.1|A/cattle/Texas/24-008749-003/2024(H5N1)	415	983
HA|PP755589.1|A/cattle/Texas/24-008749-003/2024(H5N1)	416	982
HA|PP755589.1|A/cattle/Texas/24-008749-003/2024(H5N1)	417	982
HA|PP755589.1|A/cattle/Texas/24-008749-003/2024(H5N1)	418	983
HA|PP755589.1|A/cattle/Texas/24-008749-003/2024(H5N1)	419	994
HA|PP755589.1|A/cattle/Texas/24-008749-003/2024(H5N1)	420	1000
HA|PP755589.1|A/cattle/Texas/24-008749-003/2024(H5N1)	421	1042
HA|PP755589.1|A/cattle/Texas/24-008749-003/2024(H5N1)	422	1041
HA|PP755589.1|A/cattle/Texas/24-008749-003/2024(H5N1)	423	1054
HA|PP755589.1|A/cattle/Texas/24-008749-003/2024(H5N1)	424	1054
HA|PP755589.1|A/cattle/Texas/24-008749-003/2024(H5N1)	425	1057
HA|PP755589.1|A/cattle/Texas/24-008749-003/2024(H5N1)	426	1061
HA|PP755589.1|A/cattle/Texas/24-008749-003/2024(H5N1)	427	975
HA|PP755589.1|A/cattle/Texas/24-008749-003/2024(H5N1)	428	988
HA|PP755589.1|A/cattle/Texas/24-008749-003/2024(H5N1)	429	990
HA|PP755589.1|A/cattle/Texas/24-008749-003/2024(H5N1)	430	995
HA|PP755589.1|A/cattle/Texas/24-008749-003/2024(H5N1)	431	1058
HA|PP755589.1|A/cattle/Texas/24-008749-003/2024(H5N1)	432	1059
HA|PP755589.1|A/cattle/Texas/24-008749-003/2024(H5N1)	433	1076
HA|PP755589.1|A/cattle/Texas/24-008749-003/2024(H5N1)	434	1076
HA|PP755589.1|A/cattle/Texas/24-008749-003/2024(H5N1)	435	1076
HA|PP755589.1|A/cattle/Texas/24-008749-003/2024(H5N1)	436	1079
HA|PP755589.1|A/cattle/Texas/24-008749-003/2024(H5N1)	437	1069
HA|PP755589.1|A/cattle/Texas/24-008749-003/2024(H5N1)	438	1089
HA|PP755589.1|A/cattle/Texas/24-008749-003/2024(H5N1)	439	1091
HA|PP755589.1|A/cattle/Texas/24-008749-003/2024(H5N1)	440	1026
HA|PP755589.1|A/cattle/Texas/24-008749-003/2024(H5N1)	441	1027
HA|PP755589.1|A/cattle/Texas/24-008749-003/2024(H5N1)	442	1017
HA|PP755589.1|A/cattle/Texas/24-008749-003/2024(H5N1)	443	1017
HA|PP755589.1|A/cattle/Texas/24-008749-003/2024(H5N1)	444	987
HA|PP755589.1|A/cattle/Texas/24-008749-003/2024(H5N1)	445	983
HA|PP755589.1|A/cattle/Texas/24-008749-003/2024(H5N1)	446	998
HA|PP755589.1|A/cattle/Texas/24-008749-003/2024(H5N1)	447	978
HA|PP755589.1|A/cattle/Texas/24-008749-003/2024(H5N1)	448	978
HA|PP755589.1|A/cattle/Texas/24-008749-003/2024(H5N1)	449	988
HA|PP755589.1|A/cattle/Texas/24-008749-003/2024(H5N1)	450	980
HA|PP755589.1|A/cattle/Texas/24-008749-003/2024(H5N1)	451	985
HA|PP755589.1|A/cattle/Texas/24-008749-003/2024(H5N1)	452	1033
HA|PP755589.1|A/cattle/Texas/24-008749-003/2024(H5N1)	453	1039
HA|PP755589.1|A/cattle/Texas/24-008749-003/2024(H5N1)	454	1073
HA|PP755589.1|A/cattle/Texas/24-008749-003/2024(H5N1)	455	1066
HA|PP755589.1|A/cattle/Texas/24-008749-003/2024(H5N1)	456	1099
HA|PP755589.1|A/cattle/Texas/24-008749-003/2024(H5N1)	457	1107
HA|PP755589.1|A/cattle/Texas/24-008749-003/2024(H5N1)	458	1105
HA|PP755589.1|A/cattle/Texas/24-008749-003/2024(H5N1)	459	1111
HA|PP755589.1|A/cattle/Texas/24-008749-003/2024(H5N1)	460	1107
HA|PP755589.1|A/cattle/Texas/24-008749-003/2024(H5N1)	461	1074
HA|PP755589.1|A/cattle/Texas/24-008749-003/2024(H5N1)	462	1077
HA|PP755589.1|A/cattle/Texas/24-008749-003/2024(H5N1)	463	1083
HA|PP755589.1|A/cattle/Texas/24-008749-003/2024(H5N1)	464	1088
HA|PP755589.1|A/cattle/Texas/24-008749-003/2024(H5N1)	465	1077
HA|PP755589.1|A/cattle/Texas/24-008749-003/2024(H5N1)	466	1023
HA|PP755589.1|A/cattle/Texas/24-008749-003/2024(H5N1)	467	1018
HA|PP755589.1|A/cattle/Texas/24-008749-003/2024(H5N1)	468	1014
HA|PP755589.1|A/cattle/Texas/24-008749-003/2024(H5N1)	469	1013
HA|PP755589.1|A/cattle/Texas/24-008749-003/2024(H5N1)	470	993
HA|PP755589.1|A/cattle/Texas/24-008749-003/2024(H5N1)	471	992
HA|PP755589.1|A/cattle/Texas/24-008749-003/2024(H5N1)	472	989
HA|PP755589.1|A/cattle/Texas/24-008749-003/2024(H5N1)	473	990
HA|PP755589.1|A/cattle/Texas/24-008749-003/2024(H5N1)	474	990
HA|PP755589.1|A/cattle/Texas/24-008749-003/2024(H5N1)	475	986
HA|PP755589.1|A/cattle/Texas/24-008749-003/2024(H5N1)	476	986
HA|PP755589.1|A/cattle/Texas/24-008749-003/2024(H5N1)	477	987
HA|PP755589.1|A/cattle/Texas/24-008749-003/2024(H5N1)	478	985
HA|PP755589.1|A/cattle/Texas/24-008749-003/2024(H5N1)	479	985
HA|PP755589.1|A/cattle/Texas/24-008749-003/2024(H5N1)	480	964
HA|PP755589.1|A/cattle/Texas/24-008749-003/2024(H5N1)	481	963
HA|PP755589.1|A/cattle/Texas/24-008749-003/2024(H5N1)	482	959
HA|PP755589.1|A/cattle/Texas/24-008749-003/2024(H5N1)	483	955
HA|PP755589.1|A/cattle/Texas/24-008749-003/2024(H5N1)	484	962
HA|PP755589.1|A/cattle/Texas/24-008749-003/2024(H5N1)	485	965
HA|PP755589.1|A/cattle/Texas/24-008749-003/2024(H5N1)	486	964
HA|PP755589.1|A/cattle/Texas/24-008749-003/2024(H5N1)	487	973
HA|PP755589.1|A/cattle/Texas/24-008749-003/2024(H5N1)	488	976
HA|PP755589.1|A/cattle/Texas/24-008749-003/2024(H5N1)	489	982
HA|PP755589.1|A/cattle/Texas/24-008749-003/2024(H5N1)	490	983
HA|PP755589.1|A/cattle/Texas/24-008749-003/2024(H5N1)	491	989
HA|PP755589.1|A/cattle/Texas/24-008749-003/2024(H5N1)	492	984
HA|PP755589.1|A/cattle/Texas/24-008749-003/2024(H5N1)	493	981
HA|PP755589.1|A/cattle/Texas/24-008749-003/2024(H5N1)	494	984
HA|PP755589.1|A/cattle/Texas/24-008749-003/2024(H5N1)	495	990
HA|PP755589.1|A/cattle/Texas/24-008749-003/2024(H5N1)	496	980
HA|PP755589.1|A/cattle/Texas/24-008749-003/2024(H5N1)	497	980
HA|PP755589.1|A/cattle/Texas/24-008749-003/2024(H5N1)	498	974
HA|PP755589.1|A/cattle/Texas/24-008749-003/2024(H5N1)	499	976
HA|PP755589.1|A/cattle/Texas/24-008749-003/2024(H5N1)	500	972
HA|PP755589.1|A/cattle/Texas/24-008749-003/2024(H5N1)	501	971
HA|PP755589.1|A/cattle/Texas/24-008749-003/2024(H5N1)	502	971
HA|PP755589.1|A/cattle/Texas/24-008749-003/2024(H5N1)	503	971
HA|PP755589.1|A/cattle/Texas/24-008749-003/2024(H5N1)	504	970
HA|PP755589.1|A/cattle/Texas/24-008749-003/2024(H5N1)	505	971
HA|PP755589.1|A/cattle/Texas/24-008749-003/2024(H5N1)	506	964
HA|PP755589.1|A/cattle/Texas/24-008749-003/2024(H5N1)	507	974
HA|PP755589.1|A/cattle/Texas/24-008749-003/2024(H5N1)	508	972
HA|PP755589.1|A/cattle/Texas/24-008749-003/2024(H5N1)	509	978
HA|PP755589.1|A/cattle/Texas/24-008749-003/2024(H5N1)	510	977
HA|PP755589.1|A/cattle/Texas/24-008749-003/2024(H5N1)	511	981
HA|PP755589.1|A/cattle/Texas/24-008749-003/2024(H5N1)	512	1027
HA|PP755589.1|A/cattle/Texas/24-008749-003/2024(H5N1)	513	1028
HA|PP755589.1|A/cattle/Texas/24-008749-003/2024(H5N1)	514	1018
HA|PP755589.1|A/cattle/Texas/24-008749-003/2024(H5N1)	515	1018
HA|PP755589.1|A/cattle/Texas/24-008749-003/2024(H5N1)	516	1026
HA|PP755589.1|A/cattle/Texas/24-008749-003/2024(H5N1)	517	1058
HA|PP755589.1|A/cattle/Texas/24-008749-003/2024(H5N1)	518	1058
HA|PP755589.1|A/cattle/Texas/24-008749-003/2024(H5N1)	519	1041
HA|PP755589.1|A/cattle/Texas/24-008749-003/2024(H5N1)	520	1038
HA|PP755589.1|A/cattle/Texas/24-008749-003/2024(H5N1)	521	1007
HA|PP755589.1|A/cattle/Texas/24-008749-003/2024(H5N1)	522	1011
HA|PP755589.1|A/cattle/Texas/24-008749-003/2024(H5N1)	523	1013
HA|PP755589.1|A/cattle/Texas/24-008749-003/2024(H5N1)	524	1051
HA|PP755589.1|A/cattle/Texas/24-008749-003/2024(H5N1)	525	1037
HA|PP755589.1|A/cattle/Texas/24-008749-003/2024(H5N1)	526	1043
HA|PP755589.1|A/cattle/Texas/24-008749-003/2024(H5N1)	527	1051
HA|PP755589.1|A/cattle/Texas/24-008749-003/2024(H5N1)	528	1049
HA|PP755589.1|A/cattle/Texas/24-008749-003/2024(H5N1)	529	1075
HA|PP755589.1|A/cattle/Texas/24-008749-003/2024(H5N1)	530	1085
HA|PP755589.1|A/cattle/Texas/24-008749-003/2024(H5N1)	531	1087
HA|PP755589.1|A/cattle/Texas/24-008749-003/2024(H5N1)	532	1086
HA|PP755589.1|A/cattle/Texas/24-008749-003/2024(H5N1)	533	1077
HA|PP755589.1|A/cattle/Texas/24-008749-003/2024(H5N1)	534	1077
HA|PP755589.1|A/cattle/Texas/24-008749-003/2024(H5N1)	535	1090
HA|PP755589.1|A/cattle/Texas/24-008749-003/2024(H5N1)	536	1104
HA|PP755589.1|A/cattle/Texas/24-008749-003/2024(H5N1)	537	1081
HA|PP755589.1|A/cattle/Texas/24-008749-003/2024(H5N1)	538	1086
HA|PP755589.1|A/cattle/Texas/24-008749-003/2024(H5N1)	539	1078
HA|PP755589.1|A/cattle/Texas/24-008749-003/2024(H5N1)	540	1130
HA|PP755589.1|A/cattle/Texas/24-008749-003/2024(H5N1)	541	1130
HA|PP755589.1|A/cattle/Texas/24-008749-003/2024(H5N1)	542	1130
HA|PP755589.1|A/cattle/Texas/24-008749-003/2024(H5N1)	543	1132
HA|PP755589.1|A/cattle/Texas/24-008749-003/2024(H5N1)	544	1127
HA|PP755589.1|A/cattle/Texas/24-008749-003/2024(H5N1)	545	1133
HA|PP755589.1|A/cattle/Texas/24-008749-003/2024(H5N1)	546	1130
HA|PP755589.1|A/cattle/Texas/24-008749-003/2024(H5N1)	547	1134
HA|PP755589.1|A/cattle/Texas/24-008749-003/2024(H5N1)	548	1114
HA|PP755589.1|A/cattle/Texas/24-008749-003/2024(H5N1)	549	1061
HA|PP755589.1|A/cattle/Texas/24-008749-003/2024(H5N1)	550	1062
HA|PP755589.1|A/cattle/Texas/24-008749-003/2024(H5N1)	551	1063
HA|PP755589.1|A/cattle/Texas/24-008749-003/2024(H5N1)	552	1063
HA|PP755589.1|A/cattle/Texas/24-008749-003/2024(H5N1)	553	1058
HA|PP755589.1|A/cattle/Texas/24-008749-003/2024(H5N1)	554	1063
HA|PP755589.1|A/cattle/Texas/24-008749-003/2024(H5N1)	555	1069
HA|PP755589.1|A/cattle/Texas/24-008749-003/2024(H5N1)	556	1068
HA|PP755589.1|A/cattle/Texas/24-008749-003/2024(H5N1)	557	1067
HA|PP755589.1|A/cattle/Texas/24-008749-003/2024(H5N1)	558	1063
HA|PP755589.1|A/cattle/Texas/24-008749-003/2024(H5N1)	559	1069
HA|PP755589.1|A/cattle/Texas/24-008749-003/2024(H5N1)	560	1072
HA|PP755589.1|A/cattle/Texas/24-008749-003/2024(H5N1)	561	1088
HA|PP755589.1|A/cattle/Texas/24-008749-003/2024(H5N1)	562	1091
HA|PP755589.1|A/cattle/Texas/24-008749-003/2024(H5N1)	563	1104
HA|PP755589.1|A/cattle/Texas/24-008749-003/2024(H5N1)	564	1118
HA|PP755589.1|A/cattle/Texas/24-008749-003/2024(H5N1)	565	1116
HA|PP755589.1|A/cattle/Texas/24-008749-003/2024(H5N1)	566	1119
HA|PP755589.1|A/cattle/Texas/24-008749-003/2024(H5N1)	567	1119
HA|PP755589.1|A/cattle/Texas/24-008749-003/2024(H5N1)	568	1123
HA|PP755589.1|A/cattle/Texas/24-008749-003/2024(H5N1)	569	1122
HA|PP755589.1|A/cattle/Texas/24-008749-003/2024(H5N1)	570	1123
HA|PP755589.1|A/cattle/Texas/24-008749-003/2024(H5N1)	571	1134
HA|PP755589.1|A/cattle/Texas/24-008749-003/2024(H5N1)	572	1108
HA|PP755589.1|A/cattle/Texas/24-008749-003/2024(H5N1)	573	1142
HA|PP755589.1|A/cattle/Texas/24-008749-003/2024(H5N1)	574	1136
HA|PP755589.1|A/cattle/Texas/24-008749-003/2024(H5N1)	575	1139
HA|PP755589.1|A/cattle/Texas/24-008749-003/2024(H5N1)	576	1137
HA|PP755589.1|A/cattle/Texas/24-008749-003/2024(H5N1)	577	1131
HA|PP755589.1|A/cattle/Texas/24-008749-003/2024(H5N1)	578	1159
HA|PP755589.1|A/cattle/Texas/24-008749-003/2024(H5N1)	579	1137
HA|PP755589.1|A/cattle/Texas/24-008749-003/2024(H5N1)	580	1137
HA|PP755589.1|A/cattle/Texas/24-008749-003/2024(H5N1)	581	1132
HA|PP755589.1|A/cattle/Texas/24-008749-003/2024(H5N1)	582	1055
HA|PP755589.1|A/cattle/Texas/24-008749-003/2024(H5N1)	583	1038
HA|PP755589.1|A/cattle/Texas/24-008749-003/2024(H5N1)	584	1037
HA|PP755589.1|A/cattle/Texas/24-008749-003/2024(H5N1)	585	1044
HA|PP755589.1|A/cattle/Texas/24-008749-003/2024(H5N1)	586	1043
HA|PP755589.1|A/cattle/Texas/24-008749-003/2024(H5N1)	587	1032
HA|PP755589.1|A/cattle/Texas/24-008749-003/2024(H5N1)	588	1043
HA|PP755589.1|A/cattle/Texas/24-008749-003/2024(H5N1)	589	1019
HA|PP755589.1|A/cattle/Texas/24-008749-003/2024(H5N1)	590	1086
HA|PP755589.1|A/cattle/Texas/24-008749-003/2024(H5N1)	591	1096
HA|PP755589.1|A/cattle/Texas/24-008749-003/2024(H5N1)	592	1094
HA|PP755589.1|A/cattle/Texas/24-008749-003/2024(H5N1)	593	1095
HA|PP755589.1|A/cattle/Texas/24-008749-003/2024(H5N1)	594	1102
HA|PP755589.1|A/cattle/Texas/24-008749-003/2024(H5N1)	595	1098
HA|PP755589.1|A/cattle/Texas/24-008749-003/2024(H5N1)	596	1127
HA|PP755589.1|A/cattle/Texas/24-008749-003/2024(H5N1)	597	1103
HA|PP755589.1|A/cattle/Texas/24-008749-003/2024(H5N1)	598	1107
HA|PP755589.1|A/cattle/Texas/24-008749-003/2024(H5N1)	599	1109
HA|PP755589.1|A/cattle/Texas/24-008749-003/2024(H5N1)	600	1098
HA|PP755589.1|A/cattle/Texas/24-008749-003/2024(H5N1)	601	1103
HA|PP755589.1|A/cattle/Texas/24-008749-003/2024(H5N1)	602	1145
HA|PP755589.1|A/cattle/Texas/24-008749-003/2024(H5N1)	603	1093
HA|PP755589.1|A/cattle/Texas/24-008749-003/2024(H5N1)	604	1096
HA|PP755589.1|A/cattle/Texas/24-008749-003/2024(H5N1)	605	1052
HA|PP755589.1|A/cattle/Texas/24-008749-003/2024(H5N1)	606	1069
HA|PP755589.1|A/cattle/Texas/24-008749-003/2024(H5N1)	607	1033
HA|PP755589.1|A/cattle/Texas/24-008749-003/2024(H5N1)	608	1032
HA|PP755589.1|A/cattle/Texas/24-008749-003/2024(H5N1)	609	1042
HA|PP755589.1|A/cattle/Texas/24-008749-003/2024(H5N1)	610	1039
HA|PP755589.1|A/cattle/Texas/24-008749-003/2024(H5N1)	611	1032
HA|PP755589.1|A/cattle/Texas/24-008749-003/2024(H5N1)	612	1030
HA|PP755589.1|A/cattle/Texas/24-008749-003/2024(H5N1)	613	1025
HA|PP755589.1|A/cattle/Texas/24-008749-003/2024(H5N1)	614	1021
HA|PP755589.1|A/cattle/Texas/24-008749-003/2024(H5N1)	615	1011
HA|PP755589.1|A/cattle/Texas/24-008749-003/2024(H5N1)	616	1044
HA|PP755589.1|A/cattle/Texas/24-008749-003/2024(H5N1)	617	1033
HA|PP755589.1|A/cattle/Texas/24-008749-003/2024(H5N1)	618	1028
HA|PP755589.1|A/cattle/Texas/24-008749-003/2024(H5N1)	619	1027
HA|PP755589.1|A/cattle/Texas/24-008749-003/2024(H5N1)	620	1031
HA|PP755589.1|A/cattle/Texas/24-008749-003/2024(H5N1)	621	1032
HA|PP755589.1|A/cattle/Texas/24-008749-003/2024(H5N1)	622	1033
HA|PP755589.1|A/cattle/Texas/24-008749-003/2024(H5N1)	623	1033
HA|PP755589.1|A/cattle/Texas/24-008749-003/2024(H5N1)	624	1036
HA|PP755589.1|A/cattle/Texas/24-008749-003/2024(H5N1)	625	1038
HA|PP755589.1|A/cattle/Texas/24-008749-003/2024(H5N1)	626	1043
HA|PP755589.1|A/cattle/Texas/24-008749-003/2024(H5N1)	627	1051
HA|PP755589.1|A/cattle/Texas/24-008749-003/2024(H5N1)	628	1050
HA|PP755589.1|A/cattle/Texas/24-008749-003/2024(H5N1)	629	1050
HA|PP755589.1|A/cattle/Texas/24-008749-003/2024(H5N1)	630	1050
HA|PP755589.1|A/cattle/Texas/24-008749-003/2024(H5N1)	631	1056
HA|PP755589.1|A/cattle/Texas/24-008749-003/2024(H5N1)	632	1058
HA|PP755589.1|A/cattle/Texas/24-008749-003/2024(H5N1)	633	1057
HA|PP755589.1|A/cattle/Texas/24-008749-003/2024(H5N1)	634	1057
HA|PP755589.1|A/cattle/Texas/24-008749-003/2024(H5N1)	635	1060
HA|PP755589.1|A/cattle/Texas/24-008749-003/2024(H5N1)	636	1047
HA|PP755589.1|A/cattle/Texas/24-008749-003/2024(H5N1)	637	1044
HA|PP755589.1|A/cattle/Texas/24-008749-003/2024(H5N1)	638	1052
HA|PP755589.1|A/cattle/Texas/24-008749-003/2024(H5N1)	639	1044
HA|PP755589.1|A/cattle/Texas/24-008749-003/2024(H5N1)	640	1043
HA|PP755589.1|A/cattle/Texas/24-008749-003/2024(H5N1)	641	1041
HA|PP755589.1|A/cattle/Texas/24-008749-003/2024(H5N1)	642	1031
HA|PP755589.1|A/cattle/Texas/24-008749-003/2024(H5N1)	643	1031
HA|PP755589.1|A/cattle/Texas/24-008749-003/2024(H5N1)	644	1017
HA|PP755589.1|A/cattle/Texas/24-008749-003/2024(H5N1)	645	1014
HA|PP755589.1|A/cattle/Texas/24-008749-003/2024(H5N1)	646	1014
HA|PP755589.1|A/cattle/Texas/24-008749-003/2024(H5N1)	647	1006
HA|PP755589.1|A/cattle/Texas/24-008749-003/2024(H5N1)	648	1002
HA|PP755589.1|A/cattle/Texas/24-008749-003/2024(H5N1)	649	1002
HA|PP755589.1|A/cattle/Texas/24-008749-003/2024(H5N1)	650	999
HA|PP755589.1|A/cattle/Texas/24-008749-003/2024(H5N1)	651	1022
HA|PP755589.1|A/cattle/Texas/24-008749-003/2024(H5N1)	652	1035
HA|PP755589.1|A/cattle/Texas/24-008749-003/2024(H5N1)	653	1037
HA|PP755589.1|A/cattle/Texas/24-008749-003/2024(H5N1)	654	1046
HA|PP755589.1|A/cattle/Texas/24-008749-003/2024(H5N1)	655	1044
HA|PP755589.1|A/cattle/Texas/24-008749-003/2024(H5N1)	656	1048
HA|PP755589.1|A/cattle/Texas/24-008749-003/2024(H5N1)	657	1057
HA|PP755589.1|A/cattle/Texas/24-008749-003/2024(H5N1)	658	1051
HA|PP755589.1|A/cattle/Texas/24-008749-003/2024(H5N1)	659	1066
HA|PP755589.1|A/cattle/Texas/24-008749-003/2024(H5N1)	660	1060
HA|PP755589.1|A/cattle/Texas/24-008749-003/2024(H5N1)	661	1061
HA|PP755589.1|A/cattle/Texas/24-008749-003/2024(H5N1)	662	1056
HA|PP755589.1|A/cattle/Texas/24-008749-003/2024(H5N1)	663	1013
HA|PP755589.1|A/cattle/Texas/24-008749-003/2024(H5N1)	664	1026
HA|PP755589.1|A/cattle/Texas/24-008749-003/2024(H5N1)	665	1032
HA|PP755589.1|A/cattle/Texas/24-008749-003/2024(H5N1)	666	1032
HA|PP755589.1|A/cattle/Texas/24-008749-003/2024(H5N1)	667	1022
HA|PP755589.1|A/cattle/Texas/24-008749-003/2024(H5N1)	668	989
HA|PP755589.1|A/cattle/Texas/24-008749-003/2024(H5N1)	669	994
HA|PP755589.1|A/cattle/Texas/24-008749-003/2024(H5N1)	670	997
HA|PP755589.1|A/cattle/Texas/24-008749-003/2024(H5N1)	671	1024
HA|PP755589.1|A/cattle/Texas/24-008749-003/2024(H5N1)	672	1020
HA|PP755589.1|A/cattle/Texas/24-008749-003/2024(H5N1)	673	1010
HA|PP755589.1|A/cattle/Texas/24-008749-003/2024(H5N1)	674	1007
HA|PP755589.1|A/cattle/Texas/24-008749-003/2024(H5N1)	675	965
HA|PP755589.1|A/cattle/Texas/24-008749-003/2024(H5N1)	676	967
HA|PP755589.1|A/cattle/Texas/24-008749-003/2024(H5N1)	677	963
HA|PP755589.1|A/cattle/Texas/24-008749-003/2024(H5N1)	678	957
HA|PP755589.1|A/cattle/Texas/24-008749-003/2024(H5N1)	679	961
HA|PP755589.1|A/cattle/Texas/24-008749-003/2024(H5N1)	680	923
HA|PP755589.1|A/cattle/Texas/24-008749-003/2024(H5N1)	681	931
HA|PP755589.1|A/cattle/Texas/24-008749-003/2024(H5N1)	682	931
HA|PP755589.1|A/cattle/Texas/24-008749-003/2024(H5N1)	683	932
HA|PP755589.1|A/cattle/Texas/24-008749-003/2024(H5N1)	684	931
HA|PP755589.1|A/cattle/Texas/24-008749-003/2024(H5N1)	685	928
HA|PP755589.1|A/cattle/Texas/24-008749-003/2024(H5N1)	686	919
HA|PP755589.1|A/cattle/Texas/24-008749-003/2024(H5N1)	687	907
HA|PP755589.1|A/cattle/Texas/24-008749-003/2024(H5N1)	688	903
HA|PP755589.1|A/cattle/Texas/24-008749-003/2024(H5N1)	689	855
HA|PP755589.1|A/cattle/Texas/24-008749-003/2024(H5N1)	690	855
HA|PP755589.1|A/cattle/Texas/24-008749-003/2024(H5N1)	691	874
HA|PP755589.1|A/cattle/Texas/24-008749-003/2024(H5N1)	692	875
HA|PP755589.1|A/cattle/Texas/24-008749-003/2024(H5N1)	693	875
HA|PP755589.1|A/cattle/Texas/24-008749-003/2024(H5N1)	694	872
HA|PP755589.1|A/cattle/Texas/24-008749-003/2024(H5N1)	695	868
HA|PP755589.1|A/cattle/Texas/24-008749-003/2024(H5N1)	696	874
HA|PP755589.1|A/cattle/Texas/24-008749-003/2024(H5N1)	697	873
HA|PP755589.1|A/cattle/Texas/24-008749-003/2024(H5N1)	698	874
HA|PP755589.1|A/cattle/Texas/24-008749-003/2024(H5N1)	699	875
HA|PP755589.1|A/cattle/Texas/24-008749-003/2024(H5N1)	700	877
HA|PP755589.1|A/cattle/Texas/24-008749-003/2024(H5N1)	701	876
HA|PP755589.1|A/cattle/Texas/24-008749-003/2024(H5N1)	702	873
HA|PP755589.1|A/cattle/Texas/24-008749-003/2024(H5N1)	703	873
HA|PP755589.1|A/cattle/Texas/24-008749-003/2024(H5N1)	704	873
HA|PP755589.1|A/cattle/Texas/24-008749-003/2024(H5N1)	705	864
HA|PP755589.1|A/cattle/Texas/24-008749-003/2024(H5N1)	706	873
HA|PP755589.1|A/cattle/Texas/24-008749-003/2024(H5N1)	707	873
HA|PP755589.1|A/cattle/Texas/24-008749-003/2024(H5N1)	708	881
HA|PP755589.1|A/cattle/Texas/24-008749-003/2024(H5N1)	709	875
HA|PP755589.1|A/cattle/Texas/24-008749-003/2024(H5N1)	710	880
HA|PP755589.1|A/cattle/Texas/24-008749-003/2024(H5N1)	711	878
HA|PP755589.1|A/cattle/Texas/24-008749-003/2024(H5N1)	712	863
HA|PP755589.1|A/cattle/Texas/24-008749-003/2024(H5N1)	713	862
HA|PP755589.1|A/cattle/Texas/24-008749-003/2024(H5N1)	714	947
HA|PP755589.1|A/cattle/Texas/24-008749-003/2024(H5N1)	715	956
HA|PP755589.1|A/cattle/Texas/24-008749-003/2024(H5N1)	716	959
HA|PP755589.1|A/cattle/Texas/24-008749-003/2024(H5N1)	717	958
HA|PP755589.1|A/cattle/Texas/24-008749-003/2024(H5N1)	718	957
HA|PP755589.1|A/cattle/Texas/24-008749-003/2024(H5N1)	719	957
HA|PP755589.1|A/cattle/Texas/24-008749-003/2024(H5N1)	720	973
HA|PP755589.1|A/cattle/Texas/24-008749-003/2024(H5N1)	721	965
HA|PP755589.1|A/cattle/Texas/24-008749-003/2024(H5N1)	722	955
HA|PP755589.1|A/cattle/Texas/24-008749-003/2024(H5N1)	723	940
HA|PP755589.1|A/cattle/Texas/24-008749-003/2024(H5N1)	724	912
HA|PP755589.1|A/cattle/Texas/24-008749-003/2024(H5N1)	725	931
HA|PP755589.1|A/cattle/Texas/24-008749-003/2024(H5N1)	726	930
HA|PP755589.1|A/cattle/Texas/24-008749-003/2024(H5N1)	727	941
HA|PP755589.1|A/cattle/Texas/24-008749-003/2024(H5N1)	728	939
HA|PP755589.1|A/cattle/Texas/24-008749-003/2024(H5N1)	729	916
HA|PP755589.1|A/cattle/Texas/24-008749-003/2024(H5N1)	730	909
HA|PP755589.1|A/cattle/Texas/24-008749-003/2024(H5N1)	731	909
HA|PP755589.1|A/cattle/Texas/24-008749-003/2024(H5N1)	732	992
HA|PP755589.1|A/cattle/Texas/24-008749-003/2024(H5N1)	733	996
HA|PP755589.1|A/cattle/Texas/24-008749-003/2024(H5N1)	734	996
HA|PP755589.1|A/cattle/Texas/24-008749-003/2024(H5N1)	735	986
HA|PP755589.1|A/cattle/Texas/24-008749-003/2024(H5N1)	736	981
HA|PP755589.1|A/cattle/Texas/24-008749-003/2024(H5N1)	737	988
HA|PP755589.1|A/cattle/Texas/24-008749-003/2024(H5N1)	738	990
HA|PP755589.1|A/cattle/Texas/24-008749-003/2024(H5N1)	739	996
HA|PP755589.1|A/cattle/Texas/24-008749-003/2024(H5N1)	740	998
HA|PP755589.1|A/cattle/Texas/24-008749-003/2024(H5N1)	741	927
HA|PP755589.1|A/cattle/Texas/24-008749-003/2024(H5N1)	742	924
HA|PP755589.1|A/cattle/Texas/24-008749-003/2024(H5N1)	743	938
HA|PP755589.1|A/cattle/Texas/24-008749-003/2024(H5N1)	744	948
HA|PP755589.1|A/cattle/Texas/24-008749-003/2024(H5N1)	745	979
HA|PP755589.1|A/cattle/Texas/24-008749-003/2024(H5N1)	746	992
HA|PP755589.1|A/cattle/Texas/24-008749-003/2024(H5N1)	747	965
HA|PP755589.1|A/cattle/Texas/24-008749-003/2024(H5N1)	748	977
HA|PP755589.1|A/cattle/Texas/24-008749-003/2024(H5N1)	749	973
HA|PP755589.1|A/cattle/Texas/24-008749-003/2024(H5N1)	750	969
HA|PP755589.1|A/cattle/Texas/24-008749-003/2024(H5N1)	751	964
HA|PP755589.1|A/cattle/Texas/24-008749-003/2024(H5N1)	752	943
HA|PP755589.1|A/cattle/Texas/24-008749-003/2024(H5N1)	753	922
HA|PP755589.1|A/cattle/Texas/24-008749-003/2024(H5N1)	754	920
HA|PP755589.1|A/cattle/Texas/24-008749-003/2024(H5N1)	755	921
HA|PP755589.1|A/cattle/Texas/24-008749-003/2024(H5N1)	756	922
HA|PP755589.1|A/cattle/Texas/24-008749-003/2024(H5N1)	757	908
HA|PP755589.1|A/cattle/Texas/24-008749-003/2024(H5N1)	758	940
HA|PP755589.1|A/cattle/Texas/24-008749-003/2024(H5N1)	759	939
HA|PP755589.1|A/cattle/Texas/24-008749-003/2024(H5N1)	760	929
HA|PP755589.1|A/cattle/Texas/24-008749-003/2024(H5N1)	761	935
HA|PP755589.1|A/cattle/Texas/24-008749-003/2024(H5N1)	762	928
HA|PP755589.1|A/cattle/Texas/24-008749-003/2024(H5N1)	763	936
HA|PP755589.1|A/cattle/Texas/24-008749-003/2024(H5N1)	764	934
HA|PP755589.1|A/cattle/Texas/24-008749-003/2024(H5N1)	765	938
HA|PP755589.1|A/cattle/Texas/24-008749-003/2024(H5N1)	766	944
HA|PP755589.1|A/cattle/Texas/24-008749-003/2024(H5N1)	767	914
HA|PP755589.1|A/cattle/Texas/24-008749-003/2024(H5N1)	768	920
HA|PP755589.1|A/cattle/Texas/24-008749-003/2024(H5N1)	769	919
HA|PP755589.1|A/cattle/Texas/24-008749-003/2024(H5N1)	770	919
HA|PP755589.1|A/cattle/Texas/24-008749-003/2024(H5N1)	771	911
HA|PP755589.1|A/cattle/Texas/24-008749-003/2024(H5N1)	772	912
HA|PP755589.1|A/cattle/Texas/24-008749-003/2024(H5N1)	773	910
HA|PP755589.1|A/cattle/Texas/24-008749-003/2024(H5N1)	774	912
HA|PP755589.1|A/cattle/Texas/24-008749-003/2024(H5N1)	775	908
HA|PP755589.1|A/cattle/Texas/24-008749-003/2024(H5N1)	776	908
HA|PP755589.1|A/cattle/Texas/24-008749-003/2024(H5N1)	777	904
HA|PP755589.1|A/cattle/Texas/24-008749-003/2024(H5N1)	778	895
HA|PP755589.1|A/cattle/Texas/24-008749-003/2024(H5N1)	779	902
HA|PP755589.1|A/cattle/Texas/24-008749-003/2024(H5N1)	780	907
HA|PP755589.1|A/cattle/Texas/24-008749-003/2024(H5N1)	781	910
HA|PP755589.1|A/cattle/Texas/24-008749-003/2024(H5N1)	782	908
HA|PP755589.1|A/cattle/Texas/24-008749-003/2024(H5N1)	783	909
HA|PP755589.1|A/cattle/Texas/24-008749-003/2024(H5N1)	784	978
HA|PP755589.1|A/cattle/Texas/24-008749-003/2024(H5N1)	785	999
HA|PP755589.1|A/cattle/Texas/24-008749-003/2024(H5N1)	786	993
HA|PP755589.1|A/cattle/Texas/24-008749-003/2024(H5N1)	787	1005
HA|PP755589.1|A/cattle/Texas/24-008749-003/2024(H5N1)	788	1005
HA|PP755589.1|A/cattle/Texas/24-008749-003/2024(H5N1)	789	996
HA|PP755589.1|A/cattle/Texas/24-008749-003/2024(H5N1)	790	992
HA|PP755589.1|A/cattle/Texas/24-008749-003/2024(H5N1)	791	1002
HA|PP755589.1|A/cattle/Texas/24-008749-003/2024(H5N1)	792	1021
HA|PP755589.1|A/cattle/Texas/24-008749-003/2024(H5N1)	793	1047
HA|PP755589.1|A/cattle/Texas/24-008749-003/2024(H5N1)	794	1057
HA|PP755589.1|A/cattle/Texas/24-008749-003/2024(H5N1)	795	1057
HA|PP755589.1|A/cattle/Texas/24-008749-003/2024(H5N1)	796	1071
HA|PP755589.1|A/cattle/Texas/24-008749-003/2024(H5N1)	797	1070
HA|PP755589.1|A/cattle/Texas/24-008749-003/2024(H5N1)	798	1072
HA|PP755589.1|A/cattle/Texas/24-008749-003/2024(H5N1)	799	1088
HA|PP755589.1|A/cattle/Texas/24-008749-003/2024(H5N1)	800	1153
HA|PP755589.1|A/cattle/Texas/24-008749-003/2024(H5N1)	801	1173
HA|PP755589.1|A/cattle/Texas/24-008749-003/2024(H5N1)	802	1150
HA|PP755589.1|A/cattle/Texas/24-008749-003/2024(H5N1)	803	1138
HA|PP755589.1|A/cattle/Texas/24-008749-003/2024(H5N1)	804	1137
HA|PP755589.1|A/cattle/Texas/24-008749-003/2024(H5N1)	805	1128
HA|PP755589.1|A/cattle/Texas/24-008749-003/2024(H5N1)	806	1150
HA|PP755589.1|A/cattle/Texas/24-008749-003/2024(H5N1)	807	1152
HA|PP755589.1|A/cattle/Texas/24-008749-003/2024(H5N1)	808	1144
HA|PP755589.1|A/cattle/Texas/24-008749-003/2024(H5N1)	809	1139
HA|PP755589.1|A/cattle/Texas/24-008749-003/2024(H5N1)	810	1121
HA|PP755589.1|A/cattle/Texas/24-008749-003/2024(H5N1)	811	1127
HA|PP755589.1|A/cattle/Texas/24-008749-003/2024(H5N1)	812	1136
HA|PP755589.1|A/cattle/Texas/24-008749-003/2024(H5N1)	813	1136
HA|PP755589.1|A/cattle/Texas/24-008749-003/2024(H5N1)	814	1136
HA|PP755589.1|A/cattle/Texas/24-008749-003/2024(H5N1)	815	1123
HA|PP755589.1|A/cattle/Texas/24-008749-003/2024(H5N1)	816	1120
HA|PP755589.1|A/cattle/Texas/24-008749-003/2024(H5N1)	817	1117
HA|PP755589.1|A/cattle/Texas/24-008749-003/2024(H5N1)	818	1109
HA|PP755589.1|A/cattle/Texas/24-008749-003/2024(H5N1)	819	1109
HA|PP755589.1|A/cattle/Texas/24-008749-003/2024(H5N1)	820	1110
HA|PP755589.1|A/cattle/Texas/24-008749-003/2024(H5N1)	821	1108
HA|PP755589.1|A/cattle/Texas/24-008749-003/2024(H5N1)	822	1089
HA|PP755589.1|A/cattle/Texas/24-008749-003/2024(H5N1)	823	1090
HA|PP755589.1|A/cattle/Texas/24-008749-003/2024(H5N1)	824	1090
HA|PP755589.1|A/cattle/Texas/24-008749-003/2024(H5N1)	825	1090
HA|PP755589.1|A/cattle/Texas/24-008749-003/2024(H5N1)	826	1090
HA|PP755589.1|A/cattle/Texas/24-008749-003/2024(H5N1)	827	1089
HA|PP755589.1|A/cattle/Texas/24-008749-003/2024(H5N1)	828	1091
HA|PP755589.1|A/cattle/Texas/24-008749-003/2024(H5N1)	829	1093
HA|PP755589.1|A/cattle/Texas/24-008749-003/2024(H5N1)	830	1090
HA|PP755589.1|A/cattle/Texas/24-008749-003/2024(H5N1)	831	1095
HA|PP755589.1|A/cattle/Texas/24-008749-003/2024(H5N1)	832	1087
HA|PP755589.1|A/cattle/Texas/24-008749-003/2024(H5N1)	833	1088
HA|PP755589.1|A/cattle/Texas/24-008749-003/2024(H5N1)	834	1088
HA|PP755589.1|A/cattle/Texas/24-008749-003/2024(H5N1)	835	1099
HA|PP755589.1|A/cattle/Texas/24-008749-003/2024(H5N1)	836	1097
HA|PP755589.1|A/cattle/Texas/24-008749-003/2024(H5N1)	837	1090
HA|PP755589.1|A/cattle/Texas/24-008749-003/2024(H5N1)	838	1093
HA|PP755589.1|A/cattle/Texas/24-008749-003/2024(H5N1)	839	1093
HA|PP755589.1|A/cattle/Texas/24-008749-003/2024(H5N1)	840	1088
HA|PP755589.1|A/cattle/Texas/24-008749-003/2024(H5N1)	841	1087
HA|PP755589.1|A/cattle/Texas/24-008749-003/2024(H5N1)	842	1078
HA|PP755589.1|A/cattle/Texas/24-008749-003/2024(H5N1)	843	1077
HA|PP755589.1|A/cattle/Texas/24-008749-003/2024(H5N1)	844	1078
HA|PP755589.1|A/cattle/Texas/24-008749-003/2024(H5N1)	845	1079
HA|PP755589.1|A/cattle/Texas/24-008749-003/2024(H5N1)	846	1081
HA|PP755589.1|A/cattle/Texas/24-008749-003/2024(H5N1)	847	1069
HA|PP755589.1|A/cattle/Texas/24-008749-003/2024(H5N1)	848	1077
HA|PP755589.1|A/cattle/Texas/24-008749-003/2024(H5N1)	849	1078
HA|PP755589.1|A/cattle/Texas/24-008749-003/2024(H5N1)	850	1081
HA|PP755589.1|A/cattle/Texas/24-008749-003/2024(H5N1)	851	1085
HA|PP755589.1|A/cattle/Texas/24-008749-003/2024(H5N1)	852	1084
HA|PP755589.1|A/cattle/Texas/24-008749-003/2024(H5N1)	853	1092
HA|PP755589.1|A/cattle/Texas/24-008749-003/2024(H5N1)	854	1101
HA|PP755589.1|A/cattle/Texas/24-008749-003/2024(H5N1)	855	1108
HA|PP755589.1|A/cattle/Texas/24-008749-003/2024(H5N1)	856	1204
HA|PP755589.1|A/cattle/Texas/24-008749-003/2024(H5N1)	857	1204
HA|PP755589.1|A/cattle/Texas/24-008749-003/2024(H5N1)	858	1205
HA|PP755589.1|A/cattle/Texas/24-008749-003/2024(H5N1)	859	1217
HA|PP755589.1|A/cattle/Texas/24-008749-003/2024(H5N1)	860	1226
HA|PP755589.1|A/cattle/Texas/24-008749-003/2024(H5N1)	861	1224
HA|PP755589.1|A/cattle/Texas/24-008749-003/2024(H5N1)	862	1223
HA|PP755589.1|A/cattle/Texas/24-008749-003/2024(H5N1)	863	1224
HA|PP755589.1|A/cattle/Texas/24-008749-003/2024(H5N1)	864	1198
HA|PP755589.1|A/cattle/Texas/24-008749-003/2024(H5N1)	865	1112
HA|PP755589.1|A/cattle/Texas/24-008749-003/2024(H5N1)	866	1085
HA|PP755589.1|A/cattle/Texas/24-008749-003/2024(H5N1)	867	1095
HA|PP755589.1|A/cattle/Texas/24-008749-003/2024(H5N1)	868	1099
HA|PP755589.1|A/cattle/Texas/24-008749-003/2024(H5N1)	869	1099
HA|PP755589.1|A/cattle/Texas/24-008749-003/2024(H5N1)	870	1091
HA|PP755589.1|A/cattle/Texas/24-008749-003/2024(H5N1)	871	1075
HA|PP755589.1|A/cattle/Texas/24-008749-003/2024(H5N1)	872	1068
HA|PP755589.1|A/cattle/Texas/24-008749-003/2024(H5N1)	873	1069
HA|PP755589.1|A/cattle/Texas/24-008749-003/2024(H5N1)	874	1073
HA|PP755589.1|A/cattle/Texas/24-008749-003/2024(H5N1)	875	1074
HA|PP755589.1|A/cattle/Texas/24-008749-003/2024(H5N1)	876	1050
HA|PP755589.1|A/cattle/Texas/24-008749-003/2024(H5N1)	877	1050
HA|PP755589.1|A/cattle/Texas/24-008749-003/2024(H5N1)	878	1039
HA|PP755589.1|A/cattle/Texas/24-008749-003/2024(H5N1)	879	1039
HA|PP755589.1|A/cattle/Texas/24-008749-003/2024(H5N1)	880	1044
HA|PP755589.1|A/cattle/Texas/24-008749-003/2024(H5N1)	881	1047
HA|PP755589.1|A/cattle/Texas/24-008749-003/2024(H5N1)	882	1044
HA|PP755589.1|A/cattle/Texas/24-008749-003/2024(H5N1)	883	969
HA|PP755589.1|A/cattle/Texas/24-008749-003/2024(H5N1)	884	966
HA|PP755589.1|A/cattle/Texas/24-008749-003/2024(H5N1)	885	970
HA|PP755589.1|A/cattle/Texas/24-008749-003/2024(H5N1)	886	973
HA|PP755589.1|A/cattle/Texas/24-008749-003/2024(H5N1)	887	993
HA|PP755589.1|A/cattle/Texas/24-008749-003/2024(H5N1)	888	989
HA|PP755589.1|A/cattle/Texas/24-008749-003/2024(H5N1)	889	983
HA|PP755589.1|A/cattle/Texas/24-008749-003/2024(H5N1)	890	981
HA|PP755589.1|A/cattle/Texas/24-008749-003/2024(H5N1)	891	979
HA|PP755589.1|A/cattle/Texas/24-008749-003/2024(H5N1)	892	979
HA|PP755589.1|A/cattle/Texas/24-008749-003/2024(H5N1)	893	969
HA|PP755589.1|A/cattle/Texas/24-008749-003/2024(H5N1)	894	955
HA|PP755589.1|A/cattle/Texas/24-008749-003/2024(H5N1)	895	937
HA|PP755589.1|A/cattle/Texas/24-008749-003/2024(H5N1)	896	905
HA|PP755589.1|A/cattle/Texas/24-008749-003/2024(H5N1)	897	887
HA|PP755589.1|A/cattle/Texas/24-008749-003/2024(H5N1)	898	887
HA|PP755589.1|A/cattle/Texas/24-008749-003/2024(H5N1)	899	910
HA|PP755589.1|A/cattle/Texas/24-008749-003/2024(H5N1)	900	910
HA|PP755589.1|A/cattle/Texas/24-008749-003/2024(H5N1)	901	912
HA|PP755589.1|A/cattle/Texas/24-008749-003/2024(H5N1)	902	912
HA|PP755589.1|A/cattle/Texas/24-008749-003/2024(H5N1)	903	917
HA|PP755589.1|A/cattle/Texas/24-008749-003/2024(H5N1)	904	913
HA|PP755589.1|A/cattle/Texas/24-008749-003/2024(H5N1)	905	921
HA|PP755589.1|A/cattle/Texas/24-008749-003/2024(H5N1)	906	918
HA|PP755589.1|A/cattle/Texas/24-008749-003/2024(H5N1)	907	917
HA|PP755589.1|A/cattle/Texas/24-008749-003/2024(H5N1)	908	891
HA|PP755589.1|A/cattle/Texas/24-008749-003/2024(H5N1)	909	893
HA|PP755589.1|A/cattle/Texas/24-008749-003/2024(H5N1)	910	894
HA|PP755589.1|A/cattle/Texas/24-008749-003/2024(H5N1)	911	895
HA|PP755589.1|A/cattle/Texas/24-008749-003/2024(H5N1)	912	894
HA|PP755589.1|A/cattle/Texas/24-008749-003/2024(H5N1)	913	893
HA|PP755589.1|A/cattle/Texas/24-008749-003/2024(H5N1)	914	885
HA|PP755589.1|A/cattle/Texas/24-008749-003/2024(H5N1)	915	885
HA|PP755589.1|A/cattle/Texas/24-008749-003/2024(H5N1)	916	971
HA|PP755589.1|A/cattle/Texas/24-008749-003/2024(H5N1)	917	968
HA|PP755589.1|A/cattle/Texas/24-008749-003/2024(H5N1)	918	969
HA|PP755589.1|A/cattle/Texas/24-008749-003/2024(H5N1)	919	967
HA|PP755589.1|A/cattle/Texas/24-008749-003/2024(H5N1)	920	970
HA|PP755589.1|A/cattle/Texas/24-008749-003/2024(H5N1)	921	982
HA|PP755589.1|A/cattle/Texas/24-008749-003/2024(H5N1)	922	982
HA|PP755589.1|A/cattle/Texas/24-008749-003/2024(H5N1)	923	982
HA|PP755589.1|A/cattle/Texas/24-008749-003/2024(H5N1)	924	984
HA|PP755589.1|A/cattle/Texas/24-008749-003/2024(H5N1)	925	980
HA|PP755589.1|A/cattle/Texas/24-008749-003/2024(H5N1)	926	1046
HA|PP755589.1|A/cattle/Texas/24-008749-003/2024(H5N1)	927	1051
HA|PP755589.1|A/cattle/Texas/24-008749-003/2024(H5N1)	928	1057
HA|PP755589.1|A/cattle/Texas/24-008749-003/2024(H5N1)	929	1071
HA|PP755589.1|A/cattle/Texas/24-008749-003/2024(H5N1)	930	1071
HA|PP755589.1|A/cattle/Texas/24-008749-003/2024(H5N1)	931	1066
HA|PP755589.1|A/cattle/Texas/24-008749-003/2024(H5N1)	932	1067
HA|PP755589.1|A/cattle/Texas/24-008749-003/2024(H5N1)	933	1065
HA|PP755589.1|A/cattle/Texas/24-008749-003/2024(H5N1)	934	1094
HA|PP755589.1|A/cattle/Texas/24-008749-003/2024(H5N1)	935	1020
HA|PP755589.1|A/cattle/Texas/24-008749-003/2024(H5N1)	936	1003
HA|PP755589.1|A/cattle/Texas/24-008749-003/2024(H5N1)	937	1003
HA|PP755589.1|A/cattle/Texas/24-008749-003/2024(H5N1)	938	1000
HA|PP755589.1|A/cattle/Texas/24-008749-003/2024(H5N1)	939	1001
HA|PP755589.1|A/cattle/Texas/24-008749-003/2024(H5N1)	940	1004
HA|PP755589.1|A/cattle/Texas/24-008749-003/2024(H5N1)	941	1049
HA|PP755589.1|A/cattle/Texas/24-008749-003/2024(H5N1)	942	1042
HA|PP755589.1|A/cattle/Texas/24-008749-003/2024(H5N1)	943	1027
HA|PP755589.1|A/cattle/Texas/24-008749-003/2024(H5N1)	944	1010
HA|PP755589.1|A/cattle/Texas/24-008749-003/2024(H5N1)	945	1006
HA|PP755589.1|A/cattle/Texas/24-008749-003/2024(H5N1)	946	1011
HA|PP755589.1|A/cattle/Texas/24-008749-003/2024(H5N1)	947	997
HA|PP755589.1|A/cattle/Texas/24-008749-003/2024(H5N1)	948	998
HA|PP755589.1|A/cattle/Texas/24-008749-003/2024(H5N1)	949	996
HA|PP755589.1|A/cattle/Texas/24-008749-003/2024(H5N1)	950	915
HA|PP755589.1|A/cattle/Texas/24-008749-003/2024(H5N1)	951	922
HA|PP755589.1|A/cattle/Texas/24-008749-003/2024(H5N1)	952	904
HA|PP755589.1|A/cattle/Texas/24-008749-003/2024(H5N1)	953	909
HA|PP755589.1|A/cattle/Texas/24-008749-003/2024(H5N1)	954	920
HA|PP755589.1|A/cattle/Texas/24-008749-003/2024(H5N1)	955	930
HA|PP755589.1|A/cattle/Texas/24-008749-003/2024(H5N1)	956	937
HA|PP755589.1|A/cattle/Texas/24-008749-003/2024(H5N1)	957	920
HA|PP755589.1|A/cattle/Texas/24-008749-003/2024(H5N1)	958	930
HA|PP755589.1|A/cattle/Texas/24-008749-003/2024(H5N1)	959	929
HA|PP755589.1|A/cattle/Texas/24-008749-003/2024(H5N1)	960	943
HA|PP755589.1|A/cattle/Texas/24-008749-003/2024(H5N1)	961	953
HA|PP755589.1|A/cattle/Texas/24-008749-003/2024(H5N1)	962	945
HA|PP755589.1|A/cattle/Texas/24-008749-003/2024(H5N1)	963	936
HA|PP755589.1|A/cattle/Texas/24-008749-003/2024(H5N1)	964	936
HA|PP755589.1|A/cattle/Texas/24-008749-003/2024(H5N1)	965	941
HA|PP755589.1|A/cattle/Texas/24-008749-003/2024(H5N1)	966	940
HA|PP755589.1|A/cattle/Texas/24-008749-003/2024(H5N1)	967	947
HA|PP755589.1|A/cattle/Texas/24-008749-003/2024(H5N1)	968	964
HA|PP755589.1|A/cattle/Texas/24-008749-003/2024(H5N1)	969	964
HA|PP755589.1|A/cattle/Texas/24-008749-003/2024(H5N1)	970	966
HA|PP755589.1|A/cattle/Texas/24-008749-003/2024(H5N1)	971	961
HA|PP755589.1|A/cattle/Texas/24-008749-003/2024(H5N1)	972	962
HA|PP755589.1|A/cattle/Texas/24-008749-003/2024(H5N1)	973	977
HA|PP755589.1|A/cattle/Texas/24-008749-003/2024(H5N1)	974	977
HA|PP755589.1|A/cattle/Texas/24-008749-003/2024(H5N1)	975	979
HA|PP755589.1|A/cattle/Texas/24-008749-003/2024(H5N1)	976	985
HA|PP755589.1|A/cattle/Texas/24-008749-003/2024(H5N1)	977	997
HA|PP755589.1|A/cattle/Texas/24-008749-003/2024(H5N1)	978	998
HA|PP755589.1|A/cattle/Texas/24-008749-003/2024(H5N1)	979	1025
HA|PP755589.1|A/cattle/Texas/24-008749-003/2024(H5N1)	980	1030
HA|PP755589.1|A/cattle/Texas/24-008749-003/2024(H5N1)	981	1031
HA|PP755589.1|A/cattle/Texas/24-008749-003/2024(H5N1)	982	1030
HA|PP755589.1|A/cattle/Texas/24-008749-003/2024(H5N1)	983	1036
HA|PP755589.1|A/cattle/Texas/24-008749-003/2024(H5N1)	984	1047
HA|PP755589.1|A/cattle/Texas/24-008749-003/2024(H5N1)	985	1046
HA|PP755589.1|A/cattle/Texas/24-008749-003/2024(H5N1)	986	1047
HA|PP755589.1|A/cattle/Texas/24-008749-003/2024(H5N1)	987	1047
HA|PP755589.1|A/cattle/Texas/24-008749-003/2024(H5N1)	988	1048
HA|PP755589.1|A/cattle/Texas/24-008749-003/2024(H5N1)	989	1060
HA|PP755589.1|A/cattle/Texas/24-008749-003/2024(H5N1)	990	1059
HA|PP755589.1|A/cattle/Texas/24-008749-003/2024(H5N1)	991	1067
HA|PP755589.1|A/cattle/Texas/24-008749-003/2024(H5N1)	992	1067
HA|PP755589.1|A/cattle/Texas/24-008749-003/2024(H5N1)	993	1054
HA|PP755589.1|A/cattle/Texas/24-008749-003/2024(H5N1)	994	1056
HA|PP755589.1|A/cattle/Texas/24-008749-003/2024(H5N1)	995	1058
HA|PP755589.1|A/cattle/Texas/24-008749-003/2024(H5N1)	996	1065
HA|PP755589.1|A/cattle/Texas/24-008749-003/2024(H5N1)	997	1062
HA|PP755589.1|A/cattle/Texas/24-008749-003/2024(H5N1)	998	1056
HA|PP755589.1|A/cattle/Texas/24-008749-003/2024(H5N1)	999	1058
HA|PP755589.1|A/cattle/Texas/24-008749-003/2024(H5N1)	1000	1056
HA|PP755589.1|A/cattle/Texas/24-008749-003/2024(H5N1)	1001	1073
HA|PP755589.1|A/cattle/Texas/24-008749-003/2024(H5N1)	1002	1067
HA|PP755589.1|A/cattle/Texas/24-008749-003/2024(H5N1)	1003	1063
HA|PP755589.1|A/cattle/Texas/24-008749-003/2024(H5N1)	1004	1063
HA|PP755589.1|A/cattle/Texas/24-008749-003/2024(H5N1)	1005	1056
HA|PP755589.1|A/cattle/Texas/24-008749-003/2024(H5N1)	1006	1048
HA|PP755589.1|A/cattle/Texas/24-008749-003/2024(H5N1)	1007	959
HA|PP755589.1|A/cattle/Texas/24-008749-003/2024(H5N1)	1008	955
HA|PP755589.1|A/cattle/Texas/24-008749-003/2024(H5N1)	1009	955
HA|PP755589.1|A/cattle/Texas/24-008749-003/2024(H5N1)	1010	934
HA|PP755589.1|A/cattle/Texas/24-008749-003/2024(H5N1)	1011	913
HA|PP755589.1|A/cattle/Texas/24-008749-003/2024(H5N1)	1012	906
HA|PP755589.1|A/cattle/Texas/24-008749-003/2024(H5N1)	1013	906
HA|PP755589.1|A/cattle/Texas/24-008749-003/2024(H5N1)	1014	907
HA|PP755589.1|A/cattle/Texas/24-008749-003/2024(H5N1)	1015	912
HA|PP755589.1|A/cattle/Texas/24-008749-003/2024(H5N1)	1016	912
HA|PP755589.1|A/cattle/Texas/24-008749-003/2024(H5N1)	1017	921
HA|PP755589.1|A/cattle/Texas/24-008749-003/2024(H5N1)	1018	911
HA|PP755589.1|A/cattle/Texas/24-008749-003/2024(H5N1)	1019	906
HA|PP755589.1|A/cattle/Texas/24-008749-003/2024(H5N1)	1020	906
HA|PP755589.1|A/cattle/Texas/24-008749-003/2024(H5N1)	1021	910
HA|PP755589.1|A/cattle/Texas/24-008749-003/2024(H5N1)	1022	910
HA|PP755589.1|A/cattle/Texas/24-008749-003/2024(H5N1)	1023	910
HA|PP755589.1|A/cattle/Texas/24-008749-003/2024(H5N1)	1024	912
HA|PP755589.1|A/cattle/Texas/24-008749-003/2024(H5N1)	1025	914
HA|PP755589.1|A/cattle/Texas/24-008749-003/2024(H5N1)	1026	915
HA|PP755589.1|A/cattle/Texas/24-008749-003/2024(H5N1)	1027	914
HA|PP755589.1|A/cattle/Texas/24-008749-003/2024(H5N1)	1028	917
HA|PP755589.1|A/cattle/Texas/24-008749-003/2024(H5N1)	1029	945
HA|PP755589.1|A/cattle/Texas/24-008749-003/2024(H5N1)	1030	945
HA|PP755589.1|A/cattle/Texas/24-008749-003/2024(H5N1)	1031	941
HA|PP755589.1|A/cattle/Texas/24-008749-003/2024(H5N1)	1032	938
HA|PP755589.1|A/cattle/Texas/24-008749-003/2024(H5N1)	1033	940
HA|PP755589.1|A/cattle/Texas/24-008749-003/2024(H5N1)	1034	942
HA|PP755589.1|A/cattle/Texas/24-008749-003/2024(H5N1)	1035	946
HA|PP755589.1|A/cattle/Texas/24-008749-003/2024(H5N1)	1036	951
HA|PP755589.1|A/cattle/Texas/24-008749-003/2024(H5N1)	1037	956
HA|PP755589.1|A/cattle/Texas/24-008749-003/2024(H5N1)	1038	929
HA|PP755589.1|A/cattle/Texas/24-008749-003/2024(H5N1)	1039	938
HA|PP755589.1|A/cattle/Texas/24-008749-003/2024(H5N1)	1040	937
HA|PP755589.1|A/cattle/Texas/24-008749-003/2024(H5N1)	1041	976
HA|PP755589.1|A/cattle/Texas/24-008749-003/2024(H5N1)	1042	973
HA|PP755589.1|A/cattle/Texas/24-008749-003/2024(H5N1)	1043	973
HA|PP755589.1|A/cattle/Texas/24-008749-003/2024(H5N1)	1044	975
HA|PP755589.1|A/cattle/Texas/24-008749-003/2024(H5N1)	1045	966
HA|PP755589.1|A/cattle/Texas/24-008749-003/2024(H5N1)	1046	964
HA|PP755589.1|A/cattle/Texas/24-008749-003/2024(H5N1)	1047	986
HA|PP755589.1|A/cattle/Texas/24-008749-003/2024(H5N1)	1048	1008
HA|PP755589.1|A/cattle/Texas/24-008749-003/2024(H5N1)	1049	1011
HA|PP755589.1|A/cattle/Texas/24-008749-003/2024(H5N1)	1050	982
HA|PP755589.1|A/cattle/Texas/24-008749-003/2024(H5N1)	1051	1015
HA|PP755589.1|A/cattle/Texas/24-008749-003/2024(H5N1)	1052	1019
HA|PP755589.1|A/cattle/Texas/24-008749-003/2024(H5N1)	1053	1216
HA|PP755589.1|A/cattle/Texas/24-008749-003/2024(H5N1)	1054	1221
HA|PP755589.1|A/cattle/Texas/24-008749-003/2024(H5N1)	1055	1215
HA|PP755589.1|A/cattle/Texas/24-008749-003/2024(H5N1)	1056	1210
HA|PP755589.1|A/cattle/Texas/24-008749-003/2024(H5N1)	1057	1472
HA|PP755589.1|A/cattle/Texas/24-008749-003/2024(H5N1)	1058	1649
HA|PP755589.1|A/cattle/Texas/24-008749-003/2024(H5N1)	1059	1669
HA|PP755589.1|A/cattle/Texas/24-008749-003/2024(H5N1)	1060	1662
HA|PP755589.1|A/cattle/Texas/24-008749-003/2024(H5N1)	1061	1659
HA|PP755589.1|A/cattle/Texas/24-008749-003/2024(H5N1)	1062	1662
HA|PP755589.1|A/cattle/Texas/24-008749-003/2024(H5N1)	1063	1671
HA|PP755589.1|A/cattle/Texas/24-008749-003/2024(H5N1)	1064	1675
HA|PP755589.1|A/cattle/Texas/24-008749-003/2024(H5N1)	1065	1676
HA|PP755589.1|A/cattle/Texas/24-008749-003/2024(H5N1)	1066	1685
HA|PP755589.1|A/cattle/Texas/24-008749-003/2024(H5N1)	1067	1590
HA|PP755589.1|A/cattle/Texas/24-008749-003/2024(H5N1)	1068	1593
HA|PP755589.1|A/cattle/Texas/24-008749-003/2024(H5N1)	1069	1601
HA|PP755589.1|A/cattle/Texas/24-008749-003/2024(H5N1)	1070	1618
HA|PP755589.1|A/cattle/Texas/24-008749-003/2024(H5N1)	1071	1613
HA|PP755589.1|A/cattle/Texas/24-008749-003/2024(H5N1)	1072	1633
HA|PP755589.1|A/cattle/Texas/24-008749-003/2024(H5N1)	1073	1634
HA|PP755589.1|A/cattle/Texas/24-008749-003/2024(H5N1)	1074	1642
HA|PP755589.1|A/cattle/Texas/24-008749-003/2024(H5N1)	1075	1650
HA|PP755589.1|A/cattle/Texas/24-008749-003/2024(H5N1)	1076	1675
HA|PP755589.1|A/cattle/Texas/24-008749-003/2024(H5N1)	1077	1637
HA|PP755589.1|A/cattle/Texas/24-008749-003/2024(H5N1)	1078	1629
HA|PP755589.1|A/cattle/Texas/24-008749-003/2024(H5N1)	1079	1627
HA|PP755589.1|A/cattle/Texas/24-008749-003/2024(H5N1)	1080	1636
HA|PP755589.1|A/cattle/Texas/24-008749-003/2024(H5N1)	1081	1639
HA|PP755589.1|A/cattle/Texas/24-008749-003/2024(H5N1)	1082	1651
HA|PP755589.1|A/cattle/Texas/24-008749-003/2024(H5N1)	1083	1650
HA|PP755589.1|A/cattle/Texas/24-008749-003/2024(H5N1)	1084	1646
HA|PP755589.1|A/cattle/Texas/24-008749-003/2024(H5N1)	1085	1615
HA|PP755589.1|A/cattle/Texas/24-008749-003/2024(H5N1)	1086	1657
HA|PP755589.1|A/cattle/Texas/24-008749-003/2024(H5N1)	1087	1675
HA|PP755589.1|A/cattle/Texas/24-008749-003/2024(H5N1)	1088	1677
HA|PP755589.1|A/cattle/Texas/24-008749-003/2024(H5N1)	1089	1670
HA|PP755589.1|A/cattle/Texas/24-008749-003/2024(H5N1)	1090	1671
HA|PP755589.1|A/cattle/Texas/24-008749-003/2024(H5N1)	1091	1694
HA|PP755589.1|A/cattle/Texas/24-008749-003/2024(H5N1)	1092	1664
HA|PP755589.1|A/cattle/Texas/24-008749-003/2024(H5N1)	1093	1687
HA|PP755589.1|A/cattle/Texas/24-008749-003/2024(H5N1)	1094	1697
HA|PP755589.1|A/cattle/Texas/24-008749-003/2024(H5N1)	1095	1687
HA|PP755589.1|A/cattle/Texas/24-008749-003/2024(H5N1)	1096	1677
HA|PP755589.1|A/cattle/Texas/24-008749-003/2024(H5N1)	1097	1709
HA|PP755589.1|A/cattle/Texas/24-008749-003/2024(H5N1)	1098	1758
HA|PP755589.1|A/cattle/Texas/24-008749-003/2024(H5N1)	1099	1780
HA|PP755589.1|A/cattle/Texas/24-008749-003/2024(H5N1)	1100	1792
HA|PP755589.1|A/cattle/Texas/24-008749-003/2024(H5N1)	1101	1798
HA|PP755589.1|A/cattle/Texas/24-008749-003/2024(H5N1)	1102	1862
HA|PP755589.1|A/cattle/Texas/24-008749-003/2024(H5N1)	1103	1898
HA|PP755589.1|A/cattle/Texas/24-008749-003/2024(H5N1)	1104	1896
HA|PP755589.1|A/cattle/Texas/24-008749-003/2024(H5N1)	1105	1888
HA|PP755589.1|A/cattle/Texas/24-008749-003/2024(H5N1)	1106	1876
HA|PP755589.1|A/cattle/Texas/24-008749-003/2024(H5N1)	1107	1898
HA|PP755589.1|A/cattle/Texas/24-008749-003/2024(H5N1)	1108	1934
HA|PP755589.1|A/cattle/Texas/24-008749-003/2024(H5N1)	1109	1928
HA|PP755589.1|A/cattle/Texas/24-008749-003/2024(H5N1)	1110	1983
HA|PP755589.1|A/cattle/Texas/24-008749-003/2024(H5N1)	1111	1973
HA|PP755589.1|A/cattle/Texas/24-008749-003/2024(H5N1)	1112	1958
HA|PP755589.1|A/cattle/Texas/24-008749-003/2024(H5N1)	1113	1961
HA|PP755589.1|A/cattle/Texas/24-008749-003/2024(H5N1)	1114	1960
HA|PP755589.1|A/cattle/Texas/24-008749-003/2024(H5N1)	1115	2009
HA|PP755589.1|A/cattle/Texas/24-008749-003/2024(H5N1)	1116	2007
HA|PP755589.1|A/cattle/Texas/24-008749-003/2024(H5N1)	1117	2012
HA|PP755589.1|A/cattle/Texas/24-008749-003/2024(H5N1)	1118	2014
HA|PP755589.1|A/cattle/Texas/24-008749-003/2024(H5N1)	1119	1986
HA|PP755589.1|A/cattle/Texas/24-008749-003/2024(H5N1)	1120	2185
HA|PP755589.1|A/cattle/Texas/24-008749-003/2024(H5N1)	1121	2687
HA|PP755589.1|A/cattle/Texas/24-008749-003/2024(H5N1)	1122	2804
HA|PP755589.1|A/cattle/Texas/24-008749-003/2024(H5N1)	1123	2807
HA|PP755589.1|A/cattle/Texas/24-008749-003/2024(H5N1)	1124	2792
HA|PP755589.1|A/cattle/Texas/24-008749-003/2024(H5N1)	1125	2865
HA|PP755589.1|A/cattle/Texas/24-008749-003/2024(H5N1)	1126	2888
HA|PP755589.1|A/cattle/Texas/24-008749-003/2024(H5N1)	1127	2940
HA|PP755589.1|A/cattle/Texas/24-008749-003/2024(H5N1)	1128	2965
HA|PP755589.1|A/cattle/Texas/24-008749-003/2024(H5N1)	1129	2949
HA|PP755589.1|A/cattle/Texas/24-008749-003/2024(H5N1)	1130	3062
HA|PP755589.1|A/cattle/Texas/24-008749-003/2024(H5N1)	1131	3092
HA|PP755589.1|A/cattle/Texas/24-008749-003/2024(H5N1)	1132	3135
HA|PP755589.1|A/cattle/Texas/24-008749-003/2024(H5N1)	1133	3162
HA|PP755589.1|A/cattle/Texas/24-008749-003/2024(H5N1)	1134	3162
HA|PP755589.1|A/cattle/Texas/24-008749-003/2024(H5N1)	1135	3149
HA|PP755589.1|A/cattle/Texas/24-008749-003/2024(H5N1)	1136	3156
HA|PP755589.1|A/cattle/Texas/24-008749-003/2024(H5N1)	1137	3149
HA|PP755589.1|A/cattle/Texas/24-008749-003/2024(H5N1)	1138	3165
HA|PP755589.1|A/cattle/Texas/24-008749-003/2024(H5N1)	1139	3170
HA|PP755589.1|A/cattle/Texas/24-008749-003/2024(H5N1)	1140	3151
HA|PP755589.1|A/cattle/Texas/24-008749-003/2024(H5N1)	1141	3167
HA|PP755589.1|A/cattle/Texas/24-008749-003/2024(H5N1)	1142	3153
HA|PP755589.1|A/cattle/Texas/24-008749-003/2024(H5N1)	1143	3162
HA|PP755589.1|A/cattle/Texas/24-008749-003/2024(H5N1)	1144	3202
HA|PP755589.1|A/cattle/Texas/24-008749-003/2024(H5N1)	1145	3201
HA|PP755589.1|A/cattle/Texas/24-008749-003/2024(H5N1)	1146	3237
HA|PP755589.1|A/cattle/Texas/24-008749-003/2024(H5N1)	1147	3229
HA|PP755589.1|A/cattle/Texas/24-008749-003/2024(H5N1)	1148	3233
HA|PP755589.1|A/cattle/Texas/24-008749-003/2024(H5N1)	1149	3233
HA|PP755589.1|A/cattle/Texas/24-008749-003/2024(H5N1)	1150	3273
HA|PP755589.1|A/cattle/Texas/24-008749-003/2024(H5N1)	1151	3275
HA|PP755589.1|A/cattle/Texas/24-008749-003/2024(H5N1)	1152	3255
HA|PP755589.1|A/cattle/Texas/24-008749-003/2024(H5N1)	1153	3261
HA|PP755589.1|A/cattle/Texas/24-008749-003/2024(H5N1)	1154	3262
HA|PP755589.1|A/cattle/Texas/24-008749-003/2024(H5N1)	1155	3257
HA|PP755589.1|A/cattle/Texas/24-008749-003/2024(H5N1)	1156	3290
HA|PP755589.1|A/cattle/Texas/24-008749-003/2024(H5N1)	1157	3339
HA|PP755589.1|A/cattle/Texas/24-008749-003/2024(H5N1)	1158	3345
HA|PP755589.1|A/cattle/Texas/24-008749-003/2024(H5N1)	1159	3330
HA|PP755589.1|A/cattle/Texas/24-008749-003/2024(H5N1)	1160	3329
HA|PP755589.1|A/cattle/Texas/24-008749-003/2024(H5N1)	1161	3341
HA|PP755589.1|A/cattle/Texas/24-008749-003/2024(H5N1)	1162	3341
HA|PP755589.1|A/cattle/Texas/24-008749-003/2024(H5N1)	1163	3377
HA|PP755589.1|A/cattle/Texas/24-008749-003/2024(H5N1)	1164	3416
HA|PP755589.1|A/cattle/Texas/24-008749-003/2024(H5N1)	1165	3492
HA|PP755589.1|A/cattle/Texas/24-008749-003/2024(H5N1)	1166	3486
HA|PP755589.1|A/cattle/Texas/24-008749-003/2024(H5N1)	1167	3483
HA|PP755589.1|A/cattle/Texas/24-008749-003/2024(H5N1)	1168	3506
HA|PP755589.1|A/cattle/Texas/24-008749-003/2024(H5N1)	1169	3648
HA|PP755589.1|A/cattle/Texas/24-008749-003/2024(H5N1)	1170	3673
HA|PP755589.1|A/cattle/Texas/24-008749-003/2024(H5N1)	1171	3679
HA|PP755589.1|A/cattle/Texas/24-008749-003/2024(H5N1)	1172	3733
HA|PP755589.1|A/cattle/Texas/24-008749-003/2024(H5N1)	1173	3726
HA|PP755589.1|A/cattle/Texas/24-008749-003/2024(H5N1)	1174	3737
HA|PP755589.1|A/cattle/Texas/24-008749-003/2024(H5N1)	1175	3788
HA|PP755589.1|A/cattle/Texas/24-008749-003/2024(H5N1)	1176	3773
HA|PP755589.1|A/cattle/Texas/24-008749-003/2024(H5N1)	1177	3814
HA|PP755589.1|A/cattle/Texas/24-008749-003/2024(H5N1)	1178	3820
HA|PP755589.1|A/cattle/Texas/24-008749-003/2024(H5N1)	1179	3823
HA|PP755589.1|A/cattle/Texas/24-008749-003/2024(H5N1)	1180	3827
HA|PP755589.1|A/cattle/Texas/24-008749-003/2024(H5N1)	1181	3906
HA|PP755589.1|A/cattle/Texas/24-008749-003/2024(H5N1)	1182	3917
HA|PP755589.1|A/cattle/Texas/24-008749-003/2024(H5N1)	1183	3938
HA|PP755589.1|A/cattle/Texas/24-008749-003/2024(H5N1)	1184	3935
HA|PP755589.1|A/cattle/Texas/24-008749-003/2024(H5N1)	1185	3948
HA|PP755589.1|A/cattle/Texas/24-008749-003/2024(H5N1)	1186	3960
HA|PP755589.1|A/cattle/Texas/24-008749-003/2024(H5N1)	1187	3954
HA|PP755589.1|A/cattle/Texas/24-008749-003/2024(H5N1)	1188	4056
HA|PP755589.1|A/cattle/Texas/24-008749-003/2024(H5N1)	1189	4058
HA|PP755589.1|A/cattle/Texas/24-008749-003/2024(H5N1)	1190	4038
HA|PP755589.1|A/cattle/Texas/24-008749-003/2024(H5N1)	1191	4013
HA|PP755589.1|A/cattle/Texas/24-008749-003/2024(H5N1)	1192	4011
HA|PP755589.1|A/cattle/Texas/24-008749-003/2024(H5N1)	1193	4084
HA|PP755589.1|A/cattle/Texas/24-008749-003/2024(H5N1)	1194	4099
HA|PP755589.1|A/cattle/Texas/24-008749-003/2024(H5N1)	1195	4097
HA|PP755589.1|A/cattle/Texas/24-008749-003/2024(H5N1)	1196	3976
HA|PP755589.1|A/cattle/Texas/24-008749-003/2024(H5N1)	1197	3939
HA|PP755589.1|A/cattle/Texas/24-008749-003/2024(H5N1)	1198	3970
HA|PP755589.1|A/cattle/Texas/24-008749-003/2024(H5N1)	1199	3923
HA|PP755589.1|A/cattle/Texas/24-008749-003/2024(H5N1)	1200	3929
HA|PP755589.1|A/cattle/Texas/24-008749-003/2024(H5N1)	1201	3929
HA|PP755589.1|A/cattle/Texas/24-008749-003/2024(H5N1)	1202	3886
HA|PP755589.1|A/cattle/Texas/24-008749-003/2024(H5N1)	1203	3880
HA|PP755589.1|A/cattle/Texas/24-008749-003/2024(H5N1)	1204	3887
HA|PP755589.1|A/cattle/Texas/24-008749-003/2024(H5N1)	1205	3906
HA|PP755589.1|A/cattle/Texas/24-008749-003/2024(H5N1)	1206	3908
HA|PP755589.1|A/cattle/Texas/24-008749-003/2024(H5N1)	1207	3899
HA|PP755589.1|A/cattle/Texas/24-008749-003/2024(H5N1)	1208	3669
HA|PP755589.1|A/cattle/Texas/24-008749-003/2024(H5N1)	1209	3531
HA|PP755589.1|A/cattle/Texas/24-008749-003/2024(H5N1)	1210	3530
HA|PP755589.1|A/cattle/Texas/24-008749-003/2024(H5N1)	1211	3542
HA|PP755589.1|A/cattle/Texas/24-008749-003/2024(H5N1)	1212	3540
HA|PP755589.1|A/cattle/Texas/24-008749-003/2024(H5N1)	1213	3595
HA|PP755589.1|A/cattle/Texas/24-008749-003/2024(H5N1)	1214	3587
HA|PP755589.1|A/cattle/Texas/24-008749-003/2024(H5N1)	1215	3625
HA|PP755589.1|A/cattle/Texas/24-008749-003/2024(H5N1)	1216	3626
HA|PP755589.1|A/cattle/Texas/24-008749-003/2024(H5N1)	1217	3706
HA|PP755589.1|A/cattle/Texas/24-008749-003/2024(H5N1)	1218	3695
HA|PP755589.1|A/cattle/Texas/24-008749-003/2024(H5N1)	1219	3719
HA|PP755589.1|A/cattle/Texas/24-008749-003/2024(H5N1)	1220	3717
HA|PP755589.1|A/cattle/Texas/24-008749-003/2024(H5N1)	1221	3798
HA|PP755589.1|A/cattle/Texas/24-008749-003/2024(H5N1)	1222	3798
HA|PP755589.1|A/cattle/Texas/24-008749-003/2024(H5N1)	1223	3770
HA|PP755589.1|A/cattle/Texas/24-008749-003/2024(H5N1)	1224	3765
HA|PP755589.1|A/cattle/Texas/24-008749-003/2024(H5N1)	1225	3764
HA|PP755589.1|A/cattle/Texas/24-008749-003/2024(H5N1)	1226	3744
HA|PP755589.1|A/cattle/Texas/24-008749-003/2024(H5N1)	1227	3724
HA|PP755589.1|A/cattle/Texas/24-008749-003/2024(H5N1)	1228	3705
HA|PP755589.1|A/cattle/Texas/24-008749-003/2024(H5N1)	1229	3750
HA|PP755589.1|A/cattle/Texas/24-008749-003/2024(H5N1)	1230	3722
HA|PP755589.1|A/cattle/Texas/24-008749-003/2024(H5N1)	1231	3882
HA|PP755589.1|A/cattle/Texas/24-008749-003/2024(H5N1)	1232	3890
HA|PP755589.1|A/cattle/Texas/24-008749-003/2024(H5N1)	1233	3883
HA|PP755589.1|A/cattle/Texas/24-008749-003/2024(H5N1)	1234	3889
HA|PP755589.1|A/cattle/Texas/24-008749-003/2024(H5N1)	1235	3900
HA|PP755589.1|A/cattle/Texas/24-008749-003/2024(H5N1)	1236	3937
HA|PP755589.1|A/cattle/Texas/24-008749-003/2024(H5N1)	1237	3893
HA|PP755589.1|A/cattle/Texas/24-008749-003/2024(H5N1)	1238	3868
HA|PP755589.1|A/cattle/Texas/24-008749-003/2024(H5N1)	1239	3894
HA|PP755589.1|A/cattle/Texas/24-008749-003/2024(H5N1)	1240	3955
HA|PP755589.1|A/cattle/Texas/24-008749-003/2024(H5N1)	1241	3908
HA|PP755589.1|A/cattle/Texas/24-008749-003/2024(H5N1)	1242	3961
HA|PP755589.1|A/cattle/Texas/24-008749-003/2024(H5N1)	1243	3952
HA|PP755589.1|A/cattle/Texas/24-008749-003/2024(H5N1)	1244	3940
HA|PP755589.1|A/cattle/Texas/24-008749-003/2024(H5N1)	1245	3977
HA|PP755589.1|A/cattle/Texas/24-008749-003/2024(H5N1)	1246	3969
HA|PP755589.1|A/cattle/Texas/24-008749-003/2024(H5N1)	1247	3967
HA|PP755589.1|A/cattle/Texas/24-008749-003/2024(H5N1)	1248	3929
HA|PP755589.1|A/cattle/Texas/24-008749-003/2024(H5N1)	1249	3864
HA|PP755589.1|A/cattle/Texas/24-008749-003/2024(H5N1)	1250	3889
HA|PP755589.1|A/cattle/Texas/24-008749-003/2024(H5N1)	1251	3848
HA|PP755589.1|A/cattle/Texas/24-008749-003/2024(H5N1)	1252	3845
HA|PP755589.1|A/cattle/Texas/24-008749-003/2024(H5N1)	1253	3847
HA|PP755589.1|A/cattle/Texas/24-008749-003/2024(H5N1)	1254	3815
HA|PP755589.1|A/cattle/Texas/24-008749-003/2024(H5N1)	1255	3839
HA|PP755589.1|A/cattle/Texas/24-008749-003/2024(H5N1)	1256	3857
HA|PP755589.1|A/cattle/Texas/24-008749-003/2024(H5N1)	1257	3873
HA|PP755589.1|A/cattle/Texas/24-008749-003/2024(H5N1)	1258	3847
HA|PP755589.1|A/cattle/Texas/24-008749-003/2024(H5N1)	1259	3830
HA|PP755589.1|A/cattle/Texas/24-008749-003/2024(H5N1)	1260	3859
HA|PP755589.1|A/cattle/Texas/24-008749-003/2024(H5N1)	1261	3807
HA|PP755589.1|A/cattle/Texas/24-008749-003/2024(H5N1)	1262	3887
HA|PP755589.1|A/cattle/Texas/24-008749-003/2024(H5N1)	1263	3980
HA|PP755589.1|A/cattle/Texas/24-008749-003/2024(H5N1)	1264	3981
HA|PP755589.1|A/cattle/Texas/24-008749-003/2024(H5N1)	1265	3740
HA|PP755589.1|A/cattle/Texas/24-008749-003/2024(H5N1)	1266	3640
HA|PP755589.1|A/cattle/Texas/24-008749-003/2024(H5N1)	1267	3505
HA|PP755589.1|A/cattle/Texas/24-008749-003/2024(H5N1)	1268	3474
HA|PP755589.1|A/cattle/Texas/24-008749-003/2024(H5N1)	1269	3489
HA|PP755589.1|A/cattle/Texas/24-008749-003/2024(H5N1)	1270	3674
HA|PP755589.1|A/cattle/Texas/24-008749-003/2024(H5N1)	1271	3476
HA|PP755589.1|A/cattle/Texas/24-008749-003/2024(H5N1)	1272	3460
HA|PP755589.1|A/cattle/Texas/24-008749-003/2024(H5N1)	1273	3363
HA|PP755589.1|A/cattle/Texas/24-008749-003/2024(H5N1)	1274	3441
HA|PP755589.1|A/cattle/Texas/24-008749-003/2024(H5N1)	1275	3446
HA|PP755589.1|A/cattle/Texas/24-008749-003/2024(H5N1)	1276	3381
HA|PP755589.1|A/cattle/Texas/24-008749-003/2024(H5N1)	1277	3364
HA|PP755589.1|A/cattle/Texas/24-008749-003/2024(H5N1)	1278	3286
HA|PP755589.1|A/cattle/Texas/24-008749-003/2024(H5N1)	1279	3489
HA|PP755589.1|A/cattle/Texas/24-008749-003/2024(H5N1)	1280	3487
HA|PP755589.1|A/cattle/Texas/24-008749-003/2024(H5N1)	1281	3393
HA|PP755589.1|A/cattle/Texas/24-008749-003/2024(H5N1)	1282	3385
HA|PP755589.1|A/cattle/Texas/24-008749-003/2024(H5N1)	1283	3352
HA|PP755589.1|A/cattle/Texas/24-008749-003/2024(H5N1)	1284	3328
HA|PP755589.1|A/cattle/Texas/24-008749-003/2024(H5N1)	1285	3348
HA|PP755589.1|A/cattle/Texas/24-008749-003/2024(H5N1)	1286	3360
HA|PP755589.1|A/cattle/Texas/24-008749-003/2024(H5N1)	1287	3352
HA|PP755589.1|A/cattle/Texas/24-008749-003/2024(H5N1)	1288	3410
HA|PP755589.1|A/cattle/Texas/24-008749-003/2024(H5N1)	1289	3395
HA|PP755589.1|A/cattle/Texas/24-008749-003/2024(H5N1)	1290	3392
HA|PP755589.1|A/cattle/Texas/24-008749-003/2024(H5N1)	1291	3397
HA|PP755589.1|A/cattle/Texas/24-008749-003/2024(H5N1)	1292	3485
HA|PP755589.1|A/cattle/Texas/24-008749-003/2024(H5N1)	1293	3537
HA|PP755589.1|A/cattle/Texas/24-008749-003/2024(H5N1)	1294	3537
HA|PP755589.1|A/cattle/Texas/24-008749-003/2024(H5N1)	1295	3541
HA|PP755589.1|A/cattle/Texas/24-008749-003/2024(H5N1)	1296	3551
HA|PP755589.1|A/cattle/Texas/24-008749-003/2024(H5N1)	1297	3537
HA|PP755589.1|A/cattle/Texas/24-008749-003/2024(H5N1)	1298	3615
HA|PP755589.1|A/cattle/Texas/24-008749-003/2024(H5N1)	1299	3642
HA|PP755589.1|A/cattle/Texas/24-008749-003/2024(H5N1)	1300	3606
HA|PP755589.1|A/cattle/Texas/24-008749-003/2024(H5N1)	1301	3607
HA|PP755589.1|A/cattle/Texas/24-008749-003/2024(H5N1)	1302	3607
HA|PP755589.1|A/cattle/Texas/24-008749-003/2024(H5N1)	1303	3608
HA|PP755589.1|A/cattle/Texas/24-008749-003/2024(H5N1)	1304	3627
HA|PP755589.1|A/cattle/Texas/24-008749-003/2024(H5N1)	1305	3726
HA|PP755589.1|A/cattle/Texas/24-008749-003/2024(H5N1)	1306	3731
HA|PP755589.1|A/cattle/Texas/24-008749-003/2024(H5N1)	1307	3700
HA|PP755589.1|A/cattle/Texas/24-008749-003/2024(H5N1)	1308	3657
HA|PP755589.1|A/cattle/Texas/24-008749-003/2024(H5N1)	1309	3650
HA|PP755589.1|A/cattle/Texas/24-008749-003/2024(H5N1)	1310	3671
HA|PP755589.1|A/cattle/Texas/24-008749-003/2024(H5N1)	1311	3704
HA|PP755589.1|A/cattle/Texas/24-008749-003/2024(H5N1)	1312	3707
HA|PP755589.1|A/cattle/Texas/24-008749-003/2024(H5N1)	1313	3689
HA|PP755589.1|A/cattle/Texas/24-008749-003/2024(H5N1)	1314	3795
HA|PP755589.1|A/cattle/Texas/24-008749-003/2024(H5N1)	1315	3772
HA|PP755589.1|A/cattle/Texas/24-008749-003/2024(H5N1)	1316	3756
HA|PP755589.1|A/cattle/Texas/24-008749-003/2024(H5N1)	1317	3754
HA|PP755589.1|A/cattle/Texas/24-008749-003/2024(H5N1)	1318	3752
HA|PP755589.1|A/cattle/Texas/24-008749-003/2024(H5N1)	1319	3809
HA|PP755589.1|A/cattle/Texas/24-008749-003/2024(H5N1)	1320	3666
HA|PP755589.1|A/cattle/Texas/24-008749-003/2024(H5N1)	1321	3651
HA|PP755589.1|A/cattle/Texas/24-008749-003/2024(H5N1)	1322	3635
HA|PP755589.1|A/cattle/Texas/24-008749-003/2024(H5N1)	1323	3566
HA|PP755589.1|A/cattle/Texas/24-008749-003/2024(H5N1)	1324	3573
HA|PP755589.1|A/cattle/Texas/24-008749-003/2024(H5N1)	1325	3612
HA|PP755589.1|A/cattle/Texas/24-008749-003/2024(H5N1)	1326	3583
HA|PP755589.1|A/cattle/Texas/24-008749-003/2024(H5N1)	1327	3620
HA|PP755589.1|A/cattle/Texas/24-008749-003/2024(H5N1)	1328	3616
HA|PP755589.1|A/cattle/Texas/24-008749-003/2024(H5N1)	1329	3622
HA|PP755589.1|A/cattle/Texas/24-008749-003/2024(H5N1)	1330	3531
HA|PP755589.1|A/cattle/Texas/24-008749-003/2024(H5N1)	1331	3534
HA|PP755589.1|A/cattle/Texas/24-008749-003/2024(H5N1)	1332	3532
HA|PP755589.1|A/cattle/Texas/24-008749-003/2024(H5N1)	1333	3524
HA|PP755589.1|A/cattle/Texas/24-008749-003/2024(H5N1)	1334	3545
HA|PP755589.1|A/cattle/Texas/24-008749-003/2024(H5N1)	1335	3613
HA|PP755589.1|A/cattle/Texas/24-008749-003/2024(H5N1)	1336	3596
HA|PP755589.1|A/cattle/Texas/24-008749-003/2024(H5N1)	1337	3638
HA|PP755589.1|A/cattle/Texas/24-008749-003/2024(H5N1)	1338	3560
HA|PP755589.1|A/cattle/Texas/24-008749-003/2024(H5N1)	1339	3565
HA|PP755589.1|A/cattle/Texas/24-008749-003/2024(H5N1)	1340	3570
HA|PP755589.1|A/cattle/Texas/24-008749-003/2024(H5N1)	1341	3570
HA|PP755589.1|A/cattle/Texas/24-008749-003/2024(H5N1)	1342	3588
HA|PP755589.1|A/cattle/Texas/24-008749-003/2024(H5N1)	1343	3589
HA|PP755589.1|A/cattle/Texas/24-008749-003/2024(H5N1)	1344	3534
HA|PP755589.1|A/cattle/Texas/24-008749-003/2024(H5N1)	1345	3609
HA|PP755589.1|A/cattle/Texas/24-008749-003/2024(H5N1)	1346	3622
HA|PP755589.1|A/cattle/Texas/24-008749-003/2024(H5N1)	1347	3656
HA|PP755589.1|A/cattle/Texas/24-008749-003/2024(H5N1)	1348	3655
HA|PP755589.1|A/cattle/Texas/24-008749-003/2024(H5N1)	1349	3612
HA|PP755589.1|A/cattle/Texas/24-008749-003/2024(H5N1)	1350	3609
HA|PP755589.1|A/cattle/Texas/24-008749-003/2024(H5N1)	1351	3606
HA|PP755589.1|A/cattle/Texas/24-008749-003/2024(H5N1)	1352	3635
HA|PP755589.1|A/cattle/Texas/24-008749-003/2024(H5N1)	1353	3694
HA|PP755589.1|A/cattle/Texas/24-008749-003/2024(H5N1)	1354	3723
HA|PP755589.1|A/cattle/Texas/24-008749-003/2024(H5N1)	1355	3816
HA|PP755589.1|A/cattle/Texas/24-008749-003/2024(H5N1)	1356	3787
HA|PP755589.1|A/cattle/Texas/24-008749-003/2024(H5N1)	1357	3828
HA|PP755589.1|A/cattle/Texas/24-008749-003/2024(H5N1)	1358	3833
HA|PP755589.1|A/cattle/Texas/24-008749-003/2024(H5N1)	1359	3878
HA|PP755589.1|A/cattle/Texas/24-008749-003/2024(H5N1)	1360	3852
HA|PP755589.1|A/cattle/Texas/24-008749-003/2024(H5N1)	1361	3920
HA|PP755589.1|A/cattle/Texas/24-008749-003/2024(H5N1)	1362	3946
HA|PP755589.1|A/cattle/Texas/24-008749-003/2024(H5N1)	1363	3937
HA|PP755589.1|A/cattle/Texas/24-008749-003/2024(H5N1)	1364	4054
HA|PP755589.1|A/cattle/Texas/24-008749-003/2024(H5N1)	1365	4034
HA|PP755589.1|A/cattle/Texas/24-008749-003/2024(H5N1)	1366	4031
HA|PP755589.1|A/cattle/Texas/24-008749-003/2024(H5N1)	1367	4030
HA|PP755589.1|A/cattle/Texas/24-008749-003/2024(H5N1)	1368	3933
HA|PP755589.1|A/cattle/Texas/24-008749-003/2024(H5N1)	1369	3932
HA|PP755589.1|A/cattle/Texas/24-008749-003/2024(H5N1)	1370	4049
HA|PP755589.1|A/cattle/Texas/24-008749-003/2024(H5N1)	1371	4115
HA|PP755589.1|A/cattle/Texas/24-008749-003/2024(H5N1)	1372	4024
HA|PP755589.1|A/cattle/Texas/24-008749-003/2024(H5N1)	1373	4058
HA|PP755589.1|A/cattle/Texas/24-008749-003/2024(H5N1)	1374	4058
HA|PP755589.1|A/cattle/Texas/24-008749-003/2024(H5N1)	1375	4064
HA|PP755589.1|A/cattle/Texas/24-008749-003/2024(H5N1)	1376	4208
HA|PP755589.1|A/cattle/Texas/24-008749-003/2024(H5N1)	1377	4208
HA|PP755589.1|A/cattle/Texas/24-008749-003/2024(H5N1)	1378	4256
HA|PP755589.1|A/cattle/Texas/24-008749-003/2024(H5N1)	1379	4259
HA|PP755589.1|A/cattle/Texas/24-008749-003/2024(H5N1)	1380	4248
HA|PP755589.1|A/cattle/Texas/24-008749-003/2024(H5N1)	1381	4248
HA|PP755589.1|A/cattle/Texas/24-008749-003/2024(H5N1)	1382	4069
HA|PP755589.1|A/cattle/Texas/24-008749-003/2024(H5N1)	1383	4062
HA|PP755589.1|A/cattle/Texas/24-008749-003/2024(H5N1)	1384	4084
HA|PP755589.1|A/cattle/Texas/24-008749-003/2024(H5N1)	1385	4078
HA|PP755589.1|A/cattle/Texas/24-008749-003/2024(H5N1)	1386	4114
HA|PP755589.1|A/cattle/Texas/24-008749-003/2024(H5N1)	1387	4096
HA|PP755589.1|A/cattle/Texas/24-008749-003/2024(H5N1)	1388	4077
HA|PP755589.1|A/cattle/Texas/24-008749-003/2024(H5N1)	1389	4077
HA|PP755589.1|A/cattle/Texas/24-008749-003/2024(H5N1)	1390	4076
HA|PP755589.1|A/cattle/Texas/24-008749-003/2024(H5N1)	1391	4017
HA|PP755589.1|A/cattle/Texas/24-008749-003/2024(H5N1)	1392	3981
HA|PP755589.1|A/cattle/Texas/24-008749-003/2024(H5N1)	1393	3981
HA|PP755589.1|A/cattle/Texas/24-008749-003/2024(H5N1)	1394	4026
HA|PP755589.1|A/cattle/Texas/24-008749-003/2024(H5N1)	1395	3998
HA|PP755589.1|A/cattle/Texas/24-008749-003/2024(H5N1)	1396	3954
HA|PP755589.1|A/cattle/Texas/24-008749-003/2024(H5N1)	1397	3959
HA|PP755589.1|A/cattle/Texas/24-008749-003/2024(H5N1)	1398	3978
HA|PP755589.1|A/cattle/Texas/24-008749-003/2024(H5N1)	1399	3995
HA|PP755589.1|A/cattle/Texas/24-008749-003/2024(H5N1)	1400	3990
HA|PP755589.1|A/cattle/Texas/24-008749-003/2024(H5N1)	1401	3924
HA|PP755589.1|A/cattle/Texas/24-008749-003/2024(H5N1)	1402	3919
HA|PP755589.1|A/cattle/Texas/24-008749-003/2024(H5N1)	1403	4029
HA|PP755589.1|A/cattle/Texas/24-008749-003/2024(H5N1)	1404	4055
HA|PP755589.1|A/cattle/Texas/24-008749-003/2024(H5N1)	1405	4060
HA|PP755589.1|A/cattle/Texas/24-008749-003/2024(H5N1)	1406	4029
HA|PP755589.1|A/cattle/Texas/24-008749-003/2024(H5N1)	1407	4012
HA|PP755589.1|A/cattle/Texas/24-008749-003/2024(H5N1)	1408	3997
HA|PP755589.1|A/cattle/Texas/24-008749-003/2024(H5N1)	1409	3974
HA|PP755589.1|A/cattle/Texas/24-008749-003/2024(H5N1)	1410	4069
HA|PP755589.1|A/cattle/Texas/24-008749-003/2024(H5N1)	1411	4087
HA|PP755589.1|A/cattle/Texas/24-008749-003/2024(H5N1)	1412	3991
HA|PP755589.1|A/cattle/Texas/24-008749-003/2024(H5N1)	1413	3991
HA|PP755589.1|A/cattle/Texas/24-008749-003/2024(H5N1)	1414	3980
HA|PP755589.1|A/cattle/Texas/24-008749-003/2024(H5N1)	1415	3979
HA|PP755589.1|A/cattle/Texas/24-008749-003/2024(H5N1)	1416	4045
HA|PP755589.1|A/cattle/Texas/24-008749-003/2024(H5N1)	1417	4047
HA|PP755589.1|A/cattle/Texas/24-008749-003/2024(H5N1)	1418	4059
HA|PP755589.1|A/cattle/Texas/24-008749-003/2024(H5N1)	1419	3902
HA|PP755589.1|A/cattle/Texas/24-008749-003/2024(H5N1)	1420	3857
HA|PP755589.1|A/cattle/Texas/24-008749-003/2024(H5N1)	1421	4011
HA|PP755589.1|A/cattle/Texas/24-008749-003/2024(H5N1)	1422	4018
HA|PP755589.1|A/cattle/Texas/24-008749-003/2024(H5N1)	1423	4025
HA|PP755589.1|A/cattle/Texas/24-008749-003/2024(H5N1)	1424	4057
HA|PP755589.1|A/cattle/Texas/24-008749-003/2024(H5N1)	1425	3970
HA|PP755589.1|A/cattle/Texas/24-008749-003/2024(H5N1)	1426	3966
HA|PP755589.1|A/cattle/Texas/24-008749-003/2024(H5N1)	1427	3965
HA|PP755589.1|A/cattle/Texas/24-008749-003/2024(H5N1)	1428	3978
HA|PP755589.1|A/cattle/Texas/24-008749-003/2024(H5N1)	1429	4008
HA|PP755589.1|A/cattle/Texas/24-008749-003/2024(H5N1)	1430	3783
HA|PP755589.1|A/cattle/Texas/24-008749-003/2024(H5N1)	1431	3788
HA|PP755589.1|A/cattle/Texas/24-008749-003/2024(H5N1)	1432	3811
HA|PP755589.1|A/cattle/Texas/24-008749-003/2024(H5N1)	1433	3918
HA|PP755589.1|A/cattle/Texas/24-008749-003/2024(H5N1)	1434	4016
HA|PP755589.1|A/cattle/Texas/24-008749-003/2024(H5N1)	1435	4058
HA|PP755589.1|A/cattle/Texas/24-008749-003/2024(H5N1)	1436	4041
HA|PP755589.1|A/cattle/Texas/24-008749-003/2024(H5N1)	1437	4028
HA|PP755589.1|A/cattle/Texas/24-008749-003/2024(H5N1)	1438	4097
HA|PP755589.1|A/cattle/Texas/24-008749-003/2024(H5N1)	1439	4093
HA|PP755589.1|A/cattle/Texas/24-008749-003/2024(H5N1)	1440	4102
HA|PP755589.1|A/cattle/Texas/24-008749-003/2024(H5N1)	1441	4101
HA|PP755589.1|A/cattle/Texas/24-008749-003/2024(H5N1)	1442	4108
HA|PP755589.1|A/cattle/Texas/24-008749-003/2024(H5N1)	1443	3990
HA|PP755589.1|A/cattle/Texas/24-008749-003/2024(H5N1)	1444	4020
HA|PP755589.1|A/cattle/Texas/24-008749-003/2024(H5N1)	1445	4037
HA|PP755589.1|A/cattle/Texas/24-008749-003/2024(H5N1)	1446	4037
HA|PP755589.1|A/cattle/Texas/24-008749-003/2024(H5N1)	1447	4047
HA|PP755589.1|A/cattle/Texas/24-008749-003/2024(H5N1)	1448	4034
HA|PP755589.1|A/cattle/Texas/24-008749-003/2024(H5N1)	1449	3933
HA|PP755589.1|A/cattle/Texas/24-008749-003/2024(H5N1)	1450	3933
HA|PP755589.1|A/cattle/Texas/24-008749-003/2024(H5N1)	1451	3929
HA|PP755589.1|A/cattle/Texas/24-008749-003/2024(H5N1)	1452	3961
HA|PP755589.1|A/cattle/Texas/24-008749-003/2024(H5N1)	1453	3971
HA|PP755589.1|A/cattle/Texas/24-008749-003/2024(H5N1)	1454	3951
HA|PP755589.1|A/cattle/Texas/24-008749-003/2024(H5N1)	1455	3864
HA|PP755589.1|A/cattle/Texas/24-008749-003/2024(H5N1)	1456	3853
HA|PP755589.1|A/cattle/Texas/24-008749-003/2024(H5N1)	1457	3862
HA|PP755589.1|A/cattle/Texas/24-008749-003/2024(H5N1)	1458	3876
HA|PP755589.1|A/cattle/Texas/24-008749-003/2024(H5N1)	1459	3874
HA|PP755589.1|A/cattle/Texas/24-008749-003/2024(H5N1)	1460	3911
HA|PP755589.1|A/cattle/Texas/24-008749-003/2024(H5N1)	1461	3865
HA|PP755589.1|A/cattle/Texas/24-008749-003/2024(H5N1)	1462	3875
HA|PP755589.1|A/cattle/Texas/24-008749-003/2024(H5N1)	1463	3874
HA|PP755589.1|A/cattle/Texas/24-008749-003/2024(H5N1)	1464	3865
HA|PP755589.1|A/cattle/Texas/24-008749-003/2024(H5N1)	1465	3735
HA|PP755589.1|A/cattle/Texas/24-008749-003/2024(H5N1)	1466	3733
HA|PP755589.1|A/cattle/Texas/24-008749-003/2024(H5N1)	1467	3726
HA|PP755589.1|A/cattle/Texas/24-008749-003/2024(H5N1)	1468	3729
HA|PP755589.1|A/cattle/Texas/24-008749-003/2024(H5N1)	1469	3734
HA|PP755589.1|A/cattle/Texas/24-008749-003/2024(H5N1)	1470	3667
HA|PP755589.1|A/cattle/Texas/24-008749-003/2024(H5N1)	1471	3667
HA|PP755589.1|A/cattle/Texas/24-008749-003/2024(H5N1)	1472	3674
HA|PP755589.1|A/cattle/Texas/24-008749-003/2024(H5N1)	1473	3670
HA|PP755589.1|A/cattle/Texas/24-008749-003/2024(H5N1)	1474	3671
HA|PP755589.1|A/cattle/Texas/24-008749-003/2024(H5N1)	1475	3637
HA|PP755589.1|A/cattle/Texas/24-008749-003/2024(H5N1)	1476	3641
HA|PP755589.1|A/cattle/Texas/24-008749-003/2024(H5N1)	1477	3697
HA|PP755589.1|A/cattle/Texas/24-008749-003/2024(H5N1)	1478	3633
HA|PP755589.1|A/cattle/Texas/24-008749-003/2024(H5N1)	1479	3633
HA|PP755589.1|A/cattle/Texas/24-008749-003/2024(H5N1)	1480	3825
HA|PP755589.1|A/cattle/Texas/24-008749-003/2024(H5N1)	1481	3824
HA|PP755589.1|A/cattle/Texas/24-008749-003/2024(H5N1)	1482	3820
HA|PP755589.1|A/cattle/Texas/24-008749-003/2024(H5N1)	1483	3818
HA|PP755589.1|A/cattle/Texas/24-008749-003/2024(H5N1)	1484	3801
HA|PP755589.1|A/cattle/Texas/24-008749-003/2024(H5N1)	1485	3813
HA|PP755589.1|A/cattle/Texas/24-008749-003/2024(H5N1)	1486	3726
HA|PP755589.1|A/cattle/Texas/24-008749-003/2024(H5N1)	1487	3746
HA|PP755589.1|A/cattle/Texas/24-008749-003/2024(H5N1)	1488	3707
HA|PP755589.1|A/cattle/Texas/24-008749-003/2024(H5N1)	1489	3696
HA|PP755589.1|A/cattle/Texas/24-008749-003/2024(H5N1)	1490	3712
HA|PP755589.1|A/cattle/Texas/24-008749-003/2024(H5N1)	1491	3709
HA|PP755589.1|A/cattle/Texas/24-008749-003/2024(H5N1)	1492	3723
HA|PP755589.1|A/cattle/Texas/24-008749-003/2024(H5N1)	1493	3721
HA|PP755589.1|A/cattle/Texas/24-008749-003/2024(H5N1)	1494	3738
HA|PP755589.1|A/cattle/Texas/24-008749-003/2024(H5N1)	1495	3730
HA|PP755589.1|A/cattle/Texas/24-008749-003/2024(H5N1)	1496	3747
HA|PP755589.1|A/cattle/Texas/24-008749-003/2024(H5N1)	1497	3734
HA|PP755589.1|A/cattle/Texas/24-008749-003/2024(H5N1)	1498	3695
HA|PP755589.1|A/cattle/Texas/24-008749-003/2024(H5N1)	1499	3704
HA|PP755589.1|A/cattle/Texas/24-008749-003/2024(H5N1)	1500	3697
HA|PP755589.1|A/cattle/Texas/24-008749-003/2024(H5N1)	1501	3729
HA|PP755589.1|A/cattle/Texas/24-008749-003/2024(H5N1)	1502	3678
HA|PP755589.1|A/cattle/Texas/24-008749-003/2024(H5N1)	1503	3677
HA|PP755589.1|A/cattle/Texas/24-008749-003/2024(H5N1)	1504	3670
HA|PP755589.1|A/cattle/Texas/24-008749-003/2024(H5N1)	1505	3644
HA|PP755589.1|A/cattle/Texas/24-008749-003/2024(H5N1)	1506	3688
HA|PP755589.1|A/cattle/Texas/24-008749-003/2024(H5N1)	1507	3686
HA|PP755589.1|A/cattle/Texas/24-008749-003/2024(H5N1)	1508	3662
HA|PP755589.1|A/cattle/Texas/24-008749-003/2024(H5N1)	1509	3606
HA|PP755589.1|A/cattle/Texas/24-008749-003/2024(H5N1)	1510	3548
HA|PP755589.1|A/cattle/Texas/24-008749-003/2024(H5N1)	1511	3658
HA|PP755589.1|A/cattle/Texas/24-008749-003/2024(H5N1)	1512	3689
HA|PP755589.1|A/cattle/Texas/24-008749-003/2024(H5N1)	1513	3737
HA|PP755589.1|A/cattle/Texas/24-008749-003/2024(H5N1)	1514	3732
HA|PP755589.1|A/cattle/Texas/24-008749-003/2024(H5N1)	1515	3635
HA|PP755589.1|A/cattle/Texas/24-008749-003/2024(H5N1)	1516	3637
HA|PP755589.1|A/cattle/Texas/24-008749-003/2024(H5N1)	1517	3625
HA|PP755589.1|A/cattle/Texas/24-008749-003/2024(H5N1)	1518	3663
HA|PP755589.1|A/cattle/Texas/24-008749-003/2024(H5N1)	1519	3661
HA|PP755589.1|A/cattle/Texas/24-008749-003/2024(H5N1)	1520	3654
HA|PP755589.1|A/cattle/Texas/24-008749-003/2024(H5N1)	1521	3594
HA|PP755589.1|A/cattle/Texas/24-008749-003/2024(H5N1)	1522	3518
HA|PP755589.1|A/cattle/Texas/24-008749-003/2024(H5N1)	1523	3519
HA|PP755589.1|A/cattle/Texas/24-008749-003/2024(H5N1)	1524	3481
HA|PP755589.1|A/cattle/Texas/24-008749-003/2024(H5N1)	1525	3486
HA|PP755589.1|A/cattle/Texas/24-008749-003/2024(H5N1)	1526	3685
HA|PP755589.1|A/cattle/Texas/24-008749-003/2024(H5N1)	1527	3531
HA|PP755589.1|A/cattle/Texas/24-008749-003/2024(H5N1)	1528	3527
HA|PP755589.1|A/cattle/Texas/24-008749-003/2024(H5N1)	1529	3545
HA|PP755589.1|A/cattle/Texas/24-008749-003/2024(H5N1)	1530	3543
HA|PP755589.1|A/cattle/Texas/24-008749-003/2024(H5N1)	1531	3542
HA|PP755589.1|A/cattle/Texas/24-008749-003/2024(H5N1)	1532	3553
HA|PP755589.1|A/cattle/Texas/24-008749-003/2024(H5N1)	1533	3554
HA|PP755589.1|A/cattle/Texas/24-008749-003/2024(H5N1)	1534	3528
HA|PP755589.1|A/cattle/Texas/24-008749-003/2024(H5N1)	1535	3527
HA|PP755589.1|A/cattle/Texas/24-008749-003/2024(H5N1)	1536	3713
HA|PP755589.1|A/cattle/Texas/24-008749-003/2024(H5N1)	1537	3665
HA|PP755589.1|A/cattle/Texas/24-008749-003/2024(H5N1)	1538	3641
HA|PP755589.1|A/cattle/Texas/24-008749-003/2024(H5N1)	1539	3733
HA|PP755589.1|A/cattle/Texas/24-008749-003/2024(H5N1)	1540	3731
HA|PP755589.1|A/cattle/Texas/24-008749-003/2024(H5N1)	1541	3737
HA|PP755589.1|A/cattle/Texas/24-008749-003/2024(H5N1)	1542	3736
HA|PP755589.1|A/cattle/Texas/24-008749-003/2024(H5N1)	1543	3719
HA|PP755589.1|A/cattle/Texas/24-008749-003/2024(H5N1)	1544	3725
HA|PP755589.1|A/cattle/Texas/24-008749-003/2024(H5N1)	1545	3714
HA|PP755589.1|A/cattle/Texas/24-008749-003/2024(H5N1)	1546	3716
HA|PP755589.1|A/cattle/Texas/24-008749-003/2024(H5N1)	1547	3728
HA|PP755589.1|A/cattle/Texas/24-008749-003/2024(H5N1)	1548	3723
HA|PP755589.1|A/cattle/Texas/24-008749-003/2024(H5N1)	1549	3720
HA|PP755589.1|A/cattle/Texas/24-008749-003/2024(H5N1)	1550	3728
HA|PP755589.1|A/cattle/Texas/24-008749-003/2024(H5N1)	1551	3737
HA|PP755589.1|A/cattle/Texas/24-008749-003/2024(H5N1)	1552	3737
HA|PP755589.1|A/cattle/Texas/24-008749-003/2024(H5N1)	1553	3714
HA|PP755589.1|A/cattle/Texas/24-008749-003/2024(H5N1)	1554	3613
HA|PP755589.1|A/cattle/Texas/24-008749-003/2024(H5N1)	1555	3604
HA|PP755589.1|A/cattle/Texas/24-008749-003/2024(H5N1)	1556	3596
HA|PP755589.1|A/cattle/Texas/24-008749-003/2024(H5N1)	1557	3605
HA|PP755589.1|A/cattle/Texas/24-008749-003/2024(H5N1)	1558	3499
HA|PP755589.1|A/cattle/Texas/24-008749-003/2024(H5N1)	1559	3505
HA|PP755589.1|A/cattle/Texas/24-008749-003/2024(H5N1)	1560	3493
HA|PP755589.1|A/cattle/Texas/24-008749-003/2024(H5N1)	1561	3364
HA|PP755589.1|A/cattle/Texas/24-008749-003/2024(H5N1)	1562	3407
HA|PP755589.1|A/cattle/Texas/24-008749-003/2024(H5N1)	1563	3407
HA|PP755589.1|A/cattle/Texas/24-008749-003/2024(H5N1)	1564	3422
HA|PP755589.1|A/cattle/Texas/24-008749-003/2024(H5N1)	1565	3424
HA|PP755589.1|A/cattle/Texas/24-008749-003/2024(H5N1)	1566	3442
HA|PP755589.1|A/cattle/Texas/24-008749-003/2024(H5N1)	1567	3382
HA|PP755589.1|A/cattle/Texas/24-008749-003/2024(H5N1)	1568	3369
HA|PP755589.1|A/cattle/Texas/24-008749-003/2024(H5N1)	1569	3358
HA|PP755589.1|A/cattle/Texas/24-008749-003/2024(H5N1)	1570	3356
HA|PP755589.1|A/cattle/Texas/24-008749-003/2024(H5N1)	1571	3431
HA|PP755589.1|A/cattle/Texas/24-008749-003/2024(H5N1)	1572	3312
HA|PP755589.1|A/cattle/Texas/24-008749-003/2024(H5N1)	1573	3299
HA|PP755589.1|A/cattle/Texas/24-008749-003/2024(H5N1)	1574	3297
HA|PP755589.1|A/cattle/Texas/24-008749-003/2024(H5N1)	1575	3257
HA|PP755589.1|A/cattle/Texas/24-008749-003/2024(H5N1)	1576	3259
HA|PP755589.1|A/cattle/Texas/24-008749-003/2024(H5N1)	1577	3338
HA|PP755589.1|A/cattle/Texas/24-008749-003/2024(H5N1)	1578	3335
HA|PP755589.1|A/cattle/Texas/24-008749-003/2024(H5N1)	1579	3320
HA|PP755589.1|A/cattle/Texas/24-008749-003/2024(H5N1)	1580	3319
HA|PP755589.1|A/cattle/Texas/24-008749-003/2024(H5N1)	1581	3324
HA|PP755589.1|A/cattle/Texas/24-008749-003/2024(H5N1)	1582	3320
HA|PP755589.1|A/cattle/Texas/24-008749-003/2024(H5N1)	1583	3291
HA|PP755589.1|A/cattle/Texas/24-008749-003/2024(H5N1)	1584	3156
HA|PP755589.1|A/cattle/Texas/24-008749-003/2024(H5N1)	1585	3142
HA|PP755589.1|A/cattle/Texas/24-008749-003/2024(H5N1)	1586	3124
HA|PP755589.1|A/cattle/Texas/24-008749-003/2024(H5N1)	1587	3160
HA|PP755589.1|A/cattle/Texas/24-008749-003/2024(H5N1)	1588	3160
HA|PP755589.1|A/cattle/Texas/24-008749-003/2024(H5N1)	1589	3024
HA|PP755589.1|A/cattle/Texas/24-008749-003/2024(H5N1)	1590	3023
HA|PP755589.1|A/cattle/Texas/24-008749-003/2024(H5N1)	1591	3042
HA|PP755589.1|A/cattle/Texas/24-008749-003/2024(H5N1)	1592	3032
HA|PP755589.1|A/cattle/Texas/24-008749-003/2024(H5N1)	1593	3220
HA|PP755589.1|A/cattle/Texas/24-008749-003/2024(H5N1)	1594	3199
HA|PP755589.1|A/cattle/Texas/24-008749-003/2024(H5N1)	1595	3102
HA|PP755589.1|A/cattle/Texas/24-008749-003/2024(H5N1)	1596	3104
HA|PP755589.1|A/cattle/Texas/24-008749-003/2024(H5N1)	1597	3807
HA|PP755589.1|A/cattle/Texas/24-008749-003/2024(H5N1)	1598	3820
HA|PP755589.1|A/cattle/Texas/24-008749-003/2024(H5N1)	1599	3862
HA|PP755589.1|A/cattle/Texas/24-008749-003/2024(H5N1)	1600	3872
HA|PP755589.1|A/cattle/Texas/24-008749-003/2024(H5N1)	1601	3878
HA|PP755589.1|A/cattle/Texas/24-008749-003/2024(H5N1)	1602	3945
HA|PP755589.1|A/cattle/Texas/24-008749-003/2024(H5N1)	1603	3910
HA|PP755589.1|A/cattle/Texas/24-008749-003/2024(H5N1)	1604	3904
HA|PP755589.1|A/cattle/Texas/24-008749-003/2024(H5N1)	1605	3898
HA|PP755589.1|A/cattle/Texas/24-008749-003/2024(H5N1)	1606	3892
HA|PP755589.1|A/cattle/Texas/24-008749-003/2024(H5N1)	1607	3890
HA|PP755589.1|A/cattle/Texas/24-008749-003/2024(H5N1)	1608	3879
HA|PP755589.1|A/cattle/Texas/24-008749-003/2024(H5N1)	1609	3864
HA|PP755589.1|A/cattle/Texas/24-008749-003/2024(H5N1)	1610	3861
HA|PP755589.1|A/cattle/Texas/24-008749-003/2024(H5N1)	1611	3826
HA|PP755589.1|A/cattle/Texas/24-008749-003/2024(H5N1)	1612	3825
HA|PP755589.1|A/cattle/Texas/24-008749-003/2024(H5N1)	1613	3805
HA|PP755589.1|A/cattle/Texas/24-008749-003/2024(H5N1)	1614	3807
HA|PP755589.1|A/cattle/Texas/24-008749-003/2024(H5N1)	1615	3799
HA|PP755589.1|A/cattle/Texas/24-008749-003/2024(H5N1)	1616	3782
HA|PP755589.1|A/cattle/Texas/24-008749-003/2024(H5N1)	1617	3775
HA|PP755589.1|A/cattle/Texas/24-008749-003/2024(H5N1)	1618	3771
HA|PP755589.1|A/cattle/Texas/24-008749-003/2024(H5N1)	1619	3776
HA|PP755589.1|A/cattle/Texas/24-008749-003/2024(H5N1)	1620	3773
HA|PP755589.1|A/cattle/Texas/24-008749-003/2024(H5N1)	1621	3766
HA|PP755589.1|A/cattle/Texas/24-008749-003/2024(H5N1)	1622	3805
HA|PP755589.1|A/cattle/Texas/24-008749-003/2024(H5N1)	1623	3792
HA|PP755589.1|A/cattle/Texas/24-008749-003/2024(H5N1)	1624	3778
HA|PP755589.1|A/cattle/Texas/24-008749-003/2024(H5N1)	1625	3776
HA|PP755589.1|A/cattle/Texas/24-008749-003/2024(H5N1)	1626	3771
HA|PP755589.1|A/cattle/Texas/24-008749-003/2024(H5N1)	1627	3770
HA|PP755589.1|A/cattle/Texas/24-008749-003/2024(H5N1)	1628	3693
HA|PP755589.1|A/cattle/Texas/24-008749-003/2024(H5N1)	1629	3662
HA|PP755589.1|A/cattle/Texas/24-008749-003/2024(H5N1)	1630	3647
HA|PP755589.1|A/cattle/Texas/24-008749-003/2024(H5N1)	1631	3427
HA|PP755589.1|A/cattle/Texas/24-008749-003/2024(H5N1)	1632	3429
HA|PP755589.1|A/cattle/Texas/24-008749-003/2024(H5N1)	1633	3429
HA|PP755589.1|A/cattle/Texas/24-008749-003/2024(H5N1)	1634	3428
HA|PP755589.1|A/cattle/Texas/24-008749-003/2024(H5N1)	1635	3420
HA|PP755589.1|A/cattle/Texas/24-008749-003/2024(H5N1)	1636	3387
HA|PP755589.1|A/cattle/Texas/24-008749-003/2024(H5N1)	1637	3384
HA|PP755589.1|A/cattle/Texas/24-008749-003/2024(H5N1)	1638	3363
HA|PP755589.1|A/cattle/Texas/24-008749-003/2024(H5N1)	1639	3354
HA|PP755589.1|A/cattle/Texas/24-008749-003/2024(H5N1)	1640	3350
HA|PP755589.1|A/cattle/Texas/24-008749-003/2024(H5N1)	1641	3325
HA|PP755589.1|A/cattle/Texas/24-008749-003/2024(H5N1)	1642	3299
HA|PP755589.1|A/cattle/Texas/24-008749-003/2024(H5N1)	1643	3294
HA|PP755589.1|A/cattle/Texas/24-008749-003/2024(H5N1)	1644	3276
HA|PP755589.1|A/cattle/Texas/24-008749-003/2024(H5N1)	1645	3260
HA|PP755589.1|A/cattle/Texas/24-008749-003/2024(H5N1)	1646	3251
HA|PP755589.1|A/cattle/Texas/24-008749-003/2024(H5N1)	1647	3131
HA|PP755589.1|A/cattle/Texas/24-008749-003/2024(H5N1)	1648	3139
HA|PP755589.1|A/cattle/Texas/24-008749-003/2024(H5N1)	1649	3139
HA|PP755589.1|A/cattle/Texas/24-008749-003/2024(H5N1)	1650	3129
HA|PP755589.1|A/cattle/Texas/24-008749-003/2024(H5N1)	1651	3108
HA|PP755589.1|A/cattle/Texas/24-008749-003/2024(H5N1)	1652	3095
HA|PP755589.1|A/cattle/Texas/24-008749-003/2024(H5N1)	1653	3093
HA|PP755589.1|A/cattle/Texas/24-008749-003/2024(H5N1)	1654	3089
HA|PP755589.1|A/cattle/Texas/24-008749-003/2024(H5N1)	1655	3050
HA|PP755589.1|A/cattle/Texas/24-008749-003/2024(H5N1)	1656	3044
HA|PP755589.1|A/cattle/Texas/24-008749-003/2024(H5N1)	1657	2934
HA|PP755589.1|A/cattle/Texas/24-008749-003/2024(H5N1)	1658	2919
HA|PP755589.1|A/cattle/Texas/24-008749-003/2024(H5N1)	1659	2909
HA|PP755589.1|A/cattle/Texas/24-008749-003/2024(H5N1)	1660	2909
HA|PP755589.1|A/cattle/Texas/24-008749-003/2024(H5N1)	1661	2907
HA|PP755589.1|A/cattle/Texas/24-008749-003/2024(H5N1)	1662	2766
HA|PP755589.1|A/cattle/Texas/24-008749-003/2024(H5N1)	1663	2724
HA|PP755589.1|A/cattle/Texas/24-008749-003/2024(H5N1)	1664	2644
HA|PP755589.1|A/cattle/Texas/24-008749-003/2024(H5N1)	1665	2641
HA|PP755589.1|A/cattle/Texas/24-008749-003/2024(H5N1)	1666	2545
HA|PP755589.1|A/cattle/Texas/24-008749-003/2024(H5N1)	1667	2549
HA|PP755589.1|A/cattle/Texas/24-008749-003/2024(H5N1)	1668	2520
HA|PP755589.1|A/cattle/Texas/24-008749-003/2024(H5N1)	1669	2517
HA|PP755589.1|A/cattle/Texas/24-008749-003/2024(H5N1)	1670	2503
HA|PP755589.1|A/cattle/Texas/24-008749-003/2024(H5N1)	1671	2453
HA|PP755589.1|A/cattle/Texas/24-008749-003/2024(H5N1)	1672	2450
HA|PP755589.1|A/cattle/Texas/24-008749-003/2024(H5N1)	1673	2450
HA|PP755589.1|A/cattle/Texas/24-008749-003/2024(H5N1)	1674	2408
HA|PP755589.1|A/cattle/Texas/24-008749-003/2024(H5N1)	1675	2401
HA|PP755589.1|A/cattle/Texas/24-008749-003/2024(H5N1)	1676	2258
HA|PP755589.1|A/cattle/Texas/24-008749-003/2024(H5N1)	1677	2230
HA|PP755589.1|A/cattle/Texas/24-008749-003/2024(H5N1)	1678	2222
HA|PP755589.1|A/cattle/Texas/24-008749-003/2024(H5N1)	1679	2108
HA|PP755589.1|A/cattle/Texas/24-008749-003/2024(H5N1)	1680	2107
HA|PP755589.1|A/cattle/Texas/24-008749-003/2024(H5N1)	1681	2096
HA|PP755589.1|A/cattle/Texas/24-008749-003/2024(H5N1)	1682	2096
HA|PP755589.1|A/cattle/Texas/24-008749-003/2024(H5N1)	1683	2096
HA|PP755589.1|A/cattle/Texas/24-008749-003/2024(H5N1)	1684	2090
HA|PP755589.1|A/cattle/Texas/24-008749-003/2024(H5N1)	1685	1926
HA|PP755589.1|A/cattle/Texas/24-008749-003/2024(H5N1)	1686	1926
HA|PP755589.1|A/cattle/Texas/24-008749-003/2024(H5N1)	1687	1901
HA|PP755589.1|A/cattle/Texas/24-008749-003/2024(H5N1)	1688	1899
HA|PP755589.1|A/cattle/Texas/24-008749-003/2024(H5N1)	1689	1899
HA|PP755589.1|A/cattle/Texas/24-008749-003/2024(H5N1)	1690	1797
HA|PP755589.1|A/cattle/Texas/24-008749-003/2024(H5N1)	1691	1797
HA|PP755589.1|A/cattle/Texas/24-008749-003/2024(H5N1)	1692	1789
HA|PP755589.1|A/cattle/Texas/24-008749-003/2024(H5N1)	1693	1789
HA|PP755589.1|A/cattle/Texas/24-008749-003/2024(H5N1)	1694	1787
HA|PP755589.1|A/cattle/Texas/24-008749-003/2024(H5N1)	1695	1739
HA|PP755589.1|A/cattle/Texas/24-008749-003/2024(H5N1)	1696	1738
HA|PP755589.1|A/cattle/Texas/24-008749-003/2024(H5N1)	1697	1729
HA|PP755589.1|A/cattle/Texas/24-008749-003/2024(H5N1)	1698	1725
HA|PP755589.1|A/cattle/Texas/24-008749-003/2024(H5N1)	1699	1724
HA|PP755589.1|A/cattle/Texas/24-008749-003/2024(H5N1)	1700	1693
HA|PP755589.1|A/cattle/Texas/24-008749-003/2024(H5N1)	1701	1682
HA|PP755589.1|A/cattle/Texas/24-008749-003/2024(H5N1)	1702	1678
HA|PP755589.1|A/cattle/Texas/24-008749-003/2024(H5N1)	1703	1675
HA|PP755589.1|A/cattle/Texas/24-008749-003/2024(H5N1)	1704	1674
