HA|PP755589.1|A/cattle/Texas/24-008749-003/2024(H5N1)	1	0
HA|PP755589.1|A/cattle/Texas/24-008749-003/2024(H5N1)	2	0
HA|PP755589.1|A/cattle/Texas/24-008749-003/2024(H5N1)	3	0
HA|PP755589.1|A/cattle/Texas/24-008749-003/2024(H5N1)	4	0
HA|PP755589.1|A/cattle/Texas/24-008749-003/2024(H5N1)	5	0
HA|PP755589.1|A/cattle/Texas/24-008749-003/2024(H5N1)	6	0
HA|PP755589.1|A/cattle/Texas/24-008749-003/2024(H5N1)	7	0
HA|PP755589.1|A/cattle/Texas/24-008749-003/2024(H5N1)	8	0
HA|PP755589.1|A/cattle/Texas/24-008749-003/2024(H5N1)	9	0
HA|PP755589.1|A/cattle/Texas/24-008749-003/2024(H5N1)	10	0
HA|PP755589.1|A/cattle/Texas/24-008749-003/2024(H5N1)	11	0
HA|PP755589.1|A/cattle/Texas/24-008749-003/2024(H5N1)	12	0
HA|PP755589.1|A/cattle/Texas/24-008749-003/2024(H5N1)	13	0
HA|PP755589.1|A/cattle/Texas/24-008749-003/2024(H5N1)	14	0
HA|PP755589.1|A/cattle/Texas/24-008749-003/2024(H5N1)	15	0
HA|PP755589.1|A/cattle/Texas/24-008749-003/2024(H5N1)	16	0
HA|PP755589.1|A/cattle/Texas/24-008749-003/2024(H5N1)	17	0
HA|PP755589.1|A/cattle/Texas/24-008749-003/2024(H5N1)	18	0
HA|PP755589.1|A/cattle/Texas/24-008749-003/2024(H5N1)	19	0
HA|PP755589.1|A/cattle/Texas/24-008749-003/2024(H5N1)	20	0
HA|PP755589.1|A/cattle/Texas/24-008749-003/2024(H5N1)	21	0
HA|PP755589.1|A/cattle/Texas/24-008749-003/2024(H5N1)	22	0
HA|PP755589.1|A/cattle/Texas/24-008749-003/2024(H5N1)	23	0
HA|PP755589.1|A/cattle/Texas/24-008749-003/2024(H5N1)	24	0
HA|PP755589.1|A/cattle/Texas/24-008749-003/2024(H5N1)	25	0
HA|PP755589.1|A/cattle/Texas/24-008749-003/2024(H5N1)	26	0
HA|PP755589.1|A/cattle/Texas/24-008749-003/2024(H5N1)	27	0
HA|PP755589.1|A/cattle/Texas/24-008749-003/2024(H5N1)	28	0
HA|PP755589.1|A/cattle/Texas/24-008749-003/2024(H5N1)	29	0
HA|PP755589.1|A/cattle/Texas/24-008749-003/2024(H5N1)	30	0
HA|PP755589.1|A/cattle/Texas/24-008749-003/2024(H5N1)	31	0
HA|PP755589.1|A/cattle/Texas/24-008749-003/2024(H5N1)	32	0
HA|PP755589.1|A/cattle/Texas/24-008749-003/2024(H5N1)	33	0
HA|PP755589.1|A/cattle/Texas/24-008749-003/2024(H5N1)	34	0
HA|PP755589.1|A/cattle/Texas/24-008749-003/2024(H5N1)	35	0
HA|PP755589.1|A/cattle/Texas/24-008749-003/2024(H5N1)	36	0
HA|PP755589.1|A/cattle/Texas/24-008749-003/2024(H5N1)	37	0
HA|PP755589.1|A/cattle/Texas/24-008749-003/2024(H5N1)	38	11
HA|PP755589.1|A/cattle/Texas/24-008749-003/2024(H5N1)	39	169
HA|PP755589.1|A/cattle/Texas/24-008749-003/2024(H5N1)	40	169
HA|PP755589.1|A/cattle/Texas/24-008749-003/2024(H5N1)	41	169
HA|PP755589.1|A/cattle/Texas/24-008749-003/2024(H5N1)	42	169
HA|PP755589.1|A/cattle/Texas/24-008749-003/2024(H5N1)	43	178
HA|PP755589.1|A/cattle/Texas/24-008749-003/2024(H5N1)	44	190
HA|PP755589.1|A/cattle/Texas/24-008749-003/2024(H5N1)	45	190
HA|PP755589.1|A/cattle/Texas/24-008749-003/2024(H5N1)	46	190
HA|PP755589.1|A/cattle/Texas/24-008749-003/2024(H5N1)	47	192
HA|PP755589.1|A/cattle/Texas/24-008749-003/2024(H5N1)	48	192
HA|PP755589.1|A/cattle/Texas/24-008749-003/2024(H5N1)	49	196
HA|PP755589.1|A/cattle/Texas/24-008749-003/2024(H5N1)	50	196
HA|PP755589.1|A/cattle/Texas/24-008749-003/2024(H5N1)	51	196
HA|PP755589.1|A/cattle/Texas/24-008749-003/2024(H5N1)	52	217
HA|PP755589.1|A/cattle/Texas/24-008749-003/2024(H5N1)	53	217
HA|PP755589.1|A/cattle/Texas/24-008749-003/2024(H5N1)	54	257
HA|PP755589.1|A/cattle/Texas/24-008749-003/2024(H5N1)	55	1628
HA|PP755589.1|A/cattle/Texas/24-008749-003/2024(H5N1)	56	1630
HA|PP755589.1|A/cattle/Texas/24-008749-003/2024(H5N1)	57	1635
HA|PP755589.1|A/cattle/Texas/24-008749-003/2024(H5N1)	58	1651
HA|PP755589.1|A/cattle/Texas/24-008749-003/2024(H5N1)	59	1657
HA|PP755589.1|A/cattle/Texas/24-008749-003/2024(H5N1)	60	1660
HA|PP755589.1|A/cattle/Texas/24-008749-003/2024(H5N1)	61	1660
HA|PP755589.1|A/cattle/Texas/24-008749-003/2024(H5N1)	62	1664
HA|PP755589.1|A/cattle/Texas/24-008749-003/2024(H5N1)	63	1668
HA|PP755589.1|A/cattle/Texas/24-008749-003/2024(H5N1)	64	1701
HA|PP755589.1|A/cattle/Texas/24-008749-003/2024(H5N1)	65	1702
HA|PP755589.1|A/cattle/Texas/24-008749-003/2024(H5N1)	66	1722
HA|PP755589.1|A/cattle/Texas/24-008749-003/2024(H5N1)	67	1724
HA|PP755589.1|A/cattle/Texas/24-008749-003/2024(H5N1)	68	1738
HA|PP755589.1|A/cattle/Texas/24-008749-003/2024(H5N1)	69	1757
HA|PP755589.1|A/cattle/Texas/24-008749-003/2024(H5N1)	70	1760
HA|PP755589.1|A/cattle/Texas/24-008749-003/2024(H5N1)	71	1776
HA|PP755589.1|A/cattle/Texas/24-008749-003/2024(H5N1)	72	1776
HA|PP755589.1|A/cattle/Texas/24-008749-003/2024(H5N1)	73	1776
HA|PP755589.1|A/cattle/Texas/24-008749-003/2024(H5N1)	74	1807
HA|PP755589.1|A/cattle/Texas/24-008749-003/2024(H5N1)	75	1835
HA|PP755589.1|A/cattle/Texas/24-008749-003/2024(H5N1)	76	1835
HA|PP755589.1|A/cattle/Texas/24-008749-003/2024(H5N1)	77	1833
HA|PP755589.1|A/cattle/Texas/24-008749-003/2024(H5N1)	78	1833
HA|PP755589.1|A/cattle/Texas/24-008749-003/2024(H5N1)	79	1833
HA|PP755589.1|A/cattle/Texas/24-008749-003/2024(H5N1)	80	1833
HA|PP755589.1|A/cattle/Texas/24-008749-003/2024(H5N1)	81	1831
HA|PP755589.1|A/cattle/Texas/24-008749-003/2024(H5N1)	82	1831
HA|PP755589.1|A/cattle/Texas/24-008749-003/2024(H5N1)	83	1831
HA|PP755589.1|A/cattle/Texas/24-008749-003/2024(H5N1)	84	1830
HA|PP755589.1|A/cattle/Texas/24-008749-003/2024(H5N1)	85	1830
HA|PP755589.1|A/cattle/Texas/24-008749-003/2024(H5N1)	86	1830
HA|PP755589.1|A/cattle/Texas/24-008749-003/2024(H5N1)	87	1818
HA|PP755589.1|A/cattle/Texas/24-008749-003/2024(H5N1)	88	1818
HA|PP755589.1|A/cattle/Texas/24-008749-003/2024(H5N1)	89	1816
HA|PP755589.1|A/cattle/Texas/24-008749-003/2024(H5N1)	90	1816
HA|PP755589.1|A/cattle/Texas/24-008749-003/2024(H5N1)	91	1816
HA|PP755589.1|A/cattle/Texas/24-008749-003/2024(H5N1)	92	1811
HA|PP755589.1|A/cattle/Texas/24-008749-003/2024(H5N1)	93	1809
HA|PP755589.1|A/cattle/Texas/24-008749-003/2024(H5N1)	94	1809
HA|PP755589.1|A/cattle/Texas/24-008749-003/2024(H5N1)	95	1807
HA|PP755589.1|A/cattle/Texas/24-008749-003/2024(H5N1)	96	1807
HA|PP755589.1|A/cattle/Texas/24-008749-003/2024(H5N1)	97	1803
HA|PP755589.1|A/cattle/Texas/24-008749-003/2024(H5N1)	98	1803
HA|PP755589.1|A/cattle/Texas/24-008749-003/2024(H5N1)	99	1795
HA|PP755589.1|A/cattle/Texas/24-008749-003/2024(H5N1)	100	1795
HA|PP755589.1|A/cattle/Texas/24-008749-003/2024(H5N1)	101	1795
HA|PP755589.1|A/cattle/Texas/24-008749-003/2024(H5N1)	102	1785
HA|PP755589.1|A/cattle/Texas/24-008749-003/2024(H5N1)	103	1785
HA|PP755589.1|A/cattle/Texas/24-008749-003/2024(H5N1)	104	1785
HA|PP755589.1|A/cattle/Texas/24-008749-003/2024(H5N1)	105	1785
HA|PP755589.1|A/cattle/Texas/24-008749-003/2024(H5N1)	106	1785
HA|PP755589.1|A/cattle/Texas/24-008749-003/2024(H5N1)	107	1783
HA|PP755589.1|A/cattle/Texas/24-008749-003/2024(H5N1)	108	1781
HA|PP755589.1|A/cattle/Texas/24-008749-003/2024(H5N1)	109	1781
HA|PP755589.1|A/cattle/Texas/24-008749-003/2024(H5N1)	110	1767
HA|PP755589.1|A/cattle/Texas/24-008749-003/2024(H5N1)	111	1749
HA|PP755589.1|A/cattle/Texas/24-008749-003/2024(H5N1)	112	1749
HA|PP755589.1|A/cattle/Texas/24-008749-003/2024(H5N1)	113	1749
HA|PP755589.1|A/cattle/Texas/24-008749-003/2024(H5N1)	114	1749
HA|PP755589.1|A/cattle/Texas/24-008749-003/2024(H5N1)	115	1745
HA|PP755589.1|A/cattle/Texas/24-008749-003/2024(H5N1)	116	1745
HA|PP755589.1|A/cattle/Texas/24-008749-003/2024(H5N1)	117	1043
HA|PP755589.1|A/cattle/Texas/24-008749-003/2024(H5N1)	118	1041
HA|PP755589.1|A/cattle/Texas/24-008749-003/2024(H5N1)	119	1040
HA|PP755589.1|A/cattle/Texas/24-008749-003/2024(H5N1)	120	1025
HA|PP755589.1|A/cattle/Texas/24-008749-003/2024(H5N1)	121	1025
HA|PP755589.1|A/cattle/Texas/24-008749-003/2024(H5N1)	122	1025
HA|PP755589.1|A/cattle/Texas/24-008749-003/2024(H5N1)	123	1014
HA|PP755589.1|A/cattle/Texas/24-008749-003/2024(H5N1)	124	1014
HA|PP755589.1|A/cattle/Texas/24-008749-003/2024(H5N1)	125	1014
HA|PP755589.1|A/cattle/Texas/24-008749-003/2024(H5N1)	126	1014
HA|PP755589.1|A/cattle/Texas/24-008749-003/2024(H5N1)	127	1014
HA|PP755589.1|A/cattle/Texas/24-008749-003/2024(H5N1)	128	1014
HA|PP755589.1|A/cattle/Texas/24-008749-003/2024(H5N1)	129	1014
HA|PP755589.1|A/cattle/Texas/24-008749-003/2024(H5N1)	130	1014
HA|PP755589.1|A/cattle/Texas/24-008749-003/2024(H5N1)	131	1014
HA|PP755589.1|A/cattle/Texas/24-008749-003/2024(H5N1)	132	1014
HA|PP755589.1|A/cattle/Texas/24-008749-003/2024(H5N1)	133	1012
HA|PP755589.1|A/cattle/Texas/24-008749-003/2024(H5N1)	134	893
HA|PP755589.1|A/cattle/Texas/24-008749-003/2024(H5N1)	135	893
HA|PP755589.1|A/cattle/Texas/24-008749-003/2024(H5N1)	136	893
HA|PP755589.1|A/cattle/Texas/24-008749-003/2024(H5N1)	137	893
HA|PP755589.1|A/cattle/Texas/24-008749-003/2024(H5N1)	138	893
HA|PP755589.1|A/cattle/Texas/24-008749-003/2024(H5N1)	139	893
HA|PP755589.1|A/cattle/Texas/24-008749-003/2024(H5N1)	140	893
HA|PP755589.1|A/cattle/Texas/24-008749-003/2024(H5N1)	141	893
HA|PP755589.1|A/cattle/Texas/24-008749-003/2024(H5N1)	142	893
HA|PP755589.1|A/cattle/Texas/24-008749-003/2024(H5N1)	143	893
HA|PP755589.1|A/cattle/Texas/24-008749-003/2024(H5N1)	144	893
HA|PP755589.1|A/cattle/Texas/24-008749-003/2024(H5N1)	145	893
HA|PP755589.1|A/cattle/Texas/24-008749-003/2024(H5N1)	146	893
HA|PP755589.1|A/cattle/Texas/24-008749-003/2024(H5N1)	147	893
HA|PP755589.1|A/cattle/Texas/24-008749-003/2024(H5N1)	148	893
HA|PP755589.1|A/cattle/Texas/24-008749-003/2024(H5N1)	149	891
HA|PP755589.1|A/cattle/Texas/24-008749-003/2024(H5N1)	150	891
HA|PP755589.1|A/cattle/Texas/24-008749-003/2024(H5N1)	151	886
HA|PP755589.1|A/cattle/Texas/24-008749-003/2024(H5N1)	152	886
HA|PP755589.1|A/cattle/Texas/24-008749-003/2024(H5N1)	153	881
HA|PP755589.1|A/cattle/Texas/24-008749-003/2024(H5N1)	154	20
HA|PP755589.1|A/cattle/Texas/24-008749-003/2024(H5N1)	155	12
HA|PP755589.1|A/cattle/Texas/24-008749-003/2024(H5N1)	156	12
HA|PP755589.1|A/cattle/Texas/24-008749-003/2024(H5N1)	157	12
HA|PP755589.1|A/cattle/Texas/24-008749-003/2024(H5N1)	158	12
HA|PP755589.1|A/cattle/Texas/24-008749-003/2024(H5N1)	159	12
HA|PP755589.1|A/cattle/Texas/24-008749-003/2024(H5N1)	160	9
HA|PP755589.1|A/cattle/Texas/24-008749-003/2024(H5N1)	161	6
HA|PP755589.1|A/cattle/Texas/24-008749-003/2024(H5N1)	162	2
HA|PP755589.1|A/cattle/Texas/24-008749-003/2024(H5N1)	163	2
HA|PP755589.1|A/cattle/Texas/24-008749-003/2024(H5N1)	164	2
HA|PP755589.1|A/cattle/Texas/24-008749-003/2024(H5N1)	165	0
HA|PP755589.1|A/cattle/Texas/24-008749-003/2024(H5N1)	166	0
HA|PP755589.1|A/cattle/Texas/24-008749-003/2024(H5N1)	167	0
HA|PP755589.1|A/cattle/Texas/24-008749-003/2024(H5N1)	168	0
HA|PP755589.1|A/cattle/Texas/24-008749-003/2024(H5N1)	169	0
HA|PP755589.1|A/cattle/Texas/24-008749-003/2024(H5N1)	170	0
HA|PP755589.1|A/cattle/Texas/24-008749-003/2024(H5N1)	171	0
HA|PP755589.1|A/cattle/Texas/24-008749-003/2024(H5N1)	172	0
HA|PP755589.1|A/cattle/Texas/24-008749-003/2024(H5N1)	173	0
HA|PP755589.1|A/cattle/Texas/24-008749-003/2024(H5N1)	174	0
HA|PP755589.1|A/cattle/Texas/24-008749-003/2024(H5N1)	175	0
HA|PP755589.1|A/cattle/Texas/24-008749-003/2024(H5N1)	176	0
HA|PP755589.1|A/cattle/Texas/24-008749-003/2024(H5N1)	177	0
HA|PP755589.1|A/cattle/Texas/24-008749-003/2024(H5N1)	178	0
HA|PP755589.1|A/cattle/Texas/24-008749-003/2024(H5N1)	179	0
HA|PP755589.1|A/cattle/Texas/24-008749-003/2024(H5N1)	180	0
HA|PP755589.1|A/cattle/Texas/24-008749-003/2024(H5N1)	181	0
HA|PP755589.1|A/cattle/Texas/24-008749-003/2024(H5N1)	182	0
HA|PP755589.1|A/cattle/Texas/24-008749-003/2024(H5N1)	183	0
HA|PP755589.1|A/cattle/Texas/24-008749-003/2024(H5N1)	184	49
HA|PP755589.1|A/cattle/Texas/24-008749-003/2024(H5N1)	185	49
HA|PP755589.1|A/cattle/Texas/24-008749-003/2024(H5N1)	186	49
HA|PP755589.1|A/cattle/Texas/24-008749-003/2024(H5N1)	187	49
HA|PP755589.1|A/cattle/Texas/24-008749-003/2024(H5N1)	188	49
HA|PP755589.1|A/cattle/Texas/24-008749-003/2024(H5N1)	189	49
HA|PP755589.1|A/cattle/Texas/24-008749-003/2024(H5N1)	190	49
HA|PP755589.1|A/cattle/Texas/24-008749-003/2024(H5N1)	191	49
HA|PP755589.1|A/cattle/Texas/24-008749-003/2024(H5N1)	192	49
HA|PP755589.1|A/cattle/Texas/24-008749-003/2024(H5N1)	193	49
HA|PP755589.1|A/cattle/Texas/24-008749-003/2024(H5N1)	194	49
HA|PP755589.1|A/cattle/Texas/24-008749-003/2024(H5N1)	195	49
HA|PP755589.1|A/cattle/Texas/24-008749-003/2024(H5N1)	196	49
HA|PP755589.1|A/cattle/Texas/24-008749-003/2024(H5N1)	197	49
HA|PP755589.1|A/cattle/Texas/24-008749-003/2024(H5N1)	198	49
HA|PP755589.1|A/cattle/Texas/24-008749-003/2024(H5N1)	199	72
HA|PP755589.1|A/cattle/Texas/24-008749-003/2024(H5N1)	200	72
HA|PP755589.1|A/cattle/Texas/24-008749-003/2024(H5N1)	201	72
HA|PP755589.1|A/cattle/Texas/24-008749-003/2024(H5N1)	202	72
HA|PP755589.1|A/cattle/Texas/24-008749-003/2024(H5N1)	203	72
HA|PP755589.1|A/cattle/Texas/24-008749-003/2024(H5N1)	204	77
HA|PP755589.1|A/cattle/Texas/24-008749-003/2024(H5N1)	205	2423
HA|PP755589.1|A/cattle/Texas/24-008749-003/2024(H5N1)	206	2423
HA|PP755589.1|A/cattle/Texas/24-008749-003/2024(H5N1)	207	2468
HA|PP755589.1|A/cattle/Texas/24-008749-003/2024(H5N1)	208	2475
HA|PP755589.1|A/cattle/Texas/24-008749-003/2024(H5N1)	209	2485
HA|PP755589.1|A/cattle/Texas/24-008749-003/2024(H5N1)	210	2522
HA|PP755589.1|A/cattle/Texas/24-008749-003/2024(H5N1)	211	2535
HA|PP755589.1|A/cattle/Texas/24-008749-003/2024(H5N1)	212	2546
HA|PP755589.1|A/cattle/Texas/24-008749-003/2024(H5N1)	213	2564
HA|PP755589.1|A/cattle/Texas/24-008749-003/2024(H5N1)	214	2564
HA|PP755589.1|A/cattle/Texas/24-008749-003/2024(H5N1)	215	2582
HA|PP755589.1|A/cattle/Texas/24-008749-003/2024(H5N1)	216	2640
HA|PP755589.1|A/cattle/Texas/24-008749-003/2024(H5N1)	217	2640
HA|PP755589.1|A/cattle/Texas/24-008749-003/2024(H5N1)	218	2640
HA|PP755589.1|A/cattle/Texas/24-008749-003/2024(H5N1)	219	2640
HA|PP755589.1|A/cattle/Texas/24-008749-003/2024(H5N1)	220	2640
HA|PP755589.1|A/cattle/Texas/24-008749-003/2024(H5N1)	221	2679
HA|PP755589.1|A/cattle/Texas/24-008749-003/2024(H5N1)	222	2680
HA|PP755589.1|A/cattle/Texas/24-008749-003/2024(H5N1)	223	2680
HA|PP755589.1|A/cattle/Texas/24-008749-003/2024(H5N1)	224	2683
HA|PP755589.1|A/cattle/Texas/24-008749-003/2024(H5N1)	225	2683
HA|PP755589.1|A/cattle/Texas/24-008749-003/2024(H5N1)	226	2683
HA|PP755589.1|A/cattle/Texas/24-008749-003/2024(H5N1)	227	2683
HA|PP755589.1|A/cattle/Texas/24-008749-003/2024(H5N1)	228	2683
HA|PP755589.1|A/cattle/Texas/24-008749-003/2024(H5N1)	229	2635
HA|PP755589.1|A/cattle/Texas/24-008749-003/2024(H5N1)	230	2631
HA|PP755589.1|A/cattle/Texas/24-008749-003/2024(H5N1)	231	2631
HA|PP755589.1|A/cattle/Texas/24-008749-003/2024(H5N1)	232	2595
HA|PP755589.1|A/cattle/Texas/24-008749-003/2024(H5N1)	233	2593
HA|PP755589.1|A/cattle/Texas/24-008749-003/2024(H5N1)	234	2591
HA|PP755589.1|A/cattle/Texas/24-008749-003/2024(H5N1)	235	2591
HA|PP755589.1|A/cattle/Texas/24-008749-003/2024(H5N1)	236	2591
HA|PP755589.1|A/cattle/Texas/24-008749-003/2024(H5N1)	237	2581
HA|PP755589.1|A/cattle/Texas/24-008749-003/2024(H5N1)	238	2574
HA|PP755589.1|A/cattle/Texas/24-008749-003/2024(H5N1)	239	2547
HA|PP755589.1|A/cattle/Texas/24-008749-003/2024(H5N1)	240	2540
HA|PP755589.1|A/cattle/Texas/24-008749-003/2024(H5N1)	241	2538
HA|PP755589.1|A/cattle/Texas/24-008749-003/2024(H5N1)	242	2538
HA|PP755589.1|A/cattle/Texas/24-008749-003/2024(H5N1)	243	2530
HA|PP755589.1|A/cattle/Texas/24-008749-003/2024(H5N1)	244	2492
HA|PP755589.1|A/cattle/Texas/24-008749-003/2024(H5N1)	245	2470
HA|PP755589.1|A/cattle/Texas/24-008749-003/2024(H5N1)	246	2468
HA|PP755589.1|A/cattle/Texas/24-008749-003/2024(H5N1)	247	2464
HA|PP755589.1|A/cattle/Texas/24-008749-003/2024(H5N1)	248	2456
HA|PP755589.1|A/cattle/Texas/24-008749-003/2024(H5N1)	249	352
HA|PP755589.1|A/cattle/Texas/24-008749-003/2024(H5N1)	250	347
HA|PP755589.1|A/cattle/Texas/24-008749-003/2024(H5N1)	251	346
HA|PP755589.1|A/cattle/Texas/24-008749-003/2024(H5N1)	252	306
HA|PP755589.1|A/cattle/Texas/24-008749-003/2024(H5N1)	253	306
HA|PP755589.1|A/cattle/Texas/24-008749-003/2024(H5N1)	254	306
HA|PP755589.1|A/cattle/Texas/24-008749-003/2024(H5N1)	255	292
HA|PP755589.1|A/cattle/Texas/24-008749-003/2024(H5N1)	256	291
HA|PP755589.1|A/cattle/Texas/24-008749-003/2024(H5N1)	257	273
HA|PP755589.1|A/cattle/Texas/24-008749-003/2024(H5N1)	258	268
HA|PP755589.1|A/cattle/Texas/24-008749-003/2024(H5N1)	259	253
HA|PP755589.1|A/cattle/Texas/24-008749-003/2024(H5N1)	260	253
HA|PP755589.1|A/cattle/Texas/24-008749-003/2024(H5N1)	261	253
HA|PP755589.1|A/cattle/Texas/24-008749-003/2024(H5N1)	262	253
HA|PP755589.1|A/cattle/Texas/24-008749-003/2024(H5N1)	263	253
HA|PP755589.1|A/cattle/Texas/24-008749-003/2024(H5N1)	264	253
HA|PP755589.1|A/cattle/Texas/24-008749-003/2024(H5N1)	265	253
HA|PP755589.1|A/cattle/Texas/24-008749-003/2024(H5N1)	266	253
HA|PP755589.1|A/cattle/Texas/24-008749-003/2024(H5N1)	267	253
HA|PP755589.1|A/cattle/Texas/24-008749-003/2024(H5N1)	268	253
HA|PP755589.1|A/cattle/Texas/24-008749-003/2024(H5N1)	269	253
HA|PP755589.1|A/cattle/Texas/24-008749-003/2024(H5N1)	270	253
HA|PP755589.1|A/cattle/Texas/24-008749-003/2024(H5N1)	271	253
HA|PP755589.1|A/cattle/Texas/24-008749-003/2024(H5N1)	272	253
HA|PP755589.1|A/cattle/Texas/24-008749-003/2024(H5N1)	273	253
HA|PP755589.1|A/cattle/Texas/24-008749-003/2024(H5N1)	274	253
HA|PP755589.1|A/cattle/Texas/24-008749-003/2024(H5N1)	275	253
HA|PP755589.1|A/cattle/Texas/24-008749-003/2024(H5N1)	276	253
HA|PP755589.1|A/cattle/Texas/24-008749-003/2024(H5N1)	277	253
HA|PP755589.1|A/cattle/Texas/24-008749-003/2024(H5N1)	278	253
HA|PP755589.1|A/cattle/Texas/24-008749-003/2024(H5N1)	279	253
HA|PP755589.1|A/cattle/Texas/24-008749-003/2024(H5N1)	280	253
HA|PP755589.1|A/cattle/Texas/24-008749-003/2024(H5N1)	281	253
HA|PP755589.1|A/cattle/Texas/24-008749-003/2024(H5N1)	282	253
HA|PP755589.1|A/cattle/Texas/24-008749-003/2024(H5N1)	283	253
HA|PP755589.1|A/cattle/Texas/24-008749-003/2024(H5N1)	284	252
HA|PP755589.1|A/cattle/Texas/24-008749-003/2024(H5N1)	285	4
HA|PP755589.1|A/cattle/Texas/24-008749-003/2024(H5N1)	286	4
HA|PP755589.1|A/cattle/Texas/24-008749-003/2024(H5N1)	287	4
HA|PP755589.1|A/cattle/Texas/24-008749-003/2024(H5N1)	288	4
HA|PP755589.1|A/cattle/Texas/24-008749-003/2024(H5N1)	289	4
HA|PP755589.1|A/cattle/Texas/24-008749-003/2024(H5N1)	290	2
HA|PP755589.1|A/cattle/Texas/24-008749-003/2024(H5N1)	291	0
HA|PP755589.1|A/cattle/Texas/24-008749-003/2024(H5N1)	292	0
HA|PP755589.1|A/cattle/Texas/24-008749-003/2024(H5N1)	293	0
HA|PP755589.1|A/cattle/Texas/24-008749-003/2024(H5N1)	294	0
HA|PP755589.1|A/cattle/Texas/24-008749-003/2024(H5N1)	295	0
HA|PP755589.1|A/cattle/Texas/24-008749-003/2024(H5N1)	296	0
HA|PP755589.1|A/cattle/Texas/24-008749-003/2024(H5N1)	297	0
HA|PP755589.1|A/cattle/Texas/24-008749-003/2024(H5N1)	298	0
HA|PP755589.1|A/cattle/Texas/24-008749-003/2024(H5N1)	299	0
HA|PP755589.1|A/cattle/Texas/24-008749-003/2024(H5N1)	300	0
HA|PP755589.1|A/cattle/Texas/24-008749-003/2024(H5N1)	301	0
HA|PP755589.1|A/cattle/Texas/24-008749-003/2024(H5N1)	302	0
HA|PP755589.1|A/cattle/Texas/24-008749-003/2024(H5N1)	303	0
HA|PP755589.1|A/cattle/Texas/24-008749-003/2024(H5N1)	304	0
HA|PP755589.1|A/cattle/Texas/24-008749-003/2024(H5N1)	305	0
HA|PP755589.1|A/cattle/Texas/24-008749-003/2024(H5N1)	306	0
HA|PP755589.1|A/cattle/Texas/24-008749-003/2024(H5N1)	307	0
HA|PP755589.1|A/cattle/Texas/24-008749-003/2024(H5N1)	308	0
HA|PP755589.1|A/cattle/Texas/24-008749-003/2024(H5N1)	309	0
HA|PP755589.1|A/cattle/Texas/24-008749-003/2024(H5N1)	310	0
HA|PP755589.1|A/cattle/Texas/24-008749-003/2024(H5N1)	311	0
HA|PP755589.1|A/cattle/Texas/24-008749-003/2024(H5N1)	312	0
HA|PP755589.1|A/cattle/Texas/24-008749-003/2024(H5N1)	313	0
HA|PP755589.1|A/cattle/Texas/24-008749-003/2024(H5N1)	314	0
HA|PP755589.1|A/cattle/Texas/24-008749-003/2024(H5N1)	315	0
HA|PP755589.1|A/cattle/Texas/24-008749-003/2024(H5N1)	316	0
HA|PP755589.1|A/cattle/Texas/24-008749-003/2024(H5N1)	317	0
HA|PP755589.1|A/cattle/Texas/24-008749-003/2024(H5N1)	318	0
HA|PP755589.1|A/cattle/Texas/24-008749-003/2024(H5N1)	319	0
HA|PP755589.1|A/cattle/Texas/24-008749-003/2024(H5N1)	320	0
HA|PP755589.1|A/cattle/Texas/24-008749-003/2024(H5N1)	321	0
HA|PP755589.1|A/cattle/Texas/24-008749-003/2024(H5N1)	322	0
HA|PP755589.1|A/cattle/Texas/24-008749-003/2024(H5N1)	323	0
HA|PP755589.1|A/cattle/Texas/24-008749-003/2024(H5N1)	324	0
HA|PP755589.1|A/cattle/Texas/24-008749-003/2024(H5N1)	325	0
HA|PP755589.1|A/cattle/Texas/24-008749-003/2024(H5N1)	326	0
HA|PP755589.1|A/cattle/Texas/24-008749-003/2024(H5N1)	327	0
HA|PP755589.1|A/cattle/Texas/24-008749-003/2024(H5N1)	328	0
HA|PP755589.1|A/cattle/Texas/24-008749-003/2024(H5N1)	329	0
HA|PP755589.1|A/cattle/Texas/24-008749-003/2024(H5N1)	330	0
HA|PP755589.1|A/cattle/Texas/24-008749-003/2024(H5N1)	331	0
HA|PP755589.1|A/cattle/Texas/24-008749-003/2024(H5N1)	332	0
HA|PP755589.1|A/cattle/Texas/24-008749-003/2024(H5N1)	333	0
HA|PP755589.1|A/cattle/Texas/24-008749-003/2024(H5N1)	334	0
HA|PP755589.1|A/cattle/Texas/24-008749-003/2024(H5N1)	335	0
HA|PP755589.1|A/cattle/Texas/24-008749-003/2024(H5N1)	336	0
HA|PP755589.1|A/cattle/Texas/24-008749-003/2024(H5N1)	337	0
HA|PP755589.1|A/cattle/Texas/24-008749-003/2024(H5N1)	338	0
HA|PP755589.1|A/cattle/Texas/24-008749-003/2024(H5N1)	339	0
HA|PP755589.1|A/cattle/Texas/24-008749-003/2024(H5N1)	340	0
HA|PP755589.1|A/cattle/Texas/24-008749-003/2024(H5N1)	341	0
HA|PP755589.1|A/cattle/Texas/24-008749-003/2024(H5N1)	342	0
HA|PP755589.1|A/cattle/Texas/24-008749-003/2024(H5N1)	343	0
HA|PP755589.1|A/cattle/Texas/24-008749-003/2024(H5N1)	344	0
HA|PP755589.1|A/cattle/Texas/24-008749-003/2024(H5N1)	345	0
HA|PP755589.1|A/cattle/Texas/24-008749-003/2024(H5N1)	346	0
HA|PP755589.1|A/cattle/Texas/24-008749-003/2024(H5N1)	347	0
HA|PP755589.1|A/cattle/Texas/24-008749-003/2024(H5N1)	348	0
HA|PP755589.1|A/cattle/Texas/24-008749-003/2024(H5N1)	349	0
HA|PP755589.1|A/cattle/Texas/24-008749-003/2024(H5N1)	350	0
HA|PP755589.1|A/cattle/Texas/24-008749-003/2024(H5N1)	351	0
HA|PP755589.1|A/cattle/Texas/24-008749-003/2024(H5N1)	352	0
HA|PP755589.1|A/cattle/Texas/24-008749-003/2024(H5N1)	353	0
HA|PP755589.1|A/cattle/Texas/24-008749-003/2024(H5N1)	354	0
HA|PP755589.1|A/cattle/Texas/24-008749-003/2024(H5N1)	355	0
HA|PP755589.1|A/cattle/Texas/24-008749-003/2024(H5N1)	356	0
HA|PP755589.1|A/cattle/Texas/24-008749-003/2024(H5N1)	357	0
HA|PP755589.1|A/cattle/Texas/24-008749-003/2024(H5N1)	358	0
HA|PP755589.1|A/cattle/Texas/24-008749-003/2024(H5N1)	359	0
HA|PP755589.1|A/cattle/Texas/24-008749-003/2024(H5N1)	360	0
HA|PP755589.1|A/cattle/Texas/24-008749-003/2024(H5N1)	361	0
HA|PP755589.1|A/cattle/Texas/24-008749-003/2024(H5N1)	362	0
HA|PP755589.1|A/cattle/Texas/24-008749-003/2024(H5N1)	363	0
HA|PP755589.1|A/cattle/Texas/24-008749-003/2024(H5N1)	364	0
HA|PP755589.1|A/cattle/Texas/24-008749-003/2024(H5N1)	365	0
HA|PP755589.1|A/cattle/Texas/24-008749-003/2024(H5N1)	366	0
HA|PP755589.1|A/cattle/Texas/24-008749-003/2024(H5N1)	367	0
HA|PP755589.1|A/cattle/Texas/24-008749-003/2024(H5N1)	368	0
HA|PP755589.1|A/cattle/Texas/24-008749-003/2024(H5N1)	369	0
HA|PP755589.1|A/cattle/Texas/24-008749-003/2024(H5N1)	370	0
HA|PP755589.1|A/cattle/Texas/24-008749-003/2024(H5N1)	371	0
HA|PP755589.1|A/cattle/Texas/24-008749-003/2024(H5N1)	372	0
HA|PP755589.1|A/cattle/Texas/24-008749-003/2024(H5N1)	373	0
HA|PP755589.1|A/cattle/Texas/24-008749-003/2024(H5N1)	374	0
HA|PP755589.1|A/cattle/Texas/24-008749-003/2024(H5N1)	375	0
HA|PP755589.1|A/cattle/Texas/24-008749-003/2024(H5N1)	376	0
HA|PP755589.1|A/cattle/Texas/24-008749-003/2024(H5N1)	377	0
HA|PP755589.1|A/cattle/Texas/24-008749-003/2024(H5N1)	378	0
HA|PP755589.1|A/cattle/Texas/24-008749-003/2024(H5N1)	379	0
HA|PP755589.1|A/cattle/Texas/24-008749-003/2024(H5N1)	380	0
HA|PP755589.1|A/cattle/Texas/24-008749-003/2024(H5N1)	381	0
HA|PP755589.1|A/cattle/Texas/24-008749-003/2024(H5N1)	382	0
HA|PP755589.1|A/cattle/Texas/24-008749-003/2024(H5N1)	383	0
HA|PP755589.1|A/cattle/Texas/24-008749-003/2024(H5N1)	384	0
HA|PP755589.1|A/cattle/Texas/24-008749-003/2024(H5N1)	385	0
HA|PP755589.1|A/cattle/Texas/24-008749-003/2024(H5N1)	386	0
HA|PP755589.1|A/cattle/Texas/24-008749-003/2024(H5N1)	387	0
HA|PP755589.1|A/cattle/Texas/24-008749-003/2024(H5N1)	388	0
HA|PP755589.1|A/cattle/Texas/24-008749-003/2024(H5N1)	389	0
HA|PP755589.1|A/cattle/Texas/24-008749-003/2024(H5N1)	390	0
HA|PP755589.1|A/cattle/Texas/24-008749-003/2024(H5N1)	391	0
HA|PP755589.1|A/cattle/Texas/24-008749-003/2024(H5N1)	392	0
HA|PP755589.1|A/cattle/Texas/24-008749-003/2024(H5N1)	393	0
HA|PP755589.1|A/cattle/Texas/24-008749-003/2024(H5N1)	394	0
HA|PP755589.1|A/cattle/Texas/24-008749-003/2024(H5N1)	395	0
HA|PP755589.1|A/cattle/Texas/24-008749-003/2024(H5N1)	396	0
HA|PP755589.1|A/cattle/Texas/24-008749-003/2024(H5N1)	397	0
HA|PP755589.1|A/cattle/Texas/24-008749-003/2024(H5N1)	398	0
HA|PP755589.1|A/cattle/Texas/24-008749-003/2024(H5N1)	399	0
HA|PP755589.1|A/cattle/Texas/24-008749-003/2024(H5N1)	400	0
HA|PP755589.1|A/cattle/Texas/24-008749-003/2024(H5N1)	401	0
HA|PP755589.1|A/cattle/Texas/24-008749-003/2024(H5N1)	402	0
HA|PP755589.1|A/cattle/Texas/24-008749-003/2024(H5N1)	403	0
HA|PP755589.1|A/cattle/Texas/24-008749-003/2024(H5N1)	404	0
HA|PP755589.1|A/cattle/Texas/24-008749-003/2024(H5N1)	405	0
HA|PP755589.1|A/cattle/Texas/24-008749-003/2024(H5N1)	406	0
HA|PP755589.1|A/cattle/Texas/24-008749-003/2024(H5N1)	407	0
HA|PP755589.1|A/cattle/Texas/24-008749-003/2024(H5N1)	408	0
HA|PP755589.1|A/cattle/Texas/24-008749-003/2024(H5N1)	409	0
HA|PP755589.1|A/cattle/Texas/24-008749-003/2024(H5N1)	410	0
HA|PP755589.1|A/cattle/Texas/24-008749-003/2024(H5N1)	411	0
HA|PP755589.1|A/cattle/Texas/24-008749-003/2024(H5N1)	412	0
HA|PP755589.1|A/cattle/Texas/24-008749-003/2024(H5N1)	413	0
HA|PP755589.1|A/cattle/Texas/24-008749-003/2024(H5N1)	414	0
HA|PP755589.1|A/cattle/Texas/24-008749-003/2024(H5N1)	415	0
HA|PP755589.1|A/cattle/Texas/24-008749-003/2024(H5N1)	416	0
HA|PP755589.1|A/cattle/Texas/24-008749-003/2024(H5N1)	417	0
HA|PP755589.1|A/cattle/Texas/24-008749-003/2024(H5N1)	418	0
HA|PP755589.1|A/cattle/Texas/24-008749-003/2024(H5N1)	419	0
HA|PP755589.1|A/cattle/Texas/24-008749-003/2024(H5N1)	420	0
HA|PP755589.1|A/cattle/Texas/24-008749-003/2024(H5N1)	421	0
HA|PP755589.1|A/cattle/Texas/24-008749-003/2024(H5N1)	422	0
HA|PP755589.1|A/cattle/Texas/24-008749-003/2024(H5N1)	423	0
HA|PP755589.1|A/cattle/Texas/24-008749-003/2024(H5N1)	424	0
HA|PP755589.1|A/cattle/Texas/24-008749-003/2024(H5N1)	425	0
HA|PP755589.1|A/cattle/Texas/24-008749-003/2024(H5N1)	426	0
HA|PP755589.1|A/cattle/Texas/24-008749-003/2024(H5N1)	427	0
HA|PP755589.1|A/cattle/Texas/24-008749-003/2024(H5N1)	428	0
HA|PP755589.1|A/cattle/Texas/24-008749-003/2024(H5N1)	429	0
HA|PP755589.1|A/cattle/Texas/24-008749-003/2024(H5N1)	430	0
HA|PP755589.1|A/cattle/Texas/24-008749-003/2024(H5N1)	431	0
HA|PP755589.1|A/cattle/Texas/24-008749-003/2024(H5N1)	432	0
HA|PP755589.1|A/cattle/Texas/24-008749-003/2024(H5N1)	433	0
HA|PP755589.1|A/cattle/Texas/24-008749-003/2024(H5N1)	434	0
HA|PP755589.1|A/cattle/Texas/24-008749-003/2024(H5N1)	435	0
HA|PP755589.1|A/cattle/Texas/24-008749-003/2024(H5N1)	436	0
HA|PP755589.1|A/cattle/Texas/24-008749-003/2024(H5N1)	437	0
HA|PP755589.1|A/cattle/Texas/24-008749-003/2024(H5N1)	438	0
HA|PP755589.1|A/cattle/Texas/24-008749-003/2024(H5N1)	439	0
HA|PP755589.1|A/cattle/Texas/24-008749-003/2024(H5N1)	440	0
HA|PP755589.1|A/cattle/Texas/24-008749-003/2024(H5N1)	441	0
HA|PP755589.1|A/cattle/Texas/24-008749-003/2024(H5N1)	442	0
HA|PP755589.1|A/cattle/Texas/24-008749-003/2024(H5N1)	443	0
HA|PP755589.1|A/cattle/Texas/24-008749-003/2024(H5N1)	444	0
HA|PP755589.1|A/cattle/Texas/24-008749-003/2024(H5N1)	445	0
HA|PP755589.1|A/cattle/Texas/24-008749-003/2024(H5N1)	446	0
HA|PP755589.1|A/cattle/Texas/24-008749-003/2024(H5N1)	447	0
HA|PP755589.1|A/cattle/Texas/24-008749-003/2024(H5N1)	448	0
HA|PP755589.1|A/cattle/Texas/24-008749-003/2024(H5N1)	449	0
HA|PP755589.1|A/cattle/Texas/24-008749-003/2024(H5N1)	450	0
HA|PP755589.1|A/cattle/Texas/24-008749-003/2024(H5N1)	451	0
HA|PP755589.1|A/cattle/Texas/24-008749-003/2024(H5N1)	452	0
HA|PP755589.1|A/cattle/Texas/24-008749-003/2024(H5N1)	453	0
HA|PP755589.1|A/cattle/Texas/24-008749-003/2024(H5N1)	454	0
HA|PP755589.1|A/cattle/Texas/24-008749-003/2024(H5N1)	455	0
HA|PP755589.1|A/cattle/Texas/24-008749-003/2024(H5N1)	456	0
HA|PP755589.1|A/cattle/Texas/24-008749-003/2024(H5N1)	457	0
HA|PP755589.1|A/cattle/Texas/24-008749-003/2024(H5N1)	458	0
HA|PP755589.1|A/cattle/Texas/24-008749-003/2024(H5N1)	459	0
HA|PP755589.1|A/cattle/Texas/24-008749-003/2024(H5N1)	460	0
HA|PP755589.1|A/cattle/Texas/24-008749-003/2024(H5N1)	461	0
HA|PP755589.1|A/cattle/Texas/24-008749-003/2024(H5N1)	462	0
HA|PP755589.1|A/cattle/Texas/24-008749-003/2024(H5N1)	463	0
HA|PP755589.1|A/cattle/Texas/24-008749-003/2024(H5N1)	464	0
HA|PP755589.1|A/cattle/Texas/24-008749-003/2024(H5N1)	465	0
HA|PP755589.1|A/cattle/Texas/24-008749-003/2024(H5N1)	466	0
HA|PP755589.1|A/cattle/Texas/24-008749-003/2024(H5N1)	467	0
HA|PP755589.1|A/cattle/Texas/24-008749-003/2024(H5N1)	468	0
HA|PP755589.1|A/cattle/Texas/24-008749-003/2024(H5N1)	469	0
HA|PP755589.1|A/cattle/Texas/24-008749-003/2024(H5N1)	470	0
HA|PP755589.1|A/cattle/Texas/24-008749-003/2024(H5N1)	471	0
HA|PP755589.1|A/cattle/Texas/24-008749-003/2024(H5N1)	472	1
HA|PP755589.1|A/cattle/Texas/24-008749-003/2024(H5N1)	473	2
HA|PP755589.1|A/cattle/Texas/24-008749-003/2024(H5N1)	474	2
HA|PP755589.1|A/cattle/Texas/24-008749-003/2024(H5N1)	475	13
HA|PP755589.1|A/cattle/Texas/24-008749-003/2024(H5N1)	476	13
HA|PP755589.1|A/cattle/Texas/24-008749-003/2024(H5N1)	477	13
HA|PP755589.1|A/cattle/Texas/24-008749-003/2024(H5N1)	478	13
HA|PP755589.1|A/cattle/Texas/24-008749-003/2024(H5N1)	479	13
HA|PP755589.1|A/cattle/Texas/24-008749-003/2024(H5N1)	480	13
HA|PP755589.1|A/cattle/Texas/24-008749-003/2024(H5N1)	481	13
HA|PP755589.1|A/cattle/Texas/24-008749-003/2024(H5N1)	482	13
HA|PP755589.1|A/cattle/Texas/24-008749-003/2024(H5N1)	483	13
HA|PP755589.1|A/cattle/Texas/24-008749-003/2024(H5N1)	484	13
HA|PP755589.1|A/cattle/Texas/24-008749-003/2024(H5N1)	485	13
HA|PP755589.1|A/cattle/Texas/24-008749-003/2024(H5N1)	486	13
HA|PP755589.1|A/cattle/Texas/24-008749-003/2024(H5N1)	487	13
HA|PP755589.1|A/cattle/Texas/24-008749-003/2024(H5N1)	488	13
HA|PP755589.1|A/cattle/Texas/24-008749-003/2024(H5N1)	489	13
HA|PP755589.1|A/cattle/Texas/24-008749-003/2024(H5N1)	490	13
HA|PP755589.1|A/cattle/Texas/24-008749-003/2024(H5N1)	491	13
HA|PP755589.1|A/cattle/Texas/24-008749-003/2024(H5N1)	492	13
HA|PP755589.1|A/cattle/Texas/24-008749-003/2024(H5N1)	493	13
HA|PP755589.1|A/cattle/Texas/24-008749-003/2024(H5N1)	494	13
HA|PP755589.1|A/cattle/Texas/24-008749-003/2024(H5N1)	495	13
HA|PP755589.1|A/cattle/Texas/24-008749-003/2024(H5N1)	496	13
HA|PP755589.1|A/cattle/Texas/24-008749-003/2024(H5N1)	497	13
HA|PP755589.1|A/cattle/Texas/24-008749-003/2024(H5N1)	498	13
HA|PP755589.1|A/cattle/Texas/24-008749-003/2024(H5N1)	499	13
HA|PP755589.1|A/cattle/Texas/24-008749-003/2024(H5N1)	500	13
HA|PP755589.1|A/cattle/Texas/24-008749-003/2024(H5N1)	501	13
HA|PP755589.1|A/cattle/Texas/24-008749-003/2024(H5N1)	502	13
HA|PP755589.1|A/cattle/Texas/24-008749-003/2024(H5N1)	503	13
HA|PP755589.1|A/cattle/Texas/24-008749-003/2024(H5N1)	504	13
HA|PP755589.1|A/cattle/Texas/24-008749-003/2024(H5N1)	505	13
HA|PP755589.1|A/cattle/Texas/24-008749-003/2024(H5N1)	506	13
HA|PP755589.1|A/cattle/Texas/24-008749-003/2024(H5N1)	507	13
HA|PP755589.1|A/cattle/Texas/24-008749-003/2024(H5N1)	508	13
HA|PP755589.1|A/cattle/Texas/24-008749-003/2024(H5N1)	509	13
HA|PP755589.1|A/cattle/Texas/24-008749-003/2024(H5N1)	510	13
HA|PP755589.1|A/cattle/Texas/24-008749-003/2024(H5N1)	511	13
HA|PP755589.1|A/cattle/Texas/24-008749-003/2024(H5N1)	512	13
HA|PP755589.1|A/cattle/Texas/24-008749-003/2024(H5N1)	513	13
HA|PP755589.1|A/cattle/Texas/24-008749-003/2024(H5N1)	514	13
HA|PP755589.1|A/cattle/Texas/24-008749-003/2024(H5N1)	515	13
HA|PP755589.1|A/cattle/Texas/24-008749-003/2024(H5N1)	516	13
HA|PP755589.1|A/cattle/Texas/24-008749-003/2024(H5N1)	517	13
HA|PP755589.1|A/cattle/Texas/24-008749-003/2024(H5N1)	518	13
HA|PP755589.1|A/cattle/Texas/24-008749-003/2024(H5N1)	519	13
HA|PP755589.1|A/cattle/Texas/24-008749-003/2024(H5N1)	520	13
HA|PP755589.1|A/cattle/Texas/24-008749-003/2024(H5N1)	521	13
HA|PP755589.1|A/cattle/Texas/24-008749-003/2024(H5N1)	522	13
HA|PP755589.1|A/cattle/Texas/24-008749-003/2024(H5N1)	523	13
HA|PP755589.1|A/cattle/Texas/24-008749-003/2024(H5N1)	524	13
HA|PP755589.1|A/cattle/Texas/24-008749-003/2024(H5N1)	525	13
HA|PP755589.1|A/cattle/Texas/24-008749-003/2024(H5N1)	526	13
HA|PP755589.1|A/cattle/Texas/24-008749-003/2024(H5N1)	527	13
HA|PP755589.1|A/cattle/Texas/24-008749-003/2024(H5N1)	528	13
HA|PP755589.1|A/cattle/Texas/24-008749-003/2024(H5N1)	529	13
HA|PP755589.1|A/cattle/Texas/24-008749-003/2024(H5N1)	530	13
HA|PP755589.1|A/cattle/Texas/24-008749-003/2024(H5N1)	531	0
HA|PP755589.1|A/cattle/Texas/24-008749-003/2024(H5N1)	532	0
HA|PP755589.1|A/cattle/Texas/24-008749-003/2024(H5N1)	533	0
HA|PP755589.1|A/cattle/Texas/24-008749-003/2024(H5N1)	534	0
HA|PP755589.1|A/cattle/Texas/24-008749-003/2024(H5N1)	535	0
HA|PP755589.1|A/cattle/Texas/24-008749-003/2024(H5N1)	536	0
HA|PP755589.1|A/cattle/Texas/24-008749-003/2024(H5N1)	537	0
HA|PP755589.1|A/cattle/Texas/24-008749-003/2024(H5N1)	538	0
HA|PP755589.1|A/cattle/Texas/24-008749-003/2024(H5N1)	539	0
HA|PP755589.1|A/cattle/Texas/24-008749-003/2024(H5N1)	540	0
HA|PP755589.1|A/cattle/Texas/24-008749-003/2024(H5N1)	541	0
HA|PP755589.1|A/cattle/Texas/24-008749-003/2024(H5N1)	542	0
HA|PP755589.1|A/cattle/Texas/24-008749-003/2024(H5N1)	543	0
HA|PP755589.1|A/cattle/Texas/24-008749-003/2024(H5N1)	544	0
HA|PP755589.1|A/cattle/Texas/24-008749-003/2024(H5N1)	545	0
HA|PP755589.1|A/cattle/Texas/24-008749-003/2024(H5N1)	546	0
HA|PP755589.1|A/cattle/Texas/24-008749-003/2024(H5N1)	547	0
HA|PP755589.1|A/cattle/Texas/24-008749-003/2024(H5N1)	548	0
HA|PP755589.1|A/cattle/Texas/24-008749-003/2024(H5N1)	549	0
HA|PP755589.1|A/cattle/Texas/24-008749-003/2024(H5N1)	550	0
HA|PP755589.1|A/cattle/Texas/24-008749-003/2024(H5N1)	551	0
HA|PP755589.1|A/cattle/Texas/24-008749-003/2024(H5N1)	552	0
HA|PP755589.1|A/cattle/Texas/24-008749-003/2024(H5N1)	553	0
HA|PP755589.1|A/cattle/Texas/24-008749-003/2024(H5N1)	554	0
HA|PP755589.1|A/cattle/Texas/24-008749-003/2024(H5N1)	555	0
HA|PP755589.1|A/cattle/Texas/24-008749-003/2024(H5N1)	556	0
HA|PP755589.1|A/cattle/Texas/24-008749-003/2024(H5N1)	557	0
HA|PP755589.1|A/cattle/Texas/24-008749-003/2024(H5N1)	558	0
HA|PP755589.1|A/cattle/Texas/24-008749-003/2024(H5N1)	559	0
HA|PP755589.1|A/cattle/Texas/24-008749-003/2024(H5N1)	560	0
HA|PP755589.1|A/cattle/Texas/24-008749-003/2024(H5N1)	561	0
HA|PP755589.1|A/cattle/Texas/24-008749-003/2024(H5N1)	562	0
HA|PP755589.1|A/cattle/Texas/24-008749-003/2024(H5N1)	563	0
HA|PP755589.1|A/cattle/Texas/24-008749-003/2024(H5N1)	564	0
HA|PP755589.1|A/cattle/Texas/24-008749-003/2024(H5N1)	565	0
HA|PP755589.1|A/cattle/Texas/24-008749-003/2024(H5N1)	566	0
HA|PP755589.1|A/cattle/Texas/24-008749-003/2024(H5N1)	567	0
HA|PP755589.1|A/cattle/Texas/24-008749-003/2024(H5N1)	568	0
HA|PP755589.1|A/cattle/Texas/24-008749-003/2024(H5N1)	569	0
HA|PP755589.1|A/cattle/Texas/24-008749-003/2024(H5N1)	570	0
HA|PP755589.1|A/cattle/Texas/24-008749-003/2024(H5N1)	571	0
HA|PP755589.1|A/cattle/Texas/24-008749-003/2024(H5N1)	572	0
HA|PP755589.1|A/cattle/Texas/24-008749-003/2024(H5N1)	573	0
HA|PP755589.1|A/cattle/Texas/24-008749-003/2024(H5N1)	574	0
HA|PP755589.1|A/cattle/Texas/24-008749-003/2024(H5N1)	575	0
HA|PP755589.1|A/cattle/Texas/24-008749-003/2024(H5N1)	576	0
HA|PP755589.1|A/cattle/Texas/24-008749-003/2024(H5N1)	577	0
HA|PP755589.1|A/cattle/Texas/24-008749-003/2024(H5N1)	578	0
HA|PP755589.1|A/cattle/Texas/24-008749-003/2024(H5N1)	579	0
HA|PP755589.1|A/cattle/Texas/24-008749-003/2024(H5N1)	580	0
HA|PP755589.1|A/cattle/Texas/24-008749-003/2024(H5N1)	581	0
HA|PP755589.1|A/cattle/Texas/24-008749-003/2024(H5N1)	582	0
HA|PP755589.1|A/cattle/Texas/24-008749-003/2024(H5N1)	583	0
HA|PP755589.1|A/cattle/Texas/24-008749-003/2024(H5N1)	584	0
HA|PP755589.1|A/cattle/Texas/24-008749-003/2024(H5N1)	585	0
HA|PP755589.1|A/cattle/Texas/24-008749-003/2024(H5N1)	586	0
HA|PP755589.1|A/cattle/Texas/24-008749-003/2024(H5N1)	587	0
HA|PP755589.1|A/cattle/Texas/24-008749-003/2024(H5N1)	588	0
HA|PP755589.1|A/cattle/Texas/24-008749-003/2024(H5N1)	589	0
HA|PP755589.1|A/cattle/Texas/24-008749-003/2024(H5N1)	590	0
HA|PP755589.1|A/cattle/Texas/24-008749-003/2024(H5N1)	591	0
HA|PP755589.1|A/cattle/Texas/24-008749-003/2024(H5N1)	592	0
HA|PP755589.1|A/cattle/Texas/24-008749-003/2024(H5N1)	593	0
HA|PP755589.1|A/cattle/Texas/24-008749-003/2024(H5N1)	594	0
HA|PP755589.1|A/cattle/Texas/24-008749-003/2024(H5N1)	595	0
HA|PP755589.1|A/cattle/Texas/24-008749-003/2024(H5N1)	596	0
HA|PP755589.1|A/cattle/Texas/24-008749-003/2024(H5N1)	597	0
HA|PP755589.1|A/cattle/Texas/24-008749-003/2024(H5N1)	598	0
HA|PP755589.1|A/cattle/Texas/24-008749-003/2024(H5N1)	599	0
HA|PP755589.1|A/cattle/Texas/24-008749-003/2024(H5N1)	600	0
HA|PP755589.1|A/cattle/Texas/24-008749-003/2024(H5N1)	601	0
HA|PP755589.1|A/cattle/Texas/24-008749-003/2024(H5N1)	602	0
HA|PP755589.1|A/cattle/Texas/24-008749-003/2024(H5N1)	603	0
HA|PP755589.1|A/cattle/Texas/24-008749-003/2024(H5N1)	604	0
HA|PP755589.1|A/cattle/Texas/24-008749-003/2024(H5N1)	605	0
HA|PP755589.1|A/cattle/Texas/24-008749-003/2024(H5N1)	606	0
HA|PP755589.1|A/cattle/Texas/24-008749-003/2024(H5N1)	607	0
HA|PP755589.1|A/cattle/Texas/24-008749-003/2024(H5N1)	608	0
HA|PP755589.1|A/cattle/Texas/24-008749-003/2024(H5N1)	609	0
HA|PP755589.1|A/cattle/Texas/24-008749-003/2024(H5N1)	610	0
HA|PP755589.1|A/cattle/Texas/24-008749-003/2024(H5N1)	611	0
HA|PP755589.1|A/cattle/Texas/24-008749-003/2024(H5N1)	612	0
HA|PP755589.1|A/cattle/Texas/24-008749-003/2024(H5N1)	613	0
HA|PP755589.1|A/cattle/Texas/24-008749-003/2024(H5N1)	614	0
HA|PP755589.1|A/cattle/Texas/24-008749-003/2024(H5N1)	615	0
HA|PP755589.1|A/cattle/Texas/24-008749-003/2024(H5N1)	616	0
HA|PP755589.1|A/cattle/Texas/24-008749-003/2024(H5N1)	617	0
HA|PP755589.1|A/cattle/Texas/24-008749-003/2024(H5N1)	618	0
HA|PP755589.1|A/cattle/Texas/24-008749-003/2024(H5N1)	619	0
HA|PP755589.1|A/cattle/Texas/24-008749-003/2024(H5N1)	620	0
HA|PP755589.1|A/cattle/Texas/24-008749-003/2024(H5N1)	621	0
HA|PP755589.1|A/cattle/Texas/24-008749-003/2024(H5N1)	622	0
HA|PP755589.1|A/cattle/Texas/24-008749-003/2024(H5N1)	623	0
HA|PP755589.1|A/cattle/Texas/24-008749-003/2024(H5N1)	624	0
HA|PP755589.1|A/cattle/Texas/24-008749-003/2024(H5N1)	625	0
HA|PP755589.1|A/cattle/Texas/24-008749-003/2024(H5N1)	626	0
HA|PP755589.1|A/cattle/Texas/24-008749-003/2024(H5N1)	627	0
HA|PP755589.1|A/cattle/Texas/24-008749-003/2024(H5N1)	628	0
HA|PP755589.1|A/cattle/Texas/24-008749-003/2024(H5N1)	629	0
HA|PP755589.1|A/cattle/Texas/24-008749-003/2024(H5N1)	630	0
HA|PP755589.1|A/cattle/Texas/24-008749-003/2024(H5N1)	631	0
HA|PP755589.1|A/cattle/Texas/24-008749-003/2024(H5N1)	632	0
HA|PP755589.1|A/cattle/Texas/24-008749-003/2024(H5N1)	633	0
HA|PP755589.1|A/cattle/Texas/24-008749-003/2024(H5N1)	634	0
HA|PP755589.1|A/cattle/Texas/24-008749-003/2024(H5N1)	635	0
HA|PP755589.1|A/cattle/Texas/24-008749-003/2024(H5N1)	636	0
HA|PP755589.1|A/cattle/Texas/24-008749-003/2024(H5N1)	637	0
HA|PP755589.1|A/cattle/Texas/24-008749-003/2024(H5N1)	638	0
HA|PP755589.1|A/cattle/Texas/24-008749-003/2024(H5N1)	639	0
HA|PP755589.1|A/cattle/Texas/24-008749-003/2024(H5N1)	640	0
HA|PP755589.1|A/cattle/Texas/24-008749-003/2024(H5N1)	641	0
HA|PP755589.1|A/cattle/Texas/24-008749-003/2024(H5N1)	642	0
HA|PP755589.1|A/cattle/Texas/24-008749-003/2024(H5N1)	643	0
HA|PP755589.1|A/cattle/Texas/24-008749-003/2024(H5N1)	644	0
HA|PP755589.1|A/cattle/Texas/24-008749-003/2024(H5N1)	645	0
HA|PP755589.1|A/cattle/Texas/24-008749-003/2024(H5N1)	646	0
HA|PP755589.1|A/cattle/Texas/24-008749-003/2024(H5N1)	647	0
HA|PP755589.1|A/cattle/Texas/24-008749-003/2024(H5N1)	648	0
HA|PP755589.1|A/cattle/Texas/24-008749-003/2024(H5N1)	649	0
HA|PP755589.1|A/cattle/Texas/24-008749-003/2024(H5N1)	650	0
HA|PP755589.1|A/cattle/Texas/24-008749-003/2024(H5N1)	651	0
HA|PP755589.1|A/cattle/Texas/24-008749-003/2024(H5N1)	652	0
HA|PP755589.1|A/cattle/Texas/24-008749-003/2024(H5N1)	653	0
HA|PP755589.1|A/cattle/Texas/24-008749-003/2024(H5N1)	654	0
HA|PP755589.1|A/cattle/Texas/24-008749-003/2024(H5N1)	655	0
HA|PP755589.1|A/cattle/Texas/24-008749-003/2024(H5N1)	656	0
HA|PP755589.1|A/cattle/Texas/24-008749-003/2024(H5N1)	657	0
HA|PP755589.1|A/cattle/Texas/24-008749-003/2024(H5N1)	658	0
HA|PP755589.1|A/cattle/Texas/24-008749-003/2024(H5N1)	659	0
HA|PP755589.1|A/cattle/Texas/24-008749-003/2024(H5N1)	660	0
HA|PP755589.1|A/cattle/Texas/24-008749-003/2024(H5N1)	661	0
HA|PP755589.1|A/cattle/Texas/24-008749-003/2024(H5N1)	662	0
HA|PP755589.1|A/cattle/Texas/24-008749-003/2024(H5N1)	663	0
HA|PP755589.1|A/cattle/Texas/24-008749-003/2024(H5N1)	664	0
HA|PP755589.1|A/cattle/Texas/24-008749-003/2024(H5N1)	665	0
HA|PP755589.1|A/cattle/Texas/24-008749-003/2024(H5N1)	666	0
HA|PP755589.1|A/cattle/Texas/24-008749-003/2024(H5N1)	667	0
HA|PP755589.1|A/cattle/Texas/24-008749-003/2024(H5N1)	668	0
HA|PP755589.1|A/cattle/Texas/24-008749-003/2024(H5N1)	669	0
HA|PP755589.1|A/cattle/Texas/24-008749-003/2024(H5N1)	670	0
HA|PP755589.1|A/cattle/Texas/24-008749-003/2024(H5N1)	671	0
HA|PP755589.1|A/cattle/Texas/24-008749-003/2024(H5N1)	672	0
HA|PP755589.1|A/cattle/Texas/24-008749-003/2024(H5N1)	673	0
HA|PP755589.1|A/cattle/Texas/24-008749-003/2024(H5N1)	674	0
HA|PP755589.1|A/cattle/Texas/24-008749-003/2024(H5N1)	675	0
HA|PP755589.1|A/cattle/Texas/24-008749-003/2024(H5N1)	676	0
HA|PP755589.1|A/cattle/Texas/24-008749-003/2024(H5N1)	677	0
HA|PP755589.1|A/cattle/Texas/24-008749-003/2024(H5N1)	678	0
HA|PP755589.1|A/cattle/Texas/24-008749-003/2024(H5N1)	679	0
HA|PP755589.1|A/cattle/Texas/24-008749-003/2024(H5N1)	680	0
HA|PP755589.1|A/cattle/Texas/24-008749-003/2024(H5N1)	681	0
HA|PP755589.1|A/cattle/Texas/24-008749-003/2024(H5N1)	682	0
HA|PP755589.1|A/cattle/Texas/24-008749-003/2024(H5N1)	683	852
HA|PP755589.1|A/cattle/Texas/24-008749-003/2024(H5N1)	684	853
HA|PP755589.1|A/cattle/Texas/24-008749-003/2024(H5N1)	685	856
HA|PP755589.1|A/cattle/Texas/24-008749-003/2024(H5N1)	686	856
HA|PP755589.1|A/cattle/Texas/24-008749-003/2024(H5N1)	687	856
HA|PP755589.1|A/cattle/Texas/24-008749-003/2024(H5N1)	688	856
HA|PP755589.1|A/cattle/Texas/24-008749-003/2024(H5N1)	689	856
HA|PP755589.1|A/cattle/Texas/24-008749-003/2024(H5N1)	690	856
HA|PP755589.1|A/cattle/Texas/24-008749-003/2024(H5N1)	691	856
HA|PP755589.1|A/cattle/Texas/24-008749-003/2024(H5N1)	692	856
HA|PP755589.1|A/cattle/Texas/24-008749-003/2024(H5N1)	693	856
HA|PP755589.1|A/cattle/Texas/24-008749-003/2024(H5N1)	694	856
HA|PP755589.1|A/cattle/Texas/24-008749-003/2024(H5N1)	695	856
HA|PP755589.1|A/cattle/Texas/24-008749-003/2024(H5N1)	696	856
HA|PP755589.1|A/cattle/Texas/24-008749-003/2024(H5N1)	697	856
HA|PP755589.1|A/cattle/Texas/24-008749-003/2024(H5N1)	698	856
HA|PP755589.1|A/cattle/Texas/24-008749-003/2024(H5N1)	699	856
HA|PP755589.1|A/cattle/Texas/24-008749-003/2024(H5N1)	700	856
HA|PP755589.1|A/cattle/Texas/24-008749-003/2024(H5N1)	701	860
HA|PP755589.1|A/cattle/Texas/24-008749-003/2024(H5N1)	702	860
HA|PP755589.1|A/cattle/Texas/24-008749-003/2024(H5N1)	703	860
HA|PP755589.1|A/cattle/Texas/24-008749-003/2024(H5N1)	704	860
HA|PP755589.1|A/cattle/Texas/24-008749-003/2024(H5N1)	705	860
HA|PP755589.1|A/cattle/Texas/24-008749-003/2024(H5N1)	706	860
HA|PP755589.1|A/cattle/Texas/24-008749-003/2024(H5N1)	707	860
HA|PP755589.1|A/cattle/Texas/24-008749-003/2024(H5N1)	708	860
HA|PP755589.1|A/cattle/Texas/24-008749-003/2024(H5N1)	709	863
HA|PP755589.1|A/cattle/Texas/24-008749-003/2024(H5N1)	710	863
HA|PP755589.1|A/cattle/Texas/24-008749-003/2024(H5N1)	711	863
HA|PP755589.1|A/cattle/Texas/24-008749-003/2024(H5N1)	712	863
HA|PP755589.1|A/cattle/Texas/24-008749-003/2024(H5N1)	713	863
HA|PP755589.1|A/cattle/Texas/24-008749-003/2024(H5N1)	714	863
HA|PP755589.1|A/cattle/Texas/24-008749-003/2024(H5N1)	715	863
HA|PP755589.1|A/cattle/Texas/24-008749-003/2024(H5N1)	716	863
HA|PP755589.1|A/cattle/Texas/24-008749-003/2024(H5N1)	717	863
HA|PP755589.1|A/cattle/Texas/24-008749-003/2024(H5N1)	718	863
HA|PP755589.1|A/cattle/Texas/24-008749-003/2024(H5N1)	719	863
HA|PP755589.1|A/cattle/Texas/24-008749-003/2024(H5N1)	720	863
HA|PP755589.1|A/cattle/Texas/24-008749-003/2024(H5N1)	721	863
HA|PP755589.1|A/cattle/Texas/24-008749-003/2024(H5N1)	722	863
HA|PP755589.1|A/cattle/Texas/24-008749-003/2024(H5N1)	723	863
HA|PP755589.1|A/cattle/Texas/24-008749-003/2024(H5N1)	724	863
HA|PP755589.1|A/cattle/Texas/24-008749-003/2024(H5N1)	725	863
HA|PP755589.1|A/cattle/Texas/24-008749-003/2024(H5N1)	726	863
HA|PP755589.1|A/cattle/Texas/24-008749-003/2024(H5N1)	727	859
HA|PP755589.1|A/cattle/Texas/24-008749-003/2024(H5N1)	728	859
HA|PP755589.1|A/cattle/Texas/24-008749-003/2024(H5N1)	729	740
HA|PP755589.1|A/cattle/Texas/24-008749-003/2024(H5N1)	730	740
HA|PP755589.1|A/cattle/Texas/24-008749-003/2024(H5N1)	731	740
HA|PP755589.1|A/cattle/Texas/24-008749-003/2024(H5N1)	732	740
HA|PP755589.1|A/cattle/Texas/24-008749-003/2024(H5N1)	733	740
HA|PP755589.1|A/cattle/Texas/24-008749-003/2024(H5N1)	734	740
HA|PP755589.1|A/cattle/Texas/24-008749-003/2024(H5N1)	735	740
HA|PP755589.1|A/cattle/Texas/24-008749-003/2024(H5N1)	736	740
HA|PP755589.1|A/cattle/Texas/24-008749-003/2024(H5N1)	737	740
HA|PP755589.1|A/cattle/Texas/24-008749-003/2024(H5N1)	738	740
HA|PP755589.1|A/cattle/Texas/24-008749-003/2024(H5N1)	739	740
HA|PP755589.1|A/cattle/Texas/24-008749-003/2024(H5N1)	740	732
HA|PP755589.1|A/cattle/Texas/24-008749-003/2024(H5N1)	741	728
HA|PP755589.1|A/cattle/Texas/24-008749-003/2024(H5N1)	742	718
HA|PP755589.1|A/cattle/Texas/24-008749-003/2024(H5N1)	743	714
HA|PP755589.1|A/cattle/Texas/24-008749-003/2024(H5N1)	744	0
HA|PP755589.1|A/cattle/Texas/24-008749-003/2024(H5N1)	745	0
HA|PP755589.1|A/cattle/Texas/24-008749-003/2024(H5N1)	746	0
HA|PP755589.1|A/cattle/Texas/24-008749-003/2024(H5N1)	747	0
HA|PP755589.1|A/cattle/Texas/24-008749-003/2024(H5N1)	748	0
HA|PP755589.1|A/cattle/Texas/24-008749-003/2024(H5N1)	749	0
HA|PP755589.1|A/cattle/Texas/24-008749-003/2024(H5N1)	750	0
HA|PP755589.1|A/cattle/Texas/24-008749-003/2024(H5N1)	751	0
HA|PP755589.1|A/cattle/Texas/24-008749-003/2024(H5N1)	752	0
HA|PP755589.1|A/cattle/Texas/24-008749-003/2024(H5N1)	753	0
HA|PP755589.1|A/cattle/Texas/24-008749-003/2024(H5N1)	754	0
HA|PP755589.1|A/cattle/Texas/24-008749-003/2024(H5N1)	755	0
HA|PP755589.1|A/cattle/Texas/24-008749-003/2024(H5N1)	756	0
HA|PP755589.1|A/cattle/Texas/24-008749-003/2024(H5N1)	757	0
HA|PP755589.1|A/cattle/Texas/24-008749-003/2024(H5N1)	758	0
HA|PP755589.1|A/cattle/Texas/24-008749-003/2024(H5N1)	759	0
HA|PP755589.1|A/cattle/Texas/24-008749-003/2024(H5N1)	760	0
HA|PP755589.1|A/cattle/Texas/24-008749-003/2024(H5N1)	761	0
HA|PP755589.1|A/cattle/Texas/24-008749-003/2024(H5N1)	762	0
HA|PP755589.1|A/cattle/Texas/24-008749-003/2024(H5N1)	763	0
HA|PP755589.1|A/cattle/Texas/24-008749-003/2024(H5N1)	764	0
HA|PP755589.1|A/cattle/Texas/24-008749-003/2024(H5N1)	765	0
HA|PP755589.1|A/cattle/Texas/24-008749-003/2024(H5N1)	766	0
HA|PP755589.1|A/cattle/Texas/24-008749-003/2024(H5N1)	767	0
HA|PP755589.1|A/cattle/Texas/24-008749-003/2024(H5N1)	768	0
HA|PP755589.1|A/cattle/Texas/24-008749-003/2024(H5N1)	769	0
HA|PP755589.1|A/cattle/Texas/24-008749-003/2024(H5N1)	770	0
HA|PP755589.1|A/cattle/Texas/24-008749-003/2024(H5N1)	771	0
HA|PP755589.1|A/cattle/Texas/24-008749-003/2024(H5N1)	772	0
HA|PP755589.1|A/cattle/Texas/24-008749-003/2024(H5N1)	773	0
HA|PP755589.1|A/cattle/Texas/24-008749-003/2024(H5N1)	774	0
HA|PP755589.1|A/cattle/Texas/24-008749-003/2024(H5N1)	775	0
HA|PP755589.1|A/cattle/Texas/24-008749-003/2024(H5N1)	776	0
HA|PP755589.1|A/cattle/Texas/24-008749-003/2024(H5N1)	777	0
HA|PP755589.1|A/cattle/Texas/24-008749-003/2024(H5N1)	778	0
HA|PP755589.1|A/cattle/Texas/24-008749-003/2024(H5N1)	779	0
HA|PP755589.1|A/cattle/Texas/24-008749-003/2024(H5N1)	780	0
HA|PP755589.1|A/cattle/Texas/24-008749-003/2024(H5N1)	781	0
HA|PP755589.1|A/cattle/Texas/24-008749-003/2024(H5N1)	782	0
HA|PP755589.1|A/cattle/Texas/24-008749-003/2024(H5N1)	783	0
HA|PP755589.1|A/cattle/Texas/24-008749-003/2024(H5N1)	784	0
HA|PP755589.1|A/cattle/Texas/24-008749-003/2024(H5N1)	785	0
HA|PP755589.1|A/cattle/Texas/24-008749-003/2024(H5N1)	786	0
HA|PP755589.1|A/cattle/Texas/24-008749-003/2024(H5N1)	787	0
HA|PP755589.1|A/cattle/Texas/24-008749-003/2024(H5N1)	788	0
HA|PP755589.1|A/cattle/Texas/24-008749-003/2024(H5N1)	789	0
HA|PP755589.1|A/cattle/Texas/24-008749-003/2024(H5N1)	790	0
HA|PP755589.1|A/cattle/Texas/24-008749-003/2024(H5N1)	791	0
HA|PP755589.1|A/cattle/Texas/24-008749-003/2024(H5N1)	792	0
HA|PP755589.1|A/cattle/Texas/24-008749-003/2024(H5N1)	793	6
HA|PP755589.1|A/cattle/Texas/24-008749-003/2024(H5N1)	794	6
HA|PP755589.1|A/cattle/Texas/24-008749-003/2024(H5N1)	795	6
HA|PP755589.1|A/cattle/Texas/24-008749-003/2024(H5N1)	796	8
HA|PP755589.1|A/cattle/Texas/24-008749-003/2024(H5N1)	797	10
HA|PP755589.1|A/cattle/Texas/24-008749-003/2024(H5N1)	798	10
HA|PP755589.1|A/cattle/Texas/24-008749-003/2024(H5N1)	799	1396
HA|PP755589.1|A/cattle/Texas/24-008749-003/2024(H5N1)	800	1396
HA|PP755589.1|A/cattle/Texas/24-008749-003/2024(H5N1)	801	1396
HA|PP755589.1|A/cattle/Texas/24-008749-003/2024(H5N1)	802	1396
HA|PP755589.1|A/cattle/Texas/24-008749-003/2024(H5N1)	803	1396
HA|PP755589.1|A/cattle/Texas/24-008749-003/2024(H5N1)	804	1396
HA|PP755589.1|A/cattle/Texas/24-008749-003/2024(H5N1)	805	1396
HA|PP755589.1|A/cattle/Texas/24-008749-003/2024(H5N1)	806	1396
HA|PP755589.1|A/cattle/Texas/24-008749-003/2024(H5N1)	807	1396
HA|PP755589.1|A/cattle/Texas/24-008749-003/2024(H5N1)	808	1396
HA|PP755589.1|A/cattle/Texas/24-008749-003/2024(H5N1)	809	1396
HA|PP755589.1|A/cattle/Texas/24-008749-003/2024(H5N1)	810	1396
HA|PP755589.1|A/cattle/Texas/24-008749-003/2024(H5N1)	811	1396
HA|PP755589.1|A/cattle/Texas/24-008749-003/2024(H5N1)	812	1396
HA|PP755589.1|A/cattle/Texas/24-008749-003/2024(H5N1)	813	1396
HA|PP755589.1|A/cattle/Texas/24-008749-003/2024(H5N1)	814	1396
HA|PP755589.1|A/cattle/Texas/24-008749-003/2024(H5N1)	815	1396
HA|PP755589.1|A/cattle/Texas/24-008749-003/2024(H5N1)	816	1396
HA|PP755589.1|A/cattle/Texas/24-008749-003/2024(H5N1)	817	1396
HA|PP755589.1|A/cattle/Texas/24-008749-003/2024(H5N1)	818	1391
HA|PP755589.1|A/cattle/Texas/24-008749-003/2024(H5N1)	819	1375
HA|PP755589.1|A/cattle/Texas/24-008749-003/2024(H5N1)	820	1374
HA|PP755589.1|A/cattle/Texas/24-008749-003/2024(H5N1)	821	1373
HA|PP755589.1|A/cattle/Texas/24-008749-003/2024(H5N1)	822	1347
HA|PP755589.1|A/cattle/Texas/24-008749-003/2024(H5N1)	823	1345
HA|PP755589.1|A/cattle/Texas/24-008749-003/2024(H5N1)	824	1344
HA|PP755589.1|A/cattle/Texas/24-008749-003/2024(H5N1)	825	1343
HA|PP755589.1|A/cattle/Texas/24-008749-003/2024(H5N1)	826	1339
HA|PP755589.1|A/cattle/Texas/24-008749-003/2024(H5N1)	827	1298
HA|PP755589.1|A/cattle/Texas/24-008749-003/2024(H5N1)	828	41
HA|PP755589.1|A/cattle/Texas/24-008749-003/2024(H5N1)	829	17
HA|PP755589.1|A/cattle/Texas/24-008749-003/2024(H5N1)	830	17
HA|PP755589.1|A/cattle/Texas/24-008749-003/2024(H5N1)	831	14
HA|PP755589.1|A/cattle/Texas/24-008749-003/2024(H5N1)	832	14
HA|PP755589.1|A/cattle/Texas/24-008749-003/2024(H5N1)	833	14
HA|PP755589.1|A/cattle/Texas/24-008749-003/2024(H5N1)	834	3
HA|PP755589.1|A/cattle/Texas/24-008749-003/2024(H5N1)	835	3
HA|PP755589.1|A/cattle/Texas/24-008749-003/2024(H5N1)	836	3
HA|PP755589.1|A/cattle/Texas/24-008749-003/2024(H5N1)	837	3
HA|PP755589.1|A/cattle/Texas/24-008749-003/2024(H5N1)	838	3
HA|PP755589.1|A/cattle/Texas/24-008749-003/2024(H5N1)	839	3
HA|PP755589.1|A/cattle/Texas/24-008749-003/2024(H5N1)	840	0
HA|PP755589.1|A/cattle/Texas/24-008749-003/2024(H5N1)	841	0
HA|PP755589.1|A/cattle/Texas/24-008749-003/2024(H5N1)	842	0
HA|PP755589.1|A/cattle/Texas/24-008749-003/2024(H5N1)	843	0
HA|PP755589.1|A/cattle/Texas/24-008749-003/2024(H5N1)	844	0
HA|PP755589.1|A/cattle/Texas/24-008749-003/2024(H5N1)	845	0
HA|PP755589.1|A/cattle/Texas/24-008749-003/2024(H5N1)	846	0
HA|PP755589.1|A/cattle/Texas/24-008749-003/2024(H5N1)	847	0
HA|PP755589.1|A/cattle/Texas/24-008749-003/2024(H5N1)	848	0
HA|PP755589.1|A/cattle/Texas/24-008749-003/2024(H5N1)	849	0
HA|PP755589.1|A/cattle/Texas/24-008749-003/2024(H5N1)	850	0
HA|PP755589.1|A/cattle/Texas/24-008749-003/2024(H5N1)	851	0
HA|PP755589.1|A/cattle/Texas/24-008749-003/2024(H5N1)	852	0
HA|PP755589.1|A/cattle/Texas/24-008749-003/2024(H5N1)	853	0
HA|PP755589.1|A/cattle/Texas/24-008749-003/2024(H5N1)	854	0
HA|PP755589.1|A/cattle/Texas/24-008749-003/2024(H5N1)	855	0
HA|PP755589.1|A/cattle/Texas/24-008749-003/2024(H5N1)	856	0
HA|PP755589.1|A/cattle/Texas/24-008749-003/2024(H5N1)	857	0
HA|PP755589.1|A/cattle/Texas/24-008749-003/2024(H5N1)	858	0
HA|PP755589.1|A/cattle/Texas/24-008749-003/2024(H5N1)	859	0
HA|PP755589.1|A/cattle/Texas/24-008749-003/2024(H5N1)	860	0
HA|PP755589.1|A/cattle/Texas/24-008749-003/2024(H5N1)	861	0
HA|PP755589.1|A/cattle/Texas/24-008749-003/2024(H5N1)	862	0
HA|PP755589.1|A/cattle/Texas/24-008749-003/2024(H5N1)	863	0
HA|PP755589.1|A/cattle/Texas/24-008749-003/2024(H5N1)	864	0
HA|PP755589.1|A/cattle/Texas/24-008749-003/2024(H5N1)	865	0
HA|PP755589.1|A/cattle/Texas/24-008749-003/2024(H5N1)	866	0
HA|PP755589.1|A/cattle/Texas/24-008749-003/2024(H5N1)	867	0
HA|PP755589.1|A/cattle/Texas/24-008749-003/2024(H5N1)	868	0
HA|PP755589.1|A/cattle/Texas/24-008749-003/2024(H5N1)	869	0
HA|PP755589.1|A/cattle/Texas/24-008749-003/2024(H5N1)	870	0
HA|PP755589.1|A/cattle/Texas/24-008749-003/2024(H5N1)	871	0
HA|PP755589.1|A/cattle/Texas/24-008749-003/2024(H5N1)	872	2083
HA|PP755589.1|A/cattle/Texas/24-008749-003/2024(H5N1)	873	2105
HA|PP755589.1|A/cattle/Texas/24-008749-003/2024(H5N1)	874	2112
HA|PP755589.1|A/cattle/Texas/24-008749-003/2024(H5N1)	875	2138
HA|PP755589.1|A/cattle/Texas/24-008749-003/2024(H5N1)	876	2141
HA|PP755589.1|A/cattle/Texas/24-008749-003/2024(H5N1)	877	2144
HA|PP755589.1|A/cattle/Texas/24-008749-003/2024(H5N1)	878	2148
HA|PP755589.1|A/cattle/Texas/24-008749-003/2024(H5N1)	879	2152
HA|PP755589.1|A/cattle/Texas/24-008749-003/2024(H5N1)	880	2180
HA|PP755589.1|A/cattle/Texas/24-008749-003/2024(H5N1)	881	2186
HA|PP755589.1|A/cattle/Texas/24-008749-003/2024(H5N1)	882	2186
HA|PP755589.1|A/cattle/Texas/24-008749-003/2024(H5N1)	883	2187
HA|PP755589.1|A/cattle/Texas/24-008749-003/2024(H5N1)	884	2188
HA|PP755589.1|A/cattle/Texas/24-008749-003/2024(H5N1)	885	2235
HA|PP755589.1|A/cattle/Texas/24-008749-003/2024(H5N1)	886	2235
HA|PP755589.1|A/cattle/Texas/24-008749-003/2024(H5N1)	887	2234
HA|PP755589.1|A/cattle/Texas/24-008749-003/2024(H5N1)	888	2235
HA|PP755589.1|A/cattle/Texas/24-008749-003/2024(H5N1)	889	2235
HA|PP755589.1|A/cattle/Texas/24-008749-003/2024(H5N1)	890	2235
HA|PP755589.1|A/cattle/Texas/24-008749-003/2024(H5N1)	891	2235
HA|PP755589.1|A/cattle/Texas/24-008749-003/2024(H5N1)	892	2235
HA|PP755589.1|A/cattle/Texas/24-008749-003/2024(H5N1)	893	2231
HA|PP755589.1|A/cattle/Texas/24-008749-003/2024(H5N1)	894	2228
HA|PP755589.1|A/cattle/Texas/24-008749-003/2024(H5N1)	895	2227
HA|PP755589.1|A/cattle/Texas/24-008749-003/2024(H5N1)	896	2224
HA|PP755589.1|A/cattle/Texas/24-008749-003/2024(H5N1)	897	2222
HA|PP755589.1|A/cattle/Texas/24-008749-003/2024(H5N1)	898	2222
HA|PP755589.1|A/cattle/Texas/24-008749-003/2024(H5N1)	899	2222
HA|PP755589.1|A/cattle/Texas/24-008749-003/2024(H5N1)	900	2221
HA|PP755589.1|A/cattle/Texas/24-008749-003/2024(H5N1)	901	2223
HA|PP755589.1|A/cattle/Texas/24-008749-003/2024(H5N1)	902	2223
HA|PP755589.1|A/cattle/Texas/24-008749-003/2024(H5N1)	903	2223
HA|PP755589.1|A/cattle/Texas/24-008749-003/2024(H5N1)	904	2223
HA|PP755589.1|A/cattle/Texas/24-008749-003/2024(H5N1)	905	2217
HA|PP755589.1|A/cattle/Texas/24-008749-003/2024(H5N1)	906	2217
HA|PP755589.1|A/cattle/Texas/24-008749-003/2024(H5N1)	907	2216
HA|PP755589.1|A/cattle/Texas/24-008749-003/2024(H5N1)	908	2216
HA|PP755589.1|A/cattle/Texas/24-008749-003/2024(H5N1)	909	2216
HA|PP755589.1|A/cattle/Texas/24-008749-003/2024(H5N1)	910	2214
HA|PP755589.1|A/cattle/Texas/24-008749-003/2024(H5N1)	911	2214
HA|PP755589.1|A/cattle/Texas/24-008749-003/2024(H5N1)	912	2213
HA|PP755589.1|A/cattle/Texas/24-008749-003/2024(H5N1)	913	2213
HA|PP755589.1|A/cattle/Texas/24-008749-003/2024(H5N1)	914	2213
HA|PP755589.1|A/cattle/Texas/24-008749-003/2024(H5N1)	915	2210
HA|PP755589.1|A/cattle/Texas/24-008749-003/2024(H5N1)	916	2209
HA|PP755589.1|A/cattle/Texas/24-008749-003/2024(H5N1)	917	2187
HA|PP755589.1|A/cattle/Texas/24-008749-003/2024(H5N1)	918	1883
HA|PP755589.1|A/cattle/Texas/24-008749-003/2024(H5N1)	919	1879
HA|PP755589.1|A/cattle/Texas/24-008749-003/2024(H5N1)	920	1876
HA|PP755589.1|A/cattle/Texas/24-008749-003/2024(H5N1)	921	1875
HA|PP755589.1|A/cattle/Texas/24-008749-003/2024(H5N1)	922	1875
HA|PP755589.1|A/cattle/Texas/24-008749-003/2024(H5N1)	923	1873
HA|PP755589.1|A/cattle/Texas/24-008749-003/2024(H5N1)	924	1871
HA|PP755589.1|A/cattle/Texas/24-008749-003/2024(H5N1)	925	1830
HA|PP755589.1|A/cattle/Texas/24-008749-003/2024(H5N1)	926	1830
HA|PP755589.1|A/cattle/Texas/24-008749-003/2024(H5N1)	927	1776
HA|PP755589.1|A/cattle/Texas/24-008749-003/2024(H5N1)	928	1776
HA|PP755589.1|A/cattle/Texas/24-008749-003/2024(H5N1)	929	1777
HA|PP755589.1|A/cattle/Texas/24-008749-003/2024(H5N1)	930	1777
HA|PP755589.1|A/cattle/Texas/24-008749-003/2024(H5N1)	931	2217
HA|PP755589.1|A/cattle/Texas/24-008749-003/2024(H5N1)	932	2217
HA|PP755589.1|A/cattle/Texas/24-008749-003/2024(H5N1)	933	2217
HA|PP755589.1|A/cattle/Texas/24-008749-003/2024(H5N1)	934	2217
HA|PP755589.1|A/cattle/Texas/24-008749-003/2024(H5N1)	935	2217
HA|PP755589.1|A/cattle/Texas/24-008749-003/2024(H5N1)	936	2217
HA|PP755589.1|A/cattle/Texas/24-008749-003/2024(H5N1)	937	2217
HA|PP755589.1|A/cattle/Texas/24-008749-003/2024(H5N1)	938	2217
HA|PP755589.1|A/cattle/Texas/24-008749-003/2024(H5N1)	939	2217
HA|PP755589.1|A/cattle/Texas/24-008749-003/2024(H5N1)	940	2217
HA|PP755589.1|A/cattle/Texas/24-008749-003/2024(H5N1)	941	2217
HA|PP755589.1|A/cattle/Texas/24-008749-003/2024(H5N1)	942	2217
HA|PP755589.1|A/cattle/Texas/24-008749-003/2024(H5N1)	943	2217
HA|PP755589.1|A/cattle/Texas/24-008749-003/2024(H5N1)	944	2147
HA|PP755589.1|A/cattle/Texas/24-008749-003/2024(H5N1)	945	2111
HA|PP755589.1|A/cattle/Texas/24-008749-003/2024(H5N1)	946	2070
HA|PP755589.1|A/cattle/Texas/24-008749-003/2024(H5N1)	947	2063
HA|PP755589.1|A/cattle/Texas/24-008749-003/2024(H5N1)	948	2049
HA|PP755589.1|A/cattle/Texas/24-008749-003/2024(H5N1)	949	2041
HA|PP755589.1|A/cattle/Texas/24-008749-003/2024(H5N1)	950	1833
HA|PP755589.1|A/cattle/Texas/24-008749-003/2024(H5N1)	951	1828
HA|PP755589.1|A/cattle/Texas/24-008749-003/2024(H5N1)	952	1782
HA|PP755589.1|A/cattle/Texas/24-008749-003/2024(H5N1)	953	1776
HA|PP755589.1|A/cattle/Texas/24-008749-003/2024(H5N1)	954	1774
HA|PP755589.1|A/cattle/Texas/24-008749-003/2024(H5N1)	955	1756
HA|PP755589.1|A/cattle/Texas/24-008749-003/2024(H5N1)	956	1753
HA|PP755589.1|A/cattle/Texas/24-008749-003/2024(H5N1)	957	1728
HA|PP755589.1|A/cattle/Texas/24-008749-003/2024(H5N1)	958	1722
HA|PP755589.1|A/cattle/Texas/24-008749-003/2024(H5N1)	959	1719
HA|PP755589.1|A/cattle/Texas/24-008749-003/2024(H5N1)	960	222
HA|PP755589.1|A/cattle/Texas/24-008749-003/2024(H5N1)	961	196
HA|PP755589.1|A/cattle/Texas/24-008749-003/2024(H5N1)	962	100
HA|PP755589.1|A/cattle/Texas/24-008749-003/2024(H5N1)	963	16
HA|PP755589.1|A/cattle/Texas/24-008749-003/2024(H5N1)	964	16
HA|PP755589.1|A/cattle/Texas/24-008749-003/2024(H5N1)	965	16
HA|PP755589.1|A/cattle/Texas/24-008749-003/2024(H5N1)	966	13
HA|PP755589.1|A/cattle/Texas/24-008749-003/2024(H5N1)	967	13
HA|PP755589.1|A/cattle/Texas/24-008749-003/2024(H5N1)	968	13
HA|PP755589.1|A/cattle/Texas/24-008749-003/2024(H5N1)	969	13
HA|PP755589.1|A/cattle/Texas/24-008749-003/2024(H5N1)	970	13
HA|PP755589.1|A/cattle/Texas/24-008749-003/2024(H5N1)	971	6
HA|PP755589.1|A/cattle/Texas/24-008749-003/2024(H5N1)	972	1
HA|PP755589.1|A/cattle/Texas/24-008749-003/2024(H5N1)	973	1
HA|PP755589.1|A/cattle/Texas/24-008749-003/2024(H5N1)	974	1
HA|PP755589.1|A/cattle/Texas/24-008749-003/2024(H5N1)	975	1
HA|PP755589.1|A/cattle/Texas/24-008749-003/2024(H5N1)	976	1
HA|PP755589.1|A/cattle/Texas/24-008749-003/2024(H5N1)	977	1
HA|PP755589.1|A/cattle/Texas/24-008749-003/2024(H5N1)	978	1
HA|PP755589.1|A/cattle/Texas/24-008749-003/2024(H5N1)	979	1
HA|PP755589.1|A/cattle/Texas/24-008749-003/2024(H5N1)	980	1
HA|PP755589.1|A/cattle/Texas/24-008749-003/2024(H5N1)	981	1
HA|PP755589.1|A/cattle/Texas/24-008749-003/2024(H5N1)	982	1
HA|PP755589.1|A/cattle/Texas/24-008749-003/2024(H5N1)	983	1
HA|PP755589.1|A/cattle/Texas/24-008749-003/2024(H5N1)	984	1
HA|PP755589.1|A/cattle/Texas/24-008749-003/2024(H5N1)	985	1
HA|PP755589.1|A/cattle/Texas/24-008749-003/2024(H5N1)	986	1
HA|PP755589.1|A/cattle/Texas/24-008749-003/2024(H5N1)	987	1
HA|PP755589.1|A/cattle/Texas/24-008749-003/2024(H5N1)	988	1
HA|PP755589.1|A/cattle/Texas/24-008749-003/2024(H5N1)	989	0
HA|PP755589.1|A/cattle/Texas/24-008749-003/2024(H5N1)	990	0
HA|PP755589.1|A/cattle/Texas/24-008749-003/2024(H5N1)	991	0
HA|PP755589.1|A/cattle/Texas/24-008749-003/2024(H5N1)	992	0
HA|PP755589.1|A/cattle/Texas/24-008749-003/2024(H5N1)	993	0
HA|PP755589.1|A/cattle/Texas/24-008749-003/2024(H5N1)	994	0
HA|PP755589.1|A/cattle/Texas/24-008749-003/2024(H5N1)	995	0
HA|PP755589.1|A/cattle/Texas/24-008749-003/2024(H5N1)	996	0
HA|PP755589.1|A/cattle/Texas/24-008749-003/2024(H5N1)	997	0
HA|PP755589.1|A/cattle/Texas/24-008749-003/2024(H5N1)	998	0
HA|PP755589.1|A/cattle/Texas/24-008749-003/2024(H5N1)	999	0
HA|PP755589.1|A/cattle/Texas/24-008749-003/2024(H5N1)	1000	0
HA|PP755589.1|A/cattle/Texas/24-008749-003/2024(H5N1)	1001	0
HA|PP755589.1|A/cattle/Texas/24-008749-003/2024(H5N1)	1002	0
HA|PP755589.1|A/cattle/Texas/24-008749-003/2024(H5N1)	1003	0
HA|PP755589.1|A/cattle/Texas/24-008749-003/2024(H5N1)	1004	0
HA|PP755589.1|A/cattle/Texas/24-008749-003/2024(H5N1)	1005	0
HA|PP755589.1|A/cattle/Texas/24-008749-003/2024(H5N1)	1006	0
HA|PP755589.1|A/cattle/Texas/24-008749-003/2024(H5N1)	1007	0
HA|PP755589.1|A/cattle/Texas/24-008749-003/2024(H5N1)	1008	0
HA|PP755589.1|A/cattle/Texas/24-008749-003/2024(H5N1)	1009	0
HA|PP755589.1|A/cattle/Texas/24-008749-003/2024(H5N1)	1010	0
HA|PP755589.1|A/cattle/Texas/24-008749-003/2024(H5N1)	1011	0
HA|PP755589.1|A/cattle/Texas/24-008749-003/2024(H5N1)	1012	0
HA|PP755589.1|A/cattle/Texas/24-008749-003/2024(H5N1)	1013	0
HA|PP755589.1|A/cattle/Texas/24-008749-003/2024(H5N1)	1014	0
HA|PP755589.1|A/cattle/Texas/24-008749-003/2024(H5N1)	1015	0
HA|PP755589.1|A/cattle/Texas/24-008749-003/2024(H5N1)	1016	0
HA|PP755589.1|A/cattle/Texas/24-008749-003/2024(H5N1)	1017	0
HA|PP755589.1|A/cattle/Texas/24-008749-003/2024(H5N1)	1018	0
HA|PP755589.1|A/cattle/Texas/24-008749-003/2024(H5N1)	1019	0
HA|PP755589.1|A/cattle/Texas/24-008749-003/2024(H5N1)	1020	0
HA|PP755589.1|A/cattle/Texas/24-008749-003/2024(H5N1)	1021	0
HA|PP755589.1|A/cattle/Texas/24-008749-003/2024(H5N1)	1022	0
HA|PP755589.1|A/cattle/Texas/24-008749-003/2024(H5N1)	1023	0
HA|PP755589.1|A/cattle/Texas/24-008749-003/2024(H5N1)	1024	0
HA|PP755589.1|A/cattle/Texas/24-008749-003/2024(H5N1)	1025	0
HA|PP755589.1|A/cattle/Texas/24-008749-003/2024(H5N1)	1026	0
HA|PP755589.1|A/cattle/Texas/24-008749-003/2024(H5N1)	1027	0
HA|PP755589.1|A/cattle/Texas/24-008749-003/2024(H5N1)	1028	0
HA|PP755589.1|A/cattle/Texas/24-008749-003/2024(H5N1)	1029	0
HA|PP755589.1|A/cattle/Texas/24-008749-003/2024(H5N1)	1030	0
HA|PP755589.1|A/cattle/Texas/24-008749-003/2024(H5N1)	1031	0
HA|PP755589.1|A/cattle/Texas/24-008749-003/2024(H5N1)	1032	6
HA|PP755589.1|A/cattle/Texas/24-008749-003/2024(H5N1)	1033	6
HA|PP755589.1|A/cattle/Texas/24-008749-003/2024(H5N1)	1034	6
HA|PP755589.1|A/cattle/Texas/24-008749-003/2024(H5N1)	1035	6
HA|PP755589.1|A/cattle/Texas/24-008749-003/2024(H5N1)	1036	6
HA|PP755589.1|A/cattle/Texas/24-008749-003/2024(H5N1)	1037	6
HA|PP755589.1|A/cattle/Texas/24-008749-003/2024(H5N1)	1038	6
HA|PP755589.1|A/cattle/Texas/24-008749-003/2024(H5N1)	1039	6
HA|PP755589.1|A/cattle/Texas/24-008749-003/2024(H5N1)	1040	6
HA|PP755589.1|A/cattle/Texas/24-008749-003/2024(H5N1)	1041	6
HA|PP755589.1|A/cattle/Texas/24-008749-003/2024(H5N1)	1042	9
HA|PP755589.1|A/cattle/Texas/24-008749-003/2024(H5N1)	1043	9
HA|PP755589.1|A/cattle/Texas/24-008749-003/2024(H5N1)	1044	9
HA|PP755589.1|A/cattle/Texas/24-008749-003/2024(H5N1)	1045	9
HA|PP755589.1|A/cattle/Texas/24-008749-003/2024(H5N1)	1046	9
HA|PP755589.1|A/cattle/Texas/24-008749-003/2024(H5N1)	1047	9
HA|PP755589.1|A/cattle/Texas/24-008749-003/2024(H5N1)	1048	9
HA|PP755589.1|A/cattle/Texas/24-008749-003/2024(H5N1)	1049	9
HA|PP755589.1|A/cattle/Texas/24-008749-003/2024(H5N1)	1050	9
HA|PP755589.1|A/cattle/Texas/24-008749-003/2024(H5N1)	1051	1398
HA|PP755589.1|A/cattle/Texas/24-008749-003/2024(H5N1)	1052	1420
HA|PP755589.1|A/cattle/Texas/24-008749-003/2024(H5N1)	1053	1420
HA|PP755589.1|A/cattle/Texas/24-008749-003/2024(H5N1)	1054	1420
HA|PP755589.1|A/cattle/Texas/24-008749-003/2024(H5N1)	1055	1420
HA|PP755589.1|A/cattle/Texas/24-008749-003/2024(H5N1)	1056	1420
HA|PP755589.1|A/cattle/Texas/24-008749-003/2024(H5N1)	1057	1420
HA|PP755589.1|A/cattle/Texas/24-008749-003/2024(H5N1)	1058	1420
HA|PP755589.1|A/cattle/Texas/24-008749-003/2024(H5N1)	1059	1420
HA|PP755589.1|A/cattle/Texas/24-008749-003/2024(H5N1)	1060	1426
HA|PP755589.1|A/cattle/Texas/24-008749-003/2024(H5N1)	1061	1429
HA|PP755589.1|A/cattle/Texas/24-008749-003/2024(H5N1)	1062	1490
HA|PP755589.1|A/cattle/Texas/24-008749-003/2024(H5N1)	1063	1620
HA|PP755589.1|A/cattle/Texas/24-008749-003/2024(H5N1)	1064	1636
HA|PP755589.1|A/cattle/Texas/24-008749-003/2024(H5N1)	1065	1637
HA|PP755589.1|A/cattle/Texas/24-008749-003/2024(H5N1)	1066	1650
HA|PP755589.1|A/cattle/Texas/24-008749-003/2024(H5N1)	1067	1673
HA|PP755589.1|A/cattle/Texas/24-008749-003/2024(H5N1)	1068	1674
HA|PP755589.1|A/cattle/Texas/24-008749-003/2024(H5N1)	1069	1684
HA|PP755589.1|A/cattle/Texas/24-008749-003/2024(H5N1)	1070	1729
HA|PP755589.1|A/cattle/Texas/24-008749-003/2024(H5N1)	1071	1730
HA|PP755589.1|A/cattle/Texas/24-008749-003/2024(H5N1)	1072	1766
HA|PP755589.1|A/cattle/Texas/24-008749-003/2024(H5N1)	1073	1766
HA|PP755589.1|A/cattle/Texas/24-008749-003/2024(H5N1)	1074	1784
HA|PP755589.1|A/cattle/Texas/24-008749-003/2024(H5N1)	1075	1809
HA|PP755589.1|A/cattle/Texas/24-008749-003/2024(H5N1)	1076	1862
HA|PP755589.1|A/cattle/Texas/24-008749-003/2024(H5N1)	1077	1863
HA|PP755589.1|A/cattle/Texas/24-008749-003/2024(H5N1)	1078	1866
HA|PP755589.1|A/cattle/Texas/24-008749-003/2024(H5N1)	1079	1966
HA|PP755589.1|A/cattle/Texas/24-008749-003/2024(H5N1)	1080	1971
HA|PP755589.1|A/cattle/Texas/24-008749-003/2024(H5N1)	1081	2042
HA|PP755589.1|A/cattle/Texas/24-008749-003/2024(H5N1)	1082	2079
HA|PP755589.1|A/cattle/Texas/24-008749-003/2024(H5N1)	1083	2082
HA|PP755589.1|A/cattle/Texas/24-008749-003/2024(H5N1)	1084	2091
HA|PP755589.1|A/cattle/Texas/24-008749-003/2024(H5N1)	1085	2095
HA|PP755589.1|A/cattle/Texas/24-008749-003/2024(H5N1)	1086	2137
HA|PP755589.1|A/cattle/Texas/24-008749-003/2024(H5N1)	1087	2161
HA|PP755589.1|A/cattle/Texas/24-008749-003/2024(H5N1)	1088	2239
HA|PP755589.1|A/cattle/Texas/24-008749-003/2024(H5N1)	1089	2248
HA|PP755589.1|A/cattle/Texas/24-008749-003/2024(H5N1)	1090	2255
HA|PP755589.1|A/cattle/Texas/24-008749-003/2024(H5N1)	1091	2285
HA|PP755589.1|A/cattle/Texas/24-008749-003/2024(H5N1)	1092	2288
HA|PP755589.1|A/cattle/Texas/24-008749-003/2024(H5N1)	1093	2333
HA|PP755589.1|A/cattle/Texas/24-008749-003/2024(H5N1)	1094	2337
HA|PP755589.1|A/cattle/Texas/24-008749-003/2024(H5N1)	1095	2267
HA|PP755589.1|A/cattle/Texas/24-008749-003/2024(H5N1)	1096	2269
HA|PP755589.1|A/cattle/Texas/24-008749-003/2024(H5N1)	1097	2290
HA|PP755589.1|A/cattle/Texas/24-008749-003/2024(H5N1)	1098	2430
HA|PP755589.1|A/cattle/Texas/24-008749-003/2024(H5N1)	1099	2504
HA|PP755589.1|A/cattle/Texas/24-008749-003/2024(H5N1)	1100	2504
HA|PP755589.1|A/cattle/Texas/24-008749-003/2024(H5N1)	1101	2297
HA|PP755589.1|A/cattle/Texas/24-008749-003/2024(H5N1)	1102	2319
HA|PP755589.1|A/cattle/Texas/24-008749-003/2024(H5N1)	1103	2374
HA|PP755589.1|A/cattle/Texas/24-008749-003/2024(H5N1)	1104	2378
HA|PP755589.1|A/cattle/Texas/24-008749-003/2024(H5N1)	1105	2437
HA|PP755589.1|A/cattle/Texas/24-008749-003/2024(H5N1)	1106	2440
HA|PP755589.1|A/cattle/Texas/24-008749-003/2024(H5N1)	1107	2565
HA|PP755589.1|A/cattle/Texas/24-008749-003/2024(H5N1)	1108	2635
HA|PP755589.1|A/cattle/Texas/24-008749-003/2024(H5N1)	1109	2638
HA|PP755589.1|A/cattle/Texas/24-008749-003/2024(H5N1)	1110	2745
HA|PP755589.1|A/cattle/Texas/24-008749-003/2024(H5N1)	1111	2745
HA|PP755589.1|A/cattle/Texas/24-008749-003/2024(H5N1)	1112	2745
HA|PP755589.1|A/cattle/Texas/24-008749-003/2024(H5N1)	1113	2728
HA|PP755589.1|A/cattle/Texas/24-008749-003/2024(H5N1)	1114	2695
HA|PP755589.1|A/cattle/Texas/24-008749-003/2024(H5N1)	1115	2717
HA|PP755589.1|A/cattle/Texas/24-008749-003/2024(H5N1)	1116	2625
HA|PP755589.1|A/cattle/Texas/24-008749-003/2024(H5N1)	1117	2657
HA|PP755589.1|A/cattle/Texas/24-008749-003/2024(H5N1)	1118	2659
HA|PP755589.1|A/cattle/Texas/24-008749-003/2024(H5N1)	1119	2660
HA|PP755589.1|A/cattle/Texas/24-008749-003/2024(H5N1)	1120	2691
HA|PP755589.1|A/cattle/Texas/24-008749-003/2024(H5N1)	1121	2693
HA|PP755589.1|A/cattle/Texas/24-008749-003/2024(H5N1)	1122	2655
HA|PP755589.1|A/cattle/Texas/24-008749-003/2024(H5N1)	1123	2655
HA|PP755589.1|A/cattle/Texas/24-008749-003/2024(H5N1)	1124	2655
HA|PP755589.1|A/cattle/Texas/24-008749-003/2024(H5N1)	1125	2671
HA|PP755589.1|A/cattle/Texas/24-008749-003/2024(H5N1)	1126	2673
HA|PP755589.1|A/cattle/Texas/24-008749-003/2024(H5N1)	1127	2684
HA|PP755589.1|A/cattle/Texas/24-008749-003/2024(H5N1)	1128	2579
HA|PP755589.1|A/cattle/Texas/24-008749-003/2024(H5N1)	1129	2589
HA|PP755589.1|A/cattle/Texas/24-008749-003/2024(H5N1)	1130	2620
HA|PP755589.1|A/cattle/Texas/24-008749-003/2024(H5N1)	1131	2625
HA|PP755589.1|A/cattle/Texas/24-008749-003/2024(H5N1)	1132	2633
HA|PP755589.1|A/cattle/Texas/24-008749-003/2024(H5N1)	1133	2633
HA|PP755589.1|A/cattle/Texas/24-008749-003/2024(H5N1)	1134	2464
HA|PP755589.1|A/cattle/Texas/24-008749-003/2024(H5N1)	1135	2464
HA|PP755589.1|A/cattle/Texas/24-008749-003/2024(H5N1)	1136	2470
HA|PP755589.1|A/cattle/Texas/24-008749-003/2024(H5N1)	1137	2468
HA|PP755589.1|A/cattle/Texas/24-008749-003/2024(H5N1)	1138	2550
HA|PP755589.1|A/cattle/Texas/24-008749-003/2024(H5N1)	1139	2579
HA|PP755589.1|A/cattle/Texas/24-008749-003/2024(H5N1)	1140	2579
HA|PP755589.1|A/cattle/Texas/24-008749-003/2024(H5N1)	1141	2582
HA|PP755589.1|A/cattle/Texas/24-008749-003/2024(H5N1)	1142	2582
HA|PP755589.1|A/cattle/Texas/24-008749-003/2024(H5N1)	1143	2582
HA|PP755589.1|A/cattle/Texas/24-008749-003/2024(H5N1)	1144	2608
HA|PP755589.1|A/cattle/Texas/24-008749-003/2024(H5N1)	1145	2618
HA|PP755589.1|A/cattle/Texas/24-008749-003/2024(H5N1)	1146	2760
HA|PP755589.1|A/cattle/Texas/24-008749-003/2024(H5N1)	1147	2777
HA|PP755589.1|A/cattle/Texas/24-008749-003/2024(H5N1)	1148	2796
HA|PP755589.1|A/cattle/Texas/24-008749-003/2024(H5N1)	1149	2798
HA|PP755589.1|A/cattle/Texas/24-008749-003/2024(H5N1)	1150	2793
HA|PP755589.1|A/cattle/Texas/24-008749-003/2024(H5N1)	1151	2673
HA|PP755589.1|A/cattle/Texas/24-008749-003/2024(H5N1)	1152	2674
HA|PP755589.1|A/cattle/Texas/24-008749-003/2024(H5N1)	1153	2673
HA|PP755589.1|A/cattle/Texas/24-008749-003/2024(H5N1)	1154	2644
HA|PP755589.1|A/cattle/Texas/24-008749-003/2024(H5N1)	1155	2633
HA|PP755589.1|A/cattle/Texas/24-008749-003/2024(H5N1)	1156	2630
HA|PP755589.1|A/cattle/Texas/24-008749-003/2024(H5N1)	1157	2609
HA|PP755589.1|A/cattle/Texas/24-008749-003/2024(H5N1)	1158	2132
HA|PP755589.1|A/cattle/Texas/24-008749-003/2024(H5N1)	1159	2132
HA|PP755589.1|A/cattle/Texas/24-008749-003/2024(H5N1)	1160	2132
HA|PP755589.1|A/cattle/Texas/24-008749-003/2024(H5N1)	1161	2129
HA|PP755589.1|A/cattle/Texas/24-008749-003/2024(H5N1)	1162	2130
HA|PP755589.1|A/cattle/Texas/24-008749-003/2024(H5N1)	1163	2130
HA|PP755589.1|A/cattle/Texas/24-008749-003/2024(H5N1)	1164	2130
HA|PP755589.1|A/cattle/Texas/24-008749-003/2024(H5N1)	1165	2130
HA|PP755589.1|A/cattle/Texas/24-008749-003/2024(H5N1)	1166	2130
HA|PP755589.1|A/cattle/Texas/24-008749-003/2024(H5N1)	1167	2130
HA|PP755589.1|A/cattle/Texas/24-008749-003/2024(H5N1)	1168	2130
HA|PP755589.1|A/cattle/Texas/24-008749-003/2024(H5N1)	1169	2130
HA|PP755589.1|A/cattle/Texas/24-008749-003/2024(H5N1)	1170	2128
HA|PP755589.1|A/cattle/Texas/24-008749-003/2024(H5N1)	1171	2128
HA|PP755589.1|A/cattle/Texas/24-008749-003/2024(H5N1)	1172	2128
HA|PP755589.1|A/cattle/Texas/24-008749-003/2024(H5N1)	1173	2128
HA|PP755589.1|A/cattle/Texas/24-008749-003/2024(H5N1)	1174	2128
HA|PP755589.1|A/cattle/Texas/24-008749-003/2024(H5N1)	1175	2128
HA|PP755589.1|A/cattle/Texas/24-008749-003/2024(H5N1)	1176	2119
HA|PP755589.1|A/cattle/Texas/24-008749-003/2024(H5N1)	1177	2119
HA|PP755589.1|A/cattle/Texas/24-008749-003/2024(H5N1)	1178	2120
HA|PP755589.1|A/cattle/Texas/24-008749-003/2024(H5N1)	1179	2170
HA|PP755589.1|A/cattle/Texas/24-008749-003/2024(H5N1)	1180	3566
HA|PP755589.1|A/cattle/Texas/24-008749-003/2024(H5N1)	1181	3683
HA|PP755589.1|A/cattle/Texas/24-008749-003/2024(H5N1)	1182	3695
HA|PP755589.1|A/cattle/Texas/24-008749-003/2024(H5N1)	1183	3719
HA|PP755589.1|A/cattle/Texas/24-008749-003/2024(H5N1)	1184	3723
HA|PP755589.1|A/cattle/Texas/24-008749-003/2024(H5N1)	1185	3754
HA|PP755589.1|A/cattle/Texas/24-008749-003/2024(H5N1)	1186	3803
HA|PP755589.1|A/cattle/Texas/24-008749-003/2024(H5N1)	1187	3803
HA|PP755589.1|A/cattle/Texas/24-008749-003/2024(H5N1)	1188	3803
HA|PP755589.1|A/cattle/Texas/24-008749-003/2024(H5N1)	1189	3803
HA|PP755589.1|A/cattle/Texas/24-008749-003/2024(H5N1)	1190	3819
HA|PP755589.1|A/cattle/Texas/24-008749-003/2024(H5N1)	1191	3827
HA|PP755589.1|A/cattle/Texas/24-008749-003/2024(H5N1)	1192	3901
HA|PP755589.1|A/cattle/Texas/24-008749-003/2024(H5N1)	1193	3936
HA|PP755589.1|A/cattle/Texas/24-008749-003/2024(H5N1)	1194	3969
HA|PP755589.1|A/cattle/Texas/24-008749-003/2024(H5N1)	1195	3972
HA|PP755589.1|A/cattle/Texas/24-008749-003/2024(H5N1)	1196	4002
HA|PP755589.1|A/cattle/Texas/24-008749-003/2024(H5N1)	1197	4003
HA|PP755589.1|A/cattle/Texas/24-008749-003/2024(H5N1)	1198	4074
HA|PP755589.1|A/cattle/Texas/24-008749-003/2024(H5N1)	1199	4073
HA|PP755589.1|A/cattle/Texas/24-008749-003/2024(H5N1)	1200	4082
HA|PP755589.1|A/cattle/Texas/24-008749-003/2024(H5N1)	1201	4082
HA|PP755589.1|A/cattle/Texas/24-008749-003/2024(H5N1)	1202	4082
HA|PP755589.1|A/cattle/Texas/24-008749-003/2024(H5N1)	1203	4082
HA|PP755589.1|A/cattle/Texas/24-008749-003/2024(H5N1)	1204	4080
HA|PP755589.1|A/cattle/Texas/24-008749-003/2024(H5N1)	1205	4075
HA|PP755589.1|A/cattle/Texas/24-008749-003/2024(H5N1)	1206	4075
HA|PP755589.1|A/cattle/Texas/24-008749-003/2024(H5N1)	1207	4069
HA|PP755589.1|A/cattle/Texas/24-008749-003/2024(H5N1)	1208	4050
HA|PP755589.1|A/cattle/Texas/24-008749-003/2024(H5N1)	1209	4030
HA|PP755589.1|A/cattle/Texas/24-008749-003/2024(H5N1)	1210	4018
HA|PP755589.1|A/cattle/Texas/24-008749-003/2024(H5N1)	1211	4012
HA|PP755589.1|A/cattle/Texas/24-008749-003/2024(H5N1)	1212	4009
HA|PP755589.1|A/cattle/Texas/24-008749-003/2024(H5N1)	1213	3946
HA|PP755589.1|A/cattle/Texas/24-008749-003/2024(H5N1)	1214	3941
HA|PP755589.1|A/cattle/Texas/24-008749-003/2024(H5N1)	1215	3924
HA|PP755589.1|A/cattle/Texas/24-008749-003/2024(H5N1)	1216	3919
HA|PP755589.1|A/cattle/Texas/24-008749-003/2024(H5N1)	1217	3900
HA|PP755589.1|A/cattle/Texas/24-008749-003/2024(H5N1)	1218	3858
HA|PP755589.1|A/cattle/Texas/24-008749-003/2024(H5N1)	1219	3843
HA|PP755589.1|A/cattle/Texas/24-008749-003/2024(H5N1)	1220	3840
HA|PP755589.1|A/cattle/Texas/24-008749-003/2024(H5N1)	1221	3804
HA|PP755589.1|A/cattle/Texas/24-008749-003/2024(H5N1)	1222	3804
HA|PP755589.1|A/cattle/Texas/24-008749-003/2024(H5N1)	1223	3769
HA|PP755589.1|A/cattle/Texas/24-008749-003/2024(H5N1)	1224	3756
HA|PP755589.1|A/cattle/Texas/24-008749-003/2024(H5N1)	1225	3742
HA|PP755589.1|A/cattle/Texas/24-008749-003/2024(H5N1)	1226	3713
HA|PP755589.1|A/cattle/Texas/24-008749-003/2024(H5N1)	1227	510
HA|PP755589.1|A/cattle/Texas/24-008749-003/2024(H5N1)	1228	509
HA|PP755589.1|A/cattle/Texas/24-008749-003/2024(H5N1)	1229	338
HA|PP755589.1|A/cattle/Texas/24-008749-003/2024(H5N1)	1230	215
HA|PP755589.1|A/cattle/Texas/24-008749-003/2024(H5N1)	1231	215
HA|PP755589.1|A/cattle/Texas/24-008749-003/2024(H5N1)	1232	215
HA|PP755589.1|A/cattle/Texas/24-008749-003/2024(H5N1)	1233	213
HA|PP755589.1|A/cattle/Texas/24-008749-003/2024(H5N1)	1234	212
HA|PP755589.1|A/cattle/Texas/24-008749-003/2024(H5N1)	1235	205
HA|PP755589.1|A/cattle/Texas/24-008749-003/2024(H5N1)	1236	190
HA|PP755589.1|A/cattle/Texas/24-008749-003/2024(H5N1)	1237	190
HA|PP755589.1|A/cattle/Texas/24-008749-003/2024(H5N1)	1238	174
HA|PP755589.1|A/cattle/Texas/24-008749-003/2024(H5N1)	1239	174
HA|PP755589.1|A/cattle/Texas/24-008749-003/2024(H5N1)	1240	174
HA|PP755589.1|A/cattle/Texas/24-008749-003/2024(H5N1)	1241	174
HA|PP755589.1|A/cattle/Texas/24-008749-003/2024(H5N1)	1242	174
HA|PP755589.1|A/cattle/Texas/24-008749-003/2024(H5N1)	1243	174
HA|PP755589.1|A/cattle/Texas/24-008749-003/2024(H5N1)	1244	174
HA|PP755589.1|A/cattle/Texas/24-008749-003/2024(H5N1)	1245	174
HA|PP755589.1|A/cattle/Texas/24-008749-003/2024(H5N1)	1246	174
HA|PP755589.1|A/cattle/Texas/24-008749-003/2024(H5N1)	1247	174
HA|PP755589.1|A/cattle/Texas/24-008749-003/2024(H5N1)	1248	174
HA|PP755589.1|A/cattle/Texas/24-008749-003/2024(H5N1)	1249	230
HA|PP755589.1|A/cattle/Texas/24-008749-003/2024(H5N1)	1250	233
HA|PP755589.1|A/cattle/Texas/24-008749-003/2024(H5N1)	1251	233
HA|PP755589.1|A/cattle/Texas/24-008749-003/2024(H5N1)	1252	233
HA|PP755589.1|A/cattle/Texas/24-008749-003/2024(H5N1)	1253	233
HA|PP755589.1|A/cattle/Texas/24-008749-003/2024(H5N1)	1254	289
HA|PP755589.1|A/cattle/Texas/24-008749-003/2024(H5N1)	1255	1454
HA|PP755589.1|A/cattle/Texas/24-008749-003/2024(H5N1)	1256	1514
HA|PP755589.1|A/cattle/Texas/24-008749-003/2024(H5N1)	1257	1572
HA|PP755589.1|A/cattle/Texas/24-008749-003/2024(H5N1)	1258	1572
HA|PP755589.1|A/cattle/Texas/24-008749-003/2024(H5N1)	1259	1599
HA|PP755589.1|A/cattle/Texas/24-008749-003/2024(H5N1)	1260	1608
HA|PP755589.1|A/cattle/Texas/24-008749-003/2024(H5N1)	1261	1608
HA|PP755589.1|A/cattle/Texas/24-008749-003/2024(H5N1)	1262	1620
HA|PP755589.1|A/cattle/Texas/24-008749-003/2024(H5N1)	1263	1706
HA|PP755589.1|A/cattle/Texas/24-008749-003/2024(H5N1)	1264	1715
HA|PP755589.1|A/cattle/Texas/24-008749-003/2024(H5N1)	1265	1747
HA|PP755589.1|A/cattle/Texas/24-008749-003/2024(H5N1)	1266	1747
HA|PP755589.1|A/cattle/Texas/24-008749-003/2024(H5N1)	1267	1750
HA|PP755589.1|A/cattle/Texas/24-008749-003/2024(H5N1)	1268	1780
HA|PP755589.1|A/cattle/Texas/24-008749-003/2024(H5N1)	1269	1863
HA|PP755589.1|A/cattle/Texas/24-008749-003/2024(H5N1)	1270	1871
HA|PP755589.1|A/cattle/Texas/24-008749-003/2024(H5N1)	1271	1876
HA|PP755589.1|A/cattle/Texas/24-008749-003/2024(H5N1)	1272	1877
HA|PP755589.1|A/cattle/Texas/24-008749-003/2024(H5N1)	1273	1877
HA|PP755589.1|A/cattle/Texas/24-008749-003/2024(H5N1)	1274	1884
HA|PP755589.1|A/cattle/Texas/24-008749-003/2024(H5N1)	1275	1890
HA|PP755589.1|A/cattle/Texas/24-008749-003/2024(H5N1)	1276	1890
HA|PP755589.1|A/cattle/Texas/24-008749-003/2024(H5N1)	1277	1890
HA|PP755589.1|A/cattle/Texas/24-008749-003/2024(H5N1)	1278	1890
HA|PP755589.1|A/cattle/Texas/24-008749-003/2024(H5N1)	1279	1892
HA|PP755589.1|A/cattle/Texas/24-008749-003/2024(H5N1)	1280	1932
HA|PP755589.1|A/cattle/Texas/24-008749-003/2024(H5N1)	1281	1991
HA|PP755589.1|A/cattle/Texas/24-008749-003/2024(H5N1)	1282	2006
HA|PP755589.1|A/cattle/Texas/24-008749-003/2024(H5N1)	1283	2015
HA|PP755589.1|A/cattle/Texas/24-008749-003/2024(H5N1)	1284	2018
HA|PP755589.1|A/cattle/Texas/24-008749-003/2024(H5N1)	1285	2029
HA|PP755589.1|A/cattle/Texas/24-008749-003/2024(H5N1)	1286	2029
HA|PP755589.1|A/cattle/Texas/24-008749-003/2024(H5N1)	1287	2029
HA|PP755589.1|A/cattle/Texas/24-008749-003/2024(H5N1)	1288	2029
HA|PP755589.1|A/cattle/Texas/24-008749-003/2024(H5N1)	1289	2029
HA|PP755589.1|A/cattle/Texas/24-008749-003/2024(H5N1)	1290	2029
HA|PP755589.1|A/cattle/Texas/24-008749-003/2024(H5N1)	1291	2029
HA|PP755589.1|A/cattle/Texas/24-008749-003/2024(H5N1)	1292	2029
HA|PP755589.1|A/cattle/Texas/24-008749-003/2024(H5N1)	1293	2012
HA|PP755589.1|A/cattle/Texas/24-008749-003/2024(H5N1)	1294	2012
HA|PP755589.1|A/cattle/Texas/24-008749-003/2024(H5N1)	1295	2011
HA|PP755589.1|A/cattle/Texas/24-008749-003/2024(H5N1)	1296	2011
HA|PP755589.1|A/cattle/Texas/24-008749-003/2024(H5N1)	1297	2011
HA|PP755589.1|A/cattle/Texas/24-008749-003/2024(H5N1)	1298	2011
HA|PP755589.1|A/cattle/Texas/24-008749-003/2024(H5N1)	1299	2011
HA|PP755589.1|A/cattle/Texas/24-008749-003/2024(H5N1)	1300	2013
HA|PP755589.1|A/cattle/Texas/24-008749-003/2024(H5N1)	1301	2254
HA|PP755589.1|A/cattle/Texas/24-008749-003/2024(H5N1)	1302	2255
HA|PP755589.1|A/cattle/Texas/24-008749-003/2024(H5N1)	1303	2267
HA|PP755589.1|A/cattle/Texas/24-008749-003/2024(H5N1)	1304	2363
HA|PP755589.1|A/cattle/Texas/24-008749-003/2024(H5N1)	1305	2469
HA|PP755589.1|A/cattle/Texas/24-008749-003/2024(H5N1)	1306	2537
HA|PP755589.1|A/cattle/Texas/24-008749-003/2024(H5N1)	1307	2538
HA|PP755589.1|A/cattle/Texas/24-008749-003/2024(H5N1)	1308	2538
HA|PP755589.1|A/cattle/Texas/24-008749-003/2024(H5N1)	1309	2540
HA|PP755589.1|A/cattle/Texas/24-008749-003/2024(H5N1)	1310	2540
HA|PP755589.1|A/cattle/Texas/24-008749-003/2024(H5N1)	1311	2687
HA|PP755589.1|A/cattle/Texas/24-008749-003/2024(H5N1)	1312	2705
HA|PP755589.1|A/cattle/Texas/24-008749-003/2024(H5N1)	1313	2705
HA|PP755589.1|A/cattle/Texas/24-008749-003/2024(H5N1)	1314	2702
HA|PP755589.1|A/cattle/Texas/24-008749-003/2024(H5N1)	1315	2709
HA|PP755589.1|A/cattle/Texas/24-008749-003/2024(H5N1)	1316	2744
HA|PP755589.1|A/cattle/Texas/24-008749-003/2024(H5N1)	1317	2761
HA|PP755589.1|A/cattle/Texas/24-008749-003/2024(H5N1)	1318	2882
HA|PP755589.1|A/cattle/Texas/24-008749-003/2024(H5N1)	1319	3014
HA|PP755589.1|A/cattle/Texas/24-008749-003/2024(H5N1)	1320	3037
HA|PP755589.1|A/cattle/Texas/24-008749-003/2024(H5N1)	1321	3049
HA|PP755589.1|A/cattle/Texas/24-008749-003/2024(H5N1)	1322	3050
HA|PP755589.1|A/cattle/Texas/24-008749-003/2024(H5N1)	1323	3050
HA|PP755589.1|A/cattle/Texas/24-008749-003/2024(H5N1)	1324	3083
HA|PP755589.1|A/cattle/Texas/24-008749-003/2024(H5N1)	1325	3167
HA|PP755589.1|A/cattle/Texas/24-008749-003/2024(H5N1)	1326	3175
HA|PP755589.1|A/cattle/Texas/24-008749-003/2024(H5N1)	1327	3212
HA|PP755589.1|A/cattle/Texas/24-008749-003/2024(H5N1)	1328	3246
HA|PP755589.1|A/cattle/Texas/24-008749-003/2024(H5N1)	1329	3264
HA|PP755589.1|A/cattle/Texas/24-008749-003/2024(H5N1)	1330	3283
HA|PP755589.1|A/cattle/Texas/24-008749-003/2024(H5N1)	1331	3283
HA|PP755589.1|A/cattle/Texas/24-008749-003/2024(H5N1)	1332	3283
HA|PP755589.1|A/cattle/Texas/24-008749-003/2024(H5N1)	1333	3283
HA|PP755589.1|A/cattle/Texas/24-008749-003/2024(H5N1)	1334	3297
HA|PP755589.1|A/cattle/Texas/24-008749-003/2024(H5N1)	1335	3299
HA|PP755589.1|A/cattle/Texas/24-008749-003/2024(H5N1)	1336	3379
HA|PP755589.1|A/cattle/Texas/24-008749-003/2024(H5N1)	1337	3443
HA|PP755589.1|A/cattle/Texas/24-008749-003/2024(H5N1)	1338	3464
HA|PP755589.1|A/cattle/Texas/24-008749-003/2024(H5N1)	1339	3479
HA|PP755589.1|A/cattle/Texas/24-008749-003/2024(H5N1)	1340	3488
HA|PP755589.1|A/cattle/Texas/24-008749-003/2024(H5N1)	1341	3488
HA|PP755589.1|A/cattle/Texas/24-008749-003/2024(H5N1)	1342	3514
HA|PP755589.1|A/cattle/Texas/24-008749-003/2024(H5N1)	1343	3512
HA|PP755589.1|A/cattle/Texas/24-008749-003/2024(H5N1)	1344	3478
HA|PP755589.1|A/cattle/Texas/24-008749-003/2024(H5N1)	1345	3447
HA|PP755589.1|A/cattle/Texas/24-008749-003/2024(H5N1)	1346	3447
HA|PP755589.1|A/cattle/Texas/24-008749-003/2024(H5N1)	1347	3400
HA|PP755589.1|A/cattle/Texas/24-008749-003/2024(H5N1)	1348	3400
HA|PP755589.1|A/cattle/Texas/24-008749-003/2024(H5N1)	1349	3341
HA|PP755589.1|A/cattle/Texas/24-008749-003/2024(H5N1)	1350	3341
HA|PP755589.1|A/cattle/Texas/24-008749-003/2024(H5N1)	1351	3341
HA|PP755589.1|A/cattle/Texas/24-008749-003/2024(H5N1)	1352	3342
HA|PP755589.1|A/cattle/Texas/24-008749-003/2024(H5N1)	1353	3054
HA|PP755589.1|A/cattle/Texas/24-008749-003/2024(H5N1)	1354	3055
HA|PP755589.1|A/cattle/Texas/24-008749-003/2024(H5N1)	1355	3055
HA|PP755589.1|A/cattle/Texas/24-008749-003/2024(H5N1)	1356	3055
HA|PP755589.1|A/cattle/Texas/24-008749-003/2024(H5N1)	1357	3055
HA|PP755589.1|A/cattle/Texas/24-008749-003/2024(H5N1)	1358	3055
HA|PP755589.1|A/cattle/Texas/24-008749-003/2024(H5N1)	1359	3055
HA|PP755589.1|A/cattle/Texas/24-008749-003/2024(H5N1)	1360	3197
HA|PP755589.1|A/cattle/Texas/24-008749-003/2024(H5N1)	1361	3265
HA|PP755589.1|A/cattle/Texas/24-008749-003/2024(H5N1)	1362	3267
HA|PP755589.1|A/cattle/Texas/24-008749-003/2024(H5N1)	1363	3527
HA|PP755589.1|A/cattle/Texas/24-008749-003/2024(H5N1)	1364	3554
HA|PP755589.1|A/cattle/Texas/24-008749-003/2024(H5N1)	1365	3559
HA|PP755589.1|A/cattle/Texas/24-008749-003/2024(H5N1)	1366	3561
HA|PP755589.1|A/cattle/Texas/24-008749-003/2024(H5N1)	1367	3561
HA|PP755589.1|A/cattle/Texas/24-008749-003/2024(H5N1)	1368	3564
HA|PP755589.1|A/cattle/Texas/24-008749-003/2024(H5N1)	1369	3566
HA|PP755589.1|A/cattle/Texas/24-008749-003/2024(H5N1)	1370	3569
HA|PP755589.1|A/cattle/Texas/24-008749-003/2024(H5N1)	1371	3569
HA|PP755589.1|A/cattle/Texas/24-008749-003/2024(H5N1)	1372	3569
HA|PP755589.1|A/cattle/Texas/24-008749-003/2024(H5N1)	1373	3569
HA|PP755589.1|A/cattle/Texas/24-008749-003/2024(H5N1)	1374	3558
HA|PP755589.1|A/cattle/Texas/24-008749-003/2024(H5N1)	1375	3555
HA|PP755589.1|A/cattle/Texas/24-008749-003/2024(H5N1)	1376	3555
HA|PP755589.1|A/cattle/Texas/24-008749-003/2024(H5N1)	1377	3552
HA|PP755589.1|A/cattle/Texas/24-008749-003/2024(H5N1)	1378	3551
HA|PP755589.1|A/cattle/Texas/24-008749-003/2024(H5N1)	1379	3499
HA|PP755589.1|A/cattle/Texas/24-008749-003/2024(H5N1)	1380	3494
HA|PP755589.1|A/cattle/Texas/24-008749-003/2024(H5N1)	1381	3493
HA|PP755589.1|A/cattle/Texas/24-008749-003/2024(H5N1)	1382	3433
HA|PP755589.1|A/cattle/Texas/24-008749-003/2024(H5N1)	1383	3432
HA|PP755589.1|A/cattle/Texas/24-008749-003/2024(H5N1)	1384	3423
HA|PP755589.1|A/cattle/Texas/24-008749-003/2024(H5N1)	1385	3408
HA|PP755589.1|A/cattle/Texas/24-008749-003/2024(H5N1)	1386	3394
HA|PP755589.1|A/cattle/Texas/24-008749-003/2024(H5N1)	1387	3310
HA|PP755589.1|A/cattle/Texas/24-008749-003/2024(H5N1)	1388	3281
HA|PP755589.1|A/cattle/Texas/24-008749-003/2024(H5N1)	1389	768
HA|PP755589.1|A/cattle/Texas/24-008749-003/2024(H5N1)	1390	768
HA|PP755589.1|A/cattle/Texas/24-008749-003/2024(H5N1)	1391	671
HA|PP755589.1|A/cattle/Texas/24-008749-003/2024(H5N1)	1392	639
HA|PP755589.1|A/cattle/Texas/24-008749-003/2024(H5N1)	1393	639
HA|PP755589.1|A/cattle/Texas/24-008749-003/2024(H5N1)	1394	639
HA|PP755589.1|A/cattle/Texas/24-008749-003/2024(H5N1)	1395	529
HA|PP755589.1|A/cattle/Texas/24-008749-003/2024(H5N1)	1396	529
HA|PP755589.1|A/cattle/Texas/24-008749-003/2024(H5N1)	1397	529
HA|PP755589.1|A/cattle/Texas/24-008749-003/2024(H5N1)	1398	529
HA|PP755589.1|A/cattle/Texas/24-008749-003/2024(H5N1)	1399	529
HA|PP755589.1|A/cattle/Texas/24-008749-003/2024(H5N1)	1400	529
HA|PP755589.1|A/cattle/Texas/24-008749-003/2024(H5N1)	1401	529
HA|PP755589.1|A/cattle/Texas/24-008749-003/2024(H5N1)	1402	529
HA|PP755589.1|A/cattle/Texas/24-008749-003/2024(H5N1)	1403	529
HA|PP755589.1|A/cattle/Texas/24-008749-003/2024(H5N1)	1404	529
HA|PP755589.1|A/cattle/Texas/24-008749-003/2024(H5N1)	1405	529
HA|PP755589.1|A/cattle/Texas/24-008749-003/2024(H5N1)	1406	529
HA|PP755589.1|A/cattle/Texas/24-008749-003/2024(H5N1)	1407	529
HA|PP755589.1|A/cattle/Texas/24-008749-003/2024(H5N1)	1408	529
HA|PP755589.1|A/cattle/Texas/24-008749-003/2024(H5N1)	1409	529
HA|PP755589.1|A/cattle/Texas/24-008749-003/2024(H5N1)	1410	529
HA|PP755589.1|A/cattle/Texas/24-008749-003/2024(H5N1)	1411	529
HA|PP755589.1|A/cattle/Texas/24-008749-003/2024(H5N1)	1412	529
HA|PP755589.1|A/cattle/Texas/24-008749-003/2024(H5N1)	1413	529
HA|PP755589.1|A/cattle/Texas/24-008749-003/2024(H5N1)	1414	529
HA|PP755589.1|A/cattle/Texas/24-008749-003/2024(H5N1)	1415	529
HA|PP755589.1|A/cattle/Texas/24-008749-003/2024(H5N1)	1416	529
HA|PP755589.1|A/cattle/Texas/24-008749-003/2024(H5N1)	1417	529
HA|PP755589.1|A/cattle/Texas/24-008749-003/2024(H5N1)	1418	529
HA|PP755589.1|A/cattle/Texas/24-008749-003/2024(H5N1)	1419	529
HA|PP755589.1|A/cattle/Texas/24-008749-003/2024(H5N1)	1420	529
HA|PP755589.1|A/cattle/Texas/24-008749-003/2024(H5N1)	1421	529
HA|PP755589.1|A/cattle/Texas/24-008749-003/2024(H5N1)	1422	529
HA|PP755589.1|A/cattle/Texas/24-008749-003/2024(H5N1)	1423	529
HA|PP755589.1|A/cattle/Texas/24-008749-003/2024(H5N1)	1424	529
HA|PP755589.1|A/cattle/Texas/24-008749-003/2024(H5N1)	1425	529
HA|PP755589.1|A/cattle/Texas/24-008749-003/2024(H5N1)	1426	529
HA|PP755589.1|A/cattle/Texas/24-008749-003/2024(H5N1)	1427	529
HA|PP755589.1|A/cattle/Texas/24-008749-003/2024(H5N1)	1428	529
HA|PP755589.1|A/cattle/Texas/24-008749-003/2024(H5N1)	1429	531
HA|PP755589.1|A/cattle/Texas/24-008749-003/2024(H5N1)	1430	531
HA|PP755589.1|A/cattle/Texas/24-008749-003/2024(H5N1)	1431	531
HA|PP755589.1|A/cattle/Texas/24-008749-003/2024(H5N1)	1432	531
HA|PP755589.1|A/cattle/Texas/24-008749-003/2024(H5N1)	1433	559
HA|PP755589.1|A/cattle/Texas/24-008749-003/2024(H5N1)	1434	572
HA|PP755589.1|A/cattle/Texas/24-008749-003/2024(H5N1)	1435	572
HA|PP755589.1|A/cattle/Texas/24-008749-003/2024(H5N1)	1436	572
HA|PP755589.1|A/cattle/Texas/24-008749-003/2024(H5N1)	1437	572
HA|PP755589.1|A/cattle/Texas/24-008749-003/2024(H5N1)	1438	584
HA|PP755589.1|A/cattle/Texas/24-008749-003/2024(H5N1)	1439	588
HA|PP755589.1|A/cattle/Texas/24-008749-003/2024(H5N1)	1440	588
HA|PP755589.1|A/cattle/Texas/24-008749-003/2024(H5N1)	1441	588
HA|PP755589.1|A/cattle/Texas/24-008749-003/2024(H5N1)	1442	588
HA|PP755589.1|A/cattle/Texas/24-008749-003/2024(H5N1)	1443	588
HA|PP755589.1|A/cattle/Texas/24-008749-003/2024(H5N1)	1444	732
HA|PP755589.1|A/cattle/Texas/24-008749-003/2024(H5N1)	1445	732
HA|PP755589.1|A/cattle/Texas/24-008749-003/2024(H5N1)	1446	732
HA|PP755589.1|A/cattle/Texas/24-008749-003/2024(H5N1)	1447	733
HA|PP755589.1|A/cattle/Texas/24-008749-003/2024(H5N1)	1448	765
HA|PP755589.1|A/cattle/Texas/24-008749-003/2024(H5N1)	1449	768
HA|PP755589.1|A/cattle/Texas/24-008749-003/2024(H5N1)	1450	2571
HA|PP755589.1|A/cattle/Texas/24-008749-003/2024(H5N1)	1451	2613
HA|PP755589.1|A/cattle/Texas/24-008749-003/2024(H5N1)	1452	2684
HA|PP755589.1|A/cattle/Texas/24-008749-003/2024(H5N1)	1453	2693
HA|PP755589.1|A/cattle/Texas/24-008749-003/2024(H5N1)	1454	2694
HA|PP755589.1|A/cattle/Texas/24-008749-003/2024(H5N1)	1455	2728
HA|PP755589.1|A/cattle/Texas/24-008749-003/2024(H5N1)	1456	2733
HA|PP755589.1|A/cattle/Texas/24-008749-003/2024(H5N1)	1457	2748
HA|PP755589.1|A/cattle/Texas/24-008749-003/2024(H5N1)	1458	2776
HA|PP755589.1|A/cattle/Texas/24-008749-003/2024(H5N1)	1459	2790
HA|PP755589.1|A/cattle/Texas/24-008749-003/2024(H5N1)	1460	2957
HA|PP755589.1|A/cattle/Texas/24-008749-003/2024(H5N1)	1461	2965
HA|PP755589.1|A/cattle/Texas/24-008749-003/2024(H5N1)	1462	3058
HA|PP755589.1|A/cattle/Texas/24-008749-003/2024(H5N1)	1463	3059
HA|PP755589.1|A/cattle/Texas/24-008749-003/2024(H5N1)	1464	3134
HA|PP755589.1|A/cattle/Texas/24-008749-003/2024(H5N1)	1465	3185
HA|PP755589.1|A/cattle/Texas/24-008749-003/2024(H5N1)	1466	3196
HA|PP755589.1|A/cattle/Texas/24-008749-003/2024(H5N1)	1467	3235
HA|PP755589.1|A/cattle/Texas/24-008749-003/2024(H5N1)	1468	3245
HA|PP755589.1|A/cattle/Texas/24-008749-003/2024(H5N1)	1469	3251
HA|PP755589.1|A/cattle/Texas/24-008749-003/2024(H5N1)	1470	3281
HA|PP755589.1|A/cattle/Texas/24-008749-003/2024(H5N1)	1471	3290
HA|PP755589.1|A/cattle/Texas/24-008749-003/2024(H5N1)	1472	3303
HA|PP755589.1|A/cattle/Texas/24-008749-003/2024(H5N1)	1473	3305
HA|PP755589.1|A/cattle/Texas/24-008749-003/2024(H5N1)	1474	3308
HA|PP755589.1|A/cattle/Texas/24-008749-003/2024(H5N1)	1475	3311
HA|PP755589.1|A/cattle/Texas/24-008749-003/2024(H5N1)	1476	3313
HA|PP755589.1|A/cattle/Texas/24-008749-003/2024(H5N1)	1477	3354
HA|PP755589.1|A/cattle/Texas/24-008749-003/2024(H5N1)	1478	3354
HA|PP755589.1|A/cattle/Texas/24-008749-003/2024(H5N1)	1479	3484
HA|PP755589.1|A/cattle/Texas/24-008749-003/2024(H5N1)	1480	3727
HA|PP755589.1|A/cattle/Texas/24-008749-003/2024(H5N1)	1481	3732
HA|PP755589.1|A/cattle/Texas/24-008749-003/2024(H5N1)	1482	3732
HA|PP755589.1|A/cattle/Texas/24-008749-003/2024(H5N1)	1483	3733
HA|PP755589.1|A/cattle/Texas/24-008749-003/2024(H5N1)	1484	3735
HA|PP755589.1|A/cattle/Texas/24-008749-003/2024(H5N1)	1485	3742
HA|PP755589.1|A/cattle/Texas/24-008749-003/2024(H5N1)	1486	3742
HA|PP755589.1|A/cattle/Texas/24-008749-003/2024(H5N1)	1487	3768
HA|PP755589.1|A/cattle/Texas/24-008749-003/2024(H5N1)	1488	3773
HA|PP755589.1|A/cattle/Texas/24-008749-003/2024(H5N1)	1489	3775
HA|PP755589.1|A/cattle/Texas/24-008749-003/2024(H5N1)	1490	3801
HA|PP755589.1|A/cattle/Texas/24-008749-003/2024(H5N1)	1491	3791
HA|PP755589.1|A/cattle/Texas/24-008749-003/2024(H5N1)	1492	3782
HA|PP755589.1|A/cattle/Texas/24-008749-003/2024(H5N1)	1493	3772
HA|PP755589.1|A/cattle/Texas/24-008749-003/2024(H5N1)	1494	3770
HA|PP755589.1|A/cattle/Texas/24-008749-003/2024(H5N1)	1495	3758
HA|PP755589.1|A/cattle/Texas/24-008749-003/2024(H5N1)	1496	3715
HA|PP755589.1|A/cattle/Texas/24-008749-003/2024(H5N1)	1497	3705
HA|PP755589.1|A/cattle/Texas/24-008749-003/2024(H5N1)	1498	3677
HA|PP755589.1|A/cattle/Texas/24-008749-003/2024(H5N1)	1499	3675
HA|PP755589.1|A/cattle/Texas/24-008749-003/2024(H5N1)	1500	3666
HA|PP755589.1|A/cattle/Texas/24-008749-003/2024(H5N1)	1501	3660
HA|PP755589.1|A/cattle/Texas/24-008749-003/2024(H5N1)	1502	3641
HA|PP755589.1|A/cattle/Texas/24-008749-003/2024(H5N1)	1503	3638
HA|PP755589.1|A/cattle/Texas/24-008749-003/2024(H5N1)	1504	3633
HA|PP755589.1|A/cattle/Texas/24-008749-003/2024(H5N1)	1505	3550
HA|PP755589.1|A/cattle/Texas/24-008749-003/2024(H5N1)	1506	3527
HA|PP755589.1|A/cattle/Texas/24-008749-003/2024(H5N1)	1507	3521
HA|PP755589.1|A/cattle/Texas/24-008749-003/2024(H5N1)	1508	3510
HA|PP755589.1|A/cattle/Texas/24-008749-003/2024(H5N1)	1509	3500
HA|PP755589.1|A/cattle/Texas/24-008749-003/2024(H5N1)	1510	3326
HA|PP755589.1|A/cattle/Texas/24-008749-003/2024(H5N1)	1511	3317
HA|PP755589.1|A/cattle/Texas/24-008749-003/2024(H5N1)	1512	121
HA|PP755589.1|A/cattle/Texas/24-008749-003/2024(H5N1)	1513	119
HA|PP755589.1|A/cattle/Texas/24-008749-003/2024(H5N1)	1514	104
HA|PP755589.1|A/cattle/Texas/24-008749-003/2024(H5N1)	1515	91
HA|PP755589.1|A/cattle/Texas/24-008749-003/2024(H5N1)	1516	91
HA|PP755589.1|A/cattle/Texas/24-008749-003/2024(H5N1)	1517	91
HA|PP755589.1|A/cattle/Texas/24-008749-003/2024(H5N1)	1518	90
HA|PP755589.1|A/cattle/Texas/24-008749-003/2024(H5N1)	1519	90
HA|PP755589.1|A/cattle/Texas/24-008749-003/2024(H5N1)	1520	90
HA|PP755589.1|A/cattle/Texas/24-008749-003/2024(H5N1)	1521	90
HA|PP755589.1|A/cattle/Texas/24-008749-003/2024(H5N1)	1522	90
HA|PP755589.1|A/cattle/Texas/24-008749-003/2024(H5N1)	1523	90
HA|PP755589.1|A/cattle/Texas/24-008749-003/2024(H5N1)	1524	74
HA|PP755589.1|A/cattle/Texas/24-008749-003/2024(H5N1)	1525	74
HA|PP755589.1|A/cattle/Texas/24-008749-003/2024(H5N1)	1526	74
HA|PP755589.1|A/cattle/Texas/24-008749-003/2024(H5N1)	1527	74
HA|PP755589.1|A/cattle/Texas/24-008749-003/2024(H5N1)	1528	74
HA|PP755589.1|A/cattle/Texas/24-008749-003/2024(H5N1)	1529	74
HA|PP755589.1|A/cattle/Texas/24-008749-003/2024(H5N1)	1530	74
HA|PP755589.1|A/cattle/Texas/24-008749-003/2024(H5N1)	1531	74
HA|PP755589.1|A/cattle/Texas/24-008749-003/2024(H5N1)	1532	74
HA|PP755589.1|A/cattle/Texas/24-008749-003/2024(H5N1)	1533	74
HA|PP755589.1|A/cattle/Texas/24-008749-003/2024(H5N1)	1534	74
HA|PP755589.1|A/cattle/Texas/24-008749-003/2024(H5N1)	1535	74
HA|PP755589.1|A/cattle/Texas/24-008749-003/2024(H5N1)	1536	74
HA|PP755589.1|A/cattle/Texas/24-008749-003/2024(H5N1)	1537	74
HA|PP755589.1|A/cattle/Texas/24-008749-003/2024(H5N1)	1538	74
HA|PP755589.1|A/cattle/Texas/24-008749-003/2024(H5N1)	1539	74
HA|PP755589.1|A/cattle/Texas/24-008749-003/2024(H5N1)	1540	74
HA|PP755589.1|A/cattle/Texas/24-008749-003/2024(H5N1)	1541	74
HA|PP755589.1|A/cattle/Texas/24-008749-003/2024(H5N1)	1542	74
HA|PP755589.1|A/cattle/Texas/24-008749-003/2024(H5N1)	1543	74
HA|PP755589.1|A/cattle/Texas/24-008749-003/2024(H5N1)	1544	74
HA|PP755589.1|A/cattle/Texas/24-008749-003/2024(H5N1)	1545	74
HA|PP755589.1|A/cattle/Texas/24-008749-003/2024(H5N1)	1546	74
HA|PP755589.1|A/cattle/Texas/24-008749-003/2024(H5N1)	1547	74
HA|PP755589.1|A/cattle/Texas/24-008749-003/2024(H5N1)	1548	74
HA|PP755589.1|A/cattle/Texas/24-008749-003/2024(H5N1)	1549	111
HA|PP755589.1|A/cattle/Texas/24-008749-003/2024(H5N1)	1550	138
HA|PP755589.1|A/cattle/Texas/24-008749-003/2024(H5N1)	1551	138
HA|PP755589.1|A/cattle/Texas/24-008749-003/2024(H5N1)	1552	138
HA|PP755589.1|A/cattle/Texas/24-008749-003/2024(H5N1)	1553	138
HA|PP755589.1|A/cattle/Texas/24-008749-003/2024(H5N1)	1554	138
HA|PP755589.1|A/cattle/Texas/24-008749-003/2024(H5N1)	1555	138
HA|PP755589.1|A/cattle/Texas/24-008749-003/2024(H5N1)	1556	138
HA|PP755589.1|A/cattle/Texas/24-008749-003/2024(H5N1)	1557	238
HA|PP755589.1|A/cattle/Texas/24-008749-003/2024(H5N1)	1558	238
HA|PP755589.1|A/cattle/Texas/24-008749-003/2024(H5N1)	1559	258
HA|PP755589.1|A/cattle/Texas/24-008749-003/2024(H5N1)	1560	292
HA|PP755589.1|A/cattle/Texas/24-008749-003/2024(H5N1)	1561	292
HA|PP755589.1|A/cattle/Texas/24-008749-003/2024(H5N1)	1562	292
HA|PP755589.1|A/cattle/Texas/24-008749-003/2024(H5N1)	1563	292
HA|PP755589.1|A/cattle/Texas/24-008749-003/2024(H5N1)	1564	325
HA|PP755589.1|A/cattle/Texas/24-008749-003/2024(H5N1)	1565	328
HA|PP755589.1|A/cattle/Texas/24-008749-003/2024(H5N1)	1566	328
HA|PP755589.1|A/cattle/Texas/24-008749-003/2024(H5N1)	1567	328
HA|PP755589.1|A/cattle/Texas/24-008749-003/2024(H5N1)	1568	328
HA|PP755589.1|A/cattle/Texas/24-008749-003/2024(H5N1)	1569	328
HA|PP755589.1|A/cattle/Texas/24-008749-003/2024(H5N1)	1570	328
HA|PP755589.1|A/cattle/Texas/24-008749-003/2024(H5N1)	1571	328
HA|PP755589.1|A/cattle/Texas/24-008749-003/2024(H5N1)	1572	328
HA|PP755589.1|A/cattle/Texas/24-008749-003/2024(H5N1)	1573	328
HA|PP755589.1|A/cattle/Texas/24-008749-003/2024(H5N1)	1574	328
HA|PP755589.1|A/cattle/Texas/24-008749-003/2024(H5N1)	1575	328
HA|PP755589.1|A/cattle/Texas/24-008749-003/2024(H5N1)	1576	328
HA|PP755589.1|A/cattle/Texas/24-008749-003/2024(H5N1)	1577	328
HA|PP755589.1|A/cattle/Texas/24-008749-003/2024(H5N1)	1578	328
HA|PP755589.1|A/cattle/Texas/24-008749-003/2024(H5N1)	1579	328
HA|PP755589.1|A/cattle/Texas/24-008749-003/2024(H5N1)	1580	328
HA|PP755589.1|A/cattle/Texas/24-008749-003/2024(H5N1)	1581	328
HA|PP755589.1|A/cattle/Texas/24-008749-003/2024(H5N1)	1582	328
HA|PP755589.1|A/cattle/Texas/24-008749-003/2024(H5N1)	1583	328
HA|PP755589.1|A/cattle/Texas/24-008749-003/2024(H5N1)	1584	328
HA|PP755589.1|A/cattle/Texas/24-008749-003/2024(H5N1)	1585	329
HA|PP755589.1|A/cattle/Texas/24-008749-003/2024(H5N1)	1586	329
HA|PP755589.1|A/cattle/Texas/24-008749-003/2024(H5N1)	1587	329
HA|PP755589.1|A/cattle/Texas/24-008749-003/2024(H5N1)	1588	331
HA|PP755589.1|A/cattle/Texas/24-008749-003/2024(H5N1)	1589	333
HA|PP755589.1|A/cattle/Texas/24-008749-003/2024(H5N1)	1590	341
HA|PP755589.1|A/cattle/Texas/24-008749-003/2024(H5N1)	1591	348
HA|PP755589.1|A/cattle/Texas/24-008749-003/2024(H5N1)	1592	350
HA|PP755589.1|A/cattle/Texas/24-008749-003/2024(H5N1)	1593	458
HA|PP755589.1|A/cattle/Texas/24-008749-003/2024(H5N1)	1594	479
HA|PP755589.1|A/cattle/Texas/24-008749-003/2024(H5N1)	1595	480
HA|PP755589.1|A/cattle/Texas/24-008749-003/2024(H5N1)	1596	480
HA|PP755589.1|A/cattle/Texas/24-008749-003/2024(H5N1)	1597	927
HA|PP755589.1|A/cattle/Texas/24-008749-003/2024(H5N1)	1598	947
HA|PP755589.1|A/cattle/Texas/24-008749-003/2024(H5N1)	1599	994
HA|PP755589.1|A/cattle/Texas/24-008749-003/2024(H5N1)	1600	998
HA|PP755589.1|A/cattle/Texas/24-008749-003/2024(H5N1)	1601	998
HA|PP755589.1|A/cattle/Texas/24-008749-003/2024(H5N1)	1602	998
HA|PP755589.1|A/cattle/Texas/24-008749-003/2024(H5N1)	1603	998
HA|PP755589.1|A/cattle/Texas/24-008749-003/2024(H5N1)	1604	1032
HA|PP755589.1|A/cattle/Texas/24-008749-003/2024(H5N1)	1605	1032
HA|PP755589.1|A/cattle/Texas/24-008749-003/2024(H5N1)	1606	2593
HA|PP755589.1|A/cattle/Texas/24-008749-003/2024(H5N1)	1607	2599
HA|PP755589.1|A/cattle/Texas/24-008749-003/2024(H5N1)	1608	2599
HA|PP755589.1|A/cattle/Texas/24-008749-003/2024(H5N1)	1609	2622
HA|PP755589.1|A/cattle/Texas/24-008749-003/2024(H5N1)	1610	2622
HA|PP755589.1|A/cattle/Texas/24-008749-003/2024(H5N1)	1611	2622
HA|PP755589.1|A/cattle/Texas/24-008749-003/2024(H5N1)	1612	2622
HA|PP755589.1|A/cattle/Texas/24-008749-003/2024(H5N1)	1613	2622
HA|PP755589.1|A/cattle/Texas/24-008749-003/2024(H5N1)	1614	2622
HA|PP755589.1|A/cattle/Texas/24-008749-003/2024(H5N1)	1615	2622
HA|PP755589.1|A/cattle/Texas/24-008749-003/2024(H5N1)	1616	2622
HA|PP755589.1|A/cattle/Texas/24-008749-003/2024(H5N1)	1617	2622
HA|PP755589.1|A/cattle/Texas/24-008749-003/2024(H5N1)	1618	2664
HA|PP755589.1|A/cattle/Texas/24-008749-003/2024(H5N1)	1619	2680
HA|PP755589.1|A/cattle/Texas/24-008749-003/2024(H5N1)	1620	2688
HA|PP755589.1|A/cattle/Texas/24-008749-003/2024(H5N1)	1621	2689
HA|PP755589.1|A/cattle/Texas/24-008749-003/2024(H5N1)	1622	2727
HA|PP755589.1|A/cattle/Texas/24-008749-003/2024(H5N1)	1623	2727
HA|PP755589.1|A/cattle/Texas/24-008749-003/2024(H5N1)	1624	2727
HA|PP755589.1|A/cattle/Texas/24-008749-003/2024(H5N1)	1625	2727
HA|PP755589.1|A/cattle/Texas/24-008749-003/2024(H5N1)	1626	2727
HA|PP755589.1|A/cattle/Texas/24-008749-003/2024(H5N1)	1627	2727
HA|PP755589.1|A/cattle/Texas/24-008749-003/2024(H5N1)	1628	2727
HA|PP755589.1|A/cattle/Texas/24-008749-003/2024(H5N1)	1629	2727
HA|PP755589.1|A/cattle/Texas/24-008749-003/2024(H5N1)	1630	2727
HA|PP755589.1|A/cattle/Texas/24-008749-003/2024(H5N1)	1631	2725
HA|PP755589.1|A/cattle/Texas/24-008749-003/2024(H5N1)	1632	2725
HA|PP755589.1|A/cattle/Texas/24-008749-003/2024(H5N1)	1633	2725
HA|PP755589.1|A/cattle/Texas/24-008749-003/2024(H5N1)	1634	2725
HA|PP755589.1|A/cattle/Texas/24-008749-003/2024(H5N1)	1635	2725
HA|PP755589.1|A/cattle/Texas/24-008749-003/2024(H5N1)	1636	2725
HA|PP755589.1|A/cattle/Texas/24-008749-003/2024(H5N1)	1637	2722
HA|PP755589.1|A/cattle/Texas/24-008749-003/2024(H5N1)	1638	2684
HA|PP755589.1|A/cattle/Texas/24-008749-003/2024(H5N1)	1639	2683
HA|PP755589.1|A/cattle/Texas/24-008749-003/2024(H5N1)	1640	2663
HA|PP755589.1|A/cattle/Texas/24-008749-003/2024(H5N1)	1641	2637
HA|PP755589.1|A/cattle/Texas/24-008749-003/2024(H5N1)	1642	2592
HA|PP755589.1|A/cattle/Texas/24-008749-003/2024(H5N1)	1643	2585
HA|PP755589.1|A/cattle/Texas/24-008749-003/2024(H5N1)	1644	2559
HA|PP755589.1|A/cattle/Texas/24-008749-003/2024(H5N1)	1645	2551
HA|PP755589.1|A/cattle/Texas/24-008749-003/2024(H5N1)	1646	2535
HA|PP755589.1|A/cattle/Texas/24-008749-003/2024(H5N1)	1647	2441
HA|PP755589.1|A/cattle/Texas/24-008749-003/2024(H5N1)	1648	2439
HA|PP755589.1|A/cattle/Texas/24-008749-003/2024(H5N1)	1649	2435
HA|PP755589.1|A/cattle/Texas/24-008749-003/2024(H5N1)	1650	2429
HA|PP755589.1|A/cattle/Texas/24-008749-003/2024(H5N1)	1651	2356
HA|PP755589.1|A/cattle/Texas/24-008749-003/2024(H5N1)	1652	2330
HA|PP755589.1|A/cattle/Texas/24-008749-003/2024(H5N1)	1653	2328
HA|PP755589.1|A/cattle/Texas/24-008749-003/2024(H5N1)	1654	2278
HA|PP755589.1|A/cattle/Texas/24-008749-003/2024(H5N1)	1655	2273
HA|PP755589.1|A/cattle/Texas/24-008749-003/2024(H5N1)	1656	2270
HA|PP755589.1|A/cattle/Texas/24-008749-003/2024(H5N1)	1657	2241
HA|PP755589.1|A/cattle/Texas/24-008749-003/2024(H5N1)	1658	2240
HA|PP755589.1|A/cattle/Texas/24-008749-003/2024(H5N1)	1659	2232
HA|PP755589.1|A/cattle/Texas/24-008749-003/2024(H5N1)	1660	2233
HA|PP755589.1|A/cattle/Texas/24-008749-003/2024(H5N1)	1661	2233
HA|PP755589.1|A/cattle/Texas/24-008749-003/2024(H5N1)	1662	2206
HA|PP755589.1|A/cattle/Texas/24-008749-003/2024(H5N1)	1663	2196
HA|PP755589.1|A/cattle/Texas/24-008749-003/2024(H5N1)	1664	2170
HA|PP755589.1|A/cattle/Texas/24-008749-003/2024(H5N1)	1665	2169
HA|PP755589.1|A/cattle/Texas/24-008749-003/2024(H5N1)	1666	2120
HA|PP755589.1|A/cattle/Texas/24-008749-003/2024(H5N1)	1667	2118
HA|PP755589.1|A/cattle/Texas/24-008749-003/2024(H5N1)	1668	2097
HA|PP755589.1|A/cattle/Texas/24-008749-003/2024(H5N1)	1669	2093
HA|PP755589.1|A/cattle/Texas/24-008749-003/2024(H5N1)	1670	2073
HA|PP755589.1|A/cattle/Texas/24-008749-003/2024(H5N1)	1671	2059
HA|PP755589.1|A/cattle/Texas/24-008749-003/2024(H5N1)	1672	2056
HA|PP755589.1|A/cattle/Texas/24-008749-003/2024(H5N1)	1673	2055
HA|PP755589.1|A/cattle/Texas/24-008749-003/2024(H5N1)	1674	1562
HA|PP755589.1|A/cattle/Texas/24-008749-003/2024(H5N1)	1675	1544
HA|PP755589.1|A/cattle/Texas/24-008749-003/2024(H5N1)	1676	1526
HA|PP755589.1|A/cattle/Texas/24-008749-003/2024(H5N1)	1677	1480
HA|PP755589.1|A/cattle/Texas/24-008749-003/2024(H5N1)	1678	1480
HA|PP755589.1|A/cattle/Texas/24-008749-003/2024(H5N1)	1679	1480
HA|PP755589.1|A/cattle/Texas/24-008749-003/2024(H5N1)	1680	1463
HA|PP755589.1|A/cattle/Texas/24-008749-003/2024(H5N1)	1681	1463
HA|PP755589.1|A/cattle/Texas/24-008749-003/2024(H5N1)	1682	1463
HA|PP755589.1|A/cattle/Texas/24-008749-003/2024(H5N1)	1683	1463
HA|PP755589.1|A/cattle/Texas/24-008749-003/2024(H5N1)	1684	1463
HA|PP755589.1|A/cattle/Texas/24-008749-003/2024(H5N1)	1685	1461
HA|PP755589.1|A/cattle/Texas/24-008749-003/2024(H5N1)	1686	1461
HA|PP755589.1|A/cattle/Texas/24-008749-003/2024(H5N1)	1687	1461
HA|PP755589.1|A/cattle/Texas/24-008749-003/2024(H5N1)	1688	1461
HA|PP755589.1|A/cattle/Texas/24-008749-003/2024(H5N1)	1689	1461
HA|PP755589.1|A/cattle/Texas/24-008749-003/2024(H5N1)	1690	1461
HA|PP755589.1|A/cattle/Texas/24-008749-003/2024(H5N1)	1691	1461
HA|PP755589.1|A/cattle/Texas/24-008749-003/2024(H5N1)	1692	1461
HA|PP755589.1|A/cattle/Texas/24-008749-003/2024(H5N1)	1693	1461
HA|PP755589.1|A/cattle/Texas/24-008749-003/2024(H5N1)	1694	1461
HA|PP755589.1|A/cattle/Texas/24-008749-003/2024(H5N1)	1695	1389
HA|PP755589.1|A/cattle/Texas/24-008749-003/2024(H5N1)	1696	1381
HA|PP755589.1|A/cattle/Texas/24-008749-003/2024(H5N1)	1697	1374
HA|PP755589.1|A/cattle/Texas/24-008749-003/2024(H5N1)	1698	1364
HA|PP755589.1|A/cattle/Texas/24-008749-003/2024(H5N1)	1699	1364
HA|PP755589.1|A/cattle/Texas/24-008749-003/2024(H5N1)	1700	1320
HA|PP755589.1|A/cattle/Texas/24-008749-003/2024(H5N1)	1701	12
HA|PP755589.1|A/cattle/Texas/24-008749-003/2024(H5N1)	1702	9
HA|PP755589.1|A/cattle/Texas/24-008749-003/2024(H5N1)	1703	3
HA|PP755589.1|A/cattle/Texas/24-008749-003/2024(H5N1)	1704	3
