MP|PP755590.1|A/cattle/Texas/24-008749-003/2024(H5N1)	1	5345
MP|PP755590.1|A/cattle/Texas/24-008749-003/2024(H5N1)	2	5422
MP|PP755590.1|A/cattle/Texas/24-008749-003/2024(H5N1)	3	5442
MP|PP755590.1|A/cattle/Texas/24-008749-003/2024(H5N1)	4	5452
MP|PP755590.1|A/cattle/Texas/24-008749-003/2024(H5N1)	5	5824
MP|PP755590.1|A/cattle/Texas/24-008749-003/2024(H5N1)	6	5922
MP|PP755590.1|A/cattle/Texas/24-008749-003/2024(H5N1)	7	6443
MP|PP755590.1|A/cattle/Texas/24-008749-003/2024(H5N1)	8	6720
MP|PP755590.1|A/cattle/Texas/24-008749-003/2024(H5N1)	9	6778
MP|PP755590.1|A/cattle/Texas/24-008749-003/2024(H5N1)	10	6787
MP|PP755590.1|A/cattle/Texas/24-008749-003/2024(H5N1)	11	6815
MP|PP755590.1|A/cattle/Texas/24-008749-003/2024(H5N1)	12	6901
MP|PP755590.1|A/cattle/Texas/24-008749-003/2024(H5N1)	13	6925
MP|PP755590.1|A/cattle/Texas/24-008749-003/2024(H5N1)	14	6928
MP|PP755590.1|A/cattle/Texas/24-008749-003/2024(H5N1)	15	6928
MP|PP755590.1|A/cattle/Texas/24-008749-003/2024(H5N1)	16	6932
MP|PP755590.1|A/cattle/Texas/24-008749-003/2024(H5N1)	17	6991
MP|PP755590.1|A/cattle/Texas/24-008749-003/2024(H5N1)	18	7049
MP|PP755590.1|A/cattle/Texas/24-008749-003/2024(H5N1)	19	7263
MP|PP755590.1|A/cattle/Texas/24-008749-003/2024(H5N1)	20	7266
MP|PP755590.1|A/cattle/Texas/24-008749-003/2024(H5N1)	21	7274
MP|PP755590.1|A/cattle/Texas/24-008749-003/2024(H5N1)	22	7275
MP|PP755590.1|A/cattle/Texas/24-008749-003/2024(H5N1)	23	7415
MP|PP755590.1|A/cattle/Texas/24-008749-003/2024(H5N1)	24	7427
MP|PP755590.1|A/cattle/Texas/24-008749-003/2024(H5N1)	25	7446
MP|PP755590.1|A/cattle/Texas/24-008749-003/2024(H5N1)	26	7704
MP|PP755590.1|A/cattle/Texas/24-008749-003/2024(H5N1)	27	7738
MP|PP755590.1|A/cattle/Texas/24-008749-003/2024(H5N1)	28	7761
MP|PP755590.1|A/cattle/Texas/24-008749-003/2024(H5N1)	29	7777
MP|PP755590.1|A/cattle/Texas/24-008749-003/2024(H5N1)	30	7819
MP|PP755590.1|A/cattle/Texas/24-008749-003/2024(H5N1)	31	7883
MP|PP755590.1|A/cattle/Texas/24-008749-003/2024(H5N1)	32	7904
MP|PP755590.1|A/cattle/Texas/24-008749-003/2024(H5N1)	33	8142
MP|PP755590.1|A/cattle/Texas/24-008749-003/2024(H5N1)	34	8304
MP|PP755590.1|A/cattle/Texas/24-008749-003/2024(H5N1)	35	8326
MP|PP755590.1|A/cattle/Texas/24-008749-003/2024(H5N1)	36	8667
MP|PP755590.1|A/cattle/Texas/24-008749-003/2024(H5N1)	37	8670
MP|PP755590.1|A/cattle/Texas/24-008749-003/2024(H5N1)	38	9054
MP|PP755590.1|A/cattle/Texas/24-008749-003/2024(H5N1)	39	9061
MP|PP755590.1|A/cattle/Texas/24-008749-003/2024(H5N1)	40	9116
MP|PP755590.1|A/cattle/Texas/24-008749-003/2024(H5N1)	41	9117
MP|PP755590.1|A/cattle/Texas/24-008749-003/2024(H5N1)	42	9135
MP|PP755590.1|A/cattle/Texas/24-008749-003/2024(H5N1)	43	9171
MP|PP755590.1|A/cattle/Texas/24-008749-003/2024(H5N1)	44	9175
MP|PP755590.1|A/cattle/Texas/24-008749-003/2024(H5N1)	45	9198
MP|PP755590.1|A/cattle/Texas/24-008749-003/2024(H5N1)	46	9269
MP|PP755590.1|A/cattle/Texas/24-008749-003/2024(H5N1)	47	9363
MP|PP755590.1|A/cattle/Texas/24-008749-003/2024(H5N1)	48	9422
MP|PP755590.1|A/cattle/Texas/24-008749-003/2024(H5N1)	49	9434
MP|PP755590.1|A/cattle/Texas/24-008749-003/2024(H5N1)	50	9458
MP|PP755590.1|A/cattle/Texas/24-008749-003/2024(H5N1)	51	9459
MP|PP755590.1|A/cattle/Texas/24-008749-003/2024(H5N1)	52	9550
MP|PP755590.1|A/cattle/Texas/24-008749-003/2024(H5N1)	53	9706
MP|PP755590.1|A/cattle/Texas/24-008749-003/2024(H5N1)	54	9720
MP|PP755590.1|A/cattle/Texas/24-008749-003/2024(H5N1)	55	9727
MP|PP755590.1|A/cattle/Texas/24-008749-003/2024(H5N1)	56	9868
MP|PP755590.1|A/cattle/Texas/24-008749-003/2024(H5N1)	57	10607
MP|PP755590.1|A/cattle/Texas/24-008749-003/2024(H5N1)	58	10630
MP|PP755590.1|A/cattle/Texas/24-008749-003/2024(H5N1)	59	10670
MP|PP755590.1|A/cattle/Texas/24-008749-003/2024(H5N1)	60	10679
MP|PP755590.1|A/cattle/Texas/24-008749-003/2024(H5N1)	61	10744
MP|PP755590.1|A/cattle/Texas/24-008749-003/2024(H5N1)	62	10768
MP|PP755590.1|A/cattle/Texas/24-008749-003/2024(H5N1)	63	10906
MP|PP755590.1|A/cattle/Texas/24-008749-003/2024(H5N1)	64	10933
MP|PP755590.1|A/cattle/Texas/24-008749-003/2024(H5N1)	65	10999
MP|PP755590.1|A/cattle/Texas/24-008749-003/2024(H5N1)	66	10969
MP|PP755590.1|A/cattle/Texas/24-008749-003/2024(H5N1)	67	10969
MP|PP755590.1|A/cattle/Texas/24-008749-003/2024(H5N1)	68	10995
MP|PP755590.1|A/cattle/Texas/24-008749-003/2024(H5N1)	69	11008
MP|PP755590.1|A/cattle/Texas/24-008749-003/2024(H5N1)	70	11299
MP|PP755590.1|A/cattle/Texas/24-008749-003/2024(H5N1)	71	11305
MP|PP755590.1|A/cattle/Texas/24-008749-003/2024(H5N1)	72	11318
MP|PP755590.1|A/cattle/Texas/24-008749-003/2024(H5N1)	73	11407
MP|PP755590.1|A/cattle/Texas/24-008749-003/2024(H5N1)	74	11477
MP|PP755590.1|A/cattle/Texas/24-008749-003/2024(H5N1)	75	11480
MP|PP755590.1|A/cattle/Texas/24-008749-003/2024(H5N1)	76	11640
MP|PP755590.1|A/cattle/Texas/24-008749-003/2024(H5N1)	77	11639
MP|PP755590.1|A/cattle/Texas/24-008749-003/2024(H5N1)	78	11680
MP|PP755590.1|A/cattle/Texas/24-008749-003/2024(H5N1)	79	11958
MP|PP755590.1|A/cattle/Texas/24-008749-003/2024(H5N1)	80	12738
MP|PP755590.1|A/cattle/Texas/24-008749-003/2024(H5N1)	81	12780
MP|PP755590.1|A/cattle/Texas/24-008749-003/2024(H5N1)	82	12907
MP|PP755590.1|A/cattle/Texas/24-008749-003/2024(H5N1)	83	13065
MP|PP755590.1|A/cattle/Texas/24-008749-003/2024(H5N1)	84	13128
MP|PP755590.1|A/cattle/Texas/24-008749-003/2024(H5N1)	85	13259
MP|PP755590.1|A/cattle/Texas/24-008749-003/2024(H5N1)	86	13282
MP|PP755590.1|A/cattle/Texas/24-008749-003/2024(H5N1)	87	13280
MP|PP755590.1|A/cattle/Texas/24-008749-003/2024(H5N1)	88	13290
MP|PP755590.1|A/cattle/Texas/24-008749-003/2024(H5N1)	89	13214
MP|PP755590.1|A/cattle/Texas/24-008749-003/2024(H5N1)	90	13264
MP|PP755590.1|A/cattle/Texas/24-008749-003/2024(H5N1)	91	13296
MP|PP755590.1|A/cattle/Texas/24-008749-003/2024(H5N1)	92	13352
MP|PP755590.1|A/cattle/Texas/24-008749-003/2024(H5N1)	93	13369
MP|PP755590.1|A/cattle/Texas/24-008749-003/2024(H5N1)	94	13348
MP|PP755590.1|A/cattle/Texas/24-008749-003/2024(H5N1)	95	13406
MP|PP755590.1|A/cattle/Texas/24-008749-003/2024(H5N1)	96	13607
MP|PP755590.1|A/cattle/Texas/24-008749-003/2024(H5N1)	97	13625
MP|PP755590.1|A/cattle/Texas/24-008749-003/2024(H5N1)	98	13650
MP|PP755590.1|A/cattle/Texas/24-008749-003/2024(H5N1)	99	13645
MP|PP755590.1|A/cattle/Texas/24-008749-003/2024(H5N1)	100	13790
MP|PP755590.1|A/cattle/Texas/24-008749-003/2024(H5N1)	101	13826
MP|PP755590.1|A/cattle/Texas/24-008749-003/2024(H5N1)	102	14131
MP|PP755590.1|A/cattle/Texas/24-008749-003/2024(H5N1)	103	14142
MP|PP755590.1|A/cattle/Texas/24-008749-003/2024(H5N1)	104	14136
MP|PP755590.1|A/cattle/Texas/24-008749-003/2024(H5N1)	105	14249
MP|PP755590.1|A/cattle/Texas/24-008749-003/2024(H5N1)	106	14293
MP|PP755590.1|A/cattle/Texas/24-008749-003/2024(H5N1)	107	14332
MP|PP755590.1|A/cattle/Texas/24-008749-003/2024(H5N1)	108	14376
MP|PP755590.1|A/cattle/Texas/24-008749-003/2024(H5N1)	109	14346
MP|PP755590.1|A/cattle/Texas/24-008749-003/2024(H5N1)	110	14420
MP|PP755590.1|A/cattle/Texas/24-008749-003/2024(H5N1)	111	14374
MP|PP755590.1|A/cattle/Texas/24-008749-003/2024(H5N1)	112	14391
MP|PP755590.1|A/cattle/Texas/24-008749-003/2024(H5N1)	113	14747
MP|PP755590.1|A/cattle/Texas/24-008749-003/2024(H5N1)	114	14808
MP|PP755590.1|A/cattle/Texas/24-008749-003/2024(H5N1)	115	14902
MP|PP755590.1|A/cattle/Texas/24-008749-003/2024(H5N1)	116	14885
MP|PP755590.1|A/cattle/Texas/24-008749-003/2024(H5N1)	117	14887
MP|PP755590.1|A/cattle/Texas/24-008749-003/2024(H5N1)	118	14894
MP|PP755590.1|A/cattle/Texas/24-008749-003/2024(H5N1)	119	14908
MP|PP755590.1|A/cattle/Texas/24-008749-003/2024(H5N1)	120	14922
MP|PP755590.1|A/cattle/Texas/24-008749-003/2024(H5N1)	121	14954
MP|PP755590.1|A/cattle/Texas/24-008749-003/2024(H5N1)	122	14895
MP|PP755590.1|A/cattle/Texas/24-008749-003/2024(H5N1)	123	14968
MP|PP755590.1|A/cattle/Texas/24-008749-003/2024(H5N1)	124	13456
MP|PP755590.1|A/cattle/Texas/24-008749-003/2024(H5N1)	125	13566
MP|PP755590.1|A/cattle/Texas/24-008749-003/2024(H5N1)	126	13218
MP|PP755590.1|A/cattle/Texas/24-008749-003/2024(H5N1)	127	13224
MP|PP755590.1|A/cattle/Texas/24-008749-003/2024(H5N1)	128	12824
MP|PP755590.1|A/cattle/Texas/24-008749-003/2024(H5N1)	129	12819
MP|PP755590.1|A/cattle/Texas/24-008749-003/2024(H5N1)	130	12830
MP|PP755590.1|A/cattle/Texas/24-008749-003/2024(H5N1)	131	12786
MP|PP755590.1|A/cattle/Texas/24-008749-003/2024(H5N1)	132	13283
MP|PP755590.1|A/cattle/Texas/24-008749-003/2024(H5N1)	133	12966
MP|PP755590.1|A/cattle/Texas/24-008749-003/2024(H5N1)	134	13252
MP|PP755590.1|A/cattle/Texas/24-008749-003/2024(H5N1)	135	13489
MP|PP755590.1|A/cattle/Texas/24-008749-003/2024(H5N1)	136	13070
MP|PP755590.1|A/cattle/Texas/24-008749-003/2024(H5N1)	137	13419
MP|PP755590.1|A/cattle/Texas/24-008749-003/2024(H5N1)	138	13424
MP|PP755590.1|A/cattle/Texas/24-008749-003/2024(H5N1)	139	13426
MP|PP755590.1|A/cattle/Texas/24-008749-003/2024(H5N1)	140	13800
MP|PP755590.1|A/cattle/Texas/24-008749-003/2024(H5N1)	141	13874
MP|PP755590.1|A/cattle/Texas/24-008749-003/2024(H5N1)	142	14053
MP|PP755590.1|A/cattle/Texas/24-008749-003/2024(H5N1)	143	13852
MP|PP755590.1|A/cattle/Texas/24-008749-003/2024(H5N1)	144	13737
MP|PP755590.1|A/cattle/Texas/24-008749-003/2024(H5N1)	145	13740
MP|PP755590.1|A/cattle/Texas/24-008749-003/2024(H5N1)	146	14226
MP|PP755590.1|A/cattle/Texas/24-008749-003/2024(H5N1)	147	14469
MP|PP755590.1|A/cattle/Texas/24-008749-003/2024(H5N1)	148	14454
MP|PP755590.1|A/cattle/Texas/24-008749-003/2024(H5N1)	149	14353
MP|PP755590.1|A/cattle/Texas/24-008749-003/2024(H5N1)	150	14390
MP|PP755590.1|A/cattle/Texas/24-008749-003/2024(H5N1)	151	14475
MP|PP755590.1|A/cattle/Texas/24-008749-003/2024(H5N1)	152	14495
MP|PP755590.1|A/cattle/Texas/24-008749-003/2024(H5N1)	153	14661
MP|PP755590.1|A/cattle/Texas/24-008749-003/2024(H5N1)	154	13699
MP|PP755590.1|A/cattle/Texas/24-008749-003/2024(H5N1)	155	14180
MP|PP755590.1|A/cattle/Texas/24-008749-003/2024(H5N1)	156	14200
MP|PP755590.1|A/cattle/Texas/24-008749-003/2024(H5N1)	157	14224
MP|PP755590.1|A/cattle/Texas/24-008749-003/2024(H5N1)	158	14192
MP|PP755590.1|A/cattle/Texas/24-008749-003/2024(H5N1)	159	14194
MP|PP755590.1|A/cattle/Texas/24-008749-003/2024(H5N1)	160	14645
MP|PP755590.1|A/cattle/Texas/24-008749-003/2024(H5N1)	161	14574
MP|PP755590.1|A/cattle/Texas/24-008749-003/2024(H5N1)	162	14647
MP|PP755590.1|A/cattle/Texas/24-008749-003/2024(H5N1)	163	14650
MP|PP755590.1|A/cattle/Texas/24-008749-003/2024(H5N1)	164	14691
MP|PP755590.1|A/cattle/Texas/24-008749-003/2024(H5N1)	165	14908
MP|PP755590.1|A/cattle/Texas/24-008749-003/2024(H5N1)	166	14931
MP|PP755590.1|A/cattle/Texas/24-008749-003/2024(H5N1)	167	14852
MP|PP755590.1|A/cattle/Texas/24-008749-003/2024(H5N1)	168	14851
MP|PP755590.1|A/cattle/Texas/24-008749-003/2024(H5N1)	169	14716
MP|PP755590.1|A/cattle/Texas/24-008749-003/2024(H5N1)	170	14607
MP|PP755590.1|A/cattle/Texas/24-008749-003/2024(H5N1)	171	14624
MP|PP755590.1|A/cattle/Texas/24-008749-003/2024(H5N1)	172	14642
MP|PP755590.1|A/cattle/Texas/24-008749-003/2024(H5N1)	173	14658
MP|PP755590.1|A/cattle/Texas/24-008749-003/2024(H5N1)	174	14674
MP|PP755590.1|A/cattle/Texas/24-008749-003/2024(H5N1)	175	14838
MP|PP755590.1|A/cattle/Texas/24-008749-003/2024(H5N1)	176	14826
MP|PP755590.1|A/cattle/Texas/24-008749-003/2024(H5N1)	177	14677
MP|PP755590.1|A/cattle/Texas/24-008749-003/2024(H5N1)	178	14664
MP|PP755590.1|A/cattle/Texas/24-008749-003/2024(H5N1)	179	14647
MP|PP755590.1|A/cattle/Texas/24-008749-003/2024(H5N1)	180	14639
MP|PP755590.1|A/cattle/Texas/24-008749-003/2024(H5N1)	181	14722
MP|PP755590.1|A/cattle/Texas/24-008749-003/2024(H5N1)	182	14761
MP|PP755590.1|A/cattle/Texas/24-008749-003/2024(H5N1)	183	14792
MP|PP755590.1|A/cattle/Texas/24-008749-003/2024(H5N1)	184	14578
MP|PP755590.1|A/cattle/Texas/24-008749-003/2024(H5N1)	185	14491
MP|PP755590.1|A/cattle/Texas/24-008749-003/2024(H5N1)	186	14479
MP|PP755590.1|A/cattle/Texas/24-008749-003/2024(H5N1)	187	14315
MP|PP755590.1|A/cattle/Texas/24-008749-003/2024(H5N1)	188	14324
MP|PP755590.1|A/cattle/Texas/24-008749-003/2024(H5N1)	189	13997
MP|PP755590.1|A/cattle/Texas/24-008749-003/2024(H5N1)	190	14255
MP|PP755590.1|A/cattle/Texas/24-008749-003/2024(H5N1)	191	14401
MP|PP755590.1|A/cattle/Texas/24-008749-003/2024(H5N1)	192	14437
MP|PP755590.1|A/cattle/Texas/24-008749-003/2024(H5N1)	193	14441
MP|PP755590.1|A/cattle/Texas/24-008749-003/2024(H5N1)	194	14827
MP|PP755590.1|A/cattle/Texas/24-008749-003/2024(H5N1)	195	14824
MP|PP755590.1|A/cattle/Texas/24-008749-003/2024(H5N1)	196	14674
MP|PP755590.1|A/cattle/Texas/24-008749-003/2024(H5N1)	197	14632
MP|PP755590.1|A/cattle/Texas/24-008749-003/2024(H5N1)	198	14898
MP|PP755590.1|A/cattle/Texas/24-008749-003/2024(H5N1)	199	15031
MP|PP755590.1|A/cattle/Texas/24-008749-003/2024(H5N1)	200	15171
MP|PP755590.1|A/cattle/Texas/24-008749-003/2024(H5N1)	201	15159
MP|PP755590.1|A/cattle/Texas/24-008749-003/2024(H5N1)	202	15172
MP|PP755590.1|A/cattle/Texas/24-008749-003/2024(H5N1)	203	15049
MP|PP755590.1|A/cattle/Texas/24-008749-003/2024(H5N1)	204	15069
MP|PP755590.1|A/cattle/Texas/24-008749-003/2024(H5N1)	205	15207
MP|PP755590.1|A/cattle/Texas/24-008749-003/2024(H5N1)	206	15166
MP|PP755590.1|A/cattle/Texas/24-008749-003/2024(H5N1)	207	14558
MP|PP755590.1|A/cattle/Texas/24-008749-003/2024(H5N1)	208	14444
MP|PP755590.1|A/cattle/Texas/24-008749-003/2024(H5N1)	209	14577
MP|PP755590.1|A/cattle/Texas/24-008749-003/2024(H5N1)	210	14827
MP|PP755590.1|A/cattle/Texas/24-008749-003/2024(H5N1)	211	14911
MP|PP755590.1|A/cattle/Texas/24-008749-003/2024(H5N1)	212	15106
MP|PP755590.1|A/cattle/Texas/24-008749-003/2024(H5N1)	213	15093
MP|PP755590.1|A/cattle/Texas/24-008749-003/2024(H5N1)	214	15038
MP|PP755590.1|A/cattle/Texas/24-008749-003/2024(H5N1)	215	15079
MP|PP755590.1|A/cattle/Texas/24-008749-003/2024(H5N1)	216	15068
MP|PP755590.1|A/cattle/Texas/24-008749-003/2024(H5N1)	217	15387
MP|PP755590.1|A/cattle/Texas/24-008749-003/2024(H5N1)	218	15426
MP|PP755590.1|A/cattle/Texas/24-008749-003/2024(H5N1)	219	15341
MP|PP755590.1|A/cattle/Texas/24-008749-003/2024(H5N1)	220	16039
MP|PP755590.1|A/cattle/Texas/24-008749-003/2024(H5N1)	221	15829
MP|PP755590.1|A/cattle/Texas/24-008749-003/2024(H5N1)	222	15841
MP|PP755590.1|A/cattle/Texas/24-008749-003/2024(H5N1)	223	15758
MP|PP755590.1|A/cattle/Texas/24-008749-003/2024(H5N1)	224	15756
MP|PP755590.1|A/cattle/Texas/24-008749-003/2024(H5N1)	225	16121
MP|PP755590.1|A/cattle/Texas/24-008749-003/2024(H5N1)	226	16079
MP|PP755590.1|A/cattle/Texas/24-008749-003/2024(H5N1)	227	16115
MP|PP755590.1|A/cattle/Texas/24-008749-003/2024(H5N1)	228	16231
MP|PP755590.1|A/cattle/Texas/24-008749-003/2024(H5N1)	229	15874
MP|PP755590.1|A/cattle/Texas/24-008749-003/2024(H5N1)	230	15870
MP|PP755590.1|A/cattle/Texas/24-008749-003/2024(H5N1)	231	15320
MP|PP755590.1|A/cattle/Texas/24-008749-003/2024(H5N1)	232	15231
MP|PP755590.1|A/cattle/Texas/24-008749-003/2024(H5N1)	233	15257
MP|PP755590.1|A/cattle/Texas/24-008749-003/2024(H5N1)	234	14995
MP|PP755590.1|A/cattle/Texas/24-008749-003/2024(H5N1)	235	15175
MP|PP755590.1|A/cattle/Texas/24-008749-003/2024(H5N1)	236	15330
MP|PP755590.1|A/cattle/Texas/24-008749-003/2024(H5N1)	237	15333
MP|PP755590.1|A/cattle/Texas/24-008749-003/2024(H5N1)	238	15634
MP|PP755590.1|A/cattle/Texas/24-008749-003/2024(H5N1)	239	15870
MP|PP755590.1|A/cattle/Texas/24-008749-003/2024(H5N1)	240	15832
MP|PP755590.1|A/cattle/Texas/24-008749-003/2024(H5N1)	241	15768
MP|PP755590.1|A/cattle/Texas/24-008749-003/2024(H5N1)	242	15717
MP|PP755590.1|A/cattle/Texas/24-008749-003/2024(H5N1)	243	15818
MP|PP755590.1|A/cattle/Texas/24-008749-003/2024(H5N1)	244	15956
MP|PP755590.1|A/cattle/Texas/24-008749-003/2024(H5N1)	245	15727
MP|PP755590.1|A/cattle/Texas/24-008749-003/2024(H5N1)	246	16141
MP|PP755590.1|A/cattle/Texas/24-008749-003/2024(H5N1)	247	15951
MP|PP755590.1|A/cattle/Texas/24-008749-003/2024(H5N1)	248	15977
MP|PP755590.1|A/cattle/Texas/24-008749-003/2024(H5N1)	249	16378
MP|PP755590.1|A/cattle/Texas/24-008749-003/2024(H5N1)	250	16399
MP|PP755590.1|A/cattle/Texas/24-008749-003/2024(H5N1)	251	16472
MP|PP755590.1|A/cattle/Texas/24-008749-003/2024(H5N1)	252	16570
MP|PP755590.1|A/cattle/Texas/24-008749-003/2024(H5N1)	253	16300
MP|PP755590.1|A/cattle/Texas/24-008749-003/2024(H5N1)	254	16540
MP|PP755590.1|A/cattle/Texas/24-008749-003/2024(H5N1)	255	16652
MP|PP755590.1|A/cattle/Texas/24-008749-003/2024(H5N1)	256	16523
MP|PP755590.1|A/cattle/Texas/24-008749-003/2024(H5N1)	257	16577
MP|PP755590.1|A/cattle/Texas/24-008749-003/2024(H5N1)	258	16571
MP|PP755590.1|A/cattle/Texas/24-008749-003/2024(H5N1)	259	16967
MP|PP755590.1|A/cattle/Texas/24-008749-003/2024(H5N1)	260	17043
MP|PP755590.1|A/cattle/Texas/24-008749-003/2024(H5N1)	261	17040
MP|PP755590.1|A/cattle/Texas/24-008749-003/2024(H5N1)	262	17064
MP|PP755590.1|A/cattle/Texas/24-008749-003/2024(H5N1)	263	17096
MP|PP755590.1|A/cattle/Texas/24-008749-003/2024(H5N1)	264	16801
MP|PP755590.1|A/cattle/Texas/24-008749-003/2024(H5N1)	265	16858
MP|PP755590.1|A/cattle/Texas/24-008749-003/2024(H5N1)	266	16855
MP|PP755590.1|A/cattle/Texas/24-008749-003/2024(H5N1)	267	17022
MP|PP755590.1|A/cattle/Texas/24-008749-003/2024(H5N1)	268	17027
MP|PP755590.1|A/cattle/Texas/24-008749-003/2024(H5N1)	269	17024
MP|PP755590.1|A/cattle/Texas/24-008749-003/2024(H5N1)	270	17065
MP|PP755590.1|A/cattle/Texas/24-008749-003/2024(H5N1)	271	17066
MP|PP755590.1|A/cattle/Texas/24-008749-003/2024(H5N1)	272	17065
MP|PP755590.1|A/cattle/Texas/24-008749-003/2024(H5N1)	273	17451
MP|PP755590.1|A/cattle/Texas/24-008749-003/2024(H5N1)	274	17611
MP|PP755590.1|A/cattle/Texas/24-008749-003/2024(H5N1)	275	16920
MP|PP755590.1|A/cattle/Texas/24-008749-003/2024(H5N1)	276	16776
MP|PP755590.1|A/cattle/Texas/24-008749-003/2024(H5N1)	277	16772
MP|PP755590.1|A/cattle/Texas/24-008749-003/2024(H5N1)	278	16775
MP|PP755590.1|A/cattle/Texas/24-008749-003/2024(H5N1)	279	17121
MP|PP755590.1|A/cattle/Texas/24-008749-003/2024(H5N1)	280	17187
MP|PP755590.1|A/cattle/Texas/24-008749-003/2024(H5N1)	281	17157
MP|PP755590.1|A/cattle/Texas/24-008749-003/2024(H5N1)	282	17146
MP|PP755590.1|A/cattle/Texas/24-008749-003/2024(H5N1)	283	16547
MP|PP755590.1|A/cattle/Texas/24-008749-003/2024(H5N1)	284	16816
MP|PP755590.1|A/cattle/Texas/24-008749-003/2024(H5N1)	285	16501
MP|PP755590.1|A/cattle/Texas/24-008749-003/2024(H5N1)	286	16266
MP|PP755590.1|A/cattle/Texas/24-008749-003/2024(H5N1)	287	16353
MP|PP755590.1|A/cattle/Texas/24-008749-003/2024(H5N1)	288	15954
MP|PP755590.1|A/cattle/Texas/24-008749-003/2024(H5N1)	289	16149
MP|PP755590.1|A/cattle/Texas/24-008749-003/2024(H5N1)	290	16155
MP|PP755590.1|A/cattle/Texas/24-008749-003/2024(H5N1)	291	15622
MP|PP755590.1|A/cattle/Texas/24-008749-003/2024(H5N1)	292	15557
MP|PP755590.1|A/cattle/Texas/24-008749-003/2024(H5N1)	293	15299
MP|PP755590.1|A/cattle/Texas/24-008749-003/2024(H5N1)	294	14980
MP|PP755590.1|A/cattle/Texas/24-008749-003/2024(H5N1)	295	14679
MP|PP755590.1|A/cattle/Texas/24-008749-003/2024(H5N1)	296	16268
MP|PP755590.1|A/cattle/Texas/24-008749-003/2024(H5N1)	297	16803
MP|PP755590.1|A/cattle/Texas/24-008749-003/2024(H5N1)	298	17072
MP|PP755590.1|A/cattle/Texas/24-008749-003/2024(H5N1)	299	17079
MP|PP755590.1|A/cattle/Texas/24-008749-003/2024(H5N1)	300	17084
MP|PP755590.1|A/cattle/Texas/24-008749-003/2024(H5N1)	301	17024
MP|PP755590.1|A/cattle/Texas/24-008749-003/2024(H5N1)	302	16931
MP|PP755590.1|A/cattle/Texas/24-008749-003/2024(H5N1)	303	17361
MP|PP755590.1|A/cattle/Texas/24-008749-003/2024(H5N1)	304	17291
MP|PP755590.1|A/cattle/Texas/24-008749-003/2024(H5N1)	305	17282
MP|PP755590.1|A/cattle/Texas/24-008749-003/2024(H5N1)	306	16649
MP|PP755590.1|A/cattle/Texas/24-008749-003/2024(H5N1)	307	17061
MP|PP755590.1|A/cattle/Texas/24-008749-003/2024(H5N1)	308	17106
MP|PP755590.1|A/cattle/Texas/24-008749-003/2024(H5N1)	309	17129
MP|PP755590.1|A/cattle/Texas/24-008749-003/2024(H5N1)	310	17153
MP|PP755590.1|A/cattle/Texas/24-008749-003/2024(H5N1)	311	16725
MP|PP755590.1|A/cattle/Texas/24-008749-003/2024(H5N1)	312	16760
MP|PP755590.1|A/cattle/Texas/24-008749-003/2024(H5N1)	313	16666
MP|PP755590.1|A/cattle/Texas/24-008749-003/2024(H5N1)	314	16761
MP|PP755590.1|A/cattle/Texas/24-008749-003/2024(H5N1)	315	16762
MP|PP755590.1|A/cattle/Texas/24-008749-003/2024(H5N1)	316	16639
MP|PP755590.1|A/cattle/Texas/24-008749-003/2024(H5N1)	317	16794
MP|PP755590.1|A/cattle/Texas/24-008749-003/2024(H5N1)	318	16840
MP|PP755590.1|A/cattle/Texas/24-008749-003/2024(H5N1)	319	16943
MP|PP755590.1|A/cattle/Texas/24-008749-003/2024(H5N1)	320	16965
MP|PP755590.1|A/cattle/Texas/24-008749-003/2024(H5N1)	321	16949
MP|PP755590.1|A/cattle/Texas/24-008749-003/2024(H5N1)	322	17080
MP|PP755590.1|A/cattle/Texas/24-008749-003/2024(H5N1)	323	17129
MP|PP755590.1|A/cattle/Texas/24-008749-003/2024(H5N1)	324	17053
MP|PP755590.1|A/cattle/Texas/24-008749-003/2024(H5N1)	325	17085
MP|PP755590.1|A/cattle/Texas/24-008749-003/2024(H5N1)	326	16935
MP|PP755590.1|A/cattle/Texas/24-008749-003/2024(H5N1)	327	17015
MP|PP755590.1|A/cattle/Texas/24-008749-003/2024(H5N1)	328	16934
MP|PP755590.1|A/cattle/Texas/24-008749-003/2024(H5N1)	329	16923
MP|PP755590.1|A/cattle/Texas/24-008749-003/2024(H5N1)	330	16947
MP|PP755590.1|A/cattle/Texas/24-008749-003/2024(H5N1)	331	16851
MP|PP755590.1|A/cattle/Texas/24-008749-003/2024(H5N1)	332	17043
MP|PP755590.1|A/cattle/Texas/24-008749-003/2024(H5N1)	333	17281
MP|PP755590.1|A/cattle/Texas/24-008749-003/2024(H5N1)	334	17259
MP|PP755590.1|A/cattle/Texas/24-008749-003/2024(H5N1)	335	17247
MP|PP755590.1|A/cattle/Texas/24-008749-003/2024(H5N1)	336	17224
MP|PP755590.1|A/cattle/Texas/24-008749-003/2024(H5N1)	337	17238
MP|PP755590.1|A/cattle/Texas/24-008749-003/2024(H5N1)	338	17161
MP|PP755590.1|A/cattle/Texas/24-008749-003/2024(H5N1)	339	17152
MP|PP755590.1|A/cattle/Texas/24-008749-003/2024(H5N1)	340	17137
MP|PP755590.1|A/cattle/Texas/24-008749-003/2024(H5N1)	341	17002
MP|PP755590.1|A/cattle/Texas/24-008749-003/2024(H5N1)	342	16823
MP|PP755590.1|A/cattle/Texas/24-008749-003/2024(H5N1)	343	16783
MP|PP755590.1|A/cattle/Texas/24-008749-003/2024(H5N1)	344	16857
MP|PP755590.1|A/cattle/Texas/24-008749-003/2024(H5N1)	345	16508
MP|PP755590.1|A/cattle/Texas/24-008749-003/2024(H5N1)	346	16648
MP|PP755590.1|A/cattle/Texas/24-008749-003/2024(H5N1)	347	16895
MP|PP755590.1|A/cattle/Texas/24-008749-003/2024(H5N1)	348	16955
MP|PP755590.1|A/cattle/Texas/24-008749-003/2024(H5N1)	349	16542
MP|PP755590.1|A/cattle/Texas/24-008749-003/2024(H5N1)	350	16447
MP|PP755590.1|A/cattle/Texas/24-008749-003/2024(H5N1)	351	16754
MP|PP755590.1|A/cattle/Texas/24-008749-003/2024(H5N1)	352	16746
MP|PP755590.1|A/cattle/Texas/24-008749-003/2024(H5N1)	353	16805
MP|PP755590.1|A/cattle/Texas/24-008749-003/2024(H5N1)	354	16756
MP|PP755590.1|A/cattle/Texas/24-008749-003/2024(H5N1)	355	16617
MP|PP755590.1|A/cattle/Texas/24-008749-003/2024(H5N1)	356	16659
MP|PP755590.1|A/cattle/Texas/24-008749-003/2024(H5N1)	357	16664
MP|PP755590.1|A/cattle/Texas/24-008749-003/2024(H5N1)	358	16620
MP|PP755590.1|A/cattle/Texas/24-008749-003/2024(H5N1)	359	16522
MP|PP755590.1|A/cattle/Texas/24-008749-003/2024(H5N1)	360	16290
MP|PP755590.1|A/cattle/Texas/24-008749-003/2024(H5N1)	361	16541
MP|PP755590.1|A/cattle/Texas/24-008749-003/2024(H5N1)	362	16418
MP|PP755590.1|A/cattle/Texas/24-008749-003/2024(H5N1)	363	16326
MP|PP755590.1|A/cattle/Texas/24-008749-003/2024(H5N1)	364	16299
MP|PP755590.1|A/cattle/Texas/24-008749-003/2024(H5N1)	365	16409
MP|PP755590.1|A/cattle/Texas/24-008749-003/2024(H5N1)	366	16329
MP|PP755590.1|A/cattle/Texas/24-008749-003/2024(H5N1)	367	16382
MP|PP755590.1|A/cattle/Texas/24-008749-003/2024(H5N1)	368	16094
MP|PP755590.1|A/cattle/Texas/24-008749-003/2024(H5N1)	369	16175
MP|PP755590.1|A/cattle/Texas/24-008749-003/2024(H5N1)	370	15751
MP|PP755590.1|A/cattle/Texas/24-008749-003/2024(H5N1)	371	15486
MP|PP755590.1|A/cattle/Texas/24-008749-003/2024(H5N1)	372	15689
MP|PP755590.1|A/cattle/Texas/24-008749-003/2024(H5N1)	373	15670
MP|PP755590.1|A/cattle/Texas/24-008749-003/2024(H5N1)	374	15664
MP|PP755590.1|A/cattle/Texas/24-008749-003/2024(H5N1)	375	15302
MP|PP755590.1|A/cattle/Texas/24-008749-003/2024(H5N1)	376	15230
MP|PP755590.1|A/cattle/Texas/24-008749-003/2024(H5N1)	377	15463
MP|PP755590.1|A/cattle/Texas/24-008749-003/2024(H5N1)	378	15552
MP|PP755590.1|A/cattle/Texas/24-008749-003/2024(H5N1)	379	15466
MP|PP755590.1|A/cattle/Texas/24-008749-003/2024(H5N1)	380	15659
MP|PP755590.1|A/cattle/Texas/24-008749-003/2024(H5N1)	381	15614
MP|PP755590.1|A/cattle/Texas/24-008749-003/2024(H5N1)	382	15620
MP|PP755590.1|A/cattle/Texas/24-008749-003/2024(H5N1)	383	15594
MP|PP755590.1|A/cattle/Texas/24-008749-003/2024(H5N1)	384	15559
MP|PP755590.1|A/cattle/Texas/24-008749-003/2024(H5N1)	385	15658
MP|PP755590.1|A/cattle/Texas/24-008749-003/2024(H5N1)	386	15553
MP|PP755590.1|A/cattle/Texas/24-008749-003/2024(H5N1)	387	15415
MP|PP755590.1|A/cattle/Texas/24-008749-003/2024(H5N1)	388	15610
MP|PP755590.1|A/cattle/Texas/24-008749-003/2024(H5N1)	389	15348
MP|PP755590.1|A/cattle/Texas/24-008749-003/2024(H5N1)	390	15471
MP|PP755590.1|A/cattle/Texas/24-008749-003/2024(H5N1)	391	15960
MP|PP755590.1|A/cattle/Texas/24-008749-003/2024(H5N1)	392	15971
MP|PP755590.1|A/cattle/Texas/24-008749-003/2024(H5N1)	393	16049
MP|PP755590.1|A/cattle/Texas/24-008749-003/2024(H5N1)	394	15916
MP|PP755590.1|A/cattle/Texas/24-008749-003/2024(H5N1)	395	15718
MP|PP755590.1|A/cattle/Texas/24-008749-003/2024(H5N1)	396	16656
MP|PP755590.1|A/cattle/Texas/24-008749-003/2024(H5N1)	397	16111
MP|PP755590.1|A/cattle/Texas/24-008749-003/2024(H5N1)	398	16078
MP|PP755590.1|A/cattle/Texas/24-008749-003/2024(H5N1)	399	16037
MP|PP755590.1|A/cattle/Texas/24-008749-003/2024(H5N1)	400	15565
MP|PP755590.1|A/cattle/Texas/24-008749-003/2024(H5N1)	401	16009
MP|PP755590.1|A/cattle/Texas/24-008749-003/2024(H5N1)	402	16308
MP|PP755590.1|A/cattle/Texas/24-008749-003/2024(H5N1)	403	16230
MP|PP755590.1|A/cattle/Texas/24-008749-003/2024(H5N1)	404	16326
MP|PP755590.1|A/cattle/Texas/24-008749-003/2024(H5N1)	405	16077
MP|PP755590.1|A/cattle/Texas/24-008749-003/2024(H5N1)	406	16075
MP|PP755590.1|A/cattle/Texas/24-008749-003/2024(H5N1)	407	16979
MP|PP755590.1|A/cattle/Texas/24-008749-003/2024(H5N1)	408	17053
MP|PP755590.1|A/cattle/Texas/24-008749-003/2024(H5N1)	409	17117
MP|PP755590.1|A/cattle/Texas/24-008749-003/2024(H5N1)	410	16605
MP|PP755590.1|A/cattle/Texas/24-008749-003/2024(H5N1)	411	16571
MP|PP755590.1|A/cattle/Texas/24-008749-003/2024(H5N1)	412	16578
MP|PP755590.1|A/cattle/Texas/24-008749-003/2024(H5N1)	413	16995
MP|PP755590.1|A/cattle/Texas/24-008749-003/2024(H5N1)	414	17009
MP|PP755590.1|A/cattle/Texas/24-008749-003/2024(H5N1)	415	17003
MP|PP755590.1|A/cattle/Texas/24-008749-003/2024(H5N1)	416	17088
MP|PP755590.1|A/cattle/Texas/24-008749-003/2024(H5N1)	417	16904
MP|PP755590.1|A/cattle/Texas/24-008749-003/2024(H5N1)	418	16905
MP|PP755590.1|A/cattle/Texas/24-008749-003/2024(H5N1)	419	16974
MP|PP755590.1|A/cattle/Texas/24-008749-003/2024(H5N1)	420	16962
MP|PP755590.1|A/cattle/Texas/24-008749-003/2024(H5N1)	421	16988
MP|PP755590.1|A/cattle/Texas/24-008749-003/2024(H5N1)	422	17372
MP|PP755590.1|A/cattle/Texas/24-008749-003/2024(H5N1)	423	17336
MP|PP755590.1|A/cattle/Texas/24-008749-003/2024(H5N1)	424	16956
MP|PP755590.1|A/cattle/Texas/24-008749-003/2024(H5N1)	425	16765
MP|PP755590.1|A/cattle/Texas/24-008749-003/2024(H5N1)	426	16719
MP|PP755590.1|A/cattle/Texas/24-008749-003/2024(H5N1)	427	17016
MP|PP755590.1|A/cattle/Texas/24-008749-003/2024(H5N1)	428	17046
MP|PP755590.1|A/cattle/Texas/24-008749-003/2024(H5N1)	429	17066
MP|PP755590.1|A/cattle/Texas/24-008749-003/2024(H5N1)	430	16600
MP|PP755590.1|A/cattle/Texas/24-008749-003/2024(H5N1)	431	16606
MP|PP755590.1|A/cattle/Texas/24-008749-003/2024(H5N1)	432	16652
MP|PP755590.1|A/cattle/Texas/24-008749-003/2024(H5N1)	433	17749
MP|PP755590.1|A/cattle/Texas/24-008749-003/2024(H5N1)	434	18025
MP|PP755590.1|A/cattle/Texas/24-008749-003/2024(H5N1)	435	17769
MP|PP755590.1|A/cattle/Texas/24-008749-003/2024(H5N1)	436	17477
MP|PP755590.1|A/cattle/Texas/24-008749-003/2024(H5N1)	437	17477
MP|PP755590.1|A/cattle/Texas/24-008749-003/2024(H5N1)	438	17724
MP|PP755590.1|A/cattle/Texas/24-008749-003/2024(H5N1)	439	17959
MP|PP755590.1|A/cattle/Texas/24-008749-003/2024(H5N1)	440	17832
MP|PP755590.1|A/cattle/Texas/24-008749-003/2024(H5N1)	441	18010
MP|PP755590.1|A/cattle/Texas/24-008749-003/2024(H5N1)	442	16683
MP|PP755590.1|A/cattle/Texas/24-008749-003/2024(H5N1)	443	16665
MP|PP755590.1|A/cattle/Texas/24-008749-003/2024(H5N1)	444	16793
MP|PP755590.1|A/cattle/Texas/24-008749-003/2024(H5N1)	445	16790
MP|PP755590.1|A/cattle/Texas/24-008749-003/2024(H5N1)	446	16723
MP|PP755590.1|A/cattle/Texas/24-008749-003/2024(H5N1)	447	15945
MP|PP755590.1|A/cattle/Texas/24-008749-003/2024(H5N1)	448	15706
MP|PP755590.1|A/cattle/Texas/24-008749-003/2024(H5N1)	449	16134
MP|PP755590.1|A/cattle/Texas/24-008749-003/2024(H5N1)	450	16086
MP|PP755590.1|A/cattle/Texas/24-008749-003/2024(H5N1)	451	15741
MP|PP755590.1|A/cattle/Texas/24-008749-003/2024(H5N1)	452	15773
MP|PP755590.1|A/cattle/Texas/24-008749-003/2024(H5N1)	453	15633
MP|PP755590.1|A/cattle/Texas/24-008749-003/2024(H5N1)	454	15641
MP|PP755590.1|A/cattle/Texas/24-008749-003/2024(H5N1)	455	15561
MP|PP755590.1|A/cattle/Texas/24-008749-003/2024(H5N1)	456	15593
MP|PP755590.1|A/cattle/Texas/24-008749-003/2024(H5N1)	457	15716
MP|PP755590.1|A/cattle/Texas/24-008749-003/2024(H5N1)	458	15240
MP|PP755590.1|A/cattle/Texas/24-008749-003/2024(H5N1)	459	15278
MP|PP755590.1|A/cattle/Texas/24-008749-003/2024(H5N1)	460	15260
MP|PP755590.1|A/cattle/Texas/24-008749-003/2024(H5N1)	461	15311
MP|PP755590.1|A/cattle/Texas/24-008749-003/2024(H5N1)	462	15461
MP|PP755590.1|A/cattle/Texas/24-008749-003/2024(H5N1)	463	15470
MP|PP755590.1|A/cattle/Texas/24-008749-003/2024(H5N1)	464	15664
MP|PP755590.1|A/cattle/Texas/24-008749-003/2024(H5N1)	465	15619
MP|PP755590.1|A/cattle/Texas/24-008749-003/2024(H5N1)	466	15685
MP|PP755590.1|A/cattle/Texas/24-008749-003/2024(H5N1)	467	15734
MP|PP755590.1|A/cattle/Texas/24-008749-003/2024(H5N1)	468	15627
MP|PP755590.1|A/cattle/Texas/24-008749-003/2024(H5N1)	469	15612
MP|PP755590.1|A/cattle/Texas/24-008749-003/2024(H5N1)	470	15627
MP|PP755590.1|A/cattle/Texas/24-008749-003/2024(H5N1)	471	15610
MP|PP755590.1|A/cattle/Texas/24-008749-003/2024(H5N1)	472	15574
MP|PP755590.1|A/cattle/Texas/24-008749-003/2024(H5N1)	473	15513
MP|PP755590.1|A/cattle/Texas/24-008749-003/2024(H5N1)	474	15609
MP|PP755590.1|A/cattle/Texas/24-008749-003/2024(H5N1)	475	15588
MP|PP755590.1|A/cattle/Texas/24-008749-003/2024(H5N1)	476	15582
MP|PP755590.1|A/cattle/Texas/24-008749-003/2024(H5N1)	477	15764
MP|PP755590.1|A/cattle/Texas/24-008749-003/2024(H5N1)	478	15708
MP|PP755590.1|A/cattle/Texas/24-008749-003/2024(H5N1)	479	15721
MP|PP755590.1|A/cattle/Texas/24-008749-003/2024(H5N1)	480	15830
MP|PP755590.1|A/cattle/Texas/24-008749-003/2024(H5N1)	481	15862
MP|PP755590.1|A/cattle/Texas/24-008749-003/2024(H5N1)	482	15959
MP|PP755590.1|A/cattle/Texas/24-008749-003/2024(H5N1)	483	15829
MP|PP755590.1|A/cattle/Texas/24-008749-003/2024(H5N1)	484	15890
MP|PP755590.1|A/cattle/Texas/24-008749-003/2024(H5N1)	485	15884
MP|PP755590.1|A/cattle/Texas/24-008749-003/2024(H5N1)	486	15914
MP|PP755590.1|A/cattle/Texas/24-008749-003/2024(H5N1)	487	15876
MP|PP755590.1|A/cattle/Texas/24-008749-003/2024(H5N1)	488	16130
MP|PP755590.1|A/cattle/Texas/24-008749-003/2024(H5N1)	489	16330
MP|PP755590.1|A/cattle/Texas/24-008749-003/2024(H5N1)	490	16435
MP|PP755590.1|A/cattle/Texas/24-008749-003/2024(H5N1)	491	16303
MP|PP755590.1|A/cattle/Texas/24-008749-003/2024(H5N1)	492	16295
MP|PP755590.1|A/cattle/Texas/24-008749-003/2024(H5N1)	493	16292
MP|PP755590.1|A/cattle/Texas/24-008749-003/2024(H5N1)	494	16305
MP|PP755590.1|A/cattle/Texas/24-008749-003/2024(H5N1)	495	16303
MP|PP755590.1|A/cattle/Texas/24-008749-003/2024(H5N1)	496	16338
MP|PP755590.1|A/cattle/Texas/24-008749-003/2024(H5N1)	497	16069
MP|PP755590.1|A/cattle/Texas/24-008749-003/2024(H5N1)	498	16090
MP|PP755590.1|A/cattle/Texas/24-008749-003/2024(H5N1)	499	16108
MP|PP755590.1|A/cattle/Texas/24-008749-003/2024(H5N1)	500	16198
MP|PP755590.1|A/cattle/Texas/24-008749-003/2024(H5N1)	501	16015
MP|PP755590.1|A/cattle/Texas/24-008749-003/2024(H5N1)	502	16027
MP|PP755590.1|A/cattle/Texas/24-008749-003/2024(H5N1)	503	16325
MP|PP755590.1|A/cattle/Texas/24-008749-003/2024(H5N1)	504	16373
MP|PP755590.1|A/cattle/Texas/24-008749-003/2024(H5N1)	505	16319
MP|PP755590.1|A/cattle/Texas/24-008749-003/2024(H5N1)	506	16344
MP|PP755590.1|A/cattle/Texas/24-008749-003/2024(H5N1)	507	16252
MP|PP755590.1|A/cattle/Texas/24-008749-003/2024(H5N1)	508	16256
MP|PP755590.1|A/cattle/Texas/24-008749-003/2024(H5N1)	509	16297
MP|PP755590.1|A/cattle/Texas/24-008749-003/2024(H5N1)	510	16352
MP|PP755590.1|A/cattle/Texas/24-008749-003/2024(H5N1)	511	16419
MP|PP755590.1|A/cattle/Texas/24-008749-003/2024(H5N1)	512	16351
MP|PP755590.1|A/cattle/Texas/24-008749-003/2024(H5N1)	513	16311
MP|PP755590.1|A/cattle/Texas/24-008749-003/2024(H5N1)	514	16371
MP|PP755590.1|A/cattle/Texas/24-008749-003/2024(H5N1)	515	16329
MP|PP755590.1|A/cattle/Texas/24-008749-003/2024(H5N1)	516	16403
MP|PP755590.1|A/cattle/Texas/24-008749-003/2024(H5N1)	517	16523
MP|PP755590.1|A/cattle/Texas/24-008749-003/2024(H5N1)	518	16459
MP|PP755590.1|A/cattle/Texas/24-008749-003/2024(H5N1)	519	16404
MP|PP755590.1|A/cattle/Texas/24-008749-003/2024(H5N1)	520	16304
MP|PP755590.1|A/cattle/Texas/24-008749-003/2024(H5N1)	521	16283
MP|PP755590.1|A/cattle/Texas/24-008749-003/2024(H5N1)	522	16423
MP|PP755590.1|A/cattle/Texas/24-008749-003/2024(H5N1)	523	16376
MP|PP755590.1|A/cattle/Texas/24-008749-003/2024(H5N1)	524	16769
MP|PP755590.1|A/cattle/Texas/24-008749-003/2024(H5N1)	525	16712
MP|PP755590.1|A/cattle/Texas/24-008749-003/2024(H5N1)	526	16712
MP|PP755590.1|A/cattle/Texas/24-008749-003/2024(H5N1)	527	16730
MP|PP755590.1|A/cattle/Texas/24-008749-003/2024(H5N1)	528	16565
MP|PP755590.1|A/cattle/Texas/24-008749-003/2024(H5N1)	529	16451
MP|PP755590.1|A/cattle/Texas/24-008749-003/2024(H5N1)	530	16438
MP|PP755590.1|A/cattle/Texas/24-008749-003/2024(H5N1)	531	16298
MP|PP755590.1|A/cattle/Texas/24-008749-003/2024(H5N1)	532	16149
MP|PP755590.1|A/cattle/Texas/24-008749-003/2024(H5N1)	533	16330
MP|PP755590.1|A/cattle/Texas/24-008749-003/2024(H5N1)	534	16876
MP|PP755590.1|A/cattle/Texas/24-008749-003/2024(H5N1)	535	17071
MP|PP755590.1|A/cattle/Texas/24-008749-003/2024(H5N1)	536	16961
MP|PP755590.1|A/cattle/Texas/24-008749-003/2024(H5N1)	537	16779
MP|PP755590.1|A/cattle/Texas/24-008749-003/2024(H5N1)	538	17650
MP|PP755590.1|A/cattle/Texas/24-008749-003/2024(H5N1)	539	17224
MP|PP755590.1|A/cattle/Texas/24-008749-003/2024(H5N1)	540	17223
MP|PP755590.1|A/cattle/Texas/24-008749-003/2024(H5N1)	541	17306
MP|PP755590.1|A/cattle/Texas/24-008749-003/2024(H5N1)	542	16901
MP|PP755590.1|A/cattle/Texas/24-008749-003/2024(H5N1)	543	17361
MP|PP755590.1|A/cattle/Texas/24-008749-003/2024(H5N1)	544	17293
MP|PP755590.1|A/cattle/Texas/24-008749-003/2024(H5N1)	545	17365
MP|PP755590.1|A/cattle/Texas/24-008749-003/2024(H5N1)	546	17236
MP|PP755590.1|A/cattle/Texas/24-008749-003/2024(H5N1)	547	16419
MP|PP755590.1|A/cattle/Texas/24-008749-003/2024(H5N1)	548	17683
MP|PP755590.1|A/cattle/Texas/24-008749-003/2024(H5N1)	549	17928
MP|PP755590.1|A/cattle/Texas/24-008749-003/2024(H5N1)	550	17935
MP|PP755590.1|A/cattle/Texas/24-008749-003/2024(H5N1)	551	17603
MP|PP755590.1|A/cattle/Texas/24-008749-003/2024(H5N1)	552	17176
MP|PP755590.1|A/cattle/Texas/24-008749-003/2024(H5N1)	553	17176
MP|PP755590.1|A/cattle/Texas/24-008749-003/2024(H5N1)	554	17251
MP|PP755590.1|A/cattle/Texas/24-008749-003/2024(H5N1)	555	17500
MP|PP755590.1|A/cattle/Texas/24-008749-003/2024(H5N1)	556	17687
MP|PP755590.1|A/cattle/Texas/24-008749-003/2024(H5N1)	557	16719
MP|PP755590.1|A/cattle/Texas/24-008749-003/2024(H5N1)	558	16645
MP|PP755590.1|A/cattle/Texas/24-008749-003/2024(H5N1)	559	16626
MP|PP755590.1|A/cattle/Texas/24-008749-003/2024(H5N1)	560	16609
MP|PP755590.1|A/cattle/Texas/24-008749-003/2024(H5N1)	561	16848
MP|PP755590.1|A/cattle/Texas/24-008749-003/2024(H5N1)	562	16869
MP|PP755590.1|A/cattle/Texas/24-008749-003/2024(H5N1)	563	17047
MP|PP755590.1|A/cattle/Texas/24-008749-003/2024(H5N1)	564	16589
MP|PP755590.1|A/cattle/Texas/24-008749-003/2024(H5N1)	565	16595
MP|PP755590.1|A/cattle/Texas/24-008749-003/2024(H5N1)	566	16602
MP|PP755590.1|A/cattle/Texas/24-008749-003/2024(H5N1)	567	16460
MP|PP755590.1|A/cattle/Texas/24-008749-003/2024(H5N1)	568	16623
MP|PP755590.1|A/cattle/Texas/24-008749-003/2024(H5N1)	569	16555
MP|PP755590.1|A/cattle/Texas/24-008749-003/2024(H5N1)	570	16396
MP|PP755590.1|A/cattle/Texas/24-008749-003/2024(H5N1)	571	16362
MP|PP755590.1|A/cattle/Texas/24-008749-003/2024(H5N1)	572	16154
MP|PP755590.1|A/cattle/Texas/24-008749-003/2024(H5N1)	573	16174
MP|PP755590.1|A/cattle/Texas/24-008749-003/2024(H5N1)	574	16180
MP|PP755590.1|A/cattle/Texas/24-008749-003/2024(H5N1)	575	16425
MP|PP755590.1|A/cattle/Texas/24-008749-003/2024(H5N1)	576	16435
MP|PP755590.1|A/cattle/Texas/24-008749-003/2024(H5N1)	577	16362
MP|PP755590.1|A/cattle/Texas/24-008749-003/2024(H5N1)	578	16337
MP|PP755590.1|A/cattle/Texas/24-008749-003/2024(H5N1)	579	16306
MP|PP755590.1|A/cattle/Texas/24-008749-003/2024(H5N1)	580	16315
MP|PP755590.1|A/cattle/Texas/24-008749-003/2024(H5N1)	581	16385
MP|PP755590.1|A/cattle/Texas/24-008749-003/2024(H5N1)	582	16372
MP|PP755590.1|A/cattle/Texas/24-008749-003/2024(H5N1)	583	16332
MP|PP755590.1|A/cattle/Texas/24-008749-003/2024(H5N1)	584	15095
MP|PP755590.1|A/cattle/Texas/24-008749-003/2024(H5N1)	585	15131
MP|PP755590.1|A/cattle/Texas/24-008749-003/2024(H5N1)	586	15169
MP|PP755590.1|A/cattle/Texas/24-008749-003/2024(H5N1)	587	15189
MP|PP755590.1|A/cattle/Texas/24-008749-003/2024(H5N1)	588	15281
MP|PP755590.1|A/cattle/Texas/24-008749-003/2024(H5N1)	589	15080
MP|PP755590.1|A/cattle/Texas/24-008749-003/2024(H5N1)	590	14878
MP|PP755590.1|A/cattle/Texas/24-008749-003/2024(H5N1)	591	14881
MP|PP755590.1|A/cattle/Texas/24-008749-003/2024(H5N1)	592	15161
MP|PP755590.1|A/cattle/Texas/24-008749-003/2024(H5N1)	593	15165
MP|PP755590.1|A/cattle/Texas/24-008749-003/2024(H5N1)	594	15072
MP|PP755590.1|A/cattle/Texas/24-008749-003/2024(H5N1)	595	14969
MP|PP755590.1|A/cattle/Texas/24-008749-003/2024(H5N1)	596	15144
MP|PP755590.1|A/cattle/Texas/24-008749-003/2024(H5N1)	597	15108
MP|PP755590.1|A/cattle/Texas/24-008749-003/2024(H5N1)	598	15357
MP|PP755590.1|A/cattle/Texas/24-008749-003/2024(H5N1)	599	15172
MP|PP755590.1|A/cattle/Texas/24-008749-003/2024(H5N1)	600	15176
MP|PP755590.1|A/cattle/Texas/24-008749-003/2024(H5N1)	601	15218
MP|PP755590.1|A/cattle/Texas/24-008749-003/2024(H5N1)	602	15216
MP|PP755590.1|A/cattle/Texas/24-008749-003/2024(H5N1)	603	15229
MP|PP755590.1|A/cattle/Texas/24-008749-003/2024(H5N1)	604	15570
MP|PP755590.1|A/cattle/Texas/24-008749-003/2024(H5N1)	605	16007
MP|PP755590.1|A/cattle/Texas/24-008749-003/2024(H5N1)	606	16028
MP|PP755590.1|A/cattle/Texas/24-008749-003/2024(H5N1)	607	15912
MP|PP755590.1|A/cattle/Texas/24-008749-003/2024(H5N1)	608	16183
MP|PP755590.1|A/cattle/Texas/24-008749-003/2024(H5N1)	609	16198
MP|PP755590.1|A/cattle/Texas/24-008749-003/2024(H5N1)	610	16235
MP|PP755590.1|A/cattle/Texas/24-008749-003/2024(H5N1)	611	16222
MP|PP755590.1|A/cattle/Texas/24-008749-003/2024(H5N1)	612	16266
MP|PP755590.1|A/cattle/Texas/24-008749-003/2024(H5N1)	613	16268
MP|PP755590.1|A/cattle/Texas/24-008749-003/2024(H5N1)	614	16134
MP|PP755590.1|A/cattle/Texas/24-008749-003/2024(H5N1)	615	16017
MP|PP755590.1|A/cattle/Texas/24-008749-003/2024(H5N1)	616	16009
MP|PP755590.1|A/cattle/Texas/24-008749-003/2024(H5N1)	617	16051
MP|PP755590.1|A/cattle/Texas/24-008749-003/2024(H5N1)	618	16059
MP|PP755590.1|A/cattle/Texas/24-008749-003/2024(H5N1)	619	16293
MP|PP755590.1|A/cattle/Texas/24-008749-003/2024(H5N1)	620	16276
MP|PP755590.1|A/cattle/Texas/24-008749-003/2024(H5N1)	621	16439
MP|PP755590.1|A/cattle/Texas/24-008749-003/2024(H5N1)	622	16413
MP|PP755590.1|A/cattle/Texas/24-008749-003/2024(H5N1)	623	16320
MP|PP755590.1|A/cattle/Texas/24-008749-003/2024(H5N1)	624	16927
MP|PP755590.1|A/cattle/Texas/24-008749-003/2024(H5N1)	625	16980
MP|PP755590.1|A/cattle/Texas/24-008749-003/2024(H5N1)	626	16995
MP|PP755590.1|A/cattle/Texas/24-008749-003/2024(H5N1)	627	16980
MP|PP755590.1|A/cattle/Texas/24-008749-003/2024(H5N1)	628	16824
MP|PP755590.1|A/cattle/Texas/24-008749-003/2024(H5N1)	629	17118
MP|PP755590.1|A/cattle/Texas/24-008749-003/2024(H5N1)	630	17109
MP|PP755590.1|A/cattle/Texas/24-008749-003/2024(H5N1)	631	17037
MP|PP755590.1|A/cattle/Texas/24-008749-003/2024(H5N1)	632	17025
MP|PP755590.1|A/cattle/Texas/24-008749-003/2024(H5N1)	633	16457
MP|PP755590.1|A/cattle/Texas/24-008749-003/2024(H5N1)	634	16463
MP|PP755590.1|A/cattle/Texas/24-008749-003/2024(H5N1)	635	16445
MP|PP755590.1|A/cattle/Texas/24-008749-003/2024(H5N1)	636	16507
MP|PP755590.1|A/cattle/Texas/24-008749-003/2024(H5N1)	637	16762
MP|PP755590.1|A/cattle/Texas/24-008749-003/2024(H5N1)	638	16683
MP|PP755590.1|A/cattle/Texas/24-008749-003/2024(H5N1)	639	16468
MP|PP755590.1|A/cattle/Texas/24-008749-003/2024(H5N1)	640	16357
MP|PP755590.1|A/cattle/Texas/24-008749-003/2024(H5N1)	641	16333
MP|PP755590.1|A/cattle/Texas/24-008749-003/2024(H5N1)	642	16543
MP|PP755590.1|A/cattle/Texas/24-008749-003/2024(H5N1)	643	16818
MP|PP755590.1|A/cattle/Texas/24-008749-003/2024(H5N1)	644	16921
MP|PP755590.1|A/cattle/Texas/24-008749-003/2024(H5N1)	645	16983
MP|PP755590.1|A/cattle/Texas/24-008749-003/2024(H5N1)	646	16873
MP|PP755590.1|A/cattle/Texas/24-008749-003/2024(H5N1)	647	16837
MP|PP755590.1|A/cattle/Texas/24-008749-003/2024(H5N1)	648	16857
MP|PP755590.1|A/cattle/Texas/24-008749-003/2024(H5N1)	649	16843
MP|PP755590.1|A/cattle/Texas/24-008749-003/2024(H5N1)	650	16901
MP|PP755590.1|A/cattle/Texas/24-008749-003/2024(H5N1)	651	17042
MP|PP755590.1|A/cattle/Texas/24-008749-003/2024(H5N1)	652	17000
MP|PP755590.1|A/cattle/Texas/24-008749-003/2024(H5N1)	653	17137
MP|PP755590.1|A/cattle/Texas/24-008749-003/2024(H5N1)	654	17279
MP|PP755590.1|A/cattle/Texas/24-008749-003/2024(H5N1)	655	17236
MP|PP755590.1|A/cattle/Texas/24-008749-003/2024(H5N1)	656	17419
MP|PP755590.1|A/cattle/Texas/24-008749-003/2024(H5N1)	657	17373
MP|PP755590.1|A/cattle/Texas/24-008749-003/2024(H5N1)	658	17375
MP|PP755590.1|A/cattle/Texas/24-008749-003/2024(H5N1)	659	17486
MP|PP755590.1|A/cattle/Texas/24-008749-003/2024(H5N1)	660	17479
MP|PP755590.1|A/cattle/Texas/24-008749-003/2024(H5N1)	661	17704
MP|PP755590.1|A/cattle/Texas/24-008749-003/2024(H5N1)	662	17548
MP|PP755590.1|A/cattle/Texas/24-008749-003/2024(H5N1)	663	17271
MP|PP755590.1|A/cattle/Texas/24-008749-003/2024(H5N1)	664	17371
MP|PP755590.1|A/cattle/Texas/24-008749-003/2024(H5N1)	665	17290
MP|PP755590.1|A/cattle/Texas/24-008749-003/2024(H5N1)	666	17948
MP|PP755590.1|A/cattle/Texas/24-008749-003/2024(H5N1)	667	17844
MP|PP755590.1|A/cattle/Texas/24-008749-003/2024(H5N1)	668	17785
MP|PP755590.1|A/cattle/Texas/24-008749-003/2024(H5N1)	669	17808
MP|PP755590.1|A/cattle/Texas/24-008749-003/2024(H5N1)	670	17776
MP|PP755590.1|A/cattle/Texas/24-008749-003/2024(H5N1)	671	17795
MP|PP755590.1|A/cattle/Texas/24-008749-003/2024(H5N1)	672	18277
MP|PP755590.1|A/cattle/Texas/24-008749-003/2024(H5N1)	673	18171
MP|PP755590.1|A/cattle/Texas/24-008749-003/2024(H5N1)	674	18204
MP|PP755590.1|A/cattle/Texas/24-008749-003/2024(H5N1)	675	17743
MP|PP755590.1|A/cattle/Texas/24-008749-003/2024(H5N1)	676	17706
MP|PP755590.1|A/cattle/Texas/24-008749-003/2024(H5N1)	677	17992
MP|PP755590.1|A/cattle/Texas/24-008749-003/2024(H5N1)	678	17971
MP|PP755590.1|A/cattle/Texas/24-008749-003/2024(H5N1)	679	17932
MP|PP755590.1|A/cattle/Texas/24-008749-003/2024(H5N1)	680	17907
MP|PP755590.1|A/cattle/Texas/24-008749-003/2024(H5N1)	681	17334
MP|PP755590.1|A/cattle/Texas/24-008749-003/2024(H5N1)	682	17435
MP|PP755590.1|A/cattle/Texas/24-008749-003/2024(H5N1)	683	17625
MP|PP755590.1|A/cattle/Texas/24-008749-003/2024(H5N1)	684	17519
MP|PP755590.1|A/cattle/Texas/24-008749-003/2024(H5N1)	685	17522
MP|PP755590.1|A/cattle/Texas/24-008749-003/2024(H5N1)	686	17279
MP|PP755590.1|A/cattle/Texas/24-008749-003/2024(H5N1)	687	17357
MP|PP755590.1|A/cattle/Texas/24-008749-003/2024(H5N1)	688	17450
MP|PP755590.1|A/cattle/Texas/24-008749-003/2024(H5N1)	689	16847
MP|PP755590.1|A/cattle/Texas/24-008749-003/2024(H5N1)	690	16832
MP|PP755590.1|A/cattle/Texas/24-008749-003/2024(H5N1)	691	16795
MP|PP755590.1|A/cattle/Texas/24-008749-003/2024(H5N1)	692	16689
MP|PP755590.1|A/cattle/Texas/24-008749-003/2024(H5N1)	693	16642
MP|PP755590.1|A/cattle/Texas/24-008749-003/2024(H5N1)	694	16210
MP|PP755590.1|A/cattle/Texas/24-008749-003/2024(H5N1)	695	16325
MP|PP755590.1|A/cattle/Texas/24-008749-003/2024(H5N1)	696	16377
MP|PP755590.1|A/cattle/Texas/24-008749-003/2024(H5N1)	697	15231
MP|PP755590.1|A/cattle/Texas/24-008749-003/2024(H5N1)	698	15045
MP|PP755590.1|A/cattle/Texas/24-008749-003/2024(H5N1)	699	15106
MP|PP755590.1|A/cattle/Texas/24-008749-003/2024(H5N1)	700	14975
MP|PP755590.1|A/cattle/Texas/24-008749-003/2024(H5N1)	701	14981
MP|PP755590.1|A/cattle/Texas/24-008749-003/2024(H5N1)	702	14985
MP|PP755590.1|A/cattle/Texas/24-008749-003/2024(H5N1)	703	14984
MP|PP755590.1|A/cattle/Texas/24-008749-003/2024(H5N1)	704	14984
MP|PP755590.1|A/cattle/Texas/24-008749-003/2024(H5N1)	705	14900
MP|PP755590.1|A/cattle/Texas/24-008749-003/2024(H5N1)	706	14577
MP|PP755590.1|A/cattle/Texas/24-008749-003/2024(H5N1)	707	14477
MP|PP755590.1|A/cattle/Texas/24-008749-003/2024(H5N1)	708	14661
MP|PP755590.1|A/cattle/Texas/24-008749-003/2024(H5N1)	709	14861
MP|PP755590.1|A/cattle/Texas/24-008749-003/2024(H5N1)	710	14858
MP|PP755590.1|A/cattle/Texas/24-008749-003/2024(H5N1)	711	14818
MP|PP755590.1|A/cattle/Texas/24-008749-003/2024(H5N1)	712	14622
MP|PP755590.1|A/cattle/Texas/24-008749-003/2024(H5N1)	713	14611
MP|PP755590.1|A/cattle/Texas/24-008749-003/2024(H5N1)	714	14500
MP|PP755590.1|A/cattle/Texas/24-008749-003/2024(H5N1)	715	14528
MP|PP755590.1|A/cattle/Texas/24-008749-003/2024(H5N1)	716	14473
MP|PP755590.1|A/cattle/Texas/24-008749-003/2024(H5N1)	717	14303
MP|PP755590.1|A/cattle/Texas/24-008749-003/2024(H5N1)	718	14353
MP|PP755590.1|A/cattle/Texas/24-008749-003/2024(H5N1)	719	14540
MP|PP755590.1|A/cattle/Texas/24-008749-003/2024(H5N1)	720	14705
MP|PP755590.1|A/cattle/Texas/24-008749-003/2024(H5N1)	721	14682
MP|PP755590.1|A/cattle/Texas/24-008749-003/2024(H5N1)	722	14669
MP|PP755590.1|A/cattle/Texas/24-008749-003/2024(H5N1)	723	14643
MP|PP755590.1|A/cattle/Texas/24-008749-003/2024(H5N1)	724	14648
MP|PP755590.1|A/cattle/Texas/24-008749-003/2024(H5N1)	725	14677
MP|PP755590.1|A/cattle/Texas/24-008749-003/2024(H5N1)	726	14501
MP|PP755590.1|A/cattle/Texas/24-008749-003/2024(H5N1)	727	14464
MP|PP755590.1|A/cattle/Texas/24-008749-003/2024(H5N1)	728	14337
MP|PP755590.1|A/cattle/Texas/24-008749-003/2024(H5N1)	729	14335
MP|PP755590.1|A/cattle/Texas/24-008749-003/2024(H5N1)	730	14362
MP|PP755590.1|A/cattle/Texas/24-008749-003/2024(H5N1)	731	14369
MP|PP755590.1|A/cattle/Texas/24-008749-003/2024(H5N1)	732	14305
MP|PP755590.1|A/cattle/Texas/24-008749-003/2024(H5N1)	733	14506
MP|PP755590.1|A/cattle/Texas/24-008749-003/2024(H5N1)	734	14856
MP|PP755590.1|A/cattle/Texas/24-008749-003/2024(H5N1)	735	14854
MP|PP755590.1|A/cattle/Texas/24-008749-003/2024(H5N1)	736	14945
MP|PP755590.1|A/cattle/Texas/24-008749-003/2024(H5N1)	737	14947
MP|PP755590.1|A/cattle/Texas/24-008749-003/2024(H5N1)	738	14920
MP|PP755590.1|A/cattle/Texas/24-008749-003/2024(H5N1)	739	15158
MP|PP755590.1|A/cattle/Texas/24-008749-003/2024(H5N1)	740	15172
MP|PP755590.1|A/cattle/Texas/24-008749-003/2024(H5N1)	741	15163
MP|PP755590.1|A/cattle/Texas/24-008749-003/2024(H5N1)	742	15148
MP|PP755590.1|A/cattle/Texas/24-008749-003/2024(H5N1)	743	14713
MP|PP755590.1|A/cattle/Texas/24-008749-003/2024(H5N1)	744	14734
MP|PP755590.1|A/cattle/Texas/24-008749-003/2024(H5N1)	745	14683
MP|PP755590.1|A/cattle/Texas/24-008749-003/2024(H5N1)	746	14658
MP|PP755590.1|A/cattle/Texas/24-008749-003/2024(H5N1)	747	14635
MP|PP755590.1|A/cattle/Texas/24-008749-003/2024(H5N1)	748	15448
MP|PP755590.1|A/cattle/Texas/24-008749-003/2024(H5N1)	749	15482
MP|PP755590.1|A/cattle/Texas/24-008749-003/2024(H5N1)	750	15907
MP|PP755590.1|A/cattle/Texas/24-008749-003/2024(H5N1)	751	15975
MP|PP755590.1|A/cattle/Texas/24-008749-003/2024(H5N1)	752	15983
MP|PP755590.1|A/cattle/Texas/24-008749-003/2024(H5N1)	753	16024
MP|PP755590.1|A/cattle/Texas/24-008749-003/2024(H5N1)	754	16123
MP|PP755590.1|A/cattle/Texas/24-008749-003/2024(H5N1)	755	15794
MP|PP755590.1|A/cattle/Texas/24-008749-003/2024(H5N1)	756	15384
MP|PP755590.1|A/cattle/Texas/24-008749-003/2024(H5N1)	757	15673
MP|PP755590.1|A/cattle/Texas/24-008749-003/2024(H5N1)	758	15600
MP|PP755590.1|A/cattle/Texas/24-008749-003/2024(H5N1)	759	15551
MP|PP755590.1|A/cattle/Texas/24-008749-003/2024(H5N1)	760	15541
MP|PP755590.1|A/cattle/Texas/24-008749-003/2024(H5N1)	761	15624
MP|PP755590.1|A/cattle/Texas/24-008749-003/2024(H5N1)	762	15426
MP|PP755590.1|A/cattle/Texas/24-008749-003/2024(H5N1)	763	15567
MP|PP755590.1|A/cattle/Texas/24-008749-003/2024(H5N1)	764	15590
MP|PP755590.1|A/cattle/Texas/24-008749-003/2024(H5N1)	765	15560
MP|PP755590.1|A/cattle/Texas/24-008749-003/2024(H5N1)	766	15763
MP|PP755590.1|A/cattle/Texas/24-008749-003/2024(H5N1)	767	15761
MP|PP755590.1|A/cattle/Texas/24-008749-003/2024(H5N1)	768	15577
MP|PP755590.1|A/cattle/Texas/24-008749-003/2024(H5N1)	769	15738
MP|PP755590.1|A/cattle/Texas/24-008749-003/2024(H5N1)	770	15428
MP|PP755590.1|A/cattle/Texas/24-008749-003/2024(H5N1)	771	15641
MP|PP755590.1|A/cattle/Texas/24-008749-003/2024(H5N1)	772	15533
MP|PP755590.1|A/cattle/Texas/24-008749-003/2024(H5N1)	773	15475
MP|PP755590.1|A/cattle/Texas/24-008749-003/2024(H5N1)	774	14922
MP|PP755590.1|A/cattle/Texas/24-008749-003/2024(H5N1)	775	14774
MP|PP755590.1|A/cattle/Texas/24-008749-003/2024(H5N1)	776	14783
MP|PP755590.1|A/cattle/Texas/24-008749-003/2024(H5N1)	777	14937
MP|PP755590.1|A/cattle/Texas/24-008749-003/2024(H5N1)	778	14944
MP|PP755590.1|A/cattle/Texas/24-008749-003/2024(H5N1)	779	14889
MP|PP755590.1|A/cattle/Texas/24-008749-003/2024(H5N1)	780	14691
MP|PP755590.1|A/cattle/Texas/24-008749-003/2024(H5N1)	781	15699
MP|PP755590.1|A/cattle/Texas/24-008749-003/2024(H5N1)	782	15705
MP|PP755590.1|A/cattle/Texas/24-008749-003/2024(H5N1)	783	15695
MP|PP755590.1|A/cattle/Texas/24-008749-003/2024(H5N1)	784	16047
MP|PP755590.1|A/cattle/Texas/24-008749-003/2024(H5N1)	785	16073
MP|PP755590.1|A/cattle/Texas/24-008749-003/2024(H5N1)	786	16528
MP|PP755590.1|A/cattle/Texas/24-008749-003/2024(H5N1)	787	16452
MP|PP755590.1|A/cattle/Texas/24-008749-003/2024(H5N1)	788	16194
MP|PP755590.1|A/cattle/Texas/24-008749-003/2024(H5N1)	789	15954
MP|PP755590.1|A/cattle/Texas/24-008749-003/2024(H5N1)	790	15981
MP|PP755590.1|A/cattle/Texas/24-008749-003/2024(H5N1)	791	16829
MP|PP755590.1|A/cattle/Texas/24-008749-003/2024(H5N1)	792	16806
MP|PP755590.1|A/cattle/Texas/24-008749-003/2024(H5N1)	793	16623
MP|PP755590.1|A/cattle/Texas/24-008749-003/2024(H5N1)	794	16893
MP|PP755590.1|A/cattle/Texas/24-008749-003/2024(H5N1)	795	17055
MP|PP755590.1|A/cattle/Texas/24-008749-003/2024(H5N1)	796	17064
MP|PP755590.1|A/cattle/Texas/24-008749-003/2024(H5N1)	797	16991
MP|PP755590.1|A/cattle/Texas/24-008749-003/2024(H5N1)	798	17089
MP|PP755590.1|A/cattle/Texas/24-008749-003/2024(H5N1)	799	17048
MP|PP755590.1|A/cattle/Texas/24-008749-003/2024(H5N1)	800	16870
MP|PP755590.1|A/cattle/Texas/24-008749-003/2024(H5N1)	801	16963
MP|PP755590.1|A/cattle/Texas/24-008749-003/2024(H5N1)	802	16914
MP|PP755590.1|A/cattle/Texas/24-008749-003/2024(H5N1)	803	17045
MP|PP755590.1|A/cattle/Texas/24-008749-003/2024(H5N1)	804	16642
MP|PP755590.1|A/cattle/Texas/24-008749-003/2024(H5N1)	805	16393
MP|PP755590.1|A/cattle/Texas/24-008749-003/2024(H5N1)	806	16367
MP|PP755590.1|A/cattle/Texas/24-008749-003/2024(H5N1)	807	16175
MP|PP755590.1|A/cattle/Texas/24-008749-003/2024(H5N1)	808	16206
MP|PP755590.1|A/cattle/Texas/24-008749-003/2024(H5N1)	809	16178
MP|PP755590.1|A/cattle/Texas/24-008749-003/2024(H5N1)	810	16027
MP|PP755590.1|A/cattle/Texas/24-008749-003/2024(H5N1)	811	16005
MP|PP755590.1|A/cattle/Texas/24-008749-003/2024(H5N1)	812	15770
MP|PP755590.1|A/cattle/Texas/24-008749-003/2024(H5N1)	813	15769
MP|PP755590.1|A/cattle/Texas/24-008749-003/2024(H5N1)	814	15720
MP|PP755590.1|A/cattle/Texas/24-008749-003/2024(H5N1)	815	15072
MP|PP755590.1|A/cattle/Texas/24-008749-003/2024(H5N1)	816	15059
MP|PP755590.1|A/cattle/Texas/24-008749-003/2024(H5N1)	817	14959
MP|PP755590.1|A/cattle/Texas/24-008749-003/2024(H5N1)	818	14947
MP|PP755590.1|A/cattle/Texas/24-008749-003/2024(H5N1)	819	15106
MP|PP755590.1|A/cattle/Texas/24-008749-003/2024(H5N1)	820	15076
MP|PP755590.1|A/cattle/Texas/24-008749-003/2024(H5N1)	821	15081
MP|PP755590.1|A/cattle/Texas/24-008749-003/2024(H5N1)	822	15057
MP|PP755590.1|A/cattle/Texas/24-008749-003/2024(H5N1)	823	14555
MP|PP755590.1|A/cattle/Texas/24-008749-003/2024(H5N1)	824	15643
MP|PP755590.1|A/cattle/Texas/24-008749-003/2024(H5N1)	825	15618
MP|PP755590.1|A/cattle/Texas/24-008749-003/2024(H5N1)	826	15620
MP|PP755590.1|A/cattle/Texas/24-008749-003/2024(H5N1)	827	15630
MP|PP755590.1|A/cattle/Texas/24-008749-003/2024(H5N1)	828	15366
MP|PP755590.1|A/cattle/Texas/24-008749-003/2024(H5N1)	829	15752
MP|PP755590.1|A/cattle/Texas/24-008749-003/2024(H5N1)	830	15742
MP|PP755590.1|A/cattle/Texas/24-008749-003/2024(H5N1)	831	15739
MP|PP755590.1|A/cattle/Texas/24-008749-003/2024(H5N1)	832	15584
MP|PP755590.1|A/cattle/Texas/24-008749-003/2024(H5N1)	833	15520
MP|PP755590.1|A/cattle/Texas/24-008749-003/2024(H5N1)	834	15426
MP|PP755590.1|A/cattle/Texas/24-008749-003/2024(H5N1)	835	15398
MP|PP755590.1|A/cattle/Texas/24-008749-003/2024(H5N1)	836	15366
MP|PP755590.1|A/cattle/Texas/24-008749-003/2024(H5N1)	837	15381
MP|PP755590.1|A/cattle/Texas/24-008749-003/2024(H5N1)	838	15359
MP|PP755590.1|A/cattle/Texas/24-008749-003/2024(H5N1)	839	15374
MP|PP755590.1|A/cattle/Texas/24-008749-003/2024(H5N1)	840	15188
MP|PP755590.1|A/cattle/Texas/24-008749-003/2024(H5N1)	841	15193
MP|PP755590.1|A/cattle/Texas/24-008749-003/2024(H5N1)	842	15349
MP|PP755590.1|A/cattle/Texas/24-008749-003/2024(H5N1)	843	15358
MP|PP755590.1|A/cattle/Texas/24-008749-003/2024(H5N1)	844	15379
MP|PP755590.1|A/cattle/Texas/24-008749-003/2024(H5N1)	845	15340
MP|PP755590.1|A/cattle/Texas/24-008749-003/2024(H5N1)	846	15261
MP|PP755590.1|A/cattle/Texas/24-008749-003/2024(H5N1)	847	15394
MP|PP755590.1|A/cattle/Texas/24-008749-003/2024(H5N1)	848	15380
MP|PP755590.1|A/cattle/Texas/24-008749-003/2024(H5N1)	849	15392
MP|PP755590.1|A/cattle/Texas/24-008749-003/2024(H5N1)	850	15469
MP|PP755590.1|A/cattle/Texas/24-008749-003/2024(H5N1)	851	16915
MP|PP755590.1|A/cattle/Texas/24-008749-003/2024(H5N1)	852	17008
MP|PP755590.1|A/cattle/Texas/24-008749-003/2024(H5N1)	853	17212
MP|PP755590.1|A/cattle/Texas/24-008749-003/2024(H5N1)	854	17230
MP|PP755590.1|A/cattle/Texas/24-008749-003/2024(H5N1)	855	17236
MP|PP755590.1|A/cattle/Texas/24-008749-003/2024(H5N1)	856	17418
MP|PP755590.1|A/cattle/Texas/24-008749-003/2024(H5N1)	857	17413
MP|PP755590.1|A/cattle/Texas/24-008749-003/2024(H5N1)	858	17310
MP|PP755590.1|A/cattle/Texas/24-008749-003/2024(H5N1)	859	17018
MP|PP755590.1|A/cattle/Texas/24-008749-003/2024(H5N1)	860	16811
MP|PP755590.1|A/cattle/Texas/24-008749-003/2024(H5N1)	861	16839
MP|PP755590.1|A/cattle/Texas/24-008749-003/2024(H5N1)	862	16776
MP|PP755590.1|A/cattle/Texas/24-008749-003/2024(H5N1)	863	16756
MP|PP755590.1|A/cattle/Texas/24-008749-003/2024(H5N1)	864	16754
MP|PP755590.1|A/cattle/Texas/24-008749-003/2024(H5N1)	865	16674
MP|PP755590.1|A/cattle/Texas/24-008749-003/2024(H5N1)	866	16671
MP|PP755590.1|A/cattle/Texas/24-008749-003/2024(H5N1)	867	16667
MP|PP755590.1|A/cattle/Texas/24-008749-003/2024(H5N1)	868	16660
MP|PP755590.1|A/cattle/Texas/24-008749-003/2024(H5N1)	869	16570
MP|PP755590.1|A/cattle/Texas/24-008749-003/2024(H5N1)	870	16398
MP|PP755590.1|A/cattle/Texas/24-008749-003/2024(H5N1)	871	16174
MP|PP755590.1|A/cattle/Texas/24-008749-003/2024(H5N1)	872	16172
MP|PP755590.1|A/cattle/Texas/24-008749-003/2024(H5N1)	873	16172
MP|PP755590.1|A/cattle/Texas/24-008749-003/2024(H5N1)	874	16163
MP|PP755590.1|A/cattle/Texas/24-008749-003/2024(H5N1)	875	16125
MP|PP755590.1|A/cattle/Texas/24-008749-003/2024(H5N1)	876	16031
MP|PP755590.1|A/cattle/Texas/24-008749-003/2024(H5N1)	877	16005
MP|PP755590.1|A/cattle/Texas/24-008749-003/2024(H5N1)	878	16005
MP|PP755590.1|A/cattle/Texas/24-008749-003/2024(H5N1)	879	15937
MP|PP755590.1|A/cattle/Texas/24-008749-003/2024(H5N1)	880	15904
MP|PP755590.1|A/cattle/Texas/24-008749-003/2024(H5N1)	881	15902
MP|PP755590.1|A/cattle/Texas/24-008749-003/2024(H5N1)	882	15860
MP|PP755590.1|A/cattle/Texas/24-008749-003/2024(H5N1)	883	15681
MP|PP755590.1|A/cattle/Texas/24-008749-003/2024(H5N1)	884	15621
MP|PP755590.1|A/cattle/Texas/24-008749-003/2024(H5N1)	885	15220
MP|PP755590.1|A/cattle/Texas/24-008749-003/2024(H5N1)	886	15211
MP|PP755590.1|A/cattle/Texas/24-008749-003/2024(H5N1)	887	15062
MP|PP755590.1|A/cattle/Texas/24-008749-003/2024(H5N1)	888	15024
MP|PP755590.1|A/cattle/Texas/24-008749-003/2024(H5N1)	889	14950
MP|PP755590.1|A/cattle/Texas/24-008749-003/2024(H5N1)	890	14795
MP|PP755590.1|A/cattle/Texas/24-008749-003/2024(H5N1)	891	14741
MP|PP755590.1|A/cattle/Texas/24-008749-003/2024(H5N1)	892	14734
MP|PP755590.1|A/cattle/Texas/24-008749-003/2024(H5N1)	893	14705
MP|PP755590.1|A/cattle/Texas/24-008749-003/2024(H5N1)	894	14666
MP|PP755590.1|A/cattle/Texas/24-008749-003/2024(H5N1)	895	14548
MP|PP755590.1|A/cattle/Texas/24-008749-003/2024(H5N1)	896	14528
MP|PP755590.1|A/cattle/Texas/24-008749-003/2024(H5N1)	897	13579
MP|PP755590.1|A/cattle/Texas/24-008749-003/2024(H5N1)	898	13597
MP|PP755590.1|A/cattle/Texas/24-008749-003/2024(H5N1)	899	13145
MP|PP755590.1|A/cattle/Texas/24-008749-003/2024(H5N1)	900	12955
MP|PP755590.1|A/cattle/Texas/24-008749-003/2024(H5N1)	901	12693
MP|PP755590.1|A/cattle/Texas/24-008749-003/2024(H5N1)	902	12582
MP|PP755590.1|A/cattle/Texas/24-008749-003/2024(H5N1)	903	12579
MP|PP755590.1|A/cattle/Texas/24-008749-003/2024(H5N1)	904	12506
MP|PP755590.1|A/cattle/Texas/24-008749-003/2024(H5N1)	905	12390
MP|PP755590.1|A/cattle/Texas/24-008749-003/2024(H5N1)	906	12383
MP|PP755590.1|A/cattle/Texas/24-008749-003/2024(H5N1)	907	11994
MP|PP755590.1|A/cattle/Texas/24-008749-003/2024(H5N1)	908	11994
MP|PP755590.1|A/cattle/Texas/24-008749-003/2024(H5N1)	909	11975
MP|PP755590.1|A/cattle/Texas/24-008749-003/2024(H5N1)	910	11738
MP|PP755590.1|A/cattle/Texas/24-008749-003/2024(H5N1)	911	11740
MP|PP755590.1|A/cattle/Texas/24-008749-003/2024(H5N1)	912	11605
MP|PP755590.1|A/cattle/Texas/24-008749-003/2024(H5N1)	913	11592
MP|PP755590.1|A/cattle/Texas/24-008749-003/2024(H5N1)	914	11399
MP|PP755590.1|A/cattle/Texas/24-008749-003/2024(H5N1)	915	11187
MP|PP755590.1|A/cattle/Texas/24-008749-003/2024(H5N1)	916	11128
MP|PP755590.1|A/cattle/Texas/24-008749-003/2024(H5N1)	917	10980
MP|PP755590.1|A/cattle/Texas/24-008749-003/2024(H5N1)	918	10985
MP|PP755590.1|A/cattle/Texas/24-008749-003/2024(H5N1)	919	10973
MP|PP755590.1|A/cattle/Texas/24-008749-003/2024(H5N1)	920	10788
MP|PP755590.1|A/cattle/Texas/24-008749-003/2024(H5N1)	921	10727
MP|PP755590.1|A/cattle/Texas/24-008749-003/2024(H5N1)	922	10450
MP|PP755590.1|A/cattle/Texas/24-008749-003/2024(H5N1)	923	10458
MP|PP755590.1|A/cattle/Texas/24-008749-003/2024(H5N1)	924	10441
MP|PP755590.1|A/cattle/Texas/24-008749-003/2024(H5N1)	925	10427
MP|PP755590.1|A/cattle/Texas/24-008749-003/2024(H5N1)	926	10434
MP|PP755590.1|A/cattle/Texas/24-008749-003/2024(H5N1)	927	10231
MP|PP755590.1|A/cattle/Texas/24-008749-003/2024(H5N1)	928	10240
MP|PP755590.1|A/cattle/Texas/24-008749-003/2024(H5N1)	929	10225
MP|PP755590.1|A/cattle/Texas/24-008749-003/2024(H5N1)	930	10201
MP|PP755590.1|A/cattle/Texas/24-008749-003/2024(H5N1)	931	10123
MP|PP755590.1|A/cattle/Texas/24-008749-003/2024(H5N1)	932	9046
MP|PP755590.1|A/cattle/Texas/24-008749-003/2024(H5N1)	933	9052
MP|PP755590.1|A/cattle/Texas/24-008749-003/2024(H5N1)	934	9013
MP|PP755590.1|A/cattle/Texas/24-008749-003/2024(H5N1)	935	8667
MP|PP755590.1|A/cattle/Texas/24-008749-003/2024(H5N1)	936	8633
MP|PP755590.1|A/cattle/Texas/24-008749-003/2024(H5N1)	937	8089
MP|PP755590.1|A/cattle/Texas/24-008749-003/2024(H5N1)	938	8089
MP|PP755590.1|A/cattle/Texas/24-008749-003/2024(H5N1)	939	8070
MP|PP755590.1|A/cattle/Texas/24-008749-003/2024(H5N1)	940	8040
MP|PP755590.1|A/cattle/Texas/24-008749-003/2024(H5N1)	941	8012
MP|PP755590.1|A/cattle/Texas/24-008749-003/2024(H5N1)	942	7062
MP|PP755590.1|A/cattle/Texas/24-008749-003/2024(H5N1)	943	7047
MP|PP755590.1|A/cattle/Texas/24-008749-003/2024(H5N1)	944	6716
MP|PP755590.1|A/cattle/Texas/24-008749-003/2024(H5N1)	945	6334
MP|PP755590.1|A/cattle/Texas/24-008749-003/2024(H5N1)	946	6138
MP|PP755590.1|A/cattle/Texas/24-008749-003/2024(H5N1)	947	6066
MP|PP755590.1|A/cattle/Texas/24-008749-003/2024(H5N1)	948	6044
MP|PP755590.1|A/cattle/Texas/24-008749-003/2024(H5N1)	949	5916
MP|PP755590.1|A/cattle/Texas/24-008749-003/2024(H5N1)	950	5850
MP|PP755590.1|A/cattle/Texas/24-008749-003/2024(H5N1)	951	5787
MP|PP755590.1|A/cattle/Texas/24-008749-003/2024(H5N1)	952	5711
MP|PP755590.1|A/cattle/Texas/24-008749-003/2024(H5N1)	953	5643
MP|PP755590.1|A/cattle/Texas/24-008749-003/2024(H5N1)	954	5591
MP|PP755590.1|A/cattle/Texas/24-008749-003/2024(H5N1)	955	5587
MP|PP755590.1|A/cattle/Texas/24-008749-003/2024(H5N1)	956	5554
MP|PP755590.1|A/cattle/Texas/24-008749-003/2024(H5N1)	957	5546
MP|PP755590.1|A/cattle/Texas/24-008749-003/2024(H5N1)	958	5538
MP|PP755590.1|A/cattle/Texas/24-008749-003/2024(H5N1)	959	5524
MP|PP755590.1|A/cattle/Texas/24-008749-003/2024(H5N1)	960	5505
MP|PP755590.1|A/cattle/Texas/24-008749-003/2024(H5N1)	961	5483
MP|PP755590.1|A/cattle/Texas/24-008749-003/2024(H5N1)	962	5475
MP|PP755590.1|A/cattle/Texas/24-008749-003/2024(H5N1)	963	5395
MP|PP755590.1|A/cattle/Texas/24-008749-003/2024(H5N1)	964	5390
MP|PP755590.1|A/cattle/Texas/24-008749-003/2024(H5N1)	965	5363
MP|PP755590.1|A/cattle/Texas/24-008749-003/2024(H5N1)	966	5350
MP|PP755590.1|A/cattle/Texas/24-008749-003/2024(H5N1)	967	5345
MP|PP755590.1|A/cattle/Texas/24-008749-003/2024(H5N1)	968	5331
MP|PP755590.1|A/cattle/Texas/24-008749-003/2024(H5N1)	969	5328
MP|PP755590.1|A/cattle/Texas/24-008749-003/2024(H5N1)	970	5092
MP|PP755590.1|A/cattle/Texas/24-008749-003/2024(H5N1)	971	5090
MP|PP755590.1|A/cattle/Texas/24-008749-003/2024(H5N1)	972	5020
MP|PP755590.1|A/cattle/Texas/24-008749-003/2024(H5N1)	973	5019
MP|PP755590.1|A/cattle/Texas/24-008749-003/2024(H5N1)	974	5000
MP|PP755590.1|A/cattle/Texas/24-008749-003/2024(H5N1)	975	3740
MP|PP755590.1|A/cattle/Texas/24-008749-003/2024(H5N1)	976	3697
MP|PP755590.1|A/cattle/Texas/24-008749-003/2024(H5N1)	977	3693
MP|PP755590.1|A/cattle/Texas/24-008749-003/2024(H5N1)	978	3677
MP|PP755590.1|A/cattle/Texas/24-008749-003/2024(H5N1)	979	3675
MP|PP755590.1|A/cattle/Texas/24-008749-003/2024(H5N1)	980	3236
MP|PP755590.1|A/cattle/Texas/24-008749-003/2024(H5N1)	981	3222
MP|PP755590.1|A/cattle/Texas/24-008749-003/2024(H5N1)	982	3209
