MP|PP755590.1|A/cattle/Texas/24-008749-003/2024(H5N1)	1	7555
MP|PP755590.1|A/cattle/Texas/24-008749-003/2024(H5N1)	2	7755
MP|PP755590.1|A/cattle/Texas/24-008749-003/2024(H5N1)	3	7783
MP|PP755590.1|A/cattle/Texas/24-008749-003/2024(H5N1)	4	7803
MP|PP755590.1|A/cattle/Texas/24-008749-003/2024(H5N1)	5	8230
MP|PP755590.1|A/cattle/Texas/24-008749-003/2024(H5N1)	6	8345
MP|PP755590.1|A/cattle/Texas/24-008749-003/2024(H5N1)	7	8957
MP|PP755590.1|A/cattle/Texas/24-008749-003/2024(H5N1)	8	9236
MP|PP755590.1|A/cattle/Texas/24-008749-003/2024(H5N1)	9	9308
MP|PP755590.1|A/cattle/Texas/24-008749-003/2024(H5N1)	10	9317
MP|PP755590.1|A/cattle/Texas/24-008749-003/2024(H5N1)	11	9340
MP|PP755590.1|A/cattle/Texas/24-008749-003/2024(H5N1)	12	9434
MP|PP755590.1|A/cattle/Texas/24-008749-003/2024(H5N1)	13	9461
MP|PP755590.1|A/cattle/Texas/24-008749-003/2024(H5N1)	14	9462
MP|PP755590.1|A/cattle/Texas/24-008749-003/2024(H5N1)	15	9464
MP|PP755590.1|A/cattle/Texas/24-008749-003/2024(H5N1)	16	9465
MP|PP755590.1|A/cattle/Texas/24-008749-003/2024(H5N1)	17	9507
MP|PP755590.1|A/cattle/Texas/24-008749-003/2024(H5N1)	18	9582
MP|PP755590.1|A/cattle/Texas/24-008749-003/2024(H5N1)	19	9861
MP|PP755590.1|A/cattle/Texas/24-008749-003/2024(H5N1)	20	9863
MP|PP755590.1|A/cattle/Texas/24-008749-003/2024(H5N1)	21	9871
MP|PP755590.1|A/cattle/Texas/24-008749-003/2024(H5N1)	22	9879
MP|PP755590.1|A/cattle/Texas/24-008749-003/2024(H5N1)	23	10088
MP|PP755590.1|A/cattle/Texas/24-008749-003/2024(H5N1)	24	10098
MP|PP755590.1|A/cattle/Texas/24-008749-003/2024(H5N1)	25	10131
MP|PP755590.1|A/cattle/Texas/24-008749-003/2024(H5N1)	26	10485
MP|PP755590.1|A/cattle/Texas/24-008749-003/2024(H5N1)	27	10528
MP|PP755590.1|A/cattle/Texas/24-008749-003/2024(H5N1)	28	10569
MP|PP755590.1|A/cattle/Texas/24-008749-003/2024(H5N1)	29	10584
MP|PP755590.1|A/cattle/Texas/24-008749-003/2024(H5N1)	30	10654
MP|PP755590.1|A/cattle/Texas/24-008749-003/2024(H5N1)	31	10690
MP|PP755590.1|A/cattle/Texas/24-008749-003/2024(H5N1)	32	10708
MP|PP755590.1|A/cattle/Texas/24-008749-003/2024(H5N1)	33	10983
MP|PP755590.1|A/cattle/Texas/24-008749-003/2024(H5N1)	34	11186
MP|PP755590.1|A/cattle/Texas/24-008749-003/2024(H5N1)	35	11194
MP|PP755590.1|A/cattle/Texas/24-008749-003/2024(H5N1)	36	11560
MP|PP755590.1|A/cattle/Texas/24-008749-003/2024(H5N1)	37	11563
MP|PP755590.1|A/cattle/Texas/24-008749-003/2024(H5N1)	38	12086
MP|PP755590.1|A/cattle/Texas/24-008749-003/2024(H5N1)	39	12106
MP|PP755590.1|A/cattle/Texas/24-008749-003/2024(H5N1)	40	12177
MP|PP755590.1|A/cattle/Texas/24-008749-003/2024(H5N1)	41	12180
MP|PP755590.1|A/cattle/Texas/24-008749-003/2024(H5N1)	42	12191
MP|PP755590.1|A/cattle/Texas/24-008749-003/2024(H5N1)	43	12242
MP|PP755590.1|A/cattle/Texas/24-008749-003/2024(H5N1)	44	12242
MP|PP755590.1|A/cattle/Texas/24-008749-003/2024(H5N1)	45	12266
MP|PP755590.1|A/cattle/Texas/24-008749-003/2024(H5N1)	46	12318
MP|PP755590.1|A/cattle/Texas/24-008749-003/2024(H5N1)	47	12497
MP|PP755590.1|A/cattle/Texas/24-008749-003/2024(H5N1)	48	12566
MP|PP755590.1|A/cattle/Texas/24-008749-003/2024(H5N1)	49	12575
MP|PP755590.1|A/cattle/Texas/24-008749-003/2024(H5N1)	50	12603
MP|PP755590.1|A/cattle/Texas/24-008749-003/2024(H5N1)	51	12605
MP|PP755590.1|A/cattle/Texas/24-008749-003/2024(H5N1)	52	12752
MP|PP755590.1|A/cattle/Texas/24-008749-003/2024(H5N1)	53	12914
MP|PP755590.1|A/cattle/Texas/24-008749-003/2024(H5N1)	54	12920
MP|PP755590.1|A/cattle/Texas/24-008749-003/2024(H5N1)	55	12922
MP|PP755590.1|A/cattle/Texas/24-008749-003/2024(H5N1)	56	13024
MP|PP755590.1|A/cattle/Texas/24-008749-003/2024(H5N1)	57	13826
MP|PP755590.1|A/cattle/Texas/24-008749-003/2024(H5N1)	58	13847
MP|PP755590.1|A/cattle/Texas/24-008749-003/2024(H5N1)	59	13917
MP|PP755590.1|A/cattle/Texas/24-008749-003/2024(H5N1)	60	13932
MP|PP755590.1|A/cattle/Texas/24-008749-003/2024(H5N1)	61	13994
MP|PP755590.1|A/cattle/Texas/24-008749-003/2024(H5N1)	62	14008
MP|PP755590.1|A/cattle/Texas/24-008749-003/2024(H5N1)	63	14175
MP|PP755590.1|A/cattle/Texas/24-008749-003/2024(H5N1)	64	14223
MP|PP755590.1|A/cattle/Texas/24-008749-003/2024(H5N1)	65	14284
MP|PP755590.1|A/cattle/Texas/24-008749-003/2024(H5N1)	66	14265
MP|PP755590.1|A/cattle/Texas/24-008749-003/2024(H5N1)	67	14268
MP|PP755590.1|A/cattle/Texas/24-008749-003/2024(H5N1)	68	14323
MP|PP755590.1|A/cattle/Texas/24-008749-003/2024(H5N1)	69	14334
MP|PP755590.1|A/cattle/Texas/24-008749-003/2024(H5N1)	70	14603
MP|PP755590.1|A/cattle/Texas/24-008749-003/2024(H5N1)	71	14602
MP|PP755590.1|A/cattle/Texas/24-008749-003/2024(H5N1)	72	14598
MP|PP755590.1|A/cattle/Texas/24-008749-003/2024(H5N1)	73	14664
MP|PP755590.1|A/cattle/Texas/24-008749-003/2024(H5N1)	74	14763
MP|PP755590.1|A/cattle/Texas/24-008749-003/2024(H5N1)	75	14768
MP|PP755590.1|A/cattle/Texas/24-008749-003/2024(H5N1)	76	14927
MP|PP755590.1|A/cattle/Texas/24-008749-003/2024(H5N1)	77	14926
MP|PP755590.1|A/cattle/Texas/24-008749-003/2024(H5N1)	78	14968
MP|PP755590.1|A/cattle/Texas/24-008749-003/2024(H5N1)	79	15274
MP|PP755590.1|A/cattle/Texas/24-008749-003/2024(H5N1)	80	16227
MP|PP755590.1|A/cattle/Texas/24-008749-003/2024(H5N1)	81	16285
MP|PP755590.1|A/cattle/Texas/24-008749-003/2024(H5N1)	82	16411
MP|PP755590.1|A/cattle/Texas/24-008749-003/2024(H5N1)	83	16555
MP|PP755590.1|A/cattle/Texas/24-008749-003/2024(H5N1)	84	16650
MP|PP755590.1|A/cattle/Texas/24-008749-003/2024(H5N1)	85	16778
MP|PP755590.1|A/cattle/Texas/24-008749-003/2024(H5N1)	86	16809
MP|PP755590.1|A/cattle/Texas/24-008749-003/2024(H5N1)	87	16811
MP|PP755590.1|A/cattle/Texas/24-008749-003/2024(H5N1)	88	16820
MP|PP755590.1|A/cattle/Texas/24-008749-003/2024(H5N1)	89	16760
MP|PP755590.1|A/cattle/Texas/24-008749-003/2024(H5N1)	90	16877
MP|PP755590.1|A/cattle/Texas/24-008749-003/2024(H5N1)	91	16943
MP|PP755590.1|A/cattle/Texas/24-008749-003/2024(H5N1)	92	17053
MP|PP755590.1|A/cattle/Texas/24-008749-003/2024(H5N1)	93	17059
MP|PP755590.1|A/cattle/Texas/24-008749-003/2024(H5N1)	94	17047
MP|PP755590.1|A/cattle/Texas/24-008749-003/2024(H5N1)	95	17153
MP|PP755590.1|A/cattle/Texas/24-008749-003/2024(H5N1)	96	17294
MP|PP755590.1|A/cattle/Texas/24-008749-003/2024(H5N1)	97	17342
MP|PP755590.1|A/cattle/Texas/24-008749-003/2024(H5N1)	98	17351
MP|PP755590.1|A/cattle/Texas/24-008749-003/2024(H5N1)	99	17340
MP|PP755590.1|A/cattle/Texas/24-008749-003/2024(H5N1)	100	17578
MP|PP755590.1|A/cattle/Texas/24-008749-003/2024(H5N1)	101	17589
MP|PP755590.1|A/cattle/Texas/24-008749-003/2024(H5N1)	102	18533
MP|PP755590.1|A/cattle/Texas/24-008749-003/2024(H5N1)	103	18535
MP|PP755590.1|A/cattle/Texas/24-008749-003/2024(H5N1)	104	18528
MP|PP755590.1|A/cattle/Texas/24-008749-003/2024(H5N1)	105	18616
MP|PP755590.1|A/cattle/Texas/24-008749-003/2024(H5N1)	106	18791
MP|PP755590.1|A/cattle/Texas/24-008749-003/2024(H5N1)	107	18875
MP|PP755590.1|A/cattle/Texas/24-008749-003/2024(H5N1)	108	18930
MP|PP755590.1|A/cattle/Texas/24-008749-003/2024(H5N1)	109	18898
MP|PP755590.1|A/cattle/Texas/24-008749-003/2024(H5N1)	110	19162
MP|PP755590.1|A/cattle/Texas/24-008749-003/2024(H5N1)	111	19040
MP|PP755590.1|A/cattle/Texas/24-008749-003/2024(H5N1)	112	19054
MP|PP755590.1|A/cattle/Texas/24-008749-003/2024(H5N1)	113	19460
MP|PP755590.1|A/cattle/Texas/24-008749-003/2024(H5N1)	114	19493
MP|PP755590.1|A/cattle/Texas/24-008749-003/2024(H5N1)	115	19747
MP|PP755590.1|A/cattle/Texas/24-008749-003/2024(H5N1)	116	19736
MP|PP755590.1|A/cattle/Texas/24-008749-003/2024(H5N1)	117	19733
MP|PP755590.1|A/cattle/Texas/24-008749-003/2024(H5N1)	118	19728
MP|PP755590.1|A/cattle/Texas/24-008749-003/2024(H5N1)	119	19807
MP|PP755590.1|A/cattle/Texas/24-008749-003/2024(H5N1)	120	19821
MP|PP755590.1|A/cattle/Texas/24-008749-003/2024(H5N1)	121	19850
MP|PP755590.1|A/cattle/Texas/24-008749-003/2024(H5N1)	122	19798
MP|PP755590.1|A/cattle/Texas/24-008749-003/2024(H5N1)	123	19886
MP|PP755590.1|A/cattle/Texas/24-008749-003/2024(H5N1)	124	17481
MP|PP755590.1|A/cattle/Texas/24-008749-003/2024(H5N1)	125	17603
MP|PP755590.1|A/cattle/Texas/24-008749-003/2024(H5N1)	126	16964
MP|PP755590.1|A/cattle/Texas/24-008749-003/2024(H5N1)	127	16975
MP|PP755590.1|A/cattle/Texas/24-008749-003/2024(H5N1)	128	16298
MP|PP755590.1|A/cattle/Texas/24-008749-003/2024(H5N1)	129	16286
MP|PP755590.1|A/cattle/Texas/24-008749-003/2024(H5N1)	130	16300
MP|PP755590.1|A/cattle/Texas/24-008749-003/2024(H5N1)	131	16243
MP|PP755590.1|A/cattle/Texas/24-008749-003/2024(H5N1)	132	16739
MP|PP755590.1|A/cattle/Texas/24-008749-003/2024(H5N1)	133	16465
MP|PP755590.1|A/cattle/Texas/24-008749-003/2024(H5N1)	134	16751
MP|PP755590.1|A/cattle/Texas/24-008749-003/2024(H5N1)	135	17235
MP|PP755590.1|A/cattle/Texas/24-008749-003/2024(H5N1)	136	16674
MP|PP755590.1|A/cattle/Texas/24-008749-003/2024(H5N1)	137	17072
MP|PP755590.1|A/cattle/Texas/24-008749-003/2024(H5N1)	138	17079
MP|PP755590.1|A/cattle/Texas/24-008749-003/2024(H5N1)	139	17083
MP|PP755590.1|A/cattle/Texas/24-008749-003/2024(H5N1)	140	17525
MP|PP755590.1|A/cattle/Texas/24-008749-003/2024(H5N1)	141	17677
MP|PP755590.1|A/cattle/Texas/24-008749-003/2024(H5N1)	142	17995
MP|PP755590.1|A/cattle/Texas/24-008749-003/2024(H5N1)	143	17478
MP|PP755590.1|A/cattle/Texas/24-008749-003/2024(H5N1)	144	17394
MP|PP755590.1|A/cattle/Texas/24-008749-003/2024(H5N1)	145	17416
MP|PP755590.1|A/cattle/Texas/24-008749-003/2024(H5N1)	146	18093
MP|PP755590.1|A/cattle/Texas/24-008749-003/2024(H5N1)	147	18328
MP|PP755590.1|A/cattle/Texas/24-008749-003/2024(H5N1)	148	18317
MP|PP755590.1|A/cattle/Texas/24-008749-003/2024(H5N1)	149	18170
MP|PP755590.1|A/cattle/Texas/24-008749-003/2024(H5N1)	150	18230
MP|PP755590.1|A/cattle/Texas/24-008749-003/2024(H5N1)	151	18262
MP|PP755590.1|A/cattle/Texas/24-008749-003/2024(H5N1)	152	18325
MP|PP755590.1|A/cattle/Texas/24-008749-003/2024(H5N1)	153	18423
MP|PP755590.1|A/cattle/Texas/24-008749-003/2024(H5N1)	154	17320
MP|PP755590.1|A/cattle/Texas/24-008749-003/2024(H5N1)	155	17616
MP|PP755590.1|A/cattle/Texas/24-008749-003/2024(H5N1)	156	17615
MP|PP755590.1|A/cattle/Texas/24-008749-003/2024(H5N1)	157	17649
MP|PP755590.1|A/cattle/Texas/24-008749-003/2024(H5N1)	158	17603
MP|PP755590.1|A/cattle/Texas/24-008749-003/2024(H5N1)	159	17613
MP|PP755590.1|A/cattle/Texas/24-008749-003/2024(H5N1)	160	18148
MP|PP755590.1|A/cattle/Texas/24-008749-003/2024(H5N1)	161	18073
MP|PP755590.1|A/cattle/Texas/24-008749-003/2024(H5N1)	162	18269
MP|PP755590.1|A/cattle/Texas/24-008749-003/2024(H5N1)	163	18264
MP|PP755590.1|A/cattle/Texas/24-008749-003/2024(H5N1)	164	18367
MP|PP755590.1|A/cattle/Texas/24-008749-003/2024(H5N1)	165	18682
MP|PP755590.1|A/cattle/Texas/24-008749-003/2024(H5N1)	166	18744
MP|PP755590.1|A/cattle/Texas/24-008749-003/2024(H5N1)	167	18680
MP|PP755590.1|A/cattle/Texas/24-008749-003/2024(H5N1)	168	18685
MP|PP755590.1|A/cattle/Texas/24-008749-003/2024(H5N1)	169	18551
MP|PP755590.1|A/cattle/Texas/24-008749-003/2024(H5N1)	170	18383
MP|PP755590.1|A/cattle/Texas/24-008749-003/2024(H5N1)	171	18399
MP|PP755590.1|A/cattle/Texas/24-008749-003/2024(H5N1)	172	18422
MP|PP755590.1|A/cattle/Texas/24-008749-003/2024(H5N1)	173	18441
MP|PP755590.1|A/cattle/Texas/24-008749-003/2024(H5N1)	174	18409
MP|PP755590.1|A/cattle/Texas/24-008749-003/2024(H5N1)	175	18648
MP|PP755590.1|A/cattle/Texas/24-008749-003/2024(H5N1)	176	18638
MP|PP755590.1|A/cattle/Texas/24-008749-003/2024(H5N1)	177	18429
MP|PP755590.1|A/cattle/Texas/24-008749-003/2024(H5N1)	178	18401
MP|PP755590.1|A/cattle/Texas/24-008749-003/2024(H5N1)	179	18364
MP|PP755590.1|A/cattle/Texas/24-008749-003/2024(H5N1)	180	18351
MP|PP755590.1|A/cattle/Texas/24-008749-003/2024(H5N1)	181	18455
MP|PP755590.1|A/cattle/Texas/24-008749-003/2024(H5N1)	182	18521
MP|PP755590.1|A/cattle/Texas/24-008749-003/2024(H5N1)	183	18566
MP|PP755590.1|A/cattle/Texas/24-008749-003/2024(H5N1)	184	18326
MP|PP755590.1|A/cattle/Texas/24-008749-003/2024(H5N1)	185	18217
MP|PP755590.1|A/cattle/Texas/24-008749-003/2024(H5N1)	186	18205
MP|PP755590.1|A/cattle/Texas/24-008749-003/2024(H5N1)	187	18050
MP|PP755590.1|A/cattle/Texas/24-008749-003/2024(H5N1)	188	18051
MP|PP755590.1|A/cattle/Texas/24-008749-003/2024(H5N1)	189	17607
MP|PP755590.1|A/cattle/Texas/24-008749-003/2024(H5N1)	190	17836
MP|PP755590.1|A/cattle/Texas/24-008749-003/2024(H5N1)	191	18058
MP|PP755590.1|A/cattle/Texas/24-008749-003/2024(H5N1)	192	18119
MP|PP755590.1|A/cattle/Texas/24-008749-003/2024(H5N1)	193	18118
MP|PP755590.1|A/cattle/Texas/24-008749-003/2024(H5N1)	194	18561
MP|PP755590.1|A/cattle/Texas/24-008749-003/2024(H5N1)	195	18562
MP|PP755590.1|A/cattle/Texas/24-008749-003/2024(H5N1)	196	18358
MP|PP755590.1|A/cattle/Texas/24-008749-003/2024(H5N1)	197	18322
MP|PP755590.1|A/cattle/Texas/24-008749-003/2024(H5N1)	198	18654
MP|PP755590.1|A/cattle/Texas/24-008749-003/2024(H5N1)	199	18819
MP|PP755590.1|A/cattle/Texas/24-008749-003/2024(H5N1)	200	18953
MP|PP755590.1|A/cattle/Texas/24-008749-003/2024(H5N1)	201	19067
MP|PP755590.1|A/cattle/Texas/24-008749-003/2024(H5N1)	202	19080
MP|PP755590.1|A/cattle/Texas/24-008749-003/2024(H5N1)	203	18934
MP|PP755590.1|A/cattle/Texas/24-008749-003/2024(H5N1)	204	18960
MP|PP755590.1|A/cattle/Texas/24-008749-003/2024(H5N1)	205	19099
MP|PP755590.1|A/cattle/Texas/24-008749-003/2024(H5N1)	206	19084
MP|PP755590.1|A/cattle/Texas/24-008749-003/2024(H5N1)	207	18448
MP|PP755590.1|A/cattle/Texas/24-008749-003/2024(H5N1)	208	18335
MP|PP755590.1|A/cattle/Texas/24-008749-003/2024(H5N1)	209	18499
MP|PP755590.1|A/cattle/Texas/24-008749-003/2024(H5N1)	210	19050
MP|PP755590.1|A/cattle/Texas/24-008749-003/2024(H5N1)	211	19153
MP|PP755590.1|A/cattle/Texas/24-008749-003/2024(H5N1)	212	19406
MP|PP755590.1|A/cattle/Texas/24-008749-003/2024(H5N1)	213	19406
MP|PP755590.1|A/cattle/Texas/24-008749-003/2024(H5N1)	214	19463
MP|PP755590.1|A/cattle/Texas/24-008749-003/2024(H5N1)	215	19525
MP|PP755590.1|A/cattle/Texas/24-008749-003/2024(H5N1)	216	19531
MP|PP755590.1|A/cattle/Texas/24-008749-003/2024(H5N1)	217	19913
MP|PP755590.1|A/cattle/Texas/24-008749-003/2024(H5N1)	218	19963
MP|PP755590.1|A/cattle/Texas/24-008749-003/2024(H5N1)	219	19873
MP|PP755590.1|A/cattle/Texas/24-008749-003/2024(H5N1)	220	20674
MP|PP755590.1|A/cattle/Texas/24-008749-003/2024(H5N1)	221	20510
MP|PP755590.1|A/cattle/Texas/24-008749-003/2024(H5N1)	222	20553
MP|PP755590.1|A/cattle/Texas/24-008749-003/2024(H5N1)	223	20504
MP|PP755590.1|A/cattle/Texas/24-008749-003/2024(H5N1)	224	20481
MP|PP755590.1|A/cattle/Texas/24-008749-003/2024(H5N1)	225	20946
MP|PP755590.1|A/cattle/Texas/24-008749-003/2024(H5N1)	226	20969
MP|PP755590.1|A/cattle/Texas/24-008749-003/2024(H5N1)	227	21031
MP|PP755590.1|A/cattle/Texas/24-008749-003/2024(H5N1)	228	21127
MP|PP755590.1|A/cattle/Texas/24-008749-003/2024(H5N1)	229	20740
MP|PP755590.1|A/cattle/Texas/24-008749-003/2024(H5N1)	230	20737
MP|PP755590.1|A/cattle/Texas/24-008749-003/2024(H5N1)	231	20029
MP|PP755590.1|A/cattle/Texas/24-008749-003/2024(H5N1)	232	19918
MP|PP755590.1|A/cattle/Texas/24-008749-003/2024(H5N1)	233	19959
MP|PP755590.1|A/cattle/Texas/24-008749-003/2024(H5N1)	234	19647
MP|PP755590.1|A/cattle/Texas/24-008749-003/2024(H5N1)	235	19859
MP|PP755590.1|A/cattle/Texas/24-008749-003/2024(H5N1)	236	20063
MP|PP755590.1|A/cattle/Texas/24-008749-003/2024(H5N1)	237	20058
MP|PP755590.1|A/cattle/Texas/24-008749-003/2024(H5N1)	238	20295
MP|PP755590.1|A/cattle/Texas/24-008749-003/2024(H5N1)	239	20552
MP|PP755590.1|A/cattle/Texas/24-008749-003/2024(H5N1)	240	20442
MP|PP755590.1|A/cattle/Texas/24-008749-003/2024(H5N1)	241	20378
MP|PP755590.1|A/cattle/Texas/24-008749-003/2024(H5N1)	242	20368
MP|PP755590.1|A/cattle/Texas/24-008749-003/2024(H5N1)	243	20418
MP|PP755590.1|A/cattle/Texas/24-008749-003/2024(H5N1)	244	20653
MP|PP755590.1|A/cattle/Texas/24-008749-003/2024(H5N1)	245	20622
MP|PP755590.1|A/cattle/Texas/24-008749-003/2024(H5N1)	246	21128
MP|PP755590.1|A/cattle/Texas/24-008749-003/2024(H5N1)	247	21166
MP|PP755590.1|A/cattle/Texas/24-008749-003/2024(H5N1)	248	21222
MP|PP755590.1|A/cattle/Texas/24-008749-003/2024(H5N1)	249	21712
MP|PP755590.1|A/cattle/Texas/24-008749-003/2024(H5N1)	250	21508
MP|PP755590.1|A/cattle/Texas/24-008749-003/2024(H5N1)	251	21581
MP|PP755590.1|A/cattle/Texas/24-008749-003/2024(H5N1)	252	21984
MP|PP755590.1|A/cattle/Texas/24-008749-003/2024(H5N1)	253	21113
MP|PP755590.1|A/cattle/Texas/24-008749-003/2024(H5N1)	254	21187
MP|PP755590.1|A/cattle/Texas/24-008749-003/2024(H5N1)	255	21551
MP|PP755590.1|A/cattle/Texas/24-008749-003/2024(H5N1)	256	21322
MP|PP755590.1|A/cattle/Texas/24-008749-003/2024(H5N1)	257	21593
MP|PP755590.1|A/cattle/Texas/24-008749-003/2024(H5N1)	258	21577
MP|PP755590.1|A/cattle/Texas/24-008749-003/2024(H5N1)	259	21622
MP|PP755590.1|A/cattle/Texas/24-008749-003/2024(H5N1)	260	22399
MP|PP755590.1|A/cattle/Texas/24-008749-003/2024(H5N1)	261	22129
MP|PP755590.1|A/cattle/Texas/24-008749-003/2024(H5N1)	262	22135
MP|PP755590.1|A/cattle/Texas/24-008749-003/2024(H5N1)	263	22165
MP|PP755590.1|A/cattle/Texas/24-008749-003/2024(H5N1)	264	21832
MP|PP755590.1|A/cattle/Texas/24-008749-003/2024(H5N1)	265	21861
MP|PP755590.1|A/cattle/Texas/24-008749-003/2024(H5N1)	266	21804
MP|PP755590.1|A/cattle/Texas/24-008749-003/2024(H5N1)	267	22014
MP|PP755590.1|A/cattle/Texas/24-008749-003/2024(H5N1)	268	22027
MP|PP755590.1|A/cattle/Texas/24-008749-003/2024(H5N1)	269	21941
MP|PP755590.1|A/cattle/Texas/24-008749-003/2024(H5N1)	270	21982
MP|PP755590.1|A/cattle/Texas/24-008749-003/2024(H5N1)	271	21975
MP|PP755590.1|A/cattle/Texas/24-008749-003/2024(H5N1)	272	22003
MP|PP755590.1|A/cattle/Texas/24-008749-003/2024(H5N1)	273	22443
MP|PP755590.1|A/cattle/Texas/24-008749-003/2024(H5N1)	274	22652
MP|PP755590.1|A/cattle/Texas/24-008749-003/2024(H5N1)	275	21730
MP|PP755590.1|A/cattle/Texas/24-008749-003/2024(H5N1)	276	21634
MP|PP755590.1|A/cattle/Texas/24-008749-003/2024(H5N1)	277	21615
MP|PP755590.1|A/cattle/Texas/24-008749-003/2024(H5N1)	278	21611
MP|PP755590.1|A/cattle/Texas/24-008749-003/2024(H5N1)	279	22082
MP|PP755590.1|A/cattle/Texas/24-008749-003/2024(H5N1)	280	22147
MP|PP755590.1|A/cattle/Texas/24-008749-003/2024(H5N1)	281	22120
MP|PP755590.1|A/cattle/Texas/24-008749-003/2024(H5N1)	282	22102
MP|PP755590.1|A/cattle/Texas/24-008749-003/2024(H5N1)	283	21544
MP|PP755590.1|A/cattle/Texas/24-008749-003/2024(H5N1)	284	21940
MP|PP755590.1|A/cattle/Texas/24-008749-003/2024(H5N1)	285	21636
MP|PP755590.1|A/cattle/Texas/24-008749-003/2024(H5N1)	286	21127
MP|PP755590.1|A/cattle/Texas/24-008749-003/2024(H5N1)	287	21489
MP|PP755590.1|A/cattle/Texas/24-008749-003/2024(H5N1)	288	21038
MP|PP755590.1|A/cattle/Texas/24-008749-003/2024(H5N1)	289	21268
MP|PP755590.1|A/cattle/Texas/24-008749-003/2024(H5N1)	290	21278
MP|PP755590.1|A/cattle/Texas/24-008749-003/2024(H5N1)	291	22098
MP|PP755590.1|A/cattle/Texas/24-008749-003/2024(H5N1)	292	22334
MP|PP755590.1|A/cattle/Texas/24-008749-003/2024(H5N1)	293	21976
MP|PP755590.1|A/cattle/Texas/24-008749-003/2024(H5N1)	294	22032
MP|PP755590.1|A/cattle/Texas/24-008749-003/2024(H5N1)	295	22045
MP|PP755590.1|A/cattle/Texas/24-008749-003/2024(H5N1)	296	22300
MP|PP755590.1|A/cattle/Texas/24-008749-003/2024(H5N1)	297	22015
MP|PP755590.1|A/cattle/Texas/24-008749-003/2024(H5N1)	298	22104
MP|PP755590.1|A/cattle/Texas/24-008749-003/2024(H5N1)	299	22095
MP|PP755590.1|A/cattle/Texas/24-008749-003/2024(H5N1)	300	22098
MP|PP755590.1|A/cattle/Texas/24-008749-003/2024(H5N1)	301	22006
MP|PP755590.1|A/cattle/Texas/24-008749-003/2024(H5N1)	302	21911
MP|PP755590.1|A/cattle/Texas/24-008749-003/2024(H5N1)	303	22215
MP|PP755590.1|A/cattle/Texas/24-008749-003/2024(H5N1)	304	22286
MP|PP755590.1|A/cattle/Texas/24-008749-003/2024(H5N1)	305	22273
MP|PP755590.1|A/cattle/Texas/24-008749-003/2024(H5N1)	306	21944
MP|PP755590.1|A/cattle/Texas/24-008749-003/2024(H5N1)	307	22742
MP|PP755590.1|A/cattle/Texas/24-008749-003/2024(H5N1)	308	22725
MP|PP755590.1|A/cattle/Texas/24-008749-003/2024(H5N1)	309	22788
MP|PP755590.1|A/cattle/Texas/24-008749-003/2024(H5N1)	310	22862
MP|PP755590.1|A/cattle/Texas/24-008749-003/2024(H5N1)	311	22295
MP|PP755590.1|A/cattle/Texas/24-008749-003/2024(H5N1)	312	22314
MP|PP755590.1|A/cattle/Texas/24-008749-003/2024(H5N1)	313	22106
MP|PP755590.1|A/cattle/Texas/24-008749-003/2024(H5N1)	314	22209
MP|PP755590.1|A/cattle/Texas/24-008749-003/2024(H5N1)	315	22120
MP|PP755590.1|A/cattle/Texas/24-008749-003/2024(H5N1)	316	21918
MP|PP755590.1|A/cattle/Texas/24-008749-003/2024(H5N1)	317	22037
MP|PP755590.1|A/cattle/Texas/24-008749-003/2024(H5N1)	318	22088
MP|PP755590.1|A/cattle/Texas/24-008749-003/2024(H5N1)	319	22183
MP|PP755590.1|A/cattle/Texas/24-008749-003/2024(H5N1)	320	22195
MP|PP755590.1|A/cattle/Texas/24-008749-003/2024(H5N1)	321	22167
MP|PP755590.1|A/cattle/Texas/24-008749-003/2024(H5N1)	322	22303
MP|PP755590.1|A/cattle/Texas/24-008749-003/2024(H5N1)	323	22368
MP|PP755590.1|A/cattle/Texas/24-008749-003/2024(H5N1)	324	22286
MP|PP755590.1|A/cattle/Texas/24-008749-003/2024(H5N1)	325	22300
MP|PP755590.1|A/cattle/Texas/24-008749-003/2024(H5N1)	326	22076
MP|PP755590.1|A/cattle/Texas/24-008749-003/2024(H5N1)	327	22181
MP|PP755590.1|A/cattle/Texas/24-008749-003/2024(H5N1)	328	22077
MP|PP755590.1|A/cattle/Texas/24-008749-003/2024(H5N1)	329	22069
MP|PP755590.1|A/cattle/Texas/24-008749-003/2024(H5N1)	330	22103
MP|PP755590.1|A/cattle/Texas/24-008749-003/2024(H5N1)	331	21980
MP|PP755590.1|A/cattle/Texas/24-008749-003/2024(H5N1)	332	22162
MP|PP755590.1|A/cattle/Texas/24-008749-003/2024(H5N1)	333	22404
MP|PP755590.1|A/cattle/Texas/24-008749-003/2024(H5N1)	334	22380
MP|PP755590.1|A/cattle/Texas/24-008749-003/2024(H5N1)	335	22374
MP|PP755590.1|A/cattle/Texas/24-008749-003/2024(H5N1)	336	22325
MP|PP755590.1|A/cattle/Texas/24-008749-003/2024(H5N1)	337	22346
MP|PP755590.1|A/cattle/Texas/24-008749-003/2024(H5N1)	338	22385
MP|PP755590.1|A/cattle/Texas/24-008749-003/2024(H5N1)	339	22378
MP|PP755590.1|A/cattle/Texas/24-008749-003/2024(H5N1)	340	22382
MP|PP755590.1|A/cattle/Texas/24-008749-003/2024(H5N1)	341	22397
MP|PP755590.1|A/cattle/Texas/24-008749-003/2024(H5N1)	342	22184
MP|PP755590.1|A/cattle/Texas/24-008749-003/2024(H5N1)	343	22171
MP|PP755590.1|A/cattle/Texas/24-008749-003/2024(H5N1)	344	22296
MP|PP755590.1|A/cattle/Texas/24-008749-003/2024(H5N1)	345	21855
MP|PP755590.1|A/cattle/Texas/24-008749-003/2024(H5N1)	346	21965
MP|PP755590.1|A/cattle/Texas/24-008749-003/2024(H5N1)	347	22152
MP|PP755590.1|A/cattle/Texas/24-008749-003/2024(H5N1)	348	22296
MP|PP755590.1|A/cattle/Texas/24-008749-003/2024(H5N1)	349	21803
MP|PP755590.1|A/cattle/Texas/24-008749-003/2024(H5N1)	350	21708
MP|PP755590.1|A/cattle/Texas/24-008749-003/2024(H5N1)	351	22310
MP|PP755590.1|A/cattle/Texas/24-008749-003/2024(H5N1)	352	22170
MP|PP755590.1|A/cattle/Texas/24-008749-003/2024(H5N1)	353	22344
MP|PP755590.1|A/cattle/Texas/24-008749-003/2024(H5N1)	354	22447
MP|PP755590.1|A/cattle/Texas/24-008749-003/2024(H5N1)	355	22339
MP|PP755590.1|A/cattle/Texas/24-008749-003/2024(H5N1)	356	22355
MP|PP755590.1|A/cattle/Texas/24-008749-003/2024(H5N1)	357	22401
MP|PP755590.1|A/cattle/Texas/24-008749-003/2024(H5N1)	358	22349
MP|PP755590.1|A/cattle/Texas/24-008749-003/2024(H5N1)	359	22236
MP|PP755590.1|A/cattle/Texas/24-008749-003/2024(H5N1)	360	21637
MP|PP755590.1|A/cattle/Texas/24-008749-003/2024(H5N1)	361	21892
MP|PP755590.1|A/cattle/Texas/24-008749-003/2024(H5N1)	362	21845
MP|PP755590.1|A/cattle/Texas/24-008749-003/2024(H5N1)	363	21617
MP|PP755590.1|A/cattle/Texas/24-008749-003/2024(H5N1)	364	21544
MP|PP755590.1|A/cattle/Texas/24-008749-003/2024(H5N1)	365	21776
MP|PP755590.1|A/cattle/Texas/24-008749-003/2024(H5N1)	366	21673
MP|PP755590.1|A/cattle/Texas/24-008749-003/2024(H5N1)	367	21723
MP|PP755590.1|A/cattle/Texas/24-008749-003/2024(H5N1)	368	21382
MP|PP755590.1|A/cattle/Texas/24-008749-003/2024(H5N1)	369	21522
MP|PP755590.1|A/cattle/Texas/24-008749-003/2024(H5N1)	370	21071
MP|PP755590.1|A/cattle/Texas/24-008749-003/2024(H5N1)	371	20760
MP|PP755590.1|A/cattle/Texas/24-008749-003/2024(H5N1)	372	20969
MP|PP755590.1|A/cattle/Texas/24-008749-003/2024(H5N1)	373	20930
MP|PP755590.1|A/cattle/Texas/24-008749-003/2024(H5N1)	374	21074
MP|PP755590.1|A/cattle/Texas/24-008749-003/2024(H5N1)	375	20636
MP|PP755590.1|A/cattle/Texas/24-008749-003/2024(H5N1)	376	20534
MP|PP755590.1|A/cattle/Texas/24-008749-003/2024(H5N1)	377	20818
MP|PP755590.1|A/cattle/Texas/24-008749-003/2024(H5N1)	378	20926
MP|PP755590.1|A/cattle/Texas/24-008749-003/2024(H5N1)	379	20911
MP|PP755590.1|A/cattle/Texas/24-008749-003/2024(H5N1)	380	21168
MP|PP755590.1|A/cattle/Texas/24-008749-003/2024(H5N1)	381	21092
MP|PP755590.1|A/cattle/Texas/24-008749-003/2024(H5N1)	382	21091
MP|PP755590.1|A/cattle/Texas/24-008749-003/2024(H5N1)	383	21066
MP|PP755590.1|A/cattle/Texas/24-008749-003/2024(H5N1)	384	21020
MP|PP755590.1|A/cattle/Texas/24-008749-003/2024(H5N1)	385	21165
MP|PP755590.1|A/cattle/Texas/24-008749-003/2024(H5N1)	386	21109
MP|PP755590.1|A/cattle/Texas/24-008749-003/2024(H5N1)	387	20893
MP|PP755590.1|A/cattle/Texas/24-008749-003/2024(H5N1)	388	21194
MP|PP755590.1|A/cattle/Texas/24-008749-003/2024(H5N1)	389	20894
MP|PP755590.1|A/cattle/Texas/24-008749-003/2024(H5N1)	390	21030
MP|PP755590.1|A/cattle/Texas/24-008749-003/2024(H5N1)	391	21553
MP|PP755590.1|A/cattle/Texas/24-008749-003/2024(H5N1)	392	21557
MP|PP755590.1|A/cattle/Texas/24-008749-003/2024(H5N1)	393	21608
MP|PP755590.1|A/cattle/Texas/24-008749-003/2024(H5N1)	394	21470
MP|PP755590.1|A/cattle/Texas/24-008749-003/2024(H5N1)	395	21185
MP|PP755590.1|A/cattle/Texas/24-008749-003/2024(H5N1)	396	21845
MP|PP755590.1|A/cattle/Texas/24-008749-003/2024(H5N1)	397	21243
MP|PP755590.1|A/cattle/Texas/24-008749-003/2024(H5N1)	398	21085
MP|PP755590.1|A/cattle/Texas/24-008749-003/2024(H5N1)	399	21030
MP|PP755590.1|A/cattle/Texas/24-008749-003/2024(H5N1)	400	20535
MP|PP755590.1|A/cattle/Texas/24-008749-003/2024(H5N1)	401	20921
MP|PP755590.1|A/cattle/Texas/24-008749-003/2024(H5N1)	402	21349
MP|PP755590.1|A/cattle/Texas/24-008749-003/2024(H5N1)	403	21016
MP|PP755590.1|A/cattle/Texas/24-008749-003/2024(H5N1)	404	21159
MP|PP755590.1|A/cattle/Texas/24-008749-003/2024(H5N1)	405	20740
MP|PP755590.1|A/cattle/Texas/24-008749-003/2024(H5N1)	406	20864
MP|PP755590.1|A/cattle/Texas/24-008749-003/2024(H5N1)	407	22239
MP|PP755590.1|A/cattle/Texas/24-008749-003/2024(H5N1)	408	22092
MP|PP755590.1|A/cattle/Texas/24-008749-003/2024(H5N1)	409	22035
MP|PP755590.1|A/cattle/Texas/24-008749-003/2024(H5N1)	410	21828
MP|PP755590.1|A/cattle/Texas/24-008749-003/2024(H5N1)	411	21068
MP|PP755590.1|A/cattle/Texas/24-008749-003/2024(H5N1)	412	21154
MP|PP755590.1|A/cattle/Texas/24-008749-003/2024(H5N1)	413	21760
MP|PP755590.1|A/cattle/Texas/24-008749-003/2024(H5N1)	414	21800
MP|PP755590.1|A/cattle/Texas/24-008749-003/2024(H5N1)	415	21762
MP|PP755590.1|A/cattle/Texas/24-008749-003/2024(H5N1)	416	21851
MP|PP755590.1|A/cattle/Texas/24-008749-003/2024(H5N1)	417	21598
MP|PP755590.1|A/cattle/Texas/24-008749-003/2024(H5N1)	418	21609
MP|PP755590.1|A/cattle/Texas/24-008749-003/2024(H5N1)	419	21866
MP|PP755590.1|A/cattle/Texas/24-008749-003/2024(H5N1)	420	21862
MP|PP755590.1|A/cattle/Texas/24-008749-003/2024(H5N1)	421	21936
MP|PP755590.1|A/cattle/Texas/24-008749-003/2024(H5N1)	422	22283
MP|PP755590.1|A/cattle/Texas/24-008749-003/2024(H5N1)	423	22224
MP|PP755590.1|A/cattle/Texas/24-008749-003/2024(H5N1)	424	21765
MP|PP755590.1|A/cattle/Texas/24-008749-003/2024(H5N1)	425	21529
MP|PP755590.1|A/cattle/Texas/24-008749-003/2024(H5N1)	426	21527
MP|PP755590.1|A/cattle/Texas/24-008749-003/2024(H5N1)	427	21906
MP|PP755590.1|A/cattle/Texas/24-008749-003/2024(H5N1)	428	21943
MP|PP755590.1|A/cattle/Texas/24-008749-003/2024(H5N1)	429	21954
MP|PP755590.1|A/cattle/Texas/24-008749-003/2024(H5N1)	430	21406
MP|PP755590.1|A/cattle/Texas/24-008749-003/2024(H5N1)	431	21399
MP|PP755590.1|A/cattle/Texas/24-008749-003/2024(H5N1)	432	21453
MP|PP755590.1|A/cattle/Texas/24-008749-003/2024(H5N1)	433	22893
MP|PP755590.1|A/cattle/Texas/24-008749-003/2024(H5N1)	434	23283
MP|PP755590.1|A/cattle/Texas/24-008749-003/2024(H5N1)	435	22938
MP|PP755590.1|A/cattle/Texas/24-008749-003/2024(H5N1)	436	22516
MP|PP755590.1|A/cattle/Texas/24-008749-003/2024(H5N1)	437	22499
MP|PP755590.1|A/cattle/Texas/24-008749-003/2024(H5N1)	438	22798
MP|PP755590.1|A/cattle/Texas/24-008749-003/2024(H5N1)	439	23093
MP|PP755590.1|A/cattle/Texas/24-008749-003/2024(H5N1)	440	22931
MP|PP755590.1|A/cattle/Texas/24-008749-003/2024(H5N1)	441	23184
MP|PP755590.1|A/cattle/Texas/24-008749-003/2024(H5N1)	442	21585
MP|PP755590.1|A/cattle/Texas/24-008749-003/2024(H5N1)	443	21502
MP|PP755590.1|A/cattle/Texas/24-008749-003/2024(H5N1)	444	21591
MP|PP755590.1|A/cattle/Texas/24-008749-003/2024(H5N1)	445	21533
MP|PP755590.1|A/cattle/Texas/24-008749-003/2024(H5N1)	446	21568
MP|PP755590.1|A/cattle/Texas/24-008749-003/2024(H5N1)	447	20924
MP|PP755590.1|A/cattle/Texas/24-008749-003/2024(H5N1)	448	20707
MP|PP755590.1|A/cattle/Texas/24-008749-003/2024(H5N1)	449	21472
MP|PP755590.1|A/cattle/Texas/24-008749-003/2024(H5N1)	450	21370
MP|PP755590.1|A/cattle/Texas/24-008749-003/2024(H5N1)	451	21121
MP|PP755590.1|A/cattle/Texas/24-008749-003/2024(H5N1)	452	21194
MP|PP755590.1|A/cattle/Texas/24-008749-003/2024(H5N1)	453	21149
MP|PP755590.1|A/cattle/Texas/24-008749-003/2024(H5N1)	454	21162
MP|PP755590.1|A/cattle/Texas/24-008749-003/2024(H5N1)	455	21023
MP|PP755590.1|A/cattle/Texas/24-008749-003/2024(H5N1)	456	21035
MP|PP755590.1|A/cattle/Texas/24-008749-003/2024(H5N1)	457	20919
MP|PP755590.1|A/cattle/Texas/24-008749-003/2024(H5N1)	458	20078
MP|PP755590.1|A/cattle/Texas/24-008749-003/2024(H5N1)	459	20153
MP|PP755590.1|A/cattle/Texas/24-008749-003/2024(H5N1)	460	20580
MP|PP755590.1|A/cattle/Texas/24-008749-003/2024(H5N1)	461	20535
MP|PP755590.1|A/cattle/Texas/24-008749-003/2024(H5N1)	462	20708
MP|PP755590.1|A/cattle/Texas/24-008749-003/2024(H5N1)	463	20744
MP|PP755590.1|A/cattle/Texas/24-008749-003/2024(H5N1)	464	20862
MP|PP755590.1|A/cattle/Texas/24-008749-003/2024(H5N1)	465	20832
MP|PP755590.1|A/cattle/Texas/24-008749-003/2024(H5N1)	466	20901
MP|PP755590.1|A/cattle/Texas/24-008749-003/2024(H5N1)	467	20945
MP|PP755590.1|A/cattle/Texas/24-008749-003/2024(H5N1)	468	20789
MP|PP755590.1|A/cattle/Texas/24-008749-003/2024(H5N1)	469	20767
MP|PP755590.1|A/cattle/Texas/24-008749-003/2024(H5N1)	470	20778
MP|PP755590.1|A/cattle/Texas/24-008749-003/2024(H5N1)	471	20772
MP|PP755590.1|A/cattle/Texas/24-008749-003/2024(H5N1)	472	20735
MP|PP755590.1|A/cattle/Texas/24-008749-003/2024(H5N1)	473	20677
MP|PP755590.1|A/cattle/Texas/24-008749-003/2024(H5N1)	474	20727
MP|PP755590.1|A/cattle/Texas/24-008749-003/2024(H5N1)	475	20770
MP|PP755590.1|A/cattle/Texas/24-008749-003/2024(H5N1)	476	20737
MP|PP755590.1|A/cattle/Texas/24-008749-003/2024(H5N1)	477	20933
MP|PP755590.1|A/cattle/Texas/24-008749-003/2024(H5N1)	478	20823
MP|PP755590.1|A/cattle/Texas/24-008749-003/2024(H5N1)	479	20829
MP|PP755590.1|A/cattle/Texas/24-008749-003/2024(H5N1)	480	21073
MP|PP755590.1|A/cattle/Texas/24-008749-003/2024(H5N1)	481	21465
MP|PP755590.1|A/cattle/Texas/24-008749-003/2024(H5N1)	482	21500
MP|PP755590.1|A/cattle/Texas/24-008749-003/2024(H5N1)	483	21509
MP|PP755590.1|A/cattle/Texas/24-008749-003/2024(H5N1)	484	21574
MP|PP755590.1|A/cattle/Texas/24-008749-003/2024(H5N1)	485	21576
MP|PP755590.1|A/cattle/Texas/24-008749-003/2024(H5N1)	486	21639
MP|PP755590.1|A/cattle/Texas/24-008749-003/2024(H5N1)	487	21606
MP|PP755590.1|A/cattle/Texas/24-008749-003/2024(H5N1)	488	21836
MP|PP755590.1|A/cattle/Texas/24-008749-003/2024(H5N1)	489	21631
MP|PP755590.1|A/cattle/Texas/24-008749-003/2024(H5N1)	490	21760
MP|PP755590.1|A/cattle/Texas/24-008749-003/2024(H5N1)	491	21423
MP|PP755590.1|A/cattle/Texas/24-008749-003/2024(H5N1)	492	21520
MP|PP755590.1|A/cattle/Texas/24-008749-003/2024(H5N1)	493	21772
MP|PP755590.1|A/cattle/Texas/24-008749-003/2024(H5N1)	494	21768
MP|PP755590.1|A/cattle/Texas/24-008749-003/2024(H5N1)	495	21735
MP|PP755590.1|A/cattle/Texas/24-008749-003/2024(H5N1)	496	21808
MP|PP755590.1|A/cattle/Texas/24-008749-003/2024(H5N1)	497	21948
MP|PP755590.1|A/cattle/Texas/24-008749-003/2024(H5N1)	498	21937
MP|PP755590.1|A/cattle/Texas/24-008749-003/2024(H5N1)	499	21854
MP|PP755590.1|A/cattle/Texas/24-008749-003/2024(H5N1)	500	21901
MP|PP755590.1|A/cattle/Texas/24-008749-003/2024(H5N1)	501	21397
MP|PP755590.1|A/cattle/Texas/24-008749-003/2024(H5N1)	502	21269
MP|PP755590.1|A/cattle/Texas/24-008749-003/2024(H5N1)	503	21397
MP|PP755590.1|A/cattle/Texas/24-008749-003/2024(H5N1)	504	21515
MP|PP755590.1|A/cattle/Texas/24-008749-003/2024(H5N1)	505	21444
MP|PP755590.1|A/cattle/Texas/24-008749-003/2024(H5N1)	506	21598
MP|PP755590.1|A/cattle/Texas/24-008749-003/2024(H5N1)	507	21517
MP|PP755590.1|A/cattle/Texas/24-008749-003/2024(H5N1)	508	21515
MP|PP755590.1|A/cattle/Texas/24-008749-003/2024(H5N1)	509	21594
MP|PP755590.1|A/cattle/Texas/24-008749-003/2024(H5N1)	510	21638
MP|PP755590.1|A/cattle/Texas/24-008749-003/2024(H5N1)	511	21765
MP|PP755590.1|A/cattle/Texas/24-008749-003/2024(H5N1)	512	21704
MP|PP755590.1|A/cattle/Texas/24-008749-003/2024(H5N1)	513	21594
MP|PP755590.1|A/cattle/Texas/24-008749-003/2024(H5N1)	514	21654
MP|PP755590.1|A/cattle/Texas/24-008749-003/2024(H5N1)	515	21463
MP|PP755590.1|A/cattle/Texas/24-008749-003/2024(H5N1)	516	21840
MP|PP755590.1|A/cattle/Texas/24-008749-003/2024(H5N1)	517	21954
MP|PP755590.1|A/cattle/Texas/24-008749-003/2024(H5N1)	518	21868
MP|PP755590.1|A/cattle/Texas/24-008749-003/2024(H5N1)	519	21823
MP|PP755590.1|A/cattle/Texas/24-008749-003/2024(H5N1)	520	21655
MP|PP755590.1|A/cattle/Texas/24-008749-003/2024(H5N1)	521	21671
MP|PP755590.1|A/cattle/Texas/24-008749-003/2024(H5N1)	522	21807
MP|PP755590.1|A/cattle/Texas/24-008749-003/2024(H5N1)	523	21817
MP|PP755590.1|A/cattle/Texas/24-008749-003/2024(H5N1)	524	22160
MP|PP755590.1|A/cattle/Texas/24-008749-003/2024(H5N1)	525	21862
MP|PP755590.1|A/cattle/Texas/24-008749-003/2024(H5N1)	526	21863
MP|PP755590.1|A/cattle/Texas/24-008749-003/2024(H5N1)	527	21857
MP|PP755590.1|A/cattle/Texas/24-008749-003/2024(H5N1)	528	21626
MP|PP755590.1|A/cattle/Texas/24-008749-003/2024(H5N1)	529	21456
MP|PP755590.1|A/cattle/Texas/24-008749-003/2024(H5N1)	530	21378
MP|PP755590.1|A/cattle/Texas/24-008749-003/2024(H5N1)	531	21220
MP|PP755590.1|A/cattle/Texas/24-008749-003/2024(H5N1)	532	21069
MP|PP755590.1|A/cattle/Texas/24-008749-003/2024(H5N1)	533	21139
MP|PP755590.1|A/cattle/Texas/24-008749-003/2024(H5N1)	534	22822
MP|PP755590.1|A/cattle/Texas/24-008749-003/2024(H5N1)	535	23117
MP|PP755590.1|A/cattle/Texas/24-008749-003/2024(H5N1)	536	22978
MP|PP755590.1|A/cattle/Texas/24-008749-003/2024(H5N1)	537	22772
MP|PP755590.1|A/cattle/Texas/24-008749-003/2024(H5N1)	538	23192
MP|PP755590.1|A/cattle/Texas/24-008749-003/2024(H5N1)	539	22742
MP|PP755590.1|A/cattle/Texas/24-008749-003/2024(H5N1)	540	22830
MP|PP755590.1|A/cattle/Texas/24-008749-003/2024(H5N1)	541	22858
MP|PP755590.1|A/cattle/Texas/24-008749-003/2024(H5N1)	542	22410
MP|PP755590.1|A/cattle/Texas/24-008749-003/2024(H5N1)	543	22684
MP|PP755590.1|A/cattle/Texas/24-008749-003/2024(H5N1)	544	22593
MP|PP755590.1|A/cattle/Texas/24-008749-003/2024(H5N1)	545	22653
MP|PP755590.1|A/cattle/Texas/24-008749-003/2024(H5N1)	546	22477
MP|PP755590.1|A/cattle/Texas/24-008749-003/2024(H5N1)	547	22072
MP|PP755590.1|A/cattle/Texas/24-008749-003/2024(H5N1)	548	23942
MP|PP755590.1|A/cattle/Texas/24-008749-003/2024(H5N1)	549	24190
MP|PP755590.1|A/cattle/Texas/24-008749-003/2024(H5N1)	550	24223
MP|PP755590.1|A/cattle/Texas/24-008749-003/2024(H5N1)	551	23671
MP|PP755590.1|A/cattle/Texas/24-008749-003/2024(H5N1)	552	23373
MP|PP755590.1|A/cattle/Texas/24-008749-003/2024(H5N1)	553	23365
MP|PP755590.1|A/cattle/Texas/24-008749-003/2024(H5N1)	554	23400
MP|PP755590.1|A/cattle/Texas/24-008749-003/2024(H5N1)	555	23683
MP|PP755590.1|A/cattle/Texas/24-008749-003/2024(H5N1)	556	23887
MP|PP755590.1|A/cattle/Texas/24-008749-003/2024(H5N1)	557	22313
MP|PP755590.1|A/cattle/Texas/24-008749-003/2024(H5N1)	558	22208
MP|PP755590.1|A/cattle/Texas/24-008749-003/2024(H5N1)	559	22170
MP|PP755590.1|A/cattle/Texas/24-008749-003/2024(H5N1)	560	22307
MP|PP755590.1|A/cattle/Texas/24-008749-003/2024(H5N1)	561	22491
MP|PP755590.1|A/cattle/Texas/24-008749-003/2024(H5N1)	562	22598
MP|PP755590.1|A/cattle/Texas/24-008749-003/2024(H5N1)	563	22768
MP|PP755590.1|A/cattle/Texas/24-008749-003/2024(H5N1)	564	22229
MP|PP755590.1|A/cattle/Texas/24-008749-003/2024(H5N1)	565	22223
MP|PP755590.1|A/cattle/Texas/24-008749-003/2024(H5N1)	566	22240
MP|PP755590.1|A/cattle/Texas/24-008749-003/2024(H5N1)	567	22120
MP|PP755590.1|A/cattle/Texas/24-008749-003/2024(H5N1)	568	22343
MP|PP755590.1|A/cattle/Texas/24-008749-003/2024(H5N1)	569	22034
MP|PP755590.1|A/cattle/Texas/24-008749-003/2024(H5N1)	570	22030
MP|PP755590.1|A/cattle/Texas/24-008749-003/2024(H5N1)	571	21848
MP|PP755590.1|A/cattle/Texas/24-008749-003/2024(H5N1)	572	21620
MP|PP755590.1|A/cattle/Texas/24-008749-003/2024(H5N1)	573	21646
MP|PP755590.1|A/cattle/Texas/24-008749-003/2024(H5N1)	574	21658
MP|PP755590.1|A/cattle/Texas/24-008749-003/2024(H5N1)	575	22112
MP|PP755590.1|A/cattle/Texas/24-008749-003/2024(H5N1)	576	22113
MP|PP755590.1|A/cattle/Texas/24-008749-003/2024(H5N1)	577	22010
MP|PP755590.1|A/cattle/Texas/24-008749-003/2024(H5N1)	578	21985
MP|PP755590.1|A/cattle/Texas/24-008749-003/2024(H5N1)	579	21920
MP|PP755590.1|A/cattle/Texas/24-008749-003/2024(H5N1)	580	21949
MP|PP755590.1|A/cattle/Texas/24-008749-003/2024(H5N1)	581	22015
MP|PP755590.1|A/cattle/Texas/24-008749-003/2024(H5N1)	582	22022
MP|PP755590.1|A/cattle/Texas/24-008749-003/2024(H5N1)	583	21976
MP|PP755590.1|A/cattle/Texas/24-008749-003/2024(H5N1)	584	20301
MP|PP755590.1|A/cattle/Texas/24-008749-003/2024(H5N1)	585	20322
MP|PP755590.1|A/cattle/Texas/24-008749-003/2024(H5N1)	586	20316
MP|PP755590.1|A/cattle/Texas/24-008749-003/2024(H5N1)	587	20335
MP|PP755590.1|A/cattle/Texas/24-008749-003/2024(H5N1)	588	20450
MP|PP755590.1|A/cattle/Texas/24-008749-003/2024(H5N1)	589	20203
MP|PP755590.1|A/cattle/Texas/24-008749-003/2024(H5N1)	590	19971
MP|PP755590.1|A/cattle/Texas/24-008749-003/2024(H5N1)	591	19972
MP|PP755590.1|A/cattle/Texas/24-008749-003/2024(H5N1)	592	20241
MP|PP755590.1|A/cattle/Texas/24-008749-003/2024(H5N1)	593	20270
MP|PP755590.1|A/cattle/Texas/24-008749-003/2024(H5N1)	594	20210
MP|PP755590.1|A/cattle/Texas/24-008749-003/2024(H5N1)	595	20188
MP|PP755590.1|A/cattle/Texas/24-008749-003/2024(H5N1)	596	20442
MP|PP755590.1|A/cattle/Texas/24-008749-003/2024(H5N1)	597	20397
MP|PP755590.1|A/cattle/Texas/24-008749-003/2024(H5N1)	598	20951
MP|PP755590.1|A/cattle/Texas/24-008749-003/2024(H5N1)	599	21110
MP|PP755590.1|A/cattle/Texas/24-008749-003/2024(H5N1)	600	20395
MP|PP755590.1|A/cattle/Texas/24-008749-003/2024(H5N1)	601	20421
MP|PP755590.1|A/cattle/Texas/24-008749-003/2024(H5N1)	602	20469
MP|PP755590.1|A/cattle/Texas/24-008749-003/2024(H5N1)	603	20386
MP|PP755590.1|A/cattle/Texas/24-008749-003/2024(H5N1)	604	20606
MP|PP755590.1|A/cattle/Texas/24-008749-003/2024(H5N1)	605	20908
MP|PP755590.1|A/cattle/Texas/24-008749-003/2024(H5N1)	606	20956
MP|PP755590.1|A/cattle/Texas/24-008749-003/2024(H5N1)	607	20500
MP|PP755590.1|A/cattle/Texas/24-008749-003/2024(H5N1)	608	20750
MP|PP755590.1|A/cattle/Texas/24-008749-003/2024(H5N1)	609	20772
MP|PP755590.1|A/cattle/Texas/24-008749-003/2024(H5N1)	610	20780
MP|PP755590.1|A/cattle/Texas/24-008749-003/2024(H5N1)	611	20735
MP|PP755590.1|A/cattle/Texas/24-008749-003/2024(H5N1)	612	20829
MP|PP755590.1|A/cattle/Texas/24-008749-003/2024(H5N1)	613	20869
MP|PP755590.1|A/cattle/Texas/24-008749-003/2024(H5N1)	614	20746
MP|PP755590.1|A/cattle/Texas/24-008749-003/2024(H5N1)	615	20740
MP|PP755590.1|A/cattle/Texas/24-008749-003/2024(H5N1)	616	20741
MP|PP755590.1|A/cattle/Texas/24-008749-003/2024(H5N1)	617	20821
MP|PP755590.1|A/cattle/Texas/24-008749-003/2024(H5N1)	618	20825
MP|PP755590.1|A/cattle/Texas/24-008749-003/2024(H5N1)	619	21054
MP|PP755590.1|A/cattle/Texas/24-008749-003/2024(H5N1)	620	21026
MP|PP755590.1|A/cattle/Texas/24-008749-003/2024(H5N1)	621	21181
MP|PP755590.1|A/cattle/Texas/24-008749-003/2024(H5N1)	622	21140
MP|PP755590.1|A/cattle/Texas/24-008749-003/2024(H5N1)	623	21136
MP|PP755590.1|A/cattle/Texas/24-008749-003/2024(H5N1)	624	21793
MP|PP755590.1|A/cattle/Texas/24-008749-003/2024(H5N1)	625	21894
MP|PP755590.1|A/cattle/Texas/24-008749-003/2024(H5N1)	626	21915
MP|PP755590.1|A/cattle/Texas/24-008749-003/2024(H5N1)	627	21911
MP|PP755590.1|A/cattle/Texas/24-008749-003/2024(H5N1)	628	21762
MP|PP755590.1|A/cattle/Texas/24-008749-003/2024(H5N1)	629	22022
MP|PP755590.1|A/cattle/Texas/24-008749-003/2024(H5N1)	630	22006
MP|PP755590.1|A/cattle/Texas/24-008749-003/2024(H5N1)	631	21794
MP|PP755590.1|A/cattle/Texas/24-008749-003/2024(H5N1)	632	21374
MP|PP755590.1|A/cattle/Texas/24-008749-003/2024(H5N1)	633	20931
MP|PP755590.1|A/cattle/Texas/24-008749-003/2024(H5N1)	634	20824
MP|PP755590.1|A/cattle/Texas/24-008749-003/2024(H5N1)	635	20809
MP|PP755590.1|A/cattle/Texas/24-008749-003/2024(H5N1)	636	20862
MP|PP755590.1|A/cattle/Texas/24-008749-003/2024(H5N1)	637	21385
MP|PP755590.1|A/cattle/Texas/24-008749-003/2024(H5N1)	638	21450
MP|PP755590.1|A/cattle/Texas/24-008749-003/2024(H5N1)	639	21247
MP|PP755590.1|A/cattle/Texas/24-008749-003/2024(H5N1)	640	21093
MP|PP755590.1|A/cattle/Texas/24-008749-003/2024(H5N1)	641	21050
MP|PP755590.1|A/cattle/Texas/24-008749-003/2024(H5N1)	642	21207
MP|PP755590.1|A/cattle/Texas/24-008749-003/2024(H5N1)	643	21453
MP|PP755590.1|A/cattle/Texas/24-008749-003/2024(H5N1)	644	21547
MP|PP755590.1|A/cattle/Texas/24-008749-003/2024(H5N1)	645	21601
MP|PP755590.1|A/cattle/Texas/24-008749-003/2024(H5N1)	646	21229
MP|PP755590.1|A/cattle/Texas/24-008749-003/2024(H5N1)	647	21142
MP|PP755590.1|A/cattle/Texas/24-008749-003/2024(H5N1)	648	21162
MP|PP755590.1|A/cattle/Texas/24-008749-003/2024(H5N1)	649	21165
MP|PP755590.1|A/cattle/Texas/24-008749-003/2024(H5N1)	650	21185
MP|PP755590.1|A/cattle/Texas/24-008749-003/2024(H5N1)	651	21417
MP|PP755590.1|A/cattle/Texas/24-008749-003/2024(H5N1)	652	21369
MP|PP755590.1|A/cattle/Texas/24-008749-003/2024(H5N1)	653	21590
MP|PP755590.1|A/cattle/Texas/24-008749-003/2024(H5N1)	654	21833
MP|PP755590.1|A/cattle/Texas/24-008749-003/2024(H5N1)	655	21760
MP|PP755590.1|A/cattle/Texas/24-008749-003/2024(H5N1)	656	21930
MP|PP755590.1|A/cattle/Texas/24-008749-003/2024(H5N1)	657	21739
MP|PP755590.1|A/cattle/Texas/24-008749-003/2024(H5N1)	658	21743
MP|PP755590.1|A/cattle/Texas/24-008749-003/2024(H5N1)	659	21857
MP|PP755590.1|A/cattle/Texas/24-008749-003/2024(H5N1)	660	21837
MP|PP755590.1|A/cattle/Texas/24-008749-003/2024(H5N1)	661	22154
MP|PP755590.1|A/cattle/Texas/24-008749-003/2024(H5N1)	662	21954
MP|PP755590.1|A/cattle/Texas/24-008749-003/2024(H5N1)	663	21605
MP|PP755590.1|A/cattle/Texas/24-008749-003/2024(H5N1)	664	21722
MP|PP755590.1|A/cattle/Texas/24-008749-003/2024(H5N1)	665	21652
MP|PP755590.1|A/cattle/Texas/24-008749-003/2024(H5N1)	666	22277
MP|PP755590.1|A/cattle/Texas/24-008749-003/2024(H5N1)	667	21943
MP|PP755590.1|A/cattle/Texas/24-008749-003/2024(H5N1)	668	21846
MP|PP755590.1|A/cattle/Texas/24-008749-003/2024(H5N1)	669	21849
MP|PP755590.1|A/cattle/Texas/24-008749-003/2024(H5N1)	670	21858
MP|PP755590.1|A/cattle/Texas/24-008749-003/2024(H5N1)	671	21871
MP|PP755590.1|A/cattle/Texas/24-008749-003/2024(H5N1)	672	23517
MP|PP755590.1|A/cattle/Texas/24-008749-003/2024(H5N1)	673	23419
MP|PP755590.1|A/cattle/Texas/24-008749-003/2024(H5N1)	674	23474
MP|PP755590.1|A/cattle/Texas/24-008749-003/2024(H5N1)	675	23128
MP|PP755590.1|A/cattle/Texas/24-008749-003/2024(H5N1)	676	23094
MP|PP755590.1|A/cattle/Texas/24-008749-003/2024(H5N1)	677	23446
MP|PP755590.1|A/cattle/Texas/24-008749-003/2024(H5N1)	678	23450
MP|PP755590.1|A/cattle/Texas/24-008749-003/2024(H5N1)	679	23424
MP|PP755590.1|A/cattle/Texas/24-008749-003/2024(H5N1)	680	23410
MP|PP755590.1|A/cattle/Texas/24-008749-003/2024(H5N1)	681	21553
MP|PP755590.1|A/cattle/Texas/24-008749-003/2024(H5N1)	682	21678
MP|PP755590.1|A/cattle/Texas/24-008749-003/2024(H5N1)	683	21959
MP|PP755590.1|A/cattle/Texas/24-008749-003/2024(H5N1)	684	21866
MP|PP755590.1|A/cattle/Texas/24-008749-003/2024(H5N1)	685	21884
MP|PP755590.1|A/cattle/Texas/24-008749-003/2024(H5N1)	686	21568
MP|PP755590.1|A/cattle/Texas/24-008749-003/2024(H5N1)	687	21647
MP|PP755590.1|A/cattle/Texas/24-008749-003/2024(H5N1)	688	21789
MP|PP755590.1|A/cattle/Texas/24-008749-003/2024(H5N1)	689	21650
MP|PP755590.1|A/cattle/Texas/24-008749-003/2024(H5N1)	690	21610
MP|PP755590.1|A/cattle/Texas/24-008749-003/2024(H5N1)	691	21555
MP|PP755590.1|A/cattle/Texas/24-008749-003/2024(H5N1)	692	21380
MP|PP755590.1|A/cattle/Texas/24-008749-003/2024(H5N1)	693	21334
MP|PP755590.1|A/cattle/Texas/24-008749-003/2024(H5N1)	694	21049
MP|PP755590.1|A/cattle/Texas/24-008749-003/2024(H5N1)	695	21148
MP|PP755590.1|A/cattle/Texas/24-008749-003/2024(H5N1)	696	21250
MP|PP755590.1|A/cattle/Texas/24-008749-003/2024(H5N1)	697	19473
MP|PP755590.1|A/cattle/Texas/24-008749-003/2024(H5N1)	698	19243
MP|PP755590.1|A/cattle/Texas/24-008749-003/2024(H5N1)	699	19355
MP|PP755590.1|A/cattle/Texas/24-008749-003/2024(H5N1)	700	19204
MP|PP755590.1|A/cattle/Texas/24-008749-003/2024(H5N1)	701	19217
MP|PP755590.1|A/cattle/Texas/24-008749-003/2024(H5N1)	702	19218
MP|PP755590.1|A/cattle/Texas/24-008749-003/2024(H5N1)	703	19221
MP|PP755590.1|A/cattle/Texas/24-008749-003/2024(H5N1)	704	19215
MP|PP755590.1|A/cattle/Texas/24-008749-003/2024(H5N1)	705	19126
MP|PP755590.1|A/cattle/Texas/24-008749-003/2024(H5N1)	706	18752
MP|PP755590.1|A/cattle/Texas/24-008749-003/2024(H5N1)	707	18650
MP|PP755590.1|A/cattle/Texas/24-008749-003/2024(H5N1)	708	18879
MP|PP755590.1|A/cattle/Texas/24-008749-003/2024(H5N1)	709	19103
MP|PP755590.1|A/cattle/Texas/24-008749-003/2024(H5N1)	710	19103
MP|PP755590.1|A/cattle/Texas/24-008749-003/2024(H5N1)	711	18867
MP|PP755590.1|A/cattle/Texas/24-008749-003/2024(H5N1)	712	18673
MP|PP755590.1|A/cattle/Texas/24-008749-003/2024(H5N1)	713	18656
MP|PP755590.1|A/cattle/Texas/24-008749-003/2024(H5N1)	714	18494
MP|PP755590.1|A/cattle/Texas/24-008749-003/2024(H5N1)	715	18527
MP|PP755590.1|A/cattle/Texas/24-008749-003/2024(H5N1)	716	18457
MP|PP755590.1|A/cattle/Texas/24-008749-003/2024(H5N1)	717	18310
MP|PP755590.1|A/cattle/Texas/24-008749-003/2024(H5N1)	718	18284
MP|PP755590.1|A/cattle/Texas/24-008749-003/2024(H5N1)	719	18634
MP|PP755590.1|A/cattle/Texas/24-008749-003/2024(H5N1)	720	18993
MP|PP755590.1|A/cattle/Texas/24-008749-003/2024(H5N1)	721	18992
MP|PP755590.1|A/cattle/Texas/24-008749-003/2024(H5N1)	722	18981
MP|PP755590.1|A/cattle/Texas/24-008749-003/2024(H5N1)	723	18925
MP|PP755590.1|A/cattle/Texas/24-008749-003/2024(H5N1)	724	18920
MP|PP755590.1|A/cattle/Texas/24-008749-003/2024(H5N1)	725	18983
MP|PP755590.1|A/cattle/Texas/24-008749-003/2024(H5N1)	726	18628
MP|PP755590.1|A/cattle/Texas/24-008749-003/2024(H5N1)	727	18617
MP|PP755590.1|A/cattle/Texas/24-008749-003/2024(H5N1)	728	18398
MP|PP755590.1|A/cattle/Texas/24-008749-003/2024(H5N1)	729	18397
MP|PP755590.1|A/cattle/Texas/24-008749-003/2024(H5N1)	730	18436
MP|PP755590.1|A/cattle/Texas/24-008749-003/2024(H5N1)	731	18443
MP|PP755590.1|A/cattle/Texas/24-008749-003/2024(H5N1)	732	18385
MP|PP755590.1|A/cattle/Texas/24-008749-003/2024(H5N1)	733	18711
MP|PP755590.1|A/cattle/Texas/24-008749-003/2024(H5N1)	734	19077
MP|PP755590.1|A/cattle/Texas/24-008749-003/2024(H5N1)	735	19041
MP|PP755590.1|A/cattle/Texas/24-008749-003/2024(H5N1)	736	19135
MP|PP755590.1|A/cattle/Texas/24-008749-003/2024(H5N1)	737	19140
MP|PP755590.1|A/cattle/Texas/24-008749-003/2024(H5N1)	738	19113
MP|PP755590.1|A/cattle/Texas/24-008749-003/2024(H5N1)	739	19388
MP|PP755590.1|A/cattle/Texas/24-008749-003/2024(H5N1)	740	19431
MP|PP755590.1|A/cattle/Texas/24-008749-003/2024(H5N1)	741	19323
MP|PP755590.1|A/cattle/Texas/24-008749-003/2024(H5N1)	742	19286
MP|PP755590.1|A/cattle/Texas/24-008749-003/2024(H5N1)	743	18810
MP|PP755590.1|A/cattle/Texas/24-008749-003/2024(H5N1)	744	18822
MP|PP755590.1|A/cattle/Texas/24-008749-003/2024(H5N1)	745	18692
MP|PP755590.1|A/cattle/Texas/24-008749-003/2024(H5N1)	746	18677
MP|PP755590.1|A/cattle/Texas/24-008749-003/2024(H5N1)	747	18614
MP|PP755590.1|A/cattle/Texas/24-008749-003/2024(H5N1)	748	19359
MP|PP755590.1|A/cattle/Texas/24-008749-003/2024(H5N1)	749	19402
MP|PP755590.1|A/cattle/Texas/24-008749-003/2024(H5N1)	750	19800
MP|PP755590.1|A/cattle/Texas/24-008749-003/2024(H5N1)	751	19898
MP|PP755590.1|A/cattle/Texas/24-008749-003/2024(H5N1)	752	19911
MP|PP755590.1|A/cattle/Texas/24-008749-003/2024(H5N1)	753	19886
MP|PP755590.1|A/cattle/Texas/24-008749-003/2024(H5N1)	754	20025
MP|PP755590.1|A/cattle/Texas/24-008749-003/2024(H5N1)	755	19797
MP|PP755590.1|A/cattle/Texas/24-008749-003/2024(H5N1)	756	19517
MP|PP755590.1|A/cattle/Texas/24-008749-003/2024(H5N1)	757	19882
MP|PP755590.1|A/cattle/Texas/24-008749-003/2024(H5N1)	758	19849
MP|PP755590.1|A/cattle/Texas/24-008749-003/2024(H5N1)	759	19885
MP|PP755590.1|A/cattle/Texas/24-008749-003/2024(H5N1)	760	19867
MP|PP755590.1|A/cattle/Texas/24-008749-003/2024(H5N1)	761	19976
MP|PP755590.1|A/cattle/Texas/24-008749-003/2024(H5N1)	762	19738
MP|PP755590.1|A/cattle/Texas/24-008749-003/2024(H5N1)	763	19867
MP|PP755590.1|A/cattle/Texas/24-008749-003/2024(H5N1)	764	19891
MP|PP755590.1|A/cattle/Texas/24-008749-003/2024(H5N1)	765	19852
MP|PP755590.1|A/cattle/Texas/24-008749-003/2024(H5N1)	766	20117
MP|PP755590.1|A/cattle/Texas/24-008749-003/2024(H5N1)	767	20120
MP|PP755590.1|A/cattle/Texas/24-008749-003/2024(H5N1)	768	19953
MP|PP755590.1|A/cattle/Texas/24-008749-003/2024(H5N1)	769	20158
MP|PP755590.1|A/cattle/Texas/24-008749-003/2024(H5N1)	770	19847
MP|PP755590.1|A/cattle/Texas/24-008749-003/2024(H5N1)	771	20075
MP|PP755590.1|A/cattle/Texas/24-008749-003/2024(H5N1)	772	20002
MP|PP755590.1|A/cattle/Texas/24-008749-003/2024(H5N1)	773	19937
MP|PP755590.1|A/cattle/Texas/24-008749-003/2024(H5N1)	774	19173
MP|PP755590.1|A/cattle/Texas/24-008749-003/2024(H5N1)	775	18982
MP|PP755590.1|A/cattle/Texas/24-008749-003/2024(H5N1)	776	18994
MP|PP755590.1|A/cattle/Texas/24-008749-003/2024(H5N1)	777	19277
MP|PP755590.1|A/cattle/Texas/24-008749-003/2024(H5N1)	778	19290
MP|PP755590.1|A/cattle/Texas/24-008749-003/2024(H5N1)	779	19214
MP|PP755590.1|A/cattle/Texas/24-008749-003/2024(H5N1)	780	19108
MP|PP755590.1|A/cattle/Texas/24-008749-003/2024(H5N1)	781	20507
MP|PP755590.1|A/cattle/Texas/24-008749-003/2024(H5N1)	782	20489
MP|PP755590.1|A/cattle/Texas/24-008749-003/2024(H5N1)	783	20466
MP|PP755590.1|A/cattle/Texas/24-008749-003/2024(H5N1)	784	20899
MP|PP755590.1|A/cattle/Texas/24-008749-003/2024(H5N1)	785	20945
MP|PP755590.1|A/cattle/Texas/24-008749-003/2024(H5N1)	786	21539
MP|PP755590.1|A/cattle/Texas/24-008749-003/2024(H5N1)	787	21445
MP|PP755590.1|A/cattle/Texas/24-008749-003/2024(H5N1)	788	20864
MP|PP755590.1|A/cattle/Texas/24-008749-003/2024(H5N1)	789	20546
MP|PP755590.1|A/cattle/Texas/24-008749-003/2024(H5N1)	790	20586
MP|PP755590.1|A/cattle/Texas/24-008749-003/2024(H5N1)	791	21755
MP|PP755590.1|A/cattle/Texas/24-008749-003/2024(H5N1)	792	21719
MP|PP755590.1|A/cattle/Texas/24-008749-003/2024(H5N1)	793	21621
MP|PP755590.1|A/cattle/Texas/24-008749-003/2024(H5N1)	794	21980
MP|PP755590.1|A/cattle/Texas/24-008749-003/2024(H5N1)	795	22244
MP|PP755590.1|A/cattle/Texas/24-008749-003/2024(H5N1)	796	22221
MP|PP755590.1|A/cattle/Texas/24-008749-003/2024(H5N1)	797	22172
MP|PP755590.1|A/cattle/Texas/24-008749-003/2024(H5N1)	798	22170
MP|PP755590.1|A/cattle/Texas/24-008749-003/2024(H5N1)	799	22374
MP|PP755590.1|A/cattle/Texas/24-008749-003/2024(H5N1)	800	22126
MP|PP755590.1|A/cattle/Texas/24-008749-003/2024(H5N1)	801	22191
MP|PP755590.1|A/cattle/Texas/24-008749-003/2024(H5N1)	802	22127
MP|PP755590.1|A/cattle/Texas/24-008749-003/2024(H5N1)	803	22276
MP|PP755590.1|A/cattle/Texas/24-008749-003/2024(H5N1)	804	21902
MP|PP755590.1|A/cattle/Texas/24-008749-003/2024(H5N1)	805	21559
MP|PP755590.1|A/cattle/Texas/24-008749-003/2024(H5N1)	806	21539
MP|PP755590.1|A/cattle/Texas/24-008749-003/2024(H5N1)	807	21384
MP|PP755590.1|A/cattle/Texas/24-008749-003/2024(H5N1)	808	21417
MP|PP755590.1|A/cattle/Texas/24-008749-003/2024(H5N1)	809	21382
MP|PP755590.1|A/cattle/Texas/24-008749-003/2024(H5N1)	810	21204
MP|PP755590.1|A/cattle/Texas/24-008749-003/2024(H5N1)	811	21218
MP|PP755590.1|A/cattle/Texas/24-008749-003/2024(H5N1)	812	20923
MP|PP755590.1|A/cattle/Texas/24-008749-003/2024(H5N1)	813	20920
MP|PP755590.1|A/cattle/Texas/24-008749-003/2024(H5N1)	814	20866
MP|PP755590.1|A/cattle/Texas/24-008749-003/2024(H5N1)	815	20275
MP|PP755590.1|A/cattle/Texas/24-008749-003/2024(H5N1)	816	20260
MP|PP755590.1|A/cattle/Texas/24-008749-003/2024(H5N1)	817	20110
MP|PP755590.1|A/cattle/Texas/24-008749-003/2024(H5N1)	818	20094
MP|PP755590.1|A/cattle/Texas/24-008749-003/2024(H5N1)	819	20309
MP|PP755590.1|A/cattle/Texas/24-008749-003/2024(H5N1)	820	20301
MP|PP755590.1|A/cattle/Texas/24-008749-003/2024(H5N1)	821	20299
MP|PP755590.1|A/cattle/Texas/24-008749-003/2024(H5N1)	822	20236
MP|PP755590.1|A/cattle/Texas/24-008749-003/2024(H5N1)	823	18545
MP|PP755590.1|A/cattle/Texas/24-008749-003/2024(H5N1)	824	19979
MP|PP755590.1|A/cattle/Texas/24-008749-003/2024(H5N1)	825	19986
MP|PP755590.1|A/cattle/Texas/24-008749-003/2024(H5N1)	826	19994
MP|PP755590.1|A/cattle/Texas/24-008749-003/2024(H5N1)	827	20009
MP|PP755590.1|A/cattle/Texas/24-008749-003/2024(H5N1)	828	19676
MP|PP755590.1|A/cattle/Texas/24-008749-003/2024(H5N1)	829	20215
MP|PP755590.1|A/cattle/Texas/24-008749-003/2024(H5N1)	830	20216
MP|PP755590.1|A/cattle/Texas/24-008749-003/2024(H5N1)	831	20220
MP|PP755590.1|A/cattle/Texas/24-008749-003/2024(H5N1)	832	20048
MP|PP755590.1|A/cattle/Texas/24-008749-003/2024(H5N1)	833	19945
MP|PP755590.1|A/cattle/Texas/24-008749-003/2024(H5N1)	834	19842
MP|PP755590.1|A/cattle/Texas/24-008749-003/2024(H5N1)	835	19884
MP|PP755590.1|A/cattle/Texas/24-008749-003/2024(H5N1)	836	19849
MP|PP755590.1|A/cattle/Texas/24-008749-003/2024(H5N1)	837	19873
MP|PP755590.1|A/cattle/Texas/24-008749-003/2024(H5N1)	838	19942
MP|PP755590.1|A/cattle/Texas/24-008749-003/2024(H5N1)	839	19951
MP|PP755590.1|A/cattle/Texas/24-008749-003/2024(H5N1)	840	19747
MP|PP755590.1|A/cattle/Texas/24-008749-003/2024(H5N1)	841	19762
MP|PP755590.1|A/cattle/Texas/24-008749-003/2024(H5N1)	842	20022
MP|PP755590.1|A/cattle/Texas/24-008749-003/2024(H5N1)	843	20013
MP|PP755590.1|A/cattle/Texas/24-008749-003/2024(H5N1)	844	20059
MP|PP755590.1|A/cattle/Texas/24-008749-003/2024(H5N1)	845	20035
MP|PP755590.1|A/cattle/Texas/24-008749-003/2024(H5N1)	846	19960
MP|PP755590.1|A/cattle/Texas/24-008749-003/2024(H5N1)	847	20244
MP|PP755590.1|A/cattle/Texas/24-008749-003/2024(H5N1)	848	20255
MP|PP755590.1|A/cattle/Texas/24-008749-003/2024(H5N1)	849	20265
MP|PP755590.1|A/cattle/Texas/24-008749-003/2024(H5N1)	850	20211
MP|PP755590.1|A/cattle/Texas/24-008749-003/2024(H5N1)	851	22313
MP|PP755590.1|A/cattle/Texas/24-008749-003/2024(H5N1)	852	22425
MP|PP755590.1|A/cattle/Texas/24-008749-003/2024(H5N1)	853	22698
MP|PP755590.1|A/cattle/Texas/24-008749-003/2024(H5N1)	854	22708
MP|PP755590.1|A/cattle/Texas/24-008749-003/2024(H5N1)	855	22728
MP|PP755590.1|A/cattle/Texas/24-008749-003/2024(H5N1)	856	22972
MP|PP755590.1|A/cattle/Texas/24-008749-003/2024(H5N1)	857	22966
MP|PP755590.1|A/cattle/Texas/24-008749-003/2024(H5N1)	858	22844
MP|PP755590.1|A/cattle/Texas/24-008749-003/2024(H5N1)	859	22469
MP|PP755590.1|A/cattle/Texas/24-008749-003/2024(H5N1)	860	22279
MP|PP755590.1|A/cattle/Texas/24-008749-003/2024(H5N1)	861	22347
MP|PP755590.1|A/cattle/Texas/24-008749-003/2024(H5N1)	862	22263
MP|PP755590.1|A/cattle/Texas/24-008749-003/2024(H5N1)	863	22240
MP|PP755590.1|A/cattle/Texas/24-008749-003/2024(H5N1)	864	22245
MP|PP755590.1|A/cattle/Texas/24-008749-003/2024(H5N1)	865	22172
MP|PP755590.1|A/cattle/Texas/24-008749-003/2024(H5N1)	866	22175
MP|PP755590.1|A/cattle/Texas/24-008749-003/2024(H5N1)	867	22171
MP|PP755590.1|A/cattle/Texas/24-008749-003/2024(H5N1)	868	22115
MP|PP755590.1|A/cattle/Texas/24-008749-003/2024(H5N1)	869	22105
MP|PP755590.1|A/cattle/Texas/24-008749-003/2024(H5N1)	870	21758
MP|PP755590.1|A/cattle/Texas/24-008749-003/2024(H5N1)	871	21267
MP|PP755590.1|A/cattle/Texas/24-008749-003/2024(H5N1)	872	21267
MP|PP755590.1|A/cattle/Texas/24-008749-003/2024(H5N1)	873	21268
MP|PP755590.1|A/cattle/Texas/24-008749-003/2024(H5N1)	874	21274
MP|PP755590.1|A/cattle/Texas/24-008749-003/2024(H5N1)	875	21245
MP|PP755590.1|A/cattle/Texas/24-008749-003/2024(H5N1)	876	21112
MP|PP755590.1|A/cattle/Texas/24-008749-003/2024(H5N1)	877	21078
MP|PP755590.1|A/cattle/Texas/24-008749-003/2024(H5N1)	878	21027
MP|PP755590.1|A/cattle/Texas/24-008749-003/2024(H5N1)	879	20967
MP|PP755590.1|A/cattle/Texas/24-008749-003/2024(H5N1)	880	20935
MP|PP755590.1|A/cattle/Texas/24-008749-003/2024(H5N1)	881	20917
MP|PP755590.1|A/cattle/Texas/24-008749-003/2024(H5N1)	882	20876
MP|PP755590.1|A/cattle/Texas/24-008749-003/2024(H5N1)	883	20491
MP|PP755590.1|A/cattle/Texas/24-008749-003/2024(H5N1)	884	20424
MP|PP755590.1|A/cattle/Texas/24-008749-003/2024(H5N1)	885	20021
MP|PP755590.1|A/cattle/Texas/24-008749-003/2024(H5N1)	886	19996
MP|PP755590.1|A/cattle/Texas/24-008749-003/2024(H5N1)	887	19852
MP|PP755590.1|A/cattle/Texas/24-008749-003/2024(H5N1)	888	19824
MP|PP755590.1|A/cattle/Texas/24-008749-003/2024(H5N1)	889	19733
MP|PP755590.1|A/cattle/Texas/24-008749-003/2024(H5N1)	890	19499
MP|PP755590.1|A/cattle/Texas/24-008749-003/2024(H5N1)	891	19437
MP|PP755590.1|A/cattle/Texas/24-008749-003/2024(H5N1)	892	19454
MP|PP755590.1|A/cattle/Texas/24-008749-003/2024(H5N1)	893	19418
MP|PP755590.1|A/cattle/Texas/24-008749-003/2024(H5N1)	894	19379
MP|PP755590.1|A/cattle/Texas/24-008749-003/2024(H5N1)	895	19248
MP|PP755590.1|A/cattle/Texas/24-008749-003/2024(H5N1)	896	19208
MP|PP755590.1|A/cattle/Texas/24-008749-003/2024(H5N1)	897	18061
MP|PP755590.1|A/cattle/Texas/24-008749-003/2024(H5N1)	898	18076
MP|PP755590.1|A/cattle/Texas/24-008749-003/2024(H5N1)	899	17528
MP|PP755590.1|A/cattle/Texas/24-008749-003/2024(H5N1)	900	17365
MP|PP755590.1|A/cattle/Texas/24-008749-003/2024(H5N1)	901	17110
MP|PP755590.1|A/cattle/Texas/24-008749-003/2024(H5N1)	902	16967
MP|PP755590.1|A/cattle/Texas/24-008749-003/2024(H5N1)	903	16964
MP|PP755590.1|A/cattle/Texas/24-008749-003/2024(H5N1)	904	16898
MP|PP755590.1|A/cattle/Texas/24-008749-003/2024(H5N1)	905	16748
MP|PP755590.1|A/cattle/Texas/24-008749-003/2024(H5N1)	906	16742
MP|PP755590.1|A/cattle/Texas/24-008749-003/2024(H5N1)	907	16222
MP|PP755590.1|A/cattle/Texas/24-008749-003/2024(H5N1)	908	16208
MP|PP755590.1|A/cattle/Texas/24-008749-003/2024(H5N1)	909	16179
MP|PP755590.1|A/cattle/Texas/24-008749-003/2024(H5N1)	910	15873
MP|PP755590.1|A/cattle/Texas/24-008749-003/2024(H5N1)	911	15875
MP|PP755590.1|A/cattle/Texas/24-008749-003/2024(H5N1)	912	15706
MP|PP755590.1|A/cattle/Texas/24-008749-003/2024(H5N1)	913	15687
MP|PP755590.1|A/cattle/Texas/24-008749-003/2024(H5N1)	914	15451
MP|PP755590.1|A/cattle/Texas/24-008749-003/2024(H5N1)	915	15244
MP|PP755590.1|A/cattle/Texas/24-008749-003/2024(H5N1)	916	15186
MP|PP755590.1|A/cattle/Texas/24-008749-003/2024(H5N1)	917	14973
MP|PP755590.1|A/cattle/Texas/24-008749-003/2024(H5N1)	918	14976
MP|PP755590.1|A/cattle/Texas/24-008749-003/2024(H5N1)	919	14955
MP|PP755590.1|A/cattle/Texas/24-008749-003/2024(H5N1)	920	14717
MP|PP755590.1|A/cattle/Texas/24-008749-003/2024(H5N1)	921	14649
MP|PP755590.1|A/cattle/Texas/24-008749-003/2024(H5N1)	922	14353
MP|PP755590.1|A/cattle/Texas/24-008749-003/2024(H5N1)	923	14372
MP|PP755590.1|A/cattle/Texas/24-008749-003/2024(H5N1)	924	14366
MP|PP755590.1|A/cattle/Texas/24-008749-003/2024(H5N1)	925	14346
MP|PP755590.1|A/cattle/Texas/24-008749-003/2024(H5N1)	926	14344
MP|PP755590.1|A/cattle/Texas/24-008749-003/2024(H5N1)	927	14000
MP|PP755590.1|A/cattle/Texas/24-008749-003/2024(H5N1)	928	14006
MP|PP755590.1|A/cattle/Texas/24-008749-003/2024(H5N1)	929	13992
MP|PP755590.1|A/cattle/Texas/24-008749-003/2024(H5N1)	930	13974
MP|PP755590.1|A/cattle/Texas/24-008749-003/2024(H5N1)	931	13852
MP|PP755590.1|A/cattle/Texas/24-008749-003/2024(H5N1)	932	12377
MP|PP755590.1|A/cattle/Texas/24-008749-003/2024(H5N1)	933	12383
MP|PP755590.1|A/cattle/Texas/24-008749-003/2024(H5N1)	934	12315
MP|PP755590.1|A/cattle/Texas/24-008749-003/2024(H5N1)	935	11846
MP|PP755590.1|A/cattle/Texas/24-008749-003/2024(H5N1)	936	11817
MP|PP755590.1|A/cattle/Texas/24-008749-003/2024(H5N1)	937	11138
MP|PP755590.1|A/cattle/Texas/24-008749-003/2024(H5N1)	938	11138
MP|PP755590.1|A/cattle/Texas/24-008749-003/2024(H5N1)	939	11115
MP|PP755590.1|A/cattle/Texas/24-008749-003/2024(H5N1)	940	11071
MP|PP755590.1|A/cattle/Texas/24-008749-003/2024(H5N1)	941	11052
MP|PP755590.1|A/cattle/Texas/24-008749-003/2024(H5N1)	942	9767
MP|PP755590.1|A/cattle/Texas/24-008749-003/2024(H5N1)	943	9735
MP|PP755590.1|A/cattle/Texas/24-008749-003/2024(H5N1)	944	9328
MP|PP755590.1|A/cattle/Texas/24-008749-003/2024(H5N1)	945	8830
MP|PP755590.1|A/cattle/Texas/24-008749-003/2024(H5N1)	946	8551
MP|PP755590.1|A/cattle/Texas/24-008749-003/2024(H5N1)	947	8498
MP|PP755590.1|A/cattle/Texas/24-008749-003/2024(H5N1)	948	8464
MP|PP755590.1|A/cattle/Texas/24-008749-003/2024(H5N1)	949	8437
MP|PP755590.1|A/cattle/Texas/24-008749-003/2024(H5N1)	950	8086
MP|PP755590.1|A/cattle/Texas/24-008749-003/2024(H5N1)	951	8067
MP|PP755590.1|A/cattle/Texas/24-008749-003/2024(H5N1)	952	7993
MP|PP755590.1|A/cattle/Texas/24-008749-003/2024(H5N1)	953	7935
MP|PP755590.1|A/cattle/Texas/24-008749-003/2024(H5N1)	954	7878
MP|PP755590.1|A/cattle/Texas/24-008749-003/2024(H5N1)	955	7790
MP|PP755590.1|A/cattle/Texas/24-008749-003/2024(H5N1)	956	7747
MP|PP755590.1|A/cattle/Texas/24-008749-003/2024(H5N1)	957	7732
MP|PP755590.1|A/cattle/Texas/24-008749-003/2024(H5N1)	958	7702
MP|PP755590.1|A/cattle/Texas/24-008749-003/2024(H5N1)	959	7682
MP|PP755590.1|A/cattle/Texas/24-008749-003/2024(H5N1)	960	7652
MP|PP755590.1|A/cattle/Texas/24-008749-003/2024(H5N1)	961	7596
MP|PP755590.1|A/cattle/Texas/24-008749-003/2024(H5N1)	962	7589
MP|PP755590.1|A/cattle/Texas/24-008749-003/2024(H5N1)	963	7502
MP|PP755590.1|A/cattle/Texas/24-008749-003/2024(H5N1)	964	7497
MP|PP755590.1|A/cattle/Texas/24-008749-003/2024(H5N1)	965	7464
MP|PP755590.1|A/cattle/Texas/24-008749-003/2024(H5N1)	966	7451
MP|PP755590.1|A/cattle/Texas/24-008749-003/2024(H5N1)	967	7449
MP|PP755590.1|A/cattle/Texas/24-008749-003/2024(H5N1)	968	7428
MP|PP755590.1|A/cattle/Texas/24-008749-003/2024(H5N1)	969	7426
MP|PP755590.1|A/cattle/Texas/24-008749-003/2024(H5N1)	970	7117
MP|PP755590.1|A/cattle/Texas/24-008749-003/2024(H5N1)	971	7114
MP|PP755590.1|A/cattle/Texas/24-008749-003/2024(H5N1)	972	7015
MP|PP755590.1|A/cattle/Texas/24-008749-003/2024(H5N1)	973	7007
MP|PP755590.1|A/cattle/Texas/24-008749-003/2024(H5N1)	974	6990
MP|PP755590.1|A/cattle/Texas/24-008749-003/2024(H5N1)	975	5335
MP|PP755590.1|A/cattle/Texas/24-008749-003/2024(H5N1)	976	5271
MP|PP755590.1|A/cattle/Texas/24-008749-003/2024(H5N1)	977	5268
MP|PP755590.1|A/cattle/Texas/24-008749-003/2024(H5N1)	978	5234
MP|PP755590.1|A/cattle/Texas/24-008749-003/2024(H5N1)	979	5218
MP|PP755590.1|A/cattle/Texas/24-008749-003/2024(H5N1)	980	4624
MP|PP755590.1|A/cattle/Texas/24-008749-003/2024(H5N1)	981	4608
MP|PP755590.1|A/cattle/Texas/24-008749-003/2024(H5N1)	982	4591
