PB1|PP755595.1|A/cattle/Texas/24-008749-003/2024(H5N1)	1	2798
PB1|PP755595.1|A/cattle/Texas/24-008749-003/2024(H5N1)	2	2805
PB1|PP755595.1|A/cattle/Texas/24-008749-003/2024(H5N1)	3	2822
PB1|PP755595.1|A/cattle/Texas/24-008749-003/2024(H5N1)	4	2863
PB1|PP755595.1|A/cattle/Texas/24-008749-003/2024(H5N1)	5	2981
PB1|PP755595.1|A/cattle/Texas/24-008749-003/2024(H5N1)	6	2997
PB1|PP755595.1|A/cattle/Texas/24-008749-003/2024(H5N1)	7	3007
PB1|PP755595.1|A/cattle/Texas/24-008749-003/2024(H5N1)	8	3012
PB1|PP755595.1|A/cattle/Texas/24-008749-003/2024(H5N1)	9	3051
PB1|PP755595.1|A/cattle/Texas/24-008749-003/2024(H5N1)	10	3088
PB1|PP755595.1|A/cattle/Texas/24-008749-003/2024(H5N1)	11	3100
PB1|PP755595.1|A/cattle/Texas/24-008749-003/2024(H5N1)	12	3102
PB1|PP755595.1|A/cattle/Texas/24-008749-003/2024(H5N1)	13	3102
PB1|PP755595.1|A/cattle/Texas/24-008749-003/2024(H5N1)	14	3105
PB1|PP755595.1|A/cattle/Texas/24-008749-003/2024(H5N1)	15	3131
PB1|PP755595.1|A/cattle/Texas/24-008749-003/2024(H5N1)	16	3205
PB1|PP755595.1|A/cattle/Texas/24-008749-003/2024(H5N1)	17	3214
PB1|PP755595.1|A/cattle/Texas/24-008749-003/2024(H5N1)	18	3219
PB1|PP755595.1|A/cattle/Texas/24-008749-003/2024(H5N1)	19	3227
PB1|PP755595.1|A/cattle/Texas/24-008749-003/2024(H5N1)	20	3229
PB1|PP755595.1|A/cattle/Texas/24-008749-003/2024(H5N1)	21	3231
PB1|PP755595.1|A/cattle/Texas/24-008749-003/2024(H5N1)	22	3234
PB1|PP755595.1|A/cattle/Texas/24-008749-003/2024(H5N1)	23	3235
PB1|PP755595.1|A/cattle/Texas/24-008749-003/2024(H5N1)	24	3242
PB1|PP755595.1|A/cattle/Texas/24-008749-003/2024(H5N1)	25	3246
PB1|PP755595.1|A/cattle/Texas/24-008749-003/2024(H5N1)	26	3330
PB1|PP755595.1|A/cattle/Texas/24-008749-003/2024(H5N1)	27	3334
PB1|PP755595.1|A/cattle/Texas/24-008749-003/2024(H5N1)	28	3340
PB1|PP755595.1|A/cattle/Texas/24-008749-003/2024(H5N1)	29	3343
PB1|PP755595.1|A/cattle/Texas/24-008749-003/2024(H5N1)	30	3281
PB1|PP755595.1|A/cattle/Texas/24-008749-003/2024(H5N1)	31	3277
PB1|PP755595.1|A/cattle/Texas/24-008749-003/2024(H5N1)	32	3289
PB1|PP755595.1|A/cattle/Texas/24-008749-003/2024(H5N1)	33	3284
PB1|PP755595.1|A/cattle/Texas/24-008749-003/2024(H5N1)	34	3314
PB1|PP755595.1|A/cattle/Texas/24-008749-003/2024(H5N1)	35	3299
PB1|PP755595.1|A/cattle/Texas/24-008749-003/2024(H5N1)	36	3258
PB1|PP755595.1|A/cattle/Texas/24-008749-003/2024(H5N1)	37	3295
PB1|PP755595.1|A/cattle/Texas/24-008749-003/2024(H5N1)	38	3297
PB1|PP755595.1|A/cattle/Texas/24-008749-003/2024(H5N1)	39	3307
PB1|PP755595.1|A/cattle/Texas/24-008749-003/2024(H5N1)	40	3387
PB1|PP755595.1|A/cattle/Texas/24-008749-003/2024(H5N1)	41	3519
PB1|PP755595.1|A/cattle/Texas/24-008749-003/2024(H5N1)	42	3542
PB1|PP755595.1|A/cattle/Texas/24-008749-003/2024(H5N1)	43	3516
PB1|PP755595.1|A/cattle/Texas/24-008749-003/2024(H5N1)	44	3498
PB1|PP755595.1|A/cattle/Texas/24-008749-003/2024(H5N1)	45	3526
PB1|PP755595.1|A/cattle/Texas/24-008749-003/2024(H5N1)	46	3555
PB1|PP755595.1|A/cattle/Texas/24-008749-003/2024(H5N1)	47	3697
PB1|PP755595.1|A/cattle/Texas/24-008749-003/2024(H5N1)	48	3752
PB1|PP755595.1|A/cattle/Texas/24-008749-003/2024(H5N1)	49	3949
PB1|PP755595.1|A/cattle/Texas/24-008749-003/2024(H5N1)	50	3965
PB1|PP755595.1|A/cattle/Texas/24-008749-003/2024(H5N1)	51	3993
PB1|PP755595.1|A/cattle/Texas/24-008749-003/2024(H5N1)	52	4001
PB1|PP755595.1|A/cattle/Texas/24-008749-003/2024(H5N1)	53	4010
PB1|PP755595.1|A/cattle/Texas/24-008749-003/2024(H5N1)	54	4102
PB1|PP755595.1|A/cattle/Texas/24-008749-003/2024(H5N1)	55	4101
PB1|PP755595.1|A/cattle/Texas/24-008749-003/2024(H5N1)	56	4210
PB1|PP755595.1|A/cattle/Texas/24-008749-003/2024(H5N1)	57	4224
PB1|PP755595.1|A/cattle/Texas/24-008749-003/2024(H5N1)	58	4273
PB1|PP755595.1|A/cattle/Texas/24-008749-003/2024(H5N1)	59	4359
PB1|PP755595.1|A/cattle/Texas/24-008749-003/2024(H5N1)	60	4354
PB1|PP755595.1|A/cattle/Texas/24-008749-003/2024(H5N1)	61	4375
PB1|PP755595.1|A/cattle/Texas/24-008749-003/2024(H5N1)	62	4395
PB1|PP755595.1|A/cattle/Texas/24-008749-003/2024(H5N1)	63	4398
PB1|PP755595.1|A/cattle/Texas/24-008749-003/2024(H5N1)	64	4439
PB1|PP755595.1|A/cattle/Texas/24-008749-003/2024(H5N1)	65	4440
PB1|PP755595.1|A/cattle/Texas/24-008749-003/2024(H5N1)	66	4886
PB1|PP755595.1|A/cattle/Texas/24-008749-003/2024(H5N1)	67	4886
PB1|PP755595.1|A/cattle/Texas/24-008749-003/2024(H5N1)	68	4878
PB1|PP755595.1|A/cattle/Texas/24-008749-003/2024(H5N1)	69	4868
PB1|PP755595.1|A/cattle/Texas/24-008749-003/2024(H5N1)	70	4876
PB1|PP755595.1|A/cattle/Texas/24-008749-003/2024(H5N1)	71	4992
PB1|PP755595.1|A/cattle/Texas/24-008749-003/2024(H5N1)	72	5040
PB1|PP755595.1|A/cattle/Texas/24-008749-003/2024(H5N1)	73	5084
PB1|PP755595.1|A/cattle/Texas/24-008749-003/2024(H5N1)	74	5128
PB1|PP755595.1|A/cattle/Texas/24-008749-003/2024(H5N1)	75	5127
PB1|PP755595.1|A/cattle/Texas/24-008749-003/2024(H5N1)	76	5185
PB1|PP755595.1|A/cattle/Texas/24-008749-003/2024(H5N1)	77	5201
PB1|PP755595.1|A/cattle/Texas/24-008749-003/2024(H5N1)	78	5212
PB1|PP755595.1|A/cattle/Texas/24-008749-003/2024(H5N1)	79	5218
PB1|PP755595.1|A/cattle/Texas/24-008749-003/2024(H5N1)	80	5249
PB1|PP755595.1|A/cattle/Texas/24-008749-003/2024(H5N1)	81	5261
PB1|PP755595.1|A/cattle/Texas/24-008749-003/2024(H5N1)	82	5477
PB1|PP755595.1|A/cattle/Texas/24-008749-003/2024(H5N1)	83	5484
PB1|PP755595.1|A/cattle/Texas/24-008749-003/2024(H5N1)	84	5490
PB1|PP755595.1|A/cattle/Texas/24-008749-003/2024(H5N1)	85	5643
PB1|PP755595.1|A/cattle/Texas/24-008749-003/2024(H5N1)	86	5654
PB1|PP755595.1|A/cattle/Texas/24-008749-003/2024(H5N1)	87	5662
PB1|PP755595.1|A/cattle/Texas/24-008749-003/2024(H5N1)	88	5664
PB1|PP755595.1|A/cattle/Texas/24-008749-003/2024(H5N1)	89	5665
PB1|PP755595.1|A/cattle/Texas/24-008749-003/2024(H5N1)	90	5668
PB1|PP755595.1|A/cattle/Texas/24-008749-003/2024(H5N1)	91	5608
PB1|PP755595.1|A/cattle/Texas/24-008749-003/2024(H5N1)	92	5661
PB1|PP755595.1|A/cattle/Texas/24-008749-003/2024(H5N1)	93	5682
PB1|PP755595.1|A/cattle/Texas/24-008749-003/2024(H5N1)	94	5644
PB1|PP755595.1|A/cattle/Texas/24-008749-003/2024(H5N1)	95	5654
PB1|PP755595.1|A/cattle/Texas/24-008749-003/2024(H5N1)	96	5656
PB1|PP755595.1|A/cattle/Texas/24-008749-003/2024(H5N1)	97	5657
PB1|PP755595.1|A/cattle/Texas/24-008749-003/2024(H5N1)	98	5722
PB1|PP755595.1|A/cattle/Texas/24-008749-003/2024(H5N1)	99	5719
PB1|PP755595.1|A/cattle/Texas/24-008749-003/2024(H5N1)	100	5719
PB1|PP755595.1|A/cattle/Texas/24-008749-003/2024(H5N1)	101	5697
PB1|PP755595.1|A/cattle/Texas/24-008749-003/2024(H5N1)	102	5662
PB1|PP755595.1|A/cattle/Texas/24-008749-003/2024(H5N1)	103	5658
PB1|PP755595.1|A/cattle/Texas/24-008749-003/2024(H5N1)	104	5642
PB1|PP755595.1|A/cattle/Texas/24-008749-003/2024(H5N1)	105	5435
PB1|PP755595.1|A/cattle/Texas/24-008749-003/2024(H5N1)	106	5567
PB1|PP755595.1|A/cattle/Texas/24-008749-003/2024(H5N1)	107	5589
PB1|PP755595.1|A/cattle/Texas/24-008749-003/2024(H5N1)	108	5548
PB1|PP755595.1|A/cattle/Texas/24-008749-003/2024(H5N1)	109	5547
PB1|PP755595.1|A/cattle/Texas/24-008749-003/2024(H5N1)	110	5547
PB1|PP755595.1|A/cattle/Texas/24-008749-003/2024(H5N1)	111	5502
PB1|PP755595.1|A/cattle/Texas/24-008749-003/2024(H5N1)	112	5480
PB1|PP755595.1|A/cattle/Texas/24-008749-003/2024(H5N1)	113	5410
PB1|PP755595.1|A/cattle/Texas/24-008749-003/2024(H5N1)	114	5147
PB1|PP755595.1|A/cattle/Texas/24-008749-003/2024(H5N1)	115	5147
PB1|PP755595.1|A/cattle/Texas/24-008749-003/2024(H5N1)	116	5148
PB1|PP755595.1|A/cattle/Texas/24-008749-003/2024(H5N1)	117	5185
PB1|PP755595.1|A/cattle/Texas/24-008749-003/2024(H5N1)	118	5514
PB1|PP755595.1|A/cattle/Texas/24-008749-003/2024(H5N1)	119	5518
PB1|PP755595.1|A/cattle/Texas/24-008749-003/2024(H5N1)	120	5530
PB1|PP755595.1|A/cattle/Texas/24-008749-003/2024(H5N1)	121	5534
PB1|PP755595.1|A/cattle/Texas/24-008749-003/2024(H5N1)	122	5545
PB1|PP755595.1|A/cattle/Texas/24-008749-003/2024(H5N1)	123	5540
PB1|PP755595.1|A/cattle/Texas/24-008749-003/2024(H5N1)	124	5534
PB1|PP755595.1|A/cattle/Texas/24-008749-003/2024(H5N1)	125	5493
PB1|PP755595.1|A/cattle/Texas/24-008749-003/2024(H5N1)	126	5479
PB1|PP755595.1|A/cattle/Texas/24-008749-003/2024(H5N1)	127	4397
PB1|PP755595.1|A/cattle/Texas/24-008749-003/2024(H5N1)	128	4269
PB1|PP755595.1|A/cattle/Texas/24-008749-003/2024(H5N1)	129	3811
PB1|PP755595.1|A/cattle/Texas/24-008749-003/2024(H5N1)	130	3963
PB1|PP755595.1|A/cattle/Texas/24-008749-003/2024(H5N1)	131	3941
PB1|PP755595.1|A/cattle/Texas/24-008749-003/2024(H5N1)	132	3901
PB1|PP755595.1|A/cattle/Texas/24-008749-003/2024(H5N1)	133	3895
PB1|PP755595.1|A/cattle/Texas/24-008749-003/2024(H5N1)	134	3914
PB1|PP755595.1|A/cattle/Texas/24-008749-003/2024(H5N1)	135	3891
PB1|PP755595.1|A/cattle/Texas/24-008749-003/2024(H5N1)	136	3830
PB1|PP755595.1|A/cattle/Texas/24-008749-003/2024(H5N1)	137	3742
PB1|PP755595.1|A/cattle/Texas/24-008749-003/2024(H5N1)	138	3708
PB1|PP755595.1|A/cattle/Texas/24-008749-003/2024(H5N1)	139	3897
PB1|PP755595.1|A/cattle/Texas/24-008749-003/2024(H5N1)	140	3880
PB1|PP755595.1|A/cattle/Texas/24-008749-003/2024(H5N1)	141	3894
PB1|PP755595.1|A/cattle/Texas/24-008749-003/2024(H5N1)	142	3812
PB1|PP755595.1|A/cattle/Texas/24-008749-003/2024(H5N1)	143	3799
PB1|PP755595.1|A/cattle/Texas/24-008749-003/2024(H5N1)	144	3732
PB1|PP755595.1|A/cattle/Texas/24-008749-003/2024(H5N1)	145	3660
PB1|PP755595.1|A/cattle/Texas/24-008749-003/2024(H5N1)	146	3636
PB1|PP755595.1|A/cattle/Texas/24-008749-003/2024(H5N1)	147	3572
PB1|PP755595.1|A/cattle/Texas/24-008749-003/2024(H5N1)	148	3551
PB1|PP755595.1|A/cattle/Texas/24-008749-003/2024(H5N1)	149	3517
PB1|PP755595.1|A/cattle/Texas/24-008749-003/2024(H5N1)	150	3504
PB1|PP755595.1|A/cattle/Texas/24-008749-003/2024(H5N1)	151	3504
PB1|PP755595.1|A/cattle/Texas/24-008749-003/2024(H5N1)	152	3464
PB1|PP755595.1|A/cattle/Texas/24-008749-003/2024(H5N1)	153	3245
PB1|PP755595.1|A/cattle/Texas/24-008749-003/2024(H5N1)	154	3236
PB1|PP755595.1|A/cattle/Texas/24-008749-003/2024(H5N1)	155	3220
PB1|PP755595.1|A/cattle/Texas/24-008749-003/2024(H5N1)	156	3159
PB1|PP755595.1|A/cattle/Texas/24-008749-003/2024(H5N1)	157	3190
PB1|PP755595.1|A/cattle/Texas/24-008749-003/2024(H5N1)	158	3196
PB1|PP755595.1|A/cattle/Texas/24-008749-003/2024(H5N1)	159	3198
PB1|PP755595.1|A/cattle/Texas/24-008749-003/2024(H5N1)	160	3434
PB1|PP755595.1|A/cattle/Texas/24-008749-003/2024(H5N1)	161	3441
PB1|PP755595.1|A/cattle/Texas/24-008749-003/2024(H5N1)	162	3427
PB1|PP755595.1|A/cattle/Texas/24-008749-003/2024(H5N1)	163	3431
PB1|PP755595.1|A/cattle/Texas/24-008749-003/2024(H5N1)	164	3429
PB1|PP755595.1|A/cattle/Texas/24-008749-003/2024(H5N1)	165	3433
PB1|PP755595.1|A/cattle/Texas/24-008749-003/2024(H5N1)	166	3429
PB1|PP755595.1|A/cattle/Texas/24-008749-003/2024(H5N1)	167	3420
PB1|PP755595.1|A/cattle/Texas/24-008749-003/2024(H5N1)	168	3422
PB1|PP755595.1|A/cattle/Texas/24-008749-003/2024(H5N1)	169	3423
PB1|PP755595.1|A/cattle/Texas/24-008749-003/2024(H5N1)	170	3417
PB1|PP755595.1|A/cattle/Texas/24-008749-003/2024(H5N1)	171	3417
PB1|PP755595.1|A/cattle/Texas/24-008749-003/2024(H5N1)	172	3411
PB1|PP755595.1|A/cattle/Texas/24-008749-003/2024(H5N1)	173	3431
PB1|PP755595.1|A/cattle/Texas/24-008749-003/2024(H5N1)	174	3427
PB1|PP755595.1|A/cattle/Texas/24-008749-003/2024(H5N1)	175	3402
PB1|PP755595.1|A/cattle/Texas/24-008749-003/2024(H5N1)	176	3364
PB1|PP755595.1|A/cattle/Texas/24-008749-003/2024(H5N1)	177	3355
PB1|PP755595.1|A/cattle/Texas/24-008749-003/2024(H5N1)	178	3357
PB1|PP755595.1|A/cattle/Texas/24-008749-003/2024(H5N1)	179	3384
PB1|PP755595.1|A/cattle/Texas/24-008749-003/2024(H5N1)	180	3797
PB1|PP755595.1|A/cattle/Texas/24-008749-003/2024(H5N1)	181	3796
PB1|PP755595.1|A/cattle/Texas/24-008749-003/2024(H5N1)	182	3796
PB1|PP755595.1|A/cattle/Texas/24-008749-003/2024(H5N1)	183	3793
PB1|PP755595.1|A/cattle/Texas/24-008749-003/2024(H5N1)	184	3759
PB1|PP755595.1|A/cattle/Texas/24-008749-003/2024(H5N1)	185	3753
PB1|PP755595.1|A/cattle/Texas/24-008749-003/2024(H5N1)	186	3729
PB1|PP755595.1|A/cattle/Texas/24-008749-003/2024(H5N1)	187	3757
PB1|PP755595.1|A/cattle/Texas/24-008749-003/2024(H5N1)	188	3794
PB1|PP755595.1|A/cattle/Texas/24-008749-003/2024(H5N1)	189	3674
PB1|PP755595.1|A/cattle/Texas/24-008749-003/2024(H5N1)	190	3721
PB1|PP755595.1|A/cattle/Texas/24-008749-003/2024(H5N1)	191	3706
PB1|PP755595.1|A/cattle/Texas/24-008749-003/2024(H5N1)	192	3702
PB1|PP755595.1|A/cattle/Texas/24-008749-003/2024(H5N1)	193	3714
PB1|PP755595.1|A/cattle/Texas/24-008749-003/2024(H5N1)	194	3703
PB1|PP755595.1|A/cattle/Texas/24-008749-003/2024(H5N1)	195	3710
PB1|PP755595.1|A/cattle/Texas/24-008749-003/2024(H5N1)	196	3699
PB1|PP755595.1|A/cattle/Texas/24-008749-003/2024(H5N1)	197	3699
PB1|PP755595.1|A/cattle/Texas/24-008749-003/2024(H5N1)	198	3686
PB1|PP755595.1|A/cattle/Texas/24-008749-003/2024(H5N1)	199	3631
PB1|PP755595.1|A/cattle/Texas/24-008749-003/2024(H5N1)	200	3598
PB1|PP755595.1|A/cattle/Texas/24-008749-003/2024(H5N1)	201	3436
PB1|PP755595.1|A/cattle/Texas/24-008749-003/2024(H5N1)	202	3429
PB1|PP755595.1|A/cattle/Texas/24-008749-003/2024(H5N1)	203	3469
PB1|PP755595.1|A/cattle/Texas/24-008749-003/2024(H5N1)	204	3463
PB1|PP755595.1|A/cattle/Texas/24-008749-003/2024(H5N1)	205	3458
PB1|PP755595.1|A/cattle/Texas/24-008749-003/2024(H5N1)	206	3457
PB1|PP755595.1|A/cattle/Texas/24-008749-003/2024(H5N1)	207	3379
PB1|PP755595.1|A/cattle/Texas/24-008749-003/2024(H5N1)	208	3240
PB1|PP755595.1|A/cattle/Texas/24-008749-003/2024(H5N1)	209	3030
PB1|PP755595.1|A/cattle/Texas/24-008749-003/2024(H5N1)	210	2966
PB1|PP755595.1|A/cattle/Texas/24-008749-003/2024(H5N1)	211	2958
PB1|PP755595.1|A/cattle/Texas/24-008749-003/2024(H5N1)	212	2944
PB1|PP755595.1|A/cattle/Texas/24-008749-003/2024(H5N1)	213	2350
PB1|PP755595.1|A/cattle/Texas/24-008749-003/2024(H5N1)	214	2327
PB1|PP755595.1|A/cattle/Texas/24-008749-003/2024(H5N1)	215	2324
PB1|PP755595.1|A/cattle/Texas/24-008749-003/2024(H5N1)	216	2315
PB1|PP755595.1|A/cattle/Texas/24-008749-003/2024(H5N1)	217	2129
PB1|PP755595.1|A/cattle/Texas/24-008749-003/2024(H5N1)	218	2134
PB1|PP755595.1|A/cattle/Texas/24-008749-003/2024(H5N1)	219	2151
PB1|PP755595.1|A/cattle/Texas/24-008749-003/2024(H5N1)	220	2291
PB1|PP755595.1|A/cattle/Texas/24-008749-003/2024(H5N1)	221	2293
PB1|PP755595.1|A/cattle/Texas/24-008749-003/2024(H5N1)	222	2295
PB1|PP755595.1|A/cattle/Texas/24-008749-003/2024(H5N1)	223	2305
PB1|PP755595.1|A/cattle/Texas/24-008749-003/2024(H5N1)	224	2304
PB1|PP755595.1|A/cattle/Texas/24-008749-003/2024(H5N1)	225	2285
PB1|PP755595.1|A/cattle/Texas/24-008749-003/2024(H5N1)	226	2307
PB1|PP755595.1|A/cattle/Texas/24-008749-003/2024(H5N1)	227	2318
PB1|PP755595.1|A/cattle/Texas/24-008749-003/2024(H5N1)	228	2329
PB1|PP755595.1|A/cattle/Texas/24-008749-003/2024(H5N1)	229	2314
PB1|PP755595.1|A/cattle/Texas/24-008749-003/2024(H5N1)	230	2309
PB1|PP755595.1|A/cattle/Texas/24-008749-003/2024(H5N1)	231	2305
PB1|PP755595.1|A/cattle/Texas/24-008749-003/2024(H5N1)	232	2317
PB1|PP755595.1|A/cattle/Texas/24-008749-003/2024(H5N1)	233	2337
PB1|PP755595.1|A/cattle/Texas/24-008749-003/2024(H5N1)	234	2354
PB1|PP755595.1|A/cattle/Texas/24-008749-003/2024(H5N1)	235	2548
PB1|PP755595.1|A/cattle/Texas/24-008749-003/2024(H5N1)	236	2551
PB1|PP755595.1|A/cattle/Texas/24-008749-003/2024(H5N1)	237	2563
PB1|PP755595.1|A/cattle/Texas/24-008749-003/2024(H5N1)	238	2564
PB1|PP755595.1|A/cattle/Texas/24-008749-003/2024(H5N1)	239	2567
PB1|PP755595.1|A/cattle/Texas/24-008749-003/2024(H5N1)	240	2674
PB1|PP755595.1|A/cattle/Texas/24-008749-003/2024(H5N1)	241	2684
PB1|PP755595.1|A/cattle/Texas/24-008749-003/2024(H5N1)	242	2778
PB1|PP755595.1|A/cattle/Texas/24-008749-003/2024(H5N1)	243	2780
PB1|PP755595.1|A/cattle/Texas/24-008749-003/2024(H5N1)	244	2782
PB1|PP755595.1|A/cattle/Texas/24-008749-003/2024(H5N1)	245	2795
PB1|PP755595.1|A/cattle/Texas/24-008749-003/2024(H5N1)	246	2839
PB1|PP755595.1|A/cattle/Texas/24-008749-003/2024(H5N1)	247	2853
PB1|PP755595.1|A/cattle/Texas/24-008749-003/2024(H5N1)	248	2853
PB1|PP755595.1|A/cattle/Texas/24-008749-003/2024(H5N1)	249	2853
PB1|PP755595.1|A/cattle/Texas/24-008749-003/2024(H5N1)	250	2850
PB1|PP755595.1|A/cattle/Texas/24-008749-003/2024(H5N1)	251	2805
PB1|PP755595.1|A/cattle/Texas/24-008749-003/2024(H5N1)	252	2800
PB1|PP755595.1|A/cattle/Texas/24-008749-003/2024(H5N1)	253	2781
PB1|PP755595.1|A/cattle/Texas/24-008749-003/2024(H5N1)	254	2733
PB1|PP755595.1|A/cattle/Texas/24-008749-003/2024(H5N1)	255	2251
PB1|PP755595.1|A/cattle/Texas/24-008749-003/2024(H5N1)	256	2251
PB1|PP755595.1|A/cattle/Texas/24-008749-003/2024(H5N1)	257	2250
PB1|PP755595.1|A/cattle/Texas/24-008749-003/2024(H5N1)	258	2249
PB1|PP755595.1|A/cattle/Texas/24-008749-003/2024(H5N1)	259	2249
PB1|PP755595.1|A/cattle/Texas/24-008749-003/2024(H5N1)	260	2249
PB1|PP755595.1|A/cattle/Texas/24-008749-003/2024(H5N1)	261	2249
PB1|PP755595.1|A/cattle/Texas/24-008749-003/2024(H5N1)	262	2249
PB1|PP755595.1|A/cattle/Texas/24-008749-003/2024(H5N1)	263	2249
PB1|PP755595.1|A/cattle/Texas/24-008749-003/2024(H5N1)	264	2249
PB1|PP755595.1|A/cattle/Texas/24-008749-003/2024(H5N1)	265	2249
PB1|PP755595.1|A/cattle/Texas/24-008749-003/2024(H5N1)	266	2257
PB1|PP755595.1|A/cattle/Texas/24-008749-003/2024(H5N1)	267	2257
PB1|PP755595.1|A/cattle/Texas/24-008749-003/2024(H5N1)	268	2506
PB1|PP755595.1|A/cattle/Texas/24-008749-003/2024(H5N1)	269	2516
PB1|PP755595.1|A/cattle/Texas/24-008749-003/2024(H5N1)	270	2523
PB1|PP755595.1|A/cattle/Texas/24-008749-003/2024(H5N1)	271	2531
PB1|PP755595.1|A/cattle/Texas/24-008749-003/2024(H5N1)	272	2554
PB1|PP755595.1|A/cattle/Texas/24-008749-003/2024(H5N1)	273	2558
PB1|PP755595.1|A/cattle/Texas/24-008749-003/2024(H5N1)	274	2563
PB1|PP755595.1|A/cattle/Texas/24-008749-003/2024(H5N1)	275	2566
PB1|PP755595.1|A/cattle/Texas/24-008749-003/2024(H5N1)	276	2588
PB1|PP755595.1|A/cattle/Texas/24-008749-003/2024(H5N1)	277	2592
PB1|PP755595.1|A/cattle/Texas/24-008749-003/2024(H5N1)	278	2631
PB1|PP755595.1|A/cattle/Texas/24-008749-003/2024(H5N1)	279	2633
PB1|PP755595.1|A/cattle/Texas/24-008749-003/2024(H5N1)	280	2633
PB1|PP755595.1|A/cattle/Texas/24-008749-003/2024(H5N1)	281	2739
PB1|PP755595.1|A/cattle/Texas/24-008749-003/2024(H5N1)	282	2762
PB1|PP755595.1|A/cattle/Texas/24-008749-003/2024(H5N1)	283	2741
PB1|PP755595.1|A/cattle/Texas/24-008749-003/2024(H5N1)	284	2739
PB1|PP755595.1|A/cattle/Texas/24-008749-003/2024(H5N1)	285	2735
PB1|PP755595.1|A/cattle/Texas/24-008749-003/2024(H5N1)	286	2749
PB1|PP755595.1|A/cattle/Texas/24-008749-003/2024(H5N1)	287	2740
PB1|PP755595.1|A/cattle/Texas/24-008749-003/2024(H5N1)	288	2661
PB1|PP755595.1|A/cattle/Texas/24-008749-003/2024(H5N1)	289	2792
PB1|PP755595.1|A/cattle/Texas/24-008749-003/2024(H5N1)	290	2594
PB1|PP755595.1|A/cattle/Texas/24-008749-003/2024(H5N1)	291	2665
PB1|PP755595.1|A/cattle/Texas/24-008749-003/2024(H5N1)	292	2929
PB1|PP755595.1|A/cattle/Texas/24-008749-003/2024(H5N1)	293	2946
PB1|PP755595.1|A/cattle/Texas/24-008749-003/2024(H5N1)	294	2922
PB1|PP755595.1|A/cattle/Texas/24-008749-003/2024(H5N1)	295	3132
PB1|PP755595.1|A/cattle/Texas/24-008749-003/2024(H5N1)	296	3150
PB1|PP755595.1|A/cattle/Texas/24-008749-003/2024(H5N1)	297	3163
PB1|PP755595.1|A/cattle/Texas/24-008749-003/2024(H5N1)	298	3174
PB1|PP755595.1|A/cattle/Texas/24-008749-003/2024(H5N1)	299	3172
PB1|PP755595.1|A/cattle/Texas/24-008749-003/2024(H5N1)	300	3094
PB1|PP755595.1|A/cattle/Texas/24-008749-003/2024(H5N1)	301	3095
PB1|PP755595.1|A/cattle/Texas/24-008749-003/2024(H5N1)	302	3093
PB1|PP755595.1|A/cattle/Texas/24-008749-003/2024(H5N1)	303	3095
PB1|PP755595.1|A/cattle/Texas/24-008749-003/2024(H5N1)	304	3105
PB1|PP755595.1|A/cattle/Texas/24-008749-003/2024(H5N1)	305	3131
PB1|PP755595.1|A/cattle/Texas/24-008749-003/2024(H5N1)	306	3113
PB1|PP755595.1|A/cattle/Texas/24-008749-003/2024(H5N1)	307	3108
PB1|PP755595.1|A/cattle/Texas/24-008749-003/2024(H5N1)	308	3114
PB1|PP755595.1|A/cattle/Texas/24-008749-003/2024(H5N1)	309	3136
PB1|PP755595.1|A/cattle/Texas/24-008749-003/2024(H5N1)	310	3131
PB1|PP755595.1|A/cattle/Texas/24-008749-003/2024(H5N1)	311	3144
PB1|PP755595.1|A/cattle/Texas/24-008749-003/2024(H5N1)	312	3142
PB1|PP755595.1|A/cattle/Texas/24-008749-003/2024(H5N1)	313	3142
PB1|PP755595.1|A/cattle/Texas/24-008749-003/2024(H5N1)	314	3139
PB1|PP755595.1|A/cattle/Texas/24-008749-003/2024(H5N1)	315	3173
PB1|PP755595.1|A/cattle/Texas/24-008749-003/2024(H5N1)	316	3162
PB1|PP755595.1|A/cattle/Texas/24-008749-003/2024(H5N1)	317	3171
PB1|PP755595.1|A/cattle/Texas/24-008749-003/2024(H5N1)	318	3149
PB1|PP755595.1|A/cattle/Texas/24-008749-003/2024(H5N1)	319	3332
PB1|PP755595.1|A/cattle/Texas/24-008749-003/2024(H5N1)	320	3355
PB1|PP755595.1|A/cattle/Texas/24-008749-003/2024(H5N1)	321	3355
PB1|PP755595.1|A/cattle/Texas/24-008749-003/2024(H5N1)	322	3358
PB1|PP755595.1|A/cattle/Texas/24-008749-003/2024(H5N1)	323	3353
PB1|PP755595.1|A/cattle/Texas/24-008749-003/2024(H5N1)	324	3323
PB1|PP755595.1|A/cattle/Texas/24-008749-003/2024(H5N1)	325	3313
PB1|PP755595.1|A/cattle/Texas/24-008749-003/2024(H5N1)	326	3313
PB1|PP755595.1|A/cattle/Texas/24-008749-003/2024(H5N1)	327	3321
PB1|PP755595.1|A/cattle/Texas/24-008749-003/2024(H5N1)	328	3330
PB1|PP755595.1|A/cattle/Texas/24-008749-003/2024(H5N1)	329	3311
PB1|PP755595.1|A/cattle/Texas/24-008749-003/2024(H5N1)	330	3325
PB1|PP755595.1|A/cattle/Texas/24-008749-003/2024(H5N1)	331	2919
PB1|PP755595.1|A/cattle/Texas/24-008749-003/2024(H5N1)	332	2915
PB1|PP755595.1|A/cattle/Texas/24-008749-003/2024(H5N1)	333	2902
PB1|PP755595.1|A/cattle/Texas/24-008749-003/2024(H5N1)	334	2933
PB1|PP755595.1|A/cattle/Texas/24-008749-003/2024(H5N1)	335	2939
PB1|PP755595.1|A/cattle/Texas/24-008749-003/2024(H5N1)	336	2934
PB1|PP755595.1|A/cattle/Texas/24-008749-003/2024(H5N1)	337	2935
PB1|PP755595.1|A/cattle/Texas/24-008749-003/2024(H5N1)	338	2933
PB1|PP755595.1|A/cattle/Texas/24-008749-003/2024(H5N1)	339	2900
PB1|PP755595.1|A/cattle/Texas/24-008749-003/2024(H5N1)	340	2899
PB1|PP755595.1|A/cattle/Texas/24-008749-003/2024(H5N1)	341	2825
PB1|PP755595.1|A/cattle/Texas/24-008749-003/2024(H5N1)	342	2826
PB1|PP755595.1|A/cattle/Texas/24-008749-003/2024(H5N1)	343	2827
PB1|PP755595.1|A/cattle/Texas/24-008749-003/2024(H5N1)	344	2826
PB1|PP755595.1|A/cattle/Texas/24-008749-003/2024(H5N1)	345	2838
PB1|PP755595.1|A/cattle/Texas/24-008749-003/2024(H5N1)	346	2949
PB1|PP755595.1|A/cattle/Texas/24-008749-003/2024(H5N1)	347	2970
PB1|PP755595.1|A/cattle/Texas/24-008749-003/2024(H5N1)	348	2972
PB1|PP755595.1|A/cattle/Texas/24-008749-003/2024(H5N1)	349	2968
PB1|PP755595.1|A/cattle/Texas/24-008749-003/2024(H5N1)	350	2953
PB1|PP755595.1|A/cattle/Texas/24-008749-003/2024(H5N1)	351	2955
PB1|PP755595.1|A/cattle/Texas/24-008749-003/2024(H5N1)	352	2958
PB1|PP755595.1|A/cattle/Texas/24-008749-003/2024(H5N1)	353	2972
PB1|PP755595.1|A/cattle/Texas/24-008749-003/2024(H5N1)	354	2937
PB1|PP755595.1|A/cattle/Texas/24-008749-003/2024(H5N1)	355	2935
PB1|PP755595.1|A/cattle/Texas/24-008749-003/2024(H5N1)	356	2891
PB1|PP755595.1|A/cattle/Texas/24-008749-003/2024(H5N1)	357	2890
PB1|PP755595.1|A/cattle/Texas/24-008749-003/2024(H5N1)	358	2882
PB1|PP755595.1|A/cattle/Texas/24-008749-003/2024(H5N1)	359	2874
PB1|PP755595.1|A/cattle/Texas/24-008749-003/2024(H5N1)	360	2873
PB1|PP755595.1|A/cattle/Texas/24-008749-003/2024(H5N1)	361	2833
PB1|PP755595.1|A/cattle/Texas/24-008749-003/2024(H5N1)	362	2828
PB1|PP755595.1|A/cattle/Texas/24-008749-003/2024(H5N1)	363	2388
PB1|PP755595.1|A/cattle/Texas/24-008749-003/2024(H5N1)	364	2345
PB1|PP755595.1|A/cattle/Texas/24-008749-003/2024(H5N1)	365	2345
PB1|PP755595.1|A/cattle/Texas/24-008749-003/2024(H5N1)	366	2345
PB1|PP755595.1|A/cattle/Texas/24-008749-003/2024(H5N1)	367	2354
PB1|PP755595.1|A/cattle/Texas/24-008749-003/2024(H5N1)	368	2375
PB1|PP755595.1|A/cattle/Texas/24-008749-003/2024(H5N1)	369	2375
PB1|PP755595.1|A/cattle/Texas/24-008749-003/2024(H5N1)	370	2703
PB1|PP755595.1|A/cattle/Texas/24-008749-003/2024(H5N1)	371	2720
PB1|PP755595.1|A/cattle/Texas/24-008749-003/2024(H5N1)	372	2725
PB1|PP755595.1|A/cattle/Texas/24-008749-003/2024(H5N1)	373	2737
PB1|PP755595.1|A/cattle/Texas/24-008749-003/2024(H5N1)	374	2760
PB1|PP755595.1|A/cattle/Texas/24-008749-003/2024(H5N1)	375	2772
PB1|PP755595.1|A/cattle/Texas/24-008749-003/2024(H5N1)	376	2808
PB1|PP755595.1|A/cattle/Texas/24-008749-003/2024(H5N1)	377	2809
PB1|PP755595.1|A/cattle/Texas/24-008749-003/2024(H5N1)	378	2811
PB1|PP755595.1|A/cattle/Texas/24-008749-003/2024(H5N1)	379	2812
PB1|PP755595.1|A/cattle/Texas/24-008749-003/2024(H5N1)	380	2812
PB1|PP755595.1|A/cattle/Texas/24-008749-003/2024(H5N1)	381	2832
PB1|PP755595.1|A/cattle/Texas/24-008749-003/2024(H5N1)	382	2915
PB1|PP755595.1|A/cattle/Texas/24-008749-003/2024(H5N1)	383	2921
PB1|PP755595.1|A/cattle/Texas/24-008749-003/2024(H5N1)	384	2907
PB1|PP755595.1|A/cattle/Texas/24-008749-003/2024(H5N1)	385	2910
PB1|PP755595.1|A/cattle/Texas/24-008749-003/2024(H5N1)	386	2912
PB1|PP755595.1|A/cattle/Texas/24-008749-003/2024(H5N1)	387	2924
PB1|PP755595.1|A/cattle/Texas/24-008749-003/2024(H5N1)	388	2924
PB1|PP755595.1|A/cattle/Texas/24-008749-003/2024(H5N1)	389	2934
PB1|PP755595.1|A/cattle/Texas/24-008749-003/2024(H5N1)	390	2903
PB1|PP755595.1|A/cattle/Texas/24-008749-003/2024(H5N1)	391	2828
PB1|PP755595.1|A/cattle/Texas/24-008749-003/2024(H5N1)	392	2820
PB1|PP755595.1|A/cattle/Texas/24-008749-003/2024(H5N1)	393	2750
PB1|PP755595.1|A/cattle/Texas/24-008749-003/2024(H5N1)	394	2747
PB1|PP755595.1|A/cattle/Texas/24-008749-003/2024(H5N1)	395	2743
PB1|PP755595.1|A/cattle/Texas/24-008749-003/2024(H5N1)	396	2725
PB1|PP755595.1|A/cattle/Texas/24-008749-003/2024(H5N1)	397	2625
PB1|PP755595.1|A/cattle/Texas/24-008749-003/2024(H5N1)	398	2611
PB1|PP755595.1|A/cattle/Texas/24-008749-003/2024(H5N1)	399	2611
PB1|PP755595.1|A/cattle/Texas/24-008749-003/2024(H5N1)	400	2611
PB1|PP755595.1|A/cattle/Texas/24-008749-003/2024(H5N1)	401	2580
PB1|PP755595.1|A/cattle/Texas/24-008749-003/2024(H5N1)	402	2580
PB1|PP755595.1|A/cattle/Texas/24-008749-003/2024(H5N1)	403	2563
PB1|PP755595.1|A/cattle/Texas/24-008749-003/2024(H5N1)	404	2563
PB1|PP755595.1|A/cattle/Texas/24-008749-003/2024(H5N1)	405	2548
PB1|PP755595.1|A/cattle/Texas/24-008749-003/2024(H5N1)	406	2526
PB1|PP755595.1|A/cattle/Texas/24-008749-003/2024(H5N1)	407	2513
PB1|PP755595.1|A/cattle/Texas/24-008749-003/2024(H5N1)	408	2454
PB1|PP755595.1|A/cattle/Texas/24-008749-003/2024(H5N1)	409	2443
PB1|PP755595.1|A/cattle/Texas/24-008749-003/2024(H5N1)	410	2423
PB1|PP755595.1|A/cattle/Texas/24-008749-003/2024(H5N1)	411	2423
PB1|PP755595.1|A/cattle/Texas/24-008749-003/2024(H5N1)	412	2423
PB1|PP755595.1|A/cattle/Texas/24-008749-003/2024(H5N1)	413	2423
PB1|PP755595.1|A/cattle/Texas/24-008749-003/2024(H5N1)	414	2414
PB1|PP755595.1|A/cattle/Texas/24-008749-003/2024(H5N1)	415	2438
PB1|PP755595.1|A/cattle/Texas/24-008749-003/2024(H5N1)	416	2438
PB1|PP755595.1|A/cattle/Texas/24-008749-003/2024(H5N1)	417	2439
PB1|PP755595.1|A/cattle/Texas/24-008749-003/2024(H5N1)	418	2439
PB1|PP755595.1|A/cattle/Texas/24-008749-003/2024(H5N1)	419	2430
PB1|PP755595.1|A/cattle/Texas/24-008749-003/2024(H5N1)	420	2430
PB1|PP755595.1|A/cattle/Texas/24-008749-003/2024(H5N1)	421	2426
PB1|PP755595.1|A/cattle/Texas/24-008749-003/2024(H5N1)	422	2417
PB1|PP755595.1|A/cattle/Texas/24-008749-003/2024(H5N1)	423	2404
PB1|PP755595.1|A/cattle/Texas/24-008749-003/2024(H5N1)	424	2393
PB1|PP755595.1|A/cattle/Texas/24-008749-003/2024(H5N1)	425	2385
PB1|PP755595.1|A/cattle/Texas/24-008749-003/2024(H5N1)	426	1447
PB1|PP755595.1|A/cattle/Texas/24-008749-003/2024(H5N1)	427	1443
PB1|PP755595.1|A/cattle/Texas/24-008749-003/2024(H5N1)	428	1443
PB1|PP755595.1|A/cattle/Texas/24-008749-003/2024(H5N1)	429	1444
PB1|PP755595.1|A/cattle/Texas/24-008749-003/2024(H5N1)	430	1479
PB1|PP755595.1|A/cattle/Texas/24-008749-003/2024(H5N1)	431	1479
PB1|PP755595.1|A/cattle/Texas/24-008749-003/2024(H5N1)	432	1479
PB1|PP755595.1|A/cattle/Texas/24-008749-003/2024(H5N1)	433	1500
PB1|PP755595.1|A/cattle/Texas/24-008749-003/2024(H5N1)	434	1738
PB1|PP755595.1|A/cattle/Texas/24-008749-003/2024(H5N1)	435	1750
PB1|PP755595.1|A/cattle/Texas/24-008749-003/2024(H5N1)	436	2290
PB1|PP755595.1|A/cattle/Texas/24-008749-003/2024(H5N1)	437	2533
PB1|PP755595.1|A/cattle/Texas/24-008749-003/2024(H5N1)	438	2534
PB1|PP755595.1|A/cattle/Texas/24-008749-003/2024(H5N1)	439	2578
PB1|PP755595.1|A/cattle/Texas/24-008749-003/2024(H5N1)	440	2578
PB1|PP755595.1|A/cattle/Texas/24-008749-003/2024(H5N1)	441	2582
PB1|PP755595.1|A/cattle/Texas/24-008749-003/2024(H5N1)	442	2590
PB1|PP755595.1|A/cattle/Texas/24-008749-003/2024(H5N1)	443	2591
PB1|PP755595.1|A/cattle/Texas/24-008749-003/2024(H5N1)	444	2599
PB1|PP755595.1|A/cattle/Texas/24-008749-003/2024(H5N1)	445	2620
PB1|PP755595.1|A/cattle/Texas/24-008749-003/2024(H5N1)	446	2636
PB1|PP755595.1|A/cattle/Texas/24-008749-003/2024(H5N1)	447	2633
PB1|PP755595.1|A/cattle/Texas/24-008749-003/2024(H5N1)	448	2617
PB1|PP755595.1|A/cattle/Texas/24-008749-003/2024(H5N1)	449	2628
PB1|PP755595.1|A/cattle/Texas/24-008749-003/2024(H5N1)	450	2629
PB1|PP755595.1|A/cattle/Texas/24-008749-003/2024(H5N1)	451	2623
PB1|PP755595.1|A/cattle/Texas/24-008749-003/2024(H5N1)	452	2645
PB1|PP755595.1|A/cattle/Texas/24-008749-003/2024(H5N1)	453	2639
PB1|PP755595.1|A/cattle/Texas/24-008749-003/2024(H5N1)	454	2645
PB1|PP755595.1|A/cattle/Texas/24-008749-003/2024(H5N1)	455	2641
PB1|PP755595.1|A/cattle/Texas/24-008749-003/2024(H5N1)	456	2549
PB1|PP755595.1|A/cattle/Texas/24-008749-003/2024(H5N1)	457	2548
PB1|PP755595.1|A/cattle/Texas/24-008749-003/2024(H5N1)	458	2549
PB1|PP755595.1|A/cattle/Texas/24-008749-003/2024(H5N1)	459	2559
PB1|PP755595.1|A/cattle/Texas/24-008749-003/2024(H5N1)	460	2535
PB1|PP755595.1|A/cattle/Texas/24-008749-003/2024(H5N1)	461	2668
PB1|PP755595.1|A/cattle/Texas/24-008749-003/2024(H5N1)	462	2670
PB1|PP755595.1|A/cattle/Texas/24-008749-003/2024(H5N1)	463	2671
PB1|PP755595.1|A/cattle/Texas/24-008749-003/2024(H5N1)	464	2679
PB1|PP755595.1|A/cattle/Texas/24-008749-003/2024(H5N1)	465	2676
PB1|PP755595.1|A/cattle/Texas/24-008749-003/2024(H5N1)	466	2704
PB1|PP755595.1|A/cattle/Texas/24-008749-003/2024(H5N1)	467	2700
PB1|PP755595.1|A/cattle/Texas/24-008749-003/2024(H5N1)	468	2680
PB1|PP755595.1|A/cattle/Texas/24-008749-003/2024(H5N1)	469	2691
PB1|PP755595.1|A/cattle/Texas/24-008749-003/2024(H5N1)	470	2570
PB1|PP755595.1|A/cattle/Texas/24-008749-003/2024(H5N1)	471	2571
PB1|PP755595.1|A/cattle/Texas/24-008749-003/2024(H5N1)	472	2568
PB1|PP755595.1|A/cattle/Texas/24-008749-003/2024(H5N1)	473	2565
PB1|PP755595.1|A/cattle/Texas/24-008749-003/2024(H5N1)	474	2570
PB1|PP755595.1|A/cattle/Texas/24-008749-003/2024(H5N1)	475	2597
PB1|PP755595.1|A/cattle/Texas/24-008749-003/2024(H5N1)	476	2595
PB1|PP755595.1|A/cattle/Texas/24-008749-003/2024(H5N1)	477	2594
PB1|PP755595.1|A/cattle/Texas/24-008749-003/2024(H5N1)	478	2586
PB1|PP755595.1|A/cattle/Texas/24-008749-003/2024(H5N1)	479	2556
PB1|PP755595.1|A/cattle/Texas/24-008749-003/2024(H5N1)	480	2496
PB1|PP755595.1|A/cattle/Texas/24-008749-003/2024(H5N1)	481	2482
PB1|PP755595.1|A/cattle/Texas/24-008749-003/2024(H5N1)	482	2479
PB1|PP755595.1|A/cattle/Texas/24-008749-003/2024(H5N1)	483	2479
PB1|PP755595.1|A/cattle/Texas/24-008749-003/2024(H5N1)	484	2479
PB1|PP755595.1|A/cattle/Texas/24-008749-003/2024(H5N1)	485	2567
PB1|PP755595.1|A/cattle/Texas/24-008749-003/2024(H5N1)	486	2583
PB1|PP755595.1|A/cattle/Texas/24-008749-003/2024(H5N1)	487	2676
PB1|PP755595.1|A/cattle/Texas/24-008749-003/2024(H5N1)	488	2677
PB1|PP755595.1|A/cattle/Texas/24-008749-003/2024(H5N1)	489	2689
PB1|PP755595.1|A/cattle/Texas/24-008749-003/2024(H5N1)	490	2730
PB1|PP755595.1|A/cattle/Texas/24-008749-003/2024(H5N1)	491	2727
PB1|PP755595.1|A/cattle/Texas/24-008749-003/2024(H5N1)	492	2725
PB1|PP755595.1|A/cattle/Texas/24-008749-003/2024(H5N1)	493	2729
PB1|PP755595.1|A/cattle/Texas/24-008749-003/2024(H5N1)	494	2649
PB1|PP755595.1|A/cattle/Texas/24-008749-003/2024(H5N1)	495	2665
PB1|PP755595.1|A/cattle/Texas/24-008749-003/2024(H5N1)	496	2628
PB1|PP755595.1|A/cattle/Texas/24-008749-003/2024(H5N1)	497	2643
PB1|PP755595.1|A/cattle/Texas/24-008749-003/2024(H5N1)	498	2661
PB1|PP755595.1|A/cattle/Texas/24-008749-003/2024(H5N1)	499	2661
PB1|PP755595.1|A/cattle/Texas/24-008749-003/2024(H5N1)	500	2662
PB1|PP755595.1|A/cattle/Texas/24-008749-003/2024(H5N1)	501	2674
PB1|PP755595.1|A/cattle/Texas/24-008749-003/2024(H5N1)	502	2669
PB1|PP755595.1|A/cattle/Texas/24-008749-003/2024(H5N1)	503	2651
PB1|PP755595.1|A/cattle/Texas/24-008749-003/2024(H5N1)	504	2658
PB1|PP755595.1|A/cattle/Texas/24-008749-003/2024(H5N1)	505	2710
PB1|PP755595.1|A/cattle/Texas/24-008749-003/2024(H5N1)	506	2702
PB1|PP755595.1|A/cattle/Texas/24-008749-003/2024(H5N1)	507	2690
PB1|PP755595.1|A/cattle/Texas/24-008749-003/2024(H5N1)	508	2737
PB1|PP755595.1|A/cattle/Texas/24-008749-003/2024(H5N1)	509	2766
PB1|PP755595.1|A/cattle/Texas/24-008749-003/2024(H5N1)	510	2774
PB1|PP755595.1|A/cattle/Texas/24-008749-003/2024(H5N1)	511	2774
PB1|PP755595.1|A/cattle/Texas/24-008749-003/2024(H5N1)	512	2788
PB1|PP755595.1|A/cattle/Texas/24-008749-003/2024(H5N1)	513	2694
PB1|PP755595.1|A/cattle/Texas/24-008749-003/2024(H5N1)	514	2663
PB1|PP755595.1|A/cattle/Texas/24-008749-003/2024(H5N1)	515	2679
PB1|PP755595.1|A/cattle/Texas/24-008749-003/2024(H5N1)	516	2676
PB1|PP755595.1|A/cattle/Texas/24-008749-003/2024(H5N1)	517	2609
PB1|PP755595.1|A/cattle/Texas/24-008749-003/2024(H5N1)	518	2630
PB1|PP755595.1|A/cattle/Texas/24-008749-003/2024(H5N1)	519	2612
PB1|PP755595.1|A/cattle/Texas/24-008749-003/2024(H5N1)	520	2662
PB1|PP755595.1|A/cattle/Texas/24-008749-003/2024(H5N1)	521	2662
PB1|PP755595.1|A/cattle/Texas/24-008749-003/2024(H5N1)	522	2676
PB1|PP755595.1|A/cattle/Texas/24-008749-003/2024(H5N1)	523	2700
PB1|PP755595.1|A/cattle/Texas/24-008749-003/2024(H5N1)	524	2667
PB1|PP755595.1|A/cattle/Texas/24-008749-003/2024(H5N1)	525	2698
PB1|PP755595.1|A/cattle/Texas/24-008749-003/2024(H5N1)	526	2699
PB1|PP755595.1|A/cattle/Texas/24-008749-003/2024(H5N1)	527	2704
PB1|PP755595.1|A/cattle/Texas/24-008749-003/2024(H5N1)	528	2696
PB1|PP755595.1|A/cattle/Texas/24-008749-003/2024(H5N1)	529	2702
PB1|PP755595.1|A/cattle/Texas/24-008749-003/2024(H5N1)	530	2786
PB1|PP755595.1|A/cattle/Texas/24-008749-003/2024(H5N1)	531	2748
PB1|PP755595.1|A/cattle/Texas/24-008749-003/2024(H5N1)	532	2737
PB1|PP755595.1|A/cattle/Texas/24-008749-003/2024(H5N1)	533	2695
PB1|PP755595.1|A/cattle/Texas/24-008749-003/2024(H5N1)	534	2693
PB1|PP755595.1|A/cattle/Texas/24-008749-003/2024(H5N1)	535	2695
PB1|PP755595.1|A/cattle/Texas/24-008749-003/2024(H5N1)	536	2696
PB1|PP755595.1|A/cattle/Texas/24-008749-003/2024(H5N1)	537	2708
PB1|PP755595.1|A/cattle/Texas/24-008749-003/2024(H5N1)	538	2706
PB1|PP755595.1|A/cattle/Texas/24-008749-003/2024(H5N1)	539	2739
PB1|PP755595.1|A/cattle/Texas/24-008749-003/2024(H5N1)	540	2736
PB1|PP755595.1|A/cattle/Texas/24-008749-003/2024(H5N1)	541	2740
PB1|PP755595.1|A/cattle/Texas/24-008749-003/2024(H5N1)	542	2782
PB1|PP755595.1|A/cattle/Texas/24-008749-003/2024(H5N1)	543	2779
PB1|PP755595.1|A/cattle/Texas/24-008749-003/2024(H5N1)	544	2781
PB1|PP755595.1|A/cattle/Texas/24-008749-003/2024(H5N1)	545	2777
PB1|PP755595.1|A/cattle/Texas/24-008749-003/2024(H5N1)	546	2761
PB1|PP755595.1|A/cattle/Texas/24-008749-003/2024(H5N1)	547	2767
PB1|PP755595.1|A/cattle/Texas/24-008749-003/2024(H5N1)	548	2771
PB1|PP755595.1|A/cattle/Texas/24-008749-003/2024(H5N1)	549	2762
PB1|PP755595.1|A/cattle/Texas/24-008749-003/2024(H5N1)	550	2760
PB1|PP755595.1|A/cattle/Texas/24-008749-003/2024(H5N1)	551	2726
PB1|PP755595.1|A/cattle/Texas/24-008749-003/2024(H5N1)	552	2723
PB1|PP755595.1|A/cattle/Texas/24-008749-003/2024(H5N1)	553	2721
PB1|PP755595.1|A/cattle/Texas/24-008749-003/2024(H5N1)	554	2715
PB1|PP755595.1|A/cattle/Texas/24-008749-003/2024(H5N1)	555	2707
PB1|PP755595.1|A/cattle/Texas/24-008749-003/2024(H5N1)	556	2701
PB1|PP755595.1|A/cattle/Texas/24-008749-003/2024(H5N1)	557	2684
PB1|PP755595.1|A/cattle/Texas/24-008749-003/2024(H5N1)	558	2503
PB1|PP755595.1|A/cattle/Texas/24-008749-003/2024(H5N1)	559	2507
PB1|PP755595.1|A/cattle/Texas/24-008749-003/2024(H5N1)	560	2507
PB1|PP755595.1|A/cattle/Texas/24-008749-003/2024(H5N1)	561	2492
PB1|PP755595.1|A/cattle/Texas/24-008749-003/2024(H5N1)	562	2516
PB1|PP755595.1|A/cattle/Texas/24-008749-003/2024(H5N1)	563	2532
PB1|PP755595.1|A/cattle/Texas/24-008749-003/2024(H5N1)	564	2540
PB1|PP755595.1|A/cattle/Texas/24-008749-003/2024(H5N1)	565	2572
PB1|PP755595.1|A/cattle/Texas/24-008749-003/2024(H5N1)	566	2584
PB1|PP755595.1|A/cattle/Texas/24-008749-003/2024(H5N1)	567	2588
PB1|PP755595.1|A/cattle/Texas/24-008749-003/2024(H5N1)	568	2585
PB1|PP755595.1|A/cattle/Texas/24-008749-003/2024(H5N1)	569	2695
PB1|PP755595.1|A/cattle/Texas/24-008749-003/2024(H5N1)	570	2663
PB1|PP755595.1|A/cattle/Texas/24-008749-003/2024(H5N1)	571	2721
PB1|PP755595.1|A/cattle/Texas/24-008749-003/2024(H5N1)	572	2714
PB1|PP755595.1|A/cattle/Texas/24-008749-003/2024(H5N1)	573	2693
PB1|PP755595.1|A/cattle/Texas/24-008749-003/2024(H5N1)	574	2695
PB1|PP755595.1|A/cattle/Texas/24-008749-003/2024(H5N1)	575	2677
PB1|PP755595.1|A/cattle/Texas/24-008749-003/2024(H5N1)	576	2719
PB1|PP755595.1|A/cattle/Texas/24-008749-003/2024(H5N1)	577	2749
PB1|PP755595.1|A/cattle/Texas/24-008749-003/2024(H5N1)	578	2748
PB1|PP755595.1|A/cattle/Texas/24-008749-003/2024(H5N1)	579	2701
PB1|PP755595.1|A/cattle/Texas/24-008749-003/2024(H5N1)	580	2706
PB1|PP755595.1|A/cattle/Texas/24-008749-003/2024(H5N1)	581	2721
PB1|PP755595.1|A/cattle/Texas/24-008749-003/2024(H5N1)	582	2720
PB1|PP755595.1|A/cattle/Texas/24-008749-003/2024(H5N1)	583	2728
PB1|PP755595.1|A/cattle/Texas/24-008749-003/2024(H5N1)	584	2707
PB1|PP755595.1|A/cattle/Texas/24-008749-003/2024(H5N1)	585	2481
PB1|PP755595.1|A/cattle/Texas/24-008749-003/2024(H5N1)	586	2536
PB1|PP755595.1|A/cattle/Texas/24-008749-003/2024(H5N1)	587	2343
PB1|PP755595.1|A/cattle/Texas/24-008749-003/2024(H5N1)	588	2319
PB1|PP755595.1|A/cattle/Texas/24-008749-003/2024(H5N1)	589	2359
PB1|PP755595.1|A/cattle/Texas/24-008749-003/2024(H5N1)	590	2325
PB1|PP755595.1|A/cattle/Texas/24-008749-003/2024(H5N1)	591	2323
PB1|PP755595.1|A/cattle/Texas/24-008749-003/2024(H5N1)	592	2357
PB1|PP755595.1|A/cattle/Texas/24-008749-003/2024(H5N1)	593	2353
PB1|PP755595.1|A/cattle/Texas/24-008749-003/2024(H5N1)	594	2373
PB1|PP755595.1|A/cattle/Texas/24-008749-003/2024(H5N1)	595	2364
PB1|PP755595.1|A/cattle/Texas/24-008749-003/2024(H5N1)	596	2349
PB1|PP755595.1|A/cattle/Texas/24-008749-003/2024(H5N1)	597	2351
PB1|PP755595.1|A/cattle/Texas/24-008749-003/2024(H5N1)	598	2321
PB1|PP755595.1|A/cattle/Texas/24-008749-003/2024(H5N1)	599	2311
PB1|PP755595.1|A/cattle/Texas/24-008749-003/2024(H5N1)	600	2298
PB1|PP755595.1|A/cattle/Texas/24-008749-003/2024(H5N1)	601	2297
PB1|PP755595.1|A/cattle/Texas/24-008749-003/2024(H5N1)	602	2275
PB1|PP755595.1|A/cattle/Texas/24-008749-003/2024(H5N1)	603	2273
PB1|PP755595.1|A/cattle/Texas/24-008749-003/2024(H5N1)	604	2271
PB1|PP755595.1|A/cattle/Texas/24-008749-003/2024(H5N1)	605	2259
PB1|PP755595.1|A/cattle/Texas/24-008749-003/2024(H5N1)	606	2257
PB1|PP755595.1|A/cattle/Texas/24-008749-003/2024(H5N1)	607	1962
PB1|PP755595.1|A/cattle/Texas/24-008749-003/2024(H5N1)	608	1961
PB1|PP755595.1|A/cattle/Texas/24-008749-003/2024(H5N1)	609	1960
PB1|PP755595.1|A/cattle/Texas/24-008749-003/2024(H5N1)	610	1958
PB1|PP755595.1|A/cattle/Texas/24-008749-003/2024(H5N1)	611	1952
PB1|PP755595.1|A/cattle/Texas/24-008749-003/2024(H5N1)	612	1952
PB1|PP755595.1|A/cattle/Texas/24-008749-003/2024(H5N1)	613	2231
PB1|PP755595.1|A/cattle/Texas/24-008749-003/2024(H5N1)	614	2237
PB1|PP755595.1|A/cattle/Texas/24-008749-003/2024(H5N1)	615	2235
PB1|PP755595.1|A/cattle/Texas/24-008749-003/2024(H5N1)	616	2236
PB1|PP755595.1|A/cattle/Texas/24-008749-003/2024(H5N1)	617	2236
PB1|PP755595.1|A/cattle/Texas/24-008749-003/2024(H5N1)	618	2231
PB1|PP755595.1|A/cattle/Texas/24-008749-003/2024(H5N1)	619	2229
PB1|PP755595.1|A/cattle/Texas/24-008749-003/2024(H5N1)	620	2198
PB1|PP755595.1|A/cattle/Texas/24-008749-003/2024(H5N1)	621	2223
PB1|PP755595.1|A/cattle/Texas/24-008749-003/2024(H5N1)	622	2244
PB1|PP755595.1|A/cattle/Texas/24-008749-003/2024(H5N1)	623	2241
PB1|PP755595.1|A/cattle/Texas/24-008749-003/2024(H5N1)	624	2240
PB1|PP755595.1|A/cattle/Texas/24-008749-003/2024(H5N1)	625	2237
PB1|PP755595.1|A/cattle/Texas/24-008749-003/2024(H5N1)	626	2210
PB1|PP755595.1|A/cattle/Texas/24-008749-003/2024(H5N1)	627	2210
PB1|PP755595.1|A/cattle/Texas/24-008749-003/2024(H5N1)	628	2207
PB1|PP755595.1|A/cattle/Texas/24-008749-003/2024(H5N1)	629	2189
PB1|PP755595.1|A/cattle/Texas/24-008749-003/2024(H5N1)	630	2187
PB1|PP755595.1|A/cattle/Texas/24-008749-003/2024(H5N1)	631	2177
PB1|PP755595.1|A/cattle/Texas/24-008749-003/2024(H5N1)	632	2175
PB1|PP755595.1|A/cattle/Texas/24-008749-003/2024(H5N1)	633	2075
PB1|PP755595.1|A/cattle/Texas/24-008749-003/2024(H5N1)	634	2001
PB1|PP755595.1|A/cattle/Texas/24-008749-003/2024(H5N1)	635	2001
PB1|PP755595.1|A/cattle/Texas/24-008749-003/2024(H5N1)	636	2001
PB1|PP755595.1|A/cattle/Texas/24-008749-003/2024(H5N1)	637	2001
PB1|PP755595.1|A/cattle/Texas/24-008749-003/2024(H5N1)	638	2001
PB1|PP755595.1|A/cattle/Texas/24-008749-003/2024(H5N1)	639	1996
PB1|PP755595.1|A/cattle/Texas/24-008749-003/2024(H5N1)	640	1990
PB1|PP755595.1|A/cattle/Texas/24-008749-003/2024(H5N1)	641	1953
PB1|PP755595.1|A/cattle/Texas/24-008749-003/2024(H5N1)	642	1953
PB1|PP755595.1|A/cattle/Texas/24-008749-003/2024(H5N1)	643	1953
PB1|PP755595.1|A/cattle/Texas/24-008749-003/2024(H5N1)	644	1948
PB1|PP755595.1|A/cattle/Texas/24-008749-003/2024(H5N1)	645	1934
PB1|PP755595.1|A/cattle/Texas/24-008749-003/2024(H5N1)	646	1918
PB1|PP755595.1|A/cattle/Texas/24-008749-003/2024(H5N1)	647	1917
PB1|PP755595.1|A/cattle/Texas/24-008749-003/2024(H5N1)	648	1872
PB1|PP755595.1|A/cattle/Texas/24-008749-003/2024(H5N1)	649	1867
PB1|PP755595.1|A/cattle/Texas/24-008749-003/2024(H5N1)	650	1861
PB1|PP755595.1|A/cattle/Texas/24-008749-003/2024(H5N1)	651	1396
PB1|PP755595.1|A/cattle/Texas/24-008749-003/2024(H5N1)	652	1393
PB1|PP755595.1|A/cattle/Texas/24-008749-003/2024(H5N1)	653	1393
PB1|PP755595.1|A/cattle/Texas/24-008749-003/2024(H5N1)	654	1393
PB1|PP755595.1|A/cattle/Texas/24-008749-003/2024(H5N1)	655	1399
PB1|PP755595.1|A/cattle/Texas/24-008749-003/2024(H5N1)	656	1399
PB1|PP755595.1|A/cattle/Texas/24-008749-003/2024(H5N1)	657	1399
PB1|PP755595.1|A/cattle/Texas/24-008749-003/2024(H5N1)	658	1750
PB1|PP755595.1|A/cattle/Texas/24-008749-003/2024(H5N1)	659	1753
PB1|PP755595.1|A/cattle/Texas/24-008749-003/2024(H5N1)	660	1753
PB1|PP755595.1|A/cattle/Texas/24-008749-003/2024(H5N1)	661	1753
PB1|PP755595.1|A/cattle/Texas/24-008749-003/2024(H5N1)	662	1753
PB1|PP755595.1|A/cattle/Texas/24-008749-003/2024(H5N1)	663	1753
PB1|PP755595.1|A/cattle/Texas/24-008749-003/2024(H5N1)	664	1753
PB1|PP755595.1|A/cattle/Texas/24-008749-003/2024(H5N1)	665	1900
PB1|PP755595.1|A/cattle/Texas/24-008749-003/2024(H5N1)	666	1911
PB1|PP755595.1|A/cattle/Texas/24-008749-003/2024(H5N1)	667	1942
PB1|PP755595.1|A/cattle/Texas/24-008749-003/2024(H5N1)	668	1960
PB1|PP755595.1|A/cattle/Texas/24-008749-003/2024(H5N1)	669	1977
PB1|PP755595.1|A/cattle/Texas/24-008749-003/2024(H5N1)	670	1980
PB1|PP755595.1|A/cattle/Texas/24-008749-003/2024(H5N1)	671	1978
PB1|PP755595.1|A/cattle/Texas/24-008749-003/2024(H5N1)	672	1978
PB1|PP755595.1|A/cattle/Texas/24-008749-003/2024(H5N1)	673	1952
PB1|PP755595.1|A/cattle/Texas/24-008749-003/2024(H5N1)	674	1951
PB1|PP755595.1|A/cattle/Texas/24-008749-003/2024(H5N1)	675	1946
PB1|PP755595.1|A/cattle/Texas/24-008749-003/2024(H5N1)	676	2107
PB1|PP755595.1|A/cattle/Texas/24-008749-003/2024(H5N1)	677	2095
PB1|PP755595.1|A/cattle/Texas/24-008749-003/2024(H5N1)	678	2056
PB1|PP755595.1|A/cattle/Texas/24-008749-003/2024(H5N1)	679	2063
PB1|PP755595.1|A/cattle/Texas/24-008749-003/2024(H5N1)	680	2063
PB1|PP755595.1|A/cattle/Texas/24-008749-003/2024(H5N1)	681	1987
PB1|PP755595.1|A/cattle/Texas/24-008749-003/2024(H5N1)	682	1996
PB1|PP755595.1|A/cattle/Texas/24-008749-003/2024(H5N1)	683	1994
PB1|PP755595.1|A/cattle/Texas/24-008749-003/2024(H5N1)	684	1989
PB1|PP755595.1|A/cattle/Texas/24-008749-003/2024(H5N1)	685	1985
PB1|PP755595.1|A/cattle/Texas/24-008749-003/2024(H5N1)	686	1983
PB1|PP755595.1|A/cattle/Texas/24-008749-003/2024(H5N1)	687	1982
PB1|PP755595.1|A/cattle/Texas/24-008749-003/2024(H5N1)	688	1969
PB1|PP755595.1|A/cattle/Texas/24-008749-003/2024(H5N1)	689	1958
PB1|PP755595.1|A/cattle/Texas/24-008749-003/2024(H5N1)	690	1931
PB1|PP755595.1|A/cattle/Texas/24-008749-003/2024(H5N1)	691	1930
PB1|PP755595.1|A/cattle/Texas/24-008749-003/2024(H5N1)	692	1887
PB1|PP755595.1|A/cattle/Texas/24-008749-003/2024(H5N1)	693	1885
PB1|PP755595.1|A/cattle/Texas/24-008749-003/2024(H5N1)	694	1964
PB1|PP755595.1|A/cattle/Texas/24-008749-003/2024(H5N1)	695	1985
PB1|PP755595.1|A/cattle/Texas/24-008749-003/2024(H5N1)	696	1983
PB1|PP755595.1|A/cattle/Texas/24-008749-003/2024(H5N1)	697	1981
PB1|PP755595.1|A/cattle/Texas/24-008749-003/2024(H5N1)	698	1974
PB1|PP755595.1|A/cattle/Texas/24-008749-003/2024(H5N1)	699	1950
PB1|PP755595.1|A/cattle/Texas/24-008749-003/2024(H5N1)	700	1954
PB1|PP755595.1|A/cattle/Texas/24-008749-003/2024(H5N1)	701	1953
PB1|PP755595.1|A/cattle/Texas/24-008749-003/2024(H5N1)	702	1946
PB1|PP755595.1|A/cattle/Texas/24-008749-003/2024(H5N1)	703	1948
PB1|PP755595.1|A/cattle/Texas/24-008749-003/2024(H5N1)	704	1948
PB1|PP755595.1|A/cattle/Texas/24-008749-003/2024(H5N1)	705	1948
PB1|PP755595.1|A/cattle/Texas/24-008749-003/2024(H5N1)	706	1947
PB1|PP755595.1|A/cattle/Texas/24-008749-003/2024(H5N1)	707	1944
PB1|PP755595.1|A/cattle/Texas/24-008749-003/2024(H5N1)	708	1938
PB1|PP755595.1|A/cattle/Texas/24-008749-003/2024(H5N1)	709	1969
PB1|PP755595.1|A/cattle/Texas/24-008749-003/2024(H5N1)	710	1968
PB1|PP755595.1|A/cattle/Texas/24-008749-003/2024(H5N1)	711	1963
PB1|PP755595.1|A/cattle/Texas/24-008749-003/2024(H5N1)	712	1938
PB1|PP755595.1|A/cattle/Texas/24-008749-003/2024(H5N1)	713	1937
PB1|PP755595.1|A/cattle/Texas/24-008749-003/2024(H5N1)	714	1910
PB1|PP755595.1|A/cattle/Texas/24-008749-003/2024(H5N1)	715	1887
PB1|PP755595.1|A/cattle/Texas/24-008749-003/2024(H5N1)	716	1889
PB1|PP755595.1|A/cattle/Texas/24-008749-003/2024(H5N1)	717	1874
PB1|PP755595.1|A/cattle/Texas/24-008749-003/2024(H5N1)	718	1874
PB1|PP755595.1|A/cattle/Texas/24-008749-003/2024(H5N1)	719	1763
PB1|PP755595.1|A/cattle/Texas/24-008749-003/2024(H5N1)	720	1762
PB1|PP755595.1|A/cattle/Texas/24-008749-003/2024(H5N1)	721	1789
PB1|PP755595.1|A/cattle/Texas/24-008749-003/2024(H5N1)	722	1778
PB1|PP755595.1|A/cattle/Texas/24-008749-003/2024(H5N1)	723	1783
PB1|PP755595.1|A/cattle/Texas/24-008749-003/2024(H5N1)	724	1784
PB1|PP755595.1|A/cattle/Texas/24-008749-003/2024(H5N1)	725	1756
PB1|PP755595.1|A/cattle/Texas/24-008749-003/2024(H5N1)	726	1738
PB1|PP755595.1|A/cattle/Texas/24-008749-003/2024(H5N1)	727	1709
PB1|PP755595.1|A/cattle/Texas/24-008749-003/2024(H5N1)	728	1708
PB1|PP755595.1|A/cattle/Texas/24-008749-003/2024(H5N1)	729	1708
PB1|PP755595.1|A/cattle/Texas/24-008749-003/2024(H5N1)	730	1681
PB1|PP755595.1|A/cattle/Texas/24-008749-003/2024(H5N1)	731	1626
PB1|PP755595.1|A/cattle/Texas/24-008749-003/2024(H5N1)	732	1285
PB1|PP755595.1|A/cattle/Texas/24-008749-003/2024(H5N1)	733	1314
PB1|PP755595.1|A/cattle/Texas/24-008749-003/2024(H5N1)	734	1304
PB1|PP755595.1|A/cattle/Texas/24-008749-003/2024(H5N1)	735	1303
PB1|PP755595.1|A/cattle/Texas/24-008749-003/2024(H5N1)	736	1303
PB1|PP755595.1|A/cattle/Texas/24-008749-003/2024(H5N1)	737	1302
PB1|PP755595.1|A/cattle/Texas/24-008749-003/2024(H5N1)	738	1297
PB1|PP755595.1|A/cattle/Texas/24-008749-003/2024(H5N1)	739	1288
PB1|PP755595.1|A/cattle/Texas/24-008749-003/2024(H5N1)	740	1281
PB1|PP755595.1|A/cattle/Texas/24-008749-003/2024(H5N1)	741	1279
PB1|PP755595.1|A/cattle/Texas/24-008749-003/2024(H5N1)	742	1280
PB1|PP755595.1|A/cattle/Texas/24-008749-003/2024(H5N1)	743	1280
PB1|PP755595.1|A/cattle/Texas/24-008749-003/2024(H5N1)	744	1280
PB1|PP755595.1|A/cattle/Texas/24-008749-003/2024(H5N1)	745	1615
PB1|PP755595.1|A/cattle/Texas/24-008749-003/2024(H5N1)	746	1615
PB1|PP755595.1|A/cattle/Texas/24-008749-003/2024(H5N1)	747	1615
PB1|PP755595.1|A/cattle/Texas/24-008749-003/2024(H5N1)	748	1615
PB1|PP755595.1|A/cattle/Texas/24-008749-003/2024(H5N1)	749	1615
PB1|PP755595.1|A/cattle/Texas/24-008749-003/2024(H5N1)	750	1615
PB1|PP755595.1|A/cattle/Texas/24-008749-003/2024(H5N1)	751	1737
PB1|PP755595.1|A/cattle/Texas/24-008749-003/2024(H5N1)	752	1764
PB1|PP755595.1|A/cattle/Texas/24-008749-003/2024(H5N1)	753	1772
PB1|PP755595.1|A/cattle/Texas/24-008749-003/2024(H5N1)	754	1780
PB1|PP755595.1|A/cattle/Texas/24-008749-003/2024(H5N1)	755	1809
PB1|PP755595.1|A/cattle/Texas/24-008749-003/2024(H5N1)	756	1811
PB1|PP755595.1|A/cattle/Texas/24-008749-003/2024(H5N1)	757	1813
PB1|PP755595.1|A/cattle/Texas/24-008749-003/2024(H5N1)	758	1799
PB1|PP755595.1|A/cattle/Texas/24-008749-003/2024(H5N1)	759	1778
PB1|PP755595.1|A/cattle/Texas/24-008749-003/2024(H5N1)	760	1685
PB1|PP755595.1|A/cattle/Texas/24-008749-003/2024(H5N1)	761	1684
PB1|PP755595.1|A/cattle/Texas/24-008749-003/2024(H5N1)	762	1665
PB1|PP755595.1|A/cattle/Texas/24-008749-003/2024(H5N1)	763	1659
PB1|PP755595.1|A/cattle/Texas/24-008749-003/2024(H5N1)	764	1654
PB1|PP755595.1|A/cattle/Texas/24-008749-003/2024(H5N1)	765	1641
PB1|PP755595.1|A/cattle/Texas/24-008749-003/2024(H5N1)	766	1642
PB1|PP755595.1|A/cattle/Texas/24-008749-003/2024(H5N1)	767	1642
PB1|PP755595.1|A/cattle/Texas/24-008749-003/2024(H5N1)	768	1642
PB1|PP755595.1|A/cattle/Texas/24-008749-003/2024(H5N1)	769	1642
PB1|PP755595.1|A/cattle/Texas/24-008749-003/2024(H5N1)	770	1642
PB1|PP755595.1|A/cattle/Texas/24-008749-003/2024(H5N1)	771	1639
PB1|PP755595.1|A/cattle/Texas/24-008749-003/2024(H5N1)	772	1548
PB1|PP755595.1|A/cattle/Texas/24-008749-003/2024(H5N1)	773	1548
PB1|PP755595.1|A/cattle/Texas/24-008749-003/2024(H5N1)	774	1548
PB1|PP755595.1|A/cattle/Texas/24-008749-003/2024(H5N1)	775	1728
PB1|PP755595.1|A/cattle/Texas/24-008749-003/2024(H5N1)	776	1744
PB1|PP755595.1|A/cattle/Texas/24-008749-003/2024(H5N1)	777	1748
PB1|PP755595.1|A/cattle/Texas/24-008749-003/2024(H5N1)	778	1753
PB1|PP755595.1|A/cattle/Texas/24-008749-003/2024(H5N1)	779	1756
PB1|PP755595.1|A/cattle/Texas/24-008749-003/2024(H5N1)	780	1778
PB1|PP755595.1|A/cattle/Texas/24-008749-003/2024(H5N1)	781	1779
PB1|PP755595.1|A/cattle/Texas/24-008749-003/2024(H5N1)	782	1779
PB1|PP755595.1|A/cattle/Texas/24-008749-003/2024(H5N1)	783	1693
PB1|PP755595.1|A/cattle/Texas/24-008749-003/2024(H5N1)	784	1691
PB1|PP755595.1|A/cattle/Texas/24-008749-003/2024(H5N1)	785	1688
PB1|PP755595.1|A/cattle/Texas/24-008749-003/2024(H5N1)	786	1619
PB1|PP755595.1|A/cattle/Texas/24-008749-003/2024(H5N1)	787	1649
PB1|PP755595.1|A/cattle/Texas/24-008749-003/2024(H5N1)	788	1649
PB1|PP755595.1|A/cattle/Texas/24-008749-003/2024(H5N1)	789	1649
PB1|PP755595.1|A/cattle/Texas/24-008749-003/2024(H5N1)	790	1649
PB1|PP755595.1|A/cattle/Texas/24-008749-003/2024(H5N1)	791	1649
PB1|PP755595.1|A/cattle/Texas/24-008749-003/2024(H5N1)	792	1615
PB1|PP755595.1|A/cattle/Texas/24-008749-003/2024(H5N1)	793	1644
PB1|PP755595.1|A/cattle/Texas/24-008749-003/2024(H5N1)	794	1653
PB1|PP755595.1|A/cattle/Texas/24-008749-003/2024(H5N1)	795	1654
PB1|PP755595.1|A/cattle/Texas/24-008749-003/2024(H5N1)	796	1656
PB1|PP755595.1|A/cattle/Texas/24-008749-003/2024(H5N1)	797	1656
PB1|PP755595.1|A/cattle/Texas/24-008749-003/2024(H5N1)	798	1649
PB1|PP755595.1|A/cattle/Texas/24-008749-003/2024(H5N1)	799	1648
PB1|PP755595.1|A/cattle/Texas/24-008749-003/2024(H5N1)	800	1646
PB1|PP755595.1|A/cattle/Texas/24-008749-003/2024(H5N1)	801	1570
PB1|PP755595.1|A/cattle/Texas/24-008749-003/2024(H5N1)	802	1590
PB1|PP755595.1|A/cattle/Texas/24-008749-003/2024(H5N1)	803	1629
PB1|PP755595.1|A/cattle/Texas/24-008749-003/2024(H5N1)	804	1651
PB1|PP755595.1|A/cattle/Texas/24-008749-003/2024(H5N1)	805	1657
PB1|PP755595.1|A/cattle/Texas/24-008749-003/2024(H5N1)	806	1659
PB1|PP755595.1|A/cattle/Texas/24-008749-003/2024(H5N1)	807	1659
PB1|PP755595.1|A/cattle/Texas/24-008749-003/2024(H5N1)	808	1665
PB1|PP755595.1|A/cattle/Texas/24-008749-003/2024(H5N1)	809	1665
PB1|PP755595.1|A/cattle/Texas/24-008749-003/2024(H5N1)	810	1670
PB1|PP755595.1|A/cattle/Texas/24-008749-003/2024(H5N1)	811	1637
PB1|PP755595.1|A/cattle/Texas/24-008749-003/2024(H5N1)	812	1567
PB1|PP755595.1|A/cattle/Texas/24-008749-003/2024(H5N1)	813	1552
PB1|PP755595.1|A/cattle/Texas/24-008749-003/2024(H5N1)	814	1533
PB1|PP755595.1|A/cattle/Texas/24-008749-003/2024(H5N1)	815	1583
PB1|PP755595.1|A/cattle/Texas/24-008749-003/2024(H5N1)	816	1506
PB1|PP755595.1|A/cattle/Texas/24-008749-003/2024(H5N1)	817	1555
PB1|PP755595.1|A/cattle/Texas/24-008749-003/2024(H5N1)	818	1558
PB1|PP755595.1|A/cattle/Texas/24-008749-003/2024(H5N1)	819	1564
PB1|PP755595.1|A/cattle/Texas/24-008749-003/2024(H5N1)	820	1567
PB1|PP755595.1|A/cattle/Texas/24-008749-003/2024(H5N1)	821	1621
PB1|PP755595.1|A/cattle/Texas/24-008749-003/2024(H5N1)	822	1597
PB1|PP755595.1|A/cattle/Texas/24-008749-003/2024(H5N1)	823	1547
PB1|PP755595.1|A/cattle/Texas/24-008749-003/2024(H5N1)	824	1568
PB1|PP755595.1|A/cattle/Texas/24-008749-003/2024(H5N1)	825	1548
PB1|PP755595.1|A/cattle/Texas/24-008749-003/2024(H5N1)	826	1583
PB1|PP755595.1|A/cattle/Texas/24-008749-003/2024(H5N1)	827	1588
PB1|PP755595.1|A/cattle/Texas/24-008749-003/2024(H5N1)	828	1592
PB1|PP755595.1|A/cattle/Texas/24-008749-003/2024(H5N1)	829	1595
PB1|PP755595.1|A/cattle/Texas/24-008749-003/2024(H5N1)	830	1595
PB1|PP755595.1|A/cattle/Texas/24-008749-003/2024(H5N1)	831	1529
PB1|PP755595.1|A/cattle/Texas/24-008749-003/2024(H5N1)	832	1584
PB1|PP755595.1|A/cattle/Texas/24-008749-003/2024(H5N1)	833	1584
PB1|PP755595.1|A/cattle/Texas/24-008749-003/2024(H5N1)	834	1585
PB1|PP755595.1|A/cattle/Texas/24-008749-003/2024(H5N1)	835	1596
PB1|PP755595.1|A/cattle/Texas/24-008749-003/2024(H5N1)	836	1601
PB1|PP755595.1|A/cattle/Texas/24-008749-003/2024(H5N1)	837	1600
PB1|PP755595.1|A/cattle/Texas/24-008749-003/2024(H5N1)	838	1598
PB1|PP755595.1|A/cattle/Texas/24-008749-003/2024(H5N1)	839	1586
PB1|PP755595.1|A/cattle/Texas/24-008749-003/2024(H5N1)	840	1470
PB1|PP755595.1|A/cattle/Texas/24-008749-003/2024(H5N1)	841	1473
PB1|PP755595.1|A/cattle/Texas/24-008749-003/2024(H5N1)	842	1473
PB1|PP755595.1|A/cattle/Texas/24-008749-003/2024(H5N1)	843	1473
PB1|PP755595.1|A/cattle/Texas/24-008749-003/2024(H5N1)	844	1473
PB1|PP755595.1|A/cattle/Texas/24-008749-003/2024(H5N1)	845	1475
PB1|PP755595.1|A/cattle/Texas/24-008749-003/2024(H5N1)	846	1509
PB1|PP755595.1|A/cattle/Texas/24-008749-003/2024(H5N1)	847	1661
PB1|PP755595.1|A/cattle/Texas/24-008749-003/2024(H5N1)	848	1663
PB1|PP755595.1|A/cattle/Texas/24-008749-003/2024(H5N1)	849	1668
PB1|PP755595.1|A/cattle/Texas/24-008749-003/2024(H5N1)	850	1670
PB1|PP755595.1|A/cattle/Texas/24-008749-003/2024(H5N1)	851	1670
PB1|PP755595.1|A/cattle/Texas/24-008749-003/2024(H5N1)	852	1671
PB1|PP755595.1|A/cattle/Texas/24-008749-003/2024(H5N1)	853	1676
PB1|PP755595.1|A/cattle/Texas/24-008749-003/2024(H5N1)	854	1814
PB1|PP755595.1|A/cattle/Texas/24-008749-003/2024(H5N1)	855	1816
PB1|PP755595.1|A/cattle/Texas/24-008749-003/2024(H5N1)	856	1819
PB1|PP755595.1|A/cattle/Texas/24-008749-003/2024(H5N1)	857	1820
PB1|PP755595.1|A/cattle/Texas/24-008749-003/2024(H5N1)	858	1821
PB1|PP755595.1|A/cattle/Texas/24-008749-003/2024(H5N1)	859	1821
PB1|PP755595.1|A/cattle/Texas/24-008749-003/2024(H5N1)	860	1832
PB1|PP755595.1|A/cattle/Texas/24-008749-003/2024(H5N1)	861	1848
PB1|PP755595.1|A/cattle/Texas/24-008749-003/2024(H5N1)	862	1844
PB1|PP755595.1|A/cattle/Texas/24-008749-003/2024(H5N1)	863	1847
PB1|PP755595.1|A/cattle/Texas/24-008749-003/2024(H5N1)	864	1890
PB1|PP755595.1|A/cattle/Texas/24-008749-003/2024(H5N1)	865	1901
PB1|PP755595.1|A/cattle/Texas/24-008749-003/2024(H5N1)	866	1927
PB1|PP755595.1|A/cattle/Texas/24-008749-003/2024(H5N1)	867	1928
PB1|PP755595.1|A/cattle/Texas/24-008749-003/2024(H5N1)	868	1932
PB1|PP755595.1|A/cattle/Texas/24-008749-003/2024(H5N1)	869	1938
PB1|PP755595.1|A/cattle/Texas/24-008749-003/2024(H5N1)	870	1951
PB1|PP755595.1|A/cattle/Texas/24-008749-003/2024(H5N1)	871	2005
PB1|PP755595.1|A/cattle/Texas/24-008749-003/2024(H5N1)	872	1960
PB1|PP755595.1|A/cattle/Texas/24-008749-003/2024(H5N1)	873	1953
PB1|PP755595.1|A/cattle/Texas/24-008749-003/2024(H5N1)	874	1952
PB1|PP755595.1|A/cattle/Texas/24-008749-003/2024(H5N1)	875	1938
PB1|PP755595.1|A/cattle/Texas/24-008749-003/2024(H5N1)	876	1756
PB1|PP755595.1|A/cattle/Texas/24-008749-003/2024(H5N1)	877	1805
PB1|PP755595.1|A/cattle/Texas/24-008749-003/2024(H5N1)	878	1824
PB1|PP755595.1|A/cattle/Texas/24-008749-003/2024(H5N1)	879	1930
PB1|PP755595.1|A/cattle/Texas/24-008749-003/2024(H5N1)	880	2095
PB1|PP755595.1|A/cattle/Texas/24-008749-003/2024(H5N1)	881	2096
PB1|PP755595.1|A/cattle/Texas/24-008749-003/2024(H5N1)	882	2101
PB1|PP755595.1|A/cattle/Texas/24-008749-003/2024(H5N1)	883	2112
PB1|PP755595.1|A/cattle/Texas/24-008749-003/2024(H5N1)	884	2338
PB1|PP755595.1|A/cattle/Texas/24-008749-003/2024(H5N1)	885	2342
PB1|PP755595.1|A/cattle/Texas/24-008749-003/2024(H5N1)	886	2361
PB1|PP755595.1|A/cattle/Texas/24-008749-003/2024(H5N1)	887	2364
PB1|PP755595.1|A/cattle/Texas/24-008749-003/2024(H5N1)	888	2373
PB1|PP755595.1|A/cattle/Texas/24-008749-003/2024(H5N1)	889	2451
PB1|PP755595.1|A/cattle/Texas/24-008749-003/2024(H5N1)	890	2457
PB1|PP755595.1|A/cattle/Texas/24-008749-003/2024(H5N1)	891	2472
PB1|PP755595.1|A/cattle/Texas/24-008749-003/2024(H5N1)	892	2416
PB1|PP755595.1|A/cattle/Texas/24-008749-003/2024(H5N1)	893	2297
PB1|PP755595.1|A/cattle/Texas/24-008749-003/2024(H5N1)	894	2349
PB1|PP755595.1|A/cattle/Texas/24-008749-003/2024(H5N1)	895	2345
PB1|PP755595.1|A/cattle/Texas/24-008749-003/2024(H5N1)	896	2376
PB1|PP755595.1|A/cattle/Texas/24-008749-003/2024(H5N1)	897	2259
PB1|PP755595.1|A/cattle/Texas/24-008749-003/2024(H5N1)	898	2266
PB1|PP755595.1|A/cattle/Texas/24-008749-003/2024(H5N1)	899	2267
PB1|PP755595.1|A/cattle/Texas/24-008749-003/2024(H5N1)	900	2269
PB1|PP755595.1|A/cattle/Texas/24-008749-003/2024(H5N1)	901	2270
PB1|PP755595.1|A/cattle/Texas/24-008749-003/2024(H5N1)	902	2292
PB1|PP755595.1|A/cattle/Texas/24-008749-003/2024(H5N1)	903	2277
PB1|PP755595.1|A/cattle/Texas/24-008749-003/2024(H5N1)	904	2271
PB1|PP755595.1|A/cattle/Texas/24-008749-003/2024(H5N1)	905	2239
PB1|PP755595.1|A/cattle/Texas/24-008749-003/2024(H5N1)	906	2039
PB1|PP755595.1|A/cattle/Texas/24-008749-003/2024(H5N1)	907	2055
PB1|PP755595.1|A/cattle/Texas/24-008749-003/2024(H5N1)	908	2070
PB1|PP755595.1|A/cattle/Texas/24-008749-003/2024(H5N1)	909	2071
PB1|PP755595.1|A/cattle/Texas/24-008749-003/2024(H5N1)	910	2128
PB1|PP755595.1|A/cattle/Texas/24-008749-003/2024(H5N1)	911	2129
PB1|PP755595.1|A/cattle/Texas/24-008749-003/2024(H5N1)	912	2244
PB1|PP755595.1|A/cattle/Texas/24-008749-003/2024(H5N1)	913	2260
PB1|PP755595.1|A/cattle/Texas/24-008749-003/2024(H5N1)	914	2275
PB1|PP755595.1|A/cattle/Texas/24-008749-003/2024(H5N1)	915	2279
PB1|PP755595.1|A/cattle/Texas/24-008749-003/2024(H5N1)	916	2285
PB1|PP755595.1|A/cattle/Texas/24-008749-003/2024(H5N1)	917	2298
PB1|PP755595.1|A/cattle/Texas/24-008749-003/2024(H5N1)	918	2445
PB1|PP755595.1|A/cattle/Texas/24-008749-003/2024(H5N1)	919	2447
PB1|PP755595.1|A/cattle/Texas/24-008749-003/2024(H5N1)	920	2456
PB1|PP755595.1|A/cattle/Texas/24-008749-003/2024(H5N1)	921	2457
PB1|PP755595.1|A/cattle/Texas/24-008749-003/2024(H5N1)	922	2466
PB1|PP755595.1|A/cattle/Texas/24-008749-003/2024(H5N1)	923	2477
PB1|PP755595.1|A/cattle/Texas/24-008749-003/2024(H5N1)	924	2485
PB1|PP755595.1|A/cattle/Texas/24-008749-003/2024(H5N1)	925	2498
PB1|PP755595.1|A/cattle/Texas/24-008749-003/2024(H5N1)	926	2499
PB1|PP755595.1|A/cattle/Texas/24-008749-003/2024(H5N1)	927	2522
PB1|PP755595.1|A/cattle/Texas/24-008749-003/2024(H5N1)	928	2519
PB1|PP755595.1|A/cattle/Texas/24-008749-003/2024(H5N1)	929	2520
PB1|PP755595.1|A/cattle/Texas/24-008749-003/2024(H5N1)	930	2520
PB1|PP755595.1|A/cattle/Texas/24-008749-003/2024(H5N1)	931	2503
PB1|PP755595.1|A/cattle/Texas/24-008749-003/2024(H5N1)	932	2497
PB1|PP755595.1|A/cattle/Texas/24-008749-003/2024(H5N1)	933	2506
PB1|PP755595.1|A/cattle/Texas/24-008749-003/2024(H5N1)	934	2535
PB1|PP755595.1|A/cattle/Texas/24-008749-003/2024(H5N1)	935	2534
PB1|PP755595.1|A/cattle/Texas/24-008749-003/2024(H5N1)	936	2468
PB1|PP755595.1|A/cattle/Texas/24-008749-003/2024(H5N1)	937	2468
PB1|PP755595.1|A/cattle/Texas/24-008749-003/2024(H5N1)	938	2470
PB1|PP755595.1|A/cattle/Texas/24-008749-003/2024(H5N1)	939	2493
PB1|PP755595.1|A/cattle/Texas/24-008749-003/2024(H5N1)	940	2523
PB1|PP755595.1|A/cattle/Texas/24-008749-003/2024(H5N1)	941	2535
PB1|PP755595.1|A/cattle/Texas/24-008749-003/2024(H5N1)	942	2539
PB1|PP755595.1|A/cattle/Texas/24-008749-003/2024(H5N1)	943	2559
PB1|PP755595.1|A/cattle/Texas/24-008749-003/2024(H5N1)	944	2561
PB1|PP755595.1|A/cattle/Texas/24-008749-003/2024(H5N1)	945	2571
PB1|PP755595.1|A/cattle/Texas/24-008749-003/2024(H5N1)	946	2573
PB1|PP755595.1|A/cattle/Texas/24-008749-003/2024(H5N1)	947	2580
PB1|PP755595.1|A/cattle/Texas/24-008749-003/2024(H5N1)	948	2600
PB1|PP755595.1|A/cattle/Texas/24-008749-003/2024(H5N1)	949	2601
PB1|PP755595.1|A/cattle/Texas/24-008749-003/2024(H5N1)	950	2604
PB1|PP755595.1|A/cattle/Texas/24-008749-003/2024(H5N1)	951	2632
PB1|PP755595.1|A/cattle/Texas/24-008749-003/2024(H5N1)	952	2628
PB1|PP755595.1|A/cattle/Texas/24-008749-003/2024(H5N1)	953	2645
PB1|PP755595.1|A/cattle/Texas/24-008749-003/2024(H5N1)	954	2610
PB1|PP755595.1|A/cattle/Texas/24-008749-003/2024(H5N1)	955	2605
PB1|PP755595.1|A/cattle/Texas/24-008749-003/2024(H5N1)	956	2610
PB1|PP755595.1|A/cattle/Texas/24-008749-003/2024(H5N1)	957	2621
PB1|PP755595.1|A/cattle/Texas/24-008749-003/2024(H5N1)	958	2623
PB1|PP755595.1|A/cattle/Texas/24-008749-003/2024(H5N1)	959	2612
PB1|PP755595.1|A/cattle/Texas/24-008749-003/2024(H5N1)	960	2605
PB1|PP755595.1|A/cattle/Texas/24-008749-003/2024(H5N1)	961	2609
PB1|PP755595.1|A/cattle/Texas/24-008749-003/2024(H5N1)	962	2651
PB1|PP755595.1|A/cattle/Texas/24-008749-003/2024(H5N1)	963	2713
PB1|PP755595.1|A/cattle/Texas/24-008749-003/2024(H5N1)	964	2713
PB1|PP755595.1|A/cattle/Texas/24-008749-003/2024(H5N1)	965	2719
PB1|PP755595.1|A/cattle/Texas/24-008749-003/2024(H5N1)	966	2660
PB1|PP755595.1|A/cattle/Texas/24-008749-003/2024(H5N1)	967	2657
PB1|PP755595.1|A/cattle/Texas/24-008749-003/2024(H5N1)	968	2637
PB1|PP755595.1|A/cattle/Texas/24-008749-003/2024(H5N1)	969	2637
PB1|PP755595.1|A/cattle/Texas/24-008749-003/2024(H5N1)	970	2632
PB1|PP755595.1|A/cattle/Texas/24-008749-003/2024(H5N1)	971	2577
PB1|PP755595.1|A/cattle/Texas/24-008749-003/2024(H5N1)	972	2478
PB1|PP755595.1|A/cattle/Texas/24-008749-003/2024(H5N1)	973	2413
PB1|PP755595.1|A/cattle/Texas/24-008749-003/2024(H5N1)	974	2403
PB1|PP755595.1|A/cattle/Texas/24-008749-003/2024(H5N1)	975	2394
PB1|PP755595.1|A/cattle/Texas/24-008749-003/2024(H5N1)	976	2499
PB1|PP755595.1|A/cattle/Texas/24-008749-003/2024(H5N1)	977	2499
PB1|PP755595.1|A/cattle/Texas/24-008749-003/2024(H5N1)	978	2496
PB1|PP755595.1|A/cattle/Texas/24-008749-003/2024(H5N1)	979	2492
PB1|PP755595.1|A/cattle/Texas/24-008749-003/2024(H5N1)	980	2488
PB1|PP755595.1|A/cattle/Texas/24-008749-003/2024(H5N1)	981	2437
PB1|PP755595.1|A/cattle/Texas/24-008749-003/2024(H5N1)	982	2481
PB1|PP755595.1|A/cattle/Texas/24-008749-003/2024(H5N1)	983	2490
PB1|PP755595.1|A/cattle/Texas/24-008749-003/2024(H5N1)	984	2513
PB1|PP755595.1|A/cattle/Texas/24-008749-003/2024(H5N1)	985	2514
PB1|PP755595.1|A/cattle/Texas/24-008749-003/2024(H5N1)	986	2518
PB1|PP755595.1|A/cattle/Texas/24-008749-003/2024(H5N1)	987	2513
PB1|PP755595.1|A/cattle/Texas/24-008749-003/2024(H5N1)	988	2530
PB1|PP755595.1|A/cattle/Texas/24-008749-003/2024(H5N1)	989	2526
PB1|PP755595.1|A/cattle/Texas/24-008749-003/2024(H5N1)	990	2499
PB1|PP755595.1|A/cattle/Texas/24-008749-003/2024(H5N1)	991	2505
PB1|PP755595.1|A/cattle/Texas/24-008749-003/2024(H5N1)	992	2505
PB1|PP755595.1|A/cattle/Texas/24-008749-003/2024(H5N1)	993	2504
PB1|PP755595.1|A/cattle/Texas/24-008749-003/2024(H5N1)	994	2493
PB1|PP755595.1|A/cattle/Texas/24-008749-003/2024(H5N1)	995	2471
PB1|PP755595.1|A/cattle/Texas/24-008749-003/2024(H5N1)	996	2468
PB1|PP755595.1|A/cattle/Texas/24-008749-003/2024(H5N1)	997	2393
PB1|PP755595.1|A/cattle/Texas/24-008749-003/2024(H5N1)	998	2393
PB1|PP755595.1|A/cattle/Texas/24-008749-003/2024(H5N1)	999	2366
PB1|PP755595.1|A/cattle/Texas/24-008749-003/2024(H5N1)	1000	2362
PB1|PP755595.1|A/cattle/Texas/24-008749-003/2024(H5N1)	1001	2362
PB1|PP755595.1|A/cattle/Texas/24-008749-003/2024(H5N1)	1002	2362
PB1|PP755595.1|A/cattle/Texas/24-008749-003/2024(H5N1)	1003	2517
PB1|PP755595.1|A/cattle/Texas/24-008749-003/2024(H5N1)	1004	2517
PB1|PP755595.1|A/cattle/Texas/24-008749-003/2024(H5N1)	1005	2377
PB1|PP755595.1|A/cattle/Texas/24-008749-003/2024(H5N1)	1006	2375
PB1|PP755595.1|A/cattle/Texas/24-008749-003/2024(H5N1)	1007	2374
PB1|PP755595.1|A/cattle/Texas/24-008749-003/2024(H5N1)	1008	2373
PB1|PP755595.1|A/cattle/Texas/24-008749-003/2024(H5N1)	1009	2504
PB1|PP755595.1|A/cattle/Texas/24-008749-003/2024(H5N1)	1010	2488
PB1|PP755595.1|A/cattle/Texas/24-008749-003/2024(H5N1)	1011	2476
PB1|PP755595.1|A/cattle/Texas/24-008749-003/2024(H5N1)	1012	2475
PB1|PP755595.1|A/cattle/Texas/24-008749-003/2024(H5N1)	1013	2474
PB1|PP755595.1|A/cattle/Texas/24-008749-003/2024(H5N1)	1014	2470
PB1|PP755595.1|A/cattle/Texas/24-008749-003/2024(H5N1)	1015	2484
PB1|PP755595.1|A/cattle/Texas/24-008749-003/2024(H5N1)	1016	2475
PB1|PP755595.1|A/cattle/Texas/24-008749-003/2024(H5N1)	1017	2446
PB1|PP755595.1|A/cattle/Texas/24-008749-003/2024(H5N1)	1018	2445
PB1|PP755595.1|A/cattle/Texas/24-008749-003/2024(H5N1)	1019	2441
PB1|PP755595.1|A/cattle/Texas/24-008749-003/2024(H5N1)	1020	2421
PB1|PP755595.1|A/cattle/Texas/24-008749-003/2024(H5N1)	1021	2571
PB1|PP755595.1|A/cattle/Texas/24-008749-003/2024(H5N1)	1022	2556
PB1|PP755595.1|A/cattle/Texas/24-008749-003/2024(H5N1)	1023	2554
PB1|PP755595.1|A/cattle/Texas/24-008749-003/2024(H5N1)	1024	2573
PB1|PP755595.1|A/cattle/Texas/24-008749-003/2024(H5N1)	1025	2571
PB1|PP755595.1|A/cattle/Texas/24-008749-003/2024(H5N1)	1026	2552
PB1|PP755595.1|A/cattle/Texas/24-008749-003/2024(H5N1)	1027	2533
PB1|PP755595.1|A/cattle/Texas/24-008749-003/2024(H5N1)	1028	2470
PB1|PP755595.1|A/cattle/Texas/24-008749-003/2024(H5N1)	1029	2454
PB1|PP755595.1|A/cattle/Texas/24-008749-003/2024(H5N1)	1030	2356
PB1|PP755595.1|A/cattle/Texas/24-008749-003/2024(H5N1)	1031	2239
PB1|PP755595.1|A/cattle/Texas/24-008749-003/2024(H5N1)	1032	2217
PB1|PP755595.1|A/cattle/Texas/24-008749-003/2024(H5N1)	1033	2187
PB1|PP755595.1|A/cattle/Texas/24-008749-003/2024(H5N1)	1034	1996
PB1|PP755595.1|A/cattle/Texas/24-008749-003/2024(H5N1)	1035	1988
PB1|PP755595.1|A/cattle/Texas/24-008749-003/2024(H5N1)	1036	2022
PB1|PP755595.1|A/cattle/Texas/24-008749-003/2024(H5N1)	1037	2009
PB1|PP755595.1|A/cattle/Texas/24-008749-003/2024(H5N1)	1038	2007
PB1|PP755595.1|A/cattle/Texas/24-008749-003/2024(H5N1)	1039	2004
PB1|PP755595.1|A/cattle/Texas/24-008749-003/2024(H5N1)	1040	1938
PB1|PP755595.1|A/cattle/Texas/24-008749-003/2024(H5N1)	1041	1937
PB1|PP755595.1|A/cattle/Texas/24-008749-003/2024(H5N1)	1042	1923
PB1|PP755595.1|A/cattle/Texas/24-008749-003/2024(H5N1)	1043	1921
PB1|PP755595.1|A/cattle/Texas/24-008749-003/2024(H5N1)	1044	1919
PB1|PP755595.1|A/cattle/Texas/24-008749-003/2024(H5N1)	1045	1869
PB1|PP755595.1|A/cattle/Texas/24-008749-003/2024(H5N1)	1046	1835
PB1|PP755595.1|A/cattle/Texas/24-008749-003/2024(H5N1)	1047	1582
PB1|PP755595.1|A/cattle/Texas/24-008749-003/2024(H5N1)	1048	1579
PB1|PP755595.1|A/cattle/Texas/24-008749-003/2024(H5N1)	1049	1577
PB1|PP755595.1|A/cattle/Texas/24-008749-003/2024(H5N1)	1050	1576
PB1|PP755595.1|A/cattle/Texas/24-008749-003/2024(H5N1)	1051	1571
PB1|PP755595.1|A/cattle/Texas/24-008749-003/2024(H5N1)	1052	1573
PB1|PP755595.1|A/cattle/Texas/24-008749-003/2024(H5N1)	1053	1553
PB1|PP755595.1|A/cattle/Texas/24-008749-003/2024(H5N1)	1054	1554
PB1|PP755595.1|A/cattle/Texas/24-008749-003/2024(H5N1)	1055	1554
PB1|PP755595.1|A/cattle/Texas/24-008749-003/2024(H5N1)	1056	1554
PB1|PP755595.1|A/cattle/Texas/24-008749-003/2024(H5N1)	1057	1753
PB1|PP755595.1|A/cattle/Texas/24-008749-003/2024(H5N1)	1058	1753
PB1|PP755595.1|A/cattle/Texas/24-008749-003/2024(H5N1)	1059	1753
PB1|PP755595.1|A/cattle/Texas/24-008749-003/2024(H5N1)	1060	1753
PB1|PP755595.1|A/cattle/Texas/24-008749-003/2024(H5N1)	1061	1753
PB1|PP755595.1|A/cattle/Texas/24-008749-003/2024(H5N1)	1062	1752
PB1|PP755595.1|A/cattle/Texas/24-008749-003/2024(H5N1)	1063	1969
PB1|PP755595.1|A/cattle/Texas/24-008749-003/2024(H5N1)	1064	1982
PB1|PP755595.1|A/cattle/Texas/24-008749-003/2024(H5N1)	1065	1984
PB1|PP755595.1|A/cattle/Texas/24-008749-003/2024(H5N1)	1066	1987
PB1|PP755595.1|A/cattle/Texas/24-008749-003/2024(H5N1)	1067	1987
PB1|PP755595.1|A/cattle/Texas/24-008749-003/2024(H5N1)	1068	1980
PB1|PP755595.1|A/cattle/Texas/24-008749-003/2024(H5N1)	1069	1834
PB1|PP755595.1|A/cattle/Texas/24-008749-003/2024(H5N1)	1070	1832
PB1|PP755595.1|A/cattle/Texas/24-008749-003/2024(H5N1)	1071	1823
PB1|PP755595.1|A/cattle/Texas/24-008749-003/2024(H5N1)	1072	1924
PB1|PP755595.1|A/cattle/Texas/24-008749-003/2024(H5N1)	1073	1927
PB1|PP755595.1|A/cattle/Texas/24-008749-003/2024(H5N1)	1074	1946
PB1|PP755595.1|A/cattle/Texas/24-008749-003/2024(H5N1)	1075	1946
PB1|PP755595.1|A/cattle/Texas/24-008749-003/2024(H5N1)	1076	1944
PB1|PP755595.1|A/cattle/Texas/24-008749-003/2024(H5N1)	1077	1923
PB1|PP755595.1|A/cattle/Texas/24-008749-003/2024(H5N1)	1078	1918
PB1|PP755595.1|A/cattle/Texas/24-008749-003/2024(H5N1)	1079	1917
PB1|PP755595.1|A/cattle/Texas/24-008749-003/2024(H5N1)	1080	1926
PB1|PP755595.1|A/cattle/Texas/24-008749-003/2024(H5N1)	1081	1932
PB1|PP755595.1|A/cattle/Texas/24-008749-003/2024(H5N1)	1082	1940
PB1|PP755595.1|A/cattle/Texas/24-008749-003/2024(H5N1)	1083	1915
PB1|PP755595.1|A/cattle/Texas/24-008749-003/2024(H5N1)	1084	1906
PB1|PP755595.1|A/cattle/Texas/24-008749-003/2024(H5N1)	1085	1899
PB1|PP755595.1|A/cattle/Texas/24-008749-003/2024(H5N1)	1086	1890
PB1|PP755595.1|A/cattle/Texas/24-008749-003/2024(H5N1)	1087	1889
PB1|PP755595.1|A/cattle/Texas/24-008749-003/2024(H5N1)	1088	1887
PB1|PP755595.1|A/cattle/Texas/24-008749-003/2024(H5N1)	1089	1880
PB1|PP755595.1|A/cattle/Texas/24-008749-003/2024(H5N1)	1090	1775
PB1|PP755595.1|A/cattle/Texas/24-008749-003/2024(H5N1)	1091	1763
PB1|PP755595.1|A/cattle/Texas/24-008749-003/2024(H5N1)	1092	1752
PB1|PP755595.1|A/cattle/Texas/24-008749-003/2024(H5N1)	1093	1791
PB1|PP755595.1|A/cattle/Texas/24-008749-003/2024(H5N1)	1094	1792
PB1|PP755595.1|A/cattle/Texas/24-008749-003/2024(H5N1)	1095	1808
PB1|PP755595.1|A/cattle/Texas/24-008749-003/2024(H5N1)	1096	1979
PB1|PP755595.1|A/cattle/Texas/24-008749-003/2024(H5N1)	1097	2057
PB1|PP755595.1|A/cattle/Texas/24-008749-003/2024(H5N1)	1098	2097
PB1|PP755595.1|A/cattle/Texas/24-008749-003/2024(H5N1)	1099	2121
PB1|PP755595.1|A/cattle/Texas/24-008749-003/2024(H5N1)	1100	2184
PB1|PP755595.1|A/cattle/Texas/24-008749-003/2024(H5N1)	1101	2185
PB1|PP755595.1|A/cattle/Texas/24-008749-003/2024(H5N1)	1102	2166
PB1|PP755595.1|A/cattle/Texas/24-008749-003/2024(H5N1)	1103	2199
PB1|PP755595.1|A/cattle/Texas/24-008749-003/2024(H5N1)	1104	2187
PB1|PP755595.1|A/cattle/Texas/24-008749-003/2024(H5N1)	1105	2187
PB1|PP755595.1|A/cattle/Texas/24-008749-003/2024(H5N1)	1106	2154
PB1|PP755595.1|A/cattle/Texas/24-008749-003/2024(H5N1)	1107	2132
PB1|PP755595.1|A/cattle/Texas/24-008749-003/2024(H5N1)	1108	2152
PB1|PP755595.1|A/cattle/Texas/24-008749-003/2024(H5N1)	1109	2153
PB1|PP755595.1|A/cattle/Texas/24-008749-003/2024(H5N1)	1110	2153
PB1|PP755595.1|A/cattle/Texas/24-008749-003/2024(H5N1)	1111	2153
PB1|PP755595.1|A/cattle/Texas/24-008749-003/2024(H5N1)	1112	2154
PB1|PP755595.1|A/cattle/Texas/24-008749-003/2024(H5N1)	1113	2112
PB1|PP755595.1|A/cattle/Texas/24-008749-003/2024(H5N1)	1114	2054
PB1|PP755595.1|A/cattle/Texas/24-008749-003/2024(H5N1)	1115	2029
PB1|PP755595.1|A/cattle/Texas/24-008749-003/2024(H5N1)	1116	2020
PB1|PP755595.1|A/cattle/Texas/24-008749-003/2024(H5N1)	1117	1992
PB1|PP755595.1|A/cattle/Texas/24-008749-003/2024(H5N1)	1118	1982
PB1|PP755595.1|A/cattle/Texas/24-008749-003/2024(H5N1)	1119	1582
PB1|PP755595.1|A/cattle/Texas/24-008749-003/2024(H5N1)	1120	1582
PB1|PP755595.1|A/cattle/Texas/24-008749-003/2024(H5N1)	1121	1582
PB1|PP755595.1|A/cattle/Texas/24-008749-003/2024(H5N1)	1122	1578
PB1|PP755595.1|A/cattle/Texas/24-008749-003/2024(H5N1)	1123	1578
PB1|PP755595.1|A/cattle/Texas/24-008749-003/2024(H5N1)	1124	1578
PB1|PP755595.1|A/cattle/Texas/24-008749-003/2024(H5N1)	1125	1578
PB1|PP755595.1|A/cattle/Texas/24-008749-003/2024(H5N1)	1126	1578
PB1|PP755595.1|A/cattle/Texas/24-008749-003/2024(H5N1)	1127	1578
PB1|PP755595.1|A/cattle/Texas/24-008749-003/2024(H5N1)	1128	1578
PB1|PP755595.1|A/cattle/Texas/24-008749-003/2024(H5N1)	1129	1578
PB1|PP755595.1|A/cattle/Texas/24-008749-003/2024(H5N1)	1130	1578
PB1|PP755595.1|A/cattle/Texas/24-008749-003/2024(H5N1)	1131	1578
PB1|PP755595.1|A/cattle/Texas/24-008749-003/2024(H5N1)	1132	1578
PB1|PP755595.1|A/cattle/Texas/24-008749-003/2024(H5N1)	1133	1579
PB1|PP755595.1|A/cattle/Texas/24-008749-003/2024(H5N1)	1134	1579
PB1|PP755595.1|A/cattle/Texas/24-008749-003/2024(H5N1)	1135	2380
PB1|PP755595.1|A/cattle/Texas/24-008749-003/2024(H5N1)	1136	2384
PB1|PP755595.1|A/cattle/Texas/24-008749-003/2024(H5N1)	1137	2394
PB1|PP755595.1|A/cattle/Texas/24-008749-003/2024(H5N1)	1138	2408
PB1|PP755595.1|A/cattle/Texas/24-008749-003/2024(H5N1)	1139	2424
PB1|PP755595.1|A/cattle/Texas/24-008749-003/2024(H5N1)	1140	2440
PB1|PP755595.1|A/cattle/Texas/24-008749-003/2024(H5N1)	1141	2440
PB1|PP755595.1|A/cattle/Texas/24-008749-003/2024(H5N1)	1142	2443
PB1|PP755595.1|A/cattle/Texas/24-008749-003/2024(H5N1)	1143	2452
PB1|PP755595.1|A/cattle/Texas/24-008749-003/2024(H5N1)	1144	2454
PB1|PP755595.1|A/cattle/Texas/24-008749-003/2024(H5N1)	1145	2470
PB1|PP755595.1|A/cattle/Texas/24-008749-003/2024(H5N1)	1146	2474
PB1|PP755595.1|A/cattle/Texas/24-008749-003/2024(H5N1)	1147	2478
PB1|PP755595.1|A/cattle/Texas/24-008749-003/2024(H5N1)	1148	2481
PB1|PP755595.1|A/cattle/Texas/24-008749-003/2024(H5N1)	1149	2485
PB1|PP755595.1|A/cattle/Texas/24-008749-003/2024(H5N1)	1150	2486
PB1|PP755595.1|A/cattle/Texas/24-008749-003/2024(H5N1)	1151	2517
PB1|PP755595.1|A/cattle/Texas/24-008749-003/2024(H5N1)	1152	2517
PB1|PP755595.1|A/cattle/Texas/24-008749-003/2024(H5N1)	1153	2520
PB1|PP755595.1|A/cattle/Texas/24-008749-003/2024(H5N1)	1154	2521
PB1|PP755595.1|A/cattle/Texas/24-008749-003/2024(H5N1)	1155	2519
PB1|PP755595.1|A/cattle/Texas/24-008749-003/2024(H5N1)	1156	2502
PB1|PP755595.1|A/cattle/Texas/24-008749-003/2024(H5N1)	1157	2432
PB1|PP755595.1|A/cattle/Texas/24-008749-003/2024(H5N1)	1158	2454
PB1|PP755595.1|A/cattle/Texas/24-008749-003/2024(H5N1)	1159	2470
PB1|PP755595.1|A/cattle/Texas/24-008749-003/2024(H5N1)	1160	2470
PB1|PP755595.1|A/cattle/Texas/24-008749-003/2024(H5N1)	1161	2470
PB1|PP755595.1|A/cattle/Texas/24-008749-003/2024(H5N1)	1162	2484
PB1|PP755595.1|A/cattle/Texas/24-008749-003/2024(H5N1)	1163	2493
PB1|PP755595.1|A/cattle/Texas/24-008749-003/2024(H5N1)	1164	2429
PB1|PP755595.1|A/cattle/Texas/24-008749-003/2024(H5N1)	1165	2427
PB1|PP755595.1|A/cattle/Texas/24-008749-003/2024(H5N1)	1166	2427
PB1|PP755595.1|A/cattle/Texas/24-008749-003/2024(H5N1)	1167	2114
PB1|PP755595.1|A/cattle/Texas/24-008749-003/2024(H5N1)	1168	2114
PB1|PP755595.1|A/cattle/Texas/24-008749-003/2024(H5N1)	1169	2114
PB1|PP755595.1|A/cattle/Texas/24-008749-003/2024(H5N1)	1170	2114
PB1|PP755595.1|A/cattle/Texas/24-008749-003/2024(H5N1)	1171	2127
PB1|PP755595.1|A/cattle/Texas/24-008749-003/2024(H5N1)	1172	2154
PB1|PP755595.1|A/cattle/Texas/24-008749-003/2024(H5N1)	1173	2172
PB1|PP755595.1|A/cattle/Texas/24-008749-003/2024(H5N1)	1174	2244
PB1|PP755595.1|A/cattle/Texas/24-008749-003/2024(H5N1)	1175	2244
PB1|PP755595.1|A/cattle/Texas/24-008749-003/2024(H5N1)	1176	2253
PB1|PP755595.1|A/cattle/Texas/24-008749-003/2024(H5N1)	1177	2254
PB1|PP755595.1|A/cattle/Texas/24-008749-003/2024(H5N1)	1178	2280
PB1|PP755595.1|A/cattle/Texas/24-008749-003/2024(H5N1)	1179	2298
PB1|PP755595.1|A/cattle/Texas/24-008749-003/2024(H5N1)	1180	2388
PB1|PP755595.1|A/cattle/Texas/24-008749-003/2024(H5N1)	1181	2401
PB1|PP755595.1|A/cattle/Texas/24-008749-003/2024(H5N1)	1182	2407
PB1|PP755595.1|A/cattle/Texas/24-008749-003/2024(H5N1)	1183	2521
PB1|PP755595.1|A/cattle/Texas/24-008749-003/2024(H5N1)	1184	2531
PB1|PP755595.1|A/cattle/Texas/24-008749-003/2024(H5N1)	1185	2571
PB1|PP755595.1|A/cattle/Texas/24-008749-003/2024(H5N1)	1186	2602
PB1|PP755595.1|A/cattle/Texas/24-008749-003/2024(H5N1)	1187	2605
PB1|PP755595.1|A/cattle/Texas/24-008749-003/2024(H5N1)	1188	2621
PB1|PP755595.1|A/cattle/Texas/24-008749-003/2024(H5N1)	1189	2633
PB1|PP755595.1|A/cattle/Texas/24-008749-003/2024(H5N1)	1190	2635
PB1|PP755595.1|A/cattle/Texas/24-008749-003/2024(H5N1)	1191	2672
PB1|PP755595.1|A/cattle/Texas/24-008749-003/2024(H5N1)	1192	2672
PB1|PP755595.1|A/cattle/Texas/24-008749-003/2024(H5N1)	1193	2622
PB1|PP755595.1|A/cattle/Texas/24-008749-003/2024(H5N1)	1194	2620
PB1|PP755595.1|A/cattle/Texas/24-008749-003/2024(H5N1)	1195	2606
PB1|PP755595.1|A/cattle/Texas/24-008749-003/2024(H5N1)	1196	2604
PB1|PP755595.1|A/cattle/Texas/24-008749-003/2024(H5N1)	1197	2507
PB1|PP755595.1|A/cattle/Texas/24-008749-003/2024(H5N1)	1198	2507
PB1|PP755595.1|A/cattle/Texas/24-008749-003/2024(H5N1)	1199	2511
PB1|PP755595.1|A/cattle/Texas/24-008749-003/2024(H5N1)	1200	2511
PB1|PP755595.1|A/cattle/Texas/24-008749-003/2024(H5N1)	1201	2775
PB1|PP755595.1|A/cattle/Texas/24-008749-003/2024(H5N1)	1202	2792
PB1|PP755595.1|A/cattle/Texas/24-008749-003/2024(H5N1)	1203	2815
PB1|PP755595.1|A/cattle/Texas/24-008749-003/2024(H5N1)	1204	2819
PB1|PP755595.1|A/cattle/Texas/24-008749-003/2024(H5N1)	1205	2887
PB1|PP755595.1|A/cattle/Texas/24-008749-003/2024(H5N1)	1206	2898
PB1|PP755595.1|A/cattle/Texas/24-008749-003/2024(H5N1)	1207	2916
PB1|PP755595.1|A/cattle/Texas/24-008749-003/2024(H5N1)	1208	2912
PB1|PP755595.1|A/cattle/Texas/24-008749-003/2024(H5N1)	1209	2670
PB1|PP755595.1|A/cattle/Texas/24-008749-003/2024(H5N1)	1210	2670
PB1|PP755595.1|A/cattle/Texas/24-008749-003/2024(H5N1)	1211	2819
PB1|PP755595.1|A/cattle/Texas/24-008749-003/2024(H5N1)	1212	2855
PB1|PP755595.1|A/cattle/Texas/24-008749-003/2024(H5N1)	1213	2872
PB1|PP755595.1|A/cattle/Texas/24-008749-003/2024(H5N1)	1214	2877
PB1|PP755595.1|A/cattle/Texas/24-008749-003/2024(H5N1)	1215	2890
PB1|PP755595.1|A/cattle/Texas/24-008749-003/2024(H5N1)	1216	2905
PB1|PP755595.1|A/cattle/Texas/24-008749-003/2024(H5N1)	1217	2930
PB1|PP755595.1|A/cattle/Texas/24-008749-003/2024(H5N1)	1218	2933
PB1|PP755595.1|A/cattle/Texas/24-008749-003/2024(H5N1)	1219	2939
PB1|PP755595.1|A/cattle/Texas/24-008749-003/2024(H5N1)	1220	2893
PB1|PP755595.1|A/cattle/Texas/24-008749-003/2024(H5N1)	1221	2917
PB1|PP755595.1|A/cattle/Texas/24-008749-003/2024(H5N1)	1222	2947
PB1|PP755595.1|A/cattle/Texas/24-008749-003/2024(H5N1)	1223	2953
PB1|PP755595.1|A/cattle/Texas/24-008749-003/2024(H5N1)	1224	2953
PB1|PP755595.1|A/cattle/Texas/24-008749-003/2024(H5N1)	1225	2930
PB1|PP755595.1|A/cattle/Texas/24-008749-003/2024(H5N1)	1226	2928
PB1|PP755595.1|A/cattle/Texas/24-008749-003/2024(H5N1)	1227	2922
PB1|PP755595.1|A/cattle/Texas/24-008749-003/2024(H5N1)	1228	2955
PB1|PP755595.1|A/cattle/Texas/24-008749-003/2024(H5N1)	1229	2969
PB1|PP755595.1|A/cattle/Texas/24-008749-003/2024(H5N1)	1230	2964
PB1|PP755595.1|A/cattle/Texas/24-008749-003/2024(H5N1)	1231	2982
PB1|PP755595.1|A/cattle/Texas/24-008749-003/2024(H5N1)	1232	2989
PB1|PP755595.1|A/cattle/Texas/24-008749-003/2024(H5N1)	1233	3055
PB1|PP755595.1|A/cattle/Texas/24-008749-003/2024(H5N1)	1234	3070
PB1|PP755595.1|A/cattle/Texas/24-008749-003/2024(H5N1)	1235	3100
PB1|PP755595.1|A/cattle/Texas/24-008749-003/2024(H5N1)	1236	3103
PB1|PP755595.1|A/cattle/Texas/24-008749-003/2024(H5N1)	1237	3087
PB1|PP755595.1|A/cattle/Texas/24-008749-003/2024(H5N1)	1238	3076
PB1|PP755595.1|A/cattle/Texas/24-008749-003/2024(H5N1)	1239	3076
PB1|PP755595.1|A/cattle/Texas/24-008749-003/2024(H5N1)	1240	3100
PB1|PP755595.1|A/cattle/Texas/24-008749-003/2024(H5N1)	1241	3085
PB1|PP755595.1|A/cattle/Texas/24-008749-003/2024(H5N1)	1242	3096
PB1|PP755595.1|A/cattle/Texas/24-008749-003/2024(H5N1)	1243	3153
PB1|PP755595.1|A/cattle/Texas/24-008749-003/2024(H5N1)	1244	3117
PB1|PP755595.1|A/cattle/Texas/24-008749-003/2024(H5N1)	1245	3158
PB1|PP755595.1|A/cattle/Texas/24-008749-003/2024(H5N1)	1246	3179
PB1|PP755595.1|A/cattle/Texas/24-008749-003/2024(H5N1)	1247	3292
PB1|PP755595.1|A/cattle/Texas/24-008749-003/2024(H5N1)	1248	3214
PB1|PP755595.1|A/cattle/Texas/24-008749-003/2024(H5N1)	1249	3158
PB1|PP755595.1|A/cattle/Texas/24-008749-003/2024(H5N1)	1250	3135
PB1|PP755595.1|A/cattle/Texas/24-008749-003/2024(H5N1)	1251	3059
PB1|PP755595.1|A/cattle/Texas/24-008749-003/2024(H5N1)	1252	3055
PB1|PP755595.1|A/cattle/Texas/24-008749-003/2024(H5N1)	1253	3049
PB1|PP755595.1|A/cattle/Texas/24-008749-003/2024(H5N1)	1254	2368
PB1|PP755595.1|A/cattle/Texas/24-008749-003/2024(H5N1)	1255	2365
PB1|PP755595.1|A/cattle/Texas/24-008749-003/2024(H5N1)	1256	2461
PB1|PP755595.1|A/cattle/Texas/24-008749-003/2024(H5N1)	1257	2461
PB1|PP755595.1|A/cattle/Texas/24-008749-003/2024(H5N1)	1258	3054
PB1|PP755595.1|A/cattle/Texas/24-008749-003/2024(H5N1)	1259	3074
PB1|PP755595.1|A/cattle/Texas/24-008749-003/2024(H5N1)	1260	3076
PB1|PP755595.1|A/cattle/Texas/24-008749-003/2024(H5N1)	1261	3083
PB1|PP755595.1|A/cattle/Texas/24-008749-003/2024(H5N1)	1262	3091
PB1|PP755595.1|A/cattle/Texas/24-008749-003/2024(H5N1)	1263	3091
PB1|PP755595.1|A/cattle/Texas/24-008749-003/2024(H5N1)	1264	3138
PB1|PP755595.1|A/cattle/Texas/24-008749-003/2024(H5N1)	1265	3135
PB1|PP755595.1|A/cattle/Texas/24-008749-003/2024(H5N1)	1266	3133
PB1|PP755595.1|A/cattle/Texas/24-008749-003/2024(H5N1)	1267	3158
PB1|PP755595.1|A/cattle/Texas/24-008749-003/2024(H5N1)	1268	3163
PB1|PP755595.1|A/cattle/Texas/24-008749-003/2024(H5N1)	1269	3193
PB1|PP755595.1|A/cattle/Texas/24-008749-003/2024(H5N1)	1270	3224
PB1|PP755595.1|A/cattle/Texas/24-008749-003/2024(H5N1)	1271	3226
PB1|PP755595.1|A/cattle/Texas/24-008749-003/2024(H5N1)	1272	3233
PB1|PP755595.1|A/cattle/Texas/24-008749-003/2024(H5N1)	1273	3234
PB1|PP755595.1|A/cattle/Texas/24-008749-003/2024(H5N1)	1274	3276
PB1|PP755595.1|A/cattle/Texas/24-008749-003/2024(H5N1)	1275	3272
PB1|PP755595.1|A/cattle/Texas/24-008749-003/2024(H5N1)	1276	3196
PB1|PP755595.1|A/cattle/Texas/24-008749-003/2024(H5N1)	1277	3190
PB1|PP755595.1|A/cattle/Texas/24-008749-003/2024(H5N1)	1278	3183
PB1|PP755595.1|A/cattle/Texas/24-008749-003/2024(H5N1)	1279	3187
PB1|PP755595.1|A/cattle/Texas/24-008749-003/2024(H5N1)	1280	3258
PB1|PP755595.1|A/cattle/Texas/24-008749-003/2024(H5N1)	1281	3240
PB1|PP755595.1|A/cattle/Texas/24-008749-003/2024(H5N1)	1282	3247
PB1|PP755595.1|A/cattle/Texas/24-008749-003/2024(H5N1)	1283	3245
PB1|PP755595.1|A/cattle/Texas/24-008749-003/2024(H5N1)	1284	3254
PB1|PP755595.1|A/cattle/Texas/24-008749-003/2024(H5N1)	1285	3261
PB1|PP755595.1|A/cattle/Texas/24-008749-003/2024(H5N1)	1286	3250
PB1|PP755595.1|A/cattle/Texas/24-008749-003/2024(H5N1)	1287	3280
PB1|PP755595.1|A/cattle/Texas/24-008749-003/2024(H5N1)	1288	3281
PB1|PP755595.1|A/cattle/Texas/24-008749-003/2024(H5N1)	1289	3269
PB1|PP755595.1|A/cattle/Texas/24-008749-003/2024(H5N1)	1290	3268
PB1|PP755595.1|A/cattle/Texas/24-008749-003/2024(H5N1)	1291	3267
PB1|PP755595.1|A/cattle/Texas/24-008749-003/2024(H5N1)	1292	3268
PB1|PP755595.1|A/cattle/Texas/24-008749-003/2024(H5N1)	1293	3295
PB1|PP755595.1|A/cattle/Texas/24-008749-003/2024(H5N1)	1294	3290
PB1|PP755595.1|A/cattle/Texas/24-008749-003/2024(H5N1)	1295	3305
PB1|PP755595.1|A/cattle/Texas/24-008749-003/2024(H5N1)	1296	3291
PB1|PP755595.1|A/cattle/Texas/24-008749-003/2024(H5N1)	1297	3285
PB1|PP755595.1|A/cattle/Texas/24-008749-003/2024(H5N1)	1298	3285
PB1|PP755595.1|A/cattle/Texas/24-008749-003/2024(H5N1)	1299	3282
PB1|PP755595.1|A/cattle/Texas/24-008749-003/2024(H5N1)	1300	3359
PB1|PP755595.1|A/cattle/Texas/24-008749-003/2024(H5N1)	1301	3418
PB1|PP755595.1|A/cattle/Texas/24-008749-003/2024(H5N1)	1302	3383
PB1|PP755595.1|A/cattle/Texas/24-008749-003/2024(H5N1)	1303	3410
PB1|PP755595.1|A/cattle/Texas/24-008749-003/2024(H5N1)	1304	3415
PB1|PP755595.1|A/cattle/Texas/24-008749-003/2024(H5N1)	1305	3444
PB1|PP755595.1|A/cattle/Texas/24-008749-003/2024(H5N1)	1306	3487
PB1|PP755595.1|A/cattle/Texas/24-008749-003/2024(H5N1)	1307	3483
PB1|PP755595.1|A/cattle/Texas/24-008749-003/2024(H5N1)	1308	3541
PB1|PP755595.1|A/cattle/Texas/24-008749-003/2024(H5N1)	1309	3453
PB1|PP755595.1|A/cattle/Texas/24-008749-003/2024(H5N1)	1310	3476
PB1|PP755595.1|A/cattle/Texas/24-008749-003/2024(H5N1)	1311	3489
PB1|PP755595.1|A/cattle/Texas/24-008749-003/2024(H5N1)	1312	3475
PB1|PP755595.1|A/cattle/Texas/24-008749-003/2024(H5N1)	1313	3481
PB1|PP755595.1|A/cattle/Texas/24-008749-003/2024(H5N1)	1314	3473
PB1|PP755595.1|A/cattle/Texas/24-008749-003/2024(H5N1)	1315	3473
PB1|PP755595.1|A/cattle/Texas/24-008749-003/2024(H5N1)	1316	3510
PB1|PP755595.1|A/cattle/Texas/24-008749-003/2024(H5N1)	1317	3470
PB1|PP755595.1|A/cattle/Texas/24-008749-003/2024(H5N1)	1318	3470
PB1|PP755595.1|A/cattle/Texas/24-008749-003/2024(H5N1)	1319	3452
PB1|PP755595.1|A/cattle/Texas/24-008749-003/2024(H5N1)	1320	3439
PB1|PP755595.1|A/cattle/Texas/24-008749-003/2024(H5N1)	1321	3424
PB1|PP755595.1|A/cattle/Texas/24-008749-003/2024(H5N1)	1322	3403
PB1|PP755595.1|A/cattle/Texas/24-008749-003/2024(H5N1)	1323	3375
PB1|PP755595.1|A/cattle/Texas/24-008749-003/2024(H5N1)	1324	3357
PB1|PP755595.1|A/cattle/Texas/24-008749-003/2024(H5N1)	1325	3354
PB1|PP755595.1|A/cattle/Texas/24-008749-003/2024(H5N1)	1326	3354
PB1|PP755595.1|A/cattle/Texas/24-008749-003/2024(H5N1)	1327	3343
PB1|PP755595.1|A/cattle/Texas/24-008749-003/2024(H5N1)	1328	3299
PB1|PP755595.1|A/cattle/Texas/24-008749-003/2024(H5N1)	1329	2508
PB1|PP755595.1|A/cattle/Texas/24-008749-003/2024(H5N1)	1330	2419
PB1|PP755595.1|A/cattle/Texas/24-008749-003/2024(H5N1)	1331	2417
PB1|PP755595.1|A/cattle/Texas/24-008749-003/2024(H5N1)	1332	2399
PB1|PP755595.1|A/cattle/Texas/24-008749-003/2024(H5N1)	1333	2399
PB1|PP755595.1|A/cattle/Texas/24-008749-003/2024(H5N1)	1334	2399
PB1|PP755595.1|A/cattle/Texas/24-008749-003/2024(H5N1)	1335	2389
PB1|PP755595.1|A/cattle/Texas/24-008749-003/2024(H5N1)	1336	2354
PB1|PP755595.1|A/cattle/Texas/24-008749-003/2024(H5N1)	1337	2342
PB1|PP755595.1|A/cattle/Texas/24-008749-003/2024(H5N1)	1338	2340
PB1|PP755595.1|A/cattle/Texas/24-008749-003/2024(H5N1)	1339	2340
PB1|PP755595.1|A/cattle/Texas/24-008749-003/2024(H5N1)	1340	2330
PB1|PP755595.1|A/cattle/Texas/24-008749-003/2024(H5N1)	1341	2296
PB1|PP755595.1|A/cattle/Texas/24-008749-003/2024(H5N1)	1342	2296
PB1|PP755595.1|A/cattle/Texas/24-008749-003/2024(H5N1)	1343	2296
PB1|PP755595.1|A/cattle/Texas/24-008749-003/2024(H5N1)	1344	2296
PB1|PP755595.1|A/cattle/Texas/24-008749-003/2024(H5N1)	1345	2319
PB1|PP755595.1|A/cattle/Texas/24-008749-003/2024(H5N1)	1346	2320
PB1|PP755595.1|A/cattle/Texas/24-008749-003/2024(H5N1)	1347	2401
PB1|PP755595.1|A/cattle/Texas/24-008749-003/2024(H5N1)	1348	2401
PB1|PP755595.1|A/cattle/Texas/24-008749-003/2024(H5N1)	1349	2401
PB1|PP755595.1|A/cattle/Texas/24-008749-003/2024(H5N1)	1350	2397
PB1|PP755595.1|A/cattle/Texas/24-008749-003/2024(H5N1)	1351	2437
PB1|PP755595.1|A/cattle/Texas/24-008749-003/2024(H5N1)	1352	2492
PB1|PP755595.1|A/cattle/Texas/24-008749-003/2024(H5N1)	1353	2492
PB1|PP755595.1|A/cattle/Texas/24-008749-003/2024(H5N1)	1354	2494
PB1|PP755595.1|A/cattle/Texas/24-008749-003/2024(H5N1)	1355	2497
PB1|PP755595.1|A/cattle/Texas/24-008749-003/2024(H5N1)	1356	2501
PB1|PP755595.1|A/cattle/Texas/24-008749-003/2024(H5N1)	1357	2512
PB1|PP755595.1|A/cattle/Texas/24-008749-003/2024(H5N1)	1358	2512
PB1|PP755595.1|A/cattle/Texas/24-008749-003/2024(H5N1)	1359	2511
PB1|PP755595.1|A/cattle/Texas/24-008749-003/2024(H5N1)	1360	2514
PB1|PP755595.1|A/cattle/Texas/24-008749-003/2024(H5N1)	1361	2514
PB1|PP755595.1|A/cattle/Texas/24-008749-003/2024(H5N1)	1362	2520
PB1|PP755595.1|A/cattle/Texas/24-008749-003/2024(H5N1)	1363	2938
PB1|PP755595.1|A/cattle/Texas/24-008749-003/2024(H5N1)	1364	2954
PB1|PP755595.1|A/cattle/Texas/24-008749-003/2024(H5N1)	1365	2976
PB1|PP755595.1|A/cattle/Texas/24-008749-003/2024(H5N1)	1366	2980
PB1|PP755595.1|A/cattle/Texas/24-008749-003/2024(H5N1)	1367	2980
PB1|PP755595.1|A/cattle/Texas/24-008749-003/2024(H5N1)	1368	2989
PB1|PP755595.1|A/cattle/Texas/24-008749-003/2024(H5N1)	1369	2994
PB1|PP755595.1|A/cattle/Texas/24-008749-003/2024(H5N1)	1370	3007
PB1|PP755595.1|A/cattle/Texas/24-008749-003/2024(H5N1)	1371	3018
PB1|PP755595.1|A/cattle/Texas/24-008749-003/2024(H5N1)	1372	3121
PB1|PP755595.1|A/cattle/Texas/24-008749-003/2024(H5N1)	1373	3143
PB1|PP755595.1|A/cattle/Texas/24-008749-003/2024(H5N1)	1374	3151
PB1|PP755595.1|A/cattle/Texas/24-008749-003/2024(H5N1)	1375	3318
PB1|PP755595.1|A/cattle/Texas/24-008749-003/2024(H5N1)	1376	3320
PB1|PP755595.1|A/cattle/Texas/24-008749-003/2024(H5N1)	1377	3319
PB1|PP755595.1|A/cattle/Texas/24-008749-003/2024(H5N1)	1378	3288
PB1|PP755595.1|A/cattle/Texas/24-008749-003/2024(H5N1)	1379	3362
PB1|PP755595.1|A/cattle/Texas/24-008749-003/2024(H5N1)	1380	3358
PB1|PP755595.1|A/cattle/Texas/24-008749-003/2024(H5N1)	1381	3357
PB1|PP755595.1|A/cattle/Texas/24-008749-003/2024(H5N1)	1382	3387
PB1|PP755595.1|A/cattle/Texas/24-008749-003/2024(H5N1)	1383	3363
PB1|PP755595.1|A/cattle/Texas/24-008749-003/2024(H5N1)	1384	3372
PB1|PP755595.1|A/cattle/Texas/24-008749-003/2024(H5N1)	1385	3393
PB1|PP755595.1|A/cattle/Texas/24-008749-003/2024(H5N1)	1386	3354
PB1|PP755595.1|A/cattle/Texas/24-008749-003/2024(H5N1)	1387	3345
PB1|PP755595.1|A/cattle/Texas/24-008749-003/2024(H5N1)	1388	3316
PB1|PP755595.1|A/cattle/Texas/24-008749-003/2024(H5N1)	1389	2887
PB1|PP755595.1|A/cattle/Texas/24-008749-003/2024(H5N1)	1390	2903
PB1|PP755595.1|A/cattle/Texas/24-008749-003/2024(H5N1)	1391	2868
PB1|PP755595.1|A/cattle/Texas/24-008749-003/2024(H5N1)	1392	2868
PB1|PP755595.1|A/cattle/Texas/24-008749-003/2024(H5N1)	1393	2884
PB1|PP755595.1|A/cattle/Texas/24-008749-003/2024(H5N1)	1394	2933
PB1|PP755595.1|A/cattle/Texas/24-008749-003/2024(H5N1)	1395	3279
PB1|PP755595.1|A/cattle/Texas/24-008749-003/2024(H5N1)	1396	3513
PB1|PP755595.1|A/cattle/Texas/24-008749-003/2024(H5N1)	1397	3519
PB1|PP755595.1|A/cattle/Texas/24-008749-003/2024(H5N1)	1398	3693
PB1|PP755595.1|A/cattle/Texas/24-008749-003/2024(H5N1)	1399	3700
PB1|PP755595.1|A/cattle/Texas/24-008749-003/2024(H5N1)	1400	3704
PB1|PP755595.1|A/cattle/Texas/24-008749-003/2024(H5N1)	1401	3691
PB1|PP755595.1|A/cattle/Texas/24-008749-003/2024(H5N1)	1402	3682
PB1|PP755595.1|A/cattle/Texas/24-008749-003/2024(H5N1)	1403	3410
PB1|PP755595.1|A/cattle/Texas/24-008749-003/2024(H5N1)	1404	3225
PB1|PP755595.1|A/cattle/Texas/24-008749-003/2024(H5N1)	1405	3233
PB1|PP755595.1|A/cattle/Texas/24-008749-003/2024(H5N1)	1406	3304
PB1|PP755595.1|A/cattle/Texas/24-008749-003/2024(H5N1)	1407	3208
PB1|PP755595.1|A/cattle/Texas/24-008749-003/2024(H5N1)	1408	3192
PB1|PP755595.1|A/cattle/Texas/24-008749-003/2024(H5N1)	1409	3214
PB1|PP755595.1|A/cattle/Texas/24-008749-003/2024(H5N1)	1410	3240
PB1|PP755595.1|A/cattle/Texas/24-008749-003/2024(H5N1)	1411	3240
PB1|PP755595.1|A/cattle/Texas/24-008749-003/2024(H5N1)	1412	3241
PB1|PP755595.1|A/cattle/Texas/24-008749-003/2024(H5N1)	1413	3232
PB1|PP755595.1|A/cattle/Texas/24-008749-003/2024(H5N1)	1414	3240
PB1|PP755595.1|A/cattle/Texas/24-008749-003/2024(H5N1)	1415	3193
PB1|PP755595.1|A/cattle/Texas/24-008749-003/2024(H5N1)	1416	3231
PB1|PP755595.1|A/cattle/Texas/24-008749-003/2024(H5N1)	1417	3238
PB1|PP755595.1|A/cattle/Texas/24-008749-003/2024(H5N1)	1418	3212
PB1|PP755595.1|A/cattle/Texas/24-008749-003/2024(H5N1)	1419	3175
PB1|PP755595.1|A/cattle/Texas/24-008749-003/2024(H5N1)	1420	3174
PB1|PP755595.1|A/cattle/Texas/24-008749-003/2024(H5N1)	1421	3315
PB1|PP755595.1|A/cattle/Texas/24-008749-003/2024(H5N1)	1422	3317
PB1|PP755595.1|A/cattle/Texas/24-008749-003/2024(H5N1)	1423	3454
PB1|PP755595.1|A/cattle/Texas/24-008749-003/2024(H5N1)	1424	3473
PB1|PP755595.1|A/cattle/Texas/24-008749-003/2024(H5N1)	1425	3458
PB1|PP755595.1|A/cattle/Texas/24-008749-003/2024(H5N1)	1426	3464
PB1|PP755595.1|A/cattle/Texas/24-008749-003/2024(H5N1)	1427	3497
PB1|PP755595.1|A/cattle/Texas/24-008749-003/2024(H5N1)	1428	3500
PB1|PP755595.1|A/cattle/Texas/24-008749-003/2024(H5N1)	1429	3530
PB1|PP755595.1|A/cattle/Texas/24-008749-003/2024(H5N1)	1430	3445
PB1|PP755595.1|A/cattle/Texas/24-008749-003/2024(H5N1)	1431	3447
PB1|PP755595.1|A/cattle/Texas/24-008749-003/2024(H5N1)	1432	3443
PB1|PP755595.1|A/cattle/Texas/24-008749-003/2024(H5N1)	1433	3452
PB1|PP755595.1|A/cattle/Texas/24-008749-003/2024(H5N1)	1434	3444
PB1|PP755595.1|A/cattle/Texas/24-008749-003/2024(H5N1)	1435	3502
PB1|PP755595.1|A/cattle/Texas/24-008749-003/2024(H5N1)	1436	3508
PB1|PP755595.1|A/cattle/Texas/24-008749-003/2024(H5N1)	1437	3526
PB1|PP755595.1|A/cattle/Texas/24-008749-003/2024(H5N1)	1438	3508
PB1|PP755595.1|A/cattle/Texas/24-008749-003/2024(H5N1)	1439	3498
PB1|PP755595.1|A/cattle/Texas/24-008749-003/2024(H5N1)	1440	3499
PB1|PP755595.1|A/cattle/Texas/24-008749-003/2024(H5N1)	1441	3519
PB1|PP755595.1|A/cattle/Texas/24-008749-003/2024(H5N1)	1442	3513
PB1|PP755595.1|A/cattle/Texas/24-008749-003/2024(H5N1)	1443	3638
PB1|PP755595.1|A/cattle/Texas/24-008749-003/2024(H5N1)	1444	3673
PB1|PP755595.1|A/cattle/Texas/24-008749-003/2024(H5N1)	1445	3666
PB1|PP755595.1|A/cattle/Texas/24-008749-003/2024(H5N1)	1446	3711
PB1|PP755595.1|A/cattle/Texas/24-008749-003/2024(H5N1)	1447	3729
PB1|PP755595.1|A/cattle/Texas/24-008749-003/2024(H5N1)	1448	3784
PB1|PP755595.1|A/cattle/Texas/24-008749-003/2024(H5N1)	1449	3783
PB1|PP755595.1|A/cattle/Texas/24-008749-003/2024(H5N1)	1450	3785
PB1|PP755595.1|A/cattle/Texas/24-008749-003/2024(H5N1)	1451	3754
PB1|PP755595.1|A/cattle/Texas/24-008749-003/2024(H5N1)	1452	3702
PB1|PP755595.1|A/cattle/Texas/24-008749-003/2024(H5N1)	1453	3709
PB1|PP755595.1|A/cattle/Texas/24-008749-003/2024(H5N1)	1454	3688
PB1|PP755595.1|A/cattle/Texas/24-008749-003/2024(H5N1)	1455	3670
PB1|PP755595.1|A/cattle/Texas/24-008749-003/2024(H5N1)	1456	3659
PB1|PP755595.1|A/cattle/Texas/24-008749-003/2024(H5N1)	1457	3648
PB1|PP755595.1|A/cattle/Texas/24-008749-003/2024(H5N1)	1458	3680
PB1|PP755595.1|A/cattle/Texas/24-008749-003/2024(H5N1)	1459	3665
PB1|PP755595.1|A/cattle/Texas/24-008749-003/2024(H5N1)	1460	3634
PB1|PP755595.1|A/cattle/Texas/24-008749-003/2024(H5N1)	1461	3625
PB1|PP755595.1|A/cattle/Texas/24-008749-003/2024(H5N1)	1462	3628
PB1|PP755595.1|A/cattle/Texas/24-008749-003/2024(H5N1)	1463	3667
PB1|PP755595.1|A/cattle/Texas/24-008749-003/2024(H5N1)	1464	3669
PB1|PP755595.1|A/cattle/Texas/24-008749-003/2024(H5N1)	1465	3750
PB1|PP755595.1|A/cattle/Texas/24-008749-003/2024(H5N1)	1466	3760
PB1|PP755595.1|A/cattle/Texas/24-008749-003/2024(H5N1)	1467	3734
PB1|PP755595.1|A/cattle/Texas/24-008749-003/2024(H5N1)	1468	3738
PB1|PP755595.1|A/cattle/Texas/24-008749-003/2024(H5N1)	1469	3720
PB1|PP755595.1|A/cattle/Texas/24-008749-003/2024(H5N1)	1470	3710
PB1|PP755595.1|A/cattle/Texas/24-008749-003/2024(H5N1)	1471	3695
PB1|PP755595.1|A/cattle/Texas/24-008749-003/2024(H5N1)	1472	3637
PB1|PP755595.1|A/cattle/Texas/24-008749-003/2024(H5N1)	1473	3640
PB1|PP755595.1|A/cattle/Texas/24-008749-003/2024(H5N1)	1474	3707
PB1|PP755595.1|A/cattle/Texas/24-008749-003/2024(H5N1)	1475	3708
PB1|PP755595.1|A/cattle/Texas/24-008749-003/2024(H5N1)	1476	3711
PB1|PP755595.1|A/cattle/Texas/24-008749-003/2024(H5N1)	1477	3712
PB1|PP755595.1|A/cattle/Texas/24-008749-003/2024(H5N1)	1478	3758
PB1|PP755595.1|A/cattle/Texas/24-008749-003/2024(H5N1)	1479	3756
PB1|PP755595.1|A/cattle/Texas/24-008749-003/2024(H5N1)	1480	3785
PB1|PP755595.1|A/cattle/Texas/24-008749-003/2024(H5N1)	1481	3799
PB1|PP755595.1|A/cattle/Texas/24-008749-003/2024(H5N1)	1482	3809
PB1|PP755595.1|A/cattle/Texas/24-008749-003/2024(H5N1)	1483	3814
PB1|PP755595.1|A/cattle/Texas/24-008749-003/2024(H5N1)	1484	3811
PB1|PP755595.1|A/cattle/Texas/24-008749-003/2024(H5N1)	1485	3807
PB1|PP755595.1|A/cattle/Texas/24-008749-003/2024(H5N1)	1486	3840
PB1|PP755595.1|A/cattle/Texas/24-008749-003/2024(H5N1)	1487	3830
PB1|PP755595.1|A/cattle/Texas/24-008749-003/2024(H5N1)	1488	3872
PB1|PP755595.1|A/cattle/Texas/24-008749-003/2024(H5N1)	1489	3855
PB1|PP755595.1|A/cattle/Texas/24-008749-003/2024(H5N1)	1490	3847
PB1|PP755595.1|A/cattle/Texas/24-008749-003/2024(H5N1)	1491	3865
PB1|PP755595.1|A/cattle/Texas/24-008749-003/2024(H5N1)	1492	3874
PB1|PP755595.1|A/cattle/Texas/24-008749-003/2024(H5N1)	1493	3883
PB1|PP755595.1|A/cattle/Texas/24-008749-003/2024(H5N1)	1494	3897
PB1|PP755595.1|A/cattle/Texas/24-008749-003/2024(H5N1)	1495	3897
PB1|PP755595.1|A/cattle/Texas/24-008749-003/2024(H5N1)	1496	3905
PB1|PP755595.1|A/cattle/Texas/24-008749-003/2024(H5N1)	1497	3904
PB1|PP755595.1|A/cattle/Texas/24-008749-003/2024(H5N1)	1498	3830
PB1|PP755595.1|A/cattle/Texas/24-008749-003/2024(H5N1)	1499	3941
PB1|PP755595.1|A/cattle/Texas/24-008749-003/2024(H5N1)	1500	3938
PB1|PP755595.1|A/cattle/Texas/24-008749-003/2024(H5N1)	1501	3940
PB1|PP755595.1|A/cattle/Texas/24-008749-003/2024(H5N1)	1502	3886
PB1|PP755595.1|A/cattle/Texas/24-008749-003/2024(H5N1)	1503	3846
PB1|PP755595.1|A/cattle/Texas/24-008749-003/2024(H5N1)	1504	3844
PB1|PP755595.1|A/cattle/Texas/24-008749-003/2024(H5N1)	1505	3837
PB1|PP755595.1|A/cattle/Texas/24-008749-003/2024(H5N1)	1506	3422
PB1|PP755595.1|A/cattle/Texas/24-008749-003/2024(H5N1)	1507	3437
PB1|PP755595.1|A/cattle/Texas/24-008749-003/2024(H5N1)	1508	3407
PB1|PP755595.1|A/cattle/Texas/24-008749-003/2024(H5N1)	1509	3407
PB1|PP755595.1|A/cattle/Texas/24-008749-003/2024(H5N1)	1510	3421
PB1|PP755595.1|A/cattle/Texas/24-008749-003/2024(H5N1)	1511	3427
PB1|PP755595.1|A/cattle/Texas/24-008749-003/2024(H5N1)	1512	3587
PB1|PP755595.1|A/cattle/Texas/24-008749-003/2024(H5N1)	1513	3650
PB1|PP755595.1|A/cattle/Texas/24-008749-003/2024(H5N1)	1514	3667
PB1|PP755595.1|A/cattle/Texas/24-008749-003/2024(H5N1)	1515	3670
PB1|PP755595.1|A/cattle/Texas/24-008749-003/2024(H5N1)	1516	3672
PB1|PP755595.1|A/cattle/Texas/24-008749-003/2024(H5N1)	1517	3848
PB1|PP755595.1|A/cattle/Texas/24-008749-003/2024(H5N1)	1518	3964
PB1|PP755595.1|A/cattle/Texas/24-008749-003/2024(H5N1)	1519	3981
PB1|PP755595.1|A/cattle/Texas/24-008749-003/2024(H5N1)	1520	3990
PB1|PP755595.1|A/cattle/Texas/24-008749-003/2024(H5N1)	1521	3992
PB1|PP755595.1|A/cattle/Texas/24-008749-003/2024(H5N1)	1522	4059
PB1|PP755595.1|A/cattle/Texas/24-008749-003/2024(H5N1)	1523	4038
PB1|PP755595.1|A/cattle/Texas/24-008749-003/2024(H5N1)	1524	3989
PB1|PP755595.1|A/cattle/Texas/24-008749-003/2024(H5N1)	1525	4104
PB1|PP755595.1|A/cattle/Texas/24-008749-003/2024(H5N1)	1526	4120
PB1|PP755595.1|A/cattle/Texas/24-008749-003/2024(H5N1)	1527	4173
PB1|PP755595.1|A/cattle/Texas/24-008749-003/2024(H5N1)	1528	4229
PB1|PP755595.1|A/cattle/Texas/24-008749-003/2024(H5N1)	1529	4249
PB1|PP755595.1|A/cattle/Texas/24-008749-003/2024(H5N1)	1530	4244
PB1|PP755595.1|A/cattle/Texas/24-008749-003/2024(H5N1)	1531	4188
PB1|PP755595.1|A/cattle/Texas/24-008749-003/2024(H5N1)	1532	4318
PB1|PP755595.1|A/cattle/Texas/24-008749-003/2024(H5N1)	1533	4249
PB1|PP755595.1|A/cattle/Texas/24-008749-003/2024(H5N1)	1534	4239
PB1|PP755595.1|A/cattle/Texas/24-008749-003/2024(H5N1)	1535	4241
PB1|PP755595.1|A/cattle/Texas/24-008749-003/2024(H5N1)	1536	4203
PB1|PP755595.1|A/cattle/Texas/24-008749-003/2024(H5N1)	1537	4203
PB1|PP755595.1|A/cattle/Texas/24-008749-003/2024(H5N1)	1538	4161
PB1|PP755595.1|A/cattle/Texas/24-008749-003/2024(H5N1)	1539	4222
PB1|PP755595.1|A/cattle/Texas/24-008749-003/2024(H5N1)	1540	4188
PB1|PP755595.1|A/cattle/Texas/24-008749-003/2024(H5N1)	1541	4182
PB1|PP755595.1|A/cattle/Texas/24-008749-003/2024(H5N1)	1542	4190
PB1|PP755595.1|A/cattle/Texas/24-008749-003/2024(H5N1)	1543	4203
PB1|PP755595.1|A/cattle/Texas/24-008749-003/2024(H5N1)	1544	3829
PB1|PP755595.1|A/cattle/Texas/24-008749-003/2024(H5N1)	1545	3818
PB1|PP755595.1|A/cattle/Texas/24-008749-003/2024(H5N1)	1546	3821
PB1|PP755595.1|A/cattle/Texas/24-008749-003/2024(H5N1)	1547	3841
PB1|PP755595.1|A/cattle/Texas/24-008749-003/2024(H5N1)	1548	3843
PB1|PP755595.1|A/cattle/Texas/24-008749-003/2024(H5N1)	1549	3719
PB1|PP755595.1|A/cattle/Texas/24-008749-003/2024(H5N1)	1550	3717
PB1|PP755595.1|A/cattle/Texas/24-008749-003/2024(H5N1)	1551	3755
PB1|PP755595.1|A/cattle/Texas/24-008749-003/2024(H5N1)	1552	3749
PB1|PP755595.1|A/cattle/Texas/24-008749-003/2024(H5N1)	1553	3758
PB1|PP755595.1|A/cattle/Texas/24-008749-003/2024(H5N1)	1554	3750
PB1|PP755595.1|A/cattle/Texas/24-008749-003/2024(H5N1)	1555	3749
PB1|PP755595.1|A/cattle/Texas/24-008749-003/2024(H5N1)	1556	3756
PB1|PP755595.1|A/cattle/Texas/24-008749-003/2024(H5N1)	1557	3685
PB1|PP755595.1|A/cattle/Texas/24-008749-003/2024(H5N1)	1558	3674
PB1|PP755595.1|A/cattle/Texas/24-008749-003/2024(H5N1)	1559	3652
PB1|PP755595.1|A/cattle/Texas/24-008749-003/2024(H5N1)	1560	3612
PB1|PP755595.1|A/cattle/Texas/24-008749-003/2024(H5N1)	1561	3665
PB1|PP755595.1|A/cattle/Texas/24-008749-003/2024(H5N1)	1562	3679
PB1|PP755595.1|A/cattle/Texas/24-008749-003/2024(H5N1)	1563	3683
PB1|PP755595.1|A/cattle/Texas/24-008749-003/2024(H5N1)	1564	3788
PB1|PP755595.1|A/cattle/Texas/24-008749-003/2024(H5N1)	1565	3797
PB1|PP755595.1|A/cattle/Texas/24-008749-003/2024(H5N1)	1566	3796
PB1|PP755595.1|A/cattle/Texas/24-008749-003/2024(H5N1)	1567	3808
PB1|PP755595.1|A/cattle/Texas/24-008749-003/2024(H5N1)	1568	3797
PB1|PP755595.1|A/cattle/Texas/24-008749-003/2024(H5N1)	1569	3825
PB1|PP755595.1|A/cattle/Texas/24-008749-003/2024(H5N1)	1570	3793
PB1|PP755595.1|A/cattle/Texas/24-008749-003/2024(H5N1)	1571	3853
PB1|PP755595.1|A/cattle/Texas/24-008749-003/2024(H5N1)	1572	3714
PB1|PP755595.1|A/cattle/Texas/24-008749-003/2024(H5N1)	1573	3659
PB1|PP755595.1|A/cattle/Texas/24-008749-003/2024(H5N1)	1574	3651
PB1|PP755595.1|A/cattle/Texas/24-008749-003/2024(H5N1)	1575	3632
PB1|PP755595.1|A/cattle/Texas/24-008749-003/2024(H5N1)	1576	3622
PB1|PP755595.1|A/cattle/Texas/24-008749-003/2024(H5N1)	1577	3613
PB1|PP755595.1|A/cattle/Texas/24-008749-003/2024(H5N1)	1578	3558
PB1|PP755595.1|A/cattle/Texas/24-008749-003/2024(H5N1)	1579	3555
PB1|PP755595.1|A/cattle/Texas/24-008749-003/2024(H5N1)	1580	3525
PB1|PP755595.1|A/cattle/Texas/24-008749-003/2024(H5N1)	1581	3525
PB1|PP755595.1|A/cattle/Texas/24-008749-003/2024(H5N1)	1582	3634
PB1|PP755595.1|A/cattle/Texas/24-008749-003/2024(H5N1)	1583	3671
PB1|PP755595.1|A/cattle/Texas/24-008749-003/2024(H5N1)	1584	3669
PB1|PP755595.1|A/cattle/Texas/24-008749-003/2024(H5N1)	1585	3755
PB1|PP755595.1|A/cattle/Texas/24-008749-003/2024(H5N1)	1586	3739
PB1|PP755595.1|A/cattle/Texas/24-008749-003/2024(H5N1)	1587	3735
PB1|PP755595.1|A/cattle/Texas/24-008749-003/2024(H5N1)	1588	3735
PB1|PP755595.1|A/cattle/Texas/24-008749-003/2024(H5N1)	1589	3728
PB1|PP755595.1|A/cattle/Texas/24-008749-003/2024(H5N1)	1590	3728
PB1|PP755595.1|A/cattle/Texas/24-008749-003/2024(H5N1)	1591	3737
PB1|PP755595.1|A/cattle/Texas/24-008749-003/2024(H5N1)	1592	3705
PB1|PP755595.1|A/cattle/Texas/24-008749-003/2024(H5N1)	1593	3708
PB1|PP755595.1|A/cattle/Texas/24-008749-003/2024(H5N1)	1594	3616
PB1|PP755595.1|A/cattle/Texas/24-008749-003/2024(H5N1)	1595	3616
PB1|PP755595.1|A/cattle/Texas/24-008749-003/2024(H5N1)	1596	3628
PB1|PP755595.1|A/cattle/Texas/24-008749-003/2024(H5N1)	1597	3569
PB1|PP755595.1|A/cattle/Texas/24-008749-003/2024(H5N1)	1598	3557
PB1|PP755595.1|A/cattle/Texas/24-008749-003/2024(H5N1)	1599	3631
PB1|PP755595.1|A/cattle/Texas/24-008749-003/2024(H5N1)	1600	3630
PB1|PP755595.1|A/cattle/Texas/24-008749-003/2024(H5N1)	1601	3629
PB1|PP755595.1|A/cattle/Texas/24-008749-003/2024(H5N1)	1602	3583
PB1|PP755595.1|A/cattle/Texas/24-008749-003/2024(H5N1)	1603	3571
PB1|PP755595.1|A/cattle/Texas/24-008749-003/2024(H5N1)	1604	3562
PB1|PP755595.1|A/cattle/Texas/24-008749-003/2024(H5N1)	1605	3551
PB1|PP755595.1|A/cattle/Texas/24-008749-003/2024(H5N1)	1606	3594
PB1|PP755595.1|A/cattle/Texas/24-008749-003/2024(H5N1)	1607	3585
PB1|PP755595.1|A/cattle/Texas/24-008749-003/2024(H5N1)	1608	3537
PB1|PP755595.1|A/cattle/Texas/24-008749-003/2024(H5N1)	1609	3531
PB1|PP755595.1|A/cattle/Texas/24-008749-003/2024(H5N1)	1610	3528
PB1|PP755595.1|A/cattle/Texas/24-008749-003/2024(H5N1)	1611	3514
PB1|PP755595.1|A/cattle/Texas/24-008749-003/2024(H5N1)	1612	3513
PB1|PP755595.1|A/cattle/Texas/24-008749-003/2024(H5N1)	1613	3506
PB1|PP755595.1|A/cattle/Texas/24-008749-003/2024(H5N1)	1614	3464
PB1|PP755595.1|A/cattle/Texas/24-008749-003/2024(H5N1)	1615	3558
PB1|PP755595.1|A/cattle/Texas/24-008749-003/2024(H5N1)	1616	3491
PB1|PP755595.1|A/cattle/Texas/24-008749-003/2024(H5N1)	1617	3485
PB1|PP755595.1|A/cattle/Texas/24-008749-003/2024(H5N1)	1618	3484
PB1|PP755595.1|A/cattle/Texas/24-008749-003/2024(H5N1)	1619	3483
PB1|PP755595.1|A/cattle/Texas/24-008749-003/2024(H5N1)	1620	3531
PB1|PP755595.1|A/cattle/Texas/24-008749-003/2024(H5N1)	1621	3540
PB1|PP755595.1|A/cattle/Texas/24-008749-003/2024(H5N1)	1622	3477
PB1|PP755595.1|A/cattle/Texas/24-008749-003/2024(H5N1)	1623	3390
PB1|PP755595.1|A/cattle/Texas/24-008749-003/2024(H5N1)	1624	3386
PB1|PP755595.1|A/cattle/Texas/24-008749-003/2024(H5N1)	1625	3486
PB1|PP755595.1|A/cattle/Texas/24-008749-003/2024(H5N1)	1626	3483
PB1|PP755595.1|A/cattle/Texas/24-008749-003/2024(H5N1)	1627	3479
PB1|PP755595.1|A/cattle/Texas/24-008749-003/2024(H5N1)	1628	3471
PB1|PP755595.1|A/cattle/Texas/24-008749-003/2024(H5N1)	1629	3398
PB1|PP755595.1|A/cattle/Texas/24-008749-003/2024(H5N1)	1630	3396
PB1|PP755595.1|A/cattle/Texas/24-008749-003/2024(H5N1)	1631	3337
PB1|PP755595.1|A/cattle/Texas/24-008749-003/2024(H5N1)	1632	3311
PB1|PP755595.1|A/cattle/Texas/24-008749-003/2024(H5N1)	1633	3302
PB1|PP755595.1|A/cattle/Texas/24-008749-003/2024(H5N1)	1634	3291
PB1|PP755595.1|A/cattle/Texas/24-008749-003/2024(H5N1)	1635	3287
PB1|PP755595.1|A/cattle/Texas/24-008749-003/2024(H5N1)	1636	3287
PB1|PP755595.1|A/cattle/Texas/24-008749-003/2024(H5N1)	1637	3265
PB1|PP755595.1|A/cattle/Texas/24-008749-003/2024(H5N1)	1638	3259
PB1|PP755595.1|A/cattle/Texas/24-008749-003/2024(H5N1)	1639	3206
PB1|PP755595.1|A/cattle/Texas/24-008749-003/2024(H5N1)	1640	3194
PB1|PP755595.1|A/cattle/Texas/24-008749-003/2024(H5N1)	1641	2986
PB1|PP755595.1|A/cattle/Texas/24-008749-003/2024(H5N1)	1642	2945
PB1|PP755595.1|A/cattle/Texas/24-008749-003/2024(H5N1)	1643	2942
PB1|PP755595.1|A/cattle/Texas/24-008749-003/2024(H5N1)	1644	2941
PB1|PP755595.1|A/cattle/Texas/24-008749-003/2024(H5N1)	1645	2941
PB1|PP755595.1|A/cattle/Texas/24-008749-003/2024(H5N1)	1646	2941
PB1|PP755595.1|A/cattle/Texas/24-008749-003/2024(H5N1)	1647	2934
PB1|PP755595.1|A/cattle/Texas/24-008749-003/2024(H5N1)	1648	3244
PB1|PP755595.1|A/cattle/Texas/24-008749-003/2024(H5N1)	1649	3249
PB1|PP755595.1|A/cattle/Texas/24-008749-003/2024(H5N1)	1650	3314
PB1|PP755595.1|A/cattle/Texas/24-008749-003/2024(H5N1)	1651	3319
PB1|PP755595.1|A/cattle/Texas/24-008749-003/2024(H5N1)	1652	3322
PB1|PP755595.1|A/cattle/Texas/24-008749-003/2024(H5N1)	1653	3323
PB1|PP755595.1|A/cattle/Texas/24-008749-003/2024(H5N1)	1654	3287
PB1|PP755595.1|A/cattle/Texas/24-008749-003/2024(H5N1)	1655	3283
PB1|PP755595.1|A/cattle/Texas/24-008749-003/2024(H5N1)	1656	3277
PB1|PP755595.1|A/cattle/Texas/24-008749-003/2024(H5N1)	1657	3269
PB1|PP755595.1|A/cattle/Texas/24-008749-003/2024(H5N1)	1658	3250
PB1|PP755595.1|A/cattle/Texas/24-008749-003/2024(H5N1)	1659	3232
PB1|PP755595.1|A/cattle/Texas/24-008749-003/2024(H5N1)	1660	3276
PB1|PP755595.1|A/cattle/Texas/24-008749-003/2024(H5N1)	1661	3277
PB1|PP755595.1|A/cattle/Texas/24-008749-003/2024(H5N1)	1662	3273
PB1|PP755595.1|A/cattle/Texas/24-008749-003/2024(H5N1)	1663	3117
PB1|PP755595.1|A/cattle/Texas/24-008749-003/2024(H5N1)	1664	3117
PB1|PP755595.1|A/cattle/Texas/24-008749-003/2024(H5N1)	1665	3095
PB1|PP755595.1|A/cattle/Texas/24-008749-003/2024(H5N1)	1666	3090
PB1|PP755595.1|A/cattle/Texas/24-008749-003/2024(H5N1)	1667	3083
PB1|PP755595.1|A/cattle/Texas/24-008749-003/2024(H5N1)	1668	2907
PB1|PP755595.1|A/cattle/Texas/24-008749-003/2024(H5N1)	1669	2789
PB1|PP755595.1|A/cattle/Texas/24-008749-003/2024(H5N1)	1670	2785
PB1|PP755595.1|A/cattle/Texas/24-008749-003/2024(H5N1)	1671	2778
PB1|PP755595.1|A/cattle/Texas/24-008749-003/2024(H5N1)	1672	2777
PB1|PP755595.1|A/cattle/Texas/24-008749-003/2024(H5N1)	1673	2698
PB1|PP755595.1|A/cattle/Texas/24-008749-003/2024(H5N1)	1674	2483
PB1|PP755595.1|A/cattle/Texas/24-008749-003/2024(H5N1)	1675	2482
PB1|PP755595.1|A/cattle/Texas/24-008749-003/2024(H5N1)	1676	2438
PB1|PP755595.1|A/cattle/Texas/24-008749-003/2024(H5N1)	1677	2397
PB1|PP755595.1|A/cattle/Texas/24-008749-003/2024(H5N1)	1678	2871
PB1|PP755595.1|A/cattle/Texas/24-008749-003/2024(H5N1)	1679	2871
PB1|PP755595.1|A/cattle/Texas/24-008749-003/2024(H5N1)	1680	2825
PB1|PP755595.1|A/cattle/Texas/24-008749-003/2024(H5N1)	1681	2816
PB1|PP755595.1|A/cattle/Texas/24-008749-003/2024(H5N1)	1682	2809
PB1|PP755595.1|A/cattle/Texas/24-008749-003/2024(H5N1)	1683	2692
PB1|PP755595.1|A/cattle/Texas/24-008749-003/2024(H5N1)	1684	2765
PB1|PP755595.1|A/cattle/Texas/24-008749-003/2024(H5N1)	1685	2768
PB1|PP755595.1|A/cattle/Texas/24-008749-003/2024(H5N1)	1686	2770
PB1|PP755595.1|A/cattle/Texas/24-008749-003/2024(H5N1)	1687	2768
PB1|PP755595.1|A/cattle/Texas/24-008749-003/2024(H5N1)	1688	2768
PB1|PP755595.1|A/cattle/Texas/24-008749-003/2024(H5N1)	1689	2700
PB1|PP755595.1|A/cattle/Texas/24-008749-003/2024(H5N1)	1690	2700
PB1|PP755595.1|A/cattle/Texas/24-008749-003/2024(H5N1)	1691	2687
PB1|PP755595.1|A/cattle/Texas/24-008749-003/2024(H5N1)	1692	2565
PB1|PP755595.1|A/cattle/Texas/24-008749-003/2024(H5N1)	1693	2667
PB1|PP755595.1|A/cattle/Texas/24-008749-003/2024(H5N1)	1694	2670
PB1|PP755595.1|A/cattle/Texas/24-008749-003/2024(H5N1)	1695	2668
PB1|PP755595.1|A/cattle/Texas/24-008749-003/2024(H5N1)	1696	2670
PB1|PP755595.1|A/cattle/Texas/24-008749-003/2024(H5N1)	1697	2649
PB1|PP755595.1|A/cattle/Texas/24-008749-003/2024(H5N1)	1698	2661
PB1|PP755595.1|A/cattle/Texas/24-008749-003/2024(H5N1)	1699	2657
PB1|PP755595.1|A/cattle/Texas/24-008749-003/2024(H5N1)	1700	2628
PB1|PP755595.1|A/cattle/Texas/24-008749-003/2024(H5N1)	1701	2627
PB1|PP755595.1|A/cattle/Texas/24-008749-003/2024(H5N1)	1702	2593
PB1|PP755595.1|A/cattle/Texas/24-008749-003/2024(H5N1)	1703	2596
PB1|PP755595.1|A/cattle/Texas/24-008749-003/2024(H5N1)	1704	2585
PB1|PP755595.1|A/cattle/Texas/24-008749-003/2024(H5N1)	1705	2579
PB1|PP755595.1|A/cattle/Texas/24-008749-003/2024(H5N1)	1706	2567
PB1|PP755595.1|A/cattle/Texas/24-008749-003/2024(H5N1)	1707	2563
PB1|PP755595.1|A/cattle/Texas/24-008749-003/2024(H5N1)	1708	2560
PB1|PP755595.1|A/cattle/Texas/24-008749-003/2024(H5N1)	1709	2531
PB1|PP755595.1|A/cattle/Texas/24-008749-003/2024(H5N1)	1710	2512
PB1|PP755595.1|A/cattle/Texas/24-008749-003/2024(H5N1)	1711	2518
PB1|PP755595.1|A/cattle/Texas/24-008749-003/2024(H5N1)	1712	2472
PB1|PP755595.1|A/cattle/Texas/24-008749-003/2024(H5N1)	1713	2478
PB1|PP755595.1|A/cattle/Texas/24-008749-003/2024(H5N1)	1714	2468
PB1|PP755595.1|A/cattle/Texas/24-008749-003/2024(H5N1)	1715	2404
PB1|PP755595.1|A/cattle/Texas/24-008749-003/2024(H5N1)	1716	2395
PB1|PP755595.1|A/cattle/Texas/24-008749-003/2024(H5N1)	1717	2461
PB1|PP755595.1|A/cattle/Texas/24-008749-003/2024(H5N1)	1718	2448
PB1|PP755595.1|A/cattle/Texas/24-008749-003/2024(H5N1)	1719	2439
PB1|PP755595.1|A/cattle/Texas/24-008749-003/2024(H5N1)	1720	2430
PB1|PP755595.1|A/cattle/Texas/24-008749-003/2024(H5N1)	1721	2432
PB1|PP755595.1|A/cattle/Texas/24-008749-003/2024(H5N1)	1722	2385
PB1|PP755595.1|A/cattle/Texas/24-008749-003/2024(H5N1)	1723	2384
PB1|PP755595.1|A/cattle/Texas/24-008749-003/2024(H5N1)	1724	2363
PB1|PP755595.1|A/cattle/Texas/24-008749-003/2024(H5N1)	1725	2362
PB1|PP755595.1|A/cattle/Texas/24-008749-003/2024(H5N1)	1726	2287
PB1|PP755595.1|A/cattle/Texas/24-008749-003/2024(H5N1)	1727	2264
PB1|PP755595.1|A/cattle/Texas/24-008749-003/2024(H5N1)	1728	2263
PB1|PP755595.1|A/cattle/Texas/24-008749-003/2024(H5N1)	1729	2259
PB1|PP755595.1|A/cattle/Texas/24-008749-003/2024(H5N1)	1730	2255
PB1|PP755595.1|A/cattle/Texas/24-008749-003/2024(H5N1)	1731	1918
PB1|PP755595.1|A/cattle/Texas/24-008749-003/2024(H5N1)	1732	1911
PB1|PP755595.1|A/cattle/Texas/24-008749-003/2024(H5N1)	1733	1903
PB1|PP755595.1|A/cattle/Texas/24-008749-003/2024(H5N1)	1734	1872
PB1|PP755595.1|A/cattle/Texas/24-008749-003/2024(H5N1)	1735	1792
PB1|PP755595.1|A/cattle/Texas/24-008749-003/2024(H5N1)	1736	1793
PB1|PP755595.1|A/cattle/Texas/24-008749-003/2024(H5N1)	1737	1773
PB1|PP755595.1|A/cattle/Texas/24-008749-003/2024(H5N1)	1738	2023
PB1|PP755595.1|A/cattle/Texas/24-008749-003/2024(H5N1)	1739	2026
PB1|PP755595.1|A/cattle/Texas/24-008749-003/2024(H5N1)	1740	2026
PB1|PP755595.1|A/cattle/Texas/24-008749-003/2024(H5N1)	1741	2028
PB1|PP755595.1|A/cattle/Texas/24-008749-003/2024(H5N1)	1742	2028
PB1|PP755595.1|A/cattle/Texas/24-008749-003/2024(H5N1)	1743	2027
PB1|PP755595.1|A/cattle/Texas/24-008749-003/2024(H5N1)	1744	2027
PB1|PP755595.1|A/cattle/Texas/24-008749-003/2024(H5N1)	1745	2026
PB1|PP755595.1|A/cattle/Texas/24-008749-003/2024(H5N1)	1746	2026
PB1|PP755595.1|A/cattle/Texas/24-008749-003/2024(H5N1)	1747	2026
PB1|PP755595.1|A/cattle/Texas/24-008749-003/2024(H5N1)	1748	2026
PB1|PP755595.1|A/cattle/Texas/24-008749-003/2024(H5N1)	1749	2026
PB1|PP755595.1|A/cattle/Texas/24-008749-003/2024(H5N1)	1750	2025
PB1|PP755595.1|A/cattle/Texas/24-008749-003/2024(H5N1)	1751	2025
PB1|PP755595.1|A/cattle/Texas/24-008749-003/2024(H5N1)	1752	1980
PB1|PP755595.1|A/cattle/Texas/24-008749-003/2024(H5N1)	1753	1980
PB1|PP755595.1|A/cattle/Texas/24-008749-003/2024(H5N1)	1754	1980
PB1|PP755595.1|A/cattle/Texas/24-008749-003/2024(H5N1)	1755	1980
PB1|PP755595.1|A/cattle/Texas/24-008749-003/2024(H5N1)	1756	1980
PB1|PP755595.1|A/cattle/Texas/24-008749-003/2024(H5N1)	1757	1980
PB1|PP755595.1|A/cattle/Texas/24-008749-003/2024(H5N1)	1758	1614
PB1|PP755595.1|A/cattle/Texas/24-008749-003/2024(H5N1)	1759	1614
PB1|PP755595.1|A/cattle/Texas/24-008749-003/2024(H5N1)	1760	1788
PB1|PP755595.1|A/cattle/Texas/24-008749-003/2024(H5N1)	1761	1789
PB1|PP755595.1|A/cattle/Texas/24-008749-003/2024(H5N1)	1762	1822
PB1|PP755595.1|A/cattle/Texas/24-008749-003/2024(H5N1)	1763	1839
PB1|PP755595.1|A/cattle/Texas/24-008749-003/2024(H5N1)	1764	1839
PB1|PP755595.1|A/cattle/Texas/24-008749-003/2024(H5N1)	1765	1839
PB1|PP755595.1|A/cattle/Texas/24-008749-003/2024(H5N1)	1766	1839
PB1|PP755595.1|A/cattle/Texas/24-008749-003/2024(H5N1)	1767	1839
PB1|PP755595.1|A/cattle/Texas/24-008749-003/2024(H5N1)	1768	1839
PB1|PP755595.1|A/cattle/Texas/24-008749-003/2024(H5N1)	1769	1840
PB1|PP755595.1|A/cattle/Texas/24-008749-003/2024(H5N1)	1770	1841
PB1|PP755595.1|A/cattle/Texas/24-008749-003/2024(H5N1)	1771	1841
PB1|PP755595.1|A/cattle/Texas/24-008749-003/2024(H5N1)	1772	1841
PB1|PP755595.1|A/cattle/Texas/24-008749-003/2024(H5N1)	1773	1841
PB1|PP755595.1|A/cattle/Texas/24-008749-003/2024(H5N1)	1774	1963
PB1|PP755595.1|A/cattle/Texas/24-008749-003/2024(H5N1)	1775	1966
PB1|PP755595.1|A/cattle/Texas/24-008749-003/2024(H5N1)	1776	1966
PB1|PP755595.1|A/cattle/Texas/24-008749-003/2024(H5N1)	1777	1965
PB1|PP755595.1|A/cattle/Texas/24-008749-003/2024(H5N1)	1778	1965
PB1|PP755595.1|A/cattle/Texas/24-008749-003/2024(H5N1)	1779	1961
PB1|PP755595.1|A/cattle/Texas/24-008749-003/2024(H5N1)	1780	1921
PB1|PP755595.1|A/cattle/Texas/24-008749-003/2024(H5N1)	1781	1914
PB1|PP755595.1|A/cattle/Texas/24-008749-003/2024(H5N1)	1782	1882
PB1|PP755595.1|A/cattle/Texas/24-008749-003/2024(H5N1)	1783	1882
PB1|PP755595.1|A/cattle/Texas/24-008749-003/2024(H5N1)	1784	1863
PB1|PP755595.1|A/cattle/Texas/24-008749-003/2024(H5N1)	1785	1849
PB1|PP755595.1|A/cattle/Texas/24-008749-003/2024(H5N1)	1786	1849
PB1|PP755595.1|A/cattle/Texas/24-008749-003/2024(H5N1)	1787	1849
PB1|PP755595.1|A/cattle/Texas/24-008749-003/2024(H5N1)	1788	1849
PB1|PP755595.1|A/cattle/Texas/24-008749-003/2024(H5N1)	1789	1849
PB1|PP755595.1|A/cattle/Texas/24-008749-003/2024(H5N1)	1790	1849
PB1|PP755595.1|A/cattle/Texas/24-008749-003/2024(H5N1)	1791	1846
PB1|PP755595.1|A/cattle/Texas/24-008749-003/2024(H5N1)	1792	1841
PB1|PP755595.1|A/cattle/Texas/24-008749-003/2024(H5N1)	1793	1790
PB1|PP755595.1|A/cattle/Texas/24-008749-003/2024(H5N1)	1794	1788
PB1|PP755595.1|A/cattle/Texas/24-008749-003/2024(H5N1)	1795	1786
PB1|PP755595.1|A/cattle/Texas/24-008749-003/2024(H5N1)	1796	1776
PB1|PP755595.1|A/cattle/Texas/24-008749-003/2024(H5N1)	1797	1772
PB1|PP755595.1|A/cattle/Texas/24-008749-003/2024(H5N1)	1798	1646
PB1|PP755595.1|A/cattle/Texas/24-008749-003/2024(H5N1)	1799	1640
PB1|PP755595.1|A/cattle/Texas/24-008749-003/2024(H5N1)	1800	13
PB1|PP755595.1|A/cattle/Texas/24-008749-003/2024(H5N1)	1801	12
PB1|PP755595.1|A/cattle/Texas/24-008749-003/2024(H5N1)	1802	12
PB1|PP755595.1|A/cattle/Texas/24-008749-003/2024(H5N1)	1803	12
PB1|PP755595.1|A/cattle/Texas/24-008749-003/2024(H5N1)	1804	12
PB1|PP755595.1|A/cattle/Texas/24-008749-003/2024(H5N1)	1805	12
PB1|PP755595.1|A/cattle/Texas/24-008749-003/2024(H5N1)	1806	12
PB1|PP755595.1|A/cattle/Texas/24-008749-003/2024(H5N1)	1807	12
PB1|PP755595.1|A/cattle/Texas/24-008749-003/2024(H5N1)	1808	12
PB1|PP755595.1|A/cattle/Texas/24-008749-003/2024(H5N1)	1809	12
PB1|PP755595.1|A/cattle/Texas/24-008749-003/2024(H5N1)	1810	12
PB1|PP755595.1|A/cattle/Texas/24-008749-003/2024(H5N1)	1811	12
PB1|PP755595.1|A/cattle/Texas/24-008749-003/2024(H5N1)	1812	12
PB1|PP755595.1|A/cattle/Texas/24-008749-003/2024(H5N1)	1813	12
PB1|PP755595.1|A/cattle/Texas/24-008749-003/2024(H5N1)	1814	12
PB1|PP755595.1|A/cattle/Texas/24-008749-003/2024(H5N1)	1815	9
PB1|PP755595.1|A/cattle/Texas/24-008749-003/2024(H5N1)	1816	9
PB1|PP755595.1|A/cattle/Texas/24-008749-003/2024(H5N1)	1817	9
PB1|PP755595.1|A/cattle/Texas/24-008749-003/2024(H5N1)	1818	7
PB1|PP755595.1|A/cattle/Texas/24-008749-003/2024(H5N1)	1819	7
PB1|PP755595.1|A/cattle/Texas/24-008749-003/2024(H5N1)	1820	7
PB1|PP755595.1|A/cattle/Texas/24-008749-003/2024(H5N1)	1821	5
PB1|PP755595.1|A/cattle/Texas/24-008749-003/2024(H5N1)	1822	5
PB1|PP755595.1|A/cattle/Texas/24-008749-003/2024(H5N1)	1823	5
PB1|PP755595.1|A/cattle/Texas/24-008749-003/2024(H5N1)	1824	5
PB1|PP755595.1|A/cattle/Texas/24-008749-003/2024(H5N1)	1825	6
PB1|PP755595.1|A/cattle/Texas/24-008749-003/2024(H5N1)	1826	6
PB1|PP755595.1|A/cattle/Texas/24-008749-003/2024(H5N1)	1827	6
PB1|PP755595.1|A/cattle/Texas/24-008749-003/2024(H5N1)	1828	6
PB1|PP755595.1|A/cattle/Texas/24-008749-003/2024(H5N1)	1829	6
PB1|PP755595.1|A/cattle/Texas/24-008749-003/2024(H5N1)	1830	6
PB1|PP755595.1|A/cattle/Texas/24-008749-003/2024(H5N1)	1831	5
PB1|PP755595.1|A/cattle/Texas/24-008749-003/2024(H5N1)	1832	5
PB1|PP755595.1|A/cattle/Texas/24-008749-003/2024(H5N1)	1833	5
PB1|PP755595.1|A/cattle/Texas/24-008749-003/2024(H5N1)	1834	5
PB1|PP755595.1|A/cattle/Texas/24-008749-003/2024(H5N1)	1835	5
PB1|PP755595.1|A/cattle/Texas/24-008749-003/2024(H5N1)	1836	5
PB1|PP755595.1|A/cattle/Texas/24-008749-003/2024(H5N1)	1837	6
PB1|PP755595.1|A/cattle/Texas/24-008749-003/2024(H5N1)	1838	6
PB1|PP755595.1|A/cattle/Texas/24-008749-003/2024(H5N1)	1839	6
PB1|PP755595.1|A/cattle/Texas/24-008749-003/2024(H5N1)	1840	6
PB1|PP755595.1|A/cattle/Texas/24-008749-003/2024(H5N1)	1841	6
PB1|PP755595.1|A/cattle/Texas/24-008749-003/2024(H5N1)	1842	6
PB1|PP755595.1|A/cattle/Texas/24-008749-003/2024(H5N1)	1843	6
PB1|PP755595.1|A/cattle/Texas/24-008749-003/2024(H5N1)	1844	6
PB1|PP755595.1|A/cattle/Texas/24-008749-003/2024(H5N1)	1845	7
PB1|PP755595.1|A/cattle/Texas/24-008749-003/2024(H5N1)	1846	10
PB1|PP755595.1|A/cattle/Texas/24-008749-003/2024(H5N1)	1847	10
PB1|PP755595.1|A/cattle/Texas/24-008749-003/2024(H5N1)	1848	10
PB1|PP755595.1|A/cattle/Texas/24-008749-003/2024(H5N1)	1849	11
PB1|PP755595.1|A/cattle/Texas/24-008749-003/2024(H5N1)	1850	11
PB1|PP755595.1|A/cattle/Texas/24-008749-003/2024(H5N1)	1851	11
PB1|PP755595.1|A/cattle/Texas/24-008749-003/2024(H5N1)	1852	11
PB1|PP755595.1|A/cattle/Texas/24-008749-003/2024(H5N1)	1853	11
PB1|PP755595.1|A/cattle/Texas/24-008749-003/2024(H5N1)	1854	11
PB1|PP755595.1|A/cattle/Texas/24-008749-003/2024(H5N1)	1855	11
PB1|PP755595.1|A/cattle/Texas/24-008749-003/2024(H5N1)	1856	11
PB1|PP755595.1|A/cattle/Texas/24-008749-003/2024(H5N1)	1857	9
PB1|PP755595.1|A/cattle/Texas/24-008749-003/2024(H5N1)	1858	9
PB1|PP755595.1|A/cattle/Texas/24-008749-003/2024(H5N1)	1859	9
PB1|PP755595.1|A/cattle/Texas/24-008749-003/2024(H5N1)	1860	9
PB1|PP755595.1|A/cattle/Texas/24-008749-003/2024(H5N1)	1861	9
PB1|PP755595.1|A/cattle/Texas/24-008749-003/2024(H5N1)	1862	9
PB1|PP755595.1|A/cattle/Texas/24-008749-003/2024(H5N1)	1863	9
PB1|PP755595.1|A/cattle/Texas/24-008749-003/2024(H5N1)	1864	9
PB1|PP755595.1|A/cattle/Texas/24-008749-003/2024(H5N1)	1865	9
PB1|PP755595.1|A/cattle/Texas/24-008749-003/2024(H5N1)	1866	9
PB1|PP755595.1|A/cattle/Texas/24-008749-003/2024(H5N1)	1867	9
PB1|PP755595.1|A/cattle/Texas/24-008749-003/2024(H5N1)	1868	9
PB1|PP755595.1|A/cattle/Texas/24-008749-003/2024(H5N1)	1869	9
PB1|PP755595.1|A/cattle/Texas/24-008749-003/2024(H5N1)	1870	9
PB1|PP755595.1|A/cattle/Texas/24-008749-003/2024(H5N1)	1871	9
PB1|PP755595.1|A/cattle/Texas/24-008749-003/2024(H5N1)	1872	9
PB1|PP755595.1|A/cattle/Texas/24-008749-003/2024(H5N1)	1873	9
PB1|PP755595.1|A/cattle/Texas/24-008749-003/2024(H5N1)	1874	9
PB1|PP755595.1|A/cattle/Texas/24-008749-003/2024(H5N1)	1875	9
PB1|PP755595.1|A/cattle/Texas/24-008749-003/2024(H5N1)	1876	9
PB1|PP755595.1|A/cattle/Texas/24-008749-003/2024(H5N1)	1877	9
PB1|PP755595.1|A/cattle/Texas/24-008749-003/2024(H5N1)	1878	9
PB1|PP755595.1|A/cattle/Texas/24-008749-003/2024(H5N1)	1879	9
PB1|PP755595.1|A/cattle/Texas/24-008749-003/2024(H5N1)	1880	9
PB1|PP755595.1|A/cattle/Texas/24-008749-003/2024(H5N1)	1881	9
PB1|PP755595.1|A/cattle/Texas/24-008749-003/2024(H5N1)	1882	9
PB1|PP755595.1|A/cattle/Texas/24-008749-003/2024(H5N1)	1883	9
PB1|PP755595.1|A/cattle/Texas/24-008749-003/2024(H5N1)	1884	9
PB1|PP755595.1|A/cattle/Texas/24-008749-003/2024(H5N1)	1885	9
PB1|PP755595.1|A/cattle/Texas/24-008749-003/2024(H5N1)	1886	9
PB1|PP755595.1|A/cattle/Texas/24-008749-003/2024(H5N1)	1887	9
PB1|PP755595.1|A/cattle/Texas/24-008749-003/2024(H5N1)	1888	11
PB1|PP755595.1|A/cattle/Texas/24-008749-003/2024(H5N1)	1889	11
PB1|PP755595.1|A/cattle/Texas/24-008749-003/2024(H5N1)	1890	11
PB1|PP755595.1|A/cattle/Texas/24-008749-003/2024(H5N1)	1891	1506
PB1|PP755595.1|A/cattle/Texas/24-008749-003/2024(H5N1)	1892	1506
PB1|PP755595.1|A/cattle/Texas/24-008749-003/2024(H5N1)	1893	1506
PB1|PP755595.1|A/cattle/Texas/24-008749-003/2024(H5N1)	1894	1506
PB1|PP755595.1|A/cattle/Texas/24-008749-003/2024(H5N1)	1895	1506
PB1|PP755595.1|A/cattle/Texas/24-008749-003/2024(H5N1)	1896	1506
PB1|PP755595.1|A/cattle/Texas/24-008749-003/2024(H5N1)	1897	1530
PB1|PP755595.1|A/cattle/Texas/24-008749-003/2024(H5N1)	1898	1530
PB1|PP755595.1|A/cattle/Texas/24-008749-003/2024(H5N1)	1899	1530
PB1|PP755595.1|A/cattle/Texas/24-008749-003/2024(H5N1)	1900	1530
PB1|PP755595.1|A/cattle/Texas/24-008749-003/2024(H5N1)	1901	1530
PB1|PP755595.1|A/cattle/Texas/24-008749-003/2024(H5N1)	1902	1530
PB1|PP755595.1|A/cattle/Texas/24-008749-003/2024(H5N1)	1903	1593
PB1|PP755595.1|A/cattle/Texas/24-008749-003/2024(H5N1)	1904	1615
PB1|PP755595.1|A/cattle/Texas/24-008749-003/2024(H5N1)	1905	1616
PB1|PP755595.1|A/cattle/Texas/24-008749-003/2024(H5N1)	1906	1616
PB1|PP755595.1|A/cattle/Texas/24-008749-003/2024(H5N1)	1907	1616
PB1|PP755595.1|A/cattle/Texas/24-008749-003/2024(H5N1)	1908	1616
PB1|PP755595.1|A/cattle/Texas/24-008749-003/2024(H5N1)	1909	1616
PB1|PP755595.1|A/cattle/Texas/24-008749-003/2024(H5N1)	1910	1616
PB1|PP755595.1|A/cattle/Texas/24-008749-003/2024(H5N1)	1911	1616
PB1|PP755595.1|A/cattle/Texas/24-008749-003/2024(H5N1)	1912	1616
PB1|PP755595.1|A/cattle/Texas/24-008749-003/2024(H5N1)	1913	1616
PB1|PP755595.1|A/cattle/Texas/24-008749-003/2024(H5N1)	1914	1616
PB1|PP755595.1|A/cattle/Texas/24-008749-003/2024(H5N1)	1915	1616
PB1|PP755595.1|A/cattle/Texas/24-008749-003/2024(H5N1)	1916	1616
PB1|PP755595.1|A/cattle/Texas/24-008749-003/2024(H5N1)	1917	1615
PB1|PP755595.1|A/cattle/Texas/24-008749-003/2024(H5N1)	1918	1615
PB1|PP755595.1|A/cattle/Texas/24-008749-003/2024(H5N1)	1919	1615
PB1|PP755595.1|A/cattle/Texas/24-008749-003/2024(H5N1)	1920	1615
PB1|PP755595.1|A/cattle/Texas/24-008749-003/2024(H5N1)	1921	1813
PB1|PP755595.1|A/cattle/Texas/24-008749-003/2024(H5N1)	1922	1821
PB1|PP755595.1|A/cattle/Texas/24-008749-003/2024(H5N1)	1923	1827
PB1|PP755595.1|A/cattle/Texas/24-008749-003/2024(H5N1)	1924	1829
PB1|PP755595.1|A/cattle/Texas/24-008749-003/2024(H5N1)	1925	1896
PB1|PP755595.1|A/cattle/Texas/24-008749-003/2024(H5N1)	1926	1902
PB1|PP755595.1|A/cattle/Texas/24-008749-003/2024(H5N1)	1927	1919
PB1|PP755595.1|A/cattle/Texas/24-008749-003/2024(H5N1)	1928	1919
PB1|PP755595.1|A/cattle/Texas/24-008749-003/2024(H5N1)	1929	1919
PB1|PP755595.1|A/cattle/Texas/24-008749-003/2024(H5N1)	1930	1919
PB1|PP755595.1|A/cattle/Texas/24-008749-003/2024(H5N1)	1931	1919
PB1|PP755595.1|A/cattle/Texas/24-008749-003/2024(H5N1)	1932	1922
PB1|PP755595.1|A/cattle/Texas/24-008749-003/2024(H5N1)	1933	1922
PB1|PP755595.1|A/cattle/Texas/24-008749-003/2024(H5N1)	1934	1922
PB1|PP755595.1|A/cattle/Texas/24-008749-003/2024(H5N1)	1935	1902
PB1|PP755595.1|A/cattle/Texas/24-008749-003/2024(H5N1)	1936	1891
PB1|PP755595.1|A/cattle/Texas/24-008749-003/2024(H5N1)	1937	1793
PB1|PP755595.1|A/cattle/Texas/24-008749-003/2024(H5N1)	1938	1793
PB1|PP755595.1|A/cattle/Texas/24-008749-003/2024(H5N1)	1939	1793
PB1|PP755595.1|A/cattle/Texas/24-008749-003/2024(H5N1)	1940	1793
PB1|PP755595.1|A/cattle/Texas/24-008749-003/2024(H5N1)	1941	1792
PB1|PP755595.1|A/cattle/Texas/24-008749-003/2024(H5N1)	1942	1792
PB1|PP755595.1|A/cattle/Texas/24-008749-003/2024(H5N1)	1943	1765
PB1|PP755595.1|A/cattle/Texas/24-008749-003/2024(H5N1)	1944	1296
PB1|PP755595.1|A/cattle/Texas/24-008749-003/2024(H5N1)	1945	1296
PB1|PP755595.1|A/cattle/Texas/24-008749-003/2024(H5N1)	1946	1296
PB1|PP755595.1|A/cattle/Texas/24-008749-003/2024(H5N1)	1947	1295
PB1|PP755595.1|A/cattle/Texas/24-008749-003/2024(H5N1)	1948	1295
PB1|PP755595.1|A/cattle/Texas/24-008749-003/2024(H5N1)	1949	1295
PB1|PP755595.1|A/cattle/Texas/24-008749-003/2024(H5N1)	1950	1294
PB1|PP755595.1|A/cattle/Texas/24-008749-003/2024(H5N1)	1951	1294
PB1|PP755595.1|A/cattle/Texas/24-008749-003/2024(H5N1)	1952	1294
PB1|PP755595.1|A/cattle/Texas/24-008749-003/2024(H5N1)	1953	1294
PB1|PP755595.1|A/cattle/Texas/24-008749-003/2024(H5N1)	1954	1294
PB1|PP755595.1|A/cattle/Texas/24-008749-003/2024(H5N1)	1955	1294
PB1|PP755595.1|A/cattle/Texas/24-008749-003/2024(H5N1)	1956	1294
PB1|PP755595.1|A/cattle/Texas/24-008749-003/2024(H5N1)	1957	1294
PB1|PP755595.1|A/cattle/Texas/24-008749-003/2024(H5N1)	1958	1294
PB1|PP755595.1|A/cattle/Texas/24-008749-003/2024(H5N1)	1959	1294
PB1|PP755595.1|A/cattle/Texas/24-008749-003/2024(H5N1)	1960	1294
PB1|PP755595.1|A/cattle/Texas/24-008749-003/2024(H5N1)	1961	1294
PB1|PP755595.1|A/cattle/Texas/24-008749-003/2024(H5N1)	1962	1301
PB1|PP755595.1|A/cattle/Texas/24-008749-003/2024(H5N1)	1963	1742
PB1|PP755595.1|A/cattle/Texas/24-008749-003/2024(H5N1)	1964	1744
PB1|PP755595.1|A/cattle/Texas/24-008749-003/2024(H5N1)	1965	1753
PB1|PP755595.1|A/cattle/Texas/24-008749-003/2024(H5N1)	1966	1867
PB1|PP755595.1|A/cattle/Texas/24-008749-003/2024(H5N1)	1967	1872
PB1|PP755595.1|A/cattle/Texas/24-008749-003/2024(H5N1)	1968	1928
PB1|PP755595.1|A/cattle/Texas/24-008749-003/2024(H5N1)	1969	1928
PB1|PP755595.1|A/cattle/Texas/24-008749-003/2024(H5N1)	1970	1928
PB1|PP755595.1|A/cattle/Texas/24-008749-003/2024(H5N1)	1971	1928
PB1|PP755595.1|A/cattle/Texas/24-008749-003/2024(H5N1)	1972	1928
PB1|PP755595.1|A/cattle/Texas/24-008749-003/2024(H5N1)	1973	1928
PB1|PP755595.1|A/cattle/Texas/24-008749-003/2024(H5N1)	1974	1928
PB1|PP755595.1|A/cattle/Texas/24-008749-003/2024(H5N1)	1975	1862
PB1|PP755595.1|A/cattle/Texas/24-008749-003/2024(H5N1)	1976	1856
PB1|PP755595.1|A/cattle/Texas/24-008749-003/2024(H5N1)	1977	1767
PB1|PP755595.1|A/cattle/Texas/24-008749-003/2024(H5N1)	1978	1767
PB1|PP755595.1|A/cattle/Texas/24-008749-003/2024(H5N1)	1979	1767
PB1|PP755595.1|A/cattle/Texas/24-008749-003/2024(H5N1)	1980	1767
PB1|PP755595.1|A/cattle/Texas/24-008749-003/2024(H5N1)	1981	1767
PB1|PP755595.1|A/cattle/Texas/24-008749-003/2024(H5N1)	1982	1767
PB1|PP755595.1|A/cattle/Texas/24-008749-003/2024(H5N1)	1983	981
PB1|PP755595.1|A/cattle/Texas/24-008749-003/2024(H5N1)	1984	981
PB1|PP755595.1|A/cattle/Texas/24-008749-003/2024(H5N1)	1985	981
PB1|PP755595.1|A/cattle/Texas/24-008749-003/2024(H5N1)	1986	981
PB1|PP755595.1|A/cattle/Texas/24-008749-003/2024(H5N1)	1987	981
PB1|PP755595.1|A/cattle/Texas/24-008749-003/2024(H5N1)	1988	981
PB1|PP755595.1|A/cattle/Texas/24-008749-003/2024(H5N1)	1989	990
PB1|PP755595.1|A/cattle/Texas/24-008749-003/2024(H5N1)	1990	990
PB1|PP755595.1|A/cattle/Texas/24-008749-003/2024(H5N1)	1991	990
PB1|PP755595.1|A/cattle/Texas/24-008749-003/2024(H5N1)	1992	991
PB1|PP755595.1|A/cattle/Texas/24-008749-003/2024(H5N1)	1993	997
PB1|PP755595.1|A/cattle/Texas/24-008749-003/2024(H5N1)	1994	1012
PB1|PP755595.1|A/cattle/Texas/24-008749-003/2024(H5N1)	1995	1012
PB1|PP755595.1|A/cattle/Texas/24-008749-003/2024(H5N1)	1996	1056
PB1|PP755595.1|A/cattle/Texas/24-008749-003/2024(H5N1)	1997	1056
PB1|PP755595.1|A/cattle/Texas/24-008749-003/2024(H5N1)	1998	1059
PB1|PP755595.1|A/cattle/Texas/24-008749-003/2024(H5N1)	1999	1092
PB1|PP755595.1|A/cattle/Texas/24-008749-003/2024(H5N1)	2000	1093
PB1|PP755595.1|A/cattle/Texas/24-008749-003/2024(H5N1)	2001	1091
PB1|PP755595.1|A/cattle/Texas/24-008749-003/2024(H5N1)	2002	1134
PB1|PP755595.1|A/cattle/Texas/24-008749-003/2024(H5N1)	2003	1136
PB1|PP755595.1|A/cattle/Texas/24-008749-003/2024(H5N1)	2004	1137
PB1|PP755595.1|A/cattle/Texas/24-008749-003/2024(H5N1)	2005	1138
PB1|PP755595.1|A/cattle/Texas/24-008749-003/2024(H5N1)	2006	1138
PB1|PP755595.1|A/cattle/Texas/24-008749-003/2024(H5N1)	2007	1136
PB1|PP755595.1|A/cattle/Texas/24-008749-003/2024(H5N1)	2008	1138
PB1|PP755595.1|A/cattle/Texas/24-008749-003/2024(H5N1)	2009	1140
PB1|PP755595.1|A/cattle/Texas/24-008749-003/2024(H5N1)	2010	1142
PB1|PP755595.1|A/cattle/Texas/24-008749-003/2024(H5N1)	2011	1142
PB1|PP755595.1|A/cattle/Texas/24-008749-003/2024(H5N1)	2012	1143
PB1|PP755595.1|A/cattle/Texas/24-008749-003/2024(H5N1)	2013	1141
PB1|PP755595.1|A/cattle/Texas/24-008749-003/2024(H5N1)	2014	1175
PB1|PP755595.1|A/cattle/Texas/24-008749-003/2024(H5N1)	2015	1175
PB1|PP755595.1|A/cattle/Texas/24-008749-003/2024(H5N1)	2016	1175
PB1|PP755595.1|A/cattle/Texas/24-008749-003/2024(H5N1)	2017	1186
PB1|PP755595.1|A/cattle/Texas/24-008749-003/2024(H5N1)	2018	1188
PB1|PP755595.1|A/cattle/Texas/24-008749-003/2024(H5N1)	2019	1189
PB1|PP755595.1|A/cattle/Texas/24-008749-003/2024(H5N1)	2020	1209
PB1|PP755595.1|A/cattle/Texas/24-008749-003/2024(H5N1)	2021	1265
PB1|PP755595.1|A/cattle/Texas/24-008749-003/2024(H5N1)	2022	1359
PB1|PP755595.1|A/cattle/Texas/24-008749-003/2024(H5N1)	2023	1463
PB1|PP755595.1|A/cattle/Texas/24-008749-003/2024(H5N1)	2024	1463
PB1|PP755595.1|A/cattle/Texas/24-008749-003/2024(H5N1)	2025	1463
PB1|PP755595.1|A/cattle/Texas/24-008749-003/2024(H5N1)	2026	1487
PB1|PP755595.1|A/cattle/Texas/24-008749-003/2024(H5N1)	2027	1525
PB1|PP755595.1|A/cattle/Texas/24-008749-003/2024(H5N1)	2028	1527
PB1|PP755595.1|A/cattle/Texas/24-008749-003/2024(H5N1)	2029	1542
PB1|PP755595.1|A/cattle/Texas/24-008749-003/2024(H5N1)	2030	1542
PB1|PP755595.1|A/cattle/Texas/24-008749-003/2024(H5N1)	2031	1542
PB1|PP755595.1|A/cattle/Texas/24-008749-003/2024(H5N1)	2032	1556
PB1|PP755595.1|A/cattle/Texas/24-008749-003/2024(H5N1)	2033	1580
PB1|PP755595.1|A/cattle/Texas/24-008749-003/2024(H5N1)	2034	1699
PB1|PP755595.1|A/cattle/Texas/24-008749-003/2024(H5N1)	2035	3401
PB1|PP755595.1|A/cattle/Texas/24-008749-003/2024(H5N1)	2036	3412
PB1|PP755595.1|A/cattle/Texas/24-008749-003/2024(H5N1)	2037	3455
PB1|PP755595.1|A/cattle/Texas/24-008749-003/2024(H5N1)	2038	3461
PB1|PP755595.1|A/cattle/Texas/24-008749-003/2024(H5N1)	2039	3505
PB1|PP755595.1|A/cattle/Texas/24-008749-003/2024(H5N1)	2040	3629
PB1|PP755595.1|A/cattle/Texas/24-008749-003/2024(H5N1)	2041	3629
PB1|PP755595.1|A/cattle/Texas/24-008749-003/2024(H5N1)	2042	3636
PB1|PP755595.1|A/cattle/Texas/24-008749-003/2024(H5N1)	2043	3694
PB1|PP755595.1|A/cattle/Texas/24-008749-003/2024(H5N1)	2044	3705
PB1|PP755595.1|A/cattle/Texas/24-008749-003/2024(H5N1)	2045	3734
PB1|PP755595.1|A/cattle/Texas/24-008749-003/2024(H5N1)	2046	3696
PB1|PP755595.1|A/cattle/Texas/24-008749-003/2024(H5N1)	2047	3705
PB1|PP755595.1|A/cattle/Texas/24-008749-003/2024(H5N1)	2048	3705
PB1|PP755595.1|A/cattle/Texas/24-008749-003/2024(H5N1)	2049	3709
PB1|PP755595.1|A/cattle/Texas/24-008749-003/2024(H5N1)	2050	3711
PB1|PP755595.1|A/cattle/Texas/24-008749-003/2024(H5N1)	2051	3712
PB1|PP755595.1|A/cattle/Texas/24-008749-003/2024(H5N1)	2052	3641
PB1|PP755595.1|A/cattle/Texas/24-008749-003/2024(H5N1)	2053	3667
PB1|PP755595.1|A/cattle/Texas/24-008749-003/2024(H5N1)	2054	3678
PB1|PP755595.1|A/cattle/Texas/24-008749-003/2024(H5N1)	2055	3686
PB1|PP755595.1|A/cattle/Texas/24-008749-003/2024(H5N1)	2056	4033
PB1|PP755595.1|A/cattle/Texas/24-008749-003/2024(H5N1)	2057	4046
PB1|PP755595.1|A/cattle/Texas/24-008749-003/2024(H5N1)	2058	4049
PB1|PP755595.1|A/cattle/Texas/24-008749-003/2024(H5N1)	2059	4068
PB1|PP755595.1|A/cattle/Texas/24-008749-003/2024(H5N1)	2060	4071
PB1|PP755595.1|A/cattle/Texas/24-008749-003/2024(H5N1)	2061	4088
PB1|PP755595.1|A/cattle/Texas/24-008749-003/2024(H5N1)	2062	4147
PB1|PP755595.1|A/cattle/Texas/24-008749-003/2024(H5N1)	2063	4150
PB1|PP755595.1|A/cattle/Texas/24-008749-003/2024(H5N1)	2064	4147
PB1|PP755595.1|A/cattle/Texas/24-008749-003/2024(H5N1)	2065	4108
PB1|PP755595.1|A/cattle/Texas/24-008749-003/2024(H5N1)	2066	4084
PB1|PP755595.1|A/cattle/Texas/24-008749-003/2024(H5N1)	2067	3798
PB1|PP755595.1|A/cattle/Texas/24-008749-003/2024(H5N1)	2068	3798
PB1|PP755595.1|A/cattle/Texas/24-008749-003/2024(H5N1)	2069	3793
PB1|PP755595.1|A/cattle/Texas/24-008749-003/2024(H5N1)	2070	3792
PB1|PP755595.1|A/cattle/Texas/24-008749-003/2024(H5N1)	2071	3833
PB1|PP755595.1|A/cattle/Texas/24-008749-003/2024(H5N1)	2072	3845
PB1|PP755595.1|A/cattle/Texas/24-008749-003/2024(H5N1)	2073	3864
PB1|PP755595.1|A/cattle/Texas/24-008749-003/2024(H5N1)	2074	4629
PB1|PP755595.1|A/cattle/Texas/24-008749-003/2024(H5N1)	2075	4717
PB1|PP755595.1|A/cattle/Texas/24-008749-003/2024(H5N1)	2076	4752
PB1|PP755595.1|A/cattle/Texas/24-008749-003/2024(H5N1)	2077	4768
PB1|PP755595.1|A/cattle/Texas/24-008749-003/2024(H5N1)	2078	4769
PB1|PP755595.1|A/cattle/Texas/24-008749-003/2024(H5N1)	2079	4772
PB1|PP755595.1|A/cattle/Texas/24-008749-003/2024(H5N1)	2080	4774
PB1|PP755595.1|A/cattle/Texas/24-008749-003/2024(H5N1)	2081	4793
PB1|PP755595.1|A/cattle/Texas/24-008749-003/2024(H5N1)	2082	4815
PB1|PP755595.1|A/cattle/Texas/24-008749-003/2024(H5N1)	2083	4839
PB1|PP755595.1|A/cattle/Texas/24-008749-003/2024(H5N1)	2084	4952
PB1|PP755595.1|A/cattle/Texas/24-008749-003/2024(H5N1)	2085	5034
PB1|PP755595.1|A/cattle/Texas/24-008749-003/2024(H5N1)	2086	5089
PB1|PP755595.1|A/cattle/Texas/24-008749-003/2024(H5N1)	2087	5090
PB1|PP755595.1|A/cattle/Texas/24-008749-003/2024(H5N1)	2088	4955
PB1|PP755595.1|A/cattle/Texas/24-008749-003/2024(H5N1)	2089	4965
PB1|PP755595.1|A/cattle/Texas/24-008749-003/2024(H5N1)	2090	4969
PB1|PP755595.1|A/cattle/Texas/24-008749-003/2024(H5N1)	2091	4973
PB1|PP755595.1|A/cattle/Texas/24-008749-003/2024(H5N1)	2092	5680
PB1|PP755595.1|A/cattle/Texas/24-008749-003/2024(H5N1)	2093	5890
PB1|PP755595.1|A/cattle/Texas/24-008749-003/2024(H5N1)	2094	5929
PB1|PP755595.1|A/cattle/Texas/24-008749-003/2024(H5N1)	2095	5944
PB1|PP755595.1|A/cattle/Texas/24-008749-003/2024(H5N1)	2096	6049
PB1|PP755595.1|A/cattle/Texas/24-008749-003/2024(H5N1)	2097	6082
PB1|PP755595.1|A/cattle/Texas/24-008749-003/2024(H5N1)	2098	6160
PB1|PP755595.1|A/cattle/Texas/24-008749-003/2024(H5N1)	2099	6177
PB1|PP755595.1|A/cattle/Texas/24-008749-003/2024(H5N1)	2100	6137
PB1|PP755595.1|A/cattle/Texas/24-008749-003/2024(H5N1)	2101	6140
PB1|PP755595.1|A/cattle/Texas/24-008749-003/2024(H5N1)	2102	6135
PB1|PP755595.1|A/cattle/Texas/24-008749-003/2024(H5N1)	2103	5992
PB1|PP755595.1|A/cattle/Texas/24-008749-003/2024(H5N1)	2104	5992
PB1|PP755595.1|A/cattle/Texas/24-008749-003/2024(H5N1)	2105	6011
PB1|PP755595.1|A/cattle/Texas/24-008749-003/2024(H5N1)	2106	6517
PB1|PP755595.1|A/cattle/Texas/24-008749-003/2024(H5N1)	2107	6693
PB1|PP755595.1|A/cattle/Texas/24-008749-003/2024(H5N1)	2108	6699
PB1|PP755595.1|A/cattle/Texas/24-008749-003/2024(H5N1)	2109	6784
PB1|PP755595.1|A/cattle/Texas/24-008749-003/2024(H5N1)	2110	6904
PB1|PP755595.1|A/cattle/Texas/24-008749-003/2024(H5N1)	2111	6929
PB1|PP755595.1|A/cattle/Texas/24-008749-003/2024(H5N1)	2112	7007
PB1|PP755595.1|A/cattle/Texas/24-008749-003/2024(H5N1)	2113	7048
PB1|PP755595.1|A/cattle/Texas/24-008749-003/2024(H5N1)	2114	7108
PB1|PP755595.1|A/cattle/Texas/24-008749-003/2024(H5N1)	2115	7108
PB1|PP755595.1|A/cattle/Texas/24-008749-003/2024(H5N1)	2116	7092
PB1|PP755595.1|A/cattle/Texas/24-008749-003/2024(H5N1)	2117	6997
PB1|PP755595.1|A/cattle/Texas/24-008749-003/2024(H5N1)	2118	7133
PB1|PP755595.1|A/cattle/Texas/24-008749-003/2024(H5N1)	2119	7063
PB1|PP755595.1|A/cattle/Texas/24-008749-003/2024(H5N1)	2120	7042
PB1|PP755595.1|A/cattle/Texas/24-008749-003/2024(H5N1)	2121	6871
PB1|PP755595.1|A/cattle/Texas/24-008749-003/2024(H5N1)	2122	6932
PB1|PP755595.1|A/cattle/Texas/24-008749-003/2024(H5N1)	2123	6935
PB1|PP755595.1|A/cattle/Texas/24-008749-003/2024(H5N1)	2124	6943
PB1|PP755595.1|A/cattle/Texas/24-008749-003/2024(H5N1)	2125	7131
PB1|PP755595.1|A/cattle/Texas/24-008749-003/2024(H5N1)	2126	7200
PB1|PP755595.1|A/cattle/Texas/24-008749-003/2024(H5N1)	2127	7241
PB1|PP755595.1|A/cattle/Texas/24-008749-003/2024(H5N1)	2128	7252
PB1|PP755595.1|A/cattle/Texas/24-008749-003/2024(H5N1)	2129	7266
PB1|PP755595.1|A/cattle/Texas/24-008749-003/2024(H5N1)	2130	7313
PB1|PP755595.1|A/cattle/Texas/24-008749-003/2024(H5N1)	2131	7324
PB1|PP755595.1|A/cattle/Texas/24-008749-003/2024(H5N1)	2132	7326
PB1|PP755595.1|A/cattle/Texas/24-008749-003/2024(H5N1)	2133	7297
PB1|PP755595.1|A/cattle/Texas/24-008749-003/2024(H5N1)	2134	7528
PB1|PP755595.1|A/cattle/Texas/24-008749-003/2024(H5N1)	2135	7449
PB1|PP755595.1|A/cattle/Texas/24-008749-003/2024(H5N1)	2136	7448
PB1|PP755595.1|A/cattle/Texas/24-008749-003/2024(H5N1)	2137	7440
PB1|PP755595.1|A/cattle/Texas/24-008749-003/2024(H5N1)	2138	7458
PB1|PP755595.1|A/cattle/Texas/24-008749-003/2024(H5N1)	2139	7479
PB1|PP755595.1|A/cattle/Texas/24-008749-003/2024(H5N1)	2140	7849
PB1|PP755595.1|A/cattle/Texas/24-008749-003/2024(H5N1)	2141	7829
PB1|PP755595.1|A/cattle/Texas/24-008749-003/2024(H5N1)	2142	7888
PB1|PP755595.1|A/cattle/Texas/24-008749-003/2024(H5N1)	2143	7793
PB1|PP755595.1|A/cattle/Texas/24-008749-003/2024(H5N1)	2144	7779
PB1|PP755595.1|A/cattle/Texas/24-008749-003/2024(H5N1)	2145	7757
PB1|PP755595.1|A/cattle/Texas/24-008749-003/2024(H5N1)	2146	7772
PB1|PP755595.1|A/cattle/Texas/24-008749-003/2024(H5N1)	2147	7712
PB1|PP755595.1|A/cattle/Texas/24-008749-003/2024(H5N1)	2148	7719
PB1|PP755595.1|A/cattle/Texas/24-008749-003/2024(H5N1)	2149	7699
PB1|PP755595.1|A/cattle/Texas/24-008749-003/2024(H5N1)	2150	7682
PB1|PP755595.1|A/cattle/Texas/24-008749-003/2024(H5N1)	2151	7580
PB1|PP755595.1|A/cattle/Texas/24-008749-003/2024(H5N1)	2152	7233
PB1|PP755595.1|A/cattle/Texas/24-008749-003/2024(H5N1)	2153	7192
PB1|PP755595.1|A/cattle/Texas/24-008749-003/2024(H5N1)	2154	7202
PB1|PP755595.1|A/cattle/Texas/24-008749-003/2024(H5N1)	2155	7210
PB1|PP755595.1|A/cattle/Texas/24-008749-003/2024(H5N1)	2156	7128
PB1|PP755595.1|A/cattle/Texas/24-008749-003/2024(H5N1)	2157	7111
PB1|PP755595.1|A/cattle/Texas/24-008749-003/2024(H5N1)	2158	7095
PB1|PP755595.1|A/cattle/Texas/24-008749-003/2024(H5N1)	2159	7047
PB1|PP755595.1|A/cattle/Texas/24-008749-003/2024(H5N1)	2160	7056
PB1|PP755595.1|A/cattle/Texas/24-008749-003/2024(H5N1)	2161	7005
PB1|PP755595.1|A/cattle/Texas/24-008749-003/2024(H5N1)	2162	7005
PB1|PP755595.1|A/cattle/Texas/24-008749-003/2024(H5N1)	2163	6979
PB1|PP755595.1|A/cattle/Texas/24-008749-003/2024(H5N1)	2164	6965
PB1|PP755595.1|A/cattle/Texas/24-008749-003/2024(H5N1)	2165	6981
PB1|PP755595.1|A/cattle/Texas/24-008749-003/2024(H5N1)	2166	7803
PB1|PP755595.1|A/cattle/Texas/24-008749-003/2024(H5N1)	2167	7862
PB1|PP755595.1|A/cattle/Texas/24-008749-003/2024(H5N1)	2168	7863
PB1|PP755595.1|A/cattle/Texas/24-008749-003/2024(H5N1)	2169	8137
PB1|PP755595.1|A/cattle/Texas/24-008749-003/2024(H5N1)	2170	8149
PB1|PP755595.1|A/cattle/Texas/24-008749-003/2024(H5N1)	2171	8266
PB1|PP755595.1|A/cattle/Texas/24-008749-003/2024(H5N1)	2172	8106
PB1|PP755595.1|A/cattle/Texas/24-008749-003/2024(H5N1)	2173	8079
PB1|PP755595.1|A/cattle/Texas/24-008749-003/2024(H5N1)	2174	7998
PB1|PP755595.1|A/cattle/Texas/24-008749-003/2024(H5N1)	2175	7994
PB1|PP755595.1|A/cattle/Texas/24-008749-003/2024(H5N1)	2176	7969
PB1|PP755595.1|A/cattle/Texas/24-008749-003/2024(H5N1)	2177	7887
PB1|PP755595.1|A/cattle/Texas/24-008749-003/2024(H5N1)	2178	7831
PB1|PP755595.1|A/cattle/Texas/24-008749-003/2024(H5N1)	2179	7818
PB1|PP755595.1|A/cattle/Texas/24-008749-003/2024(H5N1)	2180	7795
PB1|PP755595.1|A/cattle/Texas/24-008749-003/2024(H5N1)	2181	7779
PB1|PP755595.1|A/cattle/Texas/24-008749-003/2024(H5N1)	2182	7785
PB1|PP755595.1|A/cattle/Texas/24-008749-003/2024(H5N1)	2183	7741
PB1|PP755595.1|A/cattle/Texas/24-008749-003/2024(H5N1)	2184	7558
PB1|PP755595.1|A/cattle/Texas/24-008749-003/2024(H5N1)	2185	7558
PB1|PP755595.1|A/cattle/Texas/24-008749-003/2024(H5N1)	2186	7586
PB1|PP755595.1|A/cattle/Texas/24-008749-003/2024(H5N1)	2187	7581
PB1|PP755595.1|A/cattle/Texas/24-008749-003/2024(H5N1)	2188	7534
PB1|PP755595.1|A/cattle/Texas/24-008749-003/2024(H5N1)	2189	7532
PB1|PP755595.1|A/cattle/Texas/24-008749-003/2024(H5N1)	2190	7387
PB1|PP755595.1|A/cattle/Texas/24-008749-003/2024(H5N1)	2191	7383
PB1|PP755595.1|A/cattle/Texas/24-008749-003/2024(H5N1)	2192	7415
PB1|PP755595.1|A/cattle/Texas/24-008749-003/2024(H5N1)	2193	7437
PB1|PP755595.1|A/cattle/Texas/24-008749-003/2024(H5N1)	2194	7333
PB1|PP755595.1|A/cattle/Texas/24-008749-003/2024(H5N1)	2195	7278
PB1|PP755595.1|A/cattle/Texas/24-008749-003/2024(H5N1)	2196	7244
PB1|PP755595.1|A/cattle/Texas/24-008749-003/2024(H5N1)	2197	7225
PB1|PP755595.1|A/cattle/Texas/24-008749-003/2024(H5N1)	2198	7219
PB1|PP755595.1|A/cattle/Texas/24-008749-003/2024(H5N1)	2199	7213
PB1|PP755595.1|A/cattle/Texas/24-008749-003/2024(H5N1)	2200	7012
PB1|PP755595.1|A/cattle/Texas/24-008749-003/2024(H5N1)	2201	6910
PB1|PP755595.1|A/cattle/Texas/24-008749-003/2024(H5N1)	2202	6890
PB1|PP755595.1|A/cattle/Texas/24-008749-003/2024(H5N1)	2203	6871
PB1|PP755595.1|A/cattle/Texas/24-008749-003/2024(H5N1)	2204	6854
PB1|PP755595.1|A/cattle/Texas/24-008749-003/2024(H5N1)	2205	6829
PB1|PP755595.1|A/cattle/Texas/24-008749-003/2024(H5N1)	2206	6823
PB1|PP755595.1|A/cattle/Texas/24-008749-003/2024(H5N1)	2207	6755
PB1|PP755595.1|A/cattle/Texas/24-008749-003/2024(H5N1)	2208	6743
PB1|PP755595.1|A/cattle/Texas/24-008749-003/2024(H5N1)	2209	6791
PB1|PP755595.1|A/cattle/Texas/24-008749-003/2024(H5N1)	2210	6773
PB1|PP755595.1|A/cattle/Texas/24-008749-003/2024(H5N1)	2211	6708
PB1|PP755595.1|A/cattle/Texas/24-008749-003/2024(H5N1)	2212	6664
PB1|PP755595.1|A/cattle/Texas/24-008749-003/2024(H5N1)	2213	6727
PB1|PP755595.1|A/cattle/Texas/24-008749-003/2024(H5N1)	2214	6656
PB1|PP755595.1|A/cattle/Texas/24-008749-003/2024(H5N1)	2215	6803
PB1|PP755595.1|A/cattle/Texas/24-008749-003/2024(H5N1)	2216	6758
PB1|PP755595.1|A/cattle/Texas/24-008749-003/2024(H5N1)	2217	6752
PB1|PP755595.1|A/cattle/Texas/24-008749-003/2024(H5N1)	2218	6640
PB1|PP755595.1|A/cattle/Texas/24-008749-003/2024(H5N1)	2219	6619
PB1|PP755595.1|A/cattle/Texas/24-008749-003/2024(H5N1)	2220	6593
PB1|PP755595.1|A/cattle/Texas/24-008749-003/2024(H5N1)	2221	6580
PB1|PP755595.1|A/cattle/Texas/24-008749-003/2024(H5N1)	2222	6528
PB1|PP755595.1|A/cattle/Texas/24-008749-003/2024(H5N1)	2223	6521
PB1|PP755595.1|A/cattle/Texas/24-008749-003/2024(H5N1)	2224	6519
PB1|PP755595.1|A/cattle/Texas/24-008749-003/2024(H5N1)	2225	6341
PB1|PP755595.1|A/cattle/Texas/24-008749-003/2024(H5N1)	2226	6331
PB1|PP755595.1|A/cattle/Texas/24-008749-003/2024(H5N1)	2227	6312
PB1|PP755595.1|A/cattle/Texas/24-008749-003/2024(H5N1)	2228	6291
PB1|PP755595.1|A/cattle/Texas/24-008749-003/2024(H5N1)	2229	6292
PB1|PP755595.1|A/cattle/Texas/24-008749-003/2024(H5N1)	2230	6161
PB1|PP755595.1|A/cattle/Texas/24-008749-003/2024(H5N1)	2231	6157
PB1|PP755595.1|A/cattle/Texas/24-008749-003/2024(H5N1)	2232	5899
PB1|PP755595.1|A/cattle/Texas/24-008749-003/2024(H5N1)	2233	6252
PB1|PP755595.1|A/cattle/Texas/24-008749-003/2024(H5N1)	2234	6232
PB1|PP755595.1|A/cattle/Texas/24-008749-003/2024(H5N1)	2235	6186
PB1|PP755595.1|A/cattle/Texas/24-008749-003/2024(H5N1)	2236	6041
PB1|PP755595.1|A/cattle/Texas/24-008749-003/2024(H5N1)	2237	5955
PB1|PP755595.1|A/cattle/Texas/24-008749-003/2024(H5N1)	2238	5891
PB1|PP755595.1|A/cattle/Texas/24-008749-003/2024(H5N1)	2239	5531
PB1|PP755595.1|A/cattle/Texas/24-008749-003/2024(H5N1)	2240	5529
PB1|PP755595.1|A/cattle/Texas/24-008749-003/2024(H5N1)	2241	5518
PB1|PP755595.1|A/cattle/Texas/24-008749-003/2024(H5N1)	2242	5518
PB1|PP755595.1|A/cattle/Texas/24-008749-003/2024(H5N1)	2243	5512
PB1|PP755595.1|A/cattle/Texas/24-008749-003/2024(H5N1)	2244	5293
PB1|PP755595.1|A/cattle/Texas/24-008749-003/2024(H5N1)	2245	5289
PB1|PP755595.1|A/cattle/Texas/24-008749-003/2024(H5N1)	2246	5289
PB1|PP755595.1|A/cattle/Texas/24-008749-003/2024(H5N1)	2247	5160
PB1|PP755595.1|A/cattle/Texas/24-008749-003/2024(H5N1)	2248	5132
PB1|PP755595.1|A/cattle/Texas/24-008749-003/2024(H5N1)	2249	5040
PB1|PP755595.1|A/cattle/Texas/24-008749-003/2024(H5N1)	2250	5010
PB1|PP755595.1|A/cattle/Texas/24-008749-003/2024(H5N1)	2251	5000
PB1|PP755595.1|A/cattle/Texas/24-008749-003/2024(H5N1)	2252	4985
PB1|PP755595.1|A/cattle/Texas/24-008749-003/2024(H5N1)	2253	4982
PB1|PP755595.1|A/cattle/Texas/24-008749-003/2024(H5N1)	2254	4972
PB1|PP755595.1|A/cattle/Texas/24-008749-003/2024(H5N1)	2255	4339
PB1|PP755595.1|A/cattle/Texas/24-008749-003/2024(H5N1)	2256	4329
PB1|PP755595.1|A/cattle/Texas/24-008749-003/2024(H5N1)	2257	4208
PB1|PP755595.1|A/cattle/Texas/24-008749-003/2024(H5N1)	2258	4175
PB1|PP755595.1|A/cattle/Texas/24-008749-003/2024(H5N1)	2259	4161
PB1|PP755595.1|A/cattle/Texas/24-008749-003/2024(H5N1)	2260	4087
PB1|PP755595.1|A/cattle/Texas/24-008749-003/2024(H5N1)	2261	4040
PB1|PP755595.1|A/cattle/Texas/24-008749-003/2024(H5N1)	2262	4037
PB1|PP755595.1|A/cattle/Texas/24-008749-003/2024(H5N1)	2263	3959
PB1|PP755595.1|A/cattle/Texas/24-008749-003/2024(H5N1)	2264	3924
PB1|PP755595.1|A/cattle/Texas/24-008749-003/2024(H5N1)	2265	3734
PB1|PP755595.1|A/cattle/Texas/24-008749-003/2024(H5N1)	2266	3712
PB1|PP755595.1|A/cattle/Texas/24-008749-003/2024(H5N1)	2267	3707
PB1|PP755595.1|A/cattle/Texas/24-008749-003/2024(H5N1)	2268	3657
PB1|PP755595.1|A/cattle/Texas/24-008749-003/2024(H5N1)	2269	3657
PB1|PP755595.1|A/cattle/Texas/24-008749-003/2024(H5N1)	2270	3653
PB1|PP755595.1|A/cattle/Texas/24-008749-003/2024(H5N1)	2271	3652
PB1|PP755595.1|A/cattle/Texas/24-008749-003/2024(H5N1)	2272	3646
PB1|PP755595.1|A/cattle/Texas/24-008749-003/2024(H5N1)	2273	3590
PB1|PP755595.1|A/cattle/Texas/24-008749-003/2024(H5N1)	2274	3570
