PB2|PP755596.1|A/cattle/Texas/24-008749-003/2024(H5N1)	1	1404
PB2|PP755596.1|A/cattle/Texas/24-008749-003/2024(H5N1)	2	1406
PB2|PP755596.1|A/cattle/Texas/24-008749-003/2024(H5N1)	3	1418
PB2|PP755596.1|A/cattle/Texas/24-008749-003/2024(H5N1)	4	1423
PB2|PP755596.1|A/cattle/Texas/24-008749-003/2024(H5N1)	5	1431
PB2|PP755596.1|A/cattle/Texas/24-008749-003/2024(H5N1)	6	1434
PB2|PP755596.1|A/cattle/Texas/24-008749-003/2024(H5N1)	7	1442
PB2|PP755596.1|A/cattle/Texas/24-008749-003/2024(H5N1)	8	1557
PB2|PP755596.1|A/cattle/Texas/24-008749-003/2024(H5N1)	9	1560
PB2|PP755596.1|A/cattle/Texas/24-008749-003/2024(H5N1)	10	1567
PB2|PP755596.1|A/cattle/Texas/24-008749-003/2024(H5N1)	11	1601
PB2|PP755596.1|A/cattle/Texas/24-008749-003/2024(H5N1)	12	1605
PB2|PP755596.1|A/cattle/Texas/24-008749-003/2024(H5N1)	13	1609
PB2|PP755596.1|A/cattle/Texas/24-008749-003/2024(H5N1)	14	1609
PB2|PP755596.1|A/cattle/Texas/24-008749-003/2024(H5N1)	15	1611
PB2|PP755596.1|A/cattle/Texas/24-008749-003/2024(H5N1)	16	1657
PB2|PP755596.1|A/cattle/Texas/24-008749-003/2024(H5N1)	17	1704
PB2|PP755596.1|A/cattle/Texas/24-008749-003/2024(H5N1)	18	1707
PB2|PP755596.1|A/cattle/Texas/24-008749-003/2024(H5N1)	19	1714
PB2|PP755596.1|A/cattle/Texas/24-008749-003/2024(H5N1)	20	1711
PB2|PP755596.1|A/cattle/Texas/24-008749-003/2024(H5N1)	21	1725
PB2|PP755596.1|A/cattle/Texas/24-008749-003/2024(H5N1)	22	1725
PB2|PP755596.1|A/cattle/Texas/24-008749-003/2024(H5N1)	23	1730
PB2|PP755596.1|A/cattle/Texas/24-008749-003/2024(H5N1)	24	1736
PB2|PP755596.1|A/cattle/Texas/24-008749-003/2024(H5N1)	25	1804
PB2|PP755596.1|A/cattle/Texas/24-008749-003/2024(H5N1)	26	1844
PB2|PP755596.1|A/cattle/Texas/24-008749-003/2024(H5N1)	27	1846
PB2|PP755596.1|A/cattle/Texas/24-008749-003/2024(H5N1)	28	1857
PB2|PP755596.1|A/cattle/Texas/24-008749-003/2024(H5N1)	29	1860
PB2|PP755596.1|A/cattle/Texas/24-008749-003/2024(H5N1)	30	1868
PB2|PP755596.1|A/cattle/Texas/24-008749-003/2024(H5N1)	31	1915
PB2|PP755596.1|A/cattle/Texas/24-008749-003/2024(H5N1)	32	1925
PB2|PP755596.1|A/cattle/Texas/24-008749-003/2024(H5N1)	33	1935
PB2|PP755596.1|A/cattle/Texas/24-008749-003/2024(H5N1)	34	1959
PB2|PP755596.1|A/cattle/Texas/24-008749-003/2024(H5N1)	35	1965
PB2|PP755596.1|A/cattle/Texas/24-008749-003/2024(H5N1)	36	1963
PB2|PP755596.1|A/cattle/Texas/24-008749-003/2024(H5N1)	37	1974
PB2|PP755596.1|A/cattle/Texas/24-008749-003/2024(H5N1)	38	1974
PB2|PP755596.1|A/cattle/Texas/24-008749-003/2024(H5N1)	39	2082
PB2|PP755596.1|A/cattle/Texas/24-008749-003/2024(H5N1)	40	2105
PB2|PP755596.1|A/cattle/Texas/24-008749-003/2024(H5N1)	41	2112
PB2|PP755596.1|A/cattle/Texas/24-008749-003/2024(H5N1)	42	2108
PB2|PP755596.1|A/cattle/Texas/24-008749-003/2024(H5N1)	43	2113
PB2|PP755596.1|A/cattle/Texas/24-008749-003/2024(H5N1)	44	2115
PB2|PP755596.1|A/cattle/Texas/24-008749-003/2024(H5N1)	45	2117
PB2|PP755596.1|A/cattle/Texas/24-008749-003/2024(H5N1)	46	2127
PB2|PP755596.1|A/cattle/Texas/24-008749-003/2024(H5N1)	47	2145
PB2|PP755596.1|A/cattle/Texas/24-008749-003/2024(H5N1)	48	2150
PB2|PP755596.1|A/cattle/Texas/24-008749-003/2024(H5N1)	49	2203
PB2|PP755596.1|A/cattle/Texas/24-008749-003/2024(H5N1)	50	2211
PB2|PP755596.1|A/cattle/Texas/24-008749-003/2024(H5N1)	51	2230
PB2|PP755596.1|A/cattle/Texas/24-008749-003/2024(H5N1)	52	2230
PB2|PP755596.1|A/cattle/Texas/24-008749-003/2024(H5N1)	53	2234
PB2|PP755596.1|A/cattle/Texas/24-008749-003/2024(H5N1)	54	2266
PB2|PP755596.1|A/cattle/Texas/24-008749-003/2024(H5N1)	55	2382
PB2|PP755596.1|A/cattle/Texas/24-008749-003/2024(H5N1)	56	2416
PB2|PP755596.1|A/cattle/Texas/24-008749-003/2024(H5N1)	57	2419
PB2|PP755596.1|A/cattle/Texas/24-008749-003/2024(H5N1)	58	2439
PB2|PP755596.1|A/cattle/Texas/24-008749-003/2024(H5N1)	59	2443
PB2|PP755596.1|A/cattle/Texas/24-008749-003/2024(H5N1)	60	2491
PB2|PP755596.1|A/cattle/Texas/24-008749-003/2024(H5N1)	61	2499
PB2|PP755596.1|A/cattle/Texas/24-008749-003/2024(H5N1)	62	2519
PB2|PP755596.1|A/cattle/Texas/24-008749-003/2024(H5N1)	63	2521
PB2|PP755596.1|A/cattle/Texas/24-008749-003/2024(H5N1)	64	2511
PB2|PP755596.1|A/cattle/Texas/24-008749-003/2024(H5N1)	65	2519
PB2|PP755596.1|A/cattle/Texas/24-008749-003/2024(H5N1)	66	2534
PB2|PP755596.1|A/cattle/Texas/24-008749-003/2024(H5N1)	67	2555
PB2|PP755596.1|A/cattle/Texas/24-008749-003/2024(H5N1)	68	2587
PB2|PP755596.1|A/cattle/Texas/24-008749-003/2024(H5N1)	69	2584
PB2|PP755596.1|A/cattle/Texas/24-008749-003/2024(H5N1)	70	2588
PB2|PP755596.1|A/cattle/Texas/24-008749-003/2024(H5N1)	71	2627
PB2|PP755596.1|A/cattle/Texas/24-008749-003/2024(H5N1)	72	2667
PB2|PP755596.1|A/cattle/Texas/24-008749-003/2024(H5N1)	73	2763
PB2|PP755596.1|A/cattle/Texas/24-008749-003/2024(H5N1)	74	2781
PB2|PP755596.1|A/cattle/Texas/24-008749-003/2024(H5N1)	75	2785
PB2|PP755596.1|A/cattle/Texas/24-008749-003/2024(H5N1)	76	2788
PB2|PP755596.1|A/cattle/Texas/24-008749-003/2024(H5N1)	77	2797
PB2|PP755596.1|A/cattle/Texas/24-008749-003/2024(H5N1)	78	2861
PB2|PP755596.1|A/cattle/Texas/24-008749-003/2024(H5N1)	79	2900
PB2|PP755596.1|A/cattle/Texas/24-008749-003/2024(H5N1)	80	2887
PB2|PP755596.1|A/cattle/Texas/24-008749-003/2024(H5N1)	81	2899
PB2|PP755596.1|A/cattle/Texas/24-008749-003/2024(H5N1)	82	2877
PB2|PP755596.1|A/cattle/Texas/24-008749-003/2024(H5N1)	83	2880
PB2|PP755596.1|A/cattle/Texas/24-008749-003/2024(H5N1)	84	2900
PB2|PP755596.1|A/cattle/Texas/24-008749-003/2024(H5N1)	85	2983
PB2|PP755596.1|A/cattle/Texas/24-008749-003/2024(H5N1)	86	2988
PB2|PP755596.1|A/cattle/Texas/24-008749-003/2024(H5N1)	87	3017
PB2|PP755596.1|A/cattle/Texas/24-008749-003/2024(H5N1)	88	3018
PB2|PP755596.1|A/cattle/Texas/24-008749-003/2024(H5N1)	89	3035
PB2|PP755596.1|A/cattle/Texas/24-008749-003/2024(H5N1)	90	3021
PB2|PP755596.1|A/cattle/Texas/24-008749-003/2024(H5N1)	91	3054
PB2|PP755596.1|A/cattle/Texas/24-008749-003/2024(H5N1)	92	3061
PB2|PP755596.1|A/cattle/Texas/24-008749-003/2024(H5N1)	93	3054
PB2|PP755596.1|A/cattle/Texas/24-008749-003/2024(H5N1)	94	3046
PB2|PP755596.1|A/cattle/Texas/24-008749-003/2024(H5N1)	95	3045
PB2|PP755596.1|A/cattle/Texas/24-008749-003/2024(H5N1)	96	3086
PB2|PP755596.1|A/cattle/Texas/24-008749-003/2024(H5N1)	97	3131
PB2|PP755596.1|A/cattle/Texas/24-008749-003/2024(H5N1)	98	3133
PB2|PP755596.1|A/cattle/Texas/24-008749-003/2024(H5N1)	99	3215
PB2|PP755596.1|A/cattle/Texas/24-008749-003/2024(H5N1)	100	3208
PB2|PP755596.1|A/cattle/Texas/24-008749-003/2024(H5N1)	101	3208
PB2|PP755596.1|A/cattle/Texas/24-008749-003/2024(H5N1)	102	3208
PB2|PP755596.1|A/cattle/Texas/24-008749-003/2024(H5N1)	103	3209
PB2|PP755596.1|A/cattle/Texas/24-008749-003/2024(H5N1)	104	3278
PB2|PP755596.1|A/cattle/Texas/24-008749-003/2024(H5N1)	105	3267
PB2|PP755596.1|A/cattle/Texas/24-008749-003/2024(H5N1)	106	3264
PB2|PP755596.1|A/cattle/Texas/24-008749-003/2024(H5N1)	107	3269
PB2|PP755596.1|A/cattle/Texas/24-008749-003/2024(H5N1)	108	3238
PB2|PP755596.1|A/cattle/Texas/24-008749-003/2024(H5N1)	109	3239
PB2|PP755596.1|A/cattle/Texas/24-008749-003/2024(H5N1)	110	3270
PB2|PP755596.1|A/cattle/Texas/24-008749-003/2024(H5N1)	111	3306
PB2|PP755596.1|A/cattle/Texas/24-008749-003/2024(H5N1)	112	3303
PB2|PP755596.1|A/cattle/Texas/24-008749-003/2024(H5N1)	113	3318
PB2|PP755596.1|A/cattle/Texas/24-008749-003/2024(H5N1)	114	3320
PB2|PP755596.1|A/cattle/Texas/24-008749-003/2024(H5N1)	115	3339
PB2|PP755596.1|A/cattle/Texas/24-008749-003/2024(H5N1)	116	3338
PB2|PP755596.1|A/cattle/Texas/24-008749-003/2024(H5N1)	117	3340
PB2|PP755596.1|A/cattle/Texas/24-008749-003/2024(H5N1)	118	3430
PB2|PP755596.1|A/cattle/Texas/24-008749-003/2024(H5N1)	119	3459
PB2|PP755596.1|A/cattle/Texas/24-008749-003/2024(H5N1)	120	3469
PB2|PP755596.1|A/cattle/Texas/24-008749-003/2024(H5N1)	121	3497
PB2|PP755596.1|A/cattle/Texas/24-008749-003/2024(H5N1)	122	3480
PB2|PP755596.1|A/cattle/Texas/24-008749-003/2024(H5N1)	123	3473
PB2|PP755596.1|A/cattle/Texas/24-008749-003/2024(H5N1)	124	3070
PB2|PP755596.1|A/cattle/Texas/24-008749-003/2024(H5N1)	125	3024
PB2|PP755596.1|A/cattle/Texas/24-008749-003/2024(H5N1)	126	2888
PB2|PP755596.1|A/cattle/Texas/24-008749-003/2024(H5N1)	127	2884
PB2|PP755596.1|A/cattle/Texas/24-008749-003/2024(H5N1)	128	2910
PB2|PP755596.1|A/cattle/Texas/24-008749-003/2024(H5N1)	129	3023
PB2|PP755596.1|A/cattle/Texas/24-008749-003/2024(H5N1)	130	3038
PB2|PP755596.1|A/cattle/Texas/24-008749-003/2024(H5N1)	131	3058
PB2|PP755596.1|A/cattle/Texas/24-008749-003/2024(H5N1)	132	3058
PB2|PP755596.1|A/cattle/Texas/24-008749-003/2024(H5N1)	133	2977
PB2|PP755596.1|A/cattle/Texas/24-008749-003/2024(H5N1)	134	2989
PB2|PP755596.1|A/cattle/Texas/24-008749-003/2024(H5N1)	135	2987
PB2|PP755596.1|A/cattle/Texas/24-008749-003/2024(H5N1)	136	2977
PB2|PP755596.1|A/cattle/Texas/24-008749-003/2024(H5N1)	137	3034
PB2|PP755596.1|A/cattle/Texas/24-008749-003/2024(H5N1)	138	3099
PB2|PP755596.1|A/cattle/Texas/24-008749-003/2024(H5N1)	139	3092
PB2|PP755596.1|A/cattle/Texas/24-008749-003/2024(H5N1)	140	3096
PB2|PP755596.1|A/cattle/Texas/24-008749-003/2024(H5N1)	141	3117
PB2|PP755596.1|A/cattle/Texas/24-008749-003/2024(H5N1)	142	3162
PB2|PP755596.1|A/cattle/Texas/24-008749-003/2024(H5N1)	143	3134
PB2|PP755596.1|A/cattle/Texas/24-008749-003/2024(H5N1)	144	3144
PB2|PP755596.1|A/cattle/Texas/24-008749-003/2024(H5N1)	145	3104
PB2|PP755596.1|A/cattle/Texas/24-008749-003/2024(H5N1)	146	3085
PB2|PP755596.1|A/cattle/Texas/24-008749-003/2024(H5N1)	147	3089
PB2|PP755596.1|A/cattle/Texas/24-008749-003/2024(H5N1)	148	3077
PB2|PP755596.1|A/cattle/Texas/24-008749-003/2024(H5N1)	149	3068
PB2|PP755596.1|A/cattle/Texas/24-008749-003/2024(H5N1)	150	3031
PB2|PP755596.1|A/cattle/Texas/24-008749-003/2024(H5N1)	151	3030
PB2|PP755596.1|A/cattle/Texas/24-008749-003/2024(H5N1)	152	3077
PB2|PP755596.1|A/cattle/Texas/24-008749-003/2024(H5N1)	153	3087
PB2|PP755596.1|A/cattle/Texas/24-008749-003/2024(H5N1)	154	3104
PB2|PP755596.1|A/cattle/Texas/24-008749-003/2024(H5N1)	155	3175
PB2|PP755596.1|A/cattle/Texas/24-008749-003/2024(H5N1)	156	3158
PB2|PP755596.1|A/cattle/Texas/24-008749-003/2024(H5N1)	157	3153
PB2|PP755596.1|A/cattle/Texas/24-008749-003/2024(H5N1)	158	3153
PB2|PP755596.1|A/cattle/Texas/24-008749-003/2024(H5N1)	159	3119
PB2|PP755596.1|A/cattle/Texas/24-008749-003/2024(H5N1)	160	3165
PB2|PP755596.1|A/cattle/Texas/24-008749-003/2024(H5N1)	161	3182
PB2|PP755596.1|A/cattle/Texas/24-008749-003/2024(H5N1)	162	3164
PB2|PP755596.1|A/cattle/Texas/24-008749-003/2024(H5N1)	163	3159
PB2|PP755596.1|A/cattle/Texas/24-008749-003/2024(H5N1)	164	3162
PB2|PP755596.1|A/cattle/Texas/24-008749-003/2024(H5N1)	165	3146
PB2|PP755596.1|A/cattle/Texas/24-008749-003/2024(H5N1)	166	3137
PB2|PP755596.1|A/cattle/Texas/24-008749-003/2024(H5N1)	167	3141
PB2|PP755596.1|A/cattle/Texas/24-008749-003/2024(H5N1)	168	3108
PB2|PP755596.1|A/cattle/Texas/24-008749-003/2024(H5N1)	169	3103
PB2|PP755596.1|A/cattle/Texas/24-008749-003/2024(H5N1)	170	3104
PB2|PP755596.1|A/cattle/Texas/24-008749-003/2024(H5N1)	171	3095
PB2|PP755596.1|A/cattle/Texas/24-008749-003/2024(H5N1)	172	3095
PB2|PP755596.1|A/cattle/Texas/24-008749-003/2024(H5N1)	173	3146
PB2|PP755596.1|A/cattle/Texas/24-008749-003/2024(H5N1)	174	3142
PB2|PP755596.1|A/cattle/Texas/24-008749-003/2024(H5N1)	175	3159
PB2|PP755596.1|A/cattle/Texas/24-008749-003/2024(H5N1)	176	3106
PB2|PP755596.1|A/cattle/Texas/24-008749-003/2024(H5N1)	177	3107
PB2|PP755596.1|A/cattle/Texas/24-008749-003/2024(H5N1)	178	3110
PB2|PP755596.1|A/cattle/Texas/24-008749-003/2024(H5N1)	179	3158
PB2|PP755596.1|A/cattle/Texas/24-008749-003/2024(H5N1)	180	3179
PB2|PP755596.1|A/cattle/Texas/24-008749-003/2024(H5N1)	181	3175
PB2|PP755596.1|A/cattle/Texas/24-008749-003/2024(H5N1)	182	3130
PB2|PP755596.1|A/cattle/Texas/24-008749-003/2024(H5N1)	183	3127
PB2|PP755596.1|A/cattle/Texas/24-008749-003/2024(H5N1)	184	3091
PB2|PP755596.1|A/cattle/Texas/24-008749-003/2024(H5N1)	185	3102
PB2|PP755596.1|A/cattle/Texas/24-008749-003/2024(H5N1)	186	3112
PB2|PP755596.1|A/cattle/Texas/24-008749-003/2024(H5N1)	187	3108
PB2|PP755596.1|A/cattle/Texas/24-008749-003/2024(H5N1)	188	3125
PB2|PP755596.1|A/cattle/Texas/24-008749-003/2024(H5N1)	189	3109
PB2|PP755596.1|A/cattle/Texas/24-008749-003/2024(H5N1)	190	3215
PB2|PP755596.1|A/cattle/Texas/24-008749-003/2024(H5N1)	191	3210
PB2|PP755596.1|A/cattle/Texas/24-008749-003/2024(H5N1)	192	3206
PB2|PP755596.1|A/cattle/Texas/24-008749-003/2024(H5N1)	193	3210
PB2|PP755596.1|A/cattle/Texas/24-008749-003/2024(H5N1)	194	3203
PB2|PP755596.1|A/cattle/Texas/24-008749-003/2024(H5N1)	195	3209
PB2|PP755596.1|A/cattle/Texas/24-008749-003/2024(H5N1)	196	3210
PB2|PP755596.1|A/cattle/Texas/24-008749-003/2024(H5N1)	197	3227
PB2|PP755596.1|A/cattle/Texas/24-008749-003/2024(H5N1)	198	3214
PB2|PP755596.1|A/cattle/Texas/24-008749-003/2024(H5N1)	199	3209
PB2|PP755596.1|A/cattle/Texas/24-008749-003/2024(H5N1)	200	3185
PB2|PP755596.1|A/cattle/Texas/24-008749-003/2024(H5N1)	201	3186
PB2|PP755596.1|A/cattle/Texas/24-008749-003/2024(H5N1)	202	3188
PB2|PP755596.1|A/cattle/Texas/24-008749-003/2024(H5N1)	203	3080
PB2|PP755596.1|A/cattle/Texas/24-008749-003/2024(H5N1)	204	3075
PB2|PP755596.1|A/cattle/Texas/24-008749-003/2024(H5N1)	205	3062
PB2|PP755596.1|A/cattle/Texas/24-008749-003/2024(H5N1)	206	3057
PB2|PP755596.1|A/cattle/Texas/24-008749-003/2024(H5N1)	207	3031
PB2|PP755596.1|A/cattle/Texas/24-008749-003/2024(H5N1)	208	3025
PB2|PP755596.1|A/cattle/Texas/24-008749-003/2024(H5N1)	209	3038
PB2|PP755596.1|A/cattle/Texas/24-008749-003/2024(H5N1)	210	3050
PB2|PP755596.1|A/cattle/Texas/24-008749-003/2024(H5N1)	211	3002
PB2|PP755596.1|A/cattle/Texas/24-008749-003/2024(H5N1)	212	2994
PB2|PP755596.1|A/cattle/Texas/24-008749-003/2024(H5N1)	213	2981
PB2|PP755596.1|A/cattle/Texas/24-008749-003/2024(H5N1)	214	3024
PB2|PP755596.1|A/cattle/Texas/24-008749-003/2024(H5N1)	215	3045
PB2|PP755596.1|A/cattle/Texas/24-008749-003/2024(H5N1)	216	3040
PB2|PP755596.1|A/cattle/Texas/24-008749-003/2024(H5N1)	217	3024
PB2|PP755596.1|A/cattle/Texas/24-008749-003/2024(H5N1)	218	3006
PB2|PP755596.1|A/cattle/Texas/24-008749-003/2024(H5N1)	219	2985
PB2|PP755596.1|A/cattle/Texas/24-008749-003/2024(H5N1)	220	3035
PB2|PP755596.1|A/cattle/Texas/24-008749-003/2024(H5N1)	221	3052
PB2|PP755596.1|A/cattle/Texas/24-008749-003/2024(H5N1)	222	3028
PB2|PP755596.1|A/cattle/Texas/24-008749-003/2024(H5N1)	223	2892
PB2|PP755596.1|A/cattle/Texas/24-008749-003/2024(H5N1)	224	2867
PB2|PP755596.1|A/cattle/Texas/24-008749-003/2024(H5N1)	225	2870
PB2|PP755596.1|A/cattle/Texas/24-008749-003/2024(H5N1)	226	2885
PB2|PP755596.1|A/cattle/Texas/24-008749-003/2024(H5N1)	227	2891
PB2|PP755596.1|A/cattle/Texas/24-008749-003/2024(H5N1)	228	2860
PB2|PP755596.1|A/cattle/Texas/24-008749-003/2024(H5N1)	229	2878
PB2|PP755596.1|A/cattle/Texas/24-008749-003/2024(H5N1)	230	2836
PB2|PP755596.1|A/cattle/Texas/24-008749-003/2024(H5N1)	231	2837
PB2|PP755596.1|A/cattle/Texas/24-008749-003/2024(H5N1)	232	2832
PB2|PP755596.1|A/cattle/Texas/24-008749-003/2024(H5N1)	233	2833
PB2|PP755596.1|A/cattle/Texas/24-008749-003/2024(H5N1)	234	2846
PB2|PP755596.1|A/cattle/Texas/24-008749-003/2024(H5N1)	235	2793
PB2|PP755596.1|A/cattle/Texas/24-008749-003/2024(H5N1)	236	2750
PB2|PP755596.1|A/cattle/Texas/24-008749-003/2024(H5N1)	237	2760
PB2|PP755596.1|A/cattle/Texas/24-008749-003/2024(H5N1)	238	2720
PB2|PP755596.1|A/cattle/Texas/24-008749-003/2024(H5N1)	239	2754
PB2|PP755596.1|A/cattle/Texas/24-008749-003/2024(H5N1)	240	2738
PB2|PP755596.1|A/cattle/Texas/24-008749-003/2024(H5N1)	241	2739
PB2|PP755596.1|A/cattle/Texas/24-008749-003/2024(H5N1)	242	2699
PB2|PP755596.1|A/cattle/Texas/24-008749-003/2024(H5N1)	243	2714
PB2|PP755596.1|A/cattle/Texas/24-008749-003/2024(H5N1)	244	2749
PB2|PP755596.1|A/cattle/Texas/24-008749-003/2024(H5N1)	245	2812
PB2|PP755596.1|A/cattle/Texas/24-008749-003/2024(H5N1)	246	2812
PB2|PP755596.1|A/cattle/Texas/24-008749-003/2024(H5N1)	247	2777
PB2|PP755596.1|A/cattle/Texas/24-008749-003/2024(H5N1)	248	2730
PB2|PP755596.1|A/cattle/Texas/24-008749-003/2024(H5N1)	249	2738
PB2|PP755596.1|A/cattle/Texas/24-008749-003/2024(H5N1)	250	2670
PB2|PP755596.1|A/cattle/Texas/24-008749-003/2024(H5N1)	251	2825
PB2|PP755596.1|A/cattle/Texas/24-008749-003/2024(H5N1)	252	2875
PB2|PP755596.1|A/cattle/Texas/24-008749-003/2024(H5N1)	253	2900
PB2|PP755596.1|A/cattle/Texas/24-008749-003/2024(H5N1)	254	2908
PB2|PP755596.1|A/cattle/Texas/24-008749-003/2024(H5N1)	255	2911
PB2|PP755596.1|A/cattle/Texas/24-008749-003/2024(H5N1)	256	2910
PB2|PP755596.1|A/cattle/Texas/24-008749-003/2024(H5N1)	257	2903
PB2|PP755596.1|A/cattle/Texas/24-008749-003/2024(H5N1)	258	2871
PB2|PP755596.1|A/cattle/Texas/24-008749-003/2024(H5N1)	259	2924
PB2|PP755596.1|A/cattle/Texas/24-008749-003/2024(H5N1)	260	2951
PB2|PP755596.1|A/cattle/Texas/24-008749-003/2024(H5N1)	261	2955
PB2|PP755596.1|A/cattle/Texas/24-008749-003/2024(H5N1)	262	2915
PB2|PP755596.1|A/cattle/Texas/24-008749-003/2024(H5N1)	263	2924
PB2|PP755596.1|A/cattle/Texas/24-008749-003/2024(H5N1)	264	2918
PB2|PP755596.1|A/cattle/Texas/24-008749-003/2024(H5N1)	265	2925
PB2|PP755596.1|A/cattle/Texas/24-008749-003/2024(H5N1)	266	2908
PB2|PP755596.1|A/cattle/Texas/24-008749-003/2024(H5N1)	267	2908
PB2|PP755596.1|A/cattle/Texas/24-008749-003/2024(H5N1)	268	2871
PB2|PP755596.1|A/cattle/Texas/24-008749-003/2024(H5N1)	269	2815
PB2|PP755596.1|A/cattle/Texas/24-008749-003/2024(H5N1)	270	2854
PB2|PP755596.1|A/cattle/Texas/24-008749-003/2024(H5N1)	271	2971
PB2|PP755596.1|A/cattle/Texas/24-008749-003/2024(H5N1)	272	2952
PB2|PP755596.1|A/cattle/Texas/24-008749-003/2024(H5N1)	273	2934
PB2|PP755596.1|A/cattle/Texas/24-008749-003/2024(H5N1)	274	2923
PB2|PP755596.1|A/cattle/Texas/24-008749-003/2024(H5N1)	275	2851
PB2|PP755596.1|A/cattle/Texas/24-008749-003/2024(H5N1)	276	2872
PB2|PP755596.1|A/cattle/Texas/24-008749-003/2024(H5N1)	277	2950
PB2|PP755596.1|A/cattle/Texas/24-008749-003/2024(H5N1)	278	2942
PB2|PP755596.1|A/cattle/Texas/24-008749-003/2024(H5N1)	279	2919
PB2|PP755596.1|A/cattle/Texas/24-008749-003/2024(H5N1)	280	2776
PB2|PP755596.1|A/cattle/Texas/24-008749-003/2024(H5N1)	281	2761
PB2|PP755596.1|A/cattle/Texas/24-008749-003/2024(H5N1)	282	2831
PB2|PP755596.1|A/cattle/Texas/24-008749-003/2024(H5N1)	283	2845
PB2|PP755596.1|A/cattle/Texas/24-008749-003/2024(H5N1)	284	2802
PB2|PP755596.1|A/cattle/Texas/24-008749-003/2024(H5N1)	285	2754
PB2|PP755596.1|A/cattle/Texas/24-008749-003/2024(H5N1)	286	2702
PB2|PP755596.1|A/cattle/Texas/24-008749-003/2024(H5N1)	287	2691
PB2|PP755596.1|A/cattle/Texas/24-008749-003/2024(H5N1)	288	2697
PB2|PP755596.1|A/cattle/Texas/24-008749-003/2024(H5N1)	289	2710
PB2|PP755596.1|A/cattle/Texas/24-008749-003/2024(H5N1)	290	2713
PB2|PP755596.1|A/cattle/Texas/24-008749-003/2024(H5N1)	291	2635
PB2|PP755596.1|A/cattle/Texas/24-008749-003/2024(H5N1)	292	2602
PB2|PP755596.1|A/cattle/Texas/24-008749-003/2024(H5N1)	293	2589
PB2|PP755596.1|A/cattle/Texas/24-008749-003/2024(H5N1)	294	2625
PB2|PP755596.1|A/cattle/Texas/24-008749-003/2024(H5N1)	295	2777
PB2|PP755596.1|A/cattle/Texas/24-008749-003/2024(H5N1)	296	2784
PB2|PP755596.1|A/cattle/Texas/24-008749-003/2024(H5N1)	297	2804
PB2|PP755596.1|A/cattle/Texas/24-008749-003/2024(H5N1)	298	2784
PB2|PP755596.1|A/cattle/Texas/24-008749-003/2024(H5N1)	299	2783
PB2|PP755596.1|A/cattle/Texas/24-008749-003/2024(H5N1)	300	2811
PB2|PP755596.1|A/cattle/Texas/24-008749-003/2024(H5N1)	301	2806
PB2|PP755596.1|A/cattle/Texas/24-008749-003/2024(H5N1)	302	2847
PB2|PP755596.1|A/cattle/Texas/24-008749-003/2024(H5N1)	303	2827
PB2|PP755596.1|A/cattle/Texas/24-008749-003/2024(H5N1)	304	2807
PB2|PP755596.1|A/cattle/Texas/24-008749-003/2024(H5N1)	305	2824
PB2|PP755596.1|A/cattle/Texas/24-008749-003/2024(H5N1)	306	2753
PB2|PP755596.1|A/cattle/Texas/24-008749-003/2024(H5N1)	307	2751
PB2|PP755596.1|A/cattle/Texas/24-008749-003/2024(H5N1)	308	2764
PB2|PP755596.1|A/cattle/Texas/24-008749-003/2024(H5N1)	309	2774
PB2|PP755596.1|A/cattle/Texas/24-008749-003/2024(H5N1)	310	2811
PB2|PP755596.1|A/cattle/Texas/24-008749-003/2024(H5N1)	311	2751
PB2|PP755596.1|A/cattle/Texas/24-008749-003/2024(H5N1)	312	2747
PB2|PP755596.1|A/cattle/Texas/24-008749-003/2024(H5N1)	313	2745
PB2|PP755596.1|A/cattle/Texas/24-008749-003/2024(H5N1)	314	2766
PB2|PP755596.1|A/cattle/Texas/24-008749-003/2024(H5N1)	315	2789
PB2|PP755596.1|A/cattle/Texas/24-008749-003/2024(H5N1)	316	2786
PB2|PP755596.1|A/cattle/Texas/24-008749-003/2024(H5N1)	317	2781
PB2|PP755596.1|A/cattle/Texas/24-008749-003/2024(H5N1)	318	2777
PB2|PP755596.1|A/cattle/Texas/24-008749-003/2024(H5N1)	319	2765
PB2|PP755596.1|A/cattle/Texas/24-008749-003/2024(H5N1)	320	2817
PB2|PP755596.1|A/cattle/Texas/24-008749-003/2024(H5N1)	321	2814
PB2|PP755596.1|A/cattle/Texas/24-008749-003/2024(H5N1)	322	2844
PB2|PP755596.1|A/cattle/Texas/24-008749-003/2024(H5N1)	323	2803
PB2|PP755596.1|A/cattle/Texas/24-008749-003/2024(H5N1)	324	2778
PB2|PP755596.1|A/cattle/Texas/24-008749-003/2024(H5N1)	325	2784
PB2|PP755596.1|A/cattle/Texas/24-008749-003/2024(H5N1)	326	2754
PB2|PP755596.1|A/cattle/Texas/24-008749-003/2024(H5N1)	327	2761
PB2|PP755596.1|A/cattle/Texas/24-008749-003/2024(H5N1)	328	2750
PB2|PP755596.1|A/cattle/Texas/24-008749-003/2024(H5N1)	329	2685
PB2|PP755596.1|A/cattle/Texas/24-008749-003/2024(H5N1)	330	2683
PB2|PP755596.1|A/cattle/Texas/24-008749-003/2024(H5N1)	331	2675
PB2|PP755596.1|A/cattle/Texas/24-008749-003/2024(H5N1)	332	2854
PB2|PP755596.1|A/cattle/Texas/24-008749-003/2024(H5N1)	333	2862
PB2|PP755596.1|A/cattle/Texas/24-008749-003/2024(H5N1)	334	2857
PB2|PP755596.1|A/cattle/Texas/24-008749-003/2024(H5N1)	335	2850
PB2|PP755596.1|A/cattle/Texas/24-008749-003/2024(H5N1)	336	2832
PB2|PP755596.1|A/cattle/Texas/24-008749-003/2024(H5N1)	337	2844
PB2|PP755596.1|A/cattle/Texas/24-008749-003/2024(H5N1)	338	2842
PB2|PP755596.1|A/cattle/Texas/24-008749-003/2024(H5N1)	339	2887
PB2|PP755596.1|A/cattle/Texas/24-008749-003/2024(H5N1)	340	2939
PB2|PP755596.1|A/cattle/Texas/24-008749-003/2024(H5N1)	341	2753
PB2|PP755596.1|A/cattle/Texas/24-008749-003/2024(H5N1)	342	2764
PB2|PP755596.1|A/cattle/Texas/24-008749-003/2024(H5N1)	343	2767
PB2|PP755596.1|A/cattle/Texas/24-008749-003/2024(H5N1)	344	2760
PB2|PP755596.1|A/cattle/Texas/24-008749-003/2024(H5N1)	345	2760
PB2|PP755596.1|A/cattle/Texas/24-008749-003/2024(H5N1)	346	2759
PB2|PP755596.1|A/cattle/Texas/24-008749-003/2024(H5N1)	347	2759
PB2|PP755596.1|A/cattle/Texas/24-008749-003/2024(H5N1)	348	2725
PB2|PP755596.1|A/cattle/Texas/24-008749-003/2024(H5N1)	349	2725
PB2|PP755596.1|A/cattle/Texas/24-008749-003/2024(H5N1)	350	2712
PB2|PP755596.1|A/cattle/Texas/24-008749-003/2024(H5N1)	351	2717
PB2|PP755596.1|A/cattle/Texas/24-008749-003/2024(H5N1)	352	2718
PB2|PP755596.1|A/cattle/Texas/24-008749-003/2024(H5N1)	353	2704
PB2|PP755596.1|A/cattle/Texas/24-008749-003/2024(H5N1)	354	2701
PB2|PP755596.1|A/cattle/Texas/24-008749-003/2024(H5N1)	355	2701
PB2|PP755596.1|A/cattle/Texas/24-008749-003/2024(H5N1)	356	2699
PB2|PP755596.1|A/cattle/Texas/24-008749-003/2024(H5N1)	357	2699
PB2|PP755596.1|A/cattle/Texas/24-008749-003/2024(H5N1)	358	2701
PB2|PP755596.1|A/cattle/Texas/24-008749-003/2024(H5N1)	359	2701
PB2|PP755596.1|A/cattle/Texas/24-008749-003/2024(H5N1)	360	2672
PB2|PP755596.1|A/cattle/Texas/24-008749-003/2024(H5N1)	361	2662
PB2|PP755596.1|A/cattle/Texas/24-008749-003/2024(H5N1)	362	2659
PB2|PP755596.1|A/cattle/Texas/24-008749-003/2024(H5N1)	363	2663
PB2|PP755596.1|A/cattle/Texas/24-008749-003/2024(H5N1)	364	2721
PB2|PP755596.1|A/cattle/Texas/24-008749-003/2024(H5N1)	365	2688
PB2|PP755596.1|A/cattle/Texas/24-008749-003/2024(H5N1)	366	2679
PB2|PP755596.1|A/cattle/Texas/24-008749-003/2024(H5N1)	367	2678
PB2|PP755596.1|A/cattle/Texas/24-008749-003/2024(H5N1)	368	2682
PB2|PP755596.1|A/cattle/Texas/24-008749-003/2024(H5N1)	369	2682
PB2|PP755596.1|A/cattle/Texas/24-008749-003/2024(H5N1)	370	2672
PB2|PP755596.1|A/cattle/Texas/24-008749-003/2024(H5N1)	371	2650
PB2|PP755596.1|A/cattle/Texas/24-008749-003/2024(H5N1)	372	2723
PB2|PP755596.1|A/cattle/Texas/24-008749-003/2024(H5N1)	373	2712
PB2|PP755596.1|A/cattle/Texas/24-008749-003/2024(H5N1)	374	2714
PB2|PP755596.1|A/cattle/Texas/24-008749-003/2024(H5N1)	375	2714
PB2|PP755596.1|A/cattle/Texas/24-008749-003/2024(H5N1)	376	2720
PB2|PP755596.1|A/cattle/Texas/24-008749-003/2024(H5N1)	377	2706
PB2|PP755596.1|A/cattle/Texas/24-008749-003/2024(H5N1)	378	2708
PB2|PP755596.1|A/cattle/Texas/24-008749-003/2024(H5N1)	379	2725
PB2|PP755596.1|A/cattle/Texas/24-008749-003/2024(H5N1)	380	2679
PB2|PP755596.1|A/cattle/Texas/24-008749-003/2024(H5N1)	381	2679
PB2|PP755596.1|A/cattle/Texas/24-008749-003/2024(H5N1)	382	2672
PB2|PP755596.1|A/cattle/Texas/24-008749-003/2024(H5N1)	383	2691
PB2|PP755596.1|A/cattle/Texas/24-008749-003/2024(H5N1)	384	2690
PB2|PP755596.1|A/cattle/Texas/24-008749-003/2024(H5N1)	385	2721
PB2|PP755596.1|A/cattle/Texas/24-008749-003/2024(H5N1)	386	2799
PB2|PP755596.1|A/cattle/Texas/24-008749-003/2024(H5N1)	387	2823
PB2|PP755596.1|A/cattle/Texas/24-008749-003/2024(H5N1)	388	2812
PB2|PP755596.1|A/cattle/Texas/24-008749-003/2024(H5N1)	389	2823
PB2|PP755596.1|A/cattle/Texas/24-008749-003/2024(H5N1)	390	2790
PB2|PP755596.1|A/cattle/Texas/24-008749-003/2024(H5N1)	391	2797
PB2|PP755596.1|A/cattle/Texas/24-008749-003/2024(H5N1)	392	2960
PB2|PP755596.1|A/cattle/Texas/24-008749-003/2024(H5N1)	393	2963
PB2|PP755596.1|A/cattle/Texas/24-008749-003/2024(H5N1)	394	2963
PB2|PP755596.1|A/cattle/Texas/24-008749-003/2024(H5N1)	395	2939
PB2|PP755596.1|A/cattle/Texas/24-008749-003/2024(H5N1)	396	2861
PB2|PP755596.1|A/cattle/Texas/24-008749-003/2024(H5N1)	397	2974
PB2|PP755596.1|A/cattle/Texas/24-008749-003/2024(H5N1)	398	2975
PB2|PP755596.1|A/cattle/Texas/24-008749-003/2024(H5N1)	399	2981
PB2|PP755596.1|A/cattle/Texas/24-008749-003/2024(H5N1)	400	2971
PB2|PP755596.1|A/cattle/Texas/24-008749-003/2024(H5N1)	401	2792
PB2|PP755596.1|A/cattle/Texas/24-008749-003/2024(H5N1)	402	2786
PB2|PP755596.1|A/cattle/Texas/24-008749-003/2024(H5N1)	403	2724
PB2|PP755596.1|A/cattle/Texas/24-008749-003/2024(H5N1)	404	2741
PB2|PP755596.1|A/cattle/Texas/24-008749-003/2024(H5N1)	405	2734
PB2|PP755596.1|A/cattle/Texas/24-008749-003/2024(H5N1)	406	2661
PB2|PP755596.1|A/cattle/Texas/24-008749-003/2024(H5N1)	407	2662
PB2|PP755596.1|A/cattle/Texas/24-008749-003/2024(H5N1)	408	2673
PB2|PP755596.1|A/cattle/Texas/24-008749-003/2024(H5N1)	409	2682
PB2|PP755596.1|A/cattle/Texas/24-008749-003/2024(H5N1)	410	2643
PB2|PP755596.1|A/cattle/Texas/24-008749-003/2024(H5N1)	411	2629
PB2|PP755596.1|A/cattle/Texas/24-008749-003/2024(H5N1)	412	2630
PB2|PP755596.1|A/cattle/Texas/24-008749-003/2024(H5N1)	413	2631
PB2|PP755596.1|A/cattle/Texas/24-008749-003/2024(H5N1)	414	2621
PB2|PP755596.1|A/cattle/Texas/24-008749-003/2024(H5N1)	415	2607
PB2|PP755596.1|A/cattle/Texas/24-008749-003/2024(H5N1)	416	2600
PB2|PP755596.1|A/cattle/Texas/24-008749-003/2024(H5N1)	417	2601
PB2|PP755596.1|A/cattle/Texas/24-008749-003/2024(H5N1)	418	2599
PB2|PP755596.1|A/cattle/Texas/24-008749-003/2024(H5N1)	419	2619
PB2|PP755596.1|A/cattle/Texas/24-008749-003/2024(H5N1)	420	2622
PB2|PP755596.1|A/cattle/Texas/24-008749-003/2024(H5N1)	421	2616
PB2|PP755596.1|A/cattle/Texas/24-008749-003/2024(H5N1)	422	2499
PB2|PP755596.1|A/cattle/Texas/24-008749-003/2024(H5N1)	423	2487
PB2|PP755596.1|A/cattle/Texas/24-008749-003/2024(H5N1)	424	2496
PB2|PP755596.1|A/cattle/Texas/24-008749-003/2024(H5N1)	425	2511
PB2|PP755596.1|A/cattle/Texas/24-008749-003/2024(H5N1)	426	2527
PB2|PP755596.1|A/cattle/Texas/24-008749-003/2024(H5N1)	427	2433
PB2|PP755596.1|A/cattle/Texas/24-008749-003/2024(H5N1)	428	2408
PB2|PP755596.1|A/cattle/Texas/24-008749-003/2024(H5N1)	429	2408
PB2|PP755596.1|A/cattle/Texas/24-008749-003/2024(H5N1)	430	2408
PB2|PP755596.1|A/cattle/Texas/24-008749-003/2024(H5N1)	431	2421
PB2|PP755596.1|A/cattle/Texas/24-008749-003/2024(H5N1)	432	2430
PB2|PP755596.1|A/cattle/Texas/24-008749-003/2024(H5N1)	433	2376
PB2|PP755596.1|A/cattle/Texas/24-008749-003/2024(H5N1)	434	2357
PB2|PP755596.1|A/cattle/Texas/24-008749-003/2024(H5N1)	435	2490
PB2|PP755596.1|A/cattle/Texas/24-008749-003/2024(H5N1)	436	2497
PB2|PP755596.1|A/cattle/Texas/24-008749-003/2024(H5N1)	437	2660
PB2|PP755596.1|A/cattle/Texas/24-008749-003/2024(H5N1)	438	2660
PB2|PP755596.1|A/cattle/Texas/24-008749-003/2024(H5N1)	439	2658
PB2|PP755596.1|A/cattle/Texas/24-008749-003/2024(H5N1)	440	2652
PB2|PP755596.1|A/cattle/Texas/24-008749-003/2024(H5N1)	441	2641
PB2|PP755596.1|A/cattle/Texas/24-008749-003/2024(H5N1)	442	2674
PB2|PP755596.1|A/cattle/Texas/24-008749-003/2024(H5N1)	443	2699
PB2|PP755596.1|A/cattle/Texas/24-008749-003/2024(H5N1)	444	2665
PB2|PP755596.1|A/cattle/Texas/24-008749-003/2024(H5N1)	445	2665
PB2|PP755596.1|A/cattle/Texas/24-008749-003/2024(H5N1)	446	2472
PB2|PP755596.1|A/cattle/Texas/24-008749-003/2024(H5N1)	447	2500
PB2|PP755596.1|A/cattle/Texas/24-008749-003/2024(H5N1)	448	2478
PB2|PP755596.1|A/cattle/Texas/24-008749-003/2024(H5N1)	449	2489
PB2|PP755596.1|A/cattle/Texas/24-008749-003/2024(H5N1)	450	2489
PB2|PP755596.1|A/cattle/Texas/24-008749-003/2024(H5N1)	451	2457
PB2|PP755596.1|A/cattle/Texas/24-008749-003/2024(H5N1)	452	2564
PB2|PP755596.1|A/cattle/Texas/24-008749-003/2024(H5N1)	453	2529
PB2|PP755596.1|A/cattle/Texas/24-008749-003/2024(H5N1)	454	2559
PB2|PP755596.1|A/cattle/Texas/24-008749-003/2024(H5N1)	455	2567
PB2|PP755596.1|A/cattle/Texas/24-008749-003/2024(H5N1)	456	2583
PB2|PP755596.1|A/cattle/Texas/24-008749-003/2024(H5N1)	457	2592
PB2|PP755596.1|A/cattle/Texas/24-008749-003/2024(H5N1)	458	2658
PB2|PP755596.1|A/cattle/Texas/24-008749-003/2024(H5N1)	459	2676
PB2|PP755596.1|A/cattle/Texas/24-008749-003/2024(H5N1)	460	2676
PB2|PP755596.1|A/cattle/Texas/24-008749-003/2024(H5N1)	461	2585
PB2|PP755596.1|A/cattle/Texas/24-008749-003/2024(H5N1)	462	2588
PB2|PP755596.1|A/cattle/Texas/24-008749-003/2024(H5N1)	463	2564
PB2|PP755596.1|A/cattle/Texas/24-008749-003/2024(H5N1)	464	2598
PB2|PP755596.1|A/cattle/Texas/24-008749-003/2024(H5N1)	465	2696
PB2|PP755596.1|A/cattle/Texas/24-008749-003/2024(H5N1)	466	2676
PB2|PP755596.1|A/cattle/Texas/24-008749-003/2024(H5N1)	467	2706
PB2|PP755596.1|A/cattle/Texas/24-008749-003/2024(H5N1)	468	2701
PB2|PP755596.1|A/cattle/Texas/24-008749-003/2024(H5N1)	469	2707
PB2|PP755596.1|A/cattle/Texas/24-008749-003/2024(H5N1)	470	2713
PB2|PP755596.1|A/cattle/Texas/24-008749-003/2024(H5N1)	471	2668
PB2|PP755596.1|A/cattle/Texas/24-008749-003/2024(H5N1)	472	2673
PB2|PP755596.1|A/cattle/Texas/24-008749-003/2024(H5N1)	473	2634
PB2|PP755596.1|A/cattle/Texas/24-008749-003/2024(H5N1)	474	2628
PB2|PP755596.1|A/cattle/Texas/24-008749-003/2024(H5N1)	475	2652
PB2|PP755596.1|A/cattle/Texas/24-008749-003/2024(H5N1)	476	2650
PB2|PP755596.1|A/cattle/Texas/24-008749-003/2024(H5N1)	477	2650
PB2|PP755596.1|A/cattle/Texas/24-008749-003/2024(H5N1)	478	2645
PB2|PP755596.1|A/cattle/Texas/24-008749-003/2024(H5N1)	479	2641
PB2|PP755596.1|A/cattle/Texas/24-008749-003/2024(H5N1)	480	2772
PB2|PP755596.1|A/cattle/Texas/24-008749-003/2024(H5N1)	481	2768
PB2|PP755596.1|A/cattle/Texas/24-008749-003/2024(H5N1)	482	2884
PB2|PP755596.1|A/cattle/Texas/24-008749-003/2024(H5N1)	483	2728
PB2|PP755596.1|A/cattle/Texas/24-008749-003/2024(H5N1)	484	2714
PB2|PP755596.1|A/cattle/Texas/24-008749-003/2024(H5N1)	485	2722
PB2|PP755596.1|A/cattle/Texas/24-008749-003/2024(H5N1)	486	2773
PB2|PP755596.1|A/cattle/Texas/24-008749-003/2024(H5N1)	487	2774
PB2|PP755596.1|A/cattle/Texas/24-008749-003/2024(H5N1)	488	2774
PB2|PP755596.1|A/cattle/Texas/24-008749-003/2024(H5N1)	489	2665
PB2|PP755596.1|A/cattle/Texas/24-008749-003/2024(H5N1)	490	2661
PB2|PP755596.1|A/cattle/Texas/24-008749-003/2024(H5N1)	491	2638
PB2|PP755596.1|A/cattle/Texas/24-008749-003/2024(H5N1)	492	2642
PB2|PP755596.1|A/cattle/Texas/24-008749-003/2024(H5N1)	493	2664
PB2|PP755596.1|A/cattle/Texas/24-008749-003/2024(H5N1)	494	2670
PB2|PP755596.1|A/cattle/Texas/24-008749-003/2024(H5N1)	495	2671
PB2|PP755596.1|A/cattle/Texas/24-008749-003/2024(H5N1)	496	2665
PB2|PP755596.1|A/cattle/Texas/24-008749-003/2024(H5N1)	497	2651
PB2|PP755596.1|A/cattle/Texas/24-008749-003/2024(H5N1)	498	2651
PB2|PP755596.1|A/cattle/Texas/24-008749-003/2024(H5N1)	499	2651
PB2|PP755596.1|A/cattle/Texas/24-008749-003/2024(H5N1)	500	2698
PB2|PP755596.1|A/cattle/Texas/24-008749-003/2024(H5N1)	501	2711
PB2|PP755596.1|A/cattle/Texas/24-008749-003/2024(H5N1)	502	2691
PB2|PP755596.1|A/cattle/Texas/24-008749-003/2024(H5N1)	503	2695
PB2|PP755596.1|A/cattle/Texas/24-008749-003/2024(H5N1)	504	2705
PB2|PP755596.1|A/cattle/Texas/24-008749-003/2024(H5N1)	505	2712
PB2|PP755596.1|A/cattle/Texas/24-008749-003/2024(H5N1)	506	2737
PB2|PP755596.1|A/cattle/Texas/24-008749-003/2024(H5N1)	507	2736
PB2|PP755596.1|A/cattle/Texas/24-008749-003/2024(H5N1)	508	2748
PB2|PP755596.1|A/cattle/Texas/24-008749-003/2024(H5N1)	509	2756
PB2|PP755596.1|A/cattle/Texas/24-008749-003/2024(H5N1)	510	2760
PB2|PP755596.1|A/cattle/Texas/24-008749-003/2024(H5N1)	511	2764
PB2|PP755596.1|A/cattle/Texas/24-008749-003/2024(H5N1)	512	2853
PB2|PP755596.1|A/cattle/Texas/24-008749-003/2024(H5N1)	513	2852
PB2|PP755596.1|A/cattle/Texas/24-008749-003/2024(H5N1)	514	2855
PB2|PP755596.1|A/cattle/Texas/24-008749-003/2024(H5N1)	515	2802
PB2|PP755596.1|A/cattle/Texas/24-008749-003/2024(H5N1)	516	2804
PB2|PP755596.1|A/cattle/Texas/24-008749-003/2024(H5N1)	517	2810
PB2|PP755596.1|A/cattle/Texas/24-008749-003/2024(H5N1)	518	2811
PB2|PP755596.1|A/cattle/Texas/24-008749-003/2024(H5N1)	519	2819
PB2|PP755596.1|A/cattle/Texas/24-008749-003/2024(H5N1)	520	2822
PB2|PP755596.1|A/cattle/Texas/24-008749-003/2024(H5N1)	521	2782
PB2|PP755596.1|A/cattle/Texas/24-008749-003/2024(H5N1)	522	2784
PB2|PP755596.1|A/cattle/Texas/24-008749-003/2024(H5N1)	523	2776
PB2|PP755596.1|A/cattle/Texas/24-008749-003/2024(H5N1)	524	2796
PB2|PP755596.1|A/cattle/Texas/24-008749-003/2024(H5N1)	525	2809
PB2|PP755596.1|A/cattle/Texas/24-008749-003/2024(H5N1)	526	2829
PB2|PP755596.1|A/cattle/Texas/24-008749-003/2024(H5N1)	527	2853
PB2|PP755596.1|A/cattle/Texas/24-008749-003/2024(H5N1)	528	2846
PB2|PP755596.1|A/cattle/Texas/24-008749-003/2024(H5N1)	529	2828
PB2|PP755596.1|A/cattle/Texas/24-008749-003/2024(H5N1)	530	2790
PB2|PP755596.1|A/cattle/Texas/24-008749-003/2024(H5N1)	531	2793
PB2|PP755596.1|A/cattle/Texas/24-008749-003/2024(H5N1)	532	2796
PB2|PP755596.1|A/cattle/Texas/24-008749-003/2024(H5N1)	533	2780
PB2|PP755596.1|A/cattle/Texas/24-008749-003/2024(H5N1)	534	2781
PB2|PP755596.1|A/cattle/Texas/24-008749-003/2024(H5N1)	535	2787
PB2|PP755596.1|A/cattle/Texas/24-008749-003/2024(H5N1)	536	2763
PB2|PP755596.1|A/cattle/Texas/24-008749-003/2024(H5N1)	537	2761
PB2|PP755596.1|A/cattle/Texas/24-008749-003/2024(H5N1)	538	2772
PB2|PP755596.1|A/cattle/Texas/24-008749-003/2024(H5N1)	539	2804
PB2|PP755596.1|A/cattle/Texas/24-008749-003/2024(H5N1)	540	2797
PB2|PP755596.1|A/cattle/Texas/24-008749-003/2024(H5N1)	541	2893
PB2|PP755596.1|A/cattle/Texas/24-008749-003/2024(H5N1)	542	2740
PB2|PP755596.1|A/cattle/Texas/24-008749-003/2024(H5N1)	543	2741
PB2|PP755596.1|A/cattle/Texas/24-008749-003/2024(H5N1)	544	2723
PB2|PP755596.1|A/cattle/Texas/24-008749-003/2024(H5N1)	545	2722
PB2|PP755596.1|A/cattle/Texas/24-008749-003/2024(H5N1)	546	2726
PB2|PP755596.1|A/cattle/Texas/24-008749-003/2024(H5N1)	547	2714
PB2|PP755596.1|A/cattle/Texas/24-008749-003/2024(H5N1)	548	2616
PB2|PP755596.1|A/cattle/Texas/24-008749-003/2024(H5N1)	549	2640
PB2|PP755596.1|A/cattle/Texas/24-008749-003/2024(H5N1)	550	2654
PB2|PP755596.1|A/cattle/Texas/24-008749-003/2024(H5N1)	551	2674
PB2|PP755596.1|A/cattle/Texas/24-008749-003/2024(H5N1)	552	2656
PB2|PP755596.1|A/cattle/Texas/24-008749-003/2024(H5N1)	553	2633
PB2|PP755596.1|A/cattle/Texas/24-008749-003/2024(H5N1)	554	2689
PB2|PP755596.1|A/cattle/Texas/24-008749-003/2024(H5N1)	555	2686
PB2|PP755596.1|A/cattle/Texas/24-008749-003/2024(H5N1)	556	2696
PB2|PP755596.1|A/cattle/Texas/24-008749-003/2024(H5N1)	557	2695
PB2|PP755596.1|A/cattle/Texas/24-008749-003/2024(H5N1)	558	2679
PB2|PP755596.1|A/cattle/Texas/24-008749-003/2024(H5N1)	559	2679
PB2|PP755596.1|A/cattle/Texas/24-008749-003/2024(H5N1)	560	2662
PB2|PP755596.1|A/cattle/Texas/24-008749-003/2024(H5N1)	561	2670
PB2|PP755596.1|A/cattle/Texas/24-008749-003/2024(H5N1)	562	2680
PB2|PP755596.1|A/cattle/Texas/24-008749-003/2024(H5N1)	563	2668
PB2|PP755596.1|A/cattle/Texas/24-008749-003/2024(H5N1)	564	2667
PB2|PP755596.1|A/cattle/Texas/24-008749-003/2024(H5N1)	565	2663
PB2|PP755596.1|A/cattle/Texas/24-008749-003/2024(H5N1)	566	2677
PB2|PP755596.1|A/cattle/Texas/24-008749-003/2024(H5N1)	567	2683
PB2|PP755596.1|A/cattle/Texas/24-008749-003/2024(H5N1)	568	2732
PB2|PP755596.1|A/cattle/Texas/24-008749-003/2024(H5N1)	569	2742
PB2|PP755596.1|A/cattle/Texas/24-008749-003/2024(H5N1)	570	2705
PB2|PP755596.1|A/cattle/Texas/24-008749-003/2024(H5N1)	571	2703
PB2|PP755596.1|A/cattle/Texas/24-008749-003/2024(H5N1)	572	2704
PB2|PP755596.1|A/cattle/Texas/24-008749-003/2024(H5N1)	573	2700
PB2|PP755596.1|A/cattle/Texas/24-008749-003/2024(H5N1)	574	2701
PB2|PP755596.1|A/cattle/Texas/24-008749-003/2024(H5N1)	575	2698
PB2|PP755596.1|A/cattle/Texas/24-008749-003/2024(H5N1)	576	2677
PB2|PP755596.1|A/cattle/Texas/24-008749-003/2024(H5N1)	577	2829
PB2|PP755596.1|A/cattle/Texas/24-008749-003/2024(H5N1)	578	2824
PB2|PP755596.1|A/cattle/Texas/24-008749-003/2024(H5N1)	579	2881
PB2|PP755596.1|A/cattle/Texas/24-008749-003/2024(H5N1)	580	2870
PB2|PP755596.1|A/cattle/Texas/24-008749-003/2024(H5N1)	581	2869
PB2|PP755596.1|A/cattle/Texas/24-008749-003/2024(H5N1)	582	2873
PB2|PP755596.1|A/cattle/Texas/24-008749-003/2024(H5N1)	583	2873
PB2|PP755596.1|A/cattle/Texas/24-008749-003/2024(H5N1)	584	3030
PB2|PP755596.1|A/cattle/Texas/24-008749-003/2024(H5N1)	585	2908
PB2|PP755596.1|A/cattle/Texas/24-008749-003/2024(H5N1)	586	2748
PB2|PP755596.1|A/cattle/Texas/24-008749-003/2024(H5N1)	587	2750
PB2|PP755596.1|A/cattle/Texas/24-008749-003/2024(H5N1)	588	2797
PB2|PP755596.1|A/cattle/Texas/24-008749-003/2024(H5N1)	589	2798
PB2|PP755596.1|A/cattle/Texas/24-008749-003/2024(H5N1)	590	2802
PB2|PP755596.1|A/cattle/Texas/24-008749-003/2024(H5N1)	591	2792
PB2|PP755596.1|A/cattle/Texas/24-008749-003/2024(H5N1)	592	2810
PB2|PP755596.1|A/cattle/Texas/24-008749-003/2024(H5N1)	593	2782
PB2|PP755596.1|A/cattle/Texas/24-008749-003/2024(H5N1)	594	2755
PB2|PP755596.1|A/cattle/Texas/24-008749-003/2024(H5N1)	595	2757
PB2|PP755596.1|A/cattle/Texas/24-008749-003/2024(H5N1)	596	2769
PB2|PP755596.1|A/cattle/Texas/24-008749-003/2024(H5N1)	597	2745
PB2|PP755596.1|A/cattle/Texas/24-008749-003/2024(H5N1)	598	2803
PB2|PP755596.1|A/cattle/Texas/24-008749-003/2024(H5N1)	599	2800
PB2|PP755596.1|A/cattle/Texas/24-008749-003/2024(H5N1)	600	2862
PB2|PP755596.1|A/cattle/Texas/24-008749-003/2024(H5N1)	601	2763
PB2|PP755596.1|A/cattle/Texas/24-008749-003/2024(H5N1)	602	2762
PB2|PP755596.1|A/cattle/Texas/24-008749-003/2024(H5N1)	603	2767
PB2|PP755596.1|A/cattle/Texas/24-008749-003/2024(H5N1)	604	2771
PB2|PP755596.1|A/cattle/Texas/24-008749-003/2024(H5N1)	605	2751
PB2|PP755596.1|A/cattle/Texas/24-008749-003/2024(H5N1)	606	2763
PB2|PP755596.1|A/cattle/Texas/24-008749-003/2024(H5N1)	607	2812
PB2|PP755596.1|A/cattle/Texas/24-008749-003/2024(H5N1)	608	2795
PB2|PP755596.1|A/cattle/Texas/24-008749-003/2024(H5N1)	609	2722
PB2|PP755596.1|A/cattle/Texas/24-008749-003/2024(H5N1)	610	2711
PB2|PP755596.1|A/cattle/Texas/24-008749-003/2024(H5N1)	611	2728
PB2|PP755596.1|A/cattle/Texas/24-008749-003/2024(H5N1)	612	2735
PB2|PP755596.1|A/cattle/Texas/24-008749-003/2024(H5N1)	613	2730
PB2|PP755596.1|A/cattle/Texas/24-008749-003/2024(H5N1)	614	2730
PB2|PP755596.1|A/cattle/Texas/24-008749-003/2024(H5N1)	615	2689
PB2|PP755596.1|A/cattle/Texas/24-008749-003/2024(H5N1)	616	2587
PB2|PP755596.1|A/cattle/Texas/24-008749-003/2024(H5N1)	617	2575
PB2|PP755596.1|A/cattle/Texas/24-008749-003/2024(H5N1)	618	2572
PB2|PP755596.1|A/cattle/Texas/24-008749-003/2024(H5N1)	619	2684
PB2|PP755596.1|A/cattle/Texas/24-008749-003/2024(H5N1)	620	2682
PB2|PP755596.1|A/cattle/Texas/24-008749-003/2024(H5N1)	621	2676
PB2|PP755596.1|A/cattle/Texas/24-008749-003/2024(H5N1)	622	2677
PB2|PP755596.1|A/cattle/Texas/24-008749-003/2024(H5N1)	623	2745
PB2|PP755596.1|A/cattle/Texas/24-008749-003/2024(H5N1)	624	2772
PB2|PP755596.1|A/cattle/Texas/24-008749-003/2024(H5N1)	625	2763
PB2|PP755596.1|A/cattle/Texas/24-008749-003/2024(H5N1)	626	2758
PB2|PP755596.1|A/cattle/Texas/24-008749-003/2024(H5N1)	627	2740
PB2|PP755596.1|A/cattle/Texas/24-008749-003/2024(H5N1)	628	2753
PB2|PP755596.1|A/cattle/Texas/24-008749-003/2024(H5N1)	629	2770
PB2|PP755596.1|A/cattle/Texas/24-008749-003/2024(H5N1)	630	2788
PB2|PP755596.1|A/cattle/Texas/24-008749-003/2024(H5N1)	631	2661
PB2|PP755596.1|A/cattle/Texas/24-008749-003/2024(H5N1)	632	2562
PB2|PP755596.1|A/cattle/Texas/24-008749-003/2024(H5N1)	633	2572
PB2|PP755596.1|A/cattle/Texas/24-008749-003/2024(H5N1)	634	2577
PB2|PP755596.1|A/cattle/Texas/24-008749-003/2024(H5N1)	635	2565
PB2|PP755596.1|A/cattle/Texas/24-008749-003/2024(H5N1)	636	2561
PB2|PP755596.1|A/cattle/Texas/24-008749-003/2024(H5N1)	637	2512
PB2|PP755596.1|A/cattle/Texas/24-008749-003/2024(H5N1)	638	2512
PB2|PP755596.1|A/cattle/Texas/24-008749-003/2024(H5N1)	639	2498
PB2|PP755596.1|A/cattle/Texas/24-008749-003/2024(H5N1)	640	2505
PB2|PP755596.1|A/cattle/Texas/24-008749-003/2024(H5N1)	641	2572
PB2|PP755596.1|A/cattle/Texas/24-008749-003/2024(H5N1)	642	2573
PB2|PP755596.1|A/cattle/Texas/24-008749-003/2024(H5N1)	643	2574
PB2|PP755596.1|A/cattle/Texas/24-008749-003/2024(H5N1)	644	2544
PB2|PP755596.1|A/cattle/Texas/24-008749-003/2024(H5N1)	645	2542
PB2|PP755596.1|A/cattle/Texas/24-008749-003/2024(H5N1)	646	2550
PB2|PP755596.1|A/cattle/Texas/24-008749-003/2024(H5N1)	647	2557
PB2|PP755596.1|A/cattle/Texas/24-008749-003/2024(H5N1)	648	2581
PB2|PP755596.1|A/cattle/Texas/24-008749-003/2024(H5N1)	649	2600
PB2|PP755596.1|A/cattle/Texas/24-008749-003/2024(H5N1)	650	2572
PB2|PP755596.1|A/cattle/Texas/24-008749-003/2024(H5N1)	651	2580
PB2|PP755596.1|A/cattle/Texas/24-008749-003/2024(H5N1)	652	2568
PB2|PP755596.1|A/cattle/Texas/24-008749-003/2024(H5N1)	653	2575
PB2|PP755596.1|A/cattle/Texas/24-008749-003/2024(H5N1)	654	2609
PB2|PP755596.1|A/cattle/Texas/24-008749-003/2024(H5N1)	655	2597
PB2|PP755596.1|A/cattle/Texas/24-008749-003/2024(H5N1)	656	2591
PB2|PP755596.1|A/cattle/Texas/24-008749-003/2024(H5N1)	657	2571
PB2|PP755596.1|A/cattle/Texas/24-008749-003/2024(H5N1)	658	2577
PB2|PP755596.1|A/cattle/Texas/24-008749-003/2024(H5N1)	659	2580
PB2|PP755596.1|A/cattle/Texas/24-008749-003/2024(H5N1)	660	2569
PB2|PP755596.1|A/cattle/Texas/24-008749-003/2024(H5N1)	661	2566
PB2|PP755596.1|A/cattle/Texas/24-008749-003/2024(H5N1)	662	2479
PB2|PP755596.1|A/cattle/Texas/24-008749-003/2024(H5N1)	663	2473
PB2|PP755596.1|A/cattle/Texas/24-008749-003/2024(H5N1)	664	2482
PB2|PP755596.1|A/cattle/Texas/24-008749-003/2024(H5N1)	665	2520
PB2|PP755596.1|A/cattle/Texas/24-008749-003/2024(H5N1)	666	2528
PB2|PP755596.1|A/cattle/Texas/24-008749-003/2024(H5N1)	667	2535
PB2|PP755596.1|A/cattle/Texas/24-008749-003/2024(H5N1)	668	2540
PB2|PP755596.1|A/cattle/Texas/24-008749-003/2024(H5N1)	669	2571
PB2|PP755596.1|A/cattle/Texas/24-008749-003/2024(H5N1)	670	2568
PB2|PP755596.1|A/cattle/Texas/24-008749-003/2024(H5N1)	671	2588
PB2|PP755596.1|A/cattle/Texas/24-008749-003/2024(H5N1)	672	2602
PB2|PP755596.1|A/cattle/Texas/24-008749-003/2024(H5N1)	673	2598
PB2|PP755596.1|A/cattle/Texas/24-008749-003/2024(H5N1)	674	2596
PB2|PP755596.1|A/cattle/Texas/24-008749-003/2024(H5N1)	675	2578
PB2|PP755596.1|A/cattle/Texas/24-008749-003/2024(H5N1)	676	2556
PB2|PP755596.1|A/cattle/Texas/24-008749-003/2024(H5N1)	677	2602
PB2|PP755596.1|A/cattle/Texas/24-008749-003/2024(H5N1)	678	2607
PB2|PP755596.1|A/cattle/Texas/24-008749-003/2024(H5N1)	679	2644
PB2|PP755596.1|A/cattle/Texas/24-008749-003/2024(H5N1)	680	2642
PB2|PP755596.1|A/cattle/Texas/24-008749-003/2024(H5N1)	681	2649
PB2|PP755596.1|A/cattle/Texas/24-008749-003/2024(H5N1)	682	2640
PB2|PP755596.1|A/cattle/Texas/24-008749-003/2024(H5N1)	683	2761
PB2|PP755596.1|A/cattle/Texas/24-008749-003/2024(H5N1)	684	2759
PB2|PP755596.1|A/cattle/Texas/24-008749-003/2024(H5N1)	685	2769
PB2|PP755596.1|A/cattle/Texas/24-008749-003/2024(H5N1)	686	2754
PB2|PP755596.1|A/cattle/Texas/24-008749-003/2024(H5N1)	687	2691
PB2|PP755596.1|A/cattle/Texas/24-008749-003/2024(H5N1)	688	2662
PB2|PP755596.1|A/cattle/Texas/24-008749-003/2024(H5N1)	689	2639
PB2|PP755596.1|A/cattle/Texas/24-008749-003/2024(H5N1)	690	2628
PB2|PP755596.1|A/cattle/Texas/24-008749-003/2024(H5N1)	691	2656
PB2|PP755596.1|A/cattle/Texas/24-008749-003/2024(H5N1)	692	2550
PB2|PP755596.1|A/cattle/Texas/24-008749-003/2024(H5N1)	693	2547
PB2|PP755596.1|A/cattle/Texas/24-008749-003/2024(H5N1)	694	2556
PB2|PP755596.1|A/cattle/Texas/24-008749-003/2024(H5N1)	695	2549
PB2|PP755596.1|A/cattle/Texas/24-008749-003/2024(H5N1)	696	2596
PB2|PP755596.1|A/cattle/Texas/24-008749-003/2024(H5N1)	697	2775
PB2|PP755596.1|A/cattle/Texas/24-008749-003/2024(H5N1)	698	2793
PB2|PP755596.1|A/cattle/Texas/24-008749-003/2024(H5N1)	699	2797
PB2|PP755596.1|A/cattle/Texas/24-008749-003/2024(H5N1)	700	2747
PB2|PP755596.1|A/cattle/Texas/24-008749-003/2024(H5N1)	701	2750
PB2|PP755596.1|A/cattle/Texas/24-008749-003/2024(H5N1)	702	2733
PB2|PP755596.1|A/cattle/Texas/24-008749-003/2024(H5N1)	703	2755
PB2|PP755596.1|A/cattle/Texas/24-008749-003/2024(H5N1)	704	2749
PB2|PP755596.1|A/cattle/Texas/24-008749-003/2024(H5N1)	705	2723
PB2|PP755596.1|A/cattle/Texas/24-008749-003/2024(H5N1)	706	2709
PB2|PP755596.1|A/cattle/Texas/24-008749-003/2024(H5N1)	707	2701
PB2|PP755596.1|A/cattle/Texas/24-008749-003/2024(H5N1)	708	2764
PB2|PP755596.1|A/cattle/Texas/24-008749-003/2024(H5N1)	709	2800
PB2|PP755596.1|A/cattle/Texas/24-008749-003/2024(H5N1)	710	2808
PB2|PP755596.1|A/cattle/Texas/24-008749-003/2024(H5N1)	711	2814
PB2|PP755596.1|A/cattle/Texas/24-008749-003/2024(H5N1)	712	2802
PB2|PP755596.1|A/cattle/Texas/24-008749-003/2024(H5N1)	713	2813
PB2|PP755596.1|A/cattle/Texas/24-008749-003/2024(H5N1)	714	2814
PB2|PP755596.1|A/cattle/Texas/24-008749-003/2024(H5N1)	715	2835
PB2|PP755596.1|A/cattle/Texas/24-008749-003/2024(H5N1)	716	2843
PB2|PP755596.1|A/cattle/Texas/24-008749-003/2024(H5N1)	717	2822
PB2|PP755596.1|A/cattle/Texas/24-008749-003/2024(H5N1)	718	2778
PB2|PP755596.1|A/cattle/Texas/24-008749-003/2024(H5N1)	719	2779
PB2|PP755596.1|A/cattle/Texas/24-008749-003/2024(H5N1)	720	2773
PB2|PP755596.1|A/cattle/Texas/24-008749-003/2024(H5N1)	721	2825
PB2|PP755596.1|A/cattle/Texas/24-008749-003/2024(H5N1)	722	2810
PB2|PP755596.1|A/cattle/Texas/24-008749-003/2024(H5N1)	723	2815
PB2|PP755596.1|A/cattle/Texas/24-008749-003/2024(H5N1)	724	2828
PB2|PP755596.1|A/cattle/Texas/24-008749-003/2024(H5N1)	725	2813
PB2|PP755596.1|A/cattle/Texas/24-008749-003/2024(H5N1)	726	3007
PB2|PP755596.1|A/cattle/Texas/24-008749-003/2024(H5N1)	727	3012
PB2|PP755596.1|A/cattle/Texas/24-008749-003/2024(H5N1)	728	2895
PB2|PP755596.1|A/cattle/Texas/24-008749-003/2024(H5N1)	729	2928
PB2|PP755596.1|A/cattle/Texas/24-008749-003/2024(H5N1)	730	2968
PB2|PP755596.1|A/cattle/Texas/24-008749-003/2024(H5N1)	731	2971
PB2|PP755596.1|A/cattle/Texas/24-008749-003/2024(H5N1)	732	2971
PB2|PP755596.1|A/cattle/Texas/24-008749-003/2024(H5N1)	733	2938
PB2|PP755596.1|A/cattle/Texas/24-008749-003/2024(H5N1)	734	2946
PB2|PP755596.1|A/cattle/Texas/24-008749-003/2024(H5N1)	735	2750
PB2|PP755596.1|A/cattle/Texas/24-008749-003/2024(H5N1)	736	2789
PB2|PP755596.1|A/cattle/Texas/24-008749-003/2024(H5N1)	737	2768
PB2|PP755596.1|A/cattle/Texas/24-008749-003/2024(H5N1)	738	2707
PB2|PP755596.1|A/cattle/Texas/24-008749-003/2024(H5N1)	739	2707
PB2|PP755596.1|A/cattle/Texas/24-008749-003/2024(H5N1)	740	2742
PB2|PP755596.1|A/cattle/Texas/24-008749-003/2024(H5N1)	741	2743
PB2|PP755596.1|A/cattle/Texas/24-008749-003/2024(H5N1)	742	2752
PB2|PP755596.1|A/cattle/Texas/24-008749-003/2024(H5N1)	743	2752
PB2|PP755596.1|A/cattle/Texas/24-008749-003/2024(H5N1)	744	2745
PB2|PP755596.1|A/cattle/Texas/24-008749-003/2024(H5N1)	745	2761
PB2|PP755596.1|A/cattle/Texas/24-008749-003/2024(H5N1)	746	2763
PB2|PP755596.1|A/cattle/Texas/24-008749-003/2024(H5N1)	747	2770
PB2|PP755596.1|A/cattle/Texas/24-008749-003/2024(H5N1)	748	2778
PB2|PP755596.1|A/cattle/Texas/24-008749-003/2024(H5N1)	749	2712
PB2|PP755596.1|A/cattle/Texas/24-008749-003/2024(H5N1)	750	2709
PB2|PP755596.1|A/cattle/Texas/24-008749-003/2024(H5N1)	751	2653
PB2|PP755596.1|A/cattle/Texas/24-008749-003/2024(H5N1)	752	2650
PB2|PP755596.1|A/cattle/Texas/24-008749-003/2024(H5N1)	753	2648
PB2|PP755596.1|A/cattle/Texas/24-008749-003/2024(H5N1)	754	2636
PB2|PP755596.1|A/cattle/Texas/24-008749-003/2024(H5N1)	755	2644
PB2|PP755596.1|A/cattle/Texas/24-008749-003/2024(H5N1)	756	2638
PB2|PP755596.1|A/cattle/Texas/24-008749-003/2024(H5N1)	757	2631
PB2|PP755596.1|A/cattle/Texas/24-008749-003/2024(H5N1)	758	2552
PB2|PP755596.1|A/cattle/Texas/24-008749-003/2024(H5N1)	759	2538
PB2|PP755596.1|A/cattle/Texas/24-008749-003/2024(H5N1)	760	2551
PB2|PP755596.1|A/cattle/Texas/24-008749-003/2024(H5N1)	761	2644
PB2|PP755596.1|A/cattle/Texas/24-008749-003/2024(H5N1)	762	2633
PB2|PP755596.1|A/cattle/Texas/24-008749-003/2024(H5N1)	763	2631
PB2|PP755596.1|A/cattle/Texas/24-008749-003/2024(H5N1)	764	2628
PB2|PP755596.1|A/cattle/Texas/24-008749-003/2024(H5N1)	765	2615
PB2|PP755596.1|A/cattle/Texas/24-008749-003/2024(H5N1)	766	2722
PB2|PP755596.1|A/cattle/Texas/24-008749-003/2024(H5N1)	767	2735
PB2|PP755596.1|A/cattle/Texas/24-008749-003/2024(H5N1)	768	2769
PB2|PP755596.1|A/cattle/Texas/24-008749-003/2024(H5N1)	769	2745
PB2|PP755596.1|A/cattle/Texas/24-008749-003/2024(H5N1)	770	2624
PB2|PP755596.1|A/cattle/Texas/24-008749-003/2024(H5N1)	771	2656
PB2|PP755596.1|A/cattle/Texas/24-008749-003/2024(H5N1)	772	2674
PB2|PP755596.1|A/cattle/Texas/24-008749-003/2024(H5N1)	773	2678
PB2|PP755596.1|A/cattle/Texas/24-008749-003/2024(H5N1)	774	2623
PB2|PP755596.1|A/cattle/Texas/24-008749-003/2024(H5N1)	775	2592
PB2|PP755596.1|A/cattle/Texas/24-008749-003/2024(H5N1)	776	2593
PB2|PP755596.1|A/cattle/Texas/24-008749-003/2024(H5N1)	777	2590
PB2|PP755596.1|A/cattle/Texas/24-008749-003/2024(H5N1)	778	2654
PB2|PP755596.1|A/cattle/Texas/24-008749-003/2024(H5N1)	779	2644
PB2|PP755596.1|A/cattle/Texas/24-008749-003/2024(H5N1)	780	2636
PB2|PP755596.1|A/cattle/Texas/24-008749-003/2024(H5N1)	781	2639
PB2|PP755596.1|A/cattle/Texas/24-008749-003/2024(H5N1)	782	2644
PB2|PP755596.1|A/cattle/Texas/24-008749-003/2024(H5N1)	783	2777
PB2|PP755596.1|A/cattle/Texas/24-008749-003/2024(H5N1)	784	2771
PB2|PP755596.1|A/cattle/Texas/24-008749-003/2024(H5N1)	785	2768
PB2|PP755596.1|A/cattle/Texas/24-008749-003/2024(H5N1)	786	2762
PB2|PP755596.1|A/cattle/Texas/24-008749-003/2024(H5N1)	787	2788
PB2|PP755596.1|A/cattle/Texas/24-008749-003/2024(H5N1)	788	2854
PB2|PP755596.1|A/cattle/Texas/24-008749-003/2024(H5N1)	789	2864
PB2|PP755596.1|A/cattle/Texas/24-008749-003/2024(H5N1)	790	2864
PB2|PP755596.1|A/cattle/Texas/24-008749-003/2024(H5N1)	791	2893
PB2|PP755596.1|A/cattle/Texas/24-008749-003/2024(H5N1)	792	2868
PB2|PP755596.1|A/cattle/Texas/24-008749-003/2024(H5N1)	793	2883
PB2|PP755596.1|A/cattle/Texas/24-008749-003/2024(H5N1)	794	2876
PB2|PP755596.1|A/cattle/Texas/24-008749-003/2024(H5N1)	795	2883
PB2|PP755596.1|A/cattle/Texas/24-008749-003/2024(H5N1)	796	2919
PB2|PP755596.1|A/cattle/Texas/24-008749-003/2024(H5N1)	797	2913
PB2|PP755596.1|A/cattle/Texas/24-008749-003/2024(H5N1)	798	2913
PB2|PP755596.1|A/cattle/Texas/24-008749-003/2024(H5N1)	799	2908
PB2|PP755596.1|A/cattle/Texas/24-008749-003/2024(H5N1)	800	2930
PB2|PP755596.1|A/cattle/Texas/24-008749-003/2024(H5N1)	801	2906
PB2|PP755596.1|A/cattle/Texas/24-008749-003/2024(H5N1)	802	2894
PB2|PP755596.1|A/cattle/Texas/24-008749-003/2024(H5N1)	803	2912
PB2|PP755596.1|A/cattle/Texas/24-008749-003/2024(H5N1)	804	2954
PB2|PP755596.1|A/cattle/Texas/24-008749-003/2024(H5N1)	805	2915
PB2|PP755596.1|A/cattle/Texas/24-008749-003/2024(H5N1)	806	2973
PB2|PP755596.1|A/cattle/Texas/24-008749-003/2024(H5N1)	807	2971
PB2|PP755596.1|A/cattle/Texas/24-008749-003/2024(H5N1)	808	2984
PB2|PP755596.1|A/cattle/Texas/24-008749-003/2024(H5N1)	809	2986
PB2|PP755596.1|A/cattle/Texas/24-008749-003/2024(H5N1)	810	3001
PB2|PP755596.1|A/cattle/Texas/24-008749-003/2024(H5N1)	811	3003
PB2|PP755596.1|A/cattle/Texas/24-008749-003/2024(H5N1)	812	3021
PB2|PP755596.1|A/cattle/Texas/24-008749-003/2024(H5N1)	813	3047
PB2|PP755596.1|A/cattle/Texas/24-008749-003/2024(H5N1)	814	3127
PB2|PP755596.1|A/cattle/Texas/24-008749-003/2024(H5N1)	815	3146
PB2|PP755596.1|A/cattle/Texas/24-008749-003/2024(H5N1)	816	3150
PB2|PP755596.1|A/cattle/Texas/24-008749-003/2024(H5N1)	817	3154
PB2|PP755596.1|A/cattle/Texas/24-008749-003/2024(H5N1)	818	3157
PB2|PP755596.1|A/cattle/Texas/24-008749-003/2024(H5N1)	819	3154
PB2|PP755596.1|A/cattle/Texas/24-008749-003/2024(H5N1)	820	3132
PB2|PP755596.1|A/cattle/Texas/24-008749-003/2024(H5N1)	821	3113
PB2|PP755596.1|A/cattle/Texas/24-008749-003/2024(H5N1)	822	3056
PB2|PP755596.1|A/cattle/Texas/24-008749-003/2024(H5N1)	823	3037
PB2|PP755596.1|A/cattle/Texas/24-008749-003/2024(H5N1)	824	3098
PB2|PP755596.1|A/cattle/Texas/24-008749-003/2024(H5N1)	825	3162
PB2|PP755596.1|A/cattle/Texas/24-008749-003/2024(H5N1)	826	3162
PB2|PP755596.1|A/cattle/Texas/24-008749-003/2024(H5N1)	827	3097
PB2|PP755596.1|A/cattle/Texas/24-008749-003/2024(H5N1)	828	3100
PB2|PP755596.1|A/cattle/Texas/24-008749-003/2024(H5N1)	829	3164
PB2|PP755596.1|A/cattle/Texas/24-008749-003/2024(H5N1)	830	3132
PB2|PP755596.1|A/cattle/Texas/24-008749-003/2024(H5N1)	831	3132
PB2|PP755596.1|A/cattle/Texas/24-008749-003/2024(H5N1)	832	3120
PB2|PP755596.1|A/cattle/Texas/24-008749-003/2024(H5N1)	833	3056
PB2|PP755596.1|A/cattle/Texas/24-008749-003/2024(H5N1)	834	3001
PB2|PP755596.1|A/cattle/Texas/24-008749-003/2024(H5N1)	835	3009
PB2|PP755596.1|A/cattle/Texas/24-008749-003/2024(H5N1)	836	3007
PB2|PP755596.1|A/cattle/Texas/24-008749-003/2024(H5N1)	837	3008
PB2|PP755596.1|A/cattle/Texas/24-008749-003/2024(H5N1)	838	3208
PB2|PP755596.1|A/cattle/Texas/24-008749-003/2024(H5N1)	839	3207
PB2|PP755596.1|A/cattle/Texas/24-008749-003/2024(H5N1)	840	3219
PB2|PP755596.1|A/cattle/Texas/24-008749-003/2024(H5N1)	841	3221
PB2|PP755596.1|A/cattle/Texas/24-008749-003/2024(H5N1)	842	3200
PB2|PP755596.1|A/cattle/Texas/24-008749-003/2024(H5N1)	843	3199
PB2|PP755596.1|A/cattle/Texas/24-008749-003/2024(H5N1)	844	3195
PB2|PP755596.1|A/cattle/Texas/24-008749-003/2024(H5N1)	845	3191
PB2|PP755596.1|A/cattle/Texas/24-008749-003/2024(H5N1)	846	3194
PB2|PP755596.1|A/cattle/Texas/24-008749-003/2024(H5N1)	847	3019
PB2|PP755596.1|A/cattle/Texas/24-008749-003/2024(H5N1)	848	2984
PB2|PP755596.1|A/cattle/Texas/24-008749-003/2024(H5N1)	849	3066
PB2|PP755596.1|A/cattle/Texas/24-008749-003/2024(H5N1)	850	3067
PB2|PP755596.1|A/cattle/Texas/24-008749-003/2024(H5N1)	851	3067
PB2|PP755596.1|A/cattle/Texas/24-008749-003/2024(H5N1)	852	3074
PB2|PP755596.1|A/cattle/Texas/24-008749-003/2024(H5N1)	853	3086
PB2|PP755596.1|A/cattle/Texas/24-008749-003/2024(H5N1)	854	3080
PB2|PP755596.1|A/cattle/Texas/24-008749-003/2024(H5N1)	855	3072
PB2|PP755596.1|A/cattle/Texas/24-008749-003/2024(H5N1)	856	3055
PB2|PP755596.1|A/cattle/Texas/24-008749-003/2024(H5N1)	857	3072
PB2|PP755596.1|A/cattle/Texas/24-008749-003/2024(H5N1)	858	3001
PB2|PP755596.1|A/cattle/Texas/24-008749-003/2024(H5N1)	859	3005
PB2|PP755596.1|A/cattle/Texas/24-008749-003/2024(H5N1)	860	3009
PB2|PP755596.1|A/cattle/Texas/24-008749-003/2024(H5N1)	861	2996
PB2|PP755596.1|A/cattle/Texas/24-008749-003/2024(H5N1)	862	3012
PB2|PP755596.1|A/cattle/Texas/24-008749-003/2024(H5N1)	863	3010
PB2|PP755596.1|A/cattle/Texas/24-008749-003/2024(H5N1)	864	3028
PB2|PP755596.1|A/cattle/Texas/24-008749-003/2024(H5N1)	865	3025
PB2|PP755596.1|A/cattle/Texas/24-008749-003/2024(H5N1)	866	3004
PB2|PP755596.1|A/cattle/Texas/24-008749-003/2024(H5N1)	867	2996
PB2|PP755596.1|A/cattle/Texas/24-008749-003/2024(H5N1)	868	2995
PB2|PP755596.1|A/cattle/Texas/24-008749-003/2024(H5N1)	869	2996
PB2|PP755596.1|A/cattle/Texas/24-008749-003/2024(H5N1)	870	2996
PB2|PP755596.1|A/cattle/Texas/24-008749-003/2024(H5N1)	871	3000
PB2|PP755596.1|A/cattle/Texas/24-008749-003/2024(H5N1)	872	3095
PB2|PP755596.1|A/cattle/Texas/24-008749-003/2024(H5N1)	873	3081
PB2|PP755596.1|A/cattle/Texas/24-008749-003/2024(H5N1)	874	3083
PB2|PP755596.1|A/cattle/Texas/24-008749-003/2024(H5N1)	875	3076
PB2|PP755596.1|A/cattle/Texas/24-008749-003/2024(H5N1)	876	3084
PB2|PP755596.1|A/cattle/Texas/24-008749-003/2024(H5N1)	877	2901
PB2|PP755596.1|A/cattle/Texas/24-008749-003/2024(H5N1)	878	2938
PB2|PP755596.1|A/cattle/Texas/24-008749-003/2024(H5N1)	879	3006
PB2|PP755596.1|A/cattle/Texas/24-008749-003/2024(H5N1)	880	2990
PB2|PP755596.1|A/cattle/Texas/24-008749-003/2024(H5N1)	881	2900
PB2|PP755596.1|A/cattle/Texas/24-008749-003/2024(H5N1)	882	2913
PB2|PP755596.1|A/cattle/Texas/24-008749-003/2024(H5N1)	883	2943
PB2|PP755596.1|A/cattle/Texas/24-008749-003/2024(H5N1)	884	2945
PB2|PP755596.1|A/cattle/Texas/24-008749-003/2024(H5N1)	885	2917
PB2|PP755596.1|A/cattle/Texas/24-008749-003/2024(H5N1)	886	2918
PB2|PP755596.1|A/cattle/Texas/24-008749-003/2024(H5N1)	887	2889
PB2|PP755596.1|A/cattle/Texas/24-008749-003/2024(H5N1)	888	2898
PB2|PP755596.1|A/cattle/Texas/24-008749-003/2024(H5N1)	889	2883
PB2|PP755596.1|A/cattle/Texas/24-008749-003/2024(H5N1)	890	2935
PB2|PP755596.1|A/cattle/Texas/24-008749-003/2024(H5N1)	891	2919
PB2|PP755596.1|A/cattle/Texas/24-008749-003/2024(H5N1)	892	2910
PB2|PP755596.1|A/cattle/Texas/24-008749-003/2024(H5N1)	893	2887
PB2|PP755596.1|A/cattle/Texas/24-008749-003/2024(H5N1)	894	2890
PB2|PP755596.1|A/cattle/Texas/24-008749-003/2024(H5N1)	895	2890
PB2|PP755596.1|A/cattle/Texas/24-008749-003/2024(H5N1)	896	2887
PB2|PP755596.1|A/cattle/Texas/24-008749-003/2024(H5N1)	897	2901
PB2|PP755596.1|A/cattle/Texas/24-008749-003/2024(H5N1)	898	2882
PB2|PP755596.1|A/cattle/Texas/24-008749-003/2024(H5N1)	899	2879
PB2|PP755596.1|A/cattle/Texas/24-008749-003/2024(H5N1)	900	2879
PB2|PP755596.1|A/cattle/Texas/24-008749-003/2024(H5N1)	901	2874
PB2|PP755596.1|A/cattle/Texas/24-008749-003/2024(H5N1)	902	2976
PB2|PP755596.1|A/cattle/Texas/24-008749-003/2024(H5N1)	903	2974
PB2|PP755596.1|A/cattle/Texas/24-008749-003/2024(H5N1)	904	2976
PB2|PP755596.1|A/cattle/Texas/24-008749-003/2024(H5N1)	905	2972
PB2|PP755596.1|A/cattle/Texas/24-008749-003/2024(H5N1)	906	2965
PB2|PP755596.1|A/cattle/Texas/24-008749-003/2024(H5N1)	907	2943
PB2|PP755596.1|A/cattle/Texas/24-008749-003/2024(H5N1)	908	2950
PB2|PP755596.1|A/cattle/Texas/24-008749-003/2024(H5N1)	909	2949
PB2|PP755596.1|A/cattle/Texas/24-008749-003/2024(H5N1)	910	2958
PB2|PP755596.1|A/cattle/Texas/24-008749-003/2024(H5N1)	911	2938
PB2|PP755596.1|A/cattle/Texas/24-008749-003/2024(H5N1)	912	2839
PB2|PP755596.1|A/cattle/Texas/24-008749-003/2024(H5N1)	913	2852
PB2|PP755596.1|A/cattle/Texas/24-008749-003/2024(H5N1)	914	2867
PB2|PP755596.1|A/cattle/Texas/24-008749-003/2024(H5N1)	915	2867
PB2|PP755596.1|A/cattle/Texas/24-008749-003/2024(H5N1)	916	2777
PB2|PP755596.1|A/cattle/Texas/24-008749-003/2024(H5N1)	917	2767
PB2|PP755596.1|A/cattle/Texas/24-008749-003/2024(H5N1)	918	2761
PB2|PP755596.1|A/cattle/Texas/24-008749-003/2024(H5N1)	919	2751
PB2|PP755596.1|A/cattle/Texas/24-008749-003/2024(H5N1)	920	2767
PB2|PP755596.1|A/cattle/Texas/24-008749-003/2024(H5N1)	921	2737
PB2|PP755596.1|A/cattle/Texas/24-008749-003/2024(H5N1)	922	2832
PB2|PP755596.1|A/cattle/Texas/24-008749-003/2024(H5N1)	923	2873
PB2|PP755596.1|A/cattle/Texas/24-008749-003/2024(H5N1)	924	2918
PB2|PP755596.1|A/cattle/Texas/24-008749-003/2024(H5N1)	925	3101
PB2|PP755596.1|A/cattle/Texas/24-008749-003/2024(H5N1)	926	3113
PB2|PP755596.1|A/cattle/Texas/24-008749-003/2024(H5N1)	927	3170
PB2|PP755596.1|A/cattle/Texas/24-008749-003/2024(H5N1)	928	3106
PB2|PP755596.1|A/cattle/Texas/24-008749-003/2024(H5N1)	929	3100
PB2|PP755596.1|A/cattle/Texas/24-008749-003/2024(H5N1)	930	3165
PB2|PP755596.1|A/cattle/Texas/24-008749-003/2024(H5N1)	931	3117
PB2|PP755596.1|A/cattle/Texas/24-008749-003/2024(H5N1)	932	3091
PB2|PP755596.1|A/cattle/Texas/24-008749-003/2024(H5N1)	933	3141
PB2|PP755596.1|A/cattle/Texas/24-008749-003/2024(H5N1)	934	3082
PB2|PP755596.1|A/cattle/Texas/24-008749-003/2024(H5N1)	935	3100
PB2|PP755596.1|A/cattle/Texas/24-008749-003/2024(H5N1)	936	3098
PB2|PP755596.1|A/cattle/Texas/24-008749-003/2024(H5N1)	937	3181
PB2|PP755596.1|A/cattle/Texas/24-008749-003/2024(H5N1)	938	3175
PB2|PP755596.1|A/cattle/Texas/24-008749-003/2024(H5N1)	939	3094
PB2|PP755596.1|A/cattle/Texas/24-008749-003/2024(H5N1)	940	3133
PB2|PP755596.1|A/cattle/Texas/24-008749-003/2024(H5N1)	941	3119
PB2|PP755596.1|A/cattle/Texas/24-008749-003/2024(H5N1)	942	3138
PB2|PP755596.1|A/cattle/Texas/24-008749-003/2024(H5N1)	943	3140
PB2|PP755596.1|A/cattle/Texas/24-008749-003/2024(H5N1)	944	3155
PB2|PP755596.1|A/cattle/Texas/24-008749-003/2024(H5N1)	945	3178
PB2|PP755596.1|A/cattle/Texas/24-008749-003/2024(H5N1)	946	3221
PB2|PP755596.1|A/cattle/Texas/24-008749-003/2024(H5N1)	947	3211
PB2|PP755596.1|A/cattle/Texas/24-008749-003/2024(H5N1)	948	3221
PB2|PP755596.1|A/cattle/Texas/24-008749-003/2024(H5N1)	949	3191
PB2|PP755596.1|A/cattle/Texas/24-008749-003/2024(H5N1)	950	3183
PB2|PP755596.1|A/cattle/Texas/24-008749-003/2024(H5N1)	951	3192
PB2|PP755596.1|A/cattle/Texas/24-008749-003/2024(H5N1)	952	3197
PB2|PP755596.1|A/cattle/Texas/24-008749-003/2024(H5N1)	953	3252
PB2|PP755596.1|A/cattle/Texas/24-008749-003/2024(H5N1)	954	3278
PB2|PP755596.1|A/cattle/Texas/24-008749-003/2024(H5N1)	955	3256
PB2|PP755596.1|A/cattle/Texas/24-008749-003/2024(H5N1)	956	3245
PB2|PP755596.1|A/cattle/Texas/24-008749-003/2024(H5N1)	957	3197
PB2|PP755596.1|A/cattle/Texas/24-008749-003/2024(H5N1)	958	3203
PB2|PP755596.1|A/cattle/Texas/24-008749-003/2024(H5N1)	959	3205
PB2|PP755596.1|A/cattle/Texas/24-008749-003/2024(H5N1)	960	3219
PB2|PP755596.1|A/cattle/Texas/24-008749-003/2024(H5N1)	961	3217
PB2|PP755596.1|A/cattle/Texas/24-008749-003/2024(H5N1)	962	3153
PB2|PP755596.1|A/cattle/Texas/24-008749-003/2024(H5N1)	963	3105
PB2|PP755596.1|A/cattle/Texas/24-008749-003/2024(H5N1)	964	3119
PB2|PP755596.1|A/cattle/Texas/24-008749-003/2024(H5N1)	965	3047
PB2|PP755596.1|A/cattle/Texas/24-008749-003/2024(H5N1)	966	3086
PB2|PP755596.1|A/cattle/Texas/24-008749-003/2024(H5N1)	967	3081
PB2|PP755596.1|A/cattle/Texas/24-008749-003/2024(H5N1)	968	3063
PB2|PP755596.1|A/cattle/Texas/24-008749-003/2024(H5N1)	969	3035
PB2|PP755596.1|A/cattle/Texas/24-008749-003/2024(H5N1)	970	3034
PB2|PP755596.1|A/cattle/Texas/24-008749-003/2024(H5N1)	971	3106
PB2|PP755596.1|A/cattle/Texas/24-008749-003/2024(H5N1)	972	3134
PB2|PP755596.1|A/cattle/Texas/24-008749-003/2024(H5N1)	973	3110
PB2|PP755596.1|A/cattle/Texas/24-008749-003/2024(H5N1)	974	3112
PB2|PP755596.1|A/cattle/Texas/24-008749-003/2024(H5N1)	975	3079
PB2|PP755596.1|A/cattle/Texas/24-008749-003/2024(H5N1)	976	3023
PB2|PP755596.1|A/cattle/Texas/24-008749-003/2024(H5N1)	977	3028
PB2|PP755596.1|A/cattle/Texas/24-008749-003/2024(H5N1)	978	3021
PB2|PP755596.1|A/cattle/Texas/24-008749-003/2024(H5N1)	979	3023
PB2|PP755596.1|A/cattle/Texas/24-008749-003/2024(H5N1)	980	2939
PB2|PP755596.1|A/cattle/Texas/24-008749-003/2024(H5N1)	981	2956
PB2|PP755596.1|A/cattle/Texas/24-008749-003/2024(H5N1)	982	2958
PB2|PP755596.1|A/cattle/Texas/24-008749-003/2024(H5N1)	983	2954
PB2|PP755596.1|A/cattle/Texas/24-008749-003/2024(H5N1)	984	2949
PB2|PP755596.1|A/cattle/Texas/24-008749-003/2024(H5N1)	985	2945
PB2|PP755596.1|A/cattle/Texas/24-008749-003/2024(H5N1)	986	2946
PB2|PP755596.1|A/cattle/Texas/24-008749-003/2024(H5N1)	987	2947
PB2|PP755596.1|A/cattle/Texas/24-008749-003/2024(H5N1)	988	2945
PB2|PP755596.1|A/cattle/Texas/24-008749-003/2024(H5N1)	989	2778
PB2|PP755596.1|A/cattle/Texas/24-008749-003/2024(H5N1)	990	2780
PB2|PP755596.1|A/cattle/Texas/24-008749-003/2024(H5N1)	991	2813
PB2|PP755596.1|A/cattle/Texas/24-008749-003/2024(H5N1)	992	2810
PB2|PP755596.1|A/cattle/Texas/24-008749-003/2024(H5N1)	993	2810
PB2|PP755596.1|A/cattle/Texas/24-008749-003/2024(H5N1)	994	2804
PB2|PP755596.1|A/cattle/Texas/24-008749-003/2024(H5N1)	995	2807
PB2|PP755596.1|A/cattle/Texas/24-008749-003/2024(H5N1)	996	2794
PB2|PP755596.1|A/cattle/Texas/24-008749-003/2024(H5N1)	997	2807
PB2|PP755596.1|A/cattle/Texas/24-008749-003/2024(H5N1)	998	2809
PB2|PP755596.1|A/cattle/Texas/24-008749-003/2024(H5N1)	999	2808
PB2|PP755596.1|A/cattle/Texas/24-008749-003/2024(H5N1)	1000	2722
PB2|PP755596.1|A/cattle/Texas/24-008749-003/2024(H5N1)	1001	2737
PB2|PP755596.1|A/cattle/Texas/24-008749-003/2024(H5N1)	1002	2748
PB2|PP755596.1|A/cattle/Texas/24-008749-003/2024(H5N1)	1003	2740
PB2|PP755596.1|A/cattle/Texas/24-008749-003/2024(H5N1)	1004	2725
PB2|PP755596.1|A/cattle/Texas/24-008749-003/2024(H5N1)	1005	2719
PB2|PP755596.1|A/cattle/Texas/24-008749-003/2024(H5N1)	1006	2766
PB2|PP755596.1|A/cattle/Texas/24-008749-003/2024(H5N1)	1007	2760
PB2|PP755596.1|A/cattle/Texas/24-008749-003/2024(H5N1)	1008	2763
PB2|PP755596.1|A/cattle/Texas/24-008749-003/2024(H5N1)	1009	2758
PB2|PP755596.1|A/cattle/Texas/24-008749-003/2024(H5N1)	1010	2744
PB2|PP755596.1|A/cattle/Texas/24-008749-003/2024(H5N1)	1011	2733
PB2|PP755596.1|A/cattle/Texas/24-008749-003/2024(H5N1)	1012	2779
PB2|PP755596.1|A/cattle/Texas/24-008749-003/2024(H5N1)	1013	2794
PB2|PP755596.1|A/cattle/Texas/24-008749-003/2024(H5N1)	1014	2775
PB2|PP755596.1|A/cattle/Texas/24-008749-003/2024(H5N1)	1015	2774
PB2|PP755596.1|A/cattle/Texas/24-008749-003/2024(H5N1)	1016	2783
PB2|PP755596.1|A/cattle/Texas/24-008749-003/2024(H5N1)	1017	2783
PB2|PP755596.1|A/cattle/Texas/24-008749-003/2024(H5N1)	1018	2777
PB2|PP755596.1|A/cattle/Texas/24-008749-003/2024(H5N1)	1019	2816
PB2|PP755596.1|A/cattle/Texas/24-008749-003/2024(H5N1)	1020	2840
PB2|PP755596.1|A/cattle/Texas/24-008749-003/2024(H5N1)	1021	2813
PB2|PP755596.1|A/cattle/Texas/24-008749-003/2024(H5N1)	1022	2801
PB2|PP755596.1|A/cattle/Texas/24-008749-003/2024(H5N1)	1023	2723
PB2|PP755596.1|A/cattle/Texas/24-008749-003/2024(H5N1)	1024	2745
PB2|PP755596.1|A/cattle/Texas/24-008749-003/2024(H5N1)	1025	2766
PB2|PP755596.1|A/cattle/Texas/24-008749-003/2024(H5N1)	1026	2764
PB2|PP755596.1|A/cattle/Texas/24-008749-003/2024(H5N1)	1027	2765
PB2|PP755596.1|A/cattle/Texas/24-008749-003/2024(H5N1)	1028	2701
PB2|PP755596.1|A/cattle/Texas/24-008749-003/2024(H5N1)	1029	2669
PB2|PP755596.1|A/cattle/Texas/24-008749-003/2024(H5N1)	1030	2677
PB2|PP755596.1|A/cattle/Texas/24-008749-003/2024(H5N1)	1031	2663
PB2|PP755596.1|A/cattle/Texas/24-008749-003/2024(H5N1)	1032	2688
PB2|PP755596.1|A/cattle/Texas/24-008749-003/2024(H5N1)	1033	2653
PB2|PP755596.1|A/cattle/Texas/24-008749-003/2024(H5N1)	1034	2702
PB2|PP755596.1|A/cattle/Texas/24-008749-003/2024(H5N1)	1035	2704
PB2|PP755596.1|A/cattle/Texas/24-008749-003/2024(H5N1)	1036	2704
PB2|PP755596.1|A/cattle/Texas/24-008749-003/2024(H5N1)	1037	2702
PB2|PP755596.1|A/cattle/Texas/24-008749-003/2024(H5N1)	1038	2697
PB2|PP755596.1|A/cattle/Texas/24-008749-003/2024(H5N1)	1039	2690
PB2|PP755596.1|A/cattle/Texas/24-008749-003/2024(H5N1)	1040	2696
PB2|PP755596.1|A/cattle/Texas/24-008749-003/2024(H5N1)	1041	2650
PB2|PP755596.1|A/cattle/Texas/24-008749-003/2024(H5N1)	1042	2651
PB2|PP755596.1|A/cattle/Texas/24-008749-003/2024(H5N1)	1043	2662
PB2|PP755596.1|A/cattle/Texas/24-008749-003/2024(H5N1)	1044	2742
PB2|PP755596.1|A/cattle/Texas/24-008749-003/2024(H5N1)	1045	2740
PB2|PP755596.1|A/cattle/Texas/24-008749-003/2024(H5N1)	1046	2748
PB2|PP755596.1|A/cattle/Texas/24-008749-003/2024(H5N1)	1047	2750
PB2|PP755596.1|A/cattle/Texas/24-008749-003/2024(H5N1)	1048	2790
PB2|PP755596.1|A/cattle/Texas/24-008749-003/2024(H5N1)	1049	2790
PB2|PP755596.1|A/cattle/Texas/24-008749-003/2024(H5N1)	1050	2792
PB2|PP755596.1|A/cattle/Texas/24-008749-003/2024(H5N1)	1051	2792
PB2|PP755596.1|A/cattle/Texas/24-008749-003/2024(H5N1)	1052	2786
PB2|PP755596.1|A/cattle/Texas/24-008749-003/2024(H5N1)	1053	2694
PB2|PP755596.1|A/cattle/Texas/24-008749-003/2024(H5N1)	1054	2700
PB2|PP755596.1|A/cattle/Texas/24-008749-003/2024(H5N1)	1055	2698
PB2|PP755596.1|A/cattle/Texas/24-008749-003/2024(H5N1)	1056	2712
PB2|PP755596.1|A/cattle/Texas/24-008749-003/2024(H5N1)	1057	2716
PB2|PP755596.1|A/cattle/Texas/24-008749-003/2024(H5N1)	1058	2731
PB2|PP755596.1|A/cattle/Texas/24-008749-003/2024(H5N1)	1059	2728
PB2|PP755596.1|A/cattle/Texas/24-008749-003/2024(H5N1)	1060	2733
PB2|PP755596.1|A/cattle/Texas/24-008749-003/2024(H5N1)	1061	2723
PB2|PP755596.1|A/cattle/Texas/24-008749-003/2024(H5N1)	1062	2746
PB2|PP755596.1|A/cattle/Texas/24-008749-003/2024(H5N1)	1063	2745
PB2|PP755596.1|A/cattle/Texas/24-008749-003/2024(H5N1)	1064	2781
PB2|PP755596.1|A/cattle/Texas/24-008749-003/2024(H5N1)	1065	2774
PB2|PP755596.1|A/cattle/Texas/24-008749-003/2024(H5N1)	1066	2858
PB2|PP755596.1|A/cattle/Texas/24-008749-003/2024(H5N1)	1067	2866
PB2|PP755596.1|A/cattle/Texas/24-008749-003/2024(H5N1)	1068	2871
PB2|PP755596.1|A/cattle/Texas/24-008749-003/2024(H5N1)	1069	2946
PB2|PP755596.1|A/cattle/Texas/24-008749-003/2024(H5N1)	1070	2939
PB2|PP755596.1|A/cattle/Texas/24-008749-003/2024(H5N1)	1071	2939
PB2|PP755596.1|A/cattle/Texas/24-008749-003/2024(H5N1)	1072	2935
PB2|PP755596.1|A/cattle/Texas/24-008749-003/2024(H5N1)	1073	2848
PB2|PP755596.1|A/cattle/Texas/24-008749-003/2024(H5N1)	1074	2868
PB2|PP755596.1|A/cattle/Texas/24-008749-003/2024(H5N1)	1075	2915
PB2|PP755596.1|A/cattle/Texas/24-008749-003/2024(H5N1)	1076	2926
PB2|PP755596.1|A/cattle/Texas/24-008749-003/2024(H5N1)	1077	3017
PB2|PP755596.1|A/cattle/Texas/24-008749-003/2024(H5N1)	1078	2960
PB2|PP755596.1|A/cattle/Texas/24-008749-003/2024(H5N1)	1079	2999
PB2|PP755596.1|A/cattle/Texas/24-008749-003/2024(H5N1)	1080	2996
PB2|PP755596.1|A/cattle/Texas/24-008749-003/2024(H5N1)	1081	2939
PB2|PP755596.1|A/cattle/Texas/24-008749-003/2024(H5N1)	1082	2977
PB2|PP755596.1|A/cattle/Texas/24-008749-003/2024(H5N1)	1083	2961
PB2|PP755596.1|A/cattle/Texas/24-008749-003/2024(H5N1)	1084	2969
PB2|PP755596.1|A/cattle/Texas/24-008749-003/2024(H5N1)	1085	2882
PB2|PP755596.1|A/cattle/Texas/24-008749-003/2024(H5N1)	1086	2898
PB2|PP755596.1|A/cattle/Texas/24-008749-003/2024(H5N1)	1087	2838
PB2|PP755596.1|A/cattle/Texas/24-008749-003/2024(H5N1)	1088	2951
PB2|PP755596.1|A/cattle/Texas/24-008749-003/2024(H5N1)	1089	2974
PB2|PP755596.1|A/cattle/Texas/24-008749-003/2024(H5N1)	1090	2965
PB2|PP755596.1|A/cattle/Texas/24-008749-003/2024(H5N1)	1091	2948
PB2|PP755596.1|A/cattle/Texas/24-008749-003/2024(H5N1)	1092	2948
PB2|PP755596.1|A/cattle/Texas/24-008749-003/2024(H5N1)	1093	2949
PB2|PP755596.1|A/cattle/Texas/24-008749-003/2024(H5N1)	1094	2926
PB2|PP755596.1|A/cattle/Texas/24-008749-003/2024(H5N1)	1095	2907
PB2|PP755596.1|A/cattle/Texas/24-008749-003/2024(H5N1)	1096	2922
PB2|PP755596.1|A/cattle/Texas/24-008749-003/2024(H5N1)	1097	2872
PB2|PP755596.1|A/cattle/Texas/24-008749-003/2024(H5N1)	1098	2900
PB2|PP755596.1|A/cattle/Texas/24-008749-003/2024(H5N1)	1099	2891
PB2|PP755596.1|A/cattle/Texas/24-008749-003/2024(H5N1)	1100	2887
PB2|PP755596.1|A/cattle/Texas/24-008749-003/2024(H5N1)	1101	2888
PB2|PP755596.1|A/cattle/Texas/24-008749-003/2024(H5N1)	1102	2878
PB2|PP755596.1|A/cattle/Texas/24-008749-003/2024(H5N1)	1103	2890
PB2|PP755596.1|A/cattle/Texas/24-008749-003/2024(H5N1)	1104	2827
PB2|PP755596.1|A/cattle/Texas/24-008749-003/2024(H5N1)	1105	2765
PB2|PP755596.1|A/cattle/Texas/24-008749-003/2024(H5N1)	1106	2782
PB2|PP755596.1|A/cattle/Texas/24-008749-003/2024(H5N1)	1107	2776
PB2|PP755596.1|A/cattle/Texas/24-008749-003/2024(H5N1)	1108	2785
PB2|PP755596.1|A/cattle/Texas/24-008749-003/2024(H5N1)	1109	2875
PB2|PP755596.1|A/cattle/Texas/24-008749-003/2024(H5N1)	1110	2868
PB2|PP755596.1|A/cattle/Texas/24-008749-003/2024(H5N1)	1111	2868
PB2|PP755596.1|A/cattle/Texas/24-008749-003/2024(H5N1)	1112	2883
PB2|PP755596.1|A/cattle/Texas/24-008749-003/2024(H5N1)	1113	2884
PB2|PP755596.1|A/cattle/Texas/24-008749-003/2024(H5N1)	1114	2905
PB2|PP755596.1|A/cattle/Texas/24-008749-003/2024(H5N1)	1115	2870
PB2|PP755596.1|A/cattle/Texas/24-008749-003/2024(H5N1)	1116	2854
PB2|PP755596.1|A/cattle/Texas/24-008749-003/2024(H5N1)	1117	2872
PB2|PP755596.1|A/cattle/Texas/24-008749-003/2024(H5N1)	1118	2884
PB2|PP755596.1|A/cattle/Texas/24-008749-003/2024(H5N1)	1119	2900
PB2|PP755596.1|A/cattle/Texas/24-008749-003/2024(H5N1)	1120	2836
PB2|PP755596.1|A/cattle/Texas/24-008749-003/2024(H5N1)	1121	2820
PB2|PP755596.1|A/cattle/Texas/24-008749-003/2024(H5N1)	1122	2829
PB2|PP755596.1|A/cattle/Texas/24-008749-003/2024(H5N1)	1123	2821
PB2|PP755596.1|A/cattle/Texas/24-008749-003/2024(H5N1)	1124	2824
PB2|PP755596.1|A/cattle/Texas/24-008749-003/2024(H5N1)	1125	2823
PB2|PP755596.1|A/cattle/Texas/24-008749-003/2024(H5N1)	1126	2847
PB2|PP755596.1|A/cattle/Texas/24-008749-003/2024(H5N1)	1127	2840
PB2|PP755596.1|A/cattle/Texas/24-008749-003/2024(H5N1)	1128	2830
PB2|PP755596.1|A/cattle/Texas/24-008749-003/2024(H5N1)	1129	2845
PB2|PP755596.1|A/cattle/Texas/24-008749-003/2024(H5N1)	1130	2844
PB2|PP755596.1|A/cattle/Texas/24-008749-003/2024(H5N1)	1131	2825
PB2|PP755596.1|A/cattle/Texas/24-008749-003/2024(H5N1)	1132	2886
PB2|PP755596.1|A/cattle/Texas/24-008749-003/2024(H5N1)	1133	2932
PB2|PP755596.1|A/cattle/Texas/24-008749-003/2024(H5N1)	1134	2932
PB2|PP755596.1|A/cattle/Texas/24-008749-003/2024(H5N1)	1135	2927
PB2|PP755596.1|A/cattle/Texas/24-008749-003/2024(H5N1)	1136	2925
PB2|PP755596.1|A/cattle/Texas/24-008749-003/2024(H5N1)	1137	2910
PB2|PP755596.1|A/cattle/Texas/24-008749-003/2024(H5N1)	1138	2908
PB2|PP755596.1|A/cattle/Texas/24-008749-003/2024(H5N1)	1139	2930
PB2|PP755596.1|A/cattle/Texas/24-008749-003/2024(H5N1)	1140	2993
PB2|PP755596.1|A/cattle/Texas/24-008749-003/2024(H5N1)	1141	2990
PB2|PP755596.1|A/cattle/Texas/24-008749-003/2024(H5N1)	1142	2948
PB2|PP755596.1|A/cattle/Texas/24-008749-003/2024(H5N1)	1143	2960
PB2|PP755596.1|A/cattle/Texas/24-008749-003/2024(H5N1)	1144	3011
PB2|PP755596.1|A/cattle/Texas/24-008749-003/2024(H5N1)	1145	3011
PB2|PP755596.1|A/cattle/Texas/24-008749-003/2024(H5N1)	1146	3000
PB2|PP755596.1|A/cattle/Texas/24-008749-003/2024(H5N1)	1147	3002
PB2|PP755596.1|A/cattle/Texas/24-008749-003/2024(H5N1)	1148	3028
PB2|PP755596.1|A/cattle/Texas/24-008749-003/2024(H5N1)	1149	3065
PB2|PP755596.1|A/cattle/Texas/24-008749-003/2024(H5N1)	1150	3059
PB2|PP755596.1|A/cattle/Texas/24-008749-003/2024(H5N1)	1151	3064
PB2|PP755596.1|A/cattle/Texas/24-008749-003/2024(H5N1)	1152	3088
PB2|PP755596.1|A/cattle/Texas/24-008749-003/2024(H5N1)	1153	3099
PB2|PP755596.1|A/cattle/Texas/24-008749-003/2024(H5N1)	1154	3112
PB2|PP755596.1|A/cattle/Texas/24-008749-003/2024(H5N1)	1155	3107
PB2|PP755596.1|A/cattle/Texas/24-008749-003/2024(H5N1)	1156	3116
PB2|PP755596.1|A/cattle/Texas/24-008749-003/2024(H5N1)	1157	3134
PB2|PP755596.1|A/cattle/Texas/24-008749-003/2024(H5N1)	1158	3118
PB2|PP755596.1|A/cattle/Texas/24-008749-003/2024(H5N1)	1159	3115
PB2|PP755596.1|A/cattle/Texas/24-008749-003/2024(H5N1)	1160	3154
PB2|PP755596.1|A/cattle/Texas/24-008749-003/2024(H5N1)	1161	3195
PB2|PP755596.1|A/cattle/Texas/24-008749-003/2024(H5N1)	1162	3187
PB2|PP755596.1|A/cattle/Texas/24-008749-003/2024(H5N1)	1163	3147
PB2|PP755596.1|A/cattle/Texas/24-008749-003/2024(H5N1)	1164	3141
PB2|PP755596.1|A/cattle/Texas/24-008749-003/2024(H5N1)	1165	3134
PB2|PP755596.1|A/cattle/Texas/24-008749-003/2024(H5N1)	1166	3163
PB2|PP755596.1|A/cattle/Texas/24-008749-003/2024(H5N1)	1167	3162
PB2|PP755596.1|A/cattle/Texas/24-008749-003/2024(H5N1)	1168	3180
PB2|PP755596.1|A/cattle/Texas/24-008749-003/2024(H5N1)	1169	3155
PB2|PP755596.1|A/cattle/Texas/24-008749-003/2024(H5N1)	1170	3193
PB2|PP755596.1|A/cattle/Texas/24-008749-003/2024(H5N1)	1171	3192
PB2|PP755596.1|A/cattle/Texas/24-008749-003/2024(H5N1)	1172	3190
PB2|PP755596.1|A/cattle/Texas/24-008749-003/2024(H5N1)	1173	3187
PB2|PP755596.1|A/cattle/Texas/24-008749-003/2024(H5N1)	1174	3172
PB2|PP755596.1|A/cattle/Texas/24-008749-003/2024(H5N1)	1175	3142
PB2|PP755596.1|A/cattle/Texas/24-008749-003/2024(H5N1)	1176	3199
PB2|PP755596.1|A/cattle/Texas/24-008749-003/2024(H5N1)	1177	3182
PB2|PP755596.1|A/cattle/Texas/24-008749-003/2024(H5N1)	1178	3189
PB2|PP755596.1|A/cattle/Texas/24-008749-003/2024(H5N1)	1179	3186
PB2|PP755596.1|A/cattle/Texas/24-008749-003/2024(H5N1)	1180	3180
PB2|PP755596.1|A/cattle/Texas/24-008749-003/2024(H5N1)	1181	3170
PB2|PP755596.1|A/cattle/Texas/24-008749-003/2024(H5N1)	1182	3164
PB2|PP755596.1|A/cattle/Texas/24-008749-003/2024(H5N1)	1183	3138
PB2|PP755596.1|A/cattle/Texas/24-008749-003/2024(H5N1)	1184	3132
PB2|PP755596.1|A/cattle/Texas/24-008749-003/2024(H5N1)	1185	3068
PB2|PP755596.1|A/cattle/Texas/24-008749-003/2024(H5N1)	1186	3070
PB2|PP755596.1|A/cattle/Texas/24-008749-003/2024(H5N1)	1187	3065
PB2|PP755596.1|A/cattle/Texas/24-008749-003/2024(H5N1)	1188	3086
PB2|PP755596.1|A/cattle/Texas/24-008749-003/2024(H5N1)	1189	3091
PB2|PP755596.1|A/cattle/Texas/24-008749-003/2024(H5N1)	1190	3134
PB2|PP755596.1|A/cattle/Texas/24-008749-003/2024(H5N1)	1191	3121
PB2|PP755596.1|A/cattle/Texas/24-008749-003/2024(H5N1)	1192	3118
PB2|PP755596.1|A/cattle/Texas/24-008749-003/2024(H5N1)	1193	3117
PB2|PP755596.1|A/cattle/Texas/24-008749-003/2024(H5N1)	1194	3113
PB2|PP755596.1|A/cattle/Texas/24-008749-003/2024(H5N1)	1195	3065
PB2|PP755596.1|A/cattle/Texas/24-008749-003/2024(H5N1)	1196	3061
PB2|PP755596.1|A/cattle/Texas/24-008749-003/2024(H5N1)	1197	3032
PB2|PP755596.1|A/cattle/Texas/24-008749-003/2024(H5N1)	1198	3026
PB2|PP755596.1|A/cattle/Texas/24-008749-003/2024(H5N1)	1199	2967
PB2|PP755596.1|A/cattle/Texas/24-008749-003/2024(H5N1)	1200	2980
PB2|PP755596.1|A/cattle/Texas/24-008749-003/2024(H5N1)	1201	3000
PB2|PP755596.1|A/cattle/Texas/24-008749-003/2024(H5N1)	1202	3011
PB2|PP755596.1|A/cattle/Texas/24-008749-003/2024(H5N1)	1203	3010
PB2|PP755596.1|A/cattle/Texas/24-008749-003/2024(H5N1)	1204	3022
PB2|PP755596.1|A/cattle/Texas/24-008749-003/2024(H5N1)	1205	3025
PB2|PP755596.1|A/cattle/Texas/24-008749-003/2024(H5N1)	1206	3040
PB2|PP755596.1|A/cattle/Texas/24-008749-003/2024(H5N1)	1207	3046
PB2|PP755596.1|A/cattle/Texas/24-008749-003/2024(H5N1)	1208	3066
PB2|PP755596.1|A/cattle/Texas/24-008749-003/2024(H5N1)	1209	3102
PB2|PP755596.1|A/cattle/Texas/24-008749-003/2024(H5N1)	1210	3094
PB2|PP755596.1|A/cattle/Texas/24-008749-003/2024(H5N1)	1211	3138
PB2|PP755596.1|A/cattle/Texas/24-008749-003/2024(H5N1)	1212	3136
PB2|PP755596.1|A/cattle/Texas/24-008749-003/2024(H5N1)	1213	3111
PB2|PP755596.1|A/cattle/Texas/24-008749-003/2024(H5N1)	1214	3139
PB2|PP755596.1|A/cattle/Texas/24-008749-003/2024(H5N1)	1215	3156
PB2|PP755596.1|A/cattle/Texas/24-008749-003/2024(H5N1)	1216	3202
PB2|PP755596.1|A/cattle/Texas/24-008749-003/2024(H5N1)	1217	3212
PB2|PP755596.1|A/cattle/Texas/24-008749-003/2024(H5N1)	1218	3186
PB2|PP755596.1|A/cattle/Texas/24-008749-003/2024(H5N1)	1219	3184
PB2|PP755596.1|A/cattle/Texas/24-008749-003/2024(H5N1)	1220	3087
PB2|PP755596.1|A/cattle/Texas/24-008749-003/2024(H5N1)	1221	3113
PB2|PP755596.1|A/cattle/Texas/24-008749-003/2024(H5N1)	1222	3110
PB2|PP755596.1|A/cattle/Texas/24-008749-003/2024(H5N1)	1223	3050
PB2|PP755596.1|A/cattle/Texas/24-008749-003/2024(H5N1)	1224	2926
PB2|PP755596.1|A/cattle/Texas/24-008749-003/2024(H5N1)	1225	2807
PB2|PP755596.1|A/cattle/Texas/24-008749-003/2024(H5N1)	1226	2859
PB2|PP755596.1|A/cattle/Texas/24-008749-003/2024(H5N1)	1227	2806
PB2|PP755596.1|A/cattle/Texas/24-008749-003/2024(H5N1)	1228	2822
PB2|PP755596.1|A/cattle/Texas/24-008749-003/2024(H5N1)	1229	2839
PB2|PP755596.1|A/cattle/Texas/24-008749-003/2024(H5N1)	1230	2891
PB2|PP755596.1|A/cattle/Texas/24-008749-003/2024(H5N1)	1231	2896
PB2|PP755596.1|A/cattle/Texas/24-008749-003/2024(H5N1)	1232	2897
PB2|PP755596.1|A/cattle/Texas/24-008749-003/2024(H5N1)	1233	2860
PB2|PP755596.1|A/cattle/Texas/24-008749-003/2024(H5N1)	1234	2861
PB2|PP755596.1|A/cattle/Texas/24-008749-003/2024(H5N1)	1235	2790
PB2|PP755596.1|A/cattle/Texas/24-008749-003/2024(H5N1)	1236	2786
PB2|PP755596.1|A/cattle/Texas/24-008749-003/2024(H5N1)	1237	2744
PB2|PP755596.1|A/cattle/Texas/24-008749-003/2024(H5N1)	1238	2711
PB2|PP755596.1|A/cattle/Texas/24-008749-003/2024(H5N1)	1239	2617
PB2|PP755596.1|A/cattle/Texas/24-008749-003/2024(H5N1)	1240	2670
PB2|PP755596.1|A/cattle/Texas/24-008749-003/2024(H5N1)	1241	2691
PB2|PP755596.1|A/cattle/Texas/24-008749-003/2024(H5N1)	1242	2680
PB2|PP755596.1|A/cattle/Texas/24-008749-003/2024(H5N1)	1243	2735
PB2|PP755596.1|A/cattle/Texas/24-008749-003/2024(H5N1)	1244	2735
PB2|PP755596.1|A/cattle/Texas/24-008749-003/2024(H5N1)	1245	2766
PB2|PP755596.1|A/cattle/Texas/24-008749-003/2024(H5N1)	1246	2745
PB2|PP755596.1|A/cattle/Texas/24-008749-003/2024(H5N1)	1247	2714
PB2|PP755596.1|A/cattle/Texas/24-008749-003/2024(H5N1)	1248	2706
PB2|PP755596.1|A/cattle/Texas/24-008749-003/2024(H5N1)	1249	2778
PB2|PP755596.1|A/cattle/Texas/24-008749-003/2024(H5N1)	1250	2815
PB2|PP755596.1|A/cattle/Texas/24-008749-003/2024(H5N1)	1251	2821
PB2|PP755596.1|A/cattle/Texas/24-008749-003/2024(H5N1)	1252	2810
PB2|PP755596.1|A/cattle/Texas/24-008749-003/2024(H5N1)	1253	2801
PB2|PP755596.1|A/cattle/Texas/24-008749-003/2024(H5N1)	1254	2810
PB2|PP755596.1|A/cattle/Texas/24-008749-003/2024(H5N1)	1255	2829
PB2|PP755596.1|A/cattle/Texas/24-008749-003/2024(H5N1)	1256	2829
PB2|PP755596.1|A/cattle/Texas/24-008749-003/2024(H5N1)	1257	2841
PB2|PP755596.1|A/cattle/Texas/24-008749-003/2024(H5N1)	1258	2724
PB2|PP755596.1|A/cattle/Texas/24-008749-003/2024(H5N1)	1259	2731
PB2|PP755596.1|A/cattle/Texas/24-008749-003/2024(H5N1)	1260	2759
PB2|PP755596.1|A/cattle/Texas/24-008749-003/2024(H5N1)	1261	2762
PB2|PP755596.1|A/cattle/Texas/24-008749-003/2024(H5N1)	1262	2799
PB2|PP755596.1|A/cattle/Texas/24-008749-003/2024(H5N1)	1263	2784
PB2|PP755596.1|A/cattle/Texas/24-008749-003/2024(H5N1)	1264	2791
PB2|PP755596.1|A/cattle/Texas/24-008749-003/2024(H5N1)	1265	2777
PB2|PP755596.1|A/cattle/Texas/24-008749-003/2024(H5N1)	1266	2781
PB2|PP755596.1|A/cattle/Texas/24-008749-003/2024(H5N1)	1267	2752
PB2|PP755596.1|A/cattle/Texas/24-008749-003/2024(H5N1)	1268	2763
PB2|PP755596.1|A/cattle/Texas/24-008749-003/2024(H5N1)	1269	2827
PB2|PP755596.1|A/cattle/Texas/24-008749-003/2024(H5N1)	1270	2838
PB2|PP755596.1|A/cattle/Texas/24-008749-003/2024(H5N1)	1271	2838
PB2|PP755596.1|A/cattle/Texas/24-008749-003/2024(H5N1)	1272	2827
PB2|PP755596.1|A/cattle/Texas/24-008749-003/2024(H5N1)	1273	2841
PB2|PP755596.1|A/cattle/Texas/24-008749-003/2024(H5N1)	1274	2855
PB2|PP755596.1|A/cattle/Texas/24-008749-003/2024(H5N1)	1275	2869
PB2|PP755596.1|A/cattle/Texas/24-008749-003/2024(H5N1)	1276	2868
PB2|PP755596.1|A/cattle/Texas/24-008749-003/2024(H5N1)	1277	2819
PB2|PP755596.1|A/cattle/Texas/24-008749-003/2024(H5N1)	1278	2828
PB2|PP755596.1|A/cattle/Texas/24-008749-003/2024(H5N1)	1279	2841
PB2|PP755596.1|A/cattle/Texas/24-008749-003/2024(H5N1)	1280	2842
PB2|PP755596.1|A/cattle/Texas/24-008749-003/2024(H5N1)	1281	2918
PB2|PP755596.1|A/cattle/Texas/24-008749-003/2024(H5N1)	1282	2869
PB2|PP755596.1|A/cattle/Texas/24-008749-003/2024(H5N1)	1283	2809
PB2|PP755596.1|A/cattle/Texas/24-008749-003/2024(H5N1)	1284	2832
PB2|PP755596.1|A/cattle/Texas/24-008749-003/2024(H5N1)	1285	2849
PB2|PP755596.1|A/cattle/Texas/24-008749-003/2024(H5N1)	1286	2907
PB2|PP755596.1|A/cattle/Texas/24-008749-003/2024(H5N1)	1287	2908
PB2|PP755596.1|A/cattle/Texas/24-008749-003/2024(H5N1)	1288	3079
PB2|PP755596.1|A/cattle/Texas/24-008749-003/2024(H5N1)	1289	3070
PB2|PP755596.1|A/cattle/Texas/24-008749-003/2024(H5N1)	1290	3001
PB2|PP755596.1|A/cattle/Texas/24-008749-003/2024(H5N1)	1291	3004
PB2|PP755596.1|A/cattle/Texas/24-008749-003/2024(H5N1)	1292	3006
PB2|PP755596.1|A/cattle/Texas/24-008749-003/2024(H5N1)	1293	3018
PB2|PP755596.1|A/cattle/Texas/24-008749-003/2024(H5N1)	1294	3046
PB2|PP755596.1|A/cattle/Texas/24-008749-003/2024(H5N1)	1295	2997
PB2|PP755596.1|A/cattle/Texas/24-008749-003/2024(H5N1)	1296	3005
PB2|PP755596.1|A/cattle/Texas/24-008749-003/2024(H5N1)	1297	3000
PB2|PP755596.1|A/cattle/Texas/24-008749-003/2024(H5N1)	1298	2987
PB2|PP755596.1|A/cattle/Texas/24-008749-003/2024(H5N1)	1299	3017
PB2|PP755596.1|A/cattle/Texas/24-008749-003/2024(H5N1)	1300	2992
PB2|PP755596.1|A/cattle/Texas/24-008749-003/2024(H5N1)	1301	3017
PB2|PP755596.1|A/cattle/Texas/24-008749-003/2024(H5N1)	1302	3044
PB2|PP755596.1|A/cattle/Texas/24-008749-003/2024(H5N1)	1303	3016
PB2|PP755596.1|A/cattle/Texas/24-008749-003/2024(H5N1)	1304	3044
PB2|PP755596.1|A/cattle/Texas/24-008749-003/2024(H5N1)	1305	3032
PB2|PP755596.1|A/cattle/Texas/24-008749-003/2024(H5N1)	1306	3030
PB2|PP755596.1|A/cattle/Texas/24-008749-003/2024(H5N1)	1307	3025
PB2|PP755596.1|A/cattle/Texas/24-008749-003/2024(H5N1)	1308	2952
PB2|PP755596.1|A/cattle/Texas/24-008749-003/2024(H5N1)	1309	2960
PB2|PP755596.1|A/cattle/Texas/24-008749-003/2024(H5N1)	1310	2945
PB2|PP755596.1|A/cattle/Texas/24-008749-003/2024(H5N1)	1311	2975
PB2|PP755596.1|A/cattle/Texas/24-008749-003/2024(H5N1)	1312	2989
PB2|PP755596.1|A/cattle/Texas/24-008749-003/2024(H5N1)	1313	2990
PB2|PP755596.1|A/cattle/Texas/24-008749-003/2024(H5N1)	1314	3061
PB2|PP755596.1|A/cattle/Texas/24-008749-003/2024(H5N1)	1315	3059
PB2|PP755596.1|A/cattle/Texas/24-008749-003/2024(H5N1)	1316	3061
PB2|PP755596.1|A/cattle/Texas/24-008749-003/2024(H5N1)	1317	3058
PB2|PP755596.1|A/cattle/Texas/24-008749-003/2024(H5N1)	1318	3046
PB2|PP755596.1|A/cattle/Texas/24-008749-003/2024(H5N1)	1319	3027
PB2|PP755596.1|A/cattle/Texas/24-008749-003/2024(H5N1)	1320	3023
PB2|PP755596.1|A/cattle/Texas/24-008749-003/2024(H5N1)	1321	2937
PB2|PP755596.1|A/cattle/Texas/24-008749-003/2024(H5N1)	1322	3373
PB2|PP755596.1|A/cattle/Texas/24-008749-003/2024(H5N1)	1323	3371
PB2|PP755596.1|A/cattle/Texas/24-008749-003/2024(H5N1)	1324	3367
PB2|PP755596.1|A/cattle/Texas/24-008749-003/2024(H5N1)	1325	3398
PB2|PP755596.1|A/cattle/Texas/24-008749-003/2024(H5N1)	1326	3406
PB2|PP755596.1|A/cattle/Texas/24-008749-003/2024(H5N1)	1327	3441
PB2|PP755596.1|A/cattle/Texas/24-008749-003/2024(H5N1)	1328	3439
PB2|PP755596.1|A/cattle/Texas/24-008749-003/2024(H5N1)	1329	3427
PB2|PP755596.1|A/cattle/Texas/24-008749-003/2024(H5N1)	1330	3429
PB2|PP755596.1|A/cattle/Texas/24-008749-003/2024(H5N1)	1331	3422
PB2|PP755596.1|A/cattle/Texas/24-008749-003/2024(H5N1)	1332	3426
PB2|PP755596.1|A/cattle/Texas/24-008749-003/2024(H5N1)	1333	3439
PB2|PP755596.1|A/cattle/Texas/24-008749-003/2024(H5N1)	1334	3434
PB2|PP755596.1|A/cattle/Texas/24-008749-003/2024(H5N1)	1335	3433
PB2|PP755596.1|A/cattle/Texas/24-008749-003/2024(H5N1)	1336	3507
PB2|PP755596.1|A/cattle/Texas/24-008749-003/2024(H5N1)	1337	3514
PB2|PP755596.1|A/cattle/Texas/24-008749-003/2024(H5N1)	1338	3490
PB2|PP755596.1|A/cattle/Texas/24-008749-003/2024(H5N1)	1339	3482
PB2|PP755596.1|A/cattle/Texas/24-008749-003/2024(H5N1)	1340	3482
PB2|PP755596.1|A/cattle/Texas/24-008749-003/2024(H5N1)	1341	3462
PB2|PP755596.1|A/cattle/Texas/24-008749-003/2024(H5N1)	1342	3464
PB2|PP755596.1|A/cattle/Texas/24-008749-003/2024(H5N1)	1343	3486
PB2|PP755596.1|A/cattle/Texas/24-008749-003/2024(H5N1)	1344	3485
PB2|PP755596.1|A/cattle/Texas/24-008749-003/2024(H5N1)	1345	3477
PB2|PP755596.1|A/cattle/Texas/24-008749-003/2024(H5N1)	1346	3468
PB2|PP755596.1|A/cattle/Texas/24-008749-003/2024(H5N1)	1347	3467
PB2|PP755596.1|A/cattle/Texas/24-008749-003/2024(H5N1)	1348	3468
PB2|PP755596.1|A/cattle/Texas/24-008749-003/2024(H5N1)	1349	3497
PB2|PP755596.1|A/cattle/Texas/24-008749-003/2024(H5N1)	1350	3493
PB2|PP755596.1|A/cattle/Texas/24-008749-003/2024(H5N1)	1351	3496
PB2|PP755596.1|A/cattle/Texas/24-008749-003/2024(H5N1)	1352	3473
PB2|PP755596.1|A/cattle/Texas/24-008749-003/2024(H5N1)	1353	3461
PB2|PP755596.1|A/cattle/Texas/24-008749-003/2024(H5N1)	1354	3462
PB2|PP755596.1|A/cattle/Texas/24-008749-003/2024(H5N1)	1355	3429
PB2|PP755596.1|A/cattle/Texas/24-008749-003/2024(H5N1)	1356	3430
PB2|PP755596.1|A/cattle/Texas/24-008749-003/2024(H5N1)	1357	3426
PB2|PP755596.1|A/cattle/Texas/24-008749-003/2024(H5N1)	1358	3408
PB2|PP755596.1|A/cattle/Texas/24-008749-003/2024(H5N1)	1359	3390
PB2|PP755596.1|A/cattle/Texas/24-008749-003/2024(H5N1)	1360	3371
PB2|PP755596.1|A/cattle/Texas/24-008749-003/2024(H5N1)	1361	3395
PB2|PP755596.1|A/cattle/Texas/24-008749-003/2024(H5N1)	1362	3349
PB2|PP755596.1|A/cattle/Texas/24-008749-003/2024(H5N1)	1363	3353
PB2|PP755596.1|A/cattle/Texas/24-008749-003/2024(H5N1)	1364	3352
PB2|PP755596.1|A/cattle/Texas/24-008749-003/2024(H5N1)	1365	3285
PB2|PP755596.1|A/cattle/Texas/24-008749-003/2024(H5N1)	1366	3240
PB2|PP755596.1|A/cattle/Texas/24-008749-003/2024(H5N1)	1367	3127
PB2|PP755596.1|A/cattle/Texas/24-008749-003/2024(H5N1)	1368	3126
PB2|PP755596.1|A/cattle/Texas/24-008749-003/2024(H5N1)	1369	3140
PB2|PP755596.1|A/cattle/Texas/24-008749-003/2024(H5N1)	1370	3123
PB2|PP755596.1|A/cattle/Texas/24-008749-003/2024(H5N1)	1371	3135
PB2|PP755596.1|A/cattle/Texas/24-008749-003/2024(H5N1)	1372	3103
PB2|PP755596.1|A/cattle/Texas/24-008749-003/2024(H5N1)	1373	3101
PB2|PP755596.1|A/cattle/Texas/24-008749-003/2024(H5N1)	1374	3097
PB2|PP755596.1|A/cattle/Texas/24-008749-003/2024(H5N1)	1375	3037
PB2|PP755596.1|A/cattle/Texas/24-008749-003/2024(H5N1)	1376	3019
PB2|PP755596.1|A/cattle/Texas/24-008749-003/2024(H5N1)	1377	2961
PB2|PP755596.1|A/cattle/Texas/24-008749-003/2024(H5N1)	1378	2950
PB2|PP755596.1|A/cattle/Texas/24-008749-003/2024(H5N1)	1379	2937
PB2|PP755596.1|A/cattle/Texas/24-008749-003/2024(H5N1)	1380	2933
PB2|PP755596.1|A/cattle/Texas/24-008749-003/2024(H5N1)	1381	2855
PB2|PP755596.1|A/cattle/Texas/24-008749-003/2024(H5N1)	1382	2869
PB2|PP755596.1|A/cattle/Texas/24-008749-003/2024(H5N1)	1383	2861
PB2|PP755596.1|A/cattle/Texas/24-008749-003/2024(H5N1)	1384	2858
PB2|PP755596.1|A/cattle/Texas/24-008749-003/2024(H5N1)	1385	2965
PB2|PP755596.1|A/cattle/Texas/24-008749-003/2024(H5N1)	1386	2954
PB2|PP755596.1|A/cattle/Texas/24-008749-003/2024(H5N1)	1387	3032
PB2|PP755596.1|A/cattle/Texas/24-008749-003/2024(H5N1)	1388	3037
PB2|PP755596.1|A/cattle/Texas/24-008749-003/2024(H5N1)	1389	3158
PB2|PP755596.1|A/cattle/Texas/24-008749-003/2024(H5N1)	1390	3161
PB2|PP755596.1|A/cattle/Texas/24-008749-003/2024(H5N1)	1391	3110
PB2|PP755596.1|A/cattle/Texas/24-008749-003/2024(H5N1)	1392	3138
PB2|PP755596.1|A/cattle/Texas/24-008749-003/2024(H5N1)	1393	3143
PB2|PP755596.1|A/cattle/Texas/24-008749-003/2024(H5N1)	1394	3082
PB2|PP755596.1|A/cattle/Texas/24-008749-003/2024(H5N1)	1395	3047
PB2|PP755596.1|A/cattle/Texas/24-008749-003/2024(H5N1)	1396	3048
PB2|PP755596.1|A/cattle/Texas/24-008749-003/2024(H5N1)	1397	3060
PB2|PP755596.1|A/cattle/Texas/24-008749-003/2024(H5N1)	1398	3061
PB2|PP755596.1|A/cattle/Texas/24-008749-003/2024(H5N1)	1399	3061
PB2|PP755596.1|A/cattle/Texas/24-008749-003/2024(H5N1)	1400	2930
PB2|PP755596.1|A/cattle/Texas/24-008749-003/2024(H5N1)	1401	2917
PB2|PP755596.1|A/cattle/Texas/24-008749-003/2024(H5N1)	1402	2944
PB2|PP755596.1|A/cattle/Texas/24-008749-003/2024(H5N1)	1403	2959
PB2|PP755596.1|A/cattle/Texas/24-008749-003/2024(H5N1)	1404	2981
PB2|PP755596.1|A/cattle/Texas/24-008749-003/2024(H5N1)	1405	2980
PB2|PP755596.1|A/cattle/Texas/24-008749-003/2024(H5N1)	1406	2966
PB2|PP755596.1|A/cattle/Texas/24-008749-003/2024(H5N1)	1407	2966
PB2|PP755596.1|A/cattle/Texas/24-008749-003/2024(H5N1)	1408	2941
PB2|PP755596.1|A/cattle/Texas/24-008749-003/2024(H5N1)	1409	3022
PB2|PP755596.1|A/cattle/Texas/24-008749-003/2024(H5N1)	1410	3015
PB2|PP755596.1|A/cattle/Texas/24-008749-003/2024(H5N1)	1411	2995
PB2|PP755596.1|A/cattle/Texas/24-008749-003/2024(H5N1)	1412	2986
PB2|PP755596.1|A/cattle/Texas/24-008749-003/2024(H5N1)	1413	2950
PB2|PP755596.1|A/cattle/Texas/24-008749-003/2024(H5N1)	1414	2951
PB2|PP755596.1|A/cattle/Texas/24-008749-003/2024(H5N1)	1415	2949
PB2|PP755596.1|A/cattle/Texas/24-008749-003/2024(H5N1)	1416	2955
PB2|PP755596.1|A/cattle/Texas/24-008749-003/2024(H5N1)	1417	2968
PB2|PP755596.1|A/cattle/Texas/24-008749-003/2024(H5N1)	1418	2897
PB2|PP755596.1|A/cattle/Texas/24-008749-003/2024(H5N1)	1419	2872
PB2|PP755596.1|A/cattle/Texas/24-008749-003/2024(H5N1)	1420	2891
PB2|PP755596.1|A/cattle/Texas/24-008749-003/2024(H5N1)	1421	2904
PB2|PP755596.1|A/cattle/Texas/24-008749-003/2024(H5N1)	1422	2901
PB2|PP755596.1|A/cattle/Texas/24-008749-003/2024(H5N1)	1423	2893
PB2|PP755596.1|A/cattle/Texas/24-008749-003/2024(H5N1)	1424	2867
PB2|PP755596.1|A/cattle/Texas/24-008749-003/2024(H5N1)	1425	2867
PB2|PP755596.1|A/cattle/Texas/24-008749-003/2024(H5N1)	1426	2852
PB2|PP755596.1|A/cattle/Texas/24-008749-003/2024(H5N1)	1427	2874
PB2|PP755596.1|A/cattle/Texas/24-008749-003/2024(H5N1)	1428	2907
PB2|PP755596.1|A/cattle/Texas/24-008749-003/2024(H5N1)	1429	2864
PB2|PP755596.1|A/cattle/Texas/24-008749-003/2024(H5N1)	1430	3054
PB2|PP755596.1|A/cattle/Texas/24-008749-003/2024(H5N1)	1431	3052
PB2|PP755596.1|A/cattle/Texas/24-008749-003/2024(H5N1)	1432	2992
PB2|PP755596.1|A/cattle/Texas/24-008749-003/2024(H5N1)	1433	2992
PB2|PP755596.1|A/cattle/Texas/24-008749-003/2024(H5N1)	1434	2988
PB2|PP755596.1|A/cattle/Texas/24-008749-003/2024(H5N1)	1435	2966
PB2|PP755596.1|A/cattle/Texas/24-008749-003/2024(H5N1)	1436	2955
PB2|PP755596.1|A/cattle/Texas/24-008749-003/2024(H5N1)	1437	2906
PB2|PP755596.1|A/cattle/Texas/24-008749-003/2024(H5N1)	1438	2909
PB2|PP755596.1|A/cattle/Texas/24-008749-003/2024(H5N1)	1439	2726
PB2|PP755596.1|A/cattle/Texas/24-008749-003/2024(H5N1)	1440	2725
PB2|PP755596.1|A/cattle/Texas/24-008749-003/2024(H5N1)	1441	2722
PB2|PP755596.1|A/cattle/Texas/24-008749-003/2024(H5N1)	1442	2732
PB2|PP755596.1|A/cattle/Texas/24-008749-003/2024(H5N1)	1443	2745
PB2|PP755596.1|A/cattle/Texas/24-008749-003/2024(H5N1)	1444	2731
PB2|PP755596.1|A/cattle/Texas/24-008749-003/2024(H5N1)	1445	2698
PB2|PP755596.1|A/cattle/Texas/24-008749-003/2024(H5N1)	1446	2729
PB2|PP755596.1|A/cattle/Texas/24-008749-003/2024(H5N1)	1447	2756
PB2|PP755596.1|A/cattle/Texas/24-008749-003/2024(H5N1)	1448	2751
PB2|PP755596.1|A/cattle/Texas/24-008749-003/2024(H5N1)	1449	2743
PB2|PP755596.1|A/cattle/Texas/24-008749-003/2024(H5N1)	1450	2695
PB2|PP755596.1|A/cattle/Texas/24-008749-003/2024(H5N1)	1451	2714
PB2|PP755596.1|A/cattle/Texas/24-008749-003/2024(H5N1)	1452	2685
PB2|PP755596.1|A/cattle/Texas/24-008749-003/2024(H5N1)	1453	2645
PB2|PP755596.1|A/cattle/Texas/24-008749-003/2024(H5N1)	1454	2647
PB2|PP755596.1|A/cattle/Texas/24-008749-003/2024(H5N1)	1455	2618
PB2|PP755596.1|A/cattle/Texas/24-008749-003/2024(H5N1)	1456	2658
PB2|PP755596.1|A/cattle/Texas/24-008749-003/2024(H5N1)	1457	2666
PB2|PP755596.1|A/cattle/Texas/24-008749-003/2024(H5N1)	1458	2687
PB2|PP755596.1|A/cattle/Texas/24-008749-003/2024(H5N1)	1459	2719
PB2|PP755596.1|A/cattle/Texas/24-008749-003/2024(H5N1)	1460	2685
PB2|PP755596.1|A/cattle/Texas/24-008749-003/2024(H5N1)	1461	2694
PB2|PP755596.1|A/cattle/Texas/24-008749-003/2024(H5N1)	1462	2631
PB2|PP755596.1|A/cattle/Texas/24-008749-003/2024(H5N1)	1463	2619
PB2|PP755596.1|A/cattle/Texas/24-008749-003/2024(H5N1)	1464	3126
PB2|PP755596.1|A/cattle/Texas/24-008749-003/2024(H5N1)	1465	3052
PB2|PP755596.1|A/cattle/Texas/24-008749-003/2024(H5N1)	1466	3100
PB2|PP755596.1|A/cattle/Texas/24-008749-003/2024(H5N1)	1467	3099
PB2|PP755596.1|A/cattle/Texas/24-008749-003/2024(H5N1)	1468	3081
PB2|PP755596.1|A/cattle/Texas/24-008749-003/2024(H5N1)	1469	3167
PB2|PP755596.1|A/cattle/Texas/24-008749-003/2024(H5N1)	1470	3170
PB2|PP755596.1|A/cattle/Texas/24-008749-003/2024(H5N1)	1471	3166
PB2|PP755596.1|A/cattle/Texas/24-008749-003/2024(H5N1)	1472	3157
PB2|PP755596.1|A/cattle/Texas/24-008749-003/2024(H5N1)	1473	2709
PB2|PP755596.1|A/cattle/Texas/24-008749-003/2024(H5N1)	1474	2738
PB2|PP755596.1|A/cattle/Texas/24-008749-003/2024(H5N1)	1475	2752
PB2|PP755596.1|A/cattle/Texas/24-008749-003/2024(H5N1)	1476	2757
PB2|PP755596.1|A/cattle/Texas/24-008749-003/2024(H5N1)	1477	2783
PB2|PP755596.1|A/cattle/Texas/24-008749-003/2024(H5N1)	1478	2784
PB2|PP755596.1|A/cattle/Texas/24-008749-003/2024(H5N1)	1479	2799
PB2|PP755596.1|A/cattle/Texas/24-008749-003/2024(H5N1)	1480	2810
PB2|PP755596.1|A/cattle/Texas/24-008749-003/2024(H5N1)	1481	2910
PB2|PP755596.1|A/cattle/Texas/24-008749-003/2024(H5N1)	1482	2910
PB2|PP755596.1|A/cattle/Texas/24-008749-003/2024(H5N1)	1483	2925
PB2|PP755596.1|A/cattle/Texas/24-008749-003/2024(H5N1)	1484	2926
PB2|PP755596.1|A/cattle/Texas/24-008749-003/2024(H5N1)	1485	2952
PB2|PP755596.1|A/cattle/Texas/24-008749-003/2024(H5N1)	1486	2951
PB2|PP755596.1|A/cattle/Texas/24-008749-003/2024(H5N1)	1487	2900
PB2|PP755596.1|A/cattle/Texas/24-008749-003/2024(H5N1)	1488	2889
PB2|PP755596.1|A/cattle/Texas/24-008749-003/2024(H5N1)	1489	2890
PB2|PP755596.1|A/cattle/Texas/24-008749-003/2024(H5N1)	1490	2895
PB2|PP755596.1|A/cattle/Texas/24-008749-003/2024(H5N1)	1491	3003
PB2|PP755596.1|A/cattle/Texas/24-008749-003/2024(H5N1)	1492	2976
PB2|PP755596.1|A/cattle/Texas/24-008749-003/2024(H5N1)	1493	2975
PB2|PP755596.1|A/cattle/Texas/24-008749-003/2024(H5N1)	1494	2953
PB2|PP755596.1|A/cattle/Texas/24-008749-003/2024(H5N1)	1495	2954
PB2|PP755596.1|A/cattle/Texas/24-008749-003/2024(H5N1)	1496	3097
PB2|PP755596.1|A/cattle/Texas/24-008749-003/2024(H5N1)	1497	3090
PB2|PP755596.1|A/cattle/Texas/24-008749-003/2024(H5N1)	1498	3090
PB2|PP755596.1|A/cattle/Texas/24-008749-003/2024(H5N1)	1499	3090
PB2|PP755596.1|A/cattle/Texas/24-008749-003/2024(H5N1)	1500	3122
PB2|PP755596.1|A/cattle/Texas/24-008749-003/2024(H5N1)	1501	3221
PB2|PP755596.1|A/cattle/Texas/24-008749-003/2024(H5N1)	1502	3213
PB2|PP755596.1|A/cattle/Texas/24-008749-003/2024(H5N1)	1503	3234
PB2|PP755596.1|A/cattle/Texas/24-008749-003/2024(H5N1)	1504	3239
PB2|PP755596.1|A/cattle/Texas/24-008749-003/2024(H5N1)	1505	3239
PB2|PP755596.1|A/cattle/Texas/24-008749-003/2024(H5N1)	1506	3239
PB2|PP755596.1|A/cattle/Texas/24-008749-003/2024(H5N1)	1507	3229
PB2|PP755596.1|A/cattle/Texas/24-008749-003/2024(H5N1)	1508	3204
PB2|PP755596.1|A/cattle/Texas/24-008749-003/2024(H5N1)	1509	3181
PB2|PP755596.1|A/cattle/Texas/24-008749-003/2024(H5N1)	1510	3199
PB2|PP755596.1|A/cattle/Texas/24-008749-003/2024(H5N1)	1511	3209
PB2|PP755596.1|A/cattle/Texas/24-008749-003/2024(H5N1)	1512	3207
PB2|PP755596.1|A/cattle/Texas/24-008749-003/2024(H5N1)	1513	3202
PB2|PP755596.1|A/cattle/Texas/24-008749-003/2024(H5N1)	1514	3202
PB2|PP755596.1|A/cattle/Texas/24-008749-003/2024(H5N1)	1515	3213
PB2|PP755596.1|A/cattle/Texas/24-008749-003/2024(H5N1)	1516	3210
PB2|PP755596.1|A/cattle/Texas/24-008749-003/2024(H5N1)	1517	3214
PB2|PP755596.1|A/cattle/Texas/24-008749-003/2024(H5N1)	1518	3225
PB2|PP755596.1|A/cattle/Texas/24-008749-003/2024(H5N1)	1519	3203
PB2|PP755596.1|A/cattle/Texas/24-008749-003/2024(H5N1)	1520	3201
PB2|PP755596.1|A/cattle/Texas/24-008749-003/2024(H5N1)	1521	3204
PB2|PP755596.1|A/cattle/Texas/24-008749-003/2024(H5N1)	1522	3200
PB2|PP755596.1|A/cattle/Texas/24-008749-003/2024(H5N1)	1523	3199
PB2|PP755596.1|A/cattle/Texas/24-008749-003/2024(H5N1)	1524	3213
PB2|PP755596.1|A/cattle/Texas/24-008749-003/2024(H5N1)	1525	3215
PB2|PP755596.1|A/cattle/Texas/24-008749-003/2024(H5N1)	1526	3220
PB2|PP755596.1|A/cattle/Texas/24-008749-003/2024(H5N1)	1527	3254
PB2|PP755596.1|A/cattle/Texas/24-008749-003/2024(H5N1)	1528	3245
PB2|PP755596.1|A/cattle/Texas/24-008749-003/2024(H5N1)	1529	3359
PB2|PP755596.1|A/cattle/Texas/24-008749-003/2024(H5N1)	1530	3331
PB2|PP755596.1|A/cattle/Texas/24-008749-003/2024(H5N1)	1531	3516
PB2|PP755596.1|A/cattle/Texas/24-008749-003/2024(H5N1)	1532	3514
PB2|PP755596.1|A/cattle/Texas/24-008749-003/2024(H5N1)	1533	3501
PB2|PP755596.1|A/cattle/Texas/24-008749-003/2024(H5N1)	1534	3426
PB2|PP755596.1|A/cattle/Texas/24-008749-003/2024(H5N1)	1535	3420
PB2|PP755596.1|A/cattle/Texas/24-008749-003/2024(H5N1)	1536	3458
PB2|PP755596.1|A/cattle/Texas/24-008749-003/2024(H5N1)	1537	3441
PB2|PP755596.1|A/cattle/Texas/24-008749-003/2024(H5N1)	1538	3326
PB2|PP755596.1|A/cattle/Texas/24-008749-003/2024(H5N1)	1539	3328
PB2|PP755596.1|A/cattle/Texas/24-008749-003/2024(H5N1)	1540	3152
PB2|PP755596.1|A/cattle/Texas/24-008749-003/2024(H5N1)	1541	3163
PB2|PP755596.1|A/cattle/Texas/24-008749-003/2024(H5N1)	1542	3170
PB2|PP755596.1|A/cattle/Texas/24-008749-003/2024(H5N1)	1543	3141
PB2|PP755596.1|A/cattle/Texas/24-008749-003/2024(H5N1)	1544	3141
PB2|PP755596.1|A/cattle/Texas/24-008749-003/2024(H5N1)	1545	3113
PB2|PP755596.1|A/cattle/Texas/24-008749-003/2024(H5N1)	1546	3131
PB2|PP755596.1|A/cattle/Texas/24-008749-003/2024(H5N1)	1547	3135
PB2|PP755596.1|A/cattle/Texas/24-008749-003/2024(H5N1)	1548	3125
PB2|PP755596.1|A/cattle/Texas/24-008749-003/2024(H5N1)	1549	3133
PB2|PP755596.1|A/cattle/Texas/24-008749-003/2024(H5N1)	1550	3190
PB2|PP755596.1|A/cattle/Texas/24-008749-003/2024(H5N1)	1551	3192
PB2|PP755596.1|A/cattle/Texas/24-008749-003/2024(H5N1)	1552	3190
PB2|PP755596.1|A/cattle/Texas/24-008749-003/2024(H5N1)	1553	3185
PB2|PP755596.1|A/cattle/Texas/24-008749-003/2024(H5N1)	1554	3169
PB2|PP755596.1|A/cattle/Texas/24-008749-003/2024(H5N1)	1555	3152
PB2|PP755596.1|A/cattle/Texas/24-008749-003/2024(H5N1)	1556	3166
PB2|PP755596.1|A/cattle/Texas/24-008749-003/2024(H5N1)	1557	3185
PB2|PP755596.1|A/cattle/Texas/24-008749-003/2024(H5N1)	1558	3183
PB2|PP755596.1|A/cattle/Texas/24-008749-003/2024(H5N1)	1559	3205
PB2|PP755596.1|A/cattle/Texas/24-008749-003/2024(H5N1)	1560	3142
PB2|PP755596.1|A/cattle/Texas/24-008749-003/2024(H5N1)	1561	3242
PB2|PP755596.1|A/cattle/Texas/24-008749-003/2024(H5N1)	1562	3248
PB2|PP755596.1|A/cattle/Texas/24-008749-003/2024(H5N1)	1563	3249
PB2|PP755596.1|A/cattle/Texas/24-008749-003/2024(H5N1)	1564	3259
PB2|PP755596.1|A/cattle/Texas/24-008749-003/2024(H5N1)	1565	3251
PB2|PP755596.1|A/cattle/Texas/24-008749-003/2024(H5N1)	1566	3250
PB2|PP755596.1|A/cattle/Texas/24-008749-003/2024(H5N1)	1567	3245
PB2|PP755596.1|A/cattle/Texas/24-008749-003/2024(H5N1)	1568	3343
PB2|PP755596.1|A/cattle/Texas/24-008749-003/2024(H5N1)	1569	3366
PB2|PP755596.1|A/cattle/Texas/24-008749-003/2024(H5N1)	1570	3345
PB2|PP755596.1|A/cattle/Texas/24-008749-003/2024(H5N1)	1571	3327
PB2|PP755596.1|A/cattle/Texas/24-008749-003/2024(H5N1)	1572	3309
PB2|PP755596.1|A/cattle/Texas/24-008749-003/2024(H5N1)	1573	3314
PB2|PP755596.1|A/cattle/Texas/24-008749-003/2024(H5N1)	1574	3352
PB2|PP755596.1|A/cattle/Texas/24-008749-003/2024(H5N1)	1575	3358
PB2|PP755596.1|A/cattle/Texas/24-008749-003/2024(H5N1)	1576	3377
PB2|PP755596.1|A/cattle/Texas/24-008749-003/2024(H5N1)	1577	3329
PB2|PP755596.1|A/cattle/Texas/24-008749-003/2024(H5N1)	1578	3316
PB2|PP755596.1|A/cattle/Texas/24-008749-003/2024(H5N1)	1579	3312
PB2|PP755596.1|A/cattle/Texas/24-008749-003/2024(H5N1)	1580	3323
PB2|PP755596.1|A/cattle/Texas/24-008749-003/2024(H5N1)	1581	3158
PB2|PP755596.1|A/cattle/Texas/24-008749-003/2024(H5N1)	1582	3159
PB2|PP755596.1|A/cattle/Texas/24-008749-003/2024(H5N1)	1583	3157
PB2|PP755596.1|A/cattle/Texas/24-008749-003/2024(H5N1)	1584	3158
PB2|PP755596.1|A/cattle/Texas/24-008749-003/2024(H5N1)	1585	3169
PB2|PP755596.1|A/cattle/Texas/24-008749-003/2024(H5N1)	1586	3208
PB2|PP755596.1|A/cattle/Texas/24-008749-003/2024(H5N1)	1587	3234
PB2|PP755596.1|A/cattle/Texas/24-008749-003/2024(H5N1)	1588	3236
PB2|PP755596.1|A/cattle/Texas/24-008749-003/2024(H5N1)	1589	3240
PB2|PP755596.1|A/cattle/Texas/24-008749-003/2024(H5N1)	1590	3232
PB2|PP755596.1|A/cattle/Texas/24-008749-003/2024(H5N1)	1591	3252
PB2|PP755596.1|A/cattle/Texas/24-008749-003/2024(H5N1)	1592	3254
PB2|PP755596.1|A/cattle/Texas/24-008749-003/2024(H5N1)	1593	3253
PB2|PP755596.1|A/cattle/Texas/24-008749-003/2024(H5N1)	1594	3244
PB2|PP755596.1|A/cattle/Texas/24-008749-003/2024(H5N1)	1595	3284
PB2|PP755596.1|A/cattle/Texas/24-008749-003/2024(H5N1)	1596	3260
PB2|PP755596.1|A/cattle/Texas/24-008749-003/2024(H5N1)	1597	3259
PB2|PP755596.1|A/cattle/Texas/24-008749-003/2024(H5N1)	1598	3261
PB2|PP755596.1|A/cattle/Texas/24-008749-003/2024(H5N1)	1599	3262
PB2|PP755596.1|A/cattle/Texas/24-008749-003/2024(H5N1)	1600	3295
PB2|PP755596.1|A/cattle/Texas/24-008749-003/2024(H5N1)	1601	3261
PB2|PP755596.1|A/cattle/Texas/24-008749-003/2024(H5N1)	1602	3261
PB2|PP755596.1|A/cattle/Texas/24-008749-003/2024(H5N1)	1603	3271
PB2|PP755596.1|A/cattle/Texas/24-008749-003/2024(H5N1)	1604	3300
PB2|PP755596.1|A/cattle/Texas/24-008749-003/2024(H5N1)	1605	3307
PB2|PP755596.1|A/cattle/Texas/24-008749-003/2024(H5N1)	1606	3327
PB2|PP755596.1|A/cattle/Texas/24-008749-003/2024(H5N1)	1607	3291
PB2|PP755596.1|A/cattle/Texas/24-008749-003/2024(H5N1)	1608	3301
PB2|PP755596.1|A/cattle/Texas/24-008749-003/2024(H5N1)	1609	3282
PB2|PP755596.1|A/cattle/Texas/24-008749-003/2024(H5N1)	1610	3245
PB2|PP755596.1|A/cattle/Texas/24-008749-003/2024(H5N1)	1611	3378
PB2|PP755596.1|A/cattle/Texas/24-008749-003/2024(H5N1)	1612	3372
PB2|PP755596.1|A/cattle/Texas/24-008749-003/2024(H5N1)	1613	3346
PB2|PP755596.1|A/cattle/Texas/24-008749-003/2024(H5N1)	1614	3383
PB2|PP755596.1|A/cattle/Texas/24-008749-003/2024(H5N1)	1615	2911
PB2|PP755596.1|A/cattle/Texas/24-008749-003/2024(H5N1)	1616	2913
PB2|PP755596.1|A/cattle/Texas/24-008749-003/2024(H5N1)	1617	2890
PB2|PP755596.1|A/cattle/Texas/24-008749-003/2024(H5N1)	1618	2883
PB2|PP755596.1|A/cattle/Texas/24-008749-003/2024(H5N1)	1619	2894
PB2|PP755596.1|A/cattle/Texas/24-008749-003/2024(H5N1)	1620	2818
PB2|PP755596.1|A/cattle/Texas/24-008749-003/2024(H5N1)	1621	2822
PB2|PP755596.1|A/cattle/Texas/24-008749-003/2024(H5N1)	1622	2947
PB2|PP755596.1|A/cattle/Texas/24-008749-003/2024(H5N1)	1623	2910
PB2|PP755596.1|A/cattle/Texas/24-008749-003/2024(H5N1)	1624	2902
PB2|PP755596.1|A/cattle/Texas/24-008749-003/2024(H5N1)	1625	2889
PB2|PP755596.1|A/cattle/Texas/24-008749-003/2024(H5N1)	1626	3128
PB2|PP755596.1|A/cattle/Texas/24-008749-003/2024(H5N1)	1627	3179
PB2|PP755596.1|A/cattle/Texas/24-008749-003/2024(H5N1)	1628	3188
PB2|PP755596.1|A/cattle/Texas/24-008749-003/2024(H5N1)	1629	3101
PB2|PP755596.1|A/cattle/Texas/24-008749-003/2024(H5N1)	1630	3111
PB2|PP755596.1|A/cattle/Texas/24-008749-003/2024(H5N1)	1631	3026
PB2|PP755596.1|A/cattle/Texas/24-008749-003/2024(H5N1)	1632	3029
PB2|PP755596.1|A/cattle/Texas/24-008749-003/2024(H5N1)	1633	3174
PB2|PP755596.1|A/cattle/Texas/24-008749-003/2024(H5N1)	1634	3162
PB2|PP755596.1|A/cattle/Texas/24-008749-003/2024(H5N1)	1635	3160
PB2|PP755596.1|A/cattle/Texas/24-008749-003/2024(H5N1)	1636	3103
PB2|PP755596.1|A/cattle/Texas/24-008749-003/2024(H5N1)	1637	3096
PB2|PP755596.1|A/cattle/Texas/24-008749-003/2024(H5N1)	1638	3260
PB2|PP755596.1|A/cattle/Texas/24-008749-003/2024(H5N1)	1639	3281
PB2|PP755596.1|A/cattle/Texas/24-008749-003/2024(H5N1)	1640	3289
PB2|PP755596.1|A/cattle/Texas/24-008749-003/2024(H5N1)	1641	3297
PB2|PP755596.1|A/cattle/Texas/24-008749-003/2024(H5N1)	1642	3184
PB2|PP755596.1|A/cattle/Texas/24-008749-003/2024(H5N1)	1643	3347
PB2|PP755596.1|A/cattle/Texas/24-008749-003/2024(H5N1)	1644	3352
PB2|PP755596.1|A/cattle/Texas/24-008749-003/2024(H5N1)	1645	3371
PB2|PP755596.1|A/cattle/Texas/24-008749-003/2024(H5N1)	1646	3386
PB2|PP755596.1|A/cattle/Texas/24-008749-003/2024(H5N1)	1647	3217
PB2|PP755596.1|A/cattle/Texas/24-008749-003/2024(H5N1)	1648	3232
PB2|PP755596.1|A/cattle/Texas/24-008749-003/2024(H5N1)	1649	3236
PB2|PP755596.1|A/cattle/Texas/24-008749-003/2024(H5N1)	1650	3238
PB2|PP755596.1|A/cattle/Texas/24-008749-003/2024(H5N1)	1651	3198
PB2|PP755596.1|A/cattle/Texas/24-008749-003/2024(H5N1)	1652	3096
PB2|PP755596.1|A/cattle/Texas/24-008749-003/2024(H5N1)	1653	3113
PB2|PP755596.1|A/cattle/Texas/24-008749-003/2024(H5N1)	1654	3162
PB2|PP755596.1|A/cattle/Texas/24-008749-003/2024(H5N1)	1655	3159
PB2|PP755596.1|A/cattle/Texas/24-008749-003/2024(H5N1)	1656	3179
PB2|PP755596.1|A/cattle/Texas/24-008749-003/2024(H5N1)	1657	3179
PB2|PP755596.1|A/cattle/Texas/24-008749-003/2024(H5N1)	1658	3180
PB2|PP755596.1|A/cattle/Texas/24-008749-003/2024(H5N1)	1659	3176
PB2|PP755596.1|A/cattle/Texas/24-008749-003/2024(H5N1)	1660	3208
PB2|PP755596.1|A/cattle/Texas/24-008749-003/2024(H5N1)	1661	3192
PB2|PP755596.1|A/cattle/Texas/24-008749-003/2024(H5N1)	1662	3185
PB2|PP755596.1|A/cattle/Texas/24-008749-003/2024(H5N1)	1663	3167
PB2|PP755596.1|A/cattle/Texas/24-008749-003/2024(H5N1)	1664	3166
PB2|PP755596.1|A/cattle/Texas/24-008749-003/2024(H5N1)	1665	3162
PB2|PP755596.1|A/cattle/Texas/24-008749-003/2024(H5N1)	1666	3186
PB2|PP755596.1|A/cattle/Texas/24-008749-003/2024(H5N1)	1667	3184
PB2|PP755596.1|A/cattle/Texas/24-008749-003/2024(H5N1)	1668	3189
PB2|PP755596.1|A/cattle/Texas/24-008749-003/2024(H5N1)	1669	3162
PB2|PP755596.1|A/cattle/Texas/24-008749-003/2024(H5N1)	1670	3161
PB2|PP755596.1|A/cattle/Texas/24-008749-003/2024(H5N1)	1671	3164
PB2|PP755596.1|A/cattle/Texas/24-008749-003/2024(H5N1)	1672	3159
PB2|PP755596.1|A/cattle/Texas/24-008749-003/2024(H5N1)	1673	3218
PB2|PP755596.1|A/cattle/Texas/24-008749-003/2024(H5N1)	1674	3228
PB2|PP755596.1|A/cattle/Texas/24-008749-003/2024(H5N1)	1675	3205
PB2|PP755596.1|A/cattle/Texas/24-008749-003/2024(H5N1)	1676	3211
PB2|PP755596.1|A/cattle/Texas/24-008749-003/2024(H5N1)	1677	3178
PB2|PP755596.1|A/cattle/Texas/24-008749-003/2024(H5N1)	1678	3186
PB2|PP755596.1|A/cattle/Texas/24-008749-003/2024(H5N1)	1679	3229
PB2|PP755596.1|A/cattle/Texas/24-008749-003/2024(H5N1)	1680	3129
PB2|PP755596.1|A/cattle/Texas/24-008749-003/2024(H5N1)	1681	3131
PB2|PP755596.1|A/cattle/Texas/24-008749-003/2024(H5N1)	1682	2947
PB2|PP755596.1|A/cattle/Texas/24-008749-003/2024(H5N1)	1683	2957
PB2|PP755596.1|A/cattle/Texas/24-008749-003/2024(H5N1)	1684	2967
PB2|PP755596.1|A/cattle/Texas/24-008749-003/2024(H5N1)	1685	3062
PB2|PP755596.1|A/cattle/Texas/24-008749-003/2024(H5N1)	1686	3062
PB2|PP755596.1|A/cattle/Texas/24-008749-003/2024(H5N1)	1687	3023
PB2|PP755596.1|A/cattle/Texas/24-008749-003/2024(H5N1)	1688	3020
PB2|PP755596.1|A/cattle/Texas/24-008749-003/2024(H5N1)	1689	3021
PB2|PP755596.1|A/cattle/Texas/24-008749-003/2024(H5N1)	1690	3033
PB2|PP755596.1|A/cattle/Texas/24-008749-003/2024(H5N1)	1691	3096
PB2|PP755596.1|A/cattle/Texas/24-008749-003/2024(H5N1)	1692	3085
PB2|PP755596.1|A/cattle/Texas/24-008749-003/2024(H5N1)	1693	3106
PB2|PP755596.1|A/cattle/Texas/24-008749-003/2024(H5N1)	1694	3111
PB2|PP755596.1|A/cattle/Texas/24-008749-003/2024(H5N1)	1695	3180
PB2|PP755596.1|A/cattle/Texas/24-008749-003/2024(H5N1)	1696	3178
PB2|PP755596.1|A/cattle/Texas/24-008749-003/2024(H5N1)	1697	3173
PB2|PP755596.1|A/cattle/Texas/24-008749-003/2024(H5N1)	1698	3190
PB2|PP755596.1|A/cattle/Texas/24-008749-003/2024(H5N1)	1699	3191
PB2|PP755596.1|A/cattle/Texas/24-008749-003/2024(H5N1)	1700	3142
PB2|PP755596.1|A/cattle/Texas/24-008749-003/2024(H5N1)	1701	3142
PB2|PP755596.1|A/cattle/Texas/24-008749-003/2024(H5N1)	1702	3186
PB2|PP755596.1|A/cattle/Texas/24-008749-003/2024(H5N1)	1703	3227
PB2|PP755596.1|A/cattle/Texas/24-008749-003/2024(H5N1)	1704	3213
PB2|PP755596.1|A/cattle/Texas/24-008749-003/2024(H5N1)	1705	3203
PB2|PP755596.1|A/cattle/Texas/24-008749-003/2024(H5N1)	1706	3194
PB2|PP755596.1|A/cattle/Texas/24-008749-003/2024(H5N1)	1707	3182
PB2|PP755596.1|A/cattle/Texas/24-008749-003/2024(H5N1)	1708	3241
PB2|PP755596.1|A/cattle/Texas/24-008749-003/2024(H5N1)	1709	3216
PB2|PP755596.1|A/cattle/Texas/24-008749-003/2024(H5N1)	1710	3248
PB2|PP755596.1|A/cattle/Texas/24-008749-003/2024(H5N1)	1711	3278
PB2|PP755596.1|A/cattle/Texas/24-008749-003/2024(H5N1)	1712	3190
PB2|PP755596.1|A/cattle/Texas/24-008749-003/2024(H5N1)	1713	3227
PB2|PP755596.1|A/cattle/Texas/24-008749-003/2024(H5N1)	1714	3223
PB2|PP755596.1|A/cattle/Texas/24-008749-003/2024(H5N1)	1715	3240
PB2|PP755596.1|A/cattle/Texas/24-008749-003/2024(H5N1)	1716	3251
PB2|PP755596.1|A/cattle/Texas/24-008749-003/2024(H5N1)	1717	3200
PB2|PP755596.1|A/cattle/Texas/24-008749-003/2024(H5N1)	1718	3237
PB2|PP755596.1|A/cattle/Texas/24-008749-003/2024(H5N1)	1719	3152
PB2|PP755596.1|A/cattle/Texas/24-008749-003/2024(H5N1)	1720	3154
PB2|PP755596.1|A/cattle/Texas/24-008749-003/2024(H5N1)	1721	3151
PB2|PP755596.1|A/cattle/Texas/24-008749-003/2024(H5N1)	1722	3133
PB2|PP755596.1|A/cattle/Texas/24-008749-003/2024(H5N1)	1723	3146
PB2|PP755596.1|A/cattle/Texas/24-008749-003/2024(H5N1)	1724	3137
PB2|PP755596.1|A/cattle/Texas/24-008749-003/2024(H5N1)	1725	3129
PB2|PP755596.1|A/cattle/Texas/24-008749-003/2024(H5N1)	1726	3134
PB2|PP755596.1|A/cattle/Texas/24-008749-003/2024(H5N1)	1727	3118
PB2|PP755596.1|A/cattle/Texas/24-008749-003/2024(H5N1)	1728	3146
PB2|PP755596.1|A/cattle/Texas/24-008749-003/2024(H5N1)	1729	3148
PB2|PP755596.1|A/cattle/Texas/24-008749-003/2024(H5N1)	1730	3147
PB2|PP755596.1|A/cattle/Texas/24-008749-003/2024(H5N1)	1731	3127
PB2|PP755596.1|A/cattle/Texas/24-008749-003/2024(H5N1)	1732	3127
PB2|PP755596.1|A/cattle/Texas/24-008749-003/2024(H5N1)	1733	3156
PB2|PP755596.1|A/cattle/Texas/24-008749-003/2024(H5N1)	1734	3155
PB2|PP755596.1|A/cattle/Texas/24-008749-003/2024(H5N1)	1735	3156
PB2|PP755596.1|A/cattle/Texas/24-008749-003/2024(H5N1)	1736	3137
PB2|PP755596.1|A/cattle/Texas/24-008749-003/2024(H5N1)	1737	3237
PB2|PP755596.1|A/cattle/Texas/24-008749-003/2024(H5N1)	1738	3220
PB2|PP755596.1|A/cattle/Texas/24-008749-003/2024(H5N1)	1739	3232
PB2|PP755596.1|A/cattle/Texas/24-008749-003/2024(H5N1)	1740	3219
PB2|PP755596.1|A/cattle/Texas/24-008749-003/2024(H5N1)	1741	3217
PB2|PP755596.1|A/cattle/Texas/24-008749-003/2024(H5N1)	1742	3200
PB2|PP755596.1|A/cattle/Texas/24-008749-003/2024(H5N1)	1743	3203
PB2|PP755596.1|A/cattle/Texas/24-008749-003/2024(H5N1)	1744	3240
PB2|PP755596.1|A/cattle/Texas/24-008749-003/2024(H5N1)	1745	3262
PB2|PP755596.1|A/cattle/Texas/24-008749-003/2024(H5N1)	1746	3214
PB2|PP755596.1|A/cattle/Texas/24-008749-003/2024(H5N1)	1747	3202
PB2|PP755596.1|A/cattle/Texas/24-008749-003/2024(H5N1)	1748	3184
PB2|PP755596.1|A/cattle/Texas/24-008749-003/2024(H5N1)	1749	3195
PB2|PP755596.1|A/cattle/Texas/24-008749-003/2024(H5N1)	1750	3260
PB2|PP755596.1|A/cattle/Texas/24-008749-003/2024(H5N1)	1751	3265
PB2|PP755596.1|A/cattle/Texas/24-008749-003/2024(H5N1)	1752	3422
PB2|PP755596.1|A/cattle/Texas/24-008749-003/2024(H5N1)	1753	3417
PB2|PP755596.1|A/cattle/Texas/24-008749-003/2024(H5N1)	1754	3386
PB2|PP755596.1|A/cattle/Texas/24-008749-003/2024(H5N1)	1755	3388
PB2|PP755596.1|A/cattle/Texas/24-008749-003/2024(H5N1)	1756	3395
PB2|PP755596.1|A/cattle/Texas/24-008749-003/2024(H5N1)	1757	3384
PB2|PP755596.1|A/cattle/Texas/24-008749-003/2024(H5N1)	1758	3379
PB2|PP755596.1|A/cattle/Texas/24-008749-003/2024(H5N1)	1759	3364
PB2|PP755596.1|A/cattle/Texas/24-008749-003/2024(H5N1)	1760	3361
PB2|PP755596.1|A/cattle/Texas/24-008749-003/2024(H5N1)	1761	3251
PB2|PP755596.1|A/cattle/Texas/24-008749-003/2024(H5N1)	1762	3262
PB2|PP755596.1|A/cattle/Texas/24-008749-003/2024(H5N1)	1763	3312
PB2|PP755596.1|A/cattle/Texas/24-008749-003/2024(H5N1)	1764	3272
PB2|PP755596.1|A/cattle/Texas/24-008749-003/2024(H5N1)	1765	3269
PB2|PP755596.1|A/cattle/Texas/24-008749-003/2024(H5N1)	1766	3286
PB2|PP755596.1|A/cattle/Texas/24-008749-003/2024(H5N1)	1767	3297
PB2|PP755596.1|A/cattle/Texas/24-008749-003/2024(H5N1)	1768	3622
PB2|PP755596.1|A/cattle/Texas/24-008749-003/2024(H5N1)	1769	3662
PB2|PP755596.1|A/cattle/Texas/24-008749-003/2024(H5N1)	1770	3675
PB2|PP755596.1|A/cattle/Texas/24-008749-003/2024(H5N1)	1771	3661
PB2|PP755596.1|A/cattle/Texas/24-008749-003/2024(H5N1)	1772	3698
PB2|PP755596.1|A/cattle/Texas/24-008749-003/2024(H5N1)	1773	3671
PB2|PP755596.1|A/cattle/Texas/24-008749-003/2024(H5N1)	1774	3687
PB2|PP755596.1|A/cattle/Texas/24-008749-003/2024(H5N1)	1775	3665
PB2|PP755596.1|A/cattle/Texas/24-008749-003/2024(H5N1)	1776	3687
PB2|PP755596.1|A/cattle/Texas/24-008749-003/2024(H5N1)	1777	3355
PB2|PP755596.1|A/cattle/Texas/24-008749-003/2024(H5N1)	1778	3332
PB2|PP755596.1|A/cattle/Texas/24-008749-003/2024(H5N1)	1779	3311
PB2|PP755596.1|A/cattle/Texas/24-008749-003/2024(H5N1)	1780	3329
PB2|PP755596.1|A/cattle/Texas/24-008749-003/2024(H5N1)	1781	3331
PB2|PP755596.1|A/cattle/Texas/24-008749-003/2024(H5N1)	1782	3303
PB2|PP755596.1|A/cattle/Texas/24-008749-003/2024(H5N1)	1783	3338
PB2|PP755596.1|A/cattle/Texas/24-008749-003/2024(H5N1)	1784	3267
PB2|PP755596.1|A/cattle/Texas/24-008749-003/2024(H5N1)	1785	3304
PB2|PP755596.1|A/cattle/Texas/24-008749-003/2024(H5N1)	1786	3305
PB2|PP755596.1|A/cattle/Texas/24-008749-003/2024(H5N1)	1787	3308
PB2|PP755596.1|A/cattle/Texas/24-008749-003/2024(H5N1)	1788	3310
PB2|PP755596.1|A/cattle/Texas/24-008749-003/2024(H5N1)	1789	3167
PB2|PP755596.1|A/cattle/Texas/24-008749-003/2024(H5N1)	1790	3178
PB2|PP755596.1|A/cattle/Texas/24-008749-003/2024(H5N1)	1791	3177
PB2|PP755596.1|A/cattle/Texas/24-008749-003/2024(H5N1)	1792	3223
PB2|PP755596.1|A/cattle/Texas/24-008749-003/2024(H5N1)	1793	3138
PB2|PP755596.1|A/cattle/Texas/24-008749-003/2024(H5N1)	1794	3119
PB2|PP755596.1|A/cattle/Texas/24-008749-003/2024(H5N1)	1795	3156
PB2|PP755596.1|A/cattle/Texas/24-008749-003/2024(H5N1)	1796	3157
PB2|PP755596.1|A/cattle/Texas/24-008749-003/2024(H5N1)	1797	3199
PB2|PP755596.1|A/cattle/Texas/24-008749-003/2024(H5N1)	1798	3200
PB2|PP755596.1|A/cattle/Texas/24-008749-003/2024(H5N1)	1799	3209
PB2|PP755596.1|A/cattle/Texas/24-008749-003/2024(H5N1)	1800	3207
PB2|PP755596.1|A/cattle/Texas/24-008749-003/2024(H5N1)	1801	3202
PB2|PP755596.1|A/cattle/Texas/24-008749-003/2024(H5N1)	1802	3165
PB2|PP755596.1|A/cattle/Texas/24-008749-003/2024(H5N1)	1803	3168
PB2|PP755596.1|A/cattle/Texas/24-008749-003/2024(H5N1)	1804	3159
PB2|PP755596.1|A/cattle/Texas/24-008749-003/2024(H5N1)	1805	3140
PB2|PP755596.1|A/cattle/Texas/24-008749-003/2024(H5N1)	1806	3121
PB2|PP755596.1|A/cattle/Texas/24-008749-003/2024(H5N1)	1807	3122
PB2|PP755596.1|A/cattle/Texas/24-008749-003/2024(H5N1)	1808	3200
PB2|PP755596.1|A/cattle/Texas/24-008749-003/2024(H5N1)	1809	3199
PB2|PP755596.1|A/cattle/Texas/24-008749-003/2024(H5N1)	1810	3173
PB2|PP755596.1|A/cattle/Texas/24-008749-003/2024(H5N1)	1811	3188
PB2|PP755596.1|A/cattle/Texas/24-008749-003/2024(H5N1)	1812	3197
PB2|PP755596.1|A/cattle/Texas/24-008749-003/2024(H5N1)	1813	3201
PB2|PP755596.1|A/cattle/Texas/24-008749-003/2024(H5N1)	1814	3259
PB2|PP755596.1|A/cattle/Texas/24-008749-003/2024(H5N1)	1815	3259
PB2|PP755596.1|A/cattle/Texas/24-008749-003/2024(H5N1)	1816	3283
PB2|PP755596.1|A/cattle/Texas/24-008749-003/2024(H5N1)	1817	3267
PB2|PP755596.1|A/cattle/Texas/24-008749-003/2024(H5N1)	1818	3306
PB2|PP755596.1|A/cattle/Texas/24-008749-003/2024(H5N1)	1819	3292
PB2|PP755596.1|A/cattle/Texas/24-008749-003/2024(H5N1)	1820	3286
PB2|PP755596.1|A/cattle/Texas/24-008749-003/2024(H5N1)	1821	3309
PB2|PP755596.1|A/cattle/Texas/24-008749-003/2024(H5N1)	1822	3308
PB2|PP755596.1|A/cattle/Texas/24-008749-003/2024(H5N1)	1823	3319
PB2|PP755596.1|A/cattle/Texas/24-008749-003/2024(H5N1)	1824	3276
PB2|PP755596.1|A/cattle/Texas/24-008749-003/2024(H5N1)	1825	3276
PB2|PP755596.1|A/cattle/Texas/24-008749-003/2024(H5N1)	1826	3299
PB2|PP755596.1|A/cattle/Texas/24-008749-003/2024(H5N1)	1827	3386
PB2|PP755596.1|A/cattle/Texas/24-008749-003/2024(H5N1)	1828	3395
PB2|PP755596.1|A/cattle/Texas/24-008749-003/2024(H5N1)	1829	3383
PB2|PP755596.1|A/cattle/Texas/24-008749-003/2024(H5N1)	1830	3386
PB2|PP755596.1|A/cattle/Texas/24-008749-003/2024(H5N1)	1831	3386
PB2|PP755596.1|A/cattle/Texas/24-008749-003/2024(H5N1)	1832	3447
PB2|PP755596.1|A/cattle/Texas/24-008749-003/2024(H5N1)	1833	3446
PB2|PP755596.1|A/cattle/Texas/24-008749-003/2024(H5N1)	1834	3431
PB2|PP755596.1|A/cattle/Texas/24-008749-003/2024(H5N1)	1835	3449
PB2|PP755596.1|A/cattle/Texas/24-008749-003/2024(H5N1)	1836	3318
PB2|PP755596.1|A/cattle/Texas/24-008749-003/2024(H5N1)	1837	3405
PB2|PP755596.1|A/cattle/Texas/24-008749-003/2024(H5N1)	1838	3411
PB2|PP755596.1|A/cattle/Texas/24-008749-003/2024(H5N1)	1839	3445
PB2|PP755596.1|A/cattle/Texas/24-008749-003/2024(H5N1)	1840	3444
PB2|PP755596.1|A/cattle/Texas/24-008749-003/2024(H5N1)	1841	3428
PB2|PP755596.1|A/cattle/Texas/24-008749-003/2024(H5N1)	1842	3388
PB2|PP755596.1|A/cattle/Texas/24-008749-003/2024(H5N1)	1843	3445
PB2|PP755596.1|A/cattle/Texas/24-008749-003/2024(H5N1)	1844	3437
PB2|PP755596.1|A/cattle/Texas/24-008749-003/2024(H5N1)	1845	3426
PB2|PP755596.1|A/cattle/Texas/24-008749-003/2024(H5N1)	1846	3346
PB2|PP755596.1|A/cattle/Texas/24-008749-003/2024(H5N1)	1847	3345
PB2|PP755596.1|A/cattle/Texas/24-008749-003/2024(H5N1)	1848	3343
PB2|PP755596.1|A/cattle/Texas/24-008749-003/2024(H5N1)	1849	3404
PB2|PP755596.1|A/cattle/Texas/24-008749-003/2024(H5N1)	1850	3418
PB2|PP755596.1|A/cattle/Texas/24-008749-003/2024(H5N1)	1851	3398
PB2|PP755596.1|A/cattle/Texas/24-008749-003/2024(H5N1)	1852	3389
PB2|PP755596.1|A/cattle/Texas/24-008749-003/2024(H5N1)	1853	3315
PB2|PP755596.1|A/cattle/Texas/24-008749-003/2024(H5N1)	1854	3321
PB2|PP755596.1|A/cattle/Texas/24-008749-003/2024(H5N1)	1855	3319
PB2|PP755596.1|A/cattle/Texas/24-008749-003/2024(H5N1)	1856	3316
PB2|PP755596.1|A/cattle/Texas/24-008749-003/2024(H5N1)	1857	3428
PB2|PP755596.1|A/cattle/Texas/24-008749-003/2024(H5N1)	1858	3370
PB2|PP755596.1|A/cattle/Texas/24-008749-003/2024(H5N1)	1859	3429
PB2|PP755596.1|A/cattle/Texas/24-008749-003/2024(H5N1)	1860	3411
PB2|PP755596.1|A/cattle/Texas/24-008749-003/2024(H5N1)	1861	3362
PB2|PP755596.1|A/cattle/Texas/24-008749-003/2024(H5N1)	1862	3370
PB2|PP755596.1|A/cattle/Texas/24-008749-003/2024(H5N1)	1863	3367
PB2|PP755596.1|A/cattle/Texas/24-008749-003/2024(H5N1)	1864	3334
PB2|PP755596.1|A/cattle/Texas/24-008749-003/2024(H5N1)	1865	3354
PB2|PP755596.1|A/cattle/Texas/24-008749-003/2024(H5N1)	1866	3331
PB2|PP755596.1|A/cattle/Texas/24-008749-003/2024(H5N1)	1867	3332
PB2|PP755596.1|A/cattle/Texas/24-008749-003/2024(H5N1)	1868	3315
PB2|PP755596.1|A/cattle/Texas/24-008749-003/2024(H5N1)	1869	3297
PB2|PP755596.1|A/cattle/Texas/24-008749-003/2024(H5N1)	1870	3306
PB2|PP755596.1|A/cattle/Texas/24-008749-003/2024(H5N1)	1871	3331
PB2|PP755596.1|A/cattle/Texas/24-008749-003/2024(H5N1)	1872	3311
PB2|PP755596.1|A/cattle/Texas/24-008749-003/2024(H5N1)	1873	3329
PB2|PP755596.1|A/cattle/Texas/24-008749-003/2024(H5N1)	1874	3344
PB2|PP755596.1|A/cattle/Texas/24-008749-003/2024(H5N1)	1875	3353
PB2|PP755596.1|A/cattle/Texas/24-008749-003/2024(H5N1)	1876	3348
PB2|PP755596.1|A/cattle/Texas/24-008749-003/2024(H5N1)	1877	3352
PB2|PP755596.1|A/cattle/Texas/24-008749-003/2024(H5N1)	1878	3349
PB2|PP755596.1|A/cattle/Texas/24-008749-003/2024(H5N1)	1879	3422
PB2|PP755596.1|A/cattle/Texas/24-008749-003/2024(H5N1)	1880	3419
PB2|PP755596.1|A/cattle/Texas/24-008749-003/2024(H5N1)	1881	3435
PB2|PP755596.1|A/cattle/Texas/24-008749-003/2024(H5N1)	1882	3436
PB2|PP755596.1|A/cattle/Texas/24-008749-003/2024(H5N1)	1883	3473
PB2|PP755596.1|A/cattle/Texas/24-008749-003/2024(H5N1)	1884	3469
PB2|PP755596.1|A/cattle/Texas/24-008749-003/2024(H5N1)	1885	3463
PB2|PP755596.1|A/cattle/Texas/24-008749-003/2024(H5N1)	1886	3469
PB2|PP755596.1|A/cattle/Texas/24-008749-003/2024(H5N1)	1887	3535
PB2|PP755596.1|A/cattle/Texas/24-008749-003/2024(H5N1)	1888	3404
PB2|PP755596.1|A/cattle/Texas/24-008749-003/2024(H5N1)	1889	3387
PB2|PP755596.1|A/cattle/Texas/24-008749-003/2024(H5N1)	1890	3381
PB2|PP755596.1|A/cattle/Texas/24-008749-003/2024(H5N1)	1891	3449
PB2|PP755596.1|A/cattle/Texas/24-008749-003/2024(H5N1)	1892	3403
PB2|PP755596.1|A/cattle/Texas/24-008749-003/2024(H5N1)	1893	3411
PB2|PP755596.1|A/cattle/Texas/24-008749-003/2024(H5N1)	1894	3419
PB2|PP755596.1|A/cattle/Texas/24-008749-003/2024(H5N1)	1895	3408
PB2|PP755596.1|A/cattle/Texas/24-008749-003/2024(H5N1)	1896	3444
PB2|PP755596.1|A/cattle/Texas/24-008749-003/2024(H5N1)	1897	3442
PB2|PP755596.1|A/cattle/Texas/24-008749-003/2024(H5N1)	1898	3451
PB2|PP755596.1|A/cattle/Texas/24-008749-003/2024(H5N1)	1899	3435
PB2|PP755596.1|A/cattle/Texas/24-008749-003/2024(H5N1)	1900	3370
PB2|PP755596.1|A/cattle/Texas/24-008749-003/2024(H5N1)	1901	3391
PB2|PP755596.1|A/cattle/Texas/24-008749-003/2024(H5N1)	1902	3259
PB2|PP755596.1|A/cattle/Texas/24-008749-003/2024(H5N1)	1903	3208
PB2|PP755596.1|A/cattle/Texas/24-008749-003/2024(H5N1)	1904	3245
PB2|PP755596.1|A/cattle/Texas/24-008749-003/2024(H5N1)	1905	3225
PB2|PP755596.1|A/cattle/Texas/24-008749-003/2024(H5N1)	1906	3263
PB2|PP755596.1|A/cattle/Texas/24-008749-003/2024(H5N1)	1907	3252
PB2|PP755596.1|A/cattle/Texas/24-008749-003/2024(H5N1)	1908	3282
PB2|PP755596.1|A/cattle/Texas/24-008749-003/2024(H5N1)	1909	3342
PB2|PP755596.1|A/cattle/Texas/24-008749-003/2024(H5N1)	1910	3324
PB2|PP755596.1|A/cattle/Texas/24-008749-003/2024(H5N1)	1911	3356
PB2|PP755596.1|A/cattle/Texas/24-008749-003/2024(H5N1)	1912	3394
PB2|PP755596.1|A/cattle/Texas/24-008749-003/2024(H5N1)	1913	3375
PB2|PP755596.1|A/cattle/Texas/24-008749-003/2024(H5N1)	1914	3419
PB2|PP755596.1|A/cattle/Texas/24-008749-003/2024(H5N1)	1915	3431
PB2|PP755596.1|A/cattle/Texas/24-008749-003/2024(H5N1)	1916	3447
PB2|PP755596.1|A/cattle/Texas/24-008749-003/2024(H5N1)	1917	3422
PB2|PP755596.1|A/cattle/Texas/24-008749-003/2024(H5N1)	1918	3417
PB2|PP755596.1|A/cattle/Texas/24-008749-003/2024(H5N1)	1919	3104
PB2|PP755596.1|A/cattle/Texas/24-008749-003/2024(H5N1)	1920	3101
PB2|PP755596.1|A/cattle/Texas/24-008749-003/2024(H5N1)	1921	3057
PB2|PP755596.1|A/cattle/Texas/24-008749-003/2024(H5N1)	1922	3050
PB2|PP755596.1|A/cattle/Texas/24-008749-003/2024(H5N1)	1923	3019
PB2|PP755596.1|A/cattle/Texas/24-008749-003/2024(H5N1)	1924	2943
PB2|PP755596.1|A/cattle/Texas/24-008749-003/2024(H5N1)	1925	3051
PB2|PP755596.1|A/cattle/Texas/24-008749-003/2024(H5N1)	1926	3090
PB2|PP755596.1|A/cattle/Texas/24-008749-003/2024(H5N1)	1927	3093
PB2|PP755596.1|A/cattle/Texas/24-008749-003/2024(H5N1)	1928	3086
PB2|PP755596.1|A/cattle/Texas/24-008749-003/2024(H5N1)	1929	3084
PB2|PP755596.1|A/cattle/Texas/24-008749-003/2024(H5N1)	1930	3133
PB2|PP755596.1|A/cattle/Texas/24-008749-003/2024(H5N1)	1931	3123
PB2|PP755596.1|A/cattle/Texas/24-008749-003/2024(H5N1)	1932	3128
PB2|PP755596.1|A/cattle/Texas/24-008749-003/2024(H5N1)	1933	3126
PB2|PP755596.1|A/cattle/Texas/24-008749-003/2024(H5N1)	1934	3109
PB2|PP755596.1|A/cattle/Texas/24-008749-003/2024(H5N1)	1935	3110
PB2|PP755596.1|A/cattle/Texas/24-008749-003/2024(H5N1)	1936	3064
PB2|PP755596.1|A/cattle/Texas/24-008749-003/2024(H5N1)	1937	3085
PB2|PP755596.1|A/cattle/Texas/24-008749-003/2024(H5N1)	1938	3086
PB2|PP755596.1|A/cattle/Texas/24-008749-003/2024(H5N1)	1939	3064
PB2|PP755596.1|A/cattle/Texas/24-008749-003/2024(H5N1)	1940	3065
PB2|PP755596.1|A/cattle/Texas/24-008749-003/2024(H5N1)	1941	3082
PB2|PP755596.1|A/cattle/Texas/24-008749-003/2024(H5N1)	1942	3056
PB2|PP755596.1|A/cattle/Texas/24-008749-003/2024(H5N1)	1943	2986
PB2|PP755596.1|A/cattle/Texas/24-008749-003/2024(H5N1)	1944	3014
PB2|PP755596.1|A/cattle/Texas/24-008749-003/2024(H5N1)	1945	3013
PB2|PP755596.1|A/cattle/Texas/24-008749-003/2024(H5N1)	1946	2955
PB2|PP755596.1|A/cattle/Texas/24-008749-003/2024(H5N1)	1947	2955
PB2|PP755596.1|A/cattle/Texas/24-008749-003/2024(H5N1)	1948	2910
PB2|PP755596.1|A/cattle/Texas/24-008749-003/2024(H5N1)	1949	2917
PB2|PP755596.1|A/cattle/Texas/24-008749-003/2024(H5N1)	1950	2911
PB2|PP755596.1|A/cattle/Texas/24-008749-003/2024(H5N1)	1951	2910
PB2|PP755596.1|A/cattle/Texas/24-008749-003/2024(H5N1)	1952	2912
PB2|PP755596.1|A/cattle/Texas/24-008749-003/2024(H5N1)	1953	2904
PB2|PP755596.1|A/cattle/Texas/24-008749-003/2024(H5N1)	1954	2899
PB2|PP755596.1|A/cattle/Texas/24-008749-003/2024(H5N1)	1955	2995
PB2|PP755596.1|A/cattle/Texas/24-008749-003/2024(H5N1)	1956	3002
PB2|PP755596.1|A/cattle/Texas/24-008749-003/2024(H5N1)	1957	3010
PB2|PP755596.1|A/cattle/Texas/24-008749-003/2024(H5N1)	1958	2998
PB2|PP755596.1|A/cattle/Texas/24-008749-003/2024(H5N1)	1959	2970
PB2|PP755596.1|A/cattle/Texas/24-008749-003/2024(H5N1)	1960	2981
PB2|PP755596.1|A/cattle/Texas/24-008749-003/2024(H5N1)	1961	2973
PB2|PP755596.1|A/cattle/Texas/24-008749-003/2024(H5N1)	1962	2957
PB2|PP755596.1|A/cattle/Texas/24-008749-003/2024(H5N1)	1963	2981
PB2|PP755596.1|A/cattle/Texas/24-008749-003/2024(H5N1)	1964	2926
PB2|PP755596.1|A/cattle/Texas/24-008749-003/2024(H5N1)	1965	2956
PB2|PP755596.1|A/cattle/Texas/24-008749-003/2024(H5N1)	1966	3000
PB2|PP755596.1|A/cattle/Texas/24-008749-003/2024(H5N1)	1967	3032
PB2|PP755596.1|A/cattle/Texas/24-008749-003/2024(H5N1)	1968	3010
PB2|PP755596.1|A/cattle/Texas/24-008749-003/2024(H5N1)	1969	3016
PB2|PP755596.1|A/cattle/Texas/24-008749-003/2024(H5N1)	1970	3039
PB2|PP755596.1|A/cattle/Texas/24-008749-003/2024(H5N1)	1971	3039
PB2|PP755596.1|A/cattle/Texas/24-008749-003/2024(H5N1)	1972	3355
PB2|PP755596.1|A/cattle/Texas/24-008749-003/2024(H5N1)	1973	3360
PB2|PP755596.1|A/cattle/Texas/24-008749-003/2024(H5N1)	1974	3363
PB2|PP755596.1|A/cattle/Texas/24-008749-003/2024(H5N1)	1975	3359
PB2|PP755596.1|A/cattle/Texas/24-008749-003/2024(H5N1)	1976	3349
PB2|PP755596.1|A/cattle/Texas/24-008749-003/2024(H5N1)	1977	3277
PB2|PP755596.1|A/cattle/Texas/24-008749-003/2024(H5N1)	1978	3267
PB2|PP755596.1|A/cattle/Texas/24-008749-003/2024(H5N1)	1979	3264
PB2|PP755596.1|A/cattle/Texas/24-008749-003/2024(H5N1)	1980	3268
PB2|PP755596.1|A/cattle/Texas/24-008749-003/2024(H5N1)	1981	3296
PB2|PP755596.1|A/cattle/Texas/24-008749-003/2024(H5N1)	1982	3326
PB2|PP755596.1|A/cattle/Texas/24-008749-003/2024(H5N1)	1983	3286
PB2|PP755596.1|A/cattle/Texas/24-008749-003/2024(H5N1)	1984	3336
PB2|PP755596.1|A/cattle/Texas/24-008749-003/2024(H5N1)	1985	3339
PB2|PP755596.1|A/cattle/Texas/24-008749-003/2024(H5N1)	1986	3338
PB2|PP755596.1|A/cattle/Texas/24-008749-003/2024(H5N1)	1987	3442
PB2|PP755596.1|A/cattle/Texas/24-008749-003/2024(H5N1)	1988	3356
PB2|PP755596.1|A/cattle/Texas/24-008749-003/2024(H5N1)	1989	3374
PB2|PP755596.1|A/cattle/Texas/24-008749-003/2024(H5N1)	1990	3352
PB2|PP755596.1|A/cattle/Texas/24-008749-003/2024(H5N1)	1991	3408
PB2|PP755596.1|A/cattle/Texas/24-008749-003/2024(H5N1)	1992	3420
PB2|PP755596.1|A/cattle/Texas/24-008749-003/2024(H5N1)	1993	3386
PB2|PP755596.1|A/cattle/Texas/24-008749-003/2024(H5N1)	1994	3382
PB2|PP755596.1|A/cattle/Texas/24-008749-003/2024(H5N1)	1995	3399
PB2|PP755596.1|A/cattle/Texas/24-008749-003/2024(H5N1)	1996	3400
PB2|PP755596.1|A/cattle/Texas/24-008749-003/2024(H5N1)	1997	3397
PB2|PP755596.1|A/cattle/Texas/24-008749-003/2024(H5N1)	1998	3391
PB2|PP755596.1|A/cattle/Texas/24-008749-003/2024(H5N1)	1999	3497
PB2|PP755596.1|A/cattle/Texas/24-008749-003/2024(H5N1)	2000	3442
PB2|PP755596.1|A/cattle/Texas/24-008749-003/2024(H5N1)	2001	3467
PB2|PP755596.1|A/cattle/Texas/24-008749-003/2024(H5N1)	2002	3458
PB2|PP755596.1|A/cattle/Texas/24-008749-003/2024(H5N1)	2003	3451
PB2|PP755596.1|A/cattle/Texas/24-008749-003/2024(H5N1)	2004	3450
PB2|PP755596.1|A/cattle/Texas/24-008749-003/2024(H5N1)	2005	3449
PB2|PP755596.1|A/cattle/Texas/24-008749-003/2024(H5N1)	2006	3458
PB2|PP755596.1|A/cattle/Texas/24-008749-003/2024(H5N1)	2007	3481
PB2|PP755596.1|A/cattle/Texas/24-008749-003/2024(H5N1)	2008	3356
PB2|PP755596.1|A/cattle/Texas/24-008749-003/2024(H5N1)	2009	3357
PB2|PP755596.1|A/cattle/Texas/24-008749-003/2024(H5N1)	2010	3319
PB2|PP755596.1|A/cattle/Texas/24-008749-003/2024(H5N1)	2011	3322
PB2|PP755596.1|A/cattle/Texas/24-008749-003/2024(H5N1)	2012	3379
PB2|PP755596.1|A/cattle/Texas/24-008749-003/2024(H5N1)	2013	3387
PB2|PP755596.1|A/cattle/Texas/24-008749-003/2024(H5N1)	2014	3389
PB2|PP755596.1|A/cattle/Texas/24-008749-003/2024(H5N1)	2015	3386
PB2|PP755596.1|A/cattle/Texas/24-008749-003/2024(H5N1)	2016	3384
PB2|PP755596.1|A/cattle/Texas/24-008749-003/2024(H5N1)	2017	3387
PB2|PP755596.1|A/cattle/Texas/24-008749-003/2024(H5N1)	2018	3405
PB2|PP755596.1|A/cattle/Texas/24-008749-003/2024(H5N1)	2019	3381
PB2|PP755596.1|A/cattle/Texas/24-008749-003/2024(H5N1)	2020	3384
PB2|PP755596.1|A/cattle/Texas/24-008749-003/2024(H5N1)	2021	3417
PB2|PP755596.1|A/cattle/Texas/24-008749-003/2024(H5N1)	2022	3417
PB2|PP755596.1|A/cattle/Texas/24-008749-003/2024(H5N1)	2023	3429
PB2|PP755596.1|A/cattle/Texas/24-008749-003/2024(H5N1)	2024	3398
PB2|PP755596.1|A/cattle/Texas/24-008749-003/2024(H5N1)	2025	3393
PB2|PP755596.1|A/cattle/Texas/24-008749-003/2024(H5N1)	2026	3388
PB2|PP755596.1|A/cattle/Texas/24-008749-003/2024(H5N1)	2027	3394
PB2|PP755596.1|A/cattle/Texas/24-008749-003/2024(H5N1)	2028	3410
PB2|PP755596.1|A/cattle/Texas/24-008749-003/2024(H5N1)	2029	3403
PB2|PP755596.1|A/cattle/Texas/24-008749-003/2024(H5N1)	2030	3335
PB2|PP755596.1|A/cattle/Texas/24-008749-003/2024(H5N1)	2031	3341
PB2|PP755596.1|A/cattle/Texas/24-008749-003/2024(H5N1)	2032	3341
PB2|PP755596.1|A/cattle/Texas/24-008749-003/2024(H5N1)	2033	3392
PB2|PP755596.1|A/cattle/Texas/24-008749-003/2024(H5N1)	2034	3341
PB2|PP755596.1|A/cattle/Texas/24-008749-003/2024(H5N1)	2035	3332
PB2|PP755596.1|A/cattle/Texas/24-008749-003/2024(H5N1)	2036	3298
PB2|PP755596.1|A/cattle/Texas/24-008749-003/2024(H5N1)	2037	3244
PB2|PP755596.1|A/cattle/Texas/24-008749-003/2024(H5N1)	2038	3286
PB2|PP755596.1|A/cattle/Texas/24-008749-003/2024(H5N1)	2039	3323
PB2|PP755596.1|A/cattle/Texas/24-008749-003/2024(H5N1)	2040	3324
PB2|PP755596.1|A/cattle/Texas/24-008749-003/2024(H5N1)	2041	3312
PB2|PP755596.1|A/cattle/Texas/24-008749-003/2024(H5N1)	2042	3239
PB2|PP755596.1|A/cattle/Texas/24-008749-003/2024(H5N1)	2043	3254
PB2|PP755596.1|A/cattle/Texas/24-008749-003/2024(H5N1)	2044	3253
PB2|PP755596.1|A/cattle/Texas/24-008749-003/2024(H5N1)	2045	3284
PB2|PP755596.1|A/cattle/Texas/24-008749-003/2024(H5N1)	2046	3317
PB2|PP755596.1|A/cattle/Texas/24-008749-003/2024(H5N1)	2047	3272
PB2|PP755596.1|A/cattle/Texas/24-008749-003/2024(H5N1)	2048	3303
PB2|PP755596.1|A/cattle/Texas/24-008749-003/2024(H5N1)	2049	3300
PB2|PP755596.1|A/cattle/Texas/24-008749-003/2024(H5N1)	2050	3336
PB2|PP755596.1|A/cattle/Texas/24-008749-003/2024(H5N1)	2051	3383
PB2|PP755596.1|A/cattle/Texas/24-008749-003/2024(H5N1)	2052	3422
PB2|PP755596.1|A/cattle/Texas/24-008749-003/2024(H5N1)	2053	3472
PB2|PP755596.1|A/cattle/Texas/24-008749-003/2024(H5N1)	2054	3484
PB2|PP755596.1|A/cattle/Texas/24-008749-003/2024(H5N1)	2055	3464
PB2|PP755596.1|A/cattle/Texas/24-008749-003/2024(H5N1)	2056	3470
PB2|PP755596.1|A/cattle/Texas/24-008749-003/2024(H5N1)	2057	3412
PB2|PP755596.1|A/cattle/Texas/24-008749-003/2024(H5N1)	2058	3412
PB2|PP755596.1|A/cattle/Texas/24-008749-003/2024(H5N1)	2059	3377
PB2|PP755596.1|A/cattle/Texas/24-008749-003/2024(H5N1)	2060	3340
PB2|PP755596.1|A/cattle/Texas/24-008749-003/2024(H5N1)	2061	3320
PB2|PP755596.1|A/cattle/Texas/24-008749-003/2024(H5N1)	2062	3250
PB2|PP755596.1|A/cattle/Texas/24-008749-003/2024(H5N1)	2063	3189
PB2|PP755596.1|A/cattle/Texas/24-008749-003/2024(H5N1)	2064	3187
PB2|PP755596.1|A/cattle/Texas/24-008749-003/2024(H5N1)	2065	3192
PB2|PP755596.1|A/cattle/Texas/24-008749-003/2024(H5N1)	2066	3176
PB2|PP755596.1|A/cattle/Texas/24-008749-003/2024(H5N1)	2067	3165
PB2|PP755596.1|A/cattle/Texas/24-008749-003/2024(H5N1)	2068	3225
PB2|PP755596.1|A/cattle/Texas/24-008749-003/2024(H5N1)	2069	3216
PB2|PP755596.1|A/cattle/Texas/24-008749-003/2024(H5N1)	2070	3241
PB2|PP755596.1|A/cattle/Texas/24-008749-003/2024(H5N1)	2071	3246
PB2|PP755596.1|A/cattle/Texas/24-008749-003/2024(H5N1)	2072	3236
PB2|PP755596.1|A/cattle/Texas/24-008749-003/2024(H5N1)	2073	3241
PB2|PP755596.1|A/cattle/Texas/24-008749-003/2024(H5N1)	2074	3238
PB2|PP755596.1|A/cattle/Texas/24-008749-003/2024(H5N1)	2075	3234
PB2|PP755596.1|A/cattle/Texas/24-008749-003/2024(H5N1)	2076	3139
PB2|PP755596.1|A/cattle/Texas/24-008749-003/2024(H5N1)	2077	3109
PB2|PP755596.1|A/cattle/Texas/24-008749-003/2024(H5N1)	2078	3094
PB2|PP755596.1|A/cattle/Texas/24-008749-003/2024(H5N1)	2079	3116
PB2|PP755596.1|A/cattle/Texas/24-008749-003/2024(H5N1)	2080	3307
PB2|PP755596.1|A/cattle/Texas/24-008749-003/2024(H5N1)	2081	3274
PB2|PP755596.1|A/cattle/Texas/24-008749-003/2024(H5N1)	2082	3284
PB2|PP755596.1|A/cattle/Texas/24-008749-003/2024(H5N1)	2083	3225
PB2|PP755596.1|A/cattle/Texas/24-008749-003/2024(H5N1)	2084	3225
PB2|PP755596.1|A/cattle/Texas/24-008749-003/2024(H5N1)	2085	3220
PB2|PP755596.1|A/cattle/Texas/24-008749-003/2024(H5N1)	2086	3245
PB2|PP755596.1|A/cattle/Texas/24-008749-003/2024(H5N1)	2087	3243
PB2|PP755596.1|A/cattle/Texas/24-008749-003/2024(H5N1)	2088	3314
PB2|PP755596.1|A/cattle/Texas/24-008749-003/2024(H5N1)	2089	3310
PB2|PP755596.1|A/cattle/Texas/24-008749-003/2024(H5N1)	2090	3286
PB2|PP755596.1|A/cattle/Texas/24-008749-003/2024(H5N1)	2091	3283
PB2|PP755596.1|A/cattle/Texas/24-008749-003/2024(H5N1)	2092	3257
PB2|PP755596.1|A/cattle/Texas/24-008749-003/2024(H5N1)	2093	3259
PB2|PP755596.1|A/cattle/Texas/24-008749-003/2024(H5N1)	2094	3237
PB2|PP755596.1|A/cattle/Texas/24-008749-003/2024(H5N1)	2095	3234
PB2|PP755596.1|A/cattle/Texas/24-008749-003/2024(H5N1)	2096	3306
PB2|PP755596.1|A/cattle/Texas/24-008749-003/2024(H5N1)	2097	3306
PB2|PP755596.1|A/cattle/Texas/24-008749-003/2024(H5N1)	2098	3331
PB2|PP755596.1|A/cattle/Texas/24-008749-003/2024(H5N1)	2099	3386
PB2|PP755596.1|A/cattle/Texas/24-008749-003/2024(H5N1)	2100	3388
PB2|PP755596.1|A/cattle/Texas/24-008749-003/2024(H5N1)	2101	3397
PB2|PP755596.1|A/cattle/Texas/24-008749-003/2024(H5N1)	2102	3400
PB2|PP755596.1|A/cattle/Texas/24-008749-003/2024(H5N1)	2103	3400
PB2|PP755596.1|A/cattle/Texas/24-008749-003/2024(H5N1)	2104	3400
PB2|PP755596.1|A/cattle/Texas/24-008749-003/2024(H5N1)	2105	3395
PB2|PP755596.1|A/cattle/Texas/24-008749-003/2024(H5N1)	2106	3324
PB2|PP755596.1|A/cattle/Texas/24-008749-003/2024(H5N1)	2107	3347
PB2|PP755596.1|A/cattle/Texas/24-008749-003/2024(H5N1)	2108	3347
PB2|PP755596.1|A/cattle/Texas/24-008749-003/2024(H5N1)	2109	3363
PB2|PP755596.1|A/cattle/Texas/24-008749-003/2024(H5N1)	2110	3345
PB2|PP755596.1|A/cattle/Texas/24-008749-003/2024(H5N1)	2111	3345
PB2|PP755596.1|A/cattle/Texas/24-008749-003/2024(H5N1)	2112	3329
PB2|PP755596.1|A/cattle/Texas/24-008749-003/2024(H5N1)	2113	3335
PB2|PP755596.1|A/cattle/Texas/24-008749-003/2024(H5N1)	2114	3564
PB2|PP755596.1|A/cattle/Texas/24-008749-003/2024(H5N1)	2115	3517
PB2|PP755596.1|A/cattle/Texas/24-008749-003/2024(H5N1)	2116	3480
PB2|PP755596.1|A/cattle/Texas/24-008749-003/2024(H5N1)	2117	3469
PB2|PP755596.1|A/cattle/Texas/24-008749-003/2024(H5N1)	2118	3371
PB2|PP755596.1|A/cattle/Texas/24-008749-003/2024(H5N1)	2119	3418
PB2|PP755596.1|A/cattle/Texas/24-008749-003/2024(H5N1)	2120	3393
PB2|PP755596.1|A/cattle/Texas/24-008749-003/2024(H5N1)	2121	3417
PB2|PP755596.1|A/cattle/Texas/24-008749-003/2024(H5N1)	2122	3393
PB2|PP755596.1|A/cattle/Texas/24-008749-003/2024(H5N1)	2123	3034
PB2|PP755596.1|A/cattle/Texas/24-008749-003/2024(H5N1)	2124	3060
PB2|PP755596.1|A/cattle/Texas/24-008749-003/2024(H5N1)	2125	3056
PB2|PP755596.1|A/cattle/Texas/24-008749-003/2024(H5N1)	2126	3073
PB2|PP755596.1|A/cattle/Texas/24-008749-003/2024(H5N1)	2127	3097
PB2|PP755596.1|A/cattle/Texas/24-008749-003/2024(H5N1)	2128	3066
PB2|PP755596.1|A/cattle/Texas/24-008749-003/2024(H5N1)	2129	3124
PB2|PP755596.1|A/cattle/Texas/24-008749-003/2024(H5N1)	2130	3132
PB2|PP755596.1|A/cattle/Texas/24-008749-003/2024(H5N1)	2131	3138
PB2|PP755596.1|A/cattle/Texas/24-008749-003/2024(H5N1)	2132	3132
PB2|PP755596.1|A/cattle/Texas/24-008749-003/2024(H5N1)	2133	3122
PB2|PP755596.1|A/cattle/Texas/24-008749-003/2024(H5N1)	2134	3125
PB2|PP755596.1|A/cattle/Texas/24-008749-003/2024(H5N1)	2135	3084
PB2|PP755596.1|A/cattle/Texas/24-008749-003/2024(H5N1)	2136	3071
PB2|PP755596.1|A/cattle/Texas/24-008749-003/2024(H5N1)	2137	3065
PB2|PP755596.1|A/cattle/Texas/24-008749-003/2024(H5N1)	2138	3257
PB2|PP755596.1|A/cattle/Texas/24-008749-003/2024(H5N1)	2139	3274
PB2|PP755596.1|A/cattle/Texas/24-008749-003/2024(H5N1)	2140	3277
PB2|PP755596.1|A/cattle/Texas/24-008749-003/2024(H5N1)	2141	3277
PB2|PP755596.1|A/cattle/Texas/24-008749-003/2024(H5N1)	2142	3217
PB2|PP755596.1|A/cattle/Texas/24-008749-003/2024(H5N1)	2143	3199
PB2|PP755596.1|A/cattle/Texas/24-008749-003/2024(H5N1)	2144	3212
PB2|PP755596.1|A/cattle/Texas/24-008749-003/2024(H5N1)	2145	3188
PB2|PP755596.1|A/cattle/Texas/24-008749-003/2024(H5N1)	2146	3177
PB2|PP755596.1|A/cattle/Texas/24-008749-003/2024(H5N1)	2147	3180
PB2|PP755596.1|A/cattle/Texas/24-008749-003/2024(H5N1)	2148	3166
PB2|PP755596.1|A/cattle/Texas/24-008749-003/2024(H5N1)	2149	3211
PB2|PP755596.1|A/cattle/Texas/24-008749-003/2024(H5N1)	2150	3127
PB2|PP755596.1|A/cattle/Texas/24-008749-003/2024(H5N1)	2151	3120
PB2|PP755596.1|A/cattle/Texas/24-008749-003/2024(H5N1)	2152	3085
PB2|PP755596.1|A/cattle/Texas/24-008749-003/2024(H5N1)	2153	3069
PB2|PP755596.1|A/cattle/Texas/24-008749-003/2024(H5N1)	2154	3076
PB2|PP755596.1|A/cattle/Texas/24-008749-003/2024(H5N1)	2155	3102
PB2|PP755596.1|A/cattle/Texas/24-008749-003/2024(H5N1)	2156	3106
PB2|PP755596.1|A/cattle/Texas/24-008749-003/2024(H5N1)	2157	3069
PB2|PP755596.1|A/cattle/Texas/24-008749-003/2024(H5N1)	2158	3077
PB2|PP755596.1|A/cattle/Texas/24-008749-003/2024(H5N1)	2159	3077
PB2|PP755596.1|A/cattle/Texas/24-008749-003/2024(H5N1)	2160	3081
PB2|PP755596.1|A/cattle/Texas/24-008749-003/2024(H5N1)	2161	3123
PB2|PP755596.1|A/cattle/Texas/24-008749-003/2024(H5N1)	2162	3111
PB2|PP755596.1|A/cattle/Texas/24-008749-003/2024(H5N1)	2163	3116
PB2|PP755596.1|A/cattle/Texas/24-008749-003/2024(H5N1)	2164	3550
PB2|PP755596.1|A/cattle/Texas/24-008749-003/2024(H5N1)	2165	3559
PB2|PP755596.1|A/cattle/Texas/24-008749-003/2024(H5N1)	2166	3569
PB2|PP755596.1|A/cattle/Texas/24-008749-003/2024(H5N1)	2167	3560
PB2|PP755596.1|A/cattle/Texas/24-008749-003/2024(H5N1)	2168	3599
PB2|PP755596.1|A/cattle/Texas/24-008749-003/2024(H5N1)	2169	3600
PB2|PP755596.1|A/cattle/Texas/24-008749-003/2024(H5N1)	2170	3617
PB2|PP755596.1|A/cattle/Texas/24-008749-003/2024(H5N1)	2171	3558
PB2|PP755596.1|A/cattle/Texas/24-008749-003/2024(H5N1)	2172	3547
PB2|PP755596.1|A/cattle/Texas/24-008749-003/2024(H5N1)	2173	3540
PB2|PP755596.1|A/cattle/Texas/24-008749-003/2024(H5N1)	2174	3532
PB2|PP755596.1|A/cattle/Texas/24-008749-003/2024(H5N1)	2175	3549
PB2|PP755596.1|A/cattle/Texas/24-008749-003/2024(H5N1)	2176	3536
PB2|PP755596.1|A/cattle/Texas/24-008749-003/2024(H5N1)	2177	3533
PB2|PP755596.1|A/cattle/Texas/24-008749-003/2024(H5N1)	2178	3527
PB2|PP755596.1|A/cattle/Texas/24-008749-003/2024(H5N1)	2179	3510
PB2|PP755596.1|A/cattle/Texas/24-008749-003/2024(H5N1)	2180	3507
PB2|PP755596.1|A/cattle/Texas/24-008749-003/2024(H5N1)	2181	3508
PB2|PP755596.1|A/cattle/Texas/24-008749-003/2024(H5N1)	2182	3491
PB2|PP755596.1|A/cattle/Texas/24-008749-003/2024(H5N1)	2183	3491
PB2|PP755596.1|A/cattle/Texas/24-008749-003/2024(H5N1)	2184	3457
PB2|PP755596.1|A/cattle/Texas/24-008749-003/2024(H5N1)	2185	3456
PB2|PP755596.1|A/cattle/Texas/24-008749-003/2024(H5N1)	2186	3461
PB2|PP755596.1|A/cattle/Texas/24-008749-003/2024(H5N1)	2187	3458
PB2|PP755596.1|A/cattle/Texas/24-008749-003/2024(H5N1)	2188	3436
PB2|PP755596.1|A/cattle/Texas/24-008749-003/2024(H5N1)	2189	3391
PB2|PP755596.1|A/cattle/Texas/24-008749-003/2024(H5N1)	2190	3389
PB2|PP755596.1|A/cattle/Texas/24-008749-003/2024(H5N1)	2191	3391
PB2|PP755596.1|A/cattle/Texas/24-008749-003/2024(H5N1)	2192	3391
PB2|PP755596.1|A/cattle/Texas/24-008749-003/2024(H5N1)	2193	3389
PB2|PP755596.1|A/cattle/Texas/24-008749-003/2024(H5N1)	2194	3393
PB2|PP755596.1|A/cattle/Texas/24-008749-003/2024(H5N1)	2195	3338
PB2|PP755596.1|A/cattle/Texas/24-008749-003/2024(H5N1)	2196	3339
PB2|PP755596.1|A/cattle/Texas/24-008749-003/2024(H5N1)	2197	3275
PB2|PP755596.1|A/cattle/Texas/24-008749-003/2024(H5N1)	2198	3262
PB2|PP755596.1|A/cattle/Texas/24-008749-003/2024(H5N1)	2199	3223
PB2|PP755596.1|A/cattle/Texas/24-008749-003/2024(H5N1)	2200	3222
PB2|PP755596.1|A/cattle/Texas/24-008749-003/2024(H5N1)	2201	3156
PB2|PP755596.1|A/cattle/Texas/24-008749-003/2024(H5N1)	2202	3130
PB2|PP755596.1|A/cattle/Texas/24-008749-003/2024(H5N1)	2203	3072
PB2|PP755596.1|A/cattle/Texas/24-008749-003/2024(H5N1)	2204	3012
PB2|PP755596.1|A/cattle/Texas/24-008749-003/2024(H5N1)	2205	2997
PB2|PP755596.1|A/cattle/Texas/24-008749-003/2024(H5N1)	2206	2991
PB2|PP755596.1|A/cattle/Texas/24-008749-003/2024(H5N1)	2207	2980
PB2|PP755596.1|A/cattle/Texas/24-008749-003/2024(H5N1)	2208	2978
PB2|PP755596.1|A/cattle/Texas/24-008749-003/2024(H5N1)	2209	2968
PB2|PP755596.1|A/cattle/Texas/24-008749-003/2024(H5N1)	2210	2964
PB2|PP755596.1|A/cattle/Texas/24-008749-003/2024(H5N1)	2211	2954
PB2|PP755596.1|A/cattle/Texas/24-008749-003/2024(H5N1)	2212	2946
PB2|PP755596.1|A/cattle/Texas/24-008749-003/2024(H5N1)	2213	2944
PB2|PP755596.1|A/cattle/Texas/24-008749-003/2024(H5N1)	2214	2923
PB2|PP755596.1|A/cattle/Texas/24-008749-003/2024(H5N1)	2215	2910
PB2|PP755596.1|A/cattle/Texas/24-008749-003/2024(H5N1)	2216	2908
PB2|PP755596.1|A/cattle/Texas/24-008749-003/2024(H5N1)	2217	2908
PB2|PP755596.1|A/cattle/Texas/24-008749-003/2024(H5N1)	2218	2906
PB2|PP755596.1|A/cattle/Texas/24-008749-003/2024(H5N1)	2219	2857
PB2|PP755596.1|A/cattle/Texas/24-008749-003/2024(H5N1)	2220	2854
PB2|PP755596.1|A/cattle/Texas/24-008749-003/2024(H5N1)	2221	2830
PB2|PP755596.1|A/cattle/Texas/24-008749-003/2024(H5N1)	2222	2842
PB2|PP755596.1|A/cattle/Texas/24-008749-003/2024(H5N1)	2223	2842
PB2|PP755596.1|A/cattle/Texas/24-008749-003/2024(H5N1)	2224	2846
PB2|PP755596.1|A/cattle/Texas/24-008749-003/2024(H5N1)	2225	2847
PB2|PP755596.1|A/cattle/Texas/24-008749-003/2024(H5N1)	2226	2804
PB2|PP755596.1|A/cattle/Texas/24-008749-003/2024(H5N1)	2227	2802
PB2|PP755596.1|A/cattle/Texas/24-008749-003/2024(H5N1)	2228	2788
PB2|PP755596.1|A/cattle/Texas/24-008749-003/2024(H5N1)	2229	2746
PB2|PP755596.1|A/cattle/Texas/24-008749-003/2024(H5N1)	2230	2742
PB2|PP755596.1|A/cattle/Texas/24-008749-003/2024(H5N1)	2231	2466
PB2|PP755596.1|A/cattle/Texas/24-008749-003/2024(H5N1)	2232	2458
PB2|PP755596.1|A/cattle/Texas/24-008749-003/2024(H5N1)	2233	2428
PB2|PP755596.1|A/cattle/Texas/24-008749-003/2024(H5N1)	2234	2428
PB2|PP755596.1|A/cattle/Texas/24-008749-003/2024(H5N1)	2235	2419
PB2|PP755596.1|A/cattle/Texas/24-008749-003/2024(H5N1)	2236	2419
PB2|PP755596.1|A/cattle/Texas/24-008749-003/2024(H5N1)	2237	2383
PB2|PP755596.1|A/cattle/Texas/24-008749-003/2024(H5N1)	2238	2387
PB2|PP755596.1|A/cattle/Texas/24-008749-003/2024(H5N1)	2239	2263
PB2|PP755596.1|A/cattle/Texas/24-008749-003/2024(H5N1)	2240	2265
PB2|PP755596.1|A/cattle/Texas/24-008749-003/2024(H5N1)	2241	2261
PB2|PP755596.1|A/cattle/Texas/24-008749-003/2024(H5N1)	2242	2256
PB2|PP755596.1|A/cattle/Texas/24-008749-003/2024(H5N1)	2243	2248
PB2|PP755596.1|A/cattle/Texas/24-008749-003/2024(H5N1)	2244	2248
PB2|PP755596.1|A/cattle/Texas/24-008749-003/2024(H5N1)	2245	2244
PB2|PP755596.1|A/cattle/Texas/24-008749-003/2024(H5N1)	2246	2234
PB2|PP755596.1|A/cattle/Texas/24-008749-003/2024(H5N1)	2247	2136
PB2|PP755596.1|A/cattle/Texas/24-008749-003/2024(H5N1)	2248	2135
PB2|PP755596.1|A/cattle/Texas/24-008749-003/2024(H5N1)	2249	2037
PB2|PP755596.1|A/cattle/Texas/24-008749-003/2024(H5N1)	2250	2037
PB2|PP755596.1|A/cattle/Texas/24-008749-003/2024(H5N1)	2251	2025
PB2|PP755596.1|A/cattle/Texas/24-008749-003/2024(H5N1)	2252	2011
PB2|PP755596.1|A/cattle/Texas/24-008749-003/2024(H5N1)	2253	1997
PB2|PP755596.1|A/cattle/Texas/24-008749-003/2024(H5N1)	2254	1993
PB2|PP755596.1|A/cattle/Texas/24-008749-003/2024(H5N1)	2255	1991
PB2|PP755596.1|A/cattle/Texas/24-008749-003/2024(H5N1)	2256	1991
PB2|PP755596.1|A/cattle/Texas/24-008749-003/2024(H5N1)	2257	1983
PB2|PP755596.1|A/cattle/Texas/24-008749-003/2024(H5N1)	2258	1959
PB2|PP755596.1|A/cattle/Texas/24-008749-003/2024(H5N1)	2259	1930
PB2|PP755596.1|A/cattle/Texas/24-008749-003/2024(H5N1)	2260	1915
PB2|PP755596.1|A/cattle/Texas/24-008749-003/2024(H5N1)	2261	1915
PB2|PP755596.1|A/cattle/Texas/24-008749-003/2024(H5N1)	2262	1914
PB2|PP755596.1|A/cattle/Texas/24-008749-003/2024(H5N1)	2263	1911
PB2|PP755596.1|A/cattle/Texas/24-008749-003/2024(H5N1)	2264	1893
PB2|PP755596.1|A/cattle/Texas/24-008749-003/2024(H5N1)	2265	1726
PB2|PP755596.1|A/cattle/Texas/24-008749-003/2024(H5N1)	2266	1725
PB2|PP755596.1|A/cattle/Texas/24-008749-003/2024(H5N1)	2267	1710
PB2|PP755596.1|A/cattle/Texas/24-008749-003/2024(H5N1)	2268	1709
PB2|PP755596.1|A/cattle/Texas/24-008749-003/2024(H5N1)	2269	1702
PB2|PP755596.1|A/cattle/Texas/24-008749-003/2024(H5N1)	2270	1663
PB2|PP755596.1|A/cattle/Texas/24-008749-003/2024(H5N1)	2271	1661
PB2|PP755596.1|A/cattle/Texas/24-008749-003/2024(H5N1)	2272	1657
PB2|PP755596.1|A/cattle/Texas/24-008749-003/2024(H5N1)	2273	1655
PB2|PP755596.1|A/cattle/Texas/24-008749-003/2024(H5N1)	2274	1632
PB2|PP755596.1|A/cattle/Texas/24-008749-003/2024(H5N1)	2275	1632
PB2|PP755596.1|A/cattle/Texas/24-008749-003/2024(H5N1)	2276	1627
PB2|PP755596.1|A/cattle/Texas/24-008749-003/2024(H5N1)	2277	1601
PB2|PP755596.1|A/cattle/Texas/24-008749-003/2024(H5N1)	2278	1575
PB2|PP755596.1|A/cattle/Texas/24-008749-003/2024(H5N1)	2279	1503
PB2|PP755596.1|A/cattle/Texas/24-008749-003/2024(H5N1)	2280	1458
