MP|PP755590.1|A/cattle/Texas/24-008749-003/2024(H5N1)	1	14782
MP|PP755590.1|A/cattle/Texas/24-008749-003/2024(H5N1)	2	14912
MP|PP755590.1|A/cattle/Texas/24-008749-003/2024(H5N1)	3	14978
MP|PP755590.1|A/cattle/Texas/24-008749-003/2024(H5N1)	4	15025
MP|PP755590.1|A/cattle/Texas/24-008749-003/2024(H5N1)	5	15911
MP|PP755590.1|A/cattle/Texas/24-008749-003/2024(H5N1)	6	16535
MP|PP755590.1|A/cattle/Texas/24-008749-003/2024(H5N1)	7	17953
MP|PP755590.1|A/cattle/Texas/24-008749-003/2024(H5N1)	8	18553
MP|PP755590.1|A/cattle/Texas/24-008749-003/2024(H5N1)	9	18773
MP|PP755590.1|A/cattle/Texas/24-008749-003/2024(H5N1)	10	18807
MP|PP755590.1|A/cattle/Texas/24-008749-003/2024(H5N1)	11	18954
MP|PP755590.1|A/cattle/Texas/24-008749-003/2024(H5N1)	12	19140
MP|PP755590.1|A/cattle/Texas/24-008749-003/2024(H5N1)	13	19343
MP|PP755590.1|A/cattle/Texas/24-008749-003/2024(H5N1)	14	19353
MP|PP755590.1|A/cattle/Texas/24-008749-003/2024(H5N1)	15	19354
MP|PP755590.1|A/cattle/Texas/24-008749-003/2024(H5N1)	16	19362
MP|PP755590.1|A/cattle/Texas/24-008749-003/2024(H5N1)	17	19475
MP|PP755590.1|A/cattle/Texas/24-008749-003/2024(H5N1)	18	19633
MP|PP755590.1|A/cattle/Texas/24-008749-003/2024(H5N1)	19	20651
MP|PP755590.1|A/cattle/Texas/24-008749-003/2024(H5N1)	20	20668
MP|PP755590.1|A/cattle/Texas/24-008749-003/2024(H5N1)	21	20692
MP|PP755590.1|A/cattle/Texas/24-008749-003/2024(H5N1)	22	20703
MP|PP755590.1|A/cattle/Texas/24-008749-003/2024(H5N1)	23	21329
MP|PP755590.1|A/cattle/Texas/24-008749-003/2024(H5N1)	24	21399
MP|PP755590.1|A/cattle/Texas/24-008749-003/2024(H5N1)	25	21484
MP|PP755590.1|A/cattle/Texas/24-008749-003/2024(H5N1)	26	22184
MP|PP755590.1|A/cattle/Texas/24-008749-003/2024(H5N1)	27	22267
MP|PP755590.1|A/cattle/Texas/24-008749-003/2024(H5N1)	28	22362
MP|PP755590.1|A/cattle/Texas/24-008749-003/2024(H5N1)	29	22394
MP|PP755590.1|A/cattle/Texas/24-008749-003/2024(H5N1)	30	22570
MP|PP755590.1|A/cattle/Texas/24-008749-003/2024(H5N1)	31	22721
MP|PP755590.1|A/cattle/Texas/24-008749-003/2024(H5N1)	32	22794
MP|PP755590.1|A/cattle/Texas/24-008749-003/2024(H5N1)	33	23461
MP|PP755590.1|A/cattle/Texas/24-008749-003/2024(H5N1)	34	23952
MP|PP755590.1|A/cattle/Texas/24-008749-003/2024(H5N1)	35	23960
MP|PP755590.1|A/cattle/Texas/24-008749-003/2024(H5N1)	36	24861
MP|PP755590.1|A/cattle/Texas/24-008749-003/2024(H5N1)	37	24865
MP|PP755590.1|A/cattle/Texas/24-008749-003/2024(H5N1)	38	25884
MP|PP755590.1|A/cattle/Texas/24-008749-003/2024(H5N1)	39	25928
MP|PP755590.1|A/cattle/Texas/24-008749-003/2024(H5N1)	40	26132
MP|PP755590.1|A/cattle/Texas/24-008749-003/2024(H5N1)	41	26134
MP|PP755590.1|A/cattle/Texas/24-008749-003/2024(H5N1)	42	26138
MP|PP755590.1|A/cattle/Texas/24-008749-003/2024(H5N1)	43	26242
MP|PP755590.1|A/cattle/Texas/24-008749-003/2024(H5N1)	44	26254
MP|PP755590.1|A/cattle/Texas/24-008749-003/2024(H5N1)	45	26360
MP|PP755590.1|A/cattle/Texas/24-008749-003/2024(H5N1)	46	26564
MP|PP755590.1|A/cattle/Texas/24-008749-003/2024(H5N1)	47	26814
MP|PP755590.1|A/cattle/Texas/24-008749-003/2024(H5N1)	48	26975
MP|PP755590.1|A/cattle/Texas/24-008749-003/2024(H5N1)	49	27011
MP|PP755590.1|A/cattle/Texas/24-008749-003/2024(H5N1)	50	27120
MP|PP755590.1|A/cattle/Texas/24-008749-003/2024(H5N1)	51	27131
MP|PP755590.1|A/cattle/Texas/24-008749-003/2024(H5N1)	52	27435
MP|PP755590.1|A/cattle/Texas/24-008749-003/2024(H5N1)	53	28174
MP|PP755590.1|A/cattle/Texas/24-008749-003/2024(H5N1)	54	28197
MP|PP755590.1|A/cattle/Texas/24-008749-003/2024(H5N1)	55	28220
MP|PP755590.1|A/cattle/Texas/24-008749-003/2024(H5N1)	56	28654
MP|PP755590.1|A/cattle/Texas/24-008749-003/2024(H5N1)	57	30600
MP|PP755590.1|A/cattle/Texas/24-008749-003/2024(H5N1)	58	30643
MP|PP755590.1|A/cattle/Texas/24-008749-003/2024(H5N1)	59	30818
MP|PP755590.1|A/cattle/Texas/24-008749-003/2024(H5N1)	60	30839
MP|PP755590.1|A/cattle/Texas/24-008749-003/2024(H5N1)	61	31097
MP|PP755590.1|A/cattle/Texas/24-008749-003/2024(H5N1)	62	31153
MP|PP755590.1|A/cattle/Texas/24-008749-003/2024(H5N1)	63	31526
MP|PP755590.1|A/cattle/Texas/24-008749-003/2024(H5N1)	64	31625
MP|PP755590.1|A/cattle/Texas/24-008749-003/2024(H5N1)	65	31837
MP|PP755590.1|A/cattle/Texas/24-008749-003/2024(H5N1)	66	31530
MP|PP755590.1|A/cattle/Texas/24-008749-003/2024(H5N1)	67	31519
MP|PP755590.1|A/cattle/Texas/24-008749-003/2024(H5N1)	68	31626
MP|PP755590.1|A/cattle/Texas/24-008749-003/2024(H5N1)	69	31651
MP|PP755590.1|A/cattle/Texas/24-008749-003/2024(H5N1)	70	32626
MP|PP755590.1|A/cattle/Texas/24-008749-003/2024(H5N1)	71	32633
MP|PP755590.1|A/cattle/Texas/24-008749-003/2024(H5N1)	72	32579
MP|PP755590.1|A/cattle/Texas/24-008749-003/2024(H5N1)	73	32830
MP|PP755590.1|A/cattle/Texas/24-008749-003/2024(H5N1)	74	33086
MP|PP755590.1|A/cattle/Texas/24-008749-003/2024(H5N1)	75	33097
MP|PP755590.1|A/cattle/Texas/24-008749-003/2024(H5N1)	76	33628
MP|PP755590.1|A/cattle/Texas/24-008749-003/2024(H5N1)	77	33597
MP|PP755590.1|A/cattle/Texas/24-008749-003/2024(H5N1)	78	33723
MP|PP755590.1|A/cattle/Texas/24-008749-003/2024(H5N1)	79	34657
MP|PP755590.1|A/cattle/Texas/24-008749-003/2024(H5N1)	80	36754
MP|PP755590.1|A/cattle/Texas/24-008749-003/2024(H5N1)	81	36893
MP|PP755590.1|A/cattle/Texas/24-008749-003/2024(H5N1)	82	37168
MP|PP755590.1|A/cattle/Texas/24-008749-003/2024(H5N1)	83	37682
MP|PP755590.1|A/cattle/Texas/24-008749-003/2024(H5N1)	84	37913
MP|PP755590.1|A/cattle/Texas/24-008749-003/2024(H5N1)	85	38329
MP|PP755590.1|A/cattle/Texas/24-008749-003/2024(H5N1)	86	38416
MP|PP755590.1|A/cattle/Texas/24-008749-003/2024(H5N1)	87	38404
MP|PP755590.1|A/cattle/Texas/24-008749-003/2024(H5N1)	88	38406
MP|PP755590.1|A/cattle/Texas/24-008749-003/2024(H5N1)	89	37785
MP|PP755590.1|A/cattle/Texas/24-008749-003/2024(H5N1)	90	37794
MP|PP755590.1|A/cattle/Texas/24-008749-003/2024(H5N1)	91	37835
MP|PP755590.1|A/cattle/Texas/24-008749-003/2024(H5N1)	92	37935
MP|PP755590.1|A/cattle/Texas/24-008749-003/2024(H5N1)	93	37961
MP|PP755590.1|A/cattle/Texas/24-008749-003/2024(H5N1)	94	37798
MP|PP755590.1|A/cattle/Texas/24-008749-003/2024(H5N1)	95	37849
MP|PP755590.1|A/cattle/Texas/24-008749-003/2024(H5N1)	96	38350
MP|PP755590.1|A/cattle/Texas/24-008749-003/2024(H5N1)	97	38420
MP|PP755590.1|A/cattle/Texas/24-008749-003/2024(H5N1)	98	38399
MP|PP755590.1|A/cattle/Texas/24-008749-003/2024(H5N1)	99	38339
MP|PP755590.1|A/cattle/Texas/24-008749-003/2024(H5N1)	100	38666
MP|PP755590.1|A/cattle/Texas/24-008749-003/2024(H5N1)	101	38698
MP|PP755590.1|A/cattle/Texas/24-008749-003/2024(H5N1)	102	39446
MP|PP755590.1|A/cattle/Texas/24-008749-003/2024(H5N1)	103	39550
MP|PP755590.1|A/cattle/Texas/24-008749-003/2024(H5N1)	104	39575
MP|PP755590.1|A/cattle/Texas/24-008749-003/2024(H5N1)	105	39845
MP|PP755590.1|A/cattle/Texas/24-008749-003/2024(H5N1)	106	39974
MP|PP755590.1|A/cattle/Texas/24-008749-003/2024(H5N1)	107	40081
MP|PP755590.1|A/cattle/Texas/24-008749-003/2024(H5N1)	108	40244
MP|PP755590.1|A/cattle/Texas/24-008749-003/2024(H5N1)	109	40088
MP|PP755590.1|A/cattle/Texas/24-008749-003/2024(H5N1)	110	40349
MP|PP755590.1|A/cattle/Texas/24-008749-003/2024(H5N1)	111	39863
MP|PP755590.1|A/cattle/Texas/24-008749-003/2024(H5N1)	112	39903
MP|PP755590.1|A/cattle/Texas/24-008749-003/2024(H5N1)	113	40817
MP|PP755590.1|A/cattle/Texas/24-008749-003/2024(H5N1)	114	40800
MP|PP755590.1|A/cattle/Texas/24-008749-003/2024(H5N1)	115	41076
MP|PP755590.1|A/cattle/Texas/24-008749-003/2024(H5N1)	116	41033
MP|PP755590.1|A/cattle/Texas/24-008749-003/2024(H5N1)	117	40937
MP|PP755590.1|A/cattle/Texas/24-008749-003/2024(H5N1)	118	40943
MP|PP755590.1|A/cattle/Texas/24-008749-003/2024(H5N1)	119	40945
MP|PP755590.1|A/cattle/Texas/24-008749-003/2024(H5N1)	120	41040
MP|PP755590.1|A/cattle/Texas/24-008749-003/2024(H5N1)	121	41119
MP|PP755590.1|A/cattle/Texas/24-008749-003/2024(H5N1)	122	40605
MP|PP755590.1|A/cattle/Texas/24-008749-003/2024(H5N1)	123	40737
MP|PP755590.1|A/cattle/Texas/24-008749-003/2024(H5N1)	124	38422
MP|PP755590.1|A/cattle/Texas/24-008749-003/2024(H5N1)	125	38727
MP|PP755590.1|A/cattle/Texas/24-008749-003/2024(H5N1)	126	37923
MP|PP755590.1|A/cattle/Texas/24-008749-003/2024(H5N1)	127	37892
MP|PP755590.1|A/cattle/Texas/24-008749-003/2024(H5N1)	128	37079
MP|PP755590.1|A/cattle/Texas/24-008749-003/2024(H5N1)	129	37035
MP|PP755590.1|A/cattle/Texas/24-008749-003/2024(H5N1)	130	37013
MP|PP755590.1|A/cattle/Texas/24-008749-003/2024(H5N1)	131	36850
MP|PP755590.1|A/cattle/Texas/24-008749-003/2024(H5N1)	132	38018
MP|PP755590.1|A/cattle/Texas/24-008749-003/2024(H5N1)	133	36569
MP|PP755590.1|A/cattle/Texas/24-008749-003/2024(H5N1)	134	37275
MP|PP755590.1|A/cattle/Texas/24-008749-003/2024(H5N1)	135	37885
MP|PP755590.1|A/cattle/Texas/24-008749-003/2024(H5N1)	136	37074
MP|PP755590.1|A/cattle/Texas/24-008749-003/2024(H5N1)	137	37927
MP|PP755590.1|A/cattle/Texas/24-008749-003/2024(H5N1)	138	37940
MP|PP755590.1|A/cattle/Texas/24-008749-003/2024(H5N1)	139	37898
MP|PP755590.1|A/cattle/Texas/24-008749-003/2024(H5N1)	140	38762
MP|PP755590.1|A/cattle/Texas/24-008749-003/2024(H5N1)	141	39037
MP|PP755590.1|A/cattle/Texas/24-008749-003/2024(H5N1)	142	39467
MP|PP755590.1|A/cattle/Texas/24-008749-003/2024(H5N1)	143	38936
MP|PP755590.1|A/cattle/Texas/24-008749-003/2024(H5N1)	144	37969
MP|PP755590.1|A/cattle/Texas/24-008749-003/2024(H5N1)	145	38025
MP|PP755590.1|A/cattle/Texas/24-008749-003/2024(H5N1)	146	39251
MP|PP755590.1|A/cattle/Texas/24-008749-003/2024(H5N1)	147	39847
MP|PP755590.1|A/cattle/Texas/24-008749-003/2024(H5N1)	148	39838
MP|PP755590.1|A/cattle/Texas/24-008749-003/2024(H5N1)	149	39182
MP|PP755590.1|A/cattle/Texas/24-008749-003/2024(H5N1)	150	39019
MP|PP755590.1|A/cattle/Texas/24-008749-003/2024(H5N1)	151	39216
MP|PP755590.1|A/cattle/Texas/24-008749-003/2024(H5N1)	152	39265
MP|PP755590.1|A/cattle/Texas/24-008749-003/2024(H5N1)	153	39786
MP|PP755590.1|A/cattle/Texas/24-008749-003/2024(H5N1)	154	37933
MP|PP755590.1|A/cattle/Texas/24-008749-003/2024(H5N1)	155	38499
MP|PP755590.1|A/cattle/Texas/24-008749-003/2024(H5N1)	156	38595
MP|PP755590.1|A/cattle/Texas/24-008749-003/2024(H5N1)	157	38562
MP|PP755590.1|A/cattle/Texas/24-008749-003/2024(H5N1)	158	38551
MP|PP755590.1|A/cattle/Texas/24-008749-003/2024(H5N1)	159	38566
MP|PP755590.1|A/cattle/Texas/24-008749-003/2024(H5N1)	160	39649
MP|PP755590.1|A/cattle/Texas/24-008749-003/2024(H5N1)	161	39480
MP|PP755590.1|A/cattle/Texas/24-008749-003/2024(H5N1)	162	39496
MP|PP755590.1|A/cattle/Texas/24-008749-003/2024(H5N1)	163	39492
MP|PP755590.1|A/cattle/Texas/24-008749-003/2024(H5N1)	164	39358
MP|PP755590.1|A/cattle/Texas/24-008749-003/2024(H5N1)	165	39948
MP|PP755590.1|A/cattle/Texas/24-008749-003/2024(H5N1)	166	39988
MP|PP755590.1|A/cattle/Texas/24-008749-003/2024(H5N1)	167	39859
MP|PP755590.1|A/cattle/Texas/24-008749-003/2024(H5N1)	168	39840
MP|PP755590.1|A/cattle/Texas/24-008749-003/2024(H5N1)	169	38740
MP|PP755590.1|A/cattle/Texas/24-008749-003/2024(H5N1)	170	38496
MP|PP755590.1|A/cattle/Texas/24-008749-003/2024(H5N1)	171	38537
MP|PP755590.1|A/cattle/Texas/24-008749-003/2024(H5N1)	172	38581
MP|PP755590.1|A/cattle/Texas/24-008749-003/2024(H5N1)	173	38647
MP|PP755590.1|A/cattle/Texas/24-008749-003/2024(H5N1)	174	38303
MP|PP755590.1|A/cattle/Texas/24-008749-003/2024(H5N1)	175	38803
MP|PP755590.1|A/cattle/Texas/24-008749-003/2024(H5N1)	176	38750
MP|PP755590.1|A/cattle/Texas/24-008749-003/2024(H5N1)	177	38491
MP|PP755590.1|A/cattle/Texas/24-008749-003/2024(H5N1)	178	38465
MP|PP755590.1|A/cattle/Texas/24-008749-003/2024(H5N1)	179	38421
MP|PP755590.1|A/cattle/Texas/24-008749-003/2024(H5N1)	180	38403
MP|PP755590.1|A/cattle/Texas/24-008749-003/2024(H5N1)	181	38557
MP|PP755590.1|A/cattle/Texas/24-008749-003/2024(H5N1)	182	38634
MP|PP755590.1|A/cattle/Texas/24-008749-003/2024(H5N1)	183	38641
MP|PP755590.1|A/cattle/Texas/24-008749-003/2024(H5N1)	184	38167
MP|PP755590.1|A/cattle/Texas/24-008749-003/2024(H5N1)	185	37966
MP|PP755590.1|A/cattle/Texas/24-008749-003/2024(H5N1)	186	37941
MP|PP755590.1|A/cattle/Texas/24-008749-003/2024(H5N1)	187	37765
MP|PP755590.1|A/cattle/Texas/24-008749-003/2024(H5N1)	188	37776
MP|PP755590.1|A/cattle/Texas/24-008749-003/2024(H5N1)	189	37120
MP|PP755590.1|A/cattle/Texas/24-008749-003/2024(H5N1)	190	37644
MP|PP755590.1|A/cattle/Texas/24-008749-003/2024(H5N1)	191	37837
MP|PP755590.1|A/cattle/Texas/24-008749-003/2024(H5N1)	192	37989
MP|PP755590.1|A/cattle/Texas/24-008749-003/2024(H5N1)	193	37986
MP|PP755590.1|A/cattle/Texas/24-008749-003/2024(H5N1)	194	39070
MP|PP755590.1|A/cattle/Texas/24-008749-003/2024(H5N1)	195	39071
MP|PP755590.1|A/cattle/Texas/24-008749-003/2024(H5N1)	196	38609
MP|PP755590.1|A/cattle/Texas/24-008749-003/2024(H5N1)	197	38380
MP|PP755590.1|A/cattle/Texas/24-008749-003/2024(H5N1)	198	39274
MP|PP755590.1|A/cattle/Texas/24-008749-003/2024(H5N1)	199	39568
MP|PP755590.1|A/cattle/Texas/24-008749-003/2024(H5N1)	200	40297
MP|PP755590.1|A/cattle/Texas/24-008749-003/2024(H5N1)	201	40318
MP|PP755590.1|A/cattle/Texas/24-008749-003/2024(H5N1)	202	40358
MP|PP755590.1|A/cattle/Texas/24-008749-003/2024(H5N1)	203	39446
MP|PP755590.1|A/cattle/Texas/24-008749-003/2024(H5N1)	204	39486
MP|PP755590.1|A/cattle/Texas/24-008749-003/2024(H5N1)	205	39768
MP|PP755590.1|A/cattle/Texas/24-008749-003/2024(H5N1)	206	39711
MP|PP755590.1|A/cattle/Texas/24-008749-003/2024(H5N1)	207	38201
MP|PP755590.1|A/cattle/Texas/24-008749-003/2024(H5N1)	208	37740
MP|PP755590.1|A/cattle/Texas/24-008749-003/2024(H5N1)	209	38078
MP|PP755590.1|A/cattle/Texas/24-008749-003/2024(H5N1)	210	39008
MP|PP755590.1|A/cattle/Texas/24-008749-003/2024(H5N1)	211	39213
MP|PP755590.1|A/cattle/Texas/24-008749-003/2024(H5N1)	212	39566
MP|PP755590.1|A/cattle/Texas/24-008749-003/2024(H5N1)	213	39634
MP|PP755590.1|A/cattle/Texas/24-008749-003/2024(H5N1)	214	39766
MP|PP755590.1|A/cattle/Texas/24-008749-003/2024(H5N1)	215	39880
MP|PP755590.1|A/cattle/Texas/24-008749-003/2024(H5N1)	216	39783
MP|PP755590.1|A/cattle/Texas/24-008749-003/2024(H5N1)	217	40633
MP|PP755590.1|A/cattle/Texas/24-008749-003/2024(H5N1)	218	40797
MP|PP755590.1|A/cattle/Texas/24-008749-003/2024(H5N1)	219	40452
MP|PP755590.1|A/cattle/Texas/24-008749-003/2024(H5N1)	220	42263
MP|PP755590.1|A/cattle/Texas/24-008749-003/2024(H5N1)	221	41436
MP|PP755590.1|A/cattle/Texas/24-008749-003/2024(H5N1)	222	41540
MP|PP755590.1|A/cattle/Texas/24-008749-003/2024(H5N1)	223	41357
MP|PP755590.1|A/cattle/Texas/24-008749-003/2024(H5N1)	224	41242
MP|PP755590.1|A/cattle/Texas/24-008749-003/2024(H5N1)	225	42135
MP|PP755590.1|A/cattle/Texas/24-008749-003/2024(H5N1)	226	41806
MP|PP755590.1|A/cattle/Texas/24-008749-003/2024(H5N1)	227	41881
MP|PP755590.1|A/cattle/Texas/24-008749-003/2024(H5N1)	228	42042
MP|PP755590.1|A/cattle/Texas/24-008749-003/2024(H5N1)	229	40576
MP|PP755590.1|A/cattle/Texas/24-008749-003/2024(H5N1)	230	40590
MP|PP755590.1|A/cattle/Texas/24-008749-003/2024(H5N1)	231	39455
MP|PP755590.1|A/cattle/Texas/24-008749-003/2024(H5N1)	232	39254
MP|PP755590.1|A/cattle/Texas/24-008749-003/2024(H5N1)	233	39322
MP|PP755590.1|A/cattle/Texas/24-008749-003/2024(H5N1)	234	38401
MP|PP755590.1|A/cattle/Texas/24-008749-003/2024(H5N1)	235	38620
MP|PP755590.1|A/cattle/Texas/24-008749-003/2024(H5N1)	236	38878
MP|PP755590.1|A/cattle/Texas/24-008749-003/2024(H5N1)	237	38857
MP|PP755590.1|A/cattle/Texas/24-008749-003/2024(H5N1)	238	39693
MP|PP755590.1|A/cattle/Texas/24-008749-003/2024(H5N1)	239	40103
MP|PP755590.1|A/cattle/Texas/24-008749-003/2024(H5N1)	240	40080
MP|PP755590.1|A/cattle/Texas/24-008749-003/2024(H5N1)	241	39989
MP|PP755590.1|A/cattle/Texas/24-008749-003/2024(H5N1)	242	39831
MP|PP755590.1|A/cattle/Texas/24-008749-003/2024(H5N1)	243	40018
MP|PP755590.1|A/cattle/Texas/24-008749-003/2024(H5N1)	244	40377
MP|PP755590.1|A/cattle/Texas/24-008749-003/2024(H5N1)	245	40008
MP|PP755590.1|A/cattle/Texas/24-008749-003/2024(H5N1)	246	40916
MP|PP755590.1|A/cattle/Texas/24-008749-003/2024(H5N1)	247	40356
MP|PP755590.1|A/cattle/Texas/24-008749-003/2024(H5N1)	248	40388
MP|PP755590.1|A/cattle/Texas/24-008749-003/2024(H5N1)	249	41184
MP|PP755590.1|A/cattle/Texas/24-008749-003/2024(H5N1)	250	41246
MP|PP755590.1|A/cattle/Texas/24-008749-003/2024(H5N1)	251	41398
MP|PP755590.1|A/cattle/Texas/24-008749-003/2024(H5N1)	252	41701
MP|PP755590.1|A/cattle/Texas/24-008749-003/2024(H5N1)	253	41147
MP|PP755590.1|A/cattle/Texas/24-008749-003/2024(H5N1)	254	41638
MP|PP755590.1|A/cattle/Texas/24-008749-003/2024(H5N1)	255	41861
MP|PP755590.1|A/cattle/Texas/24-008749-003/2024(H5N1)	256	41529
MP|PP755590.1|A/cattle/Texas/24-008749-003/2024(H5N1)	257	41693
MP|PP755590.1|A/cattle/Texas/24-008749-003/2024(H5N1)	258	41697
MP|PP755590.1|A/cattle/Texas/24-008749-003/2024(H5N1)	259	42360
MP|PP755590.1|A/cattle/Texas/24-008749-003/2024(H5N1)	260	42563
MP|PP755590.1|A/cattle/Texas/24-008749-003/2024(H5N1)	261	42359
MP|PP755590.1|A/cattle/Texas/24-008749-003/2024(H5N1)	262	42392
MP|PP755590.1|A/cattle/Texas/24-008749-003/2024(H5N1)	263	42430
MP|PP755590.1|A/cattle/Texas/24-008749-003/2024(H5N1)	264	41751
MP|PP755590.1|A/cattle/Texas/24-008749-003/2024(H5N1)	265	41954
MP|PP755590.1|A/cattle/Texas/24-008749-003/2024(H5N1)	266	41871
MP|PP755590.1|A/cattle/Texas/24-008749-003/2024(H5N1)	267	42387
MP|PP755590.1|A/cattle/Texas/24-008749-003/2024(H5N1)	268	42393
MP|PP755590.1|A/cattle/Texas/24-008749-003/2024(H5N1)	269	42333
MP|PP755590.1|A/cattle/Texas/24-008749-003/2024(H5N1)	270	42426
MP|PP755590.1|A/cattle/Texas/24-008749-003/2024(H5N1)	271	42390
MP|PP755590.1|A/cattle/Texas/24-008749-003/2024(H5N1)	272	42420
MP|PP755590.1|A/cattle/Texas/24-008749-003/2024(H5N1)	273	43447
MP|PP755590.1|A/cattle/Texas/24-008749-003/2024(H5N1)	274	43800
MP|PP755590.1|A/cattle/Texas/24-008749-003/2024(H5N1)	275	42442
MP|PP755590.1|A/cattle/Texas/24-008749-003/2024(H5N1)	276	42002
MP|PP755590.1|A/cattle/Texas/24-008749-003/2024(H5N1)	277	41952
MP|PP755590.1|A/cattle/Texas/24-008749-003/2024(H5N1)	278	41950
MP|PP755590.1|A/cattle/Texas/24-008749-003/2024(H5N1)	279	42869
MP|PP755590.1|A/cattle/Texas/24-008749-003/2024(H5N1)	280	42973
MP|PP755590.1|A/cattle/Texas/24-008749-003/2024(H5N1)	281	42911
MP|PP755590.1|A/cattle/Texas/24-008749-003/2024(H5N1)	282	42841
MP|PP755590.1|A/cattle/Texas/24-008749-003/2024(H5N1)	283	41103
MP|PP755590.1|A/cattle/Texas/24-008749-003/2024(H5N1)	284	41887
MP|PP755590.1|A/cattle/Texas/24-008749-003/2024(H5N1)	285	41314
MP|PP755590.1|A/cattle/Texas/24-008749-003/2024(H5N1)	286	41014
MP|PP755590.1|A/cattle/Texas/24-008749-003/2024(H5N1)	287	41262
MP|PP755590.1|A/cattle/Texas/24-008749-003/2024(H5N1)	288	40052
MP|PP755590.1|A/cattle/Texas/24-008749-003/2024(H5N1)	289	40515
MP|PP755590.1|A/cattle/Texas/24-008749-003/2024(H5N1)	290	40555
MP|PP755590.1|A/cattle/Texas/24-008749-003/2024(H5N1)	291	39481
MP|PP755590.1|A/cattle/Texas/24-008749-003/2024(H5N1)	292	39366
MP|PP755590.1|A/cattle/Texas/24-008749-003/2024(H5N1)	293	38731
MP|PP755590.1|A/cattle/Texas/24-008749-003/2024(H5N1)	294	37834
MP|PP755590.1|A/cattle/Texas/24-008749-003/2024(H5N1)	295	37175
MP|PP755590.1|A/cattle/Texas/24-008749-003/2024(H5N1)	296	40774
MP|PP755590.1|A/cattle/Texas/24-008749-003/2024(H5N1)	297	42330
MP|PP755590.1|A/cattle/Texas/24-008749-003/2024(H5N1)	298	42856
MP|PP755590.1|A/cattle/Texas/24-008749-003/2024(H5N1)	299	42925
MP|PP755590.1|A/cattle/Texas/24-008749-003/2024(H5N1)	300	42922
MP|PP755590.1|A/cattle/Texas/24-008749-003/2024(H5N1)	301	42711
MP|PP755590.1|A/cattle/Texas/24-008749-003/2024(H5N1)	302	42572
MP|PP755590.1|A/cattle/Texas/24-008749-003/2024(H5N1)	303	43184
MP|PP755590.1|A/cattle/Texas/24-008749-003/2024(H5N1)	304	42986
MP|PP755590.1|A/cattle/Texas/24-008749-003/2024(H5N1)	305	42978
MP|PP755590.1|A/cattle/Texas/24-008749-003/2024(H5N1)	306	41343
MP|PP755590.1|A/cattle/Texas/24-008749-003/2024(H5N1)	307	42076
MP|PP755590.1|A/cattle/Texas/24-008749-003/2024(H5N1)	308	42109
MP|PP755590.1|A/cattle/Texas/24-008749-003/2024(H5N1)	309	42174
MP|PP755590.1|A/cattle/Texas/24-008749-003/2024(H5N1)	310	42236
MP|PP755590.1|A/cattle/Texas/24-008749-003/2024(H5N1)	311	41211
MP|PP755590.1|A/cattle/Texas/24-008749-003/2024(H5N1)	312	41253
MP|PP755590.1|A/cattle/Texas/24-008749-003/2024(H5N1)	313	41003
MP|PP755590.1|A/cattle/Texas/24-008749-003/2024(H5N1)	314	41260
MP|PP755590.1|A/cattle/Texas/24-008749-003/2024(H5N1)	315	41243
MP|PP755590.1|A/cattle/Texas/24-008749-003/2024(H5N1)	316	41023
MP|PP755590.1|A/cattle/Texas/24-008749-003/2024(H5N1)	317	41393
MP|PP755590.1|A/cattle/Texas/24-008749-003/2024(H5N1)	318	41548
MP|PP755590.1|A/cattle/Texas/24-008749-003/2024(H5N1)	319	41793
MP|PP755590.1|A/cattle/Texas/24-008749-003/2024(H5N1)	320	41830
MP|PP755590.1|A/cattle/Texas/24-008749-003/2024(H5N1)	321	41796
MP|PP755590.1|A/cattle/Texas/24-008749-003/2024(H5N1)	322	42117
MP|PP755590.1|A/cattle/Texas/24-008749-003/2024(H5N1)	323	42219
MP|PP755590.1|A/cattle/Texas/24-008749-003/2024(H5N1)	324	42012
MP|PP755590.1|A/cattle/Texas/24-008749-003/2024(H5N1)	325	42031
MP|PP755590.1|A/cattle/Texas/24-008749-003/2024(H5N1)	326	41475
MP|PP755590.1|A/cattle/Texas/24-008749-003/2024(H5N1)	327	41680
MP|PP755590.1|A/cattle/Texas/24-008749-003/2024(H5N1)	328	41406
MP|PP755590.1|A/cattle/Texas/24-008749-003/2024(H5N1)	329	41369
MP|PP755590.1|A/cattle/Texas/24-008749-003/2024(H5N1)	330	41417
MP|PP755590.1|A/cattle/Texas/24-008749-003/2024(H5N1)	331	41153
MP|PP755590.1|A/cattle/Texas/24-008749-003/2024(H5N1)	332	41563
MP|PP755590.1|A/cattle/Texas/24-008749-003/2024(H5N1)	333	42100
MP|PP755590.1|A/cattle/Texas/24-008749-003/2024(H5N1)	334	42074
MP|PP755590.1|A/cattle/Texas/24-008749-003/2024(H5N1)	335	42067
MP|PP755590.1|A/cattle/Texas/24-008749-003/2024(H5N1)	336	41951
MP|PP755590.1|A/cattle/Texas/24-008749-003/2024(H5N1)	337	42042
MP|PP755590.1|A/cattle/Texas/24-008749-003/2024(H5N1)	338	41882
MP|PP755590.1|A/cattle/Texas/24-008749-003/2024(H5N1)	339	41862
MP|PP755590.1|A/cattle/Texas/24-008749-003/2024(H5N1)	340	41853
MP|PP755590.1|A/cattle/Texas/24-008749-003/2024(H5N1)	341	41549
MP|PP755590.1|A/cattle/Texas/24-008749-003/2024(H5N1)	342	41034
MP|PP755590.1|A/cattle/Texas/24-008749-003/2024(H5N1)	343	41061
MP|PP755590.1|A/cattle/Texas/24-008749-003/2024(H5N1)	344	41227
MP|PP755590.1|A/cattle/Texas/24-008749-003/2024(H5N1)	345	40300
MP|PP755590.1|A/cattle/Texas/24-008749-003/2024(H5N1)	346	40586
MP|PP755590.1|A/cattle/Texas/24-008749-003/2024(H5N1)	347	41139
MP|PP755590.1|A/cattle/Texas/24-008749-003/2024(H5N1)	348	41335
MP|PP755590.1|A/cattle/Texas/24-008749-003/2024(H5N1)	349	39915
MP|PP755590.1|A/cattle/Texas/24-008749-003/2024(H5N1)	350	39708
MP|PP755590.1|A/cattle/Texas/24-008749-003/2024(H5N1)	351	41174
MP|PP755590.1|A/cattle/Texas/24-008749-003/2024(H5N1)	352	40946
MP|PP755590.1|A/cattle/Texas/24-008749-003/2024(H5N1)	353	41355
MP|PP755590.1|A/cattle/Texas/24-008749-003/2024(H5N1)	354	41360
MP|PP755590.1|A/cattle/Texas/24-008749-003/2024(H5N1)	355	41098
MP|PP755590.1|A/cattle/Texas/24-008749-003/2024(H5N1)	356	41179
MP|PP755590.1|A/cattle/Texas/24-008749-003/2024(H5N1)	357	41246
MP|PP755590.1|A/cattle/Texas/24-008749-003/2024(H5N1)	358	41170
MP|PP755590.1|A/cattle/Texas/24-008749-003/2024(H5N1)	359	40964
MP|PP755590.1|A/cattle/Texas/24-008749-003/2024(H5N1)	360	39560
MP|PP755590.1|A/cattle/Texas/24-008749-003/2024(H5N1)	361	40129
MP|PP755590.1|A/cattle/Texas/24-008749-003/2024(H5N1)	362	39991
MP|PP755590.1|A/cattle/Texas/24-008749-003/2024(H5N1)	363	39376
MP|PP755590.1|A/cattle/Texas/24-008749-003/2024(H5N1)	364	39229
MP|PP755590.1|A/cattle/Texas/24-008749-003/2024(H5N1)	365	39511
MP|PP755590.1|A/cattle/Texas/24-008749-003/2024(H5N1)	366	39273
MP|PP755590.1|A/cattle/Texas/24-008749-003/2024(H5N1)	367	39441
MP|PP755590.1|A/cattle/Texas/24-008749-003/2024(H5N1)	368	38745
MP|PP755590.1|A/cattle/Texas/24-008749-003/2024(H5N1)	369	38980
MP|PP755590.1|A/cattle/Texas/24-008749-003/2024(H5N1)	370	38100
MP|PP755590.1|A/cattle/Texas/24-008749-003/2024(H5N1)	371	37459
MP|PP755590.1|A/cattle/Texas/24-008749-003/2024(H5N1)	372	37967
MP|PP755590.1|A/cattle/Texas/24-008749-003/2024(H5N1)	373	37889
MP|PP755590.1|A/cattle/Texas/24-008749-003/2024(H5N1)	374	37866
MP|PP755590.1|A/cattle/Texas/24-008749-003/2024(H5N1)	375	37141
MP|PP755590.1|A/cattle/Texas/24-008749-003/2024(H5N1)	376	36938
MP|PP755590.1|A/cattle/Texas/24-008749-003/2024(H5N1)	377	37644
MP|PP755590.1|A/cattle/Texas/24-008749-003/2024(H5N1)	378	37902
MP|PP755590.1|A/cattle/Texas/24-008749-003/2024(H5N1)	379	37753
MP|PP755590.1|A/cattle/Texas/24-008749-003/2024(H5N1)	380	38258
MP|PP755590.1|A/cattle/Texas/24-008749-003/2024(H5N1)	381	38027
MP|PP755590.1|A/cattle/Texas/24-008749-003/2024(H5N1)	382	38025
MP|PP755590.1|A/cattle/Texas/24-008749-003/2024(H5N1)	383	37972
MP|PP755590.1|A/cattle/Texas/24-008749-003/2024(H5N1)	384	37863
MP|PP755590.1|A/cattle/Texas/24-008749-003/2024(H5N1)	385	38113
MP|PP755590.1|A/cattle/Texas/24-008749-003/2024(H5N1)	386	37884
MP|PP755590.1|A/cattle/Texas/24-008749-003/2024(H5N1)	387	37532
MP|PP755590.1|A/cattle/Texas/24-008749-003/2024(H5N1)	388	38090
MP|PP755590.1|A/cattle/Texas/24-008749-003/2024(H5N1)	389	37570
MP|PP755590.1|A/cattle/Texas/24-008749-003/2024(H5N1)	390	37911
MP|PP755590.1|A/cattle/Texas/24-008749-003/2024(H5N1)	391	39054
MP|PP755590.1|A/cattle/Texas/24-008749-003/2024(H5N1)	392	39062
MP|PP755590.1|A/cattle/Texas/24-008749-003/2024(H5N1)	393	39282
MP|PP755590.1|A/cattle/Texas/24-008749-003/2024(H5N1)	394	39006
MP|PP755590.1|A/cattle/Texas/24-008749-003/2024(H5N1)	395	38518
MP|PP755590.1|A/cattle/Texas/24-008749-003/2024(H5N1)	396	40724
MP|PP755590.1|A/cattle/Texas/24-008749-003/2024(H5N1)	397	39485
MP|PP755590.1|A/cattle/Texas/24-008749-003/2024(H5N1)	398	39455
MP|PP755590.1|A/cattle/Texas/24-008749-003/2024(H5N1)	399	39397
MP|PP755590.1|A/cattle/Texas/24-008749-003/2024(H5N1)	400	38312
MP|PP755590.1|A/cattle/Texas/24-008749-003/2024(H5N1)	401	39379
MP|PP755590.1|A/cattle/Texas/24-008749-003/2024(H5N1)	402	39979
MP|PP755590.1|A/cattle/Texas/24-008749-003/2024(H5N1)	403	39785
MP|PP755590.1|A/cattle/Texas/24-008749-003/2024(H5N1)	404	39963
MP|PP755590.1|A/cattle/Texas/24-008749-003/2024(H5N1)	405	39313
MP|PP755590.1|A/cattle/Texas/24-008749-003/2024(H5N1)	406	39564
MP|PP755590.1|A/cattle/Texas/24-008749-003/2024(H5N1)	407	41343
MP|PP755590.1|A/cattle/Texas/24-008749-003/2024(H5N1)	408	41440
MP|PP755590.1|A/cattle/Texas/24-008749-003/2024(H5N1)	409	41539
MP|PP755590.1|A/cattle/Texas/24-008749-003/2024(H5N1)	410	40381
MP|PP755590.1|A/cattle/Texas/24-008749-003/2024(H5N1)	411	40274
MP|PP755590.1|A/cattle/Texas/24-008749-003/2024(H5N1)	412	40298
MP|PP755590.1|A/cattle/Texas/24-008749-003/2024(H5N1)	413	41162
MP|PP755590.1|A/cattle/Texas/24-008749-003/2024(H5N1)	414	41212
MP|PP755590.1|A/cattle/Texas/24-008749-003/2024(H5N1)	415	41189
MP|PP755590.1|A/cattle/Texas/24-008749-003/2024(H5N1)	416	41363
MP|PP755590.1|A/cattle/Texas/24-008749-003/2024(H5N1)	417	40869
MP|PP755590.1|A/cattle/Texas/24-008749-003/2024(H5N1)	418	40870
MP|PP755590.1|A/cattle/Texas/24-008749-003/2024(H5N1)	419	41011
MP|PP755590.1|A/cattle/Texas/24-008749-003/2024(H5N1)	420	40977
MP|PP755590.1|A/cattle/Texas/24-008749-003/2024(H5N1)	421	41060
MP|PP755590.1|A/cattle/Texas/24-008749-003/2024(H5N1)	422	41879
MP|PP755590.1|A/cattle/Texas/24-008749-003/2024(H5N1)	423	41767
MP|PP755590.1|A/cattle/Texas/24-008749-003/2024(H5N1)	424	40941
MP|PP755590.1|A/cattle/Texas/24-008749-003/2024(H5N1)	425	40387
MP|PP755590.1|A/cattle/Texas/24-008749-003/2024(H5N1)	426	40306
MP|PP755590.1|A/cattle/Texas/24-008749-003/2024(H5N1)	427	41283
MP|PP755590.1|A/cattle/Texas/24-008749-003/2024(H5N1)	428	41360
MP|PP755590.1|A/cattle/Texas/24-008749-003/2024(H5N1)	429	41419
MP|PP755590.1|A/cattle/Texas/24-008749-003/2024(H5N1)	430	40456
MP|PP755590.1|A/cattle/Texas/24-008749-003/2024(H5N1)	431	40447
MP|PP755590.1|A/cattle/Texas/24-008749-003/2024(H5N1)	432	40550
MP|PP755590.1|A/cattle/Texas/24-008749-003/2024(H5N1)	433	43728
MP|PP755590.1|A/cattle/Texas/24-008749-003/2024(H5N1)	434	44322
MP|PP755590.1|A/cattle/Texas/24-008749-003/2024(H5N1)	435	43681
MP|PP755590.1|A/cattle/Texas/24-008749-003/2024(H5N1)	436	42802
MP|PP755590.1|A/cattle/Texas/24-008749-003/2024(H5N1)	437	42801
MP|PP755590.1|A/cattle/Texas/24-008749-003/2024(H5N1)	438	43464
MP|PP755590.1|A/cattle/Texas/24-008749-003/2024(H5N1)	439	44048
MP|PP755590.1|A/cattle/Texas/24-008749-003/2024(H5N1)	440	43861
MP|PP755590.1|A/cattle/Texas/24-008749-003/2024(H5N1)	441	44298
MP|PP755590.1|A/cattle/Texas/24-008749-003/2024(H5N1)	442	40850
MP|PP755590.1|A/cattle/Texas/24-008749-003/2024(H5N1)	443	40826
MP|PP755590.1|A/cattle/Texas/24-008749-003/2024(H5N1)	444	41191
MP|PP755590.1|A/cattle/Texas/24-008749-003/2024(H5N1)	445	41185
MP|PP755590.1|A/cattle/Texas/24-008749-003/2024(H5N1)	446	41119
MP|PP755590.1|A/cattle/Texas/24-008749-003/2024(H5N1)	447	39359
MP|PP755590.1|A/cattle/Texas/24-008749-003/2024(H5N1)	448	38807
MP|PP755590.1|A/cattle/Texas/24-008749-003/2024(H5N1)	449	40023
MP|PP755590.1|A/cattle/Texas/24-008749-003/2024(H5N1)	450	39861
MP|PP755590.1|A/cattle/Texas/24-008749-003/2024(H5N1)	451	39578
MP|PP755590.1|A/cattle/Texas/24-008749-003/2024(H5N1)	452	39623
MP|PP755590.1|A/cattle/Texas/24-008749-003/2024(H5N1)	453	39224
MP|PP755590.1|A/cattle/Texas/24-008749-003/2024(H5N1)	454	39277
MP|PP755590.1|A/cattle/Texas/24-008749-003/2024(H5N1)	455	39051
MP|PP755590.1|A/cattle/Texas/24-008749-003/2024(H5N1)	456	39139
MP|PP755590.1|A/cattle/Texas/24-008749-003/2024(H5N1)	457	39412
MP|PP755590.1|A/cattle/Texas/24-008749-003/2024(H5N1)	458	38297
MP|PP755590.1|A/cattle/Texas/24-008749-003/2024(H5N1)	459	38455
MP|PP755590.1|A/cattle/Texas/24-008749-003/2024(H5N1)	460	38439
MP|PP755590.1|A/cattle/Texas/24-008749-003/2024(H5N1)	461	38530
MP|PP755590.1|A/cattle/Texas/24-008749-003/2024(H5N1)	462	39014
MP|PP755590.1|A/cattle/Texas/24-008749-003/2024(H5N1)	463	39053
MP|PP755590.1|A/cattle/Texas/24-008749-003/2024(H5N1)	464	39218
MP|PP755590.1|A/cattle/Texas/24-008749-003/2024(H5N1)	465	39123
MP|PP755590.1|A/cattle/Texas/24-008749-003/2024(H5N1)	466	39356
MP|PP755590.1|A/cattle/Texas/24-008749-003/2024(H5N1)	467	39498
MP|PP755590.1|A/cattle/Texas/24-008749-003/2024(H5N1)	468	39245
MP|PP755590.1|A/cattle/Texas/24-008749-003/2024(H5N1)	469	39200
MP|PP755590.1|A/cattle/Texas/24-008749-003/2024(H5N1)	470	39224
MP|PP755590.1|A/cattle/Texas/24-008749-003/2024(H5N1)	471	39207
MP|PP755590.1|A/cattle/Texas/24-008749-003/2024(H5N1)	472	39144
MP|PP755590.1|A/cattle/Texas/24-008749-003/2024(H5N1)	473	38987
MP|PP755590.1|A/cattle/Texas/24-008749-003/2024(H5N1)	474	39225
MP|PP755590.1|A/cattle/Texas/24-008749-003/2024(H5N1)	475	39366
MP|PP755590.1|A/cattle/Texas/24-008749-003/2024(H5N1)	476	39316
MP|PP755590.1|A/cattle/Texas/24-008749-003/2024(H5N1)	477	39765
MP|PP755590.1|A/cattle/Texas/24-008749-003/2024(H5N1)	478	39638
MP|PP755590.1|A/cattle/Texas/24-008749-003/2024(H5N1)	479	39678
MP|PP755590.1|A/cattle/Texas/24-008749-003/2024(H5N1)	480	39968
MP|PP755590.1|A/cattle/Texas/24-008749-003/2024(H5N1)	481	40062
MP|PP755590.1|A/cattle/Texas/24-008749-003/2024(H5N1)	482	40612
MP|PP755590.1|A/cattle/Texas/24-008749-003/2024(H5N1)	483	40198
MP|PP755590.1|A/cattle/Texas/24-008749-003/2024(H5N1)	484	40353
MP|PP755590.1|A/cattle/Texas/24-008749-003/2024(H5N1)	485	40325
MP|PP755590.1|A/cattle/Texas/24-008749-003/2024(H5N1)	486	40564
MP|PP755590.1|A/cattle/Texas/24-008749-003/2024(H5N1)	487	40464
MP|PP755590.1|A/cattle/Texas/24-008749-003/2024(H5N1)	488	41349
MP|PP755590.1|A/cattle/Texas/24-008749-003/2024(H5N1)	489	41744
MP|PP755590.1|A/cattle/Texas/24-008749-003/2024(H5N1)	490	41987
MP|PP755590.1|A/cattle/Texas/24-008749-003/2024(H5N1)	491	41555
MP|PP755590.1|A/cattle/Texas/24-008749-003/2024(H5N1)	492	41618
MP|PP755590.1|A/cattle/Texas/24-008749-003/2024(H5N1)	493	41517
MP|PP755590.1|A/cattle/Texas/24-008749-003/2024(H5N1)	494	41502
MP|PP755590.1|A/cattle/Texas/24-008749-003/2024(H5N1)	495	41511
MP|PP755590.1|A/cattle/Texas/24-008749-003/2024(H5N1)	496	41669
MP|PP755590.1|A/cattle/Texas/24-008749-003/2024(H5N1)	497	41090
MP|PP755590.1|A/cattle/Texas/24-008749-003/2024(H5N1)	498	41114
MP|PP755590.1|A/cattle/Texas/24-008749-003/2024(H5N1)	499	40986
MP|PP755590.1|A/cattle/Texas/24-008749-003/2024(H5N1)	500	41244
MP|PP755590.1|A/cattle/Texas/24-008749-003/2024(H5N1)	501	40324
MP|PP755590.1|A/cattle/Texas/24-008749-003/2024(H5N1)	502	40331
MP|PP755590.1|A/cattle/Texas/24-008749-003/2024(H5N1)	503	40903
MP|PP755590.1|A/cattle/Texas/24-008749-003/2024(H5N1)	504	40980
MP|PP755590.1|A/cattle/Texas/24-008749-003/2024(H5N1)	505	40801
MP|PP755590.1|A/cattle/Texas/24-008749-003/2024(H5N1)	506	40871
MP|PP755590.1|A/cattle/Texas/24-008749-003/2024(H5N1)	507	40653
MP|PP755590.1|A/cattle/Texas/24-008749-003/2024(H5N1)	508	40656
MP|PP755590.1|A/cattle/Texas/24-008749-003/2024(H5N1)	509	40822
MP|PP755590.1|A/cattle/Texas/24-008749-003/2024(H5N1)	510	40935
MP|PP755590.1|A/cattle/Texas/24-008749-003/2024(H5N1)	511	41161
MP|PP755590.1|A/cattle/Texas/24-008749-003/2024(H5N1)	512	40963
MP|PP755590.1|A/cattle/Texas/24-008749-003/2024(H5N1)	513	40815
MP|PP755590.1|A/cattle/Texas/24-008749-003/2024(H5N1)	514	40989
MP|PP755590.1|A/cattle/Texas/24-008749-003/2024(H5N1)	515	40836
MP|PP755590.1|A/cattle/Texas/24-008749-003/2024(H5N1)	516	41122
MP|PP755590.1|A/cattle/Texas/24-008749-003/2024(H5N1)	517	41384
MP|PP755590.1|A/cattle/Texas/24-008749-003/2024(H5N1)	518	41194
MP|PP755590.1|A/cattle/Texas/24-008749-003/2024(H5N1)	519	41092
MP|PP755590.1|A/cattle/Texas/24-008749-003/2024(H5N1)	520	40757
MP|PP755590.1|A/cattle/Texas/24-008749-003/2024(H5N1)	521	40663
MP|PP755590.1|A/cattle/Texas/24-008749-003/2024(H5N1)	522	40986
MP|PP755590.1|A/cattle/Texas/24-008749-003/2024(H5N1)	523	40927
MP|PP755590.1|A/cattle/Texas/24-008749-003/2024(H5N1)	524	41824
MP|PP755590.1|A/cattle/Texas/24-008749-003/2024(H5N1)	525	41591
MP|PP755590.1|A/cattle/Texas/24-008749-003/2024(H5N1)	526	41581
MP|PP755590.1|A/cattle/Texas/24-008749-003/2024(H5N1)	527	41630
MP|PP755590.1|A/cattle/Texas/24-008749-003/2024(H5N1)	528	41193
MP|PP755590.1|A/cattle/Texas/24-008749-003/2024(H5N1)	529	40908
MP|PP755590.1|A/cattle/Texas/24-008749-003/2024(H5N1)	530	40969
MP|PP755590.1|A/cattle/Texas/24-008749-003/2024(H5N1)	531	40608
MP|PP755590.1|A/cattle/Texas/24-008749-003/2024(H5N1)	532	40219
MP|PP755590.1|A/cattle/Texas/24-008749-003/2024(H5N1)	533	40632
MP|PP755590.1|A/cattle/Texas/24-008749-003/2024(H5N1)	534	41740
MP|PP755590.1|A/cattle/Texas/24-008749-003/2024(H5N1)	535	42179
MP|PP755590.1|A/cattle/Texas/24-008749-003/2024(H5N1)	536	41939
MP|PP755590.1|A/cattle/Texas/24-008749-003/2024(H5N1)	537	41535
MP|PP755590.1|A/cattle/Texas/24-008749-003/2024(H5N1)	538	43579
MP|PP755590.1|A/cattle/Texas/24-008749-003/2024(H5N1)	539	42565
MP|PP755590.1|A/cattle/Texas/24-008749-003/2024(H5N1)	540	42538
MP|PP755590.1|A/cattle/Texas/24-008749-003/2024(H5N1)	541	42702
MP|PP755590.1|A/cattle/Texas/24-008749-003/2024(H5N1)	542	41725
MP|PP755590.1|A/cattle/Texas/24-008749-003/2024(H5N1)	543	42742
MP|PP755590.1|A/cattle/Texas/24-008749-003/2024(H5N1)	544	42606
MP|PP755590.1|A/cattle/Texas/24-008749-003/2024(H5N1)	545	42733
MP|PP755590.1|A/cattle/Texas/24-008749-003/2024(H5N1)	546	42421
MP|PP755590.1|A/cattle/Texas/24-008749-003/2024(H5N1)	547	40296
MP|PP755590.1|A/cattle/Texas/24-008749-003/2024(H5N1)	548	43190
MP|PP755590.1|A/cattle/Texas/24-008749-003/2024(H5N1)	549	43694
MP|PP755590.1|A/cattle/Texas/24-008749-003/2024(H5N1)	550	43759
MP|PP755590.1|A/cattle/Texas/24-008749-003/2024(H5N1)	551	43049
MP|PP755590.1|A/cattle/Texas/24-008749-003/2024(H5N1)	552	42029
MP|PP755590.1|A/cattle/Texas/24-008749-003/2024(H5N1)	553	42043
MP|PP755590.1|A/cattle/Texas/24-008749-003/2024(H5N1)	554	42228
MP|PP755590.1|A/cattle/Texas/24-008749-003/2024(H5N1)	555	42896
MP|PP755590.1|A/cattle/Texas/24-008749-003/2024(H5N1)	556	43355
MP|PP755590.1|A/cattle/Texas/24-008749-003/2024(H5N1)	557	40768
MP|PP755590.1|A/cattle/Texas/24-008749-003/2024(H5N1)	558	40611
MP|PP755590.1|A/cattle/Texas/24-008749-003/2024(H5N1)	559	40562
MP|PP755590.1|A/cattle/Texas/24-008749-003/2024(H5N1)	560	40513
MP|PP755590.1|A/cattle/Texas/24-008749-003/2024(H5N1)	561	41079
MP|PP755590.1|A/cattle/Texas/24-008749-003/2024(H5N1)	562	41139
MP|PP755590.1|A/cattle/Texas/24-008749-003/2024(H5N1)	563	41503
MP|PP755590.1|A/cattle/Texas/24-008749-003/2024(H5N1)	564	40328
MP|PP755590.1|A/cattle/Texas/24-008749-003/2024(H5N1)	565	40339
MP|PP755590.1|A/cattle/Texas/24-008749-003/2024(H5N1)	566	40386
MP|PP755590.1|A/cattle/Texas/24-008749-003/2024(H5N1)	567	40181
MP|PP755590.1|A/cattle/Texas/24-008749-003/2024(H5N1)	568	40654
MP|PP755590.1|A/cattle/Texas/24-008749-003/2024(H5N1)	569	40475
MP|PP755590.1|A/cattle/Texas/24-008749-003/2024(H5N1)	570	40018
MP|PP755590.1|A/cattle/Texas/24-008749-003/2024(H5N1)	571	39965
MP|PP755590.1|A/cattle/Texas/24-008749-003/2024(H5N1)	572	39393
MP|PP755590.1|A/cattle/Texas/24-008749-003/2024(H5N1)	573	39454
MP|PP755590.1|A/cattle/Texas/24-008749-003/2024(H5N1)	574	39642
MP|PP755590.1|A/cattle/Texas/24-008749-003/2024(H5N1)	575	40270
MP|PP755590.1|A/cattle/Texas/24-008749-003/2024(H5N1)	576	40274
MP|PP755590.1|A/cattle/Texas/24-008749-003/2024(H5N1)	577	40270
MP|PP755590.1|A/cattle/Texas/24-008749-003/2024(H5N1)	578	40153
MP|PP755590.1|A/cattle/Texas/24-008749-003/2024(H5N1)	579	40010
MP|PP755590.1|A/cattle/Texas/24-008749-003/2024(H5N1)	580	40034
MP|PP755590.1|A/cattle/Texas/24-008749-003/2024(H5N1)	581	40212
MP|PP755590.1|A/cattle/Texas/24-008749-003/2024(H5N1)	582	40246
MP|PP755590.1|A/cattle/Texas/24-008749-003/2024(H5N1)	583	40168
MP|PP755590.1|A/cattle/Texas/24-008749-003/2024(H5N1)	584	37545
MP|PP755590.1|A/cattle/Texas/24-008749-003/2024(H5N1)	585	37648
MP|PP755590.1|A/cattle/Texas/24-008749-003/2024(H5N1)	586	37665
MP|PP755590.1|A/cattle/Texas/24-008749-003/2024(H5N1)	587	37725
MP|PP755590.1|A/cattle/Texas/24-008749-003/2024(H5N1)	588	38028
MP|PP755590.1|A/cattle/Texas/24-008749-003/2024(H5N1)	589	37526
MP|PP755590.1|A/cattle/Texas/24-008749-003/2024(H5N1)	590	37067
MP|PP755590.1|A/cattle/Texas/24-008749-003/2024(H5N1)	591	37076
MP|PP755590.1|A/cattle/Texas/24-008749-003/2024(H5N1)	592	37719
MP|PP755590.1|A/cattle/Texas/24-008749-003/2024(H5N1)	593	37720
MP|PP755590.1|A/cattle/Texas/24-008749-003/2024(H5N1)	594	37501
MP|PP755590.1|A/cattle/Texas/24-008749-003/2024(H5N1)	595	37271
MP|PP755590.1|A/cattle/Texas/24-008749-003/2024(H5N1)	596	37668
MP|PP755590.1|A/cattle/Texas/24-008749-003/2024(H5N1)	597	37552
MP|PP755590.1|A/cattle/Texas/24-008749-003/2024(H5N1)	598	38061
MP|PP755590.1|A/cattle/Texas/24-008749-003/2024(H5N1)	599	37676
MP|PP755590.1|A/cattle/Texas/24-008749-003/2024(H5N1)	600	37673
MP|PP755590.1|A/cattle/Texas/24-008749-003/2024(H5N1)	601	37775
MP|PP755590.1|A/cattle/Texas/24-008749-003/2024(H5N1)	602	37815
MP|PP755590.1|A/cattle/Texas/24-008749-003/2024(H5N1)	603	37847
MP|PP755590.1|A/cattle/Texas/24-008749-003/2024(H5N1)	604	38619
MP|PP755590.1|A/cattle/Texas/24-008749-003/2024(H5N1)	605	39123
MP|PP755590.1|A/cattle/Texas/24-008749-003/2024(H5N1)	606	39189
MP|PP755590.1|A/cattle/Texas/24-008749-003/2024(H5N1)	607	38754
MP|PP755590.1|A/cattle/Texas/24-008749-003/2024(H5N1)	608	39332
MP|PP755590.1|A/cattle/Texas/24-008749-003/2024(H5N1)	609	39363
MP|PP755590.1|A/cattle/Texas/24-008749-003/2024(H5N1)	610	39440
MP|PP755590.1|A/cattle/Texas/24-008749-003/2024(H5N1)	611	39383
MP|PP755590.1|A/cattle/Texas/24-008749-003/2024(H5N1)	612	39525
MP|PP755590.1|A/cattle/Texas/24-008749-003/2024(H5N1)	613	39307
MP|PP755590.1|A/cattle/Texas/24-008749-003/2024(H5N1)	614	39116
MP|PP755590.1|A/cattle/Texas/24-008749-003/2024(H5N1)	615	39046
MP|PP755590.1|A/cattle/Texas/24-008749-003/2024(H5N1)	616	39058
MP|PP755590.1|A/cattle/Texas/24-008749-003/2024(H5N1)	617	39157
MP|PP755590.1|A/cattle/Texas/24-008749-003/2024(H5N1)	618	39174
MP|PP755590.1|A/cattle/Texas/24-008749-003/2024(H5N1)	619	39583
MP|PP755590.1|A/cattle/Texas/24-008749-003/2024(H5N1)	620	39505
MP|PP755590.1|A/cattle/Texas/24-008749-003/2024(H5N1)	621	39818
MP|PP755590.1|A/cattle/Texas/24-008749-003/2024(H5N1)	622	39735
MP|PP755590.1|A/cattle/Texas/24-008749-003/2024(H5N1)	623	39343
MP|PP755590.1|A/cattle/Texas/24-008749-003/2024(H5N1)	624	40856
MP|PP755590.1|A/cattle/Texas/24-008749-003/2024(H5N1)	625	41241
MP|PP755590.1|A/cattle/Texas/24-008749-003/2024(H5N1)	626	41175
MP|PP755590.1|A/cattle/Texas/24-008749-003/2024(H5N1)	627	41141
MP|PP755590.1|A/cattle/Texas/24-008749-003/2024(H5N1)	628	40633
MP|PP755590.1|A/cattle/Texas/24-008749-003/2024(H5N1)	629	41356
MP|PP755590.1|A/cattle/Texas/24-008749-003/2024(H5N1)	630	41345
MP|PP755590.1|A/cattle/Texas/24-008749-003/2024(H5N1)	631	41190
MP|PP755590.1|A/cattle/Texas/24-008749-003/2024(H5N1)	632	41114
MP|PP755590.1|A/cattle/Texas/24-008749-003/2024(H5N1)	633	39624
MP|PP755590.1|A/cattle/Texas/24-008749-003/2024(H5N1)	634	39657
MP|PP755590.1|A/cattle/Texas/24-008749-003/2024(H5N1)	635	39630
MP|PP755590.1|A/cattle/Texas/24-008749-003/2024(H5N1)	636	39782
MP|PP755590.1|A/cattle/Texas/24-008749-003/2024(H5N1)	637	40367
MP|PP755590.1|A/cattle/Texas/24-008749-003/2024(H5N1)	638	40109
MP|PP755590.1|A/cattle/Texas/24-008749-003/2024(H5N1)	639	39357
MP|PP755590.1|A/cattle/Texas/24-008749-003/2024(H5N1)	640	39173
MP|PP755590.1|A/cattle/Texas/24-008749-003/2024(H5N1)	641	39122
MP|PP755590.1|A/cattle/Texas/24-008749-003/2024(H5N1)	642	39580
MP|PP755590.1|A/cattle/Texas/24-008749-003/2024(H5N1)	643	40195
MP|PP755590.1|A/cattle/Texas/24-008749-003/2024(H5N1)	644	40372
MP|PP755590.1|A/cattle/Texas/24-008749-003/2024(H5N1)	645	40468
MP|PP755590.1|A/cattle/Texas/24-008749-003/2024(H5N1)	646	40155
MP|PP755590.1|A/cattle/Texas/24-008749-003/2024(H5N1)	647	40007
MP|PP755590.1|A/cattle/Texas/24-008749-003/2024(H5N1)	648	40047
MP|PP755590.1|A/cattle/Texas/24-008749-003/2024(H5N1)	649	39954
MP|PP755590.1|A/cattle/Texas/24-008749-003/2024(H5N1)	650	40182
MP|PP755590.1|A/cattle/Texas/24-008749-003/2024(H5N1)	651	40497
MP|PP755590.1|A/cattle/Texas/24-008749-003/2024(H5N1)	652	40332
MP|PP755590.1|A/cattle/Texas/24-008749-003/2024(H5N1)	653	40895
MP|PP755590.1|A/cattle/Texas/24-008749-003/2024(H5N1)	654	41541
MP|PP755590.1|A/cattle/Texas/24-008749-003/2024(H5N1)	655	41357
MP|PP755590.1|A/cattle/Texas/24-008749-003/2024(H5N1)	656	41913
MP|PP755590.1|A/cattle/Texas/24-008749-003/2024(H5N1)	657	41764
MP|PP755590.1|A/cattle/Texas/24-008749-003/2024(H5N1)	658	41770
MP|PP755590.1|A/cattle/Texas/24-008749-003/2024(H5N1)	659	42076
MP|PP755590.1|A/cattle/Texas/24-008749-003/2024(H5N1)	660	41999
MP|PP755590.1|A/cattle/Texas/24-008749-003/2024(H5N1)	661	42604
MP|PP755590.1|A/cattle/Texas/24-008749-003/2024(H5N1)	662	42168
MP|PP755590.1|A/cattle/Texas/24-008749-003/2024(H5N1)	663	41351
MP|PP755590.1|A/cattle/Texas/24-008749-003/2024(H5N1)	664	41656
MP|PP755590.1|A/cattle/Texas/24-008749-003/2024(H5N1)	665	41461
MP|PP755590.1|A/cattle/Texas/24-008749-003/2024(H5N1)	666	43393
MP|PP755590.1|A/cattle/Texas/24-008749-003/2024(H5N1)	667	43220
MP|PP755590.1|A/cattle/Texas/24-008749-003/2024(H5N1)	668	42991
MP|PP755590.1|A/cattle/Texas/24-008749-003/2024(H5N1)	669	42993
MP|PP755590.1|A/cattle/Texas/24-008749-003/2024(H5N1)	670	42966
MP|PP755590.1|A/cattle/Texas/24-008749-003/2024(H5N1)	671	42997
MP|PP755590.1|A/cattle/Texas/24-008749-003/2024(H5N1)	672	44770
MP|PP755590.1|A/cattle/Texas/24-008749-003/2024(H5N1)	673	44439
MP|PP755590.1|A/cattle/Texas/24-008749-003/2024(H5N1)	674	44599
MP|PP755590.1|A/cattle/Texas/24-008749-003/2024(H5N1)	675	43240
MP|PP755590.1|A/cattle/Texas/24-008749-003/2024(H5N1)	676	43149
MP|PP755590.1|A/cattle/Texas/24-008749-003/2024(H5N1)	677	43878
MP|PP755590.1|A/cattle/Texas/24-008749-003/2024(H5N1)	678	43807
MP|PP755590.1|A/cattle/Texas/24-008749-003/2024(H5N1)	679	43660
MP|PP755590.1|A/cattle/Texas/24-008749-003/2024(H5N1)	680	43584
MP|PP755590.1|A/cattle/Texas/24-008749-003/2024(H5N1)	681	42058
MP|PP755590.1|A/cattle/Texas/24-008749-003/2024(H5N1)	682	42427
MP|PP755590.1|A/cattle/Texas/24-008749-003/2024(H5N1)	683	42981
MP|PP755590.1|A/cattle/Texas/24-008749-003/2024(H5N1)	684	42796
MP|PP755590.1|A/cattle/Texas/24-008749-003/2024(H5N1)	685	42867
MP|PP755590.1|A/cattle/Texas/24-008749-003/2024(H5N1)	686	42173
MP|PP755590.1|A/cattle/Texas/24-008749-003/2024(H5N1)	687	42428
MP|PP755590.1|A/cattle/Texas/24-008749-003/2024(H5N1)	688	42671
MP|PP755590.1|A/cattle/Texas/24-008749-003/2024(H5N1)	689	41986
MP|PP755590.1|A/cattle/Texas/24-008749-003/2024(H5N1)	690	41915
MP|PP755590.1|A/cattle/Texas/24-008749-003/2024(H5N1)	691	41875
MP|PP755590.1|A/cattle/Texas/24-008749-003/2024(H5N1)	692	41549
MP|PP755590.1|A/cattle/Texas/24-008749-003/2024(H5N1)	693	41426
MP|PP755590.1|A/cattle/Texas/24-008749-003/2024(H5N1)	694	40654
MP|PP755590.1|A/cattle/Texas/24-008749-003/2024(H5N1)	695	40882
MP|PP755590.1|A/cattle/Texas/24-008749-003/2024(H5N1)	696	41030
MP|PP755590.1|A/cattle/Texas/24-008749-003/2024(H5N1)	697	38922
MP|PP755590.1|A/cattle/Texas/24-008749-003/2024(H5N1)	698	38257
MP|PP755590.1|A/cattle/Texas/24-008749-003/2024(H5N1)	699	38603
MP|PP755590.1|A/cattle/Texas/24-008749-003/2024(H5N1)	700	38255
MP|PP755590.1|A/cattle/Texas/24-008749-003/2024(H5N1)	701	38238
MP|PP755590.1|A/cattle/Texas/24-008749-003/2024(H5N1)	702	38248
MP|PP755590.1|A/cattle/Texas/24-008749-003/2024(H5N1)	703	38270
MP|PP755590.1|A/cattle/Texas/24-008749-003/2024(H5N1)	704	38255
MP|PP755590.1|A/cattle/Texas/24-008749-003/2024(H5N1)	705	38099
MP|PP755590.1|A/cattle/Texas/24-008749-003/2024(H5N1)	706	37460
MP|PP755590.1|A/cattle/Texas/24-008749-003/2024(H5N1)	707	37336
MP|PP755590.1|A/cattle/Texas/24-008749-003/2024(H5N1)	708	37659
MP|PP755590.1|A/cattle/Texas/24-008749-003/2024(H5N1)	709	38139
MP|PP755590.1|A/cattle/Texas/24-008749-003/2024(H5N1)	710	38133
MP|PP755590.1|A/cattle/Texas/24-008749-003/2024(H5N1)	711	38053
MP|PP755590.1|A/cattle/Texas/24-008749-003/2024(H5N1)	712	37680
MP|PP755590.1|A/cattle/Texas/24-008749-003/2024(H5N1)	713	37664
MP|PP755590.1|A/cattle/Texas/24-008749-003/2024(H5N1)	714	37755
MP|PP755590.1|A/cattle/Texas/24-008749-003/2024(H5N1)	715	37838
MP|PP755590.1|A/cattle/Texas/24-008749-003/2024(H5N1)	716	37709
MP|PP755590.1|A/cattle/Texas/24-008749-003/2024(H5N1)	717	37323
MP|PP755590.1|A/cattle/Texas/24-008749-003/2024(H5N1)	718	37742
MP|PP755590.1|A/cattle/Texas/24-008749-003/2024(H5N1)	719	38392
MP|PP755590.1|A/cattle/Texas/24-008749-003/2024(H5N1)	720	38792
MP|PP755590.1|A/cattle/Texas/24-008749-003/2024(H5N1)	721	38729
MP|PP755590.1|A/cattle/Texas/24-008749-003/2024(H5N1)	722	38699
MP|PP755590.1|A/cattle/Texas/24-008749-003/2024(H5N1)	723	38380
MP|PP755590.1|A/cattle/Texas/24-008749-003/2024(H5N1)	724	38440
MP|PP755590.1|A/cattle/Texas/24-008749-003/2024(H5N1)	725	38496
MP|PP755590.1|A/cattle/Texas/24-008749-003/2024(H5N1)	726	38476
MP|PP755590.1|A/cattle/Texas/24-008749-003/2024(H5N1)	727	38004
MP|PP755590.1|A/cattle/Texas/24-008749-003/2024(H5N1)	728	37954
MP|PP755590.1|A/cattle/Texas/24-008749-003/2024(H5N1)	729	37962
MP|PP755590.1|A/cattle/Texas/24-008749-003/2024(H5N1)	730	38037
MP|PP755590.1|A/cattle/Texas/24-008749-003/2024(H5N1)	731	38070
MP|PP755590.1|A/cattle/Texas/24-008749-003/2024(H5N1)	732	37903
MP|PP755590.1|A/cattle/Texas/24-008749-003/2024(H5N1)	733	38375
MP|PP755590.1|A/cattle/Texas/24-008749-003/2024(H5N1)	734	39623
MP|PP755590.1|A/cattle/Texas/24-008749-003/2024(H5N1)	735	39340
MP|PP755590.1|A/cattle/Texas/24-008749-003/2024(H5N1)	736	39713
MP|PP755590.1|A/cattle/Texas/24-008749-003/2024(H5N1)	737	39641
MP|PP755590.1|A/cattle/Texas/24-008749-003/2024(H5N1)	738	39592
MP|PP755590.1|A/cattle/Texas/24-008749-003/2024(H5N1)	739	40695
MP|PP755590.1|A/cattle/Texas/24-008749-003/2024(H5N1)	740	40755
MP|PP755590.1|A/cattle/Texas/24-008749-003/2024(H5N1)	741	40713
MP|PP755590.1|A/cattle/Texas/24-008749-003/2024(H5N1)	742	40752
MP|PP755590.1|A/cattle/Texas/24-008749-003/2024(H5N1)	743	39612
MP|PP755590.1|A/cattle/Texas/24-008749-003/2024(H5N1)	744	39681
MP|PP755590.1|A/cattle/Texas/24-008749-003/2024(H5N1)	745	39503
MP|PP755590.1|A/cattle/Texas/24-008749-003/2024(H5N1)	746	39424
MP|PP755590.1|A/cattle/Texas/24-008749-003/2024(H5N1)	747	39396
MP|PP755590.1|A/cattle/Texas/24-008749-003/2024(H5N1)	748	40860
MP|PP755590.1|A/cattle/Texas/24-008749-003/2024(H5N1)	749	41003
MP|PP755590.1|A/cattle/Texas/24-008749-003/2024(H5N1)	750	42304
MP|PP755590.1|A/cattle/Texas/24-008749-003/2024(H5N1)	751	42402
MP|PP755590.1|A/cattle/Texas/24-008749-003/2024(H5N1)	752	42383
MP|PP755590.1|A/cattle/Texas/24-008749-003/2024(H5N1)	753	42749
MP|PP755590.1|A/cattle/Texas/24-008749-003/2024(H5N1)	754	43126
MP|PP755590.1|A/cattle/Texas/24-008749-003/2024(H5N1)	755	42650
MP|PP755590.1|A/cattle/Texas/24-008749-003/2024(H5N1)	756	42347
MP|PP755590.1|A/cattle/Texas/24-008749-003/2024(H5N1)	757	42829
MP|PP755590.1|A/cattle/Texas/24-008749-003/2024(H5N1)	758	42783
MP|PP755590.1|A/cattle/Texas/24-008749-003/2024(H5N1)	759	42868
MP|PP755590.1|A/cattle/Texas/24-008749-003/2024(H5N1)	760	42843
MP|PP755590.1|A/cattle/Texas/24-008749-003/2024(H5N1)	761	43221
MP|PP755590.1|A/cattle/Texas/24-008749-003/2024(H5N1)	762	42701
MP|PP755590.1|A/cattle/Texas/24-008749-003/2024(H5N1)	763	43063
MP|PP755590.1|A/cattle/Texas/24-008749-003/2024(H5N1)	764	43145
MP|PP755590.1|A/cattle/Texas/24-008749-003/2024(H5N1)	765	43051
MP|PP755590.1|A/cattle/Texas/24-008749-003/2024(H5N1)	766	44083
MP|PP755590.1|A/cattle/Texas/24-008749-003/2024(H5N1)	767	44069
MP|PP755590.1|A/cattle/Texas/24-008749-003/2024(H5N1)	768	43741
MP|PP755590.1|A/cattle/Texas/24-008749-003/2024(H5N1)	769	43955
MP|PP755590.1|A/cattle/Texas/24-008749-003/2024(H5N1)	770	43300
MP|PP755590.1|A/cattle/Texas/24-008749-003/2024(H5N1)	771	43536
MP|PP755590.1|A/cattle/Texas/24-008749-003/2024(H5N1)	772	43229
MP|PP755590.1|A/cattle/Texas/24-008749-003/2024(H5N1)	773	43097
MP|PP755590.1|A/cattle/Texas/24-008749-003/2024(H5N1)	774	42110
MP|PP755590.1|A/cattle/Texas/24-008749-003/2024(H5N1)	775	41397
MP|PP755590.1|A/cattle/Texas/24-008749-003/2024(H5N1)	776	41407
MP|PP755590.1|A/cattle/Texas/24-008749-003/2024(H5N1)	777	41815
MP|PP755590.1|A/cattle/Texas/24-008749-003/2024(H5N1)	778	41875
MP|PP755590.1|A/cattle/Texas/24-008749-003/2024(H5N1)	779	41777
MP|PP755590.1|A/cattle/Texas/24-008749-003/2024(H5N1)	780	41955
MP|PP755590.1|A/cattle/Texas/24-008749-003/2024(H5N1)	781	43751
MP|PP755590.1|A/cattle/Texas/24-008749-003/2024(H5N1)	782	43821
MP|PP755590.1|A/cattle/Texas/24-008749-003/2024(H5N1)	783	43884
MP|PP755590.1|A/cattle/Texas/24-008749-003/2024(H5N1)	784	44938
MP|PP755590.1|A/cattle/Texas/24-008749-003/2024(H5N1)	785	45058
MP|PP755590.1|A/cattle/Texas/24-008749-003/2024(H5N1)	786	45921
MP|PP755590.1|A/cattle/Texas/24-008749-003/2024(H5N1)	787	45728
MP|PP755590.1|A/cattle/Texas/24-008749-003/2024(H5N1)	788	45144
MP|PP755590.1|A/cattle/Texas/24-008749-003/2024(H5N1)	789	44386
MP|PP755590.1|A/cattle/Texas/24-008749-003/2024(H5N1)	790	44479
MP|PP755590.1|A/cattle/Texas/24-008749-003/2024(H5N1)	791	46551
MP|PP755590.1|A/cattle/Texas/24-008749-003/2024(H5N1)	792	46443
MP|PP755590.1|A/cattle/Texas/24-008749-003/2024(H5N1)	793	45903
MP|PP755590.1|A/cattle/Texas/24-008749-003/2024(H5N1)	794	46406
MP|PP755590.1|A/cattle/Texas/24-008749-003/2024(H5N1)	795	46805
MP|PP755590.1|A/cattle/Texas/24-008749-003/2024(H5N1)	796	47392
MP|PP755590.1|A/cattle/Texas/24-008749-003/2024(H5N1)	797	47225
MP|PP755590.1|A/cattle/Texas/24-008749-003/2024(H5N1)	798	47495
MP|PP755590.1|A/cattle/Texas/24-008749-003/2024(H5N1)	799	47511
MP|PP755590.1|A/cattle/Texas/24-008749-003/2024(H5N1)	800	46735
MP|PP755590.1|A/cattle/Texas/24-008749-003/2024(H5N1)	801	46892
MP|PP755590.1|A/cattle/Texas/24-008749-003/2024(H5N1)	802	46764
MP|PP755590.1|A/cattle/Texas/24-008749-003/2024(H5N1)	803	47597
MP|PP755590.1|A/cattle/Texas/24-008749-003/2024(H5N1)	804	46744
MP|PP755590.1|A/cattle/Texas/24-008749-003/2024(H5N1)	805	46366
MP|PP755590.1|A/cattle/Texas/24-008749-003/2024(H5N1)	806	46297
MP|PP755590.1|A/cattle/Texas/24-008749-003/2024(H5N1)	807	45767
MP|PP755590.1|A/cattle/Texas/24-008749-003/2024(H5N1)	808	46122
MP|PP755590.1|A/cattle/Texas/24-008749-003/2024(H5N1)	809	45962
MP|PP755590.1|A/cattle/Texas/24-008749-003/2024(H5N1)	810	45696
MP|PP755590.1|A/cattle/Texas/24-008749-003/2024(H5N1)	811	45683
MP|PP755590.1|A/cattle/Texas/24-008749-003/2024(H5N1)	812	44966
MP|PP755590.1|A/cattle/Texas/24-008749-003/2024(H5N1)	813	45026
MP|PP755590.1|A/cattle/Texas/24-008749-003/2024(H5N1)	814	44849
MP|PP755590.1|A/cattle/Texas/24-008749-003/2024(H5N1)	815	43396
MP|PP755590.1|A/cattle/Texas/24-008749-003/2024(H5N1)	816	43358
MP|PP755590.1|A/cattle/Texas/24-008749-003/2024(H5N1)	817	42995
MP|PP755590.1|A/cattle/Texas/24-008749-003/2024(H5N1)	818	42966
MP|PP755590.1|A/cattle/Texas/24-008749-003/2024(H5N1)	819	43274
MP|PP755590.1|A/cattle/Texas/24-008749-003/2024(H5N1)	820	43231
MP|PP755590.1|A/cattle/Texas/24-008749-003/2024(H5N1)	821	43189
MP|PP755590.1|A/cattle/Texas/24-008749-003/2024(H5N1)	822	43123
MP|PP755590.1|A/cattle/Texas/24-008749-003/2024(H5N1)	823	41919
MP|PP755590.1|A/cattle/Texas/24-008749-003/2024(H5N1)	824	44065
MP|PP755590.1|A/cattle/Texas/24-008749-003/2024(H5N1)	825	43893
MP|PP755590.1|A/cattle/Texas/24-008749-003/2024(H5N1)	826	43895
MP|PP755590.1|A/cattle/Texas/24-008749-003/2024(H5N1)	827	43979
MP|PP755590.1|A/cattle/Texas/24-008749-003/2024(H5N1)	828	43361
MP|PP755590.1|A/cattle/Texas/24-008749-003/2024(H5N1)	829	44356
MP|PP755590.1|A/cattle/Texas/24-008749-003/2024(H5N1)	830	44335
MP|PP755590.1|A/cattle/Texas/24-008749-003/2024(H5N1)	831	44353
MP|PP755590.1|A/cattle/Texas/24-008749-003/2024(H5N1)	832	43891
MP|PP755590.1|A/cattle/Texas/24-008749-003/2024(H5N1)	833	43662
MP|PP755590.1|A/cattle/Texas/24-008749-003/2024(H5N1)	834	43457
MP|PP755590.1|A/cattle/Texas/24-008749-003/2024(H5N1)	835	43438
MP|PP755590.1|A/cattle/Texas/24-008749-003/2024(H5N1)	836	43367
MP|PP755590.1|A/cattle/Texas/24-008749-003/2024(H5N1)	837	43561
MP|PP755590.1|A/cattle/Texas/24-008749-003/2024(H5N1)	838	43632
MP|PP755590.1|A/cattle/Texas/24-008749-003/2024(H5N1)	839	43683
MP|PP755590.1|A/cattle/Texas/24-008749-003/2024(H5N1)	840	43094
MP|PP755590.1|A/cattle/Texas/24-008749-003/2024(H5N1)	841	43095
MP|PP755590.1|A/cattle/Texas/24-008749-003/2024(H5N1)	842	43256
MP|PP755590.1|A/cattle/Texas/24-008749-003/2024(H5N1)	843	43239
MP|PP755590.1|A/cattle/Texas/24-008749-003/2024(H5N1)	844	43301
MP|PP755590.1|A/cattle/Texas/24-008749-003/2024(H5N1)	845	43216
MP|PP755590.1|A/cattle/Texas/24-008749-003/2024(H5N1)	846	42990
MP|PP755590.1|A/cattle/Texas/24-008749-003/2024(H5N1)	847	43177
MP|PP755590.1|A/cattle/Texas/24-008749-003/2024(H5N1)	848	43119
MP|PP755590.1|A/cattle/Texas/24-008749-003/2024(H5N1)	849	43263
MP|PP755590.1|A/cattle/Texas/24-008749-003/2024(H5N1)	850	43621
MP|PP755590.1|A/cattle/Texas/24-008749-003/2024(H5N1)	851	46516
MP|PP755590.1|A/cattle/Texas/24-008749-003/2024(H5N1)	852	46686
MP|PP755590.1|A/cattle/Texas/24-008749-003/2024(H5N1)	853	47206
MP|PP755590.1|A/cattle/Texas/24-008749-003/2024(H5N1)	854	47274
MP|PP755590.1|A/cattle/Texas/24-008749-003/2024(H5N1)	855	47304
MP|PP755590.1|A/cattle/Texas/24-008749-003/2024(H5N1)	856	47650
MP|PP755590.1|A/cattle/Texas/24-008749-003/2024(H5N1)	857	47651
MP|PP755590.1|A/cattle/Texas/24-008749-003/2024(H5N1)	858	47326
MP|PP755590.1|A/cattle/Texas/24-008749-003/2024(H5N1)	859	46479
MP|PP755590.1|A/cattle/Texas/24-008749-003/2024(H5N1)	860	46034
MP|PP755590.1|A/cattle/Texas/24-008749-003/2024(H5N1)	861	46307
MP|PP755590.1|A/cattle/Texas/24-008749-003/2024(H5N1)	862	46075
MP|PP755590.1|A/cattle/Texas/24-008749-003/2024(H5N1)	863	45971
MP|PP755590.1|A/cattle/Texas/24-008749-003/2024(H5N1)	864	45963
MP|PP755590.1|A/cattle/Texas/24-008749-003/2024(H5N1)	865	45598
MP|PP755590.1|A/cattle/Texas/24-008749-003/2024(H5N1)	866	45581
MP|PP755590.1|A/cattle/Texas/24-008749-003/2024(H5N1)	867	45615
MP|PP755590.1|A/cattle/Texas/24-008749-003/2024(H5N1)	868	45593
MP|PP755590.1|A/cattle/Texas/24-008749-003/2024(H5N1)	869	45105
MP|PP755590.1|A/cattle/Texas/24-008749-003/2024(H5N1)	870	44618
MP|PP755590.1|A/cattle/Texas/24-008749-003/2024(H5N1)	871	43978
MP|PP755590.1|A/cattle/Texas/24-008749-003/2024(H5N1)	872	43980
MP|PP755590.1|A/cattle/Texas/24-008749-003/2024(H5N1)	873	44003
MP|PP755590.1|A/cattle/Texas/24-008749-003/2024(H5N1)	874	44143
MP|PP755590.1|A/cattle/Texas/24-008749-003/2024(H5N1)	875	44009
MP|PP755590.1|A/cattle/Texas/24-008749-003/2024(H5N1)	876	43564
MP|PP755590.1|A/cattle/Texas/24-008749-003/2024(H5N1)	877	43513
MP|PP755590.1|A/cattle/Texas/24-008749-003/2024(H5N1)	878	43548
MP|PP755590.1|A/cattle/Texas/24-008749-003/2024(H5N1)	879	43301
MP|PP755590.1|A/cattle/Texas/24-008749-003/2024(H5N1)	880	43252
MP|PP755590.1|A/cattle/Texas/24-008749-003/2024(H5N1)	881	43315
MP|PP755590.1|A/cattle/Texas/24-008749-003/2024(H5N1)	882	43230
MP|PP755590.1|A/cattle/Texas/24-008749-003/2024(H5N1)	883	42707
MP|PP755590.1|A/cattle/Texas/24-008749-003/2024(H5N1)	884	42573
MP|PP755590.1|A/cattle/Texas/24-008749-003/2024(H5N1)	885	41261
MP|PP755590.1|A/cattle/Texas/24-008749-003/2024(H5N1)	886	41246
MP|PP755590.1|A/cattle/Texas/24-008749-003/2024(H5N1)	887	40787
MP|PP755590.1|A/cattle/Texas/24-008749-003/2024(H5N1)	888	41304
MP|PP755590.1|A/cattle/Texas/24-008749-003/2024(H5N1)	889	41089
MP|PP755590.1|A/cattle/Texas/24-008749-003/2024(H5N1)	890	40503
MP|PP755590.1|A/cattle/Texas/24-008749-003/2024(H5N1)	891	40356
MP|PP755590.1|A/cattle/Texas/24-008749-003/2024(H5N1)	892	40480
MP|PP755590.1|A/cattle/Texas/24-008749-003/2024(H5N1)	893	40446
MP|PP755590.1|A/cattle/Texas/24-008749-003/2024(H5N1)	894	40297
MP|PP755590.1|A/cattle/Texas/24-008749-003/2024(H5N1)	895	39960
MP|PP755590.1|A/cattle/Texas/24-008749-003/2024(H5N1)	896	39978
MP|PP755590.1|A/cattle/Texas/24-008749-003/2024(H5N1)	897	37657
MP|PP755590.1|A/cattle/Texas/24-008749-003/2024(H5N1)	898	37824
MP|PP755590.1|A/cattle/Texas/24-008749-003/2024(H5N1)	899	36603
MP|PP755590.1|A/cattle/Texas/24-008749-003/2024(H5N1)	900	35865
MP|PP755590.1|A/cattle/Texas/24-008749-003/2024(H5N1)	901	35351
MP|PP755590.1|A/cattle/Texas/24-008749-003/2024(H5N1)	902	35081
MP|PP755590.1|A/cattle/Texas/24-008749-003/2024(H5N1)	903	35121
MP|PP755590.1|A/cattle/Texas/24-008749-003/2024(H5N1)	904	34765
MP|PP755590.1|A/cattle/Texas/24-008749-003/2024(H5N1)	905	34394
MP|PP755590.1|A/cattle/Texas/24-008749-003/2024(H5N1)	906	34410
MP|PP755590.1|A/cattle/Texas/24-008749-003/2024(H5N1)	907	33405
MP|PP755590.1|A/cattle/Texas/24-008749-003/2024(H5N1)	908	33450
MP|PP755590.1|A/cattle/Texas/24-008749-003/2024(H5N1)	909	33372
MP|PP755590.1|A/cattle/Texas/24-008749-003/2024(H5N1)	910	32617
MP|PP755590.1|A/cattle/Texas/24-008749-003/2024(H5N1)	911	32692
MP|PP755590.1|A/cattle/Texas/24-008749-003/2024(H5N1)	912	32219
MP|PP755590.1|A/cattle/Texas/24-008749-003/2024(H5N1)	913	32195
MP|PP755590.1|A/cattle/Texas/24-008749-003/2024(H5N1)	914	31625
MP|PP755590.1|A/cattle/Texas/24-008749-003/2024(H5N1)	915	31103
MP|PP755590.1|A/cattle/Texas/24-008749-003/2024(H5N1)	916	30572
MP|PP755590.1|A/cattle/Texas/24-008749-003/2024(H5N1)	917	30218
MP|PP755590.1|A/cattle/Texas/24-008749-003/2024(H5N1)	918	30268
MP|PP755590.1|A/cattle/Texas/24-008749-003/2024(H5N1)	919	30181
MP|PP755590.1|A/cattle/Texas/24-008749-003/2024(H5N1)	920	29789
MP|PP755590.1|A/cattle/Texas/24-008749-003/2024(H5N1)	921	29627
MP|PP755590.1|A/cattle/Texas/24-008749-003/2024(H5N1)	922	29155
MP|PP755590.1|A/cattle/Texas/24-008749-003/2024(H5N1)	923	29328
MP|PP755590.1|A/cattle/Texas/24-008749-003/2024(H5N1)	924	29260
MP|PP755590.1|A/cattle/Texas/24-008749-003/2024(H5N1)	925	29154
MP|PP755590.1|A/cattle/Texas/24-008749-003/2024(H5N1)	926	29203
MP|PP755590.1|A/cattle/Texas/24-008749-003/2024(H5N1)	927	28580
MP|PP755590.1|A/cattle/Texas/24-008749-003/2024(H5N1)	928	28645
MP|PP755590.1|A/cattle/Texas/24-008749-003/2024(H5N1)	929	28579
MP|PP755590.1|A/cattle/Texas/24-008749-003/2024(H5N1)	930	28514
MP|PP755590.1|A/cattle/Texas/24-008749-003/2024(H5N1)	931	28007
MP|PP755590.1|A/cattle/Texas/24-008749-003/2024(H5N1)	932	25637
MP|PP755590.1|A/cattle/Texas/24-008749-003/2024(H5N1)	933	25691
MP|PP755590.1|A/cattle/Texas/24-008749-003/2024(H5N1)	934	25539
MP|PP755590.1|A/cattle/Texas/24-008749-003/2024(H5N1)	935	24591
MP|PP755590.1|A/cattle/Texas/24-008749-003/2024(H5N1)	936	24453
MP|PP755590.1|A/cattle/Texas/24-008749-003/2024(H5N1)	937	23271
MP|PP755590.1|A/cattle/Texas/24-008749-003/2024(H5N1)	938	23279
MP|PP755590.1|A/cattle/Texas/24-008749-003/2024(H5N1)	939	23226
MP|PP755590.1|A/cattle/Texas/24-008749-003/2024(H5N1)	940	23190
MP|PP755590.1|A/cattle/Texas/24-008749-003/2024(H5N1)	941	23124
MP|PP755590.1|A/cattle/Texas/24-008749-003/2024(H5N1)	942	20690
MP|PP755590.1|A/cattle/Texas/24-008749-003/2024(H5N1)	943	20632
MP|PP755590.1|A/cattle/Texas/24-008749-003/2024(H5N1)	944	19880
MP|PP755590.1|A/cattle/Texas/24-008749-003/2024(H5N1)	945	19030
MP|PP755590.1|A/cattle/Texas/24-008749-003/2024(H5N1)	946	18419
MP|PP755590.1|A/cattle/Texas/24-008749-003/2024(H5N1)	947	17952
MP|PP755590.1|A/cattle/Texas/24-008749-003/2024(H5N1)	948	17861
MP|PP755590.1|A/cattle/Texas/24-008749-003/2024(H5N1)	949	17343
MP|PP755590.1|A/cattle/Texas/24-008749-003/2024(H5N1)	950	17124
MP|PP755590.1|A/cattle/Texas/24-008749-003/2024(H5N1)	951	16923
MP|PP755590.1|A/cattle/Texas/24-008749-003/2024(H5N1)	952	16741
MP|PP755590.1|A/cattle/Texas/24-008749-003/2024(H5N1)	953	16603
MP|PP755590.1|A/cattle/Texas/24-008749-003/2024(H5N1)	954	16239
MP|PP755590.1|A/cattle/Texas/24-008749-003/2024(H5N1)	955	16199
MP|PP755590.1|A/cattle/Texas/24-008749-003/2024(H5N1)	956	16049
MP|PP755590.1|A/cattle/Texas/24-008749-003/2024(H5N1)	957	16024
MP|PP755590.1|A/cattle/Texas/24-008749-003/2024(H5N1)	958	15987
MP|PP755590.1|A/cattle/Texas/24-008749-003/2024(H5N1)	959	15822
MP|PP755590.1|A/cattle/Texas/24-008749-003/2024(H5N1)	960	15766
MP|PP755590.1|A/cattle/Texas/24-008749-003/2024(H5N1)	961	15666
MP|PP755590.1|A/cattle/Texas/24-008749-003/2024(H5N1)	962	15631
MP|PP755590.1|A/cattle/Texas/24-008749-003/2024(H5N1)	963	15376
MP|PP755590.1|A/cattle/Texas/24-008749-003/2024(H5N1)	964	15326
MP|PP755590.1|A/cattle/Texas/24-008749-003/2024(H5N1)	965	15255
MP|PP755590.1|A/cattle/Texas/24-008749-003/2024(H5N1)	966	15165
MP|PP755590.1|A/cattle/Texas/24-008749-003/2024(H5N1)	967	15132
MP|PP755590.1|A/cattle/Texas/24-008749-003/2024(H5N1)	968	15080
MP|PP755590.1|A/cattle/Texas/24-008749-003/2024(H5N1)	969	15074
MP|PP755590.1|A/cattle/Texas/24-008749-003/2024(H5N1)	970	14457
MP|PP755590.1|A/cattle/Texas/24-008749-003/2024(H5N1)	971	14451
MP|PP755590.1|A/cattle/Texas/24-008749-003/2024(H5N1)	972	14265
MP|PP755590.1|A/cattle/Texas/24-008749-003/2024(H5N1)	973	14260
MP|PP755590.1|A/cattle/Texas/24-008749-003/2024(H5N1)	974	14111
MP|PP755590.1|A/cattle/Texas/24-008749-003/2024(H5N1)	975	11008
MP|PP755590.1|A/cattle/Texas/24-008749-003/2024(H5N1)	976	10868
MP|PP755590.1|A/cattle/Texas/24-008749-003/2024(H5N1)	977	10862
MP|PP755590.1|A/cattle/Texas/24-008749-003/2024(H5N1)	978	10803
MP|PP755590.1|A/cattle/Texas/24-008749-003/2024(H5N1)	979	10789
MP|PP755590.1|A/cattle/Texas/24-008749-003/2024(H5N1)	980	9523
MP|PP755590.1|A/cattle/Texas/24-008749-003/2024(H5N1)	981	9465
MP|PP755590.1|A/cattle/Texas/24-008749-003/2024(H5N1)	982	9441
