NA|PP755591.1|A/cattle/Texas/24-008749-003/2024(H5N1)	1	8345
NA|PP755591.1|A/cattle/Texas/24-008749-003/2024(H5N1)	2	8363
NA|PP755591.1|A/cattle/Texas/24-008749-003/2024(H5N1)	3	8398
NA|PP755591.1|A/cattle/Texas/24-008749-003/2024(H5N1)	4	8425
NA|PP755591.1|A/cattle/Texas/24-008749-003/2024(H5N1)	5	8646
NA|PP755591.1|A/cattle/Texas/24-008749-003/2024(H5N1)	6	8681
NA|PP755591.1|A/cattle/Texas/24-008749-003/2024(H5N1)	7	8708
NA|PP755591.1|A/cattle/Texas/24-008749-003/2024(H5N1)	8	8730
NA|PP755591.1|A/cattle/Texas/24-008749-003/2024(H5N1)	9	8747
NA|PP755591.1|A/cattle/Texas/24-008749-003/2024(H5N1)	10	8955
NA|PP755591.1|A/cattle/Texas/24-008749-003/2024(H5N1)	11	8981
NA|PP755591.1|A/cattle/Texas/24-008749-003/2024(H5N1)	12	9015
NA|PP755591.1|A/cattle/Texas/24-008749-003/2024(H5N1)	13	9045
NA|PP755591.1|A/cattle/Texas/24-008749-003/2024(H5N1)	14	9072
NA|PP755591.1|A/cattle/Texas/24-008749-003/2024(H5N1)	15	9349
NA|PP755591.1|A/cattle/Texas/24-008749-003/2024(H5N1)	16	9362
NA|PP755591.1|A/cattle/Texas/24-008749-003/2024(H5N1)	17	9418
NA|PP755591.1|A/cattle/Texas/24-008749-003/2024(H5N1)	18	9424
NA|PP755591.1|A/cattle/Texas/24-008749-003/2024(H5N1)	19	9424
NA|PP755591.1|A/cattle/Texas/24-008749-003/2024(H5N1)	20	9425
NA|PP755591.1|A/cattle/Texas/24-008749-003/2024(H5N1)	21	9425
NA|PP755591.1|A/cattle/Texas/24-008749-003/2024(H5N1)	22	9422
NA|PP755591.1|A/cattle/Texas/24-008749-003/2024(H5N1)	23	9422
NA|PP755591.1|A/cattle/Texas/24-008749-003/2024(H5N1)	24	9420
NA|PP755591.1|A/cattle/Texas/24-008749-003/2024(H5N1)	25	9418
NA|PP755591.1|A/cattle/Texas/24-008749-003/2024(H5N1)	26	9418
NA|PP755591.1|A/cattle/Texas/24-008749-003/2024(H5N1)	27	9354
NA|PP755591.1|A/cattle/Texas/24-008749-003/2024(H5N1)	28	9355
NA|PP755591.1|A/cattle/Texas/24-008749-003/2024(H5N1)	29	9355
NA|PP755591.1|A/cattle/Texas/24-008749-003/2024(H5N1)	30	9355
NA|PP755591.1|A/cattle/Texas/24-008749-003/2024(H5N1)	31	9356
NA|PP755591.1|A/cattle/Texas/24-008749-003/2024(H5N1)	32	9357
NA|PP755591.1|A/cattle/Texas/24-008749-003/2024(H5N1)	33	9356
NA|PP755591.1|A/cattle/Texas/24-008749-003/2024(H5N1)	34	9356
NA|PP755591.1|A/cattle/Texas/24-008749-003/2024(H5N1)	35	9357
NA|PP755591.1|A/cattle/Texas/24-008749-003/2024(H5N1)	36	9358
NA|PP755591.1|A/cattle/Texas/24-008749-003/2024(H5N1)	37	9359
NA|PP755591.1|A/cattle/Texas/24-008749-003/2024(H5N1)	38	9359
NA|PP755591.1|A/cattle/Texas/24-008749-003/2024(H5N1)	39	9359
NA|PP755591.1|A/cattle/Texas/24-008749-003/2024(H5N1)	40	9353
NA|PP755591.1|A/cattle/Texas/24-008749-003/2024(H5N1)	41	9351
NA|PP755591.1|A/cattle/Texas/24-008749-003/2024(H5N1)	42	9351
NA|PP755591.1|A/cattle/Texas/24-008749-003/2024(H5N1)	43	9351
NA|PP755591.1|A/cattle/Texas/24-008749-003/2024(H5N1)	44	9351
NA|PP755591.1|A/cattle/Texas/24-008749-003/2024(H5N1)	45	9349
NA|PP755591.1|A/cattle/Texas/24-008749-003/2024(H5N1)	46	9349
NA|PP755591.1|A/cattle/Texas/24-008749-003/2024(H5N1)	47	9339
NA|PP755591.1|A/cattle/Texas/24-008749-003/2024(H5N1)	48	9330
NA|PP755591.1|A/cattle/Texas/24-008749-003/2024(H5N1)	49	9330
NA|PP755591.1|A/cattle/Texas/24-008749-003/2024(H5N1)	50	9324
NA|PP755591.1|A/cattle/Texas/24-008749-003/2024(H5N1)	51	9324
NA|PP755591.1|A/cattle/Texas/24-008749-003/2024(H5N1)	52	9324
NA|PP755591.1|A/cattle/Texas/24-008749-003/2024(H5N1)	53	9324
NA|PP755591.1|A/cattle/Texas/24-008749-003/2024(H5N1)	54	9204
NA|PP755591.1|A/cattle/Texas/24-008749-003/2024(H5N1)	55	9204
NA|PP755591.1|A/cattle/Texas/24-008749-003/2024(H5N1)	56	9204
NA|PP755591.1|A/cattle/Texas/24-008749-003/2024(H5N1)	57	9200
NA|PP755591.1|A/cattle/Texas/24-008749-003/2024(H5N1)	58	9198
NA|PP755591.1|A/cattle/Texas/24-008749-003/2024(H5N1)	59	9198
NA|PP755591.1|A/cattle/Texas/24-008749-003/2024(H5N1)	60	9198
NA|PP755591.1|A/cattle/Texas/24-008749-003/2024(H5N1)	61	9125
NA|PP755591.1|A/cattle/Texas/24-008749-003/2024(H5N1)	62	9121
NA|PP755591.1|A/cattle/Texas/24-008749-003/2024(H5N1)	63	9121
NA|PP755591.1|A/cattle/Texas/24-008749-003/2024(H5N1)	64	9121
NA|PP755591.1|A/cattle/Texas/24-008749-003/2024(H5N1)	65	9293
NA|PP755591.1|A/cattle/Texas/24-008749-003/2024(H5N1)	66	9352
NA|PP755591.1|A/cattle/Texas/24-008749-003/2024(H5N1)	67	9701
NA|PP755591.1|A/cattle/Texas/24-008749-003/2024(H5N1)	68	9749
NA|PP755591.1|A/cattle/Texas/24-008749-003/2024(H5N1)	69	9824
NA|PP755591.1|A/cattle/Texas/24-008749-003/2024(H5N1)	70	9912
NA|PP755591.1|A/cattle/Texas/24-008749-003/2024(H5N1)	71	9942
NA|PP755591.1|A/cattle/Texas/24-008749-003/2024(H5N1)	72	9993
NA|PP755591.1|A/cattle/Texas/24-008749-003/2024(H5N1)	73	18378
NA|PP755591.1|A/cattle/Texas/24-008749-003/2024(H5N1)	74	18445
NA|PP755591.1|A/cattle/Texas/24-008749-003/2024(H5N1)	75	18492
NA|PP755591.1|A/cattle/Texas/24-008749-003/2024(H5N1)	76	18551
NA|PP755591.1|A/cattle/Texas/24-008749-003/2024(H5N1)	77	18606
NA|PP755591.1|A/cattle/Texas/24-008749-003/2024(H5N1)	78	18620
NA|PP755591.1|A/cattle/Texas/24-008749-003/2024(H5N1)	79	18957
NA|PP755591.1|A/cattle/Texas/24-008749-003/2024(H5N1)	80	18985
NA|PP755591.1|A/cattle/Texas/24-008749-003/2024(H5N1)	81	19021
NA|PP755591.1|A/cattle/Texas/24-008749-003/2024(H5N1)	82	19296
NA|PP755591.1|A/cattle/Texas/24-008749-003/2024(H5N1)	83	19358
NA|PP755591.1|A/cattle/Texas/24-008749-003/2024(H5N1)	84	19530
NA|PP755591.1|A/cattle/Texas/24-008749-003/2024(H5N1)	85	19545
NA|PP755591.1|A/cattle/Texas/24-008749-003/2024(H5N1)	86	19613
NA|PP755591.1|A/cattle/Texas/24-008749-003/2024(H5N1)	87	19681
NA|PP755591.1|A/cattle/Texas/24-008749-003/2024(H5N1)	88	19708
NA|PP755591.1|A/cattle/Texas/24-008749-003/2024(H5N1)	89	19748
NA|PP755591.1|A/cattle/Texas/24-008749-003/2024(H5N1)	90	19765
NA|PP755591.1|A/cattle/Texas/24-008749-003/2024(H5N1)	91	19807
NA|PP755591.1|A/cattle/Texas/24-008749-003/2024(H5N1)	92	20009
NA|PP755591.1|A/cattle/Texas/24-008749-003/2024(H5N1)	93	19999
NA|PP755591.1|A/cattle/Texas/24-008749-003/2024(H5N1)	94	19997
NA|PP755591.1|A/cattle/Texas/24-008749-003/2024(H5N1)	95	19997
NA|PP755591.1|A/cattle/Texas/24-008749-003/2024(H5N1)	96	19995
NA|PP755591.1|A/cattle/Texas/24-008749-003/2024(H5N1)	97	19981
NA|PP755591.1|A/cattle/Texas/24-008749-003/2024(H5N1)	98	19960
NA|PP755591.1|A/cattle/Texas/24-008749-003/2024(H5N1)	99	19956
NA|PP755591.1|A/cattle/Texas/24-008749-003/2024(H5N1)	100	19956
NA|PP755591.1|A/cattle/Texas/24-008749-003/2024(H5N1)	101	19642
NA|PP755591.1|A/cattle/Texas/24-008749-003/2024(H5N1)	102	19631
NA|PP755591.1|A/cattle/Texas/24-008749-003/2024(H5N1)	103	19587
NA|PP755591.1|A/cattle/Texas/24-008749-003/2024(H5N1)	104	19586
NA|PP755591.1|A/cattle/Texas/24-008749-003/2024(H5N1)	105	19437
NA|PP755591.1|A/cattle/Texas/24-008749-003/2024(H5N1)	106	19431
NA|PP755591.1|A/cattle/Texas/24-008749-003/2024(H5N1)	107	19177
NA|PP755591.1|A/cattle/Texas/24-008749-003/2024(H5N1)	108	19144
NA|PP755591.1|A/cattle/Texas/24-008749-003/2024(H5N1)	109	19143
NA|PP755591.1|A/cattle/Texas/24-008749-003/2024(H5N1)	110	19141
NA|PP755591.1|A/cattle/Texas/24-008749-003/2024(H5N1)	111	19066
NA|PP755591.1|A/cattle/Texas/24-008749-003/2024(H5N1)	112	18958
NA|PP755591.1|A/cattle/Texas/24-008749-003/2024(H5N1)	113	18906
NA|PP755591.1|A/cattle/Texas/24-008749-003/2024(H5N1)	114	18503
NA|PP755591.1|A/cattle/Texas/24-008749-003/2024(H5N1)	115	18501
NA|PP755591.1|A/cattle/Texas/24-008749-003/2024(H5N1)	116	18428
NA|PP755591.1|A/cattle/Texas/24-008749-003/2024(H5N1)	117	18428
NA|PP755591.1|A/cattle/Texas/24-008749-003/2024(H5N1)	118	18428
NA|PP755591.1|A/cattle/Texas/24-008749-003/2024(H5N1)	119	18426
NA|PP755591.1|A/cattle/Texas/24-008749-003/2024(H5N1)	120	2472
NA|PP755591.1|A/cattle/Texas/24-008749-003/2024(H5N1)	121	2409
NA|PP755591.1|A/cattle/Texas/24-008749-003/2024(H5N1)	122	2407
NA|PP755591.1|A/cattle/Texas/24-008749-003/2024(H5N1)	123	2405
NA|PP755591.1|A/cattle/Texas/24-008749-003/2024(H5N1)	124	2405
NA|PP755591.1|A/cattle/Texas/24-008749-003/2024(H5N1)	125	2405
NA|PP755591.1|A/cattle/Texas/24-008749-003/2024(H5N1)	126	2357
NA|PP755591.1|A/cattle/Texas/24-008749-003/2024(H5N1)	127	2357
NA|PP755591.1|A/cattle/Texas/24-008749-003/2024(H5N1)	128	2351
NA|PP755591.1|A/cattle/Texas/24-008749-003/2024(H5N1)	129	2351
NA|PP755591.1|A/cattle/Texas/24-008749-003/2024(H5N1)	130	2351
NA|PP755591.1|A/cattle/Texas/24-008749-003/2024(H5N1)	131	2351
NA|PP755591.1|A/cattle/Texas/24-008749-003/2024(H5N1)	132	2351
NA|PP755591.1|A/cattle/Texas/24-008749-003/2024(H5N1)	133	2351
NA|PP755591.1|A/cattle/Texas/24-008749-003/2024(H5N1)	134	2351
NA|PP755591.1|A/cattle/Texas/24-008749-003/2024(H5N1)	135	2351
NA|PP755591.1|A/cattle/Texas/24-008749-003/2024(H5N1)	136	2351
NA|PP755591.1|A/cattle/Texas/24-008749-003/2024(H5N1)	137	2351
NA|PP755591.1|A/cattle/Texas/24-008749-003/2024(H5N1)	138	2351
NA|PP755591.1|A/cattle/Texas/24-008749-003/2024(H5N1)	139	2351
NA|PP755591.1|A/cattle/Texas/24-008749-003/2024(H5N1)	140	2351
NA|PP755591.1|A/cattle/Texas/24-008749-003/2024(H5N1)	141	2351
NA|PP755591.1|A/cattle/Texas/24-008749-003/2024(H5N1)	142	2351
NA|PP755591.1|A/cattle/Texas/24-008749-003/2024(H5N1)	143	4140
NA|PP755591.1|A/cattle/Texas/24-008749-003/2024(H5N1)	144	4141
NA|PP755591.1|A/cattle/Texas/24-008749-003/2024(H5N1)	145	4141
NA|PP755591.1|A/cattle/Texas/24-008749-003/2024(H5N1)	146	4141
NA|PP755591.1|A/cattle/Texas/24-008749-003/2024(H5N1)	147	4141
NA|PP755591.1|A/cattle/Texas/24-008749-003/2024(H5N1)	148	4141
NA|PP755591.1|A/cattle/Texas/24-008749-003/2024(H5N1)	149	4141
NA|PP755591.1|A/cattle/Texas/24-008749-003/2024(H5N1)	150	4141
NA|PP755591.1|A/cattle/Texas/24-008749-003/2024(H5N1)	151	4141
NA|PP755591.1|A/cattle/Texas/24-008749-003/2024(H5N1)	152	4141
NA|PP755591.1|A/cattle/Texas/24-008749-003/2024(H5N1)	153	4141
NA|PP755591.1|A/cattle/Texas/24-008749-003/2024(H5N1)	154	4141
NA|PP755591.1|A/cattle/Texas/24-008749-003/2024(H5N1)	155	4141
NA|PP755591.1|A/cattle/Texas/24-008749-003/2024(H5N1)	156	3962
NA|PP755591.1|A/cattle/Texas/24-008749-003/2024(H5N1)	157	3962
NA|PP755591.1|A/cattle/Texas/24-008749-003/2024(H5N1)	158	3961
NA|PP755591.1|A/cattle/Texas/24-008749-003/2024(H5N1)	159	3970
NA|PP755591.1|A/cattle/Texas/24-008749-003/2024(H5N1)	160	3971
NA|PP755591.1|A/cattle/Texas/24-008749-003/2024(H5N1)	161	3971
NA|PP755591.1|A/cattle/Texas/24-008749-003/2024(H5N1)	162	3971
NA|PP755591.1|A/cattle/Texas/24-008749-003/2024(H5N1)	163	3971
NA|PP755591.1|A/cattle/Texas/24-008749-003/2024(H5N1)	164	3971
NA|PP755591.1|A/cattle/Texas/24-008749-003/2024(H5N1)	165	3971
NA|PP755591.1|A/cattle/Texas/24-008749-003/2024(H5N1)	166	3971
NA|PP755591.1|A/cattle/Texas/24-008749-003/2024(H5N1)	167	3971
NA|PP755591.1|A/cattle/Texas/24-008749-003/2024(H5N1)	168	3961
NA|PP755591.1|A/cattle/Texas/24-008749-003/2024(H5N1)	169	3961
NA|PP755591.1|A/cattle/Texas/24-008749-003/2024(H5N1)	170	3961
NA|PP755591.1|A/cattle/Texas/24-008749-003/2024(H5N1)	171	3960
NA|PP755591.1|A/cattle/Texas/24-008749-003/2024(H5N1)	172	3962
NA|PP755591.1|A/cattle/Texas/24-008749-003/2024(H5N1)	173	3962
NA|PP755591.1|A/cattle/Texas/24-008749-003/2024(H5N1)	174	3962
NA|PP755591.1|A/cattle/Texas/24-008749-003/2024(H5N1)	175	3962
NA|PP755591.1|A/cattle/Texas/24-008749-003/2024(H5N1)	176	3960
NA|PP755591.1|A/cattle/Texas/24-008749-003/2024(H5N1)	177	3960
NA|PP755591.1|A/cattle/Texas/24-008749-003/2024(H5N1)	178	3962
NA|PP755591.1|A/cattle/Texas/24-008749-003/2024(H5N1)	179	3962
NA|PP755591.1|A/cattle/Texas/24-008749-003/2024(H5N1)	180	3962
NA|PP755591.1|A/cattle/Texas/24-008749-003/2024(H5N1)	181	3963
NA|PP755591.1|A/cattle/Texas/24-008749-003/2024(H5N1)	182	3963
NA|PP755591.1|A/cattle/Texas/24-008749-003/2024(H5N1)	183	3963
NA|PP755591.1|A/cattle/Texas/24-008749-003/2024(H5N1)	184	3963
NA|PP755591.1|A/cattle/Texas/24-008749-003/2024(H5N1)	185	3963
NA|PP755591.1|A/cattle/Texas/24-008749-003/2024(H5N1)	186	3963
NA|PP755591.1|A/cattle/Texas/24-008749-003/2024(H5N1)	187	3964
NA|PP755591.1|A/cattle/Texas/24-008749-003/2024(H5N1)	188	3964
NA|PP755591.1|A/cattle/Texas/24-008749-003/2024(H5N1)	189	3964
NA|PP755591.1|A/cattle/Texas/24-008749-003/2024(H5N1)	190	3964
NA|PP755591.1|A/cattle/Texas/24-008749-003/2024(H5N1)	191	3964
NA|PP755591.1|A/cattle/Texas/24-008749-003/2024(H5N1)	192	3962
NA|PP755591.1|A/cattle/Texas/24-008749-003/2024(H5N1)	193	3962
NA|PP755591.1|A/cattle/Texas/24-008749-003/2024(H5N1)	194	3962
NA|PP755591.1|A/cattle/Texas/24-008749-003/2024(H5N1)	195	3959
NA|PP755591.1|A/cattle/Texas/24-008749-003/2024(H5N1)	196	3958
NA|PP755591.1|A/cattle/Texas/24-008749-003/2024(H5N1)	197	3958
NA|PP755591.1|A/cattle/Texas/24-008749-003/2024(H5N1)	198	3957
NA|PP755591.1|A/cattle/Texas/24-008749-003/2024(H5N1)	199	3957
NA|PP755591.1|A/cattle/Texas/24-008749-003/2024(H5N1)	200	3957
NA|PP755591.1|A/cattle/Texas/24-008749-003/2024(H5N1)	201	3954
NA|PP755591.1|A/cattle/Texas/24-008749-003/2024(H5N1)	202	3950
NA|PP755591.1|A/cattle/Texas/24-008749-003/2024(H5N1)	203	3949
NA|PP755591.1|A/cattle/Texas/24-008749-003/2024(H5N1)	204	3947
NA|PP755591.1|A/cattle/Texas/24-008749-003/2024(H5N1)	205	3947
NA|PP755591.1|A/cattle/Texas/24-008749-003/2024(H5N1)	206	3904
NA|PP755591.1|A/cattle/Texas/24-008749-003/2024(H5N1)	207	3529
NA|PP755591.1|A/cattle/Texas/24-008749-003/2024(H5N1)	208	3528
NA|PP755591.1|A/cattle/Texas/24-008749-003/2024(H5N1)	209	3528
NA|PP755591.1|A/cattle/Texas/24-008749-003/2024(H5N1)	210	3528
NA|PP755591.1|A/cattle/Texas/24-008749-003/2024(H5N1)	211	3266
NA|PP755591.1|A/cattle/Texas/24-008749-003/2024(H5N1)	212	3099
NA|PP755591.1|A/cattle/Texas/24-008749-003/2024(H5N1)	213	3094
NA|PP755591.1|A/cattle/Texas/24-008749-003/2024(H5N1)	214	3094
NA|PP755591.1|A/cattle/Texas/24-008749-003/2024(H5N1)	215	3094
NA|PP755591.1|A/cattle/Texas/24-008749-003/2024(H5N1)	216	2999
NA|PP755591.1|A/cattle/Texas/24-008749-003/2024(H5N1)	217	2913
NA|PP755591.1|A/cattle/Texas/24-008749-003/2024(H5N1)	218	2818
NA|PP755591.1|A/cattle/Texas/24-008749-003/2024(H5N1)	219	2816
NA|PP755591.1|A/cattle/Texas/24-008749-003/2024(H5N1)	220	2790
NA|PP755591.1|A/cattle/Texas/24-008749-003/2024(H5N1)	221	2729
NA|PP755591.1|A/cattle/Texas/24-008749-003/2024(H5N1)	222	51
NA|PP755591.1|A/cattle/Texas/24-008749-003/2024(H5N1)	223	32
NA|PP755591.1|A/cattle/Texas/24-008749-003/2024(H5N1)	224	32
NA|PP755591.1|A/cattle/Texas/24-008749-003/2024(H5N1)	225	32
NA|PP755591.1|A/cattle/Texas/24-008749-003/2024(H5N1)	226	32
NA|PP755591.1|A/cattle/Texas/24-008749-003/2024(H5N1)	227	32
NA|PP755591.1|A/cattle/Texas/24-008749-003/2024(H5N1)	228	8
NA|PP755591.1|A/cattle/Texas/24-008749-003/2024(H5N1)	229	8
NA|PP755591.1|A/cattle/Texas/24-008749-003/2024(H5N1)	230	8
NA|PP755591.1|A/cattle/Texas/24-008749-003/2024(H5N1)	231	8
NA|PP755591.1|A/cattle/Texas/24-008749-003/2024(H5N1)	232	8
NA|PP755591.1|A/cattle/Texas/24-008749-003/2024(H5N1)	233	7
NA|PP755591.1|A/cattle/Texas/24-008749-003/2024(H5N1)	234	7
NA|PP755591.1|A/cattle/Texas/24-008749-003/2024(H5N1)	235	7
NA|PP755591.1|A/cattle/Texas/24-008749-003/2024(H5N1)	236	7
NA|PP755591.1|A/cattle/Texas/24-008749-003/2024(H5N1)	237	6
NA|PP755591.1|A/cattle/Texas/24-008749-003/2024(H5N1)	238	6
NA|PP755591.1|A/cattle/Texas/24-008749-003/2024(H5N1)	239	6
NA|PP755591.1|A/cattle/Texas/24-008749-003/2024(H5N1)	240	0
NA|PP755591.1|A/cattle/Texas/24-008749-003/2024(H5N1)	241	0
NA|PP755591.1|A/cattle/Texas/24-008749-003/2024(H5N1)	242	0
NA|PP755591.1|A/cattle/Texas/24-008749-003/2024(H5N1)	243	0
NA|PP755591.1|A/cattle/Texas/24-008749-003/2024(H5N1)	244	0
NA|PP755591.1|A/cattle/Texas/24-008749-003/2024(H5N1)	245	0
NA|PP755591.1|A/cattle/Texas/24-008749-003/2024(H5N1)	246	0
NA|PP755591.1|A/cattle/Texas/24-008749-003/2024(H5N1)	247	0
NA|PP755591.1|A/cattle/Texas/24-008749-003/2024(H5N1)	248	0
NA|PP755591.1|A/cattle/Texas/24-008749-003/2024(H5N1)	249	0
NA|PP755591.1|A/cattle/Texas/24-008749-003/2024(H5N1)	250	0
NA|PP755591.1|A/cattle/Texas/24-008749-003/2024(H5N1)	251	0
NA|PP755591.1|A/cattle/Texas/24-008749-003/2024(H5N1)	252	0
NA|PP755591.1|A/cattle/Texas/24-008749-003/2024(H5N1)	253	0
NA|PP755591.1|A/cattle/Texas/24-008749-003/2024(H5N1)	254	0
NA|PP755591.1|A/cattle/Texas/24-008749-003/2024(H5N1)	255	0
NA|PP755591.1|A/cattle/Texas/24-008749-003/2024(H5N1)	256	0
NA|PP755591.1|A/cattle/Texas/24-008749-003/2024(H5N1)	257	0
NA|PP755591.1|A/cattle/Texas/24-008749-003/2024(H5N1)	258	0
NA|PP755591.1|A/cattle/Texas/24-008749-003/2024(H5N1)	259	0
NA|PP755591.1|A/cattle/Texas/24-008749-003/2024(H5N1)	260	0
NA|PP755591.1|A/cattle/Texas/24-008749-003/2024(H5N1)	261	0
NA|PP755591.1|A/cattle/Texas/24-008749-003/2024(H5N1)	262	3
NA|PP755591.1|A/cattle/Texas/24-008749-003/2024(H5N1)	263	3
NA|PP755591.1|A/cattle/Texas/24-008749-003/2024(H5N1)	264	3
NA|PP755591.1|A/cattle/Texas/24-008749-003/2024(H5N1)	265	3
NA|PP755591.1|A/cattle/Texas/24-008749-003/2024(H5N1)	266	3
NA|PP755591.1|A/cattle/Texas/24-008749-003/2024(H5N1)	267	3
NA|PP755591.1|A/cattle/Texas/24-008749-003/2024(H5N1)	268	3
NA|PP755591.1|A/cattle/Texas/24-008749-003/2024(H5N1)	269	3
NA|PP755591.1|A/cattle/Texas/24-008749-003/2024(H5N1)	270	3
NA|PP755591.1|A/cattle/Texas/24-008749-003/2024(H5N1)	271	3
NA|PP755591.1|A/cattle/Texas/24-008749-003/2024(H5N1)	272	3
NA|PP755591.1|A/cattle/Texas/24-008749-003/2024(H5N1)	273	3
NA|PP755591.1|A/cattle/Texas/24-008749-003/2024(H5N1)	274	3
NA|PP755591.1|A/cattle/Texas/24-008749-003/2024(H5N1)	275	3
NA|PP755591.1|A/cattle/Texas/24-008749-003/2024(H5N1)	276	3
NA|PP755591.1|A/cattle/Texas/24-008749-003/2024(H5N1)	277	3
NA|PP755591.1|A/cattle/Texas/24-008749-003/2024(H5N1)	278	3
NA|PP755591.1|A/cattle/Texas/24-008749-003/2024(H5N1)	279	3
NA|PP755591.1|A/cattle/Texas/24-008749-003/2024(H5N1)	280	4
NA|PP755591.1|A/cattle/Texas/24-008749-003/2024(H5N1)	281	4
NA|PP755591.1|A/cattle/Texas/24-008749-003/2024(H5N1)	282	4
NA|PP755591.1|A/cattle/Texas/24-008749-003/2024(H5N1)	283	18
NA|PP755591.1|A/cattle/Texas/24-008749-003/2024(H5N1)	284	20
NA|PP755591.1|A/cattle/Texas/24-008749-003/2024(H5N1)	285	20
NA|PP755591.1|A/cattle/Texas/24-008749-003/2024(H5N1)	286	20
NA|PP755591.1|A/cattle/Texas/24-008749-003/2024(H5N1)	287	20
NA|PP755591.1|A/cattle/Texas/24-008749-003/2024(H5N1)	288	20
NA|PP755591.1|A/cattle/Texas/24-008749-003/2024(H5N1)	289	21
NA|PP755591.1|A/cattle/Texas/24-008749-003/2024(H5N1)	290	22
NA|PP755591.1|A/cattle/Texas/24-008749-003/2024(H5N1)	291	23
NA|PP755591.1|A/cattle/Texas/24-008749-003/2024(H5N1)	292	25
NA|PP755591.1|A/cattle/Texas/24-008749-003/2024(H5N1)	293	25
NA|PP755591.1|A/cattle/Texas/24-008749-003/2024(H5N1)	294	25
NA|PP755591.1|A/cattle/Texas/24-008749-003/2024(H5N1)	295	30
NA|PP755591.1|A/cattle/Texas/24-008749-003/2024(H5N1)	296	30
NA|PP755591.1|A/cattle/Texas/24-008749-003/2024(H5N1)	297	30
NA|PP755591.1|A/cattle/Texas/24-008749-003/2024(H5N1)	298	30
NA|PP755591.1|A/cattle/Texas/24-008749-003/2024(H5N1)	299	30
NA|PP755591.1|A/cattle/Texas/24-008749-003/2024(H5N1)	300	30
NA|PP755591.1|A/cattle/Texas/24-008749-003/2024(H5N1)	301	30
NA|PP755591.1|A/cattle/Texas/24-008749-003/2024(H5N1)	302	30
NA|PP755591.1|A/cattle/Texas/24-008749-003/2024(H5N1)	303	30
NA|PP755591.1|A/cattle/Texas/24-008749-003/2024(H5N1)	304	30
NA|PP755591.1|A/cattle/Texas/24-008749-003/2024(H5N1)	305	30
NA|PP755591.1|A/cattle/Texas/24-008749-003/2024(H5N1)	306	30
NA|PP755591.1|A/cattle/Texas/24-008749-003/2024(H5N1)	307	30
NA|PP755591.1|A/cattle/Texas/24-008749-003/2024(H5N1)	308	30
NA|PP755591.1|A/cattle/Texas/24-008749-003/2024(H5N1)	309	30
NA|PP755591.1|A/cattle/Texas/24-008749-003/2024(H5N1)	310	30
NA|PP755591.1|A/cattle/Texas/24-008749-003/2024(H5N1)	311	30
NA|PP755591.1|A/cattle/Texas/24-008749-003/2024(H5N1)	312	30
NA|PP755591.1|A/cattle/Texas/24-008749-003/2024(H5N1)	313	30
NA|PP755591.1|A/cattle/Texas/24-008749-003/2024(H5N1)	314	30
NA|PP755591.1|A/cattle/Texas/24-008749-003/2024(H5N1)	315	30
NA|PP755591.1|A/cattle/Texas/24-008749-003/2024(H5N1)	316	30
NA|PP755591.1|A/cattle/Texas/24-008749-003/2024(H5N1)	317	30
NA|PP755591.1|A/cattle/Texas/24-008749-003/2024(H5N1)	318	30
NA|PP755591.1|A/cattle/Texas/24-008749-003/2024(H5N1)	319	30
NA|PP755591.1|A/cattle/Texas/24-008749-003/2024(H5N1)	320	30
NA|PP755591.1|A/cattle/Texas/24-008749-003/2024(H5N1)	321	16
NA|PP755591.1|A/cattle/Texas/24-008749-003/2024(H5N1)	322	16
NA|PP755591.1|A/cattle/Texas/24-008749-003/2024(H5N1)	323	16
NA|PP755591.1|A/cattle/Texas/24-008749-003/2024(H5N1)	324	14
NA|PP755591.1|A/cattle/Texas/24-008749-003/2024(H5N1)	325	14
NA|PP755591.1|A/cattle/Texas/24-008749-003/2024(H5N1)	326	14
NA|PP755591.1|A/cattle/Texas/24-008749-003/2024(H5N1)	327	14
NA|PP755591.1|A/cattle/Texas/24-008749-003/2024(H5N1)	328	14
NA|PP755591.1|A/cattle/Texas/24-008749-003/2024(H5N1)	329	14
NA|PP755591.1|A/cattle/Texas/24-008749-003/2024(H5N1)	330	14
NA|PP755591.1|A/cattle/Texas/24-008749-003/2024(H5N1)	331	14
NA|PP755591.1|A/cattle/Texas/24-008749-003/2024(H5N1)	332	14
NA|PP755591.1|A/cattle/Texas/24-008749-003/2024(H5N1)	333	14
NA|PP755591.1|A/cattle/Texas/24-008749-003/2024(H5N1)	334	14
NA|PP755591.1|A/cattle/Texas/24-008749-003/2024(H5N1)	335	14
NA|PP755591.1|A/cattle/Texas/24-008749-003/2024(H5N1)	336	14
NA|PP755591.1|A/cattle/Texas/24-008749-003/2024(H5N1)	337	14
NA|PP755591.1|A/cattle/Texas/24-008749-003/2024(H5N1)	338	14
NA|PP755591.1|A/cattle/Texas/24-008749-003/2024(H5N1)	339	14
NA|PP755591.1|A/cattle/Texas/24-008749-003/2024(H5N1)	340	14
NA|PP755591.1|A/cattle/Texas/24-008749-003/2024(H5N1)	341	14
NA|PP755591.1|A/cattle/Texas/24-008749-003/2024(H5N1)	342	14
NA|PP755591.1|A/cattle/Texas/24-008749-003/2024(H5N1)	343	14
NA|PP755591.1|A/cattle/Texas/24-008749-003/2024(H5N1)	344	14
NA|PP755591.1|A/cattle/Texas/24-008749-003/2024(H5N1)	345	14
NA|PP755591.1|A/cattle/Texas/24-008749-003/2024(H5N1)	346	14
NA|PP755591.1|A/cattle/Texas/24-008749-003/2024(H5N1)	347	14
NA|PP755591.1|A/cattle/Texas/24-008749-003/2024(H5N1)	348	14
NA|PP755591.1|A/cattle/Texas/24-008749-003/2024(H5N1)	349	14
NA|PP755591.1|A/cattle/Texas/24-008749-003/2024(H5N1)	350	14
NA|PP755591.1|A/cattle/Texas/24-008749-003/2024(H5N1)	351	14
NA|PP755591.1|A/cattle/Texas/24-008749-003/2024(H5N1)	352	14
NA|PP755591.1|A/cattle/Texas/24-008749-003/2024(H5N1)	353	14
NA|PP755591.1|A/cattle/Texas/24-008749-003/2024(H5N1)	354	14
NA|PP755591.1|A/cattle/Texas/24-008749-003/2024(H5N1)	355	14
NA|PP755591.1|A/cattle/Texas/24-008749-003/2024(H5N1)	356	14
NA|PP755591.1|A/cattle/Texas/24-008749-003/2024(H5N1)	357	14
NA|PP755591.1|A/cattle/Texas/24-008749-003/2024(H5N1)	358	14
NA|PP755591.1|A/cattle/Texas/24-008749-003/2024(H5N1)	359	14
NA|PP755591.1|A/cattle/Texas/24-008749-003/2024(H5N1)	360	14
NA|PP755591.1|A/cattle/Texas/24-008749-003/2024(H5N1)	361	18
NA|PP755591.1|A/cattle/Texas/24-008749-003/2024(H5N1)	362	18
NA|PP755591.1|A/cattle/Texas/24-008749-003/2024(H5N1)	363	18
NA|PP755591.1|A/cattle/Texas/24-008749-003/2024(H5N1)	364	19
NA|PP755591.1|A/cattle/Texas/24-008749-003/2024(H5N1)	365	19
NA|PP755591.1|A/cattle/Texas/24-008749-003/2024(H5N1)	366	19
NA|PP755591.1|A/cattle/Texas/24-008749-003/2024(H5N1)	367	3369
NA|PP755591.1|A/cattle/Texas/24-008749-003/2024(H5N1)	368	3374
NA|PP755591.1|A/cattle/Texas/24-008749-003/2024(H5N1)	369	3399
NA|PP755591.1|A/cattle/Texas/24-008749-003/2024(H5N1)	370	3430
NA|PP755591.1|A/cattle/Texas/24-008749-003/2024(H5N1)	371	3430
NA|PP755591.1|A/cattle/Texas/24-008749-003/2024(H5N1)	372	3430
NA|PP755591.1|A/cattle/Texas/24-008749-003/2024(H5N1)	373	3430
NA|PP755591.1|A/cattle/Texas/24-008749-003/2024(H5N1)	374	3430
NA|PP755591.1|A/cattle/Texas/24-008749-003/2024(H5N1)	375	3432
NA|PP755591.1|A/cattle/Texas/24-008749-003/2024(H5N1)	376	3855
NA|PP755591.1|A/cattle/Texas/24-008749-003/2024(H5N1)	377	3870
NA|PP755591.1|A/cattle/Texas/24-008749-003/2024(H5N1)	378	3915
NA|PP755591.1|A/cattle/Texas/24-008749-003/2024(H5N1)	379	3915
NA|PP755591.1|A/cattle/Texas/24-008749-003/2024(H5N1)	380	3915
NA|PP755591.1|A/cattle/Texas/24-008749-003/2024(H5N1)	381	3915
NA|PP755591.1|A/cattle/Texas/24-008749-003/2024(H5N1)	382	3915
NA|PP755591.1|A/cattle/Texas/24-008749-003/2024(H5N1)	383	3915
NA|PP755591.1|A/cattle/Texas/24-008749-003/2024(H5N1)	384	3915
NA|PP755591.1|A/cattle/Texas/24-008749-003/2024(H5N1)	385	3915
NA|PP755591.1|A/cattle/Texas/24-008749-003/2024(H5N1)	386	3915
NA|PP755591.1|A/cattle/Texas/24-008749-003/2024(H5N1)	387	3915
NA|PP755591.1|A/cattle/Texas/24-008749-003/2024(H5N1)	388	3915
NA|PP755591.1|A/cattle/Texas/24-008749-003/2024(H5N1)	389	3914
NA|PP755591.1|A/cattle/Texas/24-008749-003/2024(H5N1)	390	3914
NA|PP755591.1|A/cattle/Texas/24-008749-003/2024(H5N1)	391	3914
NA|PP755591.1|A/cattle/Texas/24-008749-003/2024(H5N1)	392	3914
NA|PP755591.1|A/cattle/Texas/24-008749-003/2024(H5N1)	393	3914
NA|PP755591.1|A/cattle/Texas/24-008749-003/2024(H5N1)	394	3914
NA|PP755591.1|A/cattle/Texas/24-008749-003/2024(H5N1)	395	3914
NA|PP755591.1|A/cattle/Texas/24-008749-003/2024(H5N1)	396	3882
NA|PP755591.1|A/cattle/Texas/24-008749-003/2024(H5N1)	397	3880
NA|PP755591.1|A/cattle/Texas/24-008749-003/2024(H5N1)	398	3868
NA|PP755591.1|A/cattle/Texas/24-008749-003/2024(H5N1)	399	1825
NA|PP755591.1|A/cattle/Texas/24-008749-003/2024(H5N1)	400	1822
NA|PP755591.1|A/cattle/Texas/24-008749-003/2024(H5N1)	401	1822
NA|PP755591.1|A/cattle/Texas/24-008749-003/2024(H5N1)	402	1821
NA|PP755591.1|A/cattle/Texas/24-008749-003/2024(H5N1)	403	1821
NA|PP755591.1|A/cattle/Texas/24-008749-003/2024(H5N1)	404	1821
NA|PP755591.1|A/cattle/Texas/24-008749-003/2024(H5N1)	405	1821
NA|PP755591.1|A/cattle/Texas/24-008749-003/2024(H5N1)	406	1821
NA|PP755591.1|A/cattle/Texas/24-008749-003/2024(H5N1)	407	1823
NA|PP755591.1|A/cattle/Texas/24-008749-003/2024(H5N1)	408	1823
NA|PP755591.1|A/cattle/Texas/24-008749-003/2024(H5N1)	409	1823
NA|PP755591.1|A/cattle/Texas/24-008749-003/2024(H5N1)	410	1826
NA|PP755591.1|A/cattle/Texas/24-008749-003/2024(H5N1)	411	1821
NA|PP755591.1|A/cattle/Texas/24-008749-003/2024(H5N1)	412	1963
NA|PP755591.1|A/cattle/Texas/24-008749-003/2024(H5N1)	413	1992
NA|PP755591.1|A/cattle/Texas/24-008749-003/2024(H5N1)	414	1992
NA|PP755591.1|A/cattle/Texas/24-008749-003/2024(H5N1)	415	2087
NA|PP755591.1|A/cattle/Texas/24-008749-003/2024(H5N1)	416	2107
NA|PP755591.1|A/cattle/Texas/24-008749-003/2024(H5N1)	417	2629
NA|PP755591.1|A/cattle/Texas/24-008749-003/2024(H5N1)	418	2872
NA|PP755591.1|A/cattle/Texas/24-008749-003/2024(H5N1)	419	4285
NA|PP755591.1|A/cattle/Texas/24-008749-003/2024(H5N1)	420	4291
NA|PP755591.1|A/cattle/Texas/24-008749-003/2024(H5N1)	421	4310
NA|PP755591.1|A/cattle/Texas/24-008749-003/2024(H5N1)	422	4390
NA|PP755591.1|A/cattle/Texas/24-008749-003/2024(H5N1)	423	4426
NA|PP755591.1|A/cattle/Texas/24-008749-003/2024(H5N1)	424	4467
NA|PP755591.1|A/cattle/Texas/24-008749-003/2024(H5N1)	425	4467
NA|PP755591.1|A/cattle/Texas/24-008749-003/2024(H5N1)	426	4467
NA|PP755591.1|A/cattle/Texas/24-008749-003/2024(H5N1)	427	4490
NA|PP755591.1|A/cattle/Texas/24-008749-003/2024(H5N1)	428	4490
NA|PP755591.1|A/cattle/Texas/24-008749-003/2024(H5N1)	429	4622
NA|PP755591.1|A/cattle/Texas/24-008749-003/2024(H5N1)	430	4807
NA|PP755591.1|A/cattle/Texas/24-008749-003/2024(H5N1)	431	4826
NA|PP755591.1|A/cattle/Texas/24-008749-003/2024(H5N1)	432	5004
NA|PP755591.1|A/cattle/Texas/24-008749-003/2024(H5N1)	433	5094
NA|PP755591.1|A/cattle/Texas/24-008749-003/2024(H5N1)	434	5140
NA|PP755591.1|A/cattle/Texas/24-008749-003/2024(H5N1)	435	5159
NA|PP755591.1|A/cattle/Texas/24-008749-003/2024(H5N1)	436	5172
NA|PP755591.1|A/cattle/Texas/24-008749-003/2024(H5N1)	437	5258
NA|PP755591.1|A/cattle/Texas/24-008749-003/2024(H5N1)	438	5269
NA|PP755591.1|A/cattle/Texas/24-008749-003/2024(H5N1)	439	5269
NA|PP755591.1|A/cattle/Texas/24-008749-003/2024(H5N1)	440	5269
NA|PP755591.1|A/cattle/Texas/24-008749-003/2024(H5N1)	441	5266
NA|PP755591.1|A/cattle/Texas/24-008749-003/2024(H5N1)	442	5354
NA|PP755591.1|A/cattle/Texas/24-008749-003/2024(H5N1)	443	5475
NA|PP755591.1|A/cattle/Texas/24-008749-003/2024(H5N1)	444	5475
NA|PP755591.1|A/cattle/Texas/24-008749-003/2024(H5N1)	445	6439
NA|PP755591.1|A/cattle/Texas/24-008749-003/2024(H5N1)	446	6439
NA|PP755591.1|A/cattle/Texas/24-008749-003/2024(H5N1)	447	6629
NA|PP755591.1|A/cattle/Texas/24-008749-003/2024(H5N1)	448	6642
NA|PP755591.1|A/cattle/Texas/24-008749-003/2024(H5N1)	449	6642
NA|PP755591.1|A/cattle/Texas/24-008749-003/2024(H5N1)	450	6641
NA|PP755591.1|A/cattle/Texas/24-008749-003/2024(H5N1)	451	6662
NA|PP755591.1|A/cattle/Texas/24-008749-003/2024(H5N1)	452	6718
NA|PP755591.1|A/cattle/Texas/24-008749-003/2024(H5N1)	453	6785
NA|PP755591.1|A/cattle/Texas/24-008749-003/2024(H5N1)	454	7007
NA|PP755591.1|A/cattle/Texas/24-008749-003/2024(H5N1)	455	7024
NA|PP755591.1|A/cattle/Texas/24-008749-003/2024(H5N1)	456	7551
NA|PP755591.1|A/cattle/Texas/24-008749-003/2024(H5N1)	457	7578
NA|PP755591.1|A/cattle/Texas/24-008749-003/2024(H5N1)	458	7593
NA|PP755591.1|A/cattle/Texas/24-008749-003/2024(H5N1)	459	8466
NA|PP755591.1|A/cattle/Texas/24-008749-003/2024(H5N1)	460	8500
NA|PP755591.1|A/cattle/Texas/24-008749-003/2024(H5N1)	461	8606
NA|PP755591.1|A/cattle/Texas/24-008749-003/2024(H5N1)	462	8710
NA|PP755591.1|A/cattle/Texas/24-008749-003/2024(H5N1)	463	8732
NA|PP755591.1|A/cattle/Texas/24-008749-003/2024(H5N1)	464	8916
NA|PP755591.1|A/cattle/Texas/24-008749-003/2024(H5N1)	465	8777
NA|PP755591.1|A/cattle/Texas/24-008749-003/2024(H5N1)	466	8764
NA|PP755591.1|A/cattle/Texas/24-008749-003/2024(H5N1)	467	8755
NA|PP755591.1|A/cattle/Texas/24-008749-003/2024(H5N1)	468	8699
NA|PP755591.1|A/cattle/Texas/24-008749-003/2024(H5N1)	469	8681
NA|PP755591.1|A/cattle/Texas/24-008749-003/2024(H5N1)	470	8567
NA|PP755591.1|A/cattle/Texas/24-008749-003/2024(H5N1)	471	7583
NA|PP755591.1|A/cattle/Texas/24-008749-003/2024(H5N1)	472	7583
NA|PP755591.1|A/cattle/Texas/24-008749-003/2024(H5N1)	473	7586
NA|PP755591.1|A/cattle/Texas/24-008749-003/2024(H5N1)	474	7606
NA|PP755591.1|A/cattle/Texas/24-008749-003/2024(H5N1)	475	7610
NA|PP755591.1|A/cattle/Texas/24-008749-003/2024(H5N1)	476	7610
NA|PP755591.1|A/cattle/Texas/24-008749-003/2024(H5N1)	477	7611
NA|PP755591.1|A/cattle/Texas/24-008749-003/2024(H5N1)	478	7610
NA|PP755591.1|A/cattle/Texas/24-008749-003/2024(H5N1)	479	7610
NA|PP755591.1|A/cattle/Texas/24-008749-003/2024(H5N1)	480	7609
NA|PP755591.1|A/cattle/Texas/24-008749-003/2024(H5N1)	481	7609
NA|PP755591.1|A/cattle/Texas/24-008749-003/2024(H5N1)	482	7611
NA|PP755591.1|A/cattle/Texas/24-008749-003/2024(H5N1)	483	7611
NA|PP755591.1|A/cattle/Texas/24-008749-003/2024(H5N1)	484	7615
NA|PP755591.1|A/cattle/Texas/24-008749-003/2024(H5N1)	485	7615
NA|PP755591.1|A/cattle/Texas/24-008749-003/2024(H5N1)	486	7616
NA|PP755591.1|A/cattle/Texas/24-008749-003/2024(H5N1)	487	7744
NA|PP755591.1|A/cattle/Texas/24-008749-003/2024(H5N1)	488	7984
NA|PP755591.1|A/cattle/Texas/24-008749-003/2024(H5N1)	489	8001
NA|PP755591.1|A/cattle/Texas/24-008749-003/2024(H5N1)	490	10085
NA|PP755591.1|A/cattle/Texas/24-008749-003/2024(H5N1)	491	10250
NA|PP755591.1|A/cattle/Texas/24-008749-003/2024(H5N1)	492	10305
NA|PP755591.1|A/cattle/Texas/24-008749-003/2024(H5N1)	493	10368
NA|PP755591.1|A/cattle/Texas/24-008749-003/2024(H5N1)	494	10461
NA|PP755591.1|A/cattle/Texas/24-008749-003/2024(H5N1)	495	10511
NA|PP755591.1|A/cattle/Texas/24-008749-003/2024(H5N1)	496	10889
NA|PP755591.1|A/cattle/Texas/24-008749-003/2024(H5N1)	497	11117
NA|PP755591.1|A/cattle/Texas/24-008749-003/2024(H5N1)	498	11141
NA|PP755591.1|A/cattle/Texas/24-008749-003/2024(H5N1)	499	11309
NA|PP755591.1|A/cattle/Texas/24-008749-003/2024(H5N1)	500	11318
NA|PP755591.1|A/cattle/Texas/24-008749-003/2024(H5N1)	501	11404
NA|PP755591.1|A/cattle/Texas/24-008749-003/2024(H5N1)	502	11796
NA|PP755591.1|A/cattle/Texas/24-008749-003/2024(H5N1)	503	11796
NA|PP755591.1|A/cattle/Texas/24-008749-003/2024(H5N1)	504	11796
NA|PP755591.1|A/cattle/Texas/24-008749-003/2024(H5N1)	505	12112
NA|PP755591.1|A/cattle/Texas/24-008749-003/2024(H5N1)	506	12118
NA|PP755591.1|A/cattle/Texas/24-008749-003/2024(H5N1)	507	12295
NA|PP755591.1|A/cattle/Texas/24-008749-003/2024(H5N1)	508	12936
NA|PP755591.1|A/cattle/Texas/24-008749-003/2024(H5N1)	509	13126
NA|PP755591.1|A/cattle/Texas/24-008749-003/2024(H5N1)	510	13179
NA|PP755591.1|A/cattle/Texas/24-008749-003/2024(H5N1)	511	13192
NA|PP755591.1|A/cattle/Texas/24-008749-003/2024(H5N1)	512	13378
NA|PP755591.1|A/cattle/Texas/24-008749-003/2024(H5N1)	513	13393
NA|PP755591.1|A/cattle/Texas/24-008749-003/2024(H5N1)	514	13398
NA|PP755591.1|A/cattle/Texas/24-008749-003/2024(H5N1)	515	13405
NA|PP755591.1|A/cattle/Texas/24-008749-003/2024(H5N1)	516	13406
NA|PP755591.1|A/cattle/Texas/24-008749-003/2024(H5N1)	517	13429
NA|PP755591.1|A/cattle/Texas/24-008749-003/2024(H5N1)	518	13463
NA|PP755591.1|A/cattle/Texas/24-008749-003/2024(H5N1)	519	13713
NA|PP755591.1|A/cattle/Texas/24-008749-003/2024(H5N1)	520	14148
NA|PP755591.1|A/cattle/Texas/24-008749-003/2024(H5N1)	521	14155
NA|PP755591.1|A/cattle/Texas/24-008749-003/2024(H5N1)	522	14215
NA|PP755591.1|A/cattle/Texas/24-008749-003/2024(H5N1)	523	14221
NA|PP755591.1|A/cattle/Texas/24-008749-003/2024(H5N1)	524	14287
NA|PP755591.1|A/cattle/Texas/24-008749-003/2024(H5N1)	525	14337
NA|PP755591.1|A/cattle/Texas/24-008749-003/2024(H5N1)	526	14466
NA|PP755591.1|A/cattle/Texas/24-008749-003/2024(H5N1)	527	14248
NA|PP755591.1|A/cattle/Texas/24-008749-003/2024(H5N1)	528	14241
NA|PP755591.1|A/cattle/Texas/24-008749-003/2024(H5N1)	529	14355
NA|PP755591.1|A/cattle/Texas/24-008749-003/2024(H5N1)	530	14371
NA|PP755591.1|A/cattle/Texas/24-008749-003/2024(H5N1)	531	14453
NA|PP755591.1|A/cattle/Texas/24-008749-003/2024(H5N1)	532	14466
NA|PP755591.1|A/cattle/Texas/24-008749-003/2024(H5N1)	533	14693
NA|PP755591.1|A/cattle/Texas/24-008749-003/2024(H5N1)	534	14882
NA|PP755591.1|A/cattle/Texas/24-008749-003/2024(H5N1)	535	14905
NA|PP755591.1|A/cattle/Texas/24-008749-003/2024(H5N1)	536	14914
NA|PP755591.1|A/cattle/Texas/24-008749-003/2024(H5N1)	537	15202
NA|PP755591.1|A/cattle/Texas/24-008749-003/2024(H5N1)	538	15222
NA|PP755591.1|A/cattle/Texas/24-008749-003/2024(H5N1)	539	15242
NA|PP755591.1|A/cattle/Texas/24-008749-003/2024(H5N1)	540	15200
NA|PP755591.1|A/cattle/Texas/24-008749-003/2024(H5N1)	541	15327
NA|PP755591.1|A/cattle/Texas/24-008749-003/2024(H5N1)	542	15874
NA|PP755591.1|A/cattle/Texas/24-008749-003/2024(H5N1)	543	15876
NA|PP755591.1|A/cattle/Texas/24-008749-003/2024(H5N1)	544	15874
NA|PP755591.1|A/cattle/Texas/24-008749-003/2024(H5N1)	545	16057
NA|PP755591.1|A/cattle/Texas/24-008749-003/2024(H5N1)	546	15952
NA|PP755591.1|A/cattle/Texas/24-008749-003/2024(H5N1)	547	15958
NA|PP755591.1|A/cattle/Texas/24-008749-003/2024(H5N1)	548	15912
NA|PP755591.1|A/cattle/Texas/24-008749-003/2024(H5N1)	549	15826
NA|PP755591.1|A/cattle/Texas/24-008749-003/2024(H5N1)	550	15762
NA|PP755591.1|A/cattle/Texas/24-008749-003/2024(H5N1)	551	15775
NA|PP755591.1|A/cattle/Texas/24-008749-003/2024(H5N1)	552	15832
NA|PP755591.1|A/cattle/Texas/24-008749-003/2024(H5N1)	553	15750
NA|PP755591.1|A/cattle/Texas/24-008749-003/2024(H5N1)	554	15581
NA|PP755591.1|A/cattle/Texas/24-008749-003/2024(H5N1)	555	15445
NA|PP755591.1|A/cattle/Texas/24-008749-003/2024(H5N1)	556	15430
NA|PP755591.1|A/cattle/Texas/24-008749-003/2024(H5N1)	557	15674
NA|PP755591.1|A/cattle/Texas/24-008749-003/2024(H5N1)	558	15664
NA|PP755591.1|A/cattle/Texas/24-008749-003/2024(H5N1)	559	15641
NA|PP755591.1|A/cattle/Texas/24-008749-003/2024(H5N1)	560	15581
NA|PP755591.1|A/cattle/Texas/24-008749-003/2024(H5N1)	561	15507
NA|PP755591.1|A/cattle/Texas/24-008749-003/2024(H5N1)	562	15493
NA|PP755591.1|A/cattle/Texas/24-008749-003/2024(H5N1)	563	15356
NA|PP755591.1|A/cattle/Texas/24-008749-003/2024(H5N1)	564	15317
NA|PP755591.1|A/cattle/Texas/24-008749-003/2024(H5N1)	565	15408
NA|PP755591.1|A/cattle/Texas/24-008749-003/2024(H5N1)	566	15319
NA|PP755591.1|A/cattle/Texas/24-008749-003/2024(H5N1)	567	15437
NA|PP755591.1|A/cattle/Texas/24-008749-003/2024(H5N1)	568	14685
NA|PP755591.1|A/cattle/Texas/24-008749-003/2024(H5N1)	569	14620
NA|PP755591.1|A/cattle/Texas/24-008749-003/2024(H5N1)	570	14624
NA|PP755591.1|A/cattle/Texas/24-008749-003/2024(H5N1)	571	14702
NA|PP755591.1|A/cattle/Texas/24-008749-003/2024(H5N1)	572	14703
NA|PP755591.1|A/cattle/Texas/24-008749-003/2024(H5N1)	573	14625
NA|PP755591.1|A/cattle/Texas/24-008749-003/2024(H5N1)	574	14615
NA|PP755591.1|A/cattle/Texas/24-008749-003/2024(H5N1)	575	14564
NA|PP755591.1|A/cattle/Texas/24-008749-003/2024(H5N1)	576	14542
NA|PP755591.1|A/cattle/Texas/24-008749-003/2024(H5N1)	577	14533
NA|PP755591.1|A/cattle/Texas/24-008749-003/2024(H5N1)	578	14496
NA|PP755591.1|A/cattle/Texas/24-008749-003/2024(H5N1)	579	14422
NA|PP755591.1|A/cattle/Texas/24-008749-003/2024(H5N1)	580	14516
NA|PP755591.1|A/cattle/Texas/24-008749-003/2024(H5N1)	581	14519
NA|PP755591.1|A/cattle/Texas/24-008749-003/2024(H5N1)	582	14515
NA|PP755591.1|A/cattle/Texas/24-008749-003/2024(H5N1)	583	14378
NA|PP755591.1|A/cattle/Texas/24-008749-003/2024(H5N1)	584	14322
NA|PP755591.1|A/cattle/Texas/24-008749-003/2024(H5N1)	585	14297
NA|PP755591.1|A/cattle/Texas/24-008749-003/2024(H5N1)	586	14643
NA|PP755591.1|A/cattle/Texas/24-008749-003/2024(H5N1)	587	14614
NA|PP755591.1|A/cattle/Texas/24-008749-003/2024(H5N1)	588	14500
NA|PP755591.1|A/cattle/Texas/24-008749-003/2024(H5N1)	589	14487
NA|PP755591.1|A/cattle/Texas/24-008749-003/2024(H5N1)	590	14478
NA|PP755591.1|A/cattle/Texas/24-008749-003/2024(H5N1)	591	14418
NA|PP755591.1|A/cattle/Texas/24-008749-003/2024(H5N1)	592	14561
NA|PP755591.1|A/cattle/Texas/24-008749-003/2024(H5N1)	593	14382
NA|PP755591.1|A/cattle/Texas/24-008749-003/2024(H5N1)	594	14341
NA|PP755591.1|A/cattle/Texas/24-008749-003/2024(H5N1)	595	14402
NA|PP755591.1|A/cattle/Texas/24-008749-003/2024(H5N1)	596	13809
NA|PP755591.1|A/cattle/Texas/24-008749-003/2024(H5N1)	597	13809
NA|PP755591.1|A/cattle/Texas/24-008749-003/2024(H5N1)	598	13559
NA|PP755591.1|A/cattle/Texas/24-008749-003/2024(H5N1)	599	13541
NA|PP755591.1|A/cattle/Texas/24-008749-003/2024(H5N1)	600	13528
NA|PP755591.1|A/cattle/Texas/24-008749-003/2024(H5N1)	601	13455
NA|PP755591.1|A/cattle/Texas/24-008749-003/2024(H5N1)	602	13420
NA|PP755591.1|A/cattle/Texas/24-008749-003/2024(H5N1)	603	13102
NA|PP755591.1|A/cattle/Texas/24-008749-003/2024(H5N1)	604	12973
NA|PP755591.1|A/cattle/Texas/24-008749-003/2024(H5N1)	605	12861
NA|PP755591.1|A/cattle/Texas/24-008749-003/2024(H5N1)	606	12520
NA|PP755591.1|A/cattle/Texas/24-008749-003/2024(H5N1)	607	13369
NA|PP755591.1|A/cattle/Texas/24-008749-003/2024(H5N1)	608	13376
NA|PP755591.1|A/cattle/Texas/24-008749-003/2024(H5N1)	609	13378
NA|PP755591.1|A/cattle/Texas/24-008749-003/2024(H5N1)	610	12755
NA|PP755591.1|A/cattle/Texas/24-008749-003/2024(H5N1)	611	12422
NA|PP755591.1|A/cattle/Texas/24-008749-003/2024(H5N1)	612	12303
NA|PP755591.1|A/cattle/Texas/24-008749-003/2024(H5N1)	613	12385
NA|PP755591.1|A/cattle/Texas/24-008749-003/2024(H5N1)	614	12410
NA|PP755591.1|A/cattle/Texas/24-008749-003/2024(H5N1)	615	12430
NA|PP755591.1|A/cattle/Texas/24-008749-003/2024(H5N1)	616	12454
NA|PP755591.1|A/cattle/Texas/24-008749-003/2024(H5N1)	617	12422
NA|PP755591.1|A/cattle/Texas/24-008749-003/2024(H5N1)	618	12373
NA|PP755591.1|A/cattle/Texas/24-008749-003/2024(H5N1)	619	12317
NA|PP755591.1|A/cattle/Texas/24-008749-003/2024(H5N1)	620	12014
NA|PP755591.1|A/cattle/Texas/24-008749-003/2024(H5N1)	621	11989
NA|PP755591.1|A/cattle/Texas/24-008749-003/2024(H5N1)	622	11849
NA|PP755591.1|A/cattle/Texas/24-008749-003/2024(H5N1)	623	11579
NA|PP755591.1|A/cattle/Texas/24-008749-003/2024(H5N1)	624	11582
NA|PP755591.1|A/cattle/Texas/24-008749-003/2024(H5N1)	625	11428
NA|PP755591.1|A/cattle/Texas/24-008749-003/2024(H5N1)	626	11428
NA|PP755591.1|A/cattle/Texas/24-008749-003/2024(H5N1)	627	11354
NA|PP755591.1|A/cattle/Texas/24-008749-003/2024(H5N1)	628	11235
NA|PP755591.1|A/cattle/Texas/24-008749-003/2024(H5N1)	629	11311
NA|PP755591.1|A/cattle/Texas/24-008749-003/2024(H5N1)	630	11261
NA|PP755591.1|A/cattle/Texas/24-008749-003/2024(H5N1)	631	11257
NA|PP755591.1|A/cattle/Texas/24-008749-003/2024(H5N1)	632	11313
NA|PP755591.1|A/cattle/Texas/24-008749-003/2024(H5N1)	633	10979
NA|PP755591.1|A/cattle/Texas/24-008749-003/2024(H5N1)	634	10992
NA|PP755591.1|A/cattle/Texas/24-008749-003/2024(H5N1)	635	10987
NA|PP755591.1|A/cattle/Texas/24-008749-003/2024(H5N1)	636	10882
NA|PP755591.1|A/cattle/Texas/24-008749-003/2024(H5N1)	637	10802
NA|PP755591.1|A/cattle/Texas/24-008749-003/2024(H5N1)	638	10622
NA|PP755591.1|A/cattle/Texas/24-008749-003/2024(H5N1)	639	10335
NA|PP755591.1|A/cattle/Texas/24-008749-003/2024(H5N1)	640	10417
NA|PP755591.1|A/cattle/Texas/24-008749-003/2024(H5N1)	641	10331
NA|PP755591.1|A/cattle/Texas/24-008749-003/2024(H5N1)	642	10292
NA|PP755591.1|A/cattle/Texas/24-008749-003/2024(H5N1)	643	10252
NA|PP755591.1|A/cattle/Texas/24-008749-003/2024(H5N1)	644	10125
NA|PP755591.1|A/cattle/Texas/24-008749-003/2024(H5N1)	645	10054
NA|PP755591.1|A/cattle/Texas/24-008749-003/2024(H5N1)	646	10042
NA|PP755591.1|A/cattle/Texas/24-008749-003/2024(H5N1)	647	9858
NA|PP755591.1|A/cattle/Texas/24-008749-003/2024(H5N1)	648	9683
NA|PP755591.1|A/cattle/Texas/24-008749-003/2024(H5N1)	649	10096
NA|PP755591.1|A/cattle/Texas/24-008749-003/2024(H5N1)	650	9931
NA|PP755591.1|A/cattle/Texas/24-008749-003/2024(H5N1)	651	10026
NA|PP755591.1|A/cattle/Texas/24-008749-003/2024(H5N1)	652	9936
NA|PP755591.1|A/cattle/Texas/24-008749-003/2024(H5N1)	653	9572
NA|PP755591.1|A/cattle/Texas/24-008749-003/2024(H5N1)	654	9178
NA|PP755591.1|A/cattle/Texas/24-008749-003/2024(H5N1)	655	9016
NA|PP755591.1|A/cattle/Texas/24-008749-003/2024(H5N1)	656	8732
NA|PP755591.1|A/cattle/Texas/24-008749-003/2024(H5N1)	657	8691
NA|PP755591.1|A/cattle/Texas/24-008749-003/2024(H5N1)	658	8545
NA|PP755591.1|A/cattle/Texas/24-008749-003/2024(H5N1)	659	8542
NA|PP755591.1|A/cattle/Texas/24-008749-003/2024(H5N1)	660	8349
NA|PP755591.1|A/cattle/Texas/24-008749-003/2024(H5N1)	661	8305
NA|PP755591.1|A/cattle/Texas/24-008749-003/2024(H5N1)	662	7614
NA|PP755591.1|A/cattle/Texas/24-008749-003/2024(H5N1)	663	7482
NA|PP755591.1|A/cattle/Texas/24-008749-003/2024(H5N1)	664	7476
NA|PP755591.1|A/cattle/Texas/24-008749-003/2024(H5N1)	665	7473
NA|PP755591.1|A/cattle/Texas/24-008749-003/2024(H5N1)	666	7468
NA|PP755591.1|A/cattle/Texas/24-008749-003/2024(H5N1)	667	7468
NA|PP755591.1|A/cattle/Texas/24-008749-003/2024(H5N1)	668	7426
NA|PP755591.1|A/cattle/Texas/24-008749-003/2024(H5N1)	669	7335
NA|PP755591.1|A/cattle/Texas/24-008749-003/2024(H5N1)	670	8148
NA|PP755591.1|A/cattle/Texas/24-008749-003/2024(H5N1)	671	8155
NA|PP755591.1|A/cattle/Texas/24-008749-003/2024(H5N1)	672	8168
NA|PP755591.1|A/cattle/Texas/24-008749-003/2024(H5N1)	673	8117
NA|PP755591.1|A/cattle/Texas/24-008749-003/2024(H5N1)	674	8114
NA|PP755591.1|A/cattle/Texas/24-008749-003/2024(H5N1)	675	8002
NA|PP755591.1|A/cattle/Texas/24-008749-003/2024(H5N1)	676	7837
NA|PP755591.1|A/cattle/Texas/24-008749-003/2024(H5N1)	677	7792
NA|PP755591.1|A/cattle/Texas/24-008749-003/2024(H5N1)	678	7620
NA|PP755591.1|A/cattle/Texas/24-008749-003/2024(H5N1)	679	8009
NA|PP755591.1|A/cattle/Texas/24-008749-003/2024(H5N1)	680	8008
NA|PP755591.1|A/cattle/Texas/24-008749-003/2024(H5N1)	681	8000
NA|PP755591.1|A/cattle/Texas/24-008749-003/2024(H5N1)	682	7945
NA|PP755591.1|A/cattle/Texas/24-008749-003/2024(H5N1)	683	7619
NA|PP755591.1|A/cattle/Texas/24-008749-003/2024(H5N1)	684	7605
NA|PP755591.1|A/cattle/Texas/24-008749-003/2024(H5N1)	685	8132
NA|PP755591.1|A/cattle/Texas/24-008749-003/2024(H5N1)	686	7914
NA|PP755591.1|A/cattle/Texas/24-008749-003/2024(H5N1)	687	7881
NA|PP755591.1|A/cattle/Texas/24-008749-003/2024(H5N1)	688	7863
NA|PP755591.1|A/cattle/Texas/24-008749-003/2024(H5N1)	689	7856
NA|PP755591.1|A/cattle/Texas/24-008749-003/2024(H5N1)	690	7820
NA|PP755591.1|A/cattle/Texas/24-008749-003/2024(H5N1)	691	7710
NA|PP755591.1|A/cattle/Texas/24-008749-003/2024(H5N1)	692	7506
NA|PP755591.1|A/cattle/Texas/24-008749-003/2024(H5N1)	693	7063
NA|PP755591.1|A/cattle/Texas/24-008749-003/2024(H5N1)	694	7057
NA|PP755591.1|A/cattle/Texas/24-008749-003/2024(H5N1)	695	6903
NA|PP755591.1|A/cattle/Texas/24-008749-003/2024(H5N1)	696	5484
NA|PP755591.1|A/cattle/Texas/24-008749-003/2024(H5N1)	697	5484
NA|PP755591.1|A/cattle/Texas/24-008749-003/2024(H5N1)	698	5484
NA|PP755591.1|A/cattle/Texas/24-008749-003/2024(H5N1)	699	5484
NA|PP755591.1|A/cattle/Texas/24-008749-003/2024(H5N1)	700	5483
NA|PP755591.1|A/cattle/Texas/24-008749-003/2024(H5N1)	701	5484
NA|PP755591.1|A/cattle/Texas/24-008749-003/2024(H5N1)	702	5481
NA|PP755591.1|A/cattle/Texas/24-008749-003/2024(H5N1)	703	5662
NA|PP755591.1|A/cattle/Texas/24-008749-003/2024(H5N1)	704	5677
NA|PP755591.1|A/cattle/Texas/24-008749-003/2024(H5N1)	705	5724
NA|PP755591.1|A/cattle/Texas/24-008749-003/2024(H5N1)	706	5779
NA|PP755591.1|A/cattle/Texas/24-008749-003/2024(H5N1)	707	5783
NA|PP755591.1|A/cattle/Texas/24-008749-003/2024(H5N1)	708	5782
NA|PP755591.1|A/cattle/Texas/24-008749-003/2024(H5N1)	709	5788
NA|PP755591.1|A/cattle/Texas/24-008749-003/2024(H5N1)	710	5801
NA|PP755591.1|A/cattle/Texas/24-008749-003/2024(H5N1)	711	5805
NA|PP755591.1|A/cattle/Texas/24-008749-003/2024(H5N1)	712	5860
NA|PP755591.1|A/cattle/Texas/24-008749-003/2024(H5N1)	713	5928
NA|PP755591.1|A/cattle/Texas/24-008749-003/2024(H5N1)	714	5947
NA|PP755591.1|A/cattle/Texas/24-008749-003/2024(H5N1)	715	5988
NA|PP755591.1|A/cattle/Texas/24-008749-003/2024(H5N1)	716	6014
NA|PP755591.1|A/cattle/Texas/24-008749-003/2024(H5N1)	717	6012
NA|PP755591.1|A/cattle/Texas/24-008749-003/2024(H5N1)	718	6134
NA|PP755591.1|A/cattle/Texas/24-008749-003/2024(H5N1)	719	6313
NA|PP755591.1|A/cattle/Texas/24-008749-003/2024(H5N1)	720	6359
NA|PP755591.1|A/cattle/Texas/24-008749-003/2024(H5N1)	721	6510
NA|PP755591.1|A/cattle/Texas/24-008749-003/2024(H5N1)	722	7802
NA|PP755591.1|A/cattle/Texas/24-008749-003/2024(H5N1)	723	7882
NA|PP755591.1|A/cattle/Texas/24-008749-003/2024(H5N1)	724	7895
NA|PP755591.1|A/cattle/Texas/24-008749-003/2024(H5N1)	725	7929
NA|PP755591.1|A/cattle/Texas/24-008749-003/2024(H5N1)	726	7980
NA|PP755591.1|A/cattle/Texas/24-008749-003/2024(H5N1)	727	8079
NA|PP755591.1|A/cattle/Texas/24-008749-003/2024(H5N1)	728	8744
NA|PP755591.1|A/cattle/Texas/24-008749-003/2024(H5N1)	729	8747
NA|PP755591.1|A/cattle/Texas/24-008749-003/2024(H5N1)	730	8768
NA|PP755591.1|A/cattle/Texas/24-008749-003/2024(H5N1)	731	9033
NA|PP755591.1|A/cattle/Texas/24-008749-003/2024(H5N1)	732	9041
NA|PP755591.1|A/cattle/Texas/24-008749-003/2024(H5N1)	733	9079
NA|PP755591.1|A/cattle/Texas/24-008749-003/2024(H5N1)	734	9081
NA|PP755591.1|A/cattle/Texas/24-008749-003/2024(H5N1)	735	9121
NA|PP755591.1|A/cattle/Texas/24-008749-003/2024(H5N1)	736	9253
NA|PP755591.1|A/cattle/Texas/24-008749-003/2024(H5N1)	737	8872
NA|PP755591.1|A/cattle/Texas/24-008749-003/2024(H5N1)	738	7808
NA|PP755591.1|A/cattle/Texas/24-008749-003/2024(H5N1)	739	7948
NA|PP755591.1|A/cattle/Texas/24-008749-003/2024(H5N1)	740	8320
NA|PP755591.1|A/cattle/Texas/24-008749-003/2024(H5N1)	741	8425
NA|PP755591.1|A/cattle/Texas/24-008749-003/2024(H5N1)	742	8715
NA|PP755591.1|A/cattle/Texas/24-008749-003/2024(H5N1)	743	8725
NA|PP755591.1|A/cattle/Texas/24-008749-003/2024(H5N1)	744	8738
NA|PP755591.1|A/cattle/Texas/24-008749-003/2024(H5N1)	745	9069
NA|PP755591.1|A/cattle/Texas/24-008749-003/2024(H5N1)	746	9112
NA|PP755591.1|A/cattle/Texas/24-008749-003/2024(H5N1)	747	9137
NA|PP755591.1|A/cattle/Texas/24-008749-003/2024(H5N1)	748	9154
NA|PP755591.1|A/cattle/Texas/24-008749-003/2024(H5N1)	749	9154
NA|PP755591.1|A/cattle/Texas/24-008749-003/2024(H5N1)	750	9177
NA|PP755591.1|A/cattle/Texas/24-008749-003/2024(H5N1)	751	9772
NA|PP755591.1|A/cattle/Texas/24-008749-003/2024(H5N1)	752	9919
NA|PP755591.1|A/cattle/Texas/24-008749-003/2024(H5N1)	753	9920
NA|PP755591.1|A/cattle/Texas/24-008749-003/2024(H5N1)	754	9663
NA|PP755591.1|A/cattle/Texas/24-008749-003/2024(H5N1)	755	9618
NA|PP755591.1|A/cattle/Texas/24-008749-003/2024(H5N1)	756	9611
NA|PP755591.1|A/cattle/Texas/24-008749-003/2024(H5N1)	757	9599
NA|PP755591.1|A/cattle/Texas/24-008749-003/2024(H5N1)	758	9581
NA|PP755591.1|A/cattle/Texas/24-008749-003/2024(H5N1)	759	9369
NA|PP755591.1|A/cattle/Texas/24-008749-003/2024(H5N1)	760	9369
NA|PP755591.1|A/cattle/Texas/24-008749-003/2024(H5N1)	761	9370
NA|PP755591.1|A/cattle/Texas/24-008749-003/2024(H5N1)	762	9370
NA|PP755591.1|A/cattle/Texas/24-008749-003/2024(H5N1)	763	9370
NA|PP755591.1|A/cattle/Texas/24-008749-003/2024(H5N1)	764	9370
NA|PP755591.1|A/cattle/Texas/24-008749-003/2024(H5N1)	765	8167
NA|PP755591.1|A/cattle/Texas/24-008749-003/2024(H5N1)	766	8165
NA|PP755591.1|A/cattle/Texas/24-008749-003/2024(H5N1)	767	8165
NA|PP755591.1|A/cattle/Texas/24-008749-003/2024(H5N1)	768	8165
NA|PP755591.1|A/cattle/Texas/24-008749-003/2024(H5N1)	769	8165
NA|PP755591.1|A/cattle/Texas/24-008749-003/2024(H5N1)	770	8162
NA|PP755591.1|A/cattle/Texas/24-008749-003/2024(H5N1)	771	8162
NA|PP755591.1|A/cattle/Texas/24-008749-003/2024(H5N1)	772	8237
NA|PP755591.1|A/cattle/Texas/24-008749-003/2024(H5N1)	773	8243
NA|PP755591.1|A/cattle/Texas/24-008749-003/2024(H5N1)	774	8259
NA|PP755591.1|A/cattle/Texas/24-008749-003/2024(H5N1)	775	8257
NA|PP755591.1|A/cattle/Texas/24-008749-003/2024(H5N1)	776	8257
NA|PP755591.1|A/cattle/Texas/24-008749-003/2024(H5N1)	777	3069
NA|PP755591.1|A/cattle/Texas/24-008749-003/2024(H5N1)	778	8268
NA|PP755591.1|A/cattle/Texas/24-008749-003/2024(H5N1)	779	8333
NA|PP755591.1|A/cattle/Texas/24-008749-003/2024(H5N1)	780	8350
NA|PP755591.1|A/cattle/Texas/24-008749-003/2024(H5N1)	781	8560
NA|PP755591.1|A/cattle/Texas/24-008749-003/2024(H5N1)	782	8563
NA|PP755591.1|A/cattle/Texas/24-008749-003/2024(H5N1)	783	8563
NA|PP755591.1|A/cattle/Texas/24-008749-003/2024(H5N1)	784	8562
NA|PP755591.1|A/cattle/Texas/24-008749-003/2024(H5N1)	785	8562
NA|PP755591.1|A/cattle/Texas/24-008749-003/2024(H5N1)	786	8562
NA|PP755591.1|A/cattle/Texas/24-008749-003/2024(H5N1)	787	8562
NA|PP755591.1|A/cattle/Texas/24-008749-003/2024(H5N1)	788	8564
NA|PP755591.1|A/cattle/Texas/24-008749-003/2024(H5N1)	789	8666
NA|PP755591.1|A/cattle/Texas/24-008749-003/2024(H5N1)	790	9936
NA|PP755591.1|A/cattle/Texas/24-008749-003/2024(H5N1)	791	10094
NA|PP755591.1|A/cattle/Texas/24-008749-003/2024(H5N1)	792	10115
NA|PP755591.1|A/cattle/Texas/24-008749-003/2024(H5N1)	793	10275
NA|PP755591.1|A/cattle/Texas/24-008749-003/2024(H5N1)	794	10366
NA|PP755591.1|A/cattle/Texas/24-008749-003/2024(H5N1)	795	10409
NA|PP755591.1|A/cattle/Texas/24-008749-003/2024(H5N1)	796	10437
NA|PP755591.1|A/cattle/Texas/24-008749-003/2024(H5N1)	797	10504
NA|PP755591.1|A/cattle/Texas/24-008749-003/2024(H5N1)	798	10505
NA|PP755591.1|A/cattle/Texas/24-008749-003/2024(H5N1)	799	10624
NA|PP755591.1|A/cattle/Texas/24-008749-003/2024(H5N1)	800	10663
NA|PP755591.1|A/cattle/Texas/24-008749-003/2024(H5N1)	801	10658
NA|PP755591.1|A/cattle/Texas/24-008749-003/2024(H5N1)	802	10557
NA|PP755591.1|A/cattle/Texas/24-008749-003/2024(H5N1)	803	10505
NA|PP755591.1|A/cattle/Texas/24-008749-003/2024(H5N1)	804	9875
NA|PP755591.1|A/cattle/Texas/24-008749-003/2024(H5N1)	805	10191
NA|PP755591.1|A/cattle/Texas/24-008749-003/2024(H5N1)	806	11132
NA|PP755591.1|A/cattle/Texas/24-008749-003/2024(H5N1)	807	11163
NA|PP755591.1|A/cattle/Texas/24-008749-003/2024(H5N1)	808	11181
NA|PP755591.1|A/cattle/Texas/24-008749-003/2024(H5N1)	809	11223
NA|PP755591.1|A/cattle/Texas/24-008749-003/2024(H5N1)	810	11237
NA|PP755591.1|A/cattle/Texas/24-008749-003/2024(H5N1)	811	11265
NA|PP755591.1|A/cattle/Texas/24-008749-003/2024(H5N1)	812	11488
NA|PP755591.1|A/cattle/Texas/24-008749-003/2024(H5N1)	813	11496
NA|PP755591.1|A/cattle/Texas/24-008749-003/2024(H5N1)	814	11507
NA|PP755591.1|A/cattle/Texas/24-008749-003/2024(H5N1)	815	11631
NA|PP755591.1|A/cattle/Texas/24-008749-003/2024(H5N1)	816	11648
NA|PP755591.1|A/cattle/Texas/24-008749-003/2024(H5N1)	817	11987
NA|PP755591.1|A/cattle/Texas/24-008749-003/2024(H5N1)	818	12031
NA|PP755591.1|A/cattle/Texas/24-008749-003/2024(H5N1)	819	12065
NA|PP755591.1|A/cattle/Texas/24-008749-003/2024(H5N1)	820	12028
NA|PP755591.1|A/cattle/Texas/24-008749-003/2024(H5N1)	821	11959
NA|PP755591.1|A/cattle/Texas/24-008749-003/2024(H5N1)	822	12099
NA|PP755591.1|A/cattle/Texas/24-008749-003/2024(H5N1)	823	12104
NA|PP755591.1|A/cattle/Texas/24-008749-003/2024(H5N1)	824	12686
NA|PP755591.1|A/cattle/Texas/24-008749-003/2024(H5N1)	825	12651
NA|PP755591.1|A/cattle/Texas/24-008749-003/2024(H5N1)	826	12656
NA|PP755591.1|A/cattle/Texas/24-008749-003/2024(H5N1)	827	12703
NA|PP755591.1|A/cattle/Texas/24-008749-003/2024(H5N1)	828	12276
NA|PP755591.1|A/cattle/Texas/24-008749-003/2024(H5N1)	829	12376
NA|PP755591.1|A/cattle/Texas/24-008749-003/2024(H5N1)	830	12377
NA|PP755591.1|A/cattle/Texas/24-008749-003/2024(H5N1)	831	12449
NA|PP755591.1|A/cattle/Texas/24-008749-003/2024(H5N1)	832	12483
NA|PP755591.1|A/cattle/Texas/24-008749-003/2024(H5N1)	833	12596
NA|PP755591.1|A/cattle/Texas/24-008749-003/2024(H5N1)	834	12446
NA|PP755591.1|A/cattle/Texas/24-008749-003/2024(H5N1)	835	12520
NA|PP755591.1|A/cattle/Texas/24-008749-003/2024(H5N1)	836	12574
NA|PP755591.1|A/cattle/Texas/24-008749-003/2024(H5N1)	837	12574
NA|PP755591.1|A/cattle/Texas/24-008749-003/2024(H5N1)	838	12571
NA|PP755591.1|A/cattle/Texas/24-008749-003/2024(H5N1)	839	12571
NA|PP755591.1|A/cattle/Texas/24-008749-003/2024(H5N1)	840	12506
NA|PP755591.1|A/cattle/Texas/24-008749-003/2024(H5N1)	841	12493
NA|PP755591.1|A/cattle/Texas/24-008749-003/2024(H5N1)	842	12493
NA|PP755591.1|A/cattle/Texas/24-008749-003/2024(H5N1)	843	12395
NA|PP755591.1|A/cattle/Texas/24-008749-003/2024(H5N1)	844	12392
NA|PP755591.1|A/cattle/Texas/24-008749-003/2024(H5N1)	845	12370
NA|PP755591.1|A/cattle/Texas/24-008749-003/2024(H5N1)	846	12351
NA|PP755591.1|A/cattle/Texas/24-008749-003/2024(H5N1)	847	12350
NA|PP755591.1|A/cattle/Texas/24-008749-003/2024(H5N1)	848	12033
NA|PP755591.1|A/cattle/Texas/24-008749-003/2024(H5N1)	849	11903
NA|PP755591.1|A/cattle/Texas/24-008749-003/2024(H5N1)	850	11901
NA|PP755591.1|A/cattle/Texas/24-008749-003/2024(H5N1)	851	11879
NA|PP755591.1|A/cattle/Texas/24-008749-003/2024(H5N1)	852	11864
NA|PP755591.1|A/cattle/Texas/24-008749-003/2024(H5N1)	853	11854
NA|PP755591.1|A/cattle/Texas/24-008749-003/2024(H5N1)	854	11614
NA|PP755591.1|A/cattle/Texas/24-008749-003/2024(H5N1)	855	1958
NA|PP755591.1|A/cattle/Texas/24-008749-003/2024(H5N1)	856	1904
NA|PP755591.1|A/cattle/Texas/24-008749-003/2024(H5N1)	857	1904
NA|PP755591.1|A/cattle/Texas/24-008749-003/2024(H5N1)	858	1904
NA|PP755591.1|A/cattle/Texas/24-008749-003/2024(H5N1)	859	1904
NA|PP755591.1|A/cattle/Texas/24-008749-003/2024(H5N1)	860	1904
NA|PP755591.1|A/cattle/Texas/24-008749-003/2024(H5N1)	861	1903
NA|PP755591.1|A/cattle/Texas/24-008749-003/2024(H5N1)	862	1903
NA|PP755591.1|A/cattle/Texas/24-008749-003/2024(H5N1)	863	1903
NA|PP755591.1|A/cattle/Texas/24-008749-003/2024(H5N1)	864	1903
NA|PP755591.1|A/cattle/Texas/24-008749-003/2024(H5N1)	865	3458
NA|PP755591.1|A/cattle/Texas/24-008749-003/2024(H5N1)	866	3462
NA|PP755591.1|A/cattle/Texas/24-008749-003/2024(H5N1)	867	3499
NA|PP755591.1|A/cattle/Texas/24-008749-003/2024(H5N1)	868	3548
NA|PP755591.1|A/cattle/Texas/24-008749-003/2024(H5N1)	869	3548
NA|PP755591.1|A/cattle/Texas/24-008749-003/2024(H5N1)	870	3549
NA|PP755591.1|A/cattle/Texas/24-008749-003/2024(H5N1)	871	3549
NA|PP755591.1|A/cattle/Texas/24-008749-003/2024(H5N1)	872	3549
NA|PP755591.1|A/cattle/Texas/24-008749-003/2024(H5N1)	873	3549
NA|PP755591.1|A/cattle/Texas/24-008749-003/2024(H5N1)	874	3549
NA|PP755591.1|A/cattle/Texas/24-008749-003/2024(H5N1)	875	3549
NA|PP755591.1|A/cattle/Texas/24-008749-003/2024(H5N1)	876	3549
NA|PP755591.1|A/cattle/Texas/24-008749-003/2024(H5N1)	877	3548
NA|PP755591.1|A/cattle/Texas/24-008749-003/2024(H5N1)	878	3548
NA|PP755591.1|A/cattle/Texas/24-008749-003/2024(H5N1)	879	3548
NA|PP755591.1|A/cattle/Texas/24-008749-003/2024(H5N1)	880	3548
NA|PP755591.1|A/cattle/Texas/24-008749-003/2024(H5N1)	881	3548
NA|PP755591.1|A/cattle/Texas/24-008749-003/2024(H5N1)	882	3547
NA|PP755591.1|A/cattle/Texas/24-008749-003/2024(H5N1)	883	3548
NA|PP755591.1|A/cattle/Texas/24-008749-003/2024(H5N1)	884	3548
NA|PP755591.1|A/cattle/Texas/24-008749-003/2024(H5N1)	885	3548
NA|PP755591.1|A/cattle/Texas/24-008749-003/2024(H5N1)	886	3604
NA|PP755591.1|A/cattle/Texas/24-008749-003/2024(H5N1)	887	3645
NA|PP755591.1|A/cattle/Texas/24-008749-003/2024(H5N1)	888	3692
NA|PP755591.1|A/cattle/Texas/24-008749-003/2024(H5N1)	889	3692
NA|PP755591.1|A/cattle/Texas/24-008749-003/2024(H5N1)	890	3692
NA|PP755591.1|A/cattle/Texas/24-008749-003/2024(H5N1)	891	3691
NA|PP755591.1|A/cattle/Texas/24-008749-003/2024(H5N1)	892	3692
NA|PP755591.1|A/cattle/Texas/24-008749-003/2024(H5N1)	893	3692
NA|PP755591.1|A/cattle/Texas/24-008749-003/2024(H5N1)	894	3692
NA|PP755591.1|A/cattle/Texas/24-008749-003/2024(H5N1)	895	3692
NA|PP755591.1|A/cattle/Texas/24-008749-003/2024(H5N1)	896	3691
NA|PP755591.1|A/cattle/Texas/24-008749-003/2024(H5N1)	897	3691
NA|PP755591.1|A/cattle/Texas/24-008749-003/2024(H5N1)	898	3706
NA|PP755591.1|A/cattle/Texas/24-008749-003/2024(H5N1)	899	3706
NA|PP755591.1|A/cattle/Texas/24-008749-003/2024(H5N1)	900	3706
NA|PP755591.1|A/cattle/Texas/24-008749-003/2024(H5N1)	901	3706
NA|PP755591.1|A/cattle/Texas/24-008749-003/2024(H5N1)	902	3708
NA|PP755591.1|A/cattle/Texas/24-008749-003/2024(H5N1)	903	3708
NA|PP755591.1|A/cattle/Texas/24-008749-003/2024(H5N1)	904	3708
NA|PP755591.1|A/cattle/Texas/24-008749-003/2024(H5N1)	905	3708
NA|PP755591.1|A/cattle/Texas/24-008749-003/2024(H5N1)	906	3708
NA|PP755591.1|A/cattle/Texas/24-008749-003/2024(H5N1)	907	3837
NA|PP755591.1|A/cattle/Texas/24-008749-003/2024(H5N1)	908	3859
NA|PP755591.1|A/cattle/Texas/24-008749-003/2024(H5N1)	909	3859
NA|PP755591.1|A/cattle/Texas/24-008749-003/2024(H5N1)	910	3859
NA|PP755591.1|A/cattle/Texas/24-008749-003/2024(H5N1)	911	3858
NA|PP755591.1|A/cattle/Texas/24-008749-003/2024(H5N1)	912	3858
NA|PP755591.1|A/cattle/Texas/24-008749-003/2024(H5N1)	913	3880
NA|PP755591.1|A/cattle/Texas/24-008749-003/2024(H5N1)	914	3880
NA|PP755591.1|A/cattle/Texas/24-008749-003/2024(H5N1)	915	3880
NA|PP755591.1|A/cattle/Texas/24-008749-003/2024(H5N1)	916	3880
NA|PP755591.1|A/cattle/Texas/24-008749-003/2024(H5N1)	917	4194
NA|PP755591.1|A/cattle/Texas/24-008749-003/2024(H5N1)	918	4206
NA|PP755591.1|A/cattle/Texas/24-008749-003/2024(H5N1)	919	7480
NA|PP755591.1|A/cattle/Texas/24-008749-003/2024(H5N1)	920	7553
NA|PP755591.1|A/cattle/Texas/24-008749-003/2024(H5N1)	921	7566
NA|PP755591.1|A/cattle/Texas/24-008749-003/2024(H5N1)	922	7579
NA|PP755591.1|A/cattle/Texas/24-008749-003/2024(H5N1)	923	7583
NA|PP755591.1|A/cattle/Texas/24-008749-003/2024(H5N1)	924	7615
NA|PP755591.1|A/cattle/Texas/24-008749-003/2024(H5N1)	925	7667
NA|PP755591.1|A/cattle/Texas/24-008749-003/2024(H5N1)	926	7804
NA|PP755591.1|A/cattle/Texas/24-008749-003/2024(H5N1)	927	7822
NA|PP755591.1|A/cattle/Texas/24-008749-003/2024(H5N1)	928	7872
NA|PP755591.1|A/cattle/Texas/24-008749-003/2024(H5N1)	929	7873
NA|PP755591.1|A/cattle/Texas/24-008749-003/2024(H5N1)	930	7876
NA|PP755591.1|A/cattle/Texas/24-008749-003/2024(H5N1)	931	7886
NA|PP755591.1|A/cattle/Texas/24-008749-003/2024(H5N1)	932	7964
NA|PP755591.1|A/cattle/Texas/24-008749-003/2024(H5N1)	933	8072
NA|PP755591.1|A/cattle/Texas/24-008749-003/2024(H5N1)	934	8082
NA|PP755591.1|A/cattle/Texas/24-008749-003/2024(H5N1)	935	8311
NA|PP755591.1|A/cattle/Texas/24-008749-003/2024(H5N1)	936	8327
NA|PP755591.1|A/cattle/Texas/24-008749-003/2024(H5N1)	937	8380
NA|PP755591.1|A/cattle/Texas/24-008749-003/2024(H5N1)	938	8409
NA|PP755591.1|A/cattle/Texas/24-008749-003/2024(H5N1)	939	8409
NA|PP755591.1|A/cattle/Texas/24-008749-003/2024(H5N1)	940	8408
NA|PP755591.1|A/cattle/Texas/24-008749-003/2024(H5N1)	941	8403
NA|PP755591.1|A/cattle/Texas/24-008749-003/2024(H5N1)	942	8396
NA|PP755591.1|A/cattle/Texas/24-008749-003/2024(H5N1)	943	8387
NA|PP755591.1|A/cattle/Texas/24-008749-003/2024(H5N1)	944	8370
NA|PP755591.1|A/cattle/Texas/24-008749-003/2024(H5N1)	945	8280
NA|PP755591.1|A/cattle/Texas/24-008749-003/2024(H5N1)	946	8276
NA|PP755591.1|A/cattle/Texas/24-008749-003/2024(H5N1)	947	8275
NA|PP755591.1|A/cattle/Texas/24-008749-003/2024(H5N1)	948	8224
NA|PP755591.1|A/cattle/Texas/24-008749-003/2024(H5N1)	949	8225
NA|PP755591.1|A/cattle/Texas/24-008749-003/2024(H5N1)	950	8225
NA|PP755591.1|A/cattle/Texas/24-008749-003/2024(H5N1)	951	8220
NA|PP755591.1|A/cattle/Texas/24-008749-003/2024(H5N1)	952	8171
NA|PP755591.1|A/cattle/Texas/24-008749-003/2024(H5N1)	953	8089
NA|PP755591.1|A/cattle/Texas/24-008749-003/2024(H5N1)	954	7990
NA|PP755591.1|A/cattle/Texas/24-008749-003/2024(H5N1)	955	7971
NA|PP755591.1|A/cattle/Texas/24-008749-003/2024(H5N1)	956	7966
NA|PP755591.1|A/cattle/Texas/24-008749-003/2024(H5N1)	957	5885
NA|PP755591.1|A/cattle/Texas/24-008749-003/2024(H5N1)	958	5891
NA|PP755591.1|A/cattle/Texas/24-008749-003/2024(H5N1)	959	5887
NA|PP755591.1|A/cattle/Texas/24-008749-003/2024(H5N1)	960	5877
NA|PP755591.1|A/cattle/Texas/24-008749-003/2024(H5N1)	961	5877
NA|PP755591.1|A/cattle/Texas/24-008749-003/2024(H5N1)	962	6065
NA|PP755591.1|A/cattle/Texas/24-008749-003/2024(H5N1)	963	6069
NA|PP755591.1|A/cattle/Texas/24-008749-003/2024(H5N1)	964	6070
NA|PP755591.1|A/cattle/Texas/24-008749-003/2024(H5N1)	965	6070
NA|PP755591.1|A/cattle/Texas/24-008749-003/2024(H5N1)	966	6070
NA|PP755591.1|A/cattle/Texas/24-008749-003/2024(H5N1)	967	6080
NA|PP755591.1|A/cattle/Texas/24-008749-003/2024(H5N1)	968	6454
NA|PP755591.1|A/cattle/Texas/24-008749-003/2024(H5N1)	969	6454
NA|PP755591.1|A/cattle/Texas/24-008749-003/2024(H5N1)	970	6465
NA|PP755591.1|A/cattle/Texas/24-008749-003/2024(H5N1)	971	6470
NA|PP755591.1|A/cattle/Texas/24-008749-003/2024(H5N1)	972	6540
NA|PP755591.1|A/cattle/Texas/24-008749-003/2024(H5N1)	973	6544
NA|PP755591.1|A/cattle/Texas/24-008749-003/2024(H5N1)	974	6544
NA|PP755591.1|A/cattle/Texas/24-008749-003/2024(H5N1)	975	6541
NA|PP755591.1|A/cattle/Texas/24-008749-003/2024(H5N1)	976	6580
NA|PP755591.1|A/cattle/Texas/24-008749-003/2024(H5N1)	977	6725
NA|PP755591.1|A/cattle/Texas/24-008749-003/2024(H5N1)	978	6756
NA|PP755591.1|A/cattle/Texas/24-008749-003/2024(H5N1)	979	10197
NA|PP755591.1|A/cattle/Texas/24-008749-003/2024(H5N1)	980	10201
NA|PP755591.1|A/cattle/Texas/24-008749-003/2024(H5N1)	981	10378
NA|PP755591.1|A/cattle/Texas/24-008749-003/2024(H5N1)	982	10390
NA|PP755591.1|A/cattle/Texas/24-008749-003/2024(H5N1)	983	10451
NA|PP755591.1|A/cattle/Texas/24-008749-003/2024(H5N1)	984	10479
NA|PP755591.1|A/cattle/Texas/24-008749-003/2024(H5N1)	985	10507
NA|PP755591.1|A/cattle/Texas/24-008749-003/2024(H5N1)	986	10875
NA|PP755591.1|A/cattle/Texas/24-008749-003/2024(H5N1)	987	11418
NA|PP755591.1|A/cattle/Texas/24-008749-003/2024(H5N1)	988	11446
NA|PP755591.1|A/cattle/Texas/24-008749-003/2024(H5N1)	989	11475
NA|PP755591.1|A/cattle/Texas/24-008749-003/2024(H5N1)	990	11489
NA|PP755591.1|A/cattle/Texas/24-008749-003/2024(H5N1)	991	11584
NA|PP755591.1|A/cattle/Texas/24-008749-003/2024(H5N1)	992	11691
NA|PP755591.1|A/cattle/Texas/24-008749-003/2024(H5N1)	993	11740
NA|PP755591.1|A/cattle/Texas/24-008749-003/2024(H5N1)	994	11742
NA|PP755591.1|A/cattle/Texas/24-008749-003/2024(H5N1)	995	11743
NA|PP755591.1|A/cattle/Texas/24-008749-003/2024(H5N1)	996	11929
NA|PP755591.1|A/cattle/Texas/24-008749-003/2024(H5N1)	997	12041
NA|PP755591.1|A/cattle/Texas/24-008749-003/2024(H5N1)	998	12094
NA|PP755591.1|A/cattle/Texas/24-008749-003/2024(H5N1)	999	12316
NA|PP755591.1|A/cattle/Texas/24-008749-003/2024(H5N1)	1000	12286
NA|PP755591.1|A/cattle/Texas/24-008749-003/2024(H5N1)	1001	12262
NA|PP755591.1|A/cattle/Texas/24-008749-003/2024(H5N1)	1002	12242
NA|PP755591.1|A/cattle/Texas/24-008749-003/2024(H5N1)	1003	12225
NA|PP755591.1|A/cattle/Texas/24-008749-003/2024(H5N1)	1004	12216
NA|PP755591.1|A/cattle/Texas/24-008749-003/2024(H5N1)	1005	10575
NA|PP755591.1|A/cattle/Texas/24-008749-003/2024(H5N1)	1006	10575
NA|PP755591.1|A/cattle/Texas/24-008749-003/2024(H5N1)	1007	10913
NA|PP755591.1|A/cattle/Texas/24-008749-003/2024(H5N1)	1008	10940
NA|PP755591.1|A/cattle/Texas/24-008749-003/2024(H5N1)	1009	11014
NA|PP755591.1|A/cattle/Texas/24-008749-003/2024(H5N1)	1010	11013
NA|PP755591.1|A/cattle/Texas/24-008749-003/2024(H5N1)	1011	11011
NA|PP755591.1|A/cattle/Texas/24-008749-003/2024(H5N1)	1012	11012
NA|PP755591.1|A/cattle/Texas/24-008749-003/2024(H5N1)	1013	11071
NA|PP755591.1|A/cattle/Texas/24-008749-003/2024(H5N1)	1014	11416
NA|PP755591.1|A/cattle/Texas/24-008749-003/2024(H5N1)	1015	11441
NA|PP755591.1|A/cattle/Texas/24-008749-003/2024(H5N1)	1016	13101
NA|PP755591.1|A/cattle/Texas/24-008749-003/2024(H5N1)	1017	13135
NA|PP755591.1|A/cattle/Texas/24-008749-003/2024(H5N1)	1018	13138
NA|PP755591.1|A/cattle/Texas/24-008749-003/2024(H5N1)	1019	13199
NA|PP755591.1|A/cattle/Texas/24-008749-003/2024(H5N1)	1020	13203
NA|PP755591.1|A/cattle/Texas/24-008749-003/2024(H5N1)	1021	13227
NA|PP755591.1|A/cattle/Texas/24-008749-003/2024(H5N1)	1022	13230
NA|PP755591.1|A/cattle/Texas/24-008749-003/2024(H5N1)	1023	13231
NA|PP755591.1|A/cattle/Texas/24-008749-003/2024(H5N1)	1024	13239
NA|PP755591.1|A/cattle/Texas/24-008749-003/2024(H5N1)	1025	13238
NA|PP755591.1|A/cattle/Texas/24-008749-003/2024(H5N1)	1026	13159
NA|PP755591.1|A/cattle/Texas/24-008749-003/2024(H5N1)	1027	13159
NA|PP755591.1|A/cattle/Texas/24-008749-003/2024(H5N1)	1028	12939
NA|PP755591.1|A/cattle/Texas/24-008749-003/2024(H5N1)	1029	12934
NA|PP755591.1|A/cattle/Texas/24-008749-003/2024(H5N1)	1030	12915
NA|PP755591.1|A/cattle/Texas/24-008749-003/2024(H5N1)	1031	12858
NA|PP755591.1|A/cattle/Texas/24-008749-003/2024(H5N1)	1032	12854
NA|PP755591.1|A/cattle/Texas/24-008749-003/2024(H5N1)	1033	12812
NA|PP755591.1|A/cattle/Texas/24-008749-003/2024(H5N1)	1034	12787
NA|PP755591.1|A/cattle/Texas/24-008749-003/2024(H5N1)	1035	11010
NA|PP755591.1|A/cattle/Texas/24-008749-003/2024(H5N1)	1036	10973
NA|PP755591.1|A/cattle/Texas/24-008749-003/2024(H5N1)	1037	10884
NA|PP755591.1|A/cattle/Texas/24-008749-003/2024(H5N1)	1038	10814
NA|PP755591.1|A/cattle/Texas/24-008749-003/2024(H5N1)	1039	10814
NA|PP755591.1|A/cattle/Texas/24-008749-003/2024(H5N1)	1040	10816
NA|PP755591.1|A/cattle/Texas/24-008749-003/2024(H5N1)	1041	10816
NA|PP755591.1|A/cattle/Texas/24-008749-003/2024(H5N1)	1042	10817
NA|PP755591.1|A/cattle/Texas/24-008749-003/2024(H5N1)	1043	10815
NA|PP755591.1|A/cattle/Texas/24-008749-003/2024(H5N1)	1044	10818
NA|PP755591.1|A/cattle/Texas/24-008749-003/2024(H5N1)	1045	11793
NA|PP755591.1|A/cattle/Texas/24-008749-003/2024(H5N1)	1046	11795
NA|PP755591.1|A/cattle/Texas/24-008749-003/2024(H5N1)	1047	11806
NA|PP755591.1|A/cattle/Texas/24-008749-003/2024(H5N1)	1048	11808
NA|PP755591.1|A/cattle/Texas/24-008749-003/2024(H5N1)	1049	11865
NA|PP755591.1|A/cattle/Texas/24-008749-003/2024(H5N1)	1050	11870
NA|PP755591.1|A/cattle/Texas/24-008749-003/2024(H5N1)	1051	11860
NA|PP755591.1|A/cattle/Texas/24-008749-003/2024(H5N1)	1052	11852
NA|PP755591.1|A/cattle/Texas/24-008749-003/2024(H5N1)	1053	11492
NA|PP755591.1|A/cattle/Texas/24-008749-003/2024(H5N1)	1054	11475
NA|PP755591.1|A/cattle/Texas/24-008749-003/2024(H5N1)	1055	11437
NA|PP755591.1|A/cattle/Texas/24-008749-003/2024(H5N1)	1056	11414
NA|PP755591.1|A/cattle/Texas/24-008749-003/2024(H5N1)	1057	12267
NA|PP755591.1|A/cattle/Texas/24-008749-003/2024(H5N1)	1058	12190
NA|PP755591.1|A/cattle/Texas/24-008749-003/2024(H5N1)	1059	12580
NA|PP755591.1|A/cattle/Texas/24-008749-003/2024(H5N1)	1060	12551
NA|PP755591.1|A/cattle/Texas/24-008749-003/2024(H5N1)	1061	12519
NA|PP755591.1|A/cattle/Texas/24-008749-003/2024(H5N1)	1062	12507
NA|PP755591.1|A/cattle/Texas/24-008749-003/2024(H5N1)	1063	12463
NA|PP755591.1|A/cattle/Texas/24-008749-003/2024(H5N1)	1064	12457
NA|PP755591.1|A/cattle/Texas/24-008749-003/2024(H5N1)	1065	12369
NA|PP755591.1|A/cattle/Texas/24-008749-003/2024(H5N1)	1066	12361
NA|PP755591.1|A/cattle/Texas/24-008749-003/2024(H5N1)	1067	12361
NA|PP755591.1|A/cattle/Texas/24-008749-003/2024(H5N1)	1068	11926
NA|PP755591.1|A/cattle/Texas/24-008749-003/2024(H5N1)	1069	11923
NA|PP755591.1|A/cattle/Texas/24-008749-003/2024(H5N1)	1070	11634
NA|PP755591.1|A/cattle/Texas/24-008749-003/2024(H5N1)	1071	11577
NA|PP755591.1|A/cattle/Texas/24-008749-003/2024(H5N1)	1072	11567
NA|PP755591.1|A/cattle/Texas/24-008749-003/2024(H5N1)	1073	11559
NA|PP755591.1|A/cattle/Texas/24-008749-003/2024(H5N1)	1074	11555
NA|PP755591.1|A/cattle/Texas/24-008749-003/2024(H5N1)	1075	11515
NA|PP755591.1|A/cattle/Texas/24-008749-003/2024(H5N1)	1076	11411
NA|PP755591.1|A/cattle/Texas/24-008749-003/2024(H5N1)	1077	11183
NA|PP755591.1|A/cattle/Texas/24-008749-003/2024(H5N1)	1078	11165
NA|PP755591.1|A/cattle/Texas/24-008749-003/2024(H5N1)	1079	11153
NA|PP755591.1|A/cattle/Texas/24-008749-003/2024(H5N1)	1080	11151
NA|PP755591.1|A/cattle/Texas/24-008749-003/2024(H5N1)	1081	11132
NA|PP755591.1|A/cattle/Texas/24-008749-003/2024(H5N1)	1082	11079
NA|PP755591.1|A/cattle/Texas/24-008749-003/2024(H5N1)	1083	10991
NA|PP755591.1|A/cattle/Texas/24-008749-003/2024(H5N1)	1084	10884
NA|PP755591.1|A/cattle/Texas/24-008749-003/2024(H5N1)	1085	10644
NA|PP755591.1|A/cattle/Texas/24-008749-003/2024(H5N1)	1086	10548
NA|PP755591.1|A/cattle/Texas/24-008749-003/2024(H5N1)	1087	10536
NA|PP755591.1|A/cattle/Texas/24-008749-003/2024(H5N1)	1088	10478
NA|PP755591.1|A/cattle/Texas/24-008749-003/2024(H5N1)	1089	10445
NA|PP755591.1|A/cattle/Texas/24-008749-003/2024(H5N1)	1090	10443
NA|PP755591.1|A/cattle/Texas/24-008749-003/2024(H5N1)	1091	10394
NA|PP755591.1|A/cattle/Texas/24-008749-003/2024(H5N1)	1092	10188
NA|PP755591.1|A/cattle/Texas/24-008749-003/2024(H5N1)	1093	10137
NA|PP755591.1|A/cattle/Texas/24-008749-003/2024(H5N1)	1094	9234
NA|PP755591.1|A/cattle/Texas/24-008749-003/2024(H5N1)	1095	9207
NA|PP755591.1|A/cattle/Texas/24-008749-003/2024(H5N1)	1096	9177
NA|PP755591.1|A/cattle/Texas/24-008749-003/2024(H5N1)	1097	9142
NA|PP755591.1|A/cattle/Texas/24-008749-003/2024(H5N1)	1098	6676
NA|PP755591.1|A/cattle/Texas/24-008749-003/2024(H5N1)	1099	6668
NA|PP755591.1|A/cattle/Texas/24-008749-003/2024(H5N1)	1100	6488
NA|PP755591.1|A/cattle/Texas/24-008749-003/2024(H5N1)	1101	6476
NA|PP755591.1|A/cattle/Texas/24-008749-003/2024(H5N1)	1102	6476
NA|PP755591.1|A/cattle/Texas/24-008749-003/2024(H5N1)	1103	6476
NA|PP755591.1|A/cattle/Texas/24-008749-003/2024(H5N1)	1104	6465
NA|PP755591.1|A/cattle/Texas/24-008749-003/2024(H5N1)	1105	6479
NA|PP755591.1|A/cattle/Texas/24-008749-003/2024(H5N1)	1106	6479
NA|PP755591.1|A/cattle/Texas/24-008749-003/2024(H5N1)	1107	6479
NA|PP755591.1|A/cattle/Texas/24-008749-003/2024(H5N1)	1108	6479
NA|PP755591.1|A/cattle/Texas/24-008749-003/2024(H5N1)	1109	6484
NA|PP755591.1|A/cattle/Texas/24-008749-003/2024(H5N1)	1110	6484
NA|PP755591.1|A/cattle/Texas/24-008749-003/2024(H5N1)	1111	8829
NA|PP755591.1|A/cattle/Texas/24-008749-003/2024(H5N1)	1112	8847
NA|PP755591.1|A/cattle/Texas/24-008749-003/2024(H5N1)	1113	8870
NA|PP755591.1|A/cattle/Texas/24-008749-003/2024(H5N1)	1114	8905
NA|PP755591.1|A/cattle/Texas/24-008749-003/2024(H5N1)	1115	9190
NA|PP755591.1|A/cattle/Texas/24-008749-003/2024(H5N1)	1116	9202
NA|PP755591.1|A/cattle/Texas/24-008749-003/2024(H5N1)	1117	9246
NA|PP755591.1|A/cattle/Texas/24-008749-003/2024(H5N1)	1118	9246
NA|PP755591.1|A/cattle/Texas/24-008749-003/2024(H5N1)	1119	9248
NA|PP755591.1|A/cattle/Texas/24-008749-003/2024(H5N1)	1120	9251
NA|PP755591.1|A/cattle/Texas/24-008749-003/2024(H5N1)	1121	9261
NA|PP755591.1|A/cattle/Texas/24-008749-003/2024(H5N1)	1122	9262
NA|PP755591.1|A/cattle/Texas/24-008749-003/2024(H5N1)	1123	9704
NA|PP755591.1|A/cattle/Texas/24-008749-003/2024(H5N1)	1124	9720
NA|PP755591.1|A/cattle/Texas/24-008749-003/2024(H5N1)	1125	9785
NA|PP755591.1|A/cattle/Texas/24-008749-003/2024(H5N1)	1126	9789
NA|PP755591.1|A/cattle/Texas/24-008749-003/2024(H5N1)	1127	9792
NA|PP755591.1|A/cattle/Texas/24-008749-003/2024(H5N1)	1128	9792
NA|PP755591.1|A/cattle/Texas/24-008749-003/2024(H5N1)	1129	9729
NA|PP755591.1|A/cattle/Texas/24-008749-003/2024(H5N1)	1130	9578
NA|PP755591.1|A/cattle/Texas/24-008749-003/2024(H5N1)	1131	9554
NA|PP755591.1|A/cattle/Texas/24-008749-003/2024(H5N1)	1132	10161
NA|PP755591.1|A/cattle/Texas/24-008749-003/2024(H5N1)	1133	10167
NA|PP755591.1|A/cattle/Texas/24-008749-003/2024(H5N1)	1134	10139
NA|PP755591.1|A/cattle/Texas/24-008749-003/2024(H5N1)	1135	10139
NA|PP755591.1|A/cattle/Texas/24-008749-003/2024(H5N1)	1136	10083
NA|PP755591.1|A/cattle/Texas/24-008749-003/2024(H5N1)	1137	9923
NA|PP755591.1|A/cattle/Texas/24-008749-003/2024(H5N1)	1138	9626
NA|PP755591.1|A/cattle/Texas/24-008749-003/2024(H5N1)	1139	9607
NA|PP755591.1|A/cattle/Texas/24-008749-003/2024(H5N1)	1140	9595
NA|PP755591.1|A/cattle/Texas/24-008749-003/2024(H5N1)	1141	9586
NA|PP755591.1|A/cattle/Texas/24-008749-003/2024(H5N1)	1142	9426
NA|PP755591.1|A/cattle/Texas/24-008749-003/2024(H5N1)	1143	9266
NA|PP755591.1|A/cattle/Texas/24-008749-003/2024(H5N1)	1144	9242
NA|PP755591.1|A/cattle/Texas/24-008749-003/2024(H5N1)	1145	9179
NA|PP755591.1|A/cattle/Texas/24-008749-003/2024(H5N1)	1146	9172
NA|PP755591.1|A/cattle/Texas/24-008749-003/2024(H5N1)	1147	9015
NA|PP755591.1|A/cattle/Texas/24-008749-003/2024(H5N1)	1148	8895
NA|PP755591.1|A/cattle/Texas/24-008749-003/2024(H5N1)	1149	8605
NA|PP755591.1|A/cattle/Texas/24-008749-003/2024(H5N1)	1150	8562
NA|PP755591.1|A/cattle/Texas/24-008749-003/2024(H5N1)	1151	8553
NA|PP755591.1|A/cattle/Texas/24-008749-003/2024(H5N1)	1152	8055
NA|PP755591.1|A/cattle/Texas/24-008749-003/2024(H5N1)	1153	7817
NA|PP755591.1|A/cattle/Texas/24-008749-003/2024(H5N1)	1154	7816
NA|PP755591.1|A/cattle/Texas/24-008749-003/2024(H5N1)	1155	7698
NA|PP755591.1|A/cattle/Texas/24-008749-003/2024(H5N1)	1156	7690
NA|PP755591.1|A/cattle/Texas/24-008749-003/2024(H5N1)	1157	7591
NA|PP755591.1|A/cattle/Texas/24-008749-003/2024(H5N1)	1158	7298
NA|PP755591.1|A/cattle/Texas/24-008749-003/2024(H5N1)	1159	7291
NA|PP755591.1|A/cattle/Texas/24-008749-003/2024(H5N1)	1160	7226
NA|PP755591.1|A/cattle/Texas/24-008749-003/2024(H5N1)	1161	6701
NA|PP755591.1|A/cattle/Texas/24-008749-003/2024(H5N1)	1162	6667
NA|PP755591.1|A/cattle/Texas/24-008749-003/2024(H5N1)	1163	6096
NA|PP755591.1|A/cattle/Texas/24-008749-003/2024(H5N1)	1164	6063
NA|PP755591.1|A/cattle/Texas/24-008749-003/2024(H5N1)	1165	6063
NA|PP755591.1|A/cattle/Texas/24-008749-003/2024(H5N1)	1166	6063
NA|PP755591.1|A/cattle/Texas/24-008749-003/2024(H5N1)	1167	6052
NA|PP755591.1|A/cattle/Texas/24-008749-003/2024(H5N1)	1168	7223
NA|PP755591.1|A/cattle/Texas/24-008749-003/2024(H5N1)	1169	7228
NA|PP755591.1|A/cattle/Texas/24-008749-003/2024(H5N1)	1170	7319
NA|PP755591.1|A/cattle/Texas/24-008749-003/2024(H5N1)	1171	7342
NA|PP755591.1|A/cattle/Texas/24-008749-003/2024(H5N1)	1172	7342
NA|PP755591.1|A/cattle/Texas/24-008749-003/2024(H5N1)	1173	7342
NA|PP755591.1|A/cattle/Texas/24-008749-003/2024(H5N1)	1174	7342
NA|PP755591.1|A/cattle/Texas/24-008749-003/2024(H5N1)	1175	7337
NA|PP755591.1|A/cattle/Texas/24-008749-003/2024(H5N1)	1176	7339
NA|PP755591.1|A/cattle/Texas/24-008749-003/2024(H5N1)	1177	7687
NA|PP755591.1|A/cattle/Texas/24-008749-003/2024(H5N1)	1178	7722
NA|PP755591.1|A/cattle/Texas/24-008749-003/2024(H5N1)	1179	7729
NA|PP755591.1|A/cattle/Texas/24-008749-003/2024(H5N1)	1180	7729
NA|PP755591.1|A/cattle/Texas/24-008749-003/2024(H5N1)	1181	7721
NA|PP755591.1|A/cattle/Texas/24-008749-003/2024(H5N1)	1182	7673
NA|PP755591.1|A/cattle/Texas/24-008749-003/2024(H5N1)	1183	7667
NA|PP755591.1|A/cattle/Texas/24-008749-003/2024(H5N1)	1184	7421
NA|PP755591.1|A/cattle/Texas/24-008749-003/2024(H5N1)	1185	7606
NA|PP755591.1|A/cattle/Texas/24-008749-003/2024(H5N1)	1186	7840
NA|PP755591.1|A/cattle/Texas/24-008749-003/2024(H5N1)	1187	7848
NA|PP755591.1|A/cattle/Texas/24-008749-003/2024(H5N1)	1188	7848
NA|PP755591.1|A/cattle/Texas/24-008749-003/2024(H5N1)	1189	7848
NA|PP755591.1|A/cattle/Texas/24-008749-003/2024(H5N1)	1190	7835
NA|PP755591.1|A/cattle/Texas/24-008749-003/2024(H5N1)	1191	7593
NA|PP755591.1|A/cattle/Texas/24-008749-003/2024(H5N1)	1192	7806
NA|PP755591.1|A/cattle/Texas/24-008749-003/2024(H5N1)	1193	7817
NA|PP755591.1|A/cattle/Texas/24-008749-003/2024(H5N1)	1194	7827
NA|PP755591.1|A/cattle/Texas/24-008749-003/2024(H5N1)	1195	7845
NA|PP755591.1|A/cattle/Texas/24-008749-003/2024(H5N1)	1196	8857
NA|PP755591.1|A/cattle/Texas/24-008749-003/2024(H5N1)	1197	8969
NA|PP755591.1|A/cattle/Texas/24-008749-003/2024(H5N1)	1198	8995
NA|PP755591.1|A/cattle/Texas/24-008749-003/2024(H5N1)	1199	8994
NA|PP755591.1|A/cattle/Texas/24-008749-003/2024(H5N1)	1200	8963
NA|PP755591.1|A/cattle/Texas/24-008749-003/2024(H5N1)	1201	9480
NA|PP755591.1|A/cattle/Texas/24-008749-003/2024(H5N1)	1202	9566
NA|PP755591.1|A/cattle/Texas/24-008749-003/2024(H5N1)	1203	9537
NA|PP755591.1|A/cattle/Texas/24-008749-003/2024(H5N1)	1204	9530
NA|PP755591.1|A/cattle/Texas/24-008749-003/2024(H5N1)	1205	8673
NA|PP755591.1|A/cattle/Texas/24-008749-003/2024(H5N1)	1206	8657
NA|PP755591.1|A/cattle/Texas/24-008749-003/2024(H5N1)	1207	8512
NA|PP755591.1|A/cattle/Texas/24-008749-003/2024(H5N1)	1208	8499
NA|PP755591.1|A/cattle/Texas/24-008749-003/2024(H5N1)	1209	7743
NA|PP755591.1|A/cattle/Texas/24-008749-003/2024(H5N1)	1210	7742
NA|PP755591.1|A/cattle/Texas/24-008749-003/2024(H5N1)	1211	7742
NA|PP755591.1|A/cattle/Texas/24-008749-003/2024(H5N1)	1212	7739
NA|PP755591.1|A/cattle/Texas/24-008749-003/2024(H5N1)	1213	8701
NA|PP755591.1|A/cattle/Texas/24-008749-003/2024(H5N1)	1214	8794
NA|PP755591.1|A/cattle/Texas/24-008749-003/2024(H5N1)	1215	8832
NA|PP755591.1|A/cattle/Texas/24-008749-003/2024(H5N1)	1216	8839
NA|PP755591.1|A/cattle/Texas/24-008749-003/2024(H5N1)	1217	8841
NA|PP755591.1|A/cattle/Texas/24-008749-003/2024(H5N1)	1218	8840
NA|PP755591.1|A/cattle/Texas/24-008749-003/2024(H5N1)	1219	8841
NA|PP755591.1|A/cattle/Texas/24-008749-003/2024(H5N1)	1220	8823
NA|PP755591.1|A/cattle/Texas/24-008749-003/2024(H5N1)	1221	8662
NA|PP755591.1|A/cattle/Texas/24-008749-003/2024(H5N1)	1222	8776
NA|PP755591.1|A/cattle/Texas/24-008749-003/2024(H5N1)	1223	8775
NA|PP755591.1|A/cattle/Texas/24-008749-003/2024(H5N1)	1224	8848
NA|PP755591.1|A/cattle/Texas/24-008749-003/2024(H5N1)	1225	8966
NA|PP755591.1|A/cattle/Texas/24-008749-003/2024(H5N1)	1226	9315
NA|PP755591.1|A/cattle/Texas/24-008749-003/2024(H5N1)	1227	9521
NA|PP755591.1|A/cattle/Texas/24-008749-003/2024(H5N1)	1228	9626
NA|PP755591.1|A/cattle/Texas/24-008749-003/2024(H5N1)	1229	9613
NA|PP755591.1|A/cattle/Texas/24-008749-003/2024(H5N1)	1230	9588
NA|PP755591.1|A/cattle/Texas/24-008749-003/2024(H5N1)	1231	9684
NA|PP755591.1|A/cattle/Texas/24-008749-003/2024(H5N1)	1232	9883
NA|PP755591.1|A/cattle/Texas/24-008749-003/2024(H5N1)	1233	9825
NA|PP755591.1|A/cattle/Texas/24-008749-003/2024(H5N1)	1234	9804
NA|PP755591.1|A/cattle/Texas/24-008749-003/2024(H5N1)	1235	9570
NA|PP755591.1|A/cattle/Texas/24-008749-003/2024(H5N1)	1236	9568
NA|PP755591.1|A/cattle/Texas/24-008749-003/2024(H5N1)	1237	9563
NA|PP755591.1|A/cattle/Texas/24-008749-003/2024(H5N1)	1238	9494
NA|PP755591.1|A/cattle/Texas/24-008749-003/2024(H5N1)	1239	8585
NA|PP755591.1|A/cattle/Texas/24-008749-003/2024(H5N1)	1240	9092
NA|PP755591.1|A/cattle/Texas/24-008749-003/2024(H5N1)	1241	9092
NA|PP755591.1|A/cattle/Texas/24-008749-003/2024(H5N1)	1242	9091
NA|PP755591.1|A/cattle/Texas/24-008749-003/2024(H5N1)	1243	9421
NA|PP755591.1|A/cattle/Texas/24-008749-003/2024(H5N1)	1244	9430
NA|PP755591.1|A/cattle/Texas/24-008749-003/2024(H5N1)	1245	9552
NA|PP755591.1|A/cattle/Texas/24-008749-003/2024(H5N1)	1246	12464
NA|PP755591.1|A/cattle/Texas/24-008749-003/2024(H5N1)	1247	12698
NA|PP755591.1|A/cattle/Texas/24-008749-003/2024(H5N1)	1248	12861
NA|PP755591.1|A/cattle/Texas/24-008749-003/2024(H5N1)	1249	13003
NA|PP755591.1|A/cattle/Texas/24-008749-003/2024(H5N1)	1250	13444
NA|PP755591.1|A/cattle/Texas/24-008749-003/2024(H5N1)	1251	13690
NA|PP755591.1|A/cattle/Texas/24-008749-003/2024(H5N1)	1252	13711
NA|PP755591.1|A/cattle/Texas/24-008749-003/2024(H5N1)	1253	13733
NA|PP755591.1|A/cattle/Texas/24-008749-003/2024(H5N1)	1254	13738
NA|PP755591.1|A/cattle/Texas/24-008749-003/2024(H5N1)	1255	13675
NA|PP755591.1|A/cattle/Texas/24-008749-003/2024(H5N1)	1256	13773
NA|PP755591.1|A/cattle/Texas/24-008749-003/2024(H5N1)	1257	14511
NA|PP755591.1|A/cattle/Texas/24-008749-003/2024(H5N1)	1258	14680
NA|PP755591.1|A/cattle/Texas/24-008749-003/2024(H5N1)	1259	14221
NA|PP755591.1|A/cattle/Texas/24-008749-003/2024(H5N1)	1260	14595
NA|PP755591.1|A/cattle/Texas/24-008749-003/2024(H5N1)	1261	14596
NA|PP755591.1|A/cattle/Texas/24-008749-003/2024(H5N1)	1262	14622
NA|PP755591.1|A/cattle/Texas/24-008749-003/2024(H5N1)	1263	15467
NA|PP755591.1|A/cattle/Texas/24-008749-003/2024(H5N1)	1264	15498
NA|PP755591.1|A/cattle/Texas/24-008749-003/2024(H5N1)	1265	15593
NA|PP755591.1|A/cattle/Texas/24-008749-003/2024(H5N1)	1266	15598
NA|PP755591.1|A/cattle/Texas/24-008749-003/2024(H5N1)	1267	15701
NA|PP755591.1|A/cattle/Texas/24-008749-003/2024(H5N1)	1268	16021
NA|PP755591.1|A/cattle/Texas/24-008749-003/2024(H5N1)	1269	16027
NA|PP755591.1|A/cattle/Texas/24-008749-003/2024(H5N1)	1270	15889
NA|PP755591.1|A/cattle/Texas/24-008749-003/2024(H5N1)	1271	15857
NA|PP755591.1|A/cattle/Texas/24-008749-003/2024(H5N1)	1272	15679
NA|PP755591.1|A/cattle/Texas/24-008749-003/2024(H5N1)	1273	15865
NA|PP755591.1|A/cattle/Texas/24-008749-003/2024(H5N1)	1274	15857
NA|PP755591.1|A/cattle/Texas/24-008749-003/2024(H5N1)	1275	15863
NA|PP755591.1|A/cattle/Texas/24-008749-003/2024(H5N1)	1276	15730
NA|PP755591.1|A/cattle/Texas/24-008749-003/2024(H5N1)	1277	15555
NA|PP755591.1|A/cattle/Texas/24-008749-003/2024(H5N1)	1278	14130
NA|PP755591.1|A/cattle/Texas/24-008749-003/2024(H5N1)	1279	14192
NA|PP755591.1|A/cattle/Texas/24-008749-003/2024(H5N1)	1280	14246
NA|PP755591.1|A/cattle/Texas/24-008749-003/2024(H5N1)	1281	14241
NA|PP755591.1|A/cattle/Texas/24-008749-003/2024(H5N1)	1282	14241
NA|PP755591.1|A/cattle/Texas/24-008749-003/2024(H5N1)	1283	14441
NA|PP755591.1|A/cattle/Texas/24-008749-003/2024(H5N1)	1284	14708
NA|PP755591.1|A/cattle/Texas/24-008749-003/2024(H5N1)	1285	14716
NA|PP755591.1|A/cattle/Texas/24-008749-003/2024(H5N1)	1286	14717
NA|PP755591.1|A/cattle/Texas/24-008749-003/2024(H5N1)	1287	14712
NA|PP755591.1|A/cattle/Texas/24-008749-003/2024(H5N1)	1288	14717
NA|PP755591.1|A/cattle/Texas/24-008749-003/2024(H5N1)	1289	14865
NA|PP755591.1|A/cattle/Texas/24-008749-003/2024(H5N1)	1290	15703
NA|PP755591.1|A/cattle/Texas/24-008749-003/2024(H5N1)	1291	18678
NA|PP755591.1|A/cattle/Texas/24-008749-003/2024(H5N1)	1292	19074
NA|PP755591.1|A/cattle/Texas/24-008749-003/2024(H5N1)	1293	19108
NA|PP755591.1|A/cattle/Texas/24-008749-003/2024(H5N1)	1294	19125
NA|PP755591.1|A/cattle/Texas/24-008749-003/2024(H5N1)	1295	19130
NA|PP755591.1|A/cattle/Texas/24-008749-003/2024(H5N1)	1296	19140
NA|PP755591.1|A/cattle/Texas/24-008749-003/2024(H5N1)	1297	19147
NA|PP755591.1|A/cattle/Texas/24-008749-003/2024(H5N1)	1298	19145
NA|PP755591.1|A/cattle/Texas/24-008749-003/2024(H5N1)	1299	19195
NA|PP755591.1|A/cattle/Texas/24-008749-003/2024(H5N1)	1300	19044
NA|PP755591.1|A/cattle/Texas/24-008749-003/2024(H5N1)	1301	19023
NA|PP755591.1|A/cattle/Texas/24-008749-003/2024(H5N1)	1302	18685
NA|PP755591.1|A/cattle/Texas/24-008749-003/2024(H5N1)	1303	18685
NA|PP755591.1|A/cattle/Texas/24-008749-003/2024(H5N1)	1304	18741
NA|PP755591.1|A/cattle/Texas/24-008749-003/2024(H5N1)	1305	18763
NA|PP755591.1|A/cattle/Texas/24-008749-003/2024(H5N1)	1306	18988
NA|PP755591.1|A/cattle/Texas/24-008749-003/2024(H5N1)	1307	18991
NA|PP755591.1|A/cattle/Texas/24-008749-003/2024(H5N1)	1308	18992
NA|PP755591.1|A/cattle/Texas/24-008749-003/2024(H5N1)	1309	18995
NA|PP755591.1|A/cattle/Texas/24-008749-003/2024(H5N1)	1310	19012
NA|PP755591.1|A/cattle/Texas/24-008749-003/2024(H5N1)	1311	19012
NA|PP755591.1|A/cattle/Texas/24-008749-003/2024(H5N1)	1312	19015
NA|PP755591.1|A/cattle/Texas/24-008749-003/2024(H5N1)	1313	18965
NA|PP755591.1|A/cattle/Texas/24-008749-003/2024(H5N1)	1314	17644
NA|PP755591.1|A/cattle/Texas/24-008749-003/2024(H5N1)	1315	17805
NA|PP755591.1|A/cattle/Texas/24-008749-003/2024(H5N1)	1316	17805
NA|PP755591.1|A/cattle/Texas/24-008749-003/2024(H5N1)	1317	17805
NA|PP755591.1|A/cattle/Texas/24-008749-003/2024(H5N1)	1318	17813
NA|PP755591.1|A/cattle/Texas/24-008749-003/2024(H5N1)	1319	17815
NA|PP755591.1|A/cattle/Texas/24-008749-003/2024(H5N1)	1320	17827
NA|PP755591.1|A/cattle/Texas/24-008749-003/2024(H5N1)	1321	18293
NA|PP755591.1|A/cattle/Texas/24-008749-003/2024(H5N1)	1322	18303
NA|PP755591.1|A/cattle/Texas/24-008749-003/2024(H5N1)	1323	18333
NA|PP755591.1|A/cattle/Texas/24-008749-003/2024(H5N1)	1324	18333
NA|PP755591.1|A/cattle/Texas/24-008749-003/2024(H5N1)	1325	18384
NA|PP755591.1|A/cattle/Texas/24-008749-003/2024(H5N1)	1326	18382
NA|PP755591.1|A/cattle/Texas/24-008749-003/2024(H5N1)	1327	18382
NA|PP755591.1|A/cattle/Texas/24-008749-003/2024(H5N1)	1328	18382
NA|PP755591.1|A/cattle/Texas/24-008749-003/2024(H5N1)	1329	18371
NA|PP755591.1|A/cattle/Texas/24-008749-003/2024(H5N1)	1330	18388
NA|PP755591.1|A/cattle/Texas/24-008749-003/2024(H5N1)	1331	18403
NA|PP755591.1|A/cattle/Texas/24-008749-003/2024(H5N1)	1332	18405
NA|PP755591.1|A/cattle/Texas/24-008749-003/2024(H5N1)	1333	18456
NA|PP755591.1|A/cattle/Texas/24-008749-003/2024(H5N1)	1334	18470
NA|PP755591.1|A/cattle/Texas/24-008749-003/2024(H5N1)	1335	18478
NA|PP755591.1|A/cattle/Texas/24-008749-003/2024(H5N1)	1336	18465
NA|PP755591.1|A/cattle/Texas/24-008749-003/2024(H5N1)	1337	18470
NA|PP755591.1|A/cattle/Texas/24-008749-003/2024(H5N1)	1338	18470
NA|PP755591.1|A/cattle/Texas/24-008749-003/2024(H5N1)	1339	18506
NA|PP755591.1|A/cattle/Texas/24-008749-003/2024(H5N1)	1340	18515
NA|PP755591.1|A/cattle/Texas/24-008749-003/2024(H5N1)	1341	18578
NA|PP755591.1|A/cattle/Texas/24-008749-003/2024(H5N1)	1342	18645
NA|PP755591.1|A/cattle/Texas/24-008749-003/2024(H5N1)	1343	18652
NA|PP755591.1|A/cattle/Texas/24-008749-003/2024(H5N1)	1344	18671
NA|PP755591.1|A/cattle/Texas/24-008749-003/2024(H5N1)	1345	18708
NA|PP755591.1|A/cattle/Texas/24-008749-003/2024(H5N1)	1346	18708
NA|PP755591.1|A/cattle/Texas/24-008749-003/2024(H5N1)	1347	17827
NA|PP755591.1|A/cattle/Texas/24-008749-003/2024(H5N1)	1348	17733
NA|PP755591.1|A/cattle/Texas/24-008749-003/2024(H5N1)	1349	17686
NA|PP755591.1|A/cattle/Texas/24-008749-003/2024(H5N1)	1350	16942
NA|PP755591.1|A/cattle/Texas/24-008749-003/2024(H5N1)	1351	17001
NA|PP755591.1|A/cattle/Texas/24-008749-003/2024(H5N1)	1352	17046
NA|PP755591.1|A/cattle/Texas/24-008749-003/2024(H5N1)	1353	17061
NA|PP755591.1|A/cattle/Texas/24-008749-003/2024(H5N1)	1354	17070
NA|PP755591.1|A/cattle/Texas/24-008749-003/2024(H5N1)	1355	17108
NA|PP755591.1|A/cattle/Texas/24-008749-003/2024(H5N1)	1356	17067
NA|PP755591.1|A/cattle/Texas/24-008749-003/2024(H5N1)	1357	17070
NA|PP755591.1|A/cattle/Texas/24-008749-003/2024(H5N1)	1358	17012
NA|PP755591.1|A/cattle/Texas/24-008749-003/2024(H5N1)	1359	17057
NA|PP755591.1|A/cattle/Texas/24-008749-003/2024(H5N1)	1360	17077
NA|PP755591.1|A/cattle/Texas/24-008749-003/2024(H5N1)	1361	17077
NA|PP755591.1|A/cattle/Texas/24-008749-003/2024(H5N1)	1362	17070
NA|PP755591.1|A/cattle/Texas/24-008749-003/2024(H5N1)	1363	17072
NA|PP755591.1|A/cattle/Texas/24-008749-003/2024(H5N1)	1364	17063
NA|PP755591.1|A/cattle/Texas/24-008749-003/2024(H5N1)	1365	17069
NA|PP755591.1|A/cattle/Texas/24-008749-003/2024(H5N1)	1366	17065
NA|PP755591.1|A/cattle/Texas/24-008749-003/2024(H5N1)	1367	17050
NA|PP755591.1|A/cattle/Texas/24-008749-003/2024(H5N1)	1368	17027
NA|PP755591.1|A/cattle/Texas/24-008749-003/2024(H5N1)	1369	17057
NA|PP755591.1|A/cattle/Texas/24-008749-003/2024(H5N1)	1370	17039
NA|PP755591.1|A/cattle/Texas/24-008749-003/2024(H5N1)	1371	17037
NA|PP755591.1|A/cattle/Texas/24-008749-003/2024(H5N1)	1372	17014
NA|PP755591.1|A/cattle/Texas/24-008749-003/2024(H5N1)	1373	16992
NA|PP755591.1|A/cattle/Texas/24-008749-003/2024(H5N1)	1374	16903
NA|PP755591.1|A/cattle/Texas/24-008749-003/2024(H5N1)	1375	16828
NA|PP755591.1|A/cattle/Texas/24-008749-003/2024(H5N1)	1376	16833
NA|PP755591.1|A/cattle/Texas/24-008749-003/2024(H5N1)	1377	16482
NA|PP755591.1|A/cattle/Texas/24-008749-003/2024(H5N1)	1378	16191
NA|PP755591.1|A/cattle/Texas/24-008749-003/2024(H5N1)	1379	16156
NA|PP755591.1|A/cattle/Texas/24-008749-003/2024(H5N1)	1380	16005
NA|PP755591.1|A/cattle/Texas/24-008749-003/2024(H5N1)	1381	15997
NA|PP755591.1|A/cattle/Texas/24-008749-003/2024(H5N1)	1382	15847
NA|PP755591.1|A/cattle/Texas/24-008749-003/2024(H5N1)	1383	15689
NA|PP755591.1|A/cattle/Texas/24-008749-003/2024(H5N1)	1384	15713
NA|PP755591.1|A/cattle/Texas/24-008749-003/2024(H5N1)	1385	15624
NA|PP755591.1|A/cattle/Texas/24-008749-003/2024(H5N1)	1386	15615
NA|PP755591.1|A/cattle/Texas/24-008749-003/2024(H5N1)	1387	15566
NA|PP755591.1|A/cattle/Texas/24-008749-003/2024(H5N1)	1388	11956
NA|PP755591.1|A/cattle/Texas/24-008749-003/2024(H5N1)	1389	11945
NA|PP755591.1|A/cattle/Texas/24-008749-003/2024(H5N1)	1390	11574
NA|PP755591.1|A/cattle/Texas/24-008749-003/2024(H5N1)	1391	11563
NA|PP755591.1|A/cattle/Texas/24-008749-003/2024(H5N1)	1392	11564
NA|PP755591.1|A/cattle/Texas/24-008749-003/2024(H5N1)	1393	11051
NA|PP755591.1|A/cattle/Texas/24-008749-003/2024(H5N1)	1394	11030
NA|PP755591.1|A/cattle/Texas/24-008749-003/2024(H5N1)	1395	10927
NA|PP755591.1|A/cattle/Texas/24-008749-003/2024(H5N1)	1396	10844
NA|PP755591.1|A/cattle/Texas/24-008749-003/2024(H5N1)	1397	10804
NA|PP755591.1|A/cattle/Texas/24-008749-003/2024(H5N1)	1398	10478
NA|PP755591.1|A/cattle/Texas/24-008749-003/2024(H5N1)	1399	10286
NA|PP755591.1|A/cattle/Texas/24-008749-003/2024(H5N1)	1400	10281
NA|PP755591.1|A/cattle/Texas/24-008749-003/2024(H5N1)	1401	9845
NA|PP755591.1|A/cattle/Texas/24-008749-003/2024(H5N1)	1402	9815
NA|PP755591.1|A/cattle/Texas/24-008749-003/2024(H5N1)	1403	9789
NA|PP755591.1|A/cattle/Texas/24-008749-003/2024(H5N1)	1404	9775
NA|PP755591.1|A/cattle/Texas/24-008749-003/2024(H5N1)	1405	9663
NA|PP755591.1|A/cattle/Texas/24-008749-003/2024(H5N1)	1406	8832
NA|PP755591.1|A/cattle/Texas/24-008749-003/2024(H5N1)	1407	8611
NA|PP755591.1|A/cattle/Texas/24-008749-003/2024(H5N1)	1408	8501
NA|PP755591.1|A/cattle/Texas/24-008749-003/2024(H5N1)	1409	8248
NA|PP755591.1|A/cattle/Texas/24-008749-003/2024(H5N1)	1410	8242
