HA|PP755589.1|A/cattle/Texas/24-008749-003/2024(H5N1)	1	1818
HA|PP755589.1|A/cattle/Texas/24-008749-003/2024(H5N1)	2	1820
HA|PP755589.1|A/cattle/Texas/24-008749-003/2024(H5N1)	3	1856
HA|PP755589.1|A/cattle/Texas/24-008749-003/2024(H5N1)	4	1858
HA|PP755589.1|A/cattle/Texas/24-008749-003/2024(H5N1)	5	1865
HA|PP755589.1|A/cattle/Texas/24-008749-003/2024(H5N1)	6	1874
HA|PP755589.1|A/cattle/Texas/24-008749-003/2024(H5N1)	7	1877
HA|PP755589.1|A/cattle/Texas/24-008749-003/2024(H5N1)	8	2139
HA|PP755589.1|A/cattle/Texas/24-008749-003/2024(H5N1)	9	2146
HA|PP755589.1|A/cattle/Texas/24-008749-003/2024(H5N1)	10	2151
HA|PP755589.1|A/cattle/Texas/24-008749-003/2024(H5N1)	11	2200
HA|PP755589.1|A/cattle/Texas/24-008749-003/2024(H5N1)	12	2200
HA|PP755589.1|A/cattle/Texas/24-008749-003/2024(H5N1)	13	2334
HA|PP755589.1|A/cattle/Texas/24-008749-003/2024(H5N1)	14	2343
HA|PP755589.1|A/cattle/Texas/24-008749-003/2024(H5N1)	15	2353
HA|PP755589.1|A/cattle/Texas/24-008749-003/2024(H5N1)	16	2355
HA|PP755589.1|A/cattle/Texas/24-008749-003/2024(H5N1)	17	2361
HA|PP755589.1|A/cattle/Texas/24-008749-003/2024(H5N1)	18	2363
HA|PP755589.1|A/cattle/Texas/24-008749-003/2024(H5N1)	19	2393
HA|PP755589.1|A/cattle/Texas/24-008749-003/2024(H5N1)	20	2402
HA|PP755589.1|A/cattle/Texas/24-008749-003/2024(H5N1)	21	2407
HA|PP755589.1|A/cattle/Texas/24-008749-003/2024(H5N1)	22	2407
HA|PP755589.1|A/cattle/Texas/24-008749-003/2024(H5N1)	23	2409
HA|PP755589.1|A/cattle/Texas/24-008749-003/2024(H5N1)	24	2411
HA|PP755589.1|A/cattle/Texas/24-008749-003/2024(H5N1)	25	2425
HA|PP755589.1|A/cattle/Texas/24-008749-003/2024(H5N1)	26	2449
HA|PP755589.1|A/cattle/Texas/24-008749-003/2024(H5N1)	27	2450
HA|PP755589.1|A/cattle/Texas/24-008749-003/2024(H5N1)	28	2475
HA|PP755589.1|A/cattle/Texas/24-008749-003/2024(H5N1)	29	2545
HA|PP755589.1|A/cattle/Texas/24-008749-003/2024(H5N1)	30	2573
HA|PP755589.1|A/cattle/Texas/24-008749-003/2024(H5N1)	31	2573
HA|PP755589.1|A/cattle/Texas/24-008749-003/2024(H5N1)	32	2580
HA|PP755589.1|A/cattle/Texas/24-008749-003/2024(H5N1)	33	2612
HA|PP755589.1|A/cattle/Texas/24-008749-003/2024(H5N1)	34	2613
HA|PP755589.1|A/cattle/Texas/24-008749-003/2024(H5N1)	35	2651
HA|PP755589.1|A/cattle/Texas/24-008749-003/2024(H5N1)	36	2662
HA|PP755589.1|A/cattle/Texas/24-008749-003/2024(H5N1)	37	2665
HA|PP755589.1|A/cattle/Texas/24-008749-003/2024(H5N1)	38	2681
HA|PP755589.1|A/cattle/Texas/24-008749-003/2024(H5N1)	39	2897
HA|PP755589.1|A/cattle/Texas/24-008749-003/2024(H5N1)	40	2937
HA|PP755589.1|A/cattle/Texas/24-008749-003/2024(H5N1)	41	2938
HA|PP755589.1|A/cattle/Texas/24-008749-003/2024(H5N1)	42	2948
HA|PP755589.1|A/cattle/Texas/24-008749-003/2024(H5N1)	43	2962
HA|PP755589.1|A/cattle/Texas/24-008749-003/2024(H5N1)	44	2981
HA|PP755589.1|A/cattle/Texas/24-008749-003/2024(H5N1)	45	2981
HA|PP755589.1|A/cattle/Texas/24-008749-003/2024(H5N1)	46	2981
HA|PP755589.1|A/cattle/Texas/24-008749-003/2024(H5N1)	47	3003
HA|PP755589.1|A/cattle/Texas/24-008749-003/2024(H5N1)	48	3007
HA|PP755589.1|A/cattle/Texas/24-008749-003/2024(H5N1)	49	3026
HA|PP755589.1|A/cattle/Texas/24-008749-003/2024(H5N1)	50	3036
HA|PP755589.1|A/cattle/Texas/24-008749-003/2024(H5N1)	51	3041
HA|PP755589.1|A/cattle/Texas/24-008749-003/2024(H5N1)	52	3041
HA|PP755589.1|A/cattle/Texas/24-008749-003/2024(H5N1)	53	3040
HA|PP755589.1|A/cattle/Texas/24-008749-003/2024(H5N1)	54	3241
HA|PP755589.1|A/cattle/Texas/24-008749-003/2024(H5N1)	55	3242
HA|PP755589.1|A/cattle/Texas/24-008749-003/2024(H5N1)	56	3250
HA|PP755589.1|A/cattle/Texas/24-008749-003/2024(H5N1)	57	3260
HA|PP755589.1|A/cattle/Texas/24-008749-003/2024(H5N1)	58	3271
HA|PP755589.1|A/cattle/Texas/24-008749-003/2024(H5N1)	59	3290
HA|PP755589.1|A/cattle/Texas/24-008749-003/2024(H5N1)	60	3293
HA|PP755589.1|A/cattle/Texas/24-008749-003/2024(H5N1)	61	3295
HA|PP755589.1|A/cattle/Texas/24-008749-003/2024(H5N1)	62	3296
HA|PP755589.1|A/cattle/Texas/24-008749-003/2024(H5N1)	63	3286
HA|PP755589.1|A/cattle/Texas/24-008749-003/2024(H5N1)	64	3359
HA|PP755589.1|A/cattle/Texas/24-008749-003/2024(H5N1)	65	3366
HA|PP755589.1|A/cattle/Texas/24-008749-003/2024(H5N1)	66	3448
HA|PP755589.1|A/cattle/Texas/24-008749-003/2024(H5N1)	67	3463
HA|PP755589.1|A/cattle/Texas/24-008749-003/2024(H5N1)	68	3492
HA|PP755589.1|A/cattle/Texas/24-008749-003/2024(H5N1)	69	3525
HA|PP755589.1|A/cattle/Texas/24-008749-003/2024(H5N1)	70	3546
HA|PP755589.1|A/cattle/Texas/24-008749-003/2024(H5N1)	71	3558
HA|PP755589.1|A/cattle/Texas/24-008749-003/2024(H5N1)	72	3565
HA|PP755589.1|A/cattle/Texas/24-008749-003/2024(H5N1)	73	3562
HA|PP755589.1|A/cattle/Texas/24-008749-003/2024(H5N1)	74	3601
HA|PP755589.1|A/cattle/Texas/24-008749-003/2024(H5N1)	75	3606
HA|PP755589.1|A/cattle/Texas/24-008749-003/2024(H5N1)	76	3611
HA|PP755589.1|A/cattle/Texas/24-008749-003/2024(H5N1)	77	3615
HA|PP755589.1|A/cattle/Texas/24-008749-003/2024(H5N1)	78	3733
HA|PP755589.1|A/cattle/Texas/24-008749-003/2024(H5N1)	79	3737
HA|PP755589.1|A/cattle/Texas/24-008749-003/2024(H5N1)	80	3768
HA|PP755589.1|A/cattle/Texas/24-008749-003/2024(H5N1)	81	3770
HA|PP755589.1|A/cattle/Texas/24-008749-003/2024(H5N1)	82	3772
HA|PP755589.1|A/cattle/Texas/24-008749-003/2024(H5N1)	83	3811
HA|PP755589.1|A/cattle/Texas/24-008749-003/2024(H5N1)	84	3811
HA|PP755589.1|A/cattle/Texas/24-008749-003/2024(H5N1)	85	3813
HA|PP755589.1|A/cattle/Texas/24-008749-003/2024(H5N1)	86	3814
HA|PP755589.1|A/cattle/Texas/24-008749-003/2024(H5N1)	87	3796
HA|PP755589.1|A/cattle/Texas/24-008749-003/2024(H5N1)	88	3919
HA|PP755589.1|A/cattle/Texas/24-008749-003/2024(H5N1)	89	3926
HA|PP755589.1|A/cattle/Texas/24-008749-003/2024(H5N1)	90	3931
HA|PP755589.1|A/cattle/Texas/24-008749-003/2024(H5N1)	91	3935
HA|PP755589.1|A/cattle/Texas/24-008749-003/2024(H5N1)	92	3933
HA|PP755589.1|A/cattle/Texas/24-008749-003/2024(H5N1)	93	4024
HA|PP755589.1|A/cattle/Texas/24-008749-003/2024(H5N1)	94	4033
HA|PP755589.1|A/cattle/Texas/24-008749-003/2024(H5N1)	95	4039
HA|PP755589.1|A/cattle/Texas/24-008749-003/2024(H5N1)	96	4065
HA|PP755589.1|A/cattle/Texas/24-008749-003/2024(H5N1)	97	4052
HA|PP755589.1|A/cattle/Texas/24-008749-003/2024(H5N1)	98	4091
HA|PP755589.1|A/cattle/Texas/24-008749-003/2024(H5N1)	99	4092
HA|PP755589.1|A/cattle/Texas/24-008749-003/2024(H5N1)	100	4092
HA|PP755589.1|A/cattle/Texas/24-008749-003/2024(H5N1)	101	4125
HA|PP755589.1|A/cattle/Texas/24-008749-003/2024(H5N1)	102	4091
HA|PP755589.1|A/cattle/Texas/24-008749-003/2024(H5N1)	103	4093
HA|PP755589.1|A/cattle/Texas/24-008749-003/2024(H5N1)	104	4093
HA|PP755589.1|A/cattle/Texas/24-008749-003/2024(H5N1)	105	4093
HA|PP755589.1|A/cattle/Texas/24-008749-003/2024(H5N1)	106	4107
HA|PP755589.1|A/cattle/Texas/24-008749-003/2024(H5N1)	107	4108
HA|PP755589.1|A/cattle/Texas/24-008749-003/2024(H5N1)	108	4112
HA|PP755589.1|A/cattle/Texas/24-008749-003/2024(H5N1)	109	4136
HA|PP755589.1|A/cattle/Texas/24-008749-003/2024(H5N1)	110	4125
HA|PP755589.1|A/cattle/Texas/24-008749-003/2024(H5N1)	111	4152
HA|PP755589.1|A/cattle/Texas/24-008749-003/2024(H5N1)	112	4152
HA|PP755589.1|A/cattle/Texas/24-008749-003/2024(H5N1)	113	4150
HA|PP755589.1|A/cattle/Texas/24-008749-003/2024(H5N1)	114	4275
HA|PP755589.1|A/cattle/Texas/24-008749-003/2024(H5N1)	115	4293
HA|PP755589.1|A/cattle/Texas/24-008749-003/2024(H5N1)	116	4317
HA|PP755589.1|A/cattle/Texas/24-008749-003/2024(H5N1)	117	4334
HA|PP755589.1|A/cattle/Texas/24-008749-003/2024(H5N1)	118	4219
HA|PP755589.1|A/cattle/Texas/24-008749-003/2024(H5N1)	119	4227
HA|PP755589.1|A/cattle/Texas/24-008749-003/2024(H5N1)	120	4215
HA|PP755589.1|A/cattle/Texas/24-008749-003/2024(H5N1)	121	4219
HA|PP755589.1|A/cattle/Texas/24-008749-003/2024(H5N1)	122	4210
HA|PP755589.1|A/cattle/Texas/24-008749-003/2024(H5N1)	123	4127
HA|PP755589.1|A/cattle/Texas/24-008749-003/2024(H5N1)	124	4136
HA|PP755589.1|A/cattle/Texas/24-008749-003/2024(H5N1)	125	3990
HA|PP755589.1|A/cattle/Texas/24-008749-003/2024(H5N1)	126	3996
HA|PP755589.1|A/cattle/Texas/24-008749-003/2024(H5N1)	127	4012
HA|PP755589.1|A/cattle/Texas/24-008749-003/2024(H5N1)	128	3960
HA|PP755589.1|A/cattle/Texas/24-008749-003/2024(H5N1)	129	3985
HA|PP755589.1|A/cattle/Texas/24-008749-003/2024(H5N1)	130	3968
HA|PP755589.1|A/cattle/Texas/24-008749-003/2024(H5N1)	131	3879
HA|PP755589.1|A/cattle/Texas/24-008749-003/2024(H5N1)	132	3904
HA|PP755589.1|A/cattle/Texas/24-008749-003/2024(H5N1)	133	4122
HA|PP755589.1|A/cattle/Texas/24-008749-003/2024(H5N1)	134	4493
HA|PP755589.1|A/cattle/Texas/24-008749-003/2024(H5N1)	135	4194
HA|PP755589.1|A/cattle/Texas/24-008749-003/2024(H5N1)	136	4197
HA|PP755589.1|A/cattle/Texas/24-008749-003/2024(H5N1)	137	4203
HA|PP755589.1|A/cattle/Texas/24-008749-003/2024(H5N1)	138	4229
HA|PP755589.1|A/cattle/Texas/24-008749-003/2024(H5N1)	139	4239
HA|PP755589.1|A/cattle/Texas/24-008749-003/2024(H5N1)	140	4390
HA|PP755589.1|A/cattle/Texas/24-008749-003/2024(H5N1)	141	4350
HA|PP755589.1|A/cattle/Texas/24-008749-003/2024(H5N1)	142	4298
HA|PP755589.1|A/cattle/Texas/24-008749-003/2024(H5N1)	143	4295
HA|PP755589.1|A/cattle/Texas/24-008749-003/2024(H5N1)	144	4284
HA|PP755589.1|A/cattle/Texas/24-008749-003/2024(H5N1)	145	4229
HA|PP755589.1|A/cattle/Texas/24-008749-003/2024(H5N1)	146	4225
HA|PP755589.1|A/cattle/Texas/24-008749-003/2024(H5N1)	147	4240
HA|PP755589.1|A/cattle/Texas/24-008749-003/2024(H5N1)	148	4290
HA|PP755589.1|A/cattle/Texas/24-008749-003/2024(H5N1)	149	4281
HA|PP755589.1|A/cattle/Texas/24-008749-003/2024(H5N1)	150	4281
HA|PP755589.1|A/cattle/Texas/24-008749-003/2024(H5N1)	151	4274
HA|PP755589.1|A/cattle/Texas/24-008749-003/2024(H5N1)	152	4312
HA|PP755589.1|A/cattle/Texas/24-008749-003/2024(H5N1)	153	4310
HA|PP755589.1|A/cattle/Texas/24-008749-003/2024(H5N1)	154	4299
HA|PP755589.1|A/cattle/Texas/24-008749-003/2024(H5N1)	155	4294
HA|PP755589.1|A/cattle/Texas/24-008749-003/2024(H5N1)	156	4289
HA|PP755589.1|A/cattle/Texas/24-008749-003/2024(H5N1)	157	4302
HA|PP755589.1|A/cattle/Texas/24-008749-003/2024(H5N1)	158	4304
HA|PP755589.1|A/cattle/Texas/24-008749-003/2024(H5N1)	159	4119
HA|PP755589.1|A/cattle/Texas/24-008749-003/2024(H5N1)	160	4118
HA|PP755589.1|A/cattle/Texas/24-008749-003/2024(H5N1)	161	4210
HA|PP755589.1|A/cattle/Texas/24-008749-003/2024(H5N1)	162	4182
HA|PP755589.1|A/cattle/Texas/24-008749-003/2024(H5N1)	163	4198
HA|PP755589.1|A/cattle/Texas/24-008749-003/2024(H5N1)	164	4115
HA|PP755589.1|A/cattle/Texas/24-008749-003/2024(H5N1)	165	4113
HA|PP755589.1|A/cattle/Texas/24-008749-003/2024(H5N1)	166	4111
HA|PP755589.1|A/cattle/Texas/24-008749-003/2024(H5N1)	167	4109
HA|PP755589.1|A/cattle/Texas/24-008749-003/2024(H5N1)	168	4099
HA|PP755589.1|A/cattle/Texas/24-008749-003/2024(H5N1)	169	4093
HA|PP755589.1|A/cattle/Texas/24-008749-003/2024(H5N1)	170	4054
HA|PP755589.1|A/cattle/Texas/24-008749-003/2024(H5N1)	171	3924
HA|PP755589.1|A/cattle/Texas/24-008749-003/2024(H5N1)	172	3921
HA|PP755589.1|A/cattle/Texas/24-008749-003/2024(H5N1)	173	3921
HA|PP755589.1|A/cattle/Texas/24-008749-003/2024(H5N1)	174	3921
HA|PP755589.1|A/cattle/Texas/24-008749-003/2024(H5N1)	175	4046
HA|PP755589.1|A/cattle/Texas/24-008749-003/2024(H5N1)	176	4078
HA|PP755589.1|A/cattle/Texas/24-008749-003/2024(H5N1)	177	4083
HA|PP755589.1|A/cattle/Texas/24-008749-003/2024(H5N1)	178	4508
HA|PP755589.1|A/cattle/Texas/24-008749-003/2024(H5N1)	179	4521
HA|PP755589.1|A/cattle/Texas/24-008749-003/2024(H5N1)	180	4562
HA|PP755589.1|A/cattle/Texas/24-008749-003/2024(H5N1)	181	4568
HA|PP755589.1|A/cattle/Texas/24-008749-003/2024(H5N1)	182	4570
HA|PP755589.1|A/cattle/Texas/24-008749-003/2024(H5N1)	183	4579
HA|PP755589.1|A/cattle/Texas/24-008749-003/2024(H5N1)	184	4552
HA|PP755589.1|A/cattle/Texas/24-008749-003/2024(H5N1)	185	4597
HA|PP755589.1|A/cattle/Texas/24-008749-003/2024(H5N1)	186	4602
HA|PP755589.1|A/cattle/Texas/24-008749-003/2024(H5N1)	187	4608
HA|PP755589.1|A/cattle/Texas/24-008749-003/2024(H5N1)	188	4664
HA|PP755589.1|A/cattle/Texas/24-008749-003/2024(H5N1)	189	4647
HA|PP755589.1|A/cattle/Texas/24-008749-003/2024(H5N1)	190	4475
HA|PP755589.1|A/cattle/Texas/24-008749-003/2024(H5N1)	191	4442
HA|PP755589.1|A/cattle/Texas/24-008749-003/2024(H5N1)	192	4462
HA|PP755589.1|A/cattle/Texas/24-008749-003/2024(H5N1)	193	4472
HA|PP755589.1|A/cattle/Texas/24-008749-003/2024(H5N1)	194	4450
HA|PP755589.1|A/cattle/Texas/24-008749-003/2024(H5N1)	195	4430
HA|PP755589.1|A/cattle/Texas/24-008749-003/2024(H5N1)	196	4419
HA|PP755589.1|A/cattle/Texas/24-008749-003/2024(H5N1)	197	4428
HA|PP755589.1|A/cattle/Texas/24-008749-003/2024(H5N1)	198	4448
HA|PP755589.1|A/cattle/Texas/24-008749-003/2024(H5N1)	199	4472
HA|PP755589.1|A/cattle/Texas/24-008749-003/2024(H5N1)	200	4495
HA|PP755589.1|A/cattle/Texas/24-008749-003/2024(H5N1)	201	4486
HA|PP755589.1|A/cattle/Texas/24-008749-003/2024(H5N1)	202	4484
HA|PP755589.1|A/cattle/Texas/24-008749-003/2024(H5N1)	203	4482
HA|PP755589.1|A/cattle/Texas/24-008749-003/2024(H5N1)	204	4520
HA|PP755589.1|A/cattle/Texas/24-008749-003/2024(H5N1)	205	4333
HA|PP755589.1|A/cattle/Texas/24-008749-003/2024(H5N1)	206	4334
HA|PP755589.1|A/cattle/Texas/24-008749-003/2024(H5N1)	207	4453
HA|PP755589.1|A/cattle/Texas/24-008749-003/2024(H5N1)	208	4475
HA|PP755589.1|A/cattle/Texas/24-008749-003/2024(H5N1)	209	4463
HA|PP755589.1|A/cattle/Texas/24-008749-003/2024(H5N1)	210	4377
HA|PP755589.1|A/cattle/Texas/24-008749-003/2024(H5N1)	211	4376
HA|PP755589.1|A/cattle/Texas/24-008749-003/2024(H5N1)	212	4409
HA|PP755589.1|A/cattle/Texas/24-008749-003/2024(H5N1)	213	4447
HA|PP755589.1|A/cattle/Texas/24-008749-003/2024(H5N1)	214	4551
HA|PP755589.1|A/cattle/Texas/24-008749-003/2024(H5N1)	215	4619
HA|PP755589.1|A/cattle/Texas/24-008749-003/2024(H5N1)	216	4586
HA|PP755589.1|A/cattle/Texas/24-008749-003/2024(H5N1)	217	4596
HA|PP755589.1|A/cattle/Texas/24-008749-003/2024(H5N1)	218	4606
HA|PP755589.1|A/cattle/Texas/24-008749-003/2024(H5N1)	219	4578
HA|PP755589.1|A/cattle/Texas/24-008749-003/2024(H5N1)	220	4564
HA|PP755589.1|A/cattle/Texas/24-008749-003/2024(H5N1)	221	4581
HA|PP755589.1|A/cattle/Texas/24-008749-003/2024(H5N1)	222	4567
HA|PP755589.1|A/cattle/Texas/24-008749-003/2024(H5N1)	223	4568
HA|PP755589.1|A/cattle/Texas/24-008749-003/2024(H5N1)	224	4528
HA|PP755589.1|A/cattle/Texas/24-008749-003/2024(H5N1)	225	4527
HA|PP755589.1|A/cattle/Texas/24-008749-003/2024(H5N1)	226	4682
HA|PP755589.1|A/cattle/Texas/24-008749-003/2024(H5N1)	227	4676
HA|PP755589.1|A/cattle/Texas/24-008749-003/2024(H5N1)	228	4680
HA|PP755589.1|A/cattle/Texas/24-008749-003/2024(H5N1)	229	4564
HA|PP755589.1|A/cattle/Texas/24-008749-003/2024(H5N1)	230	4560
HA|PP755589.1|A/cattle/Texas/24-008749-003/2024(H5N1)	231	4564
HA|PP755589.1|A/cattle/Texas/24-008749-003/2024(H5N1)	232	4545
HA|PP755589.1|A/cattle/Texas/24-008749-003/2024(H5N1)	233	4543
HA|PP755589.1|A/cattle/Texas/24-008749-003/2024(H5N1)	234	4563
HA|PP755589.1|A/cattle/Texas/24-008749-003/2024(H5N1)	235	4563
HA|PP755589.1|A/cattle/Texas/24-008749-003/2024(H5N1)	236	4571
HA|PP755589.1|A/cattle/Texas/24-008749-003/2024(H5N1)	237	4573
HA|PP755589.1|A/cattle/Texas/24-008749-003/2024(H5N1)	238	4579
HA|PP755589.1|A/cattle/Texas/24-008749-003/2024(H5N1)	239	4470
HA|PP755589.1|A/cattle/Texas/24-008749-003/2024(H5N1)	240	4509
HA|PP755589.1|A/cattle/Texas/24-008749-003/2024(H5N1)	241	4525
HA|PP755589.1|A/cattle/Texas/24-008749-003/2024(H5N1)	242	4523
HA|PP755589.1|A/cattle/Texas/24-008749-003/2024(H5N1)	243	4512
HA|PP755589.1|A/cattle/Texas/24-008749-003/2024(H5N1)	244	4438
HA|PP755589.1|A/cattle/Texas/24-008749-003/2024(H5N1)	245	4463
HA|PP755589.1|A/cattle/Texas/24-008749-003/2024(H5N1)	246	4463
HA|PP755589.1|A/cattle/Texas/24-008749-003/2024(H5N1)	247	4494
HA|PP755589.1|A/cattle/Texas/24-008749-003/2024(H5N1)	248	4494
HA|PP755589.1|A/cattle/Texas/24-008749-003/2024(H5N1)	249	4453
HA|PP755589.1|A/cattle/Texas/24-008749-003/2024(H5N1)	250	4451
HA|PP755589.1|A/cattle/Texas/24-008749-003/2024(H5N1)	251	4463
HA|PP755589.1|A/cattle/Texas/24-008749-003/2024(H5N1)	252	4430
HA|PP755589.1|A/cattle/Texas/24-008749-003/2024(H5N1)	253	4457
HA|PP755589.1|A/cattle/Texas/24-008749-003/2024(H5N1)	254	4456
HA|PP755589.1|A/cattle/Texas/24-008749-003/2024(H5N1)	255	4513
HA|PP755589.1|A/cattle/Texas/24-008749-003/2024(H5N1)	256	4518
HA|PP755589.1|A/cattle/Texas/24-008749-003/2024(H5N1)	257	4602
HA|PP755589.1|A/cattle/Texas/24-008749-003/2024(H5N1)	258	4624
HA|PP755589.1|A/cattle/Texas/24-008749-003/2024(H5N1)	259	4623
HA|PP755589.1|A/cattle/Texas/24-008749-003/2024(H5N1)	260	4621
HA|PP755589.1|A/cattle/Texas/24-008749-003/2024(H5N1)	261	4621
HA|PP755589.1|A/cattle/Texas/24-008749-003/2024(H5N1)	262	4580
HA|PP755589.1|A/cattle/Texas/24-008749-003/2024(H5N1)	263	4584
HA|PP755589.1|A/cattle/Texas/24-008749-003/2024(H5N1)	264	4577
HA|PP755589.1|A/cattle/Texas/24-008749-003/2024(H5N1)	265	4566
HA|PP755589.1|A/cattle/Texas/24-008749-003/2024(H5N1)	266	4594
HA|PP755589.1|A/cattle/Texas/24-008749-003/2024(H5N1)	267	4569
HA|PP755589.1|A/cattle/Texas/24-008749-003/2024(H5N1)	268	4562
HA|PP755589.1|A/cattle/Texas/24-008749-003/2024(H5N1)	269	4552
HA|PP755589.1|A/cattle/Texas/24-008749-003/2024(H5N1)	270	4551
HA|PP755589.1|A/cattle/Texas/24-008749-003/2024(H5N1)	271	4568
HA|PP755589.1|A/cattle/Texas/24-008749-003/2024(H5N1)	272	4589
HA|PP755589.1|A/cattle/Texas/24-008749-003/2024(H5N1)	273	4219
HA|PP755589.1|A/cattle/Texas/24-008749-003/2024(H5N1)	274	4144
HA|PP755589.1|A/cattle/Texas/24-008749-003/2024(H5N1)	275	4156
HA|PP755589.1|A/cattle/Texas/24-008749-003/2024(H5N1)	276	4790
HA|PP755589.1|A/cattle/Texas/24-008749-003/2024(H5N1)	277	4801
HA|PP755589.1|A/cattle/Texas/24-008749-003/2024(H5N1)	278	4805
HA|PP755589.1|A/cattle/Texas/24-008749-003/2024(H5N1)	279	4803
HA|PP755589.1|A/cattle/Texas/24-008749-003/2024(H5N1)	280	4833
HA|PP755589.1|A/cattle/Texas/24-008749-003/2024(H5N1)	281	5038
HA|PP755589.1|A/cattle/Texas/24-008749-003/2024(H5N1)	282	5019
HA|PP755589.1|A/cattle/Texas/24-008749-003/2024(H5N1)	283	5035
HA|PP755589.1|A/cattle/Texas/24-008749-003/2024(H5N1)	284	4895
HA|PP755589.1|A/cattle/Texas/24-008749-003/2024(H5N1)	285	4327
HA|PP755589.1|A/cattle/Texas/24-008749-003/2024(H5N1)	286	4339
HA|PP755589.1|A/cattle/Texas/24-008749-003/2024(H5N1)	287	4363
HA|PP755589.1|A/cattle/Texas/24-008749-003/2024(H5N1)	288	4353
HA|PP755589.1|A/cattle/Texas/24-008749-003/2024(H5N1)	289	4382
HA|PP755589.1|A/cattle/Texas/24-008749-003/2024(H5N1)	290	4501
HA|PP755589.1|A/cattle/Texas/24-008749-003/2024(H5N1)	291	4498
HA|PP755589.1|A/cattle/Texas/24-008749-003/2024(H5N1)	292	4475
HA|PP755589.1|A/cattle/Texas/24-008749-003/2024(H5N1)	293	4456
HA|PP755589.1|A/cattle/Texas/24-008749-003/2024(H5N1)	294	4456
HA|PP755589.1|A/cattle/Texas/24-008749-003/2024(H5N1)	295	4439
HA|PP755589.1|A/cattle/Texas/24-008749-003/2024(H5N1)	296	4185
HA|PP755589.1|A/cattle/Texas/24-008749-003/2024(H5N1)	297	4172
HA|PP755589.1|A/cattle/Texas/24-008749-003/2024(H5N1)	298	4182
HA|PP755589.1|A/cattle/Texas/24-008749-003/2024(H5N1)	299	4235
HA|PP755589.1|A/cattle/Texas/24-008749-003/2024(H5N1)	300	4241
HA|PP755589.1|A/cattle/Texas/24-008749-003/2024(H5N1)	301	4511
HA|PP755589.1|A/cattle/Texas/24-008749-003/2024(H5N1)	302	4512
HA|PP755589.1|A/cattle/Texas/24-008749-003/2024(H5N1)	303	4516
HA|PP755589.1|A/cattle/Texas/24-008749-003/2024(H5N1)	304	4547
HA|PP755589.1|A/cattle/Texas/24-008749-003/2024(H5N1)	305	4626
HA|PP755589.1|A/cattle/Texas/24-008749-003/2024(H5N1)	306	4630
HA|PP755589.1|A/cattle/Texas/24-008749-003/2024(H5N1)	307	4641
HA|PP755589.1|A/cattle/Texas/24-008749-003/2024(H5N1)	308	4642
HA|PP755589.1|A/cattle/Texas/24-008749-003/2024(H5N1)	309	4673
HA|PP755589.1|A/cattle/Texas/24-008749-003/2024(H5N1)	310	4690
HA|PP755589.1|A/cattle/Texas/24-008749-003/2024(H5N1)	311	4858
HA|PP755589.1|A/cattle/Texas/24-008749-003/2024(H5N1)	312	4815
HA|PP755589.1|A/cattle/Texas/24-008749-003/2024(H5N1)	313	4785
HA|PP755589.1|A/cattle/Texas/24-008749-003/2024(H5N1)	314	4887
HA|PP755589.1|A/cattle/Texas/24-008749-003/2024(H5N1)	315	5063
HA|PP755589.1|A/cattle/Texas/24-008749-003/2024(H5N1)	316	5073
HA|PP755589.1|A/cattle/Texas/24-008749-003/2024(H5N1)	317	5096
HA|PP755589.1|A/cattle/Texas/24-008749-003/2024(H5N1)	318	5104
HA|PP755589.1|A/cattle/Texas/24-008749-003/2024(H5N1)	319	5138
HA|PP755589.1|A/cattle/Texas/24-008749-003/2024(H5N1)	320	5202
HA|PP755589.1|A/cattle/Texas/24-008749-003/2024(H5N1)	321	5177
HA|PP755589.1|A/cattle/Texas/24-008749-003/2024(H5N1)	322	5176
HA|PP755589.1|A/cattle/Texas/24-008749-003/2024(H5N1)	323	5182
HA|PP755589.1|A/cattle/Texas/24-008749-003/2024(H5N1)	324	4949
HA|PP755589.1|A/cattle/Texas/24-008749-003/2024(H5N1)	325	4955
HA|PP755589.1|A/cattle/Texas/24-008749-003/2024(H5N1)	326	4844
HA|PP755589.1|A/cattle/Texas/24-008749-003/2024(H5N1)	327	4838
HA|PP755589.1|A/cattle/Texas/24-008749-003/2024(H5N1)	328	4793
HA|PP755589.1|A/cattle/Texas/24-008749-003/2024(H5N1)	329	4815
HA|PP755589.1|A/cattle/Texas/24-008749-003/2024(H5N1)	330	4790
HA|PP755589.1|A/cattle/Texas/24-008749-003/2024(H5N1)	331	4813
HA|PP755589.1|A/cattle/Texas/24-008749-003/2024(H5N1)	332	4812
HA|PP755589.1|A/cattle/Texas/24-008749-003/2024(H5N1)	333	4813
HA|PP755589.1|A/cattle/Texas/24-008749-003/2024(H5N1)	334	4803
HA|PP755589.1|A/cattle/Texas/24-008749-003/2024(H5N1)	335	4792
HA|PP755589.1|A/cattle/Texas/24-008749-003/2024(H5N1)	336	4752
HA|PP755589.1|A/cattle/Texas/24-008749-003/2024(H5N1)	337	4730
HA|PP755589.1|A/cattle/Texas/24-008749-003/2024(H5N1)	338	4668
HA|PP755589.1|A/cattle/Texas/24-008749-003/2024(H5N1)	339	4683
HA|PP755589.1|A/cattle/Texas/24-008749-003/2024(H5N1)	340	4689
HA|PP755589.1|A/cattle/Texas/24-008749-003/2024(H5N1)	341	4709
HA|PP755589.1|A/cattle/Texas/24-008749-003/2024(H5N1)	342	4710
HA|PP755589.1|A/cattle/Texas/24-008749-003/2024(H5N1)	343	4708
HA|PP755589.1|A/cattle/Texas/24-008749-003/2024(H5N1)	344	4703
HA|PP755589.1|A/cattle/Texas/24-008749-003/2024(H5N1)	345	4699
HA|PP755589.1|A/cattle/Texas/24-008749-003/2024(H5N1)	346	4754
HA|PP755589.1|A/cattle/Texas/24-008749-003/2024(H5N1)	347	4841
HA|PP755589.1|A/cattle/Texas/24-008749-003/2024(H5N1)	348	4842
HA|PP755589.1|A/cattle/Texas/24-008749-003/2024(H5N1)	349	4825
HA|PP755589.1|A/cattle/Texas/24-008749-003/2024(H5N1)	350	4815
HA|PP755589.1|A/cattle/Texas/24-008749-003/2024(H5N1)	351	4819
HA|PP755589.1|A/cattle/Texas/24-008749-003/2024(H5N1)	352	4842
HA|PP755589.1|A/cattle/Texas/24-008749-003/2024(H5N1)	353	4849
HA|PP755589.1|A/cattle/Texas/24-008749-003/2024(H5N1)	354	4850
HA|PP755589.1|A/cattle/Texas/24-008749-003/2024(H5N1)	355	4826
HA|PP755589.1|A/cattle/Texas/24-008749-003/2024(H5N1)	356	4822
HA|PP755589.1|A/cattle/Texas/24-008749-003/2024(H5N1)	357	4744
HA|PP755589.1|A/cattle/Texas/24-008749-003/2024(H5N1)	358	4658
HA|PP755589.1|A/cattle/Texas/24-008749-003/2024(H5N1)	359	4652
HA|PP755589.1|A/cattle/Texas/24-008749-003/2024(H5N1)	360	4682
HA|PP755589.1|A/cattle/Texas/24-008749-003/2024(H5N1)	361	4682
HA|PP755589.1|A/cattle/Texas/24-008749-003/2024(H5N1)	362	4686
HA|PP755589.1|A/cattle/Texas/24-008749-003/2024(H5N1)	363	4701
HA|PP755589.1|A/cattle/Texas/24-008749-003/2024(H5N1)	364	4663
HA|PP755589.1|A/cattle/Texas/24-008749-003/2024(H5N1)	365	4657
HA|PP755589.1|A/cattle/Texas/24-008749-003/2024(H5N1)	366	4636
HA|PP755589.1|A/cattle/Texas/24-008749-003/2024(H5N1)	367	4583
HA|PP755589.1|A/cattle/Texas/24-008749-003/2024(H5N1)	368	4712
HA|PP755589.1|A/cattle/Texas/24-008749-003/2024(H5N1)	369	4695
HA|PP755589.1|A/cattle/Texas/24-008749-003/2024(H5N1)	370	4843
HA|PP755589.1|A/cattle/Texas/24-008749-003/2024(H5N1)	371	4863
HA|PP755589.1|A/cattle/Texas/24-008749-003/2024(H5N1)	372	4815
HA|PP755589.1|A/cattle/Texas/24-008749-003/2024(H5N1)	373	4815
HA|PP755589.1|A/cattle/Texas/24-008749-003/2024(H5N1)	374	4841
HA|PP755589.1|A/cattle/Texas/24-008749-003/2024(H5N1)	375	4840
HA|PP755589.1|A/cattle/Texas/24-008749-003/2024(H5N1)	376	4840
HA|PP755589.1|A/cattle/Texas/24-008749-003/2024(H5N1)	377	4703
HA|PP755589.1|A/cattle/Texas/24-008749-003/2024(H5N1)	378	4699
HA|PP755589.1|A/cattle/Texas/24-008749-003/2024(H5N1)	379	4694
HA|PP755589.1|A/cattle/Texas/24-008749-003/2024(H5N1)	380	4696
HA|PP755589.1|A/cattle/Texas/24-008749-003/2024(H5N1)	381	4706
HA|PP755589.1|A/cattle/Texas/24-008749-003/2024(H5N1)	382	4723
HA|PP755589.1|A/cattle/Texas/24-008749-003/2024(H5N1)	383	4788
HA|PP755589.1|A/cattle/Texas/24-008749-003/2024(H5N1)	384	4789
HA|PP755589.1|A/cattle/Texas/24-008749-003/2024(H5N1)	385	4789
HA|PP755589.1|A/cattle/Texas/24-008749-003/2024(H5N1)	386	4783
HA|PP755589.1|A/cattle/Texas/24-008749-003/2024(H5N1)	387	4803
HA|PP755589.1|A/cattle/Texas/24-008749-003/2024(H5N1)	388	4895
HA|PP755589.1|A/cattle/Texas/24-008749-003/2024(H5N1)	389	4885
HA|PP755589.1|A/cattle/Texas/24-008749-003/2024(H5N1)	390	4886
HA|PP755589.1|A/cattle/Texas/24-008749-003/2024(H5N1)	391	4845
HA|PP755589.1|A/cattle/Texas/24-008749-003/2024(H5N1)	392	4823
HA|PP755589.1|A/cattle/Texas/24-008749-003/2024(H5N1)	393	4842
HA|PP755589.1|A/cattle/Texas/24-008749-003/2024(H5N1)	394	4952
HA|PP755589.1|A/cattle/Texas/24-008749-003/2024(H5N1)	395	4950
HA|PP755589.1|A/cattle/Texas/24-008749-003/2024(H5N1)	396	4917
HA|PP755589.1|A/cattle/Texas/24-008749-003/2024(H5N1)	397	4867
HA|PP755589.1|A/cattle/Texas/24-008749-003/2024(H5N1)	398	5119
HA|PP755589.1|A/cattle/Texas/24-008749-003/2024(H5N1)	399	5196
HA|PP755589.1|A/cattle/Texas/24-008749-003/2024(H5N1)	400	5204
HA|PP755589.1|A/cattle/Texas/24-008749-003/2024(H5N1)	401	5209
HA|PP755589.1|A/cattle/Texas/24-008749-003/2024(H5N1)	402	5227
HA|PP755589.1|A/cattle/Texas/24-008749-003/2024(H5N1)	403	5238
HA|PP755589.1|A/cattle/Texas/24-008749-003/2024(H5N1)	404	5217
HA|PP755589.1|A/cattle/Texas/24-008749-003/2024(H5N1)	405	5220
HA|PP755589.1|A/cattle/Texas/24-008749-003/2024(H5N1)	406	5166
HA|PP755589.1|A/cattle/Texas/24-008749-003/2024(H5N1)	407	5181
HA|PP755589.1|A/cattle/Texas/24-008749-003/2024(H5N1)	408	5089
HA|PP755589.1|A/cattle/Texas/24-008749-003/2024(H5N1)	409	5068
HA|PP755589.1|A/cattle/Texas/24-008749-003/2024(H5N1)	410	5065
HA|PP755589.1|A/cattle/Texas/24-008749-003/2024(H5N1)	411	5043
HA|PP755589.1|A/cattle/Texas/24-008749-003/2024(H5N1)	412	5033
HA|PP755589.1|A/cattle/Texas/24-008749-003/2024(H5N1)	413	5055
HA|PP755589.1|A/cattle/Texas/24-008749-003/2024(H5N1)	414	5056
HA|PP755589.1|A/cattle/Texas/24-008749-003/2024(H5N1)	415	4958
HA|PP755589.1|A/cattle/Texas/24-008749-003/2024(H5N1)	416	4891
HA|PP755589.1|A/cattle/Texas/24-008749-003/2024(H5N1)	417	4904
HA|PP755589.1|A/cattle/Texas/24-008749-003/2024(H5N1)	418	4939
HA|PP755589.1|A/cattle/Texas/24-008749-003/2024(H5N1)	419	4979
HA|PP755589.1|A/cattle/Texas/24-008749-003/2024(H5N1)	420	5008
HA|PP755589.1|A/cattle/Texas/24-008749-003/2024(H5N1)	421	5194
HA|PP755589.1|A/cattle/Texas/24-008749-003/2024(H5N1)	422	5222
HA|PP755589.1|A/cattle/Texas/24-008749-003/2024(H5N1)	423	5253
HA|PP755589.1|A/cattle/Texas/24-008749-003/2024(H5N1)	424	5248
HA|PP755589.1|A/cattle/Texas/24-008749-003/2024(H5N1)	425	5261
HA|PP755589.1|A/cattle/Texas/24-008749-003/2024(H5N1)	426	5256
HA|PP755589.1|A/cattle/Texas/24-008749-003/2024(H5N1)	427	4649
HA|PP755589.1|A/cattle/Texas/24-008749-003/2024(H5N1)	428	4678
HA|PP755589.1|A/cattle/Texas/24-008749-003/2024(H5N1)	429	4714
HA|PP755589.1|A/cattle/Texas/24-008749-003/2024(H5N1)	430	4694
HA|PP755589.1|A/cattle/Texas/24-008749-003/2024(H5N1)	431	4920
HA|PP755589.1|A/cattle/Texas/24-008749-003/2024(H5N1)	432	4908
HA|PP755589.1|A/cattle/Texas/24-008749-003/2024(H5N1)	433	4943
HA|PP755589.1|A/cattle/Texas/24-008749-003/2024(H5N1)	434	4932
HA|PP755589.1|A/cattle/Texas/24-008749-003/2024(H5N1)	435	4909
HA|PP755589.1|A/cattle/Texas/24-008749-003/2024(H5N1)	436	4918
HA|PP755589.1|A/cattle/Texas/24-008749-003/2024(H5N1)	437	4961
HA|PP755589.1|A/cattle/Texas/24-008749-003/2024(H5N1)	438	5012
HA|PP755589.1|A/cattle/Texas/24-008749-003/2024(H5N1)	439	5013
HA|PP755589.1|A/cattle/Texas/24-008749-003/2024(H5N1)	440	4614
HA|PP755589.1|A/cattle/Texas/24-008749-003/2024(H5N1)	441	4639
HA|PP755589.1|A/cattle/Texas/24-008749-003/2024(H5N1)	442	4593
HA|PP755589.1|A/cattle/Texas/24-008749-003/2024(H5N1)	443	4601
HA|PP755589.1|A/cattle/Texas/24-008749-003/2024(H5N1)	444	4568
HA|PP755589.1|A/cattle/Texas/24-008749-003/2024(H5N1)	445	4545
HA|PP755589.1|A/cattle/Texas/24-008749-003/2024(H5N1)	446	4601
HA|PP755589.1|A/cattle/Texas/24-008749-003/2024(H5N1)	447	4538
HA|PP755589.1|A/cattle/Texas/24-008749-003/2024(H5N1)	448	4549
HA|PP755589.1|A/cattle/Texas/24-008749-003/2024(H5N1)	449	4592
HA|PP755589.1|A/cattle/Texas/24-008749-003/2024(H5N1)	450	4573
HA|PP755589.1|A/cattle/Texas/24-008749-003/2024(H5N1)	451	4593
HA|PP755589.1|A/cattle/Texas/24-008749-003/2024(H5N1)	452	4763
HA|PP755589.1|A/cattle/Texas/24-008749-003/2024(H5N1)	453	4790
HA|PP755589.1|A/cattle/Texas/24-008749-003/2024(H5N1)	454	4908
HA|PP755589.1|A/cattle/Texas/24-008749-003/2024(H5N1)	455	4842
HA|PP755589.1|A/cattle/Texas/24-008749-003/2024(H5N1)	456	4998
HA|PP755589.1|A/cattle/Texas/24-008749-003/2024(H5N1)	457	5027
HA|PP755589.1|A/cattle/Texas/24-008749-003/2024(H5N1)	458	5037
HA|PP755589.1|A/cattle/Texas/24-008749-003/2024(H5N1)	459	5066
HA|PP755589.1|A/cattle/Texas/24-008749-003/2024(H5N1)	460	5023
HA|PP755589.1|A/cattle/Texas/24-008749-003/2024(H5N1)	461	4847
HA|PP755589.1|A/cattle/Texas/24-008749-003/2024(H5N1)	462	4859
HA|PP755589.1|A/cattle/Texas/24-008749-003/2024(H5N1)	463	4886
HA|PP755589.1|A/cattle/Texas/24-008749-003/2024(H5N1)	464	4885
HA|PP755589.1|A/cattle/Texas/24-008749-003/2024(H5N1)	465	4752
HA|PP755589.1|A/cattle/Texas/24-008749-003/2024(H5N1)	466	4571
HA|PP755589.1|A/cattle/Texas/24-008749-003/2024(H5N1)	467	4590
HA|PP755589.1|A/cattle/Texas/24-008749-003/2024(H5N1)	468	4584
HA|PP755589.1|A/cattle/Texas/24-008749-003/2024(H5N1)	469	4553
HA|PP755589.1|A/cattle/Texas/24-008749-003/2024(H5N1)	470	4497
HA|PP755589.1|A/cattle/Texas/24-008749-003/2024(H5N1)	471	4488
HA|PP755589.1|A/cattle/Texas/24-008749-003/2024(H5N1)	472	4486
HA|PP755589.1|A/cattle/Texas/24-008749-003/2024(H5N1)	473	4499
HA|PP755589.1|A/cattle/Texas/24-008749-003/2024(H5N1)	474	4498
HA|PP755589.1|A/cattle/Texas/24-008749-003/2024(H5N1)	475	4486
HA|PP755589.1|A/cattle/Texas/24-008749-003/2024(H5N1)	476	4507
HA|PP755589.1|A/cattle/Texas/24-008749-003/2024(H5N1)	477	4509
HA|PP755589.1|A/cattle/Texas/24-008749-003/2024(H5N1)	478	4518
HA|PP755589.1|A/cattle/Texas/24-008749-003/2024(H5N1)	479	4521
HA|PP755589.1|A/cattle/Texas/24-008749-003/2024(H5N1)	480	4436
HA|PP755589.1|A/cattle/Texas/24-008749-003/2024(H5N1)	481	4431
HA|PP755589.1|A/cattle/Texas/24-008749-003/2024(H5N1)	482	4446
HA|PP755589.1|A/cattle/Texas/24-008749-003/2024(H5N1)	483	4447
HA|PP755589.1|A/cattle/Texas/24-008749-003/2024(H5N1)	484	4467
HA|PP755589.1|A/cattle/Texas/24-008749-003/2024(H5N1)	485	4482
HA|PP755589.1|A/cattle/Texas/24-008749-003/2024(H5N1)	486	4483
HA|PP755589.1|A/cattle/Texas/24-008749-003/2024(H5N1)	487	4522
HA|PP755589.1|A/cattle/Texas/24-008749-003/2024(H5N1)	488	4516
HA|PP755589.1|A/cattle/Texas/24-008749-003/2024(H5N1)	489	4542
HA|PP755589.1|A/cattle/Texas/24-008749-003/2024(H5N1)	490	4540
HA|PP755589.1|A/cattle/Texas/24-008749-003/2024(H5N1)	491	4544
HA|PP755589.1|A/cattle/Texas/24-008749-003/2024(H5N1)	492	4552
HA|PP755589.1|A/cattle/Texas/24-008749-003/2024(H5N1)	493	4644
HA|PP755589.1|A/cattle/Texas/24-008749-003/2024(H5N1)	494	4645
HA|PP755589.1|A/cattle/Texas/24-008749-003/2024(H5N1)	495	4669
HA|PP755589.1|A/cattle/Texas/24-008749-003/2024(H5N1)	496	4614
HA|PP755589.1|A/cattle/Texas/24-008749-003/2024(H5N1)	497	4601
HA|PP755589.1|A/cattle/Texas/24-008749-003/2024(H5N1)	498	4568
HA|PP755589.1|A/cattle/Texas/24-008749-003/2024(H5N1)	499	4559
HA|PP755589.1|A/cattle/Texas/24-008749-003/2024(H5N1)	500	4533
HA|PP755589.1|A/cattle/Texas/24-008749-003/2024(H5N1)	501	4516
HA|PP755589.1|A/cattle/Texas/24-008749-003/2024(H5N1)	502	4509
HA|PP755589.1|A/cattle/Texas/24-008749-003/2024(H5N1)	503	4510
HA|PP755589.1|A/cattle/Texas/24-008749-003/2024(H5N1)	504	4508
HA|PP755589.1|A/cattle/Texas/24-008749-003/2024(H5N1)	505	4508
HA|PP755589.1|A/cattle/Texas/24-008749-003/2024(H5N1)	506	4486
HA|PP755589.1|A/cattle/Texas/24-008749-003/2024(H5N1)	507	4528
HA|PP755589.1|A/cattle/Texas/24-008749-003/2024(H5N1)	508	4491
HA|PP755589.1|A/cattle/Texas/24-008749-003/2024(H5N1)	509	4488
HA|PP755589.1|A/cattle/Texas/24-008749-003/2024(H5N1)	510	4463
HA|PP755589.1|A/cattle/Texas/24-008749-003/2024(H5N1)	511	4465
HA|PP755589.1|A/cattle/Texas/24-008749-003/2024(H5N1)	512	4656
HA|PP755589.1|A/cattle/Texas/24-008749-003/2024(H5N1)	513	4665
HA|PP755589.1|A/cattle/Texas/24-008749-003/2024(H5N1)	514	4631
HA|PP755589.1|A/cattle/Texas/24-008749-003/2024(H5N1)	515	4630
HA|PP755589.1|A/cattle/Texas/24-008749-003/2024(H5N1)	516	4655
HA|PP755589.1|A/cattle/Texas/24-008749-003/2024(H5N1)	517	4762
HA|PP755589.1|A/cattle/Texas/24-008749-003/2024(H5N1)	518	4760
HA|PP755589.1|A/cattle/Texas/24-008749-003/2024(H5N1)	519	4653
HA|PP755589.1|A/cattle/Texas/24-008749-003/2024(H5N1)	520	4637
HA|PP755589.1|A/cattle/Texas/24-008749-003/2024(H5N1)	521	4510
HA|PP755589.1|A/cattle/Texas/24-008749-003/2024(H5N1)	522	4533
HA|PP755589.1|A/cattle/Texas/24-008749-003/2024(H5N1)	523	4541
HA|PP755589.1|A/cattle/Texas/24-008749-003/2024(H5N1)	524	4660
HA|PP755589.1|A/cattle/Texas/24-008749-003/2024(H5N1)	525	4632
HA|PP755589.1|A/cattle/Texas/24-008749-003/2024(H5N1)	526	4645
HA|PP755589.1|A/cattle/Texas/24-008749-003/2024(H5N1)	527	4663
HA|PP755589.1|A/cattle/Texas/24-008749-003/2024(H5N1)	528	4629
HA|PP755589.1|A/cattle/Texas/24-008749-003/2024(H5N1)	529	4679
HA|PP755589.1|A/cattle/Texas/24-008749-003/2024(H5N1)	530	4700
HA|PP755589.1|A/cattle/Texas/24-008749-003/2024(H5N1)	531	4707
HA|PP755589.1|A/cattle/Texas/24-008749-003/2024(H5N1)	532	4697
HA|PP755589.1|A/cattle/Texas/24-008749-003/2024(H5N1)	533	4598
HA|PP755589.1|A/cattle/Texas/24-008749-003/2024(H5N1)	534	4608
HA|PP755589.1|A/cattle/Texas/24-008749-003/2024(H5N1)	535	4695
HA|PP755589.1|A/cattle/Texas/24-008749-003/2024(H5N1)	536	4728
HA|PP755589.1|A/cattle/Texas/24-008749-003/2024(H5N1)	537	4667
HA|PP755589.1|A/cattle/Texas/24-008749-003/2024(H5N1)	538	4667
HA|PP755589.1|A/cattle/Texas/24-008749-003/2024(H5N1)	539	4656
HA|PP755589.1|A/cattle/Texas/24-008749-003/2024(H5N1)	540	4902
HA|PP755589.1|A/cattle/Texas/24-008749-003/2024(H5N1)	541	4900
HA|PP755589.1|A/cattle/Texas/24-008749-003/2024(H5N1)	542	4910
HA|PP755589.1|A/cattle/Texas/24-008749-003/2024(H5N1)	543	4913
HA|PP755589.1|A/cattle/Texas/24-008749-003/2024(H5N1)	544	4814
HA|PP755589.1|A/cattle/Texas/24-008749-003/2024(H5N1)	545	4806
HA|PP755589.1|A/cattle/Texas/24-008749-003/2024(H5N1)	546	4807
HA|PP755589.1|A/cattle/Texas/24-008749-003/2024(H5N1)	547	4815
HA|PP755589.1|A/cattle/Texas/24-008749-003/2024(H5N1)	548	4780
HA|PP755589.1|A/cattle/Texas/24-008749-003/2024(H5N1)	549	4512
HA|PP755589.1|A/cattle/Texas/24-008749-003/2024(H5N1)	550	4500
HA|PP755589.1|A/cattle/Texas/24-008749-003/2024(H5N1)	551	4511
HA|PP755589.1|A/cattle/Texas/24-008749-003/2024(H5N1)	552	4510
HA|PP755589.1|A/cattle/Texas/24-008749-003/2024(H5N1)	553	4507
HA|PP755589.1|A/cattle/Texas/24-008749-003/2024(H5N1)	554	4514
HA|PP755589.1|A/cattle/Texas/24-008749-003/2024(H5N1)	555	4540
HA|PP755589.1|A/cattle/Texas/24-008749-003/2024(H5N1)	556	4539
HA|PP755589.1|A/cattle/Texas/24-008749-003/2024(H5N1)	557	4543
HA|PP755589.1|A/cattle/Texas/24-008749-003/2024(H5N1)	558	4520
HA|PP755589.1|A/cattle/Texas/24-008749-003/2024(H5N1)	559	4555
HA|PP755589.1|A/cattle/Texas/24-008749-003/2024(H5N1)	560	4585
HA|PP755589.1|A/cattle/Texas/24-008749-003/2024(H5N1)	561	4663
HA|PP755589.1|A/cattle/Texas/24-008749-003/2024(H5N1)	562	4742
HA|PP755589.1|A/cattle/Texas/24-008749-003/2024(H5N1)	563	4829
HA|PP755589.1|A/cattle/Texas/24-008749-003/2024(H5N1)	564	4900
HA|PP755589.1|A/cattle/Texas/24-008749-003/2024(H5N1)	565	4897
HA|PP755589.1|A/cattle/Texas/24-008749-003/2024(H5N1)	566	4904
HA|PP755589.1|A/cattle/Texas/24-008749-003/2024(H5N1)	567	4894
HA|PP755589.1|A/cattle/Texas/24-008749-003/2024(H5N1)	568	4872
HA|PP755589.1|A/cattle/Texas/24-008749-003/2024(H5N1)	569	4837
HA|PP755589.1|A/cattle/Texas/24-008749-003/2024(H5N1)	570	4826
HA|PP755589.1|A/cattle/Texas/24-008749-003/2024(H5N1)	571	4774
HA|PP755589.1|A/cattle/Texas/24-008749-003/2024(H5N1)	572	4721
HA|PP755589.1|A/cattle/Texas/24-008749-003/2024(H5N1)	573	4899
HA|PP755589.1|A/cattle/Texas/24-008749-003/2024(H5N1)	574	4908
HA|PP755589.1|A/cattle/Texas/24-008749-003/2024(H5N1)	575	4913
HA|PP755589.1|A/cattle/Texas/24-008749-003/2024(H5N1)	576	4898
HA|PP755589.1|A/cattle/Texas/24-008749-003/2024(H5N1)	577	4860
HA|PP755589.1|A/cattle/Texas/24-008749-003/2024(H5N1)	578	4961
HA|PP755589.1|A/cattle/Texas/24-008749-003/2024(H5N1)	579	4904
HA|PP755589.1|A/cattle/Texas/24-008749-003/2024(H5N1)	580	4918
HA|PP755589.1|A/cattle/Texas/24-008749-003/2024(H5N1)	581	4898
HA|PP755589.1|A/cattle/Texas/24-008749-003/2024(H5N1)	582	4475
HA|PP755589.1|A/cattle/Texas/24-008749-003/2024(H5N1)	583	4455
HA|PP755589.1|A/cattle/Texas/24-008749-003/2024(H5N1)	584	4448
HA|PP755589.1|A/cattle/Texas/24-008749-003/2024(H5N1)	585	4543
HA|PP755589.1|A/cattle/Texas/24-008749-003/2024(H5N1)	586	4527
HA|PP755589.1|A/cattle/Texas/24-008749-003/2024(H5N1)	587	4451
HA|PP755589.1|A/cattle/Texas/24-008749-003/2024(H5N1)	588	4495
HA|PP755589.1|A/cattle/Texas/24-008749-003/2024(H5N1)	589	4446
HA|PP755589.1|A/cattle/Texas/24-008749-003/2024(H5N1)	590	4591
HA|PP755589.1|A/cattle/Texas/24-008749-003/2024(H5N1)	591	4599
HA|PP755589.1|A/cattle/Texas/24-008749-003/2024(H5N1)	592	4588
HA|PP755589.1|A/cattle/Texas/24-008749-003/2024(H5N1)	593	4586
HA|PP755589.1|A/cattle/Texas/24-008749-003/2024(H5N1)	594	4604
HA|PP755589.1|A/cattle/Texas/24-008749-003/2024(H5N1)	595	4579
HA|PP755589.1|A/cattle/Texas/24-008749-003/2024(H5N1)	596	4767
HA|PP755589.1|A/cattle/Texas/24-008749-003/2024(H5N1)	597	4677
HA|PP755589.1|A/cattle/Texas/24-008749-003/2024(H5N1)	598	4689
HA|PP755589.1|A/cattle/Texas/24-008749-003/2024(H5N1)	599	4687
HA|PP755589.1|A/cattle/Texas/24-008749-003/2024(H5N1)	600	4647
HA|PP755589.1|A/cattle/Texas/24-008749-003/2024(H5N1)	601	4667
HA|PP755589.1|A/cattle/Texas/24-008749-003/2024(H5N1)	602	4701
HA|PP755589.1|A/cattle/Texas/24-008749-003/2024(H5N1)	603	4535
HA|PP755589.1|A/cattle/Texas/24-008749-003/2024(H5N1)	604	4582
HA|PP755589.1|A/cattle/Texas/24-008749-003/2024(H5N1)	605	4413
HA|PP755589.1|A/cattle/Texas/24-008749-003/2024(H5N1)	606	4464
HA|PP755589.1|A/cattle/Texas/24-008749-003/2024(H5N1)	607	4296
HA|PP755589.1|A/cattle/Texas/24-008749-003/2024(H5N1)	608	4290
HA|PP755589.1|A/cattle/Texas/24-008749-003/2024(H5N1)	609	4323
HA|PP755589.1|A/cattle/Texas/24-008749-003/2024(H5N1)	610	4309
HA|PP755589.1|A/cattle/Texas/24-008749-003/2024(H5N1)	611	4354
HA|PP755589.1|A/cattle/Texas/24-008749-003/2024(H5N1)	612	4363
HA|PP755589.1|A/cattle/Texas/24-008749-003/2024(H5N1)	613	4327
HA|PP755589.1|A/cattle/Texas/24-008749-003/2024(H5N1)	614	4324
HA|PP755589.1|A/cattle/Texas/24-008749-003/2024(H5N1)	615	4334
HA|PP755589.1|A/cattle/Texas/24-008749-003/2024(H5N1)	616	4431
HA|PP755589.1|A/cattle/Texas/24-008749-003/2024(H5N1)	617	4395
HA|PP755589.1|A/cattle/Texas/24-008749-003/2024(H5N1)	618	4392
HA|PP755589.1|A/cattle/Texas/24-008749-003/2024(H5N1)	619	4390
HA|PP755589.1|A/cattle/Texas/24-008749-003/2024(H5N1)	620	4425
HA|PP755589.1|A/cattle/Texas/24-008749-003/2024(H5N1)	621	4424
HA|PP755589.1|A/cattle/Texas/24-008749-003/2024(H5N1)	622	4427
HA|PP755589.1|A/cattle/Texas/24-008749-003/2024(H5N1)	623	4428
HA|PP755589.1|A/cattle/Texas/24-008749-003/2024(H5N1)	624	4444
HA|PP755589.1|A/cattle/Texas/24-008749-003/2024(H5N1)	625	4448
HA|PP755589.1|A/cattle/Texas/24-008749-003/2024(H5N1)	626	4478
HA|PP755589.1|A/cattle/Texas/24-008749-003/2024(H5N1)	627	4465
HA|PP755589.1|A/cattle/Texas/24-008749-003/2024(H5N1)	628	4462
HA|PP755589.1|A/cattle/Texas/24-008749-003/2024(H5N1)	629	4444
HA|PP755589.1|A/cattle/Texas/24-008749-003/2024(H5N1)	630	4440
HA|PP755589.1|A/cattle/Texas/24-008749-003/2024(H5N1)	631	4463
HA|PP755589.1|A/cattle/Texas/24-008749-003/2024(H5N1)	632	4459
HA|PP755589.1|A/cattle/Texas/24-008749-003/2024(H5N1)	633	4480
HA|PP755589.1|A/cattle/Texas/24-008749-003/2024(H5N1)	634	4524
HA|PP755589.1|A/cattle/Texas/24-008749-003/2024(H5N1)	635	4565
HA|PP755589.1|A/cattle/Texas/24-008749-003/2024(H5N1)	636	4560
HA|PP755589.1|A/cattle/Texas/24-008749-003/2024(H5N1)	637	4563
HA|PP755589.1|A/cattle/Texas/24-008749-003/2024(H5N1)	638	4603
HA|PP755589.1|A/cattle/Texas/24-008749-003/2024(H5N1)	639	4609
HA|PP755589.1|A/cattle/Texas/24-008749-003/2024(H5N1)	640	4600
HA|PP755589.1|A/cattle/Texas/24-008749-003/2024(H5N1)	641	4609
HA|PP755589.1|A/cattle/Texas/24-008749-003/2024(H5N1)	642	4584
HA|PP755589.1|A/cattle/Texas/24-008749-003/2024(H5N1)	643	4533
HA|PP755589.1|A/cattle/Texas/24-008749-003/2024(H5N1)	644	4495
HA|PP755589.1|A/cattle/Texas/24-008749-003/2024(H5N1)	645	4480
HA|PP755589.1|A/cattle/Texas/24-008749-003/2024(H5N1)	646	4486
HA|PP755589.1|A/cattle/Texas/24-008749-003/2024(H5N1)	647	4462
HA|PP755589.1|A/cattle/Texas/24-008749-003/2024(H5N1)	648	4446
HA|PP755589.1|A/cattle/Texas/24-008749-003/2024(H5N1)	649	4445
HA|PP755589.1|A/cattle/Texas/24-008749-003/2024(H5N1)	650	4460
HA|PP755589.1|A/cattle/Texas/24-008749-003/2024(H5N1)	651	4628
HA|PP755589.1|A/cattle/Texas/24-008749-003/2024(H5N1)	652	4673
HA|PP755589.1|A/cattle/Texas/24-008749-003/2024(H5N1)	653	4695
HA|PP755589.1|A/cattle/Texas/24-008749-003/2024(H5N1)	654	4698
HA|PP755589.1|A/cattle/Texas/24-008749-003/2024(H5N1)	655	4698
HA|PP755589.1|A/cattle/Texas/24-008749-003/2024(H5N1)	656	4721
HA|PP755589.1|A/cattle/Texas/24-008749-003/2024(H5N1)	657	4779
HA|PP755589.1|A/cattle/Texas/24-008749-003/2024(H5N1)	658	4822
HA|PP755589.1|A/cattle/Texas/24-008749-003/2024(H5N1)	659	4914
HA|PP755589.1|A/cattle/Texas/24-008749-003/2024(H5N1)	660	4899
HA|PP755589.1|A/cattle/Texas/24-008749-003/2024(H5N1)	661	4902
HA|PP755589.1|A/cattle/Texas/24-008749-003/2024(H5N1)	662	4862
HA|PP755589.1|A/cattle/Texas/24-008749-003/2024(H5N1)	663	4723
HA|PP755589.1|A/cattle/Texas/24-008749-003/2024(H5N1)	664	4764
HA|PP755589.1|A/cattle/Texas/24-008749-003/2024(H5N1)	665	4800
HA|PP755589.1|A/cattle/Texas/24-008749-003/2024(H5N1)	666	4807
HA|PP755589.1|A/cattle/Texas/24-008749-003/2024(H5N1)	667	4766
HA|PP755589.1|A/cattle/Texas/24-008749-003/2024(H5N1)	668	4644
HA|PP755589.1|A/cattle/Texas/24-008749-003/2024(H5N1)	669	4665
HA|PP755589.1|A/cattle/Texas/24-008749-003/2024(H5N1)	670	4652
HA|PP755589.1|A/cattle/Texas/24-008749-003/2024(H5N1)	671	4746
HA|PP755589.1|A/cattle/Texas/24-008749-003/2024(H5N1)	672	4726
HA|PP755589.1|A/cattle/Texas/24-008749-003/2024(H5N1)	673	4678
HA|PP755589.1|A/cattle/Texas/24-008749-003/2024(H5N1)	674	4666
HA|PP755589.1|A/cattle/Texas/24-008749-003/2024(H5N1)	675	4546
HA|PP755589.1|A/cattle/Texas/24-008749-003/2024(H5N1)	676	4565
HA|PP755589.1|A/cattle/Texas/24-008749-003/2024(H5N1)	677	4559
HA|PP755589.1|A/cattle/Texas/24-008749-003/2024(H5N1)	678	4553
HA|PP755589.1|A/cattle/Texas/24-008749-003/2024(H5N1)	679	4578
HA|PP755589.1|A/cattle/Texas/24-008749-003/2024(H5N1)	680	4483
HA|PP755589.1|A/cattle/Texas/24-008749-003/2024(H5N1)	681	4541
HA|PP755589.1|A/cattle/Texas/24-008749-003/2024(H5N1)	682	4539
HA|PP755589.1|A/cattle/Texas/24-008749-003/2024(H5N1)	683	4546
HA|PP755589.1|A/cattle/Texas/24-008749-003/2024(H5N1)	684	4546
HA|PP755589.1|A/cattle/Texas/24-008749-003/2024(H5N1)	685	4532
HA|PP755589.1|A/cattle/Texas/24-008749-003/2024(H5N1)	686	4490
HA|PP755589.1|A/cattle/Texas/24-008749-003/2024(H5N1)	687	4461
HA|PP755589.1|A/cattle/Texas/24-008749-003/2024(H5N1)	688	4451
HA|PP755589.1|A/cattle/Texas/24-008749-003/2024(H5N1)	689	4272
HA|PP755589.1|A/cattle/Texas/24-008749-003/2024(H5N1)	690	4271
HA|PP755589.1|A/cattle/Texas/24-008749-003/2024(H5N1)	691	4403
HA|PP755589.1|A/cattle/Texas/24-008749-003/2024(H5N1)	692	4395
HA|PP755589.1|A/cattle/Texas/24-008749-003/2024(H5N1)	693	4395
HA|PP755589.1|A/cattle/Texas/24-008749-003/2024(H5N1)	694	4391
HA|PP755589.1|A/cattle/Texas/24-008749-003/2024(H5N1)	695	4401
HA|PP755589.1|A/cattle/Texas/24-008749-003/2024(H5N1)	696	4460
HA|PP755589.1|A/cattle/Texas/24-008749-003/2024(H5N1)	697	4453
HA|PP755589.1|A/cattle/Texas/24-008749-003/2024(H5N1)	698	4445
HA|PP755589.1|A/cattle/Texas/24-008749-003/2024(H5N1)	699	4451
HA|PP755589.1|A/cattle/Texas/24-008749-003/2024(H5N1)	700	4408
HA|PP755589.1|A/cattle/Texas/24-008749-003/2024(H5N1)	701	4430
HA|PP755589.1|A/cattle/Texas/24-008749-003/2024(H5N1)	702	4417
HA|PP755589.1|A/cattle/Texas/24-008749-003/2024(H5N1)	703	4458
HA|PP755589.1|A/cattle/Texas/24-008749-003/2024(H5N1)	704	4444
HA|PP755589.1|A/cattle/Texas/24-008749-003/2024(H5N1)	705	4409
HA|PP755589.1|A/cattle/Texas/24-008749-003/2024(H5N1)	706	4449
HA|PP755589.1|A/cattle/Texas/24-008749-003/2024(H5N1)	707	4449
HA|PP755589.1|A/cattle/Texas/24-008749-003/2024(H5N1)	708	4475
HA|PP755589.1|A/cattle/Texas/24-008749-003/2024(H5N1)	709	4451
HA|PP755589.1|A/cattle/Texas/24-008749-003/2024(H5N1)	710	4464
HA|PP755589.1|A/cattle/Texas/24-008749-003/2024(H5N1)	711	4463
HA|PP755589.1|A/cattle/Texas/24-008749-003/2024(H5N1)	712	4380
HA|PP755589.1|A/cattle/Texas/24-008749-003/2024(H5N1)	713	4376
HA|PP755589.1|A/cattle/Texas/24-008749-003/2024(H5N1)	714	4652
HA|PP755589.1|A/cattle/Texas/24-008749-003/2024(H5N1)	715	4666
HA|PP755589.1|A/cattle/Texas/24-008749-003/2024(H5N1)	716	4698
HA|PP755589.1|A/cattle/Texas/24-008749-003/2024(H5N1)	717	4692
HA|PP755589.1|A/cattle/Texas/24-008749-003/2024(H5N1)	718	4681
HA|PP755589.1|A/cattle/Texas/24-008749-003/2024(H5N1)	719	4691
HA|PP755589.1|A/cattle/Texas/24-008749-003/2024(H5N1)	720	4734
HA|PP755589.1|A/cattle/Texas/24-008749-003/2024(H5N1)	721	4719
HA|PP755589.1|A/cattle/Texas/24-008749-003/2024(H5N1)	722	4687
HA|PP755589.1|A/cattle/Texas/24-008749-003/2024(H5N1)	723	4541
HA|PP755589.1|A/cattle/Texas/24-008749-003/2024(H5N1)	724	4381
HA|PP755589.1|A/cattle/Texas/24-008749-003/2024(H5N1)	725	4497
HA|PP755589.1|A/cattle/Texas/24-008749-003/2024(H5N1)	726	4492
HA|PP755589.1|A/cattle/Texas/24-008749-003/2024(H5N1)	727	4575
HA|PP755589.1|A/cattle/Texas/24-008749-003/2024(H5N1)	728	4533
HA|PP755589.1|A/cattle/Texas/24-008749-003/2024(H5N1)	729	4451
HA|PP755589.1|A/cattle/Texas/24-008749-003/2024(H5N1)	730	4416
HA|PP755589.1|A/cattle/Texas/24-008749-003/2024(H5N1)	731	4410
HA|PP755589.1|A/cattle/Texas/24-008749-003/2024(H5N1)	732	4548
HA|PP755589.1|A/cattle/Texas/24-008749-003/2024(H5N1)	733	4544
HA|PP755589.1|A/cattle/Texas/24-008749-003/2024(H5N1)	734	4543
HA|PP755589.1|A/cattle/Texas/24-008749-003/2024(H5N1)	735	4515
HA|PP755589.1|A/cattle/Texas/24-008749-003/2024(H5N1)	736	4429
HA|PP755589.1|A/cattle/Texas/24-008749-003/2024(H5N1)	737	4431
HA|PP755589.1|A/cattle/Texas/24-008749-003/2024(H5N1)	738	4437
HA|PP755589.1|A/cattle/Texas/24-008749-003/2024(H5N1)	739	4421
HA|PP755589.1|A/cattle/Texas/24-008749-003/2024(H5N1)	740	4428
HA|PP755589.1|A/cattle/Texas/24-008749-003/2024(H5N1)	741	4263
HA|PP755589.1|A/cattle/Texas/24-008749-003/2024(H5N1)	742	4263
HA|PP755589.1|A/cattle/Texas/24-008749-003/2024(H5N1)	743	4291
HA|PP755589.1|A/cattle/Texas/24-008749-003/2024(H5N1)	744	4296
HA|PP755589.1|A/cattle/Texas/24-008749-003/2024(H5N1)	745	4368
HA|PP755589.1|A/cattle/Texas/24-008749-003/2024(H5N1)	746	4450
HA|PP755589.1|A/cattle/Texas/24-008749-003/2024(H5N1)	747	4278
HA|PP755589.1|A/cattle/Texas/24-008749-003/2024(H5N1)	748	4346
HA|PP755589.1|A/cattle/Texas/24-008749-003/2024(H5N1)	749	4341
HA|PP755589.1|A/cattle/Texas/24-008749-003/2024(H5N1)	750	4328
HA|PP755589.1|A/cattle/Texas/24-008749-003/2024(H5N1)	751	4307
HA|PP755589.1|A/cattle/Texas/24-008749-003/2024(H5N1)	752	4261
HA|PP755589.1|A/cattle/Texas/24-008749-003/2024(H5N1)	753	4286
HA|PP755589.1|A/cattle/Texas/24-008749-003/2024(H5N1)	754	4293
HA|PP755589.1|A/cattle/Texas/24-008749-003/2024(H5N1)	755	4258
HA|PP755589.1|A/cattle/Texas/24-008749-003/2024(H5N1)	756	4260
HA|PP755589.1|A/cattle/Texas/24-008749-003/2024(H5N1)	757	4260
HA|PP755589.1|A/cattle/Texas/24-008749-003/2024(H5N1)	758	4336
HA|PP755589.1|A/cattle/Texas/24-008749-003/2024(H5N1)	759	4321
HA|PP755589.1|A/cattle/Texas/24-008749-003/2024(H5N1)	760	4281
HA|PP755589.1|A/cattle/Texas/24-008749-003/2024(H5N1)	761	4299
HA|PP755589.1|A/cattle/Texas/24-008749-003/2024(H5N1)	762	4253
HA|PP755589.1|A/cattle/Texas/24-008749-003/2024(H5N1)	763	4239
HA|PP755589.1|A/cattle/Texas/24-008749-003/2024(H5N1)	764	4242
HA|PP755589.1|A/cattle/Texas/24-008749-003/2024(H5N1)	765	4250
HA|PP755589.1|A/cattle/Texas/24-008749-003/2024(H5N1)	766	4296
HA|PP755589.1|A/cattle/Texas/24-008749-003/2024(H5N1)	767	4183
HA|PP755589.1|A/cattle/Texas/24-008749-003/2024(H5N1)	768	4205
HA|PP755589.1|A/cattle/Texas/24-008749-003/2024(H5N1)	769	4189
HA|PP755589.1|A/cattle/Texas/24-008749-003/2024(H5N1)	770	4189
HA|PP755589.1|A/cattle/Texas/24-008749-003/2024(H5N1)	771	4170
HA|PP755589.1|A/cattle/Texas/24-008749-003/2024(H5N1)	772	4169
HA|PP755589.1|A/cattle/Texas/24-008749-003/2024(H5N1)	773	4165
HA|PP755589.1|A/cattle/Texas/24-008749-003/2024(H5N1)	774	4184
HA|PP755589.1|A/cattle/Texas/24-008749-003/2024(H5N1)	775	4164
HA|PP755589.1|A/cattle/Texas/24-008749-003/2024(H5N1)	776	4184
HA|PP755589.1|A/cattle/Texas/24-008749-003/2024(H5N1)	777	4188
HA|PP755589.1|A/cattle/Texas/24-008749-003/2024(H5N1)	778	4180
HA|PP755589.1|A/cattle/Texas/24-008749-003/2024(H5N1)	779	4264
HA|PP755589.1|A/cattle/Texas/24-008749-003/2024(H5N1)	780	4264
HA|PP755589.1|A/cattle/Texas/24-008749-003/2024(H5N1)	781	4265
HA|PP755589.1|A/cattle/Texas/24-008749-003/2024(H5N1)	782	4257
HA|PP755589.1|A/cattle/Texas/24-008749-003/2024(H5N1)	783	4251
HA|PP755589.1|A/cattle/Texas/24-008749-003/2024(H5N1)	784	4661
HA|PP755589.1|A/cattle/Texas/24-008749-003/2024(H5N1)	785	4644
HA|PP755589.1|A/cattle/Texas/24-008749-003/2024(H5N1)	786	4587
HA|PP755589.1|A/cattle/Texas/24-008749-003/2024(H5N1)	787	4570
HA|PP755589.1|A/cattle/Texas/24-008749-003/2024(H5N1)	788	4567
HA|PP755589.1|A/cattle/Texas/24-008749-003/2024(H5N1)	789	4531
HA|PP755589.1|A/cattle/Texas/24-008749-003/2024(H5N1)	790	4516
HA|PP755589.1|A/cattle/Texas/24-008749-003/2024(H5N1)	791	4584
HA|PP755589.1|A/cattle/Texas/24-008749-003/2024(H5N1)	792	4617
HA|PP755589.1|A/cattle/Texas/24-008749-003/2024(H5N1)	793	4736
HA|PP755589.1|A/cattle/Texas/24-008749-003/2024(H5N1)	794	4811
HA|PP755589.1|A/cattle/Texas/24-008749-003/2024(H5N1)	795	4804
HA|PP755589.1|A/cattle/Texas/24-008749-003/2024(H5N1)	796	4824
HA|PP755589.1|A/cattle/Texas/24-008749-003/2024(H5N1)	797	4826
HA|PP755589.1|A/cattle/Texas/24-008749-003/2024(H5N1)	798	4840
HA|PP755589.1|A/cattle/Texas/24-008749-003/2024(H5N1)	799	4909
HA|PP755589.1|A/cattle/Texas/24-008749-003/2024(H5N1)	800	5184
HA|PP755589.1|A/cattle/Texas/24-008749-003/2024(H5N1)	801	5192
HA|PP755589.1|A/cattle/Texas/24-008749-003/2024(H5N1)	802	5024
HA|PP755589.1|A/cattle/Texas/24-008749-003/2024(H5N1)	803	4984
HA|PP755589.1|A/cattle/Texas/24-008749-003/2024(H5N1)	804	4962
HA|PP755589.1|A/cattle/Texas/24-008749-003/2024(H5N1)	805	4943
HA|PP755589.1|A/cattle/Texas/24-008749-003/2024(H5N1)	806	4953
HA|PP755589.1|A/cattle/Texas/24-008749-003/2024(H5N1)	807	4950
HA|PP755589.1|A/cattle/Texas/24-008749-003/2024(H5N1)	808	4886
HA|PP755589.1|A/cattle/Texas/24-008749-003/2024(H5N1)	809	4809
HA|PP755589.1|A/cattle/Texas/24-008749-003/2024(H5N1)	810	4733
HA|PP755589.1|A/cattle/Texas/24-008749-003/2024(H5N1)	811	4743
HA|PP755589.1|A/cattle/Texas/24-008749-003/2024(H5N1)	812	4779
HA|PP755589.1|A/cattle/Texas/24-008749-003/2024(H5N1)	813	4778
HA|PP755589.1|A/cattle/Texas/24-008749-003/2024(H5N1)	814	4784
HA|PP755589.1|A/cattle/Texas/24-008749-003/2024(H5N1)	815	4731
HA|PP755589.1|A/cattle/Texas/24-008749-003/2024(H5N1)	816	4694
HA|PP755589.1|A/cattle/Texas/24-008749-003/2024(H5N1)	817	4664
HA|PP755589.1|A/cattle/Texas/24-008749-003/2024(H5N1)	818	4654
HA|PP755589.1|A/cattle/Texas/24-008749-003/2024(H5N1)	819	4645
HA|PP755589.1|A/cattle/Texas/24-008749-003/2024(H5N1)	820	4656
HA|PP755589.1|A/cattle/Texas/24-008749-003/2024(H5N1)	821	4666
HA|PP755589.1|A/cattle/Texas/24-008749-003/2024(H5N1)	822	4620
HA|PP755589.1|A/cattle/Texas/24-008749-003/2024(H5N1)	823	4630
HA|PP755589.1|A/cattle/Texas/24-008749-003/2024(H5N1)	824	4632
HA|PP755589.1|A/cattle/Texas/24-008749-003/2024(H5N1)	825	4631
HA|PP755589.1|A/cattle/Texas/24-008749-003/2024(H5N1)	826	4567
HA|PP755589.1|A/cattle/Texas/24-008749-003/2024(H5N1)	827	4620
HA|PP755589.1|A/cattle/Texas/24-008749-003/2024(H5N1)	828	4646
HA|PP755589.1|A/cattle/Texas/24-008749-003/2024(H5N1)	829	4628
HA|PP755589.1|A/cattle/Texas/24-008749-003/2024(H5N1)	830	4619
HA|PP755589.1|A/cattle/Texas/24-008749-003/2024(H5N1)	831	4650
HA|PP755589.1|A/cattle/Texas/24-008749-003/2024(H5N1)	832	4583
HA|PP755589.1|A/cattle/Texas/24-008749-003/2024(H5N1)	833	4607
HA|PP755589.1|A/cattle/Texas/24-008749-003/2024(H5N1)	834	4627
HA|PP755589.1|A/cattle/Texas/24-008749-003/2024(H5N1)	835	4676
HA|PP755589.1|A/cattle/Texas/24-008749-003/2024(H5N1)	836	4672
HA|PP755589.1|A/cattle/Texas/24-008749-003/2024(H5N1)	837	4620
HA|PP755589.1|A/cattle/Texas/24-008749-003/2024(H5N1)	838	4623
HA|PP755589.1|A/cattle/Texas/24-008749-003/2024(H5N1)	839	4614
HA|PP755589.1|A/cattle/Texas/24-008749-003/2024(H5N1)	840	4565
HA|PP755589.1|A/cattle/Texas/24-008749-003/2024(H5N1)	841	4570
HA|PP755589.1|A/cattle/Texas/24-008749-003/2024(H5N1)	842	4482
HA|PP755589.1|A/cattle/Texas/24-008749-003/2024(H5N1)	843	4501
HA|PP755589.1|A/cattle/Texas/24-008749-003/2024(H5N1)	844	4513
HA|PP755589.1|A/cattle/Texas/24-008749-003/2024(H5N1)	845	4512
HA|PP755589.1|A/cattle/Texas/24-008749-003/2024(H5N1)	846	4501
HA|PP755589.1|A/cattle/Texas/24-008749-003/2024(H5N1)	847	4423
HA|PP755589.1|A/cattle/Texas/24-008749-003/2024(H5N1)	848	4445
HA|PP755589.1|A/cattle/Texas/24-008749-003/2024(H5N1)	849	4455
HA|PP755589.1|A/cattle/Texas/24-008749-003/2024(H5N1)	850	4456
HA|PP755589.1|A/cattle/Texas/24-008749-003/2024(H5N1)	851	4448
HA|PP755589.1|A/cattle/Texas/24-008749-003/2024(H5N1)	852	4424
HA|PP755589.1|A/cattle/Texas/24-008749-003/2024(H5N1)	853	4463
HA|PP755589.1|A/cattle/Texas/24-008749-003/2024(H5N1)	854	4490
HA|PP755589.1|A/cattle/Texas/24-008749-003/2024(H5N1)	855	4517
HA|PP755589.1|A/cattle/Texas/24-008749-003/2024(H5N1)	856	4727
HA|PP755589.1|A/cattle/Texas/24-008749-003/2024(H5N1)	857	4764
HA|PP755589.1|A/cattle/Texas/24-008749-003/2024(H5N1)	858	4766
HA|PP755589.1|A/cattle/Texas/24-008749-003/2024(H5N1)	859	4791
HA|PP755589.1|A/cattle/Texas/24-008749-003/2024(H5N1)	860	4755
HA|PP755589.1|A/cattle/Texas/24-008749-003/2024(H5N1)	861	4736
HA|PP755589.1|A/cattle/Texas/24-008749-003/2024(H5N1)	862	4712
HA|PP755589.1|A/cattle/Texas/24-008749-003/2024(H5N1)	863	4715
HA|PP755589.1|A/cattle/Texas/24-008749-003/2024(H5N1)	864	4543
HA|PP755589.1|A/cattle/Texas/24-008749-003/2024(H5N1)	865	4310
HA|PP755589.1|A/cattle/Texas/24-008749-003/2024(H5N1)	866	4230
HA|PP755589.1|A/cattle/Texas/24-008749-003/2024(H5N1)	867	4323
HA|PP755589.1|A/cattle/Texas/24-008749-003/2024(H5N1)	868	4372
HA|PP755589.1|A/cattle/Texas/24-008749-003/2024(H5N1)	869	4376
HA|PP755589.1|A/cattle/Texas/24-008749-003/2024(H5N1)	870	4380
HA|PP755589.1|A/cattle/Texas/24-008749-003/2024(H5N1)	871	4337
HA|PP755589.1|A/cattle/Texas/24-008749-003/2024(H5N1)	872	4310
HA|PP755589.1|A/cattle/Texas/24-008749-003/2024(H5N1)	873	4330
HA|PP755589.1|A/cattle/Texas/24-008749-003/2024(H5N1)	874	4346
HA|PP755589.1|A/cattle/Texas/24-008749-003/2024(H5N1)	875	4344
HA|PP755589.1|A/cattle/Texas/24-008749-003/2024(H5N1)	876	4188
HA|PP755589.1|A/cattle/Texas/24-008749-003/2024(H5N1)	877	4187
HA|PP755589.1|A/cattle/Texas/24-008749-003/2024(H5N1)	878	4110
HA|PP755589.1|A/cattle/Texas/24-008749-003/2024(H5N1)	879	4111
HA|PP755589.1|A/cattle/Texas/24-008749-003/2024(H5N1)	880	4146
HA|PP755589.1|A/cattle/Texas/24-008749-003/2024(H5N1)	881	4165
HA|PP755589.1|A/cattle/Texas/24-008749-003/2024(H5N1)	882	4135
HA|PP755589.1|A/cattle/Texas/24-008749-003/2024(H5N1)	883	3984
HA|PP755589.1|A/cattle/Texas/24-008749-003/2024(H5N1)	884	4007
HA|PP755589.1|A/cattle/Texas/24-008749-003/2024(H5N1)	885	4010
HA|PP755589.1|A/cattle/Texas/24-008749-003/2024(H5N1)	886	4018
HA|PP755589.1|A/cattle/Texas/24-008749-003/2024(H5N1)	887	4160
HA|PP755589.1|A/cattle/Texas/24-008749-003/2024(H5N1)	888	4184
HA|PP755589.1|A/cattle/Texas/24-008749-003/2024(H5N1)	889	4178
HA|PP755589.1|A/cattle/Texas/24-008749-003/2024(H5N1)	890	4197
HA|PP755589.1|A/cattle/Texas/24-008749-003/2024(H5N1)	891	4186
HA|PP755589.1|A/cattle/Texas/24-008749-003/2024(H5N1)	892	4178
HA|PP755589.1|A/cattle/Texas/24-008749-003/2024(H5N1)	893	4155
HA|PP755589.1|A/cattle/Texas/24-008749-003/2024(H5N1)	894	4128
HA|PP755589.1|A/cattle/Texas/24-008749-003/2024(H5N1)	895	4122
HA|PP755589.1|A/cattle/Texas/24-008749-003/2024(H5N1)	896	4058
HA|PP755589.1|A/cattle/Texas/24-008749-003/2024(H5N1)	897	3967
HA|PP755589.1|A/cattle/Texas/24-008749-003/2024(H5N1)	898	3968
HA|PP755589.1|A/cattle/Texas/24-008749-003/2024(H5N1)	899	3971
HA|PP755589.1|A/cattle/Texas/24-008749-003/2024(H5N1)	900	3973
HA|PP755589.1|A/cattle/Texas/24-008749-003/2024(H5N1)	901	3974
HA|PP755589.1|A/cattle/Texas/24-008749-003/2024(H5N1)	902	3971
HA|PP755589.1|A/cattle/Texas/24-008749-003/2024(H5N1)	903	3987
HA|PP755589.1|A/cattle/Texas/24-008749-003/2024(H5N1)	904	3950
HA|PP755589.1|A/cattle/Texas/24-008749-003/2024(H5N1)	905	3951
HA|PP755589.1|A/cattle/Texas/24-008749-003/2024(H5N1)	906	3953
HA|PP755589.1|A/cattle/Texas/24-008749-003/2024(H5N1)	907	3955
HA|PP755589.1|A/cattle/Texas/24-008749-003/2024(H5N1)	908	3915
HA|PP755589.1|A/cattle/Texas/24-008749-003/2024(H5N1)	909	3944
HA|PP755589.1|A/cattle/Texas/24-008749-003/2024(H5N1)	910	3944
HA|PP755589.1|A/cattle/Texas/24-008749-003/2024(H5N1)	911	3944
HA|PP755589.1|A/cattle/Texas/24-008749-003/2024(H5N1)	912	3931
HA|PP755589.1|A/cattle/Texas/24-008749-003/2024(H5N1)	913	3932
HA|PP755589.1|A/cattle/Texas/24-008749-003/2024(H5N1)	914	3917
HA|PP755589.1|A/cattle/Texas/24-008749-003/2024(H5N1)	915	3910
HA|PP755589.1|A/cattle/Texas/24-008749-003/2024(H5N1)	916	4227
HA|PP755589.1|A/cattle/Texas/24-008749-003/2024(H5N1)	917	4195
HA|PP755589.1|A/cattle/Texas/24-008749-003/2024(H5N1)	918	4194
HA|PP755589.1|A/cattle/Texas/24-008749-003/2024(H5N1)	919	4201
HA|PP755589.1|A/cattle/Texas/24-008749-003/2024(H5N1)	920	4200
HA|PP755589.1|A/cattle/Texas/24-008749-003/2024(H5N1)	921	4259
HA|PP755589.1|A/cattle/Texas/24-008749-003/2024(H5N1)	922	4251
HA|PP755589.1|A/cattle/Texas/24-008749-003/2024(H5N1)	923	4260
HA|PP755589.1|A/cattle/Texas/24-008749-003/2024(H5N1)	924	4255
HA|PP755589.1|A/cattle/Texas/24-008749-003/2024(H5N1)	925	4235
HA|PP755589.1|A/cattle/Texas/24-008749-003/2024(H5N1)	926	4622
HA|PP755589.1|A/cattle/Texas/24-008749-003/2024(H5N1)	927	4607
HA|PP755589.1|A/cattle/Texas/24-008749-003/2024(H5N1)	928	4612
HA|PP755589.1|A/cattle/Texas/24-008749-003/2024(H5N1)	929	4617
HA|PP755589.1|A/cattle/Texas/24-008749-003/2024(H5N1)	930	4564
HA|PP755589.1|A/cattle/Texas/24-008749-003/2024(H5N1)	931	4569
HA|PP755589.1|A/cattle/Texas/24-008749-003/2024(H5N1)	932	4561
HA|PP755589.1|A/cattle/Texas/24-008749-003/2024(H5N1)	933	4665
HA|PP755589.1|A/cattle/Texas/24-008749-003/2024(H5N1)	934	4671
HA|PP755589.1|A/cattle/Texas/24-008749-003/2024(H5N1)	935	4225
HA|PP755589.1|A/cattle/Texas/24-008749-003/2024(H5N1)	936	4204
HA|PP755589.1|A/cattle/Texas/24-008749-003/2024(H5N1)	937	4209
HA|PP755589.1|A/cattle/Texas/24-008749-003/2024(H5N1)	938	4206
HA|PP755589.1|A/cattle/Texas/24-008749-003/2024(H5N1)	939	4217
HA|PP755589.1|A/cattle/Texas/24-008749-003/2024(H5N1)	940	4231
HA|PP755589.1|A/cattle/Texas/24-008749-003/2024(H5N1)	941	4446
HA|PP755589.1|A/cattle/Texas/24-008749-003/2024(H5N1)	942	4369
HA|PP755589.1|A/cattle/Texas/24-008749-003/2024(H5N1)	943	4336
HA|PP755589.1|A/cattle/Texas/24-008749-003/2024(H5N1)	944	4258
HA|PP755589.1|A/cattle/Texas/24-008749-003/2024(H5N1)	945	4224
HA|PP755589.1|A/cattle/Texas/24-008749-003/2024(H5N1)	946	4219
HA|PP755589.1|A/cattle/Texas/24-008749-003/2024(H5N1)	947	4196
HA|PP755589.1|A/cattle/Texas/24-008749-003/2024(H5N1)	948	4188
HA|PP755589.1|A/cattle/Texas/24-008749-003/2024(H5N1)	949	4174
HA|PP755589.1|A/cattle/Texas/24-008749-003/2024(H5N1)	950	3840
HA|PP755589.1|A/cattle/Texas/24-008749-003/2024(H5N1)	951	3866
HA|PP755589.1|A/cattle/Texas/24-008749-003/2024(H5N1)	952	3840
HA|PP755589.1|A/cattle/Texas/24-008749-003/2024(H5N1)	953	3858
HA|PP755589.1|A/cattle/Texas/24-008749-003/2024(H5N1)	954	3892
HA|PP755589.1|A/cattle/Texas/24-008749-003/2024(H5N1)	955	3926
HA|PP755589.1|A/cattle/Texas/24-008749-003/2024(H5N1)	956	3957
HA|PP755589.1|A/cattle/Texas/24-008749-003/2024(H5N1)	957	3960
HA|PP755589.1|A/cattle/Texas/24-008749-003/2024(H5N1)	958	3974
HA|PP755589.1|A/cattle/Texas/24-008749-003/2024(H5N1)	959	3974
HA|PP755589.1|A/cattle/Texas/24-008749-003/2024(H5N1)	960	4058
HA|PP755589.1|A/cattle/Texas/24-008749-003/2024(H5N1)	961	4098
HA|PP755589.1|A/cattle/Texas/24-008749-003/2024(H5N1)	962	4082
HA|PP755589.1|A/cattle/Texas/24-008749-003/2024(H5N1)	963	4047
HA|PP755589.1|A/cattle/Texas/24-008749-003/2024(H5N1)	964	4046
HA|PP755589.1|A/cattle/Texas/24-008749-003/2024(H5N1)	965	4062
HA|PP755589.1|A/cattle/Texas/24-008749-003/2024(H5N1)	966	4062
HA|PP755589.1|A/cattle/Texas/24-008749-003/2024(H5N1)	967	4092
HA|PP755589.1|A/cattle/Texas/24-008749-003/2024(H5N1)	968	4152
HA|PP755589.1|A/cattle/Texas/24-008749-003/2024(H5N1)	969	4152
HA|PP755589.1|A/cattle/Texas/24-008749-003/2024(H5N1)	970	4147
HA|PP755589.1|A/cattle/Texas/24-008749-003/2024(H5N1)	971	4133
HA|PP755589.1|A/cattle/Texas/24-008749-003/2024(H5N1)	972	4126
HA|PP755589.1|A/cattle/Texas/24-008749-003/2024(H5N1)	973	4165
HA|PP755589.1|A/cattle/Texas/24-008749-003/2024(H5N1)	974	4144
HA|PP755589.1|A/cattle/Texas/24-008749-003/2024(H5N1)	975	4142
HA|PP755589.1|A/cattle/Texas/24-008749-003/2024(H5N1)	976	4144
HA|PP755589.1|A/cattle/Texas/24-008749-003/2024(H5N1)	977	4196
HA|PP755589.1|A/cattle/Texas/24-008749-003/2024(H5N1)	978	4197
HA|PP755589.1|A/cattle/Texas/24-008749-003/2024(H5N1)	979	4330
HA|PP755589.1|A/cattle/Texas/24-008749-003/2024(H5N1)	980	4355
HA|PP755589.1|A/cattle/Texas/24-008749-003/2024(H5N1)	981	4352
HA|PP755589.1|A/cattle/Texas/24-008749-003/2024(H5N1)	982	4330
HA|PP755589.1|A/cattle/Texas/24-008749-003/2024(H5N1)	983	4348
HA|PP755589.1|A/cattle/Texas/24-008749-003/2024(H5N1)	984	4393
HA|PP755589.1|A/cattle/Texas/24-008749-003/2024(H5N1)	985	4402
HA|PP755589.1|A/cattle/Texas/24-008749-003/2024(H5N1)	986	4359
HA|PP755589.1|A/cattle/Texas/24-008749-003/2024(H5N1)	987	4359
HA|PP755589.1|A/cattle/Texas/24-008749-003/2024(H5N1)	988	4359
HA|PP755589.1|A/cattle/Texas/24-008749-003/2024(H5N1)	989	4403
HA|PP755589.1|A/cattle/Texas/24-008749-003/2024(H5N1)	990	4400
HA|PP755589.1|A/cattle/Texas/24-008749-003/2024(H5N1)	991	4412
HA|PP755589.1|A/cattle/Texas/24-008749-003/2024(H5N1)	992	4420
HA|PP755589.1|A/cattle/Texas/24-008749-003/2024(H5N1)	993	4375
HA|PP755589.1|A/cattle/Texas/24-008749-003/2024(H5N1)	994	4393
HA|PP755589.1|A/cattle/Texas/24-008749-003/2024(H5N1)	995	4402
HA|PP755589.1|A/cattle/Texas/24-008749-003/2024(H5N1)	996	4447
HA|PP755589.1|A/cattle/Texas/24-008749-003/2024(H5N1)	997	4451
HA|PP755589.1|A/cattle/Texas/24-008749-003/2024(H5N1)	998	4438
HA|PP755589.1|A/cattle/Texas/24-008749-003/2024(H5N1)	999	4503
HA|PP755589.1|A/cattle/Texas/24-008749-003/2024(H5N1)	1000	4501
HA|PP755589.1|A/cattle/Texas/24-008749-003/2024(H5N1)	1001	4560
HA|PP755589.1|A/cattle/Texas/24-008749-003/2024(H5N1)	1002	4553
HA|PP755589.1|A/cattle/Texas/24-008749-003/2024(H5N1)	1003	4526
HA|PP755589.1|A/cattle/Texas/24-008749-003/2024(H5N1)	1004	4519
HA|PP755589.1|A/cattle/Texas/24-008749-003/2024(H5N1)	1005	4485
HA|PP755589.1|A/cattle/Texas/24-008749-003/2024(H5N1)	1006	4426
HA|PP755589.1|A/cattle/Texas/24-008749-003/2024(H5N1)	1007	4235
HA|PP755589.1|A/cattle/Texas/24-008749-003/2024(H5N1)	1008	4171
HA|PP755589.1|A/cattle/Texas/24-008749-003/2024(H5N1)	1009	4195
HA|PP755589.1|A/cattle/Texas/24-008749-003/2024(H5N1)	1010	4165
HA|PP755589.1|A/cattle/Texas/24-008749-003/2024(H5N1)	1011	4150
HA|PP755589.1|A/cattle/Texas/24-008749-003/2024(H5N1)	1012	4128
HA|PP755589.1|A/cattle/Texas/24-008749-003/2024(H5N1)	1013	4126
HA|PP755589.1|A/cattle/Texas/24-008749-003/2024(H5N1)	1014	4139
HA|PP755589.1|A/cattle/Texas/24-008749-003/2024(H5N1)	1015	4159
HA|PP755589.1|A/cattle/Texas/24-008749-003/2024(H5N1)	1016	4163
HA|PP755589.1|A/cattle/Texas/24-008749-003/2024(H5N1)	1017	4179
HA|PP755589.1|A/cattle/Texas/24-008749-003/2024(H5N1)	1018	4043
HA|PP755589.1|A/cattle/Texas/24-008749-003/2024(H5N1)	1019	4002
HA|PP755589.1|A/cattle/Texas/24-008749-003/2024(H5N1)	1020	4000
HA|PP755589.1|A/cattle/Texas/24-008749-003/2024(H5N1)	1021	3994
HA|PP755589.1|A/cattle/Texas/24-008749-003/2024(H5N1)	1022	4008
HA|PP755589.1|A/cattle/Texas/24-008749-003/2024(H5N1)	1023	4053
HA|PP755589.1|A/cattle/Texas/24-008749-003/2024(H5N1)	1024	4018
HA|PP755589.1|A/cattle/Texas/24-008749-003/2024(H5N1)	1025	4020
HA|PP755589.1|A/cattle/Texas/24-008749-003/2024(H5N1)	1026	4022
HA|PP755589.1|A/cattle/Texas/24-008749-003/2024(H5N1)	1027	4017
HA|PP755589.1|A/cattle/Texas/24-008749-003/2024(H5N1)	1028	4027
HA|PP755589.1|A/cattle/Texas/24-008749-003/2024(H5N1)	1029	4094
HA|PP755589.1|A/cattle/Texas/24-008749-003/2024(H5N1)	1030	4092
HA|PP755589.1|A/cattle/Texas/24-008749-003/2024(H5N1)	1031	4071
HA|PP755589.1|A/cattle/Texas/24-008749-003/2024(H5N1)	1032	4066
HA|PP755589.1|A/cattle/Texas/24-008749-003/2024(H5N1)	1033	4065
HA|PP755589.1|A/cattle/Texas/24-008749-003/2024(H5N1)	1034	4065
HA|PP755589.1|A/cattle/Texas/24-008749-003/2024(H5N1)	1035	4046
HA|PP755589.1|A/cattle/Texas/24-008749-003/2024(H5N1)	1036	4085
HA|PP755589.1|A/cattle/Texas/24-008749-003/2024(H5N1)	1037	4095
HA|PP755589.1|A/cattle/Texas/24-008749-003/2024(H5N1)	1038	3929
HA|PP755589.1|A/cattle/Texas/24-008749-003/2024(H5N1)	1039	3943
HA|PP755589.1|A/cattle/Texas/24-008749-003/2024(H5N1)	1040	3952
HA|PP755589.1|A/cattle/Texas/24-008749-003/2024(H5N1)	1041	4075
HA|PP755589.1|A/cattle/Texas/24-008749-003/2024(H5N1)	1042	4084
HA|PP755589.1|A/cattle/Texas/24-008749-003/2024(H5N1)	1043	4083
HA|PP755589.1|A/cattle/Texas/24-008749-003/2024(H5N1)	1044	4087
HA|PP755589.1|A/cattle/Texas/24-008749-003/2024(H5N1)	1045	4042
HA|PP755589.1|A/cattle/Texas/24-008749-003/2024(H5N1)	1046	4048
HA|PP755589.1|A/cattle/Texas/24-008749-003/2024(H5N1)	1047	4134
HA|PP755589.1|A/cattle/Texas/24-008749-003/2024(H5N1)	1048	4133
HA|PP755589.1|A/cattle/Texas/24-008749-003/2024(H5N1)	1049	4134
HA|PP755589.1|A/cattle/Texas/24-008749-003/2024(H5N1)	1050	4058
HA|PP755589.1|A/cattle/Texas/24-008749-003/2024(H5N1)	1051	4154
HA|PP755589.1|A/cattle/Texas/24-008749-003/2024(H5N1)	1052	4169
HA|PP755589.1|A/cattle/Texas/24-008749-003/2024(H5N1)	1053	4170
HA|PP755589.1|A/cattle/Texas/24-008749-003/2024(H5N1)	1054	4157
HA|PP755589.1|A/cattle/Texas/24-008749-003/2024(H5N1)	1055	4143
HA|PP755589.1|A/cattle/Texas/24-008749-003/2024(H5N1)	1056	4125
HA|PP755589.1|A/cattle/Texas/24-008749-003/2024(H5N1)	1057	4260
HA|PP755589.1|A/cattle/Texas/24-008749-003/2024(H5N1)	1058	4598
HA|PP755589.1|A/cattle/Texas/24-008749-003/2024(H5N1)	1059	4587
HA|PP755589.1|A/cattle/Texas/24-008749-003/2024(H5N1)	1060	4555
HA|PP755589.1|A/cattle/Texas/24-008749-003/2024(H5N1)	1061	4545
HA|PP755589.1|A/cattle/Texas/24-008749-003/2024(H5N1)	1062	4554
HA|PP755589.1|A/cattle/Texas/24-008749-003/2024(H5N1)	1063	4569
HA|PP755589.1|A/cattle/Texas/24-008749-003/2024(H5N1)	1064	4560
HA|PP755589.1|A/cattle/Texas/24-008749-003/2024(H5N1)	1065	4561
HA|PP755589.1|A/cattle/Texas/24-008749-003/2024(H5N1)	1066	4577
HA|PP755589.1|A/cattle/Texas/24-008749-003/2024(H5N1)	1067	4192
HA|PP755589.1|A/cattle/Texas/24-008749-003/2024(H5N1)	1068	4184
HA|PP755589.1|A/cattle/Texas/24-008749-003/2024(H5N1)	1069	4197
HA|PP755589.1|A/cattle/Texas/24-008749-003/2024(H5N1)	1070	4199
HA|PP755589.1|A/cattle/Texas/24-008749-003/2024(H5N1)	1071	4185
HA|PP755589.1|A/cattle/Texas/24-008749-003/2024(H5N1)	1072	4156
HA|PP755589.1|A/cattle/Texas/24-008749-003/2024(H5N1)	1073	4159
HA|PP755589.1|A/cattle/Texas/24-008749-003/2024(H5N1)	1074	4178
HA|PP755589.1|A/cattle/Texas/24-008749-003/2024(H5N1)	1075	4198
HA|PP755589.1|A/cattle/Texas/24-008749-003/2024(H5N1)	1076	4210
HA|PP755589.1|A/cattle/Texas/24-008749-003/2024(H5N1)	1077	3867
HA|PP755589.1|A/cattle/Texas/24-008749-003/2024(H5N1)	1078	3847
HA|PP755589.1|A/cattle/Texas/24-008749-003/2024(H5N1)	1079	3828
HA|PP755589.1|A/cattle/Texas/24-008749-003/2024(H5N1)	1080	3845
HA|PP755589.1|A/cattle/Texas/24-008749-003/2024(H5N1)	1081	3863
HA|PP755589.1|A/cattle/Texas/24-008749-003/2024(H5N1)	1082	3878
HA|PP755589.1|A/cattle/Texas/24-008749-003/2024(H5N1)	1083	3868
HA|PP755589.1|A/cattle/Texas/24-008749-003/2024(H5N1)	1084	3766
HA|PP755589.1|A/cattle/Texas/24-008749-003/2024(H5N1)	1085	3754
HA|PP755589.1|A/cattle/Texas/24-008749-003/2024(H5N1)	1086	3822
HA|PP755589.1|A/cattle/Texas/24-008749-003/2024(H5N1)	1087	3861
HA|PP755589.1|A/cattle/Texas/24-008749-003/2024(H5N1)	1088	3862
HA|PP755589.1|A/cattle/Texas/24-008749-003/2024(H5N1)	1089	3858
HA|PP755589.1|A/cattle/Texas/24-008749-003/2024(H5N1)	1090	3847
HA|PP755589.1|A/cattle/Texas/24-008749-003/2024(H5N1)	1091	3959
HA|PP755589.1|A/cattle/Texas/24-008749-003/2024(H5N1)	1092	3774
HA|PP755589.1|A/cattle/Texas/24-008749-003/2024(H5N1)	1093	3819
HA|PP755589.1|A/cattle/Texas/24-008749-003/2024(H5N1)	1094	3816
HA|PP755589.1|A/cattle/Texas/24-008749-003/2024(H5N1)	1095	3763
HA|PP755589.1|A/cattle/Texas/24-008749-003/2024(H5N1)	1096	3734
HA|PP755589.1|A/cattle/Texas/24-008749-003/2024(H5N1)	1097	3801
HA|PP755589.1|A/cattle/Texas/24-008749-003/2024(H5N1)	1098	3860
HA|PP755589.1|A/cattle/Texas/24-008749-003/2024(H5N1)	1099	3920
HA|PP755589.1|A/cattle/Texas/24-008749-003/2024(H5N1)	1100	3941
HA|PP755589.1|A/cattle/Texas/24-008749-003/2024(H5N1)	1101	3939
HA|PP755589.1|A/cattle/Texas/24-008749-003/2024(H5N1)	1102	4021
HA|PP755589.1|A/cattle/Texas/24-008749-003/2024(H5N1)	1103	4082
HA|PP755589.1|A/cattle/Texas/24-008749-003/2024(H5N1)	1104	4064
HA|PP755589.1|A/cattle/Texas/24-008749-003/2024(H5N1)	1105	4034
HA|PP755589.1|A/cattle/Texas/24-008749-003/2024(H5N1)	1106	3989
HA|PP755589.1|A/cattle/Texas/24-008749-003/2024(H5N1)	1107	4015
HA|PP755589.1|A/cattle/Texas/24-008749-003/2024(H5N1)	1108	4038
HA|PP755589.1|A/cattle/Texas/24-008749-003/2024(H5N1)	1109	4045
HA|PP755589.1|A/cattle/Texas/24-008749-003/2024(H5N1)	1110	4190
HA|PP755589.1|A/cattle/Texas/24-008749-003/2024(H5N1)	1111	4099
HA|PP755589.1|A/cattle/Texas/24-008749-003/2024(H5N1)	1112	4046
HA|PP755589.1|A/cattle/Texas/24-008749-003/2024(H5N1)	1113	4063
HA|PP755589.1|A/cattle/Texas/24-008749-003/2024(H5N1)	1114	4056
HA|PP755589.1|A/cattle/Texas/24-008749-003/2024(H5N1)	1115	4154
HA|PP755589.1|A/cattle/Texas/24-008749-003/2024(H5N1)	1116	4138
HA|PP755589.1|A/cattle/Texas/24-008749-003/2024(H5N1)	1117	4124
HA|PP755589.1|A/cattle/Texas/24-008749-003/2024(H5N1)	1118	4121
HA|PP755589.1|A/cattle/Texas/24-008749-003/2024(H5N1)	1119	4063
HA|PP755589.1|A/cattle/Texas/24-008749-003/2024(H5N1)	1120	4338
HA|PP755589.1|A/cattle/Texas/24-008749-003/2024(H5N1)	1121	4746
HA|PP755589.1|A/cattle/Texas/24-008749-003/2024(H5N1)	1122	4830
HA|PP755589.1|A/cattle/Texas/24-008749-003/2024(H5N1)	1123	4837
HA|PP755589.1|A/cattle/Texas/24-008749-003/2024(H5N1)	1124	4768
HA|PP755589.1|A/cattle/Texas/24-008749-003/2024(H5N1)	1125	4897
HA|PP755589.1|A/cattle/Texas/24-008749-003/2024(H5N1)	1126	4926
HA|PP755589.1|A/cattle/Texas/24-008749-003/2024(H5N1)	1127	5037
HA|PP755589.1|A/cattle/Texas/24-008749-003/2024(H5N1)	1128	5046
HA|PP755589.1|A/cattle/Texas/24-008749-003/2024(H5N1)	1129	4892
HA|PP755589.1|A/cattle/Texas/24-008749-003/2024(H5N1)	1130	4990
HA|PP755589.1|A/cattle/Texas/24-008749-003/2024(H5N1)	1131	4983
HA|PP755589.1|A/cattle/Texas/24-008749-003/2024(H5N1)	1132	5061
HA|PP755589.1|A/cattle/Texas/24-008749-003/2024(H5N1)	1133	5155
HA|PP755589.1|A/cattle/Texas/24-008749-003/2024(H5N1)	1134	5224
HA|PP755589.1|A/cattle/Texas/24-008749-003/2024(H5N1)	1135	5147
HA|PP755589.1|A/cattle/Texas/24-008749-003/2024(H5N1)	1136	5130
HA|PP755589.1|A/cattle/Texas/24-008749-003/2024(H5N1)	1137	5113
HA|PP755589.1|A/cattle/Texas/24-008749-003/2024(H5N1)	1138	5168
HA|PP755589.1|A/cattle/Texas/24-008749-003/2024(H5N1)	1139	5193
HA|PP755589.1|A/cattle/Texas/24-008749-003/2024(H5N1)	1140	5132
HA|PP755589.1|A/cattle/Texas/24-008749-003/2024(H5N1)	1141	5133
HA|PP755589.1|A/cattle/Texas/24-008749-003/2024(H5N1)	1142	5111
HA|PP755589.1|A/cattle/Texas/24-008749-003/2024(H5N1)	1143	5072
HA|PP755589.1|A/cattle/Texas/24-008749-003/2024(H5N1)	1144	5149
HA|PP755589.1|A/cattle/Texas/24-008749-003/2024(H5N1)	1145	5140
HA|PP755589.1|A/cattle/Texas/24-008749-003/2024(H5N1)	1146	5188
HA|PP755589.1|A/cattle/Texas/24-008749-003/2024(H5N1)	1147	5163
HA|PP755589.1|A/cattle/Texas/24-008749-003/2024(H5N1)	1148	5157
HA|PP755589.1|A/cattle/Texas/24-008749-003/2024(H5N1)	1149	5156
HA|PP755589.1|A/cattle/Texas/24-008749-003/2024(H5N1)	1150	5169
HA|PP755589.1|A/cattle/Texas/24-008749-003/2024(H5N1)	1151	5182
HA|PP755589.1|A/cattle/Texas/24-008749-003/2024(H5N1)	1152	5120
HA|PP755589.1|A/cattle/Texas/24-008749-003/2024(H5N1)	1153	5117
HA|PP755589.1|A/cattle/Texas/24-008749-003/2024(H5N1)	1154	5133
HA|PP755589.1|A/cattle/Texas/24-008749-003/2024(H5N1)	1155	5108
HA|PP755589.1|A/cattle/Texas/24-008749-003/2024(H5N1)	1156	5183
HA|PP755589.1|A/cattle/Texas/24-008749-003/2024(H5N1)	1157	5270
HA|PP755589.1|A/cattle/Texas/24-008749-003/2024(H5N1)	1158	5281
HA|PP755589.1|A/cattle/Texas/24-008749-003/2024(H5N1)	1159	5243
HA|PP755589.1|A/cattle/Texas/24-008749-003/2024(H5N1)	1160	5239
HA|PP755589.1|A/cattle/Texas/24-008749-003/2024(H5N1)	1161	5234
HA|PP755589.1|A/cattle/Texas/24-008749-003/2024(H5N1)	1162	5234
HA|PP755589.1|A/cattle/Texas/24-008749-003/2024(H5N1)	1163	5294
HA|PP755589.1|A/cattle/Texas/24-008749-003/2024(H5N1)	1164	5359
HA|PP755589.1|A/cattle/Texas/24-008749-003/2024(H5N1)	1165	5558
HA|PP755589.1|A/cattle/Texas/24-008749-003/2024(H5N1)	1166	5523
HA|PP755589.1|A/cattle/Texas/24-008749-003/2024(H5N1)	1167	5505
HA|PP755589.1|A/cattle/Texas/24-008749-003/2024(H5N1)	1168	5543
HA|PP755589.1|A/cattle/Texas/24-008749-003/2024(H5N1)	1169	5769
HA|PP755589.1|A/cattle/Texas/24-008749-003/2024(H5N1)	1170	5787
HA|PP755589.1|A/cattle/Texas/24-008749-003/2024(H5N1)	1171	5795
HA|PP755589.1|A/cattle/Texas/24-008749-003/2024(H5N1)	1172	5958
HA|PP755589.1|A/cattle/Texas/24-008749-003/2024(H5N1)	1173	5926
HA|PP755589.1|A/cattle/Texas/24-008749-003/2024(H5N1)	1174	5951
HA|PP755589.1|A/cattle/Texas/24-008749-003/2024(H5N1)	1175	6035
HA|PP755589.1|A/cattle/Texas/24-008749-003/2024(H5N1)	1176	6014
HA|PP755589.1|A/cattle/Texas/24-008749-003/2024(H5N1)	1177	6056
HA|PP755589.1|A/cattle/Texas/24-008749-003/2024(H5N1)	1178	6078
HA|PP755589.1|A/cattle/Texas/24-008749-003/2024(H5N1)	1179	6063
HA|PP755589.1|A/cattle/Texas/24-008749-003/2024(H5N1)	1180	6072
HA|PP755589.1|A/cattle/Texas/24-008749-003/2024(H5N1)	1181	6202
HA|PP755589.1|A/cattle/Texas/24-008749-003/2024(H5N1)	1182	6231
HA|PP755589.1|A/cattle/Texas/24-008749-003/2024(H5N1)	1183	6240
HA|PP755589.1|A/cattle/Texas/24-008749-003/2024(H5N1)	1184	6231
HA|PP755589.1|A/cattle/Texas/24-008749-003/2024(H5N1)	1185	6302
HA|PP755589.1|A/cattle/Texas/24-008749-003/2024(H5N1)	1186	6312
HA|PP755589.1|A/cattle/Texas/24-008749-003/2024(H5N1)	1187	6267
HA|PP755589.1|A/cattle/Texas/24-008749-003/2024(H5N1)	1188	6422
HA|PP755589.1|A/cattle/Texas/24-008749-003/2024(H5N1)	1189	6429
HA|PP755589.1|A/cattle/Texas/24-008749-003/2024(H5N1)	1190	6378
HA|PP755589.1|A/cattle/Texas/24-008749-003/2024(H5N1)	1191	6246
HA|PP755589.1|A/cattle/Texas/24-008749-003/2024(H5N1)	1192	6243
HA|PP755589.1|A/cattle/Texas/24-008749-003/2024(H5N1)	1193	6359
HA|PP755589.1|A/cattle/Texas/24-008749-003/2024(H5N1)	1194	6396
HA|PP755589.1|A/cattle/Texas/24-008749-003/2024(H5N1)	1195	6391
HA|PP755589.1|A/cattle/Texas/24-008749-003/2024(H5N1)	1196	6397
HA|PP755589.1|A/cattle/Texas/24-008749-003/2024(H5N1)	1197	6308
HA|PP755589.1|A/cattle/Texas/24-008749-003/2024(H5N1)	1198	6357
HA|PP755589.1|A/cattle/Texas/24-008749-003/2024(H5N1)	1199	6357
HA|PP755589.1|A/cattle/Texas/24-008749-003/2024(H5N1)	1200	6382
HA|PP755589.1|A/cattle/Texas/24-008749-003/2024(H5N1)	1201	6377
HA|PP755589.1|A/cattle/Texas/24-008749-003/2024(H5N1)	1202	6280
HA|PP755589.1|A/cattle/Texas/24-008749-003/2024(H5N1)	1203	6279
HA|PP755589.1|A/cattle/Texas/24-008749-003/2024(H5N1)	1204	6291
HA|PP755589.1|A/cattle/Texas/24-008749-003/2024(H5N1)	1205	6337
HA|PP755589.1|A/cattle/Texas/24-008749-003/2024(H5N1)	1206	6347
HA|PP755589.1|A/cattle/Texas/24-008749-003/2024(H5N1)	1207	6315
HA|PP755589.1|A/cattle/Texas/24-008749-003/2024(H5N1)	1208	6192
HA|PP755589.1|A/cattle/Texas/24-008749-003/2024(H5N1)	1209	5956
HA|PP755589.1|A/cattle/Texas/24-008749-003/2024(H5N1)	1210	5995
HA|PP755589.1|A/cattle/Texas/24-008749-003/2024(H5N1)	1211	6020
HA|PP755589.1|A/cattle/Texas/24-008749-003/2024(H5N1)	1212	6020
HA|PP755589.1|A/cattle/Texas/24-008749-003/2024(H5N1)	1213	6159
HA|PP755589.1|A/cattle/Texas/24-008749-003/2024(H5N1)	1214	6146
HA|PP755589.1|A/cattle/Texas/24-008749-003/2024(H5N1)	1215	6203
HA|PP755589.1|A/cattle/Texas/24-008749-003/2024(H5N1)	1216	6203
HA|PP755589.1|A/cattle/Texas/24-008749-003/2024(H5N1)	1217	6282
HA|PP755589.1|A/cattle/Texas/24-008749-003/2024(H5N1)	1218	6260
HA|PP755589.1|A/cattle/Texas/24-008749-003/2024(H5N1)	1219	6300
HA|PP755589.1|A/cattle/Texas/24-008749-003/2024(H5N1)	1220	6303
HA|PP755589.1|A/cattle/Texas/24-008749-003/2024(H5N1)	1221	6427
HA|PP755589.1|A/cattle/Texas/24-008749-003/2024(H5N1)	1222	6427
HA|PP755589.1|A/cattle/Texas/24-008749-003/2024(H5N1)	1223	6397
HA|PP755589.1|A/cattle/Texas/24-008749-003/2024(H5N1)	1224	6366
HA|PP755589.1|A/cattle/Texas/24-008749-003/2024(H5N1)	1225	6364
HA|PP755589.1|A/cattle/Texas/24-008749-003/2024(H5N1)	1226	6324
HA|PP755589.1|A/cattle/Texas/24-008749-003/2024(H5N1)	1227	6310
HA|PP755589.1|A/cattle/Texas/24-008749-003/2024(H5N1)	1228	6290
HA|PP755589.1|A/cattle/Texas/24-008749-003/2024(H5N1)	1229	6369
HA|PP755589.1|A/cattle/Texas/24-008749-003/2024(H5N1)	1230	6308
HA|PP755589.1|A/cattle/Texas/24-008749-003/2024(H5N1)	1231	6550
HA|PP755589.1|A/cattle/Texas/24-008749-003/2024(H5N1)	1232	6581
HA|PP755589.1|A/cattle/Texas/24-008749-003/2024(H5N1)	1233	6587
HA|PP755589.1|A/cattle/Texas/24-008749-003/2024(H5N1)	1234	6605
HA|PP755589.1|A/cattle/Texas/24-008749-003/2024(H5N1)	1235	6638
HA|PP755589.1|A/cattle/Texas/24-008749-003/2024(H5N1)	1236	6694
HA|PP755589.1|A/cattle/Texas/24-008749-003/2024(H5N1)	1237	6606
HA|PP755589.1|A/cattle/Texas/24-008749-003/2024(H5N1)	1238	6552
HA|PP755589.1|A/cattle/Texas/24-008749-003/2024(H5N1)	1239	6602
HA|PP755589.1|A/cattle/Texas/24-008749-003/2024(H5N1)	1240	6694
HA|PP755589.1|A/cattle/Texas/24-008749-003/2024(H5N1)	1241	6519
HA|PP755589.1|A/cattle/Texas/24-008749-003/2024(H5N1)	1242	6601
HA|PP755589.1|A/cattle/Texas/24-008749-003/2024(H5N1)	1243	6627
HA|PP755589.1|A/cattle/Texas/24-008749-003/2024(H5N1)	1244	6600
HA|PP755589.1|A/cattle/Texas/24-008749-003/2024(H5N1)	1245	6676
HA|PP755589.1|A/cattle/Texas/24-008749-003/2024(H5N1)	1246	6680
HA|PP755589.1|A/cattle/Texas/24-008749-003/2024(H5N1)	1247	6673
HA|PP755589.1|A/cattle/Texas/24-008749-003/2024(H5N1)	1248	6601
HA|PP755589.1|A/cattle/Texas/24-008749-003/2024(H5N1)	1249	6478
HA|PP755589.1|A/cattle/Texas/24-008749-003/2024(H5N1)	1250	6538
HA|PP755589.1|A/cattle/Texas/24-008749-003/2024(H5N1)	1251	6475
HA|PP755589.1|A/cattle/Texas/24-008749-003/2024(H5N1)	1252	6465
HA|PP755589.1|A/cattle/Texas/24-008749-003/2024(H5N1)	1253	6469
HA|PP755589.1|A/cattle/Texas/24-008749-003/2024(H5N1)	1254	6399
HA|PP755589.1|A/cattle/Texas/24-008749-003/2024(H5N1)	1255	6423
HA|PP755589.1|A/cattle/Texas/24-008749-003/2024(H5N1)	1256	6671
HA|PP755589.1|A/cattle/Texas/24-008749-003/2024(H5N1)	1257	6697
HA|PP755589.1|A/cattle/Texas/24-008749-003/2024(H5N1)	1258	6646
HA|PP755589.1|A/cattle/Texas/24-008749-003/2024(H5N1)	1259	6648
HA|PP755589.1|A/cattle/Texas/24-008749-003/2024(H5N1)	1260	6666
HA|PP755589.1|A/cattle/Texas/24-008749-003/2024(H5N1)	1261	6521
HA|PP755589.1|A/cattle/Texas/24-008749-003/2024(H5N1)	1262	6634
HA|PP755589.1|A/cattle/Texas/24-008749-003/2024(H5N1)	1263	7025
HA|PP755589.1|A/cattle/Texas/24-008749-003/2024(H5N1)	1264	7078
HA|PP755589.1|A/cattle/Texas/24-008749-003/2024(H5N1)	1265	6906
HA|PP755589.1|A/cattle/Texas/24-008749-003/2024(H5N1)	1266	6717
HA|PP755589.1|A/cattle/Texas/24-008749-003/2024(H5N1)	1267	6641
HA|PP755589.1|A/cattle/Texas/24-008749-003/2024(H5N1)	1268	6622
HA|PP755589.1|A/cattle/Texas/24-008749-003/2024(H5N1)	1269	6648
HA|PP755589.1|A/cattle/Texas/24-008749-003/2024(H5N1)	1270	6925
HA|PP755589.1|A/cattle/Texas/24-008749-003/2024(H5N1)	1271	6621
HA|PP755589.1|A/cattle/Texas/24-008749-003/2024(H5N1)	1272	6615
HA|PP755589.1|A/cattle/Texas/24-008749-003/2024(H5N1)	1273	6541
HA|PP755589.1|A/cattle/Texas/24-008749-003/2024(H5N1)	1274	6667
HA|PP755589.1|A/cattle/Texas/24-008749-003/2024(H5N1)	1275	6687
HA|PP755589.1|A/cattle/Texas/24-008749-003/2024(H5N1)	1276	6563
HA|PP755589.1|A/cattle/Texas/24-008749-003/2024(H5N1)	1277	6545
HA|PP755589.1|A/cattle/Texas/24-008749-003/2024(H5N1)	1278	6384
HA|PP755589.1|A/cattle/Texas/24-008749-003/2024(H5N1)	1279	6634
HA|PP755589.1|A/cattle/Texas/24-008749-003/2024(H5N1)	1280	6662
HA|PP755589.1|A/cattle/Texas/24-008749-003/2024(H5N1)	1281	6595
HA|PP755589.1|A/cattle/Texas/24-008749-003/2024(H5N1)	1282	6579
HA|PP755589.1|A/cattle/Texas/24-008749-003/2024(H5N1)	1283	6504
HA|PP755589.1|A/cattle/Texas/24-008749-003/2024(H5N1)	1284	6406
HA|PP755589.1|A/cattle/Texas/24-008749-003/2024(H5N1)	1285	6334
HA|PP755589.1|A/cattle/Texas/24-008749-003/2024(H5N1)	1286	6402
HA|PP755589.1|A/cattle/Texas/24-008749-003/2024(H5N1)	1287	6384
HA|PP755589.1|A/cattle/Texas/24-008749-003/2024(H5N1)	1288	6477
HA|PP755589.1|A/cattle/Texas/24-008749-003/2024(H5N1)	1289	6435
HA|PP755589.1|A/cattle/Texas/24-008749-003/2024(H5N1)	1290	6415
HA|PP755589.1|A/cattle/Texas/24-008749-003/2024(H5N1)	1291	6424
HA|PP755589.1|A/cattle/Texas/24-008749-003/2024(H5N1)	1292	6477
HA|PP755589.1|A/cattle/Texas/24-008749-003/2024(H5N1)	1293	6610
HA|PP755589.1|A/cattle/Texas/24-008749-003/2024(H5N1)	1294	6608
HA|PP755589.1|A/cattle/Texas/24-008749-003/2024(H5N1)	1295	6594
HA|PP755589.1|A/cattle/Texas/24-008749-003/2024(H5N1)	1296	6625
HA|PP755589.1|A/cattle/Texas/24-008749-003/2024(H5N1)	1297	6550
HA|PP755589.1|A/cattle/Texas/24-008749-003/2024(H5N1)	1298	6632
HA|PP755589.1|A/cattle/Texas/24-008749-003/2024(H5N1)	1299	6672
HA|PP755589.1|A/cattle/Texas/24-008749-003/2024(H5N1)	1300	6612
HA|PP755589.1|A/cattle/Texas/24-008749-003/2024(H5N1)	1301	6604
HA|PP755589.1|A/cattle/Texas/24-008749-003/2024(H5N1)	1302	6605
HA|PP755589.1|A/cattle/Texas/24-008749-003/2024(H5N1)	1303	6604
HA|PP755589.1|A/cattle/Texas/24-008749-003/2024(H5N1)	1304	6618
HA|PP755589.1|A/cattle/Texas/24-008749-003/2024(H5N1)	1305	6747
HA|PP755589.1|A/cattle/Texas/24-008749-003/2024(H5N1)	1306	6904
HA|PP755589.1|A/cattle/Texas/24-008749-003/2024(H5N1)	1307	6809
HA|PP755589.1|A/cattle/Texas/24-008749-003/2024(H5N1)	1308	6723
HA|PP755589.1|A/cattle/Texas/24-008749-003/2024(H5N1)	1309	6705
HA|PP755589.1|A/cattle/Texas/24-008749-003/2024(H5N1)	1310	6735
HA|PP755589.1|A/cattle/Texas/24-008749-003/2024(H5N1)	1311	6850
HA|PP755589.1|A/cattle/Texas/24-008749-003/2024(H5N1)	1312	6863
HA|PP755589.1|A/cattle/Texas/24-008749-003/2024(H5N1)	1313	6872
HA|PP755589.1|A/cattle/Texas/24-008749-003/2024(H5N1)	1314	6912
HA|PP755589.1|A/cattle/Texas/24-008749-003/2024(H5N1)	1315	6792
HA|PP755589.1|A/cattle/Texas/24-008749-003/2024(H5N1)	1316	6832
HA|PP755589.1|A/cattle/Texas/24-008749-003/2024(H5N1)	1317	6836
HA|PP755589.1|A/cattle/Texas/24-008749-003/2024(H5N1)	1318	6833
HA|PP755589.1|A/cattle/Texas/24-008749-003/2024(H5N1)	1319	6943
HA|PP755589.1|A/cattle/Texas/24-008749-003/2024(H5N1)	1320	6703
HA|PP755589.1|A/cattle/Texas/24-008749-003/2024(H5N1)	1321	6692
HA|PP755589.1|A/cattle/Texas/24-008749-003/2024(H5N1)	1322	6649
HA|PP755589.1|A/cattle/Texas/24-008749-003/2024(H5N1)	1323	6447
HA|PP755589.1|A/cattle/Texas/24-008749-003/2024(H5N1)	1324	6463
HA|PP755589.1|A/cattle/Texas/24-008749-003/2024(H5N1)	1325	6462
HA|PP755589.1|A/cattle/Texas/24-008749-003/2024(H5N1)	1326	6409
HA|PP755589.1|A/cattle/Texas/24-008749-003/2024(H5N1)	1327	6479
HA|PP755589.1|A/cattle/Texas/24-008749-003/2024(H5N1)	1328	6419
HA|PP755589.1|A/cattle/Texas/24-008749-003/2024(H5N1)	1329	6508
HA|PP755589.1|A/cattle/Texas/24-008749-003/2024(H5N1)	1330	6352
HA|PP755589.1|A/cattle/Texas/24-008749-003/2024(H5N1)	1331	6355
HA|PP755589.1|A/cattle/Texas/24-008749-003/2024(H5N1)	1332	6356
HA|PP755589.1|A/cattle/Texas/24-008749-003/2024(H5N1)	1333	6345
HA|PP755589.1|A/cattle/Texas/24-008749-003/2024(H5N1)	1334	6419
HA|PP755589.1|A/cattle/Texas/24-008749-003/2024(H5N1)	1335	6549
HA|PP755589.1|A/cattle/Texas/24-008749-003/2024(H5N1)	1336	6486
HA|PP755589.1|A/cattle/Texas/24-008749-003/2024(H5N1)	1337	6554
HA|PP755589.1|A/cattle/Texas/24-008749-003/2024(H5N1)	1338	6423
HA|PP755589.1|A/cattle/Texas/24-008749-003/2024(H5N1)	1339	6430
HA|PP755589.1|A/cattle/Texas/24-008749-003/2024(H5N1)	1340	6435
HA|PP755589.1|A/cattle/Texas/24-008749-003/2024(H5N1)	1341	6436
HA|PP755589.1|A/cattle/Texas/24-008749-003/2024(H5N1)	1342	6470
HA|PP755589.1|A/cattle/Texas/24-008749-003/2024(H5N1)	1343	6462
HA|PP755589.1|A/cattle/Texas/24-008749-003/2024(H5N1)	1344	6366
HA|PP755589.1|A/cattle/Texas/24-008749-003/2024(H5N1)	1345	6470
HA|PP755589.1|A/cattle/Texas/24-008749-003/2024(H5N1)	1346	6484
HA|PP755589.1|A/cattle/Texas/24-008749-003/2024(H5N1)	1347	6543
HA|PP755589.1|A/cattle/Texas/24-008749-003/2024(H5N1)	1348	6544
HA|PP755589.1|A/cattle/Texas/24-008749-003/2024(H5N1)	1349	6491
HA|PP755589.1|A/cattle/Texas/24-008749-003/2024(H5N1)	1350	6491
HA|PP755589.1|A/cattle/Texas/24-008749-003/2024(H5N1)	1351	6458
HA|PP755589.1|A/cattle/Texas/24-008749-003/2024(H5N1)	1352	6510
HA|PP755589.1|A/cattle/Texas/24-008749-003/2024(H5N1)	1353	6585
HA|PP755589.1|A/cattle/Texas/24-008749-003/2024(H5N1)	1354	6617
HA|PP755589.1|A/cattle/Texas/24-008749-003/2024(H5N1)	1355	6765
HA|PP755589.1|A/cattle/Texas/24-008749-003/2024(H5N1)	1356	6703
HA|PP755589.1|A/cattle/Texas/24-008749-003/2024(H5N1)	1357	6757
HA|PP755589.1|A/cattle/Texas/24-008749-003/2024(H5N1)	1358	6759
HA|PP755589.1|A/cattle/Texas/24-008749-003/2024(H5N1)	1359	6773
HA|PP755589.1|A/cattle/Texas/24-008749-003/2024(H5N1)	1360	6731
HA|PP755589.1|A/cattle/Texas/24-008749-003/2024(H5N1)	1361	6818
HA|PP755589.1|A/cattle/Texas/24-008749-003/2024(H5N1)	1362	6836
HA|PP755589.1|A/cattle/Texas/24-008749-003/2024(H5N1)	1363	6809
HA|PP755589.1|A/cattle/Texas/24-008749-003/2024(H5N1)	1364	6909
HA|PP755589.1|A/cattle/Texas/24-008749-003/2024(H5N1)	1365	6888
HA|PP755589.1|A/cattle/Texas/24-008749-003/2024(H5N1)	1366	6881
HA|PP755589.1|A/cattle/Texas/24-008749-003/2024(H5N1)	1367	6875
HA|PP755589.1|A/cattle/Texas/24-008749-003/2024(H5N1)	1368	6803
HA|PP755589.1|A/cattle/Texas/24-008749-003/2024(H5N1)	1369	6799
HA|PP755589.1|A/cattle/Texas/24-008749-003/2024(H5N1)	1370	6969
HA|PP755589.1|A/cattle/Texas/24-008749-003/2024(H5N1)	1371	7061
HA|PP755589.1|A/cattle/Texas/24-008749-003/2024(H5N1)	1372	6925
HA|PP755589.1|A/cattle/Texas/24-008749-003/2024(H5N1)	1373	6977
HA|PP755589.1|A/cattle/Texas/24-008749-003/2024(H5N1)	1374	6967
HA|PP755589.1|A/cattle/Texas/24-008749-003/2024(H5N1)	1375	6995
HA|PP755589.1|A/cattle/Texas/24-008749-003/2024(H5N1)	1376	7161
HA|PP755589.1|A/cattle/Texas/24-008749-003/2024(H5N1)	1377	7157
HA|PP755589.1|A/cattle/Texas/24-008749-003/2024(H5N1)	1378	7237
HA|PP755589.1|A/cattle/Texas/24-008749-003/2024(H5N1)	1379	7237
HA|PP755589.1|A/cattle/Texas/24-008749-003/2024(H5N1)	1380	7221
HA|PP755589.1|A/cattle/Texas/24-008749-003/2024(H5N1)	1381	7212
HA|PP755589.1|A/cattle/Texas/24-008749-003/2024(H5N1)	1382	6963
HA|PP755589.1|A/cattle/Texas/24-008749-003/2024(H5N1)	1383	6953
HA|PP755589.1|A/cattle/Texas/24-008749-003/2024(H5N1)	1384	6982
HA|PP755589.1|A/cattle/Texas/24-008749-003/2024(H5N1)	1385	6965
HA|PP755589.1|A/cattle/Texas/24-008749-003/2024(H5N1)	1386	7037
HA|PP755589.1|A/cattle/Texas/24-008749-003/2024(H5N1)	1387	7031
HA|PP755589.1|A/cattle/Texas/24-008749-003/2024(H5N1)	1388	6981
HA|PP755589.1|A/cattle/Texas/24-008749-003/2024(H5N1)	1389	6980
HA|PP755589.1|A/cattle/Texas/24-008749-003/2024(H5N1)	1390	6976
HA|PP755589.1|A/cattle/Texas/24-008749-003/2024(H5N1)	1391	6877
HA|PP755589.1|A/cattle/Texas/24-008749-003/2024(H5N1)	1392	6834
HA|PP755589.1|A/cattle/Texas/24-008749-003/2024(H5N1)	1393	6828
HA|PP755589.1|A/cattle/Texas/24-008749-003/2024(H5N1)	1394	6870
HA|PP755589.1|A/cattle/Texas/24-008749-003/2024(H5N1)	1395	6839
HA|PP755589.1|A/cattle/Texas/24-008749-003/2024(H5N1)	1396	6742
HA|PP755589.1|A/cattle/Texas/24-008749-003/2024(H5N1)	1397	6758
HA|PP755589.1|A/cattle/Texas/24-008749-003/2024(H5N1)	1398	6986
HA|PP755589.1|A/cattle/Texas/24-008749-003/2024(H5N1)	1399	7006
HA|PP755589.1|A/cattle/Texas/24-008749-003/2024(H5N1)	1400	7008
HA|PP755589.1|A/cattle/Texas/24-008749-003/2024(H5N1)	1401	6887
HA|PP755589.1|A/cattle/Texas/24-008749-003/2024(H5N1)	1402	6877
HA|PP755589.1|A/cattle/Texas/24-008749-003/2024(H5N1)	1403	7267
HA|PP755589.1|A/cattle/Texas/24-008749-003/2024(H5N1)	1404	7289
HA|PP755589.1|A/cattle/Texas/24-008749-003/2024(H5N1)	1405	7310
HA|PP755589.1|A/cattle/Texas/24-008749-003/2024(H5N1)	1406	7291
HA|PP755589.1|A/cattle/Texas/24-008749-003/2024(H5N1)	1407	7067
HA|PP755589.1|A/cattle/Texas/24-008749-003/2024(H5N1)	1408	7052
HA|PP755589.1|A/cattle/Texas/24-008749-003/2024(H5N1)	1409	7041
HA|PP755589.1|A/cattle/Texas/24-008749-003/2024(H5N1)	1410	7282
HA|PP755589.1|A/cattle/Texas/24-008749-003/2024(H5N1)	1411	7362
HA|PP755589.1|A/cattle/Texas/24-008749-003/2024(H5N1)	1412	6947
HA|PP755589.1|A/cattle/Texas/24-008749-003/2024(H5N1)	1413	6951
HA|PP755589.1|A/cattle/Texas/24-008749-003/2024(H5N1)	1414	6872
HA|PP755589.1|A/cattle/Texas/24-008749-003/2024(H5N1)	1415	6878
HA|PP755589.1|A/cattle/Texas/24-008749-003/2024(H5N1)	1416	6983
HA|PP755589.1|A/cattle/Texas/24-008749-003/2024(H5N1)	1417	6989
HA|PP755589.1|A/cattle/Texas/24-008749-003/2024(H5N1)	1418	6993
HA|PP755589.1|A/cattle/Texas/24-008749-003/2024(H5N1)	1419	6733
HA|PP755589.1|A/cattle/Texas/24-008749-003/2024(H5N1)	1420	6662
HA|PP755589.1|A/cattle/Texas/24-008749-003/2024(H5N1)	1421	6953
HA|PP755589.1|A/cattle/Texas/24-008749-003/2024(H5N1)	1422	6966
HA|PP755589.1|A/cattle/Texas/24-008749-003/2024(H5N1)	1423	6982
HA|PP755589.1|A/cattle/Texas/24-008749-003/2024(H5N1)	1424	6986
HA|PP755589.1|A/cattle/Texas/24-008749-003/2024(H5N1)	1425	6839
HA|PP755589.1|A/cattle/Texas/24-008749-003/2024(H5N1)	1426	6824
HA|PP755589.1|A/cattle/Texas/24-008749-003/2024(H5N1)	1427	6823
HA|PP755589.1|A/cattle/Texas/24-008749-003/2024(H5N1)	1428	6894
HA|PP755589.1|A/cattle/Texas/24-008749-003/2024(H5N1)	1429	6964
HA|PP755589.1|A/cattle/Texas/24-008749-003/2024(H5N1)	1430	6670
HA|PP755589.1|A/cattle/Texas/24-008749-003/2024(H5N1)	1431	6673
HA|PP755589.1|A/cattle/Texas/24-008749-003/2024(H5N1)	1432	6688
HA|PP755589.1|A/cattle/Texas/24-008749-003/2024(H5N1)	1433	6789
HA|PP755589.1|A/cattle/Texas/24-008749-003/2024(H5N1)	1434	6843
HA|PP755589.1|A/cattle/Texas/24-008749-003/2024(H5N1)	1435	6978
HA|PP755589.1|A/cattle/Texas/24-008749-003/2024(H5N1)	1436	6956
HA|PP755589.1|A/cattle/Texas/24-008749-003/2024(H5N1)	1437	6878
HA|PP755589.1|A/cattle/Texas/24-008749-003/2024(H5N1)	1438	6937
HA|PP755589.1|A/cattle/Texas/24-008749-003/2024(H5N1)	1439	6933
HA|PP755589.1|A/cattle/Texas/24-008749-003/2024(H5N1)	1440	6912
HA|PP755589.1|A/cattle/Texas/24-008749-003/2024(H5N1)	1441	6918
HA|PP755589.1|A/cattle/Texas/24-008749-003/2024(H5N1)	1442	6929
HA|PP755589.1|A/cattle/Texas/24-008749-003/2024(H5N1)	1443	6864
HA|PP755589.1|A/cattle/Texas/24-008749-003/2024(H5N1)	1444	6878
HA|PP755589.1|A/cattle/Texas/24-008749-003/2024(H5N1)	1445	6919
HA|PP755589.1|A/cattle/Texas/24-008749-003/2024(H5N1)	1446	6919
HA|PP755589.1|A/cattle/Texas/24-008749-003/2024(H5N1)	1447	6944
HA|PP755589.1|A/cattle/Texas/24-008749-003/2024(H5N1)	1448	6952
HA|PP755589.1|A/cattle/Texas/24-008749-003/2024(H5N1)	1449	6844
HA|PP755589.1|A/cattle/Texas/24-008749-003/2024(H5N1)	1450	6847
HA|PP755589.1|A/cattle/Texas/24-008749-003/2024(H5N1)	1451	6840
HA|PP755589.1|A/cattle/Texas/24-008749-003/2024(H5N1)	1452	6893
HA|PP755589.1|A/cattle/Texas/24-008749-003/2024(H5N1)	1453	6908
HA|PP755589.1|A/cattle/Texas/24-008749-003/2024(H5N1)	1454	6878
HA|PP755589.1|A/cattle/Texas/24-008749-003/2024(H5N1)	1455	6633
HA|PP755589.1|A/cattle/Texas/24-008749-003/2024(H5N1)	1456	6607
HA|PP755589.1|A/cattle/Texas/24-008749-003/2024(H5N1)	1457	6624
HA|PP755589.1|A/cattle/Texas/24-008749-003/2024(H5N1)	1458	6633
HA|PP755589.1|A/cattle/Texas/24-008749-003/2024(H5N1)	1459	6635
HA|PP755589.1|A/cattle/Texas/24-008749-003/2024(H5N1)	1460	6691
HA|PP755589.1|A/cattle/Texas/24-008749-003/2024(H5N1)	1461	6612
HA|PP755589.1|A/cattle/Texas/24-008749-003/2024(H5N1)	1462	6599
HA|PP755589.1|A/cattle/Texas/24-008749-003/2024(H5N1)	1463	6595
HA|PP755589.1|A/cattle/Texas/24-008749-003/2024(H5N1)	1464	6543
HA|PP755589.1|A/cattle/Texas/24-008749-003/2024(H5N1)	1465	6349
HA|PP755589.1|A/cattle/Texas/24-008749-003/2024(H5N1)	1466	6360
HA|PP755589.1|A/cattle/Texas/24-008749-003/2024(H5N1)	1467	6305
HA|PP755589.1|A/cattle/Texas/24-008749-003/2024(H5N1)	1468	6304
HA|PP755589.1|A/cattle/Texas/24-008749-003/2024(H5N1)	1469	6314
HA|PP755589.1|A/cattle/Texas/24-008749-003/2024(H5N1)	1470	6182
HA|PP755589.1|A/cattle/Texas/24-008749-003/2024(H5N1)	1471	6235
HA|PP755589.1|A/cattle/Texas/24-008749-003/2024(H5N1)	1472	6278
HA|PP755589.1|A/cattle/Texas/24-008749-003/2024(H5N1)	1473	6270
HA|PP755589.1|A/cattle/Texas/24-008749-003/2024(H5N1)	1474	6294
HA|PP755589.1|A/cattle/Texas/24-008749-003/2024(H5N1)	1475	6305
HA|PP755589.1|A/cattle/Texas/24-008749-003/2024(H5N1)	1476	6347
HA|PP755589.1|A/cattle/Texas/24-008749-003/2024(H5N1)	1477	6430
HA|PP755589.1|A/cattle/Texas/24-008749-003/2024(H5N1)	1478	6346
HA|PP755589.1|A/cattle/Texas/24-008749-003/2024(H5N1)	1479	6407
HA|PP755589.1|A/cattle/Texas/24-008749-003/2024(H5N1)	1480	6781
HA|PP755589.1|A/cattle/Texas/24-008749-003/2024(H5N1)	1481	6778
HA|PP755589.1|A/cattle/Texas/24-008749-003/2024(H5N1)	1482	6781
HA|PP755589.1|A/cattle/Texas/24-008749-003/2024(H5N1)	1483	6776
HA|PP755589.1|A/cattle/Texas/24-008749-003/2024(H5N1)	1484	6710
HA|PP755589.1|A/cattle/Texas/24-008749-003/2024(H5N1)	1485	6710
HA|PP755589.1|A/cattle/Texas/24-008749-003/2024(H5N1)	1486	6560
HA|PP755589.1|A/cattle/Texas/24-008749-003/2024(H5N1)	1487	6650
HA|PP755589.1|A/cattle/Texas/24-008749-003/2024(H5N1)	1488	6564
HA|PP755589.1|A/cattle/Texas/24-008749-003/2024(H5N1)	1489	6553
HA|PP755589.1|A/cattle/Texas/24-008749-003/2024(H5N1)	1490	6565
HA|PP755589.1|A/cattle/Texas/24-008749-003/2024(H5N1)	1491	6563
HA|PP755589.1|A/cattle/Texas/24-008749-003/2024(H5N1)	1492	6580
HA|PP755589.1|A/cattle/Texas/24-008749-003/2024(H5N1)	1493	6583
HA|PP755589.1|A/cattle/Texas/24-008749-003/2024(H5N1)	1494	6611
HA|PP755589.1|A/cattle/Texas/24-008749-003/2024(H5N1)	1495	6601
HA|PP755589.1|A/cattle/Texas/24-008749-003/2024(H5N1)	1496	6585
HA|PP755589.1|A/cattle/Texas/24-008749-003/2024(H5N1)	1497	6576
HA|PP755589.1|A/cattle/Texas/24-008749-003/2024(H5N1)	1498	6510
HA|PP755589.1|A/cattle/Texas/24-008749-003/2024(H5N1)	1499	6514
HA|PP755589.1|A/cattle/Texas/24-008749-003/2024(H5N1)	1500	6512
HA|PP755589.1|A/cattle/Texas/24-008749-003/2024(H5N1)	1501	6582
HA|PP755589.1|A/cattle/Texas/24-008749-003/2024(H5N1)	1502	6500
HA|PP755589.1|A/cattle/Texas/24-008749-003/2024(H5N1)	1503	6511
HA|PP755589.1|A/cattle/Texas/24-008749-003/2024(H5N1)	1504	6497
HA|PP755589.1|A/cattle/Texas/24-008749-003/2024(H5N1)	1505	6461
HA|PP755589.1|A/cattle/Texas/24-008749-003/2024(H5N1)	1506	6630
HA|PP755589.1|A/cattle/Texas/24-008749-003/2024(H5N1)	1507	6638
HA|PP755589.1|A/cattle/Texas/24-008749-003/2024(H5N1)	1508	6621
HA|PP755589.1|A/cattle/Texas/24-008749-003/2024(H5N1)	1509	6593
HA|PP755589.1|A/cattle/Texas/24-008749-003/2024(H5N1)	1510	6500
HA|PP755589.1|A/cattle/Texas/24-008749-003/2024(H5N1)	1511	6662
HA|PP755589.1|A/cattle/Texas/24-008749-003/2024(H5N1)	1512	6692
HA|PP755589.1|A/cattle/Texas/24-008749-003/2024(H5N1)	1513	6776
HA|PP755589.1|A/cattle/Texas/24-008749-003/2024(H5N1)	1514	6762
HA|PP755589.1|A/cattle/Texas/24-008749-003/2024(H5N1)	1515	6640
HA|PP755589.1|A/cattle/Texas/24-008749-003/2024(H5N1)	1516	6644
HA|PP755589.1|A/cattle/Texas/24-008749-003/2024(H5N1)	1517	6616
HA|PP755589.1|A/cattle/Texas/24-008749-003/2024(H5N1)	1518	6742
HA|PP755589.1|A/cattle/Texas/24-008749-003/2024(H5N1)	1519	6739
HA|PP755589.1|A/cattle/Texas/24-008749-003/2024(H5N1)	1520	6742
HA|PP755589.1|A/cattle/Texas/24-008749-003/2024(H5N1)	1521	6639
HA|PP755589.1|A/cattle/Texas/24-008749-003/2024(H5N1)	1522	6536
HA|PP755589.1|A/cattle/Texas/24-008749-003/2024(H5N1)	1523	6536
HA|PP755589.1|A/cattle/Texas/24-008749-003/2024(H5N1)	1524	6480
HA|PP755589.1|A/cattle/Texas/24-008749-003/2024(H5N1)	1525	6498
HA|PP755589.1|A/cattle/Texas/24-008749-003/2024(H5N1)	1526	6745
HA|PP755589.1|A/cattle/Texas/24-008749-003/2024(H5N1)	1527	6552
HA|PP755589.1|A/cattle/Texas/24-008749-003/2024(H5N1)	1528	6551
HA|PP755589.1|A/cattle/Texas/24-008749-003/2024(H5N1)	1529	6509
HA|PP755589.1|A/cattle/Texas/24-008749-003/2024(H5N1)	1530	6507
HA|PP755589.1|A/cattle/Texas/24-008749-003/2024(H5N1)	1531	6506
HA|PP755589.1|A/cattle/Texas/24-008749-003/2024(H5N1)	1532	6507
HA|PP755589.1|A/cattle/Texas/24-008749-003/2024(H5N1)	1533	6506
HA|PP755589.1|A/cattle/Texas/24-008749-003/2024(H5N1)	1534	6458
HA|PP755589.1|A/cattle/Texas/24-008749-003/2024(H5N1)	1535	6467
HA|PP755589.1|A/cattle/Texas/24-008749-003/2024(H5N1)	1536	7019
HA|PP755589.1|A/cattle/Texas/24-008749-003/2024(H5N1)	1537	6933
HA|PP755589.1|A/cattle/Texas/24-008749-003/2024(H5N1)	1538	6875
HA|PP755589.1|A/cattle/Texas/24-008749-003/2024(H5N1)	1539	7035
HA|PP755589.1|A/cattle/Texas/24-008749-003/2024(H5N1)	1540	7037
HA|PP755589.1|A/cattle/Texas/24-008749-003/2024(H5N1)	1541	7050
HA|PP755589.1|A/cattle/Texas/24-008749-003/2024(H5N1)	1542	7048
HA|PP755589.1|A/cattle/Texas/24-008749-003/2024(H5N1)	1543	7003
HA|PP755589.1|A/cattle/Texas/24-008749-003/2024(H5N1)	1544	7005
HA|PP755589.1|A/cattle/Texas/24-008749-003/2024(H5N1)	1545	7185
HA|PP755589.1|A/cattle/Texas/24-008749-003/2024(H5N1)	1546	7199
HA|PP755589.1|A/cattle/Texas/24-008749-003/2024(H5N1)	1547	7212
HA|PP755589.1|A/cattle/Texas/24-008749-003/2024(H5N1)	1548	7191
HA|PP755589.1|A/cattle/Texas/24-008749-003/2024(H5N1)	1549	7027
HA|PP755589.1|A/cattle/Texas/24-008749-003/2024(H5N1)	1550	7066
HA|PP755589.1|A/cattle/Texas/24-008749-003/2024(H5N1)	1551	7111
HA|PP755589.1|A/cattle/Texas/24-008749-003/2024(H5N1)	1552	7111
HA|PP755589.1|A/cattle/Texas/24-008749-003/2024(H5N1)	1553	7094
HA|PP755589.1|A/cattle/Texas/24-008749-003/2024(H5N1)	1554	6728
HA|PP755589.1|A/cattle/Texas/24-008749-003/2024(H5N1)	1555	6715
HA|PP755589.1|A/cattle/Texas/24-008749-003/2024(H5N1)	1556	6669
HA|PP755589.1|A/cattle/Texas/24-008749-003/2024(H5N1)	1557	6687
HA|PP755589.1|A/cattle/Texas/24-008749-003/2024(H5N1)	1558	6600
HA|PP755589.1|A/cattle/Texas/24-008749-003/2024(H5N1)	1559	6585
HA|PP755589.1|A/cattle/Texas/24-008749-003/2024(H5N1)	1560	6494
HA|PP755589.1|A/cattle/Texas/24-008749-003/2024(H5N1)	1561	6233
HA|PP755589.1|A/cattle/Texas/24-008749-003/2024(H5N1)	1562	6260
HA|PP755589.1|A/cattle/Texas/24-008749-003/2024(H5N1)	1563	6260
HA|PP755589.1|A/cattle/Texas/24-008749-003/2024(H5N1)	1564	6266
HA|PP755589.1|A/cattle/Texas/24-008749-003/2024(H5N1)	1565	6258
HA|PP755589.1|A/cattle/Texas/24-008749-003/2024(H5N1)	1566	6277
HA|PP755589.1|A/cattle/Texas/24-008749-003/2024(H5N1)	1567	6171
HA|PP755589.1|A/cattle/Texas/24-008749-003/2024(H5N1)	1568	6163
HA|PP755589.1|A/cattle/Texas/24-008749-003/2024(H5N1)	1569	6146
HA|PP755589.1|A/cattle/Texas/24-008749-003/2024(H5N1)	1570	6145
HA|PP755589.1|A/cattle/Texas/24-008749-003/2024(H5N1)	1571	6202
HA|PP755589.1|A/cattle/Texas/24-008749-003/2024(H5N1)	1572	5954
HA|PP755589.1|A/cattle/Texas/24-008749-003/2024(H5N1)	1573	5939
HA|PP755589.1|A/cattle/Texas/24-008749-003/2024(H5N1)	1574	5956
HA|PP755589.1|A/cattle/Texas/24-008749-003/2024(H5N1)	1575	5957
HA|PP755589.1|A/cattle/Texas/24-008749-003/2024(H5N1)	1576	6029
HA|PP755589.1|A/cattle/Texas/24-008749-003/2024(H5N1)	1577	6031
HA|PP755589.1|A/cattle/Texas/24-008749-003/2024(H5N1)	1578	6029
HA|PP755589.1|A/cattle/Texas/24-008749-003/2024(H5N1)	1579	5965
HA|PP755589.1|A/cattle/Texas/24-008749-003/2024(H5N1)	1580	5953
HA|PP755589.1|A/cattle/Texas/24-008749-003/2024(H5N1)	1581	5964
HA|PP755589.1|A/cattle/Texas/24-008749-003/2024(H5N1)	1582	5936
HA|PP755589.1|A/cattle/Texas/24-008749-003/2024(H5N1)	1583	5873
HA|PP755589.1|A/cattle/Texas/24-008749-003/2024(H5N1)	1584	5765
HA|PP755589.1|A/cattle/Texas/24-008749-003/2024(H5N1)	1585	5765
HA|PP755589.1|A/cattle/Texas/24-008749-003/2024(H5N1)	1586	5683
HA|PP755589.1|A/cattle/Texas/24-008749-003/2024(H5N1)	1587	5716
HA|PP755589.1|A/cattle/Texas/24-008749-003/2024(H5N1)	1588	5716
HA|PP755589.1|A/cattle/Texas/24-008749-003/2024(H5N1)	1589	5552
HA|PP755589.1|A/cattle/Texas/24-008749-003/2024(H5N1)	1590	5559
HA|PP755589.1|A/cattle/Texas/24-008749-003/2024(H5N1)	1591	5588
HA|PP755589.1|A/cattle/Texas/24-008749-003/2024(H5N1)	1592	5576
HA|PP755589.1|A/cattle/Texas/24-008749-003/2024(H5N1)	1593	5847
HA|PP755589.1|A/cattle/Texas/24-008749-003/2024(H5N1)	1594	5780
HA|PP755589.1|A/cattle/Texas/24-008749-003/2024(H5N1)	1595	5606
HA|PP755589.1|A/cattle/Texas/24-008749-003/2024(H5N1)	1596	5614
HA|PP755589.1|A/cattle/Texas/24-008749-003/2024(H5N1)	1597	6588
HA|PP755589.1|A/cattle/Texas/24-008749-003/2024(H5N1)	1598	6629
HA|PP755589.1|A/cattle/Texas/24-008749-003/2024(H5N1)	1599	6697
HA|PP755589.1|A/cattle/Texas/24-008749-003/2024(H5N1)	1600	6704
HA|PP755589.1|A/cattle/Texas/24-008749-003/2024(H5N1)	1601	6715
HA|PP755589.1|A/cattle/Texas/24-008749-003/2024(H5N1)	1602	6793
HA|PP755589.1|A/cattle/Texas/24-008749-003/2024(H5N1)	1603	6737
HA|PP755589.1|A/cattle/Texas/24-008749-003/2024(H5N1)	1604	6736
HA|PP755589.1|A/cattle/Texas/24-008749-003/2024(H5N1)	1605	6727
HA|PP755589.1|A/cattle/Texas/24-008749-003/2024(H5N1)	1606	6715
HA|PP755589.1|A/cattle/Texas/24-008749-003/2024(H5N1)	1607	6717
HA|PP755589.1|A/cattle/Texas/24-008749-003/2024(H5N1)	1608	6702
HA|PP755589.1|A/cattle/Texas/24-008749-003/2024(H5N1)	1609	6695
HA|PP755589.1|A/cattle/Texas/24-008749-003/2024(H5N1)	1610	6693
HA|PP755589.1|A/cattle/Texas/24-008749-003/2024(H5N1)	1611	6630
HA|PP755589.1|A/cattle/Texas/24-008749-003/2024(H5N1)	1612	6598
HA|PP755589.1|A/cattle/Texas/24-008749-003/2024(H5N1)	1613	6554
HA|PP755589.1|A/cattle/Texas/24-008749-003/2024(H5N1)	1614	6555
HA|PP755589.1|A/cattle/Texas/24-008749-003/2024(H5N1)	1615	6552
HA|PP755589.1|A/cattle/Texas/24-008749-003/2024(H5N1)	1616	6524
HA|PP755589.1|A/cattle/Texas/24-008749-003/2024(H5N1)	1617	6526
HA|PP755589.1|A/cattle/Texas/24-008749-003/2024(H5N1)	1618	6508
HA|PP755589.1|A/cattle/Texas/24-008749-003/2024(H5N1)	1619	6513
HA|PP755589.1|A/cattle/Texas/24-008749-003/2024(H5N1)	1620	6503
HA|PP755589.1|A/cattle/Texas/24-008749-003/2024(H5N1)	1621	6499
HA|PP755589.1|A/cattle/Texas/24-008749-003/2024(H5N1)	1622	6549
HA|PP755589.1|A/cattle/Texas/24-008749-003/2024(H5N1)	1623	6527
HA|PP755589.1|A/cattle/Texas/24-008749-003/2024(H5N1)	1624	6490
HA|PP755589.1|A/cattle/Texas/24-008749-003/2024(H5N1)	1625	6489
HA|PP755589.1|A/cattle/Texas/24-008749-003/2024(H5N1)	1626	6464
HA|PP755589.1|A/cattle/Texas/24-008749-003/2024(H5N1)	1627	6432
HA|PP755589.1|A/cattle/Texas/24-008749-003/2024(H5N1)	1628	6308
HA|PP755589.1|A/cattle/Texas/24-008749-003/2024(H5N1)	1629	6260
HA|PP755589.1|A/cattle/Texas/24-008749-003/2024(H5N1)	1630	6207
HA|PP755589.1|A/cattle/Texas/24-008749-003/2024(H5N1)	1631	5675
HA|PP755589.1|A/cattle/Texas/24-008749-003/2024(H5N1)	1632	5677
HA|PP755589.1|A/cattle/Texas/24-008749-003/2024(H5N1)	1633	5677
HA|PP755589.1|A/cattle/Texas/24-008749-003/2024(H5N1)	1634	5680
HA|PP755589.1|A/cattle/Texas/24-008749-003/2024(H5N1)	1635	5666
HA|PP755589.1|A/cattle/Texas/24-008749-003/2024(H5N1)	1636	5620
HA|PP755589.1|A/cattle/Texas/24-008749-003/2024(H5N1)	1637	5619
HA|PP755589.1|A/cattle/Texas/24-008749-003/2024(H5N1)	1638	5546
HA|PP755589.1|A/cattle/Texas/24-008749-003/2024(H5N1)	1639	5540
HA|PP755589.1|A/cattle/Texas/24-008749-003/2024(H5N1)	1640	5534
HA|PP755589.1|A/cattle/Texas/24-008749-003/2024(H5N1)	1641	5509
HA|PP755589.1|A/cattle/Texas/24-008749-003/2024(H5N1)	1642	5473
HA|PP755589.1|A/cattle/Texas/24-008749-003/2024(H5N1)	1643	5468
HA|PP755589.1|A/cattle/Texas/24-008749-003/2024(H5N1)	1644	5440
HA|PP755589.1|A/cattle/Texas/24-008749-003/2024(H5N1)	1645	5416
HA|PP755589.1|A/cattle/Texas/24-008749-003/2024(H5N1)	1646	5410
HA|PP755589.1|A/cattle/Texas/24-008749-003/2024(H5N1)	1647	5267
HA|PP755589.1|A/cattle/Texas/24-008749-003/2024(H5N1)	1648	5291
HA|PP755589.1|A/cattle/Texas/24-008749-003/2024(H5N1)	1649	5306
HA|PP755589.1|A/cattle/Texas/24-008749-003/2024(H5N1)	1650	5299
HA|PP755589.1|A/cattle/Texas/24-008749-003/2024(H5N1)	1651	5245
HA|PP755589.1|A/cattle/Texas/24-008749-003/2024(H5N1)	1652	5218
HA|PP755589.1|A/cattle/Texas/24-008749-003/2024(H5N1)	1653	5221
HA|PP755589.1|A/cattle/Texas/24-008749-003/2024(H5N1)	1654	5209
HA|PP755589.1|A/cattle/Texas/24-008749-003/2024(H5N1)	1655	5068
HA|PP755589.1|A/cattle/Texas/24-008749-003/2024(H5N1)	1656	5066
HA|PP755589.1|A/cattle/Texas/24-008749-003/2024(H5N1)	1657	4919
HA|PP755589.1|A/cattle/Texas/24-008749-003/2024(H5N1)	1658	4873
HA|PP755589.1|A/cattle/Texas/24-008749-003/2024(H5N1)	1659	4864
HA|PP755589.1|A/cattle/Texas/24-008749-003/2024(H5N1)	1660	4863
HA|PP755589.1|A/cattle/Texas/24-008749-003/2024(H5N1)	1661	4863
HA|PP755589.1|A/cattle/Texas/24-008749-003/2024(H5N1)	1662	4658
HA|PP755589.1|A/cattle/Texas/24-008749-003/2024(H5N1)	1663	4596
HA|PP755589.1|A/cattle/Texas/24-008749-003/2024(H5N1)	1664	4449
HA|PP755589.1|A/cattle/Texas/24-008749-003/2024(H5N1)	1665	4450
HA|PP755589.1|A/cattle/Texas/24-008749-003/2024(H5N1)	1666	4287
HA|PP755589.1|A/cattle/Texas/24-008749-003/2024(H5N1)	1667	4303
HA|PP755589.1|A/cattle/Texas/24-008749-003/2024(H5N1)	1668	4218
HA|PP755589.1|A/cattle/Texas/24-008749-003/2024(H5N1)	1669	4217
HA|PP755589.1|A/cattle/Texas/24-008749-003/2024(H5N1)	1670	4184
HA|PP755589.1|A/cattle/Texas/24-008749-003/2024(H5N1)	1671	4117
HA|PP755589.1|A/cattle/Texas/24-008749-003/2024(H5N1)	1672	4106
HA|PP755589.1|A/cattle/Texas/24-008749-003/2024(H5N1)	1673	4105
HA|PP755589.1|A/cattle/Texas/24-008749-003/2024(H5N1)	1674	4059
HA|PP755589.1|A/cattle/Texas/24-008749-003/2024(H5N1)	1675	4052
HA|PP755589.1|A/cattle/Texas/24-008749-003/2024(H5N1)	1676	3847
HA|PP755589.1|A/cattle/Texas/24-008749-003/2024(H5N1)	1677	3795
HA|PP755589.1|A/cattle/Texas/24-008749-003/2024(H5N1)	1678	3790
HA|PP755589.1|A/cattle/Texas/24-008749-003/2024(H5N1)	1679	3664
HA|PP755589.1|A/cattle/Texas/24-008749-003/2024(H5N1)	1680	3663
HA|PP755589.1|A/cattle/Texas/24-008749-003/2024(H5N1)	1681	3658
HA|PP755589.1|A/cattle/Texas/24-008749-003/2024(H5N1)	1682	3653
HA|PP755589.1|A/cattle/Texas/24-008749-003/2024(H5N1)	1683	3650
HA|PP755589.1|A/cattle/Texas/24-008749-003/2024(H5N1)	1684	3638
HA|PP755589.1|A/cattle/Texas/24-008749-003/2024(H5N1)	1685	3165
HA|PP755589.1|A/cattle/Texas/24-008749-003/2024(H5N1)	1686	3151
HA|PP755589.1|A/cattle/Texas/24-008749-003/2024(H5N1)	1687	3026
HA|PP755589.1|A/cattle/Texas/24-008749-003/2024(H5N1)	1688	3026
HA|PP755589.1|A/cattle/Texas/24-008749-003/2024(H5N1)	1689	3024
HA|PP755589.1|A/cattle/Texas/24-008749-003/2024(H5N1)	1690	2837
HA|PP755589.1|A/cattle/Texas/24-008749-003/2024(H5N1)	1691	2837
HA|PP755589.1|A/cattle/Texas/24-008749-003/2024(H5N1)	1692	2826
HA|PP755589.1|A/cattle/Texas/24-008749-003/2024(H5N1)	1693	2826
HA|PP755589.1|A/cattle/Texas/24-008749-003/2024(H5N1)	1694	2824
HA|PP755589.1|A/cattle/Texas/24-008749-003/2024(H5N1)	1695	2552
HA|PP755589.1|A/cattle/Texas/24-008749-003/2024(H5N1)	1696	2546
HA|PP755589.1|A/cattle/Texas/24-008749-003/2024(H5N1)	1697	2530
HA|PP755589.1|A/cattle/Texas/24-008749-003/2024(H5N1)	1698	2527
HA|PP755589.1|A/cattle/Texas/24-008749-003/2024(H5N1)	1699	2526
HA|PP755589.1|A/cattle/Texas/24-008749-003/2024(H5N1)	1700	2442
HA|PP755589.1|A/cattle/Texas/24-008749-003/2024(H5N1)	1701	2427
HA|PP755589.1|A/cattle/Texas/24-008749-003/2024(H5N1)	1702	2394
HA|PP755589.1|A/cattle/Texas/24-008749-003/2024(H5N1)	1703	2387
HA|PP755589.1|A/cattle/Texas/24-008749-003/2024(H5N1)	1704	2384
