PA|PP755594.1|A/cattle/Texas/24-008749-003/2024(H5N1)	1	6564
PA|PP755594.1|A/cattle/Texas/24-008749-003/2024(H5N1)	2	6582
PA|PP755594.1|A/cattle/Texas/24-008749-003/2024(H5N1)	3	6664
PA|PP755594.1|A/cattle/Texas/24-008749-003/2024(H5N1)	4	6679
PA|PP755594.1|A/cattle/Texas/24-008749-003/2024(H5N1)	5	6697
PA|PP755594.1|A/cattle/Texas/24-008749-003/2024(H5N1)	6	6710
PA|PP755594.1|A/cattle/Texas/24-008749-003/2024(H5N1)	7	6783
PA|PP755594.1|A/cattle/Texas/24-008749-003/2024(H5N1)	8	6976
PA|PP755594.1|A/cattle/Texas/24-008749-003/2024(H5N1)	9	7030
PA|PP755594.1|A/cattle/Texas/24-008749-003/2024(H5N1)	10	7032
PA|PP755594.1|A/cattle/Texas/24-008749-003/2024(H5N1)	11	7136
PA|PP755594.1|A/cattle/Texas/24-008749-003/2024(H5N1)	12	7141
PA|PP755594.1|A/cattle/Texas/24-008749-003/2024(H5N1)	13	7277
PA|PP755594.1|A/cattle/Texas/24-008749-003/2024(H5N1)	14	7299
PA|PP755594.1|A/cattle/Texas/24-008749-003/2024(H5N1)	15	7300
PA|PP755594.1|A/cattle/Texas/24-008749-003/2024(H5N1)	16	7415
PA|PP755594.1|A/cattle/Texas/24-008749-003/2024(H5N1)	17	7420
PA|PP755594.1|A/cattle/Texas/24-008749-003/2024(H5N1)	18	7551
PA|PP755594.1|A/cattle/Texas/24-008749-003/2024(H5N1)	19	7680
PA|PP755594.1|A/cattle/Texas/24-008749-003/2024(H5N1)	20	7694
PA|PP755594.1|A/cattle/Texas/24-008749-003/2024(H5N1)	21	7796
PA|PP755594.1|A/cattle/Texas/24-008749-003/2024(H5N1)	22	7819
PA|PP755594.1|A/cattle/Texas/24-008749-003/2024(H5N1)	23	8118
PA|PP755594.1|A/cattle/Texas/24-008749-003/2024(H5N1)	24	8392
PA|PP755594.1|A/cattle/Texas/24-008749-003/2024(H5N1)	25	8399
PA|PP755594.1|A/cattle/Texas/24-008749-003/2024(H5N1)	26	8405
PA|PP755594.1|A/cattle/Texas/24-008749-003/2024(H5N1)	27	8418
PA|PP755594.1|A/cattle/Texas/24-008749-003/2024(H5N1)	28	8462
PA|PP755594.1|A/cattle/Texas/24-008749-003/2024(H5N1)	29	8926
PA|PP755594.1|A/cattle/Texas/24-008749-003/2024(H5N1)	30	8940
PA|PP755594.1|A/cattle/Texas/24-008749-003/2024(H5N1)	31	8961
PA|PP755594.1|A/cattle/Texas/24-008749-003/2024(H5N1)	32	8962
PA|PP755594.1|A/cattle/Texas/24-008749-003/2024(H5N1)	33	8975
PA|PP755594.1|A/cattle/Texas/24-008749-003/2024(H5N1)	34	9015
PA|PP755594.1|A/cattle/Texas/24-008749-003/2024(H5N1)	35	9098
PA|PP755594.1|A/cattle/Texas/24-008749-003/2024(H5N1)	36	9109
PA|PP755594.1|A/cattle/Texas/24-008749-003/2024(H5N1)	37	9273
PA|PP755594.1|A/cattle/Texas/24-008749-003/2024(H5N1)	38	9315
PA|PP755594.1|A/cattle/Texas/24-008749-003/2024(H5N1)	39	9346
PA|PP755594.1|A/cattle/Texas/24-008749-003/2024(H5N1)	40	9350
PA|PP755594.1|A/cattle/Texas/24-008749-003/2024(H5N1)	41	9392
PA|PP755594.1|A/cattle/Texas/24-008749-003/2024(H5N1)	42	9433
PA|PP755594.1|A/cattle/Texas/24-008749-003/2024(H5N1)	43	9437
PA|PP755594.1|A/cattle/Texas/24-008749-003/2024(H5N1)	44	9543
PA|PP755594.1|A/cattle/Texas/24-008749-003/2024(H5N1)	45	9550
PA|PP755594.1|A/cattle/Texas/24-008749-003/2024(H5N1)	46	9571
PA|PP755594.1|A/cattle/Texas/24-008749-003/2024(H5N1)	47	9582
PA|PP755594.1|A/cattle/Texas/24-008749-003/2024(H5N1)	48	9608
PA|PP755594.1|A/cattle/Texas/24-008749-003/2024(H5N1)	49	9649
PA|PP755594.1|A/cattle/Texas/24-008749-003/2024(H5N1)	50	9687
PA|PP755594.1|A/cattle/Texas/24-008749-003/2024(H5N1)	51	9721
PA|PP755594.1|A/cattle/Texas/24-008749-003/2024(H5N1)	52	9733
PA|PP755594.1|A/cattle/Texas/24-008749-003/2024(H5N1)	53	9733
PA|PP755594.1|A/cattle/Texas/24-008749-003/2024(H5N1)	54	9742
PA|PP755594.1|A/cattle/Texas/24-008749-003/2024(H5N1)	55	9737
PA|PP755594.1|A/cattle/Texas/24-008749-003/2024(H5N1)	56	9755
PA|PP755594.1|A/cattle/Texas/24-008749-003/2024(H5N1)	57	9878
PA|PP755594.1|A/cattle/Texas/24-008749-003/2024(H5N1)	58	9884
PA|PP755594.1|A/cattle/Texas/24-008749-003/2024(H5N1)	59	10016
PA|PP755594.1|A/cattle/Texas/24-008749-003/2024(H5N1)	60	10016
PA|PP755594.1|A/cattle/Texas/24-008749-003/2024(H5N1)	61	10136
PA|PP755594.1|A/cattle/Texas/24-008749-003/2024(H5N1)	62	10161
PA|PP755594.1|A/cattle/Texas/24-008749-003/2024(H5N1)	63	10264
PA|PP755594.1|A/cattle/Texas/24-008749-003/2024(H5N1)	64	10458
PA|PP755594.1|A/cattle/Texas/24-008749-003/2024(H5N1)	65	10453
PA|PP755594.1|A/cattle/Texas/24-008749-003/2024(H5N1)	66	10438
PA|PP755594.1|A/cattle/Texas/24-008749-003/2024(H5N1)	67	10616
PA|PP755594.1|A/cattle/Texas/24-008749-003/2024(H5N1)	68	10720
PA|PP755594.1|A/cattle/Texas/24-008749-003/2024(H5N1)	69	11605
PA|PP755594.1|A/cattle/Texas/24-008749-003/2024(H5N1)	70	11628
PA|PP755594.1|A/cattle/Texas/24-008749-003/2024(H5N1)	71	11733
PA|PP755594.1|A/cattle/Texas/24-008749-003/2024(H5N1)	72	11763
PA|PP755594.1|A/cattle/Texas/24-008749-003/2024(H5N1)	73	11751
PA|PP755594.1|A/cattle/Texas/24-008749-003/2024(H5N1)	74	11846
PA|PP755594.1|A/cattle/Texas/24-008749-003/2024(H5N1)	75	11849
PA|PP755594.1|A/cattle/Texas/24-008749-003/2024(H5N1)	76	11820
PA|PP755594.1|A/cattle/Texas/24-008749-003/2024(H5N1)	77	11815
PA|PP755594.1|A/cattle/Texas/24-008749-003/2024(H5N1)	78	11758
PA|PP755594.1|A/cattle/Texas/24-008749-003/2024(H5N1)	79	11774
PA|PP755594.1|A/cattle/Texas/24-008749-003/2024(H5N1)	80	11785
PA|PP755594.1|A/cattle/Texas/24-008749-003/2024(H5N1)	81	11804
PA|PP755594.1|A/cattle/Texas/24-008749-003/2024(H5N1)	82	11842
PA|PP755594.1|A/cattle/Texas/24-008749-003/2024(H5N1)	83	11855
PA|PP755594.1|A/cattle/Texas/24-008749-003/2024(H5N1)	84	11853
PA|PP755594.1|A/cattle/Texas/24-008749-003/2024(H5N1)	85	11832
PA|PP755594.1|A/cattle/Texas/24-008749-003/2024(H5N1)	86	11823
PA|PP755594.1|A/cattle/Texas/24-008749-003/2024(H5N1)	87	11815
PA|PP755594.1|A/cattle/Texas/24-008749-003/2024(H5N1)	88	11799
PA|PP755594.1|A/cattle/Texas/24-008749-003/2024(H5N1)	89	11785
PA|PP755594.1|A/cattle/Texas/24-008749-003/2024(H5N1)	90	8732
PA|PP755594.1|A/cattle/Texas/24-008749-003/2024(H5N1)	91	8732
PA|PP755594.1|A/cattle/Texas/24-008749-003/2024(H5N1)	92	8732
PA|PP755594.1|A/cattle/Texas/24-008749-003/2024(H5N1)	93	8731
PA|PP755594.1|A/cattle/Texas/24-008749-003/2024(H5N1)	94	8732
PA|PP755594.1|A/cattle/Texas/24-008749-003/2024(H5N1)	95	8733
PA|PP755594.1|A/cattle/Texas/24-008749-003/2024(H5N1)	96	8729
PA|PP755594.1|A/cattle/Texas/24-008749-003/2024(H5N1)	97	8856
PA|PP755594.1|A/cattle/Texas/24-008749-003/2024(H5N1)	98	8857
PA|PP755594.1|A/cattle/Texas/24-008749-003/2024(H5N1)	99	8858
PA|PP755594.1|A/cattle/Texas/24-008749-003/2024(H5N1)	100	8858
PA|PP755594.1|A/cattle/Texas/24-008749-003/2024(H5N1)	101	8854
PA|PP755594.1|A/cattle/Texas/24-008749-003/2024(H5N1)	102	8854
PA|PP755594.1|A/cattle/Texas/24-008749-003/2024(H5N1)	103	8894
PA|PP755594.1|A/cattle/Texas/24-008749-003/2024(H5N1)	104	8897
PA|PP755594.1|A/cattle/Texas/24-008749-003/2024(H5N1)	105	8898
PA|PP755594.1|A/cattle/Texas/24-008749-003/2024(H5N1)	106	8906
PA|PP755594.1|A/cattle/Texas/24-008749-003/2024(H5N1)	107	9104
PA|PP755594.1|A/cattle/Texas/24-008749-003/2024(H5N1)	108	9104
PA|PP755594.1|A/cattle/Texas/24-008749-003/2024(H5N1)	109	10596
PA|PP755594.1|A/cattle/Texas/24-008749-003/2024(H5N1)	110	10770
PA|PP755594.1|A/cattle/Texas/24-008749-003/2024(H5N1)	111	11020
PA|PP755594.1|A/cattle/Texas/24-008749-003/2024(H5N1)	112	11102
PA|PP755594.1|A/cattle/Texas/24-008749-003/2024(H5N1)	113	11114
PA|PP755594.1|A/cattle/Texas/24-008749-003/2024(H5N1)	114	11247
PA|PP755594.1|A/cattle/Texas/24-008749-003/2024(H5N1)	115	11251
PA|PP755594.1|A/cattle/Texas/24-008749-003/2024(H5N1)	116	11192
PA|PP755594.1|A/cattle/Texas/24-008749-003/2024(H5N1)	117	11185
PA|PP755594.1|A/cattle/Texas/24-008749-003/2024(H5N1)	118	11062
PA|PP755594.1|A/cattle/Texas/24-008749-003/2024(H5N1)	119	11062
PA|PP755594.1|A/cattle/Texas/24-008749-003/2024(H5N1)	120	10968
PA|PP755594.1|A/cattle/Texas/24-008749-003/2024(H5N1)	121	11464
PA|PP755594.1|A/cattle/Texas/24-008749-003/2024(H5N1)	122	11442
PA|PP755594.1|A/cattle/Texas/24-008749-003/2024(H5N1)	123	11371
PA|PP755594.1|A/cattle/Texas/24-008749-003/2024(H5N1)	124	11400
PA|PP755594.1|A/cattle/Texas/24-008749-003/2024(H5N1)	125	11404
PA|PP755594.1|A/cattle/Texas/24-008749-003/2024(H5N1)	126	11393
PA|PP755594.1|A/cattle/Texas/24-008749-003/2024(H5N1)	127	13097
PA|PP755594.1|A/cattle/Texas/24-008749-003/2024(H5N1)	128	13410
PA|PP755594.1|A/cattle/Texas/24-008749-003/2024(H5N1)	129	13524
PA|PP755594.1|A/cattle/Texas/24-008749-003/2024(H5N1)	130	13561
PA|PP755594.1|A/cattle/Texas/24-008749-003/2024(H5N1)	131	13453
PA|PP755594.1|A/cattle/Texas/24-008749-003/2024(H5N1)	132	11887
PA|PP755594.1|A/cattle/Texas/24-008749-003/2024(H5N1)	133	11880
PA|PP755594.1|A/cattle/Texas/24-008749-003/2024(H5N1)	134	12119
PA|PP755594.1|A/cattle/Texas/24-008749-003/2024(H5N1)	135	12139
PA|PP755594.1|A/cattle/Texas/24-008749-003/2024(H5N1)	136	12155
PA|PP755594.1|A/cattle/Texas/24-008749-003/2024(H5N1)	137	12164
PA|PP755594.1|A/cattle/Texas/24-008749-003/2024(H5N1)	138	12023
PA|PP755594.1|A/cattle/Texas/24-008749-003/2024(H5N1)	139	12022
PA|PP755594.1|A/cattle/Texas/24-008749-003/2024(H5N1)	140	12337
PA|PP755594.1|A/cattle/Texas/24-008749-003/2024(H5N1)	141	12434
PA|PP755594.1|A/cattle/Texas/24-008749-003/2024(H5N1)	142	12409
PA|PP755594.1|A/cattle/Texas/24-008749-003/2024(H5N1)	143	12291
PA|PP755594.1|A/cattle/Texas/24-008749-003/2024(H5N1)	144	12155
PA|PP755594.1|A/cattle/Texas/24-008749-003/2024(H5N1)	145	12129
PA|PP755594.1|A/cattle/Texas/24-008749-003/2024(H5N1)	146	12228
PA|PP755594.1|A/cattle/Texas/24-008749-003/2024(H5N1)	147	12207
PA|PP755594.1|A/cattle/Texas/24-008749-003/2024(H5N1)	148	12329
PA|PP755594.1|A/cattle/Texas/24-008749-003/2024(H5N1)	149	12393
PA|PP755594.1|A/cattle/Texas/24-008749-003/2024(H5N1)	150	12301
PA|PP755594.1|A/cattle/Texas/24-008749-003/2024(H5N1)	151	12309
PA|PP755594.1|A/cattle/Texas/24-008749-003/2024(H5N1)	152	11952
PA|PP755594.1|A/cattle/Texas/24-008749-003/2024(H5N1)	153	11956
PA|PP755594.1|A/cattle/Texas/24-008749-003/2024(H5N1)	154	11981
PA|PP755594.1|A/cattle/Texas/24-008749-003/2024(H5N1)	155	11967
PA|PP755594.1|A/cattle/Texas/24-008749-003/2024(H5N1)	156	11966
PA|PP755594.1|A/cattle/Texas/24-008749-003/2024(H5N1)	157	11885
PA|PP755594.1|A/cattle/Texas/24-008749-003/2024(H5N1)	158	11815
PA|PP755594.1|A/cattle/Texas/24-008749-003/2024(H5N1)	159	10629
PA|PP755594.1|A/cattle/Texas/24-008749-003/2024(H5N1)	160	10626
PA|PP755594.1|A/cattle/Texas/24-008749-003/2024(H5N1)	161	10630
PA|PP755594.1|A/cattle/Texas/24-008749-003/2024(H5N1)	162	10526
PA|PP755594.1|A/cattle/Texas/24-008749-003/2024(H5N1)	163	10645
PA|PP755594.1|A/cattle/Texas/24-008749-003/2024(H5N1)	164	10749
PA|PP755594.1|A/cattle/Texas/24-008749-003/2024(H5N1)	165	10854
PA|PP755594.1|A/cattle/Texas/24-008749-003/2024(H5N1)	166	11159
PA|PP755594.1|A/cattle/Texas/24-008749-003/2024(H5N1)	167	11173
PA|PP755594.1|A/cattle/Texas/24-008749-003/2024(H5N1)	168	11176
PA|PP755594.1|A/cattle/Texas/24-008749-003/2024(H5N1)	169	11178
PA|PP755594.1|A/cattle/Texas/24-008749-003/2024(H5N1)	170	11098
PA|PP755594.1|A/cattle/Texas/24-008749-003/2024(H5N1)	171	11288
PA|PP755594.1|A/cattle/Texas/24-008749-003/2024(H5N1)	172	11320
PA|PP755594.1|A/cattle/Texas/24-008749-003/2024(H5N1)	173	11355
PA|PP755594.1|A/cattle/Texas/24-008749-003/2024(H5N1)	174	11384
PA|PP755594.1|A/cattle/Texas/24-008749-003/2024(H5N1)	175	11323
PA|PP755594.1|A/cattle/Texas/24-008749-003/2024(H5N1)	176	11420
PA|PP755594.1|A/cattle/Texas/24-008749-003/2024(H5N1)	177	11543
PA|PP755594.1|A/cattle/Texas/24-008749-003/2024(H5N1)	178	11555
PA|PP755594.1|A/cattle/Texas/24-008749-003/2024(H5N1)	179	11328
PA|PP755594.1|A/cattle/Texas/24-008749-003/2024(H5N1)	180	11241
PA|PP755594.1|A/cattle/Texas/24-008749-003/2024(H5N1)	181	11242
PA|PP755594.1|A/cattle/Texas/24-008749-003/2024(H5N1)	182	11255
PA|PP755594.1|A/cattle/Texas/24-008749-003/2024(H5N1)	183	11221
PA|PP755594.1|A/cattle/Texas/24-008749-003/2024(H5N1)	184	11240
PA|PP755594.1|A/cattle/Texas/24-008749-003/2024(H5N1)	185	11233
PA|PP755594.1|A/cattle/Texas/24-008749-003/2024(H5N1)	186	11158
PA|PP755594.1|A/cattle/Texas/24-008749-003/2024(H5N1)	187	11181
PA|PP755594.1|A/cattle/Texas/24-008749-003/2024(H5N1)	188	11035
PA|PP755594.1|A/cattle/Texas/24-008749-003/2024(H5N1)	189	10992
PA|PP755594.1|A/cattle/Texas/24-008749-003/2024(H5N1)	190	10988
PA|PP755594.1|A/cattle/Texas/24-008749-003/2024(H5N1)	191	11279
PA|PP755594.1|A/cattle/Texas/24-008749-003/2024(H5N1)	192	11295
PA|PP755594.1|A/cattle/Texas/24-008749-003/2024(H5N1)	193	11264
PA|PP755594.1|A/cattle/Texas/24-008749-003/2024(H5N1)	194	11172
PA|PP755594.1|A/cattle/Texas/24-008749-003/2024(H5N1)	195	11196
PA|PP755594.1|A/cattle/Texas/24-008749-003/2024(H5N1)	196	11192
PA|PP755594.1|A/cattle/Texas/24-008749-003/2024(H5N1)	197	11193
PA|PP755594.1|A/cattle/Texas/24-008749-003/2024(H5N1)	198	11209
PA|PP755594.1|A/cattle/Texas/24-008749-003/2024(H5N1)	199	11184
PA|PP755594.1|A/cattle/Texas/24-008749-003/2024(H5N1)	200	11261
PA|PP755594.1|A/cattle/Texas/24-008749-003/2024(H5N1)	201	11305
PA|PP755594.1|A/cattle/Texas/24-008749-003/2024(H5N1)	202	11300
PA|PP755594.1|A/cattle/Texas/24-008749-003/2024(H5N1)	203	11333
PA|PP755594.1|A/cattle/Texas/24-008749-003/2024(H5N1)	204	11336
PA|PP755594.1|A/cattle/Texas/24-008749-003/2024(H5N1)	205	11365
PA|PP755594.1|A/cattle/Texas/24-008749-003/2024(H5N1)	206	11510
PA|PP755594.1|A/cattle/Texas/24-008749-003/2024(H5N1)	207	11494
PA|PP755594.1|A/cattle/Texas/24-008749-003/2024(H5N1)	208	11383
PA|PP755594.1|A/cattle/Texas/24-008749-003/2024(H5N1)	209	11299
PA|PP755594.1|A/cattle/Texas/24-008749-003/2024(H5N1)	210	11215
PA|PP755594.1|A/cattle/Texas/24-008749-003/2024(H5N1)	211	9773
PA|PP755594.1|A/cattle/Texas/24-008749-003/2024(H5N1)	212	9713
PA|PP755594.1|A/cattle/Texas/24-008749-003/2024(H5N1)	213	9705
PA|PP755594.1|A/cattle/Texas/24-008749-003/2024(H5N1)	214	9572
PA|PP755594.1|A/cattle/Texas/24-008749-003/2024(H5N1)	215	9590
PA|PP755594.1|A/cattle/Texas/24-008749-003/2024(H5N1)	216	9596
PA|PP755594.1|A/cattle/Texas/24-008749-003/2024(H5N1)	217	9551
PA|PP755594.1|A/cattle/Texas/24-008749-003/2024(H5N1)	218	9368
PA|PP755594.1|A/cattle/Texas/24-008749-003/2024(H5N1)	219	9333
PA|PP755594.1|A/cattle/Texas/24-008749-003/2024(H5N1)	220	9559
PA|PP755594.1|A/cattle/Texas/24-008749-003/2024(H5N1)	221	9572
PA|PP755594.1|A/cattle/Texas/24-008749-003/2024(H5N1)	222	9479
PA|PP755594.1|A/cattle/Texas/24-008749-003/2024(H5N1)	223	10402
PA|PP755594.1|A/cattle/Texas/24-008749-003/2024(H5N1)	224	10442
PA|PP755594.1|A/cattle/Texas/24-008749-003/2024(H5N1)	225	10553
PA|PP755594.1|A/cattle/Texas/24-008749-003/2024(H5N1)	226	10686
PA|PP755594.1|A/cattle/Texas/24-008749-003/2024(H5N1)	227	10690
PA|PP755594.1|A/cattle/Texas/24-008749-003/2024(H5N1)	228	10671
PA|PP755594.1|A/cattle/Texas/24-008749-003/2024(H5N1)	229	10675
PA|PP755594.1|A/cattle/Texas/24-008749-003/2024(H5N1)	230	10760
PA|PP755594.1|A/cattle/Texas/24-008749-003/2024(H5N1)	231	10785
PA|PP755594.1|A/cattle/Texas/24-008749-003/2024(H5N1)	232	10825
PA|PP755594.1|A/cattle/Texas/24-008749-003/2024(H5N1)	233	10793
PA|PP755594.1|A/cattle/Texas/24-008749-003/2024(H5N1)	234	10734
PA|PP755594.1|A/cattle/Texas/24-008749-003/2024(H5N1)	235	10722
PA|PP755594.1|A/cattle/Texas/24-008749-003/2024(H5N1)	236	10707
PA|PP755594.1|A/cattle/Texas/24-008749-003/2024(H5N1)	237	10642
PA|PP755594.1|A/cattle/Texas/24-008749-003/2024(H5N1)	238	10620
PA|PP755594.1|A/cattle/Texas/24-008749-003/2024(H5N1)	239	10560
PA|PP755594.1|A/cattle/Texas/24-008749-003/2024(H5N1)	240	10556
PA|PP755594.1|A/cattle/Texas/24-008749-003/2024(H5N1)	241	10555
PA|PP755594.1|A/cattle/Texas/24-008749-003/2024(H5N1)	242	10540
PA|PP755594.1|A/cattle/Texas/24-008749-003/2024(H5N1)	243	10297
PA|PP755594.1|A/cattle/Texas/24-008749-003/2024(H5N1)	244	10218
PA|PP755594.1|A/cattle/Texas/24-008749-003/2024(H5N1)	245	10143
PA|PP755594.1|A/cattle/Texas/24-008749-003/2024(H5N1)	246	10020
PA|PP755594.1|A/cattle/Texas/24-008749-003/2024(H5N1)	247	9997
PA|PP755594.1|A/cattle/Texas/24-008749-003/2024(H5N1)	248	9873
PA|PP755594.1|A/cattle/Texas/24-008749-003/2024(H5N1)	249	9058
PA|PP755594.1|A/cattle/Texas/24-008749-003/2024(H5N1)	250	8976
PA|PP755594.1|A/cattle/Texas/24-008749-003/2024(H5N1)	251	9119
PA|PP755594.1|A/cattle/Texas/24-008749-003/2024(H5N1)	252	9245
PA|PP755594.1|A/cattle/Texas/24-008749-003/2024(H5N1)	253	9330
PA|PP755594.1|A/cattle/Texas/24-008749-003/2024(H5N1)	254	11246
PA|PP755594.1|A/cattle/Texas/24-008749-003/2024(H5N1)	255	11283
PA|PP755594.1|A/cattle/Texas/24-008749-003/2024(H5N1)	256	11290
PA|PP755594.1|A/cattle/Texas/24-008749-003/2024(H5N1)	257	11301
PA|PP755594.1|A/cattle/Texas/24-008749-003/2024(H5N1)	258	11777
PA|PP755594.1|A/cattle/Texas/24-008749-003/2024(H5N1)	259	11807
PA|PP755594.1|A/cattle/Texas/24-008749-003/2024(H5N1)	260	11459
PA|PP755594.1|A/cattle/Texas/24-008749-003/2024(H5N1)	261	11307
PA|PP755594.1|A/cattle/Texas/24-008749-003/2024(H5N1)	262	11233
PA|PP755594.1|A/cattle/Texas/24-008749-003/2024(H5N1)	263	11342
PA|PP755594.1|A/cattle/Texas/24-008749-003/2024(H5N1)	264	11369
PA|PP755594.1|A/cattle/Texas/24-008749-003/2024(H5N1)	265	11270
PA|PP755594.1|A/cattle/Texas/24-008749-003/2024(H5N1)	266	11267
PA|PP755594.1|A/cattle/Texas/24-008749-003/2024(H5N1)	267	10330
PA|PP755594.1|A/cattle/Texas/24-008749-003/2024(H5N1)	268	10372
PA|PP755594.1|A/cattle/Texas/24-008749-003/2024(H5N1)	269	10324
PA|PP755594.1|A/cattle/Texas/24-008749-003/2024(H5N1)	270	10276
PA|PP755594.1|A/cattle/Texas/24-008749-003/2024(H5N1)	271	10274
PA|PP755594.1|A/cattle/Texas/24-008749-003/2024(H5N1)	272	9761
PA|PP755594.1|A/cattle/Texas/24-008749-003/2024(H5N1)	273	9679
PA|PP755594.1|A/cattle/Texas/24-008749-003/2024(H5N1)	274	9733
PA|PP755594.1|A/cattle/Texas/24-008749-003/2024(H5N1)	275	9704
PA|PP755594.1|A/cattle/Texas/24-008749-003/2024(H5N1)	276	9703
PA|PP755594.1|A/cattle/Texas/24-008749-003/2024(H5N1)	277	9028
PA|PP755594.1|A/cattle/Texas/24-008749-003/2024(H5N1)	278	9018
PA|PP755594.1|A/cattle/Texas/24-008749-003/2024(H5N1)	279	8649
PA|PP755594.1|A/cattle/Texas/24-008749-003/2024(H5N1)	280	8663
PA|PP755594.1|A/cattle/Texas/24-008749-003/2024(H5N1)	281	8640
PA|PP755594.1|A/cattle/Texas/24-008749-003/2024(H5N1)	282	8436
PA|PP755594.1|A/cattle/Texas/24-008749-003/2024(H5N1)	283	8434
PA|PP755594.1|A/cattle/Texas/24-008749-003/2024(H5N1)	284	8433
PA|PP755594.1|A/cattle/Texas/24-008749-003/2024(H5N1)	285	8438
PA|PP755594.1|A/cattle/Texas/24-008749-003/2024(H5N1)	286	8428
PA|PP755594.1|A/cattle/Texas/24-008749-003/2024(H5N1)	287	8415
PA|PP755594.1|A/cattle/Texas/24-008749-003/2024(H5N1)	288	8332
PA|PP755594.1|A/cattle/Texas/24-008749-003/2024(H5N1)	289	8305
PA|PP755594.1|A/cattle/Texas/24-008749-003/2024(H5N1)	290	8285
PA|PP755594.1|A/cattle/Texas/24-008749-003/2024(H5N1)	291	7839
PA|PP755594.1|A/cattle/Texas/24-008749-003/2024(H5N1)	292	7831
PA|PP755594.1|A/cattle/Texas/24-008749-003/2024(H5N1)	293	7762
PA|PP755594.1|A/cattle/Texas/24-008749-003/2024(H5N1)	294	7482
PA|PP755594.1|A/cattle/Texas/24-008749-003/2024(H5N1)	295	7482
PA|PP755594.1|A/cattle/Texas/24-008749-003/2024(H5N1)	296	7471
PA|PP755594.1|A/cattle/Texas/24-008749-003/2024(H5N1)	297	7308
PA|PP755594.1|A/cattle/Texas/24-008749-003/2024(H5N1)	298	7346
PA|PP755594.1|A/cattle/Texas/24-008749-003/2024(H5N1)	299	7345
PA|PP755594.1|A/cattle/Texas/24-008749-003/2024(H5N1)	300	7333
PA|PP755594.1|A/cattle/Texas/24-008749-003/2024(H5N1)	301	7333
PA|PP755594.1|A/cattle/Texas/24-008749-003/2024(H5N1)	302	7322
PA|PP755594.1|A/cattle/Texas/24-008749-003/2024(H5N1)	303	7318
PA|PP755594.1|A/cattle/Texas/24-008749-003/2024(H5N1)	304	7344
PA|PP755594.1|A/cattle/Texas/24-008749-003/2024(H5N1)	305	7306
PA|PP755594.1|A/cattle/Texas/24-008749-003/2024(H5N1)	306	7306
PA|PP755594.1|A/cattle/Texas/24-008749-003/2024(H5N1)	307	7259
PA|PP755594.1|A/cattle/Texas/24-008749-003/2024(H5N1)	308	7242
PA|PP755594.1|A/cattle/Texas/24-008749-003/2024(H5N1)	309	7228
PA|PP755594.1|A/cattle/Texas/24-008749-003/2024(H5N1)	310	7213
PA|PP755594.1|A/cattle/Texas/24-008749-003/2024(H5N1)	311	7209
PA|PP755594.1|A/cattle/Texas/24-008749-003/2024(H5N1)	312	7139
PA|PP755594.1|A/cattle/Texas/24-008749-003/2024(H5N1)	313	7135
PA|PP755594.1|A/cattle/Texas/24-008749-003/2024(H5N1)	314	7040
PA|PP755594.1|A/cattle/Texas/24-008749-003/2024(H5N1)	315	6933
PA|PP755594.1|A/cattle/Texas/24-008749-003/2024(H5N1)	316	6719
PA|PP755594.1|A/cattle/Texas/24-008749-003/2024(H5N1)	317	6709
PA|PP755594.1|A/cattle/Texas/24-008749-003/2024(H5N1)	318	6433
PA|PP755594.1|A/cattle/Texas/24-008749-003/2024(H5N1)	319	6431
PA|PP755594.1|A/cattle/Texas/24-008749-003/2024(H5N1)	320	6342
PA|PP755594.1|A/cattle/Texas/24-008749-003/2024(H5N1)	321	6244
PA|PP755594.1|A/cattle/Texas/24-008749-003/2024(H5N1)	322	6244
PA|PP755594.1|A/cattle/Texas/24-008749-003/2024(H5N1)	323	6242
PA|PP755594.1|A/cattle/Texas/24-008749-003/2024(H5N1)	324	6220
PA|PP755594.1|A/cattle/Texas/24-008749-003/2024(H5N1)	325	6217
PA|PP755594.1|A/cattle/Texas/24-008749-003/2024(H5N1)	326	6157
PA|PP755594.1|A/cattle/Texas/24-008749-003/2024(H5N1)	327	6113
PA|PP755594.1|A/cattle/Texas/24-008749-003/2024(H5N1)	328	6004
PA|PP755594.1|A/cattle/Texas/24-008749-003/2024(H5N1)	329	5984
PA|PP755594.1|A/cattle/Texas/24-008749-003/2024(H5N1)	330	5887
PA|PP755594.1|A/cattle/Texas/24-008749-003/2024(H5N1)	331	5847
PA|PP755594.1|A/cattle/Texas/24-008749-003/2024(H5N1)	332	5820
PA|PP755594.1|A/cattle/Texas/24-008749-003/2024(H5N1)	333	4826
PA|PP755594.1|A/cattle/Texas/24-008749-003/2024(H5N1)	334	4821
PA|PP755594.1|A/cattle/Texas/24-008749-003/2024(H5N1)	335	4797
PA|PP755594.1|A/cattle/Texas/24-008749-003/2024(H5N1)	336	4755
PA|PP755594.1|A/cattle/Texas/24-008749-003/2024(H5N1)	337	4732
PA|PP755594.1|A/cattle/Texas/24-008749-003/2024(H5N1)	338	4714
PA|PP755594.1|A/cattle/Texas/24-008749-003/2024(H5N1)	339	4710
PA|PP755594.1|A/cattle/Texas/24-008749-003/2024(H5N1)	340	4712
PA|PP755594.1|A/cattle/Texas/24-008749-003/2024(H5N1)	341	4712
PA|PP755594.1|A/cattle/Texas/24-008749-003/2024(H5N1)	342	4712
PA|PP755594.1|A/cattle/Texas/24-008749-003/2024(H5N1)	343	4711
PA|PP755594.1|A/cattle/Texas/24-008749-003/2024(H5N1)	344	4711
PA|PP755594.1|A/cattle/Texas/24-008749-003/2024(H5N1)	345	4702
PA|PP755594.1|A/cattle/Texas/24-008749-003/2024(H5N1)	346	4655
PA|PP755594.1|A/cattle/Texas/24-008749-003/2024(H5N1)	347	4655
PA|PP755594.1|A/cattle/Texas/24-008749-003/2024(H5N1)	348	4655
PA|PP755594.1|A/cattle/Texas/24-008749-003/2024(H5N1)	349	4648
PA|PP755594.1|A/cattle/Texas/24-008749-003/2024(H5N1)	350	4645
PA|PP755594.1|A/cattle/Texas/24-008749-003/2024(H5N1)	351	4520
PA|PP755594.1|A/cattle/Texas/24-008749-003/2024(H5N1)	352	4510
PA|PP755594.1|A/cattle/Texas/24-008749-003/2024(H5N1)	353	4486
PA|PP755594.1|A/cattle/Texas/24-008749-003/2024(H5N1)	354	4438
PA|PP755594.1|A/cattle/Texas/24-008749-003/2024(H5N1)	355	4426
PA|PP755594.1|A/cattle/Texas/24-008749-003/2024(H5N1)	356	4345
PA|PP755594.1|A/cattle/Texas/24-008749-003/2024(H5N1)	357	4165
PA|PP755594.1|A/cattle/Texas/24-008749-003/2024(H5N1)	358	4157
PA|PP755594.1|A/cattle/Texas/24-008749-003/2024(H5N1)	359	4120
PA|PP755594.1|A/cattle/Texas/24-008749-003/2024(H5N1)	360	4059
PA|PP755594.1|A/cattle/Texas/24-008749-003/2024(H5N1)	361	4035
PA|PP755594.1|A/cattle/Texas/24-008749-003/2024(H5N1)	362	3663
PA|PP755594.1|A/cattle/Texas/24-008749-003/2024(H5N1)	363	183
PA|PP755594.1|A/cattle/Texas/24-008749-003/2024(H5N1)	364	114
PA|PP755594.1|A/cattle/Texas/24-008749-003/2024(H5N1)	365	28
PA|PP755594.1|A/cattle/Texas/24-008749-003/2024(H5N1)	366	7
PA|PP755594.1|A/cattle/Texas/24-008749-003/2024(H5N1)	367	7
PA|PP755594.1|A/cattle/Texas/24-008749-003/2024(H5N1)	368	7
PA|PP755594.1|A/cattle/Texas/24-008749-003/2024(H5N1)	369	1
PA|PP755594.1|A/cattle/Texas/24-008749-003/2024(H5N1)	370	1
PA|PP755594.1|A/cattle/Texas/24-008749-003/2024(H5N1)	371	1
PA|PP755594.1|A/cattle/Texas/24-008749-003/2024(H5N1)	372	1
PA|PP755594.1|A/cattle/Texas/24-008749-003/2024(H5N1)	373	1
PA|PP755594.1|A/cattle/Texas/24-008749-003/2024(H5N1)	374	1
PA|PP755594.1|A/cattle/Texas/24-008749-003/2024(H5N1)	375	1
PA|PP755594.1|A/cattle/Texas/24-008749-003/2024(H5N1)	376	1
PA|PP755594.1|A/cattle/Texas/24-008749-003/2024(H5N1)	377	1
PA|PP755594.1|A/cattle/Texas/24-008749-003/2024(H5N1)	378	1
PA|PP755594.1|A/cattle/Texas/24-008749-003/2024(H5N1)	379	1
PA|PP755594.1|A/cattle/Texas/24-008749-003/2024(H5N1)	380	1
PA|PP755594.1|A/cattle/Texas/24-008749-003/2024(H5N1)	381	1
PA|PP755594.1|A/cattle/Texas/24-008749-003/2024(H5N1)	382	1
PA|PP755594.1|A/cattle/Texas/24-008749-003/2024(H5N1)	383	1
PA|PP755594.1|A/cattle/Texas/24-008749-003/2024(H5N1)	384	1
PA|PP755594.1|A/cattle/Texas/24-008749-003/2024(H5N1)	385	1
PA|PP755594.1|A/cattle/Texas/24-008749-003/2024(H5N1)	386	1
PA|PP755594.1|A/cattle/Texas/24-008749-003/2024(H5N1)	387	1
PA|PP755594.1|A/cattle/Texas/24-008749-003/2024(H5N1)	388	1
PA|PP755594.1|A/cattle/Texas/24-008749-003/2024(H5N1)	389	1
PA|PP755594.1|A/cattle/Texas/24-008749-003/2024(H5N1)	390	1
PA|PP755594.1|A/cattle/Texas/24-008749-003/2024(H5N1)	391	1
PA|PP755594.1|A/cattle/Texas/24-008749-003/2024(H5N1)	392	1
PA|PP755594.1|A/cattle/Texas/24-008749-003/2024(H5N1)	393	1
PA|PP755594.1|A/cattle/Texas/24-008749-003/2024(H5N1)	394	1
PA|PP755594.1|A/cattle/Texas/24-008749-003/2024(H5N1)	395	1
PA|PP755594.1|A/cattle/Texas/24-008749-003/2024(H5N1)	396	2
PA|PP755594.1|A/cattle/Texas/24-008749-003/2024(H5N1)	397	33
PA|PP755594.1|A/cattle/Texas/24-008749-003/2024(H5N1)	398	36
PA|PP755594.1|A/cattle/Texas/24-008749-003/2024(H5N1)	399	38
PA|PP755594.1|A/cattle/Texas/24-008749-003/2024(H5N1)	400	7571
PA|PP755594.1|A/cattle/Texas/24-008749-003/2024(H5N1)	401	7595
PA|PP755594.1|A/cattle/Texas/24-008749-003/2024(H5N1)	402	7606
PA|PP755594.1|A/cattle/Texas/24-008749-003/2024(H5N1)	403	7625
PA|PP755594.1|A/cattle/Texas/24-008749-003/2024(H5N1)	404	7690
PA|PP755594.1|A/cattle/Texas/24-008749-003/2024(H5N1)	405	7699
PA|PP755594.1|A/cattle/Texas/24-008749-003/2024(H5N1)	406	7702
PA|PP755594.1|A/cattle/Texas/24-008749-003/2024(H5N1)	407	7738
PA|PP755594.1|A/cattle/Texas/24-008749-003/2024(H5N1)	408	7743
PA|PP755594.1|A/cattle/Texas/24-008749-003/2024(H5N1)	409	7813
PA|PP755594.1|A/cattle/Texas/24-008749-003/2024(H5N1)	410	7822
PA|PP755594.1|A/cattle/Texas/24-008749-003/2024(H5N1)	411	7880
PA|PP755594.1|A/cattle/Texas/24-008749-003/2024(H5N1)	412	7898
PA|PP755594.1|A/cattle/Texas/24-008749-003/2024(H5N1)	413	7908
PA|PP755594.1|A/cattle/Texas/24-008749-003/2024(H5N1)	414	8186
PA|PP755594.1|A/cattle/Texas/24-008749-003/2024(H5N1)	415	8322
PA|PP755594.1|A/cattle/Texas/24-008749-003/2024(H5N1)	416	8342
PA|PP755594.1|A/cattle/Texas/24-008749-003/2024(H5N1)	417	8374
PA|PP755594.1|A/cattle/Texas/24-008749-003/2024(H5N1)	418	8375
PA|PP755594.1|A/cattle/Texas/24-008749-003/2024(H5N1)	419	7997
PA|PP755594.1|A/cattle/Texas/24-008749-003/2024(H5N1)	420	7672
PA|PP755594.1|A/cattle/Texas/24-008749-003/2024(H5N1)	421	7676
PA|PP755594.1|A/cattle/Texas/24-008749-003/2024(H5N1)	422	7679
PA|PP755594.1|A/cattle/Texas/24-008749-003/2024(H5N1)	423	7682
PA|PP755594.1|A/cattle/Texas/24-008749-003/2024(H5N1)	424	7693
PA|PP755594.1|A/cattle/Texas/24-008749-003/2024(H5N1)	425	7684
PA|PP755594.1|A/cattle/Texas/24-008749-003/2024(H5N1)	426	7645
PA|PP755594.1|A/cattle/Texas/24-008749-003/2024(H5N1)	427	7737
PA|PP755594.1|A/cattle/Texas/24-008749-003/2024(H5N1)	428	7762
PA|PP755594.1|A/cattle/Texas/24-008749-003/2024(H5N1)	429	7757
PA|PP755594.1|A/cattle/Texas/24-008749-003/2024(H5N1)	430	7794
PA|PP755594.1|A/cattle/Texas/24-008749-003/2024(H5N1)	431	7774
PA|PP755594.1|A/cattle/Texas/24-008749-003/2024(H5N1)	432	7249
PA|PP755594.1|A/cattle/Texas/24-008749-003/2024(H5N1)	433	7263
PA|PP755594.1|A/cattle/Texas/24-008749-003/2024(H5N1)	434	7269
PA|PP755594.1|A/cattle/Texas/24-008749-003/2024(H5N1)	435	7235
PA|PP755594.1|A/cattle/Texas/24-008749-003/2024(H5N1)	436	7496
PA|PP755594.1|A/cattle/Texas/24-008749-003/2024(H5N1)	437	7631
PA|PP755594.1|A/cattle/Texas/24-008749-003/2024(H5N1)	438	7558
PA|PP755594.1|A/cattle/Texas/24-008749-003/2024(H5N1)	439	7496
PA|PP755594.1|A/cattle/Texas/24-008749-003/2024(H5N1)	440	7522
PA|PP755594.1|A/cattle/Texas/24-008749-003/2024(H5N1)	441	7241
PA|PP755594.1|A/cattle/Texas/24-008749-003/2024(H5N1)	442	7255
PA|PP755594.1|A/cattle/Texas/24-008749-003/2024(H5N1)	443	7255
PA|PP755594.1|A/cattle/Texas/24-008749-003/2024(H5N1)	444	7209
PA|PP755594.1|A/cattle/Texas/24-008749-003/2024(H5N1)	445	7218
PA|PP755594.1|A/cattle/Texas/24-008749-003/2024(H5N1)	446	7265
PA|PP755594.1|A/cattle/Texas/24-008749-003/2024(H5N1)	447	7256
PA|PP755594.1|A/cattle/Texas/24-008749-003/2024(H5N1)	448	7267
PA|PP755594.1|A/cattle/Texas/24-008749-003/2024(H5N1)	449	7225
PA|PP755594.1|A/cattle/Texas/24-008749-003/2024(H5N1)	450	6248
PA|PP755594.1|A/cattle/Texas/24-008749-003/2024(H5N1)	451	6291
PA|PP755594.1|A/cattle/Texas/24-008749-003/2024(H5N1)	452	6309
PA|PP755594.1|A/cattle/Texas/24-008749-003/2024(H5N1)	453	6297
PA|PP755594.1|A/cattle/Texas/24-008749-003/2024(H5N1)	454	6187
PA|PP755594.1|A/cattle/Texas/24-008749-003/2024(H5N1)	455	6195
PA|PP755594.1|A/cattle/Texas/24-008749-003/2024(H5N1)	456	6179
PA|PP755594.1|A/cattle/Texas/24-008749-003/2024(H5N1)	457	6140
PA|PP755594.1|A/cattle/Texas/24-008749-003/2024(H5N1)	458	6098
PA|PP755594.1|A/cattle/Texas/24-008749-003/2024(H5N1)	459	6107
PA|PP755594.1|A/cattle/Texas/24-008749-003/2024(H5N1)	460	6313
PA|PP755594.1|A/cattle/Texas/24-008749-003/2024(H5N1)	461	6331
PA|PP755594.1|A/cattle/Texas/24-008749-003/2024(H5N1)	462	6329
PA|PP755594.1|A/cattle/Texas/24-008749-003/2024(H5N1)	463	6255
PA|PP755594.1|A/cattle/Texas/24-008749-003/2024(H5N1)	464	6237
PA|PP755594.1|A/cattle/Texas/24-008749-003/2024(H5N1)	465	6248
PA|PP755594.1|A/cattle/Texas/24-008749-003/2024(H5N1)	466	6229
PA|PP755594.1|A/cattle/Texas/24-008749-003/2024(H5N1)	467	6201
PA|PP755594.1|A/cattle/Texas/24-008749-003/2024(H5N1)	468	6187
PA|PP755594.1|A/cattle/Texas/24-008749-003/2024(H5N1)	469	6268
PA|PP755594.1|A/cattle/Texas/24-008749-003/2024(H5N1)	470	6254
PA|PP755594.1|A/cattle/Texas/24-008749-003/2024(H5N1)	471	6050
PA|PP755594.1|A/cattle/Texas/24-008749-003/2024(H5N1)	472	6102
PA|PP755594.1|A/cattle/Texas/24-008749-003/2024(H5N1)	473	6070
PA|PP755594.1|A/cattle/Texas/24-008749-003/2024(H5N1)	474	6055
PA|PP755594.1|A/cattle/Texas/24-008749-003/2024(H5N1)	475	6093
PA|PP755594.1|A/cattle/Texas/24-008749-003/2024(H5N1)	476	6097
PA|PP755594.1|A/cattle/Texas/24-008749-003/2024(H5N1)	477	6003
PA|PP755594.1|A/cattle/Texas/24-008749-003/2024(H5N1)	478	7401
PA|PP755594.1|A/cattle/Texas/24-008749-003/2024(H5N1)	479	7631
PA|PP755594.1|A/cattle/Texas/24-008749-003/2024(H5N1)	480	7734
PA|PP755594.1|A/cattle/Texas/24-008749-003/2024(H5N1)	481	7800
PA|PP755594.1|A/cattle/Texas/24-008749-003/2024(H5N1)	482	7786
PA|PP755594.1|A/cattle/Texas/24-008749-003/2024(H5N1)	483	7667
PA|PP755594.1|A/cattle/Texas/24-008749-003/2024(H5N1)	484	7659
PA|PP755594.1|A/cattle/Texas/24-008749-003/2024(H5N1)	485	7758
PA|PP755594.1|A/cattle/Texas/24-008749-003/2024(H5N1)	486	7840
PA|PP755594.1|A/cattle/Texas/24-008749-003/2024(H5N1)	487	7481
PA|PP755594.1|A/cattle/Texas/24-008749-003/2024(H5N1)	488	7440
PA|PP755594.1|A/cattle/Texas/24-008749-003/2024(H5N1)	489	7385
PA|PP755594.1|A/cattle/Texas/24-008749-003/2024(H5N1)	490	7376
PA|PP755594.1|A/cattle/Texas/24-008749-003/2024(H5N1)	491	7474
PA|PP755594.1|A/cattle/Texas/24-008749-003/2024(H5N1)	492	7448
PA|PP755594.1|A/cattle/Texas/24-008749-003/2024(H5N1)	493	7540
PA|PP755594.1|A/cattle/Texas/24-008749-003/2024(H5N1)	494	7468
PA|PP755594.1|A/cattle/Texas/24-008749-003/2024(H5N1)	495	7472
PA|PP755594.1|A/cattle/Texas/24-008749-003/2024(H5N1)	496	7482
PA|PP755594.1|A/cattle/Texas/24-008749-003/2024(H5N1)	497	7605
PA|PP755594.1|A/cattle/Texas/24-008749-003/2024(H5N1)	498	7600
PA|PP755594.1|A/cattle/Texas/24-008749-003/2024(H5N1)	499	7599
PA|PP755594.1|A/cattle/Texas/24-008749-003/2024(H5N1)	500	7644
PA|PP755594.1|A/cattle/Texas/24-008749-003/2024(H5N1)	501	7633
PA|PP755594.1|A/cattle/Texas/24-008749-003/2024(H5N1)	502	7541
PA|PP755594.1|A/cattle/Texas/24-008749-003/2024(H5N1)	503	7635
PA|PP755594.1|A/cattle/Texas/24-008749-003/2024(H5N1)	504	7655
PA|PP755594.1|A/cattle/Texas/24-008749-003/2024(H5N1)	505	7669
PA|PP755594.1|A/cattle/Texas/24-008749-003/2024(H5N1)	506	7689
PA|PP755594.1|A/cattle/Texas/24-008749-003/2024(H5N1)	507	7654
PA|PP755594.1|A/cattle/Texas/24-008749-003/2024(H5N1)	508	7631
PA|PP755594.1|A/cattle/Texas/24-008749-003/2024(H5N1)	509	7591
PA|PP755594.1|A/cattle/Texas/24-008749-003/2024(H5N1)	510	7489
PA|PP755594.1|A/cattle/Texas/24-008749-003/2024(H5N1)	511	7608
PA|PP755594.1|A/cattle/Texas/24-008749-003/2024(H5N1)	512	7484
PA|PP755594.1|A/cattle/Texas/24-008749-003/2024(H5N1)	513	7382
PA|PP755594.1|A/cattle/Texas/24-008749-003/2024(H5N1)	514	8036
PA|PP755594.1|A/cattle/Texas/24-008749-003/2024(H5N1)	515	8113
PA|PP755594.1|A/cattle/Texas/24-008749-003/2024(H5N1)	516	8167
PA|PP755594.1|A/cattle/Texas/24-008749-003/2024(H5N1)	517	8161
PA|PP755594.1|A/cattle/Texas/24-008749-003/2024(H5N1)	518	8087
PA|PP755594.1|A/cattle/Texas/24-008749-003/2024(H5N1)	519	7882
PA|PP755594.1|A/cattle/Texas/24-008749-003/2024(H5N1)	520	7879
PA|PP755594.1|A/cattle/Texas/24-008749-003/2024(H5N1)	521	7867
PA|PP755594.1|A/cattle/Texas/24-008749-003/2024(H5N1)	522	7753
PA|PP755594.1|A/cattle/Texas/24-008749-003/2024(H5N1)	523	7812
PA|PP755594.1|A/cattle/Texas/24-008749-003/2024(H5N1)	524	7760
PA|PP755594.1|A/cattle/Texas/24-008749-003/2024(H5N1)	525	7915
PA|PP755594.1|A/cattle/Texas/24-008749-003/2024(H5N1)	526	8216
PA|PP755594.1|A/cattle/Texas/24-008749-003/2024(H5N1)	527	8275
PA|PP755594.1|A/cattle/Texas/24-008749-003/2024(H5N1)	528	8191
PA|PP755594.1|A/cattle/Texas/24-008749-003/2024(H5N1)	529	8152
PA|PP755594.1|A/cattle/Texas/24-008749-003/2024(H5N1)	530	8376
PA|PP755594.1|A/cattle/Texas/24-008749-003/2024(H5N1)	531	8323
PA|PP755594.1|A/cattle/Texas/24-008749-003/2024(H5N1)	532	8347
PA|PP755594.1|A/cattle/Texas/24-008749-003/2024(H5N1)	533	8328
PA|PP755594.1|A/cattle/Texas/24-008749-003/2024(H5N1)	534	8230
PA|PP755594.1|A/cattle/Texas/24-008749-003/2024(H5N1)	535	8237
PA|PP755594.1|A/cattle/Texas/24-008749-003/2024(H5N1)	536	8231
PA|PP755594.1|A/cattle/Texas/24-008749-003/2024(H5N1)	537	8203
PA|PP755594.1|A/cattle/Texas/24-008749-003/2024(H5N1)	538	8088
PA|PP755594.1|A/cattle/Texas/24-008749-003/2024(H5N1)	539	7824
PA|PP755594.1|A/cattle/Texas/24-008749-003/2024(H5N1)	540	7823
PA|PP755594.1|A/cattle/Texas/24-008749-003/2024(H5N1)	541	7905
PA|PP755594.1|A/cattle/Texas/24-008749-003/2024(H5N1)	542	8119
PA|PP755594.1|A/cattle/Texas/24-008749-003/2024(H5N1)	543	8049
PA|PP755594.1|A/cattle/Texas/24-008749-003/2024(H5N1)	544	8035
PA|PP755594.1|A/cattle/Texas/24-008749-003/2024(H5N1)	545	7952
PA|PP755594.1|A/cattle/Texas/24-008749-003/2024(H5N1)	546	8068
PA|PP755594.1|A/cattle/Texas/24-008749-003/2024(H5N1)	547	8042
PA|PP755594.1|A/cattle/Texas/24-008749-003/2024(H5N1)	548	8043
PA|PP755594.1|A/cattle/Texas/24-008749-003/2024(H5N1)	549	8075
PA|PP755594.1|A/cattle/Texas/24-008749-003/2024(H5N1)	550	8003
PA|PP755594.1|A/cattle/Texas/24-008749-003/2024(H5N1)	551	7976
PA|PP755594.1|A/cattle/Texas/24-008749-003/2024(H5N1)	552	7808
PA|PP755594.1|A/cattle/Texas/24-008749-003/2024(H5N1)	553	7805
PA|PP755594.1|A/cattle/Texas/24-008749-003/2024(H5N1)	554	7819
PA|PP755594.1|A/cattle/Texas/24-008749-003/2024(H5N1)	555	7890
PA|PP755594.1|A/cattle/Texas/24-008749-003/2024(H5N1)	556	8662
PA|PP755594.1|A/cattle/Texas/24-008749-003/2024(H5N1)	557	8858
PA|PP755594.1|A/cattle/Texas/24-008749-003/2024(H5N1)	558	8864
PA|PP755594.1|A/cattle/Texas/24-008749-003/2024(H5N1)	559	8923
PA|PP755594.1|A/cattle/Texas/24-008749-003/2024(H5N1)	560	8827
PA|PP755594.1|A/cattle/Texas/24-008749-003/2024(H5N1)	561	8918
PA|PP755594.1|A/cattle/Texas/24-008749-003/2024(H5N1)	562	9152
PA|PP755594.1|A/cattle/Texas/24-008749-003/2024(H5N1)	563	9134
PA|PP755594.1|A/cattle/Texas/24-008749-003/2024(H5N1)	564	9172
PA|PP755594.1|A/cattle/Texas/24-008749-003/2024(H5N1)	565	8754
PA|PP755594.1|A/cattle/Texas/24-008749-003/2024(H5N1)	566	8535
PA|PP755594.1|A/cattle/Texas/24-008749-003/2024(H5N1)	567	8545
PA|PP755594.1|A/cattle/Texas/24-008749-003/2024(H5N1)	568	8504
PA|PP755594.1|A/cattle/Texas/24-008749-003/2024(H5N1)	569	8641
PA|PP755594.1|A/cattle/Texas/24-008749-003/2024(H5N1)	570	8586
PA|PP755594.1|A/cattle/Texas/24-008749-003/2024(H5N1)	571	8572
PA|PP755594.1|A/cattle/Texas/24-008749-003/2024(H5N1)	572	8584
PA|PP755594.1|A/cattle/Texas/24-008749-003/2024(H5N1)	573	8567
PA|PP755594.1|A/cattle/Texas/24-008749-003/2024(H5N1)	574	8571
PA|PP755594.1|A/cattle/Texas/24-008749-003/2024(H5N1)	575	8570
PA|PP755594.1|A/cattle/Texas/24-008749-003/2024(H5N1)	576	8560
PA|PP755594.1|A/cattle/Texas/24-008749-003/2024(H5N1)	577	8492
PA|PP755594.1|A/cattle/Texas/24-008749-003/2024(H5N1)	578	8360
PA|PP755594.1|A/cattle/Texas/24-008749-003/2024(H5N1)	579	7829
PA|PP755594.1|A/cattle/Texas/24-008749-003/2024(H5N1)	580	8195
PA|PP755594.1|A/cattle/Texas/24-008749-003/2024(H5N1)	581	8147
PA|PP755594.1|A/cattle/Texas/24-008749-003/2024(H5N1)	582	8144
PA|PP755594.1|A/cattle/Texas/24-008749-003/2024(H5N1)	583	8210
PA|PP755594.1|A/cattle/Texas/24-008749-003/2024(H5N1)	584	8296
PA|PP755594.1|A/cattle/Texas/24-008749-003/2024(H5N1)	585	8283
PA|PP755594.1|A/cattle/Texas/24-008749-003/2024(H5N1)	586	8596
PA|PP755594.1|A/cattle/Texas/24-008749-003/2024(H5N1)	587	8664
PA|PP755594.1|A/cattle/Texas/24-008749-003/2024(H5N1)	588	8819
PA|PP755594.1|A/cattle/Texas/24-008749-003/2024(H5N1)	589	8887
PA|PP755594.1|A/cattle/Texas/24-008749-003/2024(H5N1)	590	8903
PA|PP755594.1|A/cattle/Texas/24-008749-003/2024(H5N1)	591	8852
PA|PP755594.1|A/cattle/Texas/24-008749-003/2024(H5N1)	592	8809
PA|PP755594.1|A/cattle/Texas/24-008749-003/2024(H5N1)	593	8848
PA|PP755594.1|A/cattle/Texas/24-008749-003/2024(H5N1)	594	8840
PA|PP755594.1|A/cattle/Texas/24-008749-003/2024(H5N1)	595	8846
PA|PP755594.1|A/cattle/Texas/24-008749-003/2024(H5N1)	596	8836
PA|PP755594.1|A/cattle/Texas/24-008749-003/2024(H5N1)	597	8796
PA|PP755594.1|A/cattle/Texas/24-008749-003/2024(H5N1)	598	8710
PA|PP755594.1|A/cattle/Texas/24-008749-003/2024(H5N1)	599	8730
PA|PP755594.1|A/cattle/Texas/24-008749-003/2024(H5N1)	600	8743
PA|PP755594.1|A/cattle/Texas/24-008749-003/2024(H5N1)	601	8797
PA|PP755594.1|A/cattle/Texas/24-008749-003/2024(H5N1)	602	8794
PA|PP755594.1|A/cattle/Texas/24-008749-003/2024(H5N1)	603	8779
PA|PP755594.1|A/cattle/Texas/24-008749-003/2024(H5N1)	604	8785
PA|PP755594.1|A/cattle/Texas/24-008749-003/2024(H5N1)	605	8901
PA|PP755594.1|A/cattle/Texas/24-008749-003/2024(H5N1)	606	8876
PA|PP755594.1|A/cattle/Texas/24-008749-003/2024(H5N1)	607	8878
PA|PP755594.1|A/cattle/Texas/24-008749-003/2024(H5N1)	608	8874
PA|PP755594.1|A/cattle/Texas/24-008749-003/2024(H5N1)	609	8882
PA|PP755594.1|A/cattle/Texas/24-008749-003/2024(H5N1)	610	8819
PA|PP755594.1|A/cattle/Texas/24-008749-003/2024(H5N1)	611	8747
PA|PP755594.1|A/cattle/Texas/24-008749-003/2024(H5N1)	612	8843
PA|PP755594.1|A/cattle/Texas/24-008749-003/2024(H5N1)	613	8841
PA|PP755594.1|A/cattle/Texas/24-008749-003/2024(H5N1)	614	8834
PA|PP755594.1|A/cattle/Texas/24-008749-003/2024(H5N1)	615	8842
PA|PP755594.1|A/cattle/Texas/24-008749-003/2024(H5N1)	616	8823
PA|PP755594.1|A/cattle/Texas/24-008749-003/2024(H5N1)	617	8810
PA|PP755594.1|A/cattle/Texas/24-008749-003/2024(H5N1)	618	8782
PA|PP755594.1|A/cattle/Texas/24-008749-003/2024(H5N1)	619	8733
PA|PP755594.1|A/cattle/Texas/24-008749-003/2024(H5N1)	620	8801
PA|PP755594.1|A/cattle/Texas/24-008749-003/2024(H5N1)	621	8972
PA|PP755594.1|A/cattle/Texas/24-008749-003/2024(H5N1)	622	8967
PA|PP755594.1|A/cattle/Texas/24-008749-003/2024(H5N1)	623	8962
PA|PP755594.1|A/cattle/Texas/24-008749-003/2024(H5N1)	624	8958
PA|PP755594.1|A/cattle/Texas/24-008749-003/2024(H5N1)	625	8982
PA|PP755594.1|A/cattle/Texas/24-008749-003/2024(H5N1)	626	9048
PA|PP755594.1|A/cattle/Texas/24-008749-003/2024(H5N1)	627	9099
PA|PP755594.1|A/cattle/Texas/24-008749-003/2024(H5N1)	628	9207
PA|PP755594.1|A/cattle/Texas/24-008749-003/2024(H5N1)	629	8805
PA|PP755594.1|A/cattle/Texas/24-008749-003/2024(H5N1)	630	8472
PA|PP755594.1|A/cattle/Texas/24-008749-003/2024(H5N1)	631	8497
PA|PP755594.1|A/cattle/Texas/24-008749-003/2024(H5N1)	632	8482
PA|PP755594.1|A/cattle/Texas/24-008749-003/2024(H5N1)	633	8538
PA|PP755594.1|A/cattle/Texas/24-008749-003/2024(H5N1)	634	8502
PA|PP755594.1|A/cattle/Texas/24-008749-003/2024(H5N1)	635	8484
PA|PP755594.1|A/cattle/Texas/24-008749-003/2024(H5N1)	636	8396
PA|PP755594.1|A/cattle/Texas/24-008749-003/2024(H5N1)	637	8257
PA|PP755594.1|A/cattle/Texas/24-008749-003/2024(H5N1)	638	8398
PA|PP755594.1|A/cattle/Texas/24-008749-003/2024(H5N1)	639	8468
PA|PP755594.1|A/cattle/Texas/24-008749-003/2024(H5N1)	640	8517
PA|PP755594.1|A/cattle/Texas/24-008749-003/2024(H5N1)	641	8473
PA|PP755594.1|A/cattle/Texas/24-008749-003/2024(H5N1)	642	8398
PA|PP755594.1|A/cattle/Texas/24-008749-003/2024(H5N1)	643	8413
PA|PP755594.1|A/cattle/Texas/24-008749-003/2024(H5N1)	644	8435
PA|PP755594.1|A/cattle/Texas/24-008749-003/2024(H5N1)	645	8431
PA|PP755594.1|A/cattle/Texas/24-008749-003/2024(H5N1)	646	8493
PA|PP755594.1|A/cattle/Texas/24-008749-003/2024(H5N1)	647	8415
PA|PP755594.1|A/cattle/Texas/24-008749-003/2024(H5N1)	648	8365
PA|PP755594.1|A/cattle/Texas/24-008749-003/2024(H5N1)	649	8359
PA|PP755594.1|A/cattle/Texas/24-008749-003/2024(H5N1)	650	8337
PA|PP755594.1|A/cattle/Texas/24-008749-003/2024(H5N1)	651	7568
PA|PP755594.1|A/cattle/Texas/24-008749-003/2024(H5N1)	652	7680
PA|PP755594.1|A/cattle/Texas/24-008749-003/2024(H5N1)	653	7679
PA|PP755594.1|A/cattle/Texas/24-008749-003/2024(H5N1)	654	7583
PA|PP755594.1|A/cattle/Texas/24-008749-003/2024(H5N1)	655	7490
PA|PP755594.1|A/cattle/Texas/24-008749-003/2024(H5N1)	656	7499
PA|PP755594.1|A/cattle/Texas/24-008749-003/2024(H5N1)	657	7507
PA|PP755594.1|A/cattle/Texas/24-008749-003/2024(H5N1)	658	8069
PA|PP755594.1|A/cattle/Texas/24-008749-003/2024(H5N1)	659	8105
PA|PP755594.1|A/cattle/Texas/24-008749-003/2024(H5N1)	660	8156
PA|PP755594.1|A/cattle/Texas/24-008749-003/2024(H5N1)	661	8182
PA|PP755594.1|A/cattle/Texas/24-008749-003/2024(H5N1)	662	8078
PA|PP755594.1|A/cattle/Texas/24-008749-003/2024(H5N1)	663	8087
PA|PP755594.1|A/cattle/Texas/24-008749-003/2024(H5N1)	664	8139
PA|PP755594.1|A/cattle/Texas/24-008749-003/2024(H5N1)	665	8161
PA|PP755594.1|A/cattle/Texas/24-008749-003/2024(H5N1)	666	8181
PA|PP755594.1|A/cattle/Texas/24-008749-003/2024(H5N1)	667	8131
PA|PP755594.1|A/cattle/Texas/24-008749-003/2024(H5N1)	668	8314
PA|PP755594.1|A/cattle/Texas/24-008749-003/2024(H5N1)	669	8420
PA|PP755594.1|A/cattle/Texas/24-008749-003/2024(H5N1)	670	8405
PA|PP755594.1|A/cattle/Texas/24-008749-003/2024(H5N1)	671	8363
PA|PP755594.1|A/cattle/Texas/24-008749-003/2024(H5N1)	672	8323
PA|PP755594.1|A/cattle/Texas/24-008749-003/2024(H5N1)	673	8226
PA|PP755594.1|A/cattle/Texas/24-008749-003/2024(H5N1)	674	8271
PA|PP755594.1|A/cattle/Texas/24-008749-003/2024(H5N1)	675	8233
PA|PP755594.1|A/cattle/Texas/24-008749-003/2024(H5N1)	676	8266
PA|PP755594.1|A/cattle/Texas/24-008749-003/2024(H5N1)	677	8111
PA|PP755594.1|A/cattle/Texas/24-008749-003/2024(H5N1)	678	8073
PA|PP755594.1|A/cattle/Texas/24-008749-003/2024(H5N1)	679	8059
PA|PP755594.1|A/cattle/Texas/24-008749-003/2024(H5N1)	680	8569
PA|PP755594.1|A/cattle/Texas/24-008749-003/2024(H5N1)	681	8252
PA|PP755594.1|A/cattle/Texas/24-008749-003/2024(H5N1)	682	8257
PA|PP755594.1|A/cattle/Texas/24-008749-003/2024(H5N1)	683	8245
PA|PP755594.1|A/cattle/Texas/24-008749-003/2024(H5N1)	684	8450
PA|PP755594.1|A/cattle/Texas/24-008749-003/2024(H5N1)	685	8548
PA|PP755594.1|A/cattle/Texas/24-008749-003/2024(H5N1)	686	8570
PA|PP755594.1|A/cattle/Texas/24-008749-003/2024(H5N1)	687	8513
PA|PP755594.1|A/cattle/Texas/24-008749-003/2024(H5N1)	688	8502
PA|PP755594.1|A/cattle/Texas/24-008749-003/2024(H5N1)	689	8539
PA|PP755594.1|A/cattle/Texas/24-008749-003/2024(H5N1)	690	8553
PA|PP755594.1|A/cattle/Texas/24-008749-003/2024(H5N1)	691	8655
PA|PP755594.1|A/cattle/Texas/24-008749-003/2024(H5N1)	692	8586
PA|PP755594.1|A/cattle/Texas/24-008749-003/2024(H5N1)	693	8395
PA|PP755594.1|A/cattle/Texas/24-008749-003/2024(H5N1)	694	8417
PA|PP755594.1|A/cattle/Texas/24-008749-003/2024(H5N1)	695	8569
PA|PP755594.1|A/cattle/Texas/24-008749-003/2024(H5N1)	696	8572
PA|PP755594.1|A/cattle/Texas/24-008749-003/2024(H5N1)	697	8474
PA|PP755594.1|A/cattle/Texas/24-008749-003/2024(H5N1)	698	8442
PA|PP755594.1|A/cattle/Texas/24-008749-003/2024(H5N1)	699	8486
PA|PP755594.1|A/cattle/Texas/24-008749-003/2024(H5N1)	700	8278
PA|PP755594.1|A/cattle/Texas/24-008749-003/2024(H5N1)	701	8308
PA|PP755594.1|A/cattle/Texas/24-008749-003/2024(H5N1)	702	8173
PA|PP755594.1|A/cattle/Texas/24-008749-003/2024(H5N1)	703	8146
PA|PP755594.1|A/cattle/Texas/24-008749-003/2024(H5N1)	704	8216
PA|PP755594.1|A/cattle/Texas/24-008749-003/2024(H5N1)	705	8212
PA|PP755594.1|A/cattle/Texas/24-008749-003/2024(H5N1)	706	8187
PA|PP755594.1|A/cattle/Texas/24-008749-003/2024(H5N1)	707	7867
PA|PP755594.1|A/cattle/Texas/24-008749-003/2024(H5N1)	708	7687
PA|PP755594.1|A/cattle/Texas/24-008749-003/2024(H5N1)	709	7698
PA|PP755594.1|A/cattle/Texas/24-008749-003/2024(H5N1)	710	7714
PA|PP755594.1|A/cattle/Texas/24-008749-003/2024(H5N1)	711	7714
PA|PP755594.1|A/cattle/Texas/24-008749-003/2024(H5N1)	712	7658
PA|PP755594.1|A/cattle/Texas/24-008749-003/2024(H5N1)	713	7385
PA|PP755594.1|A/cattle/Texas/24-008749-003/2024(H5N1)	714	7397
PA|PP755594.1|A/cattle/Texas/24-008749-003/2024(H5N1)	715	7353
PA|PP755594.1|A/cattle/Texas/24-008749-003/2024(H5N1)	716	7351
PA|PP755594.1|A/cattle/Texas/24-008749-003/2024(H5N1)	717	7443
PA|PP755594.1|A/cattle/Texas/24-008749-003/2024(H5N1)	718	7417
PA|PP755594.1|A/cattle/Texas/24-008749-003/2024(H5N1)	719	7701
PA|PP755594.1|A/cattle/Texas/24-008749-003/2024(H5N1)	720	7584
PA|PP755594.1|A/cattle/Texas/24-008749-003/2024(H5N1)	721	7590
PA|PP755594.1|A/cattle/Texas/24-008749-003/2024(H5N1)	722	7704
PA|PP755594.1|A/cattle/Texas/24-008749-003/2024(H5N1)	723	7710
PA|PP755594.1|A/cattle/Texas/24-008749-003/2024(H5N1)	724	7733
PA|PP755594.1|A/cattle/Texas/24-008749-003/2024(H5N1)	725	7739
PA|PP755594.1|A/cattle/Texas/24-008749-003/2024(H5N1)	726	7643
PA|PP755594.1|A/cattle/Texas/24-008749-003/2024(H5N1)	727	7654
PA|PP755594.1|A/cattle/Texas/24-008749-003/2024(H5N1)	728	7360
PA|PP755594.1|A/cattle/Texas/24-008749-003/2024(H5N1)	729	7468
PA|PP755594.1|A/cattle/Texas/24-008749-003/2024(H5N1)	730	7308
PA|PP755594.1|A/cattle/Texas/24-008749-003/2024(H5N1)	731	7241
PA|PP755594.1|A/cattle/Texas/24-008749-003/2024(H5N1)	732	7193
PA|PP755594.1|A/cattle/Texas/24-008749-003/2024(H5N1)	733	7189
PA|PP755594.1|A/cattle/Texas/24-008749-003/2024(H5N1)	734	7144
PA|PP755594.1|A/cattle/Texas/24-008749-003/2024(H5N1)	735	7185
PA|PP755594.1|A/cattle/Texas/24-008749-003/2024(H5N1)	736	7135
PA|PP755594.1|A/cattle/Texas/24-008749-003/2024(H5N1)	737	7123
PA|PP755594.1|A/cattle/Texas/24-008749-003/2024(H5N1)	738	6998
PA|PP755594.1|A/cattle/Texas/24-008749-003/2024(H5N1)	739	7011
PA|PP755594.1|A/cattle/Texas/24-008749-003/2024(H5N1)	740	6970
PA|PP755594.1|A/cattle/Texas/24-008749-003/2024(H5N1)	741	6969
PA|PP755594.1|A/cattle/Texas/24-008749-003/2024(H5N1)	742	6973
PA|PP755594.1|A/cattle/Texas/24-008749-003/2024(H5N1)	743	6950
PA|PP755594.1|A/cattle/Texas/24-008749-003/2024(H5N1)	744	6971
PA|PP755594.1|A/cattle/Texas/24-008749-003/2024(H5N1)	745	6986
PA|PP755594.1|A/cattle/Texas/24-008749-003/2024(H5N1)	746	6951
PA|PP755594.1|A/cattle/Texas/24-008749-003/2024(H5N1)	747	6928
PA|PP755594.1|A/cattle/Texas/24-008749-003/2024(H5N1)	748	6888
PA|PP755594.1|A/cattle/Texas/24-008749-003/2024(H5N1)	749	6830
PA|PP755594.1|A/cattle/Texas/24-008749-003/2024(H5N1)	750	6793
PA|PP755594.1|A/cattle/Texas/24-008749-003/2024(H5N1)	751	6942
PA|PP755594.1|A/cattle/Texas/24-008749-003/2024(H5N1)	752	6888
PA|PP755594.1|A/cattle/Texas/24-008749-003/2024(H5N1)	753	6885
PA|PP755594.1|A/cattle/Texas/24-008749-003/2024(H5N1)	754	6885
PA|PP755594.1|A/cattle/Texas/24-008749-003/2024(H5N1)	755	6848
PA|PP755594.1|A/cattle/Texas/24-008749-003/2024(H5N1)	756	4977
PA|PP755594.1|A/cattle/Texas/24-008749-003/2024(H5N1)	757	5178
PA|PP755594.1|A/cattle/Texas/24-008749-003/2024(H5N1)	758	5275
PA|PP755594.1|A/cattle/Texas/24-008749-003/2024(H5N1)	759	5272
PA|PP755594.1|A/cattle/Texas/24-008749-003/2024(H5N1)	760	5648
PA|PP755594.1|A/cattle/Texas/24-008749-003/2024(H5N1)	761	5651
PA|PP755594.1|A/cattle/Texas/24-008749-003/2024(H5N1)	762	5646
PA|PP755594.1|A/cattle/Texas/24-008749-003/2024(H5N1)	763	5580
PA|PP755594.1|A/cattle/Texas/24-008749-003/2024(H5N1)	764	5586
PA|PP755594.1|A/cattle/Texas/24-008749-003/2024(H5N1)	765	5586
PA|PP755594.1|A/cattle/Texas/24-008749-003/2024(H5N1)	766	5580
PA|PP755594.1|A/cattle/Texas/24-008749-003/2024(H5N1)	767	5616
PA|PP755594.1|A/cattle/Texas/24-008749-003/2024(H5N1)	768	6098
PA|PP755594.1|A/cattle/Texas/24-008749-003/2024(H5N1)	769	6106
PA|PP755594.1|A/cattle/Texas/24-008749-003/2024(H5N1)	770	6103
PA|PP755594.1|A/cattle/Texas/24-008749-003/2024(H5N1)	771	5977
PA|PP755594.1|A/cattle/Texas/24-008749-003/2024(H5N1)	772	5850
PA|PP755594.1|A/cattle/Texas/24-008749-003/2024(H5N1)	773	5824
PA|PP755594.1|A/cattle/Texas/24-008749-003/2024(H5N1)	774	5781
PA|PP755594.1|A/cattle/Texas/24-008749-003/2024(H5N1)	775	5916
PA|PP755594.1|A/cattle/Texas/24-008749-003/2024(H5N1)	776	5827
PA|PP755594.1|A/cattle/Texas/24-008749-003/2024(H5N1)	777	5824
PA|PP755594.1|A/cattle/Texas/24-008749-003/2024(H5N1)	778	5814
PA|PP755594.1|A/cattle/Texas/24-008749-003/2024(H5N1)	779	5749
PA|PP755594.1|A/cattle/Texas/24-008749-003/2024(H5N1)	780	5745
PA|PP755594.1|A/cattle/Texas/24-008749-003/2024(H5N1)	781	5740
PA|PP755594.1|A/cattle/Texas/24-008749-003/2024(H5N1)	782	5808
PA|PP755594.1|A/cattle/Texas/24-008749-003/2024(H5N1)	783	5774
PA|PP755594.1|A/cattle/Texas/24-008749-003/2024(H5N1)	784	5737
PA|PP755594.1|A/cattle/Texas/24-008749-003/2024(H5N1)	785	5786
PA|PP755594.1|A/cattle/Texas/24-008749-003/2024(H5N1)	786	5803
PA|PP755594.1|A/cattle/Texas/24-008749-003/2024(H5N1)	787	5772
PA|PP755594.1|A/cattle/Texas/24-008749-003/2024(H5N1)	788	5749
PA|PP755594.1|A/cattle/Texas/24-008749-003/2024(H5N1)	789	5725
PA|PP755594.1|A/cattle/Texas/24-008749-003/2024(H5N1)	790	5765
PA|PP755594.1|A/cattle/Texas/24-008749-003/2024(H5N1)	791	5841
PA|PP755594.1|A/cattle/Texas/24-008749-003/2024(H5N1)	792	5839
PA|PP755594.1|A/cattle/Texas/24-008749-003/2024(H5N1)	793	5820
PA|PP755594.1|A/cattle/Texas/24-008749-003/2024(H5N1)	794	5712
PA|PP755594.1|A/cattle/Texas/24-008749-003/2024(H5N1)	795	5685
PA|PP755594.1|A/cattle/Texas/24-008749-003/2024(H5N1)	796	5603
PA|PP755594.1|A/cattle/Texas/24-008749-003/2024(H5N1)	797	5517
PA|PP755594.1|A/cattle/Texas/24-008749-003/2024(H5N1)	798	5475
PA|PP755594.1|A/cattle/Texas/24-008749-003/2024(H5N1)	799	5416
PA|PP755594.1|A/cattle/Texas/24-008749-003/2024(H5N1)	800	5270
PA|PP755594.1|A/cattle/Texas/24-008749-003/2024(H5N1)	801	5254
PA|PP755594.1|A/cattle/Texas/24-008749-003/2024(H5N1)	802	5188
PA|PP755594.1|A/cattle/Texas/24-008749-003/2024(H5N1)	803	5187
PA|PP755594.1|A/cattle/Texas/24-008749-003/2024(H5N1)	804	5157
PA|PP755594.1|A/cattle/Texas/24-008749-003/2024(H5N1)	805	5145
PA|PP755594.1|A/cattle/Texas/24-008749-003/2024(H5N1)	806	5059
PA|PP755594.1|A/cattle/Texas/24-008749-003/2024(H5N1)	807	5055
PA|PP755594.1|A/cattle/Texas/24-008749-003/2024(H5N1)	808	5022
PA|PP755594.1|A/cattle/Texas/24-008749-003/2024(H5N1)	809	4878
PA|PP755594.1|A/cattle/Texas/24-008749-003/2024(H5N1)	810	4861
PA|PP755594.1|A/cattle/Texas/24-008749-003/2024(H5N1)	811	4859
PA|PP755594.1|A/cattle/Texas/24-008749-003/2024(H5N1)	812	4812
PA|PP755594.1|A/cattle/Texas/24-008749-003/2024(H5N1)	813	4784
PA|PP755594.1|A/cattle/Texas/24-008749-003/2024(H5N1)	814	4784
PA|PP755594.1|A/cattle/Texas/24-008749-003/2024(H5N1)	815	4783
PA|PP755594.1|A/cattle/Texas/24-008749-003/2024(H5N1)	816	4783
PA|PP755594.1|A/cattle/Texas/24-008749-003/2024(H5N1)	817	4767
PA|PP755594.1|A/cattle/Texas/24-008749-003/2024(H5N1)	818	4758
PA|PP755594.1|A/cattle/Texas/24-008749-003/2024(H5N1)	819	3634
PA|PP755594.1|A/cattle/Texas/24-008749-003/2024(H5N1)	820	3602
PA|PP755594.1|A/cattle/Texas/24-008749-003/2024(H5N1)	821	3600
PA|PP755594.1|A/cattle/Texas/24-008749-003/2024(H5N1)	822	3595
PA|PP755594.1|A/cattle/Texas/24-008749-003/2024(H5N1)	823	3597
PA|PP755594.1|A/cattle/Texas/24-008749-003/2024(H5N1)	824	3597
PA|PP755594.1|A/cattle/Texas/24-008749-003/2024(H5N1)	825	3578
PA|PP755594.1|A/cattle/Texas/24-008749-003/2024(H5N1)	826	3534
PA|PP755594.1|A/cattle/Texas/24-008749-003/2024(H5N1)	827	3533
PA|PP755594.1|A/cattle/Texas/24-008749-003/2024(H5N1)	828	3527
PA|PP755594.1|A/cattle/Texas/24-008749-003/2024(H5N1)	829	3527
PA|PP755594.1|A/cattle/Texas/24-008749-003/2024(H5N1)	830	3531
PA|PP755594.1|A/cattle/Texas/24-008749-003/2024(H5N1)	831	3530
PA|PP755594.1|A/cattle/Texas/24-008749-003/2024(H5N1)	832	3530
PA|PP755594.1|A/cattle/Texas/24-008749-003/2024(H5N1)	833	3530
PA|PP755594.1|A/cattle/Texas/24-008749-003/2024(H5N1)	834	3530
PA|PP755594.1|A/cattle/Texas/24-008749-003/2024(H5N1)	835	3424
PA|PP755594.1|A/cattle/Texas/24-008749-003/2024(H5N1)	836	3275
PA|PP755594.1|A/cattle/Texas/24-008749-003/2024(H5N1)	837	3273
PA|PP755594.1|A/cattle/Texas/24-008749-003/2024(H5N1)	838	3273
PA|PP755594.1|A/cattle/Texas/24-008749-003/2024(H5N1)	839	3273
PA|PP755594.1|A/cattle/Texas/24-008749-003/2024(H5N1)	840	3273
PA|PP755594.1|A/cattle/Texas/24-008749-003/2024(H5N1)	841	3273
PA|PP755594.1|A/cattle/Texas/24-008749-003/2024(H5N1)	842	3274
PA|PP755594.1|A/cattle/Texas/24-008749-003/2024(H5N1)	843	3274
PA|PP755594.1|A/cattle/Texas/24-008749-003/2024(H5N1)	844	3274
PA|PP755594.1|A/cattle/Texas/24-008749-003/2024(H5N1)	845	3252
PA|PP755594.1|A/cattle/Texas/24-008749-003/2024(H5N1)	846	3149
PA|PP755594.1|A/cattle/Texas/24-008749-003/2024(H5N1)	847	3149
PA|PP755594.1|A/cattle/Texas/24-008749-003/2024(H5N1)	848	3158
PA|PP755594.1|A/cattle/Texas/24-008749-003/2024(H5N1)	849	3188
PA|PP755594.1|A/cattle/Texas/24-008749-003/2024(H5N1)	850	3250
PA|PP755594.1|A/cattle/Texas/24-008749-003/2024(H5N1)	851	3251
PA|PP755594.1|A/cattle/Texas/24-008749-003/2024(H5N1)	852	3251
PA|PP755594.1|A/cattle/Texas/24-008749-003/2024(H5N1)	853	3251
PA|PP755594.1|A/cattle/Texas/24-008749-003/2024(H5N1)	854	3251
PA|PP755594.1|A/cattle/Texas/24-008749-003/2024(H5N1)	855	3128
PA|PP755594.1|A/cattle/Texas/24-008749-003/2024(H5N1)	856	3100
PA|PP755594.1|A/cattle/Texas/24-008749-003/2024(H5N1)	857	3093
PA|PP755594.1|A/cattle/Texas/24-008749-003/2024(H5N1)	858	3055
PA|PP755594.1|A/cattle/Texas/24-008749-003/2024(H5N1)	859	3055
PA|PP755594.1|A/cattle/Texas/24-008749-003/2024(H5N1)	860	3033
PA|PP755594.1|A/cattle/Texas/24-008749-003/2024(H5N1)	861	1958
PA|PP755594.1|A/cattle/Texas/24-008749-003/2024(H5N1)	862	1957
PA|PP755594.1|A/cattle/Texas/24-008749-003/2024(H5N1)	863	1957
PA|PP755594.1|A/cattle/Texas/24-008749-003/2024(H5N1)	864	1957
PA|PP755594.1|A/cattle/Texas/24-008749-003/2024(H5N1)	865	1981
PA|PP755594.1|A/cattle/Texas/24-008749-003/2024(H5N1)	866	1981
PA|PP755594.1|A/cattle/Texas/24-008749-003/2024(H5N1)	867	1981
PA|PP755594.1|A/cattle/Texas/24-008749-003/2024(H5N1)	868	1987
PA|PP755594.1|A/cattle/Texas/24-008749-003/2024(H5N1)	869	1987
PA|PP755594.1|A/cattle/Texas/24-008749-003/2024(H5N1)	870	1992
PA|PP755594.1|A/cattle/Texas/24-008749-003/2024(H5N1)	871	3867
PA|PP755594.1|A/cattle/Texas/24-008749-003/2024(H5N1)	872	3918
PA|PP755594.1|A/cattle/Texas/24-008749-003/2024(H5N1)	873	3929
PA|PP755594.1|A/cattle/Texas/24-008749-003/2024(H5N1)	874	3939
PA|PP755594.1|A/cattle/Texas/24-008749-003/2024(H5N1)	875	3985
PA|PP755594.1|A/cattle/Texas/24-008749-003/2024(H5N1)	876	3985
PA|PP755594.1|A/cattle/Texas/24-008749-003/2024(H5N1)	877	4012
PA|PP755594.1|A/cattle/Texas/24-008749-003/2024(H5N1)	878	4049
PA|PP755594.1|A/cattle/Texas/24-008749-003/2024(H5N1)	879	4062
PA|PP755594.1|A/cattle/Texas/24-008749-003/2024(H5N1)	880	4086
PA|PP755594.1|A/cattle/Texas/24-008749-003/2024(H5N1)	881	4146
PA|PP755594.1|A/cattle/Texas/24-008749-003/2024(H5N1)	882	4188
PA|PP755594.1|A/cattle/Texas/24-008749-003/2024(H5N1)	883	4197
PA|PP755594.1|A/cattle/Texas/24-008749-003/2024(H5N1)	884	4202
PA|PP755594.1|A/cattle/Texas/24-008749-003/2024(H5N1)	885	4222
PA|PP755594.1|A/cattle/Texas/24-008749-003/2024(H5N1)	886	4287
PA|PP755594.1|A/cattle/Texas/24-008749-003/2024(H5N1)	887	4329
PA|PP755594.1|A/cattle/Texas/24-008749-003/2024(H5N1)	888	4385
PA|PP755594.1|A/cattle/Texas/24-008749-003/2024(H5N1)	889	4396
PA|PP755594.1|A/cattle/Texas/24-008749-003/2024(H5N1)	890	4408
PA|PP755594.1|A/cattle/Texas/24-008749-003/2024(H5N1)	891	4693
PA|PP755594.1|A/cattle/Texas/24-008749-003/2024(H5N1)	892	4699
PA|PP755594.1|A/cattle/Texas/24-008749-003/2024(H5N1)	893	4725
PA|PP755594.1|A/cattle/Texas/24-008749-003/2024(H5N1)	894	4759
PA|PP755594.1|A/cattle/Texas/24-008749-003/2024(H5N1)	895	4854
PA|PP755594.1|A/cattle/Texas/24-008749-003/2024(H5N1)	896	4851
PA|PP755594.1|A/cattle/Texas/24-008749-003/2024(H5N1)	897	4645
PA|PP755594.1|A/cattle/Texas/24-008749-003/2024(H5N1)	898	4652
PA|PP755594.1|A/cattle/Texas/24-008749-003/2024(H5N1)	899	4659
PA|PP755594.1|A/cattle/Texas/24-008749-003/2024(H5N1)	900	4812
PA|PP755594.1|A/cattle/Texas/24-008749-003/2024(H5N1)	901	4867
PA|PP755594.1|A/cattle/Texas/24-008749-003/2024(H5N1)	902	5289
PA|PP755594.1|A/cattle/Texas/24-008749-003/2024(H5N1)	903	5119
PA|PP755594.1|A/cattle/Texas/24-008749-003/2024(H5N1)	904	5186
PA|PP755594.1|A/cattle/Texas/24-008749-003/2024(H5N1)	905	5191
PA|PP755594.1|A/cattle/Texas/24-008749-003/2024(H5N1)	906	5194
PA|PP755594.1|A/cattle/Texas/24-008749-003/2024(H5N1)	907	5800
PA|PP755594.1|A/cattle/Texas/24-008749-003/2024(H5N1)	908	5801
PA|PP755594.1|A/cattle/Texas/24-008749-003/2024(H5N1)	909	5385
PA|PP755594.1|A/cattle/Texas/24-008749-003/2024(H5N1)	910	5483
PA|PP755594.1|A/cattle/Texas/24-008749-003/2024(H5N1)	911	5487
PA|PP755594.1|A/cattle/Texas/24-008749-003/2024(H5N1)	912	5587
PA|PP755594.1|A/cattle/Texas/24-008749-003/2024(H5N1)	913	5606
PA|PP755594.1|A/cattle/Texas/24-008749-003/2024(H5N1)	914	5628
PA|PP755594.1|A/cattle/Texas/24-008749-003/2024(H5N1)	915	5163
PA|PP755594.1|A/cattle/Texas/24-008749-003/2024(H5N1)	916	5194
PA|PP755594.1|A/cattle/Texas/24-008749-003/2024(H5N1)	917	5284
PA|PP755594.1|A/cattle/Texas/24-008749-003/2024(H5N1)	918	5289
PA|PP755594.1|A/cattle/Texas/24-008749-003/2024(H5N1)	919	5311
PA|PP755594.1|A/cattle/Texas/24-008749-003/2024(H5N1)	920	5335
PA|PP755594.1|A/cattle/Texas/24-008749-003/2024(H5N1)	921	5290
PA|PP755594.1|A/cattle/Texas/24-008749-003/2024(H5N1)	922	5319
PA|PP755594.1|A/cattle/Texas/24-008749-003/2024(H5N1)	923	5318
PA|PP755594.1|A/cattle/Texas/24-008749-003/2024(H5N1)	924	5329
PA|PP755594.1|A/cattle/Texas/24-008749-003/2024(H5N1)	925	5330
PA|PP755594.1|A/cattle/Texas/24-008749-003/2024(H5N1)	926	5315
PA|PP755594.1|A/cattle/Texas/24-008749-003/2024(H5N1)	927	5322
PA|PP755594.1|A/cattle/Texas/24-008749-003/2024(H5N1)	928	5318
PA|PP755594.1|A/cattle/Texas/24-008749-003/2024(H5N1)	929	5307
PA|PP755594.1|A/cattle/Texas/24-008749-003/2024(H5N1)	930	5310
PA|PP755594.1|A/cattle/Texas/24-008749-003/2024(H5N1)	931	5296
PA|PP755594.1|A/cattle/Texas/24-008749-003/2024(H5N1)	932	5304
PA|PP755594.1|A/cattle/Texas/24-008749-003/2024(H5N1)	933	5300
PA|PP755594.1|A/cattle/Texas/24-008749-003/2024(H5N1)	934	5317
PA|PP755594.1|A/cattle/Texas/24-008749-003/2024(H5N1)	935	5317
PA|PP755594.1|A/cattle/Texas/24-008749-003/2024(H5N1)	936	5272
PA|PP755594.1|A/cattle/Texas/24-008749-003/2024(H5N1)	937	5261
PA|PP755594.1|A/cattle/Texas/24-008749-003/2024(H5N1)	938	5251
PA|PP755594.1|A/cattle/Texas/24-008749-003/2024(H5N1)	939	5230
PA|PP755594.1|A/cattle/Texas/24-008749-003/2024(H5N1)	940	5226
PA|PP755594.1|A/cattle/Texas/24-008749-003/2024(H5N1)	941	5184
PA|PP755594.1|A/cattle/Texas/24-008749-003/2024(H5N1)	942	5094
PA|PP755594.1|A/cattle/Texas/24-008749-003/2024(H5N1)	943	5086
PA|PP755594.1|A/cattle/Texas/24-008749-003/2024(H5N1)	944	5083
PA|PP755594.1|A/cattle/Texas/24-008749-003/2024(H5N1)	945	5076
PA|PP755594.1|A/cattle/Texas/24-008749-003/2024(H5N1)	946	5074
PA|PP755594.1|A/cattle/Texas/24-008749-003/2024(H5N1)	947	5061
PA|PP755594.1|A/cattle/Texas/24-008749-003/2024(H5N1)	948	5004
PA|PP755594.1|A/cattle/Texas/24-008749-003/2024(H5N1)	949	4996
PA|PP755594.1|A/cattle/Texas/24-008749-003/2024(H5N1)	950	4996
PA|PP755594.1|A/cattle/Texas/24-008749-003/2024(H5N1)	951	4996
PA|PP755594.1|A/cattle/Texas/24-008749-003/2024(H5N1)	952	4995
PA|PP755594.1|A/cattle/Texas/24-008749-003/2024(H5N1)	953	4978
PA|PP755594.1|A/cattle/Texas/24-008749-003/2024(H5N1)	954	4976
PA|PP755594.1|A/cattle/Texas/24-008749-003/2024(H5N1)	955	4951
PA|PP755594.1|A/cattle/Texas/24-008749-003/2024(H5N1)	956	4898
PA|PP755594.1|A/cattle/Texas/24-008749-003/2024(H5N1)	957	4898
PA|PP755594.1|A/cattle/Texas/24-008749-003/2024(H5N1)	958	4893
PA|PP755594.1|A/cattle/Texas/24-008749-003/2024(H5N1)	959	4846
PA|PP755594.1|A/cattle/Texas/24-008749-003/2024(H5N1)	960	4807
PA|PP755594.1|A/cattle/Texas/24-008749-003/2024(H5N1)	961	4766
PA|PP755594.1|A/cattle/Texas/24-008749-003/2024(H5N1)	962	4710
PA|PP755594.1|A/cattle/Texas/24-008749-003/2024(H5N1)	963	2834
PA|PP755594.1|A/cattle/Texas/24-008749-003/2024(H5N1)	964	2827
PA|PP755594.1|A/cattle/Texas/24-008749-003/2024(H5N1)	965	2827
PA|PP755594.1|A/cattle/Texas/24-008749-003/2024(H5N1)	966	2834
PA|PP755594.1|A/cattle/Texas/24-008749-003/2024(H5N1)	967	2833
PA|PP755594.1|A/cattle/Texas/24-008749-003/2024(H5N1)	968	2831
PA|PP755594.1|A/cattle/Texas/24-008749-003/2024(H5N1)	969	2831
PA|PP755594.1|A/cattle/Texas/24-008749-003/2024(H5N1)	970	2834
PA|PP755594.1|A/cattle/Texas/24-008749-003/2024(H5N1)	971	2835
PA|PP755594.1|A/cattle/Texas/24-008749-003/2024(H5N1)	972	2835
PA|PP755594.1|A/cattle/Texas/24-008749-003/2024(H5N1)	973	2861
PA|PP755594.1|A/cattle/Texas/24-008749-003/2024(H5N1)	974	3051
PA|PP755594.1|A/cattle/Texas/24-008749-003/2024(H5N1)	975	3051
PA|PP755594.1|A/cattle/Texas/24-008749-003/2024(H5N1)	976	3193
PA|PP755594.1|A/cattle/Texas/24-008749-003/2024(H5N1)	977	3208
PA|PP755594.1|A/cattle/Texas/24-008749-003/2024(H5N1)	978	3213
PA|PP755594.1|A/cattle/Texas/24-008749-003/2024(H5N1)	979	3217
PA|PP755594.1|A/cattle/Texas/24-008749-003/2024(H5N1)	980	3217
PA|PP755594.1|A/cattle/Texas/24-008749-003/2024(H5N1)	981	3212
PA|PP755594.1|A/cattle/Texas/24-008749-003/2024(H5N1)	982	3228
PA|PP755594.1|A/cattle/Texas/24-008749-003/2024(H5N1)	983	3228
PA|PP755594.1|A/cattle/Texas/24-008749-003/2024(H5N1)	984	3275
PA|PP755594.1|A/cattle/Texas/24-008749-003/2024(H5N1)	985	4510
PA|PP755594.1|A/cattle/Texas/24-008749-003/2024(H5N1)	986	4607
PA|PP755594.1|A/cattle/Texas/24-008749-003/2024(H5N1)	987	4635
PA|PP755594.1|A/cattle/Texas/24-008749-003/2024(H5N1)	988	4641
PA|PP755594.1|A/cattle/Texas/24-008749-003/2024(H5N1)	989	4647
PA|PP755594.1|A/cattle/Texas/24-008749-003/2024(H5N1)	990	4661
PA|PP755594.1|A/cattle/Texas/24-008749-003/2024(H5N1)	991	4698
PA|PP755594.1|A/cattle/Texas/24-008749-003/2024(H5N1)	992	4752
PA|PP755594.1|A/cattle/Texas/24-008749-003/2024(H5N1)	993	4912
PA|PP755594.1|A/cattle/Texas/24-008749-003/2024(H5N1)	994	4916
PA|PP755594.1|A/cattle/Texas/24-008749-003/2024(H5N1)	995	4922
PA|PP755594.1|A/cattle/Texas/24-008749-003/2024(H5N1)	996	4924
PA|PP755594.1|A/cattle/Texas/24-008749-003/2024(H5N1)	997	5033
PA|PP755594.1|A/cattle/Texas/24-008749-003/2024(H5N1)	998	5033
PA|PP755594.1|A/cattle/Texas/24-008749-003/2024(H5N1)	999	5033
PA|PP755594.1|A/cattle/Texas/24-008749-003/2024(H5N1)	1000	5033
PA|PP755594.1|A/cattle/Texas/24-008749-003/2024(H5N1)	1001	5052
PA|PP755594.1|A/cattle/Texas/24-008749-003/2024(H5N1)	1002	5059
PA|PP755594.1|A/cattle/Texas/24-008749-003/2024(H5N1)	1003	5187
PA|PP755594.1|A/cattle/Texas/24-008749-003/2024(H5N1)	1004	5200
PA|PP755594.1|A/cattle/Texas/24-008749-003/2024(H5N1)	1005	5207
PA|PP755594.1|A/cattle/Texas/24-008749-003/2024(H5N1)	1006	5265
PA|PP755594.1|A/cattle/Texas/24-008749-003/2024(H5N1)	1007	5539
PA|PP755594.1|A/cattle/Texas/24-008749-003/2024(H5N1)	1008	5552
PA|PP755594.1|A/cattle/Texas/24-008749-003/2024(H5N1)	1009	5593
PA|PP755594.1|A/cattle/Texas/24-008749-003/2024(H5N1)	1010	5714
PA|PP755594.1|A/cattle/Texas/24-008749-003/2024(H5N1)	1011	5715
PA|PP755594.1|A/cattle/Texas/24-008749-003/2024(H5N1)	1012	5715
PA|PP755594.1|A/cattle/Texas/24-008749-003/2024(H5N1)	1013	5729
PA|PP755594.1|A/cattle/Texas/24-008749-003/2024(H5N1)	1014	5762
PA|PP755594.1|A/cattle/Texas/24-008749-003/2024(H5N1)	1015	5840
PA|PP755594.1|A/cattle/Texas/24-008749-003/2024(H5N1)	1016	5832
PA|PP755594.1|A/cattle/Texas/24-008749-003/2024(H5N1)	1017	5832
PA|PP755594.1|A/cattle/Texas/24-008749-003/2024(H5N1)	1018	5800
PA|PP755594.1|A/cattle/Texas/24-008749-003/2024(H5N1)	1019	5795
PA|PP755594.1|A/cattle/Texas/24-008749-003/2024(H5N1)	1020	5826
PA|PP755594.1|A/cattle/Texas/24-008749-003/2024(H5N1)	1021	5865
PA|PP755594.1|A/cattle/Texas/24-008749-003/2024(H5N1)	1022	5897
PA|PP755594.1|A/cattle/Texas/24-008749-003/2024(H5N1)	1023	5876
PA|PP755594.1|A/cattle/Texas/24-008749-003/2024(H5N1)	1024	6075
PA|PP755594.1|A/cattle/Texas/24-008749-003/2024(H5N1)	1025	6073
PA|PP755594.1|A/cattle/Texas/24-008749-003/2024(H5N1)	1026	6076
PA|PP755594.1|A/cattle/Texas/24-008749-003/2024(H5N1)	1027	6110
PA|PP755594.1|A/cattle/Texas/24-008749-003/2024(H5N1)	1028	6131
PA|PP755594.1|A/cattle/Texas/24-008749-003/2024(H5N1)	1029	6088
PA|PP755594.1|A/cattle/Texas/24-008749-003/2024(H5N1)	1030	6112
PA|PP755594.1|A/cattle/Texas/24-008749-003/2024(H5N1)	1031	6070
PA|PP755594.1|A/cattle/Texas/24-008749-003/2024(H5N1)	1032	6161
PA|PP755594.1|A/cattle/Texas/24-008749-003/2024(H5N1)	1033	6117
PA|PP755594.1|A/cattle/Texas/24-008749-003/2024(H5N1)	1034	6097
PA|PP755594.1|A/cattle/Texas/24-008749-003/2024(H5N1)	1035	5980
PA|PP755594.1|A/cattle/Texas/24-008749-003/2024(H5N1)	1036	5908
PA|PP755594.1|A/cattle/Texas/24-008749-003/2024(H5N1)	1037	5902
PA|PP755594.1|A/cattle/Texas/24-008749-003/2024(H5N1)	1038	5870
PA|PP755594.1|A/cattle/Texas/24-008749-003/2024(H5N1)	1039	5903
PA|PP755594.1|A/cattle/Texas/24-008749-003/2024(H5N1)	1040	5920
PA|PP755594.1|A/cattle/Texas/24-008749-003/2024(H5N1)	1041	5963
PA|PP755594.1|A/cattle/Texas/24-008749-003/2024(H5N1)	1042	5621
PA|PP755594.1|A/cattle/Texas/24-008749-003/2024(H5N1)	1043	6425
PA|PP755594.1|A/cattle/Texas/24-008749-003/2024(H5N1)	1044	6438
PA|PP755594.1|A/cattle/Texas/24-008749-003/2024(H5N1)	1045	6451
PA|PP755594.1|A/cattle/Texas/24-008749-003/2024(H5N1)	1046	6378
PA|PP755594.1|A/cattle/Texas/24-008749-003/2024(H5N1)	1047	6396
PA|PP755594.1|A/cattle/Texas/24-008749-003/2024(H5N1)	1048	6446
PA|PP755594.1|A/cattle/Texas/24-008749-003/2024(H5N1)	1049	6508
PA|PP755594.1|A/cattle/Texas/24-008749-003/2024(H5N1)	1050	6473
PA|PP755594.1|A/cattle/Texas/24-008749-003/2024(H5N1)	1051	6349
PA|PP755594.1|A/cattle/Texas/24-008749-003/2024(H5N1)	1052	6327
PA|PP755594.1|A/cattle/Texas/24-008749-003/2024(H5N1)	1053	5944
PA|PP755594.1|A/cattle/Texas/24-008749-003/2024(H5N1)	1054	5964
PA|PP755594.1|A/cattle/Texas/24-008749-003/2024(H5N1)	1055	6030
PA|PP755594.1|A/cattle/Texas/24-008749-003/2024(H5N1)	1056	6040
PA|PP755594.1|A/cattle/Texas/24-008749-003/2024(H5N1)	1057	6178
PA|PP755594.1|A/cattle/Texas/24-008749-003/2024(H5N1)	1058	5636
PA|PP755594.1|A/cattle/Texas/24-008749-003/2024(H5N1)	1059	5633
PA|PP755594.1|A/cattle/Texas/24-008749-003/2024(H5N1)	1060	5639
PA|PP755594.1|A/cattle/Texas/24-008749-003/2024(H5N1)	1061	5581
PA|PP755594.1|A/cattle/Texas/24-008749-003/2024(H5N1)	1062	5479
PA|PP755594.1|A/cattle/Texas/24-008749-003/2024(H5N1)	1063	5468
PA|PP755594.1|A/cattle/Texas/24-008749-003/2024(H5N1)	1064	5465
PA|PP755594.1|A/cattle/Texas/24-008749-003/2024(H5N1)	1065	5445
PA|PP755594.1|A/cattle/Texas/24-008749-003/2024(H5N1)	1066	5444
PA|PP755594.1|A/cattle/Texas/24-008749-003/2024(H5N1)	1067	5443
PA|PP755594.1|A/cattle/Texas/24-008749-003/2024(H5N1)	1068	5341
PA|PP755594.1|A/cattle/Texas/24-008749-003/2024(H5N1)	1069	5347
PA|PP755594.1|A/cattle/Texas/24-008749-003/2024(H5N1)	1070	5332
PA|PP755594.1|A/cattle/Texas/24-008749-003/2024(H5N1)	1071	5320
PA|PP755594.1|A/cattle/Texas/24-008749-003/2024(H5N1)	1072	5574
PA|PP755594.1|A/cattle/Texas/24-008749-003/2024(H5N1)	1073	5576
PA|PP755594.1|A/cattle/Texas/24-008749-003/2024(H5N1)	1074	5604
PA|PP755594.1|A/cattle/Texas/24-008749-003/2024(H5N1)	1075	5607
PA|PP755594.1|A/cattle/Texas/24-008749-003/2024(H5N1)	1076	5689
PA|PP755594.1|A/cattle/Texas/24-008749-003/2024(H5N1)	1077	5649
PA|PP755594.1|A/cattle/Texas/24-008749-003/2024(H5N1)	1078	5648
PA|PP755594.1|A/cattle/Texas/24-008749-003/2024(H5N1)	1079	5639
PA|PP755594.1|A/cattle/Texas/24-008749-003/2024(H5N1)	1080	5692
PA|PP755594.1|A/cattle/Texas/24-008749-003/2024(H5N1)	1081	5677
PA|PP755594.1|A/cattle/Texas/24-008749-003/2024(H5N1)	1082	5674
PA|PP755594.1|A/cattle/Texas/24-008749-003/2024(H5N1)	1083	5679
PA|PP755594.1|A/cattle/Texas/24-008749-003/2024(H5N1)	1084	5679
PA|PP755594.1|A/cattle/Texas/24-008749-003/2024(H5N1)	1085	5695
PA|PP755594.1|A/cattle/Texas/24-008749-003/2024(H5N1)	1086	5718
PA|PP755594.1|A/cattle/Texas/24-008749-003/2024(H5N1)	1087	5714
PA|PP755594.1|A/cattle/Texas/24-008749-003/2024(H5N1)	1088	5728
PA|PP755594.1|A/cattle/Texas/24-008749-003/2024(H5N1)	1089	5653
PA|PP755594.1|A/cattle/Texas/24-008749-003/2024(H5N1)	1090	5651
PA|PP755594.1|A/cattle/Texas/24-008749-003/2024(H5N1)	1091	5642
PA|PP755594.1|A/cattle/Texas/24-008749-003/2024(H5N1)	1092	5754
PA|PP755594.1|A/cattle/Texas/24-008749-003/2024(H5N1)	1093	5915
PA|PP755594.1|A/cattle/Texas/24-008749-003/2024(H5N1)	1094	5890
PA|PP755594.1|A/cattle/Texas/24-008749-003/2024(H5N1)	1095	5909
PA|PP755594.1|A/cattle/Texas/24-008749-003/2024(H5N1)	1096	5914
PA|PP755594.1|A/cattle/Texas/24-008749-003/2024(H5N1)	1097	5963
PA|PP755594.1|A/cattle/Texas/24-008749-003/2024(H5N1)	1098	5926
PA|PP755594.1|A/cattle/Texas/24-008749-003/2024(H5N1)	1099	5962
PA|PP755594.1|A/cattle/Texas/24-008749-003/2024(H5N1)	1100	6008
PA|PP755594.1|A/cattle/Texas/24-008749-003/2024(H5N1)	1101	5981
PA|PP755594.1|A/cattle/Texas/24-008749-003/2024(H5N1)	1102	5785
PA|PP755594.1|A/cattle/Texas/24-008749-003/2024(H5N1)	1103	5752
PA|PP755594.1|A/cattle/Texas/24-008749-003/2024(H5N1)	1104	5777
PA|PP755594.1|A/cattle/Texas/24-008749-003/2024(H5N1)	1105	5812
PA|PP755594.1|A/cattle/Texas/24-008749-003/2024(H5N1)	1106	5813
PA|PP755594.1|A/cattle/Texas/24-008749-003/2024(H5N1)	1107	5800
PA|PP755594.1|A/cattle/Texas/24-008749-003/2024(H5N1)	1108	5771
PA|PP755594.1|A/cattle/Texas/24-008749-003/2024(H5N1)	1109	5748
PA|PP755594.1|A/cattle/Texas/24-008749-003/2024(H5N1)	1110	5747
PA|PP755594.1|A/cattle/Texas/24-008749-003/2024(H5N1)	1111	5952
PA|PP755594.1|A/cattle/Texas/24-008749-003/2024(H5N1)	1112	5923
PA|PP755594.1|A/cattle/Texas/24-008749-003/2024(H5N1)	1113	5928
PA|PP755594.1|A/cattle/Texas/24-008749-003/2024(H5N1)	1114	5929
PA|PP755594.1|A/cattle/Texas/24-008749-003/2024(H5N1)	1115	5893
PA|PP755594.1|A/cattle/Texas/24-008749-003/2024(H5N1)	1116	6150
PA|PP755594.1|A/cattle/Texas/24-008749-003/2024(H5N1)	1117	6031
PA|PP755594.1|A/cattle/Texas/24-008749-003/2024(H5N1)	1118	6141
PA|PP755594.1|A/cattle/Texas/24-008749-003/2024(H5N1)	1119	6143
PA|PP755594.1|A/cattle/Texas/24-008749-003/2024(H5N1)	1120	5934
PA|PP755594.1|A/cattle/Texas/24-008749-003/2024(H5N1)	1121	5934
PA|PP755594.1|A/cattle/Texas/24-008749-003/2024(H5N1)	1122	5925
PA|PP755594.1|A/cattle/Texas/24-008749-003/2024(H5N1)	1123	5932
PA|PP755594.1|A/cattle/Texas/24-008749-003/2024(H5N1)	1124	5897
PA|PP755594.1|A/cattle/Texas/24-008749-003/2024(H5N1)	1125	5651
PA|PP755594.1|A/cattle/Texas/24-008749-003/2024(H5N1)	1126	5580
PA|PP755594.1|A/cattle/Texas/24-008749-003/2024(H5N1)	1127	5533
PA|PP755594.1|A/cattle/Texas/24-008749-003/2024(H5N1)	1128	5519
PA|PP755594.1|A/cattle/Texas/24-008749-003/2024(H5N1)	1129	5936
PA|PP755594.1|A/cattle/Texas/24-008749-003/2024(H5N1)	1130	5944
PA|PP755594.1|A/cattle/Texas/24-008749-003/2024(H5N1)	1131	5943
PA|PP755594.1|A/cattle/Texas/24-008749-003/2024(H5N1)	1132	5953
PA|PP755594.1|A/cattle/Texas/24-008749-003/2024(H5N1)	1133	5986
PA|PP755594.1|A/cattle/Texas/24-008749-003/2024(H5N1)	1134	5994
PA|PP755594.1|A/cattle/Texas/24-008749-003/2024(H5N1)	1135	5956
PA|PP755594.1|A/cattle/Texas/24-008749-003/2024(H5N1)	1136	5846
PA|PP755594.1|A/cattle/Texas/24-008749-003/2024(H5N1)	1137	5777
PA|PP755594.1|A/cattle/Texas/24-008749-003/2024(H5N1)	1138	5760
PA|PP755594.1|A/cattle/Texas/24-008749-003/2024(H5N1)	1139	5911
PA|PP755594.1|A/cattle/Texas/24-008749-003/2024(H5N1)	1140	5889
PA|PP755594.1|A/cattle/Texas/24-008749-003/2024(H5N1)	1141	5887
PA|PP755594.1|A/cattle/Texas/24-008749-003/2024(H5N1)	1142	5889
PA|PP755594.1|A/cattle/Texas/24-008749-003/2024(H5N1)	1143	5873
PA|PP755594.1|A/cattle/Texas/24-008749-003/2024(H5N1)	1144	5709
PA|PP755594.1|A/cattle/Texas/24-008749-003/2024(H5N1)	1145	5723
PA|PP755594.1|A/cattle/Texas/24-008749-003/2024(H5N1)	1146	5723
PA|PP755594.1|A/cattle/Texas/24-008749-003/2024(H5N1)	1147	5744
PA|PP755594.1|A/cattle/Texas/24-008749-003/2024(H5N1)	1148	5604
PA|PP755594.1|A/cattle/Texas/24-008749-003/2024(H5N1)	1149	5707
PA|PP755594.1|A/cattle/Texas/24-008749-003/2024(H5N1)	1150	5825
PA|PP755594.1|A/cattle/Texas/24-008749-003/2024(H5N1)	1151	5825
PA|PP755594.1|A/cattle/Texas/24-008749-003/2024(H5N1)	1152	5819
PA|PP755594.1|A/cattle/Texas/24-008749-003/2024(H5N1)	1153	5811
PA|PP755594.1|A/cattle/Texas/24-008749-003/2024(H5N1)	1154	5744
PA|PP755594.1|A/cattle/Texas/24-008749-003/2024(H5N1)	1155	5705
PA|PP755594.1|A/cattle/Texas/24-008749-003/2024(H5N1)	1156	5828
PA|PP755594.1|A/cattle/Texas/24-008749-003/2024(H5N1)	1157	5827
PA|PP755594.1|A/cattle/Texas/24-008749-003/2024(H5N1)	1158	5540
PA|PP755594.1|A/cattle/Texas/24-008749-003/2024(H5N1)	1159	5529
PA|PP755594.1|A/cattle/Texas/24-008749-003/2024(H5N1)	1160	5389
PA|PP755594.1|A/cattle/Texas/24-008749-003/2024(H5N1)	1161	5373
PA|PP755594.1|A/cattle/Texas/24-008749-003/2024(H5N1)	1162	5368
PA|PP755594.1|A/cattle/Texas/24-008749-003/2024(H5N1)	1163	5370
PA|PP755594.1|A/cattle/Texas/24-008749-003/2024(H5N1)	1164	5324
PA|PP755594.1|A/cattle/Texas/24-008749-003/2024(H5N1)	1165	5258
PA|PP755594.1|A/cattle/Texas/24-008749-003/2024(H5N1)	1166	5242
PA|PP755594.1|A/cattle/Texas/24-008749-003/2024(H5N1)	1167	5227
PA|PP755594.1|A/cattle/Texas/24-008749-003/2024(H5N1)	1168	5212
PA|PP755594.1|A/cattle/Texas/24-008749-003/2024(H5N1)	1169	5207
PA|PP755594.1|A/cattle/Texas/24-008749-003/2024(H5N1)	1170	5204
PA|PP755594.1|A/cattle/Texas/24-008749-003/2024(H5N1)	1171	5164
PA|PP755594.1|A/cattle/Texas/24-008749-003/2024(H5N1)	1172	5087
PA|PP755594.1|A/cattle/Texas/24-008749-003/2024(H5N1)	1173	5055
PA|PP755594.1|A/cattle/Texas/24-008749-003/2024(H5N1)	1174	5052
PA|PP755594.1|A/cattle/Texas/24-008749-003/2024(H5N1)	1175	4776
PA|PP755594.1|A/cattle/Texas/24-008749-003/2024(H5N1)	1176	4769
PA|PP755594.1|A/cattle/Texas/24-008749-003/2024(H5N1)	1177	4745
PA|PP755594.1|A/cattle/Texas/24-008749-003/2024(H5N1)	1178	4721
PA|PP755594.1|A/cattle/Texas/24-008749-003/2024(H5N1)	1179	3446
PA|PP755594.1|A/cattle/Texas/24-008749-003/2024(H5N1)	1180	3438
PA|PP755594.1|A/cattle/Texas/24-008749-003/2024(H5N1)	1181	3400
PA|PP755594.1|A/cattle/Texas/24-008749-003/2024(H5N1)	1182	3391
PA|PP755594.1|A/cattle/Texas/24-008749-003/2024(H5N1)	1183	3391
PA|PP755594.1|A/cattle/Texas/24-008749-003/2024(H5N1)	1184	3391
PA|PP755594.1|A/cattle/Texas/24-008749-003/2024(H5N1)	1185	3152
PA|PP755594.1|A/cattle/Texas/24-008749-003/2024(H5N1)	1186	3152
PA|PP755594.1|A/cattle/Texas/24-008749-003/2024(H5N1)	1187	3152
PA|PP755594.1|A/cattle/Texas/24-008749-003/2024(H5N1)	1188	3152
PA|PP755594.1|A/cattle/Texas/24-008749-003/2024(H5N1)	1189	3152
PA|PP755594.1|A/cattle/Texas/24-008749-003/2024(H5N1)	1190	3152
PA|PP755594.1|A/cattle/Texas/24-008749-003/2024(H5N1)	1191	3152
PA|PP755594.1|A/cattle/Texas/24-008749-003/2024(H5N1)	1192	4109
PA|PP755594.1|A/cattle/Texas/24-008749-003/2024(H5N1)	1193	4109
PA|PP755594.1|A/cattle/Texas/24-008749-003/2024(H5N1)	1194	4109
PA|PP755594.1|A/cattle/Texas/24-008749-003/2024(H5N1)	1195	4109
PA|PP755594.1|A/cattle/Texas/24-008749-003/2024(H5N1)	1196	4109
PA|PP755594.1|A/cattle/Texas/24-008749-003/2024(H5N1)	1197	4110
PA|PP755594.1|A/cattle/Texas/24-008749-003/2024(H5N1)	1198	4110
PA|PP755594.1|A/cattle/Texas/24-008749-003/2024(H5N1)	1199	4399
PA|PP755594.1|A/cattle/Texas/24-008749-003/2024(H5N1)	1200	4429
PA|PP755594.1|A/cattle/Texas/24-008749-003/2024(H5N1)	1201	4429
PA|PP755594.1|A/cattle/Texas/24-008749-003/2024(H5N1)	1202	4429
PA|PP755594.1|A/cattle/Texas/24-008749-003/2024(H5N1)	1203	4429
PA|PP755594.1|A/cattle/Texas/24-008749-003/2024(H5N1)	1204	4429
PA|PP755594.1|A/cattle/Texas/24-008749-003/2024(H5N1)	1205	4348
PA|PP755594.1|A/cattle/Texas/24-008749-003/2024(H5N1)	1206	4204
PA|PP755594.1|A/cattle/Texas/24-008749-003/2024(H5N1)	1207	4204
PA|PP755594.1|A/cattle/Texas/24-008749-003/2024(H5N1)	1208	4204
PA|PP755594.1|A/cattle/Texas/24-008749-003/2024(H5N1)	1209	4204
PA|PP755594.1|A/cattle/Texas/24-008749-003/2024(H5N1)	1210	4204
PA|PP755594.1|A/cattle/Texas/24-008749-003/2024(H5N1)	1211	4165
PA|PP755594.1|A/cattle/Texas/24-008749-003/2024(H5N1)	1212	4165
PA|PP755594.1|A/cattle/Texas/24-008749-003/2024(H5N1)	1213	4165
PA|PP755594.1|A/cattle/Texas/24-008749-003/2024(H5N1)	1214	4165
PA|PP755594.1|A/cattle/Texas/24-008749-003/2024(H5N1)	1215	4164
PA|PP755594.1|A/cattle/Texas/24-008749-003/2024(H5N1)	1216	4475
PA|PP755594.1|A/cattle/Texas/24-008749-003/2024(H5N1)	1217	4475
PA|PP755594.1|A/cattle/Texas/24-008749-003/2024(H5N1)	1218	4474
PA|PP755594.1|A/cattle/Texas/24-008749-003/2024(H5N1)	1219	4493
PA|PP755594.1|A/cattle/Texas/24-008749-003/2024(H5N1)	1220	4496
PA|PP755594.1|A/cattle/Texas/24-008749-003/2024(H5N1)	1221	4482
PA|PP755594.1|A/cattle/Texas/24-008749-003/2024(H5N1)	1222	4482
PA|PP755594.1|A/cattle/Texas/24-008749-003/2024(H5N1)	1223	4484
PA|PP755594.1|A/cattle/Texas/24-008749-003/2024(H5N1)	1224	4523
PA|PP755594.1|A/cattle/Texas/24-008749-003/2024(H5N1)	1225	4651
PA|PP755594.1|A/cattle/Texas/24-008749-003/2024(H5N1)	1226	4646
PA|PP755594.1|A/cattle/Texas/24-008749-003/2024(H5N1)	1227	4565
PA|PP755594.1|A/cattle/Texas/24-008749-003/2024(H5N1)	1228	4548
PA|PP755594.1|A/cattle/Texas/24-008749-003/2024(H5N1)	1229	4546
PA|PP755594.1|A/cattle/Texas/24-008749-003/2024(H5N1)	1230	4543
PA|PP755594.1|A/cattle/Texas/24-008749-003/2024(H5N1)	1231	4494
PA|PP755594.1|A/cattle/Texas/24-008749-003/2024(H5N1)	1232	4484
PA|PP755594.1|A/cattle/Texas/24-008749-003/2024(H5N1)	1233	4461
PA|PP755594.1|A/cattle/Texas/24-008749-003/2024(H5N1)	1234	4439
PA|PP755594.1|A/cattle/Texas/24-008749-003/2024(H5N1)	1235	4437
PA|PP755594.1|A/cattle/Texas/24-008749-003/2024(H5N1)	1236	4385
PA|PP755594.1|A/cattle/Texas/24-008749-003/2024(H5N1)	1237	4334
PA|PP755594.1|A/cattle/Texas/24-008749-003/2024(H5N1)	1238	4332
PA|PP755594.1|A/cattle/Texas/24-008749-003/2024(H5N1)	1239	4310
PA|PP755594.1|A/cattle/Texas/24-008749-003/2024(H5N1)	1240	4309
PA|PP755594.1|A/cattle/Texas/24-008749-003/2024(H5N1)	1241	4295
PA|PP755594.1|A/cattle/Texas/24-008749-003/2024(H5N1)	1242	4140
PA|PP755594.1|A/cattle/Texas/24-008749-003/2024(H5N1)	1243	4132
PA|PP755594.1|A/cattle/Texas/24-008749-003/2024(H5N1)	1244	3994
PA|PP755594.1|A/cattle/Texas/24-008749-003/2024(H5N1)	1245	1831
PA|PP755594.1|A/cattle/Texas/24-008749-003/2024(H5N1)	1246	1815
PA|PP755594.1|A/cattle/Texas/24-008749-003/2024(H5N1)	1247	1807
PA|PP755594.1|A/cattle/Texas/24-008749-003/2024(H5N1)	1248	1752
PA|PP755594.1|A/cattle/Texas/24-008749-003/2024(H5N1)	1249	1739
PA|PP755594.1|A/cattle/Texas/24-008749-003/2024(H5N1)	1250	1739
PA|PP755594.1|A/cattle/Texas/24-008749-003/2024(H5N1)	1251	1701
PA|PP755594.1|A/cattle/Texas/24-008749-003/2024(H5N1)	1252	1688
PA|PP755594.1|A/cattle/Texas/24-008749-003/2024(H5N1)	1253	1673
PA|PP755594.1|A/cattle/Texas/24-008749-003/2024(H5N1)	1254	1632
PA|PP755594.1|A/cattle/Texas/24-008749-003/2024(H5N1)	1255	1632
PA|PP755594.1|A/cattle/Texas/24-008749-003/2024(H5N1)	1256	1632
PA|PP755594.1|A/cattle/Texas/24-008749-003/2024(H5N1)	1257	1550
PA|PP755594.1|A/cattle/Texas/24-008749-003/2024(H5N1)	1258	1550
PA|PP755594.1|A/cattle/Texas/24-008749-003/2024(H5N1)	1259	1550
PA|PP755594.1|A/cattle/Texas/24-008749-003/2024(H5N1)	1260	1550
PA|PP755594.1|A/cattle/Texas/24-008749-003/2024(H5N1)	1261	1550
PA|PP755594.1|A/cattle/Texas/24-008749-003/2024(H5N1)	1262	1549
PA|PP755594.1|A/cattle/Texas/24-008749-003/2024(H5N1)	1263	1549
PA|PP755594.1|A/cattle/Texas/24-008749-003/2024(H5N1)	1264	1552
PA|PP755594.1|A/cattle/Texas/24-008749-003/2024(H5N1)	1265	1953
PA|PP755594.1|A/cattle/Texas/24-008749-003/2024(H5N1)	1266	2083
PA|PP755594.1|A/cattle/Texas/24-008749-003/2024(H5N1)	1267	2083
PA|PP755594.1|A/cattle/Texas/24-008749-003/2024(H5N1)	1268	2083
PA|PP755594.1|A/cattle/Texas/24-008749-003/2024(H5N1)	1269	2083
PA|PP755594.1|A/cattle/Texas/24-008749-003/2024(H5N1)	1270	2225
PA|PP755594.1|A/cattle/Texas/24-008749-003/2024(H5N1)	1271	2246
PA|PP755594.1|A/cattle/Texas/24-008749-003/2024(H5N1)	1272	2246
PA|PP755594.1|A/cattle/Texas/24-008749-003/2024(H5N1)	1273	2246
PA|PP755594.1|A/cattle/Texas/24-008749-003/2024(H5N1)	1274	2246
PA|PP755594.1|A/cattle/Texas/24-008749-003/2024(H5N1)	1275	2246
PA|PP755594.1|A/cattle/Texas/24-008749-003/2024(H5N1)	1276	2247
PA|PP755594.1|A/cattle/Texas/24-008749-003/2024(H5N1)	1277	2247
PA|PP755594.1|A/cattle/Texas/24-008749-003/2024(H5N1)	1278	2247
PA|PP755594.1|A/cattle/Texas/24-008749-003/2024(H5N1)	1279	2251
PA|PP755594.1|A/cattle/Texas/24-008749-003/2024(H5N1)	1280	2359
PA|PP755594.1|A/cattle/Texas/24-008749-003/2024(H5N1)	1281	2359
PA|PP755594.1|A/cattle/Texas/24-008749-003/2024(H5N1)	1282	4162
PA|PP755594.1|A/cattle/Texas/24-008749-003/2024(H5N1)	1283	4184
PA|PP755594.1|A/cattle/Texas/24-008749-003/2024(H5N1)	1284	4201
PA|PP755594.1|A/cattle/Texas/24-008749-003/2024(H5N1)	1285	4247
PA|PP755594.1|A/cattle/Texas/24-008749-003/2024(H5N1)	1286	4414
PA|PP755594.1|A/cattle/Texas/24-008749-003/2024(H5N1)	1287	4504
PA|PP755594.1|A/cattle/Texas/24-008749-003/2024(H5N1)	1288	4522
PA|PP755594.1|A/cattle/Texas/24-008749-003/2024(H5N1)	1289	4538
PA|PP755594.1|A/cattle/Texas/24-008749-003/2024(H5N1)	1290	4542
PA|PP755594.1|A/cattle/Texas/24-008749-003/2024(H5N1)	1291	4544
PA|PP755594.1|A/cattle/Texas/24-008749-003/2024(H5N1)	1292	4710
PA|PP755594.1|A/cattle/Texas/24-008749-003/2024(H5N1)	1293	4710
PA|PP755594.1|A/cattle/Texas/24-008749-003/2024(H5N1)	1294	4726
PA|PP755594.1|A/cattle/Texas/24-008749-003/2024(H5N1)	1295	4854
PA|PP755594.1|A/cattle/Texas/24-008749-003/2024(H5N1)	1296	4867
PA|PP755594.1|A/cattle/Texas/24-008749-003/2024(H5N1)	1297	4873
PA|PP755594.1|A/cattle/Texas/24-008749-003/2024(H5N1)	1298	4874
PA|PP755594.1|A/cattle/Texas/24-008749-003/2024(H5N1)	1299	4876
PA|PP755594.1|A/cattle/Texas/24-008749-003/2024(H5N1)	1300	4883
PA|PP755594.1|A/cattle/Texas/24-008749-003/2024(H5N1)	1301	4882
PA|PP755594.1|A/cattle/Texas/24-008749-003/2024(H5N1)	1302	4882
PA|PP755594.1|A/cattle/Texas/24-008749-003/2024(H5N1)	1303	4987
PA|PP755594.1|A/cattle/Texas/24-008749-003/2024(H5N1)	1304	4998
PA|PP755594.1|A/cattle/Texas/24-008749-003/2024(H5N1)	1305	5000
PA|PP755594.1|A/cattle/Texas/24-008749-003/2024(H5N1)	1306	5067
PA|PP755594.1|A/cattle/Texas/24-008749-003/2024(H5N1)	1307	5114
PA|PP755594.1|A/cattle/Texas/24-008749-003/2024(H5N1)	1308	5121
PA|PP755594.1|A/cattle/Texas/24-008749-003/2024(H5N1)	1309	5124
PA|PP755594.1|A/cattle/Texas/24-008749-003/2024(H5N1)	1310	5124
PA|PP755594.1|A/cattle/Texas/24-008749-003/2024(H5N1)	1311	5246
PA|PP755594.1|A/cattle/Texas/24-008749-003/2024(H5N1)	1312	5245
PA|PP755594.1|A/cattle/Texas/24-008749-003/2024(H5N1)	1313	5246
PA|PP755594.1|A/cattle/Texas/24-008749-003/2024(H5N1)	1314	5246
PA|PP755594.1|A/cattle/Texas/24-008749-003/2024(H5N1)	1315	5246
PA|PP755594.1|A/cattle/Texas/24-008749-003/2024(H5N1)	1316	5082
PA|PP755594.1|A/cattle/Texas/24-008749-003/2024(H5N1)	1317	4600
PA|PP755594.1|A/cattle/Texas/24-008749-003/2024(H5N1)	1318	4601
PA|PP755594.1|A/cattle/Texas/24-008749-003/2024(H5N1)	1319	4601
PA|PP755594.1|A/cattle/Texas/24-008749-003/2024(H5N1)	1320	4599
PA|PP755594.1|A/cattle/Texas/24-008749-003/2024(H5N1)	1321	4601
PA|PP755594.1|A/cattle/Texas/24-008749-003/2024(H5N1)	1322	4998
PA|PP755594.1|A/cattle/Texas/24-008749-003/2024(H5N1)	1323	5014
PA|PP755594.1|A/cattle/Texas/24-008749-003/2024(H5N1)	1324	5036
PA|PP755594.1|A/cattle/Texas/24-008749-003/2024(H5N1)	1325	5046
PA|PP755594.1|A/cattle/Texas/24-008749-003/2024(H5N1)	1326	5056
PA|PP755594.1|A/cattle/Texas/24-008749-003/2024(H5N1)	1327	5078
PA|PP755594.1|A/cattle/Texas/24-008749-003/2024(H5N1)	1328	5083
PA|PP755594.1|A/cattle/Texas/24-008749-003/2024(H5N1)	1329	5194
PA|PP755594.1|A/cattle/Texas/24-008749-003/2024(H5N1)	1330	5226
PA|PP755594.1|A/cattle/Texas/24-008749-003/2024(H5N1)	1331	5233
PA|PP755594.1|A/cattle/Texas/24-008749-003/2024(H5N1)	1332	5262
PA|PP755594.1|A/cattle/Texas/24-008749-003/2024(H5N1)	1333	5312
PA|PP755594.1|A/cattle/Texas/24-008749-003/2024(H5N1)	1334	5316
PA|PP755594.1|A/cattle/Texas/24-008749-003/2024(H5N1)	1335	5334
PA|PP755594.1|A/cattle/Texas/24-008749-003/2024(H5N1)	1336	5335
PA|PP755594.1|A/cattle/Texas/24-008749-003/2024(H5N1)	1337	5336
PA|PP755594.1|A/cattle/Texas/24-008749-003/2024(H5N1)	1338	5336
PA|PP755594.1|A/cattle/Texas/24-008749-003/2024(H5N1)	1339	5329
PA|PP755594.1|A/cattle/Texas/24-008749-003/2024(H5N1)	1340	5415
PA|PP755594.1|A/cattle/Texas/24-008749-003/2024(H5N1)	1341	5406
PA|PP755594.1|A/cattle/Texas/24-008749-003/2024(H5N1)	1342	5357
PA|PP755594.1|A/cattle/Texas/24-008749-003/2024(H5N1)	1343	5345
PA|PP755594.1|A/cattle/Texas/24-008749-003/2024(H5N1)	1344	4884
PA|PP755594.1|A/cattle/Texas/24-008749-003/2024(H5N1)	1345	4951
PA|PP755594.1|A/cattle/Texas/24-008749-003/2024(H5N1)	1346	4951
PA|PP755594.1|A/cattle/Texas/24-008749-003/2024(H5N1)	1347	4951
PA|PP755594.1|A/cattle/Texas/24-008749-003/2024(H5N1)	1348	4973
PA|PP755594.1|A/cattle/Texas/24-008749-003/2024(H5N1)	1349	5067
PA|PP755594.1|A/cattle/Texas/24-008749-003/2024(H5N1)	1350	5140
PA|PP755594.1|A/cattle/Texas/24-008749-003/2024(H5N1)	1351	5316
PA|PP755594.1|A/cattle/Texas/24-008749-003/2024(H5N1)	1352	5322
PA|PP755594.1|A/cattle/Texas/24-008749-003/2024(H5N1)	1353	5395
PA|PP755594.1|A/cattle/Texas/24-008749-003/2024(H5N1)	1354	5436
PA|PP755594.1|A/cattle/Texas/24-008749-003/2024(H5N1)	1355	5550
PA|PP755594.1|A/cattle/Texas/24-008749-003/2024(H5N1)	1356	5819
PA|PP755594.1|A/cattle/Texas/24-008749-003/2024(H5N1)	1357	5833
PA|PP755594.1|A/cattle/Texas/24-008749-003/2024(H5N1)	1358	5941
PA|PP755594.1|A/cattle/Texas/24-008749-003/2024(H5N1)	1359	5971
PA|PP755594.1|A/cattle/Texas/24-008749-003/2024(H5N1)	1360	5937
PA|PP755594.1|A/cattle/Texas/24-008749-003/2024(H5N1)	1361	5966
PA|PP755594.1|A/cattle/Texas/24-008749-003/2024(H5N1)	1362	5968
PA|PP755594.1|A/cattle/Texas/24-008749-003/2024(H5N1)	1363	5958
PA|PP755594.1|A/cattle/Texas/24-008749-003/2024(H5N1)	1364	5973
PA|PP755594.1|A/cattle/Texas/24-008749-003/2024(H5N1)	1365	5947
PA|PP755594.1|A/cattle/Texas/24-008749-003/2024(H5N1)	1366	6022
PA|PP755594.1|A/cattle/Texas/24-008749-003/2024(H5N1)	1367	5993
PA|PP755594.1|A/cattle/Texas/24-008749-003/2024(H5N1)	1368	5988
PA|PP755594.1|A/cattle/Texas/24-008749-003/2024(H5N1)	1369	6003
PA|PP755594.1|A/cattle/Texas/24-008749-003/2024(H5N1)	1370	6012
PA|PP755594.1|A/cattle/Texas/24-008749-003/2024(H5N1)	1371	6022
PA|PP755594.1|A/cattle/Texas/24-008749-003/2024(H5N1)	1372	6024
PA|PP755594.1|A/cattle/Texas/24-008749-003/2024(H5N1)	1373	6003
PA|PP755594.1|A/cattle/Texas/24-008749-003/2024(H5N1)	1374	6031
PA|PP755594.1|A/cattle/Texas/24-008749-003/2024(H5N1)	1375	5882
PA|PP755594.1|A/cattle/Texas/24-008749-003/2024(H5N1)	1376	5873
PA|PP755594.1|A/cattle/Texas/24-008749-003/2024(H5N1)	1377	5831
PA|PP755594.1|A/cattle/Texas/24-008749-003/2024(H5N1)	1378	5817
PA|PP755594.1|A/cattle/Texas/24-008749-003/2024(H5N1)	1379	5734
PA|PP755594.1|A/cattle/Texas/24-008749-003/2024(H5N1)	1380	5718
PA|PP755594.1|A/cattle/Texas/24-008749-003/2024(H5N1)	1381	5692
PA|PP755594.1|A/cattle/Texas/24-008749-003/2024(H5N1)	1382	5682
PA|PP755594.1|A/cattle/Texas/24-008749-003/2024(H5N1)	1383	5629
PA|PP755594.1|A/cattle/Texas/24-008749-003/2024(H5N1)	1384	5522
PA|PP755594.1|A/cattle/Texas/24-008749-003/2024(H5N1)	1385	5510
PA|PP755594.1|A/cattle/Texas/24-008749-003/2024(H5N1)	1386	5444
PA|PP755594.1|A/cattle/Texas/24-008749-003/2024(H5N1)	1387	5443
PA|PP755594.1|A/cattle/Texas/24-008749-003/2024(H5N1)	1388	5431
PA|PP755594.1|A/cattle/Texas/24-008749-003/2024(H5N1)	1389	5360
PA|PP755594.1|A/cattle/Texas/24-008749-003/2024(H5N1)	1390	5358
PA|PP755594.1|A/cattle/Texas/24-008749-003/2024(H5N1)	1391	5356
PA|PP755594.1|A/cattle/Texas/24-008749-003/2024(H5N1)	1392	5339
PA|PP755594.1|A/cattle/Texas/24-008749-003/2024(H5N1)	1393	5327
PA|PP755594.1|A/cattle/Texas/24-008749-003/2024(H5N1)	1394	5311
PA|PP755594.1|A/cattle/Texas/24-008749-003/2024(H5N1)	1395	5233
PA|PP755594.1|A/cattle/Texas/24-008749-003/2024(H5N1)	1396	5181
PA|PP755594.1|A/cattle/Texas/24-008749-003/2024(H5N1)	1397	5135
PA|PP755594.1|A/cattle/Texas/24-008749-003/2024(H5N1)	1398	5100
PA|PP755594.1|A/cattle/Texas/24-008749-003/2024(H5N1)	1399	5095
PA|PP755594.1|A/cattle/Texas/24-008749-003/2024(H5N1)	1400	5089
PA|PP755594.1|A/cattle/Texas/24-008749-003/2024(H5N1)	1401	4794
PA|PP755594.1|A/cattle/Texas/24-008749-003/2024(H5N1)	1402	4747
PA|PP755594.1|A/cattle/Texas/24-008749-003/2024(H5N1)	1403	4732
PA|PP755594.1|A/cattle/Texas/24-008749-003/2024(H5N1)	1404	3442
PA|PP755594.1|A/cattle/Texas/24-008749-003/2024(H5N1)	1405	3370
PA|PP755594.1|A/cattle/Texas/24-008749-003/2024(H5N1)	1406	3175
PA|PP755594.1|A/cattle/Texas/24-008749-003/2024(H5N1)	1407	3175
PA|PP755594.1|A/cattle/Texas/24-008749-003/2024(H5N1)	1408	3176
PA|PP755594.1|A/cattle/Texas/24-008749-003/2024(H5N1)	1409	3176
PA|PP755594.1|A/cattle/Texas/24-008749-003/2024(H5N1)	1410	3176
PA|PP755594.1|A/cattle/Texas/24-008749-003/2024(H5N1)	1411	3184
PA|PP755594.1|A/cattle/Texas/24-008749-003/2024(H5N1)	1412	3184
PA|PP755594.1|A/cattle/Texas/24-008749-003/2024(H5N1)	1413	3184
PA|PP755594.1|A/cattle/Texas/24-008749-003/2024(H5N1)	1414	3184
PA|PP755594.1|A/cattle/Texas/24-008749-003/2024(H5N1)	1415	3184
PA|PP755594.1|A/cattle/Texas/24-008749-003/2024(H5N1)	1416	3184
PA|PP755594.1|A/cattle/Texas/24-008749-003/2024(H5N1)	1417	3184
PA|PP755594.1|A/cattle/Texas/24-008749-003/2024(H5N1)	1418	3184
PA|PP755594.1|A/cattle/Texas/24-008749-003/2024(H5N1)	1419	3184
PA|PP755594.1|A/cattle/Texas/24-008749-003/2024(H5N1)	1420	3184
PA|PP755594.1|A/cattle/Texas/24-008749-003/2024(H5N1)	1421	3184
PA|PP755594.1|A/cattle/Texas/24-008749-003/2024(H5N1)	1422	3184
PA|PP755594.1|A/cattle/Texas/24-008749-003/2024(H5N1)	1423	3184
PA|PP755594.1|A/cattle/Texas/24-008749-003/2024(H5N1)	1424	3184
PA|PP755594.1|A/cattle/Texas/24-008749-003/2024(H5N1)	1425	3184
PA|PP755594.1|A/cattle/Texas/24-008749-003/2024(H5N1)	1426	4846
PA|PP755594.1|A/cattle/Texas/24-008749-003/2024(H5N1)	1427	4850
PA|PP755594.1|A/cattle/Texas/24-008749-003/2024(H5N1)	1428	4856
PA|PP755594.1|A/cattle/Texas/24-008749-003/2024(H5N1)	1429	4905
PA|PP755594.1|A/cattle/Texas/24-008749-003/2024(H5N1)	1430	4920
PA|PP755594.1|A/cattle/Texas/24-008749-003/2024(H5N1)	1431	4951
PA|PP755594.1|A/cattle/Texas/24-008749-003/2024(H5N1)	1432	4976
PA|PP755594.1|A/cattle/Texas/24-008749-003/2024(H5N1)	1433	4987
PA|PP755594.1|A/cattle/Texas/24-008749-003/2024(H5N1)	1434	4995
PA|PP755594.1|A/cattle/Texas/24-008749-003/2024(H5N1)	1435	4851
PA|PP755594.1|A/cattle/Texas/24-008749-003/2024(H5N1)	1436	4806
PA|PP755594.1|A/cattle/Texas/24-008749-003/2024(H5N1)	1437	4776
PA|PP755594.1|A/cattle/Texas/24-008749-003/2024(H5N1)	1438	4755
PA|PP755594.1|A/cattle/Texas/24-008749-003/2024(H5N1)	1439	4752
PA|PP755594.1|A/cattle/Texas/24-008749-003/2024(H5N1)	1440	4736
PA|PP755594.1|A/cattle/Texas/24-008749-003/2024(H5N1)	1441	4716
PA|PP755594.1|A/cattle/Texas/24-008749-003/2024(H5N1)	1442	4706
PA|PP755594.1|A/cattle/Texas/24-008749-003/2024(H5N1)	1443	4424
PA|PP755594.1|A/cattle/Texas/24-008749-003/2024(H5N1)	1444	4423
PA|PP755594.1|A/cattle/Texas/24-008749-003/2024(H5N1)	1445	4700
PA|PP755594.1|A/cattle/Texas/24-008749-003/2024(H5N1)	1446	4715
PA|PP755594.1|A/cattle/Texas/24-008749-003/2024(H5N1)	1447	4719
PA|PP755594.1|A/cattle/Texas/24-008749-003/2024(H5N1)	1448	4771
PA|PP755594.1|A/cattle/Texas/24-008749-003/2024(H5N1)	1449	4773
PA|PP755594.1|A/cattle/Texas/24-008749-003/2024(H5N1)	1450	4886
PA|PP755594.1|A/cattle/Texas/24-008749-003/2024(H5N1)	1451	4882
PA|PP755594.1|A/cattle/Texas/24-008749-003/2024(H5N1)	1452	4864
PA|PP755594.1|A/cattle/Texas/24-008749-003/2024(H5N1)	1453	4853
PA|PP755594.1|A/cattle/Texas/24-008749-003/2024(H5N1)	1454	4750
PA|PP755594.1|A/cattle/Texas/24-008749-003/2024(H5N1)	1455	4739
PA|PP755594.1|A/cattle/Texas/24-008749-003/2024(H5N1)	1456	4736
PA|PP755594.1|A/cattle/Texas/24-008749-003/2024(H5N1)	1457	4661
PA|PP755594.1|A/cattle/Texas/24-008749-003/2024(H5N1)	1458	4647
PA|PP755594.1|A/cattle/Texas/24-008749-003/2024(H5N1)	1459	4639
PA|PP755594.1|A/cattle/Texas/24-008749-003/2024(H5N1)	1460	4636
PA|PP755594.1|A/cattle/Texas/24-008749-003/2024(H5N1)	1461	4410
PA|PP755594.1|A/cattle/Texas/24-008749-003/2024(H5N1)	1462	4392
PA|PP755594.1|A/cattle/Texas/24-008749-003/2024(H5N1)	1463	4381
PA|PP755594.1|A/cattle/Texas/24-008749-003/2024(H5N1)	1464	4308
PA|PP755594.1|A/cattle/Texas/24-008749-003/2024(H5N1)	1465	4308
PA|PP755594.1|A/cattle/Texas/24-008749-003/2024(H5N1)	1466	4308
PA|PP755594.1|A/cattle/Texas/24-008749-003/2024(H5N1)	1467	4296
PA|PP755594.1|A/cattle/Texas/24-008749-003/2024(H5N1)	1468	4184
PA|PP755594.1|A/cattle/Texas/24-008749-003/2024(H5N1)	1469	4152
PA|PP755594.1|A/cattle/Texas/24-008749-003/2024(H5N1)	1470	4122
PA|PP755594.1|A/cattle/Texas/24-008749-003/2024(H5N1)	1471	4208
PA|PP755594.1|A/cattle/Texas/24-008749-003/2024(H5N1)	1472	4256
PA|PP755594.1|A/cattle/Texas/24-008749-003/2024(H5N1)	1473	4189
PA|PP755594.1|A/cattle/Texas/24-008749-003/2024(H5N1)	1474	5557
PA|PP755594.1|A/cattle/Texas/24-008749-003/2024(H5N1)	1475	5747
PA|PP755594.1|A/cattle/Texas/24-008749-003/2024(H5N1)	1476	5747
PA|PP755594.1|A/cattle/Texas/24-008749-003/2024(H5N1)	1477	5747
PA|PP755594.1|A/cattle/Texas/24-008749-003/2024(H5N1)	1478	5713
PA|PP755594.1|A/cattle/Texas/24-008749-003/2024(H5N1)	1479	5662
PA|PP755594.1|A/cattle/Texas/24-008749-003/2024(H5N1)	1480	5658
PA|PP755594.1|A/cattle/Texas/24-008749-003/2024(H5N1)	1481	5633
PA|PP755594.1|A/cattle/Texas/24-008749-003/2024(H5N1)	1482	5623
PA|PP755594.1|A/cattle/Texas/24-008749-003/2024(H5N1)	1483	5545
PA|PP755594.1|A/cattle/Texas/24-008749-003/2024(H5N1)	1484	5501
PA|PP755594.1|A/cattle/Texas/24-008749-003/2024(H5N1)	1485	5584
PA|PP755594.1|A/cattle/Texas/24-008749-003/2024(H5N1)	1486	5570
PA|PP755594.1|A/cattle/Texas/24-008749-003/2024(H5N1)	1487	5569
PA|PP755594.1|A/cattle/Texas/24-008749-003/2024(H5N1)	1488	5566
PA|PP755594.1|A/cattle/Texas/24-008749-003/2024(H5N1)	1489	5544
PA|PP755594.1|A/cattle/Texas/24-008749-003/2024(H5N1)	1490	4534
PA|PP755594.1|A/cattle/Texas/24-008749-003/2024(H5N1)	1491	4394
PA|PP755594.1|A/cattle/Texas/24-008749-003/2024(H5N1)	1492	4411
PA|PP755594.1|A/cattle/Texas/24-008749-003/2024(H5N1)	1493	4433
PA|PP755594.1|A/cattle/Texas/24-008749-003/2024(H5N1)	1494	4452
PA|PP755594.1|A/cattle/Texas/24-008749-003/2024(H5N1)	1495	4678
PA|PP755594.1|A/cattle/Texas/24-008749-003/2024(H5N1)	1496	4620
PA|PP755594.1|A/cattle/Texas/24-008749-003/2024(H5N1)	1497	4615
PA|PP755594.1|A/cattle/Texas/24-008749-003/2024(H5N1)	1498	4884
PA|PP755594.1|A/cattle/Texas/24-008749-003/2024(H5N1)	1499	4907
PA|PP755594.1|A/cattle/Texas/24-008749-003/2024(H5N1)	1500	4995
PA|PP755594.1|A/cattle/Texas/24-008749-003/2024(H5N1)	1501	6001
PA|PP755594.1|A/cattle/Texas/24-008749-003/2024(H5N1)	1502	6005
PA|PP755594.1|A/cattle/Texas/24-008749-003/2024(H5N1)	1503	6292
PA|PP755594.1|A/cattle/Texas/24-008749-003/2024(H5N1)	1504	6331
PA|PP755594.1|A/cattle/Texas/24-008749-003/2024(H5N1)	1505	6355
PA|PP755594.1|A/cattle/Texas/24-008749-003/2024(H5N1)	1506	6494
PA|PP755594.1|A/cattle/Texas/24-008749-003/2024(H5N1)	1507	6591
PA|PP755594.1|A/cattle/Texas/24-008749-003/2024(H5N1)	1508	6600
PA|PP755594.1|A/cattle/Texas/24-008749-003/2024(H5N1)	1509	6620
PA|PP755594.1|A/cattle/Texas/24-008749-003/2024(H5N1)	1510	6746
PA|PP755594.1|A/cattle/Texas/24-008749-003/2024(H5N1)	1511	6867
PA|PP755594.1|A/cattle/Texas/24-008749-003/2024(H5N1)	1512	6856
PA|PP755594.1|A/cattle/Texas/24-008749-003/2024(H5N1)	1513	7010
PA|PP755594.1|A/cattle/Texas/24-008749-003/2024(H5N1)	1514	7035
PA|PP755594.1|A/cattle/Texas/24-008749-003/2024(H5N1)	1515	7270
PA|PP755594.1|A/cattle/Texas/24-008749-003/2024(H5N1)	1516	7312
PA|PP755594.1|A/cattle/Texas/24-008749-003/2024(H5N1)	1517	7334
PA|PP755594.1|A/cattle/Texas/24-008749-003/2024(H5N1)	1518	7368
PA|PP755594.1|A/cattle/Texas/24-008749-003/2024(H5N1)	1519	7379
PA|PP755594.1|A/cattle/Texas/24-008749-003/2024(H5N1)	1520	7386
PA|PP755594.1|A/cattle/Texas/24-008749-003/2024(H5N1)	1521	7429
PA|PP755594.1|A/cattle/Texas/24-008749-003/2024(H5N1)	1522	7409
PA|PP755594.1|A/cattle/Texas/24-008749-003/2024(H5N1)	1523	7404
PA|PP755594.1|A/cattle/Texas/24-008749-003/2024(H5N1)	1524	7146
PA|PP755594.1|A/cattle/Texas/24-008749-003/2024(H5N1)	1525	7148
PA|PP755594.1|A/cattle/Texas/24-008749-003/2024(H5N1)	1526	7167
PA|PP755594.1|A/cattle/Texas/24-008749-003/2024(H5N1)	1527	7218
PA|PP755594.1|A/cattle/Texas/24-008749-003/2024(H5N1)	1528	7785
PA|PP755594.1|A/cattle/Texas/24-008749-003/2024(H5N1)	1529	7938
PA|PP755594.1|A/cattle/Texas/24-008749-003/2024(H5N1)	1530	7987
PA|PP755594.1|A/cattle/Texas/24-008749-003/2024(H5N1)	1531	7993
PA|PP755594.1|A/cattle/Texas/24-008749-003/2024(H5N1)	1532	7995
PA|PP755594.1|A/cattle/Texas/24-008749-003/2024(H5N1)	1533	8011
PA|PP755594.1|A/cattle/Texas/24-008749-003/2024(H5N1)	1534	8044
PA|PP755594.1|A/cattle/Texas/24-008749-003/2024(H5N1)	1535	8048
PA|PP755594.1|A/cattle/Texas/24-008749-003/2024(H5N1)	1536	8358
PA|PP755594.1|A/cattle/Texas/24-008749-003/2024(H5N1)	1537	8429
PA|PP755594.1|A/cattle/Texas/24-008749-003/2024(H5N1)	1538	8427
PA|PP755594.1|A/cattle/Texas/24-008749-003/2024(H5N1)	1539	8498
PA|PP755594.1|A/cattle/Texas/24-008749-003/2024(H5N1)	1540	8491
PA|PP755594.1|A/cattle/Texas/24-008749-003/2024(H5N1)	1541	8473
PA|PP755594.1|A/cattle/Texas/24-008749-003/2024(H5N1)	1542	8065
PA|PP755594.1|A/cattle/Texas/24-008749-003/2024(H5N1)	1543	8115
PA|PP755594.1|A/cattle/Texas/24-008749-003/2024(H5N1)	1544	8256
PA|PP755594.1|A/cattle/Texas/24-008749-003/2024(H5N1)	1545	8256
PA|PP755594.1|A/cattle/Texas/24-008749-003/2024(H5N1)	1546	8256
PA|PP755594.1|A/cattle/Texas/24-008749-003/2024(H5N1)	1547	8257
PA|PP755594.1|A/cattle/Texas/24-008749-003/2024(H5N1)	1548	8114
PA|PP755594.1|A/cattle/Texas/24-008749-003/2024(H5N1)	1549	8104
PA|PP755594.1|A/cattle/Texas/24-008749-003/2024(H5N1)	1550	8054
PA|PP755594.1|A/cattle/Texas/24-008749-003/2024(H5N1)	1551	5848
PA|PP755594.1|A/cattle/Texas/24-008749-003/2024(H5N1)	1552	5848
PA|PP755594.1|A/cattle/Texas/24-008749-003/2024(H5N1)	1553	5848
PA|PP755594.1|A/cattle/Texas/24-008749-003/2024(H5N1)	1554	5847
PA|PP755594.1|A/cattle/Texas/24-008749-003/2024(H5N1)	1555	5847
PA|PP755594.1|A/cattle/Texas/24-008749-003/2024(H5N1)	1556	5847
PA|PP755594.1|A/cattle/Texas/24-008749-003/2024(H5N1)	1557	5845
PA|PP755594.1|A/cattle/Texas/24-008749-003/2024(H5N1)	1558	5850
PA|PP755594.1|A/cattle/Texas/24-008749-003/2024(H5N1)	1559	5895
PA|PP755594.1|A/cattle/Texas/24-008749-003/2024(H5N1)	1560	5895
PA|PP755594.1|A/cattle/Texas/24-008749-003/2024(H5N1)	1561	5895
PA|PP755594.1|A/cattle/Texas/24-008749-003/2024(H5N1)	1562	5895
PA|PP755594.1|A/cattle/Texas/24-008749-003/2024(H5N1)	1563	5893
PA|PP755594.1|A/cattle/Texas/24-008749-003/2024(H5N1)	1564	5950
PA|PP755594.1|A/cattle/Texas/24-008749-003/2024(H5N1)	1565	5951
PA|PP755594.1|A/cattle/Texas/24-008749-003/2024(H5N1)	1566	5951
PA|PP755594.1|A/cattle/Texas/24-008749-003/2024(H5N1)	1567	5972
PA|PP755594.1|A/cattle/Texas/24-008749-003/2024(H5N1)	1568	5993
PA|PP755594.1|A/cattle/Texas/24-008749-003/2024(H5N1)	1569	6001
PA|PP755594.1|A/cattle/Texas/24-008749-003/2024(H5N1)	1570	6004
PA|PP755594.1|A/cattle/Texas/24-008749-003/2024(H5N1)	1571	6004
PA|PP755594.1|A/cattle/Texas/24-008749-003/2024(H5N1)	1572	6003
PA|PP755594.1|A/cattle/Texas/24-008749-003/2024(H5N1)	1573	6059
PA|PP755594.1|A/cattle/Texas/24-008749-003/2024(H5N1)	1574	6068
PA|PP755594.1|A/cattle/Texas/24-008749-003/2024(H5N1)	1575	6069
PA|PP755594.1|A/cattle/Texas/24-008749-003/2024(H5N1)	1576	6089
PA|PP755594.1|A/cattle/Texas/24-008749-003/2024(H5N1)	1577	6097
PA|PP755594.1|A/cattle/Texas/24-008749-003/2024(H5N1)	1578	6098
PA|PP755594.1|A/cattle/Texas/24-008749-003/2024(H5N1)	1579	6139
PA|PP755594.1|A/cattle/Texas/24-008749-003/2024(H5N1)	1580	6084
PA|PP755594.1|A/cattle/Texas/24-008749-003/2024(H5N1)	1581	6084
PA|PP755594.1|A/cattle/Texas/24-008749-003/2024(H5N1)	1582	6142
PA|PP755594.1|A/cattle/Texas/24-008749-003/2024(H5N1)	1583	6284
PA|PP755594.1|A/cattle/Texas/24-008749-003/2024(H5N1)	1584	6296
PA|PP755594.1|A/cattle/Texas/24-008749-003/2024(H5N1)	1585	6313
PA|PP755594.1|A/cattle/Texas/24-008749-003/2024(H5N1)	1586	6703
PA|PP755594.1|A/cattle/Texas/24-008749-003/2024(H5N1)	1587	6728
PA|PP755594.1|A/cattle/Texas/24-008749-003/2024(H5N1)	1588	6984
PA|PP755594.1|A/cattle/Texas/24-008749-003/2024(H5N1)	1589	7040
PA|PP755594.1|A/cattle/Texas/24-008749-003/2024(H5N1)	1590	7038
PA|PP755594.1|A/cattle/Texas/24-008749-003/2024(H5N1)	1591	7046
PA|PP755594.1|A/cattle/Texas/24-008749-003/2024(H5N1)	1592	7545
PA|PP755594.1|A/cattle/Texas/24-008749-003/2024(H5N1)	1593	7796
PA|PP755594.1|A/cattle/Texas/24-008749-003/2024(H5N1)	1594	7856
PA|PP755594.1|A/cattle/Texas/24-008749-003/2024(H5N1)	1595	7856
PA|PP755594.1|A/cattle/Texas/24-008749-003/2024(H5N1)	1596	7856
PA|PP755594.1|A/cattle/Texas/24-008749-003/2024(H5N1)	1597	8181
PA|PP755594.1|A/cattle/Texas/24-008749-003/2024(H5N1)	1598	8271
PA|PP755594.1|A/cattle/Texas/24-008749-003/2024(H5N1)	1599	8278
PA|PP755594.1|A/cattle/Texas/24-008749-003/2024(H5N1)	1600	10174
PA|PP755594.1|A/cattle/Texas/24-008749-003/2024(H5N1)	1601	10183
PA|PP755594.1|A/cattle/Texas/24-008749-003/2024(H5N1)	1602	10235
PA|PP755594.1|A/cattle/Texas/24-008749-003/2024(H5N1)	1603	10340
PA|PP755594.1|A/cattle/Texas/24-008749-003/2024(H5N1)	1604	10395
PA|PP755594.1|A/cattle/Texas/24-008749-003/2024(H5N1)	1605	10449
PA|PP755594.1|A/cattle/Texas/24-008749-003/2024(H5N1)	1606	10453
PA|PP755594.1|A/cattle/Texas/24-008749-003/2024(H5N1)	1607	10494
PA|PP755594.1|A/cattle/Texas/24-008749-003/2024(H5N1)	1608	10496
PA|PP755594.1|A/cattle/Texas/24-008749-003/2024(H5N1)	1609	10720
PA|PP755594.1|A/cattle/Texas/24-008749-003/2024(H5N1)	1610	10781
PA|PP755594.1|A/cattle/Texas/24-008749-003/2024(H5N1)	1611	10800
PA|PP755594.1|A/cattle/Texas/24-008749-003/2024(H5N1)	1612	10796
PA|PP755594.1|A/cattle/Texas/24-008749-003/2024(H5N1)	1613	10904
PA|PP755594.1|A/cattle/Texas/24-008749-003/2024(H5N1)	1614	11017
PA|PP755594.1|A/cattle/Texas/24-008749-003/2024(H5N1)	1615	10959
PA|PP755594.1|A/cattle/Texas/24-008749-003/2024(H5N1)	1616	10942
PA|PP755594.1|A/cattle/Texas/24-008749-003/2024(H5N1)	1617	11120
PA|PP755594.1|A/cattle/Texas/24-008749-003/2024(H5N1)	1618	11121
PA|PP755594.1|A/cattle/Texas/24-008749-003/2024(H5N1)	1619	11077
PA|PP755594.1|A/cattle/Texas/24-008749-003/2024(H5N1)	1620	10817
PA|PP755594.1|A/cattle/Texas/24-008749-003/2024(H5N1)	1621	10700
PA|PP755594.1|A/cattle/Texas/24-008749-003/2024(H5N1)	1622	10700
PA|PP755594.1|A/cattle/Texas/24-008749-003/2024(H5N1)	1623	10645
PA|PP755594.1|A/cattle/Texas/24-008749-003/2024(H5N1)	1624	10642
PA|PP755594.1|A/cattle/Texas/24-008749-003/2024(H5N1)	1625	10795
PA|PP755594.1|A/cattle/Texas/24-008749-003/2024(H5N1)	1626	10598
PA|PP755594.1|A/cattle/Texas/24-008749-003/2024(H5N1)	1627	10587
PA|PP755594.1|A/cattle/Texas/24-008749-003/2024(H5N1)	1628	10574
PA|PP755594.1|A/cattle/Texas/24-008749-003/2024(H5N1)	1629	10569
PA|PP755594.1|A/cattle/Texas/24-008749-003/2024(H5N1)	1630	10563
PA|PP755594.1|A/cattle/Texas/24-008749-003/2024(H5N1)	1631	10490
PA|PP755594.1|A/cattle/Texas/24-008749-003/2024(H5N1)	1632	8361
PA|PP755594.1|A/cattle/Texas/24-008749-003/2024(H5N1)	1633	8358
PA|PP755594.1|A/cattle/Texas/24-008749-003/2024(H5N1)	1634	8392
PA|PP755594.1|A/cattle/Texas/24-008749-003/2024(H5N1)	1635	8416
PA|PP755594.1|A/cattle/Texas/24-008749-003/2024(H5N1)	1636	8897
PA|PP755594.1|A/cattle/Texas/24-008749-003/2024(H5N1)	1637	8968
PA|PP755594.1|A/cattle/Texas/24-008749-003/2024(H5N1)	1638	9075
PA|PP755594.1|A/cattle/Texas/24-008749-003/2024(H5N1)	1639	9152
PA|PP755594.1|A/cattle/Texas/24-008749-003/2024(H5N1)	1640	9440
PA|PP755594.1|A/cattle/Texas/24-008749-003/2024(H5N1)	1641	9441
PA|PP755594.1|A/cattle/Texas/24-008749-003/2024(H5N1)	1642	9482
PA|PP755594.1|A/cattle/Texas/24-008749-003/2024(H5N1)	1643	9685
PA|PP755594.1|A/cattle/Texas/24-008749-003/2024(H5N1)	1644	9697
PA|PP755594.1|A/cattle/Texas/24-008749-003/2024(H5N1)	1645	10333
PA|PP755594.1|A/cattle/Texas/24-008749-003/2024(H5N1)	1646	10332
PA|PP755594.1|A/cattle/Texas/24-008749-003/2024(H5N1)	1647	10337
PA|PP755594.1|A/cattle/Texas/24-008749-003/2024(H5N1)	1648	10029
PA|PP755594.1|A/cattle/Texas/24-008749-003/2024(H5N1)	1649	9975
PA|PP755594.1|A/cattle/Texas/24-008749-003/2024(H5N1)	1650	9974
PA|PP755594.1|A/cattle/Texas/24-008749-003/2024(H5N1)	1651	10002
PA|PP755594.1|A/cattle/Texas/24-008749-003/2024(H5N1)	1652	10861
PA|PP755594.1|A/cattle/Texas/24-008749-003/2024(H5N1)	1653	10963
PA|PP755594.1|A/cattle/Texas/24-008749-003/2024(H5N1)	1654	11005
PA|PP755594.1|A/cattle/Texas/24-008749-003/2024(H5N1)	1655	11217
PA|PP755594.1|A/cattle/Texas/24-008749-003/2024(H5N1)	1656	11224
PA|PP755594.1|A/cattle/Texas/24-008749-003/2024(H5N1)	1657	11727
PA|PP755594.1|A/cattle/Texas/24-008749-003/2024(H5N1)	1658	11787
PA|PP755594.1|A/cattle/Texas/24-008749-003/2024(H5N1)	1659	11777
PA|PP755594.1|A/cattle/Texas/24-008749-003/2024(H5N1)	1660	11765
PA|PP755594.1|A/cattle/Texas/24-008749-003/2024(H5N1)	1661	11664
PA|PP755594.1|A/cattle/Texas/24-008749-003/2024(H5N1)	1662	11599
PA|PP755594.1|A/cattle/Texas/24-008749-003/2024(H5N1)	1663	11686
PA|PP755594.1|A/cattle/Texas/24-008749-003/2024(H5N1)	1664	11650
PA|PP755594.1|A/cattle/Texas/24-008749-003/2024(H5N1)	1665	11632
PA|PP755594.1|A/cattle/Texas/24-008749-003/2024(H5N1)	1666	11354
PA|PP755594.1|A/cattle/Texas/24-008749-003/2024(H5N1)	1667	11328
PA|PP755594.1|A/cattle/Texas/24-008749-003/2024(H5N1)	1668	11307
PA|PP755594.1|A/cattle/Texas/24-008749-003/2024(H5N1)	1669	11276
PA|PP755594.1|A/cattle/Texas/24-008749-003/2024(H5N1)	1670	11253
PA|PP755594.1|A/cattle/Texas/24-008749-003/2024(H5N1)	1671	11232
PA|PP755594.1|A/cattle/Texas/24-008749-003/2024(H5N1)	1672	11162
PA|PP755594.1|A/cattle/Texas/24-008749-003/2024(H5N1)	1673	10297
PA|PP755594.1|A/cattle/Texas/24-008749-003/2024(H5N1)	1674	10293
PA|PP755594.1|A/cattle/Texas/24-008749-003/2024(H5N1)	1675	10357
PA|PP755594.1|A/cattle/Texas/24-008749-003/2024(H5N1)	1676	10402
PA|PP755594.1|A/cattle/Texas/24-008749-003/2024(H5N1)	1677	10427
PA|PP755594.1|A/cattle/Texas/24-008749-003/2024(H5N1)	1678	11439
PA|PP755594.1|A/cattle/Texas/24-008749-003/2024(H5N1)	1679	11494
PA|PP755594.1|A/cattle/Texas/24-008749-003/2024(H5N1)	1680	11505
PA|PP755594.1|A/cattle/Texas/24-008749-003/2024(H5N1)	1681	11651
PA|PP755594.1|A/cattle/Texas/24-008749-003/2024(H5N1)	1682	11666
PA|PP755594.1|A/cattle/Texas/24-008749-003/2024(H5N1)	1683	11815
PA|PP755594.1|A/cattle/Texas/24-008749-003/2024(H5N1)	1684	11812
PA|PP755594.1|A/cattle/Texas/24-008749-003/2024(H5N1)	1685	11865
PA|PP755594.1|A/cattle/Texas/24-008749-003/2024(H5N1)	1686	11756
PA|PP755594.1|A/cattle/Texas/24-008749-003/2024(H5N1)	1687	11641
PA|PP755594.1|A/cattle/Texas/24-008749-003/2024(H5N1)	1688	11595
PA|PP755594.1|A/cattle/Texas/24-008749-003/2024(H5N1)	1689	11655
PA|PP755594.1|A/cattle/Texas/24-008749-003/2024(H5N1)	1690	11586
PA|PP755594.1|A/cattle/Texas/24-008749-003/2024(H5N1)	1691	11574
PA|PP755594.1|A/cattle/Texas/24-008749-003/2024(H5N1)	1692	11423
PA|PP755594.1|A/cattle/Texas/24-008749-003/2024(H5N1)	1693	11359
PA|PP755594.1|A/cattle/Texas/24-008749-003/2024(H5N1)	1694	11284
PA|PP755594.1|A/cattle/Texas/24-008749-003/2024(H5N1)	1695	10532
PA|PP755594.1|A/cattle/Texas/24-008749-003/2024(H5N1)	1696	10506
PA|PP755594.1|A/cattle/Texas/24-008749-003/2024(H5N1)	1697	10478
PA|PP755594.1|A/cattle/Texas/24-008749-003/2024(H5N1)	1698	10443
PA|PP755594.1|A/cattle/Texas/24-008749-003/2024(H5N1)	1699	10462
PA|PP755594.1|A/cattle/Texas/24-008749-003/2024(H5N1)	1700	10511
PA|PP755594.1|A/cattle/Texas/24-008749-003/2024(H5N1)	1701	10364
PA|PP755594.1|A/cattle/Texas/24-008749-003/2024(H5N1)	1702	10198
PA|PP755594.1|A/cattle/Texas/24-008749-003/2024(H5N1)	1703	10192
PA|PP755594.1|A/cattle/Texas/24-008749-003/2024(H5N1)	1704	10181
PA|PP755594.1|A/cattle/Texas/24-008749-003/2024(H5N1)	1705	10183
PA|PP755594.1|A/cattle/Texas/24-008749-003/2024(H5N1)	1706	10149
PA|PP755594.1|A/cattle/Texas/24-008749-003/2024(H5N1)	1707	10083
PA|PP755594.1|A/cattle/Texas/24-008749-003/2024(H5N1)	1708	10098
PA|PP755594.1|A/cattle/Texas/24-008749-003/2024(H5N1)	1709	10143
PA|PP755594.1|A/cattle/Texas/24-008749-003/2024(H5N1)	1710	10189
PA|PP755594.1|A/cattle/Texas/24-008749-003/2024(H5N1)	1711	11477
PA|PP755594.1|A/cattle/Texas/24-008749-003/2024(H5N1)	1712	11506
PA|PP755594.1|A/cattle/Texas/24-008749-003/2024(H5N1)	1713	11507
PA|PP755594.1|A/cattle/Texas/24-008749-003/2024(H5N1)	1714	11509
PA|PP755594.1|A/cattle/Texas/24-008749-003/2024(H5N1)	1715	11540
PA|PP755594.1|A/cattle/Texas/24-008749-003/2024(H5N1)	1716	11354
PA|PP755594.1|A/cattle/Texas/24-008749-003/2024(H5N1)	1717	11570
PA|PP755594.1|A/cattle/Texas/24-008749-003/2024(H5N1)	1718	11573
PA|PP755594.1|A/cattle/Texas/24-008749-003/2024(H5N1)	1719	11624
PA|PP755594.1|A/cattle/Texas/24-008749-003/2024(H5N1)	1720	11653
PA|PP755594.1|A/cattle/Texas/24-008749-003/2024(H5N1)	1721	11580
PA|PP755594.1|A/cattle/Texas/24-008749-003/2024(H5N1)	1722	11619
PA|PP755594.1|A/cattle/Texas/24-008749-003/2024(H5N1)	1723	11752
PA|PP755594.1|A/cattle/Texas/24-008749-003/2024(H5N1)	1724	11757
PA|PP755594.1|A/cattle/Texas/24-008749-003/2024(H5N1)	1725	12002
PA|PP755594.1|A/cattle/Texas/24-008749-003/2024(H5N1)	1726	12017
PA|PP755594.1|A/cattle/Texas/24-008749-003/2024(H5N1)	1727	12090
PA|PP755594.1|A/cattle/Texas/24-008749-003/2024(H5N1)	1728	12107
PA|PP755594.1|A/cattle/Texas/24-008749-003/2024(H5N1)	1729	12184
PA|PP755594.1|A/cattle/Texas/24-008749-003/2024(H5N1)	1730	12636
PA|PP755594.1|A/cattle/Texas/24-008749-003/2024(H5N1)	1731	13113
PA|PP755594.1|A/cattle/Texas/24-008749-003/2024(H5N1)	1732	13143
PA|PP755594.1|A/cattle/Texas/24-008749-003/2024(H5N1)	1733	13599
PA|PP755594.1|A/cattle/Texas/24-008749-003/2024(H5N1)	1734	13412
PA|PP755594.1|A/cattle/Texas/24-008749-003/2024(H5N1)	1735	13580
PA|PP755594.1|A/cattle/Texas/24-008749-003/2024(H5N1)	1736	13575
PA|PP755594.1|A/cattle/Texas/24-008749-003/2024(H5N1)	1737	13276
PA|PP755594.1|A/cattle/Texas/24-008749-003/2024(H5N1)	1738	13789
PA|PP755594.1|A/cattle/Texas/24-008749-003/2024(H5N1)	1739	13760
PA|PP755594.1|A/cattle/Texas/24-008749-003/2024(H5N1)	1740	13858
PA|PP755594.1|A/cattle/Texas/24-008749-003/2024(H5N1)	1741	14038
PA|PP755594.1|A/cattle/Texas/24-008749-003/2024(H5N1)	1742	13756
PA|PP755594.1|A/cattle/Texas/24-008749-003/2024(H5N1)	1743	13343
PA|PP755594.1|A/cattle/Texas/24-008749-003/2024(H5N1)	1744	13334
PA|PP755594.1|A/cattle/Texas/24-008749-003/2024(H5N1)	1745	13470
PA|PP755594.1|A/cattle/Texas/24-008749-003/2024(H5N1)	1746	13599
PA|PP755594.1|A/cattle/Texas/24-008749-003/2024(H5N1)	1747	13325
PA|PP755594.1|A/cattle/Texas/24-008749-003/2024(H5N1)	1748	13334
PA|PP755594.1|A/cattle/Texas/24-008749-003/2024(H5N1)	1749	13249
PA|PP755594.1|A/cattle/Texas/24-008749-003/2024(H5N1)	1750	13340
PA|PP755594.1|A/cattle/Texas/24-008749-003/2024(H5N1)	1751	13747
PA|PP755594.1|A/cattle/Texas/24-008749-003/2024(H5N1)	1752	13731
PA|PP755594.1|A/cattle/Texas/24-008749-003/2024(H5N1)	1753	13843
PA|PP755594.1|A/cattle/Texas/24-008749-003/2024(H5N1)	1754	13757
PA|PP755594.1|A/cattle/Texas/24-008749-003/2024(H5N1)	1755	13900
PA|PP755594.1|A/cattle/Texas/24-008749-003/2024(H5N1)	1756	14157
PA|PP755594.1|A/cattle/Texas/24-008749-003/2024(H5N1)	1757	14155
PA|PP755594.1|A/cattle/Texas/24-008749-003/2024(H5N1)	1758	14200
PA|PP755594.1|A/cattle/Texas/24-008749-003/2024(H5N1)	1759	14186
PA|PP755594.1|A/cattle/Texas/24-008749-003/2024(H5N1)	1760	13949
PA|PP755594.1|A/cattle/Texas/24-008749-003/2024(H5N1)	1761	13901
PA|PP755594.1|A/cattle/Texas/24-008749-003/2024(H5N1)	1762	13876
PA|PP755594.1|A/cattle/Texas/24-008749-003/2024(H5N1)	1763	14419
PA|PP755594.1|A/cattle/Texas/24-008749-003/2024(H5N1)	1764	14362
PA|PP755594.1|A/cattle/Texas/24-008749-003/2024(H5N1)	1765	14376
PA|PP755594.1|A/cattle/Texas/24-008749-003/2024(H5N1)	1766	15011
PA|PP755594.1|A/cattle/Texas/24-008749-003/2024(H5N1)	1767	15032
PA|PP755594.1|A/cattle/Texas/24-008749-003/2024(H5N1)	1768	15059
PA|PP755594.1|A/cattle/Texas/24-008749-003/2024(H5N1)	1769	15077
PA|PP755594.1|A/cattle/Texas/24-008749-003/2024(H5N1)	1770	15099
PA|PP755594.1|A/cattle/Texas/24-008749-003/2024(H5N1)	1771	15182
PA|PP755594.1|A/cattle/Texas/24-008749-003/2024(H5N1)	1772	15084
PA|PP755594.1|A/cattle/Texas/24-008749-003/2024(H5N1)	1773	15090
PA|PP755594.1|A/cattle/Texas/24-008749-003/2024(H5N1)	1774	15052
PA|PP755594.1|A/cattle/Texas/24-008749-003/2024(H5N1)	1775	15060
PA|PP755594.1|A/cattle/Texas/24-008749-003/2024(H5N1)	1776	14890
PA|PP755594.1|A/cattle/Texas/24-008749-003/2024(H5N1)	1777	14887
PA|PP755594.1|A/cattle/Texas/24-008749-003/2024(H5N1)	1778	14822
PA|PP755594.1|A/cattle/Texas/24-008749-003/2024(H5N1)	1779	14908
PA|PP755594.1|A/cattle/Texas/24-008749-003/2024(H5N1)	1780	14882
PA|PP755594.1|A/cattle/Texas/24-008749-003/2024(H5N1)	1781	15030
PA|PP755594.1|A/cattle/Texas/24-008749-003/2024(H5N1)	1782	15087
PA|PP755594.1|A/cattle/Texas/24-008749-003/2024(H5N1)	1783	15063
PA|PP755594.1|A/cattle/Texas/24-008749-003/2024(H5N1)	1784	15016
PA|PP755594.1|A/cattle/Texas/24-008749-003/2024(H5N1)	1785	15238
PA|PP755594.1|A/cattle/Texas/24-008749-003/2024(H5N1)	1786	15298
PA|PP755594.1|A/cattle/Texas/24-008749-003/2024(H5N1)	1787	15257
PA|PP755594.1|A/cattle/Texas/24-008749-003/2024(H5N1)	1788	15051
PA|PP755594.1|A/cattle/Texas/24-008749-003/2024(H5N1)	1789	15043
PA|PP755594.1|A/cattle/Texas/24-008749-003/2024(H5N1)	1790	14750
PA|PP755594.1|A/cattle/Texas/24-008749-003/2024(H5N1)	1791	14676
PA|PP755594.1|A/cattle/Texas/24-008749-003/2024(H5N1)	1792	14908
PA|PP755594.1|A/cattle/Texas/24-008749-003/2024(H5N1)	1793	14856
PA|PP755594.1|A/cattle/Texas/24-008749-003/2024(H5N1)	1794	14564
PA|PP755594.1|A/cattle/Texas/24-008749-003/2024(H5N1)	1795	14515
PA|PP755594.1|A/cattle/Texas/24-008749-003/2024(H5N1)	1796	13946
PA|PP755594.1|A/cattle/Texas/24-008749-003/2024(H5N1)	1797	13934
PA|PP755594.1|A/cattle/Texas/24-008749-003/2024(H5N1)	1798	13949
PA|PP755594.1|A/cattle/Texas/24-008749-003/2024(H5N1)	1799	13948
PA|PP755594.1|A/cattle/Texas/24-008749-003/2024(H5N1)	1800	13901
PA|PP755594.1|A/cattle/Texas/24-008749-003/2024(H5N1)	1801	14993
PA|PP755594.1|A/cattle/Texas/24-008749-003/2024(H5N1)	1802	14740
PA|PP755594.1|A/cattle/Texas/24-008749-003/2024(H5N1)	1803	14718
PA|PP755594.1|A/cattle/Texas/24-008749-003/2024(H5N1)	1804	14715
PA|PP755594.1|A/cattle/Texas/24-008749-003/2024(H5N1)	1805	14667
PA|PP755594.1|A/cattle/Texas/24-008749-003/2024(H5N1)	1806	14582
PA|PP755594.1|A/cattle/Texas/24-008749-003/2024(H5N1)	1807	14566
PA|PP755594.1|A/cattle/Texas/24-008749-003/2024(H5N1)	1808	14086
PA|PP755594.1|A/cattle/Texas/24-008749-003/2024(H5N1)	1809	14027
PA|PP755594.1|A/cattle/Texas/24-008749-003/2024(H5N1)	1810	14021
PA|PP755594.1|A/cattle/Texas/24-008749-003/2024(H5N1)	1811	14004
PA|PP755594.1|A/cattle/Texas/24-008749-003/2024(H5N1)	1812	12057
PA|PP755594.1|A/cattle/Texas/24-008749-003/2024(H5N1)	1813	11988
PA|PP755594.1|A/cattle/Texas/24-008749-003/2024(H5N1)	1814	11867
PA|PP755594.1|A/cattle/Texas/24-008749-003/2024(H5N1)	1815	11821
PA|PP755594.1|A/cattle/Texas/24-008749-003/2024(H5N1)	1816	11821
PA|PP755594.1|A/cattle/Texas/24-008749-003/2024(H5N1)	1817	11820
PA|PP755594.1|A/cattle/Texas/24-008749-003/2024(H5N1)	1818	11790
PA|PP755594.1|A/cattle/Texas/24-008749-003/2024(H5N1)	1819	11631
PA|PP755594.1|A/cattle/Texas/24-008749-003/2024(H5N1)	1820	11436
PA|PP755594.1|A/cattle/Texas/24-008749-003/2024(H5N1)	1821	11378
PA|PP755594.1|A/cattle/Texas/24-008749-003/2024(H5N1)	1822	11155
PA|PP755594.1|A/cattle/Texas/24-008749-003/2024(H5N1)	1823	11153
PA|PP755594.1|A/cattle/Texas/24-008749-003/2024(H5N1)	1824	11062
PA|PP755594.1|A/cattle/Texas/24-008749-003/2024(H5N1)	1825	11063
PA|PP755594.1|A/cattle/Texas/24-008749-003/2024(H5N1)	1826	11063
PA|PP755594.1|A/cattle/Texas/24-008749-003/2024(H5N1)	1827	11063
PA|PP755594.1|A/cattle/Texas/24-008749-003/2024(H5N1)	1828	12071
PA|PP755594.1|A/cattle/Texas/24-008749-003/2024(H5N1)	1829	12071
PA|PP755594.1|A/cattle/Texas/24-008749-003/2024(H5N1)	1830	12071
PA|PP755594.1|A/cattle/Texas/24-008749-003/2024(H5N1)	1831	12071
PA|PP755594.1|A/cattle/Texas/24-008749-003/2024(H5N1)	1832	12068
PA|PP755594.1|A/cattle/Texas/24-008749-003/2024(H5N1)	1833	12037
PA|PP755594.1|A/cattle/Texas/24-008749-003/2024(H5N1)	1834	12057
PA|PP755594.1|A/cattle/Texas/24-008749-003/2024(H5N1)	1835	12057
PA|PP755594.1|A/cattle/Texas/24-008749-003/2024(H5N1)	1836	12057
PA|PP755594.1|A/cattle/Texas/24-008749-003/2024(H5N1)	1837	12057
PA|PP755594.1|A/cattle/Texas/24-008749-003/2024(H5N1)	1838	11995
PA|PP755594.1|A/cattle/Texas/24-008749-003/2024(H5N1)	1839	11992
PA|PP755594.1|A/cattle/Texas/24-008749-003/2024(H5N1)	1840	11993
PA|PP755594.1|A/cattle/Texas/24-008749-003/2024(H5N1)	1841	11992
PA|PP755594.1|A/cattle/Texas/24-008749-003/2024(H5N1)	1842	11992
PA|PP755594.1|A/cattle/Texas/24-008749-003/2024(H5N1)	1843	11973
PA|PP755594.1|A/cattle/Texas/24-008749-003/2024(H5N1)	1844	11764
PA|PP755594.1|A/cattle/Texas/24-008749-003/2024(H5N1)	1845	11760
PA|PP755594.1|A/cattle/Texas/24-008749-003/2024(H5N1)	1846	11763
PA|PP755594.1|A/cattle/Texas/24-008749-003/2024(H5N1)	1847	11769
PA|PP755594.1|A/cattle/Texas/24-008749-003/2024(H5N1)	1848	11711
PA|PP755594.1|A/cattle/Texas/24-008749-003/2024(H5N1)	1849	12739
PA|PP755594.1|A/cattle/Texas/24-008749-003/2024(H5N1)	1850	12739
PA|PP755594.1|A/cattle/Texas/24-008749-003/2024(H5N1)	1851	12739
PA|PP755594.1|A/cattle/Texas/24-008749-003/2024(H5N1)	1852	12739
PA|PP755594.1|A/cattle/Texas/24-008749-003/2024(H5N1)	1853	12504
PA|PP755594.1|A/cattle/Texas/24-008749-003/2024(H5N1)	1854	12449
PA|PP755594.1|A/cattle/Texas/24-008749-003/2024(H5N1)	1855	12923
PA|PP755594.1|A/cattle/Texas/24-008749-003/2024(H5N1)	1856	12933
PA|PP755594.1|A/cattle/Texas/24-008749-003/2024(H5N1)	1857	12984
PA|PP755594.1|A/cattle/Texas/24-008749-003/2024(H5N1)	1858	13148
PA|PP755594.1|A/cattle/Texas/24-008749-003/2024(H5N1)	1859	13267
PA|PP755594.1|A/cattle/Texas/24-008749-003/2024(H5N1)	1860	13242
PA|PP755594.1|A/cattle/Texas/24-008749-003/2024(H5N1)	1861	13287
PA|PP755594.1|A/cattle/Texas/24-008749-003/2024(H5N1)	1862	13294
PA|PP755594.1|A/cattle/Texas/24-008749-003/2024(H5N1)	1863	13379
PA|PP755594.1|A/cattle/Texas/24-008749-003/2024(H5N1)	1864	13442
PA|PP755594.1|A/cattle/Texas/24-008749-003/2024(H5N1)	1865	13584
PA|PP755594.1|A/cattle/Texas/24-008749-003/2024(H5N1)	1866	13543
PA|PP755594.1|A/cattle/Texas/24-008749-003/2024(H5N1)	1867	13563
PA|PP755594.1|A/cattle/Texas/24-008749-003/2024(H5N1)	1868	13387
PA|PP755594.1|A/cattle/Texas/24-008749-003/2024(H5N1)	1869	13466
PA|PP755594.1|A/cattle/Texas/24-008749-003/2024(H5N1)	1870	13461
PA|PP755594.1|A/cattle/Texas/24-008749-003/2024(H5N1)	1871	13522
PA|PP755594.1|A/cattle/Texas/24-008749-003/2024(H5N1)	1872	14035
PA|PP755594.1|A/cattle/Texas/24-008749-003/2024(H5N1)	1873	14010
PA|PP755594.1|A/cattle/Texas/24-008749-003/2024(H5N1)	1874	14025
PA|PP755594.1|A/cattle/Texas/24-008749-003/2024(H5N1)	1875	13859
PA|PP755594.1|A/cattle/Texas/24-008749-003/2024(H5N1)	1876	13808
PA|PP755594.1|A/cattle/Texas/24-008749-003/2024(H5N1)	1877	13848
PA|PP755594.1|A/cattle/Texas/24-008749-003/2024(H5N1)	1878	13951
PA|PP755594.1|A/cattle/Texas/24-008749-003/2024(H5N1)	1879	14180
PA|PP755594.1|A/cattle/Texas/24-008749-003/2024(H5N1)	1880	14367
PA|PP755594.1|A/cattle/Texas/24-008749-003/2024(H5N1)	1881	13678
PA|PP755594.1|A/cattle/Texas/24-008749-003/2024(H5N1)	1882	13790
PA|PP755594.1|A/cattle/Texas/24-008749-003/2024(H5N1)	1883	14127
PA|PP755594.1|A/cattle/Texas/24-008749-003/2024(H5N1)	1884	13687
PA|PP755594.1|A/cattle/Texas/24-008749-003/2024(H5N1)	1885	13867
PA|PP755594.1|A/cattle/Texas/24-008749-003/2024(H5N1)	1886	13748
PA|PP755594.1|A/cattle/Texas/24-008749-003/2024(H5N1)	1887	13839
PA|PP755594.1|A/cattle/Texas/24-008749-003/2024(H5N1)	1888	13683
PA|PP755594.1|A/cattle/Texas/24-008749-003/2024(H5N1)	1889	13245
PA|PP755594.1|A/cattle/Texas/24-008749-003/2024(H5N1)	1890	13146
PA|PP755594.1|A/cattle/Texas/24-008749-003/2024(H5N1)	1891	12876
PA|PP755594.1|A/cattle/Texas/24-008749-003/2024(H5N1)	1892	12842
PA|PP755594.1|A/cattle/Texas/24-008749-003/2024(H5N1)	1893	12727
PA|PP755594.1|A/cattle/Texas/24-008749-003/2024(H5N1)	1894	12652
PA|PP755594.1|A/cattle/Texas/24-008749-003/2024(H5N1)	1895	12622
PA|PP755594.1|A/cattle/Texas/24-008749-003/2024(H5N1)	1896	12512
PA|PP755594.1|A/cattle/Texas/24-008749-003/2024(H5N1)	1897	12887
PA|PP755594.1|A/cattle/Texas/24-008749-003/2024(H5N1)	1898	13008
PA|PP755594.1|A/cattle/Texas/24-008749-003/2024(H5N1)	1899	12988
PA|PP755594.1|A/cattle/Texas/24-008749-003/2024(H5N1)	1900	13024
PA|PP755594.1|A/cattle/Texas/24-008749-003/2024(H5N1)	1901	12965
PA|PP755594.1|A/cattle/Texas/24-008749-003/2024(H5N1)	1902	12622
PA|PP755594.1|A/cattle/Texas/24-008749-003/2024(H5N1)	1903	12785
PA|PP755594.1|A/cattle/Texas/24-008749-003/2024(H5N1)	1904	12676
PA|PP755594.1|A/cattle/Texas/24-008749-003/2024(H5N1)	1905	13307
PA|PP755594.1|A/cattle/Texas/24-008749-003/2024(H5N1)	1906	13354
PA|PP755594.1|A/cattle/Texas/24-008749-003/2024(H5N1)	1907	13137
PA|PP755594.1|A/cattle/Texas/24-008749-003/2024(H5N1)	1908	13715
PA|PP755594.1|A/cattle/Texas/24-008749-003/2024(H5N1)	1909	13673
PA|PP755594.1|A/cattle/Texas/24-008749-003/2024(H5N1)	1910	13806
PA|PP755594.1|A/cattle/Texas/24-008749-003/2024(H5N1)	1911	13790
PA|PP755594.1|A/cattle/Texas/24-008749-003/2024(H5N1)	1912	13760
PA|PP755594.1|A/cattle/Texas/24-008749-003/2024(H5N1)	1913	13797
PA|PP755594.1|A/cattle/Texas/24-008749-003/2024(H5N1)	1914	13103
PA|PP755594.1|A/cattle/Texas/24-008749-003/2024(H5N1)	1915	13013
PA|PP755594.1|A/cattle/Texas/24-008749-003/2024(H5N1)	1916	12895
PA|PP755594.1|A/cattle/Texas/24-008749-003/2024(H5N1)	1917	10666
PA|PP755594.1|A/cattle/Texas/24-008749-003/2024(H5N1)	1918	10628
PA|PP755594.1|A/cattle/Texas/24-008749-003/2024(H5N1)	1919	10631
PA|PP755594.1|A/cattle/Texas/24-008749-003/2024(H5N1)	1920	10633
PA|PP755594.1|A/cattle/Texas/24-008749-003/2024(H5N1)	1921	10665
PA|PP755594.1|A/cattle/Texas/24-008749-003/2024(H5N1)	1922	10664
PA|PP755594.1|A/cattle/Texas/24-008749-003/2024(H5N1)	1923	10765
PA|PP755594.1|A/cattle/Texas/24-008749-003/2024(H5N1)	1924	11731
PA|PP755594.1|A/cattle/Texas/24-008749-003/2024(H5N1)	1925	11978
PA|PP755594.1|A/cattle/Texas/24-008749-003/2024(H5N1)	1926	12635
PA|PP755594.1|A/cattle/Texas/24-008749-003/2024(H5N1)	1927	12637
PA|PP755594.1|A/cattle/Texas/24-008749-003/2024(H5N1)	1928	12733
PA|PP755594.1|A/cattle/Texas/24-008749-003/2024(H5N1)	1929	12751
PA|PP755594.1|A/cattle/Texas/24-008749-003/2024(H5N1)	1930	12823
PA|PP755594.1|A/cattle/Texas/24-008749-003/2024(H5N1)	1931	12834
PA|PP755594.1|A/cattle/Texas/24-008749-003/2024(H5N1)	1932	12836
PA|PP755594.1|A/cattle/Texas/24-008749-003/2024(H5N1)	1933	13136
PA|PP755594.1|A/cattle/Texas/24-008749-003/2024(H5N1)	1934	13314
PA|PP755594.1|A/cattle/Texas/24-008749-003/2024(H5N1)	1935	13428
PA|PP755594.1|A/cattle/Texas/24-008749-003/2024(H5N1)	1936	13462
PA|PP755594.1|A/cattle/Texas/24-008749-003/2024(H5N1)	1937	13479
PA|PP755594.1|A/cattle/Texas/24-008749-003/2024(H5N1)	1938	13550
PA|PP755594.1|A/cattle/Texas/24-008749-003/2024(H5N1)	1939	13552
PA|PP755594.1|A/cattle/Texas/24-008749-003/2024(H5N1)	1940	13564
PA|PP755594.1|A/cattle/Texas/24-008749-003/2024(H5N1)	1941	13583
PA|PP755594.1|A/cattle/Texas/24-008749-003/2024(H5N1)	1942	13582
PA|PP755594.1|A/cattle/Texas/24-008749-003/2024(H5N1)	1943	13566
PA|PP755594.1|A/cattle/Texas/24-008749-003/2024(H5N1)	1944	13190
PA|PP755594.1|A/cattle/Texas/24-008749-003/2024(H5N1)	1945	13348
PA|PP755594.1|A/cattle/Texas/24-008749-003/2024(H5N1)	1946	13348
PA|PP755594.1|A/cattle/Texas/24-008749-003/2024(H5N1)	1947	13349
PA|PP755594.1|A/cattle/Texas/24-008749-003/2024(H5N1)	1948	13347
PA|PP755594.1|A/cattle/Texas/24-008749-003/2024(H5N1)	1949	13347
PA|PP755594.1|A/cattle/Texas/24-008749-003/2024(H5N1)	1950	11750
PA|PP755594.1|A/cattle/Texas/24-008749-003/2024(H5N1)	1951	11750
PA|PP755594.1|A/cattle/Texas/24-008749-003/2024(H5N1)	1952	11750
PA|PP755594.1|A/cattle/Texas/24-008749-003/2024(H5N1)	1953	11750
PA|PP755594.1|A/cattle/Texas/24-008749-003/2024(H5N1)	1954	11750
PA|PP755594.1|A/cattle/Texas/24-008749-003/2024(H5N1)	1955	11749
PA|PP755594.1|A/cattle/Texas/24-008749-003/2024(H5N1)	1956	9925
PA|PP755594.1|A/cattle/Texas/24-008749-003/2024(H5N1)	1957	9926
PA|PP755594.1|A/cattle/Texas/24-008749-003/2024(H5N1)	1958	9926
PA|PP755594.1|A/cattle/Texas/24-008749-003/2024(H5N1)	1959	9923
PA|PP755594.1|A/cattle/Texas/24-008749-003/2024(H5N1)	1960	9955
PA|PP755594.1|A/cattle/Texas/24-008749-003/2024(H5N1)	1961	10207
PA|PP755594.1|A/cattle/Texas/24-008749-003/2024(H5N1)	1962	10209
PA|PP755594.1|A/cattle/Texas/24-008749-003/2024(H5N1)	1963	10209
PA|PP755594.1|A/cattle/Texas/24-008749-003/2024(H5N1)	1964	10209
PA|PP755594.1|A/cattle/Texas/24-008749-003/2024(H5N1)	1965	10209
PA|PP755594.1|A/cattle/Texas/24-008749-003/2024(H5N1)	1966	10216
PA|PP755594.1|A/cattle/Texas/24-008749-003/2024(H5N1)	1967	10217
PA|PP755594.1|A/cattle/Texas/24-008749-003/2024(H5N1)	1968	10216
PA|PP755594.1|A/cattle/Texas/24-008749-003/2024(H5N1)	1969	10228
PA|PP755594.1|A/cattle/Texas/24-008749-003/2024(H5N1)	1970	10285
PA|PP755594.1|A/cattle/Texas/24-008749-003/2024(H5N1)	1971	10519
PA|PP755594.1|A/cattle/Texas/24-008749-003/2024(H5N1)	1972	15903
PA|PP755594.1|A/cattle/Texas/24-008749-003/2024(H5N1)	1973	15940
PA|PP755594.1|A/cattle/Texas/24-008749-003/2024(H5N1)	1974	16044
PA|PP755594.1|A/cattle/Texas/24-008749-003/2024(H5N1)	1975	16059
PA|PP755594.1|A/cattle/Texas/24-008749-003/2024(H5N1)	1976	16150
PA|PP755594.1|A/cattle/Texas/24-008749-003/2024(H5N1)	1977	16150
PA|PP755594.1|A/cattle/Texas/24-008749-003/2024(H5N1)	1978	16161
PA|PP755594.1|A/cattle/Texas/24-008749-003/2024(H5N1)	1979	16161
PA|PP755594.1|A/cattle/Texas/24-008749-003/2024(H5N1)	1980	16160
PA|PP755594.1|A/cattle/Texas/24-008749-003/2024(H5N1)	1981	16286
PA|PP755594.1|A/cattle/Texas/24-008749-003/2024(H5N1)	1982	16457
PA|PP755594.1|A/cattle/Texas/24-008749-003/2024(H5N1)	1983	16509
PA|PP755594.1|A/cattle/Texas/24-008749-003/2024(H5N1)	1984	16509
PA|PP755594.1|A/cattle/Texas/24-008749-003/2024(H5N1)	1985	16509
PA|PP755594.1|A/cattle/Texas/24-008749-003/2024(H5N1)	1986	16507
PA|PP755594.1|A/cattle/Texas/24-008749-003/2024(H5N1)	1987	16547
PA|PP755594.1|A/cattle/Texas/24-008749-003/2024(H5N1)	1988	16568
PA|PP755594.1|A/cattle/Texas/24-008749-003/2024(H5N1)	1989	16567
PA|PP755594.1|A/cattle/Texas/24-008749-003/2024(H5N1)	1990	16583
PA|PP755594.1|A/cattle/Texas/24-008749-003/2024(H5N1)	1991	16642
PA|PP755594.1|A/cattle/Texas/24-008749-003/2024(H5N1)	1992	16642
PA|PP755594.1|A/cattle/Texas/24-008749-003/2024(H5N1)	1993	16956
PA|PP755594.1|A/cattle/Texas/24-008749-003/2024(H5N1)	1994	17839
PA|PP755594.1|A/cattle/Texas/24-008749-003/2024(H5N1)	1995	18034
PA|PP755594.1|A/cattle/Texas/24-008749-003/2024(H5N1)	1996	18087
PA|PP755594.1|A/cattle/Texas/24-008749-003/2024(H5N1)	1997	18105
PA|PP755594.1|A/cattle/Texas/24-008749-003/2024(H5N1)	1998	18173
PA|PP755594.1|A/cattle/Texas/24-008749-003/2024(H5N1)	1999	18391
PA|PP755594.1|A/cattle/Texas/24-008749-003/2024(H5N1)	2000	18488
PA|PP755594.1|A/cattle/Texas/24-008749-003/2024(H5N1)	2001	18802
PA|PP755594.1|A/cattle/Texas/24-008749-003/2024(H5N1)	2002	18917
PA|PP755594.1|A/cattle/Texas/24-008749-003/2024(H5N1)	2003	19077
PA|PP755594.1|A/cattle/Texas/24-008749-003/2024(H5N1)	2004	19113
PA|PP755594.1|A/cattle/Texas/24-008749-003/2024(H5N1)	2005	19376
PA|PP755594.1|A/cattle/Texas/24-008749-003/2024(H5N1)	2006	19374
PA|PP755594.1|A/cattle/Texas/24-008749-003/2024(H5N1)	2007	19391
PA|PP755594.1|A/cattle/Texas/24-008749-003/2024(H5N1)	2008	19367
PA|PP755594.1|A/cattle/Texas/24-008749-003/2024(H5N1)	2009	19207
PA|PP755594.1|A/cattle/Texas/24-008749-003/2024(H5N1)	2010	19125
PA|PP755594.1|A/cattle/Texas/24-008749-003/2024(H5N1)	2011	19343
PA|PP755594.1|A/cattle/Texas/24-008749-003/2024(H5N1)	2012	19290
PA|PP755594.1|A/cattle/Texas/24-008749-003/2024(H5N1)	2013	19332
PA|PP755594.1|A/cattle/Texas/24-008749-003/2024(H5N1)	2014	19570
PA|PP755594.1|A/cattle/Texas/24-008749-003/2024(H5N1)	2015	19398
PA|PP755594.1|A/cattle/Texas/24-008749-003/2024(H5N1)	2016	19449
PA|PP755594.1|A/cattle/Texas/24-008749-003/2024(H5N1)	2017	19452
PA|PP755594.1|A/cattle/Texas/24-008749-003/2024(H5N1)	2018	19500
PA|PP755594.1|A/cattle/Texas/24-008749-003/2024(H5N1)	2019	19687
PA|PP755594.1|A/cattle/Texas/24-008749-003/2024(H5N1)	2020	19621
PA|PP755594.1|A/cattle/Texas/24-008749-003/2024(H5N1)	2021	19855
PA|PP755594.1|A/cattle/Texas/24-008749-003/2024(H5N1)	2022	19296
PA|PP755594.1|A/cattle/Texas/24-008749-003/2024(H5N1)	2023	18945
PA|PP755594.1|A/cattle/Texas/24-008749-003/2024(H5N1)	2024	19234
PA|PP755594.1|A/cattle/Texas/24-008749-003/2024(H5N1)	2025	19299
PA|PP755594.1|A/cattle/Texas/24-008749-003/2024(H5N1)	2026	19220
PA|PP755594.1|A/cattle/Texas/24-008749-003/2024(H5N1)	2027	19086
PA|PP755594.1|A/cattle/Texas/24-008749-003/2024(H5N1)	2028	19058
PA|PP755594.1|A/cattle/Texas/24-008749-003/2024(H5N1)	2029	19626
PA|PP755594.1|A/cattle/Texas/24-008749-003/2024(H5N1)	2030	19682
PA|PP755594.1|A/cattle/Texas/24-008749-003/2024(H5N1)	2031	19526
PA|PP755594.1|A/cattle/Texas/24-008749-003/2024(H5N1)	2032	20197
PA|PP755594.1|A/cattle/Texas/24-008749-003/2024(H5N1)	2033	19782
PA|PP755594.1|A/cattle/Texas/24-008749-003/2024(H5N1)	2034	20121
PA|PP755594.1|A/cattle/Texas/24-008749-003/2024(H5N1)	2035	20123
PA|PP755594.1|A/cattle/Texas/24-008749-003/2024(H5N1)	2036	20153
PA|PP755594.1|A/cattle/Texas/24-008749-003/2024(H5N1)	2037	20246
PA|PP755594.1|A/cattle/Texas/24-008749-003/2024(H5N1)	2038	20092
PA|PP755594.1|A/cattle/Texas/24-008749-003/2024(H5N1)	2039	20102
PA|PP755594.1|A/cattle/Texas/24-008749-003/2024(H5N1)	2040	19891
PA|PP755594.1|A/cattle/Texas/24-008749-003/2024(H5N1)	2041	19761
PA|PP755594.1|A/cattle/Texas/24-008749-003/2024(H5N1)	2042	20551
PA|PP755594.1|A/cattle/Texas/24-008749-003/2024(H5N1)	2043	20446
PA|PP755594.1|A/cattle/Texas/24-008749-003/2024(H5N1)	2044	20447
PA|PP755594.1|A/cattle/Texas/24-008749-003/2024(H5N1)	2045	20622
PA|PP755594.1|A/cattle/Texas/24-008749-003/2024(H5N1)	2046	20541
PA|PP755594.1|A/cattle/Texas/24-008749-003/2024(H5N1)	2047	20480
PA|PP755594.1|A/cattle/Texas/24-008749-003/2024(H5N1)	2048	20473
PA|PP755594.1|A/cattle/Texas/24-008749-003/2024(H5N1)	2049	20524
PA|PP755594.1|A/cattle/Texas/24-008749-003/2024(H5N1)	2050	20504
PA|PP755594.1|A/cattle/Texas/24-008749-003/2024(H5N1)	2051	20474
PA|PP755594.1|A/cattle/Texas/24-008749-003/2024(H5N1)	2052	20480
PA|PP755594.1|A/cattle/Texas/24-008749-003/2024(H5N1)	2053	20753
PA|PP755594.1|A/cattle/Texas/24-008749-003/2024(H5N1)	2054	20547
PA|PP755594.1|A/cattle/Texas/24-008749-003/2024(H5N1)	2055	20726
PA|PP755594.1|A/cattle/Texas/24-008749-003/2024(H5N1)	2056	19997
PA|PP755594.1|A/cattle/Texas/24-008749-003/2024(H5N1)	2057	19940
PA|PP755594.1|A/cattle/Texas/24-008749-003/2024(H5N1)	2058	21573
PA|PP755594.1|A/cattle/Texas/24-008749-003/2024(H5N1)	2059	21171
PA|PP755594.1|A/cattle/Texas/24-008749-003/2024(H5N1)	2060	21343
PA|PP755594.1|A/cattle/Texas/24-008749-003/2024(H5N1)	2061	21216
PA|PP755594.1|A/cattle/Texas/24-008749-003/2024(H5N1)	2062	20681
PA|PP755594.1|A/cattle/Texas/24-008749-003/2024(H5N1)	2063	20832
PA|PP755594.1|A/cattle/Texas/24-008749-003/2024(H5N1)	2064	20625
PA|PP755594.1|A/cattle/Texas/24-008749-003/2024(H5N1)	2065	20629
PA|PP755594.1|A/cattle/Texas/24-008749-003/2024(H5N1)	2066	20738
PA|PP755594.1|A/cattle/Texas/24-008749-003/2024(H5N1)	2067	20145
PA|PP755594.1|A/cattle/Texas/24-008749-003/2024(H5N1)	2068	20452
PA|PP755594.1|A/cattle/Texas/24-008749-003/2024(H5N1)	2069	20436
PA|PP755594.1|A/cattle/Texas/24-008749-003/2024(H5N1)	2070	20431
PA|PP755594.1|A/cattle/Texas/24-008749-003/2024(H5N1)	2071	20450
PA|PP755594.1|A/cattle/Texas/24-008749-003/2024(H5N1)	2072	20410
PA|PP755594.1|A/cattle/Texas/24-008749-003/2024(H5N1)	2073	20362
PA|PP755594.1|A/cattle/Texas/24-008749-003/2024(H5N1)	2074	20255
PA|PP755594.1|A/cattle/Texas/24-008749-003/2024(H5N1)	2075	19892
PA|PP755594.1|A/cattle/Texas/24-008749-003/2024(H5N1)	2076	19944
PA|PP755594.1|A/cattle/Texas/24-008749-003/2024(H5N1)	2077	18862
PA|PP755594.1|A/cattle/Texas/24-008749-003/2024(H5N1)	2078	18855
PA|PP755594.1|A/cattle/Texas/24-008749-003/2024(H5N1)	2079	18755
PA|PP755594.1|A/cattle/Texas/24-008749-003/2024(H5N1)	2080	18675
PA|PP755594.1|A/cattle/Texas/24-008749-003/2024(H5N1)	2081	18626
PA|PP755594.1|A/cattle/Texas/24-008749-003/2024(H5N1)	2082	18721
PA|PP755594.1|A/cattle/Texas/24-008749-003/2024(H5N1)	2083	18716
PA|PP755594.1|A/cattle/Texas/24-008749-003/2024(H5N1)	2084	18451
PA|PP755594.1|A/cattle/Texas/24-008749-003/2024(H5N1)	2085	18154
PA|PP755594.1|A/cattle/Texas/24-008749-003/2024(H5N1)	2086	18022
PA|PP755594.1|A/cattle/Texas/24-008749-003/2024(H5N1)	2087	18007
PA|PP755594.1|A/cattle/Texas/24-008749-003/2024(H5N1)	2088	17964
PA|PP755594.1|A/cattle/Texas/24-008749-003/2024(H5N1)	2089	17890
PA|PP755594.1|A/cattle/Texas/24-008749-003/2024(H5N1)	2090	17898
PA|PP755594.1|A/cattle/Texas/24-008749-003/2024(H5N1)	2091	17704
PA|PP755594.1|A/cattle/Texas/24-008749-003/2024(H5N1)	2092	17634
PA|PP755594.1|A/cattle/Texas/24-008749-003/2024(H5N1)	2093	15972
PA|PP755594.1|A/cattle/Texas/24-008749-003/2024(H5N1)	2094	15805
PA|PP755594.1|A/cattle/Texas/24-008749-003/2024(H5N1)	2095	15775
PA|PP755594.1|A/cattle/Texas/24-008749-003/2024(H5N1)	2096	15786
PA|PP755594.1|A/cattle/Texas/24-008749-003/2024(H5N1)	2097	15794
PA|PP755594.1|A/cattle/Texas/24-008749-003/2024(H5N1)	2098	15719
PA|PP755594.1|A/cattle/Texas/24-008749-003/2024(H5N1)	2099	15654
PA|PP755594.1|A/cattle/Texas/24-008749-003/2024(H5N1)	2100	15224
PA|PP755594.1|A/cattle/Texas/24-008749-003/2024(H5N1)	2101	15180
PA|PP755594.1|A/cattle/Texas/24-008749-003/2024(H5N1)	2102	15166
PA|PP755594.1|A/cattle/Texas/24-008749-003/2024(H5N1)	2103	15178
PA|PP755594.1|A/cattle/Texas/24-008749-003/2024(H5N1)	2104	15083
PA|PP755594.1|A/cattle/Texas/24-008749-003/2024(H5N1)	2105	14961
PA|PP755594.1|A/cattle/Texas/24-008749-003/2024(H5N1)	2106	14932
PA|PP755594.1|A/cattle/Texas/24-008749-003/2024(H5N1)	2107	14692
PA|PP755594.1|A/cattle/Texas/24-008749-003/2024(H5N1)	2108	14666
PA|PP755594.1|A/cattle/Texas/24-008749-003/2024(H5N1)	2109	14665
PA|PP755594.1|A/cattle/Texas/24-008749-003/2024(H5N1)	2110	14666
PA|PP755594.1|A/cattle/Texas/24-008749-003/2024(H5N1)	2111	14625
PA|PP755594.1|A/cattle/Texas/24-008749-003/2024(H5N1)	2112	14254
PA|PP755594.1|A/cattle/Texas/24-008749-003/2024(H5N1)	2113	14192
PA|PP755594.1|A/cattle/Texas/24-008749-003/2024(H5N1)	2114	14150
PA|PP755594.1|A/cattle/Texas/24-008749-003/2024(H5N1)	2115	14132
PA|PP755594.1|A/cattle/Texas/24-008749-003/2024(H5N1)	2116	14120
PA|PP755594.1|A/cattle/Texas/24-008749-003/2024(H5N1)	2117	13998
PA|PP755594.1|A/cattle/Texas/24-008749-003/2024(H5N1)	2118	13991
PA|PP755594.1|A/cattle/Texas/24-008749-003/2024(H5N1)	2119	13971
PA|PP755594.1|A/cattle/Texas/24-008749-003/2024(H5N1)	2120	13925
PA|PP755594.1|A/cattle/Texas/24-008749-003/2024(H5N1)	2121	13803
PA|PP755594.1|A/cattle/Texas/24-008749-003/2024(H5N1)	2122	13676
PA|PP755594.1|A/cattle/Texas/24-008749-003/2024(H5N1)	2123	13676
PA|PP755594.1|A/cattle/Texas/24-008749-003/2024(H5N1)	2124	13665
PA|PP755594.1|A/cattle/Texas/24-008749-003/2024(H5N1)	2125	13548
PA|PP755594.1|A/cattle/Texas/24-008749-003/2024(H5N1)	2126	13464
PA|PP755594.1|A/cattle/Texas/24-008749-003/2024(H5N1)	2127	12943
PA|PP755594.1|A/cattle/Texas/24-008749-003/2024(H5N1)	2128	12929
PA|PP755594.1|A/cattle/Texas/24-008749-003/2024(H5N1)	2129	12926
PA|PP755594.1|A/cattle/Texas/24-008749-003/2024(H5N1)	2130	12917
PA|PP755594.1|A/cattle/Texas/24-008749-003/2024(H5N1)	2131	12737
PA|PP755594.1|A/cattle/Texas/24-008749-003/2024(H5N1)	2132	12687
PA|PP755594.1|A/cattle/Texas/24-008749-003/2024(H5N1)	2133	12551
PA|PP755594.1|A/cattle/Texas/24-008749-003/2024(H5N1)	2134	12545
PA|PP755594.1|A/cattle/Texas/24-008749-003/2024(H5N1)	2135	12484
PA|PP755594.1|A/cattle/Texas/24-008749-003/2024(H5N1)	2136	12458
PA|PP755594.1|A/cattle/Texas/24-008749-003/2024(H5N1)	2137	12418
PA|PP755594.1|A/cattle/Texas/24-008749-003/2024(H5N1)	2138	12360
PA|PP755594.1|A/cattle/Texas/24-008749-003/2024(H5N1)	2139	12306
PA|PP755594.1|A/cattle/Texas/24-008749-003/2024(H5N1)	2140	12299
PA|PP755594.1|A/cattle/Texas/24-008749-003/2024(H5N1)	2141	12260
PA|PP755594.1|A/cattle/Texas/24-008749-003/2024(H5N1)	2142	12227
PA|PP755594.1|A/cattle/Texas/24-008749-003/2024(H5N1)	2143	12065
PA|PP755594.1|A/cattle/Texas/24-008749-003/2024(H5N1)	2144	11755
PA|PP755594.1|A/cattle/Texas/24-008749-003/2024(H5N1)	2145	11749
PA|PP755594.1|A/cattle/Texas/24-008749-003/2024(H5N1)	2146	11705
PA|PP755594.1|A/cattle/Texas/24-008749-003/2024(H5N1)	2147	11694
PA|PP755594.1|A/cattle/Texas/24-008749-003/2024(H5N1)	2148	11665
PA|PP755594.1|A/cattle/Texas/24-008749-003/2024(H5N1)	2149	11560
PA|PP755594.1|A/cattle/Texas/24-008749-003/2024(H5N1)	2150	11288
PA|PP755594.1|A/cattle/Texas/24-008749-003/2024(H5N1)	2151	11191
