PB2|PP755596.1|A/cattle/Texas/24-008749-003/2024(H5N1)	1	3186
PB2|PP755596.1|A/cattle/Texas/24-008749-003/2024(H5N1)	2	3203
PB2|PP755596.1|A/cattle/Texas/24-008749-003/2024(H5N1)	3	3231
PB2|PP755596.1|A/cattle/Texas/24-008749-003/2024(H5N1)	4	3236
PB2|PP755596.1|A/cattle/Texas/24-008749-003/2024(H5N1)	5	3256
PB2|PP755596.1|A/cattle/Texas/24-008749-003/2024(H5N1)	6	3299
PB2|PP755596.1|A/cattle/Texas/24-008749-003/2024(H5N1)	7	3305
PB2|PP755596.1|A/cattle/Texas/24-008749-003/2024(H5N1)	8	3790
PB2|PP755596.1|A/cattle/Texas/24-008749-003/2024(H5N1)	9	3797
PB2|PP755596.1|A/cattle/Texas/24-008749-003/2024(H5N1)	10	3805
PB2|PP755596.1|A/cattle/Texas/24-008749-003/2024(H5N1)	11	3816
PB2|PP755596.1|A/cattle/Texas/24-008749-003/2024(H5N1)	12	3826
PB2|PP755596.1|A/cattle/Texas/24-008749-003/2024(H5N1)	13	3828
PB2|PP755596.1|A/cattle/Texas/24-008749-003/2024(H5N1)	14	3828
PB2|PP755596.1|A/cattle/Texas/24-008749-003/2024(H5N1)	15	3831
PB2|PP755596.1|A/cattle/Texas/24-008749-003/2024(H5N1)	16	3831
PB2|PP755596.1|A/cattle/Texas/24-008749-003/2024(H5N1)	17	3831
PB2|PP755596.1|A/cattle/Texas/24-008749-003/2024(H5N1)	18	3831
PB2|PP755596.1|A/cattle/Texas/24-008749-003/2024(H5N1)	19	3845
PB2|PP755596.1|A/cattle/Texas/24-008749-003/2024(H5N1)	20	3850
PB2|PP755596.1|A/cattle/Texas/24-008749-003/2024(H5N1)	21	3850
PB2|PP755596.1|A/cattle/Texas/24-008749-003/2024(H5N1)	22	3850
PB2|PP755596.1|A/cattle/Texas/24-008749-003/2024(H5N1)	23	3874
PB2|PP755596.1|A/cattle/Texas/24-008749-003/2024(H5N1)	24	3906
PB2|PP755596.1|A/cattle/Texas/24-008749-003/2024(H5N1)	25	3982
PB2|PP755596.1|A/cattle/Texas/24-008749-003/2024(H5N1)	26	3982
PB2|PP755596.1|A/cattle/Texas/24-008749-003/2024(H5N1)	27	3982
PB2|PP755596.1|A/cattle/Texas/24-008749-003/2024(H5N1)	28	3981
PB2|PP755596.1|A/cattle/Texas/24-008749-003/2024(H5N1)	29	3984
PB2|PP755596.1|A/cattle/Texas/24-008749-003/2024(H5N1)	30	3985
PB2|PP755596.1|A/cattle/Texas/24-008749-003/2024(H5N1)	31	4203
PB2|PP755596.1|A/cattle/Texas/24-008749-003/2024(H5N1)	32	4206
PB2|PP755596.1|A/cattle/Texas/24-008749-003/2024(H5N1)	33	4214
PB2|PP755596.1|A/cattle/Texas/24-008749-003/2024(H5N1)	34	4257
PB2|PP755596.1|A/cattle/Texas/24-008749-003/2024(H5N1)	35	4261
PB2|PP755596.1|A/cattle/Texas/24-008749-003/2024(H5N1)	36	4261
PB2|PP755596.1|A/cattle/Texas/24-008749-003/2024(H5N1)	37	4297
PB2|PP755596.1|A/cattle/Texas/24-008749-003/2024(H5N1)	38	4297
PB2|PP755596.1|A/cattle/Texas/24-008749-003/2024(H5N1)	39	4491
PB2|PP755596.1|A/cattle/Texas/24-008749-003/2024(H5N1)	40	4529
PB2|PP755596.1|A/cattle/Texas/24-008749-003/2024(H5N1)	41	4534
PB2|PP755596.1|A/cattle/Texas/24-008749-003/2024(H5N1)	42	4541
PB2|PP755596.1|A/cattle/Texas/24-008749-003/2024(H5N1)	43	4622
PB2|PP755596.1|A/cattle/Texas/24-008749-003/2024(H5N1)	44	4629
PB2|PP755596.1|A/cattle/Texas/24-008749-003/2024(H5N1)	45	4641
PB2|PP755596.1|A/cattle/Texas/24-008749-003/2024(H5N1)	46	4656
PB2|PP755596.1|A/cattle/Texas/24-008749-003/2024(H5N1)	47	4683
PB2|PP755596.1|A/cattle/Texas/24-008749-003/2024(H5N1)	48	4702
PB2|PP755596.1|A/cattle/Texas/24-008749-003/2024(H5N1)	49	4786
PB2|PP755596.1|A/cattle/Texas/24-008749-003/2024(H5N1)	50	4790
PB2|PP755596.1|A/cattle/Texas/24-008749-003/2024(H5N1)	51	4819
PB2|PP755596.1|A/cattle/Texas/24-008749-003/2024(H5N1)	52	4819
PB2|PP755596.1|A/cattle/Texas/24-008749-003/2024(H5N1)	53	4828
PB2|PP755596.1|A/cattle/Texas/24-008749-003/2024(H5N1)	54	4887
PB2|PP755596.1|A/cattle/Texas/24-008749-003/2024(H5N1)	55	4943
PB2|PP755596.1|A/cattle/Texas/24-008749-003/2024(H5N1)	56	4972
PB2|PP755596.1|A/cattle/Texas/24-008749-003/2024(H5N1)	57	4976
PB2|PP755596.1|A/cattle/Texas/24-008749-003/2024(H5N1)	58	4976
PB2|PP755596.1|A/cattle/Texas/24-008749-003/2024(H5N1)	59	4970
PB2|PP755596.1|A/cattle/Texas/24-008749-003/2024(H5N1)	60	4957
PB2|PP755596.1|A/cattle/Texas/24-008749-003/2024(H5N1)	61	4967
PB2|PP755596.1|A/cattle/Texas/24-008749-003/2024(H5N1)	62	4978
PB2|PP755596.1|A/cattle/Texas/24-008749-003/2024(H5N1)	63	4982
PB2|PP755596.1|A/cattle/Texas/24-008749-003/2024(H5N1)	64	5093
PB2|PP755596.1|A/cattle/Texas/24-008749-003/2024(H5N1)	65	5118
PB2|PP755596.1|A/cattle/Texas/24-008749-003/2024(H5N1)	66	5126
PB2|PP755596.1|A/cattle/Texas/24-008749-003/2024(H5N1)	67	5128
PB2|PP755596.1|A/cattle/Texas/24-008749-003/2024(H5N1)	68	5139
PB2|PP755596.1|A/cattle/Texas/24-008749-003/2024(H5N1)	69	5139
PB2|PP755596.1|A/cattle/Texas/24-008749-003/2024(H5N1)	70	5214
PB2|PP755596.1|A/cattle/Texas/24-008749-003/2024(H5N1)	71	5213
PB2|PP755596.1|A/cattle/Texas/24-008749-003/2024(H5N1)	72	5188
PB2|PP755596.1|A/cattle/Texas/24-008749-003/2024(H5N1)	73	5212
PB2|PP755596.1|A/cattle/Texas/24-008749-003/2024(H5N1)	74	5223
PB2|PP755596.1|A/cattle/Texas/24-008749-003/2024(H5N1)	75	5263
PB2|PP755596.1|A/cattle/Texas/24-008749-003/2024(H5N1)	76	5362
PB2|PP755596.1|A/cattle/Texas/24-008749-003/2024(H5N1)	77	5409
PB2|PP755596.1|A/cattle/Texas/24-008749-003/2024(H5N1)	78	5608
PB2|PP755596.1|A/cattle/Texas/24-008749-003/2024(H5N1)	79	5617
PB2|PP755596.1|A/cattle/Texas/24-008749-003/2024(H5N1)	80	5644
PB2|PP755596.1|A/cattle/Texas/24-008749-003/2024(H5N1)	81	5653
PB2|PP755596.1|A/cattle/Texas/24-008749-003/2024(H5N1)	82	5679
PB2|PP755596.1|A/cattle/Texas/24-008749-003/2024(H5N1)	83	5690
PB2|PP755596.1|A/cattle/Texas/24-008749-003/2024(H5N1)	84	5709
PB2|PP755596.1|A/cattle/Texas/24-008749-003/2024(H5N1)	85	5765
PB2|PP755596.1|A/cattle/Texas/24-008749-003/2024(H5N1)	86	5780
PB2|PP755596.1|A/cattle/Texas/24-008749-003/2024(H5N1)	87	5790
PB2|PP755596.1|A/cattle/Texas/24-008749-003/2024(H5N1)	88	5798
PB2|PP755596.1|A/cattle/Texas/24-008749-003/2024(H5N1)	89	5808
PB2|PP755596.1|A/cattle/Texas/24-008749-003/2024(H5N1)	90	5822
PB2|PP755596.1|A/cattle/Texas/24-008749-003/2024(H5N1)	91	5854
PB2|PP755596.1|A/cattle/Texas/24-008749-003/2024(H5N1)	92	5882
PB2|PP755596.1|A/cattle/Texas/24-008749-003/2024(H5N1)	93	5890
PB2|PP755596.1|A/cattle/Texas/24-008749-003/2024(H5N1)	94	5891
PB2|PP755596.1|A/cattle/Texas/24-008749-003/2024(H5N1)	95	5897
PB2|PP755596.1|A/cattle/Texas/24-008749-003/2024(H5N1)	96	5936
PB2|PP755596.1|A/cattle/Texas/24-008749-003/2024(H5N1)	97	5985
PB2|PP755596.1|A/cattle/Texas/24-008749-003/2024(H5N1)	98	5963
PB2|PP755596.1|A/cattle/Texas/24-008749-003/2024(H5N1)	99	5939
PB2|PP755596.1|A/cattle/Texas/24-008749-003/2024(H5N1)	100	5934
PB2|PP755596.1|A/cattle/Texas/24-008749-003/2024(H5N1)	101	5953
PB2|PP755596.1|A/cattle/Texas/24-008749-003/2024(H5N1)	102	5961
PB2|PP755596.1|A/cattle/Texas/24-008749-003/2024(H5N1)	103	6084
PB2|PP755596.1|A/cattle/Texas/24-008749-003/2024(H5N1)	104	6130
PB2|PP755596.1|A/cattle/Texas/24-008749-003/2024(H5N1)	105	6116
PB2|PP755596.1|A/cattle/Texas/24-008749-003/2024(H5N1)	106	6163
PB2|PP755596.1|A/cattle/Texas/24-008749-003/2024(H5N1)	107	6184
PB2|PP755596.1|A/cattle/Texas/24-008749-003/2024(H5N1)	108	6150
PB2|PP755596.1|A/cattle/Texas/24-008749-003/2024(H5N1)	109	6161
PB2|PP755596.1|A/cattle/Texas/24-008749-003/2024(H5N1)	110	6208
PB2|PP755596.1|A/cattle/Texas/24-008749-003/2024(H5N1)	111	6250
PB2|PP755596.1|A/cattle/Texas/24-008749-003/2024(H5N1)	112	6260
PB2|PP755596.1|A/cattle/Texas/24-008749-003/2024(H5N1)	113	6292
PB2|PP755596.1|A/cattle/Texas/24-008749-003/2024(H5N1)	114	6272
PB2|PP755596.1|A/cattle/Texas/24-008749-003/2024(H5N1)	115	6203
PB2|PP755596.1|A/cattle/Texas/24-008749-003/2024(H5N1)	116	6109
PB2|PP755596.1|A/cattle/Texas/24-008749-003/2024(H5N1)	117	5953
PB2|PP755596.1|A/cattle/Texas/24-008749-003/2024(H5N1)	118	6127
PB2|PP755596.1|A/cattle/Texas/24-008749-003/2024(H5N1)	119	6141
PB2|PP755596.1|A/cattle/Texas/24-008749-003/2024(H5N1)	120	6187
PB2|PP755596.1|A/cattle/Texas/24-008749-003/2024(H5N1)	121	6500
PB2|PP755596.1|A/cattle/Texas/24-008749-003/2024(H5N1)	122	6503
PB2|PP755596.1|A/cattle/Texas/24-008749-003/2024(H5N1)	123	6513
PB2|PP755596.1|A/cattle/Texas/24-008749-003/2024(H5N1)	124	5682
PB2|PP755596.1|A/cattle/Texas/24-008749-003/2024(H5N1)	125	5507
PB2|PP755596.1|A/cattle/Texas/24-008749-003/2024(H5N1)	126	5185
PB2|PP755596.1|A/cattle/Texas/24-008749-003/2024(H5N1)	127	5148
PB2|PP755596.1|A/cattle/Texas/24-008749-003/2024(H5N1)	128	5182
PB2|PP755596.1|A/cattle/Texas/24-008749-003/2024(H5N1)	129	5166
PB2|PP755596.1|A/cattle/Texas/24-008749-003/2024(H5N1)	130	5192
PB2|PP755596.1|A/cattle/Texas/24-008749-003/2024(H5N1)	131	5189
PB2|PP755596.1|A/cattle/Texas/24-008749-003/2024(H5N1)	132	5184
PB2|PP755596.1|A/cattle/Texas/24-008749-003/2024(H5N1)	133	4905
PB2|PP755596.1|A/cattle/Texas/24-008749-003/2024(H5N1)	134	4837
PB2|PP755596.1|A/cattle/Texas/24-008749-003/2024(H5N1)	135	4226
PB2|PP755596.1|A/cattle/Texas/24-008749-003/2024(H5N1)	136	4235
PB2|PP755596.1|A/cattle/Texas/24-008749-003/2024(H5N1)	137	4291
PB2|PP755596.1|A/cattle/Texas/24-008749-003/2024(H5N1)	138	4301
PB2|PP755596.1|A/cattle/Texas/24-008749-003/2024(H5N1)	139	4365
PB2|PP755596.1|A/cattle/Texas/24-008749-003/2024(H5N1)	140	4385
PB2|PP755596.1|A/cattle/Texas/24-008749-003/2024(H5N1)	141	4416
PB2|PP755596.1|A/cattle/Texas/24-008749-003/2024(H5N1)	142	4466
PB2|PP755596.1|A/cattle/Texas/24-008749-003/2024(H5N1)	143	4421
PB2|PP755596.1|A/cattle/Texas/24-008749-003/2024(H5N1)	144	4418
PB2|PP755596.1|A/cattle/Texas/24-008749-003/2024(H5N1)	145	4447
PB2|PP755596.1|A/cattle/Texas/24-008749-003/2024(H5N1)	146	4465
PB2|PP755596.1|A/cattle/Texas/24-008749-003/2024(H5N1)	147	4487
PB2|PP755596.1|A/cattle/Texas/24-008749-003/2024(H5N1)	148	4480
PB2|PP755596.1|A/cattle/Texas/24-008749-003/2024(H5N1)	149	4454
PB2|PP755596.1|A/cattle/Texas/24-008749-003/2024(H5N1)	150	4399
PB2|PP755596.1|A/cattle/Texas/24-008749-003/2024(H5N1)	151	4369
PB2|PP755596.1|A/cattle/Texas/24-008749-003/2024(H5N1)	152	4374
PB2|PP755596.1|A/cattle/Texas/24-008749-003/2024(H5N1)	153	4361
PB2|PP755596.1|A/cattle/Texas/24-008749-003/2024(H5N1)	154	4331
PB2|PP755596.1|A/cattle/Texas/24-008749-003/2024(H5N1)	155	4353
PB2|PP755596.1|A/cattle/Texas/24-008749-003/2024(H5N1)	156	4341
PB2|PP755596.1|A/cattle/Texas/24-008749-003/2024(H5N1)	157	4317
PB2|PP755596.1|A/cattle/Texas/24-008749-003/2024(H5N1)	158	4316
PB2|PP755596.1|A/cattle/Texas/24-008749-003/2024(H5N1)	159	3984
PB2|PP755596.1|A/cattle/Texas/24-008749-003/2024(H5N1)	160	3976
PB2|PP755596.1|A/cattle/Texas/24-008749-003/2024(H5N1)	161	3967
PB2|PP755596.1|A/cattle/Texas/24-008749-003/2024(H5N1)	162	3959
PB2|PP755596.1|A/cattle/Texas/24-008749-003/2024(H5N1)	163	3930
PB2|PP755596.1|A/cattle/Texas/24-008749-003/2024(H5N1)	164	3926
PB2|PP755596.1|A/cattle/Texas/24-008749-003/2024(H5N1)	165	3925
PB2|PP755596.1|A/cattle/Texas/24-008749-003/2024(H5N1)	166	3874
PB2|PP755596.1|A/cattle/Texas/24-008749-003/2024(H5N1)	167	3837
PB2|PP755596.1|A/cattle/Texas/24-008749-003/2024(H5N1)	168	2604
PB2|PP755596.1|A/cattle/Texas/24-008749-003/2024(H5N1)	169	2592
PB2|PP755596.1|A/cattle/Texas/24-008749-003/2024(H5N1)	170	2591
PB2|PP755596.1|A/cattle/Texas/24-008749-003/2024(H5N1)	171	2585
PB2|PP755596.1|A/cattle/Texas/24-008749-003/2024(H5N1)	172	2585
PB2|PP755596.1|A/cattle/Texas/24-008749-003/2024(H5N1)	173	2595
PB2|PP755596.1|A/cattle/Texas/24-008749-003/2024(H5N1)	174	2595
PB2|PP755596.1|A/cattle/Texas/24-008749-003/2024(H5N1)	175	2600
PB2|PP755596.1|A/cattle/Texas/24-008749-003/2024(H5N1)	176	2683
PB2|PP755596.1|A/cattle/Texas/24-008749-003/2024(H5N1)	177	2683
PB2|PP755596.1|A/cattle/Texas/24-008749-003/2024(H5N1)	178	2684
PB2|PP755596.1|A/cattle/Texas/24-008749-003/2024(H5N1)	179	2683
PB2|PP755596.1|A/cattle/Texas/24-008749-003/2024(H5N1)	180	2680
PB2|PP755596.1|A/cattle/Texas/24-008749-003/2024(H5N1)	181	2679
PB2|PP755596.1|A/cattle/Texas/24-008749-003/2024(H5N1)	182	2660
PB2|PP755596.1|A/cattle/Texas/24-008749-003/2024(H5N1)	183	2657
PB2|PP755596.1|A/cattle/Texas/24-008749-003/2024(H5N1)	184	2649
PB2|PP755596.1|A/cattle/Texas/24-008749-003/2024(H5N1)	185	2745
PB2|PP755596.1|A/cattle/Texas/24-008749-003/2024(H5N1)	186	2809
PB2|PP755596.1|A/cattle/Texas/24-008749-003/2024(H5N1)	187	3124
PB2|PP755596.1|A/cattle/Texas/24-008749-003/2024(H5N1)	188	3134
PB2|PP755596.1|A/cattle/Texas/24-008749-003/2024(H5N1)	189	3137
PB2|PP755596.1|A/cattle/Texas/24-008749-003/2024(H5N1)	190	3253
PB2|PP755596.1|A/cattle/Texas/24-008749-003/2024(H5N1)	191	3256
PB2|PP755596.1|A/cattle/Texas/24-008749-003/2024(H5N1)	192	3259
PB2|PP755596.1|A/cattle/Texas/24-008749-003/2024(H5N1)	193	3267
PB2|PP755596.1|A/cattle/Texas/24-008749-003/2024(H5N1)	194	3191
PB2|PP755596.1|A/cattle/Texas/24-008749-003/2024(H5N1)	195	3194
PB2|PP755596.1|A/cattle/Texas/24-008749-003/2024(H5N1)	196	3250
PB2|PP755596.1|A/cattle/Texas/24-008749-003/2024(H5N1)	197	3281
PB2|PP755596.1|A/cattle/Texas/24-008749-003/2024(H5N1)	198	3282
PB2|PP755596.1|A/cattle/Texas/24-008749-003/2024(H5N1)	199	3273
PB2|PP755596.1|A/cattle/Texas/24-008749-003/2024(H5N1)	200	3273
PB2|PP755596.1|A/cattle/Texas/24-008749-003/2024(H5N1)	201	3286
PB2|PP755596.1|A/cattle/Texas/24-008749-003/2024(H5N1)	202	3273
PB2|PP755596.1|A/cattle/Texas/24-008749-003/2024(H5N1)	203	3244
PB2|PP755596.1|A/cattle/Texas/24-008749-003/2024(H5N1)	204	3235
PB2|PP755596.1|A/cattle/Texas/24-008749-003/2024(H5N1)	205	3221
PB2|PP755596.1|A/cattle/Texas/24-008749-003/2024(H5N1)	206	3207
PB2|PP755596.1|A/cattle/Texas/24-008749-003/2024(H5N1)	207	3194
PB2|PP755596.1|A/cattle/Texas/24-008749-003/2024(H5N1)	208	3189
PB2|PP755596.1|A/cattle/Texas/24-008749-003/2024(H5N1)	209	3187
PB2|PP755596.1|A/cattle/Texas/24-008749-003/2024(H5N1)	210	2426
PB2|PP755596.1|A/cattle/Texas/24-008749-003/2024(H5N1)	211	2389
PB2|PP755596.1|A/cattle/Texas/24-008749-003/2024(H5N1)	212	2384
PB2|PP755596.1|A/cattle/Texas/24-008749-003/2024(H5N1)	213	2376
PB2|PP755596.1|A/cattle/Texas/24-008749-003/2024(H5N1)	214	2376
PB2|PP755596.1|A/cattle/Texas/24-008749-003/2024(H5N1)	215	2376
PB2|PP755596.1|A/cattle/Texas/24-008749-003/2024(H5N1)	216	2362
PB2|PP755596.1|A/cattle/Texas/24-008749-003/2024(H5N1)	217	2362
PB2|PP755596.1|A/cattle/Texas/24-008749-003/2024(H5N1)	218	2362
PB2|PP755596.1|A/cattle/Texas/24-008749-003/2024(H5N1)	219	2362
PB2|PP755596.1|A/cattle/Texas/24-008749-003/2024(H5N1)	220	2362
PB2|PP755596.1|A/cattle/Texas/24-008749-003/2024(H5N1)	221	2311
PB2|PP755596.1|A/cattle/Texas/24-008749-003/2024(H5N1)	222	2285
PB2|PP755596.1|A/cattle/Texas/24-008749-003/2024(H5N1)	223	2285
PB2|PP755596.1|A/cattle/Texas/24-008749-003/2024(H5N1)	224	2285
PB2|PP755596.1|A/cattle/Texas/24-008749-003/2024(H5N1)	225	2285
PB2|PP755596.1|A/cattle/Texas/24-008749-003/2024(H5N1)	226	2286
PB2|PP755596.1|A/cattle/Texas/24-008749-003/2024(H5N1)	227	2286
PB2|PP755596.1|A/cattle/Texas/24-008749-003/2024(H5N1)	228	2286
PB2|PP755596.1|A/cattle/Texas/24-008749-003/2024(H5N1)	229	2433
PB2|PP755596.1|A/cattle/Texas/24-008749-003/2024(H5N1)	230	2441
PB2|PP755596.1|A/cattle/Texas/24-008749-003/2024(H5N1)	231	2440
PB2|PP755596.1|A/cattle/Texas/24-008749-003/2024(H5N1)	232	2875
PB2|PP755596.1|A/cattle/Texas/24-008749-003/2024(H5N1)	233	2879
PB2|PP755596.1|A/cattle/Texas/24-008749-003/2024(H5N1)	234	2902
PB2|PP755596.1|A/cattle/Texas/24-008749-003/2024(H5N1)	235	2903
PB2|PP755596.1|A/cattle/Texas/24-008749-003/2024(H5N1)	236	2909
PB2|PP755596.1|A/cattle/Texas/24-008749-003/2024(H5N1)	237	2980
PB2|PP755596.1|A/cattle/Texas/24-008749-003/2024(H5N1)	238	2982
PB2|PP755596.1|A/cattle/Texas/24-008749-003/2024(H5N1)	239	2999
PB2|PP755596.1|A/cattle/Texas/24-008749-003/2024(H5N1)	240	2999
PB2|PP755596.1|A/cattle/Texas/24-008749-003/2024(H5N1)	241	3012
PB2|PP755596.1|A/cattle/Texas/24-008749-003/2024(H5N1)	242	3019
PB2|PP755596.1|A/cattle/Texas/24-008749-003/2024(H5N1)	243	3049
PB2|PP755596.1|A/cattle/Texas/24-008749-003/2024(H5N1)	244	3078
PB2|PP755596.1|A/cattle/Texas/24-008749-003/2024(H5N1)	245	3163
PB2|PP755596.1|A/cattle/Texas/24-008749-003/2024(H5N1)	246	3167
PB2|PP755596.1|A/cattle/Texas/24-008749-003/2024(H5N1)	247	3169
PB2|PP755596.1|A/cattle/Texas/24-008749-003/2024(H5N1)	248	3196
PB2|PP755596.1|A/cattle/Texas/24-008749-003/2024(H5N1)	249	3213
PB2|PP755596.1|A/cattle/Texas/24-008749-003/2024(H5N1)	250	3212
PB2|PP755596.1|A/cattle/Texas/24-008749-003/2024(H5N1)	251	3239
PB2|PP755596.1|A/cattle/Texas/24-008749-003/2024(H5N1)	252	3229
PB2|PP755596.1|A/cattle/Texas/24-008749-003/2024(H5N1)	253	3314
PB2|PP755596.1|A/cattle/Texas/24-008749-003/2024(H5N1)	254	3315
PB2|PP755596.1|A/cattle/Texas/24-008749-003/2024(H5N1)	255	3371
PB2|PP755596.1|A/cattle/Texas/24-008749-003/2024(H5N1)	256	3374
PB2|PP755596.1|A/cattle/Texas/24-008749-003/2024(H5N1)	257	3326
PB2|PP755596.1|A/cattle/Texas/24-008749-003/2024(H5N1)	258	3375
PB2|PP755596.1|A/cattle/Texas/24-008749-003/2024(H5N1)	259	3386
PB2|PP755596.1|A/cattle/Texas/24-008749-003/2024(H5N1)	260	3380
PB2|PP755596.1|A/cattle/Texas/24-008749-003/2024(H5N1)	261	3362
PB2|PP755596.1|A/cattle/Texas/24-008749-003/2024(H5N1)	262	3258
PB2|PP755596.1|A/cattle/Texas/24-008749-003/2024(H5N1)	263	3423
PB2|PP755596.1|A/cattle/Texas/24-008749-003/2024(H5N1)	264	3388
PB2|PP755596.1|A/cattle/Texas/24-008749-003/2024(H5N1)	265	3420
PB2|PP755596.1|A/cattle/Texas/24-008749-003/2024(H5N1)	266	3400
PB2|PP755596.1|A/cattle/Texas/24-008749-003/2024(H5N1)	267	3316
PB2|PP755596.1|A/cattle/Texas/24-008749-003/2024(H5N1)	268	3284
PB2|PP755596.1|A/cattle/Texas/24-008749-003/2024(H5N1)	269	3210
PB2|PP755596.1|A/cattle/Texas/24-008749-003/2024(H5N1)	270	3245
PB2|PP755596.1|A/cattle/Texas/24-008749-003/2024(H5N1)	271	3229
PB2|PP755596.1|A/cattle/Texas/24-008749-003/2024(H5N1)	272	3156
PB2|PP755596.1|A/cattle/Texas/24-008749-003/2024(H5N1)	273	3148
PB2|PP755596.1|A/cattle/Texas/24-008749-003/2024(H5N1)	274	3105
PB2|PP755596.1|A/cattle/Texas/24-008749-003/2024(H5N1)	275	2988
PB2|PP755596.1|A/cattle/Texas/24-008749-003/2024(H5N1)	276	3019
PB2|PP755596.1|A/cattle/Texas/24-008749-003/2024(H5N1)	277	3109
PB2|PP755596.1|A/cattle/Texas/24-008749-003/2024(H5N1)	278	3110
PB2|PP755596.1|A/cattle/Texas/24-008749-003/2024(H5N1)	279	3057
PB2|PP755596.1|A/cattle/Texas/24-008749-003/2024(H5N1)	280	3028
PB2|PP755596.1|A/cattle/Texas/24-008749-003/2024(H5N1)	281	3036
PB2|PP755596.1|A/cattle/Texas/24-008749-003/2024(H5N1)	282	3064
PB2|PP755596.1|A/cattle/Texas/24-008749-003/2024(H5N1)	283	3076
PB2|PP755596.1|A/cattle/Texas/24-008749-003/2024(H5N1)	284	3032
PB2|PP755596.1|A/cattle/Texas/24-008749-003/2024(H5N1)	285	3011
PB2|PP755596.1|A/cattle/Texas/24-008749-003/2024(H5N1)	286	2993
PB2|PP755596.1|A/cattle/Texas/24-008749-003/2024(H5N1)	287	2980
PB2|PP755596.1|A/cattle/Texas/24-008749-003/2024(H5N1)	288	2984
PB2|PP755596.1|A/cattle/Texas/24-008749-003/2024(H5N1)	289	3027
PB2|PP755596.1|A/cattle/Texas/24-008749-003/2024(H5N1)	290	3041
PB2|PP755596.1|A/cattle/Texas/24-008749-003/2024(H5N1)	291	3017
PB2|PP755596.1|A/cattle/Texas/24-008749-003/2024(H5N1)	292	2986
PB2|PP755596.1|A/cattle/Texas/24-008749-003/2024(H5N1)	293	2962
PB2|PP755596.1|A/cattle/Texas/24-008749-003/2024(H5N1)	294	2987
PB2|PP755596.1|A/cattle/Texas/24-008749-003/2024(H5N1)	295	3063
PB2|PP755596.1|A/cattle/Texas/24-008749-003/2024(H5N1)	296	3070
PB2|PP755596.1|A/cattle/Texas/24-008749-003/2024(H5N1)	297	3076
PB2|PP755596.1|A/cattle/Texas/24-008749-003/2024(H5N1)	298	3059
PB2|PP755596.1|A/cattle/Texas/24-008749-003/2024(H5N1)	299	3061
PB2|PP755596.1|A/cattle/Texas/24-008749-003/2024(H5N1)	300	3123
PB2|PP755596.1|A/cattle/Texas/24-008749-003/2024(H5N1)	301	3124
PB2|PP755596.1|A/cattle/Texas/24-008749-003/2024(H5N1)	302	3143
PB2|PP755596.1|A/cattle/Texas/24-008749-003/2024(H5N1)	303	3075
PB2|PP755596.1|A/cattle/Texas/24-008749-003/2024(H5N1)	304	3075
PB2|PP755596.1|A/cattle/Texas/24-008749-003/2024(H5N1)	305	3091
PB2|PP755596.1|A/cattle/Texas/24-008749-003/2024(H5N1)	306	3094
PB2|PP755596.1|A/cattle/Texas/24-008749-003/2024(H5N1)	307	3095
PB2|PP755596.1|A/cattle/Texas/24-008749-003/2024(H5N1)	308	3096
PB2|PP755596.1|A/cattle/Texas/24-008749-003/2024(H5N1)	309	3090
PB2|PP755596.1|A/cattle/Texas/24-008749-003/2024(H5N1)	310	3068
PB2|PP755596.1|A/cattle/Texas/24-008749-003/2024(H5N1)	311	3029
PB2|PP755596.1|A/cattle/Texas/24-008749-003/2024(H5N1)	312	3025
PB2|PP755596.1|A/cattle/Texas/24-008749-003/2024(H5N1)	313	3025
PB2|PP755596.1|A/cattle/Texas/24-008749-003/2024(H5N1)	314	3022
PB2|PP755596.1|A/cattle/Texas/24-008749-003/2024(H5N1)	315	3021
PB2|PP755596.1|A/cattle/Texas/24-008749-003/2024(H5N1)	316	3007
PB2|PP755596.1|A/cattle/Texas/24-008749-003/2024(H5N1)	317	2993
PB2|PP755596.1|A/cattle/Texas/24-008749-003/2024(H5N1)	318	2984
PB2|PP755596.1|A/cattle/Texas/24-008749-003/2024(H5N1)	319	2942
PB2|PP755596.1|A/cattle/Texas/24-008749-003/2024(H5N1)	320	2939
PB2|PP755596.1|A/cattle/Texas/24-008749-003/2024(H5N1)	321	2926
PB2|PP755596.1|A/cattle/Texas/24-008749-003/2024(H5N1)	322	2905
PB2|PP755596.1|A/cattle/Texas/24-008749-003/2024(H5N1)	323	2878
PB2|PP755596.1|A/cattle/Texas/24-008749-003/2024(H5N1)	324	2803
PB2|PP755596.1|A/cattle/Texas/24-008749-003/2024(H5N1)	325	2073
PB2|PP755596.1|A/cattle/Texas/24-008749-003/2024(H5N1)	326	2036
PB2|PP755596.1|A/cattle/Texas/24-008749-003/2024(H5N1)	327	2034
PB2|PP755596.1|A/cattle/Texas/24-008749-003/2024(H5N1)	328	2034
PB2|PP755596.1|A/cattle/Texas/24-008749-003/2024(H5N1)	329	2034
PB2|PP755596.1|A/cattle/Texas/24-008749-003/2024(H5N1)	330	2034
PB2|PP755596.1|A/cattle/Texas/24-008749-003/2024(H5N1)	331	2034
PB2|PP755596.1|A/cattle/Texas/24-008749-003/2024(H5N1)	332	2034
PB2|PP755596.1|A/cattle/Texas/24-008749-003/2024(H5N1)	333	2034
PB2|PP755596.1|A/cattle/Texas/24-008749-003/2024(H5N1)	334	2034
PB2|PP755596.1|A/cattle/Texas/24-008749-003/2024(H5N1)	335	2034
PB2|PP755596.1|A/cattle/Texas/24-008749-003/2024(H5N1)	336	2034
PB2|PP755596.1|A/cattle/Texas/24-008749-003/2024(H5N1)	337	2034
PB2|PP755596.1|A/cattle/Texas/24-008749-003/2024(H5N1)	338	2034
PB2|PP755596.1|A/cattle/Texas/24-008749-003/2024(H5N1)	339	2034
PB2|PP755596.1|A/cattle/Texas/24-008749-003/2024(H5N1)	340	2034
PB2|PP755596.1|A/cattle/Texas/24-008749-003/2024(H5N1)	341	1908
PB2|PP755596.1|A/cattle/Texas/24-008749-003/2024(H5N1)	342	1890
PB2|PP755596.1|A/cattle/Texas/24-008749-003/2024(H5N1)	343	1889
PB2|PP755596.1|A/cattle/Texas/24-008749-003/2024(H5N1)	344	1889
PB2|PP755596.1|A/cattle/Texas/24-008749-003/2024(H5N1)	345	1889
PB2|PP755596.1|A/cattle/Texas/24-008749-003/2024(H5N1)	346	1889
PB2|PP755596.1|A/cattle/Texas/24-008749-003/2024(H5N1)	347	1889
PB2|PP755596.1|A/cattle/Texas/24-008749-003/2024(H5N1)	348	1889
PB2|PP755596.1|A/cattle/Texas/24-008749-003/2024(H5N1)	349	1889
PB2|PP755596.1|A/cattle/Texas/24-008749-003/2024(H5N1)	350	1889
PB2|PP755596.1|A/cattle/Texas/24-008749-003/2024(H5N1)	351	1827
PB2|PP755596.1|A/cattle/Texas/24-008749-003/2024(H5N1)	352	1827
PB2|PP755596.1|A/cattle/Texas/24-008749-003/2024(H5N1)	353	1827
PB2|PP755596.1|A/cattle/Texas/24-008749-003/2024(H5N1)	354	1827
PB2|PP755596.1|A/cattle/Texas/24-008749-003/2024(H5N1)	355	1827
PB2|PP755596.1|A/cattle/Texas/24-008749-003/2024(H5N1)	356	1826
PB2|PP755596.1|A/cattle/Texas/24-008749-003/2024(H5N1)	357	1826
PB2|PP755596.1|A/cattle/Texas/24-008749-003/2024(H5N1)	358	1826
PB2|PP755596.1|A/cattle/Texas/24-008749-003/2024(H5N1)	359	1826
PB2|PP755596.1|A/cattle/Texas/24-008749-003/2024(H5N1)	360	1826
PB2|PP755596.1|A/cattle/Texas/24-008749-003/2024(H5N1)	361	1825
PB2|PP755596.1|A/cattle/Texas/24-008749-003/2024(H5N1)	362	1778
PB2|PP755596.1|A/cattle/Texas/24-008749-003/2024(H5N1)	363	1777
PB2|PP755596.1|A/cattle/Texas/24-008749-003/2024(H5N1)	364	1777
PB2|PP755596.1|A/cattle/Texas/24-008749-003/2024(H5N1)	365	1777
PB2|PP755596.1|A/cattle/Texas/24-008749-003/2024(H5N1)	366	1758
PB2|PP755596.1|A/cattle/Texas/24-008749-003/2024(H5N1)	367	1758
PB2|PP755596.1|A/cattle/Texas/24-008749-003/2024(H5N1)	368	1758
PB2|PP755596.1|A/cattle/Texas/24-008749-003/2024(H5N1)	369	1758
PB2|PP755596.1|A/cattle/Texas/24-008749-003/2024(H5N1)	370	1723
PB2|PP755596.1|A/cattle/Texas/24-008749-003/2024(H5N1)	371	1686
PB2|PP755596.1|A/cattle/Texas/24-008749-003/2024(H5N1)	372	1638
PB2|PP755596.1|A/cattle/Texas/24-008749-003/2024(H5N1)	373	1592
PB2|PP755596.1|A/cattle/Texas/24-008749-003/2024(H5N1)	374	1590
PB2|PP755596.1|A/cattle/Texas/24-008749-003/2024(H5N1)	375	189
PB2|PP755596.1|A/cattle/Texas/24-008749-003/2024(H5N1)	376	188
PB2|PP755596.1|A/cattle/Texas/24-008749-003/2024(H5N1)	377	188
PB2|PP755596.1|A/cattle/Texas/24-008749-003/2024(H5N1)	378	188
PB2|PP755596.1|A/cattle/Texas/24-008749-003/2024(H5N1)	379	188
PB2|PP755596.1|A/cattle/Texas/24-008749-003/2024(H5N1)	380	188
PB2|PP755596.1|A/cattle/Texas/24-008749-003/2024(H5N1)	381	178
PB2|PP755596.1|A/cattle/Texas/24-008749-003/2024(H5N1)	382	178
PB2|PP755596.1|A/cattle/Texas/24-008749-003/2024(H5N1)	383	178
PB2|PP755596.1|A/cattle/Texas/24-008749-003/2024(H5N1)	384	178
PB2|PP755596.1|A/cattle/Texas/24-008749-003/2024(H5N1)	385	178
PB2|PP755596.1|A/cattle/Texas/24-008749-003/2024(H5N1)	386	178
PB2|PP755596.1|A/cattle/Texas/24-008749-003/2024(H5N1)	387	178
PB2|PP755596.1|A/cattle/Texas/24-008749-003/2024(H5N1)	388	178
PB2|PP755596.1|A/cattle/Texas/24-008749-003/2024(H5N1)	389	178
PB2|PP755596.1|A/cattle/Texas/24-008749-003/2024(H5N1)	390	178
PB2|PP755596.1|A/cattle/Texas/24-008749-003/2024(H5N1)	391	178
PB2|PP755596.1|A/cattle/Texas/24-008749-003/2024(H5N1)	392	178
PB2|PP755596.1|A/cattle/Texas/24-008749-003/2024(H5N1)	393	178
PB2|PP755596.1|A/cattle/Texas/24-008749-003/2024(H5N1)	394	178
PB2|PP755596.1|A/cattle/Texas/24-008749-003/2024(H5N1)	395	178
PB2|PP755596.1|A/cattle/Texas/24-008749-003/2024(H5N1)	396	105
PB2|PP755596.1|A/cattle/Texas/24-008749-003/2024(H5N1)	397	105
PB2|PP755596.1|A/cattle/Texas/24-008749-003/2024(H5N1)	398	104
PB2|PP755596.1|A/cattle/Texas/24-008749-003/2024(H5N1)	399	103
PB2|PP755596.1|A/cattle/Texas/24-008749-003/2024(H5N1)	400	103
PB2|PP755596.1|A/cattle/Texas/24-008749-003/2024(H5N1)	401	65
PB2|PP755596.1|A/cattle/Texas/24-008749-003/2024(H5N1)	402	64
PB2|PP755596.1|A/cattle/Texas/24-008749-003/2024(H5N1)	403	64
PB2|PP755596.1|A/cattle/Texas/24-008749-003/2024(H5N1)	404	64
PB2|PP755596.1|A/cattle/Texas/24-008749-003/2024(H5N1)	405	64
PB2|PP755596.1|A/cattle/Texas/24-008749-003/2024(H5N1)	406	13
PB2|PP755596.1|A/cattle/Texas/24-008749-003/2024(H5N1)	407	13
PB2|PP755596.1|A/cattle/Texas/24-008749-003/2024(H5N1)	408	13
PB2|PP755596.1|A/cattle/Texas/24-008749-003/2024(H5N1)	409	13
PB2|PP755596.1|A/cattle/Texas/24-008749-003/2024(H5N1)	410	13
PB2|PP755596.1|A/cattle/Texas/24-008749-003/2024(H5N1)	411	13
PB2|PP755596.1|A/cattle/Texas/24-008749-003/2024(H5N1)	412	13
PB2|PP755596.1|A/cattle/Texas/24-008749-003/2024(H5N1)	413	13
PB2|PP755596.1|A/cattle/Texas/24-008749-003/2024(H5N1)	414	13
PB2|PP755596.1|A/cattle/Texas/24-008749-003/2024(H5N1)	415	13
PB2|PP755596.1|A/cattle/Texas/24-008749-003/2024(H5N1)	416	13
PB2|PP755596.1|A/cattle/Texas/24-008749-003/2024(H5N1)	417	13
PB2|PP755596.1|A/cattle/Texas/24-008749-003/2024(H5N1)	418	13
PB2|PP755596.1|A/cattle/Texas/24-008749-003/2024(H5N1)	419	13
PB2|PP755596.1|A/cattle/Texas/24-008749-003/2024(H5N1)	420	13
PB2|PP755596.1|A/cattle/Texas/24-008749-003/2024(H5N1)	421	13
PB2|PP755596.1|A/cattle/Texas/24-008749-003/2024(H5N1)	422	13
PB2|PP755596.1|A/cattle/Texas/24-008749-003/2024(H5N1)	423	13
PB2|PP755596.1|A/cattle/Texas/24-008749-003/2024(H5N1)	424	13
PB2|PP755596.1|A/cattle/Texas/24-008749-003/2024(H5N1)	425	13
PB2|PP755596.1|A/cattle/Texas/24-008749-003/2024(H5N1)	426	13
PB2|PP755596.1|A/cattle/Texas/24-008749-003/2024(H5N1)	427	13
PB2|PP755596.1|A/cattle/Texas/24-008749-003/2024(H5N1)	428	13
PB2|PP755596.1|A/cattle/Texas/24-008749-003/2024(H5N1)	429	13
PB2|PP755596.1|A/cattle/Texas/24-008749-003/2024(H5N1)	430	14
PB2|PP755596.1|A/cattle/Texas/24-008749-003/2024(H5N1)	431	14
PB2|PP755596.1|A/cattle/Texas/24-008749-003/2024(H5N1)	432	14
PB2|PP755596.1|A/cattle/Texas/24-008749-003/2024(H5N1)	433	23
PB2|PP755596.1|A/cattle/Texas/24-008749-003/2024(H5N1)	434	37
PB2|PP755596.1|A/cattle/Texas/24-008749-003/2024(H5N1)	435	297
PB2|PP755596.1|A/cattle/Texas/24-008749-003/2024(H5N1)	436	2357
PB2|PP755596.1|A/cattle/Texas/24-008749-003/2024(H5N1)	437	2424
PB2|PP755596.1|A/cattle/Texas/24-008749-003/2024(H5N1)	438	2428
PB2|PP755596.1|A/cattle/Texas/24-008749-003/2024(H5N1)	439	2431
PB2|PP755596.1|A/cattle/Texas/24-008749-003/2024(H5N1)	440	2441
PB2|PP755596.1|A/cattle/Texas/24-008749-003/2024(H5N1)	441	2454
PB2|PP755596.1|A/cattle/Texas/24-008749-003/2024(H5N1)	442	2464
PB2|PP755596.1|A/cattle/Texas/24-008749-003/2024(H5N1)	443	2547
PB2|PP755596.1|A/cattle/Texas/24-008749-003/2024(H5N1)	444	2547
PB2|PP755596.1|A/cattle/Texas/24-008749-003/2024(H5N1)	445	2547
PB2|PP755596.1|A/cattle/Texas/24-008749-003/2024(H5N1)	446	2547
PB2|PP755596.1|A/cattle/Texas/24-008749-003/2024(H5N1)	447	2547
PB2|PP755596.1|A/cattle/Texas/24-008749-003/2024(H5N1)	448	2547
PB2|PP755596.1|A/cattle/Texas/24-008749-003/2024(H5N1)	449	2547
PB2|PP755596.1|A/cattle/Texas/24-008749-003/2024(H5N1)	450	2547
PB2|PP755596.1|A/cattle/Texas/24-008749-003/2024(H5N1)	451	2547
PB2|PP755596.1|A/cattle/Texas/24-008749-003/2024(H5N1)	452	2547
PB2|PP755596.1|A/cattle/Texas/24-008749-003/2024(H5N1)	453	2547
PB2|PP755596.1|A/cattle/Texas/24-008749-003/2024(H5N1)	454	2547
PB2|PP755596.1|A/cattle/Texas/24-008749-003/2024(H5N1)	455	2544
PB2|PP755596.1|A/cattle/Texas/24-008749-003/2024(H5N1)	456	2514
PB2|PP755596.1|A/cattle/Texas/24-008749-003/2024(H5N1)	457	2514
PB2|PP755596.1|A/cattle/Texas/24-008749-003/2024(H5N1)	458	2476
PB2|PP755596.1|A/cattle/Texas/24-008749-003/2024(H5N1)	459	2469
PB2|PP755596.1|A/cattle/Texas/24-008749-003/2024(H5N1)	460	2463
PB2|PP755596.1|A/cattle/Texas/24-008749-003/2024(H5N1)	461	2304
PB2|PP755596.1|A/cattle/Texas/24-008749-003/2024(H5N1)	462	2301
PB2|PP755596.1|A/cattle/Texas/24-008749-003/2024(H5N1)	463	2274
PB2|PP755596.1|A/cattle/Texas/24-008749-003/2024(H5N1)	464	2264
PB2|PP755596.1|A/cattle/Texas/24-008749-003/2024(H5N1)	465	1021
PB2|PP755596.1|A/cattle/Texas/24-008749-003/2024(H5N1)	466	986
PB2|PP755596.1|A/cattle/Texas/24-008749-003/2024(H5N1)	467	966
PB2|PP755596.1|A/cattle/Texas/24-008749-003/2024(H5N1)	468	892
PB2|PP755596.1|A/cattle/Texas/24-008749-003/2024(H5N1)	469	892
PB2|PP755596.1|A/cattle/Texas/24-008749-003/2024(H5N1)	470	892
PB2|PP755596.1|A/cattle/Texas/24-008749-003/2024(H5N1)	471	835
PB2|PP755596.1|A/cattle/Texas/24-008749-003/2024(H5N1)	472	835
PB2|PP755596.1|A/cattle/Texas/24-008749-003/2024(H5N1)	473	743
PB2|PP755596.1|A/cattle/Texas/24-008749-003/2024(H5N1)	474	715
PB2|PP755596.1|A/cattle/Texas/24-008749-003/2024(H5N1)	475	715
PB2|PP755596.1|A/cattle/Texas/24-008749-003/2024(H5N1)	476	670
PB2|PP755596.1|A/cattle/Texas/24-008749-003/2024(H5N1)	477	670
PB2|PP755596.1|A/cattle/Texas/24-008749-003/2024(H5N1)	478	670
PB2|PP755596.1|A/cattle/Texas/24-008749-003/2024(H5N1)	479	670
PB2|PP755596.1|A/cattle/Texas/24-008749-003/2024(H5N1)	480	670
PB2|PP755596.1|A/cattle/Texas/24-008749-003/2024(H5N1)	481	670
PB2|PP755596.1|A/cattle/Texas/24-008749-003/2024(H5N1)	482	670
PB2|PP755596.1|A/cattle/Texas/24-008749-003/2024(H5N1)	483	670
PB2|PP755596.1|A/cattle/Texas/24-008749-003/2024(H5N1)	484	670
PB2|PP755596.1|A/cattle/Texas/24-008749-003/2024(H5N1)	485	670
PB2|PP755596.1|A/cattle/Texas/24-008749-003/2024(H5N1)	486	670
PB2|PP755596.1|A/cattle/Texas/24-008749-003/2024(H5N1)	487	670
PB2|PP755596.1|A/cattle/Texas/24-008749-003/2024(H5N1)	488	670
PB2|PP755596.1|A/cattle/Texas/24-008749-003/2024(H5N1)	489	670
PB2|PP755596.1|A/cattle/Texas/24-008749-003/2024(H5N1)	490	670
PB2|PP755596.1|A/cattle/Texas/24-008749-003/2024(H5N1)	491	670
PB2|PP755596.1|A/cattle/Texas/24-008749-003/2024(H5N1)	492	670
PB2|PP755596.1|A/cattle/Texas/24-008749-003/2024(H5N1)	493	670
PB2|PP755596.1|A/cattle/Texas/24-008749-003/2024(H5N1)	494	670
PB2|PP755596.1|A/cattle/Texas/24-008749-003/2024(H5N1)	495	670
PB2|PP755596.1|A/cattle/Texas/24-008749-003/2024(H5N1)	496	670
PB2|PP755596.1|A/cattle/Texas/24-008749-003/2024(H5N1)	497	670
PB2|PP755596.1|A/cattle/Texas/24-008749-003/2024(H5N1)	498	670
PB2|PP755596.1|A/cattle/Texas/24-008749-003/2024(H5N1)	499	670
PB2|PP755596.1|A/cattle/Texas/24-008749-003/2024(H5N1)	500	670
PB2|PP755596.1|A/cattle/Texas/24-008749-003/2024(H5N1)	501	670
PB2|PP755596.1|A/cattle/Texas/24-008749-003/2024(H5N1)	502	670
PB2|PP755596.1|A/cattle/Texas/24-008749-003/2024(H5N1)	503	670
PB2|PP755596.1|A/cattle/Texas/24-008749-003/2024(H5N1)	504	670
PB2|PP755596.1|A/cattle/Texas/24-008749-003/2024(H5N1)	505	969
PB2|PP755596.1|A/cattle/Texas/24-008749-003/2024(H5N1)	506	972
PB2|PP755596.1|A/cattle/Texas/24-008749-003/2024(H5N1)	507	972
PB2|PP755596.1|A/cattle/Texas/24-008749-003/2024(H5N1)	508	972
PB2|PP755596.1|A/cattle/Texas/24-008749-003/2024(H5N1)	509	972
PB2|PP755596.1|A/cattle/Texas/24-008749-003/2024(H5N1)	510	972
PB2|PP755596.1|A/cattle/Texas/24-008749-003/2024(H5N1)	511	972
PB2|PP755596.1|A/cattle/Texas/24-008749-003/2024(H5N1)	512	972
PB2|PP755596.1|A/cattle/Texas/24-008749-003/2024(H5N1)	513	972
PB2|PP755596.1|A/cattle/Texas/24-008749-003/2024(H5N1)	514	972
PB2|PP755596.1|A/cattle/Texas/24-008749-003/2024(H5N1)	515	972
PB2|PP755596.1|A/cattle/Texas/24-008749-003/2024(H5N1)	516	970
PB2|PP755596.1|A/cattle/Texas/24-008749-003/2024(H5N1)	517	970
PB2|PP755596.1|A/cattle/Texas/24-008749-003/2024(H5N1)	518	970
PB2|PP755596.1|A/cattle/Texas/24-008749-003/2024(H5N1)	519	970
PB2|PP755596.1|A/cattle/Texas/24-008749-003/2024(H5N1)	520	970
PB2|PP755596.1|A/cattle/Texas/24-008749-003/2024(H5N1)	521	897
PB2|PP755596.1|A/cattle/Texas/24-008749-003/2024(H5N1)	522	893
PB2|PP755596.1|A/cattle/Texas/24-008749-003/2024(H5N1)	523	893
PB2|PP755596.1|A/cattle/Texas/24-008749-003/2024(H5N1)	524	893
PB2|PP755596.1|A/cattle/Texas/24-008749-003/2024(H5N1)	525	893
PB2|PP755596.1|A/cattle/Texas/24-008749-003/2024(H5N1)	526	892
PB2|PP755596.1|A/cattle/Texas/24-008749-003/2024(H5N1)	527	879
PB2|PP755596.1|A/cattle/Texas/24-008749-003/2024(H5N1)	528	874
PB2|PP755596.1|A/cattle/Texas/24-008749-003/2024(H5N1)	529	834
PB2|PP755596.1|A/cattle/Texas/24-008749-003/2024(H5N1)	530	834
PB2|PP755596.1|A/cattle/Texas/24-008749-003/2024(H5N1)	531	834
PB2|PP755596.1|A/cattle/Texas/24-008749-003/2024(H5N1)	532	829
PB2|PP755596.1|A/cattle/Texas/24-008749-003/2024(H5N1)	533	817
PB2|PP755596.1|A/cattle/Texas/24-008749-003/2024(H5N1)	534	800
PB2|PP755596.1|A/cattle/Texas/24-008749-003/2024(H5N1)	535	800
PB2|PP755596.1|A/cattle/Texas/24-008749-003/2024(H5N1)	536	778
PB2|PP755596.1|A/cattle/Texas/24-008749-003/2024(H5N1)	537	751
PB2|PP755596.1|A/cattle/Texas/24-008749-003/2024(H5N1)	538	751
PB2|PP755596.1|A/cattle/Texas/24-008749-003/2024(H5N1)	539	751
PB2|PP755596.1|A/cattle/Texas/24-008749-003/2024(H5N1)	540	751
PB2|PP755596.1|A/cattle/Texas/24-008749-003/2024(H5N1)	541	752
PB2|PP755596.1|A/cattle/Texas/24-008749-003/2024(H5N1)	542	752
PB2|PP755596.1|A/cattle/Texas/24-008749-003/2024(H5N1)	543	752
PB2|PP755596.1|A/cattle/Texas/24-008749-003/2024(H5N1)	544	752
PB2|PP755596.1|A/cattle/Texas/24-008749-003/2024(H5N1)	545	752
PB2|PP755596.1|A/cattle/Texas/24-008749-003/2024(H5N1)	546	752
PB2|PP755596.1|A/cattle/Texas/24-008749-003/2024(H5N1)	547	752
PB2|PP755596.1|A/cattle/Texas/24-008749-003/2024(H5N1)	548	752
PB2|PP755596.1|A/cattle/Texas/24-008749-003/2024(H5N1)	549	752
PB2|PP755596.1|A/cattle/Texas/24-008749-003/2024(H5N1)	550	752
PB2|PP755596.1|A/cattle/Texas/24-008749-003/2024(H5N1)	551	752
PB2|PP755596.1|A/cattle/Texas/24-008749-003/2024(H5N1)	552	752
PB2|PP755596.1|A/cattle/Texas/24-008749-003/2024(H5N1)	553	752
PB2|PP755596.1|A/cattle/Texas/24-008749-003/2024(H5N1)	554	752
PB2|PP755596.1|A/cattle/Texas/24-008749-003/2024(H5N1)	555	751
PB2|PP755596.1|A/cattle/Texas/24-008749-003/2024(H5N1)	556	751
PB2|PP755596.1|A/cattle/Texas/24-008749-003/2024(H5N1)	557	751
PB2|PP755596.1|A/cattle/Texas/24-008749-003/2024(H5N1)	558	751
PB2|PP755596.1|A/cattle/Texas/24-008749-003/2024(H5N1)	559	751
PB2|PP755596.1|A/cattle/Texas/24-008749-003/2024(H5N1)	560	751
PB2|PP755596.1|A/cattle/Texas/24-008749-003/2024(H5N1)	561	747
PB2|PP755596.1|A/cattle/Texas/24-008749-003/2024(H5N1)	562	1126
PB2|PP755596.1|A/cattle/Texas/24-008749-003/2024(H5N1)	563	1135
PB2|PP755596.1|A/cattle/Texas/24-008749-003/2024(H5N1)	564	1135
PB2|PP755596.1|A/cattle/Texas/24-008749-003/2024(H5N1)	565	1135
PB2|PP755596.1|A/cattle/Texas/24-008749-003/2024(H5N1)	566	1135
PB2|PP755596.1|A/cattle/Texas/24-008749-003/2024(H5N1)	567	1135
PB2|PP755596.1|A/cattle/Texas/24-008749-003/2024(H5N1)	568	1135
PB2|PP755596.1|A/cattle/Texas/24-008749-003/2024(H5N1)	569	1135
PB2|PP755596.1|A/cattle/Texas/24-008749-003/2024(H5N1)	570	1135
PB2|PP755596.1|A/cattle/Texas/24-008749-003/2024(H5N1)	571	1135
PB2|PP755596.1|A/cattle/Texas/24-008749-003/2024(H5N1)	572	1135
PB2|PP755596.1|A/cattle/Texas/24-008749-003/2024(H5N1)	573	1135
PB2|PP755596.1|A/cattle/Texas/24-008749-003/2024(H5N1)	574	1176
PB2|PP755596.1|A/cattle/Texas/24-008749-003/2024(H5N1)	575	1388
PB2|PP755596.1|A/cattle/Texas/24-008749-003/2024(H5N1)	576	1388
PB2|PP755596.1|A/cattle/Texas/24-008749-003/2024(H5N1)	577	1388
PB2|PP755596.1|A/cattle/Texas/24-008749-003/2024(H5N1)	578	1388
PB2|PP755596.1|A/cattle/Texas/24-008749-003/2024(H5N1)	579	1388
PB2|PP755596.1|A/cattle/Texas/24-008749-003/2024(H5N1)	580	1388
PB2|PP755596.1|A/cattle/Texas/24-008749-003/2024(H5N1)	581	1386
PB2|PP755596.1|A/cattle/Texas/24-008749-003/2024(H5N1)	582	1356
PB2|PP755596.1|A/cattle/Texas/24-008749-003/2024(H5N1)	583	1348
PB2|PP755596.1|A/cattle/Texas/24-008749-003/2024(H5N1)	584	1337
PB2|PP755596.1|A/cattle/Texas/24-008749-003/2024(H5N1)	585	1290
PB2|PP755596.1|A/cattle/Texas/24-008749-003/2024(H5N1)	586	1038
PB2|PP755596.1|A/cattle/Texas/24-008749-003/2024(H5N1)	587	1038
PB2|PP755596.1|A/cattle/Texas/24-008749-003/2024(H5N1)	588	936
PB2|PP755596.1|A/cattle/Texas/24-008749-003/2024(H5N1)	589	936
PB2|PP755596.1|A/cattle/Texas/24-008749-003/2024(H5N1)	590	936
PB2|PP755596.1|A/cattle/Texas/24-008749-003/2024(H5N1)	591	936
PB2|PP755596.1|A/cattle/Texas/24-008749-003/2024(H5N1)	592	936
PB2|PP755596.1|A/cattle/Texas/24-008749-003/2024(H5N1)	593	936
PB2|PP755596.1|A/cattle/Texas/24-008749-003/2024(H5N1)	594	936
PB2|PP755596.1|A/cattle/Texas/24-008749-003/2024(H5N1)	595	937
PB2|PP755596.1|A/cattle/Texas/24-008749-003/2024(H5N1)	596	937
PB2|PP755596.1|A/cattle/Texas/24-008749-003/2024(H5N1)	597	937
PB2|PP755596.1|A/cattle/Texas/24-008749-003/2024(H5N1)	598	937
PB2|PP755596.1|A/cattle/Texas/24-008749-003/2024(H5N1)	599	937
PB2|PP755596.1|A/cattle/Texas/24-008749-003/2024(H5N1)	600	937
PB2|PP755596.1|A/cattle/Texas/24-008749-003/2024(H5N1)	601	937
PB2|PP755596.1|A/cattle/Texas/24-008749-003/2024(H5N1)	602	937
PB2|PP755596.1|A/cattle/Texas/24-008749-003/2024(H5N1)	603	937
PB2|PP755596.1|A/cattle/Texas/24-008749-003/2024(H5N1)	604	937
PB2|PP755596.1|A/cattle/Texas/24-008749-003/2024(H5N1)	605	937
PB2|PP755596.1|A/cattle/Texas/24-008749-003/2024(H5N1)	606	937
PB2|PP755596.1|A/cattle/Texas/24-008749-003/2024(H5N1)	607	937
PB2|PP755596.1|A/cattle/Texas/24-008749-003/2024(H5N1)	608	937
PB2|PP755596.1|A/cattle/Texas/24-008749-003/2024(H5N1)	609	904
PB2|PP755596.1|A/cattle/Texas/24-008749-003/2024(H5N1)	610	904
PB2|PP755596.1|A/cattle/Texas/24-008749-003/2024(H5N1)	611	904
PB2|PP755596.1|A/cattle/Texas/24-008749-003/2024(H5N1)	612	904
PB2|PP755596.1|A/cattle/Texas/24-008749-003/2024(H5N1)	613	904
PB2|PP755596.1|A/cattle/Texas/24-008749-003/2024(H5N1)	614	904
PB2|PP755596.1|A/cattle/Texas/24-008749-003/2024(H5N1)	615	868
PB2|PP755596.1|A/cattle/Texas/24-008749-003/2024(H5N1)	616	855
PB2|PP755596.1|A/cattle/Texas/24-008749-003/2024(H5N1)	617	854
PB2|PP755596.1|A/cattle/Texas/24-008749-003/2024(H5N1)	618	836
PB2|PP755596.1|A/cattle/Texas/24-008749-003/2024(H5N1)	619	2
PB2|PP755596.1|A/cattle/Texas/24-008749-003/2024(H5N1)	620	2
PB2|PP755596.1|A/cattle/Texas/24-008749-003/2024(H5N1)	621	2
PB2|PP755596.1|A/cattle/Texas/24-008749-003/2024(H5N1)	622	2
PB2|PP755596.1|A/cattle/Texas/24-008749-003/2024(H5N1)	623	2
PB2|PP755596.1|A/cattle/Texas/24-008749-003/2024(H5N1)	624	2
PB2|PP755596.1|A/cattle/Texas/24-008749-003/2024(H5N1)	625	2
PB2|PP755596.1|A/cattle/Texas/24-008749-003/2024(H5N1)	626	2
PB2|PP755596.1|A/cattle/Texas/24-008749-003/2024(H5N1)	627	2
PB2|PP755596.1|A/cattle/Texas/24-008749-003/2024(H5N1)	628	2
PB2|PP755596.1|A/cattle/Texas/24-008749-003/2024(H5N1)	629	2
PB2|PP755596.1|A/cattle/Texas/24-008749-003/2024(H5N1)	630	2
PB2|PP755596.1|A/cattle/Texas/24-008749-003/2024(H5N1)	631	2
PB2|PP755596.1|A/cattle/Texas/24-008749-003/2024(H5N1)	632	2
PB2|PP755596.1|A/cattle/Texas/24-008749-003/2024(H5N1)	633	2
PB2|PP755596.1|A/cattle/Texas/24-008749-003/2024(H5N1)	634	2
PB2|PP755596.1|A/cattle/Texas/24-008749-003/2024(H5N1)	635	2
PB2|PP755596.1|A/cattle/Texas/24-008749-003/2024(H5N1)	636	0
PB2|PP755596.1|A/cattle/Texas/24-008749-003/2024(H5N1)	637	0
PB2|PP755596.1|A/cattle/Texas/24-008749-003/2024(H5N1)	638	0
PB2|PP755596.1|A/cattle/Texas/24-008749-003/2024(H5N1)	639	0
PB2|PP755596.1|A/cattle/Texas/24-008749-003/2024(H5N1)	640	0
PB2|PP755596.1|A/cattle/Texas/24-008749-003/2024(H5N1)	641	0
PB2|PP755596.1|A/cattle/Texas/24-008749-003/2024(H5N1)	642	0
PB2|PP755596.1|A/cattle/Texas/24-008749-003/2024(H5N1)	643	0
PB2|PP755596.1|A/cattle/Texas/24-008749-003/2024(H5N1)	644	0
PB2|PP755596.1|A/cattle/Texas/24-008749-003/2024(H5N1)	645	0
PB2|PP755596.1|A/cattle/Texas/24-008749-003/2024(H5N1)	646	0
PB2|PP755596.1|A/cattle/Texas/24-008749-003/2024(H5N1)	647	0
PB2|PP755596.1|A/cattle/Texas/24-008749-003/2024(H5N1)	648	0
PB2|PP755596.1|A/cattle/Texas/24-008749-003/2024(H5N1)	649	0
PB2|PP755596.1|A/cattle/Texas/24-008749-003/2024(H5N1)	650	0
PB2|PP755596.1|A/cattle/Texas/24-008749-003/2024(H5N1)	651	0
PB2|PP755596.1|A/cattle/Texas/24-008749-003/2024(H5N1)	652	0
PB2|PP755596.1|A/cattle/Texas/24-008749-003/2024(H5N1)	653	0
PB2|PP755596.1|A/cattle/Texas/24-008749-003/2024(H5N1)	654	0
PB2|PP755596.1|A/cattle/Texas/24-008749-003/2024(H5N1)	655	0
PB2|PP755596.1|A/cattle/Texas/24-008749-003/2024(H5N1)	656	0
PB2|PP755596.1|A/cattle/Texas/24-008749-003/2024(H5N1)	657	0
PB2|PP755596.1|A/cattle/Texas/24-008749-003/2024(H5N1)	658	0
PB2|PP755596.1|A/cattle/Texas/24-008749-003/2024(H5N1)	659	0
PB2|PP755596.1|A/cattle/Texas/24-008749-003/2024(H5N1)	660	0
PB2|PP755596.1|A/cattle/Texas/24-008749-003/2024(H5N1)	661	0
PB2|PP755596.1|A/cattle/Texas/24-008749-003/2024(H5N1)	662	1
PB2|PP755596.1|A/cattle/Texas/24-008749-003/2024(H5N1)	663	1
PB2|PP755596.1|A/cattle/Texas/24-008749-003/2024(H5N1)	664	1
PB2|PP755596.1|A/cattle/Texas/24-008749-003/2024(H5N1)	665	1
PB2|PP755596.1|A/cattle/Texas/24-008749-003/2024(H5N1)	666	1
PB2|PP755596.1|A/cattle/Texas/24-008749-003/2024(H5N1)	667	1
PB2|PP755596.1|A/cattle/Texas/24-008749-003/2024(H5N1)	668	1
PB2|PP755596.1|A/cattle/Texas/24-008749-003/2024(H5N1)	669	1
PB2|PP755596.1|A/cattle/Texas/24-008749-003/2024(H5N1)	670	1
PB2|PP755596.1|A/cattle/Texas/24-008749-003/2024(H5N1)	671	1
PB2|PP755596.1|A/cattle/Texas/24-008749-003/2024(H5N1)	672	1
PB2|PP755596.1|A/cattle/Texas/24-008749-003/2024(H5N1)	673	1
PB2|PP755596.1|A/cattle/Texas/24-008749-003/2024(H5N1)	674	1
PB2|PP755596.1|A/cattle/Texas/24-008749-003/2024(H5N1)	675	1
PB2|PP755596.1|A/cattle/Texas/24-008749-003/2024(H5N1)	676	1
PB2|PP755596.1|A/cattle/Texas/24-008749-003/2024(H5N1)	677	1
PB2|PP755596.1|A/cattle/Texas/24-008749-003/2024(H5N1)	678	1
PB2|PP755596.1|A/cattle/Texas/24-008749-003/2024(H5N1)	679	1
PB2|PP755596.1|A/cattle/Texas/24-008749-003/2024(H5N1)	680	1
PB2|PP755596.1|A/cattle/Texas/24-008749-003/2024(H5N1)	681	1
PB2|PP755596.1|A/cattle/Texas/24-008749-003/2024(H5N1)	682	1
PB2|PP755596.1|A/cattle/Texas/24-008749-003/2024(H5N1)	683	1
PB2|PP755596.1|A/cattle/Texas/24-008749-003/2024(H5N1)	684	1
PB2|PP755596.1|A/cattle/Texas/24-008749-003/2024(H5N1)	685	1
PB2|PP755596.1|A/cattle/Texas/24-008749-003/2024(H5N1)	686	1
PB2|PP755596.1|A/cattle/Texas/24-008749-003/2024(H5N1)	687	1
PB2|PP755596.1|A/cattle/Texas/24-008749-003/2024(H5N1)	688	3
PB2|PP755596.1|A/cattle/Texas/24-008749-003/2024(H5N1)	689	3
PB2|PP755596.1|A/cattle/Texas/24-008749-003/2024(H5N1)	690	3
PB2|PP755596.1|A/cattle/Texas/24-008749-003/2024(H5N1)	691	75
PB2|PP755596.1|A/cattle/Texas/24-008749-003/2024(H5N1)	692	83
PB2|PP755596.1|A/cattle/Texas/24-008749-003/2024(H5N1)	693	92
PB2|PP755596.1|A/cattle/Texas/24-008749-003/2024(H5N1)	694	92
PB2|PP755596.1|A/cattle/Texas/24-008749-003/2024(H5N1)	695	92
PB2|PP755596.1|A/cattle/Texas/24-008749-003/2024(H5N1)	696	116
PB2|PP755596.1|A/cattle/Texas/24-008749-003/2024(H5N1)	697	195
PB2|PP755596.1|A/cattle/Texas/24-008749-003/2024(H5N1)	698	214
PB2|PP755596.1|A/cattle/Texas/24-008749-003/2024(H5N1)	699	214
PB2|PP755596.1|A/cattle/Texas/24-008749-003/2024(H5N1)	700	214
PB2|PP755596.1|A/cattle/Texas/24-008749-003/2024(H5N1)	701	222
PB2|PP755596.1|A/cattle/Texas/24-008749-003/2024(H5N1)	702	242
PB2|PP755596.1|A/cattle/Texas/24-008749-003/2024(H5N1)	703	259
PB2|PP755596.1|A/cattle/Texas/24-008749-003/2024(H5N1)	704	259
PB2|PP755596.1|A/cattle/Texas/24-008749-003/2024(H5N1)	705	259
PB2|PP755596.1|A/cattle/Texas/24-008749-003/2024(H5N1)	706	278
PB2|PP755596.1|A/cattle/Texas/24-008749-003/2024(H5N1)	707	325
PB2|PP755596.1|A/cattle/Texas/24-008749-003/2024(H5N1)	708	329
PB2|PP755596.1|A/cattle/Texas/24-008749-003/2024(H5N1)	709	1665
PB2|PP755596.1|A/cattle/Texas/24-008749-003/2024(H5N1)	710	1674
PB2|PP755596.1|A/cattle/Texas/24-008749-003/2024(H5N1)	711	1690
PB2|PP755596.1|A/cattle/Texas/24-008749-003/2024(H5N1)	712	1761
PB2|PP755596.1|A/cattle/Texas/24-008749-003/2024(H5N1)	713	1764
PB2|PP755596.1|A/cattle/Texas/24-008749-003/2024(H5N1)	714	1769
PB2|PP755596.1|A/cattle/Texas/24-008749-003/2024(H5N1)	715	1862
PB2|PP755596.1|A/cattle/Texas/24-008749-003/2024(H5N1)	716	1884
PB2|PP755596.1|A/cattle/Texas/24-008749-003/2024(H5N1)	717	1896
PB2|PP755596.1|A/cattle/Texas/24-008749-003/2024(H5N1)	718	1896
PB2|PP755596.1|A/cattle/Texas/24-008749-003/2024(H5N1)	719	1905
PB2|PP755596.1|A/cattle/Texas/24-008749-003/2024(H5N1)	720	1906
PB2|PP755596.1|A/cattle/Texas/24-008749-003/2024(H5N1)	721	1975
PB2|PP755596.1|A/cattle/Texas/24-008749-003/2024(H5N1)	722	1975
PB2|PP755596.1|A/cattle/Texas/24-008749-003/2024(H5N1)	723	1975
PB2|PP755596.1|A/cattle/Texas/24-008749-003/2024(H5N1)	724	2001
PB2|PP755596.1|A/cattle/Texas/24-008749-003/2024(H5N1)	725	2001
PB2|PP755596.1|A/cattle/Texas/24-008749-003/2024(H5N1)	726	2019
PB2|PP755596.1|A/cattle/Texas/24-008749-003/2024(H5N1)	727	2062
PB2|PP755596.1|A/cattle/Texas/24-008749-003/2024(H5N1)	728	2070
PB2|PP755596.1|A/cattle/Texas/24-008749-003/2024(H5N1)	729	2166
PB2|PP755596.1|A/cattle/Texas/24-008749-003/2024(H5N1)	730	2195
PB2|PP755596.1|A/cattle/Texas/24-008749-003/2024(H5N1)	731	2197
PB2|PP755596.1|A/cattle/Texas/24-008749-003/2024(H5N1)	732	2197
PB2|PP755596.1|A/cattle/Texas/24-008749-003/2024(H5N1)	733	2197
PB2|PP755596.1|A/cattle/Texas/24-008749-003/2024(H5N1)	734	2229
PB2|PP755596.1|A/cattle/Texas/24-008749-003/2024(H5N1)	735	2237
PB2|PP755596.1|A/cattle/Texas/24-008749-003/2024(H5N1)	736	2263
PB2|PP755596.1|A/cattle/Texas/24-008749-003/2024(H5N1)	737	2266
PB2|PP755596.1|A/cattle/Texas/24-008749-003/2024(H5N1)	738	2267
PB2|PP755596.1|A/cattle/Texas/24-008749-003/2024(H5N1)	739	2267
PB2|PP755596.1|A/cattle/Texas/24-008749-003/2024(H5N1)	740	2267
PB2|PP755596.1|A/cattle/Texas/24-008749-003/2024(H5N1)	741	2267
PB2|PP755596.1|A/cattle/Texas/24-008749-003/2024(H5N1)	742	2267
PB2|PP755596.1|A/cattle/Texas/24-008749-003/2024(H5N1)	743	2267
PB2|PP755596.1|A/cattle/Texas/24-008749-003/2024(H5N1)	744	2267
PB2|PP755596.1|A/cattle/Texas/24-008749-003/2024(H5N1)	745	2267
PB2|PP755596.1|A/cattle/Texas/24-008749-003/2024(H5N1)	746	2267
PB2|PP755596.1|A/cattle/Texas/24-008749-003/2024(H5N1)	747	2267
PB2|PP755596.1|A/cattle/Texas/24-008749-003/2024(H5N1)	748	2264
PB2|PP755596.1|A/cattle/Texas/24-008749-003/2024(H5N1)	749	2239
PB2|PP755596.1|A/cattle/Texas/24-008749-003/2024(H5N1)	750	2163
PB2|PP755596.1|A/cattle/Texas/24-008749-003/2024(H5N1)	751	2158
PB2|PP755596.1|A/cattle/Texas/24-008749-003/2024(H5N1)	752	2148
PB2|PP755596.1|A/cattle/Texas/24-008749-003/2024(H5N1)	753	2147
PB2|PP755596.1|A/cattle/Texas/24-008749-003/2024(H5N1)	754	2139
PB2|PP755596.1|A/cattle/Texas/24-008749-003/2024(H5N1)	755	2134
PB2|PP755596.1|A/cattle/Texas/24-008749-003/2024(H5N1)	756	2092
PB2|PP755596.1|A/cattle/Texas/24-008749-003/2024(H5N1)	757	2080
PB2|PP755596.1|A/cattle/Texas/24-008749-003/2024(H5N1)	758	2063
PB2|PP755596.1|A/cattle/Texas/24-008749-003/2024(H5N1)	759	2061
PB2|PP755596.1|A/cattle/Texas/24-008749-003/2024(H5N1)	760	2031
PB2|PP755596.1|A/cattle/Texas/24-008749-003/2024(H5N1)	761	2003
PB2|PP755596.1|A/cattle/Texas/24-008749-003/2024(H5N1)	762	602
PB2|PP755596.1|A/cattle/Texas/24-008749-003/2024(H5N1)	763	602
PB2|PP755596.1|A/cattle/Texas/24-008749-003/2024(H5N1)	764	599
PB2|PP755596.1|A/cattle/Texas/24-008749-003/2024(H5N1)	765	599
PB2|PP755596.1|A/cattle/Texas/24-008749-003/2024(H5N1)	766	599
PB2|PP755596.1|A/cattle/Texas/24-008749-003/2024(H5N1)	767	599
PB2|PP755596.1|A/cattle/Texas/24-008749-003/2024(H5N1)	768	599
PB2|PP755596.1|A/cattle/Texas/24-008749-003/2024(H5N1)	769	599
PB2|PP755596.1|A/cattle/Texas/24-008749-003/2024(H5N1)	770	599
PB2|PP755596.1|A/cattle/Texas/24-008749-003/2024(H5N1)	771	599
PB2|PP755596.1|A/cattle/Texas/24-008749-003/2024(H5N1)	772	599
PB2|PP755596.1|A/cattle/Texas/24-008749-003/2024(H5N1)	773	599
PB2|PP755596.1|A/cattle/Texas/24-008749-003/2024(H5N1)	774	599
PB2|PP755596.1|A/cattle/Texas/24-008749-003/2024(H5N1)	775	599
PB2|PP755596.1|A/cattle/Texas/24-008749-003/2024(H5N1)	776	599
PB2|PP755596.1|A/cattle/Texas/24-008749-003/2024(H5N1)	777	599
PB2|PP755596.1|A/cattle/Texas/24-008749-003/2024(H5N1)	778	599
PB2|PP755596.1|A/cattle/Texas/24-008749-003/2024(H5N1)	779	599
PB2|PP755596.1|A/cattle/Texas/24-008749-003/2024(H5N1)	780	599
PB2|PP755596.1|A/cattle/Texas/24-008749-003/2024(H5N1)	781	985
PB2|PP755596.1|A/cattle/Texas/24-008749-003/2024(H5N1)	782	988
PB2|PP755596.1|A/cattle/Texas/24-008749-003/2024(H5N1)	783	1037
PB2|PP755596.1|A/cattle/Texas/24-008749-003/2024(H5N1)	784	1040
PB2|PP755596.1|A/cattle/Texas/24-008749-003/2024(H5N1)	785	1040
PB2|PP755596.1|A/cattle/Texas/24-008749-003/2024(H5N1)	786	1040
PB2|PP755596.1|A/cattle/Texas/24-008749-003/2024(H5N1)	787	1040
PB2|PP755596.1|A/cattle/Texas/24-008749-003/2024(H5N1)	788	1040
PB2|PP755596.1|A/cattle/Texas/24-008749-003/2024(H5N1)	789	1040
PB2|PP755596.1|A/cattle/Texas/24-008749-003/2024(H5N1)	790	1040
PB2|PP755596.1|A/cattle/Texas/24-008749-003/2024(H5N1)	791	1040
PB2|PP755596.1|A/cattle/Texas/24-008749-003/2024(H5N1)	792	1040
PB2|PP755596.1|A/cattle/Texas/24-008749-003/2024(H5N1)	793	1040
PB2|PP755596.1|A/cattle/Texas/24-008749-003/2024(H5N1)	794	1040
PB2|PP755596.1|A/cattle/Texas/24-008749-003/2024(H5N1)	795	1040
PB2|PP755596.1|A/cattle/Texas/24-008749-003/2024(H5N1)	796	1040
PB2|PP755596.1|A/cattle/Texas/24-008749-003/2024(H5N1)	797	1040
PB2|PP755596.1|A/cattle/Texas/24-008749-003/2024(H5N1)	798	1039
PB2|PP755596.1|A/cattle/Texas/24-008749-003/2024(H5N1)	799	1039
PB2|PP755596.1|A/cattle/Texas/24-008749-003/2024(H5N1)	800	1039
PB2|PP755596.1|A/cattle/Texas/24-008749-003/2024(H5N1)	801	1039
PB2|PP755596.1|A/cattle/Texas/24-008749-003/2024(H5N1)	802	1039
PB2|PP755596.1|A/cattle/Texas/24-008749-003/2024(H5N1)	803	1039
PB2|PP755596.1|A/cattle/Texas/24-008749-003/2024(H5N1)	804	1039
PB2|PP755596.1|A/cattle/Texas/24-008749-003/2024(H5N1)	805	1236
PB2|PP755596.1|A/cattle/Texas/24-008749-003/2024(H5N1)	806	1258
PB2|PP755596.1|A/cattle/Texas/24-008749-003/2024(H5N1)	807	1277
PB2|PP755596.1|A/cattle/Texas/24-008749-003/2024(H5N1)	808	1285
PB2|PP755596.1|A/cattle/Texas/24-008749-003/2024(H5N1)	809	1297
PB2|PP755596.1|A/cattle/Texas/24-008749-003/2024(H5N1)	810	1299
PB2|PP755596.1|A/cattle/Texas/24-008749-003/2024(H5N1)	811	1306
PB2|PP755596.1|A/cattle/Texas/24-008749-003/2024(H5N1)	812	1306
PB2|PP755596.1|A/cattle/Texas/24-008749-003/2024(H5N1)	813	1306
PB2|PP755596.1|A/cattle/Texas/24-008749-003/2024(H5N1)	814	1306
PB2|PP755596.1|A/cattle/Texas/24-008749-003/2024(H5N1)	815	1306
PB2|PP755596.1|A/cattle/Texas/24-008749-003/2024(H5N1)	816	1306
PB2|PP755596.1|A/cattle/Texas/24-008749-003/2024(H5N1)	817	1417
PB2|PP755596.1|A/cattle/Texas/24-008749-003/2024(H5N1)	818	1444
PB2|PP755596.1|A/cattle/Texas/24-008749-003/2024(H5N1)	819	1445
PB2|PP755596.1|A/cattle/Texas/24-008749-003/2024(H5N1)	820	1451
PB2|PP755596.1|A/cattle/Texas/24-008749-003/2024(H5N1)	821	1451
PB2|PP755596.1|A/cattle/Texas/24-008749-003/2024(H5N1)	822	1449
PB2|PP755596.1|A/cattle/Texas/24-008749-003/2024(H5N1)	823	1448
PB2|PP755596.1|A/cattle/Texas/24-008749-003/2024(H5N1)	824	1447
PB2|PP755596.1|A/cattle/Texas/24-008749-003/2024(H5N1)	825	1434
PB2|PP755596.1|A/cattle/Texas/24-008749-003/2024(H5N1)	826	1418
PB2|PP755596.1|A/cattle/Texas/24-008749-003/2024(H5N1)	827	1404
PB2|PP755596.1|A/cattle/Texas/24-008749-003/2024(H5N1)	828	1402
PB2|PP755596.1|A/cattle/Texas/24-008749-003/2024(H5N1)	829	1363
PB2|PP755596.1|A/cattle/Texas/24-008749-003/2024(H5N1)	830	1353
PB2|PP755596.1|A/cattle/Texas/24-008749-003/2024(H5N1)	831	1209
PB2|PP755596.1|A/cattle/Texas/24-008749-003/2024(H5N1)	832	1201
PB2|PP755596.1|A/cattle/Texas/24-008749-003/2024(H5N1)	833	1181
PB2|PP755596.1|A/cattle/Texas/24-008749-003/2024(H5N1)	834	1175
PB2|PP755596.1|A/cattle/Texas/24-008749-003/2024(H5N1)	835	1175
PB2|PP755596.1|A/cattle/Texas/24-008749-003/2024(H5N1)	836	1175
PB2|PP755596.1|A/cattle/Texas/24-008749-003/2024(H5N1)	837	1175
PB2|PP755596.1|A/cattle/Texas/24-008749-003/2024(H5N1)	838	1175
PB2|PP755596.1|A/cattle/Texas/24-008749-003/2024(H5N1)	839	1175
PB2|PP755596.1|A/cattle/Texas/24-008749-003/2024(H5N1)	840	1175
PB2|PP755596.1|A/cattle/Texas/24-008749-003/2024(H5N1)	841	1175
PB2|PP755596.1|A/cattle/Texas/24-008749-003/2024(H5N1)	842	1426
PB2|PP755596.1|A/cattle/Texas/24-008749-003/2024(H5N1)	843	1430
PB2|PP755596.1|A/cattle/Texas/24-008749-003/2024(H5N1)	844	1434
PB2|PP755596.1|A/cattle/Texas/24-008749-003/2024(H5N1)	845	1458
PB2|PP755596.1|A/cattle/Texas/24-008749-003/2024(H5N1)	846	1459
PB2|PP755596.1|A/cattle/Texas/24-008749-003/2024(H5N1)	847	1434
PB2|PP755596.1|A/cattle/Texas/24-008749-003/2024(H5N1)	848	1433
PB2|PP755596.1|A/cattle/Texas/24-008749-003/2024(H5N1)	849	1432
PB2|PP755596.1|A/cattle/Texas/24-008749-003/2024(H5N1)	850	1432
PB2|PP755596.1|A/cattle/Texas/24-008749-003/2024(H5N1)	851	1432
PB2|PP755596.1|A/cattle/Texas/24-008749-003/2024(H5N1)	852	1412
PB2|PP755596.1|A/cattle/Texas/24-008749-003/2024(H5N1)	853	1396
PB2|PP755596.1|A/cattle/Texas/24-008749-003/2024(H5N1)	854	1396
PB2|PP755596.1|A/cattle/Texas/24-008749-003/2024(H5N1)	855	1334
PB2|PP755596.1|A/cattle/Texas/24-008749-003/2024(H5N1)	856	1334
PB2|PP755596.1|A/cattle/Texas/24-008749-003/2024(H5N1)	857	1321
PB2|PP755596.1|A/cattle/Texas/24-008749-003/2024(H5N1)	858	1319
PB2|PP755596.1|A/cattle/Texas/24-008749-003/2024(H5N1)	859	1612
PB2|PP755596.1|A/cattle/Texas/24-008749-003/2024(H5N1)	860	1612
PB2|PP755596.1|A/cattle/Texas/24-008749-003/2024(H5N1)	861	1610
PB2|PP755596.1|A/cattle/Texas/24-008749-003/2024(H5N1)	862	1608
PB2|PP755596.1|A/cattle/Texas/24-008749-003/2024(H5N1)	863	1605
PB2|PP755596.1|A/cattle/Texas/24-008749-003/2024(H5N1)	864	1603
PB2|PP755596.1|A/cattle/Texas/24-008749-003/2024(H5N1)	865	1648
PB2|PP755596.1|A/cattle/Texas/24-008749-003/2024(H5N1)	866	1646
PB2|PP755596.1|A/cattle/Texas/24-008749-003/2024(H5N1)	867	1626
PB2|PP755596.1|A/cattle/Texas/24-008749-003/2024(H5N1)	868	1626
PB2|PP755596.1|A/cattle/Texas/24-008749-003/2024(H5N1)	869	1626
PB2|PP755596.1|A/cattle/Texas/24-008749-003/2024(H5N1)	870	1618
PB2|PP755596.1|A/cattle/Texas/24-008749-003/2024(H5N1)	871	1629
PB2|PP755596.1|A/cattle/Texas/24-008749-003/2024(H5N1)	872	1614
PB2|PP755596.1|A/cattle/Texas/24-008749-003/2024(H5N1)	873	1616
PB2|PP755596.1|A/cattle/Texas/24-008749-003/2024(H5N1)	874	1622
PB2|PP755596.1|A/cattle/Texas/24-008749-003/2024(H5N1)	875	1601
PB2|PP755596.1|A/cattle/Texas/24-008749-003/2024(H5N1)	876	1601
PB2|PP755596.1|A/cattle/Texas/24-008749-003/2024(H5N1)	877	1586
PB2|PP755596.1|A/cattle/Texas/24-008749-003/2024(H5N1)	878	1580
PB2|PP755596.1|A/cattle/Texas/24-008749-003/2024(H5N1)	879	1565
PB2|PP755596.1|A/cattle/Texas/24-008749-003/2024(H5N1)	880	1548
PB2|PP755596.1|A/cattle/Texas/24-008749-003/2024(H5N1)	881	1548
PB2|PP755596.1|A/cattle/Texas/24-008749-003/2024(H5N1)	882	1548
PB2|PP755596.1|A/cattle/Texas/24-008749-003/2024(H5N1)	883	1548
PB2|PP755596.1|A/cattle/Texas/24-008749-003/2024(H5N1)	884	1548
PB2|PP755596.1|A/cattle/Texas/24-008749-003/2024(H5N1)	885	1547
PB2|PP755596.1|A/cattle/Texas/24-008749-003/2024(H5N1)	886	1546
PB2|PP755596.1|A/cattle/Texas/24-008749-003/2024(H5N1)	887	1544
PB2|PP755596.1|A/cattle/Texas/24-008749-003/2024(H5N1)	888	1542
PB2|PP755596.1|A/cattle/Texas/24-008749-003/2024(H5N1)	889	1534
PB2|PP755596.1|A/cattle/Texas/24-008749-003/2024(H5N1)	890	1531
PB2|PP755596.1|A/cattle/Texas/24-008749-003/2024(H5N1)	891	1516
PB2|PP755596.1|A/cattle/Texas/24-008749-003/2024(H5N1)	892	1506
PB2|PP755596.1|A/cattle/Texas/24-008749-003/2024(H5N1)	893	1500
PB2|PP755596.1|A/cattle/Texas/24-008749-003/2024(H5N1)	894	1497
PB2|PP755596.1|A/cattle/Texas/24-008749-003/2024(H5N1)	895	1104
PB2|PP755596.1|A/cattle/Texas/24-008749-003/2024(H5N1)	896	1104
PB2|PP755596.1|A/cattle/Texas/24-008749-003/2024(H5N1)	897	1100
PB2|PP755596.1|A/cattle/Texas/24-008749-003/2024(H5N1)	898	1100
PB2|PP755596.1|A/cattle/Texas/24-008749-003/2024(H5N1)	899	1100
PB2|PP755596.1|A/cattle/Texas/24-008749-003/2024(H5N1)	900	1100
PB2|PP755596.1|A/cattle/Texas/24-008749-003/2024(H5N1)	901	1100
PB2|PP755596.1|A/cattle/Texas/24-008749-003/2024(H5N1)	902	1100
PB2|PP755596.1|A/cattle/Texas/24-008749-003/2024(H5N1)	903	1100
PB2|PP755596.1|A/cattle/Texas/24-008749-003/2024(H5N1)	904	1100
PB2|PP755596.1|A/cattle/Texas/24-008749-003/2024(H5N1)	905	1100
PB2|PP755596.1|A/cattle/Texas/24-008749-003/2024(H5N1)	906	1100
PB2|PP755596.1|A/cattle/Texas/24-008749-003/2024(H5N1)	907	1100
PB2|PP755596.1|A/cattle/Texas/24-008749-003/2024(H5N1)	908	1100
PB2|PP755596.1|A/cattle/Texas/24-008749-003/2024(H5N1)	909	1100
PB2|PP755596.1|A/cattle/Texas/24-008749-003/2024(H5N1)	910	1100
PB2|PP755596.1|A/cattle/Texas/24-008749-003/2024(H5N1)	911	1100
PB2|PP755596.1|A/cattle/Texas/24-008749-003/2024(H5N1)	912	1100
PB2|PP755596.1|A/cattle/Texas/24-008749-003/2024(H5N1)	913	1101
PB2|PP755596.1|A/cattle/Texas/24-008749-003/2024(H5N1)	914	1101
PB2|PP755596.1|A/cattle/Texas/24-008749-003/2024(H5N1)	915	1101
PB2|PP755596.1|A/cattle/Texas/24-008749-003/2024(H5N1)	916	1522
PB2|PP755596.1|A/cattle/Texas/24-008749-003/2024(H5N1)	917	1524
PB2|PP755596.1|A/cattle/Texas/24-008749-003/2024(H5N1)	918	1531
PB2|PP755596.1|A/cattle/Texas/24-008749-003/2024(H5N1)	919	1579
PB2|PP755596.1|A/cattle/Texas/24-008749-003/2024(H5N1)	920	1606
PB2|PP755596.1|A/cattle/Texas/24-008749-003/2024(H5N1)	921	1608
PB2|PP755596.1|A/cattle/Texas/24-008749-003/2024(H5N1)	922	1630
PB2|PP755596.1|A/cattle/Texas/24-008749-003/2024(H5N1)	923	1681
PB2|PP755596.1|A/cattle/Texas/24-008749-003/2024(H5N1)	924	1694
PB2|PP755596.1|A/cattle/Texas/24-008749-003/2024(H5N1)	925	1914
PB2|PP755596.1|A/cattle/Texas/24-008749-003/2024(H5N1)	926	1931
PB2|PP755596.1|A/cattle/Texas/24-008749-003/2024(H5N1)	927	2014
PB2|PP755596.1|A/cattle/Texas/24-008749-003/2024(H5N1)	928	2018
PB2|PP755596.1|A/cattle/Texas/24-008749-003/2024(H5N1)	929	2021
PB2|PP755596.1|A/cattle/Texas/24-008749-003/2024(H5N1)	930	2071
PB2|PP755596.1|A/cattle/Texas/24-008749-003/2024(H5N1)	931	2075
PB2|PP755596.1|A/cattle/Texas/24-008749-003/2024(H5N1)	932	2075
PB2|PP755596.1|A/cattle/Texas/24-008749-003/2024(H5N1)	933	2101
PB2|PP755596.1|A/cattle/Texas/24-008749-003/2024(H5N1)	934	2195
PB2|PP755596.1|A/cattle/Texas/24-008749-003/2024(H5N1)	935	2210
PB2|PP755596.1|A/cattle/Texas/24-008749-003/2024(H5N1)	936	2167
PB2|PP755596.1|A/cattle/Texas/24-008749-003/2024(H5N1)	937	2189
PB2|PP755596.1|A/cattle/Texas/24-008749-003/2024(H5N1)	938	2196
PB2|PP755596.1|A/cattle/Texas/24-008749-003/2024(H5N1)	939	2196
PB2|PP755596.1|A/cattle/Texas/24-008749-003/2024(H5N1)	940	2213
PB2|PP755596.1|A/cattle/Texas/24-008749-003/2024(H5N1)	941	2213
PB2|PP755596.1|A/cattle/Texas/24-008749-003/2024(H5N1)	942	2213
PB2|PP755596.1|A/cattle/Texas/24-008749-003/2024(H5N1)	943	2212
PB2|PP755596.1|A/cattle/Texas/24-008749-003/2024(H5N1)	944	2202
PB2|PP755596.1|A/cattle/Texas/24-008749-003/2024(H5N1)	945	2198
PB2|PP755596.1|A/cattle/Texas/24-008749-003/2024(H5N1)	946	2191
PB2|PP755596.1|A/cattle/Texas/24-008749-003/2024(H5N1)	947	2161
PB2|PP755596.1|A/cattle/Texas/24-008749-003/2024(H5N1)	948	1299
PB2|PP755596.1|A/cattle/Texas/24-008749-003/2024(H5N1)	949	1297
PB2|PP755596.1|A/cattle/Texas/24-008749-003/2024(H5N1)	950	1297
PB2|PP755596.1|A/cattle/Texas/24-008749-003/2024(H5N1)	951	1297
PB2|PP755596.1|A/cattle/Texas/24-008749-003/2024(H5N1)	952	1297
PB2|PP755596.1|A/cattle/Texas/24-008749-003/2024(H5N1)	953	1297
PB2|PP755596.1|A/cattle/Texas/24-008749-003/2024(H5N1)	954	1297
PB2|PP755596.1|A/cattle/Texas/24-008749-003/2024(H5N1)	955	1297
PB2|PP755596.1|A/cattle/Texas/24-008749-003/2024(H5N1)	956	1297
PB2|PP755596.1|A/cattle/Texas/24-008749-003/2024(H5N1)	957	1297
PB2|PP755596.1|A/cattle/Texas/24-008749-003/2024(H5N1)	958	1307
PB2|PP755596.1|A/cattle/Texas/24-008749-003/2024(H5N1)	959	1338
PB2|PP755596.1|A/cattle/Texas/24-008749-003/2024(H5N1)	960	1355
PB2|PP755596.1|A/cattle/Texas/24-008749-003/2024(H5N1)	961	1613
PB2|PP755596.1|A/cattle/Texas/24-008749-003/2024(H5N1)	962	1630
PB2|PP755596.1|A/cattle/Texas/24-008749-003/2024(H5N1)	963	1635
PB2|PP755596.1|A/cattle/Texas/24-008749-003/2024(H5N1)	964	1707
PB2|PP755596.1|A/cattle/Texas/24-008749-003/2024(H5N1)	965	1708
PB2|PP755596.1|A/cattle/Texas/24-008749-003/2024(H5N1)	966	1752
PB2|PP755596.1|A/cattle/Texas/24-008749-003/2024(H5N1)	967	1752
PB2|PP755596.1|A/cattle/Texas/24-008749-003/2024(H5N1)	968	1753
PB2|PP755596.1|A/cattle/Texas/24-008749-003/2024(H5N1)	969	1754
PB2|PP755596.1|A/cattle/Texas/24-008749-003/2024(H5N1)	970	1754
PB2|PP755596.1|A/cattle/Texas/24-008749-003/2024(H5N1)	971	1815
PB2|PP755596.1|A/cattle/Texas/24-008749-003/2024(H5N1)	972	1813
PB2|PP755596.1|A/cattle/Texas/24-008749-003/2024(H5N1)	973	1815
PB2|PP755596.1|A/cattle/Texas/24-008749-003/2024(H5N1)	974	1816
PB2|PP755596.1|A/cattle/Texas/24-008749-003/2024(H5N1)	975	1898
PB2|PP755596.1|A/cattle/Texas/24-008749-003/2024(H5N1)	976	1898
PB2|PP755596.1|A/cattle/Texas/24-008749-003/2024(H5N1)	977	1898
PB2|PP755596.1|A/cattle/Texas/24-008749-003/2024(H5N1)	978	1898
PB2|PP755596.1|A/cattle/Texas/24-008749-003/2024(H5N1)	979	1935
PB2|PP755596.1|A/cattle/Texas/24-008749-003/2024(H5N1)	980	1949
PB2|PP755596.1|A/cattle/Texas/24-008749-003/2024(H5N1)	981	1968
PB2|PP755596.1|A/cattle/Texas/24-008749-003/2024(H5N1)	982	2081
PB2|PP755596.1|A/cattle/Texas/24-008749-003/2024(H5N1)	983	2084
PB2|PP755596.1|A/cattle/Texas/24-008749-003/2024(H5N1)	984	2093
PB2|PP755596.1|A/cattle/Texas/24-008749-003/2024(H5N1)	985	2095
PB2|PP755596.1|A/cattle/Texas/24-008749-003/2024(H5N1)	986	2105
PB2|PP755596.1|A/cattle/Texas/24-008749-003/2024(H5N1)	987	2113
PB2|PP755596.1|A/cattle/Texas/24-008749-003/2024(H5N1)	988	2126
PB2|PP755596.1|A/cattle/Texas/24-008749-003/2024(H5N1)	989	2128
PB2|PP755596.1|A/cattle/Texas/24-008749-003/2024(H5N1)	990	2141
PB2|PP755596.1|A/cattle/Texas/24-008749-003/2024(H5N1)	991	2279
PB2|PP755596.1|A/cattle/Texas/24-008749-003/2024(H5N1)	992	2279
PB2|PP755596.1|A/cattle/Texas/24-008749-003/2024(H5N1)	993	2279
PB2|PP755596.1|A/cattle/Texas/24-008749-003/2024(H5N1)	994	2281
PB2|PP755596.1|A/cattle/Texas/24-008749-003/2024(H5N1)	995	2319
PB2|PP755596.1|A/cattle/Texas/24-008749-003/2024(H5N1)	996	2331
PB2|PP755596.1|A/cattle/Texas/24-008749-003/2024(H5N1)	997	2369
PB2|PP755596.1|A/cattle/Texas/24-008749-003/2024(H5N1)	998	2376
PB2|PP755596.1|A/cattle/Texas/24-008749-003/2024(H5N1)	999	2377
PB2|PP755596.1|A/cattle/Texas/24-008749-003/2024(H5N1)	1000	2380
PB2|PP755596.1|A/cattle/Texas/24-008749-003/2024(H5N1)	1001	2399
PB2|PP755596.1|A/cattle/Texas/24-008749-003/2024(H5N1)	1002	2451
PB2|PP755596.1|A/cattle/Texas/24-008749-003/2024(H5N1)	1003	2455
PB2|PP755596.1|A/cattle/Texas/24-008749-003/2024(H5N1)	1004	2473
PB2|PP755596.1|A/cattle/Texas/24-008749-003/2024(H5N1)	1005	2481
PB2|PP755596.1|A/cattle/Texas/24-008749-003/2024(H5N1)	1006	2508
PB2|PP755596.1|A/cattle/Texas/24-008749-003/2024(H5N1)	1007	2512
PB2|PP755596.1|A/cattle/Texas/24-008749-003/2024(H5N1)	1008	2514
PB2|PP755596.1|A/cattle/Texas/24-008749-003/2024(H5N1)	1009	2527
PB2|PP755596.1|A/cattle/Texas/24-008749-003/2024(H5N1)	1010	2514
PB2|PP755596.1|A/cattle/Texas/24-008749-003/2024(H5N1)	1011	2504
PB2|PP755596.1|A/cattle/Texas/24-008749-003/2024(H5N1)	1012	2532
PB2|PP755596.1|A/cattle/Texas/24-008749-003/2024(H5N1)	1013	2535
PB2|PP755596.1|A/cattle/Texas/24-008749-003/2024(H5N1)	1014	2546
PB2|PP755596.1|A/cattle/Texas/24-008749-003/2024(H5N1)	1015	2547
PB2|PP755596.1|A/cattle/Texas/24-008749-003/2024(H5N1)	1016	2580
PB2|PP755596.1|A/cattle/Texas/24-008749-003/2024(H5N1)	1017	2580
PB2|PP755596.1|A/cattle/Texas/24-008749-003/2024(H5N1)	1018	2581
PB2|PP755596.1|A/cattle/Texas/24-008749-003/2024(H5N1)	1019	2577
PB2|PP755596.1|A/cattle/Texas/24-008749-003/2024(H5N1)	1020	2520
PB2|PP755596.1|A/cattle/Texas/24-008749-003/2024(H5N1)	1021	2552
PB2|PP755596.1|A/cattle/Texas/24-008749-003/2024(H5N1)	1022	2588
PB2|PP755596.1|A/cattle/Texas/24-008749-003/2024(H5N1)	1023	2626
PB2|PP755596.1|A/cattle/Texas/24-008749-003/2024(H5N1)	1024	2626
PB2|PP755596.1|A/cattle/Texas/24-008749-003/2024(H5N1)	1025	2626
PB2|PP755596.1|A/cattle/Texas/24-008749-003/2024(H5N1)	1026	2342
PB2|PP755596.1|A/cattle/Texas/24-008749-003/2024(H5N1)	1027	2383
PB2|PP755596.1|A/cattle/Texas/24-008749-003/2024(H5N1)	1028	2386
PB2|PP755596.1|A/cattle/Texas/24-008749-003/2024(H5N1)	1029	2386
PB2|PP755596.1|A/cattle/Texas/24-008749-003/2024(H5N1)	1030	2423
PB2|PP755596.1|A/cattle/Texas/24-008749-003/2024(H5N1)	1031	2431
PB2|PP755596.1|A/cattle/Texas/24-008749-003/2024(H5N1)	1032	2454
PB2|PP755596.1|A/cattle/Texas/24-008749-003/2024(H5N1)	1033	2456
PB2|PP755596.1|A/cattle/Texas/24-008749-003/2024(H5N1)	1034	2456
PB2|PP755596.1|A/cattle/Texas/24-008749-003/2024(H5N1)	1035	2456
PB2|PP755596.1|A/cattle/Texas/24-008749-003/2024(H5N1)	1036	2456
PB2|PP755596.1|A/cattle/Texas/24-008749-003/2024(H5N1)	1037	2471
PB2|PP755596.1|A/cattle/Texas/24-008749-003/2024(H5N1)	1038	2471
PB2|PP755596.1|A/cattle/Texas/24-008749-003/2024(H5N1)	1039	2630
PB2|PP755596.1|A/cattle/Texas/24-008749-003/2024(H5N1)	1040	2653
PB2|PP755596.1|A/cattle/Texas/24-008749-003/2024(H5N1)	1041	2658
PB2|PP755596.1|A/cattle/Texas/24-008749-003/2024(H5N1)	1042	2659
PB2|PP755596.1|A/cattle/Texas/24-008749-003/2024(H5N1)	1043	2660
PB2|PP755596.1|A/cattle/Texas/24-008749-003/2024(H5N1)	1044	2785
PB2|PP755596.1|A/cattle/Texas/24-008749-003/2024(H5N1)	1045	2794
PB2|PP755596.1|A/cattle/Texas/24-008749-003/2024(H5N1)	1046	2806
PB2|PP755596.1|A/cattle/Texas/24-008749-003/2024(H5N1)	1047	2765
PB2|PP755596.1|A/cattle/Texas/24-008749-003/2024(H5N1)	1048	2792
PB2|PP755596.1|A/cattle/Texas/24-008749-003/2024(H5N1)	1049	2801
PB2|PP755596.1|A/cattle/Texas/24-008749-003/2024(H5N1)	1050	2814
PB2|PP755596.1|A/cattle/Texas/24-008749-003/2024(H5N1)	1051	2817
PB2|PP755596.1|A/cattle/Texas/24-008749-003/2024(H5N1)	1052	2844
PB2|PP755596.1|A/cattle/Texas/24-008749-003/2024(H5N1)	1053	2823
PB2|PP755596.1|A/cattle/Texas/24-008749-003/2024(H5N1)	1054	2832
PB2|PP755596.1|A/cattle/Texas/24-008749-003/2024(H5N1)	1055	2831
PB2|PP755596.1|A/cattle/Texas/24-008749-003/2024(H5N1)	1056	2841
PB2|PP755596.1|A/cattle/Texas/24-008749-003/2024(H5N1)	1057	2892
PB2|PP755596.1|A/cattle/Texas/24-008749-003/2024(H5N1)	1058	2930
PB2|PP755596.1|A/cattle/Texas/24-008749-003/2024(H5N1)	1059	2938
PB2|PP755596.1|A/cattle/Texas/24-008749-003/2024(H5N1)	1060	2949
PB2|PP755596.1|A/cattle/Texas/24-008749-003/2024(H5N1)	1061	2947
PB2|PP755596.1|A/cattle/Texas/24-008749-003/2024(H5N1)	1062	2963
PB2|PP755596.1|A/cattle/Texas/24-008749-003/2024(H5N1)	1063	2958
PB2|PP755596.1|A/cattle/Texas/24-008749-003/2024(H5N1)	1064	3007
PB2|PP755596.1|A/cattle/Texas/24-008749-003/2024(H5N1)	1065	3012
PB2|PP755596.1|A/cattle/Texas/24-008749-003/2024(H5N1)	1066	3101
PB2|PP755596.1|A/cattle/Texas/24-008749-003/2024(H5N1)	1067	3096
PB2|PP755596.1|A/cattle/Texas/24-008749-003/2024(H5N1)	1068	3102
PB2|PP755596.1|A/cattle/Texas/24-008749-003/2024(H5N1)	1069	3182
PB2|PP755596.1|A/cattle/Texas/24-008749-003/2024(H5N1)	1070	3172
PB2|PP755596.1|A/cattle/Texas/24-008749-003/2024(H5N1)	1071	3161
PB2|PP755596.1|A/cattle/Texas/24-008749-003/2024(H5N1)	1072	3159
PB2|PP755596.1|A/cattle/Texas/24-008749-003/2024(H5N1)	1073	3161
PB2|PP755596.1|A/cattle/Texas/24-008749-003/2024(H5N1)	1074	3174
PB2|PP755596.1|A/cattle/Texas/24-008749-003/2024(H5N1)	1075	3058
PB2|PP755596.1|A/cattle/Texas/24-008749-003/2024(H5N1)	1076	2924
PB2|PP755596.1|A/cattle/Texas/24-008749-003/2024(H5N1)	1077	2917
PB2|PP755596.1|A/cattle/Texas/24-008749-003/2024(H5N1)	1078	2818
PB2|PP755596.1|A/cattle/Texas/24-008749-003/2024(H5N1)	1079	2816
PB2|PP755596.1|A/cattle/Texas/24-008749-003/2024(H5N1)	1080	2811
PB2|PP755596.1|A/cattle/Texas/24-008749-003/2024(H5N1)	1081	2727
PB2|PP755596.1|A/cattle/Texas/24-008749-003/2024(H5N1)	1082	2721
PB2|PP755596.1|A/cattle/Texas/24-008749-003/2024(H5N1)	1083	2155
PB2|PP755596.1|A/cattle/Texas/24-008749-003/2024(H5N1)	1084	2109
PB2|PP755596.1|A/cattle/Texas/24-008749-003/2024(H5N1)	1085	2013
PB2|PP755596.1|A/cattle/Texas/24-008749-003/2024(H5N1)	1086	2024
PB2|PP755596.1|A/cattle/Texas/24-008749-003/2024(H5N1)	1087	2026
PB2|PP755596.1|A/cattle/Texas/24-008749-003/2024(H5N1)	1088	2179
PB2|PP755596.1|A/cattle/Texas/24-008749-003/2024(H5N1)	1089	2200
PB2|PP755596.1|A/cattle/Texas/24-008749-003/2024(H5N1)	1090	2200
PB2|PP755596.1|A/cattle/Texas/24-008749-003/2024(H5N1)	1091	2200
PB2|PP755596.1|A/cattle/Texas/24-008749-003/2024(H5N1)	1092	2200
PB2|PP755596.1|A/cattle/Texas/24-008749-003/2024(H5N1)	1093	2243
PB2|PP755596.1|A/cattle/Texas/24-008749-003/2024(H5N1)	1094	2304
PB2|PP755596.1|A/cattle/Texas/24-008749-003/2024(H5N1)	1095	2303
PB2|PP755596.1|A/cattle/Texas/24-008749-003/2024(H5N1)	1096	2303
PB2|PP755596.1|A/cattle/Texas/24-008749-003/2024(H5N1)	1097	2303
PB2|PP755596.1|A/cattle/Texas/24-008749-003/2024(H5N1)	1098	2303
PB2|PP755596.1|A/cattle/Texas/24-008749-003/2024(H5N1)	1099	2302
PB2|PP755596.1|A/cattle/Texas/24-008749-003/2024(H5N1)	1100	2295
PB2|PP755596.1|A/cattle/Texas/24-008749-003/2024(H5N1)	1101	2291
PB2|PP755596.1|A/cattle/Texas/24-008749-003/2024(H5N1)	1102	2291
PB2|PP755596.1|A/cattle/Texas/24-008749-003/2024(H5N1)	1103	2291
PB2|PP755596.1|A/cattle/Texas/24-008749-003/2024(H5N1)	1104	2301
PB2|PP755596.1|A/cattle/Texas/24-008749-003/2024(H5N1)	1105	2860
PB2|PP755596.1|A/cattle/Texas/24-008749-003/2024(H5N1)	1106	2930
PB2|PP755596.1|A/cattle/Texas/24-008749-003/2024(H5N1)	1107	2937
PB2|PP755596.1|A/cattle/Texas/24-008749-003/2024(H5N1)	1108	2973
PB2|PP755596.1|A/cattle/Texas/24-008749-003/2024(H5N1)	1109	2996
PB2|PP755596.1|A/cattle/Texas/24-008749-003/2024(H5N1)	1110	2996
PB2|PP755596.1|A/cattle/Texas/24-008749-003/2024(H5N1)	1111	2996
PB2|PP755596.1|A/cattle/Texas/24-008749-003/2024(H5N1)	1112	3023
PB2|PP755596.1|A/cattle/Texas/24-008749-003/2024(H5N1)	1113	3021
PB2|PP755596.1|A/cattle/Texas/24-008749-003/2024(H5N1)	1114	3030
PB2|PP755596.1|A/cattle/Texas/24-008749-003/2024(H5N1)	1115	3031
PB2|PP755596.1|A/cattle/Texas/24-008749-003/2024(H5N1)	1116	3038
PB2|PP755596.1|A/cattle/Texas/24-008749-003/2024(H5N1)	1117	3170
PB2|PP755596.1|A/cattle/Texas/24-008749-003/2024(H5N1)	1118	3188
PB2|PP755596.1|A/cattle/Texas/24-008749-003/2024(H5N1)	1119	3188
PB2|PP755596.1|A/cattle/Texas/24-008749-003/2024(H5N1)	1120	3140
PB2|PP755596.1|A/cattle/Texas/24-008749-003/2024(H5N1)	1121	3128
PB2|PP755596.1|A/cattle/Texas/24-008749-003/2024(H5N1)	1122	3135
PB2|PP755596.1|A/cattle/Texas/24-008749-003/2024(H5N1)	1123	3136
PB2|PP755596.1|A/cattle/Texas/24-008749-003/2024(H5N1)	1124	3146
PB2|PP755596.1|A/cattle/Texas/24-008749-003/2024(H5N1)	1125	3153
PB2|PP755596.1|A/cattle/Texas/24-008749-003/2024(H5N1)	1126	3109
PB2|PP755596.1|A/cattle/Texas/24-008749-003/2024(H5N1)	1127	3108
PB2|PP755596.1|A/cattle/Texas/24-008749-003/2024(H5N1)	1128	3107
PB2|PP755596.1|A/cattle/Texas/24-008749-003/2024(H5N1)	1129	3104
PB2|PP755596.1|A/cattle/Texas/24-008749-003/2024(H5N1)	1130	3056
PB2|PP755596.1|A/cattle/Texas/24-008749-003/2024(H5N1)	1131	3041
PB2|PP755596.1|A/cattle/Texas/24-008749-003/2024(H5N1)	1132	3044
PB2|PP755596.1|A/cattle/Texas/24-008749-003/2024(H5N1)	1133	3044
PB2|PP755596.1|A/cattle/Texas/24-008749-003/2024(H5N1)	1134	3042
PB2|PP755596.1|A/cattle/Texas/24-008749-003/2024(H5N1)	1135	3035
PB2|PP755596.1|A/cattle/Texas/24-008749-003/2024(H5N1)	1136	3032
PB2|PP755596.1|A/cattle/Texas/24-008749-003/2024(H5N1)	1137	3020
PB2|PP755596.1|A/cattle/Texas/24-008749-003/2024(H5N1)	1138	3011
PB2|PP755596.1|A/cattle/Texas/24-008749-003/2024(H5N1)	1139	2999
PB2|PP755596.1|A/cattle/Texas/24-008749-003/2024(H5N1)	1140	2997
PB2|PP755596.1|A/cattle/Texas/24-008749-003/2024(H5N1)	1141	2978
PB2|PP755596.1|A/cattle/Texas/24-008749-003/2024(H5N1)	1142	2846
PB2|PP755596.1|A/cattle/Texas/24-008749-003/2024(H5N1)	1143	2846
PB2|PP755596.1|A/cattle/Texas/24-008749-003/2024(H5N1)	1144	2841
PB2|PP755596.1|A/cattle/Texas/24-008749-003/2024(H5N1)	1145	2838
PB2|PP755596.1|A/cattle/Texas/24-008749-003/2024(H5N1)	1146	2608
PB2|PP755596.1|A/cattle/Texas/24-008749-003/2024(H5N1)	1147	2591
PB2|PP755596.1|A/cattle/Texas/24-008749-003/2024(H5N1)	1148	2570
PB2|PP755596.1|A/cattle/Texas/24-008749-003/2024(H5N1)	1149	2563
PB2|PP755596.1|A/cattle/Texas/24-008749-003/2024(H5N1)	1150	2563
PB2|PP755596.1|A/cattle/Texas/24-008749-003/2024(H5N1)	1151	2565
PB2|PP755596.1|A/cattle/Texas/24-008749-003/2024(H5N1)	1152	2565
PB2|PP755596.1|A/cattle/Texas/24-008749-003/2024(H5N1)	1153	2914
PB2|PP755596.1|A/cattle/Texas/24-008749-003/2024(H5N1)	1154	2914
PB2|PP755596.1|A/cattle/Texas/24-008749-003/2024(H5N1)	1155	2914
PB2|PP755596.1|A/cattle/Texas/24-008749-003/2024(H5N1)	1156	2914
PB2|PP755596.1|A/cattle/Texas/24-008749-003/2024(H5N1)	1157	2921
PB2|PP755596.1|A/cattle/Texas/24-008749-003/2024(H5N1)	1158	2940
PB2|PP755596.1|A/cattle/Texas/24-008749-003/2024(H5N1)	1159	2940
PB2|PP755596.1|A/cattle/Texas/24-008749-003/2024(H5N1)	1160	2940
PB2|PP755596.1|A/cattle/Texas/24-008749-003/2024(H5N1)	1161	2963
PB2|PP755596.1|A/cattle/Texas/24-008749-003/2024(H5N1)	1162	2950
PB2|PP755596.1|A/cattle/Texas/24-008749-003/2024(H5N1)	1163	2921
PB2|PP755596.1|A/cattle/Texas/24-008749-003/2024(H5N1)	1164	2920
PB2|PP755596.1|A/cattle/Texas/24-008749-003/2024(H5N1)	1165	2910
PB2|PP755596.1|A/cattle/Texas/24-008749-003/2024(H5N1)	1166	2909
PB2|PP755596.1|A/cattle/Texas/24-008749-003/2024(H5N1)	1167	2864
PB2|PP755596.1|A/cattle/Texas/24-008749-003/2024(H5N1)	1168	2864
PB2|PP755596.1|A/cattle/Texas/24-008749-003/2024(H5N1)	1169	2819
PB2|PP755596.1|A/cattle/Texas/24-008749-003/2024(H5N1)	1170	2800
PB2|PP755596.1|A/cattle/Texas/24-008749-003/2024(H5N1)	1171	2799
PB2|PP755596.1|A/cattle/Texas/24-008749-003/2024(H5N1)	1172	2733
PB2|PP755596.1|A/cattle/Texas/24-008749-003/2024(H5N1)	1173	2727
PB2|PP755596.1|A/cattle/Texas/24-008749-003/2024(H5N1)	1174	2698
PB2|PP755596.1|A/cattle/Texas/24-008749-003/2024(H5N1)	1175	2681
PB2|PP755596.1|A/cattle/Texas/24-008749-003/2024(H5N1)	1176	2677
PB2|PP755596.1|A/cattle/Texas/24-008749-003/2024(H5N1)	1177	2636
PB2|PP755596.1|A/cattle/Texas/24-008749-003/2024(H5N1)	1178	2621
PB2|PP755596.1|A/cattle/Texas/24-008749-003/2024(H5N1)	1179	2616
PB2|PP755596.1|A/cattle/Texas/24-008749-003/2024(H5N1)	1180	2608
PB2|PP755596.1|A/cattle/Texas/24-008749-003/2024(H5N1)	1181	2570
PB2|PP755596.1|A/cattle/Texas/24-008749-003/2024(H5N1)	1182	2172
PB2|PP755596.1|A/cattle/Texas/24-008749-003/2024(H5N1)	1183	2170
PB2|PP755596.1|A/cattle/Texas/24-008749-003/2024(H5N1)	1184	2170
PB2|PP755596.1|A/cattle/Texas/24-008749-003/2024(H5N1)	1185	2120
PB2|PP755596.1|A/cattle/Texas/24-008749-003/2024(H5N1)	1186	2120
PB2|PP755596.1|A/cattle/Texas/24-008749-003/2024(H5N1)	1187	2120
PB2|PP755596.1|A/cattle/Texas/24-008749-003/2024(H5N1)	1188	2106
PB2|PP755596.1|A/cattle/Texas/24-008749-003/2024(H5N1)	1189	2106
PB2|PP755596.1|A/cattle/Texas/24-008749-003/2024(H5N1)	1190	2085
PB2|PP755596.1|A/cattle/Texas/24-008749-003/2024(H5N1)	1191	2081
PB2|PP755596.1|A/cattle/Texas/24-008749-003/2024(H5N1)	1192	2081
PB2|PP755596.1|A/cattle/Texas/24-008749-003/2024(H5N1)	1193	2081
PB2|PP755596.1|A/cattle/Texas/24-008749-003/2024(H5N1)	1194	1962
PB2|PP755596.1|A/cattle/Texas/24-008749-003/2024(H5N1)	1195	1962
PB2|PP755596.1|A/cattle/Texas/24-008749-003/2024(H5N1)	1196	1962
PB2|PP755596.1|A/cattle/Texas/24-008749-003/2024(H5N1)	1197	1962
PB2|PP755596.1|A/cattle/Texas/24-008749-003/2024(H5N1)	1198	2152
PB2|PP755596.1|A/cattle/Texas/24-008749-003/2024(H5N1)	1199	2152
PB2|PP755596.1|A/cattle/Texas/24-008749-003/2024(H5N1)	1200	2152
PB2|PP755596.1|A/cattle/Texas/24-008749-003/2024(H5N1)	1201	2152
PB2|PP755596.1|A/cattle/Texas/24-008749-003/2024(H5N1)	1202	2152
PB2|PP755596.1|A/cattle/Texas/24-008749-003/2024(H5N1)	1203	2143
PB2|PP755596.1|A/cattle/Texas/24-008749-003/2024(H5N1)	1204	2167
PB2|PP755596.1|A/cattle/Texas/24-008749-003/2024(H5N1)	1205	2167
PB2|PP755596.1|A/cattle/Texas/24-008749-003/2024(H5N1)	1206	2167
PB2|PP755596.1|A/cattle/Texas/24-008749-003/2024(H5N1)	1207	2167
PB2|PP755596.1|A/cattle/Texas/24-008749-003/2024(H5N1)	1208	2112
PB2|PP755596.1|A/cattle/Texas/24-008749-003/2024(H5N1)	1209	2069
PB2|PP755596.1|A/cattle/Texas/24-008749-003/2024(H5N1)	1210	2134
PB2|PP755596.1|A/cattle/Texas/24-008749-003/2024(H5N1)	1211	2134
PB2|PP755596.1|A/cattle/Texas/24-008749-003/2024(H5N1)	1212	2134
PB2|PP755596.1|A/cattle/Texas/24-008749-003/2024(H5N1)	1213	2110
PB2|PP755596.1|A/cattle/Texas/24-008749-003/2024(H5N1)	1214	2061
PB2|PP755596.1|A/cattle/Texas/24-008749-003/2024(H5N1)	1215	2046
PB2|PP755596.1|A/cattle/Texas/24-008749-003/2024(H5N1)	1216	2075
PB2|PP755596.1|A/cattle/Texas/24-008749-003/2024(H5N1)	1217	2084
PB2|PP755596.1|A/cattle/Texas/24-008749-003/2024(H5N1)	1218	2075
PB2|PP755596.1|A/cattle/Texas/24-008749-003/2024(H5N1)	1219	2073
PB2|PP755596.1|A/cattle/Texas/24-008749-003/2024(H5N1)	1220	1970
PB2|PP755596.1|A/cattle/Texas/24-008749-003/2024(H5N1)	1221	1959
PB2|PP755596.1|A/cattle/Texas/24-008749-003/2024(H5N1)	1222	1955
PB2|PP755596.1|A/cattle/Texas/24-008749-003/2024(H5N1)	1223	1833
PB2|PP755596.1|A/cattle/Texas/24-008749-003/2024(H5N1)	1224	1830
PB2|PP755596.1|A/cattle/Texas/24-008749-003/2024(H5N1)	1225	1824
PB2|PP755596.1|A/cattle/Texas/24-008749-003/2024(H5N1)	1226	1795
PB2|PP755596.1|A/cattle/Texas/24-008749-003/2024(H5N1)	1227	1724
PB2|PP755596.1|A/cattle/Texas/24-008749-003/2024(H5N1)	1228	1725
PB2|PP755596.1|A/cattle/Texas/24-008749-003/2024(H5N1)	1229	1724
PB2|PP755596.1|A/cattle/Texas/24-008749-003/2024(H5N1)	1230	1688
PB2|PP755596.1|A/cattle/Texas/24-008749-003/2024(H5N1)	1231	1688
PB2|PP755596.1|A/cattle/Texas/24-008749-003/2024(H5N1)	1232	1682
PB2|PP755596.1|A/cattle/Texas/24-008749-003/2024(H5N1)	1233	1671
PB2|PP755596.1|A/cattle/Texas/24-008749-003/2024(H5N1)	1234	1671
PB2|PP755596.1|A/cattle/Texas/24-008749-003/2024(H5N1)	1235	1632
PB2|PP755596.1|A/cattle/Texas/24-008749-003/2024(H5N1)	1236	1630
PB2|PP755596.1|A/cattle/Texas/24-008749-003/2024(H5N1)	1237	1617
PB2|PP755596.1|A/cattle/Texas/24-008749-003/2024(H5N1)	1238	1586
PB2|PP755596.1|A/cattle/Texas/24-008749-003/2024(H5N1)	1239	1364
PB2|PP755596.1|A/cattle/Texas/24-008749-003/2024(H5N1)	1240	1364
PB2|PP755596.1|A/cattle/Texas/24-008749-003/2024(H5N1)	1241	1363
PB2|PP755596.1|A/cattle/Texas/24-008749-003/2024(H5N1)	1242	1363
PB2|PP755596.1|A/cattle/Texas/24-008749-003/2024(H5N1)	1243	1363
PB2|PP755596.1|A/cattle/Texas/24-008749-003/2024(H5N1)	1244	1363
PB2|PP755596.1|A/cattle/Texas/24-008749-003/2024(H5N1)	1245	1297
PB2|PP755596.1|A/cattle/Texas/24-008749-003/2024(H5N1)	1246	1277
PB2|PP755596.1|A/cattle/Texas/24-008749-003/2024(H5N1)	1247	1235
PB2|PP755596.1|A/cattle/Texas/24-008749-003/2024(H5N1)	1248	1231
PB2|PP755596.1|A/cattle/Texas/24-008749-003/2024(H5N1)	1249	1161
PB2|PP755596.1|A/cattle/Texas/24-008749-003/2024(H5N1)	1250	1156
PB2|PP755596.1|A/cattle/Texas/24-008749-003/2024(H5N1)	1251	1143
PB2|PP755596.1|A/cattle/Texas/24-008749-003/2024(H5N1)	1252	966
PB2|PP755596.1|A/cattle/Texas/24-008749-003/2024(H5N1)	1253	966
PB2|PP755596.1|A/cattle/Texas/24-008749-003/2024(H5N1)	1254	965
PB2|PP755596.1|A/cattle/Texas/24-008749-003/2024(H5N1)	1255	965
PB2|PP755596.1|A/cattle/Texas/24-008749-003/2024(H5N1)	1256	965
PB2|PP755596.1|A/cattle/Texas/24-008749-003/2024(H5N1)	1257	965
PB2|PP755596.1|A/cattle/Texas/24-008749-003/2024(H5N1)	1258	1123
PB2|PP755596.1|A/cattle/Texas/24-008749-003/2024(H5N1)	1259	1124
PB2|PP755596.1|A/cattle/Texas/24-008749-003/2024(H5N1)	1260	1124
PB2|PP755596.1|A/cattle/Texas/24-008749-003/2024(H5N1)	1261	1124
PB2|PP755596.1|A/cattle/Texas/24-008749-003/2024(H5N1)	1262	1124
PB2|PP755596.1|A/cattle/Texas/24-008749-003/2024(H5N1)	1263	1107
PB2|PP755596.1|A/cattle/Texas/24-008749-003/2024(H5N1)	1264	1106
PB2|PP755596.1|A/cattle/Texas/24-008749-003/2024(H5N1)	1265	1103
PB2|PP755596.1|A/cattle/Texas/24-008749-003/2024(H5N1)	1266	1103
PB2|PP755596.1|A/cattle/Texas/24-008749-003/2024(H5N1)	1267	1103
PB2|PP755596.1|A/cattle/Texas/24-008749-003/2024(H5N1)	1268	997
PB2|PP755596.1|A/cattle/Texas/24-008749-003/2024(H5N1)	1269	982
PB2|PP755596.1|A/cattle/Texas/24-008749-003/2024(H5N1)	1270	1094
PB2|PP755596.1|A/cattle/Texas/24-008749-003/2024(H5N1)	1271	1098
PB2|PP755596.1|A/cattle/Texas/24-008749-003/2024(H5N1)	1272	1099
PB2|PP755596.1|A/cattle/Texas/24-008749-003/2024(H5N1)	1273	1095
PB2|PP755596.1|A/cattle/Texas/24-008749-003/2024(H5N1)	1274	1101
PB2|PP755596.1|A/cattle/Texas/24-008749-003/2024(H5N1)	1275	1098
PB2|PP755596.1|A/cattle/Texas/24-008749-003/2024(H5N1)	1276	1090
PB2|PP755596.1|A/cattle/Texas/24-008749-003/2024(H5N1)	1277	1067
PB2|PP755596.1|A/cattle/Texas/24-008749-003/2024(H5N1)	1278	1067
PB2|PP755596.1|A/cattle/Texas/24-008749-003/2024(H5N1)	1279	1081
PB2|PP755596.1|A/cattle/Texas/24-008749-003/2024(H5N1)	1280	1078
PB2|PP755596.1|A/cattle/Texas/24-008749-003/2024(H5N1)	1281	1078
PB2|PP755596.1|A/cattle/Texas/24-008749-003/2024(H5N1)	1282	1071
PB2|PP755596.1|A/cattle/Texas/24-008749-003/2024(H5N1)	1283	1067
PB2|PP755596.1|A/cattle/Texas/24-008749-003/2024(H5N1)	1284	1058
PB2|PP755596.1|A/cattle/Texas/24-008749-003/2024(H5N1)	1285	1108
PB2|PP755596.1|A/cattle/Texas/24-008749-003/2024(H5N1)	1286	1108
PB2|PP755596.1|A/cattle/Texas/24-008749-003/2024(H5N1)	1287	1108
PB2|PP755596.1|A/cattle/Texas/24-008749-003/2024(H5N1)	1288	1108
PB2|PP755596.1|A/cattle/Texas/24-008749-003/2024(H5N1)	1289	1108
PB2|PP755596.1|A/cattle/Texas/24-008749-003/2024(H5N1)	1290	831
PB2|PP755596.1|A/cattle/Texas/24-008749-003/2024(H5N1)	1291	885
PB2|PP755596.1|A/cattle/Texas/24-008749-003/2024(H5N1)	1292	885
PB2|PP755596.1|A/cattle/Texas/24-008749-003/2024(H5N1)	1293	885
PB2|PP755596.1|A/cattle/Texas/24-008749-003/2024(H5N1)	1294	887
PB2|PP755596.1|A/cattle/Texas/24-008749-003/2024(H5N1)	1295	902
PB2|PP755596.1|A/cattle/Texas/24-008749-003/2024(H5N1)	1296	900
PB2|PP755596.1|A/cattle/Texas/24-008749-003/2024(H5N1)	1297	887
PB2|PP755596.1|A/cattle/Texas/24-008749-003/2024(H5N1)	1298	871
PB2|PP755596.1|A/cattle/Texas/24-008749-003/2024(H5N1)	1299	871
PB2|PP755596.1|A/cattle/Texas/24-008749-003/2024(H5N1)	1300	854
PB2|PP755596.1|A/cattle/Texas/24-008749-003/2024(H5N1)	1301	853
PB2|PP755596.1|A/cattle/Texas/24-008749-003/2024(H5N1)	1302	849
PB2|PP755596.1|A/cattle/Texas/24-008749-003/2024(H5N1)	1303	773
PB2|PP755596.1|A/cattle/Texas/24-008749-003/2024(H5N1)	1304	773
PB2|PP755596.1|A/cattle/Texas/24-008749-003/2024(H5N1)	1305	773
PB2|PP755596.1|A/cattle/Texas/24-008749-003/2024(H5N1)	1306	773
PB2|PP755596.1|A/cattle/Texas/24-008749-003/2024(H5N1)	1307	773
PB2|PP755596.1|A/cattle/Texas/24-008749-003/2024(H5N1)	1308	773
PB2|PP755596.1|A/cattle/Texas/24-008749-003/2024(H5N1)	1309	773
PB2|PP755596.1|A/cattle/Texas/24-008749-003/2024(H5N1)	1310	773
PB2|PP755596.1|A/cattle/Texas/24-008749-003/2024(H5N1)	1311	772
PB2|PP755596.1|A/cattle/Texas/24-008749-003/2024(H5N1)	1312	834
PB2|PP755596.1|A/cattle/Texas/24-008749-003/2024(H5N1)	1313	836
PB2|PP755596.1|A/cattle/Texas/24-008749-003/2024(H5N1)	1314	843
PB2|PP755596.1|A/cattle/Texas/24-008749-003/2024(H5N1)	1315	843
PB2|PP755596.1|A/cattle/Texas/24-008749-003/2024(H5N1)	1316	843
PB2|PP755596.1|A/cattle/Texas/24-008749-003/2024(H5N1)	1317	843
PB2|PP755596.1|A/cattle/Texas/24-008749-003/2024(H5N1)	1318	843
PB2|PP755596.1|A/cattle/Texas/24-008749-003/2024(H5N1)	1319	842
PB2|PP755596.1|A/cattle/Texas/24-008749-003/2024(H5N1)	1320	840
PB2|PP755596.1|A/cattle/Texas/24-008749-003/2024(H5N1)	1321	825
PB2|PP755596.1|A/cattle/Texas/24-008749-003/2024(H5N1)	1322	825
PB2|PP755596.1|A/cattle/Texas/24-008749-003/2024(H5N1)	1323	825
PB2|PP755596.1|A/cattle/Texas/24-008749-003/2024(H5N1)	1324	825
PB2|PP755596.1|A/cattle/Texas/24-008749-003/2024(H5N1)	1325	825
PB2|PP755596.1|A/cattle/Texas/24-008749-003/2024(H5N1)	1326	825
PB2|PP755596.1|A/cattle/Texas/24-008749-003/2024(H5N1)	1327	825
PB2|PP755596.1|A/cattle/Texas/24-008749-003/2024(H5N1)	1328	824
PB2|PP755596.1|A/cattle/Texas/24-008749-003/2024(H5N1)	1329	667
PB2|PP755596.1|A/cattle/Texas/24-008749-003/2024(H5N1)	1330	667
PB2|PP755596.1|A/cattle/Texas/24-008749-003/2024(H5N1)	1331	667
PB2|PP755596.1|A/cattle/Texas/24-008749-003/2024(H5N1)	1332	667
PB2|PP755596.1|A/cattle/Texas/24-008749-003/2024(H5N1)	1333	667
PB2|PP755596.1|A/cattle/Texas/24-008749-003/2024(H5N1)	1334	667
PB2|PP755596.1|A/cattle/Texas/24-008749-003/2024(H5N1)	1335	667
PB2|PP755596.1|A/cattle/Texas/24-008749-003/2024(H5N1)	1336	761
PB2|PP755596.1|A/cattle/Texas/24-008749-003/2024(H5N1)	1337	761
PB2|PP755596.1|A/cattle/Texas/24-008749-003/2024(H5N1)	1338	766
PB2|PP755596.1|A/cattle/Texas/24-008749-003/2024(H5N1)	1339	766
PB2|PP755596.1|A/cattle/Texas/24-008749-003/2024(H5N1)	1340	766
PB2|PP755596.1|A/cattle/Texas/24-008749-003/2024(H5N1)	1341	766
PB2|PP755596.1|A/cattle/Texas/24-008749-003/2024(H5N1)	1342	766
PB2|PP755596.1|A/cattle/Texas/24-008749-003/2024(H5N1)	1343	766
PB2|PP755596.1|A/cattle/Texas/24-008749-003/2024(H5N1)	1344	766
PB2|PP755596.1|A/cattle/Texas/24-008749-003/2024(H5N1)	1345	783
PB2|PP755596.1|A/cattle/Texas/24-008749-003/2024(H5N1)	1346	784
PB2|PP755596.1|A/cattle/Texas/24-008749-003/2024(H5N1)	1347	784
PB2|PP755596.1|A/cattle/Texas/24-008749-003/2024(H5N1)	1348	785
PB2|PP755596.1|A/cattle/Texas/24-008749-003/2024(H5N1)	1349	803
PB2|PP755596.1|A/cattle/Texas/24-008749-003/2024(H5N1)	1350	799
PB2|PP755596.1|A/cattle/Texas/24-008749-003/2024(H5N1)	1351	798
PB2|PP755596.1|A/cattle/Texas/24-008749-003/2024(H5N1)	1352	797
PB2|PP755596.1|A/cattle/Texas/24-008749-003/2024(H5N1)	1353	795
PB2|PP755596.1|A/cattle/Texas/24-008749-003/2024(H5N1)	1354	795
PB2|PP755596.1|A/cattle/Texas/24-008749-003/2024(H5N1)	1355	785
PB2|PP755596.1|A/cattle/Texas/24-008749-003/2024(H5N1)	1356	724
PB2|PP755596.1|A/cattle/Texas/24-008749-003/2024(H5N1)	1357	724
PB2|PP755596.1|A/cattle/Texas/24-008749-003/2024(H5N1)	1358	735
PB2|PP755596.1|A/cattle/Texas/24-008749-003/2024(H5N1)	1359	735
PB2|PP755596.1|A/cattle/Texas/24-008749-003/2024(H5N1)	1360	737
PB2|PP755596.1|A/cattle/Texas/24-008749-003/2024(H5N1)	1361	738
PB2|PP755596.1|A/cattle/Texas/24-008749-003/2024(H5N1)	1362	739
PB2|PP755596.1|A/cattle/Texas/24-008749-003/2024(H5N1)	1363	739
PB2|PP755596.1|A/cattle/Texas/24-008749-003/2024(H5N1)	1364	760
PB2|PP755596.1|A/cattle/Texas/24-008749-003/2024(H5N1)	1365	759
PB2|PP755596.1|A/cattle/Texas/24-008749-003/2024(H5N1)	1366	744
PB2|PP755596.1|A/cattle/Texas/24-008749-003/2024(H5N1)	1367	741
PB2|PP755596.1|A/cattle/Texas/24-008749-003/2024(H5N1)	1368	732
PB2|PP755596.1|A/cattle/Texas/24-008749-003/2024(H5N1)	1369	728
PB2|PP755596.1|A/cattle/Texas/24-008749-003/2024(H5N1)	1370	726
PB2|PP755596.1|A/cattle/Texas/24-008749-003/2024(H5N1)	1371	702
PB2|PP755596.1|A/cattle/Texas/24-008749-003/2024(H5N1)	1372	702
PB2|PP755596.1|A/cattle/Texas/24-008749-003/2024(H5N1)	1373	702
PB2|PP755596.1|A/cattle/Texas/24-008749-003/2024(H5N1)	1374	702
PB2|PP755596.1|A/cattle/Texas/24-008749-003/2024(H5N1)	1375	702
PB2|PP755596.1|A/cattle/Texas/24-008749-003/2024(H5N1)	1376	702
PB2|PP755596.1|A/cattle/Texas/24-008749-003/2024(H5N1)	1377	691
PB2|PP755596.1|A/cattle/Texas/24-008749-003/2024(H5N1)	1378	682
PB2|PP755596.1|A/cattle/Texas/24-008749-003/2024(H5N1)	1379	678
PB2|PP755596.1|A/cattle/Texas/24-008749-003/2024(H5N1)	1380	677
PB2|PP755596.1|A/cattle/Texas/24-008749-003/2024(H5N1)	1381	676
PB2|PP755596.1|A/cattle/Texas/24-008749-003/2024(H5N1)	1382	675
PB2|PP755596.1|A/cattle/Texas/24-008749-003/2024(H5N1)	1383	619
PB2|PP755596.1|A/cattle/Texas/24-008749-003/2024(H5N1)	1384	619
PB2|PP755596.1|A/cattle/Texas/24-008749-003/2024(H5N1)	1385	619
PB2|PP755596.1|A/cattle/Texas/24-008749-003/2024(H5N1)	1386	619
PB2|PP755596.1|A/cattle/Texas/24-008749-003/2024(H5N1)	1387	619
PB2|PP755596.1|A/cattle/Texas/24-008749-003/2024(H5N1)	1388	619
PB2|PP755596.1|A/cattle/Texas/24-008749-003/2024(H5N1)	1389	619
PB2|PP755596.1|A/cattle/Texas/24-008749-003/2024(H5N1)	1390	619
PB2|PP755596.1|A/cattle/Texas/24-008749-003/2024(H5N1)	1391	619
PB2|PP755596.1|A/cattle/Texas/24-008749-003/2024(H5N1)	1392	619
PB2|PP755596.1|A/cattle/Texas/24-008749-003/2024(H5N1)	1393	619
PB2|PP755596.1|A/cattle/Texas/24-008749-003/2024(H5N1)	1394	616
PB2|PP755596.1|A/cattle/Texas/24-008749-003/2024(H5N1)	1395	588
PB2|PP755596.1|A/cattle/Texas/24-008749-003/2024(H5N1)	1396	587
PB2|PP755596.1|A/cattle/Texas/24-008749-003/2024(H5N1)	1397	586
PB2|PP755596.1|A/cattle/Texas/24-008749-003/2024(H5N1)	1398	565
PB2|PP755596.1|A/cattle/Texas/24-008749-003/2024(H5N1)	1399	565
PB2|PP755596.1|A/cattle/Texas/24-008749-003/2024(H5N1)	1400	565
PB2|PP755596.1|A/cattle/Texas/24-008749-003/2024(H5N1)	1401	565
PB2|PP755596.1|A/cattle/Texas/24-008749-003/2024(H5N1)	1402	565
PB2|PP755596.1|A/cattle/Texas/24-008749-003/2024(H5N1)	1403	565
PB2|PP755596.1|A/cattle/Texas/24-008749-003/2024(H5N1)	1404	315
PB2|PP755596.1|A/cattle/Texas/24-008749-003/2024(H5N1)	1405	315
PB2|PP755596.1|A/cattle/Texas/24-008749-003/2024(H5N1)	1406	315
PB2|PP755596.1|A/cattle/Texas/24-008749-003/2024(H5N1)	1407	315
PB2|PP755596.1|A/cattle/Texas/24-008749-003/2024(H5N1)	1408	315
PB2|PP755596.1|A/cattle/Texas/24-008749-003/2024(H5N1)	1409	315
PB2|PP755596.1|A/cattle/Texas/24-008749-003/2024(H5N1)	1410	315
PB2|PP755596.1|A/cattle/Texas/24-008749-003/2024(H5N1)	1411	315
PB2|PP755596.1|A/cattle/Texas/24-008749-003/2024(H5N1)	1412	315
PB2|PP755596.1|A/cattle/Texas/24-008749-003/2024(H5N1)	1413	315
PB2|PP755596.1|A/cattle/Texas/24-008749-003/2024(H5N1)	1414	315
PB2|PP755596.1|A/cattle/Texas/24-008749-003/2024(H5N1)	1415	315
PB2|PP755596.1|A/cattle/Texas/24-008749-003/2024(H5N1)	1416	315
PB2|PP755596.1|A/cattle/Texas/24-008749-003/2024(H5N1)	1417	315
PB2|PP755596.1|A/cattle/Texas/24-008749-003/2024(H5N1)	1418	315
PB2|PP755596.1|A/cattle/Texas/24-008749-003/2024(H5N1)	1419	315
PB2|PP755596.1|A/cattle/Texas/24-008749-003/2024(H5N1)	1420	315
PB2|PP755596.1|A/cattle/Texas/24-008749-003/2024(H5N1)	1421	315
PB2|PP755596.1|A/cattle/Texas/24-008749-003/2024(H5N1)	1422	315
PB2|PP755596.1|A/cattle/Texas/24-008749-003/2024(H5N1)	1423	315
PB2|PP755596.1|A/cattle/Texas/24-008749-003/2024(H5N1)	1424	315
PB2|PP755596.1|A/cattle/Texas/24-008749-003/2024(H5N1)	1425	2
PB2|PP755596.1|A/cattle/Texas/24-008749-003/2024(H5N1)	1426	2
PB2|PP755596.1|A/cattle/Texas/24-008749-003/2024(H5N1)	1427	2
PB2|PP755596.1|A/cattle/Texas/24-008749-003/2024(H5N1)	1428	2
PB2|PP755596.1|A/cattle/Texas/24-008749-003/2024(H5N1)	1429	2
PB2|PP755596.1|A/cattle/Texas/24-008749-003/2024(H5N1)	1430	2
PB2|PP755596.1|A/cattle/Texas/24-008749-003/2024(H5N1)	1431	2
PB2|PP755596.1|A/cattle/Texas/24-008749-003/2024(H5N1)	1432	2
PB2|PP755596.1|A/cattle/Texas/24-008749-003/2024(H5N1)	1433	2
PB2|PP755596.1|A/cattle/Texas/24-008749-003/2024(H5N1)	1434	2
PB2|PP755596.1|A/cattle/Texas/24-008749-003/2024(H5N1)	1435	2
PB2|PP755596.1|A/cattle/Texas/24-008749-003/2024(H5N1)	1436	2
PB2|PP755596.1|A/cattle/Texas/24-008749-003/2024(H5N1)	1437	2
PB2|PP755596.1|A/cattle/Texas/24-008749-003/2024(H5N1)	1438	2
PB2|PP755596.1|A/cattle/Texas/24-008749-003/2024(H5N1)	1439	2
PB2|PP755596.1|A/cattle/Texas/24-008749-003/2024(H5N1)	1440	2
PB2|PP755596.1|A/cattle/Texas/24-008749-003/2024(H5N1)	1441	2
PB2|PP755596.1|A/cattle/Texas/24-008749-003/2024(H5N1)	1442	2
PB2|PP755596.1|A/cattle/Texas/24-008749-003/2024(H5N1)	1443	2
PB2|PP755596.1|A/cattle/Texas/24-008749-003/2024(H5N1)	1444	2
PB2|PP755596.1|A/cattle/Texas/24-008749-003/2024(H5N1)	1445	2
PB2|PP755596.1|A/cattle/Texas/24-008749-003/2024(H5N1)	1446	2
PB2|PP755596.1|A/cattle/Texas/24-008749-003/2024(H5N1)	1447	2
PB2|PP755596.1|A/cattle/Texas/24-008749-003/2024(H5N1)	1448	2
PB2|PP755596.1|A/cattle/Texas/24-008749-003/2024(H5N1)	1449	2
PB2|PP755596.1|A/cattle/Texas/24-008749-003/2024(H5N1)	1450	2
PB2|PP755596.1|A/cattle/Texas/24-008749-003/2024(H5N1)	1451	2
PB2|PP755596.1|A/cattle/Texas/24-008749-003/2024(H5N1)	1452	2
PB2|PP755596.1|A/cattle/Texas/24-008749-003/2024(H5N1)	1453	2
PB2|PP755596.1|A/cattle/Texas/24-008749-003/2024(H5N1)	1454	2
PB2|PP755596.1|A/cattle/Texas/24-008749-003/2024(H5N1)	1455	2
PB2|PP755596.1|A/cattle/Texas/24-008749-003/2024(H5N1)	1456	2
PB2|PP755596.1|A/cattle/Texas/24-008749-003/2024(H5N1)	1457	2
PB2|PP755596.1|A/cattle/Texas/24-008749-003/2024(H5N1)	1458	2
PB2|PP755596.1|A/cattle/Texas/24-008749-003/2024(H5N1)	1459	2
PB2|PP755596.1|A/cattle/Texas/24-008749-003/2024(H5N1)	1460	2
PB2|PP755596.1|A/cattle/Texas/24-008749-003/2024(H5N1)	1461	2
PB2|PP755596.1|A/cattle/Texas/24-008749-003/2024(H5N1)	1462	2
PB2|PP755596.1|A/cattle/Texas/24-008749-003/2024(H5N1)	1463	2
PB2|PP755596.1|A/cattle/Texas/24-008749-003/2024(H5N1)	1464	2
PB2|PP755596.1|A/cattle/Texas/24-008749-003/2024(H5N1)	1465	2
PB2|PP755596.1|A/cattle/Texas/24-008749-003/2024(H5N1)	1466	2
PB2|PP755596.1|A/cattle/Texas/24-008749-003/2024(H5N1)	1467	2
PB2|PP755596.1|A/cattle/Texas/24-008749-003/2024(H5N1)	1468	2
PB2|PP755596.1|A/cattle/Texas/24-008749-003/2024(H5N1)	1469	2
PB2|PP755596.1|A/cattle/Texas/24-008749-003/2024(H5N1)	1470	0
PB2|PP755596.1|A/cattle/Texas/24-008749-003/2024(H5N1)	1471	0
PB2|PP755596.1|A/cattle/Texas/24-008749-003/2024(H5N1)	1472	0
PB2|PP755596.1|A/cattle/Texas/24-008749-003/2024(H5N1)	1473	0
PB2|PP755596.1|A/cattle/Texas/24-008749-003/2024(H5N1)	1474	0
PB2|PP755596.1|A/cattle/Texas/24-008749-003/2024(H5N1)	1475	0
PB2|PP755596.1|A/cattle/Texas/24-008749-003/2024(H5N1)	1476	0
PB2|PP755596.1|A/cattle/Texas/24-008749-003/2024(H5N1)	1477	0
PB2|PP755596.1|A/cattle/Texas/24-008749-003/2024(H5N1)	1478	0
PB2|PP755596.1|A/cattle/Texas/24-008749-003/2024(H5N1)	1479	0
PB2|PP755596.1|A/cattle/Texas/24-008749-003/2024(H5N1)	1480	0
PB2|PP755596.1|A/cattle/Texas/24-008749-003/2024(H5N1)	1481	0
PB2|PP755596.1|A/cattle/Texas/24-008749-003/2024(H5N1)	1482	0
PB2|PP755596.1|A/cattle/Texas/24-008749-003/2024(H5N1)	1483	0
PB2|PP755596.1|A/cattle/Texas/24-008749-003/2024(H5N1)	1484	0
PB2|PP755596.1|A/cattle/Texas/24-008749-003/2024(H5N1)	1485	0
PB2|PP755596.1|A/cattle/Texas/24-008749-003/2024(H5N1)	1486	0
PB2|PP755596.1|A/cattle/Texas/24-008749-003/2024(H5N1)	1487	0
PB2|PP755596.1|A/cattle/Texas/24-008749-003/2024(H5N1)	1488	0
PB2|PP755596.1|A/cattle/Texas/24-008749-003/2024(H5N1)	1489	0
PB2|PP755596.1|A/cattle/Texas/24-008749-003/2024(H5N1)	1490	0
PB2|PP755596.1|A/cattle/Texas/24-008749-003/2024(H5N1)	1491	0
PB2|PP755596.1|A/cattle/Texas/24-008749-003/2024(H5N1)	1492	0
PB2|PP755596.1|A/cattle/Texas/24-008749-003/2024(H5N1)	1493	0
PB2|PP755596.1|A/cattle/Texas/24-008749-003/2024(H5N1)	1494	0
PB2|PP755596.1|A/cattle/Texas/24-008749-003/2024(H5N1)	1495	0
PB2|PP755596.1|A/cattle/Texas/24-008749-003/2024(H5N1)	1496	0
PB2|PP755596.1|A/cattle/Texas/24-008749-003/2024(H5N1)	1497	0
PB2|PP755596.1|A/cattle/Texas/24-008749-003/2024(H5N1)	1498	0
PB2|PP755596.1|A/cattle/Texas/24-008749-003/2024(H5N1)	1499	0
PB2|PP755596.1|A/cattle/Texas/24-008749-003/2024(H5N1)	1500	0
PB2|PP755596.1|A/cattle/Texas/24-008749-003/2024(H5N1)	1501	0
PB2|PP755596.1|A/cattle/Texas/24-008749-003/2024(H5N1)	1502	0
PB2|PP755596.1|A/cattle/Texas/24-008749-003/2024(H5N1)	1503	0
PB2|PP755596.1|A/cattle/Texas/24-008749-003/2024(H5N1)	1504	0
PB2|PP755596.1|A/cattle/Texas/24-008749-003/2024(H5N1)	1505	0
PB2|PP755596.1|A/cattle/Texas/24-008749-003/2024(H5N1)	1506	0
PB2|PP755596.1|A/cattle/Texas/24-008749-003/2024(H5N1)	1507	0
PB2|PP755596.1|A/cattle/Texas/24-008749-003/2024(H5N1)	1508	0
PB2|PP755596.1|A/cattle/Texas/24-008749-003/2024(H5N1)	1509	0
PB2|PP755596.1|A/cattle/Texas/24-008749-003/2024(H5N1)	1510	0
PB2|PP755596.1|A/cattle/Texas/24-008749-003/2024(H5N1)	1511	0
PB2|PP755596.1|A/cattle/Texas/24-008749-003/2024(H5N1)	1512	0
PB2|PP755596.1|A/cattle/Texas/24-008749-003/2024(H5N1)	1513	0
PB2|PP755596.1|A/cattle/Texas/24-008749-003/2024(H5N1)	1514	0
PB2|PP755596.1|A/cattle/Texas/24-008749-003/2024(H5N1)	1515	0
PB2|PP755596.1|A/cattle/Texas/24-008749-003/2024(H5N1)	1516	0
PB2|PP755596.1|A/cattle/Texas/24-008749-003/2024(H5N1)	1517	0
PB2|PP755596.1|A/cattle/Texas/24-008749-003/2024(H5N1)	1518	0
PB2|PP755596.1|A/cattle/Texas/24-008749-003/2024(H5N1)	1519	0
PB2|PP755596.1|A/cattle/Texas/24-008749-003/2024(H5N1)	1520	0
PB2|PP755596.1|A/cattle/Texas/24-008749-003/2024(H5N1)	1521	0
PB2|PP755596.1|A/cattle/Texas/24-008749-003/2024(H5N1)	1522	0
PB2|PP755596.1|A/cattle/Texas/24-008749-003/2024(H5N1)	1523	0
PB2|PP755596.1|A/cattle/Texas/24-008749-003/2024(H5N1)	1524	0
PB2|PP755596.1|A/cattle/Texas/24-008749-003/2024(H5N1)	1525	0
PB2|PP755596.1|A/cattle/Texas/24-008749-003/2024(H5N1)	1526	0
PB2|PP755596.1|A/cattle/Texas/24-008749-003/2024(H5N1)	1527	0
PB2|PP755596.1|A/cattle/Texas/24-008749-003/2024(H5N1)	1528	0
PB2|PP755596.1|A/cattle/Texas/24-008749-003/2024(H5N1)	1529	0
PB2|PP755596.1|A/cattle/Texas/24-008749-003/2024(H5N1)	1530	0
PB2|PP755596.1|A/cattle/Texas/24-008749-003/2024(H5N1)	1531	0
PB2|PP755596.1|A/cattle/Texas/24-008749-003/2024(H5N1)	1532	0
PB2|PP755596.1|A/cattle/Texas/24-008749-003/2024(H5N1)	1533	0
PB2|PP755596.1|A/cattle/Texas/24-008749-003/2024(H5N1)	1534	0
PB2|PP755596.1|A/cattle/Texas/24-008749-003/2024(H5N1)	1535	0
PB2|PP755596.1|A/cattle/Texas/24-008749-003/2024(H5N1)	1536	0
PB2|PP755596.1|A/cattle/Texas/24-008749-003/2024(H5N1)	1537	0
PB2|PP755596.1|A/cattle/Texas/24-008749-003/2024(H5N1)	1538	0
PB2|PP755596.1|A/cattle/Texas/24-008749-003/2024(H5N1)	1539	0
PB2|PP755596.1|A/cattle/Texas/24-008749-003/2024(H5N1)	1540	0
PB2|PP755596.1|A/cattle/Texas/24-008749-003/2024(H5N1)	1541	0
PB2|PP755596.1|A/cattle/Texas/24-008749-003/2024(H5N1)	1542	0
PB2|PP755596.1|A/cattle/Texas/24-008749-003/2024(H5N1)	1543	0
PB2|PP755596.1|A/cattle/Texas/24-008749-003/2024(H5N1)	1544	0
PB2|PP755596.1|A/cattle/Texas/24-008749-003/2024(H5N1)	1545	0
PB2|PP755596.1|A/cattle/Texas/24-008749-003/2024(H5N1)	1546	0
PB2|PP755596.1|A/cattle/Texas/24-008749-003/2024(H5N1)	1547	0
PB2|PP755596.1|A/cattle/Texas/24-008749-003/2024(H5N1)	1548	0
PB2|PP755596.1|A/cattle/Texas/24-008749-003/2024(H5N1)	1549	0
PB2|PP755596.1|A/cattle/Texas/24-008749-003/2024(H5N1)	1550	0
PB2|PP755596.1|A/cattle/Texas/24-008749-003/2024(H5N1)	1551	0
PB2|PP755596.1|A/cattle/Texas/24-008749-003/2024(H5N1)	1552	0
PB2|PP755596.1|A/cattle/Texas/24-008749-003/2024(H5N1)	1553	0
PB2|PP755596.1|A/cattle/Texas/24-008749-003/2024(H5N1)	1554	0
PB2|PP755596.1|A/cattle/Texas/24-008749-003/2024(H5N1)	1555	0
PB2|PP755596.1|A/cattle/Texas/24-008749-003/2024(H5N1)	1556	0
PB2|PP755596.1|A/cattle/Texas/24-008749-003/2024(H5N1)	1557	0
PB2|PP755596.1|A/cattle/Texas/24-008749-003/2024(H5N1)	1558	0
PB2|PP755596.1|A/cattle/Texas/24-008749-003/2024(H5N1)	1559	0
PB2|PP755596.1|A/cattle/Texas/24-008749-003/2024(H5N1)	1560	0
PB2|PP755596.1|A/cattle/Texas/24-008749-003/2024(H5N1)	1561	0
PB2|PP755596.1|A/cattle/Texas/24-008749-003/2024(H5N1)	1562	0
PB2|PP755596.1|A/cattle/Texas/24-008749-003/2024(H5N1)	1563	0
PB2|PP755596.1|A/cattle/Texas/24-008749-003/2024(H5N1)	1564	0
PB2|PP755596.1|A/cattle/Texas/24-008749-003/2024(H5N1)	1565	0
PB2|PP755596.1|A/cattle/Texas/24-008749-003/2024(H5N1)	1566	0
PB2|PP755596.1|A/cattle/Texas/24-008749-003/2024(H5N1)	1567	0
PB2|PP755596.1|A/cattle/Texas/24-008749-003/2024(H5N1)	1568	0
PB2|PP755596.1|A/cattle/Texas/24-008749-003/2024(H5N1)	1569	0
PB2|PP755596.1|A/cattle/Texas/24-008749-003/2024(H5N1)	1570	0
PB2|PP755596.1|A/cattle/Texas/24-008749-003/2024(H5N1)	1571	0
PB2|PP755596.1|A/cattle/Texas/24-008749-003/2024(H5N1)	1572	0
PB2|PP755596.1|A/cattle/Texas/24-008749-003/2024(H5N1)	1573	0
PB2|PP755596.1|A/cattle/Texas/24-008749-003/2024(H5N1)	1574	0
PB2|PP755596.1|A/cattle/Texas/24-008749-003/2024(H5N1)	1575	0
PB2|PP755596.1|A/cattle/Texas/24-008749-003/2024(H5N1)	1576	0
PB2|PP755596.1|A/cattle/Texas/24-008749-003/2024(H5N1)	1577	0
PB2|PP755596.1|A/cattle/Texas/24-008749-003/2024(H5N1)	1578	0
PB2|PP755596.1|A/cattle/Texas/24-008749-003/2024(H5N1)	1579	0
PB2|PP755596.1|A/cattle/Texas/24-008749-003/2024(H5N1)	1580	0
PB2|PP755596.1|A/cattle/Texas/24-008749-003/2024(H5N1)	1581	0
PB2|PP755596.1|A/cattle/Texas/24-008749-003/2024(H5N1)	1582	0
PB2|PP755596.1|A/cattle/Texas/24-008749-003/2024(H5N1)	1583	0
PB2|PP755596.1|A/cattle/Texas/24-008749-003/2024(H5N1)	1584	0
PB2|PP755596.1|A/cattle/Texas/24-008749-003/2024(H5N1)	1585	0
PB2|PP755596.1|A/cattle/Texas/24-008749-003/2024(H5N1)	1586	0
PB2|PP755596.1|A/cattle/Texas/24-008749-003/2024(H5N1)	1587	0
PB2|PP755596.1|A/cattle/Texas/24-008749-003/2024(H5N1)	1588	0
PB2|PP755596.1|A/cattle/Texas/24-008749-003/2024(H5N1)	1589	0
PB2|PP755596.1|A/cattle/Texas/24-008749-003/2024(H5N1)	1590	0
PB2|PP755596.1|A/cattle/Texas/24-008749-003/2024(H5N1)	1591	0
PB2|PP755596.1|A/cattle/Texas/24-008749-003/2024(H5N1)	1592	0
PB2|PP755596.1|A/cattle/Texas/24-008749-003/2024(H5N1)	1593	0
PB2|PP755596.1|A/cattle/Texas/24-008749-003/2024(H5N1)	1594	0
PB2|PP755596.1|A/cattle/Texas/24-008749-003/2024(H5N1)	1595	0
PB2|PP755596.1|A/cattle/Texas/24-008749-003/2024(H5N1)	1596	0
PB2|PP755596.1|A/cattle/Texas/24-008749-003/2024(H5N1)	1597	0
PB2|PP755596.1|A/cattle/Texas/24-008749-003/2024(H5N1)	1598	0
PB2|PP755596.1|A/cattle/Texas/24-008749-003/2024(H5N1)	1599	0
PB2|PP755596.1|A/cattle/Texas/24-008749-003/2024(H5N1)	1600	0
PB2|PP755596.1|A/cattle/Texas/24-008749-003/2024(H5N1)	1601	0
PB2|PP755596.1|A/cattle/Texas/24-008749-003/2024(H5N1)	1602	0
PB2|PP755596.1|A/cattle/Texas/24-008749-003/2024(H5N1)	1603	0
PB2|PP755596.1|A/cattle/Texas/24-008749-003/2024(H5N1)	1604	0
PB2|PP755596.1|A/cattle/Texas/24-008749-003/2024(H5N1)	1605	0
PB2|PP755596.1|A/cattle/Texas/24-008749-003/2024(H5N1)	1606	0
PB2|PP755596.1|A/cattle/Texas/24-008749-003/2024(H5N1)	1607	0
PB2|PP755596.1|A/cattle/Texas/24-008749-003/2024(H5N1)	1608	0
PB2|PP755596.1|A/cattle/Texas/24-008749-003/2024(H5N1)	1609	0
PB2|PP755596.1|A/cattle/Texas/24-008749-003/2024(H5N1)	1610	0
PB2|PP755596.1|A/cattle/Texas/24-008749-003/2024(H5N1)	1611	0
PB2|PP755596.1|A/cattle/Texas/24-008749-003/2024(H5N1)	1612	0
PB2|PP755596.1|A/cattle/Texas/24-008749-003/2024(H5N1)	1613	0
PB2|PP755596.1|A/cattle/Texas/24-008749-003/2024(H5N1)	1614	0
PB2|PP755596.1|A/cattle/Texas/24-008749-003/2024(H5N1)	1615	0
PB2|PP755596.1|A/cattle/Texas/24-008749-003/2024(H5N1)	1616	0
PB2|PP755596.1|A/cattle/Texas/24-008749-003/2024(H5N1)	1617	0
PB2|PP755596.1|A/cattle/Texas/24-008749-003/2024(H5N1)	1618	0
PB2|PP755596.1|A/cattle/Texas/24-008749-003/2024(H5N1)	1619	0
PB2|PP755596.1|A/cattle/Texas/24-008749-003/2024(H5N1)	1620	0
PB2|PP755596.1|A/cattle/Texas/24-008749-003/2024(H5N1)	1621	0
PB2|PP755596.1|A/cattle/Texas/24-008749-003/2024(H5N1)	1622	0
PB2|PP755596.1|A/cattle/Texas/24-008749-003/2024(H5N1)	1623	0
PB2|PP755596.1|A/cattle/Texas/24-008749-003/2024(H5N1)	1624	0
PB2|PP755596.1|A/cattle/Texas/24-008749-003/2024(H5N1)	1625	0
PB2|PP755596.1|A/cattle/Texas/24-008749-003/2024(H5N1)	1626	0
PB2|PP755596.1|A/cattle/Texas/24-008749-003/2024(H5N1)	1627	0
PB2|PP755596.1|A/cattle/Texas/24-008749-003/2024(H5N1)	1628	0
PB2|PP755596.1|A/cattle/Texas/24-008749-003/2024(H5N1)	1629	0
PB2|PP755596.1|A/cattle/Texas/24-008749-003/2024(H5N1)	1630	0
PB2|PP755596.1|A/cattle/Texas/24-008749-003/2024(H5N1)	1631	0
PB2|PP755596.1|A/cattle/Texas/24-008749-003/2024(H5N1)	1632	0
PB2|PP755596.1|A/cattle/Texas/24-008749-003/2024(H5N1)	1633	0
PB2|PP755596.1|A/cattle/Texas/24-008749-003/2024(H5N1)	1634	0
PB2|PP755596.1|A/cattle/Texas/24-008749-003/2024(H5N1)	1635	0
PB2|PP755596.1|A/cattle/Texas/24-008749-003/2024(H5N1)	1636	0
PB2|PP755596.1|A/cattle/Texas/24-008749-003/2024(H5N1)	1637	0
PB2|PP755596.1|A/cattle/Texas/24-008749-003/2024(H5N1)	1638	0
PB2|PP755596.1|A/cattle/Texas/24-008749-003/2024(H5N1)	1639	0
PB2|PP755596.1|A/cattle/Texas/24-008749-003/2024(H5N1)	1640	0
PB2|PP755596.1|A/cattle/Texas/24-008749-003/2024(H5N1)	1641	0
PB2|PP755596.1|A/cattle/Texas/24-008749-003/2024(H5N1)	1642	0
PB2|PP755596.1|A/cattle/Texas/24-008749-003/2024(H5N1)	1643	0
PB2|PP755596.1|A/cattle/Texas/24-008749-003/2024(H5N1)	1644	0
PB2|PP755596.1|A/cattle/Texas/24-008749-003/2024(H5N1)	1645	0
PB2|PP755596.1|A/cattle/Texas/24-008749-003/2024(H5N1)	1646	0
PB2|PP755596.1|A/cattle/Texas/24-008749-003/2024(H5N1)	1647	0
PB2|PP755596.1|A/cattle/Texas/24-008749-003/2024(H5N1)	1648	10
PB2|PP755596.1|A/cattle/Texas/24-008749-003/2024(H5N1)	1649	10
PB2|PP755596.1|A/cattle/Texas/24-008749-003/2024(H5N1)	1650	10
PB2|PP755596.1|A/cattle/Texas/24-008749-003/2024(H5N1)	1651	10
PB2|PP755596.1|A/cattle/Texas/24-008749-003/2024(H5N1)	1652	10
PB2|PP755596.1|A/cattle/Texas/24-008749-003/2024(H5N1)	1653	10
PB2|PP755596.1|A/cattle/Texas/24-008749-003/2024(H5N1)	1654	10
PB2|PP755596.1|A/cattle/Texas/24-008749-003/2024(H5N1)	1655	10
PB2|PP755596.1|A/cattle/Texas/24-008749-003/2024(H5N1)	1656	10
PB2|PP755596.1|A/cattle/Texas/24-008749-003/2024(H5N1)	1657	10
PB2|PP755596.1|A/cattle/Texas/24-008749-003/2024(H5N1)	1658	10
PB2|PP755596.1|A/cattle/Texas/24-008749-003/2024(H5N1)	1659	10
PB2|PP755596.1|A/cattle/Texas/24-008749-003/2024(H5N1)	1660	10
PB2|PP755596.1|A/cattle/Texas/24-008749-003/2024(H5N1)	1661	10
PB2|PP755596.1|A/cattle/Texas/24-008749-003/2024(H5N1)	1662	10
PB2|PP755596.1|A/cattle/Texas/24-008749-003/2024(H5N1)	1663	10
PB2|PP755596.1|A/cattle/Texas/24-008749-003/2024(H5N1)	1664	10
PB2|PP755596.1|A/cattle/Texas/24-008749-003/2024(H5N1)	1665	10
PB2|PP755596.1|A/cattle/Texas/24-008749-003/2024(H5N1)	1666	10
PB2|PP755596.1|A/cattle/Texas/24-008749-003/2024(H5N1)	1667	10
PB2|PP755596.1|A/cattle/Texas/24-008749-003/2024(H5N1)	1668	10
PB2|PP755596.1|A/cattle/Texas/24-008749-003/2024(H5N1)	1669	10
PB2|PP755596.1|A/cattle/Texas/24-008749-003/2024(H5N1)	1670	10
PB2|PP755596.1|A/cattle/Texas/24-008749-003/2024(H5N1)	1671	10
PB2|PP755596.1|A/cattle/Texas/24-008749-003/2024(H5N1)	1672	10
PB2|PP755596.1|A/cattle/Texas/24-008749-003/2024(H5N1)	1673	10
PB2|PP755596.1|A/cattle/Texas/24-008749-003/2024(H5N1)	1674	10
PB2|PP755596.1|A/cattle/Texas/24-008749-003/2024(H5N1)	1675	10
PB2|PP755596.1|A/cattle/Texas/24-008749-003/2024(H5N1)	1676	10
PB2|PP755596.1|A/cattle/Texas/24-008749-003/2024(H5N1)	1677	10
PB2|PP755596.1|A/cattle/Texas/24-008749-003/2024(H5N1)	1678	10
PB2|PP755596.1|A/cattle/Texas/24-008749-003/2024(H5N1)	1679	10
PB2|PP755596.1|A/cattle/Texas/24-008749-003/2024(H5N1)	1680	10
PB2|PP755596.1|A/cattle/Texas/24-008749-003/2024(H5N1)	1681	10
PB2|PP755596.1|A/cattle/Texas/24-008749-003/2024(H5N1)	1682	10
PB2|PP755596.1|A/cattle/Texas/24-008749-003/2024(H5N1)	1683	10
PB2|PP755596.1|A/cattle/Texas/24-008749-003/2024(H5N1)	1684	10
PB2|PP755596.1|A/cattle/Texas/24-008749-003/2024(H5N1)	1685	10
PB2|PP755596.1|A/cattle/Texas/24-008749-003/2024(H5N1)	1686	10
PB2|PP755596.1|A/cattle/Texas/24-008749-003/2024(H5N1)	1687	10
PB2|PP755596.1|A/cattle/Texas/24-008749-003/2024(H5N1)	1688	10
PB2|PP755596.1|A/cattle/Texas/24-008749-003/2024(H5N1)	1689	10
PB2|PP755596.1|A/cattle/Texas/24-008749-003/2024(H5N1)	1690	10
PB2|PP755596.1|A/cattle/Texas/24-008749-003/2024(H5N1)	1691	10
PB2|PP755596.1|A/cattle/Texas/24-008749-003/2024(H5N1)	1692	10
PB2|PP755596.1|A/cattle/Texas/24-008749-003/2024(H5N1)	1693	10
PB2|PP755596.1|A/cattle/Texas/24-008749-003/2024(H5N1)	1694	10
PB2|PP755596.1|A/cattle/Texas/24-008749-003/2024(H5N1)	1695	10
PB2|PP755596.1|A/cattle/Texas/24-008749-003/2024(H5N1)	1696	10
PB2|PP755596.1|A/cattle/Texas/24-008749-003/2024(H5N1)	1697	10
PB2|PP755596.1|A/cattle/Texas/24-008749-003/2024(H5N1)	1698	10
PB2|PP755596.1|A/cattle/Texas/24-008749-003/2024(H5N1)	1699	10
PB2|PP755596.1|A/cattle/Texas/24-008749-003/2024(H5N1)	1700	10
PB2|PP755596.1|A/cattle/Texas/24-008749-003/2024(H5N1)	1701	10
PB2|PP755596.1|A/cattle/Texas/24-008749-003/2024(H5N1)	1702	10
PB2|PP755596.1|A/cattle/Texas/24-008749-003/2024(H5N1)	1703	10
PB2|PP755596.1|A/cattle/Texas/24-008749-003/2024(H5N1)	1704	10
PB2|PP755596.1|A/cattle/Texas/24-008749-003/2024(H5N1)	1705	10
PB2|PP755596.1|A/cattle/Texas/24-008749-003/2024(H5N1)	1706	10
PB2|PP755596.1|A/cattle/Texas/24-008749-003/2024(H5N1)	1707	10
PB2|PP755596.1|A/cattle/Texas/24-008749-003/2024(H5N1)	1708	10
PB2|PP755596.1|A/cattle/Texas/24-008749-003/2024(H5N1)	1709	10
PB2|PP755596.1|A/cattle/Texas/24-008749-003/2024(H5N1)	1710	10
PB2|PP755596.1|A/cattle/Texas/24-008749-003/2024(H5N1)	1711	10
PB2|PP755596.1|A/cattle/Texas/24-008749-003/2024(H5N1)	1712	10
PB2|PP755596.1|A/cattle/Texas/24-008749-003/2024(H5N1)	1713	10
PB2|PP755596.1|A/cattle/Texas/24-008749-003/2024(H5N1)	1714	10
PB2|PP755596.1|A/cattle/Texas/24-008749-003/2024(H5N1)	1715	10
PB2|PP755596.1|A/cattle/Texas/24-008749-003/2024(H5N1)	1716	10
PB2|PP755596.1|A/cattle/Texas/24-008749-003/2024(H5N1)	1717	10
PB2|PP755596.1|A/cattle/Texas/24-008749-003/2024(H5N1)	1718	10
PB2|PP755596.1|A/cattle/Texas/24-008749-003/2024(H5N1)	1719	10
PB2|PP755596.1|A/cattle/Texas/24-008749-003/2024(H5N1)	1720	48
PB2|PP755596.1|A/cattle/Texas/24-008749-003/2024(H5N1)	1721	48
PB2|PP755596.1|A/cattle/Texas/24-008749-003/2024(H5N1)	1722	50
PB2|PP755596.1|A/cattle/Texas/24-008749-003/2024(H5N1)	1723	50
PB2|PP755596.1|A/cattle/Texas/24-008749-003/2024(H5N1)	1724	50
PB2|PP755596.1|A/cattle/Texas/24-008749-003/2024(H5N1)	1725	50
PB2|PP755596.1|A/cattle/Texas/24-008749-003/2024(H5N1)	1726	50
PB2|PP755596.1|A/cattle/Texas/24-008749-003/2024(H5N1)	1727	50
PB2|PP755596.1|A/cattle/Texas/24-008749-003/2024(H5N1)	1728	50
PB2|PP755596.1|A/cattle/Texas/24-008749-003/2024(H5N1)	1729	50
PB2|PP755596.1|A/cattle/Texas/24-008749-003/2024(H5N1)	1730	50
PB2|PP755596.1|A/cattle/Texas/24-008749-003/2024(H5N1)	1731	50
PB2|PP755596.1|A/cattle/Texas/24-008749-003/2024(H5N1)	1732	50
PB2|PP755596.1|A/cattle/Texas/24-008749-003/2024(H5N1)	1733	50
PB2|PP755596.1|A/cattle/Texas/24-008749-003/2024(H5N1)	1734	50
PB2|PP755596.1|A/cattle/Texas/24-008749-003/2024(H5N1)	1735	50
PB2|PP755596.1|A/cattle/Texas/24-008749-003/2024(H5N1)	1736	50
PB2|PP755596.1|A/cattle/Texas/24-008749-003/2024(H5N1)	1737	50
PB2|PP755596.1|A/cattle/Texas/24-008749-003/2024(H5N1)	1738	50
PB2|PP755596.1|A/cattle/Texas/24-008749-003/2024(H5N1)	1739	50
PB2|PP755596.1|A/cattle/Texas/24-008749-003/2024(H5N1)	1740	50
PB2|PP755596.1|A/cattle/Texas/24-008749-003/2024(H5N1)	1741	50
PB2|PP755596.1|A/cattle/Texas/24-008749-003/2024(H5N1)	1742	50
PB2|PP755596.1|A/cattle/Texas/24-008749-003/2024(H5N1)	1743	50
PB2|PP755596.1|A/cattle/Texas/24-008749-003/2024(H5N1)	1744	50
PB2|PP755596.1|A/cattle/Texas/24-008749-003/2024(H5N1)	1745	50
PB2|PP755596.1|A/cattle/Texas/24-008749-003/2024(H5N1)	1746	50
PB2|PP755596.1|A/cattle/Texas/24-008749-003/2024(H5N1)	1747	50
PB2|PP755596.1|A/cattle/Texas/24-008749-003/2024(H5N1)	1748	50
PB2|PP755596.1|A/cattle/Texas/24-008749-003/2024(H5N1)	1749	50
PB2|PP755596.1|A/cattle/Texas/24-008749-003/2024(H5N1)	1750	50
PB2|PP755596.1|A/cattle/Texas/24-008749-003/2024(H5N1)	1751	50
PB2|PP755596.1|A/cattle/Texas/24-008749-003/2024(H5N1)	1752	50
PB2|PP755596.1|A/cattle/Texas/24-008749-003/2024(H5N1)	1753	79
PB2|PP755596.1|A/cattle/Texas/24-008749-003/2024(H5N1)	1754	79
PB2|PP755596.1|A/cattle/Texas/24-008749-003/2024(H5N1)	1755	79
PB2|PP755596.1|A/cattle/Texas/24-008749-003/2024(H5N1)	1756	81
PB2|PP755596.1|A/cattle/Texas/24-008749-003/2024(H5N1)	1757	81
PB2|PP755596.1|A/cattle/Texas/24-008749-003/2024(H5N1)	1758	81
PB2|PP755596.1|A/cattle/Texas/24-008749-003/2024(H5N1)	1759	81
PB2|PP755596.1|A/cattle/Texas/24-008749-003/2024(H5N1)	1760	81
PB2|PP755596.1|A/cattle/Texas/24-008749-003/2024(H5N1)	1761	81
PB2|PP755596.1|A/cattle/Texas/24-008749-003/2024(H5N1)	1762	81
PB2|PP755596.1|A/cattle/Texas/24-008749-003/2024(H5N1)	1763	81
PB2|PP755596.1|A/cattle/Texas/24-008749-003/2024(H5N1)	1764	81
PB2|PP755596.1|A/cattle/Texas/24-008749-003/2024(H5N1)	1765	81
PB2|PP755596.1|A/cattle/Texas/24-008749-003/2024(H5N1)	1766	81
PB2|PP755596.1|A/cattle/Texas/24-008749-003/2024(H5N1)	1767	71
PB2|PP755596.1|A/cattle/Texas/24-008749-003/2024(H5N1)	1768	72
PB2|PP755596.1|A/cattle/Texas/24-008749-003/2024(H5N1)	1769	72
PB2|PP755596.1|A/cattle/Texas/24-008749-003/2024(H5N1)	1770	72
PB2|PP755596.1|A/cattle/Texas/24-008749-003/2024(H5N1)	1771	72
PB2|PP755596.1|A/cattle/Texas/24-008749-003/2024(H5N1)	1772	72
PB2|PP755596.1|A/cattle/Texas/24-008749-003/2024(H5N1)	1773	72
PB2|PP755596.1|A/cattle/Texas/24-008749-003/2024(H5N1)	1774	72
PB2|PP755596.1|A/cattle/Texas/24-008749-003/2024(H5N1)	1775	72
PB2|PP755596.1|A/cattle/Texas/24-008749-003/2024(H5N1)	1776	72
PB2|PP755596.1|A/cattle/Texas/24-008749-003/2024(H5N1)	1777	72
PB2|PP755596.1|A/cattle/Texas/24-008749-003/2024(H5N1)	1778	72
PB2|PP755596.1|A/cattle/Texas/24-008749-003/2024(H5N1)	1779	72
PB2|PP755596.1|A/cattle/Texas/24-008749-003/2024(H5N1)	1780	72
PB2|PP755596.1|A/cattle/Texas/24-008749-003/2024(H5N1)	1781	72
PB2|PP755596.1|A/cattle/Texas/24-008749-003/2024(H5N1)	1782	72
PB2|PP755596.1|A/cattle/Texas/24-008749-003/2024(H5N1)	1783	72
PB2|PP755596.1|A/cattle/Texas/24-008749-003/2024(H5N1)	1784	72
PB2|PP755596.1|A/cattle/Texas/24-008749-003/2024(H5N1)	1785	72
PB2|PP755596.1|A/cattle/Texas/24-008749-003/2024(H5N1)	1786	72
PB2|PP755596.1|A/cattle/Texas/24-008749-003/2024(H5N1)	1787	72
PB2|PP755596.1|A/cattle/Texas/24-008749-003/2024(H5N1)	1788	72
PB2|PP755596.1|A/cattle/Texas/24-008749-003/2024(H5N1)	1789	142
PB2|PP755596.1|A/cattle/Texas/24-008749-003/2024(H5N1)	1790	142
PB2|PP755596.1|A/cattle/Texas/24-008749-003/2024(H5N1)	1791	142
PB2|PP755596.1|A/cattle/Texas/24-008749-003/2024(H5N1)	1792	142
PB2|PP755596.1|A/cattle/Texas/24-008749-003/2024(H5N1)	1793	142
PB2|PP755596.1|A/cattle/Texas/24-008749-003/2024(H5N1)	1794	142
PB2|PP755596.1|A/cattle/Texas/24-008749-003/2024(H5N1)	1795	164
PB2|PP755596.1|A/cattle/Texas/24-008749-003/2024(H5N1)	1796	164
PB2|PP755596.1|A/cattle/Texas/24-008749-003/2024(H5N1)	1797	164
PB2|PP755596.1|A/cattle/Texas/24-008749-003/2024(H5N1)	1798	164
PB2|PP755596.1|A/cattle/Texas/24-008749-003/2024(H5N1)	1799	164
PB2|PP755596.1|A/cattle/Texas/24-008749-003/2024(H5N1)	1800	164
PB2|PP755596.1|A/cattle/Texas/24-008749-003/2024(H5N1)	1801	177
PB2|PP755596.1|A/cattle/Texas/24-008749-003/2024(H5N1)	1802	177
PB2|PP755596.1|A/cattle/Texas/24-008749-003/2024(H5N1)	1803	177
PB2|PP755596.1|A/cattle/Texas/24-008749-003/2024(H5N1)	1804	177
PB2|PP755596.1|A/cattle/Texas/24-008749-003/2024(H5N1)	1805	177
PB2|PP755596.1|A/cattle/Texas/24-008749-003/2024(H5N1)	1806	177
PB2|PP755596.1|A/cattle/Texas/24-008749-003/2024(H5N1)	1807	182
PB2|PP755596.1|A/cattle/Texas/24-008749-003/2024(H5N1)	1808	182
PB2|PP755596.1|A/cattle/Texas/24-008749-003/2024(H5N1)	1809	182
PB2|PP755596.1|A/cattle/Texas/24-008749-003/2024(H5N1)	1810	182
PB2|PP755596.1|A/cattle/Texas/24-008749-003/2024(H5N1)	1811	182
PB2|PP755596.1|A/cattle/Texas/24-008749-003/2024(H5N1)	1812	182
PB2|PP755596.1|A/cattle/Texas/24-008749-003/2024(H5N1)	1813	193
PB2|PP755596.1|A/cattle/Texas/24-008749-003/2024(H5N1)	1814	194
PB2|PP755596.1|A/cattle/Texas/24-008749-003/2024(H5N1)	1815	194
PB2|PP755596.1|A/cattle/Texas/24-008749-003/2024(H5N1)	1816	202
PB2|PP755596.1|A/cattle/Texas/24-008749-003/2024(H5N1)	1817	202
PB2|PP755596.1|A/cattle/Texas/24-008749-003/2024(H5N1)	1818	202
PB2|PP755596.1|A/cattle/Texas/24-008749-003/2024(H5N1)	1819	201
PB2|PP755596.1|A/cattle/Texas/24-008749-003/2024(H5N1)	1820	201
PB2|PP755596.1|A/cattle/Texas/24-008749-003/2024(H5N1)	1821	198
PB2|PP755596.1|A/cattle/Texas/24-008749-003/2024(H5N1)	1822	205
PB2|PP755596.1|A/cattle/Texas/24-008749-003/2024(H5N1)	1823	205
PB2|PP755596.1|A/cattle/Texas/24-008749-003/2024(H5N1)	1824	205
PB2|PP755596.1|A/cattle/Texas/24-008749-003/2024(H5N1)	1825	205
PB2|PP755596.1|A/cattle/Texas/24-008749-003/2024(H5N1)	1826	205
PB2|PP755596.1|A/cattle/Texas/24-008749-003/2024(H5N1)	1827	205
PB2|PP755596.1|A/cattle/Texas/24-008749-003/2024(H5N1)	1828	232
PB2|PP755596.1|A/cattle/Texas/24-008749-003/2024(H5N1)	1829	233
PB2|PP755596.1|A/cattle/Texas/24-008749-003/2024(H5N1)	1830	233
PB2|PP755596.1|A/cattle/Texas/24-008749-003/2024(H5N1)	1831	233
PB2|PP755596.1|A/cattle/Texas/24-008749-003/2024(H5N1)	1832	233
PB2|PP755596.1|A/cattle/Texas/24-008749-003/2024(H5N1)	1833	233
PB2|PP755596.1|A/cattle/Texas/24-008749-003/2024(H5N1)	1834	233
PB2|PP755596.1|A/cattle/Texas/24-008749-003/2024(H5N1)	1835	233
PB2|PP755596.1|A/cattle/Texas/24-008749-003/2024(H5N1)	1836	233
PB2|PP755596.1|A/cattle/Texas/24-008749-003/2024(H5N1)	1837	233
PB2|PP755596.1|A/cattle/Texas/24-008749-003/2024(H5N1)	1838	233
PB2|PP755596.1|A/cattle/Texas/24-008749-003/2024(H5N1)	1839	226
PB2|PP755596.1|A/cattle/Texas/24-008749-003/2024(H5N1)	1840	226
PB2|PP755596.1|A/cattle/Texas/24-008749-003/2024(H5N1)	1841	226
PB2|PP755596.1|A/cattle/Texas/24-008749-003/2024(H5N1)	1842	226
PB2|PP755596.1|A/cattle/Texas/24-008749-003/2024(H5N1)	1843	226
PB2|PP755596.1|A/cattle/Texas/24-008749-003/2024(H5N1)	1844	226
PB2|PP755596.1|A/cattle/Texas/24-008749-003/2024(H5N1)	1845	226
PB2|PP755596.1|A/cattle/Texas/24-008749-003/2024(H5N1)	1846	225
PB2|PP755596.1|A/cattle/Texas/24-008749-003/2024(H5N1)	1847	225
PB2|PP755596.1|A/cattle/Texas/24-008749-003/2024(H5N1)	1848	225
PB2|PP755596.1|A/cattle/Texas/24-008749-003/2024(H5N1)	1849	224
PB2|PP755596.1|A/cattle/Texas/24-008749-003/2024(H5N1)	1850	224
PB2|PP755596.1|A/cattle/Texas/24-008749-003/2024(H5N1)	1851	79
PB2|PP755596.1|A/cattle/Texas/24-008749-003/2024(H5N1)	1852	79
PB2|PP755596.1|A/cattle/Texas/24-008749-003/2024(H5N1)	1853	79
PB2|PP755596.1|A/cattle/Texas/24-008749-003/2024(H5N1)	1854	79
PB2|PP755596.1|A/cattle/Texas/24-008749-003/2024(H5N1)	1855	79
PB2|PP755596.1|A/cattle/Texas/24-008749-003/2024(H5N1)	1856	79
PB2|PP755596.1|A/cattle/Texas/24-008749-003/2024(H5N1)	1857	79
PB2|PP755596.1|A/cattle/Texas/24-008749-003/2024(H5N1)	1858	79
PB2|PP755596.1|A/cattle/Texas/24-008749-003/2024(H5N1)	1859	79
PB2|PP755596.1|A/cattle/Texas/24-008749-003/2024(H5N1)	1860	79
PB2|PP755596.1|A/cattle/Texas/24-008749-003/2024(H5N1)	1861	79
PB2|PP755596.1|A/cattle/Texas/24-008749-003/2024(H5N1)	1862	79
PB2|PP755596.1|A/cattle/Texas/24-008749-003/2024(H5N1)	1863	79
PB2|PP755596.1|A/cattle/Texas/24-008749-003/2024(H5N1)	1864	79
PB2|PP755596.1|A/cattle/Texas/24-008749-003/2024(H5N1)	1865	79
PB2|PP755596.1|A/cattle/Texas/24-008749-003/2024(H5N1)	1866	79
PB2|PP755596.1|A/cattle/Texas/24-008749-003/2024(H5N1)	1867	79
PB2|PP755596.1|A/cattle/Texas/24-008749-003/2024(H5N1)	1868	79
PB2|PP755596.1|A/cattle/Texas/24-008749-003/2024(H5N1)	1869	79
PB2|PP755596.1|A/cattle/Texas/24-008749-003/2024(H5N1)	1870	79
PB2|PP755596.1|A/cattle/Texas/24-008749-003/2024(H5N1)	1871	79
PB2|PP755596.1|A/cattle/Texas/24-008749-003/2024(H5N1)	1872	79
PB2|PP755596.1|A/cattle/Texas/24-008749-003/2024(H5N1)	1873	80
PB2|PP755596.1|A/cattle/Texas/24-008749-003/2024(H5N1)	1874	80
PB2|PP755596.1|A/cattle/Texas/24-008749-003/2024(H5N1)	1875	80
PB2|PP755596.1|A/cattle/Texas/24-008749-003/2024(H5N1)	1876	80
PB2|PP755596.1|A/cattle/Texas/24-008749-003/2024(H5N1)	1877	80
PB2|PP755596.1|A/cattle/Texas/24-008749-003/2024(H5N1)	1878	80
PB2|PP755596.1|A/cattle/Texas/24-008749-003/2024(H5N1)	1879	80
PB2|PP755596.1|A/cattle/Texas/24-008749-003/2024(H5N1)	1880	80
PB2|PP755596.1|A/cattle/Texas/24-008749-003/2024(H5N1)	1881	80
PB2|PP755596.1|A/cattle/Texas/24-008749-003/2024(H5N1)	1882	80
PB2|PP755596.1|A/cattle/Texas/24-008749-003/2024(H5N1)	1883	80
PB2|PP755596.1|A/cattle/Texas/24-008749-003/2024(H5N1)	1884	80
PB2|PP755596.1|A/cattle/Texas/24-008749-003/2024(H5N1)	1885	80
PB2|PP755596.1|A/cattle/Texas/24-008749-003/2024(H5N1)	1886	80
PB2|PP755596.1|A/cattle/Texas/24-008749-003/2024(H5N1)	1887	80
PB2|PP755596.1|A/cattle/Texas/24-008749-003/2024(H5N1)	1888	80
PB2|PP755596.1|A/cattle/Texas/24-008749-003/2024(H5N1)	1889	80
PB2|PP755596.1|A/cattle/Texas/24-008749-003/2024(H5N1)	1890	78
PB2|PP755596.1|A/cattle/Texas/24-008749-003/2024(H5N1)	1891	78
PB2|PP755596.1|A/cattle/Texas/24-008749-003/2024(H5N1)	1892	78
PB2|PP755596.1|A/cattle/Texas/24-008749-003/2024(H5N1)	1893	78
PB2|PP755596.1|A/cattle/Texas/24-008749-003/2024(H5N1)	1894	78
PB2|PP755596.1|A/cattle/Texas/24-008749-003/2024(H5N1)	1895	78
PB2|PP755596.1|A/cattle/Texas/24-008749-003/2024(H5N1)	1896	78
PB2|PP755596.1|A/cattle/Texas/24-008749-003/2024(H5N1)	1897	78
PB2|PP755596.1|A/cattle/Texas/24-008749-003/2024(H5N1)	1898	78
PB2|PP755596.1|A/cattle/Texas/24-008749-003/2024(H5N1)	1899	78
PB2|PP755596.1|A/cattle/Texas/24-008749-003/2024(H5N1)	1900	78
PB2|PP755596.1|A/cattle/Texas/24-008749-003/2024(H5N1)	1901	78
PB2|PP755596.1|A/cattle/Texas/24-008749-003/2024(H5N1)	1902	78
PB2|PP755596.1|A/cattle/Texas/24-008749-003/2024(H5N1)	1903	78
PB2|PP755596.1|A/cattle/Texas/24-008749-003/2024(H5N1)	1904	78
PB2|PP755596.1|A/cattle/Texas/24-008749-003/2024(H5N1)	1905	78
PB2|PP755596.1|A/cattle/Texas/24-008749-003/2024(H5N1)	1906	78
PB2|PP755596.1|A/cattle/Texas/24-008749-003/2024(H5N1)	1907	78
PB2|PP755596.1|A/cattle/Texas/24-008749-003/2024(H5N1)	1908	75
PB2|PP755596.1|A/cattle/Texas/24-008749-003/2024(H5N1)	1909	75
PB2|PP755596.1|A/cattle/Texas/24-008749-003/2024(H5N1)	1910	75
PB2|PP755596.1|A/cattle/Texas/24-008749-003/2024(H5N1)	1911	75
PB2|PP755596.1|A/cattle/Texas/24-008749-003/2024(H5N1)	1912	75
PB2|PP755596.1|A/cattle/Texas/24-008749-003/2024(H5N1)	1913	75
PB2|PP755596.1|A/cattle/Texas/24-008749-003/2024(H5N1)	1914	72
PB2|PP755596.1|A/cattle/Texas/24-008749-003/2024(H5N1)	1915	72
PB2|PP755596.1|A/cattle/Texas/24-008749-003/2024(H5N1)	1916	72
PB2|PP755596.1|A/cattle/Texas/24-008749-003/2024(H5N1)	1917	72
PB2|PP755596.1|A/cattle/Texas/24-008749-003/2024(H5N1)	1918	72
PB2|PP755596.1|A/cattle/Texas/24-008749-003/2024(H5N1)	1919	72
PB2|PP755596.1|A/cattle/Texas/24-008749-003/2024(H5N1)	1920	72
PB2|PP755596.1|A/cattle/Texas/24-008749-003/2024(H5N1)	1921	72
PB2|PP755596.1|A/cattle/Texas/24-008749-003/2024(H5N1)	1922	72
PB2|PP755596.1|A/cattle/Texas/24-008749-003/2024(H5N1)	1923	72
PB2|PP755596.1|A/cattle/Texas/24-008749-003/2024(H5N1)	1924	72
PB2|PP755596.1|A/cattle/Texas/24-008749-003/2024(H5N1)	1925	73
PB2|PP755596.1|A/cattle/Texas/24-008749-003/2024(H5N1)	1926	73
PB2|PP755596.1|A/cattle/Texas/24-008749-003/2024(H5N1)	1927	407
PB2|PP755596.1|A/cattle/Texas/24-008749-003/2024(H5N1)	1928	407
PB2|PP755596.1|A/cattle/Texas/24-008749-003/2024(H5N1)	1929	407
PB2|PP755596.1|A/cattle/Texas/24-008749-003/2024(H5N1)	1930	407
PB2|PP755596.1|A/cattle/Texas/24-008749-003/2024(H5N1)	1931	407
PB2|PP755596.1|A/cattle/Texas/24-008749-003/2024(H5N1)	1932	407
PB2|PP755596.1|A/cattle/Texas/24-008749-003/2024(H5N1)	1933	407
PB2|PP755596.1|A/cattle/Texas/24-008749-003/2024(H5N1)	1934	407
PB2|PP755596.1|A/cattle/Texas/24-008749-003/2024(H5N1)	1935	407
PB2|PP755596.1|A/cattle/Texas/24-008749-003/2024(H5N1)	1936	407
PB2|PP755596.1|A/cattle/Texas/24-008749-003/2024(H5N1)	1937	407
PB2|PP755596.1|A/cattle/Texas/24-008749-003/2024(H5N1)	1938	407
PB2|PP755596.1|A/cattle/Texas/24-008749-003/2024(H5N1)	1939	407
PB2|PP755596.1|A/cattle/Texas/24-008749-003/2024(H5N1)	1940	407
PB2|PP755596.1|A/cattle/Texas/24-008749-003/2024(H5N1)	1941	407
PB2|PP755596.1|A/cattle/Texas/24-008749-003/2024(H5N1)	1942	394
PB2|PP755596.1|A/cattle/Texas/24-008749-003/2024(H5N1)	1943	393
PB2|PP755596.1|A/cattle/Texas/24-008749-003/2024(H5N1)	1944	335
PB2|PP755596.1|A/cattle/Texas/24-008749-003/2024(H5N1)	1945	335
PB2|PP755596.1|A/cattle/Texas/24-008749-003/2024(H5N1)	1946	335
PB2|PP755596.1|A/cattle/Texas/24-008749-003/2024(H5N1)	1947	335
PB2|PP755596.1|A/cattle/Texas/24-008749-003/2024(H5N1)	1948	335
PB2|PP755596.1|A/cattle/Texas/24-008749-003/2024(H5N1)	1949	335
PB2|PP755596.1|A/cattle/Texas/24-008749-003/2024(H5N1)	1950	335
PB2|PP755596.1|A/cattle/Texas/24-008749-003/2024(H5N1)	1951	335
PB2|PP755596.1|A/cattle/Texas/24-008749-003/2024(H5N1)	1952	335
PB2|PP755596.1|A/cattle/Texas/24-008749-003/2024(H5N1)	1953	335
PB2|PP755596.1|A/cattle/Texas/24-008749-003/2024(H5N1)	1954	335
PB2|PP755596.1|A/cattle/Texas/24-008749-003/2024(H5N1)	1955	335
PB2|PP755596.1|A/cattle/Texas/24-008749-003/2024(H5N1)	1956	335
PB2|PP755596.1|A/cattle/Texas/24-008749-003/2024(H5N1)	1957	335
PB2|PP755596.1|A/cattle/Texas/24-008749-003/2024(H5N1)	1958	335
PB2|PP755596.1|A/cattle/Texas/24-008749-003/2024(H5N1)	1959	335
PB2|PP755596.1|A/cattle/Texas/24-008749-003/2024(H5N1)	1960	335
PB2|PP755596.1|A/cattle/Texas/24-008749-003/2024(H5N1)	1961	335
PB2|PP755596.1|A/cattle/Texas/24-008749-003/2024(H5N1)	1962	335
PB2|PP755596.1|A/cattle/Texas/24-008749-003/2024(H5N1)	1963	335
PB2|PP755596.1|A/cattle/Texas/24-008749-003/2024(H5N1)	1964	335
PB2|PP755596.1|A/cattle/Texas/24-008749-003/2024(H5N1)	1965	335
PB2|PP755596.1|A/cattle/Texas/24-008749-003/2024(H5N1)	1966	336
PB2|PP755596.1|A/cattle/Texas/24-008749-003/2024(H5N1)	1967	336
PB2|PP755596.1|A/cattle/Texas/24-008749-003/2024(H5N1)	1968	336
PB2|PP755596.1|A/cattle/Texas/24-008749-003/2024(H5N1)	1969	336
PB2|PP755596.1|A/cattle/Texas/24-008749-003/2024(H5N1)	1970	336
PB2|PP755596.1|A/cattle/Texas/24-008749-003/2024(H5N1)	1971	336
PB2|PP755596.1|A/cattle/Texas/24-008749-003/2024(H5N1)	1972	336
PB2|PP755596.1|A/cattle/Texas/24-008749-003/2024(H5N1)	1973	336
PB2|PP755596.1|A/cattle/Texas/24-008749-003/2024(H5N1)	1974	336
PB2|PP755596.1|A/cattle/Texas/24-008749-003/2024(H5N1)	1975	604
PB2|PP755596.1|A/cattle/Texas/24-008749-003/2024(H5N1)	1976	608
PB2|PP755596.1|A/cattle/Texas/24-008749-003/2024(H5N1)	1977	608
PB2|PP755596.1|A/cattle/Texas/24-008749-003/2024(H5N1)	1978	608
PB2|PP755596.1|A/cattle/Texas/24-008749-003/2024(H5N1)	1979	608
PB2|PP755596.1|A/cattle/Texas/24-008749-003/2024(H5N1)	1980	608
PB2|PP755596.1|A/cattle/Texas/24-008749-003/2024(H5N1)	1981	608
PB2|PP755596.1|A/cattle/Texas/24-008749-003/2024(H5N1)	1982	608
PB2|PP755596.1|A/cattle/Texas/24-008749-003/2024(H5N1)	1983	608
PB2|PP755596.1|A/cattle/Texas/24-008749-003/2024(H5N1)	1984	609
PB2|PP755596.1|A/cattle/Texas/24-008749-003/2024(H5N1)	1985	609
PB2|PP755596.1|A/cattle/Texas/24-008749-003/2024(H5N1)	1986	609
PB2|PP755596.1|A/cattle/Texas/24-008749-003/2024(H5N1)	1987	609
PB2|PP755596.1|A/cattle/Texas/24-008749-003/2024(H5N1)	1988	609
PB2|PP755596.1|A/cattle/Texas/24-008749-003/2024(H5N1)	1989	609
PB2|PP755596.1|A/cattle/Texas/24-008749-003/2024(H5N1)	1990	609
PB2|PP755596.1|A/cattle/Texas/24-008749-003/2024(H5N1)	1991	609
PB2|PP755596.1|A/cattle/Texas/24-008749-003/2024(H5N1)	1992	609
PB2|PP755596.1|A/cattle/Texas/24-008749-003/2024(H5N1)	1993	609
PB2|PP755596.1|A/cattle/Texas/24-008749-003/2024(H5N1)	1994	609
PB2|PP755596.1|A/cattle/Texas/24-008749-003/2024(H5N1)	1995	609
PB2|PP755596.1|A/cattle/Texas/24-008749-003/2024(H5N1)	1996	605
PB2|PP755596.1|A/cattle/Texas/24-008749-003/2024(H5N1)	1997	270
PB2|PP755596.1|A/cattle/Texas/24-008749-003/2024(H5N1)	1998	270
PB2|PP755596.1|A/cattle/Texas/24-008749-003/2024(H5N1)	1999	270
PB2|PP755596.1|A/cattle/Texas/24-008749-003/2024(H5N1)	2000	270
PB2|PP755596.1|A/cattle/Texas/24-008749-003/2024(H5N1)	2001	269
PB2|PP755596.1|A/cattle/Texas/24-008749-003/2024(H5N1)	2002	269
PB2|PP755596.1|A/cattle/Texas/24-008749-003/2024(H5N1)	2003	269
PB2|PP755596.1|A/cattle/Texas/24-008749-003/2024(H5N1)	2004	269
PB2|PP755596.1|A/cattle/Texas/24-008749-003/2024(H5N1)	2005	269
PB2|PP755596.1|A/cattle/Texas/24-008749-003/2024(H5N1)	2006	269
PB2|PP755596.1|A/cattle/Texas/24-008749-003/2024(H5N1)	2007	269
PB2|PP755596.1|A/cattle/Texas/24-008749-003/2024(H5N1)	2008	269
PB2|PP755596.1|A/cattle/Texas/24-008749-003/2024(H5N1)	2009	269
PB2|PP755596.1|A/cattle/Texas/24-008749-003/2024(H5N1)	2010	269
PB2|PP755596.1|A/cattle/Texas/24-008749-003/2024(H5N1)	2011	269
PB2|PP755596.1|A/cattle/Texas/24-008749-003/2024(H5N1)	2012	269
PB2|PP755596.1|A/cattle/Texas/24-008749-003/2024(H5N1)	2013	269
PB2|PP755596.1|A/cattle/Texas/24-008749-003/2024(H5N1)	2014	269
PB2|PP755596.1|A/cattle/Texas/24-008749-003/2024(H5N1)	2015	269
PB2|PP755596.1|A/cattle/Texas/24-008749-003/2024(H5N1)	2016	269
PB2|PP755596.1|A/cattle/Texas/24-008749-003/2024(H5N1)	2017	269
PB2|PP755596.1|A/cattle/Texas/24-008749-003/2024(H5N1)	2018	269
PB2|PP755596.1|A/cattle/Texas/24-008749-003/2024(H5N1)	2019	269
PB2|PP755596.1|A/cattle/Texas/24-008749-003/2024(H5N1)	2020	269
PB2|PP755596.1|A/cattle/Texas/24-008749-003/2024(H5N1)	2021	269
PB2|PP755596.1|A/cattle/Texas/24-008749-003/2024(H5N1)	2022	269
PB2|PP755596.1|A/cattle/Texas/24-008749-003/2024(H5N1)	2023	269
PB2|PP755596.1|A/cattle/Texas/24-008749-003/2024(H5N1)	2024	269
PB2|PP755596.1|A/cattle/Texas/24-008749-003/2024(H5N1)	2025	268
PB2|PP755596.1|A/cattle/Texas/24-008749-003/2024(H5N1)	2026	268
PB2|PP755596.1|A/cattle/Texas/24-008749-003/2024(H5N1)	2027	268
PB2|PP755596.1|A/cattle/Texas/24-008749-003/2024(H5N1)	2028	268
PB2|PP755596.1|A/cattle/Texas/24-008749-003/2024(H5N1)	2029	268
PB2|PP755596.1|A/cattle/Texas/24-008749-003/2024(H5N1)	2030	268
PB2|PP755596.1|A/cattle/Texas/24-008749-003/2024(H5N1)	2031	268
PB2|PP755596.1|A/cattle/Texas/24-008749-003/2024(H5N1)	2032	268
PB2|PP755596.1|A/cattle/Texas/24-008749-003/2024(H5N1)	2033	268
PB2|PP755596.1|A/cattle/Texas/24-008749-003/2024(H5N1)	2034	268
PB2|PP755596.1|A/cattle/Texas/24-008749-003/2024(H5N1)	2035	268
PB2|PP755596.1|A/cattle/Texas/24-008749-003/2024(H5N1)	2036	268
PB2|PP755596.1|A/cattle/Texas/24-008749-003/2024(H5N1)	2037	268
PB2|PP755596.1|A/cattle/Texas/24-008749-003/2024(H5N1)	2038	268
PB2|PP755596.1|A/cattle/Texas/24-008749-003/2024(H5N1)	2039	268
PB2|PP755596.1|A/cattle/Texas/24-008749-003/2024(H5N1)	2040	269
PB2|PP755596.1|A/cattle/Texas/24-008749-003/2024(H5N1)	2041	269
PB2|PP755596.1|A/cattle/Texas/24-008749-003/2024(H5N1)	2042	269
PB2|PP755596.1|A/cattle/Texas/24-008749-003/2024(H5N1)	2043	269
PB2|PP755596.1|A/cattle/Texas/24-008749-003/2024(H5N1)	2044	269
PB2|PP755596.1|A/cattle/Texas/24-008749-003/2024(H5N1)	2045	269
PB2|PP755596.1|A/cattle/Texas/24-008749-003/2024(H5N1)	2046	269
PB2|PP755596.1|A/cattle/Texas/24-008749-003/2024(H5N1)	2047	1022
PB2|PP755596.1|A/cattle/Texas/24-008749-003/2024(H5N1)	2048	1061
PB2|PP755596.1|A/cattle/Texas/24-008749-003/2024(H5N1)	2049	1061
PB2|PP755596.1|A/cattle/Texas/24-008749-003/2024(H5N1)	2050	1071
PB2|PP755596.1|A/cattle/Texas/24-008749-003/2024(H5N1)	2051	1117
PB2|PP755596.1|A/cattle/Texas/24-008749-003/2024(H5N1)	2052	1119
PB2|PP755596.1|A/cattle/Texas/24-008749-003/2024(H5N1)	2053	1297
PB2|PP755596.1|A/cattle/Texas/24-008749-003/2024(H5N1)	2054	1363
PB2|PP755596.1|A/cattle/Texas/24-008749-003/2024(H5N1)	2055	1388
PB2|PP755596.1|A/cattle/Texas/24-008749-003/2024(H5N1)	2056	1397
PB2|PP755596.1|A/cattle/Texas/24-008749-003/2024(H5N1)	2057	1413
PB2|PP755596.1|A/cattle/Texas/24-008749-003/2024(H5N1)	2058	1422
PB2|PP755596.1|A/cattle/Texas/24-008749-003/2024(H5N1)	2059	1429
PB2|PP755596.1|A/cattle/Texas/24-008749-003/2024(H5N1)	2060	1442
PB2|PP755596.1|A/cattle/Texas/24-008749-003/2024(H5N1)	2061	1456
PB2|PP755596.1|A/cattle/Texas/24-008749-003/2024(H5N1)	2062	1463
PB2|PP755596.1|A/cattle/Texas/24-008749-003/2024(H5N1)	2063	1493
PB2|PP755596.1|A/cattle/Texas/24-008749-003/2024(H5N1)	2064	1493
PB2|PP755596.1|A/cattle/Texas/24-008749-003/2024(H5N1)	2065	1493
PB2|PP755596.1|A/cattle/Texas/24-008749-003/2024(H5N1)	2066	1493
PB2|PP755596.1|A/cattle/Texas/24-008749-003/2024(H5N1)	2067	1493
PB2|PP755596.1|A/cattle/Texas/24-008749-003/2024(H5N1)	2068	1624
PB2|PP755596.1|A/cattle/Texas/24-008749-003/2024(H5N1)	2069	1624
PB2|PP755596.1|A/cattle/Texas/24-008749-003/2024(H5N1)	2070	1624
PB2|PP755596.1|A/cattle/Texas/24-008749-003/2024(H5N1)	2071	1628
PB2|PP755596.1|A/cattle/Texas/24-008749-003/2024(H5N1)	2072	1635
PB2|PP755596.1|A/cattle/Texas/24-008749-003/2024(H5N1)	2073	1638
PB2|PP755596.1|A/cattle/Texas/24-008749-003/2024(H5N1)	2074	1909
PB2|PP755596.1|A/cattle/Texas/24-008749-003/2024(H5N1)	2075	1910
PB2|PP755596.1|A/cattle/Texas/24-008749-003/2024(H5N1)	2076	1967
PB2|PP755596.1|A/cattle/Texas/24-008749-003/2024(H5N1)	2077	1979
PB2|PP755596.1|A/cattle/Texas/24-008749-003/2024(H5N1)	2078	1995
PB2|PP755596.1|A/cattle/Texas/24-008749-003/2024(H5N1)	2079	2096
PB2|PP755596.1|A/cattle/Texas/24-008749-003/2024(H5N1)	2080	2575
PB2|PP755596.1|A/cattle/Texas/24-008749-003/2024(H5N1)	2081	2729
PB2|PP755596.1|A/cattle/Texas/24-008749-003/2024(H5N1)	2082	2794
PB2|PP755596.1|A/cattle/Texas/24-008749-003/2024(H5N1)	2083	2798
PB2|PP755596.1|A/cattle/Texas/24-008749-003/2024(H5N1)	2084	2813
PB2|PP755596.1|A/cattle/Texas/24-008749-003/2024(H5N1)	2085	2813
PB2|PP755596.1|A/cattle/Texas/24-008749-003/2024(H5N1)	2086	2869
PB2|PP755596.1|A/cattle/Texas/24-008749-003/2024(H5N1)	2087	2874
PB2|PP755596.1|A/cattle/Texas/24-008749-003/2024(H5N1)	2088	3025
PB2|PP755596.1|A/cattle/Texas/24-008749-003/2024(H5N1)	2089	3028
PB2|PP755596.1|A/cattle/Texas/24-008749-003/2024(H5N1)	2090	3195
PB2|PP755596.1|A/cattle/Texas/24-008749-003/2024(H5N1)	2091	3239
PB2|PP755596.1|A/cattle/Texas/24-008749-003/2024(H5N1)	2092	3259
PB2|PP755596.1|A/cattle/Texas/24-008749-003/2024(H5N1)	2093	3328
PB2|PP755596.1|A/cattle/Texas/24-008749-003/2024(H5N1)	2094	3334
PB2|PP755596.1|A/cattle/Texas/24-008749-003/2024(H5N1)	2095	3337
PB2|PP755596.1|A/cattle/Texas/24-008749-003/2024(H5N1)	2096	3500
PB2|PP755596.1|A/cattle/Texas/24-008749-003/2024(H5N1)	2097	3501
PB2|PP755596.1|A/cattle/Texas/24-008749-003/2024(H5N1)	2098	3513
PB2|PP755596.1|A/cattle/Texas/24-008749-003/2024(H5N1)	2099	3654
PB2|PP755596.1|A/cattle/Texas/24-008749-003/2024(H5N1)	2100	3678
PB2|PP755596.1|A/cattle/Texas/24-008749-003/2024(H5N1)	2101	3741
PB2|PP755596.1|A/cattle/Texas/24-008749-003/2024(H5N1)	2102	3749
PB2|PP755596.1|A/cattle/Texas/24-008749-003/2024(H5N1)	2103	3765
PB2|PP755596.1|A/cattle/Texas/24-008749-003/2024(H5N1)	2104	3765
PB2|PP755596.1|A/cattle/Texas/24-008749-003/2024(H5N1)	2105	3766
PB2|PP755596.1|A/cattle/Texas/24-008749-003/2024(H5N1)	2106	3676
PB2|PP755596.1|A/cattle/Texas/24-008749-003/2024(H5N1)	2107	3698
PB2|PP755596.1|A/cattle/Texas/24-008749-003/2024(H5N1)	2108	3750
PB2|PP755596.1|A/cattle/Texas/24-008749-003/2024(H5N1)	2109	3875
PB2|PP755596.1|A/cattle/Texas/24-008749-003/2024(H5N1)	2110	3881
PB2|PP755596.1|A/cattle/Texas/24-008749-003/2024(H5N1)	2111	3883
PB2|PP755596.1|A/cattle/Texas/24-008749-003/2024(H5N1)	2112	3879
PB2|PP755596.1|A/cattle/Texas/24-008749-003/2024(H5N1)	2113	3877
PB2|PP755596.1|A/cattle/Texas/24-008749-003/2024(H5N1)	2114	3924
PB2|PP755596.1|A/cattle/Texas/24-008749-003/2024(H5N1)	2115	3836
PB2|PP755596.1|A/cattle/Texas/24-008749-003/2024(H5N1)	2116	3967
PB2|PP755596.1|A/cattle/Texas/24-008749-003/2024(H5N1)	2117	3967
PB2|PP755596.1|A/cattle/Texas/24-008749-003/2024(H5N1)	2118	3967
PB2|PP755596.1|A/cattle/Texas/24-008749-003/2024(H5N1)	2119	4039
PB2|PP755596.1|A/cattle/Texas/24-008749-003/2024(H5N1)	2120	4045
PB2|PP755596.1|A/cattle/Texas/24-008749-003/2024(H5N1)	2121	4008
PB2|PP755596.1|A/cattle/Texas/24-008749-003/2024(H5N1)	2122	4094
PB2|PP755596.1|A/cattle/Texas/24-008749-003/2024(H5N1)	2123	4099
PB2|PP755596.1|A/cattle/Texas/24-008749-003/2024(H5N1)	2124	4121
PB2|PP755596.1|A/cattle/Texas/24-008749-003/2024(H5N1)	2125	4121
PB2|PP755596.1|A/cattle/Texas/24-008749-003/2024(H5N1)	2126	4134
PB2|PP755596.1|A/cattle/Texas/24-008749-003/2024(H5N1)	2127	4213
PB2|PP755596.1|A/cattle/Texas/24-008749-003/2024(H5N1)	2128	4206
PB2|PP755596.1|A/cattle/Texas/24-008749-003/2024(H5N1)	2129	4201
PB2|PP755596.1|A/cattle/Texas/24-008749-003/2024(H5N1)	2130	4188
PB2|PP755596.1|A/cattle/Texas/24-008749-003/2024(H5N1)	2131	4172
PB2|PP755596.1|A/cattle/Texas/24-008749-003/2024(H5N1)	2132	4167
PB2|PP755596.1|A/cattle/Texas/24-008749-003/2024(H5N1)	2133	4158
PB2|PP755596.1|A/cattle/Texas/24-008749-003/2024(H5N1)	2134	4154
PB2|PP755596.1|A/cattle/Texas/24-008749-003/2024(H5N1)	2135	4128
PB2|PP755596.1|A/cattle/Texas/24-008749-003/2024(H5N1)	2136	3656
PB2|PP755596.1|A/cattle/Texas/24-008749-003/2024(H5N1)	2137	3656
PB2|PP755596.1|A/cattle/Texas/24-008749-003/2024(H5N1)	2138	3658
PB2|PP755596.1|A/cattle/Texas/24-008749-003/2024(H5N1)	2139	3652
PB2|PP755596.1|A/cattle/Texas/24-008749-003/2024(H5N1)	2140	3652
PB2|PP755596.1|A/cattle/Texas/24-008749-003/2024(H5N1)	2141	3658
PB2|PP755596.1|A/cattle/Texas/24-008749-003/2024(H5N1)	2142	3658
PB2|PP755596.1|A/cattle/Texas/24-008749-003/2024(H5N1)	2143	3659
PB2|PP755596.1|A/cattle/Texas/24-008749-003/2024(H5N1)	2144	3659
PB2|PP755596.1|A/cattle/Texas/24-008749-003/2024(H5N1)	2145	3659
PB2|PP755596.1|A/cattle/Texas/24-008749-003/2024(H5N1)	2146	3657
PB2|PP755596.1|A/cattle/Texas/24-008749-003/2024(H5N1)	2147	3656
PB2|PP755596.1|A/cattle/Texas/24-008749-003/2024(H5N1)	2148	3654
PB2|PP755596.1|A/cattle/Texas/24-008749-003/2024(H5N1)	2149	3651
PB2|PP755596.1|A/cattle/Texas/24-008749-003/2024(H5N1)	2150	3645
PB2|PP755596.1|A/cattle/Texas/24-008749-003/2024(H5N1)	2151	3664
PB2|PP755596.1|A/cattle/Texas/24-008749-003/2024(H5N1)	2152	3691
PB2|PP755596.1|A/cattle/Texas/24-008749-003/2024(H5N1)	2153	3693
PB2|PP755596.1|A/cattle/Texas/24-008749-003/2024(H5N1)	2154	3694
PB2|PP755596.1|A/cattle/Texas/24-008749-003/2024(H5N1)	2155	3707
PB2|PP755596.1|A/cattle/Texas/24-008749-003/2024(H5N1)	2156	3808
PB2|PP755596.1|A/cattle/Texas/24-008749-003/2024(H5N1)	2157	3794
PB2|PP755596.1|A/cattle/Texas/24-008749-003/2024(H5N1)	2158	5227
PB2|PP755596.1|A/cattle/Texas/24-008749-003/2024(H5N1)	2159	5252
PB2|PP755596.1|A/cattle/Texas/24-008749-003/2024(H5N1)	2160	5265
PB2|PP755596.1|A/cattle/Texas/24-008749-003/2024(H5N1)	2161	5528
PB2|PP755596.1|A/cattle/Texas/24-008749-003/2024(H5N1)	2162	5594
PB2|PP755596.1|A/cattle/Texas/24-008749-003/2024(H5N1)	2163	5659
PB2|PP755596.1|A/cattle/Texas/24-008749-003/2024(H5N1)	2164	7054
PB2|PP755596.1|A/cattle/Texas/24-008749-003/2024(H5N1)	2165	7196
PB2|PP755596.1|A/cattle/Texas/24-008749-003/2024(H5N1)	2166	7199
PB2|PP755596.1|A/cattle/Texas/24-008749-003/2024(H5N1)	2167	7223
PB2|PP755596.1|A/cattle/Texas/24-008749-003/2024(H5N1)	2168	7332
PB2|PP755596.1|A/cattle/Texas/24-008749-003/2024(H5N1)	2169	7330
PB2|PP755596.1|A/cattle/Texas/24-008749-003/2024(H5N1)	2170	7328
PB2|PP755596.1|A/cattle/Texas/24-008749-003/2024(H5N1)	2171	7324
PB2|PP755596.1|A/cattle/Texas/24-008749-003/2024(H5N1)	2172	7309
PB2|PP755596.1|A/cattle/Texas/24-008749-003/2024(H5N1)	2173	7125
PB2|PP755596.1|A/cattle/Texas/24-008749-003/2024(H5N1)	2174	7131
PB2|PP755596.1|A/cattle/Texas/24-008749-003/2024(H5N1)	2175	7131
PB2|PP755596.1|A/cattle/Texas/24-008749-003/2024(H5N1)	2176	7143
PB2|PP755596.1|A/cattle/Texas/24-008749-003/2024(H5N1)	2177	7141
PB2|PP755596.1|A/cattle/Texas/24-008749-003/2024(H5N1)	2178	7147
PB2|PP755596.1|A/cattle/Texas/24-008749-003/2024(H5N1)	2179	7468
PB2|PP755596.1|A/cattle/Texas/24-008749-003/2024(H5N1)	2180	7494
PB2|PP755596.1|A/cattle/Texas/24-008749-003/2024(H5N1)	2181	7517
PB2|PP755596.1|A/cattle/Texas/24-008749-003/2024(H5N1)	2182	7518
PB2|PP755596.1|A/cattle/Texas/24-008749-003/2024(H5N1)	2183	7530
PB2|PP755596.1|A/cattle/Texas/24-008749-003/2024(H5N1)	2184	7530
PB2|PP755596.1|A/cattle/Texas/24-008749-003/2024(H5N1)	2185	7533
PB2|PP755596.1|A/cattle/Texas/24-008749-003/2024(H5N1)	2186	7560
PB2|PP755596.1|A/cattle/Texas/24-008749-003/2024(H5N1)	2187	7562
PB2|PP755596.1|A/cattle/Texas/24-008749-003/2024(H5N1)	2188	7585
PB2|PP755596.1|A/cattle/Texas/24-008749-003/2024(H5N1)	2189	7525
PB2|PP755596.1|A/cattle/Texas/24-008749-003/2024(H5N1)	2190	7508
PB2|PP755596.1|A/cattle/Texas/24-008749-003/2024(H5N1)	2191	7510
PB2|PP755596.1|A/cattle/Texas/24-008749-003/2024(H5N1)	2192	7513
PB2|PP755596.1|A/cattle/Texas/24-008749-003/2024(H5N1)	2193	7506
PB2|PP755596.1|A/cattle/Texas/24-008749-003/2024(H5N1)	2194	7526
PB2|PP755596.1|A/cattle/Texas/24-008749-003/2024(H5N1)	2195	7509
PB2|PP755596.1|A/cattle/Texas/24-008749-003/2024(H5N1)	2196	7507
PB2|PP755596.1|A/cattle/Texas/24-008749-003/2024(H5N1)	2197	7476
PB2|PP755596.1|A/cattle/Texas/24-008749-003/2024(H5N1)	2198	7451
PB2|PP755596.1|A/cattle/Texas/24-008749-003/2024(H5N1)	2199	7407
PB2|PP755596.1|A/cattle/Texas/24-008749-003/2024(H5N1)	2200	7404
PB2|PP755596.1|A/cattle/Texas/24-008749-003/2024(H5N1)	2201	7353
PB2|PP755596.1|A/cattle/Texas/24-008749-003/2024(H5N1)	2202	7326
PB2|PP755596.1|A/cattle/Texas/24-008749-003/2024(H5N1)	2203	7250
PB2|PP755596.1|A/cattle/Texas/24-008749-003/2024(H5N1)	2204	7114
PB2|PP755596.1|A/cattle/Texas/24-008749-003/2024(H5N1)	2205	7087
PB2|PP755596.1|A/cattle/Texas/24-008749-003/2024(H5N1)	2206	7072
PB2|PP755596.1|A/cattle/Texas/24-008749-003/2024(H5N1)	2207	7070
PB2|PP755596.1|A/cattle/Texas/24-008749-003/2024(H5N1)	2208	7060
PB2|PP755596.1|A/cattle/Texas/24-008749-003/2024(H5N1)	2209	7040
PB2|PP755596.1|A/cattle/Texas/24-008749-003/2024(H5N1)	2210	7035
PB2|PP755596.1|A/cattle/Texas/24-008749-003/2024(H5N1)	2211	7014
PB2|PP755596.1|A/cattle/Texas/24-008749-003/2024(H5N1)	2212	6985
PB2|PP755596.1|A/cattle/Texas/24-008749-003/2024(H5N1)	2213	6981
PB2|PP755596.1|A/cattle/Texas/24-008749-003/2024(H5N1)	2214	6942
PB2|PP755596.1|A/cattle/Texas/24-008749-003/2024(H5N1)	2215	6888
PB2|PP755596.1|A/cattle/Texas/24-008749-003/2024(H5N1)	2216	6883
PB2|PP755596.1|A/cattle/Texas/24-008749-003/2024(H5N1)	2217	6891
PB2|PP755596.1|A/cattle/Texas/24-008749-003/2024(H5N1)	2218	6884
PB2|PP755596.1|A/cattle/Texas/24-008749-003/2024(H5N1)	2219	6752
PB2|PP755596.1|A/cattle/Texas/24-008749-003/2024(H5N1)	2220	6668
PB2|PP755596.1|A/cattle/Texas/24-008749-003/2024(H5N1)	2221	6651
PB2|PP755596.1|A/cattle/Texas/24-008749-003/2024(H5N1)	2222	6700
PB2|PP755596.1|A/cattle/Texas/24-008749-003/2024(H5N1)	2223	6698
PB2|PP755596.1|A/cattle/Texas/24-008749-003/2024(H5N1)	2224	6697
PB2|PP755596.1|A/cattle/Texas/24-008749-003/2024(H5N1)	2225	6697
PB2|PP755596.1|A/cattle/Texas/24-008749-003/2024(H5N1)	2226	6609
PB2|PP755596.1|A/cattle/Texas/24-008749-003/2024(H5N1)	2227	6608
PB2|PP755596.1|A/cattle/Texas/24-008749-003/2024(H5N1)	2228	6577
PB2|PP755596.1|A/cattle/Texas/24-008749-003/2024(H5N1)	2229	6432
PB2|PP755596.1|A/cattle/Texas/24-008749-003/2024(H5N1)	2230	6282
PB2|PP755596.1|A/cattle/Texas/24-008749-003/2024(H5N1)	2231	5553
PB2|PP755596.1|A/cattle/Texas/24-008749-003/2024(H5N1)	2232	5548
PB2|PP755596.1|A/cattle/Texas/24-008749-003/2024(H5N1)	2233	5465
PB2|PP755596.1|A/cattle/Texas/24-008749-003/2024(H5N1)	2234	5441
PB2|PP755596.1|A/cattle/Texas/24-008749-003/2024(H5N1)	2235	5417
PB2|PP755596.1|A/cattle/Texas/24-008749-003/2024(H5N1)	2236	5417
PB2|PP755596.1|A/cattle/Texas/24-008749-003/2024(H5N1)	2237	5343
PB2|PP755596.1|A/cattle/Texas/24-008749-003/2024(H5N1)	2238	5348
PB2|PP755596.1|A/cattle/Texas/24-008749-003/2024(H5N1)	2239	5139
PB2|PP755596.1|A/cattle/Texas/24-008749-003/2024(H5N1)	2240	5158
PB2|PP755596.1|A/cattle/Texas/24-008749-003/2024(H5N1)	2241	5132
PB2|PP755596.1|A/cattle/Texas/24-008749-003/2024(H5N1)	2242	5121
PB2|PP755596.1|A/cattle/Texas/24-008749-003/2024(H5N1)	2243	5095
PB2|PP755596.1|A/cattle/Texas/24-008749-003/2024(H5N1)	2244	5090
PB2|PP755596.1|A/cattle/Texas/24-008749-003/2024(H5N1)	2245	5083
PB2|PP755596.1|A/cattle/Texas/24-008749-003/2024(H5N1)	2246	5081
PB2|PP755596.1|A/cattle/Texas/24-008749-003/2024(H5N1)	2247	4857
PB2|PP755596.1|A/cattle/Texas/24-008749-003/2024(H5N1)	2248	4853
PB2|PP755596.1|A/cattle/Texas/24-008749-003/2024(H5N1)	2249	4660
PB2|PP755596.1|A/cattle/Texas/24-008749-003/2024(H5N1)	2250	4666
PB2|PP755596.1|A/cattle/Texas/24-008749-003/2024(H5N1)	2251	4623
PB2|PP755596.1|A/cattle/Texas/24-008749-003/2024(H5N1)	2252	4618
PB2|PP755596.1|A/cattle/Texas/24-008749-003/2024(H5N1)	2253	4597
PB2|PP755596.1|A/cattle/Texas/24-008749-003/2024(H5N1)	2254	4580
PB2|PP755596.1|A/cattle/Texas/24-008749-003/2024(H5N1)	2255	4581
PB2|PP755596.1|A/cattle/Texas/24-008749-003/2024(H5N1)	2256	4577
PB2|PP755596.1|A/cattle/Texas/24-008749-003/2024(H5N1)	2257	4566
PB2|PP755596.1|A/cattle/Texas/24-008749-003/2024(H5N1)	2258	4558
PB2|PP755596.1|A/cattle/Texas/24-008749-003/2024(H5N1)	2259	4456
PB2|PP755596.1|A/cattle/Texas/24-008749-003/2024(H5N1)	2260	4404
PB2|PP755596.1|A/cattle/Texas/24-008749-003/2024(H5N1)	2261	4393
PB2|PP755596.1|A/cattle/Texas/24-008749-003/2024(H5N1)	2262	4386
PB2|PP755596.1|A/cattle/Texas/24-008749-003/2024(H5N1)	2263	4381
PB2|PP755596.1|A/cattle/Texas/24-008749-003/2024(H5N1)	2264	4309
PB2|PP755596.1|A/cattle/Texas/24-008749-003/2024(H5N1)	2265	4232
PB2|PP755596.1|A/cattle/Texas/24-008749-003/2024(H5N1)	2266	4232
PB2|PP755596.1|A/cattle/Texas/24-008749-003/2024(H5N1)	2267	4130
PB2|PP755596.1|A/cattle/Texas/24-008749-003/2024(H5N1)	2268	4127
PB2|PP755596.1|A/cattle/Texas/24-008749-003/2024(H5N1)	2269	4115
PB2|PP755596.1|A/cattle/Texas/24-008749-003/2024(H5N1)	2270	4050
PB2|PP755596.1|A/cattle/Texas/24-008749-003/2024(H5N1)	2271	4044
PB2|PP755596.1|A/cattle/Texas/24-008749-003/2024(H5N1)	2272	4038
PB2|PP755596.1|A/cattle/Texas/24-008749-003/2024(H5N1)	2273	4033
PB2|PP755596.1|A/cattle/Texas/24-008749-003/2024(H5N1)	2274	4019
PB2|PP755596.1|A/cattle/Texas/24-008749-003/2024(H5N1)	2275	4019
PB2|PP755596.1|A/cattle/Texas/24-008749-003/2024(H5N1)	2276	4017
PB2|PP755596.1|A/cattle/Texas/24-008749-003/2024(H5N1)	2277	3965
PB2|PP755596.1|A/cattle/Texas/24-008749-003/2024(H5N1)	2278	3886
PB2|PP755596.1|A/cattle/Texas/24-008749-003/2024(H5N1)	2279	3750
PB2|PP755596.1|A/cattle/Texas/24-008749-003/2024(H5N1)	2280	3706
