NP|PP755592.1|A/cattle/Texas/24-008749-003/2024(H5N1)	1	92
NP|PP755592.1|A/cattle/Texas/24-008749-003/2024(H5N1)	2	92
NP|PP755592.1|A/cattle/Texas/24-008749-003/2024(H5N1)	3	92
NP|PP755592.1|A/cattle/Texas/24-008749-003/2024(H5N1)	4	93
NP|PP755592.1|A/cattle/Texas/24-008749-003/2024(H5N1)	5	93
NP|PP755592.1|A/cattle/Texas/24-008749-003/2024(H5N1)	6	94
NP|PP755592.1|A/cattle/Texas/24-008749-003/2024(H5N1)	7	96
NP|PP755592.1|A/cattle/Texas/24-008749-003/2024(H5N1)	8	96
NP|PP755592.1|A/cattle/Texas/24-008749-003/2024(H5N1)	9	98
NP|PP755592.1|A/cattle/Texas/24-008749-003/2024(H5N1)	10	98
NP|PP755592.1|A/cattle/Texas/24-008749-003/2024(H5N1)	11	98
NP|PP755592.1|A/cattle/Texas/24-008749-003/2024(H5N1)	12	99
NP|PP755592.1|A/cattle/Texas/24-008749-003/2024(H5N1)	13	99
NP|PP755592.1|A/cattle/Texas/24-008749-003/2024(H5N1)	14	105
NP|PP755592.1|A/cattle/Texas/24-008749-003/2024(H5N1)	15	105
NP|PP755592.1|A/cattle/Texas/24-008749-003/2024(H5N1)	16	105
NP|PP755592.1|A/cattle/Texas/24-008749-003/2024(H5N1)	17	105
NP|PP755592.1|A/cattle/Texas/24-008749-003/2024(H5N1)	18	106
NP|PP755592.1|A/cattle/Texas/24-008749-003/2024(H5N1)	19	106
NP|PP755592.1|A/cattle/Texas/24-008749-003/2024(H5N1)	20	106
NP|PP755592.1|A/cattle/Texas/24-008749-003/2024(H5N1)	21	106
NP|PP755592.1|A/cattle/Texas/24-008749-003/2024(H5N1)	22	106
NP|PP755592.1|A/cattle/Texas/24-008749-003/2024(H5N1)	23	106
NP|PP755592.1|A/cattle/Texas/24-008749-003/2024(H5N1)	24	106
NP|PP755592.1|A/cattle/Texas/24-008749-003/2024(H5N1)	25	106
NP|PP755592.1|A/cattle/Texas/24-008749-003/2024(H5N1)	26	108
NP|PP755592.1|A/cattle/Texas/24-008749-003/2024(H5N1)	27	110
NP|PP755592.1|A/cattle/Texas/24-008749-003/2024(H5N1)	28	110
NP|PP755592.1|A/cattle/Texas/24-008749-003/2024(H5N1)	29	110
NP|PP755592.1|A/cattle/Texas/24-008749-003/2024(H5N1)	30	110
NP|PP755592.1|A/cattle/Texas/24-008749-003/2024(H5N1)	31	110
NP|PP755592.1|A/cattle/Texas/24-008749-003/2024(H5N1)	32	112
NP|PP755592.1|A/cattle/Texas/24-008749-003/2024(H5N1)	33	112
NP|PP755592.1|A/cattle/Texas/24-008749-003/2024(H5N1)	34	112
NP|PP755592.1|A/cattle/Texas/24-008749-003/2024(H5N1)	35	113
NP|PP755592.1|A/cattle/Texas/24-008749-003/2024(H5N1)	36	114
NP|PP755592.1|A/cattle/Texas/24-008749-003/2024(H5N1)	37	114
NP|PP755592.1|A/cattle/Texas/24-008749-003/2024(H5N1)	38	114
NP|PP755592.1|A/cattle/Texas/24-008749-003/2024(H5N1)	39	114
NP|PP755592.1|A/cattle/Texas/24-008749-003/2024(H5N1)	40	114
NP|PP755592.1|A/cattle/Texas/24-008749-003/2024(H5N1)	41	114
NP|PP755592.1|A/cattle/Texas/24-008749-003/2024(H5N1)	42	117
NP|PP755592.1|A/cattle/Texas/24-008749-003/2024(H5N1)	43	119
NP|PP755592.1|A/cattle/Texas/24-008749-003/2024(H5N1)	44	121
NP|PP755592.1|A/cattle/Texas/24-008749-003/2024(H5N1)	45	121
NP|PP755592.1|A/cattle/Texas/24-008749-003/2024(H5N1)	46	124
NP|PP755592.1|A/cattle/Texas/24-008749-003/2024(H5N1)	47	125
NP|PP755592.1|A/cattle/Texas/24-008749-003/2024(H5N1)	48	125
NP|PP755592.1|A/cattle/Texas/24-008749-003/2024(H5N1)	49	125
NP|PP755592.1|A/cattle/Texas/24-008749-003/2024(H5N1)	50	127
NP|PP755592.1|A/cattle/Texas/24-008749-003/2024(H5N1)	51	128
NP|PP755592.1|A/cattle/Texas/24-008749-003/2024(H5N1)	52	131
NP|PP755592.1|A/cattle/Texas/24-008749-003/2024(H5N1)	53	132
NP|PP755592.1|A/cattle/Texas/24-008749-003/2024(H5N1)	54	132
NP|PP755592.1|A/cattle/Texas/24-008749-003/2024(H5N1)	55	132
NP|PP755592.1|A/cattle/Texas/24-008749-003/2024(H5N1)	56	132
NP|PP755592.1|A/cattle/Texas/24-008749-003/2024(H5N1)	57	133
NP|PP755592.1|A/cattle/Texas/24-008749-003/2024(H5N1)	58	132
NP|PP755592.1|A/cattle/Texas/24-008749-003/2024(H5N1)	59	135
NP|PP755592.1|A/cattle/Texas/24-008749-003/2024(H5N1)	60	139
NP|PP755592.1|A/cattle/Texas/24-008749-003/2024(H5N1)	61	139
NP|PP755592.1|A/cattle/Texas/24-008749-003/2024(H5N1)	62	143
NP|PP755592.1|A/cattle/Texas/24-008749-003/2024(H5N1)	63	143
NP|PP755592.1|A/cattle/Texas/24-008749-003/2024(H5N1)	64	137
NP|PP755592.1|A/cattle/Texas/24-008749-003/2024(H5N1)	65	139
NP|PP755592.1|A/cattle/Texas/24-008749-003/2024(H5N1)	66	139
NP|PP755592.1|A/cattle/Texas/24-008749-003/2024(H5N1)	67	144
NP|PP755592.1|A/cattle/Texas/24-008749-003/2024(H5N1)	68	144
NP|PP755592.1|A/cattle/Texas/24-008749-003/2024(H5N1)	69	145
NP|PP755592.1|A/cattle/Texas/24-008749-003/2024(H5N1)	70	145
NP|PP755592.1|A/cattle/Texas/24-008749-003/2024(H5N1)	71	145
NP|PP755592.1|A/cattle/Texas/24-008749-003/2024(H5N1)	72	148
NP|PP755592.1|A/cattle/Texas/24-008749-003/2024(H5N1)	73	148
NP|PP755592.1|A/cattle/Texas/24-008749-003/2024(H5N1)	74	148
NP|PP755592.1|A/cattle/Texas/24-008749-003/2024(H5N1)	75	148
NP|PP755592.1|A/cattle/Texas/24-008749-003/2024(H5N1)	76	148
NP|PP755592.1|A/cattle/Texas/24-008749-003/2024(H5N1)	77	153
NP|PP755592.1|A/cattle/Texas/24-008749-003/2024(H5N1)	78	154
NP|PP755592.1|A/cattle/Texas/24-008749-003/2024(H5N1)	79	154
NP|PP755592.1|A/cattle/Texas/24-008749-003/2024(H5N1)	80	155
NP|PP755592.1|A/cattle/Texas/24-008749-003/2024(H5N1)	81	155
NP|PP755592.1|A/cattle/Texas/24-008749-003/2024(H5N1)	82	155
NP|PP755592.1|A/cattle/Texas/24-008749-003/2024(H5N1)	83	155
NP|PP755592.1|A/cattle/Texas/24-008749-003/2024(H5N1)	84	155
NP|PP755592.1|A/cattle/Texas/24-008749-003/2024(H5N1)	85	156
NP|PP755592.1|A/cattle/Texas/24-008749-003/2024(H5N1)	86	154
NP|PP755592.1|A/cattle/Texas/24-008749-003/2024(H5N1)	87	154
NP|PP755592.1|A/cattle/Texas/24-008749-003/2024(H5N1)	88	155
NP|PP755592.1|A/cattle/Texas/24-008749-003/2024(H5N1)	89	167
NP|PP755592.1|A/cattle/Texas/24-008749-003/2024(H5N1)	90	166
NP|PP755592.1|A/cattle/Texas/24-008749-003/2024(H5N1)	91	166
NP|PP755592.1|A/cattle/Texas/24-008749-003/2024(H5N1)	92	166
NP|PP755592.1|A/cattle/Texas/24-008749-003/2024(H5N1)	93	165
NP|PP755592.1|A/cattle/Texas/24-008749-003/2024(H5N1)	94	165
NP|PP755592.1|A/cattle/Texas/24-008749-003/2024(H5N1)	95	165
NP|PP755592.1|A/cattle/Texas/24-008749-003/2024(H5N1)	96	165
NP|PP755592.1|A/cattle/Texas/24-008749-003/2024(H5N1)	97	167
NP|PP755592.1|A/cattle/Texas/24-008749-003/2024(H5N1)	98	165
NP|PP755592.1|A/cattle/Texas/24-008749-003/2024(H5N1)	99	165
NP|PP755592.1|A/cattle/Texas/24-008749-003/2024(H5N1)	100	165
NP|PP755592.1|A/cattle/Texas/24-008749-003/2024(H5N1)	101	163
NP|PP755592.1|A/cattle/Texas/24-008749-003/2024(H5N1)	102	163
NP|PP755592.1|A/cattle/Texas/24-008749-003/2024(H5N1)	103	163
NP|PP755592.1|A/cattle/Texas/24-008749-003/2024(H5N1)	104	163
NP|PP755592.1|A/cattle/Texas/24-008749-003/2024(H5N1)	105	166
NP|PP755592.1|A/cattle/Texas/24-008749-003/2024(H5N1)	106	160
NP|PP755592.1|A/cattle/Texas/24-008749-003/2024(H5N1)	107	158
NP|PP755592.1|A/cattle/Texas/24-008749-003/2024(H5N1)	108	154
NP|PP755592.1|A/cattle/Texas/24-008749-003/2024(H5N1)	109	154
NP|PP755592.1|A/cattle/Texas/24-008749-003/2024(H5N1)	110	156
NP|PP755592.1|A/cattle/Texas/24-008749-003/2024(H5N1)	111	156
NP|PP755592.1|A/cattle/Texas/24-008749-003/2024(H5N1)	112	155
NP|PP755592.1|A/cattle/Texas/24-008749-003/2024(H5N1)	113	155
NP|PP755592.1|A/cattle/Texas/24-008749-003/2024(H5N1)	114	155
NP|PP755592.1|A/cattle/Texas/24-008749-003/2024(H5N1)	115	155
NP|PP755592.1|A/cattle/Texas/24-008749-003/2024(H5N1)	116	155
NP|PP755592.1|A/cattle/Texas/24-008749-003/2024(H5N1)	117	144
NP|PP755592.1|A/cattle/Texas/24-008749-003/2024(H5N1)	118	144
NP|PP755592.1|A/cattle/Texas/24-008749-003/2024(H5N1)	119	148
NP|PP755592.1|A/cattle/Texas/24-008749-003/2024(H5N1)	120	148
NP|PP755592.1|A/cattle/Texas/24-008749-003/2024(H5N1)	121	149
NP|PP755592.1|A/cattle/Texas/24-008749-003/2024(H5N1)	122	147
NP|PP755592.1|A/cattle/Texas/24-008749-003/2024(H5N1)	123	146
NP|PP755592.1|A/cattle/Texas/24-008749-003/2024(H5N1)	124	147
NP|PP755592.1|A/cattle/Texas/24-008749-003/2024(H5N1)	125	147
NP|PP755592.1|A/cattle/Texas/24-008749-003/2024(H5N1)	126	151
NP|PP755592.1|A/cattle/Texas/24-008749-003/2024(H5N1)	127	153
NP|PP755592.1|A/cattle/Texas/24-008749-003/2024(H5N1)	128	152
NP|PP755592.1|A/cattle/Texas/24-008749-003/2024(H5N1)	129	152
NP|PP755592.1|A/cattle/Texas/24-008749-003/2024(H5N1)	130	146
NP|PP755592.1|A/cattle/Texas/24-008749-003/2024(H5N1)	131	148
NP|PP755592.1|A/cattle/Texas/24-008749-003/2024(H5N1)	132	147
NP|PP755592.1|A/cattle/Texas/24-008749-003/2024(H5N1)	133	148
NP|PP755592.1|A/cattle/Texas/24-008749-003/2024(H5N1)	134	144
NP|PP755592.1|A/cattle/Texas/24-008749-003/2024(H5N1)	135	145
NP|PP755592.1|A/cattle/Texas/24-008749-003/2024(H5N1)	136	150
NP|PP755592.1|A/cattle/Texas/24-008749-003/2024(H5N1)	137	151
NP|PP755592.1|A/cattle/Texas/24-008749-003/2024(H5N1)	138	159
NP|PP755592.1|A/cattle/Texas/24-008749-003/2024(H5N1)	139	159
NP|PP755592.1|A/cattle/Texas/24-008749-003/2024(H5N1)	140	158
NP|PP755592.1|A/cattle/Texas/24-008749-003/2024(H5N1)	141	158
NP|PP755592.1|A/cattle/Texas/24-008749-003/2024(H5N1)	142	154
NP|PP755592.1|A/cattle/Texas/24-008749-003/2024(H5N1)	143	154
NP|PP755592.1|A/cattle/Texas/24-008749-003/2024(H5N1)	144	153
NP|PP755592.1|A/cattle/Texas/24-008749-003/2024(H5N1)	145	150
NP|PP755592.1|A/cattle/Texas/24-008749-003/2024(H5N1)	146	150
NP|PP755592.1|A/cattle/Texas/24-008749-003/2024(H5N1)	147	144
NP|PP755592.1|A/cattle/Texas/24-008749-003/2024(H5N1)	148	143
NP|PP755592.1|A/cattle/Texas/24-008749-003/2024(H5N1)	149	152
NP|PP755592.1|A/cattle/Texas/24-008749-003/2024(H5N1)	150	153
NP|PP755592.1|A/cattle/Texas/24-008749-003/2024(H5N1)	151	155
NP|PP755592.1|A/cattle/Texas/24-008749-003/2024(H5N1)	152	155
NP|PP755592.1|A/cattle/Texas/24-008749-003/2024(H5N1)	153	155
NP|PP755592.1|A/cattle/Texas/24-008749-003/2024(H5N1)	154	152
NP|PP755592.1|A/cattle/Texas/24-008749-003/2024(H5N1)	155	152
NP|PP755592.1|A/cattle/Texas/24-008749-003/2024(H5N1)	156	152
NP|PP755592.1|A/cattle/Texas/24-008749-003/2024(H5N1)	157	156
NP|PP755592.1|A/cattle/Texas/24-008749-003/2024(H5N1)	158	156
NP|PP755592.1|A/cattle/Texas/24-008749-003/2024(H5N1)	159	156
NP|PP755592.1|A/cattle/Texas/24-008749-003/2024(H5N1)	160	154
NP|PP755592.1|A/cattle/Texas/24-008749-003/2024(H5N1)	161	157
NP|PP755592.1|A/cattle/Texas/24-008749-003/2024(H5N1)	162	157
NP|PP755592.1|A/cattle/Texas/24-008749-003/2024(H5N1)	163	156
NP|PP755592.1|A/cattle/Texas/24-008749-003/2024(H5N1)	164	156
NP|PP755592.1|A/cattle/Texas/24-008749-003/2024(H5N1)	165	156
NP|PP755592.1|A/cattle/Texas/24-008749-003/2024(H5N1)	166	157
NP|PP755592.1|A/cattle/Texas/24-008749-003/2024(H5N1)	167	157
NP|PP755592.1|A/cattle/Texas/24-008749-003/2024(H5N1)	168	157
NP|PP755592.1|A/cattle/Texas/24-008749-003/2024(H5N1)	169	162
NP|PP755592.1|A/cattle/Texas/24-008749-003/2024(H5N1)	170	162
NP|PP755592.1|A/cattle/Texas/24-008749-003/2024(H5N1)	171	162
NP|PP755592.1|A/cattle/Texas/24-008749-003/2024(H5N1)	172	162
NP|PP755592.1|A/cattle/Texas/24-008749-003/2024(H5N1)	173	164
NP|PP755592.1|A/cattle/Texas/24-008749-003/2024(H5N1)	174	166
NP|PP755592.1|A/cattle/Texas/24-008749-003/2024(H5N1)	175	166
NP|PP755592.1|A/cattle/Texas/24-008749-003/2024(H5N1)	176	166
NP|PP755592.1|A/cattle/Texas/24-008749-003/2024(H5N1)	177	165
NP|PP755592.1|A/cattle/Texas/24-008749-003/2024(H5N1)	178	163
NP|PP755592.1|A/cattle/Texas/24-008749-003/2024(H5N1)	179	165
NP|PP755592.1|A/cattle/Texas/24-008749-003/2024(H5N1)	180	166
NP|PP755592.1|A/cattle/Texas/24-008749-003/2024(H5N1)	181	166
NP|PP755592.1|A/cattle/Texas/24-008749-003/2024(H5N1)	182	164
NP|PP755592.1|A/cattle/Texas/24-008749-003/2024(H5N1)	183	164
NP|PP755592.1|A/cattle/Texas/24-008749-003/2024(H5N1)	184	167
NP|PP755592.1|A/cattle/Texas/24-008749-003/2024(H5N1)	185	171
NP|PP755592.1|A/cattle/Texas/24-008749-003/2024(H5N1)	186	177
NP|PP755592.1|A/cattle/Texas/24-008749-003/2024(H5N1)	187	177
NP|PP755592.1|A/cattle/Texas/24-008749-003/2024(H5N1)	188	180
NP|PP755592.1|A/cattle/Texas/24-008749-003/2024(H5N1)	189	180
NP|PP755592.1|A/cattle/Texas/24-008749-003/2024(H5N1)	190	182
NP|PP755592.1|A/cattle/Texas/24-008749-003/2024(H5N1)	191	182
NP|PP755592.1|A/cattle/Texas/24-008749-003/2024(H5N1)	192	182
NP|PP755592.1|A/cattle/Texas/24-008749-003/2024(H5N1)	193	178
NP|PP755592.1|A/cattle/Texas/24-008749-003/2024(H5N1)	194	177
NP|PP755592.1|A/cattle/Texas/24-008749-003/2024(H5N1)	195	178
NP|PP755592.1|A/cattle/Texas/24-008749-003/2024(H5N1)	196	181
NP|PP755592.1|A/cattle/Texas/24-008749-003/2024(H5N1)	197	179
NP|PP755592.1|A/cattle/Texas/24-008749-003/2024(H5N1)	198	178
NP|PP755592.1|A/cattle/Texas/24-008749-003/2024(H5N1)	199	181
NP|PP755592.1|A/cattle/Texas/24-008749-003/2024(H5N1)	200	173
NP|PP755592.1|A/cattle/Texas/24-008749-003/2024(H5N1)	201	172
NP|PP755592.1|A/cattle/Texas/24-008749-003/2024(H5N1)	202	171
NP|PP755592.1|A/cattle/Texas/24-008749-003/2024(H5N1)	203	165
NP|PP755592.1|A/cattle/Texas/24-008749-003/2024(H5N1)	204	165
NP|PP755592.1|A/cattle/Texas/24-008749-003/2024(H5N1)	205	166
NP|PP755592.1|A/cattle/Texas/24-008749-003/2024(H5N1)	206	168
NP|PP755592.1|A/cattle/Texas/24-008749-003/2024(H5N1)	207	167
NP|PP755592.1|A/cattle/Texas/24-008749-003/2024(H5N1)	208	170
NP|PP755592.1|A/cattle/Texas/24-008749-003/2024(H5N1)	209	167
NP|PP755592.1|A/cattle/Texas/24-008749-003/2024(H5N1)	210	167
NP|PP755592.1|A/cattle/Texas/24-008749-003/2024(H5N1)	211	168
NP|PP755592.1|A/cattle/Texas/24-008749-003/2024(H5N1)	212	168
NP|PP755592.1|A/cattle/Texas/24-008749-003/2024(H5N1)	213	164
NP|PP755592.1|A/cattle/Texas/24-008749-003/2024(H5N1)	214	168
NP|PP755592.1|A/cattle/Texas/24-008749-003/2024(H5N1)	215	166
NP|PP755592.1|A/cattle/Texas/24-008749-003/2024(H5N1)	216	166
NP|PP755592.1|A/cattle/Texas/24-008749-003/2024(H5N1)	217	166
NP|PP755592.1|A/cattle/Texas/24-008749-003/2024(H5N1)	218	160
NP|PP755592.1|A/cattle/Texas/24-008749-003/2024(H5N1)	219	160
NP|PP755592.1|A/cattle/Texas/24-008749-003/2024(H5N1)	220	159
NP|PP755592.1|A/cattle/Texas/24-008749-003/2024(H5N1)	221	170
NP|PP755592.1|A/cattle/Texas/24-008749-003/2024(H5N1)	222	172
NP|PP755592.1|A/cattle/Texas/24-008749-003/2024(H5N1)	223	170
NP|PP755592.1|A/cattle/Texas/24-008749-003/2024(H5N1)	224	170
NP|PP755592.1|A/cattle/Texas/24-008749-003/2024(H5N1)	225	172
NP|PP755592.1|A/cattle/Texas/24-008749-003/2024(H5N1)	226	172
NP|PP755592.1|A/cattle/Texas/24-008749-003/2024(H5N1)	227	172
NP|PP755592.1|A/cattle/Texas/24-008749-003/2024(H5N1)	228	167
NP|PP755592.1|A/cattle/Texas/24-008749-003/2024(H5N1)	229	167
NP|PP755592.1|A/cattle/Texas/24-008749-003/2024(H5N1)	230	168
NP|PP755592.1|A/cattle/Texas/24-008749-003/2024(H5N1)	231	168
NP|PP755592.1|A/cattle/Texas/24-008749-003/2024(H5N1)	232	169
NP|PP755592.1|A/cattle/Texas/24-008749-003/2024(H5N1)	233	170
NP|PP755592.1|A/cattle/Texas/24-008749-003/2024(H5N1)	234	172
NP|PP755592.1|A/cattle/Texas/24-008749-003/2024(H5N1)	235	172
NP|PP755592.1|A/cattle/Texas/24-008749-003/2024(H5N1)	236	172
NP|PP755592.1|A/cattle/Texas/24-008749-003/2024(H5N1)	237	172
NP|PP755592.1|A/cattle/Texas/24-008749-003/2024(H5N1)	238	172
NP|PP755592.1|A/cattle/Texas/24-008749-003/2024(H5N1)	239	165
NP|PP755592.1|A/cattle/Texas/24-008749-003/2024(H5N1)	240	160
NP|PP755592.1|A/cattle/Texas/24-008749-003/2024(H5N1)	241	163
NP|PP755592.1|A/cattle/Texas/24-008749-003/2024(H5N1)	242	169
NP|PP755592.1|A/cattle/Texas/24-008749-003/2024(H5N1)	243	167
NP|PP755592.1|A/cattle/Texas/24-008749-003/2024(H5N1)	244	168
NP|PP755592.1|A/cattle/Texas/24-008749-003/2024(H5N1)	245	168
NP|PP755592.1|A/cattle/Texas/24-008749-003/2024(H5N1)	246	178
NP|PP755592.1|A/cattle/Texas/24-008749-003/2024(H5N1)	247	177
NP|PP755592.1|A/cattle/Texas/24-008749-003/2024(H5N1)	248	177
NP|PP755592.1|A/cattle/Texas/24-008749-003/2024(H5N1)	249	177
NP|PP755592.1|A/cattle/Texas/24-008749-003/2024(H5N1)	250	177
NP|PP755592.1|A/cattle/Texas/24-008749-003/2024(H5N1)	251	178
NP|PP755592.1|A/cattle/Texas/24-008749-003/2024(H5N1)	252	181
NP|PP755592.1|A/cattle/Texas/24-008749-003/2024(H5N1)	253	181
NP|PP755592.1|A/cattle/Texas/24-008749-003/2024(H5N1)	254	182
NP|PP755592.1|A/cattle/Texas/24-008749-003/2024(H5N1)	255	173
NP|PP755592.1|A/cattle/Texas/24-008749-003/2024(H5N1)	256	173
NP|PP755592.1|A/cattle/Texas/24-008749-003/2024(H5N1)	257	173
NP|PP755592.1|A/cattle/Texas/24-008749-003/2024(H5N1)	258	173
NP|PP755592.1|A/cattle/Texas/24-008749-003/2024(H5N1)	259	179
NP|PP755592.1|A/cattle/Texas/24-008749-003/2024(H5N1)	260	177
NP|PP755592.1|A/cattle/Texas/24-008749-003/2024(H5N1)	261	177
NP|PP755592.1|A/cattle/Texas/24-008749-003/2024(H5N1)	262	177
NP|PP755592.1|A/cattle/Texas/24-008749-003/2024(H5N1)	263	183
NP|PP755592.1|A/cattle/Texas/24-008749-003/2024(H5N1)	264	183
NP|PP755592.1|A/cattle/Texas/24-008749-003/2024(H5N1)	265	182
NP|PP755592.1|A/cattle/Texas/24-008749-003/2024(H5N1)	266	180
NP|PP755592.1|A/cattle/Texas/24-008749-003/2024(H5N1)	267	182
NP|PP755592.1|A/cattle/Texas/24-008749-003/2024(H5N1)	268	182
NP|PP755592.1|A/cattle/Texas/24-008749-003/2024(H5N1)	269	186
NP|PP755592.1|A/cattle/Texas/24-008749-003/2024(H5N1)	270	190
NP|PP755592.1|A/cattle/Texas/24-008749-003/2024(H5N1)	271	190
NP|PP755592.1|A/cattle/Texas/24-008749-003/2024(H5N1)	272	188
NP|PP755592.1|A/cattle/Texas/24-008749-003/2024(H5N1)	273	186
NP|PP755592.1|A/cattle/Texas/24-008749-003/2024(H5N1)	274	186
NP|PP755592.1|A/cattle/Texas/24-008749-003/2024(H5N1)	275	182
NP|PP755592.1|A/cattle/Texas/24-008749-003/2024(H5N1)	276	180
NP|PP755592.1|A/cattle/Texas/24-008749-003/2024(H5N1)	277	180
NP|PP755592.1|A/cattle/Texas/24-008749-003/2024(H5N1)	278	180
NP|PP755592.1|A/cattle/Texas/24-008749-003/2024(H5N1)	279	177
NP|PP755592.1|A/cattle/Texas/24-008749-003/2024(H5N1)	280	182
NP|PP755592.1|A/cattle/Texas/24-008749-003/2024(H5N1)	281	184
NP|PP755592.1|A/cattle/Texas/24-008749-003/2024(H5N1)	282	184
NP|PP755592.1|A/cattle/Texas/24-008749-003/2024(H5N1)	283	185
NP|PP755592.1|A/cattle/Texas/24-008749-003/2024(H5N1)	284	184
NP|PP755592.1|A/cattle/Texas/24-008749-003/2024(H5N1)	285	186
NP|PP755592.1|A/cattle/Texas/24-008749-003/2024(H5N1)	286	191
NP|PP755592.1|A/cattle/Texas/24-008749-003/2024(H5N1)	287	186
NP|PP755592.1|A/cattle/Texas/24-008749-003/2024(H5N1)	288	183
NP|PP755592.1|A/cattle/Texas/24-008749-003/2024(H5N1)	289	184
NP|PP755592.1|A/cattle/Texas/24-008749-003/2024(H5N1)	290	184
NP|PP755592.1|A/cattle/Texas/24-008749-003/2024(H5N1)	291	190
NP|PP755592.1|A/cattle/Texas/24-008749-003/2024(H5N1)	292	190
NP|PP755592.1|A/cattle/Texas/24-008749-003/2024(H5N1)	293	193
NP|PP755592.1|A/cattle/Texas/24-008749-003/2024(H5N1)	294	194
NP|PP755592.1|A/cattle/Texas/24-008749-003/2024(H5N1)	295	184
NP|PP755592.1|A/cattle/Texas/24-008749-003/2024(H5N1)	296	184
NP|PP755592.1|A/cattle/Texas/24-008749-003/2024(H5N1)	297	186
NP|PP755592.1|A/cattle/Texas/24-008749-003/2024(H5N1)	298	190
NP|PP755592.1|A/cattle/Texas/24-008749-003/2024(H5N1)	299	190
NP|PP755592.1|A/cattle/Texas/24-008749-003/2024(H5N1)	300	188
NP|PP755592.1|A/cattle/Texas/24-008749-003/2024(H5N1)	301	189
NP|PP755592.1|A/cattle/Texas/24-008749-003/2024(H5N1)	302	192
NP|PP755592.1|A/cattle/Texas/24-008749-003/2024(H5N1)	303	192
NP|PP755592.1|A/cattle/Texas/24-008749-003/2024(H5N1)	304	189
NP|PP755592.1|A/cattle/Texas/24-008749-003/2024(H5N1)	305	191
NP|PP755592.1|A/cattle/Texas/24-008749-003/2024(H5N1)	306	191
NP|PP755592.1|A/cattle/Texas/24-008749-003/2024(H5N1)	307	198
NP|PP755592.1|A/cattle/Texas/24-008749-003/2024(H5N1)	308	198
NP|PP755592.1|A/cattle/Texas/24-008749-003/2024(H5N1)	309	199
NP|PP755592.1|A/cattle/Texas/24-008749-003/2024(H5N1)	310	199
NP|PP755592.1|A/cattle/Texas/24-008749-003/2024(H5N1)	311	199
NP|PP755592.1|A/cattle/Texas/24-008749-003/2024(H5N1)	312	199
NP|PP755592.1|A/cattle/Texas/24-008749-003/2024(H5N1)	313	200
NP|PP755592.1|A/cattle/Texas/24-008749-003/2024(H5N1)	314	203
NP|PP755592.1|A/cattle/Texas/24-008749-003/2024(H5N1)	315	203
NP|PP755592.1|A/cattle/Texas/24-008749-003/2024(H5N1)	316	204
NP|PP755592.1|A/cattle/Texas/24-008749-003/2024(H5N1)	317	204
NP|PP755592.1|A/cattle/Texas/24-008749-003/2024(H5N1)	318	204
NP|PP755592.1|A/cattle/Texas/24-008749-003/2024(H5N1)	319	206
NP|PP755592.1|A/cattle/Texas/24-008749-003/2024(H5N1)	320	204
NP|PP755592.1|A/cattle/Texas/24-008749-003/2024(H5N1)	321	204
NP|PP755592.1|A/cattle/Texas/24-008749-003/2024(H5N1)	322	205
NP|PP755592.1|A/cattle/Texas/24-008749-003/2024(H5N1)	323	205
NP|PP755592.1|A/cattle/Texas/24-008749-003/2024(H5N1)	324	202
NP|PP755592.1|A/cattle/Texas/24-008749-003/2024(H5N1)	325	210
NP|PP755592.1|A/cattle/Texas/24-008749-003/2024(H5N1)	326	214
NP|PP755592.1|A/cattle/Texas/24-008749-003/2024(H5N1)	327	214
NP|PP755592.1|A/cattle/Texas/24-008749-003/2024(H5N1)	328	223
NP|PP755592.1|A/cattle/Texas/24-008749-003/2024(H5N1)	329	221
NP|PP755592.1|A/cattle/Texas/24-008749-003/2024(H5N1)	330	216
NP|PP755592.1|A/cattle/Texas/24-008749-003/2024(H5N1)	331	221
NP|PP755592.1|A/cattle/Texas/24-008749-003/2024(H5N1)	332	221
NP|PP755592.1|A/cattle/Texas/24-008749-003/2024(H5N1)	333	221
NP|PP755592.1|A/cattle/Texas/24-008749-003/2024(H5N1)	334	226
NP|PP755592.1|A/cattle/Texas/24-008749-003/2024(H5N1)	335	231
NP|PP755592.1|A/cattle/Texas/24-008749-003/2024(H5N1)	336	228
NP|PP755592.1|A/cattle/Texas/24-008749-003/2024(H5N1)	337	230
NP|PP755592.1|A/cattle/Texas/24-008749-003/2024(H5N1)	338	237
NP|PP755592.1|A/cattle/Texas/24-008749-003/2024(H5N1)	339	234
NP|PP755592.1|A/cattle/Texas/24-008749-003/2024(H5N1)	340	236
NP|PP755592.1|A/cattle/Texas/24-008749-003/2024(H5N1)	341	238
NP|PP755592.1|A/cattle/Texas/24-008749-003/2024(H5N1)	342	238
NP|PP755592.1|A/cattle/Texas/24-008749-003/2024(H5N1)	343	243
NP|PP755592.1|A/cattle/Texas/24-008749-003/2024(H5N1)	344	239
NP|PP755592.1|A/cattle/Texas/24-008749-003/2024(H5N1)	345	238
NP|PP755592.1|A/cattle/Texas/24-008749-003/2024(H5N1)	346	237
NP|PP755592.1|A/cattle/Texas/24-008749-003/2024(H5N1)	347	240
NP|PP755592.1|A/cattle/Texas/24-008749-003/2024(H5N1)	348	240
NP|PP755592.1|A/cattle/Texas/24-008749-003/2024(H5N1)	349	237
NP|PP755592.1|A/cattle/Texas/24-008749-003/2024(H5N1)	350	244
NP|PP755592.1|A/cattle/Texas/24-008749-003/2024(H5N1)	351	244
NP|PP755592.1|A/cattle/Texas/24-008749-003/2024(H5N1)	352	244
NP|PP755592.1|A/cattle/Texas/24-008749-003/2024(H5N1)	353	244
NP|PP755592.1|A/cattle/Texas/24-008749-003/2024(H5N1)	354	247
NP|PP755592.1|A/cattle/Texas/24-008749-003/2024(H5N1)	355	247
NP|PP755592.1|A/cattle/Texas/24-008749-003/2024(H5N1)	356	246
NP|PP755592.1|A/cattle/Texas/24-008749-003/2024(H5N1)	357	246
NP|PP755592.1|A/cattle/Texas/24-008749-003/2024(H5N1)	358	249
NP|PP755592.1|A/cattle/Texas/24-008749-003/2024(H5N1)	359	246
NP|PP755592.1|A/cattle/Texas/24-008749-003/2024(H5N1)	360	249
NP|PP755592.1|A/cattle/Texas/24-008749-003/2024(H5N1)	361	249
NP|PP755592.1|A/cattle/Texas/24-008749-003/2024(H5N1)	362	249
NP|PP755592.1|A/cattle/Texas/24-008749-003/2024(H5N1)	363	250
NP|PP755592.1|A/cattle/Texas/24-008749-003/2024(H5N1)	364	252
NP|PP755592.1|A/cattle/Texas/24-008749-003/2024(H5N1)	365	252
NP|PP755592.1|A/cattle/Texas/24-008749-003/2024(H5N1)	366	259
NP|PP755592.1|A/cattle/Texas/24-008749-003/2024(H5N1)	367	261
NP|PP755592.1|A/cattle/Texas/24-008749-003/2024(H5N1)	368	262
NP|PP755592.1|A/cattle/Texas/24-008749-003/2024(H5N1)	369	264
NP|PP755592.1|A/cattle/Texas/24-008749-003/2024(H5N1)	370	265
NP|PP755592.1|A/cattle/Texas/24-008749-003/2024(H5N1)	371	265
NP|PP755592.1|A/cattle/Texas/24-008749-003/2024(H5N1)	372	262
NP|PP755592.1|A/cattle/Texas/24-008749-003/2024(H5N1)	373	260
NP|PP755592.1|A/cattle/Texas/24-008749-003/2024(H5N1)	374	260
NP|PP755592.1|A/cattle/Texas/24-008749-003/2024(H5N1)	375	258
NP|PP755592.1|A/cattle/Texas/24-008749-003/2024(H5N1)	376	260
NP|PP755592.1|A/cattle/Texas/24-008749-003/2024(H5N1)	377	260
NP|PP755592.1|A/cattle/Texas/24-008749-003/2024(H5N1)	378	260
NP|PP755592.1|A/cattle/Texas/24-008749-003/2024(H5N1)	379	261
NP|PP755592.1|A/cattle/Texas/24-008749-003/2024(H5N1)	380	261
NP|PP755592.1|A/cattle/Texas/24-008749-003/2024(H5N1)	381	263
NP|PP755592.1|A/cattle/Texas/24-008749-003/2024(H5N1)	382	263
NP|PP755592.1|A/cattle/Texas/24-008749-003/2024(H5N1)	383	265
NP|PP755592.1|A/cattle/Texas/24-008749-003/2024(H5N1)	384	264
NP|PP755592.1|A/cattle/Texas/24-008749-003/2024(H5N1)	385	262
NP|PP755592.1|A/cattle/Texas/24-008749-003/2024(H5N1)	386	264
NP|PP755592.1|A/cattle/Texas/24-008749-003/2024(H5N1)	387	264
NP|PP755592.1|A/cattle/Texas/24-008749-003/2024(H5N1)	388	264
NP|PP755592.1|A/cattle/Texas/24-008749-003/2024(H5N1)	389	263
NP|PP755592.1|A/cattle/Texas/24-008749-003/2024(H5N1)	390	260
NP|PP755592.1|A/cattle/Texas/24-008749-003/2024(H5N1)	391	261
NP|PP755592.1|A/cattle/Texas/24-008749-003/2024(H5N1)	392	256
NP|PP755592.1|A/cattle/Texas/24-008749-003/2024(H5N1)	393	254
NP|PP755592.1|A/cattle/Texas/24-008749-003/2024(H5N1)	394	257
NP|PP755592.1|A/cattle/Texas/24-008749-003/2024(H5N1)	395	266
NP|PP755592.1|A/cattle/Texas/24-008749-003/2024(H5N1)	396	266
NP|PP755592.1|A/cattle/Texas/24-008749-003/2024(H5N1)	397	258
NP|PP755592.1|A/cattle/Texas/24-008749-003/2024(H5N1)	398	257
NP|PP755592.1|A/cattle/Texas/24-008749-003/2024(H5N1)	399	258
NP|PP755592.1|A/cattle/Texas/24-008749-003/2024(H5N1)	400	258
NP|PP755592.1|A/cattle/Texas/24-008749-003/2024(H5N1)	401	266
NP|PP755592.1|A/cattle/Texas/24-008749-003/2024(H5N1)	402	266
NP|PP755592.1|A/cattle/Texas/24-008749-003/2024(H5N1)	403	264
NP|PP755592.1|A/cattle/Texas/24-008749-003/2024(H5N1)	404	264
NP|PP755592.1|A/cattle/Texas/24-008749-003/2024(H5N1)	405	269
NP|PP755592.1|A/cattle/Texas/24-008749-003/2024(H5N1)	406	270
NP|PP755592.1|A/cattle/Texas/24-008749-003/2024(H5N1)	407	270
NP|PP755592.1|A/cattle/Texas/24-008749-003/2024(H5N1)	408	270
NP|PP755592.1|A/cattle/Texas/24-008749-003/2024(H5N1)	409	270
NP|PP755592.1|A/cattle/Texas/24-008749-003/2024(H5N1)	410	262
NP|PP755592.1|A/cattle/Texas/24-008749-003/2024(H5N1)	411	260
NP|PP755592.1|A/cattle/Texas/24-008749-003/2024(H5N1)	412	256
NP|PP755592.1|A/cattle/Texas/24-008749-003/2024(H5N1)	413	259
NP|PP755592.1|A/cattle/Texas/24-008749-003/2024(H5N1)	414	257
NP|PP755592.1|A/cattle/Texas/24-008749-003/2024(H5N1)	415	257
NP|PP755592.1|A/cattle/Texas/24-008749-003/2024(H5N1)	416	257
NP|PP755592.1|A/cattle/Texas/24-008749-003/2024(H5N1)	417	257
NP|PP755592.1|A/cattle/Texas/24-008749-003/2024(H5N1)	418	255
NP|PP755592.1|A/cattle/Texas/24-008749-003/2024(H5N1)	419	257
NP|PP755592.1|A/cattle/Texas/24-008749-003/2024(H5N1)	420	255
NP|PP755592.1|A/cattle/Texas/24-008749-003/2024(H5N1)	421	247
NP|PP755592.1|A/cattle/Texas/24-008749-003/2024(H5N1)	422	247
NP|PP755592.1|A/cattle/Texas/24-008749-003/2024(H5N1)	423	247
NP|PP755592.1|A/cattle/Texas/24-008749-003/2024(H5N1)	424	247
NP|PP755592.1|A/cattle/Texas/24-008749-003/2024(H5N1)	425	247
NP|PP755592.1|A/cattle/Texas/24-008749-003/2024(H5N1)	426	245
NP|PP755592.1|A/cattle/Texas/24-008749-003/2024(H5N1)	427	245
NP|PP755592.1|A/cattle/Texas/24-008749-003/2024(H5N1)	428	245
NP|PP755592.1|A/cattle/Texas/24-008749-003/2024(H5N1)	429	246
NP|PP755592.1|A/cattle/Texas/24-008749-003/2024(H5N1)	430	246
NP|PP755592.1|A/cattle/Texas/24-008749-003/2024(H5N1)	431	241
NP|PP755592.1|A/cattle/Texas/24-008749-003/2024(H5N1)	432	240
NP|PP755592.1|A/cattle/Texas/24-008749-003/2024(H5N1)	433	235
NP|PP755592.1|A/cattle/Texas/24-008749-003/2024(H5N1)	434	234
NP|PP755592.1|A/cattle/Texas/24-008749-003/2024(H5N1)	435	234
NP|PP755592.1|A/cattle/Texas/24-008749-003/2024(H5N1)	436	232
NP|PP755592.1|A/cattle/Texas/24-008749-003/2024(H5N1)	437	232
NP|PP755592.1|A/cattle/Texas/24-008749-003/2024(H5N1)	438	227
NP|PP755592.1|A/cattle/Texas/24-008749-003/2024(H5N1)	439	227
NP|PP755592.1|A/cattle/Texas/24-008749-003/2024(H5N1)	440	227
NP|PP755592.1|A/cattle/Texas/24-008749-003/2024(H5N1)	441	230
NP|PP755592.1|A/cattle/Texas/24-008749-003/2024(H5N1)	442	225
NP|PP755592.1|A/cattle/Texas/24-008749-003/2024(H5N1)	443	224
NP|PP755592.1|A/cattle/Texas/24-008749-003/2024(H5N1)	444	224
NP|PP755592.1|A/cattle/Texas/24-008749-003/2024(H5N1)	445	222
NP|PP755592.1|A/cattle/Texas/24-008749-003/2024(H5N1)	446	213
NP|PP755592.1|A/cattle/Texas/24-008749-003/2024(H5N1)	447	217
NP|PP755592.1|A/cattle/Texas/24-008749-003/2024(H5N1)	448	217
NP|PP755592.1|A/cattle/Texas/24-008749-003/2024(H5N1)	449	223
NP|PP755592.1|A/cattle/Texas/24-008749-003/2024(H5N1)	450	239
NP|PP755592.1|A/cattle/Texas/24-008749-003/2024(H5N1)	451	240
NP|PP755592.1|A/cattle/Texas/24-008749-003/2024(H5N1)	452	236
NP|PP755592.1|A/cattle/Texas/24-008749-003/2024(H5N1)	453	233
NP|PP755592.1|A/cattle/Texas/24-008749-003/2024(H5N1)	454	233
NP|PP755592.1|A/cattle/Texas/24-008749-003/2024(H5N1)	455	235
NP|PP755592.1|A/cattle/Texas/24-008749-003/2024(H5N1)	456	233
NP|PP755592.1|A/cattle/Texas/24-008749-003/2024(H5N1)	457	233
NP|PP755592.1|A/cattle/Texas/24-008749-003/2024(H5N1)	458	225
NP|PP755592.1|A/cattle/Texas/24-008749-003/2024(H5N1)	459	225
NP|PP755592.1|A/cattle/Texas/24-008749-003/2024(H5N1)	460	223
NP|PP755592.1|A/cattle/Texas/24-008749-003/2024(H5N1)	461	223
NP|PP755592.1|A/cattle/Texas/24-008749-003/2024(H5N1)	462	226
NP|PP755592.1|A/cattle/Texas/24-008749-003/2024(H5N1)	463	226
NP|PP755592.1|A/cattle/Texas/24-008749-003/2024(H5N1)	464	223
NP|PP755592.1|A/cattle/Texas/24-008749-003/2024(H5N1)	465	219
NP|PP755592.1|A/cattle/Texas/24-008749-003/2024(H5N1)	466	219
NP|PP755592.1|A/cattle/Texas/24-008749-003/2024(H5N1)	467	231
NP|PP755592.1|A/cattle/Texas/24-008749-003/2024(H5N1)	468	231
NP|PP755592.1|A/cattle/Texas/24-008749-003/2024(H5N1)	469	230
NP|PP755592.1|A/cattle/Texas/24-008749-003/2024(H5N1)	470	227
NP|PP755592.1|A/cattle/Texas/24-008749-003/2024(H5N1)	471	227
NP|PP755592.1|A/cattle/Texas/24-008749-003/2024(H5N1)	472	229
NP|PP755592.1|A/cattle/Texas/24-008749-003/2024(H5N1)	473	229
NP|PP755592.1|A/cattle/Texas/24-008749-003/2024(H5N1)	474	229
NP|PP755592.1|A/cattle/Texas/24-008749-003/2024(H5N1)	475	228
NP|PP755592.1|A/cattle/Texas/24-008749-003/2024(H5N1)	476	216
NP|PP755592.1|A/cattle/Texas/24-008749-003/2024(H5N1)	477	212
NP|PP755592.1|A/cattle/Texas/24-008749-003/2024(H5N1)	478	211
NP|PP755592.1|A/cattle/Texas/24-008749-003/2024(H5N1)	479	221
NP|PP755592.1|A/cattle/Texas/24-008749-003/2024(H5N1)	480	219
NP|PP755592.1|A/cattle/Texas/24-008749-003/2024(H5N1)	481	214
NP|PP755592.1|A/cattle/Texas/24-008749-003/2024(H5N1)	482	211
NP|PP755592.1|A/cattle/Texas/24-008749-003/2024(H5N1)	483	213
NP|PP755592.1|A/cattle/Texas/24-008749-003/2024(H5N1)	484	220
NP|PP755592.1|A/cattle/Texas/24-008749-003/2024(H5N1)	485	221
NP|PP755592.1|A/cattle/Texas/24-008749-003/2024(H5N1)	486	220
NP|PP755592.1|A/cattle/Texas/24-008749-003/2024(H5N1)	487	219
NP|PP755592.1|A/cattle/Texas/24-008749-003/2024(H5N1)	488	201
NP|PP755592.1|A/cattle/Texas/24-008749-003/2024(H5N1)	489	195
NP|PP755592.1|A/cattle/Texas/24-008749-003/2024(H5N1)	490	193
NP|PP755592.1|A/cattle/Texas/24-008749-003/2024(H5N1)	491	191
NP|PP755592.1|A/cattle/Texas/24-008749-003/2024(H5N1)	492	191
NP|PP755592.1|A/cattle/Texas/24-008749-003/2024(H5N1)	493	187
NP|PP755592.1|A/cattle/Texas/24-008749-003/2024(H5N1)	494	189
NP|PP755592.1|A/cattle/Texas/24-008749-003/2024(H5N1)	495	188
NP|PP755592.1|A/cattle/Texas/24-008749-003/2024(H5N1)	496	192
NP|PP755592.1|A/cattle/Texas/24-008749-003/2024(H5N1)	497	192
NP|PP755592.1|A/cattle/Texas/24-008749-003/2024(H5N1)	498	194
NP|PP755592.1|A/cattle/Texas/24-008749-003/2024(H5N1)	499	198
NP|PP755592.1|A/cattle/Texas/24-008749-003/2024(H5N1)	500	206
NP|PP755592.1|A/cattle/Texas/24-008749-003/2024(H5N1)	501	203
NP|PP755592.1|A/cattle/Texas/24-008749-003/2024(H5N1)	502	203
NP|PP755592.1|A/cattle/Texas/24-008749-003/2024(H5N1)	503	195
NP|PP755592.1|A/cattle/Texas/24-008749-003/2024(H5N1)	504	196
NP|PP755592.1|A/cattle/Texas/24-008749-003/2024(H5N1)	505	197
NP|PP755592.1|A/cattle/Texas/24-008749-003/2024(H5N1)	506	209
NP|PP755592.1|A/cattle/Texas/24-008749-003/2024(H5N1)	507	209
NP|PP755592.1|A/cattle/Texas/24-008749-003/2024(H5N1)	508	207
NP|PP755592.1|A/cattle/Texas/24-008749-003/2024(H5N1)	509	206
NP|PP755592.1|A/cattle/Texas/24-008749-003/2024(H5N1)	510	223
NP|PP755592.1|A/cattle/Texas/24-008749-003/2024(H5N1)	511	224
NP|PP755592.1|A/cattle/Texas/24-008749-003/2024(H5N1)	512	225
NP|PP755592.1|A/cattle/Texas/24-008749-003/2024(H5N1)	513	225
NP|PP755592.1|A/cattle/Texas/24-008749-003/2024(H5N1)	514	228
NP|PP755592.1|A/cattle/Texas/24-008749-003/2024(H5N1)	515	221
NP|PP755592.1|A/cattle/Texas/24-008749-003/2024(H5N1)	516	220
NP|PP755592.1|A/cattle/Texas/24-008749-003/2024(H5N1)	517	219
NP|PP755592.1|A/cattle/Texas/24-008749-003/2024(H5N1)	518	216
NP|PP755592.1|A/cattle/Texas/24-008749-003/2024(H5N1)	519	216
NP|PP755592.1|A/cattle/Texas/24-008749-003/2024(H5N1)	520	219
NP|PP755592.1|A/cattle/Texas/24-008749-003/2024(H5N1)	521	219
NP|PP755592.1|A/cattle/Texas/24-008749-003/2024(H5N1)	522	219
NP|PP755592.1|A/cattle/Texas/24-008749-003/2024(H5N1)	523	214
NP|PP755592.1|A/cattle/Texas/24-008749-003/2024(H5N1)	524	222
NP|PP755592.1|A/cattle/Texas/24-008749-003/2024(H5N1)	525	227
NP|PP755592.1|A/cattle/Texas/24-008749-003/2024(H5N1)	526	227
NP|PP755592.1|A/cattle/Texas/24-008749-003/2024(H5N1)	527	225
NP|PP755592.1|A/cattle/Texas/24-008749-003/2024(H5N1)	528	224
NP|PP755592.1|A/cattle/Texas/24-008749-003/2024(H5N1)	529	224
NP|PP755592.1|A/cattle/Texas/24-008749-003/2024(H5N1)	530	225
NP|PP755592.1|A/cattle/Texas/24-008749-003/2024(H5N1)	531	226
NP|PP755592.1|A/cattle/Texas/24-008749-003/2024(H5N1)	532	223
NP|PP755592.1|A/cattle/Texas/24-008749-003/2024(H5N1)	533	224
NP|PP755592.1|A/cattle/Texas/24-008749-003/2024(H5N1)	534	221
NP|PP755592.1|A/cattle/Texas/24-008749-003/2024(H5N1)	535	224
NP|PP755592.1|A/cattle/Texas/24-008749-003/2024(H5N1)	536	225
NP|PP755592.1|A/cattle/Texas/24-008749-003/2024(H5N1)	537	225
NP|PP755592.1|A/cattle/Texas/24-008749-003/2024(H5N1)	538	225
NP|PP755592.1|A/cattle/Texas/24-008749-003/2024(H5N1)	539	225
NP|PP755592.1|A/cattle/Texas/24-008749-003/2024(H5N1)	540	223
NP|PP755592.1|A/cattle/Texas/24-008749-003/2024(H5N1)	541	223
NP|PP755592.1|A/cattle/Texas/24-008749-003/2024(H5N1)	542	222
NP|PP755592.1|A/cattle/Texas/24-008749-003/2024(H5N1)	543	222
NP|PP755592.1|A/cattle/Texas/24-008749-003/2024(H5N1)	544	224
NP|PP755592.1|A/cattle/Texas/24-008749-003/2024(H5N1)	545	213
NP|PP755592.1|A/cattle/Texas/24-008749-003/2024(H5N1)	546	217
NP|PP755592.1|A/cattle/Texas/24-008749-003/2024(H5N1)	547	217
NP|PP755592.1|A/cattle/Texas/24-008749-003/2024(H5N1)	548	221
NP|PP755592.1|A/cattle/Texas/24-008749-003/2024(H5N1)	549	221
NP|PP755592.1|A/cattle/Texas/24-008749-003/2024(H5N1)	550	220
NP|PP755592.1|A/cattle/Texas/24-008749-003/2024(H5N1)	551	220
NP|PP755592.1|A/cattle/Texas/24-008749-003/2024(H5N1)	552	211
NP|PP755592.1|A/cattle/Texas/24-008749-003/2024(H5N1)	553	211
NP|PP755592.1|A/cattle/Texas/24-008749-003/2024(H5N1)	554	219
NP|PP755592.1|A/cattle/Texas/24-008749-003/2024(H5N1)	555	216
NP|PP755592.1|A/cattle/Texas/24-008749-003/2024(H5N1)	556	217
NP|PP755592.1|A/cattle/Texas/24-008749-003/2024(H5N1)	557	217
NP|PP755592.1|A/cattle/Texas/24-008749-003/2024(H5N1)	558	217
NP|PP755592.1|A/cattle/Texas/24-008749-003/2024(H5N1)	559	217
NP|PP755592.1|A/cattle/Texas/24-008749-003/2024(H5N1)	560	227
NP|PP755592.1|A/cattle/Texas/24-008749-003/2024(H5N1)	561	227
NP|PP755592.1|A/cattle/Texas/24-008749-003/2024(H5N1)	562	228
NP|PP755592.1|A/cattle/Texas/24-008749-003/2024(H5N1)	563	228
NP|PP755592.1|A/cattle/Texas/24-008749-003/2024(H5N1)	564	225
NP|PP755592.1|A/cattle/Texas/24-008749-003/2024(H5N1)	565	226
NP|PP755592.1|A/cattle/Texas/24-008749-003/2024(H5N1)	566	226
NP|PP755592.1|A/cattle/Texas/24-008749-003/2024(H5N1)	567	229
NP|PP755592.1|A/cattle/Texas/24-008749-003/2024(H5N1)	568	229
NP|PP755592.1|A/cattle/Texas/24-008749-003/2024(H5N1)	569	229
NP|PP755592.1|A/cattle/Texas/24-008749-003/2024(H5N1)	570	227
NP|PP755592.1|A/cattle/Texas/24-008749-003/2024(H5N1)	571	233
NP|PP755592.1|A/cattle/Texas/24-008749-003/2024(H5N1)	572	233
NP|PP755592.1|A/cattle/Texas/24-008749-003/2024(H5N1)	573	233
NP|PP755592.1|A/cattle/Texas/24-008749-003/2024(H5N1)	574	236
NP|PP755592.1|A/cattle/Texas/24-008749-003/2024(H5N1)	575	236
NP|PP755592.1|A/cattle/Texas/24-008749-003/2024(H5N1)	576	236
NP|PP755592.1|A/cattle/Texas/24-008749-003/2024(H5N1)	577	236
NP|PP755592.1|A/cattle/Texas/24-008749-003/2024(H5N1)	578	236
NP|PP755592.1|A/cattle/Texas/24-008749-003/2024(H5N1)	579	243
NP|PP755592.1|A/cattle/Texas/24-008749-003/2024(H5N1)	580	241
NP|PP755592.1|A/cattle/Texas/24-008749-003/2024(H5N1)	581	241
NP|PP755592.1|A/cattle/Texas/24-008749-003/2024(H5N1)	582	239
NP|PP755592.1|A/cattle/Texas/24-008749-003/2024(H5N1)	583	237
NP|PP755592.1|A/cattle/Texas/24-008749-003/2024(H5N1)	584	237
NP|PP755592.1|A/cattle/Texas/24-008749-003/2024(H5N1)	585	237
NP|PP755592.1|A/cattle/Texas/24-008749-003/2024(H5N1)	586	243
NP|PP755592.1|A/cattle/Texas/24-008749-003/2024(H5N1)	587	244
NP|PP755592.1|A/cattle/Texas/24-008749-003/2024(H5N1)	588	247
NP|PP755592.1|A/cattle/Texas/24-008749-003/2024(H5N1)	589	264
NP|PP755592.1|A/cattle/Texas/24-008749-003/2024(H5N1)	590	268
NP|PP755592.1|A/cattle/Texas/24-008749-003/2024(H5N1)	591	265
NP|PP755592.1|A/cattle/Texas/24-008749-003/2024(H5N1)	592	266
NP|PP755592.1|A/cattle/Texas/24-008749-003/2024(H5N1)	593	265
NP|PP755592.1|A/cattle/Texas/24-008749-003/2024(H5N1)	594	240
NP|PP755592.1|A/cattle/Texas/24-008749-003/2024(H5N1)	595	241
NP|PP755592.1|A/cattle/Texas/24-008749-003/2024(H5N1)	596	241
NP|PP755592.1|A/cattle/Texas/24-008749-003/2024(H5N1)	597	237
NP|PP755592.1|A/cattle/Texas/24-008749-003/2024(H5N1)	598	236
NP|PP755592.1|A/cattle/Texas/24-008749-003/2024(H5N1)	599	239
NP|PP755592.1|A/cattle/Texas/24-008749-003/2024(H5N1)	600	238
NP|PP755592.1|A/cattle/Texas/24-008749-003/2024(H5N1)	601	240
NP|PP755592.1|A/cattle/Texas/24-008749-003/2024(H5N1)	602	238
NP|PP755592.1|A/cattle/Texas/24-008749-003/2024(H5N1)	603	238
NP|PP755592.1|A/cattle/Texas/24-008749-003/2024(H5N1)	604	238
NP|PP755592.1|A/cattle/Texas/24-008749-003/2024(H5N1)	605	238
NP|PP755592.1|A/cattle/Texas/24-008749-003/2024(H5N1)	606	237
NP|PP755592.1|A/cattle/Texas/24-008749-003/2024(H5N1)	607	237
NP|PP755592.1|A/cattle/Texas/24-008749-003/2024(H5N1)	608	236
NP|PP755592.1|A/cattle/Texas/24-008749-003/2024(H5N1)	609	238
NP|PP755592.1|A/cattle/Texas/24-008749-003/2024(H5N1)	610	238
NP|PP755592.1|A/cattle/Texas/24-008749-003/2024(H5N1)	611	238
NP|PP755592.1|A/cattle/Texas/24-008749-003/2024(H5N1)	612	240
NP|PP755592.1|A/cattle/Texas/24-008749-003/2024(H5N1)	613	239
NP|PP755592.1|A/cattle/Texas/24-008749-003/2024(H5N1)	614	239
NP|PP755592.1|A/cattle/Texas/24-008749-003/2024(H5N1)	615	238
NP|PP755592.1|A/cattle/Texas/24-008749-003/2024(H5N1)	616	239
NP|PP755592.1|A/cattle/Texas/24-008749-003/2024(H5N1)	617	238
NP|PP755592.1|A/cattle/Texas/24-008749-003/2024(H5N1)	618	229
NP|PP755592.1|A/cattle/Texas/24-008749-003/2024(H5N1)	619	229
NP|PP755592.1|A/cattle/Texas/24-008749-003/2024(H5N1)	620	229
NP|PP755592.1|A/cattle/Texas/24-008749-003/2024(H5N1)	621	229
NP|PP755592.1|A/cattle/Texas/24-008749-003/2024(H5N1)	622	232
NP|PP755592.1|A/cattle/Texas/24-008749-003/2024(H5N1)	623	229
NP|PP755592.1|A/cattle/Texas/24-008749-003/2024(H5N1)	624	227
NP|PP755592.1|A/cattle/Texas/24-008749-003/2024(H5N1)	625	229
NP|PP755592.1|A/cattle/Texas/24-008749-003/2024(H5N1)	626	229
NP|PP755592.1|A/cattle/Texas/24-008749-003/2024(H5N1)	627	229
NP|PP755592.1|A/cattle/Texas/24-008749-003/2024(H5N1)	628	229
NP|PP755592.1|A/cattle/Texas/24-008749-003/2024(H5N1)	629	229
NP|PP755592.1|A/cattle/Texas/24-008749-003/2024(H5N1)	630	216
NP|PP755592.1|A/cattle/Texas/24-008749-003/2024(H5N1)	631	218
NP|PP755592.1|A/cattle/Texas/24-008749-003/2024(H5N1)	632	218
NP|PP755592.1|A/cattle/Texas/24-008749-003/2024(H5N1)	633	218
NP|PP755592.1|A/cattle/Texas/24-008749-003/2024(H5N1)	634	217
NP|PP755592.1|A/cattle/Texas/24-008749-003/2024(H5N1)	635	210
NP|PP755592.1|A/cattle/Texas/24-008749-003/2024(H5N1)	636	210
NP|PP755592.1|A/cattle/Texas/24-008749-003/2024(H5N1)	637	210
NP|PP755592.1|A/cattle/Texas/24-008749-003/2024(H5N1)	638	210
NP|PP755592.1|A/cattle/Texas/24-008749-003/2024(H5N1)	639	210
NP|PP755592.1|A/cattle/Texas/24-008749-003/2024(H5N1)	640	210
NP|PP755592.1|A/cattle/Texas/24-008749-003/2024(H5N1)	641	211
NP|PP755592.1|A/cattle/Texas/24-008749-003/2024(H5N1)	642	215
NP|PP755592.1|A/cattle/Texas/24-008749-003/2024(H5N1)	643	215
NP|PP755592.1|A/cattle/Texas/24-008749-003/2024(H5N1)	644	214
NP|PP755592.1|A/cattle/Texas/24-008749-003/2024(H5N1)	645	214
NP|PP755592.1|A/cattle/Texas/24-008749-003/2024(H5N1)	646	213
NP|PP755592.1|A/cattle/Texas/24-008749-003/2024(H5N1)	647	215
NP|PP755592.1|A/cattle/Texas/24-008749-003/2024(H5N1)	648	223
NP|PP755592.1|A/cattle/Texas/24-008749-003/2024(H5N1)	649	220
NP|PP755592.1|A/cattle/Texas/24-008749-003/2024(H5N1)	650	216
NP|PP755592.1|A/cattle/Texas/24-008749-003/2024(H5N1)	651	209
NP|PP755592.1|A/cattle/Texas/24-008749-003/2024(H5N1)	652	244
NP|PP755592.1|A/cattle/Texas/24-008749-003/2024(H5N1)	653	246
NP|PP755592.1|A/cattle/Texas/24-008749-003/2024(H5N1)	654	245
NP|PP755592.1|A/cattle/Texas/24-008749-003/2024(H5N1)	655	241
NP|PP755592.1|A/cattle/Texas/24-008749-003/2024(H5N1)	656	237
NP|PP755592.1|A/cattle/Texas/24-008749-003/2024(H5N1)	657	232
NP|PP755592.1|A/cattle/Texas/24-008749-003/2024(H5N1)	658	232
NP|PP755592.1|A/cattle/Texas/24-008749-003/2024(H5N1)	659	231
NP|PP755592.1|A/cattle/Texas/24-008749-003/2024(H5N1)	660	230
NP|PP755592.1|A/cattle/Texas/24-008749-003/2024(H5N1)	661	210
NP|PP755592.1|A/cattle/Texas/24-008749-003/2024(H5N1)	662	209
NP|PP755592.1|A/cattle/Texas/24-008749-003/2024(H5N1)	663	210
NP|PP755592.1|A/cattle/Texas/24-008749-003/2024(H5N1)	664	210
NP|PP755592.1|A/cattle/Texas/24-008749-003/2024(H5N1)	665	206
NP|PP755592.1|A/cattle/Texas/24-008749-003/2024(H5N1)	666	206
NP|PP755592.1|A/cattle/Texas/24-008749-003/2024(H5N1)	667	206
NP|PP755592.1|A/cattle/Texas/24-008749-003/2024(H5N1)	668	206
NP|PP755592.1|A/cattle/Texas/24-008749-003/2024(H5N1)	669	209
NP|PP755592.1|A/cattle/Texas/24-008749-003/2024(H5N1)	670	209
NP|PP755592.1|A/cattle/Texas/24-008749-003/2024(H5N1)	671	209
NP|PP755592.1|A/cattle/Texas/24-008749-003/2024(H5N1)	672	209
NP|PP755592.1|A/cattle/Texas/24-008749-003/2024(H5N1)	673	208
NP|PP755592.1|A/cattle/Texas/24-008749-003/2024(H5N1)	674	208
NP|PP755592.1|A/cattle/Texas/24-008749-003/2024(H5N1)	675	204
NP|PP755592.1|A/cattle/Texas/24-008749-003/2024(H5N1)	676	207
NP|PP755592.1|A/cattle/Texas/24-008749-003/2024(H5N1)	677	207
NP|PP755592.1|A/cattle/Texas/24-008749-003/2024(H5N1)	678	208
NP|PP755592.1|A/cattle/Texas/24-008749-003/2024(H5N1)	679	208
NP|PP755592.1|A/cattle/Texas/24-008749-003/2024(H5N1)	680	208
NP|PP755592.1|A/cattle/Texas/24-008749-003/2024(H5N1)	681	208
NP|PP755592.1|A/cattle/Texas/24-008749-003/2024(H5N1)	682	207
NP|PP755592.1|A/cattle/Texas/24-008749-003/2024(H5N1)	683	207
NP|PP755592.1|A/cattle/Texas/24-008749-003/2024(H5N1)	684	203
NP|PP755592.1|A/cattle/Texas/24-008749-003/2024(H5N1)	685	203
NP|PP755592.1|A/cattle/Texas/24-008749-003/2024(H5N1)	686	200
NP|PP755592.1|A/cattle/Texas/24-008749-003/2024(H5N1)	687	204
NP|PP755592.1|A/cattle/Texas/24-008749-003/2024(H5N1)	688	208
NP|PP755592.1|A/cattle/Texas/24-008749-003/2024(H5N1)	689	208
NP|PP755592.1|A/cattle/Texas/24-008749-003/2024(H5N1)	690	208
NP|PP755592.1|A/cattle/Texas/24-008749-003/2024(H5N1)	691	208
NP|PP755592.1|A/cattle/Texas/24-008749-003/2024(H5N1)	692	210
NP|PP755592.1|A/cattle/Texas/24-008749-003/2024(H5N1)	693	210
NP|PP755592.1|A/cattle/Texas/24-008749-003/2024(H5N1)	694	209
NP|PP755592.1|A/cattle/Texas/24-008749-003/2024(H5N1)	695	210
NP|PP755592.1|A/cattle/Texas/24-008749-003/2024(H5N1)	696	202
NP|PP755592.1|A/cattle/Texas/24-008749-003/2024(H5N1)	697	199
NP|PP755592.1|A/cattle/Texas/24-008749-003/2024(H5N1)	698	206
NP|PP755592.1|A/cattle/Texas/24-008749-003/2024(H5N1)	699	206
NP|PP755592.1|A/cattle/Texas/24-008749-003/2024(H5N1)	700	209
NP|PP755592.1|A/cattle/Texas/24-008749-003/2024(H5N1)	701	210
NP|PP755592.1|A/cattle/Texas/24-008749-003/2024(H5N1)	702	210
NP|PP755592.1|A/cattle/Texas/24-008749-003/2024(H5N1)	703	215
NP|PP755592.1|A/cattle/Texas/24-008749-003/2024(H5N1)	704	207
NP|PP755592.1|A/cattle/Texas/24-008749-003/2024(H5N1)	705	206
NP|PP755592.1|A/cattle/Texas/24-008749-003/2024(H5N1)	706	207
NP|PP755592.1|A/cattle/Texas/24-008749-003/2024(H5N1)	707	209
NP|PP755592.1|A/cattle/Texas/24-008749-003/2024(H5N1)	708	209
NP|PP755592.1|A/cattle/Texas/24-008749-003/2024(H5N1)	709	211
NP|PP755592.1|A/cattle/Texas/24-008749-003/2024(H5N1)	710	208
NP|PP755592.1|A/cattle/Texas/24-008749-003/2024(H5N1)	711	208
NP|PP755592.1|A/cattle/Texas/24-008749-003/2024(H5N1)	712	212
NP|PP755592.1|A/cattle/Texas/24-008749-003/2024(H5N1)	713	212
NP|PP755592.1|A/cattle/Texas/24-008749-003/2024(H5N1)	714	210
NP|PP755592.1|A/cattle/Texas/24-008749-003/2024(H5N1)	715	210
NP|PP755592.1|A/cattle/Texas/24-008749-003/2024(H5N1)	716	207
NP|PP755592.1|A/cattle/Texas/24-008749-003/2024(H5N1)	717	205
NP|PP755592.1|A/cattle/Texas/24-008749-003/2024(H5N1)	718	206
NP|PP755592.1|A/cattle/Texas/24-008749-003/2024(H5N1)	719	207
NP|PP755592.1|A/cattle/Texas/24-008749-003/2024(H5N1)	720	209
NP|PP755592.1|A/cattle/Texas/24-008749-003/2024(H5N1)	721	202
NP|PP755592.1|A/cattle/Texas/24-008749-003/2024(H5N1)	722	202
NP|PP755592.1|A/cattle/Texas/24-008749-003/2024(H5N1)	723	202
NP|PP755592.1|A/cattle/Texas/24-008749-003/2024(H5N1)	724	204
NP|PP755592.1|A/cattle/Texas/24-008749-003/2024(H5N1)	725	202
NP|PP755592.1|A/cattle/Texas/24-008749-003/2024(H5N1)	726	202
NP|PP755592.1|A/cattle/Texas/24-008749-003/2024(H5N1)	727	200
NP|PP755592.1|A/cattle/Texas/24-008749-003/2024(H5N1)	728	202
NP|PP755592.1|A/cattle/Texas/24-008749-003/2024(H5N1)	729	202
NP|PP755592.1|A/cattle/Texas/24-008749-003/2024(H5N1)	730	199
NP|PP755592.1|A/cattle/Texas/24-008749-003/2024(H5N1)	731	210
NP|PP755592.1|A/cattle/Texas/24-008749-003/2024(H5N1)	732	206
NP|PP755592.1|A/cattle/Texas/24-008749-003/2024(H5N1)	733	204
NP|PP755592.1|A/cattle/Texas/24-008749-003/2024(H5N1)	734	204
NP|PP755592.1|A/cattle/Texas/24-008749-003/2024(H5N1)	735	207
NP|PP755592.1|A/cattle/Texas/24-008749-003/2024(H5N1)	736	206
NP|PP755592.1|A/cattle/Texas/24-008749-003/2024(H5N1)	737	205
NP|PP755592.1|A/cattle/Texas/24-008749-003/2024(H5N1)	738	205
NP|PP755592.1|A/cattle/Texas/24-008749-003/2024(H5N1)	739	202
NP|PP755592.1|A/cattle/Texas/24-008749-003/2024(H5N1)	740	200
NP|PP755592.1|A/cattle/Texas/24-008749-003/2024(H5N1)	741	196
NP|PP755592.1|A/cattle/Texas/24-008749-003/2024(H5N1)	742	198
NP|PP755592.1|A/cattle/Texas/24-008749-003/2024(H5N1)	743	198
NP|PP755592.1|A/cattle/Texas/24-008749-003/2024(H5N1)	744	195
NP|PP755592.1|A/cattle/Texas/24-008749-003/2024(H5N1)	745	195
NP|PP755592.1|A/cattle/Texas/24-008749-003/2024(H5N1)	746	196
NP|PP755592.1|A/cattle/Texas/24-008749-003/2024(H5N1)	747	197
NP|PP755592.1|A/cattle/Texas/24-008749-003/2024(H5N1)	748	199
NP|PP755592.1|A/cattle/Texas/24-008749-003/2024(H5N1)	749	194
NP|PP755592.1|A/cattle/Texas/24-008749-003/2024(H5N1)	750	194
NP|PP755592.1|A/cattle/Texas/24-008749-003/2024(H5N1)	751	194
NP|PP755592.1|A/cattle/Texas/24-008749-003/2024(H5N1)	752	198
NP|PP755592.1|A/cattle/Texas/24-008749-003/2024(H5N1)	753	199
NP|PP755592.1|A/cattle/Texas/24-008749-003/2024(H5N1)	754	202
NP|PP755592.1|A/cattle/Texas/24-008749-003/2024(H5N1)	755	203
NP|PP755592.1|A/cattle/Texas/24-008749-003/2024(H5N1)	756	203
NP|PP755592.1|A/cattle/Texas/24-008749-003/2024(H5N1)	757	204
NP|PP755592.1|A/cattle/Texas/24-008749-003/2024(H5N1)	758	208
NP|PP755592.1|A/cattle/Texas/24-008749-003/2024(H5N1)	759	208
NP|PP755592.1|A/cattle/Texas/24-008749-003/2024(H5N1)	760	206
NP|PP755592.1|A/cattle/Texas/24-008749-003/2024(H5N1)	761	206
NP|PP755592.1|A/cattle/Texas/24-008749-003/2024(H5N1)	762	207
NP|PP755592.1|A/cattle/Texas/24-008749-003/2024(H5N1)	763	205
NP|PP755592.1|A/cattle/Texas/24-008749-003/2024(H5N1)	764	205
NP|PP755592.1|A/cattle/Texas/24-008749-003/2024(H5N1)	765	206
NP|PP755592.1|A/cattle/Texas/24-008749-003/2024(H5N1)	766	207
NP|PP755592.1|A/cattle/Texas/24-008749-003/2024(H5N1)	767	206
NP|PP755592.1|A/cattle/Texas/24-008749-003/2024(H5N1)	768	209
NP|PP755592.1|A/cattle/Texas/24-008749-003/2024(H5N1)	769	209
NP|PP755592.1|A/cattle/Texas/24-008749-003/2024(H5N1)	770	209
NP|PP755592.1|A/cattle/Texas/24-008749-003/2024(H5N1)	771	209
NP|PP755592.1|A/cattle/Texas/24-008749-003/2024(H5N1)	772	206
NP|PP755592.1|A/cattle/Texas/24-008749-003/2024(H5N1)	773	206
NP|PP755592.1|A/cattle/Texas/24-008749-003/2024(H5N1)	774	206
NP|PP755592.1|A/cattle/Texas/24-008749-003/2024(H5N1)	775	204
NP|PP755592.1|A/cattle/Texas/24-008749-003/2024(H5N1)	776	204
NP|PP755592.1|A/cattle/Texas/24-008749-003/2024(H5N1)	777	206
NP|PP755592.1|A/cattle/Texas/24-008749-003/2024(H5N1)	778	206
NP|PP755592.1|A/cattle/Texas/24-008749-003/2024(H5N1)	779	206
NP|PP755592.1|A/cattle/Texas/24-008749-003/2024(H5N1)	780	206
NP|PP755592.1|A/cattle/Texas/24-008749-003/2024(H5N1)	781	206
NP|PP755592.1|A/cattle/Texas/24-008749-003/2024(H5N1)	782	209
NP|PP755592.1|A/cattle/Texas/24-008749-003/2024(H5N1)	783	211
NP|PP755592.1|A/cattle/Texas/24-008749-003/2024(H5N1)	784	211
NP|PP755592.1|A/cattle/Texas/24-008749-003/2024(H5N1)	785	210
NP|PP755592.1|A/cattle/Texas/24-008749-003/2024(H5N1)	786	211
NP|PP755592.1|A/cattle/Texas/24-008749-003/2024(H5N1)	787	212
NP|PP755592.1|A/cattle/Texas/24-008749-003/2024(H5N1)	788	214
NP|PP755592.1|A/cattle/Texas/24-008749-003/2024(H5N1)	789	214
NP|PP755592.1|A/cattle/Texas/24-008749-003/2024(H5N1)	790	212
NP|PP755592.1|A/cattle/Texas/24-008749-003/2024(H5N1)	791	209
NP|PP755592.1|A/cattle/Texas/24-008749-003/2024(H5N1)	792	213
NP|PP755592.1|A/cattle/Texas/24-008749-003/2024(H5N1)	793	215
NP|PP755592.1|A/cattle/Texas/24-008749-003/2024(H5N1)	794	216
NP|PP755592.1|A/cattle/Texas/24-008749-003/2024(H5N1)	795	216
NP|PP755592.1|A/cattle/Texas/24-008749-003/2024(H5N1)	796	209
NP|PP755592.1|A/cattle/Texas/24-008749-003/2024(H5N1)	797	203
NP|PP755592.1|A/cattle/Texas/24-008749-003/2024(H5N1)	798	202
NP|PP755592.1|A/cattle/Texas/24-008749-003/2024(H5N1)	799	204
NP|PP755592.1|A/cattle/Texas/24-008749-003/2024(H5N1)	800	213
NP|PP755592.1|A/cattle/Texas/24-008749-003/2024(H5N1)	801	214
NP|PP755592.1|A/cattle/Texas/24-008749-003/2024(H5N1)	802	214
NP|PP755592.1|A/cattle/Texas/24-008749-003/2024(H5N1)	803	187
NP|PP755592.1|A/cattle/Texas/24-008749-003/2024(H5N1)	804	190
NP|PP755592.1|A/cattle/Texas/24-008749-003/2024(H5N1)	805	189
NP|PP755592.1|A/cattle/Texas/24-008749-003/2024(H5N1)	806	189
NP|PP755592.1|A/cattle/Texas/24-008749-003/2024(H5N1)	807	189
NP|PP755592.1|A/cattle/Texas/24-008749-003/2024(H5N1)	808	191
NP|PP755592.1|A/cattle/Texas/24-008749-003/2024(H5N1)	809	190
NP|PP755592.1|A/cattle/Texas/24-008749-003/2024(H5N1)	810	177
NP|PP755592.1|A/cattle/Texas/24-008749-003/2024(H5N1)	811	182
NP|PP755592.1|A/cattle/Texas/24-008749-003/2024(H5N1)	812	178
NP|PP755592.1|A/cattle/Texas/24-008749-003/2024(H5N1)	813	177
NP|PP755592.1|A/cattle/Texas/24-008749-003/2024(H5N1)	814	179
NP|PP755592.1|A/cattle/Texas/24-008749-003/2024(H5N1)	815	186
NP|PP755592.1|A/cattle/Texas/24-008749-003/2024(H5N1)	816	186
NP|PP755592.1|A/cattle/Texas/24-008749-003/2024(H5N1)	817	189
NP|PP755592.1|A/cattle/Texas/24-008749-003/2024(H5N1)	818	201
NP|PP755592.1|A/cattle/Texas/24-008749-003/2024(H5N1)	819	201
NP|PP755592.1|A/cattle/Texas/24-008749-003/2024(H5N1)	820	200
NP|PP755592.1|A/cattle/Texas/24-008749-003/2024(H5N1)	821	201
NP|PP755592.1|A/cattle/Texas/24-008749-003/2024(H5N1)	822	200
NP|PP755592.1|A/cattle/Texas/24-008749-003/2024(H5N1)	823	198
NP|PP755592.1|A/cattle/Texas/24-008749-003/2024(H5N1)	824	201
NP|PP755592.1|A/cattle/Texas/24-008749-003/2024(H5N1)	825	201
NP|PP755592.1|A/cattle/Texas/24-008749-003/2024(H5N1)	826	200
NP|PP755592.1|A/cattle/Texas/24-008749-003/2024(H5N1)	827	199
NP|PP755592.1|A/cattle/Texas/24-008749-003/2024(H5N1)	828	199
NP|PP755592.1|A/cattle/Texas/24-008749-003/2024(H5N1)	829	201
NP|PP755592.1|A/cattle/Texas/24-008749-003/2024(H5N1)	830	201
NP|PP755592.1|A/cattle/Texas/24-008749-003/2024(H5N1)	831	201
NP|PP755592.1|A/cattle/Texas/24-008749-003/2024(H5N1)	832	204
NP|PP755592.1|A/cattle/Texas/24-008749-003/2024(H5N1)	833	204
NP|PP755592.1|A/cattle/Texas/24-008749-003/2024(H5N1)	834	204
NP|PP755592.1|A/cattle/Texas/24-008749-003/2024(H5N1)	835	204
NP|PP755592.1|A/cattle/Texas/24-008749-003/2024(H5N1)	836	204
NP|PP755592.1|A/cattle/Texas/24-008749-003/2024(H5N1)	837	203
NP|PP755592.1|A/cattle/Texas/24-008749-003/2024(H5N1)	838	208
NP|PP755592.1|A/cattle/Texas/24-008749-003/2024(H5N1)	839	205
NP|PP755592.1|A/cattle/Texas/24-008749-003/2024(H5N1)	840	207
NP|PP755592.1|A/cattle/Texas/24-008749-003/2024(H5N1)	841	208
NP|PP755592.1|A/cattle/Texas/24-008749-003/2024(H5N1)	842	213
NP|PP755592.1|A/cattle/Texas/24-008749-003/2024(H5N1)	843	211
NP|PP755592.1|A/cattle/Texas/24-008749-003/2024(H5N1)	844	211
NP|PP755592.1|A/cattle/Texas/24-008749-003/2024(H5N1)	845	215
NP|PP755592.1|A/cattle/Texas/24-008749-003/2024(H5N1)	846	212
NP|PP755592.1|A/cattle/Texas/24-008749-003/2024(H5N1)	847	209
NP|PP755592.1|A/cattle/Texas/24-008749-003/2024(H5N1)	848	209
NP|PP755592.1|A/cattle/Texas/24-008749-003/2024(H5N1)	849	210
NP|PP755592.1|A/cattle/Texas/24-008749-003/2024(H5N1)	850	216
NP|PP755592.1|A/cattle/Texas/24-008749-003/2024(H5N1)	851	213
NP|PP755592.1|A/cattle/Texas/24-008749-003/2024(H5N1)	852	213
NP|PP755592.1|A/cattle/Texas/24-008749-003/2024(H5N1)	853	213
NP|PP755592.1|A/cattle/Texas/24-008749-003/2024(H5N1)	854	216
NP|PP755592.1|A/cattle/Texas/24-008749-003/2024(H5N1)	855	219
NP|PP755592.1|A/cattle/Texas/24-008749-003/2024(H5N1)	856	218
NP|PP755592.1|A/cattle/Texas/24-008749-003/2024(H5N1)	857	214
NP|PP755592.1|A/cattle/Texas/24-008749-003/2024(H5N1)	858	212
NP|PP755592.1|A/cattle/Texas/24-008749-003/2024(H5N1)	859	204
NP|PP755592.1|A/cattle/Texas/24-008749-003/2024(H5N1)	860	207
NP|PP755592.1|A/cattle/Texas/24-008749-003/2024(H5N1)	861	208
NP|PP755592.1|A/cattle/Texas/24-008749-003/2024(H5N1)	862	222
NP|PP755592.1|A/cattle/Texas/24-008749-003/2024(H5N1)	863	219
NP|PP755592.1|A/cattle/Texas/24-008749-003/2024(H5N1)	864	218
NP|PP755592.1|A/cattle/Texas/24-008749-003/2024(H5N1)	865	218
NP|PP755592.1|A/cattle/Texas/24-008749-003/2024(H5N1)	866	218
NP|PP755592.1|A/cattle/Texas/24-008749-003/2024(H5N1)	867	218
NP|PP755592.1|A/cattle/Texas/24-008749-003/2024(H5N1)	868	218
NP|PP755592.1|A/cattle/Texas/24-008749-003/2024(H5N1)	869	216
NP|PP755592.1|A/cattle/Texas/24-008749-003/2024(H5N1)	870	218
NP|PP755592.1|A/cattle/Texas/24-008749-003/2024(H5N1)	871	216
NP|PP755592.1|A/cattle/Texas/24-008749-003/2024(H5N1)	872	229
NP|PP755592.1|A/cattle/Texas/24-008749-003/2024(H5N1)	873	228
NP|PP755592.1|A/cattle/Texas/24-008749-003/2024(H5N1)	874	227
NP|PP755592.1|A/cattle/Texas/24-008749-003/2024(H5N1)	875	226
NP|PP755592.1|A/cattle/Texas/24-008749-003/2024(H5N1)	876	226
NP|PP755592.1|A/cattle/Texas/24-008749-003/2024(H5N1)	877	226
NP|PP755592.1|A/cattle/Texas/24-008749-003/2024(H5N1)	878	226
NP|PP755592.1|A/cattle/Texas/24-008749-003/2024(H5N1)	879	224
NP|PP755592.1|A/cattle/Texas/24-008749-003/2024(H5N1)	880	229
NP|PP755592.1|A/cattle/Texas/24-008749-003/2024(H5N1)	881	214
NP|PP755592.1|A/cattle/Texas/24-008749-003/2024(H5N1)	882	217
NP|PP755592.1|A/cattle/Texas/24-008749-003/2024(H5N1)	883	219
NP|PP755592.1|A/cattle/Texas/24-008749-003/2024(H5N1)	884	219
NP|PP755592.1|A/cattle/Texas/24-008749-003/2024(H5N1)	885	223
NP|PP755592.1|A/cattle/Texas/24-008749-003/2024(H5N1)	886	222
NP|PP755592.1|A/cattle/Texas/24-008749-003/2024(H5N1)	887	226
NP|PP755592.1|A/cattle/Texas/24-008749-003/2024(H5N1)	888	232
NP|PP755592.1|A/cattle/Texas/24-008749-003/2024(H5N1)	889	227
NP|PP755592.1|A/cattle/Texas/24-008749-003/2024(H5N1)	890	227
NP|PP755592.1|A/cattle/Texas/24-008749-003/2024(H5N1)	891	225
NP|PP755592.1|A/cattle/Texas/24-008749-003/2024(H5N1)	892	223
NP|PP755592.1|A/cattle/Texas/24-008749-003/2024(H5N1)	893	224
NP|PP755592.1|A/cattle/Texas/24-008749-003/2024(H5N1)	894	226
NP|PP755592.1|A/cattle/Texas/24-008749-003/2024(H5N1)	895	226
NP|PP755592.1|A/cattle/Texas/24-008749-003/2024(H5N1)	896	226
NP|PP755592.1|A/cattle/Texas/24-008749-003/2024(H5N1)	897	226
NP|PP755592.1|A/cattle/Texas/24-008749-003/2024(H5N1)	898	226
NP|PP755592.1|A/cattle/Texas/24-008749-003/2024(H5N1)	899	229
NP|PP755592.1|A/cattle/Texas/24-008749-003/2024(H5N1)	900	229
NP|PP755592.1|A/cattle/Texas/24-008749-003/2024(H5N1)	901	228
NP|PP755592.1|A/cattle/Texas/24-008749-003/2024(H5N1)	902	229
NP|PP755592.1|A/cattle/Texas/24-008749-003/2024(H5N1)	903	221
NP|PP755592.1|A/cattle/Texas/24-008749-003/2024(H5N1)	904	224
NP|PP755592.1|A/cattle/Texas/24-008749-003/2024(H5N1)	905	240
NP|PP755592.1|A/cattle/Texas/24-008749-003/2024(H5N1)	906	239
NP|PP755592.1|A/cattle/Texas/24-008749-003/2024(H5N1)	907	240
NP|PP755592.1|A/cattle/Texas/24-008749-003/2024(H5N1)	908	240
NP|PP755592.1|A/cattle/Texas/24-008749-003/2024(H5N1)	909	236
NP|PP755592.1|A/cattle/Texas/24-008749-003/2024(H5N1)	910	237
NP|PP755592.1|A/cattle/Texas/24-008749-003/2024(H5N1)	911	237
NP|PP755592.1|A/cattle/Texas/24-008749-003/2024(H5N1)	912	237
NP|PP755592.1|A/cattle/Texas/24-008749-003/2024(H5N1)	913	236
NP|PP755592.1|A/cattle/Texas/24-008749-003/2024(H5N1)	914	236
NP|PP755592.1|A/cattle/Texas/24-008749-003/2024(H5N1)	915	235
NP|PP755592.1|A/cattle/Texas/24-008749-003/2024(H5N1)	916	234
NP|PP755592.1|A/cattle/Texas/24-008749-003/2024(H5N1)	917	233
NP|PP755592.1|A/cattle/Texas/24-008749-003/2024(H5N1)	918	227
NP|PP755592.1|A/cattle/Texas/24-008749-003/2024(H5N1)	919	236
NP|PP755592.1|A/cattle/Texas/24-008749-003/2024(H5N1)	920	236
NP|PP755592.1|A/cattle/Texas/24-008749-003/2024(H5N1)	921	236
NP|PP755592.1|A/cattle/Texas/24-008749-003/2024(H5N1)	922	243
NP|PP755592.1|A/cattle/Texas/24-008749-003/2024(H5N1)	923	243
NP|PP755592.1|A/cattle/Texas/24-008749-003/2024(H5N1)	924	244
NP|PP755592.1|A/cattle/Texas/24-008749-003/2024(H5N1)	925	247
NP|PP755592.1|A/cattle/Texas/24-008749-003/2024(H5N1)	926	248
NP|PP755592.1|A/cattle/Texas/24-008749-003/2024(H5N1)	927	248
NP|PP755592.1|A/cattle/Texas/24-008749-003/2024(H5N1)	928	248
NP|PP755592.1|A/cattle/Texas/24-008749-003/2024(H5N1)	929	254
NP|PP755592.1|A/cattle/Texas/24-008749-003/2024(H5N1)	930	260
NP|PP755592.1|A/cattle/Texas/24-008749-003/2024(H5N1)	931	260
NP|PP755592.1|A/cattle/Texas/24-008749-003/2024(H5N1)	932	263
NP|PP755592.1|A/cattle/Texas/24-008749-003/2024(H5N1)	933	260
NP|PP755592.1|A/cattle/Texas/24-008749-003/2024(H5N1)	934	264
NP|PP755592.1|A/cattle/Texas/24-008749-003/2024(H5N1)	935	284
NP|PP755592.1|A/cattle/Texas/24-008749-003/2024(H5N1)	936	283
NP|PP755592.1|A/cattle/Texas/24-008749-003/2024(H5N1)	937	279
NP|PP755592.1|A/cattle/Texas/24-008749-003/2024(H5N1)	938	277
NP|PP755592.1|A/cattle/Texas/24-008749-003/2024(H5N1)	939	278
NP|PP755592.1|A/cattle/Texas/24-008749-003/2024(H5N1)	940	279
NP|PP755592.1|A/cattle/Texas/24-008749-003/2024(H5N1)	941	280
NP|PP755592.1|A/cattle/Texas/24-008749-003/2024(H5N1)	942	275
NP|PP755592.1|A/cattle/Texas/24-008749-003/2024(H5N1)	943	270
NP|PP755592.1|A/cattle/Texas/24-008749-003/2024(H5N1)	944	266
NP|PP755592.1|A/cattle/Texas/24-008749-003/2024(H5N1)	945	275
NP|PP755592.1|A/cattle/Texas/24-008749-003/2024(H5N1)	946	275
NP|PP755592.1|A/cattle/Texas/24-008749-003/2024(H5N1)	947	275
NP|PP755592.1|A/cattle/Texas/24-008749-003/2024(H5N1)	948	275
NP|PP755592.1|A/cattle/Texas/24-008749-003/2024(H5N1)	949	271
NP|PP755592.1|A/cattle/Texas/24-008749-003/2024(H5N1)	950	270
NP|PP755592.1|A/cattle/Texas/24-008749-003/2024(H5N1)	951	260
NP|PP755592.1|A/cattle/Texas/24-008749-003/2024(H5N1)	952	257
NP|PP755592.1|A/cattle/Texas/24-008749-003/2024(H5N1)	953	254
NP|PP755592.1|A/cattle/Texas/24-008749-003/2024(H5N1)	954	249
NP|PP755592.1|A/cattle/Texas/24-008749-003/2024(H5N1)	955	251
NP|PP755592.1|A/cattle/Texas/24-008749-003/2024(H5N1)	956	251
NP|PP755592.1|A/cattle/Texas/24-008749-003/2024(H5N1)	957	252
NP|PP755592.1|A/cattle/Texas/24-008749-003/2024(H5N1)	958	254
NP|PP755592.1|A/cattle/Texas/24-008749-003/2024(H5N1)	959	252
NP|PP755592.1|A/cattle/Texas/24-008749-003/2024(H5N1)	960	257
NP|PP755592.1|A/cattle/Texas/24-008749-003/2024(H5N1)	961	257
NP|PP755592.1|A/cattle/Texas/24-008749-003/2024(H5N1)	962	253
NP|PP755592.1|A/cattle/Texas/24-008749-003/2024(H5N1)	963	253
NP|PP755592.1|A/cattle/Texas/24-008749-003/2024(H5N1)	964	254
NP|PP755592.1|A/cattle/Texas/24-008749-003/2024(H5N1)	965	254
NP|PP755592.1|A/cattle/Texas/24-008749-003/2024(H5N1)	966	247
NP|PP755592.1|A/cattle/Texas/24-008749-003/2024(H5N1)	967	251
NP|PP755592.1|A/cattle/Texas/24-008749-003/2024(H5N1)	968	247
NP|PP755592.1|A/cattle/Texas/24-008749-003/2024(H5N1)	969	247
NP|PP755592.1|A/cattle/Texas/24-008749-003/2024(H5N1)	970	247
NP|PP755592.1|A/cattle/Texas/24-008749-003/2024(H5N1)	971	246
NP|PP755592.1|A/cattle/Texas/24-008749-003/2024(H5N1)	972	245
NP|PP755592.1|A/cattle/Texas/24-008749-003/2024(H5N1)	973	246
NP|PP755592.1|A/cattle/Texas/24-008749-003/2024(H5N1)	974	247
NP|PP755592.1|A/cattle/Texas/24-008749-003/2024(H5N1)	975	247
NP|PP755592.1|A/cattle/Texas/24-008749-003/2024(H5N1)	976	247
NP|PP755592.1|A/cattle/Texas/24-008749-003/2024(H5N1)	977	247
NP|PP755592.1|A/cattle/Texas/24-008749-003/2024(H5N1)	978	249
NP|PP755592.1|A/cattle/Texas/24-008749-003/2024(H5N1)	979	248
NP|PP755592.1|A/cattle/Texas/24-008749-003/2024(H5N1)	980	248
NP|PP755592.1|A/cattle/Texas/24-008749-003/2024(H5N1)	981	251
NP|PP755592.1|A/cattle/Texas/24-008749-003/2024(H5N1)	982	252
NP|PP755592.1|A/cattle/Texas/24-008749-003/2024(H5N1)	983	255
NP|PP755592.1|A/cattle/Texas/24-008749-003/2024(H5N1)	984	269
NP|PP755592.1|A/cattle/Texas/24-008749-003/2024(H5N1)	985	270
NP|PP755592.1|A/cattle/Texas/24-008749-003/2024(H5N1)	986	270
NP|PP755592.1|A/cattle/Texas/24-008749-003/2024(H5N1)	987	270
NP|PP755592.1|A/cattle/Texas/24-008749-003/2024(H5N1)	988	272
NP|PP755592.1|A/cattle/Texas/24-008749-003/2024(H5N1)	989	270
NP|PP755592.1|A/cattle/Texas/24-008749-003/2024(H5N1)	990	271
NP|PP755592.1|A/cattle/Texas/24-008749-003/2024(H5N1)	991	276
NP|PP755592.1|A/cattle/Texas/24-008749-003/2024(H5N1)	992	277
NP|PP755592.1|A/cattle/Texas/24-008749-003/2024(H5N1)	993	272
NP|PP755592.1|A/cattle/Texas/24-008749-003/2024(H5N1)	994	279
NP|PP755592.1|A/cattle/Texas/24-008749-003/2024(H5N1)	995	275
NP|PP755592.1|A/cattle/Texas/24-008749-003/2024(H5N1)	996	276
NP|PP755592.1|A/cattle/Texas/24-008749-003/2024(H5N1)	997	276
NP|PP755592.1|A/cattle/Texas/24-008749-003/2024(H5N1)	998	276
NP|PP755592.1|A/cattle/Texas/24-008749-003/2024(H5N1)	999	272
NP|PP755592.1|A/cattle/Texas/24-008749-003/2024(H5N1)	1000	267
NP|PP755592.1|A/cattle/Texas/24-008749-003/2024(H5N1)	1001	270
NP|PP755592.1|A/cattle/Texas/24-008749-003/2024(H5N1)	1002	270
NP|PP755592.1|A/cattle/Texas/24-008749-003/2024(H5N1)	1003	262
NP|PP755592.1|A/cattle/Texas/24-008749-003/2024(H5N1)	1004	259
NP|PP755592.1|A/cattle/Texas/24-008749-003/2024(H5N1)	1005	265
NP|PP755592.1|A/cattle/Texas/24-008749-003/2024(H5N1)	1006	265
NP|PP755592.1|A/cattle/Texas/24-008749-003/2024(H5N1)	1007	266
NP|PP755592.1|A/cattle/Texas/24-008749-003/2024(H5N1)	1008	265
NP|PP755592.1|A/cattle/Texas/24-008749-003/2024(H5N1)	1009	265
NP|PP755592.1|A/cattle/Texas/24-008749-003/2024(H5N1)	1010	268
NP|PP755592.1|A/cattle/Texas/24-008749-003/2024(H5N1)	1011	268
NP|PP755592.1|A/cattle/Texas/24-008749-003/2024(H5N1)	1012	268
NP|PP755592.1|A/cattle/Texas/24-008749-003/2024(H5N1)	1013	254
NP|PP755592.1|A/cattle/Texas/24-008749-003/2024(H5N1)	1014	254
NP|PP755592.1|A/cattle/Texas/24-008749-003/2024(H5N1)	1015	253
NP|PP755592.1|A/cattle/Texas/24-008749-003/2024(H5N1)	1016	253
NP|PP755592.1|A/cattle/Texas/24-008749-003/2024(H5N1)	1017	253
NP|PP755592.1|A/cattle/Texas/24-008749-003/2024(H5N1)	1018	253
NP|PP755592.1|A/cattle/Texas/24-008749-003/2024(H5N1)	1019	253
NP|PP755592.1|A/cattle/Texas/24-008749-003/2024(H5N1)	1020	250
NP|PP755592.1|A/cattle/Texas/24-008749-003/2024(H5N1)	1021	239
NP|PP755592.1|A/cattle/Texas/24-008749-003/2024(H5N1)	1022	239
NP|PP755592.1|A/cattle/Texas/24-008749-003/2024(H5N1)	1023	239
NP|PP755592.1|A/cattle/Texas/24-008749-003/2024(H5N1)	1024	239
NP|PP755592.1|A/cattle/Texas/24-008749-003/2024(H5N1)	1025	240
NP|PP755592.1|A/cattle/Texas/24-008749-003/2024(H5N1)	1026	240
NP|PP755592.1|A/cattle/Texas/24-008749-003/2024(H5N1)	1027	246
NP|PP755592.1|A/cattle/Texas/24-008749-003/2024(H5N1)	1028	246
NP|PP755592.1|A/cattle/Texas/24-008749-003/2024(H5N1)	1029	250
NP|PP755592.1|A/cattle/Texas/24-008749-003/2024(H5N1)	1030	251
NP|PP755592.1|A/cattle/Texas/24-008749-003/2024(H5N1)	1031	246
NP|PP755592.1|A/cattle/Texas/24-008749-003/2024(H5N1)	1032	246
NP|PP755592.1|A/cattle/Texas/24-008749-003/2024(H5N1)	1033	245
NP|PP755592.1|A/cattle/Texas/24-008749-003/2024(H5N1)	1034	244
NP|PP755592.1|A/cattle/Texas/24-008749-003/2024(H5N1)	1035	245
NP|PP755592.1|A/cattle/Texas/24-008749-003/2024(H5N1)	1036	241
NP|PP755592.1|A/cattle/Texas/24-008749-003/2024(H5N1)	1037	244
NP|PP755592.1|A/cattle/Texas/24-008749-003/2024(H5N1)	1038	235
NP|PP755592.1|A/cattle/Texas/24-008749-003/2024(H5N1)	1039	235
NP|PP755592.1|A/cattle/Texas/24-008749-003/2024(H5N1)	1040	235
NP|PP755592.1|A/cattle/Texas/24-008749-003/2024(H5N1)	1041	234
NP|PP755592.1|A/cattle/Texas/24-008749-003/2024(H5N1)	1042	232
NP|PP755592.1|A/cattle/Texas/24-008749-003/2024(H5N1)	1043	232
NP|PP755592.1|A/cattle/Texas/24-008749-003/2024(H5N1)	1044	239
NP|PP755592.1|A/cattle/Texas/24-008749-003/2024(H5N1)	1045	236
NP|PP755592.1|A/cattle/Texas/24-008749-003/2024(H5N1)	1046	248
NP|PP755592.1|A/cattle/Texas/24-008749-003/2024(H5N1)	1047	251
NP|PP755592.1|A/cattle/Texas/24-008749-003/2024(H5N1)	1048	256
NP|PP755592.1|A/cattle/Texas/24-008749-003/2024(H5N1)	1049	252
NP|PP755592.1|A/cattle/Texas/24-008749-003/2024(H5N1)	1050	254
NP|PP755592.1|A/cattle/Texas/24-008749-003/2024(H5N1)	1051	256
NP|PP755592.1|A/cattle/Texas/24-008749-003/2024(H5N1)	1052	266
NP|PP755592.1|A/cattle/Texas/24-008749-003/2024(H5N1)	1053	266
NP|PP755592.1|A/cattle/Texas/24-008749-003/2024(H5N1)	1054	266
NP|PP755592.1|A/cattle/Texas/24-008749-003/2024(H5N1)	1055	262
NP|PP755592.1|A/cattle/Texas/24-008749-003/2024(H5N1)	1056	247
NP|PP755592.1|A/cattle/Texas/24-008749-003/2024(H5N1)	1057	247
NP|PP755592.1|A/cattle/Texas/24-008749-003/2024(H5N1)	1058	243
NP|PP755592.1|A/cattle/Texas/24-008749-003/2024(H5N1)	1059	242
NP|PP755592.1|A/cattle/Texas/24-008749-003/2024(H5N1)	1060	242
NP|PP755592.1|A/cattle/Texas/24-008749-003/2024(H5N1)	1061	247
NP|PP755592.1|A/cattle/Texas/24-008749-003/2024(H5N1)	1062	247
NP|PP755592.1|A/cattle/Texas/24-008749-003/2024(H5N1)	1063	247
NP|PP755592.1|A/cattle/Texas/24-008749-003/2024(H5N1)	1064	252
NP|PP755592.1|A/cattle/Texas/24-008749-003/2024(H5N1)	1065	253
NP|PP755592.1|A/cattle/Texas/24-008749-003/2024(H5N1)	1066	253
NP|PP755592.1|A/cattle/Texas/24-008749-003/2024(H5N1)	1067	252
NP|PP755592.1|A/cattle/Texas/24-008749-003/2024(H5N1)	1068	254
NP|PP755592.1|A/cattle/Texas/24-008749-003/2024(H5N1)	1069	252
NP|PP755592.1|A/cattle/Texas/24-008749-003/2024(H5N1)	1070	245
NP|PP755592.1|A/cattle/Texas/24-008749-003/2024(H5N1)	1071	245
NP|PP755592.1|A/cattle/Texas/24-008749-003/2024(H5N1)	1072	248
NP|PP755592.1|A/cattle/Texas/24-008749-003/2024(H5N1)	1073	241
NP|PP755592.1|A/cattle/Texas/24-008749-003/2024(H5N1)	1074	244
NP|PP755592.1|A/cattle/Texas/24-008749-003/2024(H5N1)	1075	246
NP|PP755592.1|A/cattle/Texas/24-008749-003/2024(H5N1)	1076	252
NP|PP755592.1|A/cattle/Texas/24-008749-003/2024(H5N1)	1077	260
NP|PP755592.1|A/cattle/Texas/24-008749-003/2024(H5N1)	1078	255
NP|PP755592.1|A/cattle/Texas/24-008749-003/2024(H5N1)	1079	253
NP|PP755592.1|A/cattle/Texas/24-008749-003/2024(H5N1)	1080	252
NP|PP755592.1|A/cattle/Texas/24-008749-003/2024(H5N1)	1081	248
NP|PP755592.1|A/cattle/Texas/24-008749-003/2024(H5N1)	1082	248
NP|PP755592.1|A/cattle/Texas/24-008749-003/2024(H5N1)	1083	246
NP|PP755592.1|A/cattle/Texas/24-008749-003/2024(H5N1)	1084	246
NP|PP755592.1|A/cattle/Texas/24-008749-003/2024(H5N1)	1085	240
NP|PP755592.1|A/cattle/Texas/24-008749-003/2024(H5N1)	1086	216
NP|PP755592.1|A/cattle/Texas/24-008749-003/2024(H5N1)	1087	216
NP|PP755592.1|A/cattle/Texas/24-008749-003/2024(H5N1)	1088	213
NP|PP755592.1|A/cattle/Texas/24-008749-003/2024(H5N1)	1089	213
NP|PP755592.1|A/cattle/Texas/24-008749-003/2024(H5N1)	1090	212
NP|PP755592.1|A/cattle/Texas/24-008749-003/2024(H5N1)	1091	212
NP|PP755592.1|A/cattle/Texas/24-008749-003/2024(H5N1)	1092	211
NP|PP755592.1|A/cattle/Texas/24-008749-003/2024(H5N1)	1093	219
NP|PP755592.1|A/cattle/Texas/24-008749-003/2024(H5N1)	1094	219
NP|PP755592.1|A/cattle/Texas/24-008749-003/2024(H5N1)	1095	219
NP|PP755592.1|A/cattle/Texas/24-008749-003/2024(H5N1)	1096	215
NP|PP755592.1|A/cattle/Texas/24-008749-003/2024(H5N1)	1097	222
NP|PP755592.1|A/cattle/Texas/24-008749-003/2024(H5N1)	1098	230
NP|PP755592.1|A/cattle/Texas/24-008749-003/2024(H5N1)	1099	230
NP|PP755592.1|A/cattle/Texas/24-008749-003/2024(H5N1)	1100	230
NP|PP755592.1|A/cattle/Texas/24-008749-003/2024(H5N1)	1101	231
NP|PP755592.1|A/cattle/Texas/24-008749-003/2024(H5N1)	1102	237
NP|PP755592.1|A/cattle/Texas/24-008749-003/2024(H5N1)	1103	239
NP|PP755592.1|A/cattle/Texas/24-008749-003/2024(H5N1)	1104	239
NP|PP755592.1|A/cattle/Texas/24-008749-003/2024(H5N1)	1105	239
NP|PP755592.1|A/cattle/Texas/24-008749-003/2024(H5N1)	1106	236
NP|PP755592.1|A/cattle/Texas/24-008749-003/2024(H5N1)	1107	236
NP|PP755592.1|A/cattle/Texas/24-008749-003/2024(H5N1)	1108	235
NP|PP755592.1|A/cattle/Texas/24-008749-003/2024(H5N1)	1109	233
NP|PP755592.1|A/cattle/Texas/24-008749-003/2024(H5N1)	1110	243
NP|PP755592.1|A/cattle/Texas/24-008749-003/2024(H5N1)	1111	241
NP|PP755592.1|A/cattle/Texas/24-008749-003/2024(H5N1)	1112	241
NP|PP755592.1|A/cattle/Texas/24-008749-003/2024(H5N1)	1113	241
NP|PP755592.1|A/cattle/Texas/24-008749-003/2024(H5N1)	1114	242
NP|PP755592.1|A/cattle/Texas/24-008749-003/2024(H5N1)	1115	243
NP|PP755592.1|A/cattle/Texas/24-008749-003/2024(H5N1)	1116	243
NP|PP755592.1|A/cattle/Texas/24-008749-003/2024(H5N1)	1117	239
NP|PP755592.1|A/cattle/Texas/24-008749-003/2024(H5N1)	1118	242
NP|PP755592.1|A/cattle/Texas/24-008749-003/2024(H5N1)	1119	236
NP|PP755592.1|A/cattle/Texas/24-008749-003/2024(H5N1)	1120	236
NP|PP755592.1|A/cattle/Texas/24-008749-003/2024(H5N1)	1121	236
NP|PP755592.1|A/cattle/Texas/24-008749-003/2024(H5N1)	1122	236
NP|PP755592.1|A/cattle/Texas/24-008749-003/2024(H5N1)	1123	236
NP|PP755592.1|A/cattle/Texas/24-008749-003/2024(H5N1)	1124	235
NP|PP755592.1|A/cattle/Texas/24-008749-003/2024(H5N1)	1125	239
NP|PP755592.1|A/cattle/Texas/24-008749-003/2024(H5N1)	1126	237
NP|PP755592.1|A/cattle/Texas/24-008749-003/2024(H5N1)	1127	239
NP|PP755592.1|A/cattle/Texas/24-008749-003/2024(H5N1)	1128	239
NP|PP755592.1|A/cattle/Texas/24-008749-003/2024(H5N1)	1129	239
NP|PP755592.1|A/cattle/Texas/24-008749-003/2024(H5N1)	1130	240
NP|PP755592.1|A/cattle/Texas/24-008749-003/2024(H5N1)	1131	264
NP|PP755592.1|A/cattle/Texas/24-008749-003/2024(H5N1)	1132	264
NP|PP755592.1|A/cattle/Texas/24-008749-003/2024(H5N1)	1133	263
NP|PP755592.1|A/cattle/Texas/24-008749-003/2024(H5N1)	1134	257
NP|PP755592.1|A/cattle/Texas/24-008749-003/2024(H5N1)	1135	256
NP|PP755592.1|A/cattle/Texas/24-008749-003/2024(H5N1)	1136	256
NP|PP755592.1|A/cattle/Texas/24-008749-003/2024(H5N1)	1137	256
NP|PP755592.1|A/cattle/Texas/24-008749-003/2024(H5N1)	1138	256
NP|PP755592.1|A/cattle/Texas/24-008749-003/2024(H5N1)	1139	254
NP|PP755592.1|A/cattle/Texas/24-008749-003/2024(H5N1)	1140	252
NP|PP755592.1|A/cattle/Texas/24-008749-003/2024(H5N1)	1141	250
NP|PP755592.1|A/cattle/Texas/24-008749-003/2024(H5N1)	1142	242
NP|PP755592.1|A/cattle/Texas/24-008749-003/2024(H5N1)	1143	248
NP|PP755592.1|A/cattle/Texas/24-008749-003/2024(H5N1)	1144	249
NP|PP755592.1|A/cattle/Texas/24-008749-003/2024(H5N1)	1145	249
NP|PP755592.1|A/cattle/Texas/24-008749-003/2024(H5N1)	1146	249
NP|PP755592.1|A/cattle/Texas/24-008749-003/2024(H5N1)	1147	246
NP|PP755592.1|A/cattle/Texas/24-008749-003/2024(H5N1)	1148	255
NP|PP755592.1|A/cattle/Texas/24-008749-003/2024(H5N1)	1149	262
NP|PP755592.1|A/cattle/Texas/24-008749-003/2024(H5N1)	1150	262
NP|PP755592.1|A/cattle/Texas/24-008749-003/2024(H5N1)	1151	262
NP|PP755592.1|A/cattle/Texas/24-008749-003/2024(H5N1)	1152	261
NP|PP755592.1|A/cattle/Texas/24-008749-003/2024(H5N1)	1153	263
NP|PP755592.1|A/cattle/Texas/24-008749-003/2024(H5N1)	1154	263
NP|PP755592.1|A/cattle/Texas/24-008749-003/2024(H5N1)	1155	265
NP|PP755592.1|A/cattle/Texas/24-008749-003/2024(H5N1)	1156	256
NP|PP755592.1|A/cattle/Texas/24-008749-003/2024(H5N1)	1157	256
NP|PP755592.1|A/cattle/Texas/24-008749-003/2024(H5N1)	1158	257
NP|PP755592.1|A/cattle/Texas/24-008749-003/2024(H5N1)	1159	257
NP|PP755592.1|A/cattle/Texas/24-008749-003/2024(H5N1)	1160	259
NP|PP755592.1|A/cattle/Texas/24-008749-003/2024(H5N1)	1161	253
NP|PP755592.1|A/cattle/Texas/24-008749-003/2024(H5N1)	1162	253
NP|PP755592.1|A/cattle/Texas/24-008749-003/2024(H5N1)	1163	253
NP|PP755592.1|A/cattle/Texas/24-008749-003/2024(H5N1)	1164	253
NP|PP755592.1|A/cattle/Texas/24-008749-003/2024(H5N1)	1165	253
NP|PP755592.1|A/cattle/Texas/24-008749-003/2024(H5N1)	1166	254
NP|PP755592.1|A/cattle/Texas/24-008749-003/2024(H5N1)	1167	255
NP|PP755592.1|A/cattle/Texas/24-008749-003/2024(H5N1)	1168	261
NP|PP755592.1|A/cattle/Texas/24-008749-003/2024(H5N1)	1169	265
NP|PP755592.1|A/cattle/Texas/24-008749-003/2024(H5N1)	1170	266
NP|PP755592.1|A/cattle/Texas/24-008749-003/2024(H5N1)	1171	266
NP|PP755592.1|A/cattle/Texas/24-008749-003/2024(H5N1)	1172	266
NP|PP755592.1|A/cattle/Texas/24-008749-003/2024(H5N1)	1173	269
NP|PP755592.1|A/cattle/Texas/24-008749-003/2024(H5N1)	1174	269
NP|PP755592.1|A/cattle/Texas/24-008749-003/2024(H5N1)	1175	268
NP|PP755592.1|A/cattle/Texas/24-008749-003/2024(H5N1)	1176	270
NP|PP755592.1|A/cattle/Texas/24-008749-003/2024(H5N1)	1177	274
NP|PP755592.1|A/cattle/Texas/24-008749-003/2024(H5N1)	1178	273
NP|PP755592.1|A/cattle/Texas/24-008749-003/2024(H5N1)	1179	273
NP|PP755592.1|A/cattle/Texas/24-008749-003/2024(H5N1)	1180	273
NP|PP755592.1|A/cattle/Texas/24-008749-003/2024(H5N1)	1181	274
NP|PP755592.1|A/cattle/Texas/24-008749-003/2024(H5N1)	1182	275
NP|PP755592.1|A/cattle/Texas/24-008749-003/2024(H5N1)	1183	275
NP|PP755592.1|A/cattle/Texas/24-008749-003/2024(H5N1)	1184	287
NP|PP755592.1|A/cattle/Texas/24-008749-003/2024(H5N1)	1185	287
NP|PP755592.1|A/cattle/Texas/24-008749-003/2024(H5N1)	1186	287
NP|PP755592.1|A/cattle/Texas/24-008749-003/2024(H5N1)	1187	300
NP|PP755592.1|A/cattle/Texas/24-008749-003/2024(H5N1)	1188	300
NP|PP755592.1|A/cattle/Texas/24-008749-003/2024(H5N1)	1189	305
NP|PP755592.1|A/cattle/Texas/24-008749-003/2024(H5N1)	1190	306
NP|PP755592.1|A/cattle/Texas/24-008749-003/2024(H5N1)	1191	305
NP|PP755592.1|A/cattle/Texas/24-008749-003/2024(H5N1)	1192	309
NP|PP755592.1|A/cattle/Texas/24-008749-003/2024(H5N1)	1193	299
NP|PP755592.1|A/cattle/Texas/24-008749-003/2024(H5N1)	1194	300
NP|PP755592.1|A/cattle/Texas/24-008749-003/2024(H5N1)	1195	300
NP|PP755592.1|A/cattle/Texas/24-008749-003/2024(H5N1)	1196	294
NP|PP755592.1|A/cattle/Texas/24-008749-003/2024(H5N1)	1197	290
NP|PP755592.1|A/cattle/Texas/24-008749-003/2024(H5N1)	1198	281
NP|PP755592.1|A/cattle/Texas/24-008749-003/2024(H5N1)	1199	282
NP|PP755592.1|A/cattle/Texas/24-008749-003/2024(H5N1)	1200	278
NP|PP755592.1|A/cattle/Texas/24-008749-003/2024(H5N1)	1201	276
NP|PP755592.1|A/cattle/Texas/24-008749-003/2024(H5N1)	1202	271
NP|PP755592.1|A/cattle/Texas/24-008749-003/2024(H5N1)	1203	268
NP|PP755592.1|A/cattle/Texas/24-008749-003/2024(H5N1)	1204	268
NP|PP755592.1|A/cattle/Texas/24-008749-003/2024(H5N1)	1205	268
NP|PP755592.1|A/cattle/Texas/24-008749-003/2024(H5N1)	1206	267
NP|PP755592.1|A/cattle/Texas/24-008749-003/2024(H5N1)	1207	267
NP|PP755592.1|A/cattle/Texas/24-008749-003/2024(H5N1)	1208	267
NP|PP755592.1|A/cattle/Texas/24-008749-003/2024(H5N1)	1209	262
NP|PP755592.1|A/cattle/Texas/24-008749-003/2024(H5N1)	1210	266
NP|PP755592.1|A/cattle/Texas/24-008749-003/2024(H5N1)	1211	268
NP|PP755592.1|A/cattle/Texas/24-008749-003/2024(H5N1)	1212	259
NP|PP755592.1|A/cattle/Texas/24-008749-003/2024(H5N1)	1213	262
NP|PP755592.1|A/cattle/Texas/24-008749-003/2024(H5N1)	1214	263
NP|PP755592.1|A/cattle/Texas/24-008749-003/2024(H5N1)	1215	259
NP|PP755592.1|A/cattle/Texas/24-008749-003/2024(H5N1)	1216	260
NP|PP755592.1|A/cattle/Texas/24-008749-003/2024(H5N1)	1217	263
NP|PP755592.1|A/cattle/Texas/24-008749-003/2024(H5N1)	1218	263
NP|PP755592.1|A/cattle/Texas/24-008749-003/2024(H5N1)	1219	262
NP|PP755592.1|A/cattle/Texas/24-008749-003/2024(H5N1)	1220	269
NP|PP755592.1|A/cattle/Texas/24-008749-003/2024(H5N1)	1221	271
NP|PP755592.1|A/cattle/Texas/24-008749-003/2024(H5N1)	1222	275
NP|PP755592.1|A/cattle/Texas/24-008749-003/2024(H5N1)	1223	271
NP|PP755592.1|A/cattle/Texas/24-008749-003/2024(H5N1)	1224	271
NP|PP755592.1|A/cattle/Texas/24-008749-003/2024(H5N1)	1225	268
NP|PP755592.1|A/cattle/Texas/24-008749-003/2024(H5N1)	1226	265
NP|PP755592.1|A/cattle/Texas/24-008749-003/2024(H5N1)	1227	265
NP|PP755592.1|A/cattle/Texas/24-008749-003/2024(H5N1)	1228	262
NP|PP755592.1|A/cattle/Texas/24-008749-003/2024(H5N1)	1229	263
NP|PP755592.1|A/cattle/Texas/24-008749-003/2024(H5N1)	1230	266
NP|PP755592.1|A/cattle/Texas/24-008749-003/2024(H5N1)	1231	261
NP|PP755592.1|A/cattle/Texas/24-008749-003/2024(H5N1)	1232	261
NP|PP755592.1|A/cattle/Texas/24-008749-003/2024(H5N1)	1233	261
NP|PP755592.1|A/cattle/Texas/24-008749-003/2024(H5N1)	1234	261
NP|PP755592.1|A/cattle/Texas/24-008749-003/2024(H5N1)	1235	266
NP|PP755592.1|A/cattle/Texas/24-008749-003/2024(H5N1)	1236	266
NP|PP755592.1|A/cattle/Texas/24-008749-003/2024(H5N1)	1237	260
NP|PP755592.1|A/cattle/Texas/24-008749-003/2024(H5N1)	1238	265
NP|PP755592.1|A/cattle/Texas/24-008749-003/2024(H5N1)	1239	264
NP|PP755592.1|A/cattle/Texas/24-008749-003/2024(H5N1)	1240	271
NP|PP755592.1|A/cattle/Texas/24-008749-003/2024(H5N1)	1241	269
NP|PP755592.1|A/cattle/Texas/24-008749-003/2024(H5N1)	1242	269
NP|PP755592.1|A/cattle/Texas/24-008749-003/2024(H5N1)	1243	269
NP|PP755592.1|A/cattle/Texas/24-008749-003/2024(H5N1)	1244	260
NP|PP755592.1|A/cattle/Texas/24-008749-003/2024(H5N1)	1245	260
NP|PP755592.1|A/cattle/Texas/24-008749-003/2024(H5N1)	1246	266
NP|PP755592.1|A/cattle/Texas/24-008749-003/2024(H5N1)	1247	263
NP|PP755592.1|A/cattle/Texas/24-008749-003/2024(H5N1)	1248	257
NP|PP755592.1|A/cattle/Texas/24-008749-003/2024(H5N1)	1249	245
NP|PP755592.1|A/cattle/Texas/24-008749-003/2024(H5N1)	1250	247
NP|PP755592.1|A/cattle/Texas/24-008749-003/2024(H5N1)	1251	250
NP|PP755592.1|A/cattle/Texas/24-008749-003/2024(H5N1)	1252	248
NP|PP755592.1|A/cattle/Texas/24-008749-003/2024(H5N1)	1253	248
NP|PP755592.1|A/cattle/Texas/24-008749-003/2024(H5N1)	1254	240
NP|PP755592.1|A/cattle/Texas/24-008749-003/2024(H5N1)	1255	241
NP|PP755592.1|A/cattle/Texas/24-008749-003/2024(H5N1)	1256	242
NP|PP755592.1|A/cattle/Texas/24-008749-003/2024(H5N1)	1257	244
NP|PP755592.1|A/cattle/Texas/24-008749-003/2024(H5N1)	1258	244
NP|PP755592.1|A/cattle/Texas/24-008749-003/2024(H5N1)	1259	244
NP|PP755592.1|A/cattle/Texas/24-008749-003/2024(H5N1)	1260	243
NP|PP755592.1|A/cattle/Texas/24-008749-003/2024(H5N1)	1261	243
NP|PP755592.1|A/cattle/Texas/24-008749-003/2024(H5N1)	1262	243
NP|PP755592.1|A/cattle/Texas/24-008749-003/2024(H5N1)	1263	243
NP|PP755592.1|A/cattle/Texas/24-008749-003/2024(H5N1)	1264	243
NP|PP755592.1|A/cattle/Texas/24-008749-003/2024(H5N1)	1265	245
NP|PP755592.1|A/cattle/Texas/24-008749-003/2024(H5N1)	1266	244
NP|PP755592.1|A/cattle/Texas/24-008749-003/2024(H5N1)	1267	244
NP|PP755592.1|A/cattle/Texas/24-008749-003/2024(H5N1)	1268	241
NP|PP755592.1|A/cattle/Texas/24-008749-003/2024(H5N1)	1269	237
NP|PP755592.1|A/cattle/Texas/24-008749-003/2024(H5N1)	1270	240
NP|PP755592.1|A/cattle/Texas/24-008749-003/2024(H5N1)	1271	264
NP|PP755592.1|A/cattle/Texas/24-008749-003/2024(H5N1)	1272	264
NP|PP755592.1|A/cattle/Texas/24-008749-003/2024(H5N1)	1273	264
NP|PP755592.1|A/cattle/Texas/24-008749-003/2024(H5N1)	1274	263
NP|PP755592.1|A/cattle/Texas/24-008749-003/2024(H5N1)	1275	261
NP|PP755592.1|A/cattle/Texas/24-008749-003/2024(H5N1)	1276	261
NP|PP755592.1|A/cattle/Texas/24-008749-003/2024(H5N1)	1277	262
NP|PP755592.1|A/cattle/Texas/24-008749-003/2024(H5N1)	1278	259
NP|PP755592.1|A/cattle/Texas/24-008749-003/2024(H5N1)	1279	259
NP|PP755592.1|A/cattle/Texas/24-008749-003/2024(H5N1)	1280	228
NP|PP755592.1|A/cattle/Texas/24-008749-003/2024(H5N1)	1281	226
NP|PP755592.1|A/cattle/Texas/24-008749-003/2024(H5N1)	1282	229
NP|PP755592.1|A/cattle/Texas/24-008749-003/2024(H5N1)	1283	224
NP|PP755592.1|A/cattle/Texas/24-008749-003/2024(H5N1)	1284	225
NP|PP755592.1|A/cattle/Texas/24-008749-003/2024(H5N1)	1285	225
NP|PP755592.1|A/cattle/Texas/24-008749-003/2024(H5N1)	1286	225
NP|PP755592.1|A/cattle/Texas/24-008749-003/2024(H5N1)	1287	225
NP|PP755592.1|A/cattle/Texas/24-008749-003/2024(H5N1)	1288	225
NP|PP755592.1|A/cattle/Texas/24-008749-003/2024(H5N1)	1289	227
NP|PP755592.1|A/cattle/Texas/24-008749-003/2024(H5N1)	1290	221
NP|PP755592.1|A/cattle/Texas/24-008749-003/2024(H5N1)	1291	220
NP|PP755592.1|A/cattle/Texas/24-008749-003/2024(H5N1)	1292	230
NP|PP755592.1|A/cattle/Texas/24-008749-003/2024(H5N1)	1293	230
NP|PP755592.1|A/cattle/Texas/24-008749-003/2024(H5N1)	1294	229
NP|PP755592.1|A/cattle/Texas/24-008749-003/2024(H5N1)	1295	230
NP|PP755592.1|A/cattle/Texas/24-008749-003/2024(H5N1)	1296	231
NP|PP755592.1|A/cattle/Texas/24-008749-003/2024(H5N1)	1297	235
NP|PP755592.1|A/cattle/Texas/24-008749-003/2024(H5N1)	1298	231
NP|PP755592.1|A/cattle/Texas/24-008749-003/2024(H5N1)	1299	223
NP|PP755592.1|A/cattle/Texas/24-008749-003/2024(H5N1)	1300	223
NP|PP755592.1|A/cattle/Texas/24-008749-003/2024(H5N1)	1301	225
NP|PP755592.1|A/cattle/Texas/24-008749-003/2024(H5N1)	1302	226
NP|PP755592.1|A/cattle/Texas/24-008749-003/2024(H5N1)	1303	224
NP|PP755592.1|A/cattle/Texas/24-008749-003/2024(H5N1)	1304	223
NP|PP755592.1|A/cattle/Texas/24-008749-003/2024(H5N1)	1305	227
NP|PP755592.1|A/cattle/Texas/24-008749-003/2024(H5N1)	1306	225
NP|PP755592.1|A/cattle/Texas/24-008749-003/2024(H5N1)	1307	225
NP|PP755592.1|A/cattle/Texas/24-008749-003/2024(H5N1)	1308	226
NP|PP755592.1|A/cattle/Texas/24-008749-003/2024(H5N1)	1309	226
NP|PP755592.1|A/cattle/Texas/24-008749-003/2024(H5N1)	1310	231
NP|PP755592.1|A/cattle/Texas/24-008749-003/2024(H5N1)	1311	231
NP|PP755592.1|A/cattle/Texas/24-008749-003/2024(H5N1)	1312	232
NP|PP755592.1|A/cattle/Texas/24-008749-003/2024(H5N1)	1313	232
NP|PP755592.1|A/cattle/Texas/24-008749-003/2024(H5N1)	1314	232
NP|PP755592.1|A/cattle/Texas/24-008749-003/2024(H5N1)	1315	232
NP|PP755592.1|A/cattle/Texas/24-008749-003/2024(H5N1)	1316	232
NP|PP755592.1|A/cattle/Texas/24-008749-003/2024(H5N1)	1317	233
NP|PP755592.1|A/cattle/Texas/24-008749-003/2024(H5N1)	1318	232
NP|PP755592.1|A/cattle/Texas/24-008749-003/2024(H5N1)	1319	226
NP|PP755592.1|A/cattle/Texas/24-008749-003/2024(H5N1)	1320	222
NP|PP755592.1|A/cattle/Texas/24-008749-003/2024(H5N1)	1321	221
NP|PP755592.1|A/cattle/Texas/24-008749-003/2024(H5N1)	1322	226
NP|PP755592.1|A/cattle/Texas/24-008749-003/2024(H5N1)	1323	226
NP|PP755592.1|A/cattle/Texas/24-008749-003/2024(H5N1)	1324	222
NP|PP755592.1|A/cattle/Texas/24-008749-003/2024(H5N1)	1325	222
NP|PP755592.1|A/cattle/Texas/24-008749-003/2024(H5N1)	1326	219
NP|PP755592.1|A/cattle/Texas/24-008749-003/2024(H5N1)	1327	219
NP|PP755592.1|A/cattle/Texas/24-008749-003/2024(H5N1)	1328	218
NP|PP755592.1|A/cattle/Texas/24-008749-003/2024(H5N1)	1329	216
NP|PP755592.1|A/cattle/Texas/24-008749-003/2024(H5N1)	1330	222
NP|PP755592.1|A/cattle/Texas/24-008749-003/2024(H5N1)	1331	222
NP|PP755592.1|A/cattle/Texas/24-008749-003/2024(H5N1)	1332	222
NP|PP755592.1|A/cattle/Texas/24-008749-003/2024(H5N1)	1333	249
NP|PP755592.1|A/cattle/Texas/24-008749-003/2024(H5N1)	1334	249
NP|PP755592.1|A/cattle/Texas/24-008749-003/2024(H5N1)	1335	241
NP|PP755592.1|A/cattle/Texas/24-008749-003/2024(H5N1)	1336	240
NP|PP755592.1|A/cattle/Texas/24-008749-003/2024(H5N1)	1337	243
NP|PP755592.1|A/cattle/Texas/24-008749-003/2024(H5N1)	1338	235
NP|PP755592.1|A/cattle/Texas/24-008749-003/2024(H5N1)	1339	238
NP|PP755592.1|A/cattle/Texas/24-008749-003/2024(H5N1)	1340	235
NP|PP755592.1|A/cattle/Texas/24-008749-003/2024(H5N1)	1341	234
NP|PP755592.1|A/cattle/Texas/24-008749-003/2024(H5N1)	1342	240
NP|PP755592.1|A/cattle/Texas/24-008749-003/2024(H5N1)	1343	240
NP|PP755592.1|A/cattle/Texas/24-008749-003/2024(H5N1)	1344	243
NP|PP755592.1|A/cattle/Texas/24-008749-003/2024(H5N1)	1345	244
NP|PP755592.1|A/cattle/Texas/24-008749-003/2024(H5N1)	1346	241
NP|PP755592.1|A/cattle/Texas/24-008749-003/2024(H5N1)	1347	241
NP|PP755592.1|A/cattle/Texas/24-008749-003/2024(H5N1)	1348	241
NP|PP755592.1|A/cattle/Texas/24-008749-003/2024(H5N1)	1349	247
NP|PP755592.1|A/cattle/Texas/24-008749-003/2024(H5N1)	1350	246
NP|PP755592.1|A/cattle/Texas/24-008749-003/2024(H5N1)	1351	246
NP|PP755592.1|A/cattle/Texas/24-008749-003/2024(H5N1)	1352	246
NP|PP755592.1|A/cattle/Texas/24-008749-003/2024(H5N1)	1353	246
NP|PP755592.1|A/cattle/Texas/24-008749-003/2024(H5N1)	1354	246
NP|PP755592.1|A/cattle/Texas/24-008749-003/2024(H5N1)	1355	246
NP|PP755592.1|A/cattle/Texas/24-008749-003/2024(H5N1)	1356	247
NP|PP755592.1|A/cattle/Texas/24-008749-003/2024(H5N1)	1357	259
NP|PP755592.1|A/cattle/Texas/24-008749-003/2024(H5N1)	1358	253
NP|PP755592.1|A/cattle/Texas/24-008749-003/2024(H5N1)	1359	252
NP|PP755592.1|A/cattle/Texas/24-008749-003/2024(H5N1)	1360	252
NP|PP755592.1|A/cattle/Texas/24-008749-003/2024(H5N1)	1361	252
NP|PP755592.1|A/cattle/Texas/24-008749-003/2024(H5N1)	1362	252
NP|PP755592.1|A/cattle/Texas/24-008749-003/2024(H5N1)	1363	252
NP|PP755592.1|A/cattle/Texas/24-008749-003/2024(H5N1)	1364	250
NP|PP755592.1|A/cattle/Texas/24-008749-003/2024(H5N1)	1365	250
NP|PP755592.1|A/cattle/Texas/24-008749-003/2024(H5N1)	1366	247
NP|PP755592.1|A/cattle/Texas/24-008749-003/2024(H5N1)	1367	246
NP|PP755592.1|A/cattle/Texas/24-008749-003/2024(H5N1)	1368	245
NP|PP755592.1|A/cattle/Texas/24-008749-003/2024(H5N1)	1369	262
NP|PP755592.1|A/cattle/Texas/24-008749-003/2024(H5N1)	1370	260
NP|PP755592.1|A/cattle/Texas/24-008749-003/2024(H5N1)	1371	260
NP|PP755592.1|A/cattle/Texas/24-008749-003/2024(H5N1)	1372	268
NP|PP755592.1|A/cattle/Texas/24-008749-003/2024(H5N1)	1373	264
NP|PP755592.1|A/cattle/Texas/24-008749-003/2024(H5N1)	1374	268
NP|PP755592.1|A/cattle/Texas/24-008749-003/2024(H5N1)	1375	268
NP|PP755592.1|A/cattle/Texas/24-008749-003/2024(H5N1)	1376	268
NP|PP755592.1|A/cattle/Texas/24-008749-003/2024(H5N1)	1377	266
NP|PP755592.1|A/cattle/Texas/24-008749-003/2024(H5N1)	1378	259
NP|PP755592.1|A/cattle/Texas/24-008749-003/2024(H5N1)	1379	263
NP|PP755592.1|A/cattle/Texas/24-008749-003/2024(H5N1)	1380	261
NP|PP755592.1|A/cattle/Texas/24-008749-003/2024(H5N1)	1381	257
NP|PP755592.1|A/cattle/Texas/24-008749-003/2024(H5N1)	1382	257
NP|PP755592.1|A/cattle/Texas/24-008749-003/2024(H5N1)	1383	257
NP|PP755592.1|A/cattle/Texas/24-008749-003/2024(H5N1)	1384	257
NP|PP755592.1|A/cattle/Texas/24-008749-003/2024(H5N1)	1385	257
NP|PP755592.1|A/cattle/Texas/24-008749-003/2024(H5N1)	1386	254
NP|PP755592.1|A/cattle/Texas/24-008749-003/2024(H5N1)	1387	274
NP|PP755592.1|A/cattle/Texas/24-008749-003/2024(H5N1)	1388	271
NP|PP755592.1|A/cattle/Texas/24-008749-003/2024(H5N1)	1389	267
NP|PP755592.1|A/cattle/Texas/24-008749-003/2024(H5N1)	1390	267
NP|PP755592.1|A/cattle/Texas/24-008749-003/2024(H5N1)	1391	267
NP|PP755592.1|A/cattle/Texas/24-008749-003/2024(H5N1)	1392	267
NP|PP755592.1|A/cattle/Texas/24-008749-003/2024(H5N1)	1393	267
NP|PP755592.1|A/cattle/Texas/24-008749-003/2024(H5N1)	1394	266
NP|PP755592.1|A/cattle/Texas/24-008749-003/2024(H5N1)	1395	266
NP|PP755592.1|A/cattle/Texas/24-008749-003/2024(H5N1)	1396	255
NP|PP755592.1|A/cattle/Texas/24-008749-003/2024(H5N1)	1397	254
NP|PP755592.1|A/cattle/Texas/24-008749-003/2024(H5N1)	1398	254
NP|PP755592.1|A/cattle/Texas/24-008749-003/2024(H5N1)	1399	254
NP|PP755592.1|A/cattle/Texas/24-008749-003/2024(H5N1)	1400	252
NP|PP755592.1|A/cattle/Texas/24-008749-003/2024(H5N1)	1401	252
NP|PP755592.1|A/cattle/Texas/24-008749-003/2024(H5N1)	1402	251
NP|PP755592.1|A/cattle/Texas/24-008749-003/2024(H5N1)	1403	251
NP|PP755592.1|A/cattle/Texas/24-008749-003/2024(H5N1)	1404	251
NP|PP755592.1|A/cattle/Texas/24-008749-003/2024(H5N1)	1405	251
NP|PP755592.1|A/cattle/Texas/24-008749-003/2024(H5N1)	1406	250
NP|PP755592.1|A/cattle/Texas/24-008749-003/2024(H5N1)	1407	249
NP|PP755592.1|A/cattle/Texas/24-008749-003/2024(H5N1)	1408	247
NP|PP755592.1|A/cattle/Texas/24-008749-003/2024(H5N1)	1409	247
NP|PP755592.1|A/cattle/Texas/24-008749-003/2024(H5N1)	1410	247
NP|PP755592.1|A/cattle/Texas/24-008749-003/2024(H5N1)	1411	246
NP|PP755592.1|A/cattle/Texas/24-008749-003/2024(H5N1)	1412	245
NP|PP755592.1|A/cattle/Texas/24-008749-003/2024(H5N1)	1413	245
NP|PP755592.1|A/cattle/Texas/24-008749-003/2024(H5N1)	1414	245
NP|PP755592.1|A/cattle/Texas/24-008749-003/2024(H5N1)	1415	243
NP|PP755592.1|A/cattle/Texas/24-008749-003/2024(H5N1)	1416	243
NP|PP755592.1|A/cattle/Texas/24-008749-003/2024(H5N1)	1417	243
NP|PP755592.1|A/cattle/Texas/24-008749-003/2024(H5N1)	1418	247
NP|PP755592.1|A/cattle/Texas/24-008749-003/2024(H5N1)	1419	247
NP|PP755592.1|A/cattle/Texas/24-008749-003/2024(H5N1)	1420	246
NP|PP755592.1|A/cattle/Texas/24-008749-003/2024(H5N1)	1421	224
NP|PP755592.1|A/cattle/Texas/24-008749-003/2024(H5N1)	1422	224
NP|PP755592.1|A/cattle/Texas/24-008749-003/2024(H5N1)	1423	224
NP|PP755592.1|A/cattle/Texas/24-008749-003/2024(H5N1)	1424	224
NP|PP755592.1|A/cattle/Texas/24-008749-003/2024(H5N1)	1425	224
NP|PP755592.1|A/cattle/Texas/24-008749-003/2024(H5N1)	1426	223
NP|PP755592.1|A/cattle/Texas/24-008749-003/2024(H5N1)	1427	223
NP|PP755592.1|A/cattle/Texas/24-008749-003/2024(H5N1)	1428	222
NP|PP755592.1|A/cattle/Texas/24-008749-003/2024(H5N1)	1429	222
NP|PP755592.1|A/cattle/Texas/24-008749-003/2024(H5N1)	1430	221
NP|PP755592.1|A/cattle/Texas/24-008749-003/2024(H5N1)	1431	219
NP|PP755592.1|A/cattle/Texas/24-008749-003/2024(H5N1)	1432	216
NP|PP755592.1|A/cattle/Texas/24-008749-003/2024(H5N1)	1433	218
NP|PP755592.1|A/cattle/Texas/24-008749-003/2024(H5N1)	1434	218
NP|PP755592.1|A/cattle/Texas/24-008749-003/2024(H5N1)	1435	217
NP|PP755592.1|A/cattle/Texas/24-008749-003/2024(H5N1)	1436	217
NP|PP755592.1|A/cattle/Texas/24-008749-003/2024(H5N1)	1437	217
NP|PP755592.1|A/cattle/Texas/24-008749-003/2024(H5N1)	1438	217
NP|PP755592.1|A/cattle/Texas/24-008749-003/2024(H5N1)	1439	217
NP|PP755592.1|A/cattle/Texas/24-008749-003/2024(H5N1)	1440	215
NP|PP755592.1|A/cattle/Texas/24-008749-003/2024(H5N1)	1441	215
NP|PP755592.1|A/cattle/Texas/24-008749-003/2024(H5N1)	1442	203
NP|PP755592.1|A/cattle/Texas/24-008749-003/2024(H5N1)	1443	202
NP|PP755592.1|A/cattle/Texas/24-008749-003/2024(H5N1)	1444	202
NP|PP755592.1|A/cattle/Texas/24-008749-003/2024(H5N1)	1445	202
NP|PP755592.1|A/cattle/Texas/24-008749-003/2024(H5N1)	1446	205
NP|PP755592.1|A/cattle/Texas/24-008749-003/2024(H5N1)	1447	203
NP|PP755592.1|A/cattle/Texas/24-008749-003/2024(H5N1)	1448	199
NP|PP755592.1|A/cattle/Texas/24-008749-003/2024(H5N1)	1449	198
NP|PP755592.1|A/cattle/Texas/24-008749-003/2024(H5N1)	1450	198
NP|PP755592.1|A/cattle/Texas/24-008749-003/2024(H5N1)	1451	198
NP|PP755592.1|A/cattle/Texas/24-008749-003/2024(H5N1)	1452	195
NP|PP755592.1|A/cattle/Texas/24-008749-003/2024(H5N1)	1453	195
NP|PP755592.1|A/cattle/Texas/24-008749-003/2024(H5N1)	1454	193
NP|PP755592.1|A/cattle/Texas/24-008749-003/2024(H5N1)	1455	189
NP|PP755592.1|A/cattle/Texas/24-008749-003/2024(H5N1)	1456	189
NP|PP755592.1|A/cattle/Texas/24-008749-003/2024(H5N1)	1457	189
NP|PP755592.1|A/cattle/Texas/24-008749-003/2024(H5N1)	1458	189
NP|PP755592.1|A/cattle/Texas/24-008749-003/2024(H5N1)	1459	188
NP|PP755592.1|A/cattle/Texas/24-008749-003/2024(H5N1)	1460	187
NP|PP755592.1|A/cattle/Texas/24-008749-003/2024(H5N1)	1461	181
NP|PP755592.1|A/cattle/Texas/24-008749-003/2024(H5N1)	1462	179
NP|PP755592.1|A/cattle/Texas/24-008749-003/2024(H5N1)	1463	178
NP|PP755592.1|A/cattle/Texas/24-008749-003/2024(H5N1)	1464	178
NP|PP755592.1|A/cattle/Texas/24-008749-003/2024(H5N1)	1465	178
NP|PP755592.1|A/cattle/Texas/24-008749-003/2024(H5N1)	1466	178
NP|PP755592.1|A/cattle/Texas/24-008749-003/2024(H5N1)	1467	176
NP|PP755592.1|A/cattle/Texas/24-008749-003/2024(H5N1)	1468	176
NP|PP755592.1|A/cattle/Texas/24-008749-003/2024(H5N1)	1469	176
NP|PP755592.1|A/cattle/Texas/24-008749-003/2024(H5N1)	1470	176
NP|PP755592.1|A/cattle/Texas/24-008749-003/2024(H5N1)	1471	176
NP|PP755592.1|A/cattle/Texas/24-008749-003/2024(H5N1)	1472	176
NP|PP755592.1|A/cattle/Texas/24-008749-003/2024(H5N1)	1473	171
NP|PP755592.1|A/cattle/Texas/24-008749-003/2024(H5N1)	1474	171
NP|PP755592.1|A/cattle/Texas/24-008749-003/2024(H5N1)	1475	171
NP|PP755592.1|A/cattle/Texas/24-008749-003/2024(H5N1)	1476	171
NP|PP755592.1|A/cattle/Texas/24-008749-003/2024(H5N1)	1477	171
NP|PP755592.1|A/cattle/Texas/24-008749-003/2024(H5N1)	1478	171
NP|PP755592.1|A/cattle/Texas/24-008749-003/2024(H5N1)	1479	156
NP|PP755592.1|A/cattle/Texas/24-008749-003/2024(H5N1)	1480	155
NP|PP755592.1|A/cattle/Texas/24-008749-003/2024(H5N1)	1481	154
NP|PP755592.1|A/cattle/Texas/24-008749-003/2024(H5N1)	1482	144
NP|PP755592.1|A/cattle/Texas/24-008749-003/2024(H5N1)	1483	143
NP|PP755592.1|A/cattle/Texas/24-008749-003/2024(H5N1)	1484	109
NP|PP755592.1|A/cattle/Texas/24-008749-003/2024(H5N1)	1485	109
NP|PP755592.1|A/cattle/Texas/24-008749-003/2024(H5N1)	1486	105
NP|PP755592.1|A/cattle/Texas/24-008749-003/2024(H5N1)	1487	105
NP|PP755592.1|A/cattle/Texas/24-008749-003/2024(H5N1)	1488	104
NP|PP755592.1|A/cattle/Texas/24-008749-003/2024(H5N1)	1489	97
NP|PP755592.1|A/cattle/Texas/24-008749-003/2024(H5N1)	1490	97
NP|PP755592.1|A/cattle/Texas/24-008749-003/2024(H5N1)	1491	96
NP|PP755592.1|A/cattle/Texas/24-008749-003/2024(H5N1)	1492	82
NP|PP755592.1|A/cattle/Texas/24-008749-003/2024(H5N1)	1493	82
NP|PP755592.1|A/cattle/Texas/24-008749-003/2024(H5N1)	1494	72
NP|PP755592.1|A/cattle/Texas/24-008749-003/2024(H5N1)	1495	71
NP|PP755592.1|A/cattle/Texas/24-008749-003/2024(H5N1)	1496	71
NP|PP755592.1|A/cattle/Texas/24-008749-003/2024(H5N1)	1497	71
