PB2|PP755596.1|A/cattle/Texas/24-008749-003/2024(H5N1)	1	0
PB2|PP755596.1|A/cattle/Texas/24-008749-003/2024(H5N1)	2	0
PB2|PP755596.1|A/cattle/Texas/24-008749-003/2024(H5N1)	3	0
PB2|PP755596.1|A/cattle/Texas/24-008749-003/2024(H5N1)	4	0
PB2|PP755596.1|A/cattle/Texas/24-008749-003/2024(H5N1)	5	0
PB2|PP755596.1|A/cattle/Texas/24-008749-003/2024(H5N1)	6	0
PB2|PP755596.1|A/cattle/Texas/24-008749-003/2024(H5N1)	7	0
PB2|PP755596.1|A/cattle/Texas/24-008749-003/2024(H5N1)	8	126
PB2|PP755596.1|A/cattle/Texas/24-008749-003/2024(H5N1)	9	131
PB2|PP755596.1|A/cattle/Texas/24-008749-003/2024(H5N1)	10	144
PB2|PP755596.1|A/cattle/Texas/24-008749-003/2024(H5N1)	11	194
PB2|PP755596.1|A/cattle/Texas/24-008749-003/2024(H5N1)	12	194
PB2|PP755596.1|A/cattle/Texas/24-008749-003/2024(H5N1)	13	221
PB2|PP755596.1|A/cattle/Texas/24-008749-003/2024(H5N1)	14	224
PB2|PP755596.1|A/cattle/Texas/24-008749-003/2024(H5N1)	15	225
PB2|PP755596.1|A/cattle/Texas/24-008749-003/2024(H5N1)	16	273
PB2|PP755596.1|A/cattle/Texas/24-008749-003/2024(H5N1)	17	283
PB2|PP755596.1|A/cattle/Texas/24-008749-003/2024(H5N1)	18	292
PB2|PP755596.1|A/cattle/Texas/24-008749-003/2024(H5N1)	19	293
PB2|PP755596.1|A/cattle/Texas/24-008749-003/2024(H5N1)	20	295
PB2|PP755596.1|A/cattle/Texas/24-008749-003/2024(H5N1)	21	316
PB2|PP755596.1|A/cattle/Texas/24-008749-003/2024(H5N1)	22	316
PB2|PP755596.1|A/cattle/Texas/24-008749-003/2024(H5N1)	23	322
PB2|PP755596.1|A/cattle/Texas/24-008749-003/2024(H5N1)	24	326
PB2|PP755596.1|A/cattle/Texas/24-008749-003/2024(H5N1)	25	400
PB2|PP755596.1|A/cattle/Texas/24-008749-003/2024(H5N1)	26	435
PB2|PP755596.1|A/cattle/Texas/24-008749-003/2024(H5N1)	27	438
PB2|PP755596.1|A/cattle/Texas/24-008749-003/2024(H5N1)	28	442
PB2|PP755596.1|A/cattle/Texas/24-008749-003/2024(H5N1)	29	449
PB2|PP755596.1|A/cattle/Texas/24-008749-003/2024(H5N1)	30	453
PB2|PP755596.1|A/cattle/Texas/24-008749-003/2024(H5N1)	31	466
PB2|PP755596.1|A/cattle/Texas/24-008749-003/2024(H5N1)	32	474
PB2|PP755596.1|A/cattle/Texas/24-008749-003/2024(H5N1)	33	482
PB2|PP755596.1|A/cattle/Texas/24-008749-003/2024(H5N1)	34	503
PB2|PP755596.1|A/cattle/Texas/24-008749-003/2024(H5N1)	35	504
PB2|PP755596.1|A/cattle/Texas/24-008749-003/2024(H5N1)	36	504
PB2|PP755596.1|A/cattle/Texas/24-008749-003/2024(H5N1)	37	510
PB2|PP755596.1|A/cattle/Texas/24-008749-003/2024(H5N1)	38	515
PB2|PP755596.1|A/cattle/Texas/24-008749-003/2024(H5N1)	39	681
PB2|PP755596.1|A/cattle/Texas/24-008749-003/2024(H5N1)	40	687
PB2|PP755596.1|A/cattle/Texas/24-008749-003/2024(H5N1)	41	688
PB2|PP755596.1|A/cattle/Texas/24-008749-003/2024(H5N1)	42	688
PB2|PP755596.1|A/cattle/Texas/24-008749-003/2024(H5N1)	43	703
PB2|PP755596.1|A/cattle/Texas/24-008749-003/2024(H5N1)	44	703
PB2|PP755596.1|A/cattle/Texas/24-008749-003/2024(H5N1)	45	706
PB2|PP755596.1|A/cattle/Texas/24-008749-003/2024(H5N1)	46	709
PB2|PP755596.1|A/cattle/Texas/24-008749-003/2024(H5N1)	47	716
PB2|PP755596.1|A/cattle/Texas/24-008749-003/2024(H5N1)	48	708
PB2|PP755596.1|A/cattle/Texas/24-008749-003/2024(H5N1)	49	718
PB2|PP755596.1|A/cattle/Texas/24-008749-003/2024(H5N1)	50	722
PB2|PP755596.1|A/cattle/Texas/24-008749-003/2024(H5N1)	51	725
PB2|PP755596.1|A/cattle/Texas/24-008749-003/2024(H5N1)	52	730
PB2|PP755596.1|A/cattle/Texas/24-008749-003/2024(H5N1)	53	733
PB2|PP755596.1|A/cattle/Texas/24-008749-003/2024(H5N1)	54	735
PB2|PP755596.1|A/cattle/Texas/24-008749-003/2024(H5N1)	55	802
PB2|PP755596.1|A/cattle/Texas/24-008749-003/2024(H5N1)	56	803
PB2|PP755596.1|A/cattle/Texas/24-008749-003/2024(H5N1)	57	804
PB2|PP755596.1|A/cattle/Texas/24-008749-003/2024(H5N1)	58	805
PB2|PP755596.1|A/cattle/Texas/24-008749-003/2024(H5N1)	59	805
PB2|PP755596.1|A/cattle/Texas/24-008749-003/2024(H5N1)	60	838
PB2|PP755596.1|A/cattle/Texas/24-008749-003/2024(H5N1)	61	848
PB2|PP755596.1|A/cattle/Texas/24-008749-003/2024(H5N1)	62	857
PB2|PP755596.1|A/cattle/Texas/24-008749-003/2024(H5N1)	63	859
PB2|PP755596.1|A/cattle/Texas/24-008749-003/2024(H5N1)	64	859
PB2|PP755596.1|A/cattle/Texas/24-008749-003/2024(H5N1)	65	867
PB2|PP755596.1|A/cattle/Texas/24-008749-003/2024(H5N1)	66	881
PB2|PP755596.1|A/cattle/Texas/24-008749-003/2024(H5N1)	67	904
PB2|PP755596.1|A/cattle/Texas/24-008749-003/2024(H5N1)	68	922
PB2|PP755596.1|A/cattle/Texas/24-008749-003/2024(H5N1)	69	920
PB2|PP755596.1|A/cattle/Texas/24-008749-003/2024(H5N1)	70	926
PB2|PP755596.1|A/cattle/Texas/24-008749-003/2024(H5N1)	71	959
PB2|PP755596.1|A/cattle/Texas/24-008749-003/2024(H5N1)	72	968
PB2|PP755596.1|A/cattle/Texas/24-008749-003/2024(H5N1)	73	1004
PB2|PP755596.1|A/cattle/Texas/24-008749-003/2024(H5N1)	74	1018
PB2|PP755596.1|A/cattle/Texas/24-008749-003/2024(H5N1)	75	1018
PB2|PP755596.1|A/cattle/Texas/24-008749-003/2024(H5N1)	76	1022
PB2|PP755596.1|A/cattle/Texas/24-008749-003/2024(H5N1)	77	1023
PB2|PP755596.1|A/cattle/Texas/24-008749-003/2024(H5N1)	78	1059
PB2|PP755596.1|A/cattle/Texas/24-008749-003/2024(H5N1)	79	1096
PB2|PP755596.1|A/cattle/Texas/24-008749-003/2024(H5N1)	80	1088
PB2|PP755596.1|A/cattle/Texas/24-008749-003/2024(H5N1)	81	1094
PB2|PP755596.1|A/cattle/Texas/24-008749-003/2024(H5N1)	82	1078
PB2|PP755596.1|A/cattle/Texas/24-008749-003/2024(H5N1)	83	1080
PB2|PP755596.1|A/cattle/Texas/24-008749-003/2024(H5N1)	84	1088
PB2|PP755596.1|A/cattle/Texas/24-008749-003/2024(H5N1)	85	1140
PB2|PP755596.1|A/cattle/Texas/24-008749-003/2024(H5N1)	86	1162
PB2|PP755596.1|A/cattle/Texas/24-008749-003/2024(H5N1)	87	1198
PB2|PP755596.1|A/cattle/Texas/24-008749-003/2024(H5N1)	88	1202
PB2|PP755596.1|A/cattle/Texas/24-008749-003/2024(H5N1)	89	1207
PB2|PP755596.1|A/cattle/Texas/24-008749-003/2024(H5N1)	90	1205
PB2|PP755596.1|A/cattle/Texas/24-008749-003/2024(H5N1)	91	1245
PB2|PP755596.1|A/cattle/Texas/24-008749-003/2024(H5N1)	92	1289
PB2|PP755596.1|A/cattle/Texas/24-008749-003/2024(H5N1)	93	1286
PB2|PP755596.1|A/cattle/Texas/24-008749-003/2024(H5N1)	94	1284
PB2|PP755596.1|A/cattle/Texas/24-008749-003/2024(H5N1)	95	1284
PB2|PP755596.1|A/cattle/Texas/24-008749-003/2024(H5N1)	96	1316
PB2|PP755596.1|A/cattle/Texas/24-008749-003/2024(H5N1)	97	1413
PB2|PP755596.1|A/cattle/Texas/24-008749-003/2024(H5N1)	98	1410
PB2|PP755596.1|A/cattle/Texas/24-008749-003/2024(H5N1)	99	1465
PB2|PP755596.1|A/cattle/Texas/24-008749-003/2024(H5N1)	100	1480
PB2|PP755596.1|A/cattle/Texas/24-008749-003/2024(H5N1)	101	1491
PB2|PP755596.1|A/cattle/Texas/24-008749-003/2024(H5N1)	102	1496
PB2|PP755596.1|A/cattle/Texas/24-008749-003/2024(H5N1)	103	1497
PB2|PP755596.1|A/cattle/Texas/24-008749-003/2024(H5N1)	104	1515
PB2|PP755596.1|A/cattle/Texas/24-008749-003/2024(H5N1)	105	1507
PB2|PP755596.1|A/cattle/Texas/24-008749-003/2024(H5N1)	106	1508
PB2|PP755596.1|A/cattle/Texas/24-008749-003/2024(H5N1)	107	1515
PB2|PP755596.1|A/cattle/Texas/24-008749-003/2024(H5N1)	108	1504
PB2|PP755596.1|A/cattle/Texas/24-008749-003/2024(H5N1)	109	1505
PB2|PP755596.1|A/cattle/Texas/24-008749-003/2024(H5N1)	110	1505
PB2|PP755596.1|A/cattle/Texas/24-008749-003/2024(H5N1)	111	1503
PB2|PP755596.1|A/cattle/Texas/24-008749-003/2024(H5N1)	112	1503
PB2|PP755596.1|A/cattle/Texas/24-008749-003/2024(H5N1)	113	1499
PB2|PP755596.1|A/cattle/Texas/24-008749-003/2024(H5N1)	114	1497
PB2|PP755596.1|A/cattle/Texas/24-008749-003/2024(H5N1)	115	1511
PB2|PP755596.1|A/cattle/Texas/24-008749-003/2024(H5N1)	116	1508
PB2|PP755596.1|A/cattle/Texas/24-008749-003/2024(H5N1)	117	1512
PB2|PP755596.1|A/cattle/Texas/24-008749-003/2024(H5N1)	118	1542
PB2|PP755596.1|A/cattle/Texas/24-008749-003/2024(H5N1)	119	1546
PB2|PP755596.1|A/cattle/Texas/24-008749-003/2024(H5N1)	120	1559
PB2|PP755596.1|A/cattle/Texas/24-008749-003/2024(H5N1)	121	1560
PB2|PP755596.1|A/cattle/Texas/24-008749-003/2024(H5N1)	122	1554
PB2|PP755596.1|A/cattle/Texas/24-008749-003/2024(H5N1)	123	1555
PB2|PP755596.1|A/cattle/Texas/24-008749-003/2024(H5N1)	124	1547
PB2|PP755596.1|A/cattle/Texas/24-008749-003/2024(H5N1)	125	1583
PB2|PP755596.1|A/cattle/Texas/24-008749-003/2024(H5N1)	126	1590
PB2|PP755596.1|A/cattle/Texas/24-008749-003/2024(H5N1)	127	1566
PB2|PP755596.1|A/cattle/Texas/24-008749-003/2024(H5N1)	128	1565
PB2|PP755596.1|A/cattle/Texas/24-008749-003/2024(H5N1)	129	1563
PB2|PP755596.1|A/cattle/Texas/24-008749-003/2024(H5N1)	130	1566
PB2|PP755596.1|A/cattle/Texas/24-008749-003/2024(H5N1)	131	1565
PB2|PP755596.1|A/cattle/Texas/24-008749-003/2024(H5N1)	132	1570
PB2|PP755596.1|A/cattle/Texas/24-008749-003/2024(H5N1)	133	1570
PB2|PP755596.1|A/cattle/Texas/24-008749-003/2024(H5N1)	134	1549
PB2|PP755596.1|A/cattle/Texas/24-008749-003/2024(H5N1)	135	1549
PB2|PP755596.1|A/cattle/Texas/24-008749-003/2024(H5N1)	136	1538
PB2|PP755596.1|A/cattle/Texas/24-008749-003/2024(H5N1)	137	1551
PB2|PP755596.1|A/cattle/Texas/24-008749-003/2024(H5N1)	138	1551
PB2|PP755596.1|A/cattle/Texas/24-008749-003/2024(H5N1)	139	1546
PB2|PP755596.1|A/cattle/Texas/24-008749-003/2024(H5N1)	140	1546
PB2|PP755596.1|A/cattle/Texas/24-008749-003/2024(H5N1)	141	1558
PB2|PP755596.1|A/cattle/Texas/24-008749-003/2024(H5N1)	142	1560
PB2|PP755596.1|A/cattle/Texas/24-008749-003/2024(H5N1)	143	1562
PB2|PP755596.1|A/cattle/Texas/24-008749-003/2024(H5N1)	144	1564
PB2|PP755596.1|A/cattle/Texas/24-008749-003/2024(H5N1)	145	1560
PB2|PP755596.1|A/cattle/Texas/24-008749-003/2024(H5N1)	146	1540
PB2|PP755596.1|A/cattle/Texas/24-008749-003/2024(H5N1)	147	1544
PB2|PP755596.1|A/cattle/Texas/24-008749-003/2024(H5N1)	148	1545
PB2|PP755596.1|A/cattle/Texas/24-008749-003/2024(H5N1)	149	1545
PB2|PP755596.1|A/cattle/Texas/24-008749-003/2024(H5N1)	150	1529
PB2|PP755596.1|A/cattle/Texas/24-008749-003/2024(H5N1)	151	1514
PB2|PP755596.1|A/cattle/Texas/24-008749-003/2024(H5N1)	152	1514
PB2|PP755596.1|A/cattle/Texas/24-008749-003/2024(H5N1)	153	1516
PB2|PP755596.1|A/cattle/Texas/24-008749-003/2024(H5N1)	154	1518
PB2|PP755596.1|A/cattle/Texas/24-008749-003/2024(H5N1)	155	1508
PB2|PP755596.1|A/cattle/Texas/24-008749-003/2024(H5N1)	156	1501
PB2|PP755596.1|A/cattle/Texas/24-008749-003/2024(H5N1)	157	1503
PB2|PP755596.1|A/cattle/Texas/24-008749-003/2024(H5N1)	158	1502
PB2|PP755596.1|A/cattle/Texas/24-008749-003/2024(H5N1)	159	1457
PB2|PP755596.1|A/cattle/Texas/24-008749-003/2024(H5N1)	160	1459
PB2|PP755596.1|A/cattle/Texas/24-008749-003/2024(H5N1)	161	1449
PB2|PP755596.1|A/cattle/Texas/24-008749-003/2024(H5N1)	162	1428
PB2|PP755596.1|A/cattle/Texas/24-008749-003/2024(H5N1)	163	1425
PB2|PP755596.1|A/cattle/Texas/24-008749-003/2024(H5N1)	164	1420
PB2|PP755596.1|A/cattle/Texas/24-008749-003/2024(H5N1)	165	1419
PB2|PP755596.1|A/cattle/Texas/24-008749-003/2024(H5N1)	166	1394
PB2|PP755596.1|A/cattle/Texas/24-008749-003/2024(H5N1)	167	1394
PB2|PP755596.1|A/cattle/Texas/24-008749-003/2024(H5N1)	168	1364
PB2|PP755596.1|A/cattle/Texas/24-008749-003/2024(H5N1)	169	1363
PB2|PP755596.1|A/cattle/Texas/24-008749-003/2024(H5N1)	170	1372
PB2|PP755596.1|A/cattle/Texas/24-008749-003/2024(H5N1)	171	1362
PB2|PP755596.1|A/cattle/Texas/24-008749-003/2024(H5N1)	172	1362
PB2|PP755596.1|A/cattle/Texas/24-008749-003/2024(H5N1)	173	1472
PB2|PP755596.1|A/cattle/Texas/24-008749-003/2024(H5N1)	174	1470
PB2|PP755596.1|A/cattle/Texas/24-008749-003/2024(H5N1)	175	1524
PB2|PP755596.1|A/cattle/Texas/24-008749-003/2024(H5N1)	176	1483
PB2|PP755596.1|A/cattle/Texas/24-008749-003/2024(H5N1)	177	1502
PB2|PP755596.1|A/cattle/Texas/24-008749-003/2024(H5N1)	178	1520
PB2|PP755596.1|A/cattle/Texas/24-008749-003/2024(H5N1)	179	1515
PB2|PP755596.1|A/cattle/Texas/24-008749-003/2024(H5N1)	180	1561
PB2|PP755596.1|A/cattle/Texas/24-008749-003/2024(H5N1)	181	1549
PB2|PP755596.1|A/cattle/Texas/24-008749-003/2024(H5N1)	182	1547
PB2|PP755596.1|A/cattle/Texas/24-008749-003/2024(H5N1)	183	1557
PB2|PP755596.1|A/cattle/Texas/24-008749-003/2024(H5N1)	184	1535
PB2|PP755596.1|A/cattle/Texas/24-008749-003/2024(H5N1)	185	1571
PB2|PP755596.1|A/cattle/Texas/24-008749-003/2024(H5N1)	186	1573
PB2|PP755596.1|A/cattle/Texas/24-008749-003/2024(H5N1)	187	1573
PB2|PP755596.1|A/cattle/Texas/24-008749-003/2024(H5N1)	188	1598
PB2|PP755596.1|A/cattle/Texas/24-008749-003/2024(H5N1)	189	1588
PB2|PP755596.1|A/cattle/Texas/24-008749-003/2024(H5N1)	190	1561
PB2|PP755596.1|A/cattle/Texas/24-008749-003/2024(H5N1)	191	1578
PB2|PP755596.1|A/cattle/Texas/24-008749-003/2024(H5N1)	192	1586
PB2|PP755596.1|A/cattle/Texas/24-008749-003/2024(H5N1)	193	1620
PB2|PP755596.1|A/cattle/Texas/24-008749-003/2024(H5N1)	194	1599
PB2|PP755596.1|A/cattle/Texas/24-008749-003/2024(H5N1)	195	1604
PB2|PP755596.1|A/cattle/Texas/24-008749-003/2024(H5N1)	196	1601
PB2|PP755596.1|A/cattle/Texas/24-008749-003/2024(H5N1)	197	1593
PB2|PP755596.1|A/cattle/Texas/24-008749-003/2024(H5N1)	198	1596
PB2|PP755596.1|A/cattle/Texas/24-008749-003/2024(H5N1)	199	1606
PB2|PP755596.1|A/cattle/Texas/24-008749-003/2024(H5N1)	200	1607
PB2|PP755596.1|A/cattle/Texas/24-008749-003/2024(H5N1)	201	1635
PB2|PP755596.1|A/cattle/Texas/24-008749-003/2024(H5N1)	202	1626
PB2|PP755596.1|A/cattle/Texas/24-008749-003/2024(H5N1)	203	1619
PB2|PP755596.1|A/cattle/Texas/24-008749-003/2024(H5N1)	204	1621
PB2|PP755596.1|A/cattle/Texas/24-008749-003/2024(H5N1)	205	1624
PB2|PP755596.1|A/cattle/Texas/24-008749-003/2024(H5N1)	206	1611
PB2|PP755596.1|A/cattle/Texas/24-008749-003/2024(H5N1)	207	1622
PB2|PP755596.1|A/cattle/Texas/24-008749-003/2024(H5N1)	208	1623
PB2|PP755596.1|A/cattle/Texas/24-008749-003/2024(H5N1)	209	1662
PB2|PP755596.1|A/cattle/Texas/24-008749-003/2024(H5N1)	210	1698
PB2|PP755596.1|A/cattle/Texas/24-008749-003/2024(H5N1)	211	1666
PB2|PP755596.1|A/cattle/Texas/24-008749-003/2024(H5N1)	212	1672
PB2|PP755596.1|A/cattle/Texas/24-008749-003/2024(H5N1)	213	1667
PB2|PP755596.1|A/cattle/Texas/24-008749-003/2024(H5N1)	214	1710
PB2|PP755596.1|A/cattle/Texas/24-008749-003/2024(H5N1)	215	1717
PB2|PP755596.1|A/cattle/Texas/24-008749-003/2024(H5N1)	216	1715
PB2|PP755596.1|A/cattle/Texas/24-008749-003/2024(H5N1)	217	1716
PB2|PP755596.1|A/cattle/Texas/24-008749-003/2024(H5N1)	218	1666
PB2|PP755596.1|A/cattle/Texas/24-008749-003/2024(H5N1)	219	1645
PB2|PP755596.1|A/cattle/Texas/24-008749-003/2024(H5N1)	220	1702
PB2|PP755596.1|A/cattle/Texas/24-008749-003/2024(H5N1)	221	1737
PB2|PP755596.1|A/cattle/Texas/24-008749-003/2024(H5N1)	222	1729
PB2|PP755596.1|A/cattle/Texas/24-008749-003/2024(H5N1)	223	1676
PB2|PP755596.1|A/cattle/Texas/24-008749-003/2024(H5N1)	224	1642
PB2|PP755596.1|A/cattle/Texas/24-008749-003/2024(H5N1)	225	1640
PB2|PP755596.1|A/cattle/Texas/24-008749-003/2024(H5N1)	226	1661
PB2|PP755596.1|A/cattle/Texas/24-008749-003/2024(H5N1)	227	1672
PB2|PP755596.1|A/cattle/Texas/24-008749-003/2024(H5N1)	228	1657
PB2|PP755596.1|A/cattle/Texas/24-008749-003/2024(H5N1)	229	1641
PB2|PP755596.1|A/cattle/Texas/24-008749-003/2024(H5N1)	230	1551
PB2|PP755596.1|A/cattle/Texas/24-008749-003/2024(H5N1)	231	1563
PB2|PP755596.1|A/cattle/Texas/24-008749-003/2024(H5N1)	232	1560
PB2|PP755596.1|A/cattle/Texas/24-008749-003/2024(H5N1)	233	1578
PB2|PP755596.1|A/cattle/Texas/24-008749-003/2024(H5N1)	234	1608
PB2|PP755596.1|A/cattle/Texas/24-008749-003/2024(H5N1)	235	1532
PB2|PP755596.1|A/cattle/Texas/24-008749-003/2024(H5N1)	236	1542
PB2|PP755596.1|A/cattle/Texas/24-008749-003/2024(H5N1)	237	1521
PB2|PP755596.1|A/cattle/Texas/24-008749-003/2024(H5N1)	238	1444
PB2|PP755596.1|A/cattle/Texas/24-008749-003/2024(H5N1)	239	1518
PB2|PP755596.1|A/cattle/Texas/24-008749-003/2024(H5N1)	240	1522
PB2|PP755596.1|A/cattle/Texas/24-008749-003/2024(H5N1)	241	1530
PB2|PP755596.1|A/cattle/Texas/24-008749-003/2024(H5N1)	242	1529
PB2|PP755596.1|A/cattle/Texas/24-008749-003/2024(H5N1)	243	1471
PB2|PP755596.1|A/cattle/Texas/24-008749-003/2024(H5N1)	244	1496
PB2|PP755596.1|A/cattle/Texas/24-008749-003/2024(H5N1)	245	1553
PB2|PP755596.1|A/cattle/Texas/24-008749-003/2024(H5N1)	246	1548
PB2|PP755596.1|A/cattle/Texas/24-008749-003/2024(H5N1)	247	1544
PB2|PP755596.1|A/cattle/Texas/24-008749-003/2024(H5N1)	248	1349
PB2|PP755596.1|A/cattle/Texas/24-008749-003/2024(H5N1)	249	1327
PB2|PP755596.1|A/cattle/Texas/24-008749-003/2024(H5N1)	250	1351
PB2|PP755596.1|A/cattle/Texas/24-008749-003/2024(H5N1)	251	1451
PB2|PP755596.1|A/cattle/Texas/24-008749-003/2024(H5N1)	252	1450
PB2|PP755596.1|A/cattle/Texas/24-008749-003/2024(H5N1)	253	1501
PB2|PP755596.1|A/cattle/Texas/24-008749-003/2024(H5N1)	254	1531
PB2|PP755596.1|A/cattle/Texas/24-008749-003/2024(H5N1)	255	1595
PB2|PP755596.1|A/cattle/Texas/24-008749-003/2024(H5N1)	256	1595
PB2|PP755596.1|A/cattle/Texas/24-008749-003/2024(H5N1)	257	1596
PB2|PP755596.1|A/cattle/Texas/24-008749-003/2024(H5N1)	258	1592
PB2|PP755596.1|A/cattle/Texas/24-008749-003/2024(H5N1)	259	1617
PB2|PP755596.1|A/cattle/Texas/24-008749-003/2024(H5N1)	260	1621
PB2|PP755596.1|A/cattle/Texas/24-008749-003/2024(H5N1)	261	1621
PB2|PP755596.1|A/cattle/Texas/24-008749-003/2024(H5N1)	262	1610
PB2|PP755596.1|A/cattle/Texas/24-008749-003/2024(H5N1)	263	1634
PB2|PP755596.1|A/cattle/Texas/24-008749-003/2024(H5N1)	264	1638
PB2|PP755596.1|A/cattle/Texas/24-008749-003/2024(H5N1)	265	1646
PB2|PP755596.1|A/cattle/Texas/24-008749-003/2024(H5N1)	266	1646
PB2|PP755596.1|A/cattle/Texas/24-008749-003/2024(H5N1)	267	1654
PB2|PP755596.1|A/cattle/Texas/24-008749-003/2024(H5N1)	268	1647
PB2|PP755596.1|A/cattle/Texas/24-008749-003/2024(H5N1)	269	1649
PB2|PP755596.1|A/cattle/Texas/24-008749-003/2024(H5N1)	270	1666
PB2|PP755596.1|A/cattle/Texas/24-008749-003/2024(H5N1)	271	1707
PB2|PP755596.1|A/cattle/Texas/24-008749-003/2024(H5N1)	272	1712
PB2|PP755596.1|A/cattle/Texas/24-008749-003/2024(H5N1)	273	1712
PB2|PP755596.1|A/cattle/Texas/24-008749-003/2024(H5N1)	274	1712
PB2|PP755596.1|A/cattle/Texas/24-008749-003/2024(H5N1)	275	1718
PB2|PP755596.1|A/cattle/Texas/24-008749-003/2024(H5N1)	276	1739
PB2|PP755596.1|A/cattle/Texas/24-008749-003/2024(H5N1)	277	1778
PB2|PP755596.1|A/cattle/Texas/24-008749-003/2024(H5N1)	278	1775
PB2|PP755596.1|A/cattle/Texas/24-008749-003/2024(H5N1)	279	1770
PB2|PP755596.1|A/cattle/Texas/24-008749-003/2024(H5N1)	280	1746
PB2|PP755596.1|A/cattle/Texas/24-008749-003/2024(H5N1)	281	1742
PB2|PP755596.1|A/cattle/Texas/24-008749-003/2024(H5N1)	282	1772
PB2|PP755596.1|A/cattle/Texas/24-008749-003/2024(H5N1)	283	1775
PB2|PP755596.1|A/cattle/Texas/24-008749-003/2024(H5N1)	284	1780
PB2|PP755596.1|A/cattle/Texas/24-008749-003/2024(H5N1)	285	1773
PB2|PP755596.1|A/cattle/Texas/24-008749-003/2024(H5N1)	286	1764
PB2|PP755596.1|A/cattle/Texas/24-008749-003/2024(H5N1)	287	1766
PB2|PP755596.1|A/cattle/Texas/24-008749-003/2024(H5N1)	288	1763
PB2|PP755596.1|A/cattle/Texas/24-008749-003/2024(H5N1)	289	1765
PB2|PP755596.1|A/cattle/Texas/24-008749-003/2024(H5N1)	290	1765
PB2|PP755596.1|A/cattle/Texas/24-008749-003/2024(H5N1)	291	1740
PB2|PP755596.1|A/cattle/Texas/24-008749-003/2024(H5N1)	292	1740
PB2|PP755596.1|A/cattle/Texas/24-008749-003/2024(H5N1)	293	1727
PB2|PP755596.1|A/cattle/Texas/24-008749-003/2024(H5N1)	294	1744
PB2|PP755596.1|A/cattle/Texas/24-008749-003/2024(H5N1)	295	1735
PB2|PP755596.1|A/cattle/Texas/24-008749-003/2024(H5N1)	296	1740
PB2|PP755596.1|A/cattle/Texas/24-008749-003/2024(H5N1)	297	1769
PB2|PP755596.1|A/cattle/Texas/24-008749-003/2024(H5N1)	298	1764
PB2|PP755596.1|A/cattle/Texas/24-008749-003/2024(H5N1)	299	1760
PB2|PP755596.1|A/cattle/Texas/24-008749-003/2024(H5N1)	300	1758
PB2|PP755596.1|A/cattle/Texas/24-008749-003/2024(H5N1)	301	1758
PB2|PP755596.1|A/cattle/Texas/24-008749-003/2024(H5N1)	302	1780
PB2|PP755596.1|A/cattle/Texas/24-008749-003/2024(H5N1)	303	1760
PB2|PP755596.1|A/cattle/Texas/24-008749-003/2024(H5N1)	304	1761
PB2|PP755596.1|A/cattle/Texas/24-008749-003/2024(H5N1)	305	1762
PB2|PP755596.1|A/cattle/Texas/24-008749-003/2024(H5N1)	306	1739
PB2|PP755596.1|A/cattle/Texas/24-008749-003/2024(H5N1)	307	1737
PB2|PP755596.1|A/cattle/Texas/24-008749-003/2024(H5N1)	308	1743
PB2|PP755596.1|A/cattle/Texas/24-008749-003/2024(H5N1)	309	1743
PB2|PP755596.1|A/cattle/Texas/24-008749-003/2024(H5N1)	310	1735
PB2|PP755596.1|A/cattle/Texas/24-008749-003/2024(H5N1)	311	1707
PB2|PP755596.1|A/cattle/Texas/24-008749-003/2024(H5N1)	312	1703
PB2|PP755596.1|A/cattle/Texas/24-008749-003/2024(H5N1)	313	1701
PB2|PP755596.1|A/cattle/Texas/24-008749-003/2024(H5N1)	314	1708
PB2|PP755596.1|A/cattle/Texas/24-008749-003/2024(H5N1)	315	1711
PB2|PP755596.1|A/cattle/Texas/24-008749-003/2024(H5N1)	316	1706
PB2|PP755596.1|A/cattle/Texas/24-008749-003/2024(H5N1)	317	1705
PB2|PP755596.1|A/cattle/Texas/24-008749-003/2024(H5N1)	318	1705
PB2|PP755596.1|A/cattle/Texas/24-008749-003/2024(H5N1)	319	1699
PB2|PP755596.1|A/cattle/Texas/24-008749-003/2024(H5N1)	320	1713
PB2|PP755596.1|A/cattle/Texas/24-008749-003/2024(H5N1)	321	1704
PB2|PP755596.1|A/cattle/Texas/24-008749-003/2024(H5N1)	322	1703
PB2|PP755596.1|A/cattle/Texas/24-008749-003/2024(H5N1)	323	1657
PB2|PP755596.1|A/cattle/Texas/24-008749-003/2024(H5N1)	324	1570
PB2|PP755596.1|A/cattle/Texas/24-008749-003/2024(H5N1)	325	1569
PB2|PP755596.1|A/cattle/Texas/24-008749-003/2024(H5N1)	326	1543
PB2|PP755596.1|A/cattle/Texas/24-008749-003/2024(H5N1)	327	1548
PB2|PP755596.1|A/cattle/Texas/24-008749-003/2024(H5N1)	328	1535
PB2|PP755596.1|A/cattle/Texas/24-008749-003/2024(H5N1)	329	1497
PB2|PP755596.1|A/cattle/Texas/24-008749-003/2024(H5N1)	330	1493
PB2|PP755596.1|A/cattle/Texas/24-008749-003/2024(H5N1)	331	1483
PB2|PP755596.1|A/cattle/Texas/24-008749-003/2024(H5N1)	332	1633
PB2|PP755596.1|A/cattle/Texas/24-008749-003/2024(H5N1)	333	1619
PB2|PP755596.1|A/cattle/Texas/24-008749-003/2024(H5N1)	334	1606
PB2|PP755596.1|A/cattle/Texas/24-008749-003/2024(H5N1)	335	1596
PB2|PP755596.1|A/cattle/Texas/24-008749-003/2024(H5N1)	336	1578
PB2|PP755596.1|A/cattle/Texas/24-008749-003/2024(H5N1)	337	1594
PB2|PP755596.1|A/cattle/Texas/24-008749-003/2024(H5N1)	338	1599
PB2|PP755596.1|A/cattle/Texas/24-008749-003/2024(H5N1)	339	1640
PB2|PP755596.1|A/cattle/Texas/24-008749-003/2024(H5N1)	340	1646
PB2|PP755596.1|A/cattle/Texas/24-008749-003/2024(H5N1)	341	1525
PB2|PP755596.1|A/cattle/Texas/24-008749-003/2024(H5N1)	342	1532
PB2|PP755596.1|A/cattle/Texas/24-008749-003/2024(H5N1)	343	1525
PB2|PP755596.1|A/cattle/Texas/24-008749-003/2024(H5N1)	344	1512
PB2|PP755596.1|A/cattle/Texas/24-008749-003/2024(H5N1)	345	1512
PB2|PP755596.1|A/cattle/Texas/24-008749-003/2024(H5N1)	346	1496
PB2|PP755596.1|A/cattle/Texas/24-008749-003/2024(H5N1)	347	1495
PB2|PP755596.1|A/cattle/Texas/24-008749-003/2024(H5N1)	348	1460
PB2|PP755596.1|A/cattle/Texas/24-008749-003/2024(H5N1)	349	1456
PB2|PP755596.1|A/cattle/Texas/24-008749-003/2024(H5N1)	350	1445
PB2|PP755596.1|A/cattle/Texas/24-008749-003/2024(H5N1)	351	1416
PB2|PP755596.1|A/cattle/Texas/24-008749-003/2024(H5N1)	352	1413
PB2|PP755596.1|A/cattle/Texas/24-008749-003/2024(H5N1)	353	1405
PB2|PP755596.1|A/cattle/Texas/24-008749-003/2024(H5N1)	354	1397
PB2|PP755596.1|A/cattle/Texas/24-008749-003/2024(H5N1)	355	1397
PB2|PP755596.1|A/cattle/Texas/24-008749-003/2024(H5N1)	356	1402
PB2|PP755596.1|A/cattle/Texas/24-008749-003/2024(H5N1)	357	1397
PB2|PP755596.1|A/cattle/Texas/24-008749-003/2024(H5N1)	358	1396
PB2|PP755596.1|A/cattle/Texas/24-008749-003/2024(H5N1)	359	1396
PB2|PP755596.1|A/cattle/Texas/24-008749-003/2024(H5N1)	360	1379
PB2|PP755596.1|A/cattle/Texas/24-008749-003/2024(H5N1)	361	1368
PB2|PP755596.1|A/cattle/Texas/24-008749-003/2024(H5N1)	362	1368
PB2|PP755596.1|A/cattle/Texas/24-008749-003/2024(H5N1)	363	1368
PB2|PP755596.1|A/cattle/Texas/24-008749-003/2024(H5N1)	364	1369
PB2|PP755596.1|A/cattle/Texas/24-008749-003/2024(H5N1)	365	1359
PB2|PP755596.1|A/cattle/Texas/24-008749-003/2024(H5N1)	366	1353
PB2|PP755596.1|A/cattle/Texas/24-008749-003/2024(H5N1)	367	1352
PB2|PP755596.1|A/cattle/Texas/24-008749-003/2024(H5N1)	368	1353
PB2|PP755596.1|A/cattle/Texas/24-008749-003/2024(H5N1)	369	1353
PB2|PP755596.1|A/cattle/Texas/24-008749-003/2024(H5N1)	370	1346
PB2|PP755596.1|A/cattle/Texas/24-008749-003/2024(H5N1)	371	1335
PB2|PP755596.1|A/cattle/Texas/24-008749-003/2024(H5N1)	372	1325
PB2|PP755596.1|A/cattle/Texas/24-008749-003/2024(H5N1)	373	1301
PB2|PP755596.1|A/cattle/Texas/24-008749-003/2024(H5N1)	374	1300
PB2|PP755596.1|A/cattle/Texas/24-008749-003/2024(H5N1)	375	1299
PB2|PP755596.1|A/cattle/Texas/24-008749-003/2024(H5N1)	376	1302
PB2|PP755596.1|A/cattle/Texas/24-008749-003/2024(H5N1)	377	1291
PB2|PP755596.1|A/cattle/Texas/24-008749-003/2024(H5N1)	378	1285
PB2|PP755596.1|A/cattle/Texas/24-008749-003/2024(H5N1)	379	1289
PB2|PP755596.1|A/cattle/Texas/24-008749-003/2024(H5N1)	380	1241
PB2|PP755596.1|A/cattle/Texas/24-008749-003/2024(H5N1)	381	1233
PB2|PP755596.1|A/cattle/Texas/24-008749-003/2024(H5N1)	382	1212
PB2|PP755596.1|A/cattle/Texas/24-008749-003/2024(H5N1)	383	1216
PB2|PP755596.1|A/cattle/Texas/24-008749-003/2024(H5N1)	384	1213
PB2|PP755596.1|A/cattle/Texas/24-008749-003/2024(H5N1)	385	1215
PB2|PP755596.1|A/cattle/Texas/24-008749-003/2024(H5N1)	386	1234
PB2|PP755596.1|A/cattle/Texas/24-008749-003/2024(H5N1)	387	1223
PB2|PP755596.1|A/cattle/Texas/24-008749-003/2024(H5N1)	388	1191
PB2|PP755596.1|A/cattle/Texas/24-008749-003/2024(H5N1)	389	1193
PB2|PP755596.1|A/cattle/Texas/24-008749-003/2024(H5N1)	390	1150
PB2|PP755596.1|A/cattle/Texas/24-008749-003/2024(H5N1)	391	1153
PB2|PP755596.1|A/cattle/Texas/24-008749-003/2024(H5N1)	392	1173
PB2|PP755596.1|A/cattle/Texas/24-008749-003/2024(H5N1)	393	1168
PB2|PP755596.1|A/cattle/Texas/24-008749-003/2024(H5N1)	394	1133
PB2|PP755596.1|A/cattle/Texas/24-008749-003/2024(H5N1)	395	1080
PB2|PP755596.1|A/cattle/Texas/24-008749-003/2024(H5N1)	396	955
PB2|PP755596.1|A/cattle/Texas/24-008749-003/2024(H5N1)	397	979
PB2|PP755596.1|A/cattle/Texas/24-008749-003/2024(H5N1)	398	979
PB2|PP755596.1|A/cattle/Texas/24-008749-003/2024(H5N1)	399	981
PB2|PP755596.1|A/cattle/Texas/24-008749-003/2024(H5N1)	400	978
PB2|PP755596.1|A/cattle/Texas/24-008749-003/2024(H5N1)	401	692
PB2|PP755596.1|A/cattle/Texas/24-008749-003/2024(H5N1)	402	705
PB2|PP755596.1|A/cattle/Texas/24-008749-003/2024(H5N1)	403	621
PB2|PP755596.1|A/cattle/Texas/24-008749-003/2024(H5N1)	404	609
PB2|PP755596.1|A/cattle/Texas/24-008749-003/2024(H5N1)	405	609
PB2|PP755596.1|A/cattle/Texas/24-008749-003/2024(H5N1)	406	476
PB2|PP755596.1|A/cattle/Texas/24-008749-003/2024(H5N1)	407	485
PB2|PP755596.1|A/cattle/Texas/24-008749-003/2024(H5N1)	408	486
PB2|PP755596.1|A/cattle/Texas/24-008749-003/2024(H5N1)	409	488
PB2|PP755596.1|A/cattle/Texas/24-008749-003/2024(H5N1)	410	489
PB2|PP755596.1|A/cattle/Texas/24-008749-003/2024(H5N1)	411	513
PB2|PP755596.1|A/cattle/Texas/24-008749-003/2024(H5N1)	412	522
PB2|PP755596.1|A/cattle/Texas/24-008749-003/2024(H5N1)	413	525
PB2|PP755596.1|A/cattle/Texas/24-008749-003/2024(H5N1)	414	527
PB2|PP755596.1|A/cattle/Texas/24-008749-003/2024(H5N1)	415	526
PB2|PP755596.1|A/cattle/Texas/24-008749-003/2024(H5N1)	416	526
PB2|PP755596.1|A/cattle/Texas/24-008749-003/2024(H5N1)	417	529
PB2|PP755596.1|A/cattle/Texas/24-008749-003/2024(H5N1)	418	530
PB2|PP755596.1|A/cattle/Texas/24-008749-003/2024(H5N1)	419	537
PB2|PP755596.1|A/cattle/Texas/24-008749-003/2024(H5N1)	420	538
PB2|PP755596.1|A/cattle/Texas/24-008749-003/2024(H5N1)	421	569
PB2|PP755596.1|A/cattle/Texas/24-008749-003/2024(H5N1)	422	568
PB2|PP755596.1|A/cattle/Texas/24-008749-003/2024(H5N1)	423	567
PB2|PP755596.1|A/cattle/Texas/24-008749-003/2024(H5N1)	424	567
PB2|PP755596.1|A/cattle/Texas/24-008749-003/2024(H5N1)	425	576
PB2|PP755596.1|A/cattle/Texas/24-008749-003/2024(H5N1)	426	598
PB2|PP755596.1|A/cattle/Texas/24-008749-003/2024(H5N1)	427	596
PB2|PP755596.1|A/cattle/Texas/24-008749-003/2024(H5N1)	428	595
PB2|PP755596.1|A/cattle/Texas/24-008749-003/2024(H5N1)	429	595
PB2|PP755596.1|A/cattle/Texas/24-008749-003/2024(H5N1)	430	593
PB2|PP755596.1|A/cattle/Texas/24-008749-003/2024(H5N1)	431	595
PB2|PP755596.1|A/cattle/Texas/24-008749-003/2024(H5N1)	432	596
PB2|PP755596.1|A/cattle/Texas/24-008749-003/2024(H5N1)	433	596
PB2|PP755596.1|A/cattle/Texas/24-008749-003/2024(H5N1)	434	592
PB2|PP755596.1|A/cattle/Texas/24-008749-003/2024(H5N1)	435	594
PB2|PP755596.1|A/cattle/Texas/24-008749-003/2024(H5N1)	436	593
PB2|PP755596.1|A/cattle/Texas/24-008749-003/2024(H5N1)	437	624
PB2|PP755596.1|A/cattle/Texas/24-008749-003/2024(H5N1)	438	625
PB2|PP755596.1|A/cattle/Texas/24-008749-003/2024(H5N1)	439	625
PB2|PP755596.1|A/cattle/Texas/24-008749-003/2024(H5N1)	440	624
PB2|PP755596.1|A/cattle/Texas/24-008749-003/2024(H5N1)	441	619
PB2|PP755596.1|A/cattle/Texas/24-008749-003/2024(H5N1)	442	628
PB2|PP755596.1|A/cattle/Texas/24-008749-003/2024(H5N1)	443	630
PB2|PP755596.1|A/cattle/Texas/24-008749-003/2024(H5N1)	444	630
PB2|PP755596.1|A/cattle/Texas/24-008749-003/2024(H5N1)	445	631
PB2|PP755596.1|A/cattle/Texas/24-008749-003/2024(H5N1)	446	600
PB2|PP755596.1|A/cattle/Texas/24-008749-003/2024(H5N1)	447	604
PB2|PP755596.1|A/cattle/Texas/24-008749-003/2024(H5N1)	448	603
PB2|PP755596.1|A/cattle/Texas/24-008749-003/2024(H5N1)	449	603
PB2|PP755596.1|A/cattle/Texas/24-008749-003/2024(H5N1)	450	603
PB2|PP755596.1|A/cattle/Texas/24-008749-003/2024(H5N1)	451	593
PB2|PP755596.1|A/cattle/Texas/24-008749-003/2024(H5N1)	452	602
PB2|PP755596.1|A/cattle/Texas/24-008749-003/2024(H5N1)	453	602
PB2|PP755596.1|A/cattle/Texas/24-008749-003/2024(H5N1)	454	607
PB2|PP755596.1|A/cattle/Texas/24-008749-003/2024(H5N1)	455	607
PB2|PP755596.1|A/cattle/Texas/24-008749-003/2024(H5N1)	456	604
PB2|PP755596.1|A/cattle/Texas/24-008749-003/2024(H5N1)	457	604
PB2|PP755596.1|A/cattle/Texas/24-008749-003/2024(H5N1)	458	602
PB2|PP755596.1|A/cattle/Texas/24-008749-003/2024(H5N1)	459	604
PB2|PP755596.1|A/cattle/Texas/24-008749-003/2024(H5N1)	460	603
PB2|PP755596.1|A/cattle/Texas/24-008749-003/2024(H5N1)	461	587
PB2|PP755596.1|A/cattle/Texas/24-008749-003/2024(H5N1)	462	587
PB2|PP755596.1|A/cattle/Texas/24-008749-003/2024(H5N1)	463	584
PB2|PP755596.1|A/cattle/Texas/24-008749-003/2024(H5N1)	464	588
PB2|PP755596.1|A/cattle/Texas/24-008749-003/2024(H5N1)	465	585
PB2|PP755596.1|A/cattle/Texas/24-008749-003/2024(H5N1)	466	584
PB2|PP755596.1|A/cattle/Texas/24-008749-003/2024(H5N1)	467	584
PB2|PP755596.1|A/cattle/Texas/24-008749-003/2024(H5N1)	468	580
PB2|PP755596.1|A/cattle/Texas/24-008749-003/2024(H5N1)	469	580
PB2|PP755596.1|A/cattle/Texas/24-008749-003/2024(H5N1)	470	579
PB2|PP755596.1|A/cattle/Texas/24-008749-003/2024(H5N1)	471	579
PB2|PP755596.1|A/cattle/Texas/24-008749-003/2024(H5N1)	472	579
PB2|PP755596.1|A/cattle/Texas/24-008749-003/2024(H5N1)	473	565
PB2|PP755596.1|A/cattle/Texas/24-008749-003/2024(H5N1)	474	565
PB2|PP755596.1|A/cattle/Texas/24-008749-003/2024(H5N1)	475	567
PB2|PP755596.1|A/cattle/Texas/24-008749-003/2024(H5N1)	476	559
PB2|PP755596.1|A/cattle/Texas/24-008749-003/2024(H5N1)	477	559
PB2|PP755596.1|A/cattle/Texas/24-008749-003/2024(H5N1)	478	559
PB2|PP755596.1|A/cattle/Texas/24-008749-003/2024(H5N1)	479	551
PB2|PP755596.1|A/cattle/Texas/24-008749-003/2024(H5N1)	480	561
PB2|PP755596.1|A/cattle/Texas/24-008749-003/2024(H5N1)	481	558
PB2|PP755596.1|A/cattle/Texas/24-008749-003/2024(H5N1)	482	561
PB2|PP755596.1|A/cattle/Texas/24-008749-003/2024(H5N1)	483	507
PB2|PP755596.1|A/cattle/Texas/24-008749-003/2024(H5N1)	484	505
PB2|PP755596.1|A/cattle/Texas/24-008749-003/2024(H5N1)	485	504
PB2|PP755596.1|A/cattle/Texas/24-008749-003/2024(H5N1)	486	505
PB2|PP755596.1|A/cattle/Texas/24-008749-003/2024(H5N1)	487	505
PB2|PP755596.1|A/cattle/Texas/24-008749-003/2024(H5N1)	488	493
PB2|PP755596.1|A/cattle/Texas/24-008749-003/2024(H5N1)	489	450
PB2|PP755596.1|A/cattle/Texas/24-008749-003/2024(H5N1)	490	438
PB2|PP755596.1|A/cattle/Texas/24-008749-003/2024(H5N1)	491	436
PB2|PP755596.1|A/cattle/Texas/24-008749-003/2024(H5N1)	492	435
PB2|PP755596.1|A/cattle/Texas/24-008749-003/2024(H5N1)	493	427
PB2|PP755596.1|A/cattle/Texas/24-008749-003/2024(H5N1)	494	425
PB2|PP755596.1|A/cattle/Texas/24-008749-003/2024(H5N1)	495	424
PB2|PP755596.1|A/cattle/Texas/24-008749-003/2024(H5N1)	496	424
PB2|PP755596.1|A/cattle/Texas/24-008749-003/2024(H5N1)	497	421
PB2|PP755596.1|A/cattle/Texas/24-008749-003/2024(H5N1)	498	420
PB2|PP755596.1|A/cattle/Texas/24-008749-003/2024(H5N1)	499	419
PB2|PP755596.1|A/cattle/Texas/24-008749-003/2024(H5N1)	500	418
PB2|PP755596.1|A/cattle/Texas/24-008749-003/2024(H5N1)	501	416
PB2|PP755596.1|A/cattle/Texas/24-008749-003/2024(H5N1)	502	413
PB2|PP755596.1|A/cattle/Texas/24-008749-003/2024(H5N1)	503	411
PB2|PP755596.1|A/cattle/Texas/24-008749-003/2024(H5N1)	504	412
PB2|PP755596.1|A/cattle/Texas/24-008749-003/2024(H5N1)	505	412
PB2|PP755596.1|A/cattle/Texas/24-008749-003/2024(H5N1)	506	405
PB2|PP755596.1|A/cattle/Texas/24-008749-003/2024(H5N1)	507	399
PB2|PP755596.1|A/cattle/Texas/24-008749-003/2024(H5N1)	508	411
PB2|PP755596.1|A/cattle/Texas/24-008749-003/2024(H5N1)	509	418
PB2|PP755596.1|A/cattle/Texas/24-008749-003/2024(H5N1)	510	422
PB2|PP755596.1|A/cattle/Texas/24-008749-003/2024(H5N1)	511	436
PB2|PP755596.1|A/cattle/Texas/24-008749-003/2024(H5N1)	512	474
PB2|PP755596.1|A/cattle/Texas/24-008749-003/2024(H5N1)	513	477
PB2|PP755596.1|A/cattle/Texas/24-008749-003/2024(H5N1)	514	504
PB2|PP755596.1|A/cattle/Texas/24-008749-003/2024(H5N1)	515	500
PB2|PP755596.1|A/cattle/Texas/24-008749-003/2024(H5N1)	516	505
PB2|PP755596.1|A/cattle/Texas/24-008749-003/2024(H5N1)	517	499
PB2|PP755596.1|A/cattle/Texas/24-008749-003/2024(H5N1)	518	505
PB2|PP755596.1|A/cattle/Texas/24-008749-003/2024(H5N1)	519	517
PB2|PP755596.1|A/cattle/Texas/24-008749-003/2024(H5N1)	520	526
PB2|PP755596.1|A/cattle/Texas/24-008749-003/2024(H5N1)	521	618
PB2|PP755596.1|A/cattle/Texas/24-008749-003/2024(H5N1)	522	620
PB2|PP755596.1|A/cattle/Texas/24-008749-003/2024(H5N1)	523	648
PB2|PP755596.1|A/cattle/Texas/24-008749-003/2024(H5N1)	524	698
PB2|PP755596.1|A/cattle/Texas/24-008749-003/2024(H5N1)	525	696
PB2|PP755596.1|A/cattle/Texas/24-008749-003/2024(H5N1)	526	738
PB2|PP755596.1|A/cattle/Texas/24-008749-003/2024(H5N1)	527	742
PB2|PP755596.1|A/cattle/Texas/24-008749-003/2024(H5N1)	528	747
PB2|PP755596.1|A/cattle/Texas/24-008749-003/2024(H5N1)	529	750
PB2|PP755596.1|A/cattle/Texas/24-008749-003/2024(H5N1)	530	730
PB2|PP755596.1|A/cattle/Texas/24-008749-003/2024(H5N1)	531	734
PB2|PP755596.1|A/cattle/Texas/24-008749-003/2024(H5N1)	532	728
PB2|PP755596.1|A/cattle/Texas/24-008749-003/2024(H5N1)	533	774
PB2|PP755596.1|A/cattle/Texas/24-008749-003/2024(H5N1)	534	775
PB2|PP755596.1|A/cattle/Texas/24-008749-003/2024(H5N1)	535	751
PB2|PP755596.1|A/cattle/Texas/24-008749-003/2024(H5N1)	536	746
PB2|PP755596.1|A/cattle/Texas/24-008749-003/2024(H5N1)	537	745
PB2|PP755596.1|A/cattle/Texas/24-008749-003/2024(H5N1)	538	767
PB2|PP755596.1|A/cattle/Texas/24-008749-003/2024(H5N1)	539	773
PB2|PP755596.1|A/cattle/Texas/24-008749-003/2024(H5N1)	540	772
PB2|PP755596.1|A/cattle/Texas/24-008749-003/2024(H5N1)	541	805
PB2|PP755596.1|A/cattle/Texas/24-008749-003/2024(H5N1)	542	805
PB2|PP755596.1|A/cattle/Texas/24-008749-003/2024(H5N1)	543	806
PB2|PP755596.1|A/cattle/Texas/24-008749-003/2024(H5N1)	544	832
PB2|PP755596.1|A/cattle/Texas/24-008749-003/2024(H5N1)	545	832
PB2|PP755596.1|A/cattle/Texas/24-008749-003/2024(H5N1)	546	839
PB2|PP755596.1|A/cattle/Texas/24-008749-003/2024(H5N1)	547	834
PB2|PP755596.1|A/cattle/Texas/24-008749-003/2024(H5N1)	548	829
PB2|PP755596.1|A/cattle/Texas/24-008749-003/2024(H5N1)	549	866
PB2|PP755596.1|A/cattle/Texas/24-008749-003/2024(H5N1)	550	865
PB2|PP755596.1|A/cattle/Texas/24-008749-003/2024(H5N1)	551	877
PB2|PP755596.1|A/cattle/Texas/24-008749-003/2024(H5N1)	552	867
PB2|PP755596.1|A/cattle/Texas/24-008749-003/2024(H5N1)	553	850
PB2|PP755596.1|A/cattle/Texas/24-008749-003/2024(H5N1)	554	890
PB2|PP755596.1|A/cattle/Texas/24-008749-003/2024(H5N1)	555	890
PB2|PP755596.1|A/cattle/Texas/24-008749-003/2024(H5N1)	556	894
PB2|PP755596.1|A/cattle/Texas/24-008749-003/2024(H5N1)	557	898
PB2|PP755596.1|A/cattle/Texas/24-008749-003/2024(H5N1)	558	875
PB2|PP755596.1|A/cattle/Texas/24-008749-003/2024(H5N1)	559	876
PB2|PP755596.1|A/cattle/Texas/24-008749-003/2024(H5N1)	560	870
PB2|PP755596.1|A/cattle/Texas/24-008749-003/2024(H5N1)	561	904
PB2|PP755596.1|A/cattle/Texas/24-008749-003/2024(H5N1)	562	901
PB2|PP755596.1|A/cattle/Texas/24-008749-003/2024(H5N1)	563	890
PB2|PP755596.1|A/cattle/Texas/24-008749-003/2024(H5N1)	564	893
PB2|PP755596.1|A/cattle/Texas/24-008749-003/2024(H5N1)	565	893
PB2|PP755596.1|A/cattle/Texas/24-008749-003/2024(H5N1)	566	903
PB2|PP755596.1|A/cattle/Texas/24-008749-003/2024(H5N1)	567	916
PB2|PP755596.1|A/cattle/Texas/24-008749-003/2024(H5N1)	568	930
PB2|PP755596.1|A/cattle/Texas/24-008749-003/2024(H5N1)	569	946
PB2|PP755596.1|A/cattle/Texas/24-008749-003/2024(H5N1)	570	897
PB2|PP755596.1|A/cattle/Texas/24-008749-003/2024(H5N1)	571	907
PB2|PP755596.1|A/cattle/Texas/24-008749-003/2024(H5N1)	572	913
PB2|PP755596.1|A/cattle/Texas/24-008749-003/2024(H5N1)	573	913
PB2|PP755596.1|A/cattle/Texas/24-008749-003/2024(H5N1)	574	939
PB2|PP755596.1|A/cattle/Texas/24-008749-003/2024(H5N1)	575	921
PB2|PP755596.1|A/cattle/Texas/24-008749-003/2024(H5N1)	576	901
PB2|PP755596.1|A/cattle/Texas/24-008749-003/2024(H5N1)	577	1011
PB2|PP755596.1|A/cattle/Texas/24-008749-003/2024(H5N1)	578	1009
PB2|PP755596.1|A/cattle/Texas/24-008749-003/2024(H5N1)	579	1034
PB2|PP755596.1|A/cattle/Texas/24-008749-003/2024(H5N1)	580	1031
PB2|PP755596.1|A/cattle/Texas/24-008749-003/2024(H5N1)	581	1037
PB2|PP755596.1|A/cattle/Texas/24-008749-003/2024(H5N1)	582	1077
PB2|PP755596.1|A/cattle/Texas/24-008749-003/2024(H5N1)	583	1084
PB2|PP755596.1|A/cattle/Texas/24-008749-003/2024(H5N1)	584	1187
PB2|PP755596.1|A/cattle/Texas/24-008749-003/2024(H5N1)	585	1226
PB2|PP755596.1|A/cattle/Texas/24-008749-003/2024(H5N1)	586	1217
PB2|PP755596.1|A/cattle/Texas/24-008749-003/2024(H5N1)	587	1222
PB2|PP755596.1|A/cattle/Texas/24-008749-003/2024(H5N1)	588	1250
PB2|PP755596.1|A/cattle/Texas/24-008749-003/2024(H5N1)	589	1250
PB2|PP755596.1|A/cattle/Texas/24-008749-003/2024(H5N1)	590	1257
PB2|PP755596.1|A/cattle/Texas/24-008749-003/2024(H5N1)	591	1257
PB2|PP755596.1|A/cattle/Texas/24-008749-003/2024(H5N1)	592	1293
PB2|PP755596.1|A/cattle/Texas/24-008749-003/2024(H5N1)	593	1298
PB2|PP755596.1|A/cattle/Texas/24-008749-003/2024(H5N1)	594	1298
PB2|PP755596.1|A/cattle/Texas/24-008749-003/2024(H5N1)	595	1299
PB2|PP755596.1|A/cattle/Texas/24-008749-003/2024(H5N1)	596	1315
PB2|PP755596.1|A/cattle/Texas/24-008749-003/2024(H5N1)	597	1315
PB2|PP755596.1|A/cattle/Texas/24-008749-003/2024(H5N1)	598	1365
PB2|PP755596.1|A/cattle/Texas/24-008749-003/2024(H5N1)	599	1378
PB2|PP755596.1|A/cattle/Texas/24-008749-003/2024(H5N1)	600	1415
PB2|PP755596.1|A/cattle/Texas/24-008749-003/2024(H5N1)	601	1419
PB2|PP755596.1|A/cattle/Texas/24-008749-003/2024(H5N1)	602	1421
PB2|PP755596.1|A/cattle/Texas/24-008749-003/2024(H5N1)	603	1424
PB2|PP755596.1|A/cattle/Texas/24-008749-003/2024(H5N1)	604	1425
PB2|PP755596.1|A/cattle/Texas/24-008749-003/2024(H5N1)	605	1441
PB2|PP755596.1|A/cattle/Texas/24-008749-003/2024(H5N1)	606	1453
PB2|PP755596.1|A/cattle/Texas/24-008749-003/2024(H5N1)	607	1499
PB2|PP755596.1|A/cattle/Texas/24-008749-003/2024(H5N1)	608	1501
PB2|PP755596.1|A/cattle/Texas/24-008749-003/2024(H5N1)	609	1491
PB2|PP755596.1|A/cattle/Texas/24-008749-003/2024(H5N1)	610	1507
PB2|PP755596.1|A/cattle/Texas/24-008749-003/2024(H5N1)	611	1511
PB2|PP755596.1|A/cattle/Texas/24-008749-003/2024(H5N1)	612	1511
PB2|PP755596.1|A/cattle/Texas/24-008749-003/2024(H5N1)	613	1511
PB2|PP755596.1|A/cattle/Texas/24-008749-003/2024(H5N1)	614	1508
PB2|PP755596.1|A/cattle/Texas/24-008749-003/2024(H5N1)	615	1510
PB2|PP755596.1|A/cattle/Texas/24-008749-003/2024(H5N1)	616	1490
PB2|PP755596.1|A/cattle/Texas/24-008749-003/2024(H5N1)	617	1490
PB2|PP755596.1|A/cattle/Texas/24-008749-003/2024(H5N1)	618	1500
PB2|PP755596.1|A/cattle/Texas/24-008749-003/2024(H5N1)	619	1499
PB2|PP755596.1|A/cattle/Texas/24-008749-003/2024(H5N1)	620	1500
PB2|PP755596.1|A/cattle/Texas/24-008749-003/2024(H5N1)	621	1500
PB2|PP755596.1|A/cattle/Texas/24-008749-003/2024(H5N1)	622	1503
PB2|PP755596.1|A/cattle/Texas/24-008749-003/2024(H5N1)	623	1545
PB2|PP755596.1|A/cattle/Texas/24-008749-003/2024(H5N1)	624	1545
PB2|PP755596.1|A/cattle/Texas/24-008749-003/2024(H5N1)	625	1545
PB2|PP755596.1|A/cattle/Texas/24-008749-003/2024(H5N1)	626	1545
PB2|PP755596.1|A/cattle/Texas/24-008749-003/2024(H5N1)	627	1541
PB2|PP755596.1|A/cattle/Texas/24-008749-003/2024(H5N1)	628	1560
PB2|PP755596.1|A/cattle/Texas/24-008749-003/2024(H5N1)	629	1559
PB2|PP755596.1|A/cattle/Texas/24-008749-003/2024(H5N1)	630	1555
PB2|PP755596.1|A/cattle/Texas/24-008749-003/2024(H5N1)	631	1560
PB2|PP755596.1|A/cattle/Texas/24-008749-003/2024(H5N1)	632	1530
PB2|PP755596.1|A/cattle/Texas/24-008749-003/2024(H5N1)	633	1537
PB2|PP755596.1|A/cattle/Texas/24-008749-003/2024(H5N1)	634	1540
PB2|PP755596.1|A/cattle/Texas/24-008749-003/2024(H5N1)	635	1536
PB2|PP755596.1|A/cattle/Texas/24-008749-003/2024(H5N1)	636	1547
PB2|PP755596.1|A/cattle/Texas/24-008749-003/2024(H5N1)	637	1536
PB2|PP755596.1|A/cattle/Texas/24-008749-003/2024(H5N1)	638	1539
PB2|PP755596.1|A/cattle/Texas/24-008749-003/2024(H5N1)	639	1539
PB2|PP755596.1|A/cattle/Texas/24-008749-003/2024(H5N1)	640	1539
PB2|PP755596.1|A/cattle/Texas/24-008749-003/2024(H5N1)	641	1561
PB2|PP755596.1|A/cattle/Texas/24-008749-003/2024(H5N1)	642	1559
PB2|PP755596.1|A/cattle/Texas/24-008749-003/2024(H5N1)	643	1564
PB2|PP755596.1|A/cattle/Texas/24-008749-003/2024(H5N1)	644	1563
PB2|PP755596.1|A/cattle/Texas/24-008749-003/2024(H5N1)	645	1555
PB2|PP755596.1|A/cattle/Texas/24-008749-003/2024(H5N1)	646	1562
PB2|PP755596.1|A/cattle/Texas/24-008749-003/2024(H5N1)	647	1568
PB2|PP755596.1|A/cattle/Texas/24-008749-003/2024(H5N1)	648	1570
PB2|PP755596.1|A/cattle/Texas/24-008749-003/2024(H5N1)	649	1565
PB2|PP755596.1|A/cattle/Texas/24-008749-003/2024(H5N1)	650	1532
PB2|PP755596.1|A/cattle/Texas/24-008749-003/2024(H5N1)	651	1538
PB2|PP755596.1|A/cattle/Texas/24-008749-003/2024(H5N1)	652	1520
PB2|PP755596.1|A/cattle/Texas/24-008749-003/2024(H5N1)	653	1526
PB2|PP755596.1|A/cattle/Texas/24-008749-003/2024(H5N1)	654	1528
PB2|PP755596.1|A/cattle/Texas/24-008749-003/2024(H5N1)	655	1527
PB2|PP755596.1|A/cattle/Texas/24-008749-003/2024(H5N1)	656	1527
PB2|PP755596.1|A/cattle/Texas/24-008749-003/2024(H5N1)	657	1515
PB2|PP755596.1|A/cattle/Texas/24-008749-003/2024(H5N1)	658	1517
PB2|PP755596.1|A/cattle/Texas/24-008749-003/2024(H5N1)	659	1506
PB2|PP755596.1|A/cattle/Texas/24-008749-003/2024(H5N1)	660	1499
PB2|PP755596.1|A/cattle/Texas/24-008749-003/2024(H5N1)	661	1495
PB2|PP755596.1|A/cattle/Texas/24-008749-003/2024(H5N1)	662	1455
PB2|PP755596.1|A/cattle/Texas/24-008749-003/2024(H5N1)	663	1448
PB2|PP755596.1|A/cattle/Texas/24-008749-003/2024(H5N1)	664	1449
PB2|PP755596.1|A/cattle/Texas/24-008749-003/2024(H5N1)	665	1446
PB2|PP755596.1|A/cattle/Texas/24-008749-003/2024(H5N1)	666	1442
PB2|PP755596.1|A/cattle/Texas/24-008749-003/2024(H5N1)	667	1427
PB2|PP755596.1|A/cattle/Texas/24-008749-003/2024(H5N1)	668	1430
PB2|PP755596.1|A/cattle/Texas/24-008749-003/2024(H5N1)	669	1438
PB2|PP755596.1|A/cattle/Texas/24-008749-003/2024(H5N1)	670	1432
PB2|PP755596.1|A/cattle/Texas/24-008749-003/2024(H5N1)	671	1382
PB2|PP755596.1|A/cattle/Texas/24-008749-003/2024(H5N1)	672	1363
PB2|PP755596.1|A/cattle/Texas/24-008749-003/2024(H5N1)	673	1355
PB2|PP755596.1|A/cattle/Texas/24-008749-003/2024(H5N1)	674	1342
PB2|PP755596.1|A/cattle/Texas/24-008749-003/2024(H5N1)	675	1312
PB2|PP755596.1|A/cattle/Texas/24-008749-003/2024(H5N1)	676	1301
PB2|PP755596.1|A/cattle/Texas/24-008749-003/2024(H5N1)	677	1305
PB2|PP755596.1|A/cattle/Texas/24-008749-003/2024(H5N1)	678	1284
PB2|PP755596.1|A/cattle/Texas/24-008749-003/2024(H5N1)	679	1288
PB2|PP755596.1|A/cattle/Texas/24-008749-003/2024(H5N1)	680	1282
PB2|PP755596.1|A/cattle/Texas/24-008749-003/2024(H5N1)	681	1278
PB2|PP755596.1|A/cattle/Texas/24-008749-003/2024(H5N1)	682	1267
PB2|PP755596.1|A/cattle/Texas/24-008749-003/2024(H5N1)	683	1524
PB2|PP755596.1|A/cattle/Texas/24-008749-003/2024(H5N1)	684	1556
PB2|PP755596.1|A/cattle/Texas/24-008749-003/2024(H5N1)	685	1552
PB2|PP755596.1|A/cattle/Texas/24-008749-003/2024(H5N1)	686	1545
PB2|PP755596.1|A/cattle/Texas/24-008749-003/2024(H5N1)	687	1519
PB2|PP755596.1|A/cattle/Texas/24-008749-003/2024(H5N1)	688	1525
PB2|PP755596.1|A/cattle/Texas/24-008749-003/2024(H5N1)	689	1503
PB2|PP755596.1|A/cattle/Texas/24-008749-003/2024(H5N1)	690	1505
PB2|PP755596.1|A/cattle/Texas/24-008749-003/2024(H5N1)	691	1598
PB2|PP755596.1|A/cattle/Texas/24-008749-003/2024(H5N1)	692	1501
PB2|PP755596.1|A/cattle/Texas/24-008749-003/2024(H5N1)	693	1498
PB2|PP755596.1|A/cattle/Texas/24-008749-003/2024(H5N1)	694	1490
PB2|PP755596.1|A/cattle/Texas/24-008749-003/2024(H5N1)	695	1483
PB2|PP755596.1|A/cattle/Texas/24-008749-003/2024(H5N1)	696	1676
PB2|PP755596.1|A/cattle/Texas/24-008749-003/2024(H5N1)	697	1729
PB2|PP755596.1|A/cattle/Texas/24-008749-003/2024(H5N1)	698	1772
PB2|PP755596.1|A/cattle/Texas/24-008749-003/2024(H5N1)	699	1770
PB2|PP755596.1|A/cattle/Texas/24-008749-003/2024(H5N1)	700	1738
PB2|PP755596.1|A/cattle/Texas/24-008749-003/2024(H5N1)	701	1741
PB2|PP755596.1|A/cattle/Texas/24-008749-003/2024(H5N1)	702	1769
PB2|PP755596.1|A/cattle/Texas/24-008749-003/2024(H5N1)	703	1801
PB2|PP755596.1|A/cattle/Texas/24-008749-003/2024(H5N1)	704	1814
PB2|PP755596.1|A/cattle/Texas/24-008749-003/2024(H5N1)	705	1797
PB2|PP755596.1|A/cattle/Texas/24-008749-003/2024(H5N1)	706	1780
PB2|PP755596.1|A/cattle/Texas/24-008749-003/2024(H5N1)	707	1768
PB2|PP755596.1|A/cattle/Texas/24-008749-003/2024(H5N1)	708	1836
PB2|PP755596.1|A/cattle/Texas/24-008749-003/2024(H5N1)	709	1863
PB2|PP755596.1|A/cattle/Texas/24-008749-003/2024(H5N1)	710	1879
PB2|PP755596.1|A/cattle/Texas/24-008749-003/2024(H5N1)	711	1882
PB2|PP755596.1|A/cattle/Texas/24-008749-003/2024(H5N1)	712	1869
PB2|PP755596.1|A/cattle/Texas/24-008749-003/2024(H5N1)	713	1887
PB2|PP755596.1|A/cattle/Texas/24-008749-003/2024(H5N1)	714	1889
PB2|PP755596.1|A/cattle/Texas/24-008749-003/2024(H5N1)	715	1895
PB2|PP755596.1|A/cattle/Texas/24-008749-003/2024(H5N1)	716	1923
PB2|PP755596.1|A/cattle/Texas/24-008749-003/2024(H5N1)	717	1914
PB2|PP755596.1|A/cattle/Texas/24-008749-003/2024(H5N1)	718	1885
PB2|PP755596.1|A/cattle/Texas/24-008749-003/2024(H5N1)	719	1881
PB2|PP755596.1|A/cattle/Texas/24-008749-003/2024(H5N1)	720	1878
PB2|PP755596.1|A/cattle/Texas/24-008749-003/2024(H5N1)	721	1957
PB2|PP755596.1|A/cattle/Texas/24-008749-003/2024(H5N1)	722	1936
PB2|PP755596.1|A/cattle/Texas/24-008749-003/2024(H5N1)	723	1938
PB2|PP755596.1|A/cattle/Texas/24-008749-003/2024(H5N1)	724	1957
PB2|PP755596.1|A/cattle/Texas/24-008749-003/2024(H5N1)	725	1946
PB2|PP755596.1|A/cattle/Texas/24-008749-003/2024(H5N1)	726	2200
PB2|PP755596.1|A/cattle/Texas/24-008749-003/2024(H5N1)	727	2205
PB2|PP755596.1|A/cattle/Texas/24-008749-003/2024(H5N1)	728	2196
PB2|PP755596.1|A/cattle/Texas/24-008749-003/2024(H5N1)	729	2306
PB2|PP755596.1|A/cattle/Texas/24-008749-003/2024(H5N1)	730	2295
PB2|PP755596.1|A/cattle/Texas/24-008749-003/2024(H5N1)	731	2301
PB2|PP755596.1|A/cattle/Texas/24-008749-003/2024(H5N1)	732	2297
PB2|PP755596.1|A/cattle/Texas/24-008749-003/2024(H5N1)	733	2271
PB2|PP755596.1|A/cattle/Texas/24-008749-003/2024(H5N1)	734	2318
PB2|PP755596.1|A/cattle/Texas/24-008749-003/2024(H5N1)	735	2044
PB2|PP755596.1|A/cattle/Texas/24-008749-003/2024(H5N1)	736	2088
PB2|PP755596.1|A/cattle/Texas/24-008749-003/2024(H5N1)	737	2048
PB2|PP755596.1|A/cattle/Texas/24-008749-003/2024(H5N1)	738	1972
PB2|PP755596.1|A/cattle/Texas/24-008749-003/2024(H5N1)	739	1997
PB2|PP755596.1|A/cattle/Texas/24-008749-003/2024(H5N1)	740	2106
PB2|PP755596.1|A/cattle/Texas/24-008749-003/2024(H5N1)	741	2112
PB2|PP755596.1|A/cattle/Texas/24-008749-003/2024(H5N1)	742	2125
PB2|PP755596.1|A/cattle/Texas/24-008749-003/2024(H5N1)	743	2078
PB2|PP755596.1|A/cattle/Texas/24-008749-003/2024(H5N1)	744	2074
PB2|PP755596.1|A/cattle/Texas/24-008749-003/2024(H5N1)	745	2081
PB2|PP755596.1|A/cattle/Texas/24-008749-003/2024(H5N1)	746	2075
PB2|PP755596.1|A/cattle/Texas/24-008749-003/2024(H5N1)	747	2082
PB2|PP755596.1|A/cattle/Texas/24-008749-003/2024(H5N1)	748	2095
PB2|PP755596.1|A/cattle/Texas/24-008749-003/2024(H5N1)	749	2045
PB2|PP755596.1|A/cattle/Texas/24-008749-003/2024(H5N1)	750	2052
PB2|PP755596.1|A/cattle/Texas/24-008749-003/2024(H5N1)	751	2026
PB2|PP755596.1|A/cattle/Texas/24-008749-003/2024(H5N1)	752	2020
PB2|PP755596.1|A/cattle/Texas/24-008749-003/2024(H5N1)	753	2023
PB2|PP755596.1|A/cattle/Texas/24-008749-003/2024(H5N1)	754	2017
PB2|PP755596.1|A/cattle/Texas/24-008749-003/2024(H5N1)	755	2029
PB2|PP755596.1|A/cattle/Texas/24-008749-003/2024(H5N1)	756	2061
PB2|PP755596.1|A/cattle/Texas/24-008749-003/2024(H5N1)	757	2059
PB2|PP755596.1|A/cattle/Texas/24-008749-003/2024(H5N1)	758	2077
PB2|PP755596.1|A/cattle/Texas/24-008749-003/2024(H5N1)	759	2080
PB2|PP755596.1|A/cattle/Texas/24-008749-003/2024(H5N1)	760	2095
PB2|PP755596.1|A/cattle/Texas/24-008749-003/2024(H5N1)	761	2232
PB2|PP755596.1|A/cattle/Texas/24-008749-003/2024(H5N1)	762	2236
PB2|PP755596.1|A/cattle/Texas/24-008749-003/2024(H5N1)	763	2249
PB2|PP755596.1|A/cattle/Texas/24-008749-003/2024(H5N1)	764	2252
PB2|PP755596.1|A/cattle/Texas/24-008749-003/2024(H5N1)	765	2284
PB2|PP755596.1|A/cattle/Texas/24-008749-003/2024(H5N1)	766	2408
PB2|PP755596.1|A/cattle/Texas/24-008749-003/2024(H5N1)	767	2454
PB2|PP755596.1|A/cattle/Texas/24-008749-003/2024(H5N1)	768	2483
PB2|PP755596.1|A/cattle/Texas/24-008749-003/2024(H5N1)	769	2483
PB2|PP755596.1|A/cattle/Texas/24-008749-003/2024(H5N1)	770	2447
PB2|PP755596.1|A/cattle/Texas/24-008749-003/2024(H5N1)	771	2488
PB2|PP755596.1|A/cattle/Texas/24-008749-003/2024(H5N1)	772	2665
PB2|PP755596.1|A/cattle/Texas/24-008749-003/2024(H5N1)	773	2675
PB2|PP755596.1|A/cattle/Texas/24-008749-003/2024(H5N1)	774	2682
PB2|PP755596.1|A/cattle/Texas/24-008749-003/2024(H5N1)	775	2662
PB2|PP755596.1|A/cattle/Texas/24-008749-003/2024(H5N1)	776	2678
PB2|PP755596.1|A/cattle/Texas/24-008749-003/2024(H5N1)	777	2705
PB2|PP755596.1|A/cattle/Texas/24-008749-003/2024(H5N1)	778	2746
PB2|PP755596.1|A/cattle/Texas/24-008749-003/2024(H5N1)	779	2747
PB2|PP755596.1|A/cattle/Texas/24-008749-003/2024(H5N1)	780	2726
PB2|PP755596.1|A/cattle/Texas/24-008749-003/2024(H5N1)	781	2713
PB2|PP755596.1|A/cattle/Texas/24-008749-003/2024(H5N1)	782	2707
PB2|PP755596.1|A/cattle/Texas/24-008749-003/2024(H5N1)	783	2706
PB2|PP755596.1|A/cattle/Texas/24-008749-003/2024(H5N1)	784	2710
PB2|PP755596.1|A/cattle/Texas/24-008749-003/2024(H5N1)	785	2712
PB2|PP755596.1|A/cattle/Texas/24-008749-003/2024(H5N1)	786	2703
PB2|PP755596.1|A/cattle/Texas/24-008749-003/2024(H5N1)	787	2721
PB2|PP755596.1|A/cattle/Texas/24-008749-003/2024(H5N1)	788	2721
PB2|PP755596.1|A/cattle/Texas/24-008749-003/2024(H5N1)	789	2725
PB2|PP755596.1|A/cattle/Texas/24-008749-003/2024(H5N1)	790	2725
PB2|PP755596.1|A/cattle/Texas/24-008749-003/2024(H5N1)	791	2770
PB2|PP755596.1|A/cattle/Texas/24-008749-003/2024(H5N1)	792	2793
PB2|PP755596.1|A/cattle/Texas/24-008749-003/2024(H5N1)	793	2793
PB2|PP755596.1|A/cattle/Texas/24-008749-003/2024(H5N1)	794	2794
PB2|PP755596.1|A/cattle/Texas/24-008749-003/2024(H5N1)	795	2795
PB2|PP755596.1|A/cattle/Texas/24-008749-003/2024(H5N1)	796	2807
PB2|PP755596.1|A/cattle/Texas/24-008749-003/2024(H5N1)	797	2812
PB2|PP755596.1|A/cattle/Texas/24-008749-003/2024(H5N1)	798	2813
PB2|PP755596.1|A/cattle/Texas/24-008749-003/2024(H5N1)	799	2815
PB2|PP755596.1|A/cattle/Texas/24-008749-003/2024(H5N1)	800	2792
PB2|PP755596.1|A/cattle/Texas/24-008749-003/2024(H5N1)	801	2806
PB2|PP755596.1|A/cattle/Texas/24-008749-003/2024(H5N1)	802	2806
PB2|PP755596.1|A/cattle/Texas/24-008749-003/2024(H5N1)	803	2816
PB2|PP755596.1|A/cattle/Texas/24-008749-003/2024(H5N1)	804	2817
PB2|PP755596.1|A/cattle/Texas/24-008749-003/2024(H5N1)	805	2780
PB2|PP755596.1|A/cattle/Texas/24-008749-003/2024(H5N1)	806	2802
PB2|PP755596.1|A/cattle/Texas/24-008749-003/2024(H5N1)	807	2780
PB2|PP755596.1|A/cattle/Texas/24-008749-003/2024(H5N1)	808	2784
PB2|PP755596.1|A/cattle/Texas/24-008749-003/2024(H5N1)	809	2792
PB2|PP755596.1|A/cattle/Texas/24-008749-003/2024(H5N1)	810	2792
PB2|PP755596.1|A/cattle/Texas/24-008749-003/2024(H5N1)	811	2794
PB2|PP755596.1|A/cattle/Texas/24-008749-003/2024(H5N1)	812	2798
PB2|PP755596.1|A/cattle/Texas/24-008749-003/2024(H5N1)	813	2786
PB2|PP755596.1|A/cattle/Texas/24-008749-003/2024(H5N1)	814	2810
PB2|PP755596.1|A/cattle/Texas/24-008749-003/2024(H5N1)	815	2779
PB2|PP755596.1|A/cattle/Texas/24-008749-003/2024(H5N1)	816	2781
PB2|PP755596.1|A/cattle/Texas/24-008749-003/2024(H5N1)	817	2771
PB2|PP755596.1|A/cattle/Texas/24-008749-003/2024(H5N1)	818	2807
PB2|PP755596.1|A/cattle/Texas/24-008749-003/2024(H5N1)	819	2803
PB2|PP755596.1|A/cattle/Texas/24-008749-003/2024(H5N1)	820	2802
PB2|PP755596.1|A/cattle/Texas/24-008749-003/2024(H5N1)	821	2798
PB2|PP755596.1|A/cattle/Texas/24-008749-003/2024(H5N1)	822	2748
PB2|PP755596.1|A/cattle/Texas/24-008749-003/2024(H5N1)	823	2740
PB2|PP755596.1|A/cattle/Texas/24-008749-003/2024(H5N1)	824	2742
PB2|PP755596.1|A/cattle/Texas/24-008749-003/2024(H5N1)	825	2783
PB2|PP755596.1|A/cattle/Texas/24-008749-003/2024(H5N1)	826	2778
PB2|PP755596.1|A/cattle/Texas/24-008749-003/2024(H5N1)	827	2757
PB2|PP755596.1|A/cattle/Texas/24-008749-003/2024(H5N1)	828	2739
PB2|PP755596.1|A/cattle/Texas/24-008749-003/2024(H5N1)	829	2739
PB2|PP755596.1|A/cattle/Texas/24-008749-003/2024(H5N1)	830	2742
PB2|PP755596.1|A/cattle/Texas/24-008749-003/2024(H5N1)	831	2745
PB2|PP755596.1|A/cattle/Texas/24-008749-003/2024(H5N1)	832	2741
PB2|PP755596.1|A/cattle/Texas/24-008749-003/2024(H5N1)	833	2646
PB2|PP755596.1|A/cattle/Texas/24-008749-003/2024(H5N1)	834	2543
PB2|PP755596.1|A/cattle/Texas/24-008749-003/2024(H5N1)	835	2518
PB2|PP755596.1|A/cattle/Texas/24-008749-003/2024(H5N1)	836	2510
PB2|PP755596.1|A/cattle/Texas/24-008749-003/2024(H5N1)	837	2502
PB2|PP755596.1|A/cattle/Texas/24-008749-003/2024(H5N1)	838	2581
PB2|PP755596.1|A/cattle/Texas/24-008749-003/2024(H5N1)	839	2576
PB2|PP755596.1|A/cattle/Texas/24-008749-003/2024(H5N1)	840	2578
PB2|PP755596.1|A/cattle/Texas/24-008749-003/2024(H5N1)	841	2573
PB2|PP755596.1|A/cattle/Texas/24-008749-003/2024(H5N1)	842	2530
PB2|PP755596.1|A/cattle/Texas/24-008749-003/2024(H5N1)	843	2532
PB2|PP755596.1|A/cattle/Texas/24-008749-003/2024(H5N1)	844	2518
PB2|PP755596.1|A/cattle/Texas/24-008749-003/2024(H5N1)	845	2492
PB2|PP755596.1|A/cattle/Texas/24-008749-003/2024(H5N1)	846	2493
PB2|PP755596.1|A/cattle/Texas/24-008749-003/2024(H5N1)	847	2227
PB2|PP755596.1|A/cattle/Texas/24-008749-003/2024(H5N1)	848	2168
PB2|PP755596.1|A/cattle/Texas/24-008749-003/2024(H5N1)	849	2155
PB2|PP755596.1|A/cattle/Texas/24-008749-003/2024(H5N1)	850	2152
PB2|PP755596.1|A/cattle/Texas/24-008749-003/2024(H5N1)	851	2154
PB2|PP755596.1|A/cattle/Texas/24-008749-003/2024(H5N1)	852	2140
PB2|PP755596.1|A/cattle/Texas/24-008749-003/2024(H5N1)	853	2121
PB2|PP755596.1|A/cattle/Texas/24-008749-003/2024(H5N1)	854	2107
PB2|PP755596.1|A/cattle/Texas/24-008749-003/2024(H5N1)	855	2103
PB2|PP755596.1|A/cattle/Texas/24-008749-003/2024(H5N1)	856	2043
PB2|PP755596.1|A/cattle/Texas/24-008749-003/2024(H5N1)	857	2101
PB2|PP755596.1|A/cattle/Texas/24-008749-003/2024(H5N1)	858	2016
PB2|PP755596.1|A/cattle/Texas/24-008749-003/2024(H5N1)	859	2056
PB2|PP755596.1|A/cattle/Texas/24-008749-003/2024(H5N1)	860	2069
PB2|PP755596.1|A/cattle/Texas/24-008749-003/2024(H5N1)	861	2059
PB2|PP755596.1|A/cattle/Texas/24-008749-003/2024(H5N1)	862	2126
PB2|PP755596.1|A/cattle/Texas/24-008749-003/2024(H5N1)	863	2123
PB2|PP755596.1|A/cattle/Texas/24-008749-003/2024(H5N1)	864	2244
PB2|PP755596.1|A/cattle/Texas/24-008749-003/2024(H5N1)	865	2241
PB2|PP755596.1|A/cattle/Texas/24-008749-003/2024(H5N1)	866	2205
PB2|PP755596.1|A/cattle/Texas/24-008749-003/2024(H5N1)	867	2194
PB2|PP755596.1|A/cattle/Texas/24-008749-003/2024(H5N1)	868	2209
PB2|PP755596.1|A/cattle/Texas/24-008749-003/2024(H5N1)	869	2207
PB2|PP755596.1|A/cattle/Texas/24-008749-003/2024(H5N1)	870	2201
PB2|PP755596.1|A/cattle/Texas/24-008749-003/2024(H5N1)	871	2261
PB2|PP755596.1|A/cattle/Texas/24-008749-003/2024(H5N1)	872	2511
PB2|PP755596.1|A/cattle/Texas/24-008749-003/2024(H5N1)	873	2467
PB2|PP755596.1|A/cattle/Texas/24-008749-003/2024(H5N1)	874	2469
PB2|PP755596.1|A/cattle/Texas/24-008749-003/2024(H5N1)	875	2471
PB2|PP755596.1|A/cattle/Texas/24-008749-003/2024(H5N1)	876	2482
PB2|PP755596.1|A/cattle/Texas/24-008749-003/2024(H5N1)	877	2372
PB2|PP755596.1|A/cattle/Texas/24-008749-003/2024(H5N1)	878	2516
PB2|PP755596.1|A/cattle/Texas/24-008749-003/2024(H5N1)	879	2541
PB2|PP755596.1|A/cattle/Texas/24-008749-003/2024(H5N1)	880	2498
PB2|PP755596.1|A/cattle/Texas/24-008749-003/2024(H5N1)	881	2386
PB2|PP755596.1|A/cattle/Texas/24-008749-003/2024(H5N1)	882	2429
PB2|PP755596.1|A/cattle/Texas/24-008749-003/2024(H5N1)	883	2487
PB2|PP755596.1|A/cattle/Texas/24-008749-003/2024(H5N1)	884	2491
PB2|PP755596.1|A/cattle/Texas/24-008749-003/2024(H5N1)	885	2481
PB2|PP755596.1|A/cattle/Texas/24-008749-003/2024(H5N1)	886	2478
PB2|PP755596.1|A/cattle/Texas/24-008749-003/2024(H5N1)	887	2407
PB2|PP755596.1|A/cattle/Texas/24-008749-003/2024(H5N1)	888	2408
PB2|PP755596.1|A/cattle/Texas/24-008749-003/2024(H5N1)	889	2385
PB2|PP755596.1|A/cattle/Texas/24-008749-003/2024(H5N1)	890	2381
PB2|PP755596.1|A/cattle/Texas/24-008749-003/2024(H5N1)	891	2325
PB2|PP755596.1|A/cattle/Texas/24-008749-003/2024(H5N1)	892	2322
PB2|PP755596.1|A/cattle/Texas/24-008749-003/2024(H5N1)	893	2270
PB2|PP755596.1|A/cattle/Texas/24-008749-003/2024(H5N1)	894	2271
PB2|PP755596.1|A/cattle/Texas/24-008749-003/2024(H5N1)	895	2295
PB2|PP755596.1|A/cattle/Texas/24-008749-003/2024(H5N1)	896	2270
PB2|PP755596.1|A/cattle/Texas/24-008749-003/2024(H5N1)	897	2288
PB2|PP755596.1|A/cattle/Texas/24-008749-003/2024(H5N1)	898	2288
PB2|PP755596.1|A/cattle/Texas/24-008749-003/2024(H5N1)	899	2259
PB2|PP755596.1|A/cattle/Texas/24-008749-003/2024(H5N1)	900	2268
PB2|PP755596.1|A/cattle/Texas/24-008749-003/2024(H5N1)	901	2261
PB2|PP755596.1|A/cattle/Texas/24-008749-003/2024(H5N1)	902	2344
PB2|PP755596.1|A/cattle/Texas/24-008749-003/2024(H5N1)	903	2342
PB2|PP755596.1|A/cattle/Texas/24-008749-003/2024(H5N1)	904	2340
PB2|PP755596.1|A/cattle/Texas/24-008749-003/2024(H5N1)	905	2338
PB2|PP755596.1|A/cattle/Texas/24-008749-003/2024(H5N1)	906	2306
PB2|PP755596.1|A/cattle/Texas/24-008749-003/2024(H5N1)	907	2296
PB2|PP755596.1|A/cattle/Texas/24-008749-003/2024(H5N1)	908	2297
PB2|PP755596.1|A/cattle/Texas/24-008749-003/2024(H5N1)	909	2237
PB2|PP755596.1|A/cattle/Texas/24-008749-003/2024(H5N1)	910	2261
PB2|PP755596.1|A/cattle/Texas/24-008749-003/2024(H5N1)	911	2131
PB2|PP755596.1|A/cattle/Texas/24-008749-003/2024(H5N1)	912	2147
PB2|PP755596.1|A/cattle/Texas/24-008749-003/2024(H5N1)	913	2276
PB2|PP755596.1|A/cattle/Texas/24-008749-003/2024(H5N1)	914	2274
PB2|PP755596.1|A/cattle/Texas/24-008749-003/2024(H5N1)	915	2275
PB2|PP755596.1|A/cattle/Texas/24-008749-003/2024(H5N1)	916	2272
PB2|PP755596.1|A/cattle/Texas/24-008749-003/2024(H5N1)	917	2188
PB2|PP755596.1|A/cattle/Texas/24-008749-003/2024(H5N1)	918	2187
PB2|PP755596.1|A/cattle/Texas/24-008749-003/2024(H5N1)	919	2231
PB2|PP755596.1|A/cattle/Texas/24-008749-003/2024(H5N1)	920	2246
PB2|PP755596.1|A/cattle/Texas/24-008749-003/2024(H5N1)	921	1992
PB2|PP755596.1|A/cattle/Texas/24-008749-003/2024(H5N1)	922	1928
PB2|PP755596.1|A/cattle/Texas/24-008749-003/2024(H5N1)	923	1935
PB2|PP755596.1|A/cattle/Texas/24-008749-003/2024(H5N1)	924	1957
PB2|PP755596.1|A/cattle/Texas/24-008749-003/2024(H5N1)	925	2129
PB2|PP755596.1|A/cattle/Texas/24-008749-003/2024(H5N1)	926	2160
PB2|PP755596.1|A/cattle/Texas/24-008749-003/2024(H5N1)	927	2204
PB2|PP755596.1|A/cattle/Texas/24-008749-003/2024(H5N1)	928	2075
PB2|PP755596.1|A/cattle/Texas/24-008749-003/2024(H5N1)	929	2097
PB2|PP755596.1|A/cattle/Texas/24-008749-003/2024(H5N1)	930	2181
PB2|PP755596.1|A/cattle/Texas/24-008749-003/2024(H5N1)	931	2183
PB2|PP755596.1|A/cattle/Texas/24-008749-003/2024(H5N1)	932	2192
PB2|PP755596.1|A/cattle/Texas/24-008749-003/2024(H5N1)	933	2220
PB2|PP755596.1|A/cattle/Texas/24-008749-003/2024(H5N1)	934	2289
PB2|PP755596.1|A/cattle/Texas/24-008749-003/2024(H5N1)	935	2331
PB2|PP755596.1|A/cattle/Texas/24-008749-003/2024(H5N1)	936	2330
PB2|PP755596.1|A/cattle/Texas/24-008749-003/2024(H5N1)	937	2416
PB2|PP755596.1|A/cattle/Texas/24-008749-003/2024(H5N1)	938	2444
PB2|PP755596.1|A/cattle/Texas/24-008749-003/2024(H5N1)	939	2428
PB2|PP755596.1|A/cattle/Texas/24-008749-003/2024(H5N1)	940	2476
PB2|PP755596.1|A/cattle/Texas/24-008749-003/2024(H5N1)	941	2499
PB2|PP755596.1|A/cattle/Texas/24-008749-003/2024(H5N1)	942	2514
PB2|PP755596.1|A/cattle/Texas/24-008749-003/2024(H5N1)	943	2548
PB2|PP755596.1|A/cattle/Texas/24-008749-003/2024(H5N1)	944	2568
PB2|PP755596.1|A/cattle/Texas/24-008749-003/2024(H5N1)	945	2581
PB2|PP755596.1|A/cattle/Texas/24-008749-003/2024(H5N1)	946	2676
PB2|PP755596.1|A/cattle/Texas/24-008749-003/2024(H5N1)	947	2711
PB2|PP755596.1|A/cattle/Texas/24-008749-003/2024(H5N1)	948	2741
PB2|PP755596.1|A/cattle/Texas/24-008749-003/2024(H5N1)	949	2761
PB2|PP755596.1|A/cattle/Texas/24-008749-003/2024(H5N1)	950	2761
PB2|PP755596.1|A/cattle/Texas/24-008749-003/2024(H5N1)	951	2783
PB2|PP755596.1|A/cattle/Texas/24-008749-003/2024(H5N1)	952	2786
PB2|PP755596.1|A/cattle/Texas/24-008749-003/2024(H5N1)	953	2864
PB2|PP755596.1|A/cattle/Texas/24-008749-003/2024(H5N1)	954	2947
PB2|PP755596.1|A/cattle/Texas/24-008749-003/2024(H5N1)	955	2967
PB2|PP755596.1|A/cattle/Texas/24-008749-003/2024(H5N1)	956	2958
PB2|PP755596.1|A/cattle/Texas/24-008749-003/2024(H5N1)	957	2954
PB2|PP755596.1|A/cattle/Texas/24-008749-003/2024(H5N1)	958	2962
PB2|PP755596.1|A/cattle/Texas/24-008749-003/2024(H5N1)	959	2974
PB2|PP755596.1|A/cattle/Texas/24-008749-003/2024(H5N1)	960	2987
PB2|PP755596.1|A/cattle/Texas/24-008749-003/2024(H5N1)	961	2978
PB2|PP755596.1|A/cattle/Texas/24-008749-003/2024(H5N1)	962	2966
PB2|PP755596.1|A/cattle/Texas/24-008749-003/2024(H5N1)	963	2936
PB2|PP755596.1|A/cattle/Texas/24-008749-003/2024(H5N1)	964	2967
PB2|PP755596.1|A/cattle/Texas/24-008749-003/2024(H5N1)	965	2969
PB2|PP755596.1|A/cattle/Texas/24-008749-003/2024(H5N1)	966	3006
PB2|PP755596.1|A/cattle/Texas/24-008749-003/2024(H5N1)	967	2995
PB2|PP755596.1|A/cattle/Texas/24-008749-003/2024(H5N1)	968	2984
PB2|PP755596.1|A/cattle/Texas/24-008749-003/2024(H5N1)	969	2970
PB2|PP755596.1|A/cattle/Texas/24-008749-003/2024(H5N1)	970	2984
PB2|PP755596.1|A/cattle/Texas/24-008749-003/2024(H5N1)	971	3077
PB2|PP755596.1|A/cattle/Texas/24-008749-003/2024(H5N1)	972	3075
PB2|PP755596.1|A/cattle/Texas/24-008749-003/2024(H5N1)	973	3062
PB2|PP755596.1|A/cattle/Texas/24-008749-003/2024(H5N1)	974	3062
PB2|PP755596.1|A/cattle/Texas/24-008749-003/2024(H5N1)	975	3046
PB2|PP755596.1|A/cattle/Texas/24-008749-003/2024(H5N1)	976	3052
PB2|PP755596.1|A/cattle/Texas/24-008749-003/2024(H5N1)	977	3054
PB2|PP755596.1|A/cattle/Texas/24-008749-003/2024(H5N1)	978	3048
PB2|PP755596.1|A/cattle/Texas/24-008749-003/2024(H5N1)	979	3049
PB2|PP755596.1|A/cattle/Texas/24-008749-003/2024(H5N1)	980	3018
PB2|PP755596.1|A/cattle/Texas/24-008749-003/2024(H5N1)	981	3020
PB2|PP755596.1|A/cattle/Texas/24-008749-003/2024(H5N1)	982	3021
PB2|PP755596.1|A/cattle/Texas/24-008749-003/2024(H5N1)	983	3017
PB2|PP755596.1|A/cattle/Texas/24-008749-003/2024(H5N1)	984	3016
PB2|PP755596.1|A/cattle/Texas/24-008749-003/2024(H5N1)	985	3016
PB2|PP755596.1|A/cattle/Texas/24-008749-003/2024(H5N1)	986	3030
PB2|PP755596.1|A/cattle/Texas/24-008749-003/2024(H5N1)	987	3029
PB2|PP755596.1|A/cattle/Texas/24-008749-003/2024(H5N1)	988	3026
PB2|PP755596.1|A/cattle/Texas/24-008749-003/2024(H5N1)	989	3014
PB2|PP755596.1|A/cattle/Texas/24-008749-003/2024(H5N1)	990	3012
PB2|PP755596.1|A/cattle/Texas/24-008749-003/2024(H5N1)	991	3010
PB2|PP755596.1|A/cattle/Texas/24-008749-003/2024(H5N1)	992	3014
PB2|PP755596.1|A/cattle/Texas/24-008749-003/2024(H5N1)	993	3012
PB2|PP755596.1|A/cattle/Texas/24-008749-003/2024(H5N1)	994	3012
PB2|PP755596.1|A/cattle/Texas/24-008749-003/2024(H5N1)	995	3035
PB2|PP755596.1|A/cattle/Texas/24-008749-003/2024(H5N1)	996	3031
PB2|PP755596.1|A/cattle/Texas/24-008749-003/2024(H5N1)	997	3031
PB2|PP755596.1|A/cattle/Texas/24-008749-003/2024(H5N1)	998	3054
PB2|PP755596.1|A/cattle/Texas/24-008749-003/2024(H5N1)	999	3052
PB2|PP755596.1|A/cattle/Texas/24-008749-003/2024(H5N1)	1000	3055
PB2|PP755596.1|A/cattle/Texas/24-008749-003/2024(H5N1)	1001	3062
PB2|PP755596.1|A/cattle/Texas/24-008749-003/2024(H5N1)	1002	3062
PB2|PP755596.1|A/cattle/Texas/24-008749-003/2024(H5N1)	1003	3068
PB2|PP755596.1|A/cattle/Texas/24-008749-003/2024(H5N1)	1004	3056
PB2|PP755596.1|A/cattle/Texas/24-008749-003/2024(H5N1)	1005	3053
PB2|PP755596.1|A/cattle/Texas/24-008749-003/2024(H5N1)	1006	3054
PB2|PP755596.1|A/cattle/Texas/24-008749-003/2024(H5N1)	1007	3008
PB2|PP755596.1|A/cattle/Texas/24-008749-003/2024(H5N1)	1008	2987
PB2|PP755596.1|A/cattle/Texas/24-008749-003/2024(H5N1)	1009	2979
PB2|PP755596.1|A/cattle/Texas/24-008749-003/2024(H5N1)	1010	2944
PB2|PP755596.1|A/cattle/Texas/24-008749-003/2024(H5N1)	1011	2923
PB2|PP755596.1|A/cattle/Texas/24-008749-003/2024(H5N1)	1012	2947
PB2|PP755596.1|A/cattle/Texas/24-008749-003/2024(H5N1)	1013	2891
PB2|PP755596.1|A/cattle/Texas/24-008749-003/2024(H5N1)	1014	2826
PB2|PP755596.1|A/cattle/Texas/24-008749-003/2024(H5N1)	1015	2810
PB2|PP755596.1|A/cattle/Texas/24-008749-003/2024(H5N1)	1016	2819
PB2|PP755596.1|A/cattle/Texas/24-008749-003/2024(H5N1)	1017	2814
PB2|PP755596.1|A/cattle/Texas/24-008749-003/2024(H5N1)	1018	2822
PB2|PP755596.1|A/cattle/Texas/24-008749-003/2024(H5N1)	1019	3102
PB2|PP755596.1|A/cattle/Texas/24-008749-003/2024(H5N1)	1020	3125
PB2|PP755596.1|A/cattle/Texas/24-008749-003/2024(H5N1)	1021	3144
PB2|PP755596.1|A/cattle/Texas/24-008749-003/2024(H5N1)	1022	3144
PB2|PP755596.1|A/cattle/Texas/24-008749-003/2024(H5N1)	1023	2981
PB2|PP755596.1|A/cattle/Texas/24-008749-003/2024(H5N1)	1024	3118
PB2|PP755596.1|A/cattle/Texas/24-008749-003/2024(H5N1)	1025	3112
PB2|PP755596.1|A/cattle/Texas/24-008749-003/2024(H5N1)	1026	3114
PB2|PP755596.1|A/cattle/Texas/24-008749-003/2024(H5N1)	1027	3127
PB2|PP755596.1|A/cattle/Texas/24-008749-003/2024(H5N1)	1028	3059
PB2|PP755596.1|A/cattle/Texas/24-008749-003/2024(H5N1)	1029	2984
PB2|PP755596.1|A/cattle/Texas/24-008749-003/2024(H5N1)	1030	3011
PB2|PP755596.1|A/cattle/Texas/24-008749-003/2024(H5N1)	1031	2974
PB2|PP755596.1|A/cattle/Texas/24-008749-003/2024(H5N1)	1032	3085
PB2|PP755596.1|A/cattle/Texas/24-008749-003/2024(H5N1)	1033	3024
PB2|PP755596.1|A/cattle/Texas/24-008749-003/2024(H5N1)	1034	3023
PB2|PP755596.1|A/cattle/Texas/24-008749-003/2024(H5N1)	1035	3019
PB2|PP755596.1|A/cattle/Texas/24-008749-003/2024(H5N1)	1036	3012
PB2|PP755596.1|A/cattle/Texas/24-008749-003/2024(H5N1)	1037	3046
PB2|PP755596.1|A/cattle/Texas/24-008749-003/2024(H5N1)	1038	3043
PB2|PP755596.1|A/cattle/Texas/24-008749-003/2024(H5N1)	1039	3043
PB2|PP755596.1|A/cattle/Texas/24-008749-003/2024(H5N1)	1040	3043
PB2|PP755596.1|A/cattle/Texas/24-008749-003/2024(H5N1)	1041	2995
PB2|PP755596.1|A/cattle/Texas/24-008749-003/2024(H5N1)	1042	2984
PB2|PP755596.1|A/cattle/Texas/24-008749-003/2024(H5N1)	1043	3010
PB2|PP755596.1|A/cattle/Texas/24-008749-003/2024(H5N1)	1044	3233
PB2|PP755596.1|A/cattle/Texas/24-008749-003/2024(H5N1)	1045	3245
PB2|PP755596.1|A/cattle/Texas/24-008749-003/2024(H5N1)	1046	3188
PB2|PP755596.1|A/cattle/Texas/24-008749-003/2024(H5N1)	1047	3166
PB2|PP755596.1|A/cattle/Texas/24-008749-003/2024(H5N1)	1048	3164
PB2|PP755596.1|A/cattle/Texas/24-008749-003/2024(H5N1)	1049	3161
PB2|PP755596.1|A/cattle/Texas/24-008749-003/2024(H5N1)	1050	3161
PB2|PP755596.1|A/cattle/Texas/24-008749-003/2024(H5N1)	1051	3162
PB2|PP755596.1|A/cattle/Texas/24-008749-003/2024(H5N1)	1052	3161
PB2|PP755596.1|A/cattle/Texas/24-008749-003/2024(H5N1)	1053	3038
PB2|PP755596.1|A/cattle/Texas/24-008749-003/2024(H5N1)	1054	3043
PB2|PP755596.1|A/cattle/Texas/24-008749-003/2024(H5N1)	1055	3040
PB2|PP755596.1|A/cattle/Texas/24-008749-003/2024(H5N1)	1056	3090
PB2|PP755596.1|A/cattle/Texas/24-008749-003/2024(H5N1)	1057	3094
PB2|PP755596.1|A/cattle/Texas/24-008749-003/2024(H5N1)	1058	3146
PB2|PP755596.1|A/cattle/Texas/24-008749-003/2024(H5N1)	1059	3125
PB2|PP755596.1|A/cattle/Texas/24-008749-003/2024(H5N1)	1060	3129
PB2|PP755596.1|A/cattle/Texas/24-008749-003/2024(H5N1)	1061	3127
PB2|PP755596.1|A/cattle/Texas/24-008749-003/2024(H5N1)	1062	3136
PB2|PP755596.1|A/cattle/Texas/24-008749-003/2024(H5N1)	1063	3117
PB2|PP755596.1|A/cattle/Texas/24-008749-003/2024(H5N1)	1064	3193
PB2|PP755596.1|A/cattle/Texas/24-008749-003/2024(H5N1)	1065	3158
PB2|PP755596.1|A/cattle/Texas/24-008749-003/2024(H5N1)	1066	3266
PB2|PP755596.1|A/cattle/Texas/24-008749-003/2024(H5N1)	1067	3241
PB2|PP755596.1|A/cattle/Texas/24-008749-003/2024(H5N1)	1068	3250
PB2|PP755596.1|A/cattle/Texas/24-008749-003/2024(H5N1)	1069	3367
PB2|PP755596.1|A/cattle/Texas/24-008749-003/2024(H5N1)	1070	3339
PB2|PP755596.1|A/cattle/Texas/24-008749-003/2024(H5N1)	1071	3337
PB2|PP755596.1|A/cattle/Texas/24-008749-003/2024(H5N1)	1072	3352
PB2|PP755596.1|A/cattle/Texas/24-008749-003/2024(H5N1)	1073	3304
PB2|PP755596.1|A/cattle/Texas/24-008749-003/2024(H5N1)	1074	3342
PB2|PP755596.1|A/cattle/Texas/24-008749-003/2024(H5N1)	1075	3359
PB2|PP755596.1|A/cattle/Texas/24-008749-003/2024(H5N1)	1076	3444
PB2|PP755596.1|A/cattle/Texas/24-008749-003/2024(H5N1)	1077	3544
PB2|PP755596.1|A/cattle/Texas/24-008749-003/2024(H5N1)	1078	3420
PB2|PP755596.1|A/cattle/Texas/24-008749-003/2024(H5N1)	1079	3478
PB2|PP755596.1|A/cattle/Texas/24-008749-003/2024(H5N1)	1080	3471
PB2|PP755596.1|A/cattle/Texas/24-008749-003/2024(H5N1)	1081	3458
PB2|PP755596.1|A/cattle/Texas/24-008749-003/2024(H5N1)	1082	3484
PB2|PP755596.1|A/cattle/Texas/24-008749-003/2024(H5N1)	1083	3450
PB2|PP755596.1|A/cattle/Texas/24-008749-003/2024(H5N1)	1084	3469
PB2|PP755596.1|A/cattle/Texas/24-008749-003/2024(H5N1)	1085	3303
PB2|PP755596.1|A/cattle/Texas/24-008749-003/2024(H5N1)	1086	3330
PB2|PP755596.1|A/cattle/Texas/24-008749-003/2024(H5N1)	1087	3198
PB2|PP755596.1|A/cattle/Texas/24-008749-003/2024(H5N1)	1088	3364
PB2|PP755596.1|A/cattle/Texas/24-008749-003/2024(H5N1)	1089	3378
PB2|PP755596.1|A/cattle/Texas/24-008749-003/2024(H5N1)	1090	3367
PB2|PP755596.1|A/cattle/Texas/24-008749-003/2024(H5N1)	1091	3408
PB2|PP755596.1|A/cattle/Texas/24-008749-003/2024(H5N1)	1092	3406
PB2|PP755596.1|A/cattle/Texas/24-008749-003/2024(H5N1)	1093	3384
PB2|PP755596.1|A/cattle/Texas/24-008749-003/2024(H5N1)	1094	3334
PB2|PP755596.1|A/cattle/Texas/24-008749-003/2024(H5N1)	1095	3260
PB2|PP755596.1|A/cattle/Texas/24-008749-003/2024(H5N1)	1096	3284
PB2|PP755596.1|A/cattle/Texas/24-008749-003/2024(H5N1)	1097	3239
PB2|PP755596.1|A/cattle/Texas/24-008749-003/2024(H5N1)	1098	3246
PB2|PP755596.1|A/cattle/Texas/24-008749-003/2024(H5N1)	1099	3244
PB2|PP755596.1|A/cattle/Texas/24-008749-003/2024(H5N1)	1100	3227
PB2|PP755596.1|A/cattle/Texas/24-008749-003/2024(H5N1)	1101	3232
PB2|PP755596.1|A/cattle/Texas/24-008749-003/2024(H5N1)	1102	3201
PB2|PP755596.1|A/cattle/Texas/24-008749-003/2024(H5N1)	1103	3218
PB2|PP755596.1|A/cattle/Texas/24-008749-003/2024(H5N1)	1104	3154
PB2|PP755596.1|A/cattle/Texas/24-008749-003/2024(H5N1)	1105	3049
PB2|PP755596.1|A/cattle/Texas/24-008749-003/2024(H5N1)	1106	3062
PB2|PP755596.1|A/cattle/Texas/24-008749-003/2024(H5N1)	1107	3056
PB2|PP755596.1|A/cattle/Texas/24-008749-003/2024(H5N1)	1108	3126
PB2|PP755596.1|A/cattle/Texas/24-008749-003/2024(H5N1)	1109	3337
PB2|PP755596.1|A/cattle/Texas/24-008749-003/2024(H5N1)	1110	3329
PB2|PP755596.1|A/cattle/Texas/24-008749-003/2024(H5N1)	1111	3348
PB2|PP755596.1|A/cattle/Texas/24-008749-003/2024(H5N1)	1112	3394
PB2|PP755596.1|A/cattle/Texas/24-008749-003/2024(H5N1)	1113	3404
PB2|PP755596.1|A/cattle/Texas/24-008749-003/2024(H5N1)	1114	3426
PB2|PP755596.1|A/cattle/Texas/24-008749-003/2024(H5N1)	1115	3388
PB2|PP755596.1|A/cattle/Texas/24-008749-003/2024(H5N1)	1116	3384
PB2|PP755596.1|A/cattle/Texas/24-008749-003/2024(H5N1)	1117	3417
PB2|PP755596.1|A/cattle/Texas/24-008749-003/2024(H5N1)	1118	3422
PB2|PP755596.1|A/cattle/Texas/24-008749-003/2024(H5N1)	1119	3426
PB2|PP755596.1|A/cattle/Texas/24-008749-003/2024(H5N1)	1120	3427
PB2|PP755596.1|A/cattle/Texas/24-008749-003/2024(H5N1)	1121	3424
PB2|PP755596.1|A/cattle/Texas/24-008749-003/2024(H5N1)	1122	3455
PB2|PP755596.1|A/cattle/Texas/24-008749-003/2024(H5N1)	1123	3435
PB2|PP755596.1|A/cattle/Texas/24-008749-003/2024(H5N1)	1124	3447
PB2|PP755596.1|A/cattle/Texas/24-008749-003/2024(H5N1)	1125	3448
PB2|PP755596.1|A/cattle/Texas/24-008749-003/2024(H5N1)	1126	3451
PB2|PP755596.1|A/cattle/Texas/24-008749-003/2024(H5N1)	1127	3451
PB2|PP755596.1|A/cattle/Texas/24-008749-003/2024(H5N1)	1128	3451
PB2|PP755596.1|A/cattle/Texas/24-008749-003/2024(H5N1)	1129	3464
PB2|PP755596.1|A/cattle/Texas/24-008749-003/2024(H5N1)	1130	3464
PB2|PP755596.1|A/cattle/Texas/24-008749-003/2024(H5N1)	1131	3461
PB2|PP755596.1|A/cattle/Texas/24-008749-003/2024(H5N1)	1132	3467
PB2|PP755596.1|A/cattle/Texas/24-008749-003/2024(H5N1)	1133	3524
PB2|PP755596.1|A/cattle/Texas/24-008749-003/2024(H5N1)	1134	3520
PB2|PP755596.1|A/cattle/Texas/24-008749-003/2024(H5N1)	1135	3516
PB2|PP755596.1|A/cattle/Texas/24-008749-003/2024(H5N1)	1136	3515
PB2|PP755596.1|A/cattle/Texas/24-008749-003/2024(H5N1)	1137	3518
PB2|PP755596.1|A/cattle/Texas/24-008749-003/2024(H5N1)	1138	3513
PB2|PP755596.1|A/cattle/Texas/24-008749-003/2024(H5N1)	1139	3533
PB2|PP755596.1|A/cattle/Texas/24-008749-003/2024(H5N1)	1140	3541
PB2|PP755596.1|A/cattle/Texas/24-008749-003/2024(H5N1)	1141	3540
PB2|PP755596.1|A/cattle/Texas/24-008749-003/2024(H5N1)	1142	3492
PB2|PP755596.1|A/cattle/Texas/24-008749-003/2024(H5N1)	1143	3502
PB2|PP755596.1|A/cattle/Texas/24-008749-003/2024(H5N1)	1144	3506
PB2|PP755596.1|A/cattle/Texas/24-008749-003/2024(H5N1)	1145	3506
PB2|PP755596.1|A/cattle/Texas/24-008749-003/2024(H5N1)	1146	3507
PB2|PP755596.1|A/cattle/Texas/24-008749-003/2024(H5N1)	1147	3511
PB2|PP755596.1|A/cattle/Texas/24-008749-003/2024(H5N1)	1148	3541
PB2|PP755596.1|A/cattle/Texas/24-008749-003/2024(H5N1)	1149	3589
PB2|PP755596.1|A/cattle/Texas/24-008749-003/2024(H5N1)	1150	3589
PB2|PP755596.1|A/cattle/Texas/24-008749-003/2024(H5N1)	1151	3591
PB2|PP755596.1|A/cattle/Texas/24-008749-003/2024(H5N1)	1152	3589
PB2|PP755596.1|A/cattle/Texas/24-008749-003/2024(H5N1)	1153	3596
PB2|PP755596.1|A/cattle/Texas/24-008749-003/2024(H5N1)	1154	3604
PB2|PP755596.1|A/cattle/Texas/24-008749-003/2024(H5N1)	1155	3605
PB2|PP755596.1|A/cattle/Texas/24-008749-003/2024(H5N1)	1156	3605
PB2|PP755596.1|A/cattle/Texas/24-008749-003/2024(H5N1)	1157	3519
PB2|PP755596.1|A/cattle/Texas/24-008749-003/2024(H5N1)	1158	3499
PB2|PP755596.1|A/cattle/Texas/24-008749-003/2024(H5N1)	1159	3495
PB2|PP755596.1|A/cattle/Texas/24-008749-003/2024(H5N1)	1160	3528
PB2|PP755596.1|A/cattle/Texas/24-008749-003/2024(H5N1)	1161	3524
PB2|PP755596.1|A/cattle/Texas/24-008749-003/2024(H5N1)	1162	3519
PB2|PP755596.1|A/cattle/Texas/24-008749-003/2024(H5N1)	1163	3506
PB2|PP755596.1|A/cattle/Texas/24-008749-003/2024(H5N1)	1164	3493
PB2|PP755596.1|A/cattle/Texas/24-008749-003/2024(H5N1)	1165	3491
PB2|PP755596.1|A/cattle/Texas/24-008749-003/2024(H5N1)	1166	3507
PB2|PP755596.1|A/cattle/Texas/24-008749-003/2024(H5N1)	1167	3493
PB2|PP755596.1|A/cattle/Texas/24-008749-003/2024(H5N1)	1168	3499
PB2|PP755596.1|A/cattle/Texas/24-008749-003/2024(H5N1)	1169	3453
PB2|PP755596.1|A/cattle/Texas/24-008749-003/2024(H5N1)	1170	3279
PB2|PP755596.1|A/cattle/Texas/24-008749-003/2024(H5N1)	1171	3275
PB2|PP755596.1|A/cattle/Texas/24-008749-003/2024(H5N1)	1172	3230
PB2|PP755596.1|A/cattle/Texas/24-008749-003/2024(H5N1)	1173	3204
PB2|PP755596.1|A/cattle/Texas/24-008749-003/2024(H5N1)	1174	3149
PB2|PP755596.1|A/cattle/Texas/24-008749-003/2024(H5N1)	1175	3112
PB2|PP755596.1|A/cattle/Texas/24-008749-003/2024(H5N1)	1176	3127
PB2|PP755596.1|A/cattle/Texas/24-008749-003/2024(H5N1)	1177	3098
PB2|PP755596.1|A/cattle/Texas/24-008749-003/2024(H5N1)	1178	3088
PB2|PP755596.1|A/cattle/Texas/24-008749-003/2024(H5N1)	1179	3084
PB2|PP755596.1|A/cattle/Texas/24-008749-003/2024(H5N1)	1180	3067
PB2|PP755596.1|A/cattle/Texas/24-008749-003/2024(H5N1)	1181	3057
PB2|PP755596.1|A/cattle/Texas/24-008749-003/2024(H5N1)	1182	3052
PB2|PP755596.1|A/cattle/Texas/24-008749-003/2024(H5N1)	1183	2995
PB2|PP755596.1|A/cattle/Texas/24-008749-003/2024(H5N1)	1184	2980
PB2|PP755596.1|A/cattle/Texas/24-008749-003/2024(H5N1)	1185	2885
PB2|PP755596.1|A/cattle/Texas/24-008749-003/2024(H5N1)	1186	2883
PB2|PP755596.1|A/cattle/Texas/24-008749-003/2024(H5N1)	1187	2876
PB2|PP755596.1|A/cattle/Texas/24-008749-003/2024(H5N1)	1188	2862
PB2|PP755596.1|A/cattle/Texas/24-008749-003/2024(H5N1)	1189	2862
PB2|PP755596.1|A/cattle/Texas/24-008749-003/2024(H5N1)	1190	2895
PB2|PP755596.1|A/cattle/Texas/24-008749-003/2024(H5N1)	1191	2890
PB2|PP755596.1|A/cattle/Texas/24-008749-003/2024(H5N1)	1192	2898
PB2|PP755596.1|A/cattle/Texas/24-008749-003/2024(H5N1)	1193	2900
PB2|PP755596.1|A/cattle/Texas/24-008749-003/2024(H5N1)	1194	2923
PB2|PP755596.1|A/cattle/Texas/24-008749-003/2024(H5N1)	1195	2878
PB2|PP755596.1|A/cattle/Texas/24-008749-003/2024(H5N1)	1196	2874
PB2|PP755596.1|A/cattle/Texas/24-008749-003/2024(H5N1)	1197	2839
PB2|PP755596.1|A/cattle/Texas/24-008749-003/2024(H5N1)	1198	2818
PB2|PP755596.1|A/cattle/Texas/24-008749-003/2024(H5N1)	1199	2815
PB2|PP755596.1|A/cattle/Texas/24-008749-003/2024(H5N1)	1200	2835
PB2|PP755596.1|A/cattle/Texas/24-008749-003/2024(H5N1)	1201	2878
PB2|PP755596.1|A/cattle/Texas/24-008749-003/2024(H5N1)	1202	2880
PB2|PP755596.1|A/cattle/Texas/24-008749-003/2024(H5N1)	1203	2866
PB2|PP755596.1|A/cattle/Texas/24-008749-003/2024(H5N1)	1204	2857
PB2|PP755596.1|A/cattle/Texas/24-008749-003/2024(H5N1)	1205	2879
PB2|PP755596.1|A/cattle/Texas/24-008749-003/2024(H5N1)	1206	2923
PB2|PP755596.1|A/cattle/Texas/24-008749-003/2024(H5N1)	1207	2934
PB2|PP755596.1|A/cattle/Texas/24-008749-003/2024(H5N1)	1208	2921
PB2|PP755596.1|A/cattle/Texas/24-008749-003/2024(H5N1)	1209	2935
PB2|PP755596.1|A/cattle/Texas/24-008749-003/2024(H5N1)	1210	2903
PB2|PP755596.1|A/cattle/Texas/24-008749-003/2024(H5N1)	1211	2979
PB2|PP755596.1|A/cattle/Texas/24-008749-003/2024(H5N1)	1212	2976
PB2|PP755596.1|A/cattle/Texas/24-008749-003/2024(H5N1)	1213	2931
PB2|PP755596.1|A/cattle/Texas/24-008749-003/2024(H5N1)	1214	3060
PB2|PP755596.1|A/cattle/Texas/24-008749-003/2024(H5N1)	1215	3026
PB2|PP755596.1|A/cattle/Texas/24-008749-003/2024(H5N1)	1216	3224
PB2|PP755596.1|A/cattle/Texas/24-008749-003/2024(H5N1)	1217	3207
PB2|PP755596.1|A/cattle/Texas/24-008749-003/2024(H5N1)	1218	3162
PB2|PP755596.1|A/cattle/Texas/24-008749-003/2024(H5N1)	1219	3165
PB2|PP755596.1|A/cattle/Texas/24-008749-003/2024(H5N1)	1220	3055
PB2|PP755596.1|A/cattle/Texas/24-008749-003/2024(H5N1)	1221	3093
PB2|PP755596.1|A/cattle/Texas/24-008749-003/2024(H5N1)	1222	3099
PB2|PP755596.1|A/cattle/Texas/24-008749-003/2024(H5N1)	1223	2975
PB2|PP755596.1|A/cattle/Texas/24-008749-003/2024(H5N1)	1224	2988
PB2|PP755596.1|A/cattle/Texas/24-008749-003/2024(H5N1)	1225	2759
PB2|PP755596.1|A/cattle/Texas/24-008749-003/2024(H5N1)	1226	2801
PB2|PP755596.1|A/cattle/Texas/24-008749-003/2024(H5N1)	1227	2755
PB2|PP755596.1|A/cattle/Texas/24-008749-003/2024(H5N1)	1228	2754
PB2|PP755596.1|A/cattle/Texas/24-008749-003/2024(H5N1)	1229	2781
PB2|PP755596.1|A/cattle/Texas/24-008749-003/2024(H5N1)	1230	2855
PB2|PP755596.1|A/cattle/Texas/24-008749-003/2024(H5N1)	1231	2865
PB2|PP755596.1|A/cattle/Texas/24-008749-003/2024(H5N1)	1232	2869
PB2|PP755596.1|A/cattle/Texas/24-008749-003/2024(H5N1)	1233	2800
PB2|PP755596.1|A/cattle/Texas/24-008749-003/2024(H5N1)	1234	2801
PB2|PP755596.1|A/cattle/Texas/24-008749-003/2024(H5N1)	1235	2720
PB2|PP755596.1|A/cattle/Texas/24-008749-003/2024(H5N1)	1236	2714
PB2|PP755596.1|A/cattle/Texas/24-008749-003/2024(H5N1)	1237	2694
PB2|PP755596.1|A/cattle/Texas/24-008749-003/2024(H5N1)	1238	2694
PB2|PP755596.1|A/cattle/Texas/24-008749-003/2024(H5N1)	1239	2414
PB2|PP755596.1|A/cattle/Texas/24-008749-003/2024(H5N1)	1240	2485
PB2|PP755596.1|A/cattle/Texas/24-008749-003/2024(H5N1)	1241	2488
PB2|PP755596.1|A/cattle/Texas/24-008749-003/2024(H5N1)	1242	2486
PB2|PP755596.1|A/cattle/Texas/24-008749-003/2024(H5N1)	1243	2539
PB2|PP755596.1|A/cattle/Texas/24-008749-003/2024(H5N1)	1244	2511
PB2|PP755596.1|A/cattle/Texas/24-008749-003/2024(H5N1)	1245	2549
PB2|PP755596.1|A/cattle/Texas/24-008749-003/2024(H5N1)	1246	2538
PB2|PP755596.1|A/cattle/Texas/24-008749-003/2024(H5N1)	1247	2537
PB2|PP755596.1|A/cattle/Texas/24-008749-003/2024(H5N1)	1248	2513
PB2|PP755596.1|A/cattle/Texas/24-008749-003/2024(H5N1)	1249	2520
PB2|PP755596.1|A/cattle/Texas/24-008749-003/2024(H5N1)	1250	2547
PB2|PP755596.1|A/cattle/Texas/24-008749-003/2024(H5N1)	1251	2560
PB2|PP755596.1|A/cattle/Texas/24-008749-003/2024(H5N1)	1252	2558
PB2|PP755596.1|A/cattle/Texas/24-008749-003/2024(H5N1)	1253	2524
PB2|PP755596.1|A/cattle/Texas/24-008749-003/2024(H5N1)	1254	2544
PB2|PP755596.1|A/cattle/Texas/24-008749-003/2024(H5N1)	1255	2540
PB2|PP755596.1|A/cattle/Texas/24-008749-003/2024(H5N1)	1256	2544
PB2|PP755596.1|A/cattle/Texas/24-008749-003/2024(H5N1)	1257	2566
PB2|PP755596.1|A/cattle/Texas/24-008749-003/2024(H5N1)	1258	2133
PB2|PP755596.1|A/cattle/Texas/24-008749-003/2024(H5N1)	1259	2123
PB2|PP755596.1|A/cattle/Texas/24-008749-003/2024(H5N1)	1260	2129
PB2|PP755596.1|A/cattle/Texas/24-008749-003/2024(H5N1)	1261	2140
PB2|PP755596.1|A/cattle/Texas/24-008749-003/2024(H5N1)	1262	2204
PB2|PP755596.1|A/cattle/Texas/24-008749-003/2024(H5N1)	1263	2196
PB2|PP755596.1|A/cattle/Texas/24-008749-003/2024(H5N1)	1264	2212
PB2|PP755596.1|A/cattle/Texas/24-008749-003/2024(H5N1)	1265	2212
PB2|PP755596.1|A/cattle/Texas/24-008749-003/2024(H5N1)	1266	2218
PB2|PP755596.1|A/cattle/Texas/24-008749-003/2024(H5N1)	1267	2211
PB2|PP755596.1|A/cattle/Texas/24-008749-003/2024(H5N1)	1268	2281
PB2|PP755596.1|A/cattle/Texas/24-008749-003/2024(H5N1)	1269	2443
PB2|PP755596.1|A/cattle/Texas/24-008749-003/2024(H5N1)	1270	2471
PB2|PP755596.1|A/cattle/Texas/24-008749-003/2024(H5N1)	1271	2479
PB2|PP755596.1|A/cattle/Texas/24-008749-003/2024(H5N1)	1272	2476
PB2|PP755596.1|A/cattle/Texas/24-008749-003/2024(H5N1)	1273	2517
PB2|PP755596.1|A/cattle/Texas/24-008749-003/2024(H5N1)	1274	2523
PB2|PP755596.1|A/cattle/Texas/24-008749-003/2024(H5N1)	1275	2555
PB2|PP755596.1|A/cattle/Texas/24-008749-003/2024(H5N1)	1276	2561
PB2|PP755596.1|A/cattle/Texas/24-008749-003/2024(H5N1)	1277	2549
PB2|PP755596.1|A/cattle/Texas/24-008749-003/2024(H5N1)	1278	2568
PB2|PP755596.1|A/cattle/Texas/24-008749-003/2024(H5N1)	1279	2669
PB2|PP755596.1|A/cattle/Texas/24-008749-003/2024(H5N1)	1280	2674
PB2|PP755596.1|A/cattle/Texas/24-008749-003/2024(H5N1)	1281	2747
PB2|PP755596.1|A/cattle/Texas/24-008749-003/2024(H5N1)	1282	2747
PB2|PP755596.1|A/cattle/Texas/24-008749-003/2024(H5N1)	1283	2756
PB2|PP755596.1|A/cattle/Texas/24-008749-003/2024(H5N1)	1284	2770
PB2|PP755596.1|A/cattle/Texas/24-008749-003/2024(H5N1)	1285	2834
PB2|PP755596.1|A/cattle/Texas/24-008749-003/2024(H5N1)	1286	2938
PB2|PP755596.1|A/cattle/Texas/24-008749-003/2024(H5N1)	1287	2936
PB2|PP755596.1|A/cattle/Texas/24-008749-003/2024(H5N1)	1288	2942
PB2|PP755596.1|A/cattle/Texas/24-008749-003/2024(H5N1)	1289	2950
PB2|PP755596.1|A/cattle/Texas/24-008749-003/2024(H5N1)	1290	2933
PB2|PP755596.1|A/cattle/Texas/24-008749-003/2024(H5N1)	1291	2939
PB2|PP755596.1|A/cattle/Texas/24-008749-003/2024(H5N1)	1292	2941
PB2|PP755596.1|A/cattle/Texas/24-008749-003/2024(H5N1)	1293	2946
PB2|PP755596.1|A/cattle/Texas/24-008749-003/2024(H5N1)	1294	2970
PB2|PP755596.1|A/cattle/Texas/24-008749-003/2024(H5N1)	1295	2935
PB2|PP755596.1|A/cattle/Texas/24-008749-003/2024(H5N1)	1296	2935
PB2|PP755596.1|A/cattle/Texas/24-008749-003/2024(H5N1)	1297	2933
PB2|PP755596.1|A/cattle/Texas/24-008749-003/2024(H5N1)	1298	2925
PB2|PP755596.1|A/cattle/Texas/24-008749-003/2024(H5N1)	1299	2991
PB2|PP755596.1|A/cattle/Texas/24-008749-003/2024(H5N1)	1300	2997
PB2|PP755596.1|A/cattle/Texas/24-008749-003/2024(H5N1)	1301	3010
PB2|PP755596.1|A/cattle/Texas/24-008749-003/2024(H5N1)	1302	3051
PB2|PP755596.1|A/cattle/Texas/24-008749-003/2024(H5N1)	1303	3044
PB2|PP755596.1|A/cattle/Texas/24-008749-003/2024(H5N1)	1304	3046
PB2|PP755596.1|A/cattle/Texas/24-008749-003/2024(H5N1)	1305	3048
PB2|PP755596.1|A/cattle/Texas/24-008749-003/2024(H5N1)	1306	3049
PB2|PP755596.1|A/cattle/Texas/24-008749-003/2024(H5N1)	1307	3050
PB2|PP755596.1|A/cattle/Texas/24-008749-003/2024(H5N1)	1308	3010
PB2|PP755596.1|A/cattle/Texas/24-008749-003/2024(H5N1)	1309	3010
PB2|PP755596.1|A/cattle/Texas/24-008749-003/2024(H5N1)	1310	2997
PB2|PP755596.1|A/cattle/Texas/24-008749-003/2024(H5N1)	1311	3066
PB2|PP755596.1|A/cattle/Texas/24-008749-003/2024(H5N1)	1312	3062
PB2|PP755596.1|A/cattle/Texas/24-008749-003/2024(H5N1)	1313	3063
PB2|PP755596.1|A/cattle/Texas/24-008749-003/2024(H5N1)	1314	3067
PB2|PP755596.1|A/cattle/Texas/24-008749-003/2024(H5N1)	1315	3063
PB2|PP755596.1|A/cattle/Texas/24-008749-003/2024(H5N1)	1316	3063
PB2|PP755596.1|A/cattle/Texas/24-008749-003/2024(H5N1)	1317	3066
PB2|PP755596.1|A/cattle/Texas/24-008749-003/2024(H5N1)	1318	3065
PB2|PP755596.1|A/cattle/Texas/24-008749-003/2024(H5N1)	1319	3068
PB2|PP755596.1|A/cattle/Texas/24-008749-003/2024(H5N1)	1320	3070
PB2|PP755596.1|A/cattle/Texas/24-008749-003/2024(H5N1)	1321	2992
PB2|PP755596.1|A/cattle/Texas/24-008749-003/2024(H5N1)	1322	3014
PB2|PP755596.1|A/cattle/Texas/24-008749-003/2024(H5N1)	1323	3013
PB2|PP755596.1|A/cattle/Texas/24-008749-003/2024(H5N1)	1324	3016
PB2|PP755596.1|A/cattle/Texas/24-008749-003/2024(H5N1)	1325	3019
PB2|PP755596.1|A/cattle/Texas/24-008749-003/2024(H5N1)	1326	3016
PB2|PP755596.1|A/cattle/Texas/24-008749-003/2024(H5N1)	1327	3012
PB2|PP755596.1|A/cattle/Texas/24-008749-003/2024(H5N1)	1328	3010
PB2|PP755596.1|A/cattle/Texas/24-008749-003/2024(H5N1)	1329	3006
PB2|PP755596.1|A/cattle/Texas/24-008749-003/2024(H5N1)	1330	3013
PB2|PP755596.1|A/cattle/Texas/24-008749-003/2024(H5N1)	1331	3003
PB2|PP755596.1|A/cattle/Texas/24-008749-003/2024(H5N1)	1332	3004
PB2|PP755596.1|A/cattle/Texas/24-008749-003/2024(H5N1)	1333	3003
PB2|PP755596.1|A/cattle/Texas/24-008749-003/2024(H5N1)	1334	2989
PB2|PP755596.1|A/cattle/Texas/24-008749-003/2024(H5N1)	1335	2989
PB2|PP755596.1|A/cattle/Texas/24-008749-003/2024(H5N1)	1336	2990
PB2|PP755596.1|A/cattle/Texas/24-008749-003/2024(H5N1)	1337	2990
PB2|PP755596.1|A/cattle/Texas/24-008749-003/2024(H5N1)	1338	2989
PB2|PP755596.1|A/cattle/Texas/24-008749-003/2024(H5N1)	1339	2983
PB2|PP755596.1|A/cattle/Texas/24-008749-003/2024(H5N1)	1340	2983
PB2|PP755596.1|A/cattle/Texas/24-008749-003/2024(H5N1)	1341	2978
PB2|PP755596.1|A/cattle/Texas/24-008749-003/2024(H5N1)	1342	2978
PB2|PP755596.1|A/cattle/Texas/24-008749-003/2024(H5N1)	1343	2977
PB2|PP755596.1|A/cattle/Texas/24-008749-003/2024(H5N1)	1344	2975
PB2|PP755596.1|A/cattle/Texas/24-008749-003/2024(H5N1)	1345	2948
PB2|PP755596.1|A/cattle/Texas/24-008749-003/2024(H5N1)	1346	2893
PB2|PP755596.1|A/cattle/Texas/24-008749-003/2024(H5N1)	1347	2892
PB2|PP755596.1|A/cattle/Texas/24-008749-003/2024(H5N1)	1348	2892
PB2|PP755596.1|A/cattle/Texas/24-008749-003/2024(H5N1)	1349	2899
PB2|PP755596.1|A/cattle/Texas/24-008749-003/2024(H5N1)	1350	2878
PB2|PP755596.1|A/cattle/Texas/24-008749-003/2024(H5N1)	1351	2864
PB2|PP755596.1|A/cattle/Texas/24-008749-003/2024(H5N1)	1352	2842
PB2|PP755596.1|A/cattle/Texas/24-008749-003/2024(H5N1)	1353	2836
PB2|PP755596.1|A/cattle/Texas/24-008749-003/2024(H5N1)	1354	2835
PB2|PP755596.1|A/cattle/Texas/24-008749-003/2024(H5N1)	1355	2775
PB2|PP755596.1|A/cattle/Texas/24-008749-003/2024(H5N1)	1356	2755
PB2|PP755596.1|A/cattle/Texas/24-008749-003/2024(H5N1)	1357	2711
PB2|PP755596.1|A/cattle/Texas/24-008749-003/2024(H5N1)	1358	2661
PB2|PP755596.1|A/cattle/Texas/24-008749-003/2024(H5N1)	1359	2642
PB2|PP755596.1|A/cattle/Texas/24-008749-003/2024(H5N1)	1360	2620
PB2|PP755596.1|A/cattle/Texas/24-008749-003/2024(H5N1)	1361	2633
PB2|PP755596.1|A/cattle/Texas/24-008749-003/2024(H5N1)	1362	2582
PB2|PP755596.1|A/cattle/Texas/24-008749-003/2024(H5N1)	1363	2568
PB2|PP755596.1|A/cattle/Texas/24-008749-003/2024(H5N1)	1364	2562
PB2|PP755596.1|A/cattle/Texas/24-008749-003/2024(H5N1)	1365	2413
PB2|PP755596.1|A/cattle/Texas/24-008749-003/2024(H5N1)	1366	2343
PB2|PP755596.1|A/cattle/Texas/24-008749-003/2024(H5N1)	1367	2271
PB2|PP755596.1|A/cattle/Texas/24-008749-003/2024(H5N1)	1368	2238
PB2|PP755596.1|A/cattle/Texas/24-008749-003/2024(H5N1)	1369	2377
PB2|PP755596.1|A/cattle/Texas/24-008749-003/2024(H5N1)	1370	2352
PB2|PP755596.1|A/cattle/Texas/24-008749-003/2024(H5N1)	1371	2411
PB2|PP755596.1|A/cattle/Texas/24-008749-003/2024(H5N1)	1372	2368
PB2|PP755596.1|A/cattle/Texas/24-008749-003/2024(H5N1)	1373	2359
PB2|PP755596.1|A/cattle/Texas/24-008749-003/2024(H5N1)	1374	2369
PB2|PP755596.1|A/cattle/Texas/24-008749-003/2024(H5N1)	1375	2361
PB2|PP755596.1|A/cattle/Texas/24-008749-003/2024(H5N1)	1376	2372
PB2|PP755596.1|A/cattle/Texas/24-008749-003/2024(H5N1)	1377	2334
PB2|PP755596.1|A/cattle/Texas/24-008749-003/2024(H5N1)	1378	2324
PB2|PP755596.1|A/cattle/Texas/24-008749-003/2024(H5N1)	1379	2311
PB2|PP755596.1|A/cattle/Texas/24-008749-003/2024(H5N1)	1380	2407
PB2|PP755596.1|A/cattle/Texas/24-008749-003/2024(H5N1)	1381	2332
PB2|PP755596.1|A/cattle/Texas/24-008749-003/2024(H5N1)	1382	2331
PB2|PP755596.1|A/cattle/Texas/24-008749-003/2024(H5N1)	1383	2315
PB2|PP755596.1|A/cattle/Texas/24-008749-003/2024(H5N1)	1384	2303
PB2|PP755596.1|A/cattle/Texas/24-008749-003/2024(H5N1)	1385	2702
PB2|PP755596.1|A/cattle/Texas/24-008749-003/2024(H5N1)	1386	2698
PB2|PP755596.1|A/cattle/Texas/24-008749-003/2024(H5N1)	1387	2726
PB2|PP755596.1|A/cattle/Texas/24-008749-003/2024(H5N1)	1388	2727
PB2|PP755596.1|A/cattle/Texas/24-008749-003/2024(H5N1)	1389	2708
PB2|PP755596.1|A/cattle/Texas/24-008749-003/2024(H5N1)	1390	2719
PB2|PP755596.1|A/cattle/Texas/24-008749-003/2024(H5N1)	1391	2696
PB2|PP755596.1|A/cattle/Texas/24-008749-003/2024(H5N1)	1392	2725
PB2|PP755596.1|A/cattle/Texas/24-008749-003/2024(H5N1)	1393	2764
PB2|PP755596.1|A/cattle/Texas/24-008749-003/2024(H5N1)	1394	2642
PB2|PP755596.1|A/cattle/Texas/24-008749-003/2024(H5N1)	1395	2571
PB2|PP755596.1|A/cattle/Texas/24-008749-003/2024(H5N1)	1396	2580
PB2|PP755596.1|A/cattle/Texas/24-008749-003/2024(H5N1)	1397	2626
PB2|PP755596.1|A/cattle/Texas/24-008749-003/2024(H5N1)	1398	2607
PB2|PP755596.1|A/cattle/Texas/24-008749-003/2024(H5N1)	1399	2603
PB2|PP755596.1|A/cattle/Texas/24-008749-003/2024(H5N1)	1400	2540
PB2|PP755596.1|A/cattle/Texas/24-008749-003/2024(H5N1)	1401	2532
PB2|PP755596.1|A/cattle/Texas/24-008749-003/2024(H5N1)	1402	2569
PB2|PP755596.1|A/cattle/Texas/24-008749-003/2024(H5N1)	1403	2589
PB2|PP755596.1|A/cattle/Texas/24-008749-003/2024(H5N1)	1404	2608
PB2|PP755596.1|A/cattle/Texas/24-008749-003/2024(H5N1)	1405	2603
PB2|PP755596.1|A/cattle/Texas/24-008749-003/2024(H5N1)	1406	2577
PB2|PP755596.1|A/cattle/Texas/24-008749-003/2024(H5N1)	1407	2575
PB2|PP755596.1|A/cattle/Texas/24-008749-003/2024(H5N1)	1408	2572
PB2|PP755596.1|A/cattle/Texas/24-008749-003/2024(H5N1)	1409	2727
PB2|PP755596.1|A/cattle/Texas/24-008749-003/2024(H5N1)	1410	2722
PB2|PP755596.1|A/cattle/Texas/24-008749-003/2024(H5N1)	1411	2675
PB2|PP755596.1|A/cattle/Texas/24-008749-003/2024(H5N1)	1412	2652
PB2|PP755596.1|A/cattle/Texas/24-008749-003/2024(H5N1)	1413	2577
PB2|PP755596.1|A/cattle/Texas/24-008749-003/2024(H5N1)	1414	2588
PB2|PP755596.1|A/cattle/Texas/24-008749-003/2024(H5N1)	1415	2551
PB2|PP755596.1|A/cattle/Texas/24-008749-003/2024(H5N1)	1416	2567
PB2|PP755596.1|A/cattle/Texas/24-008749-003/2024(H5N1)	1417	2591
PB2|PP755596.1|A/cattle/Texas/24-008749-003/2024(H5N1)	1418	2300
PB2|PP755596.1|A/cattle/Texas/24-008749-003/2024(H5N1)	1419	2305
PB2|PP755596.1|A/cattle/Texas/24-008749-003/2024(H5N1)	1420	2310
PB2|PP755596.1|A/cattle/Texas/24-008749-003/2024(H5N1)	1421	2329
PB2|PP755596.1|A/cattle/Texas/24-008749-003/2024(H5N1)	1422	2341
PB2|PP755596.1|A/cattle/Texas/24-008749-003/2024(H5N1)	1423	2347
PB2|PP755596.1|A/cattle/Texas/24-008749-003/2024(H5N1)	1424	2315
PB2|PP755596.1|A/cattle/Texas/24-008749-003/2024(H5N1)	1425	2319
PB2|PP755596.1|A/cattle/Texas/24-008749-003/2024(H5N1)	1426	2229
PB2|PP755596.1|A/cattle/Texas/24-008749-003/2024(H5N1)	1427	2261
PB2|PP755596.1|A/cattle/Texas/24-008749-003/2024(H5N1)	1428	2329
PB2|PP755596.1|A/cattle/Texas/24-008749-003/2024(H5N1)	1429	2166
PB2|PP755596.1|A/cattle/Texas/24-008749-003/2024(H5N1)	1430	2425
PB2|PP755596.1|A/cattle/Texas/24-008749-003/2024(H5N1)	1431	2429
PB2|PP755596.1|A/cattle/Texas/24-008749-003/2024(H5N1)	1432	2424
PB2|PP755596.1|A/cattle/Texas/24-008749-003/2024(H5N1)	1433	2433
PB2|PP755596.1|A/cattle/Texas/24-008749-003/2024(H5N1)	1434	2395
PB2|PP755596.1|A/cattle/Texas/24-008749-003/2024(H5N1)	1435	2394
PB2|PP755596.1|A/cattle/Texas/24-008749-003/2024(H5N1)	1436	2293
PB2|PP755596.1|A/cattle/Texas/24-008749-003/2024(H5N1)	1437	2238
PB2|PP755596.1|A/cattle/Texas/24-008749-003/2024(H5N1)	1438	2260
PB2|PP755596.1|A/cattle/Texas/24-008749-003/2024(H5N1)	1439	2216
PB2|PP755596.1|A/cattle/Texas/24-008749-003/2024(H5N1)	1440	2227
PB2|PP755596.1|A/cattle/Texas/24-008749-003/2024(H5N1)	1441	2228
PB2|PP755596.1|A/cattle/Texas/24-008749-003/2024(H5N1)	1442	2247
PB2|PP755596.1|A/cattle/Texas/24-008749-003/2024(H5N1)	1443	2269
PB2|PP755596.1|A/cattle/Texas/24-008749-003/2024(H5N1)	1444	2285
PB2|PP755596.1|A/cattle/Texas/24-008749-003/2024(H5N1)	1445	2290
PB2|PP755596.1|A/cattle/Texas/24-008749-003/2024(H5N1)	1446	2325
PB2|PP755596.1|A/cattle/Texas/24-008749-003/2024(H5N1)	1447	2451
PB2|PP755596.1|A/cattle/Texas/24-008749-003/2024(H5N1)	1448	2452
PB2|PP755596.1|A/cattle/Texas/24-008749-003/2024(H5N1)	1449	2449
PB2|PP755596.1|A/cattle/Texas/24-008749-003/2024(H5N1)	1450	2461
PB2|PP755596.1|A/cattle/Texas/24-008749-003/2024(H5N1)	1451	2512
PB2|PP755596.1|A/cattle/Texas/24-008749-003/2024(H5N1)	1452	2513
PB2|PP755596.1|A/cattle/Texas/24-008749-003/2024(H5N1)	1453	2515
PB2|PP755596.1|A/cattle/Texas/24-008749-003/2024(H5N1)	1454	2520
PB2|PP755596.1|A/cattle/Texas/24-008749-003/2024(H5N1)	1455	2504
PB2|PP755596.1|A/cattle/Texas/24-008749-003/2024(H5N1)	1456	2544
PB2|PP755596.1|A/cattle/Texas/24-008749-003/2024(H5N1)	1457	2563
PB2|PP755596.1|A/cattle/Texas/24-008749-003/2024(H5N1)	1458	2620
PB2|PP755596.1|A/cattle/Texas/24-008749-003/2024(H5N1)	1459	2652
PB2|PP755596.1|A/cattle/Texas/24-008749-003/2024(H5N1)	1460	2665
PB2|PP755596.1|A/cattle/Texas/24-008749-003/2024(H5N1)	1461	2698
PB2|PP755596.1|A/cattle/Texas/24-008749-003/2024(H5N1)	1462	2731
PB2|PP755596.1|A/cattle/Texas/24-008749-003/2024(H5N1)	1463	2741
PB2|PP755596.1|A/cattle/Texas/24-008749-003/2024(H5N1)	1464	3129
PB2|PP755596.1|A/cattle/Texas/24-008749-003/2024(H5N1)	1465	3106
PB2|PP755596.1|A/cattle/Texas/24-008749-003/2024(H5N1)	1466	3155
PB2|PP755596.1|A/cattle/Texas/24-008749-003/2024(H5N1)	1467	3156
PB2|PP755596.1|A/cattle/Texas/24-008749-003/2024(H5N1)	1468	3158
PB2|PP755596.1|A/cattle/Texas/24-008749-003/2024(H5N1)	1469	3244
PB2|PP755596.1|A/cattle/Texas/24-008749-003/2024(H5N1)	1470	3239
PB2|PP755596.1|A/cattle/Texas/24-008749-003/2024(H5N1)	1471	3242
PB2|PP755596.1|A/cattle/Texas/24-008749-003/2024(H5N1)	1472	3242
PB2|PP755596.1|A/cattle/Texas/24-008749-003/2024(H5N1)	1473	3051
PB2|PP755596.1|A/cattle/Texas/24-008749-003/2024(H5N1)	1474	3086
PB2|PP755596.1|A/cattle/Texas/24-008749-003/2024(H5N1)	1475	3075
PB2|PP755596.1|A/cattle/Texas/24-008749-003/2024(H5N1)	1476	3078
PB2|PP755596.1|A/cattle/Texas/24-008749-003/2024(H5N1)	1477	3078
PB2|PP755596.1|A/cattle/Texas/24-008749-003/2024(H5N1)	1478	3092
PB2|PP755596.1|A/cattle/Texas/24-008749-003/2024(H5N1)	1479	3105
PB2|PP755596.1|A/cattle/Texas/24-008749-003/2024(H5N1)	1480	3110
PB2|PP755596.1|A/cattle/Texas/24-008749-003/2024(H5N1)	1481	3111
PB2|PP755596.1|A/cattle/Texas/24-008749-003/2024(H5N1)	1482	3112
PB2|PP755596.1|A/cattle/Texas/24-008749-003/2024(H5N1)	1483	3131
PB2|PP755596.1|A/cattle/Texas/24-008749-003/2024(H5N1)	1484	3136
PB2|PP755596.1|A/cattle/Texas/24-008749-003/2024(H5N1)	1485	3166
PB2|PP755596.1|A/cattle/Texas/24-008749-003/2024(H5N1)	1486	3168
PB2|PP755596.1|A/cattle/Texas/24-008749-003/2024(H5N1)	1487	3113
PB2|PP755596.1|A/cattle/Texas/24-008749-003/2024(H5N1)	1488	3093
PB2|PP755596.1|A/cattle/Texas/24-008749-003/2024(H5N1)	1489	3077
PB2|PP755596.1|A/cattle/Texas/24-008749-003/2024(H5N1)	1490	3083
PB2|PP755596.1|A/cattle/Texas/24-008749-003/2024(H5N1)	1491	3088
PB2|PP755596.1|A/cattle/Texas/24-008749-003/2024(H5N1)	1492	3051
PB2|PP755596.1|A/cattle/Texas/24-008749-003/2024(H5N1)	1493	3045
PB2|PP755596.1|A/cattle/Texas/24-008749-003/2024(H5N1)	1494	3017
PB2|PP755596.1|A/cattle/Texas/24-008749-003/2024(H5N1)	1495	3018
PB2|PP755596.1|A/cattle/Texas/24-008749-003/2024(H5N1)	1496	3030
PB2|PP755596.1|A/cattle/Texas/24-008749-003/2024(H5N1)	1497	3032
PB2|PP755596.1|A/cattle/Texas/24-008749-003/2024(H5N1)	1498	3032
PB2|PP755596.1|A/cattle/Texas/24-008749-003/2024(H5N1)	1499	3028
PB2|PP755596.1|A/cattle/Texas/24-008749-003/2024(H5N1)	1500	3067
PB2|PP755596.1|A/cattle/Texas/24-008749-003/2024(H5N1)	1501	3065
PB2|PP755596.1|A/cattle/Texas/24-008749-003/2024(H5N1)	1502	3076
PB2|PP755596.1|A/cattle/Texas/24-008749-003/2024(H5N1)	1503	3077
PB2|PP755596.1|A/cattle/Texas/24-008749-003/2024(H5N1)	1504	3079
PB2|PP755596.1|A/cattle/Texas/24-008749-003/2024(H5N1)	1505	3080
PB2|PP755596.1|A/cattle/Texas/24-008749-003/2024(H5N1)	1506	3076
PB2|PP755596.1|A/cattle/Texas/24-008749-003/2024(H5N1)	1507	3076
PB2|PP755596.1|A/cattle/Texas/24-008749-003/2024(H5N1)	1508	3086
PB2|PP755596.1|A/cattle/Texas/24-008749-003/2024(H5N1)	1509	3016
PB2|PP755596.1|A/cattle/Texas/24-008749-003/2024(H5N1)	1510	3039
PB2|PP755596.1|A/cattle/Texas/24-008749-003/2024(H5N1)	1511	3032
PB2|PP755596.1|A/cattle/Texas/24-008749-003/2024(H5N1)	1512	3032
PB2|PP755596.1|A/cattle/Texas/24-008749-003/2024(H5N1)	1513	3030
PB2|PP755596.1|A/cattle/Texas/24-008749-003/2024(H5N1)	1514	3031
PB2|PP755596.1|A/cattle/Texas/24-008749-003/2024(H5N1)	1515	3035
PB2|PP755596.1|A/cattle/Texas/24-008749-003/2024(H5N1)	1516	3036
PB2|PP755596.1|A/cattle/Texas/24-008749-003/2024(H5N1)	1517	3035
PB2|PP755596.1|A/cattle/Texas/24-008749-003/2024(H5N1)	1518	3001
PB2|PP755596.1|A/cattle/Texas/24-008749-003/2024(H5N1)	1519	2938
PB2|PP755596.1|A/cattle/Texas/24-008749-003/2024(H5N1)	1520	2935
PB2|PP755596.1|A/cattle/Texas/24-008749-003/2024(H5N1)	1521	2935
PB2|PP755596.1|A/cattle/Texas/24-008749-003/2024(H5N1)	1522	2925
PB2|PP755596.1|A/cattle/Texas/24-008749-003/2024(H5N1)	1523	2919
PB2|PP755596.1|A/cattle/Texas/24-008749-003/2024(H5N1)	1524	2938
PB2|PP755596.1|A/cattle/Texas/24-008749-003/2024(H5N1)	1525	2915
PB2|PP755596.1|A/cattle/Texas/24-008749-003/2024(H5N1)	1526	2898
PB2|PP755596.1|A/cattle/Texas/24-008749-003/2024(H5N1)	1527	2888
PB2|PP755596.1|A/cattle/Texas/24-008749-003/2024(H5N1)	1528	2863
PB2|PP755596.1|A/cattle/Texas/24-008749-003/2024(H5N1)	1529	2914
PB2|PP755596.1|A/cattle/Texas/24-008749-003/2024(H5N1)	1530	2868
PB2|PP755596.1|A/cattle/Texas/24-008749-003/2024(H5N1)	1531	2939
PB2|PP755596.1|A/cattle/Texas/24-008749-003/2024(H5N1)	1532	2937
PB2|PP755596.1|A/cattle/Texas/24-008749-003/2024(H5N1)	1533	2906
PB2|PP755596.1|A/cattle/Texas/24-008749-003/2024(H5N1)	1534	2733
PB2|PP755596.1|A/cattle/Texas/24-008749-003/2024(H5N1)	1535	2715
PB2|PP755596.1|A/cattle/Texas/24-008749-003/2024(H5N1)	1536	2718
PB2|PP755596.1|A/cattle/Texas/24-008749-003/2024(H5N1)	1537	2699
PB2|PP755596.1|A/cattle/Texas/24-008749-003/2024(H5N1)	1538	2533
PB2|PP755596.1|A/cattle/Texas/24-008749-003/2024(H5N1)	1539	2533
PB2|PP755596.1|A/cattle/Texas/24-008749-003/2024(H5N1)	1540	2272
PB2|PP755596.1|A/cattle/Texas/24-008749-003/2024(H5N1)	1541	2269
PB2|PP755596.1|A/cattle/Texas/24-008749-003/2024(H5N1)	1542	2268
PB2|PP755596.1|A/cattle/Texas/24-008749-003/2024(H5N1)	1543	2248
PB2|PP755596.1|A/cattle/Texas/24-008749-003/2024(H5N1)	1544	2246
PB2|PP755596.1|A/cattle/Texas/24-008749-003/2024(H5N1)	1545	2175
PB2|PP755596.1|A/cattle/Texas/24-008749-003/2024(H5N1)	1546	2259
PB2|PP755596.1|A/cattle/Texas/24-008749-003/2024(H5N1)	1547	2258
PB2|PP755596.1|A/cattle/Texas/24-008749-003/2024(H5N1)	1548	2240
PB2|PP755596.1|A/cattle/Texas/24-008749-003/2024(H5N1)	1549	2285
PB2|PP755596.1|A/cattle/Texas/24-008749-003/2024(H5N1)	1550	2279
PB2|PP755596.1|A/cattle/Texas/24-008749-003/2024(H5N1)	1551	2332
PB2|PP755596.1|A/cattle/Texas/24-008749-003/2024(H5N1)	1552	2359
PB2|PP755596.1|A/cattle/Texas/24-008749-003/2024(H5N1)	1553	2327
PB2|PP755596.1|A/cattle/Texas/24-008749-003/2024(H5N1)	1554	2353
PB2|PP755596.1|A/cattle/Texas/24-008749-003/2024(H5N1)	1555	2332
PB2|PP755596.1|A/cattle/Texas/24-008749-003/2024(H5N1)	1556	2413
PB2|PP755596.1|A/cattle/Texas/24-008749-003/2024(H5N1)	1557	2410
PB2|PP755596.1|A/cattle/Texas/24-008749-003/2024(H5N1)	1558	2399
PB2|PP755596.1|A/cattle/Texas/24-008749-003/2024(H5N1)	1559	2420
PB2|PP755596.1|A/cattle/Texas/24-008749-003/2024(H5N1)	1560	2403
PB2|PP755596.1|A/cattle/Texas/24-008749-003/2024(H5N1)	1561	2495
PB2|PP755596.1|A/cattle/Texas/24-008749-003/2024(H5N1)	1562	2612
PB2|PP755596.1|A/cattle/Texas/24-008749-003/2024(H5N1)	1563	2617
PB2|PP755596.1|A/cattle/Texas/24-008749-003/2024(H5N1)	1564	2643
PB2|PP755596.1|A/cattle/Texas/24-008749-003/2024(H5N1)	1565	2623
PB2|PP755596.1|A/cattle/Texas/24-008749-003/2024(H5N1)	1566	2625
PB2|PP755596.1|A/cattle/Texas/24-008749-003/2024(H5N1)	1567	2633
PB2|PP755596.1|A/cattle/Texas/24-008749-003/2024(H5N1)	1568	2835
PB2|PP755596.1|A/cattle/Texas/24-008749-003/2024(H5N1)	1569	2814
PB2|PP755596.1|A/cattle/Texas/24-008749-003/2024(H5N1)	1570	2750
PB2|PP755596.1|A/cattle/Texas/24-008749-003/2024(H5N1)	1571	2757
PB2|PP755596.1|A/cattle/Texas/24-008749-003/2024(H5N1)	1572	2714
PB2|PP755596.1|A/cattle/Texas/24-008749-003/2024(H5N1)	1573	2761
PB2|PP755596.1|A/cattle/Texas/24-008749-003/2024(H5N1)	1574	2753
PB2|PP755596.1|A/cattle/Texas/24-008749-003/2024(H5N1)	1575	2792
PB2|PP755596.1|A/cattle/Texas/24-008749-003/2024(H5N1)	1576	2780
PB2|PP755596.1|A/cattle/Texas/24-008749-003/2024(H5N1)	1577	2626
PB2|PP755596.1|A/cattle/Texas/24-008749-003/2024(H5N1)	1578	2623
PB2|PP755596.1|A/cattle/Texas/24-008749-003/2024(H5N1)	1579	2617
PB2|PP755596.1|A/cattle/Texas/24-008749-003/2024(H5N1)	1580	2599
PB2|PP755596.1|A/cattle/Texas/24-008749-003/2024(H5N1)	1581	2556
PB2|PP755596.1|A/cattle/Texas/24-008749-003/2024(H5N1)	1582	2504
PB2|PP755596.1|A/cattle/Texas/24-008749-003/2024(H5N1)	1583	2515
PB2|PP755596.1|A/cattle/Texas/24-008749-003/2024(H5N1)	1584	2457
PB2|PP755596.1|A/cattle/Texas/24-008749-003/2024(H5N1)	1585	2469
PB2|PP755596.1|A/cattle/Texas/24-008749-003/2024(H5N1)	1586	2479
PB2|PP755596.1|A/cattle/Texas/24-008749-003/2024(H5N1)	1587	2578
PB2|PP755596.1|A/cattle/Texas/24-008749-003/2024(H5N1)	1588	2583
PB2|PP755596.1|A/cattle/Texas/24-008749-003/2024(H5N1)	1589	2607
PB2|PP755596.1|A/cattle/Texas/24-008749-003/2024(H5N1)	1590	2570
PB2|PP755596.1|A/cattle/Texas/24-008749-003/2024(H5N1)	1591	2571
PB2|PP755596.1|A/cattle/Texas/24-008749-003/2024(H5N1)	1592	2560
PB2|PP755596.1|A/cattle/Texas/24-008749-003/2024(H5N1)	1593	2557
PB2|PP755596.1|A/cattle/Texas/24-008749-003/2024(H5N1)	1594	2558
PB2|PP755596.1|A/cattle/Texas/24-008749-003/2024(H5N1)	1595	2550
PB2|PP755596.1|A/cattle/Texas/24-008749-003/2024(H5N1)	1596	2338
PB2|PP755596.1|A/cattle/Texas/24-008749-003/2024(H5N1)	1597	2298
PB2|PP755596.1|A/cattle/Texas/24-008749-003/2024(H5N1)	1598	2223
PB2|PP755596.1|A/cattle/Texas/24-008749-003/2024(H5N1)	1599	2221
PB2|PP755596.1|A/cattle/Texas/24-008749-003/2024(H5N1)	1600	2274
PB2|PP755596.1|A/cattle/Texas/24-008749-003/2024(H5N1)	1601	2271
PB2|PP755596.1|A/cattle/Texas/24-008749-003/2024(H5N1)	1602	2251
PB2|PP755596.1|A/cattle/Texas/24-008749-003/2024(H5N1)	1603	2270
PB2|PP755596.1|A/cattle/Texas/24-008749-003/2024(H5N1)	1604	2312
PB2|PP755596.1|A/cattle/Texas/24-008749-003/2024(H5N1)	1605	2282
PB2|PP755596.1|A/cattle/Texas/24-008749-003/2024(H5N1)	1606	2281
PB2|PP755596.1|A/cattle/Texas/24-008749-003/2024(H5N1)	1607	2217
PB2|PP755596.1|A/cattle/Texas/24-008749-003/2024(H5N1)	1608	2228
PB2|PP755596.1|A/cattle/Texas/24-008749-003/2024(H5N1)	1609	2006
PB2|PP755596.1|A/cattle/Texas/24-008749-003/2024(H5N1)	1610	1983
PB2|PP755596.1|A/cattle/Texas/24-008749-003/2024(H5N1)	1611	2058
PB2|PP755596.1|A/cattle/Texas/24-008749-003/2024(H5N1)	1612	2018
PB2|PP755596.1|A/cattle/Texas/24-008749-003/2024(H5N1)	1613	1923
PB2|PP755596.1|A/cattle/Texas/24-008749-003/2024(H5N1)	1614	1988
PB2|PP755596.1|A/cattle/Texas/24-008749-003/2024(H5N1)	1615	1963
PB2|PP755596.1|A/cattle/Texas/24-008749-003/2024(H5N1)	1616	1963
PB2|PP755596.1|A/cattle/Texas/24-008749-003/2024(H5N1)	1617	2015
PB2|PP755596.1|A/cattle/Texas/24-008749-003/2024(H5N1)	1618	2015
PB2|PP755596.1|A/cattle/Texas/24-008749-003/2024(H5N1)	1619	2045
PB2|PP755596.1|A/cattle/Texas/24-008749-003/2024(H5N1)	1620	2045
PB2|PP755596.1|A/cattle/Texas/24-008749-003/2024(H5N1)	1621	2068
PB2|PP755596.1|A/cattle/Texas/24-008749-003/2024(H5N1)	1622	2210
PB2|PP755596.1|A/cattle/Texas/24-008749-003/2024(H5N1)	1623	2199
PB2|PP755596.1|A/cattle/Texas/24-008749-003/2024(H5N1)	1624	2217
PB2|PP755596.1|A/cattle/Texas/24-008749-003/2024(H5N1)	1625	2215
PB2|PP755596.1|A/cattle/Texas/24-008749-003/2024(H5N1)	1626	2421
PB2|PP755596.1|A/cattle/Texas/24-008749-003/2024(H5N1)	1627	2457
PB2|PP755596.1|A/cattle/Texas/24-008749-003/2024(H5N1)	1628	2587
PB2|PP755596.1|A/cattle/Texas/24-008749-003/2024(H5N1)	1629	2587
PB2|PP755596.1|A/cattle/Texas/24-008749-003/2024(H5N1)	1630	2610
PB2|PP755596.1|A/cattle/Texas/24-008749-003/2024(H5N1)	1631	2604
PB2|PP755596.1|A/cattle/Texas/24-008749-003/2024(H5N1)	1632	2617
PB2|PP755596.1|A/cattle/Texas/24-008749-003/2024(H5N1)	1633	2804
PB2|PP755596.1|A/cattle/Texas/24-008749-003/2024(H5N1)	1634	2831
PB2|PP755596.1|A/cattle/Texas/24-008749-003/2024(H5N1)	1635	2835
PB2|PP755596.1|A/cattle/Texas/24-008749-003/2024(H5N1)	1636	2834
PB2|PP755596.1|A/cattle/Texas/24-008749-003/2024(H5N1)	1637	2828
PB2|PP755596.1|A/cattle/Texas/24-008749-003/2024(H5N1)	1638	3092
PB2|PP755596.1|A/cattle/Texas/24-008749-003/2024(H5N1)	1639	3125
PB2|PP755596.1|A/cattle/Texas/24-008749-003/2024(H5N1)	1640	3126
PB2|PP755596.1|A/cattle/Texas/24-008749-003/2024(H5N1)	1641	3125
PB2|PP755596.1|A/cattle/Texas/24-008749-003/2024(H5N1)	1642	3077
PB2|PP755596.1|A/cattle/Texas/24-008749-003/2024(H5N1)	1643	3309
PB2|PP755596.1|A/cattle/Texas/24-008749-003/2024(H5N1)	1644	3311
PB2|PP755596.1|A/cattle/Texas/24-008749-003/2024(H5N1)	1645	3352
PB2|PP755596.1|A/cattle/Texas/24-008749-003/2024(H5N1)	1646	3367
PB2|PP755596.1|A/cattle/Texas/24-008749-003/2024(H5N1)	1647	3274
PB2|PP755596.1|A/cattle/Texas/24-008749-003/2024(H5N1)	1648	3290
PB2|PP755596.1|A/cattle/Texas/24-008749-003/2024(H5N1)	1649	3291
PB2|PP755596.1|A/cattle/Texas/24-008749-003/2024(H5N1)	1650	3297
PB2|PP755596.1|A/cattle/Texas/24-008749-003/2024(H5N1)	1651	3297
PB2|PP755596.1|A/cattle/Texas/24-008749-003/2024(H5N1)	1652	3230
PB2|PP755596.1|A/cattle/Texas/24-008749-003/2024(H5N1)	1653	3255
PB2|PP755596.1|A/cattle/Texas/24-008749-003/2024(H5N1)	1654	3251
PB2|PP755596.1|A/cattle/Texas/24-008749-003/2024(H5N1)	1655	3251
PB2|PP755596.1|A/cattle/Texas/24-008749-003/2024(H5N1)	1656	3253
PB2|PP755596.1|A/cattle/Texas/24-008749-003/2024(H5N1)	1657	3252
PB2|PP755596.1|A/cattle/Texas/24-008749-003/2024(H5N1)	1658	3253
PB2|PP755596.1|A/cattle/Texas/24-008749-003/2024(H5N1)	1659	3256
PB2|PP755596.1|A/cattle/Texas/24-008749-003/2024(H5N1)	1660	3309
PB2|PP755596.1|A/cattle/Texas/24-008749-003/2024(H5N1)	1661	3307
PB2|PP755596.1|A/cattle/Texas/24-008749-003/2024(H5N1)	1662	3308
PB2|PP755596.1|A/cattle/Texas/24-008749-003/2024(H5N1)	1663	3301
PB2|PP755596.1|A/cattle/Texas/24-008749-003/2024(H5N1)	1664	3301
PB2|PP755596.1|A/cattle/Texas/24-008749-003/2024(H5N1)	1665	3302
PB2|PP755596.1|A/cattle/Texas/24-008749-003/2024(H5N1)	1666	3299
PB2|PP755596.1|A/cattle/Texas/24-008749-003/2024(H5N1)	1667	3301
PB2|PP755596.1|A/cattle/Texas/24-008749-003/2024(H5N1)	1668	3328
PB2|PP755596.1|A/cattle/Texas/24-008749-003/2024(H5N1)	1669	3297
PB2|PP755596.1|A/cattle/Texas/24-008749-003/2024(H5N1)	1670	3295
PB2|PP755596.1|A/cattle/Texas/24-008749-003/2024(H5N1)	1671	3296
PB2|PP755596.1|A/cattle/Texas/24-008749-003/2024(H5N1)	1672	3296
PB2|PP755596.1|A/cattle/Texas/24-008749-003/2024(H5N1)	1673	3296
PB2|PP755596.1|A/cattle/Texas/24-008749-003/2024(H5N1)	1674	3296
PB2|PP755596.1|A/cattle/Texas/24-008749-003/2024(H5N1)	1675	3291
PB2|PP755596.1|A/cattle/Texas/24-008749-003/2024(H5N1)	1676	3316
PB2|PP755596.1|A/cattle/Texas/24-008749-003/2024(H5N1)	1677	3290
PB2|PP755596.1|A/cattle/Texas/24-008749-003/2024(H5N1)	1678	3304
PB2|PP755596.1|A/cattle/Texas/24-008749-003/2024(H5N1)	1679	3301
PB2|PP755596.1|A/cattle/Texas/24-008749-003/2024(H5N1)	1680	3291
PB2|PP755596.1|A/cattle/Texas/24-008749-003/2024(H5N1)	1681	3299
PB2|PP755596.1|A/cattle/Texas/24-008749-003/2024(H5N1)	1682	3296
PB2|PP755596.1|A/cattle/Texas/24-008749-003/2024(H5N1)	1683	3296
PB2|PP755596.1|A/cattle/Texas/24-008749-003/2024(H5N1)	1684	3308
PB2|PP755596.1|A/cattle/Texas/24-008749-003/2024(H5N1)	1685	3292
PB2|PP755596.1|A/cattle/Texas/24-008749-003/2024(H5N1)	1686	3285
PB2|PP755596.1|A/cattle/Texas/24-008749-003/2024(H5N1)	1687	3277
PB2|PP755596.1|A/cattle/Texas/24-008749-003/2024(H5N1)	1688	3261
PB2|PP755596.1|A/cattle/Texas/24-008749-003/2024(H5N1)	1689	3261
PB2|PP755596.1|A/cattle/Texas/24-008749-003/2024(H5N1)	1690	3258
PB2|PP755596.1|A/cattle/Texas/24-008749-003/2024(H5N1)	1691	3302
PB2|PP755596.1|A/cattle/Texas/24-008749-003/2024(H5N1)	1692	3308
PB2|PP755596.1|A/cattle/Texas/24-008749-003/2024(H5N1)	1693	3321
PB2|PP755596.1|A/cattle/Texas/24-008749-003/2024(H5N1)	1694	3322
PB2|PP755596.1|A/cattle/Texas/24-008749-003/2024(H5N1)	1695	3321
PB2|PP755596.1|A/cattle/Texas/24-008749-003/2024(H5N1)	1696	3294
PB2|PP755596.1|A/cattle/Texas/24-008749-003/2024(H5N1)	1697	3275
PB2|PP755596.1|A/cattle/Texas/24-008749-003/2024(H5N1)	1698	3273
PB2|PP755596.1|A/cattle/Texas/24-008749-003/2024(H5N1)	1699	3270
PB2|PP755596.1|A/cattle/Texas/24-008749-003/2024(H5N1)	1700	3188
PB2|PP755596.1|A/cattle/Texas/24-008749-003/2024(H5N1)	1701	3159
PB2|PP755596.1|A/cattle/Texas/24-008749-003/2024(H5N1)	1702	3093
PB2|PP755596.1|A/cattle/Texas/24-008749-003/2024(H5N1)	1703	3130
PB2|PP755596.1|A/cattle/Texas/24-008749-003/2024(H5N1)	1704	3117
PB2|PP755596.1|A/cattle/Texas/24-008749-003/2024(H5N1)	1705	3113
PB2|PP755596.1|A/cattle/Texas/24-008749-003/2024(H5N1)	1706	3077
PB2|PP755596.1|A/cattle/Texas/24-008749-003/2024(H5N1)	1707	3046
PB2|PP755596.1|A/cattle/Texas/24-008749-003/2024(H5N1)	1708	3081
PB2|PP755596.1|A/cattle/Texas/24-008749-003/2024(H5N1)	1709	3068
PB2|PP755596.1|A/cattle/Texas/24-008749-003/2024(H5N1)	1710	3006
PB2|PP755596.1|A/cattle/Texas/24-008749-003/2024(H5N1)	1711	2973
PB2|PP755596.1|A/cattle/Texas/24-008749-003/2024(H5N1)	1712	2810
PB2|PP755596.1|A/cattle/Texas/24-008749-003/2024(H5N1)	1713	2775
PB2|PP755596.1|A/cattle/Texas/24-008749-003/2024(H5N1)	1714	2756
PB2|PP755596.1|A/cattle/Texas/24-008749-003/2024(H5N1)	1715	2739
PB2|PP755596.1|A/cattle/Texas/24-008749-003/2024(H5N1)	1716	2750
PB2|PP755596.1|A/cattle/Texas/24-008749-003/2024(H5N1)	1717	2661
PB2|PP755596.1|A/cattle/Texas/24-008749-003/2024(H5N1)	1718	2672
PB2|PP755596.1|A/cattle/Texas/24-008749-003/2024(H5N1)	1719	2521
PB2|PP755596.1|A/cattle/Texas/24-008749-003/2024(H5N1)	1720	2516
PB2|PP755596.1|A/cattle/Texas/24-008749-003/2024(H5N1)	1721	2509
PB2|PP755596.1|A/cattle/Texas/24-008749-003/2024(H5N1)	1722	2467
PB2|PP755596.1|A/cattle/Texas/24-008749-003/2024(H5N1)	1723	2461
PB2|PP755596.1|A/cattle/Texas/24-008749-003/2024(H5N1)	1724	2429
PB2|PP755596.1|A/cattle/Texas/24-008749-003/2024(H5N1)	1725	2421
PB2|PP755596.1|A/cattle/Texas/24-008749-003/2024(H5N1)	1726	2423
PB2|PP755596.1|A/cattle/Texas/24-008749-003/2024(H5N1)	1727	2411
PB2|PP755596.1|A/cattle/Texas/24-008749-003/2024(H5N1)	1728	2487
PB2|PP755596.1|A/cattle/Texas/24-008749-003/2024(H5N1)	1729	2466
PB2|PP755596.1|A/cattle/Texas/24-008749-003/2024(H5N1)	1730	2460
PB2|PP755596.1|A/cattle/Texas/24-008749-003/2024(H5N1)	1731	2414
PB2|PP755596.1|A/cattle/Texas/24-008749-003/2024(H5N1)	1732	2432
PB2|PP755596.1|A/cattle/Texas/24-008749-003/2024(H5N1)	1733	2493
PB2|PP755596.1|A/cattle/Texas/24-008749-003/2024(H5N1)	1734	2491
PB2|PP755596.1|A/cattle/Texas/24-008749-003/2024(H5N1)	1735	2483
PB2|PP755596.1|A/cattle/Texas/24-008749-003/2024(H5N1)	1736	2451
PB2|PP755596.1|A/cattle/Texas/24-008749-003/2024(H5N1)	1737	2556
PB2|PP755596.1|A/cattle/Texas/24-008749-003/2024(H5N1)	1738	2561
PB2|PP755596.1|A/cattle/Texas/24-008749-003/2024(H5N1)	1739	2566
PB2|PP755596.1|A/cattle/Texas/24-008749-003/2024(H5N1)	1740	2552
PB2|PP755596.1|A/cattle/Texas/24-008749-003/2024(H5N1)	1741	2546
PB2|PP755596.1|A/cattle/Texas/24-008749-003/2024(H5N1)	1742	2538
PB2|PP755596.1|A/cattle/Texas/24-008749-003/2024(H5N1)	1743	2543
PB2|PP755596.1|A/cattle/Texas/24-008749-003/2024(H5N1)	1744	2534
PB2|PP755596.1|A/cattle/Texas/24-008749-003/2024(H5N1)	1745	2558
PB2|PP755596.1|A/cattle/Texas/24-008749-003/2024(H5N1)	1746	2481
PB2|PP755596.1|A/cattle/Texas/24-008749-003/2024(H5N1)	1747	2460
PB2|PP755596.1|A/cattle/Texas/24-008749-003/2024(H5N1)	1748	2443
PB2|PP755596.1|A/cattle/Texas/24-008749-003/2024(H5N1)	1749	2449
PB2|PP755596.1|A/cattle/Texas/24-008749-003/2024(H5N1)	1750	2456
PB2|PP755596.1|A/cattle/Texas/24-008749-003/2024(H5N1)	1751	2428
PB2|PP755596.1|A/cattle/Texas/24-008749-003/2024(H5N1)	1752	2598
PB2|PP755596.1|A/cattle/Texas/24-008749-003/2024(H5N1)	1753	2586
PB2|PP755596.1|A/cattle/Texas/24-008749-003/2024(H5N1)	1754	2536
PB2|PP755596.1|A/cattle/Texas/24-008749-003/2024(H5N1)	1755	2534
PB2|PP755596.1|A/cattle/Texas/24-008749-003/2024(H5N1)	1756	2520
PB2|PP755596.1|A/cattle/Texas/24-008749-003/2024(H5N1)	1757	2518
PB2|PP755596.1|A/cattle/Texas/24-008749-003/2024(H5N1)	1758	2508
PB2|PP755596.1|A/cattle/Texas/24-008749-003/2024(H5N1)	1759	2496
PB2|PP755596.1|A/cattle/Texas/24-008749-003/2024(H5N1)	1760	2473
PB2|PP755596.1|A/cattle/Texas/24-008749-003/2024(H5N1)	1761	2292
PB2|PP755596.1|A/cattle/Texas/24-008749-003/2024(H5N1)	1762	2309
PB2|PP755596.1|A/cattle/Texas/24-008749-003/2024(H5N1)	1763	2315
PB2|PP755596.1|A/cattle/Texas/24-008749-003/2024(H5N1)	1764	2296
PB2|PP755596.1|A/cattle/Texas/24-008749-003/2024(H5N1)	1765	2294
PB2|PP755596.1|A/cattle/Texas/24-008749-003/2024(H5N1)	1766	2330
PB2|PP755596.1|A/cattle/Texas/24-008749-003/2024(H5N1)	1767	2340
PB2|PP755596.1|A/cattle/Texas/24-008749-003/2024(H5N1)	1768	2609
PB2|PP755596.1|A/cattle/Texas/24-008749-003/2024(H5N1)	1769	2625
PB2|PP755596.1|A/cattle/Texas/24-008749-003/2024(H5N1)	1770	2610
PB2|PP755596.1|A/cattle/Texas/24-008749-003/2024(H5N1)	1771	2577
PB2|PP755596.1|A/cattle/Texas/24-008749-003/2024(H5N1)	1772	2565
PB2|PP755596.1|A/cattle/Texas/24-008749-003/2024(H5N1)	1773	2591
PB2|PP755596.1|A/cattle/Texas/24-008749-003/2024(H5N1)	1774	2601
PB2|PP755596.1|A/cattle/Texas/24-008749-003/2024(H5N1)	1775	2559
PB2|PP755596.1|A/cattle/Texas/24-008749-003/2024(H5N1)	1776	2567
PB2|PP755596.1|A/cattle/Texas/24-008749-003/2024(H5N1)	1777	1854
PB2|PP755596.1|A/cattle/Texas/24-008749-003/2024(H5N1)	1778	1856
PB2|PP755596.1|A/cattle/Texas/24-008749-003/2024(H5N1)	1779	1831
PB2|PP755596.1|A/cattle/Texas/24-008749-003/2024(H5N1)	1780	1823
PB2|PP755596.1|A/cattle/Texas/24-008749-003/2024(H5N1)	1781	1819
PB2|PP755596.1|A/cattle/Texas/24-008749-003/2024(H5N1)	1782	1654
PB2|PP755596.1|A/cattle/Texas/24-008749-003/2024(H5N1)	1783	1583
PB2|PP755596.1|A/cattle/Texas/24-008749-003/2024(H5N1)	1784	1563
PB2|PP755596.1|A/cattle/Texas/24-008749-003/2024(H5N1)	1785	1527
PB2|PP755596.1|A/cattle/Texas/24-008749-003/2024(H5N1)	1786	1534
PB2|PP755596.1|A/cattle/Texas/24-008749-003/2024(H5N1)	1787	1501
PB2|PP755596.1|A/cattle/Texas/24-008749-003/2024(H5N1)	1788	1509
PB2|PP755596.1|A/cattle/Texas/24-008749-003/2024(H5N1)	1789	1452
PB2|PP755596.1|A/cattle/Texas/24-008749-003/2024(H5N1)	1790	1468
PB2|PP755596.1|A/cattle/Texas/24-008749-003/2024(H5N1)	1791	1473
PB2|PP755596.1|A/cattle/Texas/24-008749-003/2024(H5N1)	1792	1518
PB2|PP755596.1|A/cattle/Texas/24-008749-003/2024(H5N1)	1793	1543
PB2|PP755596.1|A/cattle/Texas/24-008749-003/2024(H5N1)	1794	1543
PB2|PP755596.1|A/cattle/Texas/24-008749-003/2024(H5N1)	1795	1642
PB2|PP755596.1|A/cattle/Texas/24-008749-003/2024(H5N1)	1796	1642
PB2|PP755596.1|A/cattle/Texas/24-008749-003/2024(H5N1)	1797	1672
PB2|PP755596.1|A/cattle/Texas/24-008749-003/2024(H5N1)	1798	1673
PB2|PP755596.1|A/cattle/Texas/24-008749-003/2024(H5N1)	1799	1685
PB2|PP755596.1|A/cattle/Texas/24-008749-003/2024(H5N1)	1800	1688
PB2|PP755596.1|A/cattle/Texas/24-008749-003/2024(H5N1)	1801	1698
PB2|PP755596.1|A/cattle/Texas/24-008749-003/2024(H5N1)	1802	1684
PB2|PP755596.1|A/cattle/Texas/24-008749-003/2024(H5N1)	1803	1690
PB2|PP755596.1|A/cattle/Texas/24-008749-003/2024(H5N1)	1804	1709
PB2|PP755596.1|A/cattle/Texas/24-008749-003/2024(H5N1)	1805	1693
PB2|PP755596.1|A/cattle/Texas/24-008749-003/2024(H5N1)	1806	1687
PB2|PP755596.1|A/cattle/Texas/24-008749-003/2024(H5N1)	1807	1687
PB2|PP755596.1|A/cattle/Texas/24-008749-003/2024(H5N1)	1808	1737
PB2|PP755596.1|A/cattle/Texas/24-008749-003/2024(H5N1)	1809	1739
PB2|PP755596.1|A/cattle/Texas/24-008749-003/2024(H5N1)	1810	1740
PB2|PP755596.1|A/cattle/Texas/24-008749-003/2024(H5N1)	1811	1757
PB2|PP755596.1|A/cattle/Texas/24-008749-003/2024(H5N1)	1812	1775
PB2|PP755596.1|A/cattle/Texas/24-008749-003/2024(H5N1)	1813	1818
PB2|PP755596.1|A/cattle/Texas/24-008749-003/2024(H5N1)	1814	1902
PB2|PP755596.1|A/cattle/Texas/24-008749-003/2024(H5N1)	1815	1900
PB2|PP755596.1|A/cattle/Texas/24-008749-003/2024(H5N1)	1816	1906
PB2|PP755596.1|A/cattle/Texas/24-008749-003/2024(H5N1)	1817	1899
PB2|PP755596.1|A/cattle/Texas/24-008749-003/2024(H5N1)	1818	1930
PB2|PP755596.1|A/cattle/Texas/24-008749-003/2024(H5N1)	1819	1928
PB2|PP755596.1|A/cattle/Texas/24-008749-003/2024(H5N1)	1820	1923
PB2|PP755596.1|A/cattle/Texas/24-008749-003/2024(H5N1)	1821	1923
PB2|PP755596.1|A/cattle/Texas/24-008749-003/2024(H5N1)	1822	1924
PB2|PP755596.1|A/cattle/Texas/24-008749-003/2024(H5N1)	1823	1941
PB2|PP755596.1|A/cattle/Texas/24-008749-003/2024(H5N1)	1824	1940
PB2|PP755596.1|A/cattle/Texas/24-008749-003/2024(H5N1)	1825	1944
PB2|PP755596.1|A/cattle/Texas/24-008749-003/2024(H5N1)	1826	1964
PB2|PP755596.1|A/cattle/Texas/24-008749-003/2024(H5N1)	1827	2013
PB2|PP755596.1|A/cattle/Texas/24-008749-003/2024(H5N1)	1828	2011
PB2|PP755596.1|A/cattle/Texas/24-008749-003/2024(H5N1)	1829	2011
PB2|PP755596.1|A/cattle/Texas/24-008749-003/2024(H5N1)	1830	2011
PB2|PP755596.1|A/cattle/Texas/24-008749-003/2024(H5N1)	1831	2012
PB2|PP755596.1|A/cattle/Texas/24-008749-003/2024(H5N1)	1832	2009
PB2|PP755596.1|A/cattle/Texas/24-008749-003/2024(H5N1)	1833	2009
PB2|PP755596.1|A/cattle/Texas/24-008749-003/2024(H5N1)	1834	2005
PB2|PP755596.1|A/cattle/Texas/24-008749-003/2024(H5N1)	1835	2015
PB2|PP755596.1|A/cattle/Texas/24-008749-003/2024(H5N1)	1836	1971
PB2|PP755596.1|A/cattle/Texas/24-008749-003/2024(H5N1)	1837	2074
PB2|PP755596.1|A/cattle/Texas/24-008749-003/2024(H5N1)	1838	2070
PB2|PP755596.1|A/cattle/Texas/24-008749-003/2024(H5N1)	1839	2073
PB2|PP755596.1|A/cattle/Texas/24-008749-003/2024(H5N1)	1840	2075
PB2|PP755596.1|A/cattle/Texas/24-008749-003/2024(H5N1)	1841	2070
PB2|PP755596.1|A/cattle/Texas/24-008749-003/2024(H5N1)	1842	2075
PB2|PP755596.1|A/cattle/Texas/24-008749-003/2024(H5N1)	1843	2074
PB2|PP755596.1|A/cattle/Texas/24-008749-003/2024(H5N1)	1844	2079
PB2|PP755596.1|A/cattle/Texas/24-008749-003/2024(H5N1)	1845	2076
PB2|PP755596.1|A/cattle/Texas/24-008749-003/2024(H5N1)	1846	2052
PB2|PP755596.1|A/cattle/Texas/24-008749-003/2024(H5N1)	1847	2055
PB2|PP755596.1|A/cattle/Texas/24-008749-003/2024(H5N1)	1848	2057
PB2|PP755596.1|A/cattle/Texas/24-008749-003/2024(H5N1)	1849	2061
PB2|PP755596.1|A/cattle/Texas/24-008749-003/2024(H5N1)	1850	2062
PB2|PP755596.1|A/cattle/Texas/24-008749-003/2024(H5N1)	1851	2058
PB2|PP755596.1|A/cattle/Texas/24-008749-003/2024(H5N1)	1852	2075
PB2|PP755596.1|A/cattle/Texas/24-008749-003/2024(H5N1)	1853	2046
PB2|PP755596.1|A/cattle/Texas/24-008749-003/2024(H5N1)	1854	2044
PB2|PP755596.1|A/cattle/Texas/24-008749-003/2024(H5N1)	1855	2043
PB2|PP755596.1|A/cattle/Texas/24-008749-003/2024(H5N1)	1856	2044
PB2|PP755596.1|A/cattle/Texas/24-008749-003/2024(H5N1)	1857	2053
PB2|PP755596.1|A/cattle/Texas/24-008749-003/2024(H5N1)	1858	2051
PB2|PP755596.1|A/cattle/Texas/24-008749-003/2024(H5N1)	1859	2063
PB2|PP755596.1|A/cattle/Texas/24-008749-003/2024(H5N1)	1860	2070
PB2|PP755596.1|A/cattle/Texas/24-008749-003/2024(H5N1)	1861	2045
PB2|PP755596.1|A/cattle/Texas/24-008749-003/2024(H5N1)	1862	2047
PB2|PP755596.1|A/cattle/Texas/24-008749-003/2024(H5N1)	1863	2044
PB2|PP755596.1|A/cattle/Texas/24-008749-003/2024(H5N1)	1864	2043
PB2|PP755596.1|A/cattle/Texas/24-008749-003/2024(H5N1)	1865	2048
PB2|PP755596.1|A/cattle/Texas/24-008749-003/2024(H5N1)	1866	2030
PB2|PP755596.1|A/cattle/Texas/24-008749-003/2024(H5N1)	1867	2031
PB2|PP755596.1|A/cattle/Texas/24-008749-003/2024(H5N1)	1868	2020
PB2|PP755596.1|A/cattle/Texas/24-008749-003/2024(H5N1)	1869	2013
PB2|PP755596.1|A/cattle/Texas/24-008749-003/2024(H5N1)	1870	2019
PB2|PP755596.1|A/cattle/Texas/24-008749-003/2024(H5N1)	1871	2015
PB2|PP755596.1|A/cattle/Texas/24-008749-003/2024(H5N1)	1872	2018
PB2|PP755596.1|A/cattle/Texas/24-008749-003/2024(H5N1)	1873	2017
PB2|PP755596.1|A/cattle/Texas/24-008749-003/2024(H5N1)	1874	2004
PB2|PP755596.1|A/cattle/Texas/24-008749-003/2024(H5N1)	1875	2001
PB2|PP755596.1|A/cattle/Texas/24-008749-003/2024(H5N1)	1876	1991
PB2|PP755596.1|A/cattle/Texas/24-008749-003/2024(H5N1)	1877	1982
PB2|PP755596.1|A/cattle/Texas/24-008749-003/2024(H5N1)	1878	1978
PB2|PP755596.1|A/cattle/Texas/24-008749-003/2024(H5N1)	1879	1965
PB2|PP755596.1|A/cattle/Texas/24-008749-003/2024(H5N1)	1880	1960
PB2|PP755596.1|A/cattle/Texas/24-008749-003/2024(H5N1)	1881	1965
PB2|PP755596.1|A/cattle/Texas/24-008749-003/2024(H5N1)	1882	1955
PB2|PP755596.1|A/cattle/Texas/24-008749-003/2024(H5N1)	1883	1946
PB2|PP755596.1|A/cattle/Texas/24-008749-003/2024(H5N1)	1884	1923
PB2|PP755596.1|A/cattle/Texas/24-008749-003/2024(H5N1)	1885	1920
PB2|PP755596.1|A/cattle/Texas/24-008749-003/2024(H5N1)	1886	1912
PB2|PP755596.1|A/cattle/Texas/24-008749-003/2024(H5N1)	1887	1912
PB2|PP755596.1|A/cattle/Texas/24-008749-003/2024(H5N1)	1888	1764
PB2|PP755596.1|A/cattle/Texas/24-008749-003/2024(H5N1)	1889	1750
PB2|PP755596.1|A/cattle/Texas/24-008749-003/2024(H5N1)	1890	1742
PB2|PP755596.1|A/cattle/Texas/24-008749-003/2024(H5N1)	1891	1752
PB2|PP755596.1|A/cattle/Texas/24-008749-003/2024(H5N1)	1892	1736
PB2|PP755596.1|A/cattle/Texas/24-008749-003/2024(H5N1)	1893	1727
PB2|PP755596.1|A/cattle/Texas/24-008749-003/2024(H5N1)	1894	1730
PB2|PP755596.1|A/cattle/Texas/24-008749-003/2024(H5N1)	1895	1701
PB2|PP755596.1|A/cattle/Texas/24-008749-003/2024(H5N1)	1896	1703
PB2|PP755596.1|A/cattle/Texas/24-008749-003/2024(H5N1)	1897	1703
PB2|PP755596.1|A/cattle/Texas/24-008749-003/2024(H5N1)	1898	1749
PB2|PP755596.1|A/cattle/Texas/24-008749-003/2024(H5N1)	1899	1756
PB2|PP755596.1|A/cattle/Texas/24-008749-003/2024(H5N1)	1900	1720
PB2|PP755596.1|A/cattle/Texas/24-008749-003/2024(H5N1)	1901	1789
PB2|PP755596.1|A/cattle/Texas/24-008749-003/2024(H5N1)	1902	1753
PB2|PP755596.1|A/cattle/Texas/24-008749-003/2024(H5N1)	1903	1718
PB2|PP755596.1|A/cattle/Texas/24-008749-003/2024(H5N1)	1904	1864
PB2|PP755596.1|A/cattle/Texas/24-008749-003/2024(H5N1)	1905	1842
PB2|PP755596.1|A/cattle/Texas/24-008749-003/2024(H5N1)	1906	1866
PB2|PP755596.1|A/cattle/Texas/24-008749-003/2024(H5N1)	1907	1840
PB2|PP755596.1|A/cattle/Texas/24-008749-003/2024(H5N1)	1908	1941
PB2|PP755596.1|A/cattle/Texas/24-008749-003/2024(H5N1)	1909	1955
PB2|PP755596.1|A/cattle/Texas/24-008749-003/2024(H5N1)	1910	2080
PB2|PP755596.1|A/cattle/Texas/24-008749-003/2024(H5N1)	1911	2066
PB2|PP755596.1|A/cattle/Texas/24-008749-003/2024(H5N1)	1912	2195
PB2|PP755596.1|A/cattle/Texas/24-008749-003/2024(H5N1)	1913	2152
PB2|PP755596.1|A/cattle/Texas/24-008749-003/2024(H5N1)	1914	2271
PB2|PP755596.1|A/cattle/Texas/24-008749-003/2024(H5N1)	1915	2265
PB2|PP755596.1|A/cattle/Texas/24-008749-003/2024(H5N1)	1916	2287
PB2|PP755596.1|A/cattle/Texas/24-008749-003/2024(H5N1)	1917	2277
PB2|PP755596.1|A/cattle/Texas/24-008749-003/2024(H5N1)	1918	2278
PB2|PP755596.1|A/cattle/Texas/24-008749-003/2024(H5N1)	1919	2127
PB2|PP755596.1|A/cattle/Texas/24-008749-003/2024(H5N1)	1920	2140
PB2|PP755596.1|A/cattle/Texas/24-008749-003/2024(H5N1)	1921	2111
PB2|PP755596.1|A/cattle/Texas/24-008749-003/2024(H5N1)	1922	2126
PB2|PP755596.1|A/cattle/Texas/24-008749-003/2024(H5N1)	1923	2107
PB2|PP755596.1|A/cattle/Texas/24-008749-003/2024(H5N1)	1924	2594
PB2|PP755596.1|A/cattle/Texas/24-008749-003/2024(H5N1)	1925	2808
PB2|PP755596.1|A/cattle/Texas/24-008749-003/2024(H5N1)	1926	2835
PB2|PP755596.1|A/cattle/Texas/24-008749-003/2024(H5N1)	1927	2854
PB2|PP755596.1|A/cattle/Texas/24-008749-003/2024(H5N1)	1928	2867
PB2|PP755596.1|A/cattle/Texas/24-008749-003/2024(H5N1)	1929	2868
PB2|PP755596.1|A/cattle/Texas/24-008749-003/2024(H5N1)	1930	2979
PB2|PP755596.1|A/cattle/Texas/24-008749-003/2024(H5N1)	1931	2991
PB2|PP755596.1|A/cattle/Texas/24-008749-003/2024(H5N1)	1932	2992
PB2|PP755596.1|A/cattle/Texas/24-008749-003/2024(H5N1)	1933	2994
PB2|PP755596.1|A/cattle/Texas/24-008749-003/2024(H5N1)	1934	2974
PB2|PP755596.1|A/cattle/Texas/24-008749-003/2024(H5N1)	1935	2995
PB2|PP755596.1|A/cattle/Texas/24-008749-003/2024(H5N1)	1936	2957
PB2|PP755596.1|A/cattle/Texas/24-008749-003/2024(H5N1)	1937	2985
PB2|PP755596.1|A/cattle/Texas/24-008749-003/2024(H5N1)	1938	2984
PB2|PP755596.1|A/cattle/Texas/24-008749-003/2024(H5N1)	1939	2924
PB2|PP755596.1|A/cattle/Texas/24-008749-003/2024(H5N1)	1940	2926
PB2|PP755596.1|A/cattle/Texas/24-008749-003/2024(H5N1)	1941	2939
PB2|PP755596.1|A/cattle/Texas/24-008749-003/2024(H5N1)	1942	2930
PB2|PP755596.1|A/cattle/Texas/24-008749-003/2024(H5N1)	1943	2843
PB2|PP755596.1|A/cattle/Texas/24-008749-003/2024(H5N1)	1944	2901
PB2|PP755596.1|A/cattle/Texas/24-008749-003/2024(H5N1)	1945	2901
PB2|PP755596.1|A/cattle/Texas/24-008749-003/2024(H5N1)	1946	2864
PB2|PP755596.1|A/cattle/Texas/24-008749-003/2024(H5N1)	1947	2866
PB2|PP755596.1|A/cattle/Texas/24-008749-003/2024(H5N1)	1948	2833
PB2|PP755596.1|A/cattle/Texas/24-008749-003/2024(H5N1)	1949	2847
PB2|PP755596.1|A/cattle/Texas/24-008749-003/2024(H5N1)	1950	2841
PB2|PP755596.1|A/cattle/Texas/24-008749-003/2024(H5N1)	1951	2842
PB2|PP755596.1|A/cattle/Texas/24-008749-003/2024(H5N1)	1952	2843
PB2|PP755596.1|A/cattle/Texas/24-008749-003/2024(H5N1)	1953	2801
PB2|PP755596.1|A/cattle/Texas/24-008749-003/2024(H5N1)	1954	2790
PB2|PP755596.1|A/cattle/Texas/24-008749-003/2024(H5N1)	1955	2896
PB2|PP755596.1|A/cattle/Texas/24-008749-003/2024(H5N1)	1956	2914
PB2|PP755596.1|A/cattle/Texas/24-008749-003/2024(H5N1)	1957	2926
PB2|PP755596.1|A/cattle/Texas/24-008749-003/2024(H5N1)	1958	2969
PB2|PP755596.1|A/cattle/Texas/24-008749-003/2024(H5N1)	1959	2938
PB2|PP755596.1|A/cattle/Texas/24-008749-003/2024(H5N1)	1960	2972
PB2|PP755596.1|A/cattle/Texas/24-008749-003/2024(H5N1)	1961	2971
PB2|PP755596.1|A/cattle/Texas/24-008749-003/2024(H5N1)	1962	2896
PB2|PP755596.1|A/cattle/Texas/24-008749-003/2024(H5N1)	1963	2926
PB2|PP755596.1|A/cattle/Texas/24-008749-003/2024(H5N1)	1964	2696
PB2|PP755596.1|A/cattle/Texas/24-008749-003/2024(H5N1)	1965	2765
PB2|PP755596.1|A/cattle/Texas/24-008749-003/2024(H5N1)	1966	2811
PB2|PP755596.1|A/cattle/Texas/24-008749-003/2024(H5N1)	1967	2854
PB2|PP755596.1|A/cattle/Texas/24-008749-003/2024(H5N1)	1968	2875
PB2|PP755596.1|A/cattle/Texas/24-008749-003/2024(H5N1)	1969	2874
PB2|PP755596.1|A/cattle/Texas/24-008749-003/2024(H5N1)	1970	2906
PB2|PP755596.1|A/cattle/Texas/24-008749-003/2024(H5N1)	1971	2915
PB2|PP755596.1|A/cattle/Texas/24-008749-003/2024(H5N1)	1972	3341
PB2|PP755596.1|A/cattle/Texas/24-008749-003/2024(H5N1)	1973	3342
PB2|PP755596.1|A/cattle/Texas/24-008749-003/2024(H5N1)	1974	3351
PB2|PP755596.1|A/cattle/Texas/24-008749-003/2024(H5N1)	1975	3347
PB2|PP755596.1|A/cattle/Texas/24-008749-003/2024(H5N1)	1976	3353
PB2|PP755596.1|A/cattle/Texas/24-008749-003/2024(H5N1)	1977	3474
PB2|PP755596.1|A/cattle/Texas/24-008749-003/2024(H5N1)	1978	3483
PB2|PP755596.1|A/cattle/Texas/24-008749-003/2024(H5N1)	1979	3479
PB2|PP755596.1|A/cattle/Texas/24-008749-003/2024(H5N1)	1980	3492
PB2|PP755596.1|A/cattle/Texas/24-008749-003/2024(H5N1)	1981	3535
PB2|PP755596.1|A/cattle/Texas/24-008749-003/2024(H5N1)	1982	3615
PB2|PP755596.1|A/cattle/Texas/24-008749-003/2024(H5N1)	1983	3625
PB2|PP755596.1|A/cattle/Texas/24-008749-003/2024(H5N1)	1984	3703
PB2|PP755596.1|A/cattle/Texas/24-008749-003/2024(H5N1)	1985	3734
PB2|PP755596.1|A/cattle/Texas/24-008749-003/2024(H5N1)	1986	3733
PB2|PP755596.1|A/cattle/Texas/24-008749-003/2024(H5N1)	1987	3821
PB2|PP755596.1|A/cattle/Texas/24-008749-003/2024(H5N1)	1988	3820
PB2|PP755596.1|A/cattle/Texas/24-008749-003/2024(H5N1)	1989	3832
PB2|PP755596.1|A/cattle/Texas/24-008749-003/2024(H5N1)	1990	3818
PB2|PP755596.1|A/cattle/Texas/24-008749-003/2024(H5N1)	1991	3872
PB2|PP755596.1|A/cattle/Texas/24-008749-003/2024(H5N1)	1992	3875
PB2|PP755596.1|A/cattle/Texas/24-008749-003/2024(H5N1)	1993	3866
PB2|PP755596.1|A/cattle/Texas/24-008749-003/2024(H5N1)	1994	3867
PB2|PP755596.1|A/cattle/Texas/24-008749-003/2024(H5N1)	1995	3859
PB2|PP755596.1|A/cattle/Texas/24-008749-003/2024(H5N1)	1996	3859
PB2|PP755596.1|A/cattle/Texas/24-008749-003/2024(H5N1)	1997	3878
PB2|PP755596.1|A/cattle/Texas/24-008749-003/2024(H5N1)	1998	3875
PB2|PP755596.1|A/cattle/Texas/24-008749-003/2024(H5N1)	1999	3969
PB2|PP755596.1|A/cattle/Texas/24-008749-003/2024(H5N1)	2000	3958
PB2|PP755596.1|A/cattle/Texas/24-008749-003/2024(H5N1)	2001	3998
PB2|PP755596.1|A/cattle/Texas/24-008749-003/2024(H5N1)	2002	4017
PB2|PP755596.1|A/cattle/Texas/24-008749-003/2024(H5N1)	2003	4017
PB2|PP755596.1|A/cattle/Texas/24-008749-003/2024(H5N1)	2004	4016
PB2|PP755596.1|A/cattle/Texas/24-008749-003/2024(H5N1)	2005	4007
PB2|PP755596.1|A/cattle/Texas/24-008749-003/2024(H5N1)	2006	4023
PB2|PP755596.1|A/cattle/Texas/24-008749-003/2024(H5N1)	2007	4025
PB2|PP755596.1|A/cattle/Texas/24-008749-003/2024(H5N1)	2008	3966
PB2|PP755596.1|A/cattle/Texas/24-008749-003/2024(H5N1)	2009	3967
PB2|PP755596.1|A/cattle/Texas/24-008749-003/2024(H5N1)	2010	3967
PB2|PP755596.1|A/cattle/Texas/24-008749-003/2024(H5N1)	2011	3972
PB2|PP755596.1|A/cattle/Texas/24-008749-003/2024(H5N1)	2012	3982
PB2|PP755596.1|A/cattle/Texas/24-008749-003/2024(H5N1)	2013	3985
PB2|PP755596.1|A/cattle/Texas/24-008749-003/2024(H5N1)	2014	3990
PB2|PP755596.1|A/cattle/Texas/24-008749-003/2024(H5N1)	2015	4007
PB2|PP755596.1|A/cattle/Texas/24-008749-003/2024(H5N1)	2016	4000
PB2|PP755596.1|A/cattle/Texas/24-008749-003/2024(H5N1)	2017	4008
PB2|PP755596.1|A/cattle/Texas/24-008749-003/2024(H5N1)	2018	4006
PB2|PP755596.1|A/cattle/Texas/24-008749-003/2024(H5N1)	2019	4000
PB2|PP755596.1|A/cattle/Texas/24-008749-003/2024(H5N1)	2020	3998
PB2|PP755596.1|A/cattle/Texas/24-008749-003/2024(H5N1)	2021	3995
PB2|PP755596.1|A/cattle/Texas/24-008749-003/2024(H5N1)	2022	3993
PB2|PP755596.1|A/cattle/Texas/24-008749-003/2024(H5N1)	2023	3996
PB2|PP755596.1|A/cattle/Texas/24-008749-003/2024(H5N1)	2024	3983
PB2|PP755596.1|A/cattle/Texas/24-008749-003/2024(H5N1)	2025	3993
PB2|PP755596.1|A/cattle/Texas/24-008749-003/2024(H5N1)	2026	3990
PB2|PP755596.1|A/cattle/Texas/24-008749-003/2024(H5N1)	2027	3991
PB2|PP755596.1|A/cattle/Texas/24-008749-003/2024(H5N1)	2028	3992
PB2|PP755596.1|A/cattle/Texas/24-008749-003/2024(H5N1)	2029	3985
PB2|PP755596.1|A/cattle/Texas/24-008749-003/2024(H5N1)	2030	3985
PB2|PP755596.1|A/cattle/Texas/24-008749-003/2024(H5N1)	2031	3987
PB2|PP755596.1|A/cattle/Texas/24-008749-003/2024(H5N1)	2032	3997
PB2|PP755596.1|A/cattle/Texas/24-008749-003/2024(H5N1)	2033	4068
PB2|PP755596.1|A/cattle/Texas/24-008749-003/2024(H5N1)	2034	4055
PB2|PP755596.1|A/cattle/Texas/24-008749-003/2024(H5N1)	2035	4057
PB2|PP755596.1|A/cattle/Texas/24-008749-003/2024(H5N1)	2036	4063
PB2|PP755596.1|A/cattle/Texas/24-008749-003/2024(H5N1)	2037	4076
PB2|PP755596.1|A/cattle/Texas/24-008749-003/2024(H5N1)	2038	4206
PB2|PP755596.1|A/cattle/Texas/24-008749-003/2024(H5N1)	2039	4219
PB2|PP755596.1|A/cattle/Texas/24-008749-003/2024(H5N1)	2040	4245
PB2|PP755596.1|A/cattle/Texas/24-008749-003/2024(H5N1)	2041	4240
PB2|PP755596.1|A/cattle/Texas/24-008749-003/2024(H5N1)	2042	4188
PB2|PP755596.1|A/cattle/Texas/24-008749-003/2024(H5N1)	2043	4249
PB2|PP755596.1|A/cattle/Texas/24-008749-003/2024(H5N1)	2044	4305
PB2|PP755596.1|A/cattle/Texas/24-008749-003/2024(H5N1)	2045	4341
PB2|PP755596.1|A/cattle/Texas/24-008749-003/2024(H5N1)	2046	4349
PB2|PP755596.1|A/cattle/Texas/24-008749-003/2024(H5N1)	2047	4286
PB2|PP755596.1|A/cattle/Texas/24-008749-003/2024(H5N1)	2048	4496
PB2|PP755596.1|A/cattle/Texas/24-008749-003/2024(H5N1)	2049	4471
PB2|PP755596.1|A/cattle/Texas/24-008749-003/2024(H5N1)	2050	4630
PB2|PP755596.1|A/cattle/Texas/24-008749-003/2024(H5N1)	2051	4652
PB2|PP755596.1|A/cattle/Texas/24-008749-003/2024(H5N1)	2052	4619
PB2|PP755596.1|A/cattle/Texas/24-008749-003/2024(H5N1)	2053	4897
PB2|PP755596.1|A/cattle/Texas/24-008749-003/2024(H5N1)	2054	4958
PB2|PP755596.1|A/cattle/Texas/24-008749-003/2024(H5N1)	2055	4909
PB2|PP755596.1|A/cattle/Texas/24-008749-003/2024(H5N1)	2056	4914
PB2|PP755596.1|A/cattle/Texas/24-008749-003/2024(H5N1)	2057	4851
PB2|PP755596.1|A/cattle/Texas/24-008749-003/2024(H5N1)	2058	4899
PB2|PP755596.1|A/cattle/Texas/24-008749-003/2024(H5N1)	2059	4863
PB2|PP755596.1|A/cattle/Texas/24-008749-003/2024(H5N1)	2060	4829
PB2|PP755596.1|A/cattle/Texas/24-008749-003/2024(H5N1)	2061	4759
PB2|PP755596.1|A/cattle/Texas/24-008749-003/2024(H5N1)	2062	4655
PB2|PP755596.1|A/cattle/Texas/24-008749-003/2024(H5N1)	2063	4580
PB2|PP755596.1|A/cattle/Texas/24-008749-003/2024(H5N1)	2064	4567
PB2|PP755596.1|A/cattle/Texas/24-008749-003/2024(H5N1)	2065	4581
PB2|PP755596.1|A/cattle/Texas/24-008749-003/2024(H5N1)	2066	4557
PB2|PP755596.1|A/cattle/Texas/24-008749-003/2024(H5N1)	2067	4527
PB2|PP755596.1|A/cattle/Texas/24-008749-003/2024(H5N1)	2068	4851
PB2|PP755596.1|A/cattle/Texas/24-008749-003/2024(H5N1)	2069	4823
PB2|PP755596.1|A/cattle/Texas/24-008749-003/2024(H5N1)	2070	4842
PB2|PP755596.1|A/cattle/Texas/24-008749-003/2024(H5N1)	2071	4833
PB2|PP755596.1|A/cattle/Texas/24-008749-003/2024(H5N1)	2072	4833
PB2|PP755596.1|A/cattle/Texas/24-008749-003/2024(H5N1)	2073	4836
PB2|PP755596.1|A/cattle/Texas/24-008749-003/2024(H5N1)	2074	4820
PB2|PP755596.1|A/cattle/Texas/24-008749-003/2024(H5N1)	2075	4492
PB2|PP755596.1|A/cattle/Texas/24-008749-003/2024(H5N1)	2076	4368
PB2|PP755596.1|A/cattle/Texas/24-008749-003/2024(H5N1)	2077	4312
PB2|PP755596.1|A/cattle/Texas/24-008749-003/2024(H5N1)	2078	4282
PB2|PP755596.1|A/cattle/Texas/24-008749-003/2024(H5N1)	2079	4296
PB2|PP755596.1|A/cattle/Texas/24-008749-003/2024(H5N1)	2080	4450
PB2|PP755596.1|A/cattle/Texas/24-008749-003/2024(H5N1)	2081	4420
PB2|PP755596.1|A/cattle/Texas/24-008749-003/2024(H5N1)	2082	4457
PB2|PP755596.1|A/cattle/Texas/24-008749-003/2024(H5N1)	2083	4407
PB2|PP755596.1|A/cattle/Texas/24-008749-003/2024(H5N1)	2084	4402
PB2|PP755596.1|A/cattle/Texas/24-008749-003/2024(H5N1)	2085	4414
PB2|PP755596.1|A/cattle/Texas/24-008749-003/2024(H5N1)	2086	4419
PB2|PP755596.1|A/cattle/Texas/24-008749-003/2024(H5N1)	2087	4408
PB2|PP755596.1|A/cattle/Texas/24-008749-003/2024(H5N1)	2088	4457
PB2|PP755596.1|A/cattle/Texas/24-008749-003/2024(H5N1)	2089	4460
PB2|PP755596.1|A/cattle/Texas/24-008749-003/2024(H5N1)	2090	4441
PB2|PP755596.1|A/cattle/Texas/24-008749-003/2024(H5N1)	2091	4461
PB2|PP755596.1|A/cattle/Texas/24-008749-003/2024(H5N1)	2092	4455
PB2|PP755596.1|A/cattle/Texas/24-008749-003/2024(H5N1)	2093	4461
PB2|PP755596.1|A/cattle/Texas/24-008749-003/2024(H5N1)	2094	4431
PB2|PP755596.1|A/cattle/Texas/24-008749-003/2024(H5N1)	2095	4424
PB2|PP755596.1|A/cattle/Texas/24-008749-003/2024(H5N1)	2096	4499
PB2|PP755596.1|A/cattle/Texas/24-008749-003/2024(H5N1)	2097	4500
PB2|PP755596.1|A/cattle/Texas/24-008749-003/2024(H5N1)	2098	4584
PB2|PP755596.1|A/cattle/Texas/24-008749-003/2024(H5N1)	2099	4627
PB2|PP755596.1|A/cattle/Texas/24-008749-003/2024(H5N1)	2100	4648
PB2|PP755596.1|A/cattle/Texas/24-008749-003/2024(H5N1)	2101	4668
PB2|PP755596.1|A/cattle/Texas/24-008749-003/2024(H5N1)	2102	4664
PB2|PP755596.1|A/cattle/Texas/24-008749-003/2024(H5N1)	2103	4686
PB2|PP755596.1|A/cattle/Texas/24-008749-003/2024(H5N1)	2104	4681
PB2|PP755596.1|A/cattle/Texas/24-008749-003/2024(H5N1)	2105	4672
PB2|PP755596.1|A/cattle/Texas/24-008749-003/2024(H5N1)	2106	4629
PB2|PP755596.1|A/cattle/Texas/24-008749-003/2024(H5N1)	2107	4615
PB2|PP755596.1|A/cattle/Texas/24-008749-003/2024(H5N1)	2108	4647
PB2|PP755596.1|A/cattle/Texas/24-008749-003/2024(H5N1)	2109	4639
PB2|PP755596.1|A/cattle/Texas/24-008749-003/2024(H5N1)	2110	4594
PB2|PP755596.1|A/cattle/Texas/24-008749-003/2024(H5N1)	2111	4565
PB2|PP755596.1|A/cattle/Texas/24-008749-003/2024(H5N1)	2112	4523
PB2|PP755596.1|A/cattle/Texas/24-008749-003/2024(H5N1)	2113	4538
PB2|PP755596.1|A/cattle/Texas/24-008749-003/2024(H5N1)	2114	4921
PB2|PP755596.1|A/cattle/Texas/24-008749-003/2024(H5N1)	2115	4867
PB2|PP755596.1|A/cattle/Texas/24-008749-003/2024(H5N1)	2116	4818
PB2|PP755596.1|A/cattle/Texas/24-008749-003/2024(H5N1)	2117	4759
PB2|PP755596.1|A/cattle/Texas/24-008749-003/2024(H5N1)	2118	4658
PB2|PP755596.1|A/cattle/Texas/24-008749-003/2024(H5N1)	2119	4758
PB2|PP755596.1|A/cattle/Texas/24-008749-003/2024(H5N1)	2120	4759
PB2|PP755596.1|A/cattle/Texas/24-008749-003/2024(H5N1)	2121	4756
PB2|PP755596.1|A/cattle/Texas/24-008749-003/2024(H5N1)	2122	4759
PB2|PP755596.1|A/cattle/Texas/24-008749-003/2024(H5N1)	2123	3813
PB2|PP755596.1|A/cattle/Texas/24-008749-003/2024(H5N1)	2124	3862
PB2|PP755596.1|A/cattle/Texas/24-008749-003/2024(H5N1)	2125	3850
PB2|PP755596.1|A/cattle/Texas/24-008749-003/2024(H5N1)	2126	3878
PB2|PP755596.1|A/cattle/Texas/24-008749-003/2024(H5N1)	2127	3877
PB2|PP755596.1|A/cattle/Texas/24-008749-003/2024(H5N1)	2128	3581
PB2|PP755596.1|A/cattle/Texas/24-008749-003/2024(H5N1)	2129	3654
PB2|PP755596.1|A/cattle/Texas/24-008749-003/2024(H5N1)	2130	3656
PB2|PP755596.1|A/cattle/Texas/24-008749-003/2024(H5N1)	2131	3648
PB2|PP755596.1|A/cattle/Texas/24-008749-003/2024(H5N1)	2132	3650
PB2|PP755596.1|A/cattle/Texas/24-008749-003/2024(H5N1)	2133	3462
PB2|PP755596.1|A/cattle/Texas/24-008749-003/2024(H5N1)	2134	3472
PB2|PP755596.1|A/cattle/Texas/24-008749-003/2024(H5N1)	2135	3348
PB2|PP755596.1|A/cattle/Texas/24-008749-003/2024(H5N1)	2136	3354
PB2|PP755596.1|A/cattle/Texas/24-008749-003/2024(H5N1)	2137	3353
PB2|PP755596.1|A/cattle/Texas/24-008749-003/2024(H5N1)	2138	3177
PB2|PP755596.1|A/cattle/Texas/24-008749-003/2024(H5N1)	2139	3223
PB2|PP755596.1|A/cattle/Texas/24-008749-003/2024(H5N1)	2140	3249
PB2|PP755596.1|A/cattle/Texas/24-008749-003/2024(H5N1)	2141	3264
PB2|PP755596.1|A/cattle/Texas/24-008749-003/2024(H5N1)	2142	3265
PB2|PP755596.1|A/cattle/Texas/24-008749-003/2024(H5N1)	2143	3254
PB2|PP755596.1|A/cattle/Texas/24-008749-003/2024(H5N1)	2144	3265
PB2|PP755596.1|A/cattle/Texas/24-008749-003/2024(H5N1)	2145	3245
PB2|PP755596.1|A/cattle/Texas/24-008749-003/2024(H5N1)	2146	3243
PB2|PP755596.1|A/cattle/Texas/24-008749-003/2024(H5N1)	2147	3241
PB2|PP755596.1|A/cattle/Texas/24-008749-003/2024(H5N1)	2148	3242
PB2|PP755596.1|A/cattle/Texas/24-008749-003/2024(H5N1)	2149	3251
PB2|PP755596.1|A/cattle/Texas/24-008749-003/2024(H5N1)	2150	3246
PB2|PP755596.1|A/cattle/Texas/24-008749-003/2024(H5N1)	2151	3244
PB2|PP755596.1|A/cattle/Texas/24-008749-003/2024(H5N1)	2152	3244
PB2|PP755596.1|A/cattle/Texas/24-008749-003/2024(H5N1)	2153	3247
PB2|PP755596.1|A/cattle/Texas/24-008749-003/2024(H5N1)	2154	3263
PB2|PP755596.1|A/cattle/Texas/24-008749-003/2024(H5N1)	2155	3283
PB2|PP755596.1|A/cattle/Texas/24-008749-003/2024(H5N1)	2156	3288
PB2|PP755596.1|A/cattle/Texas/24-008749-003/2024(H5N1)	2157	3283
PB2|PP755596.1|A/cattle/Texas/24-008749-003/2024(H5N1)	2158	3288
PB2|PP755596.1|A/cattle/Texas/24-008749-003/2024(H5N1)	2159	3289
PB2|PP755596.1|A/cattle/Texas/24-008749-003/2024(H5N1)	2160	3286
PB2|PP755596.1|A/cattle/Texas/24-008749-003/2024(H5N1)	2161	3300
PB2|PP755596.1|A/cattle/Texas/24-008749-003/2024(H5N1)	2162	3312
PB2|PP755596.1|A/cattle/Texas/24-008749-003/2024(H5N1)	2163	3323
PB2|PP755596.1|A/cattle/Texas/24-008749-003/2024(H5N1)	2164	3330
PB2|PP755596.1|A/cattle/Texas/24-008749-003/2024(H5N1)	2165	3341
PB2|PP755596.1|A/cattle/Texas/24-008749-003/2024(H5N1)	2166	3329
PB2|PP755596.1|A/cattle/Texas/24-008749-003/2024(H5N1)	2167	3300
PB2|PP755596.1|A/cattle/Texas/24-008749-003/2024(H5N1)	2168	3298
PB2|PP755596.1|A/cattle/Texas/24-008749-003/2024(H5N1)	2169	3297
PB2|PP755596.1|A/cattle/Texas/24-008749-003/2024(H5N1)	2170	3307
PB2|PP755596.1|A/cattle/Texas/24-008749-003/2024(H5N1)	2171	3247
PB2|PP755596.1|A/cattle/Texas/24-008749-003/2024(H5N1)	2172	3221
PB2|PP755596.1|A/cattle/Texas/24-008749-003/2024(H5N1)	2173	3226
PB2|PP755596.1|A/cattle/Texas/24-008749-003/2024(H5N1)	2174	3214
PB2|PP755596.1|A/cattle/Texas/24-008749-003/2024(H5N1)	2175	3214
PB2|PP755596.1|A/cattle/Texas/24-008749-003/2024(H5N1)	2176	3208
PB2|PP755596.1|A/cattle/Texas/24-008749-003/2024(H5N1)	2177	3205
PB2|PP755596.1|A/cattle/Texas/24-008749-003/2024(H5N1)	2178	3198
PB2|PP755596.1|A/cattle/Texas/24-008749-003/2024(H5N1)	2179	3185
PB2|PP755596.1|A/cattle/Texas/24-008749-003/2024(H5N1)	2180	3135
PB2|PP755596.1|A/cattle/Texas/24-008749-003/2024(H5N1)	2181	3126
PB2|PP755596.1|A/cattle/Texas/24-008749-003/2024(H5N1)	2182	3108
PB2|PP755596.1|A/cattle/Texas/24-008749-003/2024(H5N1)	2183	3106
PB2|PP755596.1|A/cattle/Texas/24-008749-003/2024(H5N1)	2184	3066
PB2|PP755596.1|A/cattle/Texas/24-008749-003/2024(H5N1)	2185	3071
PB2|PP755596.1|A/cattle/Texas/24-008749-003/2024(H5N1)	2186	3084
PB2|PP755596.1|A/cattle/Texas/24-008749-003/2024(H5N1)	2187	3083
PB2|PP755596.1|A/cattle/Texas/24-008749-003/2024(H5N1)	2188	3042
PB2|PP755596.1|A/cattle/Texas/24-008749-003/2024(H5N1)	2189	2966
PB2|PP755596.1|A/cattle/Texas/24-008749-003/2024(H5N1)	2190	2954
PB2|PP755596.1|A/cattle/Texas/24-008749-003/2024(H5N1)	2191	2950
PB2|PP755596.1|A/cattle/Texas/24-008749-003/2024(H5N1)	2192	2945
PB2|PP755596.1|A/cattle/Texas/24-008749-003/2024(H5N1)	2193	2942
PB2|PP755596.1|A/cattle/Texas/24-008749-003/2024(H5N1)	2194	2939
PB2|PP755596.1|A/cattle/Texas/24-008749-003/2024(H5N1)	2195	2833
PB2|PP755596.1|A/cattle/Texas/24-008749-003/2024(H5N1)	2196	2836
PB2|PP755596.1|A/cattle/Texas/24-008749-003/2024(H5N1)	2197	2754
PB2|PP755596.1|A/cattle/Texas/24-008749-003/2024(H5N1)	2198	2744
PB2|PP755596.1|A/cattle/Texas/24-008749-003/2024(H5N1)	2199	2670
PB2|PP755596.1|A/cattle/Texas/24-008749-003/2024(H5N1)	2200	2660
PB2|PP755596.1|A/cattle/Texas/24-008749-003/2024(H5N1)	2201	2568
PB2|PP755596.1|A/cattle/Texas/24-008749-003/2024(H5N1)	2202	2542
PB2|PP755596.1|A/cattle/Texas/24-008749-003/2024(H5N1)	2203	2465
PB2|PP755596.1|A/cattle/Texas/24-008749-003/2024(H5N1)	2204	2353
PB2|PP755596.1|A/cattle/Texas/24-008749-003/2024(H5N1)	2205	2329
PB2|PP755596.1|A/cattle/Texas/24-008749-003/2024(H5N1)	2206	2320
PB2|PP755596.1|A/cattle/Texas/24-008749-003/2024(H5N1)	2207	2313
PB2|PP755596.1|A/cattle/Texas/24-008749-003/2024(H5N1)	2208	2310
PB2|PP755596.1|A/cattle/Texas/24-008749-003/2024(H5N1)	2209	2280
PB2|PP755596.1|A/cattle/Texas/24-008749-003/2024(H5N1)	2210	2280
PB2|PP755596.1|A/cattle/Texas/24-008749-003/2024(H5N1)	2211	2262
PB2|PP755596.1|A/cattle/Texas/24-008749-003/2024(H5N1)	2212	2259
PB2|PP755596.1|A/cattle/Texas/24-008749-003/2024(H5N1)	2213	2255
PB2|PP755596.1|A/cattle/Texas/24-008749-003/2024(H5N1)	2214	2242
PB2|PP755596.1|A/cattle/Texas/24-008749-003/2024(H5N1)	2215	2235
PB2|PP755596.1|A/cattle/Texas/24-008749-003/2024(H5N1)	2216	2223
PB2|PP755596.1|A/cattle/Texas/24-008749-003/2024(H5N1)	2217	2229
PB2|PP755596.1|A/cattle/Texas/24-008749-003/2024(H5N1)	2218	2221
PB2|PP755596.1|A/cattle/Texas/24-008749-003/2024(H5N1)	2219	2109
PB2|PP755596.1|A/cattle/Texas/24-008749-003/2024(H5N1)	2220	2102
PB2|PP755596.1|A/cattle/Texas/24-008749-003/2024(H5N1)	2221	2082
PB2|PP755596.1|A/cattle/Texas/24-008749-003/2024(H5N1)	2222	2102
PB2|PP755596.1|A/cattle/Texas/24-008749-003/2024(H5N1)	2223	2097
PB2|PP755596.1|A/cattle/Texas/24-008749-003/2024(H5N1)	2224	2087
PB2|PP755596.1|A/cattle/Texas/24-008749-003/2024(H5N1)	2225	2086
PB2|PP755596.1|A/cattle/Texas/24-008749-003/2024(H5N1)	2226	2007
PB2|PP755596.1|A/cattle/Texas/24-008749-003/2024(H5N1)	2227	1996
PB2|PP755596.1|A/cattle/Texas/24-008749-003/2024(H5N1)	2228	1985
PB2|PP755596.1|A/cattle/Texas/24-008749-003/2024(H5N1)	2229	1910
PB2|PP755596.1|A/cattle/Texas/24-008749-003/2024(H5N1)	2230	1908
PB2|PP755596.1|A/cattle/Texas/24-008749-003/2024(H5N1)	2231	1528
PB2|PP755596.1|A/cattle/Texas/24-008749-003/2024(H5N1)	2232	1520
PB2|PP755596.1|A/cattle/Texas/24-008749-003/2024(H5N1)	2233	1476
PB2|PP755596.1|A/cattle/Texas/24-008749-003/2024(H5N1)	2234	1475
PB2|PP755596.1|A/cattle/Texas/24-008749-003/2024(H5N1)	2235	1465
PB2|PP755596.1|A/cattle/Texas/24-008749-003/2024(H5N1)	2236	1460
PB2|PP755596.1|A/cattle/Texas/24-008749-003/2024(H5N1)	2237	1404
PB2|PP755596.1|A/cattle/Texas/24-008749-003/2024(H5N1)	2238	1409
PB2|PP755596.1|A/cattle/Texas/24-008749-003/2024(H5N1)	2239	1243
PB2|PP755596.1|A/cattle/Texas/24-008749-003/2024(H5N1)	2240	1245
PB2|PP755596.1|A/cattle/Texas/24-008749-003/2024(H5N1)	2241	1239
PB2|PP755596.1|A/cattle/Texas/24-008749-003/2024(H5N1)	2242	1231
PB2|PP755596.1|A/cattle/Texas/24-008749-003/2024(H5N1)	2243	1202
PB2|PP755596.1|A/cattle/Texas/24-008749-003/2024(H5N1)	2244	1200
PB2|PP755596.1|A/cattle/Texas/24-008749-003/2024(H5N1)	2245	1194
PB2|PP755596.1|A/cattle/Texas/24-008749-003/2024(H5N1)	2246	1192
PB2|PP755596.1|A/cattle/Texas/24-008749-003/2024(H5N1)	2247	970
PB2|PP755596.1|A/cattle/Texas/24-008749-003/2024(H5N1)	2248	968
PB2|PP755596.1|A/cattle/Texas/24-008749-003/2024(H5N1)	2249	777
PB2|PP755596.1|A/cattle/Texas/24-008749-003/2024(H5N1)	2250	778
PB2|PP755596.1|A/cattle/Texas/24-008749-003/2024(H5N1)	2251	775
PB2|PP755596.1|A/cattle/Texas/24-008749-003/2024(H5N1)	2252	769
PB2|PP755596.1|A/cattle/Texas/24-008749-003/2024(H5N1)	2253	765
PB2|PP755596.1|A/cattle/Texas/24-008749-003/2024(H5N1)	2254	753
PB2|PP755596.1|A/cattle/Texas/24-008749-003/2024(H5N1)	2255	747
PB2|PP755596.1|A/cattle/Texas/24-008749-003/2024(H5N1)	2256	747
PB2|PP755596.1|A/cattle/Texas/24-008749-003/2024(H5N1)	2257	736
PB2|PP755596.1|A/cattle/Texas/24-008749-003/2024(H5N1)	2258	725
PB2|PP755596.1|A/cattle/Texas/24-008749-003/2024(H5N1)	2259	631
PB2|PP755596.1|A/cattle/Texas/24-008749-003/2024(H5N1)	2260	624
PB2|PP755596.1|A/cattle/Texas/24-008749-003/2024(H5N1)	2261	612
PB2|PP755596.1|A/cattle/Texas/24-008749-003/2024(H5N1)	2262	603
PB2|PP755596.1|A/cattle/Texas/24-008749-003/2024(H5N1)	2263	593
PB2|PP755596.1|A/cattle/Texas/24-008749-003/2024(H5N1)	2264	510
PB2|PP755596.1|A/cattle/Texas/24-008749-003/2024(H5N1)	2265	481
PB2|PP755596.1|A/cattle/Texas/24-008749-003/2024(H5N1)	2266	476
PB2|PP755596.1|A/cattle/Texas/24-008749-003/2024(H5N1)	2267	391
PB2|PP755596.1|A/cattle/Texas/24-008749-003/2024(H5N1)	2268	390
PB2|PP755596.1|A/cattle/Texas/24-008749-003/2024(H5N1)	2269	390
PB2|PP755596.1|A/cattle/Texas/24-008749-003/2024(H5N1)	2270	384
PB2|PP755596.1|A/cattle/Texas/24-008749-003/2024(H5N1)	2271	383
PB2|PP755596.1|A/cattle/Texas/24-008749-003/2024(H5N1)	2272	381
PB2|PP755596.1|A/cattle/Texas/24-008749-003/2024(H5N1)	2273	379
PB2|PP755596.1|A/cattle/Texas/24-008749-003/2024(H5N1)	2274	376
PB2|PP755596.1|A/cattle/Texas/24-008749-003/2024(H5N1)	2275	374
PB2|PP755596.1|A/cattle/Texas/24-008749-003/2024(H5N1)	2276	370
PB2|PP755596.1|A/cattle/Texas/24-008749-003/2024(H5N1)	2277	359
PB2|PP755596.1|A/cattle/Texas/24-008749-003/2024(H5N1)	2278	358
PB2|PP755596.1|A/cattle/Texas/24-008749-003/2024(H5N1)	2279	339
PB2|PP755596.1|A/cattle/Texas/24-008749-003/2024(H5N1)	2280	329
