NP|PP755592.1|A/cattle/Texas/24-008749-003/2024(H5N1)	1	7128
NP|PP755592.1|A/cattle/Texas/24-008749-003/2024(H5N1)	2	7167
NP|PP755592.1|A/cattle/Texas/24-008749-003/2024(H5N1)	3	7195
NP|PP755592.1|A/cattle/Texas/24-008749-003/2024(H5N1)	4	7216
NP|PP755592.1|A/cattle/Texas/24-008749-003/2024(H5N1)	5	7242
NP|PP755592.1|A/cattle/Texas/24-008749-003/2024(H5N1)	6	7296
NP|PP755592.1|A/cattle/Texas/24-008749-003/2024(H5N1)	7	7558
NP|PP755592.1|A/cattle/Texas/24-008749-003/2024(H5N1)	8	7606
NP|PP755592.1|A/cattle/Texas/24-008749-003/2024(H5N1)	9	7623
NP|PP755592.1|A/cattle/Texas/24-008749-003/2024(H5N1)	10	7636
NP|PP755592.1|A/cattle/Texas/24-008749-003/2024(H5N1)	11	7648
NP|PP755592.1|A/cattle/Texas/24-008749-003/2024(H5N1)	12	7649
NP|PP755592.1|A/cattle/Texas/24-008749-003/2024(H5N1)	13	7685
NP|PP755592.1|A/cattle/Texas/24-008749-003/2024(H5N1)	14	7981
NP|PP755592.1|A/cattle/Texas/24-008749-003/2024(H5N1)	15	8007
NP|PP755592.1|A/cattle/Texas/24-008749-003/2024(H5N1)	16	8104
NP|PP755592.1|A/cattle/Texas/24-008749-003/2024(H5N1)	17	8161
NP|PP755592.1|A/cattle/Texas/24-008749-003/2024(H5N1)	18	8188
NP|PP755592.1|A/cattle/Texas/24-008749-003/2024(H5N1)	19	8327
NP|PP755592.1|A/cattle/Texas/24-008749-003/2024(H5N1)	20	8334
NP|PP755592.1|A/cattle/Texas/24-008749-003/2024(H5N1)	21	8358
NP|PP755592.1|A/cattle/Texas/24-008749-003/2024(H5N1)	22	8388
NP|PP755592.1|A/cattle/Texas/24-008749-003/2024(H5N1)	23	8383
NP|PP755592.1|A/cattle/Texas/24-008749-003/2024(H5N1)	24	8428
NP|PP755592.1|A/cattle/Texas/24-008749-003/2024(H5N1)	25	8430
NP|PP755592.1|A/cattle/Texas/24-008749-003/2024(H5N1)	26	8597
NP|PP755592.1|A/cattle/Texas/24-008749-003/2024(H5N1)	27	8816
NP|PP755592.1|A/cattle/Texas/24-008749-003/2024(H5N1)	28	8806
NP|PP755592.1|A/cattle/Texas/24-008749-003/2024(H5N1)	29	8825
NP|PP755592.1|A/cattle/Texas/24-008749-003/2024(H5N1)	30	8827
NP|PP755592.1|A/cattle/Texas/24-008749-003/2024(H5N1)	31	8878
NP|PP755592.1|A/cattle/Texas/24-008749-003/2024(H5N1)	32	8901
NP|PP755592.1|A/cattle/Texas/24-008749-003/2024(H5N1)	33	8896
NP|PP755592.1|A/cattle/Texas/24-008749-003/2024(H5N1)	34	8916
NP|PP755592.1|A/cattle/Texas/24-008749-003/2024(H5N1)	35	9027
NP|PP755592.1|A/cattle/Texas/24-008749-003/2024(H5N1)	36	9172
NP|PP755592.1|A/cattle/Texas/24-008749-003/2024(H5N1)	37	9221
NP|PP755592.1|A/cattle/Texas/24-008749-003/2024(H5N1)	38	9226
NP|PP755592.1|A/cattle/Texas/24-008749-003/2024(H5N1)	39	9259
NP|PP755592.1|A/cattle/Texas/24-008749-003/2024(H5N1)	40	9259
NP|PP755592.1|A/cattle/Texas/24-008749-003/2024(H5N1)	41	9280
NP|PP755592.1|A/cattle/Texas/24-008749-003/2024(H5N1)	42	9397
NP|PP755592.1|A/cattle/Texas/24-008749-003/2024(H5N1)	43	9589
NP|PP755592.1|A/cattle/Texas/24-008749-003/2024(H5N1)	44	9840
NP|PP755592.1|A/cattle/Texas/24-008749-003/2024(H5N1)	45	9862
NP|PP755592.1|A/cattle/Texas/24-008749-003/2024(H5N1)	46	9947
NP|PP755592.1|A/cattle/Texas/24-008749-003/2024(H5N1)	47	9961
NP|PP755592.1|A/cattle/Texas/24-008749-003/2024(H5N1)	48	9969
NP|PP755592.1|A/cattle/Texas/24-008749-003/2024(H5N1)	49	9980
NP|PP755592.1|A/cattle/Texas/24-008749-003/2024(H5N1)	50	10061
NP|PP755592.1|A/cattle/Texas/24-008749-003/2024(H5N1)	51	10073
NP|PP755592.1|A/cattle/Texas/24-008749-003/2024(H5N1)	52	10088
NP|PP755592.1|A/cattle/Texas/24-008749-003/2024(H5N1)	53	10169
NP|PP755592.1|A/cattle/Texas/24-008749-003/2024(H5N1)	54	10207
NP|PP755592.1|A/cattle/Texas/24-008749-003/2024(H5N1)	55	10397
NP|PP755592.1|A/cattle/Texas/24-008749-003/2024(H5N1)	56	10408
NP|PP755592.1|A/cattle/Texas/24-008749-003/2024(H5N1)	57	10537
NP|PP755592.1|A/cattle/Texas/24-008749-003/2024(H5N1)	58	10538
NP|PP755592.1|A/cattle/Texas/24-008749-003/2024(H5N1)	59	10551
NP|PP755592.1|A/cattle/Texas/24-008749-003/2024(H5N1)	60	10600
NP|PP755592.1|A/cattle/Texas/24-008749-003/2024(H5N1)	61	10666
NP|PP755592.1|A/cattle/Texas/24-008749-003/2024(H5N1)	62	10753
NP|PP755592.1|A/cattle/Texas/24-008749-003/2024(H5N1)	63	10752
NP|PP755592.1|A/cattle/Texas/24-008749-003/2024(H5N1)	64	10722
NP|PP755592.1|A/cattle/Texas/24-008749-003/2024(H5N1)	65	10763
NP|PP755592.1|A/cattle/Texas/24-008749-003/2024(H5N1)	66	10770
NP|PP755592.1|A/cattle/Texas/24-008749-003/2024(H5N1)	67	11013
NP|PP755592.1|A/cattle/Texas/24-008749-003/2024(H5N1)	68	11029
NP|PP755592.1|A/cattle/Texas/24-008749-003/2024(H5N1)	69	11102
NP|PP755592.1|A/cattle/Texas/24-008749-003/2024(H5N1)	70	11123
NP|PP755592.1|A/cattle/Texas/24-008749-003/2024(H5N1)	71	11126
NP|PP755592.1|A/cattle/Texas/24-008749-003/2024(H5N1)	72	11301
NP|PP755592.1|A/cattle/Texas/24-008749-003/2024(H5N1)	73	11307
NP|PP755592.1|A/cattle/Texas/24-008749-003/2024(H5N1)	74	11304
NP|PP755592.1|A/cattle/Texas/24-008749-003/2024(H5N1)	75	11311
NP|PP755592.1|A/cattle/Texas/24-008749-003/2024(H5N1)	76	11283
NP|PP755592.1|A/cattle/Texas/24-008749-003/2024(H5N1)	77	11384
NP|PP755592.1|A/cattle/Texas/24-008749-003/2024(H5N1)	78	11518
NP|PP755592.1|A/cattle/Texas/24-008749-003/2024(H5N1)	79	11521
NP|PP755592.1|A/cattle/Texas/24-008749-003/2024(H5N1)	80	11655
NP|PP755592.1|A/cattle/Texas/24-008749-003/2024(H5N1)	81	11625
NP|PP755592.1|A/cattle/Texas/24-008749-003/2024(H5N1)	82	11710
NP|PP755592.1|A/cattle/Texas/24-008749-003/2024(H5N1)	83	11843
NP|PP755592.1|A/cattle/Texas/24-008749-003/2024(H5N1)	84	11860
NP|PP755592.1|A/cattle/Texas/24-008749-003/2024(H5N1)	85	12005
NP|PP755592.1|A/cattle/Texas/24-008749-003/2024(H5N1)	86	12016
NP|PP755592.1|A/cattle/Texas/24-008749-003/2024(H5N1)	87	12018
NP|PP755592.1|A/cattle/Texas/24-008749-003/2024(H5N1)	88	12029
NP|PP755592.1|A/cattle/Texas/24-008749-003/2024(H5N1)	89	12135
NP|PP755592.1|A/cattle/Texas/24-008749-003/2024(H5N1)	90	12216
NP|PP755592.1|A/cattle/Texas/24-008749-003/2024(H5N1)	91	12198
NP|PP755592.1|A/cattle/Texas/24-008749-003/2024(H5N1)	92	12198
NP|PP755592.1|A/cattle/Texas/24-008749-003/2024(H5N1)	93	12242
NP|PP755592.1|A/cattle/Texas/24-008749-003/2024(H5N1)	94	12222
NP|PP755592.1|A/cattle/Texas/24-008749-003/2024(H5N1)	95	12217
NP|PP755592.1|A/cattle/Texas/24-008749-003/2024(H5N1)	96	12250
NP|PP755592.1|A/cattle/Texas/24-008749-003/2024(H5N1)	97	12269
NP|PP755592.1|A/cattle/Texas/24-008749-003/2024(H5N1)	98	12225
NP|PP755592.1|A/cattle/Texas/24-008749-003/2024(H5N1)	99	12318
NP|PP755592.1|A/cattle/Texas/24-008749-003/2024(H5N1)	100	12318
NP|PP755592.1|A/cattle/Texas/24-008749-003/2024(H5N1)	101	12312
NP|PP755592.1|A/cattle/Texas/24-008749-003/2024(H5N1)	102	12344
NP|PP755592.1|A/cattle/Texas/24-008749-003/2024(H5N1)	103	12345
NP|PP755592.1|A/cattle/Texas/24-008749-003/2024(H5N1)	104	12358
NP|PP755592.1|A/cattle/Texas/24-008749-003/2024(H5N1)	105	12701
NP|PP755592.1|A/cattle/Texas/24-008749-003/2024(H5N1)	106	11442
NP|PP755592.1|A/cattle/Texas/24-008749-003/2024(H5N1)	107	11027
NP|PP755592.1|A/cattle/Texas/24-008749-003/2024(H5N1)	108	10574
NP|PP755592.1|A/cattle/Texas/24-008749-003/2024(H5N1)	109	10589
NP|PP755592.1|A/cattle/Texas/24-008749-003/2024(H5N1)	110	11087
NP|PP755592.1|A/cattle/Texas/24-008749-003/2024(H5N1)	111	11081
NP|PP755592.1|A/cattle/Texas/24-008749-003/2024(H5N1)	112	11148
NP|PP755592.1|A/cattle/Texas/24-008749-003/2024(H5N1)	113	11139
NP|PP755592.1|A/cattle/Texas/24-008749-003/2024(H5N1)	114	11333
NP|PP755592.1|A/cattle/Texas/24-008749-003/2024(H5N1)	115	11354
NP|PP755592.1|A/cattle/Texas/24-008749-003/2024(H5N1)	116	11470
NP|PP755592.1|A/cattle/Texas/24-008749-003/2024(H5N1)	117	10745
NP|PP755592.1|A/cattle/Texas/24-008749-003/2024(H5N1)	118	10745
NP|PP755592.1|A/cattle/Texas/24-008749-003/2024(H5N1)	119	11294
NP|PP755592.1|A/cattle/Texas/24-008749-003/2024(H5N1)	120	11344
NP|PP755592.1|A/cattle/Texas/24-008749-003/2024(H5N1)	121	11634
NP|PP755592.1|A/cattle/Texas/24-008749-003/2024(H5N1)	122	11398
NP|PP755592.1|A/cattle/Texas/24-008749-003/2024(H5N1)	123	11285
NP|PP755592.1|A/cattle/Texas/24-008749-003/2024(H5N1)	124	11337
NP|PP755592.1|A/cattle/Texas/24-008749-003/2024(H5N1)	125	11274
NP|PP755592.1|A/cattle/Texas/24-008749-003/2024(H5N1)	126	11876
NP|PP755592.1|A/cattle/Texas/24-008749-003/2024(H5N1)	127	11993
NP|PP755592.1|A/cattle/Texas/24-008749-003/2024(H5N1)	128	11785
NP|PP755592.1|A/cattle/Texas/24-008749-003/2024(H5N1)	129	11790
NP|PP755592.1|A/cattle/Texas/24-008749-003/2024(H5N1)	130	11544
NP|PP755592.1|A/cattle/Texas/24-008749-003/2024(H5N1)	131	11657
NP|PP755592.1|A/cattle/Texas/24-008749-003/2024(H5N1)	132	11652
NP|PP755592.1|A/cattle/Texas/24-008749-003/2024(H5N1)	133	11646
NP|PP755592.1|A/cattle/Texas/24-008749-003/2024(H5N1)	134	11374
NP|PP755592.1|A/cattle/Texas/24-008749-003/2024(H5N1)	135	10869
NP|PP755592.1|A/cattle/Texas/24-008749-003/2024(H5N1)	136	11005
NP|PP755592.1|A/cattle/Texas/24-008749-003/2024(H5N1)	137	10979
NP|PP755592.1|A/cattle/Texas/24-008749-003/2024(H5N1)	138	11088
NP|PP755592.1|A/cattle/Texas/24-008749-003/2024(H5N1)	139	11180
NP|PP755592.1|A/cattle/Texas/24-008749-003/2024(H5N1)	140	11104
NP|PP755592.1|A/cattle/Texas/24-008749-003/2024(H5N1)	141	10904
NP|PP755592.1|A/cattle/Texas/24-008749-003/2024(H5N1)	142	10903
NP|PP755592.1|A/cattle/Texas/24-008749-003/2024(H5N1)	143	10864
NP|PP755592.1|A/cattle/Texas/24-008749-003/2024(H5N1)	144	11106
NP|PP755592.1|A/cattle/Texas/24-008749-003/2024(H5N1)	145	10969
NP|PP755592.1|A/cattle/Texas/24-008749-003/2024(H5N1)	146	10985
NP|PP755592.1|A/cattle/Texas/24-008749-003/2024(H5N1)	147	10761
NP|PP755592.1|A/cattle/Texas/24-008749-003/2024(H5N1)	148	10682
NP|PP755592.1|A/cattle/Texas/24-008749-003/2024(H5N1)	149	10768
NP|PP755592.1|A/cattle/Texas/24-008749-003/2024(H5N1)	150	10826
NP|PP755592.1|A/cattle/Texas/24-008749-003/2024(H5N1)	151	10886
NP|PP755592.1|A/cattle/Texas/24-008749-003/2024(H5N1)	152	11197
NP|PP755592.1|A/cattle/Texas/24-008749-003/2024(H5N1)	153	11225
NP|PP755592.1|A/cattle/Texas/24-008749-003/2024(H5N1)	154	11264
NP|PP755592.1|A/cattle/Texas/24-008749-003/2024(H5N1)	155	11278
NP|PP755592.1|A/cattle/Texas/24-008749-003/2024(H5N1)	156	11248
NP|PP755592.1|A/cattle/Texas/24-008749-003/2024(H5N1)	157	11254
NP|PP755592.1|A/cattle/Texas/24-008749-003/2024(H5N1)	158	11201
NP|PP755592.1|A/cattle/Texas/24-008749-003/2024(H5N1)	159	11173
NP|PP755592.1|A/cattle/Texas/24-008749-003/2024(H5N1)	160	11205
NP|PP755592.1|A/cattle/Texas/24-008749-003/2024(H5N1)	161	11195
NP|PP755592.1|A/cattle/Texas/24-008749-003/2024(H5N1)	162	11200
NP|PP755592.1|A/cattle/Texas/24-008749-003/2024(H5N1)	163	11161
NP|PP755592.1|A/cattle/Texas/24-008749-003/2024(H5N1)	164	11169
NP|PP755592.1|A/cattle/Texas/24-008749-003/2024(H5N1)	165	11020
NP|PP755592.1|A/cattle/Texas/24-008749-003/2024(H5N1)	166	10963
NP|PP755592.1|A/cattle/Texas/24-008749-003/2024(H5N1)	167	10917
NP|PP755592.1|A/cattle/Texas/24-008749-003/2024(H5N1)	168	10975
NP|PP755592.1|A/cattle/Texas/24-008749-003/2024(H5N1)	169	11421
NP|PP755592.1|A/cattle/Texas/24-008749-003/2024(H5N1)	170	11318
NP|PP755592.1|A/cattle/Texas/24-008749-003/2024(H5N1)	171	11320
NP|PP755592.1|A/cattle/Texas/24-008749-003/2024(H5N1)	172	11348
NP|PP755592.1|A/cattle/Texas/24-008749-003/2024(H5N1)	173	11316
NP|PP755592.1|A/cattle/Texas/24-008749-003/2024(H5N1)	174	11362
NP|PP755592.1|A/cattle/Texas/24-008749-003/2024(H5N1)	175	11336
NP|PP755592.1|A/cattle/Texas/24-008749-003/2024(H5N1)	176	11332
NP|PP755592.1|A/cattle/Texas/24-008749-003/2024(H5N1)	177	11363
NP|PP755592.1|A/cattle/Texas/24-008749-003/2024(H5N1)	178	11118
NP|PP755592.1|A/cattle/Texas/24-008749-003/2024(H5N1)	179	11238
NP|PP755592.1|A/cattle/Texas/24-008749-003/2024(H5N1)	180	11512
NP|PP755592.1|A/cattle/Texas/24-008749-003/2024(H5N1)	181	11510
NP|PP755592.1|A/cattle/Texas/24-008749-003/2024(H5N1)	182	11505
NP|PP755592.1|A/cattle/Texas/24-008749-003/2024(H5N1)	183	11501
NP|PP755592.1|A/cattle/Texas/24-008749-003/2024(H5N1)	184	11681
NP|PP755592.1|A/cattle/Texas/24-008749-003/2024(H5N1)	185	11975
NP|PP755592.1|A/cattle/Texas/24-008749-003/2024(H5N1)	186	11989
NP|PP755592.1|A/cattle/Texas/24-008749-003/2024(H5N1)	187	12005
NP|PP755592.1|A/cattle/Texas/24-008749-003/2024(H5N1)	188	11976
NP|PP755592.1|A/cattle/Texas/24-008749-003/2024(H5N1)	189	11982
NP|PP755592.1|A/cattle/Texas/24-008749-003/2024(H5N1)	190	11971
NP|PP755592.1|A/cattle/Texas/24-008749-003/2024(H5N1)	191	11982
NP|PP755592.1|A/cattle/Texas/24-008749-003/2024(H5N1)	192	11988
NP|PP755592.1|A/cattle/Texas/24-008749-003/2024(H5N1)	193	11849
NP|PP755592.1|A/cattle/Texas/24-008749-003/2024(H5N1)	194	11768
NP|PP755592.1|A/cattle/Texas/24-008749-003/2024(H5N1)	195	11806
NP|PP755592.1|A/cattle/Texas/24-008749-003/2024(H5N1)	196	11799
NP|PP755592.1|A/cattle/Texas/24-008749-003/2024(H5N1)	197	11719
NP|PP755592.1|A/cattle/Texas/24-008749-003/2024(H5N1)	198	11768
NP|PP755592.1|A/cattle/Texas/24-008749-003/2024(H5N1)	199	11906
NP|PP755592.1|A/cattle/Texas/24-008749-003/2024(H5N1)	200	11887
NP|PP755592.1|A/cattle/Texas/24-008749-003/2024(H5N1)	201	11909
NP|PP755592.1|A/cattle/Texas/24-008749-003/2024(H5N1)	202	11911
NP|PP755592.1|A/cattle/Texas/24-008749-003/2024(H5N1)	203	11895
NP|PP755592.1|A/cattle/Texas/24-008749-003/2024(H5N1)	204	11738
NP|PP755592.1|A/cattle/Texas/24-008749-003/2024(H5N1)	205	11719
NP|PP755592.1|A/cattle/Texas/24-008749-003/2024(H5N1)	206	11726
NP|PP755592.1|A/cattle/Texas/24-008749-003/2024(H5N1)	207	11660
NP|PP755592.1|A/cattle/Texas/24-008749-003/2024(H5N1)	208	11739
NP|PP755592.1|A/cattle/Texas/24-008749-003/2024(H5N1)	209	11811
NP|PP755592.1|A/cattle/Texas/24-008749-003/2024(H5N1)	210	11765
NP|PP755592.1|A/cattle/Texas/24-008749-003/2024(H5N1)	211	11813
NP|PP755592.1|A/cattle/Texas/24-008749-003/2024(H5N1)	212	11801
NP|PP755592.1|A/cattle/Texas/24-008749-003/2024(H5N1)	213	11738
NP|PP755592.1|A/cattle/Texas/24-008749-003/2024(H5N1)	214	11834
NP|PP755592.1|A/cattle/Texas/24-008749-003/2024(H5N1)	215	11821
NP|PP755592.1|A/cattle/Texas/24-008749-003/2024(H5N1)	216	11791
NP|PP755592.1|A/cattle/Texas/24-008749-003/2024(H5N1)	217	11778
NP|PP755592.1|A/cattle/Texas/24-008749-003/2024(H5N1)	218	11540
NP|PP755592.1|A/cattle/Texas/24-008749-003/2024(H5N1)	219	11793
NP|PP755592.1|A/cattle/Texas/24-008749-003/2024(H5N1)	220	11721
NP|PP755592.1|A/cattle/Texas/24-008749-003/2024(H5N1)	221	11830
NP|PP755592.1|A/cattle/Texas/24-008749-003/2024(H5N1)	222	11879
NP|PP755592.1|A/cattle/Texas/24-008749-003/2024(H5N1)	223	11744
NP|PP755592.1|A/cattle/Texas/24-008749-003/2024(H5N1)	224	11780
NP|PP755592.1|A/cattle/Texas/24-008749-003/2024(H5N1)	225	12027
NP|PP755592.1|A/cattle/Texas/24-008749-003/2024(H5N1)	226	12102
NP|PP755592.1|A/cattle/Texas/24-008749-003/2024(H5N1)	227	12168
NP|PP755592.1|A/cattle/Texas/24-008749-003/2024(H5N1)	228	11965
NP|PP755592.1|A/cattle/Texas/24-008749-003/2024(H5N1)	229	11976
NP|PP755592.1|A/cattle/Texas/24-008749-003/2024(H5N1)	230	11964
NP|PP755592.1|A/cattle/Texas/24-008749-003/2024(H5N1)	231	11992
NP|PP755592.1|A/cattle/Texas/24-008749-003/2024(H5N1)	232	12035
NP|PP755592.1|A/cattle/Texas/24-008749-003/2024(H5N1)	233	12058
NP|PP755592.1|A/cattle/Texas/24-008749-003/2024(H5N1)	234	11928
NP|PP755592.1|A/cattle/Texas/24-008749-003/2024(H5N1)	235	11814
NP|PP755592.1|A/cattle/Texas/24-008749-003/2024(H5N1)	236	11818
NP|PP755592.1|A/cattle/Texas/24-008749-003/2024(H5N1)	237	11802
NP|PP755592.1|A/cattle/Texas/24-008749-003/2024(H5N1)	238	11829
NP|PP755592.1|A/cattle/Texas/24-008749-003/2024(H5N1)	239	12246
NP|PP755592.1|A/cattle/Texas/24-008749-003/2024(H5N1)	240	12086
NP|PP755592.1|A/cattle/Texas/24-008749-003/2024(H5N1)	241	12230
NP|PP755592.1|A/cattle/Texas/24-008749-003/2024(H5N1)	242	12295
NP|PP755592.1|A/cattle/Texas/24-008749-003/2024(H5N1)	243	12313
NP|PP755592.1|A/cattle/Texas/24-008749-003/2024(H5N1)	244	12379
NP|PP755592.1|A/cattle/Texas/24-008749-003/2024(H5N1)	245	12354
NP|PP755592.1|A/cattle/Texas/24-008749-003/2024(H5N1)	246	12780
NP|PP755592.1|A/cattle/Texas/24-008749-003/2024(H5N1)	247	12912
NP|PP755592.1|A/cattle/Texas/24-008749-003/2024(H5N1)	248	12913
NP|PP755592.1|A/cattle/Texas/24-008749-003/2024(H5N1)	249	12912
NP|PP755592.1|A/cattle/Texas/24-008749-003/2024(H5N1)	250	12789
NP|PP755592.1|A/cattle/Texas/24-008749-003/2024(H5N1)	251	13344
NP|PP755592.1|A/cattle/Texas/24-008749-003/2024(H5N1)	252	13442
NP|PP755592.1|A/cattle/Texas/24-008749-003/2024(H5N1)	253	13688
NP|PP755592.1|A/cattle/Texas/24-008749-003/2024(H5N1)	254	13718
NP|PP755592.1|A/cattle/Texas/24-008749-003/2024(H5N1)	255	13267
NP|PP755592.1|A/cattle/Texas/24-008749-003/2024(H5N1)	256	13311
NP|PP755592.1|A/cattle/Texas/24-008749-003/2024(H5N1)	257	13314
NP|PP755592.1|A/cattle/Texas/24-008749-003/2024(H5N1)	258	13369
NP|PP755592.1|A/cattle/Texas/24-008749-003/2024(H5N1)	259	13386
NP|PP755592.1|A/cattle/Texas/24-008749-003/2024(H5N1)	260	12779
NP|PP755592.1|A/cattle/Texas/24-008749-003/2024(H5N1)	261	12786
NP|PP755592.1|A/cattle/Texas/24-008749-003/2024(H5N1)	262	12685
NP|PP755592.1|A/cattle/Texas/24-008749-003/2024(H5N1)	263	12834
NP|PP755592.1|A/cattle/Texas/24-008749-003/2024(H5N1)	264	12842
NP|PP755592.1|A/cattle/Texas/24-008749-003/2024(H5N1)	265	12707
NP|PP755592.1|A/cattle/Texas/24-008749-003/2024(H5N1)	266	12609
NP|PP755592.1|A/cattle/Texas/24-008749-003/2024(H5N1)	267	12671
NP|PP755592.1|A/cattle/Texas/24-008749-003/2024(H5N1)	268	12683
NP|PP755592.1|A/cattle/Texas/24-008749-003/2024(H5N1)	269	12680
NP|PP755592.1|A/cattle/Texas/24-008749-003/2024(H5N1)	270	12256
NP|PP755592.1|A/cattle/Texas/24-008749-003/2024(H5N1)	271	12189
NP|PP755592.1|A/cattle/Texas/24-008749-003/2024(H5N1)	272	11929
NP|PP755592.1|A/cattle/Texas/24-008749-003/2024(H5N1)	273	12009
NP|PP755592.1|A/cattle/Texas/24-008749-003/2024(H5N1)	274	11958
NP|PP755592.1|A/cattle/Texas/24-008749-003/2024(H5N1)	275	11112
NP|PP755592.1|A/cattle/Texas/24-008749-003/2024(H5N1)	276	11010
NP|PP755592.1|A/cattle/Texas/24-008749-003/2024(H5N1)	277	11013
NP|PP755592.1|A/cattle/Texas/24-008749-003/2024(H5N1)	278	11071
NP|PP755592.1|A/cattle/Texas/24-008749-003/2024(H5N1)	279	10972
NP|PP755592.1|A/cattle/Texas/24-008749-003/2024(H5N1)	280	11083
NP|PP755592.1|A/cattle/Texas/24-008749-003/2024(H5N1)	281	11154
NP|PP755592.1|A/cattle/Texas/24-008749-003/2024(H5N1)	282	11058
NP|PP755592.1|A/cattle/Texas/24-008749-003/2024(H5N1)	283	11129
NP|PP755592.1|A/cattle/Texas/24-008749-003/2024(H5N1)	284	11085
NP|PP755592.1|A/cattle/Texas/24-008749-003/2024(H5N1)	285	11084
NP|PP755592.1|A/cattle/Texas/24-008749-003/2024(H5N1)	286	11408
NP|PP755592.1|A/cattle/Texas/24-008749-003/2024(H5N1)	287	11380
NP|PP755592.1|A/cattle/Texas/24-008749-003/2024(H5N1)	288	11170
NP|PP755592.1|A/cattle/Texas/24-008749-003/2024(H5N1)	289	11120
NP|PP755592.1|A/cattle/Texas/24-008749-003/2024(H5N1)	290	11016
NP|PP755592.1|A/cattle/Texas/24-008749-003/2024(H5N1)	291	11054
NP|PP755592.1|A/cattle/Texas/24-008749-003/2024(H5N1)	292	11004
NP|PP755592.1|A/cattle/Texas/24-008749-003/2024(H5N1)	293	11364
NP|PP755592.1|A/cattle/Texas/24-008749-003/2024(H5N1)	294	11429
NP|PP755592.1|A/cattle/Texas/24-008749-003/2024(H5N1)	295	11155
NP|PP755592.1|A/cattle/Texas/24-008749-003/2024(H5N1)	296	11143
NP|PP755592.1|A/cattle/Texas/24-008749-003/2024(H5N1)	297	11402
NP|PP755592.1|A/cattle/Texas/24-008749-003/2024(H5N1)	298	11414
NP|PP755592.1|A/cattle/Texas/24-008749-003/2024(H5N1)	299	11450
NP|PP755592.1|A/cattle/Texas/24-008749-003/2024(H5N1)	300	11340
NP|PP755592.1|A/cattle/Texas/24-008749-003/2024(H5N1)	301	11349
NP|PP755592.1|A/cattle/Texas/24-008749-003/2024(H5N1)	302	11212
NP|PP755592.1|A/cattle/Texas/24-008749-003/2024(H5N1)	303	11196
NP|PP755592.1|A/cattle/Texas/24-008749-003/2024(H5N1)	304	11184
NP|PP755592.1|A/cattle/Texas/24-008749-003/2024(H5N1)	305	11151
NP|PP755592.1|A/cattle/Texas/24-008749-003/2024(H5N1)	306	11177
NP|PP755592.1|A/cattle/Texas/24-008749-003/2024(H5N1)	307	11429
NP|PP755592.1|A/cattle/Texas/24-008749-003/2024(H5N1)	308	11397
NP|PP755592.1|A/cattle/Texas/24-008749-003/2024(H5N1)	309	11355
NP|PP755592.1|A/cattle/Texas/24-008749-003/2024(H5N1)	310	11389
NP|PP755592.1|A/cattle/Texas/24-008749-003/2024(H5N1)	311	11556
NP|PP755592.1|A/cattle/Texas/24-008749-003/2024(H5N1)	312	11568
NP|PP755592.1|A/cattle/Texas/24-008749-003/2024(H5N1)	313	11648
NP|PP755592.1|A/cattle/Texas/24-008749-003/2024(H5N1)	314	11644
NP|PP755592.1|A/cattle/Texas/24-008749-003/2024(H5N1)	315	11608
NP|PP755592.1|A/cattle/Texas/24-008749-003/2024(H5N1)	316	11669
NP|PP755592.1|A/cattle/Texas/24-008749-003/2024(H5N1)	317	11679
NP|PP755592.1|A/cattle/Texas/24-008749-003/2024(H5N1)	318	11622
NP|PP755592.1|A/cattle/Texas/24-008749-003/2024(H5N1)	319	11776
NP|PP755592.1|A/cattle/Texas/24-008749-003/2024(H5N1)	320	11630
NP|PP755592.1|A/cattle/Texas/24-008749-003/2024(H5N1)	321	11637
NP|PP755592.1|A/cattle/Texas/24-008749-003/2024(H5N1)	322	11691
NP|PP755592.1|A/cattle/Texas/24-008749-003/2024(H5N1)	323	11672
NP|PP755592.1|A/cattle/Texas/24-008749-003/2024(H5N1)	324	11685
NP|PP755592.1|A/cattle/Texas/24-008749-003/2024(H5N1)	325	11780
NP|PP755592.1|A/cattle/Texas/24-008749-003/2024(H5N1)	326	11816
NP|PP755592.1|A/cattle/Texas/24-008749-003/2024(H5N1)	327	11704
NP|PP755592.1|A/cattle/Texas/24-008749-003/2024(H5N1)	328	11787
NP|PP755592.1|A/cattle/Texas/24-008749-003/2024(H5N1)	329	11621
NP|PP755592.1|A/cattle/Texas/24-008749-003/2024(H5N1)	330	11843
NP|PP755592.1|A/cattle/Texas/24-008749-003/2024(H5N1)	331	11895
NP|PP755592.1|A/cattle/Texas/24-008749-003/2024(H5N1)	332	11907
NP|PP755592.1|A/cattle/Texas/24-008749-003/2024(H5N1)	333	11885
NP|PP755592.1|A/cattle/Texas/24-008749-003/2024(H5N1)	334	11852
NP|PP755592.1|A/cattle/Texas/24-008749-003/2024(H5N1)	335	11949
NP|PP755592.1|A/cattle/Texas/24-008749-003/2024(H5N1)	336	11704
NP|PP755592.1|A/cattle/Texas/24-008749-003/2024(H5N1)	337	11853
NP|PP755592.1|A/cattle/Texas/24-008749-003/2024(H5N1)	338	11990
NP|PP755592.1|A/cattle/Texas/24-008749-003/2024(H5N1)	339	11950
NP|PP755592.1|A/cattle/Texas/24-008749-003/2024(H5N1)	340	12063
NP|PP755592.1|A/cattle/Texas/24-008749-003/2024(H5N1)	341	12138
NP|PP755592.1|A/cattle/Texas/24-008749-003/2024(H5N1)	342	12099
NP|PP755592.1|A/cattle/Texas/24-008749-003/2024(H5N1)	343	12093
NP|PP755592.1|A/cattle/Texas/24-008749-003/2024(H5N1)	344	11929
NP|PP755592.1|A/cattle/Texas/24-008749-003/2024(H5N1)	345	11886
NP|PP755592.1|A/cattle/Texas/24-008749-003/2024(H5N1)	346	11967
NP|PP755592.1|A/cattle/Texas/24-008749-003/2024(H5N1)	347	12005
NP|PP755592.1|A/cattle/Texas/24-008749-003/2024(H5N1)	348	11968
NP|PP755592.1|A/cattle/Texas/24-008749-003/2024(H5N1)	349	11813
NP|PP755592.1|A/cattle/Texas/24-008749-003/2024(H5N1)	350	11841
NP|PP755592.1|A/cattle/Texas/24-008749-003/2024(H5N1)	351	11921
NP|PP755592.1|A/cattle/Texas/24-008749-003/2024(H5N1)	352	11857
NP|PP755592.1|A/cattle/Texas/24-008749-003/2024(H5N1)	353	11866
NP|PP755592.1|A/cattle/Texas/24-008749-003/2024(H5N1)	354	12104
NP|PP755592.1|A/cattle/Texas/24-008749-003/2024(H5N1)	355	12100
NP|PP755592.1|A/cattle/Texas/24-008749-003/2024(H5N1)	356	12112
NP|PP755592.1|A/cattle/Texas/24-008749-003/2024(H5N1)	357	12180
NP|PP755592.1|A/cattle/Texas/24-008749-003/2024(H5N1)	358	12188
NP|PP755592.1|A/cattle/Texas/24-008749-003/2024(H5N1)	359	12025
NP|PP755592.1|A/cattle/Texas/24-008749-003/2024(H5N1)	360	12004
NP|PP755592.1|A/cattle/Texas/24-008749-003/2024(H5N1)	361	11926
NP|PP755592.1|A/cattle/Texas/24-008749-003/2024(H5N1)	362	11908
NP|PP755592.1|A/cattle/Texas/24-008749-003/2024(H5N1)	363	12027
NP|PP755592.1|A/cattle/Texas/24-008749-003/2024(H5N1)	364	12195
NP|PP755592.1|A/cattle/Texas/24-008749-003/2024(H5N1)	365	12197
NP|PP755592.1|A/cattle/Texas/24-008749-003/2024(H5N1)	366	12317
NP|PP755592.1|A/cattle/Texas/24-008749-003/2024(H5N1)	367	12386
NP|PP755592.1|A/cattle/Texas/24-008749-003/2024(H5N1)	368	12190
NP|PP755592.1|A/cattle/Texas/24-008749-003/2024(H5N1)	369	12286
NP|PP755592.1|A/cattle/Texas/24-008749-003/2024(H5N1)	370	12320
NP|PP755592.1|A/cattle/Texas/24-008749-003/2024(H5N1)	371	12390
NP|PP755592.1|A/cattle/Texas/24-008749-003/2024(H5N1)	372	12505
NP|PP755592.1|A/cattle/Texas/24-008749-003/2024(H5N1)	373	12500
NP|PP755592.1|A/cattle/Texas/24-008749-003/2024(H5N1)	374	13295
NP|PP755592.1|A/cattle/Texas/24-008749-003/2024(H5N1)	375	13129
NP|PP755592.1|A/cattle/Texas/24-008749-003/2024(H5N1)	376	12951
NP|PP755592.1|A/cattle/Texas/24-008749-003/2024(H5N1)	377	12945
NP|PP755592.1|A/cattle/Texas/24-008749-003/2024(H5N1)	378	12868
NP|PP755592.1|A/cattle/Texas/24-008749-003/2024(H5N1)	379	12859
NP|PP755592.1|A/cattle/Texas/24-008749-003/2024(H5N1)	380	12754
NP|PP755592.1|A/cattle/Texas/24-008749-003/2024(H5N1)	381	13225
NP|PP755592.1|A/cattle/Texas/24-008749-003/2024(H5N1)	382	13138
NP|PP755592.1|A/cattle/Texas/24-008749-003/2024(H5N1)	383	13313
NP|PP755592.1|A/cattle/Texas/24-008749-003/2024(H5N1)	384	13268
NP|PP755592.1|A/cattle/Texas/24-008749-003/2024(H5N1)	385	13240
NP|PP755592.1|A/cattle/Texas/24-008749-003/2024(H5N1)	386	13253
NP|PP755592.1|A/cattle/Texas/24-008749-003/2024(H5N1)	387	13250
NP|PP755592.1|A/cattle/Texas/24-008749-003/2024(H5N1)	388	13233
NP|PP755592.1|A/cattle/Texas/24-008749-003/2024(H5N1)	389	13279
NP|PP755592.1|A/cattle/Texas/24-008749-003/2024(H5N1)	390	12750
NP|PP755592.1|A/cattle/Texas/24-008749-003/2024(H5N1)	391	12759
NP|PP755592.1|A/cattle/Texas/24-008749-003/2024(H5N1)	392	12740
NP|PP755592.1|A/cattle/Texas/24-008749-003/2024(H5N1)	393	12700
NP|PP755592.1|A/cattle/Texas/24-008749-003/2024(H5N1)	394	12786
NP|PP755592.1|A/cattle/Texas/24-008749-003/2024(H5N1)	395	12777
NP|PP755592.1|A/cattle/Texas/24-008749-003/2024(H5N1)	396	12787
NP|PP755592.1|A/cattle/Texas/24-008749-003/2024(H5N1)	397	12504
NP|PP755592.1|A/cattle/Texas/24-008749-003/2024(H5N1)	398	12276
NP|PP755592.1|A/cattle/Texas/24-008749-003/2024(H5N1)	399	12306
NP|PP755592.1|A/cattle/Texas/24-008749-003/2024(H5N1)	400	12283
NP|PP755592.1|A/cattle/Texas/24-008749-003/2024(H5N1)	401	11834
NP|PP755592.1|A/cattle/Texas/24-008749-003/2024(H5N1)	402	11959
NP|PP755592.1|A/cattle/Texas/24-008749-003/2024(H5N1)	403	11684
NP|PP755592.1|A/cattle/Texas/24-008749-003/2024(H5N1)	404	11718
NP|PP755592.1|A/cattle/Texas/24-008749-003/2024(H5N1)	405	11807
NP|PP755592.1|A/cattle/Texas/24-008749-003/2024(H5N1)	406	11870
NP|PP755592.1|A/cattle/Texas/24-008749-003/2024(H5N1)	407	11866
NP|PP755592.1|A/cattle/Texas/24-008749-003/2024(H5N1)	408	11824
NP|PP755592.1|A/cattle/Texas/24-008749-003/2024(H5N1)	409	11803
NP|PP755592.1|A/cattle/Texas/24-008749-003/2024(H5N1)	410	11789
NP|PP755592.1|A/cattle/Texas/24-008749-003/2024(H5N1)	411	11796
NP|PP755592.1|A/cattle/Texas/24-008749-003/2024(H5N1)	412	11708
NP|PP755592.1|A/cattle/Texas/24-008749-003/2024(H5N1)	413	11888
NP|PP755592.1|A/cattle/Texas/24-008749-003/2024(H5N1)	414	11714
NP|PP755592.1|A/cattle/Texas/24-008749-003/2024(H5N1)	415	11719
NP|PP755592.1|A/cattle/Texas/24-008749-003/2024(H5N1)	416	11657
NP|PP755592.1|A/cattle/Texas/24-008749-003/2024(H5N1)	417	11659
NP|PP755592.1|A/cattle/Texas/24-008749-003/2024(H5N1)	418	11722
NP|PP755592.1|A/cattle/Texas/24-008749-003/2024(H5N1)	419	11799
NP|PP755592.1|A/cattle/Texas/24-008749-003/2024(H5N1)	420	11798
NP|PP755592.1|A/cattle/Texas/24-008749-003/2024(H5N1)	421	11768
NP|PP755592.1|A/cattle/Texas/24-008749-003/2024(H5N1)	422	11769
NP|PP755592.1|A/cattle/Texas/24-008749-003/2024(H5N1)	423	11731
NP|PP755592.1|A/cattle/Texas/24-008749-003/2024(H5N1)	424	11912
NP|PP755592.1|A/cattle/Texas/24-008749-003/2024(H5N1)	425	11941
NP|PP755592.1|A/cattle/Texas/24-008749-003/2024(H5N1)	426	11910
NP|PP755592.1|A/cattle/Texas/24-008749-003/2024(H5N1)	427	11925
NP|PP755592.1|A/cattle/Texas/24-008749-003/2024(H5N1)	428	11854
NP|PP755592.1|A/cattle/Texas/24-008749-003/2024(H5N1)	429	11968
NP|PP755592.1|A/cattle/Texas/24-008749-003/2024(H5N1)	430	11976
NP|PP755592.1|A/cattle/Texas/24-008749-003/2024(H5N1)	431	11898
NP|PP755592.1|A/cattle/Texas/24-008749-003/2024(H5N1)	432	11904
NP|PP755592.1|A/cattle/Texas/24-008749-003/2024(H5N1)	433	11795
NP|PP755592.1|A/cattle/Texas/24-008749-003/2024(H5N1)	434	11814
NP|PP755592.1|A/cattle/Texas/24-008749-003/2024(H5N1)	435	11816
NP|PP755592.1|A/cattle/Texas/24-008749-003/2024(H5N1)	436	11870
NP|PP755592.1|A/cattle/Texas/24-008749-003/2024(H5N1)	437	11826
NP|PP755592.1|A/cattle/Texas/24-008749-003/2024(H5N1)	438	11613
NP|PP755592.1|A/cattle/Texas/24-008749-003/2024(H5N1)	439	11720
NP|PP755592.1|A/cattle/Texas/24-008749-003/2024(H5N1)	440	11715
NP|PP755592.1|A/cattle/Texas/24-008749-003/2024(H5N1)	441	11750
NP|PP755592.1|A/cattle/Texas/24-008749-003/2024(H5N1)	442	11746
NP|PP755592.1|A/cattle/Texas/24-008749-003/2024(H5N1)	443	11649
NP|PP755592.1|A/cattle/Texas/24-008749-003/2024(H5N1)	444	11525
NP|PP755592.1|A/cattle/Texas/24-008749-003/2024(H5N1)	445	11469
NP|PP755592.1|A/cattle/Texas/24-008749-003/2024(H5N1)	446	11234
NP|PP755592.1|A/cattle/Texas/24-008749-003/2024(H5N1)	447	11260
NP|PP755592.1|A/cattle/Texas/24-008749-003/2024(H5N1)	448	11187
NP|PP755592.1|A/cattle/Texas/24-008749-003/2024(H5N1)	449	11432
NP|PP755592.1|A/cattle/Texas/24-008749-003/2024(H5N1)	450	11410
NP|PP755592.1|A/cattle/Texas/24-008749-003/2024(H5N1)	451	11419
NP|PP755592.1|A/cattle/Texas/24-008749-003/2024(H5N1)	452	11435
NP|PP755592.1|A/cattle/Texas/24-008749-003/2024(H5N1)	453	11205
NP|PP755592.1|A/cattle/Texas/24-008749-003/2024(H5N1)	454	11194
NP|PP755592.1|A/cattle/Texas/24-008749-003/2024(H5N1)	455	11283
NP|PP755592.1|A/cattle/Texas/24-008749-003/2024(H5N1)	456	11260
NP|PP755592.1|A/cattle/Texas/24-008749-003/2024(H5N1)	457	11288
NP|PP755592.1|A/cattle/Texas/24-008749-003/2024(H5N1)	458	11106
NP|PP755592.1|A/cattle/Texas/24-008749-003/2024(H5N1)	459	11107
NP|PP755592.1|A/cattle/Texas/24-008749-003/2024(H5N1)	460	11055
NP|PP755592.1|A/cattle/Texas/24-008749-003/2024(H5N1)	461	11014
NP|PP755592.1|A/cattle/Texas/24-008749-003/2024(H5N1)	462	11079
NP|PP755592.1|A/cattle/Texas/24-008749-003/2024(H5N1)	463	11088
NP|PP755592.1|A/cattle/Texas/24-008749-003/2024(H5N1)	464	10983
NP|PP755592.1|A/cattle/Texas/24-008749-003/2024(H5N1)	465	10974
NP|PP755592.1|A/cattle/Texas/24-008749-003/2024(H5N1)	466	10910
NP|PP755592.1|A/cattle/Texas/24-008749-003/2024(H5N1)	467	10969
NP|PP755592.1|A/cattle/Texas/24-008749-003/2024(H5N1)	468	11015
NP|PP755592.1|A/cattle/Texas/24-008749-003/2024(H5N1)	469	10781
NP|PP755592.1|A/cattle/Texas/24-008749-003/2024(H5N1)	470	10558
NP|PP755592.1|A/cattle/Texas/24-008749-003/2024(H5N1)	471	10535
NP|PP755592.1|A/cattle/Texas/24-008749-003/2024(H5N1)	472	10733
NP|PP755592.1|A/cattle/Texas/24-008749-003/2024(H5N1)	473	10769
NP|PP755592.1|A/cattle/Texas/24-008749-003/2024(H5N1)	474	10872
NP|PP755592.1|A/cattle/Texas/24-008749-003/2024(H5N1)	475	10868
NP|PP755592.1|A/cattle/Texas/24-008749-003/2024(H5N1)	476	10708
NP|PP755592.1|A/cattle/Texas/24-008749-003/2024(H5N1)	477	10710
NP|PP755592.1|A/cattle/Texas/24-008749-003/2024(H5N1)	478	10743
NP|PP755592.1|A/cattle/Texas/24-008749-003/2024(H5N1)	479	10813
NP|PP755592.1|A/cattle/Texas/24-008749-003/2024(H5N1)	480	11066
NP|PP755592.1|A/cattle/Texas/24-008749-003/2024(H5N1)	481	10865
NP|PP755592.1|A/cattle/Texas/24-008749-003/2024(H5N1)	482	10798
NP|PP755592.1|A/cattle/Texas/24-008749-003/2024(H5N1)	483	10866
NP|PP755592.1|A/cattle/Texas/24-008749-003/2024(H5N1)	484	10951
NP|PP755592.1|A/cattle/Texas/24-008749-003/2024(H5N1)	485	10963
NP|PP755592.1|A/cattle/Texas/24-008749-003/2024(H5N1)	486	10840
NP|PP755592.1|A/cattle/Texas/24-008749-003/2024(H5N1)	487	10844
NP|PP755592.1|A/cattle/Texas/24-008749-003/2024(H5N1)	488	10347
NP|PP755592.1|A/cattle/Texas/24-008749-003/2024(H5N1)	489	10233
NP|PP755592.1|A/cattle/Texas/24-008749-003/2024(H5N1)	490	10143
NP|PP755592.1|A/cattle/Texas/24-008749-003/2024(H5N1)	491	10139
NP|PP755592.1|A/cattle/Texas/24-008749-003/2024(H5N1)	492	10145
NP|PP755592.1|A/cattle/Texas/24-008749-003/2024(H5N1)	493	10040
NP|PP755592.1|A/cattle/Texas/24-008749-003/2024(H5N1)	494	10213
NP|PP755592.1|A/cattle/Texas/24-008749-003/2024(H5N1)	495	10099
NP|PP755592.1|A/cattle/Texas/24-008749-003/2024(H5N1)	496	10306
NP|PP755592.1|A/cattle/Texas/24-008749-003/2024(H5N1)	497	10318
NP|PP755592.1|A/cattle/Texas/24-008749-003/2024(H5N1)	498	10282
NP|PP755592.1|A/cattle/Texas/24-008749-003/2024(H5N1)	499	10573
NP|PP755592.1|A/cattle/Texas/24-008749-003/2024(H5N1)	500	10538
NP|PP755592.1|A/cattle/Texas/24-008749-003/2024(H5N1)	501	10504
NP|PP755592.1|A/cattle/Texas/24-008749-003/2024(H5N1)	502	10526
NP|PP755592.1|A/cattle/Texas/24-008749-003/2024(H5N1)	503	10266
NP|PP755592.1|A/cattle/Texas/24-008749-003/2024(H5N1)	504	10353
NP|PP755592.1|A/cattle/Texas/24-008749-003/2024(H5N1)	505	10229
NP|PP755592.1|A/cattle/Texas/24-008749-003/2024(H5N1)	506	10705
NP|PP755592.1|A/cattle/Texas/24-008749-003/2024(H5N1)	507	10693
NP|PP755592.1|A/cattle/Texas/24-008749-003/2024(H5N1)	508	10590
NP|PP755592.1|A/cattle/Texas/24-008749-003/2024(H5N1)	509	10598
NP|PP755592.1|A/cattle/Texas/24-008749-003/2024(H5N1)	510	10966
NP|PP755592.1|A/cattle/Texas/24-008749-003/2024(H5N1)	511	11086
NP|PP755592.1|A/cattle/Texas/24-008749-003/2024(H5N1)	512	11118
NP|PP755592.1|A/cattle/Texas/24-008749-003/2024(H5N1)	513	11030
NP|PP755592.1|A/cattle/Texas/24-008749-003/2024(H5N1)	514	11216
NP|PP755592.1|A/cattle/Texas/24-008749-003/2024(H5N1)	515	10944
NP|PP755592.1|A/cattle/Texas/24-008749-003/2024(H5N1)	516	11809
NP|PP755592.1|A/cattle/Texas/24-008749-003/2024(H5N1)	517	11768
NP|PP755592.1|A/cattle/Texas/24-008749-003/2024(H5N1)	518	11706
NP|PP755592.1|A/cattle/Texas/24-008749-003/2024(H5N1)	519	11741
NP|PP755592.1|A/cattle/Texas/24-008749-003/2024(H5N1)	520	11689
NP|PP755592.1|A/cattle/Texas/24-008749-003/2024(H5N1)	521	11671
NP|PP755592.1|A/cattle/Texas/24-008749-003/2024(H5N1)	522	11622
NP|PP755592.1|A/cattle/Texas/24-008749-003/2024(H5N1)	523	11450
NP|PP755592.1|A/cattle/Texas/24-008749-003/2024(H5N1)	524	11465
NP|PP755592.1|A/cattle/Texas/24-008749-003/2024(H5N1)	525	10848
NP|PP755592.1|A/cattle/Texas/24-008749-003/2024(H5N1)	526	10874
NP|PP755592.1|A/cattle/Texas/24-008749-003/2024(H5N1)	527	10847
NP|PP755592.1|A/cattle/Texas/24-008749-003/2024(H5N1)	528	10842
NP|PP755592.1|A/cattle/Texas/24-008749-003/2024(H5N1)	529	10828
NP|PP755592.1|A/cattle/Texas/24-008749-003/2024(H5N1)	530	10850
NP|PP755592.1|A/cattle/Texas/24-008749-003/2024(H5N1)	531	10849
NP|PP755592.1|A/cattle/Texas/24-008749-003/2024(H5N1)	532	10490
NP|PP755592.1|A/cattle/Texas/24-008749-003/2024(H5N1)	533	10433
NP|PP755592.1|A/cattle/Texas/24-008749-003/2024(H5N1)	534	10361
NP|PP755592.1|A/cattle/Texas/24-008749-003/2024(H5N1)	535	10443
NP|PP755592.1|A/cattle/Texas/24-008749-003/2024(H5N1)	536	10425
NP|PP755592.1|A/cattle/Texas/24-008749-003/2024(H5N1)	537	10429
NP|PP755592.1|A/cattle/Texas/24-008749-003/2024(H5N1)	538	10445
NP|PP755592.1|A/cattle/Texas/24-008749-003/2024(H5N1)	539	10541
NP|PP755592.1|A/cattle/Texas/24-008749-003/2024(H5N1)	540	10405
NP|PP755592.1|A/cattle/Texas/24-008749-003/2024(H5N1)	541	10407
NP|PP755592.1|A/cattle/Texas/24-008749-003/2024(H5N1)	542	10424
NP|PP755592.1|A/cattle/Texas/24-008749-003/2024(H5N1)	543	10338
NP|PP755592.1|A/cattle/Texas/24-008749-003/2024(H5N1)	544	10498
NP|PP755592.1|A/cattle/Texas/24-008749-003/2024(H5N1)	545	10393
NP|PP755592.1|A/cattle/Texas/24-008749-003/2024(H5N1)	546	10510
NP|PP755592.1|A/cattle/Texas/24-008749-003/2024(H5N1)	547	10672
NP|PP755592.1|A/cattle/Texas/24-008749-003/2024(H5N1)	548	10947
NP|PP755592.1|A/cattle/Texas/24-008749-003/2024(H5N1)	549	10972
NP|PP755592.1|A/cattle/Texas/24-008749-003/2024(H5N1)	550	10946
NP|PP755592.1|A/cattle/Texas/24-008749-003/2024(H5N1)	551	10954
NP|PP755592.1|A/cattle/Texas/24-008749-003/2024(H5N1)	552	10945
NP|PP755592.1|A/cattle/Texas/24-008749-003/2024(H5N1)	553	10782
NP|PP755592.1|A/cattle/Texas/24-008749-003/2024(H5N1)	554	11295
NP|PP755592.1|A/cattle/Texas/24-008749-003/2024(H5N1)	555	11222
NP|PP755592.1|A/cattle/Texas/24-008749-003/2024(H5N1)	556	11148
NP|PP755592.1|A/cattle/Texas/24-008749-003/2024(H5N1)	557	11194
NP|PP755592.1|A/cattle/Texas/24-008749-003/2024(H5N1)	558	11208
NP|PP755592.1|A/cattle/Texas/24-008749-003/2024(H5N1)	559	11216
NP|PP755592.1|A/cattle/Texas/24-008749-003/2024(H5N1)	560	11457
NP|PP755592.1|A/cattle/Texas/24-008749-003/2024(H5N1)	561	11481
NP|PP755592.1|A/cattle/Texas/24-008749-003/2024(H5N1)	562	11474
NP|PP755592.1|A/cattle/Texas/24-008749-003/2024(H5N1)	563	11441
NP|PP755592.1|A/cattle/Texas/24-008749-003/2024(H5N1)	564	11165
NP|PP755592.1|A/cattle/Texas/24-008749-003/2024(H5N1)	565	11383
NP|PP755592.1|A/cattle/Texas/24-008749-003/2024(H5N1)	566	11480
NP|PP755592.1|A/cattle/Texas/24-008749-003/2024(H5N1)	567	11507
NP|PP755592.1|A/cattle/Texas/24-008749-003/2024(H5N1)	568	11543
NP|PP755592.1|A/cattle/Texas/24-008749-003/2024(H5N1)	569	11385
NP|PP755592.1|A/cattle/Texas/24-008749-003/2024(H5N1)	570	11892
NP|PP755592.1|A/cattle/Texas/24-008749-003/2024(H5N1)	571	11929
NP|PP755592.1|A/cattle/Texas/24-008749-003/2024(H5N1)	572	11923
NP|PP755592.1|A/cattle/Texas/24-008749-003/2024(H5N1)	573	11925
NP|PP755592.1|A/cattle/Texas/24-008749-003/2024(H5N1)	574	11998
NP|PP755592.1|A/cattle/Texas/24-008749-003/2024(H5N1)	575	11840
NP|PP755592.1|A/cattle/Texas/24-008749-003/2024(H5N1)	576	12036
NP|PP755592.1|A/cattle/Texas/24-008749-003/2024(H5N1)	577	12017
NP|PP755592.1|A/cattle/Texas/24-008749-003/2024(H5N1)	578	12014
NP|PP755592.1|A/cattle/Texas/24-008749-003/2024(H5N1)	579	12100
NP|PP755592.1|A/cattle/Texas/24-008749-003/2024(H5N1)	580	12116
NP|PP755592.1|A/cattle/Texas/24-008749-003/2024(H5N1)	581	12224
NP|PP755592.1|A/cattle/Texas/24-008749-003/2024(H5N1)	582	12282
NP|PP755592.1|A/cattle/Texas/24-008749-003/2024(H5N1)	583	12175
NP|PP755592.1|A/cattle/Texas/24-008749-003/2024(H5N1)	584	12178
NP|PP755592.1|A/cattle/Texas/24-008749-003/2024(H5N1)	585	12106
NP|PP755592.1|A/cattle/Texas/24-008749-003/2024(H5N1)	586	12163
NP|PP755592.1|A/cattle/Texas/24-008749-003/2024(H5N1)	587	12098
NP|PP755592.1|A/cattle/Texas/24-008749-003/2024(H5N1)	588	12109
NP|PP755592.1|A/cattle/Texas/24-008749-003/2024(H5N1)	589	12113
NP|PP755592.1|A/cattle/Texas/24-008749-003/2024(H5N1)	590	12051
NP|PP755592.1|A/cattle/Texas/24-008749-003/2024(H5N1)	591	12045
NP|PP755592.1|A/cattle/Texas/24-008749-003/2024(H5N1)	592	12064
NP|PP755592.1|A/cattle/Texas/24-008749-003/2024(H5N1)	593	12213
NP|PP755592.1|A/cattle/Texas/24-008749-003/2024(H5N1)	594	12202
NP|PP755592.1|A/cattle/Texas/24-008749-003/2024(H5N1)	595	12051
NP|PP755592.1|A/cattle/Texas/24-008749-003/2024(H5N1)	596	12049
NP|PP755592.1|A/cattle/Texas/24-008749-003/2024(H5N1)	597	11929
NP|PP755592.1|A/cattle/Texas/24-008749-003/2024(H5N1)	598	11892
NP|PP755592.1|A/cattle/Texas/24-008749-003/2024(H5N1)	599	12084
NP|PP755592.1|A/cattle/Texas/24-008749-003/2024(H5N1)	600	11910
NP|PP755592.1|A/cattle/Texas/24-008749-003/2024(H5N1)	601	11963
NP|PP755592.1|A/cattle/Texas/24-008749-003/2024(H5N1)	602	11907
NP|PP755592.1|A/cattle/Texas/24-008749-003/2024(H5N1)	603	11884
NP|PP755592.1|A/cattle/Texas/24-008749-003/2024(H5N1)	604	11922
NP|PP755592.1|A/cattle/Texas/24-008749-003/2024(H5N1)	605	11938
NP|PP755592.1|A/cattle/Texas/24-008749-003/2024(H5N1)	606	11804
NP|PP755592.1|A/cattle/Texas/24-008749-003/2024(H5N1)	607	11816
NP|PP755592.1|A/cattle/Texas/24-008749-003/2024(H5N1)	608	11728
NP|PP755592.1|A/cattle/Texas/24-008749-003/2024(H5N1)	609	11670
NP|PP755592.1|A/cattle/Texas/24-008749-003/2024(H5N1)	610	11513
NP|PP755592.1|A/cattle/Texas/24-008749-003/2024(H5N1)	611	11505
NP|PP755592.1|A/cattle/Texas/24-008749-003/2024(H5N1)	612	11562
NP|PP755592.1|A/cattle/Texas/24-008749-003/2024(H5N1)	613	11559
NP|PP755592.1|A/cattle/Texas/24-008749-003/2024(H5N1)	614	11608
NP|PP755592.1|A/cattle/Texas/24-008749-003/2024(H5N1)	615	11786
NP|PP755592.1|A/cattle/Texas/24-008749-003/2024(H5N1)	616	11816
NP|PP755592.1|A/cattle/Texas/24-008749-003/2024(H5N1)	617	11814
NP|PP755592.1|A/cattle/Texas/24-008749-003/2024(H5N1)	618	11632
NP|PP755592.1|A/cattle/Texas/24-008749-003/2024(H5N1)	619	11633
NP|PP755592.1|A/cattle/Texas/24-008749-003/2024(H5N1)	620	11637
NP|PP755592.1|A/cattle/Texas/24-008749-003/2024(H5N1)	621	11635
NP|PP755592.1|A/cattle/Texas/24-008749-003/2024(H5N1)	622	11691
NP|PP755592.1|A/cattle/Texas/24-008749-003/2024(H5N1)	623	11500
NP|PP755592.1|A/cattle/Texas/24-008749-003/2024(H5N1)	624	11333
NP|PP755592.1|A/cattle/Texas/24-008749-003/2024(H5N1)	625	11446
NP|PP755592.1|A/cattle/Texas/24-008749-003/2024(H5N1)	626	11470
NP|PP755592.1|A/cattle/Texas/24-008749-003/2024(H5N1)	627	11496
NP|PP755592.1|A/cattle/Texas/24-008749-003/2024(H5N1)	628	11498
NP|PP755592.1|A/cattle/Texas/24-008749-003/2024(H5N1)	629	11474
NP|PP755592.1|A/cattle/Texas/24-008749-003/2024(H5N1)	630	11134
NP|PP755592.1|A/cattle/Texas/24-008749-003/2024(H5N1)	631	10959
NP|PP755592.1|A/cattle/Texas/24-008749-003/2024(H5N1)	632	10937
NP|PP755592.1|A/cattle/Texas/24-008749-003/2024(H5N1)	633	10936
NP|PP755592.1|A/cattle/Texas/24-008749-003/2024(H5N1)	634	10860
NP|PP755592.1|A/cattle/Texas/24-008749-003/2024(H5N1)	635	10792
NP|PP755592.1|A/cattle/Texas/24-008749-003/2024(H5N1)	636	10844
NP|PP755592.1|A/cattle/Texas/24-008749-003/2024(H5N1)	637	10784
NP|PP755592.1|A/cattle/Texas/24-008749-003/2024(H5N1)	638	10747
NP|PP755592.1|A/cattle/Texas/24-008749-003/2024(H5N1)	639	10809
NP|PP755592.1|A/cattle/Texas/24-008749-003/2024(H5N1)	640	10740
NP|PP755592.1|A/cattle/Texas/24-008749-003/2024(H5N1)	641	11022
NP|PP755592.1|A/cattle/Texas/24-008749-003/2024(H5N1)	642	11238
NP|PP755592.1|A/cattle/Texas/24-008749-003/2024(H5N1)	643	11241
NP|PP755592.1|A/cattle/Texas/24-008749-003/2024(H5N1)	644	11013
NP|PP755592.1|A/cattle/Texas/24-008749-003/2024(H5N1)	645	11010
NP|PP755592.1|A/cattle/Texas/24-008749-003/2024(H5N1)	646	11003
NP|PP755592.1|A/cattle/Texas/24-008749-003/2024(H5N1)	647	10960
NP|PP755592.1|A/cattle/Texas/24-008749-003/2024(H5N1)	648	11253
NP|PP755592.1|A/cattle/Texas/24-008749-003/2024(H5N1)	649	11243
NP|PP755592.1|A/cattle/Texas/24-008749-003/2024(H5N1)	650	11218
NP|PP755592.1|A/cattle/Texas/24-008749-003/2024(H5N1)	651	11237
NP|PP755592.1|A/cattle/Texas/24-008749-003/2024(H5N1)	652	11747
NP|PP755592.1|A/cattle/Texas/24-008749-003/2024(H5N1)	653	11777
NP|PP755592.1|A/cattle/Texas/24-008749-003/2024(H5N1)	654	11667
NP|PP755592.1|A/cattle/Texas/24-008749-003/2024(H5N1)	655	11642
NP|PP755592.1|A/cattle/Texas/24-008749-003/2024(H5N1)	656	11642
NP|PP755592.1|A/cattle/Texas/24-008749-003/2024(H5N1)	657	11336
NP|PP755592.1|A/cattle/Texas/24-008749-003/2024(H5N1)	658	11348
NP|PP755592.1|A/cattle/Texas/24-008749-003/2024(H5N1)	659	11423
NP|PP755592.1|A/cattle/Texas/24-008749-003/2024(H5N1)	660	11413
NP|PP755592.1|A/cattle/Texas/24-008749-003/2024(H5N1)	661	11019
NP|PP755592.1|A/cattle/Texas/24-008749-003/2024(H5N1)	662	10940
NP|PP755592.1|A/cattle/Texas/24-008749-003/2024(H5N1)	663	11110
NP|PP755592.1|A/cattle/Texas/24-008749-003/2024(H5N1)	664	11194
NP|PP755592.1|A/cattle/Texas/24-008749-003/2024(H5N1)	665	10964
NP|PP755592.1|A/cattle/Texas/24-008749-003/2024(H5N1)	666	11082
NP|PP755592.1|A/cattle/Texas/24-008749-003/2024(H5N1)	667	10265
NP|PP755592.1|A/cattle/Texas/24-008749-003/2024(H5N1)	668	10280
NP|PP755592.1|A/cattle/Texas/24-008749-003/2024(H5N1)	669	10436
NP|PP755592.1|A/cattle/Texas/24-008749-003/2024(H5N1)	670	10425
NP|PP755592.1|A/cattle/Texas/24-008749-003/2024(H5N1)	671	10439
NP|PP755592.1|A/cattle/Texas/24-008749-003/2024(H5N1)	672	10634
NP|PP755592.1|A/cattle/Texas/24-008749-003/2024(H5N1)	673	10589
NP|PP755592.1|A/cattle/Texas/24-008749-003/2024(H5N1)	674	10612
NP|PP755592.1|A/cattle/Texas/24-008749-003/2024(H5N1)	675	10408
NP|PP755592.1|A/cattle/Texas/24-008749-003/2024(H5N1)	676	10422
NP|PP755592.1|A/cattle/Texas/24-008749-003/2024(H5N1)	677	10493
NP|PP755592.1|A/cattle/Texas/24-008749-003/2024(H5N1)	678	10517
NP|PP755592.1|A/cattle/Texas/24-008749-003/2024(H5N1)	679	10521
NP|PP755592.1|A/cattle/Texas/24-008749-003/2024(H5N1)	680	10487
NP|PP755592.1|A/cattle/Texas/24-008749-003/2024(H5N1)	681	10484
NP|PP755592.1|A/cattle/Texas/24-008749-003/2024(H5N1)	682	10588
NP|PP755592.1|A/cattle/Texas/24-008749-003/2024(H5N1)	683	10628
NP|PP755592.1|A/cattle/Texas/24-008749-003/2024(H5N1)	684	10623
NP|PP755592.1|A/cattle/Texas/24-008749-003/2024(H5N1)	685	10573
NP|PP755592.1|A/cattle/Texas/24-008749-003/2024(H5N1)	686	10488
NP|PP755592.1|A/cattle/Texas/24-008749-003/2024(H5N1)	687	10799
NP|PP755592.1|A/cattle/Texas/24-008749-003/2024(H5N1)	688	10859
NP|PP755592.1|A/cattle/Texas/24-008749-003/2024(H5N1)	689	10826
NP|PP755592.1|A/cattle/Texas/24-008749-003/2024(H5N1)	690	10804
NP|PP755592.1|A/cattle/Texas/24-008749-003/2024(H5N1)	691	10746
NP|PP755592.1|A/cattle/Texas/24-008749-003/2024(H5N1)	692	10751
NP|PP755592.1|A/cattle/Texas/24-008749-003/2024(H5N1)	693	10758
NP|PP755592.1|A/cattle/Texas/24-008749-003/2024(H5N1)	694	10751
NP|PP755592.1|A/cattle/Texas/24-008749-003/2024(H5N1)	695	10902
NP|PP755592.1|A/cattle/Texas/24-008749-003/2024(H5N1)	696	10497
NP|PP755592.1|A/cattle/Texas/24-008749-003/2024(H5N1)	697	10493
NP|PP755592.1|A/cattle/Texas/24-008749-003/2024(H5N1)	698	10614
NP|PP755592.1|A/cattle/Texas/24-008749-003/2024(H5N1)	699	10583
NP|PP755592.1|A/cattle/Texas/24-008749-003/2024(H5N1)	700	10612
NP|PP755592.1|A/cattle/Texas/24-008749-003/2024(H5N1)	701	10687
NP|PP755592.1|A/cattle/Texas/24-008749-003/2024(H5N1)	702	10690
NP|PP755592.1|A/cattle/Texas/24-008749-003/2024(H5N1)	703	10940
NP|PP755592.1|A/cattle/Texas/24-008749-003/2024(H5N1)	704	10642
NP|PP755592.1|A/cattle/Texas/24-008749-003/2024(H5N1)	705	10385
NP|PP755592.1|A/cattle/Texas/24-008749-003/2024(H5N1)	706	10215
NP|PP755592.1|A/cattle/Texas/24-008749-003/2024(H5N1)	707	10391
NP|PP755592.1|A/cattle/Texas/24-008749-003/2024(H5N1)	708	10438
NP|PP755592.1|A/cattle/Texas/24-008749-003/2024(H5N1)	709	10394
NP|PP755592.1|A/cattle/Texas/24-008749-003/2024(H5N1)	710	10841
NP|PP755592.1|A/cattle/Texas/24-008749-003/2024(H5N1)	711	10831
NP|PP755592.1|A/cattle/Texas/24-008749-003/2024(H5N1)	712	11539
NP|PP755592.1|A/cattle/Texas/24-008749-003/2024(H5N1)	713	11648
NP|PP755592.1|A/cattle/Texas/24-008749-003/2024(H5N1)	714	11657
NP|PP755592.1|A/cattle/Texas/24-008749-003/2024(H5N1)	715	11673
NP|PP755592.1|A/cattle/Texas/24-008749-003/2024(H5N1)	716	11452
NP|PP755592.1|A/cattle/Texas/24-008749-003/2024(H5N1)	717	11365
NP|PP755592.1|A/cattle/Texas/24-008749-003/2024(H5N1)	718	11549
NP|PP755592.1|A/cattle/Texas/24-008749-003/2024(H5N1)	719	11580
NP|PP755592.1|A/cattle/Texas/24-008749-003/2024(H5N1)	720	11927
NP|PP755592.1|A/cattle/Texas/24-008749-003/2024(H5N1)	721	11284
NP|PP755592.1|A/cattle/Texas/24-008749-003/2024(H5N1)	722	11351
NP|PP755592.1|A/cattle/Texas/24-008749-003/2024(H5N1)	723	11463
NP|PP755592.1|A/cattle/Texas/24-008749-003/2024(H5N1)	724	11522
NP|PP755592.1|A/cattle/Texas/24-008749-003/2024(H5N1)	725	11414
NP|PP755592.1|A/cattle/Texas/24-008749-003/2024(H5N1)	726	11401
NP|PP755592.1|A/cattle/Texas/24-008749-003/2024(H5N1)	727	11185
NP|PP755592.1|A/cattle/Texas/24-008749-003/2024(H5N1)	728	11239
NP|PP755592.1|A/cattle/Texas/24-008749-003/2024(H5N1)	729	11282
NP|PP755592.1|A/cattle/Texas/24-008749-003/2024(H5N1)	730	11216
NP|PP755592.1|A/cattle/Texas/24-008749-003/2024(H5N1)	731	11089
NP|PP755592.1|A/cattle/Texas/24-008749-003/2024(H5N1)	732	10973
NP|PP755592.1|A/cattle/Texas/24-008749-003/2024(H5N1)	733	10917
NP|PP755592.1|A/cattle/Texas/24-008749-003/2024(H5N1)	734	10973
NP|PP755592.1|A/cattle/Texas/24-008749-003/2024(H5N1)	735	11010
NP|PP755592.1|A/cattle/Texas/24-008749-003/2024(H5N1)	736	11053
NP|PP755592.1|A/cattle/Texas/24-008749-003/2024(H5N1)	737	11020
NP|PP755592.1|A/cattle/Texas/24-008749-003/2024(H5N1)	738	11009
NP|PP755592.1|A/cattle/Texas/24-008749-003/2024(H5N1)	739	10951
NP|PP755592.1|A/cattle/Texas/24-008749-003/2024(H5N1)	740	11115
NP|PP755592.1|A/cattle/Texas/24-008749-003/2024(H5N1)	741	11212
NP|PP755592.1|A/cattle/Texas/24-008749-003/2024(H5N1)	742	11264
NP|PP755592.1|A/cattle/Texas/24-008749-003/2024(H5N1)	743	11181
NP|PP755592.1|A/cattle/Texas/24-008749-003/2024(H5N1)	744	11098
NP|PP755592.1|A/cattle/Texas/24-008749-003/2024(H5N1)	745	11113
NP|PP755592.1|A/cattle/Texas/24-008749-003/2024(H5N1)	746	11147
NP|PP755592.1|A/cattle/Texas/24-008749-003/2024(H5N1)	747	11172
NP|PP755592.1|A/cattle/Texas/24-008749-003/2024(H5N1)	748	11215
NP|PP755592.1|A/cattle/Texas/24-008749-003/2024(H5N1)	749	11135
NP|PP755592.1|A/cattle/Texas/24-008749-003/2024(H5N1)	750	11022
NP|PP755592.1|A/cattle/Texas/24-008749-003/2024(H5N1)	751	10978
NP|PP755592.1|A/cattle/Texas/24-008749-003/2024(H5N1)	752	11077
NP|PP755592.1|A/cattle/Texas/24-008749-003/2024(H5N1)	753	11052
NP|PP755592.1|A/cattle/Texas/24-008749-003/2024(H5N1)	754	11058
NP|PP755592.1|A/cattle/Texas/24-008749-003/2024(H5N1)	755	11032
NP|PP755592.1|A/cattle/Texas/24-008749-003/2024(H5N1)	756	11093
NP|PP755592.1|A/cattle/Texas/24-008749-003/2024(H5N1)	757	11280
NP|PP755592.1|A/cattle/Texas/24-008749-003/2024(H5N1)	758	11274
NP|PP755592.1|A/cattle/Texas/24-008749-003/2024(H5N1)	759	11248
NP|PP755592.1|A/cattle/Texas/24-008749-003/2024(H5N1)	760	11248
NP|PP755592.1|A/cattle/Texas/24-008749-003/2024(H5N1)	761	11249
NP|PP755592.1|A/cattle/Texas/24-008749-003/2024(H5N1)	762	11250
NP|PP755592.1|A/cattle/Texas/24-008749-003/2024(H5N1)	763	11292
NP|PP755592.1|A/cattle/Texas/24-008749-003/2024(H5N1)	764	11345
NP|PP755592.1|A/cattle/Texas/24-008749-003/2024(H5N1)	765	11275
NP|PP755592.1|A/cattle/Texas/24-008749-003/2024(H5N1)	766	11223
NP|PP755592.1|A/cattle/Texas/24-008749-003/2024(H5N1)	767	11183
NP|PP755592.1|A/cattle/Texas/24-008749-003/2024(H5N1)	768	11256
NP|PP755592.1|A/cattle/Texas/24-008749-003/2024(H5N1)	769	11249
NP|PP755592.1|A/cattle/Texas/24-008749-003/2024(H5N1)	770	11251
NP|PP755592.1|A/cattle/Texas/24-008749-003/2024(H5N1)	771	11256
NP|PP755592.1|A/cattle/Texas/24-008749-003/2024(H5N1)	772	11145
NP|PP755592.1|A/cattle/Texas/24-008749-003/2024(H5N1)	773	11178
NP|PP755592.1|A/cattle/Texas/24-008749-003/2024(H5N1)	774	11161
NP|PP755592.1|A/cattle/Texas/24-008749-003/2024(H5N1)	775	11010
NP|PP755592.1|A/cattle/Texas/24-008749-003/2024(H5N1)	776	11022
NP|PP755592.1|A/cattle/Texas/24-008749-003/2024(H5N1)	777	11240
NP|PP755592.1|A/cattle/Texas/24-008749-003/2024(H5N1)	778	11244
NP|PP755592.1|A/cattle/Texas/24-008749-003/2024(H5N1)	779	11238
NP|PP755592.1|A/cattle/Texas/24-008749-003/2024(H5N1)	780	11236
NP|PP755592.1|A/cattle/Texas/24-008749-003/2024(H5N1)	781	11272
NP|PP755592.1|A/cattle/Texas/24-008749-003/2024(H5N1)	782	11322
NP|PP755592.1|A/cattle/Texas/24-008749-003/2024(H5N1)	783	11371
NP|PP755592.1|A/cattle/Texas/24-008749-003/2024(H5N1)	784	11390
NP|PP755592.1|A/cattle/Texas/24-008749-003/2024(H5N1)	785	11388
NP|PP755592.1|A/cattle/Texas/24-008749-003/2024(H5N1)	786	11337
NP|PP755592.1|A/cattle/Texas/24-008749-003/2024(H5N1)	787	11673
NP|PP755592.1|A/cattle/Texas/24-008749-003/2024(H5N1)	788	11717
NP|PP755592.1|A/cattle/Texas/24-008749-003/2024(H5N1)	789	11735
NP|PP755592.1|A/cattle/Texas/24-008749-003/2024(H5N1)	790	11530
NP|PP755592.1|A/cattle/Texas/24-008749-003/2024(H5N1)	791	11346
NP|PP755592.1|A/cattle/Texas/24-008749-003/2024(H5N1)	792	11596
NP|PP755592.1|A/cattle/Texas/24-008749-003/2024(H5N1)	793	11702
NP|PP755592.1|A/cattle/Texas/24-008749-003/2024(H5N1)	794	11808
NP|PP755592.1|A/cattle/Texas/24-008749-003/2024(H5N1)	795	11783
NP|PP755592.1|A/cattle/Texas/24-008749-003/2024(H5N1)	796	11428
NP|PP755592.1|A/cattle/Texas/24-008749-003/2024(H5N1)	797	11423
NP|PP755592.1|A/cattle/Texas/24-008749-003/2024(H5N1)	798	11345
NP|PP755592.1|A/cattle/Texas/24-008749-003/2024(H5N1)	799	11416
NP|PP755592.1|A/cattle/Texas/24-008749-003/2024(H5N1)	800	11496
NP|PP755592.1|A/cattle/Texas/24-008749-003/2024(H5N1)	801	11247
NP|PP755592.1|A/cattle/Texas/24-008749-003/2024(H5N1)	802	11155
NP|PP755592.1|A/cattle/Texas/24-008749-003/2024(H5N1)	803	10954
NP|PP755592.1|A/cattle/Texas/24-008749-003/2024(H5N1)	804	11318
NP|PP755592.1|A/cattle/Texas/24-008749-003/2024(H5N1)	805	11291
NP|PP755592.1|A/cattle/Texas/24-008749-003/2024(H5N1)	806	11245
NP|PP755592.1|A/cattle/Texas/24-008749-003/2024(H5N1)	807	11193
NP|PP755592.1|A/cattle/Texas/24-008749-003/2024(H5N1)	808	11191
NP|PP755592.1|A/cattle/Texas/24-008749-003/2024(H5N1)	809	11130
NP|PP755592.1|A/cattle/Texas/24-008749-003/2024(H5N1)	810	11093
NP|PP755592.1|A/cattle/Texas/24-008749-003/2024(H5N1)	811	11292
NP|PP755592.1|A/cattle/Texas/24-008749-003/2024(H5N1)	812	11047
NP|PP755592.1|A/cattle/Texas/24-008749-003/2024(H5N1)	813	11052
NP|PP755592.1|A/cattle/Texas/24-008749-003/2024(H5N1)	814	11271
NP|PP755592.1|A/cattle/Texas/24-008749-003/2024(H5N1)	815	11478
NP|PP755592.1|A/cattle/Texas/24-008749-003/2024(H5N1)	816	11481
NP|PP755592.1|A/cattle/Texas/24-008749-003/2024(H5N1)	817	11315
NP|PP755592.1|A/cattle/Texas/24-008749-003/2024(H5N1)	818	11388
NP|PP755592.1|A/cattle/Texas/24-008749-003/2024(H5N1)	819	11493
NP|PP755592.1|A/cattle/Texas/24-008749-003/2024(H5N1)	820	11340
NP|PP755592.1|A/cattle/Texas/24-008749-003/2024(H5N1)	821	11285
NP|PP755592.1|A/cattle/Texas/24-008749-003/2024(H5N1)	822	11235
NP|PP755592.1|A/cattle/Texas/24-008749-003/2024(H5N1)	823	10987
NP|PP755592.1|A/cattle/Texas/24-008749-003/2024(H5N1)	824	11037
NP|PP755592.1|A/cattle/Texas/24-008749-003/2024(H5N1)	825	11052
NP|PP755592.1|A/cattle/Texas/24-008749-003/2024(H5N1)	826	11104
NP|PP755592.1|A/cattle/Texas/24-008749-003/2024(H5N1)	827	11015
NP|PP755592.1|A/cattle/Texas/24-008749-003/2024(H5N1)	828	10966
NP|PP755592.1|A/cattle/Texas/24-008749-003/2024(H5N1)	829	11017
NP|PP755592.1|A/cattle/Texas/24-008749-003/2024(H5N1)	830	10970
NP|PP755592.1|A/cattle/Texas/24-008749-003/2024(H5N1)	831	10885
NP|PP755592.1|A/cattle/Texas/24-008749-003/2024(H5N1)	832	10922
NP|PP755592.1|A/cattle/Texas/24-008749-003/2024(H5N1)	833	10886
NP|PP755592.1|A/cattle/Texas/24-008749-003/2024(H5N1)	834	10891
NP|PP755592.1|A/cattle/Texas/24-008749-003/2024(H5N1)	835	10825
NP|PP755592.1|A/cattle/Texas/24-008749-003/2024(H5N1)	836	10828
NP|PP755592.1|A/cattle/Texas/24-008749-003/2024(H5N1)	837	10539
NP|PP755592.1|A/cattle/Texas/24-008749-003/2024(H5N1)	838	10584
NP|PP755592.1|A/cattle/Texas/24-008749-003/2024(H5N1)	839	10822
NP|PP755592.1|A/cattle/Texas/24-008749-003/2024(H5N1)	840	10900
NP|PP755592.1|A/cattle/Texas/24-008749-003/2024(H5N1)	841	10855
NP|PP755592.1|A/cattle/Texas/24-008749-003/2024(H5N1)	842	11253
NP|PP755592.1|A/cattle/Texas/24-008749-003/2024(H5N1)	843	11285
NP|PP755592.1|A/cattle/Texas/24-008749-003/2024(H5N1)	844	11279
NP|PP755592.1|A/cattle/Texas/24-008749-003/2024(H5N1)	845	11572
NP|PP755592.1|A/cattle/Texas/24-008749-003/2024(H5N1)	846	11302
NP|PP755592.1|A/cattle/Texas/24-008749-003/2024(H5N1)	847	11254
NP|PP755592.1|A/cattle/Texas/24-008749-003/2024(H5N1)	848	11026
NP|PP755592.1|A/cattle/Texas/24-008749-003/2024(H5N1)	849	10960
NP|PP755592.1|A/cattle/Texas/24-008749-003/2024(H5N1)	850	11764
NP|PP755592.1|A/cattle/Texas/24-008749-003/2024(H5N1)	851	11736
NP|PP755592.1|A/cattle/Texas/24-008749-003/2024(H5N1)	852	11931
NP|PP755592.1|A/cattle/Texas/24-008749-003/2024(H5N1)	853	11943
NP|PP755592.1|A/cattle/Texas/24-008749-003/2024(H5N1)	854	11810
NP|PP755592.1|A/cattle/Texas/24-008749-003/2024(H5N1)	855	11931
NP|PP755592.1|A/cattle/Texas/24-008749-003/2024(H5N1)	856	11939
NP|PP755592.1|A/cattle/Texas/24-008749-003/2024(H5N1)	857	11812
NP|PP755592.1|A/cattle/Texas/24-008749-003/2024(H5N1)	858	11784
NP|PP755592.1|A/cattle/Texas/24-008749-003/2024(H5N1)	859	10994
NP|PP755592.1|A/cattle/Texas/24-008749-003/2024(H5N1)	860	11067
NP|PP755592.1|A/cattle/Texas/24-008749-003/2024(H5N1)	861	11155
NP|PP755592.1|A/cattle/Texas/24-008749-003/2024(H5N1)	862	11570
NP|PP755592.1|A/cattle/Texas/24-008749-003/2024(H5N1)	863	11039
NP|PP755592.1|A/cattle/Texas/24-008749-003/2024(H5N1)	864	10928
NP|PP755592.1|A/cattle/Texas/24-008749-003/2024(H5N1)	865	10901
NP|PP755592.1|A/cattle/Texas/24-008749-003/2024(H5N1)	866	10887
NP|PP755592.1|A/cattle/Texas/24-008749-003/2024(H5N1)	867	10936
NP|PP755592.1|A/cattle/Texas/24-008749-003/2024(H5N1)	868	10936
NP|PP755592.1|A/cattle/Texas/24-008749-003/2024(H5N1)	869	10716
NP|PP755592.1|A/cattle/Texas/24-008749-003/2024(H5N1)	870	10807
NP|PP755592.1|A/cattle/Texas/24-008749-003/2024(H5N1)	871	10420
NP|PP755592.1|A/cattle/Texas/24-008749-003/2024(H5N1)	872	10424
NP|PP755592.1|A/cattle/Texas/24-008749-003/2024(H5N1)	873	10341
NP|PP755592.1|A/cattle/Texas/24-008749-003/2024(H5N1)	874	10242
NP|PP755592.1|A/cattle/Texas/24-008749-003/2024(H5N1)	875	10277
NP|PP755592.1|A/cattle/Texas/24-008749-003/2024(H5N1)	876	10282
NP|PP755592.1|A/cattle/Texas/24-008749-003/2024(H5N1)	877	10279
NP|PP755592.1|A/cattle/Texas/24-008749-003/2024(H5N1)	878	10374
NP|PP755592.1|A/cattle/Texas/24-008749-003/2024(H5N1)	879	10773
NP|PP755592.1|A/cattle/Texas/24-008749-003/2024(H5N1)	880	10922
NP|PP755592.1|A/cattle/Texas/24-008749-003/2024(H5N1)	881	10938
NP|PP755592.1|A/cattle/Texas/24-008749-003/2024(H5N1)	882	10980
NP|PP755592.1|A/cattle/Texas/24-008749-003/2024(H5N1)	883	11197
NP|PP755592.1|A/cattle/Texas/24-008749-003/2024(H5N1)	884	11198
NP|PP755592.1|A/cattle/Texas/24-008749-003/2024(H5N1)	885	11374
NP|PP755592.1|A/cattle/Texas/24-008749-003/2024(H5N1)	886	11342
NP|PP755592.1|A/cattle/Texas/24-008749-003/2024(H5N1)	887	11359
NP|PP755592.1|A/cattle/Texas/24-008749-003/2024(H5N1)	888	11393
NP|PP755592.1|A/cattle/Texas/24-008749-003/2024(H5N1)	889	11281
NP|PP755592.1|A/cattle/Texas/24-008749-003/2024(H5N1)	890	11266
NP|PP755592.1|A/cattle/Texas/24-008749-003/2024(H5N1)	891	11292
NP|PP755592.1|A/cattle/Texas/24-008749-003/2024(H5N1)	892	11132
NP|PP755592.1|A/cattle/Texas/24-008749-003/2024(H5N1)	893	11124
NP|PP755592.1|A/cattle/Texas/24-008749-003/2024(H5N1)	894	11196
NP|PP755592.1|A/cattle/Texas/24-008749-003/2024(H5N1)	895	11194
NP|PP755592.1|A/cattle/Texas/24-008749-003/2024(H5N1)	896	11218
NP|PP755592.1|A/cattle/Texas/24-008749-003/2024(H5N1)	897	11173
NP|PP755592.1|A/cattle/Texas/24-008749-003/2024(H5N1)	898	11154
NP|PP755592.1|A/cattle/Texas/24-008749-003/2024(H5N1)	899	11333
NP|PP755592.1|A/cattle/Texas/24-008749-003/2024(H5N1)	900	11324
NP|PP755592.1|A/cattle/Texas/24-008749-003/2024(H5N1)	901	11287
NP|PP755592.1|A/cattle/Texas/24-008749-003/2024(H5N1)	902	11293
NP|PP755592.1|A/cattle/Texas/24-008749-003/2024(H5N1)	903	11148
NP|PP755592.1|A/cattle/Texas/24-008749-003/2024(H5N1)	904	11195
NP|PP755592.1|A/cattle/Texas/24-008749-003/2024(H5N1)	905	11579
NP|PP755592.1|A/cattle/Texas/24-008749-003/2024(H5N1)	906	11589
NP|PP755592.1|A/cattle/Texas/24-008749-003/2024(H5N1)	907	11576
NP|PP755592.1|A/cattle/Texas/24-008749-003/2024(H5N1)	908	11437
NP|PP755592.1|A/cattle/Texas/24-008749-003/2024(H5N1)	909	11452
NP|PP755592.1|A/cattle/Texas/24-008749-003/2024(H5N1)	910	12106
NP|PP755592.1|A/cattle/Texas/24-008749-003/2024(H5N1)	911	12233
NP|PP755592.1|A/cattle/Texas/24-008749-003/2024(H5N1)	912	12252
NP|PP755592.1|A/cattle/Texas/24-008749-003/2024(H5N1)	913	12107
NP|PP755592.1|A/cattle/Texas/24-008749-003/2024(H5N1)	914	12108
NP|PP755592.1|A/cattle/Texas/24-008749-003/2024(H5N1)	915	12132
NP|PP755592.1|A/cattle/Texas/24-008749-003/2024(H5N1)	916	12074
NP|PP755592.1|A/cattle/Texas/24-008749-003/2024(H5N1)	917	11995
NP|PP755592.1|A/cattle/Texas/24-008749-003/2024(H5N1)	918	12084
NP|PP755592.1|A/cattle/Texas/24-008749-003/2024(H5N1)	919	12388
NP|PP755592.1|A/cattle/Texas/24-008749-003/2024(H5N1)	920	12385
NP|PP755592.1|A/cattle/Texas/24-008749-003/2024(H5N1)	921	12397
NP|PP755592.1|A/cattle/Texas/24-008749-003/2024(H5N1)	922	12600
NP|PP755592.1|A/cattle/Texas/24-008749-003/2024(H5N1)	923	12594
NP|PP755592.1|A/cattle/Texas/24-008749-003/2024(H5N1)	924	12646
NP|PP755592.1|A/cattle/Texas/24-008749-003/2024(H5N1)	925	12651
NP|PP755592.1|A/cattle/Texas/24-008749-003/2024(H5N1)	926	12677
NP|PP755592.1|A/cattle/Texas/24-008749-003/2024(H5N1)	927	12631
NP|PP755592.1|A/cattle/Texas/24-008749-003/2024(H5N1)	928	12319
NP|PP755592.1|A/cattle/Texas/24-008749-003/2024(H5N1)	929	12397
NP|PP755592.1|A/cattle/Texas/24-008749-003/2024(H5N1)	930	12534
NP|PP755592.1|A/cattle/Texas/24-008749-003/2024(H5N1)	931	12506
NP|PP755592.1|A/cattle/Texas/24-008749-003/2024(H5N1)	932	12607
NP|PP755592.1|A/cattle/Texas/24-008749-003/2024(H5N1)	933	12518
NP|PP755592.1|A/cattle/Texas/24-008749-003/2024(H5N1)	934	12567
NP|PP755592.1|A/cattle/Texas/24-008749-003/2024(H5N1)	935	12756
NP|PP755592.1|A/cattle/Texas/24-008749-003/2024(H5N1)	936	12510
NP|PP755592.1|A/cattle/Texas/24-008749-003/2024(H5N1)	937	12538
NP|PP755592.1|A/cattle/Texas/24-008749-003/2024(H5N1)	938	12456
NP|PP755592.1|A/cattle/Texas/24-008749-003/2024(H5N1)	939	12452
NP|PP755592.1|A/cattle/Texas/24-008749-003/2024(H5N1)	940	12526
NP|PP755592.1|A/cattle/Texas/24-008749-003/2024(H5N1)	941	12558
NP|PP755592.1|A/cattle/Texas/24-008749-003/2024(H5N1)	942	12577
NP|PP755592.1|A/cattle/Texas/24-008749-003/2024(H5N1)	943	12143
NP|PP755592.1|A/cattle/Texas/24-008749-003/2024(H5N1)	944	12144
NP|PP755592.1|A/cattle/Texas/24-008749-003/2024(H5N1)	945	12762
NP|PP755592.1|A/cattle/Texas/24-008749-003/2024(H5N1)	946	12765
NP|PP755592.1|A/cattle/Texas/24-008749-003/2024(H5N1)	947	12763
NP|PP755592.1|A/cattle/Texas/24-008749-003/2024(H5N1)	948	12724
NP|PP755592.1|A/cattle/Texas/24-008749-003/2024(H5N1)	949	12577
NP|PP755592.1|A/cattle/Texas/24-008749-003/2024(H5N1)	950	12572
NP|PP755592.1|A/cattle/Texas/24-008749-003/2024(H5N1)	951	12509
NP|PP755592.1|A/cattle/Texas/24-008749-003/2024(H5N1)	952	12464
NP|PP755592.1|A/cattle/Texas/24-008749-003/2024(H5N1)	953	12203
NP|PP755592.1|A/cattle/Texas/24-008749-003/2024(H5N1)	954	11756
NP|PP755592.1|A/cattle/Texas/24-008749-003/2024(H5N1)	955	11772
NP|PP755592.1|A/cattle/Texas/24-008749-003/2024(H5N1)	956	11765
NP|PP755592.1|A/cattle/Texas/24-008749-003/2024(H5N1)	957	11806
NP|PP755592.1|A/cattle/Texas/24-008749-003/2024(H5N1)	958	11806
NP|PP755592.1|A/cattle/Texas/24-008749-003/2024(H5N1)	959	11774
NP|PP755592.1|A/cattle/Texas/24-008749-003/2024(H5N1)	960	11808
NP|PP755592.1|A/cattle/Texas/24-008749-003/2024(H5N1)	961	11808
NP|PP755592.1|A/cattle/Texas/24-008749-003/2024(H5N1)	962	11652
NP|PP755592.1|A/cattle/Texas/24-008749-003/2024(H5N1)	963	11620
NP|PP755592.1|A/cattle/Texas/24-008749-003/2024(H5N1)	964	11357
NP|PP755592.1|A/cattle/Texas/24-008749-003/2024(H5N1)	965	11352
NP|PP755592.1|A/cattle/Texas/24-008749-003/2024(H5N1)	966	11106
NP|PP755592.1|A/cattle/Texas/24-008749-003/2024(H5N1)	967	11131
NP|PP755592.1|A/cattle/Texas/24-008749-003/2024(H5N1)	968	11226
NP|PP755592.1|A/cattle/Texas/24-008749-003/2024(H5N1)	969	11228
NP|PP755592.1|A/cattle/Texas/24-008749-003/2024(H5N1)	970	11294
NP|PP755592.1|A/cattle/Texas/24-008749-003/2024(H5N1)	971	11287
NP|PP755592.1|A/cattle/Texas/24-008749-003/2024(H5N1)	972	11266
NP|PP755592.1|A/cattle/Texas/24-008749-003/2024(H5N1)	973	11259
NP|PP755592.1|A/cattle/Texas/24-008749-003/2024(H5N1)	974	11280
NP|PP755592.1|A/cattle/Texas/24-008749-003/2024(H5N1)	975	11262
NP|PP755592.1|A/cattle/Texas/24-008749-003/2024(H5N1)	976	11223
NP|PP755592.1|A/cattle/Texas/24-008749-003/2024(H5N1)	977	11181
NP|PP755592.1|A/cattle/Texas/24-008749-003/2024(H5N1)	978	11260
NP|PP755592.1|A/cattle/Texas/24-008749-003/2024(H5N1)	979	11204
NP|PP755592.1|A/cattle/Texas/24-008749-003/2024(H5N1)	980	11171
NP|PP755592.1|A/cattle/Texas/24-008749-003/2024(H5N1)	981	11186
NP|PP755592.1|A/cattle/Texas/24-008749-003/2024(H5N1)	982	11217
NP|PP755592.1|A/cattle/Texas/24-008749-003/2024(H5N1)	983	11428
NP|PP755592.1|A/cattle/Texas/24-008749-003/2024(H5N1)	984	11989
NP|PP755592.1|A/cattle/Texas/24-008749-003/2024(H5N1)	985	12047
NP|PP755592.1|A/cattle/Texas/24-008749-003/2024(H5N1)	986	12211
NP|PP755592.1|A/cattle/Texas/24-008749-003/2024(H5N1)	987	12227
NP|PP755592.1|A/cattle/Texas/24-008749-003/2024(H5N1)	988	12202
NP|PP755592.1|A/cattle/Texas/24-008749-003/2024(H5N1)	989	12233
NP|PP755592.1|A/cattle/Texas/24-008749-003/2024(H5N1)	990	12008
NP|PP755592.1|A/cattle/Texas/24-008749-003/2024(H5N1)	991	12317
NP|PP755592.1|A/cattle/Texas/24-008749-003/2024(H5N1)	992	12358
NP|PP755592.1|A/cattle/Texas/24-008749-003/2024(H5N1)	993	11846
NP|PP755592.1|A/cattle/Texas/24-008749-003/2024(H5N1)	994	12078
NP|PP755592.1|A/cattle/Texas/24-008749-003/2024(H5N1)	995	11808
NP|PP755592.1|A/cattle/Texas/24-008749-003/2024(H5N1)	996	11999
NP|PP755592.1|A/cattle/Texas/24-008749-003/2024(H5N1)	997	12000
NP|PP755592.1|A/cattle/Texas/24-008749-003/2024(H5N1)	998	11925
NP|PP755592.1|A/cattle/Texas/24-008749-003/2024(H5N1)	999	11988
NP|PP755592.1|A/cattle/Texas/24-008749-003/2024(H5N1)	1000	11278
NP|PP755592.1|A/cattle/Texas/24-008749-003/2024(H5N1)	1001	11426
NP|PP755592.1|A/cattle/Texas/24-008749-003/2024(H5N1)	1002	11422
NP|PP755592.1|A/cattle/Texas/24-008749-003/2024(H5N1)	1003	11238
NP|PP755592.1|A/cattle/Texas/24-008749-003/2024(H5N1)	1004	11191
NP|PP755592.1|A/cattle/Texas/24-008749-003/2024(H5N1)	1005	11217
NP|PP755592.1|A/cattle/Texas/24-008749-003/2024(H5N1)	1006	11220
NP|PP755592.1|A/cattle/Texas/24-008749-003/2024(H5N1)	1007	11251
NP|PP755592.1|A/cattle/Texas/24-008749-003/2024(H5N1)	1008	11215
NP|PP755592.1|A/cattle/Texas/24-008749-003/2024(H5N1)	1009	11273
NP|PP755592.1|A/cattle/Texas/24-008749-003/2024(H5N1)	1010	11400
NP|PP755592.1|A/cattle/Texas/24-008749-003/2024(H5N1)	1011	11400
NP|PP755592.1|A/cattle/Texas/24-008749-003/2024(H5N1)	1012	11419
NP|PP755592.1|A/cattle/Texas/24-008749-003/2024(H5N1)	1013	11033
NP|PP755592.1|A/cattle/Texas/24-008749-003/2024(H5N1)	1014	11031
NP|PP755592.1|A/cattle/Texas/24-008749-003/2024(H5N1)	1015	11018
NP|PP755592.1|A/cattle/Texas/24-008749-003/2024(H5N1)	1016	11064
NP|PP755592.1|A/cattle/Texas/24-008749-003/2024(H5N1)	1017	11160
NP|PP755592.1|A/cattle/Texas/24-008749-003/2024(H5N1)	1018	11277
NP|PP755592.1|A/cattle/Texas/24-008749-003/2024(H5N1)	1019	11787
NP|PP755592.1|A/cattle/Texas/24-008749-003/2024(H5N1)	1020	11790
NP|PP755592.1|A/cattle/Texas/24-008749-003/2024(H5N1)	1021	11714
NP|PP755592.1|A/cattle/Texas/24-008749-003/2024(H5N1)	1022	11713
NP|PP755592.1|A/cattle/Texas/24-008749-003/2024(H5N1)	1023	11715
NP|PP755592.1|A/cattle/Texas/24-008749-003/2024(H5N1)	1024	11720
NP|PP755592.1|A/cattle/Texas/24-008749-003/2024(H5N1)	1025	11718
NP|PP755592.1|A/cattle/Texas/24-008749-003/2024(H5N1)	1026	11685
NP|PP755592.1|A/cattle/Texas/24-008749-003/2024(H5N1)	1027	11871
NP|PP755592.1|A/cattle/Texas/24-008749-003/2024(H5N1)	1028	11318
NP|PP755592.1|A/cattle/Texas/24-008749-003/2024(H5N1)	1029	11257
NP|PP755592.1|A/cattle/Texas/24-008749-003/2024(H5N1)	1030	11284
NP|PP755592.1|A/cattle/Texas/24-008749-003/2024(H5N1)	1031	11157
NP|PP755592.1|A/cattle/Texas/24-008749-003/2024(H5N1)	1032	11158
NP|PP755592.1|A/cattle/Texas/24-008749-003/2024(H5N1)	1033	11187
NP|PP755592.1|A/cattle/Texas/24-008749-003/2024(H5N1)	1034	11026
NP|PP755592.1|A/cattle/Texas/24-008749-003/2024(H5N1)	1035	11078
NP|PP755592.1|A/cattle/Texas/24-008749-003/2024(H5N1)	1036	10893
NP|PP755592.1|A/cattle/Texas/24-008749-003/2024(H5N1)	1037	11024
NP|PP755592.1|A/cattle/Texas/24-008749-003/2024(H5N1)	1038	10947
NP|PP755592.1|A/cattle/Texas/24-008749-003/2024(H5N1)	1039	10943
NP|PP755592.1|A/cattle/Texas/24-008749-003/2024(H5N1)	1040	10940
NP|PP755592.1|A/cattle/Texas/24-008749-003/2024(H5N1)	1041	10869
NP|PP755592.1|A/cattle/Texas/24-008749-003/2024(H5N1)	1042	10741
NP|PP755592.1|A/cattle/Texas/24-008749-003/2024(H5N1)	1043	10746
NP|PP755592.1|A/cattle/Texas/24-008749-003/2024(H5N1)	1044	10820
NP|PP755592.1|A/cattle/Texas/24-008749-003/2024(H5N1)	1045	10710
NP|PP755592.1|A/cattle/Texas/24-008749-003/2024(H5N1)	1046	10987
NP|PP755592.1|A/cattle/Texas/24-008749-003/2024(H5N1)	1047	11127
NP|PP755592.1|A/cattle/Texas/24-008749-003/2024(H5N1)	1048	11460
NP|PP755592.1|A/cattle/Texas/24-008749-003/2024(H5N1)	1049	11342
NP|PP755592.1|A/cattle/Texas/24-008749-003/2024(H5N1)	1050	11354
NP|PP755592.1|A/cattle/Texas/24-008749-003/2024(H5N1)	1051	11369
NP|PP755592.1|A/cattle/Texas/24-008749-003/2024(H5N1)	1052	12215
NP|PP755592.1|A/cattle/Texas/24-008749-003/2024(H5N1)	1053	12323
NP|PP755592.1|A/cattle/Texas/24-008749-003/2024(H5N1)	1054	12334
NP|PP755592.1|A/cattle/Texas/24-008749-003/2024(H5N1)	1055	12083
NP|PP755592.1|A/cattle/Texas/24-008749-003/2024(H5N1)	1056	11925
NP|PP755592.1|A/cattle/Texas/24-008749-003/2024(H5N1)	1057	11926
NP|PP755592.1|A/cattle/Texas/24-008749-003/2024(H5N1)	1058	12021
NP|PP755592.1|A/cattle/Texas/24-008749-003/2024(H5N1)	1059	11943
NP|PP755592.1|A/cattle/Texas/24-008749-003/2024(H5N1)	1060	12005
NP|PP755592.1|A/cattle/Texas/24-008749-003/2024(H5N1)	1061	11317
NP|PP755592.1|A/cattle/Texas/24-008749-003/2024(H5N1)	1062	11191
NP|PP755592.1|A/cattle/Texas/24-008749-003/2024(H5N1)	1063	11171
NP|PP755592.1|A/cattle/Texas/24-008749-003/2024(H5N1)	1064	11421
NP|PP755592.1|A/cattle/Texas/24-008749-003/2024(H5N1)	1065	11470
NP|PP755592.1|A/cattle/Texas/24-008749-003/2024(H5N1)	1066	11522
NP|PP755592.1|A/cattle/Texas/24-008749-003/2024(H5N1)	1067	11484
NP|PP755592.1|A/cattle/Texas/24-008749-003/2024(H5N1)	1068	11607
NP|PP755592.1|A/cattle/Texas/24-008749-003/2024(H5N1)	1069	11363
NP|PP755592.1|A/cattle/Texas/24-008749-003/2024(H5N1)	1070	11359
NP|PP755592.1|A/cattle/Texas/24-008749-003/2024(H5N1)	1071	11406
NP|PP755592.1|A/cattle/Texas/24-008749-003/2024(H5N1)	1072	11486
NP|PP755592.1|A/cattle/Texas/24-008749-003/2024(H5N1)	1073	11299
NP|PP755592.1|A/cattle/Texas/24-008749-003/2024(H5N1)	1074	11416
NP|PP755592.1|A/cattle/Texas/24-008749-003/2024(H5N1)	1075	11413
NP|PP755592.1|A/cattle/Texas/24-008749-003/2024(H5N1)	1076	11419
NP|PP755592.1|A/cattle/Texas/24-008749-003/2024(H5N1)	1077	11660
NP|PP755592.1|A/cattle/Texas/24-008749-003/2024(H5N1)	1078	11706
NP|PP755592.1|A/cattle/Texas/24-008749-003/2024(H5N1)	1079	11753
NP|PP755592.1|A/cattle/Texas/24-008749-003/2024(H5N1)	1080	11740
NP|PP755592.1|A/cattle/Texas/24-008749-003/2024(H5N1)	1081	11631
NP|PP755592.1|A/cattle/Texas/24-008749-003/2024(H5N1)	1082	11685
NP|PP755592.1|A/cattle/Texas/24-008749-003/2024(H5N1)	1083	11642
NP|PP755592.1|A/cattle/Texas/24-008749-003/2024(H5N1)	1084	11605
NP|PP755592.1|A/cattle/Texas/24-008749-003/2024(H5N1)	1085	11575
NP|PP755592.1|A/cattle/Texas/24-008749-003/2024(H5N1)	1086	11449
NP|PP755592.1|A/cattle/Texas/24-008749-003/2024(H5N1)	1087	11588
NP|PP755592.1|A/cattle/Texas/24-008749-003/2024(H5N1)	1088	11950
NP|PP755592.1|A/cattle/Texas/24-008749-003/2024(H5N1)	1089	11957
NP|PP755592.1|A/cattle/Texas/24-008749-003/2024(H5N1)	1090	11872
NP|PP755592.1|A/cattle/Texas/24-008749-003/2024(H5N1)	1091	11804
NP|PP755592.1|A/cattle/Texas/24-008749-003/2024(H5N1)	1092	11749
NP|PP755592.1|A/cattle/Texas/24-008749-003/2024(H5N1)	1093	12017
NP|PP755592.1|A/cattle/Texas/24-008749-003/2024(H5N1)	1094	11991
NP|PP755592.1|A/cattle/Texas/24-008749-003/2024(H5N1)	1095	11947
NP|PP755592.1|A/cattle/Texas/24-008749-003/2024(H5N1)	1096	11334
NP|PP755592.1|A/cattle/Texas/24-008749-003/2024(H5N1)	1097	11368
NP|PP755592.1|A/cattle/Texas/24-008749-003/2024(H5N1)	1098	11741
NP|PP755592.1|A/cattle/Texas/24-008749-003/2024(H5N1)	1099	11751
NP|PP755592.1|A/cattle/Texas/24-008749-003/2024(H5N1)	1100	11754
NP|PP755592.1|A/cattle/Texas/24-008749-003/2024(H5N1)	1101	11775
NP|PP755592.1|A/cattle/Texas/24-008749-003/2024(H5N1)	1102	11835
NP|PP755592.1|A/cattle/Texas/24-008749-003/2024(H5N1)	1103	11879
NP|PP755592.1|A/cattle/Texas/24-008749-003/2024(H5N1)	1104	11884
NP|PP755592.1|A/cattle/Texas/24-008749-003/2024(H5N1)	1105	11876
NP|PP755592.1|A/cattle/Texas/24-008749-003/2024(H5N1)	1106	11896
NP|PP755592.1|A/cattle/Texas/24-008749-003/2024(H5N1)	1107	11904
NP|PP755592.1|A/cattle/Texas/24-008749-003/2024(H5N1)	1108	11869
NP|PP755592.1|A/cattle/Texas/24-008749-003/2024(H5N1)	1109	11907
NP|PP755592.1|A/cattle/Texas/24-008749-003/2024(H5N1)	1110	12279
NP|PP755592.1|A/cattle/Texas/24-008749-003/2024(H5N1)	1111	12241
NP|PP755592.1|A/cattle/Texas/24-008749-003/2024(H5N1)	1112	12235
NP|PP755592.1|A/cattle/Texas/24-008749-003/2024(H5N1)	1113	12228
NP|PP755592.1|A/cattle/Texas/24-008749-003/2024(H5N1)	1114	12242
NP|PP755592.1|A/cattle/Texas/24-008749-003/2024(H5N1)	1115	12299
NP|PP755592.1|A/cattle/Texas/24-008749-003/2024(H5N1)	1116	12325
NP|PP755592.1|A/cattle/Texas/24-008749-003/2024(H5N1)	1117	12389
NP|PP755592.1|A/cattle/Texas/24-008749-003/2024(H5N1)	1118	12504
NP|PP755592.1|A/cattle/Texas/24-008749-003/2024(H5N1)	1119	12166
NP|PP755592.1|A/cattle/Texas/24-008749-003/2024(H5N1)	1120	12211
NP|PP755592.1|A/cattle/Texas/24-008749-003/2024(H5N1)	1121	12151
NP|PP755592.1|A/cattle/Texas/24-008749-003/2024(H5N1)	1122	12186
NP|PP755592.1|A/cattle/Texas/24-008749-003/2024(H5N1)	1123	12202
NP|PP755592.1|A/cattle/Texas/24-008749-003/2024(H5N1)	1124	12254
NP|PP755592.1|A/cattle/Texas/24-008749-003/2024(H5N1)	1125	12540
NP|PP755592.1|A/cattle/Texas/24-008749-003/2024(H5N1)	1126	12509
NP|PP755592.1|A/cattle/Texas/24-008749-003/2024(H5N1)	1127	12615
NP|PP755592.1|A/cattle/Texas/24-008749-003/2024(H5N1)	1128	12626
NP|PP755592.1|A/cattle/Texas/24-008749-003/2024(H5N1)	1129	12574
NP|PP755592.1|A/cattle/Texas/24-008749-003/2024(H5N1)	1130	12614
NP|PP755592.1|A/cattle/Texas/24-008749-003/2024(H5N1)	1131	12845
NP|PP755592.1|A/cattle/Texas/24-008749-003/2024(H5N1)	1132	12832
NP|PP755592.1|A/cattle/Texas/24-008749-003/2024(H5N1)	1133	12905
NP|PP755592.1|A/cattle/Texas/24-008749-003/2024(H5N1)	1134	12612
NP|PP755592.1|A/cattle/Texas/24-008749-003/2024(H5N1)	1135	12674
NP|PP755592.1|A/cattle/Texas/24-008749-003/2024(H5N1)	1136	12482
NP|PP755592.1|A/cattle/Texas/24-008749-003/2024(H5N1)	1137	12483
NP|PP755592.1|A/cattle/Texas/24-008749-003/2024(H5N1)	1138	12519
NP|PP755592.1|A/cattle/Texas/24-008749-003/2024(H5N1)	1139	12493
NP|PP755592.1|A/cattle/Texas/24-008749-003/2024(H5N1)	1140	12455
NP|PP755592.1|A/cattle/Texas/24-008749-003/2024(H5N1)	1141	12445
NP|PP755592.1|A/cattle/Texas/24-008749-003/2024(H5N1)	1142	11971
NP|PP755592.1|A/cattle/Texas/24-008749-003/2024(H5N1)	1143	12104
NP|PP755592.1|A/cattle/Texas/24-008749-003/2024(H5N1)	1144	12055
NP|PP755592.1|A/cattle/Texas/24-008749-003/2024(H5N1)	1145	11933
NP|PP755592.1|A/cattle/Texas/24-008749-003/2024(H5N1)	1146	12063
NP|PP755592.1|A/cattle/Texas/24-008749-003/2024(H5N1)	1147	11964
NP|PP755592.1|A/cattle/Texas/24-008749-003/2024(H5N1)	1148	12061
NP|PP755592.1|A/cattle/Texas/24-008749-003/2024(H5N1)	1149	12195
NP|PP755592.1|A/cattle/Texas/24-008749-003/2024(H5N1)	1150	12165
NP|PP755592.1|A/cattle/Texas/24-008749-003/2024(H5N1)	1151	12225
NP|PP755592.1|A/cattle/Texas/24-008749-003/2024(H5N1)	1152	12337
NP|PP755592.1|A/cattle/Texas/24-008749-003/2024(H5N1)	1153	12451
NP|PP755592.1|A/cattle/Texas/24-008749-003/2024(H5N1)	1154	12450
NP|PP755592.1|A/cattle/Texas/24-008749-003/2024(H5N1)	1155	12464
NP|PP755592.1|A/cattle/Texas/24-008749-003/2024(H5N1)	1156	12215
NP|PP755592.1|A/cattle/Texas/24-008749-003/2024(H5N1)	1157	12275
NP|PP755592.1|A/cattle/Texas/24-008749-003/2024(H5N1)	1158	12340
NP|PP755592.1|A/cattle/Texas/24-008749-003/2024(H5N1)	1159	12369
NP|PP755592.1|A/cattle/Texas/24-008749-003/2024(H5N1)	1160	12420
NP|PP755592.1|A/cattle/Texas/24-008749-003/2024(H5N1)	1161	12143
NP|PP755592.1|A/cattle/Texas/24-008749-003/2024(H5N1)	1162	12164
NP|PP755592.1|A/cattle/Texas/24-008749-003/2024(H5N1)	1163	12149
NP|PP755592.1|A/cattle/Texas/24-008749-003/2024(H5N1)	1164	12146
NP|PP755592.1|A/cattle/Texas/24-008749-003/2024(H5N1)	1165	12139
NP|PP755592.1|A/cattle/Texas/24-008749-003/2024(H5N1)	1166	12156
NP|PP755592.1|A/cattle/Texas/24-008749-003/2024(H5N1)	1167	12212
NP|PP755592.1|A/cattle/Texas/24-008749-003/2024(H5N1)	1168	12294
NP|PP755592.1|A/cattle/Texas/24-008749-003/2024(H5N1)	1169	11804
NP|PP755592.1|A/cattle/Texas/24-008749-003/2024(H5N1)	1170	11820
NP|PP755592.1|A/cattle/Texas/24-008749-003/2024(H5N1)	1171	11791
NP|PP755592.1|A/cattle/Texas/24-008749-003/2024(H5N1)	1172	11836
NP|PP755592.1|A/cattle/Texas/24-008749-003/2024(H5N1)	1173	11873
NP|PP755592.1|A/cattle/Texas/24-008749-003/2024(H5N1)	1174	11864
NP|PP755592.1|A/cattle/Texas/24-008749-003/2024(H5N1)	1175	11917
NP|PP755592.1|A/cattle/Texas/24-008749-003/2024(H5N1)	1176	11965
NP|PP755592.1|A/cattle/Texas/24-008749-003/2024(H5N1)	1177	12000
NP|PP755592.1|A/cattle/Texas/24-008749-003/2024(H5N1)	1178	12060
NP|PP755592.1|A/cattle/Texas/24-008749-003/2024(H5N1)	1179	12080
NP|PP755592.1|A/cattle/Texas/24-008749-003/2024(H5N1)	1180	12073
NP|PP755592.1|A/cattle/Texas/24-008749-003/2024(H5N1)	1181	12090
NP|PP755592.1|A/cattle/Texas/24-008749-003/2024(H5N1)	1182	12105
NP|PP755592.1|A/cattle/Texas/24-008749-003/2024(H5N1)	1183	12107
NP|PP755592.1|A/cattle/Texas/24-008749-003/2024(H5N1)	1184	12086
NP|PP755592.1|A/cattle/Texas/24-008749-003/2024(H5N1)	1185	12105
NP|PP755592.1|A/cattle/Texas/24-008749-003/2024(H5N1)	1186	12084
NP|PP755592.1|A/cattle/Texas/24-008749-003/2024(H5N1)	1187	12196
NP|PP755592.1|A/cattle/Texas/24-008749-003/2024(H5N1)	1188	12124
NP|PP755592.1|A/cattle/Texas/24-008749-003/2024(H5N1)	1189	12866
NP|PP755592.1|A/cattle/Texas/24-008749-003/2024(H5N1)	1190	12933
NP|PP755592.1|A/cattle/Texas/24-008749-003/2024(H5N1)	1191	13078
NP|PP755592.1|A/cattle/Texas/24-008749-003/2024(H5N1)	1192	13086
NP|PP755592.1|A/cattle/Texas/24-008749-003/2024(H5N1)	1193	12970
NP|PP755592.1|A/cattle/Texas/24-008749-003/2024(H5N1)	1194	13047
NP|PP755592.1|A/cattle/Texas/24-008749-003/2024(H5N1)	1195	13039
NP|PP755592.1|A/cattle/Texas/24-008749-003/2024(H5N1)	1196	12965
NP|PP755592.1|A/cattle/Texas/24-008749-003/2024(H5N1)	1197	12781
NP|PP755592.1|A/cattle/Texas/24-008749-003/2024(H5N1)	1198	12322
NP|PP755592.1|A/cattle/Texas/24-008749-003/2024(H5N1)	1199	12441
NP|PP755592.1|A/cattle/Texas/24-008749-003/2024(H5N1)	1200	12315
NP|PP755592.1|A/cattle/Texas/24-008749-003/2024(H5N1)	1201	12315
NP|PP755592.1|A/cattle/Texas/24-008749-003/2024(H5N1)	1202	11673
NP|PP755592.1|A/cattle/Texas/24-008749-003/2024(H5N1)	1203	11637
NP|PP755592.1|A/cattle/Texas/24-008749-003/2024(H5N1)	1204	11581
NP|PP755592.1|A/cattle/Texas/24-008749-003/2024(H5N1)	1205	11641
NP|PP755592.1|A/cattle/Texas/24-008749-003/2024(H5N1)	1206	11611
NP|PP755592.1|A/cattle/Texas/24-008749-003/2024(H5N1)	1207	11613
NP|PP755592.1|A/cattle/Texas/24-008749-003/2024(H5N1)	1208	11562
NP|PP755592.1|A/cattle/Texas/24-008749-003/2024(H5N1)	1209	11456
NP|PP755592.1|A/cattle/Texas/24-008749-003/2024(H5N1)	1210	11609
NP|PP755592.1|A/cattle/Texas/24-008749-003/2024(H5N1)	1211	11623
NP|PP755592.1|A/cattle/Texas/24-008749-003/2024(H5N1)	1212	11608
NP|PP755592.1|A/cattle/Texas/24-008749-003/2024(H5N1)	1213	11771
NP|PP755592.1|A/cattle/Texas/24-008749-003/2024(H5N1)	1214	11738
NP|PP755592.1|A/cattle/Texas/24-008749-003/2024(H5N1)	1215	11736
NP|PP755592.1|A/cattle/Texas/24-008749-003/2024(H5N1)	1216	11796
NP|PP755592.1|A/cattle/Texas/24-008749-003/2024(H5N1)	1217	11893
NP|PP755592.1|A/cattle/Texas/24-008749-003/2024(H5N1)	1218	11887
NP|PP755592.1|A/cattle/Texas/24-008749-003/2024(H5N1)	1219	11707
NP|PP755592.1|A/cattle/Texas/24-008749-003/2024(H5N1)	1220	11821
NP|PP755592.1|A/cattle/Texas/24-008749-003/2024(H5N1)	1221	11890
NP|PP755592.1|A/cattle/Texas/24-008749-003/2024(H5N1)	1222	12008
NP|PP755592.1|A/cattle/Texas/24-008749-003/2024(H5N1)	1223	11908
NP|PP755592.1|A/cattle/Texas/24-008749-003/2024(H5N1)	1224	11811
NP|PP755592.1|A/cattle/Texas/24-008749-003/2024(H5N1)	1225	11750
NP|PP755592.1|A/cattle/Texas/24-008749-003/2024(H5N1)	1226	11611
NP|PP755592.1|A/cattle/Texas/24-008749-003/2024(H5N1)	1227	11999
NP|PP755592.1|A/cattle/Texas/24-008749-003/2024(H5N1)	1228	12054
NP|PP755592.1|A/cattle/Texas/24-008749-003/2024(H5N1)	1229	11900
NP|PP755592.1|A/cattle/Texas/24-008749-003/2024(H5N1)	1230	12276
NP|PP755592.1|A/cattle/Texas/24-008749-003/2024(H5N1)	1231	12204
NP|PP755592.1|A/cattle/Texas/24-008749-003/2024(H5N1)	1232	12225
NP|PP755592.1|A/cattle/Texas/24-008749-003/2024(H5N1)	1233	12216
NP|PP755592.1|A/cattle/Texas/24-008749-003/2024(H5N1)	1234	12203
NP|PP755592.1|A/cattle/Texas/24-008749-003/2024(H5N1)	1235	12497
NP|PP755592.1|A/cattle/Texas/24-008749-003/2024(H5N1)	1236	12218
NP|PP755592.1|A/cattle/Texas/24-008749-003/2024(H5N1)	1237	12133
NP|PP755592.1|A/cattle/Texas/24-008749-003/2024(H5N1)	1238	12139
NP|PP755592.1|A/cattle/Texas/24-008749-003/2024(H5N1)	1239	11992
NP|PP755592.1|A/cattle/Texas/24-008749-003/2024(H5N1)	1240	12531
NP|PP755592.1|A/cattle/Texas/24-008749-003/2024(H5N1)	1241	12463
NP|PP755592.1|A/cattle/Texas/24-008749-003/2024(H5N1)	1242	12502
NP|PP755592.1|A/cattle/Texas/24-008749-003/2024(H5N1)	1243	12522
NP|PP755592.1|A/cattle/Texas/24-008749-003/2024(H5N1)	1244	12256
NP|PP755592.1|A/cattle/Texas/24-008749-003/2024(H5N1)	1245	12339
NP|PP755592.1|A/cattle/Texas/24-008749-003/2024(H5N1)	1246	12698
NP|PP755592.1|A/cattle/Texas/24-008749-003/2024(H5N1)	1247	12747
NP|PP755592.1|A/cattle/Texas/24-008749-003/2024(H5N1)	1248	12838
NP|PP755592.1|A/cattle/Texas/24-008749-003/2024(H5N1)	1249	12398
NP|PP755592.1|A/cattle/Texas/24-008749-003/2024(H5N1)	1250	12395
NP|PP755592.1|A/cattle/Texas/24-008749-003/2024(H5N1)	1251	12422
NP|PP755592.1|A/cattle/Texas/24-008749-003/2024(H5N1)	1252	12352
NP|PP755592.1|A/cattle/Texas/24-008749-003/2024(H5N1)	1253	12362
NP|PP755592.1|A/cattle/Texas/24-008749-003/2024(H5N1)	1254	12332
NP|PP755592.1|A/cattle/Texas/24-008749-003/2024(H5N1)	1255	12342
NP|PP755592.1|A/cattle/Texas/24-008749-003/2024(H5N1)	1256	12320
NP|PP755592.1|A/cattle/Texas/24-008749-003/2024(H5N1)	1257	12382
NP|PP755592.1|A/cattle/Texas/24-008749-003/2024(H5N1)	1258	12395
NP|PP755592.1|A/cattle/Texas/24-008749-003/2024(H5N1)	1259	12384
NP|PP755592.1|A/cattle/Texas/24-008749-003/2024(H5N1)	1260	12086
NP|PP755592.1|A/cattle/Texas/24-008749-003/2024(H5N1)	1261	12078
NP|PP755592.1|A/cattle/Texas/24-008749-003/2024(H5N1)	1262	12132
NP|PP755592.1|A/cattle/Texas/24-008749-003/2024(H5N1)	1263	12127
NP|PP755592.1|A/cattle/Texas/24-008749-003/2024(H5N1)	1264	12115
NP|PP755592.1|A/cattle/Texas/24-008749-003/2024(H5N1)	1265	12276
NP|PP755592.1|A/cattle/Texas/24-008749-003/2024(H5N1)	1266	12180
NP|PP755592.1|A/cattle/Texas/24-008749-003/2024(H5N1)	1267	12181
NP|PP755592.1|A/cattle/Texas/24-008749-003/2024(H5N1)	1268	12085
NP|PP755592.1|A/cattle/Texas/24-008749-003/2024(H5N1)	1269	12099
NP|PP755592.1|A/cattle/Texas/24-008749-003/2024(H5N1)	1270	12226
NP|PP755592.1|A/cattle/Texas/24-008749-003/2024(H5N1)	1271	12198
NP|PP755592.1|A/cattle/Texas/24-008749-003/2024(H5N1)	1272	12393
NP|PP755592.1|A/cattle/Texas/24-008749-003/2024(H5N1)	1273	12390
NP|PP755592.1|A/cattle/Texas/24-008749-003/2024(H5N1)	1274	12362
NP|PP755592.1|A/cattle/Texas/24-008749-003/2024(H5N1)	1275	12133
NP|PP755592.1|A/cattle/Texas/24-008749-003/2024(H5N1)	1276	12166
NP|PP755592.1|A/cattle/Texas/24-008749-003/2024(H5N1)	1277	12198
NP|PP755592.1|A/cattle/Texas/24-008749-003/2024(H5N1)	1278	12022
NP|PP755592.1|A/cattle/Texas/24-008749-003/2024(H5N1)	1279	11939
NP|PP755592.1|A/cattle/Texas/24-008749-003/2024(H5N1)	1280	11890
NP|PP755592.1|A/cattle/Texas/24-008749-003/2024(H5N1)	1281	11625
NP|PP755592.1|A/cattle/Texas/24-008749-003/2024(H5N1)	1282	11653
NP|PP755592.1|A/cattle/Texas/24-008749-003/2024(H5N1)	1283	11324
NP|PP755592.1|A/cattle/Texas/24-008749-003/2024(H5N1)	1284	11413
NP|PP755592.1|A/cattle/Texas/24-008749-003/2024(H5N1)	1285	11438
NP|PP755592.1|A/cattle/Texas/24-008749-003/2024(H5N1)	1286	11350
NP|PP755592.1|A/cattle/Texas/24-008749-003/2024(H5N1)	1287	11353
NP|PP755592.1|A/cattle/Texas/24-008749-003/2024(H5N1)	1288	11358
NP|PP755592.1|A/cattle/Texas/24-008749-003/2024(H5N1)	1289	11355
NP|PP755592.1|A/cattle/Texas/24-008749-003/2024(H5N1)	1290	11367
NP|PP755592.1|A/cattle/Texas/24-008749-003/2024(H5N1)	1291	11370
NP|PP755592.1|A/cattle/Texas/24-008749-003/2024(H5N1)	1292	11956
NP|PP755592.1|A/cattle/Texas/24-008749-003/2024(H5N1)	1293	11934
NP|PP755592.1|A/cattle/Texas/24-008749-003/2024(H5N1)	1294	11824
NP|PP755592.1|A/cattle/Texas/24-008749-003/2024(H5N1)	1295	11917
NP|PP755592.1|A/cattle/Texas/24-008749-003/2024(H5N1)	1296	12027
NP|PP755592.1|A/cattle/Texas/24-008749-003/2024(H5N1)	1297	12058
NP|PP755592.1|A/cattle/Texas/24-008749-003/2024(H5N1)	1298	11919
NP|PP755592.1|A/cattle/Texas/24-008749-003/2024(H5N1)	1299	11708
NP|PP755592.1|A/cattle/Texas/24-008749-003/2024(H5N1)	1300	11715
NP|PP755592.1|A/cattle/Texas/24-008749-003/2024(H5N1)	1301	11882
NP|PP755592.1|A/cattle/Texas/24-008749-003/2024(H5N1)	1302	11879
NP|PP755592.1|A/cattle/Texas/24-008749-003/2024(H5N1)	1303	11647
NP|PP755592.1|A/cattle/Texas/24-008749-003/2024(H5N1)	1304	11598
NP|PP755592.1|A/cattle/Texas/24-008749-003/2024(H5N1)	1305	11594
NP|PP755592.1|A/cattle/Texas/24-008749-003/2024(H5N1)	1306	11457
NP|PP755592.1|A/cattle/Texas/24-008749-003/2024(H5N1)	1307	11485
NP|PP755592.1|A/cattle/Texas/24-008749-003/2024(H5N1)	1308	11538
NP|PP755592.1|A/cattle/Texas/24-008749-003/2024(H5N1)	1309	11515
NP|PP755592.1|A/cattle/Texas/24-008749-003/2024(H5N1)	1310	11606
NP|PP755592.1|A/cattle/Texas/24-008749-003/2024(H5N1)	1311	11477
NP|PP755592.1|A/cattle/Texas/24-008749-003/2024(H5N1)	1312	11545
NP|PP755592.1|A/cattle/Texas/24-008749-003/2024(H5N1)	1313	11520
NP|PP755592.1|A/cattle/Texas/24-008749-003/2024(H5N1)	1314	11520
NP|PP755592.1|A/cattle/Texas/24-008749-003/2024(H5N1)	1315	11537
NP|PP755592.1|A/cattle/Texas/24-008749-003/2024(H5N1)	1316	11592
NP|PP755592.1|A/cattle/Texas/24-008749-003/2024(H5N1)	1317	11592
NP|PP755592.1|A/cattle/Texas/24-008749-003/2024(H5N1)	1318	11519
NP|PP755592.1|A/cattle/Texas/24-008749-003/2024(H5N1)	1319	11394
NP|PP755592.1|A/cattle/Texas/24-008749-003/2024(H5N1)	1320	11387
NP|PP755592.1|A/cattle/Texas/24-008749-003/2024(H5N1)	1321	11362
NP|PP755592.1|A/cattle/Texas/24-008749-003/2024(H5N1)	1322	11416
NP|PP755592.1|A/cattle/Texas/24-008749-003/2024(H5N1)	1323	11441
NP|PP755592.1|A/cattle/Texas/24-008749-003/2024(H5N1)	1324	11404
NP|PP755592.1|A/cattle/Texas/24-008749-003/2024(H5N1)	1325	11331
NP|PP755592.1|A/cattle/Texas/24-008749-003/2024(H5N1)	1326	11192
NP|PP755592.1|A/cattle/Texas/24-008749-003/2024(H5N1)	1327	11211
NP|PP755592.1|A/cattle/Texas/24-008749-003/2024(H5N1)	1328	11083
NP|PP755592.1|A/cattle/Texas/24-008749-003/2024(H5N1)	1329	11071
NP|PP755592.1|A/cattle/Texas/24-008749-003/2024(H5N1)	1330	11280
NP|PP755592.1|A/cattle/Texas/24-008749-003/2024(H5N1)	1331	11415
NP|PP755592.1|A/cattle/Texas/24-008749-003/2024(H5N1)	1332	11461
NP|PP755592.1|A/cattle/Texas/24-008749-003/2024(H5N1)	1333	12527
NP|PP755592.1|A/cattle/Texas/24-008749-003/2024(H5N1)	1334	12527
NP|PP755592.1|A/cattle/Texas/24-008749-003/2024(H5N1)	1335	12590
NP|PP755592.1|A/cattle/Texas/24-008749-003/2024(H5N1)	1336	12512
NP|PP755592.1|A/cattle/Texas/24-008749-003/2024(H5N1)	1337	12559
NP|PP755592.1|A/cattle/Texas/24-008749-003/2024(H5N1)	1338	12370
NP|PP755592.1|A/cattle/Texas/24-008749-003/2024(H5N1)	1339	12391
NP|PP755592.1|A/cattle/Texas/24-008749-003/2024(H5N1)	1340	11733
NP|PP755592.1|A/cattle/Texas/24-008749-003/2024(H5N1)	1341	11663
NP|PP755592.1|A/cattle/Texas/24-008749-003/2024(H5N1)	1342	12254
NP|PP755592.1|A/cattle/Texas/24-008749-003/2024(H5N1)	1343	12547
NP|PP755592.1|A/cattle/Texas/24-008749-003/2024(H5N1)	1344	12548
NP|PP755592.1|A/cattle/Texas/24-008749-003/2024(H5N1)	1345	12480
NP|PP755592.1|A/cattle/Texas/24-008749-003/2024(H5N1)	1346	12369
NP|PP755592.1|A/cattle/Texas/24-008749-003/2024(H5N1)	1347	12354
NP|PP755592.1|A/cattle/Texas/24-008749-003/2024(H5N1)	1348	12316
NP|PP755592.1|A/cattle/Texas/24-008749-003/2024(H5N1)	1349	12367
NP|PP755592.1|A/cattle/Texas/24-008749-003/2024(H5N1)	1350	12330
NP|PP755592.1|A/cattle/Texas/24-008749-003/2024(H5N1)	1351	12310
NP|PP755592.1|A/cattle/Texas/24-008749-003/2024(H5N1)	1352	12230
NP|PP755592.1|A/cattle/Texas/24-008749-003/2024(H5N1)	1353	12220
NP|PP755592.1|A/cattle/Texas/24-008749-003/2024(H5N1)	1354	12152
NP|PP755592.1|A/cattle/Texas/24-008749-003/2024(H5N1)	1355	12214
NP|PP755592.1|A/cattle/Texas/24-008749-003/2024(H5N1)	1356	12139
NP|PP755592.1|A/cattle/Texas/24-008749-003/2024(H5N1)	1357	12248
NP|PP755592.1|A/cattle/Texas/24-008749-003/2024(H5N1)	1358	12099
NP|PP755592.1|A/cattle/Texas/24-008749-003/2024(H5N1)	1359	12009
NP|PP755592.1|A/cattle/Texas/24-008749-003/2024(H5N1)	1360	12037
NP|PP755592.1|A/cattle/Texas/24-008749-003/2024(H5N1)	1361	12044
NP|PP755592.1|A/cattle/Texas/24-008749-003/2024(H5N1)	1362	12067
NP|PP755592.1|A/cattle/Texas/24-008749-003/2024(H5N1)	1363	12053
NP|PP755592.1|A/cattle/Texas/24-008749-003/2024(H5N1)	1364	11878
NP|PP755592.1|A/cattle/Texas/24-008749-003/2024(H5N1)	1365	11964
NP|PP755592.1|A/cattle/Texas/24-008749-003/2024(H5N1)	1366	11773
NP|PP755592.1|A/cattle/Texas/24-008749-003/2024(H5N1)	1367	11735
NP|PP755592.1|A/cattle/Texas/24-008749-003/2024(H5N1)	1368	11619
NP|PP755592.1|A/cattle/Texas/24-008749-003/2024(H5N1)	1369	13118
NP|PP755592.1|A/cattle/Texas/24-008749-003/2024(H5N1)	1370	13013
NP|PP755592.1|A/cattle/Texas/24-008749-003/2024(H5N1)	1371	13120
NP|PP755592.1|A/cattle/Texas/24-008749-003/2024(H5N1)	1372	13231
NP|PP755592.1|A/cattle/Texas/24-008749-003/2024(H5N1)	1373	13154
NP|PP755592.1|A/cattle/Texas/24-008749-003/2024(H5N1)	1374	13257
NP|PP755592.1|A/cattle/Texas/24-008749-003/2024(H5N1)	1375	13212
NP|PP755592.1|A/cattle/Texas/24-008749-003/2024(H5N1)	1376	13138
NP|PP755592.1|A/cattle/Texas/24-008749-003/2024(H5N1)	1377	13125
NP|PP755592.1|A/cattle/Texas/24-008749-003/2024(H5N1)	1378	12771
NP|PP755592.1|A/cattle/Texas/24-008749-003/2024(H5N1)	1379	12774
NP|PP755592.1|A/cattle/Texas/24-008749-003/2024(H5N1)	1380	12738
NP|PP755592.1|A/cattle/Texas/24-008749-003/2024(H5N1)	1381	12267
NP|PP755592.1|A/cattle/Texas/24-008749-003/2024(H5N1)	1382	12262
NP|PP755592.1|A/cattle/Texas/24-008749-003/2024(H5N1)	1383	12212
NP|PP755592.1|A/cattle/Texas/24-008749-003/2024(H5N1)	1384	12210
NP|PP755592.1|A/cattle/Texas/24-008749-003/2024(H5N1)	1385	12205
NP|PP755592.1|A/cattle/Texas/24-008749-003/2024(H5N1)	1386	11909
NP|PP755592.1|A/cattle/Texas/24-008749-003/2024(H5N1)	1387	12016
NP|PP755592.1|A/cattle/Texas/24-008749-003/2024(H5N1)	1388	11678
NP|PP755592.1|A/cattle/Texas/24-008749-003/2024(H5N1)	1389	11278
NP|PP755592.1|A/cattle/Texas/24-008749-003/2024(H5N1)	1390	11268
NP|PP755592.1|A/cattle/Texas/24-008749-003/2024(H5N1)	1391	11266
NP|PP755592.1|A/cattle/Texas/24-008749-003/2024(H5N1)	1392	11230
NP|PP755592.1|A/cattle/Texas/24-008749-003/2024(H5N1)	1393	11228
NP|PP755592.1|A/cattle/Texas/24-008749-003/2024(H5N1)	1394	11189
NP|PP755592.1|A/cattle/Texas/24-008749-003/2024(H5N1)	1395	11187
NP|PP755592.1|A/cattle/Texas/24-008749-003/2024(H5N1)	1396	10657
NP|PP755592.1|A/cattle/Texas/24-008749-003/2024(H5N1)	1397	10587
NP|PP755592.1|A/cattle/Texas/24-008749-003/2024(H5N1)	1398	10538
NP|PP755592.1|A/cattle/Texas/24-008749-003/2024(H5N1)	1399	10531
NP|PP755592.1|A/cattle/Texas/24-008749-003/2024(H5N1)	1400	10533
NP|PP755592.1|A/cattle/Texas/24-008749-003/2024(H5N1)	1401	10533
NP|PP755592.1|A/cattle/Texas/24-008749-003/2024(H5N1)	1402	10506
NP|PP755592.1|A/cattle/Texas/24-008749-003/2024(H5N1)	1403	10503
NP|PP755592.1|A/cattle/Texas/24-008749-003/2024(H5N1)	1404	10479
NP|PP755592.1|A/cattle/Texas/24-008749-003/2024(H5N1)	1405	10463
NP|PP755592.1|A/cattle/Texas/24-008749-003/2024(H5N1)	1406	10441
NP|PP755592.1|A/cattle/Texas/24-008749-003/2024(H5N1)	1407	10408
NP|PP755592.1|A/cattle/Texas/24-008749-003/2024(H5N1)	1408	10357
NP|PP755592.1|A/cattle/Texas/24-008749-003/2024(H5N1)	1409	10333
NP|PP755592.1|A/cattle/Texas/24-008749-003/2024(H5N1)	1410	10342
NP|PP755592.1|A/cattle/Texas/24-008749-003/2024(H5N1)	1411	10293
NP|PP755592.1|A/cattle/Texas/24-008749-003/2024(H5N1)	1412	10280
NP|PP755592.1|A/cattle/Texas/24-008749-003/2024(H5N1)	1413	10240
NP|PP755592.1|A/cattle/Texas/24-008749-003/2024(H5N1)	1414	10240
NP|PP755592.1|A/cattle/Texas/24-008749-003/2024(H5N1)	1415	10105
NP|PP755592.1|A/cattle/Texas/24-008749-003/2024(H5N1)	1416	10119
NP|PP755592.1|A/cattle/Texas/24-008749-003/2024(H5N1)	1417	10111
NP|PP755592.1|A/cattle/Texas/24-008749-003/2024(H5N1)	1418	10096
NP|PP755592.1|A/cattle/Texas/24-008749-003/2024(H5N1)	1419	10074
NP|PP755592.1|A/cattle/Texas/24-008749-003/2024(H5N1)	1420	9989
NP|PP755592.1|A/cattle/Texas/24-008749-003/2024(H5N1)	1421	9920
NP|PP755592.1|A/cattle/Texas/24-008749-003/2024(H5N1)	1422	9925
NP|PP755592.1|A/cattle/Texas/24-008749-003/2024(H5N1)	1423	9726
NP|PP755592.1|A/cattle/Texas/24-008749-003/2024(H5N1)	1424	9715
NP|PP755592.1|A/cattle/Texas/24-008749-003/2024(H5N1)	1425	9616
NP|PP755592.1|A/cattle/Texas/24-008749-003/2024(H5N1)	1426	9605
NP|PP755592.1|A/cattle/Texas/24-008749-003/2024(H5N1)	1427	9527
NP|PP755592.1|A/cattle/Texas/24-008749-003/2024(H5N1)	1428	9500
NP|PP755592.1|A/cattle/Texas/24-008749-003/2024(H5N1)	1429	9496
NP|PP755592.1|A/cattle/Texas/24-008749-003/2024(H5N1)	1430	9467
NP|PP755592.1|A/cattle/Texas/24-008749-003/2024(H5N1)	1431	9385
NP|PP755592.1|A/cattle/Texas/24-008749-003/2024(H5N1)	1432	9328
NP|PP755592.1|A/cattle/Texas/24-008749-003/2024(H5N1)	1433	9349
NP|PP755592.1|A/cattle/Texas/24-008749-003/2024(H5N1)	1434	9316
NP|PP755592.1|A/cattle/Texas/24-008749-003/2024(H5N1)	1435	9236
NP|PP755592.1|A/cattle/Texas/24-008749-003/2024(H5N1)	1436	9211
NP|PP755592.1|A/cattle/Texas/24-008749-003/2024(H5N1)	1437	9179
NP|PP755592.1|A/cattle/Texas/24-008749-003/2024(H5N1)	1438	9190
NP|PP755592.1|A/cattle/Texas/24-008749-003/2024(H5N1)	1439	9176
NP|PP755592.1|A/cattle/Texas/24-008749-003/2024(H5N1)	1440	9135
NP|PP755592.1|A/cattle/Texas/24-008749-003/2024(H5N1)	1441	9108
NP|PP755592.1|A/cattle/Texas/24-008749-003/2024(H5N1)	1442	8350
NP|PP755592.1|A/cattle/Texas/24-008749-003/2024(H5N1)	1443	8354
NP|PP755592.1|A/cattle/Texas/24-008749-003/2024(H5N1)	1444	8332
NP|PP755592.1|A/cattle/Texas/24-008749-003/2024(H5N1)	1445	8330
NP|PP755592.1|A/cattle/Texas/24-008749-003/2024(H5N1)	1446	8226
NP|PP755592.1|A/cattle/Texas/24-008749-003/2024(H5N1)	1447	7993
NP|PP755592.1|A/cattle/Texas/24-008749-003/2024(H5N1)	1448	7967
NP|PP755592.1|A/cattle/Texas/24-008749-003/2024(H5N1)	1449	7914
NP|PP755592.1|A/cattle/Texas/24-008749-003/2024(H5N1)	1450	7914
NP|PP755592.1|A/cattle/Texas/24-008749-003/2024(H5N1)	1451	7908
NP|PP755592.1|A/cattle/Texas/24-008749-003/2024(H5N1)	1452	7707
NP|PP755592.1|A/cattle/Texas/24-008749-003/2024(H5N1)	1453	7637
NP|PP755592.1|A/cattle/Texas/24-008749-003/2024(H5N1)	1454	7547
NP|PP755592.1|A/cattle/Texas/24-008749-003/2024(H5N1)	1455	7487
NP|PP755592.1|A/cattle/Texas/24-008749-003/2024(H5N1)	1456	7495
NP|PP755592.1|A/cattle/Texas/24-008749-003/2024(H5N1)	1457	7400
NP|PP755592.1|A/cattle/Texas/24-008749-003/2024(H5N1)	1458	7354
NP|PP755592.1|A/cattle/Texas/24-008749-003/2024(H5N1)	1459	7330
NP|PP755592.1|A/cattle/Texas/24-008749-003/2024(H5N1)	1460	7290
NP|PP755592.1|A/cattle/Texas/24-008749-003/2024(H5N1)	1461	7197
NP|PP755592.1|A/cattle/Texas/24-008749-003/2024(H5N1)	1462	7154
NP|PP755592.1|A/cattle/Texas/24-008749-003/2024(H5N1)	1463	7087
NP|PP755592.1|A/cattle/Texas/24-008749-003/2024(H5N1)	1464	7033
NP|PP755592.1|A/cattle/Texas/24-008749-003/2024(H5N1)	1465	6929
NP|PP755592.1|A/cattle/Texas/24-008749-003/2024(H5N1)	1466	6929
NP|PP755592.1|A/cattle/Texas/24-008749-003/2024(H5N1)	1467	6877
NP|PP755592.1|A/cattle/Texas/24-008749-003/2024(H5N1)	1468	6857
NP|PP755592.1|A/cattle/Texas/24-008749-003/2024(H5N1)	1469	6857
NP|PP755592.1|A/cattle/Texas/24-008749-003/2024(H5N1)	1470	6787
NP|PP755592.1|A/cattle/Texas/24-008749-003/2024(H5N1)	1471	6783
NP|PP755592.1|A/cattle/Texas/24-008749-003/2024(H5N1)	1472	6768
NP|PP755592.1|A/cattle/Texas/24-008749-003/2024(H5N1)	1473	6710
NP|PP755592.1|A/cattle/Texas/24-008749-003/2024(H5N1)	1474	6620
NP|PP755592.1|A/cattle/Texas/24-008749-003/2024(H5N1)	1475	6624
NP|PP755592.1|A/cattle/Texas/24-008749-003/2024(H5N1)	1476	6623
NP|PP755592.1|A/cattle/Texas/24-008749-003/2024(H5N1)	1477	6618
NP|PP755592.1|A/cattle/Texas/24-008749-003/2024(H5N1)	1478	6597
NP|PP755592.1|A/cattle/Texas/24-008749-003/2024(H5N1)	1479	6414
NP|PP755592.1|A/cattle/Texas/24-008749-003/2024(H5N1)	1480	6350
NP|PP755592.1|A/cattle/Texas/24-008749-003/2024(H5N1)	1481	6273
NP|PP755592.1|A/cattle/Texas/24-008749-003/2024(H5N1)	1482	6077
NP|PP755592.1|A/cattle/Texas/24-008749-003/2024(H5N1)	1483	6030
NP|PP755592.1|A/cattle/Texas/24-008749-003/2024(H5N1)	1484	4775
NP|PP755592.1|A/cattle/Texas/24-008749-003/2024(H5N1)	1485	4773
NP|PP755592.1|A/cattle/Texas/24-008749-003/2024(H5N1)	1486	4555
NP|PP755592.1|A/cattle/Texas/24-008749-003/2024(H5N1)	1487	4548
NP|PP755592.1|A/cattle/Texas/24-008749-003/2024(H5N1)	1488	4520
NP|PP755592.1|A/cattle/Texas/24-008749-003/2024(H5N1)	1489	4394
NP|PP755592.1|A/cattle/Texas/24-008749-003/2024(H5N1)	1490	4391
NP|PP755592.1|A/cattle/Texas/24-008749-003/2024(H5N1)	1491	4280
NP|PP755592.1|A/cattle/Texas/24-008749-003/2024(H5N1)	1492	3437
NP|PP755592.1|A/cattle/Texas/24-008749-003/2024(H5N1)	1493	3431
NP|PP755592.1|A/cattle/Texas/24-008749-003/2024(H5N1)	1494	3081
NP|PP755592.1|A/cattle/Texas/24-008749-003/2024(H5N1)	1495	3056
NP|PP755592.1|A/cattle/Texas/24-008749-003/2024(H5N1)	1496	3041
NP|PP755592.1|A/cattle/Texas/24-008749-003/2024(H5N1)	1497	3036
